function windprofile = ex_wind_profilesh1
%EX_WIND_PROFILE_D  Example wind_load_nyiso profile data for deterministic unit commitment.
% 2022.03.12
% Andres F. Ramirez


%% define constants
[GEN_BUS, PG, QG, QMAX, QMIN, VG, MBASE, GEN_STATUS, PMAX, PMIN, ...
    MU_PMAX, MU_PMIN, MU_QMAX, MU_QMIN, PC1, PC2, QC1MIN, QC1MAX, ...
    QC2MIN, QC2MAX, RAMP_AGC, RAMP_10, RAMP_30, RAMP_Q, APF] = idx_gen;
[CT_LABEL, CT_PROB, CT_TABLE, CT_TBUS, CT_TGEN, CT_TBRCH, CT_TAREABUS, ...
    CT_TAREAGEN, CT_TAREABRCH, CT_ROW, CT_COL, CT_CHGTYPE, CT_REP, ...
    CT_REL, CT_ADD, CT_NEWVAL, CT_TLOAD, CT_TAREALOAD, CT_LOAD_ALL_PQ, ...
    CT_LOAD_FIX_PQ, CT_LOAD_DIS_PQ, CT_LOAD_ALL_P, CT_LOAD_FIX_P, ...
    CT_LOAD_DIS_P, CT_TGENCOST, CT_TAREAGENCOST, CT_MODCOST_F, ...
    CT_MODCOST_X] = idx_ct;

windprofile = struct( ...
    'type', 'mpcData', ...
    'table', CT_TGEN, ...
    'rows', [1:45], ...
    'col', PMAX, ...
    'chgtype', 1, ...
    'values', [] );
windprofile.values(:,1,:) = [
	3.8255 51.6913 91.7207 109.5233 15.2862 32.4048 27.9665 10.3138 27.4954 27.8933 51.5603 76.9179 115.7994 65.497 189.8725 71.5333 88.7543 94.0531 84.7905 67.1595 9.3222 75.6111 72.1012 85.5043 92.2537 55.6611 8.0361 1256.7198 765.8328 765.8328 753.775 116.4049 282.6351 172.8687 205.342 326.7553 1148.058 293.2149 438.7512 247.1083 112.516 359.4769 189.933 251.0812 1160.0169;
	3.8301 51.7532 86.9022 103.392 15.1019 30.9594 27.2748 8.3065 27.0208 25.2996 46.7659 69.7655 105.0316 64.2892 189.5047 71.3948 88.5824 93.8709 88.1954 65.0516 9.0916 72.2385 70.7537 82.836 90.4967 52.514 5.6819 1274.1976 777.4487 777.4487 762.1716 114.3375 293.9847 167.4431 201.5552 331.7115 1192.3828 278.1415 424.4025 242.402 110.5321 343.4427 196.5876 249.7809 1204.8035;
	3.8335 51.7997 88.7535 95.0697 15.017 31.9465 25.2278 8.7281 26.715 27.3526 50.5608 75.4267 113.5545 67.7583 187.1701 70.5153 87.4912 92.7145 85.7995 67.388 8.4093 74.5418 71.9299 86.2775 80.9615 55.4831 7.6978 1267.8271 812.0295 812.0295 784.8278 111.8173 285.9985 173.4568 212.4315 346.4659 1186.5882 272.3786 434.7974 216.8611 115.6371 354.3928 188.4142 260.5282 1198.9485;
	3.7778 51.046 85.5724 91.9419 14.9326 31.3138 21.957 8.3971 26.0334 26.6583 49.2774 73.5122 110.6722 64.9878 182.716 68.8372 85.4091 90.5082 84.5647 66.3465 7.319 73.0656 70.1898 85.261 76.35 49.3549 7.572 1241.0311 812.8653 812.8653 760.6292 110.9369 281.8823 170.7759 203.7456 346.8225 1178.9215 271.3357 399.7133 204.5088 112.5385 347.3747 186.7203 250.6931 1191.2019;
	3.7952 51.281 82.1227 75.757 14.6752 31.0522 18.0203 8.2677 22.2472 24.8281 45.8943 68.4653 103.0741 63.9694 179.0726 67.4646 83.706 88.7034 85.9424 64.8509 6.0068 72.4552 70.7194 87.2807 69.8269 50.8602 6.7772 1211.9909 783.2909 783.2909 697.6151 107.7239 286.4747 166.9264 200.5526 334.2041 1124.4253 257.2846 362.0855 187.0364 104.5495 344.4727 195.0264 229.0564 1136.138;
	3.8617 52.1794 81.261 74.5518 14.3515 30.5231 16.6349 6.6771 25.065 25.6194 47.3571 70.6475 106.3595 63.1125 177.3739 66.8246 82.912 87.8619 86.2517 60.127 5.545 71.2207 71.2837 84.8485 55.2863 37.86 5.5286 1235.8788 756.3688 756.3688 662.2992 99.0788 287.5056 154.7671 197.8661 322.7174 1157.7446 229.6472 333.1743 148.0882 100.1257 338.6035 185.7004 195.0085 1169.8044;
	3.501 47.3058 68.4877 59.8054 14.5427 28.6695 15.0918 5.1872 19.5452 26.1228 48.2876 72.0355 108.4491 66.5468 181.2046 68.2678 84.7026 89.7595 85.2593 64.0569 5.0306 66.8956 72.3961 79.335 48.1203 27.7888 4.5302 1180.4754 691.0796 691.0796 546.6239 60.5505 284.1978 164.8827 208.6331 294.8606 1078.551 205.7611 266.9084 128.8937 82.0165 318.0407 156.7494 135.3535 1089.7859;
	3.6391 49.172 67.1473 67.715 14.5055 28.5753 15.3403 4.9932 16.8812 23.1087 42.7161 63.724 95.9361 67.6567 186.4638 70.2491 87.161 92.3646 86.9197 66.757 5.1134 66.6757 59.2401 82.4074 54.9259 20.812 3.3186 1188.7577 688.1468 688.1468 599.837 58.2822 289.7324 171.8326 212.113 293.6093 1067.6266 207.7595 231.0416 147.1229 84.9973 316.9952 146.5434 144.5806 1078.7477;
	3.1441 42.4835 60.1179 64.3408 14.5629 24.8606 14.4113 4.0004 20.165 20.6956 38.2555 57.0697 85.9181 67.6431 180.9021 68.1538 84.5612 89.6097 88.2024 65.4191 4.8038 58.008 52.4578 84.8705 56.6651 15.8895 2.772 1187.2144 755.2097 755.2097 698.9238 86.2846 294.0079 168.3889 212.0702 322.2228 1070.4525 243.3708 211.6009 151.7814 61.7314 275.7866 139.5631 163.0639 1081.603;
	2.9254 39.5289 50.5566 61.6089 15.3521 20.3613 18.5136 2.1083 21.1446 19.1894 35.4713 52.9162 79.6651 67.4996 181.6698 68.443 84.9201 89.9899 91.2931 68.8817 6.1712 47.5097 46.0204 73.3568 36.1956 9.2748 1.2029 1112.3053 734.664 734.664 688.732 98.5442 304.3104 177.3017 211.6204 313.4566 1092.9285 233.4145 320.505 96.9526 49.5483 225.8746 133.0087 134.902 1104.3131;
	2.278 30.7814 36.2029 42.5907 14.5915 15.6308 17.2375 1.186 19.0417 17.2905 31.9613 47.68 71.7819 68.0021 175.9571 66.2908 82.2497 87.1602 90.2803 70.0365 5.7458 36.4718 40.1892 55.5503 22.9009 6.7408 1.8195 1133.3585 752.3453 752.3453 676.1086 96.6338 300.9343 180.2741 213.1958 321.0007 1060.4302 221.5688 335.8076 61.3416 37.8092 173.3972 93.8325 97.4729 1071.4763;
	1.5232 20.5815 26.5728 24.4299 10.3692 11.2997 18.4676 1.1984 15.7132 17.1712 31.7407 47.3509 71.2866 66.7836 174.7227 65.8257 81.6727 86.5487 86.3669 68.7462 6.1559 26.3659 48.2198 40.6376 18.8697 8.1715 1.8858 1011.7435 699.4614 699.4614 598.6621 97.4679 287.8897 176.953 209.3757 298.4369 985.1482 193.319 346.2514 50.5437 26.6855 125.3508 64.3787 76.1456 995.4101;
	1.1759 15.8883 22.057 24.9701 9.3107 8.2358 18.1981 1.4785 14.6675 14.4996 26.8024 39.9838 60.1955 63.8582 185.5572 69.9076 86.7372 91.9155 89.9925 69.5751 6.066 19.2168 43.1599 38.7439 18.0472 10.2905 2.2309 1066.0783 722.3656 722.3656 611.5011 90.9318 299.975 179.0866 200.204 308.2093 1033.533 204.0689 386.176 48.3408 20.6373 91.3622 51.5873 49.8048 1044.299;
	0.9094 12.2873 19.5429 29.5279 8.1108 8.6499 14.0951 1.7056 13.5687 18.0226 33.3145 49.6987 74.8212 64.3645 187.564 70.6636 87.6752 92.9096 88.5206 70.4179 4.6984 20.1831 51.671 34.5166 22.0156 8.8843 3.3911 1014.7027 691.2345 691.2345 668.415 88.4392 295.0686 181.2558 201.7915 294.9267 884.61 207.2414 405.8976 58.9703 25.9177 95.956 40.9184 55.2649 893.8247;
	0.9262 12.5147 13.5768 0.0505 6.3619 9.4805 11.6024 0.999 12.3592 17.0387 31.4957 46.9854 70.7363 64.6125 182.7013 68.8317 85.4022 90.5009 82.1641 72.3724 3.8675 22.1211 53.5695 46.2026 23.4094 4.7157 2.8628 891.4866 623.8402 623.8402 613.9432 76.7902 273.8802 186.2868 202.569 266.1718 791.1776 190.7256 322.4685 62.7037 26.8492 105.17 36.8466 50.989 799.4191;
	0.918 12.4045 14.6 26.7681 6.2841 4.9956 5.3365 0.6759 8.7189 14.7011 27.1747 40.5393 61.0317 64.577 177.1911 66.7557 82.8265 87.7714 81.4236 69.2798 1.7788 11.6565 49.5449 38.927 17.1192 2.5535 1.6914 888.9216 537.7044 537.7044 536.5074 76.2896 271.4119 178.3263 202.4576 229.4205 633.753 179.6851 210.3011 45.8551 26.9737 55.4183 0.0801 21.3716 640.3546;
	0.4694 6.343 0.0 0.044 5.7711 3.2827 3.5741 0.0372 11.4346 18.2956 33.8191 50.4514 75.9544 60.9418 175.2282 66.0162 81.909 86.7991 79.5411 65.589 1.1914 7.6597 58.2865 34.9426 10.1156 4.3313 1.4245 795.3367 506.6267 506.6267 574.9086 78.9588 265.1372 168.8261 191.0608 216.1607 714.8025 188.6937 205.5096 27.0954 32.4335 36.4163 0.0 4.4047 722.2483;
	1.0488 14.172 3.2202 10.621 2.6121 3.5157 0.0 2.9417 2.2053 19.784 36.5704 54.5559 82.1336 63.6177 130.5788 49.1948 61.038 64.682 78.7412 51.6806 0.0 8.2032 68.1089 41.2287 16.1409 4.5049 1.7169 736.6433 513.4968 513.4968 602.2958 88.9703 262.4707 133.0259 199.4501 219.092 714.1655 199.0672 274.8201 43.2346 73.8167 39.0005 0.2649 1.4524 721.6047;
	0.4722 6.3809 21.3515 40.3306 0.5633 3.6593 0.0 2.3102 3.3824 21.6229 39.9695 59.6267 89.7676 63.9863 117.5589 44.2896 54.9519 58.2327 0.1524 62.9768 0.0 8.5384 71.5528 50.7105 23.397 6.3144 2.1875 789.7291 497.1016 497.1016 594.5225 86.2966 0.508 162.1024 200.6058 212.0967 682.7465 179.6518 314.2147 62.6705 80.5412 40.5942 0.0001 0.0 689.8584;
