function windprofile = ex_wind_profilesh1
%EX_WIND_PROFILE_D  Example wind_load_nyiso profile data for deterministic unit commitment.
% 2022.03.12
% Andres F. Ramirez


%% define constants
[GEN_BUS, PG, QG, QMAX, QMIN, VG, MBASE, GEN_STATUS, PMAX, PMIN, ...
    MU_PMAX, MU_PMIN, MU_QMAX, MU_QMIN, PC1, PC2, QC1MIN, QC1MAX, ...
    QC2MIN, QC2MAX, RAMP_AGC, RAMP_10, RAMP_30, RAMP_Q, APF] = idx_gen;
[CT_LABEL, CT_PROB, CT_TABLE, CT_TBUS, CT_TGEN, CT_TBRCH, CT_TAREABUS, ...
    CT_TAREAGEN, CT_TAREABRCH, CT_ROW, CT_COL, CT_CHGTYPE, CT_REP, ...
    CT_REL, CT_ADD, CT_NEWVAL, CT_TLOAD, CT_TAREALOAD, CT_LOAD_ALL_PQ, ...
    CT_LOAD_FIX_PQ, CT_LOAD_DIS_PQ, CT_LOAD_ALL_P, CT_LOAD_FIX_P, ...
    CT_LOAD_DIS_P, CT_TGENCOST, CT_TAREAGENCOST, CT_MODCOST_F, ...
    CT_MODCOST_X] = idx_ct;

windprofile = struct( ...
    'type', 'mpcData', ...
    'table', CT_TGEN, ...
    'rows', [1:45], ...
    'col', PMAX, ...
    'chgtype', 1, ...
    'values', [] );
windprofile.values(:,1,:) = [
	3.4505 46.6236 89.0449 110.0119 14.1927 31.8712 27.328 12.6393 25.7984 27.6533 51.1168 76.2562 114.8033 63.7619 189.0676 71.2301 88.3781 93.6544 90.4915 71.4353 9.1093 74.3662 67.1222 89.3346 98.3816 65.3502 8.8634 1154.4388 766.8996 766.8996 713.5096 117.2951 301.6383 183.8747 199.9021 327.2105 1108.9765 305.8104 462.3143 263.5221 119.6227 353.5579 189.6786 237.3408 1120.5284;
	3.4113 46.094 85.3015 105.1695 13.9482 31.4472 26.7239 11.5176 26.1618 24.876 45.9829 68.5975 103.2732 64.5752 197.4629 74.393 92.3024 97.813 91.3442 69.0189 8.908 73.3768 63.188 87.4144 96.8779 64.3452 7.9087 1169.4571 777.2935 777.2935 733.3341 117.9032 304.4806 177.6549 202.452 331.6452 1171.9635 293.9022 451.5259 259.4943 115.6308 348.8541 190.9585 240.5619 1184.1714;
	3.5413 47.8512 89.2016 99.3587 14.3747 32.7713 25.2483 11.1731 26.2628 26.3777 48.7588 72.7385 109.5074 63.3382 190.8294 71.8939 89.2017 94.5271 88.396 68.2782 8.4161 76.4665 56.0425 89.7485 90.7554 65.038 9.3033 1174.8307 779.0465 779.0465 765.7256 118.9939 294.6535 175.7483 198.5737 332.3932 1119.4429 290.6591 462.1849 243.0948 117.1391 363.5434 184.8139 254.9714 1131.1038;
	3.6498 49.3166 89.5658 102.5396 14.6484 34.0667 22.8745 12.2702 26.3894 26.0852 48.218 71.9318 108.2929 63.5419 189.8731 71.5336 88.7546 94.0534 89.1189 68.3523 7.6248 79.4889 67.334 90.0678 92.3345 58.8318 8.5371 1160.0897 839.7005 839.7005 784.823 119.5564 297.0631 175.9391 199.2124 358.2722 1209.0825 282.5145 455.6136 247.3246 114.898 377.9129 193.3385 251.8945 1221.6771;
	3.7804 51.0814 88.5769 90.8105 15.061 34.245 20.6159 10.725 23.7931 26.4475 48.8878 72.931 109.7972 64.9801 189.7766 71.4972 88.7095 94.0056 91.2445 67.8654 6.872 79.905 66.7101 90.0137 81.125 57.5587 8.2013 1226.2815 826.6981 826.6981 748.2346 113.9319 304.1482 174.6857 203.7214 352.7245 1218.8047 275.0802 416.6135 217.2992 112.2753 379.8911 206.2341 245.3068 1231.5005;
	3.7334 50.4462 84.3048 79.8146 14.6501 33.5868 17.5495 7.4399 24.3872 27.8591 51.4972 76.8237 115.6577 63.5061 193.1444 72.766 90.2838 95.6738 92.4621 69.9932 5.8498 78.3692 68.1349 86.55 58.5296 38.22 5.5906 1236.8089 757.9656 757.9656 666.5386 101.1562 308.207 180.1626 199.1001 323.3987 1188.7789 232.5484 367.682 156.7756 96.5023 372.5897 202.6097 194.3538 1201.162;
	3.5774 48.3392 77.1341 68.2786 15.035 32.0724 15.6679 6.0708 20.2767 26.4176 48.8326 72.8486 109.6731 64.9258 186.9267 70.4236 87.3774 92.5939 90.1429 70.3272 5.2226 74.8356 59.165 83.141 52.0437 27.9999 4.4368 1257.8967 709.9781 709.9781 535.2416 66.1701 300.4764 181.0225 203.5513 302.924 1126.0335 206.2203 300.9149 139.4028 72.9861 355.7899 177.6235 146.246 1137.763;
	3.6409 49.1961 70.5823 69.051 15.0101 30.6992 16.2789 5.4211 16.3269 20.1536 37.2536 55.5751 83.668 66.0127 181.1372 68.2424 84.6711 89.7261 89.8141 67.3779 5.4263 71.6314 42.3297 79.1202 55.4706 17.9443 3.2502 1287.3594 716.5971 716.5971 623.1173 63.6082 299.3802 173.4309 206.9587 305.7481 1152.1432 212.0564 260.0334 148.5821 74.4453 340.5561 169.6752 147.477 1164.1447;
	2.9646 40.0588 58.0611 64.9422 14.5592 25.869 17.0901 3.6627 22.0975 18.8477 34.8398 51.9741 78.2467 65.7655 176.2195 66.3897 82.3724 87.2901 88.4306 68.6579 5.6967 60.3611 42.6123 78.43 53.8314 11.8119 2.5712 1285.3583 777.4191 777.4191 697.1916 86.2157 294.7686 176.7255 206.1838 331.6988 1115.2639 229.5154 264.1895 144.1914 46.7702 286.9739 153.3804 153.1003 1126.8813;
	2.5768 34.8178 44.0727 59.199 14.4644 19.7368 21.0813 2.1012 22.0212 9.2419 17.0834 25.4851 38.3677 63.1933 169.9191 64.016 79.4273 84.1692 91.4236 66.9986 7.0271 46.0525 35.2016 63.7601 31.5766 6.4086 1.1961 1224.2335 792.5532 792.5532 723.4722 102.5863 304.7455 172.4545 198.1196 338.156 1202.0751 234.5942 366.2684 84.5802 25.6708 218.9466 133.2754 123.6122 1214.5967;
	2.242 30.2945 34.795 43.4476 14.0008 15.1638 20.1583 1.18 21.1432 8.2995 15.3415 22.8865 34.4555 61.8078 175.2612 66.0286 81.9244 86.8154 89.3721 69.3947 6.7194 35.3822 25.3188 52.633 22.4683 4.676 2.9727 1216.7997 761.2159 761.2159 706.6309 102.223 297.907 178.6221 193.7758 324.7855 1102.6034 230.298 411.24 60.183 35.979 168.2172 97.0251 95.8078 1114.0889;
	1.4745 19.9242 26.8567 25.4126 8.9645 10.5594 20.4798 1.0612 18.9528 13.7347 25.3884 37.8745 57.0198 65.237 170.3082 64.1626 79.6092 84.362 85.1403 67.5062 6.8266 24.6387 32.5777 35.1652 17.9881 6.3683 1.1027 1090.272 719.6116 719.6116 678.4808 98.2879 283.8009 173.761 204.5268 307.0343 1005.5856 200.1017 421.7266 48.1825 26.8131 117.1394 68.0377 63.7889 1016.0604;
	1.0499 14.1866 28.7237 27.6384 8.4996 8.1971 20.2541 1.9945 16.506 12.0526 22.2791 33.236 50.0366 63.6616 167.538 63.119 78.3143 82.9897 83.1007 67.4515 6.7514 19.1265 35.0626 38.4505 21.8047 11.2889 2.6287 1032.4724 746.888 746.888 651.1129 87.2309 277.0023 173.6204 199.5879 318.6722 1014.9879 202.2464 435.0892 58.4054 29.5014 90.9329 54.17 45.7878 1025.5607;
	0.8394 11.3421 23.8768 32.8897 7.2776 8.5843 15.8862 2.7029 15.0363 17.7398 32.7917 48.9188 73.6469 66.7499 182.8747 68.897 85.4833 90.5868 82.37 69.5626 5.2954 20.0301 55.3931 40.6344 25.0791 11.9584 3.8996 903.3741 697.3316 697.3316 641.2057 74.6903 274.5667 179.0542 209.2701 297.5281 820.3313 197.2899 427.7857 67.176 30.2736 95.2288 39.5515 56.0343 828.8764;
	0.8353 11.2866 23.4497 9.3017 5.8366 8.6354 14.505 2.3868 14.942 16.7016 30.8727 46.056 69.3371 66.7002 180.9327 68.1654 84.5755 89.6248 74.4514 69.8629 4.835 20.1492 56.5002 47.3172 25.5385 6.8523 3.7394 783.8412 650.2273 650.2273 597.1092 63.2713 248.1712 179.8274 209.1142 277.4303 750.8589 187.5548 364.4427 68.4066 29.824 95.7949 37.3017 51.4049 758.6804;
	0.9571 12.9322 17.7207 26.4539 6.8149 6.9546 7.5763 1.5637 10.4909 14.3603 26.5448 39.5996 59.617 64.0513 182.7033 68.8324 85.4032 90.5019 80.2852 69.8655 2.5254 16.2274 53.7642 42.4603 24.0384 4.4906 2.3684 820.5069 563.3571 563.3571 558.3618 72.1447 267.6172 179.834 200.8095 240.3657 615.8242 191.9342 259.4731 64.3887 27.4849 77.1499 37.7616 18.4757 622.239;
	0.6111 8.257 1.7989 1.0384 6.55 4.6685 4.5617 3.3645 13.1422 18.6724 34.5157 51.4907 77.5189 65.1996 189.8382 71.5204 88.7383 94.0361 85.2392 68.6711 1.5206 10.8931 58.2097 38.7958 16.3896 11.8836 1.84 773.2469 531.3281 531.3281 572.6621 75.1945 284.1306 176.7595 204.4094 226.7 697.6019 197.7352 265.9344 43.9006 34.5118 51.7891 26.9061 10.5378 704.8686;
	1.1087 14.9804 0.0734 4.3589 2.9745 2.2426 13.1547 0.5481 26.9414 21.9767 40.6236 60.6024 91.2366 66.8103 143.2228 53.9584 66.9483 70.9453 85.7643 60.464 4.3849 5.2326 72.3956 36.2673 14.6524 2.8417 1.6166 704.5014 534.5933 534.5933 606.4762 84.895 285.8809 155.6345 209.4595 228.0931 692.5283 218.5103 360.2993 39.2475 77.0558 24.8774 40.5568 65.2268 699.7422;
