function solarprofile = ex_solar_profilesh1
%EX_WIND_PROFILE_D  Example wind_load_nyiso profile data for deterministic unit commitment.
% 2022.03.12
% Andres F. Ramirez


%% define constants
[GEN_BUS, PG, QG, QMAX, QMIN, VG, MBASE, GEN_STATUS, PMAX, PMIN, ...
    MU_PMAX, MU_PMIN, MU_QMAX, MU_QMIN, PC1, PC2, QC1MIN, QC1MAX, ...
    QC2MIN, QC2MAX, RAMP_AGC, RAMP_10, RAMP_30, RAMP_Q, APF] = idx_gen;
[CT_LABEL, CT_PROB, CT_TABLE, CT_TBUS, CT_TGEN, CT_TBRCH, CT_TAREABUS, ...
    CT_TAREAGEN, CT_TAREABRCH, CT_ROW, CT_COL, CT_CHGTYPE, CT_REP, ...
    CT_REL, CT_ADD, CT_NEWVAL, CT_TLOAD, CT_TAREALOAD, CT_LOAD_ALL_PQ, ...
    CT_LOAD_FIX_PQ, CT_LOAD_DIS_PQ, CT_LOAD_ALL_P, CT_LOAD_FIX_P, ...
    CT_LOAD_DIS_P, CT_TGENCOST, CT_TAREAGENCOST, CT_MODCOST_F, ...
    CT_MODCOST_X] = idx_ct;

solarprofile = struct( ...
    'type', 'mpcData', ...
    'table', CT_TGEN, ...
    'rows', [1:12], ...
    'col', PMAX, ...
    'chgtype', 1, ...
    'values', [] );
solarprofile.values(:,1,:) = [
	0.0 0.0 0.0 0.0 0.0 0.0 0.0 0.0 0.0 0.0 0.0 0.0;
	0.0 0.0 0.0 0.0 0.0 0.0 0.0 0.0 0.0 0.0 0.0 0.0;
	0.0 0.0 0.0 0.0 0.0 0.0 0.0 0.0 0.0 0.0 0.0 0.0;
	0.0 0.0 0.0 0.0 0.0 0.0 0.0 0.0 0.0 0.0 0.0 0.0;
	0.0 0.0 0.0 0.0 0.0 0.0 0.0 0.0 0.0 0.0 0.0 0.0;
	0.1575 0.1621 0.24 0.0 0.0 0.0 0.0 0.0 0.0 0.0 0.0 0.0;
	4.8658 4.2392 4.0641 0.7436 0.1001 19.4758 2.4345 1.4724 80.9571 214.4829 24.9531 388.4298;
	10.1919 11.3412 9.7014 1.139 0.0 158.6882 19.836 26.0526 160.5106 260.8105 63.7715 472.3294;
	18.6288 16.5729 13.8 2.8906 0.0 290.9297 36.3662 47.7934 187.6381 257.8044 93.4327 466.8853;
	25.4418 16.2983 13.7624 5.914 0.0 264.8899 33.1112 55.5921 164.0052 232.1361 141.9177 420.3999;
	25.925 16.0904 13.7859 7.1318 0.0485 264.0237 33.003 50.8779 153.4524 238.0237 172.881 431.0624;
	25.9159 16.1184 13.7736 7.5052 0.1985 256.4306 32.0538 49.3644 140.8066 256.8417 187.3138 465.1418;
	25.8061 16.5546 13.7335 9.7562 1.6975 361.0801 45.135 64.4978 201.367 347.1808 252.0738 628.7465;
	22.6349 16.3881 13.6395 9.207 2.3083 368.2095 46.0262 66.7534 201.7505 347.7576 234.2149 629.791;
	17.1784 13.5971 10.4866 7.7511 3.8629 346.1756 43.2719 64.5488 190.2357 340.9157 207.9316 617.4004;
	9.4805 6.6479 5.6719 8.8144 10.2453 286.4428 35.8053 49.315 169.5806 207.8263 144.5177 376.3746;
	1.0171 0.7781 0.5779 2.1779 3.5652 65.1359 8.142 10.2343 41.5471 65.71 39.4191 119.0011;
	0.0 0.0 0.0 0.0 0.0 0.0 0.0 0.0 0.0 0.0 0.0 0.0;
	0.0 0.0 0.0 0.0 0.0 0.0 0.0 0.0 0.0 0.0 0.0 0.0;
	0.0 0.0 0.0 0.0 0.0 0.0 0.0 0.0 0.0 0.0 0.0 0.0;
	0.0 0.0 0.0 0.0 0.0 0.0 0.0 0.0 0.0 0.0 0.0 0.0;
	0.0 0.0 0.0 0.0 0.0 0.0 0.0 0.0 0.0 0.0 0.0 0.0;
	0.0 0.0 0.0 0.0 0.0 0.0 0.0 0.0 0.0 0.0 0.0 0.0;
	0.0 0.0 0.0 0.0 0.0 0.0 0.0 0.0 0.0 0.0 0.0 0.0;
];
