function solarprofile = ex_solar_profilesh1
%EX_WIND_PROFILE_D  Example wind_load_nyiso profile data for deterministic unit commitment.
% 2022.03.12
% Andres F. Ramirez


%% define constants
[GEN_BUS, PG, QG, QMAX, QMIN, VG, MBASE, GEN_STATUS, PMAX, PMIN, ...
    MU_PMAX, MU_PMIN, MU_QMAX, MU_QMIN, PC1, PC2, QC1MIN, QC1MAX, ...
    QC2MIN, QC2MAX, RAMP_AGC, RAMP_10, RAMP_30, RAMP_Q, APF] = idx_gen;
[CT_LABEL, CT_PROB, CT_TABLE, CT_TBUS, CT_TGEN, CT_TBRCH, CT_TAREABUS, ...
    CT_TAREAGEN, CT_TAREABRCH, CT_ROW, CT_COL, CT_CHGTYPE, CT_REP, ...
    CT_REL, CT_ADD, CT_NEWVAL, CT_TLOAD, CT_TAREALOAD, CT_LOAD_ALL_PQ, ...
    CT_LOAD_FIX_PQ, CT_LOAD_DIS_PQ, CT_LOAD_ALL_P, CT_LOAD_FIX_P, ...
    CT_LOAD_DIS_P, CT_TGENCOST, CT_TAREAGENCOST, CT_MODCOST_F, ...
    CT_MODCOST_X] = idx_ct;

solarprofile = struct( ...
    'type', 'mpcData', ...
    'table', CT_TGEN, ...
    'rows', [1:12], ...
    'col', PMAX, ...
    'chgtype', 1, ...
    'values', [] );
solarprofile.values(:,1,:) = [
	0.0 0.0 0.0 0.0 0.0 0.0 0.0 0.0 0.0 0.0 0.0 0.0;
	0.0 0.0 0.0 0.0 0.0 0.0 0.0 0.0 0.0 0.0 0.0 0.0;
	0.0 0.0 0.0 0.0 0.0 0.0 0.0 0.0 0.0 0.0 0.0 0.0;
	0.0 0.0 0.0 0.0 0.0 0.0 0.0 0.0 0.0 0.0 0.0 0.0;
	0.0 0.0 0.0 0.0 0.0 0.0 0.0 0.0 0.0 0.0 0.0 0.0;
	0.1575 0.1621 0.24 0.0 0.0 0.0 0.0 0.0 0.0 0.0 0.0 0.0;
	2.6988 1.3931 1.1399 1.5263 7.5931 185.3158 23.1645 24.8478 39.5349 15.6345 20.9676 28.3141;
	6.2411 9.5746 8.6732 4.657 10.1224 367.2077 45.901 68.1025 156.6779 47.758 21.7845 86.4901;
	17.6328 16.6083 13.8 7.8831 10.3934 375.9166 46.9896 72.3037 211.3171 135.1314 76.9422 244.7237;
	25.6923 16.5681 14.0585 6.7435 9.5397 296.6321 37.079 69.1871 255.4604 223.637 144.876 405.008;
	25.6566 16.5326 13.8149 5.6587 7.6859 305.2612 38.1577 64.1792 262.3051 258.9931 169.5849 469.038;
	21.6751 13.82 13.7863 4.8545 6.5716 329.7988 41.2248 64.4086 261.6253 259.8625 159.8795 470.6125;
	17.9319 10.0163 12.3261 8.5065 11.5983 424.6424 53.0803 74.9043 264.9994 307.2433 168.1484 556.4195;
	15.2245 15.1508 13.1743 8.573 11.7021 422.5631 52.8204 74.0744 259.7127 286.9223 153.135 519.6179;
	13.2716 13.2956 10.8499 7.0049 11.3918 382.4259 47.8032 69.7729 241.0593 162.8798 98.9528 294.9764;
	9.056 7.5694 6.0316 6.5254 12.5791 235.6249 29.4531 49.9909 175.6081 160.7608 120.4467 291.1389;
	0.9303 0.7645 0.5736 1.6286 3.4996 58.226 7.2783 11.9891 38.8468 65.926 39.868 119.3923;
	0.0 0.0 0.0 0.0 0.0 0.0 0.0 0.0 0.0 0.0 0.0 0.0;
	0.0 0.0 0.0 0.0 0.0 0.0 0.0 0.0 0.0 0.0 0.0 0.0;
	0.0 0.0 0.0 0.0 0.0 0.0 0.0 0.0 0.0 0.0 0.0 0.0;
	0.0 0.0 0.0 0.0 0.0 0.0 0.0 0.0 0.0 0.0 0.0 0.0;
	0.0 0.0 0.0 0.0 0.0 0.0 0.0 0.0 0.0 0.0 0.0 0.0;
	0.0 0.0 0.0 0.0 0.0 0.0 0.0 0.0 0.0 0.0 0.0 0.0;
	0.0 0.0 0.0 0.0 0.0 0.0 0.0 0.0 0.0 0.0 0.0 0.0;
];
