function windprofile = ex_wind_profilesh1
%EX_WIND_PROFILE_D  Example wind_load_nyiso profile data for deterministic unit commitment.
% 2022.03.12
% Andres F. Ramirez


%% define constants
[GEN_BUS, PG, QG, QMAX, QMIN, VG, MBASE, GEN_STATUS, PMAX, PMIN, ...
    MU_PMAX, MU_PMIN, MU_QMAX, MU_QMIN, PC1, PC2, QC1MIN, QC1MAX, ...
    QC2MIN, QC2MAX, RAMP_AGC, RAMP_10, RAMP_30, RAMP_Q, APF] = idx_gen;
[CT_LABEL, CT_PROB, CT_TABLE, CT_TBUS, CT_TGEN, CT_TBRCH, CT_TAREABUS, ...
    CT_TAREAGEN, CT_TAREABRCH, CT_ROW, CT_COL, CT_CHGTYPE, CT_REP, ...
    CT_REL, CT_ADD, CT_NEWVAL, CT_TLOAD, CT_TAREALOAD, CT_LOAD_ALL_PQ, ...
    CT_LOAD_FIX_PQ, CT_LOAD_DIS_PQ, CT_LOAD_ALL_P, CT_LOAD_FIX_P, ...
    CT_LOAD_DIS_P, CT_TGENCOST, CT_TAREAGENCOST, CT_MODCOST_F, ...
    CT_MODCOST_X] = idx_ct;

windprofile = struct( ...
    'type', 'mpcData', ...
    'table', CT_TGEN, ...
    'rows', [1:45], ...
    'col', PMAX, ...
    'chgtype', 1, ...
    'values', [] );
windprofile.values(:,1,:) = [
	3.7062 50.0795 86.1215 110.1352 14.8494 33.3544 28.1239 11.6169 27.973 27.4153 50.6767 75.5997 113.815 66.033 188.2384 70.9177 87.9905 93.2437 84.5879 68.4014 9.3746 77.8269 70.9678 82.0658 94.1933 60.7315 8.6466 1219.3053 787.2036 787.2036 720.2161 102.577 281.9598 176.0654 207.0223 335.8735 1178.4276 286.2353 467.3552 252.3036 114.5443 370.0115 184.6598 182.3713 1190.7029;
	3.7881 51.1858 85.5887 109.3794 15.0031 33.7017 28.1405 11.581 28.1243 25.0409 46.2877 69.0521 103.9575 65.1184 188.1363 70.8793 87.9428 93.1931 82.9003 67.3706 9.3802 78.6373 71.9374 83.6133 95.5192 59.9282 7.6083 1229.5466 777.9763 777.9763 734.5769 98.0 276.3344 173.412 204.1551 331.9366 1242.542 259.7518 475.4004 255.8549 114.0543 373.8644 198.2443 168.9683 1255.4851;
	3.7191 50.2532 84.8825 97.5687 14.4861 32.9486 25.6593 10.7703 27.682 25.5894 47.3015 70.5646 106.2346 59.6632 178.0901 67.0944 83.2468 88.2167 78.7436 67.1066 8.5531 76.8801 69.4198 82.0482 82.8102 59.4989 8.5753 1197.5901 745.2166 745.2166 717.628 95.792 262.4787 172.7326 187.0522 317.9591 1157.413 240.0824 472.1055 221.813 112.7183 365.51 174.5546 204.0203 1169.4694;
	3.6923 49.8915 85.7819 101.0266 14.8878 33.1511 22.3581 11.8965 26.6807 26.1385 48.3167 72.079 108.5145 52.8122 182.169 68.6311 85.1534 90.2372 83.3294 69.5021 7.4527 77.3526 70.7664 83.9051 83.9429 57.4816 8.212 1120.7114 767.4473 767.4473 685.886 92.1789 277.7646 178.8985 165.5734 327.4442 1132.1875 245.7297 450.7339 224.847 105.707 367.7565 189.193 222.9978 1143.9811;
	3.5299 47.6963 82.8432 81.4864 14.4774 31.5373 18.4385 9.1882 22.9245 24.7604 45.7693 68.2788 102.7934 48.2413 179.3983 67.5873 83.8583 88.8647 82.8875 69.4931 6.1462 73.5869 71.5662 86.238 70.994 51.4076 7.2482 1100.8329 725.3515 725.3515 613.9317 80.6976 276.2916 178.8753 151.243 309.4833 1065.3248 237.2854 404.5857 190.1626 107.3816 349.8533 193.4129 199.5066 1076.4219;
	3.5824 48.4058 78.8296 73.1338 14.6989 31.3148 17.1303 6.3999 24.8377 27.4715 50.7806 75.7547 114.0483 51.8991 183.0483 68.9624 85.5644 90.6728 83.8111 69.2863 5.7101 73.0679 73.9024 81.7845 53.0974 35.2817 5.47 1094.2468 690.8782 690.8782 584.1281 83.9523 279.3703 178.343 162.7107 294.7747 1088.786 217.2512 344.8105 142.2251 96.2556 347.3857 190.887 152.9753 1100.1276;
	3.2591 44.0381 70.8177 62.5284 14.3797 29.2677 14.0626 5.5285 17.8439 25.8292 47.7449 71.226 107.2303 55.4218 180.6044 68.0417 84.4221 89.4622 85.9981 69.0305 4.6875 68.2913 72.2953 78.4184 47.9666 25.6038 4.8065 1153.2484 691.9 691.9 520.2444 58.7777 286.6603 177.6847 173.755 295.2106 1091.6597 194.7762 271.1081 128.4819 77.6728 324.6761 165.9341 124.7226 1103.0312;
	3.471 46.9013 66.1573 64.6249 14.1485 28.6677 13.6373 5.0128 12.8793 20.9997 38.8177 57.9084 87.1807 54.3078 177.8955 67.0211 83.1558 88.1203 86.5891 67.1328 4.5458 66.8912 56.6683 79.1212 55.8515 17.5945 3.4445 1176.137 668.5907 668.5907 578.882 56.9613 288.6303 172.8001 170.2624 285.2654 1060.9705 201.9377 218.348 149.6023 79.8248 318.02 154.621 120.8261 1072.0223;
	2.8244 38.1643 57.8214 59.8306 14.6329 24.0494 13.1452 3.6251 18.3019 19.7663 36.5376 54.5069 82.0599 59.4458 157.2831 59.2555 73.5207 77.91 81.9329 63.66 4.3817 56.1152 49.7091 82.5852 56.3577 12.2851 2.4612 1181.6608 746.5148 746.5148 669.072 81.2288 273.1095 163.861 186.3708 318.513 1064.6438 238.4592 226.9796 150.9582 55.2814 266.7878 144.3215 148.9103 1075.7339;
	2.6911 36.363 52.6378 62.2711 14.5251 20.033 17.9511 2.1982 20.8534 19.2306 35.5475 53.0299 79.8363 62.2579 161.671 60.9086 75.5718 80.0835 84.6374 66.4143 5.9837 46.7436 44.6739 75.0768 38.5016 7.3114 1.1246 1153.1052 775.0163 775.0163 709.5827 104.405 282.1246 170.9505 195.187 330.6736 1126.2604 242.2527 351.0564 103.1292 45.3157 222.2326 138.9286 130.9079 1137.9923;
	2.1043 28.4339 35.9624 44.6562 13.261 15.0534 17.4618 1.347 19.9784 16.7262 30.9182 46.1238 69.4391 62.2029 163.399 61.5596 76.3795 80.9395 81.9519 68.6207 5.8206 35.1246 37.0343 52.4313 23.6848 5.1839 1.8739 1128.9506 752.3193 752.3193 689.1109 97.136 273.173 176.6298 195.0145 320.9896 1039.3445 228.4103 383.1047 63.4415 38.8346 166.9923 96.8636 91.7897 1050.171;
	1.4889 20.1182 27.0497 26.6652 9.0082 10.9651 19.114 1.2886 18.837 17.1941 31.783 47.414 71.3815 63.3158 162.8689 61.3599 76.1318 80.6769 85.7035 67.6336 6.3713 25.5851 41.8849 30.9538 16.0638 5.0038 0.7869 1024.6246 678.6956 678.6956 652.5921 92.1699 285.6782 174.0891 198.5037 289.5768 985.2728 202.3888 385.7881 43.028 28.074 121.639 67.509 69.6694 995.536;
	1.1251 15.202 28.516 27.3096 9.2704 9.9654 19.1879 2.3599 18.9917 15.1986 28.0944 41.9114 63.0973 62.4553 177.1251 66.7308 82.7957 87.7387 85.3651 68.582 6.396 23.2526 40.8858 38.0528 20.7443 10.049 2.5687 1025.5323 718.2344 718.2344 668.9126 92.9221 284.5503 176.5303 195.8057 306.4467 1003.6684 222.7563 428.6009 55.5652 30.4231 110.5493 54.6491 60.3143 1014.1232;
	0.922 12.4581 24.9772 33.6886 8.0328 10.1768 14.1648 2.8553 15.7264 17.7498 32.8102 48.9463 73.6884 64.1583 186.6812 70.331 87.2626 92.4723 87.6333 70.9622 4.7216 23.7459 50.653 38.6365 24.9292 8.3352 3.7363 970.7521 681.5039 681.5039 684.3684 93.1189 292.111 182.657 201.1451 290.775 846.4697 225.366 432.0904 66.7746 30.3857 112.8949 43.3011 66.026 855.2871;
	0.9301 12.568 22.8294 16.377 6.6804 10.2331 11.4281 2.2883 14.9021 16.364 30.2485 45.1248 67.9352 65.0541 173.5896 65.3989 81.1431 85.9874 80.5601 67.5173 3.8094 23.8771 50.5344 45.4809 24.1966 6.4957 3.4633 830.5625 609.3344 609.3344 583.7896 78.5549 268.5336 173.7896 203.9533 259.9827 751.0802 205.7711 364.2567 64.8122 32.789 113.5186 37.5871 59.427 758.9039;
	0.9731 13.1489 17.6303 28.7815 7.8617 13.9621 5.9106 1.414 10.7651 14.2369 26.3167 39.2593 59.1047 63.2427 173.3582 65.3117 81.0349 85.8728 81.3881 67.0287 1.9702 32.5782 38.2292 39.0948 22.3394 3.5433 2.1754 853.3658 524.1639 524.1639 557.5813 77.8258 271.2936 172.5321 198.2745 223.6432 614.3936 208.195 257.9825 59.8377 29.5202 154.8862 14.2423 26.5365 620.7936;
	0.6004 8.113 4.6369 9.0236 6.9735 3.1153 4.4911 2.1905 12.5699 15.6785 28.9814 43.2346 65.0894 63.3085 173.6683 65.4285 81.1798 86.0264 80.9665 63.2041 1.497 7.269 37.1554 37.8305 14.1894 4.4925 1.5851 762.6358 509.6438 509.6438 580.6014 76.803 269.8884 162.6874 198.4808 217.448 694.0487 199.899 267.0907 38.0074 36.2162 34.5589 12.1502 18.2922 701.2784;
	1.1439 15.4569 11.2373 36.5542 2.7779 1.0948 3.5105 3.9307 12.8812 19.0821 35.2729 52.6202 79.2195 64.1226 147.1894 55.4528 68.8025 72.9101 84.6758 56.4576 1.1702 2.5545 61.9601 39.4189 17.2505 3.8357 1.7199 762.4312 509.9635 509.9635 581.9696 80.5131 282.2525 145.3221 201.0329 217.5844 727.5835 198.9588 366.0865 46.2067 73.8829 12.145 20.6668 34.8893 735.1625;
	0.5584 7.5448 24.9873 42.8798 5.7231 6.7081 3.5276 2.2167 6.7979 23.1179 42.733 63.7492 95.9741 64.1834 132.3652 49.8678 61.873 65.567 9.8425 63.1655 1.1759 15.6522 68.1689 47.7346 23.1872 8.0333 2.1878 807.4285 513.5353 513.5353 628.5887 82.7578 32.8085 162.5881 201.2237 219.1084 702.3924 202.0436 368.8369 62.1085 79.0915 74.4149 23.4709 4.1367 709.709;
