function solarprofile = ex_solar_profilesh1
%EX_WIND_PROFILE_D  Example wind_load_nyiso profile data for deterministic unit commitment.
% 2022.03.12
% Andres F. Ramirez


%% define constants
[GEN_BUS, PG, QG, QMAX, QMIN, VG, MBASE, GEN_STATUS, PMAX, PMIN, ...
    MU_PMAX, MU_PMIN, MU_QMAX, MU_QMIN, PC1, PC2, QC1MIN, QC1MAX, ...
    QC2MIN, QC2MAX, RAMP_AGC, RAMP_10, RAMP_30, RAMP_Q, APF] = idx_gen;
[CT_LABEL, CT_PROB, CT_TABLE, CT_TBUS, CT_TGEN, CT_TBRCH, CT_TAREABUS, ...
    CT_TAREAGEN, CT_TAREABRCH, CT_ROW, CT_COL, CT_CHGTYPE, CT_REP, ...
    CT_REL, CT_ADD, CT_NEWVAL, CT_TLOAD, CT_TAREALOAD, CT_LOAD_ALL_PQ, ...
    CT_LOAD_FIX_PQ, CT_LOAD_DIS_PQ, CT_LOAD_ALL_P, CT_LOAD_FIX_P, ...
    CT_LOAD_DIS_P, CT_TGENCOST, CT_TAREAGENCOST, CT_MODCOST_F, ...
    CT_MODCOST_X] = idx_ct;

solarprofile = struct( ...
    'type', 'mpcData', ...
    'table', CT_TGEN, ...
    'rows', [1:12], ...
    'col', PMAX, ...
    'chgtype', 1, ...
    'values', [] );
solarprofile.values(:,1,:) = [
	0.0 0.0 0.0 0.0 0.0 0.0 0.0 0.0 0.0 0.0 0.0 0.0;
	0.0 0.0 0.0 0.0 0.0 0.0 0.0 0.0 0.0 0.0 0.0 0.0;
	0.0 0.0 0.0 0.0 0.0 0.0 0.0 0.0 0.0 0.0 0.0 0.0;
	0.0 0.0 0.0 0.0 0.0 0.0 0.0 0.0 0.0 0.0 0.0 0.0;
	0.0 0.0 0.0 0.0 0.0 0.0 0.0 0.0 0.0 0.0 0.0 0.0;
	0.1575 0.1621 0.24 0.0 0.0 0.0 0.0 0.0 0.0 0.0 0.0 0.0;
	8.0097 6.6356 4.9191 0.4105 0.4638 33.0877 4.136 17.0098 42.359 0.733 21.404 1.3275;
	16.8164 13.6447 10.6533 0.9607 1.143 212.9861 26.6233 30.0117 117.3259 114.1395 48.0154 206.7073;
	23.1565 16.6083 13.8 3.0322 1.6989 311.4261 38.9283 36.1621 149.0289 239.6819 117.4443 434.0654;
	26.1645 16.7628 13.7624 6.3788 2.2951 280.6261 35.0783 32.9496 139.6139 307.5266 207.8302 556.9325;
	26.005 16.5336 13.7859 6.2662 2.7743 313.7414 39.2177 30.2794 164.9163 331.5797 253.4526 600.4928;
	25.6609 16.5331 13.7863 5.8755 3.5172 333.3987 41.6748 36.0479 181.3586 339.4361 259.0882 614.7209;
	23.8235 16.5016 13.7855 9.7838 10.1016 395.7759 49.472 61.3128 223.133 346.3805 254.475 627.2972;
	22.2882 16.3881 13.7008 10.1089 10.8557 386.7187 48.3398 62.12 210.8824 342.2811 222.7918 619.8732;
	17.4297 14.0676 11.3995 9.4673 10.4773 347.532 43.4415 57.8547 190.0616 331.808 177.5425 600.9062;
	8.4276 6.5782 3.9148 7.3705 12.6101 233.3575 29.1697 29.6649 172.9964 315.4672 159.7798 571.3131;
	0.8962 0.7333 0.5133 1.5377 3.8697 65.4014 8.1752 9.9247 48.415 91.6345 52.1744 165.9507;
	0.0 0.0 0.0 0.0 0.0 0.0 0.0 0.0 0.0 0.0 0.0 0.0;
	0.0 0.0 0.0 0.0 0.0 0.0 0.0 0.0 0.0 0.0 0.0 0.0;
	0.0 0.0 0.0 0.0 0.0 0.0 0.0 0.0 0.0 0.0 0.0 0.0;
	0.0 0.0 0.0 0.0 0.0 0.0 0.0 0.0 0.0 0.0 0.0 0.0;
	0.0 0.0 0.0 0.0 0.0 0.0 0.0 0.0 0.0 0.0 0.0 0.0;
	0.0 0.0 0.0 0.0 0.0 0.0 0.0 0.0 0.0 0.0 0.0 0.0;
	0.0 0.0 0.0 0.0 0.0 0.0 0.0 0.0 0.0 0.0 0.0 0.0;
];
