function solarprofile = ex_solar_profilesh1
%EX_WIND_PROFILE_D  Example wind_load_nyiso profile data for deterministic unit commitment.
% 2022.03.12
% Andres F. Ramirez


%% define constants
[GEN_BUS, PG, QG, QMAX, QMIN, VG, MBASE, GEN_STATUS, PMAX, PMIN, ...
    MU_PMAX, MU_PMIN, MU_QMAX, MU_QMIN, PC1, PC2, QC1MIN, QC1MAX, ...
    QC2MIN, QC2MAX, RAMP_AGC, RAMP_10, RAMP_30, RAMP_Q, APF] = idx_gen;
[CT_LABEL, CT_PROB, CT_TABLE, CT_TBUS, CT_TGEN, CT_TBRCH, CT_TAREABUS, ...
    CT_TAREAGEN, CT_TAREABRCH, CT_ROW, CT_COL, CT_CHGTYPE, CT_REP, ...
    CT_REL, CT_ADD, CT_NEWVAL, CT_TLOAD, CT_TAREALOAD, CT_LOAD_ALL_PQ, ...
    CT_LOAD_FIX_PQ, CT_LOAD_DIS_PQ, CT_LOAD_ALL_P, CT_LOAD_FIX_P, ...
    CT_LOAD_DIS_P, CT_TGENCOST, CT_TAREAGENCOST, CT_MODCOST_F, ...
    CT_MODCOST_X] = idx_ct;

solarprofile = struct( ...
    'type', 'mpcData', ...
    'table', CT_TGEN, ...
    'rows', [1:12], ...
    'col', PMAX, ...
    'chgtype', 1, ...
    'values', [] );
solarprofile.values(:,1,:) = [
	0.0 0.0 0.0 0.0 0.0 0.0 0.0 0.0 0.0 0.0 0.0 0.0;
	0.0 0.0 0.0 0.0 0.0 0.0 0.0 0.0 0.0 0.0 0.0 0.0;
	0.0 0.0 0.0 0.0 0.0 0.0 0.0 0.0 0.0 0.0 0.0 0.0;
	0.0 0.0 0.0 0.0 0.0 0.0 0.0 0.0 0.0 0.0 0.0 0.0;
	0.0 0.0 0.0 0.0 0.0 0.0 0.0 0.0 0.0 0.0 0.0 0.0;
	0.1575 0.1621 0.24 0.0 0.0 0.0 0.0 0.0 0.0 0.0 0.0 0.0;
	7.7723 8.0933 5.4634 6.0938 0.7927 138.7542 17.3443 23.6873 153.7964 77.8967 25.0659 141.0713;
	16.3474 13.6074 8.457 5.7614 2.4897 252.9148 31.6144 38.3067 230.724 113.7491 62.1493 206.0002;
	22.7097 16.6083 13.4608 6.7048 4.2978 277.517 34.6896 44.821 224.0691 140.6888 105.8067 254.7882;
	25.6889 16.4756 13.7624 6.2658 4.1768 197.8734 24.7342 37.3161 187.3654 221.2537 172.9467 400.6918;
	25.9535 16.6083 13.7859 7.6805 5.4863 260.7126 32.5891 47.2255 191.3359 304.6436 208.9199 551.7115;
	25.7535 16.5331 13.7863 7.9992 6.2464 278.7668 34.8458 50.08 195.5479 333.0966 204.7287 603.24;
	20.9574 13.6108 11.3897 9.1355 9.5662 357.0975 44.6372 62.1071 238.1701 343.1252 240.9828 621.4018;
	15.4164 12.3092 10.526 6.6735 8.0677 333.551 41.6939 58.5414 221.0963 336.4712 205.1715 609.3514;
	11.5139 10.0062 7.6523 3.3693 4.3136 277.7516 34.719 41.7606 196.3968 299.9062 153.9983 543.132;
	9.3292 8.6152 6.6482 2.6154 4.057 246.4622 30.8078 19.0176 162.9172 264.9263 119.2387 479.7831;
	1.2528 0.9521 0.7624 1.5084 3.4199 67.3681 8.421 10.72 39.567 67.1872 37.4489 121.6764;
	0.0 0.0 0.0 0.0 0.0 0.0 0.0 0.0 0.0 0.0 0.0 0.0;
	0.0 0.0 0.0 0.0 0.0 0.0 0.0 0.0 0.0 0.0 0.0 0.0;
	0.0 0.0 0.0 0.0 0.0 0.0 0.0 0.0 0.0 0.0 0.0 0.0;
	0.0 0.0 0.0 0.0 0.0 0.0 0.0 0.0 0.0 0.0 0.0 0.0;
	0.0 0.0 0.0 0.0 0.0 0.0 0.0 0.0 0.0 0.0 0.0 0.0;
	0.0 0.0 0.0 0.0 0.0 0.0 0.0 0.0 0.0 0.0 0.0 0.0;
	0.0 0.0 0.0 0.0 0.0 0.0 0.0 0.0 0.0 0.0 0.0 0.0;
];
