function windprofile = ex_wind_profilesh1
%EX_WIND_PROFILE_D  Example wind_load_nyiso profile data for deterministic unit commitment.
% 2022.03.12
% Andres F. Ramirez


%% define constants
[GEN_BUS, PG, QG, QMAX, QMIN, VG, MBASE, GEN_STATUS, PMAX, PMIN, ...
    MU_PMAX, MU_PMIN, MU_QMAX, MU_QMIN, PC1, PC2, QC1MIN, QC1MAX, ...
    QC2MIN, QC2MAX, RAMP_AGC, RAMP_10, RAMP_30, RAMP_Q, APF] = idx_gen;
[CT_LABEL, CT_PROB, CT_TABLE, CT_TBUS, CT_TGEN, CT_TBRCH, CT_TAREABUS, ...
    CT_TAREAGEN, CT_TAREABRCH, CT_ROW, CT_COL, CT_CHGTYPE, CT_REP, ...
    CT_REL, CT_ADD, CT_NEWVAL, CT_TLOAD, CT_TAREALOAD, CT_LOAD_ALL_PQ, ...
    CT_LOAD_FIX_PQ, CT_LOAD_DIS_PQ, CT_LOAD_ALL_P, CT_LOAD_FIX_P, ...
    CT_LOAD_DIS_P, CT_TGENCOST, CT_TAREAGENCOST, CT_MODCOST_F, ...
    CT_MODCOST_X] = idx_ct;

windprofile = struct( ...
    'type', 'mpcData', ...
    'table', CT_TGEN, ...
    'rows', [1:45], ...
    'col', PMAX, ...
    'chgtype', 1, ...
    'values', [] );
windprofile.values(:,1,:) = [
	3.6415 49.2043 91.3561 110.795 14.312 33.298 29.1989 12.6395 27.1628 28.3045 52.3204 78.0517 117.5064 69.002 185.7692 69.9874 86.8363 92.0205 85.4509 69.1296 9.733 77.6953 70.8786 85.1316 96.5898 63.5383 9.4634 1266.1266 807.0503 807.0503 694.0456 107.5982 284.8364 177.9398 216.3305 344.3415 1170.6498 271.9067 450.4488 258.7228 115.4299 369.3858 201.0739 238.1083 1182.8441;
	3.773 50.982 89.7378 109.0149 14.3568 32.3546 27.6848 12.6774 26.9773 25.7923 47.6766 71.1242 107.077 67.3109 188.664 71.0781 88.1894 93.4545 85.3952 68.6132 9.2283 75.494 70.9048 84.719 98.8395 64.6963 8.7243 1258.8294 785.4341 785.4341 705.1187 109.3336 284.6507 176.6105 211.0288 335.1186 1201.0781 246.3552 438.4212 264.7487 113.1244 358.92 203.8058 249.4506 1213.5893;
	3.7595 50.7994 89.7304 97.4058 14.4062 33.1257 25.1588 10.3701 26.6182 23.9904 44.3458 66.1553 99.5964 65.2093 179.9653 67.8009 84.1233 89.1456 84.074 65.4272 8.3863 77.2933 54.3772 83.8578 86.0939 56.2706 8.3522 1253.12 796.2315 796.2315 733.6213 115.5098 280.2465 168.4097 204.4401 339.7255 1170.6737 262.2954 441.7923 230.6087 115.5973 367.4743 195.3435 256.1443 1182.8682;
	3.6768 49.6819 88.3549 100.3857 14.2055 33.2999 23.3253 11.1485 26.7594 23.2011 42.8868 63.9787 96.3196 62.3066 176.2903 66.4163 82.4055 87.3252 83.9998 67.1983 7.7751 77.6998 49.5096 85.3018 85.9479 51.4073 8.0669 1201.8041 805.646 805.646 735.0479 115.058 279.9994 172.9685 195.3395 343.7423 1167.574 249.8582 434.8717 230.2175 109.6931 369.4072 199.872 247.9557 1179.7362;
	3.7356 50.4759 83.5729 85.1428 14.2975 33.3494 19.4487 9.5539 23.6694 23.903 44.1843 65.9143 99.2336 63.0598 180.2579 67.9111 84.2601 89.2905 86.9814 67.1336 6.4829 77.8153 50.8475 87.7346 77.8729 45.8464 7.4662 1250.7222 791.6601 791.6601 719.9153 108.6833 289.938 172.8021 197.701 337.775 1146.6698 245.7714 384.3167 208.588 112.9812 369.9561 210.7411 223.1842 1158.6143;
	3.7312 50.4165 78.3746 78.4116 14.0347 32.0876 18.7255 7.2942 24.9207 24.7081 45.6725 68.1344 102.5759 62.9238 183.4879 69.128 85.7699 90.8905 86.3171 67.4811 6.2418 74.8711 51.3793 82.9198 55.6969 30.8409 5.9464 1219.8327 766.3377 766.3377 652.2869 95.8984 287.7237 173.6964 197.2747 326.9707 1143.6046 231.2295 344.2894 149.1882 101.5505 355.9584 206.9849 176.5193 1155.5171;
	3.5175 47.5298 69.0141 61.4089 14.4712 30.3243 15.7367 5.8256 18.6661 25.4573 47.0575 70.2005 105.6865 64.7668 188.2516 70.9227 87.9967 93.2502 85.4608 68.3011 5.2456 70.7568 53.893 81.2493 46.6505 23.8381 4.7518 1197.9985 747.1328 747.1328 560.4845 64.0391 284.8693 175.8073 203.0526 318.7767 1129.9069 208.888 272.8281 124.9566 76.9334 336.398 170.8085 131.7421 1141.6768;
	3.6921 49.8887 69.8184 68.3596 14.6799 29.7542 16.4104 5.3121 16.046 22.5645 41.7102 62.2233 93.6769 66.2419 190.1947 71.6547 88.905 94.2127 87.7699 68.9117 5.4701 69.4265 49.9419 84.4248 52.6344 19.8943 3.5974 1213.7658 752.7399 752.7399 652.2834 64.1781 292.5665 177.3789 207.6773 321.169 1151.6897 211.0317 265.3036 140.9851 79.5564 330.0733 165.1388 150.8629 1163.6865;
	3.045 41.1448 59.7078 63.5033 14.5314 24.1952 15.9906 4.1491 20.7991 21.1789 39.1489 58.4025 87.9247 68.0209 182.8036 68.8702 85.45 90.5515 87.4003 69.1257 5.3302 56.4554 45.8743 83.9073 53.3428 13.7112 2.7673 1225.0022 818.2029 818.2029 753.8555 91.7576 291.3344 177.9297 213.2546 349.0999 1157.4632 253.576 244.1392 142.8826 55.4706 268.4053 147.3788 172.9231 1169.5201;
	2.8245 38.1651 50.3546 59.3452 14.4395 19.4457 20.2542 2.5451 22.3942 19.7268 36.4646 54.3981 81.896 68.296 174.4891 65.7378 81.5635 86.433 84.5403 68.503 6.7514 45.3733 41.234 69.1733 33.0679 7.2483 1.3889 1145.9485 821.8214 821.8214 761.7932 106.4156 281.8012 176.3269 214.1171 350.6438 1151.795 247.1515 349.0352 88.5749 45.0939 215.7177 130.8937 133.9827 1163.7929;
	2.3636 31.9368 35.4457 43.0193 14.0411 14.3204 19.3366 1.3473 19.1643 16.9194 31.2753 46.6566 70.2412 66.564 172.8316 65.1133 80.7887 85.6119 85.7972 69.8479 6.4455 33.4143 36.0112 53.3947 21.8581 4.46 2.445 1111.1104 801.206 801.206 750.488 100.4555 285.9906 179.7887 208.6871 341.8479 1066.1647 230.3197 380.6174 58.5486 29.5202 158.8612 92.5304 93.4739 1077.2706;
	1.5732 21.2577 26.9717 25.4065 10.6967 9.6719 20.6897 1.5093 18.2569 16.869 31.1821 46.5175 70.0319 65.9144 170.1033 64.0854 79.5134 84.2605 87.1569 66.7854 6.8966 22.5678 40.0405 37.7321 18.7106 7.8911 2.7968 963.5248 747.0751 747.0751 691.8184 99.808 290.523 171.9058 206.6507 318.7521 987.4271 214.6981 391.6237 50.1176 27.0937 107.294 66.8335 82.8881 997.7128;
	1.122 15.1603 26.0161 22.4621 10.0051 7.4804 18.4268 2.4297 14.838 14.0401 25.953 38.7167 58.2878 58.1894 177.2603 66.7818 82.8589 87.8057 88.9915 68.3582 6.1423 17.4542 35.9252 38.7434 22.4085 10.8841 2.8784 913.1462 734.9561 734.9561 654.6461 95.6041 296.6383 175.9542 182.4317 313.5813 942.604 214.9331 392.2265 60.0228 25.9354 82.9824 48.5809 61.8319 952.4228;
	0.8745 11.8168 23.2041 30.2878 8.3213 7.8519 13.9723 2.7076 12.613 17.8024 32.9074 49.0914 73.9069 56.5763 186.6702 70.3269 87.2575 92.4669 87.6859 69.4228 4.6574 18.3212 42.7499 40.4118 24.5899 12.9385 4.0544 877.0074 692.0698 692.0698 622.4043 88.8467 292.2863 178.6945 177.3744 295.2831 817.0911 204.8379 366.841 65.8658 26.4355 87.104 34.542 70.8591 825.6025;
	0.8979 12.1321 23.0182 5.7731 6.7591 7.8905 12.0057 2.1875 11.9041 16.2528 30.043 44.8182 67.4736 59.0904 182.376 68.7091 85.2502 90.3397 78.9757 68.2813 4.0019 18.4113 45.1973 48.9678 23.0634 7.3799 4.0009 858.9656 664.4878 664.4878 590.0444 77.3465 263.2522 175.7563 185.2565 283.5148 789.5806 186.4863 315.3844 61.777 26.7489 87.5325 34.2095 63.6756 797.8054;
	0.98 13.2424 17.6769 29.0214 8.0197 0.1931 5.9389 1.1057 9.1379 15.3163 28.312 42.236 63.586 63.5851 176.5623 66.5188 82.5326 87.4599 78.942 69.7104 1.9796 0.4505 50.9053 44.1548 21.3257 3.8434 2.4795 899.933 554.1735 554.1735 536.5049 75.1429 263.14 179.4348 199.3477 236.4474 643.5938 187.1477 225.8099 57.1225 23.3931 2.1418 10.8346 31.2437 650.2979;
	0.6038 8.1584 11.3933 42.7818 6.6387 8.6848 3.9056 0.4786 10.3474 18.2215 33.6822 50.2472 75.6468 63.393 176.0268 66.3171 82.2823 87.1947 84.5224 67.1295 1.3019 20.2646 49.5069 38.2643 11.4775 3.8104 1.6958 858.7087 555.564 555.564 579.5451 74.8457 281.7412 172.7914 198.7457 237.0407 776.9608 191.8085 225.8076 30.7433 35.4568 96.3439 36.1373 126.8637 785.0541;
	1.1726 15.8441 19.0656 40.9909 3.1867 2.8449 5.6234 0.2599 5.1605 19.3845 35.832 53.4543 80.4752 66.429 142.862 53.8224 66.7797 70.7665 84.6536 55.7042 1.8745 6.6382 60.1052 37.7762 13.4459 3.3925 1.8892 767.1542 538.0085 538.0085 594.2105 85.226 282.1786 143.3829 208.264 229.5503 740.6876 203.2175 348.9834 36.0157 78.4955 31.5597 16.5099 97.0689 748.4031;
