function solarprofile = ex_solar_profilesh1
%EX_WIND_PROFILE_D  Example wind_load_nyiso profile data for deterministic unit commitment.
% 2022.03.12
% Andres F. Ramirez


%% define constants
[GEN_BUS, PG, QG, QMAX, QMIN, VG, MBASE, GEN_STATUS, PMAX, PMIN, ...
    MU_PMAX, MU_PMIN, MU_QMAX, MU_QMIN, PC1, PC2, QC1MIN, QC1MAX, ...
    QC2MIN, QC2MAX, RAMP_AGC, RAMP_10, RAMP_30, RAMP_Q, APF] = idx_gen;
[CT_LABEL, CT_PROB, CT_TABLE, CT_TBUS, CT_TGEN, CT_TBRCH, CT_TAREABUS, ...
    CT_TAREAGEN, CT_TAREABRCH, CT_ROW, CT_COL, CT_CHGTYPE, CT_REP, ...
    CT_REL, CT_ADD, CT_NEWVAL, CT_TLOAD, CT_TAREALOAD, CT_LOAD_ALL_PQ, ...
    CT_LOAD_FIX_PQ, CT_LOAD_DIS_PQ, CT_LOAD_ALL_P, CT_LOAD_FIX_P, ...
    CT_LOAD_DIS_P, CT_TGENCOST, CT_TAREAGENCOST, CT_MODCOST_F, ...
    CT_MODCOST_X] = idx_ct;

solarprofile = struct( ...
    'type', 'mpcData', ...
    'table', CT_TGEN, ...
    'rows', [1:12], ...
    'col', PMAX, ...
    'chgtype', 1, ...
    'values', [] );
solarprofile.values(:,1,:) = [
	0.0 0.0 0.0 0.0 0.0 0.0 0.0 0.0 0.0 0.0 0.0 0.0;
	0.0 0.0 0.0 0.0 0.0 0.0 0.0 0.0 0.0 0.0 0.0 0.0;
	0.0 0.0 0.0 0.0 0.0 0.0 0.0 0.0 0.0 0.0 0.0 0.0;
	0.0 0.0 0.0 0.0 0.0 0.0 0.0 0.0 0.0 0.0 0.0 0.0;
	0.0 0.0 0.0 0.0 0.0 0.0 0.0 0.0 0.0 0.0 0.0 0.0;
	0.1575 0.1746 0.2417 0.0 0.0 0.0 0.0 0.0 0.0 0.0 0.0 0.0;
	7.3961 6.1787 4.7086 1.3545 0.1566 16.7569 2.0946 5.4834 0.0 13.7797 20.7749 24.9551;
	17.2972 13.6019 10.8107 3.228 1.6296 107.4027 13.4253 31.6722 39.1144 62.0659 10.7738 112.4018;
	23.2868 16.6083 13.8 5.4409 3.0587 208.5963 26.0745 47.3141 91.0653 171.9984 38.2507 311.4901;
	25.7239 16.5082 13.7624 5.1964 2.4752 126.4403 15.805 54.7652 90.0191 231.7474 143.7033 419.6959;
	25.9603 16.5337 13.7859 5.0326 2.3989 176.5364 22.0671 52.8272 140.0901 241.9851 168.1061 438.2364;
	25.964 16.5331 13.7863 4.8529 2.5464 230.5227 28.8153 53.0414 179.0346 207.2148 142.9391 375.2672;
	25.5847 16.4038 13.5185 8.492 8.6179 366.7554 45.8444 70.2169 253.0228 319.4658 115.3133 578.5545;
	21.723 16.2091 13.2566 8.489 9.0427 366.1281 45.766 71.8616 245.1472 328.4962 119.9519 594.9086;
	16.1858 13.1669 9.7822 7.2672 10.0624 338.1054 42.2632 70.2902 229.6204 269.3672 66.4722 487.8257;
	9.0571 7.757 6.1589 9.1365 14.2642 310.446 38.8058 53.9776 241.9056 189.691 60.9207 343.5316;
	1.185 1.1103 0.8558 2.3045 4.7636 85.6934 10.7117 10.7593 53.0616 65.6513 37.1643 118.8948;
	0.0 0.0 0.0 0.0 0.0 0.0 0.0 0.0 0.0 0.0 0.0 0.0;
	0.0 0.0 0.0 0.0 0.0 0.0 0.0 0.0 0.0 0.0 0.0 0.0;
	0.0 0.0 0.0 0.0 0.0 0.0 0.0 0.0 0.0 0.0 0.0 0.0;
	0.0 0.0 0.0 0.0 0.0 0.0 0.0 0.0 0.0 0.0 0.0 0.0;
	0.0 0.0 0.0 0.0 0.0 0.0 0.0 0.0 0.0 0.0 0.0 0.0;
	0.0 0.0 0.0 0.0 0.0 0.0 0.0 0.0 0.0 0.0 0.0 0.0;
	0.0 0.0 0.0 0.0 0.0 0.0 0.0 0.0 0.0 0.0 0.0 0.0;
];
