function loadprofile = ex_load_profilesh1
%EX_LOAD_PROFILE  Example load profile data file for stochastic unit commitment.
% 2022.03.12
% Andres F. Ramirez

%% define constants
[CT_LABEL, CT_PROB, CT_TABLE, CT_TBUS, CT_TGEN, CT_TBRCH, CT_TAREABUS, ...
    CT_TAREAGEN, CT_TAREABRCH, CT_ROW, CT_COL, CT_CHGTYPE, CT_REP, ...
    CT_REL, CT_ADD, CT_NEWVAL, CT_TLOAD, CT_TAREALOAD, CT_LOAD_ALL_PQ, ...
    CT_LOAD_FIX_PQ, CT_LOAD_DIS_PQ, CT_LOAD_ALL_P, CT_LOAD_FIX_P, ...
    CT_LOAD_DIS_P, CT_TGENCOST, CT_TAREAGENCOST, CT_MODCOST_F, ...
    CT_MODCOST_X] = idx_ct;

loadprofile = struct( ...
    'type', 'mpcData', ...
    'table', CT_TAREALOAD, ...
    'rows', [1:11], ...
    'col', CT_LOAD_ALL_P, ...
    'chgtype', 1, ...
    'values', [] );
loadprofile.values(:,1,:) = [
	1537.5544 971.9766 1777.3194 552.351 841.3119 1164.8 916.6702 265.2843 517.6984 4853.5054 1869.5201;
	1541.1811 978.9 1720.4608 544.5871 840.4097 1154.1844 903.8019 263.7 517.4422 4685.1806 1856.9783;
	1544.684 986.0265 1747.2444 563.7763 850.1469 1141.8 911.5 263.8 520.9422 4605.6199 1859.6262;
	1607.1611 1066.5888 1879.1299 594.6426 939.0766 1250.5776 972.3 283.5 547.3994 4904.1497 1948.3932;
	1807.6914 1201.803 2100.1287 609.5691 1044.3037 1384.3101 1091.863 341.3977 635.4362 5518.8307 2179.0913;
	1922.6375 1289.5445 2181.2188 587.5461 1080.1362 1475.0198 1142.3637 357.9727 695.0 6016.1365 2326.1534;
	1893.4439 1258.3266 2147.5628 577.3262 1058.3997 1464.0955 1126.09 351.9465 680.8454 6218.3622 2295.2728;
	1922.8737 1241.431 2104.0924 565.8946 1106.5413 1424.1 1117.7725 335.0 673.3444 6438.7 2347.0;
	1861.0762 1223.3165 2063.7 540.7984 1080.8146 1368.3 1137.0 341.6 687.3169 6551.6834 2444.6176;
	1847.524 1203.5476 2066.5354 549.512 1059.7 1344.0733 1110.054 320.9068 676.3 6507.9096 2356.518;
	1893.1832 1228.2658 2044.6314 573.6266 1025.0929 1257.8026 1071.591 308.0255 658.7 6454.9902 2401.4319;
	1859.6981 1230.6504 2013.5177 555.7931 1006.2 1283.9884 1073.7846 293.1127 665.4911 6564.5894 2372.2175;
	1846.0258 1211.2181 2028.1 548.7706 1009.0116 1326.0 1099.5 303.8028 662.0382 6432.562 2416.2569;
	1770.1053 1165.7425 1931.5708 526.3833 973.9399 1324.191 1044.073 293.907 673.0 6336.2302 2358.454;
	1754.7209 1171.2283 1896.8062 544.1748 987.1877 1346.3323 1043.5639 335.0777 663.7339 6353.3733 2353.8591;
	1796.406 1212.5872 1943.8863 566.3298 1027.3251 1396.7375 1081.4756 334.7744 688.3 6431.3768 2454.7281;
	1871.7 1245.8722 2019.4459 557.7046 1043.75 1429.0 1104.5964 343.9036 689.924 6254.113 2540.2607;
	1918.725 1293.3373 2081.3 582.6971 1051.6909 1471.5898 1175.5811 340.8214 742.371 6235.1813 2679.2245;
	1967.195 1317.4263 2093.3022 553.6953 1064.6555 1489.0 1186.7 346.8025 743.3 6278.8654 2747.406;
	1946.0869 1250.0167 2018.6968 575.5259 1000.9452 1419.7616 1149.5534 319.9884 712.385 6081.0284 2624.0083;
	1830.3687 1151.7995 1862.8033 527.359 927.0885 1337.5959 1099.8072 313.0577 666.6294 5764.7 2397.273;
	1708.2 1045.5095 1756.4428 547.6 889.7267 1224.8829 1013.0844 281.3388 602.1147 5285.4555 2122.5614;
	1606.032 1000.4127 1698.9917 529.7009 842.5144 1182.3027 908.5844 252.5719 564.2 4826.2 1882.5674;
	1577.9081 978.2024 1693.0983 545.377 833.2 1147.0866 912.8943 253.8741 548.4691 4670.1 1808.7466;
];
