function windprofile = ex_wind_profilesh1
%EX_WIND_PROFILE_D  Example wind_load_nyiso profile data for deterministic unit commitment.
% 2022.03.12
% Andres F. Ramirez


%% define constants
[GEN_BUS, PG, QG, QMAX, QMIN, VG, MBASE, GEN_STATUS, PMAX, PMIN, ...
    MU_PMAX, MU_PMIN, MU_QMAX, MU_QMIN, PC1, PC2, QC1MIN, QC1MAX, ...
    QC2MIN, QC2MAX, RAMP_AGC, RAMP_10, RAMP_30, RAMP_Q, APF] = idx_gen;
[CT_LABEL, CT_PROB, CT_TABLE, CT_TBUS, CT_TGEN, CT_TBRCH, CT_TAREABUS, ...
    CT_TAREAGEN, CT_TAREABRCH, CT_ROW, CT_COL, CT_CHGTYPE, CT_REP, ...
    CT_REL, CT_ADD, CT_NEWVAL, CT_TLOAD, CT_TAREALOAD, CT_LOAD_ALL_PQ, ...
    CT_LOAD_FIX_PQ, CT_LOAD_DIS_PQ, CT_LOAD_ALL_P, CT_LOAD_FIX_P, ...
    CT_LOAD_DIS_P, CT_TGENCOST, CT_TAREAGENCOST, CT_MODCOST_F, ...
    CT_MODCOST_X] = idx_ct;

windprofile = struct( ...
    'type', 'mpcData', ...
    'table', CT_TGEN, ...
    'rows', [1:45], ...
    'col', PMAX, ...
    'chgtype', 1, ...
    'values', [] );
windprofile.values(:,1,:) = [
	3.7326 50.4356 90.5772 107.6402 15.1252 32.5023 27.5742 12.4625 26.181 28.3769 52.4544 78.2516 117.8073 64.9092 182.9878 68.9396 85.5361 90.6428 84.9642 71.123 9.1914 75.8388 71.2476 87.5527 94.1892 64.2684 9.2501 1159.9093 693.3351 693.3351 665.8117 104.5144 283.2142 183.0708 203.4993 295.823 1060.2285 298.9153 454.2998 252.2926 122.3064 360.5593 196.5243 231.7137 1071.2725;
	3.7125 50.1637 88.3379 105.459 14.3971 31.3757 26.4907 10.8869 25.7918 24.2335 44.7953 66.8257 100.6058 65.1662 187.667 70.7025 87.7234 92.9606 82.8229 71.9871 8.8302 73.2099 67.4147 85.5998 92.8366 60.7062 7.5397 1149.9396 743.9744 743.9744 721.3104 107.71 276.0762 185.2949 204.305 317.4291 1152.715 288.2613 443.4753 248.6695 123.9616 348.0606 200.2174 224.8281 1164.7225;
	3.7491 50.6588 85.5381 91.3794 14.2814 32.1435 25.4277 9.7838 26.6942 26.6373 49.2386 73.4543 110.585 63.3098 186.5717 70.2898 87.2114 92.4181 87.6529 71.1554 8.4759 75.0015 70.2113 84.696 78.5712 58.7352 8.4255 1195.5656 770.7932 770.7932 751.6644 114.1969 292.1765 183.1542 198.4847 328.8718 1143.4331 283.8804 451.7939 210.4587 123.6234 356.5785 195.8696 220.4256 1155.3438;
	3.6127 48.8155 82.2309 92.4884 14.4061 30.5104 20.5483 10.925 25.6087 26.8762 49.6803 74.1133 111.5772 50.9462 183.9102 69.2871 85.9673 91.0997 87.2928 69.8754 6.8494 71.191 69.9809 84.8934 79.5503 56.4957 8.3228 1149.2235 747.0268 747.0268 690.6452 109.8893 290.9761 179.8594 159.7232 318.7314 1122.1837 257.2893 393.5542 213.0812 121.9574 338.4622 195.0832 227.9697 1133.8731;
	3.5193 47.5541 77.8681 81.1186 14.0176 30.9328 16.3037 9.5589 21.0433 28.2842 52.2829 77.9959 117.4223 62.97 185.9366 70.0505 86.9145 92.1035 87.4857 69.4121 5.4346 72.1765 72.1612 87.2032 73.5558 54.03 7.8837 1143.832 742.8605 742.8605 655.4778 103.5711 291.6189 178.667 197.4193 316.9538 1061.9708 239.9605 336.4526 197.0245 122.4581 343.1478 202.3933 205.7267 1073.033;
	3.7046 50.0568 78.3792 72.1417 14.0471 31.5428 16.4121 6.7073 23.1356 29.5306 54.5869 81.4329 122.5968 62.1325 175.9617 66.2925 82.2518 87.1624 84.7323 67.0265 5.4707 73.5999 73.5342 82.7271 54.5384 35.4453 5.9224 1154.1899 691.5292 691.5292 654.4445 90.3787 282.441 172.5263 194.7938 295.0524 1093.7969 227.1348 323.993 146.0849 112.1741 349.915 203.6864 167.4797 1105.1906;
	3.3736 45.5849 66.3972 60.0998 14.042 28.6348 13.489 5.4265 17.0912 29.5387 54.6019 81.4552 122.6304 64.5069 177.8044 66.9868 83.1132 88.0752 84.5418 67.7017 4.4963 66.8146 75.5535 77.9232 46.363 24.8364 4.8794 1160.1931 649.9315 649.9315 542.2405 64.231 281.8058 174.2644 202.2379 277.3041 1027.1432 213.8603 268.9437 124.1865 92.4415 317.6556 166.3582 121.4135 1037.8426;
	3.5666 48.1927 69.7014 69.6869 14.122 28.6404 16.1058 5.373 16.405 25.9474 47.9634 71.5519 107.721 66.5489 180.0839 67.8456 84.1788 89.2044 85.4458 67.0539 5.3686 66.8276 65.2843 82.9896 59.003 19.0677 3.7175 1199.3045 660.6841 660.6841 635.1812 67.0046 284.8193 172.5969 208.6399 281.8919 1058.5428 219.1075 250.2422 158.0437 95.6066 317.7173 161.2121 134.3505 1069.5693;
	2.9497 39.8572 55.5936 63.4459 14.0163 24.6801 16.0885 3.6682 20.4602 23.3601 43.1808 64.4172 96.9797 65.2382 170.1492 64.1027 79.5348 84.2832 82.94 66.624 5.3628 57.5869 56.8131 80.376 52.6899 12.0508 2.5719 1212.1488 745.9175 745.9175 713.1822 88.6433 276.4668 171.4903 204.5307 318.2582 1082.0565 233.7706 237.2465 141.1335 67.4224 273.7847 148.8514 147.1479 1093.328;
	2.5009 33.792 43.6208 57.1115 14.0276 19.2435 19.8961 2.1379 21.8189 19.0005 35.1221 52.3953 78.8808 66.8497 164.036 61.7996 76.6773 81.255 84.4116 66.6906 6.632 44.9016 46.1337 66.8094 33.6307 4.6922 1.1305 1105.3508 789.5094 789.5094 716.6352 108.0772 281.3719 171.6618 209.583 336.8573 1085.2785 225.9168 353.7495 90.0821 53.9304 213.4751 132.9777 113.1408 1096.5834;
	2.0673 27.9331 33.3758 41.5072 13.2398 14.7649 19.4199 1.047 19.7072 16.6266 30.734 45.849 69.0254 66.0023 163.3073 61.5251 76.3367 80.8941 86.7269 67.9254 6.4733 34.4515 37.1044 51.6359 20.9409 3.3103 1.7912 1177.7949 809.4524 809.4524 745.4732 106.4296 289.0898 174.8402 206.926 345.3664 1089.3972 228.5778 375.2866 56.0916 41.4933 163.7922 93.5864 78.4678 1100.745;
	1.2985 17.5452 23.939 25.3045 8.7942 10.5364 20.6904 1.3922 17.7738 18.6555 34.4843 51.4439 77.4484 65.7419 172.8276 65.1118 80.7869 85.61 87.3379 71.1652 6.8968 24.5849 45.195 37.252 19.0976 6.0334 4.7515 993.4985 724.5411 724.5411 698.6755 98.1252 291.1265 183.1794 206.1097 309.1375 980.3186 196.7289 381.5871 51.1543 35.0961 116.8837 63.9428 63.6833 990.5302;
	0.8364 11.301 21.1415 24.1669 8.6256 7.9823 18.7531 2.1772 14.3326 15.1702 28.0419 41.833 62.9793 63.929 186.0781 70.1038 86.9807 92.1736 90.1644 71.1591 6.251 18.6255 43.6766 36.0673 22.7019 8.0045 2.6686 1031.3449 763.2246 763.2246 711.6026 94.9637 300.548 183.1637 200.4261 325.6425 1037.4916 201.7778 394.3397 60.8086 34.1846 88.5507 47.0396 34.2028 1048.2988;
	0.4142 5.5971 18.7705 30.2358 7.394 8.8634 12.1069 2.4194 11.5939 18.3863 33.9868 50.7016 76.331 63.8145 188.6573 71.0755 88.1863 93.4512 86.1784 70.6849 4.0356 20.6812 56.8584 37.1924 25.4162 7.6354 3.4131 962.1669 670.366 670.366 693.0617 88.9162 287.2613 181.9432 200.0672 286.0228 823.1969 204.5001 367.0591 68.0791 30.5146 98.3244 36.775 39.0596 831.7719;
	0.81 10.9445 22.5653 13.1763 6.1781 9.6051 11.6441 1.8618 13.0018 18.4087 34.0282 50.7634 76.424 66.0059 184.8814 69.653 86.4213 91.5808 79.3913 71.5087 3.8814 22.4118 58.325 45.3428 24.6617 1.1892 3.3265 915.6035 650.1615 650.1615 654.4858 76.3357 264.6376 184.0636 206.9374 277.4022 777.4151 198.7489 346.893 66.0581 32.1047 106.5522 36.2303 32.3068 785.5131;
	0.8585 11.6 20.9693 32.351 7.1553 14.43 5.3368 1.7208 9.5037 17.03 31.4797 46.9616 70.7004 64.6914 187.7537 70.7351 87.7639 93.0036 81.8058 72.9794 1.7789 33.67 57.6962 47.2738 25.1473 2.6367 2.6255 917.316 541.0318 541.0318 574.7933 78.8331 272.6861 187.8493 202.8163 230.8402 631.1282 192.529 234.5514 67.3589 33.4491 160.0768 46.2152 19.4892 637.7024;
	0.4419 5.9706 19.7831 17.0065 5.7951 5.1115 3.0137 5.4691 9.8038 19.0875 35.283 52.6352 79.242 61.5358 174.3501 65.6854 81.4985 86.3641 71.0317 67.4963 1.0046 11.9269 54.047 43.7002 16.2499 3.3523 1.8793 905.2231 507.9525 507.9525 582.72 79.0337 236.7722 173.7357 192.9229 216.7264 726.1185 188.0806 203.3308 43.5264 36.54 56.704 24.3896 0.004 733.6822;
	0.9752 13.1774 30.7949 38.1715 2.5324 4.0738 1.0239 6.9912 0.8272 19.6498 36.3223 54.1858 81.5764 66.8444 132.2095 49.8092 61.8002 65.4898 82.068 53.2795 0.3413 9.5055 59.4894 42.6111 17.5203 2.1867 1.9331 764.78 489.145 489.145 620.1191 88.273 273.5601 137.1416 209.5661 208.7019 685.5674 214.7343 336.8178 46.9295 80.4458 45.1918 31.9528 0.032 692.7088;
	0.4319 5.8361 26.6206 39.4001 0.5852 3.8273 3.9817 2.3068 1.7182 22.3075 41.2351 61.5147 92.61 65.3945 125.7478 47.3747 58.7798 62.289 4.8631 64.4568 1.3272 8.9303 65.613 49.3067 25.0972 6.3629 2.2554 829.4126 503.2745 503.2745 673.2419 88.2457 16.2102 165.9119 205.0205 214.7305 673.7052 200.8317 360.9128 67.2247 88.2277 42.4573 60.2757 0.0045 680.7229;
