function windprofile = ex_wind_profilesh1
%EX_WIND_PROFILE_D  Example wind_load_nyiso profile data for deterministic unit commitment.
% 2022.03.12
% Andres F. Ramirez


%% define constants
[GEN_BUS, PG, QG, QMAX, QMIN, VG, MBASE, GEN_STATUS, PMAX, PMIN, ...
    MU_PMAX, MU_PMIN, MU_QMAX, MU_QMIN, PC1, PC2, QC1MIN, QC1MAX, ...
    QC2MIN, QC2MAX, RAMP_AGC, RAMP_10, RAMP_30, RAMP_Q, APF] = idx_gen;
[CT_LABEL, CT_PROB, CT_TABLE, CT_TBUS, CT_TGEN, CT_TBRCH, CT_TAREABUS, ...
    CT_TAREAGEN, CT_TAREABRCH, CT_ROW, CT_COL, CT_CHGTYPE, CT_REP, ...
    CT_REL, CT_ADD, CT_NEWVAL, CT_TLOAD, CT_TAREALOAD, CT_LOAD_ALL_PQ, ...
    CT_LOAD_FIX_PQ, CT_LOAD_DIS_PQ, CT_LOAD_ALL_P, CT_LOAD_FIX_P, ...
    CT_LOAD_DIS_P, CT_TGENCOST, CT_TAREAGENCOST, CT_MODCOST_F, ...
    CT_MODCOST_X] = idx_ct;

windprofile = struct( ...
    'type', 'mpcData', ...
    'table', CT_TGEN, ...
    'rows', [1:45], ...
    'col', PMAX, ...
    'chgtype', 1, ...
    'values', [] );
windprofile.values(:,1,:) = [
	3.4435 46.5286 90.2938 110.9564 14.3278 30.0776 26.4 12.5791 26.8799 29.0589 53.7149 80.1321 120.6384 67.7799 190.1329 71.6315 88.8761 94.1821 90.209 69.4367 8.8 70.181 72.2326 83.7203 96.3252 64.7767 9.149 1258.7415 794.3307 794.3307 791.2488 113.4862 300.6965 178.7303 212.4993 338.9144 1136.9277 310.9157 464.7769 258.0138 105.981 333.6604 180.859 241.6376 1148.7706;
	3.5993 48.6349 90.2015 109.669 14.8227 31.1323 26.8865 11.8171 27.3274 28.2371 52.1958 77.8659 117.2267 65.866 194.1134 73.1311 90.7368 96.1539 87.5069 68.6392 8.9622 72.642 75.2555 84.2848 97.0073 65.1724 7.8936 1188.5045 796.834 796.834 812.5606 110.7718 291.6898 176.6775 206.4988 339.9825 1195.436 296.1077 468.673 259.8411 109.3229 345.3607 191.0919 243.0467 1207.8885;
	3.5669 48.1971 89.7952 95.0096 14.9887 31.643 24.4786 10.3273 27.5037 28.809 53.253 79.443 119.6011 65.8551 192.5414 72.5388 90.0019 95.3752 87.8337 71.2539 8.1595 73.8338 73.0847 85.2432 86.3829 62.6712 8.3574 1183.2813 777.7495 777.7495 797.5303 112.0373 292.779 183.4078 206.4647 331.8398 1125.245 271.4818 464.105 231.3829 109.0974 351.0269 173.2171 246.9126 1136.9663;
	3.335 45.0631 86.7935 97.5886 14.2953 31.2478 21.0414 10.5225 26.4677 28.9997 53.6055 79.9688 120.3926 65.1902 192.0462 72.3523 89.7704 95.1299 88.5019 71.8949 7.0138 72.9116 71.3237 82.9224 77.617 56.6399 8.0048 1167.8239 812.8517 812.8517 795.3727 107.1865 295.0063 185.0577 204.3801 346.8167 1197.8449 271.5543 431.5251 207.9027 106.9675 346.6426 179.4894 239.4483 1210.3224;
	3.4998 47.2897 85.3891 83.4783 14.3853 30.3932 17.6572 9.8152 22.0493 28.1027 51.9474 77.4953 116.6687 64.7642 196.8632 74.1671 92.0221 97.516 91.4306 73.7761 5.8857 70.9174 71.9681 83.1528 69.825 53.8634 7.8078 1260.8181 820.1204 820.1204 760.781 103.4022 304.7685 189.8998 203.0445 349.918 1215.4711 243.5831 373.2517 187.0313 101.2518 337.1618 187.3509 219.4674 1228.1322;
	3.5704 48.2443 83.5072 78.1878 14.1188 30.7134 16.9686 7.9117 25.0633 28.5272 52.7322 78.666 118.4312 61.4509 191.4361 72.1224 89.4852 94.8276 90.5183 71.8877 5.6562 71.6646 70.6763 82.4839 57.2056 37.502 6.1521 1273.4305 784.8682 784.8682 709.3022 91.7511 301.7278 185.0392 192.6569 334.8771 1244.4618 220.0435 348.0039 153.2292 87.0577 340.714 192.6193 181.4011 1257.4249;
	3.32 44.8608 72.8145 60.5946 14.2899 28.0512 14.8677 6.507 19.015 27.7582 51.3107 76.5454 115.2387 63.8321 197.8903 74.554 92.5022 98.0247 91.3009 71.0711 4.9559 65.4527 68.3285 77.189 49.0109 26.0569 5.0702 1244.3 744.9282 744.9282 577.3065 60.952 304.3362 182.9371 200.1224 317.836 1174.3276 181.1814 279.7898 131.2791 70.8077 311.181 159.5808 126.6439 1186.5602;
	3.607 48.7381 70.5895 61.3824 14.21 27.5013 16.6437 6.2593 15.3185 21.9734 40.6175 60.5933 91.2228 63.961 198.8171 74.9032 92.9354 98.4838 89.5903 70.5347 5.5479 64.1696 51.4256 82.7691 58.7119 20.2118 3.9826 1265.7391 756.1257 756.1257 645.7085 65.705 298.6345 181.5564 200.5264 322.6136 1189.9523 197.6743 246.8839 157.264 78.2961 305.0807 152.751 135.5216 1202.3477;
	3.0452 41.1476 60.268 65.2516 14.0611 24.1723 16.7938 4.4811 20.2719 21.5467 39.8287 59.4166 89.4513 64.3476 188.6041 71.0555 88.1615 93.4248 92.3873 67.6765 5.5979 56.4019 50.8429 81.9608 59.1887 13.3766 3.2238 1197.5879 802.6701 802.6701 761.7776 88.2917 307.9575 174.1994 201.7384 342.4726 1140.5467 243.0719 247.5017 158.5412 53.7471 268.1509 146.4688 150.9721 1152.4274;
	2.8493 38.5002 48.1826 62.0694 14.3716 19.6522 21.0118 2.6686 21.2152 17.823 32.9455 49.1482 73.9924 65.2125 180.1897 67.8854 84.2282 89.2567 91.5219 68.4849 7.0039 45.8551 43.3269 68.0232 36.7555 7.3522 1.5575 1146.644 820.3059 820.3059 764.3395 105.6828 305.0731 176.2803 204.4501 349.9972 1160.8776 227.2849 365.609 98.4523 33.0639 218.008 138.8945 124.5913 1172.97;
	2.3097 31.2094 35.5543 44.7688 13.9426 15.218 19.8955 1.5201 19.9317 15.6145 28.8632 43.0583 64.824 65.8757 174.3525 65.6863 81.4996 86.3653 91.8283 68.9749 6.6318 35.5088 37.6621 53.1556 23.9141 6.8123 6.8564 1152.204 809.2163 809.2163 739.9566 106.3405 306.0944 177.5415 206.5291 345.2656 1108.9873 229.9695 383.0278 64.0557 35.0623 168.8188 99.0725 87.4532 1120.5393;
	1.6012 21.6353 26.8732 22.6518 9.6809 9.7584 20.7964 1.2678 18.0461 15.4542 28.5669 42.6163 64.1585 61.9456 167.7462 63.1974 78.4116 83.0929 89.9462 66.0963 6.9321 22.7695 42.8462 32.9467 18.625 6.4853 2.818 1025.722 729.5635 729.5635 672.0897 105.6673 299.8208 170.1321 194.2077 311.2804 1004.2848 203.9702 389.7526 49.8883 20.9258 108.2529 67.7661 75.7121 1014.7461;
	1.0901 14.7303 27.3097 26.3166 8.9688 7.3389 18.7697 2.2062 16.0339 13.921 25.7327 38.3881 57.7931 62.0805 176.4474 66.4755 82.4789 87.403 89.017 68.4382 6.2566 17.1241 43.3371 33.902 22.9422 11.1385 3.0637 1005.0381 750.0554 750.0554 668.9222 105.1226 296.7235 176.16 194.6308 320.0236 1005.4784 209.5431 415.34 61.4522 26.7065 81.4127 54.2921 55.4292 1015.9521;
	0.7895 10.6676 23.6791 31.9128 7.8389 7.8868 13.8181 2.7145 13.5548 17.7298 32.7733 48.8913 73.6056 65.8606 174.0156 65.5594 81.3422 86.1984 86.0632 64.0559 4.606 18.4026 54.4721 37.2952 26.3425 10.9885 4.1035 995.4918 716.3072 716.3072 694.4104 98.1455 286.8773 164.8801 206.4819 305.6244 888.1702 213.7162 398.5528 70.5603 29.4944 87.4913 41.7761 60.742 897.422;
	0.8477 11.4538 25.5369 7.0092 7.5181 8.1819 9.948 2.2731 12.3621 15.6313 28.8943 43.1046 64.8938 58.9548 167.1856 62.9862 78.1495 82.8152 75.4832 62.6876 3.316 19.091 56.1263 48.6714 26.5554 6.8495 3.726 842.5931 622.719 622.719 623.1589 82.9842 251.6106 161.3579 184.8312 265.6934 748.9948 193.961 318.9305 71.1306 27.5471 90.7643 36.8951 62.7537 756.7968;
	0.8408 11.3605 17.5627 27.6553 7.4468 1.5789 5.3759 1.1379 9.051 11.5341 21.3206 31.8061 47.8839 62.5801 158.0539 59.5459 73.881 78.2918 71.385 59.1812 1.792 3.6841 51.8893 41.5534 24.722 2.1881 2.1484 842.852 534.2421 534.2421 536.7723 82.2768 237.95 152.3325 196.1972 227.9433 599.94 184.1896 230.2167 66.2197 21.6526 17.5154 0.0221 27.3041 606.1894;
	0.4852 6.556 0.0896 0.9844 5.7393 2.0192 3.8113 0.2508 8.5962 14.698 27.169 40.5308 61.0189 64.104 158.6174 59.7582 74.1444 78.5709 74.9761 57.0869 1.2704 4.7114 54.0125 32.2063 14.9052 4.8127 1.5163 776.828 505.4626 505.4626 564.46 84.6986 249.9204 146.9417 200.9748 215.664 689.4273 190.0633 236.675 39.9245 29.0505 22.3991 0.0044 2.3527 696.6088;
	0.9828 13.2799 0.4056 0.3822 2.0193 0.9513 0.0637 0.4087 0.0 19.2638 35.6089 53.1215 79.9741 67.2259 120.9234 45.5572 56.5247 59.8993 82.5374 39.6795 0.0212 2.2198 68.5381 34.3688 13.0448 3.5523 1.7372 732.7267 507.4534 507.4534 585.2277 87.9922 275.1247 102.135 210.7622 216.5135 698.0033 195.1333 348.3005 34.9414 72.6829 10.5535 0.6303 1.4522 705.2742;
	0.3891 5.2577 24.4863 39.9451 0.02 0.3825 0.8017 1.9593 0.0 22.7974 42.1406 62.8655 94.6437 64.526 112.2078 42.2736 52.4506 55.582 3.0981 50.7538 0.2672 0.8926 71.1221 48.5127 21.0365 8.4768 2.416 732.5214 465.7825 465.7825 567.0674 80.3477 10.327 130.6403 202.2978 198.7339 623.8223 179.4177 354.5482 56.3477 78.4469 4.2436 0.0008 2.4338 630.3204;
