function loadprofile = ex_load_profilesh1
%EX_LOAD_PROFILE  Example load profile data file for stochastic unit commitment.
% 2022.03.12
% Andres F. Ramirez

%% define constants
[CT_LABEL, CT_PROB, CT_TABLE, CT_TBUS, CT_TGEN, CT_TBRCH, CT_TAREABUS, ...
    CT_TAREAGEN, CT_TAREABRCH, CT_ROW, CT_COL, CT_CHGTYPE, CT_REP, ...
    CT_REL, CT_ADD, CT_NEWVAL, CT_TLOAD, CT_TAREALOAD, CT_LOAD_ALL_PQ, ...
    CT_LOAD_FIX_PQ, CT_LOAD_DIS_PQ, CT_LOAD_ALL_P, CT_LOAD_FIX_P, ...
    CT_LOAD_DIS_P, CT_TGENCOST, CT_TAREAGENCOST, CT_MODCOST_F, ...
    CT_MODCOST_X] = idx_ct;

loadprofile = struct( ...
    'type', 'mpcData', ...
    'table', CT_TAREALOAD, ...
    'rows', [1:11], ...
    'col', CT_LOAD_ALL_P, ...
    'chgtype', 1, ...
    'values', [] );
loadprofile.values(:,1,:) = [
	1444.6243 963.3 1653.2278 570.7053 818.7532 1105.9254 886.2 250.6 474.7587 4560.7796 1741.8;
	1448.3267 968.3502 1690.9095 580.7574 811.2376 1122.0 878.6 250.0768 466.5049 4522.8018 1710.6138;
	1459.2 981.6886 1713.9985 574.8 818.3387 1132.9863 877.9897 258.7478 485.5054 4548.013 1703.9781;
	1540.7608 1055.2245 1828.319 595.5511 885.1847 1213.1272 923.992 286.1694 526.9044 4712.6867 1814.7694;
	1659.6006 1171.231 2005.6749 628.5397 985.6793 1345.4219 1033.6057 328.5 606.1938 5326.1162 2091.2688;
	1773.1128 1243.6 2092.3638 619.1193 1035.9304 1416.1091 1088.0189 356.5412 669.1543 5896.0413 2211.6216;
	1763.4535 1247.9 2104.8247 602.26 1043.9348 1429.6695 1117.1 355.309 695.0 6217.1172 2236.3173;
	1749.2818 1205.6707 2017.6026 581.9821 1005.8 1362.4891 1062.8 339.0119 670.6994 6047.6689 2085.3187;
	1766.0883 1220.0175 2055.4609 590.5 1004.9274 1344.0473 1043.0756 347.1442 678.8 6252.6406 2128.4371;
	1749.5465 1218.433 2023.1278 599.1792 994.152 1283.3114 1021.5811 343.4 661.4342 6303.4146 1999.0497;
	1708.6937 1217.2408 2030.1287 584.3 975.4545 1288.9957 994.4612 348.4969 660.8592 6294.002 1962.0519;
	1681.2775 1219.5434 2039.173 580.1653 956.1308 1331.0613 1010.8818 357.3173 645.8832 6382.8271 1973.3684;
	1661.4594 1198.0059 2001.9799 580.4421 951.3023 1325.5306 1010.3661 363.5 644.2539 6323.3191 1971.1956;
	1727.4288 1191.7666 1986.2898 563.112 918.9309 1277.4503 1011.7 380.9222 615.6771 6369.2095 1981.4582;
	1725.3363 1207.5775 2034.2284 587.244 926.6731 1340.3269 1025.4052 381.4076 639.0557 6405.5124 2068.1936;
	1715.5905 1227.6 2076.8071 573.1885 957.1522 1391.4115 1056.7796 388.1 664.2 6370.3716 2198.3873;
	1783.1 1264.8826 2145.211 600.1315 1002.8524 1451.4966 1105.5471 398.0 670.5 6317.0682 2248.3986;
	1895.6627 1309.717 2190.8132 607.2082 1056.7358 1495.9998 1175.0618 412.4778 719.7 6365.5008 2445.1425;
	1896.8597 1289.9922 2134.1131 607.0552 1041.0516 1478.2872 1161.0181 393.6748 711.118 6095.2677 2342.7416;
	1786.369 1203.3638 2045.5488 590.8294 1001.2239 1410.6711 1090.9677 379.5165 651.9328 5869.5 2122.5525;
	1704.1302 1125.9788 1901.0568 577.4258 916.4502 1312.6359 1005.2522 336.6005 600.078 5442.0136 1918.6808;
	1611.3297 1065.1478 1841.4506 577.5895 909.3 1242.4371 959.4515 317.2531 565.1668 5115.0301 1870.1194;
	1567.6626 1030.5 1739.1869 583.0808 847.1821 1160.7 841.1799 263.6811 544.4497 4814.2968 1709.5755;
	1517.1779 983.6432 1695.7714 583.7603 837.9689 1144.7393 874.9537 281.6416 547.0 4708.1911 1751.005;
];
