function windprofile = ex_wind_profilesh1
%EX_WIND_PROFILE_D  Example wind_load_nyiso profile data for deterministic unit commitment.
% 2022.03.12
% Andres F. Ramirez


%% define constants
[GEN_BUS, PG, QG, QMAX, QMIN, VG, MBASE, GEN_STATUS, PMAX, PMIN, ...
    MU_PMAX, MU_PMIN, MU_QMAX, MU_QMIN, PC1, PC2, QC1MIN, QC1MAX, ...
    QC2MIN, QC2MAX, RAMP_AGC, RAMP_10, RAMP_30, RAMP_Q, APF] = idx_gen;
[CT_LABEL, CT_PROB, CT_TABLE, CT_TBUS, CT_TGEN, CT_TBRCH, CT_TAREABUS, ...
    CT_TAREAGEN, CT_TAREABRCH, CT_ROW, CT_COL, CT_CHGTYPE, CT_REP, ...
    CT_REL, CT_ADD, CT_NEWVAL, CT_TLOAD, CT_TAREALOAD, CT_LOAD_ALL_PQ, ...
    CT_LOAD_FIX_PQ, CT_LOAD_DIS_PQ, CT_LOAD_ALL_P, CT_LOAD_FIX_P, ...
    CT_LOAD_DIS_P, CT_TGENCOST, CT_TAREAGENCOST, CT_MODCOST_F, ...
    CT_MODCOST_X] = idx_ct;

windprofile = struct( ...
    'type', 'mpcData', ...
    'table', CT_TGEN, ...
    'rows', [1:45], ...
    'col', PMAX, ...
    'chgtype', 1, ...
    'values', [] );
windprofile.values(:,1,:) = [
	3.6819 49.7507 89.2477 107.3767 15.3435 31.1497 26.0425 10.4335 26.8992 30.1306 55.696 83.0875 125.0878 66.5997 184.4197 69.4791 86.2055 91.3521 89.7912 69.563 8.6808 72.6827 72.1293 84.7788 88.5946 62.1611 7.5719 1079.7326 752.4636 752.4636 751.0099 108.2403 299.3041 179.0554 208.7991 321.0511 1079.5887 285.5946 441.8548 237.3071 116.0332 345.5546 190.1142 230.2041 1090.8344;
	3.6499 49.3183 82.4411 96.688 14.9258 30.3457 26.4475 8.8481 27.075 28.9501 53.5139 79.8322 120.1869 66.7482 191.8648 72.284 89.6856 95.04 90.9941 70.5531 8.8158 70.8067 74.7623 77.1809 79.0626 59.3805 5.4318 1079.5476 749.8939 749.8939 729.1444 110.8029 303.3136 181.6039 209.2646 319.9547 1126.267 247.8983 443.5257 211.7749 113.1893 336.6352 198.1015 225.069 1137.9989;
	3.7918 51.2358 88.0268 91.3743 14.9823 32.6989 25.4986 8.8362 27.5302 28.7268 53.1011 79.2164 119.2599 66.0072 184.258 69.4181 86.1299 91.272 92.5604 70.3657 8.4995 76.2974 72.2618 81.6309 74.4975 56.4721 6.6583 1152.3932 782.6209 782.6209 753.3589 112.8564 308.5346 181.1214 206.9416 333.9182 1144.7293 254.6038 460.0963 199.5469 112.2023 362.7396 197.741 238.6144 1156.6536;
	3.8332 51.7943 87.2526 100.5663 14.9508 33.1796 23.4806 8.8574 26.935 28.8899 53.4025 79.666 119.9368 64.6065 194.4358 73.2526 90.8874 96.3136 92.2349 71.1262 7.8269 77.4191 72.55 81.6591 75.5004 50.6233 6.3361 1107.0281 801.2999 801.2999 770.2009 112.2247 307.4497 183.0789 202.5502 341.8879 1175.8564 254.6576 444.0544 202.2333 104.5392 368.0724 204.6654 239.988 1188.105;
	3.7226 50.3002 83.5671 82.7331 14.7928 31.7607 19.28 7.093 22.9249 28.3174 52.3443 78.0874 117.5602 64.7115 188.8011 71.1297 88.2535 93.5224 91.2666 71.1847 6.4267 74.1083 72.2786 81.477 60.1297 39.8253 5.5817 1123.0812 754.8918 754.8918 695.8727 101.5211 304.222 183.2295 202.8792 322.0872 1110.5225 229.4148 384.3362 161.0618 104.8193 352.3322 204.5398 207.3862 1122.0905;
	3.8686 52.2734 81.8065 76.0723 14.5754 31.3927 16.7993 6.0422 25.0805 30.0825 55.607 82.9547 124.8879 63.475 188.0231 70.8366 87.8898 93.137 90.6344 70.7467 5.5998 73.2497 74.8285 79.7332 52.2494 29.5217 4.0472 1124.6348 717.5121 717.5121 654.1926 95.1151 302.1147 182.1023 199.0027 306.1385 1150.9517 215.1109 351.022 139.9537 89.3242 348.2499 198.5267 177.7342 1162.9408;
	3.7664 50.8929 75.6109 65.6532 14.8841 29.6539 14.2028 5.2818 18.7675 29.0049 53.6152 79.9833 120.4144 65.2196 196.7385 74.1201 91.9638 97.4542 89.879 71.3085 4.7343 69.1923 73.7619 78.4993 47.9266 20.9738 3.3825 1161.6613 670.9684 670.9684 552.1651 60.0427 299.5965 183.5482 204.4721 286.2798 1090.3946 187.7051 265.6999 128.3748 72.6352 328.9602 174.2463 128.6729 1101.7529;
	3.8014 51.3653 75.3194 71.2219 15.1265 28.0009 16.3585 5.7222 18.1695 25.4095 46.969 70.0685 105.4878 67.0246 199.695 75.2339 93.3458 98.9187 92.4569 71.6619 5.4528 65.3354 61.8072 83.8411 55.9122 19.1805 3.1159 1228.2417 685.7803 685.7803 648.2178 61.8041 308.1896 184.4578 210.1312 292.5996 1119.2875 204.144 248.6157 149.7649 82.8326 310.6233 164.6805 135.7258 1130.9468;
	3.3253 44.9322 58.1641 58.5772 14.5235 22.5256 16.4189 3.8401 20.5469 22.7061 41.9718 62.6137 94.2645 66.9387 192.671 72.5877 90.0625 95.4394 92.3775 70.8471 5.473 52.5598 52.9964 79.3161 50.9052 10.0694 1.9979 1207.1635 786.2223 786.2223 783.383 92.3883 307.925 182.3606 209.8618 335.4549 1143.5155 248.0485 234.1429 136.3531 60.1693 249.8841 150.3477 131.7836 1155.4271;
	3.0427 41.1138 50.012 58.5544 14.7792 18.9436 21.5786 2.1341 22.3797 20.2808 37.4887 55.9258 84.1959 66.7769 190.1844 71.6509 88.9002 94.2076 91.7866 69.6095 7.1929 44.2018 46.0562 67.3699 32.2819 6.2865 1.1412 1157.2489 796.3239 796.3239 786.7363 111.356 305.9552 179.1751 209.3545 339.7649 1209.2998 236.0002 358.1714 86.4694 48.5818 210.1482 139.0404 116.8197 1221.8966;
	2.4791 33.498 38.1589 39.8773 14.3276 14.1614 19.7509 1.0246 20.0748 16.2212 29.9846 44.7312 67.3426 67.4037 169.2346 63.7581 79.1073 83.8302 87.4766 67.451 6.5836 33.0432 37.1808 52.8694 20.6127 4.3705 0.8233 1159.4915 799.1495 799.1495 760.5009 104.6882 291.5886 173.619 211.3197 340.9705 1157.0312 225.1476 387.6714 55.2125 36.5049 157.0967 92.4866 89.5555 1169.0836;
	1.642 22.1868 30.6062 24.2696 10.9858 10.2908 19.5846 1.3803 17.7019 15.8984 29.388 43.8411 66.0025 65.5597 157.3507 59.2809 73.5523 77.9435 75.3564 60.6666 6.5282 24.0119 42.6156 39.2882 18.6696 6.0208 1.586 985.5423 685.8612 685.8612 676.0978 99.3246 251.1878 156.156 205.5385 292.6341 1007.5239 202.374 382.0363 50.0079 24.3021 114.1595 64.1657 77.5839 1018.019;
	1.1208 15.1447 27.6939 23.6483 10.0597 7.9142 19.1581 2.1446 15.6391 14.4345 26.6819 39.8042 59.925 64.6102 170.0535 64.0667 79.4901 84.2358 82.4984 68.1077 6.386 18.4664 41.9529 37.8374 20.846 10.0538 2.4548 1005.1264 741.9332 741.9332 683.8761 92.1469 274.9947 175.3094 202.5618 316.5582 1055.6191 208.2459 409.2342 55.8374 24.1563 87.7943 52.6816 51.4108 1066.6151;
	0.8813 11.9089 24.6961 28.0782 8.9751 8.1726 14.3105 2.2879 13.7702 17.2382 31.8646 47.5358 71.5648 62.5189 169.7346 63.9465 79.3411 84.0778 81.9363 66.7593 4.7702 19.0694 53.531 37.889 23.2148 9.2307 3.4329 875.7183 697.291 697.291 646.4756 85.6578 273.1209 171.8386 196.0053 297.5108 886.4932 209.5916 398.2131 62.1824 25.2341 90.6614 39.4256 47.4916 895.7275;
	0.8618 11.6442 25.7231 3.2902 7.7691 8.183 11.3128 2.0196 12.2112 17.085 31.5813 47.1131 70.9286 63.4919 156.4965 58.9591 73.153 77.5203 70.2663 67.3908 3.7709 19.0938 58.0164 48.9927 27.2449 6.679 3.4637 801.734 625.8334 625.8334 589.1455 72.6143 234.2209 173.464 199.0556 267.0223 799.706 194.5103 324.6547 72.9773 27.5339 90.7771 34.1795 46.9519 808.0363;
	0.8701 11.7566 19.1566 26.0195 8.5651 0.3077 5.5383 1.3796 9.1578 14.0853 26.0364 38.8412 58.4753 65.3953 168.5003 63.4815 78.7641 83.4664 78.6889 70.5995 1.8461 0.718 52.7883 41.3164 25.5963 3.8262 2.3688 779.5715 509.4949 509.4949 510.6097 75.1025 262.2962 181.7234 205.0231 217.3845 603.498 183.6314 224.4492 68.5615 27.0021 3.4135 5.4464 13.3309 609.7845;
	0.4658 6.2939 7.0223 0.0 6.6452 0.001 3.7917 0.0 10.6969 6.7123 12.4075 18.5096 27.866 63.7602 161.2933 60.7663 75.3953 79.8965 78.9496 65.0401 1.2639 0.0024 27.5374 29.2608 14.4034 3.3306 1.3266 784.9089 539.3377 539.3377 580.4923 74.7261 263.1654 167.4134 199.8967 230.1174 772.2279 193.4562 222.3262 38.5807 27.4607 0.0113 2.6873 0.0001 780.2719;
	1.1418 15.4284 23.1429 8.3807 3.3555 8.0613 1.8065 0.021 0.9 16.0484 29.6652 44.2547 66.6252 66.4337 127.8657 48.1727 59.7698 63.3381 83.1968 51.715 0.6022 18.8097 56.1625 33.5095 14.8168 1.2553 1.5986 773.3631 543.9024 543.9024 575.9064 75.3797 277.3225 133.1146 208.2786 232.065 762.7352 196.2078 313.0546 39.6878 76.3915 89.4266 47.6255 1.5583 770.6803;
