function solarprofile = ex_solar_profilesh1
%EX_WIND_PROFILE_D  Example wind_load_nyiso profile data for deterministic unit commitment.
% 2022.03.12
% Andres F. Ramirez


%% define constants
[GEN_BUS, PG, QG, QMAX, QMIN, VG, MBASE, GEN_STATUS, PMAX, PMIN, ...
    MU_PMAX, MU_PMIN, MU_QMAX, MU_QMIN, PC1, PC2, QC1MIN, QC1MAX, ...
    QC2MIN, QC2MAX, RAMP_AGC, RAMP_10, RAMP_30, RAMP_Q, APF] = idx_gen;
[CT_LABEL, CT_PROB, CT_TABLE, CT_TBUS, CT_TGEN, CT_TBRCH, CT_TAREABUS, ...
    CT_TAREAGEN, CT_TAREABRCH, CT_ROW, CT_COL, CT_CHGTYPE, CT_REP, ...
    CT_REL, CT_ADD, CT_NEWVAL, CT_TLOAD, CT_TAREALOAD, CT_LOAD_ALL_PQ, ...
    CT_LOAD_FIX_PQ, CT_LOAD_DIS_PQ, CT_LOAD_ALL_P, CT_LOAD_FIX_P, ...
    CT_LOAD_DIS_P, CT_TGENCOST, CT_TAREAGENCOST, CT_MODCOST_F, ...
    CT_MODCOST_X] = idx_ct;

solarprofile = struct( ...
    'type', 'mpcData', ...
    'table', CT_TGEN, ...
    'rows', [1:12], ...
    'col', PMAX, ...
    'chgtype', 1, ...
    'values', [] );
solarprofile.values(:,1,:) = [
	0.0 0.0 0.0 0.0 0.0 0.0 0.0 0.0 0.0 0.0 0.0 0.0;
	0.0 0.0 0.0 0.0 0.0 0.0 0.0 0.0 0.0 0.0 0.0 0.0;
	0.0 0.0 0.0 0.0 0.0 0.0 0.0 0.0 0.0 0.0 0.0 0.0;
	0.0 0.0 0.0 0.0 0.0 0.0 0.0 0.0 0.0 0.0 0.0 0.0;
	0.0 0.0 0.0 0.0 0.0 0.0 0.0 0.0 0.0 0.0 0.0 0.0;
	0.1575 0.1862 0.245 0.0 0.0 0.0 0.0 0.0 0.0 0.0 0.0 0.0;
	8.9654 7.1358 5.7737 0.788 0.6905 302.46 37.8075 21.7796 82.4604 44.259 21.3912 80.1532;
	16.7343 13.9318 10.9927 2.1358 2.7065 410.3121 51.289 42.3003 215.0577 228.4399 81.2548 413.706;
	22.4211 16.6083 13.8 5.3788 4.5688 414.7506 51.8438 56.8467 258.1844 315.1024 171.4766 570.6524;
	25.7222 16.7607 13.8216 7.3899 2.4234 393.8287 49.2286 70.2062 279.5115 243.3871 170.2275 440.7755;
	26.0825 16.7567 13.8808 6.3966 1.3643 388.182 48.5228 69.2668 265.5278 195.0459 179.2035 353.2294;
	26.0148 16.5353 13.7991 4.8997 0.8017 364.1792 45.5224 64.0574 238.2647 147.8185 184.2644 267.7002;
	25.7685 16.4162 13.7855 5.5376 2.477 390.6622 48.8328 65.717 234.2065 336.8868 250.7845 610.1039;
	21.9334 15.949 13.7008 5.8579 3.4294 391.6329 48.9541 64.653 222.9673 336.3715 234.773 609.1709;
	15.759 11.2058 10.6401 4.8538 3.214 388.6688 48.5836 62.025 209.4046 292.0234 207.9382 528.8561;
	7.2295 5.7872 4.1892 4.1564 8.5106 392.7541 49.0943 49.8134 175.4242 189.3208 143.3246 342.8611;
	0.9221 0.7527 0.5215 1.5373 3.484 71.8295 8.9787 10.0939 37.5779 65.9518 40.948 119.4391;
	0.0 0.0 0.0 0.0 0.0 0.0 0.0 0.0 0.0 0.0 0.0 0.0;
	0.0 0.0 0.0 0.0 0.0 0.0 0.0 0.0 0.0 0.0 0.0 0.0;
	0.0 0.0 0.0 0.0 0.0 0.0 0.0 0.0 0.0 0.0 0.0 0.0;
	0.0 0.0 0.0 0.0 0.0 0.0 0.0 0.0 0.0 0.0 0.0 0.0;
	0.0 0.0 0.0 0.0 0.0 0.0 0.0 0.0 0.0 0.0 0.0 0.0;
	0.0 0.0 0.0 0.0 0.0 0.0 0.0 0.0 0.0 0.0 0.0 0.0;
	0.0 0.0 0.0 0.0 0.0 0.0 0.0 0.0 0.0 0.0 0.0 0.0;
];
