function windprofile = ex_wind_profilesh1
%EX_WIND_PROFILE_D  Example wind_load_nyiso profile data for deterministic unit commitment.
% 2022.03.12
% Andres F. Ramirez


%% define constants
[GEN_BUS, PG, QG, QMAX, QMIN, VG, MBASE, GEN_STATUS, PMAX, PMIN, ...
    MU_PMAX, MU_PMIN, MU_QMAX, MU_QMIN, PC1, PC2, QC1MIN, QC1MAX, ...
    QC2MIN, QC2MAX, RAMP_AGC, RAMP_10, RAMP_30, RAMP_Q, APF] = idx_gen;
[CT_LABEL, CT_PROB, CT_TABLE, CT_TBUS, CT_TGEN, CT_TBRCH, CT_TAREABUS, ...
    CT_TAREAGEN, CT_TAREABRCH, CT_ROW, CT_COL, CT_CHGTYPE, CT_REP, ...
    CT_REL, CT_ADD, CT_NEWVAL, CT_TLOAD, CT_TAREALOAD, CT_LOAD_ALL_PQ, ...
    CT_LOAD_FIX_PQ, CT_LOAD_DIS_PQ, CT_LOAD_ALL_P, CT_LOAD_FIX_P, ...
    CT_LOAD_DIS_P, CT_TGENCOST, CT_TAREAGENCOST, CT_MODCOST_F, ...
    CT_MODCOST_X] = idx_ct;

windprofile = struct( ...
    'type', 'mpcData', ...
    'table', CT_TGEN, ...
    'rows', [1:45], ...
    'col', PMAX, ...
    'chgtype', 1, ...
    'values', [] );
windprofile.values(:,1,:) = [
	3.6045 48.7052 91.5214 110.6802 14.882 32.0164 28.8256 12.3173 27.3555 27.5131 50.8576 75.8695 114.2212 65.1378 182.705 68.833 85.404 90.5027 85.3337 67.9741 9.6085 74.705 60.0258 85.6618 94.3553 65.4869 9.3149 1189.6553 747.7492 747.7492 756.7645 115.1309 284.4457 174.9654 204.2159 319.0396 1085.0056 301.398 476.46 252.7374 113.279 355.169 196.0469 235.5087 1096.3077;
	3.7018 50.0201 91.365 113.0512 14.9373 32.955 30.2632 12.2175 28.0678 27.1503 50.187 74.8691 112.715 67.037 189.4898 71.3892 88.5755 93.8636 88.9338 71.6755 10.0877 76.8949 68.9012 87.3322 99.0558 66.2691 8.1889 1206.195 785.4209 785.4209 770.0477 115.9098 296.4458 184.4928 210.17 335.1129 1206.8115 290.4231 478.0331 265.3281 119.754 365.5805 201.1974 240.6923 1219.3825;
	3.7302 50.4032 91.6254 102.4507 15.3355 34.1745 29.8553 10.8026 28.4339 26.9667 49.8475 74.3627 111.9527 68.8465 183.9072 69.286 85.9659 91.0982 86.8442 69.4597 9.9518 79.7405 61.4195 88.976 89.7104 63.3152 8.4563 1253.3285 806.9871 806.9871 804.973 120.4699 289.4806 178.7894 215.843 344.3145 1199.6978 291.7994 479.9304 240.2957 122.8947 379.1089 187.3486 252.8296 1212.1947;
	3.6922 49.8893 90.9977 102.7273 15.2336 34.093 25.3342 11.6629 28.243 27.3149 50.4912 75.323 113.3984 67.0731 188.4859 71.011 88.1062 93.3663 86.6908 70.1793 8.4447 79.5503 64.6194 89.0314 88.3179 61.0116 7.8216 1212.1621 807.3302 807.3302 800.0003 117.3244 288.9694 180.6416 210.2832 344.4609 1222.2806 278.8338 471.8171 236.5659 118.2107 378.2048 196.329 249.0118 1235.0127;
	3.6644 49.5138 87.2967 87.0418 15.1434 33.987 22.6722 8.1773 25.5377 27.0481 49.998 74.5872 112.2906 66.3449 194.1626 73.1496 90.7597 96.1782 88.002 73.2132 7.5574 79.3031 68.7503 88.1415 67.352 52.9924 6.2699 1251.4525 785.4058 785.4058 739.7133 107.238 293.34 188.4508 208.0001 335.1065 1192.8737 251.4831 422.1788 180.4071 117.5689 377.0295 199.8287 219.5739 1205.2995;
	3.7555 50.745 85.9554 79.7874 15.1026 32.9294 18.6606 5.7131 25.9798 27.0774 50.0521 74.6679 112.4121 65.1847 183.5494 69.1512 85.7987 90.921 88.6796 71.3074 6.2202 76.8352 64.2882 82.5392 48.2715 36.0074 4.5729 1254.0046 761.8766 761.8766 686.1142 95.2054 295.5987 183.5455 204.3627 325.0673 1190.3077 227.2668 377.2024 129.2988 105.1269 365.2963 195.1162 181.3335 1202.7068;
	3.47 46.8875 78.9294 68.9182 15.027 30.7913 16.185 5.2797 18.7605 23.9089 44.1952 65.9305 99.258 64.9326 186.7147 70.3437 87.2782 92.4889 85.7699 70.814 5.395 71.8465 56.3503 80.0952 43.6628 25.9356 4.1464 1200.0048 710.1589 710.1589 568.3346 60.2895 285.8996 182.2753 203.5724 303.0011 1121.1011 204.1109 289.5324 116.9539 87.0787 341.5786 171.6749 138.7243 1132.7792;
	3.6455 49.2585 74.9304 72.8758 15.3585 31.1677 18.5082 5.3994 16.5819 20.6249 38.1248 56.8747 85.6246 66.944 183.4311 69.1066 85.7434 90.8624 89.5723 68.6091 6.1694 72.7247 38.4351 82.2638 53.8215 20.5546 3.3776 1228.1351 730.6837 730.6837 638.3041 63.9399 298.5744 176.6 209.8783 311.7584 1170.936 213.6426 272.2827 144.1647 90.5069 345.754 171.3631 147.3148 1183.1332;
	3.2386 43.7601 63.4283 66.7964 15.2734 27.4192 18.6875 3.6646 21.0601 22.2071 41.0496 61.2379 92.1933 67.8761 178.342 67.1893 83.3645 88.3415 87.8231 66.4388 6.2292 63.9782 51.3131 80.5142 49.5302 11.5756 1.9507 1257.3683 825.7088 825.7088 762.2754 89.0276 292.7436 171.0137 212.8009 352.3024 1191.977 257.9609 273.0785 132.6702 58.0054 304.1707 168.6901 154.0342 1204.3934;
	2.9362 39.6748 49.7937 52.1589 15.2126 22.5475 23.58 1.494 21.7451 19.2062 35.5023 52.9625 79.7347 68.6656 173.6064 65.4052 81.1509 85.9957 91.2385 67.9371 7.86 52.6107 44.6093 63.3724 24.676 3.5578 0.0 1137.5403 783.1888 783.1888 762.5812 105.3914 304.1282 174.8702 215.276 334.1605 1179.6855 238.467 381.186 66.0964 43.4323 250.1265 147.2126 118.5328 1191.9739;
	2.4636 33.2893 37.8268 40.5077 14.655 16.5389 22.9654 0.5794 20.8517 16.7113 30.8905 46.0826 69.3771 68.9831 167.6206 63.1501 78.3529 83.0307 91.5919 71.0039 7.6551 38.5907 40.4487 52.9558 19.6053 2.6132 0.4009 1196.9117 814.0591 814.0591 766.3748 104.0542 305.3063 182.7642 216.2713 347.3319 1180.9228 243.462 418.6276 52.5143 34.7133 183.471 104.4948 90.0343 1193.224;
	1.7253 23.3129 30.9227 26.304 11.2812 12.6168 22.7675 0.5007 19.2997 17.1254 31.6561 47.2247 71.0965 67.3183 168.616 63.5251 78.8182 83.5238 91.0476 69.2991 7.5892 29.4392 41.9327 40.6193 17.0841 4.1452 0.3893 1092.7808 747.7572 747.7572 719.4356 102.5402 303.4919 178.3762 211.0518 319.0431 1102.9842 212.2436 423.544 45.7609 16.2445 139.9621 73.8254 66.3839 1114.4736;
	1.1732 15.8523 27.7456 27.2932 9.6356 10.7402 22.1913 0.7313 16.5681 15.0317 27.7859 41.4511 62.4044 67.1818 168.7539 63.5771 78.8826 83.5921 89.3019 69.9191 7.3971 25.0604 39.8576 34.6248 18.5698 3.8515 0.8099 1037.527 761.6587 761.6587 727.4216 95.1171 297.6728 179.972 210.6241 324.9744 1106.4138 211.2707 454.3779 49.7405 25.5074 119.1443 60.0074 33.6827 1117.939;
	0.8443 11.4086 20.8517 27.1639 8.0231 9.3803 15.576 0.7745 13.9159 18.2099 33.6607 50.2152 75.5986 66.3192 169.9431 64.0251 79.4385 84.1811 87.5655 68.9567 5.192 21.8873 49.4844 22.7978 15.7894 1.2081 1.1664 995.8932 711.9544 711.9544 684.8516 90.6762 291.8849 177.4948 207.9196 303.7672 914.7941 217.4654 429.9547 42.2931 27.3332 104.0583 44.574 0.0 924.3232;
	0.9088 12.2795 21.0169 1.9542 6.877 8.9675 14.1207 1.351 14.1651 17.6929 32.705 48.7894 73.4522 63.3405 167.3928 63.0643 78.2464 82.9178 76.0328 68.8869 4.7069 20.9242 52.7509 45.8874 19.9511 1.9537 1.9811 830.2343 632.2705 632.2705 588.4881 74.997 253.4425 177.3149 198.5809 269.7688 778.27 198.3838 348.9116 53.4403 26.2228 99.4795 41.6286 45.1779 786.377;
	0.9365 12.6543 12.8646 26.3851 7.2595 5.13 6.9266 0.6724 9.9339 15.3733 28.4172 42.3929 63.8223 63.2686 167.2404 63.0068 78.1752 82.8423 79.0788 69.7181 2.3089 11.9701 50.6175 40.1608 17.9976 0.0 1.6751 801.9487 549.1866 549.1866 541.8488 74.5878 263.5959 179.4545 198.3555 234.3196 627.0922 194.1128 236.8883 48.2079 25.3377 56.9091 48.178 12.7167 633.6244;
	0.5457 7.3737 0.4518 1.7288 6.3899 17.6346 4.4754 0.0028 11.5591 18.8157 34.7806 51.8858 78.1138 52.8773 171.2114 64.5029 80.0314 84.8094 82.3801 68.0336 1.4918 41.1474 54.6792 41.8017 11.8971 3.3304 1.5459 787.6981 516.496 516.496 563.6991 77.0884 274.6004 175.1186 165.7775 220.3716 732.8188 191.814 225.8254 31.8671 32.3458 195.6267 39.749 3.0182 740.4523;
	1.077 14.5531 5.851 17.8805 3.0257 19.5473 9.9701 0.0 1.7425 21.0585 38.9263 58.0703 87.4246 55.1201 141.5604 53.332 66.1712 70.1218 83.976 60.7541 3.3234 45.6103 67.4774 38.0435 8.3714 1.9853 1.5013 752.289 519.9383 519.9383 588.8017 81.2979 279.9201 156.3813 172.809 221.8403 722.6058 192.3799 327.578 22.4233 64.5363 216.8445 11.5321 7.2103 730.1329;
	0.4873 6.5845 25.7941 41.1125 1.0276 13.4065 7.5421 1.8063 1.4395 24.9488 46.1176 68.7983 103.5755 54.6004 117.4601 44.2524 54.9057 58.1837 8.1641 64.9041 2.514 31.2818 71.9196 52.5695 22.7488 7.8716 2.0403 781.0703 473.0734 473.0734 572.8564 69.2132 27.2138 167.0634 171.1798 201.8446 654.571 171.5588 348.429 60.9344 84.059 148.7227 16.5041 75.4347 661.3894;
