function solarprofile = ex_solar_profilesh1
%EX_WIND_PROFILE_D  Example wind_load_nyiso profile data for deterministic unit commitment.
% 2022.03.12
% Andres F. Ramirez


%% define constants
[GEN_BUS, PG, QG, QMAX, QMIN, VG, MBASE, GEN_STATUS, PMAX, PMIN, ...
    MU_PMAX, MU_PMIN, MU_QMAX, MU_QMIN, PC1, PC2, QC1MIN, QC1MAX, ...
    QC2MIN, QC2MAX, RAMP_AGC, RAMP_10, RAMP_30, RAMP_Q, APF] = idx_gen;
[CT_LABEL, CT_PROB, CT_TABLE, CT_TBUS, CT_TGEN, CT_TBRCH, CT_TAREABUS, ...
    CT_TAREAGEN, CT_TAREABRCH, CT_ROW, CT_COL, CT_CHGTYPE, CT_REP, ...
    CT_REL, CT_ADD, CT_NEWVAL, CT_TLOAD, CT_TAREALOAD, CT_LOAD_ALL_PQ, ...
    CT_LOAD_FIX_PQ, CT_LOAD_DIS_PQ, CT_LOAD_ALL_P, CT_LOAD_FIX_P, ...
    CT_LOAD_DIS_P, CT_TGENCOST, CT_TAREAGENCOST, CT_MODCOST_F, ...
    CT_MODCOST_X] = idx_ct;

solarprofile = struct( ...
    'type', 'mpcData', ...
    'table', CT_TGEN, ...
    'rows', [1:12], ...
    'col', PMAX, ...
    'chgtype', 1, ...
    'values', [] );
solarprofile.values(:,1,:) = [
	0.0 0.0 0.0 0.0 0.0 0.0 0.0 0.0 0.0 0.0 0.0 0.0;
	0.0 0.0 0.0 0.0 0.0 0.0 0.0 0.0 0.0 0.0 0.0 0.0;
	0.0 0.0 0.0 0.0 0.0 0.0 0.0 0.0 0.0 0.0 0.0 0.0;
	0.0 0.0 0.0 0.0 0.0 0.0 0.0 0.0 0.0 0.0 0.0 0.0;
	0.0 0.0 0.0 0.0 0.0 0.0 0.0 0.0 0.0 0.0 0.0 0.0;
	0.1575 0.1621 0.24 0.0 0.0 0.0 0.0 0.0 0.0 0.0 0.0 0.0;
	4.5237 5.8319 2.3009 0.652 0.5077 141.4552 17.6819 10.7781 14.9182 54.8579 22.7207 99.348;
	17.0016 14.8864 9.3941 0.9001 0.3231 226.2139 28.2767 31.4342 32.3718 115.7722 26.1459 209.6642;
	23.1209 16.6083 13.7614 2.2377 0.2196 200.0858 25.0107 43.7653 36.3891 187.2924 70.6092 339.1876;
	25.6435 16.474 13.7435 4.3089 0.738 111.0298 13.8787 47.411 31.7873 273.6806 164.3636 495.6373;
	23.2192 16.2862 13.3304 5.6605 1.6359 248.4834 31.0604 50.7092 58.2925 310.9642 184.1035 563.1581;
	24.9725 16.5238 13.5969 6.0736 2.5496 334.4127 41.8016 53.0381 111.4383 300.3421 173.9312 543.9214;
	26.6081 16.9125 13.9137 8.4884 7.5394 428.6825 53.5853 64.4956 205.8266 341.4098 190.3264 618.2951;
	26.5274 17.1706 14.1596 8.1002 6.5668 409.2754 51.1594 64.5874 198.272 336.3715 175.9648 609.1709;
	25.3821 17.163 14.0744 6.2375 5.2633 349.0885 43.6361 63.0486 145.8795 258.2433 139.2017 467.6801;
	15.093 10.8007 8.298 6.2056 9.847 137.2631 17.1579 54.9414 36.2598 58.4068 119.234 105.775;
	1.1056 0.9287 0.5961 1.6143 3.6328 58.8575 7.3572 13.8962 34.9853 58.1044 38.5633 105.2275;
	0.0 0.0 0.0 0.0 0.0 0.0 0.0 0.0 0.0 0.0 0.0 0.0;
	0.0 0.0 0.0 0.0 0.0 0.0 0.0 0.0 0.0 0.0 0.0 0.0;
	0.0 0.0 0.0 0.0 0.0 0.0 0.0 0.0 0.0 0.0 0.0 0.0;
	0.0 0.0 0.0 0.0 0.0 0.0 0.0 0.0 0.0 0.0 0.0 0.0;
	0.0 0.0 0.0 0.0 0.0 0.0 0.0 0.0 0.0 0.0 0.0 0.0;
	0.0 0.0 0.0 0.0 0.0 0.0 0.0 0.0 0.0 0.0 0.0 0.0;
	0.0 0.0 0.0 0.0 0.0 0.0 0.0 0.0 0.0 0.0 0.0 0.0;
];
