function loadprofile = ex_load_profilesh1
%EX_LOAD_PROFILE  Example load profile data file for stochastic unit commitment.
% 2022.03.12
% Andres F. Ramirez

%% define constants
[CT_LABEL, CT_PROB, CT_TABLE, CT_TBUS, CT_TGEN, CT_TBRCH, CT_TAREABUS, ...
    CT_TAREAGEN, CT_TAREABRCH, CT_ROW, CT_COL, CT_CHGTYPE, CT_REP, ...
    CT_REL, CT_ADD, CT_NEWVAL, CT_TLOAD, CT_TAREALOAD, CT_LOAD_ALL_PQ, ...
    CT_LOAD_FIX_PQ, CT_LOAD_DIS_PQ, CT_LOAD_ALL_P, CT_LOAD_FIX_P, ...
    CT_LOAD_DIS_P, CT_TGENCOST, CT_TAREAGENCOST, CT_MODCOST_F, ...
    CT_MODCOST_X] = idx_ct;

loadprofile = struct( ...
    'type', 'mpcData', ...
    'table', CT_TAREALOAD, ...
    'rows', [1:11], ...
    'col', CT_LOAD_ALL_P, ...
    'chgtype', 1, ...
    'values', [] );
loadprofile.values(:,1,:) = [
	1505.7965 938.0824 1598.443 574.2 819.0962 1187.9268 900.0 276.2642 502.6027 4462.1098 1713.4842;
	1481.2765 955.7543 1621.5522 569.1 816.6094 1179.0683 889.3 269.5406 490.2792 4391.893 1694.4714;
	1491.1 984.6399 1632.8326 580.4 807.2489 1190.1425 912.0752 266.9928 502.5512 4458.4471 1736.9;
	1579.0171 1048.2012 1740.2792 600.7 887.2888 1254.6 953.2013 290.05 536.6274 4690.2602 1824.6731;
	1717.025 1165.0704 1967.493 630.1849 1004.2372 1401.5 1039.3263 327.3 608.2193 5178.7039 2056.3;
	1848.9875 1244.4354 2083.7689 643.2608 1077.6107 1513.077 1112.0 358.5 672.2046 5815.3625 2193.7203;
	1899.5865 1253.8 2078.8487 627.3225 1086.5859 1496.4726 1153.6752 357.5741 699.7 6258.1251 2244.7477;
	1838.666 1223.4676 2023.5034 610.2 1029.5718 1507.3 1149.6443 356.7442 703.9 6519.0888 2261.7862;
	1818.3 1209.1596 2030.0158 606.4707 1034.3945 1436.7 1090.7268 349.7096 692.1722 6519.7716 2176.1507;
	1828.3872 1160.935 1973.3991 603.5935 1016.0858 1389.8994 1062.2529 339.8786 681.3442 6480.3789 2132.9323;
	1858.4835 1197.3641 1953.428 592.5509 1013.4 1373.1886 1060.0826 335.1074 665.594 6504.6209 2078.7345;
	1818.5218 1174.6574 1898.5928 592.9 957.4698 1343.7049 990.2444 295.0304 636.0686 6356.6474 1956.1518;
	1804.1627 1181.2016 1886.5737 592.3448 954.2201 1331.5847 1027.1428 324.6 665.0622 6473.0279 2123.5064;
	1760.7176 1179.3727 1910.6227 588.1604 946.7096 1326.0173 1006.0485 315.714 653.0923 6349.2629 2148.2784;
	1747.7799 1165.5829 1878.9479 588.2876 967.8718 1337.4963 1038.78 325.0 677.7817 6521.4017 2268.7405;
	1678.4177 1178.8461 1885.8389 608.0469 984.3578 1371.362 951.8907 312.7174 653.2017 6409.4909 2283.2858;
	1578.4461 1182.4405 1908.5767 623.8543 989.6836 1385.9886 1045.071 339.0478 679.774 6381.7947 2397.8;
	1741.5193 1250.3432 2001.3 620.7774 1063.2937 1444.0555 1094.4213 339.2874 720.3 6437.812 2505.944;
	1830.2928 1275.9096 2003.7782 630.4 1053.2736 1429.8393 1133.9626 367.4329 712.0878 6343.7667 2474.7;
	1782.9275 1229.1055 1929.9993 603.4 1036.9618 1380.5529 1072.8107 344.3812 686.3731 6122.7681 2369.7754;
	1685.7677 1147.9 1808.7341 577.9687 938.6126 1288.7379 991.2725 308.9959 632.2305 5692.7824 2202.7131;
	1600.0 1046.1623 1708.9567 561.8 888.352 1201.4701 911.6135 271.7608 559.9004 5269.895 1986.5433;
	1526.4953 1005.0401 1619.1016 564.6 869.4189 1160.8514 907.1548 240.7896 557.1 5071.6879 1883.1128;
	1566.8305 985.2259 1646.8617 566.492 835.1759 1150.2973 880.9 248.3031 535.7405 4913.1438 1819.4;
];
