function loadprofile = ex_load_profilesh1
%EX_LOAD_PROFILE  Example load profile data file for stochastic unit commitment.
% 2022.03.12
% Andres F. Ramirez

%% define constants
[CT_LABEL, CT_PROB, CT_TABLE, CT_TBUS, CT_TGEN, CT_TBRCH, CT_TAREABUS, ...
    CT_TAREAGEN, CT_TAREABRCH, CT_ROW, CT_COL, CT_CHGTYPE, CT_REP, ...
    CT_REL, CT_ADD, CT_NEWVAL, CT_TLOAD, CT_TAREALOAD, CT_LOAD_ALL_PQ, ...
    CT_LOAD_FIX_PQ, CT_LOAD_DIS_PQ, CT_LOAD_ALL_P, CT_LOAD_FIX_P, ...
    CT_LOAD_DIS_P, CT_TGENCOST, CT_TAREAGENCOST, CT_MODCOST_F, ...
    CT_MODCOST_X] = idx_ct;

loadprofile = struct( ...
    'type', 'mpcData', ...
    'table', CT_TAREALOAD, ...
    'rows', [1:11], ...
    'col', CT_LOAD_ALL_P, ...
    'chgtype', 1, ...
    'values', [] );
loadprofile.values(:,1,:) = [
	1457.7632 916.2 1564.7811 567.4 806.5688 1105.314 859.3953 250.6 508.318 4118.774 1696.5949;
	1462.619 914.2 1581.1227 569.2 810.5933 1084.9061 856.3139 247.0012 502.848 3759.7359 1668.7201;
	1494.4191 946.8 1641.1148 578.0 826.7 1116.0471 876.934 251.8102 512.708 4110.2148 1721.4757;
	1603.2923 1016.1671 1729.8779 600.8346 881.3318 1191.7804 918.3187 264.5492 532.3458 4080.0763 1809.6517;
	1770.085 1145.8355 1948.6064 635.52 1009.1048 1373.8381 1020.6291 319.1 609.6686 4730.1659 2057.5423;
	1845.0643 1217.332 2033.9234 656.9382 1056.2679 1462.5562 1092.8201 337.3577 682.8397 5547.3347 2198.7785;
	1857.6049 1214.6604 1986.4427 642.0219 1072.7182 1453.1493 1117.8569 364.2946 703.7986 5991.8579 2275.9832;
	1873.9376 1215.6096 1966.3955 642.4423 1079.1225 1445.4215 1101.8926 328.0797 697.0948 5831.2346 2187.2688;
	1881.8209 1182.8597 1986.0207 632.1168 1064.6219 1388.4867 1078.8425 345.4751 683.3882 5825.176 2090.5045;
	1864.5672 1195.5949 1992.1189 611.1 1085.3905 1377.0743 1059.8132 335.6 667.3917 6028.9117 2030.7646;
	1883.3182 1224.6073 1953.6644 603.6 1041.5508 1371.5884 1075.4919 337.1087 668.9104 6080.3233 1994.1441;
	1867.9053 1207.0236 1943.9391 607.529 1028.5401 1394.943 1080.3213 328.3984 687.8 5343.8369 1978.3274;
	1857.8236 1193.0735 1901.2847 611.1 956.1577 1367.7328 1056.3024 312.8 672.8 5918.0726 1946.0338;
	1809.061 1203.5115 1908.9449 597.3963 950.5459 1294.2539 1052.3556 321.9864 671.1 6160.4303 2072.6397;
	1770.2283 1193.8986 1883.207 599.364 942.9057 1325.4935 1062.1029 298.3 664.6292 5723.064 2068.7652;
	1768.9571 1182.4214 1892.0991 621.7841 951.9523 1392.3321 1099.8072 315.4539 679.7263 5791.4813 2203.9847;
	1740.6193 1184.4088 1952.4617 625.2672 997.0044 1431.5388 1114.3346 357.1161 672.0381 5727.4949 2237.5203;
	1843.7 1223.0616 2042.2177 643.8634 1078.8144 1491.0393 1159.574 367.7796 708.5096 5503.8645 2406.4407;
	1844.1984 1248.0985 2075.0664 648.8153 1065.318 1487.096 1178.9 376.1 729.1553 5286.2888 2461.5798;
	1752.3799 1160.3251 1972.9428 631.3534 1029.8292 1435.5299 1113.9341 372.0591 687.6948 4856.0018 2327.1921;
	1681.0108 1054.1352 1840.7633 613.5621 970.7024 1360.0812 1035.125 343.3 634.049 4660.3415 2047.044;
	1591.0976 995.1764 1749.1048 600.1499 926.2707 1298.7966 950.229 322.4 561.176 4518.582 1788.2292;
	1536.2294 958.2566 1719.6434 583.4 834.4283 1190.5 911.4421 263.7775 531.4734 3736.211 1759.0155;
	1474.187 905.6011 1662.6311 591.1043 763.0492 1143.2804 842.9023 206.7991 478.6292 3076.1421 1503.3219;
];
