function solarprofile = ex_solar_profilesh1
%EX_WIND_PROFILE_D  Example wind_load_nyiso profile data for deterministic unit commitment.
% 2022.03.12
% Andres F. Ramirez


%% define constants
[GEN_BUS, PG, QG, QMAX, QMIN, VG, MBASE, GEN_STATUS, PMAX, PMIN, ...
    MU_PMAX, MU_PMIN, MU_QMAX, MU_QMIN, PC1, PC2, QC1MIN, QC1MAX, ...
    QC2MIN, QC2MAX, RAMP_AGC, RAMP_10, RAMP_30, RAMP_Q, APF] = idx_gen;
[CT_LABEL, CT_PROB, CT_TABLE, CT_TBUS, CT_TGEN, CT_TBRCH, CT_TAREABUS, ...
    CT_TAREAGEN, CT_TAREABRCH, CT_ROW, CT_COL, CT_CHGTYPE, CT_REP, ...
    CT_REL, CT_ADD, CT_NEWVAL, CT_TLOAD, CT_TAREALOAD, CT_LOAD_ALL_PQ, ...
    CT_LOAD_FIX_PQ, CT_LOAD_DIS_PQ, CT_LOAD_ALL_P, CT_LOAD_FIX_P, ...
    CT_LOAD_DIS_P, CT_TGENCOST, CT_TAREAGENCOST, CT_MODCOST_F, ...
    CT_MODCOST_X] = idx_ct;

solarprofile = struct( ...
    'type', 'mpcData', ...
    'table', CT_TGEN, ...
    'rows', [1:12], ...
    'col', PMAX, ...
    'chgtype', 1, ...
    'values', [] );
solarprofile.values(:,1,:) = [
	0.0 0.0 0.0 0.0 0.0 0.0 0.0 0.0 0.0 0.0 0.0 0.0;
	0.0 0.0 0.0 0.0 0.0 0.0 0.0 0.0 0.0 0.0 0.0 0.0;
	0.0 0.0 0.0 0.0 0.0 0.0 0.0 0.0 0.0 0.0 0.0 0.0;
	0.0 0.0 0.0 0.0 0.0 0.0 0.0 0.0 0.0 0.0 0.0 0.0;
	0.0 0.0 0.0 0.0 0.0 0.0 0.0 0.0 0.0 0.0 0.0 0.0;
	0.1575 0.1621 0.24 0.0 0.0 0.0 0.0 0.0 0.0 0.0 0.0 0.0;
	3.9374 3.2954 2.6148 0.114 0.0922 39.4561 4.932 5.5935 47.3915 1.118 15.0492 2.0247;
	17.1085 11.25 10.951 1.1884 3.0763 150.376 18.797 19.9409 105.0527 49.6804 23.5017 89.9715;
	23.538 16.5471 13.8 2.8186 5.9449 157.1072 19.6384 30.3423 117.2925 118.1287 108.5079 213.9318;
	25.9984 16.474 13.7624 1.5783 4.7973 118.2608 14.7826 32.2454 99.4011 48.8354 166.2977 88.4411;
	26.0961 16.5326 13.7811 1.766 3.1234 223.3538 27.9192 40.5642 150.2841 17.7785 154.1025 32.1969;
	26.1012 16.5331 13.7863 2.6868 2.4964 287.2063 35.9008 48.2384 180.9471 1.2539 98.8502 2.2708;
	26.2478 16.7183 13.7938 4.3182 8.3714 403.1597 50.395 67.0127 228.2239 220.0663 216.661 398.5414;
	24.4655 16.5474 13.746 3.7298 8.6257 416.3401 52.0425 69.2835 216.1217 331.0186 217.3225 599.4767;
	21.411 15.3223 12.433 2.8648 7.7621 420.5799 52.5725 69.1849 194.9852 283.9553 173.6198 514.2447;
	9.4448 7.1285 5.8112 3.7875 9.3547 447.606 55.9507 64.515 183.0281 149.161 92.9468 270.1315;
	1.1437 0.9034 0.7132 2.1883 3.4709 88.6725 11.0841 15.1467 48.6867 61.8747 37.1413 112.0555;
	0.0 0.0 0.0 0.0 0.0 0.0 0.0 0.0 0.0 0.0 0.0 0.0;
	0.0 0.0 0.0 0.0 0.0 0.0 0.0 0.0 0.0 0.0 0.0 0.0;
	0.0 0.0 0.0 0.0 0.0 0.0 0.0 0.0 0.0 0.0 0.0 0.0;
	0.0 0.0 0.0 0.0 0.0 0.0 0.0 0.0 0.0 0.0 0.0 0.0;
	0.0 0.0 0.0 0.0 0.0 0.0 0.0 0.0 0.0 0.0 0.0 0.0;
	0.0 0.0 0.0 0.0 0.0 0.0 0.0 0.0 0.0 0.0 0.0 0.0;
	0.0 0.0 0.0 0.0 0.0 0.0 0.0 0.0 0.0 0.0 0.0 0.0;
];
