function loadprofile = ex_load_profilesh1
%EX_LOAD_PROFILE  Example load profile data file for stochastic unit commitment.
% 2022.03.12
% Andres F. Ramirez

%% define constants
[CT_LABEL, CT_PROB, CT_TABLE, CT_TBUS, CT_TGEN, CT_TBRCH, CT_TAREABUS, ...
    CT_TAREAGEN, CT_TAREABRCH, CT_ROW, CT_COL, CT_CHGTYPE, CT_REP, ...
    CT_REL, CT_ADD, CT_NEWVAL, CT_TLOAD, CT_TAREALOAD, CT_LOAD_ALL_PQ, ...
    CT_LOAD_FIX_PQ, CT_LOAD_DIS_PQ, CT_LOAD_ALL_P, CT_LOAD_FIX_P, ...
    CT_LOAD_DIS_P, CT_TGENCOST, CT_TAREAGENCOST, CT_MODCOST_F, ...
    CT_MODCOST_X] = idx_ct;

loadprofile = struct( ...
    'type', 'mpcData', ...
    'table', CT_TAREALOAD, ...
    'rows', [1:11], ...
    'col', CT_LOAD_ALL_P, ...
    'chgtype', 1, ...
    'values', [] );
loadprofile.values(:,1,:) = [
	1563.5433 953.1 1600.5105 566.6233 846.2559 1115.1567 860.442 267.1 503.3616 4828.164 1790.0164;
	1541.2 957.2667 1596.3216 578.8653 827.4646 1124.2509 849.5628 266.8 484.0634 4752.8846 1786.5265;
	1574.4872 971.6 1629.3 583.3402 855.6869 1172.3 871.7453 268.4 503.9918 4748.9708 1858.4742;
	1651.785 1033.0691 1762.9459 603.0409 913.3 1221.8864 907.0894 297.6 522.6637 5087.5842 1926.7589;
	1806.713 1154.3979 1966.3 640.2908 1043.5626 1378.2069 993.6597 331.1 581.4478 5464.9932 2132.6965;
	1896.7 1237.1 2083.4746 670.8636 1112.7 1472.4 1067.0608 372.5 635.2837 5987.4857 2304.757;
	1873.6353 1199.7 2053.4617 641.0063 1080.2971 1449.8126 1041.9055 354.2516 634.021 6275.3025 2243.9726;
	1873.4561 1203.9104 2064.2272 643.6719 1091.4 1451.6424 1039.9366 342.5983 619.6186 6447.9826 2186.6756;
	1926.0313 1243.0102 2090.0 640.3081 1106.6305 1422.343 1009.6045 351.8991 652.4672 6527.8 2164.3322;
	1903.3822 1229.8 2056.5839 630.887 1112.9373 1351.6246 987.0209 341.8 654.737 6487.5213 2132.9732;
	1909.9513 1224.6017 2053.1 618.1972 1072.3577 1290.6467 901.2041 332.2372 654.9738 6516.1356 2143.7517;
	1927.8186 1237.8537 2007.0431 607.7313 1048.1754 1264.1092 932.9395 312.1436 640.635 6463.0237 2172.9397;
	1892.086 1191.501 1981.1073 606.8738 1040.8687 1219.4716 905.0417 313.4772 638.7913 6495.7683 2135.8933;
	1896.6219 1191.0481 1991.9358 605.3275 1067.5976 1301.3003 992.7007 314.8401 652.5027 6574.0509 2208.125;
	1937.1146 1216.2236 2055.0035 583.3747 1092.054 1357.2442 1039.0 337.9 670.7129 6728.38 2301.2199;
	1931.4733 1215.1791 2037.5048 581.5677 1094.8 1394.5612 1068.7959 342.1536 690.5546 6605.1443 2405.8509;
	1943.7917 1264.3529 2092.7094 591.5004 1160.4058 1467.6937 1119.9586 361.2301 722.5472 6526.9468 2539.0366;
	1987.8596 1287.4942 2157.8846 599.6 1217.4228 1533.6058 1207.6711 397.5519 806.3878 6743.8505 2749.4891;
	1999.3573 1288.38 2151.9 599.5378 1190.0754 1504.8043 1185.1725 383.0183 758.9363 6420.486 2605.8161;
	1959.6738 1237.8101 2087.0 594.2 1139.5789 1454.4372 1155.6254 364.7 726.4543 6235.0769 2454.5332;
	1809.8137 1129.2692 1941.9708 571.9245 1031.2249 1319.2314 1074.6079 352.2 686.933 5933.8953 2331.5173;
	1699.9 1066.2322 1857.5141 559.0501 985.1701 1241.8326 1012.5126 328.0084 658.2723 5573.8571 2233.9349;
	1575.7987 976.717 1735.0957 579.9459 890.2082 1058.2664 914.6603 284.5289 563.9 5086.982 1896.4221;
	1513.1765 931.3374 1671.5914 566.5684 867.3398 1048.0519 887.3866 270.8 546.9322 4950.2252 1800.4;
];
