function loadprofile = ex_load_profilesh1
%EX_LOAD_PROFILE  Example load profile data file for stochastic unit commitment.
% 2022.03.12
% Andres F. Ramirez

%% define constants
[CT_LABEL, CT_PROB, CT_TABLE, CT_TBUS, CT_TGEN, CT_TBRCH, CT_TAREABUS, ...
    CT_TAREAGEN, CT_TAREABRCH, CT_ROW, CT_COL, CT_CHGTYPE, CT_REP, ...
    CT_REL, CT_ADD, CT_NEWVAL, CT_TLOAD, CT_TAREALOAD, CT_LOAD_ALL_PQ, ...
    CT_LOAD_FIX_PQ, CT_LOAD_DIS_PQ, CT_LOAD_ALL_P, CT_LOAD_FIX_P, ...
    CT_LOAD_DIS_P, CT_TGENCOST, CT_TAREAGENCOST, CT_MODCOST_F, ...
    CT_MODCOST_X] = idx_ct;

loadprofile = struct( ...
    'type', 'mpcData', ...
    'table', CT_TAREALOAD, ...
    'rows', [1:11], ...
    'col', CT_LOAD_ALL_P, ...
    'chgtype', 1, ...
    'values', [] );
loadprofile.values(:,1,:) = [
	1519.0629 960.069 1631.2007 558.6405 794.2987 1176.1112 896.4485 266.4372 513.4598 4626.673 1830.3224;
	1477.7425 956.256 1627.2432 541.0291 802.7619 1193.1478 897.3156 273.8 495.021 4564.7348 1795.3462;
	1523.4093 988.5 1666.2 571.1656 810.062 1196.8 906.6892 278.4 503.6176 4566.1427 1816.7579;
	1627.8 1051.1 1788.5879 578.4 893.9297 1300.5706 960.9584 303.0 548.0825 4829.0478 1908.5657;
	1745.8765 1166.0 1996.9294 615.4 1004.0096 1431.9543 1074.6738 328.4453 637.9178 5395.9143 2150.2666;
	1888.854 1270.2 2142.2694 633.4 1057.7 1521.1845 1150.9628 363.7945 703.3265 6019.0803 2311.1857;
	1947.7862 1282.489 2152.5 621.4796 1069.3 1531.0635 1178.2593 366.422 721.5 6425.7248 2323.7741;
	1962.2289 1276.7615 2153.8729 609.1488 1072.2 1488.7902 1191.5 371.1 733.659 6557.1259 2344.1526;
	1939.4694 1274.7636 2116.2774 608.9243 1038.3867 1424.3337 1176.8869 386.813 728.5079 6660.7207 2324.5617;
	1940.0081 1283.2 2120.5029 603.0842 1045.9045 1499.1331 1236.384 397.5536 743.9368 6825.8646 2406.7327;
	1875.9698 1256.238 2036.849 593.4 998.0654 1462.5169 1216.4055 383.4801 750.3095 6984.7873 2282.336;
	1857.7008 1232.3264 2007.0405 586.4098 980.8703 1375.1058 1145.1343 374.5 738.3841 6772.4222 2221.1563;
	1868.633 1213.304 1975.2927 589.5384 992.7491 1349.0916 1138.8176 394.9727 758.1907 6960.1108 2234.4747;
	1828.5674 1179.2 1943.48 581.1 977.4835 1328.9557 1076.2974 399.9347 719.8971 6729.7806 2182.9043;
	1825.0507 1177.6941 1940.6221 584.6551 998.6216 1326.6455 1102.2427 406.7628 704.6 6872.5524 2205.5636;
	1834.8148 1232.7595 2039.2476 606.4469 995.3673 1369.7262 1144.7516 424.3963 722.2537 6981.0492 2324.7237;
	1824.4366 1221.6474 2034.3495 586.2535 997.5369 1406.6587 1189.972 430.3784 769.9615 6986.3972 2468.5207;
	1870.6617 1259.5 2123.0574 611.7667 1048.7688 1514.0002 1280.8961 442.1284 798.8 6948.3974 2535.1493;
	1886.7181 1266.358 2129.7088 630.6122 1053.4186 1500.0771 1248.2553 411.4945 759.2163 6632.2543 2479.1157;
	1765.5755 1196.7243 2045.051 608.7 990.2156 1416.9003 1188.9057 385.6345 729.3 6543.0494 2358.4963;
	1677.2274 1116.5235 1910.4752 598.8 908.1933 1335.6151 1122.3617 354.5 663.7391 6075.1971 2158.9705;
	1567.6914 1032.4371 1785.5368 591.3335 834.4291 1251.8 1036.3587 315.6916 597.7472 5536.837 1971.5;
	1558.5708 1011.1019 1750.2 594.0873 809.8621 1235.9 960.5842 286.5684 587.1334 5194.3058 1849.4;
	1529.4725 954.7378 1698.5732 593.2 828.3302 1212.7104 938.6949 269.749 607.7446 4949.6445 1775.0;
];
