function loadprofile = ex_load_profilesh1
%EX_LOAD_PROFILE  Example load profile data file for stochastic unit commitment.
% 2022.03.12
% Andres F. Ramirez

%% define constants
[CT_LABEL, CT_PROB, CT_TABLE, CT_TBUS, CT_TGEN, CT_TBRCH, CT_TAREABUS, ...
    CT_TAREAGEN, CT_TAREABRCH, CT_ROW, CT_COL, CT_CHGTYPE, CT_REP, ...
    CT_REL, CT_ADD, CT_NEWVAL, CT_TLOAD, CT_TAREALOAD, CT_LOAD_ALL_PQ, ...
    CT_LOAD_FIX_PQ, CT_LOAD_DIS_PQ, CT_LOAD_ALL_P, CT_LOAD_FIX_P, ...
    CT_LOAD_DIS_P, CT_TGENCOST, CT_TAREAGENCOST, CT_MODCOST_F, ...
    CT_MODCOST_X] = idx_ct;

loadprofile = struct( ...
    'type', 'mpcData', ...
    'table', CT_TAREALOAD, ...
    'rows', [1:11], ...
    'col', CT_LOAD_ALL_P, ...
    'chgtype', 1, ...
    'values', [] );
loadprofile.values(:,1,:) = [
	1627.1855 962.9 1544.7906 587.2501 830.5 1090.1496 856.9866 280.4516 523.926 4197.9163 1722.9482;
	1604.6604 979.9055 1577.8163 587.4519 818.029 1112.3353 864.3183 283.4703 517.3393 4323.9883 1733.2615;
	1635.4905 1008.9852 1614.123 585.0135 830.6152 1120.7825 878.11 283.9394 535.6005 4404.8508 1780.7131;
	1711.7 1068.0401 1727.7 599.3687 892.5265 1193.2662 938.7 316.7553 555.6 4638.411 1895.1;
	1881.9834 1188.8288 1949.1554 637.7364 1010.6124 1353.8361 1025.9764 351.3327 625.4009 5152.4185 2138.5717;
	2007.8716 1278.6538 2066.2 645.93 1049.4121 1422.7797 1077.5943 372.6 688.8991 5782.5131 2310.5;
	2019.6928 1280.2658 2073.9728 626.4179 1036.066 1455.1 1124.4 361.9586 693.7512 6190.4248 2346.7848;
	2017.085 1271.2375 2060.3303 616.8473 1061.972 1426.7207 1113.2377 362.396 701.1 6419.7515 2341.7778;
	1999.426 1278.1966 2084.3158 613.2369 1110.9066 1410.9719 1136.634 358.1644 713.3215 6550.3951 2469.449;
	1994.9232 1256.8388 2056.5259 596.6 1099.1502 1376.1327 1079.5136 364.4 712.1 6377.6331 2368.1207;
	2010.586 1245.9094 2047.0806 597.3478 1096.434 1379.9519 1124.3407 365.7089 718.8024 6472.7098 2447.7464;
	1959.6803 1228.4614 2022.4153 570.1619 1038.8 1316.6815 1053.4 347.6051 716.3459 6455.1226 2366.5041;
	1897.748 1187.4368 1938.5064 561.2572 1025.1286 1295.3176 1071.7257 356.6501 712.4801 6462.744 2372.4177;
	1862.0666 1159.7974 1869.902 556.3252 1008.7303 1302.8 1075.5005 352.6729 707.4404 6428.4793 2409.3069;
	1878.5554 1190.158 1924.6347 525.9747 1041.2345 1408.6256 1067.8428 358.7805 679.3437 6348.1954 2343.9355;
	1901.6791 1238.1195 2003.4588 570.5471 1074.7 1456.1934 1116.9536 366.5908 715.6623 6406.6109 2405.2469;
	1880.8761 1229.8542 1940.7389 585.917 1049.0 1495.3048 1168.6192 363.3453 747.1951 6308.7194 2494.6185;
	1995.4959 1283.9266 2055.5861 605.7321 1086.6932 1595.8168 1242.8939 386.9065 773.4682 6392.9885 2604.1527;
	2020.9833 1273.3045 2040.6006 610.1467 1094.7543 1540.9463 1249.6877 389.8 749.362 6326.4151 2591.9181;
	1983.3597 1209.7199 1908.3615 589.9 1017.0376 1427.4119 1166.3047 372.8356 710.9 6074.0831 2435.1416;
	1872.8611 1123.3872 1822.6274 574.9754 948.4825 1364.0582 1122.2838 353.3 674.7135 5821.19 2263.6499;
	1776.6921 1073.603 1718.4706 569.2 865.3054 1258.1865 1030.9 315.6358 611.8 5340.1961 2040.6744;
	1653.2727 999.1639 1620.196 614.1186 853.4901 1234.5571 965.2816 276.2 565.8525 4966.0325 1876.5737;
	1644.1602 1000.5 1651.6612 620.3966 853.177 1211.8584 972.6787 268.6435 552.4031 4900.1399 1935.464;
];
