function solarprofile = ex_solar_profilesh1
%EX_WIND_PROFILE_D  Example wind_load_nyiso profile data for deterministic unit commitment.
% 2022.03.12
% Andres F. Ramirez


%% define constants
[GEN_BUS, PG, QG, QMAX, QMIN, VG, MBASE, GEN_STATUS, PMAX, PMIN, ...
    MU_PMAX, MU_PMIN, MU_QMAX, MU_QMIN, PC1, PC2, QC1MIN, QC1MAX, ...
    QC2MIN, QC2MAX, RAMP_AGC, RAMP_10, RAMP_30, RAMP_Q, APF] = idx_gen;
[CT_LABEL, CT_PROB, CT_TABLE, CT_TBUS, CT_TGEN, CT_TBRCH, CT_TAREABUS, ...
    CT_TAREAGEN, CT_TAREABRCH, CT_ROW, CT_COL, CT_CHGTYPE, CT_REP, ...
    CT_REL, CT_ADD, CT_NEWVAL, CT_TLOAD, CT_TAREALOAD, CT_LOAD_ALL_PQ, ...
    CT_LOAD_FIX_PQ, CT_LOAD_DIS_PQ, CT_LOAD_ALL_P, CT_LOAD_FIX_P, ...
    CT_LOAD_DIS_P, CT_TGENCOST, CT_TAREAGENCOST, CT_MODCOST_F, ...
    CT_MODCOST_X] = idx_ct;

solarprofile = struct( ...
    'type', 'mpcData', ...
    'table', CT_TGEN, ...
    'rows', [1:12], ...
    'col', PMAX, ...
    'chgtype', 1, ...
    'values', [] );
solarprofile.values(:,1,:) = [
	0.0 0.0 0.0 0.0 0.0 0.0 0.0 0.0 0.0 0.0 0.0 0.0;
	0.0 0.0 0.0 0.0 0.0 0.0 0.0 0.0 0.0 0.0 0.0 0.0;
	0.0 0.0 0.0 0.0 0.0 0.0 0.0 0.0 0.0 0.0 0.0 0.0;
	0.0 0.0 0.0 0.0 0.0 0.0 0.0 0.0 0.0 0.0 0.0 0.0;
	0.0 0.0 0.0 0.0 0.0 0.0 0.0 0.0 0.0 0.0 0.0 0.0;
	0.1575 0.1621 0.24 0.0 0.0 0.0 0.0 0.0 0.0 0.0 0.0 0.0;
	3.247 4.8204 1.3214 1.9985 4.1052 158.8249 19.8531 32.2254 83.4457 111.6176 24.1415 202.1401;
	10.9215 9.3622 3.4401 4.4328 4.2294 299.5989 37.4499 39.3665 77.6938 168.3779 37.8946 304.9334;
	21.3451 16.0407 12.5894 6.6103 4.8053 320.2354 40.0294 46.5823 62.3014 193.1703 67.3828 349.8326;
	25.7112 16.474 13.7624 6.1288 4.4176 210.0473 26.2559 52.9486 75.0768 169.5991 154.1959 307.1449;
	25.9535 16.5913 13.7859 6.2716 4.971 265.2953 33.1619 57.6269 136.3977 198.1459 199.6193 358.8435;
	25.964 16.5712 13.7834 6.4339 4.7816 295.782 36.9727 54.7476 157.3596 249.1662 214.0325 451.2416;
	25.4632 16.5546 13.7849 9.6297 7.7466 373.3802 46.6725 61.1111 184.7259 346.9794 235.793 628.3818;
	21.4255 16.3881 13.7008 8.6965 6.2378 357.6477 44.706 57.9061 156.1584 345.8949 154.8385 626.4177;
	14.3107 13.8524 11.0242 6.113 4.3203 302.1775 37.7722 51.7342 136.2971 335.9533 40.163 608.4134;
	5.3504 7.1831 4.2276 2.9692 6.4522 232.2313 29.0289 39.8523 147.588 219.905 20.1537 398.2492;
	0.8962 0.7521 0.5133 1.5262 3.327 65.0869 8.1359 9.9605 36.9813 64.7659 37.4791 117.2914;
	0.0 0.0 0.0 0.0 0.0 0.0 0.0 0.0 0.0 0.0 0.0 0.0;
	0.0 0.0 0.0 0.0 0.0 0.0 0.0 0.0 0.0 0.0 0.0 0.0;
	0.0 0.0 0.0 0.0 0.0 0.0 0.0 0.0 0.0 0.0 0.0 0.0;
	0.0 0.0 0.0 0.0 0.0 0.0 0.0 0.0 0.0 0.0 0.0 0.0;
	0.0 0.0 0.0 0.0 0.0 0.0 0.0 0.0 0.0 0.0 0.0 0.0;
	0.0 0.0 0.0 0.0 0.0 0.0 0.0 0.0 0.0 0.0 0.0 0.0;
	0.0 0.0 0.0 0.0 0.0 0.0 0.0 0.0 0.0 0.0 0.0 0.0;
];
