function solarprofile = ex_solar_profilesh1
%EX_WIND_PROFILE_D  Example wind_load_nyiso profile data for deterministic unit commitment.
% 2022.03.12
% Andres F. Ramirez


%% define constants
[GEN_BUS, PG, QG, QMAX, QMIN, VG, MBASE, GEN_STATUS, PMAX, PMIN, ...
    MU_PMAX, MU_PMIN, MU_QMAX, MU_QMIN, PC1, PC2, QC1MIN, QC1MAX, ...
    QC2MIN, QC2MAX, RAMP_AGC, RAMP_10, RAMP_30, RAMP_Q, APF] = idx_gen;
[CT_LABEL, CT_PROB, CT_TABLE, CT_TBUS, CT_TGEN, CT_TBRCH, CT_TAREABUS, ...
    CT_TAREAGEN, CT_TAREABRCH, CT_ROW, CT_COL, CT_CHGTYPE, CT_REP, ...
    CT_REL, CT_ADD, CT_NEWVAL, CT_TLOAD, CT_TAREALOAD, CT_LOAD_ALL_PQ, ...
    CT_LOAD_FIX_PQ, CT_LOAD_DIS_PQ, CT_LOAD_ALL_P, CT_LOAD_FIX_P, ...
    CT_LOAD_DIS_P, CT_TGENCOST, CT_TAREAGENCOST, CT_MODCOST_F, ...
    CT_MODCOST_X] = idx_ct;

solarprofile = struct( ...
    'type', 'mpcData', ...
    'table', CT_TGEN, ...
    'rows', [1:12], ...
    'col', PMAX, ...
    'chgtype', 1, ...
    'values', [] );
solarprofile.values(:,1,:) = [
	0.0 0.0 0.0 0.0 0.0 0.0 0.0 0.0 0.0 0.0 0.0 0.0;
	0.0 0.0 0.0 0.0 0.0 0.0 0.0 0.0 0.0 0.0 0.0 0.0;
	0.0 0.0 0.0 0.0 0.0 0.0 0.0 0.0 0.0 0.0 0.0 0.0;
	0.0 0.0 0.0 0.0 0.0 0.0 0.0 0.0 0.0 0.0 0.0 0.0;
	0.0 0.0 0.0 0.0 0.0 0.0 0.0 0.0 0.0 0.0 0.0 0.0;
	0.1887 0.1683 0.2533 0.0 0.0 0.0 0.0 0.0 0.0 0.0 0.0 0.0;
	8.555 6.757 5.4887 1.4627 6.1593 199.9845 24.9981 5.6269 71.0146 237.0821 29.8459 429.3571;
	16.5514 13.3482 9.6371 3.1286 7.0955 299.8471 37.4809 6.4569 85.5625 196.677 61.8756 356.1833;
	22.7725 16.6083 13.7517 4.4446 7.1278 312.4642 39.058 10.6925 76.1355 197.2284 44.6717 357.1818;
	25.6923 16.474 13.7624 2.7701 6.2766 161.2022 20.1503 12.4829 63.0317 217.934 79.052 394.6797;
	25.8432 16.5326 13.3423 3.266 5.8274 160.0847 20.0106 19.9247 115.9124 247.9858 118.279 449.1038;
	24.9499 16.2864 11.4303 4.3576 5.8821 176.2557 22.032 35.7732 158.1029 257.0671 111.7955 465.55;
	23.4375 16.5503 11.4458 7.7825 11.7401 351.3851 43.9231 62.2887 217.1667 341.4098 199.3766 618.2951;
	18.6422 16.3881 12.0868 7.6216 11.7022 352.4612 44.0576 62.0437 198.1184 336.9075 194.6533 610.1416;
	10.4155 13.3327 7.002 5.4219 10.9747 314.2697 39.2837 56.5936 141.4223 317.9486 172.0155 575.8068;
	1.7444 3.598 1.3093 5.7225 11.8164 233.7041 29.213 39.3338 54.8119 279.5477 169.0138 506.2625;
	0.8962 0.7333 0.5133 2.1314 3.4802 59.6095 7.4512 10.7311 34.9853 67.4368 39.6557 122.1285;
	0.0 0.0 0.0 0.0 0.0 0.0 0.0 0.0 0.0 0.0 0.0 0.0;
	0.0 0.0 0.0 0.0 0.0 0.0 0.0 0.0 0.0 0.0 0.0 0.0;
	0.0 0.0 0.0 0.0 0.0 0.0 0.0 0.0 0.0 0.0 0.0 0.0;
	0.0 0.0 0.0 0.0 0.0 0.0 0.0 0.0 0.0 0.0 0.0 0.0;
	0.0 0.0 0.0 0.0 0.0 0.0 0.0 0.0 0.0 0.0 0.0 0.0;
	0.0 0.0 0.0 0.0 0.0 0.0 0.0 0.0 0.0 0.0 0.0 0.0;
	0.0 0.0 0.0 0.0 0.0 0.0 0.0 0.0 0.0 0.0 0.0 0.0;
];
