function windprofile = ex_wind_profilesh1
%EX_WIND_PROFILE_D  Example wind_load_nyiso profile data for deterministic unit commitment.
% 2022.03.12
% Andres F. Ramirez


%% define constants
[GEN_BUS, PG, QG, QMAX, QMIN, VG, MBASE, GEN_STATUS, PMAX, PMIN, ...
    MU_PMAX, MU_PMIN, MU_QMAX, MU_QMIN, PC1, PC2, QC1MIN, QC1MAX, ...
    QC2MIN, QC2MAX, RAMP_AGC, RAMP_10, RAMP_30, RAMP_Q, APF] = idx_gen;
[CT_LABEL, CT_PROB, CT_TABLE, CT_TBUS, CT_TGEN, CT_TBRCH, CT_TAREABUS, ...
    CT_TAREAGEN, CT_TAREABRCH, CT_ROW, CT_COL, CT_CHGTYPE, CT_REP, ...
    CT_REL, CT_ADD, CT_NEWVAL, CT_TLOAD, CT_TAREALOAD, CT_LOAD_ALL_PQ, ...
    CT_LOAD_FIX_PQ, CT_LOAD_DIS_PQ, CT_LOAD_ALL_P, CT_LOAD_FIX_P, ...
    CT_LOAD_DIS_P, CT_TGENCOST, CT_TAREAGENCOST, CT_MODCOST_F, ...
    CT_MODCOST_X] = idx_ct;

windprofile = struct( ...
    'type', 'mpcData', ...
    'table', CT_TGEN, ...
    'rows', [1:45], ...
    'col', PMAX, ...
    'chgtype', 1, ...
    'values', [] );
windprofile.values(:,1,:) = [
	3.6142 48.8356 89.2554 102.3175 14.284 32.0203 29.1772 11.6682 27.4367 27.7047 51.2118 76.3979 115.0166 69.3999 189.4054 71.3574 88.536 93.8217 88.9951 68.6783 9.7257 74.7141 69.2529 83.46 96.031 54.526 8.2368 1089.943 793.6958 793.6958 746.8756 119.641 296.6504 176.7782 217.578 338.6435 1054.456 294.3043 477.1485 257.226 113.696 355.2121 190.7984 245.8915 1065.4399;
	3.5722 48.2686 87.4283 103.3946 14.4456 30.1048 28.5387 10.2729 27.4323 24.1746 44.6864 66.6633 100.3612 68.9046 191.3339 72.0839 89.4375 94.777 89.6816 67.5684 9.5129 70.2446 69.2718 81.8668 93.8095 49.8287 6.7764 1113.8896 802.6282 802.6282 759.6906 120.3853 298.9386 173.9213 216.0251 342.4547 1126.0582 275.3499 476.1706 251.2753 111.8229 333.9627 190.3097 238.069 1137.7879;
	3.4968 47.2498 85.9786 92.6612 14.1875 31.1081 23.1692 8.4669 26.1462 24.2733 44.8689 66.9355 100.7711 65.4123 191.5169 72.1529 89.523 94.8677 89.6183 68.9819 7.7231 72.5857 57.8866 83.1483 79.5145 54.3636 7.2688 1134.1026 755.3487 755.3487 742.2959 115.523 298.7278 177.5595 205.0763 322.2821 1096.0169 256.0155 464.9453 212.9854 110.4055 345.093 170.585 246.0558 1107.4337;
	3.2086 43.3549 54.0721 82.636 13.9913 28.5622 19.4304 7.4077 26.2947 25.2157 46.6108 69.5342 104.6834 63.4461 185.7656 69.9861 86.8346 92.0188 85.4819 70.9135 6.4768 66.645 65.8217 73.0306 67.4836 44.7776 5.505 1091.6098 772.7556 772.7556 751.2743 117.879 284.9397 182.5316 198.9122 329.7091 1099.2268 246.1066 435.9008 180.7597 98.4395 316.8495 158.2105 229.13 1110.6771;
	3.2825 44.3539 71.1288 78.8692 14.247 27.3645 15.5465 7.2701 20.2538 23.0267 42.5645 63.4978 95.5956 58.9445 186.6187 70.3075 87.2334 92.4414 84.9954 70.8037 5.1822 63.8504 66.2824 81.7908 62.6958 47.6059 4.8271 1105.5232 731.5011 731.5011 670.5554 110.113 283.3179 182.2489 184.799 312.1072 1028.9622 227.4074 375.976 167.9351 102.9734 303.563 154.0173 212.4152 1039.6805;
	3.1 41.8884 58.1675 68.6757 14.1501 23.4756 14.1077 4.5686 20.8035 25.5248 47.1822 70.3865 105.9665 58.4692 183.6458 69.1875 85.8437 90.9687 84.0337 69.6106 4.7026 54.7764 63.6155 76.1315 44.9204 30.1649 3.1211 1084.8837 646.818 646.818 599.8555 93.9534 280.1122 179.178 183.3088 275.9757 1042.237 209.2381 315.9474 120.3226 93.4578 260.4226 130.1313 169.0296 1053.0936;
	2.4078 32.5347 55.3335 51.8015 14.0578 14.543 10.888 3.6085 8.9092 25.3772 46.9094 69.9796 105.3539 54.8217 187.7814 70.7456 87.7769 93.0173 82.8083 71.6239 3.6293 33.9337 66.3198 68.9867 34.6661 5.9072 2.9212 1087.3637 609.2706 609.2706 466.6789 61.1538 276.0276 184.36 171.8733 259.9555 966.5633 175.9923 240.655 92.8556 71.0837 161.3306 129.6466 122.9826 976.6317;
	2.8876 39.0178 61.2209 48.2229 14.2469 16.6867 12.6095 3.7889 7.9742 19.1579 35.4131 52.8293 79.5342 60.4862 184.419 69.4788 86.2051 91.3517 84.0439 71.6629 4.2032 38.9355 53.311 74.5659 45.1369 6.8913 1.5776 1129.6283 657.8376 657.8376 516.7937 61.9334 280.1462 184.4606 189.6324 280.6774 961.142 190.2891 228.0332 120.9025 76.4645 185.1107 112.6369 136.9535 971.1538;
	2.2257 30.0743 46.3138 27.2423 13.8762 11.3278 11.9237 2.9668 4.3273 20.2252 37.3861 55.7726 83.9654 51.2029 179.725 67.7104 84.011 89.0266 82.4839 72.4847 3.9746 26.4316 50.735 74.4275 43.2868 5.8152 1.7918 1083.4588 713.3277 713.3277 555.441 85.1418 274.9465 186.5759 160.528 304.3531 936.7926 215.6771 204.7062 115.9467 49.9018 125.6633 105.9911 141.9392 946.5508;
	2.3014 31.0966 43.7458 40.6566 14.2072 14.8577 16.8185 0.9754 5.9687 17.2511 31.8884 47.5713 71.6183 61.112 166.218 62.6217 77.6973 82.3359 78.838 72.1642 5.6062 34.6679 44.009 61.769 27.0128 1.6713 0.7128 1022.4216 715.2549 715.2549 558.6883 107.1163 262.7935 185.7508 191.5944 305.1754 966.331 210.6525 329.6234 72.3557 42.7377 164.821 93.3691 126.1599 976.397;
	1.7857 24.1283 34.9508 35.9778 13.5561 11.9887 16.8751 0.9966 9.7474 15.4965 28.6451 42.7328 64.334 64.8102 176.1838 66.3762 82.3557 87.2724 80.5747 73.3146 5.625 27.9735 36.8712 49.6391 21.7176 4.2113 0.8587 1054.5901 739.2499 739.2499 574.5487 110.2006 268.5824 188.712 203.1887 315.4133 940.2449 225.9316 379.2854 58.1722 33.6454 132.9942 73.8963 99.3521 950.0391;
	1.1294 15.2606 27.4297 21.9458 9.7229 8.8188 17.5419 1.0734 14.5757 17.37 32.1081 47.899 72.1117 64.3874 187.4357 70.6153 87.6153 92.8461 86.5586 73.7458 5.8473 20.5772 45.9291 37.0898 20.1236 3.8541 0.8137 970.1567 692.9896 692.9896 592.2648 110.0947 288.5286 189.8219 201.8633 295.6756 938.8907 205.5302 370.2115 53.9024 26.7957 97.8299 44.2131 82.3132 948.6709;
	0.9926 13.4128 25.9057 22.7465 9.213 7.5757 17.7187 1.62 13.8174 13.5268 25.004 37.3011 56.1566 61.3967 186.7632 70.362 87.3009 92.5129 85.5108 72.2792 5.9062 17.6766 41.103 32.2567 18.8932 7.0762 2.3205 990.3238 728.4291 728.4291 622.9189 108.0346 285.0359 186.0469 192.487 310.7964 961.8195 211.9721 422.259 50.6068 23.3669 84.0394 46.0577 58.6901 971.8384;
	0.869 11.7418 23.8029 29.0465 8.2828 8.9502 13.47 2.2183 13.028 18.1136 33.4828 49.9497 75.199 64.7479 190.9003 71.9206 89.2348 94.5623 83.1883 72.9814 4.49 20.8837 50.2242 32.9016 23.2083 10.3639 3.7735 909.2284 676.3121 676.3121 586.3669 97.3923 277.2943 187.8543 202.9934 288.5598 818.625 202.4475 412.9402 62.1651 27.1627 99.287 37.8298 64.0465 827.1524;
	0.8511 11.4999 25.2151 30.4615 7.3412 8.5476 9.7507 2.417 9.5531 17.4387 32.2351 48.0884 72.3968 61.4436 180.7562 68.0989 84.493 89.5374 76.3898 72.6443 3.2502 19.9444 52.0231 48.9558 27.4384 7.3799 4.0213 820.7836 609.4651 609.4651 575.248 84.2539 254.6328 186.9866 192.634 260.0384 737.3972 187.8826 324.3157 73.4957 27.1749 94.8214 30.5338 56.1151 745.0784;
	0.8775 11.8574 18.9401 29.042 7.7085 4.6998 4.8761 1.6311 0.0 14.8353 27.4228 40.9094 61.5889 56.2101 163.8876 61.7437 76.6079 81.1815 78.8492 71.7201 1.6254 10.9662 44.2007 45.0129 26.9034 4.6459 2.6306 826.173 461.2695 461.2695 473.7822 78.4012 262.8307 184.6077 176.2263 196.8083 564.4046 172.943 217.3758 72.0627 29.4244 52.1363 0.0 31.6636 570.2839;
	0.4945 6.6825 0.4812 0.8718 6.4267 1.8522 2.8643 0.2345 1.7365 17.21 31.8125 47.458 71.4477 61.7527 172.9559 65.1601 80.8468 85.6735 79.705 69.4793 0.9548 4.3218 48.0712 35.8463 16.3301 7.6046 1.5206 790.0842 470.5144 470.5144 516.3934 78.4368 265.6832 178.8399 193.6031 200.7528 683.7929 176.9327 221.0614 43.7412 32.6875 20.5472 0.002 12.6103 690.9157;
	0.9476 12.8042 1.0114 0.0 2.4054 0.0639 0.2131 0.251 0.0958 19.781 36.5649 54.5477 82.1212 64.3241 139.9432 52.7228 65.4153 69.3207 83.7169 58.9302 0.071 0.149 60.0034 33.0076 15.7551 4.8026 1.5279 804.1964 511.153 511.153 598.2627 88.84 279.0562 151.6865 201.6647 218.0919 743.7022 214.9963 341.7653 42.2013 75.3948 0.7085 0.0077 49.5401 751.4491;
	0.3194 4.3162 21.8581 33.6994 0.2249 0.0 1.6539 1.4381 0.0 18.4337 34.0743 50.8322 76.5276 59.83 125.6519 47.3386 58.7349 62.2415 2.422 65.5499 0.5513 0.0 54.7456 34.0989 17.991 8.5765 1.4542 812.1727 459.2978 459.2978 600.8442 85.3002 8.0734 168.7256 187.5752 195.9671 674.7591 196.5614 341.1934 48.1901 80.6334 0.0 0.1655 4.8036 681.7879;
