function loadprofile = ex_load_profilesh1
%EX_LOAD_PROFILE  Example load profile data file for stochastic unit commitment.
% 2022.03.12
% Andres F. Ramirez

%% define constants
[CT_LABEL, CT_PROB, CT_TABLE, CT_TBUS, CT_TGEN, CT_TBRCH, CT_TAREABUS, ...
    CT_TAREAGEN, CT_TAREABRCH, CT_ROW, CT_COL, CT_CHGTYPE, CT_REP, ...
    CT_REL, CT_ADD, CT_NEWVAL, CT_TLOAD, CT_TAREALOAD, CT_LOAD_ALL_PQ, ...
    CT_LOAD_FIX_PQ, CT_LOAD_DIS_PQ, CT_LOAD_ALL_P, CT_LOAD_FIX_P, ...
    CT_LOAD_DIS_P, CT_TGENCOST, CT_TAREAGENCOST, CT_MODCOST_F, ...
    CT_MODCOST_X] = idx_ct;

loadprofile = struct( ...
    'type', 'mpcData', ...
    'table', CT_TAREALOAD, ...
    'rows', [1:11], ...
    'col', CT_LOAD_ALL_P, ...
    'chgtype', 1, ...
    'values', [] );
loadprofile.values(:,1,:) = [
	1545.4304 938.5798 1597.2775 568.0 754.9417 1084.6381 860.5423 256.5623 485.0239 3923.9997 1424.2105;
	1583.1478 953.4452 1627.8866 568.5349 795.8265 1112.3 855.1345 256.1352 483.5146 3745.6294 1402.1025;
	1577.7872 975.9 1666.2 584.3 793.9794 1116.4155 855.3 266.9049 487.1103 3668.1512 1464.944;
	1669.5743 1042.4295 1755.9328 588.9237 803.323 1174.094 901.2666 275.9823 513.4224 3598.4426 1541.8553;
	1832.7569 1163.9996 1947.3559 622.7555 946.3126 1319.6297 1026.0006 328.0033 621.0635 4767.6356 1818.7452;
	1911.4043 1245.0 2074.4047 630.9737 1012.9661 1433.4634 1097.6749 372.4195 699.6 5251.4717 2084.7023;
	1941.7086 1267.6905 2060.1282 627.5 989.3906 1403.8651 1098.9434 368.9248 711.7 4851.6115 2120.4213;
	1922.7913 1265.4244 2042.5277 625.1927 982.1304 1350.6682 1055.3159 366.9 709.0 5649.5741 2012.3242;
	1937.0257 1278.2662 2071.6809 615.305 984.0184 1309.9189 1039.6648 351.5955 696.4 5570.8156 1910.1753;
	1943.5159 1278.2719 2082.5418 624.2854 990.2537 1276.8738 1045.6356 355.1362 696.6584 6082.9454 2018.2271;
	1915.4897 1266.5975 2076.6009 614.9 1005.8528 1295.3002 1028.4276 344.3559 689.0468 6171.3001 2002.6326;
	1869.9716 1242.071 2004.8817 604.7 951.4842 1239.1768 1022.092 341.9718 667.6548 6035.7529 1990.6078;
	1838.7557 1173.1 1952.2 596.9549 925.9367 1232.0925 978.2908 326.7 654.4613 5922.9502 1882.9878;
	1791.6002 1179.5758 1944.2466 596.6 923.5262 1214.8485 1004.5002 330.0169 656.0338 5800.3365 1936.9089;
	1782.3331 1177.8783 1913.5804 599.1652 908.5412 1281.2791 1029.4369 331.7 650.8742 5679.102 2043.021;
	1761.0336 1177.9495 1918.4898 607.6 915.0825 1373.5877 1088.7569 364.2676 684.6 5979.9116 2266.3236;
	1823.197 1210.3257 1982.5693 620.3919 965.5106 1438.5866 1136.2 415.8 691.2855 6147.3709 2378.315;
	1906.1 1247.4643 2081.0 641.4258 1030.9133 1511.3 1167.0739 428.6182 713.2 6151.8208 2458.0537;
	1905.8 1237.3 2061.1018 633.5845 1021.402 1543.455 1173.2395 432.8466 715.9673 6204.325 2450.3236;
	1866.374 1183.9712 1950.9603 627.3723 964.5446 1454.434 1111.2377 396.9 667.1825 5785.9721 2281.3;
	1780.6679 1105.7567 1834.62 615.28 899.6823 1338.8745 1025.0864 361.0866 605.0611 5617.3387 2054.8542;
	1639.0499 1006.4441 1734.7793 596.2 837.0 1236.5974 912.6519 328.1283 553.5521 5089.4973 1775.6127;
	1536.834 978.7 1679.9763 599.0644 814.66 1142.2592 774.2415 301.0065 470.9881 4419.8855 1465.4955;
	1482.1896 962.336 1632.6113 586.717 795.296 1116.4312 755.5812 283.6916 449.8589 4485.6925 1440.6561;
];
