function solarprofile = ex_solar_profilesh1
%EX_WIND_PROFILE_D  Example wind_load_nyiso profile data for deterministic unit commitment.
% 2022.03.12
% Andres F. Ramirez


%% define constants
[GEN_BUS, PG, QG, QMAX, QMIN, VG, MBASE, GEN_STATUS, PMAX, PMIN, ...
    MU_PMAX, MU_PMIN, MU_QMAX, MU_QMIN, PC1, PC2, QC1MIN, QC1MAX, ...
    QC2MIN, QC2MAX, RAMP_AGC, RAMP_10, RAMP_30, RAMP_Q, APF] = idx_gen;
[CT_LABEL, CT_PROB, CT_TABLE, CT_TBUS, CT_TGEN, CT_TBRCH, CT_TAREABUS, ...
    CT_TAREAGEN, CT_TAREABRCH, CT_ROW, CT_COL, CT_CHGTYPE, CT_REP, ...
    CT_REL, CT_ADD, CT_NEWVAL, CT_TLOAD, CT_TAREALOAD, CT_LOAD_ALL_PQ, ...
    CT_LOAD_FIX_PQ, CT_LOAD_DIS_PQ, CT_LOAD_ALL_P, CT_LOAD_FIX_P, ...
    CT_LOAD_DIS_P, CT_TGENCOST, CT_TAREAGENCOST, CT_MODCOST_F, ...
    CT_MODCOST_X] = idx_ct;

solarprofile = struct( ...
    'type', 'mpcData', ...
    'table', CT_TGEN, ...
    'rows', [1:12], ...
    'col', PMAX, ...
    'chgtype', 1, ...
    'values', [] );
solarprofile.values(:,1,:) = [
	0.0 0.0 0.0 0.0 0.0 0.0 0.0 0.0 0.0 0.0 0.0 0.0;
	0.0 0.0 0.0 0.0 0.0 0.0 0.0 0.0 0.0 0.0 0.0 0.0;
	0.0 0.0 0.0 0.0 0.0 0.0 0.0 0.0 0.0 0.0 0.0 0.0;
	0.0 0.0 0.0 0.0 0.0 0.0 0.0 0.0 0.0 0.0 0.0 0.0;
	0.0 0.0 0.0 0.0 0.0 0.0 0.0 0.0 0.0 0.0 0.0 0.0;
	0.1575 0.1621 0.24 0.0 0.0 0.0 0.0 0.0 0.0 0.0 0.0 0.0;
	8.0625 6.6634 5.3085 2.4308 3.7945 158.7882 19.8485 22.5293 43.1334 73.9279 25.5982 133.8839;
	17.2618 13.7823 10.747 3.2753 3.2663 252.254 31.5318 65.9405 107.5904 214.2694 174.3869 388.0433;
	22.8267 16.6083 13.6377 3.4928 2.0112 249.9407 31.2426 71.6764 122.1719 230.4816 198.7837 417.4036;
	22.5166 15.8452 12.9585 2.2708 0.4352 129.7007 16.2126 61.7652 90.9895 227.9236 177.2743 412.771;
	25.741 16.4651 13.7859 3.091 0.7923 188.9173 23.6147 52.692 114.008 258.7549 186.6296 468.6066;
	25.964 16.5331 13.7895 3.5774 1.6919 225.6269 28.2034 50.7613 159.4061 292.621 191.564 529.9384;
	24.949 16.5222 13.7855 3.6986 7.1296 333.0735 41.6342 67.9423 256.4131 346.7813 252.7592 628.0231;
	17.7468 15.9762 13.1637 3.3529 7.5226 314.3405 39.2926 70.8341 256.9877 346.3249 239.7985 627.1964;
	9.3624 9.658 5.8415 4.8159 7.694 246.6366 30.8296 70.0874 238.1245 344.7894 218.1448 624.4157;
	5.301 3.5725 2.1589 10.0641 12.4248 154.7474 19.3434 59.6209 190.3712 309.4377 151.2523 560.3936;
	1.0905 0.8001 0.5798 2.5609 4.3865 62.8733 7.8592 13.6271 47.9861 74.3293 39.2987 134.6108;
	0.0 0.0 0.0 0.0 0.0 0.0 0.0 0.0 0.0 0.0 0.0 0.0;
	0.0 0.0 0.0 0.0 0.0 0.0 0.0 0.0 0.0 0.0 0.0 0.0;
	0.0 0.0 0.0 0.0 0.0 0.0 0.0 0.0 0.0 0.0 0.0 0.0;
	0.0 0.0 0.0 0.0 0.0 0.0 0.0 0.0 0.0 0.0 0.0 0.0;
	0.0 0.0 0.0 0.0 0.0 0.0 0.0 0.0 0.0 0.0 0.0 0.0;
	0.0 0.0 0.0 0.0 0.0 0.0 0.0 0.0 0.0 0.0 0.0 0.0;
	0.0 0.0 0.0 0.0 0.0 0.0 0.0 0.0 0.0 0.0 0.0 0.0;
];
