function loadprofile = ex_load_profilesh1
%EX_LOAD_PROFILE  Example load profile data file for stochastic unit commitment.
% 2022.03.12
% Andres F. Ramirez

%% define constants
[CT_LABEL, CT_PROB, CT_TABLE, CT_TBUS, CT_TGEN, CT_TBRCH, CT_TAREABUS, ...
    CT_TAREAGEN, CT_TAREABRCH, CT_ROW, CT_COL, CT_CHGTYPE, CT_REP, ...
    CT_REL, CT_ADD, CT_NEWVAL, CT_TLOAD, CT_TAREALOAD, CT_LOAD_ALL_PQ, ...
    CT_LOAD_FIX_PQ, CT_LOAD_DIS_PQ, CT_LOAD_ALL_P, CT_LOAD_FIX_P, ...
    CT_LOAD_DIS_P, CT_TGENCOST, CT_TAREAGENCOST, CT_MODCOST_F, ...
    CT_MODCOST_X] = idx_ct;

loadprofile = struct( ...
    'type', 'mpcData', ...
    'table', CT_TAREALOAD, ...
    'rows', [1:11], ...
    'col', CT_LOAD_ALL_P, ...
    'chgtype', 1, ...
    'values', [] );
loadprofile.values(:,1,:) = [
	1649.164 986.0024 1657.4 591.5744 827.8777 1167.3 895.0004 284.5266 518.5198 4552.1467 1707.9492;
	1623.8622 989.7914 1662.1914 591.2951 814.33 1165.7523 879.2671 284.3993 493.0593 4497.0 1704.3946;
	1662.3842 1007.0033 1702.3873 599.1 839.314 1187.5615 889.4 291.5614 516.8642 4567.2331 1756.2125;
	1755.8943 1076.9 1814.1811 619.7913 891.4598 1251.9392 911.3651 318.2865 531.7306 4731.1563 1839.1;
	1893.5927 1199.571 2033.4937 642.7173 1017.5174 1395.9839 1029.5074 366.8754 637.93 5287.4 2125.9187;
	1999.532 1320.9919 2162.3968 651.4013 1077.9876 1470.3889 1104.1 404.3213 699.2395 5889.5608 2263.4266;
	1997.087 1311.0167 2153.8234 647.4753 1065.8608 1461.7354 1124.2739 390.0487 706.0617 6170.3825 2295.8597;
	1991.7873 1282.9378 2133.9004 645.8 1079.0693 1457.9466 1084.1174 383.7 710.3802 6215.3148 2161.2757;
	1973.5608 1273.4391 2144.6 639.7452 1055.9737 1408.5804 1052.2965 357.7 708.5446 6187.5035 2073.6586;
	2030.2738 1259.8973 2147.2132 635.4447 1024.1244 1382.8212 1059.5709 357.0074 703.1424 6054.5449 2017.329;
	2021.1171 1246.2214 2106.1312 629.6 1023.4285 1347.1218 1040.0035 366.1 722.6052 6212.6035 1974.0193;
	2038.8357 1237.7054 2094.5267 638.8209 996.8846 1306.6147 1033.6205 354.0 700.9541 6158.5485 1957.8988;
	1999.8204 1255.1 2065.6624 615.4961 981.9808 1299.4 1053.8588 345.9208 691.5376 6058.8306 1995.7169;
	1963.4279 1207.458 1956.3877 599.0 946.4664 1281.8384 1032.073 344.1711 681.6562 6169.6606 2037.782;
	1956.7399 1228.6 2022.2681 602.9953 950.1662 1331.5106 1057.5167 358.1739 675.1061 6133.7471 2157.136;
	1934.6749 1275.2374 2060.107 597.0058 991.3713 1388.694 1088.0251 373.1423 696.852 6108.2812 2260.6929;
	1943.6946 1212.8677 2025.7 603.6041 982.6785 1418.275 1126.2 379.6 717.2347 6178.8726 2385.504;
	2041.5544 1260.9741 2058.149 626.01 1021.7817 1471.8098 1177.2898 403.2119 760.2977 6072.6651 2514.8889;
	2033.8992 1241.3305 2114.8264 628.4684 1046.6642 1477.8959 1191.0661 402.0049 743.3 5962.4623 2470.2213;
	1925.0321 1178.5267 2001.5831 614.0529 1003.124 1404.126 1132.5241 353.7643 708.1588 5745.2907 2360.9313;
	1874.1955 1103.1988 1916.3783 590.843 939.8569 1312.8202 1054.3236 332.237 666.8 5429.1075 2183.3402;
	1773.9633 1030.3048 1820.7106 584.4 874.1885 1231.3577 987.1018 322.9136 609.8677 5126.8123 1997.6725;
	1639.9965 964.1131 1734.3 594.1933 842.3681 1194.4696 960.2223 280.8675 558.4 4890.3084 1808.9183;
	1592.2559 948.7789 1711.5204 600.6964 858.7904 1200.9948 944.6648 313.2409 548.4981 4826.35 1794.6284;
];
