function loadprofile = ex_load_profilesh1
%EX_LOAD_PROFILE  Example load profile data file for stochastic unit commitment.
% 2022.03.12
% Andres F. Ramirez

%% define constants
[CT_LABEL, CT_PROB, CT_TABLE, CT_TBUS, CT_TGEN, CT_TBRCH, CT_TAREABUS, ...
    CT_TAREAGEN, CT_TAREABRCH, CT_ROW, CT_COL, CT_CHGTYPE, CT_REP, ...
    CT_REL, CT_ADD, CT_NEWVAL, CT_TLOAD, CT_TAREALOAD, CT_LOAD_ALL_PQ, ...
    CT_LOAD_FIX_PQ, CT_LOAD_DIS_PQ, CT_LOAD_ALL_P, CT_LOAD_FIX_P, ...
    CT_LOAD_DIS_P, CT_TGENCOST, CT_TAREAGENCOST, CT_MODCOST_F, ...
    CT_MODCOST_X] = idx_ct;

loadprofile = struct( ...
    'type', 'mpcData', ...
    'table', CT_TAREALOAD, ...
    'rows', [1:11], ...
    'col', CT_LOAD_ALL_P, ...
    'chgtype', 1, ...
    'values', [] );
loadprofile.values(:,1,:) = [
	1487.0873 930.5254 1673.8063 565.7024 819.7 1199.4358 959.6916 289.4836 527.3335 4741.1387 1695.3518;
	1468.1391 918.465 1663.0 558.7221 822.532 1199.8456 969.8512 283.9439 523.8994 4636.5298 1678.7198;
	1486.4686 952.2035 1734.7861 576.9 847.6548 1234.7976 983.3311 294.9196 557.664 4704.782 1744.9451;
	1578.6064 1029.6171 1828.3635 599.1017 935.8126 1301.7293 1019.0689 322.5301 589.0 5081.6962 1859.4108;
	1704.5913 1157.8429 2065.0321 632.5736 1066.4733 1470.1701 1102.8574 352.7012 694.695 5511.0815 2114.2;
	1859.3822 1229.0418 2181.4046 643.3 1117.2119 1541.9941 1137.8763 370.7501 748.4562 6022.0496 2247.5168;
	1854.6001 1246.9073 2211.1081 637.8 1118.5938 1510.8 1166.9 371.6 759.7948 6403.9786 2282.5842;
	1829.0959 1222.2666 2173.8 630.5317 1150.962 1522.8337 1173.5 369.6 770.9485 6522.5535 2280.9098;
	1880.0298 1220.6 2175.8541 612.6612 1151.986 1551.5566 1177.0214 378.2 763.9316 6505.8 2256.4481;
	1840.2 1195.6513 2134.5445 610.9517 1148.2457 1515.3713 1153.237 369.2633 733.4437 6511.7012 2161.4791;
	1853.4718 1191.6 2130.203 610.7 1117.4 1513.5095 1135.5056 350.8092 709.3394 6331.5552 2063.9072;
	1824.5197 1151.0472 2085.204 626.4175 1092.5198 1427.6892 1068.4287 360.5332 712.6788 6269.4112 1968.565;
	1816.557 1135.7914 2075.5287 616.3 1068.7298 1423.4678 1102.0456 375.6879 676.324 6260.5511 2076.3057;
	1770.6567 1159.8963 2096.9773 617.9818 1087.4472 1447.1395 1080.9665 386.427 671.9359 6203.3118 2085.5576;
	1825.4474 1218.3197 2116.511 611.3491 1100.5786 1491.4612 1133.8715 405.5209 716.9 6370.5876 2182.4607;
	1836.0381 1232.0701 2192.7536 613.5397 1098.1346 1537.1788 1203.0595 435.6712 789.3242 6473.956 2385.7073;
	1861.9 1267.5319 2227.2052 631.6 1163.092 1633.7238 1301.9212 446.4465 834.8104 6447.2539 2603.8513;
	1887.7657 1285.5131 2306.6359 629.7513 1196.8087 1658.6547 1366.1014 481.5928 848.4223 6538.3754 2747.1553;
	1881.5649 1278.9139 2195.7898 633.4295 1144.5652 1623.5325 1331.7114 475.9631 826.4375 6362.9798 2723.2046;
	1876.4655 1199.3961 2068.102 610.8652 1057.7359 1517.0879 1206.661 440.0171 792.442 6093.4919 2550.4246;
	1802.2341 1126.0931 1930.3 582.3834 982.7532 1388.1599 1115.6585 379.1478 716.8761 5676.7331 2298.3525;
	1708.1616 1035.1708 1777.1417 556.5194 898.8701 1269.6783 1003.2656 329.5402 623.2557 5093.695 2006.9829;
	1588.2698 969.022 1701.3851 546.8141 893.5094 1207.2734 936.7829 340.0863 585.2035 4890.1639 1877.725;
	1556.2 906.2664 1651.261 579.8 903.0331 1183.9962 912.8656 306.1592 562.9617 4720.4521 1784.0446;
];
