function loadprofile = ex_load_profilesh1
%EX_LOAD_PROFILE  Example load profile data file for stochastic unit commitment.
% 2022.03.12
% Andres F. Ramirez

%% define constants
[CT_LABEL, CT_PROB, CT_TABLE, CT_TBUS, CT_TGEN, CT_TBRCH, CT_TAREABUS, ...
    CT_TAREAGEN, CT_TAREABRCH, CT_ROW, CT_COL, CT_CHGTYPE, CT_REP, ...
    CT_REL, CT_ADD, CT_NEWVAL, CT_TLOAD, CT_TAREALOAD, CT_LOAD_ALL_PQ, ...
    CT_LOAD_FIX_PQ, CT_LOAD_DIS_PQ, CT_LOAD_ALL_P, CT_LOAD_FIX_P, ...
    CT_LOAD_DIS_P, CT_TGENCOST, CT_TAREAGENCOST, CT_MODCOST_F, ...
    CT_MODCOST_X] = idx_ct;

loadprofile = struct( ...
    'type', 'mpcData', ...
    'table', CT_TAREALOAD, ...
    'rows', [1:11], ...
    'col', CT_LOAD_ALL_P, ...
    'chgtype', 1, ...
    'values', [] );
loadprofile.values(:,1,:) = [
	1524.4634 975.1635 1848.0258 585.0533 868.4 1183.3026 916.2668 276.3876 512.4 4347.7236 1699.5978;
	1537.1881 980.1894 1773.4068 578.2115 880.5601 1162.8295 889.4851 267.2189 496.7 4328.5493 1686.9038;
	1565.1 1000.0 1808.938 592.1 883.5161 1197.3 922.7905 277.8401 502.6 4356.693 1734.4654;
	1608.9362 1064.3499 1908.3955 617.0 929.8932 1287.2486 978.7084 303.7344 533.2433 4622.5797 1865.429;
	1775.0387 1167.8536 2098.8319 641.3158 1029.8603 1445.4369 1081.6 353.0317 633.8 5274.9138 2113.2382;
	1897.9149 1232.8603 2189.2 645.0347 1098.2 1582.6726 1186.9159 386.5597 740.7417 5941.5477 2319.745;
	1913.7879 1221.9085 2185.6075 648.3092 1135.2767 1538.8028 1199.8437 378.619 746.6736 6235.7866 2301.2526;
	1923.6322 1244.8101 2176.3426 659.1916 1149.3965 1542.3962 1211.5306 386.6847 746.3 6489.0514 2314.7482;
	1911.7 1260.4376 2169.885 655.8261 1142.6721 1537.0 1235.1217 374.1169 772.2337 6527.8 2263.3928;
	1937.3176 1301.4103 2176.1746 650.1 1170.6642 1518.8484 1300.2931 397.3758 799.6702 6669.2994 2427.6097;
	1952.876 1294.5111 2205.0967 639.2974 1156.8379 1473.5157 1318.3488 416.0 853.8768 7006.4611 2528.9663;
	1968.2385 1294.8237 2154.4618 627.4038 1149.9557 1435.3091 1313.749 399.6077 873.5031 6821.0648 2470.9873;
	1949.3901 1287.4088 2099.4496 626.9085 1117.7392 1425.0101 1284.3386 388.9138 816.8367 6654.8359 2416.604;
	1896.5812 1269.9676 2072.581 621.884 1093.2835 1415.1281 1279.5274 360.5548 763.7513 6475.1092 2248.8;
	1882.0437 1252.7321 2023.7588 622.0235 1089.6176 1415.7078 1253.8078 333.8395 748.4393 6411.4151 2207.421;
	1901.568 1283.249 2098.8 613.3 1110.5094 1481.726 1251.3095 353.4 723.2608 6390.1821 2294.1;
	1896.1149 1250.019 2103.6202 619.3543 1115.46 1536.6626 1288.3834 390.4408 740.4 6313.9362 2390.2184;
	1933.5175 1276.3482 2200.7196 634.2782 1159.7 1628.8371 1356.1883 391.3329 763.7819 6393.0778 2532.2015;
	1955.6542 1255.8041 2173.0622 623.0 1115.558 1588.6935 1326.1177 386.0 774.8403 6322.3249 2549.2;
	1900.5048 1205.5571 2067.6292 600.0 1039.1316 1516.6 1307.3087 377.1297 747.9786 6172.1 2500.0674;
	1814.9 1127.1 1969.7485 588.4 1011.7928 1416.4058 1179.2351 356.5028 672.7 5803.9063 2344.3991;
	1670.7747 1064.2437 1849.8136 576.8361 896.9518 1288.1196 1087.2384 309.9798 618.0973 5484.1142 2133.5393;
	1621.6769 1013.126 1767.0934 549.5579 891.4039 1232.5158 969.0843 281.3616 575.359 5076.2097 1928.3159;
	1573.8906 984.1156 1785.7502 566.8165 893.3336 1275.8933 986.1894 282.602 576.2982 5130.0293 1994.8183;
];
