function loadprofile = ex_load_profilesh1
%EX_LOAD_PROFILE  Example load profile data file for stochastic unit commitment.
% 2022.03.12
% Andres F. Ramirez

%% define constants
[CT_LABEL, CT_PROB, CT_TABLE, CT_TBUS, CT_TGEN, CT_TBRCH, CT_TAREABUS, ...
    CT_TAREAGEN, CT_TAREABRCH, CT_ROW, CT_COL, CT_CHGTYPE, CT_REP, ...
    CT_REL, CT_ADD, CT_NEWVAL, CT_TLOAD, CT_TAREALOAD, CT_LOAD_ALL_PQ, ...
    CT_LOAD_FIX_PQ, CT_LOAD_DIS_PQ, CT_LOAD_ALL_P, CT_LOAD_FIX_P, ...
    CT_LOAD_DIS_P, CT_TGENCOST, CT_TAREAGENCOST, CT_MODCOST_F, ...
    CT_MODCOST_X] = idx_ct;

loadprofile = struct( ...
    'type', 'mpcData', ...
    'table', CT_TAREALOAD, ...
    'rows', [1:11], ...
    'col', CT_LOAD_ALL_P, ...
    'chgtype', 1, ...
    'values', [] );
loadprofile.values(:,1,:) = [
	1561.8029 929.5794 1638.3364 572.2 758.531 1129.5004 859.3686 278.6838 429.0501 4506.5804 1663.2451;
	1582.9096 936.0 1645.4 574.7536 729.686 1124.2 846.1227 273.7 447.2162 4388.8801 1657.6412;
	1591.5695 946.8 1653.6104 586.4032 764.0227 1110.3313 835.5561 277.9234 446.2884 4368.4474 1612.1757;
	1665.6548 1011.3124 1765.5256 600.7837 842.9373 1204.8497 924.5904 316.1077 512.8357 4734.8272 1838.5533;
	1813.1511 1146.4044 1977.829 634.818 929.6072 1348.5283 1027.495 349.9143 605.5657 5179.3989 2057.4845;
	1921.1 1232.3 2106.361 656.6 1057.7196 1434.8226 1090.3 374.9788 675.2 5849.0996 2204.0441;
	1963.4651 1252.336 2149.1256 660.944 1052.1044 1443.4177 1088.7932 372.5203 661.5731 6138.1222 2205.7144;
	1961.7111 1257.2718 2136.5196 676.4087 1026.5783 1410.3772 1089.0394 349.7035 661.3978 6326.537 2136.1311;
	1930.4559 1253.6458 2135.193 657.036 1018.8911 1418.553 1112.4908 328.5975 676.1112 6386.5911 2145.8331;
	1929.1 1229.3385 2114.3885 642.4423 1016.0266 1394.2724 1109.9469 313.3164 677.8565 6386.146 2122.2535;
	1907.5902 1205.2 2042.9137 619.0414 984.7213 1408.2011 1076.7503 321.6405 669.0786 6320.3564 2077.0197;
	1910.6 1192.473 2012.1512 601.8 991.2768 1380.3 1041.5545 295.7593 655.3573 6307.5647 2070.2182;
	1892.4465 1141.6124 1887.3023 582.0 915.4176 1300.1789 1031.5943 263.5131 659.0159 6215.0916 2028.5193;
	1925.6148 1146.7817 1879.3491 605.3807 918.6678 1279.8346 1055.5543 267.6144 680.0566 6303.4432 2138.9757;
	1915.7569 1174.031 1928.5875 592.0721 953.4512 1318.0 1045.8063 281.7974 679.3 6296.658 2137.4867;
	1881.9842 1177.8547 1927.6066 604.9419 968.3314 1388.4886 1084.5 308.7006 675.8819 6345.2623 2182.47;
	1870.8539 1189.3724 1959.779 604.4 995.9842 1418.1259 1130.4289 357.6418 691.9 6258.5891 2317.3406;
	1902.8032 1221.4648 2080.9854 615.2 1052.4058 1508.577 1214.6129 361.8882 706.1887 6390.1711 2473.2458;
	1913.4355 1243.6997 2068.2403 619.2 1030.4576 1477.4787 1193.2741 366.4487 638.2274 6297.5265 2419.2029;
	1851.6246 1168.5277 1965.2262 605.1566 957.9667 1407.8348 1143.2025 328.2886 610.0782 6011.7508 2317.5558;
	1738.3162 1064.7849 1801.8953 573.5135 882.6925 1288.8544 1044.7265 304.5472 583.7608 5675.0589 2150.6028;
	1651.2 1010.0728 1672.667 554.466 817.2459 1177.7463 965.4918 264.7748 520.8936 5153.5437 1919.7383;
	1625.6696 996.0027 1742.3274 571.6957 826.3676 1166.4287 933.13 270.6796 528.3835 5074.0684 1842.8894;
	1553.7 983.2653 1733.8806 593.7 833.5 1158.1 895.4565 272.2008 515.5838 4905.969 1770.1366;
];
