function loadprofile = ex_load_profilesh1
%EX_LOAD_PROFILE  Example load profile data file for stochastic unit commitment.
% 2022.03.12
% Andres F. Ramirez

%% define constants
[CT_LABEL, CT_PROB, CT_TABLE, CT_TBUS, CT_TGEN, CT_TBRCH, CT_TAREABUS, ...
    CT_TAREAGEN, CT_TAREABRCH, CT_ROW, CT_COL, CT_CHGTYPE, CT_REP, ...
    CT_REL, CT_ADD, CT_NEWVAL, CT_TLOAD, CT_TAREALOAD, CT_LOAD_ALL_PQ, ...
    CT_LOAD_FIX_PQ, CT_LOAD_DIS_PQ, CT_LOAD_ALL_P, CT_LOAD_FIX_P, ...
    CT_LOAD_DIS_P, CT_TGENCOST, CT_TAREAGENCOST, CT_MODCOST_F, ...
    CT_MODCOST_X] = idx_ct;

loadprofile = struct( ...
    'type', 'mpcData', ...
    'table', CT_TAREALOAD, ...
    'rows', [1:11], ...
    'col', CT_LOAD_ALL_P, ...
    'chgtype', 1, ...
    'values', [] );
loadprofile.values(:,1,:) = [
	1508.0032 927.1 1591.452 555.2837 839.034 1173.8795 920.1587 284.2949 547.03 4587.3714 1715.5;
	1509.4117 946.5654 1632.8641 571.3 840.2475 1199.6156 919.8 284.8179 530.7118 4530.8145 1716.366;
	1529.0004 971.585 1668.8167 578.7849 870.2868 1204.8384 930.7 295.1718 552.5111 4595.6683 1749.2583;
	1605.7647 1039.5814 1773.8 595.0252 920.8 1266.8212 971.7935 309.6915 579.2713 4784.1566 1860.5447;
	1746.5546 1164.4294 2004.5093 611.2 1054.0404 1446.8632 1073.5933 344.4 664.6011 5438.905 2103.4405;
	1884.2365 1238.1 2111.9678 612.0209 1140.0388 1533.3844 1155.4 380.0719 746.8166 6092.1152 2292.6723;
	1932.0517 1262.1115 2137.4064 596.8 1112.356 1501.3415 1163.0902 355.7449 741.8031 6372.5787 2285.0695;
	1939.0 1258.0371 2111.0445 608.9082 1097.7 1487.1668 1162.4091 355.5 742.562 6533.0094 2285.2156;
	1951.0366 1280.4301 2126.222 608.8439 1124.6036 1454.5603 1188.6348 360.9879 747.6891 6601.0701 2250.1384;
	1903.4116 1259.0811 2101.3771 605.2 1095.5 1467.6089 1191.592 364.1 769.4364 6618.3395 2302.4079;
	1864.7041 1235.5562 2073.3187 597.9 1087.1344 1452.3048 1175.0941 374.4614 778.6695 6638.9939 2215.4;
	1834.5859 1195.8295 2042.6141 581.8945 1089.6762 1438.7861 1111.5905 350.5 762.8057 6555.2593 2112.7204;
	1811.9019 1168.7535 1986.0188 580.4552 1036.4884 1355.2207 1132.0116 353.4833 758.4966 6505.6453 2027.4265;
	1835.3155 1166.8939 1948.015 565.6147 1040.6519 1367.792 1123.8996 352.6963 760.5349 6526.4673 2126.9339;
	1845.9041 1175.975 1976.4687 575.5774 1051.9 1351.2102 1131.0834 337.9047 767.1536 6517.1587 2228.8964;
	1866.4927 1224.1695 2061.7088 610.2 1106.2737 1420.1042 1188.9235 358.558 754.6888 6547.3477 2366.4993;
	1825.3968 1229.4566 2083.6266 623.9436 1115.9811 1473.5442 1223.2012 394.7091 766.7231 6510.3091 2448.065;
	1882.0219 1277.5522 2154.3093 634.1726 1146.8304 1515.706 1240.2383 417.9398 786.6392 6438.9455 2509.0872;
	1904.8 1282.5049 2130.9 620.8506 1139.0945 1486.701 1213.4 404.705 764.8954 6293.0034 2466.9674;
	1891.3444 1244.034 2067.7939 628.6401 1101.1917 1445.3 1190.5531 395.9685 782.7776 6127.3839 2389.4912;
	1796.025 1163.3879 1977.8 595.9667 1028.7628 1356.5433 1119.2033 352.2 723.5399 5869.3282 2248.4816;
	1668.9653 1077.3262 1847.8865 572.508 970.5006 1279.5909 998.6 303.1723 624.1 5337.1433 1978.6;
	1556.6384 991.7229 1695.2881 584.5439 922.3683 1211.4601 947.4 262.9701 559.0 4954.4391 1792.2143;
	1548.0329 989.0 1678.7074 588.5431 895.4968 1210.9 936.0713 236.3342 548.6283 4801.3796 1726.984;
];
