function loadprofile = ex_load_profilesh1
%EX_LOAD_PROFILE  Example load profile data file for stochastic unit commitment.
% 2022.03.12
% Andres F. Ramirez

%% define constants
[CT_LABEL, CT_PROB, CT_TABLE, CT_TBUS, CT_TGEN, CT_TBRCH, CT_TAREABUS, ...
    CT_TAREAGEN, CT_TAREABRCH, CT_ROW, CT_COL, CT_CHGTYPE, CT_REP, ...
    CT_REL, CT_ADD, CT_NEWVAL, CT_TLOAD, CT_TAREALOAD, CT_LOAD_ALL_PQ, ...
    CT_LOAD_FIX_PQ, CT_LOAD_DIS_PQ, CT_LOAD_ALL_P, CT_LOAD_FIX_P, ...
    CT_LOAD_DIS_P, CT_TGENCOST, CT_TAREAGENCOST, CT_MODCOST_F, ...
    CT_MODCOST_X] = idx_ct;

loadprofile = struct( ...
    'type', 'mpcData', ...
    'table', CT_TAREALOAD, ...
    'rows', [1:11], ...
    'col', CT_LOAD_ALL_P, ...
    'chgtype', 1, ...
    'values', [] );
loadprofile.values(:,1,:) = [
	1613.7758 952.1 1708.2248 588.96 851.9258 1177.1275 952.3326 267.4 601.7975 4782.2818 1818.2983;
	1590.3384 954.5126 1694.5337 593.4126 867.9841 1181.5359 936.9209 261.3201 599.6997 4746.2912 1880.7399;
	1608.9255 970.2 1715.0919 602.9122 879.4224 1187.2719 932.7123 261.9 591.9343 4703.6185 1806.962;
	1693.2377 1046.4637 1866.9796 620.1 956.6843 1254.4058 985.6257 291.3748 625.8223 5045.0587 1959.3754;
	1807.1829 1125.0316 2008.5712 642.0468 1043.5159 1401.3583 1064.2278 306.2399 682.3532 5471.5151 2139.7942;
	1878.9021 1213.024 2162.2706 664.5328 1120.4513 1503.3445 1117.7284 330.6617 735.8969 5995.9944 2253.7278;
	1907.9582 1214.6172 2213.9051 679.76 1134.0848 1501.3654 1155.6164 336.2887 764.9968 6327.9027 2294.88;
	1931.3121 1213.0096 2183.6592 659.236 1093.1614 1472.4223 1155.6982 331.2 722.5491 6574.5475 2222.1869;
	1952.0879 1196.1304 2168.0104 636.9269 1113.9115 1494.0438 1128.3202 336.8837 706.0627 6672.3718 2144.6031;
	1925.8352 1167.0184 2150.0081 624.4904 1091.983 1424.7089 1097.2524 344.0151 682.0679 6562.3156 1980.6869;
	1892.1559 1159.9221 2132.8669 597.6 1032.9493 1348.6365 1054.4704 326.7557 675.6 6556.9728 1945.0615;
	1884.2745 1133.9516 2141.7988 593.266 1035.7 1332.7726 1020.6047 326.8529 672.3625 6516.5797 1930.3774;
	1856.7636 1161.5695 2125.2336 595.0601 1020.4953 1299.4 1028.8619 329.4 661.6079 6532.9656 1979.9804;
	1774.32 1072.9956 2031.8983 578.1193 1008.7524 1298.4625 1019.0386 319.0 663.1021 6533.723 1969.8221;
	1747.7523 1080.9656 2008.2079 582.143 1025.9311 1329.8386 1048.0253 321.6136 669.7466 6435.3806 2006.1055;
	1813.3787 1112.1152 2056.5926 603.4 1069.3169 1444.439 1098.5868 324.0068 663.7 6436.0825 1963.0737;
	1794.9981 1162.6918 2086.5265 619.1099 1079.4811 1475.8 1111.2 324.9 695.4555 6382.96 2237.8782;
	1832.9887 1225.5103 2136.0833 633.3182 1124.6222 1539.6559 1191.6 358.7896 730.5456 6384.5398 2406.5002;
	1903.452 1236.4587 2113.8 630.375 1111.3999 1520.6278 1205.5087 367.8376 737.0632 6359.6313 2381.7356;
	1867.9507 1177.5827 2048.3581 619.3558 1062.7056 1449.6837 1184.0606 377.5074 718.8 6167.8497 2342.3754;
	1728.0924 1079.3901 1883.3623 606.3966 972.0502 1330.6515 1092.2278 345.7967 674.0 5796.8463 2098.5774;
	1637.7459 1017.0243 1752.4 583.5 894.5758 1249.8 1029.9156 302.6 608.5995 5377.7388 1895.2359;
	1553.3015 982.2 1716.1755 602.9859 914.3006 1220.1078 978.5278 285.1548 587.7697 5055.225 1827.466;
	1516.7776 980.8482 1705.2383 603.0127 906.1688 1177.0025 956.7021 285.3733 613.7725 4888.3551 1809.3399;
];
