function loadprofile = ex_load_profilesh1
%EX_LOAD_PROFILE  Example load profile data file for stochastic unit commitment.
% 2022.03.12
% Andres F. Ramirez

%% define constants
[CT_LABEL, CT_PROB, CT_TABLE, CT_TBUS, CT_TGEN, CT_TBRCH, CT_TAREABUS, ...
    CT_TAREAGEN, CT_TAREABRCH, CT_ROW, CT_COL, CT_CHGTYPE, CT_REP, ...
    CT_REL, CT_ADD, CT_NEWVAL, CT_TLOAD, CT_TAREALOAD, CT_LOAD_ALL_PQ, ...
    CT_LOAD_FIX_PQ, CT_LOAD_DIS_PQ, CT_LOAD_ALL_P, CT_LOAD_FIX_P, ...
    CT_LOAD_DIS_P, CT_TGENCOST, CT_TAREAGENCOST, CT_MODCOST_F, ...
    CT_MODCOST_X] = idx_ct;

loadprofile = struct( ...
    'type', 'mpcData', ...
    'table', CT_TAREALOAD, ...
    'rows', [1:11], ...
    'col', CT_LOAD_ALL_P, ...
    'chgtype', 1, ...
    'values', [] );
loadprofile.values(:,1,:) = [
	1573.1083 971.5404 1627.2953 580.0434 769.3088 1186.9186 882.4654 247.9943 521.3505 4512.4277 1734.2974;
	1577.2 964.9338 1627.0 582.5 745.4601 1170.5331 888.8 251.1116 519.4729 4516.244 1752.3987;
	1603.7681 985.9645 1648.1758 586.4203 779.7212 1195.4342 905.0562 259.8 524.1822 4520.8187 1771.6084;
	1640.4 1040.1 1752.7207 600.983 821.9223 1265.8326 958.4 289.6334 550.2 4771.3147 1909.5631;
	1761.7 1142.4928 1959.3437 629.6 957.7666 1405.9018 1052.8 339.5369 626.2887 5341.7645 2160.6888;
	1895.2485 1235.8234 2070.3291 642.3 1016.2296 1512.9772 1114.196 372.4755 686.6186 5883.0027 2315.2165;
	1942.5986 1230.0258 2069.1901 648.7054 1029.2496 1507.836 1140.7 377.8 704.1431 6272.4639 2390.6775;
	1951.4868 1234.8 2071.2638 640.9533 1012.145 1470.461 1140.3 357.0063 686.2802 6298.2338 2307.7456;
	1957.1786 1242.4903 2084.3702 636.7726 994.2584 1431.0834 1129.1301 350.7061 681.4009 6298.8501 2277.0161;
	1959.0097 1236.3502 2086.7697 636.8765 1013.2476 1485.0104 1157.3597 360.0 686.7724 6410.5309 2233.0812;
	1921.1614 1218.7845 2054.0403 640.0434 976.2232 1481.9141 1155.3705 358.2192 683.5448 6454.5334 2251.1293;
	1915.6 1214.5572 2052.9532 622.5113 975.0764 1500.2675 1149.0252 348.904 665.1276 6392.9445 2178.7471;
	1861.8271 1194.2029 2001.2204 621.3382 939.2099 1490.9515 1139.2 353.4211 674.8003 6434.2147 2185.5907;
	1844.2712 1185.9577 1975.0278 624.0765 966.5506 1448.1297 1141.2123 353.3319 669.4 6497.8898 2249.4966;
	1854.8673 1202.2392 1973.6523 620.4434 991.3711 1459.7605 1169.7 362.3874 700.1348 6649.5815 2343.1563;
	1895.1579 1266.5024 2074.1896 626.9664 1041.0133 1505.9244 1219.1993 381.2296 701.6859 6749.9278 2468.755;
	1954.4264 1297.9956 2127.5354 638.4653 1049.0 1535.5778 1188.866 399.8288 705.2 6504.4831 2450.6146;
	2075.6649 1357.4118 2237.7356 666.3754 1115.5297 1567.784 1255.0 430.6401 753.4821 6765.6954 2601.0185;
	2046.5331 1310.9252 2146.753 658.6051 1096.5 1552.0849 1263.8031 418.8 757.04 6758.8692 2583.0322;
	2012.5898 1248.2704 2017.8493 645.7 1009.7224 1463.8491 1208.7359 372.9 728.8229 6135.959 2399.4553;
	1828.0355 1143.2407 1871.2512 609.3483 904.9156 1359.7764 1117.3716 350.3063 672.2192 5829.3676 2196.6951;
	1714.9554 1040.4 1735.5493 571.4097 821.7278 1276.8935 1035.7352 316.7323 626.6542 5447.557 1963.4872;
	1634.8673 966.9675 1606.453 564.6 819.1011 1175.4855 980.223 269.7 629.8144 5066.3866 1872.0305;
	1611.1731 950.2335 1585.7963 578.1458 832.2066 1188.1743 947.9399 255.774 561.7 4755.0684 1775.1879;
];
