function loadprofile = ex_load_profilesh1
%EX_LOAD_PROFILE  Example load profile data file for stochastic unit commitment.
% 2022.03.12
% Andres F. Ramirez

%% define constants
[CT_LABEL, CT_PROB, CT_TABLE, CT_TBUS, CT_TGEN, CT_TBRCH, CT_TAREABUS, ...
    CT_TAREAGEN, CT_TAREABRCH, CT_ROW, CT_COL, CT_CHGTYPE, CT_REP, ...
    CT_REL, CT_ADD, CT_NEWVAL, CT_TLOAD, CT_TAREALOAD, CT_LOAD_ALL_PQ, ...
    CT_LOAD_FIX_PQ, CT_LOAD_DIS_PQ, CT_LOAD_ALL_P, CT_LOAD_FIX_P, ...
    CT_LOAD_DIS_P, CT_TGENCOST, CT_TAREAGENCOST, CT_MODCOST_F, ...
    CT_MODCOST_X] = idx_ct;

loadprofile = struct( ...
    'type', 'mpcData', ...
    'table', CT_TAREALOAD, ...
    'rows', [1:11], ...
    'col', CT_LOAD_ALL_P, ...
    'chgtype', 1, ...
    'values', [] );
loadprofile.values(:,1,:) = [
	1608.378 945.1 1633.3572 556.5678 796.0591 1183.6417 876.0 269.3211 498.0057 4586.6 1600.1776;
	1604.9529 949.9283 1626.9059 549.3324 774.6079 1163.0965 858.7298 264.3368 498.821 4524.9159 1587.0813;
	1635.4896 980.4155 1692.2641 564.7814 795.0077 1175.197 869.9519 279.2976 513.8159 4612.6142 1680.0985;
	1725.6941 1046.57 1799.7937 567.078 866.6 1262.396 910.0279 290.5916 546.7859 4821.0592 1771.3545;
	1870.0641 1154.172 2000.5355 588.8833 1026.9 1388.8147 1020.6689 328.7 631.2579 5402.9339 2027.5734;
	2004.76 1240.3743 2106.9233 621.3465 1097.4098 1489.5409 1093.6149 364.7433 686.5413 5953.6743 2080.7972;
	1963.1505 1232.2286 2091.4327 599.4535 1102.1 1495.1 1108.0214 344.0123 686.0441 6226.4551 2091.3734;
	1962.3014 1222.4566 2075.1745 593.0625 1082.2614 1428.3545 1067.2125 317.0783 685.1 6434.4435 1970.2353;
	1984.4172 1232.5865 2067.7147 582.7622 1061.4335 1439.1 1077.2036 316.6033 690.075 6575.8365 1949.0666;
	1933.9972 1198.1914 2022.1437 590.0 1056.8316 1428.5097 1065.3569 327.5085 705.1324 6666.9192 2017.3711;
	1903.0336 1183.9567 2017.9908 580.103 1025.5822 1415.54 1056.4164 334.1696 688.8469 6746.6459 1954.5168;
	1904.3512 1158.8218 1961.63 566.5937 1000.4086 1399.5502 1084.0 347.3505 720.8091 6794.0735 2010.8418;
	1829.6987 1121.6923 1904.4548 557.0452 981.1731 1341.2719 1005.1841 338.1779 674.1 6611.1516 1868.5402;
	1762.1928 1072.2849 1820.1475 556.4296 950.8116 1314.677 1056.602 344.3 681.5039 6773.7397 1991.5014;
	1762.6912 1069.6052 1806.7854 556.4684 959.3372 1347.6402 1050.6359 341.0542 687.9 6783.9461 2085.9474;
	1693.8443 1088.758 1866.9221 561.4139 994.7579 1398.1 1091.5 342.0895 703.2836 6929.653 2234.387;
	1781.0302 1196.4046 1923.6567 569.1298 1011.1252 1475.1 1132.0907 375.7016 708.8433 6962.501 2329.8441;
	1861.2689 1255.0 2071.0397 579.6463 1072.609 1517.6414 1215.5456 417.3995 741.6 7072.0105 2519.1987;
	1903.9874 1275.8757 2031.4842 569.0081 1061.2 1508.7574 1214.9775 406.1204 720.819 7048.9947 2496.383;
	1857.0 1209.7265 1959.7894 534.9694 1027.8678 1420.1443 1167.8196 393.2419 686.2233 6798.4053 2314.2998;
	1804.9909 1133.4161 1846.3271 531.1646 995.5459 1330.0 1084.243 377.9522 636.145 6465.158 2074.9454;
	1691.9289 1027.0356 1724.3093 542.4998 943.7681 1245.0122 1009.0 331.744 580.1 5996.2027 1869.7175;
	1672.1592 987.6019 1692.1934 564.938 905.6136 1213.8 953.6024 285.5626 544.365 5577.772 1760.013;
	1652.6105 953.6 1687.0956 579.4038 878.0691 1199.9886 926.1 278.2 537.6171 5307.3378 1706.1652;
];
