function windprofile = ex_wind_profilesh1
%EX_WIND_PROFILE_D  Example wind_load_nyiso profile data for deterministic unit commitment.
% 2022.03.12
% Andres F. Ramirez


%% define constants
[GEN_BUS, PG, QG, QMAX, QMIN, VG, MBASE, GEN_STATUS, PMAX, PMIN, ...
    MU_PMAX, MU_PMIN, MU_QMAX, MU_QMIN, PC1, PC2, QC1MIN, QC1MAX, ...
    QC2MIN, QC2MAX, RAMP_AGC, RAMP_10, RAMP_30, RAMP_Q, APF] = idx_gen;
[CT_LABEL, CT_PROB, CT_TABLE, CT_TBUS, CT_TGEN, CT_TBRCH, CT_TAREABUS, ...
    CT_TAREAGEN, CT_TAREABRCH, CT_ROW, CT_COL, CT_CHGTYPE, CT_REP, ...
    CT_REL, CT_ADD, CT_NEWVAL, CT_TLOAD, CT_TAREALOAD, CT_LOAD_ALL_PQ, ...
    CT_LOAD_FIX_PQ, CT_LOAD_DIS_PQ, CT_LOAD_ALL_P, CT_LOAD_FIX_P, ...
    CT_LOAD_DIS_P, CT_TGENCOST, CT_TAREAGENCOST, CT_MODCOST_F, ...
    CT_MODCOST_X] = idx_ct;

windprofile = struct( ...
    'type', 'mpcData', ...
    'table', CT_TGEN, ...
    'rows', [1:45], ...
    'col', PMAX, ...
    'chgtype', 1, ...
    'values', [] );
windprofile.values(:,1,:) = [
	3.7409 50.5482 93.1481 111.5769 15.1179 32.3739 25.2955 12.36 26.4665 24.5568 45.3929 67.7173 101.948 63.4142 163.7161 61.6791 76.5278 81.0966 84.7183 67.3993 8.4318 75.539 68.5442 88.5618 97.5112 62.6407 9.1271 1089.7976 720.0132 720.0132 745.2031 117.6019 282.3944 173.486 198.8122 307.2056 1039.1515 305.9263 444.5683 261.1907 117.2615 359.1342 187.0433 248.1316 1049.976;
	3.7307 50.4096 92.4541 112.3914 15.2372 32.4562 25.6118 12.0708 26.2165 24.1914 44.7174 66.7095 100.4308 63.5146 180.6039 68.0415 84.4218 89.4619 86.6762 67.8982 8.5373 75.7312 68.2329 87.8398 100.2261 58.5439 8.2054 1064.3025 733.0673 733.0673 766.4213 117.5499 288.9207 174.7701 199.127 312.7754 1130.299 297.5037 440.1801 268.4627 118.3395 360.0476 192.4319 243.5544 1142.0729;
	3.7593 50.7966 92.0012 99.9723 15.3506 33.2429 25.1389 10.9212 26.9612 24.1974 44.7286 66.7262 100.4559 64.1564 167.501 63.105 78.297 82.9714 86.5645 66.7853 8.3796 77.5668 62.9551 88.0249 91.5296 60.8688 8.7728 1113.7932 768.6607 768.6607 770.6142 115.3707 288.5485 171.9056 201.139 327.9619 1119.9152 278.0539 443.6538 245.1685 119.5113 368.7746 179.7358 254.8218 1131.581;
	3.6136 48.8272 87.7993 99.0544 15.0651 32.2995 22.9788 10.5578 26.8409 26.266 48.5522 72.4304 109.0435 61.9186 164.6936 62.0474 76.9847 81.5808 84.5791 66.9633 7.6596 75.3655 69.0009 85.1359 84.4005 49.7665 7.7796 1106.4007 756.9245 756.9245 693.1875 112.9374 281.9303 172.3638 194.1233 322.9545 1130.7991 273.8301 437.3629 226.0727 112.284 358.3091 179.0323 247.4285 1142.5783;
	3.6231 48.9554 86.9513 89.2655 15.1268 32.2383 19.1733 9.3793 22.9429 24.7953 45.8337 68.3749 102.938 62.2044 164.3763 61.9278 76.8364 81.4236 84.2622 66.8819 6.3911 75.2228 63.5512 87.5418 74.9921 47.6135 7.7472 1175.8903 733.6758 733.6758 614.6972 108.6276 280.8739 172.1541 195.0192 313.035 1071.4395 258.2362 379.279 200.8718 111.923 357.6305 190.7891 229.1433 1082.6004;
	3.6547 49.3824 82.6428 82.3037 15.314 31.6987 16.8573 7.2801 25.0683 26.989 49.8887 74.4241 112.0451 56.1024 174.6756 65.808 81.6507 86.5254 83.4334 65.7938 5.6191 73.9637 64.7106 86.2485 57.8429 36.0038 5.7255 1188.0996 702.8903 702.8903 578.6033 99.5693 278.1112 169.3535 175.8887 299.8999 1101.8356 229.3111 335.2232 154.9363 102.256 351.6445 185.3199 190.3877 1113.313;
	3.4729 46.9271 71.5833 68.2546 15.1663 29.5168 13.8633 6.1824 18.0014 25.1718 46.5296 69.413 104.501 46.4466 181.7815 68.4851 84.9723 90.0453 88.1538 67.5169 4.6211 68.8725 55.2684 81.5981 49.6794 26.3355 5.0672 1209.6453 653.8271 653.8271 482.4025 66.1838 293.8461 173.7888 145.6165 278.9662 1088.1428 200.8301 258.8041 133.0697 81.0328 327.4395 152.45 135.3842 1099.4776;
	3.5056 47.369 67.1608 71.2206 14.6203 28.4134 14.4278 5.9374 15.1031 20.2142 37.3656 55.7421 83.9194 53.2039 173.5244 65.3743 81.1126 85.9551 89.9449 65.0234 4.8093 66.298 31.5724 83.0217 59.0634 19.3175 4.079 1300.2773 685.7115 685.7115 591.2607 71.1934 299.8164 167.3704 166.8015 292.5702 1138.4098 213.678 227.152 158.2055 82.9234 315.1998 136.6822 134.5283 1150.2682;
	2.873 38.8203 55.7855 64.1692 14.6058 24.0429 13.4321 4.7157 18.9766 21.0753 38.9573 58.1167 87.4943 60.6526 182.0067 68.57 85.0776 90.1568 86.5518 67.2897 4.4774 56.1 30.3244 81.6364 55.3525 14.2792 3.0986 1220.6221 766.4781 766.4781 692.7592 90.3928 288.5061 173.2039 190.154 327.0307 1123.1006 242.7182 224.0179 148.2656 59.9708 266.7154 132.3741 143.8278 1134.7995;
	2.6954 36.4208 45.9652 56.9975 14.5448 17.8891 16.9423 2.4629 19.8312 17.9719 33.2208 49.5589 74.6107 60.1757 169.1259 63.7172 79.0565 83.7763 90.3527 68.1609 5.6474 41.7413 38.227 68.8348 33.0961 6.6865 1.3888 1154.2208 780.3534 780.3534 740.021 107.9082 301.1757 175.4464 188.659 332.9508 1148.5534 240.7077 287.8758 88.6502 43.3986 198.4503 123.5365 117.0852 1160.5175;
	2.1766 29.4101 33.7051 40.2683 13.4973 14.6484 17.3408 1.3905 17.978 14.9344 27.6059 41.1826 62.0002 60.4601 166.936 62.8922 78.0329 82.6916 90.1524 67.6462 5.7803 34.1797 21.4557 52.8179 21.2455 4.989 7.9769 1125.3272 792.1672 792.1672 738.4379 100.7692 300.5081 174.1215 189.5505 337.9913 1117.6239 238.1006 347.7246 56.9075 38.3 162.5 87.2774 89.1226 1129.2659;
	1.5124 20.4359 26.127 23.9611 9.9696 11.3655 18.6649 1.4982 17.7024 15.5008 28.6529 42.7445 64.3517 61.1748 166.0029 62.5406 77.5967 82.2293 86.4549 64.2302 6.2216 26.5194 29.3395 38.6364 18.5994 8.2861 11.3608 983.5712 740.1775 740.1775 683.1066 105.2655 288.1829 165.3286 191.7913 315.8091 1045.71 202.5751 373.1136 49.8198 26.7601 126.0807 65.6058 70.7481 1056.6028;
	1.0879 14.7006 26.4374 26.5499 9.6798 9.9242 18.1161 2.4341 15.5412 13.6239 25.1836 37.5689 56.5598 57.4831 182.2461 68.6602 85.1895 90.2754 87.7475 68.0091 6.0387 23.1564 34.8763 37.8295 21.4279 12.421 3.2345 1026.1621 760.9163 760.9163 658.3908 95.0452 292.4918 175.0556 180.2172 324.6576 1034.2214 212.7932 409.6695 57.3962 28.1185 110.0922 54.9184 57.5703 1044.9946;
	0.7704 10.4098 22.0439 29.0895 7.7097 10.9272 13.6905 2.755 13.8953 17.7726 32.8523 49.0092 73.7831 62.918 190.2768 71.6857 88.9434 94.2534 88.772 70.596 4.5635 25.4968 51.4264 35.9126 22.0338 11.5973 4.3628 995.6376 700.3259 700.3259 682.6294 84.5756 295.9068 181.7144 197.2563 298.8057 882.9464 204.8616 424.2065 59.0191 29.8443 121.2192 37.2336 58.5185 892.1437;
	0.8201 11.0816 20.7217 0.3554 6.1365 9.2365 11.3846 2.3254 12.9017 16.4531 30.4132 45.3706 68.3051 63.5832 184.2337 69.409 86.1186 91.26 80.5708 69.8299 3.7949 21.5518 55.4 44.6441 20.2231 7.8513 4.1948 820.735 630.2775 630.2775 605.3287 77.7948 268.5692 179.7424 199.342 268.9184 745.292 192.9398 332.2137 54.1691 27.1439 102.4633 32.7626 51.1058 753.0555;
	0.8354 11.288 16.7335 26.8522 7.0914 6.6481 5.2116 1.4896 8.4105 12.5909 23.2741 34.7204 52.2713 63.4167 179.3849 67.5822 83.852 88.8581 80.0162 70.7941 1.7372 15.5122 52.4837 41.9156 20.6361 4.9008 2.6134 831.6784 517.4338 517.4338 518.2095 74.5966 266.7208 182.2242 198.82 220.7717 586.1443 185.9412 215.5874 55.2754 27.8416 73.7492 9.0876 25.2786 592.2499;
	0.4817 6.5091 34.9135 13.7543 6.4297 2.2746 3.6494 13.3554 11.021 16.8233 31.0977 46.3916 69.8423 59.5661 182.4351 68.7314 85.2778 90.369 82.9487 67.8746 1.2165 5.3075 55.2535 42.2584 17.7245 68.7838 2.3022 783.4357 507.9587 507.9587 532.9946 77.4133 276.4956 174.7095 186.7478 216.7291 676.6384 184.8513 222.6048 47.4763 35.6201 25.2332 0.0 119.2893 683.6868;
	0.8557 11.5625 11.9612 0.0581 2.4913 0.0004 0.0 0.5459 0.0 19.1927 35.4775 52.9254 79.6789 63.9616 146.0593 55.027 68.2742 72.3503 84.5871 57.2153 0.0 0.001 69.5857 35.1913 14.5988 3.9181 1.7458 712.9155 527.7324 527.7324 563.1536 77.1803 281.9569 147.2724 200.5283 225.1658 678.8972 183.4661 323.0606 39.1039 75.3998 0.0048 0.0 65.5009 685.9691;
