function loadprofile = ex_load_profilesh1
%EX_LOAD_PROFILE  Example load profile data file for stochastic unit commitment.
% 2022.03.12
% Andres F. Ramirez

%% define constants
[CT_LABEL, CT_PROB, CT_TABLE, CT_TBUS, CT_TGEN, CT_TBRCH, CT_TAREABUS, ...
    CT_TAREAGEN, CT_TAREABRCH, CT_ROW, CT_COL, CT_CHGTYPE, CT_REP, ...
    CT_REL, CT_ADD, CT_NEWVAL, CT_TLOAD, CT_TAREALOAD, CT_LOAD_ALL_PQ, ...
    CT_LOAD_FIX_PQ, CT_LOAD_DIS_PQ, CT_LOAD_ALL_P, CT_LOAD_FIX_P, ...
    CT_LOAD_DIS_P, CT_TGENCOST, CT_TAREAGENCOST, CT_MODCOST_F, ...
    CT_MODCOST_X] = idx_ct;

loadprofile = struct( ...
    'type', 'mpcData', ...
    'table', CT_TAREALOAD, ...
    'rows', [1:11], ...
    'col', CT_LOAD_ALL_P, ...
    'chgtype', 1, ...
    'values', [] );
loadprofile.values(:,1,:) = [
	1553.6613 945.5717 1648.1561 565.7812 869.2743 1173.8321 896.9 259.9214 525.188 4459.1914 1853.622;
	1565.8866 921.3 1617.9102 546.2463 851.4969 1164.5367 879.501 257.0 487.1665 4339.3669 1775.9472;
	1611.7589 970.1617 1683.1479 564.3294 887.975 1186.6 910.1968 258.9045 520.9 4398.7878 1820.51;
	1677.3423 1033.2799 1791.3977 566.9988 927.1 1277.7842 983.0601 289.6022 570.2228 4664.3734 2002.7279;
	1854.1799 1167.8 2015.5664 603.6 1069.5549 1443.7517 1070.9673 335.7531 641.4519 5249.5605 2181.59;
	1920.6688 1268.8236 2178.8581 632.9337 1178.3637 1544.1015 1148.8 388.2206 703.2 5863.0749 2420.6182;
	1990.265 1293.9823 2199.1771 631.0 1196.9049 1563.7224 1164.3 392.7868 713.4152 6211.9736 2425.1996;
	2047.2876 1322.5756 2221.8421 650.1 1182.6349 1569.6268 1198.5702 389.3 719.1 6498.4045 2430.2948;
	2056.3663 1307.5858 2220.7333 638.1283 1170.1577 1568.3751 1200.0683 376.5025 708.8924 6510.4967 2439.852;
	2095.417 1305.1164 2164.3511 639.6 1157.0638 1545.1395 1157.7962 384.2314 710.6601 6490.9504 2279.0367;
	2034.1112 1306.5382 2175.1335 638.2052 1118.2324 1545.8785 1104.3599 375.8043 698.4832 6456.123 2282.2125;
	2019.3088 1251.9016 2100.6533 618.1956 1122.0134 1529.8622 1087.9052 382.2956 681.6121 6358.9776 2184.5;
	1985.3441 1229.8447 2062.7637 626.2022 1081.8721 1489.4 1016.9671 361.9 641.9916 6319.4505 2096.3604;
	1955.6684 1215.7596 2036.1008 623.9623 1075.2273 1494.9064 1032.557 348.3268 655.1695 6251.1715 2089.2624;
	1915.2244 1228.4204 2070.2561 622.664 1106.1441 1512.301 1057.1392 361.1334 658.2 6307.1515 2180.9194;
	1903.9587 1232.7593 2089.8046 640.0552 1127.8413 1558.4367 1105.9661 357.2 681.7 6288.3913 2254.3812;
	1997.8947 1248.5349 2040.0313 635.683 1111.0 1575.2488 1137.256 379.3447 688.5 6026.5692 2358.2078;
	1983.2745 1281.5366 2083.8116 640.304 1128.4 1643.4652 1207.4545 380.2557 733.2907 5994.685 2483.5;
	1994.4564 1278.7069 2069.8557 628.3191 1120.5 1621.6641 1204.1147 367.9259 732.9898 5827.4762 2506.0984;
	1942.4119 1199.2706 1976.8894 611.3007 1064.7884 1552.2043 1161.7563 350.2971 703.6211 5504.7515 2397.5293;
	1834.2327 1112.085 1884.5887 576.0 1022.1538 1470.4834 1098.5612 336.4 663.8783 5245.4138 2223.9934;
	1709.6 1031.4727 1758.7217 572.1 941.0787 1342.0284 1007.6 298.1 602.1456 4846.9462 2012.5046;
	1704.1086 982.526 1693.0196 587.0681 902.1 1275.0801 953.7546 283.3753 565.7592 4544.2664 1883.5389;
	1638.7439 974.1351 1680.7998 581.4027 897.8761 1255.9063 920.2122 271.0 556.4816 4460.9753 1805.4857;
];
