function loadprofile = ex_load_profilesh1
%EX_LOAD_PROFILE  Example load profile data file for stochastic unit commitment.
% 2022.03.12
% Andres F. Ramirez

%% define constants
[CT_LABEL, CT_PROB, CT_TABLE, CT_TBUS, CT_TGEN, CT_TBRCH, CT_TAREABUS, ...
    CT_TAREAGEN, CT_TAREABRCH, CT_ROW, CT_COL, CT_CHGTYPE, CT_REP, ...
    CT_REL, CT_ADD, CT_NEWVAL, CT_TLOAD, CT_TAREALOAD, CT_LOAD_ALL_PQ, ...
    CT_LOAD_FIX_PQ, CT_LOAD_DIS_PQ, CT_LOAD_ALL_P, CT_LOAD_FIX_P, ...
    CT_LOAD_DIS_P, CT_TGENCOST, CT_TAREAGENCOST, CT_MODCOST_F, ...
    CT_MODCOST_X] = idx_ct;

loadprofile = struct( ...
    'type', 'mpcData', ...
    'table', CT_TAREALOAD, ...
    'rows', [1:11], ...
    'col', CT_LOAD_ALL_P, ...
    'chgtype', 1, ...
    'values', [] );
loadprofile.values(:,1,:) = [
	1559.6332 961.4023 1639.5764 559.4406 789.8099 1124.0 844.431 282.9 498.0 4496.452 1730.191;
	1518.5396 958.1 1613.6573 561.0767 764.2481 1107.55 829.2432 269.4225 478.9199 4470.1971 1707.207;
	1541.8164 992.8161 1665.5124 583.5 822.9108 1177.7 863.8093 293.1392 498.5434 4510.5816 1781.2525;
	1595.7496 1033.7974 1761.5892 597.0 873.0461 1227.4537 903.2374 305.2715 542.762 4744.7846 1877.7013;
	1742.3537 1174.2243 1956.6885 630.6563 992.6827 1363.2834 1009.5119 351.1198 606.7032 5351.3494 2118.3632;
	1853.3979 1251.0686 2093.5971 650.6016 1085.3 1462.5046 1076.076 386.256 672.9 5986.8275 2301.7605;
	1879.7126 1270.7 2120.5684 644.516 1095.3685 1453.2 1102.3 374.835 670.6715 6282.8971 2304.4804;
	1899.9275 1275.1562 2098.0 621.911 1070.553 1441.6 1105.176 356.3201 698.5 6506.4095 2234.6673;
	1868.3684 1246.1281 2051.4094 608.5518 1032.9703 1410.0 1076.1756 344.9718 686.8453 6573.8563 2210.2711;
	1852.6 1222.9 2078.8461 590.6 1061.5575 1370.0336 1040.877 352.8176 688.5156 6496.2795 2154.214;
	1853.3111 1220.8348 2051.5075 594.7401 1027.2477 1353.478 1032.1 367.0 681.1549 6526.563 2215.0176;
	1873.3707 1214.3061 2074.4869 589.7623 1031.2708 1366.3256 1046.9563 375.5688 676.0926 6518.0 2191.9;
	1822.9731 1188.9252 2011.5657 591.4941 1015.0054 1367.7385 1058.1635 372.0338 674.4654 6733.4146 2224.771;
	1806.1244 1185.1519 1991.9074 602.9 992.1558 1343.6801 1086.8713 374.9059 678.8965 6704.2625 2266.5915;
	1756.9133 1181.3 2019.9516 600.6685 1004.9511 1400.3087 1100.6749 373.2322 679.4 6638.8165 2317.6297;
	1780.4646 1195.9212 2067.1412 606.1032 1017.5 1419.6183 1119.4812 388.261 683.7045 6606.3234 2342.4221;
	1811.6768 1198.0143 2053.2406 603.8594 1030.2286 1464.1816 1135.9394 408.7629 688.386 6426.7698 2384.0661;
	1928.8558 1259.6125 2109.5329 615.6339 1053.7592 1518.202 1180.9607 417.8076 730.0433 6495.4083 2502.5879;
	1946.5 1258.9 2112.0287 626.1194 1033.3112 1513.1151 1165.7948 421.2311 730.3647 6456.651 2473.3069;
	1885.8144 1188.1404 2034.608 606.6433 967.053 1424.9741 1093.0747 377.0323 668.8047 6183.5914 2339.446;
	1811.9071 1130.5344 1919.8144 586.1 953.9417 1344.8 1050.2542 343.4376 656.6051 6006.1435 2172.345;
	1675.4 1050.5365 1812.2544 568.9398 915.412 1264.7 965.8 316.7 597.3701 5490.115 1974.3541;
	1645.3129 999.2188 1724.166 585.8733 899.5554 1201.5549 906.7217 292.0 528.3771 4994.123 1819.3098;
	1562.0888 957.0832 1680.6 588.1 856.224 1179.1794 879.9206 257.6387 518.9417 4781.5554 1796.4458;
];
