function solarprofile = ex_solar_profilesh1
%EX_WIND_PROFILE_D  Example wind_load_nyiso profile data for deterministic unit commitment.
% 2022.03.12
% Andres F. Ramirez


%% define constants
[GEN_BUS, PG, QG, QMAX, QMIN, VG, MBASE, GEN_STATUS, PMAX, PMIN, ...
    MU_PMAX, MU_PMIN, MU_QMAX, MU_QMIN, PC1, PC2, QC1MIN, QC1MAX, ...
    QC2MIN, QC2MAX, RAMP_AGC, RAMP_10, RAMP_30, RAMP_Q, APF] = idx_gen;
[CT_LABEL, CT_PROB, CT_TABLE, CT_TBUS, CT_TGEN, CT_TBRCH, CT_TAREABUS, ...
    CT_TAREAGEN, CT_TAREABRCH, CT_ROW, CT_COL, CT_CHGTYPE, CT_REP, ...
    CT_REL, CT_ADD, CT_NEWVAL, CT_TLOAD, CT_TAREALOAD, CT_LOAD_ALL_PQ, ...
    CT_LOAD_FIX_PQ, CT_LOAD_DIS_PQ, CT_LOAD_ALL_P, CT_LOAD_FIX_P, ...
    CT_LOAD_DIS_P, CT_TGENCOST, CT_TAREAGENCOST, CT_MODCOST_F, ...
    CT_MODCOST_X] = idx_ct;

solarprofile = struct( ...
    'type', 'mpcData', ...
    'table', CT_TGEN, ...
    'rows', [1:12], ...
    'col', PMAX, ...
    'chgtype', 1, ...
    'values', [] );
solarprofile.values(:,1,:) = [
	0.0 0.0 0.0 0.0 0.0 0.0 0.0 0.0 0.0 0.0 0.0 0.0;
	0.0 0.0 0.0 0.0 0.0 0.0 0.0 0.0 0.0 0.0 0.0 0.0;
	0.0 0.0 0.0 0.0 0.0 0.0 0.0 0.0 0.0 0.0 0.0 0.0;
	0.0 0.0 0.0 0.0 0.0 0.0 0.0 0.0 0.0 0.0 0.0 0.0;
	0.0 0.0 0.0 0.0 0.0 0.0 0.0 0.0 0.0 0.0 0.0 0.0;
	0.1575 0.1621 0.24 0.0 0.0 0.0 0.0 0.0 0.0 0.0 0.0 0.0;
	5.9269 6.2124 4.5177 2.1195 3.5874 321.3264 40.1658 65.5283 127.2601 90.3468 26.955 163.6186;
	16.5886 9.8161 9.6909 2.89 4.2291 425.8255 53.2282 79.1004 234.5452 122.934 65.0292 222.6343;
	23.2629 16.3756 13.8 4.1478 5.1277 419.0772 52.3846 79.2276 229.8683 177.3238 97.0079 321.1344;
	26.4665 16.7376 14.0026 4.5966 4.7978 324.4666 40.5583 60.6921 160.1571 215.1139 141.8883 389.5726;
	26.4577 16.797 13.9047 6.6315 5.8598 302.9324 37.8666 51.1648 129.97 262.7877 179.8592 475.9102;
	26.0033 16.5331 13.7863 7.3797 6.4628 289.3292 36.1662 48.0053 106.4652 292.8021 188.22 530.2663;
	22.9641 15.0883 13.1053 8.3739 10.507 363.2915 45.4114 61.1176 186.3858 341.8523 234.6558 619.0966;
	21.084 15.9717 13.6306 5.0938 9.5888 361.9783 45.2473 61.745 194.478 336.3715 194.7062 609.1709;
	18.4113 14.5453 12.2848 2.1342 8.2459 334.452 41.8065 59.3371 188.0138 288.1442 135.9249 521.8309;
	18.6655 16.2296 11.701 1.7819 10.9176 255.8613 31.9827 55.393 171.2583 191.8457 98.0621 347.4337;
	1.288 0.9793 0.7333 1.5377 3.5145 58.6759 7.3345 12.8537 40.6328 66.6076 37.9789 120.6268;
	0.0 0.0 0.0 0.0 0.0 0.0 0.0 0.0 0.0 0.0 0.0 0.0;
	0.0 0.0 0.0 0.0 0.0 0.0 0.0 0.0 0.0 0.0 0.0 0.0;
	0.0 0.0 0.0 0.0 0.0 0.0 0.0 0.0 0.0 0.0 0.0 0.0;
	0.0 0.0 0.0 0.0 0.0 0.0 0.0 0.0 0.0 0.0 0.0 0.0;
	0.0 0.0 0.0 0.0 0.0 0.0 0.0 0.0 0.0 0.0 0.0 0.0;
	0.0 0.0 0.0 0.0 0.0 0.0 0.0 0.0 0.0 0.0 0.0 0.0;
	0.0 0.0 0.0 0.0 0.0 0.0 0.0 0.0 0.0 0.0 0.0 0.0;
];
