function loadprofile = ex_load_profilesh1
%EX_LOAD_PROFILE  Example load profile data file for stochastic unit commitment.
% 2022.03.12
% Andres F. Ramirez

%% define constants
[CT_LABEL, CT_PROB, CT_TABLE, CT_TBUS, CT_TGEN, CT_TBRCH, CT_TAREABUS, ...
    CT_TAREAGEN, CT_TAREABRCH, CT_ROW, CT_COL, CT_CHGTYPE, CT_REP, ...
    CT_REL, CT_ADD, CT_NEWVAL, CT_TLOAD, CT_TAREALOAD, CT_LOAD_ALL_PQ, ...
    CT_LOAD_FIX_PQ, CT_LOAD_DIS_PQ, CT_LOAD_ALL_P, CT_LOAD_FIX_P, ...
    CT_LOAD_DIS_P, CT_TGENCOST, CT_TAREAGENCOST, CT_MODCOST_F, ...
    CT_MODCOST_X] = idx_ct;

loadprofile = struct( ...
    'type', 'mpcData', ...
    'table', CT_TAREALOAD, ...
    'rows', [1:11], ...
    'col', CT_LOAD_ALL_P, ...
    'chgtype', 1, ...
    'values', [] );
loadprofile.values(:,1,:) = [
	1594.1778 1002.3 1603.3489 590.9 757.2525 1155.6212 867.0525 288.7027 515.9 4535.6937 1735.5909;
	1593.5606 995.8018 1596.8578 580.0809 771.6316 1151.3567 873.1 301.1854 520.5441 4516.5 1752.919;
	1592.625 1007.7041 1631.475 584.7 808.3 1181.5092 898.1 297.6079 536.1947 4553.1574 1799.1057;
	1672.5441 1070.2 1748.8892 602.1 858.9712 1222.6511 941.2822 332.2831 571.8242 4815.6396 1948.8553;
	1826.0048 1181.6315 1955.4 616.8659 990.9058 1391.0 1057.3404 377.9 653.4558 5384.6826 2229.4458;
	1891.0159 1246.8 2046.3805 624.8883 1033.0955 1453.2623 1114.1215 424.7261 702.0395 5973.3 2316.9639;
	1935.568 1255.3 2033.7985 619.6389 1040.148 1433.7 1102.2204 405.3268 701.0093 6207.798 2297.3272;
	1933.3 1231.0808 1961.1686 613.208 1005.8 1377.067 1108.5574 402.4189 702.2863 6421.9979 2231.009;
	1959.5357 1246.9012 2001.3171 627.9574 994.5089 1459.8038 1146.5882 397.4886 728.3529 6532.6751 2235.5151;
	1950.1237 1229.4566 2006.568 625.8387 1024.1613 1469.4353 1140.7813 389.1085 725.6 6563.4361 2247.7782;
	1903.168 1191.0591 1937.9998 614.9 1003.194 1415.0152 1116.0433 384.0772 716.1254 6548.4513 2254.8;
	1873.1238 1161.4286 1878.7009 608.2198 987.5572 1412.5 1087.3421 374.364 740.5107 6524.2291 2248.661;
	1886.3743 1178.8022 1889.6075 604.8226 1030.0227 1418.8116 1098.009 404.3793 714.8188 6469.1538 2219.3678;
	1858.7449 1201.9 1910.1528 591.2933 977.9459 1375.1559 1063.6463 373.82 716.686 6476.7341 2265.3407;
	1854.1474 1180.8568 1975.5765 584.9332 998.8605 1415.8191 1084.5431 375.6 727.8785 6721.2981 2356.3153;
	1868.4572 1160.6 1954.7819 606.9869 1010.7308 1442.7576 1177.2701 367.7832 736.4732 6604.6491 2591.3604;
	1865.6774 1184.9116 1997.6016 609.4649 1017.6414 1506.6729 1218.3711 389.0 756.4033 6562.1686 2705.9266;
	1904.1096 1233.7907 2090.2773 628.5061 1112.1407 1547.598 1253.0329 440.9466 772.9797 6649.2779 2876.5476;
	1926.0357 1261.2676 2078.7084 626.3108 1108.0249 1540.4064 1253.5676 431.2113 773.4915 6495.6343 2820.663;
	1889.886 1226.1 2025.7501 614.4 1079.9 1466.13 1224.5446 434.6407 743.9927 6464.4022 2790.3394;
	1751.6467 1105.7 1837.3917 581.2 989.669 1334.0377 1086.8194 360.1 678.036 5929.4775 2426.8558;
	1646.8165 1028.1768 1739.4325 557.8 927.285 1229.0385 1008.5 332.8993 608.8 5375.3665 2117.7;
	1596.9153 988.5343 1699.4744 571.0016 876.9 1187.5064 950.9813 363.929 569.7607 5147.1603 2022.4788;
	1552.5177 948.0957 1694.3202 579.4098 843.0024 1167.8392 935.3488 316.4503 553.7982 4876.5548 1913.0163;
];
