function solarprofile = ex_solar_profilesh1
%EX_WIND_PROFILE_D  Example wind_load_nyiso profile data for deterministic unit commitment.
% 2022.03.12
% Andres F. Ramirez


%% define constants
[GEN_BUS, PG, QG, QMAX, QMIN, VG, MBASE, GEN_STATUS, PMAX, PMIN, ...
    MU_PMAX, MU_PMIN, MU_QMAX, MU_QMIN, PC1, PC2, QC1MIN, QC1MAX, ...
    QC2MIN, QC2MAX, RAMP_AGC, RAMP_10, RAMP_30, RAMP_Q, APF] = idx_gen;
[CT_LABEL, CT_PROB, CT_TABLE, CT_TBUS, CT_TGEN, CT_TBRCH, CT_TAREABUS, ...
    CT_TAREAGEN, CT_TAREABRCH, CT_ROW, CT_COL, CT_CHGTYPE, CT_REP, ...
    CT_REL, CT_ADD, CT_NEWVAL, CT_TLOAD, CT_TAREALOAD, CT_LOAD_ALL_PQ, ...
    CT_LOAD_FIX_PQ, CT_LOAD_DIS_PQ, CT_LOAD_ALL_P, CT_LOAD_FIX_P, ...
    CT_LOAD_DIS_P, CT_TGENCOST, CT_TAREAGENCOST, CT_MODCOST_F, ...
    CT_MODCOST_X] = idx_ct;

solarprofile = struct( ...
    'type', 'mpcData', ...
    'table', CT_TGEN, ...
    'rows', [1:12], ...
    'col', PMAX, ...
    'chgtype', 1, ...
    'values', [] );
solarprofile.values(:,1,:) = [
	0.0 0.0 0.0 0.0 0.0 0.0 0.0 0.0 0.0 0.0 0.0 0.0;
	0.0 0.0 0.0 0.0 0.0 0.0 0.0 0.0 0.0 0.0 0.0 0.0;
	0.0 0.0 0.0 0.0 0.0 0.0 0.0 0.0 0.0 0.0 0.0 0.0;
	0.0 0.0 0.0 0.0 0.0 0.0 0.0 0.0 0.0 0.0 0.0 0.0;
	0.0 0.0 0.0 0.0 0.0 0.0 0.0 0.0 0.0 0.0 0.0 0.0;
	0.1575 0.1621 0.24 0.0 0.0 0.0 0.0 0.0 0.0 0.0 0.0 0.0;
	6.1182 6.3807 2.1935 0.361 0.5236 122.9885 15.3736 33.7394 27.8567 32.8671 21.4414 59.5226;
	15.4825 13.8922 6.8299 1.4104 2.3149 299.6836 37.4604 40.7796 104.9053 40.1234 2.9136 72.6638;
	17.6084 16.3851 9.4577 4.3135 4.1478 328.9198 41.115 45.3751 129.7739 74.984 4.6604 135.7964;
	7.2492 2.77 1.5827 6.2663 4.416 257.9561 32.2445 47.4681 100.963 210.5135 32.1222 381.2413;
	12.6854 5.7196 1.9193 5.2776 4.2731 286.3589 35.7949 50.1979 138.3239 259.9501 152.0902 470.7712;
	21.2727 15.26 10.6285 4.5748 4.9874 329.716 41.2145 50.795 178.44 266.6611 185.527 482.9249;
	25.8343 16.5546 13.7855 9.5086 10.7591 443.0876 55.3859 64.3453 264.3294 341.3132 234.6864 618.1203;
	22.852 16.3881 13.7008 9.9584 11.0498 444.3483 55.5435 63.6764 260.54 332.426 185.4338 602.0255;
	17.0326 13.6989 9.761 10.0007 10.7424 419.2669 52.4084 59.3943 242.6183 253.8996 78.0392 459.8137;
	8.2237 7.0982 3.6362 9.3566 13.1605 339.337 42.4171 42.2656 187.7989 189.4252 61.2742 343.0502;
	1.2219 1.2832 0.8139 1.9854 4.4786 69.7708 8.7213 9.901 48.9344 63.3772 39.0443 114.7765;
	0.0 0.0 0.0 0.0 0.0 0.0 0.0 0.0 0.0 0.0 0.0 0.0;
	0.0 0.0 0.0 0.0 0.0 0.0 0.0 0.0 0.0 0.0 0.0 0.0;
	0.0 0.0 0.0 0.0 0.0 0.0 0.0 0.0 0.0 0.0 0.0 0.0;
	0.0 0.0 0.0 0.0 0.0 0.0 0.0 0.0 0.0 0.0 0.0 0.0;
	0.0 0.0 0.0 0.0 0.0 0.0 0.0 0.0 0.0 0.0 0.0 0.0;
	0.0 0.0 0.0 0.0 0.0 0.0 0.0 0.0 0.0 0.0 0.0 0.0;
	0.0 0.0 0.0 0.0 0.0 0.0 0.0 0.0 0.0 0.0 0.0 0.0;
];
