function solarprofile = ex_solar_profilesh1
%EX_WIND_PROFILE_D  Example wind_load_nyiso profile data for deterministic unit commitment.
% 2022.03.12
% Andres F. Ramirez


%% define constants
[GEN_BUS, PG, QG, QMAX, QMIN, VG, MBASE, GEN_STATUS, PMAX, PMIN, ...
    MU_PMAX, MU_PMIN, MU_QMAX, MU_QMIN, PC1, PC2, QC1MIN, QC1MAX, ...
    QC2MIN, QC2MAX, RAMP_AGC, RAMP_10, RAMP_30, RAMP_Q, APF] = idx_gen;
[CT_LABEL, CT_PROB, CT_TABLE, CT_TBUS, CT_TGEN, CT_TBRCH, CT_TAREABUS, ...
    CT_TAREAGEN, CT_TAREABRCH, CT_ROW, CT_COL, CT_CHGTYPE, CT_REP, ...
    CT_REL, CT_ADD, CT_NEWVAL, CT_TLOAD, CT_TAREALOAD, CT_LOAD_ALL_PQ, ...
    CT_LOAD_FIX_PQ, CT_LOAD_DIS_PQ, CT_LOAD_ALL_P, CT_LOAD_FIX_P, ...
    CT_LOAD_DIS_P, CT_TGENCOST, CT_TAREAGENCOST, CT_MODCOST_F, ...
    CT_MODCOST_X] = idx_ct;

solarprofile = struct( ...
    'type', 'mpcData', ...
    'table', CT_TGEN, ...
    'rows', [1:12], ...
    'col', PMAX, ...
    'chgtype', 1, ...
    'values', [] );
solarprofile.values(:,1,:) = [
	0.0 0.0 0.0 0.0 0.0 0.0 0.0 0.0 0.0 0.0 0.0 0.0;
	0.0 0.0 0.0 0.0 0.0 0.0 0.0 0.0 0.0 0.0 0.0 0.0;
	0.0 0.0 0.0 0.0 0.0 0.0 0.0 0.0 0.0 0.0 0.0 0.0;
	0.0 0.0 0.0 0.0 0.0 0.0 0.0 0.0 0.0 0.0 0.0 0.0;
	0.0 0.0 0.0 0.0 0.0 0.0 0.0 0.0 0.0 0.0 0.0 0.0;
	0.1575 0.1621 0.24 0.0 0.0 0.0 0.0 0.0 0.0 0.0 0.0 0.0;
	15.0361 10.6763 9.2304 1.4886 2.7392 244.6685 30.5836 26.2659 70.736 21.6901 21.3818 39.2809;
	17.7957 15.112 10.9346 2.3209 4.3874 407.4005 50.9251 38.8723 165.5748 45.8818 23.7005 83.0922;
	17.3934 16.5755 9.3733 2.7601 5.0807 419.1397 52.3925 44.5394 202.9703 113.296 68.8342 205.1797;
	9.1435 9.9572 1.6643 1.0977 3.8516 380.7664 47.5958 42.1363 216.7777 248.101 159.6446 449.3124;
	20.8128 16.2578 7.942 1.6933 4.8742 349.5447 43.6931 42.6042 180.8837 321.3306 189.1348 581.9316;
	25.964 16.5539 13.7863 2.5636 5.6722 316.9787 39.6223 45.1743 163.8364 331.6546 203.5283 600.6284;
	26.424 16.8585 13.9436 3.6966 9.3588 397.7714 49.7214 65.3186 238.9716 341.7017 253.5422 618.8239;
	24.1124 16.4308 13.7008 1.9881 8.7266 413.2159 51.652 67.5449 260.1297 336.4746 234.9516 609.3576;
	18.6567 13.5594 10.2595 1.731 7.8248 421.4621 52.6828 67.7296 268.8664 309.5165 208.9808 560.5363;
	8.6798 5.0499 1.5008 1.9921 11.3921 446.2998 55.7875 60.2424 256.5128 274.7676 172.119 497.6058;
	1.1009 0.9765 0.5528 1.5366 4.1043 87.3285 10.9161 13.3359 44.8848 73.1553 45.3649 132.4847;
	0.0 0.0 0.0 0.0 0.0 0.0 0.0 0.0 0.0 0.0 0.0 0.0;
	0.0 0.0 0.0 0.0 0.0 0.0 0.0 0.0 0.0 0.0 0.0 0.0;
	0.0 0.0 0.0 0.0 0.0 0.0 0.0 0.0 0.0 0.0 0.0 0.0;
	0.0 0.0 0.0 0.0 0.0 0.0 0.0 0.0 0.0 0.0 0.0 0.0;
	0.0 0.0 0.0 0.0 0.0 0.0 0.0 0.0 0.0 0.0 0.0 0.0;
	0.0 0.0 0.0 0.0 0.0 0.0 0.0 0.0 0.0 0.0 0.0 0.0;
	0.0 0.0 0.0 0.0 0.0 0.0 0.0 0.0 0.0 0.0 0.0 0.0;
];
