function loadprofile = ex_load_profilesh1
%EX_LOAD_PROFILE  Example load profile data file for stochastic unit commitment.
% 2022.03.12
% Andres F. Ramirez

%% define constants
[CT_LABEL, CT_PROB, CT_TABLE, CT_TBUS, CT_TGEN, CT_TBRCH, CT_TAREABUS, ...
    CT_TAREAGEN, CT_TAREABRCH, CT_ROW, CT_COL, CT_CHGTYPE, CT_REP, ...
    CT_REL, CT_ADD, CT_NEWVAL, CT_TLOAD, CT_TAREALOAD, CT_LOAD_ALL_PQ, ...
    CT_LOAD_FIX_PQ, CT_LOAD_DIS_PQ, CT_LOAD_ALL_P, CT_LOAD_FIX_P, ...
    CT_LOAD_DIS_P, CT_TGENCOST, CT_TAREAGENCOST, CT_MODCOST_F, ...
    CT_MODCOST_X] = idx_ct;

loadprofile = struct( ...
    'type', 'mpcData', ...
    'table', CT_TAREALOAD, ...
    'rows', [1:11], ...
    'col', CT_LOAD_ALL_P, ...
    'chgtype', 1, ...
    'values', [] );
loadprofile.values(:,1,:) = [
	1523.9019 987.0351 1655.196 570.8 794.367 1157.443 882.6 250.6 519.4692 4414.3075 1707.8554;
	1529.8 997.3819 1680.1375 569.2946 824.9 1188.3 889.265 255.2143 504.6563 4471.571 1695.991;
	1561.915 1014.1226 1704.7802 560.5438 837.1522 1205.6283 889.2176 265.6 517.0166 4515.9801 1730.1997;
	1636.7646 1096.7474 1808.6639 586.5 900.0333 1274.7 948.4035 281.9568 551.4289 4730.9445 1860.7;
	1797.0561 1206.6714 2016.886 608.5 1045.5613 1402.6888 1039.8169 326.3724 615.1287 5315.5807 2082.9498;
	1875.6 1260.4457 2152.9866 616.9654 1112.7687 1489.8989 1086.7229 341.9329 691.355 5980.9487 2258.2;
	1892.7 1280.8658 2197.2856 616.1276 1131.6 1493.1985 1118.2 365.1656 695.7643 6409.3516 2297.9067;
	1919.1992 1269.9954 2138.4343 593.0 1072.345 1482.5673 1100.524 346.8368 691.9584 6575.8139 2224.543;
	1940.9273 1290.9481 2163.7407 596.6945 1086.9207 1523.7235 1128.2621 354.1187 690.9872 6832.3169 2260.2837;
	1915.7632 1275.4298 2121.3488 599.5587 1070.4733 1530.3825 1104.2117 353.1658 661.6732 6723.2856 2194.9;
	1906.294 1262.4279 2093.2 583.2167 1042.9694 1545.8227 1090.7134 344.5354 638.8098 6702.4892 2122.2152;
	1898.7763 1253.2 2057.2735 580.5598 1045.8589 1539.647 1095.9 330.9 597.1823 6571.8052 2028.73;
	1873.8687 1246.0247 2038.5283 575.3005 1055.0209 1516.5766 1116.0532 321.2 621.5657 6664.583 2142.9555;
	1830.4 1184.9913 1956.2589 569.0 1030.874 1455.9213 1114.6974 338.4437 596.1683 6531.9383 2128.2707;
	1786.0 1197.9545 1995.6746 547.5566 1034.0099 1475.0466 1151.4474 350.9 621.3992 6718.0836 2168.6596;
	1811.2677 1201.038 2023.3561 525.1333 1028.8 1510.2924 1159.1639 363.6875 639.9974 6639.7598 2244.6591;
	1854.637 1228.7 2030.7639 568.6765 1028.5249 1546.0158 1164.7811 347.6252 689.8919 6512.6626 2365.1;
	1858.3453 1266.9427 2064.005 602.2823 1090.8 1650.2332 1214.8603 383.1683 717.31 6743.5933 2508.5516;
	1913.4784 1299.7288 2104.465 582.7072 1089.4313 1632.6718 1211.1 374.7803 704.2738 6450.5 2470.2123;
	1841.6 1255.396 2007.6533 569.9102 1021.0939 1546.3148 1166.9 365.4941 686.2235 6191.331 2379.0943;
	1721.8328 1142.3437 1848.2 550.0993 931.7717 1427.3299 1089.4324 319.7099 611.0187 5811.3609 2131.3026;
	1625.5383 1077.8909 1750.7381 536.1929 876.3054 1362.6516 997.6147 295.797 553.2547 5333.1964 1813.2619;
	1599.0242 1005.1 1687.9949 541.8513 855.1 1351.899 949.6365 290.4304 539.1799 4994.1498 1715.6374;
	1556.1936 978.1 1648.3466 519.8519 807.4213 1242.8133 909.724 273.639 514.951 4655.4537 1686.6373;
];
