function windprofile = ex_wind_profilesh1
%EX_WIND_PROFILE_D  Example wind_load_nyiso profile data for deterministic unit commitment.
% 2022.03.12
% Andres F. Ramirez


%% define constants
[GEN_BUS, PG, QG, QMAX, QMIN, VG, MBASE, GEN_STATUS, PMAX, PMIN, ...
    MU_PMAX, MU_PMIN, MU_QMAX, MU_QMIN, PC1, PC2, QC1MIN, QC1MAX, ...
    QC2MIN, QC2MAX, RAMP_AGC, RAMP_10, RAMP_30, RAMP_Q, APF] = idx_gen;
[CT_LABEL, CT_PROB, CT_TABLE, CT_TBUS, CT_TGEN, CT_TBRCH, CT_TAREABUS, ...
    CT_TAREAGEN, CT_TAREABRCH, CT_ROW, CT_COL, CT_CHGTYPE, CT_REP, ...
    CT_REL, CT_ADD, CT_NEWVAL, CT_TLOAD, CT_TAREALOAD, CT_LOAD_ALL_PQ, ...
    CT_LOAD_FIX_PQ, CT_LOAD_DIS_PQ, CT_LOAD_ALL_P, CT_LOAD_FIX_P, ...
    CT_LOAD_DIS_P, CT_TGENCOST, CT_TAREAGENCOST, CT_MODCOST_F, ...
    CT_MODCOST_X] = idx_ct;

windprofile = struct( ...
    'type', 'mpcData', ...
    'table', CT_TGEN, ...
    'rows', [1:45], ...
    'col', PMAX, ...
    'chgtype', 1, ...
    'values', [] );
windprofile.values(:,1,:) = [
	3.5953 48.5802 87.7933 104.54 14.04 29.3276 26.8394 9.3826 26.0251 28.4071 52.5101 78.3347 117.9324 65.3957 184.6288 69.5578 86.3032 91.4557 86.7083 71.5053 8.9465 68.4311 67.1675 82.3113 78.8222 61.1144 8.5227 1231.5844 707.9398 707.9398 749.7994 114.2014 289.0276 184.0549 205.0244 302.0543 1093.0672 301.7451 444.724 211.1309 119.263 325.341 169.5346 224.277 1104.4533;
	3.7325 50.4347 88.8219 109.6429 14.5782 31.0751 27.95 9.3667 26.2134 29.0483 53.6953 80.1029 120.5944 66.4804 191.1368 72.0097 89.3453 94.6794 87.4048 72.2843 9.3167 72.5087 73.9359 83.943 84.1147 59.364 7.8352 1217.3149 726.4321 726.4321 746.6096 115.0724 291.3494 186.0599 208.425 309.9444 1154.8601 285.2206 443.3346 225.3073 116.2553 344.7269 191.9879 226.7193 1166.8898;
	3.6637 49.5046 87.7589 91.5124 14.1837 31.6428 25.3186 8.4406 25.7511 28.8088 53.2526 79.4425 119.6002 66.8212 188.0618 70.8512 87.9079 93.1562 89.326 71.715 8.4395 73.8331 71.067 84.5805 77.6354 59.7406 8.2219 1225.0262 751.0827 751.0827 763.6701 113.716 297.7532 184.5946 209.4934 320.462 1116.7667 270.6571 442.5837 207.9519 116.5117 351.0237 165.1578 243.2333 1128.3997;
	3.639 49.1705 87.2207 96.7655 14.2765 31.8446 23.8654 9.4426 26.1204 28.2976 52.3076 78.0327 117.4778 67.1254 187.833 70.765 87.801 93.0428 87.1203 70.7221 7.9551 74.304 71.3762 82.9886 74.2459 51.0043 7.8 1200.3296 771.5992 771.5992 763.8268 112.0595 290.401 182.0388 210.4472 329.2157 1177.0895 272.5954 441.0084 198.8728 114.2111 353.2622 182.6294 232.3601 1189.3509;
	3.4117 46.0991 83.2579 79.418 14.074 30.0295 19.3091 7.3681 21.5163 27.4355 50.7142 75.6556 113.8991 66.3457 175.5659 66.1434 82.0669 86.9664 87.3698 67.2264 6.4364 70.0688 69.7269 83.4109 62.8395 49.6652 7.4618 1190.0208 747.5301 747.5301 707.4193 104.2116 291.2325 173.0409 208.0026 318.9462 1090.6989 249.3174 376.7305 168.3202 112.0546 333.1271 185.8598 217.3428 1102.0604;
	3.4299 46.345 80.489 71.8673 13.9858 28.5804 17.0279 0.3297 22.3648 27.9436 51.6532 77.0565 116.0081 64.781 170.5949 64.2706 79.7432 84.504 87.86 64.9194 5.676 66.6875 63.3704 81.9086 44.7117 29.2479 5.5078 1184.4507 706.5017 706.5017 671.9998 95.1283 292.8665 167.1028 203.0973 301.4407 1102.8999 237.8187 328.3135 119.7636 100.6149 317.0516 182.2361 164.4655 1114.3885;
	3.296 44.5366 71.2683 60.7478 14.0943 27.1191 16.0656 3.9484 17.8851 28.682 53.0182 79.0927 119.0737 66.7359 173.865 65.5026 81.2718 86.1238 89.2506 67.5112 5.3552 63.2778 69.0115 77.5475 35.4441 15.2263 4.2565 1216.2192 670.9147 670.9147 577.4782 65.7184 297.5019 173.7741 209.2259 286.2569 1053.1778 217.7154 272.5871 94.9396 81.8903 300.8408 160.2824 119.2328 1064.1484;
	3.5619 48.1293 67.1593 63.528 14.5048 28.2843 16.3719 3.544 15.5202 24.2958 44.9103 66.9974 100.8642 66.9349 180.1587 67.8737 84.2137 89.2414 91.7779 68.0161 5.4573 65.9967 55.0701 80.0774 49.3703 14.5246 3.156 1248.1701 679.6422 679.6422 634.5408 69.8675 305.9263 175.0735 209.85 289.9807 1061.773 218.451 247.5047 132.2418 84.5068 313.7674 152.1439 122.1505 1072.8332;
	2.9259 39.5348 55.5368 60.863 14.5072 22.6046 15.1543 3.539 19.831 22.3522 41.3177 61.6379 92.7955 65.4936 171.8154 64.7304 80.3137 85.1086 89.1198 67.8943 5.0514 52.7441 50.0813 83.0491 55.8537 9.5852 2.2919 1181.3061 766.6524 766.6524 743.8756 92.8635 297.0661 174.7601 205.3314 327.105 1033.0126 257.9413 227.2543 149.6082 61.3247 250.7606 141.0149 147.1199 1043.7732;
	2.6413 35.6896 45.4361 52.7809 14.6776 17.6962 18.5971 1.7308 20.366 18.7653 34.6874 51.7468 77.9046 64.175 156.4184 58.9297 73.1165 77.4817 85.1588 67.6679 6.199 41.2912 40.1512 67.1793 32.0863 4.6115 1.0202 1175.7915 811.9078 811.9078 751.7747 111.3603 283.8627 174.1775 201.1974 346.414 1121.3251 250.4563 325.0924 85.9454 44.6158 196.3103 132.463 120.9638 1133.0055;
	2.1042 28.4329 33.4743 38.622 13.7878 12.8105 18.5016 0.6696 18.6871 16.3319 30.1892 45.0364 67.802 66.2152 158.1687 59.5891 73.9347 78.3487 84.6084 69.1113 6.1672 29.8912 31.6478 52.8781 21.1957 3.3621 0.656 1133.0212 836.1109 836.1109 773.9954 112.0621 282.0279 177.8928 207.5938 356.7407 1092.0154 253.7873 357.0746 56.7742 37.7775 142.1113 88.8536 85.9476 1103.3905;
	1.4243 19.2454 27.2007 25.1221 10.2824 9.7521 19.59 1.0942 16.1733 16.0452 29.6592 44.2457 66.6117 66.4998 170.3195 64.1669 79.6145 84.3676 85.9343 68.1001 6.53 22.755 38.4442 39.9362 20.4622 6.4746 0.8241 954.9467 768.981 768.981 682.7474 104.6291 286.4475 175.2898 208.4858 328.0985 985.4917 209.7506 369.4044 54.8094 29.5133 108.1838 63.3124 73.2031 995.7572;
	0.988 13.3504 24.201 26.1558 9.0069 7.2981 19.1238 1.9285 16.252 13.8207 25.5474 38.1118 57.377 66.7548 185.8814 70.0297 86.8888 92.0762 89.9516 71.5058 6.3746 17.0289 41.5242 37.338 20.842 6.9036 2.4315 999.3732 781.9026 781.9026 692.4196 100.2471 299.8387 184.0561 209.2854 333.6118 1026.2101 218.954 424.3808 55.8268 28.2641 80.9602 48.9607 42.8359 1036.8998;
	0.572 7.7287 19.2847 30.1885 7.1729 6.0325 13.6911 1.6316 12.0002 14.5752 26.942 40.1921 60.5091 66.5965 191.7317 72.2338 89.6234 94.9741 85.7115 73.0457 4.5637 14.0758 49.1158 34.1751 18.1249 5.288 2.7153 948.0901 736.1798 736.1798 692.3564 102.5846 285.7049 188.0199 208.7891 314.1034 875.2786 219.5895 384.0207 48.5487 23.6165 66.9206 29.6425 25.9361 884.3961;
	0.6539 8.8358 23.6388 24.2861 6.3617 7.7192 11.1148 1.6006 11.5773 16.3871 30.2913 45.1887 68.0313 65.3821 184.1954 69.3946 86.1007 91.241 78.9268 72.7968 3.7049 18.0114 57.4329 47.9209 20.0517 6.3525 2.9575 853.1155 657.152 657.152 639.2345 87.3916 263.0894 187.3791 204.9818 280.3848 774.0894 207.6901 323.6928 53.7098 18.2824 85.6313 26.648 36.553 782.1529;
	0.802 10.8373 18.6943 29.5633 7.1329 0.5994 5.9437 1.3216 9.7017 15.8273 29.2566 43.6451 65.7075 66.5743 172.2315 64.8872 80.5082 85.3147 75.6405 67.993 1.9812 1.3985 58.2142 45.9703 22.3773 4.9654 2.2108 927.594 588.1805 588.1805 561.924 82.5126 252.1349 175.0142 208.7194 250.957 660.3738 197.9641 231.2543 59.9391 19.0614 6.6491 0.002 18.7581 667.2527;
	0.5008 6.7668 10.2782 45.1815 6.3462 3.2282 3.9399 0.0352 12.0187 18.7191 34.602 51.6194 77.7127 63.1118 177.4433 66.8507 82.9444 87.8963 79.6517 66.7192 1.3133 7.5324 54.8829 39.7958 12.5592 5.3261 1.5146 842.3361 536.9303 536.9303 567.4811 82.0766 265.5057 171.7353 197.8639 229.0903 774.8024 192.4909 255.4907 33.6407 31.1711 35.8114 9.9111 0.0 782.8732;
	1.1082 14.9741 28.9159 93.2422 2.6769 11.5345 15.6169 1.8948 6.7899 21.0137 38.8434 57.9468 87.2385 66.0931 140.4123 52.8995 65.6346 69.5531 80.9076 55.0071 5.2056 26.9137 68.2791 40.8955 15.3681 4.8244 1.6727 775.7231 547.5218 547.5218 610.3072 85.5404 269.6919 141.5885 207.2107 233.6093 751.0291 199.4948 370.1375 41.1645 69.6251 127.9556 64.3916 2.721 758.8523;
	0.5343 7.2198 27.6675 44.2973 1.0949 3.191 8.9373 2.2012 6.4414 23.5423 43.5176 64.9197 97.7362 64.3199 123.0236 46.3484 57.5064 60.9396 14.6242 65.2683 2.9791 7.4458 71.6096 51.3246 22.948 9.3983 2.0644 784.3109 511.4781 511.4781 598.1413 71.4057 48.7475 168.0007 201.6517 218.2307 678.7772 175.1395 385.4191 61.468 77.9265 35.3994 14.9007 40.9246 685.8478;
