function solarprofile = ex_solar_profilesh1
%EX_WIND_PROFILE_D  Example wind_load_nyiso profile data for deterministic unit commitment.
% 2022.03.12
% Andres F. Ramirez


%% define constants
[GEN_BUS, PG, QG, QMAX, QMIN, VG, MBASE, GEN_STATUS, PMAX, PMIN, ...
    MU_PMAX, MU_PMIN, MU_QMAX, MU_QMIN, PC1, PC2, QC1MIN, QC1MAX, ...
    QC2MIN, QC2MAX, RAMP_AGC, RAMP_10, RAMP_30, RAMP_Q, APF] = idx_gen;
[CT_LABEL, CT_PROB, CT_TABLE, CT_TBUS, CT_TGEN, CT_TBRCH, CT_TAREABUS, ...
    CT_TAREAGEN, CT_TAREABRCH, CT_ROW, CT_COL, CT_CHGTYPE, CT_REP, ...
    CT_REL, CT_ADD, CT_NEWVAL, CT_TLOAD, CT_TAREALOAD, CT_LOAD_ALL_PQ, ...
    CT_LOAD_FIX_PQ, CT_LOAD_DIS_PQ, CT_LOAD_ALL_P, CT_LOAD_FIX_P, ...
    CT_LOAD_DIS_P, CT_TGENCOST, CT_TAREAGENCOST, CT_MODCOST_F, ...
    CT_MODCOST_X] = idx_ct;

solarprofile = struct( ...
    'type', 'mpcData', ...
    'table', CT_TGEN, ...
    'rows', [1:12], ...
    'col', PMAX, ...
    'chgtype', 1, ...
    'values', [] );
solarprofile.values(:,1,:) = [
	0.0 0.0 0.0 0.0 0.0 0.0 0.0 0.0 0.0 0.0 0.0 0.0;
	0.0 0.0 0.0 0.0 0.0 0.0 0.0 0.0 0.0 0.0 0.0 0.0;
	0.0 0.0 0.0 0.0 0.0 0.0 0.0 0.0 0.0 0.0 0.0 0.0;
	0.0 0.0 0.0 0.0 0.0 0.0 0.0 0.0 0.0 0.0 0.0 0.0;
	0.0 0.0 0.0 0.0 0.0 0.0 0.0 0.0 0.0 0.0 0.0 0.0;
	0.19 0.1989 0.2467 0.0 0.0 0.0 0.0 0.0 0.0 0.0 0.0 0.0;
	2.6236 5.7147 1.9995 0.3611 1.2409 171.4387 21.4298 11.8748 84.1513 25.1688 22.3274 45.5808;
	7.7867 11.9204 4.2864 2.987 2.66 234.8232 29.3529 25.7054 69.0362 114.1363 79.6513 206.7015;
	18.1725 16.6083 12.1769 6.4567 4.3331 248.3406 31.0426 36.7045 75.3853 196.1332 166.9857 355.1984;
	21.7768 16.474 11.8052 6.7451 4.6474 238.3547 29.7943 44.7877 155.8361 221.2239 187.115 400.6377;
	21.6406 16.5326 12.1943 6.384 5.6243 271.3417 33.9177 52.694 195.0774 251.4386 209.423 455.3568;
	22.1427 16.5331 12.6409 6.3872 4.4585 271.7566 33.9696 60.9422 191.5196 259.1994 202.1139 469.4117;
	24.3758 16.5546 12.6073 9.366 2.2287 359.5418 44.9427 64.4404 189.7198 338.3885 190.5654 612.8235;
	19.2153 16.3512 10.8934 8.6974 1.15 363.1988 45.3999 61.8218 159.9502 324.5864 122.2964 587.828;
	9.6094 8.6423 1.9908 6.5743 0.4379 353.2423 44.1553 55.2452 150.4766 216.8509 49.0701 392.7183;
	1.6828 0.8168 0.4399 5.3705 3.348 339.631 42.4539 39.1798 163.8541 192.6793 73.3326 348.9434;
	0.906 0.7333 0.5133 1.6721 3.4199 69.0072 8.6259 11.8121 35.8011 67.3682 39.741 122.0043;
	0.0 0.0 0.0 0.0 0.0 0.0 0.0 0.0 0.0 0.0 0.0 0.0;
	0.0 0.0 0.0 0.0 0.0 0.0 0.0 0.0 0.0 0.0 0.0 0.0;
	0.0 0.0 0.0 0.0 0.0 0.0 0.0 0.0 0.0 0.0 0.0 0.0;
	0.0 0.0 0.0 0.0 0.0 0.0 0.0 0.0 0.0 0.0 0.0 0.0;
	0.0 0.0 0.0 0.0 0.0 0.0 0.0 0.0 0.0 0.0 0.0 0.0;
	0.0 0.0 0.0 0.0 0.0 0.0 0.0 0.0 0.0 0.0 0.0 0.0;
	0.0 0.0 0.0 0.0 0.0 0.0 0.0 0.0 0.0 0.0 0.0 0.0;
];
