function solarprofile = ex_solar_profilesh1
%EX_WIND_PROFILE_D  Example wind_load_nyiso profile data for deterministic unit commitment.
% 2022.03.12
% Andres F. Ramirez


%% define constants
[GEN_BUS, PG, QG, QMAX, QMIN, VG, MBASE, GEN_STATUS, PMAX, PMIN, ...
    MU_PMAX, MU_PMIN, MU_QMAX, MU_QMIN, PC1, PC2, QC1MIN, QC1MAX, ...
    QC2MIN, QC2MAX, RAMP_AGC, RAMP_10, RAMP_30, RAMP_Q, APF] = idx_gen;
[CT_LABEL, CT_PROB, CT_TABLE, CT_TBUS, CT_TGEN, CT_TBRCH, CT_TAREABUS, ...
    CT_TAREAGEN, CT_TAREABRCH, CT_ROW, CT_COL, CT_CHGTYPE, CT_REP, ...
    CT_REL, CT_ADD, CT_NEWVAL, CT_TLOAD, CT_TAREALOAD, CT_LOAD_ALL_PQ, ...
    CT_LOAD_FIX_PQ, CT_LOAD_DIS_PQ, CT_LOAD_ALL_P, CT_LOAD_FIX_P, ...
    CT_LOAD_DIS_P, CT_TGENCOST, CT_TAREAGENCOST, CT_MODCOST_F, ...
    CT_MODCOST_X] = idx_ct;

solarprofile = struct( ...
    'type', 'mpcData', ...
    'table', CT_TGEN, ...
    'rows', [1:12], ...
    'col', PMAX, ...
    'chgtype', 1, ...
    'values', [] );
solarprofile.values(:,1,:) = [
	0.0 0.0 0.0 0.0 0.0 0.0 0.0 0.0 0.0 0.0 0.0 0.0;
	0.0 0.0 0.0 0.0 0.0 0.0 0.0 0.0 0.0 0.0 0.0 0.0;
	0.0 0.0 0.0 0.0 0.0 0.0 0.0 0.0 0.0 0.0 0.0 0.0;
	0.0 0.0 0.0 0.0 0.0 0.0 0.0 0.0 0.0 0.0 0.0 0.0;
	0.0 0.0 0.0 0.0 0.0 0.0 0.0 0.0 0.0 0.0 0.0 0.0;
	0.1729 0.1661 0.24 0.0 0.0 0.0 0.0 0.0 0.0 0.0 0.0 0.0;
	3.7739 4.2353 2.294 1.3643 0.8327 74.6466 9.3308 3.8904 15.6205 11.6301 22.2404 21.0622;
	20.5616 14.2737 9.0197 3.6768 2.5656 283.7033 35.4629 20.7309 35.3934 86.6599 59.3729 156.9417;
	26.4285 16.7885 13.8 5.6074 3.6827 316.6702 39.5838 37.6066 45.5438 173.2332 110.065 313.7264;
	26.9628 17.214 13.7761 2.3254 1.6604 118.1189 14.7649 27.2526 39.5385 139.5903 154.8695 252.7989;
	26.3892 16.8268 13.7859 1.5961 1.1283 117.6742 14.7093 20.1163 40.2393 126.4012 164.7849 228.9134;
	26.1252 16.6469 13.7863 1.5521 1.1732 178.3214 22.2902 20.3942 55.1971 154.3176 172.723 279.4701;
	26.4751 16.8558 13.7855 1.8853 6.6318 374.8286 46.8536 56.6257 154.0851 341.4098 245.3314 618.2951;
	25.9474 16.953 13.7008 1.6077 5.9371 383.9878 47.9985 59.5317 162.1615 336.3715 219.1456 609.1709;
	23.9647 16.9289 12.3162 1.8046 3.5593 355.566 44.4458 53.1661 153.0441 281.3507 167.1894 509.5278;
	10.0147 9.5323 6.1344 4.0123 3.9631 296.0565 37.0071 19.1563 143.0932 103.8668 58.443 188.1034;
	1.2042 0.9032 0.6034 2.0528 3.3222 70.8566 8.8571 9.9093 38.1488 63.9877 37.5179 115.8821;
	0.0 0.0 0.0 0.0 0.0 0.0 0.0 0.0 0.0 0.0 0.0 0.0;
	0.0 0.0 0.0 0.0 0.0 0.0 0.0 0.0 0.0 0.0 0.0 0.0;
	0.0 0.0 0.0 0.0 0.0 0.0 0.0 0.0 0.0 0.0 0.0 0.0;
	0.0 0.0 0.0 0.0 0.0 0.0 0.0 0.0 0.0 0.0 0.0 0.0;
	0.0 0.0 0.0 0.0 0.0 0.0 0.0 0.0 0.0 0.0 0.0 0.0;
	0.0 0.0 0.0 0.0 0.0 0.0 0.0 0.0 0.0 0.0 0.0 0.0;
	0.0 0.0 0.0 0.0 0.0 0.0 0.0 0.0 0.0 0.0 0.0 0.0;
];
