function loadprofile = ex_load_profilesh1
%EX_LOAD_PROFILE  Example load profile data file for stochastic unit commitment.
% 2022.03.12
% Andres F. Ramirez

%% define constants
[CT_LABEL, CT_PROB, CT_TABLE, CT_TBUS, CT_TGEN, CT_TBRCH, CT_TAREABUS, ...
    CT_TAREAGEN, CT_TAREABRCH, CT_ROW, CT_COL, CT_CHGTYPE, CT_REP, ...
    CT_REL, CT_ADD, CT_NEWVAL, CT_TLOAD, CT_TAREALOAD, CT_LOAD_ALL_PQ, ...
    CT_LOAD_FIX_PQ, CT_LOAD_DIS_PQ, CT_LOAD_ALL_P, CT_LOAD_FIX_P, ...
    CT_LOAD_DIS_P, CT_TGENCOST, CT_TAREAGENCOST, CT_MODCOST_F, ...
    CT_MODCOST_X] = idx_ct;

loadprofile = struct( ...
    'type', 'mpcData', ...
    'table', CT_TAREALOAD, ...
    'rows', [1:11], ...
    'col', CT_LOAD_ALL_P, ...
    'chgtype', 1, ...
    'values', [] );
loadprofile.values(:,1,:) = [
	1615.9753 978.6413 1668.9 530.7056 822.0636 1178.2144 899.8 262.0 497.4 4459.1419 1668.6972;
	1591.5017 990.2425 1713.1114 534.835 817.1935 1185.4292 912.1 263.7 506.2 4474.3516 1700.8728;
	1608.8422 999.9 1741.5651 562.9055 847.6121 1197.1 924.6036 267.2 515.4364 4451.5 1728.8538;
	1677.5917 1070.2 1827.5663 582.5984 908.4174 1253.6935 972.7587 284.6489 555.3551 4700.6812 1852.8654;
	1855.3692 1193.2 2049.435 606.6019 1021.0 1405.2878 1079.2621 332.5762 626.6591 5293.3316 2104.558;
	1950.9426 1275.2384 2163.8 615.4765 1093.7121 1523.4125 1165.0728 361.5959 679.9 5896.3018 2222.0798;
	1985.1162 1298.9201 2140.0 632.2 1123.0998 1536.8878 1189.5342 365.2 690.7 6318.2997 2272.4446;
	1924.1633 1245.1 2069.1816 629.5416 1081.8399 1478.8141 1150.0452 334.5168 668.4 6388.8797 2099.0187;
	1891.8376 1221.7389 2052.4181 611.4981 1084.31 1491.809 1132.6388 353.8224 652.3826 6469.8 2045.1096;
	1864.7286 1243.3232 2108.758 605.3877 1066.4347 1484.7092 1105.2735 359.3072 647.9697 6560.5921 1992.6923;
	1839.4111 1235.0133 2075.1738 608.0736 1057.2442 1467.3 1108.5232 354.6648 611.7167 6499.6491 1899.8247;
	1856.4857 1250.7096 2090.3587 593.0353 1028.4417 1438.681 1108.148 342.7065 645.8706 6482.9376 1918.091;
	1802.3176 1230.6319 2052.0228 613.2 1025.1489 1461.2262 1052.7135 323.8 558.9683 6308.0698 1746.2608;
	1784.4844 1220.1151 2036.7951 612.3714 1040.0664 1427.9149 1101.3028 316.6724 596.2469 6308.907 1851.2197;
	1790.1 1241.2328 2037.5 604.5 1036.7853 1428.1503 1138.3526 331.0734 615.0702 6298.2717 1898.8099;
	1774.5592 1230.418 2055.5 614.3097 1066.3857 1460.7717 1192.7005 330.2672 633.7873 6339.6765 1830.2718;
	1791.0464 1244.5267 2103.2407 631.044 1101.8512 1531.6584 1237.9086 355.2442 666.1409 6409.1004 2266.3004;
	1858.8621 1260.4729 2144.8803 632.3783 1139.1058 1530.7583 1193.904 371.255 683.3 6300.792 1999.9216;
	1906.8146 1271.3756 2139.9475 628.4 1125.1 1533.6943 1211.8046 373.2373 676.6628 6138.2 2088.3872;
	1884.01 1207.0313 2052.2516 625.6177 1060.6 1462.8525 1144.1 365.4 636.8779 5974.7341 2194.4366;
	1742.246 1108.2885 1913.1755 603.3258 1011.7464 1387.3847 1046.5326 333.9678 569.0604 5433.9892 1955.9376;
	1655.3923 1061.3376 1792.034 588.0956 935.7379 1286.2856 980.7 308.7571 535.6797 5098.8312 1879.533;
	1602.5718 1012.3 1692.847 590.2 877.3782 1189.4192 926.3129 283.028 393.4218 4728.8958 1751.3931;
	1561.9896 1002.7331 1688.9754 594.303 860.1644 1211.8424 916.4979 244.1 466.7151 4645.6662 1656.4394;
];
