function windprofile = ex_wind_profilesh1
%EX_WIND_PROFILE_D  Example wind_load_nyiso profile data for deterministic unit commitment.
% 2022.03.12
% Andres F. Ramirez


%% define constants
[GEN_BUS, PG, QG, QMAX, QMIN, VG, MBASE, GEN_STATUS, PMAX, PMIN, ...
    MU_PMAX, MU_PMIN, MU_QMAX, MU_QMIN, PC1, PC2, QC1MIN, QC1MAX, ...
    QC2MIN, QC2MAX, RAMP_AGC, RAMP_10, RAMP_30, RAMP_Q, APF] = idx_gen;
[CT_LABEL, CT_PROB, CT_TABLE, CT_TBUS, CT_TGEN, CT_TBRCH, CT_TAREABUS, ...
    CT_TAREAGEN, CT_TAREABRCH, CT_ROW, CT_COL, CT_CHGTYPE, CT_REP, ...
    CT_REL, CT_ADD, CT_NEWVAL, CT_TLOAD, CT_TAREALOAD, CT_LOAD_ALL_PQ, ...
    CT_LOAD_FIX_PQ, CT_LOAD_DIS_PQ, CT_LOAD_ALL_P, CT_LOAD_FIX_P, ...
    CT_LOAD_DIS_P, CT_TGENCOST, CT_TAREAGENCOST, CT_MODCOST_F, ...
    CT_MODCOST_X] = idx_ct;

windprofile = struct( ...
    'type', 'mpcData', ...
    'table', CT_TGEN, ...
    'rows', [1:45], ...
    'col', PMAX, ...
    'chgtype', 1, ...
    'values', [] );
windprofile.values(:,1,:) = [
	3.7311 50.4157 90.1696 112.6701 14.4794 31.2627 29.0472 12.3893 28.3818 29.5759 54.6707 81.5579 122.785 68.6855 205.2817 77.3387 95.9572 101.686 91.8379 73.2855 9.6824 72.9463 70.863 88.1318 95.5318 57.9342 9.0779 1267.5765 833.8965 833.8965 776.6863 116.7807 306.1264 188.637 215.3383 355.7959 1228.2648 308.0312 462.9974 255.8888 110.577 346.8074 185.8625 245.0149 1241.0592;
	3.6903 49.8644 85.5141 110.8979 14.3141 30.9023 29.5821 11.7757 28.449 27.8369 51.4561 76.7624 115.5653 68.9457 204.3769 76.9978 95.5343 101.2379 90.6052 73.4117 9.8607 72.1053 70.7319 84.8194 95.1415 58.9902 8.3945 1232.8609 820.6101 820.6101 803.149 111.2618 302.0174 188.9619 216.1541 350.127 1249.8083 284.2634 466.6191 254.8432 116.4514 342.809 191.0768 249.0188 1262.8272;
	3.6695 49.5825 88.4421 99.7972 14.4855 32.5474 26.758 11.0397 28.4005 28.2955 52.3039 78.0271 117.4693 69.4241 199.3507 75.1042 93.1848 98.7481 86.9671 72.564 8.9193 75.9439 72.3189 86.7177 88.3414 57.4929 9.4194 1223.9845 835.6545 835.6545 786.729 111.4971 289.8902 186.78 217.654 356.5459 1199.1464 261.0766 459.4239 236.6288 117.2676 361.0588 173.9317 262.5823 1211.6375;
	3.5616 48.1251 85.53 98.6928 13.9819 31.0196 22.4444 11.0887 27.3903 27.349 50.5541 75.4168 113.5396 65.9151 191.4264 72.1188 89.4807 94.8228 87.8554 68.5336 7.4815 72.3791 70.6379 86.2293 82.7124 52.5303 8.8604 1179.7964 802.8626 802.8626 736.7286 110.982 292.8513 176.4056 206.6529 342.5547 1180.8058 250.4165 435.6543 221.5511 110.2957 344.1111 173.9679 257.8656 1193.1058;
	3.5523 47.9989 81.2847 81.6788 14.3994 30.6375 18.2681 9.7751 24.2004 27.4214 50.688 75.6166 113.8403 63.6596 188.0311 70.8396 87.8936 93.141 84.9935 69.3522 6.0894 71.4876 73.3805 88.0817 71.6466 51.4713 8.3172 1187.6645 768.3915 768.3915 670.5861 107.7089 283.3115 178.5128 199.5814 327.847 1122.656 240.964 374.4202 191.9106 115.0653 339.8725 187.3687 239.1648 1134.3503;
	3.6089 48.7644 76.7155 75.7182 14.2464 29.6799 16.2327 8.0123 25.3147 27.958 51.68 77.0964 116.0682 64.659 185.0877 69.7307 86.5177 91.683 85.8256 68.3625 5.4109 69.2531 72.3631 84.8025 55.9413 37.1593 6.4801 1166.3083 737.409 737.409 616.9577 92.3668 286.0852 175.9652 202.7148 314.6278 1158.1659 216.8195 341.6387 149.8427 98.1676 329.2489 182.3119 197.2328 1170.2301;
	3.3451 45.1999 63.1992 56.4922 14.3585 27.383 13.84 6.2251 18.7899 27.6827 51.1711 76.3373 114.9253 62.8655 184.9745 69.6881 86.4648 91.6269 85.3258 67.3438 4.6133 63.8937 72.8722 75.9486 45.803 24.3686 4.8733 1208.5764 685.1077 685.1077 500.0142 65.2296 284.4193 173.3432 197.0919 292.3126 1113.7376 192.2528 271.497 122.6867 83.9763 303.769 153.7799 141.2171 1125.339;
	3.5986 48.6252 56.7271 62.4836 14.0288 27.2648 14.4199 5.7895 16.3423 21.6165 39.9578 59.6092 89.7413 63.7763 181.1329 68.2408 84.6691 89.724 85.3373 66.5436 4.8066 63.6179 56.5721 76.4301 52.4577 15.6679 4.0013 1253.6441 704.2904 704.2904 581.1185 65.0196 284.4576 171.2834 199.9473 300.4972 1157.9803 197.7721 264.2241 140.5117 89.8499 302.4578 143.5548 142.9003 1170.0426;
	2.9427 39.7618 55.29 63.0883 13.8014 23.5552 14.2047 4.0525 21.6232 21.2092 39.2049 58.486 88.0504 64.7729 179.7179 67.7077 84.0077 89.0231 87.7786 65.6759 4.7349 54.9622 52.6127 79.7521 55.3729 10.5291 2.7271 1231.5935 790.5122 790.5122 701.3926 87.0793 292.5952 169.0499 203.0718 337.2852 1162.0869 225.5025 239.497 148.3202 65.9209 261.3059 130.3667 157.6778 1174.1919;
	2.6959 36.4269 43.3567 59.2158 14.0144 18.692 17.9941 2.243 21.1509 17.7438 32.7991 48.9298 73.6635 63.0412 167.9257 63.265 78.4955 83.1818 84.2899 66.8648 5.998 43.6146 42.0168 66.3394 34.7959 4.2309 1.3722 1139.978 765.3689 765.3689 671.7631 101.4819 280.9663 172.1102 197.6428 326.5574 1111.4601 209.4123 355.2837 93.2034 51.7166 207.3561 124.0833 125.4502 1123.0378;
	2.2634 30.584 35.0101 45.0537 13.6576 14.4286 17.151 1.2481 19.7686 15.8398 29.2796 43.6794 65.759 66.2597 175.9175 66.2759 82.2312 87.1405 85.6727 72.1462 5.717 33.6666 37.0317 47.126 22.8916 2.9801 3.8773 1091.4351 799.5209 799.5209 714.7503 95.4287 285.5757 185.7046 207.733 341.1289 1090.9026 212.9874 396.5494 61.3167 38.2293 160.0608 97.2003 101.2855 1102.2661;
	1.5036 20.3166 26.84 24.07 9.2074 10.2338 17.5183 1.2933 17.7722 17.779 32.8642 49.0269 73.8097 63.4716 174.3585 65.6885 81.5025 86.3683 86.5669 67.4711 5.8394 23.879 42.4426 32.592 19.0709 4.8469 2.2197 895.8314 717.2411 717.2411 671.4003 90.452 288.5564 173.6707 198.9922 306.0229 970.9567 191.116 394.5187 51.0827 29.7754 113.5274 65.4022 82.0235 981.0708;
	1.1568 15.6309 27.6136 28.7345 8.8575 9.0794 17.5587 2.4339 16.0192 16.139 29.8327 44.5045 67.0013 61.9734 183.6594 69.1926 85.8501 90.9755 87.8853 68.5947 5.8529 21.1854 44.1148 37.5115 23.8595 8.7767 3.265 958.6342 751.4849 751.4849 690.6508 95.0404 292.9509 176.5629 194.2951 320.6335 1026.3847 205.8858 434.9021 63.9094 32.8792 100.7214 57.0209 61.6411 1037.0762;
	0.9275 12.533 24.3021 36.3292 7.7573 9.1015 12.2942 3.0995 12.614 19.8441 36.6816 54.7217 82.3832 60.202 182.3945 68.7161 85.2588 90.3489 85.0955 67.6183 4.0981 21.2369 54.2096 41.9202 27.4687 11.043 4.3538 846.2248 714.4847 714.4847 686.6991 82.1307 283.6517 174.0497 188.7414 304.8468 861.6717 199.9872 410.2573 73.5769 31.7608 100.9662 43.6679 69.4139 870.6474;
	0.8851 11.9594 24.6216 13.4715 6.475 9.0589 10.2702 2.8018 12.2755 17.9872 33.2491 49.6011 74.6742 63.2887 167.1378 62.9682 78.1272 82.7915 71.8079 66.7436 3.4234 21.1374 54.6149 52.3233 27.5689 7.8028 3.959 719.7553 623.7298 623.7298 601.692 72.2718 239.3598 171.7982 198.4186 266.1247 744.0314 194.8711 336.9605 73.8453 29.5123 100.493 39.4799 61.3503 751.7817;
	0.9646 13.0336 21.6313 32.6141 7.726 25.6145 5.4664 2.0323 9.7737 16.0808 29.7251 44.344 66.7596 66.1301 174.7577 65.839 81.6891 86.566 72.1955 68.0402 1.8221 59.7672 51.1795 50.6226 27.6562 5.7494 2.8965 729.2862 530.5707 530.5707 522.7408 74.3957 240.6515 175.1357 207.3269 226.3768 601.323 184.4717 233.7256 74.0791 27.3557 284.1504 22.238 36.2812 607.5868;
	0.4828 6.5239 33.842 49.6063 6.282 6.8543 3.4622 3.4761 10.9138 17.5469 32.4353 48.387 72.8464 64.7802 180.5983 68.0394 84.4192 89.4592 78.9328 65.896 1.1541 15.9934 50.9087 43.3768 17.8809 9.7949 1.8621 747.528 527.0046 527.0046 561.8908 78.1057 263.1095 169.6163 203.0946 224.8553 720.599 181.9025 223.3976 47.8953 25.13 76.0374 12.0389 87.5454 728.1052;
	1.0906 14.7366 36.4596 57.3755 3.1587 3.4787 0.0 3.8195 0.0 21.1948 39.1782 58.4461 87.9903 63.9557 131.565 49.5663 61.499 65.1706 71.2576 49.661 0.0 8.1169 68.7095 42.6476 17.3523 4.812 1.8472 718.0907 503.7703 503.7703 597.2734 90.9927 237.5255 127.8275 200.5096 214.942 718.654 197.2292 299.8799 46.4793 61.4052 38.59 8.1109 99.0702 726.14;
	0.4977 6.7249 27.3966 41.9024 1.9056 8.0281 0.4789 2.4625 2.9521 23.9625 44.2944 66.0785 99.4808 62.4222 125.1747 47.1588 58.5119 62.0051 18.6211 54.6016 0.1596 18.7321 69.7458 48.6447 24.7673 10.8413 2.413 802.66 475.8796 475.8796 588.6954 88.3418 62.0703 140.5447 195.7021 203.0419 673.7627 187.2595 317.9308 66.3411 85.5038 89.0579 17.8511 99.636 680.781;
