function loadprofile = ex_load_profilesh1
%EX_LOAD_PROFILE  Example load profile data file for stochastic unit commitment.
% 2022.03.12
% Andres F. Ramirez

%% define constants
[CT_LABEL, CT_PROB, CT_TABLE, CT_TBUS, CT_TGEN, CT_TBRCH, CT_TAREABUS, ...
    CT_TAREAGEN, CT_TAREABRCH, CT_ROW, CT_COL, CT_CHGTYPE, CT_REP, ...
    CT_REL, CT_ADD, CT_NEWVAL, CT_TLOAD, CT_TAREALOAD, CT_LOAD_ALL_PQ, ...
    CT_LOAD_FIX_PQ, CT_LOAD_DIS_PQ, CT_LOAD_ALL_P, CT_LOAD_FIX_P, ...
    CT_LOAD_DIS_P, CT_TGENCOST, CT_TAREAGENCOST, CT_MODCOST_F, ...
    CT_MODCOST_X] = idx_ct;

loadprofile = struct( ...
    'type', 'mpcData', ...
    'table', CT_TAREALOAD, ...
    'rows', [1:11], ...
    'col', CT_LOAD_ALL_P, ...
    'chgtype', 1, ...
    'values', [] );
loadprofile.values(:,1,:) = [
	1533.4826 967.874 1662.593 572.1172 797.6061 1067.382 824.5492 293.4234 513.5905 4175.2524 1608.2465;
	1524.2 968.5579 1672.6492 573.9713 781.8562 1101.3752 850.0608 286.5 503.5704 4124.128 1537.8667;
	1568.1685 989.065 1679.8547 572.2316 815.056 1107.0004 868.2 298.3 526.6905 4391.8708 1692.4926;
	1665.9964 1068.6 1810.9493 596.0951 886.7671 1182.5493 927.4916 327.9451 558.0025 4643.8479 1814.6083;
	1834.2392 1188.4335 2017.0586 612.2775 1015.1595 1310.2641 1039.8 377.973 628.1 5199.8324 2038.3094;
	1940.0 1274.0205 2119.5421 631.2813 1048.8012 1378.2737 1076.0518 402.968 698.4659 5691.6 2119.6243;
	1990.2475 1289.4433 2150.277 631.2182 1080.2408 1416.5285 1113.7238 394.6292 718.276 6066.9581 2207.7318;
	1964.9221 1277.4532 2093.0 635.4707 1083.1485 1366.9895 1086.4504 378.0 690.7764 6263.4917 2011.8105;
	1962.1579 1266.3587 2084.7076 627.5 1059.9698 1351.1823 1085.3 373.7952 699.4808 6426.2192 2056.9388;
	1938.3735 1253.2 2057.749 613.9074 1016.6538 1323.8055 1069.1706 364.1 700.4383 6393.7974 1995.2364;
	1906.4983 1247.1496 2027.9 619.3826 1038.1003 1258.6229 1018.4513 368.416 678.2 6338.4276 1924.5381;
	1914.5517 1235.8726 2041.2721 622.0699 1012.7756 1239.1649 1034.4569 374.5 689.5948 6383.3552 1975.4909;
	1898.2278 1226.3949 2019.3015 610.9143 1038.4301 1275.7148 1079.413 371.99 671.1999 6413.974 2029.0178;
	1874.3482 1218.8619 2033.634 617.1807 1038.0506 1303.9947 1115.9874 360.4049 651.0 6403.9485 2070.8879;
	1908.7808 1228.6 2039.9766 645.828 1065.0771 1316.8717 1129.6028 397.798 651.7585 6463.7408 2146.1956;
	1931.0198 1282.0816 2116.083 647.491 1073.2 1380.0943 1124.6558 396.1228 645.8865 6448.9186 2221.6491;
	1904.3519 1267.6299 2115.7 643.696 1045.7 1379.7336 1147.9097 400.8802 692.6759 6365.4434 2287.7544;
	1919.3 1299.8421 2214.8949 641.545 1111.4557 1443.1416 1215.4361 406.7 749.3139 6366.9643 2470.4137;
	1991.7836 1318.971 2237.0003 635.9067 1126.4657 1475.2079 1244.8548 420.8431 755.1 6344.6068 2491.9481;
	1934.98 1264.4567 2127.3275 623.6 1097.7459 1376.6676 1208.2444 404.7435 739.0756 6109.2951 2407.0171;
	1871.7603 1196.7599 1990.1498 612.1304 1008.9663 1310.3615 1136.2135 369.8445 703.8283 5760.3729 2235.4057;
	1748.6968 1098.1357 1847.8289 582.3269 889.6714 1194.6219 1004.9906 328.9695 648.4857 5223.6415 2007.2488;
	1670.6814 1041.8216 1783.9144 587.6 873.1003 1154.8639 952.6 317.5 600.6182 5060.9 1872.5838;
	1603.515 999.2065 1754.9735 603.3 851.7 1159.1306 943.8211 304.4891 579.5967 4787.6629 1805.0196;
];
