function windprofile = ex_wind_profilesh1
%EX_WIND_PROFILE_D  Example wind_load_nyiso profile data for deterministic unit commitment.
% 2022.03.12
% Andres F. Ramirez


%% define constants
[GEN_BUS, PG, QG, QMAX, QMIN, VG, MBASE, GEN_STATUS, PMAX, PMIN, ...
    MU_PMAX, MU_PMIN, MU_QMAX, MU_QMIN, PC1, PC2, QC1MIN, QC1MAX, ...
    QC2MIN, QC2MAX, RAMP_AGC, RAMP_10, RAMP_30, RAMP_Q, APF] = idx_gen;
[CT_LABEL, CT_PROB, CT_TABLE, CT_TBUS, CT_TGEN, CT_TBRCH, CT_TAREABUS, ...
    CT_TAREAGEN, CT_TAREABRCH, CT_ROW, CT_COL, CT_CHGTYPE, CT_REP, ...
    CT_REL, CT_ADD, CT_NEWVAL, CT_TLOAD, CT_TAREALOAD, CT_LOAD_ALL_PQ, ...
    CT_LOAD_FIX_PQ, CT_LOAD_DIS_PQ, CT_LOAD_ALL_P, CT_LOAD_FIX_P, ...
    CT_LOAD_DIS_P, CT_TGENCOST, CT_TAREAGENCOST, CT_MODCOST_F, ...
    CT_MODCOST_X] = idx_ct;

windprofile = struct( ...
    'type', 'mpcData', ...
    'table', CT_TGEN, ...
    'rows', [1:45], ...
    'col', PMAX, ...
    'chgtype', 1, ...
    'values', [] );
windprofile.values(:,1,:) = [
	3.5743 48.2965 91.2685 109.3217 14.4928 32.4623 26.4256 13.3491 27.1939 23.8557 44.0968 65.7838 99.0371 65.483 191.3116 72.0755 89.4271 94.766 89.5755 72.8293 8.8085 75.7454 68.5996 86.7262 94.802 63.2777 9.0591 1143.0631 759.703 759.703 760.2024 112.1523 298.5851 187.4629 205.2979 324.14 1063.8317 283.6869 436.0043 253.9339 111.7307 360.1154 189.8952 230.4978 1074.9133;
	3.5699 48.2371 89.7632 107.8262 13.9703 31.2449 25.663 12.9732 26.0157 17.083 31.5776 47.1076 70.9202 64.0678 199.4489 75.1412 93.2307 98.7968 91.3305 73.1068 8.5543 72.9047 64.6089 86.1676 98.503 64.2608 7.8965 1157.9932 733.259 733.259 742.6005 117.5628 304.4349 188.1771 200.8613 312.8572 1087.7783 264.1684 422.7408 263.8474 111.1648 346.61 194.9906 242.2849 1099.1093;
	3.438 46.4544 89.1854 93.532 13.368 31.3892 22.3652 10.4416 25.3752 19.9346 36.8488 54.9711 82.7587 65.662 194.8149 73.3954 91.0646 96.5013 90.1177 73.6794 7.4551 73.2415 64.9937 87.3057 82.7396 57.0141 7.9412 1176.0129 763.758 763.758 716.583 116.5271 300.3923 189.6508 205.8593 325.8701 1066.0358 255.0292 409.2642 221.6241 114.9147 348.2111 168.7402 247.6897 1077.1403;
	3.2978 44.5603 85.5227 90.3244 13.5757 30.499 18.6241 10.7874 25.2827 25.035 46.2768 69.0358 103.9331 61.9486 187.1574 70.5105 87.4852 92.7082 85.6986 72.8066 6.208 71.1644 67.593 86.9252 79.1764 55.5246 6.9953 1119.2109 769.3639 769.3639 658.9785 111.4604 285.6621 187.4043 194.2171 328.2619 1106.0334 231.608 347.6042 212.0797 110.6613 338.336 153.6184 235.4082 1117.5546;
	3.2474 43.8793 79.8869 65.9457 10.8179 29.0184 14.078 7.7431 19.8866 22.7236 42.0043 62.6621 94.3375 63.0817 180.0845 67.8458 84.1791 89.2047 83.0971 71.5795 4.6927 67.7095 63.7169 87.1706 62.9005 49.2477 5.2617 1149.9992 740.4694 740.4694 536.6773 98.1116 276.9903 184.2458 197.7697 315.9336 1047.5145 209.971 272.0387 168.4836 106.0347 321.9103 139.9149 205.7154 1058.4261;
	3.3371 45.0909 79.5125 63.1987 12.1325 27.5885 15.6908 5.2424 23.5675 25.1424 46.4753 69.332 104.3789 62.2559 184.2241 69.4053 86.114 91.2552 84.4159 72.6003 5.2303 64.3732 68.2951 84.4137 52.4253 31.4454 3.7142 1132.7686 699.2836 699.2836 495.8182 81.6126 281.3864 186.8732 195.1808 298.361 1040.0828 196.8804 281.1251 140.4249 103.4107 306.0484 165.5854 175.6382 1050.917;
	3.2634 44.0962 72.9362 61.4797 13.8909 28.0063 14.3236 5.4261 18.7467 27.9139 51.5984 76.9747 115.885 66.3202 189.1709 71.269 88.4264 93.7056 87.8199 72.7806 4.7745 65.3481 72.3168 82.5107 48.2408 25.4429 3.4457 1180.3416 666.9863 666.9863 497.2887 56.3052 292.7332 187.3375 207.9229 284.5808 1040.2757 192.8862 258.6082 129.2164 90.8667 310.6834 157.0449 131.2823 1051.1119;
	2.9395 39.7196 68.0948 65.2723 13.5061 24.3686 14.612 5.3645 14.3014 24.2839 44.8883 66.9646 100.8148 63.0215 175.9878 66.3024 82.2641 87.1754 86.3111 69.0825 4.8707 56.8601 59.7394 82.3026 54.4306 18.5627 3.2682 1145.692 620.3622 620.3622 565.0973 59.6448 287.7036 177.8185 197.581 264.6879 954.918 194.5849 178.2762 145.7962 87.8992 270.3291 123.9179 133.3786 964.865;
	2.4558 33.1828 54.9759 59.0037 13.5054 20.405 12.7326 3.7463 17.5252 21.5968 39.9214 59.5548 89.6594 64.4053 165.1249 62.2098 77.1863 81.7944 84.5955 69.6431 4.2442 47.6116 53.2833 79.3132 49.208 13.0485 2.3751 1142.7183 701.1773 701.1773 640.5121 77.0544 281.9851 179.2614 201.9192 299.169 1014.032 223.535 169.9315 131.8072 59.0953 226.3594 117.7532 141.2432 1024.5948;
	2.5589 34.5767 47.4476 59.1706 13.9571 17.8056 17.4011 1.9547 20.5489 19.7333 36.4768 54.4162 81.9233 63.6606 168.477 63.4727 78.7532 83.4549 90.3416 72.0695 5.8004 41.5464 47.2451 65.8163 31.5701 4.7066 1.0473 1093.923 736.1294 736.1294 703.9473 101.5151 301.1385 185.5071 199.5847 314.0819 1045.2567 228.3808 284.5377 84.5628 44.6419 197.5235 122.4845 120.2412 1056.1448;
	1.9772 26.7159 33.325 41.7997 12.4503 12.1199 16.8006 0.6203 18.5044 14.1415 26.1404 38.9963 58.7087 63.6083 161.2179 60.7379 75.36 79.8591 86.381 71.0476 5.6002 28.2798 35.271 46.5216 18.5009 0.9804 0.579 1170.6809 758.148 758.148 714.052 101.1682 287.9367 182.8766 199.4208 323.4765 1041.8685 235.7976 331.6213 49.5559 34.7854 134.4501 83.0544 82.3173 1052.7213;
	1.1561 15.6209 25.0562 19.1897 8.7211 5.9021 17.5745 0.5848 16.0535 15.0764 27.8685 41.5742 62.5898 63.8077 153.4111 57.7967 71.7108 75.992 82.6628 69.2238 5.8582 13.7715 38.8424 34.3259 15.6177 3.1402 0.627 1010.8871 678.0059 678.0059 654.9309 93.6709 275.5426 178.1823 200.0457 289.2825 954.4922 194.9684 339.3483 41.8332 20.8215 65.4735 61.4599 65.5833 964.4348;
	0.171 2.3107 8.3965 15.3509 4.5018 0.2562 13.2497 1.7341 13.1452 13.1161 24.2449 36.1686 54.4516 59.6193 172.7256 65.0734 80.7392 85.5594 86.0388 70.3614 4.4166 0.5978 40.329 32.9403 20.3887 5.466 1.7721 935.1365 638.1972 638.1972 606.1518 82.4488 286.7959 181.1104 186.9147 272.2975 856.2747 194.339 331.3372 54.6126 18.6432 2.8423 32.1749 27.0582 865.1942;
	0.0899 1.2147 17.7194 17.5295 5.7906 0.2139 10.4647 2.207 11.5796 16.6041 30.6924 45.787 68.9321 58.5437 178.1825 67.1292 83.29 88.2625 79.6098 70.2408 3.4882 0.4992 50.1494 36.173 23.5348 7.0003 1.9822 969.7369 648.4193 648.4193 663.7415 81.342 265.3659 180.8 183.5425 276.6589 823.6287 195.9506 341.5427 63.0397 26.8689 2.3731 25.4623 50.4067 832.2082;
	0.4892 6.61 22.2776 2.0348 5.4113 6.1794 8.7885 1.9122 12.3483 16.0381 29.6462 44.2263 66.5824 62.2941 173.2686 65.2779 80.993 85.8284 69.4219 68.0749 2.9295 14.4186 54.1826 49.2686 27.9486 4.8448 2.9086 878.9313 603.8038 603.8038 589.3364 70.929 231.4064 175.2249 195.3003 257.623 739.7142 180.7907 308.4366 74.8622 28.9152 68.5499 30.5467 49.5955 747.4195;
	0.8072 10.9066 18.9687 30.1796 7.0275 0.9388 3.6446 1.6462 9.2195 14.4933 26.7907 39.9665 60.1693 61.9165 172.4422 64.9666 80.6067 85.419 65.5501 67.1516 1.2149 2.1904 51.0688 46.5943 28.4614 4.0514 2.2863 854.0902 471.1592 471.1592 506.9321 69.3276 218.5005 172.8484 194.1166 201.0279 549.3989 167.4647 182.2857 76.236 29.7407 10.414 1.2912 29.236 555.1218;
	0.4967 6.7114 8.9869 11.233 4.674 1.5561 3.2059 1.7653 12.3897 17.9508 33.1817 49.5006 74.5229 62.0561 174.3624 65.69 81.5043 86.3702 66.8293 63.4426 1.0686 3.6309 52.0538 42.0975 19.3207 5.8968 1.4943 810.5754 488.2401 488.2401 555.2155 63.0805 222.7642 163.3014 194.5544 208.3158 655.6775 161.8031 213.885 51.7518 34.5968 17.2623 10.8044 42.0924 662.5075;
	1.0585 14.3031 2.3475 14.7656 1.3358 0.3842 0.0 0.1768 3.2073 19.3856 35.834 53.4572 80.4796 64.9109 122.9936 46.3371 57.4924 60.9247 67.0586 51.9431 0.0 0.8965 66.4157 36.525 16.2491 2.0889 0.9088 765.2643 499.976 499.976 586.0993 68.1891 223.5287 133.7016 203.5045 213.3231 669.9228 171.8826 314.8689 43.5245 70.8299 4.2622 1.0391 6.5858 676.9012;
	0.4506 6.088 21.9426 40.6344 0.0435 2.065 0.0 1.8631 6.9677 22.7189 41.9955 62.649 94.3177 63.7597 119.7005 45.0965 55.953 59.2935 0.0 60.3055 0.0 4.8184 68.5437 46.2859 23.312 5.876 1.6568 766.1759 503.0259 503.0259 595.6853 76.1757 0.0 155.2264 199.8953 214.6244 633.3525 170.9241 346.6082 62.4428 86.5512 22.9078 5.8733 27.1087 639.95;
