function loadprofile = ex_load_profilesh1
%EX_LOAD_PROFILE  Example load profile data file for stochastic unit commitment.
% 2022.03.12
% Andres F. Ramirez

%% define constants
[CT_LABEL, CT_PROB, CT_TABLE, CT_TBUS, CT_TGEN, CT_TBRCH, CT_TAREABUS, ...
    CT_TAREAGEN, CT_TAREABRCH, CT_ROW, CT_COL, CT_CHGTYPE, CT_REP, ...
    CT_REL, CT_ADD, CT_NEWVAL, CT_TLOAD, CT_TAREALOAD, CT_LOAD_ALL_PQ, ...
    CT_LOAD_FIX_PQ, CT_LOAD_DIS_PQ, CT_LOAD_ALL_P, CT_LOAD_FIX_P, ...
    CT_LOAD_DIS_P, CT_TGENCOST, CT_TAREAGENCOST, CT_MODCOST_F, ...
    CT_MODCOST_X] = idx_ct;

loadprofile = struct( ...
    'type', 'mpcData', ...
    'table', CT_TAREALOAD, ...
    'rows', [1:11], ...
    'col', CT_LOAD_ALL_P, ...
    'chgtype', 1, ...
    'values', [] );
loadprofile.values(:,1,:) = [
	1494.6821 921.8194 1622.1927 560.4904 823.1451 1134.2789 885.816 288.5977 476.4737 4460.7005 1547.3915;
	1510.8 923.256 1640.778 560.8928 822.0358 1144.4239 873.7763 290.6012 478.1602 4419.8402 1512.8928;
	1529.5024 938.7251 1696.5255 574.3 836.1481 1164.0618 886.5022 298.2877 492.2496 4371.5938 1530.1155;
	1605.6805 991.9171 1791.2613 594.1091 901.9786 1237.9731 937.2 317.2282 530.4036 4634.816 1726.7951;
	1778.9817 1128.1467 1989.1341 629.6 1010.0585 1411.4303 1045.5 362.7283 609.5259 5208.7324 1958.8332;
	1895.7187 1225.3728 2123.4514 640.4375 1059.5828 1486.8423 1099.2715 402.3995 669.0315 5795.9472 2202.5487;
	1919.7641 1238.0821 2143.4819 631.0 1076.1439 1497.3684 1120.8254 386.5 673.2832 6158.2351 2158.1644;
	1914.3893 1234.8 2125.1 635.0694 1037.5696 1472.2 1107.8328 360.2476 685.7203 6350.1465 2155.7335;
	1921.8 1200.7109 2090.0 616.095 984.5228 1425.1747 1111.3664 348.5402 676.0 6403.6828 2083.4648;
	1918.6761 1211.7008 2076.3822 595.4087 982.5952 1410.5818 1088.1528 384.584 648.8667 6384.9761 2030.9037;
	1883.0832 1198.0344 2089.2469 594.7471 997.0205 1423.8 1098.3066 359.9406 642.4 6453.361 1998.7806;
	1885.191 1171.3114 2035.7148 592.0192 998.3507 1338.2 1061.5204 362.4 648.0853 6432.2149 2041.2295;
	1873.5104 1168.2614 2023.9485 590.9229 981.3559 1334.9899 1054.4242 345.6 655.8782 6403.1934 2069.5543;
	1844.0886 1176.1319 1987.0045 583.8005 964.327 1346.8752 1065.0378 359.3954 629.7098 6423.3 2034.3886;
	1866.0989 1175.446 1969.4676 594.0 962.8986 1345.4 1086.1142 362.4 616.9709 6526.8583 2164.884;
	1822.7251 1165.3023 1959.3173 606.2959 955.5713 1383.1639 1127.8497 371.6215 652.3697 6617.3778 2280.466;
	1825.3269 1186.3981 1999.0376 612.8537 982.9499 1489.1784 1228.5294 404.6 692.7915 6691.8214 2391.669;
	1874.4642 1229.0436 2055.097 623.8508 1066.9389 1557.8011 1356.4453 429.112 750.7612 6799.2479 2574.6956;
	1897.9211 1245.6662 2028.5882 626.3362 1050.2914 1527.8966 1291.1596 402.3959 731.208 6427.3555 2493.4497;
	1884.5935 1171.6063 1953.7246 631.9528 972.3069 1435.1767 1230.0905 377.6054 692.2 6167.6178 2343.4403;
	1787.3351 1111.9804 1827.0998 602.2587 895.4081 1330.6289 1130.2002 347.1511 640.6043 5760.1 2125.7039;
	1711.3068 1037.9978 1707.7952 587.5217 826.1337 1235.3 1030.9204 311.6693 560.3415 5333.7587 1950.0065;
	1588.29 982.3 1680.3078 577.0623 814.8431 1200.0088 973.6605 277.2262 552.0237 4973.1457 1761.4694;
	1571.0351 965.2 1637.6974 583.8 845.9257 1201.2714 978.8919 279.1 548.5263 4826.5607 1783.1418;
];
