function loadprofile = ex_load_profilesh1
%EX_LOAD_PROFILE  Example load profile data file for stochastic unit commitment.
% 2022.03.12
% Andres F. Ramirez

%% define constants
[CT_LABEL, CT_PROB, CT_TABLE, CT_TBUS, CT_TGEN, CT_TBRCH, CT_TAREABUS, ...
    CT_TAREAGEN, CT_TAREABRCH, CT_ROW, CT_COL, CT_CHGTYPE, CT_REP, ...
    CT_REL, CT_ADD, CT_NEWVAL, CT_TLOAD, CT_TAREALOAD, CT_LOAD_ALL_PQ, ...
    CT_LOAD_FIX_PQ, CT_LOAD_DIS_PQ, CT_LOAD_ALL_P, CT_LOAD_FIX_P, ...
    CT_LOAD_DIS_P, CT_TGENCOST, CT_TAREAGENCOST, CT_MODCOST_F, ...
    CT_MODCOST_X] = idx_ct;

loadprofile = struct( ...
    'type', 'mpcData', ...
    'table', CT_TAREALOAD, ...
    'rows', [1:11], ...
    'col', CT_LOAD_ALL_P, ...
    'chgtype', 1, ...
    'values', [] );
loadprofile.values(:,1,:) = [
	1589.4 1000.0385 1702.5869 553.8 753.6915 1182.3254 940.5954 291.9 570.0526 4683.1663 1796.6949;
	1549.3638 988.8241 1703.8885 554.5917 743.2058 1170.5932 933.3364 299.9045 592.9012 4652.4653 1822.0186;
	1583.7 1015.8 1742.0214 577.6825 754.9131 1217.1351 945.7971 293.7473 590.7454 4628.1206 1840.4863;
	1659.2108 1085.7279 1859.9912 577.2326 847.3583 1287.3539 1014.2185 321.9177 631.3 4844.4859 1969.4721;
	1806.7938 1190.8686 2026.1018 604.4339 946.0298 1433.2172 1113.2982 367.5493 675.9976 5354.18 2194.3206;
	1926.5245 1271.1682 2178.7895 629.74 1030.9896 1532.1572 1171.8175 390.5 769.3455 5958.7972 2350.4926;
	1927.8075 1274.8662 2159.8673 607.9142 1020.6708 1494.8293 1152.9689 392.5316 754.3035 6259.0429 2412.3384;
	1945.4662 1272.5017 2161.7461 604.3823 1011.3486 1520.2052 1181.8575 381.4707 753.1018 6518.6347 2375.7297;
	2012.3594 1305.8927 2236.244 581.5785 1032.9081 1537.0 1230.1842 382.0535 780.0049 6602.2276 2360.7117;
	1948.9465 1270.3772 2168.3025 573.6236 1021.459 1452.5288 1177.7819 364.3699 745.3509 6516.5162 2269.4191;
	1868.2616 1245.8006 2177.0853 567.8618 1035.2 1424.6029 1166.3973 361.2095 736.3844 6599.6541 2399.01;
	1862.322 1253.2 2195.4443 576.0 1035.7 1413.2 1139.2343 358.4645 709.1 6413.7695 2328.5716;
	1868.7092 1250.7849 2153.9867 562.8637 985.1712 1357.0913 1098.2798 347.5968 671.1406 6301.9927 2212.5035;
	1873.7385 1250.9724 2122.5875 566.9861 963.8018 1368.5412 1101.8984 349.6456 675.0165 6350.5 2224.9123;
	1784.3425 1228.6 2093.2718 574.2962 987.6108 1354.0141 1098.8871 337.147 670.6842 6263.3538 2206.3806;
	1797.2 1246.4 2063.728 597.6463 976.1542 1440.7 1150.1994 327.4178 695.4069 6341.1599 2315.6453;
	1864.1101 1305.8642 2112.9712 611.1783 984.8466 1537.4741 1240.6434 344.0209 711.3095 6369.1268 2550.4388;
	1916.0203 1357.4299 2234.083 623.429 1075.4761 1606.1029 1312.4487 364.1165 756.9205 6463.978 2644.477;
	1947.0583 1361.3856 2301.2134 629.9955 1108.0 1598.7938 1280.3568 372.9968 773.5467 6330.4867 2655.0654;
	1858.4501 1257.974 2115.5425 596.6727 1042.4 1480.639 1224.7402 360.2939 748.387 6115.7743 2623.3121;
	1771.6925 1188.9703 1990.9121 575.8943 981.0798 1411.4574 1158.7402 339.3547 723.4796 5766.0352 2516.1382;
	1642.5 1115.9391 1853.8269 561.7345 904.2563 1313.2023 1065.4071 307.8133 652.0945 5394.7 2323.9103;
	1573.4828 1048.2 1765.2624 587.607 883.5459 1218.3541 979.4398 295.7249 645.5304 5102.6383 2013.0;
	1519.5075 1031.9772 1760.1695 593.2 881.1538 1236.1393 996.4956 282.4 636.633 5208.3379 2031.4467;
];
