function solarprofile = ex_solar_profilesh1
%EX_WIND_PROFILE_D  Example wind_load_nyiso profile data for deterministic unit commitment.
% 2022.03.12
% Andres F. Ramirez


%% define constants
[GEN_BUS, PG, QG, QMAX, QMIN, VG, MBASE, GEN_STATUS, PMAX, PMIN, ...
    MU_PMAX, MU_PMIN, MU_QMAX, MU_QMIN, PC1, PC2, QC1MIN, QC1MAX, ...
    QC2MIN, QC2MAX, RAMP_AGC, RAMP_10, RAMP_30, RAMP_Q, APF] = idx_gen;
[CT_LABEL, CT_PROB, CT_TABLE, CT_TBUS, CT_TGEN, CT_TBRCH, CT_TAREABUS, ...
    CT_TAREAGEN, CT_TAREABRCH, CT_ROW, CT_COL, CT_CHGTYPE, CT_REP, ...
    CT_REL, CT_ADD, CT_NEWVAL, CT_TLOAD, CT_TAREALOAD, CT_LOAD_ALL_PQ, ...
    CT_LOAD_FIX_PQ, CT_LOAD_DIS_PQ, CT_LOAD_ALL_P, CT_LOAD_FIX_P, ...
    CT_LOAD_DIS_P, CT_TGENCOST, CT_TAREAGENCOST, CT_MODCOST_F, ...
    CT_MODCOST_X] = idx_ct;

solarprofile = struct( ...
    'type', 'mpcData', ...
    'table', CT_TGEN, ...
    'rows', [1:12], ...
    'col', PMAX, ...
    'chgtype', 1, ...
    'values', [] );
solarprofile.values(:,1,:) = [
	0.0 0.0 0.0 0.0 0.0 0.0 0.0 0.0 0.0 0.0 0.0 0.0;
	0.0 0.0 0.0 0.0 0.0 0.0 0.0 0.0 0.0 0.0 0.0 0.0;
	0.0 0.0 0.0 0.0 0.0 0.0 0.0 0.0 0.0 0.0 0.0 0.0;
	0.0 0.0 0.0 0.0 0.0 0.0 0.0 0.0 0.0 0.0 0.0 0.0;
	0.0 0.0 0.0 0.0 0.0 0.0 0.0 0.0 0.0 0.0 0.0 0.0;
	0.1575 0.1621 0.24 0.0 0.0 0.0 0.0 0.2528 0.0 0.0 0.0 0.0;
	6.9355 2.6666 2.2628 1.146 1.7287 48.705 6.0881 25.4874 77.5456 76.8781 22.6377 139.2268;
	17.5062 11.0736 8.5239 1.1876 2.2959 49.5932 6.1991 35.6628 124.6136 184.1538 63.4819 333.5037;
	23.1283 16.4688 13.5914 2.2319 2.0854 54.0199 6.7525 45.1368 155.4633 192.9142 96.1556 349.3687;
	23.6346 15.9873 12.9397 3.1792 0.0989 42.1214 5.2652 46.4377 171.2715 38.3937 23.2356 69.5312;
	21.2548 14.0771 11.194 3.4891 0.3577 45.1137 5.6392 42.5466 155.3377 28.3908 37.0101 51.4159;
	21.4298 15.1654 11.7437 3.9924 0.6002 51.3685 6.4211 31.3811 134.7274 43.9194 69.7792 79.5382;
	25.7349 16.5546 13.7855 8.4836 2.8928 313.7224 39.2153 53.5786 205.2639 290.0947 239.4358 525.3632;
	22.8941 16.5007 13.7039 8.3493 3.4576 345.8134 43.2267 55.792 210.6925 307.8242 217.5671 557.4715;
	17.2498 15.8583 12.2342 6.3544 2.3402 321.2643 40.158 55.3316 201.7071 193.6665 160.8481 350.7312;
	6.1964 6.3467 4.174 5.2822 5.7258 196.6694 24.5837 47.824 158.7576 76.2665 50.1023 138.119;
	0.9315 0.7541 0.5167 1.5576 3.4214 58.2873 7.2859 10.1678 35.7268 62.5328 38.5451 113.2472;
	0.0 0.0 0.0 0.0 0.0 0.0 0.0 0.0 0.0 0.0 0.0 0.0;
	0.0 0.0 0.0 0.0 0.0 0.0 0.0 0.0 0.0 0.0 0.0 0.0;
	0.0 0.0 0.0 0.0 0.0 0.0 0.0 0.0 0.0 0.0 0.0 0.0;
	0.0 0.0 0.0 0.0 0.0 0.0 0.0 0.0 0.0 0.0 0.0 0.0;
	0.0 0.0 0.0 0.0 0.0 0.0 0.0 0.0 0.0 0.0 0.0 0.0;
	0.0 0.0 0.0 0.0 0.0 0.0 0.0 0.0 0.0 0.0 0.0 0.0;
	0.0 0.0 0.0 0.0 0.0 0.0 0.0 0.0 0.0 0.0 0.0 0.0;
];
