function solarprofile = ex_solar_profilesh1
%EX_WIND_PROFILE_D  Example wind_load_nyiso profile data for deterministic unit commitment.
% 2022.03.12
% Andres F. Ramirez


%% define constants
[GEN_BUS, PG, QG, QMAX, QMIN, VG, MBASE, GEN_STATUS, PMAX, PMIN, ...
    MU_PMAX, MU_PMIN, MU_QMAX, MU_QMIN, PC1, PC2, QC1MIN, QC1MAX, ...
    QC2MIN, QC2MAX, RAMP_AGC, RAMP_10, RAMP_30, RAMP_Q, APF] = idx_gen;
[CT_LABEL, CT_PROB, CT_TABLE, CT_TBUS, CT_TGEN, CT_TBRCH, CT_TAREABUS, ...
    CT_TAREAGEN, CT_TAREABRCH, CT_ROW, CT_COL, CT_CHGTYPE, CT_REP, ...
    CT_REL, CT_ADD, CT_NEWVAL, CT_TLOAD, CT_TAREALOAD, CT_LOAD_ALL_PQ, ...
    CT_LOAD_FIX_PQ, CT_LOAD_DIS_PQ, CT_LOAD_ALL_P, CT_LOAD_FIX_P, ...
    CT_LOAD_DIS_P, CT_TGENCOST, CT_TAREAGENCOST, CT_MODCOST_F, ...
    CT_MODCOST_X] = idx_ct;

solarprofile = struct( ...
    'type', 'mpcData', ...
    'table', CT_TGEN, ...
    'rows', [1:12], ...
    'col', PMAX, ...
    'chgtype', 1, ...
    'values', [] );
solarprofile.values(:,1,:) = [
	0.0 0.0 0.0 0.0 0.0 0.0 0.0 0.0 0.0 0.0 0.0 0.0;
	0.0 0.0 0.0 0.0 0.0 0.0 0.0 0.0 0.0 0.0 0.0 0.0;
	0.0 0.0 0.0 0.0 0.0 0.0 0.0 0.0 0.0 0.0 0.0 0.0;
	0.0 0.0 0.0 0.0 0.0 0.0 0.0 0.0 0.0 0.0 0.0 0.0;
	0.0 0.0 0.0 0.0 0.0 0.0 0.0 0.0 0.0 0.0 0.0 0.0;
	0.1628 0.1683 0.2533 0.0 0.0 0.0024 0.0003 0.0 0.0 0.0 0.0 0.0;
	7.8263 6.7996 5.4318 2.6171 4.7308 371.0917 46.3865 30.9106 88.0033 61.4408 23.1302 111.2696;
	19.3128 14.6452 12.7089 1.514 3.5669 337.8446 42.2306 51.618 95.9681 103.7082 19.0061 187.8161;
	23.3414 16.6083 13.8126 1.7342 3.7342 328.6245 41.0781 53.7872 77.6479 132.9583 25.401 240.7884;
	20.111 15.6861 13.104 1.3647 4.5157 280.8058 35.1007 49.0959 63.4744 125.8039 68.928 227.8317;
	13.7715 12.7846 9.3453 1.8193 5.5688 312.1614 39.0202 47.1693 159.302 126.9334 139.5527 229.8771;
	19.4268 13.6128 9.5109 2.6883 5.6867 293.7183 36.7148 43.8728 191.4426 116.8105 163.3516 211.5446;
	26.0683 16.5546 13.7855 6.9828 9.7557 350.2993 43.7874 64.4639 202.7013 331.5935 239.2016 600.5179;
	24.5838 16.3896 13.7008 6.3533 9.1006 323.0193 40.3774 67.3036 136.2229 336.3715 215.9553 609.1709;
	21.1044 15.3971 12.0446 4.049 8.5648 278.4702 34.8088 66.9632 63.1928 297.5238 171.4273 538.8173;
	8.7213 7.6772 5.2765 3.5903 12.4209 230.293 28.7866 51.5434 81.8684 252.9734 136.1294 458.1363;
	1.1048 0.9974 0.6348 1.5565 4.1924 58.2495 7.2812 9.97 40.2295 66.7658 39.7403 120.9133;
	0.0 0.0 0.0 0.0 0.0 0.0 0.0 0.0 0.0 0.0 0.0 0.0;
	0.0 0.0 0.0 0.0 0.0 0.0 0.0 0.0 0.0 0.0 0.0 0.0;
	0.0 0.0 0.0 0.0 0.0 0.0 0.0 0.0 0.0 0.0 0.0 0.0;
	0.0 0.0 0.0 0.0 0.0 0.0 0.0 0.0 0.0 0.0 0.0 0.0;
	0.0 0.0 0.0 0.0 0.0 0.0 0.0 0.0 0.0 0.0 0.0 0.0;
	0.0 0.0 0.0 0.0 0.0 0.0 0.0 0.0 0.0 0.0 0.0 0.0;
	0.0 0.0 0.0 0.0 0.0 0.0 0.0 0.0 0.0 0.0 0.0 0.0;
];
