function solarprofile = ex_solar_profilesh1
%EX_WIND_PROFILE_D  Example wind_load_nyiso profile data for deterministic unit commitment.
% 2022.03.12
% Andres F. Ramirez


%% define constants
[GEN_BUS, PG, QG, QMAX, QMIN, VG, MBASE, GEN_STATUS, PMAX, PMIN, ...
    MU_PMAX, MU_PMIN, MU_QMAX, MU_QMIN, PC1, PC2, QC1MIN, QC1MAX, ...
    QC2MIN, QC2MAX, RAMP_AGC, RAMP_10, RAMP_30, RAMP_Q, APF] = idx_gen;
[CT_LABEL, CT_PROB, CT_TABLE, CT_TBUS, CT_TGEN, CT_TBRCH, CT_TAREABUS, ...
    CT_TAREAGEN, CT_TAREABRCH, CT_ROW, CT_COL, CT_CHGTYPE, CT_REP, ...
    CT_REL, CT_ADD, CT_NEWVAL, CT_TLOAD, CT_TAREALOAD, CT_LOAD_ALL_PQ, ...
    CT_LOAD_FIX_PQ, CT_LOAD_DIS_PQ, CT_LOAD_ALL_P, CT_LOAD_FIX_P, ...
    CT_LOAD_DIS_P, CT_TGENCOST, CT_TAREAGENCOST, CT_MODCOST_F, ...
    CT_MODCOST_X] = idx_ct;

solarprofile = struct( ...
    'type', 'mpcData', ...
    'table', CT_TGEN, ...
    'rows', [1:12], ...
    'col', PMAX, ...
    'chgtype', 1, ...
    'values', [] );
solarprofile.values(:,1,:) = [
	0.0 0.0 0.0 0.0 0.0 0.0 0.0 0.0 0.0 0.0 0.0 0.0;
	0.0 0.0 0.0 0.0 0.0 0.0 0.0 0.0 0.0 0.0 0.0 0.0;
	0.0 0.0 0.0 0.0 0.0 0.0 0.0 0.0 0.0 0.0 0.0 0.0;
	0.0 0.0 0.0 0.0 0.0 0.0 0.0 0.0 0.0 0.0 0.0 0.0;
	0.0 0.0 0.0 0.0 0.0 0.0 0.0 0.0 0.0 0.0 0.0 0.0;
	0.1575 0.1621 0.24 0.0 0.0 0.0 0.0 0.0 0.0 0.0 0.0 0.0;
	1.9641 2.8092 1.3207 0.6263 2.2393 173.2182 21.6523 8.2302 49.8686 67.8056 24.1142 122.7964;
	16.2271 13.4947 10.4317 2.5731 4.6022 233.6065 29.2008 26.847 66.7966 122.6188 95.0403 222.0634;
	23.1158 16.6083 13.8 5.1396 6.5986 231.1031 28.8879 44.9821 93.6528 197.2944 189.1318 357.3013;
	21.0304 15.6286 9.8462 3.8624 8.1828 170.8576 21.3572 52.3064 135.8147 282.3108 234.5974 511.2666;
	14.1099 11.4489 6.9607 2.5755 8.7138 213.3463 26.6683 59.7559 150.2589 329.1662 252.8596 596.1219;
	15.8762 12.5809 10.783 1.8105 8.2464 239.7129 29.9641 62.9945 146.3337 331.3623 241.6209 600.0992;
	24.8024 16.5293 13.7855 3.2154 10.9093 357.419 44.6774 66.419 196.3139 341.6703 231.0945 618.7669;
	22.6953 16.3881 13.7008 4.4408 10.4363 351.5553 43.9444 62.6259 187.1388 336.3715 154.6744 609.1709;
	16.3814 13.4572 9.3545 3.6161 10.1064 297.0236 37.128 51.9849 163.3837 277.2892 60.2937 502.1725;
	3.8018 4.6152 0.6404 3.8026 12.6156 130.6939 16.3367 11.3445 109.4234 180.5434 51.749 326.9652;
	0.9467 0.8322 0.5238 1.5741 4.3308 58.226 7.2783 9.8926 35.114 65.7619 39.0836 119.0952;
	0.0 0.0 0.0 0.0 0.0 0.0 0.0 0.0 0.0 0.0 0.0 0.0;
	0.0 0.0 0.0 0.0 0.0 0.0 0.0 0.0 0.0 0.0 0.0 0.0;
	0.0 0.0 0.0 0.0 0.0 0.0 0.0 0.0 0.0 0.0 0.0 0.0;
	0.0 0.0 0.0 0.0 0.0 0.0 0.0 0.0 0.0 0.0 0.0 0.0;
	0.0 0.0 0.0 0.0 0.0 0.0 0.0 0.0 0.0 0.0 0.0 0.0;
	0.0 0.0 0.0 0.0 0.0 0.0 0.0 0.0 0.0 0.0 0.0 0.0;
	0.0 0.0 0.0 0.0 0.0 0.0 0.0 0.0 0.0 0.0 0.0 0.0;
];
