function windprofile = ex_wind_profilesh1
%EX_WIND_PROFILE_D  Example wind_load_nyiso profile data for deterministic unit commitment.
% 2022.03.12
% Andres F. Ramirez


%% define constants
[GEN_BUS, PG, QG, QMAX, QMIN, VG, MBASE, GEN_STATUS, PMAX, PMIN, ...
    MU_PMAX, MU_PMIN, MU_QMAX, MU_QMIN, PC1, PC2, QC1MIN, QC1MAX, ...
    QC2MIN, QC2MAX, RAMP_AGC, RAMP_10, RAMP_30, RAMP_Q, APF] = idx_gen;
[CT_LABEL, CT_PROB, CT_TABLE, CT_TBUS, CT_TGEN, CT_TBRCH, CT_TAREABUS, ...
    CT_TAREAGEN, CT_TAREABRCH, CT_ROW, CT_COL, CT_CHGTYPE, CT_REP, ...
    CT_REL, CT_ADD, CT_NEWVAL, CT_TLOAD, CT_TAREALOAD, CT_LOAD_ALL_PQ, ...
    CT_LOAD_FIX_PQ, CT_LOAD_DIS_PQ, CT_LOAD_ALL_P, CT_LOAD_FIX_P, ...
    CT_LOAD_DIS_P, CT_TGENCOST, CT_TAREAGENCOST, CT_MODCOST_F, ...
    CT_MODCOST_X] = idx_ct;

windprofile = struct( ...
    'type', 'mpcData', ...
    'table', CT_TGEN, ...
    'rows', [1:45], ...
    'col', PMAX, ...
    'chgtype', 1, ...
    'values', [] );
windprofile.values(:,1,:) = [
	3.3707 45.5459 91.9025 108.4527 14.3314 32.1486 27.332 12.9926 26.9928 28.3497 52.4039 78.1763 117.694 64.9006 187.4723 70.6291 87.6324 92.8642 91.4492 69.9556 9.1107 75.0133 71.9794 86.9372 99.385 69.4327 9.282 1206.779 730.4022 730.4022 698.7575 111.91 304.8307 180.0658 203.4722 311.6383 1075.9545 285.8749 448.6543 266.2099 120.5736 356.6348 188.661 237.0653 1087.1624;
	3.4871 47.1178 86.5685 102.4729 14.18 31.9124 28.1687 11.2769 26.3539 26.5425 49.0634 73.193 110.1916 66.0971 189.4805 71.3857 88.5711 93.859 91.7367 68.0491 9.3896 74.4622 72.1521 83.2599 94.9695 63.0135 7.6894 1191.3439 750.2303 750.2303 714.2606 114.239 305.7889 175.1586 207.2234 320.0983 1136.2455 272.6315 450.7912 254.3826 119.0451 354.0147 195.1148 234.6403 1148.0814;
	3.4579 46.7234 87.6367 92.5612 14.0638 32.3573 24.6603 10.5131 26.3583 26.4807 48.9491 73.0225 109.9349 65.8487 186.6383 70.3149 87.2426 92.4511 89.7059 67.3681 8.2201 75.5003 70.2184 85.2552 86.7137 62.494 8.12 1235.0424 747.0156 747.0156 699.8187 116.1965 299.0196 173.4055 206.4445 318.7267 1145.9 271.1004 447.0293 232.2688 120.8316 358.95 172.3126 245.2554 1157.8365;
	3.3438 45.1814 87.7969 98.7504 14.3791 32.5157 22.4193 11.6614 26.8895 26.9903 49.8912 74.4279 112.0508 65.7966 188.478 71.008 88.1025 93.3624 90.9959 67.735 7.4731 75.87 71.2328 86.0777 86.5158 58.9812 8.0935 1179.7989 773.7665 773.7665 717.757 113.1956 303.3196 174.3501 206.2814 330.1404 1149.9314 260.34 442.1429 231.7388 116.6229 360.7078 170.0509 244.1339 1161.9098;
	3.2122 43.404 84.4652 83.5275 14.175 32.1502 19.1886 9.1968 24.057 26.4955 48.9765 73.0633 109.9964 65.2163 184.2918 69.4309 86.1457 91.2887 89.4862 68.6083 6.3962 75.0172 71.8908 88.3738 75.7187 55.922 7.1431 1165.6648 737.7805 737.7805 670.8644 104.4967 298.2875 176.598 204.4619 314.7864 1090.7828 245.6266 391.6301 202.8179 116.1585 356.6534 174.47 212.8031 1102.1451;
	3.5761 48.3208 81.2839 78.8194 14.7645 32.4455 16.5762 7.063 24.6782 27.6639 51.1364 76.2854 114.8473 59.3542 178.1375 67.1123 83.2689 88.2402 89.0367 67.6409 5.5254 75.7061 71.1295 86.0277 58.3927 38.2046 5.5714 1186.5885 694.0624 694.0624 616.4819 95.0028 296.7891 174.1079 186.0836 296.1333 1089.6971 219.8914 323.6229 156.409 104.9566 359.9284 185.6105 171.8925 1101.0481;
	3.3579 45.3724 72.511 65.9414 14.3309 30.0632 13.824 5.7954 17.6698 27.0468 49.9956 74.5836 112.2851 58.4515 176.5884 66.5286 82.5448 87.4729 90.038 67.8683 4.608 70.1475 70.1901 82.5076 51.683 25.1698 4.331 1176.2769 647.8717 647.8717 516.6182 59.7272 300.1267 174.6932 183.2534 276.4252 1017.9958 189.6213 239.4953 138.4366 88.5759 333.5012 158.3423 119.393 1028.5999;
	3.5758 48.3167 72.0644 75.5557 14.3635 30.0442 14.4347 5.4499 14.4214 22.8975 42.3257 63.1416 95.0593 59.9985 182.4633 68.742 85.291 90.383 90.2389 67.0367 4.8116 70.1031 58.0788 84.5871 58.3135 17.4964 3.3069 1184.4216 660.3859 660.3859 615.4376 62.0947 300.7965 172.5526 188.1032 281.7646 1067.3001 206.4734 212.6216 156.1968 78.8708 333.2902 149.0904 137.7381 1078.4178;
	3.1006 41.8963 61.5657 68.1972 14.3158 24.3279 14.0001 4.1499 17.4499 20.4954 37.8855 56.5177 85.0872 60.2764 170.0551 64.0673 79.4909 84.2366 88.816 66.8786 4.6667 56.7651 46.5504 84.7851 56.7434 11.9857 2.5535 1151.8597 743.5717 743.5717 717.6448 85.8801 296.0532 172.1458 188.9748 317.2573 1095.2821 248.1569 201.3472 151.9912 57.717 269.8773 147.5945 155.2342 1106.6913;
	2.8147 38.0329 51.1663 64.873 14.1193 19.139 19.234 2.5542 19.9351 18.3433 33.9073 50.583 76.1525 61.2027 150.3465 56.6422 70.2782 74.474 86.4969 60.6174 6.4113 44.6578 38.3443 70.3503 34.5398 4.55 1.3544 1063.5746 753.065 753.065 714.5872 102.9515 288.3229 156.0293 191.8788 321.3077 1114.1603 245.4953 327.3865 92.5174 45.1761 212.3158 136.1878 126.5014 1125.7661;
	2.3684 32.002 38.6046 48.7791 13.1147 14.9566 18.5133 1.5102 19.0417 15.5178 28.6845 42.7916 64.4226 59.3156 159.2422 59.9936 74.4365 78.8804 87.1557 67.9888 6.1711 34.8988 34.1473 51.5536 21.3573 3.6434 2.4448 1110.17 770.1806 770.1806 711.4378 104.3758 290.519 175.0033 185.9625 328.6104 1091.4798 239.5059 361.1108 57.207 38.561 165.919 95.7533 88.1804 1102.8494;
	1.6437 22.2106 29.7623 28.7942 9.5288 10.9113 19.3494 1.5687 15.7041 15.6597 28.9466 43.1827 65.0113 62.2538 153.8308 57.9549 71.907 76.1999 84.8526 63.2639 6.4498 25.4598 37.662 37.1023 18.809 6.1482 3.6189 922.7883 713.4006 713.4006 671.5641 102.9635 282.8419 162.8414 195.1741 304.3843 973.2805 202.9535 366.509 50.3813 29.9529 121.043 68.8866 79.7083 983.4188;
	1.086 14.6744 28.7213 29.5671 8.4996 9.0873 17.6267 2.8527 13.8942 13.6474 25.227 37.6338 56.6574 60.9383 164.8633 62.1113 77.064 81.6648 89.3769 64.0495 5.8756 21.2037 39.1826 39.4916 20.7926 11.6438 3.0063 930.5327 734.0643 734.0643 648.1135 95.642 297.9229 164.8637 191.0499 313.2008 985.7069 209.5388 368.8762 55.6945 33.0677 100.8084 51.1163 59.6565 995.9747;
	0.8816 11.9118 26.9863 41.7504 7.999 9.3066 13.5812 4.4647 9.4636 16.0802 29.7241 44.3425 66.7574 63.2712 171.9095 64.7659 80.3577 85.1551 89.0458 68.4714 4.5271 21.7153 46.6459 41.7812 26.7256 11.7051 4.335 885.9034 724.4326 724.4326 695.9835 92.4732 296.8194 176.2456 198.3638 309.0912 863.364 209.5645 361.1099 71.5863 33.0117 103.241 42.9618 65.0771 872.3574;
	0.8618 11.6444 25.6081 69.5152 6.679 9.0688 11.3284 2.6943 1.1075 8.7272 16.1321 24.0659 36.2311 62.1272 149.6943 56.3965 69.9734 74.1509 78.5592 68.6511 3.7761 21.1606 46.4464 48.2953 23.9304 7.0821 3.7724 742.1889 622.0368 622.0368 588.9551 80.3395 261.8642 176.708 194.7772 265.4024 735.2868 186.2726 280.4598 64.0994 31.3985 100.6036 36.8464 58.4857 742.9461;
	0.9076 12.2642 21.3688 35.45 7.2622 7.2942 5.2707 2.2489 0.0 12.2619 22.666 33.8132 50.9056 59.298 161.2546 60.7517 75.3771 79.8773 82.1815 68.5861 1.7569 17.0198 41.1735 47.2915 26.5543 5.7527 2.8972 753.8985 510.8518 510.8518 510.5184 76.4952 273.9384 176.5407 185.9073 217.9635 579.1238 167.757 164.9837 71.1276 28.0445 80.9172 5.4877 31.9165 585.1564;
	0.5529 7.4714 22.5866 80.2496 6.5197 5.0532 3.6661 15.9616 8.5995 17.5011 32.3505 48.2606 72.6561 57.8794 168.8799 63.6245 78.9415 83.6544 84.7574 65.7709 1.222 11.7909 52.7311 44.1686 17.7944 35.6145 1.9848 753.0161 507.7978 507.7978 551.1245 75.6318 282.5246 169.2945 181.4598 216.6604 702.9251 183.1651 185.6834 47.6635 37.188 56.0571 1.5395 37.1164 710.2473;
	1.1479 15.5105 8.7229 8.9126 1.9599 0.9038 0.6523 7.7068 0.7397 19.0904 35.2884 52.6433 79.2543 58.3798 128.8446 48.5415 60.2274 63.823 86.1027 46.7765 0.2174 2.1089 65.921 38.2944 14.2353 5.3795 1.7117 744.2837 517.1374 517.1374 595.1576 89.5833 287.0091 120.4029 183.0286 220.6453 720.4348 199.1955 313.5603 38.1304 78.1054 10.0265 3.4893 22.8099 727.9393;
	0.57 7.7019 25.2507 41.7351 0.6735 2.4396 0.2191 2.7568 0.7725 22.5093 41.6081 62.0711 93.4478 60.1228 112.5508 42.4029 52.611 55.7519 32.7163 55.4494 0.073 5.6923 66.2083 50.2712 26.5841 9.7335 2.2068 763.7759 489.1828 489.1828 614.4487 83.022 109.0544 142.727 188.4931 208.718 664.8486 181.1527 317.9442 71.2074 92.0077 27.063 1.0174 78.2673 671.7741;
