function loadprofile = ex_load_profilesh1
%EX_LOAD_PROFILE  Example load profile data file for stochastic unit commitment.
% 2022.03.12
% Andres F. Ramirez

%% define constants
[CT_LABEL, CT_PROB, CT_TABLE, CT_TBUS, CT_TGEN, CT_TBRCH, CT_TAREABUS, ...
    CT_TAREAGEN, CT_TAREABRCH, CT_ROW, CT_COL, CT_CHGTYPE, CT_REP, ...
    CT_REL, CT_ADD, CT_NEWVAL, CT_TLOAD, CT_TAREALOAD, CT_LOAD_ALL_PQ, ...
    CT_LOAD_FIX_PQ, CT_LOAD_DIS_PQ, CT_LOAD_ALL_P, CT_LOAD_FIX_P, ...
    CT_LOAD_DIS_P, CT_TGENCOST, CT_TAREAGENCOST, CT_MODCOST_F, ...
    CT_MODCOST_X] = idx_ct;

loadprofile = struct( ...
    'type', 'mpcData', ...
    'table', CT_TAREALOAD, ...
    'rows', [1:11], ...
    'col', CT_LOAD_ALL_P, ...
    'chgtype', 1, ...
    'values', [] );
loadprofile.values(:,1,:) = [
	1605.799 934.7573 1631.5987 569.3685 806.9474 1173.3 904.0743 279.8319 529.509 4458.6002 1717.44;
	1601.0037 948.9571 1630.6247 575.4 810.2636 1185.0283 907.3 290.9258 522.1 4382.1088 1709.2833;
	1611.8092 945.8181 1663.1305 579.9799 801.138 1171.9283 906.5 286.4 515.3 4366.9185 1708.1126;
	1689.555 1026.2492 1789.7183 617.5013 907.0844 1291.2658 983.2681 301.6 571.2571 4685.6426 1863.9583;
	1806.4836 1128.5335 1931.8399 649.7619 1002.2 1430.8525 1088.5783 312.7 644.335 5151.5721 2076.4785;
	1912.4441 1196.1319 2025.5001 664.5859 1093.7343 1490.8684 1142.5586 339.3936 703.2356 5724.6119 2188.8753;
	1868.7208 1197.997 2050.3868 650.9 1122.5555 1521.0789 1178.2983 351.2391 716.0851 6218.592 2269.4636;
	1865.7588 1179.447 2024.2713 622.3 1070.9637 1504.4 1195.53 345.1 718.4801 6475.3881 2296.021;
	1892.1 1192.9881 2044.2868 641.6 1086.8 1501.5209 1220.807 345.0304 706.5158 6547.5161 2262.5372;
	1859.3495 1160.5685 1994.6793 635.4 1052.0501 1494.7822 1220.9136 339.1 689.2622 6515.0879 2271.3889;
	1857.722 1158.7698 1978.0091 639.2849 1074.727 1498.61 1194.032 334.5423 679.3236 6451.3703 2191.4569;
	1826.6426 1146.65 1970.4332 632.7264 1061.5128 1486.8 1163.1061 343.4758 667.6732 6512.7653 2178.1754;
	1800.2741 1102.6265 1958.3809 621.1601 1009.9645 1475.2142 1137.2638 341.9622 651.8188 6530.5953 2163.9617;
	1821.9332 1125.1769 1971.6154 623.5277 992.0 1438.8054 1105.898 339.6243 659.1956 6498.9708 2154.87;
	1792.228 1131.9192 1937.5115 600.9788 978.5341 1405.9877 1059.5 338.2 615.291 6291.8198 2174.2145;
	1782.3085 1139.0722 2004.476 615.6739 991.3497 1449.1929 1121.4 360.54 663.7652 6451.3 2322.3374;
	1903.646 1207.3237 2034.7637 608.4969 1036.5823 1523.4 1214.3563 373.6204 689.9568 6348.6045 2453.8325;
	1931.7026 1240.4 2142.497 627.2199 1066.8678 1580.1059 1251.3913 404.0 734.3 6393.7881 2599.3206;
	1997.2853 1241.7016 2146.9431 623.1767 1064.581 1588.882 1317.1537 419.416 751.7 6362.9887 2696.8078;
	1903.2939 1176.831 2044.6701 611.4891 989.442 1486.6572 1232.8392 392.6121 719.2079 6099.0523 2504.508;
	1793.7481 1079.9087 1886.3 602.392 942.5944 1383.035 1169.8512 370.0175 672.7 5778.7003 2296.407;
	1702.566 1000.5135 1758.3224 576.8836 857.7 1250.0182 1057.0603 340.4489 607.3616 5287.0163 2056.0512;
	1574.1407 938.543 1712.0757 564.6 840.4573 1192.7598 958.3744 330.5237 555.2 4938.396 1874.6;
	1572.6513 958.3003 1715.5065 569.9717 853.8022 1194.5 944.2015 305.9195 543.0 4771.5334 1812.7571;
];
