function windprofile = ex_wind_profilesh1
%EX_WIND_PROFILE_D  Example wind_load_nyiso profile data for deterministic unit commitment.
% 2022.03.12
% Andres F. Ramirez


%% define constants
[GEN_BUS, PG, QG, QMAX, QMIN, VG, MBASE, GEN_STATUS, PMAX, PMIN, ...
    MU_PMAX, MU_PMIN, MU_QMAX, MU_QMIN, PC1, PC2, QC1MIN, QC1MAX, ...
    QC2MIN, QC2MAX, RAMP_AGC, RAMP_10, RAMP_30, RAMP_Q, APF] = idx_gen;
[CT_LABEL, CT_PROB, CT_TABLE, CT_TBUS, CT_TGEN, CT_TBRCH, CT_TAREABUS, ...
    CT_TAREAGEN, CT_TAREABRCH, CT_ROW, CT_COL, CT_CHGTYPE, CT_REP, ...
    CT_REL, CT_ADD, CT_NEWVAL, CT_TLOAD, CT_TAREALOAD, CT_LOAD_ALL_PQ, ...
    CT_LOAD_FIX_PQ, CT_LOAD_DIS_PQ, CT_LOAD_ALL_P, CT_LOAD_FIX_P, ...
    CT_LOAD_DIS_P, CT_TGENCOST, CT_TAREAGENCOST, CT_MODCOST_F, ...
    CT_MODCOST_X] = idx_ct;

windprofile = struct( ...
    'type', 'mpcData', ...
    'table', CT_TGEN, ...
    'rows', [1:45], ...
    'col', PMAX, ...
    'chgtype', 1, ...
    'values', [] );
windprofile.values(:,1,:) = [
	3.6701 49.5906 86.8406 102.2884 14.662 32.1473 27.9914 9.4822 26.961 27.4492 50.7394 75.6932 113.9558 63.3545 192.1186 72.3796 89.8043 95.1657 85.4386 70.492 9.3305 75.0104 68.6147 73.7327 81.2904 59.0399 6.4891 1184.4703 755.0582 755.0582 711.6016 111.5275 284.7952 181.4465 198.625 322.1582 1127.3403 300.6459 454.9383 217.7422 111.2907 356.621 198.26 211.0315 1139.0834;
	3.7855 51.151 86.9141 101.0112 15.2308 32.521 28.2094 9.7636 26.8523 25.0075 46.226 68.96 103.8189 63.7386 191.8293 72.2706 89.669 95.0224 84.2748 68.9925 9.4031 75.8824 65.4728 75.4637 84.7856 58.8219 6.7719 1236.8833 780.8878 780.8878 757.4304 114.9713 280.9159 177.5869 199.829 333.1788 1220.7035 292.3708 467.825 227.1043 108.9146 360.7665 203.7273 221.7632 1233.4191;
	3.7765 51.0285 86.8968 88.5373 14.8543 33.064 25.2447 9.411 27.4513 25.3112 46.7874 69.7976 105.0799 63.1575 181.9988 68.567 85.0739 90.1529 84.1331 67.7108 8.4149 77.1493 56.3796 75.7648 77.8824 57.8423 7.9224 1217.5584 751.1986 751.1986 660.65 109.5199 280.4436 174.2878 198.0073 320.5114 1119.8206 272.4541 458.7055 208.6135 109.9023 366.7898 188.4627 232.077 1131.4854;
	3.6856 49.8005 84.9234 93.0189 14.6794 32.7033 21.936 10.0989 26.7448 25.4725 47.0855 70.2423 105.7494 60.4051 187.9105 70.7942 87.8372 93.0812 84.3271 67.2098 7.312 76.3077 60.6901 78.5616 74.4195 52.631 7.2892 1169.036 760.764 760.764 663.6205 113.3923 281.0903 172.9981 189.378 324.5927 1141.5712 265.074 434.1248 199.338 106.96 362.7886 184.9596 230.3536 1153.4626;
	3.6091 48.7668 79.4526 74.9627 14.6574 31.35 18.005 8.0738 22.612 26.4952 48.9759 73.0625 109.9951 62.838 186.7801 70.3683 87.3088 92.5213 86.2719 65.8185 6.0017 73.1501 69.3585 74.5786 59.1314 48.1044 6.2864 1128.6372 756.3887 756.3887 645.0457 99.4872 287.5729 169.417 197.0056 322.7259 1026.1917 238.878 358.2192 158.3876 104.659 347.7764 189.9013 207.6685 1036.8812;
	3.8164 51.5681 78.1809 68.6057 14.8828 31.0557 17.2774 6.6486 25.4172 27.2874 50.4403 75.2471 113.2841 62.1083 182.9388 68.9211 85.5133 90.6185 84.4223 66.785 5.7591 72.4632 69.1969 72.7487 44.0971 34.8118 4.1162 1211.2068 762.3093 762.3093 673.4705 95.4382 281.4076 171.9048 194.7178 325.252 1125.4357 234.7433 330.7184 118.1173 83.353 344.5107 188.895 175.7386 1137.159;
	3.6108 48.7896 64.6299 57.3777 14.8649 28.5401 14.2011 5.4484 18.9661 27.8146 51.4149 76.701 115.4729 64.7691 193.6456 72.9549 90.5181 95.9221 84.8656 70.2314 4.7337 66.5935 71.0253 64.4082 34.6636 21.6788 3.8784 1184.4224 718.1667 718.1667 567.9575 59.2594 282.8852 180.7758 203.06 306.4178 1056.9 209.4004 251.973 92.8488 70.4535 316.6045 156.8819 122.5061 1067.9094;
	3.5609 48.1153 59.812 62.4548 14.5189 28.0728 14.8748 5.0921 16.6451 22.8089 42.1619 62.8973 94.6915 65.9393 192.3286 72.4587 89.9024 95.2697 87.2444 70.312 4.9583 65.5032 59.6645 69.624 48.805 14.1726 2.9483 1283.8168 736.9728 736.9728 651.4352 65.9506 290.8147 180.9832 206.7287 314.4417 1126.7909 225.0055 231.1913 130.7277 79.2323 311.4207 150.1159 135.5918 1138.5283;
	2.9304 39.5962 56.7874 64.3627 14.6545 25.0227 14.7631 4.1081 21.8412 21.6963 40.1052 59.8291 90.0724 64.857 186.6371 70.3145 87.242 92.4505 84.9765 66.9376 4.921 58.3864 55.9196 82.6293 56.1869 12.6633 2.8055 1246.3618 803.8764 803.8764 701.3003 90.9665 283.255 172.2975 203.3354 342.9873 1150.0713 250.9512 205.3905 150.5005 55.6282 277.5856 145.8319 151.2777 1162.0512;
	2.6258 35.4801 47.6961 60.9509 14.9948 20.6395 19.0391 2.4916 22.2878 21.0291 38.8721 57.9895 87.3028 63.9306 191.7819 72.2527 89.6469 94.9989 84.9533 69.7577 6.3464 48.1589 51.6023 71.0492 37.844 7.8313 1.5938 1181.6337 807.8554 807.8554 740.8177 110.3819 283.1777 179.5565 200.4312 344.685 1181.1062 238.9412 342.8248 101.3679 45.5487 228.9611 141.2551 126.2839 1193.4094;
	2.066 27.9167 34.4316 44.2231 14.2197 14.9481 18.5259 1.1019 20.6897 18.1976 33.638 50.1813 75.5477 60.5561 188.1366 70.8794 87.9429 93.1932 89.9079 73.2032 6.1753 34.8789 42.4238 54.921 23.7668 4.8682 4.1644 1225.4857 816.0736 816.0736 761.9775 110.3434 299.693 188.4253 189.8516 348.1914 1176.6662 245.8105 392.5378 63.661 38.6975 165.8242 98.4524 82.8369 1188.9231;
	1.4012 18.9331 25.2206 24.0455 10.1571 9.4809 18.5155 1.0497 18.2403 17.8803 33.0514 49.3062 74.2303 60.0581 179.3612 67.5733 83.8409 88.8464 87.0652 70.9959 6.1718 22.1221 47.4169 37.4078 19.0762 5.1962 5.1363 1021.2816 712.7957 712.7957 680.4222 100.92 290.2174 182.7437 188.2901 304.1262 1039.6226 206.5553 371.9726 51.0969 27.8979 105.1747 66.9791 68.8004 1050.452;
	1.0219 13.8084 25.9416 26.8876 9.4198 8.4591 19.64 2.0062 16.5041 15.0743 27.8646 41.5685 62.5811 61.7967 177.4627 66.8581 82.9535 87.906 91.1853 67.6231 6.5467 19.738 47.4293 40.5369 22.7632 7.2344 2.6577 998.3156 764.5728 764.5728 732.2383 98.6618 303.9509 174.062 193.741 326.2177 1060.3997 236.0621 407.3888 60.9728 28.3651 93.84 56.5473 49.7003 1071.4456;
	0.8543 11.5431 24.8357 33.2257 7.9351 8.8229 13.6654 2.5202 12.3612 16.4035 30.3215 45.2338 68.0992 64.201 181.1371 68.2423 84.6711 89.726 90.8307 65.553 4.5551 20.5867 52.5144 43.0211 25.9363 6.6295 3.7299 975.8792 717.7873 717.7873 748.3794 94.1837 302.7691 168.7336 201.2787 306.2559 922.3481 226.1009 374.747 69.4722 30.3919 97.8751 40.9597 53.3676 931.9559;
	0.8558 11.5633 24.01 16.1595 6.4451 8.0212 11.461 1.903 12.3212 15.5781 28.7959 42.9578 64.6727 63.3664 166.6213 62.7736 77.8858 82.5357 79.8214 64.5152 3.8203 18.7162 54.6585 49.0455 24.7575 3.5912 3.456 894.2681 655.5301 655.5301 650.1644 79.5694 266.0712 166.0624 198.6623 279.6928 840.6361 198.2654 313.1428 66.3148 30.1963 88.9821 36.3206 52.0983 849.3927;
	1.0049 13.5783 19.9393 31.3684 8.1247 15.9791 6.4916 1.4042 10.0725 15.4327 28.5272 42.5569 64.0692 61.0251 173.3238 65.2987 81.0188 85.8557 82.2061 69.6514 2.1639 37.2846 56.1947 46.3448 23.8383 3.1994 2.3369 859.6714 555.8976 555.8976 578.8819 76.6175 274.0203 179.2828 191.3219 237.183 641.5749 189.59 220.9881 63.8527 29.998 177.2619 12.1356 29.8326 648.2579;
	0.6201 8.3788 90.2554 115.165 7.0716 22.5326 5.0843 7.0864 13.8913 17.9825 33.2404 49.5881 74.6546 63.303 168.2954 63.4043 78.6683 83.3649 81.9842 63.0184 1.6948 52.5762 57.2053 46.3907 19.0127 4.213 1.908 790.8662 564.7925 564.7925 620.3779 76.618 273.2806 162.2096 198.4633 240.9781 765.208 188.9995 243.6058 50.927 38.5707 249.9621 20.3396 90.6519 773.1789;
	1.1749 15.8751 90.2589 110.578 3.9431 13.6787 10.3581 7.536 26.4312 20.6886 38.2426 57.0504 85.8891 63.1277 137.3984 51.764 64.2258 68.0601 76.0273 52.9211 3.4527 31.917 67.3086 46.6564 19.3771 3.1777 1.9782 789.921 562.1038 562.1038 636.0363 86.6492 253.4243 136.2191 197.9137 239.8309 744.4353 203.1032 363.9806 51.903 80.6374 151.7427 34.4368 140.0198 752.1899;
