function windprofile = ex_wind_profilesh1
%EX_WIND_PROFILE_D  Example wind_load_nyiso profile data for deterministic unit commitment.
% 2022.03.12
% Andres F. Ramirez


%% define constants
[GEN_BUS, PG, QG, QMAX, QMIN, VG, MBASE, GEN_STATUS, PMAX, PMIN, ...
    MU_PMAX, MU_PMIN, MU_QMAX, MU_QMIN, PC1, PC2, QC1MIN, QC1MAX, ...
    QC2MIN, QC2MAX, RAMP_AGC, RAMP_10, RAMP_30, RAMP_Q, APF] = idx_gen;
[CT_LABEL, CT_PROB, CT_TABLE, CT_TBUS, CT_TGEN, CT_TBRCH, CT_TAREABUS, ...
    CT_TAREAGEN, CT_TAREABRCH, CT_ROW, CT_COL, CT_CHGTYPE, CT_REP, ...
    CT_REL, CT_ADD, CT_NEWVAL, CT_TLOAD, CT_TAREALOAD, CT_LOAD_ALL_PQ, ...
    CT_LOAD_FIX_PQ, CT_LOAD_DIS_PQ, CT_LOAD_ALL_P, CT_LOAD_FIX_P, ...
    CT_LOAD_DIS_P, CT_TGENCOST, CT_TAREAGENCOST, CT_MODCOST_F, ...
    CT_MODCOST_X] = idx_ct;

windprofile = struct( ...
    'type', 'mpcData', ...
    'table', CT_TGEN, ...
    'rows', [1:45], ...
    'col', PMAX, ...
    'chgtype', 1, ...
    'values', [] );
windprofile.values(:,1,:) = [
	3.9048 52.7625 89.5361 109.711 14.8708 33.4845 30.2179 9.8151 28.2329 27.0887 50.073 74.699 112.459 69.3565 182.7305 68.8426 85.4159 90.5153 86.8886 69.2988 10.0726 78.1306 69.636 82.3191 87.5272 57.1631 8.2108 1156.2398 802.658 802.658 751.8263 122.5518 289.6287 178.3752 217.4419 342.4674 1176.7627 307.2788 478.8425 234.448 115.8307 371.4551 210.4092 227.1318 1189.0207;
	3.8101 51.4832 87.9608 109.9504 14.2626 32.5347 29.6287 10.7683 28.081 25.5308 47.1932 70.403 105.9913 69.0202 194.6164 73.3206 90.9718 96.403 89.2244 69.7708 9.8762 75.9143 67.8867 80.2624 91.3077 56.6046 7.6235 1140.01 769.2619 769.2619 720.2904 119.9245 297.4148 179.5902 216.3876 328.2184 1198.5219 287.3211 469.6212 244.5743 111.3216 360.9183 207.6146 228.3044 1211.0065;
	3.7907 51.2204 89.3493 96.8725 14.7277 32.4196 27.0351 9.832 28.1178 26.6816 49.3206 73.5767 110.7693 69.6156 194.9643 73.4517 91.1345 96.5753 89.5398 70.6453 9.0117 75.6458 67.1691 79.7895 78.1327 54.3245 7.8734 1206.5573 777.5321 777.5321 710.7169 121.7516 298.4661 181.8411 218.2544 331.747 1183.0974 278.9029 472.1118 209.284 110.7717 359.642 194.2231 232.3821 1195.4214;
	3.7348 50.4654 88.5561 100.3799 14.4762 32.8439 22.9283 10.7804 26.8868 27.2566 50.3833 75.162 113.156 65.7259 194.2749 73.1919 90.8122 96.2338 88.9421 67.5732 7.6428 76.6358 68.5909 83.9382 82.5341 54.3192 7.9415 1161.1587 772.6651 772.6651 699.6239 116.9699 296.4735 173.9337 206.0595 329.6705 1212.4363 273.0618 440.2278 221.0736 111.2417 364.3485 196.5527 234.1493 1225.0658;
	3.795 51.2792 87.2232 86.9856 15.0602 32.615 19.3243 9.4709 23.5548 26.8521 49.6356 74.0466 111.4767 66.5981 191.043 71.9743 89.3015 94.6329 89.5835 68.5469 6.4414 76.1017 69.1981 87.7762 73.6347 53.7636 7.5775 1180.3165 781.0633 781.0633 695.8495 109.2921 298.6116 176.4399 208.794 333.2537 1163.4569 245.4317 404.4075 197.2359 112.2102 361.8094 209.3743 222.1694 1175.5762;
	3.8573 52.1208 86.1238 83.7577 14.8043 32.3393 18.4949 7.9095 25.3309 28.5252 52.7284 78.6603 118.4227 64.6682 190.3173 71.7009 88.9623 94.2735 90.4068 68.4682 6.165 75.4583 69.7352 85.6798 58.6834 39.2124 5.9523 1135.8825 737.9178 737.9178 643.9889 92.2531 301.3559 176.2374 202.7437 314.8449 1137.5377 219.5293 377.0192 157.1876 103.1181 358.7505 209.4622 184.8509 1149.387;
	3.606 48.7255 75.5822 68.1524 14.9292 30.3651 14.0882 6.2151 17.6457 27.6557 51.1211 76.2627 114.813 65.5037 194.4478 73.2571 90.893 96.3195 91.658 71.048 4.6961 70.8519 69.165 81.2565 49.2144 28.6147 4.6658 1162.5904 689.0702 689.0702 564.6037 63.4529 305.5267 182.8778 205.3629 294.0033 1110.1959 197.0745 284.6226 131.8242 86.1581 336.8504 177.3412 132.7494 1121.7604;
	3.6747 49.6535 74.9022 73.0445 14.5959 30.5909 13.1584 6.0855 14.9538 24.4096 45.1208 67.3113 101.3369 65.2477 195.3609 73.6011 91.3199 96.7718 92.4913 71.534 4.3861 71.3788 60.9001 83.7542 57.0215 23.2865 3.8078 1165.7877 675.498 675.498 605.1432 63.2739 308.3042 184.1288 204.5604 288.2125 1076.5898 194.9499 241.819 152.7362 83.2294 339.3551 159.1777 144.1983 1087.8043;
	3.0534 41.2587 59.1635 63.2064 14.484 26.3793 13.334 4.2761 19.3405 22.678 41.9199 62.5362 94.1479 64.2795 188.604 71.0555 88.1614 93.4248 91.5704 70.5043 4.4447 61.5517 53.7647 79.3988 53.0465 16.0322 2.7361 1161.4757 754.184 754.184 690.2141 83.1448 305.2347 181.4783 201.5248 321.7852 1088.9671 217.9141 242.4002 142.0887 52.5815 292.6344 157.0698 152.6818 1100.3105;
	2.6475 35.774 50.2973 59.457 14.0867 20.6181 18.6074 2.221 21.2807 18.1551 33.5594 50.064 75.3711 65.7695 184.396 69.4701 86.1944 91.3403 90.093 69.7267 6.2025 48.109 43.0807 66.7969 32.8447 7.7427 0.8984 1118.7078 759.54 759.54 731.6135 105.6499 300.3099 179.4767 206.1963 324.0704 1131.0672 226.8365 348.6263 87.9768 44.2577 228.724 140.9618 118.3305 1142.8492;
	2.0381 27.539 36.5199 42.4278 13.2926 15.3178 17.7418 1.1536 18.7144 6.6731 12.3351 18.4016 27.7035 62.1079 164.215 61.867 76.761 81.3437 86.7943 66.295 5.9139 35.7416 33.9978 50.6209 21.3947 6.0248 0.5838 1181.566 741.1285 741.1285 737.7066 101.2318 289.3143 170.6434 194.7167 316.2148 1132.655 230.2605 391.2523 57.3071 37.6947 169.9259 99.8354 77.1029 1144.4535;
	1.5666 21.168 29.4352 26.428 9.7286 11.22 19.5846 1.4813 17.3047 13.6123 25.1621 37.5369 56.5116 63.7639 159.5898 60.1245 74.599 79.0526 85.574 65.0092 6.5282 26.18 39.9582 37.466 17.8375 7.7182 0.9179 1028.4959 714.0831 714.0831 673.3466 105.8589 285.2466 167.3339 199.9084 304.6755 1063.7168 202.3979 400.5314 47.7791 26.6769 124.4672 74.9233 76.6517 1074.7972;
	1.2696 17.1551 27.8372 26.9347 9.0872 9.8347 19.1798 2.7704 16.2871 13.2071 24.413 36.4195 54.8293 66.2309 177.2608 66.782 82.8591 87.8059 89.3994 66.7797 6.3933 22.9475 38.732 35.8338 21.6939 14.0 2.8033 1016.2314 768.5143 768.5143 704.1275 104.5216 297.998 171.8912 207.6427 327.8994 1107.4802 228.909 424.2288 58.1086 31.1005 109.0991 63.1294 65.1013 1119.0165;
	1.1806 15.9519 24.3289 31.5243 7.7113 9.6041 14.5606 3.1557 13.3895 16.7752 31.0086 46.2588 69.6423 64.3821 180.12 67.8591 84.1956 89.2222 88.0886 68.7848 4.8535 22.4096 52.8448 38.6743 24.5706 17.0681 3.8549 964.6367 734.9667 734.9667 705.7649 96.4493 293.6288 177.0524 201.8466 313.5858 946.7963 215.8388 408.9291 65.814 29.8415 106.5416 49.5147 68.6045 956.6587;
	1.0505 14.1943 23.3956 9.7205 6.2818 8.5994 11.7006 2.2582 12.8388 13.9549 25.7955 38.4818 57.9341 64.1803 177.4856 66.8667 82.9642 87.9173 81.7607 68.2495 3.9002 20.0653 51.9872 43.5199 22.5114 8.5565 3.6034 816.1633 635.1913 635.1913 612.8688 83.6692 272.5355 175.6744 201.214 271.015 786.4393 192.191 342.1626 60.2984 31.3929 95.3961 40.442 64.7927 794.6314;
	1.0531 14.2296 19.0517 28.6147 6.8149 2.519 6.0177 1.4297 9.026 13.0497 24.1222 35.9855 54.176 64.9323 172.4296 64.9619 80.6008 85.4128 79.9015 67.5957 2.0059 5.8777 46.9979 36.1106 21.7668 4.4393 2.2035 834.1339 548.0335 548.0335 524.2076 78.5462 266.3382 173.9915 203.5714 233.8276 608.3708 180.6311 218.1027 58.3038 31.1879 27.9443 41.3256 36.167 614.708;
	0.6046 8.1689 24.8236 26.1535 5.8345 3.6008 4.1091 7.3757 11.0885 16.7409 30.9453 46.1643 69.5001 66.2321 170.4704 64.2237 79.685 84.4423 83.3468 65.4324 1.3697 8.4019 52.9297 41.4532 16.2668 21.0979 1.7537 828.5428 536.2355 536.2355 572.1231 81.7443 277.8227 168.4231 207.6466 228.7938 725.7836 185.759 233.8497 43.5717 37.8187 39.9449 104.9991 104.9783 733.3439;
	1.184 15.998 51.0979 37.7758 2.6561 16.8959 12.3991 2.572 15.1275 20.9211 38.6723 57.6915 86.8543 68.5569 141.427 53.2818 66.1089 70.0557 85.2766 53.2262 4.133 39.4238 70.7747 37.1868 14.6537 4.2765 1.5841 785.7187 546.287 546.287 616.0493 88.837 284.2554 137.0044 214.9351 233.0825 727.6124 192.0459 348.107 39.2509 75.3129 187.4321 112.2829 48.858 735.1917;
