function solarprofile = ex_solar_profilesh1
%EX_WIND_PROFILE_D  Example wind_load_nyiso profile data for deterministic unit commitment.
% 2022.03.12
% Andres F. Ramirez


%% define constants
[GEN_BUS, PG, QG, QMAX, QMIN, VG, MBASE, GEN_STATUS, PMAX, PMIN, ...
    MU_PMAX, MU_PMIN, MU_QMAX, MU_QMIN, PC1, PC2, QC1MIN, QC1MAX, ...
    QC2MIN, QC2MAX, RAMP_AGC, RAMP_10, RAMP_30, RAMP_Q, APF] = idx_gen;
[CT_LABEL, CT_PROB, CT_TABLE, CT_TBUS, CT_TGEN, CT_TBRCH, CT_TAREABUS, ...
    CT_TAREAGEN, CT_TAREABRCH, CT_ROW, CT_COL, CT_CHGTYPE, CT_REP, ...
    CT_REL, CT_ADD, CT_NEWVAL, CT_TLOAD, CT_TAREALOAD, CT_LOAD_ALL_PQ, ...
    CT_LOAD_FIX_PQ, CT_LOAD_DIS_PQ, CT_LOAD_ALL_P, CT_LOAD_FIX_P, ...
    CT_LOAD_DIS_P, CT_TGENCOST, CT_TAREAGENCOST, CT_MODCOST_F, ...
    CT_MODCOST_X] = idx_ct;

solarprofile = struct( ...
    'type', 'mpcData', ...
    'table', CT_TGEN, ...
    'rows', [1:12], ...
    'col', PMAX, ...
    'chgtype', 1, ...
    'values', [] );
solarprofile.values(:,1,:) = [
	0.0 0.0 0.0 0.0 0.0 0.0 0.0 0.0 0.0 0.0 0.0 0.0;
	0.0 0.0 0.0 0.0 0.0 0.0 0.0 0.0 0.0 0.0 0.0 0.0;
	0.0 0.0 0.0 0.0 0.0 0.0 0.0 0.0 0.0 0.0 0.0 0.0;
	0.0 0.0 0.0 0.0 0.0 0.0 0.0 0.0 0.0 0.0 0.0 0.0;
	0.0 0.0 0.0 0.0 0.0 0.0 0.0 0.0 0.0 0.0 0.0 0.0;
	0.1575 0.1621 0.24 0.0 0.0 0.0 0.0 0.0 0.0 0.0 0.0 0.0;
	2.6436 2.0891 1.4355 1.5027 0.0 200.7601 25.095 44.1756 106.9188 5.7484 21.6733 10.4104;
	12.358 10.8425 8.2471 1.5292 0.0 269.4965 33.6871 53.2017 112.8537 3.2559 1.1719 5.8964;
	20.1352 16.543 13.7298 2.4322 0.0 256.4066 32.0508 53.7858 126.1076 0.0 0.3516 0.0;
	20.522 15.6952 13.2015 3.8997 0.0297 156.2587 19.5323 50.9666 200.5344 9.4542 53.0794 17.1216;
	20.9455 15.2273 13.0497 4.5646 0.6353 185.9436 23.2429 54.3861 235.3211 25.0994 164.7464 45.4552;
	22.8588 15.9918 13.5028 3.634 1.1061 181.7614 22.7202 51.108 227.6753 34.0954 185.2741 61.7469;
	25.8343 16.5546 13.7855 4.3262 7.4182 294.249 36.7811 53.1111 237.2857 61.3494 221.1634 111.1041;
	22.9825 16.3881 13.7008 4.8945 8.3366 308.1119 38.514 44.1313 230.8717 57.3912 175.9583 103.9359;
	17.6915 15.009 11.2119 5.4385 8.6803 312.2067 39.0258 41.4193 233.8294 32.7824 91.1517 59.3691;
	9.8263 8.682 6.0854 7.5789 13.173 320.7521 40.094 46.0179 217.8214 32.5177 90.0953 58.8898;
	1.3837 1.2065 0.8562 1.6122 4.0682 67.0558 8.382 10.2982 37.3746 58.5123 37.7121 105.9662;
	0.0 0.0 0.0 0.0 0.0 0.0 0.0 0.0 0.0 0.0 0.0 0.0;
	0.0 0.0 0.0 0.0 0.0 0.0 0.0 0.0 0.0 0.0 0.0 0.0;
	0.0 0.0 0.0 0.0 0.0 0.0 0.0 0.0 0.0 0.0 0.0 0.0;
	0.0 0.0 0.0 0.0 0.0 0.0 0.0 0.0 0.0 0.0 0.0 0.0;
	0.0 0.0 0.0 0.0 0.0 0.0 0.0 0.0 0.0 0.0 0.0 0.0;
	0.0 0.0 0.0 0.0 0.0 0.0 0.0 0.0 0.0 0.0 0.0 0.0;
	0.0 0.0 0.0 0.0 0.0 0.0 0.0 0.0 0.0 0.0 0.0 0.0;
];
