function loadprofile = ex_load_profilesh1
%EX_LOAD_PROFILE  Example load profile data file for stochastic unit commitment.
% 2022.03.12
% Andres F. Ramirez

%% define constants
[CT_LABEL, CT_PROB, CT_TABLE, CT_TBUS, CT_TGEN, CT_TBRCH, CT_TAREABUS, ...
    CT_TAREAGEN, CT_TAREABRCH, CT_ROW, CT_COL, CT_CHGTYPE, CT_REP, ...
    CT_REL, CT_ADD, CT_NEWVAL, CT_TLOAD, CT_TAREALOAD, CT_LOAD_ALL_PQ, ...
    CT_LOAD_FIX_PQ, CT_LOAD_DIS_PQ, CT_LOAD_ALL_P, CT_LOAD_FIX_P, ...
    CT_LOAD_DIS_P, CT_TGENCOST, CT_TAREAGENCOST, CT_MODCOST_F, ...
    CT_MODCOST_X] = idx_ct;

loadprofile = struct( ...
    'type', 'mpcData', ...
    'table', CT_TAREALOAD, ...
    'rows', [1:11], ...
    'col', CT_LOAD_ALL_P, ...
    'chgtype', 1, ...
    'values', [] );
loadprofile.values(:,1,:) = [
	1596.0451 956.3922 1623.3577 582.4675 852.39 1147.3117 836.739 316.1493 492.4083 4102.8686 1682.6394;
	1588.7187 958.7483 1634.836 576.4 865.4647 1154.4489 849.8603 300.0915 481.8949 4160.3488 1707.0943;
	1586.0563 980.8 1677.9005 576.5 871.7573 1175.0101 870.8 314.9275 488.4725 4182.5766 1748.8878;
	1691.8151 1050.8649 1807.2037 603.5943 935.7768 1234.6222 923.5999 328.1575 520.9803 4591.5079 1856.5289;
	1817.1564 1171.2211 2016.4242 643.563 1034.876 1395.228 1019.2054 362.5525 607.8242 5148.1145 2120.8;
	1916.8221 1235.0655 2126.9234 656.5 1109.3036 1484.8249 1068.4617 389.1949 673.045 5716.0269 2295.6958;
	1938.4131 1246.6069 2140.4804 639.7 1112.2966 1494.648 1061.2003 383.3 686.458 5876.4356 2277.9339;
	1959.4726 1241.208 2125.1 637.3051 1084.7954 1477.9288 1001.5797 375.9192 641.6693 5877.2037 2172.6495;
	1925.6475 1223.1 2094.6221 619.7 1054.4926 1461.2 1004.4468 364.7 646.1337 5936.3161 2174.8281;
	1901.5465 1210.946 2081.366 602.8459 1059.7 1485.3526 892.5745 342.7163 608.4607 5857.1711 2132.3033;
	1890.5201 1199.5061 2075.0833 602.512 1017.5966 1435.0784 856.7653 331.8 613.1216 6209.622 2207.7303;
	1893.5442 1207.1309 2070.9112 603.6281 1037.1078 1477.448 965.8587 317.2 565.4439 6190.4678 2182.7791;
	1822.2 1169.1521 2030.1945 603.9 980.4524 1428.2558 971.7592 310.8081 616.5292 6224.8643 2146.2553;
	1823.1436 1156.4446 2001.9623 590.6797 956.4552 1430.1 919.8828 306.0012 586.7823 6101.5482 2146.5954;
	1831.3332 1175.7 1979.3329 589.5 970.7706 1417.5838 953.2179 332.2651 614.7145 6126.7977 2197.5367;
	1842.246 1190.592 2004.0115 603.6636 1024.7504 1481.6918 1003.8384 348.1 542.0539 6174.8092 2253.2208;
	1774.9698 1177.2664 1983.3644 610.3441 1034.168 1523.3342 1012.9643 398.3978 568.2283 5896.6112 2329.5973;
	1878.5012 1227.3909 2085.0187 612.4 1081.5358 1590.9883 1072.3933 414.1765 659.5433 5925.8174 2419.2925;
	1903.0 1243.8075 2079.1549 599.7652 1082.5144 1569.2877 1102.9872 402.7598 677.9819 6055.7788 2460.7058;
	1827.8978 1183.6419 2011.5187 604.5242 1043.1004 1496.9127 1051.1339 372.9466 599.661 5731.3088 2332.5552;
	1694.3094 1087.2649 1846.007 567.0 934.3827 1369.5707 974.0818 344.4586 566.1724 5236.9012 2089.5904;
	1607.7741 1011.1046 1711.9711 552.6927 880.4292 1257.7 882.5687 307.2547 522.8329 4625.3589 1870.2497;
	1547.1471 969.8509 1628.5999 564.964 859.3272 1193.2 821.5072 292.9981 501.5147 3463.6843 1711.9192;
	1535.6417 949.3426 1599.5118 585.6512 855.8302 1159.1002 810.3097 281.5761 460.8226 3168.4631 1608.8472;
];
