function loadprofile = ex_load_profilesh1
%EX_LOAD_PROFILE  Example load profile data file for stochastic unit commitment.
% 2022.03.12
% Andres F. Ramirez

%% define constants
[CT_LABEL, CT_PROB, CT_TABLE, CT_TBUS, CT_TGEN, CT_TBRCH, CT_TAREABUS, ...
    CT_TAREAGEN, CT_TAREABRCH, CT_ROW, CT_COL, CT_CHGTYPE, CT_REP, ...
    CT_REL, CT_ADD, CT_NEWVAL, CT_TLOAD, CT_TAREALOAD, CT_LOAD_ALL_PQ, ...
    CT_LOAD_FIX_PQ, CT_LOAD_DIS_PQ, CT_LOAD_ALL_P, CT_LOAD_FIX_P, ...
    CT_LOAD_DIS_P, CT_TGENCOST, CT_TAREAGENCOST, CT_MODCOST_F, ...
    CT_MODCOST_X] = idx_ct;

loadprofile = struct( ...
    'type', 'mpcData', ...
    'table', CT_TAREALOAD, ...
    'rows', [1:11], ...
    'col', CT_LOAD_ALL_P, ...
    'chgtype', 1, ...
    'values', [] );
loadprofile.values(:,1,:) = [
	1484.165 859.1525 1655.0847 536.763 852.1605 1164.5093 901.7 267.168 524.3586 4638.9586 1761.7543;
	1432.4057 906.2081 1662.0472 551.7527 843.6813 1165.5345 911.8136 278.803 533.5585 4608.0861 1768.0606;
	1469.4539 917.356 1696.8636 547.486 861.3475 1179.0008 913.455 267.2 518.0402 4568.5386 1752.5901;
	1545.1461 990.849 1794.2328 583.5703 888.8934 1237.6101 961.5 283.3238 551.4 4818.1646 1858.3;
	1687.713 1114.0876 2029.7483 634.9 1043.4 1397.2322 1066.9949 342.8163 622.3407 5388.7136 2118.0;
	1828.9751 1187.9128 2170.3684 642.5818 1117.2477 1489.4841 1155.2691 373.4834 685.4059 5979.1389 2292.5159;
	1874.9234 1202.3167 2172.3122 621.1 1151.5994 1502.5046 1168.1 376.4733 708.0 6426.8694 2306.6289;
	1836.0602 1159.5496 2144.1375 608.902 1156.9945 1512.1168 1178.078 367.8417 729.8 6607.3822 2301.8708;
	1815.7525 1190.602 2157.4166 600.0748 1168.8232 1524.9321 1158.2464 364.627 703.2 6712.7135 2274.9951;
	1794.2026 1199.3608 2117.1938 598.6319 1163.6134 1538.3016 1115.2169 359.8953 680.4051 6669.6 2184.8316;
	1802.8 1191.6355 2123.4913 591.6176 1151.245 1563.7507 1140.5146 358.0797 669.3543 6917.5268 2154.9875;
	1737.2845 1147.1856 2094.271 582.053 1126.0658 1526.8971 1088.2139 331.1622 660.4617 6754.9776 2026.7235;
	1628.6025 1110.7525 2029.1802 564.4739 1116.067 1468.7113 1050.3233 341.617 633.298 6676.6304 1989.1597;
	1535.4218 1123.9247 1999.7 566.6653 1114.6973 1510.4385 1044.2285 342.4131 644.5185 6700.6929 2099.7;
	1635.7538 1092.5338 1993.0419 568.1196 1124.8546 1485.6811 1058.8463 358.1322 663.4803 6647.823 2130.8908;
	1713.0634 1176.6374 2064.191 594.8 1125.6106 1578.469 1143.4739 375.9199 715.6597 6878.8922 2314.1036;
	1632.1518 1098.6922 2054.1 601.0039 1129.1473 1597.5647 1186.3706 388.5 718.5 6563.833 2395.018;
	1684.6222 1196.4791 2155.9618 615.743 1178.5779 1647.5414 1231.0025 396.6752 759.0635 6654.8967 2532.1825;
	1763.0653 1223.1535 2159.9493 616.0372 1191.4124 1641.794 1264.895 389.1175 771.9947 6771.8443 2566.8145;
	1686.9018 1134.9614 2060.8505 591.063 1106.9666 1543.8125 1241.0584 377.5491 723.6304 6467.7216 2434.8446;
	1610.5453 1020.9383 1906.2043 572.2607 1016.6958 1394.7733 1113.7009 331.9368 667.2875 5845.5383 2244.2;
	1560.598 982.3873 1792.1194 556.4908 923.1461 1305.7113 1050.2588 308.7725 626.4149 5460.2359 2083.6292;
	1571.1573 967.3353 1854.2651 567.2316 911.0155 1307.6458 1041.728 302.1 581.0298 5048.8691 1914.5182;
	1501.4854 930.3049 1792.5816 587.4629 930.4622 1238.1205 977.0 283.3999 560.1431 4792.7699 1805.0765;
];
