function loadprofile = ex_load_profilesh1
%EX_LOAD_PROFILE  Example load profile data file for stochastic unit commitment.
% 2022.03.12
% Andres F. Ramirez

%% define constants
[CT_LABEL, CT_PROB, CT_TABLE, CT_TBUS, CT_TGEN, CT_TBRCH, CT_TAREABUS, ...
    CT_TAREAGEN, CT_TAREABRCH, CT_ROW, CT_COL, CT_CHGTYPE, CT_REP, ...
    CT_REL, CT_ADD, CT_NEWVAL, CT_TLOAD, CT_TAREALOAD, CT_LOAD_ALL_PQ, ...
    CT_LOAD_FIX_PQ, CT_LOAD_DIS_PQ, CT_LOAD_ALL_P, CT_LOAD_FIX_P, ...
    CT_LOAD_DIS_P, CT_TGENCOST, CT_TAREAGENCOST, CT_MODCOST_F, ...
    CT_MODCOST_X] = idx_ct;

loadprofile = struct( ...
    'type', 'mpcData', ...
    'table', CT_TAREALOAD, ...
    'rows', [1:11], ...
    'col', CT_LOAD_ALL_P, ...
    'chgtype', 1, ...
    'values', [] );
loadprofile.values(:,1,:) = [
	1545.2659 969.1485 1655.8606 587.7 809.4546 1121.2008 862.1811 263.3 507.5704 4319.8822 1681.457;
	1525.8196 963.4675 1634.3373 573.5024 801.0269 1112.3 839.0116 266.6784 495.2 4237.1574 1693.4716;
	1542.4296 972.9216 1675.916 575.8588 810.4518 1168.2776 878.1938 275.7397 494.2968 4372.8303 1716.5;
	1618.5 1047.5 1768.0577 597.7 859.4 1228.0107 928.2657 286.3 545.9795 4606.1125 1828.6404;
	1784.7252 1169.4292 1969.2 629.9 946.6378 1378.8643 1037.1 343.5 631.4 5287.4 2093.6094;
	1875.0604 1254.7338 2095.9901 643.0 1010.1682 1449.7866 1085.4059 379.1 685.5 5760.6377 2238.7606;
	1906.2176 1304.4843 2151.5309 626.6 1063.0819 1455.1 1128.3 395.8321 694.1 6201.7812 2280.5979;
	1867.717 1286.898 2169.1567 627.1425 1118.7 1451.3984 1137.7774 389.4 693.4814 6489.3829 2284.633;
	1875.1784 1282.8505 2151.9 604.2 1075.685 1429.2997 1124.4331 353.7 707.3443 6463.1907 2257.9018;
	1876.8046 1291.9515 2103.9363 609.2941 1067.6118 1398.7232 1094.9647 353.0249 697.1717 6465.5182 2228.3445;
	1853.7511 1312.5895 2133.5941 594.3667 1086.4057 1414.8367 1038.8397 338.9089 686.6654 6436.1154 2029.7449;
	1859.606 1336.7542 2163.1941 589.3661 1073.2765 1446.2523 1023.1811 351.0848 683.6 6413.7742 2133.3806;
	1856.7138 1303.2228 2096.9106 596.4548 1050.0098 1439.772 983.2503 323.6975 667.6731 6160.2519 2070.3391;
	1864.3 1369.104 2252.2696 599.0 1065.5 1449.6374 1031.9116 335.5093 679.1658 6285.4618 2201.8458;
	1850.7086 1377.4334 2172.8168 609.8133 1080.1576 1461.1072 1073.3696 350.4699 701.5 6323.9496 2273.1505;
	1866.5523 1391.6315 2204.7522 608.1151 1070.4468 1477.463 1074.5738 345.6373 718.5368 6227.1918 2325.7517;
	1879.1623 1299.7103 2179.4703 606.5468 1093.7613 1490.4739 1111.1664 359.3 726.4476 6110.5022 2406.3731;
	1917.3144 1338.3481 2192.9666 627.385 1090.1984 1561.5 1158.681 386.7092 784.4305 6263.9948 2610.0567;
	1904.8279 1308.2052 2150.5547 635.454 1117.8731 1543.183 1178.9827 400.02 773.0231 6270.2817 2576.9997;
	1874.0625 1228.6228 2046.4787 610.7464 1059.3264 1496.1 1146.7354 378.4616 726.4203 6031.0821 2453.5817;
	1805.8708 1167.1903 1923.5237 600.9688 1001.9923 1384.9779 1093.4621 347.5 702.4159 5774.2704 2370.9294;
	1672.1496 1058.5529 1764.1 596.2528 889.5039 1245.0 985.6095 302.8163 628.5 5249.982 2028.3082;
	1589.5939 1029.6332 1717.0373 598.8291 884.9 1243.7691 970.7888 284.6463 590.8935 4999.5736 1903.1;
	1547.4027 999.9409 1679.559 595.9494 855.3223 1199.7833 922.6713 268.2845 554.3718 4670.816 1797.6;
];
