function loadprofile = ex_load_profilesh1
%EX_LOAD_PROFILE  Example load profile data file for stochastic unit commitment.
% 2022.03.12
% Andres F. Ramirez

%% define constants
[CT_LABEL, CT_PROB, CT_TABLE, CT_TBUS, CT_TGEN, CT_TBRCH, CT_TAREABUS, ...
    CT_TAREAGEN, CT_TAREABRCH, CT_ROW, CT_COL, CT_CHGTYPE, CT_REP, ...
    CT_REL, CT_ADD, CT_NEWVAL, CT_TLOAD, CT_TAREALOAD, CT_LOAD_ALL_PQ, ...
    CT_LOAD_FIX_PQ, CT_LOAD_DIS_PQ, CT_LOAD_ALL_P, CT_LOAD_FIX_P, ...
    CT_LOAD_DIS_P, CT_TGENCOST, CT_TAREAGENCOST, CT_MODCOST_F, ...
    CT_MODCOST_X] = idx_ct;

loadprofile = struct( ...
    'type', 'mpcData', ...
    'table', CT_TAREALOAD, ...
    'rows', [1:11], ...
    'col', CT_LOAD_ALL_P, ...
    'chgtype', 1, ...
    'values', [] );
loadprofile.values(:,1,:) = [
	1579.7 941.113 1575.4687 586.4522 755.6689 1173.3 897.7715 241.2115 489.4772 4466.55 1747.1202;
	1567.4019 956.365 1579.1813 585.9161 766.1731 1168.2239 903.3754 246.1 498.6394 4462.7246 1761.2789;
	1598.3141 990.3037 1636.982 586.9016 779.6629 1192.5504 916.8484 252.5 516.0067 4485.6 1765.4558;
	1662.4477 1047.5 1704.3121 611.1322 826.6251 1277.2914 954.994 272.2 546.0 4701.5285 1890.3222;
	1789.4962 1176.4894 1925.1617 629.9 968.0 1416.1981 1053.5 306.5 616.8594 5275.0948 2080.2784;
	1902.8661 1243.6623 2044.3942 644.5107 1002.1136 1491.0 1114.0549 347.4227 689.5885 5833.3656 2225.8;
	1890.7 1238.2 2069.3 660.7585 1008.9744 1495.1 1125.9596 339.6008 699.7 6225.0374 2248.718;
	1913.4355 1257.1257 2076.0475 648.5625 1040.3 1531.7 1154.4192 360.3593 697.0 6472.9 2283.7094;
	1924.7867 1250.2897 2113.2603 644.9 1034.3669 1565.2932 1154.0629 351.9004 704.7 6530.8901 2231.436;
	1884.5279 1226.0976 2043.6929 641.1508 1024.8104 1534.1 1144.3222 341.668 679.3 6459.9564 2193.7177;
	1879.6595 1226.3 2007.801 624.2957 1013.3713 1531.3599 1132.1554 350.2821 673.6235 6491.6896 2200.7351;
	1861.5803 1221.1327 1999.9045 623.8273 1004.633 1574.9838 1169.5145 353.6681 679.126 6536.579 2188.2458;
	1858.6703 1219.0 1995.1152 617.5529 972.9 1560.6186 1199.1021 353.1848 694.946 6587.2283 2261.2828;
	1773.0461 1214.3337 1955.1404 597.6 958.0313 1502.8259 1147.5347 337.0416 670.9328 6647.976 2326.4278;
	1794.9067 1214.7756 1957.6633 593.5 994.6313 1485.8033 1136.6474 363.8845 666.4277 6549.7835 2301.9145;
	1761.0966 1219.6 1986.5023 608.9247 1025.3267 1545.3636 1193.6249 372.7095 680.0314 6713.8665 2432.4205;
	1737.0205 1217.0726 1974.5807 627.129 1028.2482 1573.9059 1170.1096 371.8746 689.0174 6461.7741 2482.1673;
	1811.5909 1265.2 2040.1821 636.5761 1082.6243 1596.0865 1207.1074 390.5618 731.2718 6654.8495 2640.7779;
	1826.0815 1285.6142 2055.8808 632.4534 1063.6552 1533.3392 1218.2105 392.2 751.2662 6551.9788 2549.8012;
	1782.7012 1231.6799 1985.0 625.5451 996.4626 1470.4948 1170.7785 394.0137 711.1 6455.7361 2484.2038;
	1727.6621 1152.9 1851.2622 609.3 916.615 1350.1375 1081.4 350.3833 651.9 5829.8607 2250.4449;
	1643.2692 1057.9674 1741.175 605.5 870.7498 1264.7 988.9102 319.3292 592.7907 5403.3624 2032.0082;
	1583.247 988.1 1663.0831 587.4453 819.8252 1212.1578 919.7 277.9 557.5278 5080.6826 1893.542;
	1566.1805 982.3179 1677.6133 608.0519 843.6347 1232.4009 919.583 266.9 529.131 4929.1406 1894.4417;
];
