function windprofile = ex_wind_profilesh1
%EX_WIND_PROFILE_D  Example wind_load_nyiso profile data for deterministic unit commitment.
% 2022.03.12
% Andres F. Ramirez


%% define constants
[GEN_BUS, PG, QG, QMAX, QMIN, VG, MBASE, GEN_STATUS, PMAX, PMIN, ...
    MU_PMAX, MU_PMIN, MU_QMAX, MU_QMIN, PC1, PC2, QC1MIN, QC1MAX, ...
    QC2MIN, QC2MAX, RAMP_AGC, RAMP_10, RAMP_30, RAMP_Q, APF] = idx_gen;
[CT_LABEL, CT_PROB, CT_TABLE, CT_TBUS, CT_TGEN, CT_TBRCH, CT_TAREABUS, ...
    CT_TAREAGEN, CT_TAREABRCH, CT_ROW, CT_COL, CT_CHGTYPE, CT_REP, ...
    CT_REL, CT_ADD, CT_NEWVAL, CT_TLOAD, CT_TAREALOAD, CT_LOAD_ALL_PQ, ...
    CT_LOAD_FIX_PQ, CT_LOAD_DIS_PQ, CT_LOAD_ALL_P, CT_LOAD_FIX_P, ...
    CT_LOAD_DIS_P, CT_TGENCOST, CT_TAREAGENCOST, CT_MODCOST_F, ...
    CT_MODCOST_X] = idx_ct;

windprofile = struct( ...
    'type', 'mpcData', ...
    'table', CT_TGEN, ...
    'rows', [1:45], ...
    'col', PMAX, ...
    'chgtype', 1, ...
    'values', [] );
windprofile.values(:,1,:) = [
	3.5952 48.5789 88.5403 105.0687 14.7521 32.7494 24.1991 11.852 26.9501 29.0248 53.6519 80.0381 120.4969 65.2002 185.8021 69.9999 86.8517 92.0369 90.4552 71.2395 8.0664 76.4153 73.517 84.4499 95.507 66.3818 8.2684 1192.8581 775.8311 775.8311 752.5927 113.8812 301.5174 183.3706 204.4115 331.0213 1146.589 309.7821 447.2864 255.8224 112.8486 363.3 188.6682 234.9357 1158.5326;
	3.7561 50.7529 87.0818 104.4408 14.4506 32.5733 26.9982 11.4077 27.287 26.8679 49.6649 74.0903 111.5425 63.8271 186.0959 70.1105 86.989 92.1824 91.4651 69.2731 8.9994 76.0043 70.8247 84.2853 97.509 63.6276 7.5857 1169.9608 804.5472 804.5472 775.1703 110.6388 304.8838 178.3091 200.1065 343.2735 1208.6655 288.5433 458.1838 261.1849 114.5366 361.3462 201.8434 233.2409 1221.2557;
	3.7811 51.0912 87.9523 93.7685 14.3561 32.8428 25.7731 10.1443 27.5923 27.4833 50.8024 75.7872 114.0973 65.0874 191.6319 72.1962 89.5768 94.9246 92.665 69.3309 8.591 76.6332 69.4153 85.2635 87.9839 62.5168 8.5637 1185.394 815.8345 815.8345 770.4461 114.4182 308.8834 178.4578 204.0576 348.0894 1185.4944 283.8326 469.9272 235.6711 113.5512 364.3362 194.5024 247.3878 1197.8433;
	3.571 48.252 83.9486 93.5306 14.2384 32.3064 20.2131 8.7179 25.9581 27.9831 51.7263 77.1655 116.1722 62.709 186.869 70.4018 87.3504 92.5653 91.1196 68.1507 6.7377 75.3816 70.6347 82.3808 81.3041 48.678 6.8854 1200.0397 829.0262 829.0262 764.8167 114.87 303.7321 175.42 196.6012 353.7178 1209.6519 273.3138 435.6373 217.7789 98.6728 358.3855 186.8389 219.9871 1222.2524;
	3.5668 48.1957 81.8903 76.4951 14.1312 32.2376 17.3331 8.155 22.0454 27.1844 50.25 74.9631 112.8565 63.5226 174.0129 65.5583 81.3409 86.1971 92.484 66.1947 5.7777 75.2211 69.3929 83.5549 70.5758 47.2862 6.9115 1161.7434 812.1734 812.1734 758.282 106.1993 308.2799 170.3854 199.152 346.5273 1141.746 255.4624 393.4811 189.0424 100.6178 357.6224 193.5423 192.8206 1153.6392;
	3.5795 48.3675 82.4564 77.2622 14.2683 30.8757 16.3823 6.7936 24.1096 28.5257 52.7293 78.6617 118.4248 62.1342 163.1906 61.4811 76.2821 80.8363 87.7853 59.8795 5.4608 72.0432 68.8144 83.1893 59.2857 34.4743 5.6851 1142.394 744.9651 744.9651 669.0783 96.3762 292.6176 154.1301 194.799 317.8518 1128.564 229.0828 374.9236 158.801 92.8637 342.5141 185.6257 164.9885 1140.3198;
	3.1854 43.0418 73.9141 61.1153 14.1156 28.3661 13.6007 5.5579 15.8891 26.9557 49.8272 74.3323 111.9069 59.5773 179.5776 67.6548 83.9421 88.9536 90.3335 66.4368 4.5336 66.1876 63.6024 79.1099 53.3381 26.1772 4.6622 1146.9733 685.5757 685.5757 525.9143 62.9397 301.1115 171.0086 186.7829 292.5123 1100.414 195.7329 277.3717 142.87 80.0125 314.6747 156.0357 125.0836 1111.8767;
	3.5242 47.6193 72.7113 70.5445 14.4859 29.2355 14.9949 5.0589 13.9857 23.0998 42.6996 63.6995 95.8992 63.7759 184.432 69.4837 86.2112 91.3582 91.2325 66.1135 4.9983 68.2163 56.0481 83.0263 62.6035 16.3369 3.5773 1143.7835 709.2141 709.2141 603.7817 67.2301 304.1083 170.1763 199.946 302.598 1111.2617 204.0342 245.2753 167.6879 81.6712 324.3197 150.9429 132.8025 1122.8374;
	2.9809 40.278 63.405 68.0858 15.0881 26.4555 15.1443 3.7834 20.2219 20.3763 37.6654 56.1893 84.5927 68.3527 180.8506 68.1344 84.5372 89.5841 89.8615 65.5797 5.0481 61.7295 46.9498 84.7659 63.4472 11.9784 2.5131 1177.9124 779.4993 779.4993 708.8067 88.8053 299.5383 168.8022 214.2949 332.5864 1129.9881 223.6623 237.4311 169.9477 59.2413 293.4797 151.8399 152.0581 1141.7588;
	2.6374 35.6376 49.3965 60.7546 15.0417 20.5387 18.7081 1.4833 21.3669 16.5316 30.5584 45.5871 68.6311 66.2895 171.9026 64.7633 80.3545 85.1518 87.8115 66.7886 6.236 47.9236 30.9013 70.4005 35.697 3.4178 1.0097 1026.6058 766.1588 766.1588 736.7705 113.3659 292.7051 171.914 207.8266 326.8944 1140.7702 235.5325 352.0549 95.617 45.899 227.8424 140.6949 112.359 1152.6532;
	1.905 25.7407 34.9757 41.6711 14.1221 14.4661 17.7042 0.4598 18.7489 9.0465 16.7224 24.9465 37.5568 59.2185 154.1749 58.0845 72.0678 76.3703 83.1505 67.0185 5.9014 33.7543 21.085 54.72 21.6899 0.3568 0.6332 1066.7836 756.7706 756.7706 733.5405 108.0172 277.1683 172.5057 185.658 322.8888 1074.0185 233.813 357.1086 58.0979 32.1269 160.4775 92.8932 73.2075 1085.2061;
	1.3061 17.6484 30.5967 28.3943 10.3416 11.3721 19.5516 0.7751 17.791 14.4155 26.6469 39.7519 59.8462 62.5386 166.976 62.9072 78.0516 82.7114 84.7618 67.491 6.5172 26.535 33.4896 42.6045 20.4259 5.0684 0.7156 966.1338 715.8875 715.8875 691.4329 103.7173 282.5394 173.7221 196.0669 305.4453 997.173 209.2955 371.7351 54.7123 28.6697 126.1548 64.7828 56.0481 1007.5602;
	0.8701 11.7563 26.4748 25.1512 9.4366 8.8809 18.0484 1.7577 15.6163 10.974 20.2854 30.2618 45.5589 61.7483 166.7271 62.8135 77.9352 82.5881 82.3811 67.2555 6.0161 20.7221 14.7104 38.6061 20.9742 9.5402 2.4014 924.2178 720.8383 720.8383 667.3396 94.3702 274.6038 173.1159 193.5892 307.5577 994.2061 211.3224 399.3707 56.181 26.3908 98.5189 50.6647 34.2168 1004.5624;
	0.715 9.6618 23.2477 31.206 8.2469 9.0056 12.9312 2.2769 12.1518 15.9743 29.5282 44.0503 66.3174 64.1583 165.5886 62.3845 77.403 82.0241 66.9233 67.8348 4.3104 21.0131 27.7302 40.0511 24.4828 11.6371 3.6736 877.4486 690.1376 690.1376 698.3294 86.5817 223.0777 174.6069 201.1449 294.4587 874.1558 205.6602 354.5144 65.5789 22.3333 99.9024 39.3674 38.891 883.2616;
	0.8759 11.8353 23.9315 22.7169 6.6349 9.1061 11.2203 2.1448 12.0591 17.006 31.4353 46.8952 70.6005 64.7754 159.1369 59.9539 74.3873 78.8283 74.3931 66.5088 3.7401 21.2477 48.5867 49.7695 25.8477 8.8198 3.7477 764.9851 646.5179 646.5179 613.8386 73.6425 247.9771 171.1938 203.0796 275.8476 779.234 193.3316 319.2876 69.2348 28.4713 101.0175 38.6153 50.9374 787.3511;
	0.9433 12.7457 17.1768 28.9244 7.1095 3.1395 5.2717 1.5569 8.1641 17.6755 32.6728 48.7414 73.3799 66.1737 174.2208 65.6367 81.4381 86.3001 81.1094 69.0849 1.7572 7.3255 55.8477 45.9822 24.3779 6.3577 2.6277 839.4761 547.9877 547.9877 542.3507 76.2685 270.3645 177.8247 207.4635 233.8081 650.6766 194.924 217.782 65.2978 26.4834 34.8274 22.3231 20.0409 657.4545;
	0.5239 7.0785 4.6994 10.369 6.361 2.3439 3.3312 1.7632 8.6344 19.8053 36.6098 54.6146 82.2219 66.3812 159.0836 59.9338 74.3623 78.8019 82.0045 59.3044 1.1104 5.4691 54.2171 41.3577 14.7376 24.902 1.8573 743.6231 516.6579 516.6579 564.6053 72.6096 273.3484 152.6498 208.114 220.4407 728.4128 185.8522 193.9939 39.4756 32.3037 26.0018 4.8522 2.4435 736.0005;
	1.0067 13.6031 14.6773 9.4774 2.6562 3.957 0.0077 4.5669 0.0718 22.123 40.8941 61.0059 91.844 66.0981 129.8026 48.9024 60.6752 64.2976 85.0043 54.4238 0.0026 9.2329 67.3548 37.7105 16.7333 4.6965 1.9776 768.005 540.4561 540.4561 577.1052 85.8439 283.3477 140.0869 207.2264 230.5946 760.4771 193.9361 295.6138 44.8213 76.6204 43.8959 2.0766 10.5363 768.3987;
	0.3234 4.3701 24.8147 39.4694 0.2604 0.0 0.0 5.7489 0.0 24.567 45.4118 67.7455 101.9905 65.2135 99.9329 37.6491 46.7128 49.5016 7.1356 61.9195 0.0 0.0 69.9495 46.965 24.79 11.8009 2.8692 737.4779 459.9582 459.9582 545.3416 71.8602 23.7854 159.3809 204.4533 196.2488 609.3744 177.163 279.6476 66.4019 94.6072 0.0 0.0006 8.3363 615.722;
