function loadprofile = ex_load_profilesh1
%EX_LOAD_PROFILE  Example load profile data file for stochastic unit commitment.
% 2022.03.12
% Andres F. Ramirez

%% define constants
[CT_LABEL, CT_PROB, CT_TABLE, CT_TBUS, CT_TGEN, CT_TBRCH, CT_TAREABUS, ...
    CT_TAREAGEN, CT_TAREABRCH, CT_ROW, CT_COL, CT_CHGTYPE, CT_REP, ...
    CT_REL, CT_ADD, CT_NEWVAL, CT_TLOAD, CT_TAREALOAD, CT_LOAD_ALL_PQ, ...
    CT_LOAD_FIX_PQ, CT_LOAD_DIS_PQ, CT_LOAD_ALL_P, CT_LOAD_FIX_P, ...
    CT_LOAD_DIS_P, CT_TGENCOST, CT_TAREAGENCOST, CT_MODCOST_F, ...
    CT_MODCOST_X] = idx_ct;

loadprofile = struct( ...
    'type', 'mpcData', ...
    'table', CT_TAREALOAD, ...
    'rows', [1:11], ...
    'col', CT_LOAD_ALL_P, ...
    'chgtype', 1, ...
    'values', [] );
loadprofile.values(:,1,:) = [
	1500.8843 923.8833 1647.0951 583.3 863.0187 1137.5442 843.3255 241.8981 489.6099 4384.8335 1624.0664;
	1478.4185 943.1724 1666.9516 574.7832 870.9549 1160.2471 865.6 245.9974 498.868 4396.9885 1644.1979;
	1510.9 948.2264 1690.2242 598.4778 858.9427 1172.3688 866.7083 232.6427 499.2 4398.4406 1659.0454;
	1595.326 1032.7 1811.641 605.2 958.8079 1270.905 943.6678 267.2295 546.0221 4648.7873 1781.1;
	1764.9671 1162.8421 2012.7732 633.0716 1053.5083 1394.6683 1028.0545 276.7813 605.1504 5244.8 1910.4836;
	1829.6203 1209.8533 2098.1084 651.5642 1094.9953 1501.8303 1105.9377 313.2623 666.382 5820.1884 2050.2664;
	1841.421 1248.7325 2086.806 647.8791 1095.9982 1490.865 1114.2279 345.9554 693.9012 6125.7521 2030.4411;
	1850.8635 1230.404 2096.9 638.3773 1087.4244 1470.2988 1096.5958 337.1755 684.272 6369.0404 1958.7762;
	1902.9084 1211.5912 2046.0883 628.3444 1084.1773 1482.0293 1135.8135 348.7806 715.7 6444.0732 2059.1232;
	1896.6227 1198.0926 2026.7688 605.8832 1034.4934 1473.3852 1111.5625 344.2196 694.5243 6464.4894 2038.3895;
	1835.1911 1157.8354 1983.2175 603.6 983.3922 1459.9249 1056.1918 330.3863 671.5188 6412.8568 1963.0386;
	1807.0878 1092.944 1906.8053 605.9 958.6569 1405.6843 1020.4841 324.6287 669.951 6338.0226 1956.1063;
	1733.1683 1022.5169 1901.201 591.0739 929.5698 1431.5583 1009.7082 324.6 647.1231 6247.7739 1908.3868;
	1764.0943 1031.4332 1891.4972 587.0 926.8025 1353.3696 999.2224 322.6084 621.446 6151.4704 1736.3751;
	1790.5 1074.9 1889.7055 581.4526 985.4277 1400.3831 1019.6897 331.1401 587.6681 5928.0161 1839.579;
	1783.9 1111.6294 1879.3028 583.2 983.041 1461.2036 1003.0568 335.279 633.0827 6044.0553 1928.28;
	1784.8263 1176.4079 1979.783 590.3104 1026.6 1508.2432 1088.629 347.2558 670.7606 6123.6423 2003.8959;
	1851.7954 1188.4725 2058.4602 601.8727 1081.4665 1567.3 1131.8981 363.4598 711.2561 6021.525 1968.5905;
	1835.7118 1208.1028 2057.9 604.8 1055.2 1526.4093 1121.7504 356.8021 693.3963 5928.533 1965.7382;
	1796.8121 1159.8206 1982.3863 578.1 1007.3728 1444.0345 1096.651 333.6202 664.3646 5719.0794 2123.6806;
	1673.6824 1094.4974 1873.8 563.091 954.8 1359.2482 1019.9765 295.766 582.4972 5418.5551 1879.4924;
	1546.648 1006.8 1724.7 546.7 892.0 1265.7211 967.2938 275.0243 542.8454 5161.8482 1734.3933;
	1507.5 964.2506 1691.8797 589.115 896.9834 1218.9282 967.503 259.1858 553.6196 4722.7963 1657.1871;
	1501.2324 926.5919 1666.5608 584.6038 867.0734 1182.2023 912.5 240.5505 521.9478 4388.1102 1444.3781;
];
