function loadprofile = ex_load_profilesh1
%EX_LOAD_PROFILE  Example load profile data file for stochastic unit commitment.
% 2022.03.12
% Andres F. Ramirez

%% define constants
[CT_LABEL, CT_PROB, CT_TABLE, CT_TBUS, CT_TGEN, CT_TBRCH, CT_TAREABUS, ...
    CT_TAREAGEN, CT_TAREABRCH, CT_ROW, CT_COL, CT_CHGTYPE, CT_REP, ...
    CT_REL, CT_ADD, CT_NEWVAL, CT_TLOAD, CT_TAREALOAD, CT_LOAD_ALL_PQ, ...
    CT_LOAD_FIX_PQ, CT_LOAD_DIS_PQ, CT_LOAD_ALL_P, CT_LOAD_FIX_P, ...
    CT_LOAD_DIS_P, CT_TGENCOST, CT_TAREAGENCOST, CT_MODCOST_F, ...
    CT_MODCOST_X] = idx_ct;

loadprofile = struct( ...
    'type', 'mpcData', ...
    'table', CT_TAREALOAD, ...
    'rows', [1:11], ...
    'col', CT_LOAD_ALL_P, ...
    'chgtype', 1, ...
    'values', [] );
loadprofile.values(:,1,:) = [
	1500.0868 965.745 1655.5381 548.0 822.5 1106.4469 886.6138 258.8123 521.671 4276.7612 1696.7731;
	1500.8948 965.6 1628.6442 544.6451 798.1443 1100.4808 883.0954 261.9364 515.6014 4285.0265 1701.7;
	1533.0156 980.7 1668.7315 553.0962 827.1547 1111.0961 898.1696 270.8856 536.3989 4327.8065 1744.4339;
	1608.2893 1047.5 1750.9925 575.3672 862.9 1173.7609 945.765 290.2 580.2106 4663.0657 1879.2653;
	1761.6119 1154.8315 1919.0612 603.6 992.4866 1357.4 1058.5 347.1647 648.1841 5246.5244 2161.8786;
	1905.9594 1244.6487 2086.1 640.3 1077.4923 1424.7826 1105.1853 374.3609 709.5844 5780.7186 2291.7105;
	1925.166 1264.89 2115.1 630.7895 1075.7086 1455.1 1132.2685 365.0021 725.1189 6245.9804 2304.4696;
	1931.3362 1279.8 2135.706 634.7 1108.361 1435.6737 1111.4 365.0 728.5154 6421.833 2294.6195;
	1904.8 1272.6356 2137.9111 628.4 1078.8317 1380.0865 1057.8101 360.8 713.1549 6128.1436 2172.5907;
	1896.6383 1266.2446 2165.482 611.3504 1083.9401 1349.6639 1064.5231 375.6952 718.3107 6376.8614 2250.1527;
	1857.5804 1227.7641 2114.942 608.7924 1057.3982 1253.2991 978.1853 339.4436 654.5514 5957.526 2006.3721;
	1861.3637 1240.7097 2110.5903 600.6 1046.2242 1248.3241 963.3423 336.7718 650.3607 6026.0513 2011.3957;
	1828.6019 1198.0 2056.185 602.3561 1019.0398 1180.6484 941.6953 333.0 639.1704 6035.2794 1978.7694;
	1879.6023 1196.1 2036.7857 586.0332 1012.4738 1191.3558 985.8351 322.6267 640.6424 6009.5569 1987.9752;
	1872.1319 1212.4105 2028.6654 606.8759 1053.8956 1270.3255 1045.4248 354.245 669.4674 6357.8 2120.4466;
	1855.6792 1234.3681 2097.3941 594.8353 1062.3236 1288.4918 1075.5 350.3675 669.7791 6308.0436 2231.0411;
	1895.4645 1271.241 2121.2992 610.2722 1078.5757 1395.8292 1116.0 372.1663 683.0818 6259.2573 2345.2;
	1914.634 1303.635 2208.2203 625.0523 1093.5823 1444.4732 1166.7515 397.8006 734.2 6365.1864 2493.2;
	1909.6 1305.0307 2195.3982 638.4913 1108.3969 1437.4171 1181.4289 391.3632 724.0257 6326.5924 2469.9915;
	1857.5711 1228.1906 2079.8969 625.1336 1051.0 1392.7015 1126.5001 384.275 678.114 6138.985 2361.3557;
	1799.8829 1166.9 1991.6917 602.4659 990.9178 1311.9 1068.0308 354.7707 635.3501 5849.5146 2247.6204;
	1693.4295 1099.5914 1846.024 584.0 944.0756 1233.4878 997.5515 325.986 585.1114 5580.0757 2038.1389;
	1622.8865 1034.6197 1748.0937 587.8 903.9477 1189.5156 945.6961 285.0 559.8318 5327.6682 1903.8569;
	1603.2599 998.7 1677.1482 599.7201 892.2245 1196.0555 946.268 257.4297 547.6 5072.8497 1850.0019;
];
