function windprofile = ex_wind_profilesh1
%EX_WIND_PROFILE_D  Example wind_load_nyiso profile data for deterministic unit commitment.
% 2022.03.12
% Andres F. Ramirez


%% define constants
[GEN_BUS, PG, QG, QMAX, QMIN, VG, MBASE, GEN_STATUS, PMAX, PMIN, ...
    MU_PMAX, MU_PMIN, MU_QMAX, MU_QMIN, PC1, PC2, QC1MIN, QC1MAX, ...
    QC2MIN, QC2MAX, RAMP_AGC, RAMP_10, RAMP_30, RAMP_Q, APF] = idx_gen;
[CT_LABEL, CT_PROB, CT_TABLE, CT_TBUS, CT_TGEN, CT_TBRCH, CT_TAREABUS, ...
    CT_TAREAGEN, CT_TAREABRCH, CT_ROW, CT_COL, CT_CHGTYPE, CT_REP, ...
    CT_REL, CT_ADD, CT_NEWVAL, CT_TLOAD, CT_TAREALOAD, CT_LOAD_ALL_PQ, ...
    CT_LOAD_FIX_PQ, CT_LOAD_DIS_PQ, CT_LOAD_ALL_P, CT_LOAD_FIX_P, ...
    CT_LOAD_DIS_P, CT_TGENCOST, CT_TAREAGENCOST, CT_MODCOST_F, ...
    CT_MODCOST_X] = idx_ct;

windprofile = struct( ...
    'type', 'mpcData', ...
    'table', CT_TGEN, ...
    'rows', [1:45], ...
    'col', PMAX, ...
    'chgtype', 1, ...
    'values', [] );
windprofile.values(:,1,:) = [
	3.7193 50.2559 87.176 105.3585 15.3649 33.3554 29.311 12.2665 27.4831 28.7064 53.0633 79.16 119.1749 67.3948 200.0297 75.36 93.5023 99.0845 90.6745 72.2885 9.7703 77.8292 70.9432 86.4073 92.8369 63.4973 9.5735 1174.8831 805.6792 805.6792 756.8783 114.0486 302.2483 186.0707 211.2919 343.7565 1158.014 267.4545 456.1842 248.6704 115.4642 370.0225 197.9935 212.0915 1170.0767;
	3.7294 50.392 86.2044 106.1661 15.1618 32.6686 27.6529 11.8686 27.4071 26.0285 48.1133 71.7755 108.0577 64.6567 198.3038 74.7098 92.6955 98.2295 87.9595 69.4955 9.2176 76.2267 70.4138 85.3697 92.5326 61.9214 8.2809 1161.6038 775.3346 775.3346 752.4694 112.895 293.1984 178.8815 202.7074 330.8094 1172.4483 251.8323 452.7248 247.8553 117.2817 362.4037 196.0046 211.1246 1184.6613;
	3.6901 49.8615 87.7106 95.654 15.159 32.6826 24.5072 10.2416 27.1708 26.7846 49.511 73.8606 111.1968 64.0574 194.2971 73.2003 90.8226 96.2448 89.8186 69.8773 8.1691 76.2594 68.392 87.5853 79.951 58.7493 8.8863 1173.6498 766.6485 766.6485 742.9465 113.2177 299.3952 179.8644 200.8286 327.1034 1137.7847 250.5519 447.8269 214.1543 114.6177 362.5588 178.8524 225.2139 1149.6366;
	3.3696 45.5302 81.7722 93.1397 13.9917 30.5946 20.8615 9.066 25.9731 26.8771 49.6819 74.1156 111.5806 63.058 190.2985 71.6939 88.9535 94.2641 91.9114 70.0428 6.9538 71.3875 67.4484 82.6716 67.3332 48.7071 7.4364 1137.8556 758.5401 758.5401 718.495 110.8368 306.3714 180.2902 197.6953 323.6438 1146.3817 247.0454 405.5809 180.3567 106.9947 339.3965 171.0942 186.9394 1158.3231;
	3.3519 45.292 79.8788 79.0777 13.9866 30.7021 17.8599 8.8395 22.2041 26.7891 49.5192 73.8728 111.2152 63.8783 190.3322 71.7066 88.9692 94.2808 92.2305 72.84 5.9533 71.6382 70.4647 85.8259 63.4057 47.2807 7.5794 1150.3722 733.1031 733.1031 685.0259 108.257 307.435 187.4904 200.267 312.7907 1114.682 239.893 349.6851 169.8367 107.8011 340.5887 186.1469 195.1969 1126.2933;
	3.4083 46.0541 76.7584 66.0049 13.9678 28.5988 16.6215 6.5928 23.735 27.8426 51.4666 76.7781 115.589 61.6807 191.3014 72.0717 89.4223 94.7609 92.3065 72.7126 5.5405 66.7306 68.818 81.4708 45.5817 36.1836 5.8939 1138.6726 718.5234 718.5234 658.438 98.5742 307.6883 187.1625 193.3772 306.57 1158.166 220.0154 317.9271 122.0939 95.803 317.2562 183.4144 162.0874 1170.2302;
	3.111 42.036 69.2194 59.2639 14.2717 27.1879 14.2051 5.6613 17.6818 27.5809 50.9828 76.0563 114.5024 65.8601 188.972 71.1941 88.3334 93.6071 92.6421 72.0849 4.735 63.4385 67.4388 80.9996 41.613 25.3618 4.9048 1188.9431 693.6669 693.6669 570.448 67.589 308.8071 185.5466 206.4803 295.9646 1119.9267 207.4984 227.2171 111.4634 82.0037 301.6047 153.4749 128.2054 1131.5926;
	3.5467 47.9233 70.3883 66.9182 14.8732 28.8984 14.67 5.4462 15.258 24.0147 44.3908 66.2224 99.6975 66.0923 187.5929 70.6746 87.6888 92.9239 92.5076 68.8189 4.89 67.4296 49.4715 82.9557 55.2702 18.8891 3.6389 1155.7564 691.1155 691.1155 619.4927 63.3705 308.3586 177.1401 207.2083 294.876 1067.7086 202.9315 212.4633 148.0452 81.2655 320.5798 148.6279 134.9659 1078.8306;
	2.9943 40.4602 61.7599 62.4259 14.6046 25.1073 15.5923 4.0497 20.9961 20.9595 38.7433 57.7974 87.0137 64.9207 178.4838 67.2427 83.4308 88.4118 90.3941 66.4483 5.1974 58.5837 37.0916 84.1553 55.2629 13.4168 2.6238 1200.6871 784.3448 784.3448 733.7287 92.9248 301.3136 171.038 203.5353 334.6538 1108.5792 237.1703 215.1302 148.0257 58.1942 278.5235 146.6246 157.2228 1120.1269;
	2.6419 35.6985 50.9235 55.5953 14.1593 18.7875 19.7517 2.3243 21.9016 18.5292 34.251 51.0957 76.9243 63.5182 172.8183 65.1083 80.7825 85.6054 89.4215 66.2144 6.5839 43.8375 35.3615 73.0943 31.87 7.2094 1.1424 1117.4367 798.795 798.795 738.9224 111.2299 298.0716 170.4361 199.1381 340.8192 1149.3036 227.8773 332.533 85.3661 43.0715 208.4158 133.2167 118.29 1161.2755;
	2.1369 28.8742 38.6534 41.0981 13.7744 13.2916 18.1138 1.5074 18.8569 15.1791 28.0584 41.8576 63.0164 59.7811 186.6536 70.3207 87.2497 92.4587 91.0233 70.0884 6.0379 31.0138 32.511 55.9215 21.3306 4.8035 3.2713 1172.7511 833.5304 833.5304 786.9577 114.2418 303.4109 180.4077 187.4218 355.6396 1161.9242 245.7987 338.1671 57.1356 33.2711 147.4487 94.3482 90.0287 1174.0275;
	1.6559 22.3745 30.3214 24.6035 10.1819 10.169 19.6069 1.6099 16.3488 13.0359 24.0966 35.9474 54.1187 58.2862 176.2898 66.4162 82.4052 87.325 87.673 64.5822 6.5356 23.7278 28.6298 41.5516 18.6911 6.6002 3.1735 1091.5863 760.3277 760.3277 760.5089 112.929 292.2434 166.2347 182.735 324.4065 1097.6741 227.132 352.9426 50.0654 28.0761 112.8086 73.961 77.0754 1109.1082;
	1.0242 13.8388 26.8871 23.4953 8.8611 7.25 16.9845 2.2644 11.78 12.4951 23.097 34.4561 51.8735 36.7253 181.1729 68.2558 84.6878 89.7438 87.0357 66.5716 5.6615 16.9168 22.5247 40.8498 20.0156 9.7499 2.5129 1050.1663 771.0114 771.0114 729.2559 106.4902 290.1189 171.3555 115.1389 328.9649 1082.6101 233.3271 364.4003 53.6132 23.251 80.4271 52.6298 51.6936 1093.8873;
	0.8543 11.5432 27.5705 30.9274 7.953 8.4319 11.3682 3.1029 9.3847 14.3839 26.5884 39.6647 59.715 37.4421 177.8196 66.9925 83.1203 88.0827 83.9807 65.5814 3.7894 19.6745 26.8835 44.4474 23.7314 11.1697 3.9435 1001.8562 704.4677 704.4677 694.4532 98.1716 279.9356 168.8068 117.386 300.5729 887.7181 223.8454 384.1892 63.5663 29.7958 93.5381 40.8316 61.7232 896.9651;
	0.8307 11.2252 23.8472 0.0355 6.3596 7.6351 9.3635 2.5648 0.6178 7.9168 14.634 21.8311 32.8666 36.0091 166.7193 62.8105 77.9316 82.5842 71.2113 67.9826 3.1212 17.8152 36.6838 51.2347 24.0104 7.3469 3.734 943.8143 662.9594 662.9594 639.1923 86.3106 237.3709 174.9875 112.8933 282.8627 815.9222 199.9679 292.9342 64.3135 25.7543 84.6984 34.0808 52.8947 824.4214;
	0.9185 12.4109 19.1863 27.8427 7.1462 0.655 4.8448 1.7432 0.0 12.3832 22.8902 34.1476 51.4091 45.4211 161.3455 60.786 75.4196 79.9223 77.4731 67.5778 1.6149 1.5283 45.7347 42.2781 22.2178 4.7355 2.4645 890.503 578.7129 578.7129 580.8746 83.062 258.2438 173.9455 142.4012 246.9175 648.9715 187.3796 198.8716 59.5118 24.79 7.2662 0.6294 19.9109 655.7316;
	0.5474 7.3959 36.0845 2.8735 6.4551 1.0723 2.0231 3.92 0.2555 9.1407 16.8965 25.2062 37.9479 43.2475 152.1964 57.3391 71.143 75.3903 76.4244 62.707 0.6744 2.502 35.0185 40.5357 15.4848 9.7412 1.8948 809.3801 552.3605 552.3605 564.3506 78.7733 254.748 161.4081 135.5866 235.6738 734.3691 177.7157 167.3496 41.4772 35.2526 11.8951 6.7878 30.9557 742.0188;
	1.2032 16.258 41.295 7.8525 3.4372 3.5924 0.0 2.0724 0.0 15.1595 28.022 41.8034 62.9347 58.1959 115.3712 43.4654 53.9293 57.149 76.2456 52.563 0.0 8.3823 57.0932 42.6109 16.298 2.463 1.7546 720.9358 551.3498 551.3498 618.9097 86.4559 254.1519 135.2972 182.4521 235.2426 728.5436 195.7128 280.5296 43.6554 80.4393 39.8519 5.1703 45.2411 736.1326;
	0.4609 6.2274 26.6239 39.3677 1.1055 0.0127 0.0 2.2011 0.0 14.4806 26.7671 39.9313 60.1163 45.8776 108.7356 40.9655 50.8276 53.862 3.7288 62.202 0.0 0.0296 52.5539 53.5286 22.5089 6.0606 2.1235 767.8286 493.4247 493.4247 604.3726 84.9102 12.4294 160.1082 143.8324 210.5279 690.6018 188.6659 202.671 60.2918 79.9303 0.1407 0.0 0.4447 697.7955;
