function solarprofile = ex_solar_profilesh1
%EX_WIND_PROFILE_D  Example wind_load_nyiso profile data for deterministic unit commitment.
% 2022.03.12
% Andres F. Ramirez


%% define constants
[GEN_BUS, PG, QG, QMAX, QMIN, VG, MBASE, GEN_STATUS, PMAX, PMIN, ...
    MU_PMAX, MU_PMIN, MU_QMAX, MU_QMIN, PC1, PC2, QC1MIN, QC1MAX, ...
    QC2MIN, QC2MAX, RAMP_AGC, RAMP_10, RAMP_30, RAMP_Q, APF] = idx_gen;
[CT_LABEL, CT_PROB, CT_TABLE, CT_TBUS, CT_TGEN, CT_TBRCH, CT_TAREABUS, ...
    CT_TAREAGEN, CT_TAREABRCH, CT_ROW, CT_COL, CT_CHGTYPE, CT_REP, ...
    CT_REL, CT_ADD, CT_NEWVAL, CT_TLOAD, CT_TAREALOAD, CT_LOAD_ALL_PQ, ...
    CT_LOAD_FIX_PQ, CT_LOAD_DIS_PQ, CT_LOAD_ALL_P, CT_LOAD_FIX_P, ...
    CT_LOAD_DIS_P, CT_TGENCOST, CT_TAREAGENCOST, CT_MODCOST_F, ...
    CT_MODCOST_X] = idx_ct;

solarprofile = struct( ...
    'type', 'mpcData', ...
    'table', CT_TGEN, ...
    'rows', [1:12], ...
    'col', PMAX, ...
    'chgtype', 1, ...
    'values', [] );
solarprofile.values(:,1,:) = [
	0.0 0.0 0.0 0.0 0.0 0.0 0.0 0.0 0.0 0.0 0.0 0.0;
	0.0 0.0 0.0 0.0 0.0 0.0 0.0 0.0 0.0 0.0 0.0 0.0;
	0.0 0.0 0.0 0.0 0.0 0.0 0.0 0.0 0.0 0.0 0.0 0.0;
	0.0 0.0 0.0 0.0 0.0 0.0 0.0 0.0 0.0 0.0 0.0 0.0;
	0.0 0.0 0.0 0.0 0.0 0.0 0.0 0.0 0.0 0.0 0.0 0.0;
	0.1575 0.1621 0.24 0.0 0.0 0.0 0.0 0.0 0.0 0.0 0.0 0.0;
	12.1353 10.8322 8.1084 6.851 7.3371 270.9695 33.8712 12.683 82.3074 34.7148 24.3025 62.8688;
	20.5187 14.9229 12.0496 10.401 8.6901 290.9067 36.3633 23.8449 108.039 103.8056 58.9232 187.9925;
	23.8854 16.6083 13.8 11.2174 8.644 316.6673 39.5834 31.8361 115.7944 205.6274 109.2398 372.3925;
	26.6351 16.4752 13.7624 11.8744 5.6511 348.7977 43.5997 32.9109 144.7049 337.7121 201.7621 611.5987;
	26.8181 16.6092 13.7859 12.0329 5.5961 395.5762 49.447 37.8065 176.0077 323.5465 206.1569 585.9447;
	26.4746 16.6156 13.7863 12.0061 5.0123 396.436 49.5545 39.677 187.6288 262.9646 192.0332 476.2305;
	25.8686 16.5858 13.7855 10.9481 8.4052 391.4031 48.9254 56.3626 218.5824 337.6334 233.5717 611.4561;
	23.1008 16.3982 13.7008 9.4067 6.796 370.2407 46.2801 56.0501 200.9378 335.5055 210.1364 607.6024;
	18.4592 15.0815 12.7637 6.5984 4.9215 332.5314 41.5664 50.6852 163.6203 276.4705 166.6105 500.6898;
	9.2735 7.2125 6.0607 4.6513 7.9375 209.4817 26.1852 29.5367 74.1982 104.6406 109.9612 189.5048;
	0.8962 0.7379 0.5133 1.5094 3.4321 58.226 7.2783 9.9004 34.9853 57.8452 37.1622 104.7581;
	0.0 0.0 0.0 0.0 0.0 0.0 0.0 0.0 0.0 0.0 0.0 0.0;
	0.0 0.0 0.0 0.0 0.0 0.0 0.0 0.0 0.0 0.0 0.0 0.0;
	0.0 0.0 0.0 0.0 0.0 0.0 0.0 0.0 0.0 0.0 0.0 0.0;
	0.0 0.0 0.0 0.0 0.0 0.0 0.0 0.0 0.0 0.0 0.0 0.0;
	0.0 0.0 0.0 0.0 0.0 0.0 0.0 0.0 0.0 0.0 0.0 0.0;
	0.0 0.0 0.0 0.0 0.0 0.0 0.0 0.0 0.0 0.0 0.0 0.0;
	0.0 0.0 0.0 0.0 0.0 0.0 0.0 0.0 0.0 0.0 0.0 0.0;
];
