function solarprofile = ex_solar_profilesh1
%EX_WIND_PROFILE_D  Example wind_load_nyiso profile data for deterministic unit commitment.
% 2022.03.12
% Andres F. Ramirez


%% define constants
[GEN_BUS, PG, QG, QMAX, QMIN, VG, MBASE, GEN_STATUS, PMAX, PMIN, ...
    MU_PMAX, MU_PMIN, MU_QMAX, MU_QMIN, PC1, PC2, QC1MIN, QC1MAX, ...
    QC2MIN, QC2MAX, RAMP_AGC, RAMP_10, RAMP_30, RAMP_Q, APF] = idx_gen;
[CT_LABEL, CT_PROB, CT_TABLE, CT_TBUS, CT_TGEN, CT_TBRCH, CT_TAREABUS, ...
    CT_TAREAGEN, CT_TAREABRCH, CT_ROW, CT_COL, CT_CHGTYPE, CT_REP, ...
    CT_REL, CT_ADD, CT_NEWVAL, CT_TLOAD, CT_TAREALOAD, CT_LOAD_ALL_PQ, ...
    CT_LOAD_FIX_PQ, CT_LOAD_DIS_PQ, CT_LOAD_ALL_P, CT_LOAD_FIX_P, ...
    CT_LOAD_DIS_P, CT_TGENCOST, CT_TAREAGENCOST, CT_MODCOST_F, ...
    CT_MODCOST_X] = idx_ct;

solarprofile = struct( ...
    'type', 'mpcData', ...
    'table', CT_TGEN, ...
    'rows', [1:12], ...
    'col', PMAX, ...
    'chgtype', 1, ...
    'values', [] );
solarprofile.values(:,1,:) = [
	0.0 0.0 0.0 0.0 0.0 0.0 0.0 0.0 0.0 0.0 0.0 0.0;
	0.0 0.0 0.0 0.0 0.0 0.0 0.0 0.0 0.0 0.0 0.0 0.0;
	0.0 0.0 0.0 0.0 0.0 0.0 0.0 0.0 0.0 0.0 0.0 0.0;
	0.0 0.0 0.0 0.0 0.0 0.0 0.0 0.0 0.0 0.0 0.0 0.0;
	0.0 0.0 0.0 0.0 0.0 0.0 0.0 0.0 0.0 0.0 0.0 0.0;
	0.1575 0.1642 0.2424 0.0 0.0 0.0 0.0 0.0 0.0175 0.0 0.0 0.0;
	5.0668 6.5559 4.9238 3.5086 4.5683 186.7575 23.3447 27.7073 189.3534 273.243 28.6391 494.8448;
	20.5068 15.4029 13.3875 7.4091 6.5263 284.7828 35.5978 31.1636 188.2296 313.0013 177.9589 566.8472;
	25.1917 16.7199 14.1216 9.4495 7.6991 312.4949 39.0619 23.0949 176.1971 320.1368 217.4007 579.7698;
	25.7593 16.474 13.7635 8.7776 8.2143 230.9962 28.8745 3.6903 170.8629 340.1495 237.7635 616.0129;
	23.6165 16.5326 13.6264 8.4277 7.5525 215.0983 26.8873 3.3608 170.708 337.2085 239.3694 610.6867;
	22.2339 16.5331 13.2209 8.0128 6.6948 206.3444 25.793 3.4492 162.3736 337.1136 231.4501 610.5148;
	26.1877 16.5767 13.8466 10.0249 9.7002 360.2571 45.0321 19.4843 204.3386 350.0328 254.9177 633.9116;
	25.6508 16.5981 14.092 9.6457 9.2763 376.6263 47.0783 29.4919 207.5764 347.1734 243.5875 628.7331;
	23.6469 16.4533 13.718 7.8285 8.4393 376.1319 47.0165 37.5981 229.9758 343.9616 229.1031 622.9166;
	9.6621 11.2895 6.6319 6.6441 10.7816 385.7268 48.2159 44.5024 273.1326 269.9625 202.8001 488.9038;
	0.9949 1.1034 0.5918 1.586 3.42 81.1937 10.1492 12.3125 51.4607 63.8034 39.4344 115.5484;
	0.0 0.0 0.0 0.0 0.0 0.0 0.0 0.0 0.0 0.0 0.0 0.0;
	0.0 0.0 0.0 0.0 0.0 0.0 0.0 0.0 0.0 0.0 0.0 0.0;
	0.0 0.0 0.0 0.0 0.0 0.0 0.0 0.0 0.0 0.0 0.0 0.0;
	0.0 0.0 0.0 0.0 0.0 0.0 0.0 0.0 0.0 0.0 0.0 0.0;
	0.0 0.0 0.0 0.0 0.0 0.0 0.0 0.0 0.0 0.0 0.0 0.0;
	0.0 0.0 0.0 0.0 0.0 0.0 0.0 0.0 0.0 0.0 0.0 0.0;
	0.0 0.0 0.0 0.0 0.0 0.0 0.0 0.0 0.0 0.0 0.0 0.0;
];
