function solarprofile = ex_solar_profilesh1
%EX_WIND_PROFILE_D  Example wind_load_nyiso profile data for deterministic unit commitment.
% 2022.03.12
% Andres F. Ramirez


%% define constants
[GEN_BUS, PG, QG, QMAX, QMIN, VG, MBASE, GEN_STATUS, PMAX, PMIN, ...
    MU_PMAX, MU_PMIN, MU_QMAX, MU_QMIN, PC1, PC2, QC1MIN, QC1MAX, ...
    QC2MIN, QC2MAX, RAMP_AGC, RAMP_10, RAMP_30, RAMP_Q, APF] = idx_gen;
[CT_LABEL, CT_PROB, CT_TABLE, CT_TBUS, CT_TGEN, CT_TBRCH, CT_TAREABUS, ...
    CT_TAREAGEN, CT_TAREABRCH, CT_ROW, CT_COL, CT_CHGTYPE, CT_REP, ...
    CT_REL, CT_ADD, CT_NEWVAL, CT_TLOAD, CT_TAREALOAD, CT_LOAD_ALL_PQ, ...
    CT_LOAD_FIX_PQ, CT_LOAD_DIS_PQ, CT_LOAD_ALL_P, CT_LOAD_FIX_P, ...
    CT_LOAD_DIS_P, CT_TGENCOST, CT_TAREAGENCOST, CT_MODCOST_F, ...
    CT_MODCOST_X] = idx_ct;

solarprofile = struct( ...
    'type', 'mpcData', ...
    'table', CT_TGEN, ...
    'rows', [1:12], ...
    'col', PMAX, ...
    'chgtype', 1, ...
    'values', [] );
solarprofile.values(:,1,:) = [
	0.0 0.0 0.0 0.0 0.0 0.0 0.0 0.0 0.0 0.0 0.0 0.0;
	0.0 0.0 0.0 0.0 0.0 0.0 0.0 0.0 0.0 0.0 0.0 0.0;
	0.0 0.0 0.0 0.0 0.0 0.0 0.0 0.0 0.0 0.0 0.0 0.0;
	0.0 0.0 0.0 0.0 0.0 0.0 0.0 0.0 0.0 0.0 0.0 0.0;
	0.0 0.0 0.0 0.0 0.0 0.0 0.0 0.0 0.0 0.0 0.0 0.0;
	0.1575 0.1621 0.24 0.0 0.0 0.0 0.0 0.0 0.0 0.0 0.0 0.0;
	8.2755 6.8812 4.6029 0.7923 2.8469 170.9242 21.3655 23.2106 74.8015 35.9706 22.1577 65.143;
	10.0172 12.5437 6.7928 2.3646 0.9801 322.6894 40.3362 38.0358 182.4832 47.7967 68.4129 86.5601;
	15.5797 16.591 12.884 5.3937 0.8087 336.1678 42.021 45.9242 198.5254 112.8025 146.5866 204.286;
	25.6813 16.4798 13.7624 6.9415 3.6656 197.2671 24.6584 48.6214 136.6059 250.9805 229.2112 454.5272;
	25.9535 16.5326 13.7859 6.9089 5.0353 247.839 30.9799 49.3489 124.0432 306.0209 224.5849 554.2056;
	25.8843 16.5331 13.5555 6.6003 5.421 290.3253 36.2907 48.3366 141.2896 320.9476 223.9066 581.238;
	25.6221 16.4373 13.2186 9.5537 10.7652 402.7554 50.3444 61.6577 227.8597 347.7527 271.6264 629.7822;
	22.7646 16.3881 13.6434 8.8386 11.2285 389.596 48.6995 62.2189 230.032 345.1706 274.2748 625.106;
	17.9285 14.1265 11.401 6.8595 12.0181 348.6714 43.5839 60.291 209.5229 334.0997 264.7338 605.0565;
	9.2998 7.6988 6.0784 6.6045 14.5017 287.0349 35.8794 53.9633 175.3625 239.6802 256.586 434.0624;
	0.8962 0.7396 0.5133 1.6757 4.3824 85.1927 10.6491 11.6991 48.4593 65.5996 40.8656 118.8012;
	0.0 0.0 0.0 0.0 0.0 0.0 0.0 0.0 0.0 0.0 0.0 0.0;
	0.0 0.0 0.0 0.0 0.0 0.0 0.0 0.0 0.0 0.0 0.0 0.0;
	0.0 0.0 0.0 0.0 0.0 0.0 0.0 0.0 0.0 0.0 0.0 0.0;
	0.0 0.0 0.0 0.0 0.0 0.0 0.0 0.0 0.0 0.0 0.0 0.0;
	0.0 0.0 0.0 0.0 0.0 0.0 0.0 0.0 0.0 0.0 0.0 0.0;
	0.0 0.0 0.0 0.0 0.0 0.0 0.0 0.0 0.0 0.0 0.0 0.0;
	0.0 0.0 0.0 0.0 0.0 0.0 0.0 0.0 0.0 0.0 0.0 0.0;
];
