function loadprofile = ex_load_profilesh1
%EX_LOAD_PROFILE  Example load profile data file for stochastic unit commitment.
% 2022.03.12
% Andres F. Ramirez

%% define constants
[CT_LABEL, CT_PROB, CT_TABLE, CT_TBUS, CT_TGEN, CT_TBRCH, CT_TAREABUS, ...
    CT_TAREAGEN, CT_TAREABRCH, CT_ROW, CT_COL, CT_CHGTYPE, CT_REP, ...
    CT_REL, CT_ADD, CT_NEWVAL, CT_TLOAD, CT_TAREALOAD, CT_LOAD_ALL_PQ, ...
    CT_LOAD_FIX_PQ, CT_LOAD_DIS_PQ, CT_LOAD_ALL_P, CT_LOAD_FIX_P, ...
    CT_LOAD_DIS_P, CT_TGENCOST, CT_TAREAGENCOST, CT_MODCOST_F, ...
    CT_MODCOST_X] = idx_ct;

loadprofile = struct( ...
    'type', 'mpcData', ...
    'table', CT_TAREALOAD, ...
    'rows', [1:11], ...
    'col', CT_LOAD_ALL_P, ...
    'chgtype', 1, ...
    'values', [] );
loadprofile.values(:,1,:) = [
	1474.0 955.5 1596.8235 493.3557 720.4363 1133.9183 889.0861 259.7661 537.2643 4423.9189 1756.7408;
	1452.7673 938.2738 1582.9951 485.9016 721.0643 1120.9887 862.6483 251.4 517.5618 4306.5086 1722.0;
	1476.811 965.3271 1631.2 513.376 741.7301 1133.1578 868.9733 254.3235 516.3667 4253.9944 1742.7451;
	1585.7439 1037.371 1743.954 557.2863 797.5467 1207.2 929.74 278.6478 568.1675 4541.493 1877.8001;
	1716.2495 1147.6677 1924.4329 578.1428 922.7853 1367.1753 1027.9077 334.7925 636.9152 5255.1599 2128.4415;
	1842.1309 1226.6 2075.8 591.8115 1046.7072 1478.6896 1126.4463 364.5633 705.5426 5740.5718 2298.4191;
	1878.5 1238.7 2042.1 596.8 996.9 1453.4324 1109.8 375.2002 705.4312 5920.4697 2250.9;
	1865.253 1205.211 2045.3534 593.2917 991.9987 1388.3186 1059.1119 366.9 703.7087 6240.4846 2248.9;
	1925.6 1235.1 2098.7 594.9663 997.7884 1381.166 1047.8166 373.6586 713.954 6455.9257 2274.9856;
	1931.946 1238.8545 2108.6 603.6536 1047.7416 1380.7918 1060.7819 371.7345 706.1 6557.6612 2329.6053;
	1919.3498 1224.6926 2078.1293 600.4385 1057.8006 1347.8023 1056.0658 372.1952 714.009 6559.2986 2335.1492;
	1922.4176 1209.8658 2065.2985 589.0234 1028.9 1365.9305 1103.2177 352.6055 711.3419 6437.3606 2257.0131;
	1857.3169 1160.0616 2015.6252 570.7439 1006.4 1310.9377 1077.8352 353.6866 676.4814 6359.4695 2193.9121;
	1850.1191 1167.4887 2030.1833 575.3 1011.1 1361.9453 1115.3687 357.9785 671.1 6443.7 2265.3179;
	1812.4229 1154.5831 2016.2453 582.3817 1007.8 1340.552 1112.9372 366.1221 682.4229 6488.7023 2333.5745;
	1827.5475 1192.2646 2074.9996 579.3876 1057.8 1426.0 1162.5 382.2967 724.3 6506.5 2482.1731;
	1841.618 1215.7532 2080.7744 608.6374 1108.0 1506.4423 1240.6212 389.0 806.6129 6440.6211 2670.7717;
	1913.7185 1276.7586 2164.4 632.8189 1149.3128 1551.5776 1287.5725 418.4 803.7278 6439.0785 2670.4;
	1886.2812 1265.8691 2122.7122 632.9289 1099.6276 1510.6745 1235.733 406.3 786.496 6406.1 2581.0111;
	1858.5 1217.9356 2012.2331 612.8601 1011.327 1439.3715 1174.9026 394.0019 735.2816 6070.6136 2412.2427;
	1762.1919 1148.8201 1919.7933 583.5242 963.422 1355.488 1093.447 352.0196 706.7693 5762.4899 2212.5468;
	1651.9977 1072.5398 1780.7205 557.539 903.5779 1237.9559 983.8 324.2425 608.5856 5345.6786 2003.1178;
	1567.7545 1036.7534 1702.1257 577.0 785.4703 1187.8469 950.7695 282.2544 554.7 4962.4116 1915.1709;
	1547.5557 979.2186 1652.5047 563.9752 778.9048 1188.7 929.1617 283.2461 543.0 4740.3928 1873.8712;
];
