function loadprofile = ex_load_profilesh1
%EX_LOAD_PROFILE  Example load profile data file for stochastic unit commitment.
% 2022.03.12
% Andres F. Ramirez

%% define constants
[CT_LABEL, CT_PROB, CT_TABLE, CT_TBUS, CT_TGEN, CT_TBRCH, CT_TAREABUS, ...
    CT_TAREAGEN, CT_TAREABRCH, CT_ROW, CT_COL, CT_CHGTYPE, CT_REP, ...
    CT_REL, CT_ADD, CT_NEWVAL, CT_TLOAD, CT_TAREALOAD, CT_LOAD_ALL_PQ, ...
    CT_LOAD_FIX_PQ, CT_LOAD_DIS_PQ, CT_LOAD_ALL_P, CT_LOAD_FIX_P, ...
    CT_LOAD_DIS_P, CT_TGENCOST, CT_TAREAGENCOST, CT_MODCOST_F, ...
    CT_MODCOST_X] = idx_ct;

loadprofile = struct( ...
    'type', 'mpcData', ...
    'table', CT_TAREALOAD, ...
    'rows', [1:11], ...
    'col', CT_LOAD_ALL_P, ...
    'chgtype', 1, ...
    'values', [] );
loadprofile.values(:,1,:) = [
	1548.6041 953.3 1686.5574 572.2 834.3423 1130.8 893.4829 238.6 512.9407 4379.1957 1635.1024;
	1554.9909 958.146 1668.042 568.0 839.9965 1149.6323 904.4807 231.5248 510.2 4316.8554 1670.5434;
	1578.5165 971.9234 1689.8666 574.6 846.4135 1134.1386 902.1215 221.9602 506.9488 4180.7477 1630.2447;
	1662.2078 1050.6144 1780.4022 586.0428 909.2213 1227.9297 969.3612 258.7735 556.1968 4591.3373 1823.5778;
	1816.0 1164.8301 1970.5412 625.1743 1031.3883 1367.9 1052.7748 306.4789 622.9498 4910.796 1985.6108;
	1888.7742 1203.0578 2058.8 631.2527 1072.3061 1414.7444 1088.2494 340.8275 679.5318 5163.1752 2070.1332;
	1962.0601 1232.9169 2101.1925 640.5726 1075.8226 1432.831 1108.6787 344.3 695.2 4934.9564 2154.5364;
	1948.6803 1200.9898 2055.1783 620.8447 1053.9044 1410.1583 1119.1123 349.3964 709.9167 5754.4874 2129.7526;
	1933.8768 1202.7285 2071.6925 608.854 1033.8069 1344.1853 1079.735 340.4626 695.6407 5584.9566 2000.3974;
	1936.3 1185.5123 2030.5 595.9034 997.3981 1323.8687 1060.2989 330.1 685.5 5580.0536 2005.1934;
	1919.9805 1189.4599 2058.5724 590.0735 1001.0204 1380.2573 1136.4485 344.5235 690.391 6136.2774 2052.7156;
	1933.4378 1161.3216 2060.2359 576.1075 1005.6643 1309.6913 1103.6082 351.9 687.7604 6257.7052 2024.4883;
	1878.167 1153.1106 2055.1925 591.6 1002.9121 1305.3157 1103.7006 354.6034 689.9753 6317.0443 2038.2159;
	1836.8 1134.1529 2027.8206 586.8415 997.0466 1364.4 1142.397 352.5876 710.0945 6360.7652 2153.8257;
	1861.2407 1107.8412 2020.4409 590.8165 997.9 1394.3339 1097.7619 340.4677 726.9102 6303.0183 2160.4;
	1873.8111 1140.6354 2019.5304 594.8855 1037.3668 1470.3629 1152.6083 364.4 738.5777 6407.3355 2250.225;
	1907.4324 1182.3716 2092.3437 608.0851 1056.4956 1513.7272 1184.5407 359.2 775.6064 6344.3926 2382.0;
	2022.0873 1231.1576 2207.3859 613.0 1125.188 1565.1 1264.6149 384.5 788.4244 6376.7079 2489.0386;
	2033.1137 1244.2694 2204.3822 598.8829 1120.494 1546.8296 1233.0425 403.6 786.8155 6304.9888 2506.1165;
	1936.5 1190.2641 2114.0636 596.6842 1071.8681 1482.4329 1188.2314 397.8969 744.8066 6078.119 2382.7846;
	1803.5 1079.52 1970.1374 580.4154 966.1115 1369.8761 1103.7066 359.4 697.7735 5687.3 2165.6758;
	1697.8115 1039.0541 1812.8935 574.942 922.5593 1288.0886 1062.0978 332.136 649.6734 5290.5707 1996.5938;
	1617.2544 982.7808 1697.0076 582.1649 889.2 1226.2457 1019.933 316.7317 600.681 4954.6942 1894.2037;
	1545.1909 933.7002 1672.3971 566.842 846.7244 1208.8382 990.6799 297.4146 577.1 4708.4078 1782.201;
];
