function loadprofile = ex_load_profilesh1
%EX_LOAD_PROFILE  Example load profile data file for stochastic unit commitment.
% 2022.03.12
% Andres F. Ramirez

%% define constants
[CT_LABEL, CT_PROB, CT_TABLE, CT_TBUS, CT_TGEN, CT_TBRCH, CT_TAREABUS, ...
    CT_TAREAGEN, CT_TAREABRCH, CT_ROW, CT_COL, CT_CHGTYPE, CT_REP, ...
    CT_REL, CT_ADD, CT_NEWVAL, CT_TLOAD, CT_TAREALOAD, CT_LOAD_ALL_PQ, ...
    CT_LOAD_FIX_PQ, CT_LOAD_DIS_PQ, CT_LOAD_ALL_P, CT_LOAD_FIX_P, ...
    CT_LOAD_DIS_P, CT_TGENCOST, CT_TAREAGENCOST, CT_MODCOST_F, ...
    CT_MODCOST_X] = idx_ct;

loadprofile = struct( ...
    'type', 'mpcData', ...
    'table', CT_TAREALOAD, ...
    'rows', [1:11], ...
    'col', CT_LOAD_ALL_P, ...
    'chgtype', 1, ...
    'values', [] );
loadprofile.values(:,1,:) = [
	1550.7301 962.6 1649.1243 554.1664 847.5544 1137.8778 907.2517 315.93 517.1 4551.4865 1712.3201;
	1521.608 963.1114 1637.2347 558.5 834.7 1131.2059 895.5 300.5774 509.5606 4498.4025 1713.2265;
	1574.5269 996.4835 1678.2719 565.4019 831.6 1155.1975 911.7153 290.1334 514.6808 4464.3272 1731.8324;
	1612.5 1053.8138 1780.9957 590.5325 877.4451 1211.0484 928.3855 305.0 539.3786 4666.8239 1832.9367;
	1767.5249 1185.7566 2015.1577 627.3058 1004.1688 1361.8305 1045.3636 367.0765 610.6 5281.1752 2085.6037;
	1879.1662 1253.1483 2100.5369 632.2142 1031.479 1421.1358 1065.2607 374.1 672.4338 5804.7129 2218.9048;
	1896.611 1252.3186 2140.9427 618.4318 1046.8488 1440.4696 1124.2 386.0696 688.59 6170.5649 2273.7729;
	1878.6986 1243.4 2106.9039 595.9319 1029.2273 1392.9247 1105.478 380.387 687.3199 6384.3078 2218.7;
	1887.8293 1265.1529 2137.7097 600.3647 1047.9 1416.8779 1129.6359 385.8888 715.0 6514.3679 2283.457;
	1835.7627 1255.4972 2092.6635 601.4869 1055.1225 1364.0616 1094.0949 374.983 690.6477 6488.2883 2177.6116;
	1790.0567 1244.7 2062.0715 597.8436 1016.0501 1305.9616 1033.4548 348.123 678.2701 6424.4571 2114.8526;
	1790.4632 1225.8881 2090.3415 575.854 997.5394 1301.9257 1026.3996 356.6 659.2049 6428.6919 2100.4555;
	1797.1191 1196.255 2031.6304 583.5318 992.6535 1257.4997 1020.2431 347.3557 654.77 6392.264 2097.0824;
	1823.4146 1201.6832 1991.9932 586.1834 977.4914 1276.7705 1025.3048 353.8237 643.1557 6346.1546 2147.952;
	1834.9116 1208.998 2020.7433 592.1738 980.7306 1328.5283 1040.3624 354.6626 663.5 6290.3141 2201.1235;
	1802.0793 1191.0149 2039.8089 582.4883 990.9697 1362.8377 1067.4937 358.1036 659.7338 6303.3226 2295.0198;
	1816.8414 1210.5 2047.5534 595.7871 997.8583 1394.8761 1142.5294 396.8502 664.7922 6325.1209 2391.7028;
	1870.5 1265.4047 2118.0 611.0175 1045.9749 1492.7968 1196.0 416.3447 698.392 6360.5867 2551.3186;
	1874.5794 1280.0677 2110.509 610.7 1022.4208 1450.7916 1189.2 402.6522 690.5472 6290.849 2527.7033;
	1834.7068 1199.4606 2031.9 599.8048 960.2482 1377.9204 1173.08 394.8838 668.9746 6106.7707 2468.4811;
	1735.6106 1089.31 1873.853 569.3012 868.7483 1268.8023 1059.1654 345.2827 598.3205 5724.5027 2263.2066;
	1614.1382 1009.2298 1745.3287 556.5179 819.3171 1191.8099 990.7901 300.2982 539.7101 5320.6096 2064.2417;
	1512.7284 979.8978 1706.9 555.2 814.4246 1160.9147 981.5 315.6561 529.3539 5085.3511 1986.8934;
	1502.4418 959.4269 1707.9724 565.2716 845.6337 1145.8 949.3102 306.5887 505.6787 4848.1625 1855.8746;
];
