function windprofile = ex_wind_profilesh1
%EX_WIND_PROFILE_D  Example wind_load_nyiso profile data for deterministic unit commitment.
% 2022.03.12
% Andres F. Ramirez


%% define constants
[GEN_BUS, PG, QG, QMAX, QMIN, VG, MBASE, GEN_STATUS, PMAX, PMIN, ...
    MU_PMAX, MU_PMIN, MU_QMAX, MU_QMIN, PC1, PC2, QC1MIN, QC1MAX, ...
    QC2MIN, QC2MAX, RAMP_AGC, RAMP_10, RAMP_30, RAMP_Q, APF] = idx_gen;
[CT_LABEL, CT_PROB, CT_TABLE, CT_TBUS, CT_TGEN, CT_TBRCH, CT_TAREABUS, ...
    CT_TAREAGEN, CT_TAREABRCH, CT_ROW, CT_COL, CT_CHGTYPE, CT_REP, ...
    CT_REL, CT_ADD, CT_NEWVAL, CT_TLOAD, CT_TAREALOAD, CT_LOAD_ALL_PQ, ...
    CT_LOAD_FIX_PQ, CT_LOAD_DIS_PQ, CT_LOAD_ALL_P, CT_LOAD_FIX_P, ...
    CT_LOAD_DIS_P, CT_TGENCOST, CT_TAREAGENCOST, CT_MODCOST_F, ...
    CT_MODCOST_X] = idx_ct;

windprofile = struct( ...
    'type', 'mpcData', ...
    'table', CT_TGEN, ...
    'rows', [1:45], ...
    'col', PMAX, ...
    'chgtype', 1, ...
    'values', [] );
windprofile.values(:,1,:) = [
	3.6419 49.2097 89.2515 104.7341 14.3089 30.6869 29.026 11.8626 27.4806 27.62 51.0552 76.1643 114.665 63.4982 158.4011 59.6767 74.0433 78.4638 84.7991 66.045 9.6753 71.6027 68.9755 83.7282 94.5497 61.6484 8.0831 1079.6946 696.7638 696.7638 686.0318 109.5533 282.6636 169.9999 199.0754 297.2859 962.0847 302.5191 452.1189 253.258 119.8643 340.4199 165.5608 238.3347 972.1064;
	3.693 49.9001 86.8867 100.8964 14.2145 31.6119 28.562 10.6092 27.6942 26.8515 49.6345 74.045 111.4743 63.9146 177.08 66.7139 82.7746 87.7164 85.3167 63.8166 9.5207 73.7612 69.7869 79.2359 89.2316 59.3393 7.071 1149.7821 716.4309 716.4309 666.068 107.5348 284.389 164.264 200.3808 305.6772 1073.5992 282.1721 456.1832 239.0132 121.9095 350.6818 197.0727 244.4319 1084.7826;
	3.8232 51.6602 91.4968 97.5554 14.8967 32.3531 26.6028 11.4953 27.8698 27.7875 51.3648 76.6262 115.3603 64.9047 170.5 64.2349 79.6988 84.457 85.5927 65.6943 8.8676 75.4906 68.824 85.5054 87.8477 63.7765 8.8352 1158.4168 748.2222 748.2222 636.2917 106.9916 285.3089 169.0973 203.4849 319.2415 1071.5456 274.8148 466.5823 235.3063 123.1651 358.9038 186.9298 263.4546 1082.7076;
	3.7924 51.2438 89.8083 97.0587 15.0193 32.2903 23.3542 12.3997 27.0971 26.9695 49.8527 74.3704 111.9643 59.5705 178.3868 67.2062 83.3855 88.3637 87.9654 63.3846 7.7847 75.344 66.1718 85.9875 86.2639 61.2 8.659 1131.4482 739.116 739.116 598.2856 104.4116 293.218 163.1521 186.7615 315.3561 1077.5888 259.0632 450.7028 231.0639 120.4003 358.2067 194.184 255.7743 1088.8137;
	3.7382 50.5113 86.6136 83.6202 15.2643 31.8964 19.7345 10.0597 23.7209 26.5331 49.046 73.167 110.1526 60.2206 165.44 62.3286 77.3336 81.9505 85.0386 66.9563 6.5782 74.425 66.2484 87.2958 76.9106 57.0895 8.1315 1187.7735 739.7915 739.7915 595.3468 94.9849 283.4619 172.3457 188.7998 315.6444 1079.6503 253.7289 386.5511 206.0105 120.1299 353.8377 205.8174 233.3149 1090.8967;
	3.8607 52.167 85.3334 80.0098 15.3343 32.8649 17.5483 7.686 25.4504 27.7539 51.3027 76.5335 115.2208 58.6515 167.9319 63.2674 78.4984 83.1849 84.4486 66.5141 5.8494 76.6847 68.9447 86.6604 62.2717 41.5356 6.4421 1151.9668 712.6695 712.6695 561.5605 84.7016 281.4954 171.2074 183.8803 304.0723 1076.4147 220.6337 340.0622 166.7992 108.6911 364.5809 201.1509 202.6197 1087.6273;
	3.6722 49.6199 75.5688 67.6839 15.4107 31.4659 15.8613 6.4513 20.2824 28.0429 51.837 77.3305 116.4207 65.5009 178.8176 67.3685 83.5868 88.5771 84.9923 67.7547 5.2871 73.4204 69.74 83.7888 53.3481 29.9883 5.0655 1158.9446 684.2517 684.2517 492.5354 54.2504 283.3076 174.4008 205.3542 291.9474 1044.0616 190.4613 277.8446 142.8967 90.2063 349.0616 175.2276 154.4144 1054.9373;
	3.782 51.1026 74.9225 74.721 15.3903 31.2086 16.529 6.0798 17.9122 23.3596 43.1799 64.416 96.9779 66.5502 178.8885 67.3952 83.62 88.6122 83.9175 67.358 5.5097 72.82 56.0704 86.3653 62.0051 22.2647 4.0331 1199.5666 734.9577 734.9577 579.8497 60.0854 279.7249 173.3797 208.644 313.5819 1134.7123 206.4112 246.3413 166.085 90.9895 346.2073 160.5073 169.2443 1146.5322;
	3.2039 43.2923 60.697 67.7941 15.3167 26.3305 16.2214 3.9762 21.498 21.0788 38.9639 58.1265 87.5091 68.6835 164.2297 61.8726 76.7679 81.351 84.5954 65.3743 5.4071 61.4378 44.6679 83.5587 58.2651 13.9894 2.6649 1151.3644 795.1068 795.1068 719.1606 84.0914 281.9846 168.2737 215.332 339.2455 1105.1382 244.5127 236.301 156.0673 63.7067 292.0929 152.3937 179.5144 1116.6501;
	2.7809 37.5761 46.9686 59.4598 14.6172 19.8053 19.498 1.8815 21.0867 17.4104 32.1829 48.0105 72.2796 67.0916 167.2235 63.0005 78.1673 82.834 85.9063 62.6541 6.4993 46.2124 39.3874 66.7241 33.4685 6.6704 1.2451 1026.3872 774.8677 774.8677 714.7763 96.7722 286.3542 161.2718 210.3411 330.6102 1084.5231 224.9215 327.7438 89.6478 51.2453 219.707 131.3501 136.4879 1095.8202;
	2.2392 30.2572 37.6451 46.661 13.9816 16.0008 17.7357 0.9354 20.3082 15.2935 28.2697 42.1729 63.4911 67.2056 162.7806 61.3266 76.0905 80.6332 86.6372 66.8875 5.9119 37.3353 35.696 53.7221 22.5073 4.7122 1.0133 1049.0383 811.6281 811.6281 764.3109 104.3472 288.7907 172.1686 210.6985 346.2947 1084.9189 218.0007 355.9062 60.2875 36.5075 177.5025 92.2203 105.2776 1096.2201;
	1.546 20.8902 29.2736 26.6626 10.3354 11.3094 18.2131 1.0389 18.1503 15.2036 28.1036 41.9251 63.118 66.3469 161.2927 60.7661 75.395 79.8962 81.8708 66.5941 6.071 26.3886 43.6391 37.9117 19.2665 5.9759 0.6558 939.3926 726.4746 726.4746 673.355 102.319 272.9028 171.4135 208.0066 309.9625 963.0057 193.9672 349.5616 51.6067 29.4995 125.4587 67.294 87.3184 973.037;
	1.0321 13.9462 26.2894 22.9137 9.1719 8.4221 16.8263 0.9844 14.6056 2.4527 4.5339 6.7636 10.1826 62.0132 171.7933 64.7221 80.3034 85.0976 86.7269 63.4028 5.6088 19.6517 35.0455 30.1902 17.8635 8.4543 1.4404 931.8019 733.6828 733.6828 678.5207 96.8353 289.0898 163.1991 194.4198 313.038 945.8362 210.6387 344.0812 47.8487 24.87 93.4296 52.4523 55.7293 955.6886;
	0.8763 11.8402 25.6091 30.7557 7.9911 8.5242 12.8519 1.7241 14.2133 7.2989 13.492 20.1274 30.3016 65.3464 186.4743 70.2531 87.1659 92.3698 88.1115 67.0689 4.284 19.8899 50.9812 34.8648 23.2158 8.6935 2.7907 808.8956 694.9958 694.9958 689.2142 94.3442 293.705 172.6356 204.8699 296.5315 806.8635 206.4978 380.558 62.1851 25.8615 94.5623 38.9162 67.7105 815.2683;
	0.8104 10.9508 24.3146 0.0615 6.312 8.5926 10.4994 0.422 13.6725 15.6136 28.8614 43.0556 64.82 63.9625 175.7927 66.2289 82.1729 87.0787 82.2418 65.6705 3.4998 20.0495 55.1567 46.956 20.8134 2.6164 3.254 759.3085 611.3485 611.3485 589.8416 78.2841 274.1392 169.036 200.5311 260.842 725.5679 183.4139 325.7749 55.7503 25.5966 95.321 36.4634 55.0966 733.1259;
	0.9829 13.2815 21.5815 27.3508 7.7217 3.689 5.3459 0.7304 10.9017 14.4073 26.6317 39.7292 59.8121 61.4322 170.6852 64.3047 79.7854 84.5487 82.0918 66.2799 1.782 8.6077 52.0913 40.8971 21.1772 2.367 2.1581 745.778 531.354 531.354 550.5726 80.6475 273.6394 170.6045 192.5981 226.711 586.1252 186.9823 229.7791 56.7246 31.086 40.9232 29.9241 32.4384 592.2306;
	0.6547 8.8459 62.8105 8.9906 7.1183 6.9113 3.4737 0.1029 12.3848 18.0892 33.4376 49.8823 75.0976 61.9218 164.8882 62.1207 77.0756 81.6772 78.177 58.5139 1.1579 16.1263 50.7275 40.8067 15.514 4.7641 1.6948 680.6008 506.4719 506.4719 549.4739 80.2213 260.5899 150.615 194.1332 216.0947 659.3887 182.1706 225.8446 41.5553 37.9174 76.669 81.2114 70.2711 666.2573;
	1.1182 15.1098 19.9406 1.8429 2.9786 9.3446 2.3245 0.1124 12.5522 21.449 39.6482 59.1474 89.046 58.2409 136.1619 51.2982 63.6478 67.4476 82.0757 52.4621 0.7748 21.8042 70.1622 21.7563 11.5466 3.2751 1.5236 645.0591 496.8486 496.8486 557.8948 87.05 273.5858 135.0376 182.593 211.9887 682.7635 202.3251 333.7441 30.9284 78.5715 103.6632 81.0147 49.5311 689.8756;
	0.4403 5.9497 24.7609 34.8756 2.461 1.9766 0.2918 1.3218 10.3095 24.9217 46.0674 68.7234 103.4627 59.5137 132.1093 49.7714 61.7534 65.4402 24.006 62.7808 0.0973 4.6121 73.1332 19.7704 10.4495 6.6479 1.658 645.2138 478.1365 478.1365 600.045 80.4554 80.0199 161.5979 186.5836 204.0049 635.7495 193.0174 332.6394 27.9897 91.3835 21.9273 40.6795 4.7059 642.3719;
