function windprofile = ex_wind_profilesh1
%EX_WIND_PROFILE_D  Example wind_load_nyiso profile data for deterministic unit commitment.
% 2022.03.12
% Andres F. Ramirez


%% define constants
[GEN_BUS, PG, QG, QMAX, QMIN, VG, MBASE, GEN_STATUS, PMAX, PMIN, ...
    MU_PMAX, MU_PMIN, MU_QMAX, MU_QMIN, PC1, PC2, QC1MIN, QC1MAX, ...
    QC2MIN, QC2MAX, RAMP_AGC, RAMP_10, RAMP_30, RAMP_Q, APF] = idx_gen;
[CT_LABEL, CT_PROB, CT_TABLE, CT_TBUS, CT_TGEN, CT_TBRCH, CT_TAREABUS, ...
    CT_TAREAGEN, CT_TAREABRCH, CT_ROW, CT_COL, CT_CHGTYPE, CT_REP, ...
    CT_REL, CT_ADD, CT_NEWVAL, CT_TLOAD, CT_TAREALOAD, CT_LOAD_ALL_PQ, ...
    CT_LOAD_FIX_PQ, CT_LOAD_DIS_PQ, CT_LOAD_ALL_P, CT_LOAD_FIX_P, ...
    CT_LOAD_DIS_P, CT_TGENCOST, CT_TAREAGENCOST, CT_MODCOST_F, ...
    CT_MODCOST_X] = idx_ct;

windprofile = struct( ...
    'type', 'mpcData', ...
    'table', CT_TGEN, ...
    'rows', [1:45], ...
    'col', PMAX, ...
    'chgtype', 1, ...
    'values', [] );
windprofile.values(:,1,:) = [
	3.8156 51.5567 93.694 112.566 15.2321 32.8502 28.5975 13.5529 27.0325 29.7349 54.9646 81.9964 123.4451 66.6806 197.4406 74.3846 92.292 97.802 92.6732 73.0331 9.5325 76.6505 74.3457 88.6653 103.4965 68.8876 9.5111 1267.3713 811.5485 811.5485 767.7299 111.8875 308.9105 187.9875 209.0527 346.2607 1222.8442 305.7061 463.5832 277.2227 119.4515 364.4183 200.1747 248.8527 1235.5822;
	3.8363 51.8372 87.8783 107.0283 15.2259 32.0919 28.5596 12.6163 26.7192 28.0286 51.8105 77.2911 116.3613 65.8314 198.9774 74.9636 93.0104 98.5632 91.8006 73.1074 9.5199 74.8812 74.5742 83.0375 100.8318 66.2254 7.9656 1264.4011 825.5489 825.5489 802.9344 116.2189 306.0019 188.1786 206.3904 352.2342 1265.1159 294.9263 464.4447 270.0851 119.9024 356.0064 204.9644 251.9515 1278.2942;
	3.7589 50.7916 84.9877 92.3922 14.5506 31.6188 24.7809 10.8076 26.2955 27.8125 51.411 76.6951 115.4641 64.0591 197.4152 74.375 92.2801 97.7894 91.6983 72.8701 8.2603 73.7772 72.9554 83.8472 88.3193 62.6205 8.1997 1197.9893 803.5242 803.5242 771.0731 113.5728 305.6608 187.5678 200.8339 342.837 1177.3652 280.0924 456.9687 236.5696 123.0973 350.7581 179.7453 253.2976 1189.6294;
	3.6531 49.3612 83.7152 95.8248 14.5506 30.792 22.6746 11.0824 25.2824 27.9607 51.685 77.1038 116.0793 62.1481 193.5038 72.9014 90.4518 95.8519 91.0126 72.2683 7.5582 71.848 71.9123 81.6699 83.7658 54.4012 7.6666 1157.7932 784.158 784.158 773.7137 115.5485 303.3753 186.0188 194.8427 334.5741 1178.7778 279.8258 436.5593 224.3728 115.1444 341.586 188.8566 236.5272 1191.0567;
	3.531 47.7114 76.0172 79.1157 14.7237 30.2523 18.2263 8.2288 20.8669 28.283 52.2806 77.9924 117.4172 61.6422 197.5785 74.4365 92.3565 97.8703 91.9318 72.9969 6.0754 70.5887 74.095 81.8058 67.4864 50.1655 6.4616 1139.3564 737.645 737.645 723.1065 107.5216 306.4392 187.8941 193.2565 314.7285 1066.2632 251.7966 373.0804 180.7671 112.5415 335.5988 194.7453 201.1405 1077.3702;
	3.6218 48.9383 75.8007 75.437 14.9505 31.661 17.3295 6.8403 23.9527 28.6789 53.0124 79.0841 119.0607 63.2663 193.7718 73.0024 90.5771 95.9847 91.5416 71.9053 5.7765 73.8757 73.2738 79.6472 52.7671 36.6578 5.3226 1121.6923 718.8287 718.8287 693.8103 94.2563 305.1387 185.0845 198.3485 306.7002 1064.3439 223.3736 332.4294 141.3404 106.6664 351.2264 195.9265 172.414 1075.4308;
	3.4868 47.1143 70.2957 64.802 15.1965 30.457 15.2816 5.8245 18.5975 27.4156 50.6773 75.6005 113.8162 64.7399 199.2598 75.07 93.1424 98.7031 90.989 73.5648 5.0939 71.0663 72.2536 77.9237 49.2335 27.284 4.4724 1163.3626 697.9917 697.9917 598.3346 63.9444 303.2967 189.3561 202.9682 297.8098 1081.3145 203.3906 268.7147 131.8756 92.0559 337.8696 168.8914 119.8628 1092.5782;
	3.5193 47.5534 69.1141 69.4533 15.3522 28.5549 15.0481 5.218 16.2054 23.3615 43.1834 64.4211 96.9856 65.8508 193.5253 72.9095 90.4618 95.8625 90.462 71.8511 5.016 66.6281 57.2738 82.1949 56.7714 20.2471 3.4714 1209.6183 669.6191 669.6191 624.1691 62.1986 301.5401 184.9448 206.4512 285.7041 1063.1338 212.0484 231.2335 152.0663 94.2791 316.769 146.2466 134.0172 1074.2081;
	3.0779 41.5889 60.0648 64.3279 15.2747 24.4831 15.6272 3.7216 19.2926 17.7144 32.7448 48.8487 73.5415 66.6089 187.8228 70.7611 87.7962 93.0378 88.8261 70.1119 5.2091 57.1272 28.4339 81.5591 55.0957 14.3064 2.5014 1258.5183 769.8168 769.8168 762.966 86.541 296.087 180.4683 208.8278 328.4552 1155.7834 258.7242 247.5997 147.5778 64.7 271.5989 147.1196 158.1358 1167.8228;
	2.9797 40.2617 53.0221 60.4507 15.388 20.626 20.385 2.3156 22.3772 17.5855 32.5065 48.4933 73.0064 67.0643 179.8419 67.7544 84.0656 89.0845 86.7554 70.297 6.795 48.1273 40.6593 71.1141 39.3464 8.5517 1.2727 1157.9371 768.6376 768.6376 764.7735 110.633 289.1846 180.9448 210.2555 327.9521 1202.2875 251.3994 380.7591 105.3922 50.7398 228.8107 141.2903 129.5062 1214.8113;
	2.5574 34.556 40.8951 46.6979 15.2305 15.4317 19.6848 1.5495 20.5583 15.828 29.2578 43.6469 65.7101 65.7391 179.5162 67.6317 83.9134 88.9231 88.4803 71.5925 6.5616 36.0074 37.493 55.9963 25.8855 6.9303 4.6016 1153.366 768.4846 768.4846 750.8825 105.7116 294.9345 184.2792 206.1009 327.8868 1115.5708 244.0121 405.6299 69.3362 44.0288 171.1893 96.4989 99.1996 1127.1914;
	1.7114 23.1253 31.6496 27.9668 11.4995 11.3303 19.6856 1.5682 17.8196 13.2584 24.5079 36.561 55.0424 65.7419 167.8533 63.2378 78.4617 83.1459 84.7177 66.4005 6.5619 26.4374 39.6729 41.0875 21.1914 7.4132 4.3197 1062.0435 725.8933 725.8933 736.7009 109.6417 282.3922 170.915 206.1098 309.7145 1065.3221 227.4906 414.2166 56.7627 33.6473 125.691 63.4062 71.1093 1076.4192;
	1.2204 16.4907 29.7819 26.889 9.8412 7.6361 18.5192 2.503 15.5298 12.5133 23.1306 34.5063 51.949 64.5808 179.314 67.5555 83.8189 88.823 87.2088 66.3879 6.1731 17.8177 41.537 38.7779 22.2739 12.0543 2.9654 1014.2422 750.1185 750.1185 698.0897 99.2895 290.6961 170.8827 202.4696 320.0506 1082.8081 228.602 435.2644 59.6622 34.6959 84.7103 41.3651 51.9499 1094.0873;
	0.9773 13.2056 24.019 33.0493 8.6623 8.8658 13.0421 2.7859 13.2925 17.3112 31.9995 47.7369 71.8676 69.1348 184.4679 69.4972 86.228 91.376 86.6377 67.8068 4.3474 20.6869 56.9665 38.8826 26.039 11.8888 3.8451 1007.4678 715.5488 715.5488 706.0154 93.4487 288.7922 174.5348 216.747 305.3008 923.7874 231.1341 417.1875 69.7473 33.8938 98.3514 37.8406 59.8181 933.4102;
	0.9055 12.2355 20.8279 2.1914 6.8502 8.4643 10.7514 2.1291 12.0986 16.8829 31.2078 46.5558 70.0895 66.1349 164.0967 61.8225 76.7056 81.2851 74.081 66.6672 3.5838 19.7501 58.4242 44.5529 23.3426 6.3546 3.3976 850.2432 636.0102 636.0102 622.4351 78.295 246.9368 171.6017 207.3419 271.3644 769.6695 205.8174 334.8591 62.5249 30.3815 93.8976 34.3607 50.4936 777.6869;
	0.9493 12.8274 17.1676 25.0088 7.431 1.1735 5.2596 1.3916 9.0347 15.4766 28.6083 42.6779 64.2513 65.2724 156.157 58.8312 72.9943 77.3522 75.0206 64.9905 1.7532 2.7381 56.4907 40.0489 23.1884 3.3147 2.4114 832.2402 525.2195 525.2195 532.5581 74.15 250.0685 167.2857 204.6376 224.0937 622.0711 195.1508 218.7588 62.1118 32.3632 13.0177 0.9312 28.2157 628.551;
	0.5556 7.5068 3.0756 9.8082 6.7201 6.3915 3.7654 0.1779 11.301 18.565 34.3172 51.1945 77.073 64.3948 157.4749 59.3278 73.6104 78.005 80.3223 59.549 1.2551 14.9136 53.3889 36.881 14.7361 3.6235 1.5317 797.2205 550.6511 550.6511 563.1532 77.0125 267.741 153.2792 201.8863 234.9445 771.8869 203.052 218.7159 39.4718 35.8717 70.9033 28.1448 38.1785 779.9274;
	1.2018 16.2387 13.2938 24.03 3.3415 22.431 6.6935 0.8079 5.6362 21.1701 39.1326 58.3781 87.8879 66.5683 128.973 48.5898 60.2874 63.8866 84.7978 50.0154 2.2312 52.339 70.9837 33.9311 16.1518 3.4738 1.7252 777.25 564.4732 564.4732 622.2967 86.3408 282.6595 128.7398 208.7006 240.8419 798.1406 223.1572 342.6061 43.2637 72.9152 248.8345 86.0836 79.7382 806.4546;
