function solarprofile = ex_solar_profilesh1
%EX_WIND_PROFILE_D  Example wind_load_nyiso profile data for deterministic unit commitment.
% 2022.03.12
% Andres F. Ramirez


%% define constants
[GEN_BUS, PG, QG, QMAX, QMIN, VG, MBASE, GEN_STATUS, PMAX, PMIN, ...
    MU_PMAX, MU_PMIN, MU_QMAX, MU_QMIN, PC1, PC2, QC1MIN, QC1MAX, ...
    QC2MIN, QC2MAX, RAMP_AGC, RAMP_10, RAMP_30, RAMP_Q, APF] = idx_gen;
[CT_LABEL, CT_PROB, CT_TABLE, CT_TBUS, CT_TGEN, CT_TBRCH, CT_TAREABUS, ...
    CT_TAREAGEN, CT_TAREABRCH, CT_ROW, CT_COL, CT_CHGTYPE, CT_REP, ...
    CT_REL, CT_ADD, CT_NEWVAL, CT_TLOAD, CT_TAREALOAD, CT_LOAD_ALL_PQ, ...
    CT_LOAD_FIX_PQ, CT_LOAD_DIS_PQ, CT_LOAD_ALL_P, CT_LOAD_FIX_P, ...
    CT_LOAD_DIS_P, CT_TGENCOST, CT_TAREAGENCOST, CT_MODCOST_F, ...
    CT_MODCOST_X] = idx_ct;

solarprofile = struct( ...
    'type', 'mpcData', ...
    'table', CT_TGEN, ...
    'rows', [1:12], ...
    'col', PMAX, ...
    'chgtype', 1, ...
    'values', [] );
solarprofile.values(:,1,:) = [
	0.0 0.0 0.0 0.0 0.0 0.0 0.0 0.0 0.0 0.0 0.0 0.0;
	0.0 0.0 0.0 0.0 0.0 0.0 0.0 0.0 0.0 0.0 0.0 0.0;
	0.0 0.0 0.0 0.0 0.0 0.0 0.0 0.0 0.0 0.0 0.0 0.0;
	0.0 0.0 0.0 0.0 0.0 0.0 0.0 0.0 0.0 0.0 0.0 0.0;
	0.0 0.0 0.0 0.0 0.0 0.0 0.0 0.0 0.0 0.0 0.0 0.0;
	0.1575 0.1621 0.24 0.0 0.0 0.0 0.0 0.0 0.0 0.0 0.0 0.0;
	5.9372 5.0306 2.9824 1.1575 2.6577 152.1385 19.0173 11.8963 126.4264 6.2842 17.1393 11.3807;
	16.5826 12.9476 9.3614 2.1785 1.1917 292.8978 36.6122 35.7391 178.6537 12.3172 40.4705 22.3066;
	22.381 16.4568 13.6406 3.1839 0.3912 337.5445 42.1931 46.4483 189.107 22.6636 113.8469 41.044;
	20.8457 9.9403 11.2499 2.2829 0.0 279.2165 34.9021 47.3304 214.5521 47.3423 146.6205 85.7372;
	20.3838 11.0366 10.967 1.7391 0.0277 271.1595 33.8949 47.2089 229.7068 147.6968 162.6057 267.4797;
	21.4679 15.4975 12.3277 1.8212 0.1812 238.7498 29.8437 44.9769 219.663 182.9156 184.2668 331.2612;
	23.8406 16.5546 13.6423 2.1321 1.6032 298.9913 37.3739 61.7007 224.4788 228.3162 247.2893 413.4819;
	19.6745 16.3777 13.5429 2.3791 1.821 299.8028 37.4753 62.6259 215.3487 118.1536 218.8759 213.9769;
	11.488 10.2063 8.455 2.7166 3.0028 272.3329 34.0416 60.1967 208.2003 28.7523 130.4843 52.0706;
	3.2231 2.0252 2.6475 3.9009 9.4258 229.4301 28.6788 50.7643 203.5801 9.8434 13.741 17.8264;
	0.9086 0.8003 0.5662 1.6355 3.434 58.7417 7.3427 10.3635 40.655 61.5228 37.5221 111.4182;
	0.0 0.0 0.0 0.0 0.0 0.0 0.0 0.0 0.0 0.0 0.0 0.0;
	0.0 0.0 0.0 0.0 0.0 0.0 0.0 0.0 0.0 0.0 0.0 0.0;
	0.0 0.0 0.0 0.0 0.0 0.0 0.0 0.0 0.0 0.0 0.0 0.0;
	0.0 0.0 0.0 0.0 0.0 0.0 0.0 0.0 0.0 0.0 0.0 0.0;
	0.0 0.0 0.0 0.0 0.0 0.0 0.0 0.0 0.0 0.0 0.0 0.0;
	0.0 0.0 0.0 0.0 0.0 0.0 0.0 0.0 0.0 0.0 0.0 0.0;
	0.0 0.0 0.0 0.0 0.0 0.0 0.0 0.0 0.0 0.0 0.0 0.0;
];
