function loadprofile = ex_load_profilesh1
%EX_LOAD_PROFILE  Example load profile data file for stochastic unit commitment.
% 2022.03.12
% Andres F. Ramirez

%% define constants
[CT_LABEL, CT_PROB, CT_TABLE, CT_TBUS, CT_TGEN, CT_TBRCH, CT_TAREABUS, ...
    CT_TAREAGEN, CT_TAREABRCH, CT_ROW, CT_COL, CT_CHGTYPE, CT_REP, ...
    CT_REL, CT_ADD, CT_NEWVAL, CT_TLOAD, CT_TAREALOAD, CT_LOAD_ALL_PQ, ...
    CT_LOAD_FIX_PQ, CT_LOAD_DIS_PQ, CT_LOAD_ALL_P, CT_LOAD_FIX_P, ...
    CT_LOAD_DIS_P, CT_TGENCOST, CT_TAREAGENCOST, CT_MODCOST_F, ...
    CT_MODCOST_X] = idx_ct;

loadprofile = struct( ...
    'type', 'mpcData', ...
    'table', CT_TAREALOAD, ...
    'rows', [1:11], ...
    'col', CT_LOAD_ALL_P, ...
    'chgtype', 1, ...
    'values', [] );
loadprofile.values(:,1,:) = [
	1471.2414 895.9887 1580.5338 608.037 771.7352 1121.0551 840.0205 231.2145 516.6676 4260.717 1670.5105;
	1476.3919 918.5053 1605.2407 598.1354 768.2255 1133.1578 839.4 208.5434 500.6324 4216.382 1654.3055;
	1501.2985 948.1814 1625.6861 598.1125 779.8152 1186.6 858.3261 215.4244 497.644 4256.0824 1678.8606;
	1556.5934 1016.5 1749.9043 610.1 830.1028 1237.9315 911.9778 250.4895 540.9843 4443.9189 1823.5582;
	1685.4869 1111.8347 1910.5333 638.5544 953.9842 1346.1395 997.3303 268.0698 617.4764 4730.0388 1954.0064;
	1772.0016 1178.2355 2043.6827 656.2206 1017.289 1424.9592 1079.2679 307.6138 690.9 4834.9155 2100.2037;
	1782.6267 1183.8104 2031.8633 651.3779 1041.626 1437.9699 1084.612 308.5 691.4327 4586.26 1897.3718;
	1781.8987 1170.3748 1985.8209 651.4751 1006.1628 1451.1923 1090.1763 265.983 719.2016 4818.5409 1973.6811;
	1793.2844 1175.1484 2061.7497 650.4 1013.2756 1446.4599 1084.2414 272.178 720.7046 5492.1345 1983.0761;
	1811.5897 1189.9027 2086.0186 637.253 1056.7 1404.7205 1069.1446 297.3631 720.9478 5856.1837 2019.7487;
	1821.6953 1194.7998 2093.6526 618.8375 1037.8146 1439.3465 1061.7154 268.2288 714.9294 5836.6359 2029.495;
	1836.8 1166.7806 2042.2042 616.2106 986.6628 1405.2811 1052.7591 234.9521 694.0956 5594.0217 1996.6487;
	1834.3797 1167.1926 1973.3781 639.2356 937.3499 1315.2403 1006.2058 226.7711 701.0985 5636.7261 2013.2581;
	1811.0662 1183.1246 2011.141 619.059 946.8598 1329.3347 1007.3518 231.793 681.0339 4443.001 1976.3098;
	1814.4338 1171.0926 2017.1291 612.9 954.0259 1370.544 1068.7423 267.7812 742.7093 5778.0788 2142.4301;
	1765.6907 1147.7931 1988.3244 619.7 957.2519 1375.587 1081.5706 246.0027 710.4231 4693.327 2179.3534;
	1780.3351 1172.2024 2043.5036 630.6686 1020.7716 1440.4902 1147.9695 312.5433 734.9877 5795.4367 2350.5;
	1841.7 1199.8594 2091.8335 644.5504 1032.0017 1492.5138 1212.4 271.5272 750.6943 5807.368 2428.1218;
	1852.222 1216.0557 2084.1036 644.0129 1009.2607 1504.3882 1192.0226 282.4195 735.3662 5640.7459 2343.0644;
	1803.0417 1163.2309 2044.2588 637.9018 957.2963 1429.9799 1157.8476 334.4697 721.0053 5744.7469 2262.2235;
	1684.3427 1105.4836 1896.5 620.6587 899.2989 1310.3574 1067.3592 298.7535 666.8 5428.353 2100.3653;
	1588.6 1009.9916 1743.652 611.1419 828.7492 1221.6 987.1312 255.6559 602.5054 4903.0508 1933.7984;
	1532.1003 1004.0 1717.3017 602.0574 809.6198 1192.3 934.6 240.269 556.0191 4795.6727 1852.8532;
	1542.4657 954.6053 1647.4217 598.861 790.1514 1138.1131 875.1638 223.8885 517.8734 4618.3289 1739.1509;
];
