function loadprofile = ex_load_profilesh1
%EX_LOAD_PROFILE  Example load profile data file for stochastic unit commitment.
% 2022.03.12
% Andres F. Ramirez

%% define constants
[CT_LABEL, CT_PROB, CT_TABLE, CT_TBUS, CT_TGEN, CT_TBRCH, CT_TAREABUS, ...
    CT_TAREAGEN, CT_TAREABRCH, CT_ROW, CT_COL, CT_CHGTYPE, CT_REP, ...
    CT_REL, CT_ADD, CT_NEWVAL, CT_TLOAD, CT_TAREALOAD, CT_LOAD_ALL_PQ, ...
    CT_LOAD_FIX_PQ, CT_LOAD_DIS_PQ, CT_LOAD_ALL_P, CT_LOAD_FIX_P, ...
    CT_LOAD_DIS_P, CT_TGENCOST, CT_TAREAGENCOST, CT_MODCOST_F, ...
    CT_MODCOST_X] = idx_ct;

loadprofile = struct( ...
    'type', 'mpcData', ...
    'table', CT_TAREALOAD, ...
    'rows', [1:11], ...
    'col', CT_LOAD_ALL_P, ...
    'chgtype', 1, ...
    'values', [] );
loadprofile.values(:,1,:) = [
	1500.244 950.6071 1643.4 548.3 809.8 1081.4712 867.0038 231.2148 523.4005 4484.8603 1719.9969;
	1508.9966 973.6149 1698.485 544.6 819.7606 1084.1427 869.55 234.1417 517.2131 4423.048 1708.9345;
	1523.7409 996.3576 1710.1018 557.5204 827.2198 1114.4613 892.1 253.2529 528.2928 4559.2852 1765.6709;
	1574.4975 1049.7629 1798.7879 565.806 896.9 1168.2424 933.5957 261.5716 544.0387 4681.2858 1829.9433;
	1700.2647 1158.8 1988.6 582.4378 1008.4829 1262.1089 1015.1057 289.8585 618.9987 5243.5602 2060.7;
	1831.8828 1247.4351 2106.0517 627.1 1072.0417 1369.9354 1096.4121 328.9108 699.6688 5810.4641 2252.2548;
	1844.3398 1229.226 2124.4031 595.6435 1074.6 1295.8009 1117.2 323.1015 713.4 6115.0673 2279.616;
	1819.8 1227.6465 2142.705 583.3041 1079.2693 1315.8279 1111.5 338.9701 712.4656 6440.8671 2318.3849;
	1850.3251 1196.4562 2113.3884 560.6703 1035.1837 1266.9317 1042.4307 315.0397 720.738 6472.6971 2291.8676;
	1802.337 1166.9928 2076.9264 577.288 1056.9663 1274.142 1060.8213 311.2511 699.9552 6449.305 2267.5204;
	1802.1293 1205.4578 2097.5085 568.7486 1057.2259 1268.296 1043.1343 306.892 694.5819 6444.3178 2268.0538;
	1851.6495 1213.8394 2077.2936 574.0291 1060.3944 1231.6391 1020.0285 314.5918 686.6508 6437.2799 2292.2148;
	1792.2663 1191.6469 2038.7286 578.7631 1029.1722 1294.5463 1012.7566 305.038 682.7973 6331.9236 2210.6014;
	1762.0315 1141.9897 2023.1 594.1 1039.7 1311.3 1019.8472 325.0925 702.6125 6355.3082 2169.529;
	1777.9499 1149.4671 1999.6668 586.7073 1039.8521 1336.1396 1038.9842 318.9762 711.6107 6486.5035 2207.8;
	1819.8005 1204.7546 2068.4042 613.3 1099.3878 1412.2188 1089.2489 333.4879 703.3 6553.2626 2274.3541;
	1840.5139 1218.7217 2088.4209 605.5975 1154.9884 1452.312 1137.2883 348.7716 712.4643 6571.6642 2395.6452;
	1899.2915 1254.8112 2145.5988 622.0 1155.5 1508.4644 1189.1231 359.0325 745.3 6562.8113 2523.5543;
	1913.1576 1266.0624 2123.4165 623.8 1164.5523 1504.48 1184.2534 351.2652 739.1919 6373.1455 2492.6177;
	1826.6943 1154.5976 1995.7014 595.9681 1107.5254 1425.3 1121.8099 340.2571 719.0 6038.4811 2359.0352;
	1716.7515 1054.5416 1835.1996 568.0058 1019.1 1320.117 992.6371 302.7215 664.6 5697.8843 2181.0238;
	1614.302 1000.563 1750.932 547.9872 963.1274 1235.3 947.84 292.0993 610.4631 5282.2428 1970.9873;
	1600.8037 1017.1 1740.1756 479.8457 900.6 1239.9734 943.5036 282.6225 612.7556 5107.3819 1866.3845;
	1583.3505 1013.2255 1728.7436 489.7462 897.8 1211.433 920.7363 264.1582 590.0102 4859.3575 1812.3958;
];
