function loadprofile = ex_load_profilesh1
%EX_LOAD_PROFILE  Example load profile data file for stochastic unit commitment.
% 2022.03.12
% Andres F. Ramirez

%% define constants
[CT_LABEL, CT_PROB, CT_TABLE, CT_TBUS, CT_TGEN, CT_TBRCH, CT_TAREABUS, ...
    CT_TAREAGEN, CT_TAREABRCH, CT_ROW, CT_COL, CT_CHGTYPE, CT_REP, ...
    CT_REL, CT_ADD, CT_NEWVAL, CT_TLOAD, CT_TAREALOAD, CT_LOAD_ALL_PQ, ...
    CT_LOAD_FIX_PQ, CT_LOAD_DIS_PQ, CT_LOAD_ALL_P, CT_LOAD_FIX_P, ...
    CT_LOAD_DIS_P, CT_TGENCOST, CT_TAREAGENCOST, CT_MODCOST_F, ...
    CT_MODCOST_X] = idx_ct;

loadprofile = struct( ...
    'type', 'mpcData', ...
    'table', CT_TAREALOAD, ...
    'rows', [1:11], ...
    'col', CT_LOAD_ALL_P, ...
    'chgtype', 1, ...
    'values', [] );
loadprofile.values(:,1,:) = [
	1546.9391 971.5769 1647.9753 580.3281 810.9648 1135.4668 895.1011 301.7372 506.4842 4594.3518 1761.7504;
	1517.4437 968.0 1641.8148 565.0045 796.641 1122.0 890.7139 302.3372 492.4 4487.3603 1737.8497;
	1563.0318 997.5497 1681.591 583.0608 828.111 1164.0641 914.3 313.7581 500.6098 4516.0805 1794.6347;
	1653.8447 1052.3607 1799.7078 608.4887 909.2701 1258.9003 985.3344 332.8832 555.6 4779.6641 1911.5;
	1801.7 1166.0152 1987.2023 630.9696 1027.6 1396.7413 1066.6605 358.4417 632.0 5309.8247 2176.3342;
	1933.3059 1246.084 2123.9784 649.8214 1098.683 1475.44 1134.7408 392.6722 708.6908 5943.3444 2346.4347;
	1941.3066 1247.0 2088.781 637.5395 1124.9881 1449.3 1142.6 384.5298 713.9949 6328.3792 2328.5967;
	1996.4525 1290.057 2095.4875 652.4974 1137.1086 1443.2 1161.9 376.2784 722.9942 6614.4351 2389.5434;
	1970.4531 1306.317 2118.4186 643.4108 1145.091 1432.5396 1206.9 395.4641 720.2386 6686.9984 2417.9;
	2009.89 1365.8715 2135.8467 656.9372 1151.1807 1437.5844 1238.7899 393.7 741.9048 7066.5686 2585.5511;
	1994.3123 1311.4046 2131.4333 630.8 1143.8475 1379.4789 1220.631 379.8256 737.1584 7006.542 2496.0438;
	2007.3972 1322.6193 2087.3672 624.207 1103.6121 1378.2779 1191.761 372.5796 725.3466 6772.9894 2359.4149;
	1954.9258 1337.4455 2053.5 605.1074 1081.2068 1370.8398 1211.9541 357.5 712.5625 6757.2995 2344.8842;
	1894.4704 1280.9341 2019.105 599.6358 1050.6287 1401.9926 1217.7808 377.1847 689.7487 6698.4 2320.5584;
	1876.8266 1259.647 1992.9935 611.6542 1051.9 1381.2131 1156.5 373.3328 684.37 6650.6258 2317.7567;
	1840.1446 1269.3333 2021.4734 616.3906 1081.6879 1467.9928 1231.555 392.0 702.5504 6648.1388 2432.6237;
	1831.9383 1268.2 2028.6377 623.1 1124.704 1488.1319 1251.6828 387.6 701.6 6544.1093 2534.6973;
	1901.3965 1318.0 2092.0267 630.6568 1173.2425 1547.3442 1287.6 428.904 734.3 6686.3756 2604.0501;
	1959.8966 1324.4268 2129.2039 644.3 1160.2843 1529.2787 1244.8017 425.9801 711.7267 6583.8307 2561.6597;
	1885.4939 1244.8149 1993.4894 620.3471 1109.7582 1467.9073 1169.0 379.8891 673.2188 6266.3263 2402.0106;
	1778.0 1130.7927 1871.3644 600.9 1023.4 1356.5784 1093.6731 370.4 634.1075 5854.872 2191.4014;
	1683.3587 1061.0 1813.3048 584.1851 957.7614 1271.0688 1019.6831 345.9467 571.0 5454.5155 2012.4376;
	1627.8604 982.3 1686.4469 568.4389 891.5 1204.7675 979.2087 340.1881 534.825 5063.3248 1948.2431;
	1587.6076 951.9543 1679.912 577.3 900.6681 1183.9652 939.4674 306.5102 494.1549 4746.5635 1826.1098;
];
