function loadprofile = ex_load_profilesh1
%EX_LOAD_PROFILE  Example load profile data file for stochastic unit commitment.
% 2022.03.12
% Andres F. Ramirez

%% define constants
[CT_LABEL, CT_PROB, CT_TABLE, CT_TBUS, CT_TGEN, CT_TBRCH, CT_TAREABUS, ...
    CT_TAREAGEN, CT_TAREABRCH, CT_ROW, CT_COL, CT_CHGTYPE, CT_REP, ...
    CT_REL, CT_ADD, CT_NEWVAL, CT_TLOAD, CT_TAREALOAD, CT_LOAD_ALL_PQ, ...
    CT_LOAD_FIX_PQ, CT_LOAD_DIS_PQ, CT_LOAD_ALL_P, CT_LOAD_FIX_P, ...
    CT_LOAD_DIS_P, CT_TGENCOST, CT_TAREAGENCOST, CT_MODCOST_F, ...
    CT_MODCOST_X] = idx_ct;

loadprofile = struct( ...
    'type', 'mpcData', ...
    'table', CT_TAREALOAD, ...
    'rows', [1:11], ...
    'col', CT_LOAD_ALL_P, ...
    'chgtype', 1, ...
    'values', [] );
loadprofile.values(:,1,:) = [
	1597.0091 960.737 1624.9934 571.8281 776.1806 1154.0615 889.3577 252.3357 498.967 4478.7253 1760.8395;
	1584.9078 966.902 1617.6246 574.3746 775.2749 1136.2798 881.5774 249.9705 504.8 4464.7797 1755.9169;
	1588.852 990.8 1681.0972 574.4562 822.3 1176.9655 896.298 252.2471 502.5 4457.1665 1792.359;
	1690.0031 1072.0005 1822.0262 611.7 893.5 1261.7315 958.3459 277.696 542.9479 4745.968 1921.4;
	1804.38 1181.4393 2019.4746 628.8 1009.5817 1400.0 1049.7475 324.4752 610.0992 5374.7676 2144.7141;
	1947.7583 1260.3513 2163.8 641.6 1104.1 1506.4289 1145.528 355.098 699.4196 5968.5771 2280.9418;
	1970.3 1266.2923 2171.6215 620.2456 1111.6874 1536.0304 1188.0101 371.9418 719.1111 6329.4918 2323.7815;
	2007.0051 1299.5791 2217.6995 622.6704 1155.2051 1547.6526 1250.6866 380.8094 750.0865 6638.9781 2331.9137;
	2025.5728 1272.6345 2167.4053 605.0204 1113.0459 1525.8232 1205.8683 368.0479 745.342 6672.202 2256.8234;
	2001.8067 1263.1 2197.6284 586.7493 1080.8172 1475.7 1155.521 364.1 715.138 6500.0631 2246.0599;
	1945.8119 1246.6144 2140.6737 578.6067 1077.7776 1520.3323 1184.982 351.715 693.0 6560.1187 2254.9503;
	1996.7485 1225.8167 2073.752 563.4615 1046.9993 1499.1616 1132.9191 335.8474 656.8851 6484.678 2150.8742;
	1964.6876 1186.5175 2008.1549 569.0819 1022.8248 1435.0443 1071.6307 342.0939 653.4024 6344.5916 2027.1139;
	1908.5539 1188.2605 1996.1801 569.8744 1031.4849 1389.5 1034.0721 344.2536 653.1 6263.6263 2048.453;
	1868.2102 1157.5689 1933.9279 567.3 1026.0658 1417.2927 1039.1092 332.7551 647.9 5938.4589 2062.777;
	1882.1458 1192.3023 1953.3995 589.6 1031.624 1470.1188 1072.324 345.5881 655.8162 6235.6324 2074.5731;
	1880.3702 1199.5083 1957.5513 583.3236 1036.2244 1524.4274 1116.2702 366.4711 665.875 6124.2755 2266.4821;
	1908.4 1219.3286 1931.8032 607.3403 1077.6001 1544.5777 1151.3361 371.3129 696.6077 6209.5307 2413.4567;
	1971.2655 1244.8662 2002.5537 616.5771 1059.2 1527.291 1185.1 374.5867 701.4973 6188.3873 2391.8893;
	1934.7197 1178.4492 1929.9835 588.2844 1033.3 1454.7158 1125.1717 347.8064 694.6296 5933.5906 2340.7532;
	1834.3822 1126.9239 1859.1091 569.2994 971.4279 1359.7371 1067.6571 309.9292 638.2 5558.2616 2153.2663;
	1765.7436 1049.4609 1745.1 555.4948 917.0401 1276.5489 998.5786 273.2396 575.8728 5198.4604 1981.6673;
	1665.9 1024.6901 1706.6873 557.4 880.052 1242.0774 950.3493 258.8028 543.1 4928.8 1873.2339;
	1633.0002 1006.4581 1666.6 569.2 874.6401 1210.612 907.5161 259.0429 514.6032 4670.9164 1794.2886;
];
