function solarprofile = ex_solar_profilesh1
%EX_WIND_PROFILE_D  Example wind_load_nyiso profile data for deterministic unit commitment.
% 2022.03.12
% Andres F. Ramirez


%% define constants
[GEN_BUS, PG, QG, QMAX, QMIN, VG, MBASE, GEN_STATUS, PMAX, PMIN, ...
    MU_PMAX, MU_PMIN, MU_QMAX, MU_QMIN, PC1, PC2, QC1MIN, QC1MAX, ...
    QC2MIN, QC2MAX, RAMP_AGC, RAMP_10, RAMP_30, RAMP_Q, APF] = idx_gen;
[CT_LABEL, CT_PROB, CT_TABLE, CT_TBUS, CT_TGEN, CT_TBRCH, CT_TAREABUS, ...
    CT_TAREAGEN, CT_TAREABRCH, CT_ROW, CT_COL, CT_CHGTYPE, CT_REP, ...
    CT_REL, CT_ADD, CT_NEWVAL, CT_TLOAD, CT_TAREALOAD, CT_LOAD_ALL_PQ, ...
    CT_LOAD_FIX_PQ, CT_LOAD_DIS_PQ, CT_LOAD_ALL_P, CT_LOAD_FIX_P, ...
    CT_LOAD_DIS_P, CT_TGENCOST, CT_TAREAGENCOST, CT_MODCOST_F, ...
    CT_MODCOST_X] = idx_ct;

solarprofile = struct( ...
    'type', 'mpcData', ...
    'table', CT_TGEN, ...
    'rows', [1:12], ...
    'col', PMAX, ...
    'chgtype', 1, ...
    'values', [] );
solarprofile.values(:,1,:) = [
	0.0 0.0 0.0 0.0 0.0 0.0 0.0 0.0 0.0 0.0 0.0 0.0;
	0.0 0.0 0.0 0.0 0.0 0.0 0.0 0.0 0.0 0.0 0.0 0.0;
	0.0 0.0 0.0 0.0 0.0 0.0 0.0 0.0 0.0 0.0 0.0 0.0;
	0.0 0.0 0.0 0.0 0.0 0.0 0.0 0.0 0.0 0.0 0.0 0.0;
	0.0 0.0 0.0 0.0 0.0 0.0 0.0 0.0 0.0 0.0 0.0 0.0;
	0.1575 0.1621 0.24 0.0 0.0 0.0 0.0 0.0 0.0 0.0 0.0 0.0;
	10.2578 6.3459 5.8829 4.393 0.7733 33.2848 4.1606 12.3377 31.0625 78.2316 24.706 141.6779;
	20.643 14.0653 12.7636 3.8426 4.2404 139.7158 17.4645 19.7169 50.2406 116.0281 99.6486 210.1276;
	23.8699 16.6083 13.8135 5.177 6.2005 173.5335 21.6917 30.6589 58.097 110.16 124.3594 199.5004;
	25.7244 16.474 13.7624 4.8607 4.0507 62.0088 7.7511 37.9047 94.3242 38.6095 137.4901 69.9221;
	25.8731 16.4109 13.7859 5.7353 4.7389 124.5406 15.5676 46.9217 157.4628 93.606 184.0632 169.5211;
	23.3788 14.6299 13.748 6.2224 5.9988 200.5035 25.0629 47.4603 185.4347 184.9734 206.592 334.9879;
	22.0162 15.6706 13.0564 9.6239 10.6037 298.5018 37.3127 56.8945 239.6828 341.4098 247.4918 618.2951;
	20.4061 16.3881 13.0399 8.9178 9.9428 264.1766 33.0221 54.0395 221.1839 336.3715 212.2805 609.1709;
	17.419 14.696 9.8921 7.5733 8.6657 163.1754 20.3969 51.4225 197.4987 257.8781 86.2425 467.0187;
	13.7199 11.3763 6.1378 9.3016 11.6487 155.4652 19.4331 50.6499 170.9844 93.1605 24.8491 168.7142;
	1.169 0.8935 0.7226 2.2526 4.4573 66.465 8.3081 13.0797 41.7609 63.3793 38.1664 114.7803;
	0.0 0.0 0.0 0.0 0.0 0.0 0.0 0.0 0.0 0.0 0.0 0.0;
	0.0 0.0 0.0 0.0 0.0 0.0 0.0 0.0 0.0 0.0 0.0 0.0;
	0.0 0.0 0.0 0.0 0.0 0.0 0.0 0.0 0.0 0.0 0.0 0.0;
	0.0 0.0 0.0 0.0 0.0 0.0 0.0 0.0 0.0 0.0 0.0 0.0;
	0.0 0.0 0.0 0.0 0.0 0.0 0.0 0.0 0.0 0.0 0.0 0.0;
	0.0 0.0 0.0 0.0 0.0 0.0 0.0 0.0 0.0 0.0 0.0 0.0;
	0.0 0.0 0.0 0.0 0.0 0.0 0.0 0.0 0.0 0.0 0.0 0.0;
];
