function windprofile = ex_wind_profilesh1
%EX_WIND_PROFILE_D  Example wind_load_nyiso profile data for deterministic unit commitment.
% 2022.03.12
% Andres F. Ramirez


%% define constants
[GEN_BUS, PG, QG, QMAX, QMIN, VG, MBASE, GEN_STATUS, PMAX, PMIN, ...
    MU_PMAX, MU_PMIN, MU_QMAX, MU_QMIN, PC1, PC2, QC1MIN, QC1MAX, ...
    QC2MIN, QC2MAX, RAMP_AGC, RAMP_10, RAMP_30, RAMP_Q, APF] = idx_gen;
[CT_LABEL, CT_PROB, CT_TABLE, CT_TBUS, CT_TGEN, CT_TBRCH, CT_TAREABUS, ...
    CT_TAREAGEN, CT_TAREABRCH, CT_ROW, CT_COL, CT_CHGTYPE, CT_REP, ...
    CT_REL, CT_ADD, CT_NEWVAL, CT_TLOAD, CT_TAREALOAD, CT_LOAD_ALL_PQ, ...
    CT_LOAD_FIX_PQ, CT_LOAD_DIS_PQ, CT_LOAD_ALL_P, CT_LOAD_FIX_P, ...
    CT_LOAD_DIS_P, CT_TGENCOST, CT_TAREAGENCOST, CT_MODCOST_F, ...
    CT_MODCOST_X] = idx_ct;

windprofile = struct( ...
    'type', 'mpcData', ...
    'table', CT_TGEN, ...
    'rows', [1:45], ...
    'col', PMAX, ...
    'chgtype', 1, ...
    'values', [] );
windprofile.values(:,1,:) = [
	3.7191 50.2525 93.5851 111.7498 14.3096 32.0168 27.8186 11.1689 27.7858 26.1791 48.3916 72.1908 108.6828 64.2071 185.1487 69.7537 86.5462 91.7132 85.2851 71.1771 9.2729 74.7058 69.028 84.6345 95.7169 62.8946 7.4313 1096.4624 743.3777 743.3777 723.0154 110.9053 284.2836 183.2099 201.2979 317.1745 999.2765 269.2567 439.6363 256.3846 106.6258 355.1727 195.515 241.1489 1009.6857;
	3.8057 51.4238 90.2631 109.6896 14.0885 32.1449 29.1631 11.1305 28.3413 22.3713 41.353 61.6905 92.8747 65.0135 191.3491 72.0897 89.4446 94.7846 83.5638 66.6281 9.721 75.0049 69.7841 83.8284 96.8462 57.5985 7.4091 1152.9376 753.2655 753.2655 756.1934 112.7323 278.546 171.5009 203.8261 321.3933 1113.3667 265.458 456.1068 259.4094 111.4442 356.5946 200.0374 243.8363 1124.9642;
	3.8671 52.2527 94.0551 101.9474 14.9059 32.446 26.3911 10.8616 28.2757 26.2783 48.575 72.4644 109.0948 63.7762 193.025 72.7211 90.228 95.6147 84.5802 68.7571 8.797 75.7073 69.3909 87.1657 90.476 62.9818 8.4789 1208.9754 767.5892 767.5892 754.2531 114.7714 281.9339 176.981 199.947 327.5047 1099.9588 269.7646 451.7409 242.3463 114.4999 359.934 183.5408 264.2776 1111.4167;
	3.8548 52.0866 91.8829 105.5051 14.3169 32.2978 23.196 11.1443 27.4285 25.7817 47.6571 71.095 107.0331 64.4085 190.7201 71.8527 89.1505 94.473 84.6481 70.1807 7.732 75.3615 66.8368 86.6127 88.0354 55.3685 8.2027 1121.2728 769.2042 769.2042 717.1017 110.6833 282.1603 180.6453 201.9294 328.1938 1121.6225 246.4286 432.2307 235.809 104.0835 358.2902 191.8531 257.9135 1133.3061;
	3.7252 50.3361 85.123 83.7193 13.6973 29.1883 19.0127 9.0698 22.3401 24.5045 45.2962 67.5731 101.7309 65.1996 182.7387 68.8457 85.4197 90.5194 84.0802 69.6079 6.3376 68.106 62.5287 81.9176 73.3396 48.5588 7.3179 1154.7515 751.052 751.052 684.5211 106.5362 280.2672 179.171 204.4096 320.4488 1085.7003 247.7201 363.6144 196.4454 98.2722 323.7956 189.0555 230.7914 1097.0097;
	3.6599 49.4534 83.8515 77.4848 13.5966 29.5609 17.0248 6.7784 24.2839 27.0084 49.9246 74.4777 112.1257 66.384 189.6295 71.4418 88.6408 93.9328 83.9489 72.5715 5.6749 68.9754 62.2893 75.4367 54.108 35.3029 4.5998 1133.1429 705.1586 705.1586 614.6958 98.0896 279.8298 186.7993 208.1229 300.8677 1070.3982 218.7062 340.0519 144.9322 75.0679 327.9287 188.8926 192.6821 1081.5482;
	3.3326 45.0313 70.777 61.9814 12.254 25.5414 14.7094 3.9092 17.7642 25.6918 47.4909 70.8471 106.6599 67.0045 191.7884 72.2552 89.6499 95.0022 84.3984 72.354 4.9031 59.5965 57.8451 48.501 42.2262 0.0 2.7114 1116.2393 629.0001 629.0001 526.4554 66.6687 281.328 186.2393 210.0681 268.3734 973.5662 192.6613 277.7365 113.1058 69.6161 283.3388 162.2481 132.3715 983.7075;
	3.3814 45.6908 69.1022 64.541 13.5776 24.1857 14.3809 3.3438 13.9924 22.3252 41.2677 61.5633 92.6832 65.9264 188.158 70.8874 87.9529 93.2038 86.0472 71.2604 4.7936 56.4334 51.2672 67.9518 46.2287 5.4219 1.0603 1153.6368 683.7205 683.7205 616.7571 69.4529 286.8239 183.4245 206.6882 291.7207 1048.114 197.6827 219.2162 123.8268 68.8801 268.3003 152.4503 132.498 1059.0319;
	2.7238 36.8049 51.6091 35.7596 12.085 19.809 13.3846 0.0821 12.6537 17.2052 31.8036 47.4447 71.4277 67.8068 181.6889 68.4502 84.929 89.9994 81.6621 68.6705 4.4615 46.2211 33.1714 60.7472 36.1155 0.045 0.0 1162.2876 745.46 745.46 625.2692 90.1063 272.2069 176.7581 212.5835 318.0629 1046.3079 215.1481 189.3274 96.738 43.9483 219.7481 141.364 131.5633 1057.2069;
	2.3442 31.6754 41.2415 40.4839 12.3044 10.064 18.32 0.4682 18.5897 9.6837 17.9002 26.7036 40.2021 67.112 179.2429 67.5287 83.7856 88.7877 83.3468 68.659 6.1067 23.4828 37.0943 44.371 0.0 2.0186 0.0676 1028.1879 737.1369 737.1369 643.2171 104.8714 277.8228 176.7284 210.4051 314.5118 1084.9577 208.3181 300.8727 0.0 31.387 111.6438 114.9992 112.1201 1096.2593;
	2.0277 27.3983 34.6968 41.0042 12.7552 12.7976 17.585 0.5862 16.9472 6.1462 11.3612 16.9486 25.5161 65.4165 170.7664 64.3353 79.8234 84.5889 86.4431 68.5534 5.8617 29.861 7.0628 40.419 12.957 1.3634 0.5813 1101.9477 748.8288 748.8288 724.4086 103.7198 288.1438 176.4567 205.0897 319.5003 1095.8639 230.9755 347.2142 34.7062 35.4523 141.9678 85.3952 84.2762 1107.2791;
	1.4135 19.0997 27.5394 24.9377 9.0832 8.6621 18.4785 0.438 15.7027 13.9495 25.7855 38.4669 57.9117 63.3001 188.7446 71.1084 88.2271 93.4944 90.576 71.2234 6.1595 20.2115 38.4543 25.3285 13.6438 3.211 0.627 936.4454 676.3226 676.3226 655.0474 99.1502 301.9201 183.3292 198.4544 288.5643 991.4792 198.2512 380.2325 36.5458 22.5926 96.0911 55.0121 68.5085 1001.8071;
	0.9984 13.4909 25.2276 25.3704 8.1401 7.3005 18.2545 1.3662 13.9004 10.01 18.5033 27.6034 41.5567 62.1125 184.5314 69.5211 86.2577 91.4074 89.5297 70.0422 6.0848 17.0345 37.6256 33.0386 20.2978 9.1251 1.7691 940.6587 706.0358 706.0358 632.7334 92.9259 298.4324 180.2888 194.731 301.2419 992.7105 210.4483 412.7221 54.369 26.0169 80.987 38.5608 51.4545 1003.0512;
	0.749 10.1209 14.9453 29.3867 7.1937 5.439 12.864 0.7134 12.6088 10.4008 19.2258 28.6811 43.1793 63.8037 187.8288 70.7634 87.799 93.0408 88.8407 69.739 4.288 12.691 46.2955 29.521 18.1256 7.0206 2.2915 862.9801 666.588 666.588 589.0367 82.3819 296.1357 179.5083 200.0334 284.4109 820.9546 204.6932 400.0666 48.5508 24.5725 60.3365 29.4988 58.5603 829.5062;
	0.7915 10.6951 17.7137 0.1664 5.7321 6.6623 9.3084 0.3305 9.6437 15.1206 27.9503 41.6963 62.7736 60.5761 185.4772 69.8775 86.6998 91.8759 80.6296 71.7711 3.1028 15.5454 52.3519 26.3379 11.9489 2.9403 1.7598 772.6362 578.4592 578.4592 564.5359 69.752 268.7654 184.7391 189.9143 246.8092 685.5041 190.7938 303.3765 32.0059 8.6208 73.9074 26.4971 56.3657 692.6448;
	0.9051 12.2302 6.4192 23.3779 6.8622 0.0 5.3135 0.0 10.484 13.7731 25.4593 37.9803 57.1791 65.8342 181.0953 68.2266 84.6515 89.7053 83.0508 71.6016 1.7712 0.0 53.019 9.6369 10.9853 0.5204 0.4889 800.6767 526.1594 526.1594 533.3421 75.5703 276.836 184.3026 206.399 224.4947 612.4423 192.8881 231.2659 29.4249 7.4124 0.0 2.6282 24.1489 618.8219;
	0.568 7.6747 0.1689 0.6219 6.5747 0.0 4.5713 0.0 12.5186 17.4365 32.2311 48.0824 72.3878 64.6017 184.7078 69.5876 86.3401 91.4948 87.1586 70.6043 1.5238 0.0 53.3391 15.3738 8.1398 3.7485 0.8918 810.935 534.7978 534.7978 554.18 73.5524 290.5288 181.7357 202.535 228.1804 720.8173 188.9838 259.4442 21.803 31.1391 0.0 2.9474 60.0335 728.3258;
	1.0468 14.1446 5.2876 2.7819 2.6277 0.459 4.6491 0.0 2.7893 18.812 34.7738 51.8756 78.0985 67.838 138.9653 52.3544 64.9582 68.8363 87.7877 59.3614 1.5497 1.071 62.8158 33.8491 13.0197 3.3393 0.9624 742.4321 525.0826 525.0826 579.2365 82.4169 292.6258 152.7963 212.6812 224.0353 688.7976 198.9679 343.4331 34.8743 71.6207 5.0917 17.5897 20.2782 695.9725;
	0.6111 8.2578 28.2823 43.5285 11.4229 14.2576 10.9375 0.9354 11.4235 23.6652 43.7448 65.2587 98.2466 69.7476 117.2577 44.1761 54.8111 58.0835 74.0461 65.6829 3.6458 33.2677 71.6397 50.8568 24.4964 6.6788 1.0316 826.6595 517.2794 517.2794 625.0419 82.7705 246.8204 169.0678 218.6681 220.7059 683.3575 194.2443 373.2718 65.6154 84.8476 158.164 118.2753 36.7582 690.4758;
