function loadprofile = ex_load_profilesh1
%EX_LOAD_PROFILE  Example load profile data file for stochastic unit commitment.
% 2022.03.12
% Andres F. Ramirez

%% define constants
[CT_LABEL, CT_PROB, CT_TABLE, CT_TBUS, CT_TGEN, CT_TBRCH, CT_TAREABUS, ...
    CT_TAREAGEN, CT_TAREABRCH, CT_ROW, CT_COL, CT_CHGTYPE, CT_REP, ...
    CT_REL, CT_ADD, CT_NEWVAL, CT_TLOAD, CT_TAREALOAD, CT_LOAD_ALL_PQ, ...
    CT_LOAD_FIX_PQ, CT_LOAD_DIS_PQ, CT_LOAD_ALL_P, CT_LOAD_FIX_P, ...
    CT_LOAD_DIS_P, CT_TGENCOST, CT_TAREAGENCOST, CT_MODCOST_F, ...
    CT_MODCOST_X] = idx_ct;

loadprofile = struct( ...
    'type', 'mpcData', ...
    'table', CT_TAREALOAD, ...
    'rows', [1:11], ...
    'col', CT_LOAD_ALL_P, ...
    'chgtype', 1, ...
    'values', [] );
loadprofile.values(:,1,:) = [
	1518.262 956.8143 1628.3915 580.9199 797.9231 1065.8345 852.3655 256.5207 500.7 4550.7977 1715.6691;
	1531.346 967.5893 1625.9052 583.3316 783.5307 1067.0123 866.3633 251.7 495.3303 4456.1033 1696.841;
	1557.0304 979.8408 1649.2247 583.2186 785.4562 1099.7571 882.3662 250.2908 497.9337 4496.0403 1709.9686;
	1650.0 1039.0216 1749.0946 590.4596 869.6986 1156.1806 921.4119 264.3178 513.4324 4671.3506 1823.1907;
	1815.907 1172.8976 1965.2 607.7704 995.7976 1320.7018 1036.8 324.7385 619.4057 5396.5409 2158.8308;
	1921.5012 1249.9712 2066.3311 629.2 1058.314 1442.3832 1105.2457 358.5 687.1 5902.8 2301.8637;
	1923.8551 1247.2449 2104.6981 627.5493 1058.8625 1433.291 1090.0268 371.3 694.4413 6205.8 2301.2885;
	1962.7833 1275.5491 2157.0 636.6441 1100.354 1414.5496 1109.1273 378.7358 714.1601 6505.795 2345.4688;
	1992.7832 1261.6519 2167.4202 607.3156 1086.8 1356.3339 1045.1395 373.4049 704.9106 6506.3374 2367.6465;
	1957.6005 1256.6897 2159.327 605.088 1089.5695 1354.3738 1039.0646 366.4 685.6383 6480.6617 2312.3583;
	1932.1 1261.2311 2156.1398 598.7 1069.7155 1315.3369 1006.3498 350.4 669.763 6429.2524 2308.3647;
	1943.4219 1254.7871 2126.5756 586.0 1072.4602 1303.2537 986.9403 354.8451 667.5137 6330.2875 2294.603;
	1919.3973 1250.96 2108.3153 585.975 1057.9613 1283.2627 1008.7046 368.8205 665.8869 6390.706 2312.3493;
	1864.4215 1236.355 2086.1053 576.5563 1022.8006 1330.9183 1041.5088 355.5498 664.3 6478.4284 2471.1395;
	1841.5046 1245.7521 2046.6308 578.0052 1028.1453 1332.8103 1061.8616 379.5983 674.2837 6586.8697 2589.9043;
	1868.4778 1231.7279 2043.1365 603.3419 1005.4728 1362.6073 1069.415 385.3 665.7069 6561.7 2548.9956;
	1904.7657 1245.6585 2106.2238 621.3083 1063.0 1442.5323 1136.8 396.6 691.9 6520.041 2675.3946;
	1985.7075 1318.5001 2182.8377 631.0211 1111.9901 1513.7072 1206.2266 427.7379 715.5921 6530.8641 2749.8899;
	1935.3171 1297.9 2148.1 628.2376 1103.0944 1467.9605 1176.7358 410.2176 692.28 6331.4523 2610.6945;
	1895.3792 1229.4 2065.4815 607.0993 1043.2701 1423.378 1147.4186 385.0282 683.2 6189.3337 2551.3605;
	1782.3113 1130.8366 1909.4174 591.1558 954.8 1318.3 1064.5 359.9 646.3 5801.1058 2327.0901;
	1670.1612 1048.5903 1788.7 580.942 914.3552 1243.3591 998.4524 326.2531 599.5675 5536.273 2122.9189;
	1577.4377 981.5789 1693.4164 577.0 818.0752 1193.8 938.2 273.8 536.9283 5068.8502 1915.539;
	1532.1478 973.7446 1672.8779 583.2124 800.5004 1178.5433 901.7506 261.2728 497.5932 4734.2345 1808.7513;
];
