function windprofile = ex_wind_profilesh1
%EX_WIND_PROFILE_D  Example wind_load_nyiso profile data for deterministic unit commitment.
% 2022.03.12
% Andres F. Ramirez


%% define constants
[GEN_BUS, PG, QG, QMAX, QMIN, VG, MBASE, GEN_STATUS, PMAX, PMIN, ...
    MU_PMAX, MU_PMIN, MU_QMAX, MU_QMIN, PC1, PC2, QC1MIN, QC1MAX, ...
    QC2MIN, QC2MAX, RAMP_AGC, RAMP_10, RAMP_30, RAMP_Q, APF] = idx_gen;
[CT_LABEL, CT_PROB, CT_TABLE, CT_TBUS, CT_TGEN, CT_TBRCH, CT_TAREABUS, ...
    CT_TAREAGEN, CT_TAREABRCH, CT_ROW, CT_COL, CT_CHGTYPE, CT_REP, ...
    CT_REL, CT_ADD, CT_NEWVAL, CT_TLOAD, CT_TAREALOAD, CT_LOAD_ALL_PQ, ...
    CT_LOAD_FIX_PQ, CT_LOAD_DIS_PQ, CT_LOAD_ALL_P, CT_LOAD_FIX_P, ...
    CT_LOAD_DIS_P, CT_TGENCOST, CT_TAREAGENCOST, CT_MODCOST_F, ...
    CT_MODCOST_X] = idx_ct;

windprofile = struct( ...
    'type', 'mpcData', ...
    'table', CT_TGEN, ...
    'rows', [1:45], ...
    'col', PMAX, ...
    'chgtype', 1, ...
    'values', [] );
windprofile.values(:,1,:) = [
	3.7587 50.7879 94.8166 117.4257 15.1962 33.3556 28.7175 13.1525 27.4759 27.1757 50.2338 74.939 112.8202 65.132 188.4477 70.9966 88.0884 93.3474 84.342 72.5923 9.5725 77.8296 67.9285 89.6767 102.1317 68.5799 9.8173 1153.7821 782.6701 782.6701 727.6348 104.3245 281.14 186.8528 204.1976 333.9393 1119.9686 283.8234 459.2189 273.5669 120.0184 370.0242 199.1202 262.6753 1131.6349;
	3.8157 51.5586 91.0892 115.444 15.2687 34.3941 28.6196 11.792 28.1519 25.1924 46.5678 69.47 104.5868 63.4876 188.8759 71.1579 88.2885 93.5595 74.7321 72.2662 9.5399 80.2529 62.2318 88.7192 99.2554 67.1546 8.205 1149.7707 776.412 776.412 696.7674 103.7494 249.107 186.0133 199.0423 331.2691 1204.8513 263.7242 456.2233 265.8626 117.2375 381.5451 204.2756 259.3075 1217.4019;
	3.7865 51.1641 90.0872 103.5989 15.3873 34.2346 26.2455 10.7596 27.9659 26.8324 49.5992 73.9922 111.3949 63.2821 189.1294 71.2534 88.407 93.685 85.5576 72.1397 8.7485 79.8807 66.8145 88.8614 90.3026 67.6358 8.8037 1140.437 782.0061 782.0061 743.3726 108.0055 285.192 185.6877 198.398 333.6559 1145.9467 265.3313 454.9771 241.882 113.9576 379.7756 187.5847 262.1608 1157.8836;
	3.7651 50.8743 88.8083 109.3498 15.3943 33.7418 23.1665 11.6457 27.5733 27.679 51.1641 76.3268 114.9096 63.058 187.3983 70.6012 87.5978 92.8276 84.8953 72.8803 7.7222 78.7309 70.1653 89.0754 88.5869 64.482 8.2859 1127.2578 773.6686 773.6686 727.2172 98.9177 282.9844 187.594 197.6953 330.0986 1144.9271 264.1957 444.3428 237.2864 111.1689 374.309 191.1955 262.1229 1156.8534;
	3.7102 50.1324 87.0559 92.3365 15.3336 33.3073 19.8505 8.9296 24.1701 26.8783 49.6841 74.1189 111.5855 64.2517 187.4458 70.6191 87.62 92.8511 87.0142 71.6024 6.6168 77.7169 70.126 88.5572 75.8798 56.393 7.3584 1146.2534 761.6009 761.6009 716.7405 93.8697 290.0472 184.3048 201.4376 324.9497 1111.6386 256.6214 401.676 203.2495 105.8292 369.4885 199.9597 239.1379 1123.2182;
	3.7707 50.9503 82.9388 81.4531 14.9505 31.6595 17.3758 6.7715 24.7712 27.5811 50.9833 76.057 114.5034 63.4165 184.9765 69.6888 86.4657 91.6279 86.3607 71.2262 5.7919 73.8722 68.4018 86.517 55.5283 41.5189 5.4615 1163.3436 723.4393 723.4393 669.6381 90.3285 287.869 183.3365 198.8194 308.6674 1120.5744 237.855 359.2799 148.7366 96.4158 351.2095 192.8415 190.9677 1132.2471;
	3.578 48.3462 74.2172 68.77 14.6691 29.6476 14.8485 5.661 19.6223 26.8379 49.6095 74.0076 111.418 63.7351 179.2111 67.5167 83.7708 88.772 86.1767 70.3176 4.9495 69.1778 68.0014 81.7819 49.3473 28.319 4.3688 1217.4706 689.1436 689.1436 565.1395 60.0427 287.2556 180.9977 199.818 294.0346 1116.1933 212.9091 291.3783 132.1803 76.7131 328.8911 166.736 141.2785 1127.8203;
	3.7555 50.7455 72.0167 72.7473 15.0952 31.0111 15.2128 5.0237 16.4053 23.4491 43.3453 64.6626 97.3492 64.1993 181.7126 68.4591 84.9401 90.0111 87.875 69.5133 5.0709 72.3592 56.7089 82.6246 56.2853 19.0641 3.3482 1211.0474 667.0233 667.0233 618.4916 59.2042 292.9165 178.9274 201.2734 284.5966 1086.7414 212.1273 242.3377 150.7643 80.4504 344.0162 160.8214 147.2399 1098.0616;
	3.1696 42.8288 61.5098 70.3747 14.9951 26.1784 14.6201 4.0475 20.7526 18.7575 34.673 51.7253 77.8721 65.8288 164.809 62.0908 77.0386 81.6379 85.6148 65.7827 4.8734 61.0828 46.4183 84.8713 58.5351 12.9177 2.7808 1190.4248 757.54 757.54 721.1453 76.3692 285.3826 169.3249 206.3821 323.217 1091.1226 238.9381 219.9032 156.7905 60.1204 290.4052 147.4404 156.9189 1102.4884;
	2.8726 38.8158 53.7828 67.5371 15.1611 20.3113 19.4476 2.2502 22.9894 17.6569 32.6385 48.6903 73.303 66.1485 168.6367 63.5329 78.8279 83.534 84.628 67.6828 6.4825 47.393 43.0096 74.9403 39.3123 6.1607 1.282 1146.1973 757.9035 757.9035 697.0372 98.526 282.0934 174.2156 207.3845 323.3721 1100.7728 229.6315 352.712 105.3008 49.8119 225.3198 138.1748 137.9706 1112.2392;
	2.178 29.43 39.4075 53.6918 14.3868 15.1301 18.0873 1.2533 21.5656 14.1766 26.2053 39.0931 58.8545 68.0371 165.4209 62.3214 77.3246 81.941 83.3978 70.0521 6.0291 35.3037 34.0109 63.2015 27.3396 5.3953 2.2497 1093.2173 746.1915 746.1915 672.3472 103.1915 277.9927 180.3142 213.3057 318.3751 1057.156 231.8959 383.9419 73.231 41.6769 167.8437 92.6213 95.2486 1068.168;
	1.617 21.8494 32.041 35.657 11.2335 12.3585 19.6682 1.0367 20.7038 13.882 25.6607 38.2807 57.6313 67.0512 167.1271 62.9642 78.1222 82.7862 86.204 70.948 6.5561 28.8364 38.9503 39.5927 20.2874 6.0717 0.7704 999.9913 723.4758 723.4758 680.8217 99.4841 287.3468 182.6204 210.2144 308.683 1017.7601 204.2206 396.4458 54.3414 31.4137 137.0967 69.0625 75.5947 1028.3617;
	0.8669 11.7131 25.8205 26.6345 9.4183 7.373 18.8505 1.2919 17.3666 12.2738 22.6879 33.8459 50.9548 64.5657 167.7446 63.1968 78.4109 83.0921 80.7533 67.7747 6.2835 17.2036 37.9589 31.1429 17.3304 9.4322 1.6888 915.6368 729.5034 729.5034 690.205 90.4434 269.1777 174.4523 202.422 311.2548 963.6407 213.5278 410.2049 46.4207 25.9089 81.7909 44.823 27.0784 973.6786;
	0.757 10.2281 23.7034 33.5351 7.8121 7.9239 13.2925 2.1216 14.7604 15.5728 28.7861 42.9431 64.6507 61.66 171.3521 64.5559 80.0972 84.8791 81.243 66.6216 4.4308 18.4892 46.7071 34.4774 22.6282 10.6342 3.3534 890.4021 695.633 695.633 679.4068 77.6042 270.81 171.4843 193.3125 296.8034 844.6954 202.8886 398.1932 60.6114 28.5413 87.9028 30.6941 48.5512 853.4943;
	0.6198 8.3742 23.0011 9.6581 6.5052 7.3483 10.9227 1.8141 13.2082 13.9555 25.7965 38.4834 57.9365 60.7656 156.4487 58.9411 73.1306 77.4967 66.0567 65.9021 3.6409 17.1459 53.5711 42.8276 19.6555 7.3383 2.6895 755.9297 617.709 617.709 587.2688 66.7216 220.1891 169.6322 190.5084 263.5559 728.8493 186.1822 308.0461 52.6486 27.6468 81.5167 28.8707 41.5536 736.4415;
	0.7172 9.6904 17.107 27.0551 7.1281 0.0 5.6407 0.6939 10.3043 11.5401 21.3316 31.8226 47.9087 64.5204 157.8053 59.4522 73.7648 78.1687 64.8607 66.3765 1.8802 0.0 51.6097 40.2227 18.9581 3.9016 1.3943 738.0547 512.7405 512.7405 529.3766 74.6829 216.2024 170.8534 202.28 218.7693 579.7881 182.5752 213.1695 50.7808 26.2554 0.0 0.0 17.9015 585.8275;
	0.2683 3.6256 0.6554 6.2681 6.3612 0.2176 3.8921 0.0 12.921 14.4937 26.7915 39.9676 60.171 63.8021 145.6872 54.8868 68.1003 72.166 65.6735 64.0683 1.2974 0.5077 51.1334 28.7392 10.8524 4.6596 0.6907 715.0595 508.314 508.314 558.0531 70.9822 218.9118 164.9121 200.0284 216.8806 694.1999 180.2218 215.1235 29.069 33.0918 2.4138 0.0 1.3387 701.4311;
	0.5369 7.2541 0.251 9.5743 1.7793 0.0 3.3283 0.0 3.9239 13.8649 25.6291 38.2335 57.5604 68.191 117.3084 44.1953 54.8349 58.1086 73.1497 56.4801 1.1094 0.0 58.1969 10.7784 13.2568 3.8497 1.0974 654.9304 508.7051 508.7051 586.2694 76.3082 243.8322 145.38 213.7881 217.0475 699.1448 191.1811 303.0757 35.5092 69.6254 0.0 0.0 0.0156 706.4276;
	0.3874 5.2353 24.1899 40.0375 4.6839 0.9861 2.5181 1.8442 3.2481 19.8531 36.6981 54.7463 82.4203 66.549 113.6434 42.8145 53.1217 56.2931 0.2149 63.1974 0.8394 2.3009 66.494 42.0408 23.2833 8.8794 1.8611 729.5371 492.7727 492.7727 607.3307 72.5364 0.7165 162.6702 208.64 210.2497 670.4285 184.992 317.6123 62.366 84.6756 10.939 0.0 16.2546 677.4122;
