function loadprofile = ex_load_profilesh1
%EX_LOAD_PROFILE  Example load profile data file for stochastic unit commitment.
% 2022.03.12
% Andres F. Ramirez

%% define constants
[CT_LABEL, CT_PROB, CT_TABLE, CT_TBUS, CT_TGEN, CT_TBRCH, CT_TAREABUS, ...
    CT_TAREAGEN, CT_TAREABRCH, CT_ROW, CT_COL, CT_CHGTYPE, CT_REP, ...
    CT_REL, CT_ADD, CT_NEWVAL, CT_TLOAD, CT_TAREALOAD, CT_LOAD_ALL_PQ, ...
    CT_LOAD_FIX_PQ, CT_LOAD_DIS_PQ, CT_LOAD_ALL_P, CT_LOAD_FIX_P, ...
    CT_LOAD_DIS_P, CT_TGENCOST, CT_TAREAGENCOST, CT_MODCOST_F, ...
    CT_MODCOST_X] = idx_ct;

loadprofile = struct( ...
    'type', 'mpcData', ...
    'table', CT_TAREALOAD, ...
    'rows', [1:11], ...
    'col', CT_LOAD_ALL_P, ...
    'chgtype', 1, ...
    'values', [] );
loadprofile.values(:,1,:) = [
	1422.7397 938.2781 1600.6836 544.6248 770.2365 1016.3627 806.5729 244.9274 497.4 4032.8863 1378.2044;
	1421.4588 942.5 1605.5337 559.6867 762.1842 1038.8658 820.0878 255.9003 491.7 4129.8092 1539.5789;
	1443.9763 959.6925 1640.0642 542.0144 759.524 1096.763 846.2824 250.4 501.679 4157.0585 1523.6162;
	1524.8736 1030.4431 1758.9223 572.5 859.4701 1166.167 891.1081 272.2 531.9155 4469.7608 1631.5998;
	1730.1 1167.1747 1960.4233 605.3 973.4768 1295.3538 984.5112 318.2884 615.3831 5048.38 1871.2027;
	1860.1053 1247.0 2097.8 612.0994 1060.0311 1389.2709 1079.4331 336.9418 696.445 5747.4681 2096.716;
	1907.954 1270.7969 2122.7075 594.6197 1066.8 1407.9709 1106.5134 340.9082 705.8092 5991.9079 2091.218;
	1854.4407 1255.6544 2102.1016 571.0042 1044.8748 1398.0371 1111.5772 311.4514 698.6329 6210.594 1959.838;
	1907.8751 1254.3034 2111.5596 571.2647 1047.9892 1357.6307 1105.7855 305.2583 686.6376 6433.452 1920.0129;
	1892.7901 1241.2 2100.6532 583.5 1043.26 1313.4307 1096.4434 303.8386 675.4644 6409.4988 2008.1207;
	1847.8594 1238.5856 2129.7719 563.8982 1063.7 1336.7 1090.9538 304.6129 696.1909 6443.1832 1968.6082;
	1860.626 1232.3969 2146.1863 580.5911 1074.5 1362.2926 1159.0124 322.104 689.3 6523.9794 2080.7369;
	1841.0927 1211.3482 2119.5673 582.2713 1045.0354 1342.6943 1198.4548 319.4187 705.657 6491.3604 2096.7941;
	1839.6364 1193.5692 2097.395 574.4 1008.704 1308.3566 1189.6412 281.7267 690.9034 6462.759 2171.9313;
	1818.0277 1203.396 2147.3293 582.0296 1043.9631 1368.2392 1255.5877 306.2244 694.126 6489.6278 2268.6;
	1881.159 1257.3233 2202.604 587.172 1051.5654 1438.1 1295.9887 299.1734 709.4349 6424.7841 2347.3;
	1895.275 1246.4712 2139.4147 612.5 1048.1175 1437.1743 1279.8135 298.5559 707.0123 6278.9642 2403.2857;
	1893.5786 1302.2272 2231.7951 637.5 1071.9805 1494.1772 1272.6426 348.9892 734.1717 6359.9747 2541.926;
	1868.1773 1269.37 2203.5541 633.645 1055.2 1497.261 1242.3392 336.8865 710.996 6076.6015 2488.9129;
	1838.5084 1200.0697 2128.2229 612.7382 1009.6 1410.0 1168.0364 324.8459 686.4562 5866.6376 2364.7081;
	1728.2929 1120.1924 1975.3213 593.0 951.0671 1308.5506 1073.0 294.8203 618.4533 5606.2759 2148.6522;
	1624.9879 1058.5483 1859.5 581.0968 903.9404 1220.1911 1000.8423 255.5364 575.2834 5176.3037 1955.6295;
	1544.2102 999.4925 1726.1374 597.2 831.2028 1174.2 916.235 206.7564 533.6 4792.9237 1785.7949;
	1568.8603 984.8177 1698.46 595.2799 769.4001 1146.3657 875.4 222.6566 538.3052 4721.8017 1775.1931;
];
