function windprofile = ex_wind_profilesh1
%EX_WIND_PROFILE_D  Example wind_load_nyiso profile data for deterministic unit commitment.
% 2022.03.12
% Andres F. Ramirez


%% define constants
[GEN_BUS, PG, QG, QMAX, QMIN, VG, MBASE, GEN_STATUS, PMAX, PMIN, ...
    MU_PMAX, MU_PMIN, MU_QMAX, MU_QMIN, PC1, PC2, QC1MIN, QC1MAX, ...
    QC2MIN, QC2MAX, RAMP_AGC, RAMP_10, RAMP_30, RAMP_Q, APF] = idx_gen;
[CT_LABEL, CT_PROB, CT_TABLE, CT_TBUS, CT_TGEN, CT_TBRCH, CT_TAREABUS, ...
    CT_TAREAGEN, CT_TAREABRCH, CT_ROW, CT_COL, CT_CHGTYPE, CT_REP, ...
    CT_REL, CT_ADD, CT_NEWVAL, CT_TLOAD, CT_TAREALOAD, CT_LOAD_ALL_PQ, ...
    CT_LOAD_FIX_PQ, CT_LOAD_DIS_PQ, CT_LOAD_ALL_P, CT_LOAD_FIX_P, ...
    CT_LOAD_DIS_P, CT_TGENCOST, CT_TAREAGENCOST, CT_MODCOST_F, ...
    CT_MODCOST_X] = idx_ct;

windprofile = struct( ...
    'type', 'mpcData', ...
    'table', CT_TGEN, ...
    'rows', [1:45], ...
    'col', PMAX, ...
    'chgtype', 1, ...
    'values', [] );
windprofile.values(:,1,:) = [
	3.7888 51.1947 92.5924 107.394 15.0521 33.678 26.0153 11.8993 26.5592 27.5231 50.8761 75.8971 114.2627 65.0587 185.6294 69.9348 86.771 91.9513 87.1554 66.7281 8.6718 78.582 67.9979 84.3402 96.2024 57.4031 8.8817 1182.6339 750.1577 750.1577 741.4696 111.493 290.5179 171.7584 203.9677 320.0673 1143.6767 291.3129 459.7477 257.6849 117.5862 373.6013 202.9023 255.349 1155.59;
	3.871 52.3054 88.6085 109.4776 15.1754 34.3904 27.0809 11.7525 27.7257 26.5194 49.0208 73.1294 110.0959 68.7002 195.1382 73.5172 91.2158 96.6615 90.0691 70.0071 9.027 80.2442 69.596 83.9059 97.8226 56.4831 8.0658 1239.5405 767.6952 767.6952 778.2471 112.3962 300.2302 180.1983 215.3843 327.55 1240.8518 274.4121 476.4598 262.0249 118.3155 381.5038 208.9982 244.8328 1253.7773;
	3.8185 51.5965 90.8949 98.2125 15.2375 34.9629 24.5328 11.0597 27.7249 25.694 47.4949 70.8531 106.669 67.9369 189.6783 71.4602 88.6636 93.9569 89.2594 71.4694 8.1776 81.5802 66.9142 87.117 89.886 60.1993 9.415 1228.6415 746.799 746.799 751.7338 112.0929 297.5313 183.9624 212.9914 318.6342 1172.2287 262.6865 472.2127 240.7661 119.8809 387.8554 194.3142 262.2226 1184.4394;
	3.7869 51.17 89.0378 100.3683 15.2247 34.4208 21.9594 10.8868 27.5933 27.2622 50.3938 75.1776 113.1794 67.0228 194.9127 73.4322 91.1104 96.5498 89.122 71.9077 7.3198 80.3153 68.589 86.7757 87.423 52.5856 8.0917 1200.0332 762.5552 762.5552 738.5635 110.4253 297.0734 185.0906 210.1254 325.3569 1182.8571 256.845 459.1083 234.1687 114.6258 381.8419 195.6244 250.5565 1195.1785;
	3.6607 49.4634 83.9794 82.0525 14.8776 34.0567 18.9329 8.7684 23.6958 27.4264 50.6973 75.6303 113.861 66.1137 200.0781 75.3783 93.5249 99.1085 87.2121 72.8516 6.311 79.4657 68.7495 83.7196 72.8043 46.2997 7.1034 1221.3121 742.2257 742.2257 676.871 107.3797 290.7072 187.5202 207.2753 316.683 1135.7674 243.3294 413.2555 195.0114 111.3032 377.8025 203.2009 220.8144 1147.5983;
	3.6835 49.7727 82.5166 80.1972 15.0602 33.6071 18.2889 6.265 25.9163 28.4228 52.5391 78.3781 117.9977 65.2911 194.1299 73.1373 90.7444 96.162 89.443 71.8423 6.0963 78.4165 68.9514 82.5629 56.0297 18.0918 5.0905 1215.4212 723.9675 723.9675 646.048 91.791 298.1433 184.9222 204.6964 308.8928 1145.6702 222.0731 385.7082 150.0796 97.5948 372.8145 198.8801 169.9103 1157.6043;
	3.1339 42.3453 71.6269 67.6772 15.0144 31.1067 15.6523 4.9175 19.015 27.7272 51.2534 76.46 115.1101 66.0928 188.0959 70.864 87.9239 93.1731 90.5933 71.7268 5.2174 72.5824 69.0181 75.9076 47.8128 10.5005 3.7993 1203.6208 666.7149 666.7149 555.8122 62.7489 301.9777 184.6249 207.2099 284.465 1072.1936 209.8199 294.8951 128.07 78.7932 345.0773 160.3327 116.309 1083.3623;
	3.4814 47.0416 68.1468 71.671 14.9825 30.1776 16.4184 4.8557 16.8248 23.2775 43.0282 64.1896 96.637 66.2596 187.1248 70.4982 87.47 92.6921 88.99 68.1683 5.4728 70.4145 53.6671 79.8554 54.8098 15.6579 3.2775 1225.9639 674.2809 674.2809 598.0482 65.048 296.6332 175.4654 207.7328 287.6932 1083.2077 212.8993 274.3616 146.8121 84.8671 334.7705 155.1125 133.3452 1094.4911;
	2.9278 39.5616 55.9716 63.6576 14.4091 23.831 16.3678 1.2497 21.107 15.2939 28.2706 42.1742 63.493 64.8278 184.0703 69.3474 86.0422 91.179 88.4813 71.0955 5.4559 55.6057 33.1525 78.3131 52.3246 4.0208 0.8261 1166.1129 745.4585 745.4585 711.4564 90.0489 294.9378 182.9999 203.244 318.0623 1089.3574 246.8848 264.337 140.1553 52.5953 264.3654 143.6431 149.2244 1100.7049;
	2.3631 31.9307 44.6519 56.1584 13.9544 18.1089 19.4947 0.5697 20.5884 9.3273 17.2413 25.7207 38.7224 64.2524 184.1316 69.3705 86.0708 91.2094 87.7483 69.4589 6.4982 42.2541 18.5841 61.6597 29.2664 1.5471 0.636 1022.1627 713.1457 713.1457 685.3428 105.792 292.4942 178.7874 201.44 304.2755 1082.4675 235.4067 365.2228 78.392 44.1602 200.8879 123.2774 118.3288 1093.7432;
	1.8035 24.3688 32.5164 40.5898 13.1589 11.9944 17.7657 0.5386 19.2271 14.602 26.9916 40.2661 60.6204 64.3377 181.0828 68.2219 84.6457 89.6992 85.9386 71.3605 5.9219 27.9868 26.984 45.361 19.7624 0.0 0.7793 1024.1303 691.5391 691.5391 705.4397 102.719 286.4621 183.6821 201.7072 295.0567 1007.5407 234.8042 384.4791 52.935 34.5427 133.0574 82.6047 87.7071 1018.0359;
	1.383 18.6878 26.5209 24.0568 10.0024 9.6828 19.5869 0.6153 17.9427 15.8625 29.3215 43.7419 65.8532 64.043 187.3557 70.5852 87.5779 92.8064 87.0404 71.9118 6.529 22.5932 37.4063 31.474 15.2723 0.0 0.7714 994.7476 688.4574 688.4574 704.5406 110.8128 290.1346 185.1012 200.7834 293.7418 1013.3159 222.4895 407.6043 40.908 26.6859 107.4147 62.4779 68.1242 1023.8713;
	1.1234 15.18 24.3713 25.7173 8.8637 7.4356 18.4307 1.7892 15.5342 13.7215 25.364 37.8381 56.9651 63.9291 191.0404 71.9734 89.3003 94.6317 89.8997 72.9442 6.1436 17.3496 34.6843 36.3477 21.8471 3.3729 2.3489 1016.5851 710.7751 710.7751 682.2935 104.2501 299.6658 187.7585 200.4262 303.2641 1051.6559 220.7296 437.4637 58.5191 26.0274 82.4851 52.6485 50.932 1062.6106;
	0.8513 11.5033 20.6743 28.9377 7.1316 7.6209 13.0671 1.9365 11.9678 14.0138 25.9042 38.644 58.1784 64.1956 180.7733 68.1053 84.501 89.5459 87.77 69.2882 4.3557 17.7821 40.6914 36.8578 25.3467 3.9933 3.3736 972.0049 674.5369 674.5369 689.5554 98.126 292.5667 178.348 201.2618 287.8024 901.3758 223.6909 429.5181 67.893 23.9217 84.5412 35.0648 51.6607 910.7652;
	0.9138 12.347 23.9035 15.4072 6.0966 8.3984 11.4138 1.5452 11.9116 12.8476 23.7486 35.4282 53.337 66.299 181.0624 68.2142 84.6361 89.689 82.2777 68.9413 3.8046 19.5962 49.0093 48.6692 26.3657 2.432 3.2523 877.3779 620.6058 620.6058 622.4206 83.7747 274.2591 177.4551 207.8564 264.7918 835.8468 198.3509 353.2801 70.6224 25.4705 93.1657 35.3085 50.1281 844.5535;
	0.9668 13.0639 17.6769 27.5907 6.9287 1.9921 6.0681 0.9511 9.1397 4.8654 8.9936 13.4166 20.1987 65.849 181.6597 68.4392 84.9153 89.9849 78.8281 71.7834 2.0227 4.6482 32.0753 40.9777 25.222 1.5714 1.9597 889.7196 543.2104 543.2104 543.0723 80.2191 262.7602 184.7706 206.4455 231.7698 658.1696 186.4212 238.8052 67.559 23.9989 22.0987 9.5699 21.8399 665.0256;
	0.481 6.4992 0.0437 0.0962 5.5632 0.0005 3.4911 0.0 10.6516 8.0424 14.8663 22.1775 33.3881 63.3236 169.1855 63.7397 79.0844 83.8059 82.4691 64.8422 1.1637 0.0012 27.0707 33.7751 14.7684 3.2882 1.0971 810.0551 523.6698 523.6698 565.9368 79.738 274.8971 166.904 198.5281 223.4325 735.9491 188.2309 222.2115 39.5583 27.5483 0.0059 0.0 0.0018 743.6153;
	1.0486 14.1689 1.9313 0.7802 1.9201 1.7212 1.6079 0.0 7.0518 17.3709 32.1098 47.9015 72.1154 65.0679 129.8007 48.9017 60.6743 64.2966 84.5747 53.1511 0.536 4.0162 45.8616 28.3801 13.1434 0.0 1.2346 802.3097 526.9803 526.9803 610.831 91.1282 281.9155 136.8109 203.9967 224.8449 756.6947 209.1656 324.3491 35.2055 65.343 19.0944 2.0772 2.5708 764.5769;
	0.4493 6.0705 22.7596 38.2454 0.0 2.7803 0.197 1.7878 2.2058 20.3086 37.5401 56.0025 84.3115 66.1031 129.3838 48.7446 60.4794 64.0901 87.5093 65.8512 0.0657 6.4874 61.0919 46.0877 20.7732 4.3314 2.1488 891.097 519.5888 519.5888 630.3197 84.6583 291.6976 169.5011 207.2422 221.6912 732.7902 198.6814 334.843 55.6426 83.0878 30.8431 19.3421 0.4957 740.4235;
