function windprofile = ex_wind_profilesh1
%EX_WIND_PROFILE_D  Example wind_load_nyiso profile data for deterministic unit commitment.
% 2022.03.12
% Andres F. Ramirez


%% define constants
[GEN_BUS, PG, QG, QMAX, QMIN, VG, MBASE, GEN_STATUS, PMAX, PMIN, ...
    MU_PMAX, MU_PMIN, MU_QMAX, MU_QMIN, PC1, PC2, QC1MIN, QC1MAX, ...
    QC2MIN, QC2MAX, RAMP_AGC, RAMP_10, RAMP_30, RAMP_Q, APF] = idx_gen;
[CT_LABEL, CT_PROB, CT_TABLE, CT_TBUS, CT_TGEN, CT_TBRCH, CT_TAREABUS, ...
    CT_TAREAGEN, CT_TAREABRCH, CT_ROW, CT_COL, CT_CHGTYPE, CT_REP, ...
    CT_REL, CT_ADD, CT_NEWVAL, CT_TLOAD, CT_TAREALOAD, CT_LOAD_ALL_PQ, ...
    CT_LOAD_FIX_PQ, CT_LOAD_DIS_PQ, CT_LOAD_ALL_P, CT_LOAD_FIX_P, ...
    CT_LOAD_DIS_P, CT_TGENCOST, CT_TAREAGENCOST, CT_MODCOST_F, ...
    CT_MODCOST_X] = idx_ct;

windprofile = struct( ...
    'type', 'mpcData', ...
    'table', CT_TGEN, ...
    'rows', [1:45], ...
    'col', PMAX, ...
    'chgtype', 1, ...
    'values', [] );
windprofile.values(:,1,:) = [
	3.7491 50.6584 90.8246 111.7413 15.3757 33.4163 28.7374 11.1338 27.0356 28.375 52.4508 78.2463 117.7993 68.058 184.4568 69.493 86.2228 91.3704 85.4753 69.1643 9.5791 77.9713 67.4635 86.0018 92.1879 65.0979 8.2602 1238.5136 775.6342 775.6342 720.2256 107.1838 284.9175 178.0291 213.371 330.9372 1198.1992 284.2012 466.0393 246.9319 118.7618 370.6979 202.3904 238.8314 1210.6805;
	3.7673 50.9045 87.6337 109.9183 15.2479 32.6501 27.7183 9.4683 27.4307 26.5516 49.0802 73.218 110.2294 68.3688 189.7603 71.4911 88.7019 93.9975 87.5061 68.4597 9.2394 76.1835 69.2938 83.5654 90.1759 56.8886 7.1255 1249.6766 769.1739 769.1739 706.0469 105.4555 291.687 176.2153 214.3453 328.1809 1245.8908 273.0369 460.3381 241.5425 115.7919 362.198 209.1914 234.7131 1258.8688;
	3.7002 49.9976 86.6376 93.2041 14.8759 32.7793 25.2808 9.4065 26.9298 25.9057 47.8862 71.4368 107.5477 67.0277 186.4382 70.2395 87.149 92.352 86.4391 68.0221 8.4269 76.485 67.0894 83.6492 79.7865 54.4879 8.1197 1229.2713 778.014 778.014 706.8531 103.7734 288.1302 175.0891 210.1411 331.9527 1208.2041 262.8476 445.4188 213.7139 111.3871 363.6313 192.1508 246.7341 1220.7896;
	3.5897 48.5045 86.7873 99.7663 14.7636 32.3758 20.1379 9.9991 25.5993 26.9864 49.884 74.4171 112.0345 65.5746 185.6445 69.9405 86.778 91.9588 90.7715 68.9036 6.7126 75.5435 70.7954 86.0945 77.2731 52.6316 7.5435 1137.6189 791.9585 791.9585 711.9269 102.3436 302.5717 177.3581 205.5851 337.9023 1187.3553 253.6912 416.3306 206.9815 111.1375 359.1552 186.5038 241.7324 1199.7236;
	3.5654 48.1768 82.7625 83.4402 14.6684 31.8213 18.3134 7.6041 22.2089 26.6264 49.2185 73.4243 110.5398 64.1237 192.9765 72.7028 90.2053 95.5907 92.5632 71.0713 6.1045 74.2498 70.4638 83.9803 60.1657 46.5173 6.3776 1117.3598 767.6798 767.6798 665.4858 94.0787 308.5439 182.9376 201.0366 327.5434 1096.0349 233.7319 351.4132 161.1582 101.8606 353.0048 197.412 205.4502 1107.4519;
	3.6298 49.0462 79.8635 75.9136 14.7571 31.4769 16.3092 5.9561 24.8432 28.028 51.8094 77.2894 116.3588 62.588 194.2985 73.2008 90.8232 96.2455 91.6456 71.5144 5.4364 73.446 70.101 80.9745 44.9419 33.1944 5.6167 1184.0837 729.8213 729.8213 642.5965 87.5902 305.4852 184.0783 196.2217 311.3904 1122.8757 212.324 328.3162 120.3801 93.0123 349.1832 190.446 165.9446 1134.5723;
	3.116 42.1045 67.1956 60.8327 14.4904 28.6952 13.9484 2.4016 18.5071 26.7986 49.5368 73.8991 111.2547 64.165 193.577 72.929 90.486 95.8881 91.481 72.4054 4.6495 66.9555 69.3291 76.5028 35.1591 22.5706 4.022 1181.3658 654.6118 654.6118 535.4485 55.1158 304.9367 186.3716 201.1658 279.301 1019.1306 197.3758 266.5785 94.176 78.6698 318.3256 157.5672 114.0738 1029.7465;
	3.4798 47.0202 61.4998 64.9288 14.7466 28.7096 15.1192 2.4682 15.9172 22.7558 42.0637 62.7508 94.471 64.4143 183.4266 69.1049 85.7413 90.8602 90.351 67.5278 5.0397 66.9891 56.0402 78.3125 49.1176 14.0201 3.3256 1213.4731 693.197 693.197 615.5233 62.4657 301.1699 173.8168 201.9476 295.7641 1064.2793 206.2914 238.0124 131.5651 73.3173 318.4854 151.1686 116.678 1075.3655;
	2.9197 39.4512 56.3795 60.649 14.5563 25.0872 14.8457 1.5697 21.0866 20.9439 38.7144 57.7543 86.9487 66.7992 172.5652 65.0129 80.6642 85.48 91.6142 65.1321 4.9486 58.5368 51.9013 77.4259 49.501 10.9563 2.4137 1197.2529 773.684 773.684 741.4546 88.2543 305.3808 167.6502 209.4247 330.1052 1077.7352 247.7283 237.333 132.592 47.4033 278.3007 145.5729 139.6604 1088.9616;
	2.8781 38.8896 49.1187 61.611 15.0707 20.2163 20.2098 1.8058 22.8733 19.1965 35.4844 52.9357 79.6944 66.1997 172.2991 64.9127 80.5398 85.3482 92.4661 67.0987 6.7366 47.1713 44.8925 64.413 31.8755 7.1332 1.1577 1130.1674 775.6735 775.6735 737.452 106.9669 308.2203 172.7121 207.545 330.954 1100.9024 229.095 371.9733 85.3808 42.1947 224.2661 141.8535 118.4247 1112.3701;
	2.1098 28.5075 35.3572 43.6733 13.4896 12.2996 18.4135 1.0248 19.6809 15.9114 29.4121 43.877 66.0566 63.814 164.9033 62.1264 77.0827 81.6847 92.3436 67.2418 6.1378 28.6991 32.7842 47.6584 17.5338 4.8396 0.7979 1066.2184 764.2537 764.2537 684.8837 96.373 307.812 173.0806 200.0656 326.0816 992.4655 223.3038 364.1158 46.9656 24.7684 136.4439 89.7581 82.7705 1002.8037;
	1.4101 19.0542 27.3852 26.2715 9.6416 10.1468 18.4207 1.0829 16.3612 13.946 25.779 38.4571 57.897 58.6929 159.7613 60.1891 74.6791 79.1376 87.0262 65.874 6.1402 23.6759 30.4811 36.9085 14.2313 6.7711 1.2607 953.7053 673.0904 673.0904 629.5674 95.7068 290.0874 169.5598 184.0103 287.1852 924.8291 190.8818 365.8198 38.1195 24.2119 112.562 62.4929 65.7038 934.4627;
	0.6992 9.4483 24.0104 23.897 8.7494 7.3823 17.6292 1.7637 13.9354 1.2394 2.2909 3.4176 5.1452 56.7085 151.8999 57.2274 71.0044 75.2434 86.1268 58.852 5.8764 17.2254 9.3412 34.31 10.9881 8.7514 2.5255 918.4735 685.7233 685.7233 604.7812 96.8232 287.0892 151.4852 177.7889 292.5753 928.5419 192.8321 408.683 29.4324 26.7137 81.8943 48.4447 42.6288 938.2142;
	0.7361 9.9466 22.2303 30.2268 7.9477 8.8219 12.7642 2.2161 11.4273 14.3595 26.5433 39.5973 59.6136 59.8824 161.4906 60.8406 75.4874 79.9942 84.3388 60.1085 4.2547 20.5844 18.1254 39.7744 19.5574 10.9944 3.6056 918.5643 637.1544 637.1544 615.2465 92.8605 281.1295 154.7193 187.7394 271.8526 758.2568 192.7084 391.6757 52.3859 25.7174 97.864 39.1645 53.434 766.1553;
	0.7845 10.5997 21.2505 0.0 6.7725 8.895 10.2576 1.2328 11.7349 15.7774 29.1643 43.5074 65.5001 57.7553 162.2251 61.1174 75.8308 80.358 78.6141 62.0118 3.4192 20.7551 29.7695 47.261 13.4284 2.3858 2.9533 763.5647 540.6291 540.6291 555.8249 81.1369 262.0469 159.6184 181.0706 230.6684 626.7951 184.1455 310.7036 35.969 19.6024 98.6756 30.7592 43.5988 633.3242;
	0.9265 12.5191 15.772 25.9544 7.4922 9.5418 3.891 0.5343 0.0163 11.1711 20.6496 30.8051 46.3769 63.3899 159.3781 60.0448 74.5 78.9478 78.1149 58.3551 1.297 22.2641 20.0719 38.2474 7.6352 0.368 1.0488 800.1482 491.7873 491.7873 516.0377 81.2689 260.3832 150.206 198.736 209.8292 553.8936 183.188 212.0758 20.4515 27.0024 105.8501 5.2783 14.7249 559.6633;
	0.5076 6.8582 0.0 4.2705 6.3253 11.5677 2.6445 0.0 9.5502 16.8782 31.199 46.5428 70.07 61.1319 157.6644 59.3992 73.699 78.0989 82.0056 52.5409 0.8815 26.9913 41.9239 33.7799 4.2565 2.7587 0.9426 762.8035 493.0506 493.0506 533.3046 79.0934 273.352 135.2405 191.6567 210.3683 682.9567 179.672 217.6854 11.4013 28.9216 128.3243 7.9989 0.0 690.0708;
	1.2439 16.8082 2.252 44.5434 2.9404 26.1695 0.0094 0.0405 1.2508 20.3963 37.7023 56.2444 84.6757 61.711 125.3355 47.2194 58.5871 62.0848 80.9027 43.1686 0.0031 61.0623 57.0804 36.2437 11.5598 2.1226 1.4009 728.6042 466.4863 466.4863 556.6081 81.9231 269.6756 111.1162 193.4724 199.0342 684.5916 181.3889 335.9787 30.9638 67.4945 290.3075 60.3176 7.0948 691.7227;
	0.5932 8.015 23.6524 41.9646 0.4933 24.3364 0.0136 1.6355 0.0 21.5982 39.9239 59.5587 89.6652 59.6379 114.9152 43.2936 53.7162 56.9231 0.7106 56.2823 0.0045 56.785 52.5602 48.3663 20.3295 4.7085 1.7551 781.6372 462.221 462.221 611.2274 82.7844 2.3686 144.8708 186.9728 197.2143 648.2292 182.6145 344.9431 54.454 86.3313 269.972 53.4787 4.1495 654.9816;
