function windprofile = ex_wind_profilesh1
%EX_WIND_PROFILE_D  Example wind_load_nyiso profile data for deterministic unit commitment.
% 2022.03.12
% Andres F. Ramirez


%% define constants
[GEN_BUS, PG, QG, QMAX, QMIN, VG, MBASE, GEN_STATUS, PMAX, PMIN, ...
    MU_PMAX, MU_PMIN, MU_QMAX, MU_QMIN, PC1, PC2, QC1MIN, QC1MAX, ...
    QC2MIN, QC2MAX, RAMP_AGC, RAMP_10, RAMP_30, RAMP_Q, APF] = idx_gen;
[CT_LABEL, CT_PROB, CT_TABLE, CT_TBUS, CT_TGEN, CT_TBRCH, CT_TAREABUS, ...
    CT_TAREAGEN, CT_TAREABRCH, CT_ROW, CT_COL, CT_CHGTYPE, CT_REP, ...
    CT_REL, CT_ADD, CT_NEWVAL, CT_TLOAD, CT_TAREALOAD, CT_LOAD_ALL_PQ, ...
    CT_LOAD_FIX_PQ, CT_LOAD_DIS_PQ, CT_LOAD_ALL_P, CT_LOAD_FIX_P, ...
    CT_LOAD_DIS_P, CT_TGENCOST, CT_TAREAGENCOST, CT_MODCOST_F, ...
    CT_MODCOST_X] = idx_ct;

windprofile = struct( ...
    'type', 'mpcData', ...
    'table', CT_TGEN, ...
    'rows', [1:45], ...
    'col', PMAX, ...
    'chgtype', 1, ...
    'values', [] );
windprofile.values(:,1,:) = [
	3.3923 45.8368 71.8498 101.9273 14.0801 31.5521 26.4248 5.7935 25.7749 27.2205 50.3167 75.0627 113.0064 65.6683 184.3678 69.4595 86.1812 91.3264 81.1759 67.229 8.8083 73.6215 71.974 79.6432 82.096 39.4526 4.3288 1056.0247 751.7095 751.7095 753.5035 112.7384 270.5864 173.0476 205.879 320.7294 1055.9515 296.3268 430.8541 219.9001 106.7736 350.0177 192.1011 169.2426 1066.951;
	3.5598 48.101 76.5743 103.1214 14.4976 32.0878 27.2146 5.2916 26.4564 25.2379 46.6518 69.5953 104.7754 68.0355 189.3478 71.3357 88.5091 93.7932 84.8176 67.6431 9.0715 74.8716 71.7421 78.6368 89.0303 45.5855 5.967 1083.6337 792.4801 792.4801 811.37 112.3755 282.7253 174.1135 213.3005 338.1248 1145.7957 283.719 438.9986 238.4741 105.4525 355.9608 198.451 219.7573 1157.7311;
	3.5118 47.4518 72.5856 85.2313 14.4319 32.6092 25.4326 3.5082 27.7172 27.3943 50.6379 75.5417 113.7276 66.4628 187.8501 70.7714 87.809 93.0513 87.0009 67.7653 8.4775 76.0881 72.0975 79.4942 70.2462 42.4276 6.5927 1133.9577 815.809 815.809 811.6922 115.8832 290.0031 174.4281 208.3699 348.0785 1179.7092 290.1005 456.1383 188.1595 106.8529 361.7445 178.1888 223.5782 1191.9978;
	3.4464 46.5687 77.5216 85.8972 14.1042 32.1769 21.1037 4.7806 26.7345 27.3288 50.5168 75.3611 113.4558 64.8142 182.0228 68.5761 85.0851 90.1648 84.4364 68.1033 7.0346 75.0795 72.9158 76.1692 68.6091 30.3013 6.1343 1126.3862 833.6627 833.6627 795.6444 108.6306 281.4546 175.2982 203.2011 355.6961 1221.826 280.4739 427.6884 183.7743 105.7082 356.9494 179.9568 208.3838 1234.5533;
	3.5588 48.0874 79.755 80.3069 14.5182 32.1003 18.8715 7.4353 22.2544 27.5719 50.9663 76.0316 114.4652 65.6538 187.2695 70.5527 87.5376 92.7637 86.5934 70.417 6.2905 74.9007 73.2194 81.6529 63.6504 40.206 6.7702 1180.4495 793.3197 793.3197 746.1255 103.8632 288.6448 181.2536 205.8334 338.4831 1197.1207 274.3152 367.7748 170.4923 104.0506 356.0994 198.4496 210.9009 1209.5907;
	3.5363 47.7829 75.3246 73.7785 14.2125 31.9486 16.8313 5.9367 24.3368 27.6756 51.1579 76.3175 114.8956 67.546 189.6052 71.4327 88.6294 93.9207 87.9883 70.1565 5.6104 74.5468 71.3137 76.6756 51.2758 25.8857 5.4761 1198.2548 737.5993 737.5993 701.8399 99.071 293.2945 180.583 211.7659 314.709 1164.0451 243.1404 344.7559 137.346 96.2227 354.4166 191.2061 178.2196 1176.1705;
	3.2685 44.165 66.8484 56.6941 14.0135 27.6501 14.4171 4.7203 18.3069 26.8697 49.6682 74.0952 111.55 69.0999 191.0903 71.9922 89.3236 94.6564 87.2858 72.1355 4.8057 64.5169 72.0357 68.4541 43.5658 15.9738 4.1768 1173.2516 709.6182 709.6182 590.0594 67.0116 290.9526 185.6768 216.6375 302.7704 1107.7009 214.9761 249.4573 116.6941 76.433 306.7316 154.1535 129.0289 1119.2394;
	3.6197 48.9101 67.0595 68.1 14.6125 28.2282 16.0249 4.9684 16.7817 24.3975 45.0985 67.278 101.2867 69.6883 199.3867 75.1178 93.2017 98.7659 88.6108 72.27 5.3416 65.8658 65.8719 79.3629 57.4674 20.616 3.587 1202.9069 690.1284 690.1284 640.1164 66.6547 295.3692 186.0233 218.4822 294.4548 1053.8413 222.2022 236.4286 153.9306 81.0875 313.145 148.3428 139.3589 1064.8189;
	3.1071 41.984 57.6561 63.8426 14.9955 25.6538 15.6912 3.359 21.7446 23.3741 43.2067 64.4559 97.038 69.7552 189.6119 71.4352 88.6326 93.924 86.4732 69.1886 5.2304 59.8588 59.654 75.1285 54.8955 12.4339 2.4256 1218.9948 779.6636 779.6636 766.1443 90.6181 288.244 178.0917 218.692 332.6565 1095.8348 257.0162 231.3284 147.0416 56.8428 284.586 146.8218 150.3574 1107.2497;
	2.6906 36.3566 43.76 55.3074 14.2932 19.2988 18.5264 1.3095 21.4878 16.2197 29.9819 44.7272 67.3365 69.1307 183.8406 69.2609 85.9348 91.0652 86.4885 69.3761 6.1755 45.0306 43.0145 58.4708 30.9718 6.9713 0.7444 1156.1966 781.2531 781.2531 752.4723 110.608 288.295 178.5743 216.734 333.3346 1154.5518 235.4119 325.0078 82.9602 43.506 214.0883 125.7065 123.8253 1166.5784;
	1.883 25.444 22.5227 35.125 13.4979 13.2455 16.8633 0.0 17.0326 3.1798 5.8778 8.7686 13.201 67.4056 164.498 61.9737 76.8933 81.4839 83.7526 69.2372 5.6211 30.9062 25.1111 26.558 15.5105 3.6439 0.3258 1116.7222 710.4139 710.4139 684.0332 99.9489 279.1752 178.2168 211.3256 303.1099 1042.7991 211.492 336.6828 41.546 25.7956 146.937 80.0171 83.1714 1053.6616;
	1.4371 19.4178 23.8841 23.9622 9.6496 10.406 18.4965 0.3282 15.258 9.3433 17.271 25.7649 38.7889 69.0497 161.4075 60.8093 75.4486 79.953 85.5395 67.3016 6.1655 24.2806 38.3854 6.219 15.3289 6.347 0.627 1005.9777 704.2093 704.2093 683.2808 100.3638 285.1316 173.2344 216.4801 300.4626 1031.4414 202.3974 357.216 41.0595 26.8193 115.4367 62.2087 77.3208 1042.1856;
	0.9722 13.1365 21.6047 24.2316 8.7103 7.6862 18.2529 0.7916 14.5943 12.623 23.3334 34.8089 52.4045 68.9201 173.0357 65.1902 80.8841 85.713 88.618 67.6615 6.0843 17.9345 35.5027 4.7093 14.549 9.3395 2.1009 1126.9677 763.4945 763.4945 693.0627 100.0558 295.3934 174.161 216.0737 325.7577 1115.5034 202.2773 403.3246 38.9704 29.2007 85.2659 51.4109 54.8476 1127.1232;
	0.5719 7.7281 12.3741 29.5512 7.3848 6.5649 13.2293 1.2391 12.6281 8.2343 15.2209 22.7066 34.1847 66.439 174.3721 65.6937 81.5088 86.375 88.2483 66.5308 4.4098 15.3182 32.668 4.9027 12.3929 8.8152 3.3684 965.3826 679.241 679.241 644.2162 93.2339 294.161 171.2504 208.2952 289.8095 881.4241 189.8604 381.6551 33.1953 31.8306 72.8271 38.2244 56.2614 890.6056;
	0.6718 9.0781 19.5193 4.3834 6.3602 8.459 11.223 0.8546 9.9475 7.7078 14.2477 21.2548 31.999 68.2973 168.916 63.6381 78.9584 83.6723 81.4928 67.5262 3.741 19.7376 49.5923 43.4225 9.4136 3.6086 2.5288 881.421 634.6301 634.6301 608.3203 86.2033 271.6426 173.8126 214.1212 270.7755 824.8765 186.32 326.9787 25.2151 30.0359 93.8382 38.2584 42.7022 833.4689;
	0.386 5.2153 13.3352 25.0529 5.7398 0.0733 4.766 0.3908 0.0 12.9274 23.8961 35.6483 53.6683 64.6835 178.0484 67.0787 83.2273 88.1961 83.6475 68.3234 1.5887 0.171 52.3008 39.1922 14.9355 2.2598 1.5302 796.4632 471.7579 471.7579 515.9415 81.2254 278.825 175.8647 202.7916 201.2834 562.3236 171.7813 194.1517 40.0057 21.4478 0.8131 0.0 14.6949 568.1811;
	0.5187 7.0089 5.0715 0.9189 6.2838 1.7641 3.3268 0.0 3.0477 17.1462 31.6944 47.2818 71.1826 61.9785 170.9997 64.4231 79.9324 84.7045 83.0669 63.3924 1.1089 4.1163 55.416 38.8034 8.7133 3.3304 0.8886 760.2398 485.3836 485.3836 532.5716 80.1641 276.8897 163.1721 194.311 207.097 701.4878 177.8364 207.9998 23.3393 32.0616 19.57 7.2233 0.0 708.7949;
	1.0864 14.6793 12.6627 1.9496 2.8389 4.1403 3.8213 0.0 0.6159 18.7766 34.7082 51.7778 77.9512 65.9671 143.2092 53.9532 66.942 70.9385 84.0689 56.4493 1.2738 9.6608 67.3425 36.2877 12.8465 0.5363 1.0972 776.0857 535.8644 535.8644 634.3165 88.4223 280.2298 145.3007 206.8159 228.6355 769.6279 202.2178 354.7039 34.4102 73.1578 45.93 23.4873 0.4031 777.6449;
	0.4936 6.6697 21.2053 37.9385 0.3848 4.8548 3.9637 0.9503 4.0729 23.115 42.7277 63.7413 95.9621 64.0362 130.5439 49.1816 61.0217 64.6648 4.4048 64.6034 1.3212 11.328 73.1753 44.2279 18.2511 7.084 1.7894 870.8754 513.1199 513.1199 643.2353 88.1972 14.6825 166.2893 200.7622 218.9312 734.1717 192.4929 349.9322 48.8868 84.8963 53.8565 20.7076 0.0 741.8193;
