function loadprofile = ex_load_profilesh1
%EX_LOAD_PROFILE  Example load profile data file for stochastic unit commitment.
% 2022.03.12
% Andres F. Ramirez

%% define constants
[CT_LABEL, CT_PROB, CT_TABLE, CT_TBUS, CT_TGEN, CT_TBRCH, CT_TAREABUS, ...
    CT_TAREAGEN, CT_TAREABRCH, CT_ROW, CT_COL, CT_CHGTYPE, CT_REP, ...
    CT_REL, CT_ADD, CT_NEWVAL, CT_TLOAD, CT_TAREALOAD, CT_LOAD_ALL_PQ, ...
    CT_LOAD_FIX_PQ, CT_LOAD_DIS_PQ, CT_LOAD_ALL_P, CT_LOAD_FIX_P, ...
    CT_LOAD_DIS_P, CT_TGENCOST, CT_TAREAGENCOST, CT_MODCOST_F, ...
    CT_MODCOST_X] = idx_ct;

loadprofile = struct( ...
    'type', 'mpcData', ...
    'table', CT_TAREALOAD, ...
    'rows', [1:11], ...
    'col', CT_LOAD_ALL_P, ...
    'chgtype', 1, ...
    'values', [] );
loadprofile.values(:,1,:) = [
	1567.9472 952.7069 1667.753 560.7982 842.4656 1196.2524 880.1 247.1541 509.9327 4552.8813 1732.0;
	1589.8265 969.2746 1692.2586 561.2684 878.8136 1214.451 892.0487 256.5968 506.0922 4510.1134 1710.1;
	1585.2506 976.1522 1702.6794 580.7158 893.215 1222.5636 885.9215 256.5 504.9 4522.2363 1728.625;
	1672.7759 1055.6 1831.9 594.2 927.1798 1287.1657 935.6103 294.4 547.0539 4822.6818 1896.0962;
	1774.7 1181.5 2017.38 625.9451 1052.0635 1415.7414 1036.4834 340.7877 615.8223 5427.2657 2118.2446;
	1897.4793 1253.3276 2170.7 641.623 1128.799 1485.9982 1072.5463 380.0 678.7964 5926.9318 2248.6178;
	1888.0128 1272.6 2171.1196 648.3195 1151.1489 1496.9821 1123.9781 374.7932 699.1 6251.9106 2275.8337;
	1897.8298 1250.2121 2125.9086 638.3004 1097.7 1460.1689 1132.6135 377.6 704.6745 6496.241 2255.9916;
	1923.5897 1256.1 2124.6863 631.2071 1080.9278 1416.5 1080.3463 387.1234 699.2735 6529.2246 2146.4281;
	1890.8 1265.0466 2115.6166 604.6971 1080.8922 1496.4839 1075.6355 392.6656 675.7201 6545.7686 2200.0234;
	1876.3246 1263.6 2140.2344 603.6384 1105.1887 1501.2624 1035.8396 382.7691 659.1878 6435.2082 2101.2647;
	1857.1585 1265.3613 2119.4812 587.6144 1084.3629 1491.5514 1060.5108 401.5626 647.4603 6472.0786 2083.4572;
	1857.3533 1258.4014 2054.0078 598.7843 1048.11 1455.1945 1026.9147 375.3174 650.395 6412.6551 2117.7;
	1839.0 1254.8069 2068.0941 594.3267 1038.6925 1416.8744 1058.7823 373.8 654.0888 6410.385 2195.1246;
	1801.6221 1244.3524 2031.7 599.9012 1026.9423 1446.3347 1099.8021 358.5341 647.9009 6424.8002 2195.8581;
	1803.7522 1217.6879 1965.2652 620.8 1019.1921 1438.1 1087.4989 349.4 664.2 6365.7235 2259.2303;
	1829.8493 1226.1 2034.923 625.3537 1032.5747 1464.4601 1142.4516 360.6152 680.3224 6344.0 2374.3;
	1872.8625 1267.3851 2097.0152 618.1259 1076.1908 1522.5315 1189.6 369.8741 706.4388 6283.3695 2479.3929;
	1876.6251 1273.1138 2111.3952 633.6 1067.9971 1528.3233 1206.745 387.6374 715.001 6414.6047 2495.3;
	1848.6423 1210.9 1999.2636 604.4 1028.2827 1458.98 1163.2514 385.6 681.778 6230.3473 2409.1545;
	1761.6393 1134.0358 1856.0514 580.1 951.8 1348.8893 1087.9984 352.8113 650.5781 5929.4299 2236.3884;
	1670.4221 1025.8785 1710.6735 549.2617 884.7826 1248.3885 993.6207 314.8 588.7 5472.0056 2012.678;
	1620.703 999.4 1680.357 563.804 891.9 1190.0 951.1169 315.9905 557.0448 5390.1109 1899.4692;
	1598.8981 971.9363 1647.1053 578.2 873.1812 1188.4486 918.3 278.7 550.6 5036.1815 1847.9991;
];
