function loadprofile = ex_load_profilesh1
%EX_LOAD_PROFILE  Example load profile data file for stochastic unit commitment.
% 2022.03.12
% Andres F. Ramirez

%% define constants
[CT_LABEL, CT_PROB, CT_TABLE, CT_TBUS, CT_TGEN, CT_TBRCH, CT_TAREABUS, ...
    CT_TAREAGEN, CT_TAREABRCH, CT_ROW, CT_COL, CT_CHGTYPE, CT_REP, ...
    CT_REL, CT_ADD, CT_NEWVAL, CT_TLOAD, CT_TAREALOAD, CT_LOAD_ALL_PQ, ...
    CT_LOAD_FIX_PQ, CT_LOAD_DIS_PQ, CT_LOAD_ALL_P, CT_LOAD_FIX_P, ...
    CT_LOAD_DIS_P, CT_TGENCOST, CT_TAREAGENCOST, CT_MODCOST_F, ...
    CT_MODCOST_X] = idx_ct;

loadprofile = struct( ...
    'type', 'mpcData', ...
    'table', CT_TAREALOAD, ...
    'rows', [1:11], ...
    'col', CT_LOAD_ALL_P, ...
    'chgtype', 1, ...
    'values', [] );
loadprofile.values(:,1,:) = [
	1610.2994 978.7631 1621.5298 537.44 879.5983 1170.8429 889.4452 337.7451 492.5 4628.5365 1784.4265;
	1586.4529 971.3 1621.9473 545.9323 883.1792 1166.2485 876.288 337.7667 484.664 4532.2374 1745.6937;
	1606.516 1001.1605 1669.6442 570.2113 901.995 1188.2232 904.3381 348.1536 499.2 4634.5727 1819.3585;
	1726.7571 1078.3675 1803.9298 591.9408 973.0248 1251.5 957.5251 392.6776 540.9093 4945.8205 1967.1334;
	1853.9897 1202.1499 2004.8 611.4 1072.9929 1418.4 1055.1016 399.2955 617.8884 5399.3232 2165.7737;
	1981.9046 1285.9053 2102.6353 620.3869 1116.1296 1496.0 1134.4632 436.0737 699.7 6019.2848 2415.7029;
	2015.1601 1303.7818 2096.977 597.2988 1146.8782 1487.4565 1157.0299 447.7676 700.5 6335.9337 2435.477;
	2012.2125 1315.5244 2090.4521 596.036 1151.4957 1522.127 1197.1532 450.0986 718.6 6543.7064 2457.4418;
	2043.3645 1324.2298 2115.4224 592.5259 1155.0022 1496.245 1221.9141 462.0762 745.0297 6925.5832 2617.9398;
	2046.7197 1302.2085 2091.4 602.1908 1164.3852 1467.3218 1191.6602 459.7113 733.0298 6711.2827 2524.8786;
	2079.5277 1322.3142 2063.9199 594.5069 1130.9 1438.7551 1136.4 415.9004 736.2137 6704.4559 2446.0997;
	1998.971 1275.8568 2060.7 577.3 1135.5537 1418.4607 1112.2 420.4137 716.3285 6603.5933 2367.4315;
	1947.6131 1252.3 2028.1 589.4247 1144.5207 1379.9745 1087.4585 433.4866 690.7752 6524.1011 2311.1296;
	1952.5954 1264.3887 1983.3372 592.6885 1136.0735 1403.4 1130.5465 436.4188 697.6149 6435.3911 2330.8063;
	1906.6818 1248.4327 2005.7708 601.6451 1149.7201 1445.0261 1132.745 450.2094 684.9428 6573.4907 2522.0711;
	1910.5162 1267.9899 2033.3155 617.9706 1155.2073 1509.366 1159.224 437.3442 718.6951 6642.2389 2679.5269;
	1898.9023 1292.3772 2027.0822 618.6332 1166.9215 1516.2425 1196.4662 451.9396 738.3265 6487.2558 2928.2642;
	1940.3709 1325.9501 2091.7739 649.3178 1220.7801 1532.6684 1251.9475 459.9254 762.6864 6523.9664 2812.0368;
	1980.3972 1340.5374 2098.8 656.4581 1224.2188 1538.8487 1242.1554 426.9999 802.8663 6492.211 2781.4211;
	1899.5463 1253.8845 1967.8196 639.5004 1138.8734 1476.5957 1203.4811 395.084 748.3792 6240.4474 2594.117;
	1825.8082 1154.2549 1866.9985 623.7281 1056.0879 1344.2681 1097.6638 347.8068 655.7691 5773.7731 2274.1135;
	1704.3257 1072.6426 1790.153 612.3886 985.2323 1255.1677 1019.0094 322.455 597.6883 5418.2352 2094.3108;
	1596.031 1012.8049 1725.9598 654.4532 979.008 1256.9654 991.4804 316.6395 561.6183 5073.2 1901.6672;
	1569.6623 998.7 1711.0356 677.1216 955.9776 1237.734 954.6292 307.7092 547.6423 4948.7161 1843.6614;
];
