function windprofile = ex_wind_profilesh1
%EX_WIND_PROFILE_D  Example wind_load_nyiso profile data for deterministic unit commitment.
% 2022.03.12
% Andres F. Ramirez


%% define constants
[GEN_BUS, PG, QG, QMAX, QMIN, VG, MBASE, GEN_STATUS, PMAX, PMIN, ...
    MU_PMAX, MU_PMIN, MU_QMAX, MU_QMIN, PC1, PC2, QC1MIN, QC1MAX, ...
    QC2MIN, QC2MAX, RAMP_AGC, RAMP_10, RAMP_30, RAMP_Q, APF] = idx_gen;
[CT_LABEL, CT_PROB, CT_TABLE, CT_TBUS, CT_TGEN, CT_TBRCH, CT_TAREABUS, ...
    CT_TAREAGEN, CT_TAREABRCH, CT_ROW, CT_COL, CT_CHGTYPE, CT_REP, ...
    CT_REL, CT_ADD, CT_NEWVAL, CT_TLOAD, CT_TAREALOAD, CT_LOAD_ALL_PQ, ...
    CT_LOAD_FIX_PQ, CT_LOAD_DIS_PQ, CT_LOAD_ALL_P, CT_LOAD_FIX_P, ...
    CT_LOAD_DIS_P, CT_TGENCOST, CT_TAREAGENCOST, CT_MODCOST_F, ...
    CT_MODCOST_X] = idx_ct;

windprofile = struct( ...
    'type', 'mpcData', ...
    'table', CT_TGEN, ...
    'rows', [1:45], ...
    'col', PMAX, ...
    'chgtype', 1, ...
    'values', [] );
windprofile.values(:,1,:) = [
	3.7881 51.1861 93.5381 112.6312 14.4587 32.7025 28.2173 13.2923 26.2283 28.7201 53.0887 79.1979 119.232 66.1011 188.6969 71.0905 88.2048 93.4708 85.9963 68.7569 9.4058 76.3058 72.1845 85.1902 97.555 66.3616 9.6008 1192.8602 754.4187 754.4187 717.6104 102.1917 286.6544 176.9804 207.2358 321.8853 1125.6667 278.3688 448.4864 261.308 118.6823 362.7794 191.6188 243.1375 1137.3924;
	3.7111 50.1457 90.2081 109.2306 14.5743 32.1975 28.6768 12.7118 27.4148 27.1672 50.2181 74.9156 112.785 65.9251 189.7601 71.491 88.7018 93.9974 86.7338 67.0455 9.5589 75.1274 71.4417 83.3753 98.6585 65.1627 8.7287 1174.2889 756.8265 756.8265 758.0051 111.4941 289.1126 172.5753 206.6841 322.9126 1213.4377 273.1222 451.2175 264.2639 116.8666 357.1772 195.7257 235.4789 1226.0777;
	3.7905 51.2183 91.3966 100.6453 14.8775 33.1103 27.1171 11.9107 28.0871 28.5492 52.7728 78.7267 118.5226 68.9602 186.0058 70.0766 86.9469 92.1378 89.8125 68.117 9.039 77.2574 72.1 86.6186 91.4117 64.9132 9.5558 1230.3141 801.0874 801.0874 780.1991 107.005 299.3749 175.3334 216.1994 341.7973 1215.2812 258.5914 457.5505 244.8527 119.1431 367.3038 177.4782 238.6221 1227.9403;
	3.6933 49.9049 87.7816 98.5566 14.1904 31.7915 22.9161 12.2754 26.418 27.3086 50.4796 75.3056 113.3721 64.984 184.6227 69.5555 86.3004 91.4527 87.3788 68.3288 7.6387 74.1803 69.5668 84.259 84.0639 60.3663 8.2954 1211.5032 781.821 781.821 758.4739 113.9223 291.2627 175.8785 203.7335 333.577 1212.429 267.3407 434.544 225.1711 111.0104 352.6741 172.5574 233.8204 1225.0584;
	3.672 49.6169 84.4097 85.5609 14.238 32.0583 19.7445 10.572 22.148 26.854 49.6392 74.0519 111.4847 67.7171 188.1639 70.8896 87.9557 93.2068 86.3628 68.8003 6.5815 74.8027 69.7412 85.5787 73.6358 54.8136 8.0649 1231.4063 784.4536 784.4536 746.9024 108.4549 287.8759 177.0922 212.3022 334.7002 1181.9081 262.7078 387.2236 197.2389 112.7671 355.6333 186.8064 224.4774 1194.2197;
	3.8331 51.7935 83.1257 82.2386 14.4612 30.9049 18.0568 7.2471 24.6446 27.6131 51.0424 76.1453 114.6363 65.9679 175.1769 65.9969 81.885 86.7737 84.6416 66.8062 6.0189 72.1115 71.3502 84.9973 60.5658 36.2197 6.0146 1214.8444 737.1548 737.1548 688.3247 99.4001 282.1388 171.9594 206.8184 314.5194 1175.8858 236.4374 361.0805 162.2299 102.2981 342.8388 186.2336 194.7399 1188.1346;
	3.5456 47.909 72.8378 64.631 14.0596 27.2541 15.0059 5.8501 17.5603 25.9476 47.9637 71.5523 107.7217 64.547 178.6709 67.3132 83.5182 88.5044 86.6745 67.4648 5.002 63.5928 71.0212 82.8337 52.6076 24.5831 4.8087 1203.5571 688.841 688.841 559.2119 65.349 288.9151 173.6546 202.3634 293.9055 1108.9588 212.0988 265.6874 140.9131 85.9393 302.3384 153.7925 135.3673 1120.5104;
	3.5757 48.3162 68.7879 69.7183 14.1694 27.0361 17.3474 5.2665 15.7594 19.1057 35.3166 52.6854 79.3176 65.8604 182.2067 68.6453 85.171 90.2559 88.2796 66.7698 5.7825 63.0843 50.5289 81.2682 57.9098 18.4997 3.7099 1249.6676 712.535 712.535 654.8083 68.5763 294.2652 171.8657 206.4814 304.0149 1132.4655 222.1935 239.6007 155.1155 86.7607 299.9206 142.7917 139.9728 1144.262;
	3.1205 42.1654 59.4181 65.2516 14.6846 23.6462 16.6592 3.8429 20.7802 19.0766 35.2628 52.6052 79.1968 66.9014 186.6752 70.3288 87.2598 92.4693 91.691 70.5824 5.5531 55.1745 46.7261 82.0854 59.7152 12.5557 2.6117 1266.7148 810.5608 810.5608 783.0933 97.1021 305.6366 181.6793 209.745 345.8393 1176.7081 260.6555 240.1925 159.9514 63.1994 262.3155 146.9353 153.3119 1188.9655;
	2.8172 38.0662 50.2273 61.1354 15.0153 17.4016 19.4278 2.2043 22.2832 17.2465 31.8799 47.5586 71.5992 64.193 177.1249 66.7308 82.7956 87.7386 90.0197 67.5373 6.4759 40.6036 42.801 68.137 38.0681 4.3318 1.1814 1149.1038 797.1341 797.1341 756.5456 110.6345 300.0658 173.8413 201.2537 340.1106 1167.9106 233.9157 339.5852 101.968 46.0583 193.0413 126.9695 124.8139 1180.0764;
	2.1098 28.508 36.1576 43.8598 14.0563 9.9843 19.231 1.1661 19.6191 15.0141 27.7533 41.4024 62.3311 65.7189 174.6214 65.7876 81.6253 86.4985 91.3379 70.0444 6.4103 23.2967 35.5085 52.618 23.0392 3.7726 1.089 1103.2704 816.7933 816.7933 760.4903 105.9655 304.4598 180.2945 206.0378 348.4985 1113.9654 235.278 398.904 61.7123 35.3446 110.7591 88.24 91.5631 1125.5692;
	1.4296 19.3172 29.0366 27.1701 9.9384 7.3252 19.5867 0.2985 17.7889 16.5989 30.6829 45.7728 68.9107 65.9197 167.8867 63.2503 78.4773 83.1625 91.1825 67.5401 6.5289 17.0922 43.9223 36.3438 15.6252 1.2756 0.627 998.7044 765.6922 765.6922 746.0367 110.4305 303.9416 173.8484 206.6673 326.6953 1052.4671 220.4674 406.9246 41.8533 24.8905 81.2613 62.3919 64.5995 1063.4303;
	0.9796 13.2367 25.8721 27.2969 8.91 5.8387 18.2655 1.121 15.3557 14.4894 26.7834 39.9556 60.1529 63.3762 159.2281 59.9883 74.4299 78.8735 88.5023 64.372 6.0885 13.6236 42.2047 37.8898 20.7429 6.5335 1.7323 949.8846 756.2446 756.2446 727.4685 104.8724 295.0076 165.6938 198.6928 322.6644 1004.1512 228.2332 415.538 55.5612 25.9404 64.7703 48.6448 47.9357 1014.6111;
	0.7645 10.3297 23.6902 31.9198 8.0124 6.9173 13.4333 1.5992 13.0928 16.6915 30.8539 46.028 69.2948 63.8076 173.6818 65.4336 81.1861 86.0331 90.0297 67.6892 4.4778 16.1404 52.073 42.7975 24.2822 7.8954 2.2377 905.9818 692.9517 692.9517 709.5045 97.6222 300.099 174.2321 200.0453 295.6594 847.6717 216.4925 396.9791 65.0417 26.1759 76.7362 39.5674 54.9766 856.5016;
	0.8656 11.6962 23.6495 21.8361 6.922 8.4005 11.5216 1.6297 12.8047 16.0317 29.6343 44.2086 66.5558 65.8897 152.8427 57.5826 71.4451 75.7104 78.3494 61.877 3.8405 19.6012 55.3601 49.395 24.7484 4.0923 3.0623 807.4162 637.9555 637.9555 628.0458 80.9986 261.1646 159.2715 206.5733 272.1943 782.8017 199.2547 332.8194 66.2902 25.596 93.1897 34.6094 45.4255 790.9559;
	1.0728 14.4961 17.0687 28.4499 7.5572 22.167 5.8618 0.7444 10.1071 14.6064 26.9998 40.2784 60.6389 66.15 158.3721 59.6658 74.0297 78.4494 76.6757 65.0361 1.9539 51.723 54.8061 44.0836 22.7256 2.3457 1.7708 835.6039 553.5714 553.5714 564.2449 82.5668 255.5857 167.4032 207.3893 236.1905 635.9192 197.3806 237.6694 60.8721 28.9191 245.9058 20.1777 16.777 642.5434;
	0.5628 7.6048 13.7816 3.6449 6.1189 3.5201 3.8537 0.0035 8.7441 8.9819 16.603 24.7684 37.2887 62.5808 172.0142 64.8054 80.4067 85.2071 80.277 62.2298 1.2846 8.2136 52.5385 43.148 16.3113 4.827 1.5241 766.7522 532.6308 532.6308 580.0535 81.4513 267.5899 160.1797 196.1993 227.2558 719.6591 187.339 210.4846 43.691 31.09 39.0496 7.2649 64.0602 727.1555;
	1.1049 14.9293 16.6128 4.622 2.667 1.5506 0.9736 0.2718 0.1051 14.9138 27.568 41.1261 61.9151 63.8619 137.5254 51.8119 64.2851 68.1231 80.2108 55.4316 0.3245 3.618 64.274 40.7172 17.5256 3.9175 1.5546 704.2636 535.9544 535.9544 611.1151 89.2808 267.3693 142.681 200.2158 228.6739 691.5742 198.2322 321.3694 46.9436 68.9589 17.2008 14.0384 66.0341 698.7781;
