function windprofile = ex_wind_profilesh1
%EX_WIND_PROFILE_D  Example wind_load_nyiso profile data for deterministic unit commitment.
% 2022.03.12
% Andres F. Ramirez


%% define constants
[GEN_BUS, PG, QG, QMAX, QMIN, VG, MBASE, GEN_STATUS, PMAX, PMIN, ...
    MU_PMAX, MU_PMIN, MU_QMAX, MU_QMIN, PC1, PC2, QC1MIN, QC1MAX, ...
    QC2MIN, QC2MAX, RAMP_AGC, RAMP_10, RAMP_30, RAMP_Q, APF] = idx_gen;
[CT_LABEL, CT_PROB, CT_TABLE, CT_TBUS, CT_TGEN, CT_TBRCH, CT_TAREABUS, ...
    CT_TAREAGEN, CT_TAREABRCH, CT_ROW, CT_COL, CT_CHGTYPE, CT_REP, ...
    CT_REL, CT_ADD, CT_NEWVAL, CT_TLOAD, CT_TAREALOAD, CT_LOAD_ALL_PQ, ...
    CT_LOAD_FIX_PQ, CT_LOAD_DIS_PQ, CT_LOAD_ALL_P, CT_LOAD_FIX_P, ...
    CT_LOAD_DIS_P, CT_TGENCOST, CT_TAREAGENCOST, CT_MODCOST_F, ...
    CT_MODCOST_X] = idx_ct;

windprofile = struct( ...
    'type', 'mpcData', ...
    'table', CT_TGEN, ...
    'rows', [1:45], ...
    'col', PMAX, ...
    'chgtype', 1, ...
    'values', [] );
windprofile.values(:,1,:) = [
	3.7027 50.0314 85.1584 105.9518 14.898 32.2573 27.8418 7.7602 26.4781 28.2946 52.3021 78.0244 117.4654 68.4452 181.288 68.2992 84.7416 89.8008 91.5328 69.2361 9.2806 75.267 73.2192 80.8092 82.0875 45.3549 4.605 1052.6907 727.7044 727.7044 703.3535 110.2256 305.1093 178.214 214.5849 310.4872 1023.9504 279.3722 460.678 219.8773 112.9474 357.8409 187.3841 212.3207 1034.6166;
	3.6381 49.1586 83.7166 100.148 14.3355 30.9594 26.3223 8.13 26.7001 25.8051 47.7004 71.1596 107.1304 68.5239 192.4585 72.5076 89.9632 95.3341 91.6741 71.5563 8.7741 72.2385 71.4047 77.4211 82.7548 40.8792 5.9466 1061.9081 760.3501 760.3501 742.558 111.1584 305.5803 184.186 214.8317 324.416 1102.6603 263.8074 450.7365 221.6647 112.2881 343.4427 181.6431 219.2359 1114.1464;
	3.5795 48.3666 85.1133 91.6441 14.6404 31.7093 24.936 9.1283 26.6134 27.7966 51.3816 76.6512 115.3979 68.8558 194.9137 73.4326 91.1108 96.5503 92.0236 72.1706 8.312 73.9883 72.5101 80.2357 69.3922 45.0789 7.5837 1115.3303 778.9968 778.9968 762.6685 112.1419 306.7454 185.7674 215.8724 332.372 1109.2085 254.7483 453.7388 185.872 111.3221 351.7616 171.7231 229.7988 1120.7627;
	3.5636 48.1521 83.4989 92.2084 14.7243 30.5256 21.5239 8.3692 26.0646 26.9314 49.7822 74.2653 111.806 65.6332 188.3174 70.9475 88.0275 93.2828 91.1136 70.8817 7.1746 71.2264 70.5017 81.5323 72.3812 45.7821 6.7419 1119.7915 788.0997 788.0997 774.3357 111.5948 303.7118 182.4497 205.7688 336.2559 1136.4882 266.9938 436.0806 193.8781 103.0256 338.6307 170.4079 228.6076 1148.3267;
	3.4893 47.1477 79.6848 69.9202 14.5087 29.8686 17.4785 3.7625 21.7372 27.3837 50.6183 75.5126 113.6838 65.8779 181.4426 68.3575 84.8139 89.8774 86.5706 69.4116 5.8262 69.6935 70.3328 79.344 54.6563 40.2463 6.346 1130.5832 779.4106 779.4106 756.3677 96.2112 288.5685 178.6656 206.5361 332.5485 1096.7157 242.7578 372.9835 146.4007 100.8458 331.3427 161.2121 200.5286 1108.1398;
	3.6366 49.139 79.9487 64.2171 14.5032 30.6137 16.4213 6.2109 23.2021 27.3322 50.5232 75.3707 113.4701 64.1632 183.4455 69.112 85.7501 90.8695 85.2219 70.825 5.4738 71.4321 68.3495 77.0253 45.6571 29.8266 5.2884 1136.2492 735.0765 735.0765 672.2987 82.5087 284.0731 182.3038 201.1604 313.6326 1079.5682 213.0836 348.9341 122.2958 97.312 339.6084 173.4826 178.5793 1090.8137;
	3.3879 45.7782 67.8117 56.1996 14.5651 28.6816 13.7713 5.0298 17.1462 26.3734 48.7509 72.7267 109.4897 62.7539 184.482 69.5025 86.2346 91.3829 89.3471 68.9196 4.5904 66.9237 69.2556 72.3829 39.2081 23.4799 4.3737 1159.6924 704.8313 704.8313 598.1826 55.4861 297.8236 177.3993 196.7421 300.728 1074.3386 200.5477 241.2997 105.0216 81.4982 318.1745 155.9693 134.7927 1085.5296;
	3.5999 48.6426 68.0386 63.9422 14.6935 28.3619 14.7693 5.4754 15.1481 22.731 42.018 62.6826 94.3683 63.154 187.0881 70.4844 87.4528 92.6739 89.4493 66.8973 4.9231 66.1777 55.4105 83.1645 55.4924 19.3325 3.8296 1178.6399 735.9842 735.9842 692.0275 60.2829 298.1645 172.1939 197.9964 314.0199 1105.6364 211.7198 227.1492 148.6404 83.2376 314.6277 141.1887 145.9793 1117.1534;
	3.0071 40.6331 58.5501 61.5003 14.7359 23.6873 13.6841 3.8206 19.1488 20.8442 38.5302 57.4794 86.535 60.8199 182.275 68.6711 85.203 90.2897 87.1853 65.7186 4.5614 55.2705 42.6184 83.0718 55.6939 13.3919 2.7294 1167.8021 781.0671 781.0671 760.9826 83.7002 290.6178 169.1599 190.6786 333.2553 1083.7298 243.7097 211.5342 149.1801 60.1986 262.7716 134.4142 162.2697 1095.0186;
	2.7245 36.8135 48.5908 53.9218 14.6571 17.8806 14.4371 2.0572 18.7683 14.92 27.5794 41.1431 61.9407 57.4688 157.7507 59.4317 73.7393 78.1416 85.4138 58.7127 4.8124 41.7213 38.2416 69.0184 27.209 7.3586 1.2036 1058.9549 726.8927 726.8927 725.1683 103.958 284.7126 151.1265 180.1726 310.1409 1074.9546 226.1269 243.9213 72.8813 38.1885 198.3552 125.3207 136.3836 1086.152;
	2.277 30.7666 36.6705 41.891 13.9872 14.5895 17.8381 1.3693 19.6555 14.4459 26.7031 39.8358 59.9725 59.0141 158.7619 59.8126 74.2119 78.6425 89.1673 65.9671 5.946 34.0421 34.596 50.8987 20.1032 5.4067 5.1693 1110.4497 752.017 752.017 701.0131 99.5876 297.2245 169.7994 185.0173 320.8606 1081.1869 221.2672 362.9491 53.848 37.4156 161.8459 89.9281 94.5337 1092.4492;
	1.5098 20.401 28.7409 22.8765 10.3187 10.1402 17.5271 1.0842 18.013 15.1395 27.9852 41.7484 62.8519 58.175 167.8846 63.2495 78.4763 83.1614 89.7209 66.9586 5.8424 23.6605 39.049 35.7942 16.2928 4.8313 2.0884 977.2532 700.4434 700.4434 691.8627 100.4402 299.0698 172.3516 182.3864 298.8559 971.8024 203.6619 357.1517 43.6415 28.0987 112.4887 64.3582 80.096 981.9254;
	1.1495 15.5323 26.3544 22.3741 9.4274 7.6846 16.585 2.0524 14.9868 13.6589 25.2482 37.6654 56.7051 54.812 169.5177 63.8648 79.2397 83.9704 88.5688 68.1321 5.5283 17.9307 40.1943 37.3676 21.0222 9.4999 2.5877 926.7924 687.7862 687.7862 641.7653 101.8222 295.2292 175.3721 171.8432 293.4554 922.2372 204.8702 382.7764 56.3095 27.1293 85.2478 46.9208 63.4766 931.8438;
	0.9065 12.2486 25.1932 31.4401 8.1105 8.3976 12.3225 2.627 12.9176 18.4491 34.1029 50.8748 76.5918 58.152 180.7117 68.0821 84.4722 89.5153 84.8053 68.6431 4.1075 19.5943 52.7625 38.807 25.0388 8.6396 3.6867 922.7279 653.0219 653.0219 626.2267 90.1009 282.6844 176.6876 182.3143 278.6227 809.2063 192.7473 389.6446 67.0682 27.4305 93.1571 38.3165 68.2124 817.6355;
	0.903 12.202 26.3505 10.1519 6.9223 7.9702 9.5634 2.034 11.9036 16.3553 30.2324 45.1009 67.8991 56.31 160.856 60.6016 75.1908 79.6798 70.6783 66.9496 3.1878 18.5972 55.266 49.4632 25.6306 6.2721 3.4359 788.1552 580.0411 580.0411 569.2571 76.4887 235.5942 172.3284 176.5396 247.4842 716.5982 180.3771 316.7869 68.6534 18.3307 88.4163 30.9792 61.0373 724.0627;
	1.0582 14.2992 19.6772 28.7236 8.2502 5.7162 5.4765 0.9874 9.7022 15.1152 27.9403 41.6814 62.7511 48.1279 163.0352 61.4225 76.2095 80.7593 75.2499 67.356 1.8255 13.3379 54.4142 40.8195 21.8145 1.667 2.1082 794.6092 496.0747 496.0747 513.436 74.9675 250.8332 173.3744 150.8875 211.6585 573.2691 182.1249 236.9073 58.4317 23.0129 63.4121 35.9186 30.6909 579.2407;
	0.6166 8.3311 39.9613 12.4007 7.1963 2.2969 3.188 0.1641 11.4543 18.0737 33.409 49.8397 75.0334 44.8984 155.49 58.5799 72.6825 77.0218 78.3186 61.853 1.0627 5.3594 54.0267 40.3163 14.7712 3.3304 1.6055 729.8893 494.62 494.62 527.7981 72.7602 261.0621 159.2099 140.7625 211.0378 688.8427 186.2682 226.9582 39.5657 30.6189 25.4799 7.0798 101.9996 696.0181;
	1.1921 16.1079 17.8085 0.2016 2.843 2.3857 0.0 0.1481 0.0 20.7346 38.3275 57.1771 86.0798 46.8193 127.3838 47.9911 59.5445 63.0994 80.4388 53.6319 0.0 5.5667 69.5934 37.3477 14.757 3.0987 1.8554 691.2124 499.9831 499.9831 559.5045 79.3232 268.1293 138.0486 146.7847 213.3261 676.1904 198.4475 299.3182 39.5277 67.9308 26.4658 1.5842 151.3396 683.2341;
