function solarprofile = ex_solar_profilesh1
%EX_WIND_PROFILE_D  Example wind_load_nyiso profile data for deterministic unit commitment.
% 2022.03.12
% Andres F. Ramirez


%% define constants
[GEN_BUS, PG, QG, QMAX, QMIN, VG, MBASE, GEN_STATUS, PMAX, PMIN, ...
    MU_PMAX, MU_PMIN, MU_QMAX, MU_QMIN, PC1, PC2, QC1MIN, QC1MAX, ...
    QC2MIN, QC2MAX, RAMP_AGC, RAMP_10, RAMP_30, RAMP_Q, APF] = idx_gen;
[CT_LABEL, CT_PROB, CT_TABLE, CT_TBUS, CT_TGEN, CT_TBRCH, CT_TAREABUS, ...
    CT_TAREAGEN, CT_TAREABRCH, CT_ROW, CT_COL, CT_CHGTYPE, CT_REP, ...
    CT_REL, CT_ADD, CT_NEWVAL, CT_TLOAD, CT_TAREALOAD, CT_LOAD_ALL_PQ, ...
    CT_LOAD_FIX_PQ, CT_LOAD_DIS_PQ, CT_LOAD_ALL_P, CT_LOAD_FIX_P, ...
    CT_LOAD_DIS_P, CT_TGENCOST, CT_TAREAGENCOST, CT_MODCOST_F, ...
    CT_MODCOST_X] = idx_ct;

solarprofile = struct( ...
    'type', 'mpcData', ...
    'table', CT_TGEN, ...
    'rows', [1:12], ...
    'col', PMAX, ...
    'chgtype', 1, ...
    'values', [] );
solarprofile.values(:,1,:) = [
	0.0 0.0 0.0 0.0 0.0 0.0 0.0 0.0 0.0 0.0 0.0 0.0;
	0.0 0.0 0.0 0.0 0.0 0.0 0.0 0.0 0.0 0.0 0.0 0.0;
	0.0 0.0 0.0 0.0 0.0 0.0 0.0 0.0 0.0 0.0 0.0 0.0;
	0.0 0.0 0.0 0.0 0.0 0.0 0.0 0.0 0.0 0.0 0.0 0.0;
	0.0 0.0 0.0 0.0 0.0 0.0 0.0 0.0 0.0 0.0 0.0 0.0;
	0.1575 0.1621 0.24 0.0 0.0 0.0 0.0 0.0 0.0 0.0 0.0 0.0;
	11.868 8.2625 6.0711 2.5203 2.1998 120.8357 15.1045 15.6151 82.2549 30.1475 22.6877 54.5972;
	21.7781 16.109 13.1571 4.2104 3.5685 323.1189 40.3899 35.7387 96.0652 103.5281 48.7952 187.49;
	23.6757 16.6083 13.8 6.0933 3.7189 321.7452 40.2181 36.9334 49.9056 185.6107 100.8251 336.1421;
	21.8017 14.0913 12.3412 4.9927 2.2231 63.2867 7.9108 18.7843 10.0669 234.746 153.875 425.1265;
	21.298 15.1252 12.1771 4.2577 2.1721 56.9029 7.1129 27.0248 19.652 259.2825 154.7873 469.5622;
	21.3005 16.1944 12.7251 3.7208 2.4131 158.6329 19.8291 47.7152 56.1176 262.9291 121.6714 476.1663;
	18.0262 15.4476 10.3573 7.3481 6.569 390.5476 48.8185 72.5878 168.2757 339.5531 199.3755 614.9327;
	9.47 13.1277 7.6428 7.3813 6.0307 394.494 49.3118 73.3804 134.525 330.6156 191.9799 598.7468;
	3.7192 4.9075 1.6093 4.6786 4.5766 351.3312 43.9164 69.5029 64.0869 207.9251 162.9118 376.5536;
	2.0286 1.3908 0.9097 1.9417 7.8863 204.8819 25.6102 49.7694 41.9727 69.8469 124.9517 126.4931;
	0.9312 0.8007 0.5719 1.5084 3.4325 67.4991 8.4374 12.1368 36.829 62.0156 38.2656 112.3106;
	0.0 0.0 0.0 0.0 0.0 0.0 0.0 0.0 0.0 0.0 0.0 0.0;
	0.0 0.0 0.0 0.0 0.0 0.0 0.0 0.0 0.0 0.0 0.0 0.0;
	0.0 0.0 0.0 0.0 0.0 0.0 0.0 0.0 0.0 0.0 0.0 0.0;
	0.0 0.0 0.0 0.0 0.0 0.0 0.0 0.0 0.0 0.0 0.0 0.0;
	0.0 0.0 0.0 0.0 0.0 0.0 0.0 0.0 0.0 0.0 0.0 0.0;
	0.0 0.0 0.0 0.0 0.0 0.0 0.0 0.0 0.0 0.0 0.0 0.0;
	0.0 0.0 0.0 0.0 0.0 0.0 0.0 0.0 0.0 0.0 0.0 0.0;
];
