function loadprofile = ex_load_profilesh1
%EX_LOAD_PROFILE  Example load profile data file for stochastic unit commitment.
% 2022.03.12
% Andres F. Ramirez

%% define constants
[CT_LABEL, CT_PROB, CT_TABLE, CT_TBUS, CT_TGEN, CT_TBRCH, CT_TAREABUS, ...
    CT_TAREAGEN, CT_TAREABRCH, CT_ROW, CT_COL, CT_CHGTYPE, CT_REP, ...
    CT_REL, CT_ADD, CT_NEWVAL, CT_TLOAD, CT_TAREALOAD, CT_LOAD_ALL_PQ, ...
    CT_LOAD_FIX_PQ, CT_LOAD_DIS_PQ, CT_LOAD_ALL_P, CT_LOAD_FIX_P, ...
    CT_LOAD_DIS_P, CT_TGENCOST, CT_TAREAGENCOST, CT_MODCOST_F, ...
    CT_MODCOST_X] = idx_ct;

loadprofile = struct( ...
    'type', 'mpcData', ...
    'table', CT_TAREALOAD, ...
    'rows', [1:11], ...
    'col', CT_LOAD_ALL_P, ...
    'chgtype', 1, ...
    'values', [] );
loadprofile.values(:,1,:) = [
	1562.4287 944.8147 1599.5038 567.5836 827.9351 1105.4207 856.459 250.4715 467.7546 4304.0698 1710.816;
	1566.1206 946.4 1606.2746 579.4626 829.2162 1129.7522 855.1913 250.6343 474.2353 4239.8028 1666.527;
	1562.0381 971.6218 1641.251 584.9357 860.0 1177.2503 875.1863 258.7076 466.6986 4403.106 1724.9367;
	1637.3526 1043.2814 1734.8656 606.1658 902.3399 1220.3 921.0 277.4326 499.3414 4590.812 1835.5942;
	1769.8072 1147.9386 1857.0363 637.5195 1008.8576 1376.772 1025.3658 306.0361 570.6885 5047.6977 2054.7234;
	1864.7085 1218.9785 1977.086 659.469 1089.1441 1448.2457 1062.3091 316.1064 612.5312 5328.2515 2142.3763;
	1816.9493 1195.8023 1946.1605 638.5938 1048.6411 1427.4544 1074.5628 329.9425 539.815 5091.2756 2026.3901;
	1821.4739 1223.1854 1965.0552 636.1266 1023.206 1396.3263 1088.0529 323.6393 616.6735 5981.7538 1983.4711;
	1798.7556 1190.5205 1971.7412 647.8492 1074.012 1389.9932 1114.1303 326.7932 666.4119 6179.1266 2016.691;
	1763.6972 1160.4049 1924.4589 630.5525 1054.29 1428.3635 1096.907 335.6 654.2064 6200.183 1993.2188;
	1771.4621 1174.7232 1917.6706 634.7879 1045.0028 1415.5383 1107.0047 325.0681 642.6 6172.3923 1986.3826;
	1795.5 1128.6 1892.842 630.5749 1008.8778 1419.2522 1092.79 315.7849 647.4138 6036.419 1885.1125;
	1790.4448 1123.351 1851.0558 616.8 1005.4863 1402.6902 1083.6837 289.4873 639.1314 5764.6893 1909.826;
	1727.1193 1062.2922 1829.2706 607.1684 968.3885 1352.8297 1026.3887 292.5598 627.8736 5686.3474 1879.158;
	1733.613 1082.2189 1854.3746 588.9205 995.3751 1387.9809 1043.5482 300.8871 603.7129 5907.6848 2044.5486;
	1738.0758 1159.0381 1920.7105 607.4536 1058.5 1469.2026 1088.6 299.5256 625.6969 6041.4037 2061.8261;
	1741.6592 1178.7818 2005.8611 628.0 1063.7754 1511.3138 1132.7498 336.3645 656.9974 6192.3207 2318.226;
	1821.7591 1216.3322 2052.5348 622.8061 1127.1856 1538.9632 1150.983 351.221 709.8935 6119.0041 2321.5463;
	1849.1659 1212.2453 2023.6139 620.7015 1076.5 1506.4 1128.6768 359.6318 713.5194 6113.4667 2310.6419;
	1832.0542 1166.5465 1915.8071 626.4 1013.0467 1416.3117 1075.952 359.8057 664.3042 5901.81 2249.541;
	1777.9377 1104.9715 1847.4222 596.6851 951.4008 1320.4493 1025.0328 314.5645 613.1713 5521.7455 2112.8044;
	1662.6734 1009.8645 1712.3 588.0 939.09 1227.1812 943.2301 284.6 579.6348 5183.4168 1915.6475;
	1599.0745 964.6402 1594.299 583.4 831.6071 1161.8232 881.9019 258.2933 545.3 4839.5608 1830.2896;
	1583.9 963.0929 1600.3643 606.5147 848.484 1155.1 864.63 243.2702 506.3559 4685.7575 1737.8429;
];
