function windprofile = ex_wind_profilesh1
%EX_WIND_PROFILE_D  Example wind_load_nyiso profile data for deterministic unit commitment.
% 2022.03.12
% Andres F. Ramirez


%% define constants
[GEN_BUS, PG, QG, QMAX, QMIN, VG, MBASE, GEN_STATUS, PMAX, PMIN, ...
    MU_PMAX, MU_PMIN, MU_QMAX, MU_QMIN, PC1, PC2, QC1MIN, QC1MAX, ...
    QC2MIN, QC2MAX, RAMP_AGC, RAMP_10, RAMP_30, RAMP_Q, APF] = idx_gen;
[CT_LABEL, CT_PROB, CT_TABLE, CT_TBUS, CT_TGEN, CT_TBRCH, CT_TAREABUS, ...
    CT_TAREAGEN, CT_TAREABRCH, CT_ROW, CT_COL, CT_CHGTYPE, CT_REP, ...
    CT_REL, CT_ADD, CT_NEWVAL, CT_TLOAD, CT_TAREALOAD, CT_LOAD_ALL_PQ, ...
    CT_LOAD_FIX_PQ, CT_LOAD_DIS_PQ, CT_LOAD_ALL_P, CT_LOAD_FIX_P, ...
    CT_LOAD_DIS_P, CT_TGENCOST, CT_TAREAGENCOST, CT_MODCOST_F, ...
    CT_MODCOST_X] = idx_ct;

windprofile = struct( ...
    'type', 'mpcData', ...
    'table', CT_TGEN, ...
    'rows', [1:45], ...
    'col', PMAX, ...
    'chgtype', 1, ...
    'values', [] );
windprofile.values(:,1,:) = [
	3.5557 48.0452 90.8401 108.6624 14.0574 32.6789 27.7042 12.0281 27.281 29.1486 53.8808 80.3795 121.011 69.4601 186.5383 70.2772 87.1958 92.4015 82.0373 69.2043 9.2347 76.2508 71.9729 83.7934 94.1615 65.4781 8.8714 1118.8339 723.5058 723.5058 678.514 110.6681 273.4576 178.132 217.7668 308.6958 1023.7372 282.1636 463.4377 252.2183 116.4267 362.5179 191.4366 251.3334 1034.4012;
	3.7695 50.934 91.5095 111.2334 14.0692 33.0076 26.4812 12.0664 26.5342 26.216 48.4599 72.2926 108.8361 69.0674 185.4696 69.8746 86.6963 91.8722 85.2446 66.8819 8.8271 77.0177 72.1901 83.7679 97.3889 63.7124 8.0427 1101.7276 701.882 701.882 634.4542 109.4199 284.1488 172.1541 216.5357 299.4696 1074.2449 265.47 456.7401 260.863 119.6241 366.164 198.2697 252.5589 1085.435;
	3.653 49.3599 90.0773 96.6561 14.031 33.4115 24.1893 10.3852 26.1503 24.9244 46.0724 68.731 103.4742 67.4046 178.4412 67.2267 83.4109 88.3906 85.6812 67.995 8.0631 77.9602 66.1774 86.3105 85.9386 59.8525 8.442 1163.5338 751.251 751.251 740.1079 109.8214 285.6041 175.0193 211.3225 320.5337 1102.1584 281.227 449.862 230.1928 117.2691 370.6451 179.3411 251.6036 1113.6392;
	3.5335 47.7457 89.1589 99.8449 14.1005 32.5556 21.3035 10.8244 25.9493 25.844 47.7722 71.2667 107.2916 62.8539 179.4571 67.6094 83.8857 88.8938 85.9459 67.1155 7.1012 75.9631 68.1667 86.5419 87.802 55.5312 7.9641 1048.8011 753.6468 753.6468 676.1171 101.2392 286.4862 172.7554 197.0555 321.5559 1060.5607 264.2454 424.6025 235.1838 112.923 361.1502 177.8311 244.5725 1071.6083;
	3.2769 44.2775 84.8262 83.5943 13.9717 31.2877 18.3154 9.0669 21.5455 24.9553 46.1295 68.8162 103.6024 63.5395 176.3726 66.4473 82.4439 87.366 85.7033 68.1374 6.1051 73.0047 70.2126 86.0844 71.8242 50.2643 7.301 1085.141 735.0016 735.0016 661.3592 96.9301 285.6777 175.3859 199.205 313.6007 1024.9396 242.9104 386.3769 192.3863 109.2401 347.0852 186.0121 212.7953 1035.6161;
	3.3402 45.1338 82.1084 74.4104 14.0778 31.2153 16.2319 5.9507 22.6729 26.5957 49.1618 73.3397 110.4125 61.8701 173.5356 65.3785 81.1178 85.9607 85.9139 70.3289 5.4106 72.8357 72.001 84.2555 52.6622 33.0514 5.1915 1066.0425 693.6737 693.6737 615.2224 85.619 286.3797 181.0267 193.971 295.9674 1042.2801 221.0371 346.6718 141.0594 105.1259 346.2818 171.4753 172.3815 1053.1372;
	3.1013 41.9059 74.3915 64.9987 13.949 29.5195 14.1937 5.6273 17.7042 27.2151 50.3067 75.0478 112.984 65.4969 187.6798 70.7073 87.7294 92.967 86.0397 71.8512 4.7312 68.8788 72.6066 81.6967 50.0253 22.5528 4.6841 1110.957 656.7704 656.7704 519.1849 62.2748 286.799 184.9453 205.3416 280.222 1041.3881 199.1909 272.4824 133.9963 86.0284 327.4693 150.6671 126.303 1052.2359;
	3.1023 41.9186 67.3317 64.7043 14.106 28.281 15.0827 5.0949 16.4031 23.9389 44.2507 66.0134 99.3828 67.6277 181.6341 68.4296 84.9034 89.9722 89.8391 68.9123 5.0276 65.989 62.4796 82.1991 56.424 17.8934 3.6495 1097.6108 674.1956 674.1956 591.8779 60.4292 299.4636 177.3803 212.0221 287.6568 1055.6233 204.0346 250.0398 151.1357 83.4571 313.7307 126.8649 113.4716 1066.6194;
	2.7176 36.7211 56.9438 63.1356 14.2495 22.7181 14.5413 3.8739 20.5513 22.832 42.2046 62.9609 94.7873 69.1792 187.6836 70.7087 87.7312 92.9689 90.4507 68.6436 4.8471 53.0088 56.9623 83.3568 54.7958 11.8077 2.7092 1083.738 770.4278 770.4278 722.9695 77.2451 301.5024 176.6889 216.8861 328.7158 1047.3632 233.0273 248.7541 146.7745 62.1675 252.0191 128.0212 123.9667 1058.2733;
	2.633 35.577 47.1722 60.9735 14.5301 18.6596 19.1521 2.745 21.1626 19.5872 36.2067 54.0133 81.3167 69.437 181.0827 68.2219 84.6456 89.6991 87.0685 69.6106 6.384 43.539 46.1312 76.808 38.9492 6.8763 1.6522 1052.5336 761.7886 761.7886 757.2591 99.4581 290.2283 179.1779 217.6945 325.0298 1088.3115 234.1871 381.1102 104.3281 52.5233 206.997 129.6612 101.1094 1099.6481;
	2.1748 29.3869 35.3836 50.6434 14.1523 14.8891 18.4429 1.4392 19.7583 16.2884 30.1088 44.9164 67.6214 68.9471 176.701 66.5711 82.5974 87.5286 89.1749 71.1646 6.1476 34.7413 34.6998 59.1412 24.3463 5.4327 7.8152 1112.5319 792.6795 792.6795 748.762 94.839 297.2497 183.1778 216.1586 338.2099 1082.9478 233.9166 403.6953 65.2132 42.8306 165.1703 94.2582 71.4273 1094.2286;
	1.4902 20.136 25.7701 26.5099 9.653 9.9417 19.1878 1.2619 17.3048 17.3637 32.0966 47.8818 72.0858 67.0526 169.3419 63.7986 79.1575 83.8833 88.349 68.4996 6.3959 23.1974 43.6367 40.4518 18.0855 6.8298 3.9818 1050.6225 749.5801 749.5801 711.0721 100.9483 294.4967 176.3181 210.219 319.8208 1030.3741 214.2776 410.3817 48.4432 32.2285 110.2868 65.6818 23.0818 1041.1072;
	1.0806 14.6007 24.8709 32.262 8.7593 8.3853 19.1798 2.0323 14.5517 13.8879 25.6715 38.2969 57.6557 66.477 183.1985 69.019 85.6346 90.7471 88.8825 69.4462 6.3933 19.5658 40.264 37.5174 20.2309 10.6851 2.7601 1115.7766 768.6645 768.6645 733.7404 102.4107 296.275 178.7548 208.4143 327.9635 1066.1433 229.1867 440.894 54.1898 32.1542 93.0213 53.4641 34.0456 1077.2489;
	0.8177 11.0492 22.2429 34.3536 7.641 9.321 13.6075 2.2881 11.2874 18.3111 33.8477 50.4941 76.0186 66.2712 178.4672 67.2365 83.4231 88.4035 85.22 69.9041 4.5358 21.7491 54.9248 37.3374 21.9388 11.1423 3.401 998.3356 712.1165 712.1165 700.5197 94.2813 284.0666 179.9334 207.7691 303.8364 843.5626 212.0212 405.2071 58.7645 32.6043 103.4012 43.3322 46.8217 852.3497;
	0.8587 11.6024 24.8739 60.4945 6.2553 9.5805 11.9453 2.1461 12.8851 16.3955 30.3068 45.2118 68.0661 67.2481 166.4095 62.6938 77.7868 82.4308 79.4491 69.5065 3.9818 22.3545 55.7498 50.7771 25.8544 6.6975 3.511 891.8519 641.0714 641.0714 621.6142 80.5579 264.8304 178.9099 210.8317 273.5238 764.1035 189.559 349.6611 69.2529 29.8543 106.2799 40.7134 52.2818 772.0629;
	0.8812 11.9065 17.2635 30.989 7.0907 8.3573 5.752 1.3159 9.5366 14.5505 26.8964 40.1242 60.4067 66.3466 162.0566 61.0539 75.7521 80.2746 72.0022 67.5924 1.9173 19.5003 49.9728 44.1901 22.4306 4.7874 2.3728 883.8111 538.0186 538.0186 545.6466 80.6369 240.0074 173.9829 208.0056 229.5546 612.3477 195.6748 230.2622 60.0821 24.6204 92.7099 30.8142 22.8685 618.7263;
	0.6071 8.2029 12.1808 53.5203 6.9563 24.7968 3.8049 0.8314 11.0249 17.2627 31.9098 47.6032 71.6663 65.3755 166.7476 62.8212 77.9448 82.5982 77.6154 68.3796 1.2683 57.8593 53.5785 43.4085 16.4221 19.9964 1.6856 793.2415 523.0354 523.0354 571.7685 82.6996 258.718 176.0092 204.961 223.1618 686.2985 189.0697 247.1645 43.9879 27.5186 275.0797 49.383 4.9197 693.4474;
	1.2254 16.5582 23.1512 36.7178 3.3998 10.1589 0.0019 0.1635 0.6514 18.9682 35.0625 52.3063 78.7469 67.8399 132.3457 49.8605 61.8639 65.5573 78.6675 57.8764 0.0006 23.704 65.9864 39.5622 14.9371 4.0039 1.5075 725.4749 533.9472 533.9472 611.3255 92.189 262.2251 148.9741 212.6873 227.8175 724.1876 209.9055 338.6749 40.0101 70.377 112.6956 37.8063 18.9472 731.7312;
