function loadprofile = ex_load_profilesh1
%EX_LOAD_PROFILE  Example load profile data file for stochastic unit commitment.
% 2022.03.12
% Andres F. Ramirez

%% define constants
[CT_LABEL, CT_PROB, CT_TABLE, CT_TBUS, CT_TGEN, CT_TBRCH, CT_TAREABUS, ...
    CT_TAREAGEN, CT_TAREABRCH, CT_ROW, CT_COL, CT_CHGTYPE, CT_REP, ...
    CT_REL, CT_ADD, CT_NEWVAL, CT_TLOAD, CT_TAREALOAD, CT_LOAD_ALL_PQ, ...
    CT_LOAD_FIX_PQ, CT_LOAD_DIS_PQ, CT_LOAD_ALL_P, CT_LOAD_FIX_P, ...
    CT_LOAD_DIS_P, CT_TGENCOST, CT_TAREAGENCOST, CT_MODCOST_F, ...
    CT_MODCOST_X] = idx_ct;

loadprofile = struct( ...
    'type', 'mpcData', ...
    'table', CT_TAREALOAD, ...
    'rows', [1:11], ...
    'col', CT_LOAD_ALL_P, ...
    'chgtype', 1, ...
    'values', [] );
loadprofile.values(:,1,:) = [
	1566.0838 959.9948 1668.9 587.1 735.2315 1138.4371 882.5057 250.6 497.5408 4322.5676 1737.7367;
	1562.6256 968.4543 1686.4433 576.4 747.9012 1138.5725 882.7446 257.561 499.5901 4290.4585 1783.3676;
	1594.955 998.1789 1720.2417 596.8864 786.3289 1168.6 900.1226 249.2 514.3 4398.9489 1782.0067;
	1653.8 1064.6841 1817.4517 602.2 851.1802 1242.7417 954.8424 286.8 565.735 4684.3815 1954.5915;
	1773.0016 1182.8648 2017.6674 617.3 954.2579 1363.5133 1056.956 336.1996 647.1957 5296.1532 2221.672;
	1894.7045 1245.0 2146.5783 637.7053 1008.5454 1457.6641 1113.177 353.6881 701.3 5842.5686 2323.5942;
	1895.6262 1249.0004 2171.2902 631.0 1080.5 1496.2341 1132.7 344.3741 699.8787 6139.7233 2362.2136;
	1876.5 1248.941 2110.9016 636.6109 1043.3749 1430.1181 1117.8 341.6856 681.0615 6358.898 2354.8259;
	1850.7254 1231.582 2135.6194 629.9 1044.3998 1364.8629 1090.8864 351.0361 688.6249 6421.8393 2439.9961;
	1814.4262 1220.9028 2089.3358 621.9 1022.4704 1324.7 1046.9065 338.1018 675.3909 6406.4459 2376.5294;
	1783.026 1211.5957 2067.0188 619.6493 984.5121 1294.3491 1074.7142 321.9753 669.3094 6367.869 2352.7203;
	1772.3948 1178.9 2103.2865 606.3855 1014.5403 1289.7222 1053.8 316.8136 666.9651 6415.1124 2372.6123;
	1682.1815 1158.3978 2056.5409 601.5876 979.0352 1260.8446 1020.9535 323.2 653.0922 6334.2371 2316.779;
	1703.793 1129.0697 1994.3561 597.7896 991.0 1307.9729 1065.927 321.9 676.8552 6285.6939 2385.1532;
	1734.4106 1161.993 2062.7162 604.5 1044.6471 1394.2877 1115.2967 352.32 680.4926 6461.7653 2391.3674;
	1786.9239 1171.6895 2068.6211 607.4663 1062.134 1412.1788 1117.0282 345.7306 686.3018 6313.1514 2363.9142;
	1793.7433 1190.1993 2077.2874 629.7391 1087.9884 1441.3911 1103.8927 374.7242 690.9143 6271.417 2438.5597;
	1841.8007 1241.3 2136.1 641.6331 1140.0207 1500.893 1170.6633 380.4372 731.2106 6001.1221 2551.512;
	1860.4061 1245.6476 2134.8509 653.6174 1121.1031 1498.1 1177.9069 380.1 726.3503 5929.3979 2505.4614;
	1870.946 1195.3338 2072.3317 633.7953 1064.3063 1436.3068 1149.5774 375.1239 693.6 5885.7869 2443.9876;
	1799.9492 1125.4 1951.5276 622.22 978.7049 1313.1877 1054.5192 326.6 632.9379 5374.8388 2246.3;
	1703.7599 1049.339 1777.0074 605.0465 888.769 1236.7214 965.4 286.6353 575.5108 4974.1662 2084.3128;
	1588.3074 959.4689 1709.233 607.5195 823.8053 1151.9692 890.5342 285.0 550.6193 4274.2463 1907.5099;
	1518.8516 950.0347 1697.2 603.0057 810.9691 1130.9149 895.0209 271.0 558.3 4528.4751 1881.1195;
];
