function solarprofile = ex_solar_profilesh1
%EX_WIND_PROFILE_D  Example wind_load_nyiso profile data for deterministic unit commitment.
% 2022.03.12
% Andres F. Ramirez


%% define constants
[GEN_BUS, PG, QG, QMAX, QMIN, VG, MBASE, GEN_STATUS, PMAX, PMIN, ...
    MU_PMAX, MU_PMIN, MU_QMAX, MU_QMIN, PC1, PC2, QC1MIN, QC1MAX, ...
    QC2MIN, QC2MAX, RAMP_AGC, RAMP_10, RAMP_30, RAMP_Q, APF] = idx_gen;
[CT_LABEL, CT_PROB, CT_TABLE, CT_TBUS, CT_TGEN, CT_TBRCH, CT_TAREABUS, ...
    CT_TAREAGEN, CT_TAREABRCH, CT_ROW, CT_COL, CT_CHGTYPE, CT_REP, ...
    CT_REL, CT_ADD, CT_NEWVAL, CT_TLOAD, CT_TAREALOAD, CT_LOAD_ALL_PQ, ...
    CT_LOAD_FIX_PQ, CT_LOAD_DIS_PQ, CT_LOAD_ALL_P, CT_LOAD_FIX_P, ...
    CT_LOAD_DIS_P, CT_TGENCOST, CT_TAREAGENCOST, CT_MODCOST_F, ...
    CT_MODCOST_X] = idx_ct;

solarprofile = struct( ...
    'type', 'mpcData', ...
    'table', CT_TGEN, ...
    'rows', [1:12], ...
    'col', PMAX, ...
    'chgtype', 1, ...
    'values', [] );
solarprofile.values(:,1,:) = [
	0.0 0.0 0.0 0.0 0.0 0.0 0.0 0.0 0.0 0.0 0.0 0.0;
	0.0 0.0 0.0 0.0 0.0 0.0 0.0 0.0 0.0 0.0 0.0 0.0;
	0.0 0.0 0.0 0.0 0.0 0.0 0.0 0.0 0.0 0.0 0.0 0.0;
	0.0 0.0 0.0 0.0 0.0 0.0 0.0 0.0 0.0 0.0 0.0 0.0;
	0.0 0.0 0.0 0.0 0.0 0.0 0.0 0.0 0.0 0.0 0.0 0.0;
	0.1789 0.1621 0.24 0.0 0.0 0.0 0.0 0.0 0.0 0.0 0.0 0.0;
	8.7059 6.7676 5.6902 2.0262 2.3512 159.7873 19.9734 29.5305 136.4423 21.9077 22.1498 39.6749;
	5.0717 4.722 3.4517 4.1081 3.682 302.8796 37.8599 27.8587 140.7841 67.0331 31.0549 121.3974;
	2.1356 3.5629 5.6888 6.3522 4.7796 315.7452 39.4682 24.0907 126.236 162.0817 89.6757 293.531;
	6.1365 3.6883 8.0135 6.8571 4.6975 182.1949 22.7744 28.2169 105.7187 219.8589 159.8483 398.1658;
	14.3163 12.7358 10.4351 8.1322 6.3518 145.6907 18.2113 37.6619 98.2767 251.0858 186.7824 454.7179;
	20.3677 16.3432 11.243 8.8259 6.3051 163.8381 20.4798 40.809 99.7869 253.8253 187.5638 459.6792;
	22.1058 16.5546 12.8652 10.5574 7.4806 370.6263 46.3283 62.4731 219.723 308.9487 190.4642 559.5079;
	17.744 16.3881 13.1344 9.78 4.8324 394.7946 49.3493 64.4338 243.8167 289.1352 143.2737 523.6257;
	12.0986 14.105 10.5045 8.4074 2.9113 398.6522 49.8315 66.9846 260.4608 168.6785 66.7627 305.4778;
	9.2088 8.7481 6.16 9.4169 7.6209 380.3367 47.5421 65.1187 259.1783 178.3062 61.1468 322.9136;
	1.2371 1.0898 0.5867 2.4169 3.4558 67.4289 8.4286 10.7886 41.7433 67.1487 37.9013 121.6067;
	0.0 0.0 0.0 0.0 0.0 0.0 0.0 0.0 0.0 0.0 0.0 0.0;
	0.0 0.0 0.0 0.0 0.0 0.0 0.0 0.0 0.0 0.0 0.0 0.0;
	0.0 0.0 0.0 0.0 0.0 0.0 0.0 0.0 0.0 0.0 0.0 0.0;
	0.0 0.0 0.0 0.0 0.0 0.0 0.0 0.0 0.0 0.0 0.0 0.0;
	0.0 0.0 0.0 0.0 0.0 0.0 0.0 0.0 0.0 0.0 0.0 0.0;
	0.0 0.0 0.0 0.0 0.0 0.0 0.0 0.0 0.0 0.0 0.0 0.0;
	0.0 0.0 0.0 0.0 0.0 0.0 0.0 0.0 0.0 0.0 0.0 0.0;
];
