function solarprofile = ex_solar_profilesh1
%EX_WIND_PROFILE_D  Example wind_load_nyiso profile data for deterministic unit commitment.
% 2022.03.12
% Andres F. Ramirez


%% define constants
[GEN_BUS, PG, QG, QMAX, QMIN, VG, MBASE, GEN_STATUS, PMAX, PMIN, ...
    MU_PMAX, MU_PMIN, MU_QMAX, MU_QMIN, PC1, PC2, QC1MIN, QC1MAX, ...
    QC2MIN, QC2MAX, RAMP_AGC, RAMP_10, RAMP_30, RAMP_Q, APF] = idx_gen;
[CT_LABEL, CT_PROB, CT_TABLE, CT_TBUS, CT_TGEN, CT_TBRCH, CT_TAREABUS, ...
    CT_TAREAGEN, CT_TAREABRCH, CT_ROW, CT_COL, CT_CHGTYPE, CT_REP, ...
    CT_REL, CT_ADD, CT_NEWVAL, CT_TLOAD, CT_TAREALOAD, CT_LOAD_ALL_PQ, ...
    CT_LOAD_FIX_PQ, CT_LOAD_DIS_PQ, CT_LOAD_ALL_P, CT_LOAD_FIX_P, ...
    CT_LOAD_DIS_P, CT_TGENCOST, CT_TAREAGENCOST, CT_MODCOST_F, ...
    CT_MODCOST_X] = idx_ct;

solarprofile = struct( ...
    'type', 'mpcData', ...
    'table', CT_TGEN, ...
    'rows', [1:12], ...
    'col', PMAX, ...
    'chgtype', 1, ...
    'values', [] );
solarprofile.values(:,1,:) = [
	0.0 0.0 0.0 0.0 0.0 0.0 0.0 0.0 0.0 0.0 0.0 0.0;
	0.0 0.0 0.0 0.0 0.0 0.0 0.0 0.0 0.0 0.0 0.0 0.0;
	0.0 0.0 0.0 0.0 0.0 0.0 0.0 0.0 0.0 0.0 0.0 0.0;
	0.0 0.0 0.0 0.0 0.0 0.0 0.0 0.0 0.0 0.0 0.0 0.0;
	0.0 0.0 0.0 0.0 0.0 0.0 0.0 0.0 0.0 0.0 0.0 0.0;
	0.1788 0.1978 0.2477 0.0 0.0 0.0 0.0 0.0 0.0 0.0 0.0 0.0;
	8.7898 6.9647 3.1729 1.0298 3.9163 176.6087 22.0761 41.9066 202.0504 41.7194 24.2764 75.5541;
	19.4281 15.804 11.8392 1.9036 3.9123 303.5919 37.949 65.7144 219.814 61.709 47.8694 111.7554;
	24.0055 16.7574 13.964 4.674 4.3869 328.2959 41.037 70.1181 202.2254 113.9763 89.5645 206.4118;
	25.8246 16.474 13.9976 7.4235 4.8545 236.9101 29.6138 69.3453 162.6188 218.4012 160.042 395.5259;
	25.9681 16.5326 13.7859 7.7864 7.0602 231.6044 28.9506 67.8818 175.8925 259.3917 183.0722 469.7599;
	25.964 16.3816 13.7863 7.2908 8.2601 223.2068 27.9009 63.2334 173.4184 261.468 176.9714 473.5202;
	25.0414 16.3122 13.6537 9.4325 11.4041 350.1759 43.772 64.4928 205.8187 308.6237 190.4419 558.9194;
	19.2467 16.1728 13.6902 8.4366 9.7489 346.3926 43.2991 63.5653 193.7462 292.1596 171.0601 529.1027;
	11.5321 12.2022 11.0457 6.1592 8.1233 298.5019 37.3127 60.6246 180.2227 207.4302 124.2255 375.6573;
	5.8843 7.0093 5.8915 4.011 10.4988 157.2683 19.6585 54.0209 170.5011 206.775 112.981 374.4708;
	0.9674 0.8579 0.6176 1.5084 3.4709 58.5777 7.3222 12.7447 40.5291 66.0967 37.1537 119.7015;
	0.0 0.0 0.0 0.0 0.0 0.0 0.0 0.0 0.0 0.0 0.0 0.0;
	0.0 0.0 0.0 0.0 0.0 0.0 0.0 0.0 0.0 0.0 0.0 0.0;
	0.0 0.0 0.0 0.0 0.0 0.0 0.0 0.0 0.0 0.0 0.0 0.0;
	0.0 0.0 0.0 0.0 0.0 0.0 0.0 0.0 0.0 0.0 0.0 0.0;
	0.0 0.0 0.0 0.0 0.0 0.0 0.0 0.0 0.0 0.0 0.0 0.0;
	0.0 0.0 0.0 0.0 0.0 0.0 0.0 0.0 0.0 0.0 0.0 0.0;
	0.0 0.0 0.0 0.0 0.0 0.0 0.0 0.0 0.0 0.0 0.0 0.0;
];
