function solarprofile = ex_solar_profilesh1
%EX_WIND_PROFILE_D  Example wind_load_nyiso profile data for deterministic unit commitment.
% 2022.03.12
% Andres F. Ramirez


%% define constants
[GEN_BUS, PG, QG, QMAX, QMIN, VG, MBASE, GEN_STATUS, PMAX, PMIN, ...
    MU_PMAX, MU_PMIN, MU_QMAX, MU_QMIN, PC1, PC2, QC1MIN, QC1MAX, ...
    QC2MIN, QC2MAX, RAMP_AGC, RAMP_10, RAMP_30, RAMP_Q, APF] = idx_gen;
[CT_LABEL, CT_PROB, CT_TABLE, CT_TBUS, CT_TGEN, CT_TBRCH, CT_TAREABUS, ...
    CT_TAREAGEN, CT_TAREABRCH, CT_ROW, CT_COL, CT_CHGTYPE, CT_REP, ...
    CT_REL, CT_ADD, CT_NEWVAL, CT_TLOAD, CT_TAREALOAD, CT_LOAD_ALL_PQ, ...
    CT_LOAD_FIX_PQ, CT_LOAD_DIS_PQ, CT_LOAD_ALL_P, CT_LOAD_FIX_P, ...
    CT_LOAD_DIS_P, CT_TGENCOST, CT_TAREAGENCOST, CT_MODCOST_F, ...
    CT_MODCOST_X] = idx_ct;

solarprofile = struct( ...
    'type', 'mpcData', ...
    'table', CT_TGEN, ...
    'rows', [1:12], ...
    'col', PMAX, ...
    'chgtype', 1, ...
    'values', [] );
solarprofile.values(:,1,:) = [
	0.0 0.0 0.0 0.0 0.0 0.0 0.0 0.0 0.0 0.0 0.0 0.0;
	0.0 0.0 0.0 0.0 0.0 0.0 0.0 0.0 0.0 0.0 0.0 0.0;
	0.0 0.0 0.0 0.0 0.0 0.0 0.0 0.0 0.0 0.0 0.0 0.0;
	0.0 0.0 0.0 0.0 0.0 0.0 0.0 0.0 0.0 0.0 0.0 0.0;
	0.0 0.0 0.0 0.0 0.0 0.0 0.0 0.0 0.0 0.0 0.0 0.0;
	0.1575 0.1621 0.24 0.0 0.0 0.0 0.0 0.0 0.0 0.0 0.0 0.0;
	5.9946 6.6485 5.2039 1.2848 0.1059 28.2645 3.5331 3.5885 79.0564 50.0049 21.6836 90.5592;
	7.0551 7.9492 6.8305 4.3722 1.848 137.9231 17.2404 19.6104 142.2807 117.1824 52.518 212.218;
	11.8102 10.7574 11.4092 6.936 3.9176 231.1174 28.8897 37.6119 173.3858 179.1446 104.5544 324.4319;
	25.0558 16.3886 13.585 4.347 2.3361 103.6894 12.9612 40.4406 195.9193 152.0968 104.8624 275.4483;
	25.9535 16.5337 13.7859 4.5894 1.6558 46.8709 5.8589 22.9743 219.2486 192.7229 105.5698 349.0224;
	26.2008 16.7599 13.7885 4.8547 1.2013 24.0783 3.0098 20.0293 223.4164 197.4064 90.2922 357.5041;
	26.3702 16.8277 14.2417 5.567 2.2373 124.5349 15.5669 62.725 252.5286 313.6906 149.5361 568.0956;
	25.0281 16.5865 14.2501 4.7603 1.8201 171.3029 21.4129 68.6985 242.1833 307.7848 157.5983 557.4001;
	22.6358 16.1991 14.1265 2.9901 1.3229 210.8044 26.3506 70.1528 231.717 216.0796 91.1681 391.3215;
	14.4258 11.7485 9.7175 3.917 6.9605 247.7475 30.9684 55.5809 220.9205 200.4469 66.2628 363.0106;
	1.1958 1.0039 0.7333 2.0535 3.4483 65.1215 8.1402 10.0248 48.2149 66.8365 37.5194 121.0413;
	0.0 0.0 0.0 0.0 0.0 0.0 0.0 0.0 0.0 0.0 0.0 0.0;
	0.0 0.0 0.0 0.0 0.0 0.0 0.0 0.0 0.0 0.0 0.0 0.0;
	0.0 0.0 0.0 0.0 0.0 0.0 0.0 0.0 0.0 0.0 0.0 0.0;
	0.0 0.0 0.0 0.0 0.0 0.0 0.0 0.0 0.0 0.0 0.0 0.0;
	0.0 0.0 0.0 0.0 0.0 0.0 0.0 0.0 0.0 0.0 0.0 0.0;
	0.0 0.0 0.0 0.0 0.0 0.0 0.0 0.0 0.0 0.0 0.0 0.0;
	0.0 0.0 0.0 0.0 0.0 0.0 0.0 0.0 0.0 0.0 0.0 0.0;
];
