function windprofile = ex_wind_profilesh1
%EX_WIND_PROFILE_D  Example wind_load_nyiso profile data for deterministic unit commitment.
% 2022.03.12
% Andres F. Ramirez


%% define constants
[GEN_BUS, PG, QG, QMAX, QMIN, VG, MBASE, GEN_STATUS, PMAX, PMIN, ...
    MU_PMAX, MU_PMIN, MU_QMAX, MU_QMIN, PC1, PC2, QC1MIN, QC1MAX, ...
    QC2MIN, QC2MAX, RAMP_AGC, RAMP_10, RAMP_30, RAMP_Q, APF] = idx_gen;
[CT_LABEL, CT_PROB, CT_TABLE, CT_TBUS, CT_TGEN, CT_TBRCH, CT_TAREABUS, ...
    CT_TAREAGEN, CT_TAREABRCH, CT_ROW, CT_COL, CT_CHGTYPE, CT_REP, ...
    CT_REL, CT_ADD, CT_NEWVAL, CT_TLOAD, CT_TAREALOAD, CT_LOAD_ALL_PQ, ...
    CT_LOAD_FIX_PQ, CT_LOAD_DIS_PQ, CT_LOAD_ALL_P, CT_LOAD_FIX_P, ...
    CT_LOAD_DIS_P, CT_TGENCOST, CT_TAREAGENCOST, CT_MODCOST_F, ...
    CT_MODCOST_X] = idx_ct;

windprofile = struct( ...
    'type', 'mpcData', ...
    'table', CT_TGEN, ...
    'rows', [1:45], ...
    'col', PMAX, ...
    'chgtype', 1, ...
    'values', [] );
windprofile.values(:,1,:) = [
	3.7057 50.0716 88.7958 107.2636 14.3814 30.3665 28.38 12.1176 27.8787 29.5585 54.6385 81.5098 122.7126 64.4784 184.0957 69.357 86.0541 91.1916 91.0117 70.7322 9.46 70.8551 74.1077 83.9508 94.8253 62.659 9.0607 1235.0444 780.3485 780.3485 773.7082 111.1555 303.3724 182.0649 202.1486 332.9487 1174.1717 287.8903 464.7385 253.9963 112.5437 336.8655 177.8365 243.0973 1186.4027;
	3.6559 49.3998 86.1019 105.9809 14.3079 28.7213 28.0958 9.4727 28.07 27.0032 49.915 74.4634 112.1042 65.8793 189.746 71.4857 88.6952 93.9905 91.5872 69.1305 9.3653 67.0164 73.1681 78.9056 88.7909 60.101 7.3905 1220.2174 794.1355 794.1355 807.502 109.662 305.2905 177.9421 206.5404 338.8312 1224.8623 278.9945 468.8102 237.8328 106.2235 318.6151 182.6024 235.5979 1237.6212;
	3.567 48.1978 79.3106 82.4956 14.2827 29.1528 24.3619 5.3052 27.355 27.7706 51.3335 76.5795 115.2901 61.0171 196.2358 73.9307 91.7288 97.2052 92.9224 71.9543 8.1206 68.0232 70.1259 80.8038 68.3414 49.6787 6.7252 1214.0299 785.187 785.187 792.5492 105.2282 309.7413 185.2105 191.2968 335.0131 1154.4869 256.6542 455.3008 183.0573 97.2025 323.4019 157.4331 234.787 1166.5128;
	3.3895 45.799 76.6128 83.8607 14.0638 29.9278 21.8782 8.5492 26.9866 27.9608 51.685 77.1039 116.0795 57.6636 189.3651 71.3422 88.5172 93.8018 91.4544 68.5871 7.2927 69.8315 70.3046 80.2018 66.6127 50.3218 6.8243 1207.7961 780.8825 780.8825 784.3781 107.5664 304.848 176.5433 180.7831 333.1765 1139.3754 256.0446 434.6866 178.427 89.634 331.9988 161.5417 239.2713 1151.2439;
	3.4273 46.3109 80.5166 71.0464 14.1613 28.3299 18.3351 3.3579 23.7407 27.2315 50.3371 75.093 113.0521 59.7912 188.8614 71.1524 88.2817 93.5523 89.7522 71.7994 6.1117 66.1032 67.9618 82.4077 63.1743 48.2301 4.9168 1163.2036 768.3974 768.3974 717.4618 99.4704 299.1739 184.8119 187.4535 327.8495 1081.0011 238.651 391.8171 169.217 93.8736 314.2735 165.9886 217.3851 1092.2615;
	3.3217 44.883 73.7389 65.3743 14.0338 25.4899 15.7191 4.4271 23.1737 27.886 51.5468 76.8977 115.769 56.2812 181.3031 68.3049 84.7486 89.8083 87.5543 70.7703 5.2397 59.4764 68.5163 80.109 49.4636 30.9921 3.3287 1190.6659 694.205 694.205 611.1525 84.4292 291.8477 182.163 176.4491 296.1941 1068.9823 207.9676 337.9118 132.4918 77.1947 282.7678 127.9688 167.4763 1080.1176;
	2.9462 39.8098 65.6163 53.6307 13.3754 24.2043 9.4671 4.1185 15.7509 24.6891 45.6374 68.082 102.4971 55.392 171.243 64.5148 80.0461 84.825 87.6075 68.1127 3.1557 56.4768 62.0909 75.4242 39.2078 21.6452 2.8381 1212.1198 626.9454 626.9454 510.8717 51.8799 292.0249 175.3223 173.6613 267.4967 1024.9774 181.3307 233.9457 105.021 68.066 268.5066 131.3843 122.4845 1035.6542;
	3.2859 44.4001 65.71 63.2488 14.1956 16.7477 9.7664 4.1157 14.3137 22.2155 41.065 61.2609 92.228 59.8556 169.7163 63.9396 79.3325 84.0688 90.4592 67.871 3.2555 39.0781 55.685 83.4613 48.6946 15.7592 1.7554 1242.243 653.9959 653.9959 582.2103 50.7328 301.5306 174.7 187.6555 279.0383 1062.7237 186.5094 209.702 130.432 53.601 185.7882 113.1532 126.1207 1073.7937;
	2.8245 38.1648 55.4036 60.9291 14.0799 20.7271 13.5054 3.2976 19.4134 20.1123 37.1773 55.4613 83.4967 63.2997 170.1586 64.1063 79.5393 84.2879 91.3116 65.4984 4.5018 48.3633 49.2175 82.8583 53.0984 12.0883 2.2913 1252.6343 752.6837 752.6837 725.643 78.6272 304.3721 168.593 198.4531 321.1451 1123.0736 227.5757 219.8357 142.2279 49.6958 229.9329 119.1484 142.2811 1134.7723;
	2.6673 36.0405 49.1164 61.3908 14.2155 18.3434 19.0451 2.1194 21.6457 16.199 29.9435 44.6699 67.2502 65.5261 163.5736 61.6254 76.4611 81.026 86.0453 65.7523 6.3484 42.8012 39.0567 75.5873 37.7845 7.3537 1.0939 1216.0182 757.1304 757.1304 749.8504 104.1213 286.8176 169.2466 205.4333 323.0423 1159.7899 242.5194 361.9196 101.2086 39.7363 203.489 125.3372 130.0973 1171.8711;
	2.1096 28.5055 35.2428 44.2068 12.9406 14.1074 17.4683 0.8098 19.9271 12.9356 23.9113 35.6709 53.7024 65.6166 166.2053 62.6169 77.6913 82.3296 86.3878 68.3511 5.8228 32.9172 27.9711 55.3273 22.9468 4.2747 0.579 1177.5831 761.6049 761.6049 748.7997 101.9266 287.9595 175.936 205.7169 324.9514 1121.6214 237.48 400.6521 61.4646 24.6002 156.4978 85.4203 91.8307 1133.3049;
	1.3439 18.159 27.8345 26.9395 8.5634 10.1729 18.1209 1.0332 18.0343 7.5457 13.9481 20.8078 31.326 65.2888 165.0617 62.186 77.1567 81.7631 85.567 66.4948 6.0403 23.7368 17.2001 40.9684 19.794 5.7971 0.7003 1062.0111 699.4398 699.4398 686.4151 100.1532 285.2232 171.1579 204.6893 298.4277 1018.6358 201.3044 397.3809 53.0197 22.5624 112.8514 60.1799 72.5931 1029.2466;
	0.8564 11.5721 24.39 22.8585 7.8101 7.1804 17.2134 1.5727 13.7165 1.2999 2.4028 3.5845 5.3964 62.6145 180.1748 67.8798 84.2213 89.2494 82.6373 68.7061 5.7378 16.7543 12.1816 34.6457 19.0754 6.1898 2.0189 1061.7262 703.9245 703.9245 674.102 99.314 275.4577 176.8497 196.305 300.3411 1000.528 209.139 404.6437 51.0947 7.8839 79.6545 47.2613 45.2302 1010.9501;
	0.7979 10.7816 21.836 29.4311 7.4418 8.6496 13.4948 2.3881 13.0566 16.3788 30.276 45.1659 67.997 65.1994 187.3425 70.5802 87.5717 92.7999 85.1253 69.7052 4.4983 20.1824 46.6252 39.616 23.2129 8.1577 3.5119 984.2947 695.6811 695.6811 691.6832 97.061 283.751 179.4214 204.4091 296.8239 865.6811 214.8642 401.2645 62.1775 24.6021 95.953 34.6088 46.8394 874.6986;
	0.7915 10.695 22.6156 13.2424 5.5444 7.9527 10.6385 2.0274 12.8075 16.8202 31.0919 46.383 69.8293 63.9709 190.1689 71.645 88.8929 94.2 82.8748 71.8118 3.5462 18.5562 56.2542 49.6432 24.4824 4.126 3.5187 854.8839 633.4911 633.4911 611.1828 79.4881 276.2492 184.8437 200.5573 270.2895 742.0106 201.3615 319.9346 65.5777 21.3324 88.2216 25.4392 34.7014 749.7398;
	0.9217 12.4548 19.8024 29.5994 7.3037 2.7005 5.1802 1.53 9.5003 15.4688 28.5938 42.6563 64.2189 63.5694 189.8694 71.5322 88.7529 94.0516 82.3866 70.8415 1.7267 6.3012 51.4166 47.0529 22.8887 4.1545 2.4862 874.9688 538.6252 538.6252 536.1216 72.9984 274.6221 182.3461 199.2987 229.8134 604.7575 179.7284 218.8542 61.3089 22.1173 29.9578 0.0 18.5033 611.0571;
	0.558 7.5399 24.9086 17.4155 6.059 0.1642 3.761 1.0511 11.8752 17.9463 33.1735 49.4884 74.5045 61.6404 176.3409 66.4354 82.4291 87.3503 79.2651 66.0934 1.2537 0.3831 51.0304 45.05 16.3567 5.0663 1.8602 828.5017 535.8611 535.8611 581.6615 77.744 264.2169 170.1246 193.2509 228.6341 734.0238 190.0052 243.7432 43.8126 32.4219 1.8212 0.0 13.2409 741.6699;
	1.0804 14.5986 11.3379 0.7503 2.8493 0.0 0.0 1.4172 2.7968 19.3477 35.7639 53.3527 80.3221 62.5044 133.457 50.2791 62.3834 66.1078 83.7918 50.3283 0.0 0.0 62.2301 38.7959 14.7837 4.7123 1.8316 774.2065 547.724 547.724 636.4708 90.3278 279.3059 129.5453 195.9596 233.6956 755.9842 203.8456 345.3139 39.5993 75.196 0.0 0.0 14.7974 763.8591;
	0.5375 7.2622 28.2774 42.6809 4.9378 0.0551 0.2214 2.1212 1.8165 23.0082 42.5304 63.4469 95.519 61.1926 118.1632 44.5173 55.2344 58.532 18.0132 56.0546 0.0738 0.1286 69.9853 50.7508 25.0845 9.392 2.2369 852.3815 532.0916 532.0916 664.9614 88.4674 60.0441 144.2848 191.847 227.0258 755.2144 195.9356 352.1744 67.1908 83.7389 0.6116 0.0 1.2388 763.0812;
