function windprofile = ex_wind_profilesh1
%EX_WIND_PROFILE_D  Example wind_load_nyiso profile data for deterministic unit commitment.
% 2022.03.12
% Andres F. Ramirez


%% define constants
[GEN_BUS, PG, QG, QMAX, QMIN, VG, MBASE, GEN_STATUS, PMAX, PMIN, ...
    MU_PMAX, MU_PMIN, MU_QMAX, MU_QMIN, PC1, PC2, QC1MIN, QC1MAX, ...
    QC2MIN, QC2MAX, RAMP_AGC, RAMP_10, RAMP_30, RAMP_Q, APF] = idx_gen;
[CT_LABEL, CT_PROB, CT_TABLE, CT_TBUS, CT_TGEN, CT_TBRCH, CT_TAREABUS, ...
    CT_TAREAGEN, CT_TAREABRCH, CT_ROW, CT_COL, CT_CHGTYPE, CT_REP, ...
    CT_REL, CT_ADD, CT_NEWVAL, CT_TLOAD, CT_TAREALOAD, CT_LOAD_ALL_PQ, ...
    CT_LOAD_FIX_PQ, CT_LOAD_DIS_PQ, CT_LOAD_ALL_P, CT_LOAD_FIX_P, ...
    CT_LOAD_DIS_P, CT_TGENCOST, CT_TAREAGENCOST, CT_MODCOST_F, ...
    CT_MODCOST_X] = idx_ct;

windprofile = struct( ...
    'type', 'mpcData', ...
    'table', CT_TGEN, ...
    'rows', [1:45], ...
    'col', PMAX, ...
    'chgtype', 1, ...
    'values', [] );
windprofile.values(:,1,:) = [
	3.7221 50.2932 94.876 119.6574 15.4022 33.5178 29.3096 13.7414 27.9881 28.3132 52.3364 78.0757 117.5425 68.3873 195.6356 73.7046 91.4483 96.9079 88.1807 71.6074 9.7699 78.2082 72.2061 90.0876 103.4134 69.4361 9.7977 1201.8644 797.0067 797.0067 769.8487 121.7384 293.9356 184.3177 214.4033 340.0562 1134.2917 310.3114 470.9998 277.0002 120.2036 371.8241 200.4207 254.4711 1146.1072;
	3.8169 51.5741 93.5044 117.2662 14.8082 33.2594 28.9186 13.5636 27.4918 26.5627 49.1008 73.2487 110.2756 68.3711 199.4425 75.1388 93.2278 98.7936 88.5178 73.293 9.6395 77.6053 71.3978 89.4269 102.9072 64.684 9.2995 1221.9044 820.431 820.431 791.2991 122.1666 295.0594 188.6563 214.3528 350.0506 1243.0724 296.0133 466.3075 275.6443 118.6924 368.958 202.0073 251.9005 1256.021;
	3.7302 50.4028 94.0669 108.7154 15.0021 32.1557 26.455 12.5759 27.0489 26.3506 48.7088 72.6639 109.3951 67.165 195.7575 73.7505 91.5052 96.9682 90.0432 72.5676 8.8183 75.0299 68.4437 89.1432 92.6552 63.6592 9.8119 1244.9715 823.8051 823.8051 789.761 120.2461 300.1439 186.7893 210.5713 351.4902 1213.3041 287.9946 464.7064 248.1837 115.2743 356.7136 180.3163 262.957 1225.9427;
	3.688 49.8334 92.1234 106.8432 14.9347 32.5677 23.2436 12.661 26.3516 26.9822 49.8762 74.4055 112.017 65.5481 196.2939 73.9526 91.756 97.234 89.0102 72.7203 7.7479 75.9912 69.319 89.4943 93.5998 57.7121 9.454 1225.2954 821.4701 821.4701 780.8462 119.4684 296.7006 187.1824 205.5021 350.4939 1227.8516 278.3932 444.3896 250.7138 116.3289 361.2841 186.793 253.3982 1240.6417;
	3.7055 50.0694 90.9607 98.4303 14.8411 32.6031 19.7544 10.6899 22.8695 27.3941 50.6376 75.5413 113.727 64.9451 185.7425 69.9774 86.8238 92.0074 88.3777 71.5647 6.5848 76.0739 67.6315 89.9281 81.0005 54.9471 8.8618 1266.3979 820.4731 820.4731 783.0255 119.3197 294.5924 184.2076 203.6117 350.0685 1229.4604 285.8156 392.7708 216.9655 114.04 361.6772 197.1918 225.6753 1242.2673;
	3.8988 52.6817 88.4772 92.0756 14.9178 32.7062 17.2972 9.108 23.4397 28.4005 52.4978 78.3164 117.9049 64.7466 182.9309 68.9182 85.5096 90.6146 88.2447 71.8259 5.7657 76.3146 68.7263 89.0976 71.1424 41.5323 7.3758 1274.2093 783.7687 783.7687 735.9134 105.2997 294.1489 184.88 202.9893 334.408 1243.998 249.4072 347.5285 190.56 104.4118 362.8213 198.3142 191.7452 1256.9563;
	3.5667 48.1945 77.4122 79.4617 14.6404 29.4799 13.9486 7.4979 16.2335 27.3041 50.4712 75.2932 113.3534 64.6188 184.1928 69.3936 86.0994 91.2397 85.8884 68.1724 4.6495 68.7865 69.028 83.2982 57.1044 29.0392 5.626 1294.5455 729.6437 729.6437 602.5362 69.6027 286.2948 175.4758 202.5886 311.3147 1174.2981 221.1387 278.5987 152.9583 83.9882 327.0308 159.0841 143.3302 1186.5303;
	3.6813 49.7422 77.7508 83.8186 15.0267 30.8584 15.7071 7.1449 14.9867 23.6004 43.6249 65.0798 97.9772 68.0462 186.6788 70.3301 87.2615 92.4711 86.7841 70.2751 5.2357 72.003 57.331 87.2596 69.1683 24.6721 4.4585 1263.0111 745.9709 745.9709 683.1058 71.2925 289.2802 180.8883 213.334 318.2809 1179.9466 221.8899 256.5455 185.2723 85.5519 342.3228 153.4221 153.8087 1192.2378;
	3.3103 44.7294 67.3499 78.3613 15.3001 27.0888 15.1688 4.4205 19.7029 22.2802 41.1847 61.4394 92.4967 68.1922 191.2975 72.0702 89.4204 94.759 92.2532 69.4849 5.0563 63.2073 55.3761 88.2439 63.7656 17.9037 2.8637 1288.0078 825.9159 825.9159 810.3582 96.1366 307.5105 178.8542 213.7919 352.3908 1205.5036 264.1707 248.1489 170.8008 60.9605 300.5054 153.266 177.0139 1218.0609;
	2.8692 38.7698 51.7492 65.9921 14.9366 20.6131 19.1581 2.1915 21.27 18.5769 34.3391 51.2272 77.1223 67.0471 180.6691 68.066 84.4523 89.4942 91.9592 63.7531 6.386 48.0973 43.2172 71.8944 34.5236 8.2862 1.1252 1215.9843 788.9434 788.9434 776.6174 107.3994 306.5306 164.1006 210.2017 336.6158 1153.7751 246.4143 365.0067 92.4739 45.8106 228.6684 138.06 133.9187 1165.7936;
	2.3221 31.3767 34.5494 45.8873 14.3967 14.961 18.3487 0.8999 18.8903 15.1274 27.9628 41.715 62.8017 64.9031 175.2118 66.01 81.9013 86.791 92.242 67.835 6.1162 34.9089 35.155 49.7714 20.4657 5.4165 1.439 1157.1923 793.3469 793.3469 788.9754 109.5643 307.4733 174.6074 203.4801 338.4947 1119.8451 260.4132 400.6564 54.8189 40.2286 165.9668 96.1063 96.3946 1131.5102;
	1.7178 23.2117 27.013 28.8644 10.7077 11.2985 19.7659 1.0945 18.0824 16.562 30.6147 45.6711 68.7576 64.8695 178.2359 67.1493 83.3149 88.2889 88.6464 66.9676 6.5886 26.3632 42.7163 35.7329 16.597 6.3314 2.4255 978.8263 712.4765 712.4765 730.8347 107.6172 295.4879 172.3747 203.3748 303.99 997.851 227.4798 405.7402 44.4564 31.2478 125.338 69.1934 77.2444 1008.2452;
	1.1007 14.8723 25.2308 26.0954 9.7783 8.7338 17.9781 1.9615 14.5344 11.9241 22.0414 32.8815 49.5029 63.3847 161.6992 60.9192 75.585 80.0975 85.6599 61.8409 5.9927 20.379 37.3264 30.9226 20.706 9.5381 2.4435 1002.376 731.7253 731.7253 693.3825 99.6819 285.5329 159.1788 198.7195 312.2028 1019.2336 223.1568 408.9908 55.4626 29.7094 96.8875 51.4041 57.6939 1029.8506;
	0.9221 12.4601 22.5863 33.1855 8.648 9.7735 14.1893 3.2029 12.5822 14.955 27.6442 41.2396 62.0861 64.6108 173.6147 65.4083 81.1548 85.9998 85.0784 65.1168 4.7298 22.8049 49.363 35.903 24.0036 11.9233 3.9291 909.2115 707.2125 707.2125 712.5223 92.5163 283.5947 167.6108 202.5637 301.744 861.6733 221.1495 409.3843 64.2954 31.1246 108.421 42.9223 66.5426 870.649;
	0.9252 12.5016 20.0123 15.1453 8.4536 9.3695 11.62 2.2538 12.3866 14.6125 27.011 40.2951 60.6641 63.0093 132.5338 49.9313 61.9518 65.6505 77.6001 64.2903 3.8733 21.8621 54.0137 45.657 23.7178 5.242 3.6124 799.3623 640.696 640.696 605.2778 74.6082 258.667 165.4833 197.5427 273.3636 748.3091 195.0589 334.0769 63.5298 31.8198 103.9386 39.8945 56.9409 756.104;
	0.9857 13.3194 14.9604 29.9502 8.677 11.6611 5.8815 1.248 7.7452 13.0712 24.1619 36.0448 54.2653 56.6076 128.9911 48.5966 60.2958 63.8956 74.6346 61.2908 1.9605 27.2092 52.1235 40.8358 21.7424 2.3568 2.2564 825.8564 534.6515 534.6515 562.6032 75.9196 248.782 157.7626 177.4726 228.118 617.9561 196.3719 236.7215 58.2386 30.5066 129.3603 16.706 30.9257 624.3931;
	0.7119 9.6194 29.5653 84.5968 8.2303 25.6767 3.8581 10.1405 0.3565 18.3215 33.867 50.5229 76.0619 50.4742 157.0566 59.1702 73.4148 77.7978 81.5744 60.5736 1.286 59.9122 54.54 45.3176 19.113 12.3018 1.7178 799.3526 560.0741 560.0741 602.6164 78.9061 271.9147 155.9167 158.2434 238.965 751.7122 207.7272 230.0919 51.1956 38.2392 284.8397 98.7947 198.7471 759.5426;
	1.2876 17.3986 34.4434 72.2002 3.9465 18.1997 8.3143 5.4772 1.5893 20.8154 38.477 57.4001 86.4156 62.91 119.938 45.1859 56.064 59.4111 82.9313 52.8903 2.7714 42.4659 68.7632 43.1676 17.9556 3.6002 1.642 761.5057 564.3122 564.3122 668.0036 85.002 276.4377 136.1398 197.2314 240.7732 779.8614 213.1671 345.702 48.0953 76.9379 201.8948 63.3914 153.5034 787.985;
