function windprofile = ex_wind_profilesh1
%EX_WIND_PROFILE_D  Example wind_load_nyiso profile data for deterministic unit commitment.
% 2022.03.12
% Andres F. Ramirez


%% define constants
[GEN_BUS, PG, QG, QMAX, QMIN, VG, MBASE, GEN_STATUS, PMAX, PMIN, ...
    MU_PMAX, MU_PMIN, MU_QMAX, MU_QMIN, PC1, PC2, QC1MIN, QC1MAX, ...
    QC2MIN, QC2MAX, RAMP_AGC, RAMP_10, RAMP_30, RAMP_Q, APF] = idx_gen;
[CT_LABEL, CT_PROB, CT_TABLE, CT_TBUS, CT_TGEN, CT_TBRCH, CT_TAREABUS, ...
    CT_TAREAGEN, CT_TAREABRCH, CT_ROW, CT_COL, CT_CHGTYPE, CT_REP, ...
    CT_REL, CT_ADD, CT_NEWVAL, CT_TLOAD, CT_TAREALOAD, CT_LOAD_ALL_PQ, ...
    CT_LOAD_FIX_PQ, CT_LOAD_DIS_PQ, CT_LOAD_ALL_P, CT_LOAD_FIX_P, ...
    CT_LOAD_DIS_P, CT_TGENCOST, CT_TAREAGENCOST, CT_MODCOST_F, ...
    CT_MODCOST_X] = idx_ct;

windprofile = struct( ...
    'type', 'mpcData', ...
    'table', CT_TGEN, ...
    'rows', [1:45], ...
    'col', PMAX, ...
    'chgtype', 1, ...
    'values', [] );
windprofile.values(:,1,:) = [
	3.6816 49.746 92.1661 108.173 15.2601 32.2272 29.9523 12.5256 27.3471 28.4802 52.6453 78.5364 118.2362 69.2979 188.2966 70.9397 88.0177 93.2725 87.856 70.8648 9.9841 75.1967 73.3418 87.9226 100.1879 66.7622 8.9058 1231.1095 746.1554 746.1554 727.9808 117.9448 292.8532 182.4061 217.2582 318.3596 1119.0523 300.2873 474.3602 268.3605 116.4331 357.5067 196.4928 227.4853 1130.7091;
	3.7616 50.8276 91.4835 110.3068 15.232 31.8881 30.2067 12.279 27.7115 27.0813 50.0595 74.6789 112.4286 67.8433 186.7692 70.3642 87.3037 92.5159 85.3903 69.3435 10.0689 74.4056 73.7455 86.634 99.9409 65.6959 8.04 1217.9879 743.4103 743.4103 731.5152 117.1678 284.6345 178.4903 212.6978 317.1884 1170.4436 268.1492 470.7311 267.6988 118.4367 353.7455 199.999 233.2602 1182.6357;
	3.7343 50.4589 93.0739 99.4848 15.0434 32.6232 28.1387 10.814 27.2001 26.3783 48.76 72.7403 109.5101 67.1883 187.0165 70.4574 87.4194 92.6384 84.2736 69.4445 9.3796 76.1209 69.3012 87.1378 91.5328 65.397 8.4665 1266.5505 771.4616 771.4616 751.6923 118.6575 280.9121 178.7504 210.6443 329.1569 1185.4995 262.8281 465.0621 245.1772 117.8644 361.9003 186.1976 251.302 1197.8484;
	3.6135 48.827 88.9467 98.0768 14.8495 32.2739 23.627 11.7806 26.2919 27.5246 50.8788 75.9012 114.2688 65.1686 191.757 72.2434 89.6353 94.9866 87.3637 72.8876 7.8757 75.3057 72.3857 84.9156 86.2242 61.0702 8.0521 1184.8864 769.2149 769.2149 721.2091 117.6625 291.2123 187.6129 204.3123 328.1984 1158.851 255.0384 441.7254 230.9578 110.7743 358.0246 187.5731 239.7048 1170.9224;
	3.6184 48.8926 84.2974 81.358 15.1288 32.6056 19.8655 10.0653 23.7766 27.1079 50.1086 74.7521 112.5389 65.6479 183.6343 69.1832 85.8384 90.9631 85.3679 71.2038 6.6218 76.0797 71.2686 84.1481 75.4947 56.8455 7.4137 1169.123 747.76 747.76 639.9505 108.7951 284.5597 183.2789 205.815 319.0443 1079.4078 240.4422 402.5673 202.218 115.9605 361.7049 196.7917 217.5464 1090.6516;
	3.6609 49.4671 80.571 74.8472 14.6601 32.6106 19.3223 7.1626 25.1144 28.883 53.3898 79.6471 119.9083 64.5304 185.0472 69.7155 86.4988 91.6629 89.1912 70.3251 6.4408 76.0914 72.4354 78.4887 54.888 38.5675 5.3227 1220.1386 740.7539 740.7539 635.9671 100.0552 297.304 181.0169 202.3114 316.055 1143.9627 221.6412 375.99 147.0215 102.6865 361.7602 193.5966 183.7296 1155.879;
	3.4729 46.9266 67.8635 59.1888 14.1357 28.8483 16.0782 5.1166 18.9694 28.6826 53.0193 79.0944 119.0761 66.7073 185.8414 70.0147 86.8701 92.0563 86.6725 69.7614 5.3594 67.3126 74.0188 68.2193 42.8517 25.1716 3.3801 1270.726 708.0172 708.0172 537.8353 66.9385 288.9083 179.566 209.1363 302.0873 1118.6248 190.4949 297.607 114.7815 86.7434 320.0234 157.7655 131.3372 1130.2772;
	3.563 48.1437 65.6697 65.0955 14.1589 27.4824 17.2762 4.9233 17.2076 25.6534 47.4199 70.7411 106.5003 67.2628 187.8902 70.7865 87.8277 93.0712 86.5021 71.4218 5.7587 64.1257 62.8265 76.3338 52.4941 20.6744 1.6634 1287.0289 713.0443 713.0443 611.2528 68.697 288.3403 183.84 210.8779 304.2322 1145.4369 188.1989 273.9019 140.6091 86.7848 304.8717 141.3462 137.7665 1157.3685;
	3.0075 40.6378 58.2654 62.9764 14.6166 23.8369 15.6563 3.7549 20.419 23.5651 43.5598 64.9826 97.831 66.6719 176.5919 66.53 82.5465 87.4746 86.7771 72.8945 5.2188 55.6195 56.3521 78.9322 56.2992 15.5066 2.0164 1246.9784 800.9754 800.9754 741.3559 94.034 289.257 187.6307 209.0253 341.7495 1137.2206 226.2968 229.7358 150.8014 59.2644 264.4311 135.3088 154.9857 1149.0667;
	2.7662 37.3772 49.4672 59.3143 14.8931 19.3115 19.6519 2.2221 22.0351 20.1088 37.1709 55.4516 83.4821 65.9102 171.7086 64.6902 80.2638 85.0557 85.3108 69.8997 6.5506 45.0602 46.1375 65.1594 35.4622 7.8295 1.1234 1230.5407 804.7005 804.7005 716.4633 104.9428 284.3692 179.9221 206.6372 343.3389 1194.0026 217.0338 356.0044 94.9879 48.124 214.2289 131.7754 122.0303 1206.4401;
	2.2913 30.9604 36.183 44.6958 13.5728 14.1242 17.8813 1.1436 19.8487 16.4034 30.3214 45.2336 68.099 65.1424 165.6213 62.3969 77.4183 82.0403 86.8684 71.9512 5.9604 32.9565 37.9943 47.5143 21.4649 5.1595 0.8115 1243.0375 810.8181 810.8181 739.5096 104.5925 289.5612 185.2025 204.2301 345.9491 1143.3478 219.0805 393.4423 57.4953 35.6386 156.6845 91.9007 84.8365 1155.2577;
	1.6022 21.6494 27.0867 23.6944 9.6707 9.5536 19.003 1.389 17.8227 16.6856 30.8431 46.0118 69.2705 62.5035 159.9576 60.2631 74.7709 79.2348 85.8004 68.5271 6.3343 22.2918 42.1727 35.2358 19.4202 8.1201 1.6256 1037.4556 736.2726 736.2726 678.9751 103.0617 286.0015 176.3889 195.957 314.143 1013.1381 192.4835 380.0974 52.0184 29.8988 105.9817 63.8448 73.5738 1023.6916;
	1.0706 14.4665 25.8747 23.3186 8.6574 4.8107 17.7945 2.214 14.5868 13.9539 25.7935 38.4789 57.9297 62.1665 172.0676 64.8255 80.4316 85.2335 85.2115 67.6215 5.9315 11.2249 39.8006 34.7079 20.905 10.463 2.257 1024.409 765.9875 765.9875 696.7539 100.912 284.0383 174.058 194.9005 326.8213 1006.8176 211.6234 421.6113 55.9955 26.9398 53.3663 41.7052 49.9415 1017.3052;
	0.8648 11.685 22.742 29.3599 7.5293 6.7321 12.2804 2.7464 12.9371 17.4087 32.1796 48.0057 72.2723 62.1075 162.8521 61.3536 76.1239 80.6686 79.634 66.5369 4.0935 15.7083 54.157 38.7944 25.3386 11.0824 3.1829 969.8983 703.1173 703.1173 679.5246 93.054 265.4467 171.2662 194.7153 299.9967 829.8107 210.5391 385.0832 67.8712 27.5256 74.6818 30.4423 65.9569 838.4546;
	0.8704 11.7608 21.4302 2.2378 6.4008 7.0424 10.6132 2.0972 14.0264 17.6926 32.7046 48.7888 73.4512 63.4882 153.8873 57.9761 71.9334 76.2279 69.2211 64.6891 3.5377 16.4322 59.4796 46.3822 23.7126 5.888 2.1027 873.6121 664.4908 664.4908 627.2001 82.9949 230.7371 166.51 199.0442 283.5161 761.6718 197.9792 334.0946 63.5158 24.3856 78.1232 29.4701 57.1877 769.6059;
	0.9572 12.9334 16.8207 27.8588 7.6199 0.0 5.1426 1.4924 9.8249 15.5529 28.7492 42.8882 64.5679 62.2209 156.9629 59.1349 73.371 77.7514 70.7579 65.1652 1.7142 0.0 57.3285 42.5441 22.5667 3.9538 2.0054 853.0855 523.5035 523.5035 535.3703 77.8176 235.8595 167.7354 195.071 223.3615 586.7788 179.3781 208.8963 60.4466 23.7381 0.0 0.0 29.2396 592.8911;
	0.6772 9.1503 17.5141 9.1366 6.5598 1.2167 3.2271 2.4739 11.2814 18.2956 33.8191 50.4514 75.9543 59.1487 158.6147 59.7572 74.1431 78.5696 74.4641 57.1115 1.0757 2.839 56.0347 35.9577 14.1572 8.5046 1.4187 825.2828 532.622 532.622 558.0428 80.5891 248.2137 147.0052 185.4391 227.252 727.8367 184.1042 230.3048 37.9212 23.0257 13.4976 5.9955 68.5651 735.4184;
	1.2774 17.2605 16.0345 24.9225 2.5486 2.4808 0.291 3.2877 4.3361 20.6565 38.1833 56.962 85.7559 61.4042 105.9521 39.9168 49.5264 52.4832 69.6176 38.4053 0.097 5.7885 68.7934 36.7557 17.3518 4.5071 1.4232 773.3778 508.5472 508.5472 558.7176 87.8383 232.0588 98.8553 192.5104 216.9802 728.7756 190.8544 340.1946 46.4779 64.4662 27.5201 6.1605 60.4194 736.367;
	0.6648 8.983 23.7909 42.3054 0.7848 6.0483 3.3599 2.1671 4.5469 23.1188 42.7348 63.7519 95.9782 55.391 104.5254 39.3793 48.8595 51.7765 0.1061 48.3201 1.12 14.1128 70.2275 46.6142 23.2012 7.1324 1.7329 795.658 492.7184 492.7184 595.46 83.0245 0.3538 124.376 173.6584 210.2265 684.3565 175.8853 359.6878 62.1459 79.1377 67.0963 14.6629 13.6452 691.4852;
