function loadprofile = ex_load_profilesh1
%EX_LOAD_PROFILE  Example load profile data file for stochastic unit commitment.
% 2022.03.12
% Andres F. Ramirez

%% define constants
[CT_LABEL, CT_PROB, CT_TABLE, CT_TBUS, CT_TGEN, CT_TBRCH, CT_TAREABUS, ...
    CT_TAREAGEN, CT_TAREABRCH, CT_ROW, CT_COL, CT_CHGTYPE, CT_REP, ...
    CT_REL, CT_ADD, CT_NEWVAL, CT_TLOAD, CT_TAREALOAD, CT_LOAD_ALL_PQ, ...
    CT_LOAD_FIX_PQ, CT_LOAD_DIS_PQ, CT_LOAD_ALL_P, CT_LOAD_FIX_P, ...
    CT_LOAD_DIS_P, CT_TGENCOST, CT_TAREAGENCOST, CT_MODCOST_F, ...
    CT_MODCOST_X] = idx_ct;

loadprofile = struct( ...
    'type', 'mpcData', ...
    'table', CT_TAREALOAD, ...
    'rows', [1:11], ...
    'col', CT_LOAD_ALL_P, ...
    'chgtype', 1, ...
    'values', [] );
loadprofile.values(:,1,:) = [
	1453.4003 914.9492 1525.8093 548.3 802.9 1058.6193 841.3985 256.0198 502.8984 4554.8942 1737.8445;
	1464.2952 926.6934 1528.4449 554.7805 802.5338 1072.687 845.1 266.6708 510.3646 4520.5143 1733.2345;
	1520.6936 950.8172 1601.7289 565.7542 812.8663 1110.3626 859.7183 266.2926 506.7859 4563.9041 1746.1;
	1585.4887 1029.8065 1688.1443 537.8077 862.9 1178.7163 917.6 290.7 546.2699 4861.307 1895.1;
	1771.5456 1149.2527 1924.025 596.5561 1000.7 1351.9598 1025.2058 326.9391 633.3361 5421.899 2129.0746;
	1895.0 1237.0 2056.0452 602.2024 1054.4 1414.3 1077.349 358.3685 676.4311 6068.9385 2304.073;
	1866.7767 1227.7 2042.1 615.33 1041.5131 1391.4946 1057.9084 325.0423 715.5 6334.0785 2305.7982;
	1936.9475 1243.4122 2072.0998 615.7437 1093.301 1403.059 1102.7126 328.0776 694.9185 6554.7672 2298.7027;
	1964.5267 1280.3265 2148.2766 610.6726 1113.0191 1412.1846 1129.442 344.7188 720.2857 6654.706 2330.0125;
	1900.9674 1246.3934 2138.3897 607.2664 1086.6134 1362.5525 1089.283 337.5193 709.7582 6543.4155 2246.7278;
	1871.4819 1237.3 2140.8215 598.7 1058.6104 1354.463 1075.5493 324.9067 670.8 6637.604 2159.6842;
	1919.0 1238.6159 2119.2257 589.3061 1048.5 1389.366 1094.8803 316.5918 690.6712 6565.768 2177.5734;
	1901.0535 1243.9312 2139.9502 589.5 1050.4343 1384.5534 1128.9604 322.3721 731.7064 6664.1034 2340.9607;
	1838.1461 1219.7258 2130.2435 581.1 1046.0297 1400.4237 1122.5174 339.2223 712.234 6531.8415 2317.7292;
	1834.9495 1221.0 2118.7929 592.9605 1038.5777 1414.4076 1151.9944 333.8297 700.6658 6512.8997 2317.707;
	1846.449 1238.9354 2114.8 591.5544 1057.4712 1458.2779 1152.978 346.6505 722.8748 6459.6552 2391.4219;
	1785.6992 1233.6298 2077.1453 601.6 1054.8543 1464.7506 1149.2 371.3 729.5471 6371.9347 2488.9851;
	1863.5269 1272.2323 2097.0877 612.5427 1084.041 1542.2713 1182.7495 377.3949 746.4281 6369.9572 2558.545;
	1947.7476 1305.666 2113.7436 609.4118 1060.4405 1519.5287 1193.3267 377.9154 740.5554 6300.7525 2549.2;
	1882.1792 1247.1133 2003.9978 599.7115 1004.0628 1440.8811 1153.3087 364.7 696.5 6072.3 2402.5586;
	1783.0677 1157.3805 1892.3685 586.3526 936.3305 1335.5826 1061.5 333.5992 646.288 5762.1835 2230.7;
	1711.3 1104.6452 1824.8079 571.3 885.7811 1254.2658 981.8497 311.2514 602.7 5290.1357 2049.0185;
	1596.1942 983.3257 1691.3253 564.8344 847.2362 1180.3508 924.0757 284.7 529.6834 4985.8202 1881.4;
	1610.9065 982.6055 1680.6 592.9983 829.4236 1183.8208 919.0417 262.659 513.5079 4814.5886 1801.6659;
];
