function solarprofile = ex_solar_profilesh1
%EX_WIND_PROFILE_D  Example wind_load_nyiso profile data for deterministic unit commitment.
% 2022.03.12
% Andres F. Ramirez


%% define constants
[GEN_BUS, PG, QG, QMAX, QMIN, VG, MBASE, GEN_STATUS, PMAX, PMIN, ...
    MU_PMAX, MU_PMIN, MU_QMAX, MU_QMIN, PC1, PC2, QC1MIN, QC1MAX, ...
    QC2MIN, QC2MAX, RAMP_AGC, RAMP_10, RAMP_30, RAMP_Q, APF] = idx_gen;
[CT_LABEL, CT_PROB, CT_TABLE, CT_TBUS, CT_TGEN, CT_TBRCH, CT_TAREABUS, ...
    CT_TAREAGEN, CT_TAREABRCH, CT_ROW, CT_COL, CT_CHGTYPE, CT_REP, ...
    CT_REL, CT_ADD, CT_NEWVAL, CT_TLOAD, CT_TAREALOAD, CT_LOAD_ALL_PQ, ...
    CT_LOAD_FIX_PQ, CT_LOAD_DIS_PQ, CT_LOAD_ALL_P, CT_LOAD_FIX_P, ...
    CT_LOAD_DIS_P, CT_TGENCOST, CT_TAREAGENCOST, CT_MODCOST_F, ...
    CT_MODCOST_X] = idx_ct;

solarprofile = struct( ...
    'type', 'mpcData', ...
    'table', CT_TGEN, ...
    'rows', [1:12], ...
    'col', PMAX, ...
    'chgtype', 1, ...
    'values', [] );
solarprofile.values(:,1,:) = [
	0.0 0.0 0.0 0.0 0.0 0.0 0.0 0.0 0.0 0.0 0.0 0.0;
	0.0 0.0 0.0 0.0 0.0 0.0 0.0 0.0 0.0 0.0 0.0 0.0;
	0.0 0.0 0.0 0.0 0.0 0.0 0.0 0.0 0.0 0.0 0.0 0.0;
	0.0 0.0 0.0 0.0 0.0 0.0 0.0 0.0 0.0 0.0 0.0 0.0;
	0.0 0.0 0.0 0.0 0.0 0.0 0.0 0.0 0.0 0.0 0.0 0.0;
	0.1575 0.1621 0.24 0.0 0.0 0.0 0.0 0.0 0.0 0.0 0.0 0.0;
	5.934 5.762 5.5409 1.1473 3.5871 34.6176 4.3272 9.6846 16.2593 44.9155 25.513 81.3423;
	15.7756 13.5045 11.9785 1.5988 4.142 259.3623 32.4203 21.9445 108.4393 158.7348 41.6111 287.4697;
	22.29 16.6083 13.8 2.9103 4.811 336.9261 42.1158 38.6148 159.0687 252.1967 52.5575 456.7298;
	25.056 16.0638 13.7624 3.3145 4.1332 350.5276 43.816 47.005 156.5515 316.9812 152.9757 574.0548;
	23.9626 16.2286 13.7175 3.7015 4.9067 337.4477 42.181 49.0322 163.7558 329.7005 176.8399 597.0896;
	25.3993 16.5331 13.7216 3.6261 5.1538 333.5523 41.694 49.2278 170.4391 337.9999 186.2892 612.1198;
	25.901 16.5561 13.7855 4.2922 8.6742 422.5552 52.8194 63.5355 227.4166 354.331 254.2142 641.6955;
	23.7575 16.4417 13.7008 3.4185 7.5541 427.3491 53.4186 63.6221 218.5466 351.4517 246.914 636.4812;
	20.7281 15.8615 11.8811 3.1066 5.6057 411.5641 51.4455 60.0207 189.8076 350.15 240.893 634.1237;
	10.2858 10.7039 5.8969 4.1066 9.0258 341.9585 42.7448 48.4373 127.1238 271.98 197.4703 492.5574;
	1.0865 1.2449 0.5744 1.6128 3.4208 66.465 8.3081 10.3915 38.3546 67.1152 39.2258 121.546;
	0.0 0.0 0.0 0.0 0.0 0.0 0.0 0.0 0.0 0.0 0.0 0.0;
	0.0 0.0 0.0 0.0 0.0 0.0 0.0 0.0 0.0 0.0 0.0 0.0;
	0.0 0.0 0.0 0.0 0.0 0.0 0.0 0.0 0.0 0.0 0.0 0.0;
	0.0 0.0 0.0 0.0 0.0 0.0 0.0 0.0 0.0 0.0 0.0 0.0;
	0.0 0.0 0.0 0.0 0.0 0.0 0.0 0.0 0.0 0.0 0.0 0.0;
	0.0 0.0 0.0 0.0 0.0 0.0 0.0 0.0 0.0 0.0 0.0 0.0;
	0.0 0.0 0.0 0.0 0.0 0.0 0.0 0.0 0.0 0.0 0.0 0.0;
];
