function solarprofile = ex_solar_profilesh1
%EX_WIND_PROFILE_D  Example wind_load_nyiso profile data for deterministic unit commitment.
% 2022.03.12
% Andres F. Ramirez


%% define constants
[GEN_BUS, PG, QG, QMAX, QMIN, VG, MBASE, GEN_STATUS, PMAX, PMIN, ...
    MU_PMAX, MU_PMIN, MU_QMAX, MU_QMIN, PC1, PC2, QC1MIN, QC1MAX, ...
    QC2MIN, QC2MAX, RAMP_AGC, RAMP_10, RAMP_30, RAMP_Q, APF] = idx_gen;
[CT_LABEL, CT_PROB, CT_TABLE, CT_TBUS, CT_TGEN, CT_TBRCH, CT_TAREABUS, ...
    CT_TAREAGEN, CT_TAREABRCH, CT_ROW, CT_COL, CT_CHGTYPE, CT_REP, ...
    CT_REL, CT_ADD, CT_NEWVAL, CT_TLOAD, CT_TAREALOAD, CT_LOAD_ALL_PQ, ...
    CT_LOAD_FIX_PQ, CT_LOAD_DIS_PQ, CT_LOAD_ALL_P, CT_LOAD_FIX_P, ...
    CT_LOAD_DIS_P, CT_TGENCOST, CT_TAREAGENCOST, CT_MODCOST_F, ...
    CT_MODCOST_X] = idx_ct;

solarprofile = struct( ...
    'type', 'mpcData', ...
    'table', CT_TGEN, ...
    'rows', [1:12], ...
    'col', PMAX, ...
    'chgtype', 1, ...
    'values', [] );
solarprofile.values(:,1,:) = [
	0.0 0.0 0.0 0.0 0.0 0.0 0.0 0.0 0.0 0.0 0.0 0.0;
	0.0 0.0 0.0 0.0 0.0 0.0 0.0 0.0 0.0 0.0 0.0 0.0;
	0.0 0.0 0.0 0.0 0.0 0.0 0.0 0.0 0.0 0.0 0.0 0.0;
	0.0 0.0 0.0 0.0 0.0 0.0 0.0 0.0 0.0 0.0 0.0 0.0;
	0.0 0.0 0.0 0.0 0.0 0.0 0.0 0.0 0.0 0.0 0.0 0.0;
	0.1575 0.1621 0.24 0.0 0.0 0.0 0.0 0.2741 0.0 0.0 0.0 0.0;
	10.2587 7.6436 5.82 1.0346 1.1302 157.8018 19.7252 56.1214 120.8956 52.3669 27.8451 94.8367;
	22.5914 16.1398 12.126 1.1796 1.9195 283.6489 35.4561 40.1233 146.2241 159.3686 68.0596 288.6174;
	24.8184 16.6688 13.8 1.931 2.8027 319.4478 39.931 32.3552 163.4737 241.8436 105.1735 437.9801;
	25.6988 16.474 13.7624 3.0728 5.6713 257.966 32.2457 16.56 213.0171 315.4231 166.2337 571.2332;
	25.8764 16.5288 13.7859 4.6836 7.2452 260.0377 32.5047 26.72 236.3785 326.4406 196.4177 591.1858;
	25.7608 16.5193 13.7863 6.2236 7.5695 258.095 32.2619 43.6136 225.9742 327.6019 211.8575 593.2889;
	25.8343 16.5546 13.7855 9.9539 11.1246 390.631 48.8289 66.3087 240.7708 352.7547 260.8951 638.8408;
	23.2864 16.3881 13.7038 9.7935 11.0539 405.6073 50.7009 65.8503 233.2507 351.1849 253.4972 635.998;
	19.0568 14.6953 12.4471 8.6015 11.2797 406.6628 50.8329 65.4564 238.3224 351.4807 240.9601 636.5336;
	9.5452 8.3773 5.8377 7.7986 13.833 407.3366 50.9171 65.999 251.636 293.179 205.3516 530.949;
	1.0934 1.0238 0.565 2.2221 4.5675 79.7407 9.9676 15.4346 44.8579 66.227 39.6115 119.9375;
	0.0 0.0 0.0 0.0 0.0 0.0 0.0 0.0 0.0 0.0 0.0 0.0;
	0.0 0.0 0.0 0.0 0.0 0.0 0.0 0.0 0.0 0.0 0.0 0.0;
	0.0 0.0 0.0 0.0 0.0 0.0 0.0 0.0 0.0 0.0 0.0 0.0;
	0.0 0.0 0.0 0.0 0.0 0.0 0.0 0.0 0.0 0.0 0.0 0.0;
	0.0 0.0 0.0 0.0 0.0 0.0 0.0 0.0 0.0 0.0 0.0 0.0;
	0.0 0.0 0.0 0.0 0.0 0.0 0.0 0.0 0.0 0.0 0.0 0.0;
	0.0 0.0 0.0 0.0 0.0 0.0 0.0 0.0 0.0 0.0 0.0 0.0;
];
