function solarprofile = ex_solar_profilesh1
%EX_WIND_PROFILE_D  Example wind_load_nyiso profile data for deterministic unit commitment.
% 2022.03.12
% Andres F. Ramirez


%% define constants
[GEN_BUS, PG, QG, QMAX, QMIN, VG, MBASE, GEN_STATUS, PMAX, PMIN, ...
    MU_PMAX, MU_PMIN, MU_QMAX, MU_QMIN, PC1, PC2, QC1MIN, QC1MAX, ...
    QC2MIN, QC2MAX, RAMP_AGC, RAMP_10, RAMP_30, RAMP_Q, APF] = idx_gen;
[CT_LABEL, CT_PROB, CT_TABLE, CT_TBUS, CT_TGEN, CT_TBRCH, CT_TAREABUS, ...
    CT_TAREAGEN, CT_TAREABRCH, CT_ROW, CT_COL, CT_CHGTYPE, CT_REP, ...
    CT_REL, CT_ADD, CT_NEWVAL, CT_TLOAD, CT_TAREALOAD, CT_LOAD_ALL_PQ, ...
    CT_LOAD_FIX_PQ, CT_LOAD_DIS_PQ, CT_LOAD_ALL_P, CT_LOAD_FIX_P, ...
    CT_LOAD_DIS_P, CT_TGENCOST, CT_TAREAGENCOST, CT_MODCOST_F, ...
    CT_MODCOST_X] = idx_ct;

solarprofile = struct( ...
    'type', 'mpcData', ...
    'table', CT_TGEN, ...
    'rows', [1:12], ...
    'col', PMAX, ...
    'chgtype', 1, ...
    'values', [] );
solarprofile.values(:,1,:) = [
	0.0 0.0 0.0 0.0 0.0 0.0 0.0 0.0 0.0 0.0 0.0 0.0;
	0.0 0.0 0.0 0.0 0.0 0.0 0.0 0.0 0.0 0.0 0.0 0.0;
	0.0 0.0 0.0 0.0 0.0 0.0 0.0 0.0 0.0 0.0 0.0 0.0;
	0.0 0.0 0.0 0.0 0.0 0.0 0.0 0.0 0.0 0.0 0.0 0.0;
	0.0 0.0 0.0 0.0 0.0 0.0 0.0 0.0 0.0 0.0 0.0 0.0;
	0.1575 0.1668 0.24 0.0 0.0 0.0 0.0 0.0 0.0 0.0 0.0 0.0;
	18.1245 11.6952 11.1586 1.7559 3.7262 293.5863 36.6983 51.3348 192.3847 40.468 22.8713 73.2878;
	22.141 14.1117 12.7956 3.8677 7.5179 346.1674 43.2709 56.6744 212.4159 233.638 76.7335 423.1199;
	23.2637 16.3876 13.7502 6.9103 8.9288 352.639 44.0799 52.4129 205.2097 315.0984 123.4501 570.645;
	24.4216 15.5507 11.8965 7.3141 6.4628 279.7267 34.9658 46.9757 187.334 244.0405 159.2218 441.9588;
	26.0835 16.5326 13.7859 7.3808 5.6487 263.639 32.9549 44.5275 172.2643 205.5526 177.4692 372.2569;
	26.6423 16.7719 14.2205 6.4374 4.6633 214.5874 26.8234 30.7241 145.4537 176.9505 185.7984 320.4584;
	26.1201 16.6994 13.9863 6.8222 8.9977 269.2134 33.6517 31.9405 163.5393 341.4098 252.084 618.2951;
	22.5493 16.3881 13.7008 5.2925 8.5675 266.2666 33.2833 35.1836 156.8871 340.6631 237.4154 616.943;
	11.0374 10.6952 7.6093 3.3879 7.6766 220.8877 27.611 43.2188 163.6774 341.4037 222.8638 618.2841;
	3.0811 1.8735 1.688 3.6162 10.6296 127.8459 15.9807 50.3861 164.5338 320.9065 187.9785 581.1635;
	0.9888 0.7762 0.646 1.5095 3.4555 58.226 7.2783 10.373 35.7149 73.4058 39.9481 132.9383;
	0.0 0.0 0.0 0.0 0.0 0.0 0.0 0.0 0.0 0.0 0.0 0.0;
	0.0 0.0 0.0 0.0 0.0 0.0 0.0 0.0 0.0 0.0 0.0 0.0;
	0.0 0.0 0.0 0.0 0.0 0.0 0.0 0.0 0.0 0.0 0.0 0.0;
	0.0 0.0 0.0 0.0 0.0 0.0 0.0 0.0 0.0 0.0 0.0 0.0;
	0.0 0.0 0.0 0.0 0.0 0.0 0.0 0.0 0.0 0.0 0.0 0.0;
	0.0 0.0 0.0 0.0 0.0 0.0 0.0 0.0 0.0 0.0 0.0 0.0;
	0.0 0.0 0.0 0.0 0.0 0.0 0.0 0.0 0.0 0.0 0.0 0.0;
];
