function solarprofile = ex_solar_profilesh1
%EX_WIND_PROFILE_D  Example wind_load_nyiso profile data for deterministic unit commitment.
% 2022.03.12
% Andres F. Ramirez


%% define constants
[GEN_BUS, PG, QG, QMAX, QMIN, VG, MBASE, GEN_STATUS, PMAX, PMIN, ...
    MU_PMAX, MU_PMIN, MU_QMAX, MU_QMIN, PC1, PC2, QC1MIN, QC1MAX, ...
    QC2MIN, QC2MAX, RAMP_AGC, RAMP_10, RAMP_30, RAMP_Q, APF] = idx_gen;
[CT_LABEL, CT_PROB, CT_TABLE, CT_TBUS, CT_TGEN, CT_TBRCH, CT_TAREABUS, ...
    CT_TAREAGEN, CT_TAREABRCH, CT_ROW, CT_COL, CT_CHGTYPE, CT_REP, ...
    CT_REL, CT_ADD, CT_NEWVAL, CT_TLOAD, CT_TAREALOAD, CT_LOAD_ALL_PQ, ...
    CT_LOAD_FIX_PQ, CT_LOAD_DIS_PQ, CT_LOAD_ALL_P, CT_LOAD_FIX_P, ...
    CT_LOAD_DIS_P, CT_TGENCOST, CT_TAREAGENCOST, CT_MODCOST_F, ...
    CT_MODCOST_X] = idx_ct;

solarprofile = struct( ...
    'type', 'mpcData', ...
    'table', CT_TGEN, ...
    'rows', [1:12], ...
    'col', PMAX, ...
    'chgtype', 1, ...
    'values', [] );
solarprofile.values(:,1,:) = [
	0.0 0.0 0.0 0.0 0.0 0.0 0.0 0.0 0.0 0.0 0.0 0.0;
	0.0 0.0 0.0 0.0 0.0 0.0 0.0 0.0 0.0 0.0 0.0 0.0;
	0.0 0.0 0.0 0.0 0.0 0.0 0.0 0.0 0.0 0.0 0.0 0.0;
	0.0 0.0 0.0 0.0 0.0 0.0 0.0 0.0 0.0 0.0 0.0 0.0;
	0.0 0.0 0.0 0.0 0.0 0.0 0.0 0.0 0.0 0.0 0.0 0.0;
	0.1575 0.1621 0.2433 0.0 0.0 0.0 0.0 0.0 0.0 0.0 0.0 0.0;
	5.3702 5.6878 5.7356 2.9228 4.3268 129.8875 16.2359 4.8563 81.0868 46.4641 22.3227 84.1467;
	11.1598 11.533 10.0455 3.8012 2.2901 292.2346 36.5293 23.9283 134.5995 115.7706 63.7718 209.6613;
	19.0332 16.4505 13.5287 5.6292 2.4693 330.7719 41.3465 48.1235 158.6711 195.1596 122.8019 353.4352;
	25.6029 16.474 13.6168 6.4187 5.6166 279.888 34.986 70.2401 185.5628 276.1594 162.7391 500.1264;
	25.3706 16.5222 13.5773 6.3717 8.6316 354.8908 44.3613 71.271 201.6401 261.9646 168.368 474.4195;
	25.0019 16.5133 13.5889 6.52 8.5543 398.6143 49.8268 66.5511 211.0429 256.3334 154.4083 464.2214;
	25.8343 16.5546 13.7855 10.0153 9.4577 435.8627 54.4828 66.525 252.4939 341.4098 241.7311 618.2951;
	23.5466 16.4128 13.7008 9.6154 8.2782 422.4956 52.8119 65.132 243.1207 337.3362 219.5747 610.9179;
	20.4568 16.0336 11.5973 6.8282 7.2989 384.5181 48.0648 62.4175 218.8665 310.4117 175.5608 562.1575;
	9.4787 8.2613 5.6923 2.8265 11.1702 325.0352 40.6294 52.0645 171.1039 185.4987 120.5426 335.9392;
	0.954 0.8163 0.565 1.5084 3.4581 79.4838 9.9355 10.7593 36.0275 61.963 39.4467 112.2153;
	0.0 0.0 0.0 0.0 0.0 0.0 0.0 0.0 0.0 0.0 0.0 0.0;
	0.0 0.0 0.0 0.0 0.0 0.0 0.0 0.0 0.0 0.0 0.0 0.0;
	0.0 0.0 0.0 0.0 0.0 0.0 0.0 0.0 0.0 0.0 0.0 0.0;
	0.0 0.0 0.0 0.0 0.0 0.0 0.0 0.0 0.0 0.0 0.0 0.0;
	0.0 0.0 0.0 0.0 0.0 0.0 0.0 0.0 0.0 0.0 0.0 0.0;
	0.0 0.0 0.0 0.0 0.0 0.0 0.0 0.0 0.0 0.0 0.0 0.0;
	0.0 0.0 0.0 0.0 0.0 0.0 0.0 0.0 0.0 0.0 0.0 0.0;
];
