function loadprofile = ex_load_profilesh1
%EX_LOAD_PROFILE  Example load profile data file for stochastic unit commitment.
% 2022.03.12
% Andres F. Ramirez

%% define constants
[CT_LABEL, CT_PROB, CT_TABLE, CT_TBUS, CT_TGEN, CT_TBRCH, CT_TAREABUS, ...
    CT_TAREAGEN, CT_TAREABRCH, CT_ROW, CT_COL, CT_CHGTYPE, CT_REP, ...
    CT_REL, CT_ADD, CT_NEWVAL, CT_TLOAD, CT_TAREALOAD, CT_LOAD_ALL_PQ, ...
    CT_LOAD_FIX_PQ, CT_LOAD_DIS_PQ, CT_LOAD_ALL_P, CT_LOAD_FIX_P, ...
    CT_LOAD_DIS_P, CT_TGENCOST, CT_TAREAGENCOST, CT_MODCOST_F, ...
    CT_MODCOST_X] = idx_ct;

loadprofile = struct( ...
    'type', 'mpcData', ...
    'table', CT_TAREALOAD, ...
    'rows', [1:11], ...
    'col', CT_LOAD_ALL_P, ...
    'chgtype', 1, ...
    'values', [] );
loadprofile.values(:,1,:) = [
	1505.6855 957.8842 1644.2802 562.7 865.581 1136.7046 907.7067 262.2069 510.396 4690.3918 1683.6154;
	1494.2069 945.2735 1648.7323 568.0 887.86 1144.4633 904.7 265.9 507.2506 4701.6625 1687.173;
	1503.0473 961.4558 1672.8974 581.5 880.4919 1162.4917 926.4774 280.3235 522.9 4674.4393 1718.4631;
	1587.7867 1037.4249 1793.2126 601.2 978.8353 1256.8327 990.5028 313.3236 573.0625 5073.9376 1825.5646;
	1766.7418 1164.4841 2019.9 618.2816 1093.1087 1378.9538 1104.4968 348.6435 644.0354 5628.5098 2088.9624;
	1883.6336 1264.4754 2135.8926 645.3488 1152.4111 1515.0623 1170.8012 371.9636 708.7502 6188.5665 2234.5647;
	1879.7975 1283.3609 2143.2551 633.5 1163.4157 1507.8 1186.4255 377.0 720.3938 6391.1778 2294.279;
	1877.9672 1276.6506 2128.0211 627.2951 1118.7 1465.2812 1209.3794 375.4 736.9031 6666.5818 2264.0712;
	1884.9342 1273.5749 2147.6972 610.6468 1128.6703 1475.761 1207.0122 368.4627 763.7641 6654.1949 2219.176;
	1843.7249 1264.1394 2121.0613 584.5834 1100.7023 1387.4541 1173.4879 363.8 769.2117 6672.3581 2194.9;
	1790.1258 1241.8643 2094.2889 581.0961 1039.6497 1357.1 1123.9149 362.5653 747.6245 6634.8304 2135.2633;
	1795.9131 1202.8698 2062.1 576.4 1019.0498 1359.381 1092.1706 360.9978 724.1626 6513.8583 2063.2046;
	1722.4939 1178.9 2030.71 566.7648 1007.7945 1355.6893 1118.0151 352.8 736.6796 6461.1474 2044.4207;
	1727.7916 1184.5461 2002.1098 574.5673 1008.2681 1355.9906 1122.8759 385.9584 782.7824 6615.1363 2160.3447;
	1761.7501 1199.5 2002.4418 574.3401 1013.2769 1362.6299 1088.3624 366.1133 760.88 6650.3517 2152.3211;
	1772.4338 1190.4901 2046.9 581.9596 1029.2 1429.35 1130.6188 363.545 792.3615 6913.557 2315.0453;
	1794.5919 1189.407 2053.5192 592.4018 1055.2103 1487.6843 1164.0473 371.1725 779.7761 6611.1088 2371.4916;
	1850.5356 1246.6513 2142.195 577.5179 1111.9119 1543.5028 1285.617 395.7645 838.4367 6724.2619 2528.0338;
	1849.6124 1230.7884 2132.0 568.3439 1115.4272 1519.725 1241.5984 385.3762 831.0403 6828.7925 2490.19;
	1792.8481 1180.8534 2067.7321 565.6247 1063.7974 1457.5952 1190.4183 353.4749 782.6347 6237.5978 2352.0114;
	1673.6 1103.2633 1908.0 559.6363 990.0352 1355.6 1097.6804 319.3583 692.5048 5823.3076 2141.8484;
	1570.1701 1010.4 1810.7052 536.0285 937.71 1263.7 996.6 286.7411 626.779 5429.9935 1902.8557;
	1507.4866 977.5354 1713.7 527.0132 931.1374 1341.0743 980.0244 285.4777 598.6488 5162.3835 1831.7893;
	1488.6673 969.664 1709.5 519.2494 897.8 1271.8295 939.0076 267.7558 567.8 4959.9085 1775.5737;
];
