function solarprofile = ex_solar_profilesh1
%EX_WIND_PROFILE_D  Example wind_load_nyiso profile data for deterministic unit commitment.
% 2022.03.12
% Andres F. Ramirez


%% define constants
[GEN_BUS, PG, QG, QMAX, QMIN, VG, MBASE, GEN_STATUS, PMAX, PMIN, ...
    MU_PMAX, MU_PMIN, MU_QMAX, MU_QMIN, PC1, PC2, QC1MIN, QC1MAX, ...
    QC2MIN, QC2MAX, RAMP_AGC, RAMP_10, RAMP_30, RAMP_Q, APF] = idx_gen;
[CT_LABEL, CT_PROB, CT_TABLE, CT_TBUS, CT_TGEN, CT_TBRCH, CT_TAREABUS, ...
    CT_TAREAGEN, CT_TAREABRCH, CT_ROW, CT_COL, CT_CHGTYPE, CT_REP, ...
    CT_REL, CT_ADD, CT_NEWVAL, CT_TLOAD, CT_TAREALOAD, CT_LOAD_ALL_PQ, ...
    CT_LOAD_FIX_PQ, CT_LOAD_DIS_PQ, CT_LOAD_ALL_P, CT_LOAD_FIX_P, ...
    CT_LOAD_DIS_P, CT_TGENCOST, CT_TAREAGENCOST, CT_MODCOST_F, ...
    CT_MODCOST_X] = idx_ct;

solarprofile = struct( ...
    'type', 'mpcData', ...
    'table', CT_TGEN, ...
    'rows', [1:12], ...
    'col', PMAX, ...
    'chgtype', 1, ...
    'values', [] );
solarprofile.values(:,1,:) = [
	0.0 0.0 0.0 0.0 0.0 0.0 0.0 0.0 0.0 0.0 0.0 0.0;
	0.0 0.0 0.0 0.0 0.0 0.0 0.0 0.0 0.0 0.0 0.0 0.0;
	0.0 0.0 0.0 0.0 0.0 0.0 0.0 0.0 0.0 0.0 0.0 0.0;
	0.0 0.0 0.0 0.0 0.0 0.0 0.0 0.0 0.0 0.0 0.0 0.0;
	0.0 0.0 0.0 0.0 0.0 0.0 0.0 0.0 0.0 0.0 0.0 0.0;
	0.1575 0.1642 0.24 0.0 0.0 0.0 0.0 0.0 0.0 0.0 0.0 0.0;
	8.3609 5.3676 3.2311 2.8133 4.9903 103.9326 12.9916 3.1986 107.0098 50.8671 26.0243 92.1206;
	17.4327 13.6661 8.5862 5.4409 7.9722 290.4838 36.3105 11.306 134.963 136.7104 52.8267 247.5834;
	23.3188 16.6172 13.8 7.4561 8.8307 333.8814 41.7352 29.952 137.9285 223.3879 69.5867 404.5568;
	25.8352 16.6872 13.7624 6.1264 8.3955 252.5116 31.5639 46.9047 111.0303 308.1139 141.8072 557.9961;
	26.008 16.8241 13.7892 6.271 9.9231 256.0288 32.0036 49.1525 105.8062 328.0013 182.2362 594.0123;
	25.964 16.6285 13.7863 6.3447 10.6015 250.0956 31.262 48.6636 87.1365 334.5237 195.2009 605.8244;
	20.2589 15.9368 11.7294 8.4218 12.3742 361.0255 45.1282 61.837 139.9805 350.7295 251.4499 635.1732;
	12.2159 13.2316 10.6815 7.433 11.5069 371.0156 46.377 63.3519 153.0615 346.3257 222.8086 627.198;
	6.8144 6.8925 5.5487 4.4217 10.0014 362.0321 45.254 64.9311 172.3451 329.3287 181.4419 596.4163;
	4.4766 3.805 4.4421 2.8597 11.731 362.9613 45.3702 64.9889 180.7426 210.9453 137.0871 382.0232;
	0.9093 0.8329 0.5762 1.5653 4.1461 80.1809 10.0226 13.4077 39.0995 65.9325 39.6106 119.4042;
	0.0 0.0 0.0 0.0 0.0 0.0 0.0 0.0 0.0 0.0 0.0 0.0;
	0.0 0.0 0.0 0.0 0.0 0.0 0.0 0.0 0.0 0.0 0.0 0.0;
	0.0 0.0 0.0 0.0 0.0 0.0 0.0 0.0 0.0 0.0 0.0 0.0;
	0.0 0.0 0.0 0.0 0.0 0.0 0.0 0.0 0.0 0.0 0.0 0.0;
	0.0 0.0 0.0 0.0 0.0 0.0 0.0 0.0 0.0 0.0 0.0 0.0;
	0.0 0.0 0.0 0.0 0.0 0.0 0.0 0.0 0.0 0.0 0.0 0.0;
	0.0 0.0 0.0 0.0 0.0 0.0 0.0 0.0 0.0 0.0 0.0 0.0;
];
