function loadprofile = ex_load_profilesh1
%EX_LOAD_PROFILE  Example load profile data file for stochastic unit commitment.
% 2022.03.12
% Andres F. Ramirez

%% define constants
[CT_LABEL, CT_PROB, CT_TABLE, CT_TBUS, CT_TGEN, CT_TBRCH, CT_TAREABUS, ...
    CT_TAREAGEN, CT_TAREABRCH, CT_ROW, CT_COL, CT_CHGTYPE, CT_REP, ...
    CT_REL, CT_ADD, CT_NEWVAL, CT_TLOAD, CT_TAREALOAD, CT_LOAD_ALL_PQ, ...
    CT_LOAD_FIX_PQ, CT_LOAD_DIS_PQ, CT_LOAD_ALL_P, CT_LOAD_FIX_P, ...
    CT_LOAD_DIS_P, CT_TGENCOST, CT_TAREAGENCOST, CT_MODCOST_F, ...
    CT_MODCOST_X] = idx_ct;

loadprofile = struct( ...
    'type', 'mpcData', ...
    'table', CT_TAREALOAD, ...
    'rows', [1:11], ...
    'col', CT_LOAD_ALL_P, ...
    'chgtype', 1, ...
    'values', [] );
loadprofile.values(:,1,:) = [
	1550.8 967.0426 1624.5028 566.9 822.7312 1245.8285 914.6 289.6489 524.2445 4655.0141 2008.7519;
	1536.7052 971.2777 1617.3861 549.2384 829.4063 1205.0195 913.4 292.415 511.9615 4734.0905 2059.914;
	1565.3214 1005.6181 1676.2616 567.8673 850.1852 1240.674 927.9451 302.1245 519.6 4642.8217 2015.7291;
	1666.4841 1079.6039 1794.7 577.4238 916.2466 1296.7369 976.2931 307.0 559.8049 4943.7084 2052.8668;
	1794.7672 1202.7273 1988.0504 615.7 1031.5018 1460.023 1065.6014 365.5418 631.0177 5629.3206 2334.1389;
	1903.3 1275.6008 2108.1364 641.6 1107.8 1534.6356 1145.4651 406.5705 693.4972 6274.7956 2529.6546;
	1938.3148 1284.1269 2142.0 633.5 1126.7475 1568.9604 1219.7547 402.9023 710.4759 6745.0252 2681.4871;
	1926.4933 1285.8293 2183.4659 620.6 1114.2998 1569.3848 1216.6772 399.7184 738.3743 7093.8326 2670.2136;
	1919.5959 1274.7932 2145.7772 615.9 1116.8242 1575.0369 1244.0466 388.3545 743.6 6885.8088 2612.146;
	1912.1276 1268.5665 2150.0404 625.8306 1154.458 1576.1647 1241.2606 407.1432 740.3141 7002.196 2635.1412;
	1890.6337 1274.2803 2156.3 634.1162 1134.6048 1599.6829 1251.4277 422.1574 743.0032 7037.4301 2583.0637;
	1875.8 1250.8228 2106.9932 614.1706 1125.4882 1588.5559 1205.3602 406.9195 731.6797 6838.4345 2384.4;
	1871.0754 1238.5154 2079.2147 614.2011 1095.6488 1560.7078 1215.2 384.1312 717.8932 6640.6428 2322.3352;
	1804.1625 1197.4321 2032.0066 598.4 1078.294 1520.1967 1186.9074 379.9176 700.9351 6699.3923 2325.6407;
	1856.7 1211.7 2082.2015 608.2068 1125.8969 1533.2727 1304.8827 424.7235 732.0978 6915.6568 2486.6133;
	1821.4813 1190.4273 2067.1474 611.0856 1130.9891 1537.8 1207.3983 389.8311 706.5442 6602.2252 2439.4902;
	1845.4478 1188.2883 2089.9191 614.6224 1115.5023 1547.1 1294.6312 411.7757 726.7171 6634.4708 2584.566;
	1915.3683 1227.0495 2166.5088 625.0096 1145.0151 1582.2226 1293.2328 412.4 757.9438 6636.4749 2797.7666;
	1936.7383 1253.3131 2184.86 632.8806 1132.4546 1605.0207 1343.517 416.3366 751.7 6579.6318 2782.3965;
	1884.211 1190.9681 2073.8172 598.1223 1090.4432 1518.5617 1291.8256 402.4072 697.2426 6305.2841 2729.7164;
	1802.3476 1125.4506 1922.2244 592.7269 1030.6087 1443.1 1223.2356 379.0235 668.1 6205.9751 2605.7369;
	1673.8602 1042.8044 1790.4956 565.6528 958.6808 1290.3138 1086.4273 317.7 603.0124 5515.0938 2259.1682;
	1613.6823 998.7108 1732.1574 586.3 942.5084 1306.2342 1015.475 312.6522 579.5916 5238.9744 2224.1312;
	1562.5936 991.4166 1738.9654 586.4452 936.1827 1250.3661 972.1353 307.7294 557.693 4826.2874 2010.6;
];
