function windprofile = ex_wind_profilesh1
%EX_WIND_PROFILE_D  Example wind_load_nyiso profile data for deterministic unit commitment.
% 2022.03.12
% Andres F. Ramirez


%% define constants
[GEN_BUS, PG, QG, QMAX, QMIN, VG, MBASE, GEN_STATUS, PMAX, PMIN, ...
    MU_PMAX, MU_PMIN, MU_QMAX, MU_QMIN, PC1, PC2, QC1MIN, QC1MAX, ...
    QC2MIN, QC2MAX, RAMP_AGC, RAMP_10, RAMP_30, RAMP_Q, APF] = idx_gen;
[CT_LABEL, CT_PROB, CT_TABLE, CT_TBUS, CT_TGEN, CT_TBRCH, CT_TAREABUS, ...
    CT_TAREAGEN, CT_TAREABRCH, CT_ROW, CT_COL, CT_CHGTYPE, CT_REP, ...
    CT_REL, CT_ADD, CT_NEWVAL, CT_TLOAD, CT_TAREALOAD, CT_LOAD_ALL_PQ, ...
    CT_LOAD_FIX_PQ, CT_LOAD_DIS_PQ, CT_LOAD_ALL_P, CT_LOAD_FIX_P, ...
    CT_LOAD_DIS_P, CT_TGENCOST, CT_TAREAGENCOST, CT_MODCOST_F, ...
    CT_MODCOST_X] = idx_ct;

windprofile = struct( ...
    'type', 'mpcData', ...
    'table', CT_TGEN, ...
    'rows', [1:45], ...
    'col', PMAX, ...
    'chgtype', 1, ...
    'values', [] );
windprofile.values(:,1,:) = [
	3.725 50.3332 86.142 106.7101 14.2805 32.3026 25.448 12.1724 25.5532 28.483 52.6504 78.544 118.2475 64.1423 150.6631 56.7615 70.4263 74.6308 72.4634 68.2279 8.4827 75.3728 73.3399 84.9822 92.7983 62.791 8.8291 1089.8213 705.4122 705.4122 664.0767 99.1673 241.5447 175.6189 201.0948 300.9759 989.982 268.8426 422.9263 248.567 111.6749 358.3437 187.8985 237.3346 1000.2943;
	3.7122 50.1602 84.2803 107.999 14.208 32.5156 26.572 12.0329 26.1575 26.9194 49.7602 74.2324 111.7565 65.4175 166.8491 62.8594 77.9923 82.6485 77.3713 66.9195 8.8573 75.8696 74.4955 82.6398 94.9553 61.652 8.1654 1096.6312 712.5801 712.5801 632.9599 101.8617 257.9042 172.2509 205.0926 304.0342 1089.2089 248.6026 434.5461 254.3446 108.899 360.706 195.7226 238.0705 1100.5548;
	3.7108 50.1412 85.4289 96.7198 14.2655 33.1422 25.7891 11.5611 26.6702 28.1374 52.0116 77.5911 116.8129 63.9966 175.6757 66.1848 82.1182 87.0207 84.5618 67.8203 8.5964 77.3318 73.3543 86.127 86.2759 62.7837 9.0324 1127.6069 748.8112 748.8112 700.7562 104.7603 281.8726 174.5697 200.6381 319.4928 1089.3517 249.3796 449.0793 231.0961 107.0125 367.6577 187.4512 250.3956 1100.6991;
	3.8398 51.8835 85.9822 99.0471 14.2649 33.9835 22.0304 12.3676 27.2574 29.3665 54.2835 80.9803 121.9154 61.9613 170.0359 64.06 79.4819 84.2271 84.8441 67.3322 7.3435 79.2949 74.3667 83.0996 81.5537 59.4593 8.6413 1122.5496 775.3963 775.3963 708.1653 102.2454 282.8137 173.3133 194.2571 330.8357 1139.2724 249.3298 431.56 218.4473 104.157 376.9905 197.3504 238.3708 1151.1399;
	3.7209 50.2777 78.381 79.8318 14.0113 31.8518 18.9636 9.3993 23.9175 28.4017 52.5 78.3197 117.9099 62.9942 167.6329 63.1547 78.3586 83.0367 84.9361 67.0692 6.3212 74.3209 71.7208 80.5097 62.6346 48.519 7.1294 1131.6256 746.2488 746.2488 669.8173 98.2119 283.1202 172.6364 197.4952 318.3995 1079.6786 230.1952 384.7692 167.7713 94.442 353.3429 197.1855 196.1588 1090.9253;
	3.6819 49.7512 72.9387 74.7526 13.3685 30.7146 17.7446 7.0687 24.6708 28.8542 53.3366 79.5677 119.7887 59.19 155.928 58.745 72.8873 77.2388 85.2262 63.4043 5.9149 71.6673 69.1255 67.4531 42.9128 29.4527 5.1718 1077.7476 681.6502 681.6502 633.6756 80.6718 284.0874 163.2029 185.5685 290.8374 1044.7235 211.3961 329.1237 114.9451 83.7691 340.727 189.8106 158.4775 1055.606;
	3.5388 47.8169 64.6695 60.1672 13.785 29.2219 14.3432 5.7937 15.8037 28.1671 52.0665 77.673 116.9362 63.2714 154.0364 58.0323 72.0031 76.3017 84.7214 66.8664 4.7811 68.1843 69.2565 62.4997 33.5726 22.8995 4.3032 1088.488 635.3044 635.3044 519.6666 48.7814 282.4048 172.1144 198.3643 271.0632 983.4456 181.1337 271.1097 89.9265 68.1763 324.1678 158.284 127.0558 993.6898;
	3.4176 46.1794 59.7961 61.2591 13.8926 28.4983 15.3077 5.0555 14.473 23.7932 43.9814 65.6116 98.7779 63.9635 165.2618 62.2614 77.2503 81.8623 87.0356 66.1277 5.1026 66.4961 55.7573 59.2451 33.502 13.371 1.6082 1155.5639 664.6367 664.6367 606.9867 59.5359 290.1185 170.2128 200.5342 283.5783 1031.0413 198.3291 244.5461 89.7376 61.8305 316.1416 135.9123 125.051 1041.7813;
	2.9499 39.8591 53.1397 56.8385 13.8285 24.2279 15.7738 3.9022 20.9794 21.0756 38.958 58.1176 87.4958 65.8937 167.3057 63.0314 78.2057 82.8747 86.2077 65.4276 5.2579 56.5317 51.9029 72.3359 46.9762 9.2685 2.0921 1116.4139 748.6514 748.6514 722.7081 88.3784 287.359 168.4108 206.5855 319.4246 1018.7545 237.2371 244.332 125.8291 49.4035 268.768 142.2189 131.5611 1029.3665;
	2.4929 33.6848 40.4962 48.5009 12.5434 14.829 19.8016 1.4829 19.9205 15.1643 28.031 41.8167 62.9549 66.1529 154.2206 58.1017 72.0892 76.393 83.9495 60.7745 6.6005 34.6009 42.6838 56.2755 11.2766 0.0 0.5317 1031.8863 777.1855 777.1855 733.5443 106.2274 279.8317 156.4336 207.3984 331.5992 1035.1843 234.4205 364.8388 30.2052 30.0732 164.5027 119.2667 8.98 1045.9675;
	1.5558 21.0216 22.3672 0.0 7.4318 6.9226 18.4442 0.8625 18.9943 13.855 25.6108 38.2063 57.5194 66.0814 163.0776 61.4385 76.2293 80.7803 85.7858 66.3734 6.1481 16.1527 30.6637 40.5207 12.1143 0.0 0.579 1020.4898 773.8804 773.8804 713.4502 105.0283 285.9527 170.8453 207.174 330.189 1026.6409 214.9137 395.2053 32.4491 23.7728 76.7946 66.7774 5.896 1037.3351;
	1.3952 18.8515 21.9796 16.2971 5.5342 9.9346 19.4769 1.1573 16.9323 16.1984 29.9424 44.6682 67.2477 64.7497 161.5512 60.8635 75.5158 80.0242 84.5629 68.9336 6.4923 23.1808 42.3159 26.1182 13.949 1.3518 0.629 914.2834 704.2611 704.2611 660.3306 99.7447 281.8762 177.4352 202.9991 300.4847 920.2402 190.5146 387.5759 37.3635 10.6194 110.2081 55.3817 39.9455 929.8261;
	1.0604 14.3279 23.843 20.3287 7.9089 7.9616 20.7144 2.2056 16.4627 13.535 25.0193 37.3239 56.1909 59.537 172.1245 64.8469 80.4582 85.2617 86.6396 67.7808 6.9048 18.577 38.8689 30.3995 20.3434 4.7556 2.6303 931.7911 721.3224 721.3224 622.7964 97.128 288.7985 174.4681 186.6567 307.7642 957.4578 185.2165 428.6122 54.4913 25.633 88.3202 52.3455 42.9572 967.4313;
	0.6317 8.5352 17.6854 24.3502 4.6923 6.9489 14.1402 2.1968 12.7756 16.7042 30.8774 46.063 69.3476 62.6528 162.6552 61.2794 76.0319 80.5711 83.5851 62.439 4.7134 16.2142 49.7409 20.1069 20.2116 5.0748 3.4258 870.2301 637.192 637.192 613.5587 94.0635 278.6171 160.7182 196.4249 271.8686 763.756 187.6335 406.5282 54.1381 7.6913 77.087 25.662 21.4532 771.7118;
	0.8088 10.9285 22.4576 0.1495 5.8912 7.5991 12.1789 1.7959 13.6846 15.5388 28.7232 42.8494 64.5096 62.6394 164.8725 62.1147 77.0683 81.6694 75.3068 64.7727 4.0596 17.7312 55.185 35.3344 21.8974 2.9087 3.3006 773.6198 588.4344 588.4344 537.1273 84.356 251.0228 166.7251 196.3829 251.0654 709.1813 182.9904 333.8964 58.6538 26.0145 84.299 31.976 45.2604 716.5686;
	0.7429 10.0376 15.512 17.5176 0.8151 0.0 5.5385 1.245 8.9054 15.1955 28.0886 41.9027 63.0843 60.0901 168.5198 63.4889 78.7732 83.4761 75.7511 68.3837 1.8462 0.0 53.9245 5.2417 19.7377 1.818 2.1488 807.4594 461.2479 461.2479 467.7895 83.8745 252.5037 176.0198 188.3907 196.7991 543.9628 174.8119 206.4782 52.8688 19.3223 0.0 0.0 12.9098 549.629;
	0.2314 3.1265 0.0 0.0 0.3315 0.0 3.7647 1.8406 0.3558 17.393 32.1507 47.9626 72.2074 56.5965 168.4544 63.4642 78.7426 83.4437 73.0446 62.1206 1.2549 0.0 52.5133 1.4966 9.8385 3.5008 1.5032 813.1936 479.4222 479.4222 519.6273 83.9061 243.4819 159.8985 177.4377 204.5535 673.7048 184.9974 221.8195 26.353 19.388 0.0 0.0 0.0003 680.7226;
	0.9862 13.3262 0.3078 0.0 1.3342 0.0 5.1941 1.1312 0.1171 19.7179 36.4483 54.3737 81.8593 61.7619 129.247 48.6931 60.4155 64.0223 72.3881 45.4762 1.7314 0.0 68.1122 0.0 7.1996 2.3665 1.371 775.8246 516.0153 516.0153 602.0235 91.3859 241.2936 117.0558 193.6318 220.1665 746.6194 203.8876 343.3331 19.2846 69.9029 0.0 0.0501 0.0582 754.3967;
	0.4695 6.3445 25.6646 41.3377 0.8858 1.0722 18.1796 2.4541 0.421 22.9278 42.3816 63.2251 95.185 63.8107 118.5033 44.6454 55.3934 58.7005 0.5978 52.7312 6.0599 2.5019 71.8148 43.659 21.8032 7.1969 2.0536 833.3488 490.8786 490.8786 607.6259 84.4569 1.9926 135.7302 200.0552 209.4415 690.6766 192.534 361.4294 58.4013 83.1946 11.8947 3.023 0.3252 697.8711;
