function solarprofile = ex_solar_profilesh1
%EX_WIND_PROFILE_D  Example wind_load_nyiso profile data for deterministic unit commitment.
% 2022.03.12
% Andres F. Ramirez


%% define constants
[GEN_BUS, PG, QG, QMAX, QMIN, VG, MBASE, GEN_STATUS, PMAX, PMIN, ...
    MU_PMAX, MU_PMIN, MU_QMAX, MU_QMIN, PC1, PC2, QC1MIN, QC1MAX, ...
    QC2MIN, QC2MAX, RAMP_AGC, RAMP_10, RAMP_30, RAMP_Q, APF] = idx_gen;
[CT_LABEL, CT_PROB, CT_TABLE, CT_TBUS, CT_TGEN, CT_TBRCH, CT_TAREABUS, ...
    CT_TAREAGEN, CT_TAREABRCH, CT_ROW, CT_COL, CT_CHGTYPE, CT_REP, ...
    CT_REL, CT_ADD, CT_NEWVAL, CT_TLOAD, CT_TAREALOAD, CT_LOAD_ALL_PQ, ...
    CT_LOAD_FIX_PQ, CT_LOAD_DIS_PQ, CT_LOAD_ALL_P, CT_LOAD_FIX_P, ...
    CT_LOAD_DIS_P, CT_TGENCOST, CT_TAREAGENCOST, CT_MODCOST_F, ...
    CT_MODCOST_X] = idx_ct;

solarprofile = struct( ...
    'type', 'mpcData', ...
    'table', CT_TGEN, ...
    'rows', [1:12], ...
    'col', PMAX, ...
    'chgtype', 1, ...
    'values', [] );
solarprofile.values(:,1,:) = [
	0.0 0.0 0.0 0.0 0.0 0.0 0.0 0.0 0.0 0.0 0.0 0.0;
	0.0 0.0 0.0 0.0 0.0 0.0 0.0 0.0 0.0 0.0 0.0 0.0;
	0.0 0.0 0.0 0.0 0.0 0.0 0.0 0.0 0.0 0.0 0.0 0.0;
	0.0 0.0 0.0 0.0 0.0 0.0 0.0 0.0 0.0 0.0 0.0 0.0;
	0.0 0.0 0.0 0.0 0.0 0.0 0.0 0.0 0.0 0.0 0.0 0.0;
	0.1575 0.1621 0.24 0.0 0.0 0.0 0.0 0.0922 0.1561 0.0 0.0 0.0;
	8.3734 6.5267 5.4917 0.0 0.6894 235.5679 29.446 40.485 157.9684 21.4536 24.3018 38.8527;
	18.2178 13.9432 12.1209 0.0 2.1342 305.0372 38.1296 59.7332 175.8212 80.8706 86.3298 146.4571;
	23.4305 16.6083 13.8456 0.8171 4.1844 322.7239 40.3405 61.111 173.8127 138.6204 118.2738 251.0423;
	25.6984 16.474 13.8811 3.4131 6.4466 277.8445 34.7306 50.0383 142.869 83.8743 159.2797 151.8968;
	25.3773 16.5216 13.7882 4.7101 7.1294 283.4818 35.4352 46.7781 108.3655 78.8244 182.9197 142.7515;
	21.9089 15.9526 13.7863 5.507 7.1782 282.0071 35.2509 40.8352 65.1095 80.2378 191.5272 145.3111;
	22.4326 15.5037 13.5919 9.5874 11.5589 409.0615 51.1327 61.6201 137.4127 337.2932 250.1537 610.8401;
	21.0087 15.8197 13.5363 9.055 11.4757 416.2527 52.0316 62.3116 163.1416 336.3715 230.381 609.1709;
	16.6157 11.2541 9.9969 7.5353 11.298 405.5824 50.6978 59.2148 186.9909 321.7729 225.6651 582.7326;
	6.9837 4.5184 4.1756 7.3227 13.4432 353.5454 44.1932 48.6265 217.8052 316.6562 243.6537 573.4662;
	0.8962 0.7354 0.5167 2.1958 4.563 65.1315 8.1414 10.1926 41.7665 84.8112 53.4641 153.5937;
	0.0 0.0 0.0 0.0 0.0 0.0 0.0 0.0 0.0 0.0 0.0 0.0;
	0.0 0.0 0.0 0.0 0.0 0.0 0.0 0.0 0.0 0.0 0.0 0.0;
	0.0 0.0 0.0 0.0 0.0 0.0 0.0 0.0 0.0 0.0 0.0 0.0;
	0.0 0.0 0.0 0.0 0.0 0.0 0.0 0.0 0.0 0.0 0.0 0.0;
	0.0 0.0 0.0 0.0 0.0 0.0 0.0 0.0 0.0 0.0 0.0 0.0;
	0.0 0.0 0.0 0.0 0.0 0.0 0.0 0.0 0.0 0.0 0.0 0.0;
	0.0 0.0 0.0 0.0 0.0 0.0 0.0 0.0 0.0 0.0 0.0 0.0;
];
