function solarprofile = ex_solar_profilesh1
%EX_WIND_PROFILE_D  Example wind_load_nyiso profile data for deterministic unit commitment.
% 2022.03.12
% Andres F. Ramirez


%% define constants
[GEN_BUS, PG, QG, QMAX, QMIN, VG, MBASE, GEN_STATUS, PMAX, PMIN, ...
    MU_PMAX, MU_PMIN, MU_QMAX, MU_QMIN, PC1, PC2, QC1MIN, QC1MAX, ...
    QC2MIN, QC2MAX, RAMP_AGC, RAMP_10, RAMP_30, RAMP_Q, APF] = idx_gen;
[CT_LABEL, CT_PROB, CT_TABLE, CT_TBUS, CT_TGEN, CT_TBRCH, CT_TAREABUS, ...
    CT_TAREAGEN, CT_TAREABRCH, CT_ROW, CT_COL, CT_CHGTYPE, CT_REP, ...
    CT_REL, CT_ADD, CT_NEWVAL, CT_TLOAD, CT_TAREALOAD, CT_LOAD_ALL_PQ, ...
    CT_LOAD_FIX_PQ, CT_LOAD_DIS_PQ, CT_LOAD_ALL_P, CT_LOAD_FIX_P, ...
    CT_LOAD_DIS_P, CT_TGENCOST, CT_TAREAGENCOST, CT_MODCOST_F, ...
    CT_MODCOST_X] = idx_ct;

solarprofile = struct( ...
    'type', 'mpcData', ...
    'table', CT_TGEN, ...
    'rows', [1:12], ...
    'col', PMAX, ...
    'chgtype', 1, ...
    'values', [] );
solarprofile.values(:,1,:) = [
	0.0 0.0 0.0 0.0 0.0 0.0 0.0 0.0 0.0 0.0 0.0 0.0;
	0.0 0.0 0.0 0.0 0.0 0.0 0.0 0.0 0.0 0.0 0.0 0.0;
	0.0 0.0 0.0 0.0 0.0 0.0 0.0 0.0 0.0 0.0 0.0 0.0;
	0.0 0.0 0.0 0.0 0.0 0.0 0.0 0.0 0.0 0.0 0.0 0.0;
	0.0 0.0 0.0 0.0 0.0 0.0 0.0 0.0 0.0 0.0 0.0 0.0;
	0.1575 0.1621 0.24 0.0 0.0 0.0 0.0 0.0 0.0 0.0 0.0 0.0;
	0.1523 0.1654 0.2849 1.3415 0.0 62.5756 7.822 19.6672 51.1001 60.5375 16.3804 109.6337;
	13.0903 10.2877 9.9144 3.2029 1.2427 240.0539 30.0067 37.6648 115.031 107.1153 2.9548 193.9865;
	23.3677 16.6083 13.8 6.1031 3.2946 312.7996 39.1 48.7186 150.5811 140.647 18.1312 254.7126;
	25.853 16.474 13.7624 7.0154 4.6385 242.5624 30.3203 64.2091 124.5317 195.0334 96.9797 353.2066;
	25.9419 16.5075 12.9881 8.2687 4.7239 256.927 32.1159 62.1838 101.7825 241.5141 117.723 437.3834;
	25.5452 16.471 12.9415 7.6867 4.245 238.5854 29.8232 52.6645 67.0981 245.9415 118.4979 445.4016;
	25.7493 16.5546 13.7855 7.2232 7.0179 281.5999 35.2 61.0308 103.3745 336.3681 225.368 609.1647;
	22.9939 16.3881 13.7008 4.4343 5.953 255.9167 31.9896 62.4905 88.9604 331.2836 207.8328 599.9565;
	17.4735 11.8079 10.979 2.1341 3.8736 180.0846 22.5106 65.0443 64.2501 270.5066 151.9785 489.8891;
	6.4274 1.7059 1.7361 2.4494 5.4914 145.5089 18.1886 65.8087 43.5082 201.0933 40.7705 364.1812;
	0.9382 0.7504 0.5272 1.5662 3.3511 59.0577 7.3822 10.7593 34.9853 65.5409 34.8271 118.695;
	0.0 0.0 0.0 0.0 0.0 0.0 0.0 0.0 0.0 0.0 0.0 0.0;
	0.0 0.0 0.0 0.0 0.0 0.0 0.0 0.0 0.0 0.0 0.0 0.0;
	0.0 0.0 0.0 0.0 0.0 0.0 0.0 0.0 0.0 0.0 0.0 0.0;
	0.0 0.0 0.0 0.0 0.0 0.0 0.0 0.0 0.0 0.0 0.0 0.0;
	0.0 0.0 0.0 0.0 0.0 0.0 0.0 0.0 0.0 0.0 0.0 0.0;
	0.0 0.0 0.0 0.0 0.0 0.0 0.0 0.0 0.0 0.0 0.0 0.0;
	0.0 0.0 0.0 0.0 0.0 0.0 0.0 0.0 0.0 0.0 0.0 0.0;
];
