function windprofile = ex_wind_profilesh1
%EX_WIND_PROFILE_D  Example wind_load_nyiso profile data for deterministic unit commitment.
% 2022.03.12
% Andres F. Ramirez


%% define constants
[GEN_BUS, PG, QG, QMAX, QMIN, VG, MBASE, GEN_STATUS, PMAX, PMIN, ...
    MU_PMAX, MU_PMIN, MU_QMAX, MU_QMIN, PC1, PC2, QC1MIN, QC1MAX, ...
    QC2MIN, QC2MAX, RAMP_AGC, RAMP_10, RAMP_30, RAMP_Q, APF] = idx_gen;
[CT_LABEL, CT_PROB, CT_TABLE, CT_TBUS, CT_TGEN, CT_TBRCH, CT_TAREABUS, ...
    CT_TAREAGEN, CT_TAREABRCH, CT_ROW, CT_COL, CT_CHGTYPE, CT_REP, ...
    CT_REL, CT_ADD, CT_NEWVAL, CT_TLOAD, CT_TAREALOAD, CT_LOAD_ALL_PQ, ...
    CT_LOAD_FIX_PQ, CT_LOAD_DIS_PQ, CT_LOAD_ALL_P, CT_LOAD_FIX_P, ...
    CT_LOAD_DIS_P, CT_TGENCOST, CT_TAREAGENCOST, CT_MODCOST_F, ...
    CT_MODCOST_X] = idx_ct;

windprofile = struct( ...
    'type', 'mpcData', ...
    'table', CT_TGEN, ...
    'rows', [1:45], ...
    'col', PMAX, ...
    'chgtype', 1, ...
    'values', [] );
windprofile.values(:,1,:) = [
	3.5905 48.5157 83.9623 106.187 15.1402 30.6421 26.4904 9.716 25.8313 26.8937 49.7127 74.1615 111.6498 65.3947 190.9792 71.9503 89.2717 94.6013 90.6442 71.2102 8.8301 71.4983 70.1415 84.5623 91.8915 54.5141 7.732 1220.4853 745.8299 745.8299 706.2641 113.0704 302.1475 183.2952 205.0213 318.2208 1131.0726 294.4077 446.3693 246.1379 113.7031 339.9235 190.6415 215.083 1142.8546;
	3.6944 49.9193 82.7919 108.628 15.2759 31.0772 28.2182 10.7354 26.513 25.5289 47.1898 70.3979 105.9837 66.492 197.4606 74.3921 92.3014 97.8119 91.2759 69.606 9.4061 72.5136 70.2336 86.1025 95.9114 57.5342 7.7583 1164.2159 758.764 758.764 787.3918 112.4122 304.2529 179.166 208.4613 323.7393 1196.0013 293.7555 454.9328 256.9055 118.316 344.7503 199.3845 225.2685 1208.4597;
	3.6888 49.8444 82.0402 95.7412 15.2815 31.9024 25.8468 9.7349 26.1575 25.8233 47.7341 71.2098 107.206 64.6046 191.1016 71.9964 89.3289 94.662 86.1794 67.9876 8.6156 74.4388 63.2263 85.1397 82.5044 57.5343 8.2565 1201.218 765.5246 765.5246 788.8306 113.8453 287.2645 175.0002 202.5442 326.6238 1133.9893 290.2449 454.144 220.994 113.7073 353.9035 186.0899 220.4969 1145.8017;
	3.5868 48.465 73.7222 94.6769 15.0068 30.4838 22.6183 9.7275 25.7406 26.6936 49.3428 73.6097 110.819 63.2394 182.8407 68.8842 85.4674 90.5699 85.1438 67.1452 7.5394 71.1289 57.3155 83.1566 79.8401 48.1941 7.205 1178.2712 808.2576 808.2576 798.6191 108.9142 283.8127 172.832 198.2641 344.8566 1183.1621 287.334 440.8571 213.8574 103.2484 338.1671 186.4152 195.2035 1195.4867;
	3.5835 48.4212 57.2657 75.4915 14.708 30.3679 18.7146 7.039 20.8403 25.4079 46.9662 70.0643 105.4815 60.4423 181.2731 68.2936 84.7346 89.7934 82.3422 67.8125 6.2382 70.8585 55.2963 81.6437 62.6819 40.1169 6.6597 1189.3585 788.2521 788.2521 745.5912 99.6097 274.4739 174.5496 189.4947 336.3209 1125.2158 260.7515 379.7586 167.8978 94.7801 336.8817 193.4681 164.4069 1136.9368;
	3.629 49.0353 73.9962 78.8726 14.7901 31.7272 17.5365 6.1784 24.3036 27.9056 51.5831 76.9519 115.8506 56.0772 177.0 66.6837 82.7372 87.6767 82.1186 67.6369 5.8455 74.0301 68.8378 82.761 55.1036 28.7047 5.4473 1212.5498 754.8975 754.8975 658.631 90.8962 273.7285 174.0976 175.8095 322.0896 1151.2684 234.504 344.5903 147.5989 81.8482 351.96 190.6091 165.9812 1163.2608;
	2.994 40.4552 58.7036 60.9899 14.3356 27.9428 14.936 5.3471 17.9697 28.1985 52.1245 77.7594 117.0664 62.4841 182.7395 68.8461 85.4201 90.5198 83.7122 69.4251 4.9787 65.1999 71.791 75.0771 46.4199 22.1278 4.4663 1166.4616 708.8597 708.8597 572.3199 60.7703 279.0408 178.7004 195.8961 302.4468 1092.6504 201.9757 270.6346 124.339 72.1495 309.9789 152.8947 116.4223 1104.0321;
	3.4554 46.6906 59.5345 68.6571 14.2023 27.1706 15.8962 5.8462 15.5061 24.4103 45.1222 67.3134 101.3399 64.2707 186.8794 70.4057 87.3553 92.5705 83.4024 69.251 5.2987 63.398 59.7805 81.1597 56.6686 17.5682 3.9088 1208.6585 706.6492 706.6492 624.6756 58.6358 278.0082 178.2523 201.4973 301.5037 1072.5442 186.389 246.1636 151.7908 77.8931 301.4122 139.3145 131.8854 1083.7165;
	2.9466 39.815 49.4168 60.6491 14.1655 23.5414 14.1089 3.9012 18.3332 22.8362 42.2123 62.9725 94.8048 63.9316 187.5201 70.6471 87.6548 92.8879 84.594 69.2888 4.703 54.9299 53.7763 75.2714 52.088 10.0941 2.4824 1193.144 772.4239 772.4239 734.6389 84.0792 281.9799 178.3496 200.4342 329.5675 1073.5022 217.4563 233.0995 139.5216 44.6132 261.1526 132.4138 141.9132 1084.6845;
	2.6796 36.2073 44.5575 62.4634 14.1824 18.6534 17.8927 2.2911 19.4059 17.7448 32.8011 48.9328 73.668 62.7834 169.471 63.8472 79.2178 83.9472 81.7096 66.7774 5.9642 43.5247 40.8511 60.7023 34.2372 6.8341 1.0439 1064.7336 729.1905 729.1905 671.4788 92.0848 272.3653 171.8852 196.8344 311.1213 1064.4978 201.1338 303.8026 91.7067 42.3392 206.9289 120.2316 115.3057 1075.5863;
	2.146 28.9967 33.6279 47.2032 13.6067 13.9003 17.439 1.3732 17.0573 15.1176 27.9446 41.6878 62.7608 61.9131 154.8109 58.3241 72.3651 76.6854 68.4948 69.3224 5.813 32.434 30.3174 52.2604 25.4507 5.6156 0.8175 1165.9371 751.9186 751.9186 631.4188 92.8398 228.3159 178.4361 194.1058 320.8186 1078.5871 206.5012 331.0658 68.1715 34.8437 154.2005 80.539 91.4548 1089.8224;
	1.6229 21.929 26.965 28.3029 10.2803 9.9784 18.0676 1.2311 14.9536 16.7427 30.9486 46.1692 69.5075 63.7552 165.0643 62.187 77.158 81.7644 66.2798 66.543 6.0225 23.2828 36.8586 36.9079 19.9331 6.2376 0.6274 1081.8472 709.3959 709.3959 615.6294 92.4776 220.9328 171.2818 199.8812 302.6756 1003.5654 177.7127 335.6588 53.3922 25.5194 110.6933 63.35 72.9636 1014.0192;
	0.9897 13.3729 25.2312 26.7907 9.6317 7.1724 17.8324 1.7149 13.6447 12.6765 23.4324 34.9565 52.6269 62.1083 175.8299 66.2429 82.1903 87.0971 80.5813 66.7067 5.9441 16.7356 30.9584 33.2263 21.0597 7.8397 1.9092 1085.8935 715.7169 715.7169 609.7744 90.948 268.6044 171.7032 194.718 305.3726 1027.6369 194.7949 362.2438 56.4098 23.8422 79.5657 45.0388 45.4663 1038.3415;
	0.7399 9.9979 21.52 31.3057 7.8612 7.5028 10.3397 2.1773 1.3835 16.0121 29.5982 44.1546 66.4746 65.3369 174.261 65.6518 81.4569 86.32 74.4606 62.3007 3.4466 17.5065 40.0096 34.5257 23.4727 8.6268 2.098 942.4277 656.1946 656.1946 628.0197 74.3994 248.202 160.3621 204.8401 279.9763 859.6783 192.7087 326.1377 62.8733 28.5624 83.2308 33.7941 48.5563 868.6333;
	0.5909 7.9842 17.9156 1.1739 6.2436 4.876 8.5026 0.8023 1.0684 7.4678 13.8041 20.593 31.0027 62.2985 157.7811 59.4431 73.7535 78.1567 59.2403 58.7979 2.8342 11.3774 29.7696 44.59 21.2933 2.7546 1.4504 790.0106 564.6069 564.6069 514.5784 66.986 197.4677 151.3459 195.3141 240.8989 679.6786 175.9669 145.3655 57.0357 26.781 54.0913 24.1364 42.8169 686.7585;
	0.756 10.2158 14.2699 25.4064 6.5336 0.0 3.7726 0.9405 0.0 2.9081 5.3755 8.0192 12.0729 55.1119 157.2267 59.2342 73.4943 77.8821 61.681 56.9858 1.2575 0.0 24.1548 36.1605 20.7418 2.3089 1.557 741.1433 432.6721 432.6721 454.0827 68.384 205.6033 146.6817 172.7831 184.6067 496.8199 167.1241 164.4555 55.5583 23.555 0.0 0.0 15.0174 501.9951;
	0.5472 7.3934 12.2015 20.1152 6.6377 0.0243 3.4741 3.2265 9.5123 13.8523 25.6058 38.1988 57.5081 56.7162 167.368 63.0549 78.2348 82.9055 72.9763 57.1722 1.158 0.0568 27.8317 41.6842 17.8764 8.542 1.7031 680.9593 442.7347 442.7347 505.9157 75.5012 243.2542 147.1613 177.8129 188.9001 591.5725 175.0121 220.2044 47.8833 34.2285 0.2701 0.0521 38.8286 597.7347;
	1.0747 14.5216 36.1718 92.5064 3.2184 0.9825 1.9956 4.8518 1.6238 18.6178 34.4147 51.34 77.2921 62.999 130.1058 49.0166 60.8169 64.4477 52.2093 47.7945 0.6652 2.2925 56.0671 43.3358 19.4531 4.8317 1.8153 627.8624 454.5803 454.5803 552.2199 84.2934 174.0311 123.0232 197.5105 193.9543 601.4321 187.9284 336.1366 52.1066 75.0188 10.8993 0.0 70.0504 607.697;
	0.5171 6.9878 28.2831 46.026 8.051 8.5008 0.004 2.4587 3.4103 22.1101 40.8702 60.9703 91.7904 66.2822 120.7459 45.4903 56.4417 59.8113 0.0 58.1667 0.0013 19.8353 58.3621 52.5479 27.8422 9.4871 2.4665 688.7605 435.935 435.935 564.6238 74.2771 0.0 149.7214 207.8038 185.9989 599.3533 173.1335 335.741 74.5774 90.9637 94.3026 0.6291 112.9521 605.5966;
