function loadprofile = ex_load_profilesh1
%EX_LOAD_PROFILE  Example load profile data file for stochastic unit commitment.
% 2022.03.12
% Andres F. Ramirez

%% define constants
[CT_LABEL, CT_PROB, CT_TABLE, CT_TBUS, CT_TGEN, CT_TBRCH, CT_TAREABUS, ...
    CT_TAREAGEN, CT_TAREABRCH, CT_ROW, CT_COL, CT_CHGTYPE, CT_REP, ...
    CT_REL, CT_ADD, CT_NEWVAL, CT_TLOAD, CT_TAREALOAD, CT_LOAD_ALL_PQ, ...
    CT_LOAD_FIX_PQ, CT_LOAD_DIS_PQ, CT_LOAD_ALL_P, CT_LOAD_FIX_P, ...
    CT_LOAD_DIS_P, CT_TGENCOST, CT_TAREAGENCOST, CT_MODCOST_F, ...
    CT_MODCOST_X] = idx_ct;

loadprofile = struct( ...
    'type', 'mpcData', ...
    'table', CT_TAREALOAD, ...
    'rows', [1:11], ...
    'col', CT_LOAD_ALL_P, ...
    'chgtype', 1, ...
    'values', [] );
loadprofile.values(:,1,:) = [
	1603.9093 919.2376 1707.4222 516.7937 854.9 1190.3399 915.8 267.1 555.4358 4516.9556 1668.6862;
	1624.3687 933.5301 1690.3195 515.3422 832.2427 1190.3339 908.8646 262.5789 551.2167 4465.1852 1676.9105;
	1646.9386 973.8662 1780.241 529.9408 884.8648 1249.3981 930.7 271.5524 550.3278 4502.4009 1711.4753;
	1722.0184 1035.5712 1875.5085 557.4096 933.1985 1310.5572 982.6 305.8786 611.8704 4793.3331 1861.9502;
	1866.4473 1156.0203 2099.1995 581.9684 1072.7893 1471.6367 1103.218 353.4969 673.5214 5374.5054 2105.7759;
	1985.1079 1232.6109 2184.7964 618.0278 1139.8462 1558.9812 1152.293 379.2397 716.7929 6003.3593 2252.0;
	1926.8808 1221.7397 2167.0864 618.0035 1084.4447 1592.065 1154.0287 378.6091 723.1335 6258.8698 2281.1;
	1962.2791 1235.4033 2183.2494 607.8203 1068.3769 1613.5479 1191.4739 388.1739 756.4149 6551.1508 2290.1581;
	1983.3202 1251.3835 2237.477 601.9668 1079.7683 1621.2974 1198.2237 402.7946 740.2504 6601.7745 2321.1944;
	1975.8163 1266.6076 2245.2965 600.1522 1072.6 1597.8083 1157.1 384.4469 725.991 6505.9481 2293.1978;
	1919.9682 1245.1 2204.5188 594.1851 1047.2644 1562.5047 1152.0596 384.0296 720.4288 6568.094 2314.0774;
	1954.1403 1256.6873 2209.0056 593.1618 1054.3 1548.5008 1187.7847 396.512 716.4597 6674.5878 2283.6624;
	1940.0383 1254.8382 2149.2147 582.3 1045.725 1561.2 1201.9103 410.5935 719.453 6567.1541 2281.2739;
	1916.6002 1217.1871 2073.0 591.9136 1007.6199 1489.9716 1190.475 421.0445 692.5753 6525.709 2223.2955;
	1955.2215 1212.1218 2064.6223 596.177 999.2194 1495.1058 1202.1924 406.9288 688.8 6527.6972 2338.4196;
	1968.6045 1204.2233 2096.6231 606.6123 995.8 1527.5002 1202.839 422.1525 723.7522 6585.5235 2405.7505;
	1924.5148 1179.7352 2076.6687 607.4962 989.9189 1549.4208 1168.2022 395.5494 698.0031 6471.9355 2409.8334;
	1928.9941 1203.6494 2119.1708 627.904 1022.1357 1566.9258 1216.6 420.4893 749.2298 6376.0641 2518.4655;
	1922.4509 1214.2485 2155.8565 618.0361 1052.465 1600.6553 1243.5757 410.442 742.7974 6354.6265 2513.3654;
	1884.8 1147.9106 2062.088 605.3788 970.893 1498.0 1174.7658 382.7 731.9159 6121.521 2377.608;
	1820.6459 1093.2784 1975.4343 580.9785 949.2606 1395.1 1106.5966 354.8317 663.4833 5851.8941 2199.0913;
	1707.4594 1019.1441 1891.1393 570.8711 865.0602 1308.456 1033.7833 332.5789 609.558 5390.8 1993.4;
	1716.2326 1005.1452 1814.2518 571.6079 824.8546 1238.1081 952.2513 312.8521 569.0868 5080.1236 1882.5285;
	1667.8672 987.4625 1793.5141 581.4194 826.6148 1256.212 947.1 299.8204 563.5053 4888.072 1822.6334;
];
