function loadprofile = ex_load_profilesh1
%EX_LOAD_PROFILE  Example load profile data file for stochastic unit commitment.
% 2022.03.12
% Andres F. Ramirez

%% define constants
[CT_LABEL, CT_PROB, CT_TABLE, CT_TBUS, CT_TGEN, CT_TBRCH, CT_TAREABUS, ...
    CT_TAREAGEN, CT_TAREABRCH, CT_ROW, CT_COL, CT_CHGTYPE, CT_REP, ...
    CT_REL, CT_ADD, CT_NEWVAL, CT_TLOAD, CT_TAREALOAD, CT_LOAD_ALL_PQ, ...
    CT_LOAD_FIX_PQ, CT_LOAD_DIS_PQ, CT_LOAD_ALL_P, CT_LOAD_FIX_P, ...
    CT_LOAD_DIS_P, CT_TGENCOST, CT_TAREAGENCOST, CT_MODCOST_F, ...
    CT_MODCOST_X] = idx_ct;

loadprofile = struct( ...
    'type', 'mpcData', ...
    'table', CT_TAREALOAD, ...
    'rows', [1:11], ...
    'col', CT_LOAD_ALL_P, ...
    'chgtype', 1, ...
    'values', [] );
loadprofile.values(:,1,:) = [
	1546.7 955.5 1726.2634 562.9 903.6871 1188.3397 908.7078 291.9 520.4435 4554.6887 1741.3;
	1549.9939 961.5778 1687.6388 558.4688 894.3417 1188.3 905.6915 283.5081 507.2897 4491.8033 1715.7556;
	1575.7 990.9164 1771.9421 570.9 921.3676 1218.4288 940.3 285.0581 518.0561 4556.1526 1737.0316;
	1643.2 1050.5647 1850.4535 598.1765 965.0556 1277.742 950.473 295.0868 553.4 4752.7584 1822.9259;
	1766.6629 1172.4565 2078.0024 637.9 1084.0147 1409.0813 1057.6827 348.6101 631.4 5334.9599 2099.9016;
	1869.3928 1237.5583 2153.834 644.2993 1109.7228 1464.4386 1111.5 369.8 694.5 5885.0152 2246.061;
	1882.6785 1258.4049 2154.6702 637.7085 1131.8556 1514.4448 1146.0972 383.9007 716.15 6241.3 2292.6;
	1898.0898 1271.5965 2157.2761 621.3556 1139.5058 1503.5756 1173.5 381.4 720.2175 6447.5334 2281.5271;
	1871.4145 1272.0403 2176.3612 622.4 1113.874 1487.7662 1173.182 382.9304 741.9801 6612.1735 2326.6898;
	1919.7694 1284.2 2223.3819 621.7 1122.6084 1506.5367 1221.0323 389.5603 776.0583 6759.8057 2426.1358;
	1926.5072 1268.7834 2155.7319 605.2045 1094.3534 1474.126 1201.7009 392.3254 768.9712 6649.4791 2346.6247;
	1918.3303 1261.7882 2109.2917 592.5838 1082.167 1406.4529 1182.0728 382.3733 795.9351 6610.5343 2288.9191;
	1890.981 1250.5215 2067.1826 579.3389 1028.5 1460.2141 1180.0261 378.7544 764.192 6542.8429 2214.4011;
	1872.2632 1267.7838 2063.0095 575.114 988.3641 1427.683 1196.6352 376.7017 785.1529 6380.2984 2223.2102;
	1841.5931 1224.0816 2056.812 575.961 990.4819 1437.8674 1156.0936 365.2281 780.6343 6446.1027 2245.1066;
	1910.918 1260.1829 2122.766 600.0882 1039.3 1493.272 1214.6303 389.9995 765.249 6467.9674 2415.472;
	1866.4841 1277.1428 2115.7 613.0517 1054.3118 1495.5873 1212.551 421.0541 752.6883 6367.8881 2482.3608;
	1877.5615 1303.0134 2124.7656 632.3449 1107.5 1559.8311 1245.2568 429.5049 775.3329 6360.7987 2552.587;
	1867.6544 1295.9 2097.812 612.3693 1107.6839 1547.3453 1266.9916 403.8971 758.792 6237.0834 2547.0006;
	1820.3932 1229.686 2028.054 589.5 1068.6378 1494.507 1236.1641 395.0571 764.4071 6082.9217 2426.7537;
	1753.096 1140.7712 1915.3 566.5 994.6861 1397.2318 1170.4541 350.6466 723.9088 5733.7804 2244.2;
	1658.2706 1057.2 1809.3945 543.7416 933.3738 1303.788 1075.2474 333.9 647.2769 5314.0 2098.796;
	1541.2641 999.4 1739.6542 541.3736 936.4281 1207.8721 988.4778 316.1319 580.5752 4936.5663 1885.4056;
	1541.7314 971.3163 1711.2709 583.7333 912.9623 1200.7038 949.7716 294.4 587.891 4776.0369 1841.8227;
];
