function solarprofile = ex_solar_profilesh1
%EX_WIND_PROFILE_D  Example wind_load_nyiso profile data for deterministic unit commitment.
% 2022.03.12
% Andres F. Ramirez


%% define constants
[GEN_BUS, PG, QG, QMAX, QMIN, VG, MBASE, GEN_STATUS, PMAX, PMIN, ...
    MU_PMAX, MU_PMIN, MU_QMAX, MU_QMIN, PC1, PC2, QC1MIN, QC1MAX, ...
    QC2MIN, QC2MAX, RAMP_AGC, RAMP_10, RAMP_30, RAMP_Q, APF] = idx_gen;
[CT_LABEL, CT_PROB, CT_TABLE, CT_TBUS, CT_TGEN, CT_TBRCH, CT_TAREABUS, ...
    CT_TAREAGEN, CT_TAREABRCH, CT_ROW, CT_COL, CT_CHGTYPE, CT_REP, ...
    CT_REL, CT_ADD, CT_NEWVAL, CT_TLOAD, CT_TAREALOAD, CT_LOAD_ALL_PQ, ...
    CT_LOAD_FIX_PQ, CT_LOAD_DIS_PQ, CT_LOAD_ALL_P, CT_LOAD_FIX_P, ...
    CT_LOAD_DIS_P, CT_TGENCOST, CT_TAREAGENCOST, CT_MODCOST_F, ...
    CT_MODCOST_X] = idx_ct;

solarprofile = struct( ...
    'type', 'mpcData', ...
    'table', CT_TGEN, ...
    'rows', [1:12], ...
    'col', PMAX, ...
    'chgtype', 1, ...
    'values', [] );
solarprofile.values(:,1,:) = [
	0.0 0.0 0.0 0.0 0.0 0.0 0.0 0.0 0.0 0.0 0.0 0.0;
	0.0 0.0 0.0 0.0 0.0 0.0 0.0 0.0 0.0 0.0 0.0 0.0;
	0.0 0.0 0.0 0.0 0.0 0.0 0.0 0.0 0.0 0.0 0.0 0.0;
	0.0 0.0 0.0 0.0 0.0 0.0 0.0 0.0 0.0 0.0 0.0 0.0;
	0.0 0.0 0.0 0.0 0.0 0.0 0.0 0.0 0.0 0.0 0.0 0.0;
	0.1575 0.1621 0.24 0.0 0.0 0.0 0.0 0.0 0.0 0.0 0.0 0.0;
	7.6038 8.411 5.4302 3.7515 4.0965 327.3624 40.9203 65.1546 128.3028 22.4301 22.697 40.6211;
	17.0523 13.9665 9.2934 3.8021 3.9682 419.5866 52.4483 73.2042 220.1998 110.3966 70.1407 199.9289;
	22.9732 16.6083 13.5518 4.6691 4.6191 400.8875 50.1109 68.3853 230.1639 203.7881 145.6984 369.0615;
	25.1408 16.3731 13.7624 2.2871 4.4247 344.4905 43.0613 54.8979 227.7563 262.6219 213.7756 475.6099;
	21.7845 16.1403 13.7312 2.6444 5.9358 347.7082 43.4635 52.6013 187.858 241.4822 209.262 437.3258;
	20.1424 14.866 13.5793 2.9657 5.9793 369.9259 46.2407 51.6889 163.3234 118.203 190.8292 214.0663;
	19.5055 12.3059 13.7616 4.0229 7.4258 449.3259 56.1657 67.9159 226.9089 91.1894 236.5089 165.1445;
	15.7733 12.7016 13.7008 2.6138 4.9928 457.9449 57.2431 70.9009 251.8222 161.1651 220.1491 291.871;
	11.4722 9.2706 11.2397 2.6462 3.8577 451.0613 56.3827 73.4646 270.085 176.0889 216.3209 318.898;
	5.9227 5.2585 5.3127 4.2322 9.9625 453.2556 56.657 74.0588 279.0521 211.1669 255.1605 382.4246;
	0.8983 0.7333 0.5133 1.7959 3.6519 85.2353 10.6544 15.1356 47.6118 66.5853 51.5088 120.5864;
	0.0 0.0 0.0 0.0 0.0 0.0 0.0 0.0 0.0 0.0 0.0 0.0;
	0.0 0.0 0.0 0.0 0.0 0.0 0.0 0.0 0.0 0.0 0.0 0.0;
	0.0 0.0 0.0 0.0 0.0 0.0 0.0 0.0 0.0 0.0 0.0 0.0;
	0.0 0.0 0.0 0.0 0.0 0.0 0.0 0.0 0.0 0.0 0.0 0.0;
	0.0 0.0 0.0 0.0 0.0 0.0 0.0 0.0 0.0 0.0 0.0 0.0;
	0.0 0.0 0.0 0.0 0.0 0.0 0.0 0.0 0.0 0.0 0.0 0.0;
	0.0 0.0 0.0 0.0 0.0 0.0 0.0 0.0 0.0 0.0 0.0 0.0;
];
