function loadprofile = ex_load_profilesh1
%EX_LOAD_PROFILE  Example load profile data file for stochastic unit commitment.
% 2022.03.12
% Andres F. Ramirez

%% define constants
[CT_LABEL, CT_PROB, CT_TABLE, CT_TBUS, CT_TGEN, CT_TBRCH, CT_TAREABUS, ...
    CT_TAREAGEN, CT_TAREABRCH, CT_ROW, CT_COL, CT_CHGTYPE, CT_REP, ...
    CT_REL, CT_ADD, CT_NEWVAL, CT_TLOAD, CT_TAREALOAD, CT_LOAD_ALL_PQ, ...
    CT_LOAD_FIX_PQ, CT_LOAD_DIS_PQ, CT_LOAD_ALL_P, CT_LOAD_FIX_P, ...
    CT_LOAD_DIS_P, CT_TGENCOST, CT_TAREAGENCOST, CT_MODCOST_F, ...
    CT_MODCOST_X] = idx_ct;

loadprofile = struct( ...
    'type', 'mpcData', ...
    'table', CT_TAREALOAD, ...
    'rows', [1:11], ...
    'col', CT_LOAD_ALL_P, ...
    'chgtype', 1, ...
    'values', [] );
loadprofile.values(:,1,:) = [
	1597.9448 953.3 1657.4 545.773 753.6684 1094.4 872.8501 286.0912 494.8 4384.6176 1682.1286;
	1589.2565 943.8059 1614.6724 555.5312 718.1435 1067.3394 856.2191 276.4 470.777 4242.3577 1681.5;
	1587.4761 971.6 1672.5 544.6138 752.431 1105.0064 870.8524 293.002 478.0804 4340.7219 1716.5149;
	1651.5778 1033.8688 1769.4788 573.1018 796.8 1172.5059 911.3165 298.4953 511.767 4541.6879 1805.8682;
	1761.7 1133.6386 1970.9118 591.2521 922.2622 1277.0026 986.3664 328.6 590.8486 4910.7222 1980.6219;
	1874.5055 1203.1142 2083.2026 605.2657 1017.2417 1319.6398 1013.2346 342.267 621.61 5309.5944 2084.2005;
	1895.7 1230.8208 2094.7968 599.5996 1010.6559 1296.912 1071.7765 350.0688 649.4623 5991.4738 2181.638;
	1925.8743 1269.1105 2107.9208 609.1512 1023.4454 1368.1889 1092.9999 355.4891 670.5434 6277.1127 2151.0034;
	1904.8884 1273.7127 2086.5443 616.5255 1044.8031 1393.8151 1135.1382 366.6017 693.2 6450.4644 2236.2644;
	1889.6348 1255.7074 2029.932 593.8384 1032.1094 1324.7 1125.4936 344.7644 699.1371 6427.0284 2219.1522;
	1861.3261 1243.171 2067.3339 597.5925 1036.467 1323.167 1101.8385 341.175 693.3013 6425.1674 2241.4405;
	1850.3431 1245.246 2041.7307 582.0 1013.7084 1301.2421 1078.6897 335.0363 682.1056 6410.3374 2259.6407;
	1823.2211 1211.4 2013.6777 572.8084 994.8088 1270.3404 1011.4457 336.5122 644.8861 6208.1415 2169.6;
	1804.7003 1192.6 1970.0309 570.5 956.8 1305.7 1049.512 323.3 671.8576 6350.2622 2240.6882;
	1798.2 1206.0143 1967.0282 574.8 1006.4587 1336.3914 1066.8928 335.4305 686.022 6410.1692 2326.2852;
	1806.9454 1207.3 1980.1966 579.7 1034.4639 1413.7411 1125.9527 336.6441 700.2764 6548.431 2440.2995;
	1825.5848 1203.6405 2000.1784 608.3626 1055.5243 1452.6433 1147.754 362.0206 721.7921 6375.6525 2522.4158;
	1891.3 1254.7661 2072.2129 619.1 1079.388 1496.2518 1185.0832 393.755 748.5 6470.1244 2582.5466;
	1909.5733 1272.9054 2060.2981 616.1422 1055.091 1463.1046 1192.0 381.898 746.2263 6373.0516 2563.6923;
	1868.7689 1210.9 1970.1151 580.6499 967.249 1393.1354 1148.1938 371.049 716.829 6040.3589 2430.8796;
	1782.8147 1155.2231 1873.3 548.1507 928.0182 1315.9792 1090.3022 355.778 683.1 5721.6478 2278.7483;
	1674.2428 1066.6728 1751.2 550.7688 869.1599 1202.6159 999.6369 336.9 607.4685 5290.626 2084.5036;
	1628.0934 1004.0545 1685.1935 572.887 825.8911 1133.7947 942.4536 323.5754 557.167 4975.4927 1888.1904;
	1585.3203 980.67 1592.554 565.2176 789.0372 1043.9022 847.6854 289.5233 508.7026 4617.0255 1751.4363;
];
