function solarprofile = ex_solar_profilesh1
%EX_WIND_PROFILE_D  Example wind_load_nyiso profile data for deterministic unit commitment.
% 2022.03.12
% Andres F. Ramirez


%% define constants
[GEN_BUS, PG, QG, QMAX, QMIN, VG, MBASE, GEN_STATUS, PMAX, PMIN, ...
    MU_PMAX, MU_PMIN, MU_QMAX, MU_QMIN, PC1, PC2, QC1MIN, QC1MAX, ...
    QC2MIN, QC2MAX, RAMP_AGC, RAMP_10, RAMP_30, RAMP_Q, APF] = idx_gen;
[CT_LABEL, CT_PROB, CT_TABLE, CT_TBUS, CT_TGEN, CT_TBRCH, CT_TAREABUS, ...
    CT_TAREAGEN, CT_TAREABRCH, CT_ROW, CT_COL, CT_CHGTYPE, CT_REP, ...
    CT_REL, CT_ADD, CT_NEWVAL, CT_TLOAD, CT_TAREALOAD, CT_LOAD_ALL_PQ, ...
    CT_LOAD_FIX_PQ, CT_LOAD_DIS_PQ, CT_LOAD_ALL_P, CT_LOAD_FIX_P, ...
    CT_LOAD_DIS_P, CT_TGENCOST, CT_TAREAGENCOST, CT_MODCOST_F, ...
    CT_MODCOST_X] = idx_ct;

solarprofile = struct( ...
    'type', 'mpcData', ...
    'table', CT_TGEN, ...
    'rows', [1:12], ...
    'col', PMAX, ...
    'chgtype', 1, ...
    'values', [] );
solarprofile.values(:,1,:) = [
	0.0 0.0 0.0 0.0 0.0 0.0 0.0 0.0 0.0 0.0 0.0 0.0;
	0.0 0.0 0.0 0.0 0.0 0.0 0.0 0.0 0.0 0.0 0.0 0.0;
	0.0 0.0 0.0 0.0 0.0 0.0 0.0 0.0 0.0 0.0 0.0 0.0;
	0.0 0.0 0.0 0.0 0.0 0.0 0.0 0.0 0.0 0.0 0.0 0.0;
	0.0 0.0 0.0 0.0 0.0 0.0 0.0 0.0 0.0 0.0 0.0 0.0;
	0.1575 0.1621 0.24 0.0 0.0 0.0 0.0 0.0 0.0 0.0 0.0 0.0;
	8.4882 5.443 3.5105 0.0 1.3038 23.1931 2.8991 11.0407 11.8098 41.0535 24.0248 74.3481;
	15.1338 11.3966 8.3205 0.0 3.8377 65.956 8.2445 10.4983 0.0 72.9967 56.9624 132.1975;
	19.8027 16.3239 13.2281 0.82 4.7755 65.0978 8.1372 15.8857 5.0498 133.1907 89.5686 241.2091;
	25.0847 16.0605 12.4315 2.7104 2.5508 30.3822 3.7978 22.6391 0.3838 203.6839 151.2174 368.8727;
	22.1403 13.0592 8.5475 5.6536 2.161 63.6267 7.9533 39.4319 5.7567 254.5935 203.3307 461.0703;
	21.1966 12.2372 7.3551 7.6464 2.5375 183.2481 22.906 47.4481 7.779 264.0566 232.7937 478.2081;
	23.9856 16.5546 13.6078 11.2051 8.8213 351.738 43.9673 63.5894 80.2898 340.7603 251.4693 617.119;
	22.694 16.3881 13.7008 11.0271 8.879 338.3602 42.295 63.2489 108.4853 332.0326 218.2035 601.3131;
	17.929 15.8859 12.4475 9.1247 8.3985 295.3446 36.9181 59.7443 121.7328 254.1499 159.8295 460.267;
	9.1908 7.3749 5.8968 7.298 11.4423 290.9549 36.3694 51.2488 126.9239 199.0931 126.1123 360.5589;
	0.9067 0.7464 0.5322 2.2853 3.5922 85.2267 10.6533 12.7975 38.1067 66.371 41.9069 120.1983;
	0.0 0.0 0.0 0.0 0.0 0.0 0.0 0.0 0.0 0.0 0.0 0.0;
	0.0 0.0 0.0 0.0 0.0 0.0 0.0 0.0 0.0 0.0 0.0 0.0;
	0.0 0.0 0.0 0.0 0.0 0.0 0.0 0.0 0.0 0.0 0.0 0.0;
	0.0 0.0 0.0 0.0 0.0 0.0 0.0 0.0 0.0 0.0 0.0 0.0;
	0.0 0.0 0.0 0.0 0.0 0.0 0.0 0.0 0.0 0.0 0.0 0.0;
	0.0 0.0 0.0 0.0 0.0 0.0 0.0 0.0 0.0 0.0 0.0 0.0;
	0.0 0.0 0.0 0.0 0.0 0.0 0.0 0.0 0.0 0.0 0.0 0.0;
];
