function loadprofile = ex_load_profilesh1
%EX_LOAD_PROFILE  Example load profile data file for stochastic unit commitment.
% 2022.03.12
% Andres F. Ramirez

%% define constants
[CT_LABEL, CT_PROB, CT_TABLE, CT_TBUS, CT_TGEN, CT_TBRCH, CT_TAREABUS, ...
    CT_TAREAGEN, CT_TAREABRCH, CT_ROW, CT_COL, CT_CHGTYPE, CT_REP, ...
    CT_REL, CT_ADD, CT_NEWVAL, CT_TLOAD, CT_TAREALOAD, CT_LOAD_ALL_PQ, ...
    CT_LOAD_FIX_PQ, CT_LOAD_DIS_PQ, CT_LOAD_ALL_P, CT_LOAD_FIX_P, ...
    CT_LOAD_DIS_P, CT_TGENCOST, CT_TAREAGENCOST, CT_MODCOST_F, ...
    CT_MODCOST_X] = idx_ct;

loadprofile = struct( ...
    'type', 'mpcData', ...
    'table', CT_TAREALOAD, ...
    'rows', [1:11], ...
    'col', CT_LOAD_ALL_P, ...
    'chgtype', 1, ...
    'values', [] );
loadprofile.values(:,1,:) = [
	1478.9395 947.1962 1667.578 582.4467 811.1096 1106.3223 835.9405 294.9226 481.8398 4481.9455 1580.4225;
	1500.8 953.6 1660.5062 601.7949 805.0806 1118.22 860.157 297.8757 490.5583 4556.5914 1677.5417;
	1520.8459 963.7864 1714.5769 599.0268 822.286 1124.3825 864.232 302.4747 506.8872 4524.6159 1713.792;
	1573.8256 1022.2 1799.5519 614.6318 889.6 1211.6925 927.9333 312.8467 532.2548 4825.7434 1819.2831;
	1738.062 1147.438 2007.3311 646.7129 1010.2 1360.2333 1043.556 357.2 606.7939 5380.3153 2052.8144;
	1816.308 1228.3588 2115.1597 651.5599 1082.7287 1411.087 1092.8 371.2529 671.3465 5894.5675 2064.9161;
	1878.5918 1244.2651 2107.3618 647.2687 1069.3 1433.8487 1077.59 353.5 672.9291 6187.2792 2087.1301;
	1868.7722 1277.6859 2113.8569 645.8 1070.8129 1403.6392 1086.3 356.9694 667.2362 6400.0161 2104.3205;
	1836.5253 1288.5653 2106.0194 643.7479 1037.7 1353.5441 1072.9919 353.8408 635.8551 6290.3328 1907.0674;
	1845.0386 1260.4892 2046.8706 635.7 1034.5942 1343.2902 1095.1333 355.3654 628.6719 6343.0503 1986.8674;
	1822.8066 1243.0 2057.0166 623.6644 1021.989 1323.5822 1084.4829 350.7928 643.036 6458.4526 1918.1033;
	1824.8064 1236.6153 2033.3 614.0235 1009.5272 1287.8027 1054.943 350.5 638.1274 6405.401 1844.9257;
	1765.7842 1191.0764 1981.5061 602.4003 992.0697 1241.7939 1016.1141 338.0646 640.7575 6355.4627 1539.8261;
	1742.8371 1208.4207 1968.0959 607.5769 1012.437 1215.5891 1039.3 330.8 662.8057 6342.7464 1549.0065;
	1733.5827 1216.376 1989.1859 626.5779 1012.0627 1214.81 1057.4884 346.6869 669.7501 6404.4098 1773.8761;
	1707.5616 1203.7457 2002.3527 628.2257 1057.2406 1239.1292 1096.419 362.2818 682.0236 6353.0474 1865.8473;
	1757.9886 1238.2902 2022.8 631.6702 1082.6331 1325.0867 1119.0898 368.0 699.7 6305.4096 2075.3069;
	1819.9521 1268.3702 2091.0794 649.5831 1085.8376 1376.3792 1181.3593 373.665 727.0696 6413.0955 2324.9754;
	1875.4845 1300.7123 2140.6 655.5338 1079.0246 1476.9291 1191.052 389.3847 717.9736 6233.0923 2221.9931;
	1786.5 1212.3229 2003.5791 644.3 1006.4003 1404.721 1132.5363 370.9312 673.6996 6020.7628 2055.1224;
	1677.3553 1139.4 1898.3088 620.0365 939.2185 1266.5913 1033.308 346.8 606.169 5600.0419 1891.025;
	1547.407 1049.8578 1774.0138 614.383 871.3765 1198.957 950.302 318.6949 580.7167 5170.7647 1733.4923;
	1515.5 1009.8 1836.4999 614.8857 847.8413 1142.4257 840.2382 301.2544 504.8117 4863.2868 1527.9749;
	1475.1942 982.6 1750.5023 608.6358 827.5098 1123.6682 784.1436 293.0438 466.8738 4698.4632 1631.2217;
];
