function solarprofile = ex_solar_profilesh1
%EX_WIND_PROFILE_D  Example wind_load_nyiso profile data for deterministic unit commitment.
% 2022.03.12
% Andres F. Ramirez


%% define constants
[GEN_BUS, PG, QG, QMAX, QMIN, VG, MBASE, GEN_STATUS, PMAX, PMIN, ...
    MU_PMAX, MU_PMIN, MU_QMAX, MU_QMIN, PC1, PC2, QC1MIN, QC1MAX, ...
    QC2MIN, QC2MAX, RAMP_AGC, RAMP_10, RAMP_30, RAMP_Q, APF] = idx_gen;
[CT_LABEL, CT_PROB, CT_TABLE, CT_TBUS, CT_TGEN, CT_TBRCH, CT_TAREABUS, ...
    CT_TAREAGEN, CT_TAREABRCH, CT_ROW, CT_COL, CT_CHGTYPE, CT_REP, ...
    CT_REL, CT_ADD, CT_NEWVAL, CT_TLOAD, CT_TAREALOAD, CT_LOAD_ALL_PQ, ...
    CT_LOAD_FIX_PQ, CT_LOAD_DIS_PQ, CT_LOAD_ALL_P, CT_LOAD_FIX_P, ...
    CT_LOAD_DIS_P, CT_TGENCOST, CT_TAREAGENCOST, CT_MODCOST_F, ...
    CT_MODCOST_X] = idx_ct;

solarprofile = struct( ...
    'type', 'mpcData', ...
    'table', CT_TGEN, ...
    'rows', [1:12], ...
    'col', PMAX, ...
    'chgtype', 1, ...
    'values', [] );
solarprofile.values(:,1,:) = [
	0.0 0.0 0.0 0.0 0.0 0.0 0.0 0.0 0.0 0.0 0.0 0.0;
	0.0 0.0 0.0 0.0 0.0 0.0 0.0 0.0 0.0 0.0 0.0 0.0;
	0.0 0.0 0.0 0.0 0.0 0.0 0.0 0.0 0.0 0.0 0.0 0.0;
	0.0 0.0 0.0 0.0 0.0 0.0 0.0 0.0 0.0 0.0 0.0 0.0;
	0.0 0.0 0.0 0.0 0.0 0.0 0.0 0.0 0.0 0.0 0.0 0.0;
	0.1575 0.1621 0.24 0.0 0.0 0.0 0.0 0.0 0.0 0.0 0.0 0.0;
	3.7165 6.683 3.2644 1.0347 0.7998 92.2029 11.5254 6.0558 70.9978 41.5564 21.9864 75.2589;
	13.174 13.7921 11.1911 2.2822 1.9273 299.6447 37.4556 27.3883 168.2506 73.5498 25.0569 133.1991;
	22.801 16.6083 13.8043 4.0088 2.9171 353.4671 44.1834 38.9558 181.5058 84.4956 44.782 153.022;
	25.9779 16.474 13.9279 3.6931 3.5213 285.9471 35.7434 23.9336 116.0671 76.3411 35.7367 138.2542;
	26.1544 16.5326 13.7918 4.7439 4.7603 285.8303 35.7288 27.306 109.2983 219.8477 72.9228 398.1456;
	26.0054 16.5331 13.7863 5.4948 5.496 269.5932 33.6991 42.3271 119.9932 279.1002 98.2142 505.4521;
	25.84 16.5546 13.7855 7.2815 8.7909 361.8058 45.2257 67.8177 193.3298 343.2634 172.5766 621.652;
	23.4252 16.3881 13.7008 5.4349 7.5954 363.7758 45.472 69.8901 185.7179 336.3715 134.6546 609.1709;
	21.2109 15.5458 12.5881 2.5502 5.1801 341.3033 42.6629 67.6037 156.5103 248.5021 41.431 450.0388;
	17.8058 13.3471 8.459 1.0697 7.0981 297.0678 37.1335 54.8548 139.3809 84.5019 15.0449 153.0335;
	1.3227 1.34 0.7333 1.5216 3.4199 67.3519 8.419 14.3968 40.5208 65.5747 37.101 118.7563;
	0.0 0.0 0.0 0.0 0.0 0.0 0.0 0.0 0.0 0.0 0.0 0.0;
	0.0 0.0 0.0 0.0 0.0 0.0 0.0 0.0 0.0 0.0 0.0 0.0;
	0.0 0.0 0.0 0.0 0.0 0.0 0.0 0.0 0.0 0.0 0.0 0.0;
	0.0 0.0 0.0 0.0 0.0 0.0 0.0 0.0 0.0 0.0 0.0 0.0;
	0.0 0.0 0.0 0.0 0.0 0.0 0.0 0.0 0.0 0.0 0.0 0.0;
	0.0 0.0 0.0 0.0 0.0 0.0 0.0 0.0 0.0 0.0 0.0 0.0;
	0.0 0.0 0.0 0.0 0.0 0.0 0.0 0.0 0.0 0.0 0.0 0.0;
];
