function windprofile = ex_wind_profilesh1
%EX_WIND_PROFILE_D  Example wind_load_nyiso profile data for deterministic unit commitment.
% 2022.03.12
% Andres F. Ramirez


%% define constants
[GEN_BUS, PG, QG, QMAX, QMIN, VG, MBASE, GEN_STATUS, PMAX, PMIN, ...
    MU_PMAX, MU_PMIN, MU_QMAX, MU_QMIN, PC1, PC2, QC1MIN, QC1MAX, ...
    QC2MIN, QC2MAX, RAMP_AGC, RAMP_10, RAMP_30, RAMP_Q, APF] = idx_gen;
[CT_LABEL, CT_PROB, CT_TABLE, CT_TBUS, CT_TGEN, CT_TBRCH, CT_TAREABUS, ...
    CT_TAREAGEN, CT_TAREABRCH, CT_ROW, CT_COL, CT_CHGTYPE, CT_REP, ...
    CT_REL, CT_ADD, CT_NEWVAL, CT_TLOAD, CT_TAREALOAD, CT_LOAD_ALL_PQ, ...
    CT_LOAD_FIX_PQ, CT_LOAD_DIS_PQ, CT_LOAD_ALL_P, CT_LOAD_FIX_P, ...
    CT_LOAD_DIS_P, CT_TGENCOST, CT_TAREAGENCOST, CT_MODCOST_F, ...
    CT_MODCOST_X] = idx_ct;

windprofile = struct( ...
    'type', 'mpcData', ...
    'table', CT_TGEN, ...
    'rows', [1:45], ...
    'col', PMAX, ...
    'chgtype', 1, ...
    'values', [] );
windprofile.values(:,1,:) = [
	3.6112 48.7959 88.5261 108.1041 14.3507 31.9702 24.6345 11.4386 23.706 21.4576 39.664 59.1708 89.0814 68.3722 187.4613 70.625 87.6273 92.8588 84.6765 72.7191 8.2115 74.597 65.0479 86.1185 94.0221 53.8102 8.1996 1101.6056 743.5556 743.5556 699.1136 115.5208 282.255 187.1792 214.356 317.2504 1103.3101 287.0317 362.2463 251.8449 112.2227 354.6556 191.1633 227.1415 1114.8029;
	3.6068 48.736 88.1413 107.666 13.9894 31.1509 25.9886 11.4908 25.008 20.5729 38.0286 56.7312 85.4086 68.0207 189.3022 71.3185 88.4878 93.7706 85.0086 71.6397 8.6629 72.6855 67.5764 85.1762 95.8052 63.6428 8.0728 1162.6986 769.0691 769.0691 756.2257 116.0743 283.3619 184.4007 213.2542 328.1361 1209.5692 283.3242 417.0148 256.6211 113.6538 345.5674 192.33 237.1022 1222.1688;
	3.593 48.5499 86.7101 95.7427 14.1955 31.4756 24.5389 9.4831 25.8702 21.827 40.3468 60.1895 90.6149 67.9565 192.4579 72.5074 89.9629 95.3338 87.613 73.0239 8.1796 73.4432 65.4232 84.4805 80.2259 63.1029 8.3975 1176.2852 786.95 786.95 750.5517 114.0554 292.0434 187.9638 213.0528 335.7654 1192.781 259.074 434.9606 214.8909 111.4397 349.1697 174.5248 234.0735 1205.2058;
	3.4605 46.7583 87.3413 100.1334 14.2166 30.9853 21.1267 10.8508 23.6221 21.3788 39.5184 58.9537 88.7545 67.1854 193.1541 72.7697 90.2883 95.6787 88.4632 72.714 7.0422 72.299 65.7995 88.1512 85.4019 58.6867 8.0544 1130.2607 816.4443 816.4443 767.8256 117.3266 294.8773 187.1661 210.6354 348.3495 1221.565 261.984 368.5182 228.755 99.7417 343.7302 177.6237 236.9842 1234.2896;
	3.6004 48.6491 86.8482 87.1145 14.7887 30.9882 18.2282 10.2648 21.1104 24.1879 44.711 66.7001 100.4166 69.4949 188.9293 71.178 88.3135 93.5859 87.4371 70.3835 6.0761 72.3059 69.3964 89.639 78.1073 56.8077 7.9595 1109.4494 802.1721 802.1721 731.3676 114.3836 291.4568 181.1673 217.8759 342.2601 1161.8012 254.8892 338.8625 209.2161 104.8198 343.7627 189.9952 224.6416 1173.9033;
	3.6362 49.1336 82.4556 78.6632 14.9448 29.8522 17.233 7.5865 24.0639 27.3117 50.4852 75.314 113.3849 69.7346 202.0559 76.1234 94.4494 100.0882 92.3338 73.4326 5.7443 69.6552 71.3183 86.0636 58.058 41.7056 6.0898 1158.9675 764.7518 764.7518 719.8233 105.8248 307.7795 189.0157 218.6273 326.2941 1200.0872 238.3549 364.8013 155.5125 83.7768 331.1606 182.2244 177.1733 1212.5881;
	3.4029 45.981 74.6345 67.0761 15.0265 31.1337 15.0966 6.4841 18.2451 26.1732 48.3808 72.1746 108.6585 69.647 200.9218 75.6961 93.9192 99.5264 90.1308 73.5585 5.0322 72.6453 69.0264 83.0588 53.348 33.1169 5.0339 1154.8103 740.511 740.511 593.5956 72.3787 300.4361 189.3397 218.3529 315.9514 1153.3071 210.1361 283.3994 142.8966 83.2818 345.3764 160.6898 124.0951 1165.3207;
	3.57 48.2387 73.3967 73.7777 14.9794 30.0636 15.6744 6.5697 15.443 22.3537 41.3205 61.6421 92.8018 69.3675 199.8522 75.2932 93.4193 98.9966 91.5334 73.3871 5.2248 70.1484 58.6504 83.8092 61.256 25.0964 4.3128 1161.6282 727.1544 727.1544 663.1463 70.5809 305.1112 188.8987 217.4763 310.2525 1139.0873 217.8763 250.0363 164.0786 82.6792 333.5057 149.8672 137.078 1150.9528;
	2.9485 39.8402 58.1488 64.1675 14.5448 26.1843 15.2515 4.3099 19.9118 21.0573 38.9241 58.0671 87.4197 67.7083 189.3529 71.3376 88.5115 93.7957 91.4501 72.8063 5.0838 61.0967 50.9988 73.7492 54.7219 16.8961 2.7638 1179.5515 819.8273 819.8273 781.554 97.0225 304.8338 187.4036 212.2746 349.793 1151.7018 264.3724 245.3558 146.5766 51.8084 290.4714 148.2255 150.4941 1163.6987;
	2.6449 35.738 45.3951 59.2197 14.5089 21.7393 19.5524 1.8334 22.5081 18.6518 34.4775 51.4337 77.4331 67.7756 183.7975 69.2446 85.9146 91.0439 92.2733 71.6365 6.5175 50.7251 44.1927 52.2459 31.4252 6.7233 1.0328 1050.0548 795.084 795.084 764.3625 110.0374 307.5777 184.3926 212.4856 339.2358 1121.6023 250.8301 370.5407 84.1746 32.881 241.1615 141.247 119.7854 1133.2856;
	2.1934 29.6375 33.389 41.6212 13.7074 16.1518 19.1645 0.5539 19.6677 14.2809 26.3981 39.3808 59.2875 67.7793 185.7012 69.9618 86.8045 91.9869 88.8351 72.5723 6.3882 37.6876 32.0088 34.5945 19.6522 3.8827 0.7226 1151.7186 807.7241 807.7241 762.7604 106.3573 296.117 186.8012 212.4971 344.629 1152.0742 247.9718 391.6844 52.6397 32.0 179.1777 103.3649 92.7518 1164.0749;
	1.546 20.8897 25.1469 24.9196 10.1376 10.9152 19.7454 0.9059 18.163 13.0452 24.1139 35.9732 54.1575 67.4397 188.3282 70.9515 88.0325 93.2881 90.1206 72.8641 6.5818 25.4688 36.4526 31.405 17.5295 5.2217 0.8527 1019.5949 765.7333 765.7333 733.2732 105.8651 300.4019 187.5523 211.4324 326.7129 1108.7274 219.3738 396.8801 46.9539 28.2011 121.0862 75.0613 80.2864 1120.2767;
	1.0705 14.4655 24.6474 23.4256 9.0172 7.3672 18.6355 0.8037 15.5944 13.2854 24.5579 36.6356 55.1547 65.2062 189.372 71.3448 88.5204 93.8052 89.1475 70.5043 6.2118 17.1902 39.4739 34.0457 19.2911 7.79 1.6927 996.3274 789.8475 789.8475 742.8153 103.3938 297.1582 181.4783 204.4303 337.0016 1116.7509 230.5569 419.8343 51.6727 30.2619 81.7272 56.0311 56.9007 1128.3837;
	0.8512 11.5013 22.018 29.6117 7.948 7.4522 13.9746 1.6414 12.7855 15.5709 28.7826 42.9379 64.6428 64.3821 190.2645 71.681 88.9376 94.2473 87.0698 69.8218 4.6582 17.3885 49.8877 37.3402 23.0303 10.0193 2.7509 1024.4597 761.0658 761.0658 723.3323 98.1256 290.2325 179.7214 201.8467 324.7214 978.9031 233.5907 412.7811 61.6884 32.199 82.67 43.7847 58.5493 989.1;
	0.8107 10.9537 13.2182 0.0 5.1444 6.5223 11.7864 1.2684 11.6084 6.5885 12.1787 18.1683 27.3523 65.5971 179.6994 67.7007 83.999 89.0139 76.3748 66.1011 3.9288 15.2187 47.2287 46.062 21.6477 5.4781 2.339 905.1887 657.2239 657.2239 608.1491 83.4617 254.5827 170.1444 205.6559 280.4155 881.4695 211.9737 329.5792 57.9849 27.2699 72.354 37.5183 36.6502 890.6514;
	0.9685 13.0867 13.6363 27.431 6.7537 0.7834 6.2957 1.0505 7.9093 10.9932 20.3207 30.3146 45.6384 66.6672 173.8051 65.4801 81.2438 86.0941 80.3005 67.0341 2.0986 1.8278 39.4459 40.2815 22.9122 2.9327 1.9311 984.3822 558.7749 558.7749 552.4738 83.0726 267.6682 172.5459 209.0107 238.4106 698.4711 197.3962 233.9903 61.3719 29.3768 8.69 52.5508 20.3813 705.7468;
	0.6757 9.1298 0.0351 4.6779 6.4694 0.6683 4.2501 0.1252 12.5151 14.2471 26.3355 39.2874 59.147 64.1777 155.3778 58.5377 72.6301 76.9662 76.6753 60.5124 1.4167 1.5594 36.2841 38.0401 16.2652 3.599 1.4771 850.9282 537.4983 537.4983 553.6315 84.6056 255.5843 155.7591 201.2056 229.3326 809.2923 191.1517 236.5271 43.5676 35.1387 7.4137 21.3856 21.8231 817.7225;
	1.773 23.9574 10.7598 30.0857 3.4298 8.5556 14.5498 5.4774 26.7979 18.7601 34.6778 51.7324 77.8829 68.5134 116.486 43.8854 54.4505 57.7012 81.8268 50.5887 4.8499 19.963 52.7373 36.5557 17.0934 3.6698 2.0245 786.5676 583.6541 583.6541 629.7527 93.3726 272.756 130.2154 214.7987 249.0257 822.0398 218.6494 359.03 45.7859 79.2214 94.9099 76.0878 138.5557 830.6027;
