function windprofile = ex_wind_profilesh1
%EX_WIND_PROFILE_D  Example wind_load_nyiso profile data for deterministic unit commitment.
% 2022.03.12
% Andres F. Ramirez


%% define constants
[GEN_BUS, PG, QG, QMAX, QMIN, VG, MBASE, GEN_STATUS, PMAX, PMIN, ...
    MU_PMAX, MU_PMIN, MU_QMAX, MU_QMIN, PC1, PC2, QC1MIN, QC1MAX, ...
    QC2MIN, QC2MAX, RAMP_AGC, RAMP_10, RAMP_30, RAMP_Q, APF] = idx_gen;
[CT_LABEL, CT_PROB, CT_TABLE, CT_TBUS, CT_TGEN, CT_TBRCH, CT_TAREABUS, ...
    CT_TAREAGEN, CT_TAREABRCH, CT_ROW, CT_COL, CT_CHGTYPE, CT_REP, ...
    CT_REL, CT_ADD, CT_NEWVAL, CT_TLOAD, CT_TAREALOAD, CT_LOAD_ALL_PQ, ...
    CT_LOAD_FIX_PQ, CT_LOAD_DIS_PQ, CT_LOAD_ALL_P, CT_LOAD_FIX_P, ...
    CT_LOAD_DIS_P, CT_TGENCOST, CT_TAREAGENCOST, CT_MODCOST_F, ...
    CT_MODCOST_X] = idx_ct;

windprofile = struct( ...
    'type', 'mpcData', ...
    'table', CT_TGEN, ...
    'rows', [1:45], ...
    'col', PMAX, ...
    'chgtype', 1, ...
    'values', [] );
windprofile.values(:,1,:) = [
	3.8064 51.4333 91.5015 108.2597 15.3144 32.5986 26.9529 12.8315 26.9763 29.1606 53.9029 80.4126 121.0607 68.6811 128.6279 48.4598 60.1261 63.7157 78.7798 62.0257 8.9843 76.0633 71.6375 88.6476 97.6297 68.6412 9.5046 1151.1741 773.0449 773.0449 657.0881 99.0236 262.5992 159.6543 215.3246 329.8325 1120.1577 275.3151 460.0703 261.5081 114.8279 361.6266 200.3519 249.1582 1131.826;
	3.8043 51.4039 87.7863 104.1579 15.2705 31.9231 26.9193 11.8922 27.5957 28.6196 52.9029 78.9207 118.8146 68.7659 162.0324 61.0447 75.7407 80.2625 78.8897 63.874 8.9731 74.4873 74.4742 87.3434 96.9893 65.3309 7.7826 1216.179 806.8335 806.8335 736.076 109.3168 262.9657 164.4118 215.5903 344.249 1219.1534 270.1056 453.174 259.7929 115.567 354.1341 199.9294 239.5953 1231.8529;
	3.7795 51.0689 90.0275 92.8557 15.1999 32.2621 24.1426 11.4402 26.8377 28.5336 52.7439 78.6835 118.4576 65.497 177.6297 66.9209 83.0315 87.9887 87.02 66.7505 8.0475 75.2781 71.7752 89.1034 90.1839 64.6735 8.8205 1201.5209 808.2687 808.2687 729.6695 111.6902 290.0668 171.8161 205.3421 344.8613 1172.5672 268.6156 454.9529 241.5641 115.4583 357.8937 178.379 257.1914 1184.7815;
	3.8198 51.6143 91.1026 100.0084 15.0058 33.0283 21.1233 12.2659 26.4987 28.99 53.5876 79.9422 120.3526 62.8053 174.7069 65.8198 81.6653 86.5408 88.2468 65.3073 7.0411 77.066 70.4972 88.9981 88.0247 61.0488 8.8622 1245.6822 828.443 828.443 726.7104 115.6157 294.1559 168.1011 196.9031 353.469 1223.3441 271.5518 440.6004 235.7805 113.8682 366.3938 201.2339 260.6751 1236.0873;
	3.8656 52.2332 89.5383 89.893 15.2482 33.6751 17.876 10.6973 22.2481 29.4854 54.5033 81.3082 122.4091 65.1392 187.6566 70.6985 87.7186 92.9555 90.0771 67.887 5.9587 78.5753 73.6123 88.775 78.2527 59.6495 8.4408 1248.2616 806.4759 806.4759 672.2742 103.2706 300.2569 174.7414 204.2202 344.0964 1160.5235 254.7291 388.2964 209.6055 112.3676 373.5694 209.1065 244.5475 1172.6122;
	3.9054 52.7706 85.7514 80.3735 15.3619 33.4137 16.5352 7.5617 24.6174 29.1424 53.8692 80.3623 120.985 64.9044 192.6237 72.5699 90.0404 95.4159 92.2198 68.9261 5.5117 77.9652 72.6836 84.9563 56.8077 38.2572 5.9346 1221.6921 754.8613 754.8613 605.9896 90.4223 307.3993 177.4159 203.4842 322.0742 1148.4544 224.6996 360.4836 152.1635 95.7452 370.6691 208.3045 199.6811 1160.4174;
	3.5555 48.0428 74.2985 62.551 15.0916 30.0299 14.4419 4.7406 19.1309 28.2606 52.2393 77.9308 117.3244 65.683 190.6537 71.8277 89.1195 94.4401 91.5184 69.5648 4.814 70.0697 71.4472 76.0954 44.0697 25.1691 4.2905 1226.3177 727.0345 727.0345 537.9087 58.1322 305.0613 179.06 205.9252 310.2014 1118.0602 200.2896 291.4678 118.0439 79.3072 333.1312 162.7168 141.1241 1129.7066;
	3.6805 49.7315 72.3927 69.136 14.837 28.9363 16.2782 3.8687 16.1693 23.6741 43.7612 65.283 98.2832 66.0833 192.7473 72.6164 90.0982 95.4771 92.5546 68.3931 5.4261 67.518 57.2336 80.3363 53.832 18.0125 3.3624 1206.2482 731.197 731.197 643.3389 59.6477 308.5153 176.0441 207.1802 311.9774 1138.0868 213.7622 275.8182 144.193 71.8386 320.9998 148.066 141.9109 1149.9419;
	3.1034 41.9342 60.788 62.7865 14.5632 24.2036 16.2491 2.4479 20.4223 21.3532 39.471 58.883 88.6481 66.309 179.5457 67.6428 83.9272 88.9378 92.2917 67.1705 5.4164 56.475 50.8862 78.476 49.8317 10.3406 2.2987 1221.472 810.0766 810.0766 765.3421 82.6163 307.6391 172.8971 207.8876 345.6327 1138.508 242.0808 256.4952 133.4778 46.3957 268.4985 142.6255 160.3628 1150.3675;
	2.7943 37.7573 45.6834 53.935 14.4413 17.0044 19.8316 0.7273 20.0533 17.5048 32.3574 48.2708 72.6715 67.3266 164.591 62.0087 76.9367 81.53 91.7413 61.8986 6.6105 39.677 41.6469 62.4547 25.9687 1.7133 1.0929 1127.3833 804.7621 804.7621 778.7301 106.4759 305.8042 159.3272 211.0779 343.3652 1149.4367 242.7834 369.1309 69.559 29.8407 188.6356 131.0434 126.2832 1161.41;
	2.2958 31.021 33.8815 40.5068 13.2721 13.2947 19.0375 0.7401 19.6023 15.7499 29.1134 43.4314 65.3858 66.4647 171.1523 64.4806 80.0038 84.7801 92.2421 71.0846 6.3458 31.021 36.7816 52.2481 21.522 2.3055 1.0941 1125.2533 786.6935 786.6935 744.723 98.3769 307.4737 182.972 208.376 335.6559 1067.274 243.6475 396.0032 57.6483 29.7512 147.4826 92.1932 92.0687 1078.3915;
	1.4529 19.6324 20.8579 16.1892 8.4029 5.9122 18.8151 0.7139 15.255 13.6486 25.2292 37.637 56.6624 59.7687 170.2055 64.1239 79.5612 84.3111 90.3947 66.8885 6.2717 13.7951 40.0973 33.6062 15.41 0.6501 1.0928 994.6898 697.916 697.916 711.713 103.058 301.3155 172.1712 187.3828 297.7775 1004.3502 220.7588 373.0308 41.2768 8.4189 65.5857 61.5482 68.7416 1014.8122;
	0.9582 12.9476 24.9573 24.1663 7.0686 4.4485 16.9968 1.4141 11.8624 11.3486 20.9777 31.2946 47.1138 55.6858 170.9737 64.4133 79.9202 84.6916 86.9155 62.9046 5.6656 10.3798 36.4141 35.2099 19.7491 7.0459 2.4355 968.9853 715.7758 715.7758 685.2449 93.8932 289.7183 161.9166 174.5824 305.3977 985.8616 218.9742 358.405 52.8992 6.1155 49.3487 47.0511 51.0569 996.131;
	0.8529 11.525 23.6101 29.6139 7.2269 7.2636 14.2971 1.9943 10.7382 15.2901 28.2636 42.1637 63.4772 63.5569 184.1767 69.3875 86.0919 91.2317 85.8778 67.3667 4.7657 16.9483 50.103 39.8971 23.4812 9.8269 3.6297 990.5998 687.2665 687.2665 710.6869 91.5676 286.2593 173.4022 199.2593 293.2337 909.5111 216.3112 399.9172 62.8962 29.7673 80.5772 36.9376 61.4562 918.9852;
	0.9565 12.9241 25.6797 20.3271 5.7938 7.7392 13.0075 2.1571 12.701 16.5579 30.607 45.6597 68.7404 63.9017 177.242 66.7749 82.8503 87.7966 77.1907 67.3485 4.3358 18.0581 56.8088 48.4725 25.9191 6.0601 3.8448 901.2479 670.7789 670.7789 652.402 78.4944 257.3025 173.3553 200.3404 286.199 848.7762 198.5425 363.8999 69.4261 29.2809 85.8533 34.4409 56.8049 857.6176;
	0.9025 12.1952 17.1088 27.2888 6.7928 0.0 7.0777 1.0444 9.0911 14.2758 26.3886 39.3667 59.2663 64.5747 173.4159 65.3334 81.0618 85.9014 78.1113 66.5429 2.3592 0.0 53.2551 40.8976 20.0321 1.7677 2.2673 887.7989 546.9101 546.9101 572.0947 79.6486 260.3711 171.2815 202.4506 233.3483 661.1835 195.7187 261.8211 53.6573 29.8774 0.0 2.7552 15.6396 668.0708;
	0.6334 8.5582 12.6706 13.1859 6.5129 4.0983 7.0506 0.0386 11.5427 15.3945 28.4566 42.4516 63.9106 63.0685 171.1378 64.4752 79.997 84.7729 84.1103 64.5971 2.3502 9.5626 53.1024 42.1922 15.3142 6.2342 1.6495 812.0489 557.4264 557.4264 588.5826 79.3156 280.3677 166.273 197.7282 237.8353 780.2805 192.4293 262.5949 41.0202 34.2456 45.4634 5.987 14.8704 788.4084;
	1.1598 15.6711 14.1978 26.5814 2.8494 1.4262 17.2149 0.0015 8.3075 19.3836 35.8303 53.4518 80.4714 67.7329 141.4313 53.2834 66.1109 70.0578 85.4771 55.5772 5.7383 3.3278 69.4574 37.4874 13.9209 2.8551 1.5656 752.0791 584.2311 584.2311 655.1957 89.9145 284.9237 143.056 212.3519 249.2719 784.6823 219.8426 391.1813 37.288 75.0061 15.8213 16.2253 48.3863 792.8561;
	0.6004 8.1132 24.7621 40.6902 4.1582 1.3126 8.7018 1.6479 0.9252 18.8573 34.8575 52.0005 78.2864 66.9523 120.044 45.2259 56.1136 59.4636 20.5151 64.1878 2.9006 3.0628 66.024 45.7422 20.1374 4.7406 1.962 795.8247 534.1822 534.1822 639.7543 88.2799 68.3836 165.2195 209.9045 227.9178 701.4961 204.0585 361.4493 53.9395 88.4384 14.5612 58.8801 5.2346 708.8033;
