function solarprofile = ex_solar_profilesh1
%EX_WIND_PROFILE_D  Example wind_load_nyiso profile data for deterministic unit commitment.
% 2022.03.12
% Andres F. Ramirez


%% define constants
[GEN_BUS, PG, QG, QMAX, QMIN, VG, MBASE, GEN_STATUS, PMAX, PMIN, ...
    MU_PMAX, MU_PMIN, MU_QMAX, MU_QMIN, PC1, PC2, QC1MIN, QC1MAX, ...
    QC2MIN, QC2MAX, RAMP_AGC, RAMP_10, RAMP_30, RAMP_Q, APF] = idx_gen;
[CT_LABEL, CT_PROB, CT_TABLE, CT_TBUS, CT_TGEN, CT_TBRCH, CT_TAREABUS, ...
    CT_TAREAGEN, CT_TAREABRCH, CT_ROW, CT_COL, CT_CHGTYPE, CT_REP, ...
    CT_REL, CT_ADD, CT_NEWVAL, CT_TLOAD, CT_TAREALOAD, CT_LOAD_ALL_PQ, ...
    CT_LOAD_FIX_PQ, CT_LOAD_DIS_PQ, CT_LOAD_ALL_P, CT_LOAD_FIX_P, ...
    CT_LOAD_DIS_P, CT_TGENCOST, CT_TAREAGENCOST, CT_MODCOST_F, ...
    CT_MODCOST_X] = idx_ct;

solarprofile = struct( ...
    'type', 'mpcData', ...
    'table', CT_TGEN, ...
    'rows', [1:12], ...
    'col', PMAX, ...
    'chgtype', 1, ...
    'values', [] );
solarprofile.values(:,1,:) = [
	0.0 0.0 0.0 0.0 0.0 0.0 0.0 0.0 0.0 0.0 0.0 0.0;
	0.0 0.0 0.0 0.0 0.0 0.0 0.0 0.0 0.0 0.0 0.0 0.0;
	0.0 0.0 0.0 0.0 0.0 0.0 0.0 0.0 0.0 0.0 0.0 0.0;
	0.0 0.0 0.0 0.0 0.0 0.0 0.0 0.0 0.0 0.0 0.0 0.0;
	0.0 0.0 0.0 0.0 0.0 0.0 0.0 0.0 0.0 0.0 0.0 0.0;
	0.1575 0.1621 0.24 0.0 0.0 0.0 0.0 0.0 0.0 0.0 0.0 0.0;
	5.4639 1.3425 4.6913 1.4301 0.7569 55.6418 6.9552 28.3211 62.1949 22.1606 22.3169 40.133;
	18.8438 13.0083 13.5274 3.7949 3.0576 271.6192 33.9524 51.1354 131.6924 124.8617 58.5656 226.1252;
	25.4976 16.6862 14.3248 6.9469 4.5552 344.6238 43.078 52.345 168.7624 231.7232 102.1319 419.6522;
	27.151 17.0687 14.3568 8.0655 4.3582 384.0362 48.0045 49.6792 182.0342 286.337 141.7182 518.5581;
	27.03 16.9204 14.2178 6.5698 5.4379 349.7419 43.7177 50.968 195.222 289.4236 178.9046 524.1478;
	26.5918 16.6992 13.8981 5.871 6.6977 301.0173 37.6272 53.9684 185.6236 289.3905 195.2851 524.0879;
	25.8398 16.5546 13.7855 9.6909 11.9718 394.0263 49.2533 71.4078 189.5108 345.3145 253.8452 625.3666;
	22.9564 16.3881 13.7008 10.1064 11.7438 414.9346 51.8668 71.909 163.0619 343.8995 232.6011 622.804;
	17.2931 13.8315 11.5953 9.994 11.1927 418.2128 52.2766 70.436 142.9643 335.9297 194.0998 608.3707;
	8.8018 6.287 5.8974 9.5154 13.3173 406.4425 50.8053 59.8588 161.8825 254.8339 127.906 461.5057;
	0.9933 0.7931 0.6866 1.6111 4.6727 65.4751 8.1844 12.653 40.1636 67.1801 39.7349 121.6635;
	0.0 0.0 0.0 0.0 0.0 0.0 0.0 0.0 0.0 0.0 0.0 0.0;
	0.0 0.0 0.0 0.0 0.0 0.0 0.0 0.0 0.0 0.0 0.0 0.0;
	0.0 0.0 0.0 0.0 0.0 0.0 0.0 0.0 0.0 0.0 0.0 0.0;
	0.0 0.0 0.0 0.0 0.0 0.0 0.0 0.0 0.0 0.0 0.0 0.0;
	0.0 0.0 0.0 0.0 0.0 0.0 0.0 0.0 0.0 0.0 0.0 0.0;
	0.0 0.0 0.0 0.0 0.0 0.0 0.0 0.0 0.0 0.0 0.0 0.0;
	0.0 0.0 0.0 0.0 0.0 0.0 0.0 0.0 0.0 0.0 0.0 0.0;
];
