function loadprofile = ex_load_profilesh1
%EX_LOAD_PROFILE  Example load profile data file for stochastic unit commitment.
% 2022.03.12
% Andres F. Ramirez

%% define constants
[CT_LABEL, CT_PROB, CT_TABLE, CT_TBUS, CT_TGEN, CT_TBRCH, CT_TAREABUS, ...
    CT_TAREAGEN, CT_TAREABRCH, CT_ROW, CT_COL, CT_CHGTYPE, CT_REP, ...
    CT_REL, CT_ADD, CT_NEWVAL, CT_TLOAD, CT_TAREALOAD, CT_LOAD_ALL_PQ, ...
    CT_LOAD_FIX_PQ, CT_LOAD_DIS_PQ, CT_LOAD_ALL_P, CT_LOAD_FIX_P, ...
    CT_LOAD_DIS_P, CT_TGENCOST, CT_TAREAGENCOST, CT_MODCOST_F, ...
    CT_MODCOST_X] = idx_ct;

loadprofile = struct( ...
    'type', 'mpcData', ...
    'table', CT_TAREALOAD, ...
    'rows', [1:11], ...
    'col', CT_LOAD_ALL_P, ...
    'chgtype', 1, ...
    'values', [] );
loadprofile.values(:,1,:) = [
	1568.7608 966.3821 1675.3795 552.8053 872.0007 1246.9141 924.7658 266.0853 520.8792 4657.8885 1771.855;
	1577.1328 961.5192 1648.764 546.9941 867.164 1205.5406 914.4591 280.5 515.2 4516.7561 1733.8;
	1578.3573 973.1408 1681.9 551.6882 870.5554 1227.7712 927.876 281.2767 524.5 4559.188 1746.2117;
	1630.8 1033.438 1800.5197 575.8 952.3431 1292.2 963.6444 319.2 542.2667 4772.2979 1848.0157;
	1788.6285 1148.5207 2017.3594 621.1357 1058.8568 1464.0258 1070.2816 359.1 638.9 5372.3059 2112.6837;
	1905.656 1226.8598 2136.4 631.2122 1117.6004 1522.6629 1148.7 402.4547 720.1951 5971.5527 2288.8831;
	1967.5931 1245.2179 2149.0 622.97 1131.6 1523.4078 1178.0902 392.4 721.8033 6223.7 2272.9003;
	1964.0733 1271.7611 2131.2859 626.1665 1144.7335 1542.5409 1197.9232 404.0601 731.9959 6575.8156 2318.7193;
	1953.5566 1278.8195 2140.0471 612.6048 1147.5384 1533.6541 1190.8665 419.2101 744.8859 6608.2886 2280.6645;
	1947.9319 1263.1 2137.4694 592.0205 1148.3239 1526.463 1187.1343 407.2694 739.8867 6651.6623 2309.9987;
	1904.2098 1244.3442 2101.9894 591.244 1130.9 1511.1001 1199.3577 389.3485 732.5571 6650.3893 2316.6036;
	1914.7356 1228.2959 2084.806 577.6704 1104.24 1500.4636 1176.8919 391.2254 723.9201 6678.5828 2458.8012;
	1887.2064 1220.8204 2066.8375 570.9151 1083.6174 1463.4491 1186.2233 377.1295 706.1993 6612.2205 2513.8127;
	1870.4 1177.8612 1993.9389 568.9603 1056.3697 1435.1944 1183.6062 373.9088 698.3787 6478.8283 2608.8493;
	1835.3006 1175.2607 1992.596 573.5198 1079.642 1410.8819 1100.6733 361.5 679.7966 6410.6061 2427.1661;
	1827.5655 1186.9132 2055.5 578.302 1084.1178 1486.9341 1144.7 367.6642 684.4694 6463.3824 2467.1894;
	1854.6436 1193.0905 2086.5382 595.0366 1108.5206 1523.4 1164.1007 382.6975 683.1913 6336.6642 2543.722;
	1889.7844 1235.0281 2158.1523 610.0221 1155.9099 1598.1449 1219.0733 388.3309 725.4844 6388.1183 2673.4273;
	1909.9822 1245.4615 2140.6 593.1874 1136.9208 1558.3319 1208.6373 379.2983 705.32 6251.2763 2550.3885;
	1910.9693 1189.1 2031.6573 553.3018 1074.4203 1498.1476 1141.9019 360.5 668.6531 5783.9129 2399.2304;
	1813.9964 1102.1856 1930.3 567.2162 1038.3151 1394.8 1064.2208 338.9183 631.6535 5634.4972 2219.1906;
	1713.1913 1026.0 1788.5119 577.5783 938.9876 1277.1906 991.4792 300.232 571.1193 5059.2027 1950.5697;
	1640.0 996.2357 1705.6564 585.5966 907.8139 1182.3702 926.2172 282.3277 537.7391 4730.7336 1839.9;
	1633.011 979.7 1711.4111 593.0425 910.9345 1176.8075 895.5038 278.7755 511.8384 4360.2455 1752.5223;
];
