function solarprofile = ex_solar_profilesh1
%EX_WIND_PROFILE_D  Example wind_load_nyiso profile data for deterministic unit commitment.
% 2022.03.12
% Andres F. Ramirez


%% define constants
[GEN_BUS, PG, QG, QMAX, QMIN, VG, MBASE, GEN_STATUS, PMAX, PMIN, ...
    MU_PMAX, MU_PMIN, MU_QMAX, MU_QMIN, PC1, PC2, QC1MIN, QC1MAX, ...
    QC2MIN, QC2MAX, RAMP_AGC, RAMP_10, RAMP_30, RAMP_Q, APF] = idx_gen;
[CT_LABEL, CT_PROB, CT_TABLE, CT_TBUS, CT_TGEN, CT_TBRCH, CT_TAREABUS, ...
    CT_TAREAGEN, CT_TAREABRCH, CT_ROW, CT_COL, CT_CHGTYPE, CT_REP, ...
    CT_REL, CT_ADD, CT_NEWVAL, CT_TLOAD, CT_TAREALOAD, CT_LOAD_ALL_PQ, ...
    CT_LOAD_FIX_PQ, CT_LOAD_DIS_PQ, CT_LOAD_ALL_P, CT_LOAD_FIX_P, ...
    CT_LOAD_DIS_P, CT_TGENCOST, CT_TAREAGENCOST, CT_MODCOST_F, ...
    CT_MODCOST_X] = idx_ct;

solarprofile = struct( ...
    'type', 'mpcData', ...
    'table', CT_TGEN, ...
    'rows', [1:12], ...
    'col', PMAX, ...
    'chgtype', 1, ...
    'values', [] );
solarprofile.values(:,1,:) = [
	0.0 0.0 0.0 0.0 0.0 0.0 0.0 0.0 0.0 0.0 0.0 0.0;
	0.0 0.0 0.0 0.0 0.0 0.0 0.0 0.0 0.0 0.0 0.0 0.0;
	0.0 0.0 0.0 0.0 0.0 0.0 0.0 0.0 0.0 0.0 0.0 0.0;
	0.0 0.0 0.0 0.0 0.0 0.0 0.0 0.0 0.0 0.0 0.0 0.0;
	0.0 0.0 0.0 0.0 0.0 0.0 0.0 0.0 0.0 0.0 0.0 0.0;
	0.1575 0.1633 0.24 0.0 0.0 0.0 0.0 0.0 0.0 0.0 0.0 0.0;
	8.7585 7.1658 5.9218 1.7378 7.3464 157.8435 19.7304 23.8496 81.2517 44.4016 23.8824 80.4116;
	23.7275 16.2834 13.3359 7.702 10.9456 357.9662 44.7458 46.4417 232.7506 119.1643 74.7377 215.8073;
	26.5579 17.115 14.1403 10.3193 10.6927 374.3648 46.7956 52.3286 251.6563 186.0929 114.7645 337.0154;
	27.3892 17.3774 14.4211 10.8793 7.5608 242.8578 30.3572 50.6784 201.5348 161.8804 153.5515 293.1663;
	27.1133 17.4078 14.3533 9.2928 9.3072 224.1093 28.0137 47.3291 189.5824 223.6107 177.5762 404.9603;
	26.8945 17.3629 14.2218 8.5289 9.8541 248.1781 31.0223 44.8958 196.2026 264.9615 190.4731 479.8469;
	26.989 17.3336 14.1804 11.7935 11.6364 384.779 48.0974 66.7248 247.2587 345.3925 251.4185 625.5079;
	26.3799 17.2294 14.1758 12.0457 9.9125 388.3933 48.5492 70.7976 226.7051 339.3623 222.5274 614.5872;
	24.2458 17.1718 14.0236 11.8429 8.4281 355.6843 44.4605 70.5084 188.3341 292.5841 170.2937 529.8716;
	9.2753 11.1597 8.2406 9.2761 11.5616 271.8754 33.9844 57.7993 100.5544 118.4952 51.3337 214.5955;
	0.9303 0.8163 0.5621 1.6111 4.3245 66.8287 8.3536 10.7593 40.4458 65.6309 37.3513 118.8579;
	0.0 0.0 0.0 0.0 0.0 0.0 0.0 0.0 0.0 0.0 0.0 0.0;
	0.0 0.0 0.0 0.0 0.0 0.0 0.0 0.0 0.0 0.0 0.0 0.0;
	0.0 0.0 0.0 0.0 0.0 0.0 0.0 0.0 0.0 0.0 0.0 0.0;
	0.0 0.0 0.0 0.0 0.0 0.0 0.0 0.0 0.0 0.0 0.0 0.0;
	0.0 0.0 0.0 0.0 0.0 0.0 0.0 0.0 0.0 0.0 0.0 0.0;
	0.0 0.0 0.0 0.0 0.0 0.0 0.0 0.0 0.0 0.0 0.0 0.0;
	0.0 0.0 0.0 0.0 0.0 0.0 0.0 0.0 0.0 0.0 0.0 0.0;
];
