function windprofile = ex_wind_profilesh1
%EX_WIND_PROFILE_D  Example wind_load_nyiso profile data for deterministic unit commitment.
% 2022.03.12
% Andres F. Ramirez


%% define constants
[GEN_BUS, PG, QG, QMAX, QMIN, VG, MBASE, GEN_STATUS, PMAX, PMIN, ...
    MU_PMAX, MU_PMIN, MU_QMAX, MU_QMIN, PC1, PC2, QC1MIN, QC1MAX, ...
    QC2MIN, QC2MAX, RAMP_AGC, RAMP_10, RAMP_30, RAMP_Q, APF] = idx_gen;
[CT_LABEL, CT_PROB, CT_TABLE, CT_TBUS, CT_TGEN, CT_TBRCH, CT_TAREABUS, ...
    CT_TAREAGEN, CT_TAREABRCH, CT_ROW, CT_COL, CT_CHGTYPE, CT_REP, ...
    CT_REL, CT_ADD, CT_NEWVAL, CT_TLOAD, CT_TAREALOAD, CT_LOAD_ALL_PQ, ...
    CT_LOAD_FIX_PQ, CT_LOAD_DIS_PQ, CT_LOAD_ALL_P, CT_LOAD_FIX_P, ...
    CT_LOAD_DIS_P, CT_TGENCOST, CT_TAREAGENCOST, CT_MODCOST_F, ...
    CT_MODCOST_X] = idx_ct;

windprofile = struct( ...
    'type', 'mpcData', ...
    'table', CT_TGEN, ...
    'rows', [1:45], ...
    'col', PMAX, ...
    'chgtype', 1, ...
    'values', [] );
windprofile.values(:,1,:) = [
	3.6961 49.9421 86.2578 100.4928 14.5477 32.2292 25.3403 13.2199 26.9058 27.9914 51.7416 77.1883 116.2066 66.3815 192.9522 72.6936 90.1939 95.5786 88.747 71.9897 8.4468 75.2015 72.5486 81.5226 82.5195 60.389 9.5776 1174.913 691.86 691.86 690.496 115.5797 295.8232 185.3016 208.115 295.1936 1036.6976 281.2406 430.9059 221.0344 107.2034 357.5296 182.0648 235.322 1047.4965;
	3.8666 52.2464 87.8425 109.5052 14.5461 33.8568 26.234 12.7065 27.0288 26.5314 49.0428 73.1622 110.1453 67.5626 203.6354 76.7185 95.1877 100.8706 89.5191 73.937 8.7447 78.9991 70.7771 81.4064 94.7393 62.9301 8.4977 1171.3023 758.0454 758.0454 745.5999 117.4672 298.3971 190.314 211.818 323.4327 1175.2396 271.4803 430.3357 253.7659 110.9631 375.5844 198.2648 250.77 1187.4817;
	3.7795 51.0689 89.8174 96.9901 14.6409 34.3467 23.4787 11.6638 26.6455 27.6599 51.1289 76.2742 114.8304 64.5699 195.3283 73.5888 91.3046 96.7556 87.7513 72.8839 7.8262 80.1423 69.6881 86.108 87.833 61.8079 9.1773 1221.9147 754.2183 754.2183 748.0517 114.2605 292.5042 187.6034 202.4355 321.7998 1170.6152 271.5378 434.7072 235.2671 110.5881 381.0194 186.3833 257.839 1182.8091;
	3.7157 50.2068 87.4446 97.7309 14.3582 34.0971 21.1297 12.031 26.1428 28.4455 52.581 78.4406 118.0918 63.6189 192.0529 72.3548 89.7736 95.1332 84.2235 72.0362 7.0432 79.5599 72.5749 83.9013 80.4189 57.1947 8.4069 1184.0326 787.209 787.209 747.5154 115.8886 280.7451 185.4214 199.4538 335.8758 1181.0085 256.5858 423.0765 215.4079 104.0551 378.2504 191.0393 248.4778 1193.3107;
	3.6946 49.9226 83.9845 83.4036 14.6289 33.1817 18.3143 10.2825 22.2537 27.7749 51.3415 76.5914 115.308 62.5395 194.4955 73.275 90.9153 96.3431 86.7555 71.9317 6.1048 77.424 72.5189 87.5924 70.8971 55.7937 7.9348 1208.0792 772.8892 772.8892 710.3344 112.2834 289.1851 185.1523 196.0699 329.766 1133.813 262.9119 338.9321 189.9029 101.2158 368.0959 198.5717 226.2417 1145.6235;
	3.6815 49.7454 78.4167 77.8027 14.2412 31.8497 17.4885 7.3386 24.1105 28.543 52.7612 78.7094 118.4966 62.2389 185.5477 69.904 86.7328 91.9109 87.2566 71.3327 5.8295 74.3161 71.8824 82.8734 52.5192 37.0955 5.6361 1150.7767 724.8709 724.8709 653.1952 103.4501 290.8555 183.6106 195.1273 309.2783 1091.2955 234.4849 308.9859 140.6765 87.4153 353.3198 194.2608 178.5192 1102.6631;
	3.019 40.7932 66.2178 65.1908 14.3308 29.9523 14.6731 5.9233 18.2367 27.4749 50.7869 75.7641 114.0625 64.7614 182.3287 68.6913 85.2281 90.3163 85.7419 69.3813 4.891 69.8887 71.5018 79.3264 46.1667 29.7454 4.3495 1149.1837 669.632 669.632 528.5593 72.4318 285.8063 178.5875 203.0356 285.7097 1020.1377 213.3932 251.8608 123.6609 78.7424 332.2709 157.103 135.9436 1030.7641;
	3.5305 47.705 66.732 70.7613 14.8733 28.8613 15.2822 5.1865 15.829 23.466 43.3766 64.7094 97.4196 63.6017 186.8647 70.4002 87.3484 92.5632 90.7969 68.792 5.0941 67.3431 59.0066 81.9765 54.8057 20.9617 2.9018 1144.5932 656.3246 656.3246 575.4323 64.5558 302.6565 177.0708 199.3998 280.0318 992.0937 206.592 229.6105 146.8009 83.1711 320.1682 151.2125 142.3591 1002.428;
	2.9029 39.2249 53.2789 64.4619 15.0607 23.7848 14.5818 3.4973 18.0421 19.2107 35.5108 52.9751 79.7537 63.3965 175.7228 66.2025 82.1402 87.0441 86.2271 70.8418 4.8606 55.4979 49.7136 76.6966 49.2283 14.2971 0.9415 1186.5132 725.2499 725.2499 584.008 87.332 287.4236 182.347 198.7567 309.44 1005.672 227.7384 227.7048 131.8615 55.5113 263.8528 149.1948 147.2485 1016.1478;
	2.6475 35.773 47.837 61.8048 14.7221 19.7306 18.7342 2.2471 19.0535 16.4291 30.369 45.3046 68.2058 64.8824 172.0309 64.8116 80.4145 85.2153 89.4646 69.6346 6.2447 46.0381 43.7412 68.0178 29.0445 7.3355 0.7116 1084.0237 745.1747 745.1747 626.0695 106.8518 298.2155 179.2396 203.415 317.9412 1020.7805 229.0935 344.3366 77.7977 45.0848 218.8784 135.6468 126.3372 1031.4136;
	2.3243 31.4064 37.3033 47.8662 14.284 15.6829 19.0312 1.3368 19.1446 14.5545 26.9038 40.1352 60.4234 63.2305 181.3638 68.3277 84.777 89.8383 88.7684 73.6302 6.3437 36.5935 38.5859 48.661 17.6081 5.2608 0.6011 1099.5284 728.9113 728.9113 640.8839 102.2277 295.8947 189.5244 198.2362 311.0021 978.3267 227.4028 387.2305 47.1647 38.1924 173.9761 97.9475 92.8405 988.5176;
	1.6872 22.7978 30.8096 29.0594 10.7168 12.4809 20.2669 1.5062 18.2998 16.7857 31.0281 46.2878 69.6861 65.209 168.5926 63.5163 78.8072 83.5122 87.8138 71.1254 6.7556 29.1222 46.8684 37.2586 19.6538 6.7557 1.4309 992.5974 692.7151 692.7151 609.6558 97.5757 292.7127 183.0769 204.4389 295.5584 924.0773 197.5528 410.4406 52.6441 28.8673 138.4552 69.7947 78.0764 933.7031;
	1.088 14.7013 26.9356 26.6332 9.4703 8.6873 17.8996 2.2387 13.9415 12.4019 22.9247 34.1991 51.4866 59.2322 172.7807 65.0941 80.7649 85.5867 87.7205 72.338 5.9665 20.2703 43.602 35.2366 20.833 7.0515 2.5795 955.4993 686.0214 686.0214 584.513 91.7338 292.4018 186.1981 185.701 292.7025 892.7909 196.1135 404.3946 55.8027 26.2561 96.371 49.5685 49.7953 902.0908;
	0.7965 10.7625 23.9805 31.0037 8.2371 8.6855 12.8972 2.6195 12.6484 18.4998 34.1966 51.0146 76.8022 61.6558 183.1683 69.0076 85.6205 90.7322 86.7238 72.1019 4.2991 20.2662 59.2653 37.7883 24.5442 9.1552 3.7912 871.7274 630.7165 630.7165 596.5364 88.3616 289.0794 185.5905 193.2993 269.1057 678.1564 196.3429 384.0113 65.7435 28.5995 96.3514 36.6583 50.2425 685.2205;
	0.8641 11.6756 25.5001 2.7262 7.0567 8.842 10.4468 2.0575 11.6971 16.4954 30.4914 45.4872 68.4808 62.3787 176.3886 66.4534 82.4514 87.3739 77.7016 72.6227 3.4823 20.6314 58.1853 50.3301 24.7486 5.6628 3.4263 792.6844 574.3149 574.3149 541.8863 76.674 259.0052 186.9311 195.5658 245.041 669.0994 183.4081 333.0791 66.2908 27.1552 98.0875 35.4727 51.0229 676.0692;
	0.8095 10.9379 15.7648 25.7183 7.1927 0.0453 4.7652 1.174 0.2175 13.5888 25.1187 37.4722 56.4142 62.2003 161.2499 60.75 75.375 79.875 75.1376 67.8644 1.5884 0.1058 51.9962 40.8384 17.4899 2.5314 1.9672 771.0423 505.6742 505.6742 526.9166 76.0389 250.4585 174.6831 195.0063 215.7543 554.0477 174.6695 199.3155 46.848 9.2906 0.5029 0.0072 0.0 559.819;
	0.4241 5.7311 0.4815 0.0988 5.5415 0.2089 2.9722 0.1646 8.2421 16.2076 29.9595 44.6937 67.2861 57.2169 164.9542 62.1455 77.1065 81.7098 77.6411 68.0267 0.9907 0.4874 47.1024 38.4786 8.5469 3.4773 1.341 751.9912 498.0608 498.0608 520.7629 74.1828 258.8036 175.1009 179.3829 212.506 686.1402 169.1979 192.8837 22.8935 8.6677 2.3171 0.0 0.0 693.2875;
	1.0968 14.8208 13.6863 3.7592 3.1457 5.4272 0.0 5.799 1.3858 21.0052 38.8277 57.9234 87.2033 65.8375 144.1992 54.3262 67.4047 71.4289 85.7343 61.8484 0.0 12.6635 68.5565 38.5968 13.0013 5.2048 1.6701 650.1242 522.6845 522.6845 561.8964 87.448 285.7809 159.198 206.4094 223.0121 657.3793 182.3078 314.0206 34.825 64.4329 60.2059 0.7928 5.716 664.227;
	0.4804 6.4906 23.9139 38.2536 13.7454 0.0773 3.8057 2.1445 13.3616 23.6452 43.7078 65.2035 98.1635 65.368 134.4566 50.6558 62.8507 66.6029 32.7727 67.7882 1.2686 0.1803 70.9368 47.7147 17.3433 8.6865 1.962 719.2945 483.002 483.002 571.5602 83.9404 109.2423 174.4871 204.9375 206.0809 626.5357 178.8645 339.5862 46.4554 80.4343 0.857 0.0728 39.3831 633.0621;
