function loadprofile = ex_load_profilesh1
%EX_LOAD_PROFILE  Example load profile data file for stochastic unit commitment.
% 2022.03.12
% Andres F. Ramirez

%% define constants
[CT_LABEL, CT_PROB, CT_TABLE, CT_TBUS, CT_TGEN, CT_TBRCH, CT_TAREABUS, ...
    CT_TAREAGEN, CT_TAREABRCH, CT_ROW, CT_COL, CT_CHGTYPE, CT_REP, ...
    CT_REL, CT_ADD, CT_NEWVAL, CT_TLOAD, CT_TAREALOAD, CT_LOAD_ALL_PQ, ...
    CT_LOAD_FIX_PQ, CT_LOAD_DIS_PQ, CT_LOAD_ALL_P, CT_LOAD_FIX_P, ...
    CT_LOAD_DIS_P, CT_TGENCOST, CT_TAREAGENCOST, CT_MODCOST_F, ...
    CT_MODCOST_X] = idx_ct;

loadprofile = struct( ...
    'type', 'mpcData', ...
    'table', CT_TAREALOAD, ...
    'rows', [1:11], ...
    'col', CT_LOAD_ALL_P, ...
    'chgtype', 1, ...
    'values', [] );
loadprofile.values(:,1,:) = [
	1494.1236 911.302 1517.6935 527.9892 800.1 1081.9372 824.3168 266.3 451.6561 4529.2831 1600.1581;
	1507.421 901.3198 1505.9402 542.7773 775.304 1075.0055 822.8758 274.3441 447.042 4462.3633 1559.7976;
	1548.4116 934.6694 1587.1507 556.0991 808.3239 1146.6083 868.2 296.7997 487.7211 4573.6356 1704.0052;
	1630.0858 1010.045 1693.2357 576.0636 884.7889 1202.8 933.2403 323.26 529.3686 4865.0773 1825.3414;
	1752.0 1122.9862 1924.9352 597.3862 1000.6329 1368.086 1052.6956 364.5404 624.3 5396.6784 2077.0;
	1901.6601 1203.4965 2032.249 604.5919 1048.6542 1448.495 1089.4121 387.4 669.7209 5979.1477 2177.9693;
	1929.8704 1214.6192 2056.1366 603.077 1075.4 1427.4931 1092.3124 375.5 672.8971 6304.2958 2214.3544;
	1972.061 1232.9291 2087.2471 615.6237 1090.5785 1432.4959 1111.4486 366.7 694.4 6608.3173 2221.4016;
	1972.4363 1238.8331 2084.2 622.3491 1106.5593 1428.804 1084.8957 367.1176 684.9804 6776.9161 2236.5272;
	1971.0494 1228.4475 2059.8717 611.3763 1060.9224 1427.5404 1076.7965 366.1872 704.09 6773.6254 2335.5274;
	1971.7172 1222.9637 2065.6515 600.8216 1023.0581 1395.2757 1032.1344 358.9 696.4054 6713.3765 2317.4662;
	1984.9519 1194.6444 2036.7993 604.7 997.8912 1383.8648 1049.6366 353.3337 708.8075 6764.8351 2339.5398;
	1926.6198 1181.8845 1999.4383 602.3103 992.2509 1327.3521 1009.8294 340.1913 672.1 6612.1576 2249.809;
	1958.3959 1188.5 2002.7971 588.2935 989.0091 1403.7685 1033.7399 341.6616 689.2 6768.8745 2395.5191;
	1943.1802 1185.0496 1983.3795 600.626 988.7379 1419.7815 1055.7 334.3 693.1 6730.1029 2326.2993;
	1962.0012 1219.347 2023.9905 600.56 1030.449 1448.8106 1067.3444 343.1741 685.9984 6800.7913 2505.1181;
	1984.0 1228.474 2022.2838 605.8217 1055.4064 1482.0872 1122.8275 360.3412 705.9351 6782.9165 2643.4085;
	2006.9393 1262.5926 2067.5235 614.485 1080.3743 1515.9779 1180.9491 367.0904 747.1055 6800.0209 2692.3958;
	1968.7954 1235.5 2009.3795 613.3 1063.9619 1482.8694 1168.6043 382.1096 738.1456 6642.9084 2772.1411;
	1911.2634 1161.91 1910.8322 609.0633 1013.9111 1409.6652 1110.5504 363.4447 715.72 6391.9914 2497.7189;
	1779.8187 1076.4216 1790.8032 580.8 926.8411 1286.3919 1027.9889 333.8316 652.431 6004.8132 2246.8507;
	1667.779 1007.8695 1707.8998 574.3463 873.6861 1222.8607 965.4 300.2775 598.2 5703.7408 2048.9566;
	1567.1214 957.6293 1609.8535 563.0034 811.5115 1109.7688 895.8367 268.36 544.0001 5282.1339 1862.1099;
	1556.1 950.9582 1583.887 588.7717 812.1092 1083.6302 901.1136 261.4463 538.9778 5130.811 1805.972;
];
