function windprofile = ex_wind_profilesh1
%EX_WIND_PROFILE_D  Example wind_load_nyiso profile data for deterministic unit commitment.
% 2022.03.12
% Andres F. Ramirez


%% define constants
[GEN_BUS, PG, QG, QMAX, QMIN, VG, MBASE, GEN_STATUS, PMAX, PMIN, ...
    MU_PMAX, MU_PMIN, MU_QMAX, MU_QMIN, PC1, PC2, QC1MIN, QC1MAX, ...
    QC2MIN, QC2MAX, RAMP_AGC, RAMP_10, RAMP_30, RAMP_Q, APF] = idx_gen;
[CT_LABEL, CT_PROB, CT_TABLE, CT_TBUS, CT_TGEN, CT_TBRCH, CT_TAREABUS, ...
    CT_TAREAGEN, CT_TAREABRCH, CT_ROW, CT_COL, CT_CHGTYPE, CT_REP, ...
    CT_REL, CT_ADD, CT_NEWVAL, CT_TLOAD, CT_TAREALOAD, CT_LOAD_ALL_PQ, ...
    CT_LOAD_FIX_PQ, CT_LOAD_DIS_PQ, CT_LOAD_ALL_P, CT_LOAD_FIX_P, ...
    CT_LOAD_DIS_P, CT_TGENCOST, CT_TAREAGENCOST, CT_MODCOST_F, ...
    CT_MODCOST_X] = idx_ct;

windprofile = struct( ...
    'type', 'mpcData', ...
    'table', CT_TGEN, ...
    'rows', [1:45], ...
    'col', PMAX, ...
    'chgtype', 1, ...
    'values', [] );
windprofile.values(:,1,:) = [
	3.5386 47.8137 88.0863 104.0904 14.2702 30.3649 28.3436 9.2453 26.9551 27.5018 50.8366 75.8382 114.174 64.2537 169.3661 63.8077 79.1688 83.8953 84.5488 65.4466 9.4479 70.8514 68.5085 81.076 82.2527 65.4338 8.4255 1045.9086 763.5193 763.5193 750.8476 113.0496 281.8293 168.4597 201.4441 325.7682 1055.3253 309.1735 450.9083 220.3197 112.3972 336.8477 187.3027 237.7401 1066.3182;
	3.4683 46.8637 83.3241 101.9907 13.5253 30.278 26.4281 9.2064 25.8544 24.872 45.9756 68.5865 103.2566 63.4994 185.1771 69.7644 86.5595 91.7273 88.2723 67.2394 8.8094 70.6487 68.0086 76.4893 84.5832 61.9173 7.6482 1004.039 734.0522 734.0522 755.9974 113.7505 294.2409 173.0743 199.0791 313.1956 1084.1632 292.4784 438.6299 226.5622 106.4493 335.8841 192.0694 228.647 1095.4566;
	3.529 47.6849 87.7874 95.6754 14.162 30.7919 25.1784 9.6126 26.8536 26.606 49.1808 73.3681 110.4553 61.6084 177.4169 66.8408 82.9321 87.8833 86.3791 66.3764 8.3928 71.8477 64.9791 82.3948 80.4533 61.8007 8.4825 1072.222 758.3809 758.3809 753.6219 112.4369 287.9302 170.8529 193.1506 323.5758 1051.4923 283.8498 445.3362 215.4998 109.9584 341.5844 173.6145 240.6881 1062.4453;
	3.532 47.7248 85.0678 98.9548 14.1041 31.4829 22.8883 10.6055 26.0926 25.9337 47.938 71.5141 107.664 64.366 179.7874 67.7339 84.0402 89.0575 86.9337 67.4921 7.6294 73.4602 57.4795 81.937 75.0715 57.9182 8.5422 1092.4375 788.7521 788.7521 763.7749 111.432 289.779 173.7248 201.7961 336.5342 1138.3904 285.1846 434.3349 201.0843 110.9472 349.2506 184.9635 237.2 1150.2487;
	3.084 41.6714 77.9842 82.3383 13.7794 30.8455 18.3638 8.1567 18.2164 25.6867 47.4816 70.8332 106.6389 62.8663 172.5532 65.0084 80.6586 85.474 85.5525 67.1934 6.1213 71.9729 64.7592 83.5075 62.6885 53.9707 7.4678 1122.3826 741.0203 741.0203 679.0479 102.088 285.175 172.956 197.0944 316.1687 1081.1762 242.7619 343.3577 167.9156 99.0749 342.1798 192.7308 213.3378 1092.4385;
	3.4128 46.1145 80.174 79.6912 13.4987 30.7559 16.6951 6.3922 21.9609 26.9973 49.904 74.447 112.0795 61.0358 168.9238 63.6411 78.9621 83.6762 80.3493 66.0381 5.565 71.7639 66.0292 80.955 51.1082 36.4699 5.8507 1129.3398 730.2867 730.2867 657.2034 91.7497 267.8308 169.9823 191.3553 311.589 1121.6931 218.5686 331.0097 136.8969 88.2892 341.1859 196.0368 181.37 1133.3774;
	3.2819 44.3455 72.6755 66.5286 13.7544 28.1463 14.4653 5.0275 15.261 26.5221 49.0257 73.1367 110.1069 62.5674 171.4241 64.583 80.1308 84.9147 84.2084 69.4303 4.8218 65.6748 62.5599 71.0778 36.2035 24.816 4.5591 1103.4194 666.8028 666.8028 543.8341 63.2992 280.6946 178.7139 196.1571 284.5025 1072.8638 191.7619 263.9311 96.9736 76.6512 312.2366 165.4517 131.5056 1084.0395;
	3.4132 46.1201 66.0954 71.4694 13.9347 29.0432 15.3115 4.2032 12.3843 23.1996 42.8841 63.9747 96.3135 60.7238 172.2363 64.889 80.5104 85.317 84.0291 67.0589 5.1038 67.7674 56.2151 74.5896 35.4241 17.933 3.4746 1125.7623 658.0122 658.0122 632.6735 64.7407 280.0969 172.6098 190.3774 280.7519 1050.3888 202.5394 227.5099 94.8859 80.9412 322.1854 157.0841 127.9809 1061.3304;
	3.0425 41.111 57.4858 66.7988 14.4604 24.8001 15.2983 2.1859 19.3333 23.5652 43.5599 64.9828 97.8313 63.5246 174.3276 65.6769 81.488 86.353 84.2737 70.0496 5.0994 57.8668 52.9582 77.6067 46.2821 12.6676 2.098 1093.3793 761.5606 761.5606 715.6665 89.4774 280.9122 180.3079 199.1582 324.9325 1018.9303 227.2494 242.9067 123.97 51.5347 275.1153 151.6688 150.1362 1029.5442;
	2.5849 34.9277 45.8732 61.7857 14.4696 19.2982 19.2622 0.9341 19.7632 18.9386 35.0076 52.2245 78.6237 60.8048 162.1345 61.0832 75.7885 80.3132 74.5452 68.7816 6.4207 45.0292 39.7891 62.2503 24.6965 5.0368 0.9654 1047.8975 747.3801 747.3801 687.5694 107.2026 248.484 177.0441 190.6312 318.8822 1037.9632 220.5001 353.5909 66.1513 40.803 214.0815 137.5229 120.0414 1048.7753;
	2.1549 29.1176 33.2141 43.5195 13.6844 14.007 17.7847 0.6238 17.2139 16.6489 30.7752 45.9105 69.1181 62.1426 147.3385 55.5089 68.8722 72.984 79.1041 69.0387 5.9282 32.683 35.8461 48.6529 12.3238 2.3985 0.6327 1066.4875 765.1104 765.1104 688.1019 102.952 263.6802 177.7058 194.8253 326.4471 1029.2145 209.3971 380.7132 33.0102 37.4105 155.3843 93.6005 90.6756 1039.9355;
	1.5078 20.3737 27.5647 26.2526 9.455 9.8122 19.4416 0.3875 17.4122 16.0929 29.7476 44.3775 66.8101 57.7995 145.188 54.6988 67.867 71.9187 84.2061 64.2262 6.4805 22.8952 42.8877 35.1849 12.2279 5.0003 0.6498 917.5093 694.2398 694.2398 666.8866 105.5893 280.6869 165.3183 181.2094 296.209 945.541 198.5105 401.0614 32.7533 26.9 108.8501 67.3608 74.379 955.3904;
	1.1215 15.1542 26.1457 26.3854 9.0053 7.2496 17.4865 0.8545 13.7199 13.5534 25.0532 37.3745 56.2671 56.6062 165.3441 62.2924 77.2888 81.903 85.8323 66.2525 5.8288 16.9158 37.8277 36.3123 17.366 6.9327 2.2623 946.0239 713.8226 713.8226 672.6176 106.8073 286.1078 170.534 177.4681 304.5643 967.9883 212.2056 395.3617 46.516 24.5558 80.4226 51.4104 62.0361 978.0715;
	0.8889 12.0111 20.837 28.9275 7.5194 8.0192 13.946 0.4138 12.2636 18.0523 33.3694 49.7806 74.9444 64.5544 166.3278 62.663 77.7486 82.3903 85.2864 64.2216 4.6487 18.7116 53.6294 34.2863 14.1392 4.3658 3.2414 938.3546 677.3045 677.3045 660.3687 97.2407 284.288 165.3066 202.3868 288.9833 841.9346 212.1194 420.8413 37.8728 24.1326 88.9601 42.3214 66.2447 850.7048;
	0.9312 12.5821 22.0674 2.9913 6.6731 8.1986 11.673 0.7321 12.8594 17.3424 32.0572 47.8231 71.9974 66.2321 149.2037 56.2116 69.744 73.9079 74.4029 63.8921 3.891 19.13 56.8433 46.8154 15.1328 2.4127 3.0612 881.3677 638.0053 638.0053 577.5596 80.3388 248.0095 164.4585 207.6467 272.2156 779.4265 187.435 354.0455 40.5342 23.0239 90.9495 39.3984 59.8103 787.5455;
	0.9326 12.6015 16.3916 26.9014 7.3433 0.209 5.4471 0.676 9.3242 16.1835 29.9149 44.6271 67.1859 64.6774 144.5197 54.447 67.5546 71.5877 77.8013 64.0337 1.8157 0.4876 59.4265 40.0143 16.0898 1.8012 2.0725 864.9215 531.4428 531.4428 551.1583 84.4614 259.3376 164.8229 202.7725 226.7489 610.708 187.3404 237.6499 43.0976 26.6975 2.3184 33.5327 32.1519 617.0695;
	0.5598 7.5642 4.5559 5.8538 4.8809 4.1673 3.8866 0.0011 10.1436 19.7166 36.4459 54.3701 81.8539 59.2512 155.119 58.4402 72.5091 76.838 77.5574 64.9173 1.2955 9.7236 58.8998 38.8309 9.8543 5.0258 1.6599 872.8784 532.3974 532.3974 601.318 84.9293 258.5246 167.0973 185.7605 227.1562 743.6635 189.9946 232.5536 26.3955 30.4713 46.2289 14.1277 169.0405 751.41;
	1.0849 14.6592 2.8736 26.865 1.7322 4.032 17.9157 0.0062 3.3284 22.495 41.5817 62.0317 93.3884 63.6157 131.4758 49.5328 61.4573 65.1264 83.7512 53.1326 5.9719 9.408 70.1188 35.1297 8.7082 3.0335 1.7027 809.7159 563.2356 563.2356 642.1824 94.9764 279.1705 136.7635 199.4438 240.3139 767.8143 204.2505 382.4455 23.3255 79.9119 44.7282 21.3266 106.1982 775.8123;
	0.5376 7.2641 22.7652 42.2724 0.3162 6.3286 10.5066 1.9807 1.3389 23.8354 44.0595 65.7281 98.9532 58.6939 116.048 43.7204 54.2457 57.4842 4.864 59.2588 3.5022 14.7667 72.2782 45.0803 21.66 8.1507 2.2598 864.6055 538.1809 538.1809 657.4063 93.5826 16.2132 152.5324 184.0134 229.6239 720.5958 201.6861 377.3323 58.018 85.86 70.2051 52.4178 145.9582 728.102;
