function solarprofile = ex_solar_profilesh1
%EX_WIND_PROFILE_D  Example wind_load_nyiso profile data for deterministic unit commitment.
% 2022.03.12
% Andres F. Ramirez


%% define constants
[GEN_BUS, PG, QG, QMAX, QMIN, VG, MBASE, GEN_STATUS, PMAX, PMIN, ...
    MU_PMAX, MU_PMIN, MU_QMAX, MU_QMIN, PC1, PC2, QC1MIN, QC1MAX, ...
    QC2MIN, QC2MAX, RAMP_AGC, RAMP_10, RAMP_30, RAMP_Q, APF] = idx_gen;
[CT_LABEL, CT_PROB, CT_TABLE, CT_TBUS, CT_TGEN, CT_TBRCH, CT_TAREABUS, ...
    CT_TAREAGEN, CT_TAREABRCH, CT_ROW, CT_COL, CT_CHGTYPE, CT_REP, ...
    CT_REL, CT_ADD, CT_NEWVAL, CT_TLOAD, CT_TAREALOAD, CT_LOAD_ALL_PQ, ...
    CT_LOAD_FIX_PQ, CT_LOAD_DIS_PQ, CT_LOAD_ALL_P, CT_LOAD_FIX_P, ...
    CT_LOAD_DIS_P, CT_TGENCOST, CT_TAREAGENCOST, CT_MODCOST_F, ...
    CT_MODCOST_X] = idx_ct;

solarprofile = struct( ...
    'type', 'mpcData', ...
    'table', CT_TGEN, ...
    'rows', [1:12], ...
    'col', PMAX, ...
    'chgtype', 1, ...
    'values', [] );
solarprofile.values(:,1,:) = [
	0.0 0.0 0.0 0.0 0.0 0.0 0.0 0.0 0.0 0.0 0.0 0.0;
	0.0 0.0 0.0 0.0 0.0 0.0 0.0 0.0 0.0 0.0 0.0 0.0;
	0.0 0.0 0.0 0.0 0.0 0.0 0.0 0.0 0.0 0.0 0.0 0.0;
	0.0 0.0 0.0 0.0 0.0 0.0 0.0 0.0 0.0 0.0 0.0 0.0;
	0.0 0.0 0.0 0.0 0.0 0.0 0.0 0.0 0.0 0.0 0.0 0.0;
	0.1575 0.1621 0.24 0.0 0.0 0.0 0.0 0.0 0.0 0.0 0.0 0.0;
	5.4925 6.6813 4.1915 2.4363 0.4317 0.0 0.0 14.6523 0.0 27.3041 22.0333 49.4479;
	11.6445 13.4937 8.027 5.6611 3.8786 62.847 7.8559 37.0305 12.7503 32.4724 51.0867 58.8078;
	17.8986 16.6083 13.3615 8.5809 7.1083 192.8806 24.1101 48.8448 40.9351 42.8949 99.8877 77.6829;
	18.8166 16.376 13.4696 7.8384 6.9734 254.8507 31.8563 55.517 101.4676 92.331 31.3658 167.2119;
	19.9354 16.507 13.4971 6.5401 6.7435 237.8825 29.7353 46.1319 102.3007 162.271 36.9629 293.8737;
	19.9879 16.3043 12.6009 5.4497 5.9231 162.3112 20.2889 23.1209 71.3413 178.0721 28.1442 322.4896;
	13.1023 9.1736 5.2936 5.0544 8.9625 254.7549 31.8444 44.7764 80.2111 336.4055 70.443 609.2324;
	6.1126 4.6309 3.6479 4.3603 8.4656 289.925 36.2406 58.9124 74.3025 335.783 85.8983 608.1051;
	1.7515 1.4802 1.4306 2.9372 7.4288 253.0403 31.63 59.4727 62.8958 289.6949 59.122 524.6391;
	1.2962 1.3163 1.3052 1.6656 10.4978 98.8435 12.3554 50.2868 36.3463 219.0332 81.1998 396.6705;
	0.8962 0.7495 0.5167 1.5084 3.8242 58.226 7.2783 9.8843 34.9853 66.6155 40.4677 120.6411;
	0.0 0.0 0.0 0.0 0.0 0.0 0.0 0.0 0.0 0.0 0.0 0.0;
	0.0 0.0 0.0 0.0 0.0 0.0 0.0 0.0 0.0 0.0 0.0 0.0;
	0.0 0.0 0.0 0.0 0.0 0.0 0.0 0.0 0.0 0.0 0.0 0.0;
	0.0 0.0 0.0 0.0 0.0 0.0 0.0 0.0 0.0 0.0 0.0 0.0;
	0.0 0.0 0.0 0.0 0.0 0.0 0.0 0.0 0.0 0.0 0.0 0.0;
	0.0 0.0 0.0 0.0 0.0 0.0 0.0 0.0 0.0 0.0 0.0 0.0;
	0.0 0.0 0.0 0.0 0.0 0.0 0.0 0.0 0.0 0.0 0.0 0.0;
];
