function loadprofile = ex_load_profilesh1
%EX_LOAD_PROFILE  Example load profile data file for stochastic unit commitment.
% 2022.03.12
% Andres F. Ramirez

%% define constants
[CT_LABEL, CT_PROB, CT_TABLE, CT_TBUS, CT_TGEN, CT_TBRCH, CT_TAREABUS, ...
    CT_TAREAGEN, CT_TAREABRCH, CT_ROW, CT_COL, CT_CHGTYPE, CT_REP, ...
    CT_REL, CT_ADD, CT_NEWVAL, CT_TLOAD, CT_TAREALOAD, CT_LOAD_ALL_PQ, ...
    CT_LOAD_FIX_PQ, CT_LOAD_DIS_PQ, CT_LOAD_ALL_P, CT_LOAD_FIX_P, ...
    CT_LOAD_DIS_P, CT_TGENCOST, CT_TAREAGENCOST, CT_MODCOST_F, ...
    CT_MODCOST_X] = idx_ct;

loadprofile = struct( ...
    'type', 'mpcData', ...
    'table', CT_TAREALOAD, ...
    'rows', [1:11], ...
    'col', CT_LOAD_ALL_P, ...
    'chgtype', 1, ...
    'values', [] );
loadprofile.values(:,1,:) = [
	1522.1 983.2451 1770.2816 608.2095 819.2 1118.8 921.8444 266.7852 568.465 4974.903 1832.3329;
	1524.744 977.8784 1752.5174 596.6704 807.0429 1126.2615 900.6 257.2017 545.4664 4731.0192 1790.1581;
	1550.1212 1013.6152 1779.4774 605.2 826.1366 1140.2709 908.9427 269.0045 558.4898 4859.2649 1848.9534;
	1618.3028 1073.7 1882.426 614.3693 891.4079 1207.2 962.7267 291.5181 581.5408 4874.689 1964.3425;
	1779.1083 1223.4113 2113.9534 638.9755 1006.6978 1349.9867 1061.0906 333.9159 686.7113 5642.022 2351.683;
	1872.1033 1299.1887 2219.419 635.2359 1056.7 1410.2501 1124.1551 365.2 740.9622 6126.9061 2402.0652;
	1876.5439 1307.0796 2258.5853 631.0 1082.9945 1422.4046 1163.468 368.0001 762.3437 6590.5409 2403.8524;
	1946.2684 1327.4254 2243.6216 620.9447 1097.6705 1439.4782 1172.9059 360.4245 746.7163 6703.6676 2340.3648;
	1942.7 1300.8252 2168.5511 609.0 1041.1341 1432.7901 1114.7403 358.7 726.0736 6709.5229 2332.8651;
	1934.5766 1282.0355 2219.1907 600.7813 1033.5354 1420.2937 1150.199 346.6 719.2777 6681.2564 2337.4162;
	1850.5576 1238.1313 2137.4 596.197 1042.3594 1412.6011 1090.5873 336.9 721.97 6702.7587 2275.8675;
	1861.2383 1222.8095 2133.9701 593.7755 1011.1761 1423.2017 1061.2641 332.4149 724.567 6697.8119 2316.3835;
	1870.1322 1230.5157 2134.8658 584.6694 1048.0799 1439.7663 1035.5949 327.3607 726.1752 6562.7267 2249.9396;
	1839.7325 1250.313 2137.6289 576.7545 1037.7623 1422.5873 1063.5075 335.5943 709.5596 6645.1622 2248.493;
	1844.8398 1264.7794 2128.5726 581.7091 1055.4199 1434.2884 1067.0825 323.469 712.2 6608.8017 2272.2828;
	1885.9355 1279.2632 2183.1341 599.3368 1095.5 1487.5718 1115.8413 323.9 719.8323 6701.2102 2407.6617;
	1851.2908 1266.4973 2136.5049 614.4345 1101.4671 1543.6498 1144.4551 356.3917 761.2561 6562.7244 2561.2;
	1933.8366 1310.6464 2176.0704 634.2475 1139.3915 1559.5523 1189.3467 384.469 768.7848 6578.4387 2628.4798;
	1941.0172 1328.7457 2179.0802 650.4548 1098.5 1533.5 1186.7 389.0 749.5655 6384.5756 2548.8686;
	1880.872 1250.1748 2112.7286 639.766 1088.5188 1455.0701 1180.025 372.4546 721.2666 6127.358 2436.3753;
	1778.0 1159.0635 1989.7228 613.1277 997.8952 1357.396 1080.2498 343.4807 685.4731 5838.0573 2236.2815;
	1642.5 1081.2445 1866.2799 597.2 946.141 1263.0187 1013.7953 296.7806 662.9694 5388.3919 2013.9565;
	1568.5702 1027.8657 1814.5935 582.8122 889.2 1191.3317 960.4806 265.0252 606.2511 4997.1498 1872.2499;
	1540.9816 1021.0783 1830.3231 571.4985 843.654 1149.7651 937.0 269.4 583.3234 4761.1497 1797.3678;
];
