function solarprofile = ex_solar_profilesh1
%EX_WIND_PROFILE_D  Example wind_load_nyiso profile data for deterministic unit commitment.
% 2022.03.12
% Andres F. Ramirez


%% define constants
[GEN_BUS, PG, QG, QMAX, QMIN, VG, MBASE, GEN_STATUS, PMAX, PMIN, ...
    MU_PMAX, MU_PMIN, MU_QMAX, MU_QMIN, PC1, PC2, QC1MIN, QC1MAX, ...
    QC2MIN, QC2MAX, RAMP_AGC, RAMP_10, RAMP_30, RAMP_Q, APF] = idx_gen;
[CT_LABEL, CT_PROB, CT_TABLE, CT_TBUS, CT_TGEN, CT_TBRCH, CT_TAREABUS, ...
    CT_TAREAGEN, CT_TAREABRCH, CT_ROW, CT_COL, CT_CHGTYPE, CT_REP, ...
    CT_REL, CT_ADD, CT_NEWVAL, CT_TLOAD, CT_TAREALOAD, CT_LOAD_ALL_PQ, ...
    CT_LOAD_FIX_PQ, CT_LOAD_DIS_PQ, CT_LOAD_ALL_P, CT_LOAD_FIX_P, ...
    CT_LOAD_DIS_P, CT_TGENCOST, CT_TAREAGENCOST, CT_MODCOST_F, ...
    CT_MODCOST_X] = idx_ct;

solarprofile = struct( ...
    'type', 'mpcData', ...
    'table', CT_TGEN, ...
    'rows', [1:12], ...
    'col', PMAX, ...
    'chgtype', 1, ...
    'values', [] );
solarprofile.values(:,1,:) = [
	0.0 0.0 0.0 0.0 0.0 0.0 0.0 0.0 0.0 0.0 0.0 0.0;
	0.0 0.0 0.0 0.0 0.0 0.0 0.0 0.0 0.0 0.0 0.0 0.0;
	0.0 0.0 0.0 0.0 0.0 0.0 0.0 0.0 0.0 0.0 0.0 0.0;
	0.0 0.0 0.0 0.0 0.0 0.0 0.0 0.0 0.0 0.0 0.0 0.0;
	0.0 0.0 0.0 0.0 0.0 0.0 0.0 0.0 0.0 0.0 0.0 0.0;
	0.1575 0.1639 0.24 0.0 0.0 0.0 0.0 0.0 0.0 0.0 0.0 0.0;
	15.2031 7.5383 7.5694 0.2905 0.3274 113.5749 14.1969 26.2984 61.2086 42.9391 23.0283 77.763;
	22.4094 14.6857 13.3218 0.9845 1.4011 201.7385 25.2173 33.2629 43.645 130.7718 58.4667 236.8284;
	25.3127 16.6166 13.9762 3.2158 2.6811 231.251 28.9064 37.3993 40.9055 213.6685 102.3669 386.9549;
	26.8561 16.8461 14.0547 6.8522 3.8531 235.866 29.4833 47.8794 106.4471 272.4898 157.3531 493.4808;
	26.2072 16.5326 13.7859 8.8652 5.6335 263.5932 32.9492 53.8354 162.1362 288.1211 183.0223 521.7891;
	25.39 16.2818 10.5838 9.6164 7.2851 277.3756 34.672 57.8294 182.2875 279.3947 187.5907 505.9856;
	23.3678 16.5546 13.3167 10.3255 11.987 400.3785 50.0473 71.3997 254.0899 341.4098 221.9463 618.2951;
	22.6185 16.5285 13.7008 9.317 11.4135 416.0518 52.0065 72.3592 255.0572 336.3715 190.1476 609.1709;
	18.7963 16.7589 13.508 7.2639 10.0713 418.2514 52.2814 73.9072 256.1927 270.7146 138.0366 490.2658;
	9.5669 10.8472 8.345 7.2478 11.4873 414.0494 51.7562 73.4872 257.0106 80.1766 108.8707 145.2003;
	0.8962 0.7333 0.5133 2.3407 4.1984 72.9841 9.123 14.8135 45.5317 60.6501 39.0168 109.8377;
	0.0 0.0 0.0 0.0 0.0 0.0 0.0 0.0 0.0 0.0 0.0 0.0;
	0.0 0.0 0.0 0.0 0.0 0.0 0.0 0.0 0.0 0.0 0.0 0.0;
	0.0 0.0 0.0 0.0 0.0 0.0 0.0 0.0 0.0 0.0 0.0 0.0;
	0.0 0.0 0.0 0.0 0.0 0.0 0.0 0.0 0.0 0.0 0.0 0.0;
	0.0 0.0 0.0 0.0 0.0 0.0 0.0 0.0 0.0 0.0 0.0 0.0;
	0.0 0.0 0.0 0.0 0.0 0.0 0.0 0.0 0.0 0.0 0.0 0.0;
	0.0 0.0 0.0 0.0 0.0 0.0 0.0 0.0 0.0 0.0 0.0 0.0;
];
