function solarprofile = ex_solar_profilesh1
%EX_WIND_PROFILE_D  Example wind_load_nyiso profile data for deterministic unit commitment.
% 2022.03.12
% Andres F. Ramirez


%% define constants
[GEN_BUS, PG, QG, QMAX, QMIN, VG, MBASE, GEN_STATUS, PMAX, PMIN, ...
    MU_PMAX, MU_PMIN, MU_QMAX, MU_QMIN, PC1, PC2, QC1MIN, QC1MAX, ...
    QC2MIN, QC2MAX, RAMP_AGC, RAMP_10, RAMP_30, RAMP_Q, APF] = idx_gen;
[CT_LABEL, CT_PROB, CT_TABLE, CT_TBUS, CT_TGEN, CT_TBRCH, CT_TAREABUS, ...
    CT_TAREAGEN, CT_TAREABRCH, CT_ROW, CT_COL, CT_CHGTYPE, CT_REP, ...
    CT_REL, CT_ADD, CT_NEWVAL, CT_TLOAD, CT_TAREALOAD, CT_LOAD_ALL_PQ, ...
    CT_LOAD_FIX_PQ, CT_LOAD_DIS_PQ, CT_LOAD_ALL_P, CT_LOAD_FIX_P, ...
    CT_LOAD_DIS_P, CT_TGENCOST, CT_TAREAGENCOST, CT_MODCOST_F, ...
    CT_MODCOST_X] = idx_ct;

solarprofile = struct( ...
    'type', 'mpcData', ...
    'table', CT_TGEN, ...
    'rows', [1:12], ...
    'col', PMAX, ...
    'chgtype', 1, ...
    'values', [] );
solarprofile.values(:,1,:) = [
	0.0 0.0 0.0 0.0 0.0 0.0 0.0 0.0 0.0 0.0 0.0 0.0;
	0.0 0.0 0.0 0.0 0.0 0.0 0.0 0.0 0.0 0.0 0.0 0.0;
	0.0 0.0 0.0 0.0 0.0 0.0 0.0 0.0 0.0 0.0 0.0 0.0;
	0.0 0.0 0.0 0.0 0.0 0.0 0.0 0.0 0.0 0.0 0.0 0.0;
	0.0 0.0 0.0 0.0 0.0 0.0 0.0 0.0 0.0 0.0 0.0 0.0;
	0.1575 0.1621 0.24 0.0 0.0 0.0 0.0 0.0 0.0 0.0 0.0 0.0;
	8.5566 6.2539 5.8741 1.2917 2.3021 125.6178 15.7022 6.7381 16.8278 21.4856 22.0369 38.9106;
	17.9153 14.4902 12.8584 3.2485 3.781 311.4394 38.9299 31.1623 27.8636 114.5904 74.337 207.5239;
	23.0108 16.6083 13.8001 5.6384 5.2688 336.9816 42.1227 44.1071 31.5525 219.9801 164.4831 398.3852;
	22.2304 16.4425 13.5545 5.4478 4.7979 181.3913 22.6739 25.5743 27.7165 317.089 191.4795 574.2501;
	23.2611 16.5326 13.7857 5.5061 6.1202 198.5491 24.8186 33.2466 46.4226 326.4952 206.4879 591.2848;
	22.8902 16.5264 13.7834 5.7985 6.2468 210.0646 26.2581 37.7364 87.8106 307.6335 201.0978 557.1261;
	18.5614 12.34 9.9452 9.4319 8.6136 288.8621 36.1078 42.3497 198.0687 341.6098 233.724 618.6575;
	10.7323 8.6111 5.8495 8.5933 6.3699 277.1236 34.6404 26.9151 196.2458 336.5293 190.1446 609.4565;
	6.2741 3.1564 1.608 6.4811 4.0881 245.6373 30.7047 15.3954 180.1012 297.114 102.7356 538.0753;
	5.5822 3.6721 3.6297 5.9819 9.2084 287.2838 35.9105 15.5465 157.103 194.9584 80.6107 353.0709;
	0.9737 0.945 0.7561 2.0394 4.0849 81.192 10.149 10.2482 40.2415 65.9299 39.5242 119.3994;
	0.0 0.0 0.0 0.0 0.0 0.0 0.0 0.0 0.0 0.0 0.0 0.0;
	0.0 0.0 0.0 0.0 0.0 0.0 0.0 0.0 0.0 0.0 0.0 0.0;
	0.0 0.0 0.0 0.0 0.0 0.0 0.0 0.0 0.0 0.0 0.0 0.0;
	0.0 0.0 0.0 0.0 0.0 0.0 0.0 0.0 0.0 0.0 0.0 0.0;
	0.0 0.0 0.0 0.0 0.0 0.0 0.0 0.0 0.0 0.0 0.0 0.0;
	0.0 0.0 0.0 0.0 0.0 0.0 0.0 0.0 0.0 0.0 0.0 0.0;
	0.0 0.0 0.0 0.0 0.0 0.0 0.0 0.0 0.0 0.0 0.0 0.0;
];
