function windprofile = ex_wind_profilesh1
%EX_WIND_PROFILE_D  Example wind_load_nyiso profile data for deterministic unit commitment.
% 2022.03.12
% Andres F. Ramirez


%% define constants
[GEN_BUS, PG, QG, QMAX, QMIN, VG, MBASE, GEN_STATUS, PMAX, PMIN, ...
    MU_PMAX, MU_PMIN, MU_QMAX, MU_QMIN, PC1, PC2, QC1MIN, QC1MAX, ...
    QC2MIN, QC2MAX, RAMP_AGC, RAMP_10, RAMP_30, RAMP_Q, APF] = idx_gen;
[CT_LABEL, CT_PROB, CT_TABLE, CT_TBUS, CT_TGEN, CT_TBRCH, CT_TAREABUS, ...
    CT_TAREAGEN, CT_TAREABRCH, CT_ROW, CT_COL, CT_CHGTYPE, CT_REP, ...
    CT_REL, CT_ADD, CT_NEWVAL, CT_TLOAD, CT_TAREALOAD, CT_LOAD_ALL_PQ, ...
    CT_LOAD_FIX_PQ, CT_LOAD_DIS_PQ, CT_LOAD_ALL_P, CT_LOAD_FIX_P, ...
    CT_LOAD_DIS_P, CT_TGENCOST, CT_TAREAGENCOST, CT_MODCOST_F, ...
    CT_MODCOST_X] = idx_ct;

windprofile = struct( ...
    'type', 'mpcData', ...
    'table', CT_TGEN, ...
    'rows', [1:45], ...
    'col', PMAX, ...
    'chgtype', 1, ...
    'values', [] );
windprofile.values(:,1,:) = [
	3.4876 47.1258 85.1054 101.7333 14.6213 30.2826 28.0391 11.4602 26.8982 27.4432 50.7284 75.6767 113.9309 67.4593 181.9862 68.5622 85.0679 90.1466 82.2472 62.8772 9.3464 70.6594 69.2444 83.3439 92.2728 55.7128 8.8575 1239.9083 715.7524 715.7524 704.9026 110.0749 274.1573 161.8462 211.494 305.3877 1131.0702 292.7664 440.326 247.1593 116.8733 335.9352 177.8408 217.357 1142.8522;
	3.6654 49.5282 82.1401 103.7498 14.5806 30.6142 27.4324 10.5114 27.2889 26.3623 48.7304 72.6961 109.4436 67.5898 187.1488 70.5072 87.4812 92.704 81.6801 66.4559 9.1441 71.4332 68.8896 80.4731 91.4629 58.1533 7.7387 1244.0406 756.3937 756.3937 725.536 114.4211 272.2669 171.0576 211.9033 322.728 1209.0991 281.5346 442.3643 244.99 113.7353 339.6141 193.944 226.3662 1221.6939;
	3.6719 49.6159 84.8982 95.638 14.2723 30.6663 27.3654 9.2237 27.9839 27.4942 50.8227 75.8174 114.1427 67.0614 190.5279 71.7803 89.0607 94.3778 84.5003 68.8394 9.1218 71.5547 69.4841 83.3821 80.7101 43.9916 8.463 1262.4772 770.8182 770.8182 742.2077 113.6315 281.6676 177.1927 210.2465 328.8824 1208.192 274.7481 462.3681 216.1879 114.9523 340.1916 171.956 240.7188 1220.7773;
	3.6524 49.3513 86.4245 99.4976 14.195 30.1475 22.8018 10.7726 27.1908 26.8456 49.6237 74.0287 111.4499 65.2805 191.5305 72.158 89.5294 94.8744 80.5545 69.801 7.6006 70.3441 66.4312 84.833 85.1492 48.7374 8.6127 1192.5832 793.5928 793.5928 740.7137 111.3673 268.5149 179.668 204.6632 338.5996 1171.3123 264.0151 428.4616 228.0782 111.3531 334.436 176.33 248.7178 1183.5135;
	3.6181 48.8889 85.764 84.9028 14.2558 30.5305 18.8711 8.2356 24.258 26.5236 49.0285 73.1409 110.1133 64.3307 184.6366 69.5608 86.3069 91.4595 83.9757 70.9367 6.2904 71.2379 69.0654 83.7742 70.8399 37.0919 7.4924 1187.1914 759.8604 759.8604 675.4256 109.7775 279.9189 182.5913 201.6856 324.2071 1117.4422 257.8108 370.5713 189.7498 108.7383 338.6855 181.8631 218.588 1129.0822;
	3.6506 49.3276 79.9526 77.2641 14.1149 29.5503 16.1142 6.0936 24.9144 27.3866 50.6236 75.5205 113.6957 63.4559 169.1979 63.7443 79.0902 83.812 79.5939 69.3563 5.3714 68.9506 69.1007 80.8975 54.5203 12.0269 5.7384 1190.7273 719.4678 719.4678 635.9141 100.103 265.3131 178.5234 198.9427 306.9729 1103.8633 223.8674 309.3551 146.0364 96.7797 327.8108 179.5909 172.0611 1115.3619;
	3.3704 45.5421 72.3736 64.9859 14.0669 28.5386 14.6923 5.3418 19.5309 27.5315 50.8916 75.9203 114.2975 64.6036 183.0944 68.9797 85.586 90.6956 85.3692 70.4717 4.8974 66.5902 72.3175 77.2812 48.0773 10.4007 4.7329 1165.726 677.3101 677.3101 530.4518 67.0942 284.5641 181.3943 202.5412 288.9856 1045.791 199.493 258.6044 128.7784 76.124 316.5887 156.7744 124.4507 1056.6847;
	3.5155 47.5026 66.22 68.2732 13.9146 26.9799 15.7084 5.2164 17.4814 23.7602 43.9204 65.5206 98.6408 64.2041 166.4614 62.7134 77.811 82.4565 84.6671 69.3225 5.2361 62.953 57.7013 81.2051 56.4581 9.1876 3.8293 1199.806 685.4168 685.4168 615.8461 67.7821 282.2236 178.4364 201.2885 292.4445 1077.5944 201.6529 229.5765 151.2272 68.0982 299.2966 127.4095 131.751 1088.8193;
	2.9501 39.8623 58.3924 62.3656 14.2832 23.3799 15.055 3.9463 22.4461 23.6816 43.7751 65.3038 98.3145 63.3746 179.7396 67.7158 84.0178 89.0338 89.5242 71.4936 5.0183 54.5531 54.1891 81.7341 56.1808 9.7732 2.5941 1161.3938 757.9757 757.9757 734.0573 95.4759 298.4139 184.0247 198.688 323.403 1042.6173 243.778 235.2188 150.4842 56.1732 259.3611 124.4206 150.8748 1053.4779;
	2.5951 35.0653 49.734 56.6264 14.1411 18.3724 18.0402 2.4876 22.8011 19.3868 35.8362 53.4605 80.4845 65.3682 168.8344 63.6074 78.9203 83.6319 88.7248 70.8613 6.0134 42.8689 41.2713 71.9275 36.6281 6.8604 1.1388 1072.8842 715.0311 715.0311 688.0651 110.6349 295.7493 182.3972 204.9381 305.0799 1057.6462 227.9956 341.541 98.111 44.4998 203.8112 111.6111 124.0003 1068.6633;
	2.3919 32.3195 38.6042 43.869 13.9762 14.7161 18.5634 1.4442 21.1486 16.2586 30.0539 44.8345 67.498 63.9179 167.0377 62.9305 78.0804 82.7419 89.0669 69.0844 6.1878 34.3375 30.6605 55.9276 25.2752 5.2738 0.7837 1125.3102 739.8666 739.8666 660.0222 108.5326 296.8896 177.8233 200.3911 315.6764 1094.8203 236.8547 379.764 67.7014 37.7535 163.2504 87.8646 91.0804 1106.2247;
	1.7149 23.1714 31.0907 28.9828 10.6093 11.8666 19.5852 1.805 21.0484 17.2126 31.8172 47.465 71.4583 63.6854 171.8991 64.762 80.3528 85.15 89.4228 69.6367 6.5284 27.6887 37.9674 43.8128 26.6603 9.4457 2.6861 1026.1098 690.4013 690.4013 700.9784 109.7724 298.076 179.2451 199.6622 294.5712 1015.9126 223.3225 398.294 71.4116 28.8308 131.6398 64.5608 77.9135 1026.4951;
	1.086 14.6738 26.539 26.651 9.4153 8.1302 18.1087 2.6895 17.0118 14.127 26.1136 38.9564 58.6486 62.52 180.7592 68.1 84.4944 89.5389 88.8633 70.6037 6.0362 18.9705 34.8829 41.0336 26.3363 13.3017 2.82 975.3203 696.9591 696.9591 697.8757 106.8103 296.2111 181.734 196.0086 297.3692 1023.6245 227.1544 422.5556 70.5438 27.6423 90.1913 46.8387 45.669 1034.2873;
	0.9048 12.2265 24.231 32.5772 7.8252 9.2265 11.5198 3.5355 13.4878 15.9845 29.5471 44.0785 66.3599 61.2651 184.411 69.4758 86.2014 91.3478 86.9495 69.6285 3.8399 21.5285 44.3888 42.1313 28.2504 13.5595 4.102 860.7558 641.9073 641.9073 687.3582 102.143 289.8317 179.2239 192.0742 273.8805 833.9174 231.5797 386.2838 75.6708 22.5894 102.3524 38.8992 63.4381 842.6041;
	0.8675 11.7221 22.9073 2.1581 5.7342 9.0445 10.9332 2.3532 13.6239 16.2 29.9454 44.6726 67.2544 58.9535 179.3717 67.5772 83.8458 88.8516 80.3419 68.9413 3.6444 21.1038 38.6364 48.236 24.1887 7.2141 3.7395 775.9696 627.7985 627.7985 641.6758 91.3249 267.8064 177.4552 184.8271 267.8607 725.1498 216.8296 333.3719 64.7912 27.1844 100.3336 29.4927 51.5957 732.7034;
	0.954 12.8903 18.6909 27.7649 7.3768 6.0571 5.4837 1.6994 10.1595 11.9528 22.0945 32.9607 49.6221 59.9876 160.7046 60.5445 75.12 79.6048 78.2311 60.6979 1.8279 14.1333 28.5962 44.7865 22.8213 5.0619 2.5912 815.4388 526.768 526.768 548.6217 83.0731 260.7705 156.2366 188.0692 224.7544 578.3278 193.3782 232.397 61.1285 26.9909 67.1935 0.0353 28.0833 584.352;
	0.5344 7.2208 6.5494 0.7294 6.5084 2.1314 2.913 2.5718 11.653 16.3675 30.2551 45.1347 67.95 57.9087 141.13 53.1699 65.9701 69.9086 79.6005 43.7274 0.971 4.9732 38.566 41.7391 12.6774 9.0384 1.833 673.4869 494.802 494.802 540.7352 84.346 265.3349 112.5544 181.5515 211.1155 662.3662 199.052 220.316 33.9572 33.5917 23.644 0.0 13.1939 669.2659;
	1.0806 14.6014 3.2605 0.6964 2.1292 3.45 0.0 4.4331 2.9547 18.982 35.0879 52.3443 78.8041 61.1313 129.4464 48.7682 60.5087 64.1211 82.2735 42.4742 0.0 8.05 57.7981 42.6111 16.5662 5.4204 1.9799 683.0175 498.3432 498.3432 567.8005 91.1321 274.245 109.3288 191.6549 212.6264 699.2757 206.9122 299.6098 44.3736 77.486 38.2721 0.0 64.3526 706.5599;
	0.4579 6.1871 23.366 36.2048 0.0 6.8672 0.0 2.1445 11.7624 23.1465 42.7859 63.8282 96.093 57.0881 115.3194 43.4459 53.9051 57.1233 0.5074 50.8789 0.0 16.0234 67.7108 52.5715 24.5318 8.9988 2.2422 756.5698 466.4467 466.4467 585.3002 85.6493 1.6914 130.9624 178.9788 199.0172 659.2534 189.2631 328.3963 65.7103 92.2916 76.1799 0.0 29.1679 666.1206;
