function loadprofile = ex_load_profilesh1
%EX_LOAD_PROFILE  Example load profile data file for stochastic unit commitment.
% 2022.03.12
% Andres F. Ramirez

%% define constants
[CT_LABEL, CT_PROB, CT_TABLE, CT_TBUS, CT_TGEN, CT_TBRCH, CT_TAREABUS, ...
    CT_TAREAGEN, CT_TAREABRCH, CT_ROW, CT_COL, CT_CHGTYPE, CT_REP, ...
    CT_REL, CT_ADD, CT_NEWVAL, CT_TLOAD, CT_TAREALOAD, CT_LOAD_ALL_PQ, ...
    CT_LOAD_FIX_PQ, CT_LOAD_DIS_PQ, CT_LOAD_ALL_P, CT_LOAD_FIX_P, ...
    CT_LOAD_DIS_P, CT_TGENCOST, CT_TAREAGENCOST, CT_MODCOST_F, ...
    CT_MODCOST_X] = idx_ct;

loadprofile = struct( ...
    'type', 'mpcData', ...
    'table', CT_TAREALOAD, ...
    'rows', [1:11], ...
    'col', CT_LOAD_ALL_P, ...
    'chgtype', 1, ...
    'values', [] );
loadprofile.values(:,1,:) = [
	1484.1255 920.8742 1577.3489 544.1021 851.5926 1090.2 883.7838 267.3901 526.4464 4571.3087 1755.2761;
	1478.0 932.3 1605.8812 540.9667 864.9949 1108.8961 889.1 270.6549 534.7098 4578.6264 1756.09;
	1505.4 958.8708 1653.1483 554.9965 867.4 1133.0256 906.0 270.9943 536.6846 4546.7127 1814.265;
	1562.8839 1017.1 1736.909 553.9 908.4437 1209.981 955.6915 291.5006 573.4706 4803.3967 1929.878;
	1770.0 1158.3229 1958.333 603.5612 1056.7582 1385.9455 1084.8 357.2779 654.9891 5401.4131 2193.8713;
	1868.1664 1261.3762 2061.4434 615.5128 1092.3557 1443.326 1144.7 385.8567 722.0541 5955.9058 2325.8173;
	1875.7647 1244.9 2088.4196 608.2782 1114.5 1455.1 1163.1 389.9783 719.8784 6254.8668 2329.4081;
	1837.4969 1234.3668 2083.2293 555.128 1129.3047 1411.4621 1149.6062 380.2793 716.4211 6390.3196 2362.0321;
	1829.4679 1231.4965 2084.8954 526.8555 1123.8164 1410.6 1181.1691 383.9 732.4821 6520.7423 2361.7418;
	1835.6624 1208.4254 2084.0521 540.817 1113.021 1429.2706 1191.2193 384.86 742.7968 6507.1681 2326.2525;
	1809.5844 1201.5894 2022.7238 576.8 1103.3 1497.6382 1198.1626 390.9657 748.3371 6499.3226 2436.6919;
	1768.2458 1161.0913 1950.969 550.4852 1073.3234 1477.4976 1185.843 391.9898 705.4267 6430.2961 2381.6091;
	1726.2836 1176.107 1942.607 574.9241 1043.5 1502.483 1203.7971 374.8063 712.4 6413.3 2358.5093;
	1706.6554 1156.4 1969.1938 581.6147 1048.3 1460.956 1201.7386 351.9806 766.383 6494.0623 2332.7218;
	1712.423 1168.8004 1927.7952 578.5709 1054.7986 1465.3914 1194.8304 361.1024 734.5055 6540.2661 2312.6794;
	1724.3333 1189.7979 1995.4843 595.9895 1081.5168 1475.1533 1191.9203 367.3605 744.505 6523.1721 2346.4648;
	1702.875 1178.1453 1985.1553 584.5 1087.2184 1518.1439 1176.6 377.4 736.1567 6381.5171 2466.4;
	1801.3522 1222.3471 2046.6818 599.6 1138.309 1563.9746 1240.3316 404.0392 754.5 6411.5191 2535.82;
	1844.6472 1233.6539 2009.3532 582.7058 1093.6865 1514.2545 1212.0 396.0923 763.5714 6258.441 2485.7277;
	1804.0336 1164.1798 1912.6785 581.7879 1013.9954 1471.1648 1170.7037 373.1185 728.7799 6077.0349 2400.7061;
	1696.2714 1061.4877 1761.554 559.8987 930.148 1351.5912 1081.6907 345.9457 681.112 5680.3412 2224.337;
	1628.8 1004.9427 1658.4173 553.8983 874.0 1271.1505 1013.0943 327.4 609.5408 5262.9395 2014.9104;
	1560.7103 965.3 1635.8892 558.8504 859.9385 1223.1 994.3126 306.8226 578.699 5063.4871 1988.2141;
	1558.929 956.9967 1638.4201 559.4909 821.7926 1183.5553 955.9003 276.1558 533.5 4746.049 1960.3843;
];
