function solarprofile = ex_solar_profilesh1
%EX_WIND_PROFILE_D  Example wind_load_nyiso profile data for deterministic unit commitment.
% 2022.03.12
% Andres F. Ramirez


%% define constants
[GEN_BUS, PG, QG, QMAX, QMIN, VG, MBASE, GEN_STATUS, PMAX, PMIN, ...
    MU_PMAX, MU_PMIN, MU_QMAX, MU_QMIN, PC1, PC2, QC1MIN, QC1MAX, ...
    QC2MIN, QC2MAX, RAMP_AGC, RAMP_10, RAMP_30, RAMP_Q, APF] = idx_gen;
[CT_LABEL, CT_PROB, CT_TABLE, CT_TBUS, CT_TGEN, CT_TBRCH, CT_TAREABUS, ...
    CT_TAREAGEN, CT_TAREABRCH, CT_ROW, CT_COL, CT_CHGTYPE, CT_REP, ...
    CT_REL, CT_ADD, CT_NEWVAL, CT_TLOAD, CT_TAREALOAD, CT_LOAD_ALL_PQ, ...
    CT_LOAD_FIX_PQ, CT_LOAD_DIS_PQ, CT_LOAD_ALL_P, CT_LOAD_FIX_P, ...
    CT_LOAD_DIS_P, CT_TGENCOST, CT_TAREAGENCOST, CT_MODCOST_F, ...
    CT_MODCOST_X] = idx_ct;

solarprofile = struct( ...
    'type', 'mpcData', ...
    'table', CT_TGEN, ...
    'rows', [1:12], ...
    'col', PMAX, ...
    'chgtype', 1, ...
    'values', [] );
solarprofile.values(:,1,:) = [
	0.0 0.0 0.0 0.0 0.0 0.0 0.0 0.0 0.0 0.0 0.0 0.0;
	0.0 0.0 0.0 0.0 0.0 0.0 0.0 0.0 0.0 0.0 0.0 0.0;
	0.0 0.0 0.0 0.0 0.0 0.0 0.0 0.0 0.0 0.0 0.0 0.0;
	0.0 0.0 0.0 0.0 0.0 0.0 0.0 0.0 0.0 0.0 0.0 0.0;
	0.0 0.0 0.0 0.0 0.0 0.0 0.0 0.0 0.0 0.0 0.0 0.0;
	0.1645 0.1642 0.2483 0.0 0.0 0.0 0.0 0.0 0.0 0.0 0.0 0.0;
	11.2307 11.9639 8.7478 0.5374 0.1905 188.0947 23.5118 26.5427 88.3492 76.8874 28.623 139.2435;
	16.8357 14.861 11.4718 2.2877 1.1557 307.4247 38.4281 29.1816 146.4788 188.508 143.0018 341.3892;
	20.0832 16.6083 13.8 5.4709 3.2081 326.118 40.7648 26.2101 139.6391 206.1426 149.3328 373.3255;
	25.5011 16.474 13.7624 8.0182 6.823 217.7911 27.2239 21.6749 44.5862 181.4702 169.7885 328.6437;
	26.0796 16.5677 13.8451 7.6388 7.7367 206.9622 25.8703 39.5991 69.0387 248.9567 234.1234 450.862;
	26.3241 16.7072 13.8595 7.1262 7.4435 166.799 20.8499 47.5014 116.0656 268.8111 252.7605 486.8185;
	25.8512 16.5546 13.7855 9.6611 10.5157 231.1979 28.8997 60.4029 193.8952 341.4098 253.7142 618.2951;
	22.7717 16.3881 13.6973 9.1659 10.7108 229.6884 28.711 56.9964 156.9156 326.5463 219.7725 591.3773;
	17.3571 13.9448 11.0752 7.3346 10.4478 181.3923 22.674 50.3182 82.6414 195.6627 168.5123 354.3463;
	13.8009 9.515 8.3139 6.1444 13.2633 119.1667 14.8958 42.7516 56.3214 174.5248 145.0278 316.0654;
	1.3945 1.1955 0.8388 1.5897 4.5179 58.226 7.2783 12.6682 40.579 67.2055 51.9466 121.7096;
	0.0 0.0 0.0 0.0 0.0 0.0 0.0 0.0 0.0 0.0 0.0 0.0;
	0.0 0.0 0.0 0.0 0.0 0.0 0.0 0.0 0.0 0.0 0.0 0.0;
	0.0 0.0 0.0 0.0 0.0 0.0 0.0 0.0 0.0 0.0 0.0 0.0;
	0.0 0.0 0.0 0.0 0.0 0.0 0.0 0.0 0.0 0.0 0.0 0.0;
	0.0 0.0 0.0 0.0 0.0 0.0 0.0 0.0 0.0 0.0 0.0 0.0;
	0.0 0.0 0.0 0.0 0.0 0.0 0.0 0.0 0.0 0.0 0.0 0.0;
	0.0 0.0 0.0 0.0 0.0 0.0 0.0 0.0 0.0 0.0 0.0 0.0;
];
