function loadprofile = ex_load_profilesh1
%EX_LOAD_PROFILE  Example load profile data file for stochastic unit commitment.
% 2022.03.12
% Andres F. Ramirez

%% define constants
[CT_LABEL, CT_PROB, CT_TABLE, CT_TBUS, CT_TGEN, CT_TBRCH, CT_TAREABUS, ...
    CT_TAREAGEN, CT_TAREABRCH, CT_ROW, CT_COL, CT_CHGTYPE, CT_REP, ...
    CT_REL, CT_ADD, CT_NEWVAL, CT_TLOAD, CT_TAREALOAD, CT_LOAD_ALL_PQ, ...
    CT_LOAD_FIX_PQ, CT_LOAD_DIS_PQ, CT_LOAD_ALL_P, CT_LOAD_FIX_P, ...
    CT_LOAD_DIS_P, CT_TGENCOST, CT_TAREAGENCOST, CT_MODCOST_F, ...
    CT_MODCOST_X] = idx_ct;

loadprofile = struct( ...
    'type', 'mpcData', ...
    'table', CT_TAREALOAD, ...
    'rows', [1:11], ...
    'col', CT_LOAD_ALL_P, ...
    'chgtype', 1, ...
    'values', [] );
loadprofile.values(:,1,:) = [
	1718.4381 981.5478 1739.9891 565.3 807.5 1104.3792 930.5715 297.1863 580.3489 4701.2783 1812.3284;
	1639.505 961.5771 1713.608 571.4804 809.3105 1069.9931 908.9161 284.1 564.3869 4518.1565 1746.3826;
	1641.5545 973.9 1711.8543 577.3122 795.538 1066.8033 895.8 276.2302 542.7462 4533.4043 1769.6658;
	1726.3311 1051.2 1847.3567 609.2 855.0567 1168.6987 970.9811 311.7 591.3689 4828.0958 1927.0647;
	1856.9362 1167.9 2025.3971 644.6429 973.05 1318.0461 1056.1664 351.5 653.3811 5357.4311 2178.9144;
	1939.3 1232.3 2127.223 646.5 1023.7955 1380.8245 1090.396 384.7059 698.8587 5897.293 2292.336;
	1955.3473 1237.2387 2135.0376 632.3 1019.7369 1411.8485 1125.1517 390.0966 708.2752 6263.2776 2315.6996;
	1987.4693 1238.7515 2135.9184 618.8379 997.2337 1396.2818 1127.4644 391.5402 728.515 6492.6616 2303.9258;
	1969.0179 1211.6839 2093.4722 601.1033 970.576 1336.6184 1129.7047 392.8889 752.3561 6557.2939 2332.8176;
	1931.3909 1187.0527 2045.7431 597.5811 974.998 1289.4366 1089.2 379.9126 742.3978 6458.3302 2280.1417;
	1905.7239 1191.5828 2066.4276 601.4946 971.6455 1254.4105 1075.0229 383.8756 724.2194 6407.0581 2212.8855;
	1897.2454 1159.2452 1994.2 591.245 947.6058 1275.6866 1015.4 356.6 695.1958 6304.9408 2151.3246;
	1859.1753 1131.012 1947.6873 588.2804 919.0132 1235.6696 1012.9138 324.3033 682.851 6022.8317 2141.5;
	1844.4037 1127.4 1911.4523 582.3982 899.3635 1217.7118 1044.5807 336.5611 684.1822 5998.9748 2173.2;
	1841.6964 1145.2688 1865.5225 569.5744 901.9906 1323.2723 1097.3223 341.0025 702.4463 6206.898 2315.277;
	1819.9513 1159.0101 1875.0093 564.4434 909.4347 1362.4567 1122.5276 361.2742 699.621 6184.8581 2410.9528;
	1827.7 1189.9419 1954.0639 584.5928 956.7159 1442.259 1157.3404 381.3533 694.3148 6089.5655 2465.6;
	1859.7 1192.4061 1955.6925 599.9919 996.3273 1487.3951 1198.1296 400.9 715.7231 5893.0361 2516.388;
	1893.0585 1239.9087 2035.1057 614.3 1034.4666 1517.8913 1261.9807 408.0 725.7993 5841.6286 2520.1168;
	1855.6619 1174.4863 1888.0066 601.2056 953.1367 1413.3259 1145.5028 374.018 664.6 5118.4095 2336.0217;
	1799.6917 1098.634 1783.1818 573.8 916.6436 1313.2656 1072.8463 351.1 643.2535 5223.597 2186.4565;
	1672.7492 1023.6005 1671.7557 576.4695 875.8677 1212.6902 983.1715 316.1746 591.8927 4940.2125 1971.5;
	1629.1745 931.8765 1618.2947 578.9495 787.2965 1104.3386 900.394 299.5 550.2883 4839.5086 1846.1811;
	1594.4992 903.115 1607.056 564.749 770.8378 1074.2801 904.2024 277.5953 545.6468 4561.4747 1796.1;
];
