function loadprofile = ex_load_profilesh1
%EX_LOAD_PROFILE  Example load profile data file for stochastic unit commitment.
% 2022.03.12
% Andres F. Ramirez

%% define constants
[CT_LABEL, CT_PROB, CT_TABLE, CT_TBUS, CT_TGEN, CT_TBRCH, CT_TAREABUS, ...
    CT_TAREAGEN, CT_TAREABRCH, CT_ROW, CT_COL, CT_CHGTYPE, CT_REP, ...
    CT_REL, CT_ADD, CT_NEWVAL, CT_TLOAD, CT_TAREALOAD, CT_LOAD_ALL_PQ, ...
    CT_LOAD_FIX_PQ, CT_LOAD_DIS_PQ, CT_LOAD_ALL_P, CT_LOAD_FIX_P, ...
    CT_LOAD_DIS_P, CT_TGENCOST, CT_TAREAGENCOST, CT_MODCOST_F, ...
    CT_MODCOST_X] = idx_ct;

loadprofile = struct( ...
    'type', 'mpcData', ...
    'table', CT_TAREALOAD, ...
    'rows', [1:11], ...
    'col', CT_LOAD_ALL_P, ...
    'chgtype', 1, ...
    'values', [] );
loadprofile.values(:,1,:) = [
	1446.0784 898.7634 1623.309 581.5734 846.6201 1185.5742 880.1249 230.0214 465.1847 4438.8581 1686.9186;
	1468.1217 906.8999 1606.0303 583.8858 811.8255 1183.0911 886.0 247.0 476.4755 4426.0746 1683.8088;
	1482.4533 901.1939 1642.8225 589.4934 850.3751 1212.0998 886.9402 246.6452 468.0722 4330.4105 1697.7154;
	1544.0556 970.033 1751.5229 605.2 902.2892 1300.1336 951.8764 272.271 507.6855 4651.1174 1805.7344;
	1677.653 1078.1882 1941.3797 629.6 998.9965 1425.191 1027.3 328.6 571.2569 5227.4881 2060.7997;
	1782.4917 1172.7033 2069.5336 663.0 1047.376 1493.6274 1079.1175 354.4 638.1504 5888.3422 2249.3;
	1842.0024 1214.6644 2111.0476 656.1061 1055.5163 1516.3695 1122.2614 351.2666 669.3 6308.9915 2300.3095;
	1871.4873 1205.3268 2115.2989 620.6537 1046.6841 1507.0898 1142.1801 356.4577 682.9634 6539.0045 2276.5246;
	1911.1 1210.3566 2132.9333 616.8982 1034.4699 1495.9095 1117.9796 346.3647 685.9928 6595.0506 2252.108;
	1900.0984 1199.4977 2128.7377 610.1461 1051.4746 1516.9268 1116.2959 344.4718 678.975 6578.1 2231.531;
	1861.9791 1182.0858 2101.9386 602.6 1031.6321 1467.3938 1097.273 348.4742 631.9974 6470.0688 2215.0192;
	1816.3102 1175.7826 2072.3984 601.0 1048.5 1480.0089 1051.9582 350.9004 635.5228 6515.476 2174.1609;
	1763.9514 1161.2094 2048.4434 601.4453 1021.2735 1475.7197 1050.5683 338.7 615.1921 6547.7713 2255.0367;
	1734.9121 1159.0272 2068.1464 613.1 1025.2098 1450.0997 1051.0275 321.949 596.9508 6488.1238 2135.789;
	1801.4873 1166.7407 2090.3305 618.3119 1051.9 1451.3059 1061.9691 322.5363 577.8099 6465.2244 2158.2797;
	1856.9812 1201.5123 2128.8149 627.9652 1083.2077 1510.7465 1143.1178 335.1906 595.0851 6543.2572 2281.1389;
	1825.584 1188.2663 2075.8667 621.0574 1095.3575 1505.8149 1162.1638 349.0282 603.838 6549.4087 2434.0692;
	1864.6638 1231.0468 2109.8 623.9 1113.8324 1583.5221 1214.0494 368.2 644.9417 6489.5677 2561.0802;
	1918.3 1256.396 2153.3129 640.2 1108.0 1535.7647 1197.6783 367.02 664.2829 6362.8616 2511.6;
	1854.5633 1199.0 2043.4791 629.4209 1039.1026 1495.2459 1159.6249 364.4873 658.6534 6282.0626 2405.9379;
	1723.3172 1089.2117 1892.169 592.3632 975.8 1395.211 1056.974 329.3298 598.3822 5723.9021 2157.9045;
	1642.5 1026.8665 1798.4581 574.5599 924.3948 1333.6692 997.8543 302.4279 549.8 5389.3874 2000.9593;
	1588.5889 961.435 1732.1203 568.7345 858.5112 1275.0544 942.4904 233.9 522.0182 5119.9835 1884.814;
	1539.4479 964.5 1712.7401 574.095 829.3482 1227.6135 924.8421 244.2438 533.5 5070.993 1823.1408;
];
