function windprofile = ex_wind_profilesh1
%EX_WIND_PROFILE_D  Example wind_load_nyiso profile data for deterministic unit commitment.
% 2022.03.12
% Andres F. Ramirez


%% define constants
[GEN_BUS, PG, QG, QMAX, QMIN, VG, MBASE, GEN_STATUS, PMAX, PMIN, ...
    MU_PMAX, MU_PMIN, MU_QMAX, MU_QMIN, PC1, PC2, QC1MIN, QC1MAX, ...
    QC2MIN, QC2MAX, RAMP_AGC, RAMP_10, RAMP_30, RAMP_Q, APF] = idx_gen;
[CT_LABEL, CT_PROB, CT_TABLE, CT_TBUS, CT_TGEN, CT_TBRCH, CT_TAREABUS, ...
    CT_TAREAGEN, CT_TAREABRCH, CT_ROW, CT_COL, CT_CHGTYPE, CT_REP, ...
    CT_REL, CT_ADD, CT_NEWVAL, CT_TLOAD, CT_TAREALOAD, CT_LOAD_ALL_PQ, ...
    CT_LOAD_FIX_PQ, CT_LOAD_DIS_PQ, CT_LOAD_ALL_P, CT_LOAD_FIX_P, ...
    CT_LOAD_DIS_P, CT_TGENCOST, CT_TAREAGENCOST, CT_MODCOST_F, ...
    CT_MODCOST_X] = idx_ct;

windprofile = struct( ...
    'type', 'mpcData', ...
    'table', CT_TGEN, ...
    'rows', [1:45], ...
    'col', PMAX, ...
    'chgtype', 1, ...
    'values', [] );
windprofile.values(:,1,:) = [
	3.6448 49.2488 88.4387 107.9891 14.0612 30.2591 28.0571 10.7566 26.3833 26.8978 49.7201 74.1726 111.6664 65.4319 176.3567 66.4414 82.4365 87.3581 70.1378 71.7596 9.3524 70.6046 69.6269 84.3095 86.0774 59.7452 7.5977 1107.9752 759.0102 759.0102 715.8991 115.0489 233.7926 184.7094 205.1379 323.8444 1074.2452 287.8099 442.1594 230.5644 111.1332 335.6743 174.4983 234.6215 1085.4352;
	3.605 48.7109 85.4512 107.9078 14.2992 29.6643 27.9886 10.6177 26.6846 25.3027 46.7717 69.7742 105.0446 66.9329 182.8869 68.9016 85.489 90.5928 68.9965 70.6943 9.3295 69.2166 69.1941 82.5775 87.9501 61.4831 7.5481 1139.9391 782.7606 782.7606 763.5394 118.6618 229.9885 181.9673 209.8438 333.9779 1160.9479 271.7957 444.9062 235.5807 109.9765 329.0757 172.6882 238.08 1173.0411;
	3.604 48.6978 85.2089 94.994 14.2093 29.5018 25.5863 9.6601 26.05 23.7671 43.9331 65.5395 98.6694 65.8654 171.6836 64.6808 80.2521 85.0432 77.3198 68.5453 8.5288 68.8376 48.9942 82.3117 78.0963 60.7711 8.2477 1182.857 786.9351 786.9351 771.7646 116.9354 257.7327 176.4357 206.4968 335.759 1159.6109 272.9051 445.5014 209.1865 111.0407 327.2734 166.7899 252.6873 1171.6902;
	3.2456 43.8558 77.7796 89.0914 14.063 27.2193 21.9642 8.5814 25.6043 24.8247 45.888 68.4559 103.06 64.7808 174.7876 65.8502 81.703 86.5808 84.1088 71.4751 7.3214 63.5116 63.6144 81.3828 74.6699 51.497 6.8163 1184.8451 794.4989 794.4989 763.1733 116.1418 280.3628 183.9771 203.0965 338.9862 1191.4179 264.1639 422.2756 200.0087 110.5942 301.9522 173.8747 236.1356 1203.8285;
	3.3509 45.2776 76.0423 72.0831 13.8351 25.013 19.3666 7.0881 21.0303 25.2643 46.7006 69.6681 104.8849 66.0463 157.5232 59.346 73.633 78.029 82.1924 69.5627 6.4555 58.3637 64.8068 83.0511 60.8905 44.2079 5.9103 1144.2613 764.5232 764.5232 711.2245 111.7033 273.9746 179.0546 207.064 326.1966 1132.711 243.1695 369.343 163.0995 107.0079 277.4779 178.592 218.1559 1144.5101;
	3.3362 45.0791 71.6897 67.5113 13.5708 24.5605 17.4436 5.3461 21.5922 25.6328 47.3818 70.6843 106.4149 64.2339 160.2131 60.3594 74.8903 79.3614 79.589 68.6307 5.8145 57.3078 65.314 78.5442 47.1496 29.7092 3.2741 1081.9149 689.5183 689.5183 649.9872 96.9238 265.2968 176.6556 201.382 294.1945 1082.0605 218.9688 307.7551 126.2936 97.5186 272.4575 166.5209 177.1102 1093.3319;
	3.1434 42.4747 67.9202 60.1952 13.989 28.4693 15.8619 5.2655 17.3383 25.3862 46.926 70.0044 105.3912 67.2563 172.621 65.034 80.6903 85.5076 84.1274 71.8236 5.2873 66.4284 69.0173 72.323 43.3731 22.9803 3.9519 1139.07 658.3724 658.3724 559.032 67.262 280.4248 184.8743 210.8575 280.9056 1038.6257 201.5435 276.586 116.178 82.5274 315.8196 148.4558 136.133 1049.4448;
	3.625 48.9818 71.9296 68.5019 14.7553 29.1554 19.0777 5.1386 16.6655 23.0415 42.5919 63.5387 95.6571 69.2544 178.1151 67.1038 83.2584 88.2291 84.8684 71.3974 6.3592 68.0292 51.531 75.7901 53.9806 17.4195 3.3189 1157.6287 668.65 668.65 647.0669 64.9255 282.8948 183.7771 217.122 285.2907 1046.4042 205.7534 268.6006 144.5909 83.1928 323.4305 155.2043 140.605 1057.3042;
	3.1675 42.7994 64.0024 67.803 15.043 25.1087 18.6293 3.7495 21.5713 22.9566 42.435 63.3047 95.3048 69.4076 173.6588 65.4249 81.1754 86.0217 88.7221 67.1173 6.2098 58.587 52.0987 72.3401 51.8993 13.0321 2.53 1167.4865 779.6633 779.6633 774.7524 95.0104 295.7403 172.7601 217.6021 332.6563 1102.1753 245.8533 254.9499 139.0161 65.296 278.5393 147.8834 159.0104 1113.6563;
	2.7161 36.6999 52.2693 59.2815 14.5051 20.2025 21.4016 1.7955 21.5242 18.1572 33.5633 50.0699 75.3799 68.6777 165.8421 62.48 77.5215 82.1497 87.7865 62.5541 7.1339 47.1391 39.4639 56.2849 32.3474 5.7954 0.8727 1071.5922 781.0541 781.0541 774.9824 113.6538 292.6217 161.0145 215.3138 333.2498 1124.3513 241.6832 366.1174 86.6448 50.8276 224.1126 131.091 130.835 1136.0633;
	2.2028 29.7649 39.8784 43.9339 13.9513 15.4311 20.9514 0.8365 20.1999 15.6311 28.8938 43.1038 64.8926 66.5761 171.6303 64.6607 80.2272 85.0169 90.4654 66.0762 6.9838 36.0058 30.7944 41.2553 19.2274 2.1315 0.5806 1135.2737 787.854 787.854 785.518 113.8667 301.5515 170.0803 208.725 336.1511 1100.2065 249.198 400.4278 51.5019 39.0149 171.1819 92.3686 95.7461 1111.667;
	1.4293 19.3127 26.8681 25.0138 9.5986 10.0326 21.775 0.3182 18.065 15.7274 29.0719 43.3695 65.2925 65.5666 175.7384 66.2084 82.1475 87.0518 87.5093 65.2805 7.2583 23.4094 21.1812 2.9324 15.0311 0.0 0.627 953.0944 737.4383 737.4383 685.369 109.0579 291.6975 168.0322 205.5602 314.6403 980.3189 204.1097 400.1478 40.2617 31.0056 111.2952 58.9141 65.9891 990.5306;
	0.9742 13.1637 25.8738 24.9593 8.7745 6.8297 19.3282 1.1437 16.0798 13.5997 25.1389 37.5023 56.4594 62.4249 182.0995 68.6049 85.1209 90.2028 84.9395 63.6034 6.4427 15.9361 34.6066 33.0224 20.6881 3.0567 2.1987 846.5309 730.1568 730.1568 664.0239 105.5278 283.1317 163.7154 195.7104 311.5336 919.1201 209.5227 422.8678 55.4146 31.9409 75.7645 41.6982 48.7024 928.6943;
	0.6522 8.813 22.7404 29.6441 7.615 6.7067 11.9388 0.0401 11.0294 16.0118 29.5976 44.1538 66.4733 63.2167 180.4576 67.9864 84.3534 89.3895 86.1122 67.0722 3.9796 15.6491 43.8947 29.6262 22.4467 0.2106 0.8954 856.0438 686.4761 686.4761 681.7976 99.8744 287.0407 172.6439 198.193 292.8965 786.3905 210.1621 358.6023 60.125 26.4118 74.4002 33.4016 52.1635 794.5821;
	0.6514 8.8017 20.7755 0.4349 6.5874 7.2259 10.6392 0.8057 12.2602 15.1455 27.9963 41.765 62.8769 63.8846 168.2842 63.4001 78.6631 83.3594 73.4259 67.2382 3.5464 16.8604 53.7858 37.1997 20.2825 1.0293 2.6827 772.7136 639.1189 639.1189 620.1549 85.5872 244.7529 173.0712 200.287 272.6907 746.8046 193.4979 329.7727 54.328 28.7797 80.159 26.5486 55.5148 754.5838;
	0.4998 6.753 14.9349 25.5627 7.149 0.0 4.9051 0.1608 4.9774 14.0951 26.0545 38.8682 58.5159 62.4562 162.425 61.1927 75.9243 80.4571 70.7561 67.547 1.635 0.0 53.9937 37.2708 17.7349 0.934 1.8808 685.7727 510.5903 510.5903 532.437 81.7385 235.8538 173.8662 195.8086 217.8519 560.5145 184.5663 222.0924 47.5041 27.3031 0.0 0.0 27.9281 566.3532;
	0.4587 6.1985 0.0 0.0 6.6528 0.0 4.0683 0.0 11.5527 17.0456 31.5086 47.0046 70.7651 64.2404 163.7687 61.6989 76.5524 81.1227 77.8905 62.0989 1.3561 0.0 53.1319 19.436 4.2562 0.3621 0.6394 708.6931 522.0475 522.0475 579.3003 77.9761 259.6351 159.8427 201.4022 222.7403 703.3268 188.6486 236.5608 11.4006 30.6168 0.0 0.0 14.2918 710.6531;
	0.9411 12.7157 0.0 0.0 2.1658 0.0224 3.5703 0.0 0.2613 18.7519 34.6626 51.7097 77.8487 66.8612 125.1505 47.1497 58.5006 61.9931 78.477 50.1575 1.1901 0.0523 65.3299 3.3202 5.381 0.0 0.9781 758.9392 563.4446 563.4446 627.8394 85.0705 261.59 129.1055 209.6188 240.403 748.4212 200.3773 323.3572 14.4134 73.6074 0.2488 0.0 0.9793 756.2172;
	0.421 5.6885 22.8979 38.2253 0.1206 1.6612 2.9798 1.1985 2.0868 21.7423 40.1904 59.9561 90.2636 63.1908 112.2048 42.2725 52.4492 55.5805 0.0465 60.4559 0.9933 3.8762 68.9127 38.233 12.4077 3.1969 1.9227 789.4733 530.7648 530.7648 636.5955 81.623 0.1551 155.6136 198.1117 226.4596 696.1605 191.1134 323.5413 33.2348 86.9613 18.4286 0.0077 0.0124 703.4122;
