function loadprofile = ex_load_profilesh1
%EX_LOAD_PROFILE  Example load profile data file for stochastic unit commitment.
% 2022.03.12
% Andres F. Ramirez

%% define constants
[CT_LABEL, CT_PROB, CT_TABLE, CT_TBUS, CT_TGEN, CT_TBRCH, CT_TAREABUS, ...
    CT_TAREAGEN, CT_TAREABRCH, CT_ROW, CT_COL, CT_CHGTYPE, CT_REP, ...
    CT_REL, CT_ADD, CT_NEWVAL, CT_TLOAD, CT_TAREALOAD, CT_LOAD_ALL_PQ, ...
    CT_LOAD_FIX_PQ, CT_LOAD_DIS_PQ, CT_LOAD_ALL_P, CT_LOAD_FIX_P, ...
    CT_LOAD_DIS_P, CT_TGENCOST, CT_TAREAGENCOST, CT_MODCOST_F, ...
    CT_MODCOST_X] = idx_ct;

loadprofile = struct( ...
    'type', 'mpcData', ...
    'table', CT_TAREALOAD, ...
    'rows', [1:11], ...
    'col', CT_LOAD_ALL_P, ...
    'chgtype', 1, ...
    'values', [] );
loadprofile.values(:,1,:) = [
	1536.2021 1003.2513 1671.3829 587.9 838.1585 1245.4545 876.5186 220.3359 474.7864 4495.606 1672.3499;
	1524.7699 1002.9742 1675.5069 589.432 837.5 1244.503 885.2 231.527 486.2 4494.9541 1684.6629;
	1569.2083 1015.5296 1709.4 584.3176 851.1 1267.8508 906.6692 228.2858 499.1901 4462.5861 1711.3166;
	1633.7229 1088.8286 1814.3 602.5765 920.8 1335.3102 959.7487 262.0877 546.6176 4759.4488 1840.7965;
	1792.0967 1223.2119 2031.3455 633.7 1022.309 1498.2767 1052.6 306.8559 616.4339 5271.4 2069.7903;
	1945.7772 1334.9505 2169.3598 641.5347 1121.2308 1603.1159 1138.7767 337.2955 671.7786 5932.0711 2215.9974;
	1997.8608 1332.3266 2166.2 649.4294 1115.8875 1594.8718 1180.7875 332.3729 673.2501 6218.4 2205.7705;
	2038.0071 1341.7538 2127.9871 652.0253 1119.527 1558.8635 1178.0603 315.93 651.0783 6322.1485 2174.124;
	2042.0052 1334.9275 2126.2 640.3265 1096.3097 1557.3 1211.9517 336.8056 667.3654 6461.5716 2225.3816;
	2004.2565 1298.3016 2077.8184 609.9736 1065.0127 1513.9 1140.9778 316.6499 618.5081 6401.3564 2121.6212;
	1986.0245 1312.6124 2053.1 618.9804 1057.8459 1467.3 1090.5 299.3814 524.2076 6250.3724 1950.8508;
	1968.2391 1257.5564 1979.2277 611.7898 1027.4455 1398.7475 1075.6598 302.2149 585.0573 6205.289 1953.2274;
	1926.7198 1249.7698 1930.0 610.6 984.107 1441.7062 1064.7223 311.3948 604.1302 6169.8043 1992.4736;
	1873.3978 1227.1125 1884.3322 598.9397 987.1758 1403.6338 1055.1809 315.6037 552.4046 6165.1769 2036.5144;
	1854.4 1193.0521 1870.1701 610.4 998.0771 1402.2 1073.3159 311.8408 544.0691 6289.5652 2155.1664;
	1910.9939 1245.4721 1955.4821 629.6521 1070.0898 1510.9783 1127.7438 328.6063 592.3825 6334.8266 2281.1492;
	1850.3851 1215.7487 1919.3758 627.0579 1043.4205 1463.2127 1104.6764 330.6827 513.4399 6202.1333 2345.2;
	1914.2275 1307.2088 2023.5248 650.1665 1093.9872 1560.7463 1208.6846 370.3739 674.3531 6407.7225 2525.4383;
	1873.2 1277.3017 2026.2778 653.6875 1078.2019 1518.9 1165.8889 351.8188 667.3588 6158.7442 2445.0;
	1873.0964 1238.4 1991.2157 626.0251 1044.0154 1464.9428 1152.2513 349.145 657.8449 6051.161 2386.3288;
	1736.9869 1147.1031 1860.1276 603.8678 967.9639 1356.5 1072.4595 343.3 613.3149 5736.0551 2179.2455;
	1626.0859 1049.9 1707.7672 573.6 902.0685 1266.551 994.8155 313.0149 529.1622 5253.9023 1967.4776;
	1608.4893 1035.129 1723.0362 577.0 873.4851 1230.5 954.1944 271.7255 490.2898 4882.6296 1812.5568;
	1581.3014 1009.2908 1704.9776 575.7406 860.2568 1212.7032 925.6844 257.1199 461.0711 4706.9127 1726.1982;
];
