function windprofile = ex_wind_profilesh1
%EX_WIND_PROFILE_D  Example wind_load_nyiso profile data for deterministic unit commitment.
% 2022.03.12
% Andres F. Ramirez


%% define constants
[GEN_BUS, PG, QG, QMAX, QMIN, VG, MBASE, GEN_STATUS, PMAX, PMIN, ...
    MU_PMAX, MU_PMIN, MU_QMAX, MU_QMIN, PC1, PC2, QC1MIN, QC1MAX, ...
    QC2MIN, QC2MAX, RAMP_AGC, RAMP_10, RAMP_30, RAMP_Q, APF] = idx_gen;
[CT_LABEL, CT_PROB, CT_TABLE, CT_TBUS, CT_TGEN, CT_TBRCH, CT_TAREABUS, ...
    CT_TAREAGEN, CT_TAREABRCH, CT_ROW, CT_COL, CT_CHGTYPE, CT_REP, ...
    CT_REL, CT_ADD, CT_NEWVAL, CT_TLOAD, CT_TAREALOAD, CT_LOAD_ALL_PQ, ...
    CT_LOAD_FIX_PQ, CT_LOAD_DIS_PQ, CT_LOAD_ALL_P, CT_LOAD_FIX_P, ...
    CT_LOAD_DIS_P, CT_TGENCOST, CT_TAREAGENCOST, CT_MODCOST_F, ...
    CT_MODCOST_X] = idx_ct;

windprofile = struct( ...
    'type', 'mpcData', ...
    'table', CT_TGEN, ...
    'rows', [1:45], ...
    'col', PMAX, ...
    'chgtype', 1, ...
    'values', [] );
windprofile.values(:,1,:) = [
	3.627 49.0088 90.4792 115.0441 14.2573 30.9784 26.6296 13.3324 27.9952 28.0612 51.8707 77.3809 116.4966 67.4925 184.2237 69.4052 86.1139 91.255 89.878 69.1924 8.8765 72.283 68.5497 87.1437 97.911 64.7732 9.7015 1250.8703 790.2787 790.2787 768.8157 117.8135 299.5933 178.1015 211.5981 337.1856 1177.2421 307.1748 454.8838 262.2617 114.4487 343.6542 194.3935 233.3797 1189.505;
	3.8117 51.5049 84.9409 111.4381 14.2789 32.5049 27.7283 10.9834 28.3762 27.1401 50.1681 74.841 112.6727 67.5341 187.5374 70.6536 87.6628 92.8964 91.9944 70.0612 9.2428 75.8447 72.2051 84.7958 97.0643 60.0394 7.5113 1225.9529 799.6629 799.6629 803.1705 117.8079 306.648 180.3377 211.7284 341.1895 1260.2771 299.2164 458.5971 259.9936 112.8107 360.5874 201.7031 237.5647 1273.4049;
	3.7438 50.5864 78.8988 96.4955 13.9885 31.5714 24.905 8.9431 28.0154 27.3927 50.635 75.5375 113.7213 66.4626 179.5846 67.6574 83.9453 88.957 92.7771 69.3366 8.3017 73.6665 70.2198 81.1793 78.481 54.3235 7.324 1209.0369 813.0037 813.0037 811.4531 118.1016 309.2571 178.4727 208.3693 346.8816 1222.508 292.324 458.7129 210.2169 108.5198 350.2316 182.6846 230.5075 1235.2424;
	3.6254 48.9875 79.303 101.1447 13.9777 32.6508 22.3824 10.2334 27.3504 27.6959 51.1955 76.3736 114.98 65.1755 184.0864 69.3535 86.0497 91.187 92.1354 70.5474 7.4608 76.1852 72.6959 82.97 77.0394 50.3505 7.122 1241.8425 840.2271 840.2271 801.9229 119.3662 307.118 181.5891 204.3339 358.4969 1238.3491 286.4042 443.6175 206.3556 108.4019 362.2062 189.1571 224.9319 1251.2485;
	3.6095 48.7726 79.7979 88.4179 14.2041 33.3068 19.3155 9.1017 24.9248 27.9158 51.6019 76.9798 115.8927 67.5315 186.886 70.4082 87.3583 92.5738 92.6225 68.7378 6.4385 77.7159 71.6428 85.2407 69.9026 49.3497 7.3233 1289.2575 820.5944 820.5944 784.3547 114.4919 308.7418 176.9312 211.7205 350.1203 1240.9955 280.6657 411.2068 187.2391 103.6481 369.4835 198.3321 200.6194 1253.9225;
	3.5628 48.141 76.9676 81.3053 14.0578 31.9635 16.1533 7.1982 25.6247 28.1749 52.0809 77.6945 116.9686 65.6231 183.9621 69.3067 85.9916 91.1254 91.6526 67.9497 5.3844 74.5816 70.0677 81.9173 54.8453 34.8249 5.5578 1226.0578 756.6187 756.6187 713.6399 100.8285 305.5086 174.9027 205.7374 322.824 1221.7135 245.3088 353.8472 146.907 93.0579 354.582 188.5554 160.4218 1234.4396;
	3.3228 44.8989 67.7073 64.3385 14.3191 29.5162 13.3746 5.6035 19.5081 26.282 48.5818 72.4745 109.11 68.6094 183.1925 69.0167 85.6319 90.7442 89.2403 68.0026 4.4582 68.8711 68.7371 68.4707 48.0518 24.7962 4.4352 1224.9962 721.7188 721.7188 611.6492 67.0126 297.4678 175.0388 215.0997 307.9333 1166.5141 219.4583 274.794 128.7102 74.1072 327.4327 166.4326 123.6291 1178.6653;
	3.531 47.7115 68.4174 68.9272 14.3015 29.0373 14.802 5.559 17.6949 22.4244 41.4512 61.837 93.0952 68.2314 187.3002 70.5643 87.552 92.779 90.6695 68.7852 4.934 67.7536 51.4487 77.9441 56.2983 19.3356 3.7211 1198.0106 722.3217 722.3217 675.811 65.7217 302.2317 177.0533 213.9146 308.1906 1120.3353 233.3834 241.6039 150.799 81.1943 322.1199 154.2425 134.8677 1132.0055;
	3.0825 41.6507 59.2373 68.6503 15.0715 25.8601 15.6773 4.756 22.1289 20.2856 37.4976 55.939 84.2159 69.3402 188.3179 70.9477 88.0276 93.283 88.3403 67.4287 5.2258 60.3402 40.9196 82.4586 56.906 15.0602 2.9594 1199.109 823.2323 823.2323 776.7994 85.1632 294.4675 173.5616 217.3908 351.2458 1167.6422 274.1977 245.7824 152.4269 62.6068 286.8745 152.6881 157.5641 1179.8051;
	2.6363 35.6226 45.9073 61.6113 14.2565 17.8209 18.662 2.4452 22.513 16.9341 31.3023 46.6969 70.302 68.7983 183.9467 69.3008 85.9844 91.1178 85.0241 68.2367 6.2207 41.5821 29.7903 63.7652 33.6026 5.9029 1.3342 1087.7523 805.0733 805.0733 752.3686 99.9916 283.4137 175.6414 215.6919 343.4979 1117.4919 260.217 348.0589 90.0071 48.4265 197.6931 130.0387 118.3182 1129.1325;
	2.2288 30.1156 36.2788 48.9713 14.1242 15.2228 19.2677 1.4617 21.6102 15.0613 27.8406 41.5326 62.5272 67.6519 173.1899 65.2483 80.9562 85.7894 84.106 67.352 6.4226 35.5199 26.205 50.7623 22.6296 4.9092 4.6014 1066.0144 807.2754 807.2754 739.1003 98.6143 280.3532 173.3641 212.0978 344.4375 1045.5853 252.4299 396.0222 60.6149 39.7802 168.8716 97.3045 93.4735 1056.4768;
	1.4777 19.9665 28.2614 29.7956 10.1706 10.5463 20.528 1.5653 19.0262 15.1658 28.0338 41.821 62.9612 67.2069 172.7121 65.0683 80.7329 85.5527 82.8922 66.4013 6.8427 24.6079 16.9481 37.7384 21.2767 6.7712 5.9767 1019.5552 756.0363 756.0363 672.2895 96.0093 276.3072 170.9172 210.7028 322.5755 993.7577 220.6847 397.8996 56.9912 29.7755 116.9931 69.0702 75.9911 1004.1094;
	1.0826 14.6285 25.7064 29.1903 8.2319 8.68 20.5497 1.9934 16.7594 12.1894 22.5318 33.6131 50.6043 66.068 173.6558 65.4238 81.174 86.0202 85.8565 64.646 6.8499 20.2533 30.486 33.2273 22.0739 7.2082 2.4681 1048.4408 772.8452 772.8452 688.6973 95.2468 286.1885 166.399 207.132 329.7473 1033.466 230.2291 435.761 59.1264 29.023 96.2899 55.4259 49.8291 1044.2312;
	0.962 12.9994 23.8764 39.0437 7.9908 9.1628 14.3191 2.5259 15.2605 16.9569 31.3445 46.7598 70.3966 69.3304 175.4741 66.1089 82.024 86.9209 86.4491 63.9475 4.773 21.3798 45.0569 36.9512 24.5729 8.8196 3.5174 990.986 734.2451 734.2451 679.5068 90.6279 288.1638 164.6011 217.36 313.2779 882.2598 222.8402 433.0867 65.8204 34.8783 101.6459 43.632 61.9857 891.45;
	0.991 13.3907 24.0049 65.9405 7.339 9.7134 13.3447 1.9294 15.2321 16.2789 30.0913 44.8903 67.5821 67.3637 176.0745 66.335 82.3046 87.2183 80.6163 62.7155 4.4482 22.6647 55.3264 47.0706 25.2129 3.1876 3.2296 837.4972 667.6142 667.6142 610.2079 76.0007 268.721 161.43 211.1942 284.8487 775.4341 199.9416 371.8243 67.5347 33.8574 107.7543 41.2926 65.1196 783.5116;
	0.894 12.0795 15.5402 29.7853 6.8619 0.927 5.9155 1.4831 11.321 14.5217 26.8432 40.0447 60.2871 65.1107 163.448 61.5781 76.4024 80.9638 81.1411 64.8729 1.9718 2.1631 55.5307 37.2398 21.8652 2.1045 2.3659 781.8678 538.77 538.77 547.971 78.5835 270.4703 166.983 204.1308 229.8752 594.001 196.7445 242.0366 58.5675 29.2601 10.2838 3.6881 35.8923 600.1885;
	0.5161 6.9732 1.6716 49.145 6.1492 1.4093 4.0447 5.2413 12.5029 14.6976 27.1683 40.5297 61.0173 63.4371 166.679 62.7953 77.9127 82.5642 81.7625 54.0642 1.3482 3.2883 52.0208 36.7504 16.0381 3.8472 1.6546 759.2372 520.7314 520.7314 537.3406 69.3896 272.5416 139.1614 198.8838 222.1787 703.1385 189.7809 231.7071 42.9591 37.2373 15.6334 1.636 40.8642 710.4629;
	1.07 14.4575 2.1816 60.7326 2.6212 2.9717 1.2878 2.4035 5.02 19.0205 35.159 52.4503 78.9637 65.9425 136.2009 51.3129 63.666 67.4669 86.075 48.4446 0.4293 6.934 67.1052 37.2584 16.2906 2.6586 1.6777 708.6107 512.5808 512.5808 541.6756 78.0322 286.9168 124.6965 206.7385 218.7011 687.7869 193.3686 335.4436 43.6355 80.9981 32.9662 2.0865 25.8768 694.9513;
	0.4289 5.7956 22.7061 44.6061 0.0241 0.5501 1.1778 2.2374 3.7164 21.8104 40.3161 60.1437 90.546 61.8267 109.1299 41.1141 51.0119 54.0574 17.3463 58.0437 0.3926 1.2837 70.5597 48.7868 25.5282 5.6464 2.2794 757.3942 471.7565 471.7565 554.6173 70.867 57.821 149.4047 193.8351 201.2828 637.6493 174.8857 335.3656 68.379 95.1144 6.103 0.0 37.6147 644.2915;
