function loadprofile = ex_load_profilesh1
%EX_LOAD_PROFILE  Example load profile data file for stochastic unit commitment.
% 2022.03.12
% Andres F. Ramirez

%% define constants
[CT_LABEL, CT_PROB, CT_TABLE, CT_TBUS, CT_TGEN, CT_TBRCH, CT_TAREABUS, ...
    CT_TAREAGEN, CT_TAREABRCH, CT_ROW, CT_COL, CT_CHGTYPE, CT_REP, ...
    CT_REL, CT_ADD, CT_NEWVAL, CT_TLOAD, CT_TAREALOAD, CT_LOAD_ALL_PQ, ...
    CT_LOAD_FIX_PQ, CT_LOAD_DIS_PQ, CT_LOAD_ALL_P, CT_LOAD_FIX_P, ...
    CT_LOAD_DIS_P, CT_TGENCOST, CT_TAREAGENCOST, CT_MODCOST_F, ...
    CT_MODCOST_X] = idx_ct;

loadprofile = struct( ...
    'type', 'mpcData', ...
    'table', CT_TAREALOAD, ...
    'rows', [1:11], ...
    'col', CT_LOAD_ALL_P, ...
    'chgtype', 1, ...
    'values', [] );
loadprofile.values(:,1,:) = [
	1484.1321 978.7283 1645.3488 555.1782 789.1946 1164.1019 863.4723 288.8 496.883 4580.0942 1742.3163;
	1525.9 977.4784 1633.0289 545.9803 790.7998 1155.1728 877.4306 289.9013 493.7 4548.7132 1722.0;
	1531.2141 985.5813 1655.7041 567.1585 778.3501 1131.9973 859.6042 289.4716 471.7748 4543.8498 1743.8061;
	1604.8832 1063.9809 1791.3976 573.0918 898.3143 1222.1518 937.2012 329.0869 513.9723 4874.6927 1891.0;
	1752.5781 1154.6869 1955.4 598.6067 1008.706 1376.5715 1021.5251 358.3655 623.5694 5363.1357 2117.7987;
	1909.3649 1244.9998 2092.7544 619.5 1060.4441 1478.6 1102.5533 379.1382 695.1 6027.8491 2338.0649;
	1900.1477 1240.7 2094.6461 606.722 1056.8161 1468.8367 1113.8456 379.0072 714.7405 6352.2914 2337.3112;
	1921.0571 1240.0 2112.7487 613.1 1076.7 1497.4516 1151.6993 404.1 716.6 6609.2303 2372.7502;
	1912.9102 1256.5893 2147.6828 609.9 1078.0919 1524.6592 1154.8561 392.235 730.5 6628.8975 2400.1509;
	1901.6131 1229.9445 2096.2528 605.3749 1012.1094 1458.0329 1122.4 393.7 717.8413 6578.3735 2424.5472;
	1876.3681 1194.7992 2113.7198 601.8 998.4583 1430.2062 1126.459 416.0 718.8135 6719.6631 2390.896;
	1894.8724 1209.7269 2102.9822 602.6 989.9362 1480.0055 1151.5023 401.0371 710.8583 6681.57 2437.8743;
	1884.8958 1211.0892 2114.5534 603.8209 1014.3133 1499.7621 1153.2134 419.5884 682.9916 6712.0357 2490.9185;
	1823.1968 1167.9426 2036.0 572.6872 997.3806 1426.8649 1107.3854 420.2765 685.8236 6449.4258 2381.2059;
	1776.2007 1162.545 2083.6148 589.7557 1008.9891 1461.1705 1169.8277 423.0244 705.1341 6441.6213 2359.9746;
	1774.9648 1178.0 2042.9 597.0327 983.7 1455.328 1164.6515 445.2405 733.0871 6528.9347 2363.6324;
	1893.9114 1218.7 2092.8823 617.6261 1010.5551 1466.6763 1196.712 446.3801 736.9492 6411.2061 2439.2598;
	1940.8924 1255.9947 2195.4441 631.1982 1038.9636 1517.9492 1255.0 428.0143 769.0588 6434.0929 2555.4189;
	1920.6 1243.6652 2155.0093 638.1859 1042.1492 1500.1118 1220.4214 413.822 757.7568 6292.9344 2477.0927;
	1906.2956 1211.5611 2108.0312 626.651 1003.229 1456.4568 1166.3604 391.5005 722.2072 6106.9735 2382.9729;
	1873.3818 1142.2 1992.1844 586.3676 910.0649 1347.5 1096.5515 357.6329 679.2108 5756.3479 2208.5249;
	1724.5 1042.61 1891.2193 570.1555 870.4331 1244.6695 1014.5 328.7524 630.1322 5380.6703 2008.8805;
	1715.7304 986.6301 1784.7203 540.1325 850.2853 1199.4122 957.0065 300.9 572.9656 5089.5953 1849.4;
	1656.657 955.4839 1769.8526 582.5 853.3656 1176.2026 936.2897 295.6977 544.9828 5015.8121 1823.1939;
];
