function solarprofile = ex_solar_profilesh1
%EX_WIND_PROFILE_D  Example wind_load_nyiso profile data for deterministic unit commitment.
% 2022.03.12
% Andres F. Ramirez


%% define constants
[GEN_BUS, PG, QG, QMAX, QMIN, VG, MBASE, GEN_STATUS, PMAX, PMIN, ...
    MU_PMAX, MU_PMIN, MU_QMAX, MU_QMIN, PC1, PC2, QC1MIN, QC1MAX, ...
    QC2MIN, QC2MAX, RAMP_AGC, RAMP_10, RAMP_30, RAMP_Q, APF] = idx_gen;
[CT_LABEL, CT_PROB, CT_TABLE, CT_TBUS, CT_TGEN, CT_TBRCH, CT_TAREABUS, ...
    CT_TAREAGEN, CT_TAREABRCH, CT_ROW, CT_COL, CT_CHGTYPE, CT_REP, ...
    CT_REL, CT_ADD, CT_NEWVAL, CT_TLOAD, CT_TAREALOAD, CT_LOAD_ALL_PQ, ...
    CT_LOAD_FIX_PQ, CT_LOAD_DIS_PQ, CT_LOAD_ALL_P, CT_LOAD_FIX_P, ...
    CT_LOAD_DIS_P, CT_TGENCOST, CT_TAREAGENCOST, CT_MODCOST_F, ...
    CT_MODCOST_X] = idx_ct;

solarprofile = struct( ...
    'type', 'mpcData', ...
    'table', CT_TGEN, ...
    'rows', [1:12], ...
    'col', PMAX, ...
    'chgtype', 1, ...
    'values', [] );
solarprofile.values(:,1,:) = [
	0.0 0.0 0.0 0.0 0.0 0.0 0.0 0.0 0.0 0.0 0.0 0.0;
	0.0 0.0 0.0 0.0 0.0 0.0 0.0 0.0 0.0 0.0 0.0 0.0;
	0.0 0.0 0.0 0.0 0.0 0.0 0.0 0.0 0.0 0.0 0.0 0.0;
	0.0 0.0 0.0 0.0 0.0 0.0 0.0 0.0 0.0 0.0 0.0 0.0;
	0.0 0.0 0.0 0.0 0.0 0.0 0.0 0.0 0.0 0.0 0.0 0.0;
	0.1575 0.1621 0.24 0.0 0.0 0.0 0.0 0.0 0.0 0.0 0.0 0.0;
	2.6376 2.1545 0.626 1.3539 1.7706 213.9145 26.7393 23.8369 231.2807 36.569 22.551 66.2268;
	11.8885 13.4891 4.1826 2.1146 5.3671 284.9425 35.6178 51.6299 192.1813 116.1113 87.2207 210.2782;
	22.4611 16.6138 13.5754 3.3563 7.0584 309.4535 38.6817 54.1976 159.0114 190.727 155.5289 345.4078;
	25.6923 16.474 13.7624 4.8394 5.8325 241.0071 30.1259 41.5185 155.1743 185.3722 192.7984 335.7101;
	26.1334 16.5326 13.8318 5.6989 5.7513 266.7869 33.3484 35.9519 165.6995 200.1804 217.6657 362.528;
	26.157 16.5331 13.8321 6.0123 5.9944 271.6434 33.9554 25.9613 152.588 212.294 239.4132 384.4657;
	25.5583 16.1592 13.1609 9.1115 10.1184 368.2655 46.0332 26.7701 183.4138 331.5589 258.5272 600.4553;
	19.0736 14.2501 11.0216 8.3865 9.4099 363.1242 45.3905 26.4149 173.5672 312.6662 239.4411 566.2403;
	10.7325 6.3095 3.4926 6.1926 7.4987 335.4108 41.9263 27.4917 176.3643 154.1543 200.7429 279.1745;
	5.5134 2.5745 2.6192 4.4491 6.6526 284.4446 35.5556 39.0959 172.695 32.1109 139.0193 58.153;
	1.1054 0.9655 0.705 1.5377 3.4199 60.6531 7.5816 11.1298 34.9853 62.0806 41.758 112.4284;
	0.0 0.0 0.0 0.0 0.0 0.0 0.0 0.0 0.0 0.0 0.0 0.0;
	0.0 0.0 0.0 0.0 0.0 0.0 0.0 0.0 0.0 0.0 0.0 0.0;
	0.0 0.0 0.0 0.0 0.0 0.0 0.0 0.0 0.0 0.0 0.0 0.0;
	0.0 0.0 0.0 0.0 0.0 0.0 0.0 0.0 0.0 0.0 0.0 0.0;
	0.0 0.0 0.0 0.0 0.0 0.0 0.0 0.0 0.0 0.0 0.0 0.0;
	0.0 0.0 0.0 0.0 0.0 0.0 0.0 0.0 0.0 0.0 0.0 0.0;
	0.0 0.0 0.0 0.0 0.0 0.0 0.0 0.0 0.0 0.0 0.0 0.0;
];
