function windprofile = ex_wind_profilesh1
%EX_WIND_PROFILE_D  Example wind_load_nyiso profile data for deterministic unit commitment.
% 2022.03.12
% Andres F. Ramirez


%% define constants
[GEN_BUS, PG, QG, QMAX, QMIN, VG, MBASE, GEN_STATUS, PMAX, PMIN, ...
    MU_PMAX, MU_PMIN, MU_QMAX, MU_QMIN, PC1, PC2, QC1MIN, QC1MAX, ...
    QC2MIN, QC2MAX, RAMP_AGC, RAMP_10, RAMP_30, RAMP_Q, APF] = idx_gen;
[CT_LABEL, CT_PROB, CT_TABLE, CT_TBUS, CT_TGEN, CT_TBRCH, CT_TAREABUS, ...
    CT_TAREAGEN, CT_TAREABRCH, CT_ROW, CT_COL, CT_CHGTYPE, CT_REP, ...
    CT_REL, CT_ADD, CT_NEWVAL, CT_TLOAD, CT_TAREALOAD, CT_LOAD_ALL_PQ, ...
    CT_LOAD_FIX_PQ, CT_LOAD_DIS_PQ, CT_LOAD_ALL_P, CT_LOAD_FIX_P, ...
    CT_LOAD_DIS_P, CT_TGENCOST, CT_TAREAGENCOST, CT_MODCOST_F, ...
    CT_MODCOST_X] = idx_ct;

windprofile = struct( ...
    'type', 'mpcData', ...
    'table', CT_TGEN, ...
    'rows', [1:45], ...
    'col', PMAX, ...
    'chgtype', 1, ...
    'values', [] );
windprofile.values(:,1,:) = [
	3.7216 50.2871 88.0601 108.6377 14.7091 32.413 27.7749 11.6421 26.9047 27.4771 50.791 75.7702 114.0716 67.2035 173.5519 65.3847 81.1254 85.9687 84.8802 66.6994 9.2583 75.6304 70.0125 86.4301 92.5554 58.2909 8.8997 1200.9809 775.8061 775.8061 747.5129 117.9203 282.934 171.6845 210.6922 331.0106 1162.7077 308.9718 452.06 247.9162 108.8673 359.5687 193.2488 233.3484 1174.8192;
	3.8002 51.3489 88.2177 107.7091 14.7769 32.498 26.5004 11.5987 26.5599 23.9695 44.3072 66.0976 99.5096 63.6426 149.9182 56.4808 70.078 74.2618 82.1886 59.5754 8.8335 75.8287 64.8501 83.4887 94.1435 60.6998 8.3423 1189.1655 769.9372 769.9372 680.4506 113.1035 273.962 153.3472 199.528 328.5065 1201.9647 268.9871 439.1803 252.17 113.1365 360.5113 201.1926 238.7338 1214.4851;
	3.841 51.9007 89.0815 97.1466 15.0434 33.7757 25.7526 10.7931 27.148 25.9056 47.8861 71.4367 107.5475 66.1128 175.6875 66.1892 82.1237 87.0266 84.3526 66.5526 8.5842 78.8101 64.9782 85.1434 89.0297 61.1771 9.281 1230.3064 830.6521 830.6521 775.6644 117.3083 281.1752 171.3065 207.2725 354.4115 1224.3447 280.5099 455.1733 238.4725 115.0428 374.6855 191.2083 248.6843 1237.0983;
	3.7896 51.2054 88.4403 99.521 14.692 32.9071 21.5906 11.735 26.7402 24.8218 45.8827 68.448 103.048 66.9176 173.125 65.2238 80.9259 85.7572 84.1249 60.9426 7.1969 76.7833 66.3001 84.9705 87.1145 59.1578 8.5654 1205.6027 848.6705 848.6705 774.293 116.8212 280.4163 156.8664 209.7956 362.0994 1221.8103 272.2485 440.3647 233.3423 109.7837 365.0495 192.1918 250.9887 1234.5375;
	3.7596 50.8006 85.5651 89.0082 15.1273 33.5359 18.0126 9.7269 23.8699 27.0015 49.9118 74.4585 112.0969 65.3835 178.3539 67.1938 83.3701 88.3474 84.8682 65.8194 6.0042 78.2504 68.9369 88.2013 77.8374 55.8173 7.8753 1260.1019 818.2706 818.2706 688.4092 105.9894 282.894 169.4193 204.9862 349.1288 1158.3227 240.92 389.6899 208.4931 109.4161 372.0245 198.6251 239.24 1170.3886;
	3.7421 50.5637 81.8422 79.8209 14.291 32.7064 15.7912 7.0425 24.1838 27.7337 51.2654 76.4778 115.1369 65.529 178.2579 67.1576 83.3252 88.2999 86.6556 66.1828 5.2637 76.3148 69.8585 85.5184 60.2133 38.9085 5.9502 1252.7525 791.4898 791.4898 647.4127 98.0717 288.8521 170.3547 205.4423 337.7023 1199.3974 217.0893 327.5495 161.2858 99.2718 362.8226 187.8022 197.0719 1211.8911;
	3.4446 46.5436 73.1371 66.9549 14.4313 29.9386 14.5401 5.4561 18.9681 26.7538 49.454 73.7756 111.0688 68.0649 175.5492 66.1371 82.059 86.9581 86.2353 65.8862 4.8467 69.8568 70.9779 81.5003 53.4388 26.5423 4.7403 1261.9037 734.6612 734.6612 515.1913 65.2768 287.4509 169.5913 213.3926 313.4554 1119.9119 188.038 269.647 143.1398 81.7448 332.1191 159.4868 146.2182 1131.5777;
	3.6804 49.7303 71.388 69.8915 14.3225 30.009 15.7489 5.5574 16.2713 17.7719 32.851 49.0072 73.7801 65.3638 170.6913 64.3069 79.7883 84.5517 87.3436 57.3679 5.2496 70.021 55.9976 81.6542 61.1781 20.635 3.803 1279.3259 709.3937 709.3937 578.5719 69.5326 291.1454 147.6652 204.9244 302.6747 1142.0301 194.6268 247.3714 163.8698 78.3176 332.9 160.4314 155.4168 1153.9262;
	3.124 42.2127 63.3263 68.9365 14.5243 27.1919 16.4117 4.315 19.3806 10.4135 19.2493 28.7161 43.232 67.2813 170.1897 64.118 79.5538 84.3033 87.4646 57.9063 5.4706 63.4478 40.5067 82.9498 64.3478 16.7316 2.9146 1317.1958 810.6788 810.6788 732.079 94.6623 291.5486 149.051 210.9361 345.8896 1180.6302 244.9751 247.9153 172.3602 60.4369 301.649 151.8558 165.2172 1192.9284;
	2.8321 38.268 51.1695 62.0184 14.5375 22.2396 21.0782 2.9898 21.0866 7.4141 13.7049 20.445 30.7798 67.85 168.0527 63.3129 78.5549 83.2447 86.4485 63.6714 7.0261 51.8925 37.1028 73.0178 48.0449 10.4394 1.655 1264.6613 804.6311 804.6311 751.014 113.5177 288.1618 163.8902 212.719 343.3093 1235.079 236.5936 368.0218 128.6917 47.574 246.7116 141.2764 138.5318 1247.9445;
	2.218 29.9695 35.7083 43.8481 13.4511 16.4745 19.4565 1.5297 18.6941 3.178 5.8745 8.7635 13.1935 62.4844 150.3464 56.6421 70.2782 74.4739 84.2853 66.6286 6.4855 38.4404 21.5665 56.069 27.2247 7.8051 8.8749 1255.1562 774.3683 774.3683 702.9199 109.8729 280.9511 171.5023 195.8969 330.3971 1160.7183 229.4677 392.7131 72.9234 36.4591 182.7566 97.6946 103.2161 1172.8091;
	1.7147 23.1693 27.6476 26.0492 10.3713 12.5701 19.4057 1.2766 15.2454 3.7818 6.9906 10.4285 15.7001 62.5107 148.5517 55.966 69.4393 73.5849 79.6357 61.3588 6.4686 29.3302 27.7547 39.9861 21.1581 8.4878 2.1456 1151.2324 707.3815 707.3815 654.9203 111.8706 265.4524 157.9378 195.9794 301.8161 1087.3341 201.8998 385.7138 56.6735 25.9862 139.4441 73.0283 86.3537 1098.6605;
	1.1342 15.3251 28.0093 26.7854 9.8059 9.7342 18.2241 2.3231 14.2023 4.4619 8.2478 12.3041 18.5238 58.3793 162.382 61.1765 75.9042 80.4357 82.5915 64.1405 6.0747 22.7132 35.451 41.5934 23.6386 13.0995 2.7173 1111.0681 706.267 706.267 656.652 106.4342 275.3051 165.0979 183.0271 301.3406 1051.9488 212.2963 410.7594 63.3177 28.7507 107.9849 54.2923 65.9681 1062.9066;
	0.9444 12.7614 24.3029 32.9523 8.9514 9.8074 13.9154 2.8469 12.635 16.9316 31.2978 46.6901 70.2917 65.15 170.2562 64.143 79.5849 84.3362 83.9048 63.0094 4.6385 22.8838 48.4124 41.4011 27.751 13.4931 4.1007 1080.9008 702.3695 702.3695 680.8937 96.3526 279.6826 162.1864 204.254 299.6777 912.6346 210.9308 408.846 74.3331 29.6368 108.7963 44.8203 70.9035 922.1412;
	0.969 13.0928 25.3315 20.6258 7.2202 9.4594 11.3652 2.3616 11.6622 13.5764 25.0958 37.4379 56.3626 65.0436 161.5376 60.8584 75.5094 80.0175 72.1337 60.9748 3.7884 22.072 30.0342 51.098 29.0121 8.5796 3.6946 886.0208 628.4565 628.4565 578.7226 81.6388 240.4456 156.9493 203.9205 268.1414 774.068 190.7988 342.0048 77.7109 24.7033 104.9367 40.4961 66.6004 782.1312;
	0.9951 13.446 19.1766 28.5021 8.1837 2.8421 5.5847 1.6785 9.1193 13.3638 24.7028 36.8517 55.48 65.8654 167.5948 63.1404 78.3408 83.0179 73.5666 58.1569 1.8616 6.6316 43.4919 46.364 26.4713 6.3523 2.4555 880.4538 522.3115 522.3115 483.7448 78.2664 245.2221 149.6959 206.4969 222.8529 603.77 174.3213 225.581 70.9052 23.8995 31.5283 59.781 32.1689 610.0593;
	0.5299 7.1607 8.0384 0.0198 6.4635 0.5035 3.8045 1.552 10.6894 14.0606 25.9908 38.7732 58.3728 63.6237 153.012 57.6464 71.5242 75.7943 71.7882 46.6457 1.2682 1.1748 37.2339 39.8992 14.6102 26.4619 1.5201 782.7028 495.0459 495.0459 498.7082 75.4118 239.2939 120.0663 199.469 211.2196 692.4555 164.6956 209.0519 39.1344 25.1314 5.5853 14.5311 74.2029 699.6686;
	0.9448 12.7661 0.2091 0.0 2.6563 0.0002 0.1399 0.2759 0.0189 10.974 20.2853 30.2617 45.5588 67.6505 107.0721 40.3388 50.05 53.038 78.6464 34.7333 0.0466 0.0006 44.1287 35.3469 11.4752 5.5181 1.3345 766.7458 489.2295 489.2295 547.2877 84.3898 262.1548 89.4036 212.0933 208.7379 699.7984 188.4906 318.4149 30.7371 54.7996 0.0027 1.0439 25.7207 707.088;
	0.4315 5.8303 23.0669 37.1715 5.5645 0.0949 1.8578 1.9747 0.8838 19.2499 35.5832 53.0831 79.9164 65.8759 108.0823 40.7194 50.5222 53.5384 2.5656 43.8836 0.6193 0.2214 47.6397 46.1918 20.2152 9.0719 1.4532 804.6417 461.3103 461.3103 549.0688 85.0441 8.552 112.9566 206.5298 196.8257 678.1892 179.0147 349.5464 54.1478 80.9297 1.0525 27.5114 62.9134 685.2537;
