function windprofile = ex_wind_profilesh1
%EX_WIND_PROFILE_D  Example wind_load_nyiso profile data for deterministic unit commitment.
% 2022.03.12
% Andres F. Ramirez


%% define constants
[GEN_BUS, PG, QG, QMAX, QMIN, VG, MBASE, GEN_STATUS, PMAX, PMIN, ...
    MU_PMAX, MU_PMIN, MU_QMAX, MU_QMIN, PC1, PC2, QC1MIN, QC1MAX, ...
    QC2MIN, QC2MAX, RAMP_AGC, RAMP_10, RAMP_30, RAMP_Q, APF] = idx_gen;
[CT_LABEL, CT_PROB, CT_TABLE, CT_TBUS, CT_TGEN, CT_TBRCH, CT_TAREABUS, ...
    CT_TAREAGEN, CT_TAREABRCH, CT_ROW, CT_COL, CT_CHGTYPE, CT_REP, ...
    CT_REL, CT_ADD, CT_NEWVAL, CT_TLOAD, CT_TAREALOAD, CT_LOAD_ALL_PQ, ...
    CT_LOAD_FIX_PQ, CT_LOAD_DIS_PQ, CT_LOAD_ALL_P, CT_LOAD_FIX_P, ...
    CT_LOAD_DIS_P, CT_TGENCOST, CT_TAREAGENCOST, CT_MODCOST_F, ...
    CT_MODCOST_X] = idx_ct;

windprofile = struct( ...
    'type', 'mpcData', ...
    'table', CT_TGEN, ...
    'rows', [1:45], ...
    'col', PMAX, ...
    'chgtype', 1, ...
    'values', [] );
windprofile.values(:,1,:) = [
	3.7401 50.5376 94.5682 119.4455 15.1287 33.0266 29.0911 13.8764 28.1409 28.3916 52.4814 78.2919 117.868 65.6845 189.9043 71.5453 88.7692 94.0689 85.2177 70.6781 9.697 77.0621 73.9044 90.158 105.0011 69.083 10.0546 1197.7107 711.6459 711.6459 734.1435 111.4322 284.059 181.9256 205.9296 303.6356 1161.764 302.7893 451.1881 281.2529 120.8691 366.3753 191.8531 249.8941 1173.8657;
	3.733 50.4412 92.1114 114.5497 15.1211 32.7475 27.2119 12.6024 28.0644 27.2857 50.4372 75.2424 113.277 65.697 199.28 75.0776 93.1518 98.7131 87.6297 69.9106 9.0706 76.4107 74.9676 89.3053 104.1656 64.6133 8.7237 1238.614 749.7849 749.7849 749.7792 111.4369 292.099 179.95 205.9691 319.9082 1272.639 275.3468 442.1107 279.015 119.1184 363.2784 196.73 255.3418 1285.8957;
	3.605 48.7112 88.8781 96.9689 14.9474 32.2076 22.8732 10.4364 27.4738 28.0757 51.8975 77.4208 116.5566 66.0193 200.0225 75.3573 93.4989 99.0809 89.3076 71.4691 7.6244 75.151 73.4963 85.764 91.3452 58.6716 8.349 1184.1367 718.6701 718.6701 712.6149 114.7876 297.6922 183.9616 206.9795 306.6326 1194.9385 260.7163 440.667 244.6747 119.6557 357.2892 178.7965 251.3487 1207.3858;
	3.6031 48.686 89.7743 105.0195 15.0438 33.2045 21.966 11.968 28.0152 28.9378 53.4911 79.7982 120.1358 67.0082 199.0269 74.9822 93.0335 98.5877 91.043 73.3081 7.322 77.4772 73.9916 88.7544 93.5891 56.9054 8.1572 1160.2199 739.6845 739.6845 699.7237 112.8995 303.4768 188.6954 210.0797 315.5987 1188.1857 257.2893 427.6969 250.6851 112.6616 368.3488 190.5138 251.6724 1200.5627;
	3.5528 48.0064 84.1225 87.0193 14.9246 32.0159 17.9028 9.6714 24.0519 27.5459 50.9182 75.96 114.3573 67.2214 191.5335 72.1592 89.5308 94.8759 89.4556 71.3627 5.9676 74.7037 72.9146 86.5212 78.8751 48.1943 7.2569 1160.2691 710.3274 710.3274 623.4302 105.8574 298.1853 183.6877 210.7482 303.073 1133.0689 245.4892 363.2197 211.2726 114.0106 355.1626 188.8545 222.6867 1144.8717;
	3.7512 50.6871 82.7989 82.2379 15.3177 32.2362 17.5757 7.6802 26.4423 29.4407 54.4206 81.1849 122.2234 66.1183 195.2179 73.5472 91.253 96.701 92.6044 71.8283 5.8586 75.2178 73.6406 85.0003 64.3724 28.3956 5.6111 1190.7957 726.9556 726.9556 644.0553 96.5748 308.6815 184.8863 207.2898 310.1677 1174.499 219.8181 350.817 172.426 107.4441 357.6071 193.8136 186.5356 1186.7334;
	3.6044 48.7035 73.224 67.7749 15.3895 31.1719 15.471 5.8539 21.3614 28.4185 52.5312 78.3662 117.9799 69.1052 191.5352 72.1598 89.5316 94.8767 90.9935 70.6719 5.157 72.7344 74.5074 77.317 51.3255 17.7472 3.9339 1202.8955 671.7503 671.7503 520.2736 66.6242 303.3118 181.9098 216.6542 286.6135 1111.9143 197.9231 298.6638 137.479 85.8496 345.7999 170.9547 136.5932 1123.4968;
	3.67 49.5897 70.4327 72.7106 15.4002 31.1483 15.7582 5.2545 19.785 25.1436 46.4775 69.3353 104.3839 65.7818 192.2051 72.4122 89.8447 95.2086 90.7394 70.4694 5.2527 72.6793 60.2202 82.1054 57.0464 14.2022 2.5603 1173.4199 683.3568 683.3568 562.7329 61.7837 302.4648 181.3884 206.2347 291.5656 1051.9743 194.2419 268.1093 152.8029 84.6366 345.5381 161.0862 135.6505 1062.9324;
	2.9182 39.4308 55.2273 63.044 15.042 23.1804 15.4662 3.7989 22.0767 21.0763 38.9592 58.1194 87.4985 63.6291 189.3548 71.3383 88.5123 93.7967 91.578 71.9913 5.1554 54.0877 49.3418 79.6064 53.5553 11.7594 2.0792 1137.3162 750.4519 750.4519 566.1626 85.772 305.2602 185.3058 199.4858 320.1928 1020.6805 215.4152 232.071 143.4516 61.1038 257.1483 145.3678 144.511 1031.3126;
	2.7007 36.4928 43.6144 57.4653 14.936 18.8454 18.7422 1.9945 22.4465 19.3808 35.8252 53.4441 80.4598 67.4718 186.6246 70.3097 87.2361 92.4443 91.9543 72.7457 6.2474 43.9726 45.8955 63.2235 31.2873 7.7565 0.8454 1088.8095 750.5257 750.5257 581.9399 101.0269 306.5143 187.2476 211.5332 320.2243 1093.4215 211.211 343.7029 83.8052 46.0171 209.0582 135.8706 116.5189 1104.8113;
	2.3098 31.21 31.4714 41.4265 14.4809 15.1901 17.5079 1.0018 19.6732 15.6803 28.9847 43.2395 65.0968 67.9846 181.5741 68.407 84.8753 89.9425 90.4696 73.2042 5.836 35.4437 37.0219 42.8908 19.9162 5.4928 0.6313 1110.0712 764.7921 764.7921 576.8284 98.2912 301.5654 188.4279 213.1408 326.3113 1083.6917 223.3479 385.4396 53.3469 40.8611 168.5094 101.7358 80.745 1094.9802;
	1.3117 17.7239 19.3216 22.5424 9.6966 9.9457 18.4565 0.9173 17.5401 13.9645 25.8133 38.5083 57.974 64.9437 178.5896 67.2826 83.4803 88.4642 87.6828 71.5139 6.1522 23.2066 40.0442 3.3559 15.181 5.3873 0.3813 947.5163 690.0447 690.0447 503.024 100.9691 292.2761 184.077 203.6074 294.4191 987.8236 194.7204 394.7311 40.6634 27.2691 110.331 70.0579 38.6494 998.1134;
	1.0688 14.4418 24.8406 24.1753 9.0626 8.3398 18.3354 2.0322 16.4588 14.2251 26.2949 39.2268 59.0557 61.8161 174.7176 65.8238 81.6703 86.5461 83.4889 69.9347 6.1118 19.4595 40.4981 28.1136 19.2203 10.8528 1.9238 914.9498 684.5916 684.5916 486.3145 94.2361 278.2962 180.012 193.8018 292.0924 970.9264 206.9263 425.2508 51.4829 29.1501 92.516 56.1378 42.0525 981.0402;
	0.8816 11.9126 19.5537 26.8815 7.6155 8.3098 13.9723 1.9859 14.188 17.4922 32.3341 48.2362 72.6193 67.1327 180.9619 68.1763 84.5892 89.6393 81.5396 69.3692 4.6574 19.3894 52.4057 16.9817 10.7042 7.4749 1.3747 927.3479 664.6412 664.6412 524.6922 91.2071 271.7986 178.5564 210.4701 283.5803 850.2608 202.4402 422.3982 28.672 28.7416 92.183 44.2229 44.8205 859.1177;
	0.842 11.3774 17.3862 0.3682 6.5979 8.0265 11.3797 1.6218 15.5063 17.7712 32.8497 49.0054 73.7773 64.5997 178.3381 67.1878 83.3627 88.3396 80.6575 70.5462 3.7932 18.7285 58.1883 42.3904 11.5352 3.9726 1.4466 810.8094 580.7707 580.7707 538.5031 78.8697 268.8583 181.586 202.5289 247.7955 734.6995 190.5616 345.9573 30.898 30.726 89.0405 39.5348 39.464 742.3526;
	0.9 12.1613 10.344 25.5637 6.6782 0.0279 5.0717 0.7509 10.7543 16.0129 29.5996 44.1568 66.4778 64.4077 165.4149 62.3191 77.3218 81.9381 80.4083 68.3504 1.6906 0.065 53.2284 36.4914 11.4471 0.6902 0.0 796.12 497.1343 497.1343 485.6691 77.7852 268.0276 175.9342 201.9268 212.1106 597.3664 180.5295 224.4815 30.6618 28.698 0.3091 16.9826 1.2 603.589;
	0.5476 7.3999 0.5266 2.3371 6.073 1.6379 3.1343 0.0998 11.9103 18.3432 33.9071 50.5826 76.1519 63.8335 156.7295 59.0469 73.2619 77.6358 78.4745 63.6354 1.0448 3.8219 51.1624 38.9211 9.605 3.3688 0.3918 749.8778 444.1568 444.1568 475.6745 77.4929 261.5816 163.7977 200.1265 189.5069 689.4245 178.8071 226.0779 25.7277 36.2314 18.1702 12.7811 0.0153 696.606;
	1.1025 14.8975 3.2053 17.6849 3.1281 3.3134 0.518 0.6749 9.9378 20.1073 37.1681 55.4475 83.476 68.597 139.538 52.5701 65.2259 69.12 83.6993 57.7988 0.1727 7.7313 64.5679 37.7084 13.3507 2.929 0.8164 712.0408 467.9024 467.9024 531.2261 79.5832 278.9978 148.7742 215.0608 199.6384 717.7841 199.7262 354.9094 35.7608 80.0896 36.7567 49.4978 0.299 725.261;
	0.5108 6.9022 24.2168 40.6371 4.3209 5.6293 0.0 1.8709 3.8972 24.2807 44.8826 66.9559 100.8018 65.7411 123.0187 46.3466 57.5041 60.9372 9.5857 62.1141 0.0 13.135 68.1793 49.4413 20.5986 6.4171 1.7589 814.775 506.9739 506.9739 618.61 84.0995 31.9523 159.8817 206.1071 216.3089 734.6219 193.1612 364.5377 55.1749 93.1327 62.4477 42.7311 9.4406 742.2742;
