function solarprofile = ex_solar_profilesh1
%EX_WIND_PROFILE_D  Example wind_load_nyiso profile data for deterministic unit commitment.
% 2022.03.12
% Andres F. Ramirez


%% define constants
[GEN_BUS, PG, QG, QMAX, QMIN, VG, MBASE, GEN_STATUS, PMAX, PMIN, ...
    MU_PMAX, MU_PMIN, MU_QMAX, MU_QMIN, PC1, PC2, QC1MIN, QC1MAX, ...
    QC2MIN, QC2MAX, RAMP_AGC, RAMP_10, RAMP_30, RAMP_Q, APF] = idx_gen;
[CT_LABEL, CT_PROB, CT_TABLE, CT_TBUS, CT_TGEN, CT_TBRCH, CT_TAREABUS, ...
    CT_TAREAGEN, CT_TAREABRCH, CT_ROW, CT_COL, CT_CHGTYPE, CT_REP, ...
    CT_REL, CT_ADD, CT_NEWVAL, CT_TLOAD, CT_TAREALOAD, CT_LOAD_ALL_PQ, ...
    CT_LOAD_FIX_PQ, CT_LOAD_DIS_PQ, CT_LOAD_ALL_P, CT_LOAD_FIX_P, ...
    CT_LOAD_DIS_P, CT_TGENCOST, CT_TAREAGENCOST, CT_MODCOST_F, ...
    CT_MODCOST_X] = idx_ct;

solarprofile = struct( ...
    'type', 'mpcData', ...
    'table', CT_TGEN, ...
    'rows', [1:12], ...
    'col', PMAX, ...
    'chgtype', 1, ...
    'values', [] );
solarprofile.values(:,1,:) = [
	0.0 0.0 0.0 0.0 0.0 0.0 0.0 0.0 0.0 0.0 0.0 0.0;
	0.0 0.0 0.0 0.0 0.0 0.0 0.0 0.0 0.0 0.0 0.0 0.0;
	0.0 0.0 0.0 0.0 0.0 0.0 0.0 0.0 0.0 0.0 0.0 0.0;
	0.0 0.0 0.0 0.0 0.0 0.0 0.0 0.0 0.0 0.0 0.0 0.0;
	0.0 0.0 0.0 0.0 0.0 0.0 0.0 0.0 0.0 0.0 0.0 0.0;
	0.1575 0.1855 0.2437 0.0 0.0 0.0 0.0 0.0 0.0 0.0 0.0 0.0;
	13.8958 8.693 8.0013 0.5622 3.5628 166.4508 20.8063 29.1811 86.0436 64.1616 24.3035 116.1971;
	22.4352 15.6066 12.5108 0.6185 3.5662 293.7676 36.721 21.0556 203.8263 135.7982 61.0535 245.9314;
	24.3788 16.6083 13.8 1.6516 4.5089 334.1417 41.7677 19.0378 215.1186 195.0715 68.8389 353.2757;
	25.7584 16.474 13.7624 3.4017 4.397 242.4438 30.3055 19.1951 165.8982 260.5403 24.1277 471.8401;
	25.3604 14.1553 12.9882 3.1088 2.1187 94.1076 11.7634 13.5897 131.0214 332.25 36.8542 601.7068;
	22.1356 9.9489 11.5257 3.0103 0.7807 27.8697 3.4837 8.9696 94.5086 344.347 47.1135 623.6145;
	25.8343 16.5195 13.6735 7.1213 2.37 85.545 10.6931 46.4411 172.8986 345.1867 228.5977 625.1351;
	23.692 16.3881 13.7008 8.0902 4.4487 158.8689 19.8586 59.2994 192.0835 337.3406 215.8831 610.9259;
	22.1838 16.1273 12.8165 6.5769 5.181 250.5255 31.3157 59.814 186.5677 296.5516 171.3915 537.0568;
	13.8772 10.3919 8.8388 6.4392 9.1196 285.0541 35.6318 52.2566 151.4837 204.7359 133.2131 370.7779;
	0.962 0.7785 0.6499 1.5814 3.2643 58.226 7.2783 9.9093 35.2771 66.0098 39.6794 119.5441;
	0.0 0.0 0.0 0.0 0.0 0.0 0.0 0.0 0.0 0.0 0.0 0.0;
	0.0 0.0 0.0 0.0 0.0 0.0 0.0 0.0 0.0 0.0 0.0 0.0;
	0.0 0.0 0.0 0.0 0.0 0.0 0.0 0.0 0.0 0.0 0.0 0.0;
	0.0 0.0 0.0 0.0 0.0 0.0 0.0 0.0 0.0 0.0 0.0 0.0;
	0.0 0.0 0.0 0.0 0.0 0.0 0.0 0.0 0.0 0.0 0.0 0.0;
	0.0 0.0 0.0 0.0 0.0 0.0 0.0 0.0 0.0 0.0 0.0 0.0;
	0.0 0.0 0.0 0.0 0.0 0.0 0.0 0.0 0.0 0.0 0.0 0.0;
];
