function loadprofile = ex_load_profilesh1
%EX_LOAD_PROFILE  Example load profile data file for stochastic unit commitment.
% 2022.03.12
% Andres F. Ramirez

%% define constants
[CT_LABEL, CT_PROB, CT_TABLE, CT_TBUS, CT_TGEN, CT_TBRCH, CT_TAREABUS, ...
    CT_TAREAGEN, CT_TAREABRCH, CT_ROW, CT_COL, CT_CHGTYPE, CT_REP, ...
    CT_REL, CT_ADD, CT_NEWVAL, CT_TLOAD, CT_TAREALOAD, CT_LOAD_ALL_PQ, ...
    CT_LOAD_FIX_PQ, CT_LOAD_DIS_PQ, CT_LOAD_ALL_P, CT_LOAD_FIX_P, ...
    CT_LOAD_DIS_P, CT_TGENCOST, CT_TAREAGENCOST, CT_MODCOST_F, ...
    CT_MODCOST_X] = idx_ct;

loadprofile = struct( ...
    'type', 'mpcData', ...
    'table', CT_TAREALOAD, ...
    'rows', [1:11], ...
    'col', CT_LOAD_ALL_P, ...
    'chgtype', 1, ...
    'values', [] );
loadprofile.values(:,1,:) = [
	1454.3091 925.5269 1626.2 547.956 781.9692 1127.5668 806.2123 265.0833 507.3645 4345.3823 1652.5156;
	1480.1615 930.6956 1627.0 552.3488 792.9376 1109.458 814.9084 256.9603 505.6 4322.2778 1668.3821;
	1517.8371 953.6877 1671.5665 567.618 803.1518 1165.4635 835.3331 270.6 515.1549 4426.2211 1720.6744;
	1590.9836 1022.2 1769.4345 588.9262 872.2076 1229.3478 891.4464 288.0409 545.7 4641.4689 1837.9509;
	1782.6399 1145.7774 1966.4733 616.8 971.0399 1381.0279 1016.8708 348.2988 651.9 5297.7731 2100.06;
	1865.5842 1205.2098 2072.1412 631.6286 1074.1344 1504.8262 1090.4019 390.9851 708.1891 5959.9052 2279.683;
	1884.1802 1183.75 2032.0727 618.4 1041.1348 1476.4485 1071.7413 384.634 722.2695 6237.1025 2299.3948;
	1931.1453 1152.229 2019.7188 611.5 1051.5132 1482.7299 1099.6902 373.0345 744.8459 6421.8934 2315.3787;
	1891.3683 1086.8533 1970.9669 604.2 1063.2824 1446.306 1048.5997 371.2 726.0 6359.317 2146.4636;
	1891.9767 1037.643 1948.7969 598.087 1025.3464 1431.5543 1047.8162 376.5069 722.3036 6310.4851 2196.8108;
	1899.426 1000.9911 1914.4789 578.3951 990.4471 1407.9867 1007.2693 383.5645 695.6111 6203.67 2135.1656;
	1904.5688 1010.5961 1912.7573 586.0638 998.5767 1399.1192 1012.3496 389.0057 697.4215 6194.0932 2128.7337;
	1910.138 1072.5916 1906.0092 596.2395 1009.7582 1446.44 1025.5419 391.4254 696.8 6286.6092 2140.6596;
	1868.4 1090.4136 1884.438 579.0412 980.1215 1416.3745 1032.2 362.2 678.8294 6141.0674 2145.094;
	1860.9751 1090.2205 1924.4518 576.3662 972.1 1410.7045 1052.6293 364.3594 676.8 6106.478 2206.1787;
	1841.0192 1128.6719 1959.3259 590.1088 961.1943 1435.2604 1089.4883 352.7145 686.0585 6266.2898 2289.8293;
	1827.6401 1162.7 2027.436 600.8 981.3477 1490.4 1122.8282 373.4665 705.5702 6223.1 2358.967;
	1888.1242 1207.3658 2077.1117 634.8 1017.7444 1544.6 1181.3457 385.1806 737.8719 6260.8442 2484.1197;
	1877.3803 1221.6801 2069.1189 628.3725 1002.7482 1499.1903 1166.5281 388.7896 732.3 6225.1258 2455.1101;
	1839.2394 1175.9732 2000.4998 608.3805 990.0945 1430.3171 1113.8287 377.4717 696.5 6040.7087 2375.5608;
	1725.2304 1079.4002 1859.9 573.6 905.0659 1291.2513 1051.7393 352.9347 666.8 5772.8022 2261.8589;
	1627.1501 1036.0 1750.2614 564.4539 863.8111 1212.5025 966.5355 328.7273 625.7284 5285.4 2052.9403;
	1559.4459 1012.1581 1702.8483 534.5808 871.1529 1219.2 964.734 312.7025 581.0263 5099.4773 1974.9792;
	1563.0993 990.2612 1681.0523 538.9567 881.639 1188.1167 948.4203 300.9925 574.5 4969.9144 1877.6344;
];
