function solarprofile = ex_solar_profilesh1
%EX_WIND_PROFILE_D  Example wind_load_nyiso profile data for deterministic unit commitment.
% 2022.03.12
% Andres F. Ramirez


%% define constants
[GEN_BUS, PG, QG, QMAX, QMIN, VG, MBASE, GEN_STATUS, PMAX, PMIN, ...
    MU_PMAX, MU_PMIN, MU_QMAX, MU_QMIN, PC1, PC2, QC1MIN, QC1MAX, ...
    QC2MIN, QC2MAX, RAMP_AGC, RAMP_10, RAMP_30, RAMP_Q, APF] = idx_gen;
[CT_LABEL, CT_PROB, CT_TABLE, CT_TBUS, CT_TGEN, CT_TBRCH, CT_TAREABUS, ...
    CT_TAREAGEN, CT_TAREABRCH, CT_ROW, CT_COL, CT_CHGTYPE, CT_REP, ...
    CT_REL, CT_ADD, CT_NEWVAL, CT_TLOAD, CT_TAREALOAD, CT_LOAD_ALL_PQ, ...
    CT_LOAD_FIX_PQ, CT_LOAD_DIS_PQ, CT_LOAD_ALL_P, CT_LOAD_FIX_P, ...
    CT_LOAD_DIS_P, CT_TGENCOST, CT_TAREAGENCOST, CT_MODCOST_F, ...
    CT_MODCOST_X] = idx_ct;

solarprofile = struct( ...
    'type', 'mpcData', ...
    'table', CT_TGEN, ...
    'rows', [1:12], ...
    'col', PMAX, ...
    'chgtype', 1, ...
    'values', [] );
solarprofile.values(:,1,:) = [
	0.0 0.0 0.0 0.0 0.0 0.0 0.0 0.0 0.0 0.0 0.0 0.0;
	0.0 0.0 0.0 0.0 0.0 0.0 0.0 0.0 0.0 0.0 0.0 0.0;
	0.0 0.0 0.0 0.0 0.0 0.0 0.0 0.0 0.0 0.0 0.0 0.0;
	0.0 0.0 0.0 0.0 0.0 0.0 0.0 0.0 0.0 0.0 0.0 0.0;
	0.0 0.0 0.0 0.0 0.0 0.0 0.0 0.0 0.0 0.0 0.0 0.0;
	0.1575 0.1621 0.24 0.0 0.0 0.0 0.0 0.0 0.0 0.0 0.0 0.0;
	8.5722 5.9781 4.3023 1.286 2.5787 127.1167 15.8896 21.0578 8.7659 8.2251 21.2821 14.8956;
	15.3121 12.3698 9.0807 2.0924 3.1875 201.0578 25.1322 27.241 17.8051 117.5725 54.3313 212.9245;
	19.8062 16.5828 13.7753 4.0876 3.1877 213.7834 26.7229 36.9424 41.2671 220.5022 115.27 399.3308;
	24.7236 16.2391 13.7624 6.7902 2.4825 113.871 14.2339 41.9071 66.4817 217.3216 153.6027 393.5707;
	22.0051 13.1486 13.652 7.0942 3.1572 47.1514 5.8939 37.7633 27.2483 234.4426 177.2671 424.577;
	21.0158 9.6803 12.7816 6.606 3.5726 31.6559 3.957 27.5921 10.5981 248.4297 186.0374 449.9078;
	23.918 15.5193 13.219 9.526 7.7126 298.8609 37.3576 44.8201 52.519 338.2851 228.1401 612.6363;
	22.2921 16.3052 13.5851 9.0203 6.93 370.5001 46.3125 54.0544 114.6977 331.9955 190.7991 601.2459;
	17.0603 13.1627 10.7876 7.7367 6.1627 388.4734 48.5592 57.7016 174.6629 229.8032 114.9107 416.1751;
	6.191 4.1582 4.1789 6.9556 10.4892 368.5861 46.0733 58.938 181.0709 173.0124 104.1686 313.3264;
	0.8962 0.7333 0.5133 1.5716 3.5736 60.6635 7.5829 12.9052 36.829 67.3767 41.29 122.0196;
	0.0 0.0 0.0 0.0 0.0 0.0 0.0 0.0 0.0 0.0 0.0 0.0;
	0.0 0.0 0.0 0.0 0.0 0.0 0.0 0.0 0.0 0.0 0.0 0.0;
	0.0 0.0 0.0 0.0 0.0 0.0 0.0 0.0 0.0 0.0 0.0 0.0;
	0.0 0.0 0.0 0.0 0.0 0.0 0.0 0.0 0.0 0.0 0.0 0.0;
	0.0 0.0 0.0 0.0 0.0 0.0 0.0 0.0 0.0 0.0 0.0 0.0;
	0.0 0.0 0.0 0.0 0.0 0.0 0.0 0.0 0.0 0.0 0.0 0.0;
	0.0 0.0 0.0 0.0 0.0 0.0 0.0 0.0 0.0 0.0 0.0 0.0;
];
