function windprofile = ex_wind_profilesh1
%EX_WIND_PROFILE_D  Example wind_load_nyiso profile data for deterministic unit commitment.
% 2022.03.12
% Andres F. Ramirez


%% define constants
[GEN_BUS, PG, QG, QMAX, QMIN, VG, MBASE, GEN_STATUS, PMAX, PMIN, ...
    MU_PMAX, MU_PMIN, MU_QMAX, MU_QMIN, PC1, PC2, QC1MIN, QC1MAX, ...
    QC2MIN, QC2MAX, RAMP_AGC, RAMP_10, RAMP_30, RAMP_Q, APF] = idx_gen;
[CT_LABEL, CT_PROB, CT_TABLE, CT_TBUS, CT_TGEN, CT_TBRCH, CT_TAREABUS, ...
    CT_TAREAGEN, CT_TAREABRCH, CT_ROW, CT_COL, CT_CHGTYPE, CT_REP, ...
    CT_REL, CT_ADD, CT_NEWVAL, CT_TLOAD, CT_TAREALOAD, CT_LOAD_ALL_PQ, ...
    CT_LOAD_FIX_PQ, CT_LOAD_DIS_PQ, CT_LOAD_ALL_P, CT_LOAD_FIX_P, ...
    CT_LOAD_DIS_P, CT_TGENCOST, CT_TAREAGENCOST, CT_MODCOST_F, ...
    CT_MODCOST_X] = idx_ct;

windprofile = struct( ...
    'type', 'mpcData', ...
    'table', CT_TGEN, ...
    'rows', [1:45], ...
    'col', PMAX, ...
    'chgtype', 1, ...
    'values', [] );
windprofile.values(:,1,:) = [
	3.8307 51.7616 91.2264 111.1974 15.2837 32.5862 30.7244 12.478 28.0297 28.4557 52.5999 78.4687 118.1342 69.7382 196.0264 73.8518 91.6309 97.1014 88.9929 67.2437 10.2415 76.0345 74.5339 82.9297 93.9919 67.9267 9.2937 1191.3054 782.9186 782.9186 760.558 115.5866 296.643 173.0854 218.6386 334.0453 1133.3202 307.7719 471.8522 251.764 117.2122 361.4896 195.6967 251.494 1145.1257;
	3.8464 51.9727 87.9279 109.2171 14.957 31.9179 31.1433 11.153 28.0295 26.2804 48.5789 72.4702 109.1035 69.7106 201.1226 75.7718 94.0131 99.6258 88.7149 67.3251 10.3811 74.4751 74.2278 81.4543 90.1745 65.3013 7.7579 1150.1272 791.0851 791.0851 773.8178 111.3592 295.7164 173.2949 218.5523 337.5296 1189.1851 294.7425 475.8778 241.5388 115.6647 354.0761 204.1958 251.584 1201.5724;
	3.7798 51.0727 88.9574 97.3729 14.7584 31.5034 28.3375 10.1312 27.4589 26.8156 49.5683 73.9461 111.3255 67.8982 197.0563 74.2398 92.1124 97.6116 85.9156 67.8501 9.4458 73.5079 71.8639 84.426 83.3463 62.0356 8.057 1176.493 786.1308 786.1308 746.7358 104.9059 286.3852 174.6463 212.8699 335.4158 1153.6212 266.4975 473.4122 223.249 119.8603 349.4776 183.3505 252.7083 1165.6381;
	3.712 50.1569 86.4409 99.1471 14.1009 30.5853 23.2099 10.646 26.6224 25.7918 47.6757 71.1228 107.0749 63.825 197.24 74.309 92.1982 97.7026 84.9645 70.8794 7.7366 71.3657 69.5622 83.2437 78.1843 56.0736 7.7664 1092.462 773.7378 773.7378 707.9947 101.9867 283.2149 182.4438 200.1 330.1281 1120.4844 249.1625 440.2927 209.4222 114.4558 339.2929 189.8023 251.6364 1132.1561;
	3.6584 49.4334 82.8041 84.0879 14.788 29.4371 19.3092 8.9177 21.1545 23.956 44.2823 66.0606 99.4538 61.9915 190.9503 71.9394 89.2582 94.587 84.594 69.3324 6.4364 68.6865 66.5382 82.8488 67.1004 53.2075 7.2879 1085.7463 758.0555 758.0555 689.8735 96.5378 281.98 178.4618 194.3518 323.437 1062.1976 230.9747 381.8844 179.7332 110.573 326.5552 182.6049 222.6422 1073.2621;
	3.7723 50.972 78.6171 77.8008 15.2272 29.8545 17.5973 7.0021 21.532 25.9057 47.8863 71.437 107.548 61.7619 184.6117 69.5514 86.2952 91.4472 84.5947 67.0865 5.8658 69.6606 69.4992 82.0749 54.5392 37.2351 5.6653 1190.4725 754.8234 754.8234 646.0464 94.0149 281.9822 172.6808 193.6319 322.058 1151.1751 220.772 340.0855 146.0872 93.203 331.1862 186.287 177.384 1163.1665;
	3.5701 48.2398 68.4224 57.7022 14.9846 27.0852 14.7565 5.3881 15.1898 23.5701 43.569 64.9964 97.8517 63.9124 181.6283 68.4274 84.9007 89.9693 85.8695 66.8822 4.9188 63.1988 69.5924 73.7717 45.798 23.5395 4.1862 1204.1354 712.2468 712.2468 573.5557 67.0929 286.2318 172.155 200.374 303.892 1131.0544 207.506 278.0082 122.6733 74.7699 300.4651 158.5856 131.2097 1142.8362;
	3.5308 47.7083 62.893 65.723 14.4967 26.0537 15.9413 5.2281 13.5803 21.8656 40.4183 60.2961 90.7755 63.7587 181.4331 68.3539 84.8094 89.8727 88.0143 63.7704 5.3138 60.7921 55.242 75.059 54.9204 20.9448 3.1456 1202.7555 691.4696 691.4696 618.0479 64.6343 293.381 164.1451 199.892 295.027 1079.0307 210.3176 244.2129 147.1082 78.7465 289.0229 143.9271 139.4169 1090.2706;
	2.9953 40.4733 51.4004 62.5262 14.6563 22.5071 16.2492 3.6116 18.5558 20.4406 37.7842 56.3666 84.8596 64.1577 188.3704 70.9674 88.0522 93.309 91.7845 67.1261 5.4164 52.5166 49.6667 68.4134 49.8624 13.4704 2.2696 1207.6336 777.6898 777.6898 737.2484 90.4193 305.9484 172.7829 201.143 331.8143 1110.7985 245.0328 253.2479 133.5601 58.4226 249.6789 143.3046 151.5041 1122.3693;
	2.9007 39.1947 50.1905 62.2279 15.0274 19.0958 20.1801 2.3243 19.1292 18.0534 33.3714 49.7836 74.949 66.1769 189.067 71.2299 88.3778 93.6541 92.5306 70.4425 6.7267 44.557 43.528 65.3878 33.8213 8.4842 1.1084 1151.1079 803.827 803.827 757.2684 111.3293 308.4352 181.3192 207.4736 342.9662 1158.4001 239.2704 351.1626 90.5927 44.6908 211.8365 139.0623 131.7192 1170.4668;
	2.075 28.0382 35.7646 45.5528 13.3193 12.9284 17.8239 1.1496 12.651 13.7624 25.4396 37.9508 57.1347 65.9066 186.4361 70.2387 87.148 92.3509 92.2486 69.6978 5.9413 30.1664 25.9461 48.7914 21.3503 5.616 0.9094 1102.4462 758.572 758.572 724.3279 107.3499 307.4954 179.4023 206.626 323.6574 1038.5035 235.0823 380.2453 57.1883 33.8571 143.4196 91.1338 89.5351 1049.3213;
	1.4349 19.3885 27.0454 24.8278 9.272 9.1924 19.5882 1.1982 13.7763 10.7099 19.7971 29.5334 44.4623 63.1346 175.8131 66.2365 82.1824 87.0888 89.2846 67.6305 6.5294 21.4489 18.2735 30.9595 15.6367 6.5192 0.8595 946.0964 655.4782 655.4782 623.6072 103.7228 297.6154 174.081 197.9355 279.6707 947.091 202.4499 385.4676 41.8841 14.1986 101.9744 63.0943 71.2099 956.9565;
	1.0807 14.6021 27.262 27.3098 8.3444 7.0841 22.1619 2.0427 15.9039 10.2921 19.0248 28.3813 42.7279 60.2606 179.4958 67.624 83.9039 88.913 87.9297 67.7305 7.3873 16.5295 11.5884 26.7774 19.0119 10.3239 2.3145 968.5827 696.9921 696.9921 662.3883 100.1944 293.099 174.3385 188.925 297.3833 995.9298 218.5211 428.6049 50.9248 26.834 78.5859 50.2504 55.5787 1006.3041;
	0.6912 9.3398 21.8874 30.5527 7.0813 6.6941 15.223 2.5301 14.2703 8.1957 15.1497 22.6004 34.0247 56.5755 185.2361 69.7866 86.5871 91.7565 85.3108 68.7153 5.0743 15.6196 26.0009 22.222 16.6506 10.688 3.2964 929.7497 668.364 668.364 687.0317 91.3538 284.3694 176.8733 177.3719 285.1686 842.5977 220.1666 417.8996 44.5999 29.1544 74.2601 39.4368 56.9606 851.3748;
	0.7584 10.247 22.5648 3.913 6.3619 8.9113 14.1274 1.2356 13.0554 6.7792 12.5313 18.6942 28.144 63.3256 177.646 66.9271 83.0392 87.9967 74.2039 66.7333 4.7091 20.7929 25.356 27.9574 9.6697 2.4403 1.8698 836.6322 640.6309 640.6309 608.1148 78.5462 247.3462 171.7717 198.5344 273.3359 794.667 205.7756 362.249 25.901 15.7275 98.8556 38.4008 51.6634 802.9448;
	0.8406 11.3577 17.5871 28.8247 7.1417 5.4087 6.9588 1.0535 9.7359 13.2727 24.5344 36.6006 55.1019 63.6988 171.726 64.6968 80.2719 85.0643 76.5758 67.6956 2.3196 12.6203 35.2185 9.4267 6.5196 0.3639 1.4972 787.1485 539.6024 539.6024 557.2191 76.3958 255.2525 174.2487 199.7044 230.2303 611.7456 198.7151 258.6168 17.4631 15.375 60.0004 40.1029 25.8608 618.118;
	0.507 6.8502 12.1346 13.7357 5.5549 9.7845 4.9491 0.0993 11.4532 15.9399 29.4647 43.9555 66.1748 63.1363 167.0387 62.9309 78.0809 82.7424 81.2913 61.6124 1.6497 22.8306 27.5483 35.4384 7.505 3.3705 0.6888 825.4226 539.3807 539.3807 564.1677 81.6168 270.9711 158.5905 197.9408 230.1357 732.4503 196.2802 248.8295 20.1028 27.8664 108.5431 18.1122 9.7362 740.0799;
	1.0763 14.5438 40.086 33.3285 2.687 16.6196 7.3281 1.5249 6.26 20.1383 37.2254 55.5329 83.6045 63.2306 133.3992 50.2574 62.3564 66.0791 80.0505 49.8064 2.4427 38.7792 63.9178 34.1113 12.1024 3.43 1.5841 834.4557 545.0655 545.0655 599.685 89.5817 266.835 128.2017 198.2366 232.5613 752.0461 207.2962 347.3271 32.4172 69.9698 184.3673 55.8935 73.1248 759.8799;
	0.4269 5.7685 31.8025 45.0827 4.0851 15.3067 10.6607 2.4056 18.9408 23.0893 42.6802 63.6704 95.8555 61.6785 129.7939 48.8991 60.6711 64.2932 23.5355 59.3088 3.5536 35.7157 66.4953 48.4076 22.2352 7.5815 2.3872 871.4166 509.9208 509.9208 624.5739 88.1921 78.4515 152.6609 193.3703 217.5662 713.489 201.2145 358.5995 59.5586 84.9393 169.8025 111.2147 137.343 720.9212;
