function windprofile = ex_wind_profilesh1
%EX_WIND_PROFILE_D  Example wind_load_nyiso profile data for deterministic unit commitment.
% 2022.03.12
% Andres F. Ramirez


%% define constants
[GEN_BUS, PG, QG, QMAX, QMIN, VG, MBASE, GEN_STATUS, PMAX, PMIN, ...
    MU_PMAX, MU_PMIN, MU_QMAX, MU_QMIN, PC1, PC2, QC1MIN, QC1MAX, ...
    QC2MIN, QC2MAX, RAMP_AGC, RAMP_10, RAMP_30, RAMP_Q, APF] = idx_gen;
[CT_LABEL, CT_PROB, CT_TABLE, CT_TBUS, CT_TGEN, CT_TBRCH, CT_TAREABUS, ...
    CT_TAREAGEN, CT_TAREABRCH, CT_ROW, CT_COL, CT_CHGTYPE, CT_REP, ...
    CT_REL, CT_ADD, CT_NEWVAL, CT_TLOAD, CT_TAREALOAD, CT_LOAD_ALL_PQ, ...
    CT_LOAD_FIX_PQ, CT_LOAD_DIS_PQ, CT_LOAD_ALL_P, CT_LOAD_FIX_P, ...
    CT_LOAD_DIS_P, CT_TGENCOST, CT_TAREAGENCOST, CT_MODCOST_F, ...
    CT_MODCOST_X] = idx_ct;

windprofile = struct( ...
    'type', 'mpcData', ...
    'table', CT_TGEN, ...
    'rows', [1:45], ...
    'col', PMAX, ...
    'chgtype', 1, ...
    'values', [] );
windprofile.values(:,1,:) = [
	3.7849 51.1419 92.9279 112.0723 15.3545 31.7903 29.7664 12.9532 28.4273 29.8548 55.1862 82.3269 123.9427 67.6186 195.6465 73.7087 91.4534 96.9133 90.8122 72.4159 9.9221 74.1774 73.2395 88.5252 96.4262 68.6728 8.7532 1239.9107 789.1728 789.1728 766.6012 112.3913 302.7075 186.3988 211.9935 336.7137 1149.639 299.2725 476.2009 258.2844 115.3108 352.6607 196.4944 240.0064 1161.6144;
	3.83 51.7512 92.2622 108.8703 15.3569 31.0992 27.9376 11.7826 28.3083 27.9144 51.5993 76.976 115.8869 65.2325 197.7702 74.5088 92.4461 97.9652 88.8127 71.4634 9.3125 72.5647 73.7903 87.643 98.1885 65.5834 7.4851 1170.2767 754.0364 754.0364 763.6935 112.7888 296.0423 183.947 204.5127 321.7222 1155.9642 275.9475 468.9833 263.0049 111.6376 344.9933 204.2732 248.0419 1168.0055;
	3.8101 51.4824 91.0216 93.9175 15.377 31.796 24.7839 9.8283 28.1481 28.0229 51.8 77.2754 116.3377 66.6696 195.3511 73.5974 91.3153 96.7669 91.2668 72.5246 8.2613 74.1907 72.6194 86.4029 85.1906 62.7652 7.4946 1185.3855 763.4532 763.4532 746.3518 112.5427 304.2228 186.6785 209.0181 325.74 1111.9763 255.7916 471.7814 228.1892 111.9489 352.7236 188.4381 258.4065 1123.5594;
	3.7272 50.3622 87.026 94.9134 15.338 31.8159 22.3335 9.4294 28.2722 27.5097 50.8512 75.86 114.2068 64.3235 194.9297 73.4386 91.1183 96.5582 90.1735 70.2348 7.4445 74.2372 70.9875 82.3302 79.5684 56.7837 6.5896 1198.0068 805.8323 805.8323 756.6587 111.0569 300.5785 180.7847 201.6628 343.8218 1186.3583 263.3105 450.5704 213.1297 109.4201 352.9448 189.9647 243.2579 1198.7162;
	3.8189 51.6021 86.6147 82.9448 15.417 32.993 19.9077 7.4221 25.8011 28.2769 52.2695 77.9758 117.3921 65.1331 195.3263 73.5881 91.3037 96.7547 87.8835 70.8731 6.6359 76.9837 73.9732 87.7837 74.9398 53.3571 6.0772 1208.7807 813.9028 813.9028 715.4715 102.1768 292.9448 182.4275 204.201 347.2652 1171.1459 246.9418 411.8125 200.7317 110.1328 366.0025 203.9525 233.2949 1183.3453;
	3.8191 51.6041 81.8806 73.3397 15.3964 31.7038 18.2015 2.0545 26.6992 29.6844 54.8711 81.8569 123.2351 64.8798 198.263 74.6944 92.6764 98.2094 91.242 69.9653 6.0672 73.9756 75.5577 81.9119 53.6268 35.3515 4.1551 1203.5259 759.4739 759.4739 667.0411 89.9598 304.14 180.0909 203.4069 324.0422 1151.3614 230.7077 385.924 143.6433 90.6751 351.701 196.073 187.2988 1163.3548;
	3.4218 46.236 68.9164 57.7835 15.2578 28.4097 15.1269 4.3727 20.7758 29.2623 54.0909 80.693 121.4828 66.7345 197.5609 74.4299 92.3482 97.8616 87.8997 69.8018 5.0423 66.2893 74.7792 78.3709 50.3493 26.1503 3.8351 1181.3599 694.8286 694.8286 523.0136 61.1763 292.999 179.6699 209.2218 296.4602 1118.2343 205.6444 305.3264 134.8641 82.6736 315.1582 162.1177 139.2879 1129.8826;
	3.5113 47.4453 68.5714 71.2201 15.2414 29.9979 16.3759 4.5002 18.7722 26.0784 48.2055 71.9131 108.2647 67.0475 189.105 71.2442 88.3956 93.6729 88.1424 67.0496 5.4586 69.995 65.1546 82.3805 61.5605 21.3846 3.2974 1198.0674 707.5803 707.5803 592.3804 63.7803 293.808 172.5857 210.2028 301.9009 1128.3358 209.4065 281.1002 164.8943 86.3385 332.7762 157.692 142.7006 1140.0893;
	3.0072 40.634 63.435 70.4451 15.3489 27.6603 16.5235 3.9605 22.7365 24.5565 45.3923 67.7164 101.9467 68.1186 187.5373 70.6536 87.6628 92.8964 84.9399 63.8808 5.5078 64.5408 59.5041 86.9672 69.4009 16.6039 2.6924 1231.7909 818.08 818.08 735.6612 88.3409 283.1331 164.4292 213.561 349.0474 1167.1496 241.5367 274.1143 185.8953 63.8509 306.8452 148.7401 173.0481 1179.3074;
	2.7721 37.4578 52.3774 66.0323 15.2027 21.562 20.7998 2.0901 23.622 20.4366 37.7768 56.3555 84.8429 69.7085 177.772 66.9745 83.0981 88.0591 85.3562 59.0364 6.9333 50.3114 52.1174 78.2045 49.2441 8.7824 1.2272 1159.2202 829.5076 829.5076 744.2076 100.0845 284.5207 151.9598 218.5455 353.9232 1207.4774 237.5786 397.9363 131.9039 51.7076 239.1947 134.9004 141.6289 1220.0552;
	2.3176 31.3164 36.262 48.4023 14.0914 16.0772 20.5509 1.0825 22.0583 16.2817 30.0964 44.8979 67.5936 69.6183 167.5103 63.1086 78.3013 82.9761 86.2102 66.4055 6.8503 37.5134 40.4179 58.9097 30.598 5.9122 0.8272 1198.9602 835.9875 835.9875 761.7666 103.5513 287.3674 170.928 218.2628 356.688 1177.8935 246.8035 431.4508 81.959 45.501 178.3496 96.3578 101.2173 1190.1632;
	1.5768 21.3058 29.2984 29.4312 10.827 12.0657 20.9014 0.9556 19.7631 17.5077 32.3627 48.2788 72.6834 68.6165 162.877 61.363 76.1355 80.6809 79.8069 63.0383 6.9671 28.1532 45.1611 42.601 22.6101 7.1664 0.6397 1057.5047 770.3576 770.3576 699.6937 103.2326 266.0229 162.2606 215.1221 328.6859 1074.9324 219.3109 434.4355 60.5628 32.6171 133.8483 69.639 87.7071 1086.1296;
	1.0891 14.7156 27.018 28.7085 9.9049 9.7521 20.9196 1.7596 17.873 13.6797 25.2868 37.7229 56.7916 66.6486 170.6115 64.2769 79.7509 84.5122 85.9852 62.2812 6.9732 22.755 38.564 41.587 26.4685 10.5638 2.1549 1104.2744 811.0097 811.0097 737.5895 102.2045 286.6172 160.3119 208.9525 346.0308 1109.3522 235.1722 456.4478 70.8978 33.8704 108.1837 54.1606 61.7733 1120.908;
	0.912 12.3229 21.9426 33.9106 9.2053 10.6886 14.5715 2.0001 16.5632 18.834 34.8143 51.9361 78.1896 67.7329 173.5219 65.3733 81.1114 85.9538 84.4657 65.7866 4.8572 24.9402 53.6194 40.0197 25.0642 11.002 3.322 1087.1745 768.7862 768.7862 704.9629 94.4842 281.5523 169.3349 212.3518 328.0155 920.0918 219.0794 446.4004 67.1362 30.0454 118.5727 41.9593 61.4159 929.6761;
	0.8936 12.0747 22.1493 14.1047 7.5362 9.8679 11.56 0.6824 14.4971 17.4806 32.3127 48.2042 72.5711 66.263 164.689 62.0456 76.9826 81.5785 70.3546 63.2628 3.8533 23.025 57.7026 46.7675 22.5158 5.9387 2.6026 937.4231 683.8297 683.8297 608.6093 82.1682 234.5153 162.8387 207.7436 291.7673 829.2641 199.2718 373.7502 60.3103 25.0806 109.4675 34.6679 54.7255 837.9023;
	0.9689 13.0923 17.6502 29.4248 8.8698 22.1902 6.3285 0.8264 10.2713 14.7307 27.2295 40.621 61.1548 66.1623 163.2846 61.5165 76.3261 80.8828 68.2301 58.3541 2.1095 51.7772 53.6328 43.0604 22.8429 3.3256 2.1651 914.2883 558.7906 558.7906 517.8678 77.4301 227.4338 150.2036 207.4276 238.4173 654.4708 183.4183 268.8973 61.1865 24.0904 246.1638 4.8455 28.1344 661.2882;
	0.6535 8.8306 3.7035 11.8636 7.5467 5.5203 4.3094 0.0 11.8951 18.3807 33.9765 50.6862 76.3079 61.0249 171.7076 64.6899 80.2633 85.0552 74.2776 58.7527 1.4365 12.8807 56.7966 41.4283 14.9616 3.9962 1.2134 861.8533 535.4001 535.4001 532.7794 74.6746 247.5919 151.2295 191.3213 228.4374 781.0621 190.2429 268.617 40.0756 32.6101 61.2384 1.3237 34.9672 789.1981;
	1.2406 16.7636 5.2506 15.0046 4.093 6.4072 15.3744 0.0 12.371 20.3383 37.5951 56.0845 84.4349 63.5136 133.2542 50.2027 62.2886 66.0073 80.3811 50.83 5.1248 14.95 68.1973 36.8804 13.1203 2.5285 0.4044 808.9489 551.5785 551.5785 597.9746 83.9919 267.937 130.8366 199.1237 235.3401 760.4187 207.006 376.6353 35.1436 72.8466 71.0768 19.3389 36.9235 768.3397;
