function windprofile = ex_wind_profilesh1
%EX_WIND_PROFILE_D  Example wind_load_nyiso profile data for deterministic unit commitment.
% 2022.03.12
% Andres F. Ramirez


%% define constants
[GEN_BUS, PG, QG, QMAX, QMIN, VG, MBASE, GEN_STATUS, PMAX, PMIN, ...
    MU_PMAX, MU_PMIN, MU_QMAX, MU_QMIN, PC1, PC2, QC1MIN, QC1MAX, ...
    QC2MIN, QC2MAX, RAMP_AGC, RAMP_10, RAMP_30, RAMP_Q, APF] = idx_gen;
[CT_LABEL, CT_PROB, CT_TABLE, CT_TBUS, CT_TGEN, CT_TBRCH, CT_TAREABUS, ...
    CT_TAREAGEN, CT_TAREABRCH, CT_ROW, CT_COL, CT_CHGTYPE, CT_REP, ...
    CT_REL, CT_ADD, CT_NEWVAL, CT_TLOAD, CT_TAREALOAD, CT_LOAD_ALL_PQ, ...
    CT_LOAD_FIX_PQ, CT_LOAD_DIS_PQ, CT_LOAD_ALL_P, CT_LOAD_FIX_P, ...
    CT_LOAD_DIS_P, CT_TGENCOST, CT_TAREAGENCOST, CT_MODCOST_F, ...
    CT_MODCOST_X] = idx_ct;

windprofile = struct( ...
    'type', 'mpcData', ...
    'table', CT_TGEN, ...
    'rows', [1:45], ...
    'col', PMAX, ...
    'chgtype', 1, ...
    'values', [] );
windprofile.values(:,1,:) = [
	3.5663 48.188 75.9841 99.7964 14.6995 31.7897 29.54 11.4179 26.9034 26.9522 49.8207 74.3227 111.8925 66.757 186.3291 70.1984 87.098 92.2979 90.9117 69.9526 9.8467 74.1759 69.9184 80.8194 79.2038 57.4129 7.3492 1134.6528 777.4411 777.4411 720.215 99.0423 303.039 180.0583 209.2921 331.7082 1102.4095 257.0138 467.1701 212.1529 115.2909 352.6534 188.8881 231.5155 1113.8929;
	3.511 47.4413 72.2414 99.1136 14.706 31.9451 29.3405 10.7728 26.2012 25.5734 47.2721 70.5207 106.1685 63.9554 185.1145 69.7408 86.5303 91.6963 90.7788 65.8857 9.7802 74.5386 71.1656 72.3322 81.7231 58.5494 6.7406 1109.3252 781.1145 781.1145 785.4536 102.5604 302.5958 169.5901 200.5088 333.2755 1175.9319 265.4713 459.1993 218.9011 115.7945 354.378 191.0345 234.6953 1188.1811;
	3.5118 47.4518 81.6933 84.6038 14.6198 32.4231 26.8043 8.6037 26.6208 27.0857 50.0674 74.6908 112.4465 64.5189 172.5339 65.0012 80.6496 85.4645 90.0423 63.7031 8.9348 75.6538 70.1213 70.6598 62.3202 54.8919 6.7578 1173.7763 793.1687 793.1687 776.2179 100.2154 300.141 163.9719 202.2756 338.4187 1150.0113 258.992 457.1853 166.929 113.0691 359.6799 171.6388 246.189 1161.9906;
	3.5371 47.7935 74.0612 83.5342 14.1854 31.318 21.3179 8.3607 22.9912 27.9735 51.7085 77.139 116.1323 60.9281 169.3729 63.8103 79.172 83.8987 90.0782 64.7559 7.106 73.0753 71.2372 70.1851 63.9263 47.3823 5.3585 1081.8329 783.5719 783.5719 742.5466 106.8965 300.2605 166.682 191.0177 334.324 1094.7758 246.9187 418.8247 171.2311 109.2417 347.4207 177.6971 230.7275 1106.1797;
	3.3949 45.8722 75.2517 62.8652 14.227 29.7209 19.1118 4.1022 19.1508 27.8157 51.4169 76.7038 115.4772 63.234 181.5646 68.4034 84.8709 89.9378 91.4534 67.3788 6.3706 69.3487 73.1859 81.0744 51.4334 39.591 2.9383 1119.9934 750.9697 750.9697 685.9461 95.4931 304.8446 173.4332 198.2472 320.4138 1067.3953 227.0726 369.6647 137.7681 109.2585 329.7035 176.8113 207.5448 1078.514;
	3.576 48.3201 79.8417 73.1627 14.3361 29.6837 17.1417 6.361 21.7629 28.6939 53.0402 79.1256 119.1231 60.9912 176.9678 66.6716 82.7222 87.6608 91.9749 67.0282 5.7139 69.2619 73.175 80.8905 50.9157 31.1925 4.7646 1137.0915 719.4958 719.4958 627.3617 87.9026 306.5831 172.5307 191.2156 306.9849 1068.8201 202.1389 326.7748 136.3813 101.2748 329.2909 172.444 177.1491 1079.9537;
	3.0481 41.187 66.7688 54.1049 14.7512 27.7037 13.382 5.0105 15.1273 28.1196 51.9787 77.5419 116.7389 56.545 181.2237 68.275 84.7115 89.769 90.3076 68.9624 4.4607 64.6419 73.3478 70.7033 40.9286 18.546 3.7615 1096.275 680.9459 680.9459 532.3403 59.45 301.0253 177.5093 177.2761 290.5369 1015.4653 183.6638 222.2339 109.6303 84.5413 307.3259 148.7774 127.1586 1026.043;
	3.2689 44.1696 69.2795 66.122 15.0914 26.9586 14.7741 5.1613 15.5164 25.0065 46.2241 68.9573 103.8149 60.1787 189.0602 71.2273 88.3747 93.6508 91.783 70.3073 4.9247 62.9035 61.8028 80.6681 55.2605 18.9176 3.6956 1112.5577 668.2681 668.2681 617.4524 60.5176 305.9434 180.9712 188.6682 285.1277 1014.0581 201.055 227.1528 148.0191 87.9917 299.061 137.1894 144.0391 1024.6212;
	2.7709 37.4403 61.9371 67.9642 14.9491 23.1798 15.251 3.9635 21.0685 23.2559 42.9882 64.13 96.5474 63.5991 187.8735 70.7803 87.82 93.0629 92.5663 68.8915 5.0837 54.0862 54.7822 83.6392 60.7172 11.9256 2.5934 1087.207 766.8899 766.8899 722.0251 80.9459 308.5544 177.3269 199.3917 327.2064 1065.8923 228.6325 228.3258 162.6353 63.0626 257.1414 132.4859 157.29 1076.9953;
	2.4982 33.7568 50.77 60.4813 14.7874 17.984 18.7161 2.1431 20.243 18.5826 34.3496 51.2428 77.1457 63.7681 184.7674 69.6101 86.368 91.5243 92.2674 68.9479 6.2387 41.9626 42.4715 69.3004 35.5907 5.7331 1.0351 1118.9331 744.8049 744.8049 756.4073 101.5181 307.5579 177.4721 199.9215 317.7834 1149.8803 240.1451 310.1354 95.3321 51.7507 199.502 116.4264 128.4235 1161.8583;
	1.8995 25.6666 36.5445 45.5751 13.9356 13.2013 16.9354 1.2574 16.8721 15.5164 28.6818 42.7876 64.4165 58.9723 172.7882 65.0969 80.7684 85.5904 88.5635 70.8333 5.6451 30.803 34.7218 54.0613 23.292 5.7014 0.8394 1135.0448 744.847 744.847 742.5299 94.7875 295.2117 182.3251 184.8861 317.8014 1062.7065 231.0928 278.6356 62.3892 39.6249 146.4462 82.1409 91.8747 1073.7764;
	1.2999 17.565 25.1004 25.4503 9.791 9.2984 18.7453 0.8409 16.3492 15.0649 27.8472 41.5425 62.542 58.4758 161.5656 60.8689 75.5225 80.0313 84.2123 62.4198 6.2484 21.6962 39.876 35.5771 16.1707 6.3701 0.627 1059.4908 706.0572 706.0572 682.3827 103.192 280.7077 160.6688 183.3294 301.2511 997.3739 207.6056 350.2687 43.3143 29.3199 103.1501 50.7918 62.3253 1007.7632;
	0.957 12.931 21.4856 25.4287 8.182 6.5847 18.4706 1.7752 15.6042 12.6739 23.4275 34.9492 52.6159 58.1427 176.3831 66.4513 82.4489 87.3712 86.4712 62.1469 6.1569 15.3643 37.2387 34.0363 18.831 11.034 2.1398 1039.678 745.8069 745.8069 679.311 99.302 288.2372 159.9662 182.2851 318.2109 1015.1585 208.7582 420.3004 50.4402 26.1618 73.0462 34.5847 25.9285 1025.7331;
	0.7885 10.6547 21.8933 32.0849 7.6199 6.6017 14.1905 2.201 14.5666 15.9494 29.4822 43.9817 66.2142 59.3892 179.0642 67.4614 83.7021 88.6992 84.8622 67.092 4.7302 15.4039 50.7419 36.8619 23.7278 11.4371 2.9615 1045.2754 734.3114 734.3114 700.5867 96.653 282.8741 172.6949 186.1931 313.3062 913.8453 218.9959 417.0434 63.5565 28.0769 73.2344 26.7178 54.4137 923.3645;
	0.8594 11.6131 21.7416 12.5255 6.3607 7.6364 10.9016 1.9216 12.9868 16.0357 29.6417 44.2195 66.5723 50.8943 174.3393 65.6813 81.4935 86.3588 78.332 65.8397 3.6339 17.8182 55.1471 48.54 24.6551 6.5955 2.7983 880.2886 607.0456 607.0456 623.9079 84.1972 261.1065 169.4717 159.5606 259.0061 770.952 214.8093 316.4274 66.0405 23.7786 84.7127 25.499 53.2107 778.9827;
	0.7702 10.407 16.9057 24.4723 5.8497 0.0069 5.9385 0.7494 10.0049 14.1714 26.1956 39.0788 58.8329 59.1571 157.9012 59.4884 73.8096 78.2162 71.3004 59.7801 1.9795 0.0161 52.012 36.2219 18.22 0.4573 0.8843 830.3534 495.2652 495.2652 509.8672 78.8302 237.6681 153.8742 185.4656 211.3132 594.2704 188.7155 225.2625 48.8037 10.8444 0.0767 0.0 23.6853 600.4607;
	0.6015 8.127 17.256 5.9041 5.472 7.9409 3.4254 2.123 11.5417 17.1979 31.7901 47.4246 71.3974 61.3145 163.7466 61.6906 76.542 81.1117 76.5659 58.7788 1.1418 18.5289 51.4683 38.2003 13.9166 5.3782 1.4784 812.4716 520.4272 520.4272 561.8294 78.542 255.2196 151.2968 192.2292 222.049 731.3901 193.5283 225.6367 37.2765 31.4091 88.0915 0.0292 39.0217 739.0087;
	1.1846 16.0061 19.8748 28.1225 1.7629 10.3909 0.9623 0.7778 0.366 19.2268 35.5404 53.0193 79.8203 64.6824 127.456 48.0183 59.5782 63.1352 82.2568 46.1123 0.3208 24.2453 64.4558 33.3756 10.8275 2.55 1.5926 807.2354 544.7294 544.7294 614.7769 89.1639 274.1895 118.6933 202.788 232.4179 786.3574 222.8484 330.402 29.0022 71.5273 115.2692 6.0796 58.0365 794.5486;
	0.5066 6.8459 24.665 39.6793 0.0 3.0468 0.5662 2.0049 0.4092 19.7067 36.4276 54.3429 81.8129 62.4372 110.0434 41.4582 51.4389 54.5099 2.7065 52.8924 0.1887 7.1093 68.8818 43.3805 17.922 7.731 2.0899 821.467 486.4871 486.4871 630.2608 80.9554 9.0217 136.1453 195.749 207.5678 703.8566 202.2885 335.4626 48.0052 80.15 33.7997 0.0 18.148 711.1885;
