function windprofile = ex_wind_profilesh1
%EX_WIND_PROFILE_D  Example wind_load_nyiso profile data for deterministic unit commitment.
% 2022.03.12
% Andres F. Ramirez


%% define constants
[GEN_BUS, PG, QG, QMAX, QMIN, VG, MBASE, GEN_STATUS, PMAX, PMIN, ...
    MU_PMAX, MU_PMIN, MU_QMAX, MU_QMIN, PC1, PC2, QC1MIN, QC1MAX, ...
    QC2MIN, QC2MAX, RAMP_AGC, RAMP_10, RAMP_30, RAMP_Q, APF] = idx_gen;
[CT_LABEL, CT_PROB, CT_TABLE, CT_TBUS, CT_TGEN, CT_TBRCH, CT_TAREABUS, ...
    CT_TAREAGEN, CT_TAREABRCH, CT_ROW, CT_COL, CT_CHGTYPE, CT_REP, ...
    CT_REL, CT_ADD, CT_NEWVAL, CT_TLOAD, CT_TAREALOAD, CT_LOAD_ALL_PQ, ...
    CT_LOAD_FIX_PQ, CT_LOAD_DIS_PQ, CT_LOAD_ALL_P, CT_LOAD_FIX_P, ...
    CT_LOAD_DIS_P, CT_TGENCOST, CT_TAREAGENCOST, CT_MODCOST_F, ...
    CT_MODCOST_X] = idx_ct;

windprofile = struct( ...
    'type', 'mpcData', ...
    'table', CT_TGEN, ...
    'rows', [1:45], ...
    'col', PMAX, ...
    'chgtype', 1, ...
    'values', [] );
windprofile.values(:,1,:) = [
	3.7578 50.7756 90.4249 110.8437 15.2075 32.3772 29.743 10.0468 27.9901 27.5706 50.9639 76.0281 114.4599 64.4768 167.9792 63.2852 78.5205 83.2083 83.6313 64.068 9.9143 75.5469 67.0992 83.9521 87.1442 64.5206 7.6331 1138.497 773.0671 773.0671 734.0755 122.5629 278.771 164.9111 202.1434 329.842 1127.4109 299.4894 466.7319 233.4218 112.6044 359.1715 201.8589 247.7364 1139.1548;
	3.914 52.8871 91.9249 112.231 15.2383 33.7167 30.2667 12.1097 28.1856 26.7754 49.4939 73.8351 111.1584 64.4556 182.2597 68.6653 85.1958 90.2821 86.891 66.8546 10.0889 78.6723 69.9326 85.0035 95.8737 67.6781 7.9065 1197.7518 798.6366 798.6366 750.2521 119.9847 289.6365 172.084 202.0771 340.7516 1226.6101 276.3225 469.2183 256.8046 116.5347 374.0307 214.0757 251.952 1239.3873;
	3.8091 51.4692 90.6041 95.8614 14.957 32.5737 25.512 10.5964 27.7135 25.8896 47.8565 71.3924 107.4809 65.0837 180.8574 68.137 84.5403 89.5875 89.5945 66.8363 8.504 76.0053 63.3187 86.2347 87.8376 65.555 8.2562 1204.1611 778.6314 778.6314 726.4226 119.0531 298.6485 172.0369 204.0462 332.2161 1175.7202 261.6991 455.749 235.2793 118.4136 361.3509 185.7011 255.2506 1187.9673;
	3.7499 50.669 87.9239 99.6739 14.7147 31.3388 22.6709 11.9725 26.3222 26.2119 48.4524 72.2814 108.8192 62.4118 175.0684 65.956 81.8343 86.72 87.807 67.5794 7.557 73.1238 63.4754 87.2995 87.8109 61.895 8.8204 1121.3565 778.7138 778.7138 713.2176 116.1895 292.69 173.9496 195.6693 332.2512 1143.4551 259.3238 424.2941 235.2078 114.5821 347.6514 181.1448 245.8904 1155.366;
	3.6217 48.9376 84.0597 83.305 14.4702 30.0289 17.6824 9.9281 21.1493 26.137 48.3139 72.0748 108.5083 61.057 172.2549 64.896 80.5192 85.3263 91.5898 67.0112 5.8941 70.0675 65.6125 88.274 75.7349 56.3496 8.0334 1128.528 741.9977 741.9977 698.0836 113.4198 305.2994 172.487 191.422 316.5857 1083.7981 250.597 343.3485 202.8613 109.3254 333.1208 184.8294 223.1512 1095.0876;
	3.711 50.1432 81.2066 84.6856 14.8078 30.5763 17.0007 7.7818 24.4421 27.8386 51.4592 76.767 115.5722 62.8225 186.56 70.2854 87.206 92.4123 91.8498 65.9369 5.6669 71.3448 68.1294 88.8519 63.768 39.9935 6.4951 1171.6915 710.8876 710.8876 652.2461 98.5701 306.1659 169.7216 196.957 303.312 1118.8503 217.6539 305.5911 170.8073 97.4259 339.1934 190.441 191.207 1130.505;
	3.3398 45.1275 73.2965 70.0577 14.8653 28.6245 14.1053 6.5689 19.4331 27.7827 51.356 76.613 115.3405 60.4039 181.9681 68.5554 85.0595 90.1377 90.1185 68.5561 4.7018 66.7905 71.8105 85.7062 52.6054 31.5518 5.5008 1180.0261 677.083 677.083 516.7961 66.1729 300.3951 176.4636 189.3743 288.8888 1074.8525 190.3122 234.2971 140.9073 77.3732 317.541 159.7555 143.723 1086.0489;
	3.4514 46.6356 72.0521 73.8491 14.9666 29.3499 15.1165 6.2342 16.4773 23.9173 44.2108 65.9539 99.2932 62.4117 180.0154 67.8198 84.1467 89.1704 87.3618 66.5853 5.0388 68.4831 59.0866 87.8967 60.0314 23.2749 4.2954 1206.7946 682.5501 682.5501 580.0427 63.4174 291.206 171.3907 195.6693 291.2214 1099.7994 184.9448 222.5341 160.7985 75.247 325.5882 156.4699 138.9826 1111.2556;
	2.8834 38.9616 60.4465 68.6504 14.7328 24.596 15.2195 4.4111 20.9639 20.3101 37.5429 56.0066 84.3177 62.4231 185.8195 70.0064 86.8598 92.0455 87.1719 69.3423 5.0732 57.3906 51.0011 86.6566 59.9533 15.1234 2.7897 1187.0912 794.2848 794.2848 740.7466 85.5417 290.573 178.4872 195.7048 338.8949 1154.2791 231.3909 212.7176 160.5891 53.8444 272.8515 142.5246 153.8699 1166.3028;
	2.5247 34.1145 51.9686 64.0621 14.5735 18.1606 18.6664 2.7445 21.0288 17.4679 32.2891 48.169 72.5181 60.6599 172.001 64.8004 80.4005 85.2005 89.5637 67.4633 6.2221 42.3748 41.9098 76.9556 40.0881 8.8683 1.5173 1058.8276 795.1296 795.1296 743.8114 83.2851 298.5455 173.6506 190.177 339.2553 1149.8336 209.7284 338.4093 107.3788 48.8033 201.462 127.8173 124.1633 1161.811;
	2.1542 29.1075 37.6957 46.9352 13.9998 14.7803 18.3001 1.5792 19.6439 16.01 29.5943 44.1489 66.4659 60.469 177.4784 66.8639 82.9608 87.9137 90.5125 72.0618 6.1 34.4874 33.7253 58.903 25.0934 6.7106 8.1987 1149.7206 809.4913 809.4913 756.0253 89.3286 301.7082 185.4873 189.5786 345.383 1132.479 209.3028 380.752 67.2145 41.1902 163.9631 95.1687 89.4861 1144.2757;
	1.5635 21.1258 29.2814 28.985 10.304 11.3915 19.222 1.6252 17.3812 15.5633 28.7686 42.917 64.6113 64.1885 163.6789 61.6651 76.5104 81.0782 86.0714 66.5394 6.4073 26.5803 40.1378 42.5505 24.0252 8.0393 6.5096 1064.0244 773.324 773.324 728.0594 88.665 286.9048 171.2727 201.2396 329.9516 1093.4906 199.832 394.9248 64.3532 26.6493 126.3702 75.0266 73.7534 1104.8811;
	1.0838 14.6443 25.2049 26.1712 8.6256 8.1103 18.5043 2.3118 16.8462 14.2497 26.3404 39.2946 59.1578 64.6573 172.7465 65.0812 80.7489 85.5698 88.3815 67.3097 6.1681 18.924 41.0846 38.778 24.704 12.1211 2.5814 1032.0867 778.0277 778.0277 711.5517 89.1507 294.6049 173.2552 202.7095 331.9585 1096.2699 202.9728 419.3326 66.1715 27.2248 89.9702 56.0971 50.8607 1107.6894;
	0.9379 12.6736 23.0191 34.0154 8.2666 9.8286 13.4075 2.6493 13.2389 18.064 33.3911 49.8129 74.9931 66.2603 169.4517 63.84 79.2088 83.9377 87.3525 62.2045 4.4692 22.9334 49.7011 38.9816 26.6754 13.1222 3.8492 985.365 739.4255 739.4255 694.7744 75.4425 291.175 160.1146 207.7351 315.4882 917.2725 202.4318 405.1811 71.4521 25.7424 109.0318 49.6828 58.5615 926.8275;
	0.8714 11.7742 23.3364 21.39 6.9713 8.8992 10.7607 2.6275 12.8778 18.1599 33.5683 50.0773 75.3911 66.5217 165.0374 62.1769 77.1454 81.7511 75.3116 66.4782 3.5869 20.7647 56.2128 49.9154 27.7772 9.9987 3.8929 875.1631 664.4854 664.4854 619.4405 75.0782 251.0387 171.1151 208.5546 283.5138 824.9274 194.5087 328.0912 74.4033 27.2745 98.7213 43.8953 56.7094 833.5204;
	0.9035 12.2078 17.5858 29.1732 7.5262 0.4356 6.0886 1.7283 9.8457 13.5971 25.1341 37.4951 56.4486 63.5263 158.8197 59.8344 74.239 78.6712 80.8647 61.7624 2.0295 1.0165 47.0037 43.6894 23.6976 5.5632 2.635 859.6665 541.3215 541.3215 536.8424 74.8257 269.5491 158.9767 199.1636 230.9638 644.611 185.6027 220.5478 63.4756 25.8922 4.8327 61.8679 25.7504 651.3257;
	0.5661 7.6494 31.8481 67.5343 6.5383 1.6865 3.9378 10.7365 12.0337 16.8513 31.1494 46.4688 69.9585 60.9257 167.3775 63.0585 78.2393 82.9103 83.7118 60.1981 1.3126 3.9351 41.9107 44.7462 17.6878 74.4461 1.947 793.0955 525.8497 525.8497 550.5521 76.6414 279.0395 154.9501 191.0103 224.3625 732.3322 183.8007 224.9216 47.3779 34.2911 18.7084 45.8235 84.9313 739.9606;
	1.0746 14.5209 2.8947 7.4504 2.8818 0.3825 1.5155 1.7632 12.7357 20.4592 37.8185 56.4177 84.9365 64.1322 127.6709 48.0993 59.6787 63.2417 85.0293 50.467 0.5052 0.8926 58.3009 37.9713 15.1914 4.6823 1.7026 744.6627 514.441 514.441 583.9334 82.5966 283.4309 129.9022 201.0632 219.4948 735.8123 198.5542 339.4331 40.6914 76.7836 4.2435 16.7256 34.5777 743.477;
	0.4731 6.3927 23.4824 41.1975 0.0275 0.1972 1.5771 2.4311 3.5611 23.6472 43.7115 65.209 98.1718 63.613 126.1391 47.5222 58.9627 62.4829 70.6103 62.706 0.5257 0.4601 64.6035 47.9719 25.316 10.4275 2.348 790.0337 491.0199 491.0199 579.9318 75.3907 235.3676 161.4053 199.4353 209.5018 672.0685 175.8915 342.9653 67.8106 92.344 2.1875 19.5674 13.746 679.0692;
