function windprofile = ex_wind_profilesh1
%EX_WIND_PROFILE_D  Example wind_load_nyiso profile data for deterministic unit commitment.
% 2022.03.12
% Andres F. Ramirez


%% define constants
[GEN_BUS, PG, QG, QMAX, QMIN, VG, MBASE, GEN_STATUS, PMAX, PMIN, ...
    MU_PMAX, MU_PMIN, MU_QMAX, MU_QMIN, PC1, PC2, QC1MIN, QC1MAX, ...
    QC2MIN, QC2MAX, RAMP_AGC, RAMP_10, RAMP_30, RAMP_Q, APF] = idx_gen;
[CT_LABEL, CT_PROB, CT_TABLE, CT_TBUS, CT_TGEN, CT_TBRCH, CT_TAREABUS, ...
    CT_TAREAGEN, CT_TAREABRCH, CT_ROW, CT_COL, CT_CHGTYPE, CT_REP, ...
    CT_REL, CT_ADD, CT_NEWVAL, CT_TLOAD, CT_TAREALOAD, CT_LOAD_ALL_PQ, ...
    CT_LOAD_FIX_PQ, CT_LOAD_DIS_PQ, CT_LOAD_ALL_P, CT_LOAD_FIX_P, ...
    CT_LOAD_DIS_P, CT_TGENCOST, CT_TAREAGENCOST, CT_MODCOST_F, ...
    CT_MODCOST_X] = idx_ct;

windprofile = struct( ...
    'type', 'mpcData', ...
    'table', CT_TGEN, ...
    'rows', [1:45], ...
    'col', PMAX, ...
    'chgtype', 1, ...
    'values', [] );
windprofile.values(:,1,:) = [
	3.4379 46.453 87.5496 107.6429 13.9912 29.7413 29.052 9.104 27.6348 24.8467 45.9287 68.5166 103.1514 63.4169 180.5659 68.0272 84.4041 89.4431 80.1571 66.8086 9.684 69.3964 60.4517 81.7216 81.8851 45.1481 7.0751 1116.2531 730.7253 730.7253 727.4524 114.4995 267.1903 171.9654 198.8204 311.7761 1036.8204 295.5654 454.2843 219.335 112.0798 329.9302 150.6835 183.6134 1047.6206;
	3.5995 48.6376 87.0919 108.4542 14.6655 30.7357 27.7283 10.3046 27.3925 22.2817 41.1874 61.4435 92.5029 66.3796 190.2753 71.6851 88.9427 94.2527 69.7004 65.4251 9.2428 71.7166 65.4335 84.8724 94.3882 53.8969 7.1612 1120.4902 742.0355 742.0355 723.6491 112.1879 232.3346 168.4042 208.1089 316.6018 1075.1615 266.9607 452.4981 252.8255 113.0449 340.9614 180.9715 224.3811 1086.3611;
	3.6357 49.127 89.2735 96.1766 14.4968 31.2457 25.8049 10.3317 28.2497 22.9447 42.4128 63.2716 95.2551 67.6995 193.6992 72.9751 90.5431 95.9487 74.5879 68.7592 8.6016 72.9066 63.2386 84.5548 85.0906 55.2265 8.5637 1169.6067 777.9098 777.9098 743.3326 111.441 248.6262 176.9862 212.2469 331.9082 1047.2014 261.696 459.7985 227.9211 115.4605 346.619 170.6848 238.3881 1058.1098;
	3.527 47.6571 86.6252 97.2192 14.1356 29.1543 21.7428 10.9222 27.4806 25.3861 46.9258 70.0041 105.3907 65.5299 194.1875 73.159 90.7714 96.1906 72.54 70.0173 7.2476 68.0267 65.6945 84.4826 81.1854 51.7429 7.9849 1184.5081 771.3467 771.3467 718.8987 111.0505 241.8001 180.2247 205.445 329.1079 1079.0632 259.3619 442.1019 217.4608 112.7034 323.4183 168.9214 215.6402 1090.3035;
	3.6157 48.8558 83.4172 85.638 14.6884 28.9033 18.8579 8.5926 24.2172 25.9588 47.9845 71.5834 107.7684 62.9671 194.837 73.4037 91.075 96.5123 83.9913 69.8942 6.286 67.441 66.2413 86.3658 69.8215 37.9036 7.1466 1215.8555 724.0429 724.0429 625.3424 98.3415 279.971 179.9079 197.4105 308.925 1024.1348 230.9556 405.2324 187.0219 110.6821 320.6336 190.9185 196.1001 1034.8029;
	3.6842 49.7811 79.0904 75.4805 14.6954 26.1504 17.2935 6.0582 25.4396 27.3691 50.5913 75.4722 113.6231 60.5621 194.5802 73.3069 90.9549 96.3851 83.9948 70.7167 5.7645 61.0177 68.3447 83.4662 52.6584 27.4475 5.3924 1226.493 709.4108 709.4108 633.3093 86.7208 279.9826 182.0249 189.8705 302.6819 1078.9901 205.5293 346.0083 141.0493 99.3442 290.0955 185.0396 157.9356 1090.2296;
	3.2422 43.8095 71.2931 63.1708 14.8522 22.1325 15.4367 4.6641 19.4251 26.9531 49.8224 74.3252 111.8962 63.2028 195.9847 73.8361 91.6114 97.0808 86.4668 71.4954 5.1456 51.6424 69.0082 78.0572 44.7444 10.3974 4.0177 1224.5408 637.7534 637.7534 500.523 58.9956 288.2225 184.0294 198.1493 272.1081 1024.9739 186.0691 274.254 119.8511 82.2989 245.5227 149.0224 95.3211 1035.6507;
	3.2918 44.48 67.319 66.9745 14.6425 17.9859 16.3122 4.5471 16.9319 22.1247 40.8973 61.0107 91.8512 64.337 189.9234 71.5525 88.7781 94.0783 85.9808 70.0868 5.4374 41.9672 55.7886 81.053 48.4171 7.7593 3.5978 1238.0442 633.7256 633.7256 570.0474 64.0563 286.6026 180.4036 201.7052 270.3896 1035.9547 195.357 244.2846 129.6886 75.8842 199.5241 143.0641 116.2695 1046.7459;
	2.7329 36.9281 60.5412 64.7614 14.3801 20.6471 15.361 3.8278 20.3935 21.2541 39.2879 58.6098 88.2367 60.5327 179.5682 67.6513 83.9377 88.9489 83.9604 68.1058 5.1203 48.1765 51.1775 84.5835 58.3443 5.6738 2.6175 1190.5111 706.6725 706.6725 674.801 88.0217 279.8682 175.3046 189.7783 301.5136 1006.5251 236.5053 211.58 156.2793 51.1981 229.0449 135.2667 129.318 1017.0097;
	2.4347 32.8978 51.4336 62.9283 14.0706 17.6865 18.6962 2.4376 20.8376 19.0975 35.3014 52.6628 79.2835 63.944 169.2791 63.7749 79.1281 83.8522 82.4095 69.2846 6.2321 41.2685 44.9683 74.3646 37.8474 1.7903 1.3438 1126.4515 727.1808 727.1808 689.55 107.1253 274.6983 178.3388 200.4732 310.2638 1060.3768 233.9207 334.8712 101.3769 46.3921 196.2023 124.6389 99.8093 1071.4224;
	2.0281 27.4047 36.6029 43.6885 13.208 13.0179 18.555 1.2413 20.2975 15.999 29.574 44.1186 66.4203 63.8958 170.4577 64.219 79.6791 84.436 85.6244 71.1609 6.185 30.375 38.0462 54.1994 23.8808 3.5264 3.1564 1145.9046 770.4131 770.4131 735.8792 105.5765 285.4145 183.1684 200.3219 328.7096 1089.0216 242.9836 377.8058 63.9665 35.7726 144.4116 89.4018 77.3089 1100.3656;
	1.2871 17.3912 25.3041 24.9885 9.1181 8.4387 19.9502 0.9145 18.179 15.7443 29.103 43.416 65.3625 66.6313 177.251 66.7783 82.8545 87.8011 85.5175 73.0514 6.6501 19.6903 44.2196 36.3775 18.684 2.2033 1.4631 992.0375 718.8226 718.8226 697.2456 104.8541 285.0583 188.0346 208.898 306.6977 984.4554 223.6783 397.1024 50.0465 26.2447 93.6133 64.4702 38.4153 994.7101;
	1.0202 13.7855 25.1951 26.6311 8.459 7.3593 19.8676 1.8242 16.7316 13.1763 24.3561 36.3346 54.7015 67.4974 179.1709 67.5016 83.752 88.7521 84.9175 72.3729 6.6225 17.1717 40.2038 35.8536 21.9324 0.623 2.7024 1005.5282 746.4171 746.4171 699.0978 98.4039 283.0584 186.2882 211.6135 318.4713 1015.2634 231.2968 437.0366 58.7476 26.7863 81.6392 55.0957 44.0108 1025.8391;
	0.7723 10.4357 20.715 31.8232 7.5283 7.4465 13.5956 2.0226 12.6043 17.226 31.842 47.5021 71.5141 67.4171 176.8779 66.6377 82.6802 87.6163 79.7799 71.2734 4.5319 17.3751 52.4384 32.2548 23.2468 0.0 3.8993 956.9237 683.5195 683.5195 703.137 96.3702 265.9329 183.4579 211.3616 291.635 881.4137 234.2119 426.6078 62.2683 27.1333 82.6062 42.7227 53.0776 890.5951;
	0.8492 11.4751 22.7331 34.4002 6.5895 7.5969 11.1153 2.0712 11.4019 17.5905 32.5157 48.5071 73.0271 68.0989 169.5747 63.8863 79.2663 83.9986 70.8551 72.7202 3.7051 17.7262 58.2868 47.2451 24.5317 0.2143 3.8241 879.5892 628.7134 628.7134 636.538 84.0201 236.1835 187.182 213.4993 268.251 783.4108 207.5479 335.8711 65.7098 30.8031 84.2752 36.4488 51.9533 791.5714;
	0.954 12.8912 18.6808 32.5357 7.5908 0.5279 5.8532 1.477 9.5698 14.6421 27.0657 40.3767 60.7869 68.0538 163.0339 61.4221 76.2089 80.7587 73.0075 70.8502 1.9511 1.2318 53.6712 46.5092 24.3235 2.1222 2.5144 848.8386 538.8903 538.8903 574.9024 84.2877 243.3584 182.3686 213.3578 229.9265 608.2993 200.1185 257.4279 65.1522 30.4533 5.8564 4.2411 31.2325 614.6357;
	0.6081 8.2166 10.156 18.5301 6.8451 2.8806 3.7515 0.0053 12.2711 18.0351 33.3375 49.733 74.8728 65.9106 167.2407 63.007 78.1753 82.8425 74.8889 67.2482 1.2505 6.7213 55.2504 40.6816 14.1929 3.3304 1.3834 842.1703 530.7234 530.7234 602.0671 83.3128 249.6295 173.0971 206.6386 226.442 733.2545 202.3131 245.5588 38.0167 33.3312 31.955 5.1695 14.5909 740.8926;
	1.143 15.4446 8.3401 8.1928 3.5781 2.32 0.0227 0.044 9.5074 21.0565 38.9226 58.0649 87.4163 64.8815 136.2205 51.3203 63.6751 67.4766 67.8238 55.8404 0.0076 5.4134 67.9082 37.5824 13.4538 2.1091 1.5758 755.7358 528.6504 528.6504 614.0286 88.1596 226.0793 143.7332 203.4124 225.5575 704.0349 204.4296 345.418 36.0371 73.2524 25.7369 10.631 26.3965 711.3686;
	0.425 5.743 22.4513 34.8899 0.8802 0.0 0.0 1.2664 0.0 21.2164 39.2181 58.5057 88.0801 63.2015 120.9285 45.5591 56.5271 59.9018 0.0 60.8921 0.0 0.0 65.1837 42.1736 16.7774 6.7436 2.0139 795.3536 490.6988 490.6988 630.9539 80.938 0.0 156.7363 198.1454 209.3648 652.7867 192.611 333.7098 44.9394 88.6603 0.0 0.0 5.4241 659.5866;
