function loadprofile = ex_load_profilesh1
%EX_LOAD_PROFILE  Example load profile data file for stochastic unit commitment.
% 2022.03.12
% Andres F. Ramirez

%% define constants
[CT_LABEL, CT_PROB, CT_TABLE, CT_TBUS, CT_TGEN, CT_TBRCH, CT_TAREABUS, ...
    CT_TAREAGEN, CT_TAREABRCH, CT_ROW, CT_COL, CT_CHGTYPE, CT_REP, ...
    CT_REL, CT_ADD, CT_NEWVAL, CT_TLOAD, CT_TAREALOAD, CT_LOAD_ALL_PQ, ...
    CT_LOAD_FIX_PQ, CT_LOAD_DIS_PQ, CT_LOAD_ALL_P, CT_LOAD_FIX_P, ...
    CT_LOAD_DIS_P, CT_TGENCOST, CT_TAREAGENCOST, CT_MODCOST_F, ...
    CT_MODCOST_X] = idx_ct;

loadprofile = struct( ...
    'type', 'mpcData', ...
    'table', CT_TAREALOAD, ...
    'rows', [1:11], ...
    'col', CT_LOAD_ALL_P, ...
    'chgtype', 1, ...
    'values', [] );
loadprofile.values(:,1,:) = [
	1553.4422 973.3968 1626.848 558.7013 852.2656 1194.4486 936.2953 283.9987 594.8272 5037.5885 1783.655;
	1557.2686 963.5884 1628.3489 545.826 843.8257 1200.3 922.551 281.4472 569.3805 4891.7555 1775.1798;
	1556.6483 991.8 1648.0465 568.5532 861.7011 1197.1 922.3047 293.2835 591.5219 4823.0312 1813.2917;
	1680.6226 1069.0576 1771.3566 589.3 932.7497 1281.313 979.0986 319.7302 611.8884 5062.0553 1911.9817;
	1788.5437 1171.9666 1965.3007 639.1423 1053.342 1444.1844 1075.9679 347.891 697.7606 5404.0196 2126.8156;
	1878.7326 1247.9503 2097.5442 648.7 1117.947 1524.8434 1162.7 377.6458 748.3287 5988.3 2282.3633;
	1890.7 1243.9915 2140.0 639.8705 1119.6068 1504.8194 1199.4856 372.5 765.417 6346.6888 2286.3865;
	1897.3285 1251.7235 2137.3928 638.3 1106.5964 1506.5233 1186.4 372.7631 750.1083 6557.9879 2299.9671;
	1927.6198 1233.3474 2143.3116 618.4959 1096.2181 1498.4183 1170.1109 378.09 749.5477 6506.2204 2292.7089;
	1930.9567 1223.0794 2140.9194 609.9098 1082.5323 1460.7873 1160.8474 356.9 767.9757 6470.9064 2293.0458;
	1913.0003 1209.4684 2125.6969 598.2086 1049.8176 1450.2544 1157.3549 346.1354 750.3063 6390.899 2125.3231;
	1917.3245 1209.7662 2080.8666 581.4801 997.3602 1387.6444 1149.7488 345.5 731.9442 6295.6 2046.2183;
	1899.8713 1190.3598 2013.551 586.468 985.0494 1393.3 1111.6598 338.7 726.2414 6260.887 2087.4911;
	1874.4835 1188.2545 1962.5866 572.794 1005.8292 1371.9923 1123.0531 342.7771 715.6332 6303.1305 2043.6657;
	1828.2 1181.4683 1967.408 555.9127 1029.3 1418.8937 1129.4105 361.5 702.7088 6325.5 2158.1166;
	1870.298 1200.7 2010.0389 564.0 1026.9675 1469.7198 1202.8414 384.9992 717.9808 6305.88 2314.91;
	1908.9397 1200.1 2033.8897 587.8881 1033.2704 1502.2588 1234.3887 398.0804 751.8851 6223.383 2397.9656;
	1919.5537 1258.8231 2120.1574 600.4258 1049.8204 1552.7796 1315.1637 418.3576 759.1883 6331.2 2552.9665;
	1919.7299 1249.9292 2090.2485 594.8466 1046.641 1569.507 1264.2494 421.3 748.8 6276.3943 2516.1318;
	1852.3387 1192.3831 1969.9352 613.5 964.4886 1473.2858 1199.6 426.3603 711.1555 6045.247 2402.2978;
	1798.3205 1108.1143 1857.9366 581.7666 893.4923 1346.7582 1126.8182 371.7917 665.3798 5765.9685 2258.1213;
	1710.381 1041.5154 1759.5655 578.8669 845.6272 1260.5299 1037.8329 329.3149 620.1352 5340.167 2004.3;
	1645.3 981.6914 1694.2 586.7188 880.0431 1215.0774 1021.1127 356.8119 615.6516 5160.1429 1904.48;
	1604.6052 927.2203 1663.4 603.7 822.0414 1194.5 936.4985 296.2268 565.9 4805.8 1814.1713;
];
