function solarprofile = ex_solar_profilesh1
%EX_WIND_PROFILE_D  Example wind_load_nyiso profile data for deterministic unit commitment.
% 2022.03.12
% Andres F. Ramirez


%% define constants
[GEN_BUS, PG, QG, QMAX, QMIN, VG, MBASE, GEN_STATUS, PMAX, PMIN, ...
    MU_PMAX, MU_PMIN, MU_QMAX, MU_QMIN, PC1, PC2, QC1MIN, QC1MAX, ...
    QC2MIN, QC2MAX, RAMP_AGC, RAMP_10, RAMP_30, RAMP_Q, APF] = idx_gen;
[CT_LABEL, CT_PROB, CT_TABLE, CT_TBUS, CT_TGEN, CT_TBRCH, CT_TAREABUS, ...
    CT_TAREAGEN, CT_TAREABRCH, CT_ROW, CT_COL, CT_CHGTYPE, CT_REP, ...
    CT_REL, CT_ADD, CT_NEWVAL, CT_TLOAD, CT_TAREALOAD, CT_LOAD_ALL_PQ, ...
    CT_LOAD_FIX_PQ, CT_LOAD_DIS_PQ, CT_LOAD_ALL_P, CT_LOAD_FIX_P, ...
    CT_LOAD_DIS_P, CT_TGENCOST, CT_TAREAGENCOST, CT_MODCOST_F, ...
    CT_MODCOST_X] = idx_ct;

solarprofile = struct( ...
    'type', 'mpcData', ...
    'table', CT_TGEN, ...
    'rows', [1:12], ...
    'col', PMAX, ...
    'chgtype', 1, ...
    'values', [] );
solarprofile.values(:,1,:) = [
	0.0 0.0 0.0 0.0 0.0 0.0 0.0 0.0 0.0 0.0 0.0 0.0;
	0.0 0.0 0.0 0.0 0.0 0.0 0.0 0.0 0.0 0.0 0.0 0.0;
	0.0 0.0 0.0 0.0 0.0 0.0 0.0 0.0 0.0 0.0 0.0 0.0;
	0.0 0.0 0.0 0.0 0.0 0.0 0.0 0.0 0.0 0.0 0.0 0.0;
	0.0 0.0 0.0 0.0 0.0 0.0 0.0 0.0 0.0 0.0 0.0 0.0;
	0.1575 0.1621 0.24 0.0 0.0 0.0 0.0 0.0 0.0 0.0 0.0 0.0;
	2.3212 3.4059 1.8016 2.5755 3.8706 137.7176 17.2147 14.4582 61.3077 101.1981 21.6854 183.2703;
	10.8113 9.0129 7.9855 2.758 4.1774 230.6265 28.8283 23.8917 113.1066 233.7774 54.4405 423.3722;
	20.02 15.1209 13.7723 4.3258 5.5324 208.4188 26.0523 32.4887 138.7483 318.2883 126.3947 576.422;
	25.0544 15.1652 13.7624 5.3117 5.7688 39.9624 4.9953 28.2873 120.3821 352.8544 222.8312 639.0215;
	25.7083 16.2334 13.7859 6.3755 5.9026 43.9732 5.4966 33.2481 71.3511 356.7837 254.6994 646.1374;
	25.9192 16.5255 13.7863 6.5095 4.5068 50.9599 6.37 37.0263 38.6929 356.9946 254.2718 646.5194;
	25.8343 16.5546 13.7832 8.4793 5.0839 262.7427 32.8428 60.952 156.1112 346.8633 247.4826 628.1716;
	22.8397 16.3881 13.5178 6.5748 2.4253 299.8819 37.4852 61.6403 191.1137 338.8997 215.1218 613.7494;
	17.6818 13.6677 9.7458 3.5532 1.3591 301.3978 37.6747 58.6518 198.3496 306.8515 150.8398 555.7099;
	12.6253 8.2678 6.0661 3.0249 3.8384 298.6965 37.3371 52.0987 192.1095 200.3803 92.4473 362.89;
	1.3827 1.2107 0.8714 1.5524 3.0935 66.1668 8.2708 12.8743 38.6915 63.0852 38.7376 114.2477;
	0.0 0.0 0.0 0.0 0.0 0.0 0.0 0.0 0.0 0.0 0.0 0.0;
	0.0 0.0 0.0 0.0 0.0 0.0 0.0 0.0 0.0 0.0 0.0 0.0;
	0.0 0.0 0.0 0.0 0.0 0.0 0.0 0.0 0.0 0.0 0.0 0.0;
	0.0 0.0 0.0 0.0 0.0 0.0 0.0 0.0 0.0 0.0 0.0 0.0;
	0.0 0.0 0.0 0.0 0.0 0.0 0.0 0.0 0.0 0.0 0.0 0.0;
	0.0 0.0 0.0 0.0 0.0 0.0 0.0 0.0 0.0 0.0 0.0 0.0;
	0.0 0.0 0.0 0.0 0.0 0.0 0.0 0.0 0.0 0.0 0.0 0.0;
];
