function windprofile = ex_wind_profilesh1
%EX_WIND_PROFILE_D  Example wind_load_nyiso profile data for deterministic unit commitment.
% 2022.03.12
% Andres F. Ramirez


%% define constants
[GEN_BUS, PG, QG, QMAX, QMIN, VG, MBASE, GEN_STATUS, PMAX, PMIN, ...
    MU_PMAX, MU_PMIN, MU_QMAX, MU_QMIN, PC1, PC2, QC1MIN, QC1MAX, ...
    QC2MIN, QC2MAX, RAMP_AGC, RAMP_10, RAMP_30, RAMP_Q, APF] = idx_gen;
[CT_LABEL, CT_PROB, CT_TABLE, CT_TBUS, CT_TGEN, CT_TBRCH, CT_TAREABUS, ...
    CT_TAREAGEN, CT_TAREABRCH, CT_ROW, CT_COL, CT_CHGTYPE, CT_REP, ...
    CT_REL, CT_ADD, CT_NEWVAL, CT_TLOAD, CT_TAREALOAD, CT_LOAD_ALL_PQ, ...
    CT_LOAD_FIX_PQ, CT_LOAD_DIS_PQ, CT_LOAD_ALL_P, CT_LOAD_FIX_P, ...
    CT_LOAD_DIS_P, CT_TGENCOST, CT_TAREAGENCOST, CT_MODCOST_F, ...
    CT_MODCOST_X] = idx_ct;

windprofile = struct( ...
    'type', 'mpcData', ...
    'table', CT_TGEN, ...
    'rows', [1:45], ...
    'col', PMAX, ...
    'chgtype', 1, ...
    'values', [] );
windprofile.values(:,1,:) = [
	3.4264 46.2979 87.0215 100.2169 14.3069 29.3849 26.7043 11.1964 27.7169 27.7143 51.2295 76.4244 115.0565 65.1459 182.2811 68.6733 85.2058 90.2927 82.2452 67.4122 8.9014 68.5647 56.5412 82.2128 80.6479 62.2585 6.9541 1201.1485 668.9713 668.9713 714.0787 114.1891 274.1508 173.5192 204.2413 285.4278 1062.1334 294.5972 453.9835 216.0212 113.8335 325.9762 156.5268 229.9233 1073.1973;
	3.5412 47.8497 78.309 97.7216 14.4608 30.6811 25.4092 7.794 27.0281 26.0881 48.2235 71.94 108.3053 66.9833 182.8061 68.8711 85.4512 90.5528 81.7738 65.9793 8.4697 71.5893 53.8361 78.3762 71.9047 54.1733 4.312 1218.2105 701.948 701.948 736.112 117.4727 272.5793 169.8309 210.0018 299.4978 1144.7333 273.7055 453.1556 192.6019 116.1325 340.3558 163.3841 221.403 1156.6576;
	3.5708 48.2494 85.6358 92.1795 15.0023 31.491 23.3559 8.1999 26.9862 26.0187 48.0951 71.7484 108.0168 63.7339 170.2505 64.1409 79.5822 84.3334 71.8414 66.6427 7.7853 73.479 51.7137 84.8381 69.2241 58.8568 5.5846 1263.9275 720.1782 720.1782 737.849 117.8008 239.4713 171.5385 199.8143 307.276 1133.7944 266.8979 439.3778 185.4218 111.9417 349.34 157.2546 245.8198 1145.6048;
	3.5943 48.5671 86.2424 97.1083 14.4939 31.8043 21.835 9.4414 26.2954 26.3036 48.6219 72.5343 109.2 61.764 158.8414 59.8426 74.2491 78.6819 73.9374 66.8175 7.2783 74.21 56.2854 84.7183 72.0053 52.3383 4.4533 1203.6894 736.7289 736.7289 717.179 114.2778 246.4579 171.9885 193.6386 314.3377 1139.5848 263.0331 416.32 192.8714 111.1463 352.8154 175.6504 239.8137 1151.4555;
	3.5916 48.5305 85.8174 87.6419 14.5237 32.1135 17.7711 9.3004 23.293 26.7339 49.4172 73.7207 110.9861 62.5478 174.622 65.7878 81.6256 86.4988 83.7445 67.3913 5.9237 74.9314 58.4458 88.658 71.1418 52.5215 7.0013 1183.3528 723.8545 723.8545 699.629 110.4674 279.1485 173.4654 196.0959 308.8446 1076.5132 239.9936 367.8035 190.5584 110.9827 356.2455 188.2863 226.877 1087.7268;
	3.6609 49.4666 84.629 83.5276 14.8836 31.8365 18.2619 7.3775 25.4138 28.0058 51.7683 77.2281 116.2665 60.5759 176.6705 66.5596 82.5832 87.5135 85.4952 66.8553 6.0873 74.2852 49.8607 86.5266 54.6819 38.5224 5.4015 1241.1639 701.1061 701.1061 648.6395 102.6029 284.9841 172.0858 189.9137 299.1386 1103.9704 223.0303 368.8315 146.4695 101.8863 353.1732 192.4206 200.3524 1115.47;
	3.4456 46.5572 74.5696 61.6435 14.7168 28.4868 14.6679 5.1158 18.3583 25.4131 46.9756 70.0784 105.5027 61.5365 186.314 70.1927 87.0909 92.2904 88.3327 68.534 4.8893 66.4692 39.1171 79.3262 46.2877 24.5539 2.0956 1244.8518 662.22 662.22 537.3371 69.5121 294.4422 176.4067 192.9251 282.5472 1042.763 197.9923 282.0415 123.9849 82.5054 316.0134 159.4937 144.1669 1053.6251;
	3.6181 48.8886 71.2055 62.2157 14.507 26.9649 15.5072 4.0019 15.9778 21.0408 38.8936 58.0216 87.3511 66.1052 200.7301 75.6239 93.8296 99.4314 92.1943 71.9211 5.1691 62.9182 34.6975 79.5281 47.8916 16.9288 0.4922 1230.9515 645.3289 645.3289 632.6921 72.8647 307.3143 185.125 207.2488 275.3403 1056.0865 210.1458 247.3154 128.2809 78.613 299.1309 149.1848 143.7572 1067.0874;
	2.8975 39.1521 57.7923 54.5281 14.343 20.4172 15.1695 1.2966 20.6698 13.5854 25.1125 37.4629 56.4001 64.3017 187.0495 70.4698 87.4348 92.6547 91.0808 69.1618 5.0565 47.6401 39.8781 80.051 45.0146 11.788 0.0 1204.5254 735.7225 735.7225 748.229 93.4583 303.6027 178.0227 201.5944 313.9083 1102.8865 245.3972 224.6709 120.5749 57.5152 226.4944 130.8139 154.0317 1114.3749;
	2.7857 37.6414 48.2728 51.3823 14.6872 17.0817 19.3631 0.6014 21.0958 8.3563 15.4464 23.043 34.6911 64.6932 180.4911 67.999 84.3691 89.4061 87.6937 65.9757 6.4544 39.8573 17.5749 68.2953 31.0536 5.2867 0.053 1121.0319 729.8266 729.8266 732.9052 107.9411 292.3123 169.8217 202.8218 311.3927 1099.2707 238.4737 331.2765 83.1793 43.4732 189.4928 119.4738 128.7664 1110.7215;
	1.8146 24.5195 30.5304 0.0 13.5694 10.1543 17.1494 0.2 19.0707 3.7177 6.8721 10.2518 15.4341 63.3109 161.181 60.724 75.3427 79.8408 82.9734 67.4135 5.7165 23.6934 1.9371 50.6195 18.9193 3.9611 0.3487 1043.4592 679.7835 679.7835 683.8661 103.2504 276.578 173.5226 198.4882 290.0409 975.9782 226.6435 338.0976 50.6767 29.7255 112.6453 84.9833 83.773 986.1447;
	1.2892 17.4198 24.7162 2.4904 9.8946 6.1802 17.2614 0.1045 17.1739 12.3657 22.8578 34.0994 51.3364 63.246 174.1803 65.6214 81.4191 86.28 84.9891 64.4479 5.7538 14.4204 12.855 33.5632 14.9073 5.2206 0.0988 887.2812 647.5304 647.5304 642.0547 99.3779 283.2972 165.889 198.2849 276.2797 936.9163 199.4786 332.1386 39.9303 26.2301 68.5587 60.1699 68.5311 946.6758;
	0.3648 4.9293 4.0289 1.5293 8.4872 1.7883 16.6394 0.1593 14.1988 10.1521 18.7659 27.9951 42.1464 57.8832 172.844 65.118 80.7945 85.6181 86.6565 65.1273 5.5465 4.1726 10.9061 12.2694 9.7108 4.7184 0.0 854.3919 683.6717 683.6717 668.9667 93.5647 288.8551 167.6379 181.4715 291.6999 873.0659 214.5655 346.7923 26.011 20.6947 19.838 44.6012 30.9243 882.1604;
	0.436 5.8919 15.9074 10.7536 7.0927 7.1042 11.8964 1.7648 12.6374 17.7199 32.755 48.864 73.5645 59.6038 172.7376 65.0779 80.7448 85.5653 90.2954 67.5353 3.9655 16.5765 48.431 38.0331 21.7329 6.9162 1.6053 906.0027 641.1258 641.1258 723.332 94.3448 300.9847 173.8361 186.8659 273.547 803.3168 223.9705 362.0012 58.2131 29.607 78.8092 34.041 50.0043 811.6847;
	0.321 4.3381 9.2101 0.0 4.9005 5.8464 8.2803 1.3068 11.3943 13.5758 25.0947 37.4364 56.3603 54.5246 158.0622 59.549 73.8849 78.2959 78.4627 67.6075 2.7601 13.6416 29.9447 44.9683 21.6714 4.1844 0.718 772.6016 574.1807 574.1807 626.543 85.1541 261.5422 174.0219 170.942 244.9838 718.9421 203.7752 277.0397 58.0484 30.4666 64.8562 26.7054 45.7883 726.4311;
	0.3975 5.3705 0.0 3.7267 4.7973 0.0 4.0268 0.0742 6.7706 11.6676 21.5675 32.1744 48.4384 45.5432 154.338 58.1459 72.144 76.4511 77.0451 65.0706 1.3423 0.0 24.0066 30.0765 6.1867 2.2584 0.4456 835.2367 480.4748 480.4748 549.0454 83.8815 256.8171 167.4919 142.7841 205.0026 574.6929 197.4012 195.6166 16.5715 22.9588 0.0 0.0 18.4727 580.6793;
	0.299 4.0405 0.0 0.0 0.8999 0.0 3.2952 0.0 9.576 14.5835 26.9574 40.2152 60.5438 58.9962 154.7879 58.3154 72.3543 76.674 83.8976 56.0378 1.0984 0.0 19.8395 12.7712 1.3768 1.1001 0.0 811.7172 490.9498 490.9498 574.8195 80.1208 279.6587 144.2414 184.9612 209.4719 709.9463 198.1153 223.6343 3.688 31.8935 0.0 0.0 0.8834 717.3416;
	1.0404 14.0585 0.0 0.0 2.4466 5.4398 2.6633 0.0 4.1327 19.3865 35.8357 53.4598 80.4835 63.5602 129.341 48.7285 60.4594 64.0689 87.0975 50.1384 0.8878 12.6928 52.6151 16.2453 7.207 3.4089 1.2455 767.955 536.0013 536.0013 656.7162 90.5929 290.3251 129.0565 199.2699 228.6939 743.7558 224.8908 345.0574 19.3044 74.9338 60.3453 8.1332 42.7463 751.5033;
	0.522 7.0539 21.9781 39.6915 0.1132 23.5648 8.3819 1.928 0.3324 23.5266 43.4885 64.8763 97.6709 64.1807 117.797 44.3793 55.0633 58.3506 10.5028 54.4438 2.794 54.9846 68.5467 47.0652 21.6557 8.0923 2.1246 813.9784 520.6996 520.6996 677.9529 84.5293 35.0092 140.1385 201.2152 222.1652 701.4448 200.2514 346.1985 58.0062 92.8848 261.4125 14.8953 80.1585 708.7515;
