function loadprofile = ex_load_profilesh1
%EX_LOAD_PROFILE  Example load profile data file for stochastic unit commitment.
% 2022.03.12
% Andres F. Ramirez

%% define constants
[CT_LABEL, CT_PROB, CT_TABLE, CT_TBUS, CT_TGEN, CT_TBRCH, CT_TAREABUS, ...
    CT_TAREAGEN, CT_TAREABRCH, CT_ROW, CT_COL, CT_CHGTYPE, CT_REP, ...
    CT_REL, CT_ADD, CT_NEWVAL, CT_TLOAD, CT_TAREALOAD, CT_LOAD_ALL_PQ, ...
    CT_LOAD_FIX_PQ, CT_LOAD_DIS_PQ, CT_LOAD_ALL_P, CT_LOAD_FIX_P, ...
    CT_LOAD_DIS_P, CT_TGENCOST, CT_TAREAGENCOST, CT_MODCOST_F, ...
    CT_MODCOST_X] = idx_ct;

loadprofile = struct( ...
    'type', 'mpcData', ...
    'table', CT_TAREALOAD, ...
    'rows', [1:11], ...
    'col', CT_LOAD_ALL_P, ...
    'chgtype', 1, ...
    'values', [] );
loadprofile.values(:,1,:) = [
	1461.1631 933.0384 1594.3469 552.9356 806.3 1118.5 872.3 267.1 500.7 4571.5202 1666.0288;
	1484.1845 947.1 1614.4511 543.1311 814.3 1145.3258 887.1247 259.8082 499.1431 4526.3955 1677.4719;
	1501.2337 973.5685 1651.9235 561.8 815.0791 1156.3285 904.9577 266.9924 520.6 4568.5598 1714.6879;
	1573.9584 1014.9557 1740.5848 558.7425 896.9 1253.3893 967.6835 296.9 553.5 4842.2224 1853.316;
	1751.6547 1144.6332 1952.7452 581.0 996.0893 1401.5 1083.9303 332.3 632.7463 5488.9915 2117.5133;
	1842.8 1249.6759 2073.3 620.8161 1054.6446 1499.9467 1153.6176 378.9159 696.1 6196.6791 2319.182;
	1881.0667 1267.5449 2100.7 615.0434 1083.9673 1517.7443 1173.4 394.2994 699.1 6394.0511 2300.1269;
	1896.2959 1245.1 2054.4371 630.8801 1055.1256 1511.4916 1186.3 402.2765 693.7917 6621.0488 2227.0201;
	1847.664 1227.6966 2026.4475 625.9581 1084.4345 1543.6703 1176.1195 381.2026 714.0273 6712.8 2186.9114;
	1905.7478 1223.1436 2048.7187 605.5579 1040.3216 1470.6225 1120.1737 379.8499 676.7976 6681.8359 2218.3097;
	1873.712 1199.3111 2005.8711 605.6557 1027.1184 1461.9004 1106.3205 383.8074 679.4075 6673.806 2216.4;
	1868.3935 1173.1385 2000.9507 594.9 1028.0088 1412.6224 1114.9658 388.8645 686.6832 6813.438 2187.3446;
	1867.037 1142.4408 1995.8657 588.4393 1026.3224 1369.3 1114.6115 379.6995 673.4923 6900.4277 2247.3154;
	1815.6651 1132.7749 1976.266 604.6178 1048.1123 1337.5138 1055.678 387.2863 649.3505 6774.1813 2175.4694;
	1850.3 1140.4418 1944.8708 591.95 1044.0715 1336.8408 1040.9742 402.4165 647.9015 6535.1 2170.5355;
	1841.6017 1134.0542 1926.3368 610.2 1047.446 1390.7332 1061.6007 395.6 642.1572 6412.5731 2275.5883;
	1782.4819 1142.1 1984.5264 626.9436 1069.8 1475.93 1101.5003 421.3877 681.4204 6358.0562 2350.5;
	1792.8356 1202.1656 2078.7474 638.4 1112.0 1536.4882 1166.555 432.2858 718.3431 6309.8541 2462.9735;
	1862.2992 1240.4 2098.8 629.3 1127.0729 1536.5014 1172.2172 419.0657 708.1998 6301.5339 2466.9303;
	1801.3057 1163.0199 2006.95 612.0 1068.8856 1463.9196 1140.4 397.5818 695.3 6097.1357 2361.7094;
	1721.8528 1079.2439 1905.807 592.7763 1018.5566 1397.4842 1067.3 391.3201 643.4018 5843.6242 2175.7507;
	1611.2355 1006.1958 1741.4392 591.7 942.2445 1267.0282 986.9903 330.0173 569.5 5418.0589 1947.2267;
	1523.5348 935.1126 1661.8626 577.9399 918.9164 1210.034 950.0 279.215 540.9653 5254.3802 1823.9018;
	1509.8807 923.1948 1671.0186 566.3 897.1563 1194.4674 924.9027 262.2003 534.4229 4918.0737 1797.2364;
];
