function windprofile = ex_wind_profilesh1
%EX_WIND_PROFILE_D  Example wind_load_nyiso profile data for deterministic unit commitment.
% 2022.03.12
% Andres F. Ramirez


%% define constants
[GEN_BUS, PG, QG, QMAX, QMIN, VG, MBASE, GEN_STATUS, PMAX, PMIN, ...
    MU_PMAX, MU_PMIN, MU_QMAX, MU_QMIN, PC1, PC2, QC1MIN, QC1MAX, ...
    QC2MIN, QC2MAX, RAMP_AGC, RAMP_10, RAMP_30, RAMP_Q, APF] = idx_gen;
[CT_LABEL, CT_PROB, CT_TABLE, CT_TBUS, CT_TGEN, CT_TBRCH, CT_TAREABUS, ...
    CT_TAREAGEN, CT_TAREABRCH, CT_ROW, CT_COL, CT_CHGTYPE, CT_REP, ...
    CT_REL, CT_ADD, CT_NEWVAL, CT_TLOAD, CT_TAREALOAD, CT_LOAD_ALL_PQ, ...
    CT_LOAD_FIX_PQ, CT_LOAD_DIS_PQ, CT_LOAD_ALL_P, CT_LOAD_FIX_P, ...
    CT_LOAD_DIS_P, CT_TGENCOST, CT_TAREAGENCOST, CT_MODCOST_F, ...
    CT_MODCOST_X] = idx_ct;

windprofile = struct( ...
    'type', 'mpcData', ...
    'table', CT_TGEN, ...
    'rows', [1:45], ...
    'col', PMAX, ...
    'chgtype', 1, ...
    'values', [] );
windprofile.values(:,1,:) = [
	3.7232 50.3084 89.0271 110.1302 14.5467 33.0556 30.5643 12.8885 28.4344 30.437 56.2624 83.9324 126.3598 66.5654 200.114 75.3918 93.5417 99.1262 91.1143 73.1221 10.1881 77.1297 74.117 86.9926 97.2706 68.6734 9.5631 1124.4517 754.1474 754.1474 726.1187 101.6186 303.7142 188.2164 208.6916 321.7696 1109.9882 278.8792 473.1415 260.5462 123.2924 366.6968 197.1145 251.5875 1121.5506;
	3.7325 50.4341 89.0049 112.9668 14.503 32.8448 30.5314 12.6972 28.428 28.9026 53.4261 79.7012 119.9897 67.4941 202.0233 76.1111 94.4342 100.072 90.506 73.0706 10.1771 76.6379 72.792 87.2108 99.7658 69.228 9.2114 1116.1514 800.3748 800.3748 796.6357 109.2085 301.6867 188.0839 211.6031 341.4932 1220.9929 277.2092 472.7473 267.2299 123.7879 364.3583 203.4261 265.7564 1233.7115;
	3.8039 51.3993 89.3038 101.3126 14.8526 32.8665 28.2113 11.3401 28.2982 28.2239 52.1715 77.8296 117.1721 67.1575 198.6765 74.8502 92.8697 98.4142 89.7863 73.4592 9.4038 76.6886 70.1529 87.4252 90.871 68.7833 9.5957 1117.007 796.4806 796.4806 783.2658 115.1781 299.2877 189.0841 210.5478 339.8317 1163.1938 276.5547 472.2204 243.4045 119.8588 364.5994 186.2341 277.024 1175.3104;
	3.7553 50.7429 87.924 107.3775 14.9858 33.3377 23.6735 11.3578 28.1695 27.5685 50.9599 76.0222 114.4509 65.0548 193.2303 72.7984 90.3239 95.7164 88.8452 72.5087 7.8912 77.788 67.8144 84.9509 86.8865 60.8447 8.5788 1122.5865 788.369 788.369 737.6542 112.7118 296.1505 186.6376 203.9556 336.3708 1195.5773 265.5709 450.4163 232.7318 112.8719 369.8265 195.5152 270.3099 1208.0313;
	3.4668 46.8441 77.292 80.0437 14.1647 30.6001 19.0734 8.5539 24.2675 25.8124 47.7138 71.1795 107.1604 64.8115 193.6864 72.9702 90.5371 95.9423 88.7424 72.4009 6.3578 71.4003 63.6582 82.0788 65.8371 47.9963 7.2132 1096.1602 726.469 726.469 690.1435 103.2595 295.8081 186.3601 203.1927 309.9601 1088.0899 246.8155 389.6524 176.3495 106.345 339.4576 185.0983 213.9676 1099.4242;
	3.5654 48.1767 76.7575 71.8735 14.3202 29.6363 17.1292 6.0848 24.5495 27.8939 51.5615 76.9197 115.8021 60.4034 186.2009 70.1501 87.0381 92.2344 88.2954 71.3193 5.7097 69.1514 64.3656 81.462 51.8741 33.4133 5.3807 1069.1549 712.4632 712.4632 662.4052 94.4631 294.3179 183.5761 189.3728 303.9843 1090.0208 236.6927 341.5469 138.9486 94.0518 328.7655 177.9257 172.6512 1101.3752;
	3.2856 44.3963 67.3538 58.9115 14.1186 27.1547 14.4763 4.938 17.7537 26.9045 49.7326 74.1912 111.6945 63.0318 191.2382 72.0479 89.3928 94.7296 84.6985 71.6685 4.8254 63.361 57.7623 70.8996 39.0163 20.6672 4.3211 1132.1536 691.1269 691.1269 576.971 61.8213 282.3282 184.475 197.6132 294.8808 1078.3652 208.817 259.0743 104.5079 75.1937 301.2365 149.1424 121.8827 1089.5982;
	3.5864 48.4605 67.966 65.1468 14.1079 27.9623 14.7734 5.0926 14.4483 21.5021 39.7462 59.2935 89.2661 61.294 189.2769 71.309 88.4759 93.7581 87.0026 71.8436 4.9245 65.2453 33.2936 75.6679 50.2462 12.767 3.6121 1194.2259 702.1679 702.1679 677.6749 64.6315 290.0086 184.9256 192.165 299.5916 1139.5462 213.8821 234.6582 134.5881 79.3969 310.195 149.0782 133.0666 1151.4165;
	2.9879 40.3727 60.3917 62.5955 14.3255 23.9413 14.4287 3.6286 19.6798 21.0829 38.9715 58.1378 87.5261 62.7813 187.8279 70.7631 87.7986 93.0403 85.7107 70.96 4.8096 55.863 22.7931 78.7699 51.4488 13.9969 2.5424 1168.0333 775.5385 775.5385 765.5558 93.5357 285.7024 182.6512 196.8278 330.8964 1118.0263 242.4529 236.6947 137.8094 57.088 265.5885 145.0364 149.1824 1129.6724;
	2.7242 36.8096 51.845 62.0958 14.3169 19.0349 18.6906 2.1339 19.4116 18.472 34.1453 50.9381 76.687 65.2327 181.5259 68.3888 84.8528 89.9186 84.2153 69.4912 6.2302 44.4149 20.1509 68.2937 35.2478 6.8337 1.4083 1030.3712 773.8062 773.8062 739.0756 105.2234 280.7177 178.8706 204.5133 330.1573 1102.279 235.4978 355.7798 94.4138 39.8196 211.1609 134.4395 122.8029 1113.7611;
	2.3224 31.3811 40.8953 47.6228 13.8071 14.5265 18.8275 1.1002 18.9919 16.0557 29.6787 44.2748 66.6555 66.7941 186.4355 70.2385 87.1478 92.3506 87.6557 69.7884 6.2758 33.8953 27.8634 52.1892 23.0248 4.9758 1.0486 1065.1266 803.5932 803.5932 754.2281 105.6931 292.1858 179.6354 209.4086 342.8664 1089.0645 247.8843 382.5394 61.6736 35.4853 161.1478 96.9591 98.3331 1100.4089;
	1.514 20.4575 31.5719 26.6383 10.102 10.3932 19.139 0.1899 15.691 16.092 29.7458 44.3749 66.8062 68.5753 171.7038 64.6884 80.2615 85.0533 83.1944 68.692 6.3797 24.2509 36.2625 34.4095 15.9374 3.6589 0.477 947.7483 718.486 718.486 719.4871 104.8813 277.3147 176.8134 214.9927 306.554 988.8947 224.7396 380.1455 42.6895 27.274 115.2957 66.5777 78.9226 999.1956;
	1.1173 15.0978 29.4218 27.0357 9.6405 8.604 18.4265 1.7973 15.3874 14.1901 26.2302 39.1303 58.9104 64.7432 172.9897 65.1728 80.8626 85.6902 86.4127 68.588 6.1422 20.076 36.6151 38.6922 22.2652 7.4718 2.0865 931.9942 772.157 772.157 731.5495 100.5725 288.0423 176.5456 202.9788 329.4536 998.5362 229.1573 412.6666 59.6388 29.7267 95.4469 54.1603 54.0713 1008.9376;
	0.886 11.9721 25.8247 34.0891 8.7051 8.7951 12.9232 2.3643 12.2347 18.6642 34.5006 51.4681 77.4849 65.4802 178.3672 67.1988 83.3763 88.354 81.3189 69.7265 4.3077 20.522 50.5373 38.992 25.7918 8.6212 3.346 826.0863 715.047 715.047 720.2581 91.8349 271.063 179.4762 205.2892 305.0867 833.4647 223.6951 397.2739 69.085 29.2316 97.5673 43.3321 62.5798 842.1466;
	0.8308 11.2266 23.3854 0.1166 6.6924 7.6161 10.355 1.2124 9.9626 17.0332 31.4857 46.9705 70.7138 62.8788 170.8872 64.3808 79.8798 84.6488 68.7697 68.7541 3.4517 17.771 47.2476 42.0317 17.1361 4.352 2.587 754.944 616.7038 616.7038 622.7095 77.9495 229.2323 176.9733 197.1336 263.1269 723.1142 203.4467 306.1932 45.9004 19.7528 84.4883 38.5701 53.8784 730.6466;
	0.7842 10.5958 15.2045 22.5996 7.0928 0.0 5.2647 0.012 3.7509 15.4498 28.5587 42.6039 64.1399 56.8751 174.9891 65.9261 81.7972 86.6807 77.3244 69.4273 1.7549 0.0 49.314 21.8081 11.5946 0.0 0.2531 736.0524 529.0144 529.0144 546.0804 73.8285 257.7481 178.7061 178.3113 225.7128 581.39 187.4874 204.194 31.0569 19.0036 0.0 5.323 4.6941 587.4461;
	0.4362 5.8935 0.0 0.0 5.2775 0.0 4.1108 0.0 10.9618 18.3906 33.9947 50.7134 76.3487 45.0974 181.346 68.321 84.7687 89.8295 81.2348 67.0756 1.3703 0.0 51.0115 3.3475 4.5417 0.0 0.0711 766.8134 525.6972 525.6972 588.5999 75.6429 270.7825 172.6528 141.3865 224.2975 732.1883 196.1436 226.9409 12.1653 17.1185 0.0 1.0533 0.0 739.8153;
	1.0933 14.7727 0.0 0.0 2.7602 0.0 13.7848 0.0 5.3587 21.0762 38.959 58.1191 87.498 58.4512 147.2566 55.4781 68.8339 72.9434 84.6992 56.6255 4.5949 0.0 64.9552 10.463 9.7106 0.2318 0.9511 732.1268 560.4752 560.4752 625.398 83.4217 282.3307 145.7543 183.2524 239.1361 737.2252 212.3288 365.4499 26.0105 64.3964 0.0 26.3494 0.0 744.9046;
	0.2108 2.849 5.7577 33.6575 0.0643 0.0 8.2363 1.371 0.487 21.5777 39.886 59.502 89.58 59.6481 126.3019 47.5835 59.0388 62.5635 20.8115 63.6282 2.7454 0.0 63.2775 40.6285 20.2197 2.9823 1.6101 803.5689 516.7963 516.7963 630.314 81.0688 69.3715 163.7791 187.0048 220.4997 683.9903 202.0711 357.7902 54.1599 66.7437 0.0 1.9252 0.0 691.1152;
