function solarprofile = ex_solar_profilesh1
%EX_WIND_PROFILE_D  Example wind_load_nyiso profile data for deterministic unit commitment.
% 2022.03.12
% Andres F. Ramirez


%% define constants
[GEN_BUS, PG, QG, QMAX, QMIN, VG, MBASE, GEN_STATUS, PMAX, PMIN, ...
    MU_PMAX, MU_PMIN, MU_QMAX, MU_QMIN, PC1, PC2, QC1MIN, QC1MAX, ...
    QC2MIN, QC2MAX, RAMP_AGC, RAMP_10, RAMP_30, RAMP_Q, APF] = idx_gen;
[CT_LABEL, CT_PROB, CT_TABLE, CT_TBUS, CT_TGEN, CT_TBRCH, CT_TAREABUS, ...
    CT_TAREAGEN, CT_TAREABRCH, CT_ROW, CT_COL, CT_CHGTYPE, CT_REP, ...
    CT_REL, CT_ADD, CT_NEWVAL, CT_TLOAD, CT_TAREALOAD, CT_LOAD_ALL_PQ, ...
    CT_LOAD_FIX_PQ, CT_LOAD_DIS_PQ, CT_LOAD_ALL_P, CT_LOAD_FIX_P, ...
    CT_LOAD_DIS_P, CT_TGENCOST, CT_TAREAGENCOST, CT_MODCOST_F, ...
    CT_MODCOST_X] = idx_ct;

solarprofile = struct( ...
    'type', 'mpcData', ...
    'table', CT_TGEN, ...
    'rows', [1:12], ...
    'col', PMAX, ...
    'chgtype', 1, ...
    'values', [] );
solarprofile.values(:,1,:) = [
	0.0 0.0 0.0 0.0 0.0 0.0 0.0 0.0 0.0 0.0 0.0 0.0;
	0.0 0.0 0.0 0.0 0.0 0.0 0.0 0.0 0.0 0.0 0.0 0.0;
	0.0 0.0 0.0 0.0 0.0 0.0 0.0 0.0 0.0 0.0 0.0 0.0;
	0.0 0.0 0.0 0.0 0.0 0.0 0.0 0.0 0.0 0.0 0.0 0.0;
	0.0 0.0 0.0 0.0 0.0 0.0 0.0 0.0 0.0 0.0 0.0 0.0;
	0.1575 0.1621 0.24 0.0 0.0 0.0 0.0 0.0 0.0 0.0 0.0 0.0;
	2.5861 5.4942 1.4178 0.9485 1.0786 26.8308 3.3538 4.2365 3.0211 0.0 21.6947 0.0;
	15.2808 13.658 7.0448 4.5793 2.7003 130.5314 16.3164 9.1016 24.172 28.8267 30.158 52.2053;
	21.9943 16.6083 12.6679 8.0429 3.5804 160.5565 20.0696 17.4557 51.4416 104.4088 76.745 189.0849;
	14.0019 13.447 5.2742 5.1737 2.4052 60.0198 7.5025 17.6389 66.1245 162.2692 112.6274 293.8705;
	17.5327 13.1118 5.8403 3.4629 2.5968 167.4329 20.9291 19.6649 130.5004 211.5957 162.5648 383.2012;
	22.8847 15.6403 11.0324 3.5799 3.1389 260.3743 32.5468 21.7754 159.0185 253.6952 176.534 459.4435;
	25.8343 16.5546 13.7855 9.5872 9.0904 351.3437 43.918 46.9731 176.9559 341.8638 233.1198 619.1174;
	22.7653 16.3881 13.7008 9.592 8.8117 317.4746 39.6843 49.9265 150.0311 338.4299 200.1353 612.8986;
	13.3209 13.6133 10.0807 7.6083 7.9842 245.3304 30.6663 47.719 137.0349 309.9629 150.8119 561.3447;
	4.7648 7.0332 3.623 5.8958 11.0965 257.6406 32.2051 40.9278 182.8174 207.5165 122.3334 375.8137;
	1.2507 1.0039 0.6868 1.6286 3.6294 86.358 10.7948 10.7593 51.4998 67.115 39.7572 121.5456;
	0.0 0.0 0.0 0.0 0.0 0.0 0.0 0.0 0.0 0.0 0.0 0.0;
	0.0 0.0 0.0 0.0 0.0 0.0 0.0 0.0 0.0 0.0 0.0 0.0;
	0.0 0.0 0.0 0.0 0.0 0.0 0.0 0.0 0.0 0.0 0.0 0.0;
	0.0 0.0 0.0 0.0 0.0 0.0 0.0 0.0 0.0 0.0 0.0 0.0;
	0.0 0.0 0.0 0.0 0.0 0.0 0.0 0.0 0.0 0.0 0.0 0.0;
	0.0 0.0 0.0 0.0 0.0 0.0 0.0 0.0 0.0 0.0 0.0 0.0;
	0.0 0.0 0.0 0.0 0.0 0.0 0.0 0.0 0.0 0.0 0.0 0.0;
];
