function loadprofile = ex_load_profilesh1
%EX_LOAD_PROFILE  Example load profile data file for stochastic unit commitment.
% 2022.03.12
% Andres F. Ramirez

%% define constants
[CT_LABEL, CT_PROB, CT_TABLE, CT_TBUS, CT_TGEN, CT_TBRCH, CT_TAREABUS, ...
    CT_TAREAGEN, CT_TAREABRCH, CT_ROW, CT_COL, CT_CHGTYPE, CT_REP, ...
    CT_REL, CT_ADD, CT_NEWVAL, CT_TLOAD, CT_TAREALOAD, CT_LOAD_ALL_PQ, ...
    CT_LOAD_FIX_PQ, CT_LOAD_DIS_PQ, CT_LOAD_ALL_P, CT_LOAD_FIX_P, ...
    CT_LOAD_DIS_P, CT_TGENCOST, CT_TAREAGENCOST, CT_MODCOST_F, ...
    CT_MODCOST_X] = idx_ct;

loadprofile = struct( ...
    'type', 'mpcData', ...
    'table', CT_TAREALOAD, ...
    'rows', [1:11], ...
    'col', CT_LOAD_ALL_P, ...
    'chgtype', 1, ...
    'values', [] );
loadprofile.values(:,1,:) = [
	1575.3698 971.4341 1662.7837 568.9342 862.8491 1244.7059 911.1371 278.3538 512.7928 4509.186 1754.3933;
	1589.3059 988.2558 1675.4432 564.0396 880.6864 1238.7818 904.8482 270.2 498.8 4418.1316 1721.9742;
	1642.6604 1010.1316 1738.0379 559.9218 920.0846 1277.2325 914.3 274.0634 512.1 4473.5627 1758.5476;
	1698.4005 1074.7863 1814.95 581.6394 943.4 1301.8559 943.7248 287.3 535.019 4651.0028 1854.3433;
	1822.9758 1184.8 2028.7073 609.7636 1058.87 1441.8981 1036.0637 327.2 599.7434 5207.8796 2089.4773;
	1909.4 1262.4347 2135.7313 631.1176 1073.2394 1496.9896 1088.4463 337.2893 657.4665 5651.9302 2201.0506;
	1887.7108 1273.1384 2131.1444 625.5047 1066.5 1488.2 1113.5 332.4371 643.3702 5561.957 2215.8218;
	1898.2743 1282.681 2125.1 622.8701 1069.4421 1523.2661 1141.2 350.9366 697.2115 6200.2837 2250.8207;
	1914.7456 1290.7 2090.0903 616.0875 1063.4548 1470.5347 1105.2211 349.2258 682.7953 6032.8898 2232.7267;
	1898.9042 1276.4 2058.8353 611.2473 1059.5226 1461.8615 1080.7581 357.1272 676.5873 6134.2451 2226.9254;
	1840.3 1246.5265 2017.4765 589.5609 1004.7778 1478.1692 1079.405 342.6162 676.8672 5865.6407 2177.1817;
	1810.5492 1217.9487 1963.3818 576.2018 998.1167 1456.3428 1079.3949 349.2207 649.4948 6294.6985 2158.2217;
	1790.1346 1194.8488 1930.0 586.109 975.9379 1394.9374 1060.7682 340.9 672.0 6165.6078 2139.5823;
	1785.221 1159.5399 1911.4935 593.365 949.7965 1369.374 1051.6388 355.2574 666.8404 6315.7334 2183.0425;
	1788.2052 1156.2 1911.2047 587.5478 997.3419 1418.6 1074.3 372.4817 671.6749 6407.6161 2214.2913;
	1721.6654 1112.4039 1870.2759 582.5 1008.5566 1454.3066 1117.0619 367.7908 703.1782 6431.1166 2310.4;
	1757.1524 1141.9354 1854.3336 580.0326 1005.3331 1532.4112 1137.3792 387.0857 693.2728 6296.9399 2392.8;
	1813.4667 1192.399 1956.2343 604.5 1036.4554 1598.2 1213.9692 415.2 743.7 6369.9857 2519.0396;
	1841.6749 1236.9785 1971.1853 583.8494 1035.4363 1562.5781 1205.7 409.9164 729.5774 6214.0605 2473.6889;
	1759.2164 1153.9547 1873.6537 584.3346 1011.9215 1501.8048 1187.5553 407.5186 688.5323 6031.0453 2367.1363;
	1670.891 1060.2555 1777.0269 554.1552 949.3572 1414.9 1096.2402 394.5051 626.7554 5690.0683 2181.9524;
	1588.0558 998.3806 1641.6496 555.8066 878.2263 1342.6083 1040.5 354.5915 586.7633 5343.786 1996.2355;
	1517.2221 960.9422 1652.8858 564.9286 866.2594 1228.6144 960.5736 312.527 535.1209 5054.8414 1873.5868;
	1475.0519 940.9483 1671.551 584.6871 867.9306 1251.8 937.4366 301.4 533.5 4796.8324 1842.2783;
];
