function solarprofile = ex_solar_profilesh1
%EX_WIND_PROFILE_D  Example wind_load_nyiso profile data for deterministic unit commitment.
% 2022.03.12
% Andres F. Ramirez


%% define constants
[GEN_BUS, PG, QG, QMAX, QMIN, VG, MBASE, GEN_STATUS, PMAX, PMIN, ...
    MU_PMAX, MU_PMIN, MU_QMAX, MU_QMIN, PC1, PC2, QC1MIN, QC1MAX, ...
    QC2MIN, QC2MAX, RAMP_AGC, RAMP_10, RAMP_30, RAMP_Q, APF] = idx_gen;
[CT_LABEL, CT_PROB, CT_TABLE, CT_TBUS, CT_TGEN, CT_TBRCH, CT_TAREABUS, ...
    CT_TAREAGEN, CT_TAREABRCH, CT_ROW, CT_COL, CT_CHGTYPE, CT_REP, ...
    CT_REL, CT_ADD, CT_NEWVAL, CT_TLOAD, CT_TAREALOAD, CT_LOAD_ALL_PQ, ...
    CT_LOAD_FIX_PQ, CT_LOAD_DIS_PQ, CT_LOAD_ALL_P, CT_LOAD_FIX_P, ...
    CT_LOAD_DIS_P, CT_TGENCOST, CT_TAREAGENCOST, CT_MODCOST_F, ...
    CT_MODCOST_X] = idx_ct;

solarprofile = struct( ...
    'type', 'mpcData', ...
    'table', CT_TGEN, ...
    'rows', [1:12], ...
    'col', PMAX, ...
    'chgtype', 1, ...
    'values', [] );
solarprofile.values(:,1,:) = [
	0.0 0.0 0.0 0.0 0.0 0.0 0.0 0.0 0.0 0.0 0.0 0.0;
	0.0 0.0 0.0 0.0 0.0 0.0 0.0 0.0 0.0 0.0 0.0 0.0;
	0.0 0.0 0.0 0.0 0.0 0.0 0.0 0.0 0.0 0.0 0.0 0.0;
	0.0 0.0 0.0 0.0 0.0 0.0 0.0 0.0 0.0 0.0 0.0 0.0;
	0.0 0.0 0.0 0.0 0.0 0.0 0.0 0.0 0.0 0.0 0.0 0.0;
	0.1575 0.1683 0.24 0.0 0.0 0.0 0.0 0.0791 0.0 0.0 0.0 0.0;
	9.5797 6.767 5.4175 6.1614 1.5336 108.3028 13.5379 19.4158 45.8788 28.7788 21.6859 52.1187;
	17.6724 13.6478 10.8669 3.2036 1.9052 129.6555 16.2069 38.4578 45.9677 89.4131 45.3375 161.9277;
	22.9692 16.6083 13.7783 3.167 3.3178 158.4886 19.8111 47.8887 62.805 188.6841 115.2636 341.7081;
	25.6923 16.4485 13.3485 3.1957 5.4177 219.4469 27.4309 47.5289 136.7615 277.8775 191.5536 503.2378;
	25.9535 15.901 12.6455 2.8172 4.994 264.0157 33.002 48.7974 138.1309 268.8988 204.3575 486.9773;
	25.8672 15.5865 12.5059 2.1608 3.3815 260.7072 32.5884 47.5263 109.411 255.9982 195.1294 463.6142;
	25.8343 16.5546 13.6561 5.9754 6.5336 330.1765 41.2721 59.4115 184.8245 341.4098 236.8569 618.2951;
	23.1477 16.3881 13.7008 7.6052 6.2288 331.2124 41.4016 57.5536 201.7255 336.3715 212.3481 609.1709;
	19.1289 14.096 11.0536 6.4988 5.579 325.1919 40.649 53.0875 210.3063 290.5246 160.8983 526.1417;
	10.2325 6.9922 5.6695 7.0644 9.0931 305.2204 38.1525 48.6231 204.2813 171.0412 112.1652 309.7566;
	0.9566 0.7626 0.5733 1.5351 3.2395 63.3422 7.9178 11.9331 36.829 61.875 38.6764 112.056;
	0.0 0.0 0.0 0.0 0.0 0.0 0.0 0.0 0.0 0.0 0.0 0.0;
	0.0 0.0 0.0 0.0 0.0 0.0 0.0 0.0 0.0 0.0 0.0 0.0;
	0.0 0.0 0.0 0.0 0.0 0.0 0.0 0.0 0.0 0.0 0.0 0.0;
	0.0 0.0 0.0 0.0 0.0 0.0 0.0 0.0 0.0 0.0 0.0 0.0;
	0.0 0.0 0.0 0.0 0.0 0.0 0.0 0.0 0.0 0.0 0.0 0.0;
	0.0 0.0 0.0 0.0 0.0 0.0 0.0 0.0 0.0 0.0 0.0 0.0;
	0.0 0.0 0.0 0.0 0.0 0.0 0.0 0.0 0.0 0.0 0.0 0.0;
];
