function windprofile = ex_wind_profilesh1
%EX_WIND_PROFILE_D  Example wind_load_nyiso profile data for deterministic unit commitment.
% 2022.03.12
% Andres F. Ramirez


%% define constants
[GEN_BUS, PG, QG, QMAX, QMIN, VG, MBASE, GEN_STATUS, PMAX, PMIN, ...
    MU_PMAX, MU_PMIN, MU_QMAX, MU_QMIN, PC1, PC2, QC1MIN, QC1MAX, ...
    QC2MIN, QC2MAX, RAMP_AGC, RAMP_10, RAMP_30, RAMP_Q, APF] = idx_gen;
[CT_LABEL, CT_PROB, CT_TABLE, CT_TBUS, CT_TGEN, CT_TBRCH, CT_TAREABUS, ...
    CT_TAREAGEN, CT_TAREABRCH, CT_ROW, CT_COL, CT_CHGTYPE, CT_REP, ...
    CT_REL, CT_ADD, CT_NEWVAL, CT_TLOAD, CT_TAREALOAD, CT_LOAD_ALL_PQ, ...
    CT_LOAD_FIX_PQ, CT_LOAD_DIS_PQ, CT_LOAD_ALL_P, CT_LOAD_FIX_P, ...
    CT_LOAD_DIS_P, CT_TGENCOST, CT_TAREAGENCOST, CT_MODCOST_F, ...
    CT_MODCOST_X] = idx_ct;

windprofile = struct( ...
    'type', 'mpcData', ...
    'table', CT_TGEN, ...
    'rows', [1:45], ...
    'col', PMAX, ...
    'chgtype', 1, ...
    'values', [] );
windprofile.values(:,1,:) = [
	3.8583 52.1344 94.3191 115.6428 14.8293 31.6857 27.3577 12.8092 27.667 27.8869 51.5485 76.9002 115.7728 63.2288 192.3756 72.4764 89.9244 95.293 85.9011 70.7736 9.1192 73.9334 72.0266 88.4421 98.7088 61.1092 9.6062 1146.233 773.0472 773.0472 741.6843 113.8528 286.3371 182.1715 198.2309 329.8335 1150.4735 275.3611 441.6754 264.3984 118.2553 351.5003 193.9647 242.1819 1162.4576;
	3.7196 50.2593 89.7143 109.3512 14.489 30.3076 27.4261 12.1176 27.5487 27.3394 50.5365 75.3905 113.5001 62.9932 192.7332 72.6111 90.0916 95.4702 87.9808 68.4613 9.142 70.7177 74.9665 85.3636 95.7097 56.4406 8.7938 1101.6855 778.7347 778.7347 743.6021 110.6628 293.2693 176.2196 197.4922 332.2601 1163.3881 250.1824 441.7907 256.3654 117.4306 336.212 195.9612 230.4248 1175.5067;
	3.7388 50.5196 89.8015 98.9766 14.3295 31.5399 24.6236 11.1467 27.9293 28.709 53.0682 79.1673 119.1859 64.2705 192.0683 72.3606 89.7808 95.1408 89.8486 70.8935 8.2079 73.5932 71.5057 87.9813 88.7995 56.5911 9.5234 1130.8563 773.9338 773.9338 729.8043 112.9135 299.4954 182.4801 201.4966 330.2118 1119.6175 244.9606 455.1309 237.8557 114.9539 349.8832 178.2056 236.6491 1131.2802;
	3.6397 49.18 87.854 100.8044 14.8474 32.6507 21.2096 11.6933 26.9072 28.4134 52.5217 78.3521 117.9587 61.7543 187.3852 70.5963 87.5917 92.821 86.8033 69.0907 7.0699 76.185 70.1383 87.8307 84.3047 56.1767 8.5731 1086.4162 789.0152 789.0152 731.4305 108.5865 289.3443 177.8395 193.6081 336.6465 1131.0123 252.5536 429.1375 225.8162 113.4578 362.205 183.9087 229.1986 1142.7937;
	3.6781 49.6986 88.107 94.119 15.13 32.4538 17.504 11.0508 23.9105 29.3361 54.2273 80.8964 121.7891 64.7027 188.4791 71.0084 88.103 93.3629 86.623 69.0083 5.8347 75.7254 72.4557 89.5658 80.3175 55.7635 9.3017 1051.7118 754.7859 754.7859 685.9682 100.4432 288.7433 177.6275 202.8516 322.042 1038.1275 227.2474 379.3455 215.1361 119.4084 360.0203 189.8987 214.6808 1048.9413;
	3.7606 50.8145 85.8609 84.5157 14.8286 29.1071 12.8949 7.9107 23.1769 28.3593 52.4217 78.2029 117.7341 58.8669 172.4354 64.964 80.6035 85.4157 82.3682 66.0667 4.2983 67.9166 70.1148 88.0833 63.3452 39.1069 7.4949 1065.8867 688.1903 688.1903 598.6244 88.5193 274.5608 170.0558 184.5556 293.6278 1073.6399 206.0028 301.9707 169.6745 109.7157 322.895 173.7704 190.6758 1084.8237;
	3.5567 48.0591 74.8105 67.6359 14.7804 27.1775 10.0696 6.093 16.3537 28.3139 52.3378 78.0776 117.5455 56.9818 166.0366 62.5533 77.6124 82.246 85.0402 66.6998 3.3565 63.4142 70.0654 85.4104 53.4621 27.6096 5.4123 1121.291 663.3572 663.3572 518.2541 58.9836 283.4672 171.6855 178.6457 283.0324 1081.5998 187.7797 234.0426 143.2021 87.0497 301.4894 149.5146 134.6168 1092.8665;
	3.6759 49.6698 72.315 70.9221 14.7544 28.0144 11.1557 5.682 14.9421 23.9899 44.3449 66.1539 99.5943 62.6763 176.349 66.4384 82.4329 87.3543 87.0317 62.9808 3.7186 65.3669 56.0456 87.0977 60.2234 20.7079 4.079 1146.3347 698.1237 698.1237 619.9077 65.7969 290.1058 162.1128 196.4986 297.8661 1100.1185 199.3185 208.417 161.3126 87.951 310.7729 128.9855 144.5552 1111.5781;
	3.2337 43.6947 61.909 65.6483 14.9157 25.1963 13.2928 4.1522 21.3426 23.3876 43.2317 64.4931 97.0941 62.5754 171.3854 64.5685 80.1127 84.8956 85.5066 62.9104 4.4309 58.7913 52.938 83.3745 56.8553 15.2133 3.1212 1192.1825 793.0443 793.0443 720.4377 88.7778 285.0219 161.9314 196.1823 338.3656 1165.0243 227.2099 220.3719 152.2909 63.5174 279.5107 136.3035 160.8261 1177.16;
	2.9679 40.103 52.6497 64.9391 15.0358 21.0953 18.8033 2.3915 22.7189 20.4326 37.7694 56.3445 84.8264 66.9278 175.3651 66.0678 81.973 86.8669 90.3238 63.9241 6.2678 49.2223 44.8012 70.1096 36.3864 6.735 1.3986 1094.8782 827.1778 827.1778 752.1248 108.7948 301.0792 164.5407 209.8277 352.9292 1202.0952 234.7323 347.0424 97.4636 48.8348 234.0168 128.7852 134.4919 1214.617;
	2.3372 31.5812 44.7752 49.4089 14.2043 17.0628 18.9607 1.2826 21.1543 18.0137 33.2981 49.6742 74.7843 63.9573 185.275 69.8013 86.6053 91.7758 92.0174 67.4704 6.3202 39.8131 38.6305 53.8899 25.1566 5.8992 2.4779 1059.9593 809.2412 809.2412 739.5113 107.7653 306.7248 173.6691 200.5149 345.2762 1143.9196 237.2973 415.6737 67.3837 39.366 189.2828 93.9727 99.3982 1155.8354;
	1.5172 20.5011 28.6814 26.5719 10.2816 11.2889 19.5858 0.98 18.4522 18.0336 33.3348 49.729 74.8668 61.7823 181.8537 68.5123 85.006 90.081 90.6994 64.0749 6.5286 26.3408 40.0336 28.2546 18.2928 6.0171 0.7336 958.3671 731.3144 731.3144 672.2812 103.144 302.3313 164.9289 193.6957 312.0275 1043.7722 209.2912 394.5189 48.9987 24.709 125.2319 67.6898 74.7246 1054.6448;
	1.0297 13.9136 26.862 26.106 8.9047 8.1809 18.2613 1.4764 16.2919 15.127 27.962 41.7139 62.8 58.974 187.1985 70.5259 87.5044 92.7286 90.439 67.9192 6.0871 19.0888 38.6879 32.8409 21.3352 10.6212 2.3589 880.9592 701.9514 701.9514 625.1824 95.5564 301.4633 174.8243 184.8913 299.4993 965.4885 212.1393 412.856 57.148 26.6959 90.7536 50.2056 54.5895 975.5457;
	0.805 10.8771 24.864 35.517 7.6786 8.3476 13.1832 2.0686 13.5621 19.8303 36.6559 54.6834 82.3256 62.9583 191.6591 72.2065 89.5895 94.9381 89.2581 69.0737 4.3944 19.4776 51.3466 36.5403 25.8011 10.6494 3.6165 805.3311 676.9458 676.9458 646.228 89.4149 297.5271 177.7958 197.3828 288.8302 753.3659 213.9949 404.1014 69.11 32.5158 92.6023 39.9292 59.3844 761.2134;
	0.902 12.1874 25.1975 81.596 7.315 8.2573 11.9459 2.176 13.9291 19.2364 35.5581 53.0458 79.8601 64.8635 188.2277 70.9137 87.9855 93.2384 84.7357 70.9573 3.982 19.267 54.4299 46.7174 27.5065 7.163 4.0146 713.8189 622.0259 622.0259 588.5315 77.313 282.4522 182.6443 203.3559 265.3977 685.4443 200.884 323.2521 73.6782 31.7567 91.6008 41.0655 60.0884 692.5843;
	0.9939 13.4304 22.6791 40.3663 8.5733 8.0329 5.9467 1.9204 10.4769 17.4554 32.2661 48.1347 72.4665 64.691 179.3597 67.5727 83.8402 88.8456 80.9911 69.0605 1.9822 18.7434 55.7854 47.8799 32.4321 5.6478 3.0377 550.6073 546.7069 546.7069 527.9497 75.2814 269.9705 177.7618 202.8151 233.2616 558.8403 183.6034 215.5206 86.8717 33.0721 89.1113 71.4117 36.6105 564.6616;
	0.5711 7.7165 23.6225 62.6681 6.2597 1.2765 3.585 7.4696 11.343 18.4694 34.1404 50.9308 76.676 58.0023 170.5689 64.2608 79.731 84.4911 83.9905 60.3872 1.195 2.9785 45.3351 43.2384 20.8665 23.4108 2.0089 620.9505 496.6211 496.6211 523.2631 70.4085 279.9685 155.4369 181.845 211.8917 608.534 171.9003 214.6928 55.8923 38.7624 14.1607 42.4246 133.3302 614.8729;
	1.2371 16.7166 28.9481 54.0291 3.1656 3.3155 0.2212 7.8394 6.3519 21.154 39.1028 58.3337 87.8211 60.1287 137.4218 51.7729 64.2367 68.0717 85.9279 51.4247 0.0737 7.7363 63.2991 39.1735 18.5315 5.9595 2.1415 579.0788 512.5234 512.5234 555.8536 69.8504 286.4263 132.3674 188.5117 218.6766 603.6486 187.9333 327.9462 49.6378 75.842 36.7804 75.959 73.2651 609.9366;
