function windprofile = ex_wind_profilesh1
%EX_WIND_PROFILE_D  Example wind_load_nyiso profile data for deterministic unit commitment.
% 2022.03.12
% Andres F. Ramirez


%% define constants
[GEN_BUS, PG, QG, QMAX, QMIN, VG, MBASE, GEN_STATUS, PMAX, PMIN, ...
    MU_PMAX, MU_PMIN, MU_QMAX, MU_QMIN, PC1, PC2, QC1MIN, QC1MAX, ...
    QC2MIN, QC2MAX, RAMP_AGC, RAMP_10, RAMP_30, RAMP_Q, APF] = idx_gen;
[CT_LABEL, CT_PROB, CT_TABLE, CT_TBUS, CT_TGEN, CT_TBRCH, CT_TAREABUS, ...
    CT_TAREAGEN, CT_TAREABRCH, CT_ROW, CT_COL, CT_CHGTYPE, CT_REP, ...
    CT_REL, CT_ADD, CT_NEWVAL, CT_TLOAD, CT_TAREALOAD, CT_LOAD_ALL_PQ, ...
    CT_LOAD_FIX_PQ, CT_LOAD_DIS_PQ, CT_LOAD_ALL_P, CT_LOAD_FIX_P, ...
    CT_LOAD_DIS_P, CT_TGENCOST, CT_TAREAGENCOST, CT_MODCOST_F, ...
    CT_MODCOST_X] = idx_ct;

windprofile = struct( ...
    'type', 'mpcData', ...
    'table', CT_TGEN, ...
    'rows', [1:45], ...
    'col', PMAX, ...
    'chgtype', 1, ...
    'values', [] );
windprofile.values(:,1,:) = [
	3.4815 47.043 90.7959 106.4793 14.6759 30.6735 28.7373 10.4439 26.6056 27.5872 50.9945 76.0738 114.5287 69.1236 192.4017 72.4862 89.9366 95.3059 86.8995 69.0872 9.5791 71.5716 69.9726 86.836 95.4121 65.1071 7.0767 1210.2662 745.5037 745.5037 702.6532 110.9401 289.6651 177.8306 216.7118 318.0816 1143.9183 298.4796 459.868 255.568 123.3438 340.2719 182.2471 229.0867 1155.8342;
	3.5725 48.2727 86.4504 107.0188 14.5185 30.2638 27.9357 8.7986 26.2532 23.9094 44.1961 65.9319 99.2601 68.4572 200.3025 75.4628 93.6298 99.2196 86.1339 70.8708 9.3119 70.6154 68.8447 83.3854 90.569 58.1464 5.3324 1149.5738 753.2916 753.2916 731.0636 112.3355 287.1129 182.4216 214.6227 321.4044 1155.6763 280.3367 462.1913 242.5954 121.6136 335.7259 189.9741 229.289 1167.7146;
	3.4931 47.1998 86.2943 93.5923 14.6696 31.421 26.0391 8.6075 26.2767 24.8734 45.9781 68.5903 103.2623 67.6528 200.7735 75.6403 93.8499 99.4529 86.9622 70.9447 8.6797 73.3157 69.4946 87.6232 80.1863 56.681 7.7624 1121.9982 755.1072 755.1072 732.384 107.8388 289.8739 182.6119 212.1006 322.1791 1081.0252 254.2211 456.6588 214.7846 119.719 348.5636 179.3339 244.7894 1092.2859;
	3.3801 45.6732 81.4231 90.3802 14.6573 30.251 22.076 8.1307 25.8284 26.5333 49.0465 73.1677 110.1536 67.2468 196.0528 73.8617 91.6433 97.1145 90.8911 72.201 7.3587 70.5857 69.2531 84.4495 72.9864 48.3639 4.5758 1136.6598 785.4041 785.4041 733.6115 108.1195 302.9702 185.8456 210.8277 335.1058 1129.6312 257.8491 439.6461 195.4993 112.868 335.5845 178.9244 240.1999 1141.3982;
	3.3474 45.2309 82.0118 76.4544 14.7719 30.2942 17.8998 7.5088 21.5244 26.4144 48.8267 72.8398 109.6599 66.1824 197.0517 74.2381 92.1102 97.6093 90.5295 71.361 5.9666 70.6865 69.3938 87.2111 66.4312 44.2364 4.9245 1105.4651 759.1696 759.1696 646.2915 94.9344 301.7651 183.6835 207.4906 323.9123 1058.7456 237.4205 365.5394 177.9406 110.8947 336.0639 188.6115 230.5926 1069.7742;
	2.2644 30.5973 77.3567 70.2961 14.3998 25.6419 15.1329 5.2604 21.196 27.1547 50.195 74.8811 112.733 63.7155 190.0588 71.6036 88.8415 94.1454 88.5642 70.8516 5.0443 59.831 71.0025 83.3829 49.1994 19.4783 2.7507 1141.949 718.5902 718.5902 631.9528 83.2354 295.2139 182.3723 199.7566 306.5985 1074.2233 211.7785 316.779 131.784 98.0698 284.4539 171.8574 179.7608 1085.4131;
	2.8695 38.7732 67.3556 60.152 14.7453 25.4264 13.3755 5.3721 14.1337 25.1327 46.4575 69.3054 104.339 64.691 195.0234 73.4739 91.1621 96.6046 91.7564 72.5714 4.4585 59.3284 68.8079 79.4692 41.5171 18.5007 3.6815 1190.8635 681.5975 681.5975 556.7963 58.8796 305.8548 186.7989 202.8151 290.815 1041.5215 191.9274 253.8463 111.2065 85.7298 282.064 151.6497 131.4833 1052.3707;
	3.1709 42.8458 65.5722 66.6597 14.8454 24.8708 15.0114 5.211 14.1527 22.3251 41.2676 61.5632 92.683 65.5933 191.1409 72.0112 89.3472 94.6814 92.756 70.269 5.0038 58.0319 55.3822 82.1802 49.6094 13.2067 2.8982 1201.9828 716.605 716.605 642.6979 59.7655 309.1868 180.8726 205.644 305.7515 1089.1354 200.7126 241.7467 132.8823 88.0039 275.9002 147.5601 134.5069 1100.4805;
	2.8227 38.1405 56.9412 62.5123 14.9856 23.8275 15.189 3.533 19.8368 20.7108 38.2835 57.1115 85.9811 64.3683 188.1376 70.8797 87.9434 93.1937 93.0402 69.2988 5.063 55.5975 52.2295 82.4529 48.4594 7.9353 0.8954 1179.5196 792.8649 792.8649 753.851 89.5011 310.1338 178.3753 201.8032 338.289 1089.0677 243.8998 237.8491 129.8019 62.195 264.3265 146.9773 140.0006 1100.4122;
	2.4271 32.7952 44.1459 55.2824 14.3976 16.5395 18.4982 1.9905 18.6653 15.3438 28.3628 42.3118 63.7002 64.979 178.5208 67.2567 83.4481 88.4301 92.802 67.8851 6.1661 38.5922 43.5416 68.1312 26.8808 3.5561 0.507 1027.0467 778.8239 778.8239 718.9836 103.2081 309.3401 174.7364 203.7179 332.2982 1101.0815 219.1888 335.3026 72.0021 44.24 183.4782 124.0268 124.9064 1112.5511;
	1.845 24.9297 28.4976 0.0 13.4746 9.7867 17.2459 1.1008 15.3975 14.9325 27.6025 41.1776 61.9926 62.6461 153.6418 57.8836 71.8186 76.1063 91.4823 68.073 5.7486 22.8356 36.2027 49.8982 14.3977 3.3591 0.6657 990.4684 749.6051 749.6051 678.0104 100.1947 304.9409 175.2202 196.404 319.8315 1002.2131 229.9259 342.4513 38.5652 31.6396 108.5671 82.1729 81.1572 1012.6528;
	1.3728 18.5491 22.4164 2.8405 10.2461 7.3406 17.1137 0.8241 4.2184 15.0205 27.7651 41.4201 62.3578 55.8693 147.3578 55.5162 68.8812 72.9935 89.183 67.8605 5.7046 17.128 38.4545 37.9104 12.2503 1.1413 0.627 764.6705 656.4787 656.4787 605.3577 101.3591 297.2767 174.6731 175.1577 280.0976 866.7874 198.4119 346.8853 32.8133 16.2498 81.4315 60.3545 67.2347 875.8165;
	0.9372 12.6643 22.831 16.4631 8.8208 5.4449 16.0787 2.4339 7.9949 12.514 23.1319 34.5083 51.952 54.0324 144.457 54.4233 67.5252 71.5566 87.9895 63.1611 5.3596 12.7048 41.3446 38.0097 17.9009 10.2932 2.6133 837.8535 724.3624 724.3624 645.8256 100.3942 293.2985 162.5768 169.3988 309.0613 959.6455 211.9237 344.5282 47.9489 24.9622 60.4021 37.7281 51.1113 969.6418;
	0.7457 10.0765 17.4459 23.5859 7.4034 6.0788 9.5608 2.8157 1.3568 15.9686 29.5177 44.0346 66.2939 59.6054 159.2453 59.9947 74.4379 78.882 87.197 66.5741 3.1869 14.1839 53.1925 38.7013 21.1328 9.1527 3.6544 718.3157 668.01 668.01 631.1045 95.3494 290.6568 171.362 186.871 285.0176 741.1515 211.0873 369.0491 56.6058 19.3834 67.4345 19.7874 42.3613 748.8718;
	0.8924 12.058 23.3373 0.0 6.9718 8.1558 9.8522 2.0526 9.5999 16.0411 29.6518 44.2346 66.595 56.9952 167.0159 62.9223 78.0702 82.7311 80.3616 68.4582 3.2841 19.0303 51.588 50.6247 23.8224 6.0483 3.2664 663.343 599.3845 599.3845 556.9838 77.9927 267.872 176.2115 178.6878 255.7374 694.7534 186.0956 321.2685 63.8101 24.6663 90.4754 35.1127 51.0415 701.9904;
	1.0003 13.5168 19.0151 28.8252 7.7192 11.6533 4.643 1.4723 3.7945 13.5064 24.9664 37.2449 56.072 57.5627 159.6147 60.1339 74.6106 79.0649 77.6935 68.6782 1.5477 27.191 48.2827 46.3312 24.8648 4.5743 2.0773 737.9891 515.2427 515.2427 535.7527 74.8293 258.9784 176.7778 180.4667 219.8369 578.0156 183.2135 207.4814 66.6022 27.5439 129.2736 21.417 25.5459 584.0366;
	0.5893 7.9626 5.6869 12.7581 6.5289 6.9214 3.4254 1.9041 10.3415 15.7192 29.0566 43.3468 65.2584 56.8442 167.4996 63.1045 78.2963 82.9707 83.1712 65.2072 1.1418 16.1499 41.1076 39.9416 16.625 4.9205 1.4146 703.2178 455.4939 455.4939 531.0856 70.3383 277.2374 167.8436 178.2143 194.3441 635.5956 189.9959 205.1013 44.5312 35.735 76.7814 22.8417 20.2797 642.2164;
	1.0698 14.455 0.0 0.1608 2.5319 2.1102 1.0628 0.0581 0.0179 18.0542 33.3729 49.7858 74.9523 64.0864 125.3709 47.2328 58.6036 62.1023 79.7633 53.7838 0.3543 4.9239 52.2774 25.0352 10.9478 3.1163 1.2377 662.4432 493.6075 493.6075 580.6712 78.1796 265.8775 138.4397 200.9196 210.6059 644.586 202.0568 315.5022 29.3245 75.4822 23.4096 1.0213 3.3144 651.3004;
	0.5359 7.2417 20.6984 37.9882 0.2446 4.9444 8.755 1.5483 1.5913 21.4424 39.636 59.1291 89.0185 65.2078 122.1635 46.0244 57.1043 60.5135 2.6392 64.3458 2.9183 11.5369 59.0122 40.4182 17.2999 7.9895 1.5281 728.4512 487.784 487.784 621.0035 75.114 8.7972 165.6264 204.4353 208.1212 633.0415 190.2755 342.0826 46.339 87.8686 54.8498 18.1417 5.1251 639.6357;
