function windprofile = ex_wind_profilesh1
%EX_WIND_PROFILE_D  Example wind_load_nyiso profile data for deterministic unit commitment.
% 2022.03.12
% Andres F. Ramirez


%% define constants
[GEN_BUS, PG, QG, QMAX, QMIN, VG, MBASE, GEN_STATUS, PMAX, PMIN, ...
    MU_PMAX, MU_PMIN, MU_QMAX, MU_QMIN, PC1, PC2, QC1MIN, QC1MAX, ...
    QC2MIN, QC2MAX, RAMP_AGC, RAMP_10, RAMP_30, RAMP_Q, APF] = idx_gen;
[CT_LABEL, CT_PROB, CT_TABLE, CT_TBUS, CT_TGEN, CT_TBRCH, CT_TAREABUS, ...
    CT_TAREAGEN, CT_TAREABRCH, CT_ROW, CT_COL, CT_CHGTYPE, CT_REP, ...
    CT_REL, CT_ADD, CT_NEWVAL, CT_TLOAD, CT_TAREALOAD, CT_LOAD_ALL_PQ, ...
    CT_LOAD_FIX_PQ, CT_LOAD_DIS_PQ, CT_LOAD_ALL_P, CT_LOAD_FIX_P, ...
    CT_LOAD_DIS_P, CT_TGENCOST, CT_TAREAGENCOST, CT_MODCOST_F, ...
    CT_MODCOST_X] = idx_ct;

windprofile = struct( ...
    'type', 'mpcData', ...
    'table', CT_TGEN, ...
    'rows', [1:45], ...
    'col', PMAX, ...
    'chgtype', 1, ...
    'values', [] );
windprofile.values(:,1,:) = [
	3.702 50.0222 89.7706 104.3332 14.7481 31.9309 29.4768 11.8173 25.6674 28.1197 51.9789 77.5423 116.7395 68.6933 193.8327 73.0253 90.6055 96.0148 85.9467 68.4198 9.8256 74.5055 71.0379 82.4732 90.4765 62.659 9.2461 1214.7951 740.9276 740.9276 737.8352 111.2109 286.4889 176.1127 215.3629 316.1291 1119.0236 270.6715 465.2175 242.3478 116.3623 354.2204 196.5522 236.2251 1130.6801;
	3.7086 50.111 88.8113 106.5673 14.9654 30.282 28.5602 10.9294 26.0108 26.0766 48.2021 71.9081 108.2572 68.9846 197.7696 74.5085 92.4458 97.9649 86.0301 70.3217 9.5201 70.6579 72.1998 85.3965 96.363 57.5638 8.0479 1222.6492 760.6596 760.6596 753.9313 114.8874 286.767 181.0082 216.2762 324.5481 1183.7457 277.9179 468.5537 258.1153 120.4078 335.928 195.7251 246.4793 1196.0764;
	3.7692 50.9298 91.3269 95.5989 14.7958 30.9967 26.5545 9.4072 26.2981 27.6167 51.049 76.1551 114.6511 69.5797 188.5228 71.0249 88.1235 93.3846 84.5595 68.2126 8.8515 72.3255 70.153 87.0271 86.094 56.4969 8.2747 1220.3136 772.0422 772.0422 738.7205 113.6993 281.865 175.5795 218.1418 329.4047 1145.2265 259.0416 475.952 230.6088 114.5993 343.8563 178.8507 252.6194 1157.156;
	3.702 50.0217 89.0409 94.4468 14.5076 30.7124 22.9928 8.8705 26.2187 26.1192 48.2809 72.0256 108.4341 67.2481 189.3777 71.347 88.5231 93.808 84.8403 70.0575 7.6643 71.6623 70.321 84.8772 80.5529 53.2406 7.6141 1193.965 763.1373 763.1373 727.1595 111.4292 282.801 180.3281 210.832 325.6052 1130.1142 259.8666 450.8736 215.7667 105.8778 340.7028 186.4076 240.6872 1141.8863;
	3.6857 49.8025 85.6247 80.0399 14.749 31.4226 18.6168 8.3309 20.7544 27.7384 51.274 76.4907 115.1563 64.2748 189.127 71.2525 88.4059 93.6839 84.7479 71.7746 6.2056 73.3194 72.029 85.6915 68.9577 45.3584 7.3252 1195.3877 753.7708 753.7708 707.9713 105.9898 282.4931 184.748 201.5103 321.6089 1114.6368 261.0718 408.0879 184.708 106.9736 348.5815 198.9046 215.4385 1126.2476;
	3.7066 50.084 81.1947 69.6931 14.9347 29.9147 17.4428 4.9736 23.1263 29.1046 53.7993 80.258 120.828 64.0763 178.229 67.1467 83.3117 88.2855 80.6156 69.5613 5.8143 69.8011 71.6573 82.0777 50.1208 28.5961 4.6364 1171.2478 717.7809 717.7809 626.1563 93.4909 268.7187 179.0508 200.8878 306.2532 1125.4945 228.1483 378.0422 134.252 88.1261 331.8542 192.2357 168.4962 1137.2184;
	3.388 45.7798 69.7056 55.7948 14.7399 27.6644 13.1249 4.665 15.35 27.5343 50.8967 75.9278 114.3089 62.6544 163.7592 61.6953 76.5479 81.1179 72.8805 67.7074 4.375 64.5502 71.9431 76.7089 42.0681 20.6118 4.1834 1141.941 629.7886 629.7886 491.0559 62.0625 242.9349 174.279 196.4299 268.7098 1031.1376 194.7982 266.8158 112.6824 73.5162 306.89 157.108 126.7146 1041.8787;
	3.3762 45.6193 62.2585 59.6051 14.6833 27.1733 12.601 4.1358 10.8184 24.3121 44.9405 67.0424 100.932 62.7609 164.1856 61.856 76.7472 81.3292 75.9678 65.273 4.2003 63.4043 58.9927 77.6363 51.5699 10.6251 2.7736 1150.7465 607.1762 607.1762 539.3593 62.5086 253.2261 168.013 196.764 259.0618 1031.5623 197.8662 223.2761 138.1335 74.4785 301.4422 148.0931 124.6402 1042.3077;
	2.6384 35.6506 41.8608 52.0521 13.9711 22.1731 14.5853 2.3821 18.1228 21.3594 39.4824 58.9 88.6737 62.5611 167.5135 63.1097 78.3028 82.9776 84.2898 65.1155 4.8618 51.7372 49.9914 75.6064 47.6905 5.1072 1.8088 1177.4372 791.3078 791.3078 759.451 94.0943 280.9659 167.6075 196.1374 337.6247 1118.7789 259.8457 230.0014 127.7423 39.2684 245.9732 136.403 132.8153 1130.4329;
	2.5103 33.9192 43.7742 54.7446 14.1445 18.4819 17.8817 1.4763 19.0403 17.152 31.7052 47.298 71.2069 62.7113 168.4753 63.4721 78.7524 83.454 82.3411 65.6437 5.9606 43.1244 39.8213 61.9768 31.2202 6.6261 1.1154 1099.3396 796.9248 796.9248 767.1433 113.3237 274.4705 168.967 196.6084 340.0213 1142.2676 250.9578 320.3872 83.6256 38.3377 205.0257 125.3945 126.7104 1154.1662;
	2.0669 27.9289 34.3475 40.5475 12.949 14.2001 18.2695 0.9425 15.8937 9.5494 17.6518 26.3331 39.6443 63.4441 166.7111 62.8074 77.9277 82.5801 82.6009 67.8091 6.0898 33.1335 11.443 46.6867 21.1586 4.7428 1.1691 1079.6177 787.2698 787.2698 755.4461 114.0969 275.3365 174.5408 198.9057 335.9018 1075.8576 250.6402 368.7595 56.6747 31.9818 157.526 90.4239 89.6272 1087.0645;
	1.4737 19.9135 25.8332 21.642 9.1421 9.7112 19.7688 0.5958 14.9621 3.6482 6.7437 10.0603 15.1457 59.0757 159.4945 60.0886 74.5544 79.0054 78.2635 63.8084 6.5896 22.6596 14.7907 3.5708 15.435 5.3164 0.6954 1002.6421 716.6262 716.6262 698.0528 110.8154 260.8783 164.2431 185.2103 305.7605 1051.4829 227.3138 386.1154 41.3438 25.7069 107.73 64.2533 74.6644 1062.4359;
	1.0785 14.5724 24.4932 22.243 8.2076 7.6071 17.8774 1.7443 13.1982 1.157 2.1387 3.1905 4.8033 62.327 167.6548 63.163 78.3689 83.0476 77.2323 65.6344 5.9591 17.7499 20.8955 25.0241 20.3913 7.4718 2.2847 1011.6826 728.4076 728.4076 655.232 101.3267 257.4409 168.9432 195.4037 310.7872 1057.7027 220.7737 401.4062 54.6195 29.068 84.3881 52.9239 58.6458 1068.7204;
	0.8053 10.8814 16.4598 13.2982 6.9292 7.0359 12.1411 2.2864 9.962 4.5787 8.4637 12.6262 19.0086 56.9215 155.6853 58.6535 72.7738 77.1185 64.4897 65.0903 4.047 16.4171 22.3388 1.516 22.6092 9.1332 3.5108 1070.3317 683.6372 683.6372 663.3642 95.3364 214.9655 167.5427 178.4566 291.6852 918.7852 222.3604 372.3067 60.5604 27.7546 78.0515 34.4059 62.529 928.3559;
	0.8433 11.3946 21.0517 0.0 5.8365 8.5658 11.2783 2.0926 11.4195 4.1613 7.692 11.475 17.2756 59.9428 132.1082 49.771 61.7529 65.4396 66.3033 62.4493 3.7594 19.9869 28.964 43.0916 24.8269 5.68 3.6135 909.5358 619.6093 619.6093 598.6172 88.6194 221.0109 160.7447 187.9287 264.3666 840.3142 210.7734 323.5321 66.5007 27.8326 95.0234 33.5716 62.6704 849.0674;
	0.8926 12.0614 17.3913 27.8901 6.6186 1.5576 5.2728 1.5251 7.796 2.2273 4.1172 6.142 9.2468 61.3111 144.3686 54.39 67.4839 71.5128 65.3489 63.567 1.7576 3.6344 45.986 43.6698 24.9852 3.3047 2.5909 893.2504 526.4081 526.4081 517.2968 82.2633 217.8296 163.6217 192.2187 224.6008 633.9952 196.6043 209.3106 66.9245 29.0289 17.2788 8.1165 25.0619 640.5993;
	0.5861 7.9191 16.7588 5.8453 6.1942 2.4789 3.9889 1.0451 10.3415 6.6277 12.2513 18.2765 27.5151 63.1638 144.2385 54.341 67.4231 71.4484 54.7265 58.9129 1.3296 5.784 45.0263 42.1092 17.1168 4.7944 1.8433 822.9561 515.4379 515.4379 556.6804 81.1989 182.4217 151.642 198.027 219.9202 732.1886 197.2688 225.6619 45.8486 33.4763 27.4989 8.7005 56.7494 739.8156;
	1.067 14.4176 13.3619 5.3979 2.8494 0.0047 4.9309 1.3336 0.002 12.0967 22.3606 33.3576 50.2198 64.6094 117.6559 44.3262 54.9973 58.2807 71.1937 50.1512 1.6436 0.011 61.5701 36.1564 14.7886 3.5999 1.8284 771.4111 531.3244 531.3244 584.8783 87.6079 237.3122 129.0892 202.5591 226.6984 731.3366 192.7539 331.4892 39.6124 65.0332 0.0524 0.0 6.7167 738.9547;
	0.5213 7.0439 27.7902 44.9407 4.5847 9.3834 3.4351 2.4278 0.0 20.3909 37.6922 56.2294 84.653 59.7704 114.8823 43.2812 53.7008 56.9068 2.6249 61.6102 1.145 21.8947 64.4459 54.1136 25.0908 9.6726 2.3489 838.0589 506.4337 506.4337 604.4452 85.9273 8.7498 158.5849 187.3884 216.0784 716.8221 183.1709 336.0248 67.2075 84.0319 104.0936 19.8282 37.7392 724.289;
