function loadprofile = ex_load_profilesh1
%EX_LOAD_PROFILE  Example load profile data file for stochastic unit commitment.
% 2022.03.12
% Andres F. Ramirez

%% define constants
[CT_LABEL, CT_PROB, CT_TABLE, CT_TBUS, CT_TGEN, CT_TBRCH, CT_TAREABUS, ...
    CT_TAREAGEN, CT_TAREABRCH, CT_ROW, CT_COL, CT_CHGTYPE, CT_REP, ...
    CT_REL, CT_ADD, CT_NEWVAL, CT_TLOAD, CT_TAREALOAD, CT_LOAD_ALL_PQ, ...
    CT_LOAD_FIX_PQ, CT_LOAD_DIS_PQ, CT_LOAD_ALL_P, CT_LOAD_FIX_P, ...
    CT_LOAD_DIS_P, CT_TGENCOST, CT_TAREAGENCOST, CT_MODCOST_F, ...
    CT_MODCOST_X] = idx_ct;

loadprofile = struct( ...
    'type', 'mpcData', ...
    'table', CT_TAREALOAD, ...
    'rows', [1:11], ...
    'col', CT_LOAD_ALL_P, ...
    'chgtype', 1, ...
    'values', [] );
loadprofile.values(:,1,:) = [
	1521.0164 963.2 1656.8564 538.712 838.2712 1165.0567 884.7707 282.189 484.0039 4568.1624 1707.8745;
	1550.0748 985.2338 1663.0 532.5451 825.8921 1184.9683 890.5444 287.1946 477.6501 4521.044 1709.3898;
	1562.0159 999.4247 1670.0927 530.6196 833.3481 1195.9301 900.1 301.9689 492.5473 4552.6333 1734.6;
	1637.9707 1070.2 1800.9659 559.5679 913.4 1285.3 951.9 330.2309 531.2229 4795.7478 1861.7745;
	1801.5 1202.4502 2026.5659 596.1068 1043.664 1450.9263 1058.1566 362.5536 583.3293 5394.9107 2118.0;
	1872.3155 1289.1273 2162.1 617.3249 1107.3622 1519.6676 1131.1 405.0013 671.3706 5905.1599 2260.8937;
	1922.3332 1318.2544 2176.1 621.7569 1103.9766 1531.5611 1157.3959 443.6042 693.8 6277.571 2291.273;
	1935.3444 1314.8364 2191.8668 623.1569 1102.0975 1552.8203 1131.7 439.0095 698.6082 6465.5387 2284.0524;
	1926.8433 1330.3856 2171.8564 635.2695 1073.6 1500.9293 1082.2734 391.2224 697.1298 6565.4066 2176.6415;
	1907.8807 1328.4851 2160.6239 617.2913 1083.3983 1515.1369 1058.9065 397.0507 690.6775 6607.7311 2134.2121;
	1889.0987 1305.5128 2159.3134 613.0828 1042.752 1469.9178 1035.7183 394.2265 669.0585 6561.5 2167.4493;
	1887.3573 1336.9299 2188.1528 616.3306 1047.1829 1496.4235 1063.1935 383.3 674.3684 6582.5306 2187.5513;
	1856.7898 1291.375 2133.4125 604.7124 1003.7241 1446.2105 1012.8747 355.2 664.3865 6472.9885 2193.9883;
	1888.7766 1268.2 2111.9422 599.1951 1005.9442 1412.7246 984.8 386.0056 658.7132 6468.8374 2153.6153;
	1865.033 1267.2434 2114.4304 606.0117 988.0007 1429.6715 966.9504 397.7808 664.8789 6549.8529 2258.055;
	1834.1389 1266.5904 2096.7598 614.9 1030.6917 1458.1 999.5545 409.503 664.3833 6484.6179 2346.3583;
	1829.455 1296.4291 2126.5006 605.1432 1060.3689 1510.3809 1084.3563 423.2448 688.5 6408.7339 2426.6804;
	1911.0427 1339.7752 2219.2 606.5998 1109.7348 1577.1772 1170.8946 453.5609 742.6515 6493.6282 2589.0843;
	1952.3811 1336.3274 2234.8217 599.7276 1084.1839 1546.2536 1187.4861 453.6063 745.8167 6405.9359 2566.6009;
	1871.1765 1264.0477 2090.4014 588.4776 1037.884 1441.4989 1100.9484 415.9153 713.9182 6172.0218 2435.1651;
	1819.6592 1168.1589 1960.6179 568.0732 986.4563 1337.1579 1026.6 395.1722 664.0658 5885.7413 2198.181;
	1693.3676 1106.0901 1878.1052 553.0824 925.1619 1266.9318 983.8 379.4595 609.8172 5609.7144 2039.9834;
	1616.2218 1023.4767 1761.6 553.9296 863.7722 1198.5345 909.8915 321.2896 577.8464 5074.7573 1867.8421;
	1597.4696 1013.288 1803.0 562.2044 861.4 1219.4235 893.6331 324.0392 560.1925 5090.7492 1847.9809;
];
