function loadprofile = ex_load_profilesh1
%EX_LOAD_PROFILE  Example load profile data file for stochastic unit commitment.
% 2022.03.12
% Andres F. Ramirez

%% define constants
[CT_LABEL, CT_PROB, CT_TABLE, CT_TBUS, CT_TGEN, CT_TBRCH, CT_TAREABUS, ...
    CT_TAREAGEN, CT_TAREABRCH, CT_ROW, CT_COL, CT_CHGTYPE, CT_REP, ...
    CT_REL, CT_ADD, CT_NEWVAL, CT_TLOAD, CT_TAREALOAD, CT_LOAD_ALL_PQ, ...
    CT_LOAD_FIX_PQ, CT_LOAD_DIS_PQ, CT_LOAD_ALL_P, CT_LOAD_FIX_P, ...
    CT_LOAD_DIS_P, CT_TGENCOST, CT_TAREAGENCOST, CT_MODCOST_F, ...
    CT_MODCOST_X] = idx_ct;

loadprofile = struct( ...
    'type', 'mpcData', ...
    'table', CT_TAREALOAD, ...
    'rows', [1:11], ...
    'col', CT_LOAD_ALL_P, ...
    'chgtype', 1, ...
    'values', [] );
loadprofile.values(:,1,:) = [
	1596.3324 960.0683 1551.8557 581.0 774.8513 1050.8348 860.7405 256.1 482.9065 4413.52 1657.0325;
	1585.5132 965.6 1577.4 580.0398 774.0013 1084.9141 867.0 265.4413 473.7054 4412.8456 1655.6089;
	1617.5035 988.8862 1654.8658 598.451 800.0177 1126.0911 900.4599 288.897 489.8775 4485.6 1726.2827;
	1672.4032 1059.7817 1751.6 613.1 862.0795 1200.3937 945.6561 311.7 513.2568 4705.7326 1828.7659;
	1834.1434 1182.8 1963.1957 634.6671 978.2858 1375.6119 1052.6233 358.2296 589.4156 5360.453 2083.172;
	1942.3505 1260.5609 2117.6619 649.7844 1027.7551 1456.1344 1123.8429 365.5383 654.2572 5888.0775 2166.6783;
	1940.5305 1255.2911 2086.2479 650.7304 1017.4094 1419.2483 1138.239 349.9904 687.2995 6242.1822 2250.8013;
	1906.0419 1243.4477 2061.8717 634.3594 996.8999 1377.7004 1142.9387 342.5885 701.6417 6413.8511 2140.6045;
	1921.8 1254.2 2060.2016 634.6931 1023.8827 1389.221 1190.4805 349.8522 736.65 6618.3701 2194.3555;
	1910.9853 1238.0214 1988.2727 614.6 986.5038 1351.0093 1142.1503 327.3965 721.2 6413.4015 2040.4504;
	1876.9325 1225.0529 1928.4506 603.6 943.6596 1327.3 1101.9196 307.6035 714.0706 6397.7974 1989.0099;
	1829.0 1200.9986 1874.3869 607.1368 933.3803 1266.5678 1067.4 276.9242 679.8099 6283.8279 1962.9766;
	1790.2587 1190.8298 1936.6747 605.0239 947.4055 1337.4675 1088.1 303.1252 697.5062 6382.3254 2057.7147;
	1776.0 1190.753 1898.1425 609.891 913.712 1337.1179 1065.6 306.0727 674.9 6374.319 2116.0833;
	1751.5144 1176.6953 1868.5298 615.4296 923.1889 1324.0762 1055.7 337.8963 679.3 6454.2237 2156.3073;
	1765.0721 1209.3427 1919.7503 639.1221 953.2155 1373.5796 1080.3632 339.8114 686.7 6437.82 2257.8491;
	1762.5761 1227.8087 1978.7613 631.6 971.5579 1436.8204 1124.417 359.3 701.2893 6327.4256 2341.2498;
	1850.8626 1245.8 2034.4643 631.6845 1019.0022 1534.2293 1184.9 370.5 716.6848 6359.5084 2465.1925;
	1881.6784 1261.4657 2060.1017 634.4366 1022.0739 1514.3865 1186.0585 362.6881 715.5774 6190.6761 2424.0434;
	1828.8554 1199.3518 1931.0885 616.0 970.8 1474.652 1127.8847 334.4334 664.5701 5898.2297 2315.6821;
	1756.7635 1147.6 1842.3262 596.0597 908.4176 1370.9173 1067.3 293.1613 614.0555 5631.3627 2157.0448;
	1638.0 1055.1 1721.5727 561.8 854.3 1305.1068 1004.0188 273.1477 567.9181 5175.1392 1958.8785;
	1544.3542 971.2563 1635.1917 593.7884 856.4334 1187.0676 916.1143 244.6965 525.6146 4879.9 1816.1852;
	1501.176 959.5902 1614.3904 593.0634 802.7258 1146.9104 878.8644 244.3597 520.6267 4497.6889 1699.4522;
];
