function solarprofile = ex_solar_profilesh1
%EX_WIND_PROFILE_D  Example wind_load_nyiso profile data for deterministic unit commitment.
% 2022.03.12
% Andres F. Ramirez


%% define constants
[GEN_BUS, PG, QG, QMAX, QMIN, VG, MBASE, GEN_STATUS, PMAX, PMIN, ...
    MU_PMAX, MU_PMIN, MU_QMAX, MU_QMIN, PC1, PC2, QC1MIN, QC1MAX, ...
    QC2MIN, QC2MAX, RAMP_AGC, RAMP_10, RAMP_30, RAMP_Q, APF] = idx_gen;
[CT_LABEL, CT_PROB, CT_TABLE, CT_TBUS, CT_TGEN, CT_TBRCH, CT_TAREABUS, ...
    CT_TAREAGEN, CT_TAREABRCH, CT_ROW, CT_COL, CT_CHGTYPE, CT_REP, ...
    CT_REL, CT_ADD, CT_NEWVAL, CT_TLOAD, CT_TAREALOAD, CT_LOAD_ALL_PQ, ...
    CT_LOAD_FIX_PQ, CT_LOAD_DIS_PQ, CT_LOAD_ALL_P, CT_LOAD_FIX_P, ...
    CT_LOAD_DIS_P, CT_TGENCOST, CT_TAREAGENCOST, CT_MODCOST_F, ...
    CT_MODCOST_X] = idx_ct;

solarprofile = struct( ...
    'type', 'mpcData', ...
    'table', CT_TGEN, ...
    'rows', [1:12], ...
    'col', PMAX, ...
    'chgtype', 1, ...
    'values', [] );
solarprofile.values(:,1,:) = [
	0.0 0.0 0.0 0.0 0.0 0.0 0.0 0.0 0.0 0.0 0.0 0.0;
	0.0 0.0 0.0 0.0 0.0 0.0 0.0 0.0 0.0 0.0 0.0 0.0;
	0.0 0.0 0.0 0.0 0.0 0.0 0.0 0.0 0.0 0.0 0.0 0.0;
	0.0 0.0 0.0 0.0 0.0 0.0 0.0 0.0 0.0 0.0 0.0 0.0;
	0.0 0.0 0.0 0.0 0.0 0.0 0.0 0.0 0.0 0.0 0.0 0.0;
	0.168 0.1891 0.2811 0.0 0.0 0.0 0.0 0.3147 0.0 0.0 0.0 0.0;
	6.183 2.9892 3.418 1.8374 0.9572 73.1341 9.1418 22.4182 22.1954 18.5001 21.3297 33.5039;
	18.4447 14.5036 12.0385 6.5219 2.3696 255.8347 31.9793 48.4324 132.4493 124.4787 14.0239 225.4316;
	24.6235 17.012 14.0235 9.0493 3.2926 320.3147 40.0393 64.4384 197.6226 218.3559 32.8358 395.4439;
	26.3894 17.2257 13.968 6.2656 2.0388 322.4674 40.3084 71.4278 212.3847 210.0012 57.8317 380.3134;
	25.9616 16.6014 13.7859 6.2347 0.8682 313.3691 39.1711 72.052 204.3517 168.784 72.9284 305.6689;
	24.7127 16.5331 13.7479 6.1674 1.0509 321.6732 40.2092 71.5034 211.1368 143.2907 82.8825 259.5003;
	22.3487 15.912 13.7405 7.9179 9.2338 423.8496 52.9812 75.6297 259.1384 339.5137 233.1369 614.8614;
	19.7289 16.0527 13.687 7.1011 9.925 427.2597 53.4075 74.0126 248.215 336.3715 218.5173 609.1709;
	13.2611 11.2381 9.4032 5.1731 10.0522 404.8642 50.608 71.7184 203.4138 307.1813 181.7722 556.3072;
	3.2251 3.1822 1.6894 6.755 12.133 301.7219 37.7152 59.8204 82.633 275.1522 157.031 498.3023;
	0.8962 0.7436 0.5261 2.5446 4.1372 65.0425 8.1303 14.97 35.1798 72.8973 39.9201 132.0175;
	0.0 0.0 0.0 0.0 0.0 0.0 0.0 0.0 0.0 0.0 0.0 0.0;
	0.0 0.0 0.0 0.0 0.0 0.0 0.0 0.0 0.0 0.0 0.0 0.0;
	0.0 0.0 0.0 0.0 0.0 0.0 0.0 0.0 0.0 0.0 0.0 0.0;
	0.0 0.0 0.0 0.0 0.0 0.0 0.0 0.0 0.0 0.0 0.0 0.0;
	0.0 0.0 0.0 0.0 0.0 0.0 0.0 0.0 0.0 0.0 0.0 0.0;
	0.0 0.0 0.0 0.0 0.0 0.0 0.0 0.0 0.0 0.0 0.0 0.0;
	0.0 0.0 0.0 0.0 0.0 0.0 0.0 0.0 0.0 0.0 0.0 0.0;
];
