function loadprofile = ex_load_profilesh1
%EX_LOAD_PROFILE  Example load profile data file for stochastic unit commitment.
% 2022.03.12
% Andres F. Ramirez

%% define constants
[CT_LABEL, CT_PROB, CT_TABLE, CT_TBUS, CT_TGEN, CT_TBRCH, CT_TAREABUS, ...
    CT_TAREAGEN, CT_TAREABRCH, CT_ROW, CT_COL, CT_CHGTYPE, CT_REP, ...
    CT_REL, CT_ADD, CT_NEWVAL, CT_TLOAD, CT_TAREALOAD, CT_LOAD_ALL_PQ, ...
    CT_LOAD_FIX_PQ, CT_LOAD_DIS_PQ, CT_LOAD_ALL_P, CT_LOAD_FIX_P, ...
    CT_LOAD_DIS_P, CT_TGENCOST, CT_TAREAGENCOST, CT_MODCOST_F, ...
    CT_MODCOST_X] = idx_ct;

loadprofile = struct( ...
    'type', 'mpcData', ...
    'table', CT_TAREALOAD, ...
    'rows', [1:11], ...
    'col', CT_LOAD_ALL_P, ...
    'chgtype', 1, ...
    'values', [] );
loadprofile.values(:,1,:) = [
	1506.3895 929.7 1645.5556 531.7616 777.2421 1081.6768 867.0198 269.3 406.024 4459.9285 1722.2811;
	1509.4795 923.1245 1639.3941 533.1781 798.8 1096.6065 859.2375 268.7 398.1097 4400.553 1687.1118;
	1527.861 941.8994 1649.0053 542.2564 795.0427 1113.4013 868.8954 281.7737 403.9948 4411.7839 1703.3417;
	1607.6187 997.1783 1729.5434 558.1111 842.2674 1176.8731 903.6763 313.9 424.823 4626.1565 1798.6355;
	1765.935 1125.3439 1951.4975 596.477 954.9017 1321.5652 1015.9731 367.3 532.3049 5246.767 2076.2186;
	1847.2 1196.0226 2061.3147 584.9542 1004.776 1426.7623 1096.8298 389.6431 630.4337 5860.8415 2266.2475;
	1856.5345 1186.3783 2077.4615 585.7637 1027.8997 1424.1991 1124.2 394.0451 668.7684 6308.4125 2337.5905;
	1856.5 1203.2311 2078.6692 581.0101 1041.7176 1402.0 1114.1378 403.4 701.124 6554.935 2423.5;
	1883.6 1206.2388 2106.0073 569.2468 1051.3528 1434.0566 1132.1287 394.0188 703.2595 6551.6097 2378.9079;
	1917.9969 1195.5946 2085.9061 577.3792 1020.1773 1429.231 1119.3188 401.8142 697.8 6631.3907 2497.22;
	1848.383 1166.3129 2068.5643 569.3583 1015.5837 1408.5814 1060.9262 383.7925 675.3793 6434.4592 2258.2901;
	1866.9995 1174.0633 2072.8494 569.0981 978.3729 1363.236 1025.579 356.7528 665.7726 6295.7554 2222.0906;
	1836.8539 1172.2431 2079.2082 570.0 1014.373 1423.9674 1060.7718 353.9788 664.9 6282.0 2200.8498;
	1887.7023 1202.2191 2097.0132 566.4133 1058.6 1472.1864 1080.0608 338.3189 687.5082 6379.8654 2254.1018;
	1789.0348 1134.3975 2061.1964 557.7332 1043.9991 1445.2207 1059.8 331.0 663.7327 6387.2116 2250.5005;
	1788.726 1185.6524 2085.1193 568.2067 1062.5438 1565.6236 1156.1575 340.3 698.2373 6592.3 2484.9037;
	1812.9601 1210.2608 2101.6478 579.8469 1082.6705 1598.0448 1200.6 353.0 703.8 6439.0499 2593.0314;
	1841.1273 1250.2895 2161.4 569.1145 1112.0 1650.1526 1277.6177 353.9523 737.6861 6373.5376 2621.9795;
	1873.9672 1236.9848 2102.8931 600.4539 1068.9123 1583.2042 1217.8765 327.1136 729.595 6216.4411 2551.3868;
	1801.3393 1180.2967 2033.782 578.2 1043.0988 1512.5113 1190.7197 330.3 709.7504 5949.8721 2454.4298;
	1714.1747 1098.0967 1873.7976 548.7998 975.3 1403.0315 1080.9702 306.2985 642.9562 5622.5604 2296.3852;
	1647.4503 1057.2458 1784.0828 536.6773 933.1302 1324.6517 1005.2303 273.0487 593.5337 5275.7349 2153.6605;
	1558.6562 982.8 1733.3939 545.1214 868.4577 1223.7715 948.1017 229.6148 553.6857 4937.6313 1974.2512;
	1594.5 979.6444 1725.2099 560.5 859.5 1248.4247 933.0828 257.293 550.0429 4914.0043 2109.4307;
];
