function windprofile = ex_wind_profilesh1
%EX_WIND_PROFILE_D  Example wind_load_nyiso profile data for deterministic unit commitment.
% 2022.03.12
% Andres F. Ramirez


%% define constants
[GEN_BUS, PG, QG, QMAX, QMIN, VG, MBASE, GEN_STATUS, PMAX, PMIN, ...
    MU_PMAX, MU_PMIN, MU_QMAX, MU_QMIN, PC1, PC2, QC1MIN, QC1MAX, ...
    QC2MIN, QC2MAX, RAMP_AGC, RAMP_10, RAMP_30, RAMP_Q, APF] = idx_gen;
[CT_LABEL, CT_PROB, CT_TABLE, CT_TBUS, CT_TGEN, CT_TBRCH, CT_TAREABUS, ...
    CT_TAREAGEN, CT_TAREABRCH, CT_ROW, CT_COL, CT_CHGTYPE, CT_REP, ...
    CT_REL, CT_ADD, CT_NEWVAL, CT_TLOAD, CT_TAREALOAD, CT_LOAD_ALL_PQ, ...
    CT_LOAD_FIX_PQ, CT_LOAD_DIS_PQ, CT_LOAD_ALL_P, CT_LOAD_FIX_P, ...
    CT_LOAD_DIS_P, CT_TGENCOST, CT_TAREAGENCOST, CT_MODCOST_F, ...
    CT_MODCOST_X] = idx_ct;

windprofile = struct( ...
    'type', 'mpcData', ...
    'table', CT_TGEN, ...
    'rows', [1:45], ...
    'col', PMAX, ...
    'chgtype', 1, ...
    'values', [] );
windprofile.values(:,1,:) = [
	3.7933 51.2558 85.6862 106.4244 14.8885 30.7569 27.349 13.4029 27.2372 26.8877 49.7015 74.1449 111.6248 63.3269 179.6272 67.6735 83.9653 88.9781 85.1338 63.4545 9.1163 71.7661 67.9848 82.3326 92.8822 60.865 9.4305 1286.621 778.6437 778.6437 738.264 120.7484 283.7793 163.3321 198.5383 332.2213 1190.7288 297.2384 456.1902 248.7915 113.5207 341.1963 196.2993 220.9722 1203.1323;
	3.856 52.1037 87.8982 109.6995 15.0119 32.556 27.4248 13.4701 27.2704 26.6037 49.1766 73.3618 110.4457 63.7634 186.5769 70.2918 87.2138 92.4206 85.2974 67.5546 9.1416 75.964 69.3666 82.6464 99.5087 65.0888 9.2144 1256.4914 793.8437 793.8437 742.6369 120.1231 284.3247 173.8857 199.9069 338.7067 1271.1812 270.9982 454.3379 266.5412 112.7567 361.1548 204.8842 242.0235 1284.4227;
	3.8295 51.7448 88.4954 97.06 14.8691 32.0034 24.5119 12.1723 27.2112 26.5335 49.0468 73.1682 110.1543 63.0084 183.7623 69.2314 85.8982 91.0264 84.9832 68.2112 8.1706 74.6746 68.3332 82.2531 90.7657 60.8267 9.3489 1204.9546 785.0074 785.0074 738.0069 121.8917 283.2775 175.5758 197.5397 334.9365 1181.6489 259.7079 455.0216 243.1223 111.1245 355.0242 182.6645 244.7344 1193.9578;
	3.817 51.5766 88.8027 99.5208 15.2141 33.1961 20.515 12.4021 26.4494 27.6147 51.0453 76.1495 114.6427 56.0798 179.9478 67.7943 84.1151 89.1369 84.5514 67.9585 6.8383 77.4576 70.2868 82.6196 87.0659 53.9689 8.8498 1189.6908 785.8018 785.8018 711.9241 118.0859 281.8382 174.9255 175.8177 335.2754 1203.9407 246.1008 434.0661 233.2121 108.1249 368.2556 192.1906 248.8044 1216.4817;
	3.7522 50.7001 83.5777 83.5212 15.1105 32.2492 17.7706 9.7363 23.7778 27.2473 50.3662 75.1365 113.1176 59.1299 178.8674 67.3872 83.6101 88.6017 84.6835 67.272 5.9235 75.248 70.1471 83.7664 73.7028 45.8577 7.5751 1176.1493 774.1424 774.1424 675.7402 116.3641 282.2784 173.1583 185.3803 330.3007 1134.5027 242.9682 392.2719 197.4182 111.0397 357.7506 194.8581 218.0408 1146.3204;
	3.848 51.9951 81.7681 77.77 15.2439 31.5865 16.5215 7.3577 25.8507 28.818 53.2697 79.468 119.6386 61.5003 176.3625 66.4435 82.4392 87.361 85.1114 67.4468 5.5072 73.7018 71.2869 82.6156 56.3807 31.7472 5.9725 1159.0243 739.9997 739.9997 628.8764 101.1604 283.7046 173.6082 192.8116 315.7332 1146.3714 212.4103 362.7669 151.0196 95.12 350.3995 194.7104 182.0919 1158.3127;
	3.2592 44.0384 69.1703 60.1806 15.2523 26.7823 14.2378 5.3429 20.4431 29.1097 53.8089 80.2723 120.8495 62.5989 182.3515 68.6999 85.2387 90.3276 84.3819 68.0375 4.7459 62.492 74.0243 81.5209 48.4723 24.5967 4.1474 1155.123 670.8986 670.8986 521.6423 68.4164 281.2731 175.1288 196.2562 286.2501 1049.8163 193.1081 291.3786 129.8365 74.2986 297.105 154.3871 133.977 1060.7519;
	3.4259 46.2917 64.8939 61.3935 14.4713 24.4113 15.729 4.891 18.5186 24.3737 45.0544 67.2124 101.1878 64.6876 180.1202 67.8592 84.1957 89.2223 84.1197 61.2323 5.243 56.9597 60.0752 80.4698 53.8846 19.4544 3.0337 1270.8457 702.315 702.315 628.2746 71.5756 280.399 157.6122 202.8043 299.6544 1160.8417 210.8391 264.3216 144.3338 78.6528 270.8029 149.8195 137.1947 1172.9338;
	2.9187 39.4379 56.1055 56.5043 14.9768 21.0078 15.2598 3.0105 22.5377 24.6865 45.6325 68.0748 102.4862 64.6655 177.8473 67.0029 83.1333 88.0965 84.4525 64.7282 5.0866 49.0183 54.7572 79.993 54.2884 12.3657 1.9537 1199.7569 772.7356 772.7356 732.3737 91.28 281.5085 166.6107 202.7349 329.7005 1115.8179 226.2477 254.8953 145.4154 54.4698 233.0469 145.1375 152.7519 1127.441;
	2.7191 36.7408 45.4435 58.9771 15.0284 18.1864 18.8033 2.2237 23.2517 21.1961 39.1807 58.4498 87.9959 64.5298 173.5023 65.366 81.1023 85.9442 76.9749 62.599 6.2678 42.435 42.7599 65.3384 34.4532 6.7078 1.1195 1066.6953 764.651 764.651 716.078 106.134 256.583 161.1299 202.3096 326.2511 1111.1902 210.4448 367.5955 92.2853 44.9542 201.7481 134.2303 118.3621 1122.7651;
	2.1167 28.6013 34.3502 43.5011 14.3915 13.7878 18.0704 1.077 20.2423 17.2903 31.9608 47.6792 71.7808 63.4082 181.8067 68.4946 84.9841 90.0577 84.6954 68.0778 6.0235 32.1714 33.3935 52.8842 25.7241 4.1747 0.7763 1070.6563 761.401 761.401 720.905 106.9938 282.318 175.2324 198.7931 324.8644 1040.3714 231.457 393.4899 68.9038 36.3779 152.9523 93.3444 85.0433 1051.2086;
	1.5024 20.3011 18.8108 12.0942 10.2109 9.7438 17.8493 0.6408 16.6788 16.8382 31.1252 46.4327 69.9042 63.5399 173.277 65.2811 80.9969 85.8325 79.4562 66.0793 5.9498 22.7356 38.1087 26.062 16.213 0.2948 0.6465 925.4238 711.4389 711.4389 708.5469 105.6966 264.8539 170.0883 199.2063 303.5473 980.9169 206.5533 376.9588 43.4277 23.0436 108.0916 68.1224 61.229 991.1348;
	1.0005 13.5192 23.2139 22.6634 9.4419 7.9023 19.2367 1.8049 15.3151 15.0291 27.7811 41.4439 62.3936 64.51 176.5358 66.5088 82.5202 87.4468 82.0582 63.419 6.4122 18.4388 36.347 28.306 20.8306 6.535 2.4348 950.0951 718.6013 718.6013 692.4828 99.4071 273.5273 163.2406 202.2475 306.6032 951.4956 221.3784 406.6629 55.7962 22.784 87.6634 51.5958 49.8097 961.407;
	0.7722 10.4346 20.7377 26.9092 7.9475 7.4642 13.2924 2.2766 12.1762 18.3896 33.9929 50.7108 76.3448 63.5291 190.3312 71.7062 88.9688 94.2803 84.9046 68.099 4.4308 17.4165 49.8279 31.7153 23.3517 10.18 3.5594 871.7352 673.0768 673.0768 694.286 96.2662 283.0154 175.287 199.1722 287.1794 778.584 220.0416 376.3688 62.5491 4.0123 82.8031 37.6576 53.4408 786.6942;
	0.8255 11.1546 18.4336 0.0 6.0211 7.6715 12.1394 1.4832 12.4391 17.4077 32.1778 48.003 72.2683 64.5768 168.474 63.4716 78.7518 83.4534 71.9891 64.7732 4.0465 17.9002 49.6993 40.773 22.2701 5.4614 3.1778 801.0606 622.451 622.451 605.3414 83.2389 239.9636 166.7263 202.4569 265.5791 732.6853 200.1884 322.96 59.6522 8.5994 85.1028 35.3172 42.3362 740.3174;
	0.8513 11.5023 18.3432 23.9124 6.7093 2.1491 7.1637 0.9793 10.5088 16.7077 30.884 46.0728 69.3624 66.9554 178.5412 67.2644 83.4577 88.4402 77.2244 69.5783 2.3879 5.0145 52.9111 40.5934 20.4131 3.7224 2.0274 857.9146 559.1395 559.1395 549.8609 81.3667 257.4148 179.0948 209.9142 238.5662 601.6197 190.769 229.9259 54.678 8.2961 23.8401 7.2419 14.9961 607.8866;
	0.4906 6.6293 4.1921 0.0 5.8201 6.255 5.5616 0.0002 12.5675 19.5723 36.179 53.972 81.2546 66.0323 186.4907 70.2593 87.1736 92.378 83.6655 67.2472 1.8539 14.595 52.5859 28.9412 10.8364 3.5206 1.4252 896.8707 583.5761 583.5761 588.6957 80.043 278.8851 173.0945 207.0202 248.9925 781.9309 196.0807 245.7144 29.0261 25.119 69.3886 41.2695 0.0 790.076;
	1.0748 14.5224 5.136 0.1491 2.6554 2.1545 7.5695 0.035 14.5023 23.2047 42.8936 63.9888 96.3347 68.5527 148.1233 55.8046 69.239 73.3727 85.3682 58.2823 2.5232 5.0271 71.1681 35.3345 13.2786 1.3958 1.6005 802.0579 592.7659 592.7659 666.9562 87.1912 284.5606 150.0188 214.922 252.9134 774.522 211.6141 343.5465 35.5676 65.8045 23.9004 47.0849 0.0161 782.5899;
	0.4279 5.7815 22.2908 39.3577 0.5081 0.3751 7.2014 1.8781 1.9632 23.5867 43.5996 65.042 97.9204 65.2056 113.8907 42.9077 53.2373 56.4156 1.8375 59.6681 2.4005 0.8753 68.8927 47.4643 21.7835 4.7671 2.0986 802.8844 538.5383 538.5383 654.3629 87.9082 6.1248 153.5857 204.4285 229.7763 694.1435 201.4007 334.6066 58.3486 86.0846 4.1614 25.1701 0.0 701.3742;
