function windprofile = ex_wind_profilesh1
%EX_WIND_PROFILE_D  Example wind_load_nyiso profile data for deterministic unit commitment.
% 2022.03.12
% Andres F. Ramirez


%% define constants
[GEN_BUS, PG, QG, QMAX, QMIN, VG, MBASE, GEN_STATUS, PMAX, PMIN, ...
    MU_PMAX, MU_PMIN, MU_QMAX, MU_QMIN, PC1, PC2, QC1MIN, QC1MAX, ...
    QC2MIN, QC2MAX, RAMP_AGC, RAMP_10, RAMP_30, RAMP_Q, APF] = idx_gen;
[CT_LABEL, CT_PROB, CT_TABLE, CT_TBUS, CT_TGEN, CT_TBRCH, CT_TAREABUS, ...
    CT_TAREAGEN, CT_TAREABRCH, CT_ROW, CT_COL, CT_CHGTYPE, CT_REP, ...
    CT_REL, CT_ADD, CT_NEWVAL, CT_TLOAD, CT_TAREALOAD, CT_LOAD_ALL_PQ, ...
    CT_LOAD_FIX_PQ, CT_LOAD_DIS_PQ, CT_LOAD_ALL_P, CT_LOAD_FIX_P, ...
    CT_LOAD_DIS_P, CT_TGENCOST, CT_TAREAGENCOST, CT_MODCOST_F, ...
    CT_MODCOST_X] = idx_ct;

windprofile = struct( ...
    'type', 'mpcData', ...
    'table', CT_TGEN, ...
    'rows', [1:45], ...
    'col', PMAX, ...
    'chgtype', 1, ...
    'values', [] );
windprofile.values(:,1,:) = [
	3.8224 51.6491 93.8452 111.6441 14.9977 33.1526 27.8638 12.4016 27.0854 27.3176 50.4961 75.3303 113.4093 64.4357 165.8346 62.4772 77.518 82.146 83.0177 65.8726 9.2879 77.356 69.6903 89.3124 99.656 68.2723 9.1311 1176.7785 727.7218 727.7218 734.5328 111.83 276.7256 169.5562 202.0147 310.4946 1131.4044 295.5666 445.6744 266.9357 108.1328 367.7723 195.5116 251.4706 1143.1899;
	3.8498 52.0187 93.0065 111.7858 15.1062 32.7474 27.2702 11.7019 26.2343 19.8149 36.6275 54.6411 82.2618 63.4601 181.3271 68.3139 84.7599 89.8202 81.3257 66.9737 9.0901 76.4105 68.3465 88.8652 101.5427 61.7134 7.9593 1240.7826 757.1485 757.1485 779.712 113.4178 271.0858 172.3906 198.9561 323.05 1226.8269 278.161 434.5076 271.9894 102.1006 363.2773 200.6138 249.0177 1239.6063;
	3.6774 49.6893 92.4157 96.6475 14.2915 31.6386 24.9816 9.0153 25.7748 22.6953 41.9518 62.5839 94.2197 62.9661 182.8547 68.8894 85.4739 90.5769 85.8024 69.2906 8.3272 73.8234 67.386 88.6193 89.0656 55.972 7.8703 1220.3621 758.6467 758.6467 762.3551 108.2381 286.0081 178.3542 197.4073 323.6893 1190.9782 269.4931 440.1958 238.5687 101.822 350.9775 178.1799 247.4003 1203.3842;
	3.6487 49.3026 88.5514 97.0591 14.4041 31.1355 21.2955 9.6907 24.846 21.747 40.199 59.9689 90.2829 59.4688 169.9578 64.0306 79.4454 84.1884 84.5562 69.0273 7.0985 72.6495 67.7703 86.6967 85.8 50.6522 6.8495 1213.028 761.5827 761.5827 761.1508 113.0289 281.854 177.6764 186.4426 324.9419 1185.13 280.122 393.4052 229.8214 95.7913 345.3965 184.7156 244.0467 1197.4751;
	3.5831 48.4155 82.6906 75.2522 14.2825 29.5855 17.9564 7.0889 19.8628 22.6022 41.7797 62.3272 93.8332 63.4374 177.7152 66.9532 83.0715 88.031 84.3463 68.7305 5.9855 69.0327 68.6478 86.2215 67.5901 46.8455 4.8334 1234.8793 749.3998 749.3998 744.5553 107.4862 281.1544 176.9125 198.8849 319.7439 1173.1113 261.5664 358.9977 181.045 89.5714 328.2014 185.9705 204.6942 1185.3312;
	3.6179 48.886 76.7298 69.3881 14.0965 28.6495 17.0645 5.4354 21.8167 26.6408 49.2451 73.464 110.5997 61.7379 175.4708 66.1076 82.0224 86.9193 85.2635 68.6338 5.6882 66.8489 69.1593 80.8509 51.7826 29.521 3.1371 1226.2315 679.6689 679.6689 658.9742 95.1172 284.2118 176.6636 193.5567 289.9921 1145.1255 242.7456 331.8299 138.7035 83.702 317.8185 189.4099 163.9419 1157.0539;
	3.3452 45.201 69.5389 58.2824 14.3505 27.2946 13.9967 3.5654 15.7168 25.1302 46.4529 69.2985 104.3286 62.5706 171.4624 64.5975 80.1487 84.9337 88.0009 67.8617 4.6656 63.6875 68.9104 76.349 43.5665 17.2207 2.0751 1249.5497 650.9516 650.9516 524.5618 63.8359 293.3363 174.6761 196.1674 277.7394 1138.353 205.2007 217.6381 116.696 76.1853 302.7884 164.5964 115.7202 1150.2109;
	3.6361 49.1324 68.4606 64.6251 15.2334 28.0148 15.2541 3.5176 15.7065 23.8389 44.0659 65.7377 98.9677 62.9598 180.1121 67.8562 84.192 89.2183 89.042 66.1454 5.0847 65.3678 53.8656 80.7151 52.9475 16.0651 1.841 1312.9236 678.6589 678.6589 646.5758 68.1854 296.8065 170.2584 197.3875 289.5611 1153.2546 221.1795 230.3304 141.8237 67.7909 310.7771 158.3289 131.8803 1165.2677;
	2.9926 40.436 59.1722 60.1573 14.9109 23.8274 16.0475 0.4292 19.6848 20.9623 38.7484 57.805 87.0252 61.9413 166.1811 62.6078 77.68 82.3176 87.2863 59.121 5.3492 55.5973 42.963 73.8441 47.9624 4.0407 0.5328 1212.6236 762.0247 762.0247 728.1425 86.6425 290.9543 152.1776 194.1944 325.1306 1132.9034 243.6967 231.6912 128.4708 35.9524 264.3257 151.771 146.1554 1144.7045;
	2.7809 37.5762 48.7455 56.4362 14.7973 19.355 20.4286 0.4838 21.5254 18.4162 34.0421 50.7842 76.4553 63.5237 149.6556 56.3819 69.9553 74.1318 87.5656 56.4236 6.8095 45.1616 42.2199 59.0902 21.7241 0.0 0.0976 1131.5962 785.6468 785.6468 773.3263 104.3263 291.8854 145.2346 199.1554 335.2093 1137.7179 251.5245 344.7333 58.1896 37.8243 214.7109 143.031 119.7416 1149.5692;
	2.3401 31.6204 35.6611 40.8382 14.2886 15.1295 21.3216 0.5486 20.5796 14.7678 27.298 40.7232 61.3086 64.3007 148.054 55.7785 69.2067 73.3384 86.4162 66.6907 7.1072 35.3021 34.7352 51.2571 20.7062 0.6729 0.5791 1151.6369 785.3571 785.3571 742.1687 97.0003 288.054 171.6619 201.5915 335.0857 1106.4607 243.7068 390.1294 55.4629 31.2905 167.8363 104.7467 84.5153 1117.9864;
	1.5998 21.6171 28.1565 24.0554 10.1659 11.06 23.427 1.1452 19.0928 16.2921 30.1157 44.9268 67.637 66.1553 160.4816 60.4605 75.0158 79.4944 88.2243 67.2483 7.809 25.8067 43.1287 36.34 19.7849 4.8328 1.2182 1078.9243 727.1457 727.1457 733.2286 102.3183 294.0809 173.0972 207.4058 310.2488 1059.2363 225.7159 409.8191 52.9952 27.1783 122.6926 73.2751 80.545 1070.27;
	1.1471 15.5002 28.4667 28.3316 9.3932 8.3729 20.6576 1.9305 18.7055 15.0786 27.8725 41.5803 62.5989 60.099 167.3606 63.0521 78.2314 82.9019 87.8572 67.0933 6.8859 19.5369 42.1787 37.8438 22.6871 9.5483 2.5803 1024.4218 733.7635 733.7635 686.8792 94.3838 292.8573 172.6983 188.4186 313.0724 1036.9422 226.9484 417.1086 60.7691 21.6112 92.8839 56.5623 54.8317 1047.7437;
	0.8943 12.0837 24.207 34.0155 7.7633 8.8866 14.4455 2.4861 14.7158 17.3184 32.0129 47.7569 71.8978 62.672 176.7751 66.599 82.6321 87.5653 86.7235 66.7247 4.8152 20.7353 53.1118 40.4357 26.17 11.7065 3.5579 966.6612 699.204 699.204 720.7737 95.674 289.0784 171.7496 196.4851 298.327 863.1498 229.6911 390.925 70.0982 26.1039 98.5815 42.2871 58.8434 872.1409;
	0.9062 12.2454 23.6507 47.7326 6.6465 8.5265 11.8631 2.0195 13.3038 16.7665 30.9925 46.2348 69.6062 59.1676 163.13 61.4583 76.2538 80.8063 80.0197 67.3914 3.9544 19.8951 56.7912 48.4637 27.2498 6.1451 3.5881 879.5866 644.0129 644.0129 634.7549 84.6195 266.7323 173.4655 185.4985 274.7788 782.1414 207.6568 295.8402 72.9905 28.6089 94.587 39.2421 56.1135 790.2887;
	0.969 13.0928 20.547 35.8438 7.4325 2.791 6.1224 1.6112 10.3029 16.2145 29.9722 44.7127 67.3147 66.6761 162.0677 61.0581 75.7572 80.2801 82.5057 66.8891 2.0408 6.5124 56.8948 47.6694 27.5903 3.8573 2.4399 912.8243 553.8025 553.8025 575.7184 80.7387 275.019 172.1728 209.0384 236.2891 632.3406 200.1044 224.701 73.9026 29.1811 30.962 45.4776 33.4591 638.9275;
	0.586 7.9181 22.6702 92.802 6.2071 10.936 3.3196 1.2451 11.0161 18.6649 34.5018 51.4698 77.4876 61.6088 153.5995 57.8677 71.7989 76.0853 83.3076 61.8673 1.1065 25.5172 57.1607 43.7563 18.0938 5.5747 1.6329 794.4535 494.3832 494.3832 562.0878 75.2694 277.6921 159.2466 193.1518 210.9368 683.8459 185.3137 197.7718 48.4655 25.5985 121.3162 22.996 46.2668 690.9693;
	1.1968 16.1718 7.5634 29.5951 2.594 7.2945 4.6058 1.2856 12.462 22.2611 41.1493 61.3866 92.4172 66.5622 117.2844 44.1862 54.8237 58.0967 81.885 45.5115 1.5353 17.0204 70.1254 38.9064 16.5923 3.9822 1.6715 732.2645 534.9808 534.9808 628.8794 86.3446 272.9501 117.1466 208.6814 228.2585 712.9153 202.5164 336.5288 44.4436 72.7951 80.9199 44.4269 73.9613 720.3415;
