function loadprofile = ex_load_profilesh1
%EX_LOAD_PROFILE  Example load profile data file for stochastic unit commitment.
% 2022.03.12
% Andres F. Ramirez

%% define constants
[CT_LABEL, CT_PROB, CT_TABLE, CT_TBUS, CT_TGEN, CT_TBRCH, CT_TAREABUS, ...
    CT_TAREAGEN, CT_TAREABRCH, CT_ROW, CT_COL, CT_CHGTYPE, CT_REP, ...
    CT_REL, CT_ADD, CT_NEWVAL, CT_TLOAD, CT_TAREALOAD, CT_LOAD_ALL_PQ, ...
    CT_LOAD_FIX_PQ, CT_LOAD_DIS_PQ, CT_LOAD_ALL_P, CT_LOAD_FIX_P, ...
    CT_LOAD_DIS_P, CT_TGENCOST, CT_TAREAGENCOST, CT_MODCOST_F, ...
    CT_MODCOST_X] = idx_ct;

loadprofile = struct( ...
    'type', 'mpcData', ...
    'table', CT_TAREALOAD, ...
    'rows', [1:11], ...
    'col', CT_LOAD_ALL_P, ...
    'chgtype', 1, ...
    'values', [] );
loadprofile.values(:,1,:) = [
	1473.0776 969.7 1641.6 586.4 834.0 1143.4792 894.3613 274.7769 528.2468 4658.6739 1842.8442;
	1459.0227 965.2455 1644.694 583.6359 847.0226 1169.1404 897.4812 276.3 534.104 4589.9551 1836.0881;
	1518.571 999.9 1689.6106 599.1166 843.3 1222.801 918.3668 275.1669 557.9798 4660.0247 1891.9414;
	1623.4793 1058.6628 1820.3904 621.5832 912.1503 1297.1 964.0633 295.7765 569.8685 4843.7241 1975.2014;
	1786.3683 1166.5216 2012.9976 649.2835 1047.8 1449.4892 1069.2448 330.5543 647.3 5434.3439 2189.6496;
	1907.5703 1259.1 2141.0384 666.9107 1084.0526 1505.4137 1139.0635 358.5 700.4022 5984.0428 2315.3445;
	1962.2044 1279.4613 2096.7834 667.3279 1068.5341 1471.5407 1124.2 368.168 713.9045 6390.1 2333.4311;
	1960.798 1257.9942 2098.0 660.7965 1093.1971 1461.6 1127.9525 365.4561 709.0 6607.0205 2316.0873;
	1959.5121 1243.8 2074.7909 625.9846 1091.2249 1438.3 1157.1 362.8 711.689 6710.5296 2289.9908;
	1921.9016 1208.4736 2033.9156 603.6815 1076.1485 1388.4 1107.3655 345.3366 707.4182 6757.7451 2242.5692;
	1890.6295 1206.7 2070.5761 599.7421 1074.7258 1373.5864 1115.648 346.7431 693.6 6717.8797 2139.9554;
	1886.6049 1188.0783 2026.215 585.8 1041.7346 1345.6107 1103.4376 350.2269 693.4528 6665.635 2216.9978;
	1863.5642 1182.9 2062.5298 582.4898 1042.1957 1369.3 1126.519 338.1668 736.1856 6567.4765 2308.2856;
	1813.6852 1179.6689 2045.6 585.1667 1032.141 1397.0974 1133.2642 335.1023 740.0937 6550.2965 2293.3658;
	1832.364 1167.5033 2011.8329 594.2082 1028.7939 1419.7555 1104.3 331.0 716.8158 6583.5191 2302.6672;
	1862.1264 1165.429 1995.3667 602.2393 1028.9402 1487.1 1145.4188 343.0368 738.9222 6600.3706 2415.488;
	1841.0 1190.261 2047.1846 619.8224 1045.4201 1564.8348 1174.5506 350.7122 753.0365 6395.5811 2441.4533;
	1889.8637 1242.7 2137.2966 619.9876 1067.6625 1620.5 1206.8952 378.2926 769.869 6443.0559 2583.3192;
	1947.8452 1261.4 2140.7146 621.0 1045.7647 1563.1916 1207.6 383.9541 779.2 6482.0865 2569.7018;
	1896.3344 1215.5357 2061.0712 609.7054 999.7521 1521.909 1167.7701 359.8738 749.3327 6193.9612 2496.9487;
	1802.3 1143.1197 1946.3106 572.3 928.0361 1430.2434 1079.4153 341.9 704.3288 5847.0221 2258.254;
	1694.6153 1074.6333 1862.2054 574.3 891.9484 1357.957 1031.5124 317.4359 645.2912 5703.989 2098.9;
	1584.0134 1002.3535 1781.6223 573.2 847.2751 1290.6313 981.5 283.3948 630.0861 5296.1742 1952.4049;
	1547.044 964.9749 1748.1062 583.7047 842.8665 1224.2526 942.7 265.5646 567.5949 4880.2146 1835.7319;
];
