function solarprofile = ex_solar_profilesh1
%EX_WIND_PROFILE_D  Example wind_load_nyiso profile data for deterministic unit commitment.
% 2022.03.12
% Andres F. Ramirez


%% define constants
[GEN_BUS, PG, QG, QMAX, QMIN, VG, MBASE, GEN_STATUS, PMAX, PMIN, ...
    MU_PMAX, MU_PMIN, MU_QMAX, MU_QMIN, PC1, PC2, QC1MIN, QC1MAX, ...
    QC2MIN, QC2MAX, RAMP_AGC, RAMP_10, RAMP_30, RAMP_Q, APF] = idx_gen;
[CT_LABEL, CT_PROB, CT_TABLE, CT_TBUS, CT_TGEN, CT_TBRCH, CT_TAREABUS, ...
    CT_TAREAGEN, CT_TAREABRCH, CT_ROW, CT_COL, CT_CHGTYPE, CT_REP, ...
    CT_REL, CT_ADD, CT_NEWVAL, CT_TLOAD, CT_TAREALOAD, CT_LOAD_ALL_PQ, ...
    CT_LOAD_FIX_PQ, CT_LOAD_DIS_PQ, CT_LOAD_ALL_P, CT_LOAD_FIX_P, ...
    CT_LOAD_DIS_P, CT_TGENCOST, CT_TAREAGENCOST, CT_MODCOST_F, ...
    CT_MODCOST_X] = idx_ct;

solarprofile = struct( ...
    'type', 'mpcData', ...
    'table', CT_TGEN, ...
    'rows', [1:12], ...
    'col', PMAX, ...
    'chgtype', 1, ...
    'values', [] );
solarprofile.values(:,1,:) = [
	0.0 0.0 0.0 0.0 0.0 0.0 0.0 0.0 0.0 0.0 0.0 0.0;
	0.0 0.0 0.0 0.0 0.0 0.0 0.0 0.0 0.0 0.0 0.0 0.0;
	0.0 0.0 0.0 0.0 0.0 0.0 0.0 0.0 0.0 0.0 0.0 0.0;
	0.0 0.0 0.0 0.0 0.0 0.0 0.0 0.0 0.0 0.0 0.0 0.0;
	0.0 0.0 0.0 0.0 0.0 0.0 0.0 0.0 0.0 0.0 0.0 0.0;
	0.1575 0.1621 0.24 0.0 0.0 0.0 0.0 0.0 0.0 0.0 0.0 0.0;
	4.8462 6.9869 7.5397 1.7715 2.1799 32.7759 4.097 1.3924 47.5252 50.8223 22.8247 92.0395;
	17.1852 15.9298 13.6546 3.1239 3.9618 157.9302 19.7413 3.6002 67.7123 96.7704 54.1972 175.2517;
	23.6766 16.7885 14.0763 4.1704 5.195 221.1413 27.6427 13.2737 55.3298 133.8383 84.3483 242.382;
	26.1989 16.8031 13.9377 3.5273 3.2712 130.3731 16.2966 27.9062 26.9457 152.3669 46.4394 275.9374;
	26.0129 16.5331 13.789 3.9592 2.8984 211.3058 26.4132 48.0338 40.0294 231.1932 79.6701 418.6922;
	25.5539 16.5331 13.7863 4.8229 2.5746 222.6056 27.8257 50.7876 64.4245 262.6056 120.7872 475.5804;
	21.3695 16.3347 13.1965 8.8431 6.3774 189.1987 23.6498 58.9797 103.9158 343.0708 203.3695 621.3033;
	20.6026 16.3881 13.6465 8.4389 5.1706 147.6685 18.4586 52.8781 77.9507 337.366 175.7506 610.9719;
	17.8468 16.2634 11.9002 6.5672 3.8778 114.6737 14.3342 44.3573 92.2165 298.1785 87.6004 540.0031;
	14.3351 15.9478 9.7516 6.5319 8.8165 241.6112 30.2014 45.3948 163.8548 203.3445 102.3247 368.2581;
	1.0391 0.8918 0.6156 1.7362 3.5164 70.2942 8.7868 13.6592 44.768 66.1902 39.7374 119.8708;
	0.0 0.0 0.0 0.0 0.0 0.0 0.0 0.0 0.0 0.0 0.0 0.0;
	0.0 0.0 0.0 0.0 0.0 0.0 0.0 0.0 0.0 0.0 0.0 0.0;
	0.0 0.0 0.0 0.0 0.0 0.0 0.0 0.0 0.0 0.0 0.0 0.0;
	0.0 0.0 0.0 0.0 0.0 0.0 0.0 0.0 0.0 0.0 0.0 0.0;
	0.0 0.0 0.0 0.0 0.0 0.0 0.0 0.0 0.0 0.0 0.0 0.0;
	0.0 0.0 0.0 0.0 0.0 0.0 0.0 0.0 0.0 0.0 0.0 0.0;
	0.0 0.0 0.0 0.0 0.0 0.0 0.0 0.0 0.0 0.0 0.0 0.0;
];
