function windprofile = ex_wind_profilesh1
%EX_WIND_PROFILE_D  Example wind_load_nyiso profile data for deterministic unit commitment.
% 2022.03.12
% Andres F. Ramirez


%% define constants
[GEN_BUS, PG, QG, QMAX, QMIN, VG, MBASE, GEN_STATUS, PMAX, PMIN, ...
    MU_PMAX, MU_PMIN, MU_QMAX, MU_QMIN, PC1, PC2, QC1MIN, QC1MAX, ...
    QC2MIN, QC2MAX, RAMP_AGC, RAMP_10, RAMP_30, RAMP_Q, APF] = idx_gen;
[CT_LABEL, CT_PROB, CT_TABLE, CT_TBUS, CT_TGEN, CT_TBRCH, CT_TAREABUS, ...
    CT_TAREAGEN, CT_TAREABRCH, CT_ROW, CT_COL, CT_CHGTYPE, CT_REP, ...
    CT_REL, CT_ADD, CT_NEWVAL, CT_TLOAD, CT_TAREALOAD, CT_LOAD_ALL_PQ, ...
    CT_LOAD_FIX_PQ, CT_LOAD_DIS_PQ, CT_LOAD_ALL_P, CT_LOAD_FIX_P, ...
    CT_LOAD_DIS_P, CT_TGENCOST, CT_TAREAGENCOST, CT_MODCOST_F, ...
    CT_MODCOST_X] = idx_ct;

windprofile = struct( ...
    'type', 'mpcData', ...
    'table', CT_TGEN, ...
    'rows', [1:45], ...
    'col', PMAX, ...
    'chgtype', 1, ...
    'values', [] );
windprofile.values(:,1,:) = [
	3.5608 48.1138 86.5542 99.0535 14.4336 31.1967 28.3724 11.0264 27.1791 26.5287 49.0378 73.1548 110.1342 67.7604 194.5007 73.277 90.9178 96.3457 83.9603 68.8808 9.4575 72.7923 62.6191 82.3808 90.8122 54.6448 8.3927 1171.7782 751.475 751.475 707.1073 114.808 279.8676 177.2994 212.4381 320.6293 1098.2333 273.4738 452.7611 243.247 112.3212 346.0756 186.7843 219.4479 1109.6732;
	3.6896 49.8549 85.9539 105.0311 14.2867 32.0318 28.7701 10.6637 27.2612 24.6512 45.5674 67.9775 102.3398 69.0113 196.466 74.0174 91.8365 97.3192 84.2209 68.3908 9.59 74.7408 66.8387 81.8583 91.0909 58.7633 7.7503 1206.301 792.9086 792.9086 758.0681 112.9582 280.7364 176.038 216.3597 338.3077 1172.5628 267.0398 449.7906 243.9935 113.9293 355.3389 195.5391 231.0637 1184.777;
	3.7281 50.3754 86.6354 92.7458 14.7901 32.691 26.7315 10.1584 27.1296 26.4857 48.9583 73.0362 109.9556 68.8682 193.293 72.822 90.3533 95.7475 84.3335 68.3249 8.9105 76.279 65.558 85.8261 84.4387 53.5251 8.3212 1229.7467 800.6174 800.6174 765.9718 114.9628 281.1118 175.8686 215.9111 341.5967 1159.6047 271.7492 455.4726 226.175 108.5474 362.6522 177.8767 245.7954 1171.6839;
	3.6624 49.4876 85.7264 96.6349 14.7121 32.7035 22.4107 11.0479 26.2803 26.224 48.4747 72.3148 108.8695 67.8295 190.8928 71.9178 89.2313 94.5585 84.509 68.1365 7.4702 76.3081 63.3934 84.6748 84.2817 51.5083 7.9386 1183.5617 798.1255 798.1255 756.4771 113.994 281.6965 175.3836 212.6547 340.5336 1138.2832 276.9691 427.6111 225.7546 106.9985 362.7906 179.1265 238.3052 1150.1403;
	3.7108 50.1412 84.5086 84.326 14.2485 32.7902 18.6875 9.4004 20.1621 26.4954 48.9764 73.0631 109.9961 62.6293 183.7001 69.2079 85.8691 90.9956 84.1678 65.3597 6.2292 76.5105 65.8218 83.5834 72.3186 48.9675 7.35 1158.6143 761.8287 761.8287 705.3132 106.3353 280.5593 168.236 196.3515 325.0469 1092.0764 260.6996 369.8846 193.7106 104.1229 363.753 193.8452 214.2719 1103.4522;
	3.7693 50.9312 82.0741 79.1285 14.5293 32.9297 17.4664 7.4792 21.9814 27.6922 51.1887 76.3634 114.9647 60.9432 184.1043 69.3602 86.0581 91.1959 85.9908 67.5634 5.8221 76.8359 63.3366 82.5627 58.0588 34.924 5.881 1180.3871 733.7521 733.7521 666.3153 91.2845 286.6361 173.9084 191.0653 313.0676 1100.1076 227.7525 329.427 155.5146 97.5 365.2999 194.5456 175.0994 1111.567;
	3.5398 47.8302 72.5103 65.2822 14.7416 30.6535 13.9307 6.4782 16.1809 26.5176 49.0173 73.1242 110.088 64.7608 185.5166 69.8923 86.7182 91.8954 85.5711 68.6475 4.6436 71.5248 66.2444 79.478 51.076 24.3116 4.8949 1237.8357 685.9086 685.9086 535.3507 60.8817 285.2369 176.6988 203.0338 292.6543 1090.452 204.8961 248.1921 136.8107 83.6083 340.0493 170.7221 129.8018 1101.8109;
	3.7388 50.5201 70.5982 70.3001 15.0205 30.2611 14.3612 5.3995 14.3213 23.0998 42.6996 63.6995 95.8992 64.3952 184.4754 69.5 86.2315 91.3797 87.5486 66.2042 4.7871 70.6093 54.7674 80.0862 55.8972 15.9305 3.2403 1196.8446 660.5147 660.5147 586.1641 57.7888 291.8287 170.4097 201.8878 281.8196 1033.7769 197.7269 207.7861 149.7246 77.1239 335.697 160.9495 139.3872 1044.5454;
	3.299 44.5762 60.2982 68.6523 15.2249 24.6271 13.9262 4.1657 19.1996 21.5426 39.8212 59.4054 89.4345 64.275 163.6173 61.6419 76.4816 81.0476 80.2954 60.2534 4.6421 57.4633 46.9015 81.4194 54.8219 13.1675 2.5254 1186.1776 761.8679 761.8679 751.018 80.6368 267.6513 155.0925 201.5109 325.0636 1055.9706 233.509 202.6723 146.8443 55.32 273.1967 151.1088 150.3928 1066.9703;
	2.9954 40.4739 48.1738 65.0141 15.2411 20.4389 18.6565 2.5148 21.3358 18.8843 34.9073 52.0748 78.3983 63.2162 181.8617 68.5153 85.0098 90.085 84.3464 67.9659 6.2188 47.6908 43.7961 68.0959 29.9431 6.0634 1.341 1074.3433 756.6841 756.6841 734.408 96.8062 281.1548 174.9444 198.1913 322.8519 1053.6071 226.1176 332.9735 80.2047 48.1043 226.7355 131.1222 119.596 1064.5822;
	2.8153 38.0406 36.3597 49.9884 14.6579 16.5371 18.3012 1.4274 20.5331 16.2825 30.098 44.9003 67.5971 62.565 175.9579 66.2911 82.2501 87.1605 80.3579 71.1559 6.1004 38.5865 37.8069 55.9919 22.9468 3.6653 2.9537 1103.1213 782.8069 782.8069 733.8595 101.082 267.8598 183.1554 196.1496 333.9976 1042.3038 233.912 378.5432 61.4648 42.0361 183.4513 97.7078 92.2079 1053.1611;
	1.8976 25.6402 26.9647 27.4634 10.4172 11.6659 19.3664 1.277 18.2608 16.5088 30.5163 45.5243 68.5365 59.24 171.1328 64.4733 79.9946 84.7704 80.3495 69.1988 6.4555 27.2205 42.8876 39.168 17.235 4.6136 2.1071 954.9531 738.3493 738.3493 674.9518 102.514 267.8318 178.1179 185.7254 315.029 1003.5643 199.8361 369.713 46.1652 33.8974 129.4142 69.3593 70.7736 1014.0181;
	1.1986 16.1955 24.8714 26.6506 9.2766 7.908 17.9601 1.9308 15.5649 12.7234 23.5191 35.0858 52.8215 53.3423 167.1485 62.9722 78.1322 82.7968 76.7594 66.3086 5.9867 18.452 39.5984 36.4876 19.8338 6.8772 2.6395 872.9106 711.8948 711.8948 640.7497 91.9163 255.8647 170.6785 167.2354 303.7418 943.1013 198.8999 409.2686 53.1263 29.8838 87.7262 52.2717 45.3752 952.9253;
	0.9715 13.1271 23.0321 35.9183 7.8795 9.3084 13.2371 2.2898 12.6381 16.038 29.6461 44.2261 66.5822 61.6382 182.8847 68.9007 85.488 90.5917 85.6453 71.6134 4.4124 21.7195 47.1926 38.397 24.5344 9.8351 3.6159 907.2702 726.1704 726.1704 694.3373 91.8613 285.4844 184.3331 193.2442 309.8327 860.5878 211.9493 401.3581 65.7173 29.7658 103.2609 42.1537 52.4849 869.5522;
	0.9529 12.8756 21.8171 38.9827 6.9276 9.6179 10.9386 1.8055 13.2516 18.4079 34.0268 50.7612 76.4207 63.497 180.941 68.1685 84.5794 89.6289 77.5798 71.7581 3.6462 22.4418 57.4182 48.1752 20.5833 6.7643 3.5734 780.0807 653.9842 653.9842 611.5058 81.5887 258.5995 184.7056 199.0716 279.0332 786.7998 199.9495 319.934 55.1337 28.5352 106.6949 37.4864 49.5375 794.9957;
	0.8976 12.1288 14.9387 28.2532 7.6651 1.0652 5.0904 1.1802 9.4441 15.5285 28.7043 42.8211 64.467 63.5941 169.1921 63.7421 79.0875 83.8091 74.5623 69.4645 1.6968 2.4855 52.6022 44.1747 21.7808 4.1316 2.415 732.6632 495.9774 495.9774 502.8896 75.4344 248.541 178.8017 199.376 211.617 558.8351 181.6316 210.0381 58.3416 26.5876 11.8168 0.0 11.8661 564.6563;
	0.4752 6.4214 0.0 0.1335 6.4346 0.0005 3.0126 0.0006 8.2299 15.4843 28.6225 42.6992 64.2833 56.8682 162.9816 61.4024 76.1844 80.7327 78.072 63.8169 1.0042 0.0012 41.7801 32.5576 7.3876 3.8499 1.6443 698.855 480.3093 480.3093 519.9591 73.5458 260.2401 164.2648 178.2894 204.9319 666.0722 179.8131 144.8925 19.7881 29.9702 0.0055 0.0005 0.0 673.0104;
	1.0582 14.2992 0.1741 9.3539 2.7904 0.7551 1.1484 0.2501 0.0669 19.1107 35.3258 52.6991 79.3382 64.0957 128.6808 48.4797 60.1508 63.7419 78.4097 51.6923 0.3828 1.7619 60.4459 37.031 13.8463 3.6909 1.9055 693.9952 510.3197 510.3197 557.8943 75.8856 261.3655 133.056 200.9486 217.7364 664.1961 192.5142 284.5866 37.0883 73.1277 8.3766 0.0011 0.0 671.1148;
	0.4603 6.2191 23.0648 42.8788 2.9809 0.8959 0.8689 1.8761 1.1499 18.6967 34.5606 51.5576 77.6196 62.0272 89.6904 33.7903 41.925 44.428 0.0 50.882 0.2896 2.0904 55.3077 48.7865 24.6045 7.5852 2.3356 723.9006 472.5357 472.5357 568.0027 65.7857 0.0 130.9704 194.4636 201.6152 640.5187 179.453 319.5634 65.905 84.4269 9.9384 0.0 0.1306 647.1908;
