function solarprofile = ex_solar_profilesh1
%EX_WIND_PROFILE_D  Example wind_load_nyiso profile data for deterministic unit commitment.
% 2022.03.12
% Andres F. Ramirez


%% define constants
[GEN_BUS, PG, QG, QMAX, QMIN, VG, MBASE, GEN_STATUS, PMAX, PMIN, ...
    MU_PMAX, MU_PMIN, MU_QMAX, MU_QMIN, PC1, PC2, QC1MIN, QC1MAX, ...
    QC2MIN, QC2MAX, RAMP_AGC, RAMP_10, RAMP_30, RAMP_Q, APF] = idx_gen;
[CT_LABEL, CT_PROB, CT_TABLE, CT_TBUS, CT_TGEN, CT_TBRCH, CT_TAREABUS, ...
    CT_TAREAGEN, CT_TAREABRCH, CT_ROW, CT_COL, CT_CHGTYPE, CT_REP, ...
    CT_REL, CT_ADD, CT_NEWVAL, CT_TLOAD, CT_TAREALOAD, CT_LOAD_ALL_PQ, ...
    CT_LOAD_FIX_PQ, CT_LOAD_DIS_PQ, CT_LOAD_ALL_P, CT_LOAD_FIX_P, ...
    CT_LOAD_DIS_P, CT_TGENCOST, CT_TAREAGENCOST, CT_MODCOST_F, ...
    CT_MODCOST_X] = idx_ct;

solarprofile = struct( ...
    'type', 'mpcData', ...
    'table', CT_TGEN, ...
    'rows', [1:12], ...
    'col', PMAX, ...
    'chgtype', 1, ...
    'values', [] );
solarprofile.values(:,1,:) = [
	0.0 0.0 0.0 0.0 0.0 0.0 0.0 0.0 0.0 0.0 0.0 0.0;
	0.0 0.0 0.0 0.0 0.0 0.0 0.0 0.0 0.0 0.0 0.0 0.0;
	0.0 0.0 0.0 0.0 0.0 0.0 0.0 0.0 0.0 0.0 0.0 0.0;
	0.0 0.0 0.0 0.0 0.0 0.0 0.0 0.0 0.0 0.0 0.0 0.0;
	0.0 0.0 0.0 0.0 0.0 0.0 0.0 0.0 0.0 0.0 0.0 0.0;
	0.1575 0.1621 0.24 0.0 0.0 0.0 0.0 0.0 0.0 0.0 0.0 0.0;
	8.2553 6.6922 4.7214 1.1656 3.7822 96.3207 12.0401 2.0395 14.6706 56.2737 26.5595 101.9119;
	17.2985 14.3592 10.9629 1.0145 4.1685 253.6315 31.7039 10.9669 60.8015 53.1202 69.5901 96.2011;
	22.9325 16.6083 13.8 2.3115 5.3905 303.6808 37.9601 27.6718 136.5923 53.7354 98.7289 97.3152;
	25.313 16.4687 13.34 6.1683 7.0558 239.5147 29.9393 44.4781 220.102 125.7506 54.3234 227.7352;
	25.9535 16.5326 13.7114 7.8179 8.4059 249.6647 31.2081 48.3418 218.7707 184.1008 67.7168 333.4077;
	25.964 16.5331 13.7863 8.7094 7.6414 257.3489 32.1686 52.0507 193.4212 184.887 81.7356 334.8314;
	25.7382 16.5546 13.708 10.0075 9.0211 378.858 47.3573 71.9103 234.591 335.5257 207.3918 607.639;
	20.5807 16.243 13.1735 9.0185 7.5836 388.5095 48.5637 72.1629 245.7155 333.459 190.2344 603.8962;
	12.0977 10.6397 6.4728 6.3716 5.3307 379.1892 47.3986 69.1398 254.9768 276.4531 129.0347 500.6581;
	5.1717 4.1908 1.276 2.6197 7.156 371.7501 46.4688 50.4957 243.5884 169.1745 84.4052 306.376;
	0.9566 0.7948 0.5245 1.5084 3.4199 85.3513 10.6689 12.3104 41.3182 63.2299 39.1725 114.5098;
	0.0 0.0 0.0 0.0 0.0 0.0 0.0 0.0 0.0 0.0 0.0 0.0;
	0.0 0.0 0.0 0.0 0.0 0.0 0.0 0.0 0.0 0.0 0.0 0.0;
	0.0 0.0 0.0 0.0 0.0 0.0 0.0 0.0 0.0 0.0 0.0 0.0;
	0.0 0.0 0.0 0.0 0.0 0.0 0.0 0.0 0.0 0.0 0.0 0.0;
	0.0 0.0 0.0 0.0 0.0 0.0 0.0 0.0 0.0 0.0 0.0 0.0;
	0.0 0.0 0.0 0.0 0.0 0.0 0.0 0.0 0.0 0.0 0.0 0.0;
	0.0 0.0 0.0 0.0 0.0 0.0 0.0 0.0 0.0 0.0 0.0 0.0;
];
