function solarprofile = ex_solar_profilesh1
%EX_WIND_PROFILE_D  Example wind_load_nyiso profile data for deterministic unit commitment.
% 2022.03.12
% Andres F. Ramirez


%% define constants
[GEN_BUS, PG, QG, QMAX, QMIN, VG, MBASE, GEN_STATUS, PMAX, PMIN, ...
    MU_PMAX, MU_PMIN, MU_QMAX, MU_QMIN, PC1, PC2, QC1MIN, QC1MAX, ...
    QC2MIN, QC2MAX, RAMP_AGC, RAMP_10, RAMP_30, RAMP_Q, APF] = idx_gen;
[CT_LABEL, CT_PROB, CT_TABLE, CT_TBUS, CT_TGEN, CT_TBRCH, CT_TAREABUS, ...
    CT_TAREAGEN, CT_TAREABRCH, CT_ROW, CT_COL, CT_CHGTYPE, CT_REP, ...
    CT_REL, CT_ADD, CT_NEWVAL, CT_TLOAD, CT_TAREALOAD, CT_LOAD_ALL_PQ, ...
    CT_LOAD_FIX_PQ, CT_LOAD_DIS_PQ, CT_LOAD_ALL_P, CT_LOAD_FIX_P, ...
    CT_LOAD_DIS_P, CT_TGENCOST, CT_TAREAGENCOST, CT_MODCOST_F, ...
    CT_MODCOST_X] = idx_ct;

solarprofile = struct( ...
    'type', 'mpcData', ...
    'table', CT_TGEN, ...
    'rows', [1:12], ...
    'col', PMAX, ...
    'chgtype', 1, ...
    'values', [] );
solarprofile.values(:,1,:) = [
	0.0 0.0 0.0 0.0 0.0 0.0 0.0 0.0 0.0 0.0 0.0 0.0;
	0.0 0.0 0.0 0.0 0.0 0.0 0.0 0.0 0.0 0.0 0.0 0.0;
	0.0 0.0 0.0 0.0 0.0 0.0 0.0 0.0 0.0 0.0 0.0 0.0;
	0.0 0.0 0.0 0.0 0.0 0.0 0.0 0.0 0.0 0.0 0.0 0.0;
	0.0 0.0 0.0 0.0 0.0 0.0 0.0 0.0 0.0 0.0 0.0 0.0;
	0.1575 0.1621 0.24 0.0 0.0 0.0 0.0 0.0792 0.0 0.0 0.0 0.0;
	9.8051 7.4566 6.781 0.9426 1.082 54.5049 6.8131 29.4677 13.0574 36.1097 29.0497 65.3949;
	21.9072 15.9942 13.622 2.7288 1.3268 210.7509 26.3439 33.8589 21.3371 146.0719 195.8103 264.5371;
	24.185 16.7068 13.984 3.7204 1.3408 242.2039 30.2755 34.8177 39.5683 224.2875 186.0454 406.1861;
	25.6923 16.4823 13.7624 1.0475 1.3703 223.7324 27.9666 32.4752 122.3898 221.0221 165.0257 400.2723;
	25.9535 16.5938 13.7859 1.2906 3.6675 298.2234 37.2779 47.2743 175.855 254.6697 205.1056 461.2084;
	25.9713 16.5912 13.7863 1.8308 6.2794 408.9822 51.1228 54.844 227.5402 277.0778 223.8864 501.7896;
	25.8664 16.5546 13.7939 7.5499 11.327 472.3628 59.0454 73.8271 285.6075 341.8483 252.4165 619.0893;
	23.0198 16.3881 13.7008 7.8816 9.6678 472.4149 59.0519 71.3798 278.1969 336.3715 221.561 609.1709;
	17.4748 14.0663 12.1381 4.8547 7.7904 451.1475 56.3934 64.1479 256.9643 250.1636 174.458 453.0478;
	9.8026 10.5787 6.7184 2.5987 10.2947 375.6481 46.956 41.3918 155.8618 79.2604 147.5866 143.541;
	1.3223 1.128 0.7727 1.5615 4.0686 73.3586 9.1698 10.7549 36.4625 65.9003 50.3109 119.3458;
	0.0 0.0 0.0 0.0 0.0 0.0 0.0 0.0 0.0 0.0 0.0 0.0;
	0.0 0.0 0.0 0.0 0.0 0.0 0.0 0.0 0.0 0.0 0.0 0.0;
	0.0 0.0 0.0 0.0 0.0 0.0 0.0 0.0 0.0 0.0 0.0 0.0;
	0.0 0.0 0.0 0.0 0.0 0.0 0.0 0.0 0.0 0.0 0.0 0.0;
	0.0 0.0 0.0 0.0 0.0 0.0 0.0 0.0 0.0 0.0 0.0 0.0;
	0.0 0.0 0.0 0.0 0.0 0.0 0.0 0.0 0.0 0.0 0.0 0.0;
	0.0 0.0 0.0 0.0 0.0 0.0 0.0 0.0 0.0 0.0 0.0 0.0;
];
