function loadprofile = ex_load_profilesh1
%EX_LOAD_PROFILE  Example load profile data file for stochastic unit commitment.
% 2022.03.12
% Andres F. Ramirez

%% define constants
[CT_LABEL, CT_PROB, CT_TABLE, CT_TBUS, CT_TGEN, CT_TBRCH, CT_TAREABUS, ...
    CT_TAREAGEN, CT_TAREABRCH, CT_ROW, CT_COL, CT_CHGTYPE, CT_REP, ...
    CT_REL, CT_ADD, CT_NEWVAL, CT_TLOAD, CT_TAREALOAD, CT_LOAD_ALL_PQ, ...
    CT_LOAD_FIX_PQ, CT_LOAD_DIS_PQ, CT_LOAD_ALL_P, CT_LOAD_FIX_P, ...
    CT_LOAD_DIS_P, CT_TGENCOST, CT_TAREAGENCOST, CT_MODCOST_F, ...
    CT_MODCOST_X] = idx_ct;

loadprofile = struct( ...
    'type', 'mpcData', ...
    'table', CT_TAREALOAD, ...
    'rows', [1:11], ...
    'col', CT_LOAD_ALL_P, ...
    'chgtype', 1, ...
    'values', [] );
loadprofile.values(:,1,:) = [
	1590.8172 955.8489 1625.8213 578.798 871.5101 1183.0953 906.3 290.1998 553.9544 4641.3359 1753.3618;
	1591.1102 963.1115 1624.9592 561.3 867.1897 1177.8529 904.3459 293.4774 548.226 4520.3876 1717.1105;
	1608.9683 981.6112 1647.3869 571.3 890.2351 1195.7 942.5708 301.4562 581.3797 4654.4928 1812.2567;
	1692.207 1051.2325 1751.3738 597.0319 961.9027 1275.0 987.08 317.7295 627.411 4825.0625 1920.8143;
	1832.6061 1171.2954 1973.4955 629.7 1102.3043 1430.5652 1085.0851 345.7151 694.629 5401.2151 2192.8424;
	1951.0162 1258.2804 2085.8641 644.7637 1151.0076 1476.4 1129.7601 373.2 737.6249 5890.5076 2301.3003;
	1999.0734 1274.8127 2103.2696 645.8091 1170.0214 1496.2092 1163.1 392.3403 753.8432 6264.8973 2333.656;
	2012.5291 1272.0469 2097.4598 641.7281 1151.2088 1483.0909 1172.3797 373.9614 734.3982 6465.6055 2292.7116;
	2003.6044 1329.3923 2157.3364 643.5949 1162.9501 1551.7117 1190.2578 364.6886 753.268 6549.7919 2361.5291;
	2021.4483 1351.9783 2206.1259 634.9 1143.6884 1565.0482 1209.0197 364.1 784.706 6679.8162 2423.0689;
	2031.4772 1280.9381 2152.8029 637.4036 1117.7661 1536.0821 1223.4715 358.1051 790.0365 6578.239 2390.9297;
	1985.1859 1288.1905 2125.5003 603.9529 1094.8082 1496.5914 1208.5202 339.769 758.018 6515.3647 2322.1033;
	1997.2944 1274.3484 2089.1079 594.1231 1075.6396 1488.9788 1199.9474 358.6634 777.58 6541.9507 2514.8505;
	1970.6114 1257.0558 2036.7 588.3173 1074.5387 1449.8206 1218.1951 355.2677 800.3977 6554.5093 2458.8224;
	1943.1365 1243.0236 2003.3021 601.478 1082.1964 1486.9276 1228.4322 365.0344 823.1486 6750.2634 2457.6063;
	1979.5996 1280.7847 2064.1968 619.0 1130.2785 1537.8 1303.8037 387.9 857.7844 6904.6319 2624.9455;
	1915.3337 1249.3246 2089.6528 629.1 1157.7307 1541.5 1242.9921 406.7902 783.2695 6768.7383 2730.014;
	1942.7957 1283.197 2169.4989 632.9996 1185.8447 1589.6303 1277.026 419.7968 840.1955 6727.2256 2829.4369;
	1980.4296 1297.8668 2151.2426 638.0019 1165.5776 1560.9662 1242.8349 416.1684 826.4589 6491.5496 2703.0741;
	1894.0709 1219.4495 2087.1636 615.836 1109.8748 1510.9216 1227.4162 398.3289 793.6824 6172.1 2562.4072;
	1815.0551 1117.2323 1965.4457 588.4952 1045.782 1378.67 1145.7211 383.8786 723.4583 5765.9171 2286.1611;
	1708.1645 1043.3 1821.6016 588.5835 950.3 1305.1014 1037.322 332.7094 648.476 5264.038 2050.9095;
	1587.086 970.1505 1713.8327 572.4498 894.2379 1226.5377 970.0771 310.3523 629.9349 5001.1735 1891.6483;
	1571.3723 960.9556 1677.6029 588.7025 859.9644 1182.3577 940.1 282.7 595.5 4768.6124 1848.0881;
];
