function windprofile = ex_wind_profilesh1
%EX_WIND_PROFILE_D  Example wind_load_nyiso profile data for deterministic unit commitment.
% 2022.03.12
% Andres F. Ramirez


%% define constants
[GEN_BUS, PG, QG, QMAX, QMIN, VG, MBASE, GEN_STATUS, PMAX, PMIN, ...
    MU_PMAX, MU_PMIN, MU_QMAX, MU_QMIN, PC1, PC2, QC1MIN, QC1MAX, ...
    QC2MIN, QC2MAX, RAMP_AGC, RAMP_10, RAMP_30, RAMP_Q, APF] = idx_gen;
[CT_LABEL, CT_PROB, CT_TABLE, CT_TBUS, CT_TGEN, CT_TBRCH, CT_TAREABUS, ...
    CT_TAREAGEN, CT_TAREABRCH, CT_ROW, CT_COL, CT_CHGTYPE, CT_REP, ...
    CT_REL, CT_ADD, CT_NEWVAL, CT_TLOAD, CT_TAREALOAD, CT_LOAD_ALL_PQ, ...
    CT_LOAD_FIX_PQ, CT_LOAD_DIS_PQ, CT_LOAD_ALL_P, CT_LOAD_FIX_P, ...
    CT_LOAD_DIS_P, CT_TGENCOST, CT_TAREAGENCOST, CT_MODCOST_F, ...
    CT_MODCOST_X] = idx_ct;

windprofile = struct( ...
    'type', 'mpcData', ...
    'table', CT_TGEN, ...
    'rows', [1:45], ...
    'col', PMAX, ...
    'chgtype', 1, ...
    'values', [] );
windprofile.values(:,1,:) = [
	3.6609 49.4664 88.5161 108.9237 14.1393 32.7836 29.1916 11.0166 26.3226 27.4851 50.8058 75.7923 114.1048 65.1338 186.0141 70.0797 86.9508 92.1419 90.2302 68.8547 9.7305 76.4951 66.1885 81.7959 89.9458 57.9186 7.8478 1255.0364 809.7561 809.7561 780.7883 115.1617 300.7674 177.2321 204.2032 345.496 1196.8919 307.8744 452.7662 240.9263 106.1163 363.6795 205.15 233.3027 1209.3595;
	3.6405 49.1908 87.9605 109.9234 14.4654 32.5514 28.999 10.9276 26.9336 24.6305 45.529 67.9204 102.2537 67.2956 190.6909 71.8417 89.1369 94.4585 88.7135 68.718 9.6663 75.9533 63.2036 80.3082 95.1144 59.2791 7.3926 1216.3973 796.5925 796.5925 784.1096 116.8072 295.7116 176.8802 210.9807 339.8795 1204.847 292.6637 452.1191 254.7707 93.006 361.1036 206.4062 236.1436 1217.3975;
	3.6552 49.3903 88.8998 99.8618 14.6995 33.0983 26.8245 10.8576 27.5773 25.4399 47.0253 70.1525 105.6142 66.0203 190.6132 71.8124 89.1006 94.42 88.2885 68.5884 8.9415 77.2293 62.1268 84.6371 84.9062 63.1657 8.8512 1214.9057 809.6756 809.6756 769.7324 109.6121 294.2949 176.5468 206.9827 345.4616 1190.2553 275.5289 470.7818 227.4273 97.2577 367.1701 189.5946 246.3753 1202.6538;
	3.4892 47.1463 86.0452 99.755 14.2739 32.5472 23.465 10.7857 27.1007 25.8595 47.8008 71.3095 107.356 64.368 186.3209 70.1953 87.0942 92.2938 87.7332 67.6222 7.8217 75.9435 62.9322 82.5621 76.3031 52.2444 7.8017 1183.1976 828.4766 828.4766 763.1985 110.5692 292.444 174.0596 201.8024 353.4834 1206.1813 267.7933 458.8338 204.3834 95.0338 361.057 191.1996 229.3733 1218.7457;
	3.4044 46.0007 84.0862 85.0204 14.247 31.6954 19.2801 8.8269 23.8522 25.7834 47.6602 71.0996 107.04 64.2095 174.514 65.7471 81.5751 86.4453 87.0948 67.2717 6.4267 73.956 60.4258 84.2758 67.6943 48.3627 7.5053 1144.543 758.0685 758.0685 680.5947 101.8865 290.3159 173.1576 201.3053 323.4425 1119.4876 239.1709 410.46 181.3241 94.4187 351.6079 193.4722 211.2687 1131.149;
	3.6526 49.3542 85.0005 79.7796 14.5751 32.3395 18.2357 7.2796 25.8181 28.1005 51.9434 77.4893 116.6597 64.9259 187.5842 70.6713 87.6847 92.9196 88.6854 68.6641 6.0786 75.4589 70.5357 85.8479 56.8124 38.9448 5.6585 1158.5241 731.1654 731.1654 679.4105 98.2697 295.6179 176.7415 203.5516 311.9639 1150.835 232.2285 391.6526 152.1761 95.0262 358.7532 198.108 188.6508 1162.8229;
	3.4114 46.0951 74.5398 64.0162 14.9938 30.1663 16.7009 5.5707 20.1952 27.2043 50.2868 75.018 112.9391 66.0158 183.2288 69.0304 85.6488 90.7622 88.3353 68.9978 5.567 70.388 69.8794 80.2997 45.6893 27.2692 4.528 1206.8741 720.4192 720.4192 560.1927 65.2956 294.451 177.6004 206.9686 307.3789 1146.5738 211.9139 317.1138 122.382 79.7191 334.6448 162.788 126.9556 1158.5173;
	3.6911 49.8748 73.3582 68.5327 15.3031 30.9929 16.6482 5.2157 19.3731 22.8833 42.2995 63.1026 95.0006 65.4621 181.4401 68.3565 84.8127 89.8761 88.2887 68.9055 5.5494 72.3169 55.2315 81.1612 51.8358 21.6411 3.4839 1156.7456 704.7598 704.7598 601.7001 65.7236 294.2957 177.363 205.2324 300.6975 1086.7588 207.1388 270.9485 138.8458 80.4998 343.8151 155.1918 150.7813 1098.0792;
	3.0622 41.3777 61.5671 62.5142 15.1602 25.3194 14.4459 3.9062 21.2787 20.5568 37.999 56.687 85.342 64.88 162.4731 61.2108 75.9467 80.4809 84.799 63.8149 4.8153 59.0786 44.1249 82.5829 52.8411 17.0397 2.6124 1128.6874 761.5486 761.5486 643.2546 85.3407 282.6635 164.2598 203.4074 324.9274 1054.8624 226.9206 244.5828 141.5387 49.7228 280.8767 135.6718 171.8904 1065.8506;
	2.6834 36.2591 49.0517 59.3577 14.896 19.8703 17.8912 2.0323 21.0961 17.5099 32.3669 48.285 72.6928 63.861 152.0251 57.2746 71.0629 75.3055 89.1289 66.2143 5.9637 46.364 38.8011 64.8084 28.0047 8.7428 1.0153 1097.7044 779.6044 779.6044 713.4596 101.5147 297.0965 170.4359 200.2128 332.6312 1101.2658 236.2188 360.9835 75.0125 28.1721 220.4276 130.2709 130.9799 1112.7373;
	2.2258 30.0751 34.4443 41.6672 14.3299 14.4233 17.8925 0.8017 19.4745 15.4009 28.4684 42.4692 63.9371 63.5138 159.2929 60.0127 74.4602 78.9056 88.9553 67.6791 5.9642 33.6543 29.7828 52.1893 17.5332 6.1459 0.6053 1052.8777 789.8722 789.8722 736.076 88.3714 296.5177 174.2061 199.1243 337.0121 1057.7624 233.1877 390.6591 46.9639 31.2189 160.002 90.3261 93.8655 1068.7808;
	1.4928 20.1711 26.6989 24.6148 10.3414 10.2683 19.2319 0.8888 17.7563 15.5492 28.7425 42.8781 64.5527 63.2694 171.6656 64.674 80.2437 85.0344 88.6913 67.3103 6.4106 23.9594 39.8512 38.5133 16.897 6.8745 0.7184 940.021 717.7747 717.7747 664.6918 88.3081 295.6377 173.2568 198.358 306.2505 991.917 201.5481 397.9192 45.2597 20.9331 113.9096 64.2697 73.6434 1002.2494;
	1.0982 14.8396 25.7015 24.8977 9.1824 8.6698 19.7659 1.8253 16.0034 12.9304 23.9016 35.6566 53.6807 62.3227 176.2409 66.3977 82.3824 87.3007 89.3616 68.6795 6.5886 20.2295 35.9253 34.6373 18.9356 10.4743 2.2848 1015.2147 778.4581 778.4581 688.5136 86.2453 297.8721 176.7813 195.39 332.1421 1044.7959 214.0559 434.4745 50.7204 26.9708 96.1767 55.9194 55.6735 1055.6792;
	0.7725 10.4376 21.7555 30.2422 7.7848 8.5295 13.865 2.2572 13.4268 16.1859 29.9194 44.6339 67.1961 58.7973 179.8464 67.7561 84.0677 89.0867 86.535 67.3738 4.6217 19.9022 41.1668 35.8222 20.4662 11.1412 3.489 923.4439 702.5666 702.5666 688.3799 73.8134 288.4501 173.4202 184.3376 299.7617 860.0345 206.5954 401.2128 54.8202 26.8041 94.6205 37.371 52.435 868.9932;
	0.8567 11.5763 22.5628 0.132 5.6987 8.4643 12.1256 1.9385 12.8459 15.5414 28.7281 42.8567 64.5205 61.9709 169.3585 63.8048 79.1653 83.8916 79.6076 68.9192 4.0419 19.7499 51.1108 45.4275 21.3584 6.8353 3.2934 857.3355 682.3483 682.3483 644.7366 72.9787 265.3587 177.3982 194.2872 291.1353 800.677 200.9879 328.876 57.2101 31.378 93.8968 34.7302 43.6088 809.0174;
	0.9454 12.775 16.9504 22.9007 6.8721 1.6486 6.431 1.1088 9.8256 13.7113 25.345 37.8098 56.9225 62.2903 176.1859 66.377 82.3567 87.2735 78.0665 71.6264 2.1437 3.8468 50.2492 29.1775 17.36 2.5876 2.1844 919.5273 581.9359 581.9359 589.4148 79.4072 260.2217 184.3666 195.2886 248.2927 673.6386 207.4624 225.8167 46.5 28.5194 18.2889 34.5476 15.0662 680.6556;
	0.6419 8.673 10.6348 0.947 6.8767 8.4749 5.3525 1.075 12.5527 15.9402 29.4651 43.9562 66.1758 59.5693 173.7585 65.4625 81.222 86.0711 81.1216 68.4367 1.7842 19.7747 53.857 27.8423 13.2308 6.0127 1.5629 802.8436 565.7479 565.7479 595.7804 81.5995 270.4053 176.1561 186.7579 241.3858 758.1838 199.7801 238.6794 35.4398 31.3369 94.0146 102.1436 22.6265 766.0815;
	1.1704 15.815 19.8657 4.2839 3.028 5.922 9.4915 1.9105 18.3683 20.7813 38.4139 57.306 86.2739 63.0043 133.2702 50.2088 62.2961 66.0152 84.8054 56.9962 3.1638 13.818 68.9107 33.8157 16.2968 4.1566 1.7134 711.7895 559.6575 559.6575 618.5923 89.3471 282.6848 146.7083 197.527 238.7872 726.5317 209.4207 356.0017 43.6522 68.4806 65.6949 44.0121 56.2941 734.0997;
