function windprofile = ex_wind_profilesh1
%EX_WIND_PROFILE_D  Example wind_load_nyiso profile data for deterministic unit commitment.
% 2022.03.12
% Andres F. Ramirez


%% define constants
[GEN_BUS, PG, QG, QMAX, QMIN, VG, MBASE, GEN_STATUS, PMAX, PMIN, ...
    MU_PMAX, MU_PMIN, MU_QMAX, MU_QMIN, PC1, PC2, QC1MIN, QC1MAX, ...
    QC2MIN, QC2MAX, RAMP_AGC, RAMP_10, RAMP_30, RAMP_Q, APF] = idx_gen;
[CT_LABEL, CT_PROB, CT_TABLE, CT_TBUS, CT_TGEN, CT_TBRCH, CT_TAREABUS, ...
    CT_TAREAGEN, CT_TAREABRCH, CT_ROW, CT_COL, CT_CHGTYPE, CT_REP, ...
    CT_REL, CT_ADD, CT_NEWVAL, CT_TLOAD, CT_TAREALOAD, CT_LOAD_ALL_PQ, ...
    CT_LOAD_FIX_PQ, CT_LOAD_DIS_PQ, CT_LOAD_ALL_P, CT_LOAD_FIX_P, ...
    CT_LOAD_DIS_P, CT_TGENCOST, CT_TAREAGENCOST, CT_MODCOST_F, ...
    CT_MODCOST_X] = idx_ct;

windprofile = struct( ...
    'type', 'mpcData', ...
    'table', CT_TGEN, ...
    'rows', [1:45], ...
    'col', PMAX, ...
    'chgtype', 1, ...
    'values', [] );
windprofile.values(:,1,:) = [
	3.5557 48.0452 87.1753 95.2055 14.1977 29.0262 26.879 9.242 27.3667 27.7006 51.2042 76.3866 114.9996 66.6011 189.6396 71.4456 88.6455 93.9377 90.8149 69.162 8.9597 67.7278 72.182 83.5108 93.5607 55.8987 6.1984 1169.9408 726.5257 726.5257 729.0579 103.241 302.7165 178.0232 208.8034 309.9843 1117.6944 279.3721 437.7083 250.6089 116.8803 321.9973 178.6247 222.2026 1129.337;
	3.5989 48.6293 85.7462 98.7368 14.0269 29.9774 27.4314 6.0237 26.8797 19.7821 36.5669 54.5506 82.1256 64.9795 188.5498 71.035 88.1361 93.3979 89.7302 68.6137 9.1438 69.9473 66.5479 78.0001 86.7831 57.2258 5.3348 1148.1994 743.8376 743.8376 742.8987 110.2228 299.1007 176.6119 203.7196 317.3707 1200.2369 263.1604 433.4179 232.4547 114.9615 332.5493 191.1128 222.9284 1212.7394;
	3.5886 48.4901 85.5188 86.8335 14.0115 28.6272 24.8479 7.1885 27.1901 24.1975 44.7288 66.7266 100.4565 63.9606 179.2902 67.5466 83.8078 88.8112 84.4242 68.188 8.2826 66.7967 68.2027 77.4769 79.3381 53.2046 6.5213 1162.6447 751.4059 751.4059 703.2348 104.7694 281.4139 175.516 200.5253 320.5998 1139.1554 241.1088 432.6447 212.5128 110.967 317.5708 171.1135 235.1645 1151.0216;
	3.5707 48.2473 85.2214 90.5322 14.0024 30.5433 22.7043 7.3778 27.295 25.172 46.53 69.4136 104.5018 60.7079 174.9981 65.9295 81.8014 86.6851 86.179 69.8749 7.5681 71.2678 66.9913 74.3131 70.7525 41.0471 5.8397 1121.0789 774.1401 774.1401 707.0404 113.771 287.2632 179.8582 190.3274 330.2998 1154.0821 258.0584 424.4881 189.5156 99.274 338.8275 181.9798 214.3835 1166.1038;
	3.5179 47.5342 79.181 72.0108 14.1725 29.6584 18.8789 0.9787 24.4012 25.881 47.8407 71.3688 107.4454 63.7778 156.8631 59.0973 73.3244 77.7019 84.1986 68.2497 6.293 69.2029 72.8149 71.9211 57.9169 37.1704 5.8046 1195.3561 773.8624 773.8624 708.1823 103.7942 280.6619 175.675 199.9519 330.1813 1146.077 242.9507 364.4312 155.1344 97.4318 329.0105 188.8507 181.6374 1158.0153;
	3.5894 48.5008 80.1699 74.2605 14.5259 30.6881 17.1425 4.0942 25.9721 27.9308 51.6296 77.0212 115.955 64.6543 166.6125 62.7703 77.8817 82.5313 87.4746 66.7334 5.7142 71.6056 73.8012 79.4514 51.2733 28.0361 4.5972 1157.168 738.794 738.794 651.5023 88.9728 291.582 171.7718 202.7001 315.2188 1133.4969 221.5426 318.9656 137.3392 78.7417 340.4337 188.5557 160.614 1145.3042;
	3.3473 45.2292 69.3882 58.267 14.8116 28.9494 14.9819 4.7655 19.0773 25.1312 46.4546 69.3011 104.3324 65.6321 164.8402 62.1026 77.0532 81.6534 88.1546 66.7243 4.994 67.5485 69.6551 77.9229 45.8659 16.6011 4.2752 1219.8275 718.0952 718.0952 565.1874 61.2428 293.8486 171.7486 205.7655 306.3873 1123.8048 208.2108 223.402 122.8551 78.6313 321.1449 162.4469 109.9408 1135.5111;
	3.4426 46.5169 65.1984 53.6574 14.6459 26.8539 15.5209 4.5265 16.5549 22.201 41.0382 61.221 92.1679 65.1068 158.3021 59.6394 73.997 78.4148 84.7641 57.1609 5.1736 62.659 56.7298 80.1508 52.6365 15.8857 3.2726 1198.6745 678.7052 678.7052 618.1558 61.313 282.5469 147.1323 204.1187 289.5809 1075.0033 197.7192 202.8774 140.9907 82.3136 297.8987 146.478 129.7854 1086.2013;
	2.9492 39.8503 56.9922 56.4029 14.8863 23.9363 15.4814 3.4675 22.419 22.247 41.1232 61.3477 92.3586 66.9034 156.2867 58.8801 73.055 77.4164 83.9887 51.4409 5.1605 55.8513 53.2475 80.4381 52.971 10.6379 2.3663 1225.0759 766.436 766.436 752.5013 85.5954 279.9623 132.4091 209.7511 327.0127 1074.8477 234.0555 219.2922 141.8865 61.3018 265.5332 141.8351 140.4851 1086.044;
	2.6627 35.9792 46.283 56.906 15.0661 19.4574 18.6274 1.8721 22.4583 19.2451 35.5743 53.0699 79.8964 64.2745 156.4952 58.9586 73.1524 77.5197 85.3212 50.676 6.2091 45.4005 45.4485 67.7537 34.3798 3.4875 1.1604 1131.6973 769.0459 769.0459 746.6114 101.4802 284.4039 130.4401 201.5093 328.1262 1076.7261 213.8905 310.8017 92.0888 47.9344 215.8469 131.5904 111.2491 1087.942;
	2.1749 29.3874 33.3855 39.6567 14.065 14.6086 19.399 0.7337 20.7942 14.8367 27.4254 40.9133 61.5948 64.7954 151.0682 56.9141 70.6156 74.8315 88.2316 55.9229 6.4663 34.0866 37.4642 47.4679 19.3261 0.3595 0.7655 1152.0306 788.085 788.085 756.1827 99.5355 294.1052 143.9457 203.1425 336.2496 1086.2705 223.6839 378.8582 51.7663 38.2505 162.0576 95.0816 83.43 1097.5858;
	1.5453 20.8807 27.6745 24.1004 10.0689 10.8996 21.5931 0.8229 20.7326 15.9435 29.4712 43.9653 66.1895 66.9153 151.1063 56.9284 70.6334 74.8503 84.6965 52.1956 7.1977 25.4324 40.8926 31.3853 19.4823 3.0762 0.6911 1001.5819 719.9251 719.9251 686.4556 100.502 282.3216 134.3515 209.7885 307.168 1011.511 197.7278 400.1452 52.1846 26.4964 120.913 71.4874 75.3866 1022.0476;
	1.0338 13.9692 26.16 22.5873 8.7507 7.4189 21.3346 1.5071 16.7524 12.425 22.9673 34.2628 51.5824 67.1601 167.8225 63.2262 78.4473 83.1307 88.838 52.5939 7.1115 17.3108 35.8188 19.7364 20.795 8.401 1.7553 986.688 734.8133 734.8133 672.7615 97.356 296.1266 135.3768 210.5561 313.5203 1029.3385 219.7514 434.1285 55.701 26.0812 82.3004 55.9231 53.1789 1040.0608;
	0.8623 11.6514 21.9783 27.2934 7.7739 7.8652 14.9252 1.8346 13.864 16.5882 30.663 45.7432 68.8661 64.2972 169.6785 63.9254 79.3148 84.0501 84.1258 59.0768 4.9751 18.3521 52.0406 3.9479 23.6434 10.0827 3.3321 915.449 715.9717 715.9717 648.8821 94.0904 280.4192 152.0639 201.5804 305.4813 897.8723 207.6928 427.4247 63.3305 27.4295 87.2512 44.6284 53.0981 907.2251;
	0.8599 11.6188 17.1659 0.0 6.101 7.5893 12.2826 1.5427 13.5601 16.1013 29.7631 44.4006 66.8449 65.0383 161.5485 60.8625 75.5146 80.0229 81.5122 60.7673 4.0942 17.7083 55.7841 24.379 22.3539 5.9593 3.3631 814.9493 676.9953 676.9953 621.0048 79.5247 271.7072 156.4152 203.9039 288.8513 823.3007 198.7671 353.9109 59.8765 26.9567 84.1905 39.8285 48.5973 831.8767;
	0.9406 12.7094 14.3376 24.9252 7.3518 1.9302 6.4228 0.8986 9.7474 6.8698 12.6987 18.9439 28.52 63.4597 142.8873 53.832 66.7915 70.7791 82.9468 52.6268 2.1409 4.5037 50.1947 4.7155 21.8232 2.9322 1.9846 807.7709 559.5008 559.5008 511.1999 75.189 276.4894 135.4616 198.9548 238.7203 650.492 187.1699 237.6313 58.455 29.0616 21.4119 31.3672 18.7372 657.2679;
	0.533 7.2014 0.2448 0.0081 6.8448 0.0521 4.3242 0.1997 11.4598 8.4244 15.5724 23.231 34.9741 62.4321 148.5936 55.9818 69.4589 73.6057 84.5078 45.0813 1.4414 0.1216 46.8608 36.2334 14.6221 20.6616 1.4794 766.4991 535.3467 535.3467 522.5303 82.4926 281.6926 116.0393 195.7331 228.4146 743.3153 195.8545 225.4088 39.1663 34.6522 0.5782 22.9911 6.4212 751.0582;
	1.0014 13.5313 0.0 0.0 2.6142 0.0 3.9283 0.0703 5.0076 12.2785 22.6966 33.8589 50.9744 63.8752 117.3458 44.2094 54.8523 58.1271 82.9534 45.4211 1.3094 0.0 56.53 28.7455 12.92 3.6745 1.5132 766.4278 539.9095 539.9095 562.4297 92.9672 276.5113 116.9141 200.2575 230.3614 732.4627 200.3561 310.6866 34.6071 64.8987 0.0 0.8645 0.4023 740.0926;
	0.4674 6.3157 20.1702 36.0293 0.8422 0.0026 6.1789 1.5548 11.2722 20.4932 37.8815 56.5117 85.078 61.3928 115.4145 43.4817 53.9496 57.1704 9.0671 55.5603 2.0596 0.0061 66.6008 42.1336 20.2392 7.1322 1.7475 813.9 519.3906 519.3906 585.5548 87.1769 30.2236 143.0122 192.4746 221.6066 698.307 191.2976 334.0814 54.212 74.6116 0.0291 5.6009 0.0034 705.581;
