function windprofile = ex_wind_profilesh1
%EX_WIND_PROFILE_D  Example wind_load_nyiso profile data for deterministic unit commitment.
% 2022.03.12
% Andres F. Ramirez


%% define constants
[GEN_BUS, PG, QG, QMAX, QMIN, VG, MBASE, GEN_STATUS, PMAX, PMIN, ...
    MU_PMAX, MU_PMIN, MU_QMAX, MU_QMIN, PC1, PC2, QC1MIN, QC1MAX, ...
    QC2MIN, QC2MAX, RAMP_AGC, RAMP_10, RAMP_30, RAMP_Q, APF] = idx_gen;
[CT_LABEL, CT_PROB, CT_TABLE, CT_TBUS, CT_TGEN, CT_TBRCH, CT_TAREABUS, ...
    CT_TAREAGEN, CT_TAREABRCH, CT_ROW, CT_COL, CT_CHGTYPE, CT_REP, ...
    CT_REL, CT_ADD, CT_NEWVAL, CT_TLOAD, CT_TAREALOAD, CT_LOAD_ALL_PQ, ...
    CT_LOAD_FIX_PQ, CT_LOAD_DIS_PQ, CT_LOAD_ALL_P, CT_LOAD_FIX_P, ...
    CT_LOAD_DIS_P, CT_TGENCOST, CT_TAREAGENCOST, CT_MODCOST_F, ...
    CT_MODCOST_X] = idx_ct;

windprofile = struct( ...
    'type', 'mpcData', ...
    'table', CT_TGEN, ...
    'rows', [1:45], ...
    'col', PMAX, ...
    'chgtype', 1, ...
    'values', [] );
windprofile.values(:,1,:) = [
	3.6816 49.7466 84.0255 103.0074 14.572 32.0709 28.2246 6.0508 26.1674 27.4081 50.6635 75.58 113.7853 56.8735 161.3329 60.7812 75.4138 79.9161 83.9056 64.4339 9.4082 74.8322 59.1617 81.9629 80.6492 51.715 5.4347 1138.3144 770.7487 770.7487 750.3558 112.3587 279.6854 165.8531 178.3061 328.8528 1150.9693 290.7595 444.0894 216.0248 113.0648 355.7737 194.5376 203.6354 1162.9585;
	3.6904 49.8652 75.2113 97.6677 14.6718 30.9594 26.2677 5.1178 26.0018 25.836 47.7575 71.2448 107.2587 61.7903 183.6634 69.1941 85.852 90.9774 85.4261 67.2463 8.7559 72.2385 66.56 81.5996 80.8798 53.9902 5.3586 1112.6641 765.7247 765.7247 785.4356 115.4914 284.7538 173.0922 193.7209 326.7092 1201.9391 279.6516 438.9984 216.6422 110.8021 343.4427 189.106 197.3273 1214.4593;
	3.8281 51.7254 82.8601 91.8395 15.0527 32.3865 26.6887 8.4417 27.2021 27.9564 51.677 77.0919 116.0615 63.331 182.4954 68.7541 85.306 90.3989 92.0218 67.5995 8.8962 75.5684 68.8182 83.5743 82.5101 56.846 7.3931 1240.8232 792.2729 792.2729 802.3013 119.4925 306.7393 174.0012 198.5512 338.0364 1236.9391 276.7809 457.4642 221.0092 115.2511 359.2739 179.3571 237.5427 1249.8239;
	3.75 50.6705 82.6183 95.5206 15.2777 32.8841 23.3608 9.0597 27.5057 29.6679 54.8406 81.8114 123.1667 63.074 185.3008 69.811 86.6174 91.7885 90.0521 70.4233 7.7869 76.7295 72.2361 83.0197 80.5194 49.1709 6.9947 1213.2006 807.1298 807.1298 760.8744 113.0008 300.1736 181.2697 197.7455 344.3754 1221.7347 268.5504 444.033 215.677 111.1883 364.794 189.3216 235.3455 1234.4611;
	3.6018 48.6679 71.4633 72.295 14.2084 29.8946 20.1292 2.1618 24.2761 28.7253 53.0983 79.2122 119.2535 64.374 196.8657 74.168 92.0233 97.5172 91.6237 72.594 6.7097 69.754 72.6557 76.9005 58.109 27.5366 4.8268 1202.8933 791.6673 791.6673 744.1002 105.8364 305.4123 186.857 201.8213 337.7781 1179.7811 253.7454 392.1819 155.649 105.3142 331.6303 184.7711 169.4842 1192.0705;
	3.6322 49.0784 53.953 64.8232 12.7908 27.8223 17.7608 0.3313 24.7019 27.3265 50.5126 75.3549 113.4463 59.8329 186.3268 70.1975 87.0969 92.2968 90.9163 70.8344 5.9203 64.9187 69.9438 58.5516 21.541 5.6167 0.4781 1211.2595 715.7458 715.7458 701.849 96.015 303.0544 182.328 187.5843 305.3849 1164.0326 227.7512 341.1413 57.6992 100.6118 308.6419 180.7617 148.4152 1176.1579;
	3.5094 47.4193 63.1517 60.1519 14.0208 28.7109 15.4818 2.5289 18.7996 28.0632 51.8745 77.3865 116.505 64.3931 188.5521 71.0359 88.1372 93.3991 92.6406 71.8688 5.1606 66.9921 72.5862 56.5763 34.2091 0.0 0.047 1235.1668 676.3687 676.3687 577.8313 69.6027 308.802 184.9904 201.8811 288.584 1116.5049 202.3322 275.4792 91.6316 79.2509 318.4995 160.4666 116.4417 1128.1352;
	3.564 48.158 57.64 57.2208 13.9763 27.4873 16.4198 1.7586 16.1484 23.5702 43.5691 64.9965 97.8519 66.1423 176.7001 66.5707 82.597 87.5282 91.3972 67.1714 5.4733 64.1371 58.0376 63.3086 24.1723 0.0 0.0 1199.6252 688.803 688.803 643.2617 66.9272 304.6575 172.8994 207.3652 293.8893 1076.3749 199.504 272.0536 64.7472 71.9155 304.9259 149.2717 114.7599 1087.5872;
	3.0479 41.1834 51.8013 59.1358 13.9751 23.5478 15.806 1.7255 20.2881 23.0685 42.6417 63.6131 95.7691 65.5785 166.4431 62.7065 77.8025 82.4474 86.0257 67.6278 5.2687 54.9449 55.7696 70.2339 48.9825 4.4431 1.946 1223.3865 773.6746 773.6746 761.8917 91.0306 286.7523 174.0742 205.5975 330.1011 1085.3256 223.0542 256.7541 131.203 53.0813 261.2238 138.5469 139.5842 1096.6311;
	2.6679 36.0489 37.3475 52.6108 13.948 18.1431 18.8826 0.7764 20.6808 18.9521 35.0327 52.2619 78.6799 63.7722 166.3403 62.6677 77.7544 82.3965 84.6393 68.4585 6.2942 42.3339 46.0296 63.4336 30.453 6.1827 0.6789 1157.6716 797.6828 797.6828 778.1271 100.0055 282.1309 176.2124 199.9346 340.3447 1137.4321 214.9901 370.722 81.5704 40.774 201.2676 121.9525 117.4087 1149.2804;
	1.9918 26.9129 0.0675 35.0967 11.8778 13.2455 18.3404 0.2556 19.6439 15.9646 29.5103 44.0236 66.2773 60.2216 163.1103 61.4508 76.2446 80.7965 85.3062 70.0213 6.1135 30.9062 36.1769 42.7545 18.1706 4.6262 0.579 1187.2271 789.9745 789.9745 766.1279 101.1837 284.3541 180.2349 188.8028 337.0558 1072.2117 223.3732 394.8747 48.6713 31.3076 146.937 80.5347 77.2648 1083.3805;
	1.5651 21.1475 23.6271 25.1955 8.7766 11.4625 21.074 1.1446 17.7038 15.5497 28.7433 42.8794 64.5547 62.8061 171.3097 64.5399 80.0773 84.858 86.5386 68.2778 7.0247 26.7458 36.2495 30.6982 19.0399 6.8787 1.2706 1091.6802 747.9252 747.9252 736.9261 98.9562 288.4621 175.7473 196.9057 319.1147 1031.7991 212.2203 419.8909 50.9998 30.9712 127.1573 68.7365 65.4873 1042.547;
	1.1436 15.4523 24.7025 25.1164 8.3863 8.8601 19.5743 1.9682 15.3072 13.2428 24.4791 36.518 54.9776 63.2141 182.2751 68.6711 85.203 90.2898 89.2969 68.4988 6.5248 20.6735 31.8809 34.9734 23.2255 10.435 2.51 1117.4447 760.9223 760.9223 747.4606 94.0635 297.6562 176.3161 198.1846 324.6602 1085.9253 223.3009 441.539 62.2112 32.8026 98.2876 53.0382 54.1556 1097.237;
	0.8826 11.9257 22.7434 29.9812 6.1227 8.6471 13.2229 2.8355 11.9479 16.7178 30.9027 46.1007 69.4043 59.8148 187.0646 70.4755 87.4418 92.6623 86.5669 68.8788 4.4076 20.1765 40.2081 38.9905 27.8588 12.5367 3.9438 966.8925 695.319 695.319 734.3214 95.5913 288.5562 177.2941 187.5276 296.6695 853.5891 212.5887 416.4973 74.6218 32.9684 95.925 38.4177 58.5607 862.4806;
	0.8999 12.1598 21.8736 3.9722 5.7876 8.3998 11.474 2.3802 11.7419 13.864 25.6275 38.2311 57.5568 59.0663 149.4891 56.3192 69.8775 74.0493 74.2007 66.46 3.8247 19.5996 36.3157 48.2944 27.6221 7.583 3.8855 835.4568 646.253 646.253 664.6652 77.0803 247.3358 171.0682 185.1807 275.7346 787.6137 195.9015 349.0136 73.9878 30.8858 93.1821 36.3352 55.8442 795.818;
	0.9308 12.5774 17.7001 28.2513 6.6776 1.2945 5.338 1.5629 5.2044 14.2453 26.3323 39.2826 59.1397 57.4078 154.3354 58.145 72.1428 76.4498 77.5754 68.7539 1.7793 3.0205 51.0221 45.968 24.9869 5.5036 2.464 772.3863 524.9494 524.9494 573.1958 67.1917 258.5847 176.9727 179.9812 223.9784 590.3922 176.6278 222.7917 66.9292 29.2747 14.3603 2.5199 28.1031 596.5421;
	0.5112 6.9079 0.2198 0.8305 5.8499 1.3073 2.8423 0.2892 0.3773 17.2609 31.9066 47.5984 71.6591 44.3973 158.0924 59.5604 73.899 78.3109 80.1465 66.0153 0.9474 3.0505 47.8936 38.8737 15.4557 8.4298 1.6698 732.4017 498.8522 498.8522 571.2885 75.5134 267.1552 169.9235 139.1914 212.8436 695.4531 177.9544 220.9257 41.3991 35.276 14.5028 3.9008 0.4219 702.6974;
	1.1 14.8627 12.1932 68.6066 2.5945 11.7729 1.305 2.0568 0.0 21.3584 39.4806 58.8973 88.6696 60.4296 135.7632 51.148 63.4614 67.2502 85.4988 54.9547 0.435 27.4702 68.2532 37.4964 16.5431 4.431 1.8863 777.8747 542.6402 542.6402 644.9517 94.0178 284.9959 141.4536 189.4549 231.5265 767.323 206.911 326.1288 44.3119 77.5386 130.6011 17.5349 8.3861 775.316;
	0.6062 8.191 25.8754 45.7292 4.1275 11.1017 0.3352 2.4331 3.0412 25.5545 47.237 70.4684 106.0897 63.3518 115.9679 43.6902 54.2083 57.4446 6.2598 59.0622 0.1117 25.904 73.7185 50.7936 26.423 10.7726 2.7234 849.0446 520.198 520.198 650.1587 88.504 20.866 152.0262 198.6163 221.9511 739.4594 197.1877 324.6555 70.7758 92.8042 123.1548 25.8555 41.502 747.1621;
