function solarprofile = ex_solar_profilesh1
%EX_WIND_PROFILE_D  Example wind_load_nyiso profile data for deterministic unit commitment.
% 2022.03.12
% Andres F. Ramirez


%% define constants
[GEN_BUS, PG, QG, QMAX, QMIN, VG, MBASE, GEN_STATUS, PMAX, PMIN, ...
    MU_PMAX, MU_PMIN, MU_QMAX, MU_QMIN, PC1, PC2, QC1MIN, QC1MAX, ...
    QC2MIN, QC2MAX, RAMP_AGC, RAMP_10, RAMP_30, RAMP_Q, APF] = idx_gen;
[CT_LABEL, CT_PROB, CT_TABLE, CT_TBUS, CT_TGEN, CT_TBRCH, CT_TAREABUS, ...
    CT_TAREAGEN, CT_TAREABRCH, CT_ROW, CT_COL, CT_CHGTYPE, CT_REP, ...
    CT_REL, CT_ADD, CT_NEWVAL, CT_TLOAD, CT_TAREALOAD, CT_LOAD_ALL_PQ, ...
    CT_LOAD_FIX_PQ, CT_LOAD_DIS_PQ, CT_LOAD_ALL_P, CT_LOAD_FIX_P, ...
    CT_LOAD_DIS_P, CT_TGENCOST, CT_TAREAGENCOST, CT_MODCOST_F, ...
    CT_MODCOST_X] = idx_ct;

solarprofile = struct( ...
    'type', 'mpcData', ...
    'table', CT_TGEN, ...
    'rows', [1:12], ...
    'col', PMAX, ...
    'chgtype', 1, ...
    'values', [] );
solarprofile.values(:,1,:) = [
	0.0 0.0 0.0 0.0 0.0 0.0 0.0 0.0 0.0 0.0 0.0 0.0;
	0.0 0.0 0.0 0.0 0.0 0.0 0.0 0.0 0.0 0.0 0.0 0.0;
	0.0 0.0 0.0 0.0 0.0 0.0 0.0 0.0 0.0 0.0 0.0 0.0;
	0.0 0.0 0.0 0.0 0.0 0.0 0.0 0.0 0.0 0.0 0.0 0.0;
	0.0 0.0 0.0 0.0 0.0 0.0 0.0 0.0 0.0 0.0 0.0 0.0;
	0.1575 0.1621 0.24 0.0 0.0 0.0 0.0 0.0 0.0362 0.0 0.0 0.0;
	7.0188 6.5272 4.6064 7.809 9.7788 198.2211 24.7776 47.227 51.3628 51.0711 28.4529 92.4901;
	18.3072 15.4171 13.1555 7.7147 10.4779 303.5808 37.9476 60.7367 122.6246 117.0619 138.5907 211.9998;
	23.5616 16.7004 14.0434 8.1876 8.8401 341.8569 42.7321 60.2029 189.898 187.0678 123.53 338.781;
	25.7241 16.474 13.7624 6.3793 4.6129 323.7167 40.4646 56.3799 263.6389 222.1846 87.1945 402.3777;
	25.7116 16.5326 13.6627 7.1019 6.119 326.3848 40.7981 50.9689 264.0803 263.1913 140.6274 476.641;
	25.4045 16.5331 13.1667 7.2466 7.1115 294.2847 36.7856 50.1513 240.1989 301.3443 187.809 545.7363;
	26.0266 16.5895 13.7855 9.3702 9.4763 357.3931 44.6741 71.3558 234.0605 346.5661 259.0853 627.6333;
	24.9573 16.6228 13.7761 7.9141 7.6347 338.5696 42.3212 73.5163 211.425 339.7183 244.3385 615.2319;
	23.7704 16.4014 13.2948 4.9756 4.4076 283.9752 35.4969 73.3216 181.6199 301.0598 200.5122 545.2212;
	14.9122 9.3712 6.3804 4.8085 7.5073 195.1011 24.3876 58.7926 84.2771 188.8068 124.165 341.9303;
	1.1824 0.9172 0.6079 1.5718 3.4545 58.226 7.2783 10.1676 34.9853 66.6327 39.9505 120.6722;
	0.0 0.0 0.0 0.0 0.0 0.0 0.0 0.0 0.0 0.0 0.0 0.0;
	0.0 0.0 0.0 0.0 0.0 0.0 0.0 0.0 0.0 0.0 0.0 0.0;
	0.0 0.0 0.0 0.0 0.0 0.0 0.0 0.0 0.0 0.0 0.0 0.0;
	0.0 0.0 0.0 0.0 0.0 0.0 0.0 0.0 0.0 0.0 0.0 0.0;
	0.0 0.0 0.0 0.0 0.0 0.0 0.0 0.0 0.0 0.0 0.0 0.0;
	0.0 0.0 0.0 0.0 0.0 0.0 0.0 0.0 0.0 0.0 0.0 0.0;
	0.0 0.0 0.0 0.0 0.0 0.0 0.0 0.0 0.0 0.0 0.0 0.0;
];
