function solarprofile = ex_solar_profilesh1
%EX_WIND_PROFILE_D  Example wind_load_nyiso profile data for deterministic unit commitment.
% 2022.03.12
% Andres F. Ramirez


%% define constants
[GEN_BUS, PG, QG, QMAX, QMIN, VG, MBASE, GEN_STATUS, PMAX, PMIN, ...
    MU_PMAX, MU_PMIN, MU_QMAX, MU_QMIN, PC1, PC2, QC1MIN, QC1MAX, ...
    QC2MIN, QC2MAX, RAMP_AGC, RAMP_10, RAMP_30, RAMP_Q, APF] = idx_gen;
[CT_LABEL, CT_PROB, CT_TABLE, CT_TBUS, CT_TGEN, CT_TBRCH, CT_TAREABUS, ...
    CT_TAREAGEN, CT_TAREABRCH, CT_ROW, CT_COL, CT_CHGTYPE, CT_REP, ...
    CT_REL, CT_ADD, CT_NEWVAL, CT_TLOAD, CT_TAREALOAD, CT_LOAD_ALL_PQ, ...
    CT_LOAD_FIX_PQ, CT_LOAD_DIS_PQ, CT_LOAD_ALL_P, CT_LOAD_FIX_P, ...
    CT_LOAD_DIS_P, CT_TGENCOST, CT_TAREAGENCOST, CT_MODCOST_F, ...
    CT_MODCOST_X] = idx_ct;

solarprofile = struct( ...
    'type', 'mpcData', ...
    'table', CT_TGEN, ...
    'rows', [1:12], ...
    'col', PMAX, ...
    'chgtype', 1, ...
    'values', [] );
solarprofile.values(:,1,:) = [
	0.0 0.0 0.0 0.0 0.0 0.0 0.0 0.0 0.0 0.0 0.0 0.0;
	0.0 0.0 0.0 0.0 0.0 0.0 0.0 0.0 0.0 0.0 0.0 0.0;
	0.0 0.0 0.0 0.0 0.0 0.0 0.0 0.0 0.0 0.0 0.0 0.0;
	0.0 0.0 0.0 0.0 0.0 0.0 0.0 0.0 0.0 0.0 0.0 0.0;
	0.0 0.0 0.0 0.0 0.0 0.0 0.0 0.0 0.0 0.0 0.0 0.0;
	0.1575 0.1621 0.24 0.0 0.0 0.0 0.0 0.0 0.0 0.0 0.0 0.0;
	8.2617 6.7381 3.8708 3.5039 2.3552 59.9498 7.4937 11.1408 28.7609 53.544 23.334 96.9685;
	17.394 15.1482 9.5433 4.7922 7.7418 114.7316 14.3415 19.06 50.7871 161.3755 63.768 292.2519;
	23.3846 16.7614 13.8 6.1203 8.8269 130.1586 16.2698 21.1474 62.7206 202.5968 81.334 366.904;
	26.0174 16.7738 13.7624 5.0957 3.6566 57.3299 7.1662 9.912 37.2373 125.8017 8.0806 227.8277;
	25.9535 16.5326 13.5822 6.4626 2.7886 64.8078 8.101 13.7707 27.8281 130.7768 18.6622 236.8375;
	23.714 16.2952 11.493 7.012 2.5862 57.5923 7.199 15.4068 22.7606 135.4401 25.5432 245.2829;
	21.6953 16.2869 13.7294 8.598 7.6228 86.1089 10.7636 17.5386 43.3038 302.8729 76.4965 548.5046;
	20.3961 16.3881 13.7008 6.8882 7.3531 86.2517 10.7815 9.8969 38.9318 289.9058 97.5045 525.0211;
	17.1369 14.6366 13.1842 4.7562 6.1455 67.8536 8.4817 14.1067 33.0734 138.4792 57.5715 250.7866;
	9.2478 7.424 6.0214 6.414 10.4486 86.1463 10.7683 29.6996 90.5779 67.3395 40.829 121.9523;
	0.9051 0.7347 0.5133 2.2982 3.8307 58.3643 7.2955 12.7085 37.7054 64.6555 38.9791 117.0915;
	0.0 0.0 0.0 0.0 0.0 0.0 0.0 0.0 0.0 0.0 0.0 0.0;
	0.0 0.0 0.0 0.0 0.0 0.0 0.0 0.0 0.0 0.0 0.0 0.0;
	0.0 0.0 0.0 0.0 0.0 0.0 0.0 0.0 0.0 0.0 0.0 0.0;
	0.0 0.0 0.0 0.0 0.0 0.0 0.0 0.0 0.0 0.0 0.0 0.0;
	0.0 0.0 0.0 0.0 0.0 0.0 0.0 0.0 0.0 0.0 0.0 0.0;
	0.0 0.0 0.0 0.0 0.0 0.0 0.0 0.0 0.0 0.0 0.0 0.0;
	0.0 0.0 0.0 0.0 0.0 0.0 0.0 0.0 0.0 0.0 0.0 0.0;
];
