function loadprofile = ex_load_profilesh1
%EX_LOAD_PROFILE  Example load profile data file for stochastic unit commitment.
% 2022.03.12
% Andres F. Ramirez

%% define constants
[CT_LABEL, CT_PROB, CT_TABLE, CT_TBUS, CT_TGEN, CT_TBRCH, CT_TAREABUS, ...
    CT_TAREAGEN, CT_TAREABRCH, CT_ROW, CT_COL, CT_CHGTYPE, CT_REP, ...
    CT_REL, CT_ADD, CT_NEWVAL, CT_TLOAD, CT_TAREALOAD, CT_LOAD_ALL_PQ, ...
    CT_LOAD_FIX_PQ, CT_LOAD_DIS_PQ, CT_LOAD_ALL_P, CT_LOAD_FIX_P, ...
    CT_LOAD_DIS_P, CT_TGENCOST, CT_TAREAGENCOST, CT_MODCOST_F, ...
    CT_MODCOST_X] = idx_ct;

loadprofile = struct( ...
    'type', 'mpcData', ...
    'table', CT_TAREALOAD, ...
    'rows', [1:11], ...
    'col', CT_LOAD_ALL_P, ...
    'chgtype', 1, ...
    'values', [] );
loadprofile.values(:,1,:) = [
	1497.4938 957.5604 1590.8384 575.233 828.0332 1153.5642 877.0823 232.2163 461.4103 4400.8457 1738.1163;
	1526.6952 976.9703 1593.996 571.8 837.0754 1168.3 886.261 246.6797 458.1195 4289.5877 1718.8;
	1550.6146 1010.2744 1639.6556 585.2793 870.1326 1214.8355 903.4532 243.993 471.3738 4395.6323 1758.6945;
	1616.4331 1087.7686 1748.4075 598.1 938.6656 1291.9192 970.594 268.2793 518.0558 4636.2992 1885.5368;
	1784.6182 1211.1806 1940.4085 632.3265 1063.5522 1477.3154 1075.9343 307.4907 609.1856 5206.3309 2120.8;
	1912.457 1285.4302 2058.8 652.5892 1098.2793 1547.1647 1148.8 341.8253 694.4357 5816.1414 2297.8269;
	1960.3218 1311.3776 2105.6134 646.3335 1113.7133 1548.251 1183.1355 359.4141 707.6619 6272.5601 2381.803;
	1964.5504 1297.1623 2113.0351 648.3603 1088.3069 1531.7 1206.8607 360.4 720.9006 6449.2953 2405.5493;
	1978.1965 1290.7 2098.5922 626.2926 1069.5344 1513.2073 1189.6816 343.3148 728.6 6466.4192 2431.9483;
	1964.9 1285.7048 2075.1166 614.4 1037.8923 1555.8481 1209.0208 334.2431 735.0313 6401.7686 2407.5954;
	1934.9697 1278.1758 2072.2499 613.0882 1016.775 1555.3528 1163.4869 307.2101 699.092 6304.8966 2300.8807;
	1922.6505 1254.2012 2030.7132 586.0 1002.5555 1519.1744 1141.0337 293.4662 699.2 6267.9909 2242.7;
	1868.4901 1235.972 1986.0509 569.5662 994.0447 1488.9553 1127.5967 290.7283 710.4365 6359.5 2328.4576;
	1813.3892 1250.4124 1969.1654 582.1377 1013.1137 1473.7242 1072.3686 306.295 697.4 6301.5932 2254.329;
	1772.2028 1235.8161 1933.519 577.0771 1015.7 1434.1797 1060.0244 329.7883 705.8346 6423.4359 2410.3985;
	1792.8317 1274.7917 1986.7034 601.4207 1052.3416 1547.1484 1102.5072 344.3 704.5285 6526.2512 2516.8389;
	1798.3431 1245.5375 2013.0056 597.2797 1085.6402 1537.9531 1141.7795 375.3497 704.342 6514.7879 2697.8203;
	1861.6738 1283.1301 2090.8856 618.1504 1144.7 1599.1224 1213.4224 384.8948 748.1708 6543.4753 2726.2702;
	1893.8322 1302.8191 2084.015 610.8 1097.0 1555.3966 1208.2338 394.2314 752.9357 6366.2301 2675.34;
	1854.2895 1216.8 1950.6455 608.0176 1038.9537 1485.5811 1179.9659 372.0171 726.215 6107.2832 2551.2462;
	1748.292 1152.6 1811.9043 601.2 968.4679 1382.6281 1095.4 345.1445 674.0 5759.675 2315.9329;
	1637.6373 1074.4 1744.757 593.2 905.7 1263.1063 998.5854 312.3682 590.2754 5329.4322 2084.2818;
	1571.2755 1029.2597 1723.8279 602.5719 920.0 1245.1488 958.8458 282.994 559.833 5147.2419 2028.7946;
	1550.1913 1022.0653 1715.9707 598.7401 888.3 1256.6068 938.952 257.3196 537.1727 4941.887 1855.6;
];
