function solarprofile = ex_solar_profilesh1
%EX_WIND_PROFILE_D  Example wind_load_nyiso profile data for deterministic unit commitment.
% 2022.03.12
% Andres F. Ramirez


%% define constants
[GEN_BUS, PG, QG, QMAX, QMIN, VG, MBASE, GEN_STATUS, PMAX, PMIN, ...
    MU_PMAX, MU_PMIN, MU_QMAX, MU_QMIN, PC1, PC2, QC1MIN, QC1MAX, ...
    QC2MIN, QC2MAX, RAMP_AGC, RAMP_10, RAMP_30, RAMP_Q, APF] = idx_gen;
[CT_LABEL, CT_PROB, CT_TABLE, CT_TBUS, CT_TGEN, CT_TBRCH, CT_TAREABUS, ...
    CT_TAREAGEN, CT_TAREABRCH, CT_ROW, CT_COL, CT_CHGTYPE, CT_REP, ...
    CT_REL, CT_ADD, CT_NEWVAL, CT_TLOAD, CT_TAREALOAD, CT_LOAD_ALL_PQ, ...
    CT_LOAD_FIX_PQ, CT_LOAD_DIS_PQ, CT_LOAD_ALL_P, CT_LOAD_FIX_P, ...
    CT_LOAD_DIS_P, CT_TGENCOST, CT_TAREAGENCOST, CT_MODCOST_F, ...
    CT_MODCOST_X] = idx_ct;

solarprofile = struct( ...
    'type', 'mpcData', ...
    'table', CT_TGEN, ...
    'rows', [1:12], ...
    'col', PMAX, ...
    'chgtype', 1, ...
    'values', [] );
solarprofile.values(:,1,:) = [
	0.0 0.0 0.0 0.0 0.0 0.0 0.0 0.0 0.0 0.0 0.0 0.0;
	0.0 0.0 0.0 0.0 0.0 0.0 0.0 0.0 0.0 0.0 0.0 0.0;
	0.0 0.0 0.0 0.0 0.0 0.0 0.0 0.0 0.0 0.0 0.0 0.0;
	0.0 0.0 0.0 0.0 0.0 0.0 0.0 0.0 0.0 0.0 0.0 0.0;
	0.0 0.0 0.0 0.0 0.0 0.0 0.0 0.0 0.0 0.0 0.0 0.0;
	0.1963 0.1906 0.278 0.0 0.0 0.0 0.0 0.0 0.0 0.0 0.0 0.0;
	13.2247 8.4962 8.3838 1.8039 0.9309 308.8461 38.6058 23.7384 132.4367 72.2002 22.9776 130.755;
	17.1583 13.1804 11.7165 4.1582 1.5876 355.0627 44.3828 35.7817 134.8777 159.2636 30.0327 288.4274;
	22.0851 16.4969 13.8 6.5417 3.0972 363.7885 45.4736 45.2491 154.8175 202.4395 62.9131 366.6192;
	25.6923 16.474 13.7624 5.3871 4.8244 369.8371 46.2296 53.5179 204.1071 214.9259 158.36 389.2321;
	26.0356 16.5388 13.7859 5.3462 4.6698 367.4315 45.9289 64.2178 211.008 254.1055 184.5195 460.1866;
	26.1166 16.5679 13.7863 4.8145 2.993 314.1108 39.2638 63.9748 178.9984 262.6837 187.7407 475.7218;
	25.8408 16.5546 13.8103 3.9732 2.403 352.4444 44.0555 60.6842 168.5291 336.1912 240.5248 608.8442;
	22.8297 16.3881 13.7008 1.9105 2.0917 350.1182 43.7648 54.903 149.2177 311.8184 215.9162 564.705;
	17.1299 14.0041 12.021 1.4472 2.3979 336.51 42.0638 49.9278 146.9896 197.5812 169.6948 357.8207;
	9.1913 7.2243 5.7999 0.757 7.3558 306.1243 38.2655 48.7051 148.4921 188.7789 120.8931 341.8797;
	1.0369 0.8163 0.5795 1.5084 3.2566 58.4288 7.3036 10.8369 34.9853 66.742 36.9404 120.8702;
	0.0 0.0 0.0 0.0 0.0 0.0 0.0 0.0 0.0 0.0 0.0 0.0;
	0.0 0.0 0.0 0.0 0.0 0.0 0.0 0.0 0.0 0.0 0.0 0.0;
	0.0 0.0 0.0 0.0 0.0 0.0 0.0 0.0 0.0 0.0 0.0 0.0;
	0.0 0.0 0.0 0.0 0.0 0.0 0.0 0.0 0.0 0.0 0.0 0.0;
	0.0 0.0 0.0 0.0 0.0 0.0 0.0 0.0 0.0 0.0 0.0 0.0;
	0.0 0.0 0.0 0.0 0.0 0.0 0.0 0.0 0.0 0.0 0.0 0.0;
	0.0 0.0 0.0 0.0 0.0 0.0 0.0 0.0 0.0 0.0 0.0 0.0;
];
