function windprofile = ex_wind_profilesh1
%EX_WIND_PROFILE_D  Example wind_load_nyiso profile data for deterministic unit commitment.
% 2022.03.12
% Andres F. Ramirez


%% define constants
[GEN_BUS, PG, QG, QMAX, QMIN, VG, MBASE, GEN_STATUS, PMAX, PMIN, ...
    MU_PMAX, MU_PMIN, MU_QMAX, MU_QMIN, PC1, PC2, QC1MIN, QC1MAX, ...
    QC2MIN, QC2MAX, RAMP_AGC, RAMP_10, RAMP_30, RAMP_Q, APF] = idx_gen;
[CT_LABEL, CT_PROB, CT_TABLE, CT_TBUS, CT_TGEN, CT_TBRCH, CT_TAREABUS, ...
    CT_TAREAGEN, CT_TAREABRCH, CT_ROW, CT_COL, CT_CHGTYPE, CT_REP, ...
    CT_REL, CT_ADD, CT_NEWVAL, CT_TLOAD, CT_TAREALOAD, CT_LOAD_ALL_PQ, ...
    CT_LOAD_FIX_PQ, CT_LOAD_DIS_PQ, CT_LOAD_ALL_P, CT_LOAD_FIX_P, ...
    CT_LOAD_DIS_P, CT_TGENCOST, CT_TAREAGENCOST, CT_MODCOST_F, ...
    CT_MODCOST_X] = idx_ct;

windprofile = struct( ...
    'type', 'mpcData', ...
    'table', CT_TGEN, ...
    'rows', [1:45], ...
    'col', PMAX, ...
    'chgtype', 1, ...
    'values', [] );
windprofile.values(:,1,:) = [
	3.766 50.8867 92.0278 103.358 15.2523 32.2293 26.2456 12.8498 27.1571 27.7001 51.2032 76.3851 114.9974 64.7538 181.402 68.3422 84.7949 89.8573 87.7399 68.6767 8.7485 75.2017 71.3716 89.5367 99.262 62.6827 9.8967 1217.7333 745.8574 745.8574 735.1247 121.5162 292.4664 176.7739 203.0118 318.2325 1114.9298 292.8309 445.1921 265.8804 123.5141 357.5302 174.3616 247.6122 1126.5436;
	3.6986 49.9758 85.1579 94.468 14.7072 31.6521 26.1243 10.5223 26.2234 24.1544 44.649 66.6075 100.2773 63.5769 173.6383 65.4172 81.1658 86.0115 80.1517 67.6054 8.7081 73.8549 70.7338 84.7342 95.8174 55.2034 8.1845 1201.0166 754.6827 754.6827 748.2951 122.6255 267.1723 174.0165 199.3221 321.9979 1187.1201 284.3888 440.0499 256.6537 119.9287 351.1271 182.5618 240.6525 1199.486;
	3.7646 50.8686 87.6332 88.1633 15.1983 32.6374 23.9915 10.282 26.0626 25.1521 46.4933 69.3588 104.4193 62.9803 185.4794 69.8783 86.7008 91.877 85.9336 70.5564 7.9972 76.154 67.9763 85.9183 88.2488 59.1102 9.4183 1245.1288 777.7229 777.7229 802.5247 122.4127 286.4453 181.6125 197.4516 331.8284 1196.8583 291.8025 440.7787 236.3808 119.8132 362.0577 172.1817 251.7864 1209.3256;
	3.6132 48.8227 87.2633 89.1281 15.0557 31.6982 20.9816 10.8669 25.7123 25.954 47.9756 71.5702 107.7485 59.3294 175.3624 66.0668 81.9717 86.8656 85.0978 69.5444 6.9939 73.9625 69.8928 86.5589 86.6898 54.4013 8.4503 1192.9288 765.6371 765.6371 770.8181 118.1188 283.6594 179.0076 186.0058 326.6718 1189.7335 278.7336 422.8254 232.2049 112.7025 351.6387 164.0539 244.0849 1202.1266;
	3.6372 49.146 85.1796 69.066 15.1919 31.1306 16.2841 8.4879 19.6987 25.445 47.0347 70.1665 105.6353 60.3403 169.9236 64.0177 79.4294 84.1715 87.7284 67.3925 5.428 72.6381 68.4985 88.9268 76.1117 53.4799 7.6903 1126.303 746.7953 746.7953 718.6301 113.4319 292.428 173.4684 189.175 318.6327 1115.5029 256.6491 369.6164 203.8706 108.382 345.3424 174.198 230.2954 1127.1227;
	3.6301 49.0501 79.6421 60.8243 14.9843 30.4866 16.2509 6.8001 22.3042 25.8174 47.723 71.1933 107.1811 58.17 164.224 61.8705 76.7652 81.3482 84.4192 67.3827 5.417 71.1354 69.0887 85.7556 57.2195 38.0439 5.9843 1136.2032 689.1984 689.1984 670.7866 99.3811 281.3973 173.4433 182.3707 294.058 1104.8249 229.9109 350.951 153.2664 92.4475 338.1978 157.6048 181.1697 1116.3335;
	3.3066 44.6789 65.4323 33.2087 14.5874 28.1193 14.5759 4.1508 16.0676 25.3083 46.782 69.7896 105.0679 58.7223 187.7742 70.7428 87.7735 93.0137 87.8455 70.6687 4.8586 65.6117 62.2598 78.9947 44.3701 22.4019 4.4731 1211.0538 656.7005 656.7005 576.1808 67.9226 292.8183 181.9015 184.1024 280.1922 1091.0617 214.7997 283.8224 118.8485 76.1961 311.937 137.5029 116.4135 1102.427;
	3.2888 44.4387 61.2392 47.5221 14.2997 26.7876 15.5845 3.521 13.812 21.2807 39.337 58.6831 88.3471 58.6828 187.7209 70.7228 87.7486 92.9873 89.4524 69.4355 5.1948 62.5044 36.2619 81.8653 54.7587 16.4086 3.2334 1268.2316 712.7717 712.7717 677.7972 68.7717 298.1748 178.7272 183.9786 304.1159 1159.4461 227.5186 250.8394 146.6751 77.6616 297.1639 124.2284 108.597 1171.5237;
	2.265 30.6057 52.0744 50.334 14.1375 20.9907 14.5413 1.1575 11.6656 12.4824 23.0735 34.4211 51.8207 47.8144 157.2875 59.2572 73.5228 77.9122 85.0993 66.8311 4.8471 48.9784 26.5117 78.2644 52.0084 8.3081 1.9855 1186.0846 769.8628 769.8628 744.0089 85.8958 283.6643 172.0234 149.9047 328.4748 1092.5414 245.4838 238.8341 139.3083 53.9144 232.8573 113.2304 56.3751 1103.922;
	2.3181 31.3224 44.5504 52.3184 13.9411 18.3522 19.1679 0.6058 10.3231 15.2366 28.1645 42.0159 63.2548 48.4358 158.5342 59.7268 74.1055 78.5297 85.8926 65.6777 6.3893 42.8218 19.6271 56.7969 30.5113 2.976 0.6866 1074.4678 741.3068 741.3068 743.8771 98.5197 286.3087 169.0545 151.8527 316.2909 1061.9247 229.4238 348.6006 81.7266 43.4476 203.5872 117.803 110.9934 1072.9864;
	1.8806 25.411 33.8129 40.1216 13.2777 14.96 18.1888 1.0011 18.5052 14.9706 27.6729 41.2826 62.1507 56.6973 143.0724 53.9017 66.878 70.8707 85.1706 66.9623 6.0629 34.9066 31.6234 47.4271 21.3443 4.2286 0.6435 1007.419 702.7994 702.7994 660.0235 98.2068 283.9021 172.3611 177.7536 299.8611 1002.0869 222.8871 395.0558 57.1723 34.715 165.9559 84.4124 86.3395 1012.5253;
	1.2779 17.2672 28.9903 24.9701 10.3014 11.3021 19.1103 1.2901 17.1826 16.8898 31.2205 46.5748 70.1181 56.9317 159.6432 60.1446 74.6239 79.0791 89.8382 67.2647 6.3701 26.3717 39.7271 39.2682 21.4576 7.9529 3.3807 854.6864 669.4926 669.4926 673.2255 102.1165 299.4607 173.1395 178.4886 285.6502 945.343 207.5397 396.9642 57.4757 26.8227 125.3784 63.5133 68.594 955.1903;
	0.9632 13.015 28.0277 25.4575 9.7719 8.8585 18.1204 2.1261 14.8553 14.3838 26.5883 39.6645 59.7148 53.84 156.0396 58.787 72.9395 77.294 81.4635 67.0086 6.0401 20.6699 37.8757 41.4552 25.9888 12.023 2.4338 854.1199 676.7816 676.7816 629.9497 99.4991 271.545 172.4803 168.7956 288.7601 935.0618 209.1408 406.3259 69.6129 25.5126 98.2708 52.078 53.2938 944.802;
	0.7118 9.6175 24.3683 30.881 8.5089 9.2233 13.4384 2.7425 13.7088 18.1772 33.6002 50.125 75.4629 60.211 155.2109 58.4748 72.5521 76.8836 79.0312 66.6368 4.4795 21.5211 49.3647 42.4741 30.8727 12.4265 3.8568 847.393 616.5341 616.5341 634.0467 96.2772 263.4372 171.5233 188.7696 263.0545 788.0027 208.1032 406.5872 82.6947 29.9765 102.3175 39.4267 64.5118 796.211;
	0.8452 11.4201 25.8195 24.2272 7.5261 9.8562 13.1669 2.2754 13.4581 18.3955 34.0038 50.727 76.3692 61.4464 150.9248 56.86 70.5486 74.7604 68.6983 65.9072 4.389 22.9979 54.3263 50.7675 29.3601 8.7539 3.6127 764.9724 604.6551 604.6551 563.5837 81.0804 228.9943 169.6454 192.6427 257.9862 753.4582 185.2028 366.9828 78.6431 34.0432 109.3385 36.9874 59.6189 761.3068;
	0.8905 12.0333 19.0562 27.2603 7.9731 5.7737 6.793 1.2437 9.1587 15.4498 28.5587 42.604 64.1401 54.5249 166.1894 62.6109 77.6839 82.3217 72.7028 66.7095 2.2643 13.4719 44.3315 44.2496 25.3454 4.3015 2.2916 744.4051 487.5826 487.5826 505.8649 77.1723 242.3428 171.7104 170.9431 208.0352 570.1821 170.0199 248.4167 67.8894 35.3375 64.0492 13.4672 29.3877 576.1215;
	0.4753 6.4217 0.3983 0.0 6.4396 0.2263 4.0792 0.0047 10.1816 16.5622 30.615 45.6716 68.7583 45.1391 140.9665 53.1083 65.8937 69.8276 76.3926 52.2649 1.3597 0.5279 48.1286 37.8034 14.622 3.333 1.2376 729.7457 481.6676 481.6676 561.1015 76.4956 254.642 134.5299 141.5173 205.5115 681.442 183.531 236.0242 39.166 38.5249 2.5099 3.1882 0.0162 688.5403;
	0.9119 12.3221 0.0 0.0 1.3714 0.073 1.8926 0.1003 0.0 17.0577 31.5309 47.0379 70.8153 49.8076 109.2037 41.1419 51.0464 54.0939 81.1063 44.1419 0.6309 0.1704 62.4617 12.0096 13.173 1.3519 1.5925 742.3118 498.0227 498.0227 596.9346 79.2552 270.3543 113.6215 156.1535 212.4897 718.6787 197.6241 345.507 35.2849 82.2551 0.8101 0.1206 0.0 726.165;
	0.3308 4.4697 17.6801 32.9756 0.028 3.1382 4.7236 1.9513 2.119 21.3575 39.479 58.895 88.666 46.0457 101.4627 38.2255 47.4279 50.2595 10.2601 53.2221 1.5745 7.3224 68.5875 42.9584 21.4069 4.7135 2.2423 775.6046 468.7016 468.7016 614.086 82.9597 34.2005 136.9938 144.3596 199.9794 646.7659 189.2971 349.0933 57.3399 92.7475 34.8129 0.1907 0.0 653.5031;
