function loadprofile = ex_load_profilesh1
%EX_LOAD_PROFILE  Example load profile data file for stochastic unit commitment.
% 2022.03.12
% Andres F. Ramirez

%% define constants
[CT_LABEL, CT_PROB, CT_TABLE, CT_TBUS, CT_TGEN, CT_TBRCH, CT_TAREABUS, ...
    CT_TAREAGEN, CT_TAREABRCH, CT_ROW, CT_COL, CT_CHGTYPE, CT_REP, ...
    CT_REL, CT_ADD, CT_NEWVAL, CT_TLOAD, CT_TAREALOAD, CT_LOAD_ALL_PQ, ...
    CT_LOAD_FIX_PQ, CT_LOAD_DIS_PQ, CT_LOAD_ALL_P, CT_LOAD_FIX_P, ...
    CT_LOAD_DIS_P, CT_TGENCOST, CT_TAREAGENCOST, CT_MODCOST_F, ...
    CT_MODCOST_X] = idx_ct;

loadprofile = struct( ...
    'type', 'mpcData', ...
    'table', CT_TAREALOAD, ...
    'rows', [1:11], ...
    'col', CT_LOAD_ALL_P, ...
    'chgtype', 1, ...
    'values', [] );
loadprofile.values(:,1,:) = [
	1509.798 866.5817 1601.9832 594.3 799.1444 1146.3702 895.3 258.4206 526.4 4473.0898 1730.9423;
	1487.0117 865.0192 1598.1086 589.865 790.4283 1134.5945 889.4533 248.3174 510.2383 4378.0 1687.0085;
	1535.879 929.7656 1660.7984 598.0904 832.35 1176.1797 923.8803 271.131 534.1 4549.4236 1776.5;
	1593.4651 998.8476 1750.2784 614.3544 893.2725 1247.0317 979.0 279.9832 558.3 4695.0786 1859.6145;
	1754.6999 1114.6922 1969.7438 633.0028 1004.4445 1382.4513 1075.9012 324.7957 639.6 5221.0041 2067.4419;
	1831.5388 1213.2998 2078.2428 659.0748 1073.5973 1457.5524 1141.8 355.6166 703.6019 5891.5731 2247.1302;
	1859.6309 1223.9391 2094.3207 646.4378 1098.9841 1434.7996 1145.8 360.3295 720.8778 6223.7177 2258.4881;
	1829.7983 1201.1004 2054.3755 644.4304 1101.5332 1398.0956 1145.0455 356.61 716.8045 6282.9873 2087.8557;
	1832.8825 1183.8542 2061.889 636.0937 1102.4456 1363.0 1147.2673 345.3609 688.8 6135.7035 1921.1379;
	1840.2 1207.1242 2026.3625 624.6 1082.2 1339.2597 1122.5987 337.5936 667.6977 6177.1367 1873.6474;
	1805.5435 1209.9192 2025.6588 613.09 1035.4747 1282.9887 1089.0604 311.8898 646.1048 5792.5701 1726.4368;
	1831.5451 1189.2761 2026.1832 623.9701 993.5466 1266.8707 1059.7319 302.2838 640.2598 5156.764 1439.9647;
	1812.7408 1165.9717 2004.2287 622.9296 965.6282 1258.62 1062.1065 323.8367 643.6747 5680.4229 1798.9278;
	1801.9946 1141.0747 2004.218 631.8826 1007.9024 1281.5434 1121.2081 314.2044 669.4 6096.7487 1948.53;
	1807.4439 1149.4381 1996.8727 644.6852 997.8 1323.5837 1088.815 328.3528 656.9075 5918.8041 2054.7845;
	1835.1477 1186.909 2042.5026 693.4028 1045.4 1436.6186 1252.4499 365.5573 689.3449 6302.825 2298.8174;
	1832.053 1194.9921 2066.4943 649.5508 1068.411 1462.5808 1238.4658 394.1177 704.3673 6248.0262 2392.8;
	1870.915 1239.9476 2098.6786 642.2705 1067.807 1528.1929 1273.4735 417.9 749.8985 6298.0667 2568.0619;
	1845.0354 1249.0569 2088.7626 639.5006 1056.606 1517.9 1277.9 406.9029 740.9322 6190.4669 2538.4922;
	1777.8665 1183.747 2038.6908 632.2 1034.2952 1488.5134 1223.1646 389.5383 712.8 6004.7251 2443.4243;
	1728.2131 1105.6831 1910.3775 615.2783 942.5224 1350.3827 1106.1488 355.2039 662.1205 5637.7594 2209.1087;
	1628.0297 1032.321 1802.2598 606.7982 887.0489 1263.7 1020.0104 311.7522 593.9 5215.1097 1998.5757;
	1568.127 982.3 1746.4382 594.5127 833.3071 1226.8726 958.9 281.5675 562.7006 4814.3834 1807.676;
	1567.7064 950.2014 1750.6235 611.9735 822.8641 1251.8 947.0375 266.2 549.9736 4628.3859 1747.286;
];
