function windprofile = ex_wind_profilesh1
%EX_WIND_PROFILE_D  Example wind_load_nyiso profile data for deterministic unit commitment.
% 2022.03.12
% Andres F. Ramirez


%% define constants
[GEN_BUS, PG, QG, QMAX, QMIN, VG, MBASE, GEN_STATUS, PMAX, PMIN, ...
    MU_PMAX, MU_PMIN, MU_QMAX, MU_QMIN, PC1, PC2, QC1MIN, QC1MAX, ...
    QC2MIN, QC2MAX, RAMP_AGC, RAMP_10, RAMP_30, RAMP_Q, APF] = idx_gen;
[CT_LABEL, CT_PROB, CT_TABLE, CT_TBUS, CT_TGEN, CT_TBRCH, CT_TAREABUS, ...
    CT_TAREAGEN, CT_TAREABRCH, CT_ROW, CT_COL, CT_CHGTYPE, CT_REP, ...
    CT_REL, CT_ADD, CT_NEWVAL, CT_TLOAD, CT_TAREALOAD, CT_LOAD_ALL_PQ, ...
    CT_LOAD_FIX_PQ, CT_LOAD_DIS_PQ, CT_LOAD_ALL_P, CT_LOAD_FIX_P, ...
    CT_LOAD_DIS_P, CT_TGENCOST, CT_TAREAGENCOST, CT_MODCOST_F, ...
    CT_MODCOST_X] = idx_ct;

windprofile = struct( ...
    'type', 'mpcData', ...
    'table', CT_TGEN, ...
    'rows', [1:45], ...
    'col', PMAX, ...
    'chgtype', 1, ...
    'values', [] );
windprofile.values(:,1,:) = [
	3.7268 50.3569 89.122 111.7363 14.3508 31.6355 29.6359 12.2156 27.0066 26.9512 49.8189 74.3199 111.8883 64.948 185.5664 69.9111 86.7415 91.9201 84.7194 66.996 9.8786 73.8161 67.1224 83.2278 94.021 57.3876 9.1186 1242.6059 777.0885 777.0885 760.3421 118.8248 282.398 172.448 203.6208 331.5578 1174.2366 293.6699 462.717 251.8419 110.296 350.9431 191.7285 230.3141 1186.4682;
	3.7609 50.818 86.9999 108.6496 14.0259 31.4891 28.8311 10.5533 27.9885 26.3357 48.6811 72.6227 109.333 65.0379 183.9772 69.3123 85.9986 91.1329 84.5525 66.853 9.6104 73.4746 69.6682 79.7369 92.2908 56.5398 7.5402 1232.6081 776.0313 776.0313 754.8914 119.1899 281.8418 172.0799 203.9025 331.1067 1201.961 268.4133 453.7918 247.2075 109.8213 349.3194 194.7942 227.9796 1214.4815;
	3.7041 50.0499 88.3894 99.0637 14.2012 32.0446 27.421 10.4674 26.7453 27.7918 51.3728 76.6381 115.3783 63.3916 187.7209 70.7227 87.7486 92.9873 85.0276 68.3909 9.1403 74.7707 70.6183 79.0797 82.6938 57.578 8.5941 1267.2627 779.1543 779.1543 744.852 119.9458 283.4253 176.0383 198.7413 332.4392 1181.5651 265.0499 455.6141 221.5012 112.5681 355.4814 183.07 230.6084 1193.8731;
	3.6779 49.6964 86.2654 96.8477 14.3973 31.7456 22.942 10.2922 26.4206 26.7129 49.3784 73.6629 110.8991 64.4763 188.2364 70.917 87.9896 93.2427 86.5227 69.8283 7.6473 74.0731 70.1383 80.3406 80.3318 50.6234 8.0029 1230.519 779.9895 779.9895 750.1372 118.5335 288.4089 179.7383 202.1419 332.7955 1192.4887 254.964 437.2818 215.1744 104.4964 352.1645 188.4108 228.4778 1204.9105;
	3.6797 49.7213 81.5762 80.0461 14.7485 31.2905 19.6748 8.3184 22.0769 26.9017 49.7275 74.1836 111.683 63.4511 184.1691 69.3846 86.0883 91.2279 85.9727 72.0978 6.5583 73.0111 70.2206 78.7002 67.0056 46.3027 7.0717 1191.5865 767.6783 767.6783 691.9393 108.1675 286.5757 185.5799 198.9279 327.5427 1143.0147 227.6578 381.154 179.4794 103.2742 347.1154 199.338 208.0229 1154.9211;
	3.7375 50.5013 77.8126 74.4752 14.7431 29.9199 17.7683 6.9702 23.9261 27.9573 51.6787 77.0944 116.0652 63.0643 188.8409 71.1447 88.2721 93.5421 86.536 70.8249 5.9228 69.813 69.3905 75.1736 51.9516 30.6057 5.5879 1222.4412 736.4115 736.4115 666.7479 96.5759 288.4532 182.3036 197.7151 314.2022 1137.1538 204.2141 332.8863 139.156 99.0106 331.9109 192.994 168.6276 1148.9992;
	3.5762 48.3218 68.3997 58.9822 15.2561 28.679 15.1915 5.604 18.0464 26.6582 49.2772 73.5119 110.6717 63.7349 185.1548 69.756 86.5491 91.7162 85.7366 70.6152 5.0638 66.9176 68.5176 74.2397 48.5021 25.1485 4.5422 1301.3167 732.0074 732.0074 585.8272 71.2762 285.7887 181.7638 199.8174 312.3231 1158.0147 201.1025 267.0508 129.9163 74.5693 318.1453 167.7711 127.3962 1170.0774;
	3.6455 49.2589 66.2789 67.3014 15.2862 28.6959 16.1143 5.4148 15.9981 23.1921 42.8703 63.954 96.2824 63.8112 179.7088 67.7042 84.0034 89.0185 85.144 67.479 5.3714 66.9571 55.7991 81.7779 58.2453 19.4649 3.4913 1271.2036 729.2967 729.2967 668.52 70.9702 283.8132 173.6911 200.0567 311.1666 1164.6502 204.063 226.7314 156.0141 79.6863 318.333 162.4052 129.9795 1176.7819;
	3.1489 42.549 55.7913 65.1888 14.9972 25.5607 16.4159 3.95 22.2919 22.2363 41.1035 61.3184 92.3145 66.2945 177.7301 66.9588 83.0785 88.0384 86.452 67.3596 5.472 59.6415 52.396 83.9209 58.6871 13.387 2.5109 1231.264 806.3135 806.3135 782.0494 95.0141 288.1735 173.3837 207.8424 344.0271 1149.8137 232.2601 245.5043 157.1976 56.1719 283.5528 158.4937 147.6435 1161.7909;
	2.9119 39.346 47.3781 61.7219 15.2686 19.9045 19.0224 2.49 22.8954 19.932 36.8441 54.9641 82.7481 62.3569 168.0042 63.2946 78.5322 83.2207 85.9371 66.2281 6.3408 46.4439 44.1889 76.3621 42.046 7.6037 1.1886 1202.0454 791.9029 791.9029 769.0545 111.4558 286.4572 170.4712 195.4972 337.8786 1170.3692 213.0119 324.1334 112.6233 42.1279 220.8078 139.5962 122.0636 1182.5606;
	2.1783 29.434 32.938 43.9118 14.0225 14.1 18.2269 1.3694 20.1407 17.2999 31.9786 47.7058 71.8208 58.4032 161.7119 60.924 75.5909 80.1038 88.0351 67.0944 6.0756 32.9 38.2988 55.7157 24.8892 4.7339 1.285 1168.6098 779.5781 779.5781 776.7578 108.9883 293.4504 172.7012 183.1019 332.62 1125.5045 229.7142 347.9566 66.6676 34.4262 156.4158 92.22 79.3077 1137.2285;
	1.5554 21.0166 28.5246 28.2268 10.369 11.3334 20.2293 1.2358 18.6104 16.4532 30.4135 45.371 68.3058 60.4138 162.8146 61.3394 76.1063 80.65 87.8864 66.6548 6.7431 26.4445 39.3784 39.0395 20.7343 5.964 1.386 1032.5523 724.8386 724.8386 713.6546 101.5579 292.9545 171.5697 189.4053 309.2645 1022.39 203.7157 352.1082 55.5382 28.2406 125.7248 70.0998 68.7892 1033.0399;
	0.7553 10.2062 23.2409 25.4235 8.0106 7.8942 17.581 1.8358 14.3571 12.2818 22.7027 33.868 50.9881 57.6807 158.5306 59.7255 74.1038 78.5279 87.1664 56.7996 5.8603 18.4197 32.9245 36.5006 23.2195 8.9071 2.4499 940.6823 692.9828 692.9828 632.5676 94.2184 290.5546 146.2024 180.8368 295.6726 981.8195 200.4619 356.3392 62.1951 22.8721 87.5727 45.1477 45.6581 992.0468;
	0.7158 9.6717 20.7915 31.2464 6.1318 8.4734 13.6888 2.3914 13.1101 16.0936 29.7488 44.3793 66.8128 52.013 163.9535 61.7685 76.6387 81.2142 86.1117 61.287 4.5629 19.7712 38.8956 37.4686 26.5698 8.8803 3.6025 825.9178 652.4001 652.4001 653.161 91.5201 287.0389 157.7528 163.0677 278.3574 819.2056 209.3122 381.3357 71.169 20.6265 93.9977 35.8197 47.674 827.739;
	0.6702 9.0565 17.1794 0.0 0.4373 8.1904 12.0863 1.3659 12.3642 12.6813 23.4412 34.9697 52.6467 47.6057 155.024 58.4044 72.4647 76.7909 76.4879 54.4241 4.0288 19.1109 43.6444 45.3101 24.5003 4.6103 2.9556 766.543 596.6793 596.6793 564.4477 79.2411 254.9597 140.0879 149.2502 254.5832 746.817 181.4045 316.6001 65.6257 2.4009 90.8589 33.145 36.5815 754.5963;
	0.6966 9.412 10.3588 25.0088 6.3145 0.6427 5.7519 1.1311 9.0825 13.6966 25.318 37.7694 56.8617 56.4002 158.7587 59.8114 74.2104 78.6409 80.6444 65.0045 1.9173 1.4996 51.7796 39.1764 23.6901 3.1448 2.1418 791.3627 491.2745 491.2745 502.3992 74.802 268.8147 167.3217 176.8223 209.6104 602.8562 172.4194 205.5468 63.4556 6.0433 7.1294 7.9832 18.6406 609.136;
	0.3544 4.7891 0.0007 0.7473 5.8117 0.0 3.1867 0.2978 10.9842 16.9077 31.2535 46.6241 70.1924 57.85 165.7111 62.4307 77.4603 82.0848 83.6643 64.3162 1.0622 0.0 48.4304 39.6295 16.6864 4.0495 1.6929 721.6515 477.3636 477.3636 528.0563 76.1077 278.8811 165.5502 181.3675 203.6751 691.3585 177.3485 199.927 44.6958 19.2257 0.0 1.7206 3.2858 698.5601;
	0.5587 7.5487 0.0 0.0 1.9123 0.0111 0.0 0.075 0.1327 18.7697 34.6954 51.7588 77.9225 64.2676 139.9643 52.7307 65.4252 69.3311 86.7031 56.1275 0.0 0.0258 65.7974 35.9476 14.4991 3.0603 1.4117 666.2779 497.2683 497.2683 609.1543 83.098 289.0104 144.4724 201.4875 212.1678 685.2481 193.4754 276.2146 38.8368 60.1193 0.1227 0.0 0.0 692.3861;
	0.4507 6.0902 23.32 39.6921 0.5634 1.3644 0.0 2.4314 0.0 21.4928 39.7291 59.268 89.2276 64.6066 128.2437 48.3151 59.9465 63.5254 66.966 61.2284 0.0 3.1836 71.0308 48.2045 23.1996 9.0898 2.2086 697.8056 486.9565 486.9565 643.2626 84.4545 223.2201 157.602 202.5504 207.7681 641.7103 190.3416 299.611 62.1417 81.0675 15.1356 2.2833 0.0 648.3948;
