function solarprofile = ex_solar_profilesh1
%EX_WIND_PROFILE_D  Example wind_load_nyiso profile data for deterministic unit commitment.
% 2022.03.12
% Andres F. Ramirez


%% define constants
[GEN_BUS, PG, QG, QMAX, QMIN, VG, MBASE, GEN_STATUS, PMAX, PMIN, ...
    MU_PMAX, MU_PMIN, MU_QMAX, MU_QMIN, PC1, PC2, QC1MIN, QC1MAX, ...
    QC2MIN, QC2MAX, RAMP_AGC, RAMP_10, RAMP_30, RAMP_Q, APF] = idx_gen;
[CT_LABEL, CT_PROB, CT_TABLE, CT_TBUS, CT_TGEN, CT_TBRCH, CT_TAREABUS, ...
    CT_TAREAGEN, CT_TAREABRCH, CT_ROW, CT_COL, CT_CHGTYPE, CT_REP, ...
    CT_REL, CT_ADD, CT_NEWVAL, CT_TLOAD, CT_TAREALOAD, CT_LOAD_ALL_PQ, ...
    CT_LOAD_FIX_PQ, CT_LOAD_DIS_PQ, CT_LOAD_ALL_P, CT_LOAD_FIX_P, ...
    CT_LOAD_DIS_P, CT_TGENCOST, CT_TAREAGENCOST, CT_MODCOST_F, ...
    CT_MODCOST_X] = idx_ct;

solarprofile = struct( ...
    'type', 'mpcData', ...
    'table', CT_TGEN, ...
    'rows', [1:12], ...
    'col', PMAX, ...
    'chgtype', 1, ...
    'values', [] );
solarprofile.values(:,1,:) = [
	0.0 0.0 0.0 0.0 0.0 0.0 0.0 0.0 0.0 0.0 0.0 0.0;
	0.0 0.0 0.0 0.0 0.0 0.0 0.0 0.0 0.0 0.0 0.0 0.0;
	0.0 0.0 0.0 0.0 0.0 0.0 0.0 0.0 0.0 0.0 0.0 0.0;
	0.0 0.0 0.0 0.0 0.0 0.0 0.0 0.0 0.0 0.0 0.0 0.0;
	0.0 0.0 0.0 0.0 0.0 0.0 0.0 0.0 0.0 0.0 0.0 0.0;
	0.1575 0.1621 0.24 0.0 0.0 0.0 0.0 0.0 0.0 0.0 0.0 0.0;
	7.4824 5.4592 5.5012 1.9702 4.6979 65.0833 8.1354 12.3781 70.4687 177.7364 28.5801 321.8817;
	17.3522 14.3762 11.9475 5.7727 4.8591 142.1198 17.765 31.2789 122.8844 142.1683 139.2156 257.4677;
	22.7817 16.6083 13.8 8.8919 4.7499 199.3095 24.9137 46.0134 142.565 169.4588 150.8944 306.8909;
	22.8841 16.2438 13.4107 8.6784 1.7488 119.1221 14.8903 59.9173 97.9528 169.842 179.1718 307.5849;
	25.3363 15.9141 13.1655 7.4135 1.7436 85.751 10.7189 61.3306 82.4634 233.9847 202.5673 423.7477;
	25.964 16.4331 13.6065 6.6191 1.5475 51.74 6.4675 51.9139 47.9907 239.478 196.3186 433.696;
	25.8988 16.5546 13.7855 9.4298 1.9978 87.5312 10.9414 45.4499 50.2719 307.0115 243.1389 555.9997;
	23.1589 16.4454 13.7008 8.5705 1.2535 129.6941 16.2118 44.8368 44.5441 280.9785 218.2447 508.8537;
	17.1421 15.2121 11.3878 6.4878 0.8907 150.4511 18.8064 49.807 47.2877 158.809 181.9019 287.604;
	5.8855 6.9644 4.8796 5.5194 6.3094 276.3894 34.5487 49.9218 102.3363 117.2215 193.7128 212.2889;
	0.9136 0.7795 0.5385 1.575 3.4199 64.7234 8.0904 10.1989 35.8445 62.2214 40.3261 112.6833;
	0.0 0.0 0.0 0.0 0.0 0.0 0.0 0.0 0.0 0.0 0.0 0.0;
	0.0 0.0 0.0 0.0 0.0 0.0 0.0 0.0 0.0 0.0 0.0 0.0;
	0.0 0.0 0.0 0.0 0.0 0.0 0.0 0.0 0.0 0.0 0.0 0.0;
	0.0 0.0 0.0 0.0 0.0 0.0 0.0 0.0 0.0 0.0 0.0 0.0;
	0.0 0.0 0.0 0.0 0.0 0.0 0.0 0.0 0.0 0.0 0.0 0.0;
	0.0 0.0 0.0 0.0 0.0 0.0 0.0 0.0 0.0 0.0 0.0 0.0;
	0.0 0.0 0.0 0.0 0.0 0.0 0.0 0.0 0.0 0.0 0.0 0.0;
];
