function windprofile = ex_wind_profilesh1
%EX_WIND_PROFILE_D  Example wind_load_nyiso profile data for deterministic unit commitment.
% 2022.03.12
% Andres F. Ramirez


%% define constants
[GEN_BUS, PG, QG, QMAX, QMIN, VG, MBASE, GEN_STATUS, PMAX, PMIN, ...
    MU_PMAX, MU_PMIN, MU_QMAX, MU_QMIN, PC1, PC2, QC1MIN, QC1MAX, ...
    QC2MIN, QC2MAX, RAMP_AGC, RAMP_10, RAMP_30, RAMP_Q, APF] = idx_gen;
[CT_LABEL, CT_PROB, CT_TABLE, CT_TBUS, CT_TGEN, CT_TBRCH, CT_TAREABUS, ...
    CT_TAREAGEN, CT_TAREABRCH, CT_ROW, CT_COL, CT_CHGTYPE, CT_REP, ...
    CT_REL, CT_ADD, CT_NEWVAL, CT_TLOAD, CT_TAREALOAD, CT_LOAD_ALL_PQ, ...
    CT_LOAD_FIX_PQ, CT_LOAD_DIS_PQ, CT_LOAD_ALL_P, CT_LOAD_FIX_P, ...
    CT_LOAD_DIS_P, CT_TGENCOST, CT_TAREAGENCOST, CT_MODCOST_F, ...
    CT_MODCOST_X] = idx_ct;

windprofile = struct( ...
    'type', 'mpcData', ...
    'table', CT_TGEN, ...
    'rows', [1:45], ...
    'col', PMAX, ...
    'chgtype', 1, ...
    'values', [] );
windprofile.values(:,1,:) = [
	3.7514 50.6891 87.287 105.3881 14.982 31.6078 26.7148 11.1739 26.941 29.309 54.1772 80.8217 121.6766 65.0591 192.6896 72.5947 90.0712 95.4486 88.7775 71.3848 8.9049 73.7515 72.923 87.3312 92.4709 59.4555 8.859 1061.9372 689.279 689.279 636.9655 103.1593 295.925 183.7448 203.9692 294.0924 972.6134 250.1662 451.2596 247.69 113.5165 350.6356 188.4337 230.2746 982.7448;
	3.8421 51.9148 86.5276 105.0462 14.8475 31.6437 26.7817 10.9116 27.3053 27.8482 51.4769 76.7934 115.6121 63.481 188.2129 70.9081 87.9786 93.231 88.619 67.0694 8.9272 73.8353 70.9925 86.4677 95.0705 61.8938 7.9898 1079.168 680.1479 680.1479 685.4583 106.4601 295.3968 172.6369 199.0215 290.1965 1065.8048 257.9854 459.9412 254.6532 113.1204 351.0339 198.8242 233.6933 1076.907;
	3.7412 50.5515 84.4948 88.2903 14.6613 30.3108 24.0349 9.9236 26.2791 28.281 52.277 77.987 117.409 63.5781 186.3656 70.2121 87.1151 92.316 88.1032 68.6303 8.0116 70.7253 68.9313 85.9594 80.9427 59.3399 8.8868 1107.1344 641.0474 641.0474 635.4683 109.4419 293.6774 176.6545 199.3259 273.5136 994.6629 242.0103 455.9159 216.8109 111.6618 336.2483 176.8111 236.0267 1005.0239;
	3.629 49.0358 78.5477 85.7473 14.6912 28.1211 20.481 10.3284 25.3671 27.8153 51.4162 76.7028 115.4757 62.8792 185.51 69.8898 86.7151 91.8922 85.5257 66.8976 6.827 65.616 68.1345 83.2866 76.6852 56.0723 7.7779 976.1705 673.4955 673.4955 669.3067 106.8733 285.0855 172.1946 197.1349 287.3581 1010.0246 234.0644 428.3315 205.4067 105.7635 311.9572 179.396 218.2229 1020.5457;
	3.6292 49.0389 78.0852 81.6357 14.9121 29.9059 18.1858 10.3497 22.0714 27.7392 51.2755 76.4929 115.1596 64.4976 183.1555 69.0028 85.6145 90.7259 85.512 67.444 6.0619 69.7805 68.5119 88.5839 74.2016 55.5765 7.9908 1051.5002 691.8163 691.8163 653.6954 100.3721 285.04 173.6009 202.2086 295.1749 957.2269 224.9102 379.1883 198.7544 105.9005 331.7565 188.8339 205.8613 967.198;
	3.5654 48.1768 72.5605 70.2843 14.4164 28.9767 16.143 6.65 22.1654 27.8832 51.5416 76.8899 115.7574 59.1686 167.9595 63.2777 78.5113 83.1985 78.8215 64.3716 5.381 67.6122 58.3832 84.9352 53.9723 34.9936 5.3565 1076.1074 667.9666 667.9666 652.2057 92.1876 262.7385 165.6926 185.5015 284.9991 990.4666 215.4136 340.0598 144.5687 87.9946 321.4479 182.8523 166.7671 1000.7839;
	3.3099 44.7236 68.879 59.8156 14.3635 28.6239 14.2105 5.234 16.0079 27.2269 50.3286 75.0803 113.033 61.9134 183.9972 69.3199 86.008 91.1428 85.1801 68.5568 4.7368 66.7891 65.2694 80.1935 47.9378 25.1379 4.3474 1152.2541 651.6008 651.6008 560.2271 63.9291 283.9337 176.4654 194.1068 278.0163 1005.7323 198.1584 278.0796 128.4049 79.8568 317.5346 158.5332 133.946 1016.2086;
	3.2676 44.1519 63.4695 61.8275 14.4042 26.6579 15.6435 4.8389 14.4482 22.9555 42.4328 63.3014 95.3 64.0464 182.7565 68.8525 85.428 90.5282 84.6631 68.9938 5.2145 62.2019 53.9129 83.9875 54.4357 20.426 2.7727 1151.8457 657.6795 657.6795 609.8293 62.1314 282.2104 177.5902 200.794 280.6099 973.7916 202.5305 246.1602 145.81 83.4457 295.7254 145.3873 138.6034 983.9353;
	2.9785 40.2462 57.2122 62.3797 14.8773 23.4792 14.5854 3.9256 18.6884 20.8342 38.5117 57.4518 86.4934 63.0551 170.3516 64.179 79.6295 84.3835 82.6311 66.0929 4.8618 54.7848 45.6103 86.3974 57.8841 15.2257 2.5027 1175.698 763.9823 763.9823 736.1904 87.0965 275.437 170.1232 197.6863 325.9658 1018.9878 240.126 223.0079 155.0468 56.8238 260.4626 140.5852 157.0451 1029.6023;
	2.5452 34.3913 45.6584 54.6115 14.3539 17.8873 18.956 1.8984 20.2353 19.4056 35.8709 53.5124 80.5626 64.1758 162.3156 61.1515 75.8731 80.4028 83.1985 65.9744 6.3187 41.737 41.2485 72.3063 34.3966 6.421 0.9277 1037.693 769.1405 769.1405 730.5165 105.4036 277.3283 169.8182 201.1998 328.1666 1040.4203 233.9197 344.2572 92.1338 40.1854 198.4294 120.8866 117.1508 1051.258;
	2.073 28.0108 28.4093 38.4376 12.4454 12.9986 18.3034 0.9964 13.9001 14.3266 26.4824 39.5066 59.477 66.6667 153.4665 57.8176 71.7367 76.0195 84.0901 67.155 6.1011 30.3301 30.7317 49.9679 19.4497 4.3136 1.6109 1074.7422 772.0032 772.0032 739.4671 108.3467 280.3002 172.8571 209.0092 329.388 1007.5454 243.7584 394.9315 52.0973 34.7861 144.1982 89.1346 78.5548 1018.0406;
	1.5218 20.5629 24.8209 22.329 8.9927 9.8329 18.8351 1.2357 15.0484 16.9558 31.3426 46.7569 70.3923 65.7226 168.6608 63.542 78.8391 83.546 82.6205 68.8933 6.2784 22.9433 38.4544 39.218 17.7544 6.3705 2.2144 958.1583 708.3421 708.3421 682.3374 104.0003 275.4017 177.3315 206.0491 302.226 950.7041 209.2078 403.1058 47.5563 25.957 109.0792 65.3119 68.4067 960.6073;
	1.0848 14.6576 25.4826 24.8005 8.4636 7.9874 18.7364 2.541 14.8309 14.4751 26.7569 39.9161 60.0934 60.6092 176.6381 66.5474 82.568 87.4975 82.702 71.0918 6.2455 18.6374 39.4622 37.8153 22.2473 11.556 2.9158 936.5667 702.3414 702.3414 680.7698 97.801 275.6732 182.9905 190.0179 299.6656 913.1032 217.425 440.1971 59.5909 31.247 88.6073 47.1603 54.7146 922.6147;
	0.8195 11.073 22.3994 31.7623 7.3809 8.1439 13.8334 3.0668 12.227 16.9134 31.2642 46.6401 70.2164 63.2269 175.1194 65.9752 81.8581 86.7452 81.1405 67.3899 4.6111 19.0024 47.6168 41.776 26.1663 11.9266 3.9308 965.0274 607.2017 607.2017 655.0575 91.2385 270.4682 173.4618 198.2249 259.0727 808.0543 208.678 420.5666 70.0883 31.1781 90.3427 36.8425 60.716 816.4716;
	0.8492 11.4744 23.6684 8.1816 6.425 7.7111 12.2947 2.4803 12.5537 17.7045 32.7265 48.8215 73.5004 65.2306 174.6346 65.7926 81.6315 86.505 78.6552 69.977 4.0982 17.9925 53.7899 50.6484 25.9136 8.4325 3.7747 769.1555 540.954 540.954 610.1547 75.9273 262.1839 180.121 204.5068 230.807 657.1886 192.7563 363.6468 69.4115 32.1985 85.5416 33.0761 59.3947 664.0343;
	0.9195 12.425 17.0139 27.8206 7.9528 1.1576 5.4465 1.3042 9.4512 16.6797 30.8322 45.9956 69.2461 61.5402 169.0098 63.6735 79.0023 83.7188 77.7359 69.7848 1.8155 2.7011 56.0492 46.6996 23.1176 4.7483 2.2212 534.0118 430.5545 430.5545 549.1677 74.6426 259.1195 179.6262 192.937 183.7033 477.1716 185.3293 236.887 61.9222 31.0958 12.8419 0.8163 28.2555 482.1422;
	0.4793 6.4765 0.2287 0.0 6.1483 0.0 3.7601 0.0 10.591 18.3653 33.9479 50.6436 76.2437 56.549 173.2163 65.2582 80.9685 85.8025 82.7339 67.6428 1.2534 0.0 57.0002 40.9844 13.3937 3.7679 1.2776 485.7185 441.7522 441.7522 557.7998 77.194 275.7797 174.1128 177.2889 188.4809 535.1935 183.2103 229.0859 35.8759 37.1919 0.0 0.2987 8.365 540.7684;
	0.9993 13.503 0.0121 0.0 2.5338 0.0052 4.3356 0.0493 4.5048 21.0726 38.9525 58.1094 87.4834 62.1012 140.9511 53.1025 65.8864 69.8199 83.2486 54.877 1.4452 0.0121 70.7036 36.5746 14.1208 2.5077 1.5518 462.2574 474.4036 474.4036 595.5475 85.7568 277.4954 141.2535 194.6956 202.4122 641.6768 207.9833 345.8151 37.8237 77.398 0.0577 1.0494 53.9224 648.3609;
	0.4554 6.1531 18.4317 32.3188 0.0324 0.0 3.3404 0.8334 2.3404 22.5281 41.6429 62.1229 93.5258 59.6565 127.5057 48.037 59.6015 63.1598 6.6798 60.4552 1.1135 0.0 70.5393 41.491 20.4941 3.5399 1.7275 483.4844 435.5172 435.5172 604.3222 81.6529 22.2662 155.6118 187.031 185.8207 585.9389 193.662 349.968 54.8948 80.446 0.0 0.8937 1.954 592.0425;
