function loadprofile = ex_load_profilesh1
%EX_LOAD_PROFILE  Example load profile data file for stochastic unit commitment.
% 2022.03.12
% Andres F. Ramirez

%% define constants
[CT_LABEL, CT_PROB, CT_TABLE, CT_TBUS, CT_TGEN, CT_TBRCH, CT_TAREABUS, ...
    CT_TAREAGEN, CT_TAREABRCH, CT_ROW, CT_COL, CT_CHGTYPE, CT_REP, ...
    CT_REL, CT_ADD, CT_NEWVAL, CT_TLOAD, CT_TAREALOAD, CT_LOAD_ALL_PQ, ...
    CT_LOAD_FIX_PQ, CT_LOAD_DIS_PQ, CT_LOAD_ALL_P, CT_LOAD_FIX_P, ...
    CT_LOAD_DIS_P, CT_TGENCOST, CT_TAREAGENCOST, CT_MODCOST_F, ...
    CT_MODCOST_X] = idx_ct;

loadprofile = struct( ...
    'type', 'mpcData', ...
    'table', CT_TAREALOAD, ...
    'rows', [1:11], ...
    'col', CT_LOAD_ALL_P, ...
    'chgtype', 1, ...
    'values', [] );
loadprofile.values(:,1,:) = [
	1564.7 962.5568 1686.0 568.3973 800.1 1168.1773 932.525 269.3 557.6191 4691.8294 1853.916;
	1568.0339 966.8041 1673.7232 582.3286 803.9248 1172.5268 908.229 264.7042 542.2096 4610.99 1784.5465;
	1594.0 977.0522 1690.6317 586.6514 831.6 1211.4737 915.9534 269.8 545.8511 4745.5293 1852.5434;
	1683.2055 1049.2224 1806.2226 606.0939 897.7 1261.4898 964.5516 301.0956 568.0287 4843.3801 1912.9105;
	1819.8757 1171.4 2013.5435 642.5 1045.0016 1431.0967 1088.254 340.9755 650.9751 5443.528 2181.1032;
	1916.6537 1233.5407 2112.857 659.0443 1098.4267 1489.8043 1141.1 342.9726 717.0672 5969.3609 2322.2981;
	1940.9553 1218.5957 2104.331 649.5 1095.0418 1502.3296 1162.7717 351.916 732.9466 6329.6087 2349.1554;
	1928.23 1214.1 2067.4796 619.2021 1084.6493 1486.0381 1177.7819 357.129 726.2244 6482.4013 2325.7626;
	1883.6 1211.5448 2075.5795 610.3074 1098.4802 1474.9 1157.683 343.3 734.6737 6548.5774 2295.4097;
	1851.6249 1186.182 2064.4532 603.0 1082.2403 1495.0177 1129.0849 341.3949 697.8 6512.1065 2349.0142;
	1863.178 1180.0301 2024.0229 593.4 1050.6798 1455.8635 1101.4617 335.1772 681.3956 6587.9928 2306.5908;
	1880.1097 1173.0496 2024.984 580.2646 1025.7468 1438.0 1106.0997 332.4199 681.0883 6580.1845 2298.8761;
	1876.8011 1156.4542 1949.6205 584.8214 1020.5999 1424.6067 1087.0711 337.0139 676.4714 6563.3186 2341.973;
	1837.6077 1192.3 1973.9887 568.6552 1014.5301 1468.6431 1138.5 331.0391 700.8526 6749.7675 2356.1756;
	1857.0 1201.467 2002.4389 567.3608 1024.4 1472.9579 1134.4892 339.6328 720.6815 6733.0943 2361.2697;
	1911.0139 1233.2533 2049.1937 583.0091 1026.4 1500.7241 1126.4585 345.7847 735.0018 6700.6549 2398.5859;
	1820.5152 1245.6859 2047.0296 609.7 1052.8 1538.6431 1161.9312 340.1894 729.8046 6438.9531 2459.5597;
	1813.4951 1286.727 2090.7229 602.2 1085.9 1598.2 1235.6029 354.4542 740.7527 6526.8775 2588.0337;
	1845.8286 1265.0068 2072.9795 605.4 1066.7717 1570.9602 1225.8 355.4971 736.839 6384.8127 2546.0851;
	1773.7879 1189.1929 1973.4575 607.3701 1009.747 1455.6154 1182.15 309.2683 713.8979 6175.1188 2444.9208;
	1709.177 1100.5982 1827.4719 587.5146 938.6193 1368.3832 1099.4838 244.9228 666.5091 5828.7552 2215.7044;
	1609.0583 1026.5 1734.7488 573.6 854.3 1277.5 1007.6 220.8315 589.5815 5345.7 1995.68;
	1556.0597 949.9666 1653.0634 557.2431 832.352 1181.9403 906.76 206.7576 540.9578 4958.0 1854.411;
	1574.9403 961.2053 1633.8447 568.9338 842.9 1170.0546 877.2875 201.5853 536.2499 4810.0702 1799.2;
];
