function solarprofile = ex_solar_profilesh1
%EX_WIND_PROFILE_D  Example wind_load_nyiso profile data for deterministic unit commitment.
% 2022.03.12
% Andres F. Ramirez


%% define constants
[GEN_BUS, PG, QG, QMAX, QMIN, VG, MBASE, GEN_STATUS, PMAX, PMIN, ...
    MU_PMAX, MU_PMIN, MU_QMAX, MU_QMIN, PC1, PC2, QC1MIN, QC1MAX, ...
    QC2MIN, QC2MAX, RAMP_AGC, RAMP_10, RAMP_30, RAMP_Q, APF] = idx_gen;
[CT_LABEL, CT_PROB, CT_TABLE, CT_TBUS, CT_TGEN, CT_TBRCH, CT_TAREABUS, ...
    CT_TAREAGEN, CT_TAREABRCH, CT_ROW, CT_COL, CT_CHGTYPE, CT_REP, ...
    CT_REL, CT_ADD, CT_NEWVAL, CT_TLOAD, CT_TAREALOAD, CT_LOAD_ALL_PQ, ...
    CT_LOAD_FIX_PQ, CT_LOAD_DIS_PQ, CT_LOAD_ALL_P, CT_LOAD_FIX_P, ...
    CT_LOAD_DIS_P, CT_TGENCOST, CT_TAREAGENCOST, CT_MODCOST_F, ...
    CT_MODCOST_X] = idx_ct;

solarprofile = struct( ...
    'type', 'mpcData', ...
    'table', CT_TGEN, ...
    'rows', [1:12], ...
    'col', PMAX, ...
    'chgtype', 1, ...
    'values', [] );
solarprofile.values(:,1,:) = [
	0.0 0.0 0.0 0.0 0.0 0.0 0.0 0.0 0.0 0.0 0.0 0.0;
	0.0 0.0 0.0 0.0 0.0 0.0 0.0 0.0 0.0 0.0 0.0 0.0;
	0.0 0.0 0.0 0.0 0.0 0.0 0.0 0.0 0.0 0.0 0.0 0.0;
	0.0 0.0 0.0 0.0 0.0 0.0 0.0 0.0 0.0 0.0 0.0 0.0;
	0.0 0.0 0.0 0.0 0.0 0.0 0.0 0.0 0.0 0.0 0.0 0.0;
	0.1575 0.1621 0.24 0.0 0.0 0.0 0.0 0.0 0.0 0.0 0.0 0.0;
	11.2315 9.1565 8.3024 1.5417 1.8563 53.7352 6.7169 11.6549 102.0123 56.3465 27.718 102.0438;
	19.4217 14.4697 13.6005 2.7103 5.0535 96.2569 12.0321 7.5056 197.9125 157.8976 75.6084 285.9535;
	23.0141 16.5606 13.8839 5.1156 6.6101 202.274 25.2842 9.8589 223.5552 245.5015 118.0312 444.6046;
	21.8487 9.2618 13.7624 6.9583 3.4135 323.3688 40.4211 20.6715 263.988 321.8363 208.8788 582.8475;
	20.6788 4.3482 13.4155 6.5585 1.617 402.1578 50.2697 43.639 269.6924 332.8152 246.1797 602.7303;
	21.4073 4.5088 12.892 6.2212 1.1169 415.6836 51.9605 50.0851 264.1538 336.3473 252.4278 609.127;
	25.8237 14.7608 13.7358 9.4334 7.0351 395.9923 49.499 65.1537 278.1488 346.1507 266.3139 626.8811;
	23.0512 16.0147 13.7008 9.0677 7.928 380.2831 47.5354 64.4944 274.7429 341.2375 251.4237 617.9831;
	18.1284 12.1677 11.6088 8.6715 7.3616 357.2731 44.6591 63.2718 271.8061 323.6595 229.7029 586.1494;
	8.994 5.1074 5.8592 9.5006 10.3071 336.3332 42.0417 62.8625 252.5325 253.5317 182.8329 459.1475;
	0.9117 0.7354 0.565 2.216 3.8136 66.7203 8.34 15.057 41.8195 67.1896 40.7197 121.6809;
	0.0 0.0 0.0 0.0 0.0 0.0 0.0 0.0 0.0 0.0 0.0 0.0;
	0.0 0.0 0.0 0.0 0.0 0.0 0.0 0.0 0.0 0.0 0.0 0.0;
	0.0 0.0 0.0 0.0 0.0 0.0 0.0 0.0 0.0 0.0 0.0 0.0;
	0.0 0.0 0.0 0.0 0.0 0.0 0.0 0.0 0.0 0.0 0.0 0.0;
	0.0 0.0 0.0 0.0 0.0 0.0 0.0 0.0 0.0 0.0 0.0 0.0;
	0.0 0.0 0.0 0.0 0.0 0.0 0.0 0.0 0.0 0.0 0.0 0.0;
	0.0 0.0 0.0 0.0 0.0 0.0 0.0 0.0 0.0 0.0 0.0 0.0;
];
