function loadprofile = ex_load_profilesh1
%EX_LOAD_PROFILE  Example load profile data file for stochastic unit commitment.
% 2022.03.12
% Andres F. Ramirez

%% define constants
[CT_LABEL, CT_PROB, CT_TABLE, CT_TBUS, CT_TGEN, CT_TBRCH, CT_TAREABUS, ...
    CT_TAREAGEN, CT_TAREABRCH, CT_ROW, CT_COL, CT_CHGTYPE, CT_REP, ...
    CT_REL, CT_ADD, CT_NEWVAL, CT_TLOAD, CT_TAREALOAD, CT_LOAD_ALL_PQ, ...
    CT_LOAD_FIX_PQ, CT_LOAD_DIS_PQ, CT_LOAD_ALL_P, CT_LOAD_FIX_P, ...
    CT_LOAD_DIS_P, CT_TGENCOST, CT_TAREAGENCOST, CT_MODCOST_F, ...
    CT_MODCOST_X] = idx_ct;

loadprofile = struct( ...
    'type', 'mpcData', ...
    'table', CT_TAREALOAD, ...
    'rows', [1:11], ...
    'col', CT_LOAD_ALL_P, ...
    'chgtype', 1, ...
    'values', [] );
loadprofile.values(:,1,:) = [
	1475.5 950.6203 1627.5944 588.3448 822.1713 1116.9736 857.5 269.2417 498.2691 4433.2609 1732.0073;
	1468.8353 956.2012 1640.2349 593.168 815.1072 1137.7313 872.0754 270.7 502.9232 4424.5556 1759.8601;
	1464.5498 980.9768 1686.8872 601.4217 839.3 1169.0528 902.9466 287.6 512.7 4434.2685 1767.6322;
	1553.8957 1049.1 1779.0679 616.5524 886.1502 1220.4232 950.9563 306.8758 546.7 4731.0555 1905.0944;
	1670.2095 1175.4449 1988.6498 632.6604 1026.9 1377.9634 1043.5912 347.6068 620.5214 5339.8375 2126.6819;
	1787.163 1246.6117 2112.8798 664.5928 1088.3781 1436.8336 1084.8185 372.5845 691.6976 5936.4083 2263.4;
	1819.6784 1249.9162 2117.2753 660.0151 1091.08 1423.2132 1093.465 363.0403 701.8271 6281.0619 2309.8146;
	1784.2722 1241.5347 2082.3619 661.9523 1111.1726 1402.6935 1093.1437 356.9 695.0352 6354.1255 2251.7194;
	1769.9871 1209.7365 2055.0 638.2497 1094.601 1352.8258 1080.0653 372.234 691.8389 6432.5098 2267.1214;
	1773.4821 1197.6161 2003.4733 623.4 1045.3518 1330.0954 1065.9597 358.2 703.4069 6466.1895 2262.2292;
	1770.2057 1194.128 1960.8336 606.0441 1018.5119 1257.9848 1074.631 348.8395 685.1179 6468.5111 2276.4274;
	1843.0011 1242.8 1991.5818 609.4 1020.579 1294.9777 1065.6493 357.2562 689.2663 6518.0 2283.7071;
	1778.101 1204.7552 1934.8504 606.4456 995.8 1264.5396 1087.6795 363.1 697.1199 6478.4617 2348.242;
	1728.9159 1191.0857 1905.3782 596.0 967.1115 1274.303 1076.692 353.0 659.6801 6347.668 2211.9;
	1742.9233 1196.9261 1897.2456 567.4462 981.7352 1394.2456 1099.8905 346.5 677.163 6358.4029 2273.9498;
	1665.1162 1181.9723 1847.3068 596.1278 1016.0 1405.5525 1100.5878 362.0524 693.6492 6433.3882 2370.9967;
	1720.6073 1189.2921 1883.679 604.2515 1049.3559 1484.0259 1111.055 376.8328 735.3514 6303.8234 2439.3;
	1730.0325 1226.0183 2018.1499 624.1973 1079.6119 1569.5704 1192.2622 395.3176 753.1282 6362.3528 2552.7424;
	1797.2419 1210.1293 2022.6124 606.7026 1094.5205 1575.7404 1201.1517 409.6202 732.3 6141.4914 2528.8766;
	1755.7848 1148.0657 1927.6683 590.5669 1039.6127 1496.2171 1158.0 380.5621 698.0 5945.9632 2373.8075;
	1634.3187 1075.6246 1807.8808 571.6883 980.2426 1435.9129 1098.5 360.1 659.864 5717.227 2257.3962;
	1537.492 1026.0889 1729.5095 553.9926 896.3762 1339.7416 1048.5738 327.4 614.0011 5338.7 2065.3551;
	1519.1471 1018.7657 1691.3044 554.6942 862.4745 1200.3 968.654 300.7 567.236 5124.6174 1950.4885;
	1489.3791 994.4 1659.3449 531.4896 862.3903 1209.2744 929.781 277.5182 563.9 4926.4065 1866.1202;
];
