function solarprofile = ex_solar_profilesh1
%EX_WIND_PROFILE_D  Example wind_load_nyiso profile data for deterministic unit commitment.
% 2022.03.12
% Andres F. Ramirez


%% define constants
[GEN_BUS, PG, QG, QMAX, QMIN, VG, MBASE, GEN_STATUS, PMAX, PMIN, ...
    MU_PMAX, MU_PMIN, MU_QMAX, MU_QMIN, PC1, PC2, QC1MIN, QC1MAX, ...
    QC2MIN, QC2MAX, RAMP_AGC, RAMP_10, RAMP_30, RAMP_Q, APF] = idx_gen;
[CT_LABEL, CT_PROB, CT_TABLE, CT_TBUS, CT_TGEN, CT_TBRCH, CT_TAREABUS, ...
    CT_TAREAGEN, CT_TAREABRCH, CT_ROW, CT_COL, CT_CHGTYPE, CT_REP, ...
    CT_REL, CT_ADD, CT_NEWVAL, CT_TLOAD, CT_TAREALOAD, CT_LOAD_ALL_PQ, ...
    CT_LOAD_FIX_PQ, CT_LOAD_DIS_PQ, CT_LOAD_ALL_P, CT_LOAD_FIX_P, ...
    CT_LOAD_DIS_P, CT_TGENCOST, CT_TAREAGENCOST, CT_MODCOST_F, ...
    CT_MODCOST_X] = idx_ct;

solarprofile = struct( ...
    'type', 'mpcData', ...
    'table', CT_TGEN, ...
    'rows', [1:12], ...
    'col', PMAX, ...
    'chgtype', 1, ...
    'values', [] );
solarprofile.values(:,1,:) = [
	0.0 0.0 0.0 0.0 0.0 0.0 0.0 0.0 0.0 0.0 0.0 0.0;
	0.0 0.0 0.0 0.0 0.0 0.0 0.0 0.0 0.0 0.0 0.0 0.0;
	0.0 0.0 0.0 0.0 0.0 0.0 0.0 0.0 0.0 0.0 0.0 0.0;
	0.0 0.0 0.0 0.0 0.0 0.0 0.0 0.0 0.0 0.0 0.0 0.0;
	0.0 0.0 0.0 0.0 0.0 0.0 0.0 0.0 0.0 0.0 0.0 0.0;
	0.1575 0.163 0.2417 0.0 0.0 0.1594 0.0199 0.227 0.3422 0.0 0.0 0.0;
	6.5227 6.5164 5.8241 1.625 6.4118 350.2653 43.7832 11.8703 114.7909 33.6755 21.6677 60.9866;
	6.4243 8.1303 3.1304 3.2903 4.8263 341.7172 42.7147 14.5061 168.6644 134.4078 52.7743 243.4134;
	11.0281 11.8562 2.9151 6.1977 5.3775 336.876 42.1095 31.1316 196.6443 253.8676 121.9825 459.7558;
	19.8892 13.9154 6.0121 8.8775 7.2925 236.0889 29.5111 47.2727 193.3547 335.6275 191.7721 607.8234;
	22.1022 15.6415 11.3312 9.4518 9.3871 178.2729 22.2841 49.3513 168.6631 332.2389 196.3252 601.6867;
	23.6479 16.0938 13.4611 9.0864 9.5328 70.5658 8.8207 48.4333 134.964 308.7058 193.7 559.0681;
	22.7521 16.3202 13.7855 10.1765 11.6043 119.5738 14.9467 61.6008 160.8257 341.4098 245.2382 618.2951;
	17.1691 16.0536 13.5003 9.3301 9.855 123.1487 15.3936 59.7008 149.7924 336.3715 219.421 609.1709;
	8.3479 10.5787 7.6538 7.1597 8.4202 98.6528 12.3316 51.0397 135.5242 292.5375 169.6632 529.7873;
	2.2236 3.5921 1.221 6.0436 10.7014 95.3279 11.916 19.0577 99.3698 201.1386 64.0639 364.2633;
	0.8962 0.7368 0.5133 1.6877 3.5103 58.226 7.2783 9.8843 34.9853 65.192 37.0724 118.0632;
	0.0 0.0 0.0 0.0 0.0 0.0 0.0 0.0 0.0 0.0 0.0 0.0;
	0.0 0.0 0.0 0.0 0.0 0.0 0.0 0.0 0.0 0.0 0.0 0.0;
	0.0 0.0 0.0 0.0 0.0 0.0 0.0 0.0 0.0 0.0 0.0 0.0;
	0.0 0.0 0.0 0.0 0.0 0.0 0.0 0.0 0.0 0.0 0.0 0.0;
	0.0 0.0 0.0 0.0 0.0 0.0 0.0 0.0 0.0 0.0 0.0 0.0;
	0.0 0.0 0.0 0.0 0.0 0.0 0.0 0.0 0.0 0.0 0.0 0.0;
	0.0 0.0 0.0 0.0 0.0 0.0 0.0 0.0 0.0 0.0 0.0 0.0;
];
