function solarprofile = ex_solar_profilesh1
%EX_WIND_PROFILE_D  Example wind_load_nyiso profile data for deterministic unit commitment.
% 2022.03.12
% Andres F. Ramirez


%% define constants
[GEN_BUS, PG, QG, QMAX, QMIN, VG, MBASE, GEN_STATUS, PMAX, PMIN, ...
    MU_PMAX, MU_PMIN, MU_QMAX, MU_QMIN, PC1, PC2, QC1MIN, QC1MAX, ...
    QC2MIN, QC2MAX, RAMP_AGC, RAMP_10, RAMP_30, RAMP_Q, APF] = idx_gen;
[CT_LABEL, CT_PROB, CT_TABLE, CT_TBUS, CT_TGEN, CT_TBRCH, CT_TAREABUS, ...
    CT_TAREAGEN, CT_TAREABRCH, CT_ROW, CT_COL, CT_CHGTYPE, CT_REP, ...
    CT_REL, CT_ADD, CT_NEWVAL, CT_TLOAD, CT_TAREALOAD, CT_LOAD_ALL_PQ, ...
    CT_LOAD_FIX_PQ, CT_LOAD_DIS_PQ, CT_LOAD_ALL_P, CT_LOAD_FIX_P, ...
    CT_LOAD_DIS_P, CT_TGENCOST, CT_TAREAGENCOST, CT_MODCOST_F, ...
    CT_MODCOST_X] = idx_ct;

solarprofile = struct( ...
    'type', 'mpcData', ...
    'table', CT_TGEN, ...
    'rows', [1:12], ...
    'col', PMAX, ...
    'chgtype', 1, ...
    'values', [] );
solarprofile.values(:,1,:) = [
	0.0 0.0 0.0 0.0 0.0 0.0 0.0 0.0 0.0 0.0 0.0 0.0;
	0.0 0.0 0.0 0.0 0.0 0.0 0.0 0.0 0.0 0.0 0.0 0.0;
	0.0 0.0 0.0 0.0 0.0 0.0 0.0 0.0 0.0 0.0 0.0 0.0;
	0.0 0.0 0.0 0.0 0.0 0.0 0.0 0.0 0.0 0.0 0.0 0.0;
	0.0 0.0 0.0 0.0 0.0 0.0 0.0 0.0 0.0 0.0 0.0 0.0;
	0.1575 0.1621 0.24 0.0 0.0 0.0 0.0 0.0 0.0 0.0 0.0 0.0;
	2.0401 2.7349 0.873 0.1054 0.1904 236.912 29.614 38.78 99.5066 26.5957 22.3461 48.165;
	4.606 9.6876 4.2813 1.2639 2.3164 278.6974 34.8372 41.2581 156.0626 114.5612 90.9139 207.4711;
	13.7053 16.5772 13.468 3.3049 4.369 284.1242 35.5155 45.4311 168.1199 196.3083 153.3 355.5155;
	22.6715 16.474 13.7624 3.7941 2.6633 184.2986 23.0373 41.4689 151.8433 217.1276 136.3734 393.2194;
	22.9064 16.5326 13.7859 5.9134 2.1721 215.2737 26.9092 31.5831 146.1549 240.311 106.5717 435.2047;
	22.2332 16.5331 13.7863 6.9042 2.25 232.5918 29.074 23.1309 140.1809 249.9388 95.4184 452.6406;
	21.9487 16.5546 13.7855 9.3625 6.9647 356.8153 44.6019 55.3325 200.3454 341.4098 175.7105 618.2951;
	19.6274 16.3881 13.7008 7.9951 6.6922 353.4083 44.176 59.3003 201.7008 336.3715 156.7272 609.1709;
	16.5673 15.0617 10.9662 4.8016 5.8355 329.3329 41.1666 57.3581 194.546 269.46 70.2128 487.9937;
	9.6711 9.7079 5.6717 4.6588 10.3248 294.8204 36.8525 48.2549 186.248 181.2091 61.2709 328.1707;
	1.2071 1.1517 0.6379 2.335 4.0555 65.4756 8.1844 9.9093 40.5424 67.1924 39.7278 121.6858;
	0.0 0.0 0.0 0.0 0.0 0.0 0.0 0.0 0.0 0.0 0.0 0.0;
	0.0 0.0 0.0 0.0 0.0 0.0 0.0 0.0 0.0 0.0 0.0 0.0;
	0.0 0.0 0.0 0.0 0.0 0.0 0.0 0.0 0.0 0.0 0.0 0.0;
	0.0 0.0 0.0 0.0 0.0 0.0 0.0 0.0 0.0 0.0 0.0 0.0;
	0.0 0.0 0.0 0.0 0.0 0.0 0.0 0.0 0.0 0.0 0.0 0.0;
	0.0 0.0 0.0 0.0 0.0 0.0 0.0 0.0 0.0 0.0 0.0 0.0;
	0.0 0.0 0.0 0.0 0.0 0.0 0.0 0.0 0.0 0.0 0.0 0.0;
];
