function windprofile = ex_wind_profilesh1
%EX_WIND_PROFILE_D  Example wind_load_nyiso profile data for deterministic unit commitment.
% 2022.03.12
% Andres F. Ramirez


%% define constants
[GEN_BUS, PG, QG, QMAX, QMIN, VG, MBASE, GEN_STATUS, PMAX, PMIN, ...
    MU_PMAX, MU_PMIN, MU_QMAX, MU_QMIN, PC1, PC2, QC1MIN, QC1MAX, ...
    QC2MIN, QC2MAX, RAMP_AGC, RAMP_10, RAMP_30, RAMP_Q, APF] = idx_gen;
[CT_LABEL, CT_PROB, CT_TABLE, CT_TBUS, CT_TGEN, CT_TBRCH, CT_TAREABUS, ...
    CT_TAREAGEN, CT_TAREABRCH, CT_ROW, CT_COL, CT_CHGTYPE, CT_REP, ...
    CT_REL, CT_ADD, CT_NEWVAL, CT_TLOAD, CT_TAREALOAD, CT_LOAD_ALL_PQ, ...
    CT_LOAD_FIX_PQ, CT_LOAD_DIS_PQ, CT_LOAD_ALL_P, CT_LOAD_FIX_P, ...
    CT_LOAD_DIS_P, CT_TGENCOST, CT_TAREAGENCOST, CT_MODCOST_F, ...
    CT_MODCOST_X] = idx_ct;

windprofile = struct( ...
    'type', 'mpcData', ...
    'table', CT_TGEN, ...
    'rows', [1:45], ...
    'col', PMAX, ...
    'chgtype', 1, ...
    'values', [] );
windprofile.values(:,1,:) = [
	3.5879 48.4807 91.7905 112.8973 14.7405 31.1807 25.4422 13.1977 26.5575 30.317 56.0404 83.6013 125.8613 69.777 186.8354 70.3891 87.3347 92.5487 86.0188 72.5953 8.4807 72.7549 75.6704 87.9116 98.8422 61.3311 9.2137 1209.6466 777.8706 777.8706 733.5358 110.8753 286.7294 186.8606 218.7604 331.8915 1111.2917 276.4574 458.487 264.7559 114.7521 345.8977 189.8185 239.6664 1122.8677;
	3.6109 48.7909 87.9989 108.9041 14.7337 32.0871 27.3833 12.0629 26.5405 28.1788 52.088 77.7051 116.9846 69.8986 192.18 72.4027 89.833 95.1961 85.874 70.7653 9.1278 74.87 74.8462 82.5819 91.306 58.7382 7.9451 1178.2487 810.9918 810.9918 780.2528 112.1646 286.2465 182.1502 219.1415 346.0232 1199.565 287.4934 459.6429 244.5695 116.418 355.9533 197.6681 234.1276 1212.0605;
	3.5841 48.4297 89.4692 98.1155 14.9707 32.076 23.7764 11.1468 26.7365 29.3254 54.2075 80.867 121.7448 69.853 186.3539 70.2078 87.1096 92.3102 86.0706 70.9542 7.9255 74.8439 74.5179 83.2508 86.0736 57.6007 8.7556 1172.6343 782.1754 782.1754 755.6568 108.2532 286.9019 182.6364 218.9987 333.7282 1102.9238 265.021 457.2512 230.5542 118.361 355.8292 184.0473 244.8623 1114.4125;
	3.6139 48.8319 87.8721 99.3547 15.0643 31.437 19.9209 10.55 25.653 27.7244 51.2482 76.4522 115.0984 69.3575 186.3474 70.2053 87.1066 92.307 87.8041 70.7219 6.6403 73.3529 72.3425 83.0735 80.8332 49.2721 7.6119 1178.4512 814.1513 814.1513 753.4241 112.415 292.6804 182.0384 217.4451 347.3712 1159.7459 273.0986 436.7203 216.5176 113.2426 348.7407 192.3181 228.7307 1171.8266;
	3.4402 46.4845 79.1009 80.2947 14.862 31.4112 17.1055 8.0698 20.6388 26.7305 49.4109 73.7114 110.9721 69.1379 179.4603 67.6106 83.8873 88.8955 86.2168 68.6478 5.7018 73.2929 71.3526 82.0979 65.8196 43.4647 6.9544 1124.4817 779.342 779.342 689.2954 103.2118 287.3892 176.6997 216.7567 332.5193 1056.0686 251.3074 376.8005 176.3026 111.2145 348.4553 197.925 191.1079 1067.0694;
	3.5796 48.3679 73.738 73.4897 14.6481 29.0844 15.6035 5.743 20.7368 27.9331 51.6339 77.0276 115.9646 67.0072 183.0429 68.9604 85.5619 90.6701 89.9962 68.0621 5.2012 67.8637 71.1814 78.7305 49.2567 33.1657 5.1899 1111.1783 712.5665 712.5665 640.4393 90.5383 299.9872 175.1921 210.0766 304.0284 1064.3465 228.1668 339.8399 131.9377 99.4717 322.6433 187.818 159.6719 1075.4334;
	3.0596 41.3416 67.7671 59.23 14.839 26.3738 14.555 4.294 17.8019 27.392 50.6338 75.5357 113.7185 69.2324 185.7782 69.9909 86.8405 92.025 90.4485 72.1281 4.8517 61.5389 72.3421 72.2423 34.407 24.6552 4.0625 1144.3178 678.0964 678.0964 573.9823 61.9788 301.4948 185.6578 217.0528 289.3211 1037.4687 202.8923 283.633 92.1615 89.2014 292.5736 157.4222 112.3371 1048.2757;
	3.1081 41.9966 62.4981 64.6168 14.7389 25.1685 15.9203 3.7288 15.59 17.3157 32.0079 47.7495 71.8866 69.2962 181.125 68.2378 84.6654 89.7201 89.1534 69.9174 5.3068 58.7265 55.7732 75.7101 38.9183 19.1682 3.4434 1165.0594 674.3023 674.3023 653.0777 62.9747 297.1781 179.9675 217.253 287.7023 1058.5779 211.008 251.5745 104.2454 86.7787 279.2026 146.5663 119.8774 1069.6048;
	2.3328 31.5213 55.2293 62.5428 14.5442 20.0449 15.6889 2.7267 20.0512 20.4965 37.8874 56.5206 85.0914 69.7636 173.0447 65.1936 80.8883 85.7175 89.553 68.1943 5.2296 46.7714 51.365 80.0879 45.1319 13.5649 2.5981 1143.2585 754.8549 754.8549 765.5495 92.3118 298.51 175.5322 218.7184 322.0714 1066.6498 251.4013 258.9354 120.8889 52.4558 222.3648 127.5194 139.4549 1077.7607;
	2.1477 29.0202 47.3669 56.6396 14.3321 14.9559 19.9609 1.5313 19.4935 9.6189 17.7803 26.5247 39.9328 69.5607 165.0373 62.1768 77.1453 81.751 87.279 65.3841 6.6536 34.8971 39.8425 66.7592 24.3857 6.1166 1.2669 1077.8748 752.59 752.59 754.5422 109.5398 290.9299 168.2989 218.0823 321.1051 1093.2497 234.6903 378.0047 65.3187 42.3013 165.9109 116.036 120.6532 1104.6378;
	1.6452 22.2301 34.7975 36.7004 13.5544 13.272 19.4814 0.786 19.7463 12.7003 23.4763 35.022 52.7255 68.5512 172.6754 65.0545 80.7157 85.5346 86.777 68.4019 6.4938 30.9679 34.6952 49.2696 16.3149 3.9281 1.0012 1085.3124 757.5515 757.5515 744.0767 106.8087 289.2567 176.0666 214.9171 323.222 1016.4538 237.1228 420.2126 43.7007 33.3264 147.2304 81.9024 90.2227 1027.0418;
	1.3512 18.2579 28.0427 23.4163 8.9976 10.0911 21.2392 1.0771 19.1029 12.8028 23.6659 35.3048 53.1512 67.5777 179.3835 67.5817 83.8514 88.8574 85.9292 67.8709 7.0797 23.5459 39.5026 36.3446 16.2186 5.7282 2.4948 912.2854 685.4446 685.4446 673.0174 102.6765 286.4308 174.6999 211.8653 292.4564 903.7557 209.198 437.177 43.4426 26.9799 111.9438 62.1773 77.713 913.1698;
	1.0096 13.6413 23.7965 23.0008 7.9288 7.4061 19.1236 2.0217 16.5051 12.5125 23.1292 34.5042 51.9459 66.7435 177.2603 66.7818 82.8589 87.8057 84.3232 66.368 6.3745 17.2808 41.63 31.1443 19.0827 8.8706 2.6976 886.7759 680.8275 680.8275 618.6267 88.269 281.0774 170.8314 209.2498 290.4864 892.2848 208.4678 443.2396 51.1143 29.0313 82.158 52.4741 55.2714 901.5794;
	0.7401 10.001 21.6105 30.8805 6.9881 7.2657 13.6052 2.4383 13.8582 7.2794 13.4559 20.0735 30.2206 66.4447 162.5842 61.2526 75.9987 80.5359 84.2459 56.5531 4.5351 16.9533 46.7712 31.9383 22.9009 9.3214 3.5869 770.9278 629.4205 629.4205 655.818 88.0991 280.8196 145.5677 208.3132 268.5528 746.6993 210.4028 424.905 61.3416 27.3348 80.601 36.139 54.6591 754.4774;
	0.8519 11.511 23.744 11.9254 6.1537 6.828 12.2087 2.2517 15.1576 16.4745 30.4529 45.4298 68.3942 67.2974 164.6889 62.0456 76.9825 81.5785 79.4491 66.3686 4.0696 15.932 57.1326 46.0836 26.7664 7.3378 3.352 764.7485 610.5587 610.5587 599.0597 76.168 264.8304 170.8329 210.9864 260.5051 738.6225 195.6023 369.3072 71.6958 27.5365 75.7454 38.3407 57.2317 746.3165;
	0.9467 12.7914 19.2585 28.5045 7.3398 0.6944 6.432 1.273 11.3233 15.4484 28.5562 42.6002 64.1343 69.703 157.7146 59.4181 73.7224 78.1237 80.0027 59.8511 2.144 1.6202 55.2037 40.3317 24.8156 4.3898 1.8536 835.5108 529.835 529.835 539.3696 74.7086 266.6755 154.057 218.5282 226.0629 641.0747 189.7503 268.8909 66.4705 26.8531 7.7029 24.8844 30.1037 647.7526;
	0.6105 8.2485 16.4016 2.5073 6.4635 3.2469 4.3266 0.1127 12.9366 19.6756 36.37 54.2569 81.6835 67.0298 165.0674 62.1882 77.1594 81.7659 85.8541 56.5763 1.4422 7.576 56.1762 37.8354 16.4708 4.659 1.4124 787.9082 549.5947 549.5947 598.1248 77.2964 286.1802 145.6274 210.1474 234.4937 765.724 197.7592 268.3626 44.1183 33.0318 36.0184 17.53 48.3865 773.7003;
	1.052 14.2145 0.0004 0.0 2.4868 2.139 3.6601 0.0 24.6845 22.247 41.1233 61.3479 92.3589 67.8843 116.7473 43.9839 54.5726 57.8307 87.1669 46.4435 1.22 4.9911 71.462 25.5293 12.0385 2.8296 0.9372 690.0755 552.8074 552.8074 605.9947 87.726 290.5564 119.5457 212.8263 235.8645 721.6447 203.1934 361.3914 32.2461 65.5601 23.7291 0.0 1.1735 729.1619;
	0.4401 5.9465 22.9052 32.4874 0.0 0.9477 3.4453 1.6962 25.5633 24.1941 44.7225 66.7172 100.4424 66.0653 110.0974 41.4786 51.4641 54.5366 38.924 57.6658 1.1484 2.2114 72.8489 40.7811 16.0752 5.4254 1.8773 765.1234 514.3525 514.3525 586.2484 84.0218 129.7465 148.4318 207.1235 219.457 692.0043 190.3224 375.4119 43.0585 90.6502 10.5136 0.5759 0.433 699.2127;
