function solarprofile = ex_solar_profilesh1
%EX_WIND_PROFILE_D  Example wind_load_nyiso profile data for deterministic unit commitment.
% 2022.03.12
% Andres F. Ramirez


%% define constants
[GEN_BUS, PG, QG, QMAX, QMIN, VG, MBASE, GEN_STATUS, PMAX, PMIN, ...
    MU_PMAX, MU_PMIN, MU_QMAX, MU_QMIN, PC1, PC2, QC1MIN, QC1MAX, ...
    QC2MIN, QC2MAX, RAMP_AGC, RAMP_10, RAMP_30, RAMP_Q, APF] = idx_gen;
[CT_LABEL, CT_PROB, CT_TABLE, CT_TBUS, CT_TGEN, CT_TBRCH, CT_TAREABUS, ...
    CT_TAREAGEN, CT_TAREABRCH, CT_ROW, CT_COL, CT_CHGTYPE, CT_REP, ...
    CT_REL, CT_ADD, CT_NEWVAL, CT_TLOAD, CT_TAREALOAD, CT_LOAD_ALL_PQ, ...
    CT_LOAD_FIX_PQ, CT_LOAD_DIS_PQ, CT_LOAD_ALL_P, CT_LOAD_FIX_P, ...
    CT_LOAD_DIS_P, CT_TGENCOST, CT_TAREAGENCOST, CT_MODCOST_F, ...
    CT_MODCOST_X] = idx_ct;

solarprofile = struct( ...
    'type', 'mpcData', ...
    'table', CT_TGEN, ...
    'rows', [1:12], ...
    'col', PMAX, ...
    'chgtype', 1, ...
    'values', [] );
solarprofile.values(:,1,:) = [
	0.0 0.0 0.0 0.0 0.0 0.0 0.0 0.0 0.0 0.0 0.0 0.0;
	0.0 0.0 0.0 0.0 0.0 0.0 0.0 0.0 0.0 0.0 0.0 0.0;
	0.0 0.0 0.0 0.0 0.0 0.0 0.0 0.0 0.0 0.0 0.0 0.0;
	0.0 0.0 0.0 0.0 0.0 0.0 0.0 0.0 0.0 0.0 0.0 0.0;
	0.0 0.0 0.0 0.0 0.0 0.0 0.0 0.0 0.0 0.0 0.0 0.0;
	0.1575 0.1621 0.24 0.0 0.0 0.0 0.0 0.0 0.0 0.0 0.0 0.0;
	0.1967 0.9719 0.6122 1.9446 3.183 50.4004 6.3001 9.266 70.036 122.1239 22.9363 221.1671;
	6.9637 8.1388 7.5759 5.0468 2.1228 90.6886 11.3361 31.7845 68.0929 160.5755 63.3424 290.8033;
	22.7137 16.5753 13.8 8.0356 1.5347 98.4723 12.309 44.1015 95.6672 192.064 108.8733 347.8291;
	25.9114 16.474 13.7624 9.0068 1.3812 50.9609 6.3701 43.6193 172.4541 208.1145 155.1056 376.8966;
	25.9535 16.5326 13.651 8.5715 2.8836 45.6944 5.7118 48.6277 172.3671 258.8156 182.5824 468.7166;
	25.7516 16.229 13.2198 8.5454 5.4356 45.4521 5.6815 52.7812 149.7494 287.3171 190.7987 520.3329;
	22.1386 14.5221 12.4468 11.1886 12.2781 207.1594 25.8949 67.7205 182.0036 341.7654 236.2059 618.9391;
	18.9367 14.7137 12.1901 11.2457 11.8009 292.0378 36.5047 65.7963 194.4507 336.3715 191.0357 609.1709;
	11.3699 9.5413 5.2145 9.9054 10.9699 333.5705 41.6963 59.3965 206.4184 295.3981 91.455 534.9678;
	3.2226 3.7882 1.115 6.7465 12.4129 379.9715 47.4964 41.027 226.2375 222.956 44.9384 403.7747;
	0.8962 0.7363 0.5149 1.5754 4.4818 86.0933 10.7617 12.8016 40.031 67.111 38.8094 121.5384;
	0.0 0.0 0.0 0.0 0.0 0.0 0.0 0.0 0.0 0.0 0.0 0.0;
	0.0 0.0 0.0 0.0 0.0 0.0 0.0 0.0 0.0 0.0 0.0 0.0;
	0.0 0.0 0.0 0.0 0.0 0.0 0.0 0.0 0.0 0.0 0.0 0.0;
	0.0 0.0 0.0 0.0 0.0 0.0 0.0 0.0 0.0 0.0 0.0 0.0;
	0.0 0.0 0.0 0.0 0.0 0.0 0.0 0.0 0.0 0.0 0.0 0.0;
	0.0 0.0 0.0 0.0 0.0 0.0 0.0 0.0 0.0 0.0 0.0 0.0;
	0.0 0.0 0.0 0.0 0.0 0.0 0.0 0.0 0.0 0.0 0.0 0.0;
];
