function loadprofile = ex_load_profilesh1
%EX_LOAD_PROFILE  Example load profile data file for stochastic unit commitment.
% 2022.03.12
% Andres F. Ramirez

%% define constants
[CT_LABEL, CT_PROB, CT_TABLE, CT_TBUS, CT_TGEN, CT_TBRCH, CT_TAREABUS, ...
    CT_TAREAGEN, CT_TAREABRCH, CT_ROW, CT_COL, CT_CHGTYPE, CT_REP, ...
    CT_REL, CT_ADD, CT_NEWVAL, CT_TLOAD, CT_TAREALOAD, CT_LOAD_ALL_PQ, ...
    CT_LOAD_FIX_PQ, CT_LOAD_DIS_PQ, CT_LOAD_ALL_P, CT_LOAD_FIX_P, ...
    CT_LOAD_DIS_P, CT_TGENCOST, CT_TAREAGENCOST, CT_MODCOST_F, ...
    CT_MODCOST_X] = idx_ct;

loadprofile = struct( ...
    'type', 'mpcData', ...
    'table', CT_TAREALOAD, ...
    'rows', [1:11], ...
    'col', CT_LOAD_ALL_P, ...
    'chgtype', 1, ...
    'values', [] );
loadprofile.values(:,1,:) = [
	1590.6047 970.8818 1615.5122 583.7 812.3 1206.5417 829.4561 232.973 398.406 4175.3825 1513.3949;
	1604.902 969.5315 1627.0 593.3 806.9344 1212.8136 840.1604 232.4013 430.7989 4130.2848 1515.7329;
	1614.9142 1004.2206 1687.1662 585.2601 847.5857 1239.4833 851.4855 245.5073 458.9706 4131.1084 1604.2038;
	1716.0505 1072.961 1799.5699 612.949 889.8518 1304.8657 926.2777 273.4422 502.8252 4391.825 1669.954;
	1860.7404 1194.3918 2004.6176 643.584 1000.7 1470.7069 1043.2472 318.6133 569.8371 4838.2671 1912.6563;
	1953.5489 1270.1458 2101.8 656.0 1060.3974 1562.1938 1106.2703 366.1074 638.9128 5618.849 2165.7924;
	1970.8138 1282.2366 2120.6518 646.8424 1057.9844 1563.6982 1142.6 371.5001 669.599 6153.0742 2285.8338;
	1938.2057 1283.4653 2138.4017 630.8646 1110.4336 1591.3016 1156.8 368.7289 673.7022 6269.5146 2205.8601;
	1900.9279 1282.0389 2126.0715 619.7 1099.3417 1571.7412 1125.5047 341.6 673.2567 6321.8083 2150.9454;
	1905.5272 1297.1339 2104.4 617.9579 1112.8058 1555.2 1098.6212 327.0481 665.6326 6265.6984 2026.1126;
	1892.3456 1270.2006 2066.3647 614.9 1107.6421 1568.5098 1110.2345 293.2899 670.8779 6347.5334 1944.1245;
	1882.8665 1256.5765 2008.2314 607.0 1094.3 1495.8599 1075.6674 308.5 665.0331 6261.7952 1956.4503;
	1904.3102 1234.6887 1999.6939 607.0658 1070.1496 1474.5845 1095.2643 296.9972 656.7 6211.4236 2025.4;
	1871.0982 1221.6963 1958.8455 588.5 1014.0 1400.8109 1038.6952 269.1228 637.2227 5949.9 1943.4;
	1858.2372 1217.6214 1965.6671 605.8813 996.3577 1447.5788 1073.3208 255.664 630.3673 6222.7941 2056.0562;
	1881.3321 1236.4763 2025.8859 614.6345 1068.6 1509.5291 1132.5076 291.0552 654.1441 6410.6465 2230.8341;
	1896.7352 1239.9766 2052.1017 646.2892 1100.7268 1544.9352 1199.6582 336.0677 661.1 6356.3463 2372.2775;
	1977.8527 1326.6122 2199.6903 665.8 1144.7 1631.6193 1284.9771 362.8 723.6949 6475.4 2510.1906;
	1917.6053 1309.1532 2146.483 658.7288 1088.3424 1573.9063 1226.1063 336.6575 705.8003 6362.9936 2486.1774;
	1880.5514 1255.4755 2038.0645 645.7 1034.998 1525.4498 1166.5117 330.0803 675.7958 6031.6737 2346.0814;
	1790.1 1159.2 1913.7986 627.5104 964.4333 1441.7689 1093.197 298.3307 644.6953 5735.483 2185.6;
	1697.9646 1086.6211 1819.2291 604.683 883.2456 1354.6 1012.5208 254.2919 576.4644 5239.5657 2006.7215;
	1565.3552 999.4 1644.1158 602.6566 858.5634 1259.46 942.0 228.9937 540.9 4915.1245 1854.5939;
	1536.6 972.6152 1679.997 607.0949 851.9 1283.3584 936.1 236.5606 517.1561 4810.3682 1799.3011;
];
