function windprofile = ex_wind_profilesh1
%EX_WIND_PROFILE_D  Example wind_load_nyiso profile data for deterministic unit commitment.
% 2022.03.12
% Andres F. Ramirez


%% define constants
[GEN_BUS, PG, QG, QMAX, QMIN, VG, MBASE, GEN_STATUS, PMAX, PMIN, ...
    MU_PMAX, MU_PMIN, MU_QMAX, MU_QMIN, PC1, PC2, QC1MIN, QC1MAX, ...
    QC2MIN, QC2MAX, RAMP_AGC, RAMP_10, RAMP_30, RAMP_Q, APF] = idx_gen;
[CT_LABEL, CT_PROB, CT_TABLE, CT_TBUS, CT_TGEN, CT_TBRCH, CT_TAREABUS, ...
    CT_TAREAGEN, CT_TAREABRCH, CT_ROW, CT_COL, CT_CHGTYPE, CT_REP, ...
    CT_REL, CT_ADD, CT_NEWVAL, CT_TLOAD, CT_TAREALOAD, CT_LOAD_ALL_PQ, ...
    CT_LOAD_FIX_PQ, CT_LOAD_DIS_PQ, CT_LOAD_ALL_P, CT_LOAD_FIX_P, ...
    CT_LOAD_DIS_P, CT_TGENCOST, CT_TAREAGENCOST, CT_MODCOST_F, ...
    CT_MODCOST_X] = idx_ct;

windprofile = struct( ...
    'type', 'mpcData', ...
    'table', CT_TGEN, ...
    'rows', [1:45], ...
    'col', PMAX, ...
    'chgtype', 1, ...
    'values', [] );
windprofile.values(:,1,:) = [
	3.7028 50.0332 88.5317 108.6588 14.446 30.3312 24.869 11.7824 27.485 26.7399 49.4284 73.7374 111.0112 68.8971 170.6771 64.3016 79.7816 84.5447 84.6614 65.2572 8.2897 70.7728 68.7118 85.1061 96.1329 61.5941 8.991 1168.0243 751.4193 751.4193 709.1416 112.2099 282.2046 167.9722 216.0018 320.6056 1101.9931 297.8007 464.7475 257.4989 115.4697 336.4741 184.512 247.864 1113.4722;
	3.56 48.1035 75.4346 99.1841 13.9312 26.4946 25.5058 9.807 27.4529 24.2157 44.7624 66.7766 100.5318 68.4536 183.4436 69.1113 85.7492 90.8686 88.973 65.5246 8.5019 61.8207 60.4271 81.3258 90.1577 55.1843 6.7773 1174.1939 769.096 769.096 735.15 113.7455 296.5768 168.6606 214.6112 328.1476 1197.5727 286.628 469.2143 241.4939 112.2868 293.9131 174.1531 235.873 1210.0474;
	3.5802 48.3761 81.7256 88.8918 14.0067 30.2986 24.2851 8.3358 27.1243 22.1959 41.0287 61.2068 92.1465 67.4067 179.5853 67.6577 83.9457 88.9574 87.412 66.9527 8.095 70.6966 53.8739 83.2206 78.7257 53.7125 6.3911 1254.2331 752.3092 752.3092 735.2984 112.6595 291.3735 172.3365 211.3292 320.9853 1165.9356 278.25 463.8439 210.8725 111.0976 336.112 166.6374 244.9102 1178.0808;
	3.5726 48.274 83.7899 98.0547 14.3351 29.4842 21.209 10.2593 26.7239 24.1395 44.6215 66.5666 100.2156 62.5118 179.3745 67.5783 83.8472 88.853 86.5959 66.8868 7.0697 68.7964 60.274 85.6945 81.0354 58.1619 7.1083 1205.5771 759.9557 759.9557 721.0188 112.0043 288.653 172.1668 195.983 324.2478 1169.3179 269.7735 437.1569 217.0592 100.802 327.0775 181.132 242.6566 1181.4983;
	3.5591 48.0911 81.9713 80.0461 14.5548 29.8887 18.7229 7.6802 24.0263 25.5382 47.2069 70.4234 106.0221 63.2865 184.0756 69.3494 86.0446 91.1816 89.5466 70.694 6.241 69.7404 63.6093 88.3435 72.8853 53.128 6.2907 1202.1707 766.991 766.991 704.9243 108.3878 298.4886 181.9664 198.4118 327.2495 1147.6447 260.7083 391.6623 195.2286 106.4553 331.5658 184.3967 229.909 1159.5994;
	3.6081 48.7527 79.2958 77.4992 14.8239 30.7441 16.3955 6.1182 25.9838 27.1002 50.0944 74.731 112.5071 63.1832 176.0701 66.3334 82.3026 87.2161 88.2507 70.622 5.4652 71.7363 67.445 85.5671 57.326 38.439 4.719 1236.144 735.9692 735.9692 672.9523 96.6051 294.1692 181.7812 198.0879 314.0135 1155.6251 230.4437 336.1216 153.5518 103.6575 341.0548 186.6825 181.5404 1167.6628;
	3.2094 43.3662 68.9681 61.3205 15.0591 29.0929 14.4802 4.5499 19.9503 27.3636 50.5812 75.4572 113.6004 66.5875 191.9204 72.3049 89.7116 95.0676 92.3749 72.7213 4.8267 67.8835 71.6622 80.793 47.149 27.683 3.1914 1262.1283 731.632 731.632 595.0583 67.4346 307.9163 187.1849 208.7609 312.163 1150.2661 208.8833 283.9293 126.2919 85.8452 322.7378 158.1159 123.2372 1162.248;
	3.6255 48.9886 68.0249 66.9548 15.298 29.3807 15.3956 3.5445 18.6118 24.0367 44.4314 66.2829 99.7886 67.8669 188.0786 70.8575 87.9158 93.1645 92.1677 70.8487 5.1319 68.5549 60.912 84.4247 56.8123 17.756 1.5126 1274.1927 751.1019 751.1019 694.979 67.8398 307.2255 182.3647 212.7718 320.4701 1182.6933 214.6471 261.5234 152.1759 80.791 325.9295 156.1228 132.0179 1195.013;
	2.9045 39.2468 57.2666 63.4418 14.7066 23.9985 15.9362 2.3743 22.448 21.6465 40.0133 59.6919 89.8659 68.6833 188.7826 71.1227 88.2449 93.5132 92.136 72.533 5.3121 55.9964 54.3226 82.6773 55.9398 11.8971 1.9954 1245.5261 822.8394 822.8394 793.5693 95.0028 307.1199 186.7002 215.3315 351.0781 1205.5425 258.3672 267.735 149.8387 46.347 266.223 148.731 143.2214 1218.1003;
	2.58 34.8618 48.2708 57.9234 14.1607 18.2186 18.8236 1.4698 22.9648 9.7109 17.9505 26.7786 40.3151 67.9969 176.5401 66.5105 82.5222 87.4489 89.5616 70.0109 6.2745 42.5101 41.7353 68.7117 35.222 5.4221 0.9306 1151.1644 794.8625 794.8625 797.769 112.6015 298.5387 180.2084 213.1796 339.1414 1201.7462 246.1139 367.7156 94.3446 36.5792 202.1053 134.4459 136.9131 1214.2644;
	2.1609 29.1979 37.0733 43.0901 13.8572 14.5418 19.9253 1.1494 22.1633 12.7112 23.4964 35.0521 52.7707 66.8769 171.0646 64.4476 79.9628 84.7367 88.783 71.7549 6.6418 33.9308 34.563 56.6554 24.2024 5.9994 2.1047 1154.7728 799.7093 799.7093 785.5324 107.79 295.9434 184.6974 209.6682 341.2093 1145.8948 241.5821 410.0855 64.8278 36.4805 161.3165 98.36 99.8489 1157.8312;
	1.4978 20.2382 30.1047 26.3817 10.4298 10.9522 21.7456 1.2735 21.5499 14.8884 27.521 41.0559 61.8094 67.5346 176.7055 66.5728 82.5995 87.5309 86.6854 69.4533 7.2485 25.555 44.545 37.8522 19.7204 8.14 3.6381 1027.6011 743.7424 743.7424 750.4388 103.0438 288.9515 178.7729 211.73 317.3301 1077.543 212.6602 434.1997 52.8224 27.6037 121.4959 69.9909 78.6861 1088.7674;
	1.0721 14.4867 27.0012 21.9135 8.9782 7.6624 20.4236 1.5554 19.922 12.4676 23.0461 34.3802 51.7592 63.4556 182.1004 68.6053 85.1214 90.2032 87.4733 68.3214 6.8079 17.879 43.3899 36.4578 20.8097 10.9473 2.4499 986.6788 742.3797 742.3797 695.6076 95.0266 291.5776 175.8594 198.9418 316.7487 1080.7032 218.3788 441.3823 55.7403 22.783 85.002 54.369 55.6769 1091.9605;
	0.8364 11.302 25.9651 32.0577 8.0357 9.499 15.0919 1.9875 20.1252 17.5952 32.5245 48.5201 73.0468 63.5664 188.3657 70.9657 88.05 93.3067 87.7313 70.963 5.0306 22.1644 59.9447 37.2336 24.5802 11.9192 3.5866 996.5829 725.037 725.037 703.3897 88.087 292.4377 182.6589 199.2891 309.3491 914.7946 214.5668 437.3625 65.8398 29.4754 105.376 41.7757 61.8796 924.3237;
	0.9573 12.9353 24.4243 11.4824 6.8754 9.7028 13.0065 0.8506 19.8736 16.241 30.0213 44.7859 67.4249 63.1102 184.0223 69.3293 86.0197 91.1552 79.8752 69.7363 4.3355 22.64 61.0146 45.2043 22.8791 6.8566 3.303 887.0801 667.6922 667.6922 652.1161 76.1968 266.2508 179.5013 197.8589 284.882 815.9155 201.3658 386.8026 61.2834 29.857 107.6368 40.4725 59.1543 824.4147;
	0.9997 13.5078 19.9511 28.5045 7.2034 15.964 6.2487 0.9522 11.9238 14.6164 27.0182 40.3059 60.6802 63.5405 178.0743 67.0884 83.2394 88.2089 80.2819 65.3905 2.0829 37.2494 57.1317 44.2299 23.8292 3.4012 2.2799 880.2067 548.0431 548.0431 571.9931 71.5575 267.6062 168.3153 199.208 233.8317 621.2497 184.0868 254.157 63.8282 31.7313 177.0943 24.4636 32.4999 627.7211;
	0.6013 8.1245 23.442 6.3259 6.4472 13.3078 4.4141 0.1051 12.8687 17.5974 32.5285 48.5262 73.0559 63.0258 178.1732 67.1257 83.2856 88.2579 84.8683 64.7943 1.4714 31.0514 56.8313 43.4004 17.5476 12.3855 1.6441 781.2246 507.7726 507.7726 575.8935 67.826 282.8944 166.7806 197.5944 216.6496 689.2348 178.407 238.9873 47.0026 36.0021 147.6273 20.8549 132.6545 696.4144;
	1.1804 15.9501 22.4789 1.2876 2.5944 18.0362 3.3839 1.5845 6.7028 19.5273 36.0959 53.848 81.0678 63.8323 146.0242 55.0138 68.2578 72.3329 84.6615 58.1674 1.128 42.0844 69.2866 40.4351 17.2723 4.2929 1.878 768.4771 533.698 533.698 604.8806 61.4082 282.2049 149.7231 200.123 227.7112 728.7342 195.7986 345.0169 46.2651 81.7447 200.0813 34.5079 160.7904 736.3252;
	0.5573 7.5303 25.8344 38.1334 1.531 12.9896 2.5923 2.3621 0.1966 21.1179 39.0361 58.2341 87.6712 65.0711 104.5169 39.3761 48.8556 51.7723 0.0309 60.0955 0.8641 30.3091 68.6214 49.385 26.6236 9.1822 2.4222 825.6767 512.6766 512.6766 606.5363 72.5605 0.103 154.686 204.0068 218.742 694.2495 186.4007 319.7282 71.3132 92.3351 144.0981 46.139 202.8559 701.4812;
