function loadprofile = ex_load_profilesh1
%EX_LOAD_PROFILE  Example load profile data file for stochastic unit commitment.
% 2022.03.12
% Andres F. Ramirez

%% define constants
[CT_LABEL, CT_PROB, CT_TABLE, CT_TBUS, CT_TGEN, CT_TBRCH, CT_TAREABUS, ...
    CT_TAREAGEN, CT_TAREABRCH, CT_ROW, CT_COL, CT_CHGTYPE, CT_REP, ...
    CT_REL, CT_ADD, CT_NEWVAL, CT_TLOAD, CT_TAREALOAD, CT_LOAD_ALL_PQ, ...
    CT_LOAD_FIX_PQ, CT_LOAD_DIS_PQ, CT_LOAD_ALL_P, CT_LOAD_FIX_P, ...
    CT_LOAD_DIS_P, CT_TGENCOST, CT_TAREAGENCOST, CT_MODCOST_F, ...
    CT_MODCOST_X] = idx_ct;

loadprofile = struct( ...
    'type', 'mpcData', ...
    'table', CT_TAREALOAD, ...
    'rows', [1:11], ...
    'col', CT_LOAD_ALL_P, ...
    'chgtype', 1, ...
    'values', [] );
loadprofile.values(:,1,:) = [
	1584.2162 976.3 1671.7479 533.5763 832.449 1123.938 858.6 286.1899 515.8635 4497.2416 1665.4218;
	1591.5137 984.6654 1661.9962 523.9572 810.6 1143.5177 851.1432 298.9675 510.2 4479.1117 1677.9905;
	1589.4284 997.5 1687.7978 525.0563 838.7636 1146.464 858.4563 298.3 517.8428 4510.4562 1687.0626;
	1668.2706 1066.2697 1801.2066 549.4101 892.36 1210.0675 915.4 318.5588 559.0214 4789.507 1825.7662;
	1788.6538 1178.9991 2032.4768 567.7283 1002.2 1402.0898 1014.5389 363.5685 649.4199 5410.6944 2071.7975;
	1872.2397 1264.8962 2216.3613 611.8 1087.7639 1499.7163 1099.0259 395.1852 706.5806 6071.5516 2238.9447;
	1922.4681 1270.6 2172.8 608.2269 1089.4487 1469.1696 1079.782 383.8919 704.9776 6390.1 2256.6126;
	1891.4751 1277.9269 2137.039 597.0385 1081.1 1454.4646 1056.4334 362.7327 694.4 6503.0539 2141.6503;
	1888.0071 1282.3626 2125.9173 584.5528 1067.8 1482.8823 1030.5581 357.3968 699.5 6483.6004 2072.4417;
	1932.0442 1288.0886 2115.8992 599.5158 1068.4797 1499.3 1044.4535 366.4 688.1722 6518.3107 2152.3165;
	1906.3367 1250.7023 2100.0035 594.6276 1025.1911 1490.5621 1024.6701 353.978 678.0 6521.9451 2046.3741;
	1879.4122 1232.4593 2076.3545 585.2 1017.4937 1468.2529 1006.6615 360.2907 684.0 6565.442 2126.8301;
	1790.157 1193.6635 1996.576 583.055 988.0151 1385.4249 981.2434 345.4255 659.7146 6386.1491 2045.0781;
	1763.9352 1171.7852 1973.5463 590.4764 959.8176 1389.3247 979.4957 360.6256 660.5717 6436.7004 2130.1852;
	1762.6027 1170.9278 2002.394 581.8215 999.1 1454.3 1017.6359 377.0 665.6081 6548.0977 2172.1579;
	1772.9721 1190.0125 2047.5451 604.2502 1006.064 1475.8888 1073.6712 394.748 679.7488 6552.2632 2258.8818;
	1770.141 1211.7826 2086.0939 615.8015 1051.9253 1500.8375 1116.0 449.5738 695.1571 6533.6586 2406.7211;
	1885.8451 1281.6 2149.3033 627.8528 1107.6976 1572.9941 1182.3709 493.4504 725.1 6526.018 2520.3744;
	1930.2075 1314.0953 2163.0555 616.8519 1116.7951 1539.5752 1187.1144 489.7306 719.7861 6543.4281 2634.0987;
	1877.6922 1203.1 2038.6149 604.1 1044.8989 1437.3744 1109.2261 437.563 662.016 6157.7088 2376.9353;
	1771.6949 1110.1264 1910.819 577.3086 972.2464 1320.5153 1048.7823 406.1427 624.7356 5810.8141 2244.2;
	1628.5849 1009.9519 1763.0491 535.1399 924.2 1238.7 987.653 363.5724 568.5891 5421.8571 1983.2;
	1625.0301 962.4798 1695.8689 534.1416 881.4283 1210.3 908.6694 304.9085 518.0604 5084.4251 1812.7666;
	1594.4 953.6 1701.0751 517.0616 895.1632 1211.0691 914.4 288.6173 527.2884 4792.3523 1758.7727;
];
