function solarprofile = ex_solar_profilesh1
%EX_WIND_PROFILE_D  Example wind_load_nyiso profile data for deterministic unit commitment.
% 2022.03.12
% Andres F. Ramirez


%% define constants
[GEN_BUS, PG, QG, QMAX, QMIN, VG, MBASE, GEN_STATUS, PMAX, PMIN, ...
    MU_PMAX, MU_PMIN, MU_QMAX, MU_QMIN, PC1, PC2, QC1MIN, QC1MAX, ...
    QC2MIN, QC2MAX, RAMP_AGC, RAMP_10, RAMP_30, RAMP_Q, APF] = idx_gen;
[CT_LABEL, CT_PROB, CT_TABLE, CT_TBUS, CT_TGEN, CT_TBRCH, CT_TAREABUS, ...
    CT_TAREAGEN, CT_TAREABRCH, CT_ROW, CT_COL, CT_CHGTYPE, CT_REP, ...
    CT_REL, CT_ADD, CT_NEWVAL, CT_TLOAD, CT_TAREALOAD, CT_LOAD_ALL_PQ, ...
    CT_LOAD_FIX_PQ, CT_LOAD_DIS_PQ, CT_LOAD_ALL_P, CT_LOAD_FIX_P, ...
    CT_LOAD_DIS_P, CT_TGENCOST, CT_TAREAGENCOST, CT_MODCOST_F, ...
    CT_MODCOST_X] = idx_ct;

solarprofile = struct( ...
    'type', 'mpcData', ...
    'table', CT_TGEN, ...
    'rows', [1:12], ...
    'col', PMAX, ...
    'chgtype', 1, ...
    'values', [] );
solarprofile.values(:,1,:) = [
	0.0 0.0 0.0 0.0 0.0 0.0 0.0 0.0 0.0 0.0 0.0 0.0;
	0.0 0.0 0.0 0.0 0.0 0.0 0.0 0.0 0.0 0.0 0.0 0.0;
	0.0 0.0 0.0 0.0 0.0 0.0 0.0 0.0 0.0 0.0 0.0 0.0;
	0.0 0.0 0.0 0.0 0.0 0.0 0.0 0.0 0.0 0.0 0.0 0.0;
	0.0 0.0 0.0 0.0 0.0 0.0 0.0 0.0 0.0 0.0 0.0 0.0;
	0.1575 0.1621 0.24 0.0 0.0 0.0809 0.0101 0.1424 0.0 0.0 0.0 0.0;
	8.2715 7.176 3.5735 2.3524 1.8104 239.7344 29.9668 66.6914 57.6732 24.3628 22.0721 44.1212;
	17.0844 16.2203 11.1341 4.4824 1.5048 298.0957 37.262 63.8418 64.5153 50.7848 35.9695 91.9716;
	22.9124 16.78 13.8 6.245 1.7065 299.0183 37.3773 50.2222 62.0121 94.2457 92.3107 170.6794;
	25.6701 16.4828 13.7624 5.3192 2.927 138.8899 17.3612 45.075 81.2376 140.2404 157.2628 253.9761;
	25.9535 16.5326 13.7859 5.5776 3.2229 203.878 25.4847 55.112 142.2351 246.4787 185.8188 446.3744;
	25.964 16.5418 13.7863 5.7986 3.332 262.7564 32.8445 65.6288 172.1888 278.0487 197.7537 503.5478;
	25.8424 16.9174 13.7942 9.1415 8.9544 405.9475 50.7434 69.8254 239.285 341.8902 251.989 619.1653;
	23.0319 16.8417 13.716 8.343 8.8056 400.2782 50.0348 64.0867 227.9483 336.3715 223.8176 609.1709;
	17.4672 16.3103 12.1756 5.7556 8.331 373.0579 46.6322 58.3274 210.0566 232.2689 175.6993 420.6404;
	9.0599 7.1528 5.6534 4.0111 11.1713 339.3594 42.4199 51.1904 198.6689 59.0566 118.983 106.9518;
	1.1109 0.8071 0.5797 1.5297 3.4214 85.4123 10.6765 15.0523 45.2174 63.6008 39.2948 115.1815;
	0.0 0.0 0.0 0.0 0.0 0.0 0.0 0.0 0.0 0.0 0.0 0.0;
	0.0 0.0 0.0 0.0 0.0 0.0 0.0 0.0 0.0 0.0 0.0 0.0;
	0.0 0.0 0.0 0.0 0.0 0.0 0.0 0.0 0.0 0.0 0.0 0.0;
	0.0 0.0 0.0 0.0 0.0 0.0 0.0 0.0 0.0 0.0 0.0 0.0;
	0.0 0.0 0.0 0.0 0.0 0.0 0.0 0.0 0.0 0.0 0.0 0.0;
	0.0 0.0 0.0 0.0 0.0 0.0 0.0 0.0 0.0 0.0 0.0 0.0;
	0.0 0.0 0.0 0.0 0.0 0.0 0.0 0.0 0.0 0.0 0.0 0.0;
];
