function loadprofile = ex_load_profilesh1
%EX_LOAD_PROFILE  Example load profile data file for stochastic unit commitment.
% 2022.03.12
% Andres F. Ramirez

%% define constants
[CT_LABEL, CT_PROB, CT_TABLE, CT_TBUS, CT_TGEN, CT_TBRCH, CT_TAREABUS, ...
    CT_TAREAGEN, CT_TAREABRCH, CT_ROW, CT_COL, CT_CHGTYPE, CT_REP, ...
    CT_REL, CT_ADD, CT_NEWVAL, CT_TLOAD, CT_TAREALOAD, CT_LOAD_ALL_PQ, ...
    CT_LOAD_FIX_PQ, CT_LOAD_DIS_PQ, CT_LOAD_ALL_P, CT_LOAD_FIX_P, ...
    CT_LOAD_DIS_P, CT_TGENCOST, CT_TAREAGENCOST, CT_MODCOST_F, ...
    CT_MODCOST_X] = idx_ct;

loadprofile = struct( ...
    'type', 'mpcData', ...
    'table', CT_TAREALOAD, ...
    'rows', [1:11], ...
    'col', CT_LOAD_ALL_P, ...
    'chgtype', 1, ...
    'values', [] );
loadprofile.values(:,1,:) = [
	1552.0663 986.5612 1641.6926 560.8881 812.0716 1176.4628 921.7745 291.4 557.4982 4473.8844 1785.3468;
	1570.2961 1019.849 1661.96 559.113 807.0 1181.4776 925.6 292.37 563.8589 4509.1546 1860.2934;
	1587.8918 1018.6309 1672.0512 561.8348 815.927 1219.6503 923.9829 281.1 560.979 4456.9354 1791.3453;
	1669.603 1115.8024 1799.2919 578.0912 880.1449 1320.1596 992.0412 311.3967 628.4815 4796.2765 1964.75;
	1816.7693 1211.241 1995.7 615.4 1008.8969 1451.9801 1120.8873 345.8783 701.7024 5449.3421 2177.2038;
	1919.6243 1283.7 2126.8781 616.5759 1038.0 1544.3268 1205.4796 380.1559 776.4359 6140.6861 2298.7;
	1933.8254 1300.3472 2128.4613 610.8912 1062.6984 1561.7 1207.7615 382.9451 763.3937 6482.3581 2328.4833;
	1948.5461 1306.1035 2127.3236 598.9809 1076.4481 1574.6056 1229.732 362.4 762.4508 6606.8915 2333.0495;
	1904.8 1272.2635 2113.7058 585.0186 1056.796 1570.0276 1186.6124 348.751 753.3727 6525.4749 2276.5961;
	1919.4703 1270.4928 2135.8886 596.7 1103.658 1555.2 1182.5336 343.7765 769.0285 6528.4468 2384.34;
	1893.3303 1283.5594 2085.8722 595.8395 1063.1122 1547.8026 1224.4544 323.7218 747.5633 6513.0388 2304.5742;
	1919.0723 1280.5632 2087.5762 589.7 1048.1238 1512.1604 1206.956 317.2 765.2251 6529.9732 2349.0;
	1930.1176 1252.8 2086.8515 605.2283 1028.2183 1476.4159 1198.0867 321.4527 761.1522 6556.3566 2416.088;
	1930.2523 1254.3443 2030.9 601.5342 1036.0 1466.8125 1211.8339 317.9066 753.0228 6438.3686 2357.0308;
	1902.6257 1222.6699 2034.0315 597.2 1078.342 1490.8775 1256.2593 315.9667 767.1097 6451.0267 2391.4376;
	1919.0871 1258.3446 2104.8927 606.4367 1086.8242 1533.7093 1349.2415 332.875 836.5873 6556.323 2588.4086;
	1905.4175 1257.9291 2083.591 607.7 1099.6575 1535.8004 1330.5458 349.4028 834.8773 6507.2809 2705.2035;
	1951.6917 1297.9997 2177.5601 609.7646 1158.0163 1630.0311 1370.1833 377.0749 843.1792 6461.8 2677.1632;
	1999.5173 1286.4266 2157.3247 615.9124 1104.6088 1567.2688 1308.7497 366.9916 827.9384 6412.3333 2597.4064;
	1929.6672 1224.999 2042.5623 573.0748 1058.7463 1451.9667 1226.8379 353.0279 765.9113 6074.3528 2444.6474;
	1810.242 1145.9416 1937.7474 558.3678 994.0257 1364.4985 1141.3362 334.8974 706.2644 5682.4909 2202.3308;
	1707.0322 1052.3067 1761.5354 546.7196 882.1139 1261.2997 1040.5638 300.5 643.8368 5233.9309 1988.8814;
	1675.1004 1041.4367 1719.6541 521.9729 852.1535 1229.3659 1018.7432 291.4876 661.6671 4984.5357 1928.3446;
	1624.8892 1010.5277 1731.9403 548.9293 829.5214 1248.4519 1016.423 280.3772 636.6228 4798.055 1929.3795;
];
