function loadprofile = ex_load_profilesh1
%EX_LOAD_PROFILE  Example load profile data file for stochastic unit commitment.
% 2022.03.12
% Andres F. Ramirez

%% define constants
[CT_LABEL, CT_PROB, CT_TABLE, CT_TBUS, CT_TGEN, CT_TBRCH, CT_TAREABUS, ...
    CT_TAREAGEN, CT_TAREABRCH, CT_ROW, CT_COL, CT_CHGTYPE, CT_REP, ...
    CT_REL, CT_ADD, CT_NEWVAL, CT_TLOAD, CT_TAREALOAD, CT_LOAD_ALL_PQ, ...
    CT_LOAD_FIX_PQ, CT_LOAD_DIS_PQ, CT_LOAD_ALL_P, CT_LOAD_FIX_P, ...
    CT_LOAD_DIS_P, CT_TGENCOST, CT_TAREAGENCOST, CT_MODCOST_F, ...
    CT_MODCOST_X] = idx_ct;

loadprofile = struct( ...
    'type', 'mpcData', ...
    'table', CT_TAREALOAD, ...
    'rows', [1:11], ...
    'col', CT_LOAD_ALL_P, ...
    'chgtype', 1, ...
    'values', [] );
loadprofile.values(:,1,:) = [
	1480.018 939.4296 1588.396 590.3 803.0793 1118.5646 882.3789 251.0008 476.8742 4157.576 1707.0;
	1502.6675 933.603 1585.0199 581.6572 811.8583 1108.8933 877.3472 253.8 460.1859 4162.2463 1679.9061;
	1518.2057 964.8054 1644.2544 593.4602 831.6 1146.3054 904.3972 264.4261 501.223 4375.0802 1712.7465;
	1605.5145 1032.7337 1743.5677 591.6664 893.4108 1240.0711 949.9045 289.9 535.8487 4563.9999 1833.3383;
	1752.7364 1145.9857 1966.3 627.3 1011.8 1356.3869 1067.262 323.6654 605.4175 5193.1192 2087.9609;
	1890.1404 1212.8828 2079.3803 652.1363 1104.1 1450.443 1120.4862 356.0101 670.5208 5788.5871 2224.8047;
	1914.8759 1234.3016 2095.7401 650.7421 1121.9614 1472.0072 1155.3774 362.1 690.1601 6170.7435 2240.3;
	1892.4021 1189.4742 2038.1919 640.817 1091.1 1452.1979 1157.2479 357.1 693.3605 6433.0345 2099.2547;
	1867.7887 1162.1524 2008.3554 634.0547 1094.6115 1412.5 1153.0702 371.2 703.5243 6514.7485 2121.7485;
	1865.2925 1177.284 2048.3318 635.4 1097.2202 1366.5444 1152.9208 372.2933 684.9399 6509.7 2103.6781;
	1876.8536 1203.677 2027.1121 633.1 1072.842 1312.9336 1104.1 351.6153 680.2 6489.0574 2100.9625;
	1890.0189 1190.1194 2018.4077 614.4577 1077.368 1295.4 1141.4926 359.4485 691.3 6597.6852 2135.269;
	1881.5971 1182.3388 2008.6193 603.9 1073.6787 1264.8158 1072.0728 355.2 669.9 6461.0115 2161.1;
	1838.8966 1209.8877 2023.5552 595.8 1042.5174 1280.5177 1071.3226 342.4 678.934 6462.3795 2201.9861;
	1870.5719 1217.8764 2114.4398 600.6449 1067.508 1332.6785 1088.361 338.2 691.6994 6473.9157 2271.9296;
	1849.0 1210.3244 2191.4636 607.6913 1109.1057 1404.8939 1152.7 351.1346 693.7794 6487.7999 2339.7013;
	1865.8375 1220.2415 2159.5905 624.7377 1162.7744 1446.1322 1193.5581 375.9521 726.1 6521.0195 2509.9787;
	1915.321 1268.4 2220.6421 640.8 1180.1333 1542.4983 1239.1929 416.6815 748.9219 6718.9554 2592.1931;
	1932.0774 1297.9619 2244.6717 634.4 1165.0826 1542.8176 1237.0142 412.4659 757.2732 6713.3389 2596.0584;
	1879.2861 1235.691 2108.0342 615.9187 1109.2398 1457.7944 1173.8104 385.1323 709.7836 6333.4587 2443.0505;
	1752.7763 1148.0795 1982.7925 605.5141 1020.2 1356.9837 1081.3523 350.4 645.797 5876.8987 2243.2053;
	1633.5335 1071.5 1879.0772 589.9627 963.5927 1304.2607 1004.9 314.0 581.6 5447.7424 2010.978;
	1571.2021 1024.3 1702.2901 601.9307 908.8558 1219.3804 962.2 266.9 572.2493 4981.0167 1864.4558;
	1543.4603 992.6675 1699.5113 607.4099 902.3269 1210.4291 951.3967 230.6454 557.4 4568.4634 1758.5587;
];
