function loadprofile = ex_load_profilesh1
%EX_LOAD_PROFILE  Example load profile data file for stochastic unit commitment.
% 2022.03.12
% Andres F. Ramirez

%% define constants
[CT_LABEL, CT_PROB, CT_TABLE, CT_TBUS, CT_TGEN, CT_TBRCH, CT_TAREABUS, ...
    CT_TAREAGEN, CT_TAREABRCH, CT_ROW, CT_COL, CT_CHGTYPE, CT_REP, ...
    CT_REL, CT_ADD, CT_NEWVAL, CT_TLOAD, CT_TAREALOAD, CT_LOAD_ALL_PQ, ...
    CT_LOAD_FIX_PQ, CT_LOAD_DIS_PQ, CT_LOAD_ALL_P, CT_LOAD_FIX_P, ...
    CT_LOAD_DIS_P, CT_TGENCOST, CT_TAREAGENCOST, CT_MODCOST_F, ...
    CT_MODCOST_X] = idx_ct;

loadprofile = struct( ...
    'type', 'mpcData', ...
    'table', CT_TAREALOAD, ...
    'rows', [1:11], ...
    'col', CT_LOAD_ALL_P, ...
    'chgtype', 1, ...
    'values', [] );
loadprofile.values(:,1,:) = [
	1618.9 989.1348 1659.9 570.6 800.3093 1194.5408 902.7 290.4406 502.7492 4517.4444 1714.0;
	1586.5556 984.5 1651.798 571.3 804.376 1182.7669 900.8 296.739 506.174 4499.0515 1701.3143;
	1619.7005 1011.4704 1689.1297 576.9 831.9 1221.2014 930.1278 298.4565 518.9 4514.1642 1758.6;
	1686.864 1064.7 1756.4684 602.7926 886.4586 1256.3735 963.1609 313.9 540.8 4662.4056 1855.1023;
	1828.3569 1192.0609 2005.2158 638.414 1049.949 1433.782 1083.7149 366.542 624.2 5284.4257 2089.3552;
	1924.8 1285.6692 2135.4157 659.0622 1112.7 1501.1843 1152.2234 391.9778 683.3171 5871.6116 2247.3676;
	1959.3058 1303.5497 2129.3 629.5872 1073.8265 1486.5344 1170.4249 381.1547 685.0473 6150.3887 2230.733;
	1978.2159 1299.6077 2093.008 616.9385 1042.1646 1460.9386 1181.6368 377.2355 673.9685 6431.9 2206.7774;
	1954.1821 1255.9511 2028.3107 601.356 1094.7673 1438.8476 1187.7976 376.122 667.695 6439.4297 2124.3448;
	1915.2342 1246.0436 2026.986 593.1152 1077.4 1417.7884 1162.1637 376.1199 635.8841 6388.6062 2106.5518;
	1906.2466 1236.6498 2062.2993 576.4 1072.9883 1399.6686 1131.9534 363.4 630.3122 6435.5973 2114.7248;
	1942.9941 1230.8 2018.5906 581.5465 1010.1289 1398.9 1086.4808 358.0072 620.5977 6381.212 2083.9403;
	1948.2359 1221.472 2007.1404 574.9232 995.3585 1406.7 1074.4324 348.1 620.2882 6355.9821 2088.894;
	1963.7561 1249.2632 2046.3678 572.296 1013.5206 1428.8 1080.8413 354.5735 640.9171 6434.8619 2195.7201;
	1938.8148 1222.4981 2019.057 569.1 1013.4892 1445.1989 1067.943 354.6097 611.3743 6436.716 2251.6128;
	1909.3 1200.7 1996.8504 568.1437 995.8 1481.6933 1084.7136 357.0419 616.1341 6377.6955 2267.3771;
	1902.842 1174.8567 1958.1934 605.3833 1018.3274 1491.7 1113.828 380.652 623.9128 6248.8634 2356.5451;
	1958.5459 1244.7237 2080.695 607.5771 1067.8 1582.5101 1197.8912 390.5496 680.4135 6284.0817 2475.1025;
	1986.1891 1278.3606 2127.2 614.3 1054.8006 1566.7732 1215.4745 401.9166 696.3862 6208.0391 2446.112;
	1900.6416 1228.2557 2035.9758 609.1288 1009.6 1504.2858 1201.0364 391.8 696.5 6082.709 2434.5126;
	1803.7048 1117.0 1851.2912 573.8219 961.1156 1383.8652 1115.3271 371.3858 635.415 5737.5383 2216.0;
	1681.13 1049.2714 1758.2139 557.7688 895.7375 1304.97 1074.2641 321.1 596.5521 5275.4842 2007.2631;
	1689.0804 1019.1998 1699.4 556.0 861.8418 1272.0838 1074.5323 299.5 581.007 5029.147 1906.8004;
	1587.9109 979.5181 1663.4277 568.9685 824.8873 1209.3453 958.6264 273.3 550.6 4700.1542 1800.4;
];
