function windprofile = ex_wind_profilesh1
%EX_WIND_PROFILE_D  Example wind_load_nyiso profile data for deterministic unit commitment.
% 2022.03.12
% Andres F. Ramirez


%% define constants
[GEN_BUS, PG, QG, QMAX, QMIN, VG, MBASE, GEN_STATUS, PMAX, PMIN, ...
    MU_PMAX, MU_PMIN, MU_QMAX, MU_QMIN, PC1, PC2, QC1MIN, QC1MAX, ...
    QC2MIN, QC2MAX, RAMP_AGC, RAMP_10, RAMP_30, RAMP_Q, APF] = idx_gen;
[CT_LABEL, CT_PROB, CT_TABLE, CT_TBUS, CT_TGEN, CT_TBRCH, CT_TAREABUS, ...
    CT_TAREAGEN, CT_TAREABRCH, CT_ROW, CT_COL, CT_CHGTYPE, CT_REP, ...
    CT_REL, CT_ADD, CT_NEWVAL, CT_TLOAD, CT_TAREALOAD, CT_LOAD_ALL_PQ, ...
    CT_LOAD_FIX_PQ, CT_LOAD_DIS_PQ, CT_LOAD_ALL_P, CT_LOAD_FIX_P, ...
    CT_LOAD_DIS_P, CT_TGENCOST, CT_TAREAGENCOST, CT_MODCOST_F, ...
    CT_MODCOST_X] = idx_ct;

windprofile = struct( ...
    'type', 'mpcData', ...
    'table', CT_TGEN, ...
    'rows', [1:45], ...
    'col', PMAX, ...
    'chgtype', 1, ...
    'values', [] );
windprofile.values(:,1,:) = [
	3.3788 45.6557 88.2464 108.5821 14.7963 31.611 27.8428 12.9894 27.1318 28.6636 52.9842 79.042 118.9972 64.5695 168.5183 63.4883 78.7725 83.4753 84.2795 68.6868 9.2809 73.7589 74.0421 87.1771 98.6127 68.1666 9.2892 1175.903 738.5227 738.5227 705.0819 110.4046 280.9316 176.7999 202.4341 315.103 1102.6909 274.8769 438.08 264.1411 111.3992 350.6709 191.0481 237.642 1114.1773;
	3.567 48.1983 84.4083 106.3441 14.5064 30.7261 29.5975 10.9964 27.5164 26.612 49.1919 73.3846 110.4801 65.0277 182.084 68.5991 85.1137 90.1951 80.1709 69.8344 9.8658 71.6943 70.8588 85.7558 98.0498 64.6756 8.1886 1147.7859 761.704 761.704 755.031 116.2493 267.2362 179.754 203.8705 324.9937 1138.7098 278.1688 452.7442 262.6335 111.4503 340.8554 199.3215 228.9359 1150.5714;
	3.6569 49.4126 88.4508 96.5282 14.8427 31.9496 27.5135 10.8728 27.6045 27.7992 51.3864 76.6584 115.4088 64.6188 180.3791 67.9568 84.3168 89.3506 87.2961 68.7099 9.1712 74.5492 70.7114 86.9102 90.5579 63.6287 9.6129 1199.5621 801.0896 801.0896 792.0551 118.9934 290.9871 176.8594 202.5888 341.7982 1161.5204 278.0127 448.052 242.5658 113.8534 354.428 183.2635 247.6402 1173.6195;
	3.6345 49.1097 85.819 95.2777 14.2826 30.711 23.6977 11.8602 26.6905 25.9216 47.9158 71.4809 107.6141 61.9918 174.7973 65.8539 81.7076 86.5856 84.067 66.3275 7.8992 71.659 64.8623 83.4721 83.8487 58.7584 8.9211 1162.7916 794.2476 794.2476 768.197 117.4248 280.2234 170.7271 194.3525 338.879 1173.8583 262.858 420.3626 224.5946 101.0158 340.6874 185.6151 243.7137 1186.086;
	3.5076 47.3948 80.2777 75.2839 13.8941 29.5805 21.2084 9.4215 22.0711 26.4 48.8 72.8 109.6001 61.6491 174.0994 65.5909 81.3813 86.2399 84.9207 67.0489 7.0695 69.0211 66.036 82.1663 70.8787 53.4491 7.935 1193.9664 774.6017 774.6017 724.7359 110.2314 283.0689 172.5839 193.2783 330.4967 1167.6836 251.6367 386.2954 189.8538 93.664 328.1458 193.2574 223.4764 1179.847;
	3.6783 49.7018 80.1026 75.6309 13.9326 29.8616 19.0924 7.2674 24.6776 27.7925 51.374 76.6399 115.381 61.1513 169.5688 63.8841 79.2636 83.9957 84.9921 68.1729 6.3641 69.677 68.7906 78.8882 53.6038 36.9444 6.3158 1242.8539 746.2778 746.2778 694.6002 98.2797 283.307 175.4771 191.7176 318.4119 1203.353 236.0598 344.9307 143.5816 83.6587 331.2646 195.5113 184.2689 1215.888;
	3.3121 44.7542 61.5149 59.875 13.5276 27.289 16.4583 5.3197 19.2092 27.0685 50.0357 74.6435 112.3753 64.1913 178.5525 67.2686 83.4629 88.4458 87.0306 69.5249 5.4861 63.6743 69.741 67.9944 45.8674 23.3732 4.7014 1239.3477 695.3896 695.3896 576.1343 62.973 290.102 178.9572 201.2485 296.6996 1142.8987 206.3116 283.0061 122.8591 65.0293 302.726 157.9153 126.3339 1154.8039;
	3.5643 48.161 64.9416 67.7815 13.9904 27.5677 15.9135 4.9418 14.3479 23.349 43.1602 64.3866 96.9336 64.341 172.0295 64.8111 80.4138 85.2146 86.6335 68.9251 5.3045 64.3246 55.7837 78.3218 53.5449 18.1693 3.7032 1235.0023 723.6711 723.6711 645.2458 61.2004 288.7782 177.4135 201.7177 308.7663 1125.9218 214.4795 242.9224 143.4238 65.992 305.8175 150.0677 130.8984 1137.6501;
	2.8322 38.2699 54.4693 62.1157 13.7206 22.4966 14.8508 2.9856 16.476 21.2874 39.3495 58.7017 88.3751 63.7881 163.472 61.5871 76.4137 80.9757 86.6914 66.0472 4.9503 52.492 31.2992 78.4945 51.5297 11.6345 2.4424 1212.3821 740.2111 740.2111 728.6574 88.4625 288.9714 170.0057 199.9842 315.8234 1059.7058 236.3024 224.0182 138.026 45.8613 249.5619 133.7719 144.7536 1070.7444;
	2.736 36.969 49.6908 59.8248 14.568 19.9751 20.0325 2.3147 20.4065 19.5323 36.1051 53.8617 81.0885 67.036 150.9771 56.8797 70.573 74.7863 85.8233 67.1215 6.6775 46.6087 40.1494 70.1934 35.5528 7.0939 1.319 1151.5974 774.1746 774.1746 764.6248 109.5396 286.0778 172.7709 210.1669 330.3145 1137.8722 230.4548 355.2936 95.2307 36.4045 221.5909 127.5577 129.1804 1149.725;
	2.3669 31.9821 38.5933 45.0449 14.1293 15.9676 20.3214 1.3536 19.7451 15.7666 29.1443 43.4775 65.4551 65.9941 135.8277 51.1723 63.4916 67.2821 84.2958 63.9594 6.7738 37.2578 28.3729 53.82 24.1141 6.087 2.3495 1133.2757 810.2444 810.2444 765.6736 106.2675 280.9861 164.6318 206.9006 345.7043 1118.1424 226.5334 409.3604 64.5913 34.7653 177.1344 95.6626 99.6308 1129.7898;
	1.617 21.8488 29.3212 24.3219 9.4748 11.8272 20.3527 1.3799 17.6274 15.3667 28.405 42.3747 63.7949 63.869 131.0338 49.3662 61.2507 64.9074 85.6033 59.0539 6.7842 27.5967 34.7367 37.2546 19.5844 8.3823 2.059 1010.4111 754.4932 754.4932 735.2279 106.9668 285.3444 152.005 200.2378 321.9171 1037.6579 206.9026 385.1398 52.4583 24.1787 131.2027 67.2413 86.9079 1048.4669;
	1.2054 16.288 27.139 25.1061 9.0168 9.6101 19.5814 2.3948 15.2163 11.0794 20.4801 30.5523 45.9964 59.0099 168.4615 63.4669 78.746 83.4472 88.5094 65.7656 6.5271 22.4235 26.6327 36.9255 20.7958 13.3087 2.7354 990.1599 780.786 780.786 747.8252 98.6743 295.0313 169.2808 185.0039 333.1353 1054.0502 221.7907 402.9157 55.7031 25.1625 106.6077 52.3353 60.8579 1065.0299;
	0.9233 12.4756 22.4947 30.6967 8.325 9.0976 13.3338 2.9735 11.8559 13.084 24.1856 36.0802 54.3186 61.4525 168.5522 63.5011 78.7884 83.4922 84.3013 67.1166 4.4446 21.2278 32.908 37.9811 22.7544 13.7533 3.9252 955.9969 739.1327 739.1327 751.5342 94.7137 281.0045 172.7584 192.6619 315.3633 906.7676 218.4172 380.4111 60.9493 27.1617 100.923 42.7843 58.7708 916.2131;
	0.8782 11.8663 21.7497 0.66 6.8635 8.688 11.1144 2.1125 11.6804 13.4521 24.866 37.0952 55.8466 56.142 162.748 61.3144 76.0752 80.6171 77.9535 67.3962 3.7048 20.2721 47.8911 44.1899 19.1645 7.2326 3.2889 820.78 632.4063 632.4063 587.9363 75.7288 259.8449 173.4779 176.0128 269.8267 762.1995 180.3845 304.443 51.3335 27.1971 96.3794 36.9432 51.5682 770.1391;
	0.8696 11.7503 17.7716 31.4904 7.9479 7.4058 5.4238 1.7649 8.838 13.1809 24.3647 36.3473 54.7207 62.0567 129.5627 48.812 60.563 64.1787 71.9086 64.0138 1.8079 17.2801 31.5215 44.3414 23.6694 5.5854 2.4131 854.6832 543.2796 543.2796 520.4275 72.5236 239.6953 164.7718 194.5563 231.7993 605.2169 171.1783 215.3219 63.4002 30.1199 82.1547 29.8992 28.1519 611.5212;
	0.5585 7.5459 6.8213 48.232 6.5813 8.5124 3.8876 12.233 11.4438 14.7898 27.3387 40.784 61.4001 62.5188 130.7672 49.2658 61.1261 64.7754 73.9065 57.5086 1.2959 19.8623 35.3631 43.2232 17.2619 18.4268 1.9169 792.355 547.3251 547.3251 560.7913 75.7514 246.3552 148.0273 196.005 233.5254 726.134 180.7788 203.5103 46.2371 35.4266 94.4308 22.1302 70.4759 733.6979;
	1.1207 15.1437 0.5516 7.3521 3.1436 10.256 3.54 0.6165 5.1965 19.3129 35.6996 53.2568 80.1778 64.2425 91.3324 34.409 42.6926 45.2414 60.9756 48.0528 1.18 23.9306 62.5433 31.4756 12.5165 1.367 1.5279 759.1392 556.0563 556.0563 617.0007 86.7135 203.2518 123.6879 201.4089 237.2507 732.8698 197.2283 326.1358 33.5264 74.8715 113.7727 10.2043 3.9325 740.5038;
	0.6471 8.7434 27.4337 45.7111 7.0663 22.1648 16.3274 1.9878 14.0283 23.0553 42.6173 63.5767 95.7143 65.7311 102.0973 38.4646 47.7246 50.5738 0.508 61.4378 5.4425 51.7178 69.9042 46.2931 24.523 8.1048 2.1523 779.6759 534.2122 534.2122 621.1797 78.3031 1.6935 158.1411 206.0759 227.9305 695.2692 189.7259 360.9212 65.6867 90.1645 245.8813 46.4316 77.9391 702.5116;
