function windprofile = ex_wind_profilesh1
%EX_WIND_PROFILE_D  Example wind_load_nyiso profile data for deterministic unit commitment.
% 2022.03.12
% Andres F. Ramirez


%% define constants
[GEN_BUS, PG, QG, QMAX, QMIN, VG, MBASE, GEN_STATUS, PMAX, PMIN, ...
    MU_PMAX, MU_PMIN, MU_QMAX, MU_QMIN, PC1, PC2, QC1MIN, QC1MAX, ...
    QC2MIN, QC2MAX, RAMP_AGC, RAMP_10, RAMP_30, RAMP_Q, APF] = idx_gen;
[CT_LABEL, CT_PROB, CT_TABLE, CT_TBUS, CT_TGEN, CT_TBRCH, CT_TAREABUS, ...
    CT_TAREAGEN, CT_TAREABRCH, CT_ROW, CT_COL, CT_CHGTYPE, CT_REP, ...
    CT_REL, CT_ADD, CT_NEWVAL, CT_TLOAD, CT_TAREALOAD, CT_LOAD_ALL_PQ, ...
    CT_LOAD_FIX_PQ, CT_LOAD_DIS_PQ, CT_LOAD_ALL_P, CT_LOAD_FIX_P, ...
    CT_LOAD_DIS_P, CT_TGENCOST, CT_TAREAGENCOST, CT_MODCOST_F, ...
    CT_MODCOST_X] = idx_ct;

windprofile = struct( ...
    'type', 'mpcData', ...
    'table', CT_TGEN, ...
    'rows', [1:45], ...
    'col', PMAX, ...
    'chgtype', 1, ...
    'values', [] );
windprofile.values(:,1,:) = [
	3.255 43.9824 81.6391 100.2013 14.5919 30.0863 27.3063 11.0175 27.9241 29.2666 54.0989 80.705 121.5009 64.6576 188.5517 71.0358 88.137 93.3989 88.2053 72.2617 9.1021 70.2013 73.3369 82.8895 81.2767 57.7629 7.565 1171.6534 681.2216 681.2216 560.4321 108.3946 294.0177 186.0018 202.7103 290.6545 1030.3383 280.3299 439.01 217.7055 112.4681 333.7571 188.5856 190.4187 1041.071;
	3.4699 46.8864 80.1398 95.5231 14.5739 29.5481 28.0285 9.9624 27.8057 26.5522 49.0813 73.2196 110.2317 66.2436 188.3743 70.9689 88.054 93.311 89.3192 72.078 9.3428 68.9457 71.8489 80.824 76.5921 56.5156 5.5994 1157.5868 715.6501 715.6501 604.8456 99.405 297.7307 185.5289 207.6827 305.344 1126.4672 253.1528 442.3549 205.1573 99.9636 327.7875 195.4738 183.6438 1138.2012;
	3.6263 48.9993 79.8888 90.039 14.7458 31.7346 25.3794 8.9759 27.5048 26.8454 49.6233 74.0282 111.449 64.0587 187.3181 70.571 87.5603 92.7878 88.4444 71.8723 8.4598 74.0473 69.7149 82.2205 65.7902 58.8819 4.1797 1221.0677 748.7273 748.7273 715.0952 109.3628 294.8146 184.9996 200.8328 319.457 1144.726 260.8956 451.0625 176.2239 105.1389 352.0421 186.2997 240.6879 1156.6502;
	3.5706 48.2471 82.992 99.7333 15.2564 31.4169 21.9625 10.8399 27.12 27.4104 50.6678 75.5863 113.7948 61.9948 187.3681 70.5898 87.5837 92.8126 87.4665 70.945 7.3208 73.3061 70.7691 85.8969 80.5458 56.1476 6.2918 1161.9697 726.9614 726.9614 674.5117 105.6337 291.555 182.6127 194.3621 310.1702 1124.2649 255.1701 430.5624 215.7477 105.6802 348.5183 188.4706 232.301 1135.976;
	3.5655 48.1776 79.5559 84.255 15.2159 31.354 17.748 8.7419 22.7633 26.1802 48.3938 72.194 108.6876 60.4117 180.9154 68.1588 84.5674 89.6162 84.5941 67.9583 5.916 73.1593 67.1091 86.2736 67.6221 53.8981 5.7985 1164.8006 704.7252 704.7252 606.1994 97.2088 281.9802 174.9248 189.3989 300.6828 1060.8604 232.6932 347.4405 181.1305 101.0526 347.8201 195.0226 212.3872 1071.911;
	3.6518 49.3442 79.1857 84.3939 15.3106 31.301 16.5262 6.7791 24.925 28.2183 52.1611 77.8141 117.1487 59.6633 180.6983 68.077 84.4659 89.5087 84.2529 69.1599 5.5087 73.0357 71.4603 85.5494 55.3238 37.1184 4.9073 1188.365 709.9059 709.9059 640.4382 90.5324 280.8431 178.0177 187.0526 302.8932 1108.6245 225.0961 322.8235 148.1888 97.6161 347.2325 200.8373 184.2407 1120.1727;
	3.258 44.0231 65.8668 62.956 14.9283 27.3033 14.1697 4.5293 17.6798 26.8306 49.5959 73.9874 111.3876 64.7067 185.488 69.8815 86.7048 91.8813 87.0249 70.5287 4.7232 63.7078 69.961 75.9252 42.9665 25.046 3.4466 1161.1417 665.7046 665.7046 535.4206 57.3655 290.0828 181.5412 202.8641 284.034 1045.1411 198.3109 265.0422 115.089 83.0409 302.8849 160.8307 132.9847 1056.028;
	3.2195 43.5025 63.2832 68.0518 14.2986 26.23 15.8228 4.7203 14.6665 22.6848 41.9326 62.5551 94.1764 65.9069 181.794 68.4898 84.9781 90.0514 87.0309 70.1811 5.2743 61.2033 57.4967 81.4737 53.212 19.9244 3.1117 1199.2555 698.6076 698.6076 601.6205 52.8553 290.1029 180.6464 206.6269 298.0726 1051.9598 195.3801 250.7281 142.5321 83.6164 290.9778 147.8297 142.7835 1062.9177;
	2.7409 37.0362 55.2277 64.5651 14.209 22.4983 15.7951 3.2027 19.1969 23.2464 42.9706 64.1036 96.5076 66.7991 166.9376 62.8928 78.0336 82.6923 86.6421 67.1186 5.265 52.496 53.2374 78.8428 52.5385 9.8391 1.8042 1167.3185 767.5281 767.5281 714.9725 81.3269 288.8071 172.7635 209.4242 327.4786 1061.338 238.1233 242.2346 140.7282 56.7786 249.581 143.3418 147.2102 1072.3936;
	2.4711 33.3897 46.2956 61.2149 14.5269 17.7785 20.05 1.8585 20.4416 19.4108 35.8805 53.5267 80.5842 67.7408 158.3716 59.6656 74.0295 78.4492 84.718 59.9806 6.6833 41.4833 43.6387 71.5298 34.3962 5.9639 0.9803 1084.1213 747.5336 747.5336 702.1013 96.2118 282.3933 154.3902 212.3765 318.9477 1067.5395 228.0015 363.8546 92.1328 45.3293 197.2234 123.1511 123.9683 1078.6597;
	1.9383 26.1905 33.5264 44.2099 13.968 13.5557 19.1817 0.8772 18.685 15.4729 28.6013 42.6676 64.2358 67.2686 154.5111 58.2111 72.2249 76.5369 84.3499 64.1814 6.3939 31.6299 31.7508 50.7009 21.8512 3.7019 0.5813 1075.6393 732.2463 732.2463 683.8907 92.916 281.1665 165.203 210.8963 312.4251 1010.7868 233.825 407.5425 58.5299 39.4412 150.3777 84.7575 89.8145 1021.3158;
	1.3789 18.6324 25.6885 25.5718 9.9471 10.8276 21.6507 1.0347 18.1895 16.8806 31.2036 46.5496 70.0802 66.244 152.8489 57.5849 71.448 75.7135 86.5253 63.3862 7.2169 25.2644 40.5558 35.8808 18.9017 5.3492 0.6691 932.1615 703.6735 703.6735 679.0051 99.6067 288.4177 163.1562 207.6838 300.234 945.339 216.7883 421.58 50.6297 28.8612 120.1143 62.0498 74.9094 955.1863;
	1.0195 13.7752 24.2059 28.0336 9.4898 8.1201 19.9702 1.8107 15.2037 13.1645 24.3344 36.3022 54.6528 62.0675 146.7106 55.2724 68.5787 72.6729 83.8771 55.5801 6.6567 18.9469 28.215 34.9512 22.2515 8.7678 2.04 924.324 711.3011 711.3011 661.3182 96.4655 279.5902 143.0632 194.59 303.4885 960.6926 218.5714 417.1146 59.6023 28.276 90.0792 49.6355 53.9775 970.6998;
	0.9149 12.362 23.9513 34.5759 8.4167 9.7209 14.9163 2.3602 13.3176 17.3819 32.1301 47.9318 72.1611 62.7825 158.7708 59.816 74.2161 78.6469 85.7771 60.0398 4.9721 22.682 47.301 36.1519 24.5707 9.8349 3.2712 912.043 728.7285 728.7285 723.414 100.8085 285.9236 154.5426 196.8316 310.9242 878.889 232.3058 424.1984 65.8143 28.7816 107.8369 46.1637 58.183 888.0441;
	0.8425 11.3842 23.0628 16.0228 6.925 8.4883 12.4416 2.0874 12.0355 14.5228 26.8452 40.0478 60.2917 63.6613 149.1714 56.1995 69.729 73.8919 78.9058 58.7046 4.1472 19.806 30.8772 48.4136 25.2166 6.1524 3.3439 782.5845 640.3713 640.3713 596.8421 86.3453 263.0192 151.1058 199.5866 273.2251 745.5639 208.8095 352.8286 67.5443 28.8761 94.1635 36.0624 47.6888 753.3302;
	1.0016 13.5333 19.2049 31.2619 8.0401 4.507 6.0486 1.4873 9.8217 13.5944 25.1291 37.4876 56.4374 61.4687 151.417 57.0455 70.7786 75.0042 82.1658 61.8988 2.0162 10.5163 31.6459 44.3245 25.3701 2.6595 2.3051 840.1285 546.5977 546.5977 527.713 84.4001 273.8861 159.3277 192.7126 233.215 617.2354 199.619 237.6225 67.9557 28.5879 49.9975 14.6336 22.2753 623.665;
	0.6498 8.7799 64.7916 98.9244 7.4028 15.8584 4.171 13.8506 12.0058 17.7273 32.7687 48.8845 73.5954 64.5914 172.4099 64.9544 80.5916 85.403 85.7765 62.2429 1.3903 37.0029 50.7057 44.94 19.8103 14.4671 1.9799 827.2467 541.3756 541.3756 562.2182 81.2917 285.9216 160.2134 202.5028 230.9869 746.2202 198.2401 238.2841 53.0633 37.859 175.9225 51.5654 109.8798 753.9933;
	1.1232 15.1764 50.8222 68.7308 3.7939 16.4832 11.3103 6.0468 15.2049 20.6754 38.2182 57.014 85.8342 67.4049 130.0079 48.9797 60.7711 64.3993 84.8023 51.188 3.7701 38.4607 67.8125 41.6534 18.8027 4.5093 1.9233 785.4894 556.6878 556.6878 614.1762 85.2061 282.6743 131.7582 211.3233 237.5201 753.3554 213.8954 353.2278 50.3643 77.3832 182.8533 30.8145 61.7144 761.2029;
	0.4995 6.7495 26.342 43.8796 3.6593 5.9018 1.952 2.3465 1.5633 24.2839 44.8884 66.9647 100.815 67.3582 108.4149 40.8447 50.6777 53.7032 12.8294 59.8548 0.6507 13.7709 70.011 50.8531 25.3629 9.5916 2.2896 826.3158 517.0149 517.0149 622.9585 86.4231 42.7646 154.0663 211.1772 220.593 679.9765 199.8472 339.9295 67.9362 90.5913 65.4706 21.9117 96.8196 687.0596;
