function loadprofile = ex_load_profilesh1
%EX_LOAD_PROFILE  Example load profile data file for stochastic unit commitment.
% 2022.03.12
% Andres F. Ramirez

%% define constants
[CT_LABEL, CT_PROB, CT_TABLE, CT_TBUS, CT_TGEN, CT_TBRCH, CT_TAREABUS, ...
    CT_TAREAGEN, CT_TAREABRCH, CT_ROW, CT_COL, CT_CHGTYPE, CT_REP, ...
    CT_REL, CT_ADD, CT_NEWVAL, CT_TLOAD, CT_TAREALOAD, CT_LOAD_ALL_PQ, ...
    CT_LOAD_FIX_PQ, CT_LOAD_DIS_PQ, CT_LOAD_ALL_P, CT_LOAD_FIX_P, ...
    CT_LOAD_DIS_P, CT_TGENCOST, CT_TAREAGENCOST, CT_MODCOST_F, ...
    CT_MODCOST_X] = idx_ct;

loadprofile = struct( ...
    'type', 'mpcData', ...
    'table', CT_TAREALOAD, ...
    'rows', [1:11], ...
    'col', CT_LOAD_ALL_P, ...
    'chgtype', 1, ...
    'values', [] );
loadprofile.values(:,1,:) = [
	1597.9541 979.7915 1662.5028 578.5 828.2 1167.3 906.3807 342.8772 497.0914 4624.4151 1778.9682;
	1591.7107 985.3 1687.6692 569.1 828.2335 1166.0976 900.6547 311.5553 474.6085 4512.3645 1735.7212;
	1611.3854 1011.5512 1706.9642 579.9001 839.9 1190.1701 917.1 322.8689 502.2947 4575.465 1825.1427;
	1711.7 1085.1179 1837.7637 597.4723 906.3137 1267.5402 975.3309 359.4274 556.7 4887.8338 2031.831;
	1814.3 1202.261 2071.3701 618.0198 1084.698 1439.8503 1122.4786 419.7193 657.9566 5711.3268 2506.7869;
	1914.1766 1278.9725 2215.9445 641.6791 1124.2726 1532.2887 1175.5924 427.6946 714.5972 6240.4958 2584.6833;
	1961.9559 1326.7418 2274.4173 637.8893 1135.2507 1565.2158 1183.4459 415.1555 704.5191 6429.1392 2516.1612;
	1935.2327 1300.5325 2173.8155 622.7716 1098.7599 1534.4919 1173.5 411.2239 709.3722 6543.7242 2423.5;
	1930.4315 1256.1 2161.8 614.4 1086.8 1514.9724 1165.9493 414.2887 716.6137 6582.6709 2391.5468;
	1853.1639 1215.8 2120.5907 601.5079 1031.3635 1440.9677 1115.6748 394.9054 696.4548 6473.3776 2330.8833;
	1849.3452 1178.3109 2100.8215 583.2297 976.0035 1412.7504 1118.6578 383.6052 698.515 6408.2 2230.3245;
	1875.8946 1198.0252 2134.3062 579.0 997.9547 1402.1996 1107.3716 371.9158 674.7 6372.4088 2166.346;
	1858.0824 1172.3646 2146.0713 591.1752 977.0193 1413.7728 1104.6165 358.1181 663.9751 6337.1376 2167.8788;
	1864.0428 1160.6175 2135.8657 609.8079 983.487 1444.8204 1105.3017 380.3573 655.5242 6275.283 2169.8369;
	1860.964 1145.8254 2109.1451 613.7 962.2021 1429.6 1106.3215 372.4225 677.3824 6231.0731 2205.5121;
	1910.9608 1221.2312 2172.6953 617.8572 1006.1873 1474.7036 1163.477 387.7 674.5617 6324.4161 2311.8;
	1908.39 1228.1348 2137.1492 620.9719 992.3241 1518.9612 1161.3453 389.8387 691.7524 6216.912 2406.982;
	1968.1897 1258.0946 2166.7008 616.3608 1050.7472 1565.0927 1208.7 403.7 701.5785 6208.8449 2508.9;
	1954.1497 1258.6297 2152.2968 594.1 1044.2838 1563.3176 1206.4348 384.667 674.6735 5854.294 2435.8233;
	1858.802 1205.6148 2053.5695 584.0 1013.1812 1473.9966 1166.714 381.9316 646.5906 5867.3 2346.6;
	1767.6186 1133.6631 1950.5202 566.5 981.8071 1381.4832 1084.3 357.7947 604.336 5548.0617 2164.8343;
	1701.6576 1046.1327 1822.0274 553.1 937.4369 1308.0705 1017.0952 329.7 549.4199 5218.8228 1988.4605;
	1631.563 1001.9647 1750.1763 555.2 896.5519 1307.4408 980.5132 310.359 567.4498 4953.9395 1885.2759;
	1628.7201 988.2 1727.3 571.4457 915.5718 1283.3415 964.0708 300.1087 544.3071 4813.9575 1814.2025;
];
