function solarprofile = ex_solar_profilesh1
%EX_WIND_PROFILE_D  Example wind_load_nyiso profile data for deterministic unit commitment.
% 2022.03.12
% Andres F. Ramirez


%% define constants
[GEN_BUS, PG, QG, QMAX, QMIN, VG, MBASE, GEN_STATUS, PMAX, PMIN, ...
    MU_PMAX, MU_PMIN, MU_QMAX, MU_QMIN, PC1, PC2, QC1MIN, QC1MAX, ...
    QC2MIN, QC2MAX, RAMP_AGC, RAMP_10, RAMP_30, RAMP_Q, APF] = idx_gen;
[CT_LABEL, CT_PROB, CT_TABLE, CT_TBUS, CT_TGEN, CT_TBRCH, CT_TAREABUS, ...
    CT_TAREAGEN, CT_TAREABRCH, CT_ROW, CT_COL, CT_CHGTYPE, CT_REP, ...
    CT_REL, CT_ADD, CT_NEWVAL, CT_TLOAD, CT_TAREALOAD, CT_LOAD_ALL_PQ, ...
    CT_LOAD_FIX_PQ, CT_LOAD_DIS_PQ, CT_LOAD_ALL_P, CT_LOAD_FIX_P, ...
    CT_LOAD_DIS_P, CT_TGENCOST, CT_TAREAGENCOST, CT_MODCOST_F, ...
    CT_MODCOST_X] = idx_ct;

solarprofile = struct( ...
    'type', 'mpcData', ...
    'table', CT_TGEN, ...
    'rows', [1:12], ...
    'col', PMAX, ...
    'chgtype', 1, ...
    'values', [] );
solarprofile.values(:,1,:) = [
	0.0 0.0 0.0 0.0 0.0 0.0 0.0 0.0 0.0 0.0 0.0 0.0;
	0.0 0.0 0.0 0.0 0.0 0.0 0.0 0.0 0.0 0.0 0.0 0.0;
	0.0 0.0 0.0 0.0 0.0 0.0 0.0 0.0 0.0 0.0 0.0 0.0;
	0.0 0.0 0.0 0.0 0.0 0.0 0.0 0.0 0.0 0.0 0.0 0.0;
	0.0 0.0 0.0 0.0 0.0 0.0 0.0 0.0 0.0 0.0 0.0 0.0;
	0.1575 0.1621 0.24 0.0 0.0 0.0 0.0 0.0 0.0 0.0 0.0 0.0;
	8.8723 8.0181 7.9792 1.0277 1.7137 46.6516 5.8315 15.2713 24.7435 165.8417 27.8642 300.3404;
	19.0344 14.103 12.2328 2.552 2.1964 196.9407 24.6176 27.3557 68.984 224.247 80.5808 406.1127;
	23.7472 16.6083 13.8 5.2567 2.7281 303.689 37.9611 38.267 117.2701 263.7797 114.335 477.7065;
	26.0643 16.474 13.7624 6.9231 2.8046 247.0024 30.8753 41.7698 142.1903 318.3777 170.7978 576.5839;
	25.9535 16.5184 13.7859 6.9162 3.1339 162.8397 20.355 35.9476 160.4369 330.8468 186.3805 599.1656;
	23.9732 15.1655 13.3232 6.5951 3.4058 60.102 7.5128 22.2036 163.1889 321.8769 184.2637 582.9209;
	20.8364 15.628 12.6407 9.5254 8.9525 151.6826 18.9603 43.144 208.4019 343.3556 244.3021 621.8191;
	19.1434 16.3823 13.4536 8.8327 8.5117 261.188 32.6485 53.7501 203.4511 338.3256 222.1219 612.7097;
	17.1364 15.0378 11.4841 6.7588 7.5598 307.8886 38.4861 58.0823 190.1708 314.4984 207.7514 569.5585;
	13.0546 12.1278 8.5086 5.5193 10.4626 314.7287 39.3411 59.664 174.7715 241.8414 216.8341 437.9762;
	0.9664 0.7572 0.5718 1.5377 3.5087 63.1164 7.8895 11.4284 40.5835 65.5913 39.5456 118.7862;
	0.0 0.0 0.0 0.0 0.0 0.0 0.0 0.0 0.0 0.0 0.0 0.0;
	0.0 0.0 0.0 0.0 0.0 0.0 0.0 0.0 0.0 0.0 0.0 0.0;
	0.0 0.0 0.0 0.0 0.0 0.0 0.0 0.0 0.0 0.0 0.0 0.0;
	0.0 0.0 0.0 0.0 0.0 0.0 0.0 0.0 0.0 0.0 0.0 0.0;
	0.0 0.0 0.0 0.0 0.0 0.0 0.0 0.0 0.0 0.0 0.0 0.0;
	0.0 0.0 0.0 0.0 0.0 0.0 0.0 0.0 0.0 0.0 0.0 0.0;
	0.0 0.0 0.0 0.0 0.0 0.0 0.0 0.0 0.0 0.0 0.0 0.0;
];
