function windprofile = ex_wind_profilesh1
%EX_WIND_PROFILE_D  Example wind_load_nyiso profile data for deterministic unit commitment.
% 2022.03.12
% Andres F. Ramirez


%% define constants
[GEN_BUS, PG, QG, QMAX, QMIN, VG, MBASE, GEN_STATUS, PMAX, PMIN, ...
    MU_PMAX, MU_PMIN, MU_QMAX, MU_QMIN, PC1, PC2, QC1MIN, QC1MAX, ...
    QC2MIN, QC2MAX, RAMP_AGC, RAMP_10, RAMP_30, RAMP_Q, APF] = idx_gen;
[CT_LABEL, CT_PROB, CT_TABLE, CT_TBUS, CT_TGEN, CT_TBRCH, CT_TAREABUS, ...
    CT_TAREAGEN, CT_TAREABRCH, CT_ROW, CT_COL, CT_CHGTYPE, CT_REP, ...
    CT_REL, CT_ADD, CT_NEWVAL, CT_TLOAD, CT_TAREALOAD, CT_LOAD_ALL_PQ, ...
    CT_LOAD_FIX_PQ, CT_LOAD_DIS_PQ, CT_LOAD_ALL_P, CT_LOAD_FIX_P, ...
    CT_LOAD_DIS_P, CT_TGENCOST, CT_TAREAGENCOST, CT_MODCOST_F, ...
    CT_MODCOST_X] = idx_ct;

windprofile = struct( ...
    'type', 'mpcData', ...
    'table', CT_TGEN, ...
    'rows', [1:45], ...
    'col', PMAX, ...
    'chgtype', 1, ...
    'values', [] );
windprofile.values(:,1,:) = [
	3.5621 48.1321 84.8552 104.2428 14.4256 31.7848 22.3957 11.9753 26.4695 29.481 54.4953 81.2962 122.391 67.3431 191.4404 72.1241 89.4873 94.8298 88.4283 73.2943 7.4652 74.1645 75.4905 84.3488 93.0822 62.2631 9.2981 1196.3257 753.9681 753.9681 715.3966 113.9747 294.761 188.6596 211.1296 321.6931 1127.3728 275.3881 442.1399 249.3273 95.8659 352.5994 190.0917 227.9498 1139.1163;
	3.6449 49.2508 80.4591 99.1507 14.2075 30.292 24.024 10.6088 25.7462 27.7467 51.2893 76.5135 115.1907 64.751 189.8128 71.5109 88.7264 94.0235 87.4724 72.3364 8.008 70.6813 74.7573 77.5918 87.7509 56.0419 7.6511 1174.9073 725.549 725.549 737.5434 114.5646 291.5746 186.194 203.0032 309.5676 1179.7174 265.4904 435.4349 235.0471 87.1324 336.0392 195.9343 229.3118 1192.0062;
	3.6827 49.7616 86.2211 92.4921 14.7521 32.7877 21.4939 10.4585 25.8342 26.8283 49.5918 73.9812 111.3782 62.8991 192.8779 72.6656 90.1592 95.5418 86.7661 72.0579 7.1646 76.5045 71.8642 84.2423 83.7464 58.5626 8.5753 1229.7898 768.9274 768.9274 740.2431 114.7989 289.2205 185.4772 197.1972 328.0757 1183.954 243.987 424.8953 224.3208 101.4635 363.7245 183.0621 241.7966 1196.2869;
	3.5805 48.3798 85.2384 94.6855 14.0467 31.7441 19.2117 11.5514 25.7434 27.0208 49.9476 74.512 112.1774 63.5485 190.3248 71.7038 88.9658 94.2772 85.0822 73.1331 6.4039 74.0695 71.9013 83.6433 83.718 50.6262 8.1804 1174.4365 776.5563 776.5563 752.9729 110.3332 283.6073 188.2448 199.233 331.3307 1196.5085 253.9662 366.7352 224.2446 90.6413 352.1473 183.8359 224.7364 1208.9721;
	3.5598 48.1011 82.1217 79.7715 14.1842 31.0074 16.6025 9.0653 20.4618 26.8191 49.5747 73.9557 111.3398 63.2063 199.3813 75.1157 93.1991 98.7633 89.043 73.3917 5.5342 72.3506 71.8354 84.0082 69.5232 49.8252 7.1878 1162.4229 756.4627 756.4627 722.6913 107.9227 296.8101 188.9105 198.1603 322.7574 1160.8119 250.0708 328.2681 186.2229 92.6395 343.9754 189.5583 207.0281 1172.9036;
	3.5581 48.0779 74.465 70.7702 14.2762 28.1981 15.8784 6.5806 22.3085 27.7518 51.2987 76.5276 115.2119 64.8516 185.8039 70.0005 86.8525 92.0377 88.3947 72.5506 5.2928 65.7956 70.7437 83.7457 53.1677 35.1531 5.1961 1182.0948 713.6666 713.6666 664.5526 95.2348 294.6491 186.7455 203.3184 304.4978 1145.0753 226.27 309.514 142.4136 78.2771 312.8109 173.3019 168.4739 1157.0032;
	3.3096 44.7194 65.8103 59.8131 15.0697 28.1836 14.0185 5.3797 17.6259 27.1869 50.2546 74.97 112.8669 65.0106 192.9357 72.6874 90.1862 95.5705 89.9063 72.3368 4.6728 65.7616 71.1031 79.5809 48.3596 21.1365 4.07 1193.8515 661.3389 661.3389 570.7023 63.3994 299.6877 186.1951 203.8169 282.1713 1091.8871 205.6695 257.6026 129.5346 72.6629 312.6496 157.7602 123.9228 1103.261;
	3.6122 48.8092 67.5974 67.892 15.355 28.0824 14.162 5.161 14.6155 23.1996 42.8841 63.9746 96.3134 66.3122 196.6346 74.0809 91.9152 97.4027 90.6509 71.4948 4.7207 65.5256 55.0686 83.979 58.5007 17.5044 3.543 1233.028 685.8399 685.8399 651.6777 64.1805 302.1697 184.0279 207.8977 292.625 1132.5919 208.8643 224.9977 156.6984 78.1989 311.5276 154.809 139.3286 1144.3897;
	3.2367 43.7353 58.1025 64.8663 15.4105 23.6863 14.5786 3.7467 20.8439 21.8146 40.324 60.1554 90.5637 64.1888 191.3497 72.0899 89.4449 94.7848 89.9437 72.1468 4.8595 55.268 50.9019 83.3285 56.205 13.0752 2.744 1207.4566 782.3494 782.3494 775.0742 85.8352 299.8124 185.7062 201.2406 333.8024 1166.7769 246.3726 222.9427 150.5491 49.7896 262.7601 143.7609 158.2836 1178.9308;
	2.7884 37.6779 46.5247 59.9332 15.2823 17.5675 17.8086 1.6709 21.3298 16.4246 30.3606 45.292 68.1868 67.1469 184.7005 69.5849 86.3368 91.4912 87.254 72.2135 5.9362 40.9909 37.2092 66.5832 33.1754 2.7206 1.1388 1150.8541 769.3126 769.3126 758.1011 106.6987 290.8467 185.8777 210.5147 328.24 1145.3803 237.6136 320.9639 88.8626 44.9793 194.8822 122.0721 131.4648 1157.3113;
	1.8433 24.9065 31.2881 39.4631 13.8693 9.687 17.7492 0.7361 19.0959 13.7178 25.3572 37.8279 56.9498 64.7014 175.2872 66.0384 81.9366 86.8283 85.176 71.8475 5.9164 22.603 31.4671 49.7671 16.3158 3.4214 0.9992 1092.2199 742.143 742.143 729.5913 94.8386 283.92 184.9357 202.8477 316.6477 1049.3184 226.0109 353.4252 43.703 27.4392 107.4611 66.6981 90.0099 1060.2488;
	1.3747 18.5748 25.4053 21.101 10.1247 8.3748 18.115 0.9075 8.3519 14.0731 26.0139 38.8076 58.4247 62.6774 169.5601 63.8808 79.2595 83.9914 85.4861 69.629 6.0383 19.5412 35.1248 33.8539 14.5316 3.2565 2.1794 946.6028 676.0669 676.0669 661.1237 95.557 284.9535 179.2253 196.5022 288.4552 953.8613 200.2423 369.6324 38.924 24.1844 92.9046 59.1337 71.5709 963.7973;
	1.0257 13.8589 25.8209 20.4648 9.5631 7.0221 18.6254 2.0417 13.6872 12.0572 22.2875 33.2486 50.0556 57.0952 172.7767 65.0926 80.7631 85.5847 85.5885 67.0458 6.2085 16.3848 30.0853 35.5238 19.7471 10.8356 2.6989 954.5834 723.4126 723.4126 672.1454 95.7121 285.295 172.576 179.0012 308.6561 992.7466 210.7802 414.3612 52.8941 24.5614 77.8982 51.2405 53.9448 1003.0877;
	0.7412 10.0159 18.1068 24.6611 8.385 5.7513 11.7666 1.8602 9.7273 15.5026 28.6563 42.7496 64.3592 61.1198 159.7267 60.1761 74.663 79.1204 81.5467 64.4384 3.9222 13.4198 35.4211 1.7739 9.6218 10.1497 3.1408 913.7996 655.2536 655.2536 653.3478 91.6322 271.8224 165.8647 191.6187 279.5749 848.9893 209.5368 388.7772 25.7727 17.1875 63.8016 34.5371 51.552 857.833;
	0.7927 10.7107 18.3333 0.989 7.2642 7.2146 10.3791 1.3034 9.425 15.1282 27.9642 41.7171 62.8049 60.9169 164.0938 61.8214 76.7043 81.2837 77.8057 67.5162 3.4597 16.834 54.4216 38.4919 14.5365 3.6864 3.2419 789.6408 596.8774 596.8774 598.6273 76.863 259.3522 173.787 190.9828 254.6677 764.254 191.8409 316.4252 38.937 24.9231 80.0335 29.2958 42.7279 772.215;
	0.9013 12.1781 14.2725 26.2174 7.6699 0.0 5.1033 1.2337 0.0 13.3619 24.6992 36.8464 55.4721 61.9346 168.1518 63.3502 78.6012 83.2938 81.4487 69.3285 1.7011 0.0 50.7783 40.4744 19.7379 2.8758 2.2747 824.8227 503.8969 503.8969 538.1984 71.2248 271.4956 178.4516 194.1735 214.996 616.3228 186.2125 216.2461 52.8693 26.4264 0.0 0.0 19.4222 622.7428;
	0.5114 6.9099 0.0 0.2749 6.1506 0.0 3.4099 0.1185 1.6923 7.358 13.6011 20.2902 30.5468 64.0816 162.4914 61.2177 75.9553 80.4899 85.0476 63.5193 1.1366 0.0 41.5641 38.1438 14.1254 3.4333 1.6854 775.7116 472.2228 472.2228 549.4826 78.3676 283.4921 163.4989 200.9045 201.4817 695.6754 183.7469 230.3229 37.836 31.8439 0.0 0.0 0.0339 702.922;
	1.1325 15.3025 4.1956 7.4405 3.5105 0.6234 3.842 0.0076 3.4936 19.0039 35.1284 52.4047 78.895 66.757 137.6829 51.8712 64.3587 68.2011 86.779 58.4445 1.2807 1.4547 61.7427 37.8118 13.8892 1.4208 1.7965 716.937 518.057 518.057 587.9599 87.0718 289.2634 150.4364 209.2923 221.0377 727.5978 191.9176 354.6841 37.2033 74.8735 6.916 0.0 30.6085 735.177;
	0.5088 6.8752 23.0543 39.6628 5.6727 0.9522 1.8215 1.8449 3.9976 22.7892 42.1255 62.843 94.6097 66.9757 122.1421 46.0163 57.0944 60.503 56.4939 63.9193 0.6072 2.2219 69.2595 46.6325 21.0827 6.1491 2.0212 780.5363 466.6681 466.6681 625.4634 87.0519 188.3131 164.5284 209.9777 199.1117 691.4014 185.0258 360.9255 56.4715 71.1028 10.5635 0.0 3.127 698.6035;
