function loadprofile = ex_load_profilesh1
%EX_LOAD_PROFILE  Example load profile data file for stochastic unit commitment.
% 2022.03.12
% Andres F. Ramirez

%% define constants
[CT_LABEL, CT_PROB, CT_TABLE, CT_TBUS, CT_TGEN, CT_TBRCH, CT_TAREABUS, ...
    CT_TAREAGEN, CT_TAREABRCH, CT_ROW, CT_COL, CT_CHGTYPE, CT_REP, ...
    CT_REL, CT_ADD, CT_NEWVAL, CT_TLOAD, CT_TAREALOAD, CT_LOAD_ALL_PQ, ...
    CT_LOAD_FIX_PQ, CT_LOAD_DIS_PQ, CT_LOAD_ALL_P, CT_LOAD_FIX_P, ...
    CT_LOAD_DIS_P, CT_TGENCOST, CT_TAREAGENCOST, CT_MODCOST_F, ...
    CT_MODCOST_X] = idx_ct;

loadprofile = struct( ...
    'type', 'mpcData', ...
    'table', CT_TAREALOAD, ...
    'rows', [1:11], ...
    'col', CT_LOAD_ALL_P, ...
    'chgtype', 1, ...
    'values', [] );
loadprofile.values(:,1,:) = [
	1479.1366 972.7562 1666.6353 584.47 797.2875 1147.6596 907.8 255.8 528.3 4488.4983 1695.8045;
	1457.8994 970.6 1663.3169 591.5965 790.0987 1143.5793 900.7479 247.0 521.8406 4403.9 1681.3572;
	1515.2175 1016.0672 1742.5269 601.9409 852.3269 1191.1695 928.3643 259.8 541.6412 4488.9739 1740.1785;
	1555.3484 1084.5382 1846.1199 617.0051 912.3129 1263.3475 981.2869 276.8964 573.4284 4731.2381 1839.2;
	1703.149 1192.1 2046.0337 645.3295 1022.5647 1422.5527 1074.2 310.6757 638.6677 5371.1605 2078.5114;
	1847.2 1267.3214 2162.1 651.1151 1081.3443 1517.4996 1114.1987 324.1582 672.2432 5836.5211 2186.8786;
	1881.6417 1274.8 2142.2421 639.3986 1072.5 1519.9 1150.825 330.0764 687.707 6224.136 2181.4003;
	1838.6273 1292.7358 2183.2605 620.9 1084.8135 1545.0604 1190.8472 340.5793 696.6304 6481.7345 2186.6319;
	1834.2989 1303.5759 2170.0926 610.0133 1084.1 1519.689 1172.8966 331.1482 722.9413 6544.0408 2177.7509;
	1844.073 1339.2379 2169.0458 601.4 1062.3151 1539.0604 1186.2417 345.1238 719.433 6480.4166 2126.5576;
	1835.68 1287.1166 2163.5218 580.7594 1078.9422 1551.7924 1154.7552 326.2643 700.3495 6395.0381 1966.7552;
	1856.0 1292.8425 2169.5661 582.0 1053.7547 1503.3998 1110.3525 310.9221 704.9689 6345.2031 1917.7072;
	1885.8915 1279.4243 2162.7832 582.6 1051.457 1501.616 1124.4551 312.1245 695.4 6306.6532 1885.2766;
	1785.1955 1250.6146 2129.8064 576.1842 1042.5476 1450.198 1067.1155 294.816 688.3238 6329.9107 1804.191;
	1732.1379 1228.0454 2074.6374 581.9285 1043.8934 1452.4254 1080.6651 318.8623 683.3209 6467.2429 1959.2707;
	1721.8417 1227.7567 2068.2557 593.8 1045.4 1532.9991 1123.4212 310.2814 708.5 6498.7864 2199.3666;
	1638.5114 1186.3516 2038.1119 600.1262 1030.1336 1529.1131 1143.3023 312.3227 724.6546 6337.2612 2331.9125;
	1679.4892 1224.152 2126.4363 622.897 1062.7 1613.4533 1208.4496 330.3171 770.7264 6429.0566 2466.0272;
	1718.7072 1216.9542 2132.6 618.2703 1044.0126 1582.225 1235.1926 341.7627 760.7 6273.8184 2425.985;
	1666.411 1163.0638 2036.9 612.5293 975.6832 1491.1291 1132.6 284.9201 700.5 6039.468 2282.003;
	1615.3572 1079.5221 1920.8366 598.1 917.0751 1395.583 1088.1445 244.1891 653.4008 5680.0061 2123.3265;
	1536.9689 1010.7124 1802.6278 576.8 874.0 1341.7214 996.8838 280.5278 602.651 5254.5106 1934.0771;
	1501.3105 980.7377 1738.5971 575.5074 861.9768 1306.2501 968.1777 246.5542 604.7 4999.9699 1854.4669;
	1515.534 971.5144 1718.248 588.7775 856.2046 1275.8331 944.1668 243.7036 578.0427 4821.8803 1793.2;
];
