function loadprofile = ex_load_profilesh1
%EX_LOAD_PROFILE  Example load profile data file for stochastic unit commitment.
% 2022.03.12
% Andres F. Ramirez

%% define constants
[CT_LABEL, CT_PROB, CT_TABLE, CT_TBUS, CT_TGEN, CT_TBRCH, CT_TAREABUS, ...
    CT_TAREAGEN, CT_TAREABRCH, CT_ROW, CT_COL, CT_CHGTYPE, CT_REP, ...
    CT_REL, CT_ADD, CT_NEWVAL, CT_TLOAD, CT_TAREALOAD, CT_LOAD_ALL_PQ, ...
    CT_LOAD_FIX_PQ, CT_LOAD_DIS_PQ, CT_LOAD_ALL_P, CT_LOAD_FIX_P, ...
    CT_LOAD_DIS_P, CT_TGENCOST, CT_TAREAGENCOST, CT_MODCOST_F, ...
    CT_MODCOST_X] = idx_ct;

loadprofile = struct( ...
    'type', 'mpcData', ...
    'table', CT_TAREALOAD, ...
    'rows', [1:11], ...
    'col', CT_LOAD_ALL_P, ...
    'chgtype', 1, ...
    'values', [] );
loadprofile.values(:,1,:) = [
	1583.697 950.4548 1588.4193 556.7503 797.2487 1178.2181 902.7136 278.4769 554.7364 4817.831 1887.262;
	1562.4307 949.6012 1584.5529 573.5458 790.4629 1168.3 896.4984 276.3 545.7587 4739.9804 1835.2203;
	1608.4324 975.86 1619.2164 580.1 807.194 1197.1 911.2478 289.4263 559.1027 4931.3928 1892.1081;
	1643.6 1039.0816 1710.398 589.0191 865.5401 1271.5778 960.5747 300.1899 595.7 5202.0112 2003.2871;
	1771.1192 1164.9 1921.7012 636.7821 1011.4026 1405.8131 1052.5142 333.2829 661.2944 5538.5104 2208.8482;
	1865.1267 1250.89 2031.8137 658.3287 1068.8686 1479.8895 1113.6 369.57 703.3562 6128.0844 2365.1488;
	1892.7374 1269.392 2075.2658 650.7392 1090.9773 1473.1332 1127.6262 377.7019 719.6664 6372.9428 2367.8725;
	1843.6961 1271.7549 2081.847 652.1362 1118.4959 1451.8765 1136.0 377.4764 707.9052 6557.944 2387.0214;
	1864.3509 1280.5789 2102.3764 647.5 1137.0136 1475.4967 1149.2377 387.3656 720.9149 6654.0436 2461.4154;
	1892.1749 1283.3394 2082.0396 650.1 1121.0522 1406.5 1128.651 378.6088 708.9806 6618.3933 2488.1084;
	1805.9484 1265.9 2037.3066 645.8206 1109.5283 1386.3124 1071.3096 373.2679 706.2417 6672.2274 2336.9764;
	1855.0875 1281.0504 2022.3895 628.9035 1126.0884 1422.0097 1127.2693 418.6401 711.136 6660.6892 2425.5505;
	1840.4581 1246.1605 1949.4376 609.3 1074.7691 1364.3168 1125.4839 384.2183 697.5 6556.7325 2417.1113;
	1841.693 1225.2537 1869.1482 610.9901 1057.9206 1304.8098 1062.999 363.0 683.9 6477.258 2236.3227;
	1861.3 1224.5321 1928.6 604.976 1075.9207 1330.921 1063.4201 368.5126 678.5077 6480.0944 2290.1131;
	1826.9986 1215.0441 1914.6282 616.2 1064.4609 1363.5717 1064.3492 368.6364 660.894 6433.6639 2275.3566;
	1825.6227 1212.7324 1956.5179 623.93 1090.4181 1426.3019 1102.0753 386.5 661.0896 6353.6114 2388.7;
	1885.4768 1273.0024 2055.6271 634.2889 1107.5024 1530.0165 1183.963 415.1353 717.9029 6437.838 2541.3322;
	1942.6757 1297.9 2061.6353 650.0106 1111.3 1527.6902 1191.4474 409.4823 695.8326 6494.6159 2541.2;
	1896.4118 1240.4322 1955.7399 629.4953 1041.8849 1419.1954 1118.2626 379.146 657.9358 6058.2235 2369.6154;
	1826.4563 1159.0207 1868.9802 617.8139 988.6 1345.8596 1060.6484 355.5591 617.2077 5756.3182 2200.0343;
	1724.1761 1057.4 1731.1571 600.4213 896.1377 1275.3164 973.7027 312.6 582.2 5289.2091 1955.1254;
	1607.5109 981.4092 1679.938 581.5 857.2469 1184.7047 944.0 281.5507 555.6193 4905.7062 1782.3452;
	1604.6935 979.1 1684.2798 592.5936 875.8774 1179.7249 945.2463 281.1 540.9458 4812.8322 1786.5827;
];
