function loadprofile = ex_load_profilesh1
%EX_LOAD_PROFILE  Example load profile data file for stochastic unit commitment.
% 2022.03.12
% Andres F. Ramirez

%% define constants
[CT_LABEL, CT_PROB, CT_TABLE, CT_TBUS, CT_TGEN, CT_TBRCH, CT_TAREABUS, ...
    CT_TAREAGEN, CT_TAREABRCH, CT_ROW, CT_COL, CT_CHGTYPE, CT_REP, ...
    CT_REL, CT_ADD, CT_NEWVAL, CT_TLOAD, CT_TAREALOAD, CT_LOAD_ALL_PQ, ...
    CT_LOAD_FIX_PQ, CT_LOAD_DIS_PQ, CT_LOAD_ALL_P, CT_LOAD_FIX_P, ...
    CT_LOAD_DIS_P, CT_TGENCOST, CT_TAREAGENCOST, CT_MODCOST_F, ...
    CT_MODCOST_X] = idx_ct;

loadprofile = struct( ...
    'type', 'mpcData', ...
    'table', CT_TAREALOAD, ...
    'rows', [1:11], ...
    'col', CT_LOAD_ALL_P, ...
    'chgtype', 1, ...
    'values', [] );
loadprofile.values(:,1,:) = [
	1604.0292 1005.5416 1633.6343 623.7059 800.1 1185.4764 914.6 275.7982 557.1776 4435.082 1785.8177;
	1586.3234 997.4227 1627.4336 614.1336 799.6888 1184.7873 904.3401 272.8 525.9496 4269.7885 1780.411;
	1615.9795 1025.945 1693.6 610.7763 838.8 1201.8146 920.5 269.6449 542.634 4378.9516 1807.539;
	1675.6537 1094.7779 1807.3 618.8805 895.1512 1286.2424 987.0453 303.0752 585.0277 4666.5065 1930.1102;
	1788.7595 1191.6982 1982.2526 653.8715 1008.8385 1418.0954 1085.0591 355.1197 645.541 5271.9748 2162.3301;
	1863.0949 1272.4821 2118.5401 671.0226 1094.3681 1503.5561 1171.2288 379.9108 709.3618 5842.5663 2320.9514;
	1890.8873 1254.4456 2105.9 657.601 1057.2979 1507.1277 1202.079 382.2723 732.9362 6223.716 2374.5161;
	1928.8923 1279.0452 2127.4977 659.1658 1074.1052 1514.0738 1222.6464 392.0543 746.1519 6500.7381 2375.7665;
	1931.9169 1270.4 2137.5 658.9077 1093.0578 1506.8033 1231.4503 374.4 729.1326 6527.8 2284.8356;
	1931.3261 1263.6365 2149.7021 661.9391 1088.9464 1494.7223 1238.5553 366.0 731.4232 6378.841 2210.5845;
	1916.402 1247.8517 2142.9513 647.5 1087.2013 1509.0441 1235.9712 360.5 704.7 6415.0865 2210.8942;
	1894.1168 1219.5003 2096.5147 644.2586 1068.7899 1503.71 1257.4765 354.8826 728.5334 6459.5255 2242.5729;
	1879.5 1205.1513 2108.5643 640.6016 1057.9925 1425.6048 1229.3936 349.3717 726.1366 6381.4027 2180.8648;
	1874.4083 1220.4938 2111.7057 640.8051 1063.1166 1458.6303 1277.7133 354.8195 789.295 6660.8993 2382.6072;
	1885.1657 1224.5768 2158.0797 642.9188 1071.961 1454.6234 1283.1756 371.5585 780.1652 6567.888 2339.0;
	1868.4423 1231.1595 2147.2191 643.3694 1096.9235 1531.8133 1358.5676 382.0966 817.7274 6719.9942 2496.4659;
	1892.4 1290.6622 2214.7351 646.7089 1165.1837 1586.0099 1379.5299 410.5103 860.6916 6795.8044 2730.6168;
	1949.961 1334.8983 2309.6368 641.9801 1221.5088 1662.8336 1418.7295 435.4877 850.5402 6873.4468 2781.9398;
	1965.8 1318.3075 2251.2485 637.0 1159.6361 1605.919 1308.4876 409.1337 795.8879 6755.4403 2648.3679;
	1936.5 1259.9649 2153.2429 623.4462 1116.9926 1534.9714 1259.3135 374.3664 772.6558 6360.8034 2536.0541;
	1871.2636 1168.6 1965.8686 598.1949 1046.3155 1411.7634 1163.737 347.8391 706.6851 5902.452 2353.2601;
	1699.5482 1076.5444 1846.5458 589.2317 993.743 1308.3486 1064.2481 322.0544 624.1912 5360.1595 2125.1386;
	1659.0444 1023.254 1748.8828 583.9053 920.7 1246.9272 977.3765 286.6726 577.8 4920.6242 1893.9227;
	1608.3288 1016.6505 1719.0202 603.1159 884.2 1219.2 943.6222 274.4468 579.3751 4686.8828 1839.7375;
];
