function windprofile = ex_wind_profilesh1
%EX_WIND_PROFILE_D  Example wind_load_nyiso profile data for deterministic unit commitment.
% 2022.03.12
% Andres F. Ramirez


%% define constants
[GEN_BUS, PG, QG, QMAX, QMIN, VG, MBASE, GEN_STATUS, PMAX, PMIN, ...
    MU_PMAX, MU_PMIN, MU_QMAX, MU_QMIN, PC1, PC2, QC1MIN, QC1MAX, ...
    QC2MIN, QC2MAX, RAMP_AGC, RAMP_10, RAMP_30, RAMP_Q, APF] = idx_gen;
[CT_LABEL, CT_PROB, CT_TABLE, CT_TBUS, CT_TGEN, CT_TBRCH, CT_TAREABUS, ...
    CT_TAREAGEN, CT_TAREABRCH, CT_ROW, CT_COL, CT_CHGTYPE, CT_REP, ...
    CT_REL, CT_ADD, CT_NEWVAL, CT_TLOAD, CT_TAREALOAD, CT_LOAD_ALL_PQ, ...
    CT_LOAD_FIX_PQ, CT_LOAD_DIS_PQ, CT_LOAD_ALL_P, CT_LOAD_FIX_P, ...
    CT_LOAD_DIS_P, CT_TGENCOST, CT_TAREAGENCOST, CT_MODCOST_F, ...
    CT_MODCOST_X] = idx_ct;

windprofile = struct( ...
    'type', 'mpcData', ...
    'table', CT_TGEN, ...
    'rows', [1:45], ...
    'col', PMAX, ...
    'chgtype', 1, ...
    'values', [] );
windprofile.values(:,1,:) = [
	3.1841 43.0242 90.2324 101.6446 15.3072 31.3352 26.9099 11.7941 27.5218 29.366 54.2825 80.9788 121.9132 63.4402 187.7972 70.7515 87.7843 93.0251 83.3836 67.1976 8.97 73.1154 69.9934 85.4759 92.0262 65.7333 8.6979 1098.8977 713.0991 713.0991 737.1219 112.4376 277.9454 172.9668 198.8937 304.2556 996.0919 297.1824 434.0486 246.4987 109.4864 347.6114 188.2036 242.3174 1006.4678;
	3.5576 48.0704 87.0809 98.0162 15.2298 32.0594 27.8031 11.0281 28.0041 28.1835 52.0968 77.7182 117.0043 62.893 188.9321 71.1791 88.3148 93.5873 87.2733 67.4108 9.2677 74.8053 70.4238 82.0647 89.0299 60.5967 7.9288 1071.0175 673.4148 673.4148 732.6526 104.57 290.911 173.5157 197.178 287.3237 1063.6224 274.9858 439.3079 238.4728 111.9176 355.6457 194.6095 243.9913 1074.7018;
	3.5905 48.5159 90.6012 95.5073 15.0014 33.4038 25.7237 10.4926 27.735 28.2589 52.2362 77.9261 117.3174 63.3085 193.2458 72.8042 90.3312 95.7241 86.9011 67.0075 8.5746 77.9423 67.173 82.8032 80.9839 59.3336 8.242 1144.2817 718.625 718.625 755.3603 110.4624 289.6702 172.4775 198.4807 306.6133 1068.5808 277.2632 456.8701 216.9211 114.6983 370.5599 187.0344 250.2981 1079.7119;
	3.6725 49.6236 90.8328 98.0192 14.8075 33.1721 21.7731 12.0538 26.6567 28.5624 52.7971 78.7629 118.5771 60.4604 192.4457 72.5028 89.9572 95.3277 88.3508 67.9809 7.2577 77.4016 68.4659 85.5022 85.7085 58.8319 8.2697 1152.6538 756.057 756.057 772.5906 107.9769 294.5026 174.9831 189.5517 322.5843 1135.2304 270.7375 434.0003 229.5762 106.5305 367.9892 192.3562 247.9542 1147.0557;
	3.6044 48.7035 83.8074 81.6917 14.6336 32.0289 19.0217 9.9946 23.7414 28.3525 52.4091 78.184 117.7056 63.1972 197.7278 74.4928 92.4263 97.9443 88.048 69.3808 6.3406 74.734 71.2366 86.0618 67.4985 52.1943 7.513 1164.603 750.2411 750.2411 729.6827 102.1395 293.4933 178.5864 198.1318 320.1029 1117.5392 253.2426 394.5537 180.7994 99.3501 355.307 198.5183 217.3677 1129.1802;
	3.6579 49.426 85.087 80.2372 15.3443 31.7869 17.2495 8.5607 25.8418 29.6853 54.8728 81.8594 123.2389 59.8768 196.9888 74.2144 92.0808 97.5782 91.0441 70.8867 5.7498 74.1694 73.228 87.9453 60.4899 41.8279 6.2168 1206.6058 721.6768 721.6768 686.7795 93.4865 303.4805 182.4626 187.7218 307.9154 1120.2551 225.109 354.6755 162.0264 93.5377 352.6227 191.2961 190.1017 1131.9244;
	3.5523 47.9994 77.0057 67.8591 15.3961 30.4087 15.1937 7.2603 19.4088 29.0974 53.7861 80.2383 120.7984 63.6879 192.3165 72.4541 89.8968 95.2638 91.7862 70.6267 5.0646 70.9537 71.827 84.3592 54.3017 29.6212 5.3331 1210.9591 723.5601 723.5601 600.3023 61.0276 305.954 181.7934 199.6703 308.719 1128.6568 205.593 290.5485 145.451 77.4566 337.3341 166.6802 142.0472 1140.4136;
	3.6131 48.821 72.8995 72.6964 15.1533 27.9621 15.1328 5.7202 15.1087 24.7309 45.7147 68.1973 102.6707 64.7543 197.3901 74.3656 92.2684 97.7769 92.1993 71.5104 5.0443 65.2449 61.9701 84.6378 60.2771 21.2824 3.8832 1285.0954 698.3797 698.3797 658.2968 64.9538 307.3309 184.068 203.0135 297.9754 1125.4576 204.9964 238.4231 161.4564 78.1811 310.1927 151.7738 133.9792 1137.1811;
	3.1333 42.3371 66.878 69.3151 15.042 23.8239 15.7589 5.3025 21.986 22.2999 41.221 61.4936 92.5783 68.382 190.6451 71.8244 89.1155 94.4358 91.8537 70.6718 5.253 55.5891 53.2917 87.8318 63.842 18.1613 3.1058 1194.804 781.8753 781.8753 781.167 89.7096 306.1789 181.9095 214.3869 333.6001 1081.1618 231.743 243.2044 171.0053 56.9107 264.2865 143.4114 156.7873 1092.4239;
	2.7267 36.8444 54.1245 63.8911 15.1017 17.0082 18.7424 2.6241 21.8073 14.0986 26.061 38.8779 58.5305 65.0617 165.4869 62.3462 77.3555 81.9737 84.7231 64.7717 6.2475 39.6859 37.203 74.5567 39.3431 10.2487 1.4203 1075.0503 754.3877 754.3877 749.0472 103.0271 282.4102 166.7225 203.9773 321.8721 1070.5553 222.235 341.6259 105.3834 42.128 188.6781 126.3052 138.3674 1081.7069;
	2.207 29.8218 37.4494 43.6035 13.9512 13.2703 18.772 1.3148 19.2139 12.9852 24.0029 35.8077 53.9082 63.1239 162.5689 61.2469 75.9915 80.5283 83.9664 66.3692 6.2573 30.9641 27.835 53.2281 22.9362 5.7932 1.8612 1129.8438 777.1804 777.1804 757.149 99.1417 279.888 170.8344 197.9021 331.597 1069.3346 223.5622 370.8908 61.4363 33.0123 147.212 91.2785 97.6246 1080.4735;
	1.5442 20.8653 30.6014 27.1091 9.9396 9.8691 19.8747 1.2241 18.1512 15.2281 28.1488 41.9925 63.2195 63.4892 172.6566 65.0474 80.7069 85.5252 75.652 66.4811 6.6249 23.0279 36.9696 37.4943 20.037 7.7939 1.251 952.5948 716.6996 716.6996 698.6417 98.6039 252.1734 171.1225 199.0471 305.7918 960.4699 189.5819 392.8387 53.6705 24.2345 109.4814 64.0954 84.2842 970.4748;
	1.1028 14.9016 31.0423 29.1988 9.7216 8.5574 19.1044 1.9651 16.2913 11.9296 22.0517 32.8968 49.5259 57.2399 170.9483 64.4038 79.9084 84.6791 82.9412 66.371 6.3681 19.9672 35.8531 38.6188 22.5686 12.0167 2.3127 960.7495 718.1163 718.1163 687.5428 97.7791 276.4707 170.8392 179.4547 306.3963 940.0976 209.7318 407.8216 60.4516 22.2633 94.93 53.4701 60.1352 949.8903;
	0.8884 12.0042 26.4141 33.0403 8.0809 7.6372 13.8032 2.3644 14.0526 17.3288 32.032 47.7855 71.9408 59.2178 181.1883 68.2617 84.695 89.7514 88.0074 68.1305 4.6011 17.8201 47.9207 40.2005 25.9324 14.0036 3.3742 943.2396 702.167 702.167 689.5433 91.1657 293.3578 175.368 185.6559 299.5912 833.2313 203.6614 390.9588 69.4618 26.6527 84.722 37.4048 67.9739 841.9108;
	0.9052 12.2318 27.5423 63.0912 6.9617 8.245 11.4159 1.8882 12.9509 15.6399 28.9102 43.1283 64.9294 51.8647 174.5302 65.7532 81.5827 86.4533 81.5789 68.2233 3.8053 19.2382 47.5082 52.3556 27.6303 8.2704 2.71 802.8987 620.8041 620.8041 589.0118 74.8996 271.9298 175.6069 162.6028 264.8764 738.4773 182.0981 326.5416 74.0098 21.1673 91.464 38.5166 65.6804 746.1698;
	0.9534 12.8821 24.9659 49.5701 7.6979 2.7769 5.7452 1.5673 9.109 12.9666 23.9687 35.7565 53.8312 58.8216 168.3182 63.4129 78.679 83.3762 81.05 65.0696 1.9151 6.4794 29.8776 49.136 27.4662 5.6782 2.2573 816.2924 517.1754 517.1754 517.702 76.2688 270.1667 167.4893 184.4137 220.6615 564.3435 172.4506 213.7103 73.5701 26.4223 30.8049 63.3392 36.9248 570.2221;
	0.5008 6.7673 19.654 49.0522 6.209 4.1927 3.3834 0.0812 0.4297 15.8851 29.3633 43.8042 65.947 60.5361 162.3105 61.1495 75.8707 80.4003 78.2727 56.2106 1.1278 9.783 27.0256 45.0053 15.9129 8.0046 1.3369 810.5735 460.5861 460.5861 550.202 81.452 260.9091 144.6862 189.7888 196.5168 651.4792 183.1885 207.4197 42.6237 26.4543 46.5111 25.3043 70.2047 658.2655;
	1.0018 13.5364 14.0332 3.851 3.0026 13.5582 0.157 0.0852 0.0185 18.2372 33.7112 50.2905 75.712 62.7018 127.0696 47.8727 59.3976 62.9438 77.1466 45.0838 0.0523 31.6357 45.1802 41.022 16.6251 4.5851 1.4275 785.9506 465.215 465.215 593.7843 87.0055 257.1553 116.0458 196.5787 198.4917 678.483 187.0596 306.6757 44.5316 69.0544 150.4053 17.7147 155.9079 685.5506;
	0.4213 5.6931 27.1118 39.5116 3.7177 3.9763 0.0 1.8253 0.0 19.7341 36.4781 54.4182 81.9263 62.4357 111.1892 41.8899 51.9745 55.0775 0.039 55.4103 0.0 9.278 46.5308 50.7098 25.9724 9.9268 1.8463 811.4534 441.5723 441.5723 608.1604 82.4167 0.1301 142.6263 195.7444 188.4042 626.9631 175.9448 246.6085 69.569 83.4756 44.1103 0.2895 97.116 633.494;
