function windprofile = ex_wind_profilesh1
%EX_WIND_PROFILE_D  Example wind_load_nyiso profile data for deterministic unit commitment.
% 2022.03.12
% Andres F. Ramirez


%% define constants
[GEN_BUS, PG, QG, QMAX, QMIN, VG, MBASE, GEN_STATUS, PMAX, PMIN, ...
    MU_PMAX, MU_PMIN, MU_QMAX, MU_QMIN, PC1, PC2, QC1MIN, QC1MAX, ...
    QC2MIN, QC2MAX, RAMP_AGC, RAMP_10, RAMP_30, RAMP_Q, APF] = idx_gen;
[CT_LABEL, CT_PROB, CT_TABLE, CT_TBUS, CT_TGEN, CT_TBRCH, CT_TAREABUS, ...
    CT_TAREAGEN, CT_TAREABRCH, CT_ROW, CT_COL, CT_CHGTYPE, CT_REP, ...
    CT_REL, CT_ADD, CT_NEWVAL, CT_TLOAD, CT_TAREALOAD, CT_LOAD_ALL_PQ, ...
    CT_LOAD_FIX_PQ, CT_LOAD_DIS_PQ, CT_LOAD_ALL_P, CT_LOAD_FIX_P, ...
    CT_LOAD_DIS_P, CT_TGENCOST, CT_TAREAGENCOST, CT_MODCOST_F, ...
    CT_MODCOST_X] = idx_ct;

windprofile = struct( ...
    'type', 'mpcData', ...
    'table', CT_TGEN, ...
    'rows', [1:45], ...
    'col', PMAX, ...
    'chgtype', 1, ...
    'values', [] );
windprofile.values(:,1,:) = [
	3.7513 50.6879 86.532 99.7396 14.0891 31.8715 28.35 9.3552 27.358 26.7642 49.4733 73.8044 111.1122 66.7758 189.8694 71.5322 88.7529 94.0516 87.4598 67.7225 9.45 74.3668 66.7788 82.8711 89.8379 55.8316 6.4594 1204.5785 793.9732 793.9732 754.8982 119.48 291.5326 174.3178 209.3511 338.7619 1123.8149 314.3514 459.9068 240.6371 106.9058 353.5612 189.6655 238.4718 1135.5213;
	3.8487 52.0044 86.5526 102.9916 14.0123 32.0697 28.5395 9.5139 27.9443 26.7469 49.4412 73.7566 111.0402 66.3378 191.6476 72.2021 89.5841 94.9324 84.7366 68.1099 9.5132 74.8293 69.6237 83.6604 89.3225 57.1786 6.1223 1207.1543 813.3233 813.3233 792.5754 119.1865 282.4555 175.3151 207.978 347.0179 1216.7606 295.8917 468.7944 239.2568 107.5282 355.76 198.7687 245.9542 1229.4352;
	3.7716 50.9627 89.0488 92.3595 14.1391 32.8592 24.193 10.4916 27.3658 26.2222 48.4714 72.3098 108.862 65.975 185.6913 69.9581 86.7999 91.982 78.4545 67.0929 8.0643 76.6715 68.0741 83.5524 78.7134 58.1724 8.1135 1188.1292 822.4729 822.4729 792.7894 117.6894 261.515 172.6972 206.8405 350.9218 1139.948 285.4763 463.8257 210.8394 106.6904 364.5182 180.8185 254.0471 1151.8225;
	3.6461 49.267 86.2175 94.4837 13.9475 32.0072 21.5799 11.2012 27.1549 26.8312 49.5971 73.9891 111.3902 65.4379 182.7126 68.8359 85.4075 90.5065 80.6731 66.7609 7.1933 74.6834 67.3392 82.9673 78.3048 53.6364 7.3358 1213.6677 801.1982 801.1982 765.3682 115.8654 268.9105 171.8428 205.1567 341.8446 1172.4969 278.4472 450.4536 209.7449 94.7991 355.0664 185.5209 240.4788 1184.7104;
	3.6272 49.0113 83.5019 79.2693 14.1231 31.4201 18.5786 8.4967 25.2607 27.173 50.2288 74.9315 112.809 64.8063 169.1854 63.7396 79.0844 83.8058 81.9911 67.1679 6.1929 73.3135 67.4542 82.9565 64.0139 47.0199 6.7129 1209.4545 791.8688 791.8688 725.6552 110.1039 273.3035 172.8903 203.1765 337.864 1179.6427 275.0482 413.3264 171.4658 94.5159 348.5532 196.8583 225.7148 1191.9306;
	3.5879 48.4806 79.8938 68.0757 14.0425 29.9696 16.89 4.7923 25.9818 28.8571 53.342 79.5758 119.8009 63.2175 178.3979 67.2104 83.3906 88.3692 86.368 68.6844 5.63 69.9291 69.0889 81.0565 49.5291 25.8466 3.6953 1154.5531 739.1608 739.1608 645.1759 93.6092 287.8935 176.7938 198.1953 315.3753 1133.9039 236.9263 364.2357 132.6672 73.9994 332.4629 188.9035 177.5032 1145.7154;
	3.1581 42.6726 66.7549 47.482 12.1516 26.3474 14.0223 4.8805 18.2891 26.4307 48.8568 72.8848 109.7276 63.4207 184.064 69.345 86.0392 91.1759 86.6766 70.571 4.6741 61.4772 55.8106 73.4564 42.9604 19.6403 3.3515 1191.4411 709.6957 709.6957 553.305 63.1085 288.9218 181.6499 198.8326 302.8035 1143.5278 214.4852 272.0265 115.0724 64.6878 292.2803 154.9343 124.6631 1155.4396;
	3.3978 45.9119 70.5514 63.1745 13.9344 26.2949 14.7744 5.0985 15.8266 19.6817 36.3813 54.2738 81.7089 63.1675 178.793 67.3592 83.5753 88.5649 87.0321 68.9434 4.9248 61.3549 32.9691 81.8938 55.8503 20.2162 3.2569 1251.3115 725.5016 725.5016 631.3816 63.4234 290.1069 177.4605 198.0388 309.5474 1164.6828 217.1321 259.3144 149.5992 80.7408 291.6986 149.7604 145.44 1176.8149;
	2.9437 39.7756 59.6758 62.0455 13.7492 22.7236 14.7156 3.7652 21.0967 20.7079 38.2782 57.1036 85.9691 64.596 174.9848 65.9245 81.7952 86.6785 83.8627 68.4488 4.9052 53.0218 33.8581 82.0133 55.4025 12.9931 2.421 1245.2538 786.3001 786.3001 726.6029 89.057 279.5424 176.1874 202.5172 335.488 1187.4796 249.2345 261.7663 148.3995 49.68 252.0809 141.7016 153.8125 1199.8492;
	2.6785 36.1927 50.5327 62.215 13.9612 18.1335 20.6982 2.3156 23.2208 18.841 34.8272 51.9554 78.2185 67.7328 168.1745 63.3587 78.6118 83.305 84.7738 68.9661 6.8994 42.3115 31.8802 70.0992 33.8614 7.7075 1.1819 1211.904 827.3551 827.3551 745.072 107.1572 282.5792 177.5188 212.3515 353.0048 1249.6362 243.0407 394.2844 90.7001 45.7329 201.161 129.4298 121.8591 1262.6532;
	2.2813 30.8257 37.13 46.3916 13.4513 15.6177 19.3637 1.2898 20.792 16.2904 30.1125 44.9219 67.6297 63.8442 173.3509 65.3089 81.0315 85.8692 86.6083 71.6673 6.4546 36.4413 30.659 52.5925 23.0235 6.7709 1.7736 1212.9907 815.8467 815.8467 708.5582 102.2238 288.6942 184.4718 200.16 348.0946 1176.2546 230.0465 415.1358 61.67 40.605 173.2522 97.4589 90.1004 1188.5073;
	1.5729 21.2533 29.2049 27.9765 9.9227 11.7726 21.2598 1.2791 18.9896 16.5203 30.5375 45.5559 68.5841 65.9061 178.835 67.3751 83.595 88.5857 89.864 72.9137 7.0866 27.4695 36.1438 37.6486 19.7858 8.3898 1.7162 994.4591 773.1165 773.1165 671.7005 98.9269 299.5466 187.6801 206.6246 329.863 1059.2216 206.8985 433.436 52.9976 29.77 130.5977 65.4857 79.6858 1070.2552;
	1.1185 15.1136 25.1815 26.3257 8.5803 8.7273 19.1462 2.001 15.7226 13.899 25.692 38.3275 57.7018 61.652 181.7479 68.4725 84.9566 90.0286 89.3458 71.0888 6.3821 20.3636 37.3761 33.03 19.7037 11.1109 2.5783 934.0172 755.3062 755.3062 652.0587 95.4345 297.8193 182.9828 193.2873 322.264 1019.8706 208.0339 432.0422 52.7777 29.823 96.8144 51.3649 51.3315 1030.4942;
	0.8446 11.413 19.6791 29.2487 7.2957 8.5513 13.135 2.2027 9.8439 18.6584 34.4898 51.4519 77.4606 57.7696 172.7927 65.0986 80.7705 85.5926 86.7066 67.4794 4.3783 19.9531 51.9067 36.0034 23.2947 10.342 3.3381 915.0851 690.6728 690.6728 612.0173 87.9084 289.0221 173.6921 181.1154 294.6871 850.3049 195.2586 394.6961 62.3965 28.2366 94.8626 36.8342 59.9299 859.1623;
	0.9307 12.5762 23.386 24.2133 6.6796 9.1014 11.0239 2.0857 11.691 19.299 35.6739 53.2184 80.1201 61.4495 159.0612 59.9254 74.3518 78.7908 80.4547 66.2209 3.6746 21.2365 57.5102 44.9725 24.6911 6.0158 3.3721 826.6105 640.2318 640.2318 571.749 79.1621 268.1823 170.4526 192.6523 273.1656 770.4415 179.7432 338.0905 66.1369 29.5385 100.9646 36.9861 61.6793 778.4669;
	0.9956 13.4526 16.3588 27.6362 7.3383 10.0356 6.7253 1.5742 9.5218 15.7004 29.022 43.2951 65.1806 60.3884 176.1927 66.3796 82.3599 87.2769 79.4996 67.8162 2.2418 23.4164 51.4672 37.4141 20.3187 4.1298 2.362 857.392 549.0477 549.0477 512.5342 77.6479 264.9986 174.5591 189.3258 234.2604 647.4956 179.2227 247.4097 54.425 29.3626 111.3285 21.5915 37.2974 654.2404;
	0.5792 7.8268 0.0 0.0 4.4413 9.7946 3.9463 0.128 11.3707 18.02 33.3097 49.6916 74.8104 60.1129 166.0549 62.5602 77.621 82.2551 76.946 62.2028 1.3154 22.854 50.3179 3.4785 6.3604 3.6603 1.4641 819.9033 542.0479 542.0479 551.8621 76.5024 256.4867 160.1102 188.4622 231.2738 780.6514 173.7973 239.429 17.0367 32.3349 108.6545 28.1435 47.2831 788.7832;
	1.0918 14.7523 0.0 0.0 0.4937 2.5156 0.642 0.0 0.0 18.4847 34.1686 50.9729 76.7394 61.66 125.2374 47.1825 58.5412 62.0362 75.3577 52.0874 0.214 5.8697 51.6674 6.1779 4.1367 2.4941 1.3943 733.1225 544.1303 544.1303 590.4135 89.925 251.1922 134.0732 193.3124 232.1623 744.7303 194.3972 333.8255 11.0806 69.8628 27.9062 3.9567 49.5142 752.4879;
	0.406 5.4861 18.1938 0.0 0.0 1.7232 6.1485 0.8717 0.0 21.415 39.5852 59.0534 88.9045 60.8518 120.9137 45.5536 56.5201 59.8945 1.0687 62.5155 2.0495 4.0208 57.0098 13.6761 0.0 4.8726 1.6363 777.3445 521.4832 521.4832 623.7561 89.5626 3.5622 160.9151 190.7787 222.4995 701.1134 190.0242 357.2245 0.0 81.8054 19.1162 13.6214 5.2215 708.4167;
