function windprofile = ex_wind_profilesh1
%EX_WIND_PROFILE_D  Example wind_load_nyiso profile data for deterministic unit commitment.
% 2022.03.12
% Andres F. Ramirez


%% define constants
[GEN_BUS, PG, QG, QMAX, QMIN, VG, MBASE, GEN_STATUS, PMAX, PMIN, ...
    MU_PMAX, MU_PMIN, MU_QMAX, MU_QMIN, PC1, PC2, QC1MIN, QC1MAX, ...
    QC2MIN, QC2MAX, RAMP_AGC, RAMP_10, RAMP_30, RAMP_Q, APF] = idx_gen;
[CT_LABEL, CT_PROB, CT_TABLE, CT_TBUS, CT_TGEN, CT_TBRCH, CT_TAREABUS, ...
    CT_TAREAGEN, CT_TAREABRCH, CT_ROW, CT_COL, CT_CHGTYPE, CT_REP, ...
    CT_REL, CT_ADD, CT_NEWVAL, CT_TLOAD, CT_TAREALOAD, CT_LOAD_ALL_PQ, ...
    CT_LOAD_FIX_PQ, CT_LOAD_DIS_PQ, CT_LOAD_ALL_P, CT_LOAD_FIX_P, ...
    CT_LOAD_DIS_P, CT_TGENCOST, CT_TAREAGENCOST, CT_MODCOST_F, ...
    CT_MODCOST_X] = idx_ct;

windprofile = struct( ...
    'type', 'mpcData', ...
    'table', CT_TGEN, ...
    'rows', [1:45], ...
    'col', PMAX, ...
    'chgtype', 1, ...
    'values', [] );
windprofile.values(:,1,:) = [
	3.5532 48.0113 80.9382 100.4408 14.9028 31.1952 29.2568 11.6667 26.3846 28.0381 51.828 77.3172 116.4006 64.8113 182.7773 68.8603 85.4378 90.5385 87.4713 69.1666 9.7523 72.7889 69.9726 83.8609 91.3488 64.144 7.4983 1096.4817 743.0348 743.0348 699.496 111.9296 291.5711 178.0349 203.192 317.0282 1024.0653 272.3122 446.4884 244.6842 112.2784 346.0591 185.2562 238.8055 1034.7326;
	3.5541 48.0238 83.7218 107.1149 14.5635 31.3991 29.2917 11.5636 26.412 26.7692 49.4825 73.8181 111.1327 63.435 193.6958 72.9738 90.5415 95.947 91.6378 72.6118 9.7639 73.2645 70.0215 84.0545 96.8449 65.8589 6.9479 1090.8598 754.8969 754.8969 755.9881 114.2282 305.4594 186.903 198.8774 322.0893 1089.2171 274.8081 441.5723 259.4061 107.7274 348.3203 190.1147 239.5428 1100.5631;
	3.6119 48.8042 87.1472 98.8786 15.2441 32.8958 28.1611 10.597 28.0085 26.8498 49.6314 74.0403 111.4673 63.1811 193.4967 72.8988 90.4485 95.8484 91.3694 72.7267 9.387 76.7568 68.3926 84.8812 86.1732 64.7913 8.516 1100.8194 755.0655 755.0655 751.2676 117.4866 304.5646 187.1987 198.0814 322.1613 1054.1826 263.5321 449.9698 230.8211 115.9881 364.9238 179.6484 259.1702 1065.1637;
	3.6087 48.761 85.9292 101.1443 15.159 32.622 24.3985 11.017 27.5524 26.7583 49.4623 73.7881 111.0876 63.0725 193.0148 72.7172 90.2232 95.6097 90.4446 71.7362 8.1328 76.118 67.0412 84.3958 80.6618 58.4093 7.7596 1039.4003 785.5366 785.5366 770.1925 118.7577 301.482 184.6493 197.741 335.1623 1076.8327 265.234 447.1871 216.0583 113.5072 361.8868 189.5928 239.7266 1088.0498;
	3.5778 48.3444 83.4818 84.7806 15.2108 31.084 19.6745 8.8787 22.9338 27.4214 50.688 75.6165 113.8403 62.6427 186.756 70.3592 87.2976 92.5093 90.6195 70.4205 6.5582 72.5294 70.5107 84.7586 70.096 52.5315 7.1402 1074.1854 736.6762 736.6762 686.1502 107.9071 302.0649 181.2626 196.3934 314.3152 1038.1309 236.6102 387.7081 187.7572 112.7671 344.8253 190.2219 221.6382 1048.9448;
	3.6841 49.7796 77.3932 75.5511 15.0406 30.7861 17.4221 6.5705 24.0261 28.5117 52.7034 78.6231 118.3667 62.7548 189.1072 71.245 88.3966 93.674 92.0044 72.1962 5.8074 71.8343 71.0298 79.4253 51.7685 32.4748 5.4603 1119.0879 698.1507 698.1507 662.2185 100.9517 306.6813 185.8331 196.7447 297.8777 1084.53 225.5811 341.7673 138.6656 103.4242 341.521 177.9034 187.2318 1095.8272;
	3.3197 44.857 66.2028 59.2004 14.961 29.3704 14.0523 5.037 18.5057 26.8698 49.6683 74.0954 111.5502 63.7608 186.347 70.2052 87.1064 92.3068 90.6025 72.7526 4.6841 68.5309 71.1261 71.3126 41.3216 24.2312 4.4339 1088.464 648.6477 648.6477 547.9482 68.1682 302.0084 187.2654 199.8986 276.7564 1036.8518 191.9237 264.6586 110.6828 81.4307 325.8155 157.1135 130.2314 1047.6523;
	3.3175 44.8269 62.7749 64.8769 14.5125 27.5484 15.3676 4.5343 16.0321 20.9994 38.817 57.9073 87.1791 64.9848 188.9065 71.1694 88.3028 93.5746 90.737 69.3344 5.1225 64.2795 53.2469 76.0676 47.1679 15.0697 2.855 1176.2391 657.654 657.654 614.8573 68.0093 302.4568 178.4669 203.7363 280.599 1061.439 208.6835 246.4201 126.3426 81.5666 305.6031 139.4277 136.2016 1072.4957;
	3.0368 41.0342 55.0793 64.5873 14.5596 25.5165 15.5345 3.6358 20.8055 19.7734 36.5508 54.5266 82.0895 63.4651 166.5986 62.765 77.8751 82.5244 90.8139 66.8487 5.1782 59.5384 48.5071 77.6405 49.6107 6.5388 2.312 1135.294 744.421 744.421 750.0004 92.8202 302.7129 172.0686 198.9716 317.6196 1080.7725 240.223 237.9447 132.8858 57.6905 283.0626 142.1023 147.2063 1092.0305;
	2.4875 33.6115 45.2195 60.3338 14.5361 18.0865 19.518 1.7924 20.9261 16.4029 30.3204 45.2321 68.0967 64.0649 155.3151 58.5141 72.6008 76.9352 89.2154 65.4573 6.506 42.2019 42.2746 68.4735 31.6579 2.8842 0.8968 1003.9831 757.9966 757.9966 749.4318 108.222 297.3848 168.4872 200.8522 323.4119 1091.2746 228.2842 341.4845 84.7978 43.2723 200.6398 119.0393 119.4544 1102.6421;
	2.0779 28.077 29.4805 41.6771 13.8179 13.1445 17.7515 0.4621 17.7092 12.7256 23.523 35.0917 52.8303 59.0755 153.7263 57.9155 71.8581 76.1481 90.8611 68.3058 5.9172 30.6706 32.1541 47.4572 18.617 0.7466 0.5859 984.2055 744.8668 744.8668 756.5789 107.6491 302.8702 175.8194 185.2096 317.8098 1032.6663 226.657 348.7664 49.867 35.9259 145.8167 81.5342 86.9971 1043.4233;
	1.4373 19.4205 26.2401 25.5142 10.248 9.9126 18.7346 1.0746 17.9746 16.0056 29.5861 44.1367 66.4476 62.3285 172.802 65.1022 80.7749 85.5973 90.7066 70.5518 6.2449 23.1295 38.4548 35.8436 18.7296 5.3538 0.9137 864.196 701.3485 701.3485 698.7583 102.8414 302.3554 181.6006 195.4084 299.242 976.6767 198.7427 352.5751 50.1685 29.4224 109.9642 54.3593 77.4612 986.8504;
	1.0404 14.0585 27.4469 27.9501 9.8778 8.103 19.233 2.1715 16.9817 15.1501 28.0046 41.7774 62.8957 63.2887 174.8949 65.8907 81.7532 86.634 91.5901 70.7481 6.411 18.907 38.2288 41.8626 24.313 11.962 2.6892 943.0943 768.4158 768.4158 731.2625 102.6108 305.3003 182.1057 198.4188 327.8574 1061.1384 220.7466 417.2087 65.1242 33.0768 89.8894 47.3316 60.2698 1072.1919;
	0.9062 12.2441 23.7877 31.9056 8.142 8.486 14.5981 2.8818 14.2045 18.5387 34.2685 51.1219 76.9637 65.1227 177.7286 66.9582 83.0778 88.0377 91.0981 69.855 4.866 19.8007 50.4556 41.7532 28.4663 13.5551 4.0377 881.7677 734.1117 734.1117 701.2144 96.5872 303.6603 179.8069 204.1684 313.221 879.0507 213.893 415.6115 76.2491 33.9092 94.1381 39.0575 67.6054 888.2075;
	0.9115 12.3162 20.2185 0.0122 6.5472 8.4895 11.2336 1.8494 11.9306 16.6602 30.7961 45.9418 69.1651 63.1167 155.8568 58.7181 72.854 77.2035 84.3698 67.3324 3.7445 19.8087 49.5919 45.9841 24.6776 6.7327 3.2968 769.2157 638.6184 638.6184 599.0085 80.5033 281.2325 173.3139 197.8794 272.4772 761.5422 188.0207 323.0056 66.1006 28.2606 94.1763 38.5163 51.9533 769.4749;
	0.8847 11.9538 13.5867 15.8805 6.9748 0.1127 5.8646 0.8691 9.5405 14.5336 26.8652 40.0776 60.3366 63.3061 162.7522 61.316 76.0772 80.6191 84.2953 70.0472 1.9549 0.263 53.7781 43.0855 20.501 4.03 2.0519 798.1332 536.5779 536.5779 558.9494 82.8305 280.9843 180.3016 198.4732 228.9399 627.4897 187.3859 220.7716 54.9134 25.6772 1.2504 4.9228 24.7861 634.026;
	0.5253 7.0973 0.0 0.0 5.3188 0.0 3.6347 0.0193 8.7771 17.6843 32.6891 48.7657 73.4165 60.435 163.7201 61.6806 76.5296 81.0985 86.6056 66.8505 1.2116 0.0 55.4949 9.971 8.7865 3.477 1.1809 790.082 528.1378 528.1378 581.4081 83.3677 288.6855 172.0735 189.472 225.3388 719.6025 191.793 217.1132 23.5352 30.4236 0.0 0.577 10.8044 727.0984;
	1.1653 15.7464 0.015 0.5406 3.0265 0.7935 0.0 1.0516 0.0 20.0389 37.0416 55.2587 83.1917 64.7122 136.8348 51.5517 63.9623 67.7809 85.9236 58.5453 0.0 1.8516 68.782 39.1259 14.6536 4.7067 1.6481 739.8806 547.2131 547.2131 645.037 90.7409 286.4119 150.6958 202.8816 233.4776 737.4453 200.4544 326.0025 39.2507 69.6355 8.8028 6.4915 66.8711 745.127;
	0.5387 7.279 20.9779 37.1695 1.1642 0.8519 2.7182 1.8432 0.0 22.4971 41.5855 62.0374 93.397 66.4365 108.5469 40.8944 50.7394 53.7686 21.6681 61.9479 0.9061 1.9877 69.9513 51.74 22.5829 6.8302 1.264 810.1495 521.9924 521.9924 637.0669 84.1261 72.227 159.4541 208.2875 222.7167 696.3145 191.7833 352.9358 60.4898 87.6035 9.4501 11.3671 30.3107 703.5678;
