function solarprofile = ex_solar_profilesh1
%EX_WIND_PROFILE_D  Example wind_load_nyiso profile data for deterministic unit commitment.
% 2022.03.12
% Andres F. Ramirez


%% define constants
[GEN_BUS, PG, QG, QMAX, QMIN, VG, MBASE, GEN_STATUS, PMAX, PMIN, ...
    MU_PMAX, MU_PMIN, MU_QMAX, MU_QMIN, PC1, PC2, QC1MIN, QC1MAX, ...
    QC2MIN, QC2MAX, RAMP_AGC, RAMP_10, RAMP_30, RAMP_Q, APF] = idx_gen;
[CT_LABEL, CT_PROB, CT_TABLE, CT_TBUS, CT_TGEN, CT_TBRCH, CT_TAREABUS, ...
    CT_TAREAGEN, CT_TAREABRCH, CT_ROW, CT_COL, CT_CHGTYPE, CT_REP, ...
    CT_REL, CT_ADD, CT_NEWVAL, CT_TLOAD, CT_TAREALOAD, CT_LOAD_ALL_PQ, ...
    CT_LOAD_FIX_PQ, CT_LOAD_DIS_PQ, CT_LOAD_ALL_P, CT_LOAD_FIX_P, ...
    CT_LOAD_DIS_P, CT_TGENCOST, CT_TAREAGENCOST, CT_MODCOST_F, ...
    CT_MODCOST_X] = idx_ct;

solarprofile = struct( ...
    'type', 'mpcData', ...
    'table', CT_TGEN, ...
    'rows', [1:12], ...
    'col', PMAX, ...
    'chgtype', 1, ...
    'values', [] );
solarprofile.values(:,1,:) = [
	0.0 0.0 0.0 0.0 0.0 0.0 0.0 0.0 0.0 0.0 0.0 0.0;
	0.0 0.0 0.0 0.0 0.0 0.0 0.0 0.0 0.0 0.0 0.0 0.0;
	0.0 0.0 0.0 0.0 0.0 0.0 0.0 0.0 0.0 0.0 0.0 0.0;
	0.0 0.0 0.0 0.0 0.0 0.0 0.0 0.0 0.0 0.0 0.0 0.0;
	0.0 0.0 0.0 0.0 0.0 0.0 0.0 0.0 0.0 0.0 0.0 0.0;
	0.1575 0.1621 0.24 0.0 0.0 0.0 0.0 0.0 0.0 0.0 0.0 0.0;
	5.1622 3.9168 2.0421 1.8747 2.844 349.2438 43.6555 23.1619 90.182 54.2089 22.6163 98.1727;
	15.9063 12.5623 7.6595 3.846 4.8332 381.0231 47.6279 24.1648 120.0232 184.0784 32.2435 333.3671;
	21.3324 16.5897 13.1332 6.0578 5.4074 346.0147 43.2518 36.1582 120.5093 265.044 86.6717 479.9962;
	21.2005 15.1899 12.4351 6.9156 3.821 278.5432 34.8179 54.2382 125.5878 319.6275 173.1188 578.8474;
	22.5755 15.7602 12.811 7.5208 5.8953 348.4331 43.5541 60.3225 162.682 344.9219 226.2563 624.6557;
	25.964 16.5331 13.7342 7.3127 6.9232 407.3342 50.9168 55.989 187.8666 345.622 238.9608 625.9236;
	26.6928 16.8366 13.8264 8.474 7.7679 465.2371 58.1546 63.4426 255.6868 342.9037 245.9447 621.0007;
	25.9124 16.6818 13.7876 7.4996 5.0453 449.2374 56.1547 63.2855 242.3642 336.3715 213.6274 609.1709;
	22.3443 15.5087 12.5894 5.3859 3.8325 412.0454 51.5057 61.7419 207.2408 276.6092 152.2764 500.9409;
	9.4641 6.5761 5.7745 5.5815 10.7582 287.0259 35.8782 52.9882 140.1803 199.7877 109.9881 361.8167;
	1.3293 0.9483 0.6893 1.5959 4.4327 59.3908 7.4238 10.0303 36.829 67.1909 39.3123 121.6832;
	0.0 0.0 0.0 0.0 0.0 0.0 0.0 0.0 0.0 0.0 0.0 0.0;
	0.0 0.0 0.0 0.0 0.0 0.0 0.0 0.0 0.0 0.0 0.0 0.0;
	0.0 0.0 0.0 0.0 0.0 0.0 0.0 0.0 0.0 0.0 0.0 0.0;
	0.0 0.0 0.0 0.0 0.0 0.0 0.0 0.0 0.0 0.0 0.0 0.0;
	0.0 0.0 0.0 0.0 0.0 0.0 0.0 0.0 0.0 0.0 0.0 0.0;
	0.0 0.0 0.0 0.0 0.0 0.0 0.0 0.0 0.0 0.0 0.0 0.0;
	0.0 0.0 0.0 0.0 0.0 0.0 0.0 0.0 0.0 0.0 0.0 0.0;
];
