function loadprofile = ex_load_profilesh1
%EX_LOAD_PROFILE  Example load profile data file for stochastic unit commitment.
% 2022.03.12
% Andres F. Ramirez

%% define constants
[CT_LABEL, CT_PROB, CT_TABLE, CT_TBUS, CT_TGEN, CT_TBRCH, CT_TAREABUS, ...
    CT_TAREAGEN, CT_TAREABRCH, CT_ROW, CT_COL, CT_CHGTYPE, CT_REP, ...
    CT_REL, CT_ADD, CT_NEWVAL, CT_TLOAD, CT_TAREALOAD, CT_LOAD_ALL_PQ, ...
    CT_LOAD_FIX_PQ, CT_LOAD_DIS_PQ, CT_LOAD_ALL_P, CT_LOAD_FIX_P, ...
    CT_LOAD_DIS_P, CT_TGENCOST, CT_TAREAGENCOST, CT_MODCOST_F, ...
    CT_MODCOST_X] = idx_ct;

loadprofile = struct( ...
    'type', 'mpcData', ...
    'table', CT_TAREALOAD, ...
    'rows', [1:11], ...
    'col', CT_LOAD_ALL_P, ...
    'chgtype', 1, ...
    'values', [] );
loadprofile.values(:,1,:) = [
	1637.508 995.1037 1640.7749 565.3 823.4683 1253.4467 894.9614 263.0982 563.2384 4459.3574 1728.0675;
	1639.6135 1012.2808 1658.2 562.3451 817.1432 1207.8093 886.0 265.615 549.7111 4382.8765 1721.9779;
	1646.9533 1022.1748 1698.5145 581.5 834.9878 1231.4267 913.8 269.5 570.3676 4411.6794 1755.6908;
	1725.1902 1116.2021 1828.3559 596.0991 914.0 1321.6226 966.6925 296.0 601.0823 4698.3212 1855.1456;
	1842.7909 1201.7111 2015.7283 629.8 1010.2082 1474.6735 1074.71 350.6306 688.4204 5210.9153 2103.3324;
	1977.0385 1305.6903 2132.3683 654.5147 1098.9276 1551.1463 1165.0417 385.7098 776.083 5905.3716 2333.4737;
	1998.9778 1306.8706 2139.4105 631.2655 1077.6341 1533.0932 1216.1866 388.3 776.4 6299.9989 2381.129;
	2012.4614 1311.7926 2143.1553 632.4 1090.4911 1552.6903 1242.0205 385.3236 758.7116 6361.1404 2335.6415;
	1961.8348 1293.6981 2140.4772 622.4 1073.8627 1537.0 1220.3024 374.2525 767.4837 6325.7145 2274.6973;
	1884.0367 1241.3435 2109.737 611.1 1080.4952 1462.2844 1193.0394 365.8621 741.7938 6054.1988 2106.0593;
	1879.9298 1234.6271 2096.7913 601.723 1039.2489 1446.2146 1133.0909 354.0277 737.2806 6206.9652 2046.4383;
	1834.4696 1215.2949 2080.8478 594.7 1012.4187 1454.6126 1145.2165 353.1524 725.5598 6340.5689 2117.6057;
	1859.4863 1193.8457 2030.8435 588.1559 1001.3 1413.1591 1067.9109 326.3 686.2748 5872.1141 1964.9787;
	1865.512 1214.3062 2028.7699 596.0 1017.3293 1403.3419 1098.9872 352.3646 683.2 6166.4056 2043.4841;
	1856.7 1227.4778 2074.373 593.4 1068.9 1418.6495 1099.0 360.5257 723.612 6288.5339 2134.5526;
	1886.9002 1220.7178 2066.5 613.3 1066.8756 1472.8082 1135.9063 368.8384 740.9257 6366.4354 2221.1972;
	1833.711 1240.3645 2086.727 607.9545 1090.8883 1510.0103 1115.4 388.4408 740.1415 6258.4 2338.2314;
	1890.4 1291.7381 2195.4024 634.906 1133.1583 1577.2651 1191.4871 413.0 780.9921 6373.8635 2493.3041;
	1899.3386 1293.6 2190.6316 635.6327 1131.2036 1584.1531 1204.4 408.4 764.1911 6344.159 2466.8694;
	1814.1531 1216.5088 2052.1729 614.0132 1079.0999 1474.4492 1119.4866 374.7996 716.8219 6028.3566 2307.4674;
	1737.0 1149.2735 1917.3211 593.6146 1006.529 1388.6497 1068.368 345.0297 659.2044 5617.798 2100.5917;
	1645.9111 1064.219 1783.4074 575.0603 963.8911 1288.7915 986.0276 326.0932 596.5403 5204.5284 1918.824;
	1680.0263 1078.1263 1815.5001 584.3 921.1 1251.478 970.11 300.1 594.852 5060.2155 1843.4637;
	1587.7757 1023.2548 1725.3087 583.2 887.0 1272.7312 927.8749 294.4189 595.4008 4755.8 1772.3295;
];
