function solarprofile = ex_solar_profilesh1
%EX_WIND_PROFILE_D  Example wind_load_nyiso profile data for deterministic unit commitment.
% 2022.03.12
% Andres F. Ramirez


%% define constants
[GEN_BUS, PG, QG, QMAX, QMIN, VG, MBASE, GEN_STATUS, PMAX, PMIN, ...
    MU_PMAX, MU_PMIN, MU_QMAX, MU_QMIN, PC1, PC2, QC1MIN, QC1MAX, ...
    QC2MIN, QC2MAX, RAMP_AGC, RAMP_10, RAMP_30, RAMP_Q, APF] = idx_gen;
[CT_LABEL, CT_PROB, CT_TABLE, CT_TBUS, CT_TGEN, CT_TBRCH, CT_TAREABUS, ...
    CT_TAREAGEN, CT_TAREABRCH, CT_ROW, CT_COL, CT_CHGTYPE, CT_REP, ...
    CT_REL, CT_ADD, CT_NEWVAL, CT_TLOAD, CT_TAREALOAD, CT_LOAD_ALL_PQ, ...
    CT_LOAD_FIX_PQ, CT_LOAD_DIS_PQ, CT_LOAD_ALL_P, CT_LOAD_FIX_P, ...
    CT_LOAD_DIS_P, CT_TGENCOST, CT_TAREAGENCOST, CT_MODCOST_F, ...
    CT_MODCOST_X] = idx_ct;

solarprofile = struct( ...
    'type', 'mpcData', ...
    'table', CT_TGEN, ...
    'rows', [1:12], ...
    'col', PMAX, ...
    'chgtype', 1, ...
    'values', [] );
solarprofile.values(:,1,:) = [
	0.0 0.0 0.0 0.0 0.0 0.0 0.0 0.0 0.0 0.0 0.0 0.0;
	0.0 0.0 0.0 0.0 0.0 0.0 0.0 0.0 0.0 0.0 0.0 0.0;
	0.0 0.0 0.0 0.0 0.0 0.0 0.0 0.0 0.0 0.0 0.0 0.0;
	0.0 0.0 0.0 0.0 0.0 0.0 0.0 0.0 0.0 0.0 0.0 0.0;
	0.0 0.0 0.0 0.0 0.0 0.0 0.0 0.0 0.0 0.0 0.0 0.0;
	0.1575 0.1621 0.24 0.0 0.0 0.0 0.0 0.0 0.0 0.0 0.0 0.0;
	3.5662 2.7637 2.3475 0.1761 1.1605 211.8728 26.4841 19.5025 161.4924 22.9357 22.4294 41.5368;
	11.5232 12.0862 9.3054 1.8591 2.8613 366.0717 45.759 31.6692 231.143 114.9759 68.0457 208.2221;
	20.79 16.6083 13.8 4.9266 4.0632 376.7461 47.0933 40.4648 213.1648 200.8626 143.7206 363.7633;
	21.1431 16.3475 13.7096 3.9942 2.9322 230.9721 28.8715 42.0655 122.0983 223.8283 212.0451 405.3544;
	15.8527 15.0659 12.8674 4.3452 4.1596 162.1191 20.2649 43.879 121.8616 249.9497 239.2772 452.6604;
	7.7372 12.7194 11.3903 4.199 4.7371 73.4144 9.1768 40.8883 114.572 224.3269 231.1154 406.2573;
	6.8094 10.0246 10.9717 4.2556 6.8221 126.4421 15.8053 54.0165 109.9642 146.7585 240.1082 265.7804;
	5.7749 10.1527 11.5104 2.6446 4.3652 136.6017 17.0752 56.54 64.8455 84.6087 201.3662 153.2269;
	4.0467 4.9008 6.7689 2.1347 2.5701 152.2043 19.0255 57.4683 46.2264 55.8417 153.0873 101.1297;
	3.2852 1.8726 3.0156 3.6097 9.1002 275.5259 34.4407 59.2061 83.0619 70.948 125.3714 128.4872;
	0.9146 0.7541 0.5509 1.8418 4.1349 67.4511 8.4314 14.0663 40.174 65.9059 39.6823 119.3559;
	0.0 0.0 0.0 0.0 0.0 0.0 0.0 0.0 0.0 0.0 0.0 0.0;
	0.0 0.0 0.0 0.0 0.0 0.0 0.0 0.0 0.0 0.0 0.0 0.0;
	0.0 0.0 0.0 0.0 0.0 0.0 0.0 0.0 0.0 0.0 0.0 0.0;
	0.0 0.0 0.0 0.0 0.0 0.0 0.0 0.0 0.0 0.0 0.0 0.0;
	0.0 0.0 0.0 0.0 0.0 0.0 0.0 0.0 0.0 0.0 0.0 0.0;
	0.0 0.0 0.0 0.0 0.0 0.0 0.0 0.0 0.0 0.0 0.0 0.0;
	0.0 0.0 0.0 0.0 0.0 0.0 0.0 0.0 0.0 0.0 0.0 0.0;
];
