function windprofile = ex_wind_profilesh1
%EX_WIND_PROFILE_D  Example wind_load_nyiso profile data for deterministic unit commitment.
% 2022.03.12
% Andres F. Ramirez


%% define constants
[GEN_BUS, PG, QG, QMAX, QMIN, VG, MBASE, GEN_STATUS, PMAX, PMIN, ...
    MU_PMAX, MU_PMIN, MU_QMAX, MU_QMIN, PC1, PC2, QC1MIN, QC1MAX, ...
    QC2MIN, QC2MAX, RAMP_AGC, RAMP_10, RAMP_30, RAMP_Q, APF] = idx_gen;
[CT_LABEL, CT_PROB, CT_TABLE, CT_TBUS, CT_TGEN, CT_TBRCH, CT_TAREABUS, ...
    CT_TAREAGEN, CT_TAREABRCH, CT_ROW, CT_COL, CT_CHGTYPE, CT_REP, ...
    CT_REL, CT_ADD, CT_NEWVAL, CT_TLOAD, CT_TAREALOAD, CT_LOAD_ALL_PQ, ...
    CT_LOAD_FIX_PQ, CT_LOAD_DIS_PQ, CT_LOAD_ALL_P, CT_LOAD_FIX_P, ...
    CT_LOAD_DIS_P, CT_TGENCOST, CT_TAREAGENCOST, CT_MODCOST_F, ...
    CT_MODCOST_X] = idx_ct;

windprofile = struct( ...
    'type', 'mpcData', ...
    'table', CT_TGEN, ...
    'rows', [1:45], ...
    'col', PMAX, ...
    'chgtype', 1, ...
    'values', [] );
windprofile.values(:,1,:) = [
	3.7038 50.047 85.9631 103.9628 14.1495 32.0195 26.6128 11.6607 26.2256 26.7143 49.3811 73.6668 110.905 65.8858 186.8939 70.4112 87.362 92.5777 71.7954 67.9617 8.8709 74.7123 62.6184 81.3507 91.7377 52.0978 8.5288 1106.7754 735.1062 735.1062 707.3845 112.0661 239.318 174.9337 206.5608 313.6453 1091.1886 283.8754 442.9688 245.7261 113.5428 355.2035 193.2386 201.3073 1102.5551;
	3.7657 50.8835 86.5546 104.4975 14.1913 31.8693 25.6688 11.451 26.1259 24.5653 45.4085 67.7405 101.983 63.4126 191.534 72.1593 89.531 94.8762 70.9803 66.9867 8.5563 74.3617 62.0699 81.3858 95.9747 57.5844 7.4513 1094.0689 731.1433 731.1433 734.5283 112.8115 236.6011 172.4239 198.8071 311.9545 1130.5596 271.0302 434.5612 257.0751 115.2891 353.5366 199.2472 232.0891 1142.3362;
	3.6478 49.2892 84.3566 93.1764 13.9649 31.9958 24.1012 10.4351 26.0039 23.8392 44.0664 65.7384 98.9687 63.4735 183.4434 69.1112 85.7491 90.8685 82.764 66.7913 8.0337 74.6569 51.2354 84.6887 88.2842 57.1513 7.9605 1179.1637 771.4434 771.4434 738.606 113.1072 275.8798 171.9211 198.9979 329.1492 1136.5366 262.865 439.565 236.4756 116.0146 354.9402 180.6697 236.9408 1148.3755;
	3.6165 48.8665 85.5574 95.4814 14.0498 31.0877 21.3189 11.0539 25.9596 26.6814 49.3202 73.576 110.7682 62.0094 186.8619 70.3991 87.3471 92.5618 85.7777 67.5664 7.1063 72.5379 67.0651 86.0776 86.2034 54.5777 7.2626 1110.8825 767.4856 767.4856 720.2247 110.3757 285.9255 173.9161 194.4078 327.4605 1112.8562 272.6091 409.0148 230.902 111.2189 344.8658 178.5684 234.4018 1124.4484;
	3.6235 48.9613 84.663 84.775 14.5527 31.1038 18.6051 9.5399 23.7478 27.0317 49.9677 74.542 112.2226 56.9242 186.6636 70.3244 87.2544 92.4636 87.2298 69.2298 6.2017 72.5756 68.4874 87.736 76.07 51.6611 7.2162 1125.0562 750.0089 750.0089 651.1465 102.9817 290.766 178.1977 178.4651 320.0038 1047.5709 243.5498 385.133 203.7589 112.9802 345.0449 187.5307 222.6424 1058.4831;
	3.5954 48.582 83.3682 82.0663 14.9297 31.5858 16.4935 8.0604 25.128 28.8409 53.3119 79.5308 119.7333 47.3789 187.9767 70.8191 87.8682 93.1141 88.4105 70.6878 5.4978 73.7003 67.8892 87.7664 66.1504 39.0469 6.2863 1136.2607 705.5022 705.5022 588.8778 94.9567 294.7016 181.9505 148.5392 301.0143 1076.9714 223.6494 341.0145 177.1886 104.9555 350.3922 190.5905 190.1931 1088.1898;
	3.5331 47.7393 75.2839 68.1533 15.2591 30.9141 14.1172 6.0118 19.2704 27.9592 51.6822 77.0996 116.0731 60.9835 188.5646 71.0406 88.143 93.4052 89.4488 71.3742 4.7057 72.1329 68.6455 84.3773 56.366 28.4998 4.6446 1206.2939 648.1643 648.1643 520.2798 60.5394 298.1628 183.7174 191.1915 276.5501 1035.439 201.5982 265.2305 150.9803 84.5451 342.9406 168.01 139.6573 1046.2248;
	3.5307 47.7073 69.8718 72.2538 14.7555 27.3844 14.3327 5.447 17.481 23.5623 43.5546 64.9748 97.8192 52.1053 186.0778 70.1037 86.9806 92.1734 90.6258 67.7456 4.7776 63.897 49.0589 85.0096 64.3854 19.5725 3.6305 1256.308 644.5508 644.5508 562.7221 66.6262 302.0859 174.3774 163.3572 275.0084 1026.7494 206.1746 224.3432 172.4609 85.4093 303.7847 152.7296 137.553 1037.4447;
	3.0085 40.6514 61.4829 64.4951 14.7633 24.039 14.1189 3.8493 22.0569 21.6395 40.0003 59.6726 89.8368 61.5601 173.8521 65.4978 81.2658 86.1175 89.1198 66.7544 4.7063 56.0909 48.1073 84.0615 60.6259 12.5109 2.6336 1234.8433 754.8417 754.8417 706.3002 91.1574 297.066 171.826 192.9992 322.0658 1059.5232 248.229 239.1053 162.3908 62.2485 266.6722 147.0067 158.2098 1070.5599;
	2.7739 37.4811 55.9455 62.2401 14.2921 19.1137 17.4872 2.0888 21.2134 17.9253 33.1346 49.4303 74.417 64.677 169.8844 64.003 79.4111 84.152 87.8236 66.8995 5.8291 44.5986 43.5271 74.7732 37.8593 5.0792 1.0666 1121.1584 745.1662 745.1662 681.2662 108.8714 292.7453 172.1995 202.7711 317.9376 1067.9316 228.9141 363.794 101.4089 47.7907 212.0343 133.9701 126.9749 1079.0559;
	2.0608 27.8455 39.9213 44.3988 13.2542 12.8061 17.276 1.3106 19.9874 15.837 29.2745 43.6717 65.7476 63.5244 168.7321 63.5688 78.8724 83.5812 90.8082 69.7403 5.7587 29.881 34.4333 56.037 24.2048 4.1741 1.1986 1154.3196 752.5429 752.5429 704.7055 112.5908 302.6939 179.5117 199.1576 321.085 1045.908 237.0935 396.1636 64.8342 36.2856 142.0627 89.8586 89.839 1056.8028;
	1.4098 19.0489 31.0962 25.9197 9.9628 9.4622 17.7547 1.1137 18.2682 17.5752 32.4875 48.4649 72.9637 60.478 176.8111 66.6125 82.6489 87.5831 89.5869 69.2121 5.9182 22.0785 42.6443 40.6515 18.8529 6.9584 0.627 995.3681 681.6923 681.6923 655.1647 110.233 298.6231 178.1522 189.6067 290.8554 985.1169 214.0022 402.6332 50.4988 20.2171 104.9674 60.0417 73.8449 995.3786;
	0.9878 13.3473 29.1389 25.108 8.804 6.4173 18.2515 1.9164 16.5158 13.7042 25.332 37.7903 56.8931 60.857 174.1644 65.6154 81.4117 86.2721 87.0489 66.8325 6.0838 14.9738 30.9245 35.962 21.5622 9.609 2.1427 978.1145 735.1398 735.1398 667.352 104.7199 290.1629 172.0269 190.7949 313.6597 998.894 222.0112 433.8484 57.7559 27.5041 71.1895 44.9839 54.7644 1009.2991;
	0.748 10.1067 26.1071 32.1632 7.7237 7.4957 13.5093 2.7443 14.9867 18.0299 33.328 49.7188 74.8514 58.7101 181.2948 68.3018 84.7448 89.8042 90.023 69.5193 4.5031 17.49 50.6594 39.8964 27.3051 10.9148 3.43 933.9988 691.4088 691.4088 656.7547 98.9078 300.0766 178.9427 184.0641 295.0011 855.1561 216.9361 422.376 73.1387 33.0184 83.1523 37.99 55.4911 864.064;
	0.7028 9.4969 24.7873 2.9066 6.0329 4.3781 10.8432 2.357 12.7779 17.4491 32.2544 48.1173 72.4403 54.9396 178.6892 67.3201 83.5268 88.5135 82.8648 70.5952 3.6144 10.2155 57.1805 47.9237 26.3531 7.2036 3.068 779.8608 594.217 594.217 568.4469 84.4697 276.2159 181.7121 172.2429 253.5326 734.7213 200.2665 325.5811 70.5888 33.5094 48.5676 32.8547 50.975 742.3746;
	0.7436 10.0476 17.9499 28.2539 5.3774 0.0 5.0344 1.2338 9.5199 15.4967 28.6455 42.7334 64.3349 60.1035 178.7672 67.3495 83.5633 88.5521 83.3101 67.9051 1.6781 0.0 53.0254 44.7889 22.8929 3.0058 1.4784 767.8205 473.0166 473.0166 480.9489 78.9994 277.7004 174.7878 188.4326 201.8204 558.8286 182.3688 220.4315 61.3202 32.8378 0.0 0.012 15.8007 564.6498;
	0.4906 6.6293 5.099 1.2742 5.5327 0.1394 3.0599 0.5927 12.3365 18.8191 34.7869 51.8952 78.1279 61.6096 169.3554 63.8037 79.1638 83.89 82.9287 66.0034 1.02 0.3253 57.3606 42.2573 15.4905 6.5933 1.2614 754.1685 522.3452 522.3452 529.185 81.7248 276.429 169.893 193.1543 222.8673 706.7567 187.6056 223.3597 41.4925 38.2859 1.5467 0.2353 8.3861 714.1188;
	1.0132 13.6899 4.831 4.1021 1.4163 1.8972 1.5154 2.3176 10.3983 19.4914 36.0296 53.7491 80.9189 63.5146 125.6692 47.3452 58.7431 62.2501 83.2324 51.4155 0.5051 4.4268 63.2714 39.3719 14.7515 4.1941 1.5766 708.521 535.7932 535.7932 566.4407 89.3689 277.4412 132.3436 199.1267 228.6051 730.7673 204.8744 339.4007 39.5129 78.2635 21.0461 0.0308 32.6761 738.3794;
	0.5054 6.8289 24.6125 40.6492 0.316 4.5119 4.6396 2.2983 6.4996 22.1576 40.958 61.1013 91.9877 64.0145 110.5932 41.6654 51.6959 54.7822 24.2649 60.5039 1.5465 10.5277 56.7188 50.8896 22.8354 8.7508 1.9402 760.8885 497.5064 497.5064 607.9915 82.6183 80.883 155.7372 200.694 212.2694 684.9829 191.9666 358.8582 61.1661 91.4061 50.0518 11.6078 22.9097 692.1182;
