function windprofile = ex_wind_profilesh1
%EX_WIND_PROFILE_D  Example wind_load_nyiso profile data for deterministic unit commitment.
% 2022.03.12
% Andres F. Ramirez


%% define constants
[GEN_BUS, PG, QG, QMAX, QMIN, VG, MBASE, GEN_STATUS, PMAX, PMIN, ...
    MU_PMAX, MU_PMIN, MU_QMAX, MU_QMIN, PC1, PC2, QC1MIN, QC1MAX, ...
    QC2MIN, QC2MAX, RAMP_AGC, RAMP_10, RAMP_30, RAMP_Q, APF] = idx_gen;
[CT_LABEL, CT_PROB, CT_TABLE, CT_TBUS, CT_TGEN, CT_TBRCH, CT_TAREABUS, ...
    CT_TAREAGEN, CT_TAREABRCH, CT_ROW, CT_COL, CT_CHGTYPE, CT_REP, ...
    CT_REL, CT_ADD, CT_NEWVAL, CT_TLOAD, CT_TAREALOAD, CT_LOAD_ALL_PQ, ...
    CT_LOAD_FIX_PQ, CT_LOAD_DIS_PQ, CT_LOAD_ALL_P, CT_LOAD_FIX_P, ...
    CT_LOAD_DIS_P, CT_TGENCOST, CT_TAREAGENCOST, CT_MODCOST_F, ...
    CT_MODCOST_X] = idx_ct;

windprofile = struct( ...
    'type', 'mpcData', ...
    'table', CT_TGEN, ...
    'rows', [1:45], ...
    'col', PMAX, ...
    'chgtype', 1, ...
    'values', [] );
windprofile.values(:,1,:) = [
	3.6755 49.6639 89.8172 107.7206 15.3143 31.9846 28.4649 12.4391 27.3322 27.3683 50.5899 75.4702 113.6199 68.0625 186.527 70.273 87.1905 92.3959 90.9952 70.7075 9.4883 74.6308 74.0925 83.8715 95.445 64.3845 8.9814 1150.9832 778.1142 778.1142 727.5244 110.5863 303.3174 182.0013 213.385 331.9954 1040.7781 279.8016 451.7342 255.6561 115.958 354.8162 191.2106 235.3574 1051.6196;
	3.7279 50.372 90.4128 111.2424 15.0236 31.9072 29.2356 12.1636 27.4245 25.5952 47.3124 70.5808 106.259 68.4489 193.3437 72.8411 90.3769 95.7726 91.0876 70.0707 9.7452 74.4501 72.5643 84.55 98.6293 66.3997 8.1866 1156.1229 814.3288 814.3288 777.4853 115.1192 303.6253 180.3622 214.5965 347.4469 1189.865 281.1115 464.3381 264.1857 116.1431 353.9571 198.7795 249.0542 1202.2595;
	3.6188 48.8976 86.5133 94.9012 14.9767 31.8876 25.559 9.0421 27.2902 25.4175 46.9839 70.0908 105.5213 67.605 193.7057 72.9775 90.5461 95.9519 91.1212 71.0719 8.5197 74.4043 69.8484 82.9942 73.8685 57.6493 7.5284 1205.1489 814.7599 814.7599 778.5385 119.0698 303.7375 182.9392 211.9509 347.6309 1176.0101 268.2503 460.8439 197.8621 113.5575 353.7394 179.5543 240.3001 1188.2602;
	3.6938 49.9117 85.3748 96.6089 14.5746 32.0413 22.2223 9.5255 26.373 24.9333 46.0888 68.7554 103.5108 64.7292 188.8006 71.1295 88.2533 93.5222 90.3956 67.4878 7.4074 74.7629 65.2997 83.6241 73.8185 49.4845 7.194 1233.4079 812.8401 812.8401 756.4449 121.5827 301.3188 173.7139 202.9347 346.8118 1199.129 262.246 436.8518 197.7282 104.2372 355.4443 180.8846 239.7884 1211.62;
	3.6471 49.2799 77.8768 80.8857 14.9957 31.2173 18.7601 7.6725 22.3755 25.8215 47.7307 71.2047 107.1983 63.4326 192.9519 72.6935 90.1938 95.5785 91.662 69.4679 6.2534 72.8404 70.3552 84.2261 63.3347 50.4692 6.6814 1149.6397 774.255 774.255 662.6671 114.7208 305.54 178.8106 198.8697 330.3488 1080.224 229.2507 379.0792 169.6465 103.6395 346.304 189.9407 214.1085 1091.4763;
	3.7265 50.3534 75.8873 73.4991 14.8724 29.7849 16.0009 4.0529 22.0228 26.9883 49.8875 74.4224 112.0425 61.7531 191.7208 72.2297 89.6183 94.9687 91.4854 70.1515 5.3336 69.498 70.9933 79.7699 42.9149 29.8309 5.1939 1145.266 705.3418 705.3418 633.6596 99.2977 304.9514 180.5702 193.6043 300.9458 1085.3197 202.9503 329.8802 114.9506 88.5774 330.4135 189.3891 166.0286 1096.6252;
	3.3769 45.6295 66.761 57.8902 14.9656 27.5132 13.9735 2.06 15.2262 25.3214 46.8061 69.8256 105.122 63.5502 187.4175 70.6084 87.6068 92.837 89.3144 67.407 4.6578 64.1975 69.7708 68.1161 10.7336 12.0605 3.5517 1166.3805 659.5225 659.5225 521.0169 66.7028 297.7146 173.5059 199.2384 281.3963 1044.0283 180.9242 267.6657 28.7506 63.5505 305.2135 156.8442 125.101 1054.9036;
	3.574 48.2924 68.1799 65.7939 14.958 26.1852 14.5294 4.9347 15.3545 20.4092 37.7261 56.2799 84.729 65.5761 187.0926 70.486 87.4549 92.6761 87.9898 65.2881 4.8431 61.0989 53.999 76.7265 50.2415 17.2736 3.5478 1161.341 685.1472 685.1472 583.4889 67.0106 293.2994 168.0518 205.59 292.3295 1039.668 188.5764 242.8806 134.5753 69.4034 290.4817 152.2289 139.2797 1050.4979;
	2.939 39.7118 58.6474 59.5364 15.0138 24.2182 14.4234 3.7742 20.3537 21.855 40.3987 60.2669 90.7316 65.3206 180.1365 67.8654 84.2033 89.2304 86.959 65.2515 4.8078 56.509 50.3895 76.1158 52.7171 12.3108 2.55 1175.0186 777.7732 777.7732 656.2002 90.1281 289.8634 167.9575 204.789 331.8499 1048.5064 219.4299 241.7917 141.2065 47.9833 268.6601 145.5642 156.0909 1059.4283;
	2.5423 34.3524 52.5827 58.0742 14.7674 18.376 18.9624 1.951 22.1684 17.6424 32.6116 48.6501 73.2425 64.8017 178.1291 67.1091 83.265 88.236 90.953 66.4076 6.3208 42.8774 39.4084 62.383 31.2503 4.8928 1.1232 1106.9674 789.1329 789.1329 693.8341 109.9634 303.1767 170.9334 203.1622 336.6967 1109.5408 231.9492 365.0692 83.706 42.2006 203.8515 130.7158 134.5254 1121.0985;
	2.1089 28.4958 35.9022 40.0997 13.8913 12.3115 16.6583 0.346 19.0425 6.658 12.3072 18.3599 27.6407 63.8207 167.6507 63.1614 78.367 83.0456 89.0513 66.9035 5.5528 28.7267 31.4926 25.7143 12.9397 1.109 0.579 1080.3717 761.7951 761.7951 668.8913 96.6398 296.8378 172.2098 200.0866 325.0326 1027.5627 225.9188 391.9791 34.66 21.4721 136.5752 89.9383 86.1214 1038.2665;
	1.54 20.8092 28.5091 22.6545 10.4048 9.6973 18.8638 0.5612 18.0088 12.8564 23.7648 35.4525 53.3735 63.9368 176.1993 66.3821 82.3629 87.2801 87.9916 69.3403 6.2879 22.6271 35.1277 0.0 12.1293 1.4309 0.627 963.5246 700.5694 700.5694 623.1271 96.0072 293.3054 178.4821 200.4506 298.9096 956.5359 204.7937 407.7227 32.4892 18.3455 107.5757 68.0745 71.0949 966.4998;
	1.083 14.6342 27.0064 22.1096 9.7946 7.0699 18.34 1.7988 15.7277 11.9884 22.1603 33.0588 49.7699 59.957 185.4102 69.8522 86.6685 91.8427 89.2277 69.2278 6.1133 16.4964 34.8122 30.4445 17.2153 10.0609 2.1319 927.3008 730.4707 730.4707 595.4634 90.1914 297.4255 178.1925 187.9734 311.6675 984.1611 212.9323 406.3953 46.1124 14.7905 78.4287 48.9183 50.9885 994.4127;
	0.879 11.8777 21.9793 26.5763 7.8614 7.9266 13.5993 1.9847 12.7919 15.5584 28.7595 42.9035 64.591 65.3507 184.7932 69.6198 86.3801 91.5371 88.2377 70.0803 4.5331 18.4953 42.5869 26.3025 17.0305 8.6266 2.9666 966.4629 721.4536 721.4536 659.1282 87.411 294.1255 180.387 204.8832 307.8202 876.5836 216.0553 397.1093 45.6175 14.2104 87.932 40.6606 53.4611 885.7147;
	0.8856 11.966 21.8184 0.0 6.2055 6.9489 10.6889 1.6186 10.4763 15.5356 28.7174 42.8407 64.4964 66.0267 167.5006 63.1049 78.2968 82.9712 80.1123 70.4481 3.563 16.214 52.049 33.7324 16.8808 6.0086 3.1986 845.798 629.2675 629.2675 567.8642 77.0796 267.041 181.3337 207.0027 268.4875 777.319 193.4017 304.07 45.2163 9.6242 77.0859 31.9191 46.7615 785.4161;
	0.9919 13.4031 17.5568 25.4356 7.1245 0.7859 5.0877 0.9982 3.2969 14.4404 26.6929 39.8205 59.9496 61.7733 170.7445 64.327 79.8131 84.5781 81.2758 70.4001 1.6959 1.8337 53.0248 37.9228 19.7619 4.1379 2.0706 859.7973 531.3832 531.3832 505.9491 76.0635 270.9192 181.2101 193.6676 226.7235 608.1766 176.6382 175.1251 52.9336 23.5099 8.7179 14.9109 30.6932 614.5118;
	0.5841 7.8928 7.5502 0.0 5.9877 1.5083 3.9039 0.1012 10.7216 17.9371 33.1564 49.4628 74.466 59.6845 162.8982 61.3709 76.1454 80.6914 78.9571 64.9494 1.3013 3.5194 55.2978 36.062 9.5759 4.3704 1.4256 831.9792 519.1208 519.1208 521.3276 79.2241 263.1903 167.1798 187.119 221.4916 732.8691 183.6726 197.8605 25.6497 28.4491 16.732 14.5513 36.2038 740.5032;
	1.0554 14.2608 0.4518 0.0 2.5084 1.6189 4.5097 0.0 2.0687 21.8255 40.3441 60.1855 90.6089 60.4231 130.4343 49.1403 60.9704 64.6105 85.7358 53.6303 1.5032 3.7775 70.9831 4.9787 4.1267 1.9126 0.9738 809.6906 550.8461 550.8461 597.9241 85.29 285.7859 138.0446 189.4345 235.0277 771.9408 196.9306 294.98 11.0536 72.9407 17.9593 25.6684 13.8976 779.9819;
	0.5036 6.8051 22.1357 37.2146 4.6907 2.5231 0.0087 1.6637 0.567 25.1634 46.5141 69.3899 104.4661 61.8492 120.6294 45.4464 56.3872 59.7536 25.0775 60.2092 0.0029 5.8872 71.9185 47.5869 17.705 8.354 1.7395 807.8262 500.06 500.06 600.9881 82.1923 83.5917 154.9787 193.9057 213.359 664.9426 178.9644 304.547 47.4241 84.6996 27.9892 7.7762 44.0423 671.8691;
