function solarprofile = ex_solar_profilesh1
%EX_WIND_PROFILE_D  Example wind_load_nyiso profile data for deterministic unit commitment.
% 2022.03.12
% Andres F. Ramirez


%% define constants
[GEN_BUS, PG, QG, QMAX, QMIN, VG, MBASE, GEN_STATUS, PMAX, PMIN, ...
    MU_PMAX, MU_PMIN, MU_QMAX, MU_QMIN, PC1, PC2, QC1MIN, QC1MAX, ...
    QC2MIN, QC2MAX, RAMP_AGC, RAMP_10, RAMP_30, RAMP_Q, APF] = idx_gen;
[CT_LABEL, CT_PROB, CT_TABLE, CT_TBUS, CT_TGEN, CT_TBRCH, CT_TAREABUS, ...
    CT_TAREAGEN, CT_TAREABRCH, CT_ROW, CT_COL, CT_CHGTYPE, CT_REP, ...
    CT_REL, CT_ADD, CT_NEWVAL, CT_TLOAD, CT_TAREALOAD, CT_LOAD_ALL_PQ, ...
    CT_LOAD_FIX_PQ, CT_LOAD_DIS_PQ, CT_LOAD_ALL_P, CT_LOAD_FIX_P, ...
    CT_LOAD_DIS_P, CT_TGENCOST, CT_TAREAGENCOST, CT_MODCOST_F, ...
    CT_MODCOST_X] = idx_ct;

solarprofile = struct( ...
    'type', 'mpcData', ...
    'table', CT_TGEN, ...
    'rows', [1:12], ...
    'col', PMAX, ...
    'chgtype', 1, ...
    'values', [] );
solarprofile.values(:,1,:) = [
	0.0 0.0 0.0 0.0 0.0 0.0 0.0 0.0 0.0 0.0 0.0 0.0;
	0.0 0.0 0.0 0.0 0.0 0.0 0.0 0.0 0.0 0.0 0.0 0.0;
	0.0 0.0 0.0 0.0 0.0 0.0 0.0 0.0 0.0 0.0 0.0 0.0;
	0.0 0.0 0.0 0.0 0.0 0.0 0.0 0.0 0.0 0.0 0.0 0.0;
	0.0 0.0 0.0 0.0 0.0 0.0 0.0 0.0 0.0 0.0 0.0 0.0;
	0.2497 0.1909 0.2745 0.0 0.0 0.0 0.0 0.0 0.0 0.0 0.0 0.0;
	5.6678 5.7117 4.3316 0.4805 1.5594 151.9809 18.9976 39.8463 56.4779 43.839 22.0366 79.3926;
	13.8766 12.0202 3.8652 2.3115 2.0173 267.314 33.4142 68.034 136.2023 225.0741 52.3843 407.6105;
	22.919 16.6083 10.9542 4.6834 2.9825 323.447 40.4309 70.1886 200.1353 306.9387 107.7268 555.8679;
	26.2317 16.474 13.7624 3.7163 6.1687 375.5513 46.9439 60.2349 264.5307 245.6484 147.7894 444.8707;
	26.8936 16.7346 13.8976 4.4338 8.4124 397.7414 49.7177 54.5565 276.0791 257.2935 165.7228 465.9601;
	26.9334 16.8987 14.1734 5.4298 9.2585 378.2381 47.2798 54.9325 253.5754 257.0012 171.9764 465.4308;
	26.9359 16.716 13.8027 8.4804 11.7368 350.5959 43.8245 71.9004 242.5879 316.697 234.6463 573.5402;
	25.5533 16.3881 13.7008 7.7443 10.9053 307.6924 38.4616 71.6856 218.7622 305.553 209.4694 553.3583;
	21.6133 13.6643 9.3688 4.2422 9.272 252.3375 31.5422 66.4573 188.9737 216.9346 143.5666 392.8699;
	10.8848 6.8353 5.1539 2.5117 11.0554 228.8204 28.6026 35.5616 109.6615 230.242 75.8778 416.9696;
	1.3153 1.005 0.7588 1.592 3.4345 61.1686 7.6461 9.8994 34.9853 88.8626 38.565 160.9307;
	0.0 0.0 0.0 0.0 0.0 0.0 0.0 0.0 0.0 0.0 0.0 0.0;
	0.0 0.0 0.0 0.0 0.0 0.0 0.0 0.0 0.0 0.0 0.0 0.0;
	0.0 0.0 0.0 0.0 0.0 0.0 0.0 0.0 0.0 0.0 0.0 0.0;
	0.0 0.0 0.0 0.0 0.0 0.0 0.0 0.0 0.0 0.0 0.0 0.0;
	0.0 0.0 0.0 0.0 0.0 0.0 0.0 0.0 0.0 0.0 0.0 0.0;
	0.0 0.0 0.0 0.0 0.0 0.0 0.0 0.0 0.0 0.0 0.0 0.0;
	0.0 0.0 0.0 0.0 0.0 0.0 0.0 0.0 0.0 0.0 0.0 0.0;
];
