function loadprofile = ex_load_profilesh1
%EX_LOAD_PROFILE  Example load profile data file for stochastic unit commitment.
% 2022.03.12
% Andres F. Ramirez

%% define constants
[CT_LABEL, CT_PROB, CT_TABLE, CT_TBUS, CT_TGEN, CT_TBRCH, CT_TAREABUS, ...
    CT_TAREAGEN, CT_TAREABRCH, CT_ROW, CT_COL, CT_CHGTYPE, CT_REP, ...
    CT_REL, CT_ADD, CT_NEWVAL, CT_TLOAD, CT_TAREALOAD, CT_LOAD_ALL_PQ, ...
    CT_LOAD_FIX_PQ, CT_LOAD_DIS_PQ, CT_LOAD_ALL_P, CT_LOAD_FIX_P, ...
    CT_LOAD_DIS_P, CT_TGENCOST, CT_TAREAGENCOST, CT_MODCOST_F, ...
    CT_MODCOST_X] = idx_ct;

loadprofile = struct( ...
    'type', 'mpcData', ...
    'table', CT_TAREALOAD, ...
    'rows', [1:11], ...
    'col', CT_LOAD_ALL_P, ...
    'chgtype', 1, ...
    'values', [] );
loadprofile.values(:,1,:) = [
	1545.7416 972.7 1631.2305 575.8951 823.5983 1161.0 862.4258 252.4213 506.8 4954.4014 1707.0;
	1490.2068 971.8328 1623.7 581.1695 814.3836 1173.1153 868.3715 259.812 517.4002 4929.7392 1714.4323;
	1519.0586 989.5084 1671.1866 578.4575 838.1192 1171.7234 879.7041 266.2 519.8 4796.6229 1725.1383;
	1619.5316 1063.4794 1795.8653 598.1005 924.0854 1278.7 950.9509 286.4215 570.5884 5076.4874 1854.235;
	1742.3 1166.6823 1994.0839 627.1616 1017.6499 1397.0 1032.147 325.2 619.5328 5505.7696 2056.3;
	1862.3426 1243.3 2116.9647 637.0826 1074.4537 1481.3677 1091.5858 360.6602 679.5096 5983.6482 2188.0618;
	1884.7 1262.9971 2143.4843 650.8 1080.2432 1480.3209 1123.2048 376.3821 705.2719 6369.3048 2257.6931;
	1896.8624 1261.3136 2147.7179 642.5 1097.7 1493.1 1130.9646 371.1306 705.2932 6438.2555 2208.3078;
	1891.0809 1247.6068 2137.8 621.7858 1086.0545 1494.158 1109.3 337.242 688.068 6432.3863 2146.7795;
	1858.0191 1225.412 2088.4 599.6132 1024.1333 1441.3124 1034.8 344.2459 632.1573 6446.9555 2039.0153;
	1909.9928 1254.5804 2088.9192 606.3622 1050.009 1476.0997 1033.1787 362.4672 645.106 6563.7036 2033.4222;
	1887.4014 1228.154 2068.1682 609.2634 1019.7868 1423.8645 1014.7312 354.5341 612.3831 6560.7367 2057.7582;
	1833.6088 1218.688 2038.5714 614.492 1019.8828 1403.5 1033.0611 366.8926 617.407 6508.9383 2025.4;
	1831.4263 1247.8009 2057.202 613.5 1027.4192 1378.1227 1049.6834 378.7 605.9272 6562.3252 2121.4267;
	1772.4 1199.3576 2036.3825 619.9896 1046.3948 1384.6426 1050.5408 376.6934 578.1831 6377.9368 2145.7651;
	1748.7412 1223.408 2067.5274 643.7566 1079.4781 1452.0 1079.781 374.5 589.8615 6464.1096 2267.4291;
	1787.8462 1246.7207 2061.8879 640.3 1052.3343 1434.3123 1066.3556 346.5398 505.099 6328.1585 2288.7006;
	1809.639 1295.6877 2152.6908 645.6 1091.3 1518.1323 1139.0063 356.1159 676.4984 6425.0 2457.9119;
	1814.0159 1260.3771 2132.8907 650.1352 1064.8425 1470.1802 1102.7676 344.0119 616.2637 6157.7859 2396.8553;
	1703.0074 1209.926 2075.8582 616.7 1033.307 1424.6125 1089.6257 329.5026 597.4674 5917.6368 2297.0591;
	1608.8571 1110.2864 1929.6076 586.9 963.2476 1322.7592 1048.819 299.1492 597.8341 5590.3982 2163.8946;
	1569.5294 1041.5538 1799.8759 589.1365 923.4224 1215.8256 957.9819 277.4173 522.9809 5110.8321 1947.2437;
	1550.517 1026.3528 1775.8413 577.3 874.6228 1200.3 923.2088 248.1728 495.1625 4778.0754 1809.8927;
	1581.8748 1008.4 1749.7787 574.3 866.4863 1156.4678 906.1464 237.6695 479.1 4714.4936 1693.8945;
];
