function loadprofile = ex_load_profilesh1
%EX_LOAD_PROFILE  Example load profile data file for stochastic unit commitment.
% 2022.03.12
% Andres F. Ramirez

%% define constants
[CT_LABEL, CT_PROB, CT_TABLE, CT_TBUS, CT_TGEN, CT_TBRCH, CT_TAREABUS, ...
    CT_TAREAGEN, CT_TAREABRCH, CT_ROW, CT_COL, CT_CHGTYPE, CT_REP, ...
    CT_REL, CT_ADD, CT_NEWVAL, CT_TLOAD, CT_TAREALOAD, CT_LOAD_ALL_PQ, ...
    CT_LOAD_FIX_PQ, CT_LOAD_DIS_PQ, CT_LOAD_ALL_P, CT_LOAD_FIX_P, ...
    CT_LOAD_DIS_P, CT_TGENCOST, CT_TAREAGENCOST, CT_MODCOST_F, ...
    CT_MODCOST_X] = idx_ct;

loadprofile = struct( ...
    'type', 'mpcData', ...
    'table', CT_TAREALOAD, ...
    'rows', [1:11], ...
    'col', CT_LOAD_ALL_P, ...
    'chgtype', 1, ...
    'values', [] );
loadprofile.values(:,1,:) = [
	1719.7033 994.1851 1733.9762 583.6036 874.9523 1220.0944 899.615 272.9543 489.6509 4654.4967 1730.5464;
	1709.367 994.0132 1752.1886 590.6 867.6165 1221.0566 901.657 261.4705 488.6476 4514.8156 1709.9;
	1693.2557 1019.2787 1779.9167 605.0592 899.1238 1249.6 906.0 266.9 505.8487 4547.7856 1752.9381;
	1760.8287 1092.9632 1923.0682 624.4391 958.5073 1339.539 979.0753 289.4221 558.1001 4839.7608 1903.0275;
	1902.2446 1196.8361 2130.3281 648.336 1105.98 1601.6857 1092.8653 342.9 647.5302 5437.3036 2179.1942;
	2002.3122 1271.539 2247.1973 659.3228 1177.8703 1690.5795 1169.0325 363.5454 693.8672 6000.3253 2346.4;
	1999.0106 1263.7067 2168.2326 623.9929 1160.3124 1566.7054 1132.8505 338.952 688.2505 6246.5 2327.9959;
	2043.7619 1256.6924 2183.9816 607.5541 1163.4482 1579.9775 1161.1795 358.4501 707.9748 6590.573 2312.6703;
	2044.3237 1251.6742 2180.2686 607.3315 1164.9802 1659.6523 1220.3639 394.0906 722.3 6827.1393 2378.2917;
	2067.9949 1255.5566 2186.5695 596.6 1139.2257 1606.4863 1206.0657 362.2049 717.0349 6648.0378 2313.0175;
	2034.9805 1240.9027 2152.5701 592.1033 1096.4 1584.413 1190.8281 345.4156 685.8771 6584.8296 2296.1683;
	2067.3822 1242.8 2127.6743 567.0679 1101.818 1569.9287 1189.3287 334.6 682.0624 6608.6016 2300.3369;
	1969.3002 1208.1715 2131.642 557.5268 1094.0411 1515.7464 1155.009 331.5324 657.0214 6483.3199 2231.9578;
	1936.2877 1196.1 2097.028 557.0268 1095.3498 1523.5466 1240.519 350.2401 679.4318 6504.6014 2293.1684;
	1945.4019 1203.4888 2069.3976 574.909 1090.3159 1495.5109 1257.0234 359.1736 687.1612 6526.798 2327.189;
	1934.1826 1242.7595 2125.4 595.4817 1092.8487 1542.128 1257.7631 376.9732 694.1448 6482.5269 2409.1831;
	1923.1011 1232.0601 2122.0237 616.3853 1110.6079 1573.2203 1232.8291 361.3271 685.4568 6362.465 2392.4281;
	1916.0541 1266.2 2170.1005 616.3279 1145.0733 1598.1716 1251.971 380.6299 713.384 6370.9359 2492.8;
	1948.1687 1258.9 2143.9084 606.8607 1112.265 1561.5934 1277.8886 385.3756 726.1784 6384.8046 2505.9356;
	1870.9577 1204.0596 2060.1 618.1281 1051.0 1503.7339 1206.6112 369.1804 706.1403 6122.3017 2378.5044;
	1783.6587 1123.3024 1930.2364 599.3458 1028.4276 1448.0509 1130.2118 348.6656 653.0847 5796.1411 2158.1707;
	1674.1829 1043.9593 1811.5224 572.2952 946.1 1341.4051 1045.5466 326.5595 599.3704 5256.4263 1981.2695;
	1643.0746 995.2 1744.0651 583.2 935.2027 1351.9622 1053.5524 297.6266 580.0747 5147.2968 1904.9802;
	1633.8 962.8408 1772.1867 591.1823 930.4232 1275.2505 963.3916 283.6806 559.1894 4850.7971 1803.4;
];
