function solarprofile = ex_solar_profilesh1
%EX_WIND_PROFILE_D  Example wind_load_nyiso profile data for deterministic unit commitment.
% 2022.03.12
% Andres F. Ramirez


%% define constants
[GEN_BUS, PG, QG, QMAX, QMIN, VG, MBASE, GEN_STATUS, PMAX, PMIN, ...
    MU_PMAX, MU_PMIN, MU_QMAX, MU_QMIN, PC1, PC2, QC1MIN, QC1MAX, ...
    QC2MIN, QC2MAX, RAMP_AGC, RAMP_10, RAMP_30, RAMP_Q, APF] = idx_gen;
[CT_LABEL, CT_PROB, CT_TABLE, CT_TBUS, CT_TGEN, CT_TBRCH, CT_TAREABUS, ...
    CT_TAREAGEN, CT_TAREABRCH, CT_ROW, CT_COL, CT_CHGTYPE, CT_REP, ...
    CT_REL, CT_ADD, CT_NEWVAL, CT_TLOAD, CT_TAREALOAD, CT_LOAD_ALL_PQ, ...
    CT_LOAD_FIX_PQ, CT_LOAD_DIS_PQ, CT_LOAD_ALL_P, CT_LOAD_FIX_P, ...
    CT_LOAD_DIS_P, CT_TGENCOST, CT_TAREAGENCOST, CT_MODCOST_F, ...
    CT_MODCOST_X] = idx_ct;

solarprofile = struct( ...
    'type', 'mpcData', ...
    'table', CT_TGEN, ...
    'rows', [1:12], ...
    'col', PMAX, ...
    'chgtype', 1, ...
    'values', [] );
solarprofile.values(:,1,:) = [
	0.0 0.0 0.0 0.0 0.0 0.0 0.0 0.0 0.0 0.0 0.0 0.0;
	0.0 0.0 0.0 0.0 0.0 0.0 0.0 0.0 0.0 0.0 0.0 0.0;
	0.0 0.0 0.0 0.0 0.0 0.0 0.0 0.0 0.0 0.0 0.0 0.0;
	0.0 0.0 0.0 0.0 0.0 0.0 0.0 0.0 0.0 0.0 0.0 0.0;
	0.0 0.0 0.0 0.0 0.0 0.0 0.0 0.0 0.0 0.0 0.0 0.0;
	0.1628 0.1722 0.24 0.0 0.0 0.0 0.0 0.0 0.0 0.0 0.0 0.0;
	8.3087 6.6918 5.4578 0.3464 0.0 259.5503 32.4438 18.5865 96.9505 34.7262 23.7129 62.8894;
	22.4423 16.2746 12.6396 1.7749 0.8265 390.6119 48.8265 15.14 191.7925 69.9009 62.5589 126.5909;
	26.1035 17.024 13.8846 4.5079 1.7157 410.2178 51.2772 19.1958 216.1767 173.088 110.4648 313.4633;
	25.9411 16.6407 13.7624 5.9364 2.9454 388.3117 48.539 20.7337 219.3522 290.9703 173.0977 526.949;
	25.9535 16.5681 13.7859 7.2817 4.2029 356.3254 44.5407 22.4164 211.435 263.7678 180.7139 477.685;
	25.8673 16.5331 13.7863 7.7799 5.4205 297.4491 37.1811 21.3813 186.1351 250.1099 154.5412 452.9506;
	21.8292 16.522 13.0638 9.3025 9.5665 363.5917 45.449 46.6699 201.4866 341.8631 225.428 619.1161;
	15.8084 16.1223 11.8507 8.0625 9.3043 371.4975 46.4372 52.2793 194.4865 341.2136 214.5171 617.94;
	8.3246 10.9945 6.3794 5.7343 8.9407 366.7411 45.8426 55.231 188.4059 329.3151 172.4428 596.3917;
	4.2157 6.5734 4.7196 6.4548 12.9534 362.22 45.2775 52.9403 188.4459 199.2808 122.2219 360.8987;
	1.0519 1.0718 0.7756 2.3507 4.6581 65.1518 8.144 12.2496 40.712 57.5541 35.8186 104.2308;
	0.0 0.0 0.0 0.0 0.0 0.0 0.0 0.0 0.0 0.0 0.0 0.0;
	0.0 0.0 0.0 0.0 0.0 0.0 0.0 0.0 0.0 0.0 0.0 0.0;
	0.0 0.0 0.0 0.0 0.0 0.0 0.0 0.0 0.0 0.0 0.0 0.0;
	0.0 0.0 0.0 0.0 0.0 0.0 0.0 0.0 0.0 0.0 0.0 0.0;
	0.0 0.0 0.0 0.0 0.0 0.0 0.0 0.0 0.0 0.0 0.0 0.0;
	0.0 0.0 0.0 0.0 0.0 0.0 0.0 0.0 0.0 0.0 0.0 0.0;
	0.0 0.0 0.0 0.0 0.0 0.0 0.0 0.0 0.0 0.0 0.0 0.0;
];
