function windprofile = ex_wind_profilesh1
%EX_WIND_PROFILE_D  Example wind_load_nyiso profile data for deterministic unit commitment.
% 2022.03.12
% Andres F. Ramirez


%% define constants
[GEN_BUS, PG, QG, QMAX, QMIN, VG, MBASE, GEN_STATUS, PMAX, PMIN, ...
    MU_PMAX, MU_PMIN, MU_QMAX, MU_QMIN, PC1, PC2, QC1MIN, QC1MAX, ...
    QC2MIN, QC2MAX, RAMP_AGC, RAMP_10, RAMP_30, RAMP_Q, APF] = idx_gen;
[CT_LABEL, CT_PROB, CT_TABLE, CT_TBUS, CT_TGEN, CT_TBRCH, CT_TAREABUS, ...
    CT_TAREAGEN, CT_TAREABRCH, CT_ROW, CT_COL, CT_CHGTYPE, CT_REP, ...
    CT_REL, CT_ADD, CT_NEWVAL, CT_TLOAD, CT_TAREALOAD, CT_LOAD_ALL_PQ, ...
    CT_LOAD_FIX_PQ, CT_LOAD_DIS_PQ, CT_LOAD_ALL_P, CT_LOAD_FIX_P, ...
    CT_LOAD_DIS_P, CT_TGENCOST, CT_TAREAGENCOST, CT_MODCOST_F, ...
    CT_MODCOST_X] = idx_ct;

windprofile = struct( ...
    'type', 'mpcData', ...
    'table', CT_TGEN, ...
    'rows', [1:45], ...
    'col', PMAX, ...
    'chgtype', 1, ...
    'values', [] );
windprofile.values(:,1,:) = [
	3.7378 50.5054 87.8511 105.1279 14.7588 30.0312 29.1057 9.454 28.2089 27.4411 50.7244 75.6708 113.922 68.6683 191.0512 71.9774 89.3053 94.637 86.2023 71.53 9.7019 70.0728 71.5582 79.2623 84.6624 57.8099 7.2465 1223.4161 750.0243 750.0243 681.1247 116.457 287.3411 184.1184 215.2844 320.0104 1111.8994 297.0416 460.7316 226.7743 113.3867 333.1462 184.7068 243.7713 1123.4817;
	3.8469 51.9799 87.6374 108.6176 14.8043 31.1214 27.7283 9.4594 28.0524 26.0683 48.1869 71.8853 108.223 68.3712 191.7157 72.2278 89.6159 94.9661 85.3949 71.1985 9.2428 72.6165 71.4427 80.0665 85.5562 57.3959 6.7752 1254.3559 776.561 776.561 714.7493 118.304 284.6498 183.2651 214.3529 331.3327 1214.4079 286.3896 459.5593 229.1684 111.0757 345.2397 188.1357 245.6724 1227.0579;
	3.7885 51.1909 87.3077 96.7572 14.263 31.5905 26.4476 7.7185 28.2639 27.3719 50.5965 75.48 113.6347 68.5017 186.699 70.3378 87.2709 92.4811 85.8914 72.0725 8.8159 73.7112 70.2247 83.1267 78.4807 54.3253 5.5687 1240.4882 772.9991 772.9991 639.402 119.0312 286.3046 185.5149 214.7621 329.8129 1142.8182 279.6622 463.5013 210.2162 112.9006 350.444 167.9251 248.3884 1154.7226;
	3.6113 48.7965 79.7808 93.1623 14.0486 30.24 22.5917 9.829 26.8316 26.7114 49.3757 73.6588 110.893 64.1925 185.7707 69.988 86.837 92.0213 84.0976 69.7064 7.5306 70.5599 68.9123 81.939 73.272 48.4653 6.6439 1185.8614 785.4749 785.4749 659.7648 118.7761 280.3252 179.4244 201.2522 335.1359 1134.8336 274.8252 423.2113 196.2643 101.8733 335.4621 171.1668 230.3756 1146.6548;
	3.4339 46.3997 76.9334 77.5824 14.0306 28.1017 18.7534 4.9225 22.5681 25.1921 46.5672 69.4691 104.5853 66.1133 183.3431 69.0735 85.7023 90.8188 76.9974 70.9916 6.2511 65.5706 67.9944 79.4853 52.0944 42.8306 3.1067 1171.276 757.4507 757.4507 610.6999 112.1896 256.6581 182.7325 207.274 323.179 1075.9338 251.8759 367.7464 139.5387 97.5027 311.7415 176.2404 202.1097 1087.1414;
	3.4119 46.1029 72.5982 74.4817 14.1479 27.1718 17.0365 6.4342 23.7188 28.5206 52.7199 78.6477 118.4037 66.2078 182.4716 68.7451 85.2948 90.3871 82.0406 71.087 5.6788 63.4009 70.8359 74.0489 47.0076 29.5218 3.3748 1185.2296 734.3966 734.3966 597.2427 99.0115 273.4686 182.9782 207.5703 313.3425 1119.128 220.9144 324.3026 125.9132 89.8831 301.426 177.9031 166.1222 1130.7856;
	3.2635 44.0972 66.2575 62.166 14.2574 26.8104 15.6697 5.3447 18.3603 27.1832 50.2477 74.9597 112.8515 68.5891 181.7696 68.4806 84.9667 90.0394 74.2061 71.8265 5.2232 62.5576 71.9109 74.686 44.069 21.8425 3.9306 1239.1126 698.5077 698.5077 528.0487 62.2346 247.3536 184.8817 215.036 298.0299 1136.6586 196.9437 273.7629 118.042 74.7977 297.4168 152.8706 123.9888 1148.4987;
	3.6104 48.7841 67.8815 66.0603 14.3446 28.9191 16.0105 4.8675 15.2655 23.6155 43.6529 65.1216 98.0402 68.5131 179.6722 67.6905 83.9863 89.0004 79.4335 71.3509 5.3368 67.4779 55.9578 81.7965 55.2876 16.9655 3.2131 1279.2042 697.8346 697.8346 610.182 63.7157 264.7783 183.6575 214.7979 297.7427 1167.5687 203.5972 241.6415 148.0917 78.2061 320.8094 145.3395 139.1487 1179.7308;
	3.1236 42.2071 58.9301 63.3424 14.2944 24.6063 17.1241 3.567 20.2724 20.3872 37.6854 56.2192 84.6377 68.6664 179.956 67.7974 84.119 89.141 85.1096 70.8086 5.708 57.4147 48.9698 82.1388 56.2784 11.765 2.3988 1302.6267 796.221 796.221 748.5796 90.1144 283.6986 182.2614 215.2783 339.721 1199.1681 247.5179 241.6403 150.7458 52.7398 272.966 141.7064 147.8097 1211.6594;
	2.7335 36.9353 48.3608 56.9839 14.3659 18.8495 21.4081 1.0349 22.0791 13.9633 25.8109 38.5048 57.9687 68.5741 166.9536 62.8988 78.0411 82.7003 84.3145 66.7823 7.136 43.9823 35.6439 63.3123 31.4839 2.8105 0.7751 1242.6559 792.1538 792.1538 725.5494 107.9514 281.0485 171.8977 214.9891 337.9856 1193.3202 229.4349 374.7784 84.3318 41.6653 209.1042 130.8857 117.9318 1205.7506;
	1.9324 26.1106 30.8383 35.2027 12.333 13.3766 19.3434 0.2418 18.9892 11.8944 21.9867 32.7998 49.3799 67.1758 157.2087 59.2275 73.4859 77.8732 71.2077 66.8323 6.4478 31.2121 8.5773 45.6896 17.1667 3.2859 0.579 1199.0067 787.479 787.479 719.143 107.7429 237.359 172.0265 210.6052 335.991 1112.0141 228.4858 396.5737 45.9821 29.8582 148.3913 81.4387 72.7077 1123.5976;
	1.4687 19.8457 25.8425 21.9794 9.1103 9.9317 18.4379 0.5183 17.1155 14.6174 27.02 40.3086 60.6843 66.5445 155.2639 58.4948 72.5769 76.9098 74.6365 63.6115 6.146 23.1741 16.1832 36.5382 15.7397 4.918 0.627 1065.5648 717.7549 717.7549 676.539 107.0429 248.7882 163.736 208.626 306.2421 1022.8207 199.7302 376.9439 42.16 23.3699 110.1761 60.0509 63.5803 1033.4751;
	1.014 13.7015 24.0193 22.0789 7.4184 6.4173 15.4233 0.8526 9.2856 2.9168 5.3917 8.0434 12.1093 59.1206 151.6487 57.1328 70.887 75.119 67.5635 58.5858 5.1411 14.9737 13.7578 33.963 15.9657 8.9738 1.9147 993.3254 711.4291 711.4291 609.0645 93.4619 225.2117 150.8 185.3511 303.5431 944.8994 191.8015 330.8061 42.7652 15.7988 71.1894 41.0657 15.7963 954.7421;
	0.8148 11.0093 20.6579 27.9221 7.2778 8.2482 12.6192 1.9955 11.1854 17.1794 31.7559 47.3735 71.3206 61.174 176.445 66.4746 82.4778 87.4018 81.7637 67.0611 4.2064 19.2458 41.1246 32.5042 18.3901 11.0151 3.4658 957.7719 646.9905 646.9905 638.6139 89.9818 272.5456 172.6154 191.7889 276.0493 772.3726 192.3508 356.001 49.2593 21.7475 91.4998 32.1833 10.4632 780.4182;
	0.8344 11.2747 19.3625 0.1655 4.9306 7.5485 10.7992 1.2015 9.9315 17.2474 31.8816 47.561 71.6028 61.9838 167.5963 63.1409 78.3415 83.0186 74.5325 66.9097 3.5997 17.6132 44.9466 39.2562 18.6797 6.8203 0.8332 885.6771 636.762 636.762 625.0444 78.9949 248.4418 172.2257 194.3275 271.6851 774.4253 189.7982 310.434 50.0348 15.3758 83.7383 23.4377 0.0 782.4922;
	0.9555 12.9112 17.7319 28.7245 6.2625 2.2715 5.3683 1.392 7.6922 15.92 29.428 43.9007 66.0923 62.3611 163.927 61.7585 76.6263 81.201 74.5636 65.7958 1.7894 5.3002 51.0663 43.0811 24.0785 4.74 1.9208 893.2835 493.5685 493.5685 522.7296 78.259 248.5452 169.3586 195.5103 210.5892 601.2249 173.4895 206.6643 64.4959 13.5265 25.1987 0.0 14.9006 607.4876;
	0.5101 6.8923 8.9722 8.9608 3.7567 1.4376 2.7793 0.4074 9.6666 18.1154 33.486 49.9546 75.2063 61.9867 163.0395 61.4242 76.2115 80.7614 79.6115 67.3697 0.9264 3.3544 50.3231 39.9159 16.2827 7.858 1.2223 851.9204 481.937 481.937 550.2701 79.0029 265.3717 173.4098 194.3368 205.6264 696.9934 188.5417 198.9651 43.6143 30.0684 15.9478 0.0 0.3638 704.2537;
	0.9986 13.4937 3.1247 2.662 1.3305 0.0993 0.0 0.0927 0.0 20.333 37.5852 56.0698 84.4127 64.4446 133.2448 50.1992 62.2842 66.0026 80.0276 56.4637 0.0 0.2317 65.7239 34.3435 14.6534 2.8427 1.3343 779.745 499.1383 499.1383 558.9526 87.8335 266.7588 145.3377 202.0425 212.9657 694.9506 193.4008 249.4595 39.2502 75.5007 1.1017 0.0 0.0 702.1896;
	0.4651 6.2839 24.9423 38.521 0.0 0.2153 0.0 1.9826 0.0212 21.5784 39.8874 59.5042 89.5832 63.1195 114.0877 42.9819 53.3293 56.5132 0.0001 63.8584 0.0 0.5024 67.097 49.2847 24.879 7.2949 1.9392 799.5895 472.3073 472.3073 589.0027 93.6757 0.0005 164.3716 197.888 201.5178 667.1705 188.6077 253.7891 66.6402 87.234 2.3884 0.0 10.1746 674.1202;
