function windprofile = ex_wind_profilesh1
%EX_WIND_PROFILE_D  Example wind_load_nyiso profile data for deterministic unit commitment.
% 2022.03.12
% Andres F. Ramirez


%% define constants
[GEN_BUS, PG, QG, QMAX, QMIN, VG, MBASE, GEN_STATUS, PMAX, PMIN, ...
    MU_PMAX, MU_PMIN, MU_QMAX, MU_QMIN, PC1, PC2, QC1MIN, QC1MAX, ...
    QC2MIN, QC2MAX, RAMP_AGC, RAMP_10, RAMP_30, RAMP_Q, APF] = idx_gen;
[CT_LABEL, CT_PROB, CT_TABLE, CT_TBUS, CT_TGEN, CT_TBRCH, CT_TAREABUS, ...
    CT_TAREAGEN, CT_TAREABRCH, CT_ROW, CT_COL, CT_CHGTYPE, CT_REP, ...
    CT_REL, CT_ADD, CT_NEWVAL, CT_TLOAD, CT_TAREALOAD, CT_LOAD_ALL_PQ, ...
    CT_LOAD_FIX_PQ, CT_LOAD_DIS_PQ, CT_LOAD_ALL_P, CT_LOAD_FIX_P, ...
    CT_LOAD_DIS_P, CT_TGENCOST, CT_TAREAGENCOST, CT_MODCOST_F, ...
    CT_MODCOST_X] = idx_ct;

windprofile = struct( ...
    'type', 'mpcData', ...
    'table', CT_TGEN, ...
    'rows', [1:45], ...
    'col', PMAX, ...
    'chgtype', 1, ...
    'values', [] );
windprofile.values(:,1,:) = [
	3.5856 48.4492 90.7026 102.6164 14.6189 30.101 29.0356 12.8311 27.1408 28.1965 52.1209 77.7541 117.0584 65.5959 178.5948 67.2846 83.4827 88.4667 89.4863 67.2919 9.6785 70.2357 71.9794 87.9634 96.6045 65.9888 9.7187 1139.654 692.1532 692.1532 746.6752 107.5495 298.2878 173.2095 205.6521 295.3187 1036.114 313.722 468.0207 258.762 108.9066 333.9205 172.0194 249.0003 1046.9068;
	3.6792 49.714 92.5869 109.6667 15.0429 31.2508 28.9102 13.3054 26.5121 26.2842 48.586 72.4808 109.1194 68.1712 179.3599 67.5728 83.8403 88.8457 90.7429 70.9052 9.6367 72.9185 70.5279 89.0666 101.8157 69.0394 9.2036 1135.3478 735.5278 735.5278 796.185 112.7108 302.4764 182.5101 213.7261 313.8252 1104.4843 303.9268 464.9776 272.7206 112.0342 346.6756 185.3813 251.5927 1115.9894;
	3.6293 49.0397 88.3853 93.5805 14.8321 30.9983 25.9739 11.8751 26.3444 25.9189 47.9107 71.4733 107.6026 66.2266 173.7848 65.4724 81.2343 86.0841 90.2836 70.0179 8.658 72.3294 65.348 87.2951 88.3752 67.3081 9.8745 1137.7929 741.792 741.792 781.4414 107.6368 300.9454 180.2264 207.6292 316.4979 1134.4622 291.0497 463.6563 236.7192 110.4348 343.8744 166.9077 245.2535 1146.2795;
	3.6564 49.4053 87.9269 96.8774 14.9817 31.0535 23.9153 12.6527 26.4509 27.0239 49.9533 74.5206 112.1903 64.7524 173.6201 65.4104 81.1573 86.0025 90.1305 69.6141 7.9718 72.4581 68.5197 85.553 81.2447 61.1756 9.337 1126.7381 742.4636 742.4636 762.8189 113.1002 300.435 179.187 203.0075 316.7845 1150.3686 283.8349 445.5466 217.6197 102.7533 344.4865 176.0223 233.2378 1162.3516;
	3.6879 49.831 82.8745 78.5327 14.5218 29.6134 21.1794 9.6697 22.3189 25.5038 47.1434 70.3287 105.8794 65.3504 162.43 61.1946 75.9266 80.4595 86.6267 68.9532 7.0598 69.098 64.1504 84.0104 65.3165 52.2098 7.9103 1139.081 744.088 744.088 710.2155 111.634 288.7556 177.4858 204.8824 317.4775 1127.895 265.5013 411.3138 174.955 99.0871 328.5119 184.4944 200.6177 1139.6439;
	3.6075 48.7453 81.2041 67.8506 14.4586 24.5603 18.1793 7.5381 22.6294 26.1089 48.2619 71.9972 108.3914 63.8689 175.7407 66.2093 82.1486 87.053 88.7569 70.7703 6.0598 57.3074 67.4617 81.5877 51.1082 38.5963 6.3976 1145.5311 711.7386 711.7386 658.9483 100.3657 295.8564 182.1629 200.2377 303.6752 1161.1856 231.996 358.4408 136.8971 80.9253 272.4559 149.7043 152.9844 1173.2813;
	3.3605 45.4077 70.2925 58.6951 14.9772 26.2143 14.9723 5.6808 14.814 26.5991 49.1681 73.3491 110.4266 63.3491 177.7513 66.9668 83.0884 88.0489 86.7746 71.612 4.9908 61.1666 67.2863 76.7041 43.7354 25.0157 4.8287 1196.4434 695.3701 695.3701 580.8365 66.0984 289.2488 184.3295 198.6081 296.6912 1167.0956 209.8221 274.7606 117.1485 75.0829 290.8037 146.949 115.5196 1179.2529;
	3.2223 43.5401 68.3782 64.03 14.6146 23.646 14.9397 4.8671 9.353 21.7885 40.2757 60.0834 90.4552 66.2316 185.2221 69.7814 86.5806 91.7496 87.236 72.6168 4.9799 55.1741 49.2571 81.0891 50.2568 17.614 3.4859 1207.643 729.7782 729.7782 639.7105 71.0902 290.7866 186.9159 207.645 311.372 1172.2087 212.5109 237.9596 134.6164 79.4869 262.3134 141.281 129.6682 1184.4192;
	2.7745 37.4897 59.3026 60.1487 14.924 20.5998 14.5967 3.7057 14.5438 20.7832 38.4175 57.3113 86.2818 67.2213 165.9848 62.5338 77.5882 82.2204 84.8507 69.836 4.8656 48.0663 40.8845 83.1013 53.6078 13.2621 2.4899 1190.5985 786.4807 786.4807 703.3995 90.7055 282.8357 179.758 210.7479 335.5651 1129.6612 243.3703 220.4715 143.5923 60.0787 228.5209 132.4473 147.4395 1141.4285;
	2.7447 37.0875 52.8273 59.9427 14.7676 17.0106 19.4947 2.0632 19.5326 17.0563 31.5283 47.0341 70.8095 67.2108 148.8303 56.0709 69.5695 73.7229 84.6837 67.7497 6.4982 39.6914 38.2218 70.7156 31.5586 6.8006 1.1683 1112.3403 778.5626 778.5626 732.9874 108.2263 282.279 174.388 210.7151 332.1867 1113.4061 240.8897 353.7912 84.5319 43.327 188.7043 126.364 129.7908 1125.0041;
	1.9577 26.4533 35.9073 37.9171 13.8311 3.5752 17.0901 1.0609 6.915 4.9163 9.0876 13.5569 20.4099 65.602 128.6413 48.4649 60.1323 63.7223 83.2753 67.6999 5.6967 8.3422 3.9904 52.1892 14.9162 4.6109 1.4395 1110.9451 774.2606 774.2606 708.5871 103.8168 277.5843 174.2596 205.671 330.3512 1038.9516 233.8317 323.2016 39.9541 30.4317 39.6613 75.7041 74.3103 1049.774;
	1.5088 20.3877 29.1291 25.9748 10.1549 9.5087 18.5696 1.3062 16.0069 14.7909 27.3407 40.7869 61.4045 62.9015 141.9539 53.4803 66.3552 70.3167 82.5438 67.1758 6.1899 22.187 32.6688 42.4567 18.5 7.8587 3.7375 992.1207 725.6345 725.6345 685.4879 106.0269 275.1459 172.9106 197.2046 309.6041 997.1746 203.8952 378.834 49.5535 28.4093 105.4833 56.3141 70.6773 1007.5618;
	1.2095 16.3431 27.9391 26.8053 9.638 9.0901 19.4883 2.4384 15.5869 13.2285 24.4526 36.4785 54.9182 63.489 165.2783 62.2677 77.258 81.8704 87.4553 69.5049 6.4961 21.2102 33.4349 37.8221 21.7466 11.5404 2.9334 1008.5409 773.399 773.399 699.4015 102.2058 291.5178 178.9059 199.0465 329.9836 1046.1177 222.7655 430.2458 58.2499 25.9375 100.8396 48.6571 46.1855 1057.0147;
	1.0171 13.7437 27.4142 33.9906 8.5888 9.4614 13.7753 2.9141 13.4995 17.728 32.77 48.8863 73.5981 65.4892 174.4575 65.7258 81.5487 86.4173 85.9115 71.292 4.5918 22.0765 48.2224 39.2007 25.5853 12.7758 4.2785 949.3895 740.7667 740.7667 723.4569 96.5868 286.3716 183.5057 205.3174 316.0604 904.7487 223.4404 416.3609 68.5321 28.8417 104.958 37.8764 54.2301 914.1732;
	0.9836 13.291 27.5791 106.697 7.341 9.8783 12.6675 2.4015 16.0236 16.9886 31.4032 46.8473 70.5284 68.3495 179.7726 67.7283 84.0332 89.0501 80.4574 72.5229 4.2225 23.0494 50.4328 48.6151 27.4745 7.9929 3.9556 905.7454 682.9868 682.9868 665.6331 81.3991 268.1912 186.6742 214.2848 291.4077 856.6981 211.8619 369.2484 73.5925 25.1957 109.5834 40.3985 52.7941 865.622;
	1.0414 14.0713 18.8771 31.7463 7.2889 7.6919 5.9584 1.5224 10.8648 14.7659 27.2946 40.7182 61.301 65.2514 170.8442 64.3646 79.8597 84.6275 84.6627 69.7106 1.9861 17.9478 45.0259 41.4144 24.399 5.1565 2.6345 907.4939 566.3692 566.3692 591.8406 77.2309 282.2089 179.4354 204.5718 241.6508 687.9298 204.154 232.4022 65.3546 27.3918 85.329 14.6337 6.0071 695.0957;
	0.669 9.0391 6.2264 14.3808 6.5151 1.5277 4.1287 1.2825 11.0853 15.9467 29.4772 43.9742 66.2029 63.8741 179.4321 67.6 83.8741 88.8815 85.7552 68.945 1.3762 3.5647 51.6604 35.6452 15.486 9.6249 1.879 873.4067 552.3804 552.3804 624.8356 79.3986 285.8505 177.4646 200.2538 235.6823 794.6839 203.2987 230.8385 41.4804 33.213 16.9476 17.1546 0.0 802.9619;
	1.0626 14.3577 0.2515 0.2214 2.764 0.0 0.8623 0.2305 0.0 10.3661 19.1616 28.5853 43.035 63.7982 140.0839 52.7758 65.4811 69.3904 84.6746 56.5346 0.2874 0.0 61.6598 34.0586 13.9681 3.95 1.5841 775.2601 533.7072 533.7072 637.2071 87.661 282.2486 145.5201 200.0161 227.7151 741.3469 213.7006 307.6857 37.4145 65.0338 0.0 0.2479 0.0 749.0692;
	0.4246 5.7376 22.9806 40.3545 0.3728 0.0 0.1299 2.1472 0.0 13.8939 25.6826 38.3134 57.6806 64.3895 112.2203 42.2783 52.4565 55.5882 18.7807 57.7315 0.0433 0.0 68.1515 48.249 23.4795 10.0104 2.0497 809.1377 521.2642 521.2642 653.0319 83.2661 62.6022 148.601 201.8698 222.4061 692.0448 199.6405 321.0205 62.8915 68.9483 0.0 0.1723 1.0811 699.2536;
