function solarprofile = ex_solar_profilesh1
%EX_WIND_PROFILE_D  Example wind_load_nyiso profile data for deterministic unit commitment.
% 2022.03.12
% Andres F. Ramirez


%% define constants
[GEN_BUS, PG, QG, QMAX, QMIN, VG, MBASE, GEN_STATUS, PMAX, PMIN, ...
    MU_PMAX, MU_PMIN, MU_QMAX, MU_QMIN, PC1, PC2, QC1MIN, QC1MAX, ...
    QC2MIN, QC2MAX, RAMP_AGC, RAMP_10, RAMP_30, RAMP_Q, APF] = idx_gen;
[CT_LABEL, CT_PROB, CT_TABLE, CT_TBUS, CT_TGEN, CT_TBRCH, CT_TAREABUS, ...
    CT_TAREAGEN, CT_TAREABRCH, CT_ROW, CT_COL, CT_CHGTYPE, CT_REP, ...
    CT_REL, CT_ADD, CT_NEWVAL, CT_TLOAD, CT_TAREALOAD, CT_LOAD_ALL_PQ, ...
    CT_LOAD_FIX_PQ, CT_LOAD_DIS_PQ, CT_LOAD_ALL_P, CT_LOAD_FIX_P, ...
    CT_LOAD_DIS_P, CT_TGENCOST, CT_TAREAGENCOST, CT_MODCOST_F, ...
    CT_MODCOST_X] = idx_ct;

solarprofile = struct( ...
    'type', 'mpcData', ...
    'table', CT_TGEN, ...
    'rows', [1:12], ...
    'col', PMAX, ...
    'chgtype', 1, ...
    'values', [] );
solarprofile.values(:,1,:) = [
	0.0 0.0 0.0 0.0 0.0 0.0 0.0 0.0 0.0 0.0 0.0 0.0;
	0.0 0.0 0.0 0.0 0.0 0.0 0.0 0.0 0.0 0.0 0.0 0.0;
	0.0 0.0 0.0 0.0 0.0 0.0 0.0 0.0 0.0 0.0 0.0 0.0;
	0.0 0.0 0.0 0.0 0.0 0.0 0.0 0.0 0.0 0.0 0.0 0.0;
	0.0 0.0 0.0 0.0 0.0 0.0 0.0 0.0 0.0 0.0 0.0 0.0;
	0.1575 0.1621 0.24 0.0 0.0 0.0 0.0 0.0 0.0 0.0 0.0 0.0;
	8.4939 6.1058 5.5383 0.8126 1.0407 22.2875 2.7859 2.0365 23.6852 26.2612 22.7228 47.5593;
	19.7212 15.7926 11.6499 1.3144 3.9125 65.291 8.1614 6.2131 44.1616 51.7847 52.8596 93.7824;
	23.7031 16.7667 13.8 3.0998 5.6693 83.6365 10.4546 17.0871 66.4985 104.5527 104.6013 189.3456;
	25.6923 16.474 13.6018 6.4674 4.448 160.4225 20.0528 23.3737 138.0929 196.2824 160.8825 355.4687;
	25.9325 16.5326 13.6787 7.7937 3.8048 257.4834 32.1854 31.2698 172.4344 257.5375 188.2973 466.402;
	25.964 16.5331 13.7863 9.0199 4.4144 289.5451 36.1931 36.5875 179.4129 298.9572 196.2579 541.4134;
	25.7089 16.5546 13.7855 11.397 11.7514 366.863 45.8579 52.9231 200.1268 348.7714 249.9471 631.6271;
	21.8219 16.3881 13.7008 11.8891 11.864 355.3064 44.4133 47.3037 187.5454 343.6475 222.7716 622.3477;
	13.281 13.4513 10.0441 11.2068 11.2345 298.9048 37.3631 33.229 173.9645 319.0762 183.885 577.849;
	4.4856 2.8754 2.7062 10.6417 12.1601 133.0658 16.6332 7.5347 160.5673 204.556 149.179 370.4522;
	0.9382 0.7554 0.5203 2.4003 4.166 58.2274 7.2784 9.8843 38.5636 66.1921 41.7308 119.8743;
	0.0 0.0 0.0 0.0 0.0 0.0 0.0 0.0 0.0 0.0 0.0 0.0;
	0.0 0.0 0.0 0.0 0.0 0.0 0.0 0.0 0.0 0.0 0.0 0.0;
	0.0 0.0 0.0 0.0 0.0 0.0 0.0 0.0 0.0 0.0 0.0 0.0;
	0.0 0.0 0.0 0.0 0.0 0.0 0.0 0.0 0.0 0.0 0.0 0.0;
	0.0 0.0 0.0 0.0 0.0 0.0 0.0 0.0 0.0 0.0 0.0 0.0;
	0.0 0.0 0.0 0.0 0.0 0.0 0.0 0.0 0.0 0.0 0.0 0.0;
	0.0 0.0 0.0 0.0 0.0 0.0 0.0 0.0 0.0 0.0 0.0 0.0;
];
