function loadprofile = ex_load_profilesh1
%EX_LOAD_PROFILE  Example load profile data file for stochastic unit commitment.
% 2022.03.12
% Andres F. Ramirez

%% define constants
[CT_LABEL, CT_PROB, CT_TABLE, CT_TBUS, CT_TGEN, CT_TBRCH, CT_TAREABUS, ...
    CT_TAREAGEN, CT_TAREABRCH, CT_ROW, CT_COL, CT_CHGTYPE, CT_REP, ...
    CT_REL, CT_ADD, CT_NEWVAL, CT_TLOAD, CT_TAREALOAD, CT_LOAD_ALL_PQ, ...
    CT_LOAD_FIX_PQ, CT_LOAD_DIS_PQ, CT_LOAD_ALL_P, CT_LOAD_FIX_P, ...
    CT_LOAD_DIS_P, CT_TGENCOST, CT_TAREAGENCOST, CT_MODCOST_F, ...
    CT_MODCOST_X] = idx_ct;

loadprofile = struct( ...
    'type', 'mpcData', ...
    'table', CT_TAREALOAD, ...
    'rows', [1:11], ...
    'col', CT_LOAD_ALL_P, ...
    'chgtype', 1, ...
    'values', [] );
loadprofile.values(:,1,:) = [
	1518.3015 994.5788 1784.442 572.2 867.9385 1178.3911 923.4608 300.1661 523.6613 4617.9428 1896.3446;
	1503.9455 995.6054 1774.3226 583.7817 854.6363 1198.0599 922.7437 320.4635 514.4375 4565.2443 1875.7753;
	1531.1135 1018.5119 1807.8848 601.1 913.5467 1249.6 947.5873 326.167 519.8 4631.035 1932.0902;
	1649.5381 1112.2166 1951.1043 613.9348 975.4905 1327.9678 999.5537 332.1033 553.3568 4885.5155 2043.8487;
	1812.8723 1240.1845 2127.5122 645.3321 1106.6438 1496.5131 1100.657 377.4534 636.6822 5511.1917 2246.2503;
	1882.2191 1304.2437 2194.1006 645.4385 1146.2362 1523.9612 1129.7087 420.188 694.7 6106.9036 2350.7294;
	1934.8323 1304.8228 2228.5081 632.2583 1169.2049 1537.307 1140.0465 414.9913 703.8756 6419.0638 2340.4203;
	1955.2581 1328.2528 2267.2003 633.2491 1163.4968 1567.8546 1123.4 390.2659 693.7254 6545.4665 2294.6361;
	1977.1341 1329.7416 2229.6731 614.4636 1139.8892 1574.9671 1120.1 386.7852 695.2 6583.2907 2252.7;
	1998.093 1310.7474 2175.3071 612.5 1128.6413 1532.2222 1076.6 388.0 679.3 6613.7385 2316.7476;
	1935.127 1357.1648 2164.9039 616.3302 1111.593 1549.6727 1097.9041 390.5353 677.5939 6603.2 2306.1224;
	1876.8848 1284.731 2140.9039 596.4 1077.3763 1521.8632 1091.0616 366.6925 681.7851 6721.7116 2411.2106;
	1833.5734 1302.773 2163.2132 593.0 1060.5908 1513.3577 1111.1321 378.0513 668.9456 6755.7894 2524.7551;
	1830.4074 1333.7903 2230.4855 601.5066 1085.6154 1523.3874 1119.0706 390.0829 682.6248 6871.235 2610.2846;
	1822.2907 1356.9064 2255.8972 612.8262 1100.7463 1499.6324 1099.0 421.6475 682.3402 6606.5771 2611.9291;
	1838.4577 1358.929 2257.9552 623.7667 1119.059 1536.5648 1143.4889 419.5907 719.3524 6914.7058 2748.5435;
	1914.1405 1323.9496 2248.6895 615.3 1159.3038 1569.9463 1134.1187 421.0662 702.742 6570.1331 2554.2415;
	1997.3068 1392.2504 2289.9102 642.9944 1170.8344 1659.2226 1214.2983 430.9537 760.0977 6623.9892 2806.6701;
	1986.1864 1370.3688 2240.0482 636.6 1147.2349 1646.0027 1192.0 413.2201 737.2449 6553.6352 2722.9828;
	1915.5454 1298.9869 2128.3683 612.1039 1084.0784 1581.6993 1165.0952 405.8 706.1412 6372.5712 2617.4717;
	1811.9295 1203.7248 1976.874 587.2398 1019.7393 1442.8174 1057.7338 364.5167 637.832 5882.7287 2246.2018;
	1736.578 1123.5687 1920.9005 570.107 963.6255 1354.6 982.5961 326.5916 587.7077 5418.0562 2033.9759;
	1622.8376 1022.6 1790.9938 564.7541 928.5762 1315.4792 957.8384 293.1 553.8931 4993.8054 1865.6183;
	1610.5779 999.913 1769.8668 569.0562 915.4453 1285.397 924.7469 284.6 522.8949 4667.5753 1729.2561;
];
