function loadprofile = ex_load_profilesh1
%EX_LOAD_PROFILE  Example load profile data file for stochastic unit commitment.
% 2022.03.12
% Andres F. Ramirez

%% define constants
[CT_LABEL, CT_PROB, CT_TABLE, CT_TBUS, CT_TGEN, CT_TBRCH, CT_TAREABUS, ...
    CT_TAREAGEN, CT_TAREABRCH, CT_ROW, CT_COL, CT_CHGTYPE, CT_REP, ...
    CT_REL, CT_ADD, CT_NEWVAL, CT_TLOAD, CT_TAREALOAD, CT_LOAD_ALL_PQ, ...
    CT_LOAD_FIX_PQ, CT_LOAD_DIS_PQ, CT_LOAD_ALL_P, CT_LOAD_FIX_P, ...
    CT_LOAD_DIS_P, CT_TGENCOST, CT_TAREAGENCOST, CT_MODCOST_F, ...
    CT_MODCOST_X] = idx_ct;

loadprofile = struct( ...
    'type', 'mpcData', ...
    'table', CT_TAREALOAD, ...
    'rows', [1:11], ...
    'col', CT_LOAD_ALL_P, ...
    'chgtype', 1, ...
    'values', [] );
loadprofile.values(:,1,:) = [
	1633.3329 1014.6859 1719.6994 539.1 862.7 1150.3684 862.9571 302.1234 495.1661 4473.8331 1714.0;
	1589.9862 1011.2289 1722.3056 549.2 854.9692 1157.8717 869.8422 293.8995 497.6563 4422.9244 1683.4173;
	1646.7129 1051.5195 1772.4019 551.1804 891.9019 1195.5342 888.2895 294.4161 509.9 4494.9096 1752.2138;
	1715.7251 1087.968 1854.8585 570.0 952.5089 1278.0 928.2 310.1 533.7701 4766.2 1863.8882;
	1887.5001 1188.8956 2043.8251 583.3308 1066.2522 1409.9605 1021.675 355.9072 603.5204 5306.1202 2120.8;
	1981.0342 1262.0 2156.1735 602.2115 1139.7388 1475.4 1080.0382 367.7829 653.225 5842.6503 2222.9932;
	1970.6004 1262.6606 2149.1323 612.3749 1135.2144 1466.2389 1087.6012 372.0 656.9158 6222.7 2259.9425;
	1991.6861 1281.6512 2125.3496 607.0251 1122.6417 1461.1712 1101.0628 366.7529 696.7323 6477.5871 2283.9372;
	2038.1994 1296.9597 2127.5139 600.7903 1115.5063 1452.1026 1120.2682 355.6051 707.0712 6595.9215 2276.9;
	2063.013 1289.8943 2134.8903 603.4577 1103.4927 1488.1491 1159.3973 359.7427 694.5 6592.631 2312.3208;
	2122.1156 1363.9069 2127.6414 601.4082 1091.65 1486.583 1106.9504 357.3571 681.1563 6618.3216 2352.1199;
	2091.9385 1306.4571 2074.8594 600.6256 1048.5351 1490.2776 1065.5398 352.4695 660.6016 6534.5 2326.5;
	2108.1422 1322.8191 2017.8 598.7879 1038.5119 1459.1408 1068.1017 350.8249 669.2 6504.7309 2315.7849;
	2096.4503 1289.2948 2002.6181 619.5 1035.9192 1492.9383 1079.1701 374.8484 679.7 6624.2585 2459.0075;
	2085.1853 1278.7737 1995.1366 617.9476 1026.4152 1437.0141 1082.7227 350.8579 686.0104 6537.2467 2357.3973;
	2073.2721 1271.0968 2000.9511 615.7094 1038.0327 1469.8531 1094.4887 360.1 679.6666 6498.8062 2417.457;
	2103.1113 1241.6 2027.1645 632.6204 1106.4618 1533.7665 1128.8 379.3 711.4 6438.8761 2447.4129;
	2102.6107 1309.1012 2097.3831 641.6377 1177.5995 1620.1269 1191.6414 403.5172 748.5789 6499.7043 2610.0614;
	2130.8989 1317.0786 2114.5077 638.9581 1171.4374 1614.5524 1175.8724 404.0359 728.9835 6406.7389 2546.9292;
	2016.3091 1229.3374 1998.5881 624.9926 1103.2174 1537.5655 1099.0249 366.9 673.2351 6112.4088 2375.3726;
	1890.526 1152.6907 1864.1613 597.6789 1025.324 1412.431 1033.6918 329.0414 645.8137 5785.9304 2207.6217;
	1780.9987 1058.4001 1752.3528 588.4795 946.8 1334.1934 957.5314 311.4 580.8009 5280.7018 1996.4664;
	1740.2695 1031.4911 1708.4473 577.5658 928.5571 1275.0907 911.8273 291.6621 529.9018 4888.4501 1835.0285;
	1704.6663 998.8 1696.7805 568.9522 895.723 1243.0925 901.9683 279.6 512.3671 4709.6869 1773.9138;
];
