function solarprofile = ex_solar_profilesh1
%EX_WIND_PROFILE_D  Example wind_load_nyiso profile data for deterministic unit commitment.
% 2022.03.12
% Andres F. Ramirez


%% define constants
[GEN_BUS, PG, QG, QMAX, QMIN, VG, MBASE, GEN_STATUS, PMAX, PMIN, ...
    MU_PMAX, MU_PMIN, MU_QMAX, MU_QMIN, PC1, PC2, QC1MIN, QC1MAX, ...
    QC2MIN, QC2MAX, RAMP_AGC, RAMP_10, RAMP_30, RAMP_Q, APF] = idx_gen;
[CT_LABEL, CT_PROB, CT_TABLE, CT_TBUS, CT_TGEN, CT_TBRCH, CT_TAREABUS, ...
    CT_TAREAGEN, CT_TAREABRCH, CT_ROW, CT_COL, CT_CHGTYPE, CT_REP, ...
    CT_REL, CT_ADD, CT_NEWVAL, CT_TLOAD, CT_TAREALOAD, CT_LOAD_ALL_PQ, ...
    CT_LOAD_FIX_PQ, CT_LOAD_DIS_PQ, CT_LOAD_ALL_P, CT_LOAD_FIX_P, ...
    CT_LOAD_DIS_P, CT_TGENCOST, CT_TAREAGENCOST, CT_MODCOST_F, ...
    CT_MODCOST_X] = idx_ct;

solarprofile = struct( ...
    'type', 'mpcData', ...
    'table', CT_TGEN, ...
    'rows', [1:12], ...
    'col', PMAX, ...
    'chgtype', 1, ...
    'values', [] );
solarprofile.values(:,1,:) = [
	0.0 0.0 0.0 0.0 0.0 0.0 0.0 0.0 0.0 0.0 0.0 0.0;
	0.0 0.0 0.0 0.0 0.0 0.0 0.0 0.0 0.0 0.0 0.0 0.0;
	0.0 0.0 0.0 0.0 0.0 0.0 0.0 0.0 0.0 0.0 0.0 0.0;
	0.0 0.0 0.0 0.0 0.0 0.0 0.0 0.0 0.0 0.0 0.0 0.0;
	0.0 0.0 0.0 0.0 0.0 0.0 0.0 0.0 0.0 0.0 0.0 0.0;
	0.1575 0.1741 0.2433 0.0 0.0 0.0 0.0 0.0 0.0 0.0 0.0 0.0;
	8.9511 7.1498 5.7829 1.806 5.3681 106.1146 13.2643 9.2333 22.7658 45.7334 23.6678 82.8235;
	19.0287 15.891 12.4917 4.8105 6.6788 225.6651 28.2081 26.1198 53.0564 122.9869 69.2222 222.73;
	24.0755 16.901 13.8503 6.7818 6.7222 291.574 36.4467 45.2291 109.2581 212.5879 124.5447 384.998;
	26.6025 17.0222 13.7796 6.1715 4.4401 251.5173 31.4397 53.932 134.897 258.845 173.1128 468.7698;
	26.1532 16.5798 13.7859 6.3967 2.9555 163.3373 20.4172 47.2072 98.696 271.1811 203.1062 491.1107;
	25.8477 16.5331 13.7863 6.7239 2.2902 57.2259 7.1532 29.7645 38.1787 254.4852 202.3058 460.8742;
	25.3293 16.5236 13.7695 9.8469 8.8117 165.5457 20.6932 55.2212 48.5267 220.3134 242.3695 398.989;
	22.7164 16.3881 13.5671 9.405 9.002 269.6244 33.7031 61.8869 44.3113 179.6796 211.3901 325.4009;
	17.5106 13.4691 7.8795 7.5673 8.5678 275.4951 34.4369 62.4945 33.1004 110.0201 159.323 199.247;
	7.9399 4.5226 0.9602 6.7334 10.8979 107.678 13.4597 50.9683 25.4745 195.4736 124.9564 354.0039;
	0.8962 0.7333 0.5133 1.833 3.4199 58.226 7.2783 9.8953 34.9853 68.6168 41.5412 124.2655;
	0.0 0.0 0.0 0.0 0.0 0.0 0.0 0.0 0.0 0.0 0.0 0.0;
	0.0 0.0 0.0 0.0 0.0 0.0 0.0 0.0 0.0 0.0 0.0 0.0;
	0.0 0.0 0.0 0.0 0.0 0.0 0.0 0.0 0.0 0.0 0.0 0.0;
	0.0 0.0 0.0 0.0 0.0 0.0 0.0 0.0 0.0 0.0 0.0 0.0;
	0.0 0.0 0.0 0.0 0.0 0.0 0.0 0.0 0.0 0.0 0.0 0.0;
	0.0 0.0 0.0 0.0 0.0 0.0 0.0 0.0 0.0 0.0 0.0 0.0;
	0.0 0.0 0.0 0.0 0.0 0.0 0.0 0.0 0.0 0.0 0.0 0.0;
];
