function windprofile = ex_wind_profilesh1
%EX_WIND_PROFILE_D  Example wind_load_nyiso profile data for deterministic unit commitment.
% 2022.03.12
% Andres F. Ramirez


%% define constants
[GEN_BUS, PG, QG, QMAX, QMIN, VG, MBASE, GEN_STATUS, PMAX, PMIN, ...
    MU_PMAX, MU_PMIN, MU_QMAX, MU_QMIN, PC1, PC2, QC1MIN, QC1MAX, ...
    QC2MIN, QC2MAX, RAMP_AGC, RAMP_10, RAMP_30, RAMP_Q, APF] = idx_gen;
[CT_LABEL, CT_PROB, CT_TABLE, CT_TBUS, CT_TGEN, CT_TBRCH, CT_TAREABUS, ...
    CT_TAREAGEN, CT_TAREABRCH, CT_ROW, CT_COL, CT_CHGTYPE, CT_REP, ...
    CT_REL, CT_ADD, CT_NEWVAL, CT_TLOAD, CT_TAREALOAD, CT_LOAD_ALL_PQ, ...
    CT_LOAD_FIX_PQ, CT_LOAD_DIS_PQ, CT_LOAD_ALL_P, CT_LOAD_FIX_P, ...
    CT_LOAD_DIS_P, CT_TGENCOST, CT_TAREAGENCOST, CT_MODCOST_F, ...
    CT_MODCOST_X] = idx_ct;

windprofile = struct( ...
    'type', 'mpcData', ...
    'table', CT_TGEN, ...
    'rows', [1:45], ...
    'col', PMAX, ...
    'chgtype', 1, ...
    'values', [] );
windprofile.values(:,1,:) = [
	3.7467 50.6262 89.4708 104.2452 14.5918 32.4032 25.6032 12.2071 26.6422 28.6786 53.012 79.0835 119.0598 64.458 174.2824 65.6599 81.4669 86.3306 80.154 66.8771 8.5344 75.6075 72.3462 85.7875 100.0562 67.2546 8.7595 1119.0957 736.2325 736.2325 643.6042 107.588 267.1801 172.1417 202.0845 314.1259 1092.5569 256.8897 433.5792 268.0077 112.6361 359.4595 186.7252 238.6123 1103.9377;
	3.7525 50.7047 88.2208 103.2334 14.4014 31.6244 25.3411 11.4484 26.059 26.12 48.2825 72.028 108.4377 63.8201 177.7649 66.9719 83.0948 88.0557 82.7483 65.5363 8.447 73.7903 70.4316 85.1903 99.5533 65.1671 7.5404 1068.7082 737.2346 737.2346 622.2526 109.7107 275.8277 168.6906 200.0847 314.5534 1107.5668 248.3819 406.8836 266.6606 104.3242 350.8204 189.4205 238.4917 1119.1039;
	3.6778 49.6946 86.6756 85.058 14.5251 31.8914 24.0247 10.377 26.4609 26.0689 48.188 71.887 108.2254 59.8731 172.6411 65.0415 80.6997 85.5176 84.6017 67.1213 8.0082 74.4133 67.7218 85.6102 88.4543 64.3191 8.3944 1022.8089 725.5999 725.5999 593.3938 109.7699 282.0055 172.7705 187.7102 309.5893 1047.0136 234.3958 428.6152 236.9311 104.3792 353.7822 164.472 234.8756 1057.92;
	3.6763 49.6747 85.4296 88.9024 14.5666 32.8864 22.2226 11.701 26.3536 26.8559 49.6426 74.0571 111.4925 58.2469 176.5315 66.5072 82.5182 87.4447 83.988 69.7115 7.4075 76.735 64.6238 85.5814 87.2903 59.2922 7.9664 1043.0987 771.3156 771.3156 716.1692 112.992 279.9601 179.4376 182.6117 329.0947 1109.3993 253.329 405.1628 233.8132 111.362 364.8202 181.3109 228.3568 1120.9555;
	3.6761 49.6716 84.7687 80.5029 14.8159 31.9228 19.0326 10.2682 23.4808 27.4626 50.7643 75.7303 114.0116 62.2008 177.8479 67.0032 83.1336 88.0968 84.3971 68.5888 6.3442 74.4864 68.3596 89.0399 77.5346 57.1481 7.5759 1039.9782 765.6584 765.6584 709.2662 111.7044 281.3235 176.5477 195.0078 326.6809 1085.7432 246.3938 377.5632 207.6818 110.2946 354.1298 190.7197 217.0902 1097.053;
	3.7616 50.8276 81.3188 75.1106 14.6571 31.2549 17.8322 7.4477 25.5238 29.6869 54.8758 81.8638 123.2456 60.9444 168.963 63.6558 78.9804 83.6956 84.4602 67.8298 5.9441 72.9281 71.426 85.8953 58.5677 37.1001 5.4914 1092.0441 699.3129 699.3129 644.6639 99.5213 281.5342 174.5941 191.069 298.3735 1087.6255 219.2564 340.8121 156.8778 100.1703 346.7212 189.7357 174.4701 1098.9549;
	3.6082 48.7551 77.0557 67.2144 14.9759 30.4568 14.2856 6.4841 18.9759 30.2213 55.8636 83.3375 125.4642 66.2476 183.4419 69.1107 85.7484 90.8677 86.989 68.8565 4.7619 71.0659 73.2106 84.3659 56.6454 28.005 4.8253 1153.1926 699.5383 699.5383 540.4565 65.7592 289.9635 177.2367 207.6953 298.4697 1100.8633 203.3157 284.4695 151.7288 83.1379 337.8676 167.0187 128.0208 1112.3306;
	3.6829 49.7634 73.2237 68.7862 14.2843 30.1614 13.7191 5.6133 14.0068 25.0261 46.2604 69.0114 103.8963 64.2041 175.8251 66.2411 82.188 87.0947 85.9418 63.9302 4.573 70.3767 56.6054 84.6195 61.4981 20.22 3.7391 1213.4273 667.2878 667.2878 603.049 67.948 286.4728 164.5564 201.2886 284.7094 1102.6857 209.2985 223.066 164.7271 84.2218 334.591 150.2304 126.9097 1114.172;
	3.0771 41.5789 66.2554 64.4253 14.5986 23.3559 13.4469 4.2815 4.9281 21.8861 40.4561 60.3526 90.8605 65.2403 182.8006 68.8691 85.4486 90.5501 86.6708 67.261 4.4823 54.497 49.6042 85.4623 61.8798 13.559 2.8786 1180.2054 778.8785 778.8785 737.1944 92.1565 288.9028 173.1299 204.5372 332.3215 1119.6834 259.7509 221.3785 165.7494 52.5851 259.0944 135.5092 151.4584 1131.3467;
	2.7642 37.3498 56.6135 62.8874 15.0967 18.5183 18.587 2.1846 18.2889 19.6841 36.3858 54.2804 81.7189 66.9344 184.4347 69.4847 86.2125 91.3595 85.9499 68.0053 6.1957 43.2093 43.5593 75.3474 40.8527 6.7544 1.2099 1068.8868 744.5237 744.5237 688.8303 106.1544 286.4998 175.0457 209.8484 317.6635 1109.5372 242.5086 327.0755 109.4268 43.2342 205.4294 129.4945 130.8423 1121.0949;
	2.1745 29.3829 42.4955 45.0823 14.2976 14.1976 18.5283 1.3502 18.6268 17.2913 31.9628 47.6822 71.7853 66.8301 180.6738 68.0678 84.4545 89.4965 84.7012 71.3465 6.1761 33.1278 38.4386 55.7397 24.9863 5.4002 2.2207 1142.2204 771.6076 771.6076 701.1827 105.3822 282.3374 183.646 209.5213 329.2192 1124.968 236.9887 380.8704 66.9275 35.3445 157.4992 89.6648 89.0285 1136.6864;
	1.5299 20.6727 32.6089 29.0925 10.9285 10.8383 19.2092 1.5691 17.2916 17.3486 32.0686 47.8401 72.0229 66.1652 189.2631 71.3038 88.4695 93.7513 87.8857 71.9186 6.4031 25.2893 41.9943 44.8705 27.609 7.4493 4.9334 989.3828 720.6845 720.6845 657.9455 111.5059 292.9523 185.1185 207.437 307.4921 992.766 202.627 366.6218 73.9527 30.0827 120.2326 61.1079 76.5482 1003.1073;
	1.0914 14.7475 32.8897 29.405 9.2996 8.8216 19.6634 2.5163 16.7194 14.3806 26.5824 39.6557 59.7015 64.797 189.4282 71.366 88.5467 93.833 85.0225 70.9175 6.5545 20.5838 40.332 43.9523 29.2757 11.9063 2.7494 959.295 728.1889 728.1889 626.7971 104.2074 283.4084 182.5419 203.1474 310.6939 980.7048 212.6156 412.7351 78.4171 31.7327 97.8612 52.3526 54.4821 990.9205;
	0.8387 11.3323 27.8358 37.4343 8.3028 8.5494 14.3831 2.8429 15.0202 17.7534 32.8169 48.9564 73.7036 64.943 191.7278 72.2323 89.6216 94.9722 80.9188 70.9657 4.7944 19.9485 48.5192 43.3521 32.3604 12.5238 3.9174 918.4809 643.2059 643.2059 630.4709 97.4526 269.7293 182.6659 203.6051 274.4345 837.6827 210.5447 403.0752 86.6796 32.0724 94.8408 34.3103 58.547 846.4086;
	0.9134 12.3426 33.6324 112.2366 7.3368 9.6899 14.0318 2.4286 15.2821 18.0515 33.3679 49.7783 74.941 66.2019 184.8886 69.6557 86.4247 91.5844 70.2987 67.6459 4.6773 22.6098 53.533 56.1661 34.4972 9.6764 3.7599 827.043 620.6997 620.6997 589.1194 85.756 234.3291 174.1206 207.5519 264.8319 768.5061 208.2949 364.2285 92.4032 34.1848 107.4937 36.3699 57.5496 776.5114;
	0.9291 12.5536 25.6946 32.5189 7.2701 7.5979 6.0946 1.4915 9.9343 15.133 27.9731 41.7303 62.8248 62.4726 188.307 70.9436 88.0226 93.2776 75.3011 69.667 2.0315 17.7284 51.5987 47.988 27.1879 5.874 2.4232 819.4317 506.4344 506.4344 561.8211 83.4593 251.0036 179.3231 195.8601 216.0787 578.0849 201.5256 236.8472 72.8247 30.0774 84.2859 25.0092 36.0096 584.1067;
	0.4914 6.6405 35.0319 26.5335 5.2999 2.8856 4.3062 0.1155 11.6787 17.0589 31.5332 47.0413 70.8204 62.9483 176.0316 66.3189 82.2845 87.1971 73.0916 60.0288 1.4354 6.7331 51.4968 39.841 16.1322 6.4815 1.3653 741.2379 484.0487 484.0487 584.6727 79.0537 243.6387 154.5142 197.3514 206.5275 692.3709 198.0732 243.3545 43.2112 33.4619 32.0112 3.7573 28.1379 699.5831;
	0.9847 13.3054 3.3428 2.1793 1.8969 0.6087 10.8978 0.0 5.5907 20.2685 37.466 55.8919 84.1449 67.7336 137.1077 51.6545 64.0899 67.9161 73.9761 51.0912 3.6326 1.4203 65.92 35.9231 15.0726 2.041 1.3484 706.7855 502.8072 502.8072 621.8532 90.1899 246.5871 131.509 212.3541 214.5311 714.4182 205.6502 371.3882 40.3729 70.6792 6.7525 0.0 0.0888 721.86;
