function windprofile = ex_wind_profilesh1
%EX_WIND_PROFILE_D  Example wind_load_nyiso profile data for deterministic unit commitment.
% 2022.03.12
% Andres F. Ramirez


%% define constants
[GEN_BUS, PG, QG, QMAX, QMIN, VG, MBASE, GEN_STATUS, PMAX, PMIN, ...
    MU_PMAX, MU_PMIN, MU_QMAX, MU_QMIN, PC1, PC2, QC1MIN, QC1MAX, ...
    QC2MIN, QC2MAX, RAMP_AGC, RAMP_10, RAMP_30, RAMP_Q, APF] = idx_gen;
[CT_LABEL, CT_PROB, CT_TABLE, CT_TBUS, CT_TGEN, CT_TBRCH, CT_TAREABUS, ...
    CT_TAREAGEN, CT_TAREABRCH, CT_ROW, CT_COL, CT_CHGTYPE, CT_REP, ...
    CT_REL, CT_ADD, CT_NEWVAL, CT_TLOAD, CT_TAREALOAD, CT_LOAD_ALL_PQ, ...
    CT_LOAD_FIX_PQ, CT_LOAD_DIS_PQ, CT_LOAD_ALL_P, CT_LOAD_FIX_P, ...
    CT_LOAD_DIS_P, CT_TGENCOST, CT_TAREAGENCOST, CT_MODCOST_F, ...
    CT_MODCOST_X] = idx_ct;

windprofile = struct( ...
    'type', 'mpcData', ...
    'table', CT_TGEN, ...
    'rows', [1:45], ...
    'col', PMAX, ...
    'chgtype', 1, ...
    'values', [] );
windprofile.values(:,1,:) = [
	3.7078 50.1007 88.4026 101.4109 13.9816 29.952 28.3351 11.7057 25.826 23.7121 43.8314 65.3878 98.441 65.6645 194.3495 73.22 90.8471 96.2708 91.9994 68.1711 9.445 69.888 58.9867 79.9167 88.0621 62.0018 8.1879 1203.4591 759.0126 759.0126 749.2039 113.4896 306.6645 175.4725 205.867 323.8454 1104.6886 303.4259 444.333 235.8806 116.6366 332.2675 196.1081 233.9337 1116.1957;
	3.8349 51.8175 87.7045 102.2138 13.9648 30.0213 28.1441 10.8208 25.4295 19.8607 36.7122 54.7674 82.4521 65.4241 201.5184 75.9209 94.1981 99.8219 92.3683 70.3186 9.3814 70.0497 59.7962 75.4096 88.5379 60.0622 7.0173 1172.5291 762.3849 762.3849 758.0414 111.6403 307.8945 181.0003 205.1135 325.2842 1153.0941 281.4642 436.9167 237.1552 114.9486 333.0364 199.2787 247.3397 1165.1055;
	3.8017 51.3692 88.7094 95.5043 14.264 31.5044 25.586 10.7717 25.4766 23.1988 42.8826 63.9724 96.3101 65.3168 198.1836 74.6645 92.6393 98.17 91.6218 70.967 8.5287 73.5102 58.0599 82.5455 83.8548 61.0753 8.7571 1158.4122 750.9517 750.9517 729.8278 109.8382 305.4059 182.6694 204.777 320.4061 1095.6721 265.0248 440.2593 224.6112 114.7237 349.4885 188.9626 243.5322 1107.0854;
	3.7379 50.5073 85.2188 94.4946 14.1207 30.1696 22.7228 10.5553 24.963 22.0702 40.7963 60.8601 91.6246 64.3793 194.4088 73.2424 90.8748 96.3002 92.2277 69.7623 7.5743 70.3957 49.345 82.025 83.722 50.9057 7.5233 1092.561 749.8551 749.8551 712.2844 108.943 307.4257 179.5682 201.8377 319.9382 1079.2979 259.8985 427.8079 224.2553 113.8688 334.6815 189.5027 238.9295 1090.5406;
	3.7033 50.0392 82.8666 81.3661 14.6434 30.2444 18.1084 8.6169 18.8278 20.2563 37.4435 55.8583 84.0944 65.1866 193.5797 72.93 90.4872 95.8895 92.1726 68.8103 6.0361 70.5702 40.6798 82.2152 71.9057 34.8494 6.5252 1136.8339 748.8873 748.8873 708.716 107.0743 307.242 177.118 204.3688 319.5253 1067.5127 253.9223 370.2167 192.6047 112.8306 335.5109 198.5511 218.5811 1078.6327;
	3.6946 49.9216 80.0236 77.9308 14.3054 30.8616 16.4576 6.3763 21.1149 25.3829 46.9198 69.9951 105.3773 64.7818 186.8209 70.3837 87.3279 92.5415 89.7289 67.8865 5.4859 72.0103 51.7989 80.704 56.4484 27.507 4.5825 1124.9842 696.6652 696.6652 641.6475 95.1839 299.0962 174.7401 203.0998 297.2438 1076.8631 221.6281 334.1867 151.2011 101.4988 342.3575 189.0767 185.7732 1088.0805;
	3.4512 46.6338 73.3303 64.3987 14.9558 27.8786 14.466 5.9318 17.6732 25.6739 47.4579 70.7978 106.5857 67.7045 193.5011 72.9004 90.4505 95.8505 88.6565 69.7914 4.822 65.05 63.9517 81.7172 52.6665 23.3291 4.2456 1109.8096 679.5557 679.5557 553.2941 64.9933 295.5216 179.6433 212.2626 289.9438 1028.6543 198.9413 268.7892 141.0711 87.1474 309.2661 149.7105 141.5521 1039.3694;
	3.5078 47.3976 68.2956 64.0407 14.9209 26.2618 15.2759 5.4458 15.4274 21.6854 40.0852 59.7992 90.0273 68.233 189.7186 71.4754 88.6824 93.9769 91.0315 69.2834 5.092 61.2775 54.3872 81.9196 59.2007 19.4454 3.3725 1164.3459 681.4726 681.4726 618.8576 65.9767 303.4382 178.3357 213.9195 290.7616 1093.9048 197.3257 248.6785 158.5732 87.8038 291.3306 139.9911 144.6556 1105.2996;
	2.6236 35.4506 56.1973 56.1442 14.8284 20.3844 14.9917 4.1663 19.3388 19.2938 35.6644 53.2042 80.0987 66.3771 189.1336 71.255 88.4089 93.6871 89.8525 70.9466 4.9972 47.5635 50.5215 81.9395 58.6893 13.4832 2.6055 1127.4078 758.2533 758.2533 725.8888 86.471 299.5083 182.6166 208.1013 323.5214 1002.4164 224.5144 236.6298 157.2036 64.3227 226.1306 128.422 156.1284 1012.8582;
	2.4035 32.4767 42.6167 51.3444 14.6906 14.9261 19.3974 1.6924 20.903 8.9015 16.4542 24.5464 36.9545 66.1642 181.1128 68.2332 84.6597 89.714 91.8194 70.0514 6.4658 34.8277 37.5717 61.2705 30.9133 3.6297 0.578 1008.4589 731.694 731.694 722.6377 100.4377 306.0647 180.3125 207.4336 312.1894 967.1571 222.5173 366.254 82.8036 49.6004 165.5807 119.5112 121.0328 977.2316;
	1.9651 26.553 33.0411 35.1043 14.0188 12.6665 18.071 0.971 17.5116 3.6876 6.8164 10.1687 15.3089 63.7395 176.9393 66.6609 82.7088 87.6467 89.8531 72.0609 6.0237 29.5553 11.293 50.8893 22.2595 3.2329 0.579 983.0038 717.3397 717.3397 657.5577 91.7848 299.5104 185.485 199.8318 306.0649 915.1957 210.8008 383.0928 59.6236 39.5507 140.5142 85.427 98.0098 924.7289;
	1.3117 17.7241 24.6523 16.4823 10.13 8.31 18.8187 0.6411 17.3974 4.2164 7.794 11.6271 17.5045 66.8522 174.8446 65.8717 81.7297 86.6091 87.8201 68.518 6.2729 19.3901 30.4199 30.6458 17.6754 5.4799 0.6047 909.7793 690.895 690.895 679.6108 92.475 292.7336 176.3655 209.5906 294.7819 931.8803 189.0509 376.4698 47.3448 29.5916 92.1861 60.0478 66.0678 941.5874;
	0.9869 13.3354 24.0262 23.5801 9.1053 6.6109 17.7073 1.8347 14.4891 2.225 4.113 6.1357 9.2373 66.1074 168.3916 63.4405 78.7133 83.4126 86.477 65.45 5.9024 15.4255 35.8414 32.4026 22.0454 10.1344 2.2479 847.4562 701.6509 701.6509 667.2698 93.0847 288.2567 168.4684 207.2557 299.3711 924.3686 198.0883 399.7435 59.0501 29.7113 73.3374 47.0519 42.5362 933.9975;
	0.8287 11.1975 22.1498 28.2164 8.0041 7.5269 12.9132 1.7231 11.1477 13.1254 24.2621 36.1942 54.4902 67.8518 174.9707 65.9192 81.7886 86.6716 84.2288 67.9158 4.3044 17.5628 45.9934 31.8805 22.9027 8.1122 2.5 903.8741 672.9032 672.9032 682.6617 83.597 280.7626 174.8155 212.7247 287.1054 798.6391 197.293 365.3677 61.3465 22.2976 83.4985 39.1119 50.3067 806.9583;
	0.7906 10.6834 22.594 0.0597 6.3956 7.9603 10.6774 1.5926 8.8509 5.1829 9.5805 14.2922 21.5168 66.2742 165.8045 62.4659 77.504 82.1311 77.886 66.3686 3.5591 18.574 39.8123 44.1677 23.5671 4.2994 2.8832 870.0967 619.2637 619.2637 597.685 68.2758 259.6198 170.833 207.7787 264.2192 717.3471 192.4371 299.5906 63.1261 28.7213 88.306 37.0179 50.0761 724.8194;
	0.8618 11.6447 17.2221 23.9245 6.9677 0.0036 5.3938 0.4595 7.7266 5.2537 9.7114 14.4874 21.8107 64.407 158.8632 59.8508 74.2593 78.6927 76.5752 63.6033 1.7979 0.0083 29.5897 40.2274 20.6214 1.8155 1.5136 809.2662 503.6875 503.6875 517.5346 70.6393 255.2505 163.7152 201.9247 214.9066 554.0321 182.5798 209.6361 55.236 31.5237 0.0394 26.1701 13.9092 559.8033;
	0.4669 6.3087 4.8704 9.3062 6.5168 0.0035 3.7803 0.7447 10.8763 16.9339 31.302 46.6964 70.3012 62.7625 158.8036 59.8283 74.2315 78.6632 78.8336 58.6801 1.2601 0.0082 49.488 41.6168 14.9151 3.4187 1.5413 771.0069 479.8061 479.8061 553.3036 73.5455 262.7788 151.0427 196.7689 204.7173 675.3093 183.6242 233.2334 39.9511 37.9356 0.039 26.806 0.0926 682.3437;
	1.0025 13.5457 1.3955 2.8577 2.6847 0.0 3.3391 0.0708 0.0 18.733 34.6277 51.6577 77.7703 64.8705 124.9599 47.0779 58.4115 61.8987 82.9532 53.0446 1.113 0.0 57.2595 36.0968 13.8462 0.0 0.9939 696.0262 499.1719 499.1719 624.0576 72.7628 276.5106 136.5369 203.3778 212.98 689.5202 196.3548 352.6951 37.088 69.5256 0.0 8.1161 0.002 696.7027;
	0.4984 6.7344 24.3912 40.3352 9.4311 0.7279 4.6583 1.7152 2.8309 22.521 41.6297 62.1033 93.4962 60.4322 102.5581 38.6382 47.94 50.802 4.641 58.1886 1.5528 1.6984 69.2673 47.7918 21.3827 6.9501 1.1348 680.3051 441.7514 441.7514 617.7006 74.4722 15.4701 149.7775 189.4632 188.4806 607.1532 186.933 375.2979 57.275 87.5657 8.0748 20.5679 0.4842 613.4777;
