function loadprofile = ex_load_profilesh1
%EX_LOAD_PROFILE  Example load profile data file for stochastic unit commitment.
% 2022.03.12
% Andres F. Ramirez

%% define constants
[CT_LABEL, CT_PROB, CT_TABLE, CT_TBUS, CT_TGEN, CT_TBRCH, CT_TAREABUS, ...
    CT_TAREAGEN, CT_TAREABRCH, CT_ROW, CT_COL, CT_CHGTYPE, CT_REP, ...
    CT_REL, CT_ADD, CT_NEWVAL, CT_TLOAD, CT_TAREALOAD, CT_LOAD_ALL_PQ, ...
    CT_LOAD_FIX_PQ, CT_LOAD_DIS_PQ, CT_LOAD_ALL_P, CT_LOAD_FIX_P, ...
    CT_LOAD_DIS_P, CT_TGENCOST, CT_TAREAGENCOST, CT_MODCOST_F, ...
    CT_MODCOST_X] = idx_ct;

loadprofile = struct( ...
    'type', 'mpcData', ...
    'table', CT_TAREALOAD, ...
    'rows', [1:11], ...
    'col', CT_LOAD_ALL_P, ...
    'chgtype', 1, ...
    'values', [] );
loadprofile.values(:,1,:) = [
	1546.7843 939.4471 1643.4929 587.5635 830.1407 1171.5716 893.3189 258.5213 527.8848 4479.9815 1710.3732;
	1541.2 947.5396 1643.9451 588.4919 824.9 1167.9272 887.9282 251.8087 515.3976 4428.6705 1680.3392;
	1538.4507 950.6801 1649.5389 600.0606 814.7995 1191.1524 888.5656 259.9841 528.2112 4433.7 1694.2443;
	1608.3949 1032.921 1760.09 608.8264 899.7112 1250.5063 951.0 279.4211 558.2837 4720.8871 1824.8751;
	1711.1743 1126.811 1944.9007 629.7 1012.9767 1374.0456 1026.7438 312.0947 629.1 5296.8753 2064.8284;
	1816.3833 1178.3828 2056.2249 650.9405 1084.3 1425.0914 1070.3997 340.1985 678.8 5858.1418 2200.2536;
	1877.6646 1209.903 2073.5699 658.818 1059.1 1425.6 1064.6338 329.7767 684.4695 6154.5491 2204.8051;
	1884.7011 1232.8722 2101.7825 642.4037 1062.6831 1442.553 1098.3369 323.6731 687.0251 6248.6388 2212.3916;
	1881.211 1244.3 2125.2009 636.4164 1059.6 1515.7 1085.4121 330.2 711.8834 6404.858 2140.1222;
	1829.6693 1228.0343 2085.9533 631.2073 993.9984 1483.9775 1059.5882 326.9304 695.4311 6345.1586 2037.5102;
	1821.334 1215.4003 2063.157 620.6717 981.7832 1415.5434 1054.3875 321.8858 698.0332 6366.5904 2014.9824;
	1751.6826 1163.2075 2058.0 618.9785 963.9823 1372.7414 1040.3717 302.9208 694.155 6286.5145 1992.5247;
	1793.5682 1190.7781 2047.8551 624.5877 959.4334 1387.6022 1045.5472 318.5574 687.1324 6253.941 2052.8341;
	1765.7 1207.4972 2058.5391 635.7421 969.2365 1373.8358 1061.5 316.7791 684.8037 6252.9678 2110.8207;
	1744.912 1227.5295 2077.8557 640.0346 1000.5 1399.8798 1064.8099 324.9532 693.7231 6193.4814 2172.0527;
	1764.1154 1223.9969 2113.4338 644.9792 1034.5 1439.2764 1102.3 342.7144 705.1389 6318.2407 2306.602;
	1812.3965 1265.7302 2136.1972 653.6828 1093.6974 1479.8 1131.9214 348.122 731.8347 6214.5668 2438.8697;
	1871.3111 1265.0222 2178.7032 665.5756 1124.8525 1514.9 1147.9426 371.3766 791.142 6279.7597 2526.7232;
	1899.7847 1278.6551 2156.959 675.7885 1090.6308 1533.5206 1176.7963 349.6273 762.9846 6253.6322 2497.7004;
	1845.6 1178.8257 2003.5546 653.9293 973.463 1411.4172 1100.7 342.0824 712.8 5991.8194 2373.3208;
	1755.7943 1123.4389 1901.7116 629.6882 926.6495 1330.9357 1056.0871 318.4501 663.3828 5753.0859 2208.6116;
	1637.7408 1039.9388 1779.2 618.2637 884.2302 1264.7 994.9153 311.3381 612.1476 5338.4765 2023.2653;
	1515.4342 968.0113 1663.7127 601.9827 852.3876 1190.4 933.1479 283.8373 573.1 4883.5753 1887.3103;
	1532.5179 976.0923 1680.9184 593.7221 847.6183 1162.5794 921.6127 269.3662 557.7645 4587.0712 1809.5451;
];
