function windprofile = ex_wind_profilesh1
%EX_WIND_PROFILE_D  Example wind_load_nyiso profile data for deterministic unit commitment.
% 2022.03.12
% Andres F. Ramirez


%% define constants
[GEN_BUS, PG, QG, QMAX, QMIN, VG, MBASE, GEN_STATUS, PMAX, PMIN, ...
    MU_PMAX, MU_PMIN, MU_QMAX, MU_QMIN, PC1, PC2, QC1MIN, QC1MAX, ...
    QC2MIN, QC2MAX, RAMP_AGC, RAMP_10, RAMP_30, RAMP_Q, APF] = idx_gen;
[CT_LABEL, CT_PROB, CT_TABLE, CT_TBUS, CT_TGEN, CT_TBRCH, CT_TAREABUS, ...
    CT_TAREAGEN, CT_TAREABRCH, CT_ROW, CT_COL, CT_CHGTYPE, CT_REP, ...
    CT_REL, CT_ADD, CT_NEWVAL, CT_TLOAD, CT_TAREALOAD, CT_LOAD_ALL_PQ, ...
    CT_LOAD_FIX_PQ, CT_LOAD_DIS_PQ, CT_LOAD_ALL_P, CT_LOAD_FIX_P, ...
    CT_LOAD_DIS_P, CT_TGENCOST, CT_TAREAGENCOST, CT_MODCOST_F, ...
    CT_MODCOST_X] = idx_ct;

windprofile = struct( ...
    'type', 'mpcData', ...
    'table', CT_TGEN, ...
    'rows', [1:45], ...
    'col', PMAX, ...
    'chgtype', 1, ...
    'values', [] );
windprofile.values(:,1,:) = [
	3.6492 49.3081 92.7245 105.3921 14.6321 31.9412 28.9117 11.1893 28.2581 29.023 53.6485 80.033 120.4893 68.6011 180.9625 68.1766 84.5894 89.6396 89.0071 70.0718 9.6372 74.5296 71.7302 88.0113 102.2475 65.0646 8.1894 1244.297 811.5784 811.5784 805.101 114.2883 296.6902 180.3649 215.0736 346.2735 1224.4294 307.2261 457.498 273.8773 118.45 354.3349 180.7227 256.7415 1237.1839;
	3.5755 48.3124 88.1736 100.4944 14.3787 32.6518 28.6323 9.467 28.1602 27.4906 50.816 75.8075 114.1277 68.2211 186.7462 70.3555 87.293 92.5045 88.3808 70.0059 9.5441 76.1875 73.1997 83.4976 97.6751 59.1942 7.4054 1241.7283 814.0111 814.0111 810.7496 113.2805 294.6028 180.1954 213.8825 347.3114 1245.8924 278.1483 455.1196 261.6297 116.6388 362.2171 187.7871 252.5598 1258.8705;
	3.4822 47.0527 86.8525 82.3939 14.2775 32.0984 25.9805 8.446 27.4881 27.9372 51.6415 77.039 115.9818 66.7131 186.3585 70.2095 87.1117 92.3124 85.1773 67.4727 8.6602 74.8962 71.3087 80.2556 81.146 54.3396 7.9871 1214.6589 771.8399 771.8399 775.9929 108.8812 283.9244 173.6749 209.1545 329.3184 1157.2005 263.6338 449.5458 217.3553 118.2329 356.0778 157.1775 260.8821 1169.2547;
	3.6068 48.7362 87.4222 93.4356 14.9318 32.9056 22.3575 10.0396 27.1622 27.4153 50.6768 75.5999 113.8152 64.0611 187.8198 70.76 87.7948 93.0363 85.6588 67.1917 7.4525 76.7797 70.6789 83.7214 83.8697 53.6832 7.9271 1187.4101 787.7491 787.7491 773.7085 107.2364 285.5294 172.9515 200.8402 336.1063 1139.2779 267.1308 436.0793 224.651 112.437 365.0324 170.8264 260.5967 1151.1454;
	3.5358 47.7763 85.6244 79.4284 14.7831 32.2001 18.6117 9.1876 23.3939 26.9662 49.8465 74.3612 111.9504 63.919 187.7447 70.7317 87.7597 92.9991 86.1991 67.4367 6.2039 75.1336 71.0522 85.5225 73.0687 48.0333 7.4349 1197.0955 752.3709 752.3709 738.1477 98.4839 287.3304 173.5822 200.3947 321.0116 1075.9274 253.0581 384.212 195.7196 113.0118 357.2065 170.4134 240.2842 1087.135;
	3.4268 46.3038 80.8084 59.606 14.2377 28.8364 16.005 6.7917 23.1889 26.0927 48.232 71.9527 108.3243 61.0496 171.9985 64.7994 80.3993 85.1993 83.7485 63.0788 5.335 67.285 69.5356 81.6937 53.5955 30.3742 5.5713 1186.633 694.8535 694.8535 654.6956 94.1699 279.1616 162.3651 191.3987 296.4708 1078.2788 225.869 323.6453 143.5592 103.4481 319.892 147.8601 190.0727 1089.5109;
	2.9478 39.8315 70.8936 52.1061 14.111 27.1397 11.9393 5.4714 11.7818 24.9005 46.0282 68.665 103.3748 61.7232 184.6429 69.5631 86.3098 91.4627 84.7755 68.6287 3.9798 63.326 69.2446 79.3275 48.1789 21.4596 4.4137 1150.0981 608.4531 608.4531 538.562 65.732 282.5852 176.6504 193.5107 259.6067 948.8803 196.9262 218.3403 129.0506 85.3799 301.0698 131.748 135.5812 958.7644;
	3.4815 47.0426 72.0842 64.3676 14.7112 27.3636 13.7684 5.3717 13.9697 22.3645 41.3405 61.6719 92.8466 63.0028 188.6215 71.062 88.1696 93.4334 85.6211 69.5417 4.5895 63.8483 60.4864 84.1476 58.1473 17.9571 3.5978 1199.6073 660.7383 660.7383 608.4564 69.0877 285.4035 179.0006 197.5224 281.915 1048.2014 212.1004 224.3504 155.7517 86.4909 303.553 135.7167 140.3034 1059.1202;
	2.6349 35.6032 57.234 52.3023 14.0581 21.6327 13.3014 2.1498 13.1385 18.2302 33.6982 50.271 75.6828 63.8241 176.0084 66.3101 82.2737 87.1856 84.5563 66.1034 4.4338 50.4764 48.1388 80.3708 51.2628 4.4208 0.7093 1173.5645 749.7343 749.7343 719.8715 94.6489 281.8544 170.1503 200.0971 319.8867 1076.7453 246.3662 214.3429 137.311 54.8605 239.9792 119.1762 138.0576 1087.9614;
	2.012 27.1864 48.5394 53.6417 14.141 14.8423 16.3675 1.6655 7.7818 17.3909 32.1468 47.9568 72.1986 61.2795 173.7098 65.4442 81.1992 86.047 85.2648 66.6773 5.4558 34.632 42.3382 66.5304 27.578 1.3822 0.9624 1126.0969 715.2516 715.2516 688.716 114.0252 284.2158 171.6275 192.1194 305.174 1089.3654 221.9645 298.698 73.8695 39.7991 164.6506 114.8802 117.2598 1100.713;
	1.7094 23.0983 34.7743 41.2781 13.5892 11.9582 16.5165 0.8887 16.5317 16.7095 30.8873 46.0777 69.3698 63.0565 176.9069 66.6486 82.6937 87.6306 88.433 71.1829 5.5055 27.9024 36.811 50.4516 17.5135 1.782 0.8392 1163.5875 753.1465 753.1465 701.1742 110.93 294.7766 183.2249 197.6907 321.3425 1104.7542 219.0187 348.7697 46.9113 30.7827 132.6558 81.5432 82.3158 1116.262;
	0.0203 0.2747 24.9576 24.4942 9.5521 5.9498 17.546 0.8167 15.6678 15.7717 29.1537 43.4915 65.4763 62.6714 173.2437 65.2686 80.9814 85.8161 87.3981 69.1891 5.8487 13.8829 40.4627 33.6446 12.3313 3.3511 0.627 994.9431 680.1534 680.1534 633.8215 109.6966 291.327 178.0929 196.4832 290.1988 998.3878 194.8182 383.4354 33.0302 7.7907 66.0032 48.8903 70.9746 1008.7877;
	0.5886 7.9533 23.8791 22.787 8.3349 3.515 16.5726 1.3604 14.2479 13.4906 24.9371 37.2012 56.0063 59.2841 182.0995 68.6049 85.1209 90.2028 86.1408 71.1003 5.5242 8.2016 39.8348 13.9043 9.8191 3.0082 1.7562 961.3495 700.1034 700.1034 618.6224 98.2336 287.1361 183.0124 185.8636 298.7108 969.8587 203.34 400.691 26.301 9.5273 38.9926 33.1311 45.7766 979.9614;
	0.7601 10.2705 23.3518 30.7912 7.8723 6.5356 12.9071 2.112 12.6135 17.4556 32.2664 48.1352 72.4672 58.6539 181.237 68.28 84.7177 89.7755 85.2203 69.4815 4.3024 15.2497 50.9867 29.209 17.8519 3.0455 3.3807 935.5916 663.2632 663.2632 627.9775 97.571 284.0676 178.8456 183.888 282.9923 849.036 198.6703 390.754 47.8176 15.4401 72.5015 32.0492 55.0378 857.8801;
	0.5379 7.2689 19.9748 0.0 6.0254 0.0165 9.605 1.3596 3.6069 15.0946 27.9022 41.6246 62.6656 55.6859 177.0241 66.6928 82.7485 87.6887 77.5148 69.2302 3.2017 0.0384 55.0392 34.7728 9.5816 2.5793 2.4962 860.3935 592.7137 592.7137 608.1199 86.0246 258.3826 178.1987 174.5828 252.8912 747.7328 196.6235 299.3571 25.6649 19.1108 0.1828 14.5471 50.1458 755.5216;
	0.7857 10.6166 10.784 20.3728 6.1592 0.0 4.9178 0.3216 0.0 13.3647 24.7045 36.8542 55.4838 61.4463 176.175 66.3729 82.3516 87.2681 74.5794 65.8561 1.6393 0.0 48.0159 3.3041 0.0 0.0 0.5973 873.4897 498.2239 498.2239 501.0433 85.8769 248.598 169.5138 192.6424 212.5755 586.4202 187.4234 212.2347 0.0 9.8207 0.0 0.0 14.1313 592.5287;
	0.4316 5.8314 0.0671 0.0 5.3728 0.0 3.4734 0.0004 5.2626 17.067 31.548 47.0635 70.8538 62.9993 172.3185 64.92 80.5489 85.3578 77.84 62.8162 1.1578 0.0 50.1987 28.7404 6.2404 3.3304 1.2311 781.4305 506.4058 506.4058 560.2015 81.5019 259.4665 161.689 197.5115 216.0665 682.4727 188.8133 226.0613 16.7153 29.2551 0.0 0.0 7.4414 689.5818;
	1.0717 14.4812 0.1211 0.0 2.24 0.0 5.4717 0.0 2.4543 21.1996 39.1871 58.4594 88.0103 66.6634 144.0146 54.2567 67.3185 71.3375 82.5512 53.7054 1.8239 0.0 67.0008 23.5595 6.4642 1.2898 1.382 758.5203 550.5127 550.5127 622.961 87.8244 275.1708 138.2377 208.9987 234.8854 749.409 205.8649 352.6621 17.3148 67.3534 0.0 0.0004 22.2587 757.2153;
	0.499 6.742 22.4657 36.6711 0.1743 0.0007 3.7926 0.8646 0.2244 22.5536 41.6901 62.1934 93.6318 64.4349 130.0201 48.9843 60.7769 64.4053 15.8251 65.2852 1.2642 0.0017 67.0969 43.6535 15.7192 5.4855 1.8844 845.5343 505.3658 505.3658 631.4176 84.8864 52.7503 168.0441 202.0122 215.6228 726.7571 194.2496 339.9294 42.1051 76.6504 0.0079 4.1275 73.161 734.3275;
