function loadprofile = ex_load_profilesh1
%EX_LOAD_PROFILE  Example load profile data file for stochastic unit commitment.
% 2022.03.12
% Andres F. Ramirez

%% define constants
[CT_LABEL, CT_PROB, CT_TABLE, CT_TBUS, CT_TGEN, CT_TBRCH, CT_TAREABUS, ...
    CT_TAREAGEN, CT_TAREABRCH, CT_ROW, CT_COL, CT_CHGTYPE, CT_REP, ...
    CT_REL, CT_ADD, CT_NEWVAL, CT_TLOAD, CT_TAREALOAD, CT_LOAD_ALL_PQ, ...
    CT_LOAD_FIX_PQ, CT_LOAD_DIS_PQ, CT_LOAD_ALL_P, CT_LOAD_FIX_P, ...
    CT_LOAD_DIS_P, CT_TGENCOST, CT_TAREAGENCOST, CT_MODCOST_F, ...
    CT_MODCOST_X] = idx_ct;

loadprofile = struct( ...
    'type', 'mpcData', ...
    'table', CT_TAREALOAD, ...
    'rows', [1:11], ...
    'col', CT_LOAD_ALL_P, ...
    'chgtype', 1, ...
    'values', [] );
loadprofile.values(:,1,:) = [
	1561.8778 932.9068 1630.6614 583.2252 764.844 1112.3868 829.4056 257.1698 485.8722 4368.2341 1691.8912;
	1556.9479 947.251 1625.3701 580.8337 790.2499 1118.4 831.9127 259.409 487.1 4335.3108 1660.8646;
	1545.9067 957.1549 1654.7 591.8 794.2367 1133.0758 837.2112 259.6133 499.012 4375.1556 1699.7;
	1602.2912 1008.6117 1729.2809 606.1441 809.6302 1208.6744 886.817 274.3428 541.0 4535.3276 1823.6;
	1747.2451 1138.8369 1940.0367 629.7047 926.2315 1357.9035 1001.7 292.916 616.5 5132.4844 2051.5742;
	1881.1736 1225.2402 2078.3 636.0 1028.5168 1479.8915 1086.9 337.0372 679.4597 5759.5878 2204.45;
	1858.4153 1194.7372 2007.1995 627.9118 1026.0323 1491.1593 1115.5182 354.6954 702.3 6143.1454 2251.9712;
	1869.1808 1201.8095 2024.2661 626.7577 1004.9877 1487.6174 1112.3829 355.2952 708.3 6166.2388 2220.205;
	1894.2936 1219.8849 2006.76 615.358 991.6155 1467.7383 1129.6902 371.9419 715.7 6372.5875 2244.504;
	1880.009 1214.4762 1951.5683 600.8512 965.9697 1461.121 1111.449 364.1 713.0573 6259.309 2165.48;
	1809.869 1191.0 1928.5171 589.4662 935.77 1405.8826 1024.7 344.0296 678.358 5753.6632 1963.6891;
	1833.3349 1183.5672 1905.5942 583.958 929.585 1449.5035 1086.4176 348.092 676.1699 5705.4895 1956.278;
	1815.5481 1166.288 1880.4022 581.4 922.5759 1370.9112 1036.5925 367.5986 676.4886 5684.5564 2013.1229;
	1767.4502 1141.0219 1850.2669 578.0878 913.6813 1376.0742 1039.3 353.4842 655.7064 5672.2495 1976.8203;
	1834.7619 1169.9576 1866.0736 586.4472 924.2 1440.0036 1100.0247 363.9345 671.6282 5982.1367 2146.2944;
	1840.9326 1184.1157 1907.025 587.8 972.8887 1482.3451 1101.5244 374.7462 681.7 5947.1847 2247.9841;
	1868.8 1177.7777 1910.1381 616.6636 983.6362 1498.5823 1134.1478 392.4006 692.8394 6019.9781 2363.6373;
	1919.3 1260.2732 2069.1524 639.5 1063.4224 1612.5918 1224.6 420.3931 752.0529 6083.8363 2526.4143;
	1932.0447 1273.8825 2079.7569 634.8139 1053.4056 1588.6626 1217.7881 413.0361 743.5055 6110.4526 2465.1804;
	1870.8228 1219.763 2019.0463 609.5 1043.9073 1509.1781 1156.97 388.0097 702.2 5743.8763 2317.7993;
	1810.7323 1135.4 1874.1781 573.4 956.8553 1373.4545 1073.2 361.4658 652.9715 5307.1818 2078.9933;
	1685.3693 1062.6231 1760.6544 575.4794 888.8868 1280.2425 981.0981 293.0677 588.2872 4997.2628 1765.8668;
	1587.1406 991.8382 1644.0434 572.2944 811.4029 1211.2622 935.9603 293.2 564.3 4984.3962 1812.9359;
	1537.6737 955.1241 1606.6 587.3614 796.2733 1194.5 888.7731 286.4637 532.8018 4676.2553 1727.1969;
];
