function loadprofile = ex_load_profilesh1
%EX_LOAD_PROFILE  Example load profile data file for stochastic unit commitment.
% 2022.03.12
% Andres F. Ramirez

%% define constants
[CT_LABEL, CT_PROB, CT_TABLE, CT_TBUS, CT_TGEN, CT_TBRCH, CT_TAREABUS, ...
    CT_TAREAGEN, CT_TAREABRCH, CT_ROW, CT_COL, CT_CHGTYPE, CT_REP, ...
    CT_REL, CT_ADD, CT_NEWVAL, CT_TLOAD, CT_TAREALOAD, CT_LOAD_ALL_PQ, ...
    CT_LOAD_FIX_PQ, CT_LOAD_DIS_PQ, CT_LOAD_ALL_P, CT_LOAD_FIX_P, ...
    CT_LOAD_DIS_P, CT_TGENCOST, CT_TAREAGENCOST, CT_MODCOST_F, ...
    CT_MODCOST_X] = idx_ct;

loadprofile = struct( ...
    'type', 'mpcData', ...
    'table', CT_TAREALOAD, ...
    'rows', [1:11], ...
    'col', CT_LOAD_ALL_P, ...
    'chgtype', 1, ...
    'values', [] );
loadprofile.values(:,1,:) = [
	1486.2776 939.5021 1641.4219 578.8443 838.1923 1176.0484 893.5 287.0 429.0199 4454.6053 1658.5315;
	1507.8194 943.8495 1669.0535 584.143 850.8546 1207.6502 905.6444 297.4899 457.3073 4469.0983 1677.541;
	1492.301 963.2 1713.07 575.3432 871.633 1228.9775 923.36 303.6192 461.004 4552.9579 1729.2511;
	1555.7089 1027.8275 1833.5465 586.3806 924.5 1299.0337 990.1718 333.795 518.5174 4817.0367 1859.9623;
	1689.882 1124.2686 1981.7 631.0248 1008.8561 1455.7098 1088.7152 355.657 577.7523 5329.0031 2061.7569;
	1786.654 1228.2 2120.2842 653.5611 1089.2505 1547.0903 1174.5566 393.1323 650.395 5960.5282 2206.5069;
	1872.7145 1238.7 2129.7214 635.2467 1090.6815 1561.95 1192.0901 390.3775 633.088 6224.0864 2179.099;
	1854.8916 1236.4267 2089.3625 650.3255 1124.4785 1544.2889 1188.3936 378.115 647.6126 6473.0031 2099.273;
	1883.8455 1221.2116 2108.6393 632.9 1124.6608 1553.5894 1241.0286 382.7538 680.9613 6639.4643 2084.3812;
	1802.4599 1201.301 2093.7671 629.6778 1106.5139 1528.4246 1167.6309 372.0165 645.3785 6458.6 1901.5878;
	1794.6551 1219.8057 2070.0688 622.6448 1095.8461 1507.2835 1165.3925 358.9 651.9 6475.1881 1893.7062;
	1857.7828 1232.4782 2094.8024 634.8481 1094.6588 1498.4327 1176.9892 355.7001 632.4937 6435.3325 1846.9895;
	1810.2574 1191.8611 2071.0706 634.5295 1060.6632 1469.828 1126.6852 340.1909 569.8496 6342.7392 1799.278;
	1790.1078 1184.1 2091.417 632.4635 1066.2748 1441.7109 1179.3125 349.5725 603.3877 6376.2273 1858.6412;
	1800.6198 1175.4799 2107.0658 638.3654 1109.4828 1458.244 1210.5992 353.1 588.8791 6514.1251 2117.4438;
	1822.3794 1194.7991 2093.1325 654.5622 1098.0 1488.3456 1251.0819 367.7 632.3023 6471.7986 2247.8213;
	1801.8195 1196.9199 2113.5978 661.2602 1128.7496 1567.4311 1288.8253 389.0 646.9235 6352.1 2310.4015;
	1874.7265 1247.0067 2161.6201 652.8783 1169.6692 1567.3 1286.8397 404.9461 699.098 6431.9074 2480.9669;
	1889.1048 1242.2012 2140.0282 662.292 1204.8158 1561.3853 1250.3008 391.1544 691.5996 6297.5525 2430.493;
	1849.6 1215.6 2089.6543 651.4089 1125.0833 1514.0352 1210.3921 394.5375 652.1058 6184.7254 2352.2607;
	1727.9716 1117.1283 1906.3883 625.1076 1032.4408 1364.0 1118.0527 355.6 594.2985 5774.2352 2144.1835;
	1611.9645 1020.4676 1777.0 605.1328 935.5006 1277.1039 1030.5768 324.4697 563.4405 5331.9895 1909.6894;
	1554.6357 954.1403 1694.9566 605.1453 891.9726 1204.3194 952.6 308.3683 525.2543 4870.8337 1712.3301;
	1490.7647 906.2065 1661.3678 592.0274 844.2486 1208.5872 938.0619 296.1331 504.9543 4740.3836 1763.435;
];
