function windprofile = ex_wind_profilesh1
%EX_WIND_PROFILE_D  Example wind_load_nyiso profile data for deterministic unit commitment.
% 2022.03.12
% Andres F. Ramirez


%% define constants
[GEN_BUS, PG, QG, QMAX, QMIN, VG, MBASE, GEN_STATUS, PMAX, PMIN, ...
    MU_PMAX, MU_PMIN, MU_QMAX, MU_QMIN, PC1, PC2, QC1MIN, QC1MAX, ...
    QC2MIN, QC2MAX, RAMP_AGC, RAMP_10, RAMP_30, RAMP_Q, APF] = idx_gen;
[CT_LABEL, CT_PROB, CT_TABLE, CT_TBUS, CT_TGEN, CT_TBRCH, CT_TAREABUS, ...
    CT_TAREAGEN, CT_TAREABRCH, CT_ROW, CT_COL, CT_CHGTYPE, CT_REP, ...
    CT_REL, CT_ADD, CT_NEWVAL, CT_TLOAD, CT_TAREALOAD, CT_LOAD_ALL_PQ, ...
    CT_LOAD_FIX_PQ, CT_LOAD_DIS_PQ, CT_LOAD_ALL_P, CT_LOAD_FIX_P, ...
    CT_LOAD_DIS_P, CT_TGENCOST, CT_TAREAGENCOST, CT_MODCOST_F, ...
    CT_MODCOST_X] = idx_ct;

windprofile = struct( ...
    'type', 'mpcData', ...
    'table', CT_TGEN, ...
    'rows', [1:45], ...
    'col', PMAX, ...
    'chgtype', 1, ...
    'values', [] );
windprofile.values(:,1,:) = [
	3.6163 48.8639 89.3888 110.5213 14.5808 33.3665 27.9608 11.1492 27.2745 28.5083 52.6971 78.6137 118.3525 66.5505 189.1132 71.2473 88.3994 93.677 91.6421 67.554 9.3203 77.8552 72.8814 84.6412 95.9774 55.8873 9.2468 1195.791 753.4903 753.4903 743.3799 118.4366 305.4738 173.8841 208.6447 321.4892 1166.4859 304.4881 458.945 257.0822 110.2585 370.1461 192.8968 236.6731 1178.6368;
	3.6654 49.528 87.8988 110.6748 14.5806 32.8221 28.0721 10.3029 27.5175 25.758 47.6133 71.0296 106.9347 65.9273 196.0407 73.8572 91.6376 97.1085 92.8295 69.6014 9.3574 76.5849 69.0629 86.1118 97.9743 55.8845 8.2052 1215.9668 780.5301 780.5301 755.9314 119.0644 309.4317 179.1543 206.691 333.0262 1262.2456 287.4739 447.5251 262.4313 109.8138 364.1065 197.807 245.9055 1275.3939;
	3.6779 49.6962 85.9677 98.9065 14.3984 33.629 25.773 9.592 27.5399 24.3567 45.023 67.1655 101.1173 63.9956 187.0726 70.4785 87.4456 92.6662 92.5995 67.2946 8.591 78.4677 59.8055 86.5327 89.9796 51.5538 8.9019 1237.1801 792.8773 792.8773 804.4399 121.9883 308.665 173.2166 200.6349 338.2943 1252.691 297.3389 444.3006 241.0169 109.1379 373.0578 184.047 253.2192 1265.7398;
	3.6264 49.0006 86.1183 99.1765 14.6548 33.5758 22.321 9.8351 27.6414 26.037 48.129 71.7989 108.0929 64.0262 178.964 67.4236 83.6552 88.6496 91.4763 67.2689 7.4403 78.3435 67.7007 86.4782 88.3548 41.2769 8.1793 1235.8795 791.5493 791.5493 792.5195 117.8423 304.9209 173.1504 200.7308 337.7277 1222.0214 288.2685 420.1575 236.6646 102.9704 372.4675 195.7911 239.6593 1234.7508;
	3.6735 49.6375 83.023 84.1146 14.6558 33.1773 18.6475 8.6881 24.0888 22.7005 41.9615 62.5984 94.2415 60.9516 167.8309 63.2293 78.4512 83.1349 91.2569 64.5464 6.2158 77.4137 60.8094 87.9634 75.1162 47.5616 7.7172 1228.6201 762.3004 762.3004 739.9963 113.9809 304.1896 166.1427 191.0915 325.2482 1179.6041 275.1752 366.8026 201.2042 102.4166 368.0469 201.6175 219.3242 1191.8916;
	3.6906 49.8681 80.0726 79.9143 14.1074 33.0697 17.0305 5.9827 24.9146 26.0614 48.1742 71.8664 108.1944 60.8129 162.3105 61.1496 75.8707 80.4003 91.5243 65.6744 5.6768 77.1627 69.3668 84.9094 54.968 27.2012 5.5743 1185.2668 673.9387 673.9387 637.6385 94.0306 305.0809 169.0461 190.6566 287.5472 1120.4822 227.2759 333.6435 147.2358 96.7769 366.8536 194.2432 178.3003 1132.1538;
	3.4311 46.3614 67.0489 63.3047 14.0377 30.7322 15.6265 4.8864 19.5356 25.8065 47.7029 71.1634 107.1361 63.075 179.7033 67.7022 84.0008 89.0158 90.8723 67.3785 5.2088 71.7084 71.8346 74.8115 43.9059 14.715 4.3671 1215.9724 648.025 648.025 570.6195 62.8091 302.9078 173.4325 197.7488 276.4906 1091.9632 211.0639 287.1813 117.605 79.9799 340.922 163.8362 131.812 1103.3379;
	3.4788 47.0059 68.9345 68.1737 14.2666 29.3239 15.3804 3.9497 15.3305 21.4363 39.6247 59.1123 88.9932 63.3732 179.1781 67.5043 83.7553 88.7557 90.4972 65.0589 5.1268 68.4224 54.5403 79.3571 50.0503 7.158 2.7519 1273.1573 666.2611 666.2611 615.0376 66.5003 301.6573 167.4618 198.6834 284.2714 1124.1587 216.5347 240.8422 134.0632 77.5124 325.2995 151.4419 136.5677 1135.8686;
	2.8211 38.1197 55.4157 59.5276 14.1513 24.3224 14.9271 2.9696 19.7704 21.0575 38.9244 58.0676 87.4204 63.4488 149.151 56.1918 69.7194 73.8818 89.3091 58.5629 4.9757 56.7522 48.6622 75.6735 51.0085 9.2287 2.321 1228.6302 739.7812 739.7812 668.4073 87.1732 297.6969 150.741 198.9204 315.64 1101.9196 243.1841 220.4797 136.6299 54.7166 269.8161 139.8613 143.2566 1113.3979;
	2.413 32.6043 36.368 49.1847 13.2314 18.1433 18.7797 0.8854 19.9261 18.5771 34.3395 51.2278 77.1231 63.3838 166.3029 62.6536 77.7369 82.3779 92.1809 67.2675 6.2599 42.3345 41.448 55.0821 3.5327 3.4352 0.7468 1072.8798 754.657 754.657 693.5563 108.9002 307.2696 173.1467 198.7167 321.987 1097.9881 236.2747 334.9264 9.4625 44.9928 201.2702 124.8969 98.8066 1109.4255;
	2.1039 28.4288 30.0472 39.4487 12.853 13.6321 19.1286 0.5946 19.9943 16.0362 29.6426 44.2209 66.5744 64.2993 164.4716 61.9637 76.8809 81.4708 91.3553 68.9165 6.3762 31.8082 34.0427 45.2303 15.8632 1.9945 0.6408 1139.5293 783.8273 783.8273 720.1621 106.2148 304.5178 177.3912 201.5869 334.433 1120.0135 241.8529 383.0166 42.4908 38.991 151.2254 93.013 74.8525 1131.6803;
	1.5156 20.4796 25.6691 23.75 9.9348 10.7925 20.2112 0.8982 19.4865 17.2572 31.8997 47.5881 71.6436 62.1405 172.9578 65.1608 80.8477 85.6744 89.6318 69.5501 6.7371 25.1825 41.3424 33.6066 12.1511 4.7141 0.7784 1025.0028 735.3457 735.3457 702.8356 103.9111 298.7725 179.022 194.8188 313.7475 1017.4756 217.7876 399.7711 32.5475 30.2156 119.7249 69.4921 65.6268 1028.0743;
	1.071 14.4711 25.3852 25.4889 9.1246 8.5843 19.2953 2.0208 16.6651 14.3717 26.5659 39.6311 59.6643 64.3974 187.4682 70.6276 87.6305 92.8622 90.7409 69.9182 6.4318 20.0301 38.8989 34.8501 19.5511 10.1591 2.4808 1019.6887 770.4081 770.4081 708.4076 97.4963 302.4698 179.9696 201.8946 328.7075 1052.1411 228.8751 422.8721 52.3691 28.9837 95.229 51.4899 51.3975 1063.1009;
	0.8692 11.7451 22.3531 29.8628 8.6533 8.9372 14.0311 1.9347 14.2753 18.7142 34.5929 51.6059 77.6923 65.362 188.9665 71.192 88.3308 93.6043 91.9905 68.7718 4.677 20.8535 52.4101 36.9376 21.1665 10.2283 3.3429 1010.7789 722.7711 722.7711 698.141 97.0763 306.6348 177.0187 204.9188 308.3823 890.9699 227.3013 407.8546 56.6961 31.8427 99.1436 43.0011 53.2017 900.2509;
	0.9432 12.7446 20.7143 0.5467 7.3483 7.8673 11.5409 0.857 14.2413 17.9424 33.1662 49.4774 74.488 66.6858 182.0148 68.573 85.0813 90.1608 85.3238 68.2719 3.847 18.3571 56.4298 40.5488 15.0344 3.369 2.444 935.0829 669.47 669.47 643.6474 89.9362 284.4127 175.732 209.0689 285.6405 837.0354 215.6433 343.9561 40.2707 29.6719 87.275 40.2389 53.597 845.7545;
	1.1099 14.9966 16.2791 28.6414 7.2967 5.9389 5.9628 1.0232 9.5466 15.9307 29.4477 43.9301 66.1366 66.1309 168.9641 63.6562 78.9809 83.6962 84.2175 65.4248 1.9876 13.8575 51.5257 33.1668 17.201 2.4396 2.3877 946.6597 568.5969 568.5969 567.0231 89.1937 280.7249 168.4035 207.3294 242.6014 673.8966 210.8693 235.7795 46.074 32.6436 65.8827 61.1649 32.1276 680.9164;
	0.7431 10.0405 5.4178 26.6653 6.5222 7.5378 3.9262 0.7287 11.6399 17.9523 33.1845 49.5047 74.5291 65.2118 165.9582 62.5238 77.5758 82.2072 83.1241 55.2127 1.3087 17.5883 51.5523 39.0382 14.9031 9.0963 1.8503 840.9491 555.2189 555.2189 584.4949 86.3986 277.0802 142.1177 204.4478 236.8934 766.1195 208.4547 237.0562 39.9191 37.8521 83.6198 62.4268 121.6182 774.0999;
	1.2793 17.2858 3.9192 4.113 3.0321 2.9399 4.8703 1.3101 17.0239 21.23 39.2434 58.5435 88.1369 68.8445 133.2782 50.2118 62.2998 66.0192 84.968 50.2829 1.6234 6.8598 70.0673 33.2773 13.9558 4.0326 1.7354 777.2184 571.8769 571.8769 617.1369 90.925 283.2267 129.4284 215.8368 244.0008 779.2851 217.6551 358.9811 37.3815 83.17 32.6136 10.8254 94.5011 787.4027;
