function windprofile = ex_wind_profilesh1
%EX_WIND_PROFILE_D  Example wind_load_nyiso profile data for deterministic unit commitment.
% 2022.03.12
% Andres F. Ramirez


%% define constants
[GEN_BUS, PG, QG, QMAX, QMIN, VG, MBASE, GEN_STATUS, PMAX, PMIN, ...
    MU_PMAX, MU_PMIN, MU_QMAX, MU_QMIN, PC1, PC2, QC1MIN, QC1MAX, ...
    QC2MIN, QC2MAX, RAMP_AGC, RAMP_10, RAMP_30, RAMP_Q, APF] = idx_gen;
[CT_LABEL, CT_PROB, CT_TABLE, CT_TBUS, CT_TGEN, CT_TBRCH, CT_TAREABUS, ...
    CT_TAREAGEN, CT_TAREABRCH, CT_ROW, CT_COL, CT_CHGTYPE, CT_REP, ...
    CT_REL, CT_ADD, CT_NEWVAL, CT_TLOAD, CT_TAREALOAD, CT_LOAD_ALL_PQ, ...
    CT_LOAD_FIX_PQ, CT_LOAD_DIS_PQ, CT_LOAD_ALL_P, CT_LOAD_FIX_P, ...
    CT_LOAD_DIS_P, CT_TGENCOST, CT_TAREAGENCOST, CT_MODCOST_F, ...
    CT_MODCOST_X] = idx_ct;

windprofile = struct( ...
    'type', 'mpcData', ...
    'table', CT_TGEN, ...
    'rows', [1:45], ...
    'col', PMAX, ...
    'chgtype', 1, ...
    'values', [] );
windprofile.values(:,1,:) = [
	3.6043 48.7022 88.0255 102.2843 14.0432 30.4711 25.4376 11.0105 25.0204 28.8938 53.4098 79.677 119.9532 63.3752 199.4525 75.1426 93.2324 98.7985 90.3976 69.3275 8.4792 71.0991 73.4306 82.4653 82.0387 62.1412 8.3027 1108.1694 658.3289 658.3289 666.9799 113.4724 301.3255 178.4491 198.6898 280.887 1011.9537 266.7638 431.1495 219.7464 110.6304 338.0256 190.086 241.3006 1022.4949;
	3.6101 48.781 86.8515 105.7166 14.1355 30.4898 27.1644 10.0159 26.153 26.712 49.3767 73.6604 110.8953 65.1216 193.721 72.9833 90.5533 95.9595 84.8754 67.3292 9.0548 71.1428 72.9586 80.2612 81.8007 61.2841 7.1631 1202.5789 740.8336 740.8336 716.7166 117.9008 282.9179 173.3056 204.165 316.089 1175.245 271.4667 434.2746 219.109 113.5115 338.2334 194.7627 248.6871 1187.4872;
	3.642 49.2118 89.7347 95.8137 14.0988 31.9376 23.3541 10.6721 25.468 24.7707 45.7883 68.3072 102.8361 60.8856 190.6554 71.8283 89.1203 94.4409 84.2928 66.2439 7.7847 74.5212 65.0573 84.0794 80.8954 62.3264 8.769 1170.5603 745.2048 745.2048 733.184 117.2953 280.9759 170.5121 190.8845 317.9541 1095.4504 270.1069 410.59 216.6841 117.2931 354.295 177.7382 253.0952 1106.8613;
	3.7619 50.8311 86.3707 97.0602 14.2659 33.0251 21.4461 11.3074 25.6345 25.4508 47.0455 70.1826 105.6595 63.8418 198.2792 74.7006 92.684 98.2174 86.0535 68.7838 7.1487 77.0587 67.1921 82.2667 78.8041 57.5058 8.2094 1161.8385 791.9145 791.9145 769.4311 121.6076 286.8449 177.0497 200.1526 337.8835 1173.1093 271.4887 404.2492 211.0825 114.8858 366.3589 196.2369 254.4936 1185.3292;
	3.6433 49.229 79.6709 76.8286 14.3891 31.9229 17.4517 8.7494 13.4704 25.2816 46.7327 69.716 104.9571 64.6634 198.6395 74.8363 92.8524 98.3959 89.7695 70.093 5.8172 74.4867 68.7808 84.7984 68.7425 53.3177 7.2721 1133.9649 737.6429 737.6429 728.6027 114.8816 299.2317 180.4196 202.7285 314.7276 1099.497 260.7928 340.1992 184.1316 114.1758 354.1311 198.8059 223.5334 1110.9501;
	3.7157 50.2071 75.5966 70.7641 14.0486 30.6527 16.3356 4.9812 20.3586 27.6523 51.1148 76.2532 114.7987 63.0714 197.1128 74.2611 92.1388 97.6396 91.9627 69.2572 5.4452 71.5229 71.4683 78.1679 46.9234 31.4475 5.2283 1156.1407 692.0668 692.0668 682.4953 104.246 306.5424 178.2681 197.7372 295.2818 1120.2552 232.5868 319.2817 125.6876 100.3984 340.0402 187.0216 175.3898 1131.9245;
	3.5639 48.1564 69.5395 62.6283 14.2744 30.4225 14.6325 4.9409 15.2488 27.365 50.5837 75.461 113.6061 63.059 199.0119 74.9766 93.0265 98.5803 92.6216 69.6349 4.8775 70.9859 73.0373 77.575 48.1067 24.1521 4.3477 1138.0325 642.0366 642.0366 568.3512 72.2323 308.7387 179.2404 197.6985 273.9356 1060.0016 213.4255 269.9674 128.8572 86.548 337.4875 163.839 136.8053 1071.0433;
	3.6401 49.1852 60.095 61.7253 14.2515 28.7019 15.9233 1.9049 14.3075 18.5565 34.3013 51.1708 77.0374 63.6708 196.7675 74.131 91.9773 97.4685 92.2929 68.2665 5.3078 66.971 52.2333 77.223 50.572 14.2018 0.0 1093.7491 625.7451 625.7451 611.946 67.5552 307.6428 175.7182 199.6167 266.9846 1003.0744 213.6688 232.9306 135.4606 79.1417 318.3993 153.3143 132.977 1013.5231;
	3.0376 41.0449 40.396 55.1418 14.4663 23.5239 14.6456 0.4559 18.4941 14.9342 27.6056 41.1822 61.9996 64.5927 183.276 69.0482 85.6709 90.7855 89.5517 61.5765 4.8819 54.8892 36.5594 75.969 50.2143 3.3468 0.6211 1141.7629 780.9613 780.9613 778.1114 95.296 298.5057 158.4979 202.5067 333.2102 1092.1473 252.2073 211.5865 134.5025 49.6459 260.959 148.2284 146.845 1103.5238;
	2.8331 38.2807 43.7756 57.3846 14.1693 19.6452 17.8899 1.4822 20.3452 9.2664 17.1288 25.5529 38.4697 65.1717 173.7107 65.4445 81.1997 86.0474 88.0011 62.0882 5.9633 45.8388 38.2527 68.0774 34.5261 5.1158 0.8947 1114.7422 796.6645 796.6645 768.3164 108.8199 293.3371 159.8151 204.3221 339.9102 1176.7891 244.0878 315.6151 92.4805 46.2482 217.9307 137.135 127.3817 1189.0474;
	2.33 31.4834 32.1758 39.1752 13.6071 15.4304 17.5089 0.8306 17.7226 4.7799 8.8355 13.1809 19.8437 62.3934 179.6145 67.6687 83.9593 88.9718 88.4022 67.8782 5.8363 36.0042 21.922 48.7779 22.3124 5.0274 0.7146 1037.0277 757.993 757.993 748.6906 107.7417 294.6739 174.7186 195.6117 323.4103 1057.7755 235.1222 300.4144 59.7655 36.8495 171.1744 94.1534 92.0728 1068.794;
	1.5489 20.9292 25.87 21.3816 9.6654 10.5899 17.8047 1.009 15.5666 7.2325 13.3693 19.9443 30.026 61.6869 185.4316 69.8603 86.6785 91.8533 88.5404 67.1053 5.9349 24.7097 25.4545 34.1692 18.6825 6.5176 0.7264 981.5473 699.5671 699.5671 691.0882 105.2634 295.1347 172.7293 193.3967 298.482 1031.1689 212.3039 318.4452 50.0425 29.344 117.4768 62.456 77.0057 1041.9102;
	0.8055 10.8841 24.117 19.4072 7.4337 7.258 16.5024 1.5932 14.2093 1.3982 2.5845 3.8556 5.8046 58.2695 183.6206 69.178 85.832 90.9563 87.3874 65.9338 5.5008 16.9352 28.6589 35.5504 22.161 8.6964 2.3385 875.6679 699.3253 699.3253 637.2616 105.8973 291.2913 169.7139 182.6826 298.3788 971.4474 219.1697 332.6448 59.3599 26.9657 80.5149 40.7523 46.7306 981.5667;
	0.7577 10.2383 21.5015 28.8624 6.3278 7.1001 11.053 2.4378 11.6867 6.4793 11.9769 17.8671 26.8988 60.0674 189.3203 71.3253 88.4962 93.7796 89.0389 68.3911 3.6843 16.5669 48.4121 39.1356 25.9362 10.7007 3.4992 825.1879 652.7574 652.7574 630.0125 93.5957 296.7962 176.0388 188.3194 278.5098 839.9483 208.1237 371.2882 69.4721 30.6249 78.7637 32.0444 54.3888 848.6977;
	0.7906 10.6833 18.7911 0.3157 4.919 7.1215 10.9349 1.6489 11.6803 6.4964 12.0084 17.9142 26.9697 59.0929 177.8641 67.0093 83.1411 88.1048 81.2709 67.2052 3.645 16.6169 51.5865 45.0285 23.1177 3.5312 3.28 839.7383 643.1285 643.1285 605.1919 82.7235 270.9031 172.9863 185.2642 274.4015 828.0646 206.1553 307.535 61.9223 29.5349 79.0016 32.6177 49.8915 836.6903;
	0.8696 11.7507 15.8018 21.5729 6.241 0.0 5.5974 1.2366 7.7877 12.4375 22.9905 34.2973 51.6344 59.3525 173.26 65.2747 80.989 85.8241 78.2473 69.4303 1.8658 0.0 51.5413 41.7893 22.5693 2.4977 2.4666 796.2751 531.358 531.358 523.2617 77.2799 260.8243 178.7137 186.0781 226.7128 618.8181 190.5901 214.3257 60.4535 29.9997 0.0 0.0004 23.8197 625.2641;
	0.4633 6.26 0.0102 0.0 5.3693 0.0 3.2386 0.0053 9.6382 16.7537 30.9689 46.1995 69.5531 54.331 169.9283 64.0195 79.4316 84.1738 74.6191 62.984 1.0795 0.0 51.9953 37.838 11.5707 5.7654 1.5917 740.9571 502.0728 502.0728 541.79 80.1813 248.7303 162.1209 170.3351 214.2177 731.2674 196.8756 199.8353 30.993 36.1241 0.0 0.0 3.3528 738.8848;
	1.0817 14.6163 15.4221 10.7305 2.4926 0.4468 0.7954 0.0475 4.8205 20.2477 37.4276 55.8347 84.0588 63.233 147.2669 55.482 68.8387 72.9485 83.2807 53.5902 0.2651 1.0426 67.823 37.0825 15.2582 4.434 1.6523 728.3698 525.5692 525.5692 578.5109 85.8709 277.6023 137.9414 198.2441 224.2429 731.9882 209.1113 326.4367 40.87 80.2767 4.957 0.0 79.7539 739.6131;
	0.3462 4.678 18.8848 36.5486 0.0 0.0 0.044 1.0248 0.1969 21.8646 40.4164 60.2933 90.7713 65.1786 127.81 48.1517 59.7437 63.3105 19.0207 62.2366 0.0147 0.0 67.0952 43.9767 13.6851 4.6932 1.784 812.251 500.4138 500.4138 603.3283 81.782 63.4023 160.1971 204.3437 213.5099 701.2943 199.4762 331.7402 36.6564 84.3863 0.0 0.0 0.0003 708.5994;
