function solarprofile = ex_solar_profilesh1
%EX_WIND_PROFILE_D  Example wind_load_nyiso profile data for deterministic unit commitment.
% 2022.03.12
% Andres F. Ramirez


%% define constants
[GEN_BUS, PG, QG, QMAX, QMIN, VG, MBASE, GEN_STATUS, PMAX, PMIN, ...
    MU_PMAX, MU_PMIN, MU_QMAX, MU_QMIN, PC1, PC2, QC1MIN, QC1MAX, ...
    QC2MIN, QC2MAX, RAMP_AGC, RAMP_10, RAMP_30, RAMP_Q, APF] = idx_gen;
[CT_LABEL, CT_PROB, CT_TABLE, CT_TBUS, CT_TGEN, CT_TBRCH, CT_TAREABUS, ...
    CT_TAREAGEN, CT_TAREABRCH, CT_ROW, CT_COL, CT_CHGTYPE, CT_REP, ...
    CT_REL, CT_ADD, CT_NEWVAL, CT_TLOAD, CT_TAREALOAD, CT_LOAD_ALL_PQ, ...
    CT_LOAD_FIX_PQ, CT_LOAD_DIS_PQ, CT_LOAD_ALL_P, CT_LOAD_FIX_P, ...
    CT_LOAD_DIS_P, CT_TGENCOST, CT_TAREAGENCOST, CT_MODCOST_F, ...
    CT_MODCOST_X] = idx_ct;

solarprofile = struct( ...
    'type', 'mpcData', ...
    'table', CT_TGEN, ...
    'rows', [1:12], ...
    'col', PMAX, ...
    'chgtype', 1, ...
    'values', [] );
solarprofile.values(:,1,:) = [
	0.0 0.0 0.0 0.0 0.0 0.0 0.0 0.0 0.0 0.0 0.0 0.0;
	0.0 0.0 0.0 0.0 0.0 0.0 0.0 0.0 0.0 0.0 0.0 0.0;
	0.0 0.0 0.0 0.0 0.0 0.0 0.0 0.0 0.0 0.0 0.0 0.0;
	0.0 0.0 0.0 0.0 0.0 0.0 0.0 0.0 0.0 0.0 0.0 0.0;
	0.0 0.0 0.0 0.0 0.0 0.0 0.0 0.0 0.0 0.0 0.0 0.0;
	0.1575 0.1621 0.24 0.0 0.0 0.0 0.0 0.0 0.0 0.0 0.0 0.0;
	5.8278 5.3036 4.7179 1.744 2.2076 183.7971 22.9746 36.4319 56.5131 32.5519 22.3562 58.9516;
	17.7185 14.3572 12.4918 6.0406 5.0961 312.926 39.1157 60.515 141.0382 58.7664 37.8921 106.4264;
	23.524 16.6547 13.8422 9.9015 7.1351 359.2272 44.9034 65.9204 186.1672 69.0929 57.1985 125.1277;
	25.6923 16.6923 13.7624 9.843 6.6688 383.5737 47.9467 59.2002 226.1236 47.6708 56.8102 86.3321;
	23.6467 16.5389 13.5949 7.5864 5.8076 363.7149 45.4644 54.291 226.4268 106.4518 135.168 192.7848;
	21.504 16.5331 12.49 6.1753 4.2764 298.6933 37.3367 50.3988 224.1036 163.2189 184.3045 295.5904;
	25.8343 16.5559 13.7472 7.3696 8.0235 354.0607 44.2576 62.1206 265.0777 340.1805 247.5358 616.0689;
	23.6129 16.5835 13.7008 7.7702 7.9247 363.4926 45.4366 62.2743 264.9152 335.0401 219.5822 606.7597;
	22.2917 16.6152 13.4202 6.1705 7.5182 363.7506 45.4688 59.9948 255.3057 255.1251 166.6546 462.0331;
	16.1514 12.5866 9.4493 6.4513 11.2063 377.6627 47.2078 52.9658 196.2927 171.8389 82.7552 311.2013;
	1.1885 0.9849 0.6254 1.6018 3.4558 67.1212 8.3902 11.6948 39.5839 66.0367 39.3022 119.5928;
	0.0 0.0 0.0 0.0 0.0 0.0 0.0 0.0 0.0 0.0 0.0 0.0;
	0.0 0.0 0.0 0.0 0.0 0.0 0.0 0.0 0.0 0.0 0.0 0.0;
	0.0 0.0 0.0 0.0 0.0 0.0 0.0 0.0 0.0 0.0 0.0 0.0;
	0.0 0.0 0.0 0.0 0.0 0.0 0.0 0.0 0.0 0.0 0.0 0.0;
	0.0 0.0 0.0 0.0 0.0 0.0 0.0 0.0 0.0 0.0 0.0 0.0;
	0.0 0.0 0.0 0.0 0.0 0.0 0.0 0.0 0.0 0.0 0.0 0.0;
	0.0 0.0 0.0 0.0 0.0 0.0 0.0 0.0 0.0 0.0 0.0 0.0;
];
