function loadprofile = ex_load_profilesh1
%EX_LOAD_PROFILE  Example load profile data file for stochastic unit commitment.
% 2022.03.12
% Andres F. Ramirez

%% define constants
[CT_LABEL, CT_PROB, CT_TABLE, CT_TBUS, CT_TGEN, CT_TBRCH, CT_TAREABUS, ...
    CT_TAREAGEN, CT_TAREABRCH, CT_ROW, CT_COL, CT_CHGTYPE, CT_REP, ...
    CT_REL, CT_ADD, CT_NEWVAL, CT_TLOAD, CT_TAREALOAD, CT_LOAD_ALL_PQ, ...
    CT_LOAD_FIX_PQ, CT_LOAD_DIS_PQ, CT_LOAD_ALL_P, CT_LOAD_FIX_P, ...
    CT_LOAD_DIS_P, CT_TGENCOST, CT_TAREAGENCOST, CT_MODCOST_F, ...
    CT_MODCOST_X] = idx_ct;

loadprofile = struct( ...
    'type', 'mpcData', ...
    'table', CT_TAREALOAD, ...
    'rows', [1:11], ...
    'col', CT_LOAD_ALL_P, ...
    'chgtype', 1, ...
    'values', [] );
loadprofile.values(:,1,:) = [
	1552.9443 955.8755 1559.2717 565.7153 813.3493 1052.4561 844.5055 248.5891 497.965 4060.8411 1665.9168;
	1555.0 952.7 1571.3713 577.8388 817.4 1072.5752 845.1 247.0 489.6579 4217.4162 1695.6;
	1557.4818 979.7947 1602.9213 594.846 816.0 1095.9155 859.9571 261.4332 515.5 4320.6829 1739.5163;
	1615.0908 1034.4163 1703.9672 602.1 866.4464 1166.3393 922.5554 272.131 541.4 4625.9279 1841.9217;
	1768.7712 1137.683 1882.8064 630.0721 960.4563 1306.0709 1027.3 311.4263 618.907 5231.3019 2065.0462;
	1887.5174 1214.8193 1969.033 623.3325 1002.4963 1386.0327 1092.8 339.7 663.1673 5781.9762 2177.7855;
	1942.5357 1222.0903 1986.8182 605.5175 1019.1128 1334.502 1109.3786 340.0986 669.1 6065.6449 2199.5505;
	1888.8046 1182.2194 1998.1437 605.3632 1022.0139 1269.7312 1087.1948 329.4503 666.6628 6011.4934 2045.9257;
	1860.5425 1185.6033 1999.162 606.763 1021.1196 1319.7826 1100.8078 345.3 694.7 6314.724 2061.8236;
	1863.6 1167.8013 1986.9956 608.7483 1012.9932 1288.8636 1071.4122 349.3 679.3 6410.2343 2028.191;
	1847.9918 1163.5358 1917.4584 607.5197 975.2583 1268.177 1073.1647 342.6 685.3157 6493.1251 1988.3441;
	1844.847 1183.1 1913.7724 596.8574 959.1777 1296.989 1097.1969 351.7729 703.9337 6521.5288 1974.9029;
	1815.7072 1168.2 1879.8973 597.2093 954.24 1243.8189 1085.8543 346.658 691.1421 6436.7257 2015.8544;
	1796.7492 1176.0428 1820.5784 608.2532 956.5834 1275.4721 1062.8031 328.4547 664.1109 6309.8523 1943.4;
	1794.879 1154.4071 1833.0212 611.3815 950.4582 1270.7474 1062.0768 312.4914 675.2073 6138.7146 1898.417;
	1820.4579 1176.4229 1858.2309 609.7603 964.3274 1286.9249 1075.4053 309.7291 660.7201 5936.4153 1952.6703;
	1760.6853 1182.5962 1885.747 618.126 973.0 1330.4816 1132.8868 324.9 704.4358 6069.9445 2309.7601;
	1831.6843 1234.5533 2022.5742 616.8754 1034.7859 1443.9967 1208.2796 326.0119 738.8207 6209.7297 2451.7434;
	1860.2055 1221.3287 1981.8175 604.5 1021.6987 1397.2131 1194.6811 347.048 715.4 6131.9903 2422.4115;
	1821.8672 1168.8145 1911.0962 611.9523 986.5353 1318.1784 1137.3125 328.5 704.5376 5975.5745 2296.7437;
	1737.6496 1092.4081 1776.608 579.8065 924.8253 1221.5155 1056.2695 245.5545 655.2163 5577.9921 2088.142;
	1633.0322 1039.664 1704.3708 571.1215 867.7524 1166.1322 972.5659 253.3139 603.6 5212.9515 1926.7446;
	1624.6 1007.8 1692.4737 576.7229 829.1303 1154.3 924.914 233.727 567.3134 4934.2685 1864.4124;
	1667.3101 1008.7366 1690.0477 602.8901 853.1527 1129.0 893.2363 243.9893 541.3957 4767.1654 1767.5655;
];
