function loadprofile = ex_load_profilesh1
%EX_LOAD_PROFILE  Example load profile data file for stochastic unit commitment.
% 2022.03.12
% Andres F. Ramirez

%% define constants
[CT_LABEL, CT_PROB, CT_TABLE, CT_TBUS, CT_TGEN, CT_TBRCH, CT_TAREABUS, ...
    CT_TAREAGEN, CT_TAREABRCH, CT_ROW, CT_COL, CT_CHGTYPE, CT_REP, ...
    CT_REL, CT_ADD, CT_NEWVAL, CT_TLOAD, CT_TAREALOAD, CT_LOAD_ALL_PQ, ...
    CT_LOAD_FIX_PQ, CT_LOAD_DIS_PQ, CT_LOAD_ALL_P, CT_LOAD_FIX_P, ...
    CT_LOAD_DIS_P, CT_TGENCOST, CT_TAREAGENCOST, CT_MODCOST_F, ...
    CT_MODCOST_X] = idx_ct;

loadprofile = struct( ...
    'type', 'mpcData', ...
    'table', CT_TAREALOAD, ...
    'rows', [1:11], ...
    'col', CT_LOAD_ALL_P, ...
    'chgtype', 1, ...
    'values', [] );
loadprofile.values(:,1,:) = [
	1486.2 950.2932 1614.8737 547.9417 844.3986 1093.9272 887.3494 256.0895 511.2 4485.8319 1746.3385;
	1471.8119 941.5 1598.7439 544.4199 825.1146 1074.4011 879.2206 248.4714 492.2 4445.7 1723.4726;
	1504.8869 946.8 1634.5202 555.4216 831.8111 1096.9 883.3186 253.2836 499.0658 4461.1607 1745.0178;
	1565.475 990.8841 1727.9364 578.4202 893.3721 1173.3639 937.2 278.1868 531.8105 4760.3174 1887.6646;
	1697.7392 1092.0814 1889.0636 581.5711 1001.2235 1348.9943 1048.3 321.7397 627.2595 5398.0467 2120.3211;
	1805.7866 1166.7788 1998.9516 625.1656 1049.1376 1374.6335 1081.7645 341.4631 668.2506 5884.1093 2166.8985;
	1805.0231 1205.9316 2060.4235 621.3114 1037.257 1396.5549 1121.0486 351.6877 704.2947 6167.1981 2229.3416;
	1855.5 1250.6702 2112.7045 623.9611 1078.9292 1392.8 1139.4965 371.5607 742.8804 6443.7 2251.0678;
	1836.5075 1251.0 2111.1929 630.6 1082.6618 1379.7526 1146.5001 362.8 769.3476 6493.5086 2236.5525;
	1852.4905 1264.0008 2111.2182 630.2 1083.4 1374.0738 1128.7013 356.5948 738.055 6447.8311 2282.8684;
	1803.4286 1241.5097 2071.3027 615.3792 1081.861 1378.5387 1102.3375 361.2 710.8145 6410.3424 2263.9609;
	1768.5281 1227.1 2079.4877 613.4688 1102.5016 1351.737 1138.1023 348.1677 725.4153 6432.6 2207.5125;
	1762.0412 1191.3049 2014.7464 610.2457 1067.4909 1300.0 1113.5658 344.1196 710.6576 6428.8374 2196.6735;
	1654.8575 1153.1336 1999.7 607.4491 1055.219 1335.8042 1103.7483 365.4 699.4119 6434.5127 2203.0299;
	1576.2139 1106.8122 1974.4968 592.8358 1069.0459 1373.5858 1098.8025 375.4 677.4 6416.5251 2195.7111;
	1519.013 1126.6732 1996.4511 622.2451 1080.7894 1429.6453 1105.6124 379.2395 685.8 6507.2281 2286.1071;
	1578.4551 1182.5064 2022.3896 629.6 1107.6 1497.1337 1149.9534 406.4232 687.1473 6441.5843 2430.5677;
	1666.8182 1228.4151 2085.4385 625.9 1166.2969 1561.5 1224.9901 456.8136 725.5 6636.283 2671.3121;
	1705.7479 1211.3176 2082.7614 620.6004 1129.4585 1544.7688 1204.0199 423.9356 703.2392 6445.4617 2546.8181;
	1666.9852 1169.3246 1983.5428 598.8 1072.601 1473.4068 1181.6763 410.7433 696.406 6179.0711 2423.5367;
	1619.8825 1100.0263 1860.9051 582.1969 1022.2326 1370.9385 1089.0872 356.5873 650.5595 5817.7948 2305.4256;
	1562.9 1042.2996 1777.7 553.2758 956.2134 1295.7529 1012.5162 319.7 598.6 5429.9903 2028.416;
	1482.5646 965.3 1694.5275 577.0 877.2609 1245.121 949.8793 296.1042 564.2009 5125.1 1896.3959;
	1495.4847 972.2726 1691.9563 587.2 874.0538 1243.0936 905.1704 297.6638 547.0 4883.5213 1819.7;
];
