function windprofile = ex_wind_profilesh1
%EX_WIND_PROFILE_D  Example wind_load_nyiso profile data for deterministic unit commitment.
% 2022.03.12
% Andres F. Ramirez


%% define constants
[GEN_BUS, PG, QG, QMAX, QMIN, VG, MBASE, GEN_STATUS, PMAX, PMIN, ...
    MU_PMAX, MU_PMIN, MU_QMAX, MU_QMIN, PC1, PC2, QC1MIN, QC1MAX, ...
    QC2MIN, QC2MAX, RAMP_AGC, RAMP_10, RAMP_30, RAMP_Q, APF] = idx_gen;
[CT_LABEL, CT_PROB, CT_TABLE, CT_TBUS, CT_TGEN, CT_TBRCH, CT_TAREABUS, ...
    CT_TAREAGEN, CT_TAREABRCH, CT_ROW, CT_COL, CT_CHGTYPE, CT_REP, ...
    CT_REL, CT_ADD, CT_NEWVAL, CT_TLOAD, CT_TAREALOAD, CT_LOAD_ALL_PQ, ...
    CT_LOAD_FIX_PQ, CT_LOAD_DIS_PQ, CT_LOAD_ALL_P, CT_LOAD_FIX_P, ...
    CT_LOAD_DIS_P, CT_TGENCOST, CT_TAREAGENCOST, CT_MODCOST_F, ...
    CT_MODCOST_X] = idx_ct;

windprofile = struct( ...
    'type', 'mpcData', ...
    'table', CT_TGEN, ...
    'rows', [1:45], ...
    'col', PMAX, ...
    'chgtype', 1, ...
    'values', [] );
windprofile.values(:,1,:) = [
	3.5578 48.0731 87.1928 100.0892 14.7611 31.5844 27.5314 9.2454 25.7572 29.0955 53.7826 80.2331 120.7904 68.9012 187.606 70.6795 87.6949 92.9304 82.254 70.9235 9.1771 73.6969 73.7912 85.0834 90.2776 52.7395 7.3598 1133.1229 745.8524 745.8524 704.5632 112.1191 274.18 182.5573 216.0145 318.2304 1103.6701 279.3722 449.1668 241.8151 112.0059 350.376 189.5658 223.2346 1115.1667;
	3.5692 48.2276 86.1146 104.8037 14.2416 31.3473 26.6167 10.5534 25.8565 27.6496 51.1098 76.2458 114.7876 69.7448 188.8806 71.1597 88.2907 93.5618 83.912 72.6142 8.8722 73.1437 74.3996 83.5262 92.601 56.1751 7.9031 1082.2123 754.0908 754.0908 769.2313 116.4002 279.7065 186.9091 218.6594 321.7454 1149.535 279.0451 436.6835 248.0383 113.0659 347.7462 194.2125 226.1167 1161.5094;
	3.6085 48.7591 89.905 93.4514 14.5038 31.8815 24.6878 9.8275 26.3354 28.6632 52.9834 79.0408 118.9955 68.724 188.0585 70.8499 87.9064 93.1545 86.5996 71.7139 8.2293 74.3902 71.9374 87.185 87.3492 59.4597 9.2218 1126.8943 774.7617 774.7617 775.4005 115.9716 288.6652 184.5917 215.459 330.565 1144.1295 270.5963 445.0189 233.971 114.2932 353.6724 178.2818 237.7573 1156.0475;
	3.3588 45.3854 86.2979 88.7973 13.9435 27.2256 18.9019 9.6617 23.3131 28.0455 51.8417 77.3376 116.4313 66.6251 191.0492 71.9767 89.3044 94.636 87.7814 71.2473 6.3006 63.5264 73.1806 84.773 80.6918 53.1307 8.4438 1123.3873 774.2205 774.2205 773.9721 114.419 292.6048 183.3909 208.8788 330.3341 1126.958 274.0258 392.404 216.1388 100.6799 302.0226 147.2968 210.6649 1138.6971;
	2.5484 34.4341 82.1695 77.4096 13.795 23.6929 15.7781 8.3516 15.2585 26.9278 49.7756 74.2554 111.7912 68.0278 192.0256 72.3445 89.7608 95.1197 87.5667 72.7711 5.2594 55.2835 73.3262 84.2402 68.892 46.6271 7.5527 1143.8675 774.255 774.255 745.8892 110.3309 291.889 187.313 213.2764 330.3488 1096.0777 262.9537 338.9947 184.5322 100.5032 262.8334 135.4405 181.7515 1107.4952;
	3.1447 42.4919 82.1245 72.2856 13.987 19.834 13.7909 6.9947 18.1235 27.3691 50.5914 75.4724 113.6233 65.6047 190.2576 71.6784 88.9344 94.2439 84.9235 72.8502 4.597 46.2793 73.1408 83.7852 55.4048 36.799 5.9795 1190.3142 685.0926 685.0926 644.8072 98.8424 283.0783 187.5167 205.6796 292.3062 1076.9584 230.5083 274.977 148.4056 93.5077 220.0251 125.1131 169.9128 1088.1767;
	2.9921 40.4299 74.7475 61.3789 14.075 26.5283 12.8091 5.8371 6.2289 26.2903 48.5972 72.4974 109.1444 67.4389 188.9664 71.192 88.3308 93.6043 85.3278 72.4091 4.2697 61.8994 71.7299 79.1696 50.2896 25.9892 4.8801 1212.319 673.9034 673.9034 542.8391 66.171 284.4259 186.3812 211.4302 287.5321 1062.2047 202.8453 246.0916 134.7044 74.9783 294.2875 148.7235 130.7296 1073.2693;
	3.1192 42.1466 71.1674 68.0698 14.0132 26.1834 15.5182 5.8413 14.1245 24.3127 44.9417 67.0442 100.9347 68.1865 189.1074 71.2451 88.3967 93.6741 87.9407 72.8786 5.1727 61.0946 63.5862 82.7264 59.4841 23.1557 3.9645 1220.2989 710.2364 710.2364 621.8552 66.1689 293.1358 187.5896 213.7737 303.0342 1088.6976 215.7603 244.2414 159.3324 82.6397 290.4613 140.6394 137.9614 1100.0382;
	2.8991 39.1731 62.26 63.3874 14.1737 23.819 14.9869 4.4255 18.4797 22.5242 41.6357 62.1123 93.5097 67.3317 180.0888 67.8474 84.181 89.2068 89.0895 72.3368 4.9956 55.5776 55.9083 81.8773 55.9424 15.8477 2.846 1195.5371 753.9933 753.9933 706.057 85.2211 296.965 186.195 211.0938 321.7038 1047.0629 254.4166 232.7413 149.8458 55.0098 264.2317 145.7113 154.108 1057.9698;
	2.2825 30.841 48.7506 54.7938 14.369 18.199 18.8839 2.1399 14.6143 18.2145 33.6691 50.2277 75.6176 65.1443 173.5016 65.3657 81.1019 85.9438 88.3583 71.6563 6.2946 42.4642 44.4157 63.3652 32.7173 6.2475 1.2012 1141.0199 744.8034 744.8034 706.7421 101.1596 294.5276 184.4435 204.2361 317.7828 1093.3171 242.9611 328.5969 87.6356 32.2259 201.887 125.3381 118.635 1104.7058;
	1.35 18.2409 36.2786 40.1598 13.3579 13.6252 16.5781 0.9317 8.5194 15.2484 28.1865 42.0488 63.3042 64.0593 169.6861 63.9282 79.3184 84.0538 87.7795 72.1614 5.526 31.7922 34.5132 47.7471 19.6046 2.525 0.7146 1151.0508 742.0252 742.0252 726.8461 102.7079 292.5983 185.7436 200.8347 316.5974 1049.9813 239.858 360.4174 52.5124 25.0013 151.149 81.542 78.7727 1060.9186;
	0.0926 1.2511 27.2008 17.1039 9.6627 9.3994 18.4803 0.9091 8.3805 14.6102 27.0067 40.2886 60.6543 65.4004 177.1964 66.7577 82.829 87.774 90.4152 71.807 6.1601 21.932 34.9973 31.4275 14.6949 6.0177 0.647 1089.0381 699.4487 699.4487 701.631 110.9281 301.3841 184.8313 205.0391 298.4314 991.6365 223.9829 383.4809 39.3614 11.3129 104.2711 59.3691 69.7664 1001.9661;
	0.1665 2.2495 24.5234 15.0706 7.5179 3.5167 16.9969 1.469 7.441 13.372 24.7179 36.8743 55.514 60.9312 175.8301 66.243 82.1904 87.0973 89.5948 70.9023 5.6656 8.2056 35.5284 24.2352 17.8285 6.527 1.8563 976.435 696.8191 696.8191 627.268 98.7764 298.6494 182.5028 191.0276 297.3095 959.4195 215.7572 395.486 47.755 21.4885 39.0117 32.9961 27.7001 969.4134;
	0.4854 6.5593 22.2069 26.7569 7.6478 6.0893 12.7667 1.3881 9.9022 16.8809 31.2041 46.5504 70.0814 61.3167 174.3893 65.7002 81.5169 86.3835 87.0081 71.275 4.2556 14.2083 33.3396 30.383 20.4092 6.8856 2.2824 926.2676 643.4105 643.4105 613.4548 97.7478 290.0268 183.4622 192.236 274.5218 830.1526 208.47 386.5573 54.6675 4.795 67.5505 34.1189 45.555 838.8;
	0.3697 4.9956 23.453 0.0 6.4243 6.2913 9.3332 0.9625 10.2916 16.8096 31.0724 46.3538 69.7854 60.4748 146.7848 55.3003 68.6134 72.7097 74.1806 68.4411 3.1111 14.6798 41.0864 41.8178 18.3153 4.6904 3.2695 801.8975 597.3364 597.3364 564.8744 80.4879 247.2685 176.1676 189.5968 254.8636 730.3549 193.4984 308.4359 49.0587 19.2131 69.7918 26.5059 36.6239 737.9627;
	0.6468 8.7402 17.9269 15.7139 6.3514 0.0 4.2039 0.9457 0.0 15.5188 28.6863 42.7943 64.4265 58.5127 147.1057 55.4212 68.7634 72.8687 69.9827 65.56 1.4013 0.0 50.6868 34.7534 11.4662 3.679 2.0703 831.4103 510.1842 510.1842 521.5927 77.8494 233.2756 168.7516 183.4451 217.6786 585.1338 185.0331 195.7649 30.7131 26.933 0.0 0.0 13.6412 591.2289;
	0.1398 1.8895 6.5182 0.0 5.571 0.0 1.7696 0.0179 0.025 16.9278 31.2908 46.6796 70.2759 52.4685 128.6735 48.477 60.1474 63.7383 68.2815 50.9366 0.5899 0.0 45.7441 33.4871 7.3752 5.6049 1.2972 749.0694 485.9186 485.9186 539.2361 76.5367 227.6049 131.111 164.4957 207.3253 687.6938 185.6246 175.8867 19.7551 20.8205 0.0 0.0 0.945 694.8573;
	0.5107 6.9004 3.101 0.0 0.5972 0.0 0.0 0.0 0.0 9.5585 17.6688 26.3583 39.6823 49.1698 110.1641 41.5037 51.4953 54.5697 75.5062 45.8505 0.0 0.0 47.8766 5.1618 4.1504 0.6693 0.776 734.4977 465.0304 465.0304 565.4977 87.824 251.6874 118.0192 154.154 198.413 679.2849 203.675 300.4331 11.1171 57.1712 0.0 0.0 0.0 686.3608;
	0.0942 1.2733 19.0809 0.0 0.0 0.0 0.0 1.5398 0.0 18.0573 33.3787 49.7945 74.9653 52.3629 90.1536 33.9648 42.1415 44.6575 0.5643 46.8885 0.0 0.0 58.8719 32.2328 10.4588 3.2838 1.6317 791.2908 435.3026 435.3026 569.0644 82.576 1.8811 120.6912 164.1647 185.7291 620.1525 188.1834 322.9987 28.0146 80.7365 0.0 0.0 0.0 626.6124;
