function windprofile = ex_wind_profilesh1
%EX_WIND_PROFILE_D  Example wind_load_nyiso profile data for deterministic unit commitment.
% 2022.03.12
% Andres F. Ramirez


%% define constants
[GEN_BUS, PG, QG, QMAX, QMIN, VG, MBASE, GEN_STATUS, PMAX, PMIN, ...
    MU_PMAX, MU_PMIN, MU_QMAX, MU_QMIN, PC1, PC2, QC1MIN, QC1MAX, ...
    QC2MIN, QC2MAX, RAMP_AGC, RAMP_10, RAMP_30, RAMP_Q, APF] = idx_gen;
[CT_LABEL, CT_PROB, CT_TABLE, CT_TBUS, CT_TGEN, CT_TBRCH, CT_TAREABUS, ...
    CT_TAREAGEN, CT_TAREABRCH, CT_ROW, CT_COL, CT_CHGTYPE, CT_REP, ...
    CT_REL, CT_ADD, CT_NEWVAL, CT_TLOAD, CT_TAREALOAD, CT_LOAD_ALL_PQ, ...
    CT_LOAD_FIX_PQ, CT_LOAD_DIS_PQ, CT_LOAD_ALL_P, CT_LOAD_FIX_P, ...
    CT_LOAD_DIS_P, CT_TGENCOST, CT_TAREAGENCOST, CT_MODCOST_F, ...
    CT_MODCOST_X] = idx_ct;

windprofile = struct( ...
    'type', 'mpcData', ...
    'table', CT_TGEN, ...
    'rows', [1:45], ...
    'col', PMAX, ...
    'chgtype', 1, ...
    'values', [] );
windprofile.values(:,1,:) = [
	3.4774 46.9868 87.2849 95.523 14.7937 32.4518 26.8104 8.3558 27.1407 28.1942 52.1166 77.7478 117.0488 63.8367 187.8904 70.7866 87.8278 93.0713 89.5448 67.6483 8.9368 75.7208 71.5743 78.8903 78.5708 51.9846 7.5518 1165.6427 751.2941 751.2941 746.9268 111.9508 298.4828 174.1268 200.1368 320.5522 1102.6438 296.6445 460.0377 210.4574 102.2781 359.9984 190.8536 222.156 1114.1296;
	3.5596 48.0977 88.5341 97.7783 14.7856 32.7014 27.6981 9.6936 27.759 26.7599 49.4653 73.7925 111.0942 65.4625 198.8998 74.9343 92.9741 98.5248 90.2504 70.6943 9.2327 76.3032 72.922 82.182 92.9223 54.8733 7.2048 1168.5107 776.7687 776.7687 782.463 110.557 300.8346 181.9674 205.2338 331.4213 1169.6251 280.781 468.8202 248.899 107.2591 362.767 197.1707 233.6827 1181.8087;
	3.5911 48.5237 88.8394 86.1947 14.5961 33.2527 25.8523 3.4949 27.0873 27.9064 51.5845 76.954 115.8538 64.9391 196.646 74.0852 91.9206 97.4084 90.4699 70.8667 8.6174 77.5896 70.9756 78.7784 69.3658 37.7905 6.173 1212.2353 814.3443 814.3443 789.9328 110.7611 301.5663 182.411 203.5927 347.4536 1177.7469 278.923 469.5648 185.8012 102.0112 368.8832 179.3906 231.9161 1190.0151;
	3.4572 46.7142 86.5746 93.2595 14.9977 32.6757 22.1956 4.813 26.842 28.4115 52.5183 78.347 117.951 63.3926 196.801 74.1436 91.993 97.4852 89.2138 69.4054 7.3985 76.2433 69.9562 81.7815 76.2959 32.7861 7.3411 1207.2868 813.2671 813.2671 781.6065 112.8949 297.3792 178.6498 198.7445 346.994 1214.251 287.1788 450.7907 204.3639 94.3155 362.4825 176.0478 226.4536 1226.8994;
	3.6329 49.0878 82.9833 81.6414 15.1601 31.5512 19.2602 7.7677 24.2561 28.0858 51.9161 77.4486 116.5984 63.8606 195.0542 73.4855 91.1765 96.6199 89.1189 68.4328 6.4201 73.6195 71.4549 83.7263 63.7092 41.708 7.3657 1187.1565 782.4246 782.4246 722.6605 101.0064 297.0632 176.1461 200.2115 333.8345 1147.2631 262.7718 410.1475 170.6496 97.6425 350.0084 182.736 209.9834 1159.2138;
	3.6023 48.6748 81.2078 76.3543 14.426 30.9228 16.694 6.5567 25.556 29.1911 53.9592 80.4966 121.1871 64.5524 193.6823 72.9687 90.5352 95.9403 87.2036 68.5552 5.5647 72.1532 72.2833 83.5453 55.3354 29.4372 5.9306 1199.4346 732.2915 732.2915 619.2289 85.3847 290.6788 176.4614 202.3805 312.4444 1150.3668 221.6332 366.0466 148.2199 86.3044 343.0372 180.1126 177.5478 1162.3498;
	3.3252 44.931 68.3223 57.36 14.0485 27.3963 12.2279 5.2532 18.7608 27.7561 51.3067 76.5395 115.2298 64.3838 181.3056 68.3058 84.7498 89.8095 84.5087 66.9049 4.076 63.9246 71.8836 72.0748 45.9196 21.705 4.6626 1222.9878 683.6265 683.6265 540.2676 60.7687 281.6957 172.2134 201.8519 291.6806 1124.5164 203.0696 254.3802 122.9989 65.0441 303.9158 147.9144 128.5132 1136.2301;
	3.4881 47.1317 63.1611 59.0059 14.0245 27.5109 14.2136 4.6563 15.3026 21.4951 39.7334 59.2745 89.2374 64.0605 176.7864 66.6032 82.6374 87.5709 85.6399 58.9573 4.7379 64.1921 51.3362 66.1578 46.9263 6.45 3.5383 1317.4959 707.0247 707.0247 618.85 60.4642 285.4664 151.7563 200.8382 301.6639 1176.8461 212.5856 231.946 125.6955 66.0002 305.1877 147.4587 129.267 1189.105;
	2.824 38.1583 45.5442 46.7213 12.8279 23.7055 13.3121 3.8152 16.9392 20.3013 37.5267 55.9824 84.2812 64.9486 152.0763 57.2939 71.0868 75.3308 74.1627 48.603 4.4374 55.3128 46.8883 64.0814 47.217 4.1418 2.5733 1292.7007 763.2284 763.2284 708.7841 80.7743 247.209 125.1041 203.6227 325.6441 1168.3878 238.9543 197.8799 126.4742 47.1459 262.9729 125.7771 140.3534 1180.5586;
	2.3037 31.1281 39.8683 45.0358 13.6713 18.2112 17.1774 2.2063 19.0725 17.1241 31.6537 47.221 71.091 67.0807 156.4356 58.9362 73.1246 77.4902 80.4879 49.7094 5.7258 42.4928 38.3234 52.1212 24.9092 4.3613 1.3051 1227.8938 747.001 747.001 709.235 92.068 268.2931 127.9522 210.3072 318.7204 1180.6216 235.5044 341.0844 66.721 23.3414 202.0228 115.2277 117.0743 1192.9197;
	2.0013 27.0422 32.3704 35.6805 12.6586 13.9255 17.6892 1.0451 18.0618 14.6854 27.1457 40.4961 60.9666 67.2073 157.1245 59.1958 73.4466 77.8315 83.9661 57.7307 5.8964 32.4927 32.7806 42.4597 17.8022 2.858 0.9041 1222.9634 793.6112 793.6112 746.6843 91.6619 279.887 148.599 210.704 338.6074 1138.4622 234.7692 388.6039 47.6844 21.3428 154.4798 79.3707 82.3063 1150.3212;
	1.3674 18.4767 25.6568 22.8785 9.7643 10.0478 19.6255 1.1365 18.693 16.5445 30.5822 45.6227 68.6847 67.539 164.3853 61.9312 76.8406 81.4281 83.1611 62.785 6.5418 23.4449 40.8298 28.8995 18.7976 4.8555 2.576 1055.4911 752.9819 752.9819 725.5105 100.1948 277.2037 161.6087 211.744 321.2723 1079.9427 216.1787 384.5175 50.3508 12.8296 111.4636 60.1097 68.7412 1091.1921;
	1.0616 14.3448 25.2841 24.7502 9.0579 7.6569 18.2969 2.1183 15.6395 13.2475 24.4878 36.531 54.9972 61.288 154.2086 58.0972 72.0836 76.3871 85.0252 54.8818 6.099 17.866 35.1042 34.6942 23.305 9.6363 2.7203 1057.4548 770.5071 770.5071 719.3549 96.6089 283.4175 141.2659 192.1461 328.7497 1078.8051 219.9795 402.5458 62.4242 16.2094 84.9402 50.7935 54.9992 1090.0427;
	0.7572 10.2309 22.893 29.9959 7.3017 7.3766 12.2745 2.7428 9.8307 16.0495 29.6672 44.2577 66.6297 63.4081 155.7904 58.6931 72.823 77.1706 81.5229 53.414 4.0915 17.212 40.6887 36.179 25.9561 11.8422 3.905 989.9014 726.5842 726.5842 694.5226 86.5825 271.7428 137.4879 198.7929 310.0093 918.0044 210.5079 374.3921 69.5253 17.3432 81.831 29.614 60.919 927.5669;
	0.7907 10.684 21.6354 1.9694 6.5127 7.4807 10.6164 1.8232 12.0661 16.7081 30.8846 46.0738 69.3639 64.0826 158.8001 59.827 74.2298 78.6614 68.6623 60.5596 3.5388 17.4549 52.7129 47.5211 26.9046 5.5618 3.302 875.7005 675.8943 675.8943 648.7718 75.9317 228.8742 155.8807 200.9075 288.3816 821.1662 203.3107 329.5931 72.0658 20.4964 82.9856 32.3109 52.7946 829.7201;
	0.8874 11.991 17.6711 27.1001 7.0713 0.9579 5.5382 1.248 8.9453 14.0605 25.9906 38.7729 58.3724 67.946 135.4189 51.0183 63.3005 67.0796 63.4783 49.1152 1.8461 2.235 47.2197 41.1648 25.8355 3.4168 2.1471 867.8412 543.1278 543.1278 564.2414 72.5048 211.5944 126.4225 213.0198 231.7345 644.5189 191.7107 232.4195 69.2023 27.636 10.6259 12.6355 22.8701 651.2326;
	0.4951 6.69 3.4778 2.6312 4.6746 0.011 3.8141 1.3959 10.7053 17.2099 31.8122 47.4575 71.447 66.8207 128.6785 48.4789 60.1497 63.7407 58.6356 45.1213 1.2714 0.0256 53.0371 36.0225 16.3318 7.9797 1.5333 802.7738 519.4233 519.4233 573.0214 71.7115 195.4519 116.1424 209.492 221.6206 720.826 180.0173 243.4768 43.746 31.5759 0.1216 7.9349 1.5608 728.3346;
	1.0136 13.6961 10.426 1.5498 2.3372 0.0021 0.1462 8.4674 0.0 20.8424 38.5268 57.4744 86.5274 67.7299 120.197 45.2835 56.1851 59.5394 60.0954 40.7526 0.0487 0.0048 70.4468 33.7661 17.1273 5.0089 1.8984 721.6382 519.6146 519.6146 629.9098 78.5654 200.3182 104.8974 212.3424 221.7022 704.6966 190.196 339.0692 45.8768 74.1138 0.023 16.9281 39.0266 712.0372;
	0.4289 5.7953 23.4696 34.7999 0.1625 0.0167 0.0287 2.4446 0.0 22.5383 41.6616 62.151 93.568 68.465 101.5548 38.2602 47.471 50.3051 0.0 56.3017 0.0096 0.039 71.7001 45.171 23.3114 8.5706 2.4051 795.555 472.2506 472.2506 616.8535 77.1772 0.0 144.9208 214.647 201.4936 659.4669 176.7592 323.4834 62.4412 86.6195 0.1854 1.789 36.7687 666.3364;
