function loadprofile = ex_load_profilesh1
%EX_LOAD_PROFILE  Example load profile data file for stochastic unit commitment.
% 2022.03.12
% Andres F. Ramirez

%% define constants
[CT_LABEL, CT_PROB, CT_TABLE, CT_TBUS, CT_TGEN, CT_TBRCH, CT_TAREABUS, ...
    CT_TAREAGEN, CT_TAREABRCH, CT_ROW, CT_COL, CT_CHGTYPE, CT_REP, ...
    CT_REL, CT_ADD, CT_NEWVAL, CT_TLOAD, CT_TAREALOAD, CT_LOAD_ALL_PQ, ...
    CT_LOAD_FIX_PQ, CT_LOAD_DIS_PQ, CT_LOAD_ALL_P, CT_LOAD_FIX_P, ...
    CT_LOAD_DIS_P, CT_TGENCOST, CT_TAREAGENCOST, CT_MODCOST_F, ...
    CT_MODCOST_X] = idx_ct;

loadprofile = struct( ...
    'type', 'mpcData', ...
    'table', CT_TAREALOAD, ...
    'rows', [1:11], ...
    'col', CT_LOAD_ALL_P, ...
    'chgtype', 1, ...
    'values', [] );
loadprofile.values(:,1,:) = [
	1570.9718 954.0565 1654.1103 562.4 719.1334 1108.1479 904.4261 281.2 472.0771 4513.3071 1709.5297;
	1536.8146 952.8 1651.4695 566.3783 747.0405 1116.402 913.687 294.9296 496.9411 4517.3854 1719.7005;
	1573.3309 968.9 1668.4683 568.8222 751.4951 1138.1998 904.2534 287.9 502.5 4516.1764 1736.4648;
	1638.8654 1046.2726 1803.125 583.9 790.7959 1207.2 959.1466 307.6 542.8937 4791.9255 1878.0738;
	1786.0181 1170.9894 2004.8568 625.6056 903.2769 1363.224 1052.7211 354.2 607.7063 5289.9022 2089.4389;
	1892.4137 1250.1764 2117.7007 643.5441 983.6492 1458.1543 1110.5222 363.9545 639.7074 5752.6451 2233.4896;
	1878.5662 1237.1 2112.1731 626.6 988.7991 1429.7396 1123.2988 382.9469 659.6112 6207.8694 2289.5355;
	1854.4629 1222.2416 2065.8837 608.7823 985.9412 1426.3443 1139.8154 372.3965 671.239 6429.5683 2268.8217;
	1852.3318 1223.6211 2091.5005 602.4 1006.5809 1406.7 1135.1056 358.1 677.5225 6508.0081 2244.9608;
	1800.9565 1188.0547 2065.3521 589.2411 988.4625 1413.6787 1175.7667 363.4 673.9945 6619.1164 2315.236;
	1802.3641 1126.2557 1992.3415 578.9547 954.3309 1329.3637 1092.0248 358.9 608.8851 6414.1118 2143.7428;
	1795.5 1148.8362 1990.0838 589.1 970.8738 1376.4042 1121.6909 352.2066 628.0959 6419.1904 2173.0439;
	1763.9058 1134.6928 1949.5627 566.5906 928.4606 1400.3025 1097.1553 348.0 614.8243 6481.1155 2140.4149;
	1753.0696 1149.5002 1891.5821 571.0 927.9 1389.1112 1107.6718 338.9 627.915 6443.6496 2135.9768;
	1780.1519 1167.2122 1930.8218 585.6 953.3085 1450.6262 1117.9 346.1655 653.5061 6488.7792 2181.1451;
	1735.3374 1116.9571 1865.5892 585.9475 958.3794 1456.1481 1114.3906 334.5469 645.7994 6404.7595 2218.0973;
	1777.275 1176.2567 1950.3472 608.6079 1000.0318 1530.5294 1185.5016 357.9314 677.3256 6471.0793 2437.535;
	1793.9261 1206.5766 2034.7774 633.3545 1042.3865 1635.4877 1243.4532 370.0358 686.5741 6455.8 2538.2542;
	1796.6991 1205.5889 1991.0284 632.1032 1036.8379 1554.9559 1218.3367 351.6645 691.022 6349.4162 2511.5485;
	1777.8049 1144.6851 1873.8311 612.1 976.1203 1495.5352 1181.0603 343.8776 664.3552 6184.9554 2400.6736;
	1674.1635 1054.8762 1761.8905 584.8 943.4413 1386.6114 1119.0144 332.8431 618.9898 5926.7172 2248.2775;
	1554.1302 990.2405 1654.0473 544.636 901.6729 1288.0757 1056.8876 317.2 562.9232 5515.1005 2049.2;
	1526.7208 981.9215 1633.0249 498.3495 855.583 1223.1 991.5 301.1389 561.9023 5163.5878 1896.0526;
	1469.6469 953.5 1580.199 532.905 838.0713 1211.7391 950.4 263.2207 531.7315 4832.9628 1778.8793;
];
