function loadprofile = ex_load_profilesh1
%EX_LOAD_PROFILE  Example load profile data file for stochastic unit commitment.
% 2022.03.12
% Andres F. Ramirez

%% define constants
[CT_LABEL, CT_PROB, CT_TABLE, CT_TBUS, CT_TGEN, CT_TBRCH, CT_TAREABUS, ...
    CT_TAREAGEN, CT_TAREABRCH, CT_ROW, CT_COL, CT_CHGTYPE, CT_REP, ...
    CT_REL, CT_ADD, CT_NEWVAL, CT_TLOAD, CT_TAREALOAD, CT_LOAD_ALL_PQ, ...
    CT_LOAD_FIX_PQ, CT_LOAD_DIS_PQ, CT_LOAD_ALL_P, CT_LOAD_FIX_P, ...
    CT_LOAD_DIS_P, CT_TGENCOST, CT_TAREAGENCOST, CT_MODCOST_F, ...
    CT_MODCOST_X] = idx_ct;

loadprofile = struct( ...
    'type', 'mpcData', ...
    'table', CT_TAREALOAD, ...
    'rows', [1:11], ...
    'col', CT_LOAD_ALL_P, ...
    'chgtype', 1, ...
    'values', [] );
loadprofile.values(:,1,:) = [
	1605.4589 971.6 1661.1436 526.9734 844.3366 1167.9077 946.8927 266.1573 555.3374 4742.6283 1777.6507;
	1589.8303 979.9276 1679.8158 500.5941 842.4646 1165.4001 924.2 265.9 545.8 4741.4855 1745.6784;
	1619.6685 1001.9573 1709.3252 524.0215 864.4273 1200.7805 945.2261 279.8151 558.9925 4749.5112 1782.9447;
	1656.4043 1063.0898 1817.0 553.9 918.5052 1262.3209 985.8978 301.0782 579.1742 4936.8218 1888.7141;
	1835.6399 1183.9249 1998.6503 596.6222 1042.3 1411.7691 1076.9793 340.1 652.5001 5493.2279 2125.0677;
	1983.5738 1259.9405 2113.4581 617.6038 1119.1194 1498.2444 1157.314 368.247 706.4271 6045.4422 2315.2;
	2005.5106 1247.0 2092.5693 605.6 1086.5776 1484.923 1173.9981 347.5476 722.9342 6419.136 2322.9264;
	1975.6691 1242.9 2049.7129 598.3491 1067.135 1476.2599 1186.5362 351.3138 711.8886 6579.8981 2341.1;
	1973.3299 1236.3816 2022.5362 602.1711 1078.7962 1467.1368 1167.8361 323.2761 701.33 6505.8 2240.8;
	1967.4856 1244.0679 2030.5263 580.7434 1080.7079 1479.6699 1184.7827 324.8829 698.8071 6631.5948 2303.2659;
	1916.8546 1241.6701 1971.0363 583.8326 1035.2072 1512.8015 1154.5695 326.5807 706.0679 6525.5253 2223.8173;
	1936.0752 1230.1374 1978.2453 577.6147 1064.3639 1505.7 1162.6257 317.8 683.369 6462.7533 2209.5296;
	1905.274 1227.7127 2010.5608 561.4 1070.6758 1492.0214 1167.2574 308.4173 692.6881 6413.3 2212.702;
	1894.6007 1211.7581 1978.6914 564.8836 1090.2198 1455.0694 1193.2 328.1796 720.9053 6490.4692 2248.7795;
	1936.7782 1255.1774 2026.482 570.8096 1092.6908 1486.7759 1264.6441 351.9961 794.6115 6549.8016 2313.2869;
	1930.2 1268.9842 2037.779 566.2 1098.2204 1535.4806 1281.8368 350.6342 772.9372 6561.7555 2365.4749;
	1924.3828 1269.128 2070.9 578.7 1142.3766 1606.4037 1373.1889 395.0118 771.7297 6660.2111 2505.8794;
	1955.7029 1288.6442 2096.8988 593.4817 1138.9615 1641.2937 1328.7357 408.3 798.8 6733.8396 2610.3997;
	1985.8356 1307.6534 2131.6566 605.7 1108.359 1617.3523 1390.714 418.8 807.9024 6718.3569 2741.9295;
	1905.0063 1233.5054 2007.4428 605.3908 1043.2338 1512.5305 1259.5515 386.7759 790.678 6348.1707 2497.9298;
	1802.733 1130.1931 1839.4066 589.5205 954.5701 1377.2184 1148.2282 345.8705 678.737 6079.6956 2278.4201;
	1662.517 1068.5023 1762.9458 561.5511 900.076 1305.3121 1091.769 322.4 629.0028 5721.3302 2166.4943;
	1618.8376 1011.3163 1654.9504 534.4431 821.0155 1202.1269 1019.3016 296.9 640.7807 5602.1934 2102.2917;
	1603.0033 978.0236 1665.7184 543.1435 835.8535 1189.3 998.0843 283.4757 629.8069 5308.1348 2108.0208;
];
