function solarprofile = ex_solar_profilesh1
%EX_WIND_PROFILE_D  Example wind_load_nyiso profile data for deterministic unit commitment.
% 2022.03.12
% Andres F. Ramirez


%% define constants
[GEN_BUS, PG, QG, QMAX, QMIN, VG, MBASE, GEN_STATUS, PMAX, PMIN, ...
    MU_PMAX, MU_PMIN, MU_QMAX, MU_QMIN, PC1, PC2, QC1MIN, QC1MAX, ...
    QC2MIN, QC2MAX, RAMP_AGC, RAMP_10, RAMP_30, RAMP_Q, APF] = idx_gen;
[CT_LABEL, CT_PROB, CT_TABLE, CT_TBUS, CT_TGEN, CT_TBRCH, CT_TAREABUS, ...
    CT_TAREAGEN, CT_TAREABRCH, CT_ROW, CT_COL, CT_CHGTYPE, CT_REP, ...
    CT_REL, CT_ADD, CT_NEWVAL, CT_TLOAD, CT_TAREALOAD, CT_LOAD_ALL_PQ, ...
    CT_LOAD_FIX_PQ, CT_LOAD_DIS_PQ, CT_LOAD_ALL_P, CT_LOAD_FIX_P, ...
    CT_LOAD_DIS_P, CT_TGENCOST, CT_TAREAGENCOST, CT_MODCOST_F, ...
    CT_MODCOST_X] = idx_ct;

solarprofile = struct( ...
    'type', 'mpcData', ...
    'table', CT_TGEN, ...
    'rows', [1:12], ...
    'col', PMAX, ...
    'chgtype', 1, ...
    'values', [] );
solarprofile.values(:,1,:) = [
	0.0 0.0 0.0 0.0 0.0 0.0 0.0 0.0 0.0 0.0 0.0 0.0;
	0.0 0.0 0.0 0.0 0.0 0.0 0.0 0.0 0.0 0.0 0.0 0.0;
	0.0 0.0 0.0 0.0 0.0 0.0 0.0 0.0 0.0 0.0 0.0 0.0;
	0.0 0.0 0.0 0.0 0.0 0.0 0.0 0.0 0.0 0.0 0.0 0.0;
	0.0 0.0 0.0 0.0 0.0 0.0 0.0 0.0 0.0 0.0 0.0 0.0;
	0.1575 0.1621 0.24 0.0 0.0 0.0 0.0 0.0 0.0 0.0 0.0 0.0;
	5.5401 6.2462 1.6725 0.5759 0.0 92.8659 11.6082 40.2677 70.5707 47.0134 22.3506 85.1416;
	17.1819 13.9974 7.8444 0.9302 0.7082 192.7325 24.0916 49.1444 45.9165 78.03 40.2181 141.3129;
	23.0452 16.6083 13.5985 2.0333 2.3278 243.5441 30.443 51.7602 45.6411 73.4445 71.8546 133.0084;
	25.4822 16.474 13.7623 2.8982 3.856 259.9221 32.4903 58.5695 106.357 47.5516 59.7012 86.1163;
	25.3229 16.525 13.4289 3.2887 3.6733 313.5132 39.1892 63.665 162.6982 87.444 77.4506 158.3616;
	25.6712 16.4664 13.3169 3.8265 3.3603 346.3724 43.2965 64.3007 178.4172 94.8109 82.058 171.7032;
	25.8343 16.5546 13.7855 7.9174 8.5562 416.2105 52.0263 69.5845 218.2447 284.9069 165.1219 515.9681;
	23.0856 16.3896 13.7737 7.9991 8.3761 407.5113 50.9389 67.4853 202.3673 307.7875 157.5135 557.4051;
	17.5765 15.8603 13.3553 5.7841 7.4932 374.2202 46.7775 63.4457 185.224 268.3424 112.4167 485.9696;
	6.865 7.6227 6.1583 4.2578 10.4332 291.3686 36.4211 49.4924 162.7741 252.9934 127.6108 458.1726;
	0.9119 0.7541 0.5427 1.5408 3.6259 59.3756 7.4219 10.0484 37.706 67.3589 40.8876 121.9874;
	0.0 0.0 0.0 0.0 0.0 0.0 0.0 0.0 0.0 0.0 0.0 0.0;
	0.0 0.0 0.0 0.0 0.0 0.0 0.0 0.0 0.0 0.0 0.0 0.0;
	0.0 0.0 0.0 0.0 0.0 0.0 0.0 0.0 0.0 0.0 0.0 0.0;
	0.0 0.0 0.0 0.0 0.0 0.0 0.0 0.0 0.0 0.0 0.0 0.0;
	0.0 0.0 0.0 0.0 0.0 0.0 0.0 0.0 0.0 0.0 0.0 0.0;
	0.0 0.0 0.0 0.0 0.0 0.0 0.0 0.0 0.0 0.0 0.0 0.0;
	0.0 0.0 0.0 0.0 0.0 0.0 0.0 0.0 0.0 0.0 0.0 0.0;
];
