function loadprofile = ex_load_profilesh1
%EX_LOAD_PROFILE  Example load profile data file for stochastic unit commitment.
% 2022.03.12
% Andres F. Ramirez

%% define constants
[CT_LABEL, CT_PROB, CT_TABLE, CT_TBUS, CT_TGEN, CT_TBRCH, CT_TAREABUS, ...
    CT_TAREAGEN, CT_TAREABRCH, CT_ROW, CT_COL, CT_CHGTYPE, CT_REP, ...
    CT_REL, CT_ADD, CT_NEWVAL, CT_TLOAD, CT_TAREALOAD, CT_LOAD_ALL_PQ, ...
    CT_LOAD_FIX_PQ, CT_LOAD_DIS_PQ, CT_LOAD_ALL_P, CT_LOAD_FIX_P, ...
    CT_LOAD_DIS_P, CT_TGENCOST, CT_TAREAGENCOST, CT_MODCOST_F, ...
    CT_MODCOST_X] = idx_ct;

loadprofile = struct( ...
    'type', 'mpcData', ...
    'table', CT_TAREALOAD, ...
    'rows', [1:11], ...
    'col', CT_LOAD_ALL_P, ...
    'chgtype', 1, ...
    'values', [] );
loadprofile.values(:,1,:) = [
	1520.8326 966.8836 1631.2273 548.8681 895.0483 1113.3152 863.8436 253.5542 494.8 4450.7772 1707.3299;
	1531.4453 976.9876 1623.0772 548.9214 864.4346 1118.4 864.7901 246.1575 490.267 4382.7627 1680.6312;
	1545.8 994.0371 1677.9488 570.1511 891.9072 1163.1 889.9641 259.8246 505.3 4442.4282 1728.2564;
	1613.4029 1065.3 1791.2262 572.7761 958.2052 1218.5361 926.3 287.4234 523.5156 4657.248 1843.0365;
	1768.7482 1171.3519 1986.7 607.7426 1050.3027 1349.0127 1041.2955 329.8 585.782 5222.9012 2083.2092;
	1878.3675 1259.3575 2128.4882 614.7279 1153.3201 1447.0088 1106.3742 364.6275 633.4566 5767.5856 2189.7994;
	1902.8225 1255.4487 2141.5564 587.2057 1142.6029 1462.2 1126.9253 375.5 669.0633 6170.9509 2218.9;
	1891.5 1257.6 2143.8287 584.0058 1157.865 1476.4424 1141.2 387.3096 675.3939 6450.8696 2261.7972;
	1885.6 1231.5445 2094.6504 566.3826 1133.1386 1451.0221 1093.8274 370.6786 664.4552 6383.8817 2186.0653;
	1813.5926 1183.4614 2053.2706 562.0552 1111.998 1431.0332 1115.9411 358.2482 678.3475 6480.6395 2200.1677;
	1814.4386 1199.6482 2047.4221 571.2656 1097.8 1452.0745 1068.5733 361.6 678.0 6451.7025 2225.1902;
	1813.5836 1177.2638 2018.2951 561.3679 1078.1579 1380.5885 1022.0132 350.5 648.4523 6365.9833 2074.3313;
	1816.3293 1171.4365 1998.0411 580.2115 1090.2732 1393.3 1027.9209 349.003 655.9197 6432.5648 2224.6205;
	1827.8676 1180.8619 1969.9009 569.1418 1072.4997 1352.7772 1059.4452 360.8655 662.8723 6497.4293 2223.4482;
	1808.0197 1178.0278 1943.6474 561.9 1055.7 1383.8256 1057.6 358.0767 677.8 6412.2699 2207.3737;
	1813.3366 1209.0244 2014.833 581.4519 1110.4678 1468.0336 1130.4988 385.9367 714.1296 6497.7186 2350.4901;
	1914.795 1302.1809 2072.0 583.6 1155.9147 1566.9657 1252.3268 438.9137 726.1 6418.9398 2606.2191;
	1877.3777 1293.3447 2080.2 593.0469 1202.4653 1587.3655 1264.9421 418.7 745.6154 6365.033 2609.3002;
	1902.4392 1283.677 2090.3236 569.2668 1188.2682 1574.0 1286.8163 426.5218 741.0285 6310.9031 2623.0835;
	1896.8575 1259.0362 2003.0 584.0 1127.655 1487.2241 1201.5081 400.4829 710.1617 6039.9923 2445.9046;
	1812.5017 1143.6 1868.9799 560.9192 1045.6794 1341.1886 1115.4276 360.6738 664.7847 5739.9353 2296.0121;
	1670.2357 1072.7 1752.0016 556.3617 972.1443 1235.3 1027.8474 312.5618 609.7295 5234.371 2100.032;
	1549.0283 1001.2169 1716.8 557.0 947.6 1178.1045 929.74 264.7859 511.6533 4711.3909 1876.348;
	1494.9921 948.1293 1677.9198 566.8 936.4919 1131.8758 899.9676 245.5865 485.5385 4229.5835 1732.1567;
];
