function windprofile = ex_wind_profilesh1
%EX_WIND_PROFILE_D  Example wind_load_nyiso profile data for deterministic unit commitment.
% 2022.03.12
% Andres F. Ramirez


%% define constants
[GEN_BUS, PG, QG, QMAX, QMIN, VG, MBASE, GEN_STATUS, PMAX, PMIN, ...
    MU_PMAX, MU_PMIN, MU_QMAX, MU_QMIN, PC1, PC2, QC1MIN, QC1MAX, ...
    QC2MIN, QC2MAX, RAMP_AGC, RAMP_10, RAMP_30, RAMP_Q, APF] = idx_gen;
[CT_LABEL, CT_PROB, CT_TABLE, CT_TBUS, CT_TGEN, CT_TBRCH, CT_TAREABUS, ...
    CT_TAREAGEN, CT_TAREABRCH, CT_ROW, CT_COL, CT_CHGTYPE, CT_REP, ...
    CT_REL, CT_ADD, CT_NEWVAL, CT_TLOAD, CT_TAREALOAD, CT_LOAD_ALL_PQ, ...
    CT_LOAD_FIX_PQ, CT_LOAD_DIS_PQ, CT_LOAD_ALL_P, CT_LOAD_FIX_P, ...
    CT_LOAD_DIS_P, CT_TGENCOST, CT_TAREAGENCOST, CT_MODCOST_F, ...
    CT_MODCOST_X] = idx_ct;

windprofile = struct( ...
    'type', 'mpcData', ...
    'table', CT_TGEN, ...
    'rows', [1:45], ...
    'col', PMAX, ...
    'chgtype', 1, ...
    'values', [] );
windprofile.values(:,1,:) = [
	3.7672 50.9035 93.8555 114.2779 15.0613 31.8524 27.6188 11.1751 28.2347 29.5923 54.7008 81.6029 122.8527 65.1335 163.0841 61.441 76.2323 80.7835 83.8403 67.8742 9.2063 74.3223 72.2715 83.6096 88.5806 59.7454 8.8227 1171.0462 793.7067 793.7067 739.4017 115.4541 279.4678 174.7084 204.2024 338.6482 1182.2577 289.785 442.3717 237.2694 113.1327 353.3495 195.5322 241.7587 1194.5729;
	3.7666 50.8956 91.5273 111.394 14.9229 32.3157 26.1924 10.1433 27.6661 27.3808 50.6131 75.5047 113.672 63.675 170.9671 64.4109 79.9172 84.6884 77.2232 64.5694 8.7308 75.4032 69.7314 84.7934 91.2455 61.5781 7.6354 1156.4872 750.6076 750.6076 723.6926 108.8955 257.4106 166.2019 199.6296 320.2593 1174.9033 259.8516 436.1265 244.4076 111.8916 358.4883 197.6897 251.1644 1187.1419;
	3.8374 51.8521 92.19 104.57 15.2305 33.9038 25.0302 10.159 28.1836 27.6493 51.1093 76.245 114.7864 63.285 162.013 61.0374 75.7316 80.2529 84.2218 62.7628 8.3434 79.1089 65.5295 86.648 83.2054 60.9415 8.6373 1182.8527 784.9968 784.9968 760.2681 112.4197 280.7394 161.5515 198.4069 334.932 1190.4204 273.8439 450.2829 222.8717 114.0633 376.1061 188.4512 263.1456 1202.8206;
	3.7562 50.7549 88.7654 105.4379 15.0409 33.0089 21.6544 10.4813 27.8652 27.638 51.0883 76.2138 114.7394 59.4418 159.4261 60.0629 74.5224 78.9715 84.125 59.7828 7.2181 77.0207 66.2663 82.1627 76.6655 53.9253 7.8685 1110.3307 764.8882 764.8882 742.4809 110.0707 280.4166 153.881 186.3582 326.3523 1143.8001 261.9441 431.8191 205.354 109.0915 366.1784 185.3579 251.3623 1155.7147;
	3.7884 51.1894 86.3761 85.7039 15.171 33.3682 19.5883 9.1362 25.7837 28.154 52.0422 77.6368 116.8817 64.5262 168.1716 63.3577 78.6105 83.3036 87.1612 62.8006 6.5294 77.8592 68.3157 82.9872 69.019 51.965 7.6065 1100.4804 798.1605 798.1605 746.7138 103.2209 290.5374 161.649 202.2984 340.5485 1140.7223 259.475 395.0903 184.8724 107.5666 370.1649 199.8395 242.5048 1152.6048;
	3.7105 50.1368 83.2769 80.0782 14.5446 32.2841 16.2318 6.6688 25.5392 27.9991 51.756 77.2098 116.2389 63.3229 160.2523 60.3741 74.9086 79.3808 87.294 61.7762 5.4106 75.3296 65.3536 79.823 52.9846 35.7745 5.4022 1108.1261 732.9705 732.9705 696.202 93.4801 290.9801 159.0121 198.5257 312.7341 1091.6949 232.2897 327.8835 141.923 99.6205 358.1384 193.2487 198.517 1103.0667;
	3.5915 48.5285 74.9027 68.1038 15.2047 31.364 14.54 5.5175 19.0609 26.2319 48.4893 72.3365 108.9022 66.4279 145.1395 54.6805 67.8443 71.8947 86.546 64.0753 4.8467 73.1827 60.4576 80.8397 48.9236 26.2538 4.5003 1176.5292 718.2801 718.2801 594.5106 64.9537 288.4867 164.93 208.2603 306.4662 1119.7695 212.1356 260.785 131.0453 79.0232 347.9314 171.6062 143.2969 1131.4337;
	3.6804 49.7303 73.1973 71.4799 14.8682 31.1331 14.6987 4.9611 16.5935 22.6733 41.9112 62.5232 94.1284 68.0865 134.2417 50.5748 62.7502 66.4965 85.3573 58.8586 4.8996 72.6439 50.3895 80.7046 55.2869 19.3858 2.9084 1218.2023 671.1865 671.1865 629.2905 64.1159 284.5243 151.5021 213.4605 286.3729 1069.7235 220.7855 240.5155 148.0899 78.1462 345.3698 161.2514 147.019 1080.8664;
	3.0517 41.2354 62.1492 66.471 14.872 24.7541 15.3611 3.8409 21.0909 20.0919 37.1397 55.4051 83.412 66.1746 138.1418 52.0441 64.5733 68.4284 85.1129 61.9101 5.1204 57.7596 47.0672 75.9847 51.9753 12.8063 2.5345 1176.4415 759.6731 759.6731 765.8868 94.8105 283.7096 159.3567 207.4662 324.1272 1062.0851 254.0323 237.9487 139.2195 57.2666 274.6058 146.9566 164.9492 1073.1484;
	2.6981 36.4576 51.3631 59.4441 15.1657 19.2581 20.3584 2.3665 22.6089 12.6211 23.3299 34.8036 52.3966 63.8786 146.5167 55.1993 68.4881 72.5769 84.1284 60.284 6.7861 44.9355 35.8585 64.7592 30.5563 7.5519 1.2421 1135.2503 781.0656 781.0656 766.268 106.8841 280.4279 155.1711 200.2681 333.2546 1120.4104 243.5554 365.59 81.8472 48.7638 213.6362 129.9566 124.1072 1132.0814;
	2.2125 29.8959 36.9526 44.5018 14.5757 14.9158 19.5594 1.2763 20.862 12.9468 23.932 35.7018 53.7488 63.6052 151.8958 57.2259 71.0025 75.2414 84.0291 67.1235 6.5198 34.8036 24.7065 53.5468 21.7203 7.4877 1.034 1102.2179 794.0659 794.0659 752.9791 104.8315 280.097 172.7761 199.4108 338.8014 1059.9809 240.9429 403.2423 58.1794 41.0552 165.4662 87.3077 92.155 1071.0224;
	1.5484 20.9228 26.9433 26.4898 10.7586 11.1112 20.108 1.2277 18.0796 6.9924 12.9253 19.282 29.0289 61.7883 157.8499 59.469 73.7857 78.1908 77.7912 65.3196 6.7027 25.9261 20.6241 35.1312 17.7126 6.771 0.6611 963.8405 710.5026 710.5026 692.918 106.4588 259.3042 168.1329 193.7148 303.1478 979.7705 212.2263 399.4913 47.4444 29.5969 123.2603 66.5946 67.964 989.9764;
	1.1085 14.9785 26.0375 26.7839 9.7124 8.1945 19.3045 1.9495 15.8006 13.1136 24.2403 36.1617 54.4413 57.0992 170.7615 64.3334 79.8211 84.5865 82.0015 65.9207 6.4348 19.1205 29.3882 36.4491 19.2108 10.0484 2.1171 916.6282 729.0067 729.0067 698.4162 101.9249 273.3384 169.6801 179.0136 311.0429 960.7956 216.4563 422.5212 51.4576 31.1803 90.9045 49.8677 43.3716 970.8039;
	0.93 12.5667 23.5208 31.9864 8.2402 8.9995 13.5946 2.7132 13.4328 16.3055 30.1404 44.9636 67.6924 57.6177 177.7007 66.9477 83.0647 88.0238 78.8143 67.1597 4.5315 20.9989 31.5028 36.1504 24.4738 13.6395 3.6229 877.4117 685.6846 685.6846 689.2962 96.1693 262.7144 172.8692 180.6391 292.5588 833.9973 212.9728 405.9139 65.5548 34.9188 99.8347 39.7951 50.2835 842.6847;
	0.9378 12.6719 25.1772 18.2688 7.3712 10.3627 11.109 2.3579 13.5134 15.9726 29.5251 44.0457 66.3106 57.4 167.5781 63.1341 78.333 83.0096 68.9989 68.4436 3.703 24.1796 49.2627 47.9198 25.3286 7.4742 3.4897 805.8149 584.5838 584.5838 590.1452 78.9721 229.9963 176.174 179.9567 249.4224 744.2343 190.6015 324.083 67.8445 32.5928 114.9568 37.1942 49.0289 751.9867;
	1.004 13.5668 19.5412 31.9677 7.8868 28.4196 5.492 1.4645 10.0861 11.6622 21.5573 32.1593 48.4157 59.7987 165.6642 62.413 77.4384 82.0616 75.9465 68.0931 1.8307 66.3125 50.1805 45.0056 24.3612 4.7726 2.2832 760.7376 493.1067 493.1067 558.8253 80.0903 253.1551 175.2718 187.4769 210.3922 593.7652 191.3321 216.6643 65.2532 34.3884 315.2685 48.0198 15.6599 599.9503;
	0.5779 7.8094 26.6782 42.9063 6.6721 19.575 3.5478 1.8352 11.9906 17.109 31.6257 47.1793 71.0282 57.2188 164.2011 61.8618 76.7545 81.3368 74.6069 64.4797 1.1826 45.675 49.9665 42.8342 16.4842 9.8073 1.6375 781.2126 471.3935 471.3935 561.9162 80.872 248.6895 165.971 179.3886 201.1279 679.2738 183.6252 224.6199 44.154 36.426 217.1522 26.7113 47.9593 686.3496;
	1.1982 16.1906 18.1172 60.2446 3.3423 24.4139 6.1124 1.4431 24.3055 19.5041 36.0531 53.7841 80.9717 64.7064 135.4535 51.0313 63.3166 67.0967 82.2879 55.9186 2.0375 56.9659 59.6896 31.4541 13.5463 3.6944 1.6784 744.3082 521.1122 521.1122 614.4009 90.2263 274.293 143.9345 202.8632 222.3412 704.1589 193.3814 355.4604 36.2846 74.2041 270.832 34.3024 27.0682 711.4939;
