function windprofile = ex_wind_profilesh1
%EX_WIND_PROFILE_D  Example wind_load_nyiso profile data for deterministic unit commitment.
% 2022.03.12
% Andres F. Ramirez


%% define constants
[GEN_BUS, PG, QG, QMAX, QMIN, VG, MBASE, GEN_STATUS, PMAX, PMIN, ...
    MU_PMAX, MU_PMIN, MU_QMAX, MU_QMIN, PC1, PC2, QC1MIN, QC1MAX, ...
    QC2MIN, QC2MAX, RAMP_AGC, RAMP_10, RAMP_30, RAMP_Q, APF] = idx_gen;
[CT_LABEL, CT_PROB, CT_TABLE, CT_TBUS, CT_TGEN, CT_TBRCH, CT_TAREABUS, ...
    CT_TAREAGEN, CT_TAREABRCH, CT_ROW, CT_COL, CT_CHGTYPE, CT_REP, ...
    CT_REL, CT_ADD, CT_NEWVAL, CT_TLOAD, CT_TAREALOAD, CT_LOAD_ALL_PQ, ...
    CT_LOAD_FIX_PQ, CT_LOAD_DIS_PQ, CT_LOAD_ALL_P, CT_LOAD_FIX_P, ...
    CT_LOAD_DIS_P, CT_TGENCOST, CT_TAREAGENCOST, CT_MODCOST_F, ...
    CT_MODCOST_X] = idx_ct;

windprofile = struct( ...
    'type', 'mpcData', ...
    'table', CT_TGEN, ...
    'rows', [1:45], ...
    'col', PMAX, ...
    'chgtype', 1, ...
    'values', [] );
windprofile.values(:,1,:) = [
	3.8131 51.5229 91.8689 114.9256 14.8597 31.6388 25.3181 12.9439 26.8531 29.5183 54.5641 81.3989 122.5457 68.0208 186.9703 70.44 87.3977 92.6155 85.4119 69.938 8.4394 73.8239 73.9179 89.7704 101.0317 68.4999 9.9824 1134.3476 742.2382 742.2382 593.9828 103.5822 284.7063 180.0207 213.2543 316.6883 1069.1117 242.2002 444.8962 270.6207 116.6536 350.9797 186.6903 257.2999 1080.2483;
	3.8643 52.2145 90.0528 113.1992 14.3151 32.0643 27.2114 11.19 26.6891 27.8434 51.4681 76.7803 115.5924 68.6549 189.774 71.4962 88.7083 94.0043 85.956 69.4329 9.0705 74.8168 73.781 87.684 99.4909 64.3567 8.4484 1188.2177 771.2838 771.2838 677.5996 111.3554 286.5199 178.7204 215.2424 329.0811 1196.0742 242.1838 452.8613 266.4936 119.4756 355.7003 197.1547 253.28 1208.5333;
	3.8567 52.1129 92.2252 105.3575 14.8071 32.7688 25.5446 10.7452 27.5047 28.5431 52.7615 78.7098 118.4972 66.7176 184.5221 69.5176 86.2534 91.4028 85.1322 69.4312 8.5149 76.4605 70.498 89.7182 94.5635 65.6523 9.5236 1203.8058 784.8282 784.8282 662.7552 108.8264 283.7739 178.7161 209.1687 334.86 1163.2616 244.9857 459.0971 253.295 121.2415 363.515 182.2199 266.4592 1175.3789;
	3.882 52.4541 93.0687 109.3423 14.79 33.3576 23.9241 11.5694 27.2046 27.5782 50.9778 76.0489 114.4912 65.0534 182.7166 68.8374 85.4094 90.5084 86.6121 68.0656 7.9747 77.8344 68.3462 89.8181 89.7067 64.6397 8.8811 1245.2142 829.4383 829.4383 716.0617 110.9583 288.707 175.2011 203.9512 353.8937 1223.0698 248.736 455.7113 240.2857 117.4498 370.0467 195.3251 268.2358 1235.8101;
	3.8078 51.4518 85.8123 86.8701 14.4487 31.835 20.4079 7.6706 24.1659 26.6014 49.1723 73.3554 110.4362 65.7269 178.7664 67.3492 83.5629 88.5517 87.7496 68.5179 6.8026 74.2816 65.1243 85.8986 69.7909 54.675 7.2313 1294.1314 813.2691 813.2691 672.2823 104.1324 292.4987 176.3653 206.0627 346.9948 1218.5713 230.0206 418.5518 186.9398 112.0846 353.1558 201.11 235.1862 1231.2647;
	3.9092 52.8224 87.6238 85.7777 14.4611 32.0053 18.4383 6.6687 25.7811 28.2641 52.2458 77.9404 117.3389 64.4182 169.1464 63.7249 79.0661 83.7865 85.5004 67.9309 6.1461 74.679 66.6615 84.8936 56.017 38.9387 6.0115 1293.1008 781.8357 781.8357 606.8264 97.9856 285.0013 174.8544 201.9598 333.5832 1232.0424 207.0083 356.7823 150.0455 104.4819 355.0455 196.3177 196.2657 1244.8762;
	3.5697 48.2347 75.5607 68.5617 14.5348 29.17 15.7415 4.9376 19.635 27.6723 51.1519 76.3085 114.8821 62.5232 168.4024 63.4446 78.7183 83.4179 83.8412 67.1242 5.2472 68.0634 68.429 77.7114 47.3316 23.4138 4.6292 1313.3806 736.8553 736.8553 509.2634 68.6746 279.4707 172.7778 196.0188 314.3916 1159.6211 190.3282 275.4663 126.781 86.734 323.5931 160.5002 137.2573 1171.7005;
	3.6477 49.2883 74.5837 72.9141 14.6857 28.4698 15.0606 5.0379 15.1444 23.7835 43.9634 65.5847 98.7374 66.7144 168.3991 63.4434 78.7168 83.4163 80.6989 66.486 5.0202 66.4295 53.8653 82.5811 59.4831 19.2133 3.6037 1301.9112 736.802 736.802 559.644 68.2223 268.9962 171.135 209.1588 314.3689 1161.5577 200.4486 242.1918 159.3298 89.614 315.8249 147.7798 152.8153 1173.6572;
	3.0479 41.1839 59.1335 63.0883 14.049 23.5956 14.4863 3.1112 19.6293 21.2135 39.2129 58.4979 88.0682 65.0177 170.3905 64.1936 79.6477 84.4028 74.2429 60.8268 4.8288 55.0563 45.6046 78.3365 53.9118 10.2234 1.8676 1283.3019 793.5472 793.5472 703.2167 92.3124 247.4763 156.5682 203.8392 338.5801 1177.2057 247.1225 229.9795 144.4066 58.6543 261.7533 129.0311 160.8366 1189.4682;
	2.6466 35.7609 46.5992 59.1632 14.0155 17.6998 19.0318 1.4402 22.6229 19.7986 36.5975 54.5962 82.1943 66.3045 179.5386 67.6401 83.9239 88.9343 86.1616 65.2892 6.3439 41.2995 43.4562 58.9889 27.5677 1.8699 0.8538 1087.7545 784.9577 784.9577 688.6821 102.9554 287.2053 168.0546 207.8736 334.9153 1116.4202 229.3293 331.1526 73.842 46.4322 196.3498 118.6252 121.8599 1128.0496;
	2.2802 30.8105 35.8038 47.7018 13.4503 14.3177 18.3072 1.1971 20.6461 16.3673 30.2546 45.134 67.9489 67.2783 168.7021 63.5575 78.8584 83.5664 87.1648 67.1771 6.1024 33.408 35.0372 47.729 20.5817 3.2387 1.4382 1073.9573 824.1525 824.1525 718.6696 105.3738 290.5494 172.9141 210.9265 351.6384 1126.1196 232.8163 370.416 55.1296 38.3598 158.8312 90.5159 91.2695 1137.85;
	1.5508 20.9545 28.9581 29.0753 10.2474 10.8987 18.9495 1.4363 19.0437 15.431 28.524 42.5522 64.0622 66.5804 162.052 61.0521 75.7499 80.2722 85.2313 53.3113 6.3165 25.4303 36.3111 34.5702 17.4651 5.8655 3.6211 974.7052 751.2473 751.2473 660.2842 106.925 284.1045 137.2233 208.7386 320.5322 1030.1352 211.4159 379.3081 46.7816 28.7086 120.9031 67.1914 74.1655 1040.8658;
	1.1137 15.0484 27.2187 26.7938 8.9767 8.4797 18.6643 2.2532 16.4788 14.1855 26.2217 39.1177 58.8915 63.6679 175.9554 66.2902 82.2489 87.1593 86.1814 62.9594 6.2214 19.7861 40.3028 30.6116 18.0237 8.7544 2.6732 993.0765 796.4762 796.4762 674.1376 98.6571 287.2715 162.0576 199.6074 339.8298 1072.8888 220.237 420.2032 48.2777 26.919 94.0687 52.0222 54.1468 1084.0648;
	0.883 11.9311 25.8929 36.2725 7.7681 9.0694 14.5429 2.8963 17.9257 18.5244 34.2421 51.0825 76.9044 66.3177 184.8181 69.6292 86.3917 91.5495 89.8819 66.6785 4.8476 21.1619 53.7753 39.3298 25.7681 11.7509 3.9971 938.5014 735.0959 735.0959 649.881 95.6856 299.6065 171.6306 207.9148 313.6409 905.8766 222.2673 426.2854 69.0218 34.0082 100.6098 42.1528 62.6014 915.3128;
	0.8599 11.6188 23.103 28.606 6.1703 9.0694 12.1242 2.131 14.0264 17.3364 32.046 47.8064 71.9722 64.5976 177.5014 66.8726 82.9716 87.9251 82.2985 65.1982 4.0414 21.1618 50.0948 43.5106 23.8791 4.5698 3.3855 877.721 665.9664 665.9664 621.5942 84.493 274.3283 167.8204 202.5223 284.1457 816.2038 211.7254 346.9032 63.9618 33.2971 100.6093 39.2681 52.284 824.7059;
	0.9117 12.3187 16.9504 28.7464 6.8028 3.4353 6.3026 1.2887 11.0248 14.8094 27.375 40.8381 61.4815 67.0663 176.4801 66.4879 82.4942 87.4192 81.2682 66.8315 2.1009 8.0156 39.1174 36.7911 21.8693 3.3281 2.0202 884.3803 564.4471 564.4471 548.5845 82.5332 270.8939 172.0244 210.262 240.8308 658.9233 197.8817 241.5811 58.5785 29.291 38.1085 21.959 22.9197 665.7871;
	0.6325 8.5471 32.7502 58.7622 6.4399 14.7001 3.7602 0.2834 12.2293 17.4426 32.2423 48.0992 72.413 63.3657 179.263 67.5363 83.795 88.7977 81.2011 63.6602 1.2534 34.3002 37.7376 41.0807 16.7113 12.3155 1.497 843.8105 519.2936 519.2936 553.5455 78.0766 270.6704 163.8615 198.6599 221.5653 754.5981 188.1055 223.6601 44.7625 34.2804 163.0729 24.464 57.7444 762.4585;
	1.176 15.8901 36.2321 33.4169 2.8976 5.0855 1.2943 0.0 4.7216 19.7777 36.5588 54.5385 82.1074 64.303 147.2174 55.4633 68.8156 72.924 81.6391 55.6607 0.4314 11.8663 59.1999 38.8823 14.1909 3.2462 1.1092 732.5801 488.6267 488.6267 554.7048 84.5926 272.1302 143.2708 201.5985 208.4807 682.1979 202.3501 310.0258 38.0113 78.6056 56.4156 14.8191 60.0167 689.3041;
