function solarprofile = ex_solar_profilesh1
%EX_WIND_PROFILE_D  Example wind_load_nyiso profile data for deterministic unit commitment.
% 2022.03.12
% Andres F. Ramirez


%% define constants
[GEN_BUS, PG, QG, QMAX, QMIN, VG, MBASE, GEN_STATUS, PMAX, PMIN, ...
    MU_PMAX, MU_PMIN, MU_QMAX, MU_QMIN, PC1, PC2, QC1MIN, QC1MAX, ...
    QC2MIN, QC2MAX, RAMP_AGC, RAMP_10, RAMP_30, RAMP_Q, APF] = idx_gen;
[CT_LABEL, CT_PROB, CT_TABLE, CT_TBUS, CT_TGEN, CT_TBRCH, CT_TAREABUS, ...
    CT_TAREAGEN, CT_TAREABRCH, CT_ROW, CT_COL, CT_CHGTYPE, CT_REP, ...
    CT_REL, CT_ADD, CT_NEWVAL, CT_TLOAD, CT_TAREALOAD, CT_LOAD_ALL_PQ, ...
    CT_LOAD_FIX_PQ, CT_LOAD_DIS_PQ, CT_LOAD_ALL_P, CT_LOAD_FIX_P, ...
    CT_LOAD_DIS_P, CT_TGENCOST, CT_TAREAGENCOST, CT_MODCOST_F, ...
    CT_MODCOST_X] = idx_ct;

solarprofile = struct( ...
    'type', 'mpcData', ...
    'table', CT_TGEN, ...
    'rows', [1:12], ...
    'col', PMAX, ...
    'chgtype', 1, ...
    'values', [] );
solarprofile.values(:,1,:) = [
	0.0 0.0 0.0 0.0 0.0 0.0 0.0 0.0 0.0 0.0 0.0 0.0;
	0.0 0.0 0.0 0.0 0.0 0.0 0.0 0.0 0.0 0.0 0.0 0.0;
	0.0 0.0 0.0 0.0 0.0 0.0 0.0 0.0 0.0 0.0 0.0 0.0;
	0.0 0.0 0.0 0.0 0.0 0.0 0.0 0.0 0.0 0.0 0.0 0.0;
	0.0 0.0 0.0 0.0 0.0 0.0 0.0 0.0 0.0 0.0 0.0 0.0;
	0.1575 0.1626 0.2454 0.0 0.0 0.0 0.0 0.0 0.0 0.0 0.0 0.0;
	12.8702 8.7081 8.8728 2.9454 3.2889 7.2529 0.9066 14.3101 38.033 23.5883 24.3042 42.7185;
	18.3988 13.446 11.4047 4.5507 5.6285 11.5324 1.4415 25.6222 18.3572 117.2321 67.3535 212.308;
	22.9744 16.5745 13.8 6.5172 7.6596 43.1641 5.3955 20.7625 12.7674 220.2756 117.4906 398.9205;
	25.722 16.474 13.8197 6.5185 7.4761 40.147 5.0184 5.0523 11.3273 262.9601 219.2251 476.2223;
	26.161 16.6606 13.9656 6.194 6.1989 55.4825 6.9353 9.9771 36.4352 254.8108 251.8073 461.4639;
	26.3424 16.8192 14.0025 5.3434 4.398 58.3991 7.2999 23.679 76.8542 248.3632 252.8518 449.7873;
	26.4528 17.0812 14.0728 7.766 7.5398 161.4966 20.1871 59.6886 110.3562 341.4098 266.904 618.2951;
	24.2788 16.7943 13.8929 8.3567 7.7243 185.6884 23.211 59.281 62.3814 336.3715 253.8661 609.1709;
	19.1373 16.0738 12.8879 7.5114 7.5512 147.2303 18.4038 52.2767 42.9244 303.7663 230.4917 550.1226;
	6.3086 6.1254 4.7422 10.0282 11.2837 153.0474 19.1309 44.2474 87.1584 231.4578 147.2197 419.1714;
	0.8962 0.7333 0.5133 2.0393 3.5704 58.7932 7.3491 14.0124 39.6298 67.207 37.7756 121.7123;
	0.0 0.0 0.0 0.0 0.0 0.0 0.0 0.0 0.0 0.0 0.0 0.0;
	0.0 0.0 0.0 0.0 0.0 0.0 0.0 0.0 0.0 0.0 0.0 0.0;
	0.0 0.0 0.0 0.0 0.0 0.0 0.0 0.0 0.0 0.0 0.0 0.0;
	0.0 0.0 0.0 0.0 0.0 0.0 0.0 0.0 0.0 0.0 0.0 0.0;
	0.0 0.0 0.0 0.0 0.0 0.0 0.0 0.0 0.0 0.0 0.0 0.0;
	0.0 0.0 0.0 0.0 0.0 0.0 0.0 0.0 0.0 0.0 0.0 0.0;
	0.0 0.0 0.0 0.0 0.0 0.0 0.0 0.0 0.0 0.0 0.0 0.0;
];
