function solarprofile = ex_solar_profilesh1
%EX_WIND_PROFILE_D  Example wind_load_nyiso profile data for deterministic unit commitment.
% 2022.03.12
% Andres F. Ramirez


%% define constants
[GEN_BUS, PG, QG, QMAX, QMIN, VG, MBASE, GEN_STATUS, PMAX, PMIN, ...
    MU_PMAX, MU_PMIN, MU_QMAX, MU_QMIN, PC1, PC2, QC1MIN, QC1MAX, ...
    QC2MIN, QC2MAX, RAMP_AGC, RAMP_10, RAMP_30, RAMP_Q, APF] = idx_gen;
[CT_LABEL, CT_PROB, CT_TABLE, CT_TBUS, CT_TGEN, CT_TBRCH, CT_TAREABUS, ...
    CT_TAREAGEN, CT_TAREABRCH, CT_ROW, CT_COL, CT_CHGTYPE, CT_REP, ...
    CT_REL, CT_ADD, CT_NEWVAL, CT_TLOAD, CT_TAREALOAD, CT_LOAD_ALL_PQ, ...
    CT_LOAD_FIX_PQ, CT_LOAD_DIS_PQ, CT_LOAD_ALL_P, CT_LOAD_FIX_P, ...
    CT_LOAD_DIS_P, CT_TGENCOST, CT_TAREAGENCOST, CT_MODCOST_F, ...
    CT_MODCOST_X] = idx_ct;

solarprofile = struct( ...
    'type', 'mpcData', ...
    'table', CT_TGEN, ...
    'rows', [1:12], ...
    'col', PMAX, ...
    'chgtype', 1, ...
    'values', [] );
solarprofile.values(:,1,:) = [
	0.0 0.0 0.0 0.0 0.0 0.0 0.0 0.0 0.0 0.0 0.0 0.0;
	0.0 0.0 0.0 0.0 0.0 0.0 0.0 0.0 0.0 0.0 0.0 0.0;
	0.0 0.0 0.0 0.0 0.0 0.0 0.0 0.0 0.0 0.0 0.0 0.0;
	0.0 0.0 0.0 0.0 0.0 0.0 0.0 0.0 0.0 0.0 0.0 0.0;
	0.0 0.0 0.0 0.0 0.0 0.0 0.0 0.0 0.0 0.0 0.0 0.0;
	0.1575 0.1621 0.24 0.0 0.0 0.0 0.0 0.0 0.0 0.0 0.0 0.0;
	8.498 7.3015 5.8098 0.4087 1.1135 66.3369 8.2921 9.2349 4.6726 51.7444 23.9277 93.7095;
	17.5616 13.2581 11.5097 1.2235 1.1505 119.763 14.9704 16.3497 13.1694 190.6375 96.4708 345.2457;
	23.2984 16.6083 13.8 3.0134 1.1565 114.7908 14.3489 23.2823 22.5437 240.4562 121.4169 435.4677;
	25.9982 16.5613 13.9821 3.0314 1.6397 73.8988 9.2374 21.7252 54.5477 230.7526 70.6976 417.8943;
	26.0243 16.586 13.8363 1.842 2.8779 115.2259 14.4032 26.9842 76.2442 219.797 38.2785 398.0536;
	25.964 16.5331 13.7863 1.669 3.8551 165.6522 20.7065 33.7275 103.2738 238.921 26.139 432.6874;
	25.8343 16.5546 13.6487 3.9724 8.6003 346.1053 43.2632 61.3203 205.2805 347.0996 167.8401 628.5994;
	23.0843 16.3896 13.7008 5.169 7.9294 348.8838 43.6105 62.2908 208.6225 351.1172 210.5366 635.8753;
	19.9884 16.1388 12.2402 4.3967 6.7528 304.149 38.0186 60.2994 190.9098 356.0118 185.4101 644.7395;
	14.926 12.7059 8.7842 4.1089 10.035 183.9176 22.9897 55.3053 127.2952 346.6144 233.793 627.7208;
	1.167 0.8242 0.5763 1.555 3.4559 58.2367 7.2796 12.16 35.0208 88.6196 50.0345 160.4907;
	0.0 0.0 0.0 0.0 0.0 0.0 0.0 0.0 0.0 0.0 0.0 0.0;
	0.0 0.0 0.0 0.0 0.0 0.0 0.0 0.0 0.0 0.0 0.0 0.0;
	0.0 0.0 0.0 0.0 0.0 0.0 0.0 0.0 0.0 0.0 0.0 0.0;
	0.0 0.0 0.0 0.0 0.0 0.0 0.0 0.0 0.0 0.0 0.0 0.0;
	0.0 0.0 0.0 0.0 0.0 0.0 0.0 0.0 0.0 0.0 0.0 0.0;
	0.0 0.0 0.0 0.0 0.0 0.0 0.0 0.0 0.0 0.0 0.0 0.0;
	0.0 0.0 0.0 0.0 0.0 0.0 0.0 0.0 0.0 0.0 0.0 0.0;
];
