function solarprofile = ex_solar_profilesh1
%EX_WIND_PROFILE_D  Example wind_load_nyiso profile data for deterministic unit commitment.
% 2022.03.12
% Andres F. Ramirez


%% define constants
[GEN_BUS, PG, QG, QMAX, QMIN, VG, MBASE, GEN_STATUS, PMAX, PMIN, ...
    MU_PMAX, MU_PMIN, MU_QMAX, MU_QMIN, PC1, PC2, QC1MIN, QC1MAX, ...
    QC2MIN, QC2MAX, RAMP_AGC, RAMP_10, RAMP_30, RAMP_Q, APF] = idx_gen;
[CT_LABEL, CT_PROB, CT_TABLE, CT_TBUS, CT_TGEN, CT_TBRCH, CT_TAREABUS, ...
    CT_TAREAGEN, CT_TAREABRCH, CT_ROW, CT_COL, CT_CHGTYPE, CT_REP, ...
    CT_REL, CT_ADD, CT_NEWVAL, CT_TLOAD, CT_TAREALOAD, CT_LOAD_ALL_PQ, ...
    CT_LOAD_FIX_PQ, CT_LOAD_DIS_PQ, CT_LOAD_ALL_P, CT_LOAD_FIX_P, ...
    CT_LOAD_DIS_P, CT_TGENCOST, CT_TAREAGENCOST, CT_MODCOST_F, ...
    CT_MODCOST_X] = idx_ct;

solarprofile = struct( ...
    'type', 'mpcData', ...
    'table', CT_TGEN, ...
    'rows', [1:12], ...
    'col', PMAX, ...
    'chgtype', 1, ...
    'values', [] );
solarprofile.values(:,1,:) = [
	0.0 0.0 0.0 0.0 0.0 0.0 0.0 0.0 0.0 0.0 0.0 0.0;
	0.0 0.0 0.0 0.0 0.0 0.0 0.0 0.0 0.0 0.0 0.0 0.0;
	0.0 0.0 0.0 0.0 0.0 0.0 0.0 0.0 0.0 0.0 0.0 0.0;
	0.0 0.0 0.0 0.0 0.0 0.0 0.0 0.0 0.0 0.0 0.0 0.0;
	0.0 0.0 0.0 0.0 0.0 0.0 0.0 0.0 0.0 0.0 0.0 0.0;
	0.1575 0.1621 0.24 0.0 0.0 0.0 0.0 0.0 0.0 0.0 0.0 0.0;
	1.7163 0.7233 0.6017 0.7148 0.1907 97.6271 12.2034 14.3244 112.2889 36.0573 22.81 65.3;
	6.1272 1.3666 3.0099 1.1092 0.4507 233.5994 29.1999 24.2528 148.7794 58.0022 48.5634 105.0424;
	15.8812 8.2922 11.9062 2.6311 0.7565 235.4925 29.4366 27.9438 129.9378 92.8408 92.841 168.1352;
	24.2777 13.9317 13.2919 3.397 1.257 100.1589 12.5199 28.799 52.3678 164.7908 146.9935 298.4372;
	25.7143 16.1255 13.7533 5.313 2.3166 205.9491 25.7436 47.9708 109.3476 265.8088 187.4745 481.3813;
	25.964 16.5331 13.7863 6.3852 3.3137 261.8959 32.737 54.6141 163.1958 330.2696 216.3841 598.1203;
	25.871 16.5546 13.7855 8.8178 7.539 333.4511 41.6814 67.4592 220.0105 344.3984 258.9867 623.7075;
	23.4822 16.4237 13.7008 6.8822 5.925 302.8628 37.8579 64.5357 202.9889 336.7398 236.9383 609.8379;
	20.1877 15.8686 12.0482 3.2406 3.854 248.7385 31.0923 59.0457 185.4563 297.1286 195.694 538.1017;
	14.0285 11.1087 8.3957 2.5264 7.5888 271.8175 33.9772 48.9271 183.8974 254.8154 150.1526 461.4723;
	1.3873 1.4526 1.0598 1.6351 3.6282 79.4584 9.9323 12.8701 51.4598 91.5708 54.5293 165.8352;
	0.0 0.0 0.0 0.0 0.0 0.0 0.0 0.0 0.0 0.0 0.0 0.0;
	0.0 0.0 0.0 0.0 0.0 0.0 0.0 0.0 0.0 0.0 0.0 0.0;
	0.0 0.0 0.0 0.0 0.0 0.0 0.0 0.0 0.0 0.0 0.0 0.0;
	0.0 0.0 0.0 0.0 0.0 0.0 0.0 0.0 0.0 0.0 0.0 0.0;
	0.0 0.0 0.0 0.0 0.0 0.0 0.0 0.0 0.0 0.0 0.0 0.0;
	0.0 0.0 0.0 0.0 0.0 0.0 0.0 0.0 0.0 0.0 0.0 0.0;
	0.0 0.0 0.0 0.0 0.0 0.0 0.0 0.0 0.0 0.0 0.0 0.0;
];
