function solarprofile = ex_solar_profilesh1
%EX_WIND_PROFILE_D  Example wind_load_nyiso profile data for deterministic unit commitment.
% 2022.03.12
% Andres F. Ramirez


%% define constants
[GEN_BUS, PG, QG, QMAX, QMIN, VG, MBASE, GEN_STATUS, PMAX, PMIN, ...
    MU_PMAX, MU_PMIN, MU_QMAX, MU_QMIN, PC1, PC2, QC1MIN, QC1MAX, ...
    QC2MIN, QC2MAX, RAMP_AGC, RAMP_10, RAMP_30, RAMP_Q, APF] = idx_gen;
[CT_LABEL, CT_PROB, CT_TABLE, CT_TBUS, CT_TGEN, CT_TBRCH, CT_TAREABUS, ...
    CT_TAREAGEN, CT_TAREABRCH, CT_ROW, CT_COL, CT_CHGTYPE, CT_REP, ...
    CT_REL, CT_ADD, CT_NEWVAL, CT_TLOAD, CT_TAREALOAD, CT_LOAD_ALL_PQ, ...
    CT_LOAD_FIX_PQ, CT_LOAD_DIS_PQ, CT_LOAD_ALL_P, CT_LOAD_FIX_P, ...
    CT_LOAD_DIS_P, CT_TGENCOST, CT_TAREAGENCOST, CT_MODCOST_F, ...
    CT_MODCOST_X] = idx_ct;

solarprofile = struct( ...
    'type', 'mpcData', ...
    'table', CT_TGEN, ...
    'rows', [1:12], ...
    'col', PMAX, ...
    'chgtype', 1, ...
    'values', [] );
solarprofile.values(:,1,:) = [
	0.0 0.0 0.0 0.0 0.0 0.0 0.0 0.0 0.0 0.0 0.0 0.0;
	0.0 0.0 0.0 0.0 0.0 0.0 0.0 0.0 0.0 0.0 0.0 0.0;
	0.0 0.0 0.0 0.0 0.0 0.0 0.0 0.0 0.0 0.0 0.0 0.0;
	0.0 0.0 0.0 0.0 0.0 0.0 0.0 0.0 0.0 0.0 0.0 0.0;
	0.0 0.0 0.0 0.0 0.0 0.0 0.0 0.0 0.0 0.0 0.0 0.0;
	0.1575 0.1642 0.2456 0.0 0.0 0.0 0.0 0.0 0.0 0.0 0.0 0.0;
	8.7559 10.8083 6.9558 3.4952 0.5653 63.1507 7.8938 11.8408 6.0033 0.0 21.5452 0.0;
	17.7213 13.8078 12.4056 5.3394 1.8194 181.5803 22.6975 15.5294 11.2568 12.9119 41.0154 23.3835;
	23.2139 16.5148 13.8 8.0288 3.013 225.6548 28.2069 26.0564 26.7621 51.2573 119.072 92.8272;
	25.9114 16.474 13.7624 9.8433 3.5564 163.0633 20.3829 48.4107 123.771 143.3211 218.3956 259.5554;
	26.3851 16.5326 13.8182 11.7908 6.1277 199.0228 24.8778 63.6479 165.3947 236.4786 253.5228 428.2642;
	26.4275 16.6792 13.9624 12.1524 7.2812 197.0103 24.6263 66.8685 159.1136 258.665 252.6379 468.4439;
	26.1414 16.6416 13.9196 11.3207 9.1902 279.6621 34.9578 63.5588 82.3178 339.5808 247.0356 614.9829;
	23.717 16.3891 13.7435 9.0635 7.2521 291.8142 36.4768 61.1922 56.1059 314.7082 213.5463 569.9384;
	20.6569 14.9229 12.3131 5.2824 4.4567 298.2963 37.287 57.1628 63.0064 141.633 151.36 256.4983;
	16.1453 9.3799 6.6524 3.8565 9.1265 320.3108 40.0388 52.2798 139.5913 36.3667 118.3267 65.8604;
	1.3947 1.1168 0.8381 1.7954 3.5655 81.0198 10.1275 11.7796 39.0815 63.2577 39.7191 114.5602;
	0.0 0.0 0.0 0.0 0.0 0.0 0.0 0.0 0.0 0.0 0.0 0.0;
	0.0 0.0 0.0 0.0 0.0 0.0 0.0 0.0 0.0 0.0 0.0 0.0;
	0.0 0.0 0.0 0.0 0.0 0.0 0.0 0.0 0.0 0.0 0.0 0.0;
	0.0 0.0 0.0 0.0 0.0 0.0 0.0 0.0 0.0 0.0 0.0 0.0;
	0.0 0.0 0.0 0.0 0.0 0.0 0.0 0.0 0.0 0.0 0.0 0.0;
	0.0 0.0 0.0 0.0 0.0 0.0 0.0 0.0 0.0 0.0 0.0 0.0;
	0.0 0.0 0.0 0.0 0.0 0.0 0.0 0.0 0.0 0.0 0.0 0.0;
];
