function loadprofile = ex_load_profilesh1
%EX_LOAD_PROFILE  Example load profile data file for stochastic unit commitment.
% 2022.03.12
% Andres F. Ramirez

%% define constants
[CT_LABEL, CT_PROB, CT_TABLE, CT_TBUS, CT_TGEN, CT_TBRCH, CT_TAREABUS, ...
    CT_TAREAGEN, CT_TAREABRCH, CT_ROW, CT_COL, CT_CHGTYPE, CT_REP, ...
    CT_REL, CT_ADD, CT_NEWVAL, CT_TLOAD, CT_TAREALOAD, CT_LOAD_ALL_PQ, ...
    CT_LOAD_FIX_PQ, CT_LOAD_DIS_PQ, CT_LOAD_ALL_P, CT_LOAD_FIX_P, ...
    CT_LOAD_DIS_P, CT_TGENCOST, CT_TAREAGENCOST, CT_MODCOST_F, ...
    CT_MODCOST_X] = idx_ct;

loadprofile = struct( ...
    'type', 'mpcData', ...
    'table', CT_TAREALOAD, ...
    'rows', [1:11], ...
    'col', CT_LOAD_ALL_P, ...
    'chgtype', 1, ...
    'values', [] );
loadprofile.values(:,1,:) = [
	1471.2329 978.8987 1638.6 589.4219 862.8696 1177.0061 873.9748 275.7606 504.2499 4626.6613 1737.1;
	1469.9375 986.6088 1637.0018 586.3652 863.1773 1173.696 867.9798 273.0 505.9691 4590.5057 1775.6488;
	1510.9 1007.7 1685.9756 599.5 888.8 1194.3677 886.521 282.1436 520.9745 4712.66 1807.0759;
	1553.5546 1083.9107 1804.3997 619.3705 923.5 1253.3841 950.5174 309.0 562.0717 5006.2162 1945.9491;
	1696.2365 1202.391 2016.1788 652.7951 1030.132 1392.3682 1025.7407 335.4331 641.9 5453.6961 2139.0796;
	1802.5373 1307.5094 2234.9426 668.3868 1151.2451 1520.0078 1122.7 383.506 700.3534 6140.6935 2305.8637;
	1842.14 1306.9364 2174.9073 647.5386 1114.5 1486.642 1115.8693 365.9172 715.0477 6350.9494 2245.6683;
	1835.6838 1274.8919 2099.3812 639.3735 1120.0223 1477.5938 1119.8817 355.5807 718.6 6554.9635 2208.7073;
	1867.7698 1270.7014 2106.2 619.7 1122.7001 1457.0864 1131.5521 361.1 732.0735 6662.7273 2197.2583;
	1859.3593 1274.8898 2091.2422 613.4 1138.9424 1406.6611 1127.4737 361.9 730.1516 6794.688 2194.9;
	1809.9986 1263.2071 2074.7643 612.0012 1117.374 1385.1288 1136.4 354.1 720.0685 6703.9005 2134.1536;
	1795.5 1262.6486 2085.0287 595.3674 1088.6 1383.2632 1149.7149 353.4461 744.8671 6845.7036 2236.5054;
	1778.0727 1220.2422 2006.5979 587.8 1059.9877 1331.0902 1136.2872 346.6 701.6752 6708.0 2176.6985;
	1801.4114 1238.1387 2045.8587 571.0 1102.241 1325.6588 1105.8929 356.8355 678.3857 6604.0581 2187.0303;
	1764.94 1218.8637 2024.6077 545.755 1117.3089 1357.5071 1098.8485 350.8643 671.9511 6516.5905 2207.8;
	1783.9 1236.5181 2038.4031 538.6532 1121.4 1400.296 1124.3523 357.0968 681.55 6600.5356 2340.9657;
	1860.8528 1260.3953 2083.6529 585.2105 1122.2535 1429.9465 1161.0594 369.593 715.9479 6520.2631 2417.6419;
	1872.5636 1300.536 2173.9656 612.0159 1198.6549 1520.8 1202.5727 397.5 761.247 6608.1987 2527.6224;
	1916.2319 1327.4492 2193.1292 604.8077 1226.3344 1519.5 1185.3338 398.4 750.0831 6503.8939 2511.5633;
	1837.9343 1229.223 2072.8404 598.1609 1150.7021 1441.4888 1129.2552 374.2199 726.7582 6172.5985 2387.5459;
	1711.9677 1137.405 1916.5533 577.7796 1032.416 1311.8521 1048.7355 344.3 651.9 5760.9543 2176.5408;
	1592.5646 1057.7417 1774.7343 552.858 961.2968 1237.4 997.2 317.2 594.3568 5313.9701 1947.159;
	1556.5827 1004.8404 1712.5589 547.1825 902.1997 1178.9 889.2211 270.3 517.0037 4711.4204 1750.3139;
	1495.3914 973.7093 1718.2948 582.3264 897.8 1163.7395 895.4 284.4236 527.4667 4673.5879 1731.8014;
];
