function windprofile = ex_wind_profilesh1
%EX_WIND_PROFILE_D  Example wind_load_nyiso profile data for deterministic unit commitment.
% 2022.03.12
% Andres F. Ramirez


%% define constants
[GEN_BUS, PG, QG, QMAX, QMIN, VG, MBASE, GEN_STATUS, PMAX, PMIN, ...
    MU_PMAX, MU_PMIN, MU_QMAX, MU_QMIN, PC1, PC2, QC1MIN, QC1MAX, ...
    QC2MIN, QC2MAX, RAMP_AGC, RAMP_10, RAMP_30, RAMP_Q, APF] = idx_gen;
[CT_LABEL, CT_PROB, CT_TABLE, CT_TBUS, CT_TGEN, CT_TBRCH, CT_TAREABUS, ...
    CT_TAREAGEN, CT_TAREABRCH, CT_ROW, CT_COL, CT_CHGTYPE, CT_REP, ...
    CT_REL, CT_ADD, CT_NEWVAL, CT_TLOAD, CT_TAREALOAD, CT_LOAD_ALL_PQ, ...
    CT_LOAD_FIX_PQ, CT_LOAD_DIS_PQ, CT_LOAD_ALL_P, CT_LOAD_FIX_P, ...
    CT_LOAD_DIS_P, CT_TGENCOST, CT_TAREAGENCOST, CT_MODCOST_F, ...
    CT_MODCOST_X] = idx_ct;

windprofile = struct( ...
    'type', 'mpcData', ...
    'table', CT_TGEN, ...
    'rows', [1:45], ...
    'col', PMAX, ...
    'chgtype', 1, ...
    'values', [] );
windprofile.values(:,1,:) = [
	3.8649 52.2237 93.69 111.7606 15.3187 33.6157 30.517 12.3597 28.0599 28.7714 53.1835 79.3392 119.4448 64.8033 188.1627 70.8892 87.9551 93.2062 88.0674 70.7297 10.1723 78.4366 74.859 84.4022 95.5856 64.8046 9.3007 1142.1784 762.2323 762.2323 749.51 118.0267 293.5581 182.0585 203.1672 325.2191 1083.9726 313.9111 474.5632 256.0327 118.1808 372.91 193.3737 240.1117 1095.264;
	3.8866 52.517 92.4617 111.8584 15.3337 32.8401 30.0546 12.0557 28.2437 27.611 51.0386 76.1395 114.6276 65.9866 196.9096 74.1846 92.0438 97.539 88.0641 73.104 10.0182 76.6268 75.5922 84.5499 96.8047 64.3054 8.2376 1141.0299 773.5491 773.5491 747.8396 116.8319 293.547 188.1698 206.8768 330.0476 1166.2012 289.4921 466.978 259.2984 117.404 364.3058 198.9307 250.0686 1178.3491;
	3.9201 52.9694 91.5367 99.0467 15.2578 33.4048 26.9877 10.3737 27.1672 27.2615 50.3924 75.1756 113.1764 63.961 187.7995 70.7524 87.7853 93.0263 87.1926 71.8622 8.9959 77.9446 72.6456 86.8546 86.8568 61.1184 8.8685 1154.4338 778.4537 778.4537 772.861 121.0129 290.6419 184.9735 200.5263 332.1403 1125.1021 287.594 462.187 232.6522 118.3102 370.571 187.5334 255.8025 1136.8219;
	3.897 52.6569 88.1466 100.5421 15.048 33.2499 23.8535 11.5275 26.9209 26.9314 49.7822 74.2653 111.806 63.5869 181.3161 68.3098 84.7547 89.8147 86.4496 69.7298 7.9512 77.5832 72.2316 86.7759 84.5592 57.5269 8.1171 1073.7142 793.6344 793.6344 768.1988 118.7725 288.1655 179.4847 199.3535 338.6173 1103.2135 289.1125 448.3072 226.4978 114.7987 368.8526 189.1525 241.7763 1114.7053;
	3.8119 51.5073 85.0824 87.0287 14.9345 32.1003 19.928 9.0243 22.3126 26.7512 49.4491 73.7684 111.0579 60.9494 186.307 70.1901 87.0877 92.287 88.4591 71.4396 6.6427 74.9007 71.4569 87.9757 70.5718 54.1881 7.0572 1115.57 788.4294 788.4294 746.2106 111.6897 294.8636 183.8858 191.0848 336.3965 1117.6344 271.3938 398.3207 189.0315 114.22 356.0995 192.049 220.0431 1129.2764;
	3.8695 52.2859 83.809 83.1746 15.0846 32.4006 17.9824 6.914 24.6443 26.9861 49.8834 74.4163 112.0333 56.7133 170.1049 64.086 79.5142 84.2613 85.5864 68.5043 5.9941 75.6014 68.7646 84.5634 58.044 38.8704 5.51 1145.4595 735.5004 735.5004 675.3594 98.2822 285.2881 176.3302 177.804 313.8135 1145.1898 244.6094 336.3003 155.4751 104.0636 359.4307 188.9577 184.4948 1157.1188;
	3.5042 47.3498 74.8803 67.7022 14.6601 28.7743 14.7879 5.4717 19.6284 26.0402 48.135 71.8079 108.1064 62.5484 174.6124 65.7842 81.6212 86.4941 84.905 68.8679 4.9293 67.14 69.3322 79.7668 50.1028 28.3014 4.5971 1187.577 673.9461 673.9461 577.1608 67.7989 283.0167 177.2661 196.0975 287.5503 1106.1631 216.6223 268.4964 134.2039 81.0176 319.2025 157.9261 131.8023 1117.6856;
	3.6417 49.2075 74.7285 72.2471 14.8908 28.5082 16.1466 5.4496 17.6785 23.6641 43.7428 65.2556 98.242 63.4701 175.7631 66.2177 82.159 87.0641 85.5939 69.2762 5.3822 66.5192 60.2054 84.4658 61.5662 23.9541 3.7422 1175.4212 658.3965 658.3965 603.952 66.0532 285.3129 178.3171 198.9873 280.9158 1030.6036 210.2294 248.6028 164.9095 82.422 316.2511 144.48 140.3943 1041.3391;
	3.0412 41.0939 64.9533 67.8068 14.6522 25.2102 15.5258 4.1497 22.4452 22.0084 40.6822 60.6899 91.3683 61.7678 158.8552 59.8478 74.2556 78.6888 83.9964 66.1259 5.1753 58.8238 51.9034 82.9335 60.0889 15.8426 2.826 1168.1446 744.0471 744.0471 702.0141 87.6511 279.9879 170.2082 193.6502 317.4601 1061.2072 245.0359 240.1787 160.9523 50.5753 279.6652 146.1018 160.305 1072.2615;
	2.7297 36.8838 53.234 63.6079 14.8083 20.9525 19.8182 2.5159 23.0901 18.0229 33.315 49.6994 74.8221 61.9085 160.8236 60.5894 75.1757 79.6638 87.586 67.5409 6.6061 48.8892 40.3823 71.8041 38.093 8.942 1.4436 1094.4576 746.4929 746.4929 688.7224 99.4686 291.9534 173.8504 194.0917 318.5036 1098.1618 222.7481 377.4397 102.0349 40.059 232.4331 124.6389 133.7181 1109.601;
	2.2751 30.7415 37.1115 44.7724 14.1303 16.2314 19.44 1.1969 22.0612 16.1063 29.7722 44.4143 66.8654 58.8193 165.3095 62.2794 77.2726 81.8859 88.965 72.0874 6.48 37.8734 37.8077 51.9656 22.0092 4.9131 2.4242 1137.229 774.0647 774.0647 724.4134 99.3657 296.5501 185.5532 184.4064 330.2676 1095.5567 228.5557 402.7213 58.9531 31.2835 180.0608 93.7408 95.518 1106.9687;
	1.5168 20.4958 26.8445 24.7273 10.106 11.174 20.1925 1.2067 20.7281 16.4799 30.4629 45.4447 68.4167 56.2472 159.3223 60.0237 74.4739 78.9201 86.1035 68.888 6.7308 26.0727 42.6638 33.2085 17.9978 6.8724 2.0817 989.5107 702.3059 702.3059 650.2566 100.4877 287.0115 177.3178 176.3426 299.6505 971.0821 199.7206 410.0783 48.2083 14.5587 123.9573 64.7818 76.3547 981.1976;
	1.0284 13.8958 24.3532 26.4806 8.8006 7.6574 19.2645 1.8636 16.5058 13.5343 25.0179 37.3218 56.1878 46.7541 170.4561 64.2184 79.6783 84.4352 81.0128 68.1151 6.4215 17.8673 38.9755 26.5904 20.5502 10.2017 2.668 956.7598 692.2637 692.2637 614.4725 93.2079 270.0425 175.3285 146.5803 295.3658 957.0679 204.1708 415.4735 55.0453 4.1523 84.9464 48.6617 50.7712 967.0373;
	0.879 11.8766 22.1492 32.6501 7.9516 8.8562 14.8522 2.6488 13.705 16.7122 30.8922 46.0851 69.3809 57.0044 162.5329 61.2333 75.9747 80.5105 83.1707 65.8131 4.9507 20.6644 50.3454 33.5814 26.1472 11.3257 3.9031 895.946 649.4011 649.4011 641.5746 85.8535 277.2357 169.4032 178.7166 277.0778 793.1062 210.8632 415.5981 70.0372 25.968 98.2443 41.085 54.952 801.3677;
	0.9247 12.4951 23.7141 62.5487 7.2412 9.1849 12.0364 2.0299 12.5844 12.8204 23.6983 35.3532 53.2241 59.8572 152.0031 57.2663 71.0526 75.2946 68.3316 63.1429 4.0121 21.4315 49.7188 41.7595 26.3459 7.2114 3.7226 788.314 614.0699 614.0699 601.1318 81.876 227.7721 162.53 187.6605 262.0032 748.2845 202.4098 332.0896 70.5693 28.5013 101.8916 34.4241 58.746 756.0791;
	1.0608 14.3333 20.1479 34.3482 8.2007 10.159 5.9452 1.3415 9.0642 11.9884 22.1604 33.0589 49.77 60.093 140.9452 53.1003 65.8837 69.817 63.7392 55.1231 1.9817 23.7042 48.5627 42.2171 26.2676 4.4554 2.53 774.7928 490.9788 490.9788 517.6088 79.4953 212.4638 141.8869 188.3998 209.4843 576.8453 196.7019 217.4074 70.3597 29.1967 112.6967 28.5138 30.2426 582.8541;
	0.7154 9.667 33.8456 31.3028 7.1812 13.9259 3.7629 0.8871 10.6199 15.7037 29.028 43.3041 65.1941 62.495 154.6953 58.2806 72.3111 76.6281 67.6666 46.5912 1.2543 32.4938 51.19 39.9134 19.0084 32.2837 1.6536 782.3631 514.226 514.226 579.2023 84.7535 225.5552 119.9258 195.9303 219.4031 711.9121 197.3603 215.0903 50.9153 32.1832 154.4849 23.7431 82.2009 719.3279;
	1.2401 16.7569 3.2899 0.1077 3.1907 4.2231 2.6789 0.0094 0.0 11.0444 20.4153 30.4556 45.8508 60.1424 121.1928 45.6587 56.6506 60.0327 80.013 39.5039 0.893 9.8538 58.6739 28.3395 14.2355 4.6392 1.68 752.0937 514.1688 514.1688 590.5843 94.9306 266.7101 101.683 188.5545 219.3787 727.5703 210.5716 309.2903 38.1307 67.3741 46.8478 19.1062 40.8444 735.1491;
	0.6582 8.8943 23.6611 38.6703 10.439 2.6049 0.1396 1.8315 0.0 15.1604 28.0237 41.8059 62.9385 54.6068 103.0598 38.8272 48.1745 51.0506 14.4371 44.1288 0.0465 6.0781 65.096 45.1099 22.5967 7.6342 2.1938 830.3566 507.5982 507.5982 621.1816 91.5302 48.1235 113.5878 171.1996 216.5752 679.562 198.7575 310.1889 60.5269 78.0002 28.8972 0.9857 11.8119 686.6407;
