function solarprofile = ex_solar_profilesh1
%EX_WIND_PROFILE_D  Example wind_load_nyiso profile data for deterministic unit commitment.
% 2022.03.12
% Andres F. Ramirez


%% define constants
[GEN_BUS, PG, QG, QMAX, QMIN, VG, MBASE, GEN_STATUS, PMAX, PMIN, ...
    MU_PMAX, MU_PMIN, MU_QMAX, MU_QMIN, PC1, PC2, QC1MIN, QC1MAX, ...
    QC2MIN, QC2MAX, RAMP_AGC, RAMP_10, RAMP_30, RAMP_Q, APF] = idx_gen;
[CT_LABEL, CT_PROB, CT_TABLE, CT_TBUS, CT_TGEN, CT_TBRCH, CT_TAREABUS, ...
    CT_TAREAGEN, CT_TAREABRCH, CT_ROW, CT_COL, CT_CHGTYPE, CT_REP, ...
    CT_REL, CT_ADD, CT_NEWVAL, CT_TLOAD, CT_TAREALOAD, CT_LOAD_ALL_PQ, ...
    CT_LOAD_FIX_PQ, CT_LOAD_DIS_PQ, CT_LOAD_ALL_P, CT_LOAD_FIX_P, ...
    CT_LOAD_DIS_P, CT_TGENCOST, CT_TAREAGENCOST, CT_MODCOST_F, ...
    CT_MODCOST_X] = idx_ct;

solarprofile = struct( ...
    'type', 'mpcData', ...
    'table', CT_TGEN, ...
    'rows', [1:12], ...
    'col', PMAX, ...
    'chgtype', 1, ...
    'values', [] );
solarprofile.values(:,1,:) = [
	0.0 0.0 0.0 0.0 0.0 0.0 0.0 0.0 0.0 0.0 0.0 0.0;
	0.0 0.0 0.0 0.0 0.0 0.0 0.0 0.0 0.0 0.0 0.0 0.0;
	0.0 0.0 0.0 0.0 0.0 0.0 0.0 0.0 0.0 0.0 0.0 0.0;
	0.0 0.0 0.0 0.0 0.0 0.0 0.0 0.0 0.0 0.0 0.0 0.0;
	0.0 0.0 0.0 0.0 0.0 0.0 0.0 0.0 0.0 0.0 0.0 0.0;
	0.1575 0.1621 0.24 0.0 0.0 0.0 0.0 0.0 0.0 0.0 0.0 0.0;
	7.6941 7.1054 4.5535 1.7527 2.8676 33.3682 4.171 3.4653 40.7376 77.0617 24.3016 139.5592;
	7.8866 9.2544 4.0182 5.1353 3.376 166.4963 20.812 21.2897 46.5907 118.7289 42.8909 215.0187;
	6.0902 8.5316 6.1736 8.0368 3.7344 242.1942 30.2743 41.1995 62.7472 175.1305 71.1381 317.1623;
	5.6413 5.9956 5.0145 6.5496 4.1842 225.5913 28.1989 48.3364 147.7949 212.7672 160.8026 385.3227;
	12.2019 14.5952 11.3898 7.0942 4.7525 252.2487 31.5311 49.8329 174.1865 258.8787 193.9933 468.831;
	20.9862 16.3382 13.5032 6.7146 4.9842 273.8381 34.2298 52.2797 185.0574 297.8106 216.6189 539.3367;
	21.5201 16.0909 12.6206 6.9821 9.3942 402.8346 50.3543 70.1377 236.9456 346.4012 266.5999 627.3347;
	15.3697 15.3277 11.2638 5.383 9.0738 406.1863 50.7733 71.4027 231.7454 339.3579 255.1161 614.5792;
	8.6444 10.441 6.3751 4.1376 8.5861 372.1902 46.5238 68.4426 213.7045 293.3649 232.6871 531.2856;
	6.9453 7.3912 5.8086 6.7351 12.0061 239.0251 29.8781 49.081 169.1077 91.1667 152.3377 165.1035;
	1.0087 0.8678 0.7333 2.417 3.8159 58.5518 7.319 10.1676 36.1752 62.1852 39.7136 112.6177;
	0.0 0.0 0.0 0.0 0.0 0.0 0.0 0.0 0.0 0.0 0.0 0.0;
	0.0 0.0 0.0 0.0 0.0 0.0 0.0 0.0 0.0 0.0 0.0 0.0;
	0.0 0.0 0.0 0.0 0.0 0.0 0.0 0.0 0.0 0.0 0.0 0.0;
	0.0 0.0 0.0 0.0 0.0 0.0 0.0 0.0 0.0 0.0 0.0 0.0;
	0.0 0.0 0.0 0.0 0.0 0.0 0.0 0.0 0.0 0.0 0.0 0.0;
	0.0 0.0 0.0 0.0 0.0 0.0 0.0 0.0 0.0 0.0 0.0 0.0;
	0.0 0.0 0.0 0.0 0.0 0.0 0.0 0.0 0.0 0.0 0.0 0.0;
];
