function windprofile = ex_wind_profilesh1
%EX_WIND_PROFILE_D  Example wind_load_nyiso profile data for deterministic unit commitment.
% 2022.03.12
% Andres F. Ramirez


%% define constants
[GEN_BUS, PG, QG, QMAX, QMIN, VG, MBASE, GEN_STATUS, PMAX, PMIN, ...
    MU_PMAX, MU_PMIN, MU_QMAX, MU_QMIN, PC1, PC2, QC1MIN, QC1MAX, ...
    QC2MIN, QC2MAX, RAMP_AGC, RAMP_10, RAMP_30, RAMP_Q, APF] = idx_gen;
[CT_LABEL, CT_PROB, CT_TABLE, CT_TBUS, CT_TGEN, CT_TBRCH, CT_TAREABUS, ...
    CT_TAREAGEN, CT_TAREABRCH, CT_ROW, CT_COL, CT_CHGTYPE, CT_REP, ...
    CT_REL, CT_ADD, CT_NEWVAL, CT_TLOAD, CT_TAREALOAD, CT_LOAD_ALL_PQ, ...
    CT_LOAD_FIX_PQ, CT_LOAD_DIS_PQ, CT_LOAD_ALL_P, CT_LOAD_FIX_P, ...
    CT_LOAD_DIS_P, CT_TGENCOST, CT_TAREAGENCOST, CT_MODCOST_F, ...
    CT_MODCOST_X] = idx_ct;

windprofile = struct( ...
    'type', 'mpcData', ...
    'table', CT_TGEN, ...
    'rows', [1:45], ...
    'col', PMAX, ...
    'chgtype', 1, ...
    'values', [] );
windprofile.values(:,1,:) = [
	3.6387 49.1671 88.9684 99.6724 15.0567 31.9745 28.3079 10.9539 27.8056 29.942 55.3473 82.5673 124.3046 68.5406 180.2858 67.9216 84.2732 89.3044 81.9212 67.1125 9.436 74.6071 74.6363 82.0107 91.5055 62.6016 8.5471 1191.5249 750.4338 750.4338 702.8543 110.316 273.0708 172.7478 214.8839 320.1851 1087.4311 300.8111 454.9373 245.104 115.6769 354.7037 185.7825 237.7661 1098.7585;
	3.5128 47.4656 82.8926 99.9704 14.2278 31.1323 25.8714 7.7016 27.8809 28.2279 52.1788 77.8405 117.1884 64.6551 186.7748 70.3663 87.3064 92.5187 71.7146 64.5534 8.6238 72.6421 73.0913 81.4568 89.1717 60.0672 6.672 1110.6559 739.9941 739.9941 705.1214 106.6416 239.0486 166.1606 202.7024 315.7308 1100.2541 265.9262 438.9421 238.8527 112.6972 345.3614 188.2817 234.9769 1111.7151;
	3.6339 49.1017 86.8692 93.4624 14.8814 32.1249 23.0713 9.8322 27.3036 29.2103 53.9948 80.5496 121.267 64.9916 186.7586 70.3602 87.2988 92.5107 76.9699 67.2192 7.6904 74.9582 73.5936 82.8714 86.2688 59.0549 8.5949 1178.7608 759.6228 759.6228 707.7753 111.4281 256.5663 173.0223 203.7574 324.1057 1114.9104 257.0929 439.8732 231.077 114.474 356.3727 178.5156 252.4704 1126.524;
	3.6031 48.6863 85.7806 92.3019 14.7107 32.9269 21.6736 9.556 26.9976 29.502 54.534 81.354 122.4779 66.2251 190.6095 71.811 89.0989 94.4182 85.0875 69.3595 7.2245 76.8294 74.8457 82.9714 81.9717 49.4529 7.9357 1123.0625 785.7828 785.7828 718.9188 114.3377 283.6249 178.5315 207.6248 335.2673 1097.6629 256.0471 428.5044 219.567 112.8381 365.2688 183.9001 233.9638 1109.0968;
	3.5408 47.8444 79.3438 77.7351 14.1728 31.5328 18.3586 8.6991 21.4541 28.4009 52.4986 78.3177 117.9068 66.9354 188.4433 70.9949 88.0863 93.3452 85.1267 68.4412 6.1195 73.5766 72.917 82.014 69.9221 41.1207 7.33 1173.3924 760.5951 760.5951 703.9555 110.6434 283.7558 176.1679 209.8517 324.5206 1098.3171 251.7361 392.8038 187.2914 112.6496 349.8041 185.4504 211.177 1109.7579;
	3.5385 47.8128 78.4913 70.5752 14.225 30.2757 17.6649 7.0658 25.0736 29.5171 54.5618 81.3955 122.5405 65.771 184.5893 69.5429 86.2848 91.4361 84.7525 70.769 5.8883 70.6433 73.3459 83.2212 60.2407 32.4993 5.8942 1137.5476 712.9153 712.9153 664.4855 98.9726 282.5084 182.1595 206.2009 304.1772 1077.2879 233.4672 371.8604 161.3591 106.6615 335.8583 184.0209 177.5821 1088.5097;
	3.2537 43.9652 65.356 54.0381 14.0674 26.5424 14.9572 4.3939 16.649 28.8303 53.2924 79.5017 119.6894 66.9317 183.9772 69.3123 85.9986 91.1329 83.0005 69.9902 4.9857 61.9322 73.1395 74.9741 49.6262 16.3929 3.7485 1172.0961 657.1255 657.1255 543.525 68.6074 276.6683 180.155 209.84 280.3736 1041.4244 201.2785 285.3081 132.9274 79.8491 294.4436 155.2596 114.8315 1052.2726;
	3.539 47.8195 65.8841 65.6164 14.5195 27.8531 14.8895 5.0235 15.7431 24.4759 45.2433 67.4941 101.612 66.2573 190.6956 71.8434 89.1391 94.4608 85.9916 70.0088 4.9632 64.9905 61.3942 82.1814 58.2579 18.6748 3.3503 1227.4228 671.1554 671.1554 605.463 69.3776 286.6388 180.2028 207.7257 286.3596 1089.6814 203.3117 247.4963 156.048 86.5279 308.9836 151.0566 133.5556 1101.0322;
	2.92 39.4555 55.148 58.0544 14.5089 22.587 14.9224 3.7668 19.6898 21.8775 40.4401 60.3287 90.8246 66.883 182.3744 68.7085 85.2495 90.339 85.4984 69.851 4.9741 52.703 51.5867 81.4889 56.7093 11.8692 2.2719 1200.0118 778.9583 778.9583 754.061 90.1588 284.9947 179.7968 209.6873 332.3555 1148.6287 242.9359 252.7307 151.8998 59.7443 250.5651 140.1202 154.0746 1160.5936;
	2.7735 37.4766 48.7469 57.5821 14.734 18.9483 18.0323 2.6105 20.831 18.9139 34.962 52.1565 78.5213 66.0845 177.3943 66.8323 82.9215 87.872 85.7472 70.0552 6.0108 44.2128 47.7346 73.595 38.524 7.5227 1.2937 1186.7841 772.8369 772.8369 705.1399 103.3499 285.8239 180.3222 207.1838 329.7437 1161.9812 228.1866 346.5611 103.1894 45.257 210.2003 135.8694 137.7111 1174.0852;
	2.3861 32.2418 36.1626 40.1731 14.0417 16.1371 18.8755 1.3131 20.2454 16.0242 29.6205 44.188 66.5248 65.1944 173.9404 65.531 81.307 86.1612 86.577 71.306 6.2918 37.6532 38.9724 53.8826 23.0397 2.5753 0.8176 1165.0405 792.5076 792.5076 720.1585 107.2125 288.5899 183.5417 204.3931 338.1366 1129.9871 241.219 402.5482 61.7136 39.8015 179.0141 98.8756 96.409 1141.7578;
	1.6272 21.9866 30.4734 26.7907 10.2595 12.5248 19.2716 1.3914 18.2804 16.1352 29.8257 44.4941 66.9857 63.2832 169.1298 63.7187 79.0583 83.7782 85.6196 68.2717 6.4239 29.2246 43.2146 40.3469 20.5833 4.4642 1.0575 1028.2023 740.3197 740.3197 708.3293 104.8661 285.3986 175.7314 198.4013 315.8698 1040.4364 220.7366 395.5444 55.1337 33.014 138.9422 70.351 81.9028 1051.2743;
	1.0722 14.4881 26.3982 25.5339 8.1714 7.7804 19.6463 1.6348 17.9724 14.271 26.3798 39.3535 59.2464 63.5042 184.9493 69.6786 86.453 91.6144 88.7735 68.68 6.5488 18.1542 43.9338 39.1699 21.1612 4.3026 2.1542 1086.8463 778.2909 778.2909 684.8857 102.2383 295.9117 176.7826 199.0943 332.0708 1082.5504 235.4616 432.4004 56.6818 30.2234 86.3102 48.8095 35.4362 1093.827;
	0.873 11.7964 21.2996 28.7448 7.1095 8.1069 14.1254 2.2575 14.2571 16.981 31.389 46.8263 70.4967 57.61 178.6995 67.324 83.5316 88.5186 85.146 67.4363 4.7085 18.9161 53.1206 38.5341 24.5777 4.3504 3.4743 1009.9102 712.3493 712.3493 665.3632 96.3672 283.8199 173.5813 180.6151 303.9357 897.4117 225.3159 407.9748 65.8332 30.4127 89.9327 38.7411 45.3535 906.7598;
	0.8851 11.9594 18.9657 0.0242 5.5063 7.4587 14.4761 2.0798 14.2613 16.9904 31.4065 46.8523 70.5359 61.5844 157.6506 59.394 73.6925 78.0921 77.3916 68.1783 4.8254 17.4036 54.0909 46.9777 22.8111 3.1222 3.4754 949.8981 685.0911 685.0911 642.5713 85.3662 257.9718 175.491 193.0753 292.3055 843.2013 218.7883 350.0542 61.1011 27.487 82.7415 34.28 34.3581 851.9846;
	0.8496 11.4798 9.819 27.3727 6.3431 0.0 8.094 1.2887 10.379 14.4184 26.6523 39.76 59.8584 45.4833 153.3064 57.7573 71.6618 75.9401 76.9761 64.9893 2.698 0.0 46.9741 44.1146 21.185 1.2815 2.34 921.5179 553.5811 553.5811 543.7073 81.6146 256.587 167.2825 142.5963 236.1946 653.53 205.1064 219.5371 56.7455 28.5913 0.0 4.6066 0.1823 660.3376;
	0.5561 7.5145 2.4951 9.4448 5.9872 0.0 3.9387 0.2898 12.1176 18.7977 34.7473 51.8361 78.039 38.3475 170.3976 64.1963 79.6509 84.4062 79.554 65.0049 1.3129 0.0 55.4115 43.8031 12.9627 1.8473 1.5355 827.067 530.9195 530.9195 575.3574 83.9066 265.1801 167.3228 120.2245 226.5257 764.7654 211.5894 209.4188 34.7215 34.2047 0.0 7.7036 0.0 772.7317;
	1.2112 16.366 4.9068 35.3608 2.6802 0.0028 2.7791 0.0118 3.7955 20.8273 38.499 57.4329 86.4649 46.7005 138.1598 52.0509 64.5817 68.4373 81.4807 57.0949 0.9264 0.0066 70.8142 38.5399 11.6443 0.0 1.6082 854.2899 560.9763 560.9763 647.6614 93.8001 271.6023 146.9625 146.4122 239.3499 782.9317 233.9019 330.1943 31.1902 74.7485 0.0312 14.0307 23.408 791.0873;
	0.6004 8.1124 24.5189 41.9616 6.7667 1.0574 2.5823 0.9558 4.0716 22.4541 41.5061 61.9189 93.2186 58.0622 122.447 46.1312 57.2369 60.654 2.8266 61.1689 0.8608 2.4673 70.2957 50.2075 18.6665 2.4581 1.9269 854.1101 525.9449 525.9449 636.6517 87.7595 9.4222 157.4488 182.0328 224.4032 716.9195 213.4305 347.7696 49.9997 84.9277 11.7304 8.1498 60.2726 724.3875;
