function loadprofile = ex_load_profilesh1
%EX_LOAD_PROFILE  Example load profile data file for stochastic unit commitment.
% 2022.03.12
% Andres F. Ramirez

%% define constants
[CT_LABEL, CT_PROB, CT_TABLE, CT_TBUS, CT_TGEN, CT_TBRCH, CT_TAREABUS, ...
    CT_TAREAGEN, CT_TAREABRCH, CT_ROW, CT_COL, CT_CHGTYPE, CT_REP, ...
    CT_REL, CT_ADD, CT_NEWVAL, CT_TLOAD, CT_TAREALOAD, CT_LOAD_ALL_PQ, ...
    CT_LOAD_FIX_PQ, CT_LOAD_DIS_PQ, CT_LOAD_ALL_P, CT_LOAD_FIX_P, ...
    CT_LOAD_DIS_P, CT_TGENCOST, CT_TAREAGENCOST, CT_MODCOST_F, ...
    CT_MODCOST_X] = idx_ct;

loadprofile = struct( ...
    'type', 'mpcData', ...
    'table', CT_TAREALOAD, ...
    'rows', [1:11], ...
    'col', CT_LOAD_ALL_P, ...
    'chgtype', 1, ...
    'values', [] );
loadprofile.values(:,1,:) = [
	1551.6038 924.7721 1661.8289 548.4797 867.6143 1126.2835 859.2563 265.5384 505.3504 4506.405 1645.0325;
	1534.8308 905.9103 1634.9482 546.0976 830.3367 1129.135 852.7108 257.0 505.3246 4419.3881 1675.6359;
	1551.3067 928.6613 1684.2721 543.7 841.404 1136.1578 851.5857 269.1892 503.6576 4352.3732 1609.5744;
	1594.4194 969.0244 1780.359 570.1199 928.0263 1188.676 890.3376 278.7 529.0476 4437.8785 1605.245;
	1748.4151 1102.8384 1976.0818 605.7 1045.9024 1369.7946 1001.7 319.7032 619.6 5086.3213 2020.5438;
	1847.2 1167.9036 2088.7875 607.5146 1107.7602 1443.8511 1081.7 364.6269 692.6187 5725.9311 2244.204;
	1844.5462 1162.3038 2048.5 561.8982 1109.5389 1447.2502 1094.5737 360.7475 676.9307 6033.4115 2248.35;
	1818.4349 1155.8924 1985.1405 582.087 1087.3593 1423.9 1094.5059 350.8974 666.9766 6115.8981 2136.7717;
	1923.745 1192.7739 2010.9647 577.7795 1071.1245 1413.039 1086.7985 336.5697 664.4 6252.9943 2094.5679;
	1911.8409 1229.2691 2059.7996 578.2922 1059.1505 1464.8544 1084.5842 337.3964 662.3983 6323.3742 2092.5;
	1915.889 1205.5989 2037.0 568.9 1037.1114 1425.5271 1080.6209 321.0679 651.0222 6293.8958 2063.8345;
	1919.288 1186.1481 2012.6364 560.853 1001.2894 1395.3527 1097.4126 322.533 648.4074 6322.712 2047.2404;
	1929.7536 1206.173 2004.1739 566.3858 973.4131 1367.2008 1050.9067 315.5236 642.6371 6235.9075 1991.6446;
	1848.0176 1162.5414 1997.0232 554.5565 982.7015 1280.7289 1034.9198 321.116 634.9354 6157.8646 1975.4715;
	1856.7 1180.8382 2009.4245 556.0805 1025.8986 1332.8243 1103.5118 346.441 675.4507 6344.6691 2137.9058;
	1902.1305 1204.8 2055.4599 570.4509 1081.4964 1411.3724 1156.3175 352.995 685.8641 6445.042 2261.2597;
	1880.3672 1209.9779 2072.9416 600.941 1080.8 1454.2292 1193.8088 350.766 677.2619 6257.3782 2339.2;
	1964.2956 1251.6795 2109.8 620.0151 1080.2093 1528.108 1261.0886 367.9 708.7221 6380.8821 2489.9863;
	1990.8816 1245.868 2080.9381 628.1965 1100.6814 1497.1444 1230.529 336.4988 707.0 6228.0531 2477.2919;
	1915.5085 1194.9024 2001.3407 603.5 1022.6348 1430.25 1193.7161 352.4 696.5 6082.9118 2401.9487;
	1799.5102 1112.1393 1867.7739 588.1641 946.5 1336.4103 1098.5 308.1053 643.7526 5685.9915 2223.3497;
	1701.4047 1046.4482 1801.0926 568.6851 918.5 1271.8242 1020.4 306.0451 578.9297 5333.2541 2029.9188;
	1688.547 1003.1122 1750.2 543.1716 928.5288 1243.984 944.899 288.1197 547.2147 4985.0794 1821.1138;
	1585.7283 961.2 1738.5602 517.1888 919.3558 1228.9829 954.7212 277.5163 545.8508 4811.8025 1792.9;
];
