function windprofile = ex_wind_profilesh1
%EX_WIND_PROFILE_D  Example wind_load_nyiso profile data for deterministic unit commitment.
% 2022.03.12
% Andres F. Ramirez


%% define constants
[GEN_BUS, PG, QG, QMAX, QMIN, VG, MBASE, GEN_STATUS, PMAX, PMIN, ...
    MU_PMAX, MU_PMIN, MU_QMAX, MU_QMIN, PC1, PC2, QC1MIN, QC1MAX, ...
    QC2MIN, QC2MAX, RAMP_AGC, RAMP_10, RAMP_30, RAMP_Q, APF] = idx_gen;
[CT_LABEL, CT_PROB, CT_TABLE, CT_TBUS, CT_TGEN, CT_TBRCH, CT_TAREABUS, ...
    CT_TAREAGEN, CT_TAREABRCH, CT_ROW, CT_COL, CT_CHGTYPE, CT_REP, ...
    CT_REL, CT_ADD, CT_NEWVAL, CT_TLOAD, CT_TAREALOAD, CT_LOAD_ALL_PQ, ...
    CT_LOAD_FIX_PQ, CT_LOAD_DIS_PQ, CT_LOAD_ALL_P, CT_LOAD_FIX_P, ...
    CT_LOAD_DIS_P, CT_TGENCOST, CT_TAREAGENCOST, CT_MODCOST_F, ...
    CT_MODCOST_X] = idx_ct;

windprofile = struct( ...
    'type', 'mpcData', ...
    'table', CT_TGEN, ...
    'rows', [1:45], ...
    'col', PMAX, ...
    'chgtype', 1, ...
    'values', [] );
windprofile.values(:,1,:) = [
	3.6399 49.1828 89.1814 110.1228 15.3049 32.0164 29.547 11.2541 27.4702 28.7912 53.2201 79.3939 119.527 68.0719 169.7744 63.9615 79.3596 84.0975 83.8096 69.6194 9.849 74.7049 71.0471 87.4855 96.4434 56.3272 8.754 1177.0024 789.0418 789.0418 766.6145 111.6561 279.3653 179.2005 213.4145 336.6578 1170.2332 305.9373 465.7777 258.3306 117.2127 355.1686 184.4745 226.5054 1182.4231;
	3.4448 46.5464 79.9947 103.7267 15.1171 30.662 28.6168 8.8145 27.2714 27.0301 49.9648 74.5376 112.216 64.4416 173.5124 65.3698 81.1069 85.9491 86.7621 67.051 9.5389 71.5448 69.8604 80.5924 84.3092 45.5938 7.1379 1132.3 770.9774 770.9774 764.7003 111.2298 289.2069 172.5893 202.033 328.9504 1161.3293 268.9692 449.3375 225.8282 113.8496 340.1442 182.4998 192.5641 1173.4265;
	3.5291 47.6864 82.9765 87.7744 14.799 31.7298 26.716 6.85 26.8955 27.6465 51.104 76.2372 114.7747 61.9693 167.7308 63.1916 78.4044 83.0852 81.8277 67.2369 8.9053 74.0362 68.2501 80.4604 71.6604 37.9165 7.8999 1137.9724 785.1797 785.1797 768.9618 111.1938 272.7591 173.068 194.2822 335.01 1117.5959 256.8464 450.933 191.9475 114.6121 351.9892 164.8846 223.7978 1129.2375;
	2.2033 29.7713 80.4827 85.2525 13.9836 30.8052 21.3717 9.1716 25.5953 27.0619 50.0235 74.6253 112.3479 57.7485 170.6143 64.2779 79.7523 84.5136 83.7575 66.9197 7.1239 71.8788 70.0396 80.7043 70.2039 43.7192 7.6018 1099.1046 804.6594 804.6594 784.8431 115.4399 279.1917 172.2515 181.0493 343.3214 1138.2996 269.6887 409.3486 188.0463 108.5802 341.7324 153.6361 213.9314 1150.1569;
	2.3353 31.5555 73.7949 69.6638 14.2664 30.8561 18.3597 7.0872 21.4259 26.8722 49.6729 74.1023 111.5605 61.4414 178.0263 67.0704 83.2169 88.1851 84.133 67.7337 6.1199 71.9975 67.9071 77.3811 52.1649 39.5408 6.1285 1128.7049 783.2909 783.2909 729.8634 114.9241 280.4432 174.3468 192.6271 334.2041 1096.4617 259.1692 369.287 139.7275 110.5785 342.2968 177.9688 190.414 1107.8832;
	3.216 43.4558 76.769 66.7371 14.06 30.4922 16.5201 2.6918 21.1054 27.7661 51.3252 76.567 115.2713 60.2046 162.2753 61.1363 75.8543 80.3829 84.2379 66.1035 5.5067 71.1485 66.6548 72.0072 41.1027 12.325 3.4552 1124.9426 724.6199 724.6199 672.6742 100.3869 280.7929 170.1505 188.7495 309.1712 1123.1146 229.3178 333.196 110.0965 100.5913 338.2604 179.7093 160.6582 1134.8137;
	2.9238 39.5073 67.9603 53.2364 14.0746 28.8358 14.1448 4.2941 15.2121 27.8935 51.5607 76.9185 115.8003 63.7401 178.1611 67.1212 83.2799 88.2519 88.0431 67.3486 4.7149 67.2836 67.5409 71.2951 42.7279 0.0 3.4162 1168.6017 645.6209 645.6209 534.4924 65.125 293.477 173.3556 199.8339 275.4649 1053.4279 196.3131 249.4284 114.4498 84.0495 319.8854 154.0699 122.7314 1064.4011;
	3.303 44.6302 67.0615 57.484 14.5059 28.8962 15.4912 3.9524 15.902 24.5188 45.3227 67.6125 101.7903 66.9477 189.617 71.4371 88.6349 93.9265 90.8913 68.4559 5.1637 67.4245 53.6545 76.2132 51.52 9.2722 3.2054 1199.9775 698.1361 698.1361 633.6834 64.6236 302.9711 176.2057 209.8901 297.8714 1119.4404 211.0831 240.4906 138.0 86.6927 320.5556 145.1372 134.2264 1131.1012;
	2.7536 37.2065 52.9702 56.1491 14.2039 23.1601 15.4268 0.6752 20.1552 22.8702 42.2752 63.0663 94.9459 64.5975 188.3064 70.9434 88.0223 93.2774 90.7108 68.4374 5.1423 54.0402 42.7578 75.9701 48.3716 1.5104 1.7512 1194.8343 793.1476 793.1476 754.941 94.0401 302.3692 176.1581 202.5218 338.4096 1137.2162 247.504 229.6755 129.5668 57.5235 256.9226 139.5598 147.9514 1149.0622;
	2.343 31.6591 47.6541 57.7576 14.4456 18.203 20.0567 1.0542 20.8314 19.1848 35.4628 52.9035 79.6459 63.677 167.4955 63.103 78.2944 82.9687 84.1237 65.8075 6.6856 42.4736 32.581 67.463 33.3381 5.6007 0.8243 1081.6068 767.5849 767.5849 747.1163 106.9607 280.4124 169.3887 199.6361 327.5029 1112.3933 233.92 347.3898 89.2984 47.2791 201.9316 124.0447 126.6793 1123.9807;
	1.6773 22.6641 32.7899 40.7905 12.3586 12.698 19.9949 0.0 18.8561 16.5001 30.5001 45.5002 68.5003 65.0696 170.9081 64.3886 79.8896 84.6591 86.5183 71.1634 6.665 29.6286 30.423 45.4475 15.9693 0.6522 0.579 1088.6993 782.2967 782.2967 726.6794 107.5877 288.3943 183.1747 204.0019 333.7799 1121.5028 226.8701 384.4661 42.7749 31.8067 140.863 85.4231 86.7547 1133.1851;
	1.4407 19.4667 27.1048 26.3182 9.4388 8.943 20.0712 0.7717 17.3994 17.5065 32.3606 48.2756 72.6786 65.3263 165.216 62.2442 77.2289 81.8396 83.0386 67.7155 6.6904 20.867 36.3517 31.3233 15.2906 2.8607 0.6243 947.353 722.1847 722.1847 655.0051 100.1452 276.7954 174.2999 204.8067 308.1321 1022.1538 192.8225 382.2118 40.957 26.7563 99.2079 63.86 70.5376 1032.8013;
	1.0071 13.6082 26.2865 26.8142 8.4789 6.4258 18.7426 1.5557 15.6087 14.9031 27.5481 41.0964 61.8704 60.0198 172.7649 65.0882 80.7576 85.5789 82.9007 68.8287 6.2475 14.9936 33.9188 32.9955 19.3761 3.0472 1.3568 925.4348 769.2988 769.2988 687.5695 95.2491 276.3356 177.1652 188.1703 328.2341 1037.0055 205.787 406.5767 51.9002 23.1262 71.2841 45.6861 41.4406 1047.8077;
	0.8294 11.2076 24.7262 32.8441 7.505 7.8671 13.2086 2.6874 12.1433 18.3961 34.0048 50.7285 76.3715 59.3303 183.7484 69.2262 85.8917 91.0196 83.7748 70.261 4.4029 18.3566 49.489 35.1167 24.4403 5.279 3.38 926.0771 732.1606 732.1606 652.8412 88.6459 279.2494 180.852 186.0084 312.3885 892.3607 201.0839 375.7006 65.465 29.9989 87.2727 38.5056 52.4738 901.6561;
	0.9004 12.1667 26.2335 21.5247 6.9716 9.1394 11.4722 2.2031 12.8568 18.2259 33.6903 50.2593 75.6651 63.906 178.4469 67.2289 83.4136 88.3935 82.8061 71.1501 3.8241 21.3253 57.1262 47.222 26.1305 5.4749 3.3318 854.7924 681.116 681.116 613.5925 81.8947 276.0203 183.1405 200.354 290.6095 874.8145 196.5773 323.6485 69.9925 30.8037 101.3865 35.6618 51.6624 883.9272;
	0.8353 11.2868 19.1417 27.2411 6.9801 0.4472 5.8606 1.2913 9.5061 16.0456 29.66 44.2469 66.6135 62.9814 154.8364 58.3337 72.377 76.698 76.1245 68.1859 1.9535 1.0434 57.67 41.3259 21.6365 1.3988 2.0188 870.0808 546.5683 546.5683 529.3409 76.7531 253.7485 175.5107 197.4553 233.2025 668.6517 188.3965 223.5125 57.9549 30.5085 4.9608 0.0 19.954 675.6168;
	0.466 6.2968 21.3315 6.4089 5.7284 3.5433 4.243 0.0344 12.9094 19.4541 35.9605 53.646 80.7638 63.7483 157.6404 59.3901 73.6877 78.087 80.8702 62.6411 1.4143 8.2678 57.7984 37.0758 12.3367 3.3304 1.369 794.3546 530.058 530.058 562.0308 80.0433 269.5672 161.2384 199.8595 226.1581 754.1669 188.489 245.2325 33.0446 35.5163 39.3076 0.0254 0.5049 762.0228;
	0.9682 13.0828 15.6015 1.7139 2.6144 0.0332 1.4061 0.0002 5.1176 20.9903 38.8002 57.8823 87.1415 64.1254 131.0629 49.3772 61.2643 64.9219 84.8716 53.1168 0.4687 0.0774 68.5058 28.9508 10.566 0.8065 1.2641 786.8853 523.8507 523.8507 585.2136 85.8836 282.9052 136.7228 201.0417 223.5096 737.3815 192.9359 327.7042 28.3019 76.2893 0.3679 6.0257 17.3113 745.0626;
	0.4117 5.5623 25.2532 37.26 0.5848 0.0 0.0263 1.6979 5.8391 24.1306 44.6051 66.5421 100.1787 63.5183 122.8191 46.2714 57.4108 60.8383 2.2245 64.0336 0.0088 0.0 72.4441 45.83 21.4578 7.4318 1.8775 837.6227 470.7435 470.7435 550.8285 81.4151 7.4151 164.8226 199.1386 200.8506 672.2969 175.8072 330.6751 57.4763 89.7209 0.0 0.0102 42.1113 679.3;
