function solarprofile = ex_solar_profilesh1
%EX_WIND_PROFILE_D  Example wind_load_nyiso profile data for deterministic unit commitment.
% 2022.03.12
% Andres F. Ramirez


%% define constants
[GEN_BUS, PG, QG, QMAX, QMIN, VG, MBASE, GEN_STATUS, PMAX, PMIN, ...
    MU_PMAX, MU_PMIN, MU_QMAX, MU_QMIN, PC1, PC2, QC1MIN, QC1MAX, ...
    QC2MIN, QC2MAX, RAMP_AGC, RAMP_10, RAMP_30, RAMP_Q, APF] = idx_gen;
[CT_LABEL, CT_PROB, CT_TABLE, CT_TBUS, CT_TGEN, CT_TBRCH, CT_TAREABUS, ...
    CT_TAREAGEN, CT_TAREABRCH, CT_ROW, CT_COL, CT_CHGTYPE, CT_REP, ...
    CT_REL, CT_ADD, CT_NEWVAL, CT_TLOAD, CT_TAREALOAD, CT_LOAD_ALL_PQ, ...
    CT_LOAD_FIX_PQ, CT_LOAD_DIS_PQ, CT_LOAD_ALL_P, CT_LOAD_FIX_P, ...
    CT_LOAD_DIS_P, CT_TGENCOST, CT_TAREAGENCOST, CT_MODCOST_F, ...
    CT_MODCOST_X] = idx_ct;

solarprofile = struct( ...
    'type', 'mpcData', ...
    'table', CT_TGEN, ...
    'rows', [1:12], ...
    'col', PMAX, ...
    'chgtype', 1, ...
    'values', [] );
solarprofile.values(:,1,:) = [
	0.0 0.0 0.0 0.0 0.0 0.0 0.0 0.0 0.0 0.0 0.0 0.0;
	0.0 0.0 0.0 0.0 0.0 0.0 0.0 0.0 0.0 0.0 0.0 0.0;
	0.0 0.0 0.0 0.0 0.0 0.0 0.0 0.0 0.0 0.0 0.0 0.0;
	0.0 0.0 0.0 0.0 0.0 0.0 0.0 0.0 0.0 0.0 0.0 0.0;
	0.0 0.0 0.0 0.0 0.0 0.0 0.0 0.0 0.0 0.0 0.0 0.0;
	0.1575 0.1621 0.24 0.0 0.0 0.0 0.0 0.0 0.0 0.0 0.0 0.0;
	5.6835 5.5196 4.1884 1.5817 0.8994 158.6793 19.8349 39.1935 108.2014 23.6777 22.7161 42.8805;
	12.6144 13.1332 11.3107 3.8745 1.7311 278.1933 34.7742 45.4342 239.4919 139.6662 66.9498 252.9363;
	22.3514 16.6083 13.8028 6.2453 2.6511 339.1972 42.3997 48.8509 263.9474 243.7694 114.2398 441.4678;
	26.1269 16.5957 14.0784 5.1645 3.4867 406.0658 50.7582 55.9597 269.1235 274.5235 161.0423 497.1637;
	26.4519 16.604 14.0992 6.0772 4.2345 363.9635 45.4954 51.4318 261.7616 300.2954 185.0857 543.8368;
	26.3574 16.5346 14.0816 6.34 4.8357 295.3174 36.9147 48.9365 248.1763 311.5383 197.4795 564.1978;
	26.1179 16.5546 14.085 7.4632 9.2535 390.8621 48.8578 66.5218 263.7153 344.6508 254.201 624.1647;
	23.5346 16.3881 13.9331 5.86 8.9778 407.4626 50.9328 70.8078 257.799 339.0449 234.1378 614.0123;
	17.9848 13.9471 12.8163 3.6962 8.598 409.6826 51.2103 73.3563 238.3642 297.1816 187.8406 538.1977;
	6.1294 5.9904 4.7525 4.225 12.1341 373.2223 46.6528 69.2187 176.309 119.1081 97.4597 215.7054;
	0.8962 0.737 0.5271 2.0509 4.1745 58.7055 7.3382 11.3184 35.6687 63.3617 37.6999 114.7485;
	0.0 0.0 0.0 0.0 0.0 0.0 0.0 0.0 0.0 0.0 0.0 0.0;
	0.0 0.0 0.0 0.0 0.0 0.0 0.0 0.0 0.0 0.0 0.0 0.0;
	0.0 0.0 0.0 0.0 0.0 0.0 0.0 0.0 0.0 0.0 0.0 0.0;
	0.0 0.0 0.0 0.0 0.0 0.0 0.0 0.0 0.0 0.0 0.0 0.0;
	0.0 0.0 0.0 0.0 0.0 0.0 0.0 0.0 0.0 0.0 0.0 0.0;
	0.0 0.0 0.0 0.0 0.0 0.0 0.0 0.0 0.0 0.0 0.0 0.0;
	0.0 0.0 0.0 0.0 0.0 0.0 0.0 0.0 0.0 0.0 0.0 0.0;
];
