function windprofile = ex_wind_profilesh1
%EX_WIND_PROFILE_D  Example wind_load_nyiso profile data for deterministic unit commitment.
% 2022.03.12
% Andres F. Ramirez


%% define constants
[GEN_BUS, PG, QG, QMAX, QMIN, VG, MBASE, GEN_STATUS, PMAX, PMIN, ...
    MU_PMAX, MU_PMIN, MU_QMAX, MU_QMIN, PC1, PC2, QC1MIN, QC1MAX, ...
    QC2MIN, QC2MAX, RAMP_AGC, RAMP_10, RAMP_30, RAMP_Q, APF] = idx_gen;
[CT_LABEL, CT_PROB, CT_TABLE, CT_TBUS, CT_TGEN, CT_TBRCH, CT_TAREABUS, ...
    CT_TAREAGEN, CT_TAREABRCH, CT_ROW, CT_COL, CT_CHGTYPE, CT_REP, ...
    CT_REL, CT_ADD, CT_NEWVAL, CT_TLOAD, CT_TAREALOAD, CT_LOAD_ALL_PQ, ...
    CT_LOAD_FIX_PQ, CT_LOAD_DIS_PQ, CT_LOAD_ALL_P, CT_LOAD_FIX_P, ...
    CT_LOAD_DIS_P, CT_TGENCOST, CT_TAREAGENCOST, CT_MODCOST_F, ...
    CT_MODCOST_X] = idx_ct;

windprofile = struct( ...
    'type', 'mpcData', ...
    'table', CT_TGEN, ...
    'rows', [1:45], ...
    'col', PMAX, ...
    'chgtype', 1, ...
    'values', [] );
windprofile.values(:,1,:) = [
	3.6271 49.0096 88.8565 106.9769 14.8365 31.7915 27.9437 9.3528 27.7446 27.051 50.0034 74.5953 112.3027 65.0044 190.613 71.8123 89.1005 94.4199 87.2234 70.3601 9.3146 74.1803 60.7522 84.3947 92.3517 57.7221 8.3764 1153.9621 670.3124 670.3124 726.0475 115.1281 290.7445 181.107 203.7977 286.0 1092.5076 280.6488 459.9214 247.3705 112.1275 352.6742 192.1224 239.2503 1103.8879;
	3.5717 48.2613 84.9804 101.8724 14.3859 29.7521 26.8109 8.4891 27.4069 24.8585 45.9505 68.5492 103.2004 65.294 189.73 71.4797 88.6878 93.9825 88.9254 70.4658 8.937 69.4216 60.2465 81.9607 91.1493 54.2765 7.0618 1219.8373 721.8636 721.8636 761.6527 116.5422 296.4181 181.3792 204.7055 307.9951 1200.6625 266.827 455.1103 244.15 105.771 330.0503 195.3762 236.3311 1213.1694;
	3.392 45.8337 86.3043 93.4274 14.628 29.3468 25.4269 7.9613 27.0802 23.8992 44.1774 65.904 99.2181 64.6168 194.2738 73.1915 90.8117 96.2333 89.1125 72.3883 8.4756 68.4759 40.9836 83.3149 80.7067 54.8209 7.1872 1225.0774 741.5817 741.5817 758.9196 119.0764 297.0416 186.3278 202.5825 316.4082 1142.4643 260.2638 448.6054 216.1785 105.6173 325.5541 173.9285 231.1331 1154.3649;
	3.2837 44.3697 84.083 95.0847 14.4364 28.3745 21.9088 4.3638 27.2033 24.2812 44.8834 66.9573 100.8038 63.3717 194.4486 73.2574 90.8934 96.3199 90.7847 70.8522 7.3029 66.2072 59.6136 82.9188 75.7661 44.0277 4.3362 1215.1065 762.1408 762.1408 778.2645 119.0202 302.6157 182.3739 198.6787 325.1801 1213.2858 275.1034 438.0905 202.9449 91.5577 314.7678 177.8685 200.9012 1225.9242;
	3.1199 42.1563 75.7424 77.0085 14.2699 26.049 18.8853 0.966 24.1091 23.7171 43.8406 65.4016 98.4617 60.4894 190.6833 71.8388 89.1334 94.4547 88.6023 70.8046 6.2951 60.7809 61.6532 75.7418 44.5247 37.1579 3.2142 1217.5415 761.0443 761.0443 726.7211 114.8759 295.341 182.2512 189.6424 324.7122 1181.2245 260.8709 395.6335 119.2626 96.4697 288.9698 189.8935 164.1703 1193.5289;
	3.5546 48.0309 77.4503 77.1351 14.6987 28.1772 17.3589 5.4506 26.1017 26.8226 49.5811 73.9653 111.3543 64.9415 184.1673 69.384 86.0875 91.2271 86.1705 71.8845 5.7863 65.7467 68.0943 79.3668 50.5488 33.778 4.1648 1200.0481 712.163 712.163 666.535 103.4318 287.235 185.031 203.6004 303.8562 1182.4332 232.2175 361.7801 135.3986 95.8943 312.5787 187.5857 161.2751 1194.7502;
	3.2334 43.6909 66.8761 59.2282 14.9965 27.1198 15.0026 4.5749 19.7242 26.0092 48.0776 71.7223 107.9775 64.7617 175.1577 65.9896 81.876 86.7641 77.9805 69.9256 5.0009 63.2796 67.2742 77.3248 45.8777 21.7574 3.9722 1208.4523 679.1472 679.1472 554.7942 66.1624 259.935 179.9888 203.0368 289.7695 1148.2121 209.3264 296.3228 122.8867 79.8482 300.8491 160.4826 89.5167 1160.1727;
	3.5851 48.4425 64.7079 64.5793 14.9936 28.2038 16.227 4.1903 16.1045 23.1983 42.8817 63.971 96.308 65.9234 174.0547 65.5741 81.3604 86.2178 83.5423 67.3639 5.409 65.8088 55.6754 81.1996 53.7154 20.0778 3.4403 1294.8515 726.426 726.426 639.0186 66.4718 278.4744 173.3947 206.6788 309.9418 1197.2966 214.7123 266.9078 143.8806 82.3496 312.8736 160.6435 129.1395 1209.7684;
	3.2216 43.5308 59.1346 63.2698 15.1762 24.4514 15.8942 4.0019 19.8854 22.1259 40.8994 61.0139 91.856 67.1222 158.2641 59.6251 73.9793 78.3959 73.2066 66.5679 5.2981 57.0533 48.0069 83.0396 58.3315 14.0243 2.9194 1292.7022 795.4796 795.4796 726.101 93.4712 244.022 171.346 210.4373 339.4046 1193.0419 255.7612 265.7595 156.2451 61.7449 271.2478 147.5268 150.0779 1205.4694;
	2.8511 38.5247 49.3275 60.2125 15.1471 19.1649 19.07 2.3848 21.4841 18.6486 34.4717 51.425 77.42 68.4331 150.2407 56.6023 70.2288 74.4216 74.5839 66.8852 6.3567 44.7181 41.9664 73.3604 36.662 8.3156 1.4093 1221.5316 782.8725 782.8725 696.4963 113.6656 248.6132 172.1627 214.5469 334.0256 1226.7948 246.2027 377.5743 98.2017 46.2009 212.6027 130.1599 126.2883 1239.574;
	2.1742 29.3787 34.8398 41.949 13.8217 13.8023 17.8408 1.0618 19.2899 14.7871 27.3337 40.7765 61.3887 63.4275 143.6743 54.1284 67.1594 71.1689 81.5802 67.2057 5.9469 32.2053 29.2248 50.3149 20.8788 4.0345 0.743 1165.9606 765.9224 765.9224 633.556 104.4936 271.934 172.9876 198.8538 326.7936 1132.3936 231.387 391.5762 55.9253 36.2833 153.1131 89.1266 85.4175 1144.1894;
	1.4564 19.6791 27.1706 26.3037 10.2566 10.4045 18.3959 1.3275 17.316 16.3606 30.2424 45.1157 67.9215 61.1622 155.2158 58.4766 72.5544 76.886 83.1647 65.2786 6.132 24.2771 38.7474 38.7547 20.809 6.387 2.4215 1017.5539 692.0812 692.0812 598.68 101.7567 277.2155 168.0272 191.7517 295.288 1034.0192 202.325 395.3062 55.7383 26.482 115.4202 63.3284 66.0769 1044.7903;
	1.0551 14.2567 19.6247 23.1997 9.0994 6.8432 17.6299 1.5561 13.8559 12.4442 23.003 34.3159 51.6624 58.4325 165.2611 62.2611 77.2499 81.8619 85.0018 66.7072 5.8766 15.9675 34.1197 35.1064 19.211 4.203 2.084 1041.1923 729.8188 729.8188 633.1023 97.7741 283.3395 171.7044 183.1937 311.3893 1038.28 207.2606 410.724 51.458 25.987 75.914 47.4341 20.8524 1049.0954;
	0.8155 11.0194 22.2566 31.028 7.559 7.3643 13.6761 1.9735 12.2848 17.4793 32.3103 48.2006 72.5658 62.3004 173.4517 65.3469 81.0786 85.9191 83.9806 65.7577 4.5587 17.1833 46.9702 37.8091 24.3535 3.3241 3.2816 983.2827 689.8753 689.8753 663.8133 93.8273 279.9352 169.2604 195.3203 294.3468 907.3466 217.4311 395.3015 65.2325 28.4655 81.6945 32.0236 0.0 916.7982;
	0.8706 11.7633 21.5823 11.1286 6.9721 5.8499 11.3588 1.8173 9.8415 16.9888 31.4035 46.8479 70.5292 59.169 167.0032 62.9175 78.0643 82.7248 76.6278 66.1805 3.7863 13.6497 53.8982 46.0195 24.0279 2.0082 3.1592 837.8196 613.9779 613.9779 621.597 83.4121 255.4259 170.3487 185.5029 261.9639 787.9749 206.3515 327.3563 64.3605 22.3388 64.8947 31.1337 32.4832 796.183;
	0.8287 11.1981 17.4091 29.0688 7.4277 0.0 5.9591 1.1463 7.9802 14.6285 27.0406 40.3392 60.7304 54.86 175.1377 65.9821 81.8667 86.7543 84.0057 68.2255 1.9864 0.0 52.1486 44.8099 22.9463 1.8179 2.2674 768.6744 510.1774 510.1774 526.3728 81.0864 280.0189 175.6126 171.9934 217.6757 609.7007 196.2359 216.9268 61.4632 28.2652 0.0 0.0 10.5035 616.0517;
	0.5467 7.3874 57.3203 97.9093 6.965 0.6514 4.2108 0.5206 11.5708 18.229 33.696 50.2677 75.6778 56.7474 180.781 68.1082 84.5046 89.5497 84.3142 68.1267 1.4036 1.5199 52.5551 46.3028 18.0721 3.966 1.6903 702.7573 487.9111 487.9111 524.7434 77.2751 281.0474 175.3583 177.9108 208.1754 673.2119 188.6618 231.2641 48.4073 30.4762 7.226 5.8754 13.379 680.2245;
	0.98 13.2421 29.084 47.3338 2.8607 1.092 5.8398 0.2147 4.2219 20.792 38.4337 57.3355 86.3183 62.4386 140.4396 52.9098 65.6473 69.5666 86.5953 58.464 1.9466 2.548 66.4132 42.041 17.1604 3.0034 1.6128 694.1589 479.5131 479.5131 545.6866 84.7822 288.651 150.4864 195.7535 204.5923 661.2054 197.6193 340.4776 45.9655 68.3908 12.114 0.9798 86.29 668.093;
	0.4651 6.2844 26.8321 40.0308 3.0921 1.6591 11.6362 1.9603 5.0228 22.7597 42.071 62.7616 94.4872 66.6278 124.3731 46.8568 58.1372 61.6081 20.0569 64.6503 3.8787 3.8712 67.1509 49.2522 24.1501 6.9148 1.8843 744.8181 503.0154 503.0154 575.6142 83.0421 66.8562 166.41 208.8872 214.6199 683.1472 192.0684 349.6529 64.6877 87.8303 18.4049 8.7175 40.5606 690.2633;
