function solarprofile = ex_solar_profilesh1
%EX_WIND_PROFILE_D  Example wind_load_nyiso profile data for deterministic unit commitment.
% 2022.03.12
% Andres F. Ramirez


%% define constants
[GEN_BUS, PG, QG, QMAX, QMIN, VG, MBASE, GEN_STATUS, PMAX, PMIN, ...
    MU_PMAX, MU_PMIN, MU_QMAX, MU_QMIN, PC1, PC2, QC1MIN, QC1MAX, ...
    QC2MIN, QC2MAX, RAMP_AGC, RAMP_10, RAMP_30, RAMP_Q, APF] = idx_gen;
[CT_LABEL, CT_PROB, CT_TABLE, CT_TBUS, CT_TGEN, CT_TBRCH, CT_TAREABUS, ...
    CT_TAREAGEN, CT_TAREABRCH, CT_ROW, CT_COL, CT_CHGTYPE, CT_REP, ...
    CT_REL, CT_ADD, CT_NEWVAL, CT_TLOAD, CT_TAREALOAD, CT_LOAD_ALL_PQ, ...
    CT_LOAD_FIX_PQ, CT_LOAD_DIS_PQ, CT_LOAD_ALL_P, CT_LOAD_FIX_P, ...
    CT_LOAD_DIS_P, CT_TGENCOST, CT_TAREAGENCOST, CT_MODCOST_F, ...
    CT_MODCOST_X] = idx_ct;

solarprofile = struct( ...
    'type', 'mpcData', ...
    'table', CT_TGEN, ...
    'rows', [1:12], ...
    'col', PMAX, ...
    'chgtype', 1, ...
    'values', [] );
solarprofile.values(:,1,:) = [
	0.0 0.0 0.0 0.0 0.0 0.0 0.0 0.0 0.0 0.0 0.0 0.0;
	0.0 0.0 0.0 0.0 0.0 0.0 0.0 0.0 0.0 0.0 0.0 0.0;
	0.0 0.0 0.0 0.0 0.0 0.0 0.0 0.0 0.0 0.0 0.0 0.0;
	0.0 0.0 0.0 0.0 0.0 0.0 0.0 0.0 0.0 0.0 0.0 0.0;
	0.0 0.0 0.0 0.0 0.0 0.0 0.0 0.0 0.0 0.0 0.0 0.0;
	0.1575 0.1621 0.24 0.0 0.0 0.0 0.0 0.0 0.0 0.0 0.0 0.0;
	4.0132 1.1314 0.9162 0.1455 0.0 157.5354 19.6919 34.1473 80.0428 47.3481 22.0608 85.7477;
	8.6655 1.3711 1.118 1.2618 0.686 196.6723 24.584 38.1727 25.5805 159.1807 29.4472 288.2773;
	18.7776 10.0843 5.735 5.0378 2.7362 208.6942 26.0868 40.3737 26.5803 245.3798 64.9338 444.3842;
	25.6926 16.4534 12.4206 8.6903 7.4745 190.176 23.772 24.9182 104.6198 317.8012 126.2409 575.5399;
	25.7106 15.4687 10.921 7.6883 7.5471 233.241 29.1551 21.2274 134.5216 306.7188 134.5607 555.4697;
	21.5089 10.0019 9.348 6.2239 6.5985 242.6042 30.3255 22.991 117.4267 313.8872 157.557 568.4516;
	21.2309 12.402 12.8968 3.7233 9.7983 353.0851 44.1356 54.7673 163.7012 355.4939 252.3989 643.8016;
	20.7987 15.8333 13.7008 2.5849 10.1509 353.9234 44.2404 55.6209 150.5328 358.9554 243.5479 650.0704;
	17.7996 13.5033 11.9127 2.3702 10.3067 333.6609 41.7076 50.7123 137.5149 355.3412 217.7306 643.5251;
	10.9154 7.2312 6.1685 1.3885 12.5765 287.257 35.9071 29.887 81.6409 213.1922 128.8346 386.0924;
	0.9136 0.7333 0.5362 1.5011 3.6904 59.6376 7.4547 10.067 34.9853 63.8874 38.4782 115.7004;
	0.0 0.0 0.0 0.0 0.0 0.0 0.0 0.0 0.0 0.0 0.0 0.0;
	0.0 0.0 0.0 0.0 0.0 0.0 0.0 0.0 0.0 0.0 0.0 0.0;
	0.0 0.0 0.0 0.0 0.0 0.0 0.0 0.0 0.0 0.0 0.0 0.0;
	0.0 0.0 0.0 0.0 0.0 0.0 0.0 0.0 0.0 0.0 0.0 0.0;
	0.0 0.0 0.0 0.0 0.0 0.0 0.0 0.0 0.0 0.0 0.0 0.0;
	0.0 0.0 0.0 0.0 0.0 0.0 0.0 0.0 0.0 0.0 0.0 0.0;
	0.0 0.0 0.0 0.0 0.0 0.0 0.0 0.0 0.0 0.0 0.0 0.0;
];
