function solarprofile = ex_solar_profilesh1
%EX_WIND_PROFILE_D  Example wind_load_nyiso profile data for deterministic unit commitment.
% 2022.03.12
% Andres F. Ramirez


%% define constants
[GEN_BUS, PG, QG, QMAX, QMIN, VG, MBASE, GEN_STATUS, PMAX, PMIN, ...
    MU_PMAX, MU_PMIN, MU_QMAX, MU_QMIN, PC1, PC2, QC1MIN, QC1MAX, ...
    QC2MIN, QC2MAX, RAMP_AGC, RAMP_10, RAMP_30, RAMP_Q, APF] = idx_gen;
[CT_LABEL, CT_PROB, CT_TABLE, CT_TBUS, CT_TGEN, CT_TBRCH, CT_TAREABUS, ...
    CT_TAREAGEN, CT_TAREABRCH, CT_ROW, CT_COL, CT_CHGTYPE, CT_REP, ...
    CT_REL, CT_ADD, CT_NEWVAL, CT_TLOAD, CT_TAREALOAD, CT_LOAD_ALL_PQ, ...
    CT_LOAD_FIX_PQ, CT_LOAD_DIS_PQ, CT_LOAD_ALL_P, CT_LOAD_FIX_P, ...
    CT_LOAD_DIS_P, CT_TGENCOST, CT_TAREAGENCOST, CT_MODCOST_F, ...
    CT_MODCOST_X] = idx_ct;

solarprofile = struct( ...
    'type', 'mpcData', ...
    'table', CT_TGEN, ...
    'rows', [1:12], ...
    'col', PMAX, ...
    'chgtype', 1, ...
    'values', [] );
solarprofile.values(:,1,:) = [
	0.0 0.0 0.0 0.0 0.0 0.0 0.0 0.0 0.0 0.0 0.0 0.0;
	0.0 0.0 0.0 0.0 0.0 0.0 0.0 0.0 0.0 0.0 0.0 0.0;
	0.0 0.0 0.0 0.0 0.0 0.0 0.0 0.0 0.0 0.0 0.0 0.0;
	0.0 0.0 0.0 0.0 0.0 0.0 0.0 0.0 0.0 0.0 0.0 0.0;
	0.0 0.0 0.0 0.0 0.0 0.0 0.0 0.0 0.0 0.0 0.0 0.0;
	0.1864 0.1679 0.24 0.0 0.0 0.0 0.0 0.0 0.0263 0.0 0.0 0.0;
	1.7721 0.6423 1.6389 1.2235 3.066 193.3621 24.1703 28.4273 69.5376 41.8439 22.276 75.7796;
	4.8045 4.4031 4.1089 2.1743 8.191 284.6296 35.5787 45.9668 125.5526 104.906 64.6976 189.9854;
	18.1516 15.6754 12.8242 4.4845 11.6387 312.9525 39.1191 47.7968 157.4847 165.476 114.7734 299.6781;
	25.2733 16.0971 13.692 6.4097 12.0766 253.8664 31.7333 42.4412 160.1401 171.4699 151.0502 310.533;
	18.1546 6.9146 9.7132 6.4599 10.8588 297.8667 37.2333 39.1372 162.0982 227.9603 173.0594 412.8375;
	6.4877 2.1255 2.2548 6.3418 8.4598 314.5017 39.3127 36.7606 152.8191 256.8088 181.6858 465.0823;
	6.3579 2.183 2.4602 9.086 9.007 385.3099 48.1637 57.1321 199.6649 341.4098 236.8248 618.2951;
	7.5118 6.7458 10.1875 8.3877 7.9037 371.601 46.4501 59.2948 188.0703 336.3715 212.179 609.1709;
	9.9573 8.4928 9.5274 6.3026 5.9447 338.3048 42.2881 56.9812 160.7894 288.6385 155.4939 522.7261;
	6.3913 6.0272 6.0134 4.8014 8.8938 282.8595 35.3574 49.2497 114.1522 201.7651 116.7647 365.3979;
	0.9146 0.7624 0.5442 1.5421 3.4259 62.2747 7.7843 10.8364 36.829 67.1754 39.2947 121.655;
	0.0 0.0 0.0 0.0 0.0 0.0 0.0 0.0 0.0 0.0 0.0 0.0;
	0.0 0.0 0.0 0.0 0.0 0.0 0.0 0.0 0.0 0.0 0.0 0.0;
	0.0 0.0 0.0 0.0 0.0 0.0 0.0 0.0 0.0 0.0 0.0 0.0;
	0.0 0.0 0.0 0.0 0.0 0.0 0.0 0.0 0.0 0.0 0.0 0.0;
	0.0 0.0 0.0 0.0 0.0 0.0 0.0 0.0 0.0 0.0 0.0 0.0;
	0.0 0.0 0.0 0.0 0.0 0.0 0.0 0.0 0.0 0.0 0.0 0.0;
	0.0 0.0 0.0 0.0 0.0 0.0 0.0 0.0 0.0 0.0 0.0 0.0;
];
