function windprofile = ex_wind_profilesh1
%EX_WIND_PROFILE_D  Example wind_load_nyiso profile data for deterministic unit commitment.
% 2022.03.12
% Andres F. Ramirez


%% define constants
[GEN_BUS, PG, QG, QMAX, QMIN, VG, MBASE, GEN_STATUS, PMAX, PMIN, ...
    MU_PMAX, MU_PMIN, MU_QMAX, MU_QMIN, PC1, PC2, QC1MIN, QC1MAX, ...
    QC2MIN, QC2MAX, RAMP_AGC, RAMP_10, RAMP_30, RAMP_Q, APF] = idx_gen;
[CT_LABEL, CT_PROB, CT_TABLE, CT_TBUS, CT_TGEN, CT_TBRCH, CT_TAREABUS, ...
    CT_TAREAGEN, CT_TAREABRCH, CT_ROW, CT_COL, CT_CHGTYPE, CT_REP, ...
    CT_REL, CT_ADD, CT_NEWVAL, CT_TLOAD, CT_TAREALOAD, CT_LOAD_ALL_PQ, ...
    CT_LOAD_FIX_PQ, CT_LOAD_DIS_PQ, CT_LOAD_ALL_P, CT_LOAD_FIX_P, ...
    CT_LOAD_DIS_P, CT_TGENCOST, CT_TAREAGENCOST, CT_MODCOST_F, ...
    CT_MODCOST_X] = idx_ct;

windprofile = struct( ...
    'type', 'mpcData', ...
    'table', CT_TGEN, ...
    'rows', [1:45], ...
    'col', PMAX, ...
    'chgtype', 1, ...
    'values', [] );
windprofile.values(:,1,:) = [
	3.8243 51.6747 93.1898 114.441 14.7694 31.424 28.6408 13.4027 27.1331 28.0759 51.8978 77.4213 116.5573 64.8859 181.1561 68.2495 84.6799 89.7354 84.5187 64.9719 9.5469 73.3227 64.5144 88.617 98.8752 67.5359 9.5046 1218.3267 753.9895 753.9895 751.7675 118.0873 281.7292 167.2378 203.4259 321.7022 1129.0361 302.764 464.8933 264.8442 121.6572 348.5972 198.7603 241.8417 1140.7969;
	3.8107 51.4904 89.5793 111.8918 14.7223 30.6848 29.3921 12.7208 27.9991 26.6505 49.2631 73.4908 110.6401 68.3018 191.716 72.2279 89.6161 94.9663 84.4788 67.0922 9.7974 71.5979 68.7766 86.8211 98.1869 66.5764 8.8585 1256.4684 797.0986 797.0986 794.73 115.2656 281.5959 172.6956 214.1355 340.0954 1240.8235 288.5392 466.6468 263.0007 121.7532 340.3966 202.7081 233.3514 1253.7488;
	3.7439 50.5885 90.1856 102.3774 14.9872 31.3747 27.7568 11.8015 28.2258 27.4833 50.8024 75.7872 114.0972 66.9207 192.2395 72.4251 89.8608 95.2256 86.1936 68.6427 9.2523 73.2076 65.4032 87.6978 89.7348 64.912 9.5235 1258.3246 808.477 808.477 809.9701 115.8108 287.3119 176.6865 209.8053 344.9502 1192.977 281.2179 476.3928 240.3612 117.5226 348.0496 190.4931 244.6683 1205.4038;
	3.579 48.3607 88.2245 100.0932 14.988 30.7109 23.11 11.0437 27.9231 27.9712 51.7043 77.1326 116.1227 64.5736 190.4985 71.7692 89.047 94.3632 87.6033 69.3694 7.7033 71.6588 69.7958 86.1831 85.4156 56.3018 8.0943 1196.2219 783.2378 783.2378 730.9213 112.8929 292.011 178.5571 202.4471 334.1815 1195.4607 259.8026 444.8044 228.7918 110.3412 340.6866 186.7499 240.8406 1207.9134;
	3.6042 48.7011 84.2763 84.3772 15.0717 30.6377 20.5357 9.1555 24.5459 28.1574 52.0485 77.6461 116.8958 62.9663 201.1674 75.7887 94.0341 99.6481 92.5548 71.7868 6.8452 71.4879 69.2974 85.3113 71.5217 52.1939 7.4848 1245.8154 768.1028 768.1028 692.4142 107.8682 308.5159 184.7793 197.4078 327.7239 1204.2374 244.0123 396.0169 191.5761 110.5743 339.8739 195.8521 222.661 1216.7815;
	3.7096 50.1243 82.5792 84.3007 15.0916 30.4866 18.2892 7.3697 25.8227 28.2071 52.1404 77.7833 117.1023 63.4555 194.7073 73.3549 91.0144 96.448 90.2223 68.9447 6.0964 71.1355 67.9133 83.2201 55.5028 34.3217 5.9469 1251.9897 698.0938 698.0938 650.6065 98.174 300.7411 177.4637 198.9415 297.8534 1220.3113 223.7253 341.07 148.6682 100.9548 338.1984 189.1623 189.547 1233.0229;
	3.4982 47.269 73.8951 71.265 15.3132 28.7113 15.1662 6.4515 20.2019 27.4438 50.7295 75.6784 113.9334 65.5973 187.9506 70.8093 87.856 93.1011 87.5756 66.9363 5.0554 66.993 69.5868 81.2106 53.8698 29.1765 4.6788 1275.2495 673.7509 673.7509 577.1184 66.2877 291.9187 172.2941 205.6564 287.4671 1164.1 200.2739 274.2542 144.294 86.8209 318.5041 161.3706 141.2754 1176.226;
	3.5629 48.1432 66.3149 70.7835 14.718 27.0499 15.5688 5.0636 18.0698 22.6851 41.933 62.5558 94.1775 66.1068 189.8025 71.507 88.7217 94.0185 86.4735 68.0461 5.1896 63.1163 43.7894 74.3269 53.9246 17.5396 2.6857 1324.9518 663.1293 663.1293 619.8446 68.9355 288.2449 175.1508 207.2538 282.9352 1159.7996 212.4986 252.7092 144.441 88.5371 300.0731 148.3442 136.9214 1171.8809;
	2.8611 38.6597 55.5032 64.08 15.0441 23.5547 14.6872 4.0368 20.5477 20.895 38.6241 57.6196 86.746 64.5449 180.6463 68.0574 84.4416 89.4829 86.3972 61.6102 4.8957 54.961 35.6247 75.026 52.3693 12.8645 2.4755 1260.7909 720.4484 720.4484 692.7689 91.2829 287.9907 158.5849 202.3571 307.3913 1102.1527 231.7753 227.8238 140.275 63.6401 261.3001 141.4577 143.3795 1113.6334;
	2.3438 31.6697 44.7272 59.8369 14.6371 17.8345 19.9765 2.053 21.6551 17.9728 33.2224 49.5613 74.6143 66.5262 169.9652 64.0334 79.4488 84.1921 85.0876 54.6839 6.6588 41.6138 39.179 61.2556 30.9213 4.7979 1.0563 1225.9151 726.2652 726.2652 671.9896 107.8969 283.6253 140.7565 208.5686 309.8731 1133.1605 226.0759 367.653 82.825 50.2495 197.844 123.4303 108.8617 1144.9643;
	1.6817 22.7234 32.4569 41.6423 13.4785 13.3407 18.2131 0.5417 19.5137 14.7064 27.1846 40.5541 61.054 63.223 168.4289 63.4546 78.7307 83.4311 82.8269 63.3881 6.071 31.1284 30.9351 47.6646 19.5472 0.1156 0.579 1188.5431 751.4682 751.4682 671.4023 104.3658 276.0898 163.1612 198.2125 320.6264 1081.0487 221.1155 393.3091 52.3587 39.8073 147.9933 84.9491 73.4457 1092.3096;
	0.978 13.2151 26.9529 26.024 9.0401 8.316 18.7409 1.1124 16.9199 14.9994 27.7262 41.3621 62.2704 63.3928 165.6305 62.4003 77.4226 82.0449 79.4436 55.4604 6.247 19.4039 39.8448 35.5909 19.6816 5.0356 0.8851 1060.7111 678.923 678.923 670.3694 104.4778 264.8119 142.7552 198.7449 289.6738 994.701 199.955 400.6851 52.7186 31.5545 92.2517 58.4693 70.0164 1005.0624;
	0.9234 12.4771 25.281 26.665 7.5247 5.8012 17.7153 2.355 14.4732 12.5649 23.226 34.6486 52.1632 56.2861 172.2953 64.9113 80.538 85.3463 78.3934 55.7805 5.9051 13.5362 39.8117 36.0937 23.1222 9.5928 2.7004 1025.2131 699.043 699.043 649.3178 95.2062 261.3114 143.5793 176.4646 298.2583 967.9751 200.8754 414.233 61.9346 31.6869 64.3551 32.9956 54.1316 978.0581;
	0.8282 11.191 22.9915 33.0584 7.4112 7.3162 13.809 2.8529 12.1174 16.934 31.3023 46.6968 70.3018 61.6238 178.8363 67.3755 83.5956 88.5863 78.7545 62.2026 4.603 17.0712 53.4167 39.6026 27.3296 10.906 3.8699 995.0942 694.9607 694.9607 727.1914 91.5185 262.5151 160.1097 193.1989 296.5165 897.8541 209.6938 400.7784 73.2042 35.3194 81.1614 34.3993 59.8494 907.2067;
	0.7809 10.5523 20.1884 0.2726 5.3824 7.3362 11.6814 2.0097 12.8427 15.6339 28.8991 43.1117 64.9045 58.7358 158.6923 59.7864 74.1794 78.6081 61.6065 59.1746 3.8938 17.1177 54.3301 44.0334 24.7538 7.1481 3.4878 891.4105 594.7145 594.7145 627.8792 72.2829 205.3551 152.3155 184.1447 253.7448 786.6695 191.3657 329.1671 66.3047 31.0359 81.3825 29.9713 51.1639 794.864;
	0.8741 11.8109 15.3471 8.6705 6.3242 0.0 5.905 0.8367 8.3504 5.5911 10.3352 15.418 23.2117 63.1002 153.6433 57.8842 71.8193 76.107 55.7071 52.4179 1.9683 0.0 29.2456 11.7539 16.2034 0.9482 1.6812 880.0479 499.1085 499.1085 544.3817 74.0509 185.6904 134.9237 197.8276 212.953 618.5564 183.1102 207.8513 43.4019 26.7685 0.0 0.0 15.0596 624.9997;
	0.4596 6.2103 0.0 0.0 5.3143 0.0 3.8334 0.0005 0.4278 7.207 13.322 19.8738 29.9199 59.9185 154.2712 58.1208 72.1128 76.4181 51.2289 49.7743 1.2778 0.0 30.8281 2.3575 8.9446 3.3306 1.3343 806.3228 454.3991 454.3991 548.7018 76.7473 170.7629 128.1191 187.8527 193.8769 702.0148 182.0903 198.2991 23.9588 29.3654 0.0 0.0022 1.2568 709.3275;
	0.9136 12.3442 0.0 0.0 0.7358 0.0 0.0 0.0 0.0 12.6306 23.3475 34.8298 52.4361 52.0225 123.6897 46.5994 57.8177 61.2695 51.7913 42.4309 0.0 0.0 53.8344 4.598 9.9288 0.845 0.682 737.8493 474.5615 474.5615 574.6337 82.5468 172.6378 109.2172 163.0975 202.4796 691.8065 192.5434 286.6065 26.5949 57.3882 0.0 0.0 0.0 699.0128;
	0.3808 5.1451 24.2067 38.3712 0.0012 0.1462 0.0 1.8252 0.0 19.2864 35.6506 53.1837 80.0677 47.9662 94.1411 35.4671 44.0055 46.6327 0.0 55.194 0.0 0.3411 51.5583 43.369 22.2143 4.7297 1.8959 774.015 402.2193 402.2193 544.5182 64.957 0.0 142.0696 150.3805 171.6136 613.1587 172.8199 305.4071 59.5026 70.0214 1.6215 0.0 10.4428 619.5457;
