function loadprofile = ex_load_profilesh1
%EX_LOAD_PROFILE  Example load profile data file for stochastic unit commitment.
% 2022.03.12
% Andres F. Ramirez

%% define constants
[CT_LABEL, CT_PROB, CT_TABLE, CT_TBUS, CT_TGEN, CT_TBRCH, CT_TAREABUS, ...
    CT_TAREAGEN, CT_TAREABRCH, CT_ROW, CT_COL, CT_CHGTYPE, CT_REP, ...
    CT_REL, CT_ADD, CT_NEWVAL, CT_TLOAD, CT_TAREALOAD, CT_LOAD_ALL_PQ, ...
    CT_LOAD_FIX_PQ, CT_LOAD_DIS_PQ, CT_LOAD_ALL_P, CT_LOAD_FIX_P, ...
    CT_LOAD_DIS_P, CT_TGENCOST, CT_TAREAGENCOST, CT_MODCOST_F, ...
    CT_MODCOST_X] = idx_ct;

loadprofile = struct( ...
    'type', 'mpcData', ...
    'table', CT_TAREALOAD, ...
    'rows', [1:11], ...
    'col', CT_LOAD_ALL_P, ...
    'chgtype', 1, ...
    'values', [] );
loadprofile.values(:,1,:) = [
	1560.3949 935.9591 1588.0805 535.2 828.6376 1146.4243 871.1296 249.9755 526.0636 4602.176 1707.7803;
	1533.7128 939.5481 1579.6532 534.6719 827.4898 1141.2 849.2687 252.623 508.1245 4494.652 1679.8399;
	1557.0 973.0003 1636.0362 538.2565 862.9129 1131.9533 855.2553 256.4628 518.907 4558.1925 1723.4601;
	1590.1656 1010.742 1688.9619 521.4195 903.4 1208.5179 889.887 277.9046 542.7393 4779.2116 1842.0033;
	1741.4 1145.3753 1888.2773 583.0569 1026.5065 1350.8332 998.5819 324.3708 617.2 5356.5544 2059.9556;
	1860.9427 1214.398 2039.9364 581.1261 1041.5904 1445.956 1045.0914 338.2879 675.2393 5906.027 2131.9684;
	1892.6957 1229.507 2056.2555 603.6844 1067.7799 1438.3 1074.825 365.2 710.4408 6255.9545 2250.3546;
	1929.8223 1270.0402 2116.8689 593.3861 1049.2225 1397.7781 1067.9329 364.9589 713.1069 6389.3094 2176.8305;
	1940.6864 1259.7577 2082.2456 576.9484 1044.7 1356.9678 1027.8931 364.9259 715.6388 6275.2717 2136.3484;
	1934.6039 1252.3105 2116.8513 560.0659 1040.5 1324.5221 993.5 370.5453 681.3506 6321.7079 2044.77;
	1930.1002 1249.9172 2116.9848 515.614 997.1121 1276.8938 997.5881 372.1 667.9505 6320.8831 2055.5966;
	1887.4627 1232.1429 2077.8317 538.9911 988.2868 1263.2755 991.5386 362.1642 676.4616 6403.8436 2011.3823;
	1824.8414 1219.2828 2053.5 528.0852 1005.33 1237.5542 988.9857 379.877 685.7632 6386.9578 2027.6666;
	1819.2373 1221.5402 2070.5944 517.972 991.6 1273.4711 1011.0197 363.7378 681.6197 6331.7962 2073.0663;
	1777.3682 1194.0477 2045.8864 524.9 1001.9442 1329.6775 1048.8047 375.2154 704.0858 6436.4357 2186.4341;
	1790.8 1160.2852 2034.0224 560.7766 1046.4377 1369.5015 1060.4286 361.33 686.9247 6432.2669 2221.7697;
	1796.722 1205.2059 2027.2514 573.9381 1022.6229 1366.639 1024.0774 380.0474 693.5731 6302.5597 2377.5581;
	1826.2561 1239.3 2108.446 565.5226 1058.5366 1495.7587 1109.986 400.9 723.7873 6330.0267 2518.4;
	1849.9933 1242.7539 2090.8388 547.9628 1028.5713 1482.1743 1102.5102 391.2972 712.065 6166.093 2474.7;
	1794.9352 1164.2435 2009.3969 536.3563 993.2766 1415.9209 1050.3487 366.4 692.1063 5927.5576 2296.9617;
	1689.5982 1076.7749 1873.7109 520.7046 894.8934 1271.3793 967.8514 327.4 630.8132 5476.0625 2079.0339;
	1586.103 1012.0898 1760.4159 491.9935 845.5164 1212.4239 915.1475 303.5 581.1796 5232.252 1970.0443;
	1605.3438 991.6878 1718.8491 467.7198 879.9739 1175.1403 892.4192 266.9 544.9931 4918.1569 1845.0929;
	1527.0821 954.8869 1711.2 491.9741 861.4 1131.9072 874.9642 261.5346 515.5753 4693.7642 1768.9885;
];
