function loadprofile = ex_load_profilesh1
%EX_LOAD_PROFILE  Example load profile data file for stochastic unit commitment.
% 2022.03.12
% Andres F. Ramirez

%% define constants
[CT_LABEL, CT_PROB, CT_TABLE, CT_TBUS, CT_TGEN, CT_TBRCH, CT_TAREABUS, ...
    CT_TAREAGEN, CT_TAREABRCH, CT_ROW, CT_COL, CT_CHGTYPE, CT_REP, ...
    CT_REL, CT_ADD, CT_NEWVAL, CT_TLOAD, CT_TAREALOAD, CT_LOAD_ALL_PQ, ...
    CT_LOAD_FIX_PQ, CT_LOAD_DIS_PQ, CT_LOAD_ALL_P, CT_LOAD_FIX_P, ...
    CT_LOAD_DIS_P, CT_TGENCOST, CT_TAREAGENCOST, CT_MODCOST_F, ...
    CT_MODCOST_X] = idx_ct;

loadprofile = struct( ...
    'type', 'mpcData', ...
    'table', CT_TAREALOAD, ...
    'rows', [1:11], ...
    'col', CT_LOAD_ALL_P, ...
    'chgtype', 1, ...
    'values', [] );
loadprofile.values(:,1,:) = [
	1517.2804 918.6154 1666.3652 572.4 848.7752 1164.386 927.7705 262.2 465.8309 4388.8444 1664.4965;
	1510.8914 920.0383 1652.3706 566.8716 849.6218 1148.789 919.1483 257.0 477.7654 4416.6326 1683.8218;
	1533.8206 931.2086 1648.2482 557.7997 851.4251 1162.7559 922.7272 264.9691 487.7268 4442.5502 1683.7081;
	1575.7755 975.752 1762.2231 576.2929 897.6799 1208.658 971.282 290.4734 513.2328 4634.3281 1796.8;
	1716.1546 1081.4991 1969.2 608.6178 1030.9346 1345.1427 1065.7481 334.1884 610.042 5286.6506 1954.089;
	1791.7538 1114.6201 2037.6363 630.3919 1097.6625 1431.0772 1135.5032 365.3 668.124 5857.2411 2142.8018;
	1835.9 1158.4972 2090.0 619.0921 1087.9719 1455.1595 1171.934 363.2487 670.0669 6168.0935 2212.2519;
	1800.5908 1144.1606 2057.2495 605.9227 1037.8579 1426.8 1155.6592 347.4902 670.4659 6257.5597 2193.4885;
	1838.8361 1140.6833 2063.5353 598.3659 1059.1 1405.4962 1196.9987 375.4249 689.8062 6387.6802 2252.0167;
	1814.4991 1161.0529 2080.6323 589.7115 1076.4895 1387.7519 1193.2 377.7891 671.3478 6396.5021 2117.1882;
	1819.8753 1176.6455 2059.6598 576.607 1070.6149 1425.697 1150.346 361.6 658.7 6296.8997 2008.9384;
	1776.2901 1178.8997 2020.1 591.9 1031.8504 1438.6467 1156.1431 356.8 648.6643 6267.016 1988.1995;
	1744.8102 1172.464 2028.156 579.8911 1043.0804 1456.2871 1126.1972 349.8 657.0836 6157.4724 2018.6119;
	1654.8329 1145.8157 2007.0863 583.1553 1008.7953 1366.909 1102.1759 329.4821 641.0589 6021.2565 1984.512;
	1669.9118 1155.9312 2011.8433 591.7153 1015.9824 1377.5574 1115.3045 343.0274 639.1441 6231.1843 2127.6734;
	1754.1643 1188.3296 2016.7894 581.3485 1013.5867 1432.1463 1135.4852 353.4 650.548 6359.354 2277.816;
	1808.1556 1213.2292 2106.2299 578.2696 1045.4839 1491.7 1213.6 412.2 665.9594 6394.3235 2405.8564;
	1862.4059 1250.7081 2156.8219 599.6648 1105.7 1541.9974 1269.2284 412.4 723.4 6401.4 2535.6294;
	1899.9009 1240.473 2173.5776 593.219 1115.2453 1522.3763 1262.8926 418.1732 706.823 6311.8139 2510.1;
	1828.4313 1164.4812 2055.759 588.5 1062.7474 1464.8025 1221.1894 390.3294 662.6031 5972.9804 2364.6276;
	1735.3 1103.0627 1990.5129 563.9 1002.6632 1386.0166 1145.6737 356.6957 626.9742 5693.1898 2215.8109;
	1622.4516 1023.2984 1835.8029 557.8 940.9729 1256.3548 1048.878 336.1831 582.2 5252.1966 2007.053;
	1602.5381 967.4 1838.7057 567.273 908.1531 1208.055 962.2 280.9614 516.72 4954.234 1812.7647;
	1554.6935 904.5012 1720.6666 581.5 868.4057 1180.0348 930.4562 262.2 483.3794 4547.7238 1671.5813;
];
