function loadprofile = ex_load_profilesh1
%EX_LOAD_PROFILE  Example load profile data file for stochastic unit commitment.
% 2022.03.12
% Andres F. Ramirez

%% define constants
[CT_LABEL, CT_PROB, CT_TABLE, CT_TBUS, CT_TGEN, CT_TBRCH, CT_TAREABUS, ...
    CT_TAREAGEN, CT_TAREABRCH, CT_ROW, CT_COL, CT_CHGTYPE, CT_REP, ...
    CT_REL, CT_ADD, CT_NEWVAL, CT_TLOAD, CT_TAREALOAD, CT_LOAD_ALL_PQ, ...
    CT_LOAD_FIX_PQ, CT_LOAD_DIS_PQ, CT_LOAD_ALL_P, CT_LOAD_FIX_P, ...
    CT_LOAD_DIS_P, CT_TGENCOST, CT_TAREAGENCOST, CT_MODCOST_F, ...
    CT_MODCOST_X] = idx_ct;

loadprofile = struct( ...
    'type', 'mpcData', ...
    'table', CT_TAREALOAD, ...
    'rows', [1:11], ...
    'col', CT_LOAD_ALL_P, ...
    'chgtype', 1, ...
    'values', [] );
loadprofile.values(:,1,:) = [
	1517.1492 952.6 1627.172 557.5821 741.046 1144.6 864.6368 263.2 509.7 4526.7114 1714.0;
	1518.4404 950.215 1631.9959 553.6632 773.4201 1157.9145 869.1673 266.4078 514.052 4484.0189 1706.0415;
	1541.6879 974.5369 1686.6542 567.109 790.0511 1198.674 892.3739 269.5 515.9 4521.8489 1749.1897;
	1607.7338 1032.0703 1805.1006 582.1443 860.8 1278.6084 966.0186 307.8187 573.4042 4827.4144 1901.5842;
	1746.5009 1130.8109 1973.5135 612.2184 969.8746 1416.7308 1078.1821 352.6189 650.623 5380.6701 2132.3224;
	1879.2364 1220.0962 2088.0371 633.4 1050.1192 1505.2871 1147.467 369.2942 724.7046 5915.0506 2276.0578;
	1911.4424 1254.9069 2112.9909 618.64 1073.0554 1479.0173 1160.714 374.1584 736.1108 6191.4833 2315.9588;
	1922.8179 1255.8442 2119.5198 608.58 1070.8 1473.6002 1150.5819 366.9 736.0426 6332.1739 2343.1;
	1918.5278 1250.3694 2106.372 592.4 1059.7371 1531.2096 1164.5912 360.4416 722.4 6292.8796 2268.5587;
	1883.2724 1241.5903 2108.8 578.949 1063.8755 1494.8077 1125.5892 336.0439 725.5479 6283.6791 2200.6039;
	1847.9658 1232.8474 2070.4695 583.4302 1047.3515 1481.1981 1107.5821 334.8453 694.9278 6304.2911 2141.5995;
	1796.134 1204.2 2005.3232 569.1518 1002.2289 1408.4909 1060.1471 317.3667 703.8 6194.215 2112.384;
	1788.2151 1209.9039 2018.1164 562.4423 1002.3391 1402.3182 1052.5142 311.2257 674.9792 6226.5671 2110.0284;
	1774.8 1202.8446 2036.5097 551.0927 972.7611 1430.1 1080.0344 323.3051 679.3151 6211.7166 2148.2619;
	1785.4835 1209.1592 2037.5 535.3916 997.8615 1429.6 1065.4804 334.8573 670.7424 6083.309 2192.3036;
	1768.7423 1229.4 2066.0427 527.5695 1010.8763 1463.6698 1091.2535 342.6481 694.6 6305.3196 2364.412;
	1745.3165 1249.6698 2054.9722 536.3264 1010.7405 1557.7565 1132.8598 360.9128 712.8546 6315.9214 2574.5635;
	1800.8396 1285.2203 2084.9887 540.0099 1024.2725 1578.5281 1173.1844 383.8997 758.3303 6327.342 2598.902;
	1828.3263 1323.0399 2092.2202 545.4396 1009.4484 1540.9396 1126.7955 359.5225 719.709 6237.3 2466.8601;
	1775.1307 1248.4187 2034.2 531.1357 983.9989 1487.3273 1112.3029 352.4 691.9181 6058.496 2356.2705;
	1695.8322 1142.8173 1864.1998 501.4315 898.8041 1353.7625 978.5701 316.8707 621.4921 5584.8883 2107.3017;
	1616.6373 1046.1482 1720.3399 516.4008 835.3568 1249.8 884.9625 270.0924 558.6255 5112.3767 1813.7151;
	1532.22 975.8778 1650.1507 537.1942 801.5173 1155.2743 786.4715 230.5155 529.466 4363.9901 1717.2024;
	1451.8575 942.3571 1655.6107 546.053 796.2 1162.1525 846.2589 253.9886 515.0451 4448.164 1737.8819;
];
