function windprofile = ex_wind_profilesh1
%EX_WIND_PROFILE_D  Example wind_load_nyiso profile data for deterministic unit commitment.
% 2022.03.12
% Andres F. Ramirez


%% define constants
[GEN_BUS, PG, QG, QMAX, QMIN, VG, MBASE, GEN_STATUS, PMAX, PMIN, ...
    MU_PMAX, MU_PMIN, MU_QMAX, MU_QMIN, PC1, PC2, QC1MIN, QC1MAX, ...
    QC2MIN, QC2MAX, RAMP_AGC, RAMP_10, RAMP_30, RAMP_Q, APF] = idx_gen;
[CT_LABEL, CT_PROB, CT_TABLE, CT_TBUS, CT_TGEN, CT_TBRCH, CT_TAREABUS, ...
    CT_TAREAGEN, CT_TAREABRCH, CT_ROW, CT_COL, CT_CHGTYPE, CT_REP, ...
    CT_REL, CT_ADD, CT_NEWVAL, CT_TLOAD, CT_TAREALOAD, CT_LOAD_ALL_PQ, ...
    CT_LOAD_FIX_PQ, CT_LOAD_DIS_PQ, CT_LOAD_ALL_P, CT_LOAD_FIX_P, ...
    CT_LOAD_DIS_P, CT_TGENCOST, CT_TAREAGENCOST, CT_MODCOST_F, ...
    CT_MODCOST_X] = idx_ct;

windprofile = struct( ...
    'type', 'mpcData', ...
    'table', CT_TGEN, ...
    'rows', [1:45], ...
    'col', PMAX, ...
    'chgtype', 1, ...
    'values', [] );
windprofile.values(:,1,:) = [
	3.6356 49.1245 87.3133 104.7823 14.4644 32.0814 27.7772 11.2454 27.1376 28.2889 52.2916 78.0087 117.4417 65.8894 189.8668 71.5312 88.7517 94.0503 83.1148 71.7852 9.2591 74.8566 72.227 81.6093 89.0026 64.0915 7.9948 1124.015 749.9067 749.9067 702.7503 118.0703 277.0492 184.7752 206.5722 319.9602 1070.1915 296.1019 459.5183 238.3999 113.3386 355.8898 193.9612 236.9816 1081.3394;
	3.8115 51.5023 87.863 108.088 14.7082 32.9701 28.2303 10.2375 27.6483 26.3513 48.71 72.6657 109.3979 65.4614 194.8934 73.425 91.1013 96.5402 83.7652 70.0726 9.4101 76.9302 70.0817 81.0767 92.3495 57.5599 7.4419 1145.3307 739.9079 739.9079 760.6874 121.0917 279.2175 180.3671 205.2304 315.694 1155.5851 283.7487 453.1561 247.3647 118.551 365.7482 206.2911 240.2724 1167.6224;
	3.7802 51.0783 88.896 98.6291 14.8932 32.4091 24.8171 8.9083 27.0013 26.8056 49.5497 73.9184 111.2838 66.4589 193.9472 73.0685 90.659 96.0715 85.3145 70.9622 8.2724 75.6212 70.194 84.4234 85.939 59.168 7.6085 1154.4761 727.1786 727.1786 730.1863 122.1051 284.3815 182.6568 208.3577 310.2629 1085.4353 278.905 453.7071 230.1937 117.3848 359.5246 181.7108 257.715 1096.7419;
	3.7499 50.6692 86.2314 98.7598 15.0418 32.1544 21.2419 8.8657 26.6933 26.926 49.7724 74.2506 111.7839 64.7245 196.0731 73.8694 91.6528 97.1246 88.3054 71.0326 7.0806 75.0269 69.9694 81.2212 76.2985 52.3617 6.7586 1172.8731 774.5546 774.5546 721.8141 121.6838 294.3514 182.8381 202.9201 330.4766 1138.0728 275.1243 421.3941 204.3709 108.4567 356.6992 187.4281 250.6693 1149.9277;
	3.7651 50.8751 83.5003 82.5551 15.1594 31.831 17.7017 7.4796 23.3128 25.7694 47.6343 71.061 106.9819 62.9247 191.9216 72.3054 89.7122 95.0682 88.0653 71.6134 5.9006 74.2724 70.7197 82.7328 65.3595 49.4222 6.6815 1180.4019 761.3091 761.3091 708.0356 111.5151 293.5509 184.3332 197.2776 324.8252 1120.8179 262.7721 331.8108 175.0701 113.8148 353.1123 199.1867 221.987 1132.4931;
	3.7895 51.2044 81.7958 79.0319 15.0361 31.4762 17.1518 6.0596 25.1182 27.8504 51.481 76.7995 115.6212 65.5326 192.4284 72.4963 89.9491 95.3192 86.2534 71.5409 5.7173 73.4445 71.9613 82.9306 51.5835 37.0874 5.5239 1169.3667 732.7408 732.7408 662.0294 100.3859 287.5114 184.1464 205.4535 312.6361 1127.9407 235.726 322.244 138.1701 103.4636 349.176 193.1199 182.1007 1139.6901;
	3.4716 46.9089 67.8087 62.2313 14.4241 26.3293 13.7719 4.801 18.0705 26.1748 48.3837 72.179 108.6651 66.0905 188.0999 70.8655 87.9258 93.1751 85.3336 68.3494 4.5906 61.435 70.64 76.3021 43.3803 25.0237 4.3039 1174.9359 664.5665 664.5665 543.4984 67.0806 284.4452 175.9316 207.2025 283.5484 1073.3293 210.2159 229.1693 116.1973 84.6106 292.0797 153.3738 130.675 1084.5098;
	3.6442 49.2407 63.6821 64.8261 14.6481 27.1707 12.9739 5.2212 15.0225 21.496 39.735 59.2767 89.2408 66.2613 186.0909 70.1087 86.9867 92.1799 84.8786 67.7729 4.3246 63.3983 56.6203 82.1838 57.3515 18.8413 3.603 1264.6129 707.0764 707.0764 624.6557 65.7633 282.9286 174.4477 207.7382 301.6859 1130.6205 220.6835 206.7802 153.62 84.0576 301.4134 149.5991 136.5923 1142.3978;
	3.2006 43.2465 55.3464 61.1342 14.6141 23.4032 13.6649 2.774 18.9486 18.5909 34.3649 51.2657 77.1802 68.113 175.1148 65.9735 81.856 86.7429 85.5652 64.9174 4.555 54.6074 46.9939 79.4869 52.9612 12.4578 2.217 1217.5292 817.166 817.166 761.9634 89.7712 285.2173 167.0976 213.5436 348.6575 1141.5707 256.9848 217.8481 141.8604 55.7715 259.6193 156.9467 147.2528 1153.4621;
	2.9465 39.8136 48.0199 57.5874 14.9343 18.9598 18.5822 1.5187 20.1768 17.5964 32.5268 48.5235 73.0519 66.4531 176.1672 66.37 82.3479 87.2642 84.7348 68.9012 6.1941 44.2396 42.1357 70.8861 37.3632 5.8575 1.1146 1180.0095 804.0053 804.0053 752.6935 108.0723 282.4494 177.3518 208.3395 343.0423 1211.8473 240.6278 332.8575 100.08 44.7088 210.3277 142.6157 126.9947 1224.4707;
	2.4564 33.1918 35.2219 41.3878 14.272 13.5047 18.0767 1.0328 19.2685 16.3159 30.1598 44.9924 67.7359 67.6617 181.8434 68.5085 85.0012 90.0759 91.0974 73.317 6.0256 31.511 39.0064 51.7061 23.9613 4.4786 0.9202 1177.8438 790.4219 790.4219 720.4056 104.709 303.658 188.718 212.1286 337.2467 1164.4946 238.1668 360.4089 64.1821 38.7039 149.8125 97.0247 94.7355 1176.6248;
	1.6754 22.6386 26.5651 20.3053 10.952 10.0299 19.2451 0.9904 17.1594 16.2406 30.0205 44.7846 67.423 66.584 169.8402 63.9863 79.3904 84.1301 86.7878 70.0824 6.415 23.403 40.8364 36.166 18.5372 5.3016 0.7945 1065.868 718.8242 718.8242 623.0788 97.8339 289.2928 180.3923 208.7498 306.6983 1056.9652 198.2159 354.1913 49.6532 28.6319 111.2647 68.7262 77.3113 1067.9753;
	1.1287 15.2512 24.8103 22.0959 8.977 7.7787 17.0676 1.6235 15.204 13.1159 24.2445 36.168 54.4507 64.886 172.119 64.8448 80.4556 85.259 84.2184 69.4562 5.6892 18.1502 37.2048 35.0362 20.3722 8.6714 2.4445 1029.9737 759.7121 759.7121 651.7935 94.6387 280.728 178.7804 203.4263 324.1438 1063.5826 209.541 363.94 54.5683 29.3546 86.2912 52.4524 55.4085 1074.6616;
	0.8534 11.5318 20.8446 29.2289 7.9288 8.4741 13.2925 1.6255 14.2551 18.071 33.4039 49.8321 75.0219 68.456 179.4955 67.6239 83.9037 88.9129 84.4611 69.6285 4.4308 19.7728 50.7263 35.8608 23.3612 11.113 3.514 948.8827 733.4433 733.4433 684.3059 93.0388 281.5372 179.2238 214.6188 312.9358 896.2679 219.4732 390.74 62.5747 30.5191 94.0058 39.795 66.5966 905.604;
	0.9052 12.2317 18.9542 0.1599 6.6135 8.5959 11.548 1.4702 12.7263 16.1606 29.8727 44.5642 67.0911 67.7332 173.8289 65.489 81.2549 86.106 77.5581 67.9698 3.8493 20.0571 45.528 42.8794 22.8767 6.5209 2.8275 860.0669 656.7755 656.7755 623.1491 80.2204 258.5269 174.9545 212.3526 280.2242 789.1778 202.7045 312.8135 61.2769 30.6432 95.357 40.3432 51.3502 797.3984;
	0.9882 13.3522 17.0315 31.1462 7.7629 5.1446 5.3091 1.5114 9.1415 14.2171 26.28 39.2046 59.0224 68.444 160.7052 60.5448 75.1204 79.6052 75.9205 67.5962 1.7697 12.0041 44.685 41.67 23.7787 6.5785 2.2443 843.095 539.6422 539.6422 550.4399 80.9787 253.0684 173.9927 214.5812 230.2473 612.4436 190.1798 198.3545 63.693 29.2175 57.0708 36.137 27.8129 618.8232;
	0.5797 7.8324 0.0513 16.4158 6.6863 3.7794 2.6542 0.2858 4.0585 15.0208 27.7658 41.4211 62.3592 63.91 146.5303 55.2044 68.4944 72.5836 70.658 61.3987 0.8847 8.8187 44.3245 37.0925 13.9734 36.9439 1.4789 811.403 510.1052 510.1052 537.1793 79.8398 235.5265 158.0405 200.3665 217.6449 739.5701 189.4833 166.2405 37.4289 31.5189 41.9265 1.8824 30.948 747.274;
	1.0489 14.1729 0.0681 20.3757 2.5786 0.191 0.0285 0.0711 0.0 16.7291 30.9234 46.1317 69.451 62.2366 114.0287 42.9597 53.3018 56.484 68.76 52.4802 0.0095 0.4456 61.6481 35.9143 15.1725 5.3245 1.4439 795.6174 507.5591 507.5591 588.3537 92.0512 229.2002 135.0843 195.1201 216.5585 732.7619 207.3502 273.1344 40.6405 67.7212 2.1184 0.0 9.9493 740.3949;
	0.5053 6.8279 24.3457 43.5879 3.9882 3.2014 0.8284 1.7936 0.576 19.1064 35.3179 52.6873 79.3204 62.0204 104.2787 39.2864 48.7442 51.6543 1.1254 61.0885 0.2761 7.4699 62.2948 46.8734 22.404 8.3868 1.5627 826.6988 498.795 498.795 615.8593 90.1271 3.7514 157.2419 194.4424 212.8192 697.8557 194.6335 309.0656 60.0106 77.5199 35.5141 9.7977 8.9084 705.1251;
