function loadprofile = ex_load_profilesh1
%EX_LOAD_PROFILE  Example load profile data file for stochastic unit commitment.
% 2022.03.12
% Andres F. Ramirez

%% define constants
[CT_LABEL, CT_PROB, CT_TABLE, CT_TBUS, CT_TGEN, CT_TBRCH, CT_TAREABUS, ...
    CT_TAREAGEN, CT_TAREABRCH, CT_ROW, CT_COL, CT_CHGTYPE, CT_REP, ...
    CT_REL, CT_ADD, CT_NEWVAL, CT_TLOAD, CT_TAREALOAD, CT_LOAD_ALL_PQ, ...
    CT_LOAD_FIX_PQ, CT_LOAD_DIS_PQ, CT_LOAD_ALL_P, CT_LOAD_FIX_P, ...
    CT_LOAD_DIS_P, CT_TGENCOST, CT_TAREAGENCOST, CT_MODCOST_F, ...
    CT_MODCOST_X] = idx_ct;

loadprofile = struct( ...
    'type', 'mpcData', ...
    'table', CT_TAREALOAD, ...
    'rows', [1:11], ...
    'col', CT_LOAD_ALL_P, ...
    'chgtype', 1, ...
    'values', [] );
loadprofile.values(:,1,:) = [
	1564.8 969.7 1658.9026 529.405 870.0286 1200.3641 985.2929 285.5838 549.5017 4742.4638 1766.875;
	1577.2 970.6 1666.2211 531.7246 858.9048 1197.084 957.6852 274.3527 534.0444 4612.0482 1733.8;
	1596.4794 988.2908 1713.042 531.4132 870.8549 1225.8 964.7658 278.4 522.9094 4573.4837 1756.9434;
	1664.0253 1049.7322 1815.1026 542.13 934.0282 1291.9 1022.7327 308.2 573.5795 4822.5172 1881.0;
	1797.4504 1170.9766 1984.4146 571.6236 1047.3974 1416.3324 1108.2368 354.4718 645.1071 5367.0978 2118.0;
	1925.0224 1239.0715 2099.7682 576.5851 1109.1255 1500.8 1162.612 377.0706 725.8385 5919.1772 2271.1271;
	2000.8489 1273.2 2128.6097 560.317 1135.3275 1495.1 1199.5887 374.6668 742.4236 6317.7846 2304.4091;
	1996.5914 1285.7584 2153.3104 549.952 1120.4693 1487.6629 1213.6307 361.7835 719.4885 6491.4725 2327.7866;
	1990.0208 1300.2046 2179.6513 558.4848 1149.1376 1522.3596 1266.98 355.338 729.7654 6620.5021 2363.6705;
	2004.5166 1296.65 2164.0233 557.2196 1156.4981 1520.6533 1231.0611 350.5799 717.0872 6663.0621 2318.2422;
	1965.6565 1270.6466 2170.5974 571.3887 1134.8307 1529.1365 1201.4269 331.9104 706.2857 6666.6692 2255.3386;
	1924.565 1257.2297 2172.3873 571.73 1135.1517 1519.3446 1209.6497 336.4461 704.074 6598.813 2212.5941;
	1903.5853 1215.2491 2148.3232 559.6491 1089.6695 1487.8058 1154.083 342.9635 704.0869 6508.1958 2143.0552;
	1889.4 1235.8 2137.5265 570.9341 1077.8377 1483.0955 1179.3451 347.2801 699.5913 6449.5178 2142.7752;
	1927.1898 1230.8 2163.8383 578.1553 1085.59 1480.1745 1156.4891 346.5 684.5222 6462.8001 2206.9648;
	1903.7752 1297.0648 2195.2606 577.9365 1121.4 1550.3627 1248.6841 342.8252 689.4 6520.6086 2331.7055;
	1969.2764 1344.5069 2252.8494 604.2351 1173.2359 1609.9906 1304.4968 372.2213 716.4935 6579.1813 2538.1324;
	1994.2602 1382.0574 2302.5682 604.4281 1180.0899 1646.4251 1343.6253 391.3733 754.1519 6845.9187 2907.9212;
	2029.6959 1336.2437 2243.9646 607.1197 1153.6 1612.7681 1291.1 399.9349 752.891 6633.3643 2819.6542;
	1920.7529 1249.2959 2123.6912 596.3213 1095.859 1521.2771 1208.5494 379.9 719.6626 6271.4143 2601.0562;
	1777.697 1166.9 1952.5984 576.0 1041.4174 1443.0971 1124.1653 333.1 664.2973 5905.0011 2310.9083;
	1632.481 1053.9654 1832.1964 546.7 957.4644 1323.6058 1026.5382 312.8539 612.42 5492.8369 2104.4267;
	1570.9344 967.4 1726.416 541.0261 927.2111 1256.5318 967.7799 274.0523 562.3636 5073.2546 1911.1;
	1566.2386 965.5211 1716.414 531.4871 924.6625 1229.3523 946.6025 278.9 539.303 4871.4666 1802.9161;
];
