function solarprofile = ex_solar_profilesh1
%EX_WIND_PROFILE_D  Example wind_load_nyiso profile data for deterministic unit commitment.
% 2022.03.12
% Andres F. Ramirez


%% define constants
[GEN_BUS, PG, QG, QMAX, QMIN, VG, MBASE, GEN_STATUS, PMAX, PMIN, ...
    MU_PMAX, MU_PMIN, MU_QMAX, MU_QMIN, PC1, PC2, QC1MIN, QC1MAX, ...
    QC2MIN, QC2MAX, RAMP_AGC, RAMP_10, RAMP_30, RAMP_Q, APF] = idx_gen;
[CT_LABEL, CT_PROB, CT_TABLE, CT_TBUS, CT_TGEN, CT_TBRCH, CT_TAREABUS, ...
    CT_TAREAGEN, CT_TAREABRCH, CT_ROW, CT_COL, CT_CHGTYPE, CT_REP, ...
    CT_REL, CT_ADD, CT_NEWVAL, CT_TLOAD, CT_TAREALOAD, CT_LOAD_ALL_PQ, ...
    CT_LOAD_FIX_PQ, CT_LOAD_DIS_PQ, CT_LOAD_ALL_P, CT_LOAD_FIX_P, ...
    CT_LOAD_DIS_P, CT_TGENCOST, CT_TAREAGENCOST, CT_MODCOST_F, ...
    CT_MODCOST_X] = idx_ct;

solarprofile = struct( ...
    'type', 'mpcData', ...
    'table', CT_TGEN, ...
    'rows', [1:12], ...
    'col', PMAX, ...
    'chgtype', 1, ...
    'values', [] );
solarprofile.values(:,1,:) = [
	0.0 0.0 0.0 0.0 0.0 0.0 0.0 0.0 0.0 0.0 0.0 0.0;
	0.0 0.0 0.0 0.0 0.0 0.0 0.0 0.0 0.0 0.0 0.0 0.0;
	0.0 0.0 0.0 0.0 0.0 0.0 0.0 0.0 0.0 0.0 0.0 0.0;
	0.0 0.0 0.0 0.0 0.0 0.0 0.0 0.0 0.0 0.0 0.0 0.0;
	0.0 0.0 0.0 0.0 0.0 0.0 0.0 0.0 0.0 0.0 0.0 0.0;
	0.1575 0.1621 0.24 0.0 0.0 0.0 0.0 0.0 0.0 0.0 0.0 0.0;
	1.4286 3.3849 1.6647 1.6799 2.2 313.2369 39.1546 30.4713 206.6432 33.7093 21.3385 61.0477;
	16.4441 14.8451 10.8999 3.7933 7.1119 324.2996 40.5375 46.5548 198.9657 58.9809 21.3605 106.8148;
	23.7574 16.8833 13.8 5.6021 7.6799 337.3864 42.1733 53.5086 188.2252 74.5793 44.7275 135.0635;
	26.1239 16.7695 13.7624 4.8873 3.9196 319.8017 39.9752 62.0063 202.2079 53.7656 43.1977 97.3699;
	25.9672 16.6307 13.7859 5.3328 2.6018 289.3758 36.172 54.5144 187.0494 91.7721 52.5864 166.1998;
	25.953 16.5331 13.7863 5.7013 3.0193 212.7444 26.593 48.4198 156.6208 127.894 113.0159 231.6167;
	25.463 16.0841 13.5086 8.9288 10.2289 208.4466 26.0558 61.1781 169.1269 341.3658 253.7419 618.2155;
	22.6253 15.7684 13.44 8.4303 11.2197 255.4135 31.9267 63.2537 182.1555 336.3715 243.7869 609.1709;
	17.0258 10.8554 8.8269 6.6637 10.8607 312.2947 39.0368 66.4314 203.3247 292.5157 202.6906 529.7476;
	6.3704 6.6553 3.8053 7.6659 12.125 359.935 44.9919 63.583 254.0962 222.6733 87.7259 403.2627;
	0.9636 0.9212 0.594 2.3349 4.0069 62.2745 7.7843 10.293 41.3594 73.4726 39.0869 133.0593;
	0.0 0.0 0.0 0.0 0.0 0.0 0.0 0.0 0.0 0.0 0.0 0.0;
	0.0 0.0 0.0 0.0 0.0 0.0 0.0 0.0 0.0 0.0 0.0 0.0;
	0.0 0.0 0.0 0.0 0.0 0.0 0.0 0.0 0.0 0.0 0.0 0.0;
	0.0 0.0 0.0 0.0 0.0 0.0 0.0 0.0 0.0 0.0 0.0 0.0;
	0.0 0.0 0.0 0.0 0.0 0.0 0.0 0.0 0.0 0.0 0.0 0.0;
	0.0 0.0 0.0 0.0 0.0 0.0 0.0 0.0 0.0 0.0 0.0 0.0;
	0.0 0.0 0.0 0.0 0.0 0.0 0.0 0.0 0.0 0.0 0.0 0.0;
];
