function solarprofile = ex_solar_profilesh1
%EX_WIND_PROFILE_D  Example wind_load_nyiso profile data for deterministic unit commitment.
% 2022.03.12
% Andres F. Ramirez


%% define constants
[GEN_BUS, PG, QG, QMAX, QMIN, VG, MBASE, GEN_STATUS, PMAX, PMIN, ...
    MU_PMAX, MU_PMIN, MU_QMAX, MU_QMIN, PC1, PC2, QC1MIN, QC1MAX, ...
    QC2MIN, QC2MAX, RAMP_AGC, RAMP_10, RAMP_30, RAMP_Q, APF] = idx_gen;
[CT_LABEL, CT_PROB, CT_TABLE, CT_TBUS, CT_TGEN, CT_TBRCH, CT_TAREABUS, ...
    CT_TAREAGEN, CT_TAREABRCH, CT_ROW, CT_COL, CT_CHGTYPE, CT_REP, ...
    CT_REL, CT_ADD, CT_NEWVAL, CT_TLOAD, CT_TAREALOAD, CT_LOAD_ALL_PQ, ...
    CT_LOAD_FIX_PQ, CT_LOAD_DIS_PQ, CT_LOAD_ALL_P, CT_LOAD_FIX_P, ...
    CT_LOAD_DIS_P, CT_TGENCOST, CT_TAREAGENCOST, CT_MODCOST_F, ...
    CT_MODCOST_X] = idx_ct;

solarprofile = struct( ...
    'type', 'mpcData', ...
    'table', CT_TGEN, ...
    'rows', [1:12], ...
    'col', PMAX, ...
    'chgtype', 1, ...
    'values', [] );
solarprofile.values(:,1,:) = [
	0.0 0.0 0.0 0.0 0.0 0.0 0.0 0.0 0.0 0.0 0.0 0.0;
	0.0 0.0 0.0 0.0 0.0 0.0 0.0 0.0 0.0 0.0 0.0 0.0;
	0.0 0.0 0.0 0.0 0.0 0.0 0.0 0.0 0.0 0.0 0.0 0.0;
	0.0 0.0 0.0 0.0 0.0 0.0 0.0 0.0 0.0 0.0 0.0 0.0;
	0.0 0.0 0.0 0.0 0.0 0.0 0.0 0.0 0.0 0.0 0.0 0.0;
	0.1575 0.1621 0.24 0.0 0.0 0.0 0.0 0.0 0.0 0.0 0.0 0.0;
	3.9631 4.394 4.1947 0.8051 0.0 49.1044 6.138 4.0412 57.1914 27.9607 22.5822 50.637;
	17.1899 12.9438 10.2628 1.4977 1.3279 63.4454 7.9307 15.8084 51.2989 89.7595 25.1994 162.5549;
	23.7367 16.6083 13.8 3.1554 2.9935 51.2486 6.4061 36.5723 52.9198 160.4507 60.7321 290.5772;
	26.2716 16.474 13.7624 4.2115 3.7422 32.1412 4.0176 37.9461 139.6883 206.3217 159.9609 373.6498;
	26.3622 16.5326 13.7859 6.2732 4.5616 59.8252 7.4782 36.6605 186.7921 251.1442 192.3073 454.8237;
	26.0512 16.5331 13.7827 6.8552 5.4827 135.1707 16.8963 31.358 196.9775 263.5803 198.7358 477.3455;
	25.8343 16.5546 10.9522 8.3724 9.2054 306.5632 38.3204 44.9387 212.705 340.0835 242.2814 615.8932;
	22.9753 16.3881 11.0914 6.0432 8.4724 296.0578 37.0072 42.4446 203.1516 332.1205 214.0037 601.4723;
	18.8743 14.2287 8.2447 3.1525 6.3066 233.7643 29.2205 22.6968 198.1734 251.6328 166.7439 455.7086;
	13.8732 10.8351 6.131 3.2557 7.8371 135.8327 16.9791 5.5875 198.0017 189.6785 123.4183 343.5088;
	1.3143 1.2053 0.7179 1.665 3.4531 59.4803 7.435 9.8843 41.3168 67.1062 39.2595 121.5298;
	0.0 0.0 0.0 0.0 0.0 0.0 0.0 0.0 0.0 0.0 0.0 0.0;
	0.0 0.0 0.0 0.0 0.0 0.0 0.0 0.0 0.0 0.0 0.0 0.0;
	0.0 0.0 0.0 0.0 0.0 0.0 0.0 0.0 0.0 0.0 0.0 0.0;
	0.0 0.0 0.0 0.0 0.0 0.0 0.0 0.0 0.0 0.0 0.0 0.0;
	0.0 0.0 0.0 0.0 0.0 0.0 0.0 0.0 0.0 0.0 0.0 0.0;
	0.0 0.0 0.0 0.0 0.0 0.0 0.0 0.0 0.0 0.0 0.0 0.0;
	0.0 0.0 0.0 0.0 0.0 0.0 0.0 0.0 0.0 0.0 0.0 0.0;
];
