function loadprofile = ex_load_profilesh1
%EX_LOAD_PROFILE  Example load profile data file for stochastic unit commitment.
% 2022.03.12
% Andres F. Ramirez

%% define constants
[CT_LABEL, CT_PROB, CT_TABLE, CT_TBUS, CT_TGEN, CT_TBRCH, CT_TAREABUS, ...
    CT_TAREAGEN, CT_TAREABRCH, CT_ROW, CT_COL, CT_CHGTYPE, CT_REP, ...
    CT_REL, CT_ADD, CT_NEWVAL, CT_TLOAD, CT_TAREALOAD, CT_LOAD_ALL_PQ, ...
    CT_LOAD_FIX_PQ, CT_LOAD_DIS_PQ, CT_LOAD_ALL_P, CT_LOAD_FIX_P, ...
    CT_LOAD_DIS_P, CT_TGENCOST, CT_TAREAGENCOST, CT_MODCOST_F, ...
    CT_MODCOST_X] = idx_ct;

loadprofile = struct( ...
    'type', 'mpcData', ...
    'table', CT_TAREALOAD, ...
    'rows', [1:11], ...
    'col', CT_LOAD_ALL_P, ...
    'chgtype', 1, ...
    'values', [] );
loadprofile.values(:,1,:) = [
	1544.9029 916.2 1569.6562 568.6867 792.7868 1186.5129 865.9544 256.0529 506.5024 4423.4853 1708.0;
	1586.2105 927.0363 1550.6649 566.3 775.3479 1156.4 850.5681 209.6763 486.3957 4157.7901 1667.3783;
	1556.8686 931.809 1564.8804 574.1375 809.9526 1159.8021 856.6338 249.0398 481.3 4109.4294 1626.7234;
	1640.4 991.8766 1687.9425 597.7283 856.9511 1249.0492 922.4 252.1687 513.1912 4519.0316 1793.6875;
	1774.6645 1110.6399 1860.613 622.7155 968.0 1396.8491 1048.7 309.1742 606.8702 5178.57 2050.4736;
	1888.3146 1211.8981 2018.7877 635.6775 1041.207 1459.5964 1095.7523 337.3129 696.1 5896.5185 2216.1951;
	1911.9288 1236.9908 2045.6534 618.8569 1060.1341 1442.5007 1119.4876 324.6947 708.9 6246.5 2233.6531;
	1959.5399 1240.0 2105.1579 612.2 1091.4373 1428.9448 1110.9 328.0 713.2539 6439.4209 2170.6058;
	1925.1268 1244.3 2123.0998 599.9 1096.2877 1392.6523 1085.3 325.3118 698.8235 6548.872 2150.9767;
	1911.755 1231.3848 2113.8 593.2 1056.8419 1347.4239 1098.532 343.854 699.4223 6528.9612 2116.5474;
	1887.2954 1233.6 2067.8352 579.3878 1049.1414 1335.5528 1055.3765 339.0108 690.6 6554.1363 2121.0;
	1886.3577 1227.723 2062.8166 583.6945 1037.8325 1356.8 1039.0901 337.4377 691.4805 6518.0978 2088.9896;
	1862.8297 1215.7879 2039.2536 569.9237 1004.3494 1309.48 1020.2766 330.8091 698.6842 6497.6434 2117.7;
	1809.317 1203.2638 1999.6151 592.3 1008.0 1335.26 1065.5788 329.1307 728.5889 6495.3695 2221.8247;
	1795.6524 1183.0 1944.617 598.519 990.4598 1291.5735 1045.3562 327.3 693.9 6454.8244 2202.9046;
	1808.6795 1177.3202 1972.5929 604.6564 980.185 1365.6805 1089.2666 348.3636 694.6 6358.2393 2282.7155;
	1822.9 1200.4 2010.8041 591.5 999.7044 1380.5963 1118.9821 362.7 716.7322 6412.8055 2384.0349;
	1901.6 1255.0755 2076.7937 606.5983 1039.4908 1430.166 1160.8897 381.0273 746.5521 6329.1795 2454.3182;
	1930.1 1261.5954 2107.4847 595.1136 1060.636 1440.7607 1171.7211 387.4964 736.2387 6159.4035 2461.2097;
	1878.9587 1194.9788 1967.3619 584.5 1016.8611 1387.2867 1133.8878 364.7 706.4592 5938.5112 2336.0001;
	1779.3407 1079.1774 1827.4049 560.101 957.3 1266.9586 1042.5879 339.7 650.6 5552.5432 2143.8453;
	1691.813 1012.058 1708.0684 545.9284 907.1793 1198.8267 966.4309 301.6208 594.2507 5036.5937 1952.9746;
	1593.3205 953.7603 1686.5215 564.6 884.2413 1183.2 933.2376 277.6842 551.332 4766.8525 1853.0619;
	1548.5628 913.1915 1659.1573 544.4 873.931 1142.0 904.5476 260.7031 528.5493 4518.7816 1728.8989;
];
