function loadprofile = ex_load_profilesh1
%EX_LOAD_PROFILE  Example load profile data file for stochastic unit commitment.
% 2022.03.12
% Andres F. Ramirez

%% define constants
[CT_LABEL, CT_PROB, CT_TABLE, CT_TBUS, CT_TGEN, CT_TBRCH, CT_TAREABUS, ...
    CT_TAREAGEN, CT_TAREABRCH, CT_ROW, CT_COL, CT_CHGTYPE, CT_REP, ...
    CT_REL, CT_ADD, CT_NEWVAL, CT_TLOAD, CT_TAREALOAD, CT_LOAD_ALL_PQ, ...
    CT_LOAD_FIX_PQ, CT_LOAD_DIS_PQ, CT_LOAD_ALL_P, CT_LOAD_FIX_P, ...
    CT_LOAD_DIS_P, CT_TGENCOST, CT_TAREAGENCOST, CT_MODCOST_F, ...
    CT_MODCOST_X] = idx_ct;

loadprofile = struct( ...
    'type', 'mpcData', ...
    'table', CT_TAREALOAD, ...
    'rows', [1:11], ...
    'col', CT_LOAD_ALL_P, ...
    'chgtype', 1, ...
    'values', [] );
loadprofile.values(:,1,:) = [
	1584.9303 983.7 1707.7301 571.2522 826.7 1134.5694 906.9874 289.6125 524.4969 4659.3774 1731.2003;
	1551.3 971.5669 1669.1203 568.6893 834.3732 1105.7766 892.4981 282.8144 509.3 4564.721 1735.1644;
	1572.4 999.5744 1719.9137 584.7 838.8 1133.1553 912.2563 289.6512 534.1 4695.8161 1794.6216;
	1641.068 1060.3712 1818.8152 604.6873 897.5407 1218.5 974.5442 312.1 579.2486 5012.3685 2011.7266;
	1769.852 1166.8971 2043.6191 613.6655 1002.2925 1367.9083 1069.2728 366.8217 648.9647 5526.3945 2195.0;
	1891.2 1228.5066 2162.2449 644.9655 1045.3839 1454.2503 1131.1 394.2 719.8647 6024.0994 2288.8414;
	1885.1 1258.6636 2144.5 645.5926 1073.4326 1421.6653 1150.8844 410.4111 722.5935 6437.0374 2304.6991;
	1883.0016 1238.6669 2113.7947 633.6 1073.6808 1404.4902 1139.7 416.5151 708.9237 6606.8739 2341.1;
	1937.3077 1265.1 2155.0 618.8 1118.6177 1416.5 1165.8513 444.1797 725.9325 6669.8415 2341.7509;
	1905.9867 1264.7885 2149.9572 635.5797 1108.2218 1424.1384 1173.0823 458.8433 726.8523 6669.4278 2426.2871;
	1869.6035 1229.5757 2112.0351 615.5924 1073.6 1269.6716 1124.388 445.5722 716.6475 6530.7151 2254.8542;
	1823.2585 1189.3274 2072.4708 599.341 1040.4488 1293.2106 1098.7144 388.8146 727.9134 6392.6812 2176.6962;
	1772.8 1178.9 2003.8346 597.0836 1007.5033 1235.8954 1037.1571 375.0583 697.6085 6282.0 2115.9974;
	1727.5836 1157.3428 1976.1483 580.0084 957.9633 1254.5342 1063.6015 369.8959 683.9141 6228.0946 2132.5194;
	1667.6384 1154.5756 1983.0218 593.4 987.406 1285.8563 1117.9 376.8657 715.4607 6191.4188 2191.6914;
	1651.0321 1162.5403 2026.25 590.4858 1012.8402 1383.2884 1123.9931 372.9098 749.3216 6086.7298 2316.5503;
	1721.3291 1177.4387 2034.9154 582.6802 1044.1709 1425.6438 1145.343 408.7 793.2405 6225.9344 2434.0571;
	1775.8767 1231.5742 2096.9452 615.7036 1090.0191 1472.1615 1186.2 409.1274 775.5694 6331.2 2558.7079;
	1804.0 1251.0 2073.9226 612.642 1067.0689 1448.2372 1178.5 378.5184 757.5335 6064.2376 2500.0817;
	1755.5277 1197.7901 1970.5587 603.4 1004.9884 1394.9262 1129.5655 379.3626 715.5083 5869.2466 2373.5665;
	1673.7106 1136.0 1910.6805 592.6091 987.407 1320.8634 1080.2266 340.2958 680.0148 5633.1915 2227.7016;
	1605.5174 1067.8283 1797.728 577.5407 940.1543 1240.1272 1022.2 312.4 607.0 5244.2 2041.5404;
	1555.8964 1031.2232 1819.6913 580.6898 892.0 1202.0956 980.2078 293.5 622.4812 5000.2176 1946.5187;
	1523.8148 1008.8105 1790.6244 586.5596 852.0991 1159.5733 933.8915 271.5838 578.448 4795.9455 1853.4234;
];
