function windprofile = ex_wind_profilesh1
%EX_WIND_PROFILE_D  Example wind_load_nyiso profile data for deterministic unit commitment.
% 2022.03.12
% Andres F. Ramirez


%% define constants
[GEN_BUS, PG, QG, QMAX, QMIN, VG, MBASE, GEN_STATUS, PMAX, PMIN, ...
    MU_PMAX, MU_PMIN, MU_QMAX, MU_QMIN, PC1, PC2, QC1MIN, QC1MAX, ...
    QC2MIN, QC2MAX, RAMP_AGC, RAMP_10, RAMP_30, RAMP_Q, APF] = idx_gen;
[CT_LABEL, CT_PROB, CT_TABLE, CT_TBUS, CT_TGEN, CT_TBRCH, CT_TAREABUS, ...
    CT_TAREAGEN, CT_TAREABRCH, CT_ROW, CT_COL, CT_CHGTYPE, CT_REP, ...
    CT_REL, CT_ADD, CT_NEWVAL, CT_TLOAD, CT_TAREALOAD, CT_LOAD_ALL_PQ, ...
    CT_LOAD_FIX_PQ, CT_LOAD_DIS_PQ, CT_LOAD_ALL_P, CT_LOAD_FIX_P, ...
    CT_LOAD_DIS_P, CT_TGENCOST, CT_TAREAGENCOST, CT_MODCOST_F, ...
    CT_MODCOST_X] = idx_ct;

windprofile = struct( ...
    'type', 'mpcData', ...
    'table', CT_TGEN, ...
    'rows', [1:45], ...
    'col', PMAX, ...
    'chgtype', 1, ...
    'values', [] );
windprofile.values(:,1,:) = [
	3.6505 49.3269 87.1771 101.8814 14.6007 30.526 29.1819 10.2396 27.1415 28.8491 53.3271 79.5535 119.7674 69.2511 181.3482 68.3219 84.7697 89.8306 83.6559 67.016 9.7273 71.2273 72.4886 81.7924 88.9365 64.8266 7.2148 1176.8225 782.4676 782.4676 699.5265 113.976 278.853 172.4993 217.1115 333.8528 1126.8997 276.6922 467.4097 238.2227 111.1873 338.6347 199.0802 231.0671 1138.6383;
	3.7081 50.1048 86.4789 100.1058 14.6851 29.197 27.1922 10.3038 26.5502 26.8679 49.6649 74.0903 111.5425 67.5887 185.4285 69.8591 86.677 91.8518 84.5393 66.9632 9.0641 68.1264 72.6412 80.7909 93.3217 64.6154 7.276 1139.9346 764.2178 764.2178 697.4353 112.9005 281.7976 172.3635 211.8996 326.0663 1158.4256 256.3729 445.8826 249.969 109.0327 323.8925 200.2263 241.9099 1170.4926;
	3.7732 50.9847 88.841 90.6155 14.6053 30.2655 24.293 9.9924 25.8469 26.2672 48.5546 72.4339 109.0488 68.1237 184.6286 69.5577 86.3031 91.4555 84.3919 66.8898 8.0977 70.6196 69.1177 85.5195 88.3086 65.1033 7.9924 1141.1988 775.7205 775.7205 717.2952 110.1828 281.3063 172.1746 213.577 330.9741 1110.5142 249.6737 424.9907 236.5408 113.1219 335.7458 173.9882 251.7424 1122.0821;
	3.6776 49.6923 87.7828 94.4996 14.1357 29.3198 18.9097 11.1406 24.304 26.5516 49.0803 73.2181 110.2295 63.6147 185.0849 69.7296 86.5164 91.6816 85.5919 67.3349 6.3032 68.4129 68.6286 84.8773 87.0927 60.5231 8.0826 1073.9994 759.8886 759.8886 685.7081 106.7956 285.3064 173.3202 199.4407 324.2192 1084.5331 246.9828 355.9056 233.2841 113.2166 325.2546 177.6257 247.6684 1095.8303;
	3.623 48.9543 84.4704 82.0019 14.5336 30.401 15.806 9.9382 21.1602 26.7445 49.4368 73.75 111.0302 64.2603 189.0109 71.2088 88.3516 93.6264 86.9956 69.2352 5.2687 70.9356 69.5216 86.8556 74.1893 57.6557 7.7167 1070.5093 729.1007 729.1007 680.7092 101.5856 289.9852 178.2117 201.4647 311.083 1000.6869 227.1345 329.3834 198.7212 114.2507 337.2482 186.0502 224.6496 1011.1108;
	3.7608 50.8172 82.1813 76.236 14.8286 31.4033 16.8914 7.5595 25.0733 28.8792 53.3827 79.6365 119.8923 67.6015 191.5887 72.1799 89.5566 94.9033 90.5531 67.0967 5.6305 73.2744 71.9806 82.8627 55.0928 39.6692 6.2388 1117.5372 735.4962 735.4962 653.7091 90.9434 301.8436 172.7071 211.9397 313.8117 1122.6879 211.0682 314.3891 147.5701 98.9418 348.3675 193.658 190.1946 1134.3826;
	3.3545 45.3263 67.9678 54.0805 14.7148 28.5541 13.0773 5.8572 17.4481 28.0415 51.8343 77.3266 116.4148 65.515 188.9176 71.1736 88.308 93.5801 89.3708 66.5352 4.3591 66.6263 70.6093 76.7041 44.4699 28.2156 4.9691 1108.3933 672.0702 672.0702 543.0506 57.0043 297.9027 171.2618 205.3984 286.75 1047.7521 186.7858 240.6767 119.1158 79.8313 316.7606 160.0191 136.6131 1058.6662;
	3.4865 47.1097 61.4551 38.2926 14.1936 27.7636 14.098 5.8726 15.0043 22.8671 42.2695 63.0578 94.9332 65.9175 189.689 71.4642 88.6686 93.9622 90.025 66.5349 4.6993 64.7818 57.0707 77.8119 49.3815 20.0222 3.9697 1153.4366 669.177 669.177 620.7603 58.0637 300.0832 171.261 206.6603 285.5155 1058.7838 192.3833 211.1364 132.2719 81.2696 307.9911 150.3644 132.0958 1069.8128;
	2.6689 36.0621 51.5832 48.8407 14.1985 23.5129 14.5898 4.0434 18.4229 21.9078 40.4962 60.4124 90.9506 66.5 187.8144 70.758 87.7923 93.0336 90.8197 67.363 4.8633 54.8635 54.9643 72.6251 43.6972 12.5185 2.5585 1157.0444 767.4688 767.4688 742.7368 84.6748 302.7325 173.3926 208.4863 327.4533 1079.5571 221.828 197.6784 117.0461 56.5588 260.8366 140.0723 137.6126 1090.8025;
	2.2787 30.7897 36.0545 32.3421 14.0876 14.276 17.1698 2.0108 19.0512 18.4282 34.0642 50.8171 76.5049 67.97 173.4052 65.3294 81.0569 85.8961 86.1668 66.2592 5.7233 33.3107 44.0037 55.9642 8.9739 4.8644 1.2526 1049.8654 751.6805 751.6805 726.6322 94.9875 287.2226 170.5514 213.0952 320.717 1056.1509 218.9896 310.7807 24.0373 38.5253 158.3684 114.8366 111.393 1067.1525;
	1.9889 26.8748 35.2294 41.4798 13.5036 12.976 17.7958 1.2599 19.1663 16.4273 30.3655 45.2994 68.198 67.8529 164.4063 61.9391 76.8504 81.4384 87.0889 66.2769 5.9319 30.2772 37.119 50.7779 20.748 5.2738 2.3082 1056.8328 764.0093 764.0093 716.7088 91.889 290.2963 170.5969 212.728 325.9773 1057.4215 218.0033 359.3176 55.575 36.4009 143.9467 81.595 91.3062 1068.4363;
	1.4511 19.608 28.4863 24.7653 9.8948 9.7164 20.3138 1.2565 18.8531 18.8235 34.795 51.9073 78.1461 68.3372 179.648 67.6813 83.975 88.9884 89.9115 65.2834 6.7713 22.6715 43.6629 36.6234 17.1311 5.7808 1.9162 978.9587 751.8456 751.8456 730.7106 100.4756 299.705 168.0395 214.2463 320.7875 1032.2274 214.872 397.945 45.8868 29.7349 107.787 60.4605 76.3504 1042.9797;
	1.1185 15.1136 26.4963 27.1917 9.7819 7.9825 23.0063 2.1112 19.2389 15.7318 29.08 43.3817 65.3109 66.8455 186.3872 70.2203 87.1252 92.3267 89.1839 61.6565 7.6688 18.6258 43.0925 34.9678 20.8153 9.6994 2.7701 923.223 781.8314 781.8314 727.162 97.1708 297.2796 158.7039 209.5697 333.5814 1055.9504 225.1177 445.6076 55.7553 33.5677 88.5523 52.8365 55.2502 1066.9499;
	0.8206 11.0885 23.5813 32.6504 8.308 8.1319 14.8328 2.7853 14.2755 19.3676 35.8007 53.4076 80.4049 66.3128 188.7015 71.0922 88.207 93.4731 86.0938 62.2059 4.9443 18.9744 53.9831 30.4649 23.5129 11.4316 4.2128 761.7088 712.6574 712.6574 698.1151 88.6204 286.9792 160.1181 207.8996 304.0672 863.2689 219.0703 407.501 62.9811 31.1503 90.2099 42.7523 66.1603 872.2613;
	0.8468 11.4416 23.0377 9.6381 6.7263 7.7871 11.8032 2.3005 12.7606 18.6577 34.4884 51.4499 77.4575 66.1527 191.2285 72.0442 89.3882 94.7248 79.534 67.0789 3.9344 18.1698 58.359 38.0166 19.9097 8.4849 3.7032 585.5938 646.4039 646.4039 582.1219 72.6311 265.1134 172.6613 207.3976 275.799 718.9584 192.6983 335.4779 53.3295 31.3936 86.3845 37.6588 56.5492 726.4476;
	0.8454 11.4226 17.7364 28.2312 6.8847 0.0 5.9068 1.3663 9.5301 16.1786 29.9059 44.6138 67.1658 67.8036 187.1409 70.5042 87.4775 92.7 82.9492 70.5955 1.9689 0.0 57.3405 40.1937 17.3496 5.2451 2.4315 702.904 550.5128 550.5128 532.0739 73.4954 276.4974 181.713 212.5733 234.8855 593.6864 186.9778 227.3312 46.4722 26.5537 0.0 0.0574 25.2771 599.8707;
	0.5494 7.4235 24.4788 4.1906 6.5825 2.38 4.4697 0.6816 12.3333 20.1107 37.1744 55.4569 83.49 66.2172 185.6192 69.931 86.7662 91.9463 86.2223 66.6823 1.4899 5.5533 58.0905 38.1307 11.8463 25.1836 1.8486 692.8498 551.2034 551.2034 572.6617 75.7469 287.4078 171.6404 207.6 235.1801 731.347 194.2367 238.2932 31.7311 32.8485 26.4019 31.8712 20.7684 738.9652;
	1.1198 15.1313 18.9231 4.7638 2.8676 1.9092 11.6076 0.3853 0.7946 22.0337 40.7289 60.7595 91.473 66.2786 152.3344 57.3911 71.2075 75.4587 86.4543 55.0511 3.8692 4.4549 72.4596 33.8046 13.7814 4.6454 1.7963 585.1646 538.0785 538.0785 588.6535 84.9603 288.181 141.7018 207.7922 229.5802 701.8184 205.8898 347.8224 36.9145 73.2324 21.1797 21.693 11.5714 709.129;
	0.5597 7.563 23.4827 35.9273 2.2858 4.0086 12.5168 1.3845 1.0833 23.9155 44.2075 65.9489 99.2857 63.7929 131.5379 49.5561 61.4863 65.1571 41.9215 64.7582 4.1723 9.3534 70.7425 43.6255 15.9661 5.3121 1.696 670.1019 499.0452 499.0452 594.6852 76.9696 139.7385 166.6878 199.9993 212.926 649.523 188.5062 362.9572 42.7662 82.5647 44.4687 9.1081 0.3313 656.2889;
