function loadprofile = ex_load_profilesh1
%EX_LOAD_PROFILE  Example load profile data file for stochastic unit commitment.
% 2022.03.12
% Andres F. Ramirez

%% define constants
[CT_LABEL, CT_PROB, CT_TABLE, CT_TBUS, CT_TGEN, CT_TBRCH, CT_TAREABUS, ...
    CT_TAREAGEN, CT_TAREABRCH, CT_ROW, CT_COL, CT_CHGTYPE, CT_REP, ...
    CT_REL, CT_ADD, CT_NEWVAL, CT_TLOAD, CT_TAREALOAD, CT_LOAD_ALL_PQ, ...
    CT_LOAD_FIX_PQ, CT_LOAD_DIS_PQ, CT_LOAD_ALL_P, CT_LOAD_FIX_P, ...
    CT_LOAD_DIS_P, CT_TGENCOST, CT_TAREAGENCOST, CT_MODCOST_F, ...
    CT_MODCOST_X] = idx_ct;

loadprofile = struct( ...
    'type', 'mpcData', ...
    'table', CT_TAREALOAD, ...
    'rows', [1:11], ...
    'col', CT_LOAD_ALL_P, ...
    'chgtype', 1, ...
    'values', [] );
loadprofile.values(:,1,:) = [
	1555.4319 977.8761 1665.8524 551.6995 861.1662 1235.5798 882.4365 253.7444 537.7565 4355.7104 1540.174;
	1537.0991 969.7293 1667.1587 558.4035 859.7 1207.6254 889.1 265.1465 545.0219 4387.1015 1632.9087;
	1597.2276 1017.6592 1751.5062 558.881 917.89 1261.2792 904.4 272.0831 534.7002 4399.1802 1679.3877;
	1675.2 1069.0829 1835.7623 588.1203 977.47 1319.7106 944.1942 282.319 573.2601 4544.0645 1729.6252;
	1844.1591 1206.2528 2020.9 629.0 1077.465 1462.6365 1063.1797 329.8 646.4975 5242.3 2055.9236;
	1976.2879 1281.8576 2137.5849 641.7878 1112.7 1540.4393 1124.7558 353.254 708.0 5799.7979 2219.1041;
	1962.6704 1297.3371 2171.4533 624.2 1129.1376 1519.1289 1169.4635 353.9879 715.5101 6117.7104 2239.6609;
	1970.2763 1300.8855 2176.7934 609.4 1175.9466 1494.2365 1169.9273 368.703 705.2559 6218.6853 2217.6036;
	1968.4548 1304.0333 2151.8089 598.6 1163.6267 1493.5098 1166.3771 377.0151 703.5 6376.3135 2186.9029;
	1967.3626 1296.2702 2140.4624 583.5952 1148.4922 1499.2129 1193.9196 367.512 704.2373 6436.0401 2219.2529;
	1930.5078 1308.225 2124.7475 522.8171 1157.031 1514.192 1183.44 363.9483 671.5352 6367.8458 2142.8746;
	1966.7516 1322.074 2087.1766 551.5695 1146.736 1468.2183 1118.8918 356.3101 668.2796 6288.225 2132.4007;
	1910.1867 1292.1684 2064.823 562.9341 1123.1319 1415.1976 1121.8245 353.8834 652.1047 6325.7633 2152.8291;
	1815.642 1264.5481 2011.0868 575.1167 1085.6234 1389.6305 1115.4043 362.5 660.044 6398.4914 2137.5664;
	1865.0704 1232.5004 2009.5 567.3 1085.3983 1384.0977 1156.4921 362.4 672.9 6420.633 2195.7705;
	1910.712 1260.6222 2055.9725 576.3 1111.1536 1437.3 1182.24 353.3932 684.2 6501.5175 2230.3236;
	1850.6061 1248.6485 2025.4 587.5029 1115.7979 1484.557 1215.2838 377.2198 704.9924 6392.7781 2348.0114;
	1917.5093 1323.7 2170.1112 610.6 1185.8705 1549.0111 1269.0468 366.2943 770.8 6419.0629 2462.2022;
	1982.8945 1317.0941 2155.0595 619.9461 1170.0635 1556.6 1277.9 391.3182 773.3045 6371.3229 2475.8117;
	1885.5126 1247.7772 2041.3868 601.1064 1098.0521 1495.8363 1194.6955 366.9314 744.678 6110.1385 2368.1547;
	1791.9102 1170.7379 1976.321 563.9272 1026.2857 1376.0681 1124.7084 336.4562 712.4579 5788.3652 2219.5737;
	1719.912 1093.4019 1891.5538 554.9846 986.147 1289.546 1033.8492 317.4161 648.3308 5400.1594 2037.9811;
	1620.4347 1013.9489 1780.8182 552.638 939.4126 1192.6121 956.2006 290.8008 602.3179 5153.8183 1886.7799;
	1598.734 1000.7 1803.5435 564.0671 934.7041 1211.1573 924.5688 283.4085 583.5 4905.4324 1777.6825;
];
