function loadprofile = ex_load_profilesh1
%EX_LOAD_PROFILE  Example load profile data file for stochastic unit commitment.
% 2022.03.12
% Andres F. Ramirez

%% define constants
[CT_LABEL, CT_PROB, CT_TABLE, CT_TBUS, CT_TGEN, CT_TBRCH, CT_TAREABUS, ...
    CT_TAREAGEN, CT_TAREABRCH, CT_ROW, CT_COL, CT_CHGTYPE, CT_REP, ...
    CT_REL, CT_ADD, CT_NEWVAL, CT_TLOAD, CT_TAREALOAD, CT_LOAD_ALL_PQ, ...
    CT_LOAD_FIX_PQ, CT_LOAD_DIS_PQ, CT_LOAD_ALL_P, CT_LOAD_FIX_P, ...
    CT_LOAD_DIS_P, CT_TGENCOST, CT_TAREAGENCOST, CT_MODCOST_F, ...
    CT_MODCOST_X] = idx_ct;

loadprofile = struct( ...
    'type', 'mpcData', ...
    'table', CT_TAREALOAD, ...
    'rows', [1:11], ...
    'col', CT_LOAD_ALL_P, ...
    'chgtype', 1, ...
    'values', [] );
loadprofile.values(:,1,:) = [
	1505.4922 950.1 1636.3373 597.9617 836.7 1066.95 867.0 265.3 465.2736 4118.745 1681.8791;
	1468.8944 952.0232 1630.1737 590.6974 837.2277 1096.1342 852.9922 260.2838 459.1441 3950.5698 1655.3908;
	1519.2163 983.6958 1706.3905 598.2308 871.9263 1107.0488 892.4 268.9069 479.9597 4306.0085 1721.034;
	1616.1423 1057.5148 1808.922 613.1 913.3 1184.8569 933.5648 286.8 532.325 4519.7587 1832.2329;
	1779.3166 1193.0898 2031.7764 640.2029 1042.6307 1382.8345 1051.7 332.4689 622.3673 5148.2767 2094.7707;
	1896.7625 1281.6834 2159.6389 655.4329 1094.9667 1498.2477 1123.8467 359.1833 685.4069 5807.1476 2249.2762;
	1932.0371 1289.8292 2153.5668 632.3 1131.5392 1463.2 1128.8498 347.7487 708.1551 6126.1591 2261.2634;
	1850.7949 1265.0557 2106.7772 615.0863 1135.8 1431.7388 1111.5 350.6308 716.89 6292.3586 2252.4;
	1824.4806 1252.3577 2108.6128 625.347 1120.8507 1384.9474 1099.1781 332.6401 702.1806 6257.2765 2210.6819;
	1813.5862 1231.0565 2059.7944 624.4302 1137.7946 1404.6165 1159.5418 352.1855 698.9904 6428.9689 2307.4;
	1819.2988 1243.6 2036.9704 620.0573 1124.3351 1398.245 1212.3647 368.4773 707.196 6510.9958 2383.6195;
	1817.8065 1212.0846 1991.7872 619.7286 1096.3156 1428.9029 1195.6084 374.4908 706.3087 6394.0455 2433.3843;
	1785.7645 1202.845 2008.6424 619.7537 1070.1197 1411.8979 1267.1351 393.6226 736.7313 6490.4737 2495.6521;
	1732.7648 1186.8962 1972.5118 612.7641 1070.6575 1363.0165 1224.4881 405.2372 713.8 6404.9739 2320.7132;
	1740.9945 1172.3481 1951.7278 615.8156 1079.722 1336.0237 1156.5 425.7756 693.4 6331.2365 2260.8;
	1726.745 1119.3914 1959.4874 626.8553 1095.5 1403.3718 1190.1097 420.9246 712.5982 6292.942 2341.1176;
	1765.7965 1123.6657 1991.223 634.2 1095.8781 1438.6236 1207.0331 408.5257 720.4128 6234.7024 2474.9736;
	1809.619 1190.9448 2082.4602 652.1617 1141.8045 1515.3984 1263.6631 427.2028 746.626 6353.6481 2564.0164;
	1835.6306 1229.7884 2109.3646 658.0607 1168.7015 1510.2314 1268.0699 423.2018 750.4 6273.9583 2536.8396;
	1792.9666 1184.6108 2024.4031 631.3921 1114.0695 1418.9089 1190.6 399.8998 709.6358 6005.4929 2396.5586;
	1722.3131 1104.8287 1859.3213 620.8085 1018.1387 1336.114 1102.6284 371.734 665.0131 5651.9199 2230.7;
	1650.7547 1041.8589 1756.4637 613.4508 967.7482 1239.3372 1043.4559 347.0997 646.7378 5322.1222 2102.571;
	1575.4364 996.8619 1670.5461 610.7657 937.9571 1157.4122 945.6152 303.1 577.5245 4986.3133 1896.7882;
	1533.5964 974.9485 1683.3358 609.6283 930.6967 1156.7952 926.8036 323.5132 583.5 4857.2351 1933.2635;
];
