function windprofile = ex_wind_profilesh1
%EX_WIND_PROFILE_D  Example wind_load_nyiso profile data for deterministic unit commitment.
% 2022.03.12
% Andres F. Ramirez


%% define constants
[GEN_BUS, PG, QG, QMAX, QMIN, VG, MBASE, GEN_STATUS, PMAX, PMIN, ...
    MU_PMAX, MU_PMIN, MU_QMAX, MU_QMIN, PC1, PC2, QC1MIN, QC1MAX, ...
    QC2MIN, QC2MAX, RAMP_AGC, RAMP_10, RAMP_30, RAMP_Q, APF] = idx_gen;
[CT_LABEL, CT_PROB, CT_TABLE, CT_TBUS, CT_TGEN, CT_TBRCH, CT_TAREABUS, ...
    CT_TAREAGEN, CT_TAREABRCH, CT_ROW, CT_COL, CT_CHGTYPE, CT_REP, ...
    CT_REL, CT_ADD, CT_NEWVAL, CT_TLOAD, CT_TAREALOAD, CT_LOAD_ALL_PQ, ...
    CT_LOAD_FIX_PQ, CT_LOAD_DIS_PQ, CT_LOAD_ALL_P, CT_LOAD_FIX_P, ...
    CT_LOAD_DIS_P, CT_TGENCOST, CT_TAREAGENCOST, CT_MODCOST_F, ...
    CT_MODCOST_X] = idx_ct;

windprofile = struct( ...
    'type', 'mpcData', ...
    'table', CT_TGEN, ...
    'rows', [1:45], ...
    'col', PMAX, ...
    'chgtype', 1, ...
    'values', [] );
windprofile.values(:,1,:) = [
	3.8273 51.7149 94.4869 116.6848 15.2793 32.3607 28.3654 13.4399 27.245 27.7482 51.2921 76.5177 115.1969 65.3781 182.0851 68.5995 85.1142 90.1956 84.9183 67.1495 9.4551 75.5082 70.872 89.5171 99.954 64.1243 9.5589 1167.7388 770.7127 770.7127 742.7693 113.7303 283.061 172.8431 204.9691 328.8374 1111.1251 304.3152 462.5566 267.7339 116.3963 358.9876 185.6922 245.8635 1122.6994;
	3.8141 51.5365 91.2676 108.9322 14.7238 30.6474 28.2846 11.7102 27.4312 26.3097 48.6331 72.551 109.2252 62.7386 187.1681 70.5145 87.4902 92.7135 85.4504 67.5072 9.4282 71.5105 72.132 84.0292 95.8612 56.8903 7.8972 1100.5247 763.3423 763.3423 705.58 108.1888 284.8348 173.7637 196.6939 325.6927 1149.2298 267.1004 451.6818 256.7711 114.7256 339.9814 188.0591 238.1959 1161.201;
	3.8403 51.8912 89.4108 94.6385 15.061 30.3413 25.5546 9.89 27.2282 27.7238 51.2471 76.4506 115.0959 59.7732 185.8146 70.0046 86.8575 92.043 86.8876 68.3738 8.5182 70.7965 72.3155 84.0574 82.7861 56.7999 7.9819 1083.3033 765.1341 765.1341 700.0343 108.493 289.6254 175.9943 187.3971 326.4572 1079.4592 253.244 438.6281 221.7485 110.0048 336.5866 176.9689 250.3559 1090.7035;
	3.8596 52.1518 89.6115 99.387 14.8894 30.996 21.3005 11.2437 26.1989 27.6912 51.1868 76.3607 114.9606 53.3411 185.1378 69.7496 86.5412 91.7078 85.6543 70.0015 7.1002 72.3239 72.5567 87.3881 86.0935 53.8745 7.9684 1035.8239 742.5292 742.5292 607.7287 106.2188 285.5143 180.1839 167.2315 316.8125 1075.022 240.9932 406.7346 230.6076 110.0434 343.8487 177.6262 244.6137 1086.2202;
	3.8225 51.65 85.7945 86.8272 14.7884 31.0649 18.0934 9.4865 23.8407 27.5462 50.9187 75.9606 114.3583 58.3338 185.5063 69.8884 86.7134 91.8903 88.6998 69.6439 6.0311 72.4848 73.7465 88.2813 75.933 48.4302 7.3388 1124.377 744.0603 744.0603 613.5895 105.6843 295.666 179.2635 182.8843 317.4657 1065.3737 247.5182 363.7131 203.3918 106.7075 344.6133 189.8631 221.3627 1076.4713;
	3.8984 52.6756 83.8668 82.4421 15.1022 31.1449 17.7652 7.4584 26.4299 29.0258 53.6537 80.0407 120.5009 53.7556 185.761 69.9844 86.8325 92.0165 88.5392 69.9947 5.9217 72.6713 74.8765 85.6128 59.4244 34.8552 5.8781 1141.623 737.3258 737.3258 593.222 94.1682 295.1305 180.1665 168.531 314.5923 1127.6532 229.2645 356.7624 159.1724 102.3232 345.5003 196.4074 184.3926 1139.3996;
	3.576 48.3198 70.9488 64.1932 15.1454 28.9885 15.348 5.5955 20.7606 27.7822 51.3549 76.6115 115.3381 59.5155 188.6047 71.0557 88.1617 93.4251 91.7566 70.8587 5.116 67.6399 72.9004 79.5428 48.0857 25.1052 4.5001 1129.9322 699.0452 699.0452 526.4882 62.8861 305.8552 182.3904 186.589 298.2593 1066.5335 207.4763 283.5462 128.8009 82.7743 321.5794 168.0015 128.9529 1077.6433;
	3.6661 49.5367 67.6908 70.9903 15.1762 27.4545 16.2418 5.5981 19.0698 23.4081 43.2694 64.5495 97.1789 63.1782 190.208 71.6598 88.9112 94.2193 91.1643 70.8436 5.4139 64.0606 57.6745 84.3775 57.4801 19.7191 3.5583 1207.4889 743.5035 743.5035 617.1869 66.902 303.8809 182.3517 198.0721 317.2281 1163.902 209.7286 266.798 153.9647 79.5179 304.5623 157.128 132.9543 1176.026;
	3.1863 43.0544 59.1641 65.4801 15.1281 25.2989 15.2951 3.8963 22.353 21.0311 38.8757 57.995 87.3111 64.2781 183.3977 69.094 85.7278 90.8458 91.5783 70.3618 5.0984 59.0309 47.0492 83.0684 56.1819 14.3104 2.6379 1225.7467 824.1182 824.1182 724.1573 91.2106 305.2612 181.1114 201.5206 351.6238 1151.5597 232.9715 254.4764 150.4874 52.5724 280.6496 152.697 156.228 1163.5552;
	2.8695 38.7738 47.467 56.9255 15.0042 19.852 19.486 2.0451 22.4534 17.7223 32.7594 48.8706 73.5744 63.981 175.7648 66.2184 82.1598 87.0649 89.4851 69.038 6.4953 46.3214 41.6839 71.3759 33.6553 6.8902 1.1048 1153.0364 798.4478 798.4478 696.0488 106.1414 298.2836 177.704 200.589 340.671 1163.9197 213.7974 366.0026 90.1481 27.6497 220.225 133.9944 130.0857 1176.0439;
	2.4589 33.2249 39.1853 46.4192 14.4064 16.5363 19.6393 1.1887 22.1313 14.8856 27.5158 41.0482 61.7978 64.8898 168.5393 63.4962 78.7823 83.4857 86.7867 70.4018 6.5464 38.5848 35.2923 57.6534 23.6857 4.6459 1.0304 1133.4268 804.9984 804.9984 684.7445 103.22 289.2889 181.2144 203.4384 343.466 1125.0421 222.0695 417.3241 63.4438 33.8917 183.443 94.102 96.1484 1136.7613;
	1.8306 24.7353 31.8165 29.1013 11.0979 12.364 19.6406 1.3012 19.749 16.5386 30.5713 45.6064 68.6601 62.809 175.6749 66.1845 82.1178 87.0204 85.4784 70.8234 6.5469 28.8494 44.4723 41.9663 20.0611 6.0662 1.2403 974.4676 702.2991 702.2991 592.1391 103.7408 284.9278 182.2997 196.9148 299.6476 991.6421 196.0932 415.2929 53.735 30.4467 137.1584 69.7945 80.2459 1001.9717;
	1.5562 21.0282 35.771 33.5878 10.2467 9.9096 17.965 2.4141 18.499 15.0791 27.8734 41.5817 62.601 57.2786 187.5075 70.6424 87.6488 92.8816 85.6778 70.9633 5.9883 23.1225 41.6044 41.5234 23.8244 11.5538 2.6619 967.197 717.4166 717.4166 632.928 96.6449 285.5927 182.6597 179.5761 306.0978 995.9048 219.1497 425.449 63.8153 31.3165 109.9308 57.6819 65.6176 1006.2788;
	1.027 13.8774 30.5687 38.1651 9.2136 9.5829 12.2186 2.7142 14.6457 18.1557 33.5605 50.0656 75.3735 63.3362 183.7903 69.2419 85.9113 91.0403 83.1815 70.7693 4.0729 22.36 52.8239 43.2354 27.1927 12.0799 3.6916 952.8671 698.6057 698.6057 585.9118 90.494 277.2717 182.1603 198.5676 298.0718 864.3429 216.6489 385.0927 72.8377 32.3929 106.306 45.4837 70.0251 873.3464;
	0.9927 13.4136 27.5407 71.5063 7.4724 8.8098 11.0868 2.5709 14.7468 16.2523 30.0422 44.8171 67.4719 61.5001 179.6419 67.6791 83.9722 88.9854 71.4336 70.8888 3.6956 20.5562 51.4821 53.3312 28.5939 7.9936 3.8873 839.6211 664.7258 664.7258 561.07 80.3475 238.1121 182.468 192.8111 283.6164 775.0897 201.5885 341.7852 76.5907 35.1651 97.7301 39.6951 61.666 783.1636;
	0.9729 13.1461 19.0487 30.696 7.8743 1.8911 5.2619 2.0143 10.4806 14.2607 26.3607 39.325 59.2036 64.0513 175.8596 66.2541 82.2041 87.1118 77.9714 70.3057 1.754 4.4125 51.4249 51.7741 27.5971 5.4127 2.8618 837.9973 566.192 566.192 491.0544 77.3044 259.9045 180.9671 200.8094 241.5753 622.5751 186.4154 238.5861 73.9209 33.4245 20.9782 20.9698 30.4731 629.0602;
	0.5114 6.91 1.8023 13.688 6.7051 0.6412 3.8616 1.8272 13.1245 17.9907 33.2556 49.6108 74.6887 61.6643 184.6896 69.5807 86.3316 91.4858 85.0408 66.6393 1.2872 1.496 54.075 43.4705 16.5912 9.7478 1.8509 766.8752 534.2105 534.2105 514.9096 77.3253 283.4692 171.5297 193.3259 227.9298 697.8124 188.829 254.8012 44.4407 33.7259 7.1125 19.6282 8.8865 705.0812;
	0.9912 13.3931 1.1669 0.0364 2.9395 0.0222 0.1487 0.3124 7.3912 20.3078 37.5387 56.0004 84.3083 63.0534 147.4142 55.5374 68.9075 73.0214 84.7904 56.8992 0.0496 0.0518 69.8651 37.1243 13.7802 4.2756 1.7667 700.1338 552.0622 552.0622 558.3247 82.1963 282.6346 146.4587 197.681 235.5465 683.2214 190.1591 349.25 36.9113 76.2971 0.2462 5.9107 0.0 690.3383;
	0.4349 5.8767 24.1911 36.5583 0.1168 2.9337 0.0 1.9593 2.479 22.6342 41.839 62.4155 93.9662 61.7116 134.1305 50.5329 62.6982 66.4414 8.862 62.7871 0.0 6.8454 69.6944 47.0457 20.4405 8.0409 2.32 752.7444 505.0477 505.0477 569.1361 82.0183 29.5398 161.6142 193.4741 215.487 632.03 182.2185 355.2589 54.7513 87.7952 32.5449 10.6065 9.7023 638.6136;
