function solarprofile = ex_solar_profilesh1
%EX_WIND_PROFILE_D  Example wind_load_nyiso profile data for deterministic unit commitment.
% 2022.03.12
% Andres F. Ramirez


%% define constants
[GEN_BUS, PG, QG, QMAX, QMIN, VG, MBASE, GEN_STATUS, PMAX, PMIN, ...
    MU_PMAX, MU_PMIN, MU_QMAX, MU_QMIN, PC1, PC2, QC1MIN, QC1MAX, ...
    QC2MIN, QC2MAX, RAMP_AGC, RAMP_10, RAMP_30, RAMP_Q, APF] = idx_gen;
[CT_LABEL, CT_PROB, CT_TABLE, CT_TBUS, CT_TGEN, CT_TBRCH, CT_TAREABUS, ...
    CT_TAREAGEN, CT_TAREABRCH, CT_ROW, CT_COL, CT_CHGTYPE, CT_REP, ...
    CT_REL, CT_ADD, CT_NEWVAL, CT_TLOAD, CT_TAREALOAD, CT_LOAD_ALL_PQ, ...
    CT_LOAD_FIX_PQ, CT_LOAD_DIS_PQ, CT_LOAD_ALL_P, CT_LOAD_FIX_P, ...
    CT_LOAD_DIS_P, CT_TGENCOST, CT_TAREAGENCOST, CT_MODCOST_F, ...
    CT_MODCOST_X] = idx_ct;

solarprofile = struct( ...
    'type', 'mpcData', ...
    'table', CT_TGEN, ...
    'rows', [1:12], ...
    'col', PMAX, ...
    'chgtype', 1, ...
    'values', [] );
solarprofile.values(:,1,:) = [
	0.0 0.0 0.0 0.0 0.0 0.0 0.0 0.0 0.0 0.0 0.0 0.0;
	0.0 0.0 0.0 0.0 0.0 0.0 0.0 0.0 0.0 0.0 0.0 0.0;
	0.0 0.0 0.0 0.0 0.0 0.0 0.0 0.0 0.0 0.0 0.0 0.0;
	0.0 0.0 0.0 0.0 0.0 0.0 0.0 0.0 0.0 0.0 0.0 0.0;
	0.0 0.0 0.0 0.0 0.0 0.0 0.0 0.0 0.0 0.0 0.0 0.0;
	0.1575 0.1621 0.24 0.0 0.0 0.0 0.0 0.0 0.0 0.0 0.0 0.0;
	11.8462 6.6585 6.1156 1.5217 1.1794 113.5281 14.191 14.6534 39.4962 76.1067 27.1474 137.8297;
	19.0658 13.5056 13.3216 5.4184 2.9585 274.8121 34.3515 25.8676 134.8391 240.0763 167.7548 434.7797;
	22.9823 16.6083 13.8575 8.8884 3.4132 307.8416 38.4802 38.7706 156.561 273.7723 186.1738 495.8034;
	22.8324 16.474 13.7624 7.0118 1.3803 223.1625 27.8953 46.2939 103.9367 249.8307 170.3726 452.445;
	25.4523 16.5326 13.7859 5.6534 0.5904 212.5279 26.566 47.2078 71.9859 248.2332 209.4643 449.5519;
	25.634 16.5331 13.7863 4.3109 0.5879 225.7674 28.2209 45.0195 70.9914 256.635 240.0283 464.7676;
	20.0608 14.837 12.4495 7.0892 5.8842 390.894 48.8617 62.1202 201.334 346.6862 259.8649 627.8507;
	9.8689 12.4893 9.5999 7.8436 8.0537 410.7811 51.3476 63.6373 216.712 347.7302 236.4971 629.7414;
	3.7313 6.8082 1.8664 6.1911 8.4979 406.0158 50.752 64.3798 217.0727 343.092 181.5382 621.3418;
	2.7408 2.6475 0.9376 6.071 12.5553 357.8866 44.7358 60.0774 199.6131 222.8525 112.211 403.5872;
	0.9093 0.7417 0.527 1.6284 4.1667 65.3025 8.1628 12.051 41.5911 63.7082 39.7339 115.376;
	0.0 0.0 0.0 0.0 0.0 0.0 0.0 0.0 0.0 0.0 0.0 0.0;
	0.0 0.0 0.0 0.0 0.0 0.0 0.0 0.0 0.0 0.0 0.0 0.0;
	0.0 0.0 0.0 0.0 0.0 0.0 0.0 0.0 0.0 0.0 0.0 0.0;
	0.0 0.0 0.0 0.0 0.0 0.0 0.0 0.0 0.0 0.0 0.0 0.0;
	0.0 0.0 0.0 0.0 0.0 0.0 0.0 0.0 0.0 0.0 0.0 0.0;
	0.0 0.0 0.0 0.0 0.0 0.0 0.0 0.0 0.0 0.0 0.0 0.0;
	0.0 0.0 0.0 0.0 0.0 0.0 0.0 0.0 0.0 0.0 0.0 0.0;
];
