function windprofile = ex_wind_profilesh1
%EX_WIND_PROFILE_D  Example wind_load_nyiso profile data for deterministic unit commitment.
% 2022.03.12
% Andres F. Ramirez


%% define constants
[GEN_BUS, PG, QG, QMAX, QMIN, VG, MBASE, GEN_STATUS, PMAX, PMIN, ...
    MU_PMAX, MU_PMIN, MU_QMAX, MU_QMIN, PC1, PC2, QC1MIN, QC1MAX, ...
    QC2MIN, QC2MAX, RAMP_AGC, RAMP_10, RAMP_30, RAMP_Q, APF] = idx_gen;
[CT_LABEL, CT_PROB, CT_TABLE, CT_TBUS, CT_TGEN, CT_TBRCH, CT_TAREABUS, ...
    CT_TAREAGEN, CT_TAREABRCH, CT_ROW, CT_COL, CT_CHGTYPE, CT_REP, ...
    CT_REL, CT_ADD, CT_NEWVAL, CT_TLOAD, CT_TAREALOAD, CT_LOAD_ALL_PQ, ...
    CT_LOAD_FIX_PQ, CT_LOAD_DIS_PQ, CT_LOAD_ALL_P, CT_LOAD_FIX_P, ...
    CT_LOAD_DIS_P, CT_TGENCOST, CT_TAREAGENCOST, CT_MODCOST_F, ...
    CT_MODCOST_X] = idx_ct;

windprofile = struct( ...
    'type', 'mpcData', ...
    'table', CT_TGEN, ...
    'rows', [1:45], ...
    'col', PMAX, ...
    'chgtype', 1, ...
    'values', [] );
windprofile.values(:,1,:) = [
	3.6695 49.5832 84.9965 96.2914 14.2114 32.2016 29.5265 10.4376 28.0986 27.4125 50.6715 75.592 113.8033 67.2754 190.4341 71.7449 89.0169 94.3313 88.3869 70.7262 9.8422 75.1371 70.8471 82.1395 83.3198 60.3993 8.1386 1210.1215 800.7296 800.7296 750.2916 122.0623 294.623 182.0493 210.9176 341.6446 1203.3491 302.7795 479.6712 223.1781 118.5966 357.2231 181.765 218.0281 1215.8839;
	3.8003 51.3502 84.3688 104.837 14.9253 33.1022 29.9525 10.3752 28.4281 26.4907 48.9676 73.0501 109.9765 69.602 199.3937 75.1204 93.205 98.7694 89.3286 71.932 9.9842 77.2385 71.9886 82.3488 91.2769 61.2408 7.2263 1180.2213 813.1347 813.1347 785.307 122.7275 297.7619 185.1531 218.2116 346.9375 1262.559 291.3857 479.9932 244.4916 121.7765 367.2141 194.9364 229.5347 1275.7107;
	3.8296 51.7468 84.9006 90.8121 14.6269 33.5805 27.3645 8.6827 27.8683 26.7558 49.4578 73.7813 111.0773 69.5964 198.8614 74.9199 92.9561 98.5057 89.8439 69.4126 9.1215 78.3545 67.7165 81.1711 69.5197 58.0558 6.9121 1182.9665 831.5297 831.5297 772.7085 122.2846 299.4798 178.6682 218.1942 354.786 1222.9127 286.6576 480.0666 186.2134 119.3872 372.5195 179.6519 240.65 1235.6514;
	3.7654 50.8784 85.1098 91.2508 15.1131 32.5413 23.4472 10.3386 27.439 26.6821 49.3215 73.578 110.7713 68.776 198.1126 74.6378 92.6061 98.1348 87.5821 70.6198 7.8157 75.9297 68.4048 80.7608 76.5315 56.1596 7.8209 1150.4871 835.5179 835.5179 799.7126 121.6477 291.9404 181.7756 215.622 356.4876 1237.6383 283.331 473.1352 204.9952 117.2683 360.9916 184.6332 239.4822 1250.5303;
	3.5676 48.2061 75.4532 71.062 14.288 31.3099 20.6634 7.3378 24.1205 27.2863 50.4383 75.2441 113.2796 68.5761 201.1471 75.781 94.0246 99.638 87.3235 71.0074 6.8878 73.0563 66.9951 73.7846 43.0596 48.2571 6.6574 1160.7227 819.2181 819.2181 762.6962 115.0408 291.0782 182.7732 214.9952 349.5331 1220.3404 259.2568 434.0531 115.3381 108.8556 347.3307 186.8875 203.8235 1233.0523;
	3.5762 48.3225 69.9971 64.2315 14.2608 31.3431 17.9109 1.8099 24.914 28.6254 52.9136 78.9367 118.8388 67.8828 189.6856 71.4629 88.667 93.9605 89.3988 68.4949 5.9703 73.1339 68.0803 74.5846 44.8894 28.9804 3.8763 1189.0514 783.7117 783.7117 699.0177 106.2996 297.9961 176.306 212.8217 334.3837 1230.4054 236.9842 377.4419 120.2394 96.4159 347.6996 184.8868 167.9449 1243.2221;
	3.4424 46.5144 64.0847 55.2975 14.8112 30.4571 16.3451 5.3777 19.8672 28.2144 52.1539 77.8033 117.1325 66.5927 181.3955 68.3397 84.7919 89.8541 87.626 66.9291 5.4484 71.0666 68.9476 78.8408 47.4704 24.7723 4.57 1177.0648 694.1974 694.1974 558.5571 72.0945 292.0867 172.2757 208.7772 296.1909 1130.4049 214.5256 304.7905 127.1528 86.9965 337.8708 162.3091 125.5658 1142.18;
	3.3824 45.7042 65.7288 58.0953 14.8031 30.0156 16.3836 5.2148 15.7263 23.0796 42.6622 63.6436 95.8152 66.5756 184.4214 69.4797 86.2063 91.3529 90.2291 65.4336 5.4612 70.0363 55.4091 82.0883 54.6705 21.1042 3.5687 1200.0695 690.2606 690.2606 591.9905 70.6152 300.7636 168.4262 208.7234 294.5112 1110.4785 206.787 265.3903 146.4387 92.0506 332.9728 153.4408 131.6582 1122.046;
	2.6359 35.6171 52.3454 55.0882 14.5008 24.0552 15.1079 3.4674 18.3954 22.2798 41.1839 61.4383 92.495 64.8505 158.0359 59.5391 73.8726 78.2829 82.0759 60.6542 5.036 56.1289 44.7054 81.67 52.0395 12.8911 2.5347 1174.8873 743.1799 743.1799 650.1589 91.5957 273.5863 156.1241 203.315 317.0901 1070.6183 229.7934 236.5483 139.3915 61.9421 266.8529 141.5936 148.0647 1081.7706;
	2.4959 33.7252 45.8656 53.9339 14.7335 18.3817 19.0362 1.5044 20.9822 18.6795 34.5287 51.5101 77.5482 67.0708 158.62 59.7592 74.1456 78.5723 84.7497 64.6509 6.3454 42.8906 38.0987 66.7115 30.972 6.4424 1.049 1118.8931 744.282 744.282 669.9133 110.6314 282.499 166.4116 210.276 317.5603 1092.8093 228.0991 346.1458 82.9608 51.0882 203.914 125.9941 113.0951 1104.1927;
	2.1327 28.8168 34.7204 37.0249 14.2059 14.3775 18.8667 0.8729 20.3419 15.6286 28.8891 43.0969 64.8822 68.0928 170.8024 64.3488 79.8402 84.6068 88.1173 67.8725 6.2889 33.5476 33.9815 45.1269 20.1305 4.6747 0.7362 1154.2508 786.0489 786.0489 732.6035 107.6193 293.7245 174.7039 213.4802 335.3808 1125.5001 235.7439 400.1235 53.9211 40.8706 159.4947 91.9029 87.1285 1137.2241;
	1.3326 18.0064 27.3662 6.1295 9.9166 10.3962 19.3191 0.72 18.0514 15.5218 28.6918 42.8025 64.4389 66.4559 181.3515 68.3231 84.7713 89.8323 86.0416 66.8573 6.4397 24.2577 32.5742 24.7763 15.2257 6.1089 0.8524 1023.0833 714.1174 714.1174 676.6354 106.6367 286.8054 172.091 208.3482 304.6901 1024.7676 208.4591 400.7044 40.7831 31.0283 115.3282 58.4065 66.7202 1035.4422;
	0.9123 12.3267 24.0276 16.6771 8.5418 6.6729 18.8503 1.6295 15.0342 13.2484 24.4895 36.5335 55.001 65.5176 179.7019 67.7016 84.0002 89.0151 83.2747 65.5546 6.2834 15.5701 34.4878 0.457 14.4334 6.1529 2.1818 1085.8973 741.6655 741.6655 679.2353 98.3549 277.5822 168.7378 205.4065 316.444 1071.7675 219.4407 412.3424 38.6609 26.6684 74.0248 39.7986 38.3655 1082.9317;
	0.7002 9.4609 22.5194 20.5709 7.0888 7.5275 13.2925 2.0004 12.276 16.4664 30.4379 45.4074 68.3606 64.379 185.5996 69.9236 86.757 91.9365 73.5583 66.9314 4.4308 17.5641 47.9047 0.0 19.7713 4.5095 3.3211 1105.1573 740.9282 740.9282 725.146 97.0429 245.1945 172.2816 201.8367 316.1294 955.2667 227.0388 394.5293 52.9589 29.1281 83.5045 27.5559 48.545 965.2174;
	0.6912 9.3402 23.2229 0.0 5.9984 7.6332 12.3888 1.2008 13.2852 16.8241 31.0992 46.3938 69.8456 66.2944 178.7126 67.3289 83.5377 88.5251 72.2211 67.1382 4.1296 17.8108 49.009 26.5255 21.3393 2.3873 1.7609 1000.5474 663.4883 663.4883 643.6485 84.0008 240.7371 172.814 207.8419 283.0883 873.716 211.9783 348.7363 57.159 26.2981 84.6777 24.6811 26.1311 882.8172;
	0.8682 11.7309 16.291 24.8552 7.1324 5.6163 6.307 1.0766 10.0722 14.4423 26.6964 39.8258 59.9576 64.6666 176.4547 66.4783 82.4823 87.4066 71.711 68.6505 2.1023 13.1048 42.4194 29.409 21.9807 1.5801 2.0794 1000.079 547.1607 547.1607 554.7835 83.7477 239.0368 176.7066 202.7385 233.4553 684.5333 195.8171 242.577 58.8768 27.862 62.3038 0.0 12.0427 691.6638;
	0.5698 7.6996 3.2589 1.4672 6.0961 7.8287 5.0385 1.4159 11.8506 17.1703 31.739 47.3484 71.2827 64.1824 182.742 68.847 85.4213 90.5211 81.0003 67.091 1.6795 18.2669 34.0709 33.6418 15.9072 3.3304 1.5044 878.7965 520.3162 520.3162 595.888 84.0452 270.001 172.6923 201.2204 222.0016 781.2874 202.8347 252.1408 42.6084 32.5352 86.846 1.2257 0.1708 789.4258;
	1.1554 15.6114 10.6964 14.0755 2.9808 13.6261 15.0874 2.9407 5.2823 19.3036 35.6823 53.231 80.139 64.205 150.0429 56.5278 70.1363 74.3236 87.0984 56.1969 5.0291 31.7942 58.1435 36.4851 17.4366 3.4603 1.6783 872.6385 556.3077 556.3077 653.9338 92.9229 290.328 144.6511 201.2914 237.358 816.3369 222.7478 358.9146 46.7052 71.0112 151.1589 19.8849 0.3446 824.8405;
