function loadprofile = ex_load_profilesh1
%EX_LOAD_PROFILE  Example load profile data file for stochastic unit commitment.
% 2022.03.12
% Andres F. Ramirez

%% define constants
[CT_LABEL, CT_PROB, CT_TABLE, CT_TBUS, CT_TGEN, CT_TBRCH, CT_TAREABUS, ...
    CT_TAREAGEN, CT_TAREABRCH, CT_ROW, CT_COL, CT_CHGTYPE, CT_REP, ...
    CT_REL, CT_ADD, CT_NEWVAL, CT_TLOAD, CT_TAREALOAD, CT_LOAD_ALL_PQ, ...
    CT_LOAD_FIX_PQ, CT_LOAD_DIS_PQ, CT_LOAD_ALL_P, CT_LOAD_FIX_P, ...
    CT_LOAD_DIS_P, CT_TGENCOST, CT_TAREAGENCOST, CT_MODCOST_F, ...
    CT_MODCOST_X] = idx_ct;

loadprofile = struct( ...
    'type', 'mpcData', ...
    'table', CT_TAREALOAD, ...
    'rows', [1:11], ...
    'col', CT_LOAD_ALL_P, ...
    'chgtype', 1, ...
    'values', [] );
loadprofile.values(:,1,:) = [
	1454.6506 911.318 1588.9436 548.3 797.8024 1115.8769 844.9264 250.6 495.0116 4426.6547 1683.2;
	1441.0721 906.1657 1570.9197 534.7623 780.2163 1116.0438 829.4557 232.0936 456.062 4378.2819 1656.9958;
	1466.6405 939.2492 1586.4389 539.3174 811.6912 1134.3733 855.3511 238.8765 487.9846 4457.0734 1720.6749;
	1574.9028 1016.5 1736.0481 557.2188 886.0057 1216.1962 902.833 272.2877 533.5677 4759.2763 1846.7608;
	1690.223 1119.6 1958.5757 598.0582 1001.8743 1336.4563 985.7638 316.3034 615.7925 5296.2084 2080.2;
	1816.3982 1202.8129 2088.8789 618.432 1084.6686 1410.8625 1044.4438 352.6 677.6 5983.5238 2259.2;
	1883.1784 1236.4617 2115.9388 586.0745 1099.2979 1462.9385 1091.1024 364.6301 679.333 6347.6825 2331.6;
	1918.8428 1238.9 2094.9203 615.4 1061.9455 1470.6657 1069.6612 360.9321 674.0334 6612.0244 2296.9129;
	1926.4193 1234.3 2077.2 612.1299 1005.2209 1404.7409 1016.5187 355.6 636.0801 6599.4378 2225.335;
	1934.5576 1260.3252 2075.0428 589.0957 1054.1891 1369.9393 1023.0422 354.35 654.4531 6627.4119 2294.4035;
	1956.7298 1265.9 2076.9911 580.7571 1075.1602 1358.5313 977.1981 354.1 652.9988 6592.156 2199.3446;
	1904.2795 1257.7285 2083.7 600.2873 1084.8167 1451.2807 1008.2555 356.6 674.7 6518.0 2231.2564;
	1905.8366 1236.1627 2044.8417 597.3 1039.6907 1417.2445 990.7532 350.299 663.495 6473.5527 2137.7212;
	1840.8723 1248.4707 2012.5749 605.3528 1050.2 1421.4574 1037.6117 375.1666 681.151 6479.1647 2274.0117;
	1841.2222 1293.4026 2073.6145 624.0447 1051.9 1454.7331 1054.4489 353.1049 688.5361 6535.1 2296.1774;
	1828.8869 1289.0443 2042.9 605.566 1034.8552 1452.0 1049.8319 367.8297 695.5711 6475.2557 2347.9;
	1896.0153 1342.1182 2085.8 620.0367 1056.4525 1500.8 1029.5469 386.4403 712.0887 6374.095 2434.1308;
	1943.6576 1373.2115 2151.269 637.5328 1121.2194 1575.032 1165.6852 394.6 762.9 6639.236 2607.1104;
	2007.8995 1359.2168 2114.0022 614.3933 1090.6404 1562.9 1172.9624 399.4777 742.3982 6464.8818 2515.9112;
	1936.5 1300.9914 2054.4835 606.7665 1059.2899 1484.7143 1141.8921 379.5024 719.5389 6205.874 2462.9465;
	1878.6485 1220.2748 1950.9055 586.1 994.3156 1393.0047 1093.0011 359.3257 675.0675 6034.7826 2261.6438;
	1724.4062 1102.3813 1847.1309 584.0 931.835 1340.0801 1018.188 317.7 605.7768 5562.514 2041.6008;
	1585.3441 1006.7283 1745.3985 583.3387 883.3 1220.6219 933.2796 283.7 586.352 5119.6324 1865.1584;
	1529.2664 968.5975 1732.5196 586.65 880.6 1230.566 931.0401 298.3412 615.4791 4896.6918 1820.218;
];
