function windprofile = ex_wind_profilesh1
%EX_WIND_PROFILE_D  Example wind_load_nyiso profile data for deterministic unit commitment.
% 2022.03.12
% Andres F. Ramirez


%% define constants
[GEN_BUS, PG, QG, QMAX, QMIN, VG, MBASE, GEN_STATUS, PMAX, PMIN, ...
    MU_PMAX, MU_PMIN, MU_QMAX, MU_QMIN, PC1, PC2, QC1MIN, QC1MAX, ...
    QC2MIN, QC2MAX, RAMP_AGC, RAMP_10, RAMP_30, RAMP_Q, APF] = idx_gen;
[CT_LABEL, CT_PROB, CT_TABLE, CT_TBUS, CT_TGEN, CT_TBRCH, CT_TAREABUS, ...
    CT_TAREAGEN, CT_TAREABRCH, CT_ROW, CT_COL, CT_CHGTYPE, CT_REP, ...
    CT_REL, CT_ADD, CT_NEWVAL, CT_TLOAD, CT_TAREALOAD, CT_LOAD_ALL_PQ, ...
    CT_LOAD_FIX_PQ, CT_LOAD_DIS_PQ, CT_LOAD_ALL_P, CT_LOAD_FIX_P, ...
    CT_LOAD_DIS_P, CT_TGENCOST, CT_TAREAGENCOST, CT_MODCOST_F, ...
    CT_MODCOST_X] = idx_ct;

windprofile = struct( ...
    'type', 'mpcData', ...
    'table', CT_TGEN, ...
    'rows', [1:45], ...
    'col', PMAX, ...
    'chgtype', 1, ...
    'values', [] );
windprofile.values(:,1,:) = [
	3.7127 50.1671 87.6858 103.1129 14.0746 32.3739 27.9445 12.6281 25.8315 27.0185 49.9433 74.5055 112.1677 69.3673 177.8766 67.014 83.147 88.111 87.4799 68.6585 9.3148 75.5391 71.4016 86.4444 97.6944 58.7611 8.7044 1125.0413 747.3088 747.3088 694.3042 111.7045 291.5995 176.727 217.4759 318.8518 1099.0371 292.7575 455.4937 261.6814 113.1154 359.1346 180.5965 239.7949 1110.4854;
	3.7201 50.2663 88.4194 107.4794 14.4937 32.4781 27.4493 11.728 25.7515 24.4037 45.1099 67.2951 101.3124 67.4594 185.0954 69.7336 86.5214 91.6868 85.3832 68.1556 9.1498 75.7823 69.6577 86.1799 97.6821 58.7021 7.9825 1161.6088 754.9795 754.9795 738.4614 111.1836 284.6106 175.4327 211.4944 322.1246 1166.623 281.4702 450.7817 261.6486 116.5469 360.2908 192.845 250.1072 1178.7753;
	3.7601 50.8067 90.357 97.6072 14.8051 33.2888 26.1875 11.1292 25.8855 26.8195 49.5754 73.9568 111.3415 67.1507 184.0879 69.3541 86.0504 91.1878 84.4849 67.3259 8.7292 77.674 71.611 86.4468 87.3914 54.8886 9.0271 1195.2563 780.8812 780.8812 770.3777 112.2264 281.6165 173.2972 210.5265 333.176 1173.7585 281.2047 463.5019 234.0842 118.5804 369.2843 175.4406 255.1538 1185.9852;
	3.7629 50.8456 88.897 100.3989 14.8508 33.3912 22.7273 11.4581 25.8695 25.8511 47.7854 71.2864 107.3213 66.8265 186.6846 70.3324 87.2642 92.474 86.034 66.0139 7.5758 77.9128 69.5035 87.5199 84.3078 50.8967 8.0248 1132.6197 794.3521 794.3521 776.2526 116.2436 286.78 169.92 209.5102 338.9236 1171.0138 289.2058 444.7111 225.8244 116.7911 370.4197 188.771 243.4887 1183.2118;
	3.61 48.7796 85.3788 83.775 14.8396 32.1969 18.2419 9.5432 22.3365 24.7416 45.7345 68.2269 102.7152 67.958 181.0193 68.198 84.616 89.6677 86.0684 62.9076 6.0806 75.126 70.4285 87.8428 71.536 48.4609 7.254 1141.0639 758.2072 758.2072 714.8687 105.0462 286.8946 161.9244 213.0576 323.5017 1083.1743 265.5269 383.8269 191.6144 115.1522 357.1705 185.7506 226.5203 1094.4573;
	3.5766 48.3277 81.1471 76.2686 14.782 31.8211 16.4241 7.3218 24.4601 24.0477 44.4518 66.3134 99.8344 68.1468 182.1082 68.6082 85.125 90.2071 85.0489 65.0447 5.4747 74.2492 63.3939 82.9921 52.1983 34.3449 5.6044 1141.149 726.6902 726.6902 658.7106 87.1445 283.4962 167.4253 213.6495 310.0545 1093.5382 233.771 353.2243 139.8168 102.766 353.0017 187.144 176.9861 1104.9292;
	3.1699 42.8317 73.4871 63.1174 14.4329 29.5266 13.7874 5.9319 18.5843 23.9051 44.1883 65.9202 99.2426 67.2053 193.4732 72.8899 90.4375 95.8367 85.5527 69.4995 4.5958 68.8955 63.7315 79.9942 43.8942 25.0536 4.5785 1117.6638 723.7203 723.7203 589.0162 60.7438 285.1756 178.892 210.6977 308.7873 1069.6312 213.8329 273.3542 117.5737 84.396 327.5489 159.7405 129.72 1080.7732;
	3.3435 45.1779 70.5506 71.8061 14.4618 29.7661 14.6642 5.9113 15.3222 15.0297 27.7822 41.4456 62.3961 65.7021 191.0607 71.981 89.3098 94.6417 86.8912 69.1387 4.8881 69.4543 33.3585 85.9448 54.2114 21.0208 3.892 1185.598 708.038 708.038 645.3023 61.8096 289.6373 177.9633 205.9849 302.0962 1050.6292 213.527 226.8624 145.2091 78.2049 330.2057 150.7257 132.3305 1061.5733;
	2.9501 39.8618 55.32 62.3833 14.653 26.2788 14.8966 4.1012 20.3416 17.709 32.7349 48.834 73.5193 65.5055 185.6187 69.9308 86.766 91.946 88.6884 68.9601 4.9655 61.3171 41.7007 73.1442 34.3356 10.4904 2.6164 1177.996 825.9442 825.9442 775.9347 86.3258 295.6281 177.5035 205.3685 352.4029 1094.689 245.8551 232.6607 91.9704 45.8818 291.5191 148.2414 125.7016 1106.092;
	2.5143 33.9743 39.2321 56.5751 14.3512 19.8667 17.8781 1.9999 20.5898 10.6608 19.7062 29.3978 44.2583 62.777 174.3208 65.6743 81.4848 86.3496 89.5727 66.7578 5.9594 46.3557 36.8114 51.4472 0.0 3.4439 1.1701 1030.0745 813.8612 813.8612 762.8661 102.1311 298.5756 171.8347 196.8145 347.2474 1057.713 238.3186 341.6098 0.0 34.8197 220.3882 133.3132 7.3467 1068.7308;
	1.8714 25.2867 24.4632 35.0908 13.5198 15.093 17.6818 0.8758 18.6979 13.2109 24.4201 36.43 54.8452 61.151 171.6759 64.6779 80.2485 85.0394 88.4219 70.3789 5.8939 35.2171 32.7834 20.2649 0.0 0.0 0.7496 1019.9697 815.7346 815.7346 750.3868 97.8962 294.7396 181.1555 191.7165 348.0468 1032.5653 243.4806 385.2226 0.0 23.1078 167.4321 92.0159 0.0 1043.3212;
	1.41 19.0528 25.8652 22.9841 9.8632 11.9126 19.7009 1.1026 18.7654 14.9889 27.7067 41.333 62.2266 64.6409 174.9532 65.9126 81.7804 86.6629 88.0143 69.5616 6.567 27.796 38.9298 4.2072 5.0317 2.2862 1.396 896.8208 728.5546 728.5546 688.2872 94.6218 293.3809 179.0518 202.6579 310.85 956.4466 214.0022 418.0344 13.4778 22.2639 132.1501 69.7979 46.968 966.4096;
	1.0657 14.4002 22.8435 23.2803 8.5805 9.1007 18.5229 1.3597 16.4681 12.1183 22.4005 33.4171 50.3092 63.5244 178.422 67.2194 83.4019 88.3811 87.4419 68.9117 6.1743 21.2349 36.3608 17.1749 7.5098 0.0 2.0749 911.8524 739.7606 739.7606 656.8454 86.3312 291.4728 177.379 199.1575 315.6312 937.265 213.9492 437.0399 20.1155 24.4297 100.9568 54.9374 0.0 947.0282;
	0.736 9.945 20.9571 29.8513 7.2027 8.972 12.5235 1.9395 12.7485 15.5516 28.747 42.8848 64.5628 61.1826 177.8569 67.0066 83.1378 88.1012 84.9622 67.9956 4.1745 20.9347 48.976 35.1652 20.6989 4.9893 3.4554 852.9496 679.5551 679.5551 654.4602 78.5955 283.2074 175.0208 191.8157 289.9435 769.4339 216.0347 399.2718 55.4434 25.3229 99.5297 40.0552 26.0684 777.4489;
	0.8293 11.2053 21.67 1.1546 4.9107 8.9153 9.6803 1.9238 11.6625 14.3583 26.541 39.594 59.6085 65.3155 162.2045 61.1096 75.8212 80.3478 71.5402 66.4721 3.2268 20.8024 49.5938 44.8655 23.1357 3.6254 3.3719 769.7815 614.059 614.059 587.715 62.3836 238.4672 171.0994 204.7728 261.9985 737.8841 189.2953 324.7459 61.9707 28.4982 98.9007 35.8487 44.3092 745.5704;
	0.8527 11.5225 15.9835 21.4118 5.6087 6.8289 4.5398 0.8369 9.138 12.2608 22.6638 33.81 50.9008 66.1429 167.2949 63.0274 78.2007 82.8694 80.8997 67.9 1.5133 15.9342 43.9879 36.0075 16.6928 0.9224 1.842 776.0244 519.9711 519.9711 544.9747 68.3325 269.6656 174.7749 207.367 221.8543 616.5252 190.5579 216.6169 44.7128 26.9328 75.7558 2.8851 18.5952 622.9474;
	0.5338 7.2134 0.1569 0.1486 4.6697 4.8416 3.3034 0.0 11.9188 17.9377 33.1575 49.4644 74.4684 66.7314 158.1167 59.5695 73.9103 78.3229 81.1064 62.7255 1.1011 11.297 46.3923 36.3199 12.1337 3.3304 1.3528 645.2018 513.308 513.308 565.8653 70.4702 270.3547 161.4556 209.212 219.0114 714.815 191.4209 240.8062 32.501 31.3482 53.7093 0.6727 0.0 722.261;
	0.6841 9.2432 0.0 0.0 1.5239 0.0 0.0 0.0064 6.5563 21.0123 38.8408 57.9429 87.2327 64.8275 128.662 48.4727 60.142 63.7326 81.888 55.4993 0.0 0.0 60.723 33.8649 12.5402 3.4001 1.4075 641.6933 474.1077 474.1077 559.769 77.7387 272.96 142.8553 203.243 202.286 687.2745 199.3443 335.4917 33.5897 60.9971 0.0 0.0 0.0 694.4336;
	0.4264 5.7612 21.0348 35.5908 0.0 0.0 0.0 1.6804 7.0858 21.833 40.358 60.2062 90.6401 60.5944 114.0808 42.9793 53.3261 56.5098 28.6381 60.6837 0.0 0.0 58.9814 39.116 19.9831 7.5506 1.8139 698.0592 471.9107 471.9107 589.6698 78.3688 95.4604 156.2001 189.9716 201.3486 654.0873 184.2451 333.1148 53.5263 72.1711 0.0 0.1743 0.0 660.9007;
