function solarprofile = ex_solar_profilesh1
%EX_WIND_PROFILE_D  Example wind_load_nyiso profile data for deterministic unit commitment.
% 2022.03.12
% Andres F. Ramirez


%% define constants
[GEN_BUS, PG, QG, QMAX, QMIN, VG, MBASE, GEN_STATUS, PMAX, PMIN, ...
    MU_PMAX, MU_PMIN, MU_QMAX, MU_QMIN, PC1, PC2, QC1MIN, QC1MAX, ...
    QC2MIN, QC2MAX, RAMP_AGC, RAMP_10, RAMP_30, RAMP_Q, APF] = idx_gen;
[CT_LABEL, CT_PROB, CT_TABLE, CT_TBUS, CT_TGEN, CT_TBRCH, CT_TAREABUS, ...
    CT_TAREAGEN, CT_TAREABRCH, CT_ROW, CT_COL, CT_CHGTYPE, CT_REP, ...
    CT_REL, CT_ADD, CT_NEWVAL, CT_TLOAD, CT_TAREALOAD, CT_LOAD_ALL_PQ, ...
    CT_LOAD_FIX_PQ, CT_LOAD_DIS_PQ, CT_LOAD_ALL_P, CT_LOAD_FIX_P, ...
    CT_LOAD_DIS_P, CT_TGENCOST, CT_TAREAGENCOST, CT_MODCOST_F, ...
    CT_MODCOST_X] = idx_ct;

solarprofile = struct( ...
    'type', 'mpcData', ...
    'table', CT_TGEN, ...
    'rows', [1:12], ...
    'col', PMAX, ...
    'chgtype', 1, ...
    'values', [] );
solarprofile.values(:,1,:) = [
	0.0 0.0 0.0 0.0 0.0 0.0 0.0 0.0 0.0 0.0 0.0 0.0;
	0.0 0.0 0.0 0.0 0.0 0.0 0.0 0.0 0.0 0.0 0.0 0.0;
	0.0 0.0 0.0 0.0 0.0 0.0 0.0 0.0 0.0 0.0 0.0 0.0;
	0.0 0.0 0.0 0.0 0.0 0.0 0.0 0.0 0.0 0.0 0.0 0.0;
	0.0 0.0 0.0 0.0 0.0 0.0 0.0 0.0 0.0 0.0 0.0 0.0;
	0.1575 0.1621 0.24 0.0 0.0 0.0 0.0 0.23 0.0 0.0 0.0 0.0;
	3.7018 2.2063 1.1026 1.9424 3.4055 52.0954 6.5119 12.3169 50.0915 24.654 21.8178 44.6485;
	13.5709 10.8422 9.697 5.649 9.0959 108.4616 13.5577 24.2278 46.3045 225.4599 109.1335 408.3093;
	22.5316 16.6083 13.8 6.9353 10.9179 140.6269 17.5784 39.5651 45.86 333.2229 228.2895 603.4686;
	25.4816 16.474 13.7588 4.0808 9.1716 93.2377 11.6547 46.6237 58.486 327.6161 225.2466 593.3147;
	23.3384 16.4262 12.8661 3.3074 6.825 145.5385 18.1923 60.8711 117.4468 284.3786 210.0219 515.0114;
	21.784 15.756 12.2436 3.6384 5.7237 190.0897 23.7612 69.3838 147.0887 258.4162 194.4468 467.9932;
	23.1288 15.8701 13.7155 9.2091 10.146 307.3877 38.4235 70.7946 193.1882 340.7355 236.5289 617.0741;
	22.1993 16.3402 13.7008 8.9648 10.7834 296.1954 37.0244 63.6879 166.1603 336.3715 217.235 609.1709;
	17.6696 13.8533 12.1127 7.9032 10.2661 252.9703 31.6213 55.0131 140.9317 307.3094 175.1201 556.5392;
	13.51 9.6959 8.2412 8.8944 11.8012 259.6526 32.4566 34.9717 151.7903 255.3665 139.0944 462.4703;
	1.347 1.202 1.0366 2.3864 3.8237 67.4708 8.4339 13.9412 40.5207 75.1675 39.8514 136.1288;
	0.0 0.0 0.0 0.0 0.0 0.0 0.0 0.0 0.0 0.0 0.0 0.0;
	0.0 0.0 0.0 0.0 0.0 0.0 0.0 0.0 0.0 0.0 0.0 0.0;
	0.0 0.0 0.0 0.0 0.0 0.0 0.0 0.0 0.0 0.0 0.0 0.0;
	0.0 0.0 0.0 0.0 0.0 0.0 0.0 0.0 0.0 0.0 0.0 0.0;
	0.0 0.0 0.0 0.0 0.0 0.0 0.0 0.0 0.0 0.0 0.0 0.0;
	0.0 0.0 0.0 0.0 0.0 0.0 0.0 0.0 0.0 0.0 0.0 0.0;
	0.0 0.0 0.0 0.0 0.0 0.0 0.0 0.0 0.0 0.0 0.0 0.0;
];
