function windprofile = ex_wind_profilesh1
%EX_WIND_PROFILE_D  Example wind_load_nyiso profile data for deterministic unit commitment.
% 2022.03.12
% Andres F. Ramirez


%% define constants
[GEN_BUS, PG, QG, QMAX, QMIN, VG, MBASE, GEN_STATUS, PMAX, PMIN, ...
    MU_PMAX, MU_PMIN, MU_QMAX, MU_QMIN, PC1, PC2, QC1MIN, QC1MAX, ...
    QC2MIN, QC2MAX, RAMP_AGC, RAMP_10, RAMP_30, RAMP_Q, APF] = idx_gen;
[CT_LABEL, CT_PROB, CT_TABLE, CT_TBUS, CT_TGEN, CT_TBRCH, CT_TAREABUS, ...
    CT_TAREAGEN, CT_TAREABRCH, CT_ROW, CT_COL, CT_CHGTYPE, CT_REP, ...
    CT_REL, CT_ADD, CT_NEWVAL, CT_TLOAD, CT_TAREALOAD, CT_LOAD_ALL_PQ, ...
    CT_LOAD_FIX_PQ, CT_LOAD_DIS_PQ, CT_LOAD_ALL_P, CT_LOAD_FIX_P, ...
    CT_LOAD_DIS_P, CT_TGENCOST, CT_TAREAGENCOST, CT_MODCOST_F, ...
    CT_MODCOST_X] = idx_ct;

windprofile = struct( ...
    'type', 'mpcData', ...
    'table', CT_TGEN, ...
    'rows', [1:45], ...
    'col', PMAX, ...
    'chgtype', 1, ...
    'values', [] );
windprofile.values(:,1,:) = [
	3.7443 50.5933 91.0582 109.7955 15.4203 33.7493 28.3651 12.4095 28.1759 28.531 52.7392 78.6765 118.4471 64.6815 185.4576 69.8701 86.6906 91.8662 90.5776 68.3543 9.455 78.7483 69.6692 89.3313 100.5678 62.4544 8.7371 1167.7177 802.5953 802.5953 710.947 110.7723 301.9254 175.9441 202.7851 342.4407 1101.4992 283.835 460.4003 269.3781 116.5705 374.392 193.9914 234.6021 1112.9732;
	3.6937 49.9097 88.4659 107.4936 15.2762 32.8197 28.1499 11.1763 28.2478 26.4021 48.8038 72.8057 109.6086 63.9728 187.1195 70.4962 87.4675 92.6894 87.3974 69.7358 9.3833 76.5793 70.5894 88.4427 101.8146 58.7013 7.0234 1112.227 768.4041 768.4041 665.5758 106.4925 291.3247 179.5001 200.5634 327.8524 1121.039 262.7271 461.8068 272.7177 112.383 364.0801 197.325 231.4803 1132.7164;
	3.7468 50.6269 92.608 99.3182 15.4112 33.1268 24.0988 10.7125 28.0956 25.162 46.5115 69.386 104.4603 64.5481 186.2822 70.1807 87.0761 92.2747 89.9874 67.6107 8.0329 77.2958 63.5823 89.7945 93.5254 62.518 8.633 1171.1115 793.5538 793.5538 720.1328 110.3914 299.9579 174.0302 202.3669 338.583 1114.229 265.7978 455.7281 250.5144 118.0264 367.4864 177.4989 254.4946 1125.8355;
	3.7074 50.0946 88.8969 97.0631 15.4085 33.2517 20.6445 10.3252 26.284 25.4572 47.0573 70.2003 105.6861 61.2922 185.4179 69.8551 86.6721 91.8466 91.997 69.9213 6.8815 77.5872 68.0598 89.0527 89.0339 57.4716 7.8149 1116.7894 792.9218 792.9218 736.3323 109.0398 306.6567 179.9776 192.1594 338.3133 1125.9145 274.2228 431.617 238.4837 112.3386 368.8719 185.3569 240.1841 1137.6428;
	3.6391 49.1724 83.7053 83.6193 15.3252 32.2381 17.7486 8.8393 21.5596 21.139 39.0752 58.2924 87.7589 62.6342 181.699 68.454 84.9337 90.0044 88.5192 67.4955 5.9162 75.2222 64.1891 88.6097 73.815 53.2782 7.4109 1187.0396 781.6851 781.6851 718.6353 107.291 295.0638 173.7336 196.3666 333.519 1101.4594 259.9617 366.811 197.7187 108.3686 357.6276 191.4832 205.7685 1112.9329;
	3.7095 50.124 81.8598 79.354 15.3916 32.6312 16.5089 6.3786 24.6525 21.6493 40.0184 59.6996 89.8775 64.7374 182.4489 68.7365 85.2842 90.3758 88.7094 68.428 5.503 76.1395 60.2094 84.4453 56.6527 34.8116 5.4184 1159.2845 744.0939 744.0939 668.4582 96.5842 295.698 176.1337 202.9605 317.4801 1118.1631 233.918 361.2677 151.7484 99.6204 361.9887 193.2589 157.5484 1129.8106;
	3.2077 43.3424 68.584 60.2441 15.2538 29.7974 14.466 2.2812 18.2743 20.2261 37.3876 55.775 83.9689 63.4539 179.9477 67.7942 84.1151 89.1369 86.7259 67.5115 4.822 69.5272 58.2781 73.8648 43.0251 15.686 1.8331 1180.1239 679.0016 679.0016 525.2224 64.6141 289.0862 173.7749 198.9366 289.7074 1035.8703 200.8987 279.7162 115.2457 81.0927 330.552 164.1418 101.0897 1046.6607;
	3.4476 46.5849 63.3316 65.3384 15.2873 28.5623 15.0253 2.1847 15.3847 18.1993 33.6411 50.186 75.5547 65.2797 180.9316 68.1649 84.575 89.6243 87.0346 68.997 5.0084 66.6453 45.4674 80.3285 53.4022 9.2857 1.1661 1253.7126 694.6879 694.6879 618.1213 67.7813 290.1154 177.5986 204.6606 296.4002 1104.2518 219.0949 239.4321 143.0416 85.2565 316.851 153.3126 111.0928 1115.7545;
	2.9501 39.8627 54.9832 62.3936 15.1795 24.1062 15.4868 1.8315 21.296 12.5904 23.2732 34.719 52.2692 67.7582 174.9971 65.9292 81.801 86.6846 86.6695 67.94 5.1623 56.2477 37.5357 82.3902 52.5524 8.5677 2.0442 1264.0729 813.3696 813.3696 747.7861 88.2442 288.8984 174.8777 212.4312 347.0377 1167.6882 252.5245 244.9879 140.7655 61.3568 267.4178 141.7609 139.6461 1179.8516;
	2.5726 34.7616 44.3965 59.8535 15.0396 18.2204 18.7444 0.9823 21.2397 5.7773 10.6793 15.9313 23.9845 68.4636 163.762 61.6964 76.5492 81.1193 86.1616 66.274 6.2481 42.5144 17.0508 71.3676 33.6538 3.5683 0.7635 1191.4748 809.0373 809.0373 741.3072 111.115 287.2054 170.5895 214.6426 345.1893 1170.1136 251.052 358.7859 90.1442 49.0431 202.1254 127.2102 114.3585 1182.3023;
	2.0246 27.3571 31.8112 41.9258 13.6969 12.8056 17.5069 0.3623 18.6899 3.6629 6.7708 10.1007 15.2065 65.0008 156.7032 59.037 73.2496 77.6228 83.9765 66.7868 5.8356 29.8798 7.1232 53.7685 21.3988 3.9718 0.579 1147.222 810.2623 810.2623 724.9481 112.5889 279.9217 171.9095 203.7863 345.7119 1127.1994 252.4773 377.4505 57.3181 36.512 142.0571 90.3385 79.6768 1138.941;
	1.5625 21.1127 28.1876 27.0533 10.8737 10.5656 18.0443 0.9103 17.9579 9.6398 17.8189 26.5824 40.0196 64.7909 155.2589 58.4929 72.5745 76.9073 80.6532 62.9299 6.0148 24.6531 34.0843 42.0245 20.0099 6.2486 0.8521 1023.0892 736.0204 736.0204 677.86 106.986 268.8439 161.9818 203.1282 314.0354 1034.7388 212.2569 391.9949 53.5981 30.2501 117.2081 66.9227 71.5294 1045.5174;
	1.1037 14.9137 27.8505 27.0416 10.2708 7.3343 17.8379 2.0417 16.5616 12.9085 23.8611 35.5961 53.5897 63.1913 182.0935 68.6027 85.1181 90.1998 83.4058 66.9407 5.946 17.1134 35.5633 41.5859 22.2751 11.3217 2.6588 973.4927 739.2239 739.2239 673.4045 102.0313 278.0192 172.3055 198.1132 315.4022 994.0635 220.2322 427.8812 59.6653 33.9234 81.3622 51.7694 56.3041 1004.4183;
	0.8239 11.1321 25.0375 33.0402 8.6623 6.8986 12.9131 2.9877 14.7278 16.6389 30.7568 45.883 69.0767 64.4218 179.2416 67.5282 83.785 88.7871 85.0912 64.499 4.3044 16.0967 53.6654 45.5075 28.7166 13.4448 3.8977 936.7163 705.062 705.062 689.296 94.1522 283.6375 166.0205 201.9709 300.8264 827.8697 215.6399 412.3963 76.9193 35.4148 76.5285 36.3192 61.2236 836.4933;
	0.9158 12.3749 27.2351 57.5917 7.5643 8.0277 10.3399 2.7491 13.1733 15.1672 28.0364 41.8248 62.9671 66.1247 179.4101 67.5917 83.8638 88.8706 79.6064 67.4859 3.4466 18.7313 57.6385 55.4339 28.495 9.8262 3.911 885.6702 655.7441 655.7441 632.1509 83.7342 265.3545 173.7088 207.3098 279.7841 774.6038 206.8265 348.7584 76.3258 35.7102 89.054 34.9078 62.6489 782.6726;
	0.9235 12.4784 19.1874 30.8659 7.957 0.0 4.7621 1.4988 9.1578 12.7854 23.6336 35.2567 53.0788 63.4074 157.5918 59.3718 73.665 78.0629 74.6836 60.482 1.5874 0.0 53.6346 49.6819 26.4192 4.7844 2.3031 841.4996 519.9655 519.9655 546.7859 82.4462 248.9454 155.6807 198.7907 221.852 582.3388 197.9621 217.2321 70.7658 32.5846 0.0 0.0 28.9294 588.4048;
	0.6046 8.1691 38.5532 111.8957 7.2088 4.3991 3.8591 0.2015 11.8953 16.8288 31.1078 46.4067 69.865 62.6803 158.1222 59.5716 73.9129 78.3257 80.2071 59.3775 1.2864 10.2647 54.0925 46.0115 18.912 4.4015 1.4774 904.0136 549.176 549.176 609.2412 87.3245 267.3569 152.8379 196.5111 234.3151 767.5863 212.9023 249.6269 50.6572 40.1171 48.8012 0.7056 88.5354 775.582;
	1.1728 15.8474 44.86 108.8438 4.2635 6.4074 6.713 0.3666 19.3921 19.5093 36.0626 53.7983 80.9931 67.7337 121.1391 45.6384 56.6255 60.0061 76.6538 46.0723 2.2377 14.9506 68.8542 42.2274 18.2844 3.1635 1.5668 823.91 557.4053 557.4053 632.5692 94.5793 255.5126 118.5903 212.3542 237.8263 769.1026 210.6405 354.7264 48.9761 81.5257 71.0796 28.0845 23.4755 777.1141;
	0.548 7.405 27.6637 43.7477 6.1647 6.9556 0.6269 2.1127 10.6711 20.8363 38.5156 57.4577 86.5023 64.6115 101.8665 38.3776 47.6167 50.4595 3.7617 53.1078 0.209 16.2297 69.3744 50.3876 27.3167 7.1046 2.1046 813.3084 521.9148 521.9148 650.9839 93.3591 12.5388 136.6997 202.5659 222.6837 720.1164 211.5419 341.4229 73.1696 92.0538 77.1607 8.4207 69.5985 727.6176;
