function windprofile = ex_wind_profilesh1
%EX_WIND_PROFILE_D  Example wind_load_nyiso profile data for deterministic unit commitment.
% 2022.03.12
% Andres F. Ramirez


%% define constants
[GEN_BUS, PG, QG, QMAX, QMIN, VG, MBASE, GEN_STATUS, PMAX, PMIN, ...
    MU_PMAX, MU_PMIN, MU_QMAX, MU_QMIN, PC1, PC2, QC1MIN, QC1MAX, ...
    QC2MIN, QC2MAX, RAMP_AGC, RAMP_10, RAMP_30, RAMP_Q, APF] = idx_gen;
[CT_LABEL, CT_PROB, CT_TABLE, CT_TBUS, CT_TGEN, CT_TBRCH, CT_TAREABUS, ...
    CT_TAREAGEN, CT_TAREABRCH, CT_ROW, CT_COL, CT_CHGTYPE, CT_REP, ...
    CT_REL, CT_ADD, CT_NEWVAL, CT_TLOAD, CT_TAREALOAD, CT_LOAD_ALL_PQ, ...
    CT_LOAD_FIX_PQ, CT_LOAD_DIS_PQ, CT_LOAD_ALL_P, CT_LOAD_FIX_P, ...
    CT_LOAD_DIS_P, CT_TGENCOST, CT_TAREAGENCOST, CT_MODCOST_F, ...
    CT_MODCOST_X] = idx_ct;

windprofile = struct( ...
    'type', 'mpcData', ...
    'table', CT_TGEN, ...
    'rows', [1:45], ...
    'col', PMAX, ...
    'chgtype', 1, ...
    'values', [] );
windprofile.values(:,1,:) = [
	3.6565 49.4068 94.1447 109.8615 14.8602 31.1805 29.595 11.9239 27.9741 28.4605 52.6088 78.482 118.1543 65.9862 187.4244 70.611 87.61 92.8404 85.0254 69.0531 9.865 72.7546 74.2953 87.5977 96.1891 60.2266 7.0968 1165.5728 748.7841 748.7841 770.3148 116.2823 283.4181 177.7429 206.8756 319.4812 1106.3434 310.5006 464.3781 257.6495 113.1314 345.8962 195.4636 241.5592 1117.8678;
	3.7378 50.506 93.4367 112.4181 14.9253 32.3632 29.1372 11.8143 27.6337 27.1257 50.1415 74.8013 112.6129 67.9178 186.0411 70.0899 86.9634 92.1552 86.2224 68.5032 9.7124 75.5142 72.2899 87.4144 98.2556 61.7007 7.4906 1191.0729 760.0607 760.0607 799.1944 117.4212 287.4079 176.3273 212.9316 324.2926 1173.7143 300.4789 458.5715 263.1845 114.9535 359.0163 204.9724 244.9655 1185.9405;
	3.606 48.7253 93.6158 98.1181 14.7879 31.4453 24.8204 10.7733 26.7688 27.9624 51.688 77.1083 116.0861 67.776 184.7726 69.612 86.3704 91.5269 85.4198 70.1737 8.2735 73.3723 72.2897 88.9547 92.0208 61.0351 8.2451 1179.0476 763.4725 763.4725 798.5528 116.0471 284.7326 180.6272 212.4871 325.7483 1137.8741 290.1448 445.2656 246.4842 117.6746 348.8327 176.8751 248.3655 1149.727;
	3.698 49.9676 91.9876 100.6074 14.4358 31.5844 22.0938 11.3658 26.7002 27.8156 51.4167 76.7036 115.4768 66.8622 187.6561 70.6983 87.7183 92.9552 84.2026 69.6528 7.3646 73.6968 72.5293 88.5087 85.9792 58.5751 7.8655 1172.9019 784.6408 784.6408 790.0503 116.1147 280.6753 179.2864 209.622 334.7801 1196.2667 282.9894 434.6841 230.3015 112.5035 350.3757 186.4159 243.9515 1208.7278;
	3.684 49.7791 89.94 91.2154 15.1912 31.5403 18.3173 9.97 23.711 26.9258 49.7719 74.2499 111.7828 67.9594 184.1268 69.3687 86.0686 91.207 84.08 70.6062 6.1058 73.594 71.4544 89.6331 77.5489 57.4388 7.5779 1182.2921 761.7445 761.7445 697.6087 108.4906 280.2668 181.7406 213.062 325.011 1100.2133 252.3944 391.2066 207.7203 113.2005 349.887 195.6635 227.9987 1111.6738;
	3.7611 50.8202 88.0653 86.2956 15.236 30.9222 16.5197 7.7724 24.8573 26.8571 49.645 74.0606 111.4978 67.6279 184.9201 69.6676 86.4394 91.6 83.3457 70.3137 5.5066 72.1518 71.5717 89.5606 63.2961 41.9217 6.0271 1163.766 706.5483 706.5483 654.4981 97.543 277.8192 180.9876 212.0225 301.4606 1085.155 230.3078 346.072 169.5432 102.3024 343.0304 197.792 193.2436 1096.4587;
	3.3879 45.7781 76.5651 68.2544 15.1301 28.7042 14.6287 5.9425 18.7665 27.3844 50.6197 75.5147 113.6869 69.5862 184.0059 69.3232 86.0121 91.1471 84.4543 70.3099 4.8762 66.9764 72.8436 84.7342 53.3563 29.1809 4.6658 1161.5344 664.0902 664.0902 547.7988 68.5481 281.5143 180.9779 218.162 283.3451 1005.7775 207.4672 283.5194 142.9187 84.0075 318.4248 163.8316 134.8506 1016.2544;
	3.6958 49.939 76.0441 74.2372 15.2066 30.9993 15.3217 5.951 16.4127 22.869 42.273 63.063 94.941 69.368 181.315 68.3094 84.7542 89.8142 84.0363 69.6744 5.1072 72.3318 55.9859 87.7863 68.6845 24.0889 3.8283 1233.0158 687.0579 687.0579 624.1568 67.7829 280.1209 179.342 217.4779 293.1447 1065.576 212.0702 250.6423 183.9764 87.9253 343.8859 153.486 144.1916 1076.6757;
	2.9321 39.619 61.5837 65.2087 14.9743 25.2968 14.3496 4.3094 20.5131 21.85 40.3894 60.253 90.7105 69.0199 183.2786 69.0492 85.6721 90.7868 83.7649 70.9162 4.7832 59.0258 54.8568 86.9603 65.1143 16.7248 2.8222 1136.2515 758.1931 758.1931 723.2288 90.2563 279.2164 182.5385 216.3869 323.4957 1053.766 239.2012 228.4996 174.4133 67.0426 280.6257 139.1278 153.4551 1064.7427;
	2.4904 33.6503 48.882 58.2591 14.7883 18.1698 19.0375 2.4584 21.3482 17.0313 31.4821 46.9652 70.7058 69.5179 186.2999 70.1874 87.0844 92.2835 91.1743 71.5101 6.3458 42.3963 46.0265 76.1757 41.6282 7.7778 1.252 1131.2985 775.0116 775.0116 765.5127 114.5559 303.9144 184.0671 217.948 330.6716 1153.2866 239.7255 353.7594 111.5042 50.5697 201.5639 119.3275 115.7531 1165.3;
	2.1974 29.6912 38.6008 44.0479 14.3088 13.9545 18.0686 1.2594 19.587 13.6315 25.1976 37.5899 56.5913 69.762 172.266 64.9002 80.5243 85.3317 90.9042 71.3446 6.0229 32.5605 35.0347 57.4581 24.2061 4.7318 2.2466 1138.6037 781.9157 781.9157 756.2058 110.54 303.014 183.6413 218.7134 333.6174 1125.3597 241.4321 385.2769 64.8377 44.1021 154.8017 91.4567 85.1356 1137.0822;
	1.3521 18.2701 28.798 24.6848 10.4247 10.0413 18.8023 1.0799 15.9744 14.3238 26.4773 39.4989 59.4654 69.2885 177.1113 66.7257 82.7892 87.7319 92.0309 69.5247 6.2674 23.4297 36.1428 38.0811 18.9288 4.476 0.6931 995.0695 703.3769 703.3769 686.9048 107.1621 306.7698 178.9567 217.2289 300.1075 990.3366 217.3715 376.6238 50.7023 32.6233 111.3914 65.55 68.7626 1000.6526;
	1.0427 14.089 26.9025 24.438 9.7194 8.288 18.2483 1.804 13.721 12.2348 22.6159 33.7385 50.7931 67.0788 183.4728 69.1223 85.7629 90.883 89.4303 69.8263 6.0828 19.3386 32.8013 36.8262 20.8127 6.3531 2.0598 1009.1895 738.7481 738.7481 667.8669 98.2169 298.101 179.7331 210.3011 315.1992 1020.4948 206.1972 408.9034 55.7482 32.1142 91.9414 52.13 50.1986 1031.125;
	0.8508 11.4965 24.5643 33.0985 8.7449 8.6236 13.9742 2.2032 12.5852 18.457 34.1174 50.8965 76.6243 67.3077 188.3517 70.9604 88.0435 93.2998 88.7512 70.8722 4.6581 20.1216 55.3146 39.3097 26.0037 9.7608 3.2339 998.5986 741.8096 741.8096 721.6714 96.9811 295.8373 182.4253 211.0188 316.5054 932.6082 220.0299 412.901 69.6529 33.9153 95.664 42.5883 54.9045 942.3228;
	0.9287 12.5485 22.4587 15.1095 6.6098 8.4544 12.5868 1.9838 12.4659 16.3961 30.308 45.2136 68.0689 66.148 171.3057 64.5384 80.0754 84.8561 78.9718 67.613 4.1956 19.727 56.9239 46.5297 25.0414 4.0083 3.362 920.8547 672.781 672.781 649.2533 84.0184 263.2392 174.036 207.3831 287.0532 875.8786 214.701 339.8733 67.0753 33.437 93.788 36.9095 46.9579 885.0024;
	1.1052 14.9332 18.4536 32.8169 7.448 8.3486 9.5955 1.6853 9.2701 15.2878 28.2593 42.1573 63.4676 65.9279 165.6689 62.4148 77.4406 82.0639 78.398 66.9086 3.1985 19.4801 53.2608 45.0907 26.0998 2.298 2.4556 941.4023 570.6697 570.6697 574.6563 83.2837 261.3267 172.2229 206.6929 243.4857 688.7763 200.7264 249.2196 69.9102 34.6041 92.614 60.2385 14.3546 695.951;
	0.6757 9.1305 39.6853 103.4471 7.4508 5.4623 5.1143 6.7703 11.2919 18.3765 33.9687 50.6747 76.2905 63.8707 150.7088 56.7787 70.4476 74.6535 76.3323 60.5838 1.7048 12.7453 55.6249 43.8037 18.2904 4.2941 1.8282 873.3069 556.5281 556.5281 596.3183 83.3527 254.4409 155.9428 200.2434 237.452 781.0521 199.0471 249.7518 48.992 38.2465 60.5948 61.1902 11.6707 789.1881;
	1.1855 16.0182 13.7627 40.7026 3.4449 3.1529 2.3616 6.2666 0.7335 20.9728 38.7678 57.834 87.0687 63.4776 129.2877 48.7084 60.4345 64.0425 79.0049 51.5737 0.7872 7.3568 72.3022 38.6334 16.3622 2.0865 1.8382 772.7148 564.3589 564.3589 634.2229 88.4215 263.3497 132.7508 199.0107 240.7931 758.9963 217.2893 331.4426 43.8274 78.4122 34.9764 30.2354 34.9361 766.9025;
	0.5616 7.5882 25.4443 43.5825 5.9299 2.3865 0.3535 2.6392 0.8214 24.7878 45.82 68.3544 102.9071 62.3914 120.5644 45.4219 56.3569 59.7214 8.6773 60.6935 0.1178 5.5686 74.2063 48.5166 24.6103 7.3381 2.3931 787.6151 548.7853 548.7853 643.0473 86.2124 28.9244 156.2252 195.6053 234.1484 712.7546 202.9869 344.9237 65.9206 90.6037 26.4747 24.1738 40.7817 720.1791;
