function loadprofile = ex_load_profilesh1
%EX_LOAD_PROFILE  Example load profile data file for stochastic unit commitment.
% 2022.03.12
% Andres F. Ramirez

%% define constants
[CT_LABEL, CT_PROB, CT_TABLE, CT_TBUS, CT_TGEN, CT_TBRCH, CT_TAREABUS, ...
    CT_TAREAGEN, CT_TAREABRCH, CT_ROW, CT_COL, CT_CHGTYPE, CT_REP, ...
    CT_REL, CT_ADD, CT_NEWVAL, CT_TLOAD, CT_TAREALOAD, CT_LOAD_ALL_PQ, ...
    CT_LOAD_FIX_PQ, CT_LOAD_DIS_PQ, CT_LOAD_ALL_P, CT_LOAD_FIX_P, ...
    CT_LOAD_DIS_P, CT_TGENCOST, CT_TAREAGENCOST, CT_MODCOST_F, ...
    CT_MODCOST_X] = idx_ct;

loadprofile = struct( ...
    'type', 'mpcData', ...
    'table', CT_TAREALOAD, ...
    'rows', [1:11], ...
    'col', CT_LOAD_ALL_P, ...
    'chgtype', 1, ...
    'values', [] );
loadprofile.values(:,1,:) = [
	1553.3171 938.6479 1622.426 576.9714 827.2397 1175.1199 915.4133 276.0 498.0 4437.966 1680.6;
	1573.5107 948.9945 1627.7882 578.7564 853.1382 1205.484 933.4303 274.5878 503.6559 4434.3114 1691.5028;
	1572.8 950.3765 1650.0161 571.1 852.3 1198.7029 941.9438 274.4951 512.5599 4449.1764 1718.6954;
	1645.5519 1033.0817 1771.5451 596.2246 901.3715 1262.9062 983.2444 299.7184 540.8885 4662.2066 1811.5;
	1779.8619 1134.0 1975.3 611.0 1036.4535 1442.9 1104.119 366.7943 635.8 5353.7993 2074.3619;
	1861.4866 1218.6285 2062.3775 633.2504 1099.393 1516.3516 1155.884 403.1456 707.9711 5891.373 2205.7724;
	1889.4502 1230.7547 2087.7634 605.4 1101.3348 1512.1975 1191.2731 385.9336 723.7386 6231.2295 2211.0287;
	1938.918 1232.7 2133.7527 608.4571 1104.4828 1553.6591 1230.1137 403.4 717.7769 6452.8649 2189.6137;
	1951.2832 1244.0 2137.8 616.8 1059.6855 1552.1914 1217.6 404.5305 739.5575 6601.6824 2148.1892;
	1915.0733 1205.0929 2136.5241 617.03 1091.1256 1534.0379 1231.3017 408.5183 721.1785 6601.8 2081.8392;
	1845.9027 1183.9447 2127.964 605.8395 1082.168 1544.3667 1234.6373 443.1499 713.8865 6517.5875 1999.4437;
	1850.8231 1179.9011 2122.5914 603.5079 1046.4494 1493.0216 1188.7098 418.1527 691.3 6582.3594 2003.8786;
	1771.0662 1124.8163 2064.1432 604.0 1040.3 1447.4819 1141.7729 410.1021 678.2144 6406.0503 1883.7944;
	1762.075 1166.3711 2089.5463 607.3694 1037.7051 1448.1002 1121.441 384.2669 672.5 6464.957 2027.6045;
	1772.4 1166.0722 2060.0123 598.1 1040.3925 1427.2903 1053.9205 402.4968 650.8142 6436.9246 2076.6749;
	1737.4396 1112.1532 2032.5986 609.9624 1029.7729 1474.4069 1091.1029 395.7473 666.4 6391.1031 2260.915;
	1769.306 1183.2501 2108.2892 608.0581 1075.4934 1552.1529 1146.8813 428.2825 694.5 6303.2759 2380.4;
	1829.5054 1187.2326 2137.6581 614.4152 1072.4639 1555.9129 1185.1643 431.3887 725.0065 6277.8176 2492.2895;
	1878.3 1253.485 2144.3 622.0344 1111.3693 1600.9639 1198.8397 469.3899 705.8187 6258.2552 2511.6956;
	1829.601 1172.8827 2039.9 597.2466 1014.9932 1483.7283 1129.7 431.947 664.6 5890.3363 2298.0846;
	1754.5069 1108.5923 1927.5474 571.4568 932.0926 1383.1058 1065.8017 432.0592 614.8349 5596.8848 2124.4813;
	1665.4627 1005.5903 1716.6595 546.6748 836.966 1250.1938 950.1547 329.9926 540.9356 5042.2193 1918.688;
	1591.7042 953.9 1654.1763 541.9945 821.5801 1173.9 885.4116 300.0 528.1264 4658.251 1821.3084;
	1597.3857 954.9 1679.7604 560.4901 848.0208 1158.2576 821.1708 274.114 506.3283 4681.6262 1747.6143;
];
