function loadprofile = ex_load_profilesh1
%EX_LOAD_PROFILE  Example load profile data file for stochastic unit commitment.
% 2022.03.12
% Andres F. Ramirez

%% define constants
[CT_LABEL, CT_PROB, CT_TABLE, CT_TBUS, CT_TGEN, CT_TBRCH, CT_TAREABUS, ...
    CT_TAREAGEN, CT_TAREABRCH, CT_ROW, CT_COL, CT_CHGTYPE, CT_REP, ...
    CT_REL, CT_ADD, CT_NEWVAL, CT_TLOAD, CT_TAREALOAD, CT_LOAD_ALL_PQ, ...
    CT_LOAD_FIX_PQ, CT_LOAD_DIS_PQ, CT_LOAD_ALL_P, CT_LOAD_FIX_P, ...
    CT_LOAD_DIS_P, CT_TGENCOST, CT_TAREAGENCOST, CT_MODCOST_F, ...
    CT_MODCOST_X] = idx_ct;

loadprofile = struct( ...
    'type', 'mpcData', ...
    'table', CT_TAREALOAD, ...
    'rows', [1:11], ...
    'col', CT_LOAD_ALL_P, ...
    'chgtype', 1, ...
    'values', [] );
loadprofile.values(:,1,:) = [
	1508.114 938.2894 1624.5 607.5082 855.7792 1161.7546 861.6923 266.3 497.0001 4573.0217 1702.7513;
	1489.7199 936.1944 1630.4322 600.1059 843.5876 1163.6085 868.1964 263.7 490.4619 4516.7645 1722.0;
	1531.2968 964.8464 1639.8 589.0 857.0213 1168.7389 863.9835 274.2 499.6699 4498.1205 1739.9296;
	1627.8 1027.8594 1762.4702 614.9744 906.9702 1243.6078 942.3658 301.0539 553.0364 4856.7 1901.5337;
	1774.9099 1140.2309 1966.3 647.1537 1000.6231 1387.6 1025.4612 327.2 613.9369 5280.4633 2079.5;
	1892.4879 1219.4557 2099.4168 656.9 1106.0949 1496.7503 1113.6 357.7267 698.155 5990.3749 2249.6322;
	1908.6375 1237.1278 2140.6139 639.6414 1120.3687 1507.4 1163.4758 374.3069 720.2182 6438.8103 2349.4788;
	1874.2576 1234.3755 2145.276 643.8 1132.0749 1471.9921 1145.2262 392.4769 722.2967 6600.2231 2366.4731;
	1865.3835 1184.2862 2102.4061 630.5772 1119.4 1413.5105 1118.8226 376.853 734.8355 6661.061 2365.2;
	1890.7215 1216.1 2126.8667 625.5 1098.8158 1394.1865 1128.7315 393.7 737.1588 6811.1613 2447.0118;
	1851.4869 1171.1602 2082.2291 614.9368 1068.9973 1377.1339 1127.4432 372.8848 694.8479 6751.7767 2263.6309;
	1844.1914 1177.1374 2032.9 585.5135 1043.2495 1308.2789 1086.0765 376.4548 686.7395 6663.6486 2339.2065;
	1833.171 1178.2817 2061.7895 586.8 1063.822 1390.1238 1111.1217 365.7 686.8334 6655.1321 2315.0679;
	1851.4668 1181.3581 2025.6165 595.0616 1031.309 1382.2658 1136.8251 373.3052 689.2 6669.7619 2325.7546;
	1833.7714 1151.3702 2018.1359 601.0 1044.2984 1416.8 1154.0808 395.8 696.7 6794.744 2333.7309;
	1838.3183 1177.3605 2018.8258 603.1217 1037.6447 1435.2086 1112.0789 376.969 681.4954 6718.087 2385.615;
	1804.4045 1158.9672 2022.2342 593.1874 1033.3785 1436.6767 1151.4 388.1216 696.0953 6593.8707 2488.777;
	1864.386 1214.975 2051.3311 628.7562 1065.5855 1515.6574 1216.7329 422.3126 738.3 6696.4735 2645.6;
	1917.7 1206.8465 2055.0552 635.6581 1061.6 1461.8116 1199.1289 394.249 732.3182 6401.4694 2548.1106;
	1862.9272 1154.9088 1982.1254 617.1135 1039.6978 1391.7986 1139.8201 366.1267 709.6748 6344.0503 2460.3703;
	1723.7282 1071.4466 1831.8289 577.9737 960.7764 1303.0016 1057.4379 351.5808 661.6192 5903.5732 2208.7557;
	1631.3248 1004.3682 1721.6492 582.5 884.3101 1243.6781 991.2313 328.5361 637.9094 5635.4678 2084.4199;
	1637.9877 984.3309 1670.8678 619.8205 895.1 1166.4071 926.893 305.0716 565.9 5090.2838 1894.7592;
	1587.2 932.4606 1680.4 614.5087 897.6517 1147.3098 899.0 286.0472 546.271 4827.3744 1796.1;
];
