function solarprofile = ex_solar_profilesh1
%EX_WIND_PROFILE_D  Example wind_load_nyiso profile data for deterministic unit commitment.
% 2022.03.12
% Andres F. Ramirez


%% define constants
[GEN_BUS, PG, QG, QMAX, QMIN, VG, MBASE, GEN_STATUS, PMAX, PMIN, ...
    MU_PMAX, MU_PMIN, MU_QMAX, MU_QMIN, PC1, PC2, QC1MIN, QC1MAX, ...
    QC2MIN, QC2MAX, RAMP_AGC, RAMP_10, RAMP_30, RAMP_Q, APF] = idx_gen;
[CT_LABEL, CT_PROB, CT_TABLE, CT_TBUS, CT_TGEN, CT_TBRCH, CT_TAREABUS, ...
    CT_TAREAGEN, CT_TAREABRCH, CT_ROW, CT_COL, CT_CHGTYPE, CT_REP, ...
    CT_REL, CT_ADD, CT_NEWVAL, CT_TLOAD, CT_TAREALOAD, CT_LOAD_ALL_PQ, ...
    CT_LOAD_FIX_PQ, CT_LOAD_DIS_PQ, CT_LOAD_ALL_P, CT_LOAD_FIX_P, ...
    CT_LOAD_DIS_P, CT_TGENCOST, CT_TAREAGENCOST, CT_MODCOST_F, ...
    CT_MODCOST_X] = idx_ct;

solarprofile = struct( ...
    'type', 'mpcData', ...
    'table', CT_TGEN, ...
    'rows', [1:12], ...
    'col', PMAX, ...
    'chgtype', 1, ...
    'values', [] );
solarprofile.values(:,1,:) = [
	0.0 0.0 0.0 0.0 0.0 0.0 0.0 0.0 0.0 0.0 0.0 0.0;
	0.0 0.0 0.0 0.0 0.0 0.0 0.0 0.0 0.0 0.0 0.0 0.0;
	0.0 0.0 0.0 0.0 0.0 0.0 0.0 0.0 0.0 0.0 0.0 0.0;
	0.0 0.0 0.0 0.0 0.0 0.0 0.0 0.0 0.0 0.0 0.0 0.0;
	0.0 0.0 0.0 0.0 0.0 0.0 0.0 0.0 0.0 0.0 0.0 0.0;
	0.1575 0.1621 0.24 0.0 0.0 0.0 0.0 0.0 0.0 0.0 0.0 0.0;
	3.1207 4.8937 3.4058 1.9514 1.7713 32.9082 4.1135 10.1378 20.5632 11.6946 21.4252 21.179;
	3.1257 4.0577 2.6856 4.0416 1.4305 273.1185 34.1398 20.2602 81.3593 28.7348 4.7193 52.0389;
	2.8647 4.4538 6.1598 6.4359 2.6197 336.7429 42.0929 36.0839 128.0844 94.2823 15.1096 170.7458;
	14.6407 7.2578 9.9036 5.9105 5.0691 231.4915 28.9364 46.0855 103.6151 227.545 93.441 412.0853;
	19.4314 12.5445 13.1257 5.6251 5.3925 157.9651 19.7456 42.2511 116.4937 291.7422 153.9141 528.347;
	22.1104 16.0637 13.7863 5.1132 3.5333 125.7076 15.7135 40.0098 141.2555 318.2558 172.6318 576.3632;
	25.8343 16.5546 13.7855 7.0184 2.8677 333.2712 41.6589 65.7455 203.8181 341.7484 244.8328 618.9085;
	23.13 16.3881 13.7008 5.7716 2.432 355.248 44.406 69.2702 186.5826 336.3715 222.2184 609.1709;
	17.5625 14.1197 10.5182 3.141 3.2684 320.3055 40.0382 68.3833 130.7179 278.673 205.0568 504.6785;
	6.1457 6.2179 3.0566 1.098 9.3401 153.6759 19.2095 51.0953 63.3459 184.9078 230.5377 334.8691;
	0.8962 0.7443 0.5239 1.5084 3.4364 58.6236 7.3279 10.0117 38.8399 67.1212 52.3 121.5569;
	0.0 0.0 0.0 0.0 0.0 0.0 0.0 0.0 0.0 0.0 0.0 0.0;
	0.0 0.0 0.0 0.0 0.0 0.0 0.0 0.0 0.0 0.0 0.0 0.0;
	0.0 0.0 0.0 0.0 0.0 0.0 0.0 0.0 0.0 0.0 0.0 0.0;
	0.0 0.0 0.0 0.0 0.0 0.0 0.0 0.0 0.0 0.0 0.0 0.0;
	0.0 0.0 0.0 0.0 0.0 0.0 0.0 0.0 0.0 0.0 0.0 0.0;
	0.0 0.0 0.0 0.0 0.0 0.0 0.0 0.0 0.0 0.0 0.0 0.0;
	0.0 0.0 0.0 0.0 0.0 0.0 0.0 0.0 0.0 0.0 0.0 0.0;
];
