function loadprofile = ex_load_profilesh1
%EX_LOAD_PROFILE  Example load profile data file for stochastic unit commitment.
% 2022.03.12
% Andres F. Ramirez

%% define constants
[CT_LABEL, CT_PROB, CT_TABLE, CT_TBUS, CT_TGEN, CT_TBRCH, CT_TAREABUS, ...
    CT_TAREAGEN, CT_TAREABRCH, CT_ROW, CT_COL, CT_CHGTYPE, CT_REP, ...
    CT_REL, CT_ADD, CT_NEWVAL, CT_TLOAD, CT_TAREALOAD, CT_LOAD_ALL_PQ, ...
    CT_LOAD_FIX_PQ, CT_LOAD_DIS_PQ, CT_LOAD_ALL_P, CT_LOAD_FIX_P, ...
    CT_LOAD_DIS_P, CT_TGENCOST, CT_TAREAGENCOST, CT_MODCOST_F, ...
    CT_MODCOST_X] = idx_ct;

loadprofile = struct( ...
    'type', 'mpcData', ...
    'table', CT_TAREALOAD, ...
    'rows', [1:11], ...
    'col', CT_LOAD_ALL_P, ...
    'chgtype', 1, ...
    'values', [] );
loadprofile.values(:,1,:) = [
	1558.7376 970.3547 1734.0682 559.4936 859.2589 1276.2496 923.6169 255.8 528.3323 4535.4759 1738.6;
	1552.1037 973.9055 1722.0305 574.8 887.1055 1272.8052 929.8803 251.4 547.2265 4465.3467 1739.4569;
	1562.1015 988.8682 1770.08 571.3 879.7396 1292.5573 930.8604 256.5 540.0 4519.7081 1755.5521;
	1643.5211 1067.4 1882.972 588.0193 964.8534 1370.7951 999.8 292.7349 580.8647 4822.2855 1887.3445;
	1769.8511 1175.8025 2089.8888 605.7 1089.364 1570.1687 1117.3849 340.3 672.9958 5395.4769 2118.0;
	1887.2729 1246.4 2144.8874 611.006 1153.1583 1565.3162 1187.0358 365.5118 717.8799 5906.894 2262.4146;
	1879.7412 1243.4722 2125.1841 581.2613 1130.6353 1534.9706 1202.9664 372.8054 709.2173 6367.2256 2250.3;
	1893.6739 1252.9444 2113.9 597.3134 1148.9384 1567.6469 1283.1947 359.7869 731.2371 6573.0956 2254.962;
	1913.6946 1240.3031 2103.5167 591.7691 1091.6458 1559.9915 1230.2151 360.7 727.2 6477.1763 2067.3326;
	1919.9 1241.492 2108.8 585.3351 1095.6833 1520.6548 1216.244 352.4463 714.7263 6449.2488 2003.8392;
	1915.8766 1237.7 2082.5002 567.8384 1073.4107 1489.076 1224.2422 337.2902 693.0177 6497.4672 2017.5276;
	1919.785 1261.7065 2109.2167 563.7015 1103.3217 1506.4194 1247.2513 351.6186 709.1243 6466.4037 2012.5566;
	1927.8465 1256.4303 2108.8974 556.4815 1081.7654 1462.4149 1203.8606 350.2449 688.5448 6522.624 2028.6858;
	1899.0968 1252.6 2023.9292 565.9604 1027.9014 1350.6127 1164.0224 326.7863 697.4839 6530.028 2137.7874;
	1934.0002 1238.7907 2014.1642 556.1178 1022.1333 1339.1802 1152.4511 337.8363 729.5373 6701.5824 2163.1105;
	1886.2815 1258.597 2054.1919 561.7054 1031.883 1434.6 1218.8072 339.565 742.7515 6688.6713 2330.1109;
	1905.1139 1266.61 2089.3937 588.9724 1045.6912 1500.3134 1360.9221 360.0486 803.2805 6549.9043 2497.7236;
	1919.3369 1333.8841 2158.0 612.0056 1102.5 1544.3 1364.7259 386.9 824.3827 6618.7738 2636.2908;
	1934.2112 1359.2695 2118.7902 612.302 1090.0536 1533.4084 1292.2723 389.9171 786.9612 6495.7029 2610.56;
	1854.3713 1268.2388 2012.9266 587.6664 1038.9969 1445.6052 1174.886 364.9578 729.1938 6108.2486 2367.2122;
	1749.2936 1170.7332 1868.8911 570.1 958.6524 1350.0415 1083.6607 343.644 658.6344 5711.0184 2140.6766;
	1638.7778 1086.1947 1772.428 557.8 888.5327 1256.0988 1008.5 326.6225 594.0081 5218.4 1936.0033;
	1537.3818 1022.78 1746.3 555.8198 881.5636 1272.8903 986.1571 312.5884 559.0 5012.4097 1865.2266;
	1533.506 994.4 1760.4 548.1 892.5542 1234.355 995.0542 282.6811 549.2073 4792.2716 1865.8158;
];
