function windprofile = ex_wind_profilesh1
%EX_WIND_PROFILE_D  Example wind_load_nyiso profile data for deterministic unit commitment.
% 2022.03.12
% Andres F. Ramirez


%% define constants
[GEN_BUS, PG, QG, QMAX, QMIN, VG, MBASE, GEN_STATUS, PMAX, PMIN, ...
    MU_PMAX, MU_PMIN, MU_QMAX, MU_QMIN, PC1, PC2, QC1MIN, QC1MAX, ...
    QC2MIN, QC2MAX, RAMP_AGC, RAMP_10, RAMP_30, RAMP_Q, APF] = idx_gen;
[CT_LABEL, CT_PROB, CT_TABLE, CT_TBUS, CT_TGEN, CT_TBRCH, CT_TAREABUS, ...
    CT_TAREAGEN, CT_TAREABRCH, CT_ROW, CT_COL, CT_CHGTYPE, CT_REP, ...
    CT_REL, CT_ADD, CT_NEWVAL, CT_TLOAD, CT_TAREALOAD, CT_LOAD_ALL_PQ, ...
    CT_LOAD_FIX_PQ, CT_LOAD_DIS_PQ, CT_LOAD_ALL_P, CT_LOAD_FIX_P, ...
    CT_LOAD_DIS_P, CT_TGENCOST, CT_TAREAGENCOST, CT_MODCOST_F, ...
    CT_MODCOST_X] = idx_ct;

windprofile = struct( ...
    'type', 'mpcData', ...
    'table', CT_TGEN, ...
    'rows', [1:45], ...
    'col', PMAX, ...
    'chgtype', 1, ...
    'values', [] );
windprofile.values(:,1,:) = [
	3.2525 43.949 88.5119 96.2589 14.7909 29.3402 26.477 11.547 26.7528 28.1285 51.9951 77.5665 116.7759 63.3505 176.4695 66.4838 82.4892 87.414 78.8975 67.6455 8.8257 68.4604 71.0058 85.1057 91.7398 65.3895 8.8714 1154.5267 735.2813 735.2813 721.4657 109.1258 262.9918 174.1197 198.6124 313.72 1035.1969 286.1681 442.1099 245.7316 108.1491 325.4804 162.7266 238.0042 1045.9802;
	3.352 45.2928 85.7212 90.3103 14.5912 29.2965 26.4222 10.033 26.7107 26.1179 48.2786 72.0222 108.429 61.7256 186.9075 70.4163 87.3684 92.5844 85.1423 69.3758 8.8074 68.3585 72.1992 81.6004 87.6604 63.3484 7.1125 1174.9506 735.7076 735.7076 739.8048 106.8849 283.8077 178.5734 193.5182 313.9019 1106.1389 265.4836 429.9027 234.8045 107.2594 324.996 175.0046 241.9427 1117.6612;
	3.5909 48.5216 85.8173 78.8057 14.928 31.8775 24.4187 9.1453 27.4892 26.4104 48.8193 72.8287 109.6432 62.5055 182.6799 68.8236 85.3922 90.4903 86.438 71.3158 8.1396 74.3809 69.0652 83.7205 72.1097 63.0998 7.7722 1209.5464 759.0777 759.0777 751.6918 113.6111 288.1266 183.567 195.9631 323.8732 1103.185 260.6021 434.3748 193.151 97.5396 353.6281 173.263 257.35 1114.6765;
	3.5546 48.0307 85.5395 90.0613 14.7606 32.3235 21.945 10.3385 26.5384 26.4277 48.8511 72.8763 109.7148 56.9338 174.2594 65.6512 81.4561 86.3192 84.682 68.9211 7.315 75.4215 69.5197 83.7944 78.9967 58.0067 7.4271 1176.807 772.4723 772.4723 741.0415 112.6285 282.2733 177.4031 178.4951 329.5882 1123.7591 261.561 393.6148 211.5984 98.7716 358.5752 176.7233 248.1138 1135.4649;
	3.5388 47.8173 85.6108 79.9379 14.9482 32.7169 19.4774 9.7155 24.4009 27.5572 50.939 75.9909 114.4039 58.3382 180.3026 67.9279 84.281 89.3127 86.6946 70.9305 6.4925 76.3395 73.7056 88.6661 72.6391 55.8693 7.7093 1176.188 746.689 746.689 689.4947 101.4361 288.9821 182.5752 182.8981 318.5873 1061.0586 240.717 376.6238 194.569 110.5425 362.9398 187.2492 222.2989 1072.1113;
	3.5877 48.4782 84.2983 77.9932 15.0843 31.5838 17.9817 7.2384 25.5314 28.4581 52.6044 78.4754 118.1443 55.2296 173.5889 65.3986 81.1427 85.9871 86.6831 67.3125 5.9939 73.6954 73.0848 86.1507 55.2877 38.0483 5.4902 1148.5097 703.5763 703.5763 650.3825 95.1131 288.9435 173.2625 173.1521 300.1926 1084.8481 219.1272 333.1143 148.092 99.0525 350.3692 180.1225 186.9407 1096.1486;
	3.1424 42.4607 73.9919 63.669 14.791 29.2648 15.1933 5.8588 16.5874 27.3262 50.5121 75.3542 113.4453 65.8497 182.8432 68.8851 85.4686 90.5712 89.8612 71.8696 5.0644 68.2845 71.7644 80.1388 47.7592 25.0385 4.4587 1238.7489 689.0736 689.0736 577.4765 67.0735 299.5372 184.9925 206.4479 294.0047 1076.7116 194.8435 261.8191 127.9264 78.1179 324.6442 154.2676 130.2239 1087.9273;
	3.4175 46.1776 70.6071 64.6389 15.0923 28.6184 15.8135 4.8779 14.2052 21.9514 40.5769 60.5327 91.1317 66.2271 180.6658 68.0648 84.4508 89.4926 91.6415 70.5003 5.2712 66.7763 56.1263 80.9592 54.433 17.7555 3.3251 1251.8957 713.8438 713.8438 640.546 68.8039 305.4716 181.468 207.6309 304.5734 1113.8041 206.2699 231.7532 145.8026 78.4063 317.4737 138.445 133.0476 1125.4062;
	3.0424 41.1097 62.1393 64.1589 14.9491 25.1834 16.4059 4.1025 20.0516 21.4572 39.6632 59.1697 89.0797 64.8819 179.4112 67.5921 83.8643 88.8711 90.9463 70.3919 5.4686 58.7612 33.6787 84.3598 59.4349 13.9962 2.5394 1272.0264 811.4304 811.4304 762.9826 85.5553 303.1543 181.189 203.4136 346.2103 1166.2485 234.7793 245.9462 159.2007 58.0901 279.3677 142.2886 157.7473 1178.397;
	2.6844 36.2716 48.5278 55.4801 14.6154 18.8914 19.255 2.2518 20.798 18.6925 34.5528 51.5459 77.6021 64.2689 173.5019 65.3658 81.1021 85.944 91.3226 69.8572 6.4183 44.08 39.4034 71.2266 35.5333 6.1909 1.2819 1140.9527 765.6209 765.6209 713.112 94.425 304.4085 179.8127 201.4915 326.6649 1125.0368 218.7377 337.6801 95.1785 42.2666 209.569 123.0857 121.8004 1136.7559;
	2.2458 30.3457 34.0814 41.0684 13.9085 14.9836 19.3871 0.8732 19.5175 16.5219 30.5405 45.5605 68.591 66.8618 174.5385 65.7563 81.5866 86.4574 90.1524 72.0282 6.4624 34.9618 35.1214 50.5208 20.1011 2.2703 0.9236 1151.0896 784.4793 784.4793 694.3666 91.866 300.5079 185.4008 209.6209 334.7112 1094.7707 209.8989 377.3007 53.8422 28.7449 166.2185 90.6806 64.1602 1106.1746;
	1.6243 21.9478 25.6445 23.7366 10.5952 10.762 18.918 1.0199 17.108 16.2272 29.9957 44.7476 67.3673 68.4365 174.2792 65.6587 81.4654 86.329 90.0892 70.6497 6.306 25.1114 42.5479 38.3452 18.3405 3.2564 1.1994 1045.0497 718.802 718.802 682.3422 88.8807 300.2974 181.8524 214.5576 306.6889 988.8944 198.6927 395.6328 49.1265 23.1921 119.3868 64.0806 67.3552 999.1954;
	1.106 14.944 24.4051 24.0022 9.1379 8.7135 18.675 1.8278 15.5194 12.8254 23.7076 35.367 53.2449 65.5828 167.3587 63.0514 78.2304 82.9009 89.1424 68.9584 6.225 20.3314 39.3147 35.8315 19.9356 3.0618 2.24 1025.4538 738.7638 738.7638 690.7721 78.9459 297.1414 177.4991 205.6108 315.2059 1037.9211 202.731 429.6345 53.399 13.1501 96.6615 51.574 47.2034 1048.7328;
	0.831 11.2292 22.21 29.9648 8.2916 9.1686 13.3562 2.349 12.8602 16.6331 30.7461 45.8672 69.0527 66.5099 151.22 56.9713 70.6866 74.9067 85.8445 69.7837 4.4521 21.3934 49.3587 39.5845 24.0196 7.8876 3.4684 994.8862 710.1713 710.1713 697.5795 74.4152 286.1483 179.6235 208.5175 303.0064 882.3993 204.0173 403.0039 64.3382 18.5597 101.7102 39.4746 50.2585 891.5909;
	0.8139 10.9971 20.4337 0.2384 6.2217 9.4077 10.941 1.9399 12.2333 17.7434 32.7984 48.9288 73.6621 65.4096 149.1715 56.1995 69.729 73.8919 80.4621 68.6228 3.647 21.9512 56.2309 42.0664 20.0367 3.4604 3.0627 911.9318 628.0113 628.0113 608.3201 69.536 268.2071 176.6353 205.0679 267.9515 778.1556 186.902 314.858 53.6696 12.0714 104.3624 32.7599 39.3567 786.2614;
	0.9235 12.478 17.1703 25.9601 7.8868 14.9871 5.6325 1.4523 9.8246 14.8783 27.5023 41.0281 61.7675 65.4154 147.5261 55.5796 68.9599 73.0769 79.8543 67.397 1.8775 34.9698 52.2027 42.651 22.8096 3.3552 2.2261 928.2436 550.9225 550.9225 562.4785 67.8052 266.1811 173.4801 205.086 235.0603 644.3516 186.4228 228.4989 61.0971 7.7251 166.2564 14.3188 10.478 651.0636;
	0.5042 6.8129 9.2472 2.975 6.7931 4.7959 3.6348 1.6343 11.4439 18.3143 33.8538 50.5032 76.0322 64.1586 159.3104 60.0193 74.4684 78.9142 84.6077 64.0688 1.2116 11.1905 52.4379 41.4559 14.853 8.8041 1.5872 810.0779 481.0389 481.0389 553.745 71.2747 282.0257 164.9133 201.1459 205.2432 697.5461 178.7559 216.9682 39.7847 19.1368 53.2029 0.1309 0.0 704.8122;
	1.0516 14.2101 6.8375 2.9048 3.0168 0.0356 0.5726 1.5493 6.2567 21.8236 40.3406 60.1803 90.601 66.3088 138.5786 52.2087 64.7774 68.6448 88.1516 53.1255 0.1909 0.0831 69.457 38.8647 16.2106 5.0419 1.7665 786.4751 491.5413 491.5413 596.2544 85.5006 293.8386 136.7452 207.887 209.7243 703.975 209.3266 321.0607 43.4212 65.0982 0.3951 0.0024 0.0 711.3081;
	0.5024 6.7882 27.42 45.3881 4.809 5.2478 4.9285 2.5868 12.7987 24.9417 46.1043 68.7785 103.5457 65.3572 123.0275 46.3499 57.5082 60.9415 10.5231 63.165 1.6428 12.2448 69.5969 52.512 26.8704 10.4274 2.3802 839.1376 489.2569 489.2569 621.1145 77.8424 35.0768 162.5868 204.9037 208.7496 658.1692 192.4011 357.0687 71.9742 88.7179 58.2151 2.087 14.9371 665.0252;
