function windprofile = ex_wind_profilesh1
%EX_WIND_PROFILE_D  Example wind_load_nyiso profile data for deterministic unit commitment.
% 2022.03.12
% Andres F. Ramirez


%% define constants
[GEN_BUS, PG, QG, QMAX, QMIN, VG, MBASE, GEN_STATUS, PMAX, PMIN, ...
    MU_PMAX, MU_PMIN, MU_QMAX, MU_QMIN, PC1, PC2, QC1MIN, QC1MAX, ...
    QC2MIN, QC2MAX, RAMP_AGC, RAMP_10, RAMP_30, RAMP_Q, APF] = idx_gen;
[CT_LABEL, CT_PROB, CT_TABLE, CT_TBUS, CT_TGEN, CT_TBRCH, CT_TAREABUS, ...
    CT_TAREAGEN, CT_TAREABRCH, CT_ROW, CT_COL, CT_CHGTYPE, CT_REP, ...
    CT_REL, CT_ADD, CT_NEWVAL, CT_TLOAD, CT_TAREALOAD, CT_LOAD_ALL_PQ, ...
    CT_LOAD_FIX_PQ, CT_LOAD_DIS_PQ, CT_LOAD_ALL_P, CT_LOAD_FIX_P, ...
    CT_LOAD_DIS_P, CT_TGENCOST, CT_TAREAGENCOST, CT_MODCOST_F, ...
    CT_MODCOST_X] = idx_ct;

windprofile = struct( ...
    'type', 'mpcData', ...
    'table', CT_TGEN, ...
    'rows', [1:45], ...
    'col', PMAX, ...
    'chgtype', 1, ...
    'values', [] );
windprofile.values(:,1,:) = [
	3.5548 48.0329 87.7153 108.6381 14.1887 28.08 28.6415 12.657 26.5587 29.4394 54.4183 81.1814 122.2181 63.3541 191.2602 72.0562 89.403 94.7405 89.3267 68.6186 9.5472 65.5201 73.3069 88.0504 93.9886 66.0519 8.3552 1126.6671 716.8506 716.8506 678.9471 108.0835 297.7558 176.6244 198.6236 305.8562 1016.3983 279.3718 460.5926 251.7552 114.6694 311.5012 142.3223 231.5984 1026.9858;
	3.6173 48.8776 86.583 108.1637 14.5445 29.9021 28.4879 12.2142 26.5851 27.9582 51.6803 77.0968 116.0688 63.2714 195.5529 73.6734 91.4096 96.8669 84.641 71.1204 9.496 69.7716 74.5819 87.2264 98.3705 61.4363 7.9471 1111.126 760.1976 760.1976 743.0378 108.7163 282.1367 183.0641 198.3645 324.351 1100.138 273.5776 457.8189 263.4925 113.1594 331.7142 175.5054 244.8216 1111.5978;
	3.4823 47.0536 83.5617 95.9657 14.7698 29.8791 25.8774 10.2031 26.309 27.9248 51.6186 77.0049 115.9304 62.7876 194.5325 73.289 90.9326 96.3615 88.9239 71.9503 8.6258 69.718 71.4868 84.5593 83.1206 59.6782 8.188 1084.7896 755.7453 755.7453 734.5779 110.9917 296.4129 185.2002 196.8476 322.4513 1029.2534 278.498 449.8408 222.6444 113.3253 331.4592 150.8841 249.5594 1039.9748;
	3.5245 47.6231 84.4964 100.6039 14.5682 30.4042 22.9182 11.3247 26.4808 27.2037 50.2856 75.0163 112.9366 60.6015 194.4184 73.246 90.8793 96.3049 91.437 73.0917 7.6394 70.9431 68.2791 86.7714 81.0201 59.6444 7.7364 1081.1405 792.1757 792.1757 761.0092 108.1409 304.7901 188.1382 189.9939 337.995 1076.8874 276.2431 438.7169 217.018 107.5297 337.2838 171.0686 240.2061 1088.105;
	3.5482 47.9434 82.2639 85.5441 14.8084 30.4814 19.7022 9.7282 23.7446 27.8611 51.5007 76.829 115.6656 58.1779 197.2441 74.3106 92.2001 97.7046 89.6014 73.2439 6.5674 71.1233 68.4867 87.39 70.9139 56.8516 7.6183 1137.3022 754.5114 754.5114 693.9396 106.6936 298.6715 188.5299 182.3955 321.9249 1076.343 253.2859 397.3864 189.9479 111.7451 338.1406 185.2553 223.1756 1087.5549;
	3.5895 48.5026 82.8027 80.5767 14.9892 30.4561 16.8325 7.5406 25.2367 29.5806 54.6793 81.5707 122.8043 51.8979 195.1331 73.5153 91.2134 96.659 89.914 73.5975 5.6108 71.0643 69.3264 85.5695 56.556 40.3663 5.8535 1118.2663 709.3612 709.3612 615.862 93.9005 299.7132 189.4401 162.7068 302.6608 1063.1408 223.9853 333.3632 151.4892 99.7765 337.8599 184.4667 189.4442 1074.2152;
	3.1353 42.3651 72.9963 68.5783 14.745 28.6022 14.1708 6.8566 19.2711 28.2604 52.2389 77.9301 117.3234 58.363 195.63 73.7025 91.4457 96.9051 90.2986 73.8417 4.7236 66.7385 67.0081 83.5722 50.3666 28.9395 5.0194 1115.841 652.5157 652.5157 522.6387 60.7708 300.9952 190.0689 182.9759 278.4067 1021.8645 199.4873 272.6633 134.9106 87.078 317.2939 149.9843 139.6524 1032.5089;
	3.4288 46.33 70.5976 72.9723 15.0732 29.575 15.5236 6.1597 18.0255 24.0178 44.3966 66.231 99.7104 60.3743 198.2479 74.6887 92.6694 98.2019 89.8393 73.83 5.1745 69.0083 53.4122 85.6365 60.0312 23.559 3.8269 1151.1699 687.9733 687.9733 618.0437 55.5867 299.4643 190.0386 189.2815 293.5353 1072.5319 211.1456 249.3717 160.7978 91.4227 328.0853 152.1637 150.7342 1083.7041;
	2.6724 36.1105 55.0019 61.1032 14.8725 24.0278 15.3321 3.8992 21.8405 22.44 41.48 61.88 93.1599 59.8853 193.2205 72.7947 90.3194 95.7116 91.3869 73.1695 5.1107 56.0648 43.0447 82.2628 52.6196 13.255 2.5441 1171.4744 748.8747 748.8747 732.1176 75.5273 304.6229 188.3384 187.7485 319.5199 1073.2278 240.3061 236.3338 140.9454 64.3936 266.5482 139.6057 152.281 1084.4072;
	2.4271 32.7955 47.4109 57.4129 14.6838 19.0945 19.3138 1.8983 23.3358 20.8521 38.5448 57.5013 86.5679 61.1059 195.356 73.5992 91.3176 96.7694 90.4444 71.5526 6.4379 44.5538 41.8656 64.8508 27.7758 6.1761 1.0348 1103.1769 767.525 767.525 757.8535 99.1976 301.4812 184.1765 191.5752 327.4773 1137.534 246.2424 355.9302 74.3995 51.127 211.8215 122.8489 125.2899 1149.3833;
	1.7911 24.202 35.1855 42.6417 13.9814 14.1689 18.9208 0.9929 21.716 16.7407 30.9449 46.1637 69.4992 62.3316 190.1298 71.6303 88.8746 94.1806 86.8261 72.3501 6.3069 33.0608 32.2956 49.8972 18.2188 5.2134 0.6016 1111.342 788.6379 788.6379 750.4065 96.0307 289.4203 186.2293 195.418 336.4855 1099.1359 241.5048 385.2125 48.8003 41.9551 157.1804 89.3635 91.538 1110.5852;
	1.3479 18.2129 29.7457 26.5018 10.2108 10.3944 18.8353 1.2219 19.1087 18.0207 33.311 49.6935 74.8132 63.6129 192.1308 72.3842 89.81 95.1718 89.1266 71.6121 6.2784 24.2535 39.9425 40.0845 19.7191 8.2894 0.958 926.7691 711.9826 711.9826 715.9607 105.2457 297.0886 184.3298 199.4352 303.7792 980.4895 221.2398 395.3061 52.819 32.4876 115.3081 60.9903 77.9112 990.7029;
	1.0307 13.9277 28.1119 26.5734 9.6169 7.8754 18.4286 1.9251 16.9077 15.6048 28.8452 43.0314 64.7836 64.4213 191.1471 72.0136 89.3502 94.6845 87.2538 67.1462 6.1429 18.376 42.3791 36.3201 20.3447 11.0408 2.4304 940.2662 721.9981 721.9981 693.5569 98.9302 290.8461 172.8345 201.9696 308.0525 986.1589 228.7253 411.814 54.4948 32.3784 87.365 53.0151 49.5555 996.4313;
	0.835 11.282 25.4182 31.0406 7.8314 7.8764 13.2923 2.2638 14.551 19.0432 35.2011 52.5131 79.0582 66.0745 191.3834 72.1026 89.4606 94.8016 86.9376 67.545 4.4308 18.3783 53.717 38.6059 23.698 9.9365 3.2262 965.997 688.6277 688.6277 722.2645 95.8705 289.7921 173.8611 207.1525 293.8145 870.9633 233.4605 394.5396 63.4767 33.3808 87.3756 37.487 55.9474 880.0358;
	0.8088 10.9291 24.8326 2.635 6.7965 7.4129 10.4848 1.6385 13.5139 18.6922 34.5523 51.5452 77.601 66.343 180.1186 67.8586 84.195 89.2215 77.2593 68.0809 3.4949 17.2968 55.8934 49.2737 24.7366 4.4012 2.8441 902.2535 622.264 622.264 624.9432 81.4532 257.5308 175.2405 207.9944 265.4993 778.8481 213.9615 334.4314 66.2588 30.296 82.234 30.7624 54.6813 786.9611;
	0.8154 11.0181 19.0767 28.8139 7.6163 0.1626 5.1452 1.2286 10.5088 17.0464 31.5101 47.0068 70.7685 64.6031 176.7043 66.5723 82.599 87.5303 76.0627 66.3077 1.7151 0.3795 58.8457 45.9595 22.523 4.0187 2.211 851.7498 511.3461 511.3461 534.0764 75.1743 253.5422 170.6761 202.5393 218.1743 586.4382 188.1985 243.9008 60.3294 30.1709 1.8043 0.0 30.6862 592.5469;
	0.4445 6.0062 15.8101 5.531 6.1669 0.0001 2.9 0.4364 11.4559 18.9331 34.9976 52.2096 78.6012 63.9568 184.6705 69.5735 86.3227 91.4763 78.4452 67.6648 0.9667 0.0002 55.3157 43.0985 14.1986 5.3665 1.473 782.626 523.3902 523.3902 557.283 77.8886 261.4839 174.1694 200.5133 223.3132 694.0132 200.8668 226.4682 38.0319 38.416 0.0007 0.0 82.9781 701.2425;
	0.5332 7.2048 6.585 0.0 1.6739 0.0 0.0 0.0 0.2423 20.684 38.2341 57.0378 85.8701 64.1212 143.149 53.9306 66.9138 70.9087 80.0713 52.1837 0.0 0.0 65.4747 35.2731 6.6258 3.2464 1.018 759.4242 526.2728 526.2728 593.4555 86.2335 266.9044 134.3209 201.0286 224.5431 708.4636 220.6928 326.0683 17.7476 77.0662 0.0 0.0 86.0574 715.8434;
	0.2288 3.0917 24.1863 35.8689 0.0 0.0 0.246 1.6511 1.1513 23.1843 42.8558 63.9324 96.2498 62.2644 115.8854 43.6592 54.1697 57.4037 2.9833 60.2176 0.082 0.0 68.9225 48.4317 15.0329 7.3136 1.3671 812.5818 487.6834 487.6834 631.317 84.5306 9.9443 155.0002 195.2074 208.0783 678.2407 208.7485 332.0425 40.2666 92.9543 0.0 0.0 82.2603 685.3057;
