function windprofile = ex_wind_profilesh1
%EX_WIND_PROFILE_D  Example wind_load_nyiso profile data for deterministic unit commitment.
% 2022.03.12
% Andres F. Ramirez


%% define constants
[GEN_BUS, PG, QG, QMAX, QMIN, VG, MBASE, GEN_STATUS, PMAX, PMIN, ...
    MU_PMAX, MU_PMIN, MU_QMAX, MU_QMIN, PC1, PC2, QC1MIN, QC1MAX, ...
    QC2MIN, QC2MAX, RAMP_AGC, RAMP_10, RAMP_30, RAMP_Q, APF] = idx_gen;
[CT_LABEL, CT_PROB, CT_TABLE, CT_TBUS, CT_TGEN, CT_TBRCH, CT_TAREABUS, ...
    CT_TAREAGEN, CT_TAREABRCH, CT_ROW, CT_COL, CT_CHGTYPE, CT_REP, ...
    CT_REL, CT_ADD, CT_NEWVAL, CT_TLOAD, CT_TAREALOAD, CT_LOAD_ALL_PQ, ...
    CT_LOAD_FIX_PQ, CT_LOAD_DIS_PQ, CT_LOAD_ALL_P, CT_LOAD_FIX_P, ...
    CT_LOAD_DIS_P, CT_TGENCOST, CT_TAREAGENCOST, CT_MODCOST_F, ...
    CT_MODCOST_X] = idx_ct;

windprofile = struct( ...
    'type', 'mpcData', ...
    'table', CT_TGEN, ...
    'rows', [1:45], ...
    'col', PMAX, ...
    'chgtype', 1, ...
    'values', [] );
windprofile.values(:,1,:) = [
	3.8059 51.4258 88.7824 103.9957 14.7489 32.0529 27.5701 9.8679 26.5949 28.6786 53.0119 79.0834 119.0596 68.6359 170.1491 64.1027 79.5348 84.2831 71.7086 69.0861 9.19 74.79 70.3899 83.1354 93.6719 62.8591 7.4949 1116.2741 735.2693 735.2693 698.5087 109.7927 239.0286 177.8279 215.1827 313.7149 1024.8359 287.4343 462.5818 250.9067 116.1391 355.5731 192.1857 242.7875 1035.5113;
	3.6765 49.6778 85.5149 100.5342 13.9904 31.2127 27.5722 8.6345 26.8812 27.3283 50.516 75.3599 113.454 67.5968 182.1353 68.6184 85.1377 90.2205 81.3946 70.3772 9.1907 72.8296 71.6818 82.3977 92.4825 54.0179 6.6471 1150.0033 739.33 739.33 711.0146 110.7556 271.3152 181.151 211.9252 315.4475 1105.1238 268.9454 459.9281 247.7211 114.0908 346.2528 191.5315 226.4354 1116.6355;
	3.6742 49.6467 86.8782 92.8504 13.9139 30.9945 25.3202 8.4161 27.1828 27.2684 50.4051 75.1945 113.205 64.7726 174.4925 65.739 81.5651 86.4347 83.2202 69.7127 8.4401 72.3204 69.3768 83.2539 85.7067 51.9535 7.629 1167.1177 764.8472 764.8472 690.0094 107.2861 277.4006 179.4406 203.071 326.3348 1097.2777 254.6233 466.6018 229.5716 114.2929 343.8318 177.1178 237.7646 1108.7077;
	3.6729 49.6292 85.3161 97.8832 14.0603 31.3214 21.9745 9.6239 27.0212 27.6944 51.1926 76.3693 114.9736 62.8891 182.3195 68.6878 85.2237 90.3117 84.3593 69.3855 7.3248 73.0832 70.7627 84.9096 81.9269 45.6888 7.6175 1183.7422 794.3029 794.3029 689.5508 104.2541 281.1976 178.5983 197.1658 338.9026 1134.9664 242.1312 449.8116 219.4469 104.4758 347.4583 177.9163 238.3936 1146.789;
	3.6302 49.0522 83.6689 81.9847 14.191 31.6311 18.5394 8.8578 24.2727 27.5393 50.9059 75.9416 114.3297 63.7289 184.7408 69.6 86.3556 91.5112 84.7823 68.532 6.1798 73.8059 71.9087 85.7489 73.9513 45.6992 7.3007 1202.8823 754.1255 754.1255 611.7042 91.0014 282.6076 176.4016 199.7986 321.7602 1074.4151 212.9755 406.8242 198.0838 108.5551 350.8942 184.3319 224.7025 1085.607;
	3.6401 49.1859 80.7553 75.4228 14.0617 30.6 17.1292 7.2402 25.6508 28.9471 53.5083 79.8238 120.1743 63.2105 180.2969 67.9258 84.2783 89.3099 85.224 68.307 5.7097 71.4 72.5809 82.9717 57.8118 37.1154 5.8148 1186.7867 724.8775 724.8775 584.138 85.4334 284.0799 175.8224 198.1735 309.2811 1085.2055 199.939 361.9036 154.8529 93.945 339.4558 176.4404 179.7618 1096.5097;
	3.2638 44.1008 67.8479 59.1106 14.097 27.8129 15.217 5.3789 19.594 28.0873 51.9189 77.4528 116.6047 64.2468 179.2138 67.5177 83.772 88.7733 84.9122 70.1603 5.0723 64.8967 71.5982 75.8338 45.5772 26.9427 4.5558 1155.3685 668.1249 668.1249 518.2913 55.7463 283.0407 180.5929 201.4224 285.0666 1044.2775 183.4648 301.6501 122.0819 70.668 308.5372 147.0955 126.0368 1055.1554;
	3.5635 48.1509 64.8487 63.8991 14.4749 28.4835 15.1918 5.1992 16.2747 24.7702 45.7873 68.3057 102.8338 61.1019 176.382 66.4509 82.4483 87.3706 88.7844 70.2623 5.0639 66.4615 56.1246 83.489 53.6531 21.6466 3.552 1195.5631 692.0306 692.0306 586.0199 63.5425 295.9481 180.8554 191.5627 295.2664 1071.4282 191.2181 258.93 143.7136 65.7532 315.9769 142.8503 133.8972 1082.5889;
	3.0141 40.7275 57.3936 57.9768 14.6457 23.3026 15.3919 3.5333 20.8237 22.895 42.3211 63.1348 95.0491 64.2758 170.394 64.195 79.6493 84.4045 87.7766 68.7665 5.1306 54.3728 50.6598 82.0626 55.069 14.0164 2.5391 1198.7098 773.8201 773.8201 690.4929 86.8882 292.5887 177.0052 201.5132 330.1632 1096.0236 232.822 255.1362 147.5062 54.7182 258.5037 139.6076 154.5724 1107.4405;
	2.6126 35.3017 46.9518 57.111 14.2462 18.2639 18.9689 1.7767 21.1583 17.3424 32.0572 47.823 71.9973 62.8763 156.4611 58.9458 73.1365 77.5028 84.0865 70.068 6.323 42.6157 27.7291 62.7879 33.0337 6.7919 1.1673 1129.5922 784.4609 784.4609 667.0019 102.8153 280.2883 180.3553 197.1256 334.7033 1130.7293 210.7733 364.9858 88.4831 42.1644 202.6071 131.2523 129.0678 1142.5077;
	2.0015 27.0444 32.8955 41.0358 12.6056 13.6438 18.5603 0.9242 19.0432 15.6116 28.8578 43.0502 64.8118 58.8136 165.5623 62.3746 77.3907 82.0111 87.0113 71.6682 6.1868 31.8356 27.8946 45.7494 21.6697 4.6712 0.8901 1144.7653 778.5734 778.5734 688.3236 106.2615 290.0377 184.4741 184.3885 332.1913 1070.595 225.5073 398.8494 58.0437 36.7234 151.3558 86.5262 91.2971 1081.7471;
	1.559 21.0652 27.3726 26.239 10.0045 10.5888 18.4579 1.4066 15.6459 15.7906 29.1887 43.5437 65.5549 56.2731 155.266 58.4956 72.5778 76.9108 80.0307 67.2378 6.1526 24.7072 35.908 36.549 21.4354 8.0402 2.0297 1018.2009 715.2539 715.2539 623.1923 109.8639 266.7691 173.0704 176.4238 305.175 991.0793 202.2751 406.9672 57.4161 26.1861 117.465 69.7673 77.4629 1001.4031;
	1.0838 14.6445 24.0763 24.183 8.5076 8.5861 18.6458 2.0957 13.6728 14.4336 26.6802 39.8016 59.9211 48.1151 159.0915 59.9368 74.366 78.8058 81.6869 66.1806 6.2153 20.0343 38.0232 33.8974 20.5357 10.8333 2.6499 975.0037 740.6051 740.6051 645.2952 100.6354 272.2897 170.3491 150.8474 315.9915 1022.5661 207.3293 432.9428 55.0063 24.6773 95.2488 52.9224 49.6214 1033.2179;
	0.7749 10.4703 20.5142 29.7994 6.3368 7.9906 13.5862 2.5304 9.2381 16.9342 31.3026 46.6973 70.3025 56.8481 149.0223 56.1433 69.6593 73.818 82.7151 66.8172 4.5287 18.6446 49.7041 34.9071 22.0948 10.9605 3.7911 944.741 680.5834 680.5834 636.3954 94.6442 275.7171 171.9876 178.2266 290.3822 870.0652 209.5221 401.6775 59.1826 19.9478 88.6419 42.1845 55.1645 879.1284;
	0.8349 11.2808 17.3907 0.009 5.8287 8.1783 11.9071 1.8412 10.5011 18.2699 33.7715 50.3805 75.8476 58.4455 144.7575 54.5366 67.6657 71.7055 80.6959 67.9414 3.969 19.0828 54.8899 41.2785 20.5917 6.7034 3.4156 829.9884 638.014 638.014 582.9482 80.5801 268.9864 174.8814 183.2344 272.2193 786.1439 198.2601 343.4878 55.1564 28.8544 90.7251 37.5964 48.0414 794.3329;
	0.9549 12.9027 14.354 26.9473 6.6125 5.6457 6.3754 1.3636 8.6999 16.5625 30.6155 45.6723 68.7594 62.8118 148.5589 55.9687 69.4427 73.5885 80.9732 69.6246 2.1251 13.1732 55.1108 35.953 16.0583 4.27 2.3259 824.6347 565.3649 565.3649 525.0443 77.796 269.9106 179.214 196.9234 241.2224 647.3031 188.1985 237.3381 43.0133 28.4567 62.6291 37.8943 14.3882 654.0458;
	0.535 7.229 0.0 0.0 0.3414 1.1127 3.7679 0.0748 0.3761 15.5157 28.6806 42.7859 64.4139 55.2159 152.2341 57.3533 71.1606 75.409 82.3796 64.3327 1.256 2.5962 45.2847 2.2425 7.309 4.126 1.354 750.7017 528.0328 528.0328 569.5471 77.0217 274.5987 165.5925 173.1094 225.294 720.6194 187.7958 224.3223 19.5776 34.7001 12.343 0.2973 0.0 728.1259;
	1.1053 14.9349 0.0 0.709 0.9339 2.3183 11.363 0.8525 0.0 19.0508 35.215 52.5339 79.0895 62.0284 130.4251 49.1369 60.9662 64.6059 83.99 54.2502 3.7877 5.4095 59.5792 0.0 10.682 3.7288 1.5929 696.5748 544.3334 544.3334 621.0857 81.3859 279.9666 139.6402 194.4675 232.2489 727.9246 210.145 337.3311 28.6124 71.6445 25.7181 2.1124 0.0 735.5071;
	0.4767 6.4416 19.8952 37.0082 0.1516 3.9742 21.3504 2.0436 1.9298 22.1876 41.0135 61.184 92.1122 62.9019 122.5849 46.1831 57.3013 60.7223 27.1558 60.9159 7.1168 9.2732 68.1311 32.2248 18.3447 7.9893 2.2094 764.6999 526.0341 526.0341 636.0274 80.6509 90.5195 156.7977 197.206 224.4412 701.5036 202.7917 351.9912 49.1375 82.0906 44.0874 0.6318 0.2894 708.8109;
