function loadprofile = ex_load_profilesh1
%EX_LOAD_PROFILE  Example load profile data file for stochastic unit commitment.
% 2022.03.12
% Andres F. Ramirez

%% define constants
[CT_LABEL, CT_PROB, CT_TABLE, CT_TBUS, CT_TGEN, CT_TBRCH, CT_TAREABUS, ...
    CT_TAREAGEN, CT_TAREABRCH, CT_ROW, CT_COL, CT_CHGTYPE, CT_REP, ...
    CT_REL, CT_ADD, CT_NEWVAL, CT_TLOAD, CT_TAREALOAD, CT_LOAD_ALL_PQ, ...
    CT_LOAD_FIX_PQ, CT_LOAD_DIS_PQ, CT_LOAD_ALL_P, CT_LOAD_FIX_P, ...
    CT_LOAD_DIS_P, CT_TGENCOST, CT_TAREAGENCOST, CT_MODCOST_F, ...
    CT_MODCOST_X] = idx_ct;

loadprofile = struct( ...
    'type', 'mpcData', ...
    'table', CT_TAREALOAD, ...
    'rows', [1:11], ...
    'col', CT_LOAD_ALL_P, ...
    'chgtype', 1, ...
    'values', [] );
loadprofile.values(:,1,:) = [
	1506.4389 970.108 1665.3906 583.3 844.1998 1172.6873 887.9275 262.2748 515.3 4746.8842 1765.339;
	1490.2847 950.6394 1646.4732 577.3894 868.962 1163.5481 880.3789 274.1852 510.5834 4610.0883 1745.3765;
	1524.5422 973.1848 1686.5977 585.1 898.9101 1200.2779 906.6326 286.4229 522.8 4817.2582 1816.6333;
	1588.196 1046.5837 1801.1155 603.0404 937.2887 1271.0868 957.8269 310.1 567.3893 4947.0766 1922.7284;
	1789.0374 1149.1527 1983.7515 636.4114 1075.3011 1420.5215 1058.1049 342.9 645.1922 5440.4707 2126.8275;
	1895.5077 1251.6 2095.3743 637.8111 1143.4547 1508.3 1151.4 369.6183 729.1121 6091.044 2361.3627;
	1967.5602 1265.3241 2122.7528 640.5394 1154.2692 1514.903 1180.5968 381.7191 729.2046 6580.0058 2443.209;
	1939.9962 1243.0942 2129.8872 620.9 1162.1029 1488.3044 1220.359 387.2606 729.7636 6967.6386 2372.7303;
	1920.387 1214.8403 2094.4575 626.3962 1119.0407 1463.2278 1195.5292 377.2752 710.9114 6712.9761 2260.2085;
	1934.7554 1225.776 2085.9614 617.9053 1118.1511 1462.6412 1174.2929 387.6204 704.1116 6665.1558 2263.1331;
	1890.7196 1191.6061 2023.8758 624.2 1067.1338 1370.7282 1116.8508 367.4 687.8767 6636.346 2141.5178;
	1886.1747 1205.3923 2014.621 608.7633 1048.0733 1356.8 1104.3172 370.0861 700.5908 6688.1276 2234.7018;
	1899.6036 1182.9 1970.1696 601.8023 1009.4715 1374.484 1079.3203 383.9831 677.1076 6595.8721 2109.812;
	1859.445 1186.7236 1935.8857 585.0 980.3302 1329.4501 1039.473 365.8537 683.2 6668.6079 2154.8648;
	1838.6345 1176.6049 1965.0278 582.4293 1012.3168 1328.2414 1061.9874 376.9608 688.096 6621.7534 2226.6396;
	1868.3929 1196.1245 1990.5386 581.7307 1056.6144 1370.5083 1105.5021 386.2756 688.3 6757.4863 2309.6453;
	1943.2 1234.9396 2072.0 597.6665 1074.0185 1422.4546 1134.1755 427.5908 701.9942 6726.4471 2408.1908;
	2000.6592 1295.6311 2135.4173 625.7 1154.6862 1529.9665 1212.6641 438.4576 742.9168 6801.7423 2549.9246;
	2007.4014 1304.7366 2182.996 620.0786 1158.216 1535.6017 1218.1119 439.7208 748.726 6744.4884 2560.8193;
	1915.4504 1218.1086 2051.7503 594.4092 1066.3 1455.4 1206.5751 422.0442 728.1411 6825.4166 2453.3601;
	1803.4099 1133.113 1916.2457 566.7 1006.5784 1339.2975 1086.9 396.4569 645.9 6273.5879 2235.628;
	1716.3923 1062.4932 1802.6135 556.4729 928.4354 1249.4165 1018.4 364.242 593.6949 5782.9649 2042.5271;
	1615.4293 970.0953 1687.9906 571.4493 856.4333 1189.7272 941.2623 307.9766 552.5 5094.9266 1884.7065;
	1567.2 931.3833 1672.1856 557.138 833.2 1183.4644 920.2723 294.4 533.5 4827.2807 1851.1;
];
