function loadprofile = ex_load_profilesh1
%EX_LOAD_PROFILE  Example load profile data file for stochastic unit commitment.
% 2022.03.12
% Andres F. Ramirez

%% define constants
[CT_LABEL, CT_PROB, CT_TABLE, CT_TBUS, CT_TGEN, CT_TBRCH, CT_TAREABUS, ...
    CT_TAREAGEN, CT_TAREABRCH, CT_ROW, CT_COL, CT_CHGTYPE, CT_REP, ...
    CT_REL, CT_ADD, CT_NEWVAL, CT_TLOAD, CT_TAREALOAD, CT_LOAD_ALL_PQ, ...
    CT_LOAD_FIX_PQ, CT_LOAD_DIS_PQ, CT_LOAD_ALL_P, CT_LOAD_FIX_P, ...
    CT_LOAD_DIS_P, CT_TGENCOST, CT_TAREAGENCOST, CT_MODCOST_F, ...
    CT_MODCOST_X] = idx_ct;

loadprofile = struct( ...
    'type', 'mpcData', ...
    'table', CT_TAREALOAD, ...
    'rows', [1:11], ...
    'col', CT_LOAD_ALL_P, ...
    'chgtype', 1, ...
    'values', [] );
loadprofile.values(:,1,:) = [
	1573.8035 950.1 1520.6156 536.0589 727.421 1101.4161 842.1854 260.8241 498.6111 4477.9604 1711.0932;
	1549.1084 945.3453 1574.5907 543.0014 753.1476 1115.3771 839.4962 252.9148 481.0458 4391.6073 1692.7025;
	1536.6726 951.8271 1617.025 530.7905 743.3623 1122.4768 864.4092 267.491 491.3209 4399.7402 1709.7818;
	1603.9017 998.0312 1724.5796 540.5573 830.9066 1174.4325 901.2328 273.2744 503.267 4589.2599 1726.6232;
	1763.4119 1122.3792 1922.4901 578.9025 968.0 1336.9821 1027.4733 344.2095 595.6467 5213.1667 2018.0049;
	1883.5672 1220.0014 2079.5097 602.4163 1048.0377 1389.434 1074.5641 369.8 678.8 5693.1969 2211.5634;
	1892.7 1216.8307 2065.2936 577.1186 1027.4962 1365.2253 1086.454 372.7202 696.7222 6080.7088 2241.3751;
	1891.6831 1239.1505 2090.7 556.4332 1068.4396 1430.7111 1132.0127 385.715 708.9381 6508.7718 2313.2004;
	1926.3412 1230.7141 2100.1898 553.9376 1077.9693 1419.4465 1124.3 382.8643 691.9859 6604.6705 2274.6407;
	1911.7599 1218.8265 2117.8798 581.2071 1082.206 1374.1366 1041.5179 374.4226 656.4926 6576.544 2152.9872;
	1887.226 1183.0 2089.7518 579.7556 1088.1058 1379.8431 1036.468 383.142 642.4 6577.8006 2158.7275;
	1887.6 1206.2975 2095.1368 578.241 1102.2404 1410.22 1053.393 371.8097 661.6 6647.4 2117.8169;
	1851.4976 1202.5892 2064.8 574.2082 1081.6267 1407.7474 1049.3702 371.371 663.5 6502.3337 2166.8884;
	1767.9698 1162.5028 1984.8993 576.2082 1024.9419 1320.2442 1011.7 361.2059 669.4 6393.392 2179.7184;
	1747.5861 1175.7 2002.1391 562.6755 1037.6104 1333.1194 1023.486 358.1987 678.0392 6408.6579 2245.3706;
	1739.9999 1208.8628 2024.0733 587.8 1068.9211 1383.6561 1060.4631 365.8655 678.5553 6358.3606 2248.0945;
	1743.6091 1180.5444 1986.3213 600.8 1055.8549 1387.9496 1029.4224 377.0003 707.4266 6225.4607 2353.3954;
	1773.5819 1208.7499 2047.1762 605.8355 1064.4714 1463.6456 1156.2369 379.502 721.9951 6284.372 2474.096;
	1820.6552 1237.3 2079.7194 622.7 1040.7258 1443.6082 1165.6615 393.777 724.687 6332.9217 2491.3598;
	1798.419 1157.179 1995.7856 602.6213 968.1645 1354.375 1086.8296 372.8151 676.698 6010.5653 2321.6635;
	1715.4512 1088.1694 1879.4068 581.6009 942.7308 1289.3767 1027.7682 353.6651 624.6512 5624.4191 2128.438;
	1635.4019 1021.5751 1761.7411 555.3022 889.821 1202.0653 933.6707 319.7 585.0581 5214.2366 1943.6;
	1605.9587 966.9479 1702.7343 561.0 849.1518 1156.8418 934.6 274.0 534.4787 4900.6567 1723.5193;
	1610.7137 958.0993 1672.1718 535.7508 807.419 1131.4522 896.6385 256.0204 501.0028 4709.4857 1727.1784;
];
