function loadprofile = ex_load_profilesh1
%EX_LOAD_PROFILE  Example load profile data file for stochastic unit commitment.
% 2022.03.12
% Andres F. Ramirez

%% define constants
[CT_LABEL, CT_PROB, CT_TABLE, CT_TBUS, CT_TGEN, CT_TBRCH, CT_TAREABUS, ...
    CT_TAREAGEN, CT_TAREABRCH, CT_ROW, CT_COL, CT_CHGTYPE, CT_REP, ...
    CT_REL, CT_ADD, CT_NEWVAL, CT_TLOAD, CT_TAREALOAD, CT_LOAD_ALL_PQ, ...
    CT_LOAD_FIX_PQ, CT_LOAD_DIS_PQ, CT_LOAD_ALL_P, CT_LOAD_FIX_P, ...
    CT_LOAD_DIS_P, CT_TGENCOST, CT_TAREAGENCOST, CT_MODCOST_F, ...
    CT_MODCOST_X] = idx_ct;

loadprofile = struct( ...
    'type', 'mpcData', ...
    'table', CT_TAREALOAD, ...
    'rows', [1:11], ...
    'col', CT_LOAD_ALL_P, ...
    'chgtype', 1, ...
    'values', [] );
loadprofile.values(:,1,:) = [
	1521.1257 973.2709 1680.6311 542.6205 845.0081 1188.2418 896.6 315.9446 509.0541 4540.4676 1747.8813;
	1497.204 958.4628 1652.0695 538.7113 838.3 1166.7739 892.3 298.6833 506.0 4485.2804 1741.4;
	1513.787 984.606 1704.388 540.3465 857.2493 1197.7109 900.862 305.9337 508.4511 4502.8381 1758.5748;
	1570.4012 1045.3321 1791.8944 575.6882 910.278 1255.1 933.0 325.7788 549.0515 4740.8426 1878.5015;
	1697.1193 1165.4726 1997.5077 612.9 1026.1882 1413.6095 1052.8447 378.0763 642.4544 5331.3129 2150.2427;
	1786.4844 1244.9735 2105.4932 615.7886 1097.5185 1457.7101 1080.8399 398.6135 690.0789 5842.3606 2244.3852;
	1790.6866 1255.5 2136.8035 633.2576 1105.9208 1454.0906 1065.0474 382.9 685.508 5953.301 2216.8963;
	1878.2607 1267.1475 2116.701 635.7107 1118.5307 1459.8414 1043.943 369.6 683.4205 6193.7174 2154.1058;
	1867.162 1269.423 2106.7688 633.1632 1097.9086 1420.9066 1024.1771 354.9544 675.0011 6361.4108 2239.244;
	1890.0057 1277.3018 2136.4575 621.9 1075.9 1436.0952 1050.9817 347.1868 674.6373 6357.8576 2211.1217;
	1854.3 1274.1805 2132.3479 610.7347 1040.4256 1357.1 991.4558 354.8165 633.8897 6293.6351 2141.5081;
	1894.5 1313.6397 2137.0485 622.2523 1050.6886 1399.8095 1007.2697 345.3 654.4037 6381.3855 2166.2784;
	1837.5271 1270.7621 2109.8109 633.542 998.9 1369.0781 1019.5191 358.3829 651.1604 6426.9261 2161.1873;
	1881.8864 1300.6804 2123.1727 647.5286 965.2374 1343.9459 1042.677 362.5988 667.1524 6432.8687 2153.4091;
	1875.0657 1278.5045 2104.081 658.1434 957.8461 1335.8962 1055.7 354.393 673.1536 6490.4998 2212.1824;
	1851.4967 1279.2576 2093.6595 643.3034 957.7741 1420.2606 1096.1702 361.3647 684.2894 6537.653 2328.5329;
	1867.3944 1274.9663 2099.5444 640.3 969.9156 1467.9 1141.6146 385.0774 721.4718 6482.8478 2435.231;
	1905.0405 1285.1939 2168.6 651.3935 1025.7859 1529.3868 1187.0047 383.7505 755.9485 6475.4 2554.0092;
	1922.5 1291.3408 2140.6 637.4374 1058.2857 1513.7433 1204.0365 403.7563 740.1573 6415.5139 2556.214;
	1863.6539 1243.5152 2012.306 615.8 972.5559 1445.3 1147.6523 407.8893 719.6984 6130.5119 2421.7674;
	1779.6447 1164.1596 1907.1908 599.0332 902.6134 1346.7 1072.0235 369.9076 662.5 5907.1733 2247.988;
	1674.3 1044.6 1763.0967 565.9834 853.5767 1236.6 989.197 333.1552 609.3829 5335.0338 1982.6865;
	1633.6438 964.113 1661.8271 549.1352 855.1 1208.9 994.349 327.0897 572.0761 5073.1032 1938.873;
	1605.9634 951.958 1698.5886 548.3823 893.0905 1169.8021 977.0073 367.1373 563.9 4929.9675 2043.8078;
];
