function loadprofile = ex_load_profilesh1
%EX_LOAD_PROFILE  Example load profile data file for stochastic unit commitment.
% 2022.03.12
% Andres F. Ramirez

%% define constants
[CT_LABEL, CT_PROB, CT_TABLE, CT_TBUS, CT_TGEN, CT_TBRCH, CT_TAREABUS, ...
    CT_TAREAGEN, CT_TAREABRCH, CT_ROW, CT_COL, CT_CHGTYPE, CT_REP, ...
    CT_REL, CT_ADD, CT_NEWVAL, CT_TLOAD, CT_TAREALOAD, CT_LOAD_ALL_PQ, ...
    CT_LOAD_FIX_PQ, CT_LOAD_DIS_PQ, CT_LOAD_ALL_P, CT_LOAD_FIX_P, ...
    CT_LOAD_DIS_P, CT_TGENCOST, CT_TAREAGENCOST, CT_MODCOST_F, ...
    CT_MODCOST_X] = idx_ct;

loadprofile = struct( ...
    'type', 'mpcData', ...
    'table', CT_TAREALOAD, ...
    'rows', [1:11], ...
    'col', CT_LOAD_ALL_P, ...
    'chgtype', 1, ...
    'values', [] );
loadprofile.values(:,1,:) = [
	1585.212 1038.3644 1700.6626 596.859 816.6 1131.1047 918.4177 301.5949 539.3896 4626.0014 1817.1104;
	1551.0385 994.0642 1668.4593 586.0 824.9 1108.8355 912.647 289.951 523.498 4490.1834 1751.9256;
	1580.1224 1037.2805 1767.5297 597.548 852.3537 1150.0436 944.7785 293.7288 524.275 4549.3237 1776.1377;
	1659.4 1087.0615 1843.4742 607.0778 898.3581 1223.9693 999.7884 327.207 580.8581 4877.653 1925.7579;
	1794.8562 1190.4676 2019.2874 629.5787 1020.4182 1358.9687 1084.5142 371.5706 650.8704 5472.1782 2173.1549;
	1908.8024 1255.6244 2133.2 644.7457 1108.9382 1445.809 1146.7013 397.5396 729.9232 6085.4132 2318.0505;
	1935.6058 1266.0729 2143.6314 651.6263 1102.1 1433.7162 1161.7046 396.3645 742.874 6479.4559 2329.9886;
	1898.2009 1257.7931 2107.023 651.8222 1051.3488 1418.7309 1191.058 433.2317 755.3541 6613.2275 2366.5432;
	1885.9479 1250.299 2053.2586 658.8615 1067.7679 1423.8398 1176.4142 398.048 766.2031 6671.616 2381.9611;
	1840.2 1244.2112 2066.6944 651.2365 1028.7545 1440.1162 1193.2789 438.9201 763.8245 6769.2279 2356.5609;
	1838.359 1210.9904 2023.8862 637.2527 981.6593 1361.2691 1180.2568 400.8 747.2176 6702.7497 2358.4422;
	1917.6519 1246.2223 2063.0638 638.7805 986.1665 1419.2037 1185.0907 419.3076 732.7671 6700.1264 2347.7438;
	1874.0 1210.3867 2001.4186 629.9385 950.8 1391.2319 1146.9831 392.0912 710.5 6610.7226 2291.3236;
	1843.1159 1196.1 1958.9233 619.3549 924.8704 1405.1029 1111.8719 363.7715 684.0315 6490.0466 2244.3054;
	1827.1627 1201.26 2013.2747 628.3194 939.2314 1429.229 1100.1495 380.4182 697.3066 6549.8221 2283.5327;
	1797.2 1217.5655 2038.4057 624.8288 957.6615 1448.5119 1117.4856 381.221 699.1524 6445.7286 2311.8;
	1816.9401 1238.2 2044.6512 640.5279 963.3518 1494.8023 1174.2498 399.4636 712.8598 6395.5973 2414.4147;
	1904.7196 1281.6 2157.9078 641.3564 1019.0847 1544.2716 1218.8013 430.2646 746.6 6421.6 2551.3056;
	1945.378 1297.7985 2170.8376 640.2 1019.5683 1555.1875 1256.9363 437.3068 772.1062 6444.7778 2669.6118;
	1845.6 1186.1021 2042.6028 633.6301 966.235 1468.4291 1178.6442 406.3566 716.8211 6122.3623 2444.1861;
	1764.2548 1134.8352 1952.571 613.5765 948.6428 1438.4488 1146.7031 394.2448 699.298 5861.7117 2302.0601;
	1676.1437 1067.753 1866.3194 606.3073 888.6874 1340.4945 1054.6084 343.0 618.2549 5602.2223 2133.809;
	1593.2189 1035.7004 1713.7 614.3995 837.7817 1218.0766 972.6812 299.4566 552.5 5274.6558 1911.1;
	1522.1 1003.4 1637.7908 608.7 816.6462 1156.6384 942.8873 299.4299 531.7 5130.5927 1839.8568;
];
