function solarprofile = ex_solar_profilesh1
%EX_WIND_PROFILE_D  Example wind_load_nyiso profile data for deterministic unit commitment.
% 2022.03.12
% Andres F. Ramirez


%% define constants
[GEN_BUS, PG, QG, QMAX, QMIN, VG, MBASE, GEN_STATUS, PMAX, PMIN, ...
    MU_PMAX, MU_PMIN, MU_QMAX, MU_QMIN, PC1, PC2, QC1MIN, QC1MAX, ...
    QC2MIN, QC2MAX, RAMP_AGC, RAMP_10, RAMP_30, RAMP_Q, APF] = idx_gen;
[CT_LABEL, CT_PROB, CT_TABLE, CT_TBUS, CT_TGEN, CT_TBRCH, CT_TAREABUS, ...
    CT_TAREAGEN, CT_TAREABRCH, CT_ROW, CT_COL, CT_CHGTYPE, CT_REP, ...
    CT_REL, CT_ADD, CT_NEWVAL, CT_TLOAD, CT_TAREALOAD, CT_LOAD_ALL_PQ, ...
    CT_LOAD_FIX_PQ, CT_LOAD_DIS_PQ, CT_LOAD_ALL_P, CT_LOAD_FIX_P, ...
    CT_LOAD_DIS_P, CT_TGENCOST, CT_TAREAGENCOST, CT_MODCOST_F, ...
    CT_MODCOST_X] = idx_ct;

solarprofile = struct( ...
    'type', 'mpcData', ...
    'table', CT_TGEN, ...
    'rows', [1:12], ...
    'col', PMAX, ...
    'chgtype', 1, ...
    'values', [] );
solarprofile.values(:,1,:) = [
	0.0 0.0 0.0 0.0 0.0 0.0 0.0 0.0 0.0 0.0 0.0 0.0;
	0.0 0.0 0.0 0.0 0.0 0.0 0.0 0.0 0.0 0.0 0.0 0.0;
	0.0 0.0 0.0 0.0 0.0 0.0 0.0 0.0 0.0 0.0 0.0 0.0;
	0.0 0.0 0.0 0.0 0.0 0.0 0.0 0.0 0.0 0.0 0.0 0.0;
	0.0 0.0 0.0 0.0 0.0 0.0 0.0 0.0 0.0 0.0 0.0 0.0;
	0.2057 0.1829 0.2654 0.0 0.0 0.0 0.0 0.0 0.0 0.0 0.0 0.0;
	5.9979 5.3215 3.8576 1.4149 4.9548 171.2717 21.409 17.7517 61.4131 0.0 22.0472 0.0;
	9.155 13.1277 8.5184 4.4887 10.688 302.8881 37.861 38.897 165.978 58.7432 86.8942 106.3843;
	19.5015 16.6083 13.8 8.4369 11.7997 342.6522 42.8315 48.2413 198.7655 180.1795 134.1796 326.3062;
	26.0905 17.1228 13.985 9.8708 11.1585 300.0355 37.5044 48.4417 177.5407 203.2388 122.2847 368.0667;
	26.1455 16.7335 13.8822 9.4591 10.7351 335.0555 41.8819 49.5284 186.4702 188.0821 139.8883 340.6178;
	25.964 16.5331 13.7863 8.5554 10.3784 312.982 39.1228 48.9371 188.327 201.9441 180.8326 365.7219;
	25.8121 16.5636 13.7855 10.1387 12.5685 339.8036 42.4754 60.6873 215.5424 341.4098 253.2284 618.2951;
	23.0175 16.605 13.7008 9.8038 11.9789 300.8156 37.6019 59.2099 202.8583 337.3664 237.6334 610.9726;
	19.5682 16.6353 11.7479 8.0938 11.1642 263.5877 32.9485 50.7712 186.9723 311.8573 207.7427 564.7755;
	12.6443 10.7287 5.8527 6.3803 12.1674 296.1334 37.0167 21.8853 178.9698 226.1163 155.0233 409.498;
	0.9626 0.7611 0.5587 1.5413 3.5791 70.2292 8.7786 9.8926 48.2444 74.0671 51.4149 134.136;
	0.0 0.0 0.0 0.0 0.0 0.0 0.0 0.0 0.0 0.0 0.0 0.0;
	0.0 0.0 0.0 0.0 0.0 0.0 0.0 0.0 0.0 0.0 0.0 0.0;
	0.0 0.0 0.0 0.0 0.0 0.0 0.0 0.0 0.0 0.0 0.0 0.0;
	0.0 0.0 0.0 0.0 0.0 0.0 0.0 0.0 0.0 0.0 0.0 0.0;
	0.0 0.0 0.0 0.0 0.0 0.0 0.0 0.0 0.0 0.0 0.0 0.0;
	0.0 0.0 0.0 0.0 0.0 0.0 0.0 0.0 0.0 0.0 0.0 0.0;
	0.0 0.0 0.0 0.0 0.0 0.0 0.0 0.0 0.0 0.0 0.0 0.0;
];
