function solarprofile = ex_solar_profilesh1
%EX_WIND_PROFILE_D  Example wind_load_nyiso profile data for deterministic unit commitment.
% 2022.03.12
% Andres F. Ramirez


%% define constants
[GEN_BUS, PG, QG, QMAX, QMIN, VG, MBASE, GEN_STATUS, PMAX, PMIN, ...
    MU_PMAX, MU_PMIN, MU_QMAX, MU_QMIN, PC1, PC2, QC1MIN, QC1MAX, ...
    QC2MIN, QC2MAX, RAMP_AGC, RAMP_10, RAMP_30, RAMP_Q, APF] = idx_gen;
[CT_LABEL, CT_PROB, CT_TABLE, CT_TBUS, CT_TGEN, CT_TBRCH, CT_TAREABUS, ...
    CT_TAREAGEN, CT_TAREABRCH, CT_ROW, CT_COL, CT_CHGTYPE, CT_REP, ...
    CT_REL, CT_ADD, CT_NEWVAL, CT_TLOAD, CT_TAREALOAD, CT_LOAD_ALL_PQ, ...
    CT_LOAD_FIX_PQ, CT_LOAD_DIS_PQ, CT_LOAD_ALL_P, CT_LOAD_FIX_P, ...
    CT_LOAD_DIS_P, CT_TGENCOST, CT_TAREAGENCOST, CT_MODCOST_F, ...
    CT_MODCOST_X] = idx_ct;

solarprofile = struct( ...
    'type', 'mpcData', ...
    'table', CT_TGEN, ...
    'rows', [1:12], ...
    'col', PMAX, ...
    'chgtype', 1, ...
    'values', [] );
solarprofile.values(:,1,:) = [
	0.0 0.0 0.0 0.0 0.0 0.0 0.0 0.0 0.0 0.0 0.0 0.0;
	0.0 0.0 0.0 0.0 0.0 0.0 0.0 0.0 0.0 0.0 0.0 0.0;
	0.0 0.0 0.0 0.0 0.0 0.0 0.0 0.0 0.0 0.0 0.0 0.0;
	0.0 0.0 0.0 0.0 0.0 0.0 0.0 0.0 0.0 0.0 0.0 0.0;
	0.0 0.0 0.0 0.0 0.0 0.0 0.0 0.0 0.0 0.0 0.0 0.0;
	0.1575 0.1621 0.24 0.0 0.0 0.0 0.0 0.0 0.0 0.0 0.0 0.0;
	6.8661 1.735 2.1634 0.8125 1.6377 26.8211 3.3526 38.1536 25.6207 32.2019 22.7166 58.3178;
	11.5056 7.4999 8.966 2.0885 5.3184 36.8993 4.6124 32.0608 46.1734 117.2773 98.5599 212.3899;
	19.6037 16.3398 13.8 3.5612 6.6018 53.653 6.7066 36.564 46.8417 194.5999 155.8512 352.4215;
	25.7183 16.549 14.0308 4.3695 5.1442 100.163 12.5204 46.9966 26.9835 222.0684 160.9391 402.1673;
	26.11 16.6463 13.9818 3.36 6.416 89.7574 11.2197 40.0108 18.5664 254.8421 162.7431 461.5206;
	26.0034 16.5466 13.8342 3.5349 7.5449 71.9312 8.9914 19.0747 20.4201 270.8852 146.0248 490.5747;
	25.7376 16.5546 13.7855 10.0873 11.9908 278.5979 34.8247 34.9959 168.0355 343.4265 234.6255 621.9475;
	21.9169 16.3881 13.7008 11.2661 11.4077 351.5248 43.9406 55.3104 202.3426 339.0447 218.2123 614.0121;
	16.4343 14.2728 11.6453 11.1812 9.943 371.6354 46.4544 65.1744 210.6624 312.6949 175.2535 566.2923;
	8.81 7.26 5.8209 9.4991 11.1614 413.8554 51.7319 75.3781 217.9564 223.3678 126.8958 404.5204;
	0.9382 0.777 0.565 1.585 3.6241 74.627 9.3284 13.4459 42.295 66.5772 38.5474 120.5717;
	0.0 0.0 0.0 0.0 0.0 0.0 0.0 0.0 0.0 0.0 0.0 0.0;
	0.0 0.0 0.0 0.0 0.0 0.0 0.0 0.0 0.0 0.0 0.0 0.0;
	0.0 0.0 0.0 0.0 0.0 0.0 0.0 0.0 0.0 0.0 0.0 0.0;
	0.0 0.0 0.0 0.0 0.0 0.0 0.0 0.0 0.0 0.0 0.0 0.0;
	0.0 0.0 0.0 0.0 0.0 0.0 0.0 0.0 0.0 0.0 0.0 0.0;
	0.0 0.0 0.0 0.0 0.0 0.0 0.0 0.0 0.0 0.0 0.0 0.0;
	0.0 0.0 0.0 0.0 0.0 0.0 0.0 0.0 0.0 0.0 0.0 0.0;
];
