function solarprofile = ex_solar_profilesh1
%EX_WIND_PROFILE_D  Example wind_load_nyiso profile data for deterministic unit commitment.
% 2022.03.12
% Andres F. Ramirez


%% define constants
[GEN_BUS, PG, QG, QMAX, QMIN, VG, MBASE, GEN_STATUS, PMAX, PMIN, ...
    MU_PMAX, MU_PMIN, MU_QMAX, MU_QMIN, PC1, PC2, QC1MIN, QC1MAX, ...
    QC2MIN, QC2MAX, RAMP_AGC, RAMP_10, RAMP_30, RAMP_Q, APF] = idx_gen;
[CT_LABEL, CT_PROB, CT_TABLE, CT_TBUS, CT_TGEN, CT_TBRCH, CT_TAREABUS, ...
    CT_TAREAGEN, CT_TAREABRCH, CT_ROW, CT_COL, CT_CHGTYPE, CT_REP, ...
    CT_REL, CT_ADD, CT_NEWVAL, CT_TLOAD, CT_TAREALOAD, CT_LOAD_ALL_PQ, ...
    CT_LOAD_FIX_PQ, CT_LOAD_DIS_PQ, CT_LOAD_ALL_P, CT_LOAD_FIX_P, ...
    CT_LOAD_DIS_P, CT_TGENCOST, CT_TAREAGENCOST, CT_MODCOST_F, ...
    CT_MODCOST_X] = idx_ct;

solarprofile = struct( ...
    'type', 'mpcData', ...
    'table', CT_TGEN, ...
    'rows', [1:12], ...
    'col', PMAX, ...
    'chgtype', 1, ...
    'values', [] );
solarprofile.values(:,1,:) = [
	0.0 0.0 0.0 0.0 0.0 0.0 0.0 0.0 0.0 0.0 0.0 0.0;
	0.0 0.0 0.0 0.0 0.0 0.0 0.0 0.0 0.0 0.0 0.0 0.0;
	0.0 0.0 0.0 0.0 0.0 0.0 0.0 0.0 0.0 0.0 0.0 0.0;
	0.0 0.0 0.0 0.0 0.0 0.0 0.0 0.0 0.0 0.0 0.0 0.0;
	0.0 0.0 0.0 0.0 0.0 0.0 0.0 0.0 0.0 0.0 0.0 0.0;
	0.1575 0.1621 0.24 0.0 0.0 0.0 0.0 0.0 0.0 0.0 0.0 0.0;
	13.1047 7.3992 6.1616 0.605 0.8609 124.7471 15.5934 24.1011 103.4682 33.692 21.3337 61.0164;
	17.2665 12.2187 11.0825 0.5751 1.2525 215.5104 26.9388 26.4439 120.8727 116.9735 47.9502 211.8397;
	19.7853 15.9512 13.6493 1.0403 1.4561 229.9119 28.739 30.9964 126.3761 212.5578 120.178 384.9434;
	21.5135 16.1298 12.8014 2.5985 0.8145 99.8958 12.487 33.9498 108.7416 275.8356 154.9142 499.5399;
	21.7765 16.2116 12.2417 3.5658 0.6453 123.1179 15.3897 39.9334 117.0678 271.3159 82.3634 491.3547;
	21.6487 15.7431 11.701 4.4084 1.5398 85.2775 10.6597 38.3617 88.031 261.4058 32.1893 473.4074;
	22.105 14.8359 12.5054 7.2242 9.453 80.5089 10.0636 44.9393 51.8677 341.4098 70.1403 618.2951;
	20.1386 15.3037 13.2347 7.3198 9.1144 78.5467 9.8183 43.7495 46.6356 336.3715 121.4008 609.1709;
	17.0604 11.6806 10.79 5.4809 6.8736 63.0967 7.8871 42.1601 77.0514 287.4856 59.9506 520.6382;
	9.8675 7.1732 6.0918 5.3044 3.695 159.9029 19.9879 42.2712 176.3317 180.2506 15.9163 326.435;
	0.9671 0.7831 0.5945 1.5809 3.2648 65.544 8.193 10.6429 41.8921 64.9907 34.6963 117.6986;
	0.0 0.0 0.0 0.0 0.0 0.0 0.0 0.0 0.0 0.0 0.0 0.0;
	0.0 0.0 0.0 0.0 0.0 0.0 0.0 0.0 0.0 0.0 0.0 0.0;
	0.0 0.0 0.0 0.0 0.0 0.0 0.0 0.0 0.0 0.0 0.0 0.0;
	0.0 0.0 0.0 0.0 0.0 0.0 0.0 0.0 0.0 0.0 0.0 0.0;
	0.0 0.0 0.0 0.0 0.0 0.0 0.0 0.0 0.0 0.0 0.0 0.0;
	0.0 0.0 0.0 0.0 0.0 0.0 0.0 0.0 0.0 0.0 0.0 0.0;
	0.0 0.0 0.0 0.0 0.0 0.0 0.0 0.0 0.0 0.0 0.0 0.0;
];
