function windprofile = ex_wind_profilesh1
%EX_WIND_PROFILE_D  Example wind_load_nyiso profile data for deterministic unit commitment.
% 2022.03.12
% Andres F. Ramirez


%% define constants
[GEN_BUS, PG, QG, QMAX, QMIN, VG, MBASE, GEN_STATUS, PMAX, PMIN, ...
    MU_PMAX, MU_PMIN, MU_QMAX, MU_QMIN, PC1, PC2, QC1MIN, QC1MAX, ...
    QC2MIN, QC2MAX, RAMP_AGC, RAMP_10, RAMP_30, RAMP_Q, APF] = idx_gen;
[CT_LABEL, CT_PROB, CT_TABLE, CT_TBUS, CT_TGEN, CT_TBRCH, CT_TAREABUS, ...
    CT_TAREAGEN, CT_TAREABRCH, CT_ROW, CT_COL, CT_CHGTYPE, CT_REP, ...
    CT_REL, CT_ADD, CT_NEWVAL, CT_TLOAD, CT_TAREALOAD, CT_LOAD_ALL_PQ, ...
    CT_LOAD_FIX_PQ, CT_LOAD_DIS_PQ, CT_LOAD_ALL_P, CT_LOAD_FIX_P, ...
    CT_LOAD_DIS_P, CT_TGENCOST, CT_TAREAGENCOST, CT_MODCOST_F, ...
    CT_MODCOST_X] = idx_ct;

windprofile = struct( ...
    'type', 'mpcData', ...
    'table', CT_TGEN, ...
    'rows', [1:45], ...
    'col', PMAX, ...
    'chgtype', 1, ...
    'values', [] );
windprofile.values(:,1,:) = [
	3.6504 49.3253 88.5021 102.8221 14.7895 32.1483 25.9315 8.2122 26.7716 27.6578 51.125 76.2684 114.8217 62.1212 186.6816 70.3312 87.2628 92.4725 85.095 67.313 8.6438 75.0126 70.4651 80.7927 86.7982 54.6271 6.9981 1078.1004 748.9875 748.9875 644.7172 105.4363 283.6499 173.2638 194.7582 319.568 994.2096 247.773 434.0154 232.4953 115.0343 356.6315 198.9073 237.6474 1004.566;
	3.7082 50.1064 86.2043 102.9845 14.2906 32.0228 27.8156 8.8006 27.4956 26.0772 48.2033 71.9098 108.2598 63.2113 189.7469 71.486 88.6956 93.9909 87.1635 64.8759 9.2719 74.7199 70.7034 77.24 89.2157 56.7752 7.3737 1114.4979 776.8661 776.8661 730.1794 111.0738 290.5451 166.9908 198.176 331.4629 1137.1959 268.1888 452.9627 238.9708 117.515 355.2395 206.2407 243.2923 1149.0416;
	3.6976 49.9621 86.2509 95.5597 14.4669 32.5358 26.3375 9.2774 27.9152 28.6872 53.0279 79.1072 119.0954 61.4197 194.5138 73.282 90.9239 96.3522 88.8796 67.9378 8.7792 75.9169 72.4593 83.2202 80.2549 59.0023 8.5233 1142.1439 791.3111 791.3111 740.1243 110.8571 296.2652 174.8722 192.5592 337.6261 1088.6612 270.6299 450.8167 214.9686 114.6049 360.9304 197.7369 247.9664 1100.0014;
	3.7106 50.1387 83.5715 100.3023 14.4002 32.7373 23.6983 10.367 27.7107 27.5427 50.9122 75.951 114.3439 62.5168 188.154 70.8859 87.951 93.2018 85.3228 67.3664 7.8994 76.3871 70.3461 85.6548 82.3497 53.1684 8.0069 1156.4403 811.6744 811.6744 753.0648 113.5169 284.4093 173.4012 195.9986 346.3144 1162.053 283.7972 451.8392 220.5795 109.4763 363.166 202.1559 239.7449 1174.1577;
	3.5571 48.0638 80.6236 84.8042 14.1859 31.3709 19.1216 8.8304 24.3116 27.2794 50.4256 75.2251 113.251 62.3984 188.8797 71.1593 88.2903 93.5613 85.7076 69.8509 6.3739 73.1987 70.7205 85.607 71.363 50.891 7.5931 1160.7463 808.4025 808.4025 756.0033 110.4094 285.6921 179.7963 195.6274 344.9184 1145.9998 279.0212 412.1031 191.1508 110.3489 348.0073 201.1698 222.5131 1157.9373;
	3.3417 45.1539 77.9977 78.7692 14.3215 28.7096 17.2715 6.4327 23.8799 27.008 49.9238 74.4765 112.124 56.8685 182.5207 68.7636 85.3178 90.4114 85.2601 66.7974 5.7572 66.9891 67.6993 84.6905 56.1947 34.8276 5.7259 1134.8645 740.678 740.678 685.9627 98.0835 284.2003 171.9367 178.2905 316.0226 1129.4313 242.6309 359.4317 150.5215 100.5919 318.4854 183.3637 175.5493 1141.1962;
	2.9489 39.8467 69.7999 65.7492 14.5053 27.6554 14.3657 5.3448 18.7911 27.2614 50.3923 75.1754 113.1762 61.7164 189.9487 71.5621 88.79 94.0909 87.8537 67.383 4.7886 64.5294 70.5015 80.0939 50.2827 22.5602 4.8066 1114.7489 700.1143 700.1143 551.8829 63.8585 292.8458 173.4439 193.4893 298.7154 1089.7468 203.9527 290.2474 134.6858 83.9789 306.7911 157.885 133.9557 1101.0983;
	3.4298 46.3445 71.9296 73.7742 14.6698 28.7338 15.3533 6.0804 17.4982 23.1976 42.8803 63.969 96.305 64.4656 188.8957 71.1654 88.2978 93.5693 90.5291 64.7753 5.1178 67.0456 58.1548 85.4458 64.0824 21.7135 4.5635 1187.9326 692.7725 692.7725 588.7759 63.0255 301.7636 166.7318 202.1082 295.583 1102.7973 196.7294 256.5798 171.6494 87.3106 318.754 154.347 150.8045 1114.2848;
	2.7893 37.69 57.9773 64.2357 14.3888 23.4306 15.1331 4.1615 21.6287 21.4131 39.5817 59.0481 88.8966 66.6243 183.3817 69.088 85.7203 90.8379 86.6403 66.3328 5.0444 54.6714 51.5338 82.2783 57.9966 15.0498 3.1705 1178.1399 777.4304 777.4304 672.124 88.7584 288.8011 170.7407 208.8761 331.7037 1128.3153 229.4248 251.7587 155.3479 60.2729 259.9235 143.5737 150.0079 1140.0686;
	2.7715 37.4491 50.5473 61.1586 15.1379 19.1438 20.3817 2.1052 23.5521 20.6737 38.215 57.0092 85.827 68.6689 179.5136 67.6307 83.9122 88.9218 90.3841 69.735 6.7939 44.6688 48.1752 73.909 36.4674 6.392 1.516 1092.6663 796.7391 796.7391 669.8373 111.0168 301.2803 179.4981 215.2864 339.942 1155.1153 219.631 381.7877 97.6805 44.6482 212.3682 136.0804 122.1122 1167.1478;
	2.1631 29.2289 34.7584 43.1176 13.7264 13.5487 20.287 1.025 21.661 17.615 32.5611 48.5748 73.1291 69.3087 167.6673 63.1677 78.3747 83.0538 88.0139 71.318 6.7623 31.6137 37.0501 52.3456 23.0577 5.7931 4.1837 1159.3667 799.3703 799.3703 709.5 107.5279 293.3798 183.5728 217.2921 341.0646 1128.2082 222.8928 431.4856 61.7618 37.5588 150.3006 89.855 84.4279 1139.9604;
	1.482 20.0246 27.4326 26.6627 10.0156 10.0036 20.5523 0.7239 19.3303 17.9108 33.1079 49.3905 74.3571 69.0658 177.7513 66.9668 83.0884 88.0489 87.3932 69.9252 6.8508 23.3418 45.0339 39.5829 18.6738 6.796 1.6564 1047.9575 707.5127 707.5127 622.5681 108.4105 291.3106 179.9877 216.5307 301.8721 1054.413 189.9113 423.3965 50.0191 28.6238 110.9737 66.3506 72.6952 1065.3965;
	1.0002 13.5149 23.6116 25.0803 8.6175 6.9736 18.9703 0.5941 17.6292 15.148 28.0008 41.7717 62.8871 66.8141 177.2631 66.7828 82.8602 87.8071 87.6136 69.6073 6.3234 16.2716 43.4445 30.9584 19.1335 7.9791 2.3219 893.4994 676.7074 676.7074 569.0399 102.197 292.0453 179.1693 209.4712 288.7285 965.4766 206.2647 430.6552 51.2504 28.8186 77.36 47.2708 47.72 975.5337;
	0.847 11.4446 21.762 32.671 7.9367 8.5062 13.9402 0.3369 14.9238 19.5523 36.1422 53.917 81.1718 65.7533 189.6947 71.4664 88.6712 93.965 87.4998 71.7816 4.6467 19.8478 55.3068 32.0225 20.5188 7.9368 3.4164 903.3222 658.8267 658.8267 615.82 92.2635 291.6659 184.766 206.1454 281.0994 826.5239 206.8232 408.827 54.9611 28.729 94.3623 40.1039 50.1086 835.1335;
	0.9266 12.5206 22.5761 27.1743 6.8951 8.5205 11.4873 0.9234 14.8864 17.0715 31.5564 47.0759 70.8726 65.1587 181.8073 68.4948 84.9843 90.058 75.6656 70.5519 3.8291 19.8813 57.3452 46.8907 22.585 5.685 3.4246 816.3687 601.6445 601.6445 551.8003 85.4756 252.2186 181.6007 204.2812 256.7016 743.875 193.9313 325.8453 60.4956 30.377 94.5213 38.6798 48.6995 751.6237;
	0.9159 12.3765 17.896 31.9999 7.9776 3.1416 6.244 1.0908 10.7722 15.1881 28.075 41.8824 63.0537 67.3597 177.1437 66.7378 82.8044 87.7479 79.5186 69.0838 2.0813 7.3303 53.8551 44.8524 24.2409 4.0647 2.348 835.5934 516.9878 516.9878 495.5951 82.612 265.062 177.822 211.1819 220.5814 615.156 184.1427 237.6644 64.9309 31.298 34.8504 10.644 18.7525 621.5639;
	0.4476 6.0485 3.3432 26.0825 7.3709 2.8947 3.762 0.361 12.8994 16.8125 31.0777 46.3617 69.7974 64.106 177.1584 66.7434 82.8113 87.7552 80.7416 65.785 1.254 6.7543 52.4006 39.352 16.361 4.1548 1.7037 779.5766 493.2754 493.2754 495.1969 74.6956 269.1385 169.3308 200.9809 210.4642 706.9467 184.1056 225.4792 43.8241 36.728 32.112 10.9587 2.307 714.3108;
	1.0141 13.7022 5.1187 88.0757 3.3309 4.1029 2.4555 2.3903 10.566 19.7232 36.4581 54.3883 81.8813 65.3067 140.4291 52.9058 65.6424 69.5614 76.7055 56.1938 0.8185 9.5734 68.7758 34.5132 17.15 4.2334 1.6912 757.5181 521.1517 521.1517 527.8028 85.286 255.6849 144.6431 204.7452 222.358 732.535 201.1154 320.4814 45.9374 79.0976 45.5146 11.5488 29.8443 740.1656;
	0.548 7.404 26.9569 43.9941 11.3354 5.3419 1.8833 2.1659 0.5999 20.823 38.491 57.421 86.447 66.2886 126.1349 47.5206 58.9607 62.4808 9.4356 62.6056 0.6278 12.4645 68.1363 46.8796 25.1454 7.2176 2.0812 775.0179 503.7382 503.7382 545.062 80.3501 31.4521 161.147 207.8238 214.9283 689.891 185.4547 330.9147 67.3539 93.8453 59.2599 66.5177 93.7798 697.0774;
