function solarprofile = ex_solar_profilesh1
%EX_WIND_PROFILE_D  Example wind_load_nyiso profile data for deterministic unit commitment.
% 2022.03.12
% Andres F. Ramirez


%% define constants
[GEN_BUS, PG, QG, QMAX, QMIN, VG, MBASE, GEN_STATUS, PMAX, PMIN, ...
    MU_PMAX, MU_PMIN, MU_QMAX, MU_QMIN, PC1, PC2, QC1MIN, QC1MAX, ...
    QC2MIN, QC2MAX, RAMP_AGC, RAMP_10, RAMP_30, RAMP_Q, APF] = idx_gen;
[CT_LABEL, CT_PROB, CT_TABLE, CT_TBUS, CT_TGEN, CT_TBRCH, CT_TAREABUS, ...
    CT_TAREAGEN, CT_TAREABRCH, CT_ROW, CT_COL, CT_CHGTYPE, CT_REP, ...
    CT_REL, CT_ADD, CT_NEWVAL, CT_TLOAD, CT_TAREALOAD, CT_LOAD_ALL_PQ, ...
    CT_LOAD_FIX_PQ, CT_LOAD_DIS_PQ, CT_LOAD_ALL_P, CT_LOAD_FIX_P, ...
    CT_LOAD_DIS_P, CT_TGENCOST, CT_TAREAGENCOST, CT_MODCOST_F, ...
    CT_MODCOST_X] = idx_ct;

solarprofile = struct( ...
    'type', 'mpcData', ...
    'table', CT_TGEN, ...
    'rows', [1:12], ...
    'col', PMAX, ...
    'chgtype', 1, ...
    'values', [] );
solarprofile.values(:,1,:) = [
	0.0 0.0 0.0 0.0 0.0 0.0 0.0 0.0 0.0 0.0 0.0 0.0;
	0.0 0.0 0.0 0.0 0.0 0.0 0.0 0.0 0.0 0.0 0.0 0.0;
	0.0 0.0 0.0 0.0 0.0 0.0 0.0 0.0 0.0 0.0 0.0 0.0;
	0.0 0.0 0.0 0.0 0.0 0.0 0.0 0.0 0.0 0.0 0.0 0.0;
	0.0 0.0 0.0 0.0 0.0 0.0 0.0 0.0 0.0 0.0 0.0 0.0;
	0.1687 0.1891 0.2433 0.0 0.0 0.0 0.0 0.0 0.0 0.0 0.0 0.0;
	2.9375 1.9197 1.5541 3.3787 1.4548 21.6836 2.7104 8.5211 11.8851 54.472 23.4018 98.6491;
	11.6289 10.872 10.7055 9.6008 5.1656 95.9348 11.9918 14.0467 46.0035 213.6857 217.3828 386.9862;
	20.4541 16.6042 13.8 10.7012 7.4419 202.1779 25.2722 26.7333 87.0644 277.4157 245.9758 502.4016;
	23.1694 15.2549 13.7624 9.0758 6.0529 197.3371 24.6671 37.8157 95.1504 239.5958 179.2244 433.9094;
	25.7889 15.6534 13.7859 6.2227 4.1442 259.261 32.4076 43.0279 117.8128 251.0513 209.6869 454.6553;
	25.964 16.3352 13.8127 5.0396 3.2718 284.7291 35.5911 45.0046 141.6253 250.224 230.5617 453.1572;
	25.8343 16.4485 13.7924 9.8694 9.5334 373.3427 46.6678 62.488 202.7725 338.2018 248.3627 612.4855;
	20.8072 15.8196 13.7008 10.4788 10.4329 367.4465 45.9308 62.2289 198.3269 333.4576 216.794 603.8938;
	11.6293 8.6645 10.5702 8.9798 10.6348 333.5926 41.6991 57.3667 184.7697 277.0679 150.8152 501.7717;
	5.8471 2.9315 4.5366 6.4772 13.174 279.024 34.878 39.1124 175.0712 235.7504 119.4541 426.9455;
	1.3544 1.1666 1.0404 1.552 4.1919 69.1302 8.6413 10.1773 48.5428 76.2 54.681 137.9987;
	0.0 0.0 0.0 0.0 0.0 0.0 0.0 0.0 0.0 0.0 0.0 0.0;
	0.0 0.0 0.0 0.0 0.0 0.0 0.0 0.0 0.0 0.0 0.0 0.0;
	0.0 0.0 0.0 0.0 0.0 0.0 0.0 0.0 0.0 0.0 0.0 0.0;
	0.0 0.0 0.0 0.0 0.0 0.0 0.0 0.0 0.0 0.0 0.0 0.0;
	0.0 0.0 0.0 0.0 0.0 0.0 0.0 0.0 0.0 0.0 0.0 0.0;
	0.0 0.0 0.0 0.0 0.0 0.0 0.0 0.0 0.0 0.0 0.0 0.0;
	0.0 0.0 0.0 0.0 0.0 0.0 0.0 0.0 0.0 0.0 0.0 0.0;
];
