function windprofile = ex_wind_profilesh1
%EX_WIND_PROFILE_D  Example wind_load_nyiso profile data for deterministic unit commitment.
% 2022.03.12
% Andres F. Ramirez


%% define constants
[GEN_BUS, PG, QG, QMAX, QMIN, VG, MBASE, GEN_STATUS, PMAX, PMIN, ...
    MU_PMAX, MU_PMIN, MU_QMAX, MU_QMIN, PC1, PC2, QC1MIN, QC1MAX, ...
    QC2MIN, QC2MAX, RAMP_AGC, RAMP_10, RAMP_30, RAMP_Q, APF] = idx_gen;
[CT_LABEL, CT_PROB, CT_TABLE, CT_TBUS, CT_TGEN, CT_TBRCH, CT_TAREABUS, ...
    CT_TAREAGEN, CT_TAREABRCH, CT_ROW, CT_COL, CT_CHGTYPE, CT_REP, ...
    CT_REL, CT_ADD, CT_NEWVAL, CT_TLOAD, CT_TAREALOAD, CT_LOAD_ALL_PQ, ...
    CT_LOAD_FIX_PQ, CT_LOAD_DIS_PQ, CT_LOAD_ALL_P, CT_LOAD_FIX_P, ...
    CT_LOAD_DIS_P, CT_TGENCOST, CT_TAREAGENCOST, CT_MODCOST_F, ...
    CT_MODCOST_X] = idx_ct;

windprofile = struct( ...
    'type', 'mpcData', ...
    'table', CT_TGEN, ...
    'rows', [1:45], ...
    'col', PMAX, ...
    'chgtype', 1, ...
    'values', [] );
windprofile.values(:,1,:) = [
	3.6149 48.8455 83.4912 104.9126 14.6831 30.9454 29.0365 10.5994 26.9816 26.3484 48.7047 72.6578 109.386 68.9466 181.6136 68.4219 84.8938 89.9621 80.5046 67.7918 9.6788 72.2058 64.426 82.0753 87.6701 58.7613 8.2937 1196.3233 802.4431 802.4431 756.7974 122.5148 268.3486 174.4963 216.1569 342.3757 1124.4672 310.8305 474.6363 234.8306 113.3157 343.2872 192.1287 231.3295 1136.1804;
	3.6751 49.6581 82.9195 101.5462 14.4647 30.122 28.6134 10.557 27.1542 25.4296 47.0063 70.1241 105.5714 69.0734 182.2628 68.6665 85.1973 90.2837 81.34 68.4529 9.5378 70.2848 68.4418 84.173 91.0005 56.8899 7.5383 1226.2982 828.9135 828.9135 789.0769 123.0708 271.1334 176.1978 216.5545 353.6698 1224.046 299.292 467.2683 243.7513 113.2831 334.1539 198.4491 237.1155 1236.7965;
	3.7321 50.4289 87.3602 97.1993 14.6718 31.7093 25.6494 9.8283 26.733 24.6026 45.4776 67.8436 102.1382 69.4273 186.3679 70.213 87.1162 92.3171 85.4013 69.3753 8.5498 73.9883 62.7814 87.4054 82.5167 57.9117 8.2897 1185.3134 835.5137 835.5137 756.2017 119.9371 284.6711 178.5722 217.6641 356.4858 1192.67 278.4891 472.5886 221.0268 114.1644 351.7614 186.5228 256.2322 1205.0936;
	3.7578 50.7767 86.0348 98.0881 15.1572 31.7102 21.9369 10.0786 26.4391 24.5337 45.3502 67.6535 101.852 68.595 182.7987 68.8683 85.4478 90.5491 83.8361 68.9631 7.3123 73.9904 63.6784 88.313 76.0499 54.0548 7.5748 1149.3113 825.0024 825.0024 741.4037 120.2596 279.4536 177.5113 215.0547 352.001 1180.8908 277.1849 433.9372 203.7052 109.0272 351.7714 190.5547 256.5275 1193.1917;
	3.7032 50.0387 85.1941 83.7286 15.1412 32.2386 19.174 8.4672 24.0364 25.7607 47.6182 71.037 106.9458 66.8196 181.4074 68.3442 84.7974 89.8599 83.8328 68.2436 6.3913 75.2234 68.8606 88.6094 63.7011 48.6968 7.0886 1157.7607 795.1801 795.1801 705.0155 112.9787 279.4428 175.6591 209.4884 339.2768 1104.1171 259.2479 392.7747 170.628 110.0341 357.6335 192.9326 231.2873 1115.6183;
	3.7096 50.1242 84.3052 78.736 14.9273 31.3622 17.3134 6.5802 25.1804 27.2529 50.3766 75.152 113.1409 65.7532 174.0141 65.5588 81.3415 86.1977 84.1148 67.6325 5.7711 73.1785 68.8616 86.4645 51.5899 34.9528 5.5872 1187.7774 765.6897 765.6897 638.1944 101.4134 280.3826 174.0863 206.1451 326.6943 1146.6427 218.5988 376.8546 138.1871 101.8004 347.9113 185.1599 193.2703 1158.5869;
	3.295 44.5232 73.8273 63.9522 14.3482 29.6898 14.6417 5.4819 18.9139 25.2011 46.5838 69.4939 104.6227 64.6735 175.6333 66.1688 82.0984 86.9997 85.8071 66.535 4.8806 69.2761 68.2562 84.1987 47.6797 26.1763 4.4367 1177.4675 697.1895 697.1895 542.1497 67.1036 286.0236 171.2614 202.7602 297.4675 1057.5627 196.8186 287.1356 127.7134 81.799 329.3584 154.3872 138.9698 1068.5789;
	3.3697 45.5321 69.6352 69.8975 14.5207 28.7077 14.4819 5.5395 14.1217 19.3406 35.7508 53.3332 80.2928 66.1013 173.0833 65.2081 80.9064 85.7366 85.9503 64.6852 4.8273 66.9847 55.6357 85.542 57.5401 18.9525 3.7013 1201.3197 677.8262 677.8262 589.0679 68.0679 286.501 166.4998 207.2365 289.2058 1037.4045 196.5769 234.1524 154.1251 84.3824 318.4645 139.6598 146.8332 1048.2108;
	2.7686 37.4102 59.123 64.1105 14.0171 23.5401 12.8721 3.675 18.3759 11.4906 21.2401 31.6861 47.7033 66.4772 160.0745 60.3071 74.8255 79.2927 85.5694 57.7851 4.2907 54.9269 45.9397 85.7921 56.6442 14.0053 2.427 1192.8664 775.6715 775.6715 721.4992 92.9521 285.2314 148.7389 208.415 330.9532 1065.1528 239.2242 225.7382 151.7255 51.8304 261.1379 123.8336 163.378 1076.2481;
	2.3036 31.1271 46.8996 55.4222 13.9842 18.2216 17.8565 1.7287 20.2142 7.639 14.1206 21.0651 31.7134 65.2738 165.1605 62.2233 77.2029 81.8121 85.7099 64.9324 5.9522 42.517 42.6329 67.9968 26.2756 4.744 0.6039 1077.6033 774.5366 774.5366 740.5266 104.8886 285.6996 167.1362 204.6423 330.4689 1093.892 233.8825 334.004 70.381 40.501 202.1381 118.6078 122.5341 1105.2867;
	1.9072 25.7703 36.1641 42.298 13.3114 14.0368 16.8096 1.1498 18.3756 4.4055 8.1435 12.1485 18.2896 66.2953 150.2999 56.6246 70.2565 74.4509 85.136 66.7046 5.6032 32.7524 34.2248 53.88 21.7267 5.0587 0.6431 1137.1879 790.0257 790.0257 764.4158 102.3211 283.7866 171.6977 207.8448 337.0776 1102.605 242.3504 362.7358 58.1965 35.6874 155.7145 84.9682 98.7899 1114.0905;
	1.4099 19.0512 28.057 26.0492 10.2994 10.7637 17.6092 1.0953 17.0923 14.087 26.0396 38.846 58.4824 67.7386 159.8246 60.213 74.7087 79.1689 85.321 68.2855 5.8697 25.1154 44.8169 38.3976 16.8488 5.2955 0.833 1039.5683 738.8974 738.8974 753.0576 105.4682 284.4033 175.767 212.3697 315.2629 1027.9381 219.2548 369.701 45.1307 24.5492 119.4056 65.7445 76.6153 1038.6458;
	1.0569 14.2807 28.7219 28.0849 9.9168 8.3746 18.3316 2.5656 15.6143 13.5834 25.1087 37.4572 56.3916 67.6419 175.4816 66.1117 82.0274 86.9246 87.14 70.442 6.1105 19.5408 45.0701 39.9235 24.3212 11.9614 2.748 972.7681 781.7916 781.7916 732.5555 100.56 290.4666 181.3179 212.0664 333.5644 1036.4288 227.4618 434.1441 65.1461 26.9299 92.9024 56.3457 65.9082 1047.2249;
	0.736 9.9449 24.7796 33.6075 8.4106 7.816 12.0864 3.0978 13.5767 17.1881 31.7719 47.3974 71.3565 65.3504 181.3633 68.3276 84.7768 89.8381 88.6738 68.4827 4.0288 18.2373 57.2144 43.0315 28.1487 13.1613 3.8561 923.1207 726.8054 726.8054 701.9583 97.6765 295.5794 176.2746 204.8822 310.1036 875.0474 219.8529 392.096 75.3983 29.1864 86.7055 36.8318 65.9551 884.1625;
	0.8425 11.3842 26.2013 25.8525 7.1192 8.1968 11.3215 2.4383 13.2962 15.8961 29.3838 43.8348 65.993 66.0436 174.3677 65.692 81.5068 86.3728 82.8021 69.8979 3.7738 19.1258 59.8334 53.1908 28.6388 7.7963 3.8066 837.4882 665.6422 665.6422 627.484 81.617 276.007 179.9173 207.0556 284.0073 807.2796 201.9828 341.6186 76.7111 30.2715 90.9295 34.4579 66.932 815.6887;
	0.9486 12.8178 20.9707 31.5597 8.2934 5.7741 5.9904 1.7839 10.1726 13.9514 25.7889 38.472 57.9193 64.5202 167.1608 62.9769 78.138 82.8029 80.1395 67.694 1.9968 13.4728 58.5711 47.6456 26.1969 5.2293 2.6287 838.6284 547.3787 547.3787 535.3698 74.7204 267.1315 174.2446 202.2794 233.5483 633.3577 188.1985 234.4549 70.1702 26.739 64.0535 3.7176 41.7654 639.9551;
	0.5469 7.3899 50.8411 77.2568 6.9454 5.4187 4.5072 14.4117 12.4019 15.7689 29.1485 43.4838 65.4646 63.9836 182.4776 68.7474 85.2977 90.3901 86.1057 67.131 1.5024 12.6437 59.0424 44.9002 18.0699 23.1313 2.1116 799.7498 548.8463 548.8463 603.0839 76.303 287.0189 172.7954 200.5972 234.1744 765.7908 201.4569 240.3281 48.4014 36.0505 60.1119 6.5399 217.426 773.7678;
	1.1213 15.1511 28.1994 84.0002 2.6522 5.6746 2.8776 10.7615 2.9614 18.8408 34.8269 51.9548 78.2177 64.3974 136.4184 51.3948 63.7677 67.5747 86.5414 53.8592 0.9592 13.2407 73.1635 44.0707 19.2522 5.9703 2.0829 745.9847 563.2665 563.2665 589.7308 85.8511 288.4713 138.6336 201.8944 240.327 781.0435 202.5448 352.8281 51.5683 80.44 62.9499 0.8681 199.1717 789.1794;
