function loadprofile = ex_load_profilesh1
%EX_LOAD_PROFILE  Example load profile data file for stochastic unit commitment.
% 2022.03.12
% Andres F. Ramirez

%% define constants
[CT_LABEL, CT_PROB, CT_TABLE, CT_TBUS, CT_TGEN, CT_TBRCH, CT_TAREABUS, ...
    CT_TAREAGEN, CT_TAREABRCH, CT_ROW, CT_COL, CT_CHGTYPE, CT_REP, ...
    CT_REL, CT_ADD, CT_NEWVAL, CT_TLOAD, CT_TAREALOAD, CT_LOAD_ALL_PQ, ...
    CT_LOAD_FIX_PQ, CT_LOAD_DIS_PQ, CT_LOAD_ALL_P, CT_LOAD_FIX_P, ...
    CT_LOAD_DIS_P, CT_TGENCOST, CT_TAREAGENCOST, CT_MODCOST_F, ...
    CT_MODCOST_X] = idx_ct;

loadprofile = struct( ...
    'type', 'mpcData', ...
    'table', CT_TAREALOAD, ...
    'rows', [1:11], ...
    'col', CT_LOAD_ALL_P, ...
    'chgtype', 1, ...
    'values', [] );
loadprofile.values(:,1,:) = [
	1504.6574 976.3 1645.9846 584.8444 777.1892 1159.8865 951.6143 259.3649 593.3519 4619.8505 2054.5775;
	1501.3619 990.1685 1644.0 585.2818 777.3305 1154.1587 923.914 260.1442 573.2877 4539.062 1992.3281;
	1527.8203 1011.0894 1687.2965 599.1 792.4432 1182.1262 942.5686 275.8715 589.8074 4573.3604 1958.1906;
	1571.922 1075.0946 1789.5763 612.4364 859.1056 1222.1394 970.4 291.633 592.1691 4812.212 2021.2384;
	1771.2989 1199.7499 1984.4198 641.2976 980.696 1390.7642 1066.9 334.1438 696.6333 5410.1495 2475.2221;
	1883.7217 1282.9968 2129.1447 633.5313 1047.9068 1490.8019 1144.5797 361.7096 746.3846 6132.544 2657.0567;
	1901.4871 1289.7965 2110.6507 627.0 1041.5361 1495.9223 1194.2 366.3886 754.3468 6422.9815 2602.2896;
	1905.8506 1281.2598 2122.0475 619.0 1042.1595 1482.8535 1212.0051 363.1411 734.2257 6570.2104 2474.4199;
	1877.6456 1296.3017 2106.5194 616.7203 1028.6205 1454.8123 1186.3887 346.6542 742.0156 6629.6528 2508.1114;
	1841.5513 1273.3218 2081.5554 598.7362 1032.1935 1464.2164 1156.9886 327.9873 755.0 6620.501 2545.3687;
	1856.484 1285.3465 2078.817 579.2513 1034.7565 1487.3798 1139.198 344.1973 720.4734 6564.053 2483.1817;
	1862.881 1305.9627 2084.9289 565.3606 1009.6574 1526.4456 1149.9782 337.4601 734.5377 6566.0593 2425.6051;
	1787.7748 1268.344 2020.1 567.0 987.9151 1508.9467 1128.7478 328.8165 699.2063 6406.9655 2348.5267;
	1767.7662 1280.412 2036.0 581.7755 985.4 1484.0906 1122.8531 335.1 734.4092 6443.442 2348.784;
	1765.1666 1307.4534 2032.3709 592.2602 1009.5416 1506.8673 1138.0289 360.172 767.1636 6542.5486 2532.9397;
	1789.8086 1314.8147 2071.4482 594.9076 995.8 1530.5701 1184.6568 372.616 866.1816 6577.8821 2566.8764;
	1824.6726 1342.3786 2080.7664 622.1246 1022.2318 1589.4019 1191.3438 396.9479 860.5546 6446.3554 2784.3835;
	1889.2989 1350.1636 2156.1001 625.1839 1071.383 1644.0291 1220.9842 418.7504 871.6351 6467.699 2882.2577;
	1905.8 1324.0464 2114.219 633.5 1034.4374 1615.1868 1193.0575 387.6478 831.2706 6273.7 2756.1241;
	1832.2778 1273.7851 2032.9262 612.1 1017.6081 1578.6364 1159.3213 367.5 792.593 6028.3194 2581.5511;
	1781.6708 1186.5288 1909.3039 595.9 931.1554 1447.7855 1072.6 334.8 715.581 5615.1002 2252.4792;
	1639.0023 1112.9927 1774.4 575.2533 837.0 1284.5862 994.1529 300.0888 639.4201 5253.8199 2044.7541;
	1554.5865 1020.5558 1710.1357 581.5904 832.7049 1216.5 925.7 277.6153 576.6932 4946.4797 1998.8038;
	1472.2146 967.6844 1726.4103 602.8103 887.0402 1183.5815 922.7578 274.1469 578.1963 4804.5047 1982.3256;
];
