function loadprofile = ex_load_profilesh1
%EX_LOAD_PROFILE  Example load profile data file for stochastic unit commitment.
% 2022.03.12
% Andres F. Ramirez

%% define constants
[CT_LABEL, CT_PROB, CT_TABLE, CT_TBUS, CT_TGEN, CT_TBRCH, CT_TAREABUS, ...
    CT_TAREAGEN, CT_TAREABRCH, CT_ROW, CT_COL, CT_CHGTYPE, CT_REP, ...
    CT_REL, CT_ADD, CT_NEWVAL, CT_TLOAD, CT_TAREALOAD, CT_LOAD_ALL_PQ, ...
    CT_LOAD_FIX_PQ, CT_LOAD_DIS_PQ, CT_LOAD_ALL_P, CT_LOAD_FIX_P, ...
    CT_LOAD_DIS_P, CT_TGENCOST, CT_TAREAGENCOST, CT_MODCOST_F, ...
    CT_MODCOST_X] = idx_ct;

loadprofile = struct( ...
    'type', 'mpcData', ...
    'table', CT_TAREALOAD, ...
    'rows', [1:11], ...
    'col', CT_LOAD_ALL_P, ...
    'chgtype', 1, ...
    'values', [] );
loadprofile.values(:,1,:) = [
	1521.8753 981.1341 1599.5138 547.9685 905.1331 1171.7083 858.9164 253.9619 500.1497 4510.8831 1722.4682;
	1529.8 977.0 1577.4977 560.8674 901.4582 1178.4505 865.4453 252.7 487.6592 4412.7498 1704.3517;
	1572.8808 999.8014 1611.6647 558.7942 883.3295 1195.1631 872.7 251.6612 479.7152 4478.9835 1726.3807;
	1649.2313 1072.7973 1754.1915 575.1726 953.4248 1274.9 920.9345 278.7445 522.0205 4672.9577 1823.1799;
	1835.8758 1211.5608 1986.5932 617.8777 1088.0065 1442.9 1027.6139 333.0001 606.1713 5207.8939 2028.0899;
	1911.8012 1310.0809 2077.6032 620.8946 1166.5644 1538.1225 1102.4076 355.9133 638.1303 5698.0 2166.9658;
	1895.6812 1297.6276 2041.0024 619.99 1111.7702 1494.8966 1096.1347 348.358 648.9907 5882.4643 2194.1604;
	1900.0 1278.6727 2004.9387 619.3203 1057.4812 1498.0226 1094.2037 347.8791 679.1895 6110.5549 2065.2252;
	1909.3513 1293.1773 2036.4127 615.0281 1091.0 1515.7 1089.177 353.1244 694.8463 6252.8557 2042.5164;
	1860.4648 1262.6611 1986.6002 597.8079 1104.3391 1554.4874 1071.6031 356.7206 687.8891 6265.4435 1912.7525;
	1862.0364 1243.0 1979.4631 601.2867 1094.1791 1570.1996 1084.5003 348.4 681.1683 6339.9484 1862.8796;
	1858.5609 1228.5258 1979.7704 572.814 1082.3473 1540.3272 1092.4855 342.4482 680.797 6344.5888 1918.4351;
	1842.5507 1199.6645 1959.9077 572.9 1032.7426 1484.8831 1088.2113 345.9782 667.2827 6275.3335 1884.154;
	1843.2708 1214.827 1910.4576 574.4 1014.0 1441.7828 1079.317 332.4877 673.6682 6295.0174 1948.4866;
	1865.2 1222.6 1979.1817 584.2 1028.1144 1438.0427 1094.8856 358.9443 680.5466 6361.9106 1900.4851;
	1822.6248 1227.1119 1947.5407 598.0 1050.8202 1456.5863 1136.6676 367.8793 695.503 6423.4583 2197.9516;
	1808.3969 1230.0168 1913.1515 586.5679 1027.5684 1474.3604 1136.8877 387.812 687.3869 6279.0987 1987.8624;
	1885.9066 1285.7454 2007.5651 619.1 1088.5117 1553.3094 1234.1878 431.3335 751.1135 6429.2258 2386.3825;
	1888.0509 1298.6222 2039.0106 618.4838 1075.5276 1532.9958 1225.5 412.4147 755.1 6385.947 2388.6374;
	1843.1149 1216.8 1916.828 604.1 1036.8159 1505.5141 1189.1 405.8 721.2967 6132.2297 2330.6699;
	1755.0206 1143.6 1812.4247 564.8238 957.5 1381.2585 1084.3 366.6103 646.1091 5740.2 2127.5484;
	1620.7992 1046.1243 1659.2 548.5371 889.1648 1301.6 1006.5348 344.74 601.5 5369.8717 1977.289;
	1573.4601 1018.7476 1594.7369 564.4006 862.5349 1245.375 962.66 308.2441 555.9623 5065.878 1879.345;
	1583.4876 1001.1146 1606.6 553.3059 864.9012 1211.482 951.2114 300.2 544.0964 4933.9 1831.5962;
];
