function loadprofile = ex_load_profilesh1
%EX_LOAD_PROFILE  Example load profile data file for stochastic unit commitment.
% 2022.03.12
% Andres F. Ramirez

%% define constants
[CT_LABEL, CT_PROB, CT_TABLE, CT_TBUS, CT_TGEN, CT_TBRCH, CT_TAREABUS, ...
    CT_TAREAGEN, CT_TAREABRCH, CT_ROW, CT_COL, CT_CHGTYPE, CT_REP, ...
    CT_REL, CT_ADD, CT_NEWVAL, CT_TLOAD, CT_TAREALOAD, CT_LOAD_ALL_PQ, ...
    CT_LOAD_FIX_PQ, CT_LOAD_DIS_PQ, CT_LOAD_ALL_P, CT_LOAD_FIX_P, ...
    CT_LOAD_DIS_P, CT_TGENCOST, CT_TAREAGENCOST, CT_MODCOST_F, ...
    CT_MODCOST_X] = idx_ct;

loadprofile = struct( ...
    'type', 'mpcData', ...
    'table', CT_TAREALOAD, ...
    'rows', [1:11], ...
    'col', CT_LOAD_ALL_P, ...
    'chgtype', 1, ...
    'values', [] );
loadprofile.values(:,1,:) = [
	1551.7797 959.5 1662.8835 580.0254 830.4076 1178.3465 896.6424 257.0568 510.5 4426.4788 1732.6649;
	1506.9087 947.0282 1646.4 586.4418 797.6639 1194.5772 886.376 257.9189 492.4 4374.6762 1702.3725;
	1539.6 975.771 1698.0597 599.1419 827.3 1244.2468 913.8 267.5963 512.1 4458.7475 1760.2091;
	1620.3303 1039.6031 1806.1299 619.8023 897.7258 1298.8335 967.7755 294.4 551.6275 4694.2943 1877.4491;
	1780.5062 1177.5143 2046.6402 647.6733 1044.8261 1468.7452 1077.0153 348.8 635.0807 5303.9677 2128.3;
	1898.5419 1252.1403 2141.1807 663.1917 1100.9149 1549.9819 1122.9944 365.3 690.3872 5743.1 2233.4157;
	1911.4172 1248.4 2122.7769 639.1237 1086.0 1516.826 1121.8133 360.1715 700.5018 6049.5124 2239.0571;
	1934.0448 1253.6948 2105.0132 620.7 1084.2598 1504.8882 1101.3787 351.609 710.8 6242.4483 2250.9742;
	1910.4637 1258.2787 2077.2 612.0 1084.14 1512.4127 1087.3392 341.7291 710.9999 6325.8252 2203.7;
	1927.729 1247.5907 2102.4 607.3121 1115.0 1499.1648 1109.4974 366.4 701.7 6429.0673 2138.1454;
	1869.7657 1246.855 2078.0731 592.1 1083.6112 1418.7675 1076.6515 343.8 684.5178 6457.6592 2089.0021;
	1893.1584 1242.0634 2096.0936 595.13 1098.6365 1431.5936 1110.1 354.848 688.6922 6503.3535 2118.6216;
	1873.2299 1234.1625 2063.5 587.4417 1081.8645 1392.8718 1098.3035 349.0 683.6529 6448.7294 2062.1622;
	1875.5 1248.0961 2089.7991 613.4629 1099.2938 1387.9109 1115.4927 357.9 690.7 6465.4208 2128.788;
	1848.4596 1226.4 2045.5953 612.2921 1084.7286 1409.5734 1096.514 364.5592 678.2682 6484.8251 2206.8473;
	1902.3103 1250.6774 2078.2893 610.7346 1120.8076 1467.3693 1128.495 365.4535 690.5909 6487.2922 2308.4727;
	1898.3694 1272.9242 2074.6 628.532 1106.3527 1452.111 1139.4137 362.7577 692.9 6310.4039 2375.8935;
	2011.3192 1310.0527 2119.8 634.5 1128.8735 1533.2993 1207.0657 361.0077 738.6741 6361.0769 2493.0605;
	1973.4555 1305.3353 2087.0757 630.7692 1077.5 1504.4 1200.9669 332.7204 719.6675 6158.9473 2423.9835;
	1871.0813 1201.6 1952.6884 610.7135 1066.3 1430.4328 1143.1599 315.4994 686.8322 5934.5072 2296.9905;
	1799.9529 1127.4347 1840.0605 600.0369 961.1773 1345.9437 1084.0486 312.7777 640.3208 5683.6 2107.3329;
	1675.0507 1045.6314 1721.3041 575.6202 886.4503 1242.4576 987.671 260.16 575.5529 5228.3856 1902.2872;
	1646.5187 1024.3 1713.7 596.8745 863.8 1188.7005 957.3833 254.656 536.5894 4948.7319 1803.0779;
	1610.9115 1003.5 1703.5928 605.001 858.8066 1189.3 946.8103 223.7888 529.071 4767.37 1788.7;
];
