function windprofile = ex_wind_profilesh1
%EX_WIND_PROFILE_D  Example wind_load_nyiso profile data for deterministic unit commitment.
% 2022.03.12
% Andres F. Ramirez


%% define constants
[GEN_BUS, PG, QG, QMAX, QMIN, VG, MBASE, GEN_STATUS, PMAX, PMIN, ...
    MU_PMAX, MU_PMIN, MU_QMAX, MU_QMIN, PC1, PC2, QC1MIN, QC1MAX, ...
    QC2MIN, QC2MAX, RAMP_AGC, RAMP_10, RAMP_30, RAMP_Q, APF] = idx_gen;
[CT_LABEL, CT_PROB, CT_TABLE, CT_TBUS, CT_TGEN, CT_TBRCH, CT_TAREABUS, ...
    CT_TAREAGEN, CT_TAREABRCH, CT_ROW, CT_COL, CT_CHGTYPE, CT_REP, ...
    CT_REL, CT_ADD, CT_NEWVAL, CT_TLOAD, CT_TAREALOAD, CT_LOAD_ALL_PQ, ...
    CT_LOAD_FIX_PQ, CT_LOAD_DIS_PQ, CT_LOAD_ALL_P, CT_LOAD_FIX_P, ...
    CT_LOAD_DIS_P, CT_TGENCOST, CT_TAREAGENCOST, CT_MODCOST_F, ...
    CT_MODCOST_X] = idx_ct;

windprofile = struct( ...
    'type', 'mpcData', ...
    'table', CT_TGEN, ...
    'rows', [1:45], ...
    'col', PMAX, ...
    'chgtype', 1, ...
    'values', [] );
windprofile.values(:,1,:) = [
	3.6216 48.9362 87.2719 109.0138 14.4895 31.676 27.4144 11.422 27.1533 27.4526 50.7457 75.7025 113.9698 66.9467 189.4042 71.3569 88.5355 93.8212 83.9078 68.6209 9.1381 73.9108 69.8315 82.3103 96.4174 62.9402 9.1673 1221.6397 800.8219 800.8219 750.347 119.0957 279.6926 176.6304 209.8871 341.684 1142.9339 292.8181 457.0322 258.261 118.1456 351.393 179.2057 229.3815 1154.8394;
	3.628 49.0226 88.202 110.083 14.4447 32.0775 27.2115 10.3146 28.0654 25.8556 47.7936 71.2987 107.3398 65.7134 191.8461 72.2769 89.6769 95.0307 83.152 69.6078 9.0705 74.8474 71.4471 82.8165 97.2863 59.4568 7.7025 1195.1302 809.0607 809.0607 785.6506 118.039 277.1733 179.1705 206.0203 345.1992 1199.4946 287.4378 463.5421 260.5882 117.2373 355.8459 189.9758 236.2788 1211.9894;
	3.6878 49.8308 87.4742 98.0365 14.4537 31.567 24.5462 9.8057 27.7843 27.3466 50.5498 75.4104 113.5299 66.5088 187.9302 70.8016 87.8465 93.091 85.7933 68.3055 8.1821 73.6563 70.486 82.6033 85.3255 60.1354 8.2364 1204.4501 782.4349 782.4349 777.1898 119.5348 285.9778 175.8185 208.5141 333.8389 1142.5779 276.5516 454.8971 228.5504 117.3538 350.1831 174.9578 247.1336 1154.4798;
	3.5895 48.5025 85.8233 100.3398 14.7315 31.1193 21.9137 10.2314 27.47 27.082 50.0606 74.6806 112.4312 62.7566 195.0956 73.5011 91.1959 96.6404 89.2436 70.1795 7.3046 72.6117 70.4828 82.4298 80.5648 53.7213 7.3297 1172.2197 816.5052 816.5052 773.5796 117.9831 297.4787 180.6423 196.7504 348.3756 1165.6979 279.7889 435.8016 215.7986 112.5411 345.2168 178.8332 241.0434 1177.8406;
	3.6503 49.3233 85.0668 87.3058 14.7586 30.907 18.9423 9.5905 25.4361 27.9904 51.7399 77.1858 116.2027 60.907 196.0147 73.8474 91.6255 97.0956 89.0257 69.6213 6.3141 72.1162 72.1001 86.2298 73.8464 52.9898 7.6262 1199.3558 784.6688 784.6688 707.6803 113.3802 296.7523 179.2054 190.9518 334.792 1159.8114 246.0203 392.4109 197.8029 110.1641 342.8612 190.2905 224.6963 1171.8927;
	3.7198 50.2629 78.9046 78.8997 14.7733 30.8792 17.3955 6.8609 26.3893 28.9775 53.5644 79.9076 120.3004 61.0596 196.8045 74.1449 91.9947 97.4869 86.1611 71.3319 5.7985 72.0515 72.6012 83.3835 56.3689 33.1937 5.7416 1250.9258 773.6502 773.6502 679.5635 106.5803 287.2036 183.6085 191.43 330.0908 1220.5838 238.1768 342.9498 150.9882 99.0693 342.5536 184.6445 182.206 1233.2982;
	3.6004 48.6499 70.2242 65.8639 14.7506 29.2803 15.7437 5.3725 21.2687 28.2112 52.148 77.7945 117.1192 64.6031 199.5727 75.1879 93.2886 98.8581 87.0272 69.3281 5.2479 68.3208 70.6631 78.9307 49.0944 20.7005 4.5359 1213.0138 746.1137 746.1137 590.0965 75.2083 290.0907 178.4507 202.5394 318.3419 1162.88 220.5222 294.9314 131.5028 86.0969 324.8165 165.3532 133.9739 1174.9934;
	3.6459 49.2644 62.9959 67.6584 14.6076 29.0214 16.1469 4.6469 17.9531 22.2286 41.0892 61.297 92.2823 64.279 193.5724 72.9273 90.4838 95.8859 88.6618 68.0396 5.3823 67.7167 52.645 77.9399 50.317 11.3066 3.3831 1202.7857 713.0388 713.0388 651.1006 73.5098 295.5394 175.1342 201.5235 304.2299 1111.1015 216.0372 246.8695 134.7776 85.4197 321.9446 154.0119 136.568 1122.6755;
	3.0423 41.1082 56.8496 60.8553 14.8817 24.4568 15.8158 3.4301 20.7659 15.8682 29.3322 43.7579 65.8772 64.2635 173.792 65.4751 81.2377 86.0877 83.8442 65.7247 5.2719 57.066 26.6986 80.4982 51.3774 11.4124 2.3413 1210.5066 788.2407 788.2407 739.1467 94.9452 279.4805 169.1756 201.4747 336.316 1118.9875 245.2266 230.7841 137.618 53.0839 271.308 149.1081 155.0936 1130.6436;
	2.8671 38.7406 46.8092 59.5951 15.0221 19.9477 20.3429 1.8821 21.6435 6.2693 11.5886 17.2879 26.0269 65.152 160.0239 60.2881 74.8019 79.2677 84.7751 53.7614 6.781 46.5445 14.2545 65.2094 29.6189 5.1197 1.0129 1101.6704 790.0906 790.0906 725.5257 112.8281 282.5836 138.382 204.2604 337.1053 1119.9047 248.5617 365.9242 79.3364 33.8032 221.2861 139.0177 129.3347 1131.5703;
	2.2194 29.9887 33.6402 41.2771 13.8314 13.4101 19.4779 0.9242 20.2289 4.2811 7.9135 11.8054 17.7729 64.4218 160.9173 60.6246 75.2195 79.7102 84.1291 66.9025 6.4926 31.2901 6.4752 49.6138 16.1638 2.2689 0.5892 1171.0035 772.2092 772.2092 733.7752 108.9221 280.4305 172.2073 201.9712 329.4759 1090.1372 242.6987 405.9994 43.2959 30.6171 148.7622 87.3577 90.7352 1101.4928;
	1.4882 20.1094 23.2562 22.4382 9.1162 8.2393 20.3763 0.869 18.1533 13.196 24.3926 36.3889 54.7834 63.9795 167.4473 63.0848 78.2719 82.9448 86.2025 68.0073 6.7921 19.2251 32.5379 35.1821 15.2172 4.3889 0.627 979.0324 686.9743 686.9743 652.4991 104.2069 287.3418 175.0509 200.5843 293.109 948.9575 208.6655 393.5742 40.7605 18.3813 91.4017 62.5437 70.2429 958.8425;
	1.0864 14.6796 22.9066 23.0187 8.4738 7.3005 20.6492 1.8392 16.7716 10.7984 19.9607 29.7774 44.8298 63.6814 179.4294 67.599 83.8728 88.8801 88.1641 68.1852 6.8831 17.0345 28.6113 34.9567 17.8593 5.8637 2.1219 944.9712 721.9506 721.9506 659.4751 99.0775 293.8802 175.509 199.6497 308.0323 975.4355 232.6701 432.8818 47.8374 27.2768 80.9869 52.5555 50.3674 985.5963;
	0.9803 13.2454 22.6999 32.2601 7.2139 9.3615 14.6274 2.0782 14.2159 14.6592 27.0972 40.4237 60.8577 66.5663 182.9622 68.9299 85.5242 90.6301 86.8162 66.7717 4.8758 21.8434 44.421 37.5625 22.8878 5.2278 3.3531 930.1889 694.9567 694.9567 637.617 94.6026 289.3874 171.8704 208.6945 296.5148 851.8982 219.3673 419.0219 61.3065 30.5133 103.8498 44.3291 50.015 860.7721;
	0.9922 13.4073 20.997 2.1956 6.6755 9.748 12.2693 1.7682 13.6829 15.3979 28.4627 42.4608 63.9245 59.905 167.0422 62.9322 78.0825 82.7442 79.6034 67.8023 4.0898 22.7454 50.5317 42.817 20.7094 2.7848 3.1913 792.9315 597.0975 597.0975 563.6279 77.373 265.3445 174.5232 187.8103 254.7616 734.7514 194.9955 329.3366 55.4715 29.2227 108.1381 40.9927 46.7933 742.405;
	0.9427 12.7376 15.8688 26.9443 5.9183 1.53 5.5484 1.2583 8.7759 14.4107 26.638 39.7387 59.8264 62.6521 174.3319 65.6785 81.49 86.3551 82.1796 70.3348 1.8495 3.57 53.6647 38.6994 23.0077 1.4423 1.9794 829.7816 504.3772 504.3772 488.3994 78.9893 273.9321 181.0419 196.4229 215.2009 584.1844 186.0269 221.9154 61.6278 29.8659 16.9729 8.6251 6.3308 590.2696;
	0.5307 7.1713 1.3483 0.4142 6.1342 4.0142 4.0409 0.0045 11.8956 18.1941 33.6315 50.1716 75.533 57.2167 176.4516 66.4771 82.4809 87.4051 84.6615 69.7461 1.347 9.3665 53.1645 37.7192 14.7198 3.3304 1.1141 779.2568 482.0669 482.0669 511.5456 82.5329 282.2048 179.5267 179.3821 205.6819 690.0832 186.7816 236.1994 39.428 35.193 44.531 19.0666 0.0 697.2716;
	1.0846 14.6549 8.0687 6.0174 2.249 4.2919 1.6927 0.763 6.6753 21.9541 40.5819 60.5402 91.143 58.0935 142.7517 53.7809 66.7281 70.7119 87.89 60.5784 0.5642 10.0144 69.457 30.3195 16.2966 2.8343 1.6056 727.1919 485.6166 485.6166 538.644 88.0032 292.9665 155.9288 182.1309 207.1964 699.3843 191.7325 347.364 43.6517 77.0709 47.6115 10.834 0.0 706.6696;
	0.4341 5.8659 22.6979 35.7008 0.0 0.0234 1.6559 1.5505 2.5368 23.9616 44.2926 66.0759 99.4769 57.5436 125.1206 47.1385 58.4866 61.9784 18.6248 62.1845 0.552 0.0546 69.9015 13.3786 18.632 3.6925 1.6206 789.6995 467.5115 467.5115 594.7631 84.7944 62.0827 160.0631 180.4069 199.4716 658.9841 188.133 335.4251 49.9073 83.5292 0.2596 0.5811 0.0 665.8485;
