function loadprofile = ex_load_profilesh1
%EX_LOAD_PROFILE  Example load profile data file for stochastic unit commitment.
% 2022.03.12
% Andres F. Ramirez

%% define constants
[CT_LABEL, CT_PROB, CT_TABLE, CT_TBUS, CT_TGEN, CT_TBRCH, CT_TAREABUS, ...
    CT_TAREAGEN, CT_TAREABRCH, CT_ROW, CT_COL, CT_CHGTYPE, CT_REP, ...
    CT_REL, CT_ADD, CT_NEWVAL, CT_TLOAD, CT_TAREALOAD, CT_LOAD_ALL_PQ, ...
    CT_LOAD_FIX_PQ, CT_LOAD_DIS_PQ, CT_LOAD_ALL_P, CT_LOAD_FIX_P, ...
    CT_LOAD_DIS_P, CT_TGENCOST, CT_TAREAGENCOST, CT_MODCOST_F, ...
    CT_MODCOST_X] = idx_ct;

loadprofile = struct( ...
    'type', 'mpcData', ...
    'table', CT_TAREALOAD, ...
    'rows', [1:11], ...
    'col', CT_LOAD_ALL_P, ...
    'chgtype', 1, ...
    'values', [] );
loadprofile.values(:,1,:) = [
	1486.2 952.5799 1657.378 571.7137 845.2717 1188.028 903.2 276.5672 515.2329 4574.131 1707.885;
	1504.006 960.787 1645.8 578.5392 822.3642 1165.8 878.0885 279.1 504.5615 4485.0246 1680.0683;
	1506.3993 973.9863 1660.6806 583.6 839.3256 1203.576 900.7471 284.2214 519.5786 4579.5751 1735.7;
	1643.8548 1073.7 1810.7532 607.27 940.7316 1287.0416 962.0715 301.7656 550.738 4819.0449 1864.9078;
	1766.6124 1171.2214 1987.3666 616.1 1053.9207 1425.8019 1061.1349 340.1 627.8614 5327.0022 2079.032;
	1849.5617 1243.6 2099.6571 625.3364 1093.0 1436.4373 1110.3 337.9261 695.1 5896.3672 2171.8611;
	1884.7 1260.6159 2124.1223 620.2715 1078.2187 1434.487 1145.3 352.2743 715.5 6350.8468 2249.721;
	1925.9041 1279.7441 2161.7414 609.1966 1072.1314 1445.6192 1178.9435 366.9 722.6 6739.2799 2244.544;
	1898.0748 1280.5866 2168.3449 610.4229 1032.0639 1430.1 1167.4816 363.2355 722.6705 6678.1327 2163.2047;
	1907.2 1263.3762 2120.5288 604.9 990.1 1368.4362 1154.8707 358.947 722.3939 6706.5966 2211.7328;
	1912.6247 1257.3001 2135.759 603.755 1017.4673 1361.9444 1164.4753 366.4426 706.5301 6654.5248 2117.977;
	1900.7445 1231.3385 2096.0673 591.8789 988.4097 1311.7677 1148.4186 350.5 701.6921 6590.6289 2126.3484;
	1890.9627 1206.2049 2020.4 581.4 963.3513 1220.3234 1062.2505 348.0012 670.8799 6413.4881 2076.6405;
	1865.8043 1187.657 2016.2499 588.9 968.1121 1276.4398 1057.4626 340.4 669.3 6313.5718 2049.3843;
	1913.9 1204.5089 2063.5112 588.9 965.3329 1326.3483 1090.0047 386.9242 686.1 6322.0619 2144.4258;
	1925.7916 1208.6211 2079.6291 601.4 986.5323 1370.6735 1101.6891 385.7815 688.3 6431.2644 2336.8774;
	1958.3702 1248.1 2139.3304 609.4929 1012.1452 1430.2706 1135.887 399.2745 719.3505 6381.5496 2465.6;
	1979.6701 1258.3947 2209.8958 621.1771 1081.4544 1517.6137 1189.6 418.0114 771.8 6481.8818 2594.6217;
	2000.9079 1284.8705 2203.8755 620.9828 1096.4815 1510.3 1205.4031 411.5539 765.9997 6615.8732 2612.8358;
	1942.6094 1229.3 2139.9464 614.2617 1036.2079 1398.1596 1163.2763 401.821 749.1403 6541.9271 2500.4823;
	1837.6626 1151.7055 1982.4376 583.2763 986.5505 1318.3159 1088.5109 363.5787 688.3759 6350.3423 2329.1303;
	1708.2 1105.9882 1843.2203 584.4 908.4434 1239.8481 998.1307 336.6928 615.7935 5781.0668 2084.5362;
	1627.7603 1035.2197 1750.2 586.3 890.0811 1178.5 938.8677 302.1 555.0952 5387.6985 1915.726;
	1604.7955 1011.2 1731.4339 575.4 864.9523 1181.407 927.9 300.3539 550.9879 5340.9898 1856.0509;
];
