function windprofile = ex_wind_profilesh1
%EX_WIND_PROFILE_D  Example wind_load_nyiso profile data for deterministic unit commitment.
% 2022.03.12
% Andres F. Ramirez


%% define constants
[GEN_BUS, PG, QG, QMAX, QMIN, VG, MBASE, GEN_STATUS, PMAX, PMIN, ...
    MU_PMAX, MU_PMIN, MU_QMAX, MU_QMIN, PC1, PC2, QC1MIN, QC1MAX, ...
    QC2MIN, QC2MAX, RAMP_AGC, RAMP_10, RAMP_30, RAMP_Q, APF] = idx_gen;
[CT_LABEL, CT_PROB, CT_TABLE, CT_TBUS, CT_TGEN, CT_TBRCH, CT_TAREABUS, ...
    CT_TAREAGEN, CT_TAREABRCH, CT_ROW, CT_COL, CT_CHGTYPE, CT_REP, ...
    CT_REL, CT_ADD, CT_NEWVAL, CT_TLOAD, CT_TAREALOAD, CT_LOAD_ALL_PQ, ...
    CT_LOAD_FIX_PQ, CT_LOAD_DIS_PQ, CT_LOAD_ALL_P, CT_LOAD_FIX_P, ...
    CT_LOAD_DIS_P, CT_TGENCOST, CT_TAREAGENCOST, CT_MODCOST_F, ...
    CT_MODCOST_X] = idx_ct;

windprofile = struct( ...
    'type', 'mpcData', ...
    'table', CT_TGEN, ...
    'rows', [1:45], ...
    'col', PMAX, ...
    'chgtype', 1, ...
    'values', [] );
windprofile.values(:,1,:) = [
	3.7073 50.0933 86.6738 107.9885 14.4583 31.5377 27.2318 12.832 26.225 28.2216 52.1673 77.8233 117.1625 64.3963 179.7887 67.7344 84.0408 89.0581 84.5856 70.2814 9.0773 73.588 70.2625 86.0292 99.3642 65.4545 9.5779 1238.8382 755.0369 755.0369 713.9554 112.1439 281.9521 180.9045 201.8911 322.1491 1146.8222 293.0906 443.549 266.1541 117.0987 349.8583 187.7955 231.3244 1158.7683;
	3.7744 51.001 85.0971 109.2754 14.3095 31.9354 27.9928 11.8957 26.7002 27.1986 50.2762 75.0022 112.9154 65.0121 189.5386 71.4076 88.5983 93.8877 83.8202 71.1301 9.3309 74.516 69.7695 82.8083 96.9827 64.0564 8.5186 1241.7428 774.2396 774.2396 763.3742 112.5925 279.4006 183.0891 203.8219 330.3422 1219.4234 283.5187 452.25 259.7752 113.8903 354.2702 192.587 238.1594 1232.1257;
	3.7973 51.3097 85.1811 97.1961 14.9087 33.2374 25.4515 10.6749 27.6219 26.6837 49.3244 73.5824 110.7779 63.9421 186.8804 70.4061 87.3557 92.571 85.5283 71.8637 8.4838 77.5538 57.5519 85.801 88.3461 62.1308 9.2241 1249.8267 790.2123 790.2123 742.4053 109.3697 285.0944 184.9774 200.467 337.1572 1164.4036 269.8569 447.8149 236.6413 114.7005 368.7131 191.2315 253.3955 1176.5328;
	3.7113 50.1478 81.9064 93.1541 14.7601 32.8853 21.2123 10.5779 26.6908 26.2016 48.4332 72.2528 108.7762 63.1547 187.8354 70.7659 87.8021 93.0441 85.6691 71.8364 7.0708 76.7323 56.3887 84.4746 83.7192 55.3673 8.2827 1203.7509 793.0007 793.0007 727.1564 106.4865 285.5635 184.907 197.9985 338.347 1182.904 256.8366 428.0513 224.2479 103.5223 364.8074 188.4094 242.9195 1195.2259;
	3.6632 49.4979 79.1503 75.927 14.751 31.5751 18.4392 9.3029 23.084 26.8509 49.6335 74.0435 111.472 65.0503 187.0335 70.4638 87.4273 92.6468 86.6921 71.8199 6.1464 73.6753 60.8288 85.6222 71.5623 51.3439 7.8835 1216.3327 778.5567 778.5567 698.5236 100.0544 288.9736 184.8645 203.9415 332.1842 1158.6926 253.3112 388.9303 191.6847 107.1316 350.2734 189.8974 220.0248 1170.7623;
	3.7165 50.2186 83.5612 78.9236 14.9646 31.5592 16.5708 8.0149 24.8408 28.186 52.1013 77.7249 117.0145 62.7383 196.8268 74.1534 92.0051 97.4979 88.9138 73.1185 5.5236 73.6381 68.8372 86.2006 63.3296 37.1896 6.4442 1182.4883 738.7347 738.7347 639.1183 94.864 296.3792 188.2073 196.6929 315.1935 1142.4812 234.3233 339.7588 169.6328 100.8492 350.0965 185.3135 185.6831 1154.382;
	3.3454 45.2035 67.9542 58.7507 14.6928 28.0265 14.5669 5.8406 18.7851 27.5306 50.8899 75.9178 114.2938 63.7608 190.338 71.7087 88.9719 94.2837 88.203 73.404 4.8556 65.3952 69.4185 82.1754 49.1741 25.5066 4.4405 1169.7342 679.066 679.066 532.0961 62.1761 294.01 188.9422 199.8987 289.7348 1088.4656 213.3945 296.4002 131.7163 81.7396 310.9076 151.9717 117.9197 1099.8038;
	3.5285 47.6782 70.1163 67.8971 14.6849 27.2765 15.2721 5.534 16.2082 22.5171 41.6225 62.0926 93.4801 65.8604 182.3791 68.7103 85.2516 90.3413 87.4951 70.9833 5.0907 63.6451 56.4965 84.7473 57.0517 19.174 3.2567 1172.643 674.7335 674.7335 598.9964 62.8244 291.6502 182.7111 206.4811 287.8863 1061.3258 211.1844 252.0763 152.8171 82.9288 302.5871 146.0394 135.5584 1072.3813;
	2.9768 40.2228 57.9241 61.8034 14.7083 23.8209 15.6876 3.9552 21.5436 21.3703 39.5027 58.9302 88.7191 67.5586 181.9119 68.5343 85.0332 90.1099 86.5869 70.9591 5.2292 55.5821 54.4287 83.521 55.9814 12.5561 2.3157 1198.1004 785.8129 785.8129 743.3546 91.3894 288.6228 182.6489 211.8053 335.2802 1098.5312 253.4026 260.7271 149.9501 58.9206 264.2531 135.7121 145.3155 1109.9742;
	2.624 35.4566 48.1691 52.536 14.4537 18.1356 18.9747 1.9857 21.3973 18.8103 34.7706 51.8709 78.0913 66.2573 171.6169 64.6557 80.2209 85.0102 85.4128 69.1441 6.3249 42.3164 43.1187 72.6141 33.1763 4.2091 1.003 1123.5239 769.2464 769.2464 750.1151 113.5795 284.7093 177.9771 207.7257 328.2118 1104.2398 251.0629 367.7734 88.865 42.7887 201.1843 117.2025 112.0272 1115.7423;
	2.0749 28.0361 37.7608 41.8985 13.9364 14.3908 17.2347 1.6871 19.4817 15.9208 29.4293 43.9027 66.0952 63.9497 160.9231 60.6268 75.2222 79.7131 83.9995 69.8642 5.7449 33.5784 34.5378 59.7855 24.2261 6.5129 8.5469 1112.2043 775.5375 775.5375 720.3552 109.0757 279.9985 179.8307 200.4909 330.896 1040.4914 229.465 400.6518 64.8913 35.2616 159.6415 84.5209 83.3888 1051.3299;
	1.5564 21.0299 32.1529 26.7927 10.9065 11.2297 18.0016 1.8484 17.4838 15.1214 27.9518 41.6985 62.7769 63.3141 158.0665 59.5506 73.8869 78.2981 85.161 66.8253 6.0005 26.2027 36.2525 48.1334 24.0081 8.851 9.428 981.3327 718.8232 718.8232 646.2326 104.4996 283.87 172.0085 198.4983 306.6979 958.9277 200.174 366.0126 64.3074 28.8366 124.575 61.6049 80.0264 968.9165;
	1.0638 14.3745 27.9524 25.293 9.4303 8.3189 16.9857 2.4342 15.6397 12.929 23.8991 35.6528 53.6751 60.7787 168.3883 63.4393 78.7117 83.411 78.131 66.7787 5.6619 19.4107 35.502 42.4824 23.4341 12.3203 2.8718 956.9179 743.196 743.196 639.1264 98.6682 260.4367 171.8886 190.5494 317.097 961.3428 203.107 404.5578 62.7698 28.0023 92.2839 51.6574 58.4823 971.3568;
	0.7455 10.0739 22.8595 31.6095 8.2752 7.7224 11.1619 2.9899 12.527 16.1276 29.8116 44.473 66.9539 56.6049 164.7364 62.0635 77.0047 81.602 79.9106 66.8493 3.7206 18.0188 48.3627 43.1674 26.4743 12.4553 4.2004 879.4114 683.5406 683.5406 535.8411 94.1434 266.3685 172.0702 177.4641 291.644 808.2493 204.6134 359.3365 70.9133 28.8414 85.6668 38.7158 59.4978 816.6685;
	0.724 9.7824 21.8106 0.213 6.7633 7.9327 9.9736 2.0298 13.1762 15.6031 28.8422 43.0268 64.7766 59.5675 152.7735 57.5565 71.4127 75.6762 73.4732 66.0045 3.3245 18.5096 46.7388 50.3973 24.7737 6.1485 3.5296 799.398 644.4842 644.4842 544.3109 76.6777 244.9108 169.8957 186.7521 274.9799 739.8597 186.6219 323.7561 66.3582 26.5814 88.0001 32.6015 52.5939 747.5666;
	0.6392 8.6371 16.3024 26.2453 6.8625 1.0721 5.2377 1.4599 9.12 12.7326 23.536 35.1111 52.8596 57.9586 163.8523 61.7304 76.5914 81.164 79.5567 67.93 1.7459 2.5016 34.2829 47.0377 24.3317 4.3729 2.5984 750.0124 528.3322 528.3322 504.9561 78.6242 265.1889 174.8521 181.7079 225.4217 570.549 179.4065 213.7721 65.1741 27.1844 11.8935 2.5103 18.2297 576.4922;
	0.4758 6.4291 0.223 0.1143 6.1604 1.5881 3.6634 0.0642 11.8597 8.1799 15.1204 22.5567 33.959 44.8471 161.6014 60.8824 75.5392 80.0491 82.8102 60.7053 1.2211 3.7056 21.3406 40.66 13.6898 3.3304 1.5476 679.5107 514.5393 514.5393 539.541 83.2287 276.034 156.2557 140.6018 219.5368 666.7585 183.4197 218.8403 36.6692 16.352 17.6172 18.7221 3.8173 673.7039;
	0.9378 12.6717 3.3592 2.0806 2.6482 3.4504 10.7246 0.0993 11.8143 18.7267 34.616 51.6403 77.7442 56.9297 136.1803 51.3051 63.6564 67.4568 82.814 52.9452 3.5749 8.051 54.5028 40.1326 15.4205 1.9275 1.665 762.8324 542.0733 542.0733 614.3211 95.0003 276.0465 136.2812 178.4824 231.2846 746.7029 207.9834 354.7192 41.3049 64.5293 38.2767 18.2951 5.3375 754.4811;
