function windprofile = ex_wind_profilesh1
%EX_WIND_PROFILE_D  Example wind_load_nyiso profile data for deterministic unit commitment.
% 2022.03.12
% Andres F. Ramirez


%% define constants
[GEN_BUS, PG, QG, QMAX, QMIN, VG, MBASE, GEN_STATUS, PMAX, PMIN, ...
    MU_PMAX, MU_PMIN, MU_QMAX, MU_QMIN, PC1, PC2, QC1MIN, QC1MAX, ...
    QC2MIN, QC2MAX, RAMP_AGC, RAMP_10, RAMP_30, RAMP_Q, APF] = idx_gen;
[CT_LABEL, CT_PROB, CT_TABLE, CT_TBUS, CT_TGEN, CT_TBRCH, CT_TAREABUS, ...
    CT_TAREAGEN, CT_TAREABRCH, CT_ROW, CT_COL, CT_CHGTYPE, CT_REP, ...
    CT_REL, CT_ADD, CT_NEWVAL, CT_TLOAD, CT_TAREALOAD, CT_LOAD_ALL_PQ, ...
    CT_LOAD_FIX_PQ, CT_LOAD_DIS_PQ, CT_LOAD_ALL_P, CT_LOAD_FIX_P, ...
    CT_LOAD_DIS_P, CT_TGENCOST, CT_TAREAGENCOST, CT_MODCOST_F, ...
    CT_MODCOST_X] = idx_ct;

windprofile = struct( ...
    'type', 'mpcData', ...
    'table', CT_TGEN, ...
    'rows', [1:45], ...
    'col', PMAX, ...
    'chgtype', 1, ...
    'values', [] );
windprofile.values(:,1,:) = [
	3.3051 44.6586 85.6156 98.082 14.2958 30.6909 26.2631 9.3709 25.7216 27.5815 50.9839 76.058 114.5049 66.1031 174.3736 65.6942 81.5095 86.3758 83.8349 65.6726 8.7544 71.6121 63.4751 79.0617 86.6482 52.7892 6.9477 1100.3669 704.2363 704.2363 689.6968 106.6546 279.4497 169.0415 207.242 300.4742 1056.4067 279.929 433.2997 232.0934 113.207 340.4642 188.0608 208.0775 1067.4109;
	3.5256 47.6381 86.2652 104.3117 14.1577 30.5038 27.5132 9.7935 26.354 27.9651 51.6931 77.116 116.0977 65.2974 187.2545 70.547 87.5306 92.7563 84.3655 68.2286 9.1711 71.1754 68.876 78.4025 92.5435 50.1142 6.14 1099.666 756.8684 756.8684 744.1168 104.921 281.2184 175.6206 204.7163 322.9305 1124.3496 268.9029 442.07 247.8843 112.7166 338.3884 199.5519 184.9652 1136.0616;
	3.4622 46.7818 85.9866 90.9984 14.0906 30.3673 24.4932 9.1632 26.0685 28.0793 51.9042 77.4308 116.5717 65.4752 176.441 66.4731 82.4759 87.3998 79.3907 67.5846 8.1644 70.8571 69.4464 81.7117 83.8575 53.2119 6.9469 1120.5056 756.0508 756.0508 725.4023 98.633 264.6357 173.963 205.2736 322.5817 1090.276 243.9784 441.761 224.6184 113.8403 336.8749 179.8044 212.6739 1101.633;
	3.4799 47.0204 80.3612 90.6336 13.512 30.3581 23.2272 7.9706 25.5609 26.531 49.0422 73.1614 110.144 65.5439 158.412 59.6808 74.0484 78.4692 76.4905 62.8208 7.7424 70.8355 52.6926 77.6217 78.1938 37.0572 4.2457 1064.8822 783.4238 783.4238 699.3872 99.1324 254.9684 161.701 205.489 334.2608 1121.1192 240.4634 438.358 209.4476 102.5859 336.7722 183.6424 213.4912 1132.7975;
	3.2811 44.3355 79.5361 79.1059 14.0335 30.7064 19.9954 3.4721 21.3815 27.2085 50.2944 75.0294 112.9563 65.7225 158.3517 59.6581 74.0202 78.4393 72.6073 64.9193 6.6651 71.6482 53.3141 77.3886 63.9369 23.6237 3.3234 1100.2337 751.987 751.987 676.7927 93.4229 242.0243 167.1024 206.0489 320.8478 1065.9751 229.4211 396.3515 171.2594 103.49 340.636 194.5681 199.7329 1077.079;
	3.5575 48.07 80.9926 75.3629 14.2445 30.5446 17.8315 5.5002 24.6331 27.8106 51.4074 76.6897 115.456 65.4249 152.5123 57.4581 71.2906 75.5468 74.1911 66.0207 5.9438 71.2707 49.8392 76.1561 52.1055 14.9378 4.6386 1126.804 713.5059 713.5059 640.8659 80.786 247.3037 169.9374 205.116 304.4292 1087.5085 211.3534 340.5666 139.5682 95.7203 338.8412 190.8752 177.7288 1098.8368;
	3.063 41.3882 71.3908 63.6257 14.8625 29.2678 15.3484 5.0914 18.9195 27.0179 49.9421 74.5038 112.1651 68.2439 143.4348 54.0382 67.0474 71.0502 76.4132 67.4747 5.1161 68.2915 47.1663 74.9685 45.3645 20.6021 4.3003 1162.5358 671.9442 671.9442 505.1046 58.1043 254.7105 173.68 213.9538 286.6962 1047.5727 187.8026 289.4454 121.5121 77.3911 324.6775 157.0548 131.2121 1058.4849;
	3.4726 46.9218 68.6823 67.8249 15.2246 29.1608 15.1909 4.1793 14.5968 22.9835 42.4846 63.3787 95.4163 68.8483 161.9867 61.0276 75.7194 80.2399 82.6221 67.1271 5.0636 68.0418 38.7393 79.8172 52.7151 17.7231 2.5678 1165.0493 701.4088 701.4088 602.4864 66.2325 275.407 172.7853 215.8488 299.2678 1050.6153 196.4033 249.762 141.2012 78.4147 323.49 151.7116 140.5766 1061.5593;
	2.889 39.0368 54.971 62.6103 14.8399 23.7148 15.121 3.162 20.3877 21.7625 40.2276 60.0116 90.3472 68.7313 172.4063 64.9531 80.5899 85.4013 84.0557 68.427 5.0403 55.3345 43.6647 80.0495 49.4915 6.9277 2.1981 1162.9397 765.4262 765.4262 691.0404 89.4282 280.1857 176.1313 215.482 326.5819 1088.0437 217.6639 243.62 132.5666 57.4884 263.0759 142.5471 146.9676 1099.3775;
	2.7078 36.5887 47.9567 60.3775 14.7583 18.2291 19.0329 1.2566 22.0132 17.7705 32.8486 49.0036 73.7747 67.6061 163.7039 61.6745 76.522 81.0905 81.6565 66.9402 6.3443 42.5345 34.5117 67.9589 29.6451 1.7902 0.9006 1103.0842 756.3654 756.3654 672.1913 105.3606 272.1883 172.3042 211.9544 322.7159 1091.442 219.2285 362.0569 79.4065 48.4224 202.221 126.6986 125.8944 1102.8112;
	2.1318 28.8047 31.7948 45.4868 13.8894 15.1203 18.8451 0.1517 19.1837 12.8941 23.8346 35.5565 53.5301 66.7546 162.1531 61.0903 75.7972 80.3224 85.3196 68.3066 6.2817 35.2806 3.9195 51.3713 20.185 0.8132 0.579 1115.0704 756.8004 756.8004 712.3317 94.8162 284.3986 175.8214 209.2846 322.9015 1033.2915 226.8156 406.0007 54.0668 36.8131 167.7343 90.337 89.2404 1044.0549;
	1.3774 18.6118 22.0348 24.2037 9.7634 10.5899 20.8901 0.5254 18.2259 15.1146 27.9392 41.6797 62.7486 64.2799 161.6821 60.9128 75.577 80.089 73.5257 67.284 6.9634 24.7097 12.6768 37.2564 16.3209 0.6441 0.6912 935.9679 683.4195 683.4195 641.5364 90.4701 245.0858 173.1891 201.5261 291.5923 945.3579 192.3314 412.5927 43.7167 30.0072 117.4771 62.9847 70.5265 955.2054;
	0.9729 13.1462 22.192 24.7951 8.7691 7.567 21.0522 1.3531 16.8757 12.1184 22.4007 33.4174 50.3098 64.4875 177.1721 66.7486 82.8177 87.762 86.9882 68.8059 7.0174 17.6562 6.7903 34.8431 20.6136 5.5569 2.3377 1040.8553 735.5018 735.5018 628.0796 94.6649 289.9608 177.1065 202.1772 313.8141 1006.2904 207.3424 444.8347 55.215 29.7403 83.9429 47.4308 47.2606 1016.7726;
	0.7034 9.5047 14.3962 28.4703 7.7094 7.9241 14.3691 1.977 14.5601 15.5863 28.8111 42.9804 64.7068 63.8154 181.2434 68.2824 84.7207 89.7787 82.2767 69.4555 4.7897 18.4896 28.7004 33.8591 22.7546 7.6997 3.6411 966.4958 658.4667 658.4667 641.781 90.4342 274.2558 178.7785 200.07 280.9458 842.6183 202.6049 434.6152 60.9498 29.14 87.9046 28.7242 47.1233 851.3956;
	0.7039 9.5114 20.7253 1.7106 6.5302 8.2778 12.3541 1.7978 14.306 16.3639 30.2484 45.1246 67.9349 64.2483 177.9527 67.0426 83.1825 88.1486 78.1063 71.3978 4.118 19.3148 48.2309 43.4457 24.2828 5.6675 3.5968 845.9312 612.9843 612.9843 592.7492 78.9235 260.3544 183.7782 201.4272 261.54 768.0337 198.3561 364.7871 65.0432 26.3241 91.8283 28.4795 39.8292 776.034;
	0.7888 10.6579 16.8105 28.3202 7.0908 7.0296 6.1306 1.1593 11.3474 15.4715 28.5988 42.6638 64.2301 65.9074 174.2891 65.6624 81.47 86.3339 80.837 71.386 2.0435 16.4024 54.4417 41.5537 22.7498 2.9981 2.5825 873.9043 540.2575 540.2575 541.4149 77.8008 269.4568 183.7479 206.6286 230.5099 639.5759 188.5384 245.7738 60.9368 26.6862 77.9819 1.5544 14.2861 646.2381;
	0.247 3.3382 0.8886 3.3037 5.4718 0.5145 3.484 0.0 11.9931 17.7777 32.8619 49.0235 73.8046 62.0254 171.1197 64.4683 79.9885 84.7639 84.2001 66.2361 1.1613 1.2006 53.7273 35.9685 12.0762 2.9077 1.3647 758.4336 503.1383 503.1383 554.8807 77.4572 280.667 170.4918 194.4582 214.6723 702.9127 189.8752 231.3513 32.3469 32.8899 5.7078 0.1282 0.0 710.2347;
	0.7482 10.1104 0.0 0.0 2.1553 0.8781 3.0382 0.0 19.7708 21.3503 39.4658 58.8752 88.6363 64.9951 144.3939 54.3996 67.4958 71.5254 88.3643 58.6755 1.0127 2.0489 69.6956 5.1017 10.7113 1.2949 1.0947 708.5146 526.8443 526.8443 610.93 87.9633 294.5476 151.0308 203.7683 224.7869 713.4897 203.908 355.4607 28.6909 59.2564 9.741 5.7232 0.0 720.9219;
	0.3108 4.1995 20.6768 33.5814 0.1214 0.0015 0.0119 1.3182 5.1934 24.3769 45.0603 67.2211 101.201 62.7049 119.9404 45.1869 56.0652 59.4123 85.3785 61.3537 0.004 0.0034 73.5572 42.0891 19.0032 7.9855 1.7445 727.1985 487.8142 487.8142 629.894 86.6998 284.5949 157.9246 196.5883 208.1341 633.6611 197.968 334.0403 50.9015 64.6224 0.0161 0.0058 0.0009 640.2618;
