function solarprofile = ex_solar_profilesh1
%EX_WIND_PROFILE_D  Example wind_load_nyiso profile data for deterministic unit commitment.
% 2022.03.12
% Andres F. Ramirez


%% define constants
[GEN_BUS, PG, QG, QMAX, QMIN, VG, MBASE, GEN_STATUS, PMAX, PMIN, ...
    MU_PMAX, MU_PMIN, MU_QMAX, MU_QMIN, PC1, PC2, QC1MIN, QC1MAX, ...
    QC2MIN, QC2MAX, RAMP_AGC, RAMP_10, RAMP_30, RAMP_Q, APF] = idx_gen;
[CT_LABEL, CT_PROB, CT_TABLE, CT_TBUS, CT_TGEN, CT_TBRCH, CT_TAREABUS, ...
    CT_TAREAGEN, CT_TAREABRCH, CT_ROW, CT_COL, CT_CHGTYPE, CT_REP, ...
    CT_REL, CT_ADD, CT_NEWVAL, CT_TLOAD, CT_TAREALOAD, CT_LOAD_ALL_PQ, ...
    CT_LOAD_FIX_PQ, CT_LOAD_DIS_PQ, CT_LOAD_ALL_P, CT_LOAD_FIX_P, ...
    CT_LOAD_DIS_P, CT_TGENCOST, CT_TAREAGENCOST, CT_MODCOST_F, ...
    CT_MODCOST_X] = idx_ct;

solarprofile = struct( ...
    'type', 'mpcData', ...
    'table', CT_TGEN, ...
    'rows', [1:12], ...
    'col', PMAX, ...
    'chgtype', 1, ...
    'values', [] );
solarprofile.values(:,1,:) = [
	0.0 0.0 0.0 0.0 0.0 0.0 0.0 0.0 0.0 0.0 0.0 0.0;
	0.0 0.0 0.0 0.0 0.0 0.0 0.0 0.0 0.0 0.0 0.0 0.0;
	0.0 0.0 0.0 0.0 0.0 0.0 0.0 0.0 0.0 0.0 0.0 0.0;
	0.0 0.0 0.0 0.0 0.0 0.0 0.0 0.0 0.0 0.0 0.0 0.0;
	0.0 0.0 0.0 0.0 0.0 0.0 0.0 0.0 0.0 0.0 0.0 0.0;
	0.1628 0.1621 0.24 0.0 0.0 0.0 0.0 0.0 0.0 0.0 0.0 0.0;
	3.7769 3.2631 2.7082 4.3676 1.8334 245.5826 30.6978 43.5012 128.3868 42.3783 26.857 76.7474;
	20.7121 15.8679 11.6789 4.1583 3.2196 365.7668 45.7208 56.8743 130.129 155.5063 169.5719 281.6228;
	25.7334 16.9384 13.8105 6.6507 4.4351 347.9475 43.4934 53.1519 138.8682 257.676 200.9965 466.6528;
	25.6923 16.474 13.7624 10.006 5.4625 254.6648 31.8331 48.7988 204.1697 308.3078 194.4805 558.3472;
	25.3125 16.5326 13.7859 10.4959 6.8205 296.8429 37.1054 50.6378 243.0027 325.8324 205.2655 590.0845;
	25.6826 16.5331 13.7863 9.7613 6.6138 332.2723 41.534 53.4218 250.0693 297.7616 202.3641 539.248;
	25.841 16.7623 13.9031 9.6543 9.2661 399.2136 49.9017 69.2559 272.3042 341.4098 250.8507 618.2951;
	23.115 16.5188 13.7462 8.6905 8.8964 395.285 49.4106 69.2826 263.5781 336.3715 226.1332 609.1709;
	16.6329 14.025 11.1985 7.2274 9.3973 378.0302 47.2538 67.1464 255.6625 290.1331 200.5708 525.4327;
	4.1142 3.2237 2.119 7.9189 13.9722 377.5105 47.1888 52.258 200.1872 256.601 178.8626 464.706;
	1.185 0.9896 0.6005 1.6239 4.7548 84.2496 10.5312 12.1513 36.829 73.4163 41.4266 132.9573;
	0.0 0.0 0.0 0.0 0.0 0.0 0.0 0.0 0.0 0.0 0.0 0.0;
	0.0 0.0 0.0 0.0 0.0 0.0 0.0 0.0 0.0 0.0 0.0 0.0;
	0.0 0.0 0.0 0.0 0.0 0.0 0.0 0.0 0.0 0.0 0.0 0.0;
	0.0 0.0 0.0 0.0 0.0 0.0 0.0 0.0 0.0 0.0 0.0 0.0;
	0.0 0.0 0.0 0.0 0.0 0.0 0.0 0.0 0.0 0.0 0.0 0.0;
	0.0 0.0 0.0 0.0 0.0 0.0 0.0 0.0 0.0 0.0 0.0 0.0;
	0.0 0.0 0.0 0.0 0.0 0.0 0.0 0.0 0.0 0.0 0.0 0.0;
];
