function solarprofile = ex_solar_profilesh1
%EX_WIND_PROFILE_D  Example wind_load_nyiso profile data for deterministic unit commitment.
% 2022.03.12
% Andres F. Ramirez


%% define constants
[GEN_BUS, PG, QG, QMAX, QMIN, VG, MBASE, GEN_STATUS, PMAX, PMIN, ...
    MU_PMAX, MU_PMIN, MU_QMAX, MU_QMIN, PC1, PC2, QC1MIN, QC1MAX, ...
    QC2MIN, QC2MAX, RAMP_AGC, RAMP_10, RAMP_30, RAMP_Q, APF] = idx_gen;
[CT_LABEL, CT_PROB, CT_TABLE, CT_TBUS, CT_TGEN, CT_TBRCH, CT_TAREABUS, ...
    CT_TAREAGEN, CT_TAREABRCH, CT_ROW, CT_COL, CT_CHGTYPE, CT_REP, ...
    CT_REL, CT_ADD, CT_NEWVAL, CT_TLOAD, CT_TAREALOAD, CT_LOAD_ALL_PQ, ...
    CT_LOAD_FIX_PQ, CT_LOAD_DIS_PQ, CT_LOAD_ALL_P, CT_LOAD_FIX_P, ...
    CT_LOAD_DIS_P, CT_TGENCOST, CT_TAREAGENCOST, CT_MODCOST_F, ...
    CT_MODCOST_X] = idx_ct;

solarprofile = struct( ...
    'type', 'mpcData', ...
    'table', CT_TGEN, ...
    'rows', [1:12], ...
    'col', PMAX, ...
    'chgtype', 1, ...
    'values', [] );
solarprofile.values(:,1,:) = [
	0.0 0.0 0.0 0.0 0.0 0.0 0.0 0.0 0.0 0.0 0.0 0.0;
	0.0 0.0 0.0 0.0 0.0 0.0 0.0 0.0 0.0 0.0 0.0 0.0;
	0.0 0.0 0.0 0.0 0.0 0.0 0.0 0.0 0.0 0.0 0.0 0.0;
	0.0 0.0 0.0 0.0 0.0 0.0 0.0 0.0 0.0 0.0 0.0 0.0;
	0.0 0.0 0.0 0.0 0.0 0.0 0.0 0.0 0.0 0.0 0.0 0.0;
	0.1575 0.169 0.2496 0.0 0.0 0.0 0.0 0.0 0.0 0.0 0.0 0.0;
	6.1445 8.0171 5.5556 1.8262 2.7441 58.9005 7.3626 25.8416 78.5587 5.0789 21.3215 9.1979;
	12.907 14.6873 10.6581 3.5526 4.8578 225.1637 28.1455 52.5705 99.4488 45.869 14.0692 83.069;
	18.1542 16.6083 13.7275 6.3545 6.3448 275.6614 34.4577 52.6663 101.1792 159.3251 57.6765 288.5388;
	14.7162 16.4647 13.4881 8.4022 6.0238 209.1676 26.1459 44.4963 120.6838 277.676 179.5062 502.8729;
	20.408 16.5326 13.7859 8.5128 6.2101 262.2326 32.7791 47.2068 157.0366 332.7935 238.222 602.691;
	23.7809 16.5331 13.7863 7.3646 5.5453 298.0898 37.2612 49.9177 170.5489 341.4936 252.1033 618.447;
	22.9989 16.4071 13.7705 8.4766 7.7914 398.9581 49.8698 67.4612 234.2564 344.402 258.6136 623.7141;
	15.5135 15.0916 13.1737 7.8103 6.9327 394.6511 49.3314 67.0111 226.934 337.6569 236.9589 611.4987;
	6.2695 8.4661 7.2045 6.1086 6.2284 366.0342 45.7543 63.3629 210.9721 303.6915 204.9765 549.9872;
	3.5049 4.61 3.7742 6.6625 10.4748 312.2498 39.0312 51.7537 185.5297 235.5972 155.2603 426.6679;
	1.2026 0.9418 0.7333 1.6137 3.4611 75.67 9.4587 14.5179 40.2921 69.9029 39.734 126.5945;
	0.0 0.0 0.0 0.0 0.0 0.0 0.0 0.0 0.0 0.0 0.0 0.0;
	0.0 0.0 0.0 0.0 0.0 0.0 0.0 0.0 0.0 0.0 0.0 0.0;
	0.0 0.0 0.0 0.0 0.0 0.0 0.0 0.0 0.0 0.0 0.0 0.0;
	0.0 0.0 0.0 0.0 0.0 0.0 0.0 0.0 0.0 0.0 0.0 0.0;
	0.0 0.0 0.0 0.0 0.0 0.0 0.0 0.0 0.0 0.0 0.0 0.0;
	0.0 0.0 0.0 0.0 0.0 0.0 0.0 0.0 0.0 0.0 0.0 0.0;
	0.0 0.0 0.0 0.0 0.0 0.0 0.0 0.0 0.0 0.0 0.0 0.0;
];
