function solarprofile = ex_solar_profilesh1
%EX_WIND_PROFILE_D  Example wind_load_nyiso profile data for deterministic unit commitment.
% 2022.03.12
% Andres F. Ramirez


%% define constants
[GEN_BUS, PG, QG, QMAX, QMIN, VG, MBASE, GEN_STATUS, PMAX, PMIN, ...
    MU_PMAX, MU_PMIN, MU_QMAX, MU_QMIN, PC1, PC2, QC1MIN, QC1MAX, ...
    QC2MIN, QC2MAX, RAMP_AGC, RAMP_10, RAMP_30, RAMP_Q, APF] = idx_gen;
[CT_LABEL, CT_PROB, CT_TABLE, CT_TBUS, CT_TGEN, CT_TBRCH, CT_TAREABUS, ...
    CT_TAREAGEN, CT_TAREABRCH, CT_ROW, CT_COL, CT_CHGTYPE, CT_REP, ...
    CT_REL, CT_ADD, CT_NEWVAL, CT_TLOAD, CT_TAREALOAD, CT_LOAD_ALL_PQ, ...
    CT_LOAD_FIX_PQ, CT_LOAD_DIS_PQ, CT_LOAD_ALL_P, CT_LOAD_FIX_P, ...
    CT_LOAD_DIS_P, CT_TGENCOST, CT_TAREAGENCOST, CT_MODCOST_F, ...
    CT_MODCOST_X] = idx_ct;

solarprofile = struct( ...
    'type', 'mpcData', ...
    'table', CT_TGEN, ...
    'rows', [1:12], ...
    'col', PMAX, ...
    'chgtype', 1, ...
    'values', [] );
solarprofile.values(:,1,:) = [
	0.0 0.0 0.0 0.0 0.0 0.0 0.0 0.0 0.0 0.0 0.0 0.0;
	0.0 0.0 0.0 0.0 0.0 0.0 0.0 0.0 0.0 0.0 0.0 0.0;
	0.0 0.0 0.0 0.0 0.0 0.0 0.0 0.0 0.0 0.0 0.0 0.0;
	0.0 0.0 0.0 0.0 0.0 0.0 0.0 0.0 0.0 0.0 0.0 0.0;
	0.0 0.0 0.0 0.0 0.0 0.0 0.0 0.0 0.0 0.0 0.0 0.0;
	0.1575 0.1642 0.24 0.0 0.0 0.0 0.0 0.0 0.0 0.0 0.0 0.0;
	5.9994 7.0828 5.2769 0.8987 4.5105 54.3685 6.7961 38.1269 58.2647 48.9419 22.809 88.6342;
	18.2317 16.3038 13.2847 3.27 7.8823 227.753 28.4691 60.5301 132.4713 158.7986 34.3051 287.5852;
	23.7208 16.9691 14.0976 5.8742 9.408 293.4367 36.6796 66.3674 173.2118 220.7179 73.1564 399.7215;
	25.8541 16.8327 13.963 5.5197 8.7 205.0101 25.6263 64.3102 225.6356 232.1056 160.7429 420.3447;
	25.892 16.6067 13.787 5.7549 9.5311 248.9949 31.1244 54.795 247.6766 282.5441 196.459 511.689;
	25.6946 16.5417 13.7863 6.4362 9.3878 262.7393 32.8424 48.5597 247.3305 326.5388 213.8912 591.3637;
	26.0346 16.7373 13.958 10.403 10.539 347.252 43.4065 61.4104 236.9285 346.2406 253.8025 627.0438;
	24.3072 16.6059 13.9337 10.4811 9.1255 332.6054 41.5757 63.4842 222.6322 338.2462 227.2712 612.5659;
	20.7668 15.2492 12.5578 8.5249 7.7259 283.2161 35.402 66.4827 217.6935 289.5782 183.751 524.4278;
	6.7402 3.5469 1.8794 6.6592 11.1388 236.0567 29.5071 64.588 241.318 156.8565 126.8917 284.0681;
	0.9044 0.7333 0.5133 2.0183 4.2462 69.784 8.723 11.8876 48.6198 66.58 39.3298 120.5768;
	0.0 0.0 0.0 0.0 0.0 0.0 0.0 0.0 0.0 0.0 0.0 0.0;
	0.0 0.0 0.0 0.0 0.0 0.0 0.0 0.0 0.0 0.0 0.0 0.0;
	0.0 0.0 0.0 0.0 0.0 0.0 0.0 0.0 0.0 0.0 0.0 0.0;
	0.0 0.0 0.0 0.0 0.0 0.0 0.0 0.0 0.0 0.0 0.0 0.0;
	0.0 0.0 0.0 0.0 0.0 0.0 0.0 0.0 0.0 0.0 0.0 0.0;
	0.0 0.0 0.0 0.0 0.0 0.0 0.0 0.0 0.0 0.0 0.0 0.0;
	0.0 0.0 0.0 0.0 0.0 0.0 0.0 0.0 0.0 0.0 0.0 0.0;
];
