function windprofile = ex_wind_profilesh1
%EX_WIND_PROFILE_D  Example wind_load_nyiso profile data for deterministic unit commitment.
% 2022.03.12
% Andres F. Ramirez


%% define constants
[GEN_BUS, PG, QG, QMAX, QMIN, VG, MBASE, GEN_STATUS, PMAX, PMIN, ...
    MU_PMAX, MU_PMIN, MU_QMAX, MU_QMIN, PC1, PC2, QC1MIN, QC1MAX, ...
    QC2MIN, QC2MAX, RAMP_AGC, RAMP_10, RAMP_30, RAMP_Q, APF] = idx_gen;
[CT_LABEL, CT_PROB, CT_TABLE, CT_TBUS, CT_TGEN, CT_TBRCH, CT_TAREABUS, ...
    CT_TAREAGEN, CT_TAREABRCH, CT_ROW, CT_COL, CT_CHGTYPE, CT_REP, ...
    CT_REL, CT_ADD, CT_NEWVAL, CT_TLOAD, CT_TAREALOAD, CT_LOAD_ALL_PQ, ...
    CT_LOAD_FIX_PQ, CT_LOAD_DIS_PQ, CT_LOAD_ALL_P, CT_LOAD_FIX_P, ...
    CT_LOAD_DIS_P, CT_TGENCOST, CT_TAREAGENCOST, CT_MODCOST_F, ...
    CT_MODCOST_X] = idx_ct;

windprofile = struct( ...
    'type', 'mpcData', ...
    'table', CT_TGEN, ...
    'rows', [1:45], ...
    'col', PMAX, ...
    'chgtype', 1, ...
    'values', [] );
windprofile.values(:,1,:) = [
	3.6568 49.4108 88.4794 94.6786 14.5353 30.3608 28.1708 10.9489 26.9259 26.759 49.4636 73.79 111.0905 63.4244 183.664 69.1944 85.8522 90.9778 84.0927 66.3412 9.3903 70.8419 69.489 82.5496 80.7905 59.1752 8.53 1158.8363 751.6754 751.6754 724.86 111.6981 280.3091 170.7623 198.8441 320.7148 1107.7205 299.5795 451.4441 216.4031 118.6094 336.8026 183.1113 236.6954 1119.2593;
	3.6256 48.9903 85.6842 93.2877 14.7194 30.9633 29.3382 11.1319 27.0781 25.5703 47.2664 70.5122 106.1557 63.8365 185.2598 69.7955 86.5982 91.7682 83.4852 61.9907 9.7794 72.2476 69.8151 80.3883 82.9707 60.8566 7.7938 1178.2492 789.7374 789.7374 758.5801 108.9022 278.2839 159.5642 200.1362 336.9546 1198.0185 274.3589 458.3344 222.243 116.293 343.4858 197.9007 236.7068 1210.4979;
	3.4962 47.2417 86.6289 82.1037 14.4158 31.2397 25.4956 10.6599 26.2997 26.7034 49.3609 73.6367 110.8597 61.1916 174.2969 65.6654 81.4737 86.3378 85.7845 66.5244 8.4985 72.8926 69.5207 81.6139 72.4131 60.7629 9.1638 1178.6361 768.3699 768.3699 718.64 109.0572 285.9484 171.234 191.844 327.8378 1121.7951 254.4697 448.7969 193.9636 112.4296 346.5524 166.69 244.198 1133.4805;
	2.9401 39.7274 81.5692 85.1362 14.0381 30.8572 22.7867 10.5687 25.9512 25.6069 47.3339 70.6129 106.3073 53.8474 184.2896 69.43 86.1447 91.2876 84.8641 66.7345 7.5956 72.0001 69.4398 77.8065 69.6318 53.9591 7.8159 1165.0028 759.077 759.077 711.9189 108.6685 282.8805 171.7748 168.819 323.8729 1136.4001 240.2239 428.7305 186.5138 111.6843 342.3089 175.4698 223.6618 1148.2376;
	1.3997 18.9126 75.9695 59.9576 13.9399 28.8457 17.6547 8.6519 21.1556 25.258 46.689 69.6508 104.8589 58.0963 178.2845 67.1676 83.3376 88.313 84.1864 62.6389 5.8849 67.3067 69.9683 74.6895 55.1471 51.3098 7.0943 1210.9336 743.1231 743.1231 657.5205 99.3619 280.6214 161.2327 182.1398 317.0659 1121.2673 227.4065 353.7276 147.7155 102.8155 319.9955 172.8514 191.4589 1132.9472;
	1.7959 24.2663 68.8768 46.1476 13.6882 26.1933 15.5561 4.5618 22.2734 26.0236 48.1042 71.762 108.0373 56.0527 168.3072 63.4088 78.6738 83.3708 84.2337 60.0568 5.1854 61.1178 68.492 64.6532 35.8469 30.7496 4.1918 1193.9914 705.9838 705.9838 598.6851 88.2838 280.7791 154.5864 175.7326 301.2198 1118.8757 194.3581 305.0173 96.0186 82.5052 290.5715 165.5867 98.6926 1130.5306;
	1.3685 18.4916 63.1494 51.9037 13.9816 25.6528 13.8906 4.8119 16.6063 26.7721 49.4879 73.8262 111.1449 64.4761 184.113 69.3635 86.0621 91.2002 85.3585 66.3503 4.6302 59.8566 66.5583 46.8266 7.4194 27.6257 4.0606 1263.0745 690.4739 690.4739 512.7947 61.2906 284.5283 170.7857 202.1413 294.6022 1122.4803 181.2138 258.9953 19.8734 73.4938 284.5756 141.2446 117.9211 1134.1728;
	2.7945 37.7595 68.0632 60.3283 14.7259 27.9783 14.3836 4.015 14.0453 23.2494 42.9762 64.112 96.5203 62.3937 186.6094 70.304 87.2291 92.4368 85.3586 67.4855 4.7945 65.2826 53.8263 66.4103 36.75 21.5303 3.1103 1265.2513 710.7525 710.7525 609.6691 66.4374 284.5288 173.708 195.6128 303.2544 1130.5731 198.8615 212.9057 98.4376 83.2458 310.3723 147.4449 135.9918 1142.3499;
	2.3141 31.2688 51.0785 46.1637 14.3377 22.8411 13.5006 2.6058 17.3842 22.2289 41.0898 61.2979 92.2837 60.6577 182.0116 68.5718 85.0799 90.1592 86.6325 64.2997 4.5002 53.2959 49.6676 70.7457 38.5515 13.9916 2.3481 1235.0817 778.3355 778.3355 728.3607 89.5588 288.7749 165.5075 190.17 332.0898 1087.0067 240.6022 176.0048 103.263 56.0806 253.384 141.799 138.9728 1098.3297;
	2.3442 31.6756 45.4176 54.4743 15.1315 19.5459 17.6821 1.4572 19.7626 19.8364 36.6674 54.7005 82.3513 63.189 171.9862 64.7948 80.3936 85.1932 85.4197 61.2751 5.894 45.6072 43.6509 65.9116 28.0555 6.5436 1.1137 1159.4057 758.0388 758.0388 748.8907 107.8933 284.7322 157.7223 198.106 323.4299 1122.4146 220.831 309.1614 75.1486 46.8537 216.8297 131.4262 123.5766 1134.1065;
	1.9309 26.0907 33.8156 42.0149 13.8125 14.5441 17.3705 0.9455 18.5971 16.1054 29.7705 44.4118 66.8617 63.741 170.4193 64.2045 79.6611 84.417 85.5458 65.8104 5.7902 33.9362 36.1841 49.6938 20.5986 6.1973 0.8118 1124.1751 799.2977 799.2977 750.2299 107.0156 285.1528 169.3961 199.8366 341.0337 1085.3676 226.5044 342.4212 55.1748 39.4033 161.3424 91.5875 91.2869 1096.6735;
	1.3587 18.3592 26.3258 24.7413 9.6435 10.2439 19.1811 0.4884 17.9096 18.4512 34.1068 50.8806 76.6005 61.0793 188.6562 71.0751 88.1858 93.4506 87.6206 68.5699 6.3937 23.9024 45.0618 32.7234 16.7353 7.6487 0.6272 969.647 726.2171 726.2171 710.0989 105.6996 292.0686 176.4991 191.492 309.8526 1000.0816 198.5099 363.5772 44.8266 27.8043 113.6389 63.7749 71.3452 1010.4991;
	0.8516 11.5075 22.9186 22.5568 8.6109 7.8242 17.8443 1.6437 14.9025 15.062 27.8418 41.5345 62.53 58.1759 185.2916 69.8076 86.6131 91.784 85.9426 68.5021 5.9481 18.2564 41.9794 32.8612 21.3873 11.9937 2.2337 978.7687 754.071 754.071 694.6908 100.5826 286.4755 176.3245 182.3893 321.737 1013.339 204.1257 356.521 57.2875 32.0876 86.7963 48.5808 49.5648 1023.8946;
	0.7024 9.4914 18.7545 26.7381 7.6752 7.6075 12.3858 1.4961 11.2009 17.7235 32.7616 48.8738 73.5793 56.8369 179.9306 67.7878 84.1071 89.1284 80.9531 67.1389 4.1286 17.7509 55.1761 37.1066 23.1592 11.1163 2.9778 933.9417 699.0333 699.0333 669.014 97.5708 269.8436 172.8158 178.1913 298.2542 853.6028 199.6814 345.7409 62.0335 29.836 84.3928 39.8624 51.0763 862.4945;
	0.8429 11.3895 19.0753 0.0 6.6704 8.9401 10.6139 1.6211 11.42 18.2691 33.7701 50.3783 75.8443 57.8571 172.6997 65.0636 80.7271 85.5466 64.5542 68.2872 3.538 20.8603 58.5249 48.268 23.8316 5.9612 2.9029 831.17 631.6382 631.6382 600.7732 81.9561 215.1806 175.7714 181.3898 269.499 805.4792 186.3584 294.262 63.8347 29.3578 99.1758 37.7297 56.3491 813.8696;
	0.9589 12.9573 12.5791 21.3059 7.5101 5.084 4.8901 0.833 8.801 16.7288 30.9229 46.1309 69.4498 47.2694 166.8003 62.841 77.9694 82.6243 57.9864 67.8211 1.63 11.8626 56.6935 42.6382 20.5025 2.5256 1.4971 813.7593 509.2326 509.2326 517.5846 75.733 193.2882 174.5717 148.1959 217.2726 632.452 174.0897 193.319 54.9175 27.7387 56.398 10.17 24.8453 639.04;
	0.5177 6.9957 21.9827 1.9516 6.7395 5.6861 3.309 1.0466 11.3083 19.9496 36.8766 55.0127 82.8213 54.1586 164.1863 61.8562 76.7476 81.3295 61.1504 65.6087 1.103 13.2677 55.25 41.9316 14.6033 11.0457 1.4826 800.4849 509.2951 509.2951 552.7792 73.491 203.8347 168.877 169.7945 217.2992 731.5593 175.6547 167.6105 39.1161 32.1587 63.0782 27.8666 135.1094 739.1797;
	1.1305 15.2756 39.1308 1.5473 3.0273 8.4303 0.2967 11.226 5.7448 22.7292 42.0146 62.6776 94.3608 59.1811 119.8264 45.1439 56.0119 59.3559 52.1339 53.9157 0.0989 19.6707 70.2968 41.9175 16.7242 5.463 1.8272 667.3715 475.1952 475.1952 555.8321 68.843 173.7797 138.779 185.5409 202.75 693.6281 185.0031 264.0367 44.797 73.8718 93.52 39.3247 195.5964 700.8534;
	0.4882 6.5962 24.9448 37.5461 1.7766 5.4151 0.3803 2.1706 3.1014 24.9862 46.1866 68.9014 103.7306 58.9781 115.6689 43.5776 54.0685 57.2965 0.0 62.1306 0.1268 12.6353 71.0866 50.7367 22.4761 9.0067 1.7498 723.7043 471.3462 471.3462 568.9493 76.0508 0.0 159.9243 184.9042 201.1077 670.8278 176.0133 294.561 60.2038 80.4552 60.0719 24.8733 121.6751 677.8156;
