function loadprofile = ex_load_profilesh1
%EX_LOAD_PROFILE  Example load profile data file for stochastic unit commitment.
% 2022.03.12
% Andres F. Ramirez

%% define constants
[CT_LABEL, CT_PROB, CT_TABLE, CT_TBUS, CT_TGEN, CT_TBRCH, CT_TAREABUS, ...
    CT_TAREAGEN, CT_TAREABRCH, CT_ROW, CT_COL, CT_CHGTYPE, CT_REP, ...
    CT_REL, CT_ADD, CT_NEWVAL, CT_TLOAD, CT_TAREALOAD, CT_LOAD_ALL_PQ, ...
    CT_LOAD_FIX_PQ, CT_LOAD_DIS_PQ, CT_LOAD_ALL_P, CT_LOAD_FIX_P, ...
    CT_LOAD_DIS_P, CT_TGENCOST, CT_TAREAGENCOST, CT_MODCOST_F, ...
    CT_MODCOST_X] = idx_ct;

loadprofile = struct( ...
    'type', 'mpcData', ...
    'table', CT_TAREALOAD, ...
    'rows', [1:11], ...
    'col', CT_LOAD_ALL_P, ...
    'chgtype', 1, ...
    'values', [] );
loadprofile.values(:,1,:) = [
	1606.1453 938.7983 1633.1 577.1264 766.9307 1146.2149 907.9274 257.1743 506.5983 4480.6785 1683.1699;
	1611.3795 946.4 1620.8499 579.1171 759.2969 1139.3399 905.2352 252.4935 510.391 4403.9 1668.7501;
	1628.7335 968.3871 1672.3568 583.7 787.9 1178.9282 918.3017 254.4 526.8535 4483.3636 1691.9599;
	1724.3852 1041.5 1765.7 590.799 855.8271 1254.3908 984.8416 286.8 564.771 4724.3839 1819.5096;
	1855.2247 1166.0 1980.8538 636.1768 986.7824 1411.5752 1084.8 335.9 650.8133 5246.995 2072.919;
	1914.2791 1241.5 2092.2751 650.2948 1042.8173 1501.3841 1142.8249 355.8732 687.8744 5728.7335 2091.9985;
	1982.0635 1248.0 2100.7 665.5067 1041.0701 1497.4762 1162.4538 351.5552 692.5 6106.7005 2095.1208;
	1954.0942 1235.9185 2075.4132 640.573 1037.6707 1481.9645 1167.2556 348.222 705.3 6193.9419 2109.8454;
	1927.4 1235.7 2084.2 635.4759 1018.6414 1475.067 1155.5595 348.0221 707.3 6383.2 2135.9597;
	1923.1288 1215.1955 2038.9436 621.8564 982.5676 1430.8 1152.4907 335.4923 683.2354 6323.6001 2037.5822;
	1915.6439 1217.7798 2047.6334 613.0362 1028.2008 1470.6655 1138.264 334.3633 685.5822 6316.558 2029.2851;
	1861.2269 1180.9534 2014.248 619.4086 1028.4882 1402.4006 1114.8152 326.2562 663.0 6187.011 1845.3789;
	1816.8896 1166.9564 1968.2277 598.3 1006.4 1396.8232 1104.6325 323.6706 665.9679 5992.3168 1743.3042;
	1804.0846 1168.3361 1957.2442 609.4442 1011.5362 1426.1863 1115.8476 329.9467 676.4947 6272.644 1838.8656;
	1788.2191 1179.3005 1981.2358 621.5785 1044.041 1439.0139 1133.3 351.0719 696.9193 6394.6763 2049.4303;
	1872.2346 1183.8 2004.0621 645.7 1054.6274 1470.5 1189.5001 367.6853 712.0093 6432.2811 2232.7188;
	1850.039 1210.8123 2067.9651 629.6 1068.4716 1500.7635 1212.5588 390.8538 710.9143 6357.5596 2370.9078;
	1949.9698 1279.3096 2147.4467 644.3794 1087.1962 1572.7391 1297.2723 417.7 756.6031 6481.2163 2561.6698;
	1921.5103 1227.2574 2121.4431 648.1 1076.4721 1576.6573 1338.9863 418.2355 769.408 6415.851 2510.2161;
	1874.6976 1154.2657 2045.7775 640.2955 1022.0526 1482.5667 1244.7 401.6929 743.9889 6116.6166 2346.1958;
	1748.6339 1076.4708 1906.1965 599.8119 931.4 1373.5573 1146.3578 351.2 702.4659 5818.1086 2151.3124;
	1621.7248 995.7787 1740.0702 579.4102 878.6 1272.7906 1035.6 327.9388 637.2284 5285.4412 1910.844;
	1515.9466 966.9894 1682.5263 577.5505 832.7 1224.6674 981.5 294.3463 567.0 5130.5261 1842.6697;
	1556.1 968.4163 1655.0378 570.3016 798.5529 1206.9048 946.3005 270.5064 532.7 4802.1125 1754.8196;
];
