function solarprofile = ex_solar_profilesh1
%EX_WIND_PROFILE_D  Example wind_load_nyiso profile data for deterministic unit commitment.
% 2022.03.12
% Andres F. Ramirez


%% define constants
[GEN_BUS, PG, QG, QMAX, QMIN, VG, MBASE, GEN_STATUS, PMAX, PMIN, ...
    MU_PMAX, MU_PMIN, MU_QMAX, MU_QMIN, PC1, PC2, QC1MIN, QC1MAX, ...
    QC2MIN, QC2MAX, RAMP_AGC, RAMP_10, RAMP_30, RAMP_Q, APF] = idx_gen;
[CT_LABEL, CT_PROB, CT_TABLE, CT_TBUS, CT_TGEN, CT_TBRCH, CT_TAREABUS, ...
    CT_TAREAGEN, CT_TAREABRCH, CT_ROW, CT_COL, CT_CHGTYPE, CT_REP, ...
    CT_REL, CT_ADD, CT_NEWVAL, CT_TLOAD, CT_TAREALOAD, CT_LOAD_ALL_PQ, ...
    CT_LOAD_FIX_PQ, CT_LOAD_DIS_PQ, CT_LOAD_ALL_P, CT_LOAD_FIX_P, ...
    CT_LOAD_DIS_P, CT_TGENCOST, CT_TAREAGENCOST, CT_MODCOST_F, ...
    CT_MODCOST_X] = idx_ct;

solarprofile = struct( ...
    'type', 'mpcData', ...
    'table', CT_TGEN, ...
    'rows', [1:12], ...
    'col', PMAX, ...
    'chgtype', 1, ...
    'values', [] );
solarprofile.values(:,1,:) = [
	0.0 0.0 0.0 0.0 0.0 0.0 0.0 0.0 0.0 0.0 0.0 0.0;
	0.0 0.0 0.0 0.0 0.0 0.0 0.0 0.0 0.0 0.0 0.0 0.0;
	0.0 0.0 0.0 0.0 0.0 0.0 0.0 0.0 0.0 0.0 0.0 0.0;
	0.0 0.0 0.0 0.0 0.0 0.0 0.0 0.0 0.0 0.0 0.0 0.0;
	0.0 0.0 0.0 0.0 0.0 0.0 0.0 0.0 0.0 0.0 0.0 0.0;
	0.1575 0.1621 0.24 0.0 0.0 0.0 0.0 0.0 0.0 0.0 0.0 0.0;
	2.5875 2.079 0.9836 1.9023 3.5472 40.7189 5.0899 4.8539 22.7634 6.4181 22.3263 11.6232;
	11.1537 9.0995 3.4139 3.9577 3.7491 175.3357 21.917 18.8711 89.583 40.8725 57.9266 74.0203;
	19.4227 15.3916 11.203 6.558 4.7635 172.8332 21.6041 29.0261 118.7907 69.8767 107.8002 126.5471;
	25.3297 15.6885 13.1263 5.7421 5.6129 47.2541 5.9068 18.9454 89.1907 39.1631 154.0505 70.9245;
	25.5325 15.308 13.4449 4.6561 7.6937 44.6464 5.5808 23.0449 114.9069 30.3759 178.2955 55.011;
	25.3929 15.7653 13.6608 3.1837 7.8947 59.2244 7.403 37.7896 158.6292 46.9233 188.2193 84.9785;
	25.3825 16.5546 13.7855 5.0297 9.141 353.0468 44.1308 62.5023 238.7976 326.8045 244.3582 591.8449;
	22.839 16.3881 13.7008 5.168 7.5944 381.8861 47.7358 62.7021 232.1561 336.3715 216.0827 609.1709;
	19.1111 15.9804 12.6737 4.1095 6.1624 378.2614 47.2827 58.0803 203.2414 279.6407 151.4841 506.431;
	14.1942 8.9749 6.4272 4.2128 11.2297 366.7931 45.8491 44.2006 160.0976 101.2998 45.8045 183.4545;
	1.1687 0.825 0.5842 1.5377 4.3423 83.3776 10.4222 12.6486 42.052 63.226 38.2919 114.5027;
	0.0 0.0 0.0 0.0 0.0 0.0 0.0 0.0 0.0 0.0 0.0 0.0;
	0.0 0.0 0.0 0.0 0.0 0.0 0.0 0.0 0.0 0.0 0.0 0.0;
	0.0 0.0 0.0 0.0 0.0 0.0 0.0 0.0 0.0 0.0 0.0 0.0;
	0.0 0.0 0.0 0.0 0.0 0.0 0.0 0.0 0.0 0.0 0.0 0.0;
	0.0 0.0 0.0 0.0 0.0 0.0 0.0 0.0 0.0 0.0 0.0 0.0;
	0.0 0.0 0.0 0.0 0.0 0.0 0.0 0.0 0.0 0.0 0.0 0.0;
	0.0 0.0 0.0 0.0 0.0 0.0 0.0 0.0 0.0 0.0 0.0 0.0;
];
