function loadprofile = ex_load_profilesh1
%EX_LOAD_PROFILE  Example load profile data file for stochastic unit commitment.
% 2022.03.12
% Andres F. Ramirez

%% define constants
[CT_LABEL, CT_PROB, CT_TABLE, CT_TBUS, CT_TGEN, CT_TBRCH, CT_TAREABUS, ...
    CT_TAREAGEN, CT_TAREABRCH, CT_ROW, CT_COL, CT_CHGTYPE, CT_REP, ...
    CT_REL, CT_ADD, CT_NEWVAL, CT_TLOAD, CT_TAREALOAD, CT_LOAD_ALL_PQ, ...
    CT_LOAD_FIX_PQ, CT_LOAD_DIS_PQ, CT_LOAD_ALL_P, CT_LOAD_FIX_P, ...
    CT_LOAD_DIS_P, CT_TGENCOST, CT_TAREAGENCOST, CT_MODCOST_F, ...
    CT_MODCOST_X] = idx_ct;

loadprofile = struct( ...
    'type', 'mpcData', ...
    'table', CT_TAREALOAD, ...
    'rows', [1:11], ...
    'col', CT_LOAD_ALL_P, ...
    'chgtype', 1, ...
    'values', [] );
loadprofile.values(:,1,:) = [
	1491.1746 949.6072 1589.8708 570.4131 835.2 1245.5165 971.534 289.1849 541.9141 4667.2341 1982.9971;
	1548.2376 971.3 1617.5602 583.9196 861.2776 1266.1605 1021.9109 292.3967 554.3503 4722.6976 2054.0987;
	1560.9066 995.6 1651.2916 592.6853 868.753 1261.7896 1023.2501 303.5686 574.4591 4712.8894 2054.9572;
	1664.5811 1068.9817 1781.0455 599.0743 929.8684 1341.9488 1040.7468 312.73 596.1153 4950.2655 2146.8858;
	1852.4863 1230.0079 2003.7 637.156 1060.909 1568.6563 1142.6914 365.3061 670.2161 5486.1368 2252.8861;
	1907.5489 1300.3516 2087.9 648.5803 1118.9803 1582.7719 1188.429 394.6951 739.5343 6106.4222 2500.2557;
	1924.5229 1293.5855 2064.417 635.8488 1094.4032 1526.0312 1163.7 382.3203 712.644 6306.5917 2404.6679;
	1923.1105 1288.6938 2056.5 622.6368 1084.479 1531.0921 1175.4768 399.6563 723.6563 6522.5739 2451.1535;
	1906.1 1243.7 2030.7567 610.7 1081.7249 1527.9 1152.6813 394.0741 718.0832 6616.3379 2406.8004;
	1915.3328 1221.8437 1987.633 598.0306 1038.4 1467.5807 1133.2738 348.7106 696.501 6466.2089 2269.4697;
	1932.2407 1199.5651 1959.3314 578.4 1037.7367 1462.1501 1129.6792 356.5386 671.8 6489.5227 2227.8109;
	1974.9078 1230.5954 1989.9858 593.2 1030.1837 1469.3649 1144.1 339.8191 671.9 6410.4264 2188.422;
	1903.3046 1233.8445 1948.7915 593.4 1028.5 1460.78 1132.9102 334.9593 645.2587 6405.666 2141.5;
	1858.1126 1202.8659 1942.8964 585.6357 992.381 1466.9893 1107.5566 313.1942 660.0192 6393.3179 2144.3;
	1852.2998 1221.0297 1983.3 583.2959 1011.6 1469.253 1134.514 329.9259 685.6667 6528.3998 2207.6594;
	1893.2309 1241.7788 2061.7229 593.2983 1054.2262 1569.124 1267.3 356.0021 719.1823 6588.4972 2372.8985;
	1868.8422 1227.9634 2095.4512 595.1143 1061.1269 1612.6004 1249.671 372.1099 721.5256 6487.0636 2407.7758;
	1882.6857 1298.383 2156.8531 625.9 1115.9691 1650.1091 1327.1232 388.1 749.838 6482.7424 2561.6055;
	1912.7898 1307.8394 2127.2554 613.6699 1088.9137 1596.7666 1286.8608 389.6 745.4 6370.5445 2519.8901;
	1844.1811 1223.5285 1982.3511 597.9 1040.1155 1514.4983 1208.8915 351.2967 711.393 6143.6912 2398.6;
	1710.4199 1136.5178 1834.7385 572.3 960.2737 1402.987 1099.4 294.5799 627.2 5758.842 2187.1233;
	1649.253 1076.0269 1735.5015 564.3 897.3196 1321.8585 1023.6862 261.1576 597.766 5268.5663 2035.5723;
	1660.9869 1041.1 1676.1577 585.9 841.7378 1351.5262 1011.7482 237.906 583.9081 5033.1411 1950.4817;
	1582.7442 1014.4652 1660.2478 600.0948 807.3594 1276.9124 959.393 248.599 547.6 4780.7608 1818.4036;
];
