function windprofile = ex_wind_profilesh1
%EX_WIND_PROFILE_D  Example wind_load_nyiso profile data for deterministic unit commitment.
% 2022.03.12
% Andres F. Ramirez


%% define constants
[GEN_BUS, PG, QG, QMAX, QMIN, VG, MBASE, GEN_STATUS, PMAX, PMIN, ...
    MU_PMAX, MU_PMIN, MU_QMAX, MU_QMIN, PC1, PC2, QC1MIN, QC1MAX, ...
    QC2MIN, QC2MAX, RAMP_AGC, RAMP_10, RAMP_30, RAMP_Q, APF] = idx_gen;
[CT_LABEL, CT_PROB, CT_TABLE, CT_TBUS, CT_TGEN, CT_TBRCH, CT_TAREABUS, ...
    CT_TAREAGEN, CT_TAREABRCH, CT_ROW, CT_COL, CT_CHGTYPE, CT_REP, ...
    CT_REL, CT_ADD, CT_NEWVAL, CT_TLOAD, CT_TAREALOAD, CT_LOAD_ALL_PQ, ...
    CT_LOAD_FIX_PQ, CT_LOAD_DIS_PQ, CT_LOAD_ALL_P, CT_LOAD_FIX_P, ...
    CT_LOAD_DIS_P, CT_TGENCOST, CT_TAREAGENCOST, CT_MODCOST_F, ...
    CT_MODCOST_X] = idx_ct;

windprofile = struct( ...
    'type', 'mpcData', ...
    'table', CT_TGEN, ...
    'rows', [1:45], ...
    'col', PMAX, ...
    'chgtype', 1, ...
    'values', [] );
windprofile.values(:,1,:) = [
	3.7985 51.3255 87.563 109.1458 15.0396 33.1606 26.634 11.9069 27.6028 26.713 49.3786 73.6632 110.8996 68.6816 182.3193 68.6877 85.2237 90.3116 86.9766 67.3098 8.878 77.3748 65.8196 88.844 94.2511 62.392 8.7718 1204.5927 790.5031 790.5031 746.5899 116.2996 289.9221 173.2557 215.3261 337.2813 1182.9178 293.0098 446.396 252.4582 120.2952 367.8618 200.5638 219.5877 1195.2399;
	3.8173 51.5796 87.3085 110.16 14.8527 32.7953 25.305 11.8987 26.5764 24.9747 46.1654 68.8698 103.683 66.0977 188.8758 71.1579 88.2885 93.5594 88.2273 68.64 8.435 76.5224 67.926 86.3372 93.5797 64.3358 7.6069 1167.1704 797.7027 797.7027 772.3826 117.4804 294.091 176.6795 207.2251 340.3532 1211.0819 282.7554 439.8542 250.6598 121.396 363.8092 203.7933 226.7926 1223.6974;
	3.7936 51.2601 86.3041 97.6361 14.1055 32.5312 22.951 10.7541 25.4826 24.4751 45.2418 67.4919 101.6086 64.4988 176.9922 66.6808 82.7336 87.6729 84.8136 67.5341 7.6503 75.9061 59.6768 83.491 76.3621 63.6312 7.9393 1164.9553 783.2909 783.2909 749.8208 115.0917 282.7119 173.8329 202.2124 334.2041 1163.2413 262.8413 441.7097 204.5414 113.9995 360.8791 183.8203 239.1043 1175.3584;
	3.7652 50.8755 86.8173 97.8146 14.4001 33.3432 20.9436 11.9894 26.1834 26.2161 48.4601 72.2929 108.8366 64.0791 163.6206 61.6431 76.4831 81.0493 85.2122 67.1186 6.9812 77.8007 58.0946 84.2103 77.0595 58.5705 8.0422 1201.9122 802.5742 802.5742 757.8286 115.3702 284.0406 172.7635 200.8967 342.4316 1233.3625 275.0583 440.2037 206.4092 111.4798 369.8867 197.9784 240.0437 1246.21;
	3.6202 48.9168 82.9456 79.4604 14.2464 32.3403 17.9634 9.8664 20.1747 25.5309 47.1934 70.4033 105.9917 66.2131 178.8533 67.3819 83.6035 88.5948 86.2167 68.4737 5.9878 75.4606 62.9069 83.7233 62.152 53.9826 7.4691 1168.2797 768.0396 768.0396 692.3978 113.1386 287.3891 176.2515 207.5871 327.6969 1139.4178 256.6719 363.5342 166.4786 111.0828 358.7612 198.6714 210.3987 1151.2867;
	3.587 48.4677 78.379 74.449 14.0746 31.7449 16.3976 7.3284 20.3898 23.8568 44.0989 65.7869 99.0418 65.02 149.7067 56.4011 69.9792 74.1571 84.6839 66.5609 5.4659 74.0715 52.6497 80.1095 51.0482 35.6402 5.7761 1182.0102 715.5211 715.5211 649.3135 103.8306 282.2796 171.328 203.8464 305.289 1152.534 242.2028 335.3532 136.7363 101.5584 352.1572 194.1242 178.4436 1164.5395;
	3.4256 46.288 67.9792 63.7669 14.3503 29.925 13.6702 5.8634 12.8919 24.5248 45.3338 67.6291 101.8152 67.5561 160.2681 60.3801 74.916 79.3886 86.5941 68.3343 4.5567 69.825 58.3013 74.775 46.5846 27.9768 4.7028 1178.8417 665.8819 665.8819 558.3009 70.4261 288.6469 175.8926 211.7977 284.1096 1108.6158 213.2411 269.694 124.7801 87.2571 331.968 163.8635 131.3427 1120.1639;
	3.6944 49.9194 71.3904 75.5513 14.7709 31.4101 16.2517 5.6542 15.739 19.6402 36.3046 54.1593 81.5365 68.275 173.0551 65.1975 80.8932 85.7226 89.0835 69.0734 5.4172 73.2903 45.8029 81.4315 55.0085 21.5536 3.8306 1204.9428 689.4956 689.4956 659.6407 70.0446 296.945 177.7951 214.0513 294.1848 1123.3744 225.0792 250.8956 147.3443 88.6188 348.4432 166.2472 150.709 1135.0762;
	3.1115 42.0432 60.268 68.9272 14.628 26.5776 16.0467 3.6181 20.9242 22.0174 40.6988 60.7146 91.4055 67.4252 163.5148 61.6032 76.4337 80.9969 87.1776 67.4533 5.3489 62.0143 48.2182 79.0819 49.3542 14.0031 2.6082 1220.7384 745.9114 745.9114 757.4466 91.5192 290.5921 173.625 211.3873 318.2555 1097.3487 262.0391 239.7137 132.1987 60.1955 294.8339 152.063 152.9207 1108.7794;
	2.5585 34.5706 48.6007 62.8948 14.5361 19.3393 18.1272 2.2658 20.2069 19.3869 35.8364 53.4608 80.485 64.9081 163.8966 61.7471 76.6121 81.186 90.6748 69.873 6.0424 45.1251 44.0168 67.1749 28.8167 8.7711 1.2549 1156.9031 781.3722 781.3722 778.7897 108.0782 302.2492 179.8532 203.4956 333.3855 1168.3768 257.1094 340.5705 77.1877 51.6882 214.5376 129.6731 116.7988 1180.5473;
	2.2288 30.116 36.1319 47.8848 14.0414 15.7404 16.942 1.6445 18.5518 15.5978 28.8322 43.012 64.7543 65.7349 160.6313 60.5169 75.0858 79.5685 85.0771 71.5331 5.6473 36.7277 35.8935 49.4274 21.1512 6.9145 8.6852 1109.7267 772.991 772.991 745.0319 108.5587 283.5904 184.1264 206.0879 329.8095 1078.3253 248.5875 364.8247 56.6549 42.4902 174.6138 97.6973 88.5979 1089.5579;
	1.4765 19.9509 26.8376 25.9834 10.2953 11.8234 18.3914 1.5681 17.4688 16.3247 30.1759 45.0165 67.7722 62.201 163.4641 61.5841 76.4099 80.9717 80.8179 69.3718 6.1305 27.5879 41.7137 38.3288 18.4001 8.0939 4.3058 998.5261 704.8478 704.8478 718.4573 103.9629 269.393 178.5631 195.0084 300.735 1007.0287 210.8643 365.9885 49.2859 33.0122 131.1605 67.7521 72.8312 1017.5186;
	1.0299 13.9165 25.7063 25.6744 9.7971 9.7998 18.9892 2.612 16.66 14.0829 26.0319 38.8345 58.4652 63.6883 162.1005 61.0704 75.7726 80.2963 83.1999 68.2202 6.3297 22.8663 40.7437 37.9896 20.9927 13.6082 2.9044 944.6404 747.1907 747.1907 702.2275 94.889 277.3329 175.5991 199.6713 318.8014 1015.3489 214.5559 411.8968 56.2305 30.7465 108.7128 53.0571 55.9122 1025.9254;
	0.8436 11.3984 21.7636 31.055 8.3049 9.3334 13.5112 2.7921 13.4636 16.9566 31.3439 46.759 70.3954 61.6677 180.1136 67.8567 84.1926 89.2191 86.7612 71.6757 4.5037 21.7779 51.0149 33.5302 21.0959 13.9632 4.1006 956.9218 689.8775 689.8775 699.1424 95.4393 289.2041 184.4935 193.3366 294.3477 873.5826 209.8238 397.2175 56.5068 28.0705 103.5383 41.9249 64.5329 882.6825;
	0.8465 11.4384 20.7408 10.398 6.9508 9.0743 10.7365 2.2325 13.2101 16.6422 30.7629 45.8922 69.0905 59.0311 175.1706 65.9945 81.8821 86.7706 72.2471 72.4092 3.5788 21.1734 58.202 39.0497 19.1793 9.2922 3.7048 769.9491 604.8089 604.8089 567.0145 78.9158 240.8236 186.3814 185.0706 258.0518 706.2443 197.7633 317.3174 51.3731 29.4558 100.6644 31.7147 57.9369 713.601;
	0.7124 9.6257 7.1395 23.9695 7.6979 0.1619 5.2158 1.2175 9.8311 14.6592 27.0974 40.424 60.8581 59.8008 174.1888 65.6246 81.4231 86.2842 76.6742 71.3771 1.7386 0.3777 54.139 10.3275 9.6276 4.0138 2.2445 760.52 490.5155 490.5155 490.7587 75.2022 255.5807 183.7249 187.4836 209.2866 540.8435 185.4805 198.4657 25.7881 25.973 1.7957 0.0 23.5299 546.4773;
	0.501 6.7693 2.3767 7.0985 6.3219 0.9451 2.7656 0.1749 10.9704 17.299 31.9769 47.7032 71.8169 57.0482 170.941 64.401 79.905 84.6754 72.1635 68.5632 0.9219 2.2053 54.1558 24.4649 13.9264 3.9623 1.6773 740.3882 484.0142 484.0142 526.0157 77.243 240.545 176.4819 178.8538 206.5127 637.6109 190.7884 180.3117 37.3027 21.98 10.4846 0.0102 8.8778 644.2527;
	1.0228 13.8205 3.8375 29.8643 2.5605 0.0007 0.0 0.0351 0.4757 15.6804 28.9849 43.2398 65.0973 56.0278 135.6886 51.1199 63.4265 67.2132 78.3257 59.4145 0.0 0.0017 51.8262 36.0538 15.0758 3.4781 1.44 652.0056 496.8141 496.8141 607.518 86.0216 261.0858 152.9331 175.6548 211.974 614.6254 208.5008 193.3738 40.3815 68.3898 0.0083 0.1265 7.7975 621.0277;
	0.425 5.7427 24.1575 40.7842 0.0 0.0 0.0 1.4187 0.0 21.0565 38.9226 58.0649 87.4163 55.976 116.4128 43.8579 54.4162 57.665 2.1156 60.5364 0.0 0.0 52.7001 45.8634 21.7112 5.1536 1.7275 672.0268 460.927 460.927 594.3606 83.3684 7.052 155.8208 175.4922 196.6622 595.7111 190.9852 214.4893 58.155 84.0897 0.0 0.0007 0.2682 601.9165;
