function windprofile = ex_wind_profilesh1
%EX_WIND_PROFILE_D  Example wind_load_nyiso profile data for deterministic unit commitment.
% 2022.03.12
% Andres F. Ramirez


%% define constants
[GEN_BUS, PG, QG, QMAX, QMIN, VG, MBASE, GEN_STATUS, PMAX, PMIN, ...
    MU_PMAX, MU_PMIN, MU_QMAX, MU_QMIN, PC1, PC2, QC1MIN, QC1MAX, ...
    QC2MIN, QC2MAX, RAMP_AGC, RAMP_10, RAMP_30, RAMP_Q, APF] = idx_gen;
[CT_LABEL, CT_PROB, CT_TABLE, CT_TBUS, CT_TGEN, CT_TBRCH, CT_TAREABUS, ...
    CT_TAREAGEN, CT_TAREABRCH, CT_ROW, CT_COL, CT_CHGTYPE, CT_REP, ...
    CT_REL, CT_ADD, CT_NEWVAL, CT_TLOAD, CT_TAREALOAD, CT_LOAD_ALL_PQ, ...
    CT_LOAD_FIX_PQ, CT_LOAD_DIS_PQ, CT_LOAD_ALL_P, CT_LOAD_FIX_P, ...
    CT_LOAD_DIS_P, CT_TGENCOST, CT_TAREAGENCOST, CT_MODCOST_F, ...
    CT_MODCOST_X] = idx_ct;

windprofile = struct( ...
    'type', 'mpcData', ...
    'table', CT_TGEN, ...
    'rows', [1:45], ...
    'col', PMAX, ...
    'chgtype', 1, ...
    'values', [] );
windprofile.values(:,1,:) = [
	3.2529 43.9535 83.6854 92.484 14.2197 30.4724 28.5314 12.0394 27.5128 27.6177 51.051 76.158 114.6555 63.6295 185.9388 70.0514 86.9156 92.1046 84.4692 71.1471 9.5105 71.1023 68.6669 70.4584 82.4652 64.1092 8.1702 1180.9955 728.9157 728.9157 724.479 113.6808 281.564 183.1329 199.487 311.004 1101.6621 285.9258 458.5838 220.889 113.7218 338.0406 176.3514 208.3536 1113.1377;
	3.5873 48.4719 82.8154 98.3458 14.346 31.1316 27.6365 10.8417 27.2564 26.0855 48.2186 71.9327 108.2943 55.7898 189.2061 71.2823 88.4429 93.723 80.2666 69.3875 9.2122 72.6404 70.5811 77.2526 92.7762 60.394 6.8159 1183.7503 759.8846 759.8846 751.2681 113.5743 267.5552 178.6037 174.9084 324.2174 1192.2597 265.4412 453.4035 248.5076 114.8649 345.353 189.5182 228.2887 1204.679;
	3.5947 48.5727 85.0648 91.8199 15.0023 32.067 24.75 9.8102 27.6564 26.8542 49.6395 74.0524 111.4855 57.8132 186.4906 70.2592 87.1735 92.3779 84.2085 68.1586 8.25 74.823 70.1424 82.6661 82.7779 59.0783 7.1627 1237.376 776.105 776.105 773.6368 112.8577 280.6951 175.4405 181.252 331.1381 1178.4791 263.1117 465.8596 221.7265 118.1603 355.7301 180.4915 232.2252 1190.755;
	3.5834 48.4202 85.3595 93.148 14.9981 32.4493 21.0046 10.4967 26.7503 25.5764 47.2776 70.5288 106.1808 55.5187 179.8179 67.7453 84.0544 89.0726 83.9227 67.7618 7.0015 75.715 70.247 82.8108 84.8803 53.1914 7.0472 1136.5648 770.6369 770.6369 725.5525 105.879 279.7422 174.419 174.0587 328.8051 1127.6402 251.8207 441.9069 227.3581 117.7336 359.9707 177.7005 228.8231 1139.3865;
	3.5466 47.9218 80.3772 77.9619 15.1212 31.907 18.418 7.7253 24.642 26.0904 48.2277 71.9462 108.3147 60.2418 185.2895 69.8067 86.6121 91.7829 82.0098 69.1651 6.1393 74.4497 71.9452 81.0758 66.2881 46.1424 2.9383 1184.7218 756.0448 756.0448 687.6561 100.4225 273.3659 178.0311 188.8663 322.5791 1117.4708 247.6558 410.3679 177.5575 114.1332 353.9551 189.885 202.9363 1129.1111;
	3.2788 44.3037 65.2682 67.5415 14.489 29.706 15.6836 5.7041 23.2025 27.1212 50.133 74.7886 112.5939 61.4594 174.2293 65.6399 81.4421 86.3043 79.9 66.9432 5.2279 69.3141 70.3369 77.8745 52.8915 33.992 0.8 1242.352 742.0453 742.0453 641.827 94.7253 266.3334 172.3119 192.6834 316.606 1175.907 225.6066 339.6844 141.6735 103.6893 329.5389 183.2064 157.3566 1188.156;
	2.9226 39.4911 63.8 55.3597 14.1321 28.4498 13.7523 4.6708 17.6995 26.172 48.3786 72.1714 108.6536 64.4829 176.6492 66.5516 82.5732 87.503 81.2593 67.668 4.5841 66.3829 70.2426 70.2321 43.3798 21.5594 0.3621 1175.1097 687.8112 687.8112 528.1101 67.2198 270.8644 174.1775 202.1627 293.4661 1115.8163 193.5402 257.2807 116.1958 78.5832 315.6035 149.3383 116.845 1127.4394;
	3.5239 47.6151 69.6445 67.7058 14.6847 29.1505 14.7208 5.0635 15.8031 23.2687 43.0119 64.1652 96.6004 66.1758 177.0832 66.7151 82.7761 87.7179 83.8928 67.909 4.9069 68.0179 58.999 81.3786 54.7356 19.1681 1.5453 1215.4482 705.0354 705.0354 568.9856 65.3248 279.6427 174.7979 207.47 300.8151 1144.3281 197.5883 241.4054 146.6133 82.6887 323.3765 143.6907 132.5746 1156.2482;
	2.9743 40.1892 59.632 61.8889 14.4552 25.3114 15.0971 3.7714 20.2957 22.6875 41.9375 62.5625 94.1876 66.7837 169.0018 63.6704 78.9985 83.7148 82.1191 64.6092 5.0324 59.0599 51.0186 78.4123 53.3444 10.4772 1.8794 1207.6138 790.375 790.375 697.0302 92.4216 273.7303 166.3041 209.3758 337.2267 1135.5724 231.2163 234.9876 142.8868 59.8007 280.7876 147.4574 147.6625 1147.4012;
	2.786 37.6445 50.5411 62.4688 14.6651 20.3289 18.7423 1.9418 19.3826 19.0767 35.2629 52.6054 79.1971 66.0336 150.7174 56.7819 70.4516 74.6577 80.9147 66.5215 6.2474 47.4342 41.4367 71.2979 37.4666 3.8638 1.0882 1101.8806 790.469 790.469 746.6391 113.9544 269.7157 171.2266 207.0244 337.2668 1164.9989 236.1193 353.4224 100.357 48.0713 225.5157 130.6121 122.5762 1177.1343;
	2.2267 30.0881 34.6052 44.5712 13.6962 15.0112 17.403 1.0871 16.729 15.6796 28.9835 43.2377 65.0942 62.4846 155.3782 58.5378 72.6303 76.9664 82.5882 68.6793 5.801 35.0262 32.5848 52.4887 24.1854 4.9757 1.7218 1114.1554 769.2248 769.2248 693.7714 108.8921 275.2939 176.7806 195.8975 328.2026 1102.0702 221.2774 381.4903 64.7823 41.3019 166.5246 91.9843 96.8624 1113.5501;
	1.6021 21.6474 24.1276 25.3259 9.7304 11.2091 19.1846 1.0492 16.1952 15.9254 29.4378 43.9154 66.1144 64.0487 161.5341 60.857 75.5078 80.0157 86.6927 67.901 6.3949 26.1547 38.3776 35.1854 19.646 5.2024 0.9611 1017.9904 711.2186 711.2186 669.4976 106.5885 288.9758 174.7772 200.8014 303.4533 1041.984 200.2925 379.9776 52.6231 32.9374 124.3468 67.0716 75.347 1052.838;
	1.0549 14.2538 24.4626 23.7387 9.4405 8.0098 17.7872 1.6476 14.3591 14.0819 26.0303 38.832 58.4614 63.5576 154.6685 58.2705 72.2985 76.6149 78.0765 62.9791 5.9291 18.6895 39.7595 37.0838 21.9544 9.6529 2.3918 949.6837 721.3827 721.3827 672.7849 99.3141 260.2549 162.1084 199.2616 307.7899 1028.221 212.4555 404.6422 58.8064 32.2027 88.8552 52.0153 55.1767 1038.9316;
	0.8698 11.7527 22.0396 29.6092 8.3073 8.1522 12.2897 2.3573 12.6365 19.2199 35.5277 53.0003 79.7916 63.8532 167.9548 63.276 78.5091 83.1962 81.6071 68.1056 4.0966 19.0217 55.3015 38.0403 26.346 11.801 3.3465 855.7848 656.1792 656.1792 646.6532 97.6057 272.0237 175.3041 200.1885 279.9698 828.0722 222.284 394.3261 70.5697 31.2203 90.4347 36.1795 57.6788 836.6979;
	0.8495 11.4781 21.9756 8.2973 6.7175 7.6473 9.7286 2.2604 11.9058 17.2132 31.8184 47.4667 71.4609 63.1854 167.6517 63.1618 78.3674 83.0461 74.4243 70.6052 3.2429 17.8437 55.7308 49.6089 28.5798 8.7391 3.4869 715.6073 594.2454 594.2454 587.7425 83.8394 248.0811 181.7379 198.0949 253.5447 735.3648 202.6972 322.3332 76.5531 28.7462 84.8341 31.5454 53.8753 743.0249;
	0.782 10.5663 17.3229 27.8828 6.5555 0.0 5.0743 1.2128 9.1146 14.9251 27.5887 41.157 61.9616 63.5708 163.2893 61.5183 76.3282 80.8851 77.3298 69.8373 1.6914 0.0 52.877 41.5559 25.1605 4.6373 2.151 821.2817 525.143 525.143 521.0479 79.2539 257.7661 179.7614 199.3029 224.061 621.2927 185.7466 225.3616 67.3943 31.7028 0.0 0.0 20.9509 627.7645;
	0.4471 6.0409 5.0305 23.3655 6.0214 0.0037 1.8535 0.5864 7.5184 17.1953 31.7852 47.4173 71.3865 57.2529 166.1627 62.6008 77.6714 82.3085 81.9722 63.3053 0.6178 0.0087 51.1316 39.9275 16.8153 4.7815 1.4774 735.9912 500.3491 500.3491 524.4606 83.523 273.2407 162.948 179.4957 213.4823 689.4268 184.2171 198.1154 45.041 36.9069 0.0413 0.0 5.743 696.6084;
	1.0544 14.2474 0.0778 1.6492 2.6182 0.0 0.0 0.0 0.0 20.2833 37.4933 55.9326 84.2063 62.5159 128.2379 48.3129 59.9437 63.5225 84.3162 51.1125 0.0 0.0 63.3899 29.537 7.9663 0.4512 0.7774 733.5646 488.7664 488.7664 577.3323 89.2123 281.0541 131.5636 195.9959 208.5403 687.8873 196.0242 326.0628 21.3384 76.5706 0.0 0.0 7.7205 695.0528;
	0.5051 6.8255 22.9782 38.6704 0.9538 0.0 0.0 0.4821 0.0 20.4441 37.7905 56.376 84.8738 59.525 102.7291 38.7026 48.0199 50.8867 12.8457 56.569 0.0 0.0 46.6863 30.1647 6.8614 0.4024 1.0662 789.1192 491.0221 491.0221 585.3748 87.7554 42.8189 145.6087 186.619 209.5027 652.835 182.8495 320.9366 18.3786 88.2894 0.0 0.0 5.7944 659.6354;
