function windprofile = ex_wind_profilesh1
%EX_WIND_PROFILE_D  Example wind_load_nyiso profile data for deterministic unit commitment.
% 2022.03.12
% Andres F. Ramirez


%% define constants
[GEN_BUS, PG, QG, QMAX, QMIN, VG, MBASE, GEN_STATUS, PMAX, PMIN, ...
    MU_PMAX, MU_PMIN, MU_QMAX, MU_QMIN, PC1, PC2, QC1MIN, QC1MAX, ...
    QC2MIN, QC2MAX, RAMP_AGC, RAMP_10, RAMP_30, RAMP_Q, APF] = idx_gen;
[CT_LABEL, CT_PROB, CT_TABLE, CT_TBUS, CT_TGEN, CT_TBRCH, CT_TAREABUS, ...
    CT_TAREAGEN, CT_TAREABRCH, CT_ROW, CT_COL, CT_CHGTYPE, CT_REP, ...
    CT_REL, CT_ADD, CT_NEWVAL, CT_TLOAD, CT_TAREALOAD, CT_LOAD_ALL_PQ, ...
    CT_LOAD_FIX_PQ, CT_LOAD_DIS_PQ, CT_LOAD_ALL_P, CT_LOAD_FIX_P, ...
    CT_LOAD_DIS_P, CT_TGENCOST, CT_TAREAGENCOST, CT_MODCOST_F, ...
    CT_MODCOST_X] = idx_ct;

windprofile = struct( ...
    'type', 'mpcData', ...
    'table', CT_TGEN, ...
    'rows', [1:45], ...
    'col', PMAX, ...
    'chgtype', 1, ...
    'values', [] );
windprofile.values(:,1,:) = [
	3.6349 49.1151 86.8103 106.2074 14.6808 31.2587 29.5272 10.7221 27.9537 28.7332 53.1129 79.2341 119.2865 69.3952 175.5131 66.1236 82.0422 86.9402 89.1458 73.0472 9.8424 72.9371 72.884 81.8203 86.8878 59.3796 7.9391 1199.9681 778.9129 778.9129 754.2753 104.1755 297.1528 188.0237 217.5632 332.3362 1183.404 309.2283 474.3714 232.7353 113.3904 346.7637 192.1395 229.2418 1195.7311;
	3.7311 50.4153 86.8468 106.9237 14.9253 31.4586 29.8281 9.9596 28.2811 26.7687 49.4815 73.8167 111.1306 69.0675 183.6829 69.2015 85.8611 90.9871 88.9801 73.3108 9.9427 73.4035 72.5315 80.2989 90.9731 60.3812 7.1423 1165.4121 758.7502 758.7502 738.283 106.0031 296.6004 188.7021 216.5359 323.7334 1222.7989 292.5455 475.8984 243.678 110.9406 348.981 201.2401 235.4825 1235.5364;
	3.7835 51.1229 86.0467 94.0973 14.3787 31.9248 27.1672 9.5643 28.1359 26.58 49.1328 73.2964 110.3473 67.0516 184.1005 69.3588 86.0563 91.194 88.787 72.4721 9.0557 74.4911 69.6119 80.4473 79.5903 54.7469 8.3874 1240.4555 802.2348 802.2348 772.7245 115.6064 295.9567 186.5433 210.2158 342.2869 1237.9949 292.3559 466.8007 213.1884 111.9826 354.1522 186.6128 242.7328 1250.8907;
	3.6896 49.8548 86.458 94.8585 14.6575 31.5905 23.9261 10.9626 27.8853 26.8886 49.7032 74.1474 111.6286 68.3368 186.6802 70.3307 87.2621 92.4718 90.4417 73.099 7.9754 73.7111 71.2392 82.5135 81.6852 54.4747 8.5897 1207.7755 810.824 810.824 778.5948 112.4268 301.4725 188.1571 214.2452 345.9516 1212.3073 289.0374 448.2426 218.7995 111.1847 350.4437 186.4469 239.8137 1224.9355;
	3.5789 48.3583 81.5437 79.2152 14.7477 30.7054 21.337 9.3552 25.7543 26.9022 49.7283 74.1848 111.6848 69.3526 191.047 71.9758 89.3034 94.6349 91.467 73.6738 7.1123 71.6458 71.2167 83.9856 69.788 50.8426 7.8115 1152.2545 820.678 820.678 763.2532 114.1074 304.89 189.6366 217.4298 350.1559 1176.6993 286.608 419.8174 186.932 106.4794 340.6248 196.52 209.8455 1188.9566;
	3.5926 48.5443 79.852 71.7732 14.5481 30.2005 18.3788 6.9169 25.7473 27.888 51.5505 76.9032 115.7774 69.2547 184.7668 69.6098 86.3677 91.524 90.0105 69.9639 6.1263 70.4679 71.0387 81.0543 53.9252 32.5082 5.7434 1166.3509 753.6252 753.6252 672.2236 98.7112 300.0349 180.0874 217.1228 321.5468 1136.2517 241.3922 365.0088 144.4426 82.0772 335.0245 189.8104 172.3134 1148.0877;
	3.4081 46.0513 71.595 60.6843 14.6971 28.3011 16.0352 5.748 19.9604 27.47 50.7778 75.7506 114.042 69.3994 189.8219 71.5143 88.7307 94.0281 89.1275 72.1983 5.3451 66.0359 72.0769 75.5139 46.6067 23.9235 4.7931 1177.4619 692.2624 692.2624 559.3656 65.3463 297.0916 185.8387 217.5765 295.3653 1062.0742 216.1169 298.0461 124.8393 62.6574 313.9537 162.7082 135.288 1073.1375;
	3.6 48.6433 72.0977 70.6441 14.4485 29.5474 17.0626 5.6469 18.6255 23.9389 44.2507 66.0134 99.3828 68.434 185.1141 69.7407 86.5301 91.6961 87.496 67.5433 5.6875 68.944 57.7673 82.2168 57.5322 19.6547 3.6724 1221.253 701.3444 701.3444 616.6998 63.7094 291.6533 173.8567 214.5497 299.2403 1101.5157 214.7951 274.0669 154.1041 83.9605 327.7796 154.8492 148.6063 1112.9898;
	2.9199 39.4548 61.5079 67.7598 14.8852 24.8556 16.0272 4.0617 22.7468 23.1134 42.7248 63.7369 95.9556 68.3527 181.7126 68.4592 84.9401 90.0111 87.4111 67.7135 5.3424 57.9963 53.9968 83.5624 58.6825 12.7767 2.8353 1237.1409 800.949 800.949 751.1676 87.8822 291.3705 174.2948 214.295 341.7383 1140.2611 260.3794 246.3623 157.1852 62.1932 275.7312 146.1886 159.1503 1152.1388;
	2.6593 35.9327 48.1699 58.575 14.8247 18.0916 19.3078 2.1047 23.28 19.7583 36.5229 54.4849 82.0268 68.0219 184.6795 69.5769 86.3269 91.4808 90.9521 72.6595 6.4359 42.2137 50.8912 71.3736 37.3491 8.3796 1.3158 1114.8557 770.8409 770.8409 731.6641 103.2297 303.1736 187.0257 213.2579 328.8921 1099.0599 245.0379 370.4107 100.0424 45.9689 200.6958 125.3002 122.8142 1110.5085;
	2.0246 27.3569 35.2203 41.6653 13.9336 13.3437 19.022 0.8776 21.648 16.3161 30.16 44.9929 67.7365 68.187 185.3577 69.8324 86.644 91.8167 91.5411 72.5082 6.3407 31.1352 41.5818 54.5524 24.6573 5.2095 0.7547 1147.6332 774.1317 774.1317 745.4652 101.5993 305.1371 186.6362 213.7755 330.2962 1125.5448 250.8293 404.2205 66.0464 33.147 148.0256 91.5066 85.825 1137.2693;
	1.3206 17.8443 22.3749 23.164 9.1226 9.5116 19.1428 0.4212 19.2366 15.4991 28.6498 42.7399 64.3446 68.0563 183.0628 68.9678 85.5712 90.6799 90.625 71.9146 6.3809 22.1937 44.4801 31.3754 17.2532 4.2041 0.6314 1019.6697 714.1571 714.1571 710.214 101.0159 302.0833 185.1084 213.3656 304.707 1030.5871 225.1206 398.427 46.214 23.5022 105.5152 64.3588 59.4496 1041.3224;
	1.0103 13.6508 21.7546 21.782 8.619 7.6094 18.8742 0.3679 16.1615 12.5363 23.1731 34.5697 52.0445 67.0759 173.7717 65.4675 81.2281 86.0776 88.8934 70.5923 6.2914 17.7554 40.6018 28.7785 18.183 5.4673 1.5966 968.2894 705.7379 705.7379 662.9241 94.4953 296.3114 181.7047 210.292 301.1148 971.7756 225.0504 422.6151 48.7045 25.1556 84.414 49.8871 42.9473 981.8983;
	0.8193 11.0699 21.6851 30.1813 7.8289 8.5491 13.4051 1.3563 13.4034 16.9048 31.2483 46.6163 70.1807 67.163 181.2508 68.2852 84.7242 89.7824 90.0429 72.4974 4.4684 19.9479 52.4692 35.869 25.5599 10.0019 3.2339 903.8633 648.5189 648.5189 668.6589 92.2138 300.1431 186.6084 210.5652 276.7014 824.8691 228.7281 411.5852 68.4639 26.1102 94.838 39.0202 61.1099 833.4615;
	0.8171 11.0409 22.3116 8.103 6.6703 8.1989 11.9057 1.734 12.2736 15.64 28.9103 43.1284 64.9296 68.1064 174.3752 65.6948 81.5103 86.3765 82.1132 72.2803 3.9686 19.1307 54.8918 43.3346 25.0647 6.6502 3.4342 805.8583 609.4765 609.4765 601.8154 78.5372 273.7107 186.0497 213.5229 260.0433 764.2444 208.4531 338.018 67.1376 28.4905 90.9527 34.0196 55.5881 772.2053;
	0.9093 12.287 18.7751 29.3083 6.6785 5.5498 6.3212 1.0012 10.2399 14.4425 26.6968 39.8263 59.9583 68.9165 170.1085 64.0874 79.5158 84.263 81.7802 71.2741 2.1071 12.9496 51.8441 40.7496 22.5892 3.4588 2.2502 831.0614 503.6418 503.6418 505.194 76.2908 272.6006 183.4596 216.0626 214.8872 584.5422 190.7935 257.9665 60.5069 31.9021 61.5662 37.829 31.8297 590.6312;
	0.4844 6.5447 0.0853 1.6503 4.999 0.2782 3.7637 0.0 12.1993 16.652 30.7809 45.9191 69.131 66.0013 175.2013 66.0061 81.8964 86.7858 82.0313 68.5851 1.2546 0.6492 51.1254 37.9368 10.8297 3.3322 1.4816 746.7463 492.4569 492.4569 526.0146 76.6183 273.4377 176.5383 206.9231 210.1149 668.6525 193.0251 261.8768 29.0083 33.4499 3.0865 14.6382 67.7013 675.6176;
	0.8348 11.2802 0.0 0.0 0.5055 0.0 0.1559 0.0 1.5643 18.568 34.3227 51.2027 77.0854 64.8387 135.1297 50.9093 63.1653 66.9364 84.7952 55.0448 0.052 0.0 64.0728 10.671 7.1882 1.0335 1.3949 747.3155 485.9847 485.9847 560.0905 84.7791 282.6507 141.6855 203.278 207.3535 689.1969 201.9659 341.7586 19.254 70.4539 0.0 3.0649 14.7011 696.376;
	0.3557 4.8061 20.3263 32.6945 0.0 0.0 0.3702 1.3172 4.1525 22.7795 42.1076 62.8162 94.5695 66.1778 117.2977 44.1912 54.8299 58.1033 17.6712 62.4407 0.1234 0.0 70.7625 37.6141 14.2089 6.429 2.0045 809.1403 505.3294 505.3294 600.5231 80.0522 58.9039 160.7224 207.4763 215.6072 665.6553 190.436 363.0092 38.0595 85.3236 0.0 0.9615 6.8334 672.5892;
