function windprofile = ex_wind_profilesh1
%EX_WIND_PROFILE_D  Example wind_load_nyiso profile data for deterministic unit commitment.
% 2022.03.12
% Andres F. Ramirez


%% define constants
[GEN_BUS, PG, QG, QMAX, QMIN, VG, MBASE, GEN_STATUS, PMAX, PMIN, ...
    MU_PMAX, MU_PMIN, MU_QMAX, MU_QMIN, PC1, PC2, QC1MIN, QC1MAX, ...
    QC2MIN, QC2MAX, RAMP_AGC, RAMP_10, RAMP_30, RAMP_Q, APF] = idx_gen;
[CT_LABEL, CT_PROB, CT_TABLE, CT_TBUS, CT_TGEN, CT_TBRCH, CT_TAREABUS, ...
    CT_TAREAGEN, CT_TAREABRCH, CT_ROW, CT_COL, CT_CHGTYPE, CT_REP, ...
    CT_REL, CT_ADD, CT_NEWVAL, CT_TLOAD, CT_TAREALOAD, CT_LOAD_ALL_PQ, ...
    CT_LOAD_FIX_PQ, CT_LOAD_DIS_PQ, CT_LOAD_ALL_P, CT_LOAD_FIX_P, ...
    CT_LOAD_DIS_P, CT_TGENCOST, CT_TAREAGENCOST, CT_MODCOST_F, ...
    CT_MODCOST_X] = idx_ct;

windprofile = struct( ...
    'type', 'mpcData', ...
    'table', CT_TGEN, ...
    'rows', [1:45], ...
    'col', PMAX, ...
    'chgtype', 1, ...
    'values', [] );
windprofile.values(:,1,:) = [
	3.7322 50.4303 89.5354 105.38 14.594 32.5845 29.1734 11.2922 27.2946 25.584 47.2916 70.5498 106.2123 66.9682 184.5001 69.5093 86.243 91.3919 89.1855 66.7179 9.7245 76.0304 66.2312 83.9613 97.1996 62.3903 7.8815 1209.6633 800.8385 800.8385 743.0239 109.0575 297.2849 171.7319 209.9543 341.6911 1148.9597 302.78 453.6407 260.3561 116.4222 361.4704 202.9445 254.6603 1160.928;
	3.8025 51.3798 87.5201 102.1485 14.7046 32.7306 27.6358 10.8403 26.8189 21.5941 39.9164 59.5474 89.6482 64.3215 187.48 70.632 87.636 92.868 88.6276 62.3162 9.2119 76.3714 61.9241 83.8567 98.7586 58.2995 7.0695 1200.1001 783.2431 783.2431 725.6829 110.1252 295.4254 160.4021 201.6567 334.1837 1189.6981 268.8735 433.3019 264.532 112.0446 363.0913 205.3061 255.2691 1202.0908;
	3.7485 50.6499 86.2162 88.4309 14.4702 33.1253 25.7301 10.0813 26.6008 22.8697 42.2744 63.0651 94.9441 65.9739 190.6143 71.8128 89.1011 94.4206 89.2912 67.8269 8.5767 77.2925 61.7635 83.0818 86.0934 53.7226 7.2382 1202.6134 776.4834 776.4834 705.0859 103.1021 297.6374 174.5867 206.8372 331.2996 1159.1068 241.8358 434.9994 230.6073 111.1002 367.4704 190.9834 252.2872 1171.1808;
	3.6809 49.7365 85.414 91.2229 14.1937 33.0711 22.5977 10.3927 26.1843 24.2432 44.8131 66.8523 100.6458 65.1899 185.6234 69.9325 86.7682 91.9484 91.3464 68.3591 7.5326 77.166 58.8324 82.601 80.8348 46.8494 7.1291 1206.1389 788.0429 788.0429 710.8621 106.2948 304.488 175.9566 204.3793 336.2316 1196.3446 238.6134 389.6773 216.5219 110.5281 366.8691 196.0192 245.8261 1208.8065;
	3.6363 49.1344 82.4523 75.5011 14.4295 32.4006 19.3269 8.8094 22.3354 24.5253 45.3347 67.6305 101.8173 65.7727 173.5697 65.3914 81.1338 85.9776 90.9123 66.9504 6.4423 75.6015 68.6641 82.9429 69.046 39.5465 6.7147 1184.1084 775.1875 775.1875 665.4752 98.1275 303.0409 172.3304 206.2062 330.7467 1139.517 233.4304 352.4208 184.9445 108.0818 359.4311 196.3132 217.4207 1151.387;
	3.6317 49.0716 80.5208 71.812 14.3056 31.0243 17.9841 6.4951 23.1201 23.55 43.5317 64.9408 97.768 64.1635 175.6798 66.1864 82.1201 87.0228 90.9533 68.1053 5.9947 72.3901 69.4659 82.7886 51.5494 29.5208 5.3728 1221.0084 756.7956 756.7956 615.2283 89.3805 303.1777 175.3032 201.1611 322.8994 1175.1339 213.9137 340.3447 138.0786 98.4328 344.1633 188.9337 172.571 1187.3749;
	3.5735 48.2857 74.3708 63.1485 15.1007 31.2976 16.0222 5.4625 19.7164 23.7575 43.9154 65.5131 98.6296 66.7629 178.3924 67.2083 83.3881 88.3665 89.8691 68.7375 5.3407 73.0277 70.1739 79.6018 44.29 23.2305 4.2435 1275.4301 710.2931 710.2931 544.2276 62.9778 299.5638 176.9304 209.3107 303.0584 1164.9956 195.862 287.1257 118.634 88.7161 347.1945 172.737 126.0397 1177.131;
	3.7178 50.2362 71.4868 71.7784 14.955 31.9244 16.8676 5.1501 16.6237 21.5248 39.7882 59.3562 89.3605 68.6535 184.3277 69.4444 86.1625 91.3065 90.7077 68.7292 5.6225 74.4903 58.8524 82.6095 54.7029 19.2848 3.1267 1231.2315 710.2571 710.2571 646.6972 66.5881 302.3589 176.9092 215.2379 303.043 1172.5729 210.0031 267.638 146.5256 82.6559 354.1481 165.1222 141.2139 1184.7872;
	3.3233 44.9049 59.6308 65.0196 15.3138 28.0084 16.7879 3.8496 20.9929 21.5774 39.8854 59.5012 89.5788 67.5576 176.16 66.3672 82.3445 87.2606 91.494 70.0479 5.596 65.3529 55.1022 83.1339 55.86 13.5938 2.5211 1218.3999 800.9207 800.9207 731.1706 89.4867 304.9801 180.3036 211.8021 341.7261 1180.7042 233.7909 269.2485 149.625 60.4356 310.7063 164.1132 153.7694 1193.0032;
	2.7622 37.3237 49.2219 59.198 15.2493 21.1685 19.4107 1.9272 18.6948 10.8468 20.0502 29.911 45.0308 65.3522 175.539 66.1333 82.0543 86.953 91.0807 68.2433 6.4702 49.3931 43.6053 70.2316 34.5415 4.9735 1.2011 1153.1842 769.1483 769.1483 677.3276 111.2917 303.6023 175.6584 204.8878 328.17 1172.3934 233.2776 336.8507 92.5218 46.7354 234.8288 142.6014 121.0439 1184.6058;
	2.3149 31.279 37.2024 42.4751 14.6592 16.0071 19.6143 1.2022 19.5575 15.5175 28.6839 42.7907 64.4212 64.7024 163.237 61.4986 76.3038 80.8593 88.2003 66.9903 6.5381 37.3499 37.1222 55.7297 23.9053 4.6744 1.6718 1153.4454 769.631 769.631 631.5703 105.9003 294.001 172.4333 202.8506 328.3759 1083.211 221.1622 388.4809 64.0321 37.8725 177.572 100.721 96.1512 1094.4944;
	1.6274 21.9897 27.5632 25.5653 11.7236 11.8215 20.9511 1.3477 17.9945 15.3947 28.4569 42.4521 63.9114 65.8564 158.5915 59.7484 74.1323 78.5581 86.3221 65.9577 6.9837 27.5834 41.3526 40.353 22.1266 5.4122 1.0643 1020.9221 714.323 714.323 599.7689 106.1121 287.7404 169.7752 206.4688 304.7778 1006.5002 194.8968 391.7083 59.2678 27.7139 131.1394 72.6758 80.9127 1016.9846;
	1.0811 14.6086 25.345 23.9124 9.8737 8.1209 18.8946 1.9887 14.3386 13.5231 24.9972 37.2909 56.1412 62.6789 168.8238 63.6034 78.9153 83.6267 85.7239 64.5178 6.2982 18.9488 40.4978 36.1428 22.6943 9.183 2.468 1056.225 719.9534 719.9534 594.9643 99.6475 285.7465 166.0691 196.5068 307.1801 1000.3166 188.4419 394.3066 60.7883 24.6836 90.088 53.7106 52.5562 1010.7366;
	0.9292 12.5554 25.3406 32.6767 8.6479 8.2969 15.0875 2.2739 12.8988 16.3635 30.2478 45.1237 67.9335 63.8098 177.2113 66.7633 82.836 87.7814 88.1198 64.8073 5.0292 19.3594 45.2079 36.7365 26.8032 8.9571 3.6464 976.8115 666.4823 666.4823 588.542 94.6668 293.7327 166.8141 200.0523 284.3658 888.1089 188.4297 419.9037 71.7944 24.8283 92.0401 45.1194 59.5767 897.36;
	0.8377 11.3192 23.5247 6.5336 7.544 8.0756 12.2906 1.6287 12.8274 15.6278 28.8877 43.0948 64.879 62.5634 157.0388 59.1635 73.4065 77.789 79.5102 59.1357 4.0969 18.843 53.1153 48.2493 23.5626 5.7341 2.786 825.4417 604.7923 604.7923 545.5265 76.8992 265.0338 152.2154 196.1448 258.0447 783.9198 170.5371 355.8172 63.114 18.8704 89.5849 38.5275 52.4059 792.0856;
	0.8678 11.726 15.7315 21.4875 7.5172 0.125 6.0657 0.2619 8.887 12.0905 22.3492 33.3406 50.194 59.1281 142.4431 53.6646 66.5839 70.559 78.2454 60.2615 2.0219 0.2917 28.1607 30.0675 14.9705 0.7498 0.9192 787.6318 480.9996 480.9996 506.5123 76.0299 260.8179 155.1133 185.3745 205.2265 584.585 169.2721 238.4773 40.0995 14.4323 1.3869 7.2861 24.1648 590.6744;
	0.4735 6.3985 0.0 0.0 5.7928 0.0 4.1371 0.0 10.6517 17.2587 31.9024 47.5921 71.6497 61.5344 151.4865 57.0717 70.8111 75.0387 79.6438 61.7088 1.379 0.0 41.5639 19.3807 5.4633 3.0607 0.4917 776.0195 515.5656 515.5656 580.0278 76.4886 265.4794 158.8387 192.9186 219.9746 716.3821 178.7926 238.1186 14.6338 5.5865 0.0 0.3428 6.7139 723.8444;
	1.0711 14.4728 1.017 0.0 2.5224 1.4901 8.9508 0.0 5.7242 18.5706 34.3274 51.2097 77.0959 63.9919 131.8187 49.6619 61.6176 65.2962 87.0998 56.5391 2.9836 3.4768 54.6571 10.8595 9.4572 0.0 0.4459 763.26 540.4196 540.4196 638.661 85.2036 290.3328 145.5319 200.6234 230.579 753.2243 204.2983 339.2706 25.3318 40.6068 16.5298 11.4537 1.9592 761.0704;
	0.4829 6.5255 18.3995 0.0 0.2218 1.1287 7.1122 0.0 1.7782 16.9265 31.2885 46.6762 70.2708 63.0266 109.743 41.345 51.2985 54.3611 28.5526 56.7845 2.3707 2.6336 57.3218 15.2966 7.1488 0.0 0.0 782.9939 528.4679 528.4679 648.632 82.6504 95.1754 146.1636 197.597 225.4797 701.5583 186.9065 351.8405 19.1485 49.363 12.5208 50.1199 0.0 708.8662;
