function windprofile = ex_wind_profilesh1
%EX_WIND_PROFILE_D  Example wind_load_nyiso profile data for deterministic unit commitment.
% 2022.03.12
% Andres F. Ramirez


%% define constants
[GEN_BUS, PG, QG, QMAX, QMIN, VG, MBASE, GEN_STATUS, PMAX, PMIN, ...
    MU_PMAX, MU_PMIN, MU_QMAX, MU_QMIN, PC1, PC2, QC1MIN, QC1MAX, ...
    QC2MIN, QC2MAX, RAMP_AGC, RAMP_10, RAMP_30, RAMP_Q, APF] = idx_gen;
[CT_LABEL, CT_PROB, CT_TABLE, CT_TBUS, CT_TGEN, CT_TBRCH, CT_TAREABUS, ...
    CT_TAREAGEN, CT_TAREABRCH, CT_ROW, CT_COL, CT_CHGTYPE, CT_REP, ...
    CT_REL, CT_ADD, CT_NEWVAL, CT_TLOAD, CT_TAREALOAD, CT_LOAD_ALL_PQ, ...
    CT_LOAD_FIX_PQ, CT_LOAD_DIS_PQ, CT_LOAD_ALL_P, CT_LOAD_FIX_P, ...
    CT_LOAD_DIS_P, CT_TGENCOST, CT_TAREAGENCOST, CT_MODCOST_F, ...
    CT_MODCOST_X] = idx_ct;

windprofile = struct( ...
    'type', 'mpcData', ...
    'table', CT_TGEN, ...
    'rows', [1:45], ...
    'col', PMAX, ...
    'chgtype', 1, ...
    'values', [] );
windprofile.values(:,1,:) = [
	3.6385 49.1648 90.1881 110.9586 14.7096 31.8504 28.4041 12.7297 27.1622 28.3324 52.3719 78.1286 117.6222 69.2513 186.9407 70.4288 87.3839 92.6009 85.9791 71.6081 9.468 74.3175 70.9158 88.5228 98.2507 62.8711 8.9285 1151.914 745.5443 745.5443 757.5906 117.1685 286.5969 184.3195 217.1123 318.0989 1083.4173 306.8924 462.3042 263.1715 116.4197 353.3266 193.5995 245.2398 1094.7029;
	3.6677 49.5582 88.8195 111.2711 14.6509 32.1037 29.2767 12.3538 27.0678 27.6536 51.1172 76.2569 114.8043 69.6068 193.4151 72.868 90.4103 95.8079 85.6191 71.8162 9.7589 74.9085 74.0899 88.4644 100.2563 63.4473 7.8327 1175.3585 793.4304 793.4304 781.7749 118.3857 285.3971 184.8551 218.2267 338.5303 1209.4324 292.9899 471.0028 268.5436 116.1569 356.1365 201.1195 238.638 1222.0307;
	3.6093 48.7692 88.8526 97.901 14.563 32.6676 26.0424 11.3483 27.5391 28.0006 51.7586 77.2137 116.2448 67.5529 190.9438 71.937 89.2551 94.5838 86.9654 70.2834 8.6808 76.2245 72.0576 87.4717 86.5682 59.6805 8.4536 1162.9744 773.9681 773.9681 751.4159 118.8065 289.8845 180.9096 211.7875 330.2264 1134.9894 270.6906 467.4844 231.8792 113.5712 362.393 186.3975 241.8753 1146.8122;
	3.6343 49.107 88.3898 100.1857 14.6928 32.8399 22.9125 11.54 26.5372 28.518 52.7151 78.6406 118.393 66.5272 192.5924 72.5581 90.0258 95.4004 86.9064 71.7164 7.6375 76.6264 72.4402 87.4764 85.4415 53.7949 8.0345 1100.192 783.9329 783.9329 749.3434 116.4707 289.688 184.5981 208.5718 334.478 1163.876 278.7143 442.5012 228.8612 107.5683 364.304 195.9948 233.0485 1175.9997;
	3.6973 49.9591 86.6765 90.4769 15.0865 33.2716 19.8406 9.9148 24.2581 28.102 51.9462 77.4935 116.666 66.4931 187.4566 70.6232 87.6251 92.8564 86.3408 71.3773 6.6135 77.6337 73.1231 89.0274 73.9758 50.2341 7.6488 1186.858 755.3604 755.3604 720.5252 111.9963 287.8025 183.7253 208.4649 322.2871 1153.4474 264.4865 389.5787 198.1496 112.4209 369.0928 203.1083 218.2087 1165.4625;
	3.6224 48.9468 81.2063 78.9792 15.0709 31.5331 17.5044 7.4677 24.9019 29.1611 53.9039 80.414 121.0628 61.7769 177.0321 66.6958 82.7522 87.6927 85.1962 70.8652 5.8348 73.5772 73.1206 85.1733 55.7753 34.6974 6.0331 1130.1457 707.3681 707.3681 629.647 95.0002 283.9872 182.4072 193.679 301.8104 1073.726 221.0342 348.3453 149.3982 97.4823 349.8071 193.2631 174.7196 1084.9106;
	3.3791 45.6594 67.898 62.0574 15.0006 28.4708 15.2094 5.2338 18.9597 27.3238 50.5076 75.3474 113.4351 62.6928 173.6517 65.4223 81.1721 86.0182 81.0714 69.5421 5.0698 66.432 70.3135 79.629 46.7291 24.2367 4.4538 1154.3007 684.4239 684.4239 543.132 66.1507 270.238 179.0014 196.5504 292.0208 1059.2684 203.5716 271.1103 125.1671 82.3589 315.8365 161.3851 128.9816 1070.3024;
	3.5027 47.3286 67.6693 70.3452 14.7281 29.2156 15.2146 5.5906 15.7561 24.0658 44.4852 66.3631 99.9093 62.8759 147.9408 55.7358 69.1537 73.2823 76.4639 64.5442 5.0715 68.1697 55.0099 83.3387 57.1411 20.6948 3.7951 1118.6412 660.1878 660.1878 595.6982 68.2653 254.8797 166.1369 197.1246 281.6801 1020.464 197.369 240.573 153.0565 89.8358 324.0983 156.4736 139.3585 1031.0938;
	2.8305 38.2456 51.5113 63.5794 14.247 23.2446 14.7097 3.7426 18.4297 22.1457 40.936 61.0685 91.9382 64.2671 160.6962 60.5413 75.1161 79.6007 84.3355 63.2165 4.9032 54.2373 48.7684 83.2244 55.925 12.2768 2.198 1117.8876 772.6982 772.6982 748.6395 91.4983 281.1183 162.7194 201.486 329.6846 1064.9481 234.1802 228.6447 149.799 59.1608 257.8596 145.7553 132.9276 1076.0413;
	2.528 34.1587 42.9096 57.4941 14.0228 18.0671 19.3185 2.0445 20.4533 18.5348 34.2613 51.1111 76.9475 65.8934 148.4174 55.9154 69.3765 73.5184 81.1599 59.6554 6.4395 42.1565 40.2361 68.0112 34.2645 5.0589 1.0496 1050.1555 782.4379 782.4379 724.0267 112.7488 270.5329 153.5531 206.5849 333.8402 1109.2909 235.5488 343.8203 91.7798 42.7252 200.4241 134.2276 106.0814 1120.846;
	1.9363 26.1631 32.8952 42.0606 12.865 13.8996 19.0937 1.1822 19.2137 13.1468 24.3017 36.2534 54.5793 63.754 151.457 57.0605 70.7973 75.024 74.0344 64.0029 6.3646 32.4324 32.3607 52.4263 22.4324 4.4369 0.7762 1074.1591 776.2663 776.2663 740.4943 110.256 246.7815 164.7436 199.8774 331.2069 1083.2408 243.145 370.9631 60.0867 35.8004 154.1928 92.3533 71.4683 1094.5245;
	1.4967 20.2238 26.4199 26.304 9.1226 10.4951 19.1515 1.2703 16.6078 16.1966 29.9393 44.6635 67.2406 59.7268 156.4076 58.9257 73.1115 77.4763 82.8842 62.9243 6.3838 24.4885 41.4213 36.3949 17.8177 5.515 1.1057 882.1808 727.1482 727.1482 681.4858 107.4072 276.2806 161.9674 187.2517 310.2499 954.3792 216.7653 389.2863 47.7259 28.177 116.4254 68.1026 62.2406 964.3206;
	1.1424 15.4358 24.5806 27.5269 8.4076 8.288 19.1568 2.4176 15.4931 13.0093 24.0475 35.8741 54.0082 53.0703 164.9238 62.1341 77.0923 81.6948 84.4817 58.9382 6.3856 19.3388 39.3499 35.2785 21.2768 9.3313 2.449 904.1951 739.7062 739.7062 695.3209 106.6056 281.6058 151.707 166.3824 315.608 987.2823 228.8874 412.2898 56.9914 28.5155 91.9421 54.162 40.3026 997.5665;
	0.8556 11.5604 19.1851 30.6694 7.6025 8.5964 13.404 2.7897 13.0065 17.5119 32.3704 48.2903 72.7007 55.5126 170.5042 64.2365 79.7008 84.4591 86.7197 65.874 4.468 20.0584 52.42 36.2697 23.6657 6.8595 3.5029 871.9871 697.7589 697.7589 709.5186 101.5234 289.0656 169.5598 174.0394 297.7104 864.3362 225.8398 380.4518 63.3904 29.4432 95.3632 43.4547 52.987 873.3397;
	0.8001 10.811 17.8893 4.456 5.9761 7.781 11.204 2.6217 12.3886 15.6406 28.9113 43.13 64.932 54.1673 164.0991 61.8234 76.7068 81.2863 79.9444 66.6379 3.7347 18.1557 50.8929 48.8071 25.2963 5.5827 3.3728 772.3212 626.7038 626.7038 608.9878 88.1744 266.4813 171.526 169.8217 267.3936 775.6401 192.3662 305.1176 67.758 26.0163 86.3173 33.8215 44.3108 783.7197;
	0.8108 10.9557 16.3966 28.0962 6.9802 0.0 5.7529 2.0228 9.5895 14.8299 27.4128 40.8945 61.5665 59.9136 151.9454 57.2446 71.0257 75.266 77.2687 63.5258 1.9176 0.0 47.7204 45.604 25.6351 4.1373 2.6589 755.5519 542.566 542.566 562.7555 84.5806 257.5624 163.5155 187.8371 231.4948 627.7251 186.9714 207.8655 68.6653 30.3505 0.0 0.002 20.3364 634.2639;
	0.4355 5.8846 0.3768 0.39 4.9658 0.2185 4.4028 8.3707 10.6691 17.3934 32.1515 47.9637 72.2091 59.1644 155.4915 58.5805 72.6832 77.0225 72.982 61.8989 1.4676 0.5099 42.2362 39.414 14.9371 3.7263 1.6922 745.7282 542.4634 542.4634 585.5137 86.3432 243.2735 159.3279 185.4883 231.4511 762.1174 188.9984 224.2079 40.01 37.1275 2.4242 5.5278 0.0 770.0561;
	1.0719 14.4831 9.1954 1.1204 0.9885 1.0888 8.6262 8.1992 0.0 19.2638 35.6089 53.1214 79.974 62.6973 109.2823 41.1715 51.0831 54.1329 76.7049 48.6709 2.8754 2.5406 48.5689 35.4859 16.1614 5.4127 1.7229 694.7489 535.8546 535.8546 626.8092 93.4181 255.6829 125.2791 196.5645 228.6313 750.6939 209.6489 330.145 43.2896 78.7147 12.079 1.1853 25.854 758.5137;
	0.5008 6.7669 24.6603 38.9249 0.0 0.3476 4.5331 2.4158 0.0016 22.6036 41.7825 62.3313 93.8394 56.8089 102.4296 38.5898 47.8799 50.7384 6.1955 57.2185 1.511 0.811 65.1307 47.4194 24.764 9.1089 2.1563 712.1305 514.2008 514.2008 640.4859 86.212 20.6517 147.2807 178.1037 219.3924 656.6715 194.5208 335.5771 66.3322 86.4456 3.8559 0.0 62.642 663.5119;
