function solarprofile = ex_solar_profilesh1
%EX_WIND_PROFILE_D  Example wind_load_nyiso profile data for deterministic unit commitment.
% 2022.03.12
% Andres F. Ramirez


%% define constants
[GEN_BUS, PG, QG, QMAX, QMIN, VG, MBASE, GEN_STATUS, PMAX, PMIN, ...
    MU_PMAX, MU_PMIN, MU_QMAX, MU_QMIN, PC1, PC2, QC1MIN, QC1MAX, ...
    QC2MIN, QC2MAX, RAMP_AGC, RAMP_10, RAMP_30, RAMP_Q, APF] = idx_gen;
[CT_LABEL, CT_PROB, CT_TABLE, CT_TBUS, CT_TGEN, CT_TBRCH, CT_TAREABUS, ...
    CT_TAREAGEN, CT_TAREABRCH, CT_ROW, CT_COL, CT_CHGTYPE, CT_REP, ...
    CT_REL, CT_ADD, CT_NEWVAL, CT_TLOAD, CT_TAREALOAD, CT_LOAD_ALL_PQ, ...
    CT_LOAD_FIX_PQ, CT_LOAD_DIS_PQ, CT_LOAD_ALL_P, CT_LOAD_FIX_P, ...
    CT_LOAD_DIS_P, CT_TGENCOST, CT_TAREAGENCOST, CT_MODCOST_F, ...
    CT_MODCOST_X] = idx_ct;

solarprofile = struct( ...
    'type', 'mpcData', ...
    'table', CT_TGEN, ...
    'rows', [1:12], ...
    'col', PMAX, ...
    'chgtype', 1, ...
    'values', [] );
solarprofile.values(:,1,:) = [
	0.0 0.0 0.0 0.0 0.0 0.0 0.0 0.0 0.0 0.0 0.0 0.0;
	0.0 0.0 0.0 0.0 0.0 0.0 0.0 0.0 0.0 0.0 0.0 0.0;
	0.0 0.0 0.0 0.0 0.0 0.0 0.0 0.0 0.0 0.0 0.0 0.0;
	0.0 0.0 0.0 0.0 0.0 0.0 0.0 0.0 0.0 0.0 0.0 0.0;
	0.0 0.0 0.0 0.0 0.0 0.0 0.0 0.0 0.0 0.0 0.0 0.0;
	0.1575 0.1621 0.24 0.0 0.0 0.0 0.0 0.0 0.0 0.0 0.0 0.0;
	9.5928 7.1081 5.7277 0.556 0.0529 72.8916 9.1115 24.8419 47.4541 71.1338 23.1021 128.8238;
	16.7165 13.498 9.9197 1.5457 2.4134 259.4 32.425 37.9478 78.7006 146.0991 32.7736 264.5863;
	19.4651 16.5729 13.3478 3.6144 5.5028 323.4416 40.4302 45.9082 127.5147 198.8945 64.8557 360.1992;
	22.1743 16.0785 13.533 4.5116 6.5666 283.4873 35.4359 45.8261 180.8097 222.3944 103.489 402.7576;
	25.926 16.5326 13.7859 3.7111 7.3291 292.352 36.544 49.2197 187.4621 241.6075 126.5655 437.5527;
	25.964 16.5331 13.7927 3.209 7.2632 271.6056 33.9507 48.4214 173.2523 226.58 82.8139 410.3378;
	25.8343 16.5546 13.7855 7.8048 10.1169 351.3585 43.9198 45.8724 208.616 331.388 61.2694 600.1457;
	22.1878 16.3881 13.7008 8.4098 9.4004 343.2778 42.9097 33.7026 205.2473 324.3718 64.6084 587.4393;
	15.1402 12.3095 9.1691 6.8369 8.1835 309.801 38.7251 21.7545 200.6486 233.9633 51.7363 423.709;
	8.3091 4.8503 3.9335 6.7633 11.1776 268.4956 33.562 29.3067 190.6065 173.3863 100.7498 314.0036;
	0.9579 0.74 0.5624 1.5751 4.0838 64.5946 8.0743 10.743 39.9332 63.2899 38.7469 114.6183;
	0.0 0.0 0.0 0.0 0.0 0.0 0.0 0.0 0.0 0.0 0.0 0.0;
	0.0 0.0 0.0 0.0 0.0 0.0 0.0 0.0 0.0 0.0 0.0 0.0;
	0.0 0.0 0.0 0.0 0.0 0.0 0.0 0.0 0.0 0.0 0.0 0.0;
	0.0 0.0 0.0 0.0 0.0 0.0 0.0 0.0 0.0 0.0 0.0 0.0;
	0.0 0.0 0.0 0.0 0.0 0.0 0.0 0.0 0.0 0.0 0.0 0.0;
	0.0 0.0 0.0 0.0 0.0 0.0 0.0 0.0 0.0 0.0 0.0 0.0;
	0.0 0.0 0.0 0.0 0.0 0.0 0.0 0.0 0.0 0.0 0.0 0.0;
];
