function solarprofile = ex_solar_profilesh1
%EX_WIND_PROFILE_D  Example wind_load_nyiso profile data for deterministic unit commitment.
% 2022.03.12
% Andres F. Ramirez


%% define constants
[GEN_BUS, PG, QG, QMAX, QMIN, VG, MBASE, GEN_STATUS, PMAX, PMIN, ...
    MU_PMAX, MU_PMIN, MU_QMAX, MU_QMIN, PC1, PC2, QC1MIN, QC1MAX, ...
    QC2MIN, QC2MAX, RAMP_AGC, RAMP_10, RAMP_30, RAMP_Q, APF] = idx_gen;
[CT_LABEL, CT_PROB, CT_TABLE, CT_TBUS, CT_TGEN, CT_TBRCH, CT_TAREABUS, ...
    CT_TAREAGEN, CT_TAREABRCH, CT_ROW, CT_COL, CT_CHGTYPE, CT_REP, ...
    CT_REL, CT_ADD, CT_NEWVAL, CT_TLOAD, CT_TAREALOAD, CT_LOAD_ALL_PQ, ...
    CT_LOAD_FIX_PQ, CT_LOAD_DIS_PQ, CT_LOAD_ALL_P, CT_LOAD_FIX_P, ...
    CT_LOAD_DIS_P, CT_TGENCOST, CT_TAREAGENCOST, CT_MODCOST_F, ...
    CT_MODCOST_X] = idx_ct;

solarprofile = struct( ...
    'type', 'mpcData', ...
    'table', CT_TGEN, ...
    'rows', [1:12], ...
    'col', PMAX, ...
    'chgtype', 1, ...
    'values', [] );
solarprofile.values(:,1,:) = [
	0.0 0.0 0.0 0.0 0.0 0.0 0.0 0.0 0.0 0.0 0.0 0.0;
	0.0 0.0 0.0 0.0 0.0 0.0 0.0 0.0 0.0 0.0 0.0 0.0;
	0.0 0.0 0.0 0.0 0.0 0.0 0.0 0.0 0.0 0.0 0.0 0.0;
	0.0 0.0 0.0 0.0 0.0 0.0 0.0 0.0 0.0 0.0 0.0 0.0;
	0.0 0.0 0.0 0.0 0.0 0.0 0.0 0.0 0.0 0.0 0.0 0.0;
	0.1575 0.1621 0.24 0.0 0.0 0.0 0.0 0.0 0.0 0.0 0.0 0.0;
	13.8018 8.7233 9.3781 1.0225 1.4442 239.0242 29.878 7.7025 20.0164 70.5087 22.9074 127.6918;
	24.7643 15.7843 13.6432 0.7612 1.7549 305.7639 38.2205 46.5995 57.9817 212.503 65.5816 384.8442;
	25.7568 16.6083 13.8631 1.1596 2.3872 284.7313 35.5914 59.8221 88.6335 263.181 110.4783 476.6223;
	25.7534 16.474 13.7624 2.1701 3.4867 89.4466 11.1808 47.9791 142.8044 246.6378 142.9483 446.6626;
	26.1458 16.5326 13.7859 3.354 7.266 86.1455 10.7682 45.2235 167.5763 294.3589 155.9408 533.0858;
	26.4232 16.5385 13.7863 4.1676 9.2093 160.9289 20.1161 46.964 192.6535 322.0054 161.1417 583.1538;
	26.4997 16.5546 13.7855 5.9723 8.8183 382.1599 47.77 64.5524 277.7263 342.3823 240.6165 620.0565;
	24.2581 16.3881 13.7008 5.5989 5.7159 392.6616 49.0827 65.3704 277.9703 336.3715 217.0041 609.1709;
	19.1686 13.9282 10.7881 4.7829 3.7241 369.8444 46.2306 60.2837 272.9289 274.3246 169.714 496.8035;
	9.1242 8.5941 5.2794 6.7552 10.2395 290.9632 36.3704 42.7077 218.5446 191.2999 124.1245 346.4452;
	1.184 1.1138 0.5882 2.3175 4.4696 60.716 7.5895 11.8283 40.7125 73.785 39.6114 133.6251;
	0.0 0.0 0.0 0.0 0.0 0.0 0.0 0.0 0.0 0.0 0.0 0.0;
	0.0 0.0 0.0 0.0 0.0 0.0 0.0 0.0 0.0 0.0 0.0 0.0;
	0.0 0.0 0.0 0.0 0.0 0.0 0.0 0.0 0.0 0.0 0.0 0.0;
	0.0 0.0 0.0 0.0 0.0 0.0 0.0 0.0 0.0 0.0 0.0 0.0;
	0.0 0.0 0.0 0.0 0.0 0.0 0.0 0.0 0.0 0.0 0.0 0.0;
	0.0 0.0 0.0 0.0 0.0 0.0 0.0 0.0 0.0 0.0 0.0 0.0;
	0.0 0.0 0.0 0.0 0.0 0.0 0.0 0.0 0.0 0.0 0.0 0.0;
];
