function loadprofile = ex_load_profilesh1
%EX_LOAD_PROFILE  Example load profile data file for stochastic unit commitment.
% 2022.03.12
% Andres F. Ramirez

%% define constants
[CT_LABEL, CT_PROB, CT_TABLE, CT_TBUS, CT_TGEN, CT_TBRCH, CT_TAREABUS, ...
    CT_TAREAGEN, CT_TAREABRCH, CT_ROW, CT_COL, CT_CHGTYPE, CT_REP, ...
    CT_REL, CT_ADD, CT_NEWVAL, CT_TLOAD, CT_TAREALOAD, CT_LOAD_ALL_PQ, ...
    CT_LOAD_FIX_PQ, CT_LOAD_DIS_PQ, CT_LOAD_ALL_P, CT_LOAD_FIX_P, ...
    CT_LOAD_DIS_P, CT_TGENCOST, CT_TAREAGENCOST, CT_MODCOST_F, ...
    CT_MODCOST_X] = idx_ct;

loadprofile = struct( ...
    'type', 'mpcData', ...
    'table', CT_TAREALOAD, ...
    'rows', [1:11], ...
    'col', CT_LOAD_ALL_P, ...
    'chgtype', 1, ...
    'values', [] );
loadprofile.values(:,1,:) = [
	1581.1456 976.1967 1666.3611 583.8882 906.9359 1155.878 936.6634 255.0 531.5361 4479.526 1829.1106;
	1585.0355 989.3808 1654.6536 590.5124 890.8811 1173.6474 932.6947 260.8 526.0661 4446.4287 1836.7693;
	1577.6723 999.9589 1679.5 592.0075 919.6615 1168.7466 927.962 264.3386 520.2 4441.1708 1801.1628;
	1640.8395 1073.7 1807.3 608.8 956.6613 1253.4893 985.1877 281.7353 558.3039 4705.6168 1901.5677;
	1818.3868 1204.4367 2020.9 642.5 1082.1483 1394.4211 1086.0681 328.5 638.0 5261.4597 2150.252;
	1901.6852 1283.6124 2176.4971 660.2951 1159.9029 1455.9586 1124.311 351.3889 687.6994 5811.1325 2263.6881;
	1916.1052 1272.6 2121.3649 650.2831 1154.8028 1457.6007 1122.9623 350.3 694.1918 6002.0823 2243.5263;
	1913.0 1259.4499 2097.3193 659.2134 1124.4969 1461.5654 1103.305 340.5572 679.1981 5888.5855 2173.2761;
	1871.4285 1248.6426 2101.8 650.4 1126.9076 1440.1558 1103.9619 342.8578 671.2196 6081.2573 2139.7335;
	1865.7372 1223.6166 2077.0993 627.6 1133.3104 1445.7014 1090.8286 327.3659 684.6501 6200.2306 2132.5676;
	1878.5793 1206.5723 2036.9398 604.4934 1089.4785 1456.8578 1050.0358 311.4307 658.9 5788.0571 2029.6033;
	1920.7427 1203.2884 2056.7455 606.187 1095.1327 1405.9827 1028.7149 316.3522 659.5674 5387.2486 1998.1644;
	1868.7811 1188.7908 2020.0069 614.6874 1063.7161 1402.8109 1045.8297 312.8563 644.2432 5675.5559 2017.695;
	1840.8945 1182.2817 1957.9075 609.7893 1031.6406 1367.8014 1075.105 308.8421 655.9112 5962.7093 2037.4541;
	1866.1803 1176.7988 1960.4673 622.6912 979.7233 1358.3975 1060.3036 298.3 669.4002 5685.6132 2049.1983;
	1825.0 1168.3953 1920.0901 635.5 1003.0796 1385.3635 1088.0637 324.8643 660.7994 5655.5188 2180.9428;
	1867.9554 1205.2737 1960.5944 636.742 1010.916 1429.095 1113.6515 296.494 658.3184 5312.054 2275.8619;
	1942.8865 1277.5 2134.2381 649.5177 1107.5866 1544.4339 1233.4528 343.4709 725.1859 6003.4256 2508.5812;
	1942.8926 1304.0801 2133.1963 648.9361 1118.3177 1541.7032 1231.793 352.3376 732.9182 6047.2438 2495.3333;
	1936.5 1247.0208 2034.5867 645.7 1072.4939 1454.4225 1182.2806 338.5249 703.9137 5810.0475 2383.4534;
	1852.8706 1152.4098 1873.711 620.6618 1008.3392 1346.7 1117.3945 298.2351 683.2096 5612.8888 2216.6603;
	1773.5116 1085.2 1794.9 588.4 945.4938 1276.8878 1065.4476 275.6162 648.309 5220.0142 2070.2654;
	1700.4365 1040.1958 1725.6926 594.4552 914.5308 1227.396 1039.3404 269.7 623.9717 5007.8867 1944.8054;
	1652.5428 1029.3125 1752.7766 603.0947 901.3888 1232.8025 1018.3507 282.7515 626.2868 5017.0346 2131.1769;
];
