function solarprofile = ex_solar_profilesh1
%EX_WIND_PROFILE_D  Example wind_load_nyiso profile data for deterministic unit commitment.
% 2022.03.12
% Andres F. Ramirez


%% define constants
[GEN_BUS, PG, QG, QMAX, QMIN, VG, MBASE, GEN_STATUS, PMAX, PMIN, ...
    MU_PMAX, MU_PMIN, MU_QMAX, MU_QMIN, PC1, PC2, QC1MIN, QC1MAX, ...
    QC2MIN, QC2MAX, RAMP_AGC, RAMP_10, RAMP_30, RAMP_Q, APF] = idx_gen;
[CT_LABEL, CT_PROB, CT_TABLE, CT_TBUS, CT_TGEN, CT_TBRCH, CT_TAREABUS, ...
    CT_TAREAGEN, CT_TAREABRCH, CT_ROW, CT_COL, CT_CHGTYPE, CT_REP, ...
    CT_REL, CT_ADD, CT_NEWVAL, CT_TLOAD, CT_TAREALOAD, CT_LOAD_ALL_PQ, ...
    CT_LOAD_FIX_PQ, CT_LOAD_DIS_PQ, CT_LOAD_ALL_P, CT_LOAD_FIX_P, ...
    CT_LOAD_DIS_P, CT_TGENCOST, CT_TAREAGENCOST, CT_MODCOST_F, ...
    CT_MODCOST_X] = idx_ct;

solarprofile = struct( ...
    'type', 'mpcData', ...
    'table', CT_TGEN, ...
    'rows', [1:12], ...
    'col', PMAX, ...
    'chgtype', 1, ...
    'values', [] );
solarprofile.values(:,1,:) = [
	0.0 0.0 0.0 0.0 0.0 0.0 0.0 0.0 0.0 0.0 0.0 0.0;
	0.0 0.0 0.0 0.0 0.0 0.0 0.0 0.0 0.0 0.0 0.0 0.0;
	0.0 0.0 0.0 0.0 0.0 0.0 0.0 0.0 0.0 0.0 0.0 0.0;
	0.0 0.0 0.0 0.0 0.0 0.0 0.0 0.0 0.0 0.0 0.0 0.0;
	0.0 0.0 0.0 0.0 0.0 0.0 0.0 0.0 0.0 0.0 0.0 0.0;
	0.1575 0.1621 0.24 0.0 0.0 0.0 0.0 0.0 0.0 0.0 0.0 0.0;
	7.1027 3.3169 2.1525 4.3685 0.9036 54.2279 6.7785 3.5883 11.6899 26.2488 21.9398 47.5368;
	14.6157 9.1396 4.0013 9.1041 5.91 227.8364 28.4796 8.7703 37.4437 63.8401 40.4515 115.6149;
	21.9949 15.9439 11.448 10.0068 10.2204 294.0962 36.762 21.0851 85.3467 151.2752 108.463 273.9603;
	25.7435 16.474 13.6943 8.0854 8.8292 263.8043 32.9755 35.8507 164.0178 230.3705 177.1435 417.2024;
	26.4029 16.5326 13.7859 7.2861 6.9983 321.043 40.1304 38.1273 203.7326 263.8681 191.6907 477.8667;
	26.5232 16.5331 13.8027 6.5206 5.4567 383.4712 47.9339 40.8478 223.4083 266.671 191.3996 482.9428;
	26.0455 16.4524 13.7855 6.8999 6.9434 449.3665 56.1708 61.694 244.0633 341.4098 244.377 618.2951;
	23.0823 16.1829 13.7008 4.9034 4.8312 446.9492 55.8687 61.7579 220.9192 333.1011 219.1718 603.2482;
	17.0769 11.7886 9.2462 2.6452 2.1339 409.3629 51.1704 55.2332 188.2573 229.7833 173.6916 416.139;
	7.4424 5.8356 2.6837 1.1452 3.0285 282.1407 35.2676 12.5949 105.5952 123.9075 121.1556 224.3973;
	0.9883 0.8062 0.5541 1.5084 3.4199 62.2744 7.7843 9.8843 35.231 63.1408 38.5624 114.3484;
	0.0 0.0 0.0 0.0 0.0 0.0 0.0 0.0 0.0 0.0 0.0 0.0;
	0.0 0.0 0.0 0.0 0.0 0.0 0.0 0.0 0.0 0.0 0.0 0.0;
	0.0 0.0 0.0 0.0 0.0 0.0 0.0 0.0 0.0 0.0 0.0 0.0;
	0.0 0.0 0.0 0.0 0.0 0.0 0.0 0.0 0.0 0.0 0.0 0.0;
	0.0 0.0 0.0 0.0 0.0 0.0 0.0 0.0 0.0 0.0 0.0 0.0;
	0.0 0.0 0.0 0.0 0.0 0.0 0.0 0.0 0.0 0.0 0.0 0.0;
	0.0 0.0 0.0 0.0 0.0 0.0 0.0 0.0 0.0 0.0 0.0 0.0;
];
