function loadprofile = ex_load_profilesh1
%EX_LOAD_PROFILE  Example load profile data file for stochastic unit commitment.
% 2022.03.12
% Andres F. Ramirez

%% define constants
[CT_LABEL, CT_PROB, CT_TABLE, CT_TBUS, CT_TGEN, CT_TBRCH, CT_TAREABUS, ...
    CT_TAREAGEN, CT_TAREABRCH, CT_ROW, CT_COL, CT_CHGTYPE, CT_REP, ...
    CT_REL, CT_ADD, CT_NEWVAL, CT_TLOAD, CT_TAREALOAD, CT_LOAD_ALL_PQ, ...
    CT_LOAD_FIX_PQ, CT_LOAD_DIS_PQ, CT_LOAD_ALL_P, CT_LOAD_FIX_P, ...
    CT_LOAD_DIS_P, CT_TGENCOST, CT_TAREAGENCOST, CT_MODCOST_F, ...
    CT_MODCOST_X] = idx_ct;

loadprofile = struct( ...
    'type', 'mpcData', ...
    'table', CT_TAREALOAD, ...
    'rows', [1:11], ...
    'col', CT_LOAD_ALL_P, ...
    'chgtype', 1, ...
    'values', [] );
loadprofile.values(:,1,:) = [
	1564.9284 980.5198 1670.3832 614.3417 804.2864 1125.659 891.1375 278.3 553.873 4535.788 1784.7891;
	1546.0 983.8832 1674.6957 600.247 787.8781 1107.6 892.2 275.6963 545.2545 4465.6368 1759.0013;
	1597.3362 1007.7907 1702.9629 612.4679 829.7944 1147.425 904.9004 283.1643 542.8858 4558.7609 1813.094;
	1708.3 1082.7429 1807.781 626.35 880.2351 1199.1574 946.9948 286.9518 576.3728 4810.8951 1938.9146;
	1833.8738 1198.3116 2020.9398 671.4572 1008.8 1357.6687 1063.716 335.9247 664.6967 5442.6134 2200.7158;
	1911.0201 1275.6077 2150.9355 672.5083 1056.2236 1411.8266 1111.5 359.4679 740.5584 5997.9823 2301.9034;
	1990.2661 1299.8896 2174.9744 669.3951 1083.0 1433.2095 1119.4862 350.3 709.217 6227.3707 2284.2063;
	2049.4516 1352.0485 2204.5737 683.2863 1057.9 1474.9387 1150.6254 342.0948 729.2068 6498.7351 2327.1061;
	2084.1661 1366.1302 2235.1649 691.2558 1041.3437 1432.4654 1162.1655 355.7778 737.7691 6513.8517 2252.7959;
	2095.5117 1384.5301 2210.6356 697.8474 1028.7998 1435.7326 1187.9466 349.0922 734.3929 6596.9301 2322.7277;
	2002.6263 1364.4208 2173.767 655.492 1013.4 1381.6294 1175.9865 353.703 725.2991 6560.538 2276.815;
	1983.1253 1310.3754 2123.0822 639.0496 999.8294 1376.6085 1170.9597 349.0 712.7358 6623.432 2335.9872;
	1973.3491 1293.2282 2108.6874 639.1349 1003.8584 1348.0128 1152.6075 346.1863 717.4815 6575.6396 2249.6566;
	1898.9 1268.1819 2064.2822 634.8343 1001.3276 1320.678 1182.7054 371.3456 755.0297 6677.2681 2360.3212;
	1888.7693 1268.2874 2069.2428 627.6489 998.8927 1342.3894 1203.7667 374.2774 765.5 6595.7395 2344.9187;
	1903.1802 1307.1238 2064.375 627.6245 987.6086 1395.5968 1196.6888 365.3488 743.6765 6592.2338 2426.433;
	1909.3564 1309.773 2083.332 648.5833 1022.6183 1433.683 1212.9287 375.8 744.0364 6393.0259 2418.0;
	1964.0837 1362.9307 2207.4611 649.1822 1125.0873 1496.8434 1290.7506 392.0879 788.4617 6470.4727 2602.8641;
	1954.7131 1361.1025 2178.7355 656.4949 1100.486 1500.3 1267.9075 367.9461 775.4169 6279.8088 2510.0313;
	1851.7 1299.485 2070.0321 647.5764 1040.7 1435.6457 1197.5345 349.7 729.1808 6105.5948 2373.4677;
	1767.0763 1162.3963 1919.562 614.0431 904.1212 1285.8091 1083.8784 317.3759 658.1 5713.0842 2224.8342;
	1685.2221 1095.6322 1795.9747 600.4663 841.7241 1207.0091 996.4987 278.3775 590.8393 5301.1804 2014.7575;
	1610.0349 1077.4716 1714.6193 604.5674 802.1803 1160.7 955.3178 273.7713 560.1898 4958.0 1936.1246;
	1573.1641 1045.8229 1722.1274 610.7326 846.9137 1148.4431 946.4 282.6 565.4708 4950.3251 2045.9288;
];
