function windprofile = ex_wind_profilesh1
%EX_WIND_PROFILE_D  Example wind_load_nyiso profile data for deterministic unit commitment.
% 2022.03.12
% Andres F. Ramirez


%% define constants
[GEN_BUS, PG, QG, QMAX, QMIN, VG, MBASE, GEN_STATUS, PMAX, PMIN, ...
    MU_PMAX, MU_PMIN, MU_QMAX, MU_QMIN, PC1, PC2, QC1MIN, QC1MAX, ...
    QC2MIN, QC2MAX, RAMP_AGC, RAMP_10, RAMP_30, RAMP_Q, APF] = idx_gen;
[CT_LABEL, CT_PROB, CT_TABLE, CT_TBUS, CT_TGEN, CT_TBRCH, CT_TAREABUS, ...
    CT_TAREAGEN, CT_TAREABRCH, CT_ROW, CT_COL, CT_CHGTYPE, CT_REP, ...
    CT_REL, CT_ADD, CT_NEWVAL, CT_TLOAD, CT_TAREALOAD, CT_LOAD_ALL_PQ, ...
    CT_LOAD_FIX_PQ, CT_LOAD_DIS_PQ, CT_LOAD_ALL_P, CT_LOAD_FIX_P, ...
    CT_LOAD_DIS_P, CT_TGENCOST, CT_TAREAGENCOST, CT_MODCOST_F, ...
    CT_MODCOST_X] = idx_ct;

windprofile = struct( ...
    'type', 'mpcData', ...
    'table', CT_TGEN, ...
    'rows', [1:45], ...
    'col', PMAX, ...
    'chgtype', 1, ...
    'values', [] );
windprofile.values(:,1,:) = [
	3.675 49.6572 89.52 101.6985 14.2548 31.9609 27.6425 12.0799 27.6893 24.8614 45.956 68.5573 103.2126 63.6885 190.9369 71.9343 89.2519 94.5803 89.6082 69.6278 9.2142 74.5753 67.3589 84.2902 98.9282 65.9404 8.9652 1195.7041 772.0327 772.0327 772.5232 111.4695 298.6939 179.2223 199.672 329.4006 1203.5118 308.0521 459.5358 264.9862 112.6006 354.5524 200.5786 245.8779 1216.0484;
	3.6699 49.5884 88.2708 102.6255 14.1433 30.9819 28.4116 11.2117 28.2988 23.5159 43.4687 64.8468 97.6264 63.8733 195.0869 73.4979 91.1918 96.6361 89.2265 67.9512 9.4705 72.291 71.7377 82.1792 97.0002 62.6021 8.0339 1192.3794 776.9435 776.9435 779.074 112.4098 297.4218 174.9065 200.2513 331.4959 1243.8896 295.2734 467.5632 259.8219 117.1025 343.6923 203.7704 240.021 1256.8468;
	3.7188 50.2496 89.8703 95.5738 14.4863 31.8804 26.3252 11.5046 28.3807 24.657 45.5781 67.9936 102.364 62.8246 193.5331 72.9125 90.4655 95.8664 89.6675 67.7699 8.7751 74.3876 70.1938 85.9297 90.2624 64.6982 9.2756 1153.9864 769.3472 769.3472 738.567 106.1566 298.8915 174.4399 196.9637 328.2548 1168.0747 269.7965 470.9173 241.7743 117.5466 353.6598 183.6957 258.4469 1180.2422;
	3.8141 51.5372 90.0943 100.0268 15.0963 32.7142 23.6985 12.479 28.1692 25.0502 46.305 69.0779 103.9964 63.058 189.7498 71.4871 88.697 93.9923 90.794 67.001 7.8995 76.3332 68.2003 86.5489 89.9917 58.4861 8.9098 1089.4472 803.2004 803.2004 734.1028 109.364 302.6465 172.4607 197.6955 342.6989 1200.3639 259.6128 470.1966 241.0491 112.4384 362.91 195.371 250.0923 1212.8677;
	3.7925 51.2452 84.9447 85.0189 14.545 31.7853 19.7899 9.4041 25.0391 26.2676 48.5553 72.4349 109.0503 64.8425 188.1878 70.8986 87.9668 93.2186 91.073 69.0641 6.5966 74.1657 69.5389 85.1109 76.0405 52.3008 7.5006 1097.5567 779.8784 779.8784 692.3694 106.4862 303.5768 177.771 203.2901 332.7481 1174.9734 250.0704 428.6215 203.6799 113.7833 352.6049 199.9642 230.2974 1187.2127;
	3.8481 51.9961 83.2415 77.9008 14.6436 32.0536 18.3979 7.3257 26.3461 27.6084 51.0336 76.1322 114.6166 64.7148 184.3636 69.4579 86.1793 91.3243 90.2656 70.031 6.1326 74.7918 69.395 80.6163 59.0347 35.3952 5.7083 1136.2278 770.4411 770.4411 636.6082 94.4356 300.8852 180.2599 202.8896 328.7215 1202.0544 220.9553 396.0716 158.1286 101.3005 355.5814 194.7135 190.2763 1214.5758;
	3.5417 47.8556 74.2359 64.2099 14.074 29.6101 15.6586 5.7977 19.8805 26.4484 48.8895 72.9335 109.801 65.3229 187.7226 70.7234 87.7494 92.9882 91.5423 69.6274 5.2195 69.0902 67.7377 72.0478 48.9741 24.4246 4.5784 1197.8183 721.7198 721.7198 530.0017 65.0018 305.1411 179.2211 204.796 307.9338 1144.1557 197.8891 298.6087 131.1805 86.9674 328.4745 164.2933 138.8642 1156.0739;
	3.6183 48.8907 69.3421 67.5532 14.1268 29.1651 15.2561 5.5349 15.9921 21.4952 39.7336 59.2748 89.2378 63.4294 184.3851 69.466 86.1893 91.335 86.3759 64.6403 5.0854 68.0518 50.4461 76.8963 57.3661 17.3801 3.2898 1215.304 714.2949 714.2949 616.0084 69.0735 287.9197 166.3842 198.8597 304.7658 1151.397 206.2491 244.7215 153.6592 82.2155 323.5377 157.7038 140.2296 1163.3908;
	2.9457 39.8027 55.9972 61.1449 13.9294 23.8149 15.895 3.9608 20.3065 13.5515 25.0498 37.3694 56.2595 64.064 178.856 67.383 83.6048 88.5961 86.8835 63.8118 5.2983 55.5681 25.4196 71.3843 53.9436 8.7186 2.5904 1252.0075 795.3354 795.3354 732.7415 93.8415 289.6117 164.2518 200.8492 339.3431 1198.292 246.6717 240.1717 144.4919 52.734 264.1867 149.1222 139.7181 1210.7742;
	2.5138 33.9665 47.1095 56.8906 13.9543 17.2283 20.1739 2.4641 22.0814 14.0182 25.9125 38.6563 58.1969 65.8794 170.4987 64.2344 79.6982 84.4563 88.4811 66.8853 6.7246 40.1993 30.9663 62.5661 33.575 5.2664 1.122 1071.7921 780.528 780.528 696.3939 108.2221 294.937 172.1629 206.5408 333.0253 1171.369 229.1983 360.974 89.933 43.2029 191.119 131.4508 105.3279 1183.5707;
	2.1518 29.076 32.8944 40.8639 12.9303 13.8668 19.2285 1.2253 20.824 15.738 29.0914 43.3987 65.3365 64.9888 164.1622 61.8472 76.7363 81.3176 87.4086 69.4769 6.4095 32.3559 32.0801 46.2395 19.5169 3.0371 0.6787 1134.9891 799.4516 799.4516 675.8315 94.8361 291.362 178.8336 203.7485 341.0993 1138.6584 225.1479 409.37 52.2775 34.3292 153.8293 90.5123 77.8492 1150.5194;
	1.4929 20.1724 20.9626 21.1387 9.212 10.5452 19.8196 1.0505 18.3651 13.003 24.0358 35.8567 53.9821 65.4039 163.7082 61.6761 76.5241 81.0927 86.319 67.2518 6.6065 24.6055 32.7833 16.5043 13.8817 4.3204 0.627 986.2087 740.5291 740.5291 615.7893 90.4777 287.7299 173.1062 205.05 315.9591 1059.0656 192.7451 385.6088 37.1831 20.5586 116.9814 66.3789 63.7026 1070.0976;
	0.9136 12.345 2.102 2.554 7.1132 7.1734 17.6343 1.5907 14.3332 1.4111 2.6085 3.8913 5.8583 61.9993 174.7199 65.8247 81.6714 86.5473 87.0712 68.3001 5.8781 16.7378 11.5852 0.8926 9.9252 8.0187 1.0142 970.9649 729.5481 729.5481 618.5135 89.0352 290.2375 175.8047 194.3762 311.2739 1026.6222 198.9139 401.0875 26.5855 9.4004 79.5765 45.0706 22.2714 1037.3162;
	0.68 9.1887 3.6666 6.7401 6.7287 7.8831 13.0642 1.5626 12.6114 13.1482 24.3042 36.2571 54.5848 65.3059 187.7331 70.7273 87.7543 92.9934 91.6068 68.4562 4.3547 18.394 28.0314 6.0644 16.0993 8.1597 2.0838 899.4259 673.6671 673.6671 610.8299 85.6973 305.3558 176.2064 204.7427 287.4313 856.0422 204.0372 390.7777 43.1232 24.6399 87.4503 37.8752 45.4775 864.9593;
	0.8494 11.4767 15.9296 0.0 6.0505 8.1871 11.5595 1.805 13.5954 6.0476 11.1789 16.6767 25.1066 66.3383 176.5115 66.4997 82.5089 87.4348 84.3682 66.5039 3.8532 19.1032 45.8595 43.9055 22.3799 6.2569 2.9037 809.6441 617.1265 617.1265 557.4966 68.627 281.2272 171.1812 207.9794 263.3073 792.716 189.7179 326.8999 59.9462 27.0607 90.8223 36.895 50.2912 800.9735;
	0.8789 11.8753 13.2663 26.3747 6.4816 3.0134 6.1152 1.1617 10.6028 4.8204 8.9104 13.2926 20.012 67.8188 175.7963 66.2302 82.1746 87.0805 84.5621 69.8834 2.0384 7.0313 44.1225 39.24 21.2163 3.4694 1.9114 837.8154 531.0962 531.0962 524.1354 75.28 281.8735 179.8801 212.6212 226.601 636.4271 182.9154 234.6521 56.8293 21.4589 33.4286 10.8984 6.3358 643.0566;
	0.5018 6.78 1.9042 1.9671 6.1407 1.3019 4.6288 0.0 13.5996 16.2276 29.9965 44.7489 67.3692 58.3969 174.0617 65.5767 81.3637 86.2213 84.3005 68.5869 1.5429 3.0379 48.5098 39.8947 16.3299 5.0949 0.5512 748.2717 501.8022 501.8022 555.9 74.6542 281.0018 176.5429 183.0822 214.1023 719.1431 190.3823 231.9265 43.7407 29.488 14.4428 10.7539 0.0164 726.6342;
	1.0387 14.0351 4.495 6.5891 2.5897 0.2663 0.0533 0.0 5.1791 12.2871 22.7126 33.8827 51.0103 61.7372 143.1145 53.9175 66.8977 70.8916 86.1326 63.2871 0.0178 0.6214 59.1678 34.5618 13.3015 4.1002 0.9853 642.9204 493.7499 493.7499 574.557 81.4122 287.1086 162.9011 193.5543 210.6666 664.1011 197.3346 291.1302 35.6291 67.0887 2.9541 20.1859 0.0 671.0189;
	0.4528 6.1179 22.0048 37.7986 2.7164 0.0 0.3293 0.7739 7.6431 20.5745 38.0316 56.7356 85.4152 60.7714 123.9695 46.7048 57.9485 61.4082 15.458 65.1178 0.1098 0.0 58.2865 46.6318 17.8438 7.0729 0.4173 642.1235 477.3865 477.3865 595.8042 76.0556 51.5266 167.6133 190.5266 203.6849 633.4293 183.8878 307.1643 47.7958 74.266 0.0 9.1193 0.0 640.0276;
