function windprofile = ex_wind_profilesh1
%EX_WIND_PROFILE_D  Example wind_load_nyiso profile data for deterministic unit commitment.
% 2022.03.12
% Andres F. Ramirez


%% define constants
[GEN_BUS, PG, QG, QMAX, QMIN, VG, MBASE, GEN_STATUS, PMAX, PMIN, ...
    MU_PMAX, MU_PMIN, MU_QMAX, MU_QMIN, PC1, PC2, QC1MIN, QC1MAX, ...
    QC2MIN, QC2MAX, RAMP_AGC, RAMP_10, RAMP_30, RAMP_Q, APF] = idx_gen;
[CT_LABEL, CT_PROB, CT_TABLE, CT_TBUS, CT_TGEN, CT_TBRCH, CT_TAREABUS, ...
    CT_TAREAGEN, CT_TAREABRCH, CT_ROW, CT_COL, CT_CHGTYPE, CT_REP, ...
    CT_REL, CT_ADD, CT_NEWVAL, CT_TLOAD, CT_TAREALOAD, CT_LOAD_ALL_PQ, ...
    CT_LOAD_FIX_PQ, CT_LOAD_DIS_PQ, CT_LOAD_ALL_P, CT_LOAD_FIX_P, ...
    CT_LOAD_DIS_P, CT_TGENCOST, CT_TAREAGENCOST, CT_MODCOST_F, ...
    CT_MODCOST_X] = idx_ct;

windprofile = struct( ...
    'type', 'mpcData', ...
    'table', CT_TGEN, ...
    'rows', [1:45], ...
    'col', PMAX, ...
    'chgtype', 1, ...
    'values', [] );
windprofile.values(:,1,:) = [
	3.7039 50.0478 85.7147 106.4765 14.9331 31.6759 29.6278 11.095 27.5703 29.213 53.9997 80.5569 121.278 67.1762 201.0226 75.7341 93.9664 99.5763 91.3653 69.9608 9.8759 73.9105 69.1801 83.5102 82.9094 58.2893 8.249 1159.1976 833.9264 833.9264 796.2145 116.5294 304.5508 180.0792 210.6064 355.8086 1142.262 327.9934 474.6934 222.0788 118.46 351.3916 202.8456 229.5727 1154.1605;
	3.849 52.0087 87.7289 109.2192 14.9797 32.5733 28.4333 11.0944 27.7115 26.7983 49.5362 73.8982 111.2534 68.8279 203.7331 76.7553 95.2334 100.919 89.6278 69.4565 9.4778 76.0044 66.402 85.214 92.7743 61.0692 7.6087 1191.0602 830.5275 830.5275 796.3297 114.7771 298.7593 178.7812 215.7849 354.3584 1241.4535 293.7449 471.7467 248.5026 120.366 361.3467 204.9018 236.977 1254.3853;
	3.7865 51.164 89.1098 98.9493 15.2676 33.0722 27.522 10.6306 28.1997 26.5685 49.1114 73.2645 110.2993 67.5595 199.9277 75.3216 93.4546 99.034 90.5505 70.9119 9.174 77.1684 59.8433 86.1874 83.1868 62.1682 8.8445 1183.6863 829.3878 829.3878 797.3119 115.5145 301.8348 182.5275 211.8082 353.8721 1197.0388 286.244 474.3032 222.8217 118.7761 366.8808 183.8816 254.7876 1209.5079;
	3.6569 49.4126 83.7397 96.318 14.9132 31.135 23.2926 11.0804 26.2994 22.8069 42.1583 62.8919 94.6834 65.0173 198.276 74.6993 92.6825 98.2158 89.3067 68.9066 7.7642 72.6483 40.8218 83.4789 77.5506 55.9014 8.1081 1118.6583 801.2792 801.2792 751.9829 115.8586 297.6889 177.3657 203.8379 341.8791 1155.348 287.8205 440.1018 207.7248 113.5685 345.3909 175.4231 244.6242 1167.3828;
	3.6501 49.3205 79.1711 80.3413 14.9056 30.8873 19.8029 9.6354 23.4041 25.0345 46.2759 69.0345 103.9311 67.2634 197.588 74.4401 92.3609 97.875 90.9812 70.5399 6.601 72.0703 55.831 83.0685 62.2706 49.8876 7.4089 1194.4949 787.2054 787.2054 715.553 111.7874 303.2707 181.5699 210.8798 335.8743 1127.9145 265.2208 391.381 166.7961 115.6595 342.6428 188.2846 218.0095 1139.6636;
	3.6819 49.7512 74.8495 72.6907 14.9664 29.5954 17.482 7.2599 23.7569 26.5594 49.0946 73.2395 110.2617 65.8546 188.3709 70.9676 88.0524 93.3093 87.6121 69.1726 5.8273 69.056 49.869 80.2472 48.9764 33.1921 5.6087 1167.2653 727.9498 727.9498 642.3827 95.3925 292.0403 178.0504 206.463 310.5919 1090.0195 220.702 345.3611 131.1867 98.9086 328.312 177.9628 169.6757 1101.3739;
	3.4255 46.2865 59.9263 58.0982 14.8048 28.2557 14.0652 5.8053 17.6778 27.2947 50.4539 75.2673 113.3144 67.9826 192.9226 72.6825 90.1801 95.564 91.3126 69.0931 4.6884 65.93 62.7622 73.5048 32.103 25.4072 4.7315 1182.3177 700.0284 700.0284 534.7006 61.9728 304.3753 177.8458 213.1345 298.6788 1061.6328 195.3682 272.5686 85.9901 78.1521 313.45 158.2959 114.8205 1072.6915;
	3.4954 47.2309 62.1332 67.6122 15.0986 27.5691 14.2023 5.3604 13.7576 22.8801 42.2936 63.0937 94.9872 67.5792 193.7118 72.9798 90.549 95.9549 90.8605 68.611 4.7341 64.3279 33.7932 80.0179 49.1387 18.7024 3.5564 1164.8339 685.3924 685.3924 595.6908 61.9456 302.8685 176.605 211.8701 292.4341 1072.3322 194.4158 224.406 131.6215 78.9421 305.8334 143.7757 130.972 1083.5023;
	2.8895 39.043 51.8655 62.0471 14.5344 22.9448 14.1695 3.4929 18.0185 20.9499 38.7257 57.7711 86.974 65.4837 185.5088 69.8893 86.7146 91.8916 91.2231 65.8489 4.7232 53.5379 29.7209 75.8061 44.6996 10.4722 2.1683 1151.8911 801.0009 801.0009 743.4382 92.8251 304.0769 169.4951 205.3002 341.7604 1120.9204 249.745 192.4307 119.7311 50.0422 254.5344 133.397 140.0042 1132.5967;
	2.6395 35.6659 46.3615 61.1301 14.2396 18.3923 17.8904 2.0402 18.666 18.4603 34.1236 50.9057 76.6383 65.2512 184.4277 69.4821 86.2092 91.356 87.8688 64.09 5.9635 42.9153 19.2341 62.3154 27.0139 4.9316 0.9721 1112.1967 772.4374 772.4374 734.7876 108.9898 292.896 164.9679 204.5714 329.5733 1117.7951 238.8635 294.108 72.3587 40.1091 204.0318 124.0292 114.9111 1129.4388;
	2.0379 27.5367 32.9303 44.6392 13.8293 13.5517 17.3348 1.3105 17.4459 13.239 24.472 36.5074 54.9617 66.3399 170.4425 64.2132 79.672 84.4285 85.6873 67.9212 5.7783 31.6205 2.8597 45.3961 19.4265 4.9375 1.0237 1151.9778 799.2863 799.2863 750.651 107.5082 285.6243 174.8293 207.9847 341.0288 1140.7177 245.8024 336.7297 52.0352 31.7045 150.3331 90.3329 88.1076 1152.6002;
	1.453 19.6328 25.3482 25.2986 9.6734 9.7332 18.1044 1.3485 15.8336 13.0216 24.0702 35.908 54.0593 64.9465 174.8123 65.8595 81.7146 86.5931 85.7641 65.9851 6.0348 22.7108 6.8708 29.8141 17.1606 6.2667 0.9332 1025.8192 716.5052 716.5052 676.4541 101.6188 285.8803 169.8457 203.616 305.7089 1031.9905 210.5961 342.7918 45.9658 25.1524 107.9737 63.6358 60.382 1042.7404;
	0.9643 13.0299 25.1538 25.4923 8.8612 7.076 17.8069 2.3955 14.9268 12.6259 23.3387 34.8167 52.4164 61.3776 187.5566 70.6609 87.6718 92.906 85.9527 68.9682 5.9356 16.5108 12.8643 28.4364 18.8135 11.2105 2.6556 1053.3914 760.9519 760.9519 699.7608 102.3485 286.5091 177.5243 192.4271 324.6728 1055.89 220.5511 398.3247 50.3933 27.4362 78.4969 49.2281 43.1986 1066.8889;
	0.7844 10.5988 17.621 32.9741 8.0363 7.9613 13.7013 2.8418 13.5668 16.4632 30.432 45.3985 68.3472 62.0256 183.7277 69.2183 85.882 91.0093 88.1565 67.7042 4.5671 18.5763 26.9819 30.0704 20.8752 11.7513 3.9713 983.0445 700.4055 700.4055 664.9561 95.6378 293.8549 174.2707 194.4585 298.8397 870.2825 212.223 407.6566 55.9156 31.8201 88.317 38.2019 39.4394 879.348;
	0.8587 11.6031 22.2215 46.4207 6.6918 8.5571 10.9372 2.2838 14.1123 16.3514 30.2253 45.0902 67.883 62.3717 165.5212 62.3592 77.3716 81.9907 81.3235 68.081 3.6457 19.9666 51.0099 43.6042 23.7374 7.199 3.6197 838.4844 637.7817 637.7817 583.7489 77.7936 271.0783 175.2406 195.5438 272.1202 784.3295 190.0616 323.9733 63.5824 29.3297 94.9268 32.9011 51.1857 792.4996;
	0.6992 9.4477 15.0287 29.9824 6.3139 0.0078 5.6998 1.4723 9.3453 13.9259 25.7418 38.4017 57.8136 64.0606 164.2611 61.8844 76.7825 81.3665 82.5521 67.9919 1.8999 0.0182 46.2357 23.0233 21.4361 3.4564 2.3043 783.1605 540.3671 540.3671 538.9466 75.0413 275.1737 175.0112 200.8387 230.5566 620.2496 184.4123 235.0008 57.4182 24.8998 0.0867 0.0 25.3745 626.7106;
	0.4836 6.534 0.2944 9.5047 5.832 0.2123 4.1857 3.5335 12.5301 16.9057 31.2499 46.6187 70.1842 63.8068 162.4963 61.2196 75.9576 80.4924 84.9661 62.7813 1.3952 0.4953 54.1661 23.9849 14.1941 4.9868 1.6557 747.8495 541.0569 541.0569 576.8947 74.3646 283.2203 161.5993 200.0428 230.851 731.3814 197.0493 233.0918 38.0199 28.5249 2.355 9.8902 58.0214 739.0;
	1.1045 14.9241 20.8472 69.9604 2.493 7.8062 4.1413 2.0404 7.036 20.8804 38.5972 57.5794 86.6855 64.0208 139.9474 52.7244 65.4173 69.3228 88.6736 57.0373 1.3804 18.2144 66.8776 37.1247 15.3507 2.6654 1.8433 667.8652 532.3127 532.3127 614.4143 81.6292 295.5787 146.8142 200.7139 227.1201 716.5799 213.2048 329.9239 41.1181 71.2098 86.5966 29.1221 115.9204 724.0443;
