function solarprofile = ex_solar_profilesh1
%EX_WIND_PROFILE_D  Example wind_load_nyiso profile data for deterministic unit commitment.
% 2022.03.12
% Andres F. Ramirez


%% define constants
[GEN_BUS, PG, QG, QMAX, QMIN, VG, MBASE, GEN_STATUS, PMAX, PMIN, ...
    MU_PMAX, MU_PMIN, MU_QMAX, MU_QMIN, PC1, PC2, QC1MIN, QC1MAX, ...
    QC2MIN, QC2MAX, RAMP_AGC, RAMP_10, RAMP_30, RAMP_Q, APF] = idx_gen;
[CT_LABEL, CT_PROB, CT_TABLE, CT_TBUS, CT_TGEN, CT_TBRCH, CT_TAREABUS, ...
    CT_TAREAGEN, CT_TAREABRCH, CT_ROW, CT_COL, CT_CHGTYPE, CT_REP, ...
    CT_REL, CT_ADD, CT_NEWVAL, CT_TLOAD, CT_TAREALOAD, CT_LOAD_ALL_PQ, ...
    CT_LOAD_FIX_PQ, CT_LOAD_DIS_PQ, CT_LOAD_ALL_P, CT_LOAD_FIX_P, ...
    CT_LOAD_DIS_P, CT_TGENCOST, CT_TAREAGENCOST, CT_MODCOST_F, ...
    CT_MODCOST_X] = idx_ct;

solarprofile = struct( ...
    'type', 'mpcData', ...
    'table', CT_TGEN, ...
    'rows', [1:12], ...
    'col', PMAX, ...
    'chgtype', 1, ...
    'values', [] );
solarprofile.values(:,1,:) = [
	0.0 0.0 0.0 0.0 0.0 0.0 0.0 0.0 0.0 0.0 0.0 0.0;
	0.0 0.0 0.0 0.0 0.0 0.0 0.0 0.0 0.0 0.0 0.0 0.0;
	0.0 0.0 0.0 0.0 0.0 0.0 0.0 0.0 0.0 0.0 0.0 0.0;
	0.0 0.0 0.0 0.0 0.0 0.0 0.0 0.0 0.0 0.0 0.0 0.0;
	0.0 0.0 0.0 0.0 0.0 0.0 0.0 0.0 0.0 0.0 0.0 0.0;
	0.1575 0.1621 0.24 0.0 0.0 0.0 0.0 0.0 0.0 0.0 0.0 0.0;
	3.6657 1.5323 2.9385 2.1161 1.6853 198.3476 24.7934 32.497 29.9945 98.5849 21.6918 178.5379;
	9.593 8.1289 4.3231 6.0479 4.5892 335.0859 41.8857 47.8906 94.8766 245.0042 23.3535 443.7042;
	15.7498 14.3981 10.5676 9.5968 5.9489 325.7231 40.7154 45.6554 138.9508 320.0002 66.2102 579.5223;
	21.8505 10.4614 12.6802 10.9847 4.9269 180.8067 22.6008 36.4906 181.6401 322.4984 151.4997 584.0466;
	25.0053 13.1054 13.7627 10.0629 3.7338 133.4275 16.6784 44.3656 191.16 326.3437 177.8776 591.0103;
	25.8833 15.2623 13.7863 8.8016 4.1136 119.6465 14.9558 49.4273 202.6948 283.3573 164.9064 513.1618;
	25.8343 15.4291 13.1452 10.3313 12.194 304.8591 38.1074 69.7515 277.2737 339.9842 81.8975 615.7135;
	22.8297 15.3505 12.6363 10.4311 12.8645 354.6579 44.3322 70.9403 278.3324 330.9623 80.97 599.3747;
	17.3473 9.6897 7.9256 9.2905 13.0891 365.1547 45.6443 70.4453 282.7104 246.9804 61.5137 447.283;
	8.9496 4.5722 4.7352 7.2199 13.2207 406.3132 50.7891 66.1228 272.2684 182.3119 108.8709 330.1679;
	0.9551 0.7969 0.5467 1.5489 3.6779 80.0501 10.0063 12.7472 48.4755 65.8481 39.0965 119.2513;
	0.0 0.0 0.0 0.0 0.0 0.0 0.0 0.0 0.0 0.0 0.0 0.0;
	0.0 0.0 0.0 0.0 0.0 0.0 0.0 0.0 0.0 0.0 0.0 0.0;
	0.0 0.0 0.0 0.0 0.0 0.0 0.0 0.0 0.0 0.0 0.0 0.0;
	0.0 0.0 0.0 0.0 0.0 0.0 0.0 0.0 0.0 0.0 0.0 0.0;
	0.0 0.0 0.0 0.0 0.0 0.0 0.0 0.0 0.0 0.0 0.0 0.0;
	0.0 0.0 0.0 0.0 0.0 0.0 0.0 0.0 0.0 0.0 0.0 0.0;
	0.0 0.0 0.0 0.0 0.0 0.0 0.0 0.0 0.0 0.0 0.0 0.0;
];
