function loadprofile = ex_load_profilesh1
%EX_LOAD_PROFILE  Example load profile data file for stochastic unit commitment.
% 2022.03.12
% Andres F. Ramirez

%% define constants
[CT_LABEL, CT_PROB, CT_TABLE, CT_TBUS, CT_TGEN, CT_TBRCH, CT_TAREABUS, ...
    CT_TAREAGEN, CT_TAREABRCH, CT_ROW, CT_COL, CT_CHGTYPE, CT_REP, ...
    CT_REL, CT_ADD, CT_NEWVAL, CT_TLOAD, CT_TAREALOAD, CT_LOAD_ALL_PQ, ...
    CT_LOAD_FIX_PQ, CT_LOAD_DIS_PQ, CT_LOAD_ALL_P, CT_LOAD_FIX_P, ...
    CT_LOAD_DIS_P, CT_TGENCOST, CT_TAREAGENCOST, CT_MODCOST_F, ...
    CT_MODCOST_X] = idx_ct;

loadprofile = struct( ...
    'type', 'mpcData', ...
    'table', CT_TAREALOAD, ...
    'rows', [1:11], ...
    'col', CT_LOAD_ALL_P, ...
    'chgtype', 1, ...
    'values', [] );
loadprofile.values(:,1,:) = [
	1500.9886 981.3 1736.1377 548.8 888.8404 1186.4485 886.9033 278.3 537.8549 4801.3695 1766.7198;
	1519.6713 969.3395 1708.1946 523.8145 855.0 1188.3989 898.3307 284.786 533.4931 4650.7138 1768.3;
	1572.8048 1008.8164 1782.5742 563.7959 883.9011 1212.1828 903.8348 283.7733 545.2033 4613.1855 1782.2413;
	1665.5015 1064.9787 1929.1246 580.6405 941.6 1269.9217 969.9343 305.6268 583.3993 4822.3595 1897.5297;
	1795.5364 1161.5562 2117.8442 601.7637 1054.3751 1418.4 1091.9037 365.5056 648.8609 5474.6442 2110.7582;
	1926.5438 1240.1 2251.1688 610.3626 1114.7903 1540.2141 1174.805 392.1038 721.0146 6116.8024 2288.6866;
	1882.8711 1243.431 2228.6656 608.3 1085.3926 1536.824 1199.3834 397.5069 738.0556 6389.2947 2322.9562;
	1929.797 1238.9 2218.8754 604.9879 1122.6 1505.9899 1164.5 376.2405 728.1314 6537.939 2319.6289;
	1925.7253 1243.8638 2233.2628 610.0 1116.3277 1508.3021 1157.5529 364.6444 736.3417 6588.5248 2311.7;
	1938.7943 1251.7 2218.3585 627.3334 1095.3917 1506.7614 1194.6422 363.4 739.8194 6608.898 2332.368;
	1931.2697 1205.2 2156.3 615.9841 1074.0518 1465.7843 1141.1941 344.2858 727.0429 6590.4112 2219.3117;
	1907.445 1191.938 2118.0395 594.0932 1062.6565 1454.7 1175.2 351.5096 767.3273 6704.0171 2324.0234;
	1878.0865 1182.3549 2065.5487 604.605 1047.7121 1429.1271 1141.2809 347.7016 753.2257 6567.978 2212.4141;
	1825.4696 1175.2613 2051.0166 612.2992 1027.8104 1401.5381 1132.8346 372.0367 750.8284 6480.8659 2195.3115;
	1829.244 1168.8536 2029.1004 597.7069 998.9332 1397.8412 1151.4765 368.3207 765.5 6576.1409 2194.5108;
	1820.8464 1171.8 2034.3479 598.3 1042.3409 1424.2131 1113.7823 378.2696 758.365 6602.9219 2320.7694;
	1903.8943 1214.3322 2090.8176 606.6045 1062.3104 1482.8321 1164.9993 405.1288 780.9495 6643.2692 2419.5819;
	1970.1136 1281.6 2158.9 611.5919 1118.5849 1551.4375 1216.6 399.4 806.836 6479.4559 2525.1765;
	1957.7756 1266.1 2132.0 612.3615 1078.6814 1547.9054 1214.2509 389.933 784.6363 6273.7 2489.9266;
	1883.8718 1184.6882 2019.8122 590.9608 1040.2175 1498.0 1167.8083 375.6712 741.1906 6036.4198 2413.5;
	1802.6534 1133.0 1911.9571 573.356 965.0731 1411.9353 1121.7538 363.4378 712.9805 5800.055 2248.5744;
	1714.1546 1072.5862 1828.1889 567.9798 920.1 1314.3396 1033.7 324.6233 626.4899 5311.7158 2099.9593;
	1627.7617 1000.6234 1763.8849 562.3574 878.0342 1208.3893 945.0 294.2 606.7304 5001.1566 1877.5296;
	1586.5974 955.8983 1715.0409 588.5 843.0 1188.7616 917.6115 273.3 592.787 4753.9835 1820.2069;
];
