function loadprofile = ex_load_profilesh1
%EX_LOAD_PROFILE  Example load profile data file for stochastic unit commitment.
% 2022.03.12
% Andres F. Ramirez

%% define constants
[CT_LABEL, CT_PROB, CT_TABLE, CT_TBUS, CT_TGEN, CT_TBRCH, CT_TAREABUS, ...
    CT_TAREAGEN, CT_TAREABRCH, CT_ROW, CT_COL, CT_CHGTYPE, CT_REP, ...
    CT_REL, CT_ADD, CT_NEWVAL, CT_TLOAD, CT_TAREALOAD, CT_LOAD_ALL_PQ, ...
    CT_LOAD_FIX_PQ, CT_LOAD_DIS_PQ, CT_LOAD_ALL_P, CT_LOAD_FIX_P, ...
    CT_LOAD_DIS_P, CT_TGENCOST, CT_TAREAGENCOST, CT_MODCOST_F, ...
    CT_MODCOST_X] = idx_ct;

loadprofile = struct( ...
    'type', 'mpcData', ...
    'table', CT_TAREALOAD, ...
    'rows', [1:11], ...
    'col', CT_LOAD_ALL_P, ...
    'chgtype', 1, ...
    'values', [] );
loadprofile.values(:,1,:) = [
	1493.3597 950.7082 1593.5069 557.4665 800.8285 1103.9856 835.919 256.0 459.3319 4315.2482 1681.0603;
	1447.4905 950.5652 1584.7097 541.1725 796.8216 1115.2022 832.641 253.0166 459.8981 4382.1306 1694.825;
	1473.1523 971.2886 1618.6318 560.7369 813.3366 1134.1009 834.7535 254.6889 484.5228 4382.1933 1708.3253;
	1523.8856 1040.1206 1749.9572 588.2906 892.275 1200.4709 900.0616 284.129 503.518 4613.1245 1829.2187;
	1716.4982 1175.0891 1967.6 625.4388 1012.9844 1330.91 1000.5036 325.8312 574.4867 5190.2938 2046.658;
	1864.3535 1254.5158 2102.3237 630.9 1106.7176 1400.4335 1087.1541 332.4772 650.1893 5929.5095 2184.537;
	1854.967 1247.4 2116.4577 629.8837 1100.4555 1402.6686 1101.6793 351.9752 669.3 6325.4302 2152.5235;
	1859.1606 1249.8499 2092.8852 605.9734 1057.0278 1373.0147 1111.2125 342.7668 683.8386 6513.3902 2185.5195;
	1910.0657 1238.9 2063.3299 607.4497 1026.4007 1356.7287 1058.2175 336.3866 666.3153 6403.5814 1979.1492;
	1926.3221 1252.5774 2049.0 602.8386 1041.1731 1310.5165 1059.0445 347.9102 654.1973 6509.5777 2015.4929;
	1906.2902 1216.655 1979.8399 592.7016 1025.4797 1264.971 1024.7 341.3213 645.9801 6422.3834 1940.5581;
	1842.1582 1203.0 1953.3115 596.4 998.6309 1250.7149 994.7006 324.999 656.8133 6352.2484 1950.2584;
	1850.8029 1212.4 1964.0821 598.8034 1001.158 1272.3791 1031.3184 326.7 659.5808 6292.4659 1962.285;
	1839.6012 1224.0 1976.2 600.5372 1005.2694 1352.5171 1105.2101 326.0354 674.7 6365.2467 2137.606;
	1772.4 1176.1301 1960.5245 582.9976 949.4271 1322.8019 1094.5424 310.6168 684.3254 6291.9343 2174.3226;
	1790.7301 1185.5356 1964.7111 597.0306 959.6498 1393.7332 1118.9639 320.652 694.1214 6154.7676 2342.3506;
	1765.1547 1177.4286 1964.1061 616.7023 1002.3051 1459.1525 1158.1225 314.4105 716.8094 6260.5772 2442.3559;
	1882.8148 1242.7 2049.1896 623.76 1041.722 1520.8 1202.4362 354.1575 737.9 6357.2396 2533.0;
	1892.0771 1231.3066 2056.9504 615.3333 1058.338 1477.9315 1185.1896 367.7763 718.5732 6135.7676 2420.5741;
	1805.7073 1182.9433 1967.8016 595.3578 984.3976 1419.6496 1135.3852 347.1186 684.3531 5703.8824 2281.8784;
	1745.8864 1089.3443 1831.9226 570.158 905.9906 1285.9746 1078.4931 320.9714 638.1817 5501.2351 2107.3065;
	1642.6801 1019.7916 1747.6582 576.6311 853.9784 1226.8722 999.1705 303.5907 587.9 5147.6325 1933.8457;
	1533.4212 961.7914 1685.2023 587.3719 823.8256 1180.7858 916.295 284.5849 541.0 4864.1674 1671.4362;
	1539.2588 953.5 1661.5895 583.5617 841.7638 1147.1 894.2611 275.5223 515.025 4788.2643 1765.3129;
];
