function loadprofile = ex_load_profilesh1
%EX_LOAD_PROFILE  Example load profile data file for stochastic unit commitment.
% 2022.03.12
% Andres F. Ramirez

%% define constants
[CT_LABEL, CT_PROB, CT_TABLE, CT_TBUS, CT_TGEN, CT_TBRCH, CT_TAREABUS, ...
    CT_TAREAGEN, CT_TAREABRCH, CT_ROW, CT_COL, CT_CHGTYPE, CT_REP, ...
    CT_REL, CT_ADD, CT_NEWVAL, CT_TLOAD, CT_TAREALOAD, CT_LOAD_ALL_PQ, ...
    CT_LOAD_FIX_PQ, CT_LOAD_DIS_PQ, CT_LOAD_ALL_P, CT_LOAD_FIX_P, ...
    CT_LOAD_DIS_P, CT_TGENCOST, CT_TAREAGENCOST, CT_MODCOST_F, ...
    CT_MODCOST_X] = idx_ct;

loadprofile = struct( ...
    'type', 'mpcData', ...
    'table', CT_TAREALOAD, ...
    'rows', [1:11], ...
    'col', CT_LOAD_ALL_P, ...
    'chgtype', 1, ...
    'values', [] );
loadprofile.values(:,1,:) = [
	1518.2755 953.9599 1610.3146 534.3084 786.7063 1136.9 905.2277 297.8227 543.4066 4630.693 1876.596;
	1515.6 944.6926 1595.0042 528.0682 750.1051 1107.2307 887.2 298.3109 534.7855 4531.2756 1913.3465;
	1490.654 960.183 1611.78 547.516 751.3931 1107.932 900.4 322.1577 552.9819 4538.0354 1892.3632;
	1592.3334 1028.8815 1742.016 575.6 847.3848 1198.4338 954.8449 333.9237 585.5169 4810.7985 2148.7246;
	1801.5739 1152.2524 1998.2568 596.8038 991.0815 1367.9668 1062.8 381.5358 657.5062 5360.9834 2284.2283;
	1913.45 1219.2265 2099.0243 613.9066 1024.5541 1458.413 1111.3227 394.377 729.2968 5967.0156 2386.3029;
	1906.188 1250.8233 2145.5 598.2 1050.6636 1475.7779 1153.3567 434.3161 745.3008 6516.1468 2493.1051;
	1862.3599 1238.7305 2120.3227 582.1433 1039.7121 1467.4035 1156.8194 412.8101 723.2547 6734.9451 2532.0609;
	1846.9054 1238.5762 2124.6484 573.9764 1058.9727 1462.9565 1173.2261 384.0708 737.2343 6812.7796 2617.7853;
	1854.5364 1260.3294 2119.8897 594.9894 1060.1 1494.5236 1167.2208 379.6683 725.6198 6951.0115 2685.1687;
	1848.3979 1242.3015 2094.3 584.0241 1050.9968 1469.3578 1175.5031 360.8485 714.368 6920.6756 2686.0447;
	1838.9725 1214.0087 2094.6157 581.6776 1030.3084 1432.9178 1202.6262 377.8167 721.3 6838.2954 2681.4663;
	1821.8 1197.8094 2091.4826 570.4157 1028.138 1419.4 1152.8 368.4939 680.2 6833.3083 2524.6104;
	1803.083 1191.8885 2103.5175 582.8907 1039.9328 1441.749 1124.8694 402.9484 682.2158 6854.4707 2613.4257;
	1786.5056 1214.7842 2085.7423 604.1866 1059.5371 1454.3 1132.7613 406.7909 704.6 6872.3324 2744.2028;
	1806.4987 1231.9256 2116.0129 623.8 1066.9838 1468.133 1195.5144 419.9562 733.7 7009.4132 2774.8912;
	1820.4 1229.7078 2164.2303 627.3872 1098.3741 1509.6205 1196.5843 445.7368 742.6574 7048.5632 2938.3655;
	1892.485 1307.1562 2222.3944 643.0 1163.0094 1589.8 1291.2091 452.5332 774.6961 7097.6634 3032.7981;
	1890.3235 1309.1 2206.1629 645.8 1117.5168 1572.7171 1236.6686 439.6552 738.3174 6796.0262 2927.7;
	1818.4943 1238.4 2074.6657 627.3809 1066.8305 1501.6038 1233.4021 400.2199 702.7482 6541.9941 2725.7762;
	1783.1 1187.3948 1995.7 604.1951 1020.2 1409.0236 1154.8 371.6481 654.7683 6182.6 2432.2445;
	1696.4499 1097.0902 1912.244 598.7375 951.8231 1324.9057 1070.6796 362.9738 603.4879 5909.8814 2361.137;
	1603.502 1022.3689 1787.351 603.2992 903.8121 1242.5102 978.5763 323.3099 567.3047 5497.519 2074.8278;
	1566.9317 1009.7669 1727.3 590.6202 841.9 1206.9501 932.4386 301.8544 541.2 4955.5099 1901.776;
];
