function solarprofile = ex_solar_profilesh1
%EX_WIND_PROFILE_D  Example wind_load_nyiso profile data for deterministic unit commitment.
% 2022.03.12
% Andres F. Ramirez


%% define constants
[GEN_BUS, PG, QG, QMAX, QMIN, VG, MBASE, GEN_STATUS, PMAX, PMIN, ...
    MU_PMAX, MU_PMIN, MU_QMAX, MU_QMIN, PC1, PC2, QC1MIN, QC1MAX, ...
    QC2MIN, QC2MAX, RAMP_AGC, RAMP_10, RAMP_30, RAMP_Q, APF] = idx_gen;
[CT_LABEL, CT_PROB, CT_TABLE, CT_TBUS, CT_TGEN, CT_TBRCH, CT_TAREABUS, ...
    CT_TAREAGEN, CT_TAREABRCH, CT_ROW, CT_COL, CT_CHGTYPE, CT_REP, ...
    CT_REL, CT_ADD, CT_NEWVAL, CT_TLOAD, CT_TAREALOAD, CT_LOAD_ALL_PQ, ...
    CT_LOAD_FIX_PQ, CT_LOAD_DIS_PQ, CT_LOAD_ALL_P, CT_LOAD_FIX_P, ...
    CT_LOAD_DIS_P, CT_TGENCOST, CT_TAREAGENCOST, CT_MODCOST_F, ...
    CT_MODCOST_X] = idx_ct;

solarprofile = struct( ...
    'type', 'mpcData', ...
    'table', CT_TGEN, ...
    'rows', [1:12], ...
    'col', PMAX, ...
    'chgtype', 1, ...
    'values', [] );
solarprofile.values(:,1,:) = [
	0.0 0.0 0.0 0.0 0.0 0.0 0.0 0.0 0.0 0.0 0.0 0.0;
	0.0 0.0 0.0 0.0 0.0 0.0 0.0 0.0 0.0 0.0 0.0 0.0;
	0.0 0.0 0.0 0.0 0.0 0.0 0.0 0.0 0.0 0.0 0.0 0.0;
	0.0 0.0 0.0 0.0 0.0 0.0 0.0 0.0 0.0 0.0 0.0 0.0;
	0.0 0.0 0.0 0.0 0.0 0.0 0.0 0.0 0.0 0.0 0.0 0.0;
	0.1575 0.1621 0.24 0.0 0.0 0.0 0.0 0.0 0.0 0.0 0.0 0.0;
	8.7087 6.8198 5.7417 7.9837 1.8831 196.03 24.5037 11.2193 105.7226 62.5891 22.3311 113.3493;
	17.1516 13.4986 10.9461 4.4949 2.343 305.1959 38.1495 22.6185 159.0067 114.724 10.6535 207.7659;
	22.8898 16.6083 13.7356 5.7644 2.8898 320.3071 40.0384 32.5658 174.9331 117.2953 8.208 212.4225;
	25.6923 16.474 13.7213 9.0725 4.4623 261.6137 32.7017 38.8676 211.1049 43.1426 4.8506 78.1315;
	25.9535 16.4728 13.1497 9.7673 5.5827 288.8487 36.1061 43.2404 221.1529 73.2486 25.951 132.6536;
	25.8806 16.2386 12.7734 8.7129 5.8455 296.2027 37.0253 44.8013 219.4945 95.0258 27.0703 172.0922;
	25.8343 16.5546 13.7855 9.4479 9.7877 395.9375 49.4922 62.1133 252.858 305.9367 54.3554 554.0532;
	23.1573 16.3881 13.7008 8.4246 9.5755 397.9865 49.7483 63.101 256.4226 312.2774 64.6603 565.5363;
	18.4162 15.0222 12.6581 6.5791 9.1418 377.5173 47.1897 60.4813 260.5619 229.8372 64.1563 416.2366;
	8.1489 7.3757 6.053 6.4735 11.9877 318.2577 39.7822 50.4468 260.3259 189.7942 124.5332 343.7184;
	0.9146 0.7745 0.5329 1.5084 3.5263 59.742 7.4678 10.0828 46.1296 66.6269 39.9485 120.6618;
	0.0 0.0 0.0 0.0 0.0 0.0 0.0 0.0 0.0 0.0 0.0 0.0;
	0.0 0.0 0.0 0.0 0.0 0.0 0.0 0.0 0.0 0.0 0.0 0.0;
	0.0 0.0 0.0 0.0 0.0 0.0 0.0 0.0 0.0 0.0 0.0 0.0;
	0.0 0.0 0.0 0.0 0.0 0.0 0.0 0.0 0.0 0.0 0.0 0.0;
	0.0 0.0 0.0 0.0 0.0 0.0 0.0 0.0 0.0 0.0 0.0 0.0;
	0.0 0.0 0.0 0.0 0.0 0.0 0.0 0.0 0.0 0.0 0.0 0.0;
	0.0 0.0 0.0 0.0 0.0 0.0 0.0 0.0 0.0 0.0 0.0 0.0;
];
