function windprofile = ex_wind_profilesh1
%EX_WIND_PROFILE_D  Example wind_load_nyiso profile data for deterministic unit commitment.
% 2022.03.12
% Andres F. Ramirez


%% define constants
[GEN_BUS, PG, QG, QMAX, QMIN, VG, MBASE, GEN_STATUS, PMAX, PMIN, ...
    MU_PMAX, MU_PMIN, MU_QMAX, MU_QMIN, PC1, PC2, QC1MIN, QC1MAX, ...
    QC2MIN, QC2MAX, RAMP_AGC, RAMP_10, RAMP_30, RAMP_Q, APF] = idx_gen;
[CT_LABEL, CT_PROB, CT_TABLE, CT_TBUS, CT_TGEN, CT_TBRCH, CT_TAREABUS, ...
    CT_TAREAGEN, CT_TAREABRCH, CT_ROW, CT_COL, CT_CHGTYPE, CT_REP, ...
    CT_REL, CT_ADD, CT_NEWVAL, CT_TLOAD, CT_TAREALOAD, CT_LOAD_ALL_PQ, ...
    CT_LOAD_FIX_PQ, CT_LOAD_DIS_PQ, CT_LOAD_ALL_P, CT_LOAD_FIX_P, ...
    CT_LOAD_DIS_P, CT_TGENCOST, CT_TAREAGENCOST, CT_MODCOST_F, ...
    CT_MODCOST_X] = idx_ct;

windprofile = struct( ...
    'type', 'mpcData', ...
    'table', CT_TGEN, ...
    'rows', [1:45], ...
    'col', PMAX, ...
    'chgtype', 1, ...
    'values', [] );
windprofile.values(:,1,:) = [
	3.5621 48.132 83.0645 93.6757 13.9395 29.8324 27.2297 11.3515 26.5582 28.0493 51.8487 77.348 116.447 65.9396 189.2626 71.3036 88.4693 93.751 87.406 70.5242 9.0766 69.6089 68.9568 83.4455 82.0733 54.1519 8.5896 1168.4319 732.9764 732.9764 674.6458 108.6307 291.3534 181.5294 206.7296 312.7366 1069.2713 279.031 458.5171 219.8393 113.4935 330.9408 185.8973 235.3037 1080.4096;
	3.6636 49.5036 85.1717 100.3479 14.0261 29.2594 27.5198 10.8469 26.1654 25.1048 46.4059 69.2285 104.2231 65.5854 197.2544 74.3145 92.205 97.7097 88.5916 72.1002 9.1733 68.2719 66.9469 81.3386 82.7565 52.1405 6.6889 1221.7488 755.2402 755.2402 743.3588 107.6948 295.3052 185.5861 205.6191 322.2358 1158.4827 271.0303 452.1184 221.6692 115.4777 324.5841 193.4159 237.6524 1170.5503;
	3.5566 48.0572 85.6481 89.9306 14.3646 29.3167 22.8425 9.9636 25.3421 24.7438 45.7386 68.233 102.7244 61.1514 193.491 72.8966 90.4458 95.8455 86.3874 71.5636 7.6142 68.4057 56.6027 83.31 72.8187 48.1754 8.1193 1176.3205 717.9424 717.9424 705.7648 109.105 287.958 184.2049 191.718 306.3221 1064.035 260.3433 435.0228 195.05 111.6922 325.2204 169.4727 230.3958 1075.1187;
	3.5834 48.4202 85.6248 96.3472 14.2593 30.4725 21.2185 11.2447 25.6948 26.9234 49.7675 74.2433 111.7728 62.9855 191.3577 72.0929 89.4486 94.7888 85.886 69.8407 7.0728 71.1026 66.7601 86.1089 80.4823 50.5782 7.6151 1149.265 747.062 747.062 722.5938 113.8492 286.2866 179.7702 197.4679 318.7465 1085.1031 261.9706 432.2605 215.5777 112.1562 338.0418 176.3016 224.3584 1096.4063;
	3.579 48.3599 83.3961 85.5503 14.5749 31.3459 19.1606 9.9601 22.5841 26.8114 49.5605 73.9345 111.308 64.6663 191.5092 72.15 89.5194 94.8638 86.9911 68.5167 6.3869 73.1403 68.5649 87.1682 69.9469 45.0207 7.6612 1182.0168 744.0819 744.0819 688.7497 112.5074 289.9703 176.3622 202.7377 317.4749 1083.4633 260.684 407.781 187.3579 112.7611 347.73 186.842 208.7314 1094.7494;
	3.5616 48.1254 79.4729 76.037 14.079 28.6812 17.5452 7.399 23.9261 28.0278 51.8089 77.2887 116.3578 59.4855 188.4781 71.008 88.1025 93.3624 84.5389 67.7111 5.8484 66.9228 68.6609 84.3035 54.2778 29.5222 5.7452 1110.8925 664.1057 664.1057 604.5804 95.9817 281.7964 174.2886 186.495 283.3518 1030.4523 227.9638 351.0922 145.387 95.7195 318.1703 180.841 162.2814 1041.1862;
	3.1356 42.3682 61.1055 57.5776 12.9644 27.1237 14.0661 5.5222 15.8094 27.2388 50.3505 75.113 113.0822 62.7419 185.577 69.9151 86.7465 91.9254 86.3181 67.6971 4.6887 63.2886 67.9453 65.0248 39.8612 0.0 4.1778 1114.5774 667.5915 667.5915 513.4095 64.9932 287.727 174.2525 196.7042 284.839 1031.0841 203.7899 270.9538 106.7711 74.1099 300.892 157.8669 112.1662 1041.8245;
	3.2239 43.5626 59.5463 66.6393 14.0067 25.4955 14.9367 5.9153 14.776 23.7817 43.96 65.5797 98.7299 63.3848 185.2531 69.793 86.5951 91.7649 89.34 67.4279 4.9789 59.4894 53.8254 76.4184 52.3714 9.2958 3.6339 1127.1083 693.5143 693.5143 625.6134 67.9032 297.8001 173.5596 198.7198 295.8994 1069.6945 219.6905 246.1685 140.2805 73.998 282.8295 142.767 125.7219 1080.8372;
	2.5762 34.8103 55.5441 63.8709 14.1651 21.5678 15.1938 4.2762 20.4422 23.2475 42.9726 64.1066 96.5122 63.7797 174.3068 65.6691 81.4783 86.3427 89.9522 67.6064 5.0646 50.3248 50.4968 83.0683 54.0858 10.2544 2.6789 1123.5415 745.3688 745.3688 714.6697 90.143 299.8408 174.0191 199.958 318.024 1052.2354 245.4835 246.6074 144.8726 59.6427 239.2587 135.0945 143.0295 1063.1962;
	2.0872 28.2024 47.6991 60.0141 13.9759 14.3269 19.4107 2.2406 22.1155 19.3155 35.7044 53.2639 80.1885 64.884 165.603 62.39 77.4098 82.0312 87.731 68.1751 6.4702 33.4295 44.8943 75.3453 31.7134 5.2053 1.1665 1110.7484 771.9739 771.9739 740.6862 104.1593 292.4367 175.4828 203.42 329.3755 1131.4252 249.6328 367.0196 84.9465 45.0411 158.9333 119.2031 105.3289 1143.2109;
	1.104 14.9173 28.9513 33.4975 9.2133 0.0974 17.3159 1.0326 18.566 14.0159 25.9082 38.65 58.1873 62.2364 151.91 57.2312 71.0091 75.2484 86.3617 65.563 5.772 0.2272 27.7092 51.7787 14.8832 1.4523 0.5796 1088.0893 750.1759 750.1759 692.5836 99.0493 287.8724 168.7595 195.1197 320.075 1045.8084 230.9354 378.4876 39.8656 38.7297 1.08 74.4485 0.0 1056.7023;
	0.0 0.0 7.487 6.0278 6.6965 1.2859 17.0894 0.7515 13.9453 14.2565 26.353 39.3134 59.1862 60.6253 163.1514 61.4664 76.2638 80.8169 85.5686 65.431 5.6965 3.0004 39.9085 33.1677 8.7347 1.6756 0.627 992.9383 683.0009 683.0009 665.725 103.2019 285.2285 168.4197 190.0684 291.4137 1003.5641 210.3687 366.1427 23.3965 26.752 14.2646 42.9825 19.2159 1014.0178;
	0.873 11.7958 15.7897 24.0764 7.1381 0.2855 18.3224 1.9825 13.8235 13.6029 25.1447 37.5109 56.4725 55.4836 178.2049 67.1377 83.3004 88.2736 88.7161 65.6822 6.1075 0.6662 37.9682 36.1086 19.3879 9.1091 2.1355 990.4488 738.9617 738.9617 694.1682 99.4327 295.7204 169.0662 173.9486 315.2903 1039.413 223.8884 398.3219 51.9319 27.993 3.1673 47.0892 29.327 1050.2402;
	0.6555 8.8567 7.3515 29.232 6.8743 4.3483 13.6504 2.1629 12.2903 17.7475 32.806 48.9401 73.6791 60.2087 176.4117 66.4621 82.4622 87.3853 86.3418 66.2229 4.5501 10.146 48.2378 37.6523 19.4566 8.2348 2.6488 943.9448 699.9291 699.9291 685.6925 98.9712 287.8061 170.4578 188.7624 298.6364 900.1001 219.2777 384.7033 52.1158 24.9633 48.2368 36.5072 42.5882 909.4761;
	0.7991 10.798 17.7846 13.6554 6.5447 6.882 12.333 2.1314 12.8456 17.3442 32.0606 47.8281 72.0049 63.0675 174.6587 65.8017 81.6428 86.517 81.7102 65.622 4.111 16.058 53.9005 49.1966 23.8424 5.9382 2.8829 903.0951 638.6222 638.6222 589.8717 80.9668 272.3675 168.9112 197.7252 272.4788 799.537 195.6658 335.0993 63.8635 25.7212 76.3444 35.1011 50.1264 807.8655;
	0.9559 12.9167 16.8365 30.1246 7.7199 0.1582 6.4669 1.5545 9.5921 14.0289 25.9322 38.6857 58.2411 64.2315 161.5307 60.8557 75.5062 80.014 81.9186 65.5541 2.1556 0.3692 52.3124 46.1755 21.8024 2.4373 2.045 939.4613 566.6013 566.6013 538.3931 82.6165 273.0619 168.7364 201.3745 241.7499 668.9405 195.2941 239.1034 58.3992 27.2102 1.7552 25.0681 24.1359 675.9087;
	0.502 6.7834 2.3195 20.1872 7.1626 0.0 3.9456 2.4097 11.1358 13.2387 24.4715 36.5067 54.9606 64.7315 164.5277 61.9849 76.9071 81.4986 81.2924 60.5638 1.3152 0.0 46.2571 45.2084 16.2653 5.3026 1.4486 845.9876 531.7928 531.7928 525.4779 79.185 270.9747 155.8914 202.9419 226.8983 731.1787 188.8201 236.7759 43.5677 33.4417 0.0 12.1961 18.9675 738.7952;
	1.0068 13.6038 0.157 23.8752 2.7663 0.0 2.7965 2.3187 0.4164 17.4945 32.3383 48.2424 72.6287 63.4738 134.5857 50.7044 62.911 66.6669 81.9567 51.4346 0.9322 0.0 53.7981 40.5242 14.6536 3.2856 1.221 742.8835 476.2801 476.2801 557.1039 83.2852 273.1891 132.3927 198.999 203.2128 672.7839 194.0309 317.4603 39.2507 65.7635 0.0 8.0278 5.3381 679.792;
	0.3844 5.194 23.4755 41.6528 3.2912 0.0 0.0569 2.4567 0.7942 11.8139 21.8378 32.5777 49.0456 61.8657 106.4986 40.1227 49.7819 52.7539 0.2242 56.0508 0.019 0.0 49.0125 53.6733 24.6914 10.0167 2.0656 728.5834 428.1415 428.1415 536.9874 78.2755 0.7473 144.2749 193.9574 182.6737 631.6619 176.8245 312.4859 66.1377 80.3585 0.0 0.7221 30.052 638.2417;
