function solarprofile = ex_solar_profilesh1
%EX_WIND_PROFILE_D  Example wind_load_nyiso profile data for deterministic unit commitment.
% 2022.03.12
% Andres F. Ramirez


%% define constants
[GEN_BUS, PG, QG, QMAX, QMIN, VG, MBASE, GEN_STATUS, PMAX, PMIN, ...
    MU_PMAX, MU_PMIN, MU_QMAX, MU_QMIN, PC1, PC2, QC1MIN, QC1MAX, ...
    QC2MIN, QC2MAX, RAMP_AGC, RAMP_10, RAMP_30, RAMP_Q, APF] = idx_gen;
[CT_LABEL, CT_PROB, CT_TABLE, CT_TBUS, CT_TGEN, CT_TBRCH, CT_TAREABUS, ...
    CT_TAREAGEN, CT_TAREABRCH, CT_ROW, CT_COL, CT_CHGTYPE, CT_REP, ...
    CT_REL, CT_ADD, CT_NEWVAL, CT_TLOAD, CT_TAREALOAD, CT_LOAD_ALL_PQ, ...
    CT_LOAD_FIX_PQ, CT_LOAD_DIS_PQ, CT_LOAD_ALL_P, CT_LOAD_FIX_P, ...
    CT_LOAD_DIS_P, CT_TGENCOST, CT_TAREAGENCOST, CT_MODCOST_F, ...
    CT_MODCOST_X] = idx_ct;

solarprofile = struct( ...
    'type', 'mpcData', ...
    'table', CT_TGEN, ...
    'rows', [1:12], ...
    'col', PMAX, ...
    'chgtype', 1, ...
    'values', [] );
solarprofile.values(:,1,:) = [
	0.0 0.0 0.0 0.0 0.0 0.0 0.0 0.0 0.0 0.0 0.0 0.0;
	0.0 0.0 0.0 0.0 0.0 0.0 0.0 0.0 0.0 0.0 0.0 0.0;
	0.0 0.0 0.0 0.0 0.0 0.0 0.0 0.0 0.0 0.0 0.0 0.0;
	0.0 0.0 0.0 0.0 0.0 0.0 0.0 0.0 0.0 0.0 0.0 0.0;
	0.0 0.0 0.0 0.0 0.0 0.0 0.0 0.0 0.0 0.0 0.0 0.0;
	0.1575 0.1621 0.24 0.0 0.0 0.0 0.0 0.238 0.0 0.0 0.0 0.0;
	6.2551 5.6659 5.3276 1.2255 0.0908 169.87 21.2338 25.9807 54.2093 75.6989 21.3884 137.0912;
	16.9654 12.5894 11.9514 0.6907 0.9974 220.9195 27.6149 32.2512 65.0347 188.5323 28.6997 341.4331;
	23.2344 16.6083 13.8 1.6116 2.0356 159.3943 19.9243 43.1413 66.7235 250.3584 85.1412 453.4005;
	25.6923 16.474 13.7624 4.4739 2.4304 41.2278 5.1535 48.0808 63.2797 262.8941 90.7658 476.1028;
	25.9535 16.5326 13.7859 5.0324 2.9122 66.6005 8.3251 50.1488 75.4819 254.839 66.8996 461.515;
	25.5423 16.5331 13.7863 4.2487 3.3284 123.9062 15.4883 47.9996 70.3517 249.7192 71.6628 452.243;
	22.9887 16.5546 13.7855 6.4246 8.581 290.9951 36.3744 53.8103 108.6076 341.4098 242.2396 618.2951;
	19.2135 16.3881 13.7008 7.5911 8.4138 289.8568 36.2321 49.7237 100.1878 337.1518 220.958 610.5839;
	12.1037 13.0192 10.5632 6.5103 7.8249 258.8504 32.3563 50.5606 109.56 309.9083 177.3653 561.2458;
	5.3243 4.7623 3.3625 7.6373 11.5203 282.799 35.3499 50.0128 144.4839 200.6277 109.1652 363.3379;
	0.9085 0.7396 0.5417 1.5644 4.1177 69.0263 8.6283 11.7723 38.9844 62.5704 38.5418 113.3153;
	0.0 0.0 0.0 0.0 0.0 0.0 0.0 0.0 0.0 0.0 0.0 0.0;
	0.0 0.0 0.0 0.0 0.0 0.0 0.0 0.0 0.0 0.0 0.0 0.0;
	0.0 0.0 0.0 0.0 0.0 0.0 0.0 0.0 0.0 0.0 0.0 0.0;
	0.0 0.0 0.0 0.0 0.0 0.0 0.0 0.0 0.0 0.0 0.0 0.0;
	0.0 0.0 0.0 0.0 0.0 0.0 0.0 0.0 0.0 0.0 0.0 0.0;
	0.0 0.0 0.0 0.0 0.0 0.0 0.0 0.0 0.0 0.0 0.0 0.0;
	0.0 0.0 0.0 0.0 0.0 0.0 0.0 0.0 0.0 0.0 0.0 0.0;
];
