function windprofile = ex_wind_profilesh1
%EX_WIND_PROFILE_D  Example wind_load_nyiso profile data for deterministic unit commitment.
% 2022.03.12
% Andres F. Ramirez


%% define constants
[GEN_BUS, PG, QG, QMAX, QMIN, VG, MBASE, GEN_STATUS, PMAX, PMIN, ...
    MU_PMAX, MU_PMIN, MU_QMAX, MU_QMIN, PC1, PC2, QC1MIN, QC1MAX, ...
    QC2MIN, QC2MAX, RAMP_AGC, RAMP_10, RAMP_30, RAMP_Q, APF] = idx_gen;
[CT_LABEL, CT_PROB, CT_TABLE, CT_TBUS, CT_TGEN, CT_TBRCH, CT_TAREABUS, ...
    CT_TAREAGEN, CT_TAREABRCH, CT_ROW, CT_COL, CT_CHGTYPE, CT_REP, ...
    CT_REL, CT_ADD, CT_NEWVAL, CT_TLOAD, CT_TAREALOAD, CT_LOAD_ALL_PQ, ...
    CT_LOAD_FIX_PQ, CT_LOAD_DIS_PQ, CT_LOAD_ALL_P, CT_LOAD_FIX_P, ...
    CT_LOAD_DIS_P, CT_TGENCOST, CT_TAREAGENCOST, CT_MODCOST_F, ...
    CT_MODCOST_X] = idx_ct;

windprofile = struct( ...
    'type', 'mpcData', ...
    'table', CT_TGEN, ...
    'rows', [1:45], ...
    'col', PMAX, ...
    'chgtype', 1, ...
    'values', [] );
windprofile.values(:,1,:) = [
	3.5924 48.5409 89.9738 105.3647 15.0512 30.3948 25.6196 11.5606 25.5502 22.913 42.3544 63.1844 95.1238 65.6319 180.9484 68.1713 84.5829 89.6326 86.9738 69.9355 8.5399 70.9211 65.7503 88.7796 97.1478 62.084 9.1288 1216.9384 754.217 754.217 714.7544 115.4923 289.9128 180.0141 205.765 321.7992 1112.203 265.1837 444.667 260.2174 116.3285 337.1791 192.6326 243.0474 1123.7884;
	3.5287 47.6803 85.2555 101.6502 14.3356 26.5347 22.2671 11.4547 24.2094 21.978 40.6259 60.6059 91.2419 62.8336 188.6721 71.0811 88.1932 93.4585 84.8026 70.8115 7.4224 61.9144 69.0006 86.2842 94.9132 61.7316 8.0215 1142.7761 724.4258 724.4258 701.391 110.071 282.6755 182.2689 196.9919 309.0883 1116.4122 253.7218 428.9411 254.2317 114.6408 294.3587 182.2859 235.7904 1128.0415;
	3.5565 48.0562 84.4087 88.1289 14.0595 29.7872 23.4905 9.3981 25.8181 17.1741 31.7461 47.3589 71.2986 62.8479 189.4447 71.3722 88.5544 93.8412 88.9756 71.2123 7.8302 69.5036 59.955 85.2206 79.3367 58.4327 8.3672 1192.3591 760.4784 760.4784 754.7225 115.2418 296.5855 183.3006 197.0367 324.4708 1145.8455 261.835 435.2968 212.5089 111.5866 330.4398 164.6727 246.9835 1157.7814;
	3.6499 49.3175 84.6675 91.5304 14.002 31.248 21.6935 8.6398 26.7618 17.7857 32.8767 49.0455 73.8378 58.2754 187.0498 70.4699 87.4349 92.6549 85.6262 70.2529 7.2312 72.9119 59.756 83.368 72.8756 52.4162 7.5623 1175.1041 786.9199 786.9199 764.8098 113.1559 285.4206 180.8313 182.7013 335.7525 1207.5336 262.2077 435.6878 195.2024 108.3619 346.644 181.3709 237.5031 1220.1121;
	3.4872 47.1203 80.239 77.3317 14.0994 30.3676 17.9405 6.8302 23.2545 23.1212 42.7393 63.7586 95.9882 60.6888 182.6598 68.816 85.3828 90.4803 87.8193 68.5719 5.9802 70.8577 62.8402 84.9029 58.3747 50.759 6.9755 1170.2657 767.743 767.743 718.6368 106.117 292.7309 176.5044 190.2677 327.5703 1147.5716 236.7931 374.6603 156.3607 101.0305 336.8778 192.9529 208.7993 1159.5255;
	3.161 42.7125 74.9404 73.3622 13.9332 28.1685 17.1095 1.8787 25.3365 26.9981 49.9055 74.4492 112.0829 60.1675 179.0284 67.4479 83.6854 88.6815 88.6852 67.1044 5.7032 65.7266 65.4201 81.5342 48.8481 32.6661 4.6332 1140.1392 719.7311 719.7311 665.8707 92.4533 295.6174 172.7268 188.6333 307.0853 1107.9735 211.0612 354.2384 130.8431 90.8743 312.4831 179.3043 166.6056 1119.5149;
	2.5449 34.3876 65.9914 58.2307 13.7848 26.6229 14.2379 4.6714 17.7741 25.762 47.6207 71.0408 106.9515 58.8205 181.5784 68.4086 84.8773 89.9447 87.8302 68.3221 4.746 62.12 68.7337 76.7178 42.6974 17.7015 4.3201 1139.1673 661.6078 661.6078 543.5199 60.5903 292.7674 175.8612 184.4102 282.286 1037.552 190.0551 271.5207 114.3679 79.1783 295.3363 151.0688 124.0607 1048.3598;
	3.3701 45.5369 65.1811 67.7603 14.1866 26.4162 14.9957 5.1865 15.4617 19.4794 36.0074 53.7159 80.869 60.9181 185.0655 69.7224 86.5074 91.672 87.8272 67.8686 4.9986 61.6377 49.8431 81.2646 54.5901 13.5452 3.6069 1165.0658 683.3279 683.3279 622.9297 64.8288 292.7573 174.6939 190.9866 291.5532 1032.81 192.6478 229.0579 146.2234 81.1935 293.0434 154.3718 129.1249 1043.5684;
	2.7329 36.9281 56.4803 63.364 14.093 21.5478 14.7245 4.0176 20.5128 20.0192 37.0052 55.2046 83.1102 62.7196 171.6922 64.6841 80.2561 85.0476 86.0215 67.1816 4.9082 50.2781 44.9403 81.4972 53.8691 12.6723 2.5099 1140.9771 762.4569 762.4569 745.7147 92.2953 286.7384 172.9255 196.6345 325.315 1044.5066 238.6712 227.2239 144.2923 49.7223 239.0366 139.6063 149.7495 1055.3869;
	2.5355 34.2604 42.4099 59.1345 14.1598 17.2694 19.2519 2.2789 20.3362 17.2495 31.8855 47.5668 71.6116 59.6073 166.7418 62.819 77.9421 82.5953 84.1351 67.2161 6.4173 40.2952 38.8008 65.9219 30.466 6.6616 1.1597 1019.2673 748.9047 748.9047 750.2365 105.3732 280.4503 173.0143 186.877 319.5327 1047.2606 235.94 348.8438 81.6054 43.5372 191.575 135.8485 108.1392 1058.1695;
	2.128 28.7539 31.7621 41.842 13.8073 13.8463 18.1113 1.0738 19.0979 14.9764 27.6836 41.2985 62.1747 59.9971 161.5656 60.8689 75.5225 80.0313 82.2221 67.1896 6.0371 32.308 34.0018 47.8565 19.0666 4.0437 0.852 1073.0945 757.1239 757.1239 734.639 109.0876 274.0735 172.9463 188.0989 323.0395 1042.3143 236.0144 396.2973 51.0713 39.5347 153.6015 98.916 49.5673 1053.1717;
	1.5037 20.3186 17.1961 23.3542 9.6353 9.0443 18.4963 1.2359 15.2021 13.2386 24.4713 36.5064 54.9602 62.8329 163.1888 61.4804 76.2813 80.8354 82.4472 66.8965 6.1654 21.1034 37.2957 31.4014 17.8957 6.5005 1.0394 978.9508 694.3239 694.3239 688.3177 112.2911 274.824 172.1919 196.9897 296.2449 976.514 212.2105 386.6538 47.9348 27.6698 100.3317 67.3441 56.9003 986.686;
	1.0834 14.6396 11.625 21.024 8.4517 6.5535 16.3198 1.6666 13.215 8.7264 16.1307 24.0638 36.2279 61.6992 166.1657 62.602 77.6728 82.31 82.0041 62.8944 5.4399 15.2914 31.5185 2.3491 11.7423 6.8586 2.2337 936.2272 647.6663 647.6663 630.4738 107.0175 273.347 161.8904 193.4354 276.3376 929.0501 216.1498 391.1457 31.4525 27.3808 72.6998 51.9978 38.2906 938.7277;
	0.8729 11.7946 17.0564 27.2306 7.8152 7.3564 11.1426 2.3316 10.5313 14.6844 27.1439 40.4934 60.9626 62.6202 177.0801 66.7139 82.7746 87.7164 83.5672 67.4897 3.7142 17.165 47.7167 19.1811 18.2192 7.8887 3.5355 931.9106 615.9259 615.9259 676.0925 97.0564 278.5575 173.7188 196.3228 262.7951 839.2385 217.9778 370.1957 48.8014 29.0499 81.6072 42.229 58.677 847.9805;
	0.7842 10.596 19.3052 0.7215 6.8089 7.8788 8.7874 1.3608 4.5399 16.3532 30.2286 45.0951 67.8904 65.106 175.9159 66.2753 82.2304 87.1397 80.3293 67.3338 2.9291 18.3838 51.6727 35.4654 9.8008 3.5665 1.8726 774.2471 540.8453 540.8453 556.9943 80.362 267.7645 173.3173 204.1161 230.7607 708.9828 189.4738 267.5494 26.2522 27.4976 87.4018 40.4061 47.0703 716.3681;
	0.7651 10.3386 8.1063 22.3085 5.9409 0.0 4.5775 0.0 0.0 13.0655 24.1514 36.0292 54.2417 63.7431 156.8065 59.0759 73.2979 77.6739 80.9103 61.447 1.5258 0.0 46.0021 13.7765 0.0 2.4984 1.0491 770.9541 463.8634 463.8634 501.9676 78.6313 269.7011 158.1648 199.8434 197.915 562.3391 186.2145 196.1305 0.0 26.1867 0.0 10.2673 18.6016 568.1968;
	0.5469 7.3898 0.0 0.0559 5.7548 0.0127 3.6517 0.0 10.6189 17.3437 32.0596 47.8266 72.0027 64.1716 155.018 58.4021 72.4619 76.788 81.8095 58.9098 1.2172 0.0296 50.1462 28.7593 2.8683 3.9154 0.4451 734.5649 472.008 472.008 517.2847 76.533 272.6985 151.6339 201.1868 201.3901 677.2179 183.129 221.5284 7.683 30.2927 0.1409 40.9316 15.8355 684.2723;
	1.0682 14.434 0.0 0.0 1.5225 0.0 0.4917 0.0 0.1493 16.7184 30.9038 46.1024 69.4069 64.7668 141.2099 53.2 66.0074 69.9481 86.8303 51.7028 0.1639 0.0 60.6344 28.3747 2.778 3.0161 0.7461 693.6181 477.7731 477.7731 561.0311 85.6259 289.4343 133.0831 203.0528 203.8499 675.7546 191.7779 322.2831 7.441 76.6027 0.0 13.6034 0.4225 682.7938;
	0.4228 5.7127 0.0 0.0 0.0 0.0 0.0 0.0 0.0 18.9212 34.9755 52.1766 78.5516 63.9858 130.3887 49.1232 60.9491 64.5879 29.9983 60.9532 0.0 0.0 57.3217 24.2206 2.7466 5.86 0.7907 672.7146 491.9154 491.9154 621.1845 73.8327 99.9943 156.8937 200.604 209.8839 627.9005 183.8236 340.9941 7.3569 86.2404 0.0 0.2962 0.0122 634.4411;
