function windprofile = ex_wind_profilesh1
%EX_WIND_PROFILE_D  Example wind_load_nyiso profile data for deterministic unit commitment.
% 2022.03.12
% Andres F. Ramirez


%% define constants
[GEN_BUS, PG, QG, QMAX, QMIN, VG, MBASE, GEN_STATUS, PMAX, PMIN, ...
    MU_PMAX, MU_PMIN, MU_QMAX, MU_QMIN, PC1, PC2, QC1MIN, QC1MAX, ...
    QC2MIN, QC2MAX, RAMP_AGC, RAMP_10, RAMP_30, RAMP_Q, APF] = idx_gen;
[CT_LABEL, CT_PROB, CT_TABLE, CT_TBUS, CT_TGEN, CT_TBRCH, CT_TAREABUS, ...
    CT_TAREAGEN, CT_TAREABRCH, CT_ROW, CT_COL, CT_CHGTYPE, CT_REP, ...
    CT_REL, CT_ADD, CT_NEWVAL, CT_TLOAD, CT_TAREALOAD, CT_LOAD_ALL_PQ, ...
    CT_LOAD_FIX_PQ, CT_LOAD_DIS_PQ, CT_LOAD_ALL_P, CT_LOAD_FIX_P, ...
    CT_LOAD_DIS_P, CT_TGENCOST, CT_TAREAGENCOST, CT_MODCOST_F, ...
    CT_MODCOST_X] = idx_ct;

windprofile = struct( ...
    'type', 'mpcData', ...
    'table', CT_TGEN, ...
    'rows', [1:45], ...
    'col', PMAX, ...
    'chgtype', 1, ...
    'values', [] );
windprofile.values(:,1,:) = [
	3.8674 52.2569 88.4055 107.5234 15.0332 33.3547 27.6664 11.8577 27.3196 27.1649 50.2138 74.9092 112.7754 68.6826 177.2036 66.7604 82.8324 87.7776 85.4645 68.59 9.2221 77.8277 69.8049 83.8894 90.572 63.8644 9.3523 1180.175 773.959 773.959 780.764 115.9711 284.8816 176.5508 215.3293 330.2225 1190.5401 298.16 449.1893 242.6035 117.2906 370.015 198.8593 242.7911 1202.9415;
	3.9029 52.7361 86.6337 108.088 14.8818 32.939 27.6986 11.5411 27.7911 26.2854 48.5883 72.4841 109.1244 69.0404 179.2422 67.5284 83.7853 88.7874 86.4894 67.1285 9.2329 76.8576 70.1874 83.9523 90.6413 61.6745 8.7791 1162.8233 771.7217 771.7217 785.4587 106.7704 288.2978 172.7891 216.4508 329.2679 1237.2222 271.5047 464.469 242.7891 113.8897 365.4031 204.2052 247.686 1250.1099;
	3.8718 52.3165 87.5131 94.6355 15.2184 33.2423 24.2772 9.6227 27.5423 27.6838 51.173 76.34 114.9295 68.2698 172.0031 64.8012 80.4015 85.2016 86.1008 68.2575 8.0924 77.5654 68.2515 83.2162 74.5234 59.7778 9.0856 1223.91 785.2077 785.2077 780.7884 106.9816 287.0027 175.6951 214.0351 335.022 1234.8906 259.9655 447.0701 199.6162 113.4058 368.7682 189.0578 251.3536 1247.754;
	3.7611 50.8208 88.2914 98.716 15.191 33.0081 21.4835 10.4626 26.8195 27.1505 50.1873 74.8696 112.7158 67.2423 180.8916 68.1498 84.5563 89.6044 85.6761 70.6882 7.1612 77.0188 62.1825 83.3506 74.2946 53.5285 8.3507 1147.0143 805.6968 805.6968 766.0369 107.0519 285.5869 181.9517 210.8138 343.764 1211.8791 249.4791 419.7509 199.0035 109.2424 366.1695 195.3732 239.2082 1224.5028;
	3.6185 48.8939 81.691 78.9908 15.2474 31.9627 17.9581 8.6904 21.5333 25.4694 47.0797 70.2337 105.7364 66.4045 179.8426 67.7547 84.066 89.0848 83.9835 71.0937 5.986 74.5796 50.462 78.4661 44.54 47.9137 7.2283 1174.6137 785.0841 785.0841 710.5846 100.3177 279.9449 182.9953 208.1872 334.9692 1185.485 242.0415 335.8623 119.3036 108.8899 354.5727 194.8691 206.6063 1197.8338;
	3.533 47.7381 81.061 78.7907 14.8145 30.7369 16.0504 7.0623 22.6565 27.8986 51.5701 76.9325 115.8214 62.6596 180.3121 67.9315 84.2854 89.3174 88.8987 71.9738 5.3501 71.7194 57.8048 77.8813 45.2544 35.6286 5.5854 1148.5161 735.7561 735.7561 653.1822 94.6212 296.3288 185.2608 196.4464 313.9226 1146.0572 217.7426 298.2111 121.2171 96.2284 340.9744 186.6059 161.6574 1157.9953;
	3.1452 42.4983 72.2575 68.8974 14.612 29.5441 13.9291 5.6991 15.2869 27.9946 51.7476 77.1972 116.22 65.5994 188.5281 71.0269 88.1259 93.3872 88.7368 72.7315 4.643 68.9361 68.961 70.196 36.9985 25.9905 4.5511 1185.2056 718.3548 718.3548 553.3025 64.0796 295.7893 187.211 205.6628 306.498 1144.7893 190.0759 249.2538 99.1031 81.4639 327.7421 161.7624 124.6857 1156.7142;
	3.5493 47.9589 73.1054 75.5255 15.0295 27.7957 15.0519 5.7055 14.7622 25.14 46.4709 69.3254 104.369 63.9414 187.1052 70.4908 87.4608 92.6823 86.0117 71.6466 5.0173 64.8565 57.4224 79.2785 52.9475 18.6231 3.773 1276.99 731.2037 731.2037 651.3623 70.7725 286.7056 184.4184 200.465 311.9803 1196.5003 199.4625 226.3199 141.8238 86.2503 308.3464 153.791 134.9076 1208.9638;
	3.1456 42.5034 62.5687 74.2075 15.1541 24.4668 16.0547 4.3731 20.548 23.1553 42.8022 63.8525 96.1296 67.4629 178.3254 67.1831 83.3568 88.3333 84.6037 70.3587 5.3516 57.0892 49.7281 80.0 56.6973 13.1211 2.9208 1278.1705 830.3064 830.3064 758.939 93.6779 282.0124 181.1036 211.5052 354.2641 1200.9615 234.2355 239.3472 151.8678 64.3967 271.4182 158.1863 158.4156 1213.4715;
	2.8917 39.0738 51.9096 66.1207 15.3777 21.1682 20.6562 2.1118 22.0159 19.7614 36.5286 54.4934 82.0396 69.0451 171.9291 64.7733 80.3669 85.1649 83.0864 67.4069 6.8854 49.3924 41.6116 68.4739 33.9158 5.6929 1.1848 1231.4269 831.7895 831.7895 781.219 113.6533 276.9548 173.5056 216.4659 354.8968 1277.7289 234.5622 372.9968 90.8458 52.1891 234.8257 143.4994 128.5599 1291.0386;
	2.367 31.9827 37.7548 47.7019 14.4577 14.9972 19.344 1.0343 20.0875 16.9242 31.2841 46.6698 70.2611 67.0976 176.9414 66.6616 82.7098 87.6477 84.7064 73.4605 6.448 34.9935 36.3203 49.4499 22.6288 2.9778 0.8074 1231.6009 829.4127 829.4127 761.02 110.3887 282.3545 189.0876 210.3601 353.8828 1187.1755 232.1354 395.0595 60.6129 38.7634 166.3693 98.1835 95.1113 1199.5419;
	1.5864 21.4354 29.2237 29.4615 10.5359 10.0194 19.0579 1.1054 16.6451 16.7788 31.0153 46.2687 69.6573 66.6461 168.9141 63.6374 78.9575 83.6714 83.3086 69.0387 6.3526 23.3786 39.5117 31.2748 19.1355 5.513 1.9359 1130.5189 758.9764 758.9764 693.5426 104.0842 277.6954 177.7057 208.9445 323.8299 1100.7371 196.1813 385.5099 51.2558 28.0832 111.1485 66.0665 74.8422 1112.2031;
	1.1411 15.4191 29.2784 29.5817 9.5794 8.3412 17.9179 2.193 14.8387 14.7173 27.2047 40.5841 61.0991 65.4903 168.6213 63.5271 78.8206 83.5263 84.9871 67.2705 5.9726 19.4628 39.8152 35.0023 23.3356 10.0601 2.7704 988.929 743.8751 743.8751 687.3775 99.4435 283.2903 173.1544 205.3209 317.3867 1020.231 199.4327 394.5096 62.506 25.3808 92.5319 47.0643 61.3769 1030.8584;
	0.7601 10.2703 22.7002 32.0126 7.2929 6.5643 12.013 2.6202 11.6948 16.9054 31.2494 46.6179 70.183 66.0291 180.303 67.9281 84.2812 89.3129 83.9377 67.5232 4.0043 15.3167 46.8591 30.794 23.3527 11.0152 3.8984 901.7464 674.8525 674.8525 685.5574 97.6268 279.7923 173.8049 207.0102 287.9371 845.7848 206.4573 348.6282 62.5519 27.4196 72.8198 19.7441 60.9575 854.595;
	0.8508 11.4956 19.0972 0.0 6.5664 7.9432 9.9943 1.668 9.6139 16.0678 29.701 44.3081 66.7056 59.9343 168.7078 63.5597 78.8611 83.5692 60.7058 66.6816 3.3314 18.5341 53.3401 17.4708 19.022 4.5715 3.5399 805.3098 619.1944 619.1944 565.3974 76.0018 202.3528 171.6386 187.9021 264.1896 737.5124 174.8359 209.3755 50.9517 6.9384 88.1164 24.6988 47.691 745.1948;
	0.9116 12.318 14.5208 25.321 7.43 0.7377 4.8915 1.3784 8.6966 13.5323 25.0143 37.3164 56.1797 56.5297 153.8069 57.9459 71.8958 76.1881 67.2156 66.6045 1.6305 1.7212 49.3582 31.8122 21.848 1.5351 2.4797 838.467 514.8068 514.8068 506.0305 68.673 224.0519 171.4402 177.2284 219.6509 605.2159 167.887 198.462 58.5215 22.985 8.1832 0.0 18.0056 611.5203;
	0.5266 7.116 0.1823 0.0 6.5942 0.473 3.6661 0.4471 11.5869 16.3364 30.1977 45.049 67.821 54.3068 158.6405 59.7669 74.1552 78.5824 77.4991 63.2485 1.222 1.1036 50.7834 29.8277 11.7506 3.3304 1.5912 770.0252 504.8462 504.8462 540.078 74.1191 258.3304 162.8019 170.2591 215.401 724.3211 181.248 216.4853 31.4748 11.3629 5.2469 0.0 2.5125 731.8661;
	1.2278 16.5907 7.5649 1.7671 3.054 2.8036 0.0136 2.0399 2.2068 20.9815 38.784 57.8581 87.1051 61.803 144.2331 54.339 67.4206 71.4457 82.2752 56.9853 0.0045 6.5418 65.4647 24.5876 12.7947 4.2777 1.7075 743.7153 557.1503 557.1503 606.5188 86.0502 274.2506 146.6804 193.7609 237.7174 773.743 201.424 306.7299 34.2714 66.5923 31.1015 14.9761 28.0821 781.8028;
	0.4878 6.5913 22.7834 39.1929 0.6565 0.7506 0.0178 2.3491 1.184 23.1702 42.8297 63.8935 96.1913 62.3993 127.9718 48.2126 59.8194 63.3907 1.1234 65.9996 0.0059 1.7515 70.6101 43.0089 19.6177 8.9654 2.1439 770.2459 532.754 532.754 640.2124 81.1814 3.7447 169.8832 195.6302 227.3084 726.937 190.438 299.5743 52.5474 84.3116 8.3271 0.0795 26.8123 734.5093;
