function loadprofile = ex_load_profilesh1
%EX_LOAD_PROFILE  Example load profile data file for stochastic unit commitment.
% 2022.03.12
% Andres F. Ramirez

%% define constants
[CT_LABEL, CT_PROB, CT_TABLE, CT_TBUS, CT_TGEN, CT_TBRCH, CT_TAREABUS, ...
    CT_TAREAGEN, CT_TAREABRCH, CT_ROW, CT_COL, CT_CHGTYPE, CT_REP, ...
    CT_REL, CT_ADD, CT_NEWVAL, CT_TLOAD, CT_TAREALOAD, CT_LOAD_ALL_PQ, ...
    CT_LOAD_FIX_PQ, CT_LOAD_DIS_PQ, CT_LOAD_ALL_P, CT_LOAD_FIX_P, ...
    CT_LOAD_DIS_P, CT_TGENCOST, CT_TAREAGENCOST, CT_MODCOST_F, ...
    CT_MODCOST_X] = idx_ct;

loadprofile = struct( ...
    'type', 'mpcData', ...
    'table', CT_TAREALOAD, ...
    'rows', [1:11], ...
    'col', CT_LOAD_ALL_P, ...
    'chgtype', 1, ...
    'values', [] );
loadprofile.values(:,1,:) = [
	1579.7 978.6 1619.062 563.6539 821.2318 1150.1 935.7446 279.2371 546.8187 4748.7679 1793.2994;
	1559.9991 965.8566 1625.3227 569.226 810.2803 1129.7828 918.0255 284.9303 532.3 4635.0816 1785.6984;
	1594.0 990.5137 1669.6 555.2744 832.6 1166.6 917.1 288.7009 542.0203 4649.1172 1889.5892;
	1655.1 1067.658 1793.3812 589.8526 889.3 1266.5805 976.7 304.0 566.3646 4840.7587 2003.6209;
	1832.8739 1207.7446 2008.1046 617.2645 1029.1 1409.8235 1083.508 355.617 651.5697 5471.322 2246.7429;
	1930.2318 1279.1937 2122.4 631.3 1121.349 1500.7751 1139.5 367.5508 720.3118 6014.1503 2360.2017;
	1933.8 1285.2908 2094.5435 623.8945 1107.1749 1468.9566 1152.8299 373.0462 726.2329 6394.4617 2371.272;
	1927.3663 1297.1894 2092.2 623.3724 1104.4086 1460.3396 1137.0796 365.366 729.7759 6457.0 2261.9018;
	1912.5443 1304.5346 2071.2333 601.4 1096.0969 1452.9893 1137.0 356.4451 741.1266 6520.8867 2235.6552;
	1910.7871 1297.1754 2102.7174 603.5296 1096.4375 1482.5006 1137.6702 353.5102 763.7418 6507.9025 2212.2921;
	1916.3107 1312.7301 2088.1197 610.2643 1105.3872 1510.5721 1115.8003 351.6 767.9703 6585.4596 2260.8435;
	1868.3 1308.0141 2100.784 612.9479 1104.2866 1522.6627 1149.7102 353.2 823.2924 6659.9795 2306.6748;
	1843.11 1282.2931 2058.9178 611.7896 1083.1311 1513.3337 1160.7198 356.0415 815.4719 6568.4759 2315.5399;
	1857.2813 1267.7973 2066.1204 615.5605 1091.7894 1523.7411 1188.9063 367.5929 773.9327 6774.7531 2346.5651;
	1860.8 1274.4668 2066.4 618.6988 1117.0751 1553.3519 1214.6805 341.2 776.2358 6536.2868 2339.0002;
	1858.7906 1265.2022 2079.7115 623.6597 1137.5589 1552.0162 1258.3501 359.8465 850.6485 6640.4705 2590.4875;
	1771.1501 1216.5958 2088.3338 624.764 1140.9471 1570.7592 1251.5088 363.9824 795.0643 6507.2917 2548.9645;
	1830.4876 1265.1554 2150.3211 634.0621 1153.2699 1583.6935 1258.3198 384.4817 775.2794 6378.8149 2565.9443;
	1847.4997 1283.4923 2171.7673 623.0413 1132.3514 1600.2484 1267.4897 385.7638 768.6869 6322.1175 2522.369;
	1788.7894 1186.1914 2011.814 594.7335 1039.0469 1496.1 1181.8765 360.8277 739.5365 6162.1667 2431.7697;
	1661.9857 1101.1641 1853.2238 575.3678 961.5587 1372.8279 1095.4 329.7374 723.4332 5809.9508 2195.1062;
	1570.6516 1042.5465 1788.6487 565.0 907.7256 1324.9933 1040.3481 321.1 667.1575 5681.4054 2098.9041;
	1567.2349 970.0245 1716.4621 557.2041 861.7914 1201.0991 948.1 281.2959 569.8384 5095.1125 1882.6846;
	1538.4273 945.4002 1710.7 582.1737 858.3789 1188.9787 948.2705 273.8026 557.4 4945.9061 1832.1278;
];
