function loadprofile = ex_load_profilesh1
%EX_LOAD_PROFILE  Example load profile data file for stochastic unit commitment.
% 2022.03.12
% Andres F. Ramirez

%% define constants
[CT_LABEL, CT_PROB, CT_TABLE, CT_TBUS, CT_TGEN, CT_TBRCH, CT_TAREABUS, ...
    CT_TAREAGEN, CT_TAREABRCH, CT_ROW, CT_COL, CT_CHGTYPE, CT_REP, ...
    CT_REL, CT_ADD, CT_NEWVAL, CT_TLOAD, CT_TAREALOAD, CT_LOAD_ALL_PQ, ...
    CT_LOAD_FIX_PQ, CT_LOAD_DIS_PQ, CT_LOAD_ALL_P, CT_LOAD_FIX_P, ...
    CT_LOAD_DIS_P, CT_TGENCOST, CT_TAREAGENCOST, CT_MODCOST_F, ...
    CT_MODCOST_X] = idx_ct;

loadprofile = struct( ...
    'type', 'mpcData', ...
    'table', CT_TAREALOAD, ...
    'rows', [1:11], ...
    'col', CT_LOAD_ALL_P, ...
    'chgtype', 1, ...
    'values', [] );
loadprofile.values(:,1,:) = [
	1447.7343 946.4038 1657.3305 573.4 840.8734 1099.9898 906.5346 264.8078 495.8135 4479.4288 1653.1246;
	1451.3477 952.7 1668.3985 575.6 814.0879 1090.9319 906.9813 273.8 506.0 4482.0565 1688.4148;
	1452.9909 971.994 1704.2 582.5686 823.9286 1128.7154 912.5075 276.9612 515.2751 4451.4352 1701.1257;
	1552.4866 1058.4352 1819.2623 610.1857 897.7 1204.4564 972.6297 295.3811 544.7707 4681.1587 1825.1572;
	1688.0541 1171.9197 2009.6465 629.9 1022.7936 1351.5183 1063.3 358.8762 634.4427 5271.5517 2088.8393;
	1848.686 1255.4645 2101.7013 648.2875 1098.6 1450.8415 1136.7596 386.71 725.2037 5890.1648 2260.3498;
	1856.9552 1283.3592 2121.69 649.9702 1108.3463 1468.9442 1163.4686 392.8279 739.0318 6429.8757 2292.6;
	1855.5 1267.9254 2148.6178 634.6195 1118.3023 1475.1567 1205.7335 439.5839 728.9328 6743.6357 2336.4621;
	1872.4192 1254.2 2118.181 626.7723 1119.8421 1512.3842 1211.7496 433.3781 739.2669 6913.0027 2284.3213;
	1861.4758 1255.6972 2064.288 613.6 1118.4679 1462.8686 1195.1 447.5345 709.32 6809.6662 2248.1034;
	1842.4755 1240.4 2013.918 610.8754 1088.4198 1444.653 1165.7437 415.9233 701.5986 7004.553 2156.9263;
	1873.0462 1229.674 2029.1784 622.1 1063.2253 1395.9718 1159.1514 415.0136 706.121 6840.5169 2086.6092;
	1851.8734 1212.5603 2002.1702 608.4045 1048.1332 1412.3599 1131.1217 375.1906 685.165 6695.4274 2087.0305;
	1821.2784 1192.9052 1994.028 602.6244 1039.3877 1438.3064 1113.082 365.1024 682.8263 6518.7541 2082.6406;
	1798.9 1182.9416 2007.7574 596.3132 1022.0037 1414.2061 1088.5959 347.7 677.312 6332.9 2087.0642;
	1866.3809 1228.2964 2013.1067 616.6 1025.4144 1439.2 1111.2773 369.4764 705.1887 6444.2384 2251.2859;
	1839.8653 1210.8858 2010.3376 618.9748 1033.616 1450.7717 1178.6364 407.1454 715.9599 6313.8101 2340.9146;
	1901.42 1246.0975 2103.2618 645.4834 1076.9889 1547.9 1239.9108 412.0304 746.4863 6339.5311 2451.0857;
	1954.5802 1274.9614 2142.6177 633.5181 1077.7887 1527.9294 1237.7717 411.3338 725.7311 6107.726 2327.723;
	1892.0 1200.8 2050.012 610.4 990.6711 1450.9637 1187.1989 385.4119 687.3 5788.652 2059.3286;
	1815.1998 1127.1 1913.3 590.2 930.3 1348.3534 1086.615 343.3396 645.1 5593.6503 2097.1731;
	1724.3349 1057.7072 1829.5065 569.0673 878.6638 1264.7 1024.4568 318.443 613.9713 5210.9697 1947.378;
	1565.4729 994.4901 1716.4037 558.1594 847.8545 1223.64 970.1352 320.097 545.5361 4936.8926 1848.0597;
	1583.801 988.2 1684.5568 566.4691 855.6944 1214.9 956.0632 313.4657 529.6822 4715.7686 1752.5234;
];
