function solarprofile = ex_solar_profilesh1
%EX_WIND_PROFILE_D  Example wind_load_nyiso profile data for deterministic unit commitment.
% 2022.03.12
% Andres F. Ramirez


%% define constants
[GEN_BUS, PG, QG, QMAX, QMIN, VG, MBASE, GEN_STATUS, PMAX, PMIN, ...
    MU_PMAX, MU_PMIN, MU_QMAX, MU_QMIN, PC1, PC2, QC1MIN, QC1MAX, ...
    QC2MIN, QC2MAX, RAMP_AGC, RAMP_10, RAMP_30, RAMP_Q, APF] = idx_gen;
[CT_LABEL, CT_PROB, CT_TABLE, CT_TBUS, CT_TGEN, CT_TBRCH, CT_TAREABUS, ...
    CT_TAREAGEN, CT_TAREABRCH, CT_ROW, CT_COL, CT_CHGTYPE, CT_REP, ...
    CT_REL, CT_ADD, CT_NEWVAL, CT_TLOAD, CT_TAREALOAD, CT_LOAD_ALL_PQ, ...
    CT_LOAD_FIX_PQ, CT_LOAD_DIS_PQ, CT_LOAD_ALL_P, CT_LOAD_FIX_P, ...
    CT_LOAD_DIS_P, CT_TGENCOST, CT_TAREAGENCOST, CT_MODCOST_F, ...
    CT_MODCOST_X] = idx_ct;

solarprofile = struct( ...
    'type', 'mpcData', ...
    'table', CT_TGEN, ...
    'rows', [1:12], ...
    'col', PMAX, ...
    'chgtype', 1, ...
    'values', [] );
solarprofile.values(:,1,:) = [
	0.0 0.0 0.0 0.0 0.0 0.0 0.0 0.0 0.0 0.0 0.0 0.0;
	0.0 0.0 0.0 0.0 0.0 0.0 0.0 0.0 0.0 0.0 0.0 0.0;
	0.0 0.0 0.0 0.0 0.0 0.0 0.0 0.0 0.0 0.0 0.0 0.0;
	0.0 0.0 0.0 0.0 0.0 0.0 0.0 0.0 0.0 0.0 0.0 0.0;
	0.0 0.0 0.0 0.0 0.0 0.0 0.0 0.0 0.0 0.0 0.0 0.0;
	0.1575 0.1621 0.24 0.0 0.0 0.0 0.0 0.0 0.0 0.0 0.0 0.0;
	2.0358 1.8033 1.3102 1.5413 1.3033 24.7797 3.0975 25.8339 9.4844 47.3798 24.093 85.8051;
	17.4834 13.6889 10.7317 3.5029 5.1746 63.0664 7.8833 15.8276 59.2212 84.9686 63.0196 153.8786;
	23.8435 16.6299 13.8 6.0489 6.8485 82.3857 10.2982 16.4717 118.7735 108.2098 85.089 195.9686;
	25.6682 16.474 13.7578 6.2422 3.726 169.8477 21.231 19.618 144.2816 106.0836 59.553 192.1181;
	25.9535 16.5326 13.7859 6.8825 3.0365 257.5448 32.1931 25.4816 156.9973 236.6736 160.3343 428.6173;
	26.0908 16.5331 13.7894 7.0176 3.1576 277.7144 34.7143 30.1849 158.9944 261.8933 187.4518 474.2903;
	26.4373 16.7679 14.0816 8.7799 8.3804 357.1248 44.6406 59.891 211.2532 321.2407 231.0565 581.7689;
	24.2991 16.6714 13.9006 7.0968 7.929 346.1244 43.2655 60.6857 210.2293 276.6473 179.8295 501.01;
	17.8456 15.5413 12.0015 3.832 6.4369 297.244 37.1555 57.2703 194.0816 104.2888 91.8004 188.8676;
	5.0163 6.2881 2.8609 2.9406 9.8792 188.1031 23.5129 42.7011 166.3564 104.9632 121.6337 190.089;
	1.0975 0.841 0.5765 1.5743 3.9722 58.3171 7.2896 10.025 37.7595 66.1827 47.6575 119.8573;
	0.0 0.0 0.0 0.0 0.0 0.0 0.0 0.0 0.0 0.0 0.0 0.0;
	0.0 0.0 0.0 0.0 0.0 0.0 0.0 0.0 0.0 0.0 0.0 0.0;
	0.0 0.0 0.0 0.0 0.0 0.0 0.0 0.0 0.0 0.0 0.0 0.0;
	0.0 0.0 0.0 0.0 0.0 0.0 0.0 0.0 0.0 0.0 0.0 0.0;
	0.0 0.0 0.0 0.0 0.0 0.0 0.0 0.0 0.0 0.0 0.0 0.0;
	0.0 0.0 0.0 0.0 0.0 0.0 0.0 0.0 0.0 0.0 0.0 0.0;
	0.0 0.0 0.0 0.0 0.0 0.0 0.0 0.0 0.0 0.0 0.0 0.0;
];
