function solarprofile = ex_solar_profilesh1
%EX_WIND_PROFILE_D  Example wind_load_nyiso profile data for deterministic unit commitment.
% 2022.03.12
% Andres F. Ramirez


%% define constants
[GEN_BUS, PG, QG, QMAX, QMIN, VG, MBASE, GEN_STATUS, PMAX, PMIN, ...
    MU_PMAX, MU_PMIN, MU_QMAX, MU_QMIN, PC1, PC2, QC1MIN, QC1MAX, ...
    QC2MIN, QC2MAX, RAMP_AGC, RAMP_10, RAMP_30, RAMP_Q, APF] = idx_gen;
[CT_LABEL, CT_PROB, CT_TABLE, CT_TBUS, CT_TGEN, CT_TBRCH, CT_TAREABUS, ...
    CT_TAREAGEN, CT_TAREABRCH, CT_ROW, CT_COL, CT_CHGTYPE, CT_REP, ...
    CT_REL, CT_ADD, CT_NEWVAL, CT_TLOAD, CT_TAREALOAD, CT_LOAD_ALL_PQ, ...
    CT_LOAD_FIX_PQ, CT_LOAD_DIS_PQ, CT_LOAD_ALL_P, CT_LOAD_FIX_P, ...
    CT_LOAD_DIS_P, CT_TGENCOST, CT_TAREAGENCOST, CT_MODCOST_F, ...
    CT_MODCOST_X] = idx_ct;

solarprofile = struct( ...
    'type', 'mpcData', ...
    'table', CT_TGEN, ...
    'rows', [1:12], ...
    'col', PMAX, ...
    'chgtype', 1, ...
    'values', [] );
solarprofile.values(:,1,:) = [
	0.0 0.0 0.0 0.0 0.0 0.0 0.0 0.0 0.0 0.0 0.0 0.0;
	0.0 0.0 0.0 0.0 0.0 0.0 0.0 0.0 0.0 0.0 0.0 0.0;
	0.0 0.0 0.0 0.0 0.0 0.0 0.0 0.0 0.0 0.0 0.0 0.0;
	0.0 0.0 0.0 0.0 0.0 0.0 0.0 0.0 0.0 0.0 0.0 0.0;
	0.0 0.0 0.0 0.0 0.0 0.0 0.0 0.0 0.0 0.0 0.0 0.0;
	0.1575 0.1621 0.24 0.0 0.0 0.0 0.0 0.1045 0.0 0.0 0.0 0.0;
	3.656 1.1796 1.3359 4.4446 1.377 122.5123 15.314 38.7819 81.2335 200.6368 27.1955 363.3544;
	10.7501 6.088 4.291 3.7911 2.5444 314.3557 39.2945 62.4066 111.3937 183.1375 128.3639 331.663;
	21.1581 16.048 13.0605 4.9431 3.3181 367.2227 45.9028 69.2891 145.9896 213.057 171.624 385.8475;
	25.89 16.474 13.7624 5.585 3.9192 314.7802 39.3475 71.2248 201.672 279.7903 200.3186 506.7019;
	26.5074 16.6952 13.8431 7.2205 4.8877 261.7368 32.7171 71.5485 182.0177 320.862 203.6752 581.0831;
	26.4974 16.7013 13.8738 8.5436 5.4336 242.8893 30.3612 67.5304 152.9506 314.1402 198.9623 568.9097;
	25.8343 16.5546 13.7855 10.861 9.353 401.0938 50.1367 68.0348 191.6107 341.7021 251.0712 618.8246;
	20.0826 16.0614 13.6509 9.9485 8.8084 426.5535 53.3192 67.0491 200.2522 336.3715 225.5391 609.1709;
	12.3261 9.9103 10.0981 7.7384 7.9474 420.9476 52.6184 66.7195 200.7327 281.8334 186.6363 510.402;
	7.9433 4.7897 5.7317 6.4723 10.9701 353.3865 44.1733 63.4651 177.0972 148.5298 112.0702 268.9884;
	1.0911 0.8732 0.7241 1.6875 3.5648 65.457 8.1821 14.3432 35.1663 62.969 36.8635 114.0373;
	0.0 0.0 0.0 0.0 0.0 0.0 0.0 0.0 0.0 0.0 0.0 0.0;
	0.0 0.0 0.0 0.0 0.0 0.0 0.0 0.0 0.0 0.0 0.0 0.0;
	0.0 0.0 0.0 0.0 0.0 0.0 0.0 0.0 0.0 0.0 0.0 0.0;
	0.0 0.0 0.0 0.0 0.0 0.0 0.0 0.0 0.0 0.0 0.0 0.0;
	0.0 0.0 0.0 0.0 0.0 0.0 0.0 0.0 0.0 0.0 0.0 0.0;
	0.0 0.0 0.0 0.0 0.0 0.0 0.0 0.0 0.0 0.0 0.0 0.0;
	0.0 0.0 0.0 0.0 0.0 0.0 0.0 0.0 0.0 0.0 0.0 0.0;
];
