function windprofile = ex_wind_profilesh1
%EX_WIND_PROFILE_D  Example wind_load_nyiso profile data for deterministic unit commitment.
% 2022.03.12
% Andres F. Ramirez


%% define constants
[GEN_BUS, PG, QG, QMAX, QMIN, VG, MBASE, GEN_STATUS, PMAX, PMIN, ...
    MU_PMAX, MU_PMIN, MU_QMAX, MU_QMIN, PC1, PC2, QC1MIN, QC1MAX, ...
    QC2MIN, QC2MAX, RAMP_AGC, RAMP_10, RAMP_30, RAMP_Q, APF] = idx_gen;
[CT_LABEL, CT_PROB, CT_TABLE, CT_TBUS, CT_TGEN, CT_TBRCH, CT_TAREABUS, ...
    CT_TAREAGEN, CT_TAREABRCH, CT_ROW, CT_COL, CT_CHGTYPE, CT_REP, ...
    CT_REL, CT_ADD, CT_NEWVAL, CT_TLOAD, CT_TAREALOAD, CT_LOAD_ALL_PQ, ...
    CT_LOAD_FIX_PQ, CT_LOAD_DIS_PQ, CT_LOAD_ALL_P, CT_LOAD_FIX_P, ...
    CT_LOAD_DIS_P, CT_TGENCOST, CT_TAREAGENCOST, CT_MODCOST_F, ...
    CT_MODCOST_X] = idx_ct;

windprofile = struct( ...
    'type', 'mpcData', ...
    'table', CT_TGEN, ...
    'rows', [1:45], ...
    'col', PMAX, ...
    'chgtype', 1, ...
    'values', [] );
windprofile.values(:,1,:) = [
	3.6876 49.8275 90.1733 106.3001 14.6223 30.0334 28.724 10.225 27.5892 28.4473 52.5845 78.4457 118.0996 65.985 191.2126 72.0382 89.3808 94.7169 91.7845 72.1951 9.5747 70.078 70.5927 84.3095 88.6498 55.7796 7.0891 1216.1115 791.4546 791.4546 759.7333 112.036 305.9484 185.8303 206.872 337.6873 1125.2003 314.6851 463.2758 237.4549 120.5823 333.1708 194.0523 239.8203 1136.9211;
	3.7423 50.5662 88.0936 107.6743 14.2868 31.6434 28.34 9.8866 28.0336 26.8457 49.6238 74.0289 111.4502 66.402 197.2506 74.313 92.2032 97.7079 88.9304 71.9506 9.4467 73.8346 72.4339 83.999 88.9947 57.488 6.6737 1222.3082 786.0794 786.0794 744.3198 110.8579 296.4345 185.201 208.1793 335.3939 1214.6471 288.0155 462.2902 238.3786 121.2225 351.0306 199.5355 244.3745 1227.2996;
	3.7014 50.0147 91.2431 100.0284 14.5983 32.6676 25.8029 9.2592 27.3757 26.7988 49.5373 73.8999 111.2558 63.9475 193.3822 72.8556 90.3949 95.7916 89.6033 71.2547 8.601 76.2244 67.5898 87.6281 85.5625 59.5098 6.9491 1193.6768 749.6898 749.6898 701.019 104.8189 298.6776 183.4097 200.4842 319.8676 1137.8249 263.6397 456.1058 229.1852 122.1312 362.3927 174.4214 254.5952 1149.6772;
	3.4679 46.8584 85.89 96.8332 13.9602 31.1098 21.925 9.4024 26.5094 26.8505 49.6328 74.0424 111.4704 62.086 194.9595 73.4499 91.1322 96.573 88.8546 72.6817 7.3083 72.5896 64.859 85.1259 78.9327 49.7471 6.5884 1124.0617 757.384 757.384 635.6244 103.6559 296.182 187.0828 194.6481 323.1505 1075.6437 247.1449 432.2709 211.4267 112.7022 345.1117 174.6891 207.9604 1086.8483;
	3.2558 43.9928 82.795 80.9101 13.9601 29.583 17.9701 7.5631 21.4259 26.4519 48.8959 72.9431 109.8155 64.5893 192.3753 72.4763 89.9242 95.2929 85.896 69.8333 5.99 69.0269 64.3891 85.6576 69.9598 43.1954 5.5333 1123.038 743.2594 743.2594 623.2378 91.5366 286.3201 179.7512 202.4963 317.124 1058.0189 230.2677 372.2045 187.3923 106.5579 328.1737 169.4578 199.8306 1069.0399;
	3.5933 48.554 82.5709 80.2934 14.1778 30.9637 16.1517 6.8578 23.023 27.8336 51.45 76.7532 115.5516 63.4448 193.6064 72.9401 90.4997 95.9027 85.7739 68.2514 5.3839 72.2485 66.2567 85.9712 59.0348 32.6534 5.211 1083.6812 688.3118 688.3118 547.4584 84.3071 285.9131 175.6794 198.908 293.6797 1104.7682 201.3453 316.542 158.1289 99.0765 343.4902 176.033 162.6501 1116.2762;
	3.4614 46.7716 72.9737 64.5413 14.1465 29.1575 14.858 5.766 18.6259 27.2589 50.3877 75.1685 113.1658 66.1515 188.5848 71.0482 88.1524 93.4152 87.9146 67.6756 4.9527 68.0341 66.062 83.2505 52.6534 25.0878 4.6658 1168.6864 669.5832 669.5832 509.6196 62.8035 293.0485 174.1972 207.3939 285.6889 1119.8651 181.6252 270.1507 141.0359 81.417 323.4534 154.0386 126.0951 1131.5304;
	3.5796 48.3684 69.4019 66.8708 14.6481 29.5747 15.1501 5.3829 16.5863 22.4257 41.4536 61.8405 93.1006 66.3905 189.1338 71.2551 88.4091 93.6872 88.7343 67.378 5.05 69.0077 43.3722 82.9988 57.4326 19.2866 3.5582 1197.9956 693.3406 693.3406 604.8568 61.4578 295.7811 173.4312 208.1431 295.8253 1124.2797 188.8981 243.0716 153.8374 79.8955 328.0824 151.7958 131.2527 1135.9909;
	3.0148 40.7367 58.1253 61.1429 14.297 24.0954 14.3874 3.5602 20.9432 21.1943 39.1774 58.445 87.9886 65.1711 182.7991 68.8685 85.448 90.5493 84.9003 66.0751 4.7958 56.2226 29.0047 80.5126 53.5324 12.0324 2.3334 1192.7343 778.7844 778.7844 724.127 85.1354 283.0011 170.0776 204.3202 332.2813 1138.4737 229.4103 229.5616 143.3903 53.3236 267.2983 131.2106 145.0271 1150.3329;
	2.8174 38.0692 51.2646 63.1498 14.491 20.9361 18.8699 2.3153 22.6289 20.8118 38.4703 57.3901 86.4005 67.5056 179.4011 67.5883 83.8596 88.8661 88.668 67.9781 6.29 48.8509 41.046 65.2021 35.8809 6.7227 1.143 1159.4565 775.0159 775.0159 742.7571 102.669 295.5599 174.9758 211.6391 330.6734 1168.7367 220.3628 361.3398 96.1095 44.6472 232.251 130.0618 132.6987 1180.9111;
	2.2752 30.7435 35.5487 45.2448 13.7844 14.6441 18.6312 0.7248 20.0734 17.1602 31.7204 47.3206 71.2408 64.5407 172.2683 64.9011 80.5254 85.3329 90.6938 70.7881 6.2104 34.1696 32.0614 51.0847 21.0426 2.3777 0.579 1170.0837 769.4492 769.4492 736.6788 103.04 302.3127 182.2087 202.3439 328.2983 1106.8843 227.8379 383.2922 56.364 35.3162 162.4523 91.0257 88.5821 1118.4143;
	1.4276 19.2903 23.7261 25.9828 8.2423 8.9334 19.3897 0.8467 17.7683 18.1265 33.5066 49.9853 75.2525 64.7328 181.0894 68.2244 84.6488 89.7024 89.4293 71.9884 6.4632 20.8447 37.5354 31.4079 12.4153 5.1271 0.627 1044.7517 694.2311 694.2311 685.468 99.5941 298.0978 185.2984 202.946 296.2053 999.9694 198.7147 393.3268 33.2552 26.2669 99.1016 58.9035 67.2343 1010.3858;
	1.0043 13.5709 24.7072 26.7275 5.8907 4.329 17.9121 1.8334 15.3989 14.74 27.2467 40.6467 61.1934 62.8183 178.5628 67.2725 83.4677 88.4509 88.5188 70.5314 5.9707 10.1009 35.865 31.1497 19.0494 8.5071 2.0321 933.5484 718.8453 718.8453 700.7945 91.0624 295.0628 181.5479 196.9439 306.7073 995.9668 210.4595 422.6119 51.0253 28.5526 48.0225 47.1113 48.2543 1006.3414;
	0.9033 12.206 23.6479 33.7926 7.0891 7.3883 13.2479 2.4178 12.6374 17.2371 31.8625 47.5326 71.5601 60.252 175.0112 65.9344 81.8076 86.6916 85.2244 71.2737 4.416 17.2394 45.184 35.7287 22.549 9.0931 3.5136 933.9277 669.9819 669.9819 714.0436 85.6147 284.0813 183.4587 188.8983 285.8589 863.9648 214.0573 405.7526 60.3992 32.5736 81.9608 39.2754 59.8661 872.9644;
	0.8813 11.9077 21.522 4.016 4.6534 7.6177 10.9385 1.7797 11.9421 16.7299 30.925 46.1341 69.4546 61.9115 168.2641 63.3925 78.6537 83.3494 75.1315 70.7946 3.6462 17.7747 39.1623 44.0087 21.7331 5.6626 3.2818 820.7545 589.4637 589.4637 618.1799 59.3389 250.4383 182.2254 194.1009 251.5045 747.8609 184.9094 340.2727 58.2138 32.1273 84.5061 39.9888 49.2786 755.6511;
	0.8904 12.0316 17.9128 27.3288 6.4881 0.0003 5.4424 1.2872 9.9334 15.1697 28.041 41.8317 62.9773 59.1907 175.6932 66.1914 82.1264 87.0294 78.3372 72.8996 1.8141 0.0006 51.8609 40.3507 20.6083 3.1441 2.0847 787.1398 480.7493 480.7493 562.5465 71.4113 261.1241 187.6438 185.5709 205.1197 574.4279 179.9136 232.3528 55.2009 29.3549 0.0028 22.6443 24.8459 580.4116;
	0.5581 7.5406 8.6488 9.4497 5.0956 0.0 3.8042 2.5073 11.9888 18.5562 34.3009 51.1702 77.0364 63.5626 178.5094 67.2524 83.4428 88.4244 82.7327 70.5796 1.2681 0.0 52.914 38.2821 12.6287 3.4712 1.5779 733.5655 481.1706 481.1706 584.5824 72.8361 275.7758 181.6722 199.2773 205.2994 690.8088 177.6135 233.7857 33.8267 37.8663 0.0 9.1563 19.2893 698.0048;
	1.077 14.5527 0.0 0.0 1.3189 0.0 2.0984 0.0583 2.5219 21.582 39.894 59.5141 89.5981 63.3905 139.9633 52.7303 65.4247 69.3306 81.7156 63.6616 0.6995 0.0 67.1717 6.5975 9.0842 0.0 1.2898 665.3474 481.1518 481.1518 600.841 83.0974 272.3852 163.865 198.7376 205.2914 697.9233 190.5641 341.536 24.3328 73.0055 0.0 10.5188 0.0 705.1934;
	0.4564 6.1676 7.6317 33.1947 0.0 0.0034 0.6856 1.7829 2.5024 23.3689 43.197 64.4414 97.0162 61.4863 111.4601 41.9919 52.1011 55.2116 1.5602 65.8869 0.2285 0.0079 66.2025 32.8084 16.9919 0.6945 1.836 729.3487 464.0229 464.0229 626.7414 86.4407 5.2006 169.5931 192.7679 197.9831 675.7263 193.3829 341.0947 45.5139 69.3896 0.0375 0.7251 0.0 682.7651;
