function windprofile = ex_wind_profilesh1
%EX_WIND_PROFILE_D  Example wind_load_nyiso profile data for deterministic unit commitment.
% 2022.03.12
% Andres F. Ramirez


%% define constants
[GEN_BUS, PG, QG, QMAX, QMIN, VG, MBASE, GEN_STATUS, PMAX, PMIN, ...
    MU_PMAX, MU_PMIN, MU_QMAX, MU_QMIN, PC1, PC2, QC1MIN, QC1MAX, ...
    QC2MIN, QC2MAX, RAMP_AGC, RAMP_10, RAMP_30, RAMP_Q, APF] = idx_gen;
[CT_LABEL, CT_PROB, CT_TABLE, CT_TBUS, CT_TGEN, CT_TBRCH, CT_TAREABUS, ...
    CT_TAREAGEN, CT_TAREABRCH, CT_ROW, CT_COL, CT_CHGTYPE, CT_REP, ...
    CT_REL, CT_ADD, CT_NEWVAL, CT_TLOAD, CT_TAREALOAD, CT_LOAD_ALL_PQ, ...
    CT_LOAD_FIX_PQ, CT_LOAD_DIS_PQ, CT_LOAD_ALL_P, CT_LOAD_FIX_P, ...
    CT_LOAD_DIS_P, CT_TGENCOST, CT_TAREAGENCOST, CT_MODCOST_F, ...
    CT_MODCOST_X] = idx_ct;

windprofile = struct( ...
    'type', 'mpcData', ...
    'table', CT_TGEN, ...
    'rows', [1:45], ...
    'col', PMAX, ...
    'chgtype', 1, ...
    'values', [] );
windprofile.values(:,1,:) = [
	3.619 48.9007 87.6838 101.951 14.2955 31.0985 26.8088 12.0791 26.4773 28.1181 51.9759 77.5378 116.7328 62.8653 173.8588 65.5003 81.2689 86.1207 91.4185 66.9198 8.9363 72.5632 70.1406 83.0388 92.5978 64.5631 8.4093 1073.6206 748.4767 748.4767 704.839 110.5208 304.7283 172.2516 197.0911 319.3501 1067.0565 262.084 452.0734 248.0298 109.2013 344.9863 189.3807 230.1421 1078.1716;
	3.5895 48.5024 83.6061 100.3895 14.2613 30.7121 27.1998 11.6307 26.3185 26.3322 48.6747 72.613 109.3185 56.2618 179.3521 67.5699 83.8367 88.8419 87.7774 67.5287 9.0666 71.6616 71.491 82.0342 93.1669 63.9437 7.9726 1035.7984 738.281 738.281 715.2741 111.2979 292.5913 173.8191 176.3884 314.9999 1107.2632 250.6862 451.3711 249.5543 110.6365 340.6997 198.2073 231.5282 1118.7972;
	3.266 44.1308 81.8209 87.3294 13.9792 30.0186 23.252 10.4976 25.803 26.6405 49.2445 73.4631 110.5983 55.738 182.0238 68.5764 85.0855 90.1653 87.2104 68.1067 7.7507 70.0435 69.1466 79.7895 72.8151 59.0568 8.2822 1122.4875 748.0191 748.0191 705.6966 111.5563 290.7014 175.3068 174.7462 319.1548 1113.9847 233.1957 439.1387 195.0403 111.247 333.0066 175.3745 243.9989 1125.5887;
	3.3734 45.5817 82.271 94.768 14.1565 30.691 21.4482 11.1149 26.0268 27.8725 51.522 76.8606 115.7133 56.0682 175.7519 66.2135 82.1538 87.0585 84.8775 66.7701 7.1494 71.6124 69.247 81.6331 75.802 58.0013 8.117 1055.1201 768.9739 768.9739 711.9538 100.8097 282.9252 171.8665 175.7813 328.0955 1129.6757 228.0953 440.8004 203.0412 110.3638 340.4658 183.1908 244.5264 1141.4431;
	3.353 45.3071 82.6445 80.4153 14.2802 30.6121 17.4849 10.3899 20.6791 27.2314 50.3369 75.0927 113.0517 56.4244 171.1008 64.4612 79.9797 84.7546 85.6075 67.3946 5.8283 71.4282 71.332 87.5822 71.7017 54.8006 8.297 1180.1854 778.622 778.622 694.2242 94.6915 285.3583 173.4739 176.8982 332.2121 1140.5007 219.202 380.1544 192.058 112.9729 339.5902 191.9261 225.5444 1152.3809;
	3.5543 48.0258 78.1725 75.1765 14.2573 29.941 14.2779 7.5432 19.7874 27.6655 51.1392 76.2896 114.8536 44.6526 168.1579 63.3525 78.6041 83.2968 87.1658 63.0954 4.7593 69.8623 68.467 85.6538 55.2487 37.5561 5.9518 1121.4474 684.9936 684.9936 571.2209 77.4954 290.5526 162.4077 139.9919 292.2639 1074.4456 199.9388 322.5398 147.9877 98.5905 332.1452 187.82 181.4364 1085.6378;
	3.2673 44.1485 70.9981 64.413 14.8956 29.8503 12.9593 6.1833 14.8563 27.373 50.5986 75.4832 113.6395 55.3922 178.0061 67.0627 83.2075 88.1751 91.1881 68.0628 4.3198 69.6507 69.9254 81.2165 47.3365 27.877 4.8978 1130.0124 661.1328 661.1328 506.0206 59.6866 303.9603 175.1939 173.6621 282.0833 1019.0827 194.67 274.0752 126.7941 84.2335 331.1394 167.9395 138.8322 1029.6981;
	3.5127 47.4637 69.7049 72.4209 14.6126 27.6572 14.22 5.9283 13.9315 25.0896 46.3778 69.1866 104.16 44.8992 161.9111 60.9991 75.684 80.2025 90.2783 65.2884 4.74 64.5335 59.8286 85.2756 57.4835 21.8011 3.6518 1118.1842 637.9143 637.9143 530.23 58.7636 300.9275 168.0525 140.765 272.1768 996.9219 190.9139 244.225 153.9738 79.8893 306.8105 153.8237 145.3092 1007.3065;
	3.0424 41.11 65.9035 73.0733 14.9542 26.5771 12.7344 4.7205 14.051 23.6613 43.7376 65.2478 98.2303 49.6714 160.2983 60.3915 74.9301 79.4036 90.2866 61.7716 4.2448 62.0131 53.6141 85.9871 60.2866 15.6019 2.7728 1130.8641 747.0956 747.0956 601.6723 83.5124 300.9554 159.0003 155.7265 318.7608 1054.8082 230.6347 223.5639 161.482 61.0225 294.8281 154.8092 170.8386 1065.7958;
	2.5693 34.7173 51.4064 63.5222 14.5002 19.8869 16.9095 2.3669 8.3675 20.1488 37.2448 55.562 83.6482 48.9732 149.0818 56.1657 69.6871 73.8475 87.3509 57.5356 5.6365 46.4028 43.4541 72.0389 35.4444 9.1919 1.3436 1040.6573 748.042 748.042 651.3634 100.0895 291.1696 148.0968 153.5375 319.1646 1044.4284 218.2748 336.1618 94.9405 45.3121 220.612 132.0067 131.9143 1055.3079;
	1.9164 25.8947 34.0812 45.6794 13.5215 14.3754 13.582 1.3548 4.1295 16.879 31.2006 46.5452 70.0736 46.019 149.3976 56.2847 69.8347 74.0039 85.0559 66.2463 4.5273 33.5426 33.8084 53.0449 21.6727 6.7066 1.5893 988.6489 709.2977 709.2977 629.5237 89.6327 283.5198 170.5181 144.2758 302.6337 926.0751 206.4499 373.3638 58.0519 40.1247 159.4709 89.052 90.5173 935.7217;
	1.3327 18.0082 26.7974 26.5099 9.2782 9.4017 14.0616 1.389 3.0176 18.2975 33.8227 50.4568 75.9624 50.4075 141.6406 53.3623 66.2087 70.1615 80.8414 62.2517 4.6872 21.9373 40.0311 32.5369 16.8692 7.5999 1.2235 845.9294 618.323 618.323 586.03 84.6605 269.4714 160.2361 158.0344 263.8178 826.8682 179.137 352.0301 45.1855 28.614 104.2961 57.7876 76.3518 835.4815;
	1.0282 13.8937 21.5943 24.8851 8.4535 7.4927 16.9504 2.0531 13.6719 14.1479 26.1521 39.0138 58.7351 44.6137 156.0244 58.7813 72.9323 77.2865 85.1087 58.8613 5.6501 17.4829 35.9964 33.3114 19.1145 10.6608 2.4671 894.1195 691.0546 691.0546 632.6111 78.5835 283.6956 151.5092 139.87 294.85 888.2066 198.5121 402.9388 51.1995 28.8109 83.1187 49.5799 53.2612 897.4588;
	0.879 11.8773 19.9696 31.011 7.8629 8.1497 12.864 2.5435 11.9674 18.5473 34.2844 51.1456 76.9995 56.8454 160.1351 60.33 74.8538 79.3227 84.0244 57.9977 4.288 19.016 50.0166 38.192 23.141 10.3553 3.7651 875.5635 685.9546 685.9546 652.1928 76.2613 280.0814 149.2863 178.2179 292.674 804.6375 198.7736 399.8785 61.9849 32.4826 90.4076 42.1517 56.8144 813.0192;
	0.8353 11.2867 21.5701 6.9677 6.0959 7.7481 10.7267 2.4397 12.5268 18.5743 34.3343 51.2201 77.1115 59.9097 179.8293 67.7496 84.0597 89.0782 77.7995 64.1985 3.5756 18.079 54.8544 51.7847 26.8818 7.7271 3.9211 763.8629 627.8688 627.8688 608.2983 63.8256 259.3318 165.2472 187.825 267.8907 748.4686 192.2345 333.7511 72.0049 32.3928 85.9526 33.5721 59.7387 756.2651;
	0.8009 10.8222 15.3395 29.071 6.5306 0.0 4.0143 1.6852 0.0 15.3216 28.3218 42.2506 63.608 53.1332 150.9769 56.8797 70.5729 74.7862 71.7512 58.8321 1.3381 0.0 47.2978 46.1649 24.2331 4.6832 2.4446 749.4546 454.7837 454.7837 493.773 52.4845 239.1707 151.4341 166.5798 194.0411 571.4207 180.8825 187.1059 64.9101 31.4788 0.0 2.8204 23.8254 577.373;
	0.4838 6.537 0.0 30.6323 4.6358 0.0 3.2055 5.9294 11.0111 17.3861 32.1379 47.9434 72.1785 45.5702 157.1245 59.1957 73.4465 77.8314 80.3205 57.1413 1.0685 0.0 45.2397 42.368 15.5364 33.6732 1.9951 749.414 477.6164 477.6164 510.6772 73.729 267.7349 147.0817 142.8689 203.783 697.9705 182.4113 216.0137 41.6153 37.1735 0.0 0.0014 12.4717 705.2411;
	1.0017 13.5349 5.6606 52.7164 2.5221 0.0065 0.0049 12.3672 6.5501 21.5342 39.8056 59.3821 89.3994 55.3772 128.9529 48.5822 60.278 63.8767 80.9988 53.1864 0.0016 0.0151 64.1189 42.5446 18.0526 6.1856 2.1581 682.0884 507.5585 507.5585 556.0709 76.3811 269.9959 136.9021 173.6149 216.5583 667.8677 200.6754 328.6052 48.3551 84.6693 0.0719 1.2474 66.1279 674.8247;
	0.5366 7.2503 24.9867 46.2929 0.1764 16.5808 4.0276 2.5066 17.2128 25.2734 46.7175 69.6933 104.9229 56.734 118.7258 44.7293 55.4974 58.8107 19.2709 64.8083 1.3425 38.6884 71.931 50.1236 25.7544 9.534 2.4483 763.9716 492.4359 492.4359 616.6537 80.17 64.2362 166.8168 177.8688 210.106 661.7672 187.2829 370.1947 68.9851 96.5534 183.9358 19.9256 34.7417 668.6606;
