function loadprofile = ex_load_profilesh1
%EX_LOAD_PROFILE  Example load profile data file for stochastic unit commitment.
% 2022.03.12
% Andres F. Ramirez

%% define constants
[CT_LABEL, CT_PROB, CT_TABLE, CT_TBUS, CT_TGEN, CT_TBRCH, CT_TAREABUS, ...
    CT_TAREAGEN, CT_TAREABRCH, CT_ROW, CT_COL, CT_CHGTYPE, CT_REP, ...
    CT_REL, CT_ADD, CT_NEWVAL, CT_TLOAD, CT_TAREALOAD, CT_LOAD_ALL_PQ, ...
    CT_LOAD_FIX_PQ, CT_LOAD_DIS_PQ, CT_LOAD_ALL_P, CT_LOAD_FIX_P, ...
    CT_LOAD_DIS_P, CT_TGENCOST, CT_TAREAGENCOST, CT_MODCOST_F, ...
    CT_MODCOST_X] = idx_ct;

loadprofile = struct( ...
    'type', 'mpcData', ...
    'table', CT_TAREALOAD, ...
    'rows', [1:11], ...
    'col', CT_LOAD_ALL_P, ...
    'chgtype', 1, ...
    'values', [] );
loadprofile.values(:,1,:) = [
	1565.9 1023.8498 1794.2608 557.7095 856.0212 1143.8281 889.0664 341.2627 500.6478 4621.127 1774.3569;
	1548.3458 997.0235 1713.9769 539.9569 847.8 1145.4754 892.3017 315.94 512.3 4549.1969 1773.5411;
	1575.8063 1027.9713 1768.8366 569.0066 871.8287 1172.2281 914.4331 309.0949 525.0258 4613.0677 1807.0389;
	1684.0496 1115.134 1871.5213 583.9 925.4218 1266.7 976.8057 319.1724 556.5 4820.9995 1886.0263;
	1831.927 1224.8 2057.0519 616.8 1066.2185 1364.5581 1072.4003 363.3 626.5452 5356.6 2107.9962;
	1914.2559 1270.436 2170.7 637.2413 1135.6286 1437.2078 1141.3321 382.683 682.207 5935.8964 2244.204;
	1892.7857 1246.1788 2128.6289 621.8793 1130.9122 1433.7 1143.9891 389.7637 673.0461 6263.8518 2255.0;
	1910.266 1250.0679 2113.7549 621.8 1095.7418 1392.8 1101.1805 378.8109 697.0781 6395.7262 2164.5991;
	1953.2086 1275.3002 2091.4861 615.01 1096.0832 1406.5049 1086.654 371.9787 685.7078 6469.0358 2093.0855;
	1974.2736 1286.0029 2082.2751 621.7 1121.0143 1402.6463 1122.9982 363.4 675.222 6533.6577 2039.9722;
	1901.4891 1265.9 2058.5 611.9267 1138.9429 1358.2868 1082.673 351.6 651.7502 6541.004 1939.2165;
	1900.9113 1255.0 2075.2644 610.092 1120.765 1362.1 1090.0782 342.386 665.7781 6536.7227 1991.6574;
	1856.4335 1217.7377 2003.8185 597.7971 1116.153 1336.131 1078.4512 339.4371 637.5998 6367.1553 1876.4183;
	1872.8332 1238.228 1996.7352 575.0663 1100.4252 1368.5426 1041.6853 332.1205 602.6451 6284.1163 1713.6353;
	1830.761 1238.3223 2005.7652 586.9 1124.256 1414.6529 1055.3213 337.9563 578.4254 6346.7084 1516.1558;
	1930.5511 1275.2761 2054.49 584.7717 1137.2064 1490.4383 1155.4577 357.524 673.597 6447.4411 1854.7973;
	1923.5765 1251.1153 2041.7753 585.3917 1129.1346 1489.2339 1132.7 364.1242 677.0022 6314.85 1880.5013;
	1932.81 1295.5 2086.4954 616.8447 1107.4729 1513.6642 1184.6 363.0656 679.731 6342.6455 1990.4097;
	1976.4119 1305.863 2097.9573 636.8466 1118.2653 1489.0763 1186.6213 376.396 678.4365 6219.8419 2191.2892;
	1912.2296 1228.1283 1998.8704 607.0074 1033.5353 1421.5742 1132.6 356.6 649.3835 5972.9244 2095.1863;
	1807.1935 1166.5737 1935.9 585.5 989.6885 1331.7055 1086.2281 334.8845 602.8924 5627.9193 1940.3838;
	1704.7 1086.5587 1843.2205 572.036 919.1116 1240.375 1008.9492 316.2761 579.569 5215.7 1922.6133;
	1705.2874 1096.5168 1772.2281 552.4822 920.3988 1222.6752 970.6171 308.0 537.2223 4952.6972 1763.3922;
	1653.1551 1077.6704 1772.9989 557.6459 871.8335 1221.4468 979.8536 286.7567 543.0666 4833.0873 1786.1926;
];
