function solarprofile = ex_solar_profilesh1
%EX_WIND_PROFILE_D  Example wind_load_nyiso profile data for deterministic unit commitment.
% 2022.03.12
% Andres F. Ramirez


%% define constants
[GEN_BUS, PG, QG, QMAX, QMIN, VG, MBASE, GEN_STATUS, PMAX, PMIN, ...
    MU_PMAX, MU_PMIN, MU_QMAX, MU_QMIN, PC1, PC2, QC1MIN, QC1MAX, ...
    QC2MIN, QC2MAX, RAMP_AGC, RAMP_10, RAMP_30, RAMP_Q, APF] = idx_gen;
[CT_LABEL, CT_PROB, CT_TABLE, CT_TBUS, CT_TGEN, CT_TBRCH, CT_TAREABUS, ...
    CT_TAREAGEN, CT_TAREABRCH, CT_ROW, CT_COL, CT_CHGTYPE, CT_REP, ...
    CT_REL, CT_ADD, CT_NEWVAL, CT_TLOAD, CT_TAREALOAD, CT_LOAD_ALL_PQ, ...
    CT_LOAD_FIX_PQ, CT_LOAD_DIS_PQ, CT_LOAD_ALL_P, CT_LOAD_FIX_P, ...
    CT_LOAD_DIS_P, CT_TGENCOST, CT_TAREAGENCOST, CT_MODCOST_F, ...
    CT_MODCOST_X] = idx_ct;

solarprofile = struct( ...
    'type', 'mpcData', ...
    'table', CT_TGEN, ...
    'rows', [1:12], ...
    'col', PMAX, ...
    'chgtype', 1, ...
    'values', [] );
solarprofile.values(:,1,:) = [
	0.0 0.0 0.0 0.0 0.0 0.0 0.0 0.0 0.0 0.0 0.0 0.0;
	0.0 0.0 0.0 0.0 0.0 0.0 0.0 0.0 0.0 0.0 0.0 0.0;
	0.0 0.0 0.0 0.0 0.0 0.0 0.0 0.0 0.0 0.0 0.0 0.0;
	0.0 0.0 0.0 0.0 0.0 0.0 0.0 0.0 0.0 0.0 0.0 0.0;
	0.0 0.0 0.0 0.0 0.0 0.0 0.0 0.0 0.0 0.0 0.0 0.0;
	0.1575 0.1621 0.24 0.0 0.0 0.0 0.0 0.0 0.0 0.0 0.0 0.0;
	4.0073 4.3668 3.1809 0.9442 2.7817 173.081 21.6351 20.5899 27.8095 59.0442 23.8762 106.9294;
	10.3058 9.5995 7.87 3.065 5.5882 307.5291 38.4411 28.9631 96.3557 110.1008 72.7256 199.3933;
	17.5279 15.7183 13.5077 5.2015 5.4864 340.4004 42.5501 40.7581 139.4878 156.3599 122.0277 283.1688;
	21.4139 15.501 13.6008 3.9484 1.4505 308.2126 38.5266 51.9049 136.0747 223.8025 169.6173 405.3076;
	21.3134 15.3084 13.1179 5.1787 1.705 366.5157 45.8145 63.0337 163.247 254.5024 193.2458 460.9054;
	20.933 14.8765 11.8655 6.5587 2.6305 371.7933 46.4742 63.3373 169.3287 259.1369 195.1059 469.2984;
	21.1352 14.6049 11.3895 10.9579 8.27 373.372 46.6715 63.1946 197.38 341.4098 245.4874 618.2951;
	18.207 15.0024 12.5154 10.6945 7.763 358.1211 44.7651 61.1668 179.2572 336.3715 219.7724 609.1709;
	14.0115 10.1663 9.0036 7.9931 6.7666 333.7789 41.7224 56.3744 160.323 311.9372 181.8278 564.9202;
	8.8983 5.5037 5.5916 6.1693 11.5547 328.4479 41.056 49.0883 170.8003 259.604 174.392 470.1443;
	0.9657 0.7523 0.529 2.1937 4.3221 75.1745 9.3968 10.2343 48.373 66.5516 40.9663 120.5254;
	0.0 0.0 0.0 0.0 0.0 0.0 0.0 0.0 0.0 0.0 0.0 0.0;
	0.0 0.0 0.0 0.0 0.0 0.0 0.0 0.0 0.0 0.0 0.0 0.0;
	0.0 0.0 0.0 0.0 0.0 0.0 0.0 0.0 0.0 0.0 0.0 0.0;
	0.0 0.0 0.0 0.0 0.0 0.0 0.0 0.0 0.0 0.0 0.0 0.0;
	0.0 0.0 0.0 0.0 0.0 0.0 0.0 0.0 0.0 0.0 0.0 0.0;
	0.0 0.0 0.0 0.0 0.0 0.0 0.0 0.0 0.0 0.0 0.0 0.0;
	0.0 0.0 0.0 0.0 0.0 0.0 0.0 0.0 0.0 0.0 0.0 0.0;
];
