function windprofile = ex_wind_profilesh1
%EX_WIND_PROFILE_D  Example wind_load_nyiso profile data for deterministic unit commitment.
% 2022.03.12
% Andres F. Ramirez


%% define constants
[GEN_BUS, PG, QG, QMAX, QMIN, VG, MBASE, GEN_STATUS, PMAX, PMIN, ...
    MU_PMAX, MU_PMIN, MU_QMAX, MU_QMIN, PC1, PC2, QC1MIN, QC1MAX, ...
    QC2MIN, QC2MAX, RAMP_AGC, RAMP_10, RAMP_30, RAMP_Q, APF] = idx_gen;
[CT_LABEL, CT_PROB, CT_TABLE, CT_TBUS, CT_TGEN, CT_TBRCH, CT_TAREABUS, ...
    CT_TAREAGEN, CT_TAREABRCH, CT_ROW, CT_COL, CT_CHGTYPE, CT_REP, ...
    CT_REL, CT_ADD, CT_NEWVAL, CT_TLOAD, CT_TAREALOAD, CT_LOAD_ALL_PQ, ...
    CT_LOAD_FIX_PQ, CT_LOAD_DIS_PQ, CT_LOAD_ALL_P, CT_LOAD_FIX_P, ...
    CT_LOAD_DIS_P, CT_TGENCOST, CT_TAREAGENCOST, CT_MODCOST_F, ...
    CT_MODCOST_X] = idx_ct;

windprofile = struct( ...
    'type', 'mpcData', ...
    'table', CT_TGEN, ...
    'rows', [1:45], ...
    'col', PMAX, ...
    'chgtype', 1, ...
    'values', [] );
windprofile.values(:,1,:) = [
	3.5569 48.0616 87.4894 109.6624 14.1494 29.2499 28.5656 11.8814 27.4949 27.8852 51.5455 76.8957 115.766 62.0387 189.2677 71.3055 88.4717 93.7536 89.0061 70.7148 9.5219 68.2497 69.2909 85.1388 98.0526 53.6054 8.8344 1128.0938 717.1815 717.1815 734.9629 105.0335 296.6869 182.02 194.4998 305.9974 1022.8644 267.1661 461.3022 262.6409 113.571 324.4788 177.8375 227.0485 1033.5192;
	3.5782 48.3491 85.5183 109.7171 13.948 27.6514 28.4424 10.204 27.1702 26.3624 48.7305 72.6963 109.4438 59.1792 194.6101 73.3182 90.9689 96.3999 86.3379 71.8542 9.4808 64.52 69.1994 83.256 97.771 47.0594 7.0488 1149.1237 733.7296 733.7296 750.5153 109.1786 287.7931 184.9528 185.5349 313.058 1087.9705 270.8909 460.0969 261.8865 115.0728 306.7467 171.4641 227.2259 1099.3036;
	3.3692 45.525 81.2257 92.9295 13.779 29.1601 25.5114 7.8886 27.1501 27.6462 51.1037 76.2366 114.7738 61.9887 193.0174 72.7182 90.2244 95.611 88.0381 72.0829 8.5038 68.0402 69.3707 80.9698 78.4573 48.5566 5.5707 1187.6831 766.8273 766.8273 760.3304 112.0869 293.4604 185.5415 194.3429 327.1796 1075.0634 273.8145 449.4928 210.1534 113.3461 323.4823 140.646 227.419 1086.262;
	3.4145 46.1372 78.8181 96.4372 13.8229 27.2191 22.0122 8.6381 26.4004 28.0668 51.8811 77.3964 116.5199 57.0313 188.1914 70.9 87.9685 93.2204 86.2564 72.8041 7.3374 63.5113 69.318 83.6621 77.6811 49.481 6.1578 1123.3942 768.5196 768.5196 732.732 112.9135 287.5215 187.398 178.8007 327.9017 1084.7388 268.3282 431.4052 208.0744 110.1057 301.9507 161.3365 235.8244 1096.0382;
	3.4273 46.3103 75.6016 79.7803 13.8042 29.5104 17.8468 5.4963 21.143 27.8459 51.4727 76.7871 115.6026 49.0932 178.4505 67.2302 83.4152 88.3953 86.3408 68.5628 5.9489 68.8575 71.6448 83.7223 62.5478 32.892 5.0236 1160.8592 712.8493 712.8493 653.8465 108.5445 287.8025 176.4808 153.9137 304.149 1014.7873 246.5278 351.2041 167.5388 107.544 327.3684 178.3994 206.5853 1025.358;
	3.4571 46.7127 76.583 71.7943 13.9442 26.1837 16.0641 6.1554 23.2703 28.6336 52.9287 78.9592 118.8727 54.8628 185.1642 69.7595 86.5535 91.7209 87.1645 69.5872 5.3547 61.0954 71.2919 81.3694 49.0646 27.5209 4.3968 1134.647 653.6173 653.6173 588.8572 94.9719 290.5484 179.1178 172.0024 278.8767 1017.6166 212.0735 307.7943 131.423 98.5462 290.4651 148.5181 170.2569 1028.2168;
	3.0584 41.326 67.0701 63.6792 14.1561 24.5424 14.457 4.5103 16.0187 26.8811 49.6893 74.1267 111.5974 58.7249 184.652 69.5666 86.3141 91.4671 89.8864 70.5996 4.819 57.2656 69.3106 77.7439 44.509 2.1226 2.4562 1140.8878 637.9931 637.9931 467.1043 51.9859 299.6213 181.7237 184.1105 272.2104 982.2708 175.207 251.3989 119.2206 82.9334 272.2571 148.8975 115.4491 992.5028;
	3.4927 47.1942 66.1335 71.2221 14.1373 26.9942 14.3529 4.8839 9.5793 22.3142 41.2474 61.5331 92.6377 62.562 175.5099 66.1223 82.0407 86.9386 88.3793 66.7065 4.7843 62.9866 51.5706 81.0295 52.2895 15.7541 2.428 1158.9987 619.1032 619.1032 524.9706 54.325 294.5976 171.7028 196.1404 264.1507 991.4181 178.2998 211.8969 140.0611 79.776 299.4561 137.6779 130.4279 1001.7453;
	2.7779 37.5362 51.7093 62.5977 13.9139 20.9385 14.6578 1.7555 10.564 21.6354 39.9928 59.6613 89.8198 62.2373 180.9699 68.1794 84.5929 89.6432 90.3896 62.0698 4.8859 48.8565 46.7226 75.2228 46.8964 6.3903 0.0078 1143.0144 679.2984 679.2984 649.2298 78.5471 301.2986 159.7679 195.1225 289.834 969.2973 202.9789 222.0421 125.6153 54.4703 232.2777 133.2685 133.9812 979.3941;
	2.1184 28.6241 32.8456 55.0148 6.4579 14.9547 18.3047 0.9012 19.3751 18.8248 34.7973 51.9108 78.1514 65.2666 167.722 63.1883 78.4003 83.0809 89.0631 61.6386 6.1016 34.8943 42.4753 52.3105 0.8741 1.9643 0.5608 1091.657 726.6456 726.6456 696.0633 100.8287 296.8772 158.6578 204.6197 310.0354 1044.0726 200.1609 336.9194 2.3413 43.133 165.8973 117.8296 84.9517 1054.9484;
	2.0385 27.5441 4.1236 39.1672 11.3554 13.3191 17.2764 0.5763 18.6447 15.2114 28.1181 41.9466 63.1504 65.0221 159.243 59.9939 74.4369 78.8809 86.6249 66.0627 5.7588 31.0779 33.9822 44.8742 18.5088 2.9146 0.5899 1152.648 746.6081 746.6081 629.1736 99.2328 288.7497 170.0455 203.8531 318.5528 1053.6485 206.0801 347.8867 49.5771 35.6382 147.7532 87.7756 73.3434 1064.624;
	1.4788 19.9824 23.7359 24.9666 8.9819 9.9934 17.5348 0.8657 16.283 16.6327 30.7454 45.8661 69.0511 67.4397 160.9435 60.6345 75.2317 79.7232 86.4625 64.2885 5.8449 23.318 38.4215 35.2943 16.2131 5.1441 0.7478 1111.8709 704.1588 704.1588 647.9341 100.4348 288.2084 165.4788 211.4327 300.4411 1043.1595 197.7475 362.2349 43.4279 26.425 110.8602 65.965 67.6901 1054.0258;
	1.0657 14.3998 22.0351 25.1098 7.1165 7.2651 17.4302 1.6858 14.9276 13.2845 24.5562 36.633 55.1508 65.2309 167.3655 63.054 78.2336 82.9043 86.5389 63.0241 5.8101 16.9519 34.0247 34.9985 20.1338 10.3363 2.4451 1035.4437 717.2477 717.2477 630.903 99.0235 288.4631 162.2242 204.5076 306.0257 1018.3026 212.2401 394.2229 53.9298 21.5154 80.5944 40.7795 52.993 1028.91;
	0.8362 11.2986 19.8384 31.375 5.8095 7.1338 13.2861 2.8265 12.6371 17.1483 31.6984 47.2877 71.1914 67.6994 167.5262 63.1145 78.3088 82.9839 85.5683 63.5663 4.4287 16.6455 49.4679 40.5649 27.3768 12.4204 3.9971 993.6715 686.2488 686.2488 613.1779 90.8683 285.2277 163.6198 212.2469 292.7995 883.015 220.6492 394.8508 73.3308 31.1777 79.1373 35.7272 59.863 892.2131;
	0.8721 11.7833 21.4295 14.405 0.5816 6.1532 10.8968 2.5112 9.6378 15.0333 27.7889 41.4556 62.4112 64.0422 136.7376 51.5151 63.9169 67.7328 65.8173 57.1937 3.6323 14.3576 50.8813 51.9793 28.5784 7.7426 3.7539 843.0891 613.9522 613.9522 557.8229 75.7976 219.3911 147.2166 200.7809 261.953 753.0588 202.7461 317.573 76.5493 29.6982 68.26 31.6874 59.018 760.9032;
	0.9629 13.0113 18.7007 30.1805 6.4935 0.0731 5.6209 1.6787 8.1644 14.2029 26.2538 39.1654 58.9634 65.9752 168.1411 63.3462 78.5962 83.2885 76.0114 67.2293 1.8736 0.1706 53.7283 45.6619 26.4534 5.4755 2.4075 808.037 509.9447 509.9447 504.4945 77.4073 253.3713 173.0484 206.8413 217.5764 606.2509 187.0301 204.8931 70.8574 29.98 0.8109 0.5986 34.6354 612.566;
	0.5261 7.1082 5.1795 15.5909 5.5313 0.0 3.9876 2.3825 7.5102 15.9272 29.4412 43.9205 66.122 62.9503 163.5373 61.6117 76.4442 81.008 79.0426 57.7849 1.3292 0.0 52.8861 42.4506 17.723 5.7663 1.6896 698.815 464.5132 464.5132 519.6166 76.3824 263.4752 148.7384 197.3577 198.1923 674.5344 185.0149 196.2975 47.4723 36.4892 0.0 0.0 40.0125 681.5609;
	1.0387 14.035 4.7101 17.8806 2.7522 0.0 2.8579 0.1935 0.0 20.6836 38.2333 57.0366 85.8682 62.4969 127.4128 48.002 59.5581 63.1138 82.1448 50.3718 0.9526 0.0 69.4579 35.7467 17.2618 2.511 1.386 683.1121 452.1993 452.1993 502.4114 83.3607 273.8159 129.657 195.9361 192.9384 671.3271 188.3373 301.9063 46.237 78.5495 0.0 0.5866 15.7582 678.3201;
	0.5367 7.252 22.9102 41.6991 6.6793 0.9274 9.8733 1.7661 0.0 23.4086 43.2705 64.5511 97.1813 63.6129 107.6294 40.5487 50.3105 53.3141 37.6405 54.8908 3.2911 2.164 69.4657 43.9427 23.1856 7.3654 1.7357 737.5705 473.4214 473.4214 548.3638 81.7756 125.4684 141.2892 199.4349 201.9931 648.2917 184.7629 323.582 62.1044 93.2718 10.2882 7.2669 19.7847 655.0447;
