function solarprofile = ex_solar_profilesh1
%EX_WIND_PROFILE_D  Example wind_load_nyiso profile data for deterministic unit commitment.
% 2022.03.12
% Andres F. Ramirez


%% define constants
[GEN_BUS, PG, QG, QMAX, QMIN, VG, MBASE, GEN_STATUS, PMAX, PMIN, ...
    MU_PMAX, MU_PMIN, MU_QMAX, MU_QMIN, PC1, PC2, QC1MIN, QC1MAX, ...
    QC2MIN, QC2MAX, RAMP_AGC, RAMP_10, RAMP_30, RAMP_Q, APF] = idx_gen;
[CT_LABEL, CT_PROB, CT_TABLE, CT_TBUS, CT_TGEN, CT_TBRCH, CT_TAREABUS, ...
    CT_TAREAGEN, CT_TAREABRCH, CT_ROW, CT_COL, CT_CHGTYPE, CT_REP, ...
    CT_REL, CT_ADD, CT_NEWVAL, CT_TLOAD, CT_TAREALOAD, CT_LOAD_ALL_PQ, ...
    CT_LOAD_FIX_PQ, CT_LOAD_DIS_PQ, CT_LOAD_ALL_P, CT_LOAD_FIX_P, ...
    CT_LOAD_DIS_P, CT_TGENCOST, CT_TAREAGENCOST, CT_MODCOST_F, ...
    CT_MODCOST_X] = idx_ct;

solarprofile = struct( ...
    'type', 'mpcData', ...
    'table', CT_TGEN, ...
    'rows', [1:12], ...
    'col', PMAX, ...
    'chgtype', 1, ...
    'values', [] );
solarprofile.values(:,1,:) = [
	0.0 0.0 0.0 0.0 0.0 0.0 0.0 0.0 0.0 0.0 0.0 0.0;
	0.0 0.0 0.0 0.0 0.0 0.0 0.0 0.0 0.0 0.0 0.0 0.0;
	0.0 0.0 0.0 0.0 0.0 0.0 0.0 0.0 0.0 0.0 0.0 0.0;
	0.0 0.0 0.0 0.0 0.0 0.0 0.0 0.0 0.0 0.0 0.0 0.0;
	0.0 0.0 0.0 0.0 0.0 0.0 0.0 0.0 0.0 0.0 0.0 0.0;
	0.1721 0.1642 0.24 0.0 0.0 0.0 0.0 0.0 0.0 0.0 0.0 0.0;
	9.2347 6.7423 4.6741 0.5389 3.5479 204.2272 25.5284 23.2145 74.4951 64.2751 22.6694 116.4026;
	18.5878 14.9715 9.5185 2.3491 6.4485 407.7421 50.9678 25.8169 175.3433 136.2378 40.4939 246.7274;
	23.7051 16.7364 13.8 5.2093 7.6695 436.418 54.5523 34.0626 225.7865 193.8851 67.9819 351.127;
	26.137 16.6564 13.7624 7.072 8.5097 431.9554 53.9944 45.7945 281.2111 219.7766 131.7665 398.0168;
	26.1322 16.5383 13.7859 6.6297 9.2409 425.6465 53.2058 47.9627 295.0998 248.6557 177.6676 450.317;
	25.964 16.5331 13.7863 6.5752 9.3277 385.6794 48.2099 45.6398 293.0515 260.121 194.0513 471.0808;
	25.3768 16.3041 13.5454 10.4457 12.2422 353.2031 44.1504 56.7516 220.5272 341.7686 254.0935 618.9451;
	21.8508 16.087 13.1635 11.0542 11.942 322.6929 40.3366 58.0796 164.2472 337.4873 236.6529 611.1916;
	16.8514 11.6568 8.8288 10.5553 11.9451 263.5876 32.9484 56.941 75.2403 311.4871 207.0913 564.1051;
	9.0424 6.0793 5.5571 9.0031 13.3653 207.4068 25.9258 49.9753 31.998 238.4014 151.4799 431.7463;
	0.9383 0.7541 0.5712 1.6131 4.2311 58.6763 7.3345 10.1914 34.9853 67.1175 41.3872 121.5503;
	0.0 0.0 0.0 0.0 0.0 0.0 0.0 0.0 0.0 0.0 0.0 0.0;
	0.0 0.0 0.0 0.0 0.0 0.0 0.0 0.0 0.0 0.0 0.0 0.0;
	0.0 0.0 0.0 0.0 0.0 0.0 0.0 0.0 0.0 0.0 0.0 0.0;
	0.0 0.0 0.0 0.0 0.0 0.0 0.0 0.0 0.0 0.0 0.0 0.0;
	0.0 0.0 0.0 0.0 0.0 0.0 0.0 0.0 0.0 0.0 0.0 0.0;
	0.0 0.0 0.0 0.0 0.0 0.0 0.0 0.0 0.0 0.0 0.0 0.0;
	0.0 0.0 0.0 0.0 0.0 0.0 0.0 0.0 0.0 0.0 0.0 0.0;
];
