function solarprofile = ex_solar_profilesh1
%EX_WIND_PROFILE_D  Example wind_load_nyiso profile data for deterministic unit commitment.
% 2022.03.12
% Andres F. Ramirez


%% define constants
[GEN_BUS, PG, QG, QMAX, QMIN, VG, MBASE, GEN_STATUS, PMAX, PMIN, ...
    MU_PMAX, MU_PMIN, MU_QMAX, MU_QMIN, PC1, PC2, QC1MIN, QC1MAX, ...
    QC2MIN, QC2MAX, RAMP_AGC, RAMP_10, RAMP_30, RAMP_Q, APF] = idx_gen;
[CT_LABEL, CT_PROB, CT_TABLE, CT_TBUS, CT_TGEN, CT_TBRCH, CT_TAREABUS, ...
    CT_TAREAGEN, CT_TAREABRCH, CT_ROW, CT_COL, CT_CHGTYPE, CT_REP, ...
    CT_REL, CT_ADD, CT_NEWVAL, CT_TLOAD, CT_TAREALOAD, CT_LOAD_ALL_PQ, ...
    CT_LOAD_FIX_PQ, CT_LOAD_DIS_PQ, CT_LOAD_ALL_P, CT_LOAD_FIX_P, ...
    CT_LOAD_DIS_P, CT_TGENCOST, CT_TAREAGENCOST, CT_MODCOST_F, ...
    CT_MODCOST_X] = idx_ct;

solarprofile = struct( ...
    'type', 'mpcData', ...
    'table', CT_TGEN, ...
    'rows', [1:12], ...
    'col', PMAX, ...
    'chgtype', 1, ...
    'values', [] );
solarprofile.values(:,1,:) = [
	0.0 0.0 0.0 0.0 0.0 0.0 0.0 0.0 0.0 0.0 0.0 0.0;
	0.0 0.0 0.0 0.0 0.0 0.0 0.0 0.0 0.0 0.0 0.0 0.0;
	0.0 0.0 0.0 0.0 0.0 0.0 0.0 0.0 0.0 0.0 0.0 0.0;
	0.0 0.0 0.0 0.0 0.0 0.0 0.0 0.0 0.0 0.0 0.0 0.0;
	0.0 0.0 0.0 0.0 0.0 0.0 0.0 0.0 0.0 0.0 0.0 0.0;
	0.1947 0.189 0.24 0.0 0.0 0.0 0.0 0.0 0.0 0.0 0.0 0.0;
	8.3552 5.0046 0.783 0.9372 1.1109 92.8688 11.6086 24.6387 19.2177 22.2477 23.4242 40.2908;
	19.3172 13.3066 4.9295 1.0702 1.5912 224.1345 28.0168 36.5762 104.8732 15.3001 20.0005 27.7085;
	24.2312 16.6083 13.7286 1.9682 1.7646 206.8435 25.8554 42.6225 146.9609 8.0654 19.4826 14.6066;
	25.9738 16.474 13.7624 1.9617 0.6619 31.2318 3.904 34.6111 66.8971 9.8938 18.6688 17.9176;
	25.9821 16.5326 13.7859 1.4331 0.3606 37.136 4.642 45.097 85.2156 10.9831 88.2329 19.8904;
	25.964 16.5331 13.7863 1.3872 0.2872 79.2646 9.9081 47.6242 99.7501 34.1051 134.9329 61.7646;
	25.8632 16.5198 13.7254 1.7984 4.1359 371.1882 46.3985 53.6505 100.8125 278.3415 107.0459 504.0782;
	23.0849 16.1614 13.6486 1.9331 5.6717 368.5056 46.0632 43.7665 47.1983 298.3477 66.5346 540.3095;
	17.1659 9.8571 10.1133 3.1476 5.9095 289.5161 36.1895 36.135 22.2924 183.1997 36.1474 331.7758;
	6.3554 1.6975 4.2085 5.1504 10.2975 52.9537 6.6192 39.9659 16.3013 115.3523 79.35 208.9037;
	0.9676 0.734 0.5522 1.5377 3.4454 58.2495 7.2812 13.1075 37.9291 65.6531 39.2521 118.8982;
	0.0 0.0 0.0 0.0 0.0 0.0 0.0 0.0 0.0 0.0 0.0 0.0;
	0.0 0.0 0.0 0.0 0.0 0.0 0.0 0.0 0.0 0.0 0.0 0.0;
	0.0 0.0 0.0 0.0 0.0 0.0 0.0 0.0 0.0 0.0 0.0 0.0;
	0.0 0.0 0.0 0.0 0.0 0.0 0.0 0.0 0.0 0.0 0.0 0.0;
	0.0 0.0 0.0 0.0 0.0 0.0 0.0 0.0 0.0 0.0 0.0 0.0;
	0.0 0.0 0.0 0.0 0.0 0.0 0.0 0.0 0.0 0.0 0.0 0.0;
	0.0 0.0 0.0 0.0 0.0 0.0 0.0 0.0 0.0 0.0 0.0 0.0;
];
