function solarprofile = ex_solar_profilesh1
%EX_WIND_PROFILE_D  Example wind_load_nyiso profile data for deterministic unit commitment.
% 2022.03.12
% Andres F. Ramirez


%% define constants
[GEN_BUS, PG, QG, QMAX, QMIN, VG, MBASE, GEN_STATUS, PMAX, PMIN, ...
    MU_PMAX, MU_PMIN, MU_QMAX, MU_QMIN, PC1, PC2, QC1MIN, QC1MAX, ...
    QC2MIN, QC2MAX, RAMP_AGC, RAMP_10, RAMP_30, RAMP_Q, APF] = idx_gen;
[CT_LABEL, CT_PROB, CT_TABLE, CT_TBUS, CT_TGEN, CT_TBRCH, CT_TAREABUS, ...
    CT_TAREAGEN, CT_TAREABRCH, CT_ROW, CT_COL, CT_CHGTYPE, CT_REP, ...
    CT_REL, CT_ADD, CT_NEWVAL, CT_TLOAD, CT_TAREALOAD, CT_LOAD_ALL_PQ, ...
    CT_LOAD_FIX_PQ, CT_LOAD_DIS_PQ, CT_LOAD_ALL_P, CT_LOAD_FIX_P, ...
    CT_LOAD_DIS_P, CT_TGENCOST, CT_TAREAGENCOST, CT_MODCOST_F, ...
    CT_MODCOST_X] = idx_ct;

solarprofile = struct( ...
    'type', 'mpcData', ...
    'table', CT_TGEN, ...
    'rows', [1:12], ...
    'col', PMAX, ...
    'chgtype', 1, ...
    'values', [] );
solarprofile.values(:,1,:) = [
	0.0 0.0 0.0 0.0 0.0 0.0 0.0 0.0 0.0 0.0 0.0 0.0;
	0.0 0.0 0.0 0.0 0.0 0.0 0.0 0.0 0.0 0.0 0.0 0.0;
	0.0 0.0 0.0 0.0 0.0 0.0 0.0 0.0 0.0 0.0 0.0 0.0;
	0.0 0.0 0.0 0.0 0.0 0.0 0.0 0.0 0.0 0.0 0.0 0.0;
	0.0 0.0 0.0 0.0 0.0 0.0 0.0 0.0 0.0 0.0 0.0 0.0;
	0.1575 0.1722 0.2483 0.0 0.0 0.0 0.0 0.0 0.0 0.0 0.0 0.0;
	5.4666 2.7292 4.3381 1.4785 4.7779 50.1082 6.2635 1.843 56.5709 38.9324 22.71 70.5068;
	8.142 2.7495 4.4478 2.3069 5.6717 106.7236 13.3405 7.7903 92.6277 59.224 51.7552 107.255;
	15.9327 7.8774 10.962 3.4875 5.6661 130.9792 16.3724 18.6176 108.8279 104.5224 90.6557 189.2907;
	22.8193 10.5224 12.19 3.6105 2.8947 58.0307 7.2538 12.4037 116.9406 161.5499 122.3882 292.5678;
	20.0021 9.0047 11.6864 2.867 4.072 89.7605 11.2201 10.8692 150.3473 249.0627 178.2749 451.054;
	14.3817 9.0769 11.358 1.882 4.3306 145.0039 18.1255 14.2974 168.5605 266.1 190.3265 481.9087;
	17.3387 15.0286 12.3007 2.6586 5.0774 289.7276 36.216 43.7288 226.6322 341.4098 237.1753 618.2951;
	14.9957 15.5042 12.2308 3.33 1.8148 254.9693 31.8712 47.3258 211.1093 325.9679 205.0918 590.3298;
	11.1836 9.2883 6.2872 3.368 0.5386 126.1603 15.77 46.5893 179.2731 206.2881 157.5024 373.5889;
	3.228 1.0255 1.0651 3.4185 1.5592 54.6044 6.8255 48.8554 85.1816 169.5638 136.355 307.081;
	0.8962 0.7333 0.5133 1.5084 3.2807 58.3034 7.2879 14.9958 34.9853 66.0593 41.751 119.6338;
	0.0 0.0 0.0 0.0 0.0 0.0 0.0 0.0 0.0 0.0 0.0 0.0;
	0.0 0.0 0.0 0.0 0.0 0.0 0.0 0.0 0.0 0.0 0.0 0.0;
	0.0 0.0 0.0 0.0 0.0 0.0 0.0 0.0 0.0 0.0 0.0 0.0;
	0.0 0.0 0.0 0.0 0.0 0.0 0.0 0.0 0.0 0.0 0.0 0.0;
	0.0 0.0 0.0 0.0 0.0 0.0 0.0 0.0 0.0 0.0 0.0 0.0;
	0.0 0.0 0.0 0.0 0.0 0.0 0.0 0.0 0.0 0.0 0.0 0.0;
	0.0 0.0 0.0 0.0 0.0 0.0 0.0 0.0 0.0 0.0 0.0 0.0;
];
