function windprofile = ex_wind_profilesh1
%EX_WIND_PROFILE_D  Example wind_load_nyiso profile data for deterministic unit commitment.
% 2022.03.12
% Andres F. Ramirez


%% define constants
[GEN_BUS, PG, QG, QMAX, QMIN, VG, MBASE, GEN_STATUS, PMAX, PMIN, ...
    MU_PMAX, MU_PMIN, MU_QMAX, MU_QMIN, PC1, PC2, QC1MIN, QC1MAX, ...
    QC2MIN, QC2MAX, RAMP_AGC, RAMP_10, RAMP_30, RAMP_Q, APF] = idx_gen;
[CT_LABEL, CT_PROB, CT_TABLE, CT_TBUS, CT_TGEN, CT_TBRCH, CT_TAREABUS, ...
    CT_TAREAGEN, CT_TAREABRCH, CT_ROW, CT_COL, CT_CHGTYPE, CT_REP, ...
    CT_REL, CT_ADD, CT_NEWVAL, CT_TLOAD, CT_TAREALOAD, CT_LOAD_ALL_PQ, ...
    CT_LOAD_FIX_PQ, CT_LOAD_DIS_PQ, CT_LOAD_ALL_P, CT_LOAD_FIX_P, ...
    CT_LOAD_DIS_P, CT_TGENCOST, CT_TAREAGENCOST, CT_MODCOST_F, ...
    CT_MODCOST_X] = idx_ct;

windprofile = struct( ...
    'type', 'mpcData', ...
    'table', CT_TGEN, ...
    'rows', [1:45], ...
    'col', PMAX, ...
    'chgtype', 1, ...
    'values', [] );
windprofile.values(:,1,:) = [
	3.725 50.3333 87.2922 108.9614 14.9191 31.9982 27.4858 11.8521 26.3487 29.2223 54.0169 80.5826 121.3167 64.4771 190.3116 71.6988 88.9596 94.2707 85.7991 67.6962 9.1619 74.6625 66.8439 83.8524 94.7871 63.3142 8.8463 1171.2771 774.79 774.79 707.692 115.6842 285.9969 174.2501 202.1444 330.5771 1146.78 269.2281 440.7964 253.8939 115.4889 354.9667 190.3738 242.001 1158.7257;
	3.7084 50.109 86.6982 107.7057 14.7548 30.36 25.1203 11.3262 26.0555 27.765 51.3233 76.5642 115.267 63.28 187.0881 70.4843 87.4528 92.6739 84.6248 63.2925 8.3734 70.8401 68.8433 85.2657 98.1868 61.0481 7.8862 1156.4849 732.3127 732.3127 661.6272 112.5593 282.0827 162.915 198.3914 312.4534 1116.5683 246.3073 424.4809 263.0004 118.6631 336.7941 189.1201 239.4814 1128.1992;
	3.7576 50.7739 85.9972 93.6776 14.9849 30.7951 23.5448 10.7517 25.8933 26.224 48.4747 72.3147 108.8693 63.4098 185.9657 70.0615 86.9281 92.1179 83.5048 64.8634 7.8483 71.8551 57.0929 86.7691 87.2679 60.2081 8.9524 1159.1143 763.7445 763.7445 637.0715 109.5796 278.3492 166.9585 198.7982 325.8643 1119.5512 242.2967 414.1877 233.7533 118.7266 341.6199 172.0899 244.8971 1131.2132;
	3.536 47.7788 79.8061 89.0574 14.6754 29.2376 21.6577 9.7375 25.7204 27.3036 50.4703 75.2918 113.3514 62.3908 188.2226 70.9118 87.9831 93.2358 84.3603 67.1182 7.2192 68.2211 68.99 84.1444 77.2038 52.6114 7.2751 1129.6721 767.1296 767.1296 646.5266 104.3728 281.2011 172.7625 195.6035 327.3086 1138.3063 233.635 361.7067 206.796 109.3406 324.3428 174.0122 225.8109 1150.1637;
	3.4118 46.1005 73.5456 72.0696 14.154 23.3376 17.3758 8.3122 21.063 26.7641 49.473 73.804 111.1116 62.5299 189.9439 71.5603 88.7877 94.0885 84.9279 67.1989 5.7919 54.4543 68.8649 81.8188 59.9264 46.3616 6.9108 1116.1351 731.4825 731.4825 571.4333 98.7846 283.0932 172.9701 196.0396 312.0992 1076.1019 218.5548 332.0701 160.5171 109.0711 258.8913 153.3399 199.0145 1087.3112;
	3.6557 49.396 77.5354 75.1648 14.6191 29.8609 16.694 7.2669 24.3232 28.1311 51.9999 77.5736 116.7867 54.12 195.1178 73.5095 91.2062 96.6514 85.2512 65.8985 5.5647 69.6754 68.0281 82.626 55.4641 36.9445 6.1213 1145.526 709.459 709.459 562.5375 86.4557 284.1707 169.6229 169.6735 302.7025 1123.7012 201.438 290.2517 148.5647 98.9398 331.2568 173.8962 186.9095 1135.4064;
	3.4303 46.3512 68.9204 63.041 14.9332 28.3288 14.9692 5.6146 19.62 27.8256 51.4352 76.7312 115.5185 61.6825 192.3977 72.4847 89.9347 95.304 88.8446 67.3058 4.9897 66.1006 68.4825 81.3084 49.6015 27.8766 5.0062 1233.5615 678.7374 678.7374 514.9299 58.9803 296.1487 173.2453 193.3829 289.5946 1119.4173 186.1552 238.5802 132.861 85.8405 314.2613 154.1522 127.9198 1131.0779;
	3.6958 49.9388 69.6058 68.3601 15.1831 29.0375 15.9973 6.3142 17.0769 24.4188 45.1377 67.3366 101.3749 61.6951 195.142 73.5186 91.2175 96.6633 90.7471 63.8415 5.3324 67.7541 56.6566 84.2544 60.2875 24.0964 4.5196 1214.0422 686.2962 686.2962 584.6679 60.6983 302.4903 164.3282 193.4224 292.8197 1129.6505 198.0988 224.3573 161.4845 85.245 322.1223 148.977 148.1438 1141.4176;
	3.0232 40.8498 58.4848 61.0179 14.923 24.3627 15.5152 4.0265 20.5213 22.2765 41.1778 61.4292 92.4813 65.6428 186.4499 70.2439 87.1545 92.3577 86.5698 64.7005 5.1717 56.8463 53.023 82.779 58.686 15.0064 2.9285 1174.9073 752.0158 752.0158 692.7053 78.668 288.5659 166.5392 205.7991 320.8601 1104.3834 230.1242 202.268 157.1945 60.4595 270.2638 145.3204 163.377 1115.8874;
	2.6859 36.2922 50.2727 59.3924 15.2352 19.0631 20.8001 2.3538 21.81 19.6849 36.3873 54.2827 81.7223 66.6499 186.0362 70.0881 86.9611 92.1528 86.5742 64.4104 6.9334 44.4806 44.0318 72.4179 38.117 8.4698 1.4186 1135.0507 789.367 789.367 757.62 97.4866 288.5807 165.7925 208.9565 336.7966 1180.7151 235.701 346.8108 102.0991 47.9344 211.4733 128.0827 136.7161 1193.0142;
	2.3373 31.5824 33.5106 40.6553 14.6077 14.9664 19.1369 1.1324 20.487 18.2073 33.6559 50.208 75.5879 66.6844 175.8975 66.2684 82.2218 87.1306 88.4381 66.8056 6.379 34.9215 38.6411 51.1023 21.7064 5.9286 1.6588 1106.0783 769.4594 769.4594 704.1912 98.1697 294.7936 171.9578 209.0647 328.3027 1115.5198 232.5687 390.2026 58.1421 39.4106 166.027 88.4148 90.2023 1127.1398;
	1.5676 21.1814 27.4379 24.7877 10.8154 10.9085 17.9635 1.2921 17.2197 16.3711 30.2617 45.1445 67.9649 58.6277 171.4627 64.5976 80.1488 84.9338 84.1815 66.2843 5.9878 25.4533 41.1703 34.7615 19.1057 8.88 4.8419 970.6281 689.1951 689.1951 653.8516 101.2188 280.605 170.6161 183.8058 294.0566 1006.2884 205.1613 363.7503 51.1761 30.7702 121.012 63.9013 81.9671 1016.7706;
	1.0973 14.8271 26.67 24.6861 9.9181 7.7867 17.8027 2.4035 15.4642 11.1205 20.556 30.6656 46.1668 46.5384 172.8624 65.1249 80.8031 85.6272 82.7285 56.296 5.9342 18.169 30.8111 36.9905 24.3007 12.6426 3.2588 921.737 704.2101 704.2101 661.3192 84.3284 275.7618 144.906 145.9042 300.463 977.5636 205.9007 387.0497 65.0913 33.4535 86.3806 46.8504 59.436 987.7466;
	0.9043 12.2197 23.6306 31.2522 8.3066 8.8604 14.2184 2.6874 14.0836 16.7533 30.9683 46.1986 69.5517 46.3974 161.7781 60.949 75.6219 80.1366 77.4276 51.6077 4.7395 20.6743 44.1446 34.0092 25.6981 12.4722 4.1212 848.7958 642.1806 642.1806 660.6996 74.6018 258.0919 132.8383 145.4623 273.9971 805.3881 194.8095 391.785 68.8341 33.0629 98.2914 39.4795 62.308 813.7775;
	0.8144 11.0038 22.7522 0.5523 6.9715 8.2511 11.2311 2.1492 13.6503 14.2821 26.4003 39.384 59.2924 46.6692 145.1001 54.6656 67.8259 71.8752 69.0583 52.7906 3.7437 19.2527 49.6312 44.9599 26.2444 8.426 3.9501 783.8394 614.1737 614.1737 593.0466 70.0681 230.1944 135.883 146.3142 262.0474 725.2168 182.194 292.9714 70.2976 28.199 91.5326 32.1814 58.6649 732.7711;
	0.8939 12.0792 17.0357 27.4425 8.0486 3.3094 5.9443 1.7236 10.2374 13.0849 24.1873 36.0826 54.3222 58.8201 146.5516 55.2125 68.5043 72.5942 68.5736 62.7865 1.9814 7.7219 46.9662 44.3393 26.4458 5.5057 2.8029 796.4835 523.7304 523.7304 550.8526 72.4816 228.5788 161.6125 184.409 223.4583 600.8307 172.6679 215.3287 70.837 27.7009 36.712 0.2515 30.6712 607.0894;
	0.4822 6.5158 2.548 3.7266 6.5313 1.1887 3.6494 3.534 10.6992 17.5194 32.3844 48.3112 72.7322 56.852 152.1965 57.3391 71.143 75.3903 73.3905 59.0983 1.2165 2.7737 52.5387 32.1346 16.3294 65.8753 1.9264 779.5371 504.5904 504.5904 580.5941 77.0701 244.635 152.1192 178.2386 215.2919 716.7288 185.0556 230.3542 43.7394 32.0825 13.1868 1.7904 73.9014 724.1947;
	1.0186 13.7639 3.8733 1.6277 3.0123 1.9657 0.1875 4.6645 0.0005 20.116 37.1841 55.4714 83.5119 63.2877 133.2635 50.2062 62.2929 66.0119 79.9983 50.7353 0.0625 4.5866 68.7389 34.4961 18.1048 5.8276 1.9321 729.474 507.5559 507.5559 637.2088 88.8368 266.661 130.5929 198.4155 216.5572 711.9617 202.2227 333.8756 48.495 76.7443 21.8059 2.911 85.6673 719.378;
	0.1835 2.4789 19.4167 35.6367 0.2385 0.1334 0.0761 1.9513 0.0098 22.6413 41.852 62.435 93.9955 63.4335 122.7838 46.2581 57.3943 60.8208 5.6539 57.3185 0.0254 0.3113 70.7737 40.7252 25.0848 8.7512 2.2602 779.4152 478.9349 478.9349 633.5071 86.8104 18.8464 147.538 198.8727 204.3455 656.6777 190.4922 342.5718 67.1914 85.8645 1.48 0.0 29.8299 663.5181;
