function loadprofile = ex_load_profilesh1
%EX_LOAD_PROFILE  Example load profile data file for stochastic unit commitment.
% 2022.03.12
% Andres F. Ramirez

%% define constants
[CT_LABEL, CT_PROB, CT_TABLE, CT_TBUS, CT_TGEN, CT_TBRCH, CT_TAREABUS, ...
    CT_TAREAGEN, CT_TAREABRCH, CT_ROW, CT_COL, CT_CHGTYPE, CT_REP, ...
    CT_REL, CT_ADD, CT_NEWVAL, CT_TLOAD, CT_TAREALOAD, CT_LOAD_ALL_PQ, ...
    CT_LOAD_FIX_PQ, CT_LOAD_DIS_PQ, CT_LOAD_ALL_P, CT_LOAD_FIX_P, ...
    CT_LOAD_DIS_P, CT_TGENCOST, CT_TAREAGENCOST, CT_MODCOST_F, ...
    CT_MODCOST_X] = idx_ct;

loadprofile = struct( ...
    'type', 'mpcData', ...
    'table', CT_TAREALOAD, ...
    'rows', [1:11], ...
    'col', CT_LOAD_ALL_P, ...
    'chgtype', 1, ...
    'values', [] );
loadprofile.values(:,1,:) = [
	1534.382 992.5537 1670.9985 580.4201 862.7 1142.9877 908.7254 260.689 564.2215 4675.0188 1770.1786;
	1494.1239 984.3211 1629.8915 564.7 851.0059 1135.8556 881.889 258.6 550.267 4535.8555 1704.1565;
	1492.5705 984.8542 1678.7358 577.9022 856.2781 1134.1228 901.8 264.0 552.6143 4548.2797 1743.2686;
	1582.5514 1066.9943 1812.4276 596.989 917.0 1209.5231 942.5689 295.1784 581.2519 4857.9481 1880.0828;
	1712.3836 1189.1983 2007.5302 604.15 1063.9544 1372.3151 1054.4 350.1 669.9095 5384.8577 2129.9959;
	1846.4194 1251.0 2113.0754 621.4 1121.5675 1471.7654 1112.0015 380.0 728.8471 5905.2132 2280.8228;
	1878.216 1247.4 2115.8863 621.203 1126.6605 1457.8772 1124.2 378.5078 756.4516 6318.5578 2323.5868;
	1883.0646 1235.5448 2126.5876 643.5903 1133.0856 1443.2118 1155.5607 377.5039 786.6611 6491.9118 2302.6558;
	1929.1201 1251.5365 2114.8 646.7045 1105.2279 1475.6361 1201.109 382.341 802.6568 6609.7484 2399.8658;
	1923.0854 1249.667 2117.3935 648.2497 1100.0654 1485.2815 1200.1487 372.3 813.8251 6641.1904 2395.0725;
	1916.1385 1234.1587 2123.1724 639.5175 1082.2189 1467.5753 1192.433 364.4458 794.1031 6710.3516 2279.6539;
	1904.046 1214.0604 2098.421 639.0626 1056.6 1452.4536 1182.781 370.2724 796.0172 6591.8687 2262.4879;
	1838.3227 1195.0195 2025.9924 629.9507 1021.8872 1370.7406 1147.4323 390.4104 803.8303 6611.833 2298.9557;
	1865.1 1218.1919 2034.511 609.1036 1003.0255 1400.805 1125.1766 377.3039 773.5817 6514.2404 2182.9768;
	1857.0 1221.2242 2043.1089 601.239 1038.5855 1429.6 1199.761 374.1 761.8873 6498.6438 2182.3462;
	1852.2 1205.5276 2052.351 598.3 1047.9986 1432.4439 1210.1767 365.485 773.9657 6513.5003 2314.2918;
	1885.8959 1193.9157 2005.3272 607.7414 1029.4541 1486.9153 1291.46 390.0 822.6848 6509.8448 2490.6517;
	1931.348 1265.1439 2080.4412 624.2255 1076.9101 1559.3108 1349.976 405.1729 862.1943 6492.6654 2574.2771;
	1990.8171 1302.268 2092.8076 625.29 1082.1 1558.1334 1290.6493 402.5651 831.2896 6353.7349 2535.0424;
	1913.1183 1212.7627 2001.5051 617.9 1017.6762 1493.5268 1236.0575 385.4117 792.3452 6129.0213 2476.5;
	1803.5 1113.4942 1879.3418 586.1 936.8988 1347.6682 1126.4406 339.142 705.3531 5821.7798 2295.2737;
	1717.4719 1052.1004 1774.366 573.3232 903.5 1265.7779 1053.8027 321.4849 654.7538 5446.5781 2132.5413;
	1626.3061 1031.2591 1716.1491 551.531 886.4629 1200.2545 984.8149 302.9594 636.3122 5065.2022 1969.2936;
	1616.1954 1012.6374 1712.9056 564.2 851.1943 1173.4273 945.8496 306.9086 619.0118 4946.6852 1945.9966;
];
