function loadprofile = ex_load_profilesh1
%EX_LOAD_PROFILE  Example load profile data file for stochastic unit commitment.
% 2022.03.12
% Andres F. Ramirez

%% define constants
[CT_LABEL, CT_PROB, CT_TABLE, CT_TBUS, CT_TGEN, CT_TBRCH, CT_TAREABUS, ...
    CT_TAREAGEN, CT_TAREABRCH, CT_ROW, CT_COL, CT_CHGTYPE, CT_REP, ...
    CT_REL, CT_ADD, CT_NEWVAL, CT_TLOAD, CT_TAREALOAD, CT_LOAD_ALL_PQ, ...
    CT_LOAD_FIX_PQ, CT_LOAD_DIS_PQ, CT_LOAD_ALL_P, CT_LOAD_FIX_P, ...
    CT_LOAD_DIS_P, CT_TGENCOST, CT_TAREAGENCOST, CT_MODCOST_F, ...
    CT_MODCOST_X] = idx_ct;

loadprofile = struct( ...
    'type', 'mpcData', ...
    'table', CT_TAREALOAD, ...
    'rows', [1:11], ...
    'col', CT_LOAD_ALL_P, ...
    'chgtype', 1, ...
    'values', [] );
loadprofile.values(:,1,:) = [
	1498.6674 961.3043 1680.019 544.6164 790.718 1131.7506 918.8878 297.4 542.8149 4777.7031 1783.7775;
	1512.8439 968.0 1694.7 546.4229 785.9558 1141.8205 911.043 300.1863 524.5371 4654.1277 1767.6251;
	1545.7577 994.9397 1744.0744 557.3752 807.0244 1173.9065 917.1 307.3134 518.9 4609.7661 1801.1909;
	1612.5 1060.8432 1815.5478 578.2 859.5 1254.594 972.3 313.1472 561.8764 4841.7174 1887.6373;
	1801.3196 1193.2 2040.4009 606.7 964.5365 1409.195 1076.6885 352.7009 644.7653 5439.8845 2148.5;
	1897.4455 1273.3054 2142.1309 628.1 1052.2245 1513.0586 1172.9438 397.5173 721.0 6188.8425 2327.9146;
	1956.7368 1293.3653 2162.4342 654.8021 1101.231 1530.5717 1222.2941 399.3943 727.2913 6596.2918 2418.2114;
	1905.2408 1306.5226 2147.0464 629.6921 1093.0238 1500.7547 1222.7414 383.6756 708.5541 6615.961 2369.8332;
	1898.0408 1282.2867 2107.0 621.5 1055.9741 1477.4739 1186.6001 375.8737 693.2125 6690.7976 2361.4;
	1901.9156 1301.7853 2055.4462 594.3009 1058.2439 1521.6052 1156.4504 356.9 670.1465 6653.8 2308.6157;
	1889.529 1269.0 1997.7 595.6509 1046.8346 1468.8418 1105.7362 335.9 664.3259 6657.0102 2233.456;
	1862.6972 1238.3 1942.0921 587.1 1028.9 1468.2361 1094.7348 324.0434 653.8158 6616.435 2240.3598;
	1836.6997 1223.1 1901.5764 581.1598 1024.9659 1448.5613 1085.9238 323.2 658.9747 6570.2161 2265.3714;
	1780.0364 1238.608 1892.7766 592.9381 1036.0 1446.5678 1101.4347 321.8882 672.5 6534.7988 2265.7899;
	1800.5902 1251.4435 1931.2424 588.984 1047.0993 1474.7457 1112.4354 334.8 679.7187 6549.7884 2255.6667;
	1843.5149 1267.9229 1968.5816 621.4107 1090.022 1559.4645 1173.9465 354.2576 698.7127 6598.3541 2325.2819;
	1829.6186 1250.021 1980.1671 639.8 1101.1967 1571.7006 1220.8699 366.3 711.1647 6485.3389 2529.087;
	1895.602 1308.3 2097.6247 663.4837 1170.0 1629.6061 1317.7108 376.4529 754.2168 6396.233 2613.9052;
	1935.6216 1307.5862 2089.2833 656.4866 1136.6576 1609.1511 1274.6478 372.9825 753.5905 6300.1884 2567.9127;
	1877.6147 1250.3 2014.7371 642.8868 1074.0784 1490.9638 1226.0604 359.5401 712.8 6152.7356 2509.561;
	1772.3786 1149.9664 1877.0 615.1619 1006.8621 1391.2526 1115.3402 297.7655 645.6651 5809.5409 2245.0669;
	1691.2064 1061.2 1740.5792 591.2717 950.9998 1285.5671 1009.0 304.5735 590.1407 5566.9523 2100.6175;
	1697.9088 1012.3424 1661.8851 599.1726 897.3 1207.4772 944.9766 281.0266 565.4 5192.4978 1974.9628;
	1667.1842 983.6391 1668.1702 585.2183 865.3177 1148.9314 935.1 273.3 529.0503 4884.8801 1823.5324;
];
