function solarprofile = ex_solar_profilesh1
%EX_WIND_PROFILE_D  Example wind_load_nyiso profile data for deterministic unit commitment.
% 2022.03.12
% Andres F. Ramirez


%% define constants
[GEN_BUS, PG, QG, QMAX, QMIN, VG, MBASE, GEN_STATUS, PMAX, PMIN, ...
    MU_PMAX, MU_PMIN, MU_QMAX, MU_QMIN, PC1, PC2, QC1MIN, QC1MAX, ...
    QC2MIN, QC2MAX, RAMP_AGC, RAMP_10, RAMP_30, RAMP_Q, APF] = idx_gen;
[CT_LABEL, CT_PROB, CT_TABLE, CT_TBUS, CT_TGEN, CT_TBRCH, CT_TAREABUS, ...
    CT_TAREAGEN, CT_TAREABRCH, CT_ROW, CT_COL, CT_CHGTYPE, CT_REP, ...
    CT_REL, CT_ADD, CT_NEWVAL, CT_TLOAD, CT_TAREALOAD, CT_LOAD_ALL_PQ, ...
    CT_LOAD_FIX_PQ, CT_LOAD_DIS_PQ, CT_LOAD_ALL_P, CT_LOAD_FIX_P, ...
    CT_LOAD_DIS_P, CT_TGENCOST, CT_TAREAGENCOST, CT_MODCOST_F, ...
    CT_MODCOST_X] = idx_ct;

solarprofile = struct( ...
    'type', 'mpcData', ...
    'table', CT_TGEN, ...
    'rows', [1:12], ...
    'col', PMAX, ...
    'chgtype', 1, ...
    'values', [] );
solarprofile.values(:,1,:) = [
	0.0 0.0 0.0 0.0 0.0 0.0 0.0 0.0 0.0 0.0 0.0 0.0;
	0.0 0.0 0.0 0.0 0.0 0.0 0.0 0.0 0.0 0.0 0.0 0.0;
	0.0 0.0 0.0 0.0 0.0 0.0 0.0 0.0 0.0 0.0 0.0 0.0;
	0.0 0.0 0.0 0.0 0.0 0.0 0.0 0.0 0.0 0.0 0.0 0.0;
	0.0 0.0 0.0 0.0 0.0 0.0 0.0 0.0 0.0 0.0 0.0 0.0;
	0.1575 0.1621 0.2409 0.0 0.0 0.0 0.0 0.0 0.0 0.0 0.0 0.0;
	17.2862 13.2654 13.2047 0.8931 0.7826 48.528 6.066 18.7726 39.6978 9.6284 24.2124 17.4371;
	22.0687 16.4369 14.2783 2.2127 3.4871 242.7533 30.3442 47.9473 172.3248 72.4543 94.9029 131.2153;
	23.6995 16.6688 14.1902 4.1884 5.2685 307.6974 38.4622 62.4401 222.0151 169.9589 149.1799 307.7965;
	25.6707 16.474 13.7816 4.4491 5.6122 228.7342 28.5918 70.4683 227.7704 224.0293 195.4215 405.7184;
	24.9377 16.5326 13.7859 6.2708 7.1143 267.3002 33.4125 70.4653 237.0848 254.6415 205.9065 461.1573;
	23.0779 16.5331 13.7863 6.6138 7.9185 293.8573 36.7322 68.4218 236.9017 266.7304 206.8546 483.0503;
	25.2077 16.5546 13.7855 7.2947 11.0478 374.7206 46.8401 72.051 231.6593 341.6316 255.7468 618.6969;
	22.1349 16.3825 13.7008 4.8049 10.0953 364.5063 45.5633 72.0053 207.3941 336.4787 240.4555 609.365;
	16.5414 11.8311 10.9661 2.646 8.8731 322.2378 40.2797 70.377 164.224 278.6897 200.7583 504.7087;
	6.5126 4.7443 5.3952 2.8487 11.6316 234.8866 29.3608 58.1153 74.208 43.2428 108.1465 78.313;
	0.8962 0.7509 0.5515 1.5751 4.0804 65.4894 8.1862 11.7228 35.2665 59.7853 35.6479 108.2715;
	0.0 0.0 0.0 0.0 0.0 0.0 0.0 0.0 0.0 0.0 0.0 0.0;
	0.0 0.0 0.0 0.0 0.0 0.0 0.0 0.0 0.0 0.0 0.0 0.0;
	0.0 0.0 0.0 0.0 0.0 0.0 0.0 0.0 0.0 0.0 0.0 0.0;
	0.0 0.0 0.0 0.0 0.0 0.0 0.0 0.0 0.0 0.0 0.0 0.0;
	0.0 0.0 0.0 0.0 0.0 0.0 0.0 0.0 0.0 0.0 0.0 0.0;
	0.0 0.0 0.0 0.0 0.0 0.0 0.0 0.0 0.0 0.0 0.0 0.0;
	0.0 0.0 0.0 0.0 0.0 0.0 0.0 0.0 0.0 0.0 0.0 0.0;
];
