function solarprofile = ex_solar_profilesh1
%EX_WIND_PROFILE_D  Example wind_load_nyiso profile data for deterministic unit commitment.
% 2022.03.12
% Andres F. Ramirez


%% define constants
[GEN_BUS, PG, QG, QMAX, QMIN, VG, MBASE, GEN_STATUS, PMAX, PMIN, ...
    MU_PMAX, MU_PMIN, MU_QMAX, MU_QMIN, PC1, PC2, QC1MIN, QC1MAX, ...
    QC2MIN, QC2MAX, RAMP_AGC, RAMP_10, RAMP_30, RAMP_Q, APF] = idx_gen;
[CT_LABEL, CT_PROB, CT_TABLE, CT_TBUS, CT_TGEN, CT_TBRCH, CT_TAREABUS, ...
    CT_TAREAGEN, CT_TAREABRCH, CT_ROW, CT_COL, CT_CHGTYPE, CT_REP, ...
    CT_REL, CT_ADD, CT_NEWVAL, CT_TLOAD, CT_TAREALOAD, CT_LOAD_ALL_PQ, ...
    CT_LOAD_FIX_PQ, CT_LOAD_DIS_PQ, CT_LOAD_ALL_P, CT_LOAD_FIX_P, ...
    CT_LOAD_DIS_P, CT_TGENCOST, CT_TAREAGENCOST, CT_MODCOST_F, ...
    CT_MODCOST_X] = idx_ct;

solarprofile = struct( ...
    'type', 'mpcData', ...
    'table', CT_TGEN, ...
    'rows', [1:12], ...
    'col', PMAX, ...
    'chgtype', 1, ...
    'values', [] );
solarprofile.values(:,1,:) = [
	0.0 0.0 0.0 0.0 0.0 0.0 0.0 0.0 0.0 0.0 0.0 0.0;
	0.0 0.0 0.0 0.0 0.0 0.0 0.0 0.0 0.0 0.0 0.0 0.0;
	0.0 0.0 0.0 0.0 0.0 0.0 0.0 0.0 0.0 0.0 0.0 0.0;
	0.0 0.0 0.0 0.0 0.0 0.0 0.0 0.0 0.0 0.0 0.0 0.0;
	0.0 0.0 0.0 0.0 0.0 0.0 0.0 0.0 0.0 0.0 0.0 0.0;
	0.1702 0.1711 0.2417 0.0 0.0 0.0 0.0 0.0 0.0 0.0 0.0 0.0;
	12.2481 7.8724 7.4977 0.1667 0.3256 151.1282 18.891 10.5195 101.3181 6.9506 21.7217 12.5875;
	17.4329 13.7997 11.9516 0.9001 2.8668 269.2012 33.6501 19.998 198.0277 10.9415 14.3178 19.8151;
	22.7538 16.6083 13.8 2.8011 5.4081 285.8766 35.7346 33.2141 202.9757 11.3057 34.4412 20.4747;
	25.6923 16.474 13.7624 3.9199 5.197 117.7203 14.715 41.2529 135.4279 33.3032 138.8764 60.3124;
	26.0604 16.6035 13.7859 5.2035 4.1626 79.2975 9.9122 41.7249 122.3095 43.329 173.3672 78.469;
	26.123 16.6005 13.7894 5.7471 3.3671 55.6642 6.958 36.0208 86.4191 55.6108 184.469 100.7115;
	25.8343 16.5546 13.7855 8.3582 8.271 122.7446 15.3431 43.8381 49.6235 284.1854 247.3263 514.6615;
	21.8512 16.1708 13.7008 7.8404 8.4474 136.6483 17.081 46.6847 40.8832 300.7523 222.4379 544.6642;
	14.2407 10.8824 10.2313 5.5143 7.9169 190.8793 23.8599 50.8632 39.7313 159.5898 182.7516 289.0181;
	8.7761 6.8348 5.8116 6.1247 11.1047 303.2477 37.906 49.1116 141.378 22.7206 126.3793 41.1471;
	0.971 0.8151 0.5983 2.0854 3.5679 66.7112 8.3389 10.3162 40.1612 56.3646 39.0821 102.0767;
	0.0 0.0 0.0 0.0 0.0 0.0 0.0 0.0 0.0 0.0 0.0 0.0;
	0.0 0.0 0.0 0.0 0.0 0.0 0.0 0.0 0.0 0.0 0.0 0.0;
	0.0 0.0 0.0 0.0 0.0 0.0 0.0 0.0 0.0 0.0 0.0 0.0;
	0.0 0.0 0.0 0.0 0.0 0.0 0.0 0.0 0.0 0.0 0.0 0.0;
	0.0 0.0 0.0 0.0 0.0 0.0 0.0 0.0 0.0 0.0 0.0 0.0;
	0.0 0.0 0.0 0.0 0.0 0.0 0.0 0.0 0.0 0.0 0.0 0.0;
	0.0 0.0 0.0 0.0 0.0 0.0 0.0 0.0 0.0 0.0 0.0 0.0;
];
