function windprofile = ex_wind_profilesh1
%EX_WIND_PROFILE_D  Example wind_load_nyiso profile data for deterministic unit commitment.
% 2022.03.12
% Andres F. Ramirez


%% define constants
[GEN_BUS, PG, QG, QMAX, QMIN, VG, MBASE, GEN_STATUS, PMAX, PMIN, ...
    MU_PMAX, MU_PMIN, MU_QMAX, MU_QMIN, PC1, PC2, QC1MIN, QC1MAX, ...
    QC2MIN, QC2MAX, RAMP_AGC, RAMP_10, RAMP_30, RAMP_Q, APF] = idx_gen;
[CT_LABEL, CT_PROB, CT_TABLE, CT_TBUS, CT_TGEN, CT_TBRCH, CT_TAREABUS, ...
    CT_TAREAGEN, CT_TAREABRCH, CT_ROW, CT_COL, CT_CHGTYPE, CT_REP, ...
    CT_REL, CT_ADD, CT_NEWVAL, CT_TLOAD, CT_TAREALOAD, CT_LOAD_ALL_PQ, ...
    CT_LOAD_FIX_PQ, CT_LOAD_DIS_PQ, CT_LOAD_ALL_P, CT_LOAD_FIX_P, ...
    CT_LOAD_DIS_P, CT_TGENCOST, CT_TAREAGENCOST, CT_MODCOST_F, ...
    CT_MODCOST_X] = idx_ct;

windprofile = struct( ...
    'type', 'mpcData', ...
    'table', CT_TGEN, ...
    'rows', [1:45], ...
    'col', PMAX, ...
    'chgtype', 1, ...
    'values', [] );
windprofile.values(:,1,:) = [
	3.6164 48.8656 89.5157 108.583 14.064 30.8502 27.8695 11.8826 25.9873 28.655 52.9683 79.0182 118.9615 68.2764 182.3402 68.6956 85.2335 90.322 90.961 72.7123 9.2898 71.9837 72.6313 86.5735 93.6704 65.3626 8.7565 1131.803 735.5182 735.5182 700.4209 110.997 303.2033 187.1617 214.0559 313.8211 1085.0469 291.2933 465.2736 250.903 113.3846 342.2311 184.2044 181.1254 1096.3495;
	3.6656 49.5308 87.5501 102.3156 13.9665 30.8216 27.8233 11.5639 25.8108 26.3044 48.6233 72.5364 109.2031 66.4247 186.7439 70.3547 87.2919 92.5034 91.5952 72.1349 9.2744 71.917 73.4765 84.7946 94.3958 62.5997 7.6938 1153.5084 748.4146 748.4146 626.1494 111.8881 305.3172 185.6754 208.2504 319.3236 1192.0948 264.1265 462.0676 252.8458 113.751 341.9141 189.1072 186.714 1204.5125;
	3.6608 49.4656 89.3826 93.7846 14.2111 31.9645 24.4173 11.5593 25.8629 25.8018 47.6943 71.1505 107.1167 64.8874 185.9203 70.0444 86.9069 92.0954 91.3007 71.2197 8.1391 74.5839 70.7502 87.2045 87.8231 63.1018 9.1177 1155.865 761.6466 761.6466 640.3798 110.0855 304.3357 183.3197 203.4308 324.9692 1147.6735 248.6816 461.0974 235.2405 115.7782 354.5929 165.9556 240.1501 1159.6284;
	3.7217 50.2882 86.2822 95.2991 14.5902 32.7076 20.5038 11.1003 25.2793 26.6822 49.3216 73.5781 110.7715 57.5938 179.807 67.7412 84.0493 89.0672 88.0546 70.6363 6.8346 76.3178 69.8939 84.5491 81.0022 56.9872 8.0072 1051.7738 746.1205 746.1205 597.7328 101.1584 293.5154 181.8179 180.5643 318.3447 1094.3001 238.4823 426.5802 216.9703 111.6078 362.8368 178.282 228.8479 1105.699;
	3.6347 49.1125 82.7423 82.303 14.5598 32.075 16.5559 8.7931 18.5745 25.3894 46.9319 70.0131 105.4044 56.0507 176.8482 66.6265 82.6663 87.6016 89.3365 69.4088 5.5186 74.8417 69.4521 83.708 69.2197 53.5136 7.3384 1112.9078 699.6181 699.6181 594.4138 99.8079 297.7884 178.6585 175.7265 298.5037 1056.0942 237.0356 347.8941 185.4099 109.4703 355.8189 192.8882 202.8586 1067.0952;
	3.76 50.8062 80.2444 78.596 14.5925 31.5832 16.581 7.2364 22.9617 27.0242 49.9539 74.5214 112.1916 62.4955 169.9446 64.0256 79.4392 84.1818 88.487 66.8463 5.527 73.694 71.3514 83.7265 55.2617 36.028 5.7522 1191.2286 673.4823 673.4823 570.8659 92.759 294.9567 172.0625 195.9317 287.3525 1102.3212 211.0587 328.3365 148.0225 88.8631 350.3624 195.8657 176.9199 1113.8038;
	3.5414 47.8522 69.4266 63.1831 14.544 30.1003 14.4809 5.6054 18.1266 26.1431 48.3251 72.0915 108.5334 63.5505 185.1662 69.7603 86.5544 91.7219 90.2004 68.7375 4.827 70.2341 70.6747 77.7519 45.5329 22.9276 4.6999 1249.4073 690.5035 690.5035 552.6153 65.49 300.6681 176.9306 199.2394 294.6148 1135.9761 203.0728 267.3326 121.9631 77.1813 333.9128 171.6834 124.52 1147.8092;
	3.7046 50.0576 69.1422 69.2797 14.7071 30.4345 14.9518 5.1492 15.5713 21.0394 38.8911 58.0178 87.3455 64.3901 181.724 68.4634 84.9454 90.0167 89.0878 62.9766 4.9839 71.0138 55.4918 81.1637 55.6244 17.763 3.5273 1290.147 721.3035 721.3035 638.7385 67.0901 296.9593 162.102 201.8716 307.7562 1156.6673 204.7973 240.9997 148.994 80.1174 337.62 154.0955 142.9036 1168.7159;
	3.1972 43.2016 58.503 61.4085 14.7639 26.4533 15.3136 3.5648 20.8123 20.0944 37.1441 55.4117 83.4221 66.435 164.2022 61.8622 76.755 81.3374 87.4167 54.8921 5.1045 61.7243 46.8983 81.4935 55.8509 13.776 2.6142 1291.6527 801.2542 801.2542 764.8642 90.2917 291.3889 141.2925 208.2827 341.8685 1168.296 238.8416 242.4251 149.6007 60.9134 293.4548 146.2138 162.9308 1180.4658;
	2.7743 37.4862 50.0053 60.2111 15.1307 21.8937 19.1837 2.4373 21.4683 17.9253 33.1347 49.4305 74.4173 67.4782 162.8937 61.3693 76.1433 80.6892 87.0722 62.12 6.3946 51.0852 40.6592 74.9974 40.3017 7.9772 1.4321 1232.3801 805.2542 805.2542 706.202 111.0248 290.2405 159.8971 211.5534 343.5751 1186.677 227.4446 375.3616 107.9509 47.1235 242.8738 135.0372 137.3569 1199.0382;
	2.3106 31.2219 36.7581 44.7606 14.1831 15.3423 19.2526 1.1969 20.0414 14.6342 27.0511 40.3549 60.7542 68.712 156.0772 58.8012 72.957 77.3126 85.1266 64.9266 6.4175 35.7986 34.5533 59.2205 25.7899 4.0842 1.7428 1212.0993 776.5464 776.5464 689.7705 100.9467 283.7554 167.1211 215.4215 331.3265 1136.274 226.9337 405.6814 69.0802 38.6078 170.1968 94.0716 103.1232 1148.1102;
	1.6614 22.4493 31.1028 28.5939 10.7353 11.654 20.4799 1.4086 17.6191 14.6949 27.1633 40.5222 61.006 68.6206 169.3715 63.8097 79.1713 83.898 88.1379 66.8145 6.8266 27.1926 36.2492 44.9253 23.3978 5.4468 4.3418 1048.7368 709.7037 709.7037 624.9448 100.8647 293.793 171.9808 215.1348 302.8069 1030.4672 202.7046 410.4198 62.6726 30.4508 129.2816 67.365 87.1878 1041.2012;
	1.1614 15.6925 28.7226 28.084 9.4386 9.7319 20.7563 2.0535 16.9654 14.6138 27.0134 40.2987 60.6695 67.3722 190.535 71.783 89.064 94.3813 90.5295 70.5734 6.9188 22.7078 39.5784 41.9354 24.2456 7.6692 2.7305 977.5902 737.0242 737.0242 609.8939 86.7185 301.7651 181.6561 211.2211 314.4637 988.163 204.8953 437.4746 64.9435 31.6225 107.9594 57.2471 55.6905 998.4563;
	0.9093 12.2873 25.0347 33.3165 8.4542 10.098 15.9133 2.7567 15.5808 18.8457 34.8359 51.9684 78.2381 66.7499 187.8891 70.7861 87.8272 93.0706 88.1069 66.673 5.3044 23.562 52.1643 43.0833 27.4931 11.6168 4.1709 946.4399 704.4262 704.4262 628.028 81.9204 293.6898 171.6165 209.27 300.5552 863.8772 203.224 435.1432 73.6423 32.7065 112.0207 43.8664 62.6052 872.8759;
	0.9328 12.604 24.8698 32.1199 7.8466 11.5507 14.0317 2.2724 14.9629 18.9815 35.0871 52.343 78.8021 65.2279 181.1484 68.2466 84.6763 89.7317 80.8161 70.5688 4.6772 26.9515 60.3486 55.3937 29.3861 8.4698 3.8962 835.4572 641.6257 641.6257 583.5543 70.7741 269.387 181.6444 204.4984 273.7603 758.6454 182.6488 366.3594 78.7127 34.5847 128.1353 41.7494 64.8167 766.548;
	1.0209 13.7942 19.3602 32.773 8.0702 31.1744 6.7097 1.9046 10.5428 16.095 29.7514 44.3832 66.8186 67.438 178.8339 67.3746 83.5944 88.5852 78.6494 70.6238 2.2366 72.7404 56.4477 47.5675 31.5751 6.5666 3.4667 838.5162 553.9664 553.9664 517.3643 71.2448 262.1646 181.7858 211.4272 236.359 627.1254 172.4421 255.005 84.5763 37.4476 345.8285 124.6544 36.6054 633.658;
	0.5969 8.0657 12.957 58.7434 6.8534 21.2608 5.0319 12.6262 12.4709 18.859 34.8606 52.0052 78.2935 64.7913 178.6633 67.3104 83.5147 88.5007 83.1056 65.3071 1.6773 49.6084 52.221 41.9399 19.2772 46.0808 2.1201 835.0857 553.7429 553.7429 569.1205 71.0887 277.0185 168.1007 203.1294 236.2636 746.28 188.7776 263.0294 51.6353 39.9985 235.8527 43.303 68.1703 754.0537;
	1.1219 15.1593 31.4918 58.5258 3.1184 25.4974 2.9616 2.1203 10.5666 22.2614 41.1499 61.3875 92.4185 66.3492 137.37 51.7534 64.2125 68.0461 82.9523 51.7025 0.9872 59.494 66.8841 41.3465 21.5479 4.9267 2.0551 773.911 535.8328 535.8328 619.0333 82.7789 276.5078 133.0824 208.0138 228.622 729.6387 200.0263 355.2463 57.7175 80.4486 282.8515 15.4456 89.1665 737.2391;
