function windprofile = ex_wind_profilesh1
%EX_WIND_PROFILE_D  Example wind_load_nyiso profile data for deterministic unit commitment.
% 2022.03.12
% Andres F. Ramirez


%% define constants
[GEN_BUS, PG, QG, QMAX, QMIN, VG, MBASE, GEN_STATUS, PMAX, PMIN, ...
    MU_PMAX, MU_PMIN, MU_QMAX, MU_QMIN, PC1, PC2, QC1MIN, QC1MAX, ...
    QC2MIN, QC2MAX, RAMP_AGC, RAMP_10, RAMP_30, RAMP_Q, APF] = idx_gen;
[CT_LABEL, CT_PROB, CT_TABLE, CT_TBUS, CT_TGEN, CT_TBRCH, CT_TAREABUS, ...
    CT_TAREAGEN, CT_TAREABRCH, CT_ROW, CT_COL, CT_CHGTYPE, CT_REP, ...
    CT_REL, CT_ADD, CT_NEWVAL, CT_TLOAD, CT_TAREALOAD, CT_LOAD_ALL_PQ, ...
    CT_LOAD_FIX_PQ, CT_LOAD_DIS_PQ, CT_LOAD_ALL_P, CT_LOAD_FIX_P, ...
    CT_LOAD_DIS_P, CT_TGENCOST, CT_TAREAGENCOST, CT_MODCOST_F, ...
    CT_MODCOST_X] = idx_ct;

windprofile = struct( ...
    'type', 'mpcData', ...
    'table', CT_TGEN, ...
    'rows', [1:45], ...
    'col', PMAX, ...
    'chgtype', 1, ...
    'values', [] );
windprofile.values(:,1,:) = [
	3.3707 45.546 87.3573 103.8574 14.3468 30.1696 28.5785 12.1753 26.6025 23.763 43.9255 65.5283 98.6525 65.1558 182.8674 68.8942 85.4799 90.5832 85.3806 68.2494 9.5262 70.3958 68.3709 84.0527 94.2244 64.1343 9.5063 1170.1842 745.5039 745.5039 749.0642 104.0979 284.6019 175.6741 204.2723 318.0817 1127.5581 279.3718 453.3073 252.3868 104.7418 334.6816 169.9682 232.4117 1139.3035;
	3.5016 47.3138 82.6543 98.0516 14.5873 30.4589 29.3316 10.1642 27.5582 21.4916 39.727 59.2648 89.2229 65.9092 186.2021 70.1506 87.0387 92.235 88.1079 66.7544 9.7772 71.0708 68.301 79.8258 90.7425 60.8355 7.6478 1217.9662 758.6142 758.6142 760.1406 110.8929 293.6931 171.826 206.6341 323.6754 1194.8096 267.2911 456.0079 243.0603 100.434 337.8908 187.3293 219.8313 1207.2555;
	3.6135 48.8258 84.7988 90.2048 14.4178 31.9487 26.8283 8.9287 27.2351 25.6693 47.4493 70.785 106.5664 68.0562 194.558 73.2986 90.9445 96.3741 90.115 69.309 8.9428 74.5469 66.813 81.4994 79.8235 56.5863 8.7034 1250.744 777.7225 777.7225 780.3757 108.0708 300.3834 178.4015 213.3654 331.8283 1226.5582 259.8577 460.6571 213.8129 100.9886 354.4174 180.6997 239.1109 1239.3349;
	3.605 48.7113 85.8215 91.0191 14.6504 31.6774 22.8958 10.1165 26.8389 27.6537 51.1174 76.2571 114.8047 64.8772 192.4638 72.5096 89.9657 95.3367 90.05 68.116 7.6319 73.9139 68.7923 81.6706 81.5434 53.243 7.9783 1213.5266 794.1831 794.1831 786.7214 106.2047 300.1666 175.3308 203.3989 338.8515 1197.5719 263.3122 441.8863 218.4199 105.7882 351.4076 185.6311 224.3567 1210.0466;
	3.4432 46.5252 84.1313 75.7283 14.4301 29.4103 19.7506 8.4881 23.5161 28.7999 53.2361 79.4178 119.5631 66.1043 196.0057 73.844 91.6213 97.0912 89.8621 67.9239 6.5835 68.6239 73.1932 82.0084 73.3156 46.0261 7.1645 1223.5854 785.1005 785.1005 737.8583 101.2835 299.5403 174.8363 207.2458 334.9762 1188.3741 242.9466 395.4865 196.3809 105.6483 326.2578 189.0305 203.7891 1200.753;
	3.5453 47.9046 76.7503 69.9748 14.1587 29.2859 17.5362 6.0533 23.5373 28.9402 53.4955 79.8048 120.1457 65.5523 191.1474 72.0137 89.3503 94.6847 90.9725 70.1362 5.8454 68.3338 69.5888 76.3807 53.6248 20.5961 5.4231 1267.9821 753.1596 753.1596 699.6441 96.5704 303.2415 180.5307 205.5153 321.3481 1228.0034 225.2222 360.4794 143.6378 91.5621 324.8782 184.0021 162.8511 1240.7951;
	3.1353 42.3644 67.8708 53.9476 14.3191 27.3609 14.0029 4.6488 16.9663 28.4455 52.581 78.4405 118.0918 63.0281 196.9534 74.201 92.0643 97.5606 89.2496 70.2658 4.6676 63.8422 69.9113 68.9827 46.739 21.9724 4.352 1210.4882 680.563 680.563 563.7398 62.9711 297.4988 180.8644 197.6016 290.3735 1132.8738 203.6041 268.8133 125.1939 72.9704 303.5238 148.5992 115.039 1144.6745;
	3.5769 48.3313 68.6725 61.7239 14.6305 28.0701 15.2943 3.856 15.0183 24.7945 45.8322 68.3727 102.9347 66.8002 196.262 73.9406 91.7411 97.2181 91.2644 67.7076 5.0981 65.497 58.07 72.9067 54.0305 17.6652 3.3466 1237.7384 715.4497 715.4497 608.0921 64.6062 304.2148 174.2795 209.4275 305.2585 1170.8249 210.9823 246.1479 144.7246 83.6508 311.3914 149.8668 130.4077 1183.021;
	2.8739 38.8325 56.5419 53.5372 14.4691 22.8035 15.0723 2.5088 18.9544 21.902 40.4854 60.3963 90.9263 65.8804 187.3581 70.5861 87.579 92.8076 91.9617 68.4349 5.0241 53.2081 50.916 74.986 51.8179 13.0037 2.4408 1221.2817 771.6616 771.6616 733.6395 90.9367 306.539 176.1516 206.5441 329.2423 1136.1187 253.5826 228.3848 138.798 51.6416 252.9663 133.0548 144.3504 1147.9533;
	2.5152 33.9857 46.4557 55.5965 14.2453 17.8571 19.108 1.8625 19.1924 18.494 34.1859 50.9986 76.7782 65.2516 182.6304 68.8049 85.3691 90.4657 91.8791 66.4059 6.3693 41.6666 44.0009 64.4064 32.8488 5.9709 1.2669 1150.9102 798.4359 798.4359 766.0483 112.999 306.2635 170.9289 204.5727 340.666 1254.8501 250.9123 325.6985 87.9878 38.6315 198.0948 122.1666 115.3614 1267.9215;
	2.2305 30.1383 37.4654 44.6428 13.9234 15.4152 19.3853 0.8736 18.6267 15.5427 28.7304 42.8602 64.5258 66.8083 186.4316 70.237 87.1459 92.3487 91.2638 69.1816 6.4618 35.9687 31.9987 49.1967 23.1958 3.7944 1.428 1117.9831 816.0927 816.0927 794.9179 107.2144 304.2126 178.0736 209.453 348.1995 1169.5443 250.1518 377.0405 62.1317 34.5114 171.0054 90.3357 89.3861 1181.7271;
	1.5224 20.5705 26.9627 24.0617 9.8337 10.9735 20.2184 0.6373 15.2912 15.7467 29.1076 43.4228 65.3727 65.2213 181.8548 68.5128 85.0066 90.0816 88.5179 66.1416 6.7395 25.6048 36.0877 16.5754 16.4408 4.716 0.7639 1022.0675 752.1379 752.1379 733.529 105.3121 295.0598 170.2487 204.4777 320.9122 1109.5837 214.9663 374.4896 44.0378 27.3235 121.7323 65.6819 66.8901 1121.1419;
	1.0619 14.3484 23.4532 21.5662 8.586 8.3382 19.1337 0.8347 14.204 12.6242 23.3357 34.8123 52.4097 63.553 185.0938 69.733 86.5206 91.686 86.2936 67.4057 6.3779 19.4558 32.8134 2.7875 17.6627 7.4645 2.3987 1016.5257 747.6914 747.6914 699.9107 103.2214 287.6454 173.5024 199.2472 319.015 1094.4025 219.1139 394.7682 47.3108 24.9747 92.4986 52.1193 46.0687 1105.8025;
	0.8735 11.8024 19.8991 25.9329 7.9006 8.1121 13.8713 1.2284 11.7007 16.3736 30.2664 45.1514 67.9752 63.7699 182.6661 68.8184 85.3858 90.4834 85.2954 68.3319 4.6238 18.9282 44.5576 31.5333 22.7798 7.9189 3.7175 1009.5771 697.7139 697.7139 700.3221 91.8693 284.3179 175.8865 199.9271 297.6913 935.6415 218.3711 378.0262 61.0173 26.1006 89.99 38.1796 55.2625 945.3878;
	0.8467 11.4409 22.5747 1.8996 6.6513 8.2422 11.0528 1.8455 1.364 16.5041 30.5076 45.5114 68.5171 61.2057 171.8933 64.7598 80.3501 85.1471 75.0456 67.0713 3.6843 19.2318 49.7487 46.7973 24.8592 5.7212 3.7897 895.6091 625.605 625.605 601.8227 76.8698 250.1521 172.6418 191.8882 266.9248 824.8407 194.7727 274.2011 66.587 27.2753 91.4332 36.9369 53.1653 833.4328;
	0.9607 12.9811 14.3949 25.4671 7.1727 6.1674 5.7509 1.3376 4.793 15.2792 28.2433 42.1335 63.4317 60.3746 170.6712 64.2994 79.7788 84.5418 72.0761 67.1872 1.917 14.3905 49.8107 38.0432 20.6774 2.7794 2.6224 885.5784 516.7765 516.7765 545.8864 78.865 240.2535 172.9401 189.2825 220.4913 654.9748 184.4065 205.663 55.3859 30.7396 68.4166 33.6163 14.7453 661.7975;
	0.4915 6.6414 0.0461 0.0559 5.0979 1.701 3.7518 0.1149 3.0792 15.1145 27.9389 41.6793 62.7479 55.6321 180.7004 68.0778 84.4669 89.5097 81.4203 60.993 1.2506 3.9691 26.9078 36.1957 12.8451 4.7271 1.9089 824.17 505.9121 505.9121 580.5515 81.5848 271.4011 156.9961 174.4142 215.8558 794.7192 192.5298 204.5793 34.4066 36.3544 18.8703 11.4654 1.237 802.9975;
	0.9599 12.9706 0.1568 0.225 2.2149 0.7941 7.7086 1.2047 1.8008 12.9256 23.8927 35.6432 53.6606 59.0527 139.0475 52.3853 64.9966 68.877 86.3586 54.5467 2.5695 1.853 43.5712 34.0066 13.9395 3.6576 1.8704 834.2066 553.6723 553.6723 664.7661 88.934 287.8619 140.4033 185.138 236.2335 822.3619 209.0177 326.2796 37.338 75.8162 8.8095 0.782 9.6538 830.9281;
