function solarprofile = ex_solar_profilesh1
%EX_WIND_PROFILE_D  Example wind_load_nyiso profile data for deterministic unit commitment.
% 2022.03.12
% Andres F. Ramirez


%% define constants
[GEN_BUS, PG, QG, QMAX, QMIN, VG, MBASE, GEN_STATUS, PMAX, PMIN, ...
    MU_PMAX, MU_PMIN, MU_QMAX, MU_QMIN, PC1, PC2, QC1MIN, QC1MAX, ...
    QC2MIN, QC2MAX, RAMP_AGC, RAMP_10, RAMP_30, RAMP_Q, APF] = idx_gen;
[CT_LABEL, CT_PROB, CT_TABLE, CT_TBUS, CT_TGEN, CT_TBRCH, CT_TAREABUS, ...
    CT_TAREAGEN, CT_TAREABRCH, CT_ROW, CT_COL, CT_CHGTYPE, CT_REP, ...
    CT_REL, CT_ADD, CT_NEWVAL, CT_TLOAD, CT_TAREALOAD, CT_LOAD_ALL_PQ, ...
    CT_LOAD_FIX_PQ, CT_LOAD_DIS_PQ, CT_LOAD_ALL_P, CT_LOAD_FIX_P, ...
    CT_LOAD_DIS_P, CT_TGENCOST, CT_TAREAGENCOST, CT_MODCOST_F, ...
    CT_MODCOST_X] = idx_ct;

solarprofile = struct( ...
    'type', 'mpcData', ...
    'table', CT_TGEN, ...
    'rows', [1:12], ...
    'col', PMAX, ...
    'chgtype', 1, ...
    'values', [] );
solarprofile.values(:,1,:) = [
	0.0 0.0 0.0 0.0 0.0 0.0 0.0 0.0 0.0 0.0 0.0 0.0;
	0.0 0.0 0.0 0.0 0.0 0.0 0.0 0.0 0.0 0.0 0.0 0.0;
	0.0 0.0 0.0 0.0 0.0 0.0 0.0 0.0 0.0 0.0 0.0 0.0;
	0.0 0.0 0.0 0.0 0.0 0.0 0.0 0.0 0.0 0.0 0.0 0.0;
	0.0 0.0 0.0 0.0 0.0 0.0 0.0 0.0 0.0 0.0 0.0 0.0;
	0.1628 0.1793 0.24 0.0 0.0 0.0 0.0 0.0 0.0 0.0 0.0 0.0;
	17.9381 11.1835 9.3312 1.8015 8.8443 332.0586 41.5073 18.8512 84.4681 40.2728 21.7243 72.9343;
	20.7034 15.9978 12.1212 5.0848 11.4551 414.0377 51.7547 46.016 168.3933 143.3344 27.9912 259.5795;
	23.1868 16.6177 13.8 8.1221 9.644 412.3082 51.5385 59.3338 180.8937 202.8823 71.4862 367.4211;
	25.6923 16.474 13.7475 6.9759 4.4343 300.3786 37.5473 64.5781 154.6534 215.0027 157.9283 389.3711;
	26.0118 16.6197 13.7859 7.2337 4.5426 275.1599 34.395 61.1245 158.4516 258.1444 185.9037 467.501;
	26.0398 16.7269 13.7863 7.2974 5.2329 236.3451 29.5431 53.4089 167.8214 291.6744 191.3385 528.224;
	25.629 16.6309 13.7855 9.6692 9.5928 299.9003 37.4875 63.0207 254.9827 341.7999 240.2087 619.0016;
	19.0867 16.3881 13.6672 8.6832 8.7411 305.6089 38.2011 63.6426 251.3125 336.3719 217.6568 609.1715;
	11.363 13.5694 9.4786 6.451 7.4254 297.2562 37.157 62.382 231.844 291.9601 181.6776 528.7414;
	6.1397 5.3798 3.812 6.5842 10.9397 296.0112 37.0014 53.8188 173.8206 210.6083 201.6696 381.413;
	0.9513 0.8015 0.5294 2.0711 4.0739 64.9663 8.1208 11.3308 40.7985 74.9532 46.1389 135.7407;
	0.0 0.0 0.0 0.0 0.0 0.0 0.0 0.0 0.0 0.0 0.0 0.0;
	0.0 0.0 0.0 0.0 0.0 0.0 0.0 0.0 0.0 0.0 0.0 0.0;
	0.0 0.0 0.0 0.0 0.0 0.0 0.0 0.0 0.0 0.0 0.0 0.0;
	0.0 0.0 0.0 0.0 0.0 0.0 0.0 0.0 0.0 0.0 0.0 0.0;
	0.0 0.0 0.0 0.0 0.0 0.0 0.0 0.0 0.0 0.0 0.0 0.0;
	0.0 0.0 0.0 0.0 0.0 0.0 0.0 0.0 0.0 0.0 0.0 0.0;
	0.0 0.0 0.0 0.0 0.0 0.0 0.0 0.0 0.0 0.0 0.0 0.0;
];
