function loadprofile = ex_load_profilesh1
%EX_LOAD_PROFILE  Example load profile data file for stochastic unit commitment.
% 2022.03.12
% Andres F. Ramirez

%% define constants
[CT_LABEL, CT_PROB, CT_TABLE, CT_TBUS, CT_TGEN, CT_TBRCH, CT_TAREABUS, ...
    CT_TAREAGEN, CT_TAREABRCH, CT_ROW, CT_COL, CT_CHGTYPE, CT_REP, ...
    CT_REL, CT_ADD, CT_NEWVAL, CT_TLOAD, CT_TAREALOAD, CT_LOAD_ALL_PQ, ...
    CT_LOAD_FIX_PQ, CT_LOAD_DIS_PQ, CT_LOAD_ALL_P, CT_LOAD_FIX_P, ...
    CT_LOAD_DIS_P, CT_TGENCOST, CT_TAREAGENCOST, CT_MODCOST_F, ...
    CT_MODCOST_X] = idx_ct;

loadprofile = struct( ...
    'type', 'mpcData', ...
    'table', CT_TAREALOAD, ...
    'rows', [1:11], ...
    'col', CT_LOAD_ALL_P, ...
    'chgtype', 1, ...
    'values', [] );
loadprofile.values(:,1,:) = [
	1389.4359 930.5559 1564.7316 480.7022 771.9153 1092.9546 897.8 262.0 546.5183 4607.8722 1760.6206;
	1392.0017 936.3859 1569.2008 481.017 767.875 1092.8441 895.055 264.6 521.2807 4498.1323 1719.8423;
	1406.8081 960.7637 1615.6582 488.7762 792.6159 1109.4234 909.4712 269.5 531.2417 4487.6294 1730.3156;
	1479.5262 1025.5327 1694.953 515.9266 858.5687 1198.6096 982.119 301.3547 577.5588 4875.2273 1913.1224;
	1634.5848 1125.8027 1856.7645 542.7881 946.4655 1317.3809 1080.4992 348.8 642.1027 5410.3602 2136.2469;
	1739.0302 1174.2427 1967.0675 565.7096 1008.6296 1442.6746 1141.9918 352.4 704.722 5959.1253 2251.1018;
	1742.3998 1184.9699 1975.3195 549.2085 1043.4487 1455.0011 1161.6978 357.0 714.0515 6281.4123 2265.6345;
	1750.5114 1194.1446 1956.5002 550.3918 1029.5418 1403.6342 1140.3839 339.1742 720.7845 6439.2524 2174.5662;
	1766.0854 1174.2944 1955.7397 566.726 991.8507 1435.9085 1152.5361 347.3509 721.6896 6527.8 2143.8653;
	1740.354 1175.2223 1948.7055 531.0424 979.7 1423.9302 1193.2 356.4256 741.9577 6590.7692 2214.1661;
	1695.7186 1126.756 1889.958 543.7919 949.6276 1367.7603 1134.3411 354.6553 713.6001 6588.0724 2121.3564;
	1612.6914 1152.3531 1879.4043 548.6064 943.6205 1351.5439 1145.4796 353.5502 721.2643 6572.5129 2191.7068;
	1563.9876 1110.4452 1879.8089 567.0 929.1204 1348.7149 1079.9665 338.3392 718.3831 6441.2 2161.3816;
	1510.7215 1130.8416 1845.8476 573.5 927.2805 1361.295 1077.9898 358.9101 694.0722 6489.051 2195.4565;
	1498.3859 1145.9 1835.8066 586.6682 955.5831 1406.5723 1126.9336 375.4 704.0089 6490.6767 2253.2251;
	1519.1857 1154.7566 1862.1802 603.4 998.5395 1448.8 1142.5773 380.4436 717.2574 6409.0652 2297.3296;
	1666.1497 1173.5078 1869.7651 613.7431 1052.8653 1511.066 1188.1591 415.6574 726.3482 6425.7049 2438.1378;
	1773.4986 1237.9 2018.3335 627.3155 1102.6087 1569.4188 1264.6283 407.7188 782.8 6523.9429 2558.3;
	1821.0579 1257.0511 2080.2 626.3322 1131.9317 1548.2794 1249.7503 407.712 775.2314 6493.2796 2526.8289;
	1775.236 1200.8 2004.6 609.2855 1083.2998 1450.6053 1236.2061 404.5858 739.3157 6443.911 2418.8829;
	1669.6551 1121.8033 1888.439 577.6761 981.4165 1325.315 1131.5972 371.6 684.9023 5929.4157 2192.0858;
	1571.675 1036.2076 1779.4528 569.2 920.8349 1243.5917 1029.0404 339.6345 610.9 5512.5138 1996.849;
	1503.6941 1009.1725 1718.9858 578.887 846.2587 1190.4 972.6475 295.9 562.3339 5119.8218 1837.2408;
	1508.711 1006.1123 1732.0223 592.2053 857.5212 1192.0 984.7328 289.9384 564.4407 5268.5245 1850.3;
];
