function solarprofile = ex_solar_profilesh1
%EX_WIND_PROFILE_D  Example wind_load_nyiso profile data for deterministic unit commitment.
% 2022.03.12
% Andres F. Ramirez


%% define constants
[GEN_BUS, PG, QG, QMAX, QMIN, VG, MBASE, GEN_STATUS, PMAX, PMIN, ...
    MU_PMAX, MU_PMIN, MU_QMAX, MU_QMIN, PC1, PC2, QC1MIN, QC1MAX, ...
    QC2MIN, QC2MAX, RAMP_AGC, RAMP_10, RAMP_30, RAMP_Q, APF] = idx_gen;
[CT_LABEL, CT_PROB, CT_TABLE, CT_TBUS, CT_TGEN, CT_TBRCH, CT_TAREABUS, ...
    CT_TAREAGEN, CT_TAREABRCH, CT_ROW, CT_COL, CT_CHGTYPE, CT_REP, ...
    CT_REL, CT_ADD, CT_NEWVAL, CT_TLOAD, CT_TAREALOAD, CT_LOAD_ALL_PQ, ...
    CT_LOAD_FIX_PQ, CT_LOAD_DIS_PQ, CT_LOAD_ALL_P, CT_LOAD_FIX_P, ...
    CT_LOAD_DIS_P, CT_TGENCOST, CT_TAREAGENCOST, CT_MODCOST_F, ...
    CT_MODCOST_X] = idx_ct;

solarprofile = struct( ...
    'type', 'mpcData', ...
    'table', CT_TGEN, ...
    'rows', [1:12], ...
    'col', PMAX, ...
    'chgtype', 1, ...
    'values', [] );
solarprofile.values(:,1,:) = [
	0.0 0.0 0.0 0.0 0.0 0.0 0.0 0.0 0.0 0.0 0.0 0.0;
	0.0 0.0 0.0 0.0 0.0 0.0 0.0 0.0 0.0 0.0 0.0 0.0;
	0.0 0.0 0.0 0.0 0.0 0.0 0.0 0.0 0.0 0.0 0.0 0.0;
	0.0 0.0 0.0 0.0 0.0 0.0 0.0 0.0 0.0 0.0 0.0 0.0;
	0.0 0.0 0.0 0.0 0.0 0.0 0.0 0.0 0.0 0.0 0.0 0.0;
	0.1575 0.1642 0.24 0.0 0.0 0.0 0.0 0.0 0.0 0.0 0.0 0.0;
	8.716 7.2058 5.4632 5.8268 4.9996 102.5187 12.8148 38.6504 18.3637 25.0611 22.8785 45.3859;
	15.1809 12.187 11.0083 4.5167 2.959 248.6588 31.0824 25.985 27.5949 23.005 53.2304 41.6623;
	20.9633 16.2721 13.8 5.5213 2.3671 294.4457 36.8057 23.1644 39.4303 22.4506 93.3926 40.6581;
	25.8135 16.474 13.7624 6.5496 2.4048 247.0976 30.8872 38.8456 62.5018 33.3465 104.6842 60.3908;
	26.0056 16.5326 13.7859 7.8772 4.1671 312.6576 39.0822 52.4053 100.0708 69.6055 158.2973 126.0559;
	25.964 16.5331 13.7863 7.9704 4.7561 371.5784 46.4473 59.4448 141.2729 80.5576 164.4415 145.8902;
	25.8343 16.5546 13.7855 9.1849 7.7942 399.2028 49.9004 63.2684 234.2936 156.3698 190.9064 283.1866;
	23.2407 16.3881 13.7008 7.7359 6.2291 372.1437 46.518 59.4752 232.8631 143.8352 146.198 260.4865;
	21.1535 14.7314 11.7378 4.8508 5.4734 296.1284 37.0161 49.4439 208.3078 81.0566 66.3281 146.7939;
	15.9686 10.8942 6.7367 3.9373 10.9492 79.5635 9.9454 28.9359 146.0918 131.1984 64.0603 237.6012;
	0.9933 0.8329 0.6167 1.5105 3.5795 58.7791 7.3474 10.0504 37.0097 67.0984 39.0411 121.5156;
	0.0 0.0 0.0 0.0 0.0 0.0 0.0 0.0 0.0 0.0 0.0 0.0;
	0.0 0.0 0.0 0.0 0.0 0.0 0.0 0.0 0.0 0.0 0.0 0.0;
	0.0 0.0 0.0 0.0 0.0 0.0 0.0 0.0 0.0 0.0 0.0 0.0;
	0.0 0.0 0.0 0.0 0.0 0.0 0.0 0.0 0.0 0.0 0.0 0.0;
	0.0 0.0 0.0 0.0 0.0 0.0 0.0 0.0 0.0 0.0 0.0 0.0;
	0.0 0.0 0.0 0.0 0.0 0.0 0.0 0.0 0.0 0.0 0.0 0.0;
	0.0 0.0 0.0 0.0 0.0 0.0 0.0 0.0 0.0 0.0 0.0 0.0;
];
