function loadprofile = ex_load_profilesh1
%EX_LOAD_PROFILE  Example load profile data file for stochastic unit commitment.
% 2022.03.12
% Andres F. Ramirez

%% define constants
[CT_LABEL, CT_PROB, CT_TABLE, CT_TBUS, CT_TGEN, CT_TBRCH, CT_TAREABUS, ...
    CT_TAREAGEN, CT_TAREABRCH, CT_ROW, CT_COL, CT_CHGTYPE, CT_REP, ...
    CT_REL, CT_ADD, CT_NEWVAL, CT_TLOAD, CT_TAREALOAD, CT_LOAD_ALL_PQ, ...
    CT_LOAD_FIX_PQ, CT_LOAD_DIS_PQ, CT_LOAD_ALL_P, CT_LOAD_FIX_P, ...
    CT_LOAD_DIS_P, CT_TGENCOST, CT_TAREAGENCOST, CT_MODCOST_F, ...
    CT_MODCOST_X] = idx_ct;

loadprofile = struct( ...
    'type', 'mpcData', ...
    'table', CT_TAREALOAD, ...
    'rows', [1:11], ...
    'col', CT_LOAD_ALL_P, ...
    'chgtype', 1, ...
    'values', [] );
loadprofile.values(:,1,:) = [
	1563.8541 972.4545 1626.4404 565.8 806.8031 1108.3178 867.8489 244.6154 520.7322 4457.6254 1679.4378;
	1566.8458 977.9 1618.0229 571.8581 790.6881 1094.1915 856.1746 244.3132 505.1 4391.613 1623.2466;
	1594.6964 1015.8 1669.6416 581.429 815.0242 1136.5812 894.4461 254.3362 521.8327 4499.0844 1702.0766;
	1623.4026 1067.9 1791.4372 602.0074 863.0307 1185.3022 942.4317 270.5677 549.1028 4779.5627 1827.162;
	1787.7378 1194.3798 2014.3689 639.8229 1004.4038 1362.2204 1057.5089 318.7698 618.9306 5334.9858 2101.2203;
	1868.0997 1255.3865 2116.6186 644.7 1094.2846 1458.7 1110.4288 355.8306 695.1 5951.6646 2259.2;
	1921.7607 1274.8041 2144.5 633.0932 1123.5749 1458.8513 1139.1 353.4 700.0176 6280.6815 2283.5;
	1899.6562 1261.8674 2083.0 631.8 1047.014 1436.3219 1148.6903 352.4313 702.0653 6506.4505 2209.0;
	1880.2494 1238.4737 2045.0202 628.4 1033.6723 1385.8753 1141.2 373.3845 731.6446 6706.2104 2275.7849;
	1900.6 1218.7814 2006.2338 614.4 1049.3466 1392.9 1160.6571 363.8 745.7983 6683.4525 2246.5813;
	1854.0745 1211.0308 1964.7689 611.9876 1035.488 1388.7127 1132.6283 355.8 756.3109 6740.6321 2174.6291;
	1885.0823 1244.2871 2002.9933 606.6542 1052.4899 1398.0313 1157.733 356.9461 758.1408 6704.0409 2271.3285;
	1878.1691 1191.9 1986.7256 608.6761 1047.3084 1359.4384 1128.6813 331.2 735.7399 6524.0254 2171.4857;
	1814.2402 1201.1 1951.2086 601.9 1012.4585 1320.6149 1083.4 330.316 688.4 6435.1509 2132.1398;
	1790.0537 1177.69 1943.1996 609.7368 1065.9951 1370.0216 1100.1568 328.3973 686.781 6452.5102 2177.7808;
	1778.4531 1199.872 2005.7906 616.6 1110.4545 1454.2076 1164.6967 375.6267 724.2435 6598.3245 2344.8338;
	1782.0031 1182.5303 1990.9431 621.4059 1105.675 1457.5899 1182.4602 388.7309 722.0222 6426.7277 2404.35;
	1833.9727 1241.5889 2087.2963 636.9 1143.3757 1542.1065 1262.5407 399.8343 770.8114 6460.8733 2607.1671;
	1902.2596 1260.0241 2088.3494 624.7153 1127.0913 1556.0306 1269.6762 401.1838 761.8 6369.0086 2568.563;
	1851.7 1198.3763 1997.2409 604.1 1063.4346 1458.8993 1208.2625 372.1882 729.037 6169.3022 2398.6;
	1767.04 1110.7086 1864.2669 584.3926 1030.971 1346.7 1140.5962 350.0381 681.6 5796.6249 2252.9364;
	1649.3509 1046.5 1752.0431 577.255 970.9335 1269.2912 1033.7273 311.6 608.8 5355.9329 2036.3475;
	1627.7125 1037.5961 1716.502 563.3352 895.1987 1190.0 960.0902 281.5232 570.3216 4925.2415 1895.6476;
	1651.1013 1023.0 1724.8 573.0356 889.5192 1201.3776 939.4269 261.054 566.2126 4641.8948 1803.4381;
];
