function loadprofile = ex_load_profilesh1
%EX_LOAD_PROFILE  Example load profile data file for stochastic unit commitment.
% 2022.03.12
% Andres F. Ramirez

%% define constants
[CT_LABEL, CT_PROB, CT_TABLE, CT_TBUS, CT_TGEN, CT_TBRCH, CT_TAREABUS, ...
    CT_TAREAGEN, CT_TAREABRCH, CT_ROW, CT_COL, CT_CHGTYPE, CT_REP, ...
    CT_REL, CT_ADD, CT_NEWVAL, CT_TLOAD, CT_TAREALOAD, CT_LOAD_ALL_PQ, ...
    CT_LOAD_FIX_PQ, CT_LOAD_DIS_PQ, CT_LOAD_ALL_P, CT_LOAD_FIX_P, ...
    CT_LOAD_DIS_P, CT_TGENCOST, CT_TAREAGENCOST, CT_MODCOST_F, ...
    CT_MODCOST_X] = idx_ct;

loadprofile = struct( ...
    'type', 'mpcData', ...
    'table', CT_TAREALOAD, ...
    'rows', [1:11], ...
    'col', CT_LOAD_ALL_P, ...
    'chgtype', 1, ...
    'values', [] );
loadprofile.values(:,1,:) = [
	1555.0775 961.3884 1633.8203 563.7 827.4916 1139.2 916.771 254.8846 517.7045 4693.6372 1908.5378;
	1559.8909 952.5331 1598.4264 559.1321 839.6472 1156.4 907.6956 252.7 502.2 4602.9241 1878.5748;
	1578.0618 991.009 1672.5 564.7238 835.2157 1179.6 922.3129 268.5 523.0897 4718.9727 2007.6567;
	1655.1 1045.0997 1768.7548 572.9454 897.4753 1251.9125 967.4426 281.8445 545.5457 4865.8947 1974.9069;
	1771.6634 1165.0947 1969.3 623.6112 1022.4443 1397.2407 1063.8 325.2896 619.0082 5441.4719 2157.0147;
	1870.2373 1238.6549 2051.0121 628.6846 1060.2596 1476.4 1124.4901 341.4598 696.761 6042.0545 2315.3746;
	1853.2 1256.6488 2086.6761 617.6246 1052.7566 1472.7346 1146.2 336.2199 707.7493 6280.5623 2321.2748;
	1856.5 1254.8761 2107.6557 591.7214 1046.0226 1436.5785 1131.7 313.6273 704.7315 6328.6279 2261.711;
	1864.7421 1226.8295 2071.1711 564.7725 1023.4984 1380.0404 1079.2874 280.9275 704.9609 6009.5003 2118.8774;
	1846.5497 1199.5102 2039.7 560.5229 1019.9023 1352.6573 1034.8 270.348 695.4 5434.3899 2017.4756;
	1859.2057 1208.8317 2010.7657 548.198 963.0881 1337.3242 1032.2791 304.4515 713.8295 6185.2165 2127.2287;
	1846.9539 1189.1258 1979.8965 518.4968 971.0128 1266.9769 1028.0152 307.8881 706.2493 6129.6703 2059.7593;
	1819.3841 1175.8 1959.6937 536.5697 989.6278 1292.2051 1018.1017 285.4814 689.3771 6178.1997 1964.1292;
	1765.7 1166.7263 1925.1 533.4489 956.3645 1300.1504 1022.2696 292.7415 700.4954 6288.2168 2013.8067;
	1767.5 1187.7923 1960.4761 525.2325 983.9802 1334.7649 1052.2686 315.4173 713.4321 6417.5078 2172.156;
	1726.6628 1214.523 1985.8648 563.477 1028.8816 1422.0387 1124.7744 341.9503 740.2227 6440.1721 2305.237;
	1692.9908 1253.5023 2025.4 576.579 1055.8146 1443.2532 1178.9369 359.2 737.573 6377.9209 2458.1705;
	1783.8456 1307.2835 2133.879 577.7065 1105.3339 1531.8839 1239.7114 379.7171 764.2259 6401.4 2638.1681;
	1792.6748 1311.1416 2158.7236 569.0239 1120.5 1537.2401 1242.3842 360.3528 738.1283 6220.6382 2498.4646;
	1729.3239 1228.1455 2060.6555 580.7484 1059.3724 1459.1688 1218.2111 347.8897 700.7074 6031.5633 2430.0107;
	1657.8972 1156.7843 1930.3097 549.7193 952.357 1359.6947 1107.6509 336.4 644.4678 5549.6167 2206.9189;
	1562.9 1079.8536 1866.4905 536.9 928.5 1251.8 1001.5 299.5689 590.0 5136.2721 2004.3194;
	1537.0888 997.736 1764.1128 537.171 858.5 1194.1262 961.0815 258.9404 512.6958 4813.1957 1877.5316;
	1497.5181 971.0644 1712.5129 546.384 809.7486 1165.4618 952.1617 250.4434 517.7215 4777.8507 1853.3;
];
