function solarprofile = ex_solar_profilesh1
%EX_WIND_PROFILE_D  Example wind_load_nyiso profile data for deterministic unit commitment.
% 2022.03.12
% Andres F. Ramirez


%% define constants
[GEN_BUS, PG, QG, QMAX, QMIN, VG, MBASE, GEN_STATUS, PMAX, PMIN, ...
    MU_PMAX, MU_PMIN, MU_QMAX, MU_QMIN, PC1, PC2, QC1MIN, QC1MAX, ...
    QC2MIN, QC2MAX, RAMP_AGC, RAMP_10, RAMP_30, RAMP_Q, APF] = idx_gen;
[CT_LABEL, CT_PROB, CT_TABLE, CT_TBUS, CT_TGEN, CT_TBRCH, CT_TAREABUS, ...
    CT_TAREAGEN, CT_TAREABRCH, CT_ROW, CT_COL, CT_CHGTYPE, CT_REP, ...
    CT_REL, CT_ADD, CT_NEWVAL, CT_TLOAD, CT_TAREALOAD, CT_LOAD_ALL_PQ, ...
    CT_LOAD_FIX_PQ, CT_LOAD_DIS_PQ, CT_LOAD_ALL_P, CT_LOAD_FIX_P, ...
    CT_LOAD_DIS_P, CT_TGENCOST, CT_TAREAGENCOST, CT_MODCOST_F, ...
    CT_MODCOST_X] = idx_ct;

solarprofile = struct( ...
    'type', 'mpcData', ...
    'table', CT_TGEN, ...
    'rows', [1:12], ...
    'col', PMAX, ...
    'chgtype', 1, ...
    'values', [] );
solarprofile.values(:,1,:) = [
	0.0 0.0 0.0 0.0 0.0 0.0 0.0 0.0 0.0 0.0 0.0 0.0;
	0.0 0.0 0.0 0.0 0.0 0.0 0.0 0.0 0.0 0.0 0.0 0.0;
	0.0 0.0 0.0 0.0 0.0 0.0 0.0 0.0 0.0 0.0 0.0 0.0;
	0.0 0.0 0.0 0.0 0.0 0.0 0.0 0.0 0.0 0.0 0.0 0.0;
	0.0 0.0 0.0 0.0 0.0 0.0 0.0 0.0 0.0 0.0 0.0 0.0;
	0.1575 0.1621 0.24 0.0 0.0 0.0 0.0 0.0 0.0 0.0 0.0 0.0;
	8.591 5.4255 5.3323 1.4982 1.1258 47.6823 5.9603 11.0429 47.2527 32.8575 21.8097 59.5051;
	22.2538 15.796 12.7627 2.4578 1.8478 188.9798 23.6225 26.753 151.6517 140.223 134.6935 253.9447;
	24.822 16.761 13.8569 3.9446 2.1457 254.2816 31.7852 43.2357 184.687 215.3098 222.7159 389.9274;
	23.0844 16.1769 13.3303 4.9626 2.0057 242.2995 30.2874 50.8208 162.8815 197.9274 164.6902 358.4476;
	20.3796 13.7667 10.769 4.1201 1.8741 285.6049 35.7006 49.5007 141.7895 151.4299 160.9997 274.2405;
	20.3657 12.7258 9.4568 3.6372 2.2741 312.889 39.1111 47.3838 117.3737 171.7853 156.1875 311.1042;
	20.5461 10.9778 9.7268 9.4315 8.7257 415.093 51.8866 62.7128 203.2479 343.8339 244.3251 622.6852;
	15.0866 9.9832 9.4386 9.5929 8.9569 415.3959 51.9245 65.2139 217.4759 342.391 219.7736 620.0721;
	6.6165 3.0735 1.929 8.7727 8.9315 396.8674 49.6084 67.1249 223.617 319.3246 168.4787 578.2988;
	2.9208 0.9633 0.4998 6.6608 12.2269 352.4982 44.0623 58.8191 203.659 167.9303 59.3612 304.1228;
	0.9622 0.7397 0.5133 1.5203 3.8246 70.4458 8.8057 10.106 37.8098 65.9128 39.0212 119.3685;
	0.0 0.0 0.0 0.0 0.0 0.0 0.0 0.0 0.0 0.0 0.0 0.0;
	0.0 0.0 0.0 0.0 0.0 0.0 0.0 0.0 0.0 0.0 0.0 0.0;
	0.0 0.0 0.0 0.0 0.0 0.0 0.0 0.0 0.0 0.0 0.0 0.0;
	0.0 0.0 0.0 0.0 0.0 0.0 0.0 0.0 0.0 0.0 0.0 0.0;
	0.0 0.0 0.0 0.0 0.0 0.0 0.0 0.0 0.0 0.0 0.0 0.0;
	0.0 0.0 0.0 0.0 0.0 0.0 0.0 0.0 0.0 0.0 0.0 0.0;
	0.0 0.0 0.0 0.0 0.0 0.0 0.0 0.0 0.0 0.0 0.0 0.0;
];
