function windprofile = ex_wind_profilesh1
%EX_WIND_PROFILE_D  Example wind_load_nyiso profile data for deterministic unit commitment.
% 2022.03.12
% Andres F. Ramirez


%% define constants
[GEN_BUS, PG, QG, QMAX, QMIN, VG, MBASE, GEN_STATUS, PMAX, PMIN, ...
    MU_PMAX, MU_PMIN, MU_QMAX, MU_QMIN, PC1, PC2, QC1MIN, QC1MAX, ...
    QC2MIN, QC2MAX, RAMP_AGC, RAMP_10, RAMP_30, RAMP_Q, APF] = idx_gen;
[CT_LABEL, CT_PROB, CT_TABLE, CT_TBUS, CT_TGEN, CT_TBRCH, CT_TAREABUS, ...
    CT_TAREAGEN, CT_TAREABRCH, CT_ROW, CT_COL, CT_CHGTYPE, CT_REP, ...
    CT_REL, CT_ADD, CT_NEWVAL, CT_TLOAD, CT_TAREALOAD, CT_LOAD_ALL_PQ, ...
    CT_LOAD_FIX_PQ, CT_LOAD_DIS_PQ, CT_LOAD_ALL_P, CT_LOAD_FIX_P, ...
    CT_LOAD_DIS_P, CT_TGENCOST, CT_TAREAGENCOST, CT_MODCOST_F, ...
    CT_MODCOST_X] = idx_ct;

windprofile = struct( ...
    'type', 'mpcData', ...
    'table', CT_TGEN, ...
    'rows', [1:45], ...
    'col', PMAX, ...
    'chgtype', 1, ...
    'values', [] );
windprofile.values(:,1,:) = [
	3.7149 50.1959 89.3352 111.6207 14.4432 31.6421 26.7704 12.9222 26.8905 27.8853 51.5456 76.8959 115.7663 61.675 184.4199 69.4791 86.2056 91.3522 90.0579 70.9632 8.9235 73.8316 71.9342 85.0009 97.9551 66.0474 9.5746 1100.8311 725.3688 725.3688 713.3348 113.1903 300.1929 182.6594 193.3596 309.4907 1100.4707 286.7662 442.0613 262.3797 112.7606 351.0166 199.506 244.7384 1111.9339;
	3.7882 51.1865 89.1634 113.9705 14.5835 31.5905 27.077 12.3471 26.8932 24.9445 46.1095 68.7864 103.5575 62.5897 188.8704 71.1558 88.2859 93.5567 86.6788 69.5211 9.0257 73.7112 68.8591 86.3735 98.7526 64.7799 8.7877 1156.9122 730.7406 730.7406 722.6365 112.0565 288.9292 178.9475 196.2272 311.7826 1169.2439 279.3613 441.1058 264.516 105.5881 350.4439 203.5867 244.9394 1181.4235;
	3.741 50.5485 88.9001 101.5609 14.8945 32.235 25.491 10.0908 26.6678 26.01 48.0791 71.7245 107.9809 62.8917 186.2891 70.1833 87.0793 92.2781 86.5362 69.6828 8.497 75.2149 69.9608 86.898 86.1616 56.5452 8.737 1169.5703 750.163 750.163 770.0316 112.3361 288.4541 179.3638 197.1739 320.0695 1093.9633 278.8397 443.3873 230.79 104.4625 357.5931 187.2935 250.597 1105.3587;
	3.7343 50.4589 86.8576 105.0062 15.2053 32.95 22.9229 11.0216 26.9393 26.1536 48.3446 72.1206 108.5771 60.6853 186.7327 70.3504 87.2867 92.4978 85.0143 69.0831 7.641 76.8834 69.0172 85.3179 83.8462 53.8688 8.3754 1171.6324 754.6485 754.6485 765.5626 112.1429 283.3808 177.8201 190.2566 321.9834 1129.4946 274.7632 446.4895 224.588 106.6787 365.5257 195.8419 249.4979 1141.2602;
	3.8087 51.4637 85.818 94.126 15.2487 34.0402 19.9169 9.7362 24.0257 27.7074 51.2167 76.4052 115.0276 64.4922 184.1708 69.3853 86.0892 91.2288 84.2803 70.0802 6.639 79.4271 73.7477 87.1421 75.0516 52.2999 8.1516 1206.6452 759.3667 759.3667 753.8212 107.8507 280.9345 180.3866 202.1916 323.9965 1128.1869 265.558 409.0136 201.0312 111.8482 377.6192 202.9035 234.5264 1139.9388;
	3.7442 50.5919 79.8003 82.4548 15.3207 33.3216 18.5468 6.9524 26.0547 28.2 52.1274 77.7638 117.0729 63.002 191.1367 72.0096 89.3453 94.6793 85.0342 69.9453 6.1823 77.7503 71.7687 80.3926 54.3236 33.3174 5.9428 1190.1984 710.3353 710.3353 680.8608 96.4719 283.4474 180.0394 197.5198 303.0764 1089.09 234.4162 373.1882 145.5097 87.4151 369.6473 191.6681 187.2435 1100.4347;
	3.4416 46.5042 68.391 63.9225 15.0831 32.1086 15.8534 3.7755 19.867 26.8116 49.5608 73.935 111.3087 63.7398 191.0947 71.9938 89.3257 94.6586 86.5887 69.5587 5.2845 74.92 70.9375 70.7064 42.197 9.4893 4.0233 1206.6094 672.2527 672.2527 572.2264 66.2433 288.629 179.0443 199.833 286.8278 1043.9457 202.1834 296.7521 113.0277 76.7146 356.1913 167.0792 129.6375 1054.8201;
	3.5325 47.7324 68.4162 70.2195 15.0196 32.0295 15.4785 3.872 16.575 22.0188 40.7015 60.7186 91.4115 64.1616 189.2728 71.3074 88.474 93.7561 87.5283 67.6393 5.1595 74.7354 56.1298 80.1268 56.9597 16.3193 2.5712 1206.8581 714.5434 714.5434 648.8396 66.5956 291.761 174.1037 201.1554 304.8718 1090.8654 208.052 247.4289 152.5706 77.4631 355.3137 154.2666 126.534 1102.2286;
	2.9712 40.147 56.8354 63.1943 14.7116 26.7006 14.8535 0.2224 20.3058 21.0226 38.8599 57.9714 87.2756 63.703 186.45 70.244 87.1545 92.3578 85.6306 67.7363 4.9512 62.3014 53.449 71.2387 49.2091 7.9496 0.2874 1188.9022 820.2758 820.2758 753.0274 92.1904 285.4353 174.3533 199.7176 349.9843 1139.5554 245.3213 242.7548 131.8101 45.8593 296.1987 149.7163 139.9679 1151.4258;
	2.559 34.578 45.4372 55.586 14.4826 19.6109 20.3816 0.1982 21.8243 18.9593 35.046 52.2818 78.7099 66.4727 175.0434 65.9466 81.8226 86.7075 84.57 66.2944 6.7939 45.7588 44.8119 59.4492 27.2162 1.0822 0.6684 1098.1861 800.2904 800.2904 743.2567 106.9158 281.8999 170.6419 208.401 341.4572 1164.7998 238.9675 367.6772 72.9006 40.1243 217.5505 130.2492 103.9866 1176.9332;
	2.0669 27.9284 35.1658 39.0557 13.3337 13.6941 18.4929 0.0677 18.9562 14.8873 27.519 41.0529 61.8049 66.697 170.4278 64.2077 79.6651 84.4212 81.5908 68.5218 6.1643 31.9529 35.2799 46.6975 19.1235 1.9207 0.5904 1036.9151 785.3587 785.3587 720.1626 104.6085 271.9693 176.3753 209.104 335.0864 1110.6838 245.8111 392.5203 51.2237 25.4951 151.9131 85.5019 76.332 1122.2535;
	1.4276 19.2903 29.4531 23.0453 8.7767 10.1385 19.3619 0.2815 17.1436 16.4986 30.4974 45.4961 68.4941 66.3555 172.9565 65.1604 80.8471 85.6738 81.0912 67.3095 6.454 23.6564 43.6323 36.3766 18.63 5.0769 0.8296 896.1902 707.5613 707.5613 648.1041 96.5442 270.3041 173.2548 208.0335 301.8928 963.484 210.8288 415.3694 49.9019 24.6916 112.4694 61.5738 66.1214 973.5203;
	0.9017 12.1839 25.2303 25.1072 6.722 4.3151 17.8444 1.3044 14.6681 12.7237 23.5196 35.0867 52.8228 64.0287 179.6755 67.6917 83.9878 89.002 84.0054 68.5768 5.9481 10.0687 37.6618 32.6118 20.4635 8.4827 2.2984 826.8422 739.4926 739.4926 661.3151 97.8514 280.0178 176.517 200.7385 315.5169 967.9802 219.978 427.8654 54.813 25.6204 47.8692 30.8898 46.0737 978.0633;
	0.7643 10.3274 22.2231 27.7308 7.5225 7.0999 12.864 2.0664 12.1917 17.7135 32.7431 48.8463 73.5378 66.2965 176.3927 66.4549 82.4533 87.3759 73.7401 67.203 4.288 16.5664 50.215 34.9859 23.8414 9.6065 3.5356 789.2408 673.4899 673.4899 632.4107 92.0555 245.8002 172.9808 207.8485 287.3557 814.6383 210.0331 398.0126 63.861 31.8279 78.7615 29.658 49.3163 823.1241;
	0.833 11.2551 19.7006 0.0 6.073 7.5996 11.7475 1.4207 12.142 16.0238 29.6198 44.1869 66.5231 67.1596 170.1098 64.0879 79.5164 84.2637 68.4179 65.3505 3.9158 17.7324 50.5336 40.1412 20.3985 2.6799 3.2112 737.2265 618.8958 618.8958 590.7579 81.4702 228.0598 168.2124 210.5544 264.0622 745.6357 196.9121 336.1828 54.6389 27.469 84.305 29.7802 38.5487 753.4028;
	0.9575 12.9376 17.5526 23.9117 6.2142 3.9862 5.2149 1.1594 8.6244 13.7611 25.4371 37.9472 57.1293 66.1338 152.7422 57.5447 71.3981 75.6607 64.3959 58.5297 1.7383 9.3011 38.3176 41.3199 23.2621 2.7023 2.1807 783.645 473.2877 473.2877 506.5669 78.5907 214.653 150.6555 207.3385 201.9361 592.097 185.4063 215.106 62.3092 29.7476 44.22 0.0025 15.0917 598.2647;
	0.521 7.0394 0.8404 0.0 4.635 0.7588 3.3687 0.0 10.5012 17.1451 31.6924 47.2788 71.178 67.608 125.7417 47.3725 58.7769 62.286 59.1411 46.309 1.1229 1.7706 45.13 35.8497 14.4066 3.3817 0.9518 749.0921 492.6553 492.6553 524.3983 81.3169 197.1369 119.1996 211.9603 210.1996 702.5275 185.536 218.0279 38.589 32.4402 8.4179 0.0 2.1786 709.8455;
	1.0796 14.5875 0.988 0.0 0.9337 5.0362 2.3827 0.0 0.0 21.0185 38.8525 57.9602 87.2588 69.2101 101.7283 38.3256 47.5521 50.391 75.5162 40.9033 0.7942 11.7511 60.2985 33.7145 15.2502 3.3645 0.4826 718.2326 507.0402 507.0402 562.4581 87.7422 251.7205 105.2852 216.9829 216.3372 733.1398 206.4988 330.1364 40.8487 71.7237 55.8681 11.0393 17.9628 740.7767;
	0.4348 5.8752 21.1894 35.7342 0.5369 9.1833 0.2973 2.0822 0.8265 23.6054 43.6343 65.0937 97.9982 63.6657 85.6867 32.282 40.0536 42.4448 0.0 47.1949 0.0991 21.4277 69.4525 49.2784 24.5668 8.5657 1.8568 794.7549 498.3653 498.3653 559.7187 84.7352 0.0 121.4798 199.6006 212.6359 687.7012 185.0896 320.6857 65.8039 86.8777 101.8736 4.8861 20.8916 694.8648;
