function solarprofile = ex_solar_profilesh1
%EX_WIND_PROFILE_D  Example wind_load_nyiso profile data for deterministic unit commitment.
% 2022.03.12
% Andres F. Ramirez


%% define constants
[GEN_BUS, PG, QG, QMAX, QMIN, VG, MBASE, GEN_STATUS, PMAX, PMIN, ...
    MU_PMAX, MU_PMIN, MU_QMAX, MU_QMIN, PC1, PC2, QC1MIN, QC1MAX, ...
    QC2MIN, QC2MAX, RAMP_AGC, RAMP_10, RAMP_30, RAMP_Q, APF] = idx_gen;
[CT_LABEL, CT_PROB, CT_TABLE, CT_TBUS, CT_TGEN, CT_TBRCH, CT_TAREABUS, ...
    CT_TAREAGEN, CT_TAREABRCH, CT_ROW, CT_COL, CT_CHGTYPE, CT_REP, ...
    CT_REL, CT_ADD, CT_NEWVAL, CT_TLOAD, CT_TAREALOAD, CT_LOAD_ALL_PQ, ...
    CT_LOAD_FIX_PQ, CT_LOAD_DIS_PQ, CT_LOAD_ALL_P, CT_LOAD_FIX_P, ...
    CT_LOAD_DIS_P, CT_TGENCOST, CT_TAREAGENCOST, CT_MODCOST_F, ...
    CT_MODCOST_X] = idx_ct;

solarprofile = struct( ...
    'type', 'mpcData', ...
    'table', CT_TGEN, ...
    'rows', [1:12], ...
    'col', PMAX, ...
    'chgtype', 1, ...
    'values', [] );
solarprofile.values(:,1,:) = [
	0.0 0.0 0.0 0.0 0.0 0.0 0.0 0.0 0.0 0.0 0.0 0.0;
	0.0 0.0 0.0 0.0 0.0 0.0 0.0 0.0 0.0 0.0 0.0 0.0;
	0.0 0.0 0.0 0.0 0.0 0.0 0.0 0.0 0.0 0.0 0.0 0.0;
	0.0 0.0 0.0 0.0 0.0 0.0 0.0 0.0 0.0 0.0 0.0 0.0;
	0.0 0.0 0.0 0.0 0.0 0.0 0.0 0.0 0.0 0.0 0.0 0.0;
	0.1575 0.1621 0.24 0.0 0.0 0.0 0.0 0.0 0.0 0.0 0.0 0.0;
	15.1722 9.1596 9.7578 2.5471 4.1046 208.9518 26.119 46.9747 194.7633 11.262 21.9104 20.3955;
	21.2116 13.501 11.6761 4.3537 5.6538 328.5866 41.0733 41.8677 176.0077 80.093 48.1232 145.0489;
	23.5636 16.2989 13.754 6.4211 8.3237 348.9005 43.6126 49.5037 169.8696 184.3955 105.4253 333.9413;
	25.9739 16.3713 13.7624 6.4159 11.0927 377.6816 47.2102 71.6485 235.4671 227.484 156.7524 411.9748;
	26.1536 16.5073 13.7859 7.5226 10.145 378.6136 47.3267 72.0548 252.115 257.5548 197.6837 466.4332;
	26.0326 16.5195 13.7863 7.5911 7.1244 364.0309 45.5039 64.5256 248.0944 261.3966 224.5842 473.3909;
	26.04 16.5546 13.7353 8.2588 7.0313 398.7671 49.8459 65.8417 259.8748 332.2098 249.7635 601.634;
	23.7711 16.3881 13.7008 5.621 5.6102 403.462 50.4327 66.9403 256.9192 312.6708 215.9751 566.2487;
	21.1068 14.6945 12.1907 2.9002 5.2522 403.185 50.3981 68.6266 257.2512 177.3765 116.2658 321.2298;
	10.5258 7.4304 8.2413 2.331 10.0237 371.8616 46.4827 61.2756 244.3885 80.6572 45.5798 146.0707;
	0.9093 0.7396 0.5269 1.5084 3.4199 65.1163 8.1395 9.8995 37.5368 63.2893 39.4924 114.6173;
	0.0 0.0 0.0 0.0 0.0 0.0 0.0 0.0 0.0 0.0 0.0 0.0;
	0.0 0.0 0.0 0.0 0.0 0.0 0.0 0.0 0.0 0.0 0.0 0.0;
	0.0 0.0 0.0 0.0 0.0 0.0 0.0 0.0 0.0 0.0 0.0 0.0;
	0.0 0.0 0.0 0.0 0.0 0.0 0.0 0.0 0.0 0.0 0.0 0.0;
	0.0 0.0 0.0 0.0 0.0 0.0 0.0 0.0 0.0 0.0 0.0 0.0;
	0.0 0.0 0.0 0.0 0.0 0.0 0.0 0.0 0.0 0.0 0.0 0.0;
	0.0 0.0 0.0 0.0 0.0 0.0 0.0 0.0 0.0 0.0 0.0 0.0;
];
