function loadprofile = ex_load_profilesh1
%EX_LOAD_PROFILE  Example load profile data file for stochastic unit commitment.
% 2022.03.12
% Andres F. Ramirez

%% define constants
[CT_LABEL, CT_PROB, CT_TABLE, CT_TBUS, CT_TGEN, CT_TBRCH, CT_TAREABUS, ...
    CT_TAREAGEN, CT_TAREABRCH, CT_ROW, CT_COL, CT_CHGTYPE, CT_REP, ...
    CT_REL, CT_ADD, CT_NEWVAL, CT_TLOAD, CT_TAREALOAD, CT_LOAD_ALL_PQ, ...
    CT_LOAD_FIX_PQ, CT_LOAD_DIS_PQ, CT_LOAD_ALL_P, CT_LOAD_FIX_P, ...
    CT_LOAD_DIS_P, CT_TGENCOST, CT_TAREAGENCOST, CT_MODCOST_F, ...
    CT_MODCOST_X] = idx_ct;

loadprofile = struct( ...
    'type', 'mpcData', ...
    'table', CT_TAREALOAD, ...
    'rows', [1:11], ...
    'col', CT_LOAD_ALL_P, ...
    'chgtype', 1, ...
    'values', [] );
loadprofile.values(:,1,:) = [
	1590.8279 938.9549 1653.9421 543.7265 821.2757 1131.5271 836.4733 249.7978 526.747 4345.7088 1689.7115;
	1569.3644 955.0147 1660.2557 545.6226 843.7225 1137.3 873.0801 254.0844 522.1958 4403.0766 1696.0352;
	1585.2234 962.1859 1660.5734 556.8212 856.2818 1139.7312 876.7931 256.5 522.7406 4409.852 1714.3554;
	1666.5914 1038.0615 1776.0758 585.6906 936.2073 1213.7264 950.1 283.498 584.3318 4687.9683 1856.3897;
	1801.7 1158.9537 1970.3225 603.0329 1054.2476 1360.5191 1056.6435 329.8 653.4773 5321.1659 2091.2311;
	1869.437 1228.4111 2072.7978 635.7207 1104.1 1425.1534 1110.074 350.0 713.943 5936.8092 2248.572;
	1844.546 1193.7111 2050.5903 621.8644 1107.3147 1395.0555 1119.4333 374.6474 716.4343 6257.1653 2255.6081;
	1869.2898 1155.8451 2022.3714 609.5177 1109.8378 1394.0173 1125.8012 355.5 711.695 6520.7636 2266.3792;
	1843.1475 1136.8624 1974.7385 618.5 1083.8588 1364.0564 1070.3331 343.3 692.0665 6469.8 2143.6947;
	1805.689 1149.9035 1992.4567 609.0777 1100.1502 1340.7 1026.0774 320.7773 667.1697 6451.9287 2136.4776;
	1802.8 1126.9767 2015.2632 595.6567 1089.3563 1354.4 986.6023 312.4381 654.832 6440.3409 2029.2066;
	1776.261 1079.1573 1978.3848 600.5985 1071.2465 1309.9167 963.5175 316.4423 662.9504 6409.0945 2095.724;
	1738.8143 1101.3062 1971.9215 580.4 1091.5391 1340.0455 991.7784 304.6589 659.9624 6345.0546 2072.1253;
	1654.2356 1096.5226 1964.4293 569.728 1090.838 1356.1606 1019.3208 297.7904 667.0018 6273.5497 2081.3619;
	1702.8082 1053.7468 1972.8379 584.2805 1130.1436 1374.3425 1068.1924 331.6735 693.1222 6315.3138 2164.4072;
	1673.2875 1030.1537 1927.0 583.2 1093.5982 1382.7714 1082.0584 349.2783 709.2727 6279.9655 2271.3733;
	1739.1695 1065.1409 1959.7925 602.3 1117.1083 1424.5359 1115.364 346.3841 725.2985 5993.1972 2331.4824;
	1784.492 1193.8948 2081.3 620.1899 1172.729 1484.6805 1160.7664 375.3703 746.603 6198.3774 2429.9436;
	1781.8262 1216.522 2101.5486 626.7586 1144.0 1485.9867 1210.6 376.9 773.9543 6222.8807 2466.5852;
	1779.8445 1163.0047 2006.3691 611.9857 1081.2028 1419.9 1167.0529 359.5929 736.0006 6039.6733 2339.7251;
	1693.4968 1060.774 1886.4301 597.1 1018.6354 1313.7328 1080.4509 347.5145 684.249 5692.3679 2191.8833;
	1587.8319 1026.2467 1783.3173 580.7 966.4322 1250.7275 1022.2 321.1 656.6384 5356.3397 2026.919;
	1513.0126 967.2019 1692.1815 577.0 937.1942 1143.3644 940.7115 298.201 580.0575 4971.5744 1879.7181;
	1481.8789 948.3103 1659.2353 575.8 911.2071 1158.1 929.5 275.2295 565.0415 4682.5186 1801.4393;
];
