function windprofile = ex_wind_profilesh1
%EX_WIND_PROFILE_D  Example wind_load_nyiso profile data for deterministic unit commitment.
% 2022.03.12
% Andres F. Ramirez


%% define constants
[GEN_BUS, PG, QG, QMAX, QMIN, VG, MBASE, GEN_STATUS, PMAX, PMIN, ...
    MU_PMAX, MU_PMIN, MU_QMAX, MU_QMIN, PC1, PC2, QC1MIN, QC1MAX, ...
    QC2MIN, QC2MAX, RAMP_AGC, RAMP_10, RAMP_30, RAMP_Q, APF] = idx_gen;
[CT_LABEL, CT_PROB, CT_TABLE, CT_TBUS, CT_TGEN, CT_TBRCH, CT_TAREABUS, ...
    CT_TAREAGEN, CT_TAREABRCH, CT_ROW, CT_COL, CT_CHGTYPE, CT_REP, ...
    CT_REL, CT_ADD, CT_NEWVAL, CT_TLOAD, CT_TAREALOAD, CT_LOAD_ALL_PQ, ...
    CT_LOAD_FIX_PQ, CT_LOAD_DIS_PQ, CT_LOAD_ALL_P, CT_LOAD_FIX_P, ...
    CT_LOAD_DIS_P, CT_TGENCOST, CT_TAREAGENCOST, CT_MODCOST_F, ...
    CT_MODCOST_X] = idx_ct;

windprofile = struct( ...
    'type', 'mpcData', ...
    'table', CT_TGEN, ...
    'rows', [1:45], ...
    'col', PMAX, ...
    'chgtype', 1, ...
    'values', [] );
windprofile.values(:,1,:) = [
	3.5104 47.4338 86.3163 107.8305 14.811 30.0696 26.9533 8.2935 27.4945 28.1904 52.1095 77.7371 117.0328 65.6629 172.8512 65.1207 80.7979 85.6217 79.5587 68.3056 8.9844 70.1625 72.5457 83.5775 83.3349 54.1801 6.9578 1251.3725 776.3776 776.3776 759.8472 113.154 265.1955 175.8188 205.8619 331.2545 1220.1732 286.1044 452.9774 223.2184 118.8247 333.5725 181.0577 214.8743 1232.8834;
	3.4254 46.2845 83.8063 107.7579 14.7438 29.688 26.243 9.4666 27.2033 26.762 49.4691 73.7982 111.1028 65.0333 180.7748 68.1058 84.5017 89.5466 83.4053 70.5579 8.7477 69.272 71.3096 80.6623 82.0344 54.8819 5.4427 1239.9228 765.2766 765.2766 746.4845 107.8151 278.0176 181.6162 203.8883 326.518 1239.5731 257.7473 451.6926 219.7351 114.8318 329.3388 183.0257 226.2335 1252.4853;
	3.4974 47.2573 88.2579 96.5424 15.0655 31.4242 24.6494 8.67 27.0873 26.305 48.6244 72.5381 109.2057 63.8976 174.3229 65.6752 81.4858 86.3507 84.9155 68.4767 8.2165 73.3232 65.8792 82.3804 72.1229 54.559 5.8341 1245.3659 792.4318 792.4318 756.8624 109.1768 283.0515 176.2593 200.3278 338.1042 1197.7181 261.7754 447.3739 193.1863 113.9575 348.5994 168.516 235.4426 1210.1943;
	3.3148 44.7903 83.5914 92.766 15.0937 30.5364 22.0254 5.3173 26.6546 25.8005 47.6919 71.1469 107.1112 63.5359 175.5006 66.1188 82.0363 86.934 85.5248 68.9944 7.3418 71.2516 61.0453 83.4434 68.076 47.7387 3.2658 1211.5544 811.8225 811.8225 745.6319 108.0904 285.0826 177.5919 199.1936 346.3776 1211.1974 267.4951 438.3537 182.3464 109.5187 338.7505 164.0436 225.3616 1223.814;
	3.1083 42.0003 78.25 73.5021 15.2057 30.2013 17.613 3.4675 22.7613 25.651 47.4155 70.7346 106.4905 64.2532 177.1206 66.7291 82.7936 87.7365 84.9191 67.7647 5.871 70.4696 63.6732 84.8778 58.4805 46.051 5.1843 1229.1607 789.5982 789.5982 683.2316 106.6902 283.0635 174.4266 201.4425 336.8953 1181.2754 257.2872 378.924 156.6442 108.9674 335.0327 144.1523 192.6578 1193.5804;
	3.5394 47.8254 74.1079 69.3945 14.9317 29.4673 16.1921 0.458 23.23 25.0619 46.3265 69.11 104.0447 63.4162 175.572 66.1457 82.0697 86.9694 85.3228 67.7896 5.3974 68.757 58.3242 80.8056 43.2241 27.6073 0.2373 1242.883 743.3586 743.3586 644.0531 97.2958 284.4093 174.4905 198.8185 317.1663 1189.5121 235.1735 333.8155 115.779 93.945 326.8907 169.3924 109.6363 1201.9028;
	3.16 42.698 65.4299 53.2117 15.0946 25.7445 13.3554 2.4142 17.0944 24.945 46.1105 68.7878 103.5597 62.5825 177.3481 66.8149 82.8999 87.8492 86.3854 68.9618 4.4518 60.0706 65.2418 77.3945 30.5477 22.5036 2.5673 1215.4666 651.2009 651.2009 510.6069 61.3676 287.9513 177.5079 196.2047 277.8457 1056.6448 211.1165 264.3297 81.8241 72.8938 285.5929 145.9215 113.6582 1067.6515;
	3.4494 46.6091 70.0964 67.3428 15.2803 26.117 15.4132 4.6455 15.4418 22.1878 41.0138 61.1845 92.1129 60.9197 165.7022 62.4273 77.4561 82.0804 85.0453 66.1246 5.1377 60.9398 39.1471 84.745 53.9836 20.0669 2.5618 1246.2543 649.3025 649.3025 571.737 58.0168 283.4842 170.205 190.9914 277.0357 1080.3734 214.3163 244.7322 144.5989 71.9784 289.7251 126.0808 143.6256 1091.6273;
	2.7509 37.1709 54.3512 52.2555 14.7749 21.2673 14.2995 1.5556 19.0153 20.0666 37.0927 55.335 83.3066 59.2773 175.0433 65.9466 81.8226 86.7075 85.0332 67.182 4.7665 49.6237 28.1579 79.0939 43.6306 10.0143 0.6532 1236.356 680.6878 680.6878 654.9563 86.2883 283.444 172.9267 185.8425 290.4268 1075.6505 253.5423 223.0818 116.8676 39.3408 235.9251 123.4395 135.1863 1086.8552;
	2.3176 31.3165 44.6176 51.6576 14.4428 14.5666 17.4745 1.8 20.0311 16.5806 30.6491 45.7224 68.8348 57.7714 168.752 63.5763 78.8818 83.5911 84.9698 62.8958 5.8248 33.9888 18.0017 67.71 31.7406 6.7582 0.8775 1112.1498 693.0764 693.0764 669.8362 102.1894 283.2327 161.894 181.1212 295.7126 1110.1281 229.0214 308.5747 85.0196 2.6685 161.5926 118.0012 118.1803 1121.6919;
	1.9906 26.897 32.1649 35.1189 12.4698 13.529 17.7695 0.9716 18.6425 8.3564 15.4467 23.0434 34.6918 58.3573 164.1399 61.8387 76.7259 81.3065 83.8999 66.1304 5.9232 31.5676 3.6878 49.1886 19.1314 3.1764 0.5799 1201.5672 749.8795 749.8795 724.7487 105.1629 279.6665 170.2197 182.958 319.9486 1119.8692 244.5654 362.338 51.2448 30.1368 150.0813 85.8236 75.0099 1131.5345;
	1.3133 17.7453 27.9008 19.7411 9.7687 9.8378 19.0392 1.1822 17.6302 15.0714 27.8593 41.5606 62.5692 61.2198 167.5287 63.1155 78.3099 82.9851 83.7764 63.3871 6.3464 22.9548 29.9835 39.7644 17.7233 6.4613 0.8845 1058.2714 700.7869 700.7869 681.9888 101.5226 279.2545 163.1586 191.9324 299.0024 1030.6439 218.9701 363.7011 47.4732 22.2629 109.1336 56.9319 67.0078 1041.3797;
	0.9775 13.2077 24.3741 16.4366 9.1969 7.3433 17.1683 1.9352 15.7358 11.9293 22.0511 32.8959 49.5245 55.7002 172.4006 64.9509 80.5872 85.3984 83.9432 64.044 5.7228 17.1343 33.6635 35.3769 17.1655 9.9469 2.5991 980.0008 682.0942 682.0942 640.9419 92.7556 279.8108 164.8495 174.6278 291.0268 965.3034 215.2856 368.5738 45.9789 26.4022 81.4613 46.0992 44.399 975.3586;
	0.8889 12.0114 21.7853 27.3159 8.4072 7.9378 13.3216 2.2372 12.9396 17.311 31.9992 47.7365 71.867 55.7848 173.4526 65.3473 81.079 85.9196 84.0164 64.9043 4.4405 18.5216 49.995 34.1818 19.929 11.0152 3.6235 988.1108 619.8749 619.8749 650.2619 86.6948 280.0546 167.0637 174.893 264.48 859.0574 207.5504 389.5211 53.3813 21.3713 88.0569 38.8754 58.5507 868.0059;
	0.8166 11.0338 21.6806 0.0443 6.8748 7.6334 10.1988 1.8935 12.0357 17.3048 31.9877 47.7193 71.8412 58.3068 156.7825 59.0669 73.2867 77.662 77.083 64.6729 3.3996 17.8112 54.3925 47.1423 23.2712 7.0768 3.4945 861.434 575.0068 575.0068 538.387 73.584 256.9432 166.4681 182.7998 245.3363 750.9587 175.6224 317.6241 62.3335 22.1457 84.6795 31.7109 45.2447 758.7812;
	0.861 11.6341 17.3177 27.6765 7.7438 0.2089 5.7095 1.3963 9.0293 14.8805 27.5064 41.0342 61.7767 62.6995 142.6468 53.7414 66.6791 70.6599 73.5573 59.6638 1.9032 0.4874 50.0198 43.7923 21.9757 4.4349 2.336 850.4191 502.548 502.548 493.8051 63.2727 245.1909 153.5747 196.5715 214.4205 610.1753 169.1121 232.1464 58.8636 26.001 2.3173 0.0 25.9322 616.5313;
	0.5101 6.892 2.0307 1.9602 6.7052 0.0 3.8982 0.0346 11.3313 7.4898 13.8448 20.6537 31.094 60.182 129.9128 48.9439 60.7267 64.3522 72.7961 57.2052 1.2994 0.0 33.9228 41.8956 13.5731 3.3344 1.4782 770.5033 444.3306 444.3306 510.5559 67.1457 242.6535 147.2464 188.6787 189.5811 667.3927 171.3345 226.3534 36.3566 33.7261 0.0 0.033 9.9557 674.3447;
	1.0612 14.3394 10.458 4.7988 3.5431 0.0065 3.9877 0.3055 0.2896 9.0132 16.6608 24.8546 37.4185 62.9738 103.2824 38.911 48.2785 51.1608 70.9418 49.4915 1.3292 0.0152 52.4298 40.7182 15.3703 1.6944 1.5064 695.9674 491.6235 491.6235 567.2833 65.5836 236.4726 127.3911 197.4312 209.7593 681.7329 187.2548 330.6684 41.1706 72.5052 0.0722 4.0478 70.0089 688.8343;
	0.4341 5.866 23.9301 41.1225 14.2794 0.0 3.913 2.0389 0.587 18.502 34.2006 51.0206 76.8112 61.1995 103.1309 38.854 48.2077 51.0858 0.2217 58.4174 1.3043 0.0 60.9394 47.7353 21.3377 4.1172 2.167 727.1131 483.421 483.421 572.6366 67.2956 0.739 150.3665 191.8686 206.2596 657.3649 171.462 335.531 57.1547 84.393 0.0 3.5337 63.9872 664.2125;
