function windprofile = ex_wind_profilesh1
%EX_WIND_PROFILE_D  Example wind_load_nyiso profile data for deterministic unit commitment.
% 2022.03.12
% Andres F. Ramirez


%% define constants
[GEN_BUS, PG, QG, QMAX, QMIN, VG, MBASE, GEN_STATUS, PMAX, PMIN, ...
    MU_PMAX, MU_PMIN, MU_QMAX, MU_QMIN, PC1, PC2, QC1MIN, QC1MAX, ...
    QC2MIN, QC2MAX, RAMP_AGC, RAMP_10, RAMP_30, RAMP_Q, APF] = idx_gen;
[CT_LABEL, CT_PROB, CT_TABLE, CT_TBUS, CT_TGEN, CT_TBRCH, CT_TAREABUS, ...
    CT_TAREAGEN, CT_TAREABRCH, CT_ROW, CT_COL, CT_CHGTYPE, CT_REP, ...
    CT_REL, CT_ADD, CT_NEWVAL, CT_TLOAD, CT_TAREALOAD, CT_LOAD_ALL_PQ, ...
    CT_LOAD_FIX_PQ, CT_LOAD_DIS_PQ, CT_LOAD_ALL_P, CT_LOAD_FIX_P, ...
    CT_LOAD_DIS_P, CT_TGENCOST, CT_TAREAGENCOST, CT_MODCOST_F, ...
    CT_MODCOST_X] = idx_ct;

windprofile = struct( ...
    'type', 'mpcData', ...
    'table', CT_TGEN, ...
    'rows', [1:45], ...
    'col', PMAX, ...
    'chgtype', 1, ...
    'values', [] );
windprofile.values(:,1,:) = [
	3.4773 46.9858 88.6422 103.052 14.0288 31.2605 27.8506 10.0535 25.7439 24.0473 44.451 66.3121 99.8325 63.1756 188.9062 71.1693 88.3026 93.5744 84.3988 67.3325 9.2835 72.9413 49.7162 81.6714 82.2843 54.1519 6.7566 1138.6004 723.448 723.448 735.2575 104.5667 281.3294 173.3141 198.0641 308.6711 1072.5624 293.3312 448.4577 220.4043 108.4139 346.7836 169.4659 234.9269 1083.735;
	3.5575 48.0699 87.8182 102.9955 13.9815 30.6964 27.8048 9.2992 25.9804 24.3839 45.0733 67.2406 101.2303 63.4531 199.4614 75.1459 93.2366 98.803 83.0875 70.6412 9.2683 71.6249 59.8206 78.1039 82.796 48.6976 7.0235 1155.5251 756.3793 756.3793 778.0662 105.0546 276.9584 181.8305 198.9341 322.7218 1189.4129 283.2759 448.0897 221.775 94.1759 340.5255 175.4966 215.6639 1201.8026;
	3.557 48.0625 87.6491 93.282 14.1325 32.3307 26.0021 9.262 26.7517 25.2249 46.6279 69.5597 104.7217 63.117 200.4099 75.5033 93.68 99.2728 86.4374 68.5965 8.6674 75.4383 56.4289 81.8691 78.127 47.9768 7.4697 1197.9725 781.7702 781.7702 778.297 105.6926 288.1247 176.5675 197.8804 333.5553 1181.7859 269.8124 453.1635 209.2688 102.0449 358.6553 165.8118 221.72 1194.0961;
	3.4049 46.0075 86.9869 92.9775 13.8911 32.2322 22.5969 10.7813 26.0119 26.2175 48.4627 72.2968 108.8425 55.4358 197.3174 74.3382 92.2344 97.7409 85.8972 68.6104 7.5323 75.2084 57.6427 82.5553 77.6423 47.4647 7.34 1086.7459 759.9579 759.9579 762.5867 100.6958 286.324 176.6033 173.7986 324.2487 1127.3558 263.7906 434.4177 207.9704 97.9709 357.5622 157.2574 217.7692 1139.0991;
	3.4521 46.6456 84.6171 80.9847 14.0892 31.7839 19.0156 8.9553 23.3384 26.405 48.8092 72.8137 109.6206 60.2524 199.1297 75.0209 93.0815 98.6387 88.1479 70.5084 6.3385 74.1623 65.1887 85.5267 70.1998 47.2862 6.7796 1129.32 758.396 758.396 737.4875 94.3733 293.8265 181.4889 188.8993 323.5823 1104.6521 252.6912 388.9052 188.0352 102.3603 352.589 176.6144 211.1405 1116.1589;
	3.3972 45.9034 80.7066 77.436 13.5216 31.4614 16.6426 7.5786 23.5368 27.4669 50.7722 75.7422 114.0294 62.2751 193.5948 72.9357 90.4943 95.897 90.8207 70.4496 5.5475 73.4099 68.0582 82.7553 55.5187 34.8545 5.6091 1165.4739 727.2077 727.2077 681.7494 77.6193 302.7356 181.3375 195.2409 310.2753 1149.3488 220.019 332.7351 148.7108 74.9569 349.0117 173.5623 176.2144 1161.3212;
	3.1556 42.6391 71.5285 60.8903 14.0654 29.2339 14.4597 6.0302 16.9125 26.9312 49.782 74.2649 111.8054 63.6636 190.9482 71.9386 89.2572 94.586 89.6664 68.0674 4.8199 68.2124 68.0109 77.7842 48.2746 24.4063 4.4996 1196.1178 700.1145 700.1145 577.3387 52.0798 298.8881 175.2057 199.5939 298.7155 1154.5222 194.796 264.6674 129.3068 70.9545 324.3011 151.045 126.4287 1166.5485;
	3.5686 48.2193 73.0034 69.4553 14.82 29.9913 15.4911 6.7503 15.4332 22.997 42.5097 63.4161 95.4726 64.6782 200.4267 75.5096 93.6878 99.2811 89.9169 68.4421 5.1637 69.9798 51.8793 83.4536 58.0795 20.6231 4.0797 1256.2988 744.4088 744.4088 652.0237 44.7274 299.7229 176.1703 202.7749 317.6144 1182.3076 204.2049 243.6829 155.5701 84.2525 332.7038 153.0811 144.5301 1194.6233;
	3.0821 41.6455 67.867 66.4635 14.7266 26.1196 14.9682 7.3957 19.7256 21.91 40.5004 60.4186 90.9599 66.6955 199.0079 74.9751 93.0246 98.5783 90.1059 72.3806 4.9894 60.9458 45.4907 84.5194 62.6931 15.8251 3.7005 1254.537 803.164 803.164 767.9278 70.2974 300.3531 186.3079 209.0995 342.6833 1128.3246 235.4115 238.3577 167.9279 62.1768 289.7537 145.889 164.1066 1140.078;
	2.72 36.7525 53.001 61.9855 14.4539 19.4482 18.5647 5.7948 19.1512 17.371 32.11 47.9017 72.1158 63.2254 185.3492 69.8292 86.64 91.8125 85.3754 68.2415 6.1882 45.3792 29.9347 73.4129 39.3864 8.5129 1.6982 1101.5558 797.914 797.914 747.9423 91.3952 284.5848 175.6538 198.2202 340.4433 1154.7407 227.8691 331.5834 105.4992 49.1176 215.7455 127.9274 126.0742 1166.7692;
	2.2502 30.4049 40.7967 45.8218 13.8909 15.6188 18.6312 1.9991 18.6422 14.5812 26.9531 40.2087 60.5339 65.7359 173.9575 65.5375 81.315 86.1696 80.4531 69.0838 6.2104 36.4438 10.3599 55.4583 24.9803 6.0242 13.5464 1177.3131 814.3627 814.3627 737.8281 93.1052 268.1769 177.8219 206.0909 347.4614 1135.9214 218.0537 377.3567 66.9115 41.9201 173.2641 89.8727 92.8852 1147.7539;
	1.5261 20.6209 30.8306 27.9617 9.8072 11.5049 18.7959 1.8431 15.2967 15.0753 27.8665 41.5714 62.5855 67.5167 167.1085 62.9572 78.1135 82.777 70.5059 67.8931 6.2653 26.8447 25.1261 42.8098 22.5745 6.4897 12.0946 1049.9907 739.5221 739.5221 684.9526 96.559 235.0198 174.7571 211.6738 315.5294 1030.5857 200.578 362.381 60.4675 28.933 127.6272 65.8385 79.5884 1041.321;
	1.0959 14.8078 30.3728 28.7326 8.8724 8.6875 18.1739 2.6165 13.2062 12.671 23.4222 34.9413 52.604 63.1233 178.6379 67.3008 83.5028 88.4881 77.5542 67.9865 6.058 20.2709 16.566 50.7662 29.2987 10.656 3.217 1017.6365 762.2311 762.2311 694.7821 89.0995 258.5139 174.9975 197.9 325.2186 1041.4171 211.6025 386.2775 78.4786 29.7326 96.3738 50.5238 54.7871 1052.2652;
	0.7602 10.2719 23.7265 31.6308 7.8453 8.3802 13.0147 2.5655 11.6825 16.7077 30.884 46.0728 69.3624 62.8591 191.1351 72.009 89.3445 94.6785 81.6419 70.0552 4.3382 19.5538 27.4652 42.012 26.1634 8.241 3.9542 984.4481 715.3065 715.3065 705.7449 89.1051 272.1397 180.3223 197.0718 305.1974 891.0869 216.72 364.3463 70.0805 24.6149 92.9646 37.4892 50.812 900.3691;
	0.8634 11.6659 24.4207 20.5195 6.922 9.4263 11.1164 2.5011 11.9284 15.6465 28.9224 43.1465 64.9569 64.1443 175.934 66.2821 82.2389 87.1487 68.1537 67.6188 3.7055 21.9947 33.2943 52.4172 27.6312 6.461 3.6346 861.279 650.4066 650.4066 636.3431 79.0302 227.179 174.051 201.1011 277.5068 787.2084 197.5102 327.3691 74.0121 21.4805 104.569 38.6205 56.686 795.4085;
	0.9523 12.8673 20.7979 32.0426 7.5067 13.057 6.1998 1.91 7.6933 13.3533 24.6834 36.8227 55.4364 64.1044 169.8432 63.9874 79.3918 84.1316 63.7129 67.5004 2.0666 30.4663 19.7217 47.0431 25.1493 4.0672 2.751 833.9832 546.6314 546.6314 568.771 75.0333 212.3765 173.7463 200.9761 233.2294 640.6094 184.2776 232.44 67.3642 28.052 144.8454 45.0761 32.5509 647.2824;
	0.487 6.5806 34.1395 18.5095 5.9239 8.9697 4.2423 2.8849 11.0187 18.1056 33.468 49.9277 75.1658 63.2722 186.5436 70.2792 87.1983 92.4042 78.2917 68.4327 1.4141 20.9293 45.2647 40.6829 16.2898 17.3424 1.7261 799.7604 546.1169 546.1169 625.7906 77.1052 260.9724 176.1459 198.3669 233.0099 744.4167 197.3414 232.6064 43.6334 37.1896 99.5038 28.3945 14.7959 752.171;
	1.1551 15.6074 56.3269 39.0365 2.6848 27.2427 13.5947 6.2041 25.4138 22.3848 41.378 61.7279 92.931 69.1603 159.0641 59.9265 74.3532 78.7922 80.0728 63.3082 4.5316 63.5663 66.8278 37.7585 17.4345 6.0022 2.0518 762.9659 554.2812 554.2812 666.5164 86.1861 266.9092 162.9554 216.827 236.4933 769.2072 203.6079 355.5157 46.6996 76.8389 302.2125 46.2591 121.6735 777.2197;
