function windprofile = ex_wind_profilesh1
%EX_WIND_PROFILE_D  Example wind_load_nyiso profile data for deterministic unit commitment.
% 2022.03.12
% Andres F. Ramirez


%% define constants
[GEN_BUS, PG, QG, QMAX, QMIN, VG, MBASE, GEN_STATUS, PMAX, PMIN, ...
    MU_PMAX, MU_PMIN, MU_QMAX, MU_QMIN, PC1, PC2, QC1MIN, QC1MAX, ...
    QC2MIN, QC2MAX, RAMP_AGC, RAMP_10, RAMP_30, RAMP_Q, APF] = idx_gen;
[CT_LABEL, CT_PROB, CT_TABLE, CT_TBUS, CT_TGEN, CT_TBRCH, CT_TAREABUS, ...
    CT_TAREAGEN, CT_TAREABRCH, CT_ROW, CT_COL, CT_CHGTYPE, CT_REP, ...
    CT_REL, CT_ADD, CT_NEWVAL, CT_TLOAD, CT_TAREALOAD, CT_LOAD_ALL_PQ, ...
    CT_LOAD_FIX_PQ, CT_LOAD_DIS_PQ, CT_LOAD_ALL_P, CT_LOAD_FIX_P, ...
    CT_LOAD_DIS_P, CT_TGENCOST, CT_TAREAGENCOST, CT_MODCOST_F, ...
    CT_MODCOST_X] = idx_ct;

windprofile = struct( ...
    'type', 'mpcData', ...
    'table', CT_TGEN, ...
    'rows', [1:45], ...
    'col', PMAX, ...
    'chgtype', 1, ...
    'values', [] );
windprofile.values(:,1,:) = [
	3.8102 51.4845 91.4302 111.3868 14.7605 31.1328 27.3896 10.928 26.9802 27.9608 51.6851 77.104 116.0797 69.1149 194.9232 73.4362 91.1153 96.555 81.9145 70.6872 9.1299 72.6432 71.4293 83.7587 94.2531 58.5508 8.6476 1078.0649 741.4506 741.4506 663.7412 103.0782 273.0482 181.9491 216.6845 316.3523 1061.9701 289.0248 446.3502 252.4637 119.9592 345.3667 198.1847 225.0576 1073.0323;
	3.6436 49.2327 86.7813 109.9971 14.9771 30.3465 26.1262 10.4438 26.464 25.5853 47.294 70.5533 106.2177 69.0561 197.2445 74.3107 92.2004 97.7049 80.056 69.588 8.7087 70.8085 69.1149 81.5048 93.5154 60.017 7.7026 1105.8945 715.9374 715.9374 638.3567 102.0275 266.8533 179.1197 216.5003 305.4666 1136.9339 267.0828 445.5156 250.4876 114.5649 336.6438 200.2477 226.2262 1148.777;
	3.599 48.6301 86.7392 99.3407 15.0643 31.0819 25.0499 9.7995 27.0461 25.1154 46.4254 69.2575 104.2668 68.0145 195.8023 73.7674 91.5262 96.9904 84.3196 71.1565 8.35 72.5245 66.5515 86.2347 85.7002 56.7998 8.8972 1116.3739 741.1704 741.1704 615.3112 106.794 281.0653 183.157 213.2345 316.2327 1097.2816 254.4909 448.8997 229.554 116.7366 344.8022 181.7717 225.2582 1108.7116;
	3.5919 48.5348 86.262 100.5582 15.1868 31.5235 22.4227 10.6055 26.402 24.9954 46.2036 68.9266 103.7687 66.257 192.3475 72.4658 89.9112 95.2791 83.0269 68.3356 7.4742 73.5548 64.0616 87.0547 80.3319 48.7133 8.0473 1074.579 748.2749 748.2749 662.861 106.3221 276.7563 175.896 207.7246 319.264 1121.1322 256.5946 434.3474 215.1748 112.9207 349.7004 187.4323 228.9741 1132.8107;
	3.674 49.6442 86.647 96.4902 15.4021 32.3738 18.8631 9.935 24.1147 25.504 47.1437 70.3291 105.88 66.6532 195.8507 73.7856 91.5488 97.0144 87.3637 70.9882 6.2877 75.5389 68.5342 89.5457 77.7325 49.3401 8.0715 1128.2491 736.8671 736.8671 646.8846 98.7194 291.2123 182.7239 208.9667 314.3966 1071.1273 245.979 391.6238 208.2121 114.5736 359.1334 199.1501 219.7133 1082.2849;
	3.7105 50.1367 81.8057 84.375 15.3589 31.4604 16.6407 7.1474 24.492 24.3844 45.0742 67.2418 101.2321 64.7465 196.8429 74.1594 92.0126 97.5059 89.617 70.1305 5.5469 73.4077 67.7351 86.3885 59.9485 35.6565 5.845 1110.3812 693.7608 693.7608 602.4251 83.1183 298.7233 180.516 202.9892 296.0046 1050.8032 211.7451 315.9124 160.5762 99.0775 349.001 189.5613 169.0781 1061.7491;
	3.4868 47.1148 69.2211 62.7304 15.332 28.7536 14.7009 5.2062 18.2443 24.8191 45.8777 68.4406 103.0369 66.5875 191.8107 72.2636 89.6603 95.0132 90.7146 71.4927 4.9003 67.0917 68.0164 77.7083 45.368 21.8456 3.8386 1146.261 626.9013 626.9013 501.8527 52.0375 302.3821 184.0225 208.761 267.4779 993.1986 184.0279 257.9506 121.5214 71.6869 318.973 161.8892 108.0249 1003.5444;
	3.5645 48.164 68.7601 66.6755 15.1343 28.5367 15.1896 4.4436 15.7595 21.9535 40.5806 60.5383 91.1401 66.1355 189.645 71.4477 88.648 93.9404 89.0469 68.1323 5.0632 66.5857 56.6081 81.1634 52.0949 16.7001 1.2498 1238.0598 692.7199 692.7199 608.5545 60.0893 296.8229 175.3727 207.3437 295.5605 1039.6281 204.798 244.1466 139.5399 74.4455 316.5674 148.9481 119.5 1050.4575;
	2.9982 40.5124 60.0038 63.3427 15.2788 25.8472 14.6695 3.617 21.0906 22.3691 41.3489 61.6845 92.8656 65.6709 177.5134 66.8771 82.9772 87.931 88.126 62.7897 4.8898 60.3102 53.464 83.9278 55.8753 12.5278 2.0787 1135.2871 737.1952 737.1952 674.1442 70.5413 293.7534 161.6208 205.8871 314.5366 998.017 226.5425 227.4553 149.666 59.4145 286.7317 141.6346 147.7514 1008.413;
	2.7335 36.9355 48.4053 58.8688 15.3624 19.5416 19.8197 2.0895 21.8518 18.4941 34.186 50.9988 76.7784 67.9604 152.5813 57.4841 71.3229 75.5809 87.6291 55.548 6.6066 45.5971 41.9562 75.2732 35.7724 6.2148 0.6935 1063.1834 746.7162 746.7162 697.0449 78.5131 292.0969 142.9807 213.0649 318.5989 1037.4993 222.306 353.6407 95.8189 43.3987 216.7816 131.3456 110.5894 1048.3066;
	2.1537 29.1011 34.7545 41.7457 14.4966 14.517 18.4998 1.0615 19.9191 15.7615 29.135 43.4636 65.4343 68.0148 167.334 63.0421 78.2189 82.8887 90.9253 66.8051 6.1666 33.8731 34.2532 55.4539 23.0395 4.5614 0.5845 1099.563 740.0326 740.0326 633.906 87.0394 303.0842 171.9565 213.2355 315.7473 1007.553 221.4462 391.7327 61.7131 37.6459 161.0422 94.0076 74.6963 1018.0483;
	1.4203 19.191 30.6303 27.6744 10.8683 10.3925 18.68 1.4078 17.0894 16.1848 29.9174 44.6309 67.1916 66.674 162.7063 61.2987 76.0558 80.5964 88.243 66.0779 6.2267 24.2492 41.5611 41.3494 20.0298 7.1349 0.867 981.2986 682.9962 682.9962 627.3627 90.4598 294.1433 170.0847 209.0321 291.4117 956.6568 202.6206 376.5954 53.6513 28.6153 115.2875 69.3586 60.6933 966.622;
	0.9205 12.4378 25.7589 26.5068 9.4912 7.8093 18.6669 2.2103 14.8383 13.1512 24.3098 36.2654 54.5973 65.8287 183.352 69.0768 85.7064 90.8232 89.5176 68.8915 6.2223 18.2216 38.6225 41.3005 21.3873 11.332 2.3599 1014.0758 711.9574 711.9574 636.8061 98.9205 298.3921 177.327 206.382 303.7685 976.8052 214.2336 412.388 57.2873 30.1525 86.6308 50.9325 42.9237 986.9802;
	0.6332 8.5558 21.8367 29.8437 7.8653 7.3514 13.9643 2.2726 13.1272 16.4681 30.441 45.4119 68.3674 67.1542 190.0507 71.6005 88.8377 94.1414 87.3829 68.7232 4.6548 17.1532 50.7383 39.2324 19.7648 10.5477 2.7427 956.7503 659.6596 659.6596 641.2855 92.473 291.2765 176.8936 210.5376 281.4548 831.3652 216.4587 405.6922 52.9415 28.9974 81.5512 35.3132 19.8396 840.0252;
	0.7747 10.4683 23.0654 4.7461 6.8856 7.652 11.3652 2.1027 12.7516 15.9093 29.408 43.871 66.0476 68.968 182.8223 68.8772 85.4588 90.5608 79.8414 69.455 3.7884 17.8546 53.8369 48.8598 25.5292 7.3265 3.0172 912.1997 618.4262 618.4262 597.6342 80.3279 266.138 178.7775 216.224 263.8619 781.5823 206.359 343.3025 68.3818 28.6116 84.8861 33.0293 32.7394 789.7238;
	0.9479 12.8078 19.3668 29.5478 8.0589 13.6951 5.5109 1.6382 9.3395 12.4721 23.0544 34.3927 51.778 66.7118 173.6517 65.4223 81.1721 86.0182 77.9424 67.9834 1.837 31.9553 48.1316 45.8629 26.0639 5.6463 2.191 889.8375 515.2444 515.2444 548.2301 79.8976 259.8079 174.9895 209.1505 219.8376 606.3223 201.5636 227.4706 69.8141 28.1681 151.9246 19.5813 19.2113 612.6382;
	0.4773 6.4494 0.2446 0.0765 6.3754 0.7553 3.139 0.0 11.3372 17.3861 32.1379 47.9434 72.1786 68.4159 175.2537 66.0258 81.9209 86.8117 81.5697 62.8613 1.0463 1.7624 52.7163 36.8165 9.7815 3.3382 0.6394 825.2771 512.7945 512.7945 599.5475 83.8481 271.899 161.805 214.4931 218.7923 731.4685 210.4159 233.6251 26.2003 26.3376 8.3789 0.3078 0.0 739.0879;
	1.0953 14.7993 4.0224 0.0 3.1608 1.8974 1.7008 0.0 2.0129 19.9207 36.8231 54.9328 82.7011 69.6947 147.8806 55.7132 69.1256 73.2525 85.5733 55.9079 0.5669 4.4272 63.8855 36.134 7.2342 1.755 0.6618 753.3518 507.4506 507.4506 620.8661 91.4276 285.2444 143.9071 218.5024 216.5123 722.1235 216.9542 348.9975 19.3774 60.1543 21.048 0.1123 0.0 729.6457;
	0.5199 7.0247 25.2057 38.3122 7.6251 1.1369 8.846 1.7496 5.2616 22.9351 42.3951 63.2452 95.2153 69.7803 134.6753 50.7381 62.9529 66.7113 5.31 64.5547 2.9487 2.6527 70.5538 48.6445 21.7008 8.5613 2.0413 819.5638 492.9923 492.9923 624.9863 84.6472 17.6998 166.164 218.7706 210.3434 696.4744 194.6331 377.0245 58.1271 78.8545 12.6118 0.0022 0.7454 703.7293;
