function solarprofile = ex_solar_profilesh1
%EX_WIND_PROFILE_D  Example wind_load_nyiso profile data for deterministic unit commitment.
% 2022.03.12
% Andres F. Ramirez


%% define constants
[GEN_BUS, PG, QG, QMAX, QMIN, VG, MBASE, GEN_STATUS, PMAX, PMIN, ...
    MU_PMAX, MU_PMIN, MU_QMAX, MU_QMIN, PC1, PC2, QC1MIN, QC1MAX, ...
    QC2MIN, QC2MAX, RAMP_AGC, RAMP_10, RAMP_30, RAMP_Q, APF] = idx_gen;
[CT_LABEL, CT_PROB, CT_TABLE, CT_TBUS, CT_TGEN, CT_TBRCH, CT_TAREABUS, ...
    CT_TAREAGEN, CT_TAREABRCH, CT_ROW, CT_COL, CT_CHGTYPE, CT_REP, ...
    CT_REL, CT_ADD, CT_NEWVAL, CT_TLOAD, CT_TAREALOAD, CT_LOAD_ALL_PQ, ...
    CT_LOAD_FIX_PQ, CT_LOAD_DIS_PQ, CT_LOAD_ALL_P, CT_LOAD_FIX_P, ...
    CT_LOAD_DIS_P, CT_TGENCOST, CT_TAREAGENCOST, CT_MODCOST_F, ...
    CT_MODCOST_X] = idx_ct;

solarprofile = struct( ...
    'type', 'mpcData', ...
    'table', CT_TGEN, ...
    'rows', [1:12], ...
    'col', PMAX, ...
    'chgtype', 1, ...
    'values', [] );
solarprofile.values(:,1,:) = [
	0.0 0.0 0.0 0.0 0.0 0.0 0.0 0.0 0.0 0.0 0.0 0.0;
	0.0 0.0 0.0 0.0 0.0 0.0 0.0 0.0 0.0 0.0 0.0 0.0;
	0.0 0.0 0.0 0.0 0.0 0.0 0.0 0.0 0.0 0.0 0.0 0.0;
	0.0 0.0 0.0 0.0 0.0 0.0 0.0 0.0 0.0 0.0 0.0 0.0;
	0.0 0.0 0.0 0.0 0.0 0.0 0.0 0.0 0.0 0.0 0.0 0.0;
	0.1575 0.1683 0.24 0.0 0.0 0.0 0.0 0.0 0.0 0.0 0.0 0.0;
	8.6125 5.7445 5.6638 2.0447 5.1487 20.2652 2.5331 7.8796 47.5435 30.2262 22.3502 54.7399;
	21.23 15.4121 13.2341 3.9141 9.1678 20.1002 2.5125 15.1377 89.6824 122.8553 74.6432 222.4917;
	24.2291 16.7751 13.9043 6.9127 10.3699 43.5166 5.4396 30.6023 103.8724 216.2713 149.2642 391.6686;
	25.6166 16.474 13.7624 8.6889 8.4184 99.8712 12.4839 42.9581 76.1458 263.4928 187.4248 477.1871;
	25.7588 16.3048 13.6573 8.921 7.1925 196.2422 24.5303 42.9384 51.748 248.5893 190.8884 450.1968;
	25.9473 15.9841 13.4642 7.8098 6.663 250.2158 31.277 40.4433 44.6328 236.9382 194.5602 429.0966;
	25.8059 15.1828 10.8167 8.3925 11.222 372.7956 46.5994 61.8263 196.2752 343.7115 253.9559 622.4637;
	21.8451 14.7117 9.3471 6.8022 10.9893 371.4792 46.4349 63.6449 210.1601 345.8597 243.7581 626.3539;
	12.0966 8.5878 3.169 4.7108 10.3875 347.4073 43.4259 65.2162 206.3236 346.9611 225.6178 628.3486;
	4.0185 3.6815 3.0521 4.8778 12.6014 294.0377 36.7547 64.515 174.6668 281.2334 160.7185 509.3154;
	0.9671 0.9414 0.6782 1.6085 4.3665 67.4884 8.4361 14.2079 38.9676 66.5513 40.8713 120.5248;
	0.0 0.0 0.0 0.0 0.0 0.0 0.0 0.0 0.0 0.0 0.0 0.0;
	0.0 0.0 0.0 0.0 0.0 0.0 0.0 0.0 0.0 0.0 0.0 0.0;
	0.0 0.0 0.0 0.0 0.0 0.0 0.0 0.0 0.0 0.0 0.0 0.0;
	0.0 0.0 0.0 0.0 0.0 0.0 0.0 0.0 0.0 0.0 0.0 0.0;
	0.0 0.0 0.0 0.0 0.0 0.0 0.0 0.0 0.0 0.0 0.0 0.0;
	0.0 0.0 0.0 0.0 0.0 0.0 0.0 0.0 0.0 0.0 0.0 0.0;
	0.0 0.0 0.0 0.0 0.0 0.0 0.0 0.0 0.0 0.0 0.0 0.0;
];
