function solarprofile = ex_solar_profilesh1
%EX_WIND_PROFILE_D  Example wind_load_nyiso profile data for deterministic unit commitment.
% 2022.03.12
% Andres F. Ramirez


%% define constants
[GEN_BUS, PG, QG, QMAX, QMIN, VG, MBASE, GEN_STATUS, PMAX, PMIN, ...
    MU_PMAX, MU_PMIN, MU_QMAX, MU_QMIN, PC1, PC2, QC1MIN, QC1MAX, ...
    QC2MIN, QC2MAX, RAMP_AGC, RAMP_10, RAMP_30, RAMP_Q, APF] = idx_gen;
[CT_LABEL, CT_PROB, CT_TABLE, CT_TBUS, CT_TGEN, CT_TBRCH, CT_TAREABUS, ...
    CT_TAREAGEN, CT_TAREABRCH, CT_ROW, CT_COL, CT_CHGTYPE, CT_REP, ...
    CT_REL, CT_ADD, CT_NEWVAL, CT_TLOAD, CT_TAREALOAD, CT_LOAD_ALL_PQ, ...
    CT_LOAD_FIX_PQ, CT_LOAD_DIS_PQ, CT_LOAD_ALL_P, CT_LOAD_FIX_P, ...
    CT_LOAD_DIS_P, CT_TGENCOST, CT_TAREAGENCOST, CT_MODCOST_F, ...
    CT_MODCOST_X] = idx_ct;

solarprofile = struct( ...
    'type', 'mpcData', ...
    'table', CT_TGEN, ...
    'rows', [1:12], ...
    'col', PMAX, ...
    'chgtype', 1, ...
    'values', [] );
solarprofile.values(:,1,:) = [
	0.0 0.0 0.0 0.0 0.0 0.0 0.0 0.0 0.0 0.0 0.0 0.0;
	0.0 0.0 0.0 0.0 0.0 0.0 0.0 0.0 0.0 0.0 0.0 0.0;
	0.0 0.0 0.0 0.0 0.0 0.0 0.0 0.0 0.0 0.0 0.0 0.0;
	0.0 0.0 0.0 0.0 0.0 0.0 0.0 0.0 0.0 0.0 0.0 0.0;
	0.0 0.0 0.0 0.0 0.0 0.0 0.0 0.0 0.0 0.0 0.0 0.0;
	0.169 0.1961 0.2426 0.0 0.0 0.0 0.0 0.2384 0.0 0.0 0.0 0.0;
	8.3271 7.1065 5.8887 1.625 3.9115 175.5599 21.945 29.5316 193.9754 25.4623 21.3018 46.1123;
	19.7201 16.3708 13.5646 3.806 5.2113 217.2307 27.1538 20.2182 179.545 80.1431 40.455 145.1397;
	24.4442 17.0041 14.0851 5.967 5.379 211.5152 26.4394 20.7964 155.4718 148.0999 108.6434 268.2099;
	26.2007 16.7316 13.8517 4.9275 3.3925 138.9035 17.3629 35.1471 139.6921 151.9772 155.161 275.2317;
	26.2382 16.5876 13.7859 5.0093 3.9907 206.382 25.7977 49.7001 181.1515 191.1688 184.5896 346.2078;
	26.14 16.5331 13.7863 5.2174 4.2534 214.7764 26.847 53.5289 199.8321 246.5621 195.8664 446.5255;
	26.164 16.5546 13.8418 8.4713 8.2436 294.8929 36.8616 61.7037 217.3301 342.5441 236.8653 620.3494;
	23.9295 16.3881 13.7876 7.994 7.6073 269.3006 33.6626 55.7273 188.6377 337.3657 185.7744 610.9713;
	19.5272 13.4153 12.6953 5.3854 7.0766 226.6427 28.3303 45.6804 141.8472 289.2564 66.2282 523.8451;
	8.6017 6.3638 5.767 3.8952 11.4215 210.6046 26.3256 42.2794 100.5079 77.825 34.6299 140.9416;
	0.994 0.9342 0.5974 1.5418 3.8183 59.7927 7.4741 12.6601 35.586 63.5262 39.8014 115.0463;
	0.0 0.0 0.0 0.0 0.0 0.0 0.0 0.0 0.0 0.0 0.0 0.0;
	0.0 0.0 0.0 0.0 0.0 0.0 0.0 0.0 0.0 0.0 0.0 0.0;
	0.0 0.0 0.0 0.0 0.0 0.0 0.0 0.0 0.0 0.0 0.0 0.0;
	0.0 0.0 0.0 0.0 0.0 0.0 0.0 0.0 0.0 0.0 0.0 0.0;
	0.0 0.0 0.0 0.0 0.0 0.0 0.0 0.0 0.0 0.0 0.0 0.0;
	0.0 0.0 0.0 0.0 0.0 0.0 0.0 0.0 0.0 0.0 0.0 0.0;
	0.0 0.0 0.0 0.0 0.0 0.0 0.0 0.0 0.0 0.0 0.0 0.0;
];
