function solarprofile = ex_solar_profilesh1
%EX_WIND_PROFILE_D  Example wind_load_nyiso profile data for deterministic unit commitment.
% 2022.03.12
% Andres F. Ramirez


%% define constants
[GEN_BUS, PG, QG, QMAX, QMIN, VG, MBASE, GEN_STATUS, PMAX, PMIN, ...
    MU_PMAX, MU_PMIN, MU_QMAX, MU_QMIN, PC1, PC2, QC1MIN, QC1MAX, ...
    QC2MIN, QC2MAX, RAMP_AGC, RAMP_10, RAMP_30, RAMP_Q, APF] = idx_gen;
[CT_LABEL, CT_PROB, CT_TABLE, CT_TBUS, CT_TGEN, CT_TBRCH, CT_TAREABUS, ...
    CT_TAREAGEN, CT_TAREABRCH, CT_ROW, CT_COL, CT_CHGTYPE, CT_REP, ...
    CT_REL, CT_ADD, CT_NEWVAL, CT_TLOAD, CT_TAREALOAD, CT_LOAD_ALL_PQ, ...
    CT_LOAD_FIX_PQ, CT_LOAD_DIS_PQ, CT_LOAD_ALL_P, CT_LOAD_FIX_P, ...
    CT_LOAD_DIS_P, CT_TGENCOST, CT_TAREAGENCOST, CT_MODCOST_F, ...
    CT_MODCOST_X] = idx_ct;

solarprofile = struct( ...
    'type', 'mpcData', ...
    'table', CT_TGEN, ...
    'rows', [1:12], ...
    'col', PMAX, ...
    'chgtype', 1, ...
    'values', [] );
solarprofile.values(:,1,:) = [
	0.0 0.0 0.0 0.0 0.0 0.0 0.0 0.0 0.0 0.0 0.0 0.0;
	0.0 0.0 0.0 0.0 0.0 0.0 0.0 0.0 0.0 0.0 0.0 0.0;
	0.0 0.0 0.0 0.0 0.0 0.0 0.0 0.0 0.0 0.0 0.0 0.0;
	0.0 0.0 0.0 0.0 0.0 0.0 0.0 0.0 0.0 0.0 0.0 0.0;
	0.0 0.0 0.0 0.0 0.0 0.0 0.0 0.0 0.0 0.0 0.0 0.0;
	0.1575 0.1621 0.2521 0.0 0.0 0.0 0.0 0.0 0.0 0.0 0.0 0.0;
	6.1169 3.946 3.4686 5.9599 1.9096 334.5522 41.819 51.5464 168.1593 30.0927 22.0711 54.4981;
	16.1171 11.4883 10.9484 4.4789 3.0467 324.2236 40.528 57.9971 138.2832 146.1075 59.7577 264.6016;
	22.7788 16.6083 13.8 5.9771 4.853 314.6771 39.3346 53.8832 101.2953 223.8522 109.7556 405.3978;
	25.6923 16.474 13.7624 5.331 6.0876 203.9543 25.4943 47.9359 47.0483 139.9869 130.4134 253.517;
	22.8062 16.313 12.763 6.1878 5.6673 247.8871 30.9859 48.4166 67.1611 92.1335 117.4999 166.8544;
	21.4799 15.0645 11.7104 5.6791 4.399 249.7427 31.2178 46.8627 108.3043 92.1184 118.7023 166.8269;
	25.8343 16.5546 13.7855 5.2497 8.7767 333.8184 41.7273 58.7791 219.9928 326.7622 228.566 591.7684;
	23.5765 16.6937 13.7881 2.5129 8.7112 323.0794 40.3849 58.7192 214.9836 332.2598 210.0671 601.7245;
	20.7573 16.9755 13.05 2.1424 8.6072 306.7326 38.3416 56.3607 198.6168 218.3707 152.9649 395.4707;
	9.2475 9.6837 4.711 4.4399 12.3027 313.9556 39.2444 50.5747 176.2948 69.9826 87.8839 126.7388;
	0.9272 0.7396 0.5167 1.6122 4.137 69.1675 8.6459 11.7714 41.2902 65.5622 39.546 118.7336;
	0.0 0.0 0.0 0.0 0.0 0.0 0.0 0.0 0.0 0.0 0.0 0.0;
	0.0 0.0 0.0 0.0 0.0 0.0 0.0 0.0 0.0 0.0 0.0 0.0;
	0.0 0.0 0.0 0.0 0.0 0.0 0.0 0.0 0.0 0.0 0.0 0.0;
	0.0 0.0 0.0 0.0 0.0 0.0 0.0 0.0 0.0 0.0 0.0 0.0;
	0.0 0.0 0.0 0.0 0.0 0.0 0.0 0.0 0.0 0.0 0.0 0.0;
	0.0 0.0 0.0 0.0 0.0 0.0 0.0 0.0 0.0 0.0 0.0 0.0;
	0.0 0.0 0.0 0.0 0.0 0.0 0.0 0.0 0.0 0.0 0.0 0.0;
];
