function solarprofile = ex_solar_profilesh1
%EX_WIND_PROFILE_D  Example wind_load_nyiso profile data for deterministic unit commitment.
% 2022.03.12
% Andres F. Ramirez


%% define constants
[GEN_BUS, PG, QG, QMAX, QMIN, VG, MBASE, GEN_STATUS, PMAX, PMIN, ...
    MU_PMAX, MU_PMIN, MU_QMAX, MU_QMIN, PC1, PC2, QC1MIN, QC1MAX, ...
    QC2MIN, QC2MAX, RAMP_AGC, RAMP_10, RAMP_30, RAMP_Q, APF] = idx_gen;
[CT_LABEL, CT_PROB, CT_TABLE, CT_TBUS, CT_TGEN, CT_TBRCH, CT_TAREABUS, ...
    CT_TAREAGEN, CT_TAREABRCH, CT_ROW, CT_COL, CT_CHGTYPE, CT_REP, ...
    CT_REL, CT_ADD, CT_NEWVAL, CT_TLOAD, CT_TAREALOAD, CT_LOAD_ALL_PQ, ...
    CT_LOAD_FIX_PQ, CT_LOAD_DIS_PQ, CT_LOAD_ALL_P, CT_LOAD_FIX_P, ...
    CT_LOAD_DIS_P, CT_TGENCOST, CT_TAREAGENCOST, CT_MODCOST_F, ...
    CT_MODCOST_X] = idx_ct;

solarprofile = struct( ...
    'type', 'mpcData', ...
    'table', CT_TGEN, ...
    'rows', [1:12], ...
    'col', PMAX, ...
    'chgtype', 1, ...
    'values', [] );
solarprofile.values(:,1,:) = [
	0.0 0.0 0.0 0.0 0.0 0.0 0.0 0.0 0.0 0.0 0.0 0.0;
	0.0 0.0 0.0 0.0 0.0 0.0 0.0 0.0 0.0 0.0 0.0 0.0;
	0.0 0.0 0.0 0.0 0.0 0.0 0.0 0.0 0.0 0.0 0.0 0.0;
	0.0 0.0 0.0 0.0 0.0 0.0 0.0 0.0 0.0 0.0 0.0 0.0;
	0.0 0.0 0.0 0.0 0.0 0.0 0.0 0.0 0.0 0.0 0.0 0.0;
	0.1575 0.1621 0.24 0.0 0.0 0.0 0.0 0.0 0.0 0.0 0.0 0.0;
	2.6213 2.2219 0.9897 2.7365 0.769 91.3738 11.4217 10.525 15.77 18.852 21.8769 34.141;
	15.2835 13.5988 8.6545 5.1351 4.4901 107.5849 13.4481 14.0832 3.7587 73.8431 13.8614 133.7303;
	23.1174 16.6575 13.8 7.7157 6.8892 140.6542 17.5818 20.0496 10.309 154.924 21.563 280.5683;
	25.7571 16.6783 13.7624 8.5431 5.9796 222.689 27.8361 23.3796 32.7469 189.9823 22.6612 344.0591;
	25.9535 16.5382 13.7859 9.003 4.0017 229.5317 28.6915 23.0985 61.6618 250.0901 64.5823 452.9147;
	25.964 16.5331 13.7873 8.9337 3.7794 204.3761 25.547 25.256 76.5455 262.6891 102.585 475.7316;
	26.188 16.5546 13.8578 10.0223 11.5527 349.7947 43.7243 59.4629 168.6204 329.9591 232.1731 597.558;
	24.5311 16.4227 13.8177 9.052 12.317 366.3187 45.7898 62.1664 180.064 305.2136 205.1572 552.7436;
	21.704 15.8707 13.1976 6.4556 13.0592 354.7741 44.3468 60.7495 184.7983 195.7755 142.9319 354.5506;
	10.6293 8.3986 6.8244 4.0998 13.3278 275.7219 34.4652 51.755 169.8867 202.5778 80.8445 366.8696;
	1.0091 0.8323 0.6877 1.5377 3.8709 58.226 7.2783 10.3399 35.8915 67.374 38.126 122.0148;
	0.0 0.0 0.0 0.0 0.0 0.0 0.0 0.0 0.0 0.0 0.0 0.0;
	0.0 0.0 0.0 0.0 0.0 0.0 0.0 0.0 0.0 0.0 0.0 0.0;
	0.0 0.0 0.0 0.0 0.0 0.0 0.0 0.0 0.0 0.0 0.0 0.0;
	0.0 0.0 0.0 0.0 0.0 0.0 0.0 0.0 0.0 0.0 0.0 0.0;
	0.0 0.0 0.0 0.0 0.0 0.0 0.0 0.0 0.0 0.0 0.0 0.0;
	0.0 0.0 0.0 0.0 0.0 0.0 0.0 0.0 0.0 0.0 0.0 0.0;
	0.0 0.0 0.0 0.0 0.0 0.0 0.0 0.0 0.0 0.0 0.0 0.0;
];
