function solarprofile = ex_solar_profilesh1
%EX_WIND_PROFILE_D  Example wind_load_nyiso profile data for deterministic unit commitment.
% 2022.03.12
% Andres F. Ramirez


%% define constants
[GEN_BUS, PG, QG, QMAX, QMIN, VG, MBASE, GEN_STATUS, PMAX, PMIN, ...
    MU_PMAX, MU_PMIN, MU_QMAX, MU_QMIN, PC1, PC2, QC1MIN, QC1MAX, ...
    QC2MIN, QC2MAX, RAMP_AGC, RAMP_10, RAMP_30, RAMP_Q, APF] = idx_gen;
[CT_LABEL, CT_PROB, CT_TABLE, CT_TBUS, CT_TGEN, CT_TBRCH, CT_TAREABUS, ...
    CT_TAREAGEN, CT_TAREABRCH, CT_ROW, CT_COL, CT_CHGTYPE, CT_REP, ...
    CT_REL, CT_ADD, CT_NEWVAL, CT_TLOAD, CT_TAREALOAD, CT_LOAD_ALL_PQ, ...
    CT_LOAD_FIX_PQ, CT_LOAD_DIS_PQ, CT_LOAD_ALL_P, CT_LOAD_FIX_P, ...
    CT_LOAD_DIS_P, CT_TGENCOST, CT_TAREAGENCOST, CT_MODCOST_F, ...
    CT_MODCOST_X] = idx_ct;

solarprofile = struct( ...
    'type', 'mpcData', ...
    'table', CT_TGEN, ...
    'rows', [1:12], ...
    'col', PMAX, ...
    'chgtype', 1, ...
    'values', [] );
solarprofile.values(:,1,:) = [
	0.0 0.0 0.0 0.0 0.0 0.0 0.0 0.0 0.0 0.0 0.0 0.0;
	0.0 0.0 0.0 0.0 0.0 0.0 0.0 0.0 0.0 0.0 0.0 0.0;
	0.0 0.0 0.0 0.0 0.0 0.0 0.0 0.0 0.0 0.0 0.0 0.0;
	0.0 0.0 0.0 0.0 0.0 0.0 0.0 0.0 0.0 0.0 0.0 0.0;
	0.0 0.0 0.0 0.0 0.0 0.0 0.0 0.0 0.0 0.0 0.0 0.0;
	0.1575 0.1621 0.24 0.0 0.0 0.0 0.0 0.0176 0.0 0.0 0.0 0.0;
	9.4891 5.5803 5.1925 0.8126 0.7425 130.139 16.2674 17.7902 53.1025 7.0526 22.7161 12.7723;
	17.8178 9.9201 8.3757 2.5676 2.3399 295.2522 36.9065 39.1242 82.4762 23.1495 32.1244 41.9239;
	23.2957 16.0008 13.5788 4.6954 3.5724 316.8728 39.6091 47.5813 99.3434 62.0736 66.6441 112.4156;
	25.9294 16.1883 13.7624 2.6082 2.6503 93.7969 11.7246 37.798 67.6299 101.8726 104.038 184.492;
	26.0455 16.268 13.7859 1.371 1.8954 44.7414 5.5927 21.0714 24.7741 161.0006 119.9257 291.5731;
	25.964 15.65 13.6572 1.2081 1.8566 47.5392 5.9424 12.8788 8.4066 164.867 99.2352 298.5752;
	21.9399 10.5636 11.3945 2.0565 8.302 345.9717 43.2465 21.7513 50.2467 304.1368 175.264 550.7936;
	17.1657 9.9608 10.7999 3.6734 8.7052 376.2566 47.0321 33.5567 99.3062 289.9298 165.0839 525.0646;
	11.3698 6.6526 4.932 4.229 8.4992 367.7746 45.9718 42.1779 174.7547 173.9428 108.3154 315.0115;
	5.6059 3.818 2.3907 5.5231 11.8183 323.5662 40.4458 50.5685 207.7578 184.6977 101.844 334.4886;
	0.8962 0.7519 0.5133 1.7386 4.0636 73.5055 9.1882 14.3454 41.9687 67.3745 38.862 122.0155;
	0.0 0.0 0.0 0.0 0.0 0.0 0.0 0.0 0.0 0.0 0.0 0.0;
	0.0 0.0 0.0 0.0 0.0 0.0 0.0 0.0 0.0 0.0 0.0 0.0;
	0.0 0.0 0.0 0.0 0.0 0.0 0.0 0.0 0.0 0.0 0.0 0.0;
	0.0 0.0 0.0 0.0 0.0 0.0 0.0 0.0 0.0 0.0 0.0 0.0;
	0.0 0.0 0.0 0.0 0.0 0.0 0.0 0.0 0.0 0.0 0.0 0.0;
	0.0 0.0 0.0 0.0 0.0 0.0 0.0 0.0 0.0 0.0 0.0 0.0;
	0.0 0.0 0.0 0.0 0.0 0.0 0.0 0.0 0.0 0.0 0.0 0.0;
];
