function windprofile = ex_wind_profilesh1
%EX_WIND_PROFILE_D  Example wind_load_nyiso profile data for deterministic unit commitment.
% 2022.03.12
% Andres F. Ramirez


%% define constants
[GEN_BUS, PG, QG, QMAX, QMIN, VG, MBASE, GEN_STATUS, PMAX, PMIN, ...
    MU_PMAX, MU_PMIN, MU_QMAX, MU_QMIN, PC1, PC2, QC1MIN, QC1MAX, ...
    QC2MIN, QC2MAX, RAMP_AGC, RAMP_10, RAMP_30, RAMP_Q, APF] = idx_gen;
[CT_LABEL, CT_PROB, CT_TABLE, CT_TBUS, CT_TGEN, CT_TBRCH, CT_TAREABUS, ...
    CT_TAREAGEN, CT_TAREABRCH, CT_ROW, CT_COL, CT_CHGTYPE, CT_REP, ...
    CT_REL, CT_ADD, CT_NEWVAL, CT_TLOAD, CT_TAREALOAD, CT_LOAD_ALL_PQ, ...
    CT_LOAD_FIX_PQ, CT_LOAD_DIS_PQ, CT_LOAD_ALL_P, CT_LOAD_FIX_P, ...
    CT_LOAD_DIS_P, CT_TGENCOST, CT_TAREAGENCOST, CT_MODCOST_F, ...
    CT_MODCOST_X] = idx_ct;

windprofile = struct( ...
    'type', 'mpcData', ...
    'table', CT_TGEN, ...
    'rows', [1:45], ...
    'col', PMAX, ...
    'chgtype', 1, ...
    'values', [] );
windprofile.values(:,1,:) = [
	3.6301 49.0501 87.3769 103.2 14.8949 30.4083 27.8315 11.6497 25.9948 28.8278 53.2878 79.4949 119.6791 67.8345 187.2728 70.5539 87.5391 92.7654 85.6241 68.026 9.2772 70.9527 74.3418 83.0559 93.678 53.3627 8.9642 1162.2142 780.8702 780.8702 780.6585 113.0358 285.4136 175.0991 212.6703 333.1713 1126.4859 300.9057 451.002 250.9231 113.1259 337.3293 188.3573 227.1463 1138.2202;
	3.6275 49.0159 85.4488 107.0421 14.8197 30.9594 28.156 10.7565 26.818 26.9275 49.7751 74.2546 111.7899 66.7607 191.2192 72.0407 89.3839 94.7202 87.2458 63.2583 9.3853 72.2385 73.7918 81.7783 93.0313 51.1729 8.0782 1149.1467 779.0354 779.0354 799.184 117.7557 290.8194 162.8269 209.3038 332.3884 1183.7342 296.0903 452.1241 249.1911 111.9827 343.4427 195.5885 226.3972 1196.0648;
	3.6054 48.7167 85.9933 95.7725 14.8198 32.189 26.7508 9.8261 27.1801 27.5764 50.9746 76.0441 114.4839 65.3419 190.7415 71.8608 89.1606 94.4836 88.7159 67.8268 8.9169 75.1077 72.3237 81.7869 79.3341 46.8968 8.0044 1180.6741 780.1364 780.1364 766.0884 116.0025 295.7196 174.5863 204.8556 332.8582 1127.3886 276.3849 463.0901 212.5021 111.5829 357.0833 181.5305 245.7992 1139.1322;
	3.5548 48.0328 84.454 97.7969 14.6618 31.6742 23.1644 10.5227 26.176 27.0812 50.0592 74.6785 112.428 61.4451 187.3752 70.5925 87.587 92.8161 91.2175 67.3151 7.7215 73.9064 72.1486 81.7849 78.154 46.5275 7.6176 1174.947 812.1546 812.1546 765.2604 115.4058 304.0584 173.2693 192.6387 346.5193 1185.0071 265.7428 436.975 209.3411 106.8536 351.3722 186.5996 241.3516 1197.3509;
	3.5999 48.6429 84.6226 83.7812 14.9057 32.0072 18.966 8.9759 23.0352 28.1591 52.0516 77.6507 116.9027 63.0226 188.2989 70.9405 88.0188 93.2737 92.436 69.0263 6.322 74.6835 74.8674 83.3933 66.9509 42.4709 6.9987 1158.8108 812.5169 812.5169 739.1924 105.517 308.1199 177.6738 197.5845 346.6739 1159.3305 260.7709 393.63 179.3327 103.6903 355.0666 194.0522 214.1504 1171.4069;
	3.7698 50.9383 81.9087 82.1163 15.0151 31.3811 17.1641 7.2647 23.1426 28.6184 52.9006 78.9173 118.8096 63.1381 191.808 72.2626 89.6591 95.0119 90.341 68.8815 5.7214 73.2226 74.1198 83.3084 54.6166 29.7279 5.5084 1174.1275 782.1366 782.1366 671.9185 93.5152 301.1366 177.3013 197.9465 333.7116 1176.4576 232.6228 330.6641 146.2946 85.7433 348.1211 193.2496 182.2662 1188.7124;
	3.5131 47.4696 73.1637 64.1064 15.049 27.5744 14.2552 5.4277 16.3544 27.9036 51.5794 76.9462 115.8421 61.4678 193.0991 72.749 90.2626 95.6514 89.3744 67.9755 4.7517 64.3403 72.936 81.4383 47.33 18.9427 4.0825 1174.9363 729.4796 729.4796 576.7558 63.5814 297.9148 174.969 192.7097 311.2446 1123.829 221.813 259.8391 126.7769 72.6413 305.892 161.741 129.731 1135.5355;
	3.6153 48.8501 70.2131 68.0903 15.2503 27.6698 14.3885 5.2415 11.6789 24.1781 44.6929 66.6729 100.3758 64.9284 189.0552 71.2255 88.3723 93.6483 91.6416 65.4477 4.7962 64.5629 62.7392 84.6274 55.5242 14.8207 3.235 1169.13 698.8539 698.8539 619.7564 63.2763 305.4719 168.4625 203.5593 298.1777 1098.095 212.885 221.0326 148.7256 80.7726 306.9505 149.867 136.9068 1109.5335;
	3.0507 41.2218 59.8986 64.7292 14.8135 23.3833 13.321 3.7748 17.3325 22.9088 42.3466 63.1729 95.1064 67.6453 190.0227 71.5899 88.8245 94.1275 91.0585 66.8906 4.4403 54.5611 53.3106 82.6921 56.9722 11.8532 2.3291 1087.4698 760.039 760.039 720.0546 87.3727 303.5284 172.1766 212.077 324.2833 1006.0339 233.1024 223.6034 152.6041 57.1892 259.3992 141.4994 156.3106 1016.5134;
	2.6258 35.4799 48.4602 58.6483 14.5471 18.5666 17.9557 2.2295 13.7723 19.5898 36.2115 54.0205 81.3275 67.9434 184.4336 69.4843 86.212 91.3589 91.4932 69.5428 5.9852 43.3222 44.1593 72.317 36.5066 7.2016 1.1149 1077.1591 802.2824 802.2824 739.0722 107.5216 304.9773 179.0033 213.0117 342.3071 1095.747 233.0428 360.3591 97.7856 48.1229 205.966 127.3953 127.0243 1107.161;
	2.2571 30.4986 34.8568 45.082 13.9635 15.3912 18.4438 0.9033 17.2111 16.9801 31.3874 46.8239 70.4931 66.0495 190.5059 71.772 89.0504 94.3669 91.6484 71.9722 6.1479 35.9127 32.6924 52.3123 22.5826 4.4441 0.579 1062.0952 813.1674 813.1674 734.4238 109.9958 305.4947 185.2566 207.074 346.9514 1116.6314 229.0959 410.6274 60.4891 35.3163 170.7392 97.2353 90.0296 1128.263;
	1.563 21.1192 27.4407 24.661 10.2815 11.3369 19.4094 1.3085 15.9401 18.6495 34.4733 51.4273 77.4236 64.5872 190.4278 71.7426 89.0139 94.3282 90.2083 72.9022 6.4698 26.4528 40.8141 37.9087 19.1946 6.0535 0.8303 941.2238 750.7178 750.7178 662.6032 104.5803 300.6944 187.6505 202.4895 320.3063 1054.8558 204.5129 417.8921 51.414 29.7999 125.7641 68.6545 75.4796 1065.8439;
	1.1027 14.9006 25.8727 21.3759 9.341 7.9869 17.7186 2.1437 14.3015 15.3252 28.3283 42.2603 63.6227 63.5375 186.8638 70.3999 87.348 92.5628 89.9534 70.5322 5.9062 18.636 42.013 34.3576 20.5489 9.4621 2.6386 981.405 741.6687 741.6687 634.4017 102.3143 299.8447 181.55 199.1986 316.4453 1029.6729 215.0734 437.6461 55.0417 29.5359 88.6008 52.0669 51.5445 1040.3986;
	0.8257 11.1575 24.0928 28.8666 7.9735 8.1611 12.9012 2.3736 12.1779 18.4835 34.1664 50.9696 76.7344 64.9049 183.6684 69.196 85.8543 90.9799 87.456 69.6383 4.3004 19.0426 47.9176 34.206 22.9285 7.9583 3.6097 975.7937 703.0207 703.0207 658.7373 98.5051 291.52 179.2491 203.4855 299.9555 912.8461 216.6502 401.9776 61.4156 28.7283 90.534 40.0207 55.6212 922.3549;
	0.8034 10.8556 21.143 0.1491 6.0112 7.8907 10.7624 1.7884 11.8665 16.8217 31.0947 46.3872 69.8356 64.0876 178.8392 67.3766 83.5969 88.5878 80.6162 67.6054 3.5875 18.4117 47.2721 34.3934 18.9326 5.1538 3.2212 775.658 612.2074 612.2074 566.887 85.1107 268.7206 174.0164 200.9232 261.2085 759.4291 194.5937 324.3821 50.7124 24.8714 87.5344 33.7308 36.3398 767.3398;
	0.982 13.2687 17.8174 26.8887 7.3152 7.1555 5.6722 1.4056 10.0941 15.1958 28.0892 41.9035 63.0855 63.9706 160.4434 60.4461 74.9979 79.4754 80.1869 65.8185 1.8907 16.6961 50.8265 37.8527 22.3307 3.7399 2.2385 778.8804 503.1057 503.1057 520.7714 84.5709 267.2896 169.417 200.5564 214.6584 603.4793 182.2675 236.9609 59.8143 29.9474 79.3782 45.459 15.6671 609.7655;
	0.522 7.0539 0.0 0.0 5.2803 0.0003 3.8096 0.0036 10.6199 17.6684 32.6597 48.7219 73.3505 63.5692 163.5361 61.6113 76.4436 81.0074 80.2603 65.9727 1.2699 0.0007 49.4449 27.4619 11.0966 3.5463 1.3997 677.121 501.9172 501.9172 525.6157 80.8997 267.5344 169.814 199.2982 214.1513 678.7448 191.9449 232.5495 29.723 30.0415 0.0032 2.9369 1.6759 685.8151;
	1.1678 15.7794 0.0 0.0 2.9423 3.6353 0.2441 0.0106 0.9864 21.1796 39.1502 58.4044 87.9275 61.5609 147.8612 55.7059 69.1165 73.2429 80.182 56.2154 0.0814 8.4825 68.9423 29.9776 12.9202 4.1625 1.5902 675.5969 535.8892 535.8892 606.3541 90.9941 267.2732 144.6985 193.0016 228.646 689.7708 199.7133 313.6764 34.6076 71.361 40.328 17.7249 75.8868 696.956;
	0.5376 7.264 17.5061 35.158 0.0892 1.4687 0.044 1.5686 1.4653 23.9102 44.1977 65.9343 99.2637 55.2354 123.2435 46.4313 57.6092 61.0485 11.6895 59.5567 0.0147 3.4269 68.7822 34.4379 18.4523 7.8528 1.953 777.9164 491.7638 491.7638 601.649 87.9094 38.965 153.2992 173.1704 209.8192 662.8115 187.2617 333.5703 49.4257 85.0822 16.2923 1.5427 59.5101 669.7158;
