function loadprofile = ex_load_profilesh1
%EX_LOAD_PROFILE  Example load profile data file for stochastic unit commitment.
% 2022.03.12
% Andres F. Ramirez

%% define constants
[CT_LABEL, CT_PROB, CT_TABLE, CT_TBUS, CT_TGEN, CT_TBRCH, CT_TAREABUS, ...
    CT_TAREAGEN, CT_TAREABRCH, CT_ROW, CT_COL, CT_CHGTYPE, CT_REP, ...
    CT_REL, CT_ADD, CT_NEWVAL, CT_TLOAD, CT_TAREALOAD, CT_LOAD_ALL_PQ, ...
    CT_LOAD_FIX_PQ, CT_LOAD_DIS_PQ, CT_LOAD_ALL_P, CT_LOAD_FIX_P, ...
    CT_LOAD_DIS_P, CT_TGENCOST, CT_TAREAGENCOST, CT_MODCOST_F, ...
    CT_MODCOST_X] = idx_ct;

loadprofile = struct( ...
    'type', 'mpcData', ...
    'table', CT_TAREALOAD, ...
    'rows', [1:11], ...
    'col', CT_LOAD_ALL_P, ...
    'chgtype', 1, ...
    'values', [] );
loadprofile.values(:,1,:) = [
	1583.6274 951.5495 1715.9217 532.0138 842.5446 1137.0085 917.4679 267.4 510.7 4472.0477 1801.6027;
	1577.2185 940.8894 1689.7544 531.3996 846.1238 1108.6453 903.8378 270.0 510.2 4424.4781 1762.3939;
	1595.141 975.9 1747.922 541.9 873.161 1146.5955 923.3655 268.3845 517.6669 4431.6115 1807.4781;
	1659.2837 1038.9248 1831.824 573.1 908.0618 1235.332 987.4557 290.2283 564.4036 4750.0153 1972.06;
	1827.7126 1147.5076 2038.1069 616.8 1009.9257 1381.4901 1087.2998 325.143 644.6149 5314.8855 2201.1187;
	1944.8606 1212.0836 2140.6809 631.0582 1054.4 1453.6281 1157.3126 354.1948 698.5568 5819.9214 2286.9166;
	1938.4666 1218.8961 2128.5787 648.3547 1084.5008 1425.7287 1163.4655 366.4997 688.8109 6205.8 2322.6965;
	1918.5585 1203.3108 2108.1077 621.6379 1043.1014 1363.4653 1130.5547 355.3 690.2963 6271.2434 2219.4979;
	1929.4 1178.1418 2061.9368 621.8321 1065.3579 1315.2159 1086.7 359.8 684.9 6458.7812 2218.7693;
	1989.9995 1224.3364 2099.0 631.8278 1059.7 1330.3948 1128.6358 362.5134 662.1321 6461.5894 2252.9905;
	1985.8313 1215.2773 2054.4513 620.9406 1041.1191 1327.4201 1099.7149 342.6 659.3 6366.8475 2088.1043;
	1951.6426 1199.5 2024.2138 636.4694 1005.675 1271.2012 1036.8159 337.1579 655.1503 6292.4893 2105.3919;
	1974.2 1194.7223 1999.2536 623.0436 1001.2562 1217.1594 1022.8655 338.7752 647.1283 6282.9007 2087.9911;
	1917.7003 1191.5077 1993.0259 621.9117 1005.9089 1197.172 1020.1144 330.7617 629.0653 6362.4864 2056.0;
	1894.9 1199.683 2007.333 613.6351 1002.0856 1225.7614 1042.767 343.8194 619.3992 6361.1972 2141.7654;
	1904.0488 1227.6552 2040.056 624.3854 1048.8362 1363.8921 1093.2704 350.4357 618.2784 6414.9775 2277.1945;
	1880.4803 1229.3502 2074.3487 621.4521 1052.8091 1430.1701 1101.8116 352.738 632.9534 6283.5394 2362.4927;
	1965.7579 1281.2 2142.7281 632.7258 1120.8355 1492.3141 1197.8316 383.0136 678.6665 6332.336 2485.576;
	2006.3115 1287.5482 2146.6812 638.4 1096.3084 1479.8724 1212.0 377.9 688.2994 6311.3859 2500.8;
	1907.0456 1200.9258 2039.3068 623.5891 1033.3739 1421.5 1164.6312 361.7795 638.9498 6006.9597 2368.0;
	1827.7712 1115.5 1883.1487 594.6706 921.1844 1304.3 1072.376 347.0793 576.183 5644.5126 2174.698;
	1751.9104 1056.0988 1815.4098 566.7506 886.7 1227.3652 984.514 315.5634 528.3159 5176.275 1983.9764;
	1626.1361 959.5012 1733.9649 539.9002 896.5184 1175.9585 901.1008 287.0 495.0785 4424.5541 1802.0179;
	1562.0555 908.3149 1710.5 530.4974 876.1 1119.6442 884.703 286.5403 500.4437 4581.2175 1803.4;
];
