function windprofile = ex_wind_profilesh1
%EX_WIND_PROFILE_D  Example wind_load_nyiso profile data for deterministic unit commitment.
% 2022.03.12
% Andres F. Ramirez


%% define constants
[GEN_BUS, PG, QG, QMAX, QMIN, VG, MBASE, GEN_STATUS, PMAX, PMIN, ...
    MU_PMAX, MU_PMIN, MU_QMAX, MU_QMIN, PC1, PC2, QC1MIN, QC1MAX, ...
    QC2MIN, QC2MAX, RAMP_AGC, RAMP_10, RAMP_30, RAMP_Q, APF] = idx_gen;
[CT_LABEL, CT_PROB, CT_TABLE, CT_TBUS, CT_TGEN, CT_TBRCH, CT_TAREABUS, ...
    CT_TAREAGEN, CT_TAREABRCH, CT_ROW, CT_COL, CT_CHGTYPE, CT_REP, ...
    CT_REL, CT_ADD, CT_NEWVAL, CT_TLOAD, CT_TAREALOAD, CT_LOAD_ALL_PQ, ...
    CT_LOAD_FIX_PQ, CT_LOAD_DIS_PQ, CT_LOAD_ALL_P, CT_LOAD_FIX_P, ...
    CT_LOAD_DIS_P, CT_TGENCOST, CT_TAREAGENCOST, CT_MODCOST_F, ...
    CT_MODCOST_X] = idx_ct;

windprofile = struct( ...
    'type', 'mpcData', ...
    'table', CT_TGEN, ...
    'rows', [1:45], ...
    'col', PMAX, ...
    'chgtype', 1, ...
    'values', [] );
windprofile.values(:,1,:) = [
	3.3703 45.5397 88.2719 104.1882 13.5123 29.6879 22.3087 11.2504 24.3806 25.4888 47.1156 70.2872 105.817 65.6629 185.4275 69.8587 86.6766 91.8513 83.4227 67.0175 7.4362 69.2718 69.6416 85.6064 95.3188 64.1572 7.2088 1205.1931 761.539 761.539 733.567 118.81 278.0756 172.5032 205.8622 324.9233 1144.292 279.9766 415.1321 255.3182 112.5346 329.3381 172.9767 222.9256 1156.2117;
	3.5848 48.4379 87.2714 105.2157 13.9472 31.9354 27.1037 10.1805 26.2409 23.7521 43.9053 65.4981 98.6071 66.3404 187.255 70.5472 87.5308 92.7565 73.0748 67.0154 9.0346 74.5158 68.5881 84.5474 93.8647 57.5765 6.138 1206.0081 786.4323 786.4323 768.1605 121.7154 243.5826 172.4977 207.986 335.5445 1213.6618 284.3072 443.5268 251.4232 113.3442 354.2695 193.4234 234.4047 1226.3041;
	3.7301 50.4019 90.1816 97.0434 14.099 33.1194 25.8674 10.3383 26.2157 24.754 45.7574 68.261 102.7666 67.2857 189.2454 71.2971 88.4612 93.7425 82.9429 70.3254 8.6225 77.2786 67.9895 87.9837 82.9673 57.74 6.6765 1176.2853 804.23 804.23 780.0887 119.6651 276.4764 181.0178 210.9497 343.1381 1176.8527 265.1428 450.9557 222.234 117.2691 367.4045 182.0483 249.4771 1189.1116;
	3.8122 51.5108 88.8066 102.0048 14.3998 32.6068 22.0816 11.238 26.0504 25.575 47.275 70.5249 106.1749 65.109 191.201 72.0339 89.3753 94.7112 84.1464 72.8916 7.3605 76.0824 70.093 86.1947 81.09 54.7494 6.2058 1129.6693 791.2705 791.2705 720.3925 113.8646 280.488 187.6232 204.1255 337.6087 1137.2721 245.9442 424.9783 217.2054 114.5654 361.7175 189.8185 246.5437 1149.1187;
	3.7681 50.915 84.7646 84.9532 14.3966 31.9074 18.7299 8.7239 23.74 26.8925 49.7104 74.1582 111.6447 67.5132 199.1537 75.03 93.0928 98.6505 86.2152 73.9715 6.2433 74.4506 73.201 85.1579 65.6991 47.0666 3.0654 1171.7045 793.9157 793.9157 721.7138 109.1164 287.384 190.4029 211.663 338.7374 1141.6646 229.5347 380.2978 175.9796 109.3748 353.9593 190.0597 222.1244 1153.5569;
	3.7067 50.0854 80.1298 74.2743 14.1587 31.5205 16.7405 6.4895 23.8351 27.3277 50.5148 75.3581 113.4512 67.5189 189.0748 71.2328 88.3815 93.658 71.5768 71.5626 5.5802 73.5478 70.0674 81.5567 52.1644 33.246 2.2168 1180.5385 747.1078 747.1078 642.5656 93.3099 238.5895 184.2023 211.6809 318.766 1149.2716 199.2284 326.6233 139.726 97.8825 349.6675 190.0569 175.9959 1161.2432;
	3.5103 47.4315 70.7788 62.8283 15.1155 29.1668 14.601 5.4595 17.1989 25.7811 47.6559 71.0933 107.0305 64.9259 186.0073 70.0772 86.9476 92.1385 83.5989 71.859 4.867 68.0558 67.8609 76.8941 46.6585 24.1439 3.323 1209.4623 698.5647 698.5647 531.3492 64.2934 278.6629 184.9653 203.5515 298.0543 1097.297 180.0301 255.1667 124.9783 74.9766 323.5568 162.2312 127.7281 1108.7272;
	3.4652 46.8225 66.5849 65.1657 14.4894 28.462 16.0044 4.8557 15.1185 22.8187 42.1801 62.9244 94.7323 64.4106 189.9034 71.545 88.7688 94.0684 85.5228 71.6997 5.3348 66.4114 53.2376 81.1424 50.1827 13.8719 1.9323 1189.5623 695.559 695.559 591.9304 65.6751 285.0761 184.5552 201.9358 296.7719 1058.42 190.3706 225.5764 134.4179 69.0328 315.7388 145.6469 130.7398 1069.4452;
	3.1629 42.7383 58.1636 64.0643 15.3167 25.8315 16.0091 3.6564 21.0671 21.445 39.6408 59.1363 89.0293 67.6366 182.5284 68.7665 85.3214 90.4152 84.5958 70.1031 5.3364 60.2735 50.9144 82.3987 54.8496 6.4661 1.924 1128.1506 783.1037 783.1037 692.7603 88.1243 281.986 180.4457 212.0499 334.1242 1056.6305 223.1272 239.3954 146.9185 52.8961 286.5573 144.3339 143.8157 1067.6371;
	2.7804 37.569 46.9848 55.1261 15.322 20.826 19.3573 1.1791 19.7263 11.5167 21.2885 31.7582 47.8118 66.4448 180.1905 67.8857 84.2286 89.2571 85.6245 67.6485 6.4524 48.5941 33.4419 66.6011 22.3237 2.6383 0.0 1084.0967 759.6784 759.6784 667.6025 107.5973 285.4148 174.1274 208.3134 324.1295 1100.4648 208.5549 344.3693 59.7955 40.1637 231.03 139.1008 118.331 1111.9279;
	2.3161 31.2962 36.2006 40.976 14.3739 16.1147 18.7268 0.5961 17.7183 9.0477 16.7245 24.9497 37.5617 66.6674 186.7988 70.3754 87.3176 92.5306 87.8476 70.0188 6.2423 37.601 32.0323 50.0032 17.8123 2.3101 0.5519 1097.48 783.3494 783.3494 637.8263 104.9133 292.8252 180.2286 209.0113 334.2291 1068.4006 216.8909 385.0087 47.7114 34.9001 178.7661 97.4955 94.5317 1079.5298;
	1.6905 22.8424 28.6208 25.9827 10.8157 11.6315 19.6806 0.7131 15.1995 14.0857 26.0373 38.8425 58.4771 66.4382 174.5402 65.757 81.5874 86.4583 84.4121 70.7548 6.5602 27.1401 40.141 34.5899 16.6422 4.8985 0.627 1038.5594 746.3207 746.3207 582.0801 106.2227 281.3738 182.1231 208.2926 318.4302 1046.1997 184.1751 382.1645 44.5772 28.0318 129.0319 74.8266 80.051 1057.0977;
	1.141 15.4172 27.7585 25.303 9.7816 9.0939 20.1656 1.2952 15.7341 10.0511 18.5793 27.7167 41.7274 64.0443 183.2283 69.0302 85.6486 90.7619 83.8384 69.8234 6.7219 21.219 34.8102 34.1746 18.8137 8.9216 1.3582 1107.6845 763.6403 763.6403 619.807 99.9443 279.4614 179.7255 200.7874 325.8199 1100.6041 201.4199 419.2925 50.3938 29.5618 100.8811 59.7256 60.8944 1112.0687;
	0.8928 12.0635 23.2876 27.8174 8.3629 8.7312 14.4613 1.0208 12.6336 14.3445 26.5155 39.5559 59.5513 66.4226 187.3989 70.6014 87.5981 92.8278 81.226 70.7246 4.8204 20.3729 49.3667 33.7543 19.5688 5.6663 1.9147 993.7782 714.2771 714.2771 619.4164 93.9549 270.7534 182.0453 208.2438 304.7582 918.4935 199.0593 416.5263 52.4165 27.9756 96.8585 47.7096 62.5562 928.0611;
	0.9176 12.3991 23.5577 10.8846 6.8854 9.0546 11.5062 1.3736 10.5219 16.1241 29.8051 44.4634 66.9394 64.4781 167.1967 62.9904 78.1548 82.8207 55.7445 70.6023 3.8354 21.1275 53.9052 47.0509 24.6718 3.4634 2.6192 912.1181 639.2036 639.2036 589.4217 80.0327 185.8151 181.7304 202.1475 272.7269 839.8769 190.1916 326.9695 66.0853 29.3982 100.4461 47.5819 54.6714 848.6256;
	0.9165 12.3836 18.7558 27.6837 7.5376 0.4917 5.2176 1.0844 0.0 13.0524 24.1272 35.993 54.1873 61.3504 162.7889 61.3298 76.0944 80.6373 59.12 67.8224 1.7392 1.1474 45.3716 42.2392 20.8345 3.1666 1.9298 830.3443 522.8895 522.8895 505.8009 75.1842 197.0668 174.5751 192.3417 223.0995 613.0447 178.5865 210.2443 55.8066 25.7639 5.4549 96.8835 29.8536 619.4306;
	0.5689 7.6866 15.6197 13.069 6.6315 3.6643 3.1353 0.0019 0.6066 14.0315 25.937 38.6928 58.2518 61.6096 163.5357 61.6111 76.4434 81.0072 49.4574 65.0601 1.0451 8.5501 50.7435 39.9187 14.1986 3.4553 1.115 794.6423 507.6718 507.6718 504.2435 76.7305 164.8581 167.4648 193.1544 216.6066 715.7063 171.4012 214.4127 38.0321 31.5923 40.6497 113.3431 40.563 723.1616;
	1.0832 14.6358 12.7864 9.6041 2.6681 3.5459 0.5594 0.0274 0.0 11.797 21.8066 32.5311 48.9755 64.7585 120.0795 45.2393 56.1302 59.4812 52.2362 49.4217 0.1865 8.2738 61.2598 34.5026 12.9562 3.7812 1.3896 718.4259 508.4311 508.4311 534.6434 86.3467 174.1208 127.2115 203.0265 216.9306 660.9508 183.3914 319.6473 34.7041 63.7039 39.336 97.7164 22.8681 667.8357;
	0.585 7.9045 26.6287 41.9497 3.6344 5.3475 0.0961 1.9089 0.0 21.4963 39.7356 59.2776 89.2421 62.6232 120.0949 45.2451 56.1374 59.4889 2.0548 59.901 0.032 12.4774 66.2417 47.7271 21.3434 8.3249 2.0479 698.5569 462.8119 462.8119 545.8713 77.0597 6.8493 154.1854 196.3322 197.4664 633.0835 163.9773 336.9321 57.1697 70.2722 59.3211 51.9427 35.9363 639.6781;
