function windprofile = ex_wind_profilesh1
%EX_WIND_PROFILE_D  Example wind_load_nyiso profile data for deterministic unit commitment.
% 2022.03.12
% Andres F. Ramirez


%% define constants
[GEN_BUS, PG, QG, QMAX, QMIN, VG, MBASE, GEN_STATUS, PMAX, PMIN, ...
    MU_PMAX, MU_PMIN, MU_QMAX, MU_QMIN, PC1, PC2, QC1MIN, QC1MAX, ...
    QC2MIN, QC2MAX, RAMP_AGC, RAMP_10, RAMP_30, RAMP_Q, APF] = idx_gen;
[CT_LABEL, CT_PROB, CT_TABLE, CT_TBUS, CT_TGEN, CT_TBRCH, CT_TAREABUS, ...
    CT_TAREAGEN, CT_TAREABRCH, CT_ROW, CT_COL, CT_CHGTYPE, CT_REP, ...
    CT_REL, CT_ADD, CT_NEWVAL, CT_TLOAD, CT_TAREALOAD, CT_LOAD_ALL_PQ, ...
    CT_LOAD_FIX_PQ, CT_LOAD_DIS_PQ, CT_LOAD_ALL_P, CT_LOAD_FIX_P, ...
    CT_LOAD_DIS_P, CT_TGENCOST, CT_TAREAGENCOST, CT_MODCOST_F, ...
    CT_MODCOST_X] = idx_ct;

windprofile = struct( ...
    'type', 'mpcData', ...
    'table', CT_TGEN, ...
    'rows', [1:45], ...
    'col', PMAX, ...
    'chgtype', 1, ...
    'values', [] );
windprofile.values(:,1,:) = [
	3.6429 49.2241 89.2068 98.0982 14.2748 29.7383 28.0956 10.8413 25.3744 28.2837 52.2821 77.9946 117.4204 63.5201 177.9042 67.0244 83.1599 88.1247 85.1067 62.2619 9.3652 69.3893 70.6894 82.4541 89.8641 62.6877 7.0545 1212.2452 787.4592 787.4592 800.1485 122.8867 283.6891 160.2622 199.1442 335.9826 1162.3354 326.9062 440.3256 240.7074 116.7272 329.8965 187.8166 238.2099 1174.4431;
	3.7863 51.1615 88.607 103.1522 14.6076 30.5209 28.2068 9.8611 26.2774 26.3151 48.6431 72.566 109.2477 63.9135 186.9058 70.4157 87.3676 92.5836 86.6387 60.9111 9.4023 71.2155 70.1784 83.0471 95.6316 59.4375 6.2313 1160.3787 792.0343 792.0343 811.2863 119.4247 288.7956 156.7853 200.3774 337.9346 1180.0102 312.224 455.3229 256.1561 119.5427 338.5788 195.7321 239.5414 1192.3019;
	3.6611 49.4698 88.1006 91.3716 14.366 30.2802 24.645 7.7185 25.4811 26.4997 48.9843 73.0749 110.0139 63.425 189.3045 71.3194 88.4888 93.7718 84.6109 67.5645 8.215 70.6539 67.473 84.4706 82.9691 55.4013 4.8127 1122.3076 809.1909 809.1909 811.6509 120.7623 282.0365 173.9111 198.8459 345.2548 1154.7892 303.9443 443.5057 222.2386 116.2864 335.9089 172.4926 249.4732 1166.8183;
	3.6659 49.5345 88.4208 97.0626 14.6147 31.5963 22.8854 9.5041 25.6511 26.7063 49.3661 73.6446 110.8715 63.7195 190.6757 71.836 89.1298 94.451 86.2639 70.4809 7.6285 73.7247 63.428 83.0189 77.5461 52.5516 5.7885 1148.8876 835.1043 835.1043 812.3094 119.1838 287.5464 181.4179 199.7693 356.3112 1196.5061 300.5967 426.8124 207.7128 112.5023 350.5082 175.932 237.2122 1208.9697;
	3.736 50.4817 81.5015 79.6515 14.4497 30.8383 19.5919 2.8873 21.0696 26.6177 49.2023 73.4002 110.5036 64.736 195.765 73.7533 91.5087 96.9719 88.3744 70.9391 6.5306 71.9559 63.2645 82.593 63.6967 47.1757 2.4287 1176.035 808.9104 808.9104 779.5613 115.8405 294.5813 182.5975 202.956 345.1351 1147.9603 286.8692 372.6915 170.6161 110.3148 342.0991 194.2995 212.0393 1159.9182;
	3.6258 48.9925 62.3371 61.4432 14.0631 29.0044 16.5761 0.0 21.1719 27.7938 51.3764 76.6435 115.3864 63.4984 187.7223 70.7233 87.7493 92.988 84.853 68.1414 5.5254 67.677 57.8204 71.9189 29.9446 28.1727 0.0 1165.212 761.8729 761.8729 693.4379 102.0563 282.8435 175.396 199.0761 325.0658 1111.4502 238.7009 325.6038 80.2087 95.0986 321.7557 181.6258 163.8632 1123.0279;
	3.2287 43.6262 58.1792 53.8827 13.9822 26.639 14.815 0.2028 16.923 27.1831 50.2476 74.9595 112.8511 67.649 181.2454 68.2831 84.7217 89.7797 84.8553 68.9128 4.9383 62.1577 63.5481 57.1899 2.1991 12.249 0.0 1226.3886 713.8465 713.8465 567.7938 67.2462 282.8512 177.3818 212.0888 304.5745 1108.6155 210.234 258.9348 5.8904 81.065 295.5156 150.1464 110.0628 1120.1636;
	3.5381 47.8071 63.31 64.3657 14.0137 28.0681 15.6676 2.4685 15.8364 22.658 41.8829 62.4811 94.0649 66.9483 183.9074 69.286 85.966 91.0983 88.9855 72.2053 5.2225 65.4922 41.7668 69.7879 41.2415 15.1281 0.0 1235.013 711.7139 711.7139 652.2527 70.3777 296.6185 185.8567 209.8919 303.6646 1093.4721 221.0574 241.8948 110.4684 83.6437 311.3687 153.084 132.5713 1104.8625;
	2.9574 39.9612 55.5857 59.1101 14.1426 23.5617 15.3414 2.7801 20.7429 22.31 41.2397 61.5215 92.6203 67.1071 175.6933 66.1914 82.1264 87.0295 87.8947 71.2807 5.1138 54.9773 46.9723 76.8107 52.9587 10.1414 0.7519 1253.689 772.4059 772.4059 743.3262 97.6673 292.9823 183.4767 210.39 329.5598 1097.9484 249.6066 235.4162 141.8538 57.5161 261.3777 144.431 144.9204 1109.3853;
	2.681 36.2256 45.6839 54.7894 14.01 18.5748 19.4491 1.4698 21.5242 17.7583 32.826 48.9699 73.724 63.7709 175.9242 66.2784 82.2343 87.1438 89.0576 70.3431 6.483 43.3413 39.3416 63.698 31.2387 2.7504 0.255 1134.7931 750.0997 750.0997 706.1275 114.0525 296.8587 181.0634 199.9303 320.0426 1100.0989 240.3707 366.3218 83.675 44.6387 206.0569 127.7541 121.3321 1111.5583;
	2.1466 29.0048 33.7009 39.0065 12.2948 14.1653 18.3059 0.7082 18.8857 14.7089 27.1891 40.5608 61.0641 63.9574 169.6907 63.93 79.3205 84.0561 89.678 73.3073 6.102 33.0523 22.8227 51.3116 20.9398 2.3283 0.579 1092.8707 741.2938 741.2938 672.02 103.2585 298.9266 188.6931 200.515 316.2854 1013.8459 224.8065 400.9128 56.0889 37.3872 157.14 89.9734 90.8566 1024.4067;
	1.5695 21.2078 26.3239 22.3851 9.4313 10.7167 18.1275 1.1394 15.6934 15.993 29.5628 44.1019 66.3952 62.5385 165.0588 62.1849 77.1554 81.7617 88.9374 70.6664 6.0425 25.0056 34.9172 36.1569 18.773 6.2178 0.6279 988.4619 676.1336 676.1336 591.0981 94.6044 296.458 181.8955 196.0667 288.4837 943.1058 196.0288 396.8663 50.2849 27.2028 118.8836 66.8382 73.8476 952.9298;
	1.0911 14.7427 25.1537 22.1079 8.4489 7.8036 17.7784 1.7568 15.1279 14.747 27.2595 40.6659 61.2222 60.0573 171.2515 64.518 80.0501 84.8292 88.0106 70.2113 5.9261 18.2085 37.4332 33.7121 19.8544 9.5739 1.1967 1019.3749 743.2745 743.2745 644.9131 95.7289 293.3686 180.7241 188.2877 317.1305 1039.3498 213.2793 414.1301 53.1815 25.8575 86.5682 50.3096 52.5119 1050.1764;
	0.8278 11.185 19.5163 26.575 7.047 8.643 12.5283 2.1642 12.9974 18.389 33.9918 50.7091 76.3423 60.2021 173.8341 65.491 81.2574 86.1085 83.2754 70.1944 4.1761 20.1671 46.8145 34.8219 21.8524 9.9403 2.4922 936.3784 711.5614 711.5614 624.437 92.566 277.5846 180.6805 188.7418 303.5995 839.8112 207.4492 401.2631 58.5333 21.5068 95.8801 38.9114 58.4406 848.5593;
	0.9159 12.3758 20.8426 0.0 5.5461 8.3884 11.4684 1.7677 14.0226 17.7473 32.8057 48.9396 73.6784 61.3472 176.8279 66.6189 82.6568 87.5915 82.7529 72.2884 3.8228 19.5728 53.8693 45.0041 23.3793 4.9695 1.8857 850.4902 651.0501 651.0501 576.9646 77.7513 275.8431 186.0705 192.3318 277.7814 782.4168 196.387 333.9103 62.6232 23.0327 93.0548 36.9379 51.0185 790.5669;
	0.8986 12.1419 12.6851 20.7082 5.3895 0.3389 6.3299 0.3369 9.1754 15.5171 28.6832 42.7897 64.4196 59.3936 179.3932 67.5853 83.8559 88.8622 84.8358 71.966 2.11 0.7908 51.6034 38.1484 19.3506 0.0 0.6142 866.0074 561.3514 561.3514 558.9295 78.8591 282.7859 185.2406 186.207 239.5099 649.8434 201.2586 215.9215 51.8321 23.8895 3.7598 10.4235 20.9226 656.6126;
	0.5867 7.9275 0.4569 0.0 6.0946 7.1046 3.9756 0.0 8.239 19.0877 35.2833 52.6358 79.2429 59.7558 167.7031 63.1812 78.3915 83.0715 84.6643 66.185 1.3252 16.5774 47.4236 35.635 10.2437 3.3304 0.3444 810.5417 553.505 553.505 627.8724 78.3105 282.2144 170.3605 187.3425 236.1621 780.1792 197.3374 194.6629 27.4385 32.9689 78.8138 36.9569 26.0569 788.3061;
	1.1459 15.4841 6.3376 0.1449 2.9625 4.5558 5.3809 0.479 0.2614 19.6753 36.3694 54.256 81.6822 62.4394 139.1503 52.4241 65.0447 68.9279 84.2136 57.394 1.7936 10.6302 56.622 34.3399 14.5173 3.3666 1.3953 722.4567 532.5476 532.5476 630.7302 76.5945 280.7121 147.7324 195.7558 227.2203 733.2189 192.8342 310.8475 38.8856 76.5207 50.539 23.709 69.1956 740.8566;
	0.5222 7.0562 24.2428 39.1813 0.4982 1.8083 3.7628 2.1136 0.0044 22.5078 41.6052 62.0668 93.4413 56.5583 132.4199 49.8884 61.8986 65.5941 12.1564 66.5344 1.2543 4.2193 66.2466 42.0833 21.552 6.9124 2.0022 752.3563 487.8134 487.8134 597.0171 70.413 40.5214 171.2597 177.3178 208.1337 665.7363 173.5401 323.8902 57.7285 88.4565 20.0596 4.1929 47.8048 672.6711;
