function windprofile = ex_wind_profilesh1
%EX_WIND_PROFILE_D  Example wind_load_nyiso profile data for deterministic unit commitment.
% 2022.03.12
% Andres F. Ramirez


%% define constants
[GEN_BUS, PG, QG, QMAX, QMIN, VG, MBASE, GEN_STATUS, PMAX, PMIN, ...
    MU_PMAX, MU_PMIN, MU_QMAX, MU_QMIN, PC1, PC2, QC1MIN, QC1MAX, ...
    QC2MIN, QC2MAX, RAMP_AGC, RAMP_10, RAMP_30, RAMP_Q, APF] = idx_gen;
[CT_LABEL, CT_PROB, CT_TABLE, CT_TBUS, CT_TGEN, CT_TBRCH, CT_TAREABUS, ...
    CT_TAREAGEN, CT_TAREABRCH, CT_ROW, CT_COL, CT_CHGTYPE, CT_REP, ...
    CT_REL, CT_ADD, CT_NEWVAL, CT_TLOAD, CT_TAREALOAD, CT_LOAD_ALL_PQ, ...
    CT_LOAD_FIX_PQ, CT_LOAD_DIS_PQ, CT_LOAD_ALL_P, CT_LOAD_FIX_P, ...
    CT_LOAD_DIS_P, CT_TGENCOST, CT_TAREAGENCOST, CT_MODCOST_F, ...
    CT_MODCOST_X] = idx_ct;

windprofile = struct( ...
    'type', 'mpcData', ...
    'table', CT_TGEN, ...
    'rows', [1:45], ...
    'col', PMAX, ...
    'chgtype', 1, ...
    'values', [] );
windprofile.values(:,1,:) = [
	3.5805 48.3804 89.1571 102.6186 15.0526 30.7676 27.7772 13.6313 26.6489 27.1754 50.2333 74.9381 112.8189 68.1795 182.6798 68.8236 85.3922 90.4902 91.0661 69.8673 9.2591 71.7912 70.9539 85.2286 98.6052 68.7698 10.1709 1240.2516 767.1858 767.1858 711.7159 112.4149 303.5537 179.8385 213.7519 327.3326 1144.109 273.439 472.8311 264.1212 113.4254 341.3158 173.1313 237.325 1156.0268;
	3.8174 51.5809 91.3239 111.9427 15.2524 32.1065 29.2059 13.6209 28.1585 24.7535 45.7565 68.2597 102.7645 68.9967 180.4902 67.9986 84.3687 89.4056 86.8807 69.3091 9.7353 74.9151 68.8797 86.7686 103.1243 68.5877 9.2608 1258.1546 811.0607 811.0607 790.9563 117.2801 289.6022 178.4019 216.3139 346.0526 1256.2151 302.7772 475.0797 276.2258 115.3502 356.168 197.1593 248.9928 1269.3006;
	3.6977 49.9645 90.4816 97.4832 15.1502 31.8931 26.9869 11.8811 27.7871 23.3033 43.0759 64.2607 96.7442 67.1673 183.4516 69.1143 85.753 90.8726 86.7396 69.3514 8.9956 74.4173 60.2713 86.4469 89.2219 62.5863 9.192 1217.2205 832.3169 832.3169 814.028 117.6997 289.132 178.5107 210.5785 355.1219 1221.4411 291.8747 472.5338 238.9873 112.475 353.8009 170.3534 254.0929 1234.1645;
	3.6045 48.7049 87.3573 94.1677 14.8079 31.3062 24.0865 12.4786 27.7772 24.2367 44.8012 66.8346 100.6191 64.764 185.7144 69.9668 86.8107 91.9934 87.5551 70.9468 8.0288 73.0478 65.2375 83.3034 83.4414 56.7195 8.5689 1146.719 836.8493 836.8493 790.918 116.2415 291.8505 182.6173 203.0439 357.0557 1212.2371 278.4637 465.8313 223.5037 106.3391 347.2902 175.7318 241.7264 1224.8645;
	3.6022 48.6732 81.2718 76.2671 14.8785 29.7224 19.3265 9.6281 24.1977 25.0716 46.3445 69.1369 104.0853 64.8383 180.3026 67.9279 84.281 89.3127 88.4591 69.7034 6.4422 69.3523 67.8242 82.4077 65.4998 49.2836 7.5309 1162.4468 769.0074 769.0074 704.7489 107.6614 294.8636 179.4168 203.2767 328.1098 1150.2511 259.4427 403.5247 175.4458 103.0014 329.7208 183.529 223.3054 1162.2328;
	3.65 49.3194 80.2162 73.5498 15.0187 29.4882 17.6723 8.0213 26.0964 23.4798 43.4021 64.7474 97.4768 63.9329 167.097 62.9528 78.1081 82.7713 87.1425 68.431 5.8908 68.8059 58.7096 82.0035 54.3121 34.9674 5.999 1175.9529 740.5625 740.5625 669.3245 94.7574 290.4751 176.1416 200.4384 315.9733 1158.1674 229.3139 368.0448 145.4787 95.7194 327.1228 189.2749 187.8905 1170.2317;
	3.4593 46.7424 71.5133 61.2257 15.1699 28.84 15.3474 7.0086 20.0209 23.5674 43.5639 64.9888 97.8402 63.2386 161.5689 60.8701 75.524 80.0329 84.5454 66.9737 5.1158 67.2934 58.8792 78.0701 50.6805 26.0883 5.0998 1222.8033 695.2701 695.2701 566.7261 63.8891 281.8179 172.3905 198.2615 296.6486 1155.921 203.9676 289.5356 135.7513 78.7428 319.932 162.1238 137.8501 1167.9619;
	3.5243 47.6212 66.6045 67.6428 15.2631 28.6942 15.5391 6.3206 16.2019 20.1671 37.2786 55.6123 83.724 66.5453 181.1236 68.2373 84.6648 89.7194 87.6075 67.812 5.1797 66.9532 42.434 83.1452 56.7938 22.2411 3.7593 1240.478 699.8349 699.8349 597.4373 62.3077 292.0249 174.5483 208.6287 298.5962 1158.7522 200.9727 247.1201 152.1263 79.0342 318.3145 151.2225 146.2791 1170.8225;
	2.8593 38.6353 51.9346 64.0487 15.0939 25.0099 15.5316 4.4956 22.5238 20.0657 37.0912 55.3328 83.3033 67.8956 181.6109 68.4209 84.8926 89.9608 88.0261 69.186 5.1772 58.3563 50.0134 79.731 52.9677 13.3611 2.8692 1190.9487 779.1972 779.1972 693.772 85.6889 293.4203 178.0848 212.8619 332.4575 1144.0239 232.9651 247.5774 141.8777 57.0965 277.4426 142.7205 140.8016 1155.9408;
	2.626 35.4827 38.6264 53.4806 15.0827 19.232 20.3898 2.1227 23.283 9.839 18.1873 27.1319 40.8469 66.266 164.0507 61.8051 76.6842 81.2623 86.7392 67.7502 6.7966 44.8747 39.1511 57.0199 24.3851 3.5705 1.0885 1077.4078 794.3305 794.3305 718.0699 107.1582 289.1308 174.3891 207.7529 338.9143 1171.3354 236.1169 344.7816 65.3172 42.7382 213.3473 133.3385 109.4425 1183.5368;
	2.1542 29.1074 24.5135 39.4398 14.5177 13.4956 18.687 0.9715 19.4829 8.941 16.5273 24.6555 37.1187 64.0163 160.7227 60.5513 75.1285 79.6138 88.0278 68.6143 6.229 31.4896 33.8577 45.1213 17.7651 2.0305 0.6474 1050.8189 778.7948 778.7948 698.6731 103.0297 293.4259 176.6133 200.6998 332.2858 1092.7136 225.5193 371.2102 47.5851 24.5159 149.7107 92.1637 82.7641 1104.096;
	1.5088 20.3877 24.6975 22.9838 10.6226 9.2635 18.8645 1.349 17.2675 7.0354 13.0048 19.4006 29.2075 63.9395 160.5785 60.497 75.0611 79.5424 85.0627 68.2013 6.2882 21.6147 39.9198 34.4094 18.6722 4.9082 1.3066 916.2459 709.4434 709.4434 653.572 102.4485 283.5422 175.5504 200.4589 302.6958 995.7751 198.2836 358.8396 50.0149 17.1459 102.7626 65.2215 73.3527 1006.1478;
	1.0699 14.4563 23.7817 22.4679 9.5301 7.9677 18.2448 2.4159 15.0158 12.0642 22.3006 33.2681 50.0849 62.322 175.396 66.0794 81.9874 86.8822 85.103 69.2284 6.0816 18.5914 41.5364 36.6683 21.631 9.7387 2.6932 931.7726 729.8085 729.8085 660.545 96.0955 283.6766 178.1941 195.388 311.3849 1016.6667 216.4573 383.0124 57.9402 23.2263 88.3888 51.2106 55.4224 1027.257;
	0.8234 11.1264 22.0627 29.6562 8.341 7.5257 12.5879 2.5478 12.6082 16.5923 30.6706 45.7544 68.8831 67.1103 181.9488 68.5482 85.0505 90.1281 85.0881 68.651 4.196 17.56 50.8075 37.3524 25.3262 9.3906 3.5367 723.0853 688.7513 688.7513 646.685 83.5512 283.6271 176.7078 210.3997 293.8672 819.7495 208.627 381.2274 67.838 19.3997 83.4852 38.1662 61.2246 828.2886;
	0.8054 10.883 20.8829 0.4393 6.7932 7.5503 11.1192 2.0658 11.8658 14.2032 26.2544 39.1665 58.9649 65.3386 174.9831 65.9239 81.7944 86.6777 75.6167 69.7981 3.7064 17.6173 51.4806 48.9142 26.1279 5.5765 3.3617 690.9066 636.7522 636.7522 579.8719 70.3573 252.0558 179.6605 204.8452 271.6809 755.2837 193.6423 322.5003 69.9856 23.2482 83.7575 36.1912 58.8829 763.1513;
	0.8883 12.0025 15.7704 26.8451 7.4323 0.424 6.128 1.3619 10.5093 13.1131 24.2394 36.1605 54.4394 64.6915 178.2343 67.1487 83.3142 88.2882 76.0896 72.1102 2.0427 0.9894 45.1332 42.8363 24.3519 2.4562 2.3881 675.1262 549.9035 549.9035 501.7428 72.5291 253.632 185.6117 202.8165 234.6255 603.5967 184.5563 227.2955 65.2283 26.2239 4.7038 3.0059 30.555 609.8842;
	0.4922 6.6513 0.0 0.0 5.8434 0.6984 3.6808 0.2806 11.3781 18.0041 33.2803 49.6477 74.7444 63.7083 175.2914 66.04 81.9385 86.8304 82.7854 66.9515 1.2269 1.6297 48.9146 38.0796 11.9199 3.3366 1.7191 586.9132 534.4347 534.4347 512.2481 72.3269 275.9512 172.3334 199.7343 228.0255 682.821 182.3444 230.0191 31.9283 15.7683 7.748 10.8388 25.743 689.9337;
	1.0252 13.8523 0.0 0.0 2.7686 0.8937 1.0388 0.8265 7.7153 20.9936 38.8063 57.8913 87.155 66.617 142.1049 53.5372 66.4258 70.3915 84.778 62.9478 0.3463 2.0852 69.4957 33.0451 9.4823 4.2541 1.8222 494.4696 521.3661 521.3661 530.5512 87.0812 282.5934 162.0278 208.8532 222.4495 695.3387 198.5642 335.205 25.3991 60.5386 9.9137 21.7456 12.2283 702.5818;
	0.4783 6.463 21.9671 38.9796 5.0007 2.685 1.4326 2.2172 1.6109 22.7015 41.9633 62.601 94.2454 64.2479 130.2865 49.0847 60.9013 64.5372 45.2607 68.0402 0.4775 6.265 71.8377 47.2632 20.2107 9.4802 2.2778 568.721 486.6663 486.6663 557.8963 80.6577 150.869 175.1357 201.4258 207.6443 640.0532 184.4968 318.9553 54.1358 70.6753 29.7858 36.8698 26.2239 646.7204;
