function windprofile = ex_wind_profilesh1
%EX_WIND_PROFILE_D  Example wind_load_nyiso profile data for deterministic unit commitment.
% 2022.03.12
% Andres F. Ramirez


%% define constants
[GEN_BUS, PG, QG, QMAX, QMIN, VG, MBASE, GEN_STATUS, PMAX, PMIN, ...
    MU_PMAX, MU_PMIN, MU_QMAX, MU_QMIN, PC1, PC2, QC1MIN, QC1MAX, ...
    QC2MIN, QC2MAX, RAMP_AGC, RAMP_10, RAMP_30, RAMP_Q, APF] = idx_gen;
[CT_LABEL, CT_PROB, CT_TABLE, CT_TBUS, CT_TGEN, CT_TBRCH, CT_TAREABUS, ...
    CT_TAREAGEN, CT_TAREABRCH, CT_ROW, CT_COL, CT_CHGTYPE, CT_REP, ...
    CT_REL, CT_ADD, CT_NEWVAL, CT_TLOAD, CT_TAREALOAD, CT_LOAD_ALL_PQ, ...
    CT_LOAD_FIX_PQ, CT_LOAD_DIS_PQ, CT_LOAD_ALL_P, CT_LOAD_FIX_P, ...
    CT_LOAD_DIS_P, CT_TGENCOST, CT_TAREAGENCOST, CT_MODCOST_F, ...
    CT_MODCOST_X] = idx_ct;

windprofile = struct( ...
    'type', 'mpcData', ...
    'table', CT_TGEN, ...
    'rows', [1:45], ...
    'col', PMAX, ...
    'chgtype', 1, ...
    'values', [] );
windprofile.values(:,1,:) = [
	3.4421 46.5099 83.9602 98.5552 14.0431 25.3752 24.4737 11.5605 25.8453 26.6388 49.2414 73.4585 110.5914 64.2542 188.2053 70.9053 87.975 93.2273 86.9099 69.0541 8.1579 59.2089 69.185 83.202 85.4251 59.0474 8.6886 1107.8468 753.3772 753.3772 707.6279 111.8295 289.6997 177.7455 201.4457 321.441 1067.4019 277.1663 437.7412 228.8172 110.6325 281.4959 173.7373 207.7825 1078.5207;
	3.5637 48.1538 82.8165 102.305 14.22 27.6744 24.4921 11.5059 26.3292 26.6269 49.2195 73.4257 110.542 66.9369 198.2105 74.6746 92.6519 98.1833 86.8042 69.1409 8.164 64.5737 72.7889 81.089 86.7898 61.9347 8.4049 1104.3722 760.9223 760.9223 703.6113 110.0915 289.3473 177.9689 209.8562 324.6602 1152.571 250.7263 441.4428 232.4727 109.1348 307.0018 184.3837 225.7053 1164.577;
	3.5069 47.3858 84.1527 91.8259 14.0323 30.9123 19.1445 9.8581 25.9176 26.9218 49.7645 74.2389 111.7662 64.5243 189.094 71.24 88.3904 93.6675 84.6264 69.3098 6.3815 72.1287 68.4368 81.7341 75.345 52.4885 8.4814 1158.422 766.9851 766.9851 748.6344 114.4595 282.088 178.4036 202.2923 327.247 1130.0734 255.3517 425.7111 201.8171 108.4209 342.9204 162.9007 229.7964 1141.845;
	3.5149 47.4935 80.8553 92.9883 13.9517 29.0176 19.0341 10.0248 25.8952 25.4683 47.0778 70.2308 105.7321 61.0516 194.3037 73.2028 90.8257 96.2481 84.8738 69.0545 6.3447 67.7078 55.8063 80.9667 65.9924 46.0618 7.5397 1122.6796 787.0055 787.0055 755.7131 116.3815 282.9128 177.7466 191.405 335.789 1172.7448 259.354 375.5144 176.7653 104.0345 321.9023 169.0358 227.8064 1184.9609;
	3.592 48.5358 76.3702 80.5973 14.2022 29.3611 16.0839 8.7333 21.8235 26.8498 49.6314 74.0403 111.4673 61.7943 198.5877 74.8167 92.8282 98.3702 86.6351 69.8363 5.3613 68.5093 66.7787 81.5105 57.5222 49.3 7.0335 1136.1878 750.9992 750.9992 694.1471 107.2285 288.7837 179.7589 193.7335 320.4263 1099.8654 241.9223 332.079 154.0773 101.0618 325.7126 188.8647 216.052 1111.3223;
	3.5742 48.2954 76.3535 77.2424 14.4237 29.4364 15.1457 7.11 24.2709 28.9408 53.4965 79.8063 120.148 64.5217 194.7909 73.3864 91.0534 96.4895 84.3869 68.6813 5.0486 68.6849 68.8136 83.7372 50.282 34.6333 5.5845 1097.8979 716.0025 716.0025 632.6553 94.9902 281.2897 176.7857 202.2841 305.4944 1155.5117 215.3987 307.1832 134.6841 95.1738 326.5476 186.2355 174.5306 1167.5483;
	3.1851 43.0383 63.3685 60.7843 14.1838 27.3965 12.9597 4.8042 16.8598 27.5317 50.892 75.9208 114.2983 64.6312 195.6058 73.6934 91.4343 96.8931 86.5278 69.7315 4.3199 63.9253 68.819 73.779 34.9943 21.32 4.0922 1116.4936 647.5823 647.5823 517.8659 63.4098 288.4259 179.489 202.6276 276.3018 1057.8426 189.8229 220.6519 93.7347 65.1608 303.919 150.3369 116.8265 1068.8617;
	3.5655 48.1778 65.8839 69.4371 14.4658 28.0975 14.3491 4.368 13.9857 24.84 45.9163 68.4981 103.1236 66.5626 194.0266 73.0984 90.6961 96.1108 88.1486 71.7738 4.783 65.5609 52.3356 81.0329 51.8321 17.3257 3.2591 1180.0674 668.5834 668.5834 594.5581 63.2956 293.8288 184.7459 208.6827 285.2622 1094.8965 191.8057 235.11 138.836 80.2853 311.6954 149.8846 132.0598 1106.3017;
	3.1712 42.85 57.8571 64.6123 15.2792 26.22 14.8406 3.1768 19.7543 25.4709 47.0826 70.2379 105.7428 68.6998 189.0538 71.2249 88.3716 93.6476 87.1694 71.0893 4.9469 61.1801 55.5726 82.283 52.7103 12.1715 2.431 1203.9376 776.5171 776.5171 761.3605 92.9652 290.5647 182.984 215.383 331.314 1161.21 242.0208 234.2401 141.1883 60.1604 290.8675 152.5423 150.7465 1173.3059;
	2.7635 37.3414 44.982 61.1415 15.0259 19.9095 19.1539 1.9976 21.3426 21.499 39.7406 59.2852 89.2536 69.0858 176.9029 66.6471 82.6918 87.6286 85.5238 70.284 6.3846 46.4556 47.2398 69.1414 34.5376 5.9522 0.7775 1049.5808 780.2553 780.2553 792.3884 111.938 285.0794 180.9112 216.5934 332.9089 1184.7277 250.7113 373.9491 92.5115 46.6193 220.863 134.4515 127.7596 1197.0686;
	2.0185 27.2746 28.4721 43.3702 13.2528 14.5486 18.6981 0.6297 20.2693 16.6053 30.6946 45.7904 68.9371 65.7223 176.9041 66.6476 82.6924 87.6293 88.6786 72.584 6.2327 33.9467 36.1164 50.4187 18.9077 3.5947 0.579 1120.8743 774.7487 774.7487 752.7595 106.3478 295.5955 186.8315 206.0482 330.5594 1131.2086 243.386 410.8734 50.6457 27.9317 161.3924 92.4852 87.8352 1142.992;
	1.2784 17.2739 19.0905 25.3365 9.2846 10.434 19.8363 0.9743 18.1978 16.8197 31.091 46.3817 69.8274 64.7557 171.0793 64.4531 79.9696 84.7439 84.2933 70.6503 6.6121 24.3461 42.7261 35.3922 16.8265 5.5198 0.6384 1027.6209 726.2352 726.2352 709.5308 104.2793 280.9777 181.8541 203.0179 309.8603 1049.2555 219.1132 420.7521 45.0709 28.2306 115.7481 64.1146 73.3573 1060.1852;
	0.9612 12.9875 15.1217 25.0594 8.3864 7.657 18.6858 1.4782 16.7295 13.9241 25.7385 38.3968 57.8062 63.4567 178.5909 67.2831 83.4809 88.4648 84.0945 70.1995 6.2286 17.8663 40.7345 32.6189 15.754 7.4079 2.2369 969.8172 714.0402 714.0402 655.4272 99.0681 280.3151 180.6936 198.9453 304.6572 986.7683 219.8535 435.8881 42.1982 29.6241 84.9415 50.2144 48.7207 997.0472;
	0.8334 11.261 18.0648 30.2852 7.4428 8.5095 13.9703 2.1945 13.1366 18.0556 33.3756 49.7898 74.9583 60.3177 183.6395 69.1851 85.8408 90.9656 83.1679 69.7187 4.6568 19.8555 51.2092 36.6069 19.4578 9.2623 3.6723 916.5501 675.501 675.501 670.8437 87.734 277.2263 179.4562 189.1042 288.2137 850.3115 211.9433 402.997 52.1192 27.9622 94.3985 41.0062 53.3544 859.1689;
	0.8355 11.2896 21.0411 16.414 6.0205 8.6345 10.839 1.9287 12.7972 18.5868 34.3573 51.2544 77.1632 64.0853 171.6795 64.6792 80.2502 85.0412 73.7357 67.6371 3.613 20.1472 56.6068 46.9063 18.6079 5.7736 3.5039 788.5835 589.3299 589.3299 605.0452 74.4102 245.7857 174.0982 200.9162 251.4474 746.389 191.7879 341.4363 49.8425 27.0348 95.7856 33.5429 55.3134 754.1639;
	0.8812 11.9065 17.0656 32.2616 6.5743 0.0 5.1685 1.463 9.2801 16.019 29.6108 44.1736 66.503 63.2486 166.8072 62.8436 77.9727 82.6277 66.9863 66.0262 1.7228 0.0 53.3559 44.617 22.1423 2.9083 2.4431 796.2725 481.2328 481.2328 488.3578 69.1764 223.2877 169.9517 198.2929 205.326 578.9052 170.8356 236.0195 59.3098 26.2218 0.0 4.8618 27.9862 584.9354;
	0.5713 7.72 2.2717 28.4253 5.1729 0.0452 3.3241 1.6691 11.5503 18.9301 34.9921 52.2013 78.5887 58.9527 163.9679 61.7739 76.6454 81.2213 65.4854 61.7717 1.108 0.1056 53.8412 43.1907 14.7711 5.5158 1.7586 765.3583 460.0316 460.0316 498.7888 56.1644 218.2845 159.0005 184.8247 196.2801 662.4018 163.1393 229.7874 39.5653 30.0047 0.5019 1.5678 34.9764 669.3019;
	1.0383 14.0297 6.8196 18.1835 1.8424 0.0 0.0 2.24 10.0544 20.528 37.9457 56.6075 85.2223 63.1131 140.5088 52.9359 65.6797 69.6009 76.8878 54.5199 0.0 0.0 67.6439 39.5898 16.5609 3.7765 1.6485 677.0816 500.1288 500.1288 569.6303 77.7172 256.2926 140.3345 197.8679 213.3883 671.0263 186.3631 325.7406 44.3596 76.3769 0.0 0.2187 17.1682 678.0161;
	0.2773 3.7469 18.8012 35.9676 0.0 0.0 1.4448 1.4078 24.4843 22.8691 42.2733 63.0634 94.9416 63.6327 131.6972 49.6162 61.5608 65.2361 0.6031 65.9345 0.4816 0.0 71.3691 42.0983 18.4703 6.2406 1.7795 764.7874 487.7348 487.7348 600.0059 81.4148 2.0104 169.7154 199.4973 208.1002 682.0519 181.4585 340.9671 49.4739 83.7264 0.0 0.0 0.1264 689.1566;
