function solarprofile = ex_solar_profilesh1
%EX_WIND_PROFILE_D  Example wind_load_nyiso profile data for deterministic unit commitment.
% 2022.03.12
% Andres F. Ramirez


%% define constants
[GEN_BUS, PG, QG, QMAX, QMIN, VG, MBASE, GEN_STATUS, PMAX, PMIN, ...
    MU_PMAX, MU_PMIN, MU_QMAX, MU_QMIN, PC1, PC2, QC1MIN, QC1MAX, ...
    QC2MIN, QC2MAX, RAMP_AGC, RAMP_10, RAMP_30, RAMP_Q, APF] = idx_gen;
[CT_LABEL, CT_PROB, CT_TABLE, CT_TBUS, CT_TGEN, CT_TBRCH, CT_TAREABUS, ...
    CT_TAREAGEN, CT_TAREABRCH, CT_ROW, CT_COL, CT_CHGTYPE, CT_REP, ...
    CT_REL, CT_ADD, CT_NEWVAL, CT_TLOAD, CT_TAREALOAD, CT_LOAD_ALL_PQ, ...
    CT_LOAD_FIX_PQ, CT_LOAD_DIS_PQ, CT_LOAD_ALL_P, CT_LOAD_FIX_P, ...
    CT_LOAD_DIS_P, CT_TGENCOST, CT_TAREAGENCOST, CT_MODCOST_F, ...
    CT_MODCOST_X] = idx_ct;

solarprofile = struct( ...
    'type', 'mpcData', ...
    'table', CT_TGEN, ...
    'rows', [1:12], ...
    'col', PMAX, ...
    'chgtype', 1, ...
    'values', [] );
solarprofile.values(:,1,:) = [
	0.0 0.0 0.0 0.0 0.0 0.0 0.0 0.0 0.0 0.0 0.0 0.0;
	0.0 0.0 0.0 0.0 0.0 0.0 0.0 0.0 0.0 0.0 0.0 0.0;
	0.0 0.0 0.0 0.0 0.0 0.0 0.0 0.0 0.0 0.0 0.0 0.0;
	0.0 0.0 0.0 0.0 0.0 0.0 0.0 0.0 0.0 0.0 0.0 0.0;
	0.0 0.0 0.0 0.0 0.0 0.0 0.0 0.0 0.0 0.0 0.0 0.0;
	0.1697 0.1731 0.2436 0.0 0.0 0.0 0.0 0.0 0.0 0.0 0.0 0.0;
	17.3778 10.3084 9.8783 1.2037 0.9813 323.0067 40.3758 30.5496 82.1194 40.7516 23.8887 73.8015;
	21.4921 16.1558 13.5357 0.7045 1.2665 335.5207 41.9401 25.9852 68.5701 86.7385 64.4327 157.084;
	24.01 16.7694 13.8908 0.8167 1.7078 328.0258 41.0032 23.977 66.6881 127.7438 108.2741 231.3449;
	26.6378 16.8289 13.8763 1.033 3.1092 274.7965 34.3496 34.1227 139.503 137.2947 162.255 248.6416;
	27.1176 16.9377 14.1542 2.5329 4.2727 345.315 43.1644 46.964 177.9038 168.0807 184.2819 304.3952;
	27.0794 16.834 14.1104 3.5176 5.538 379.2175 47.4022 49.3678 183.8115 176.8743 186.0476 320.3204;
	26.3369 16.5759 13.7855 6.3766 10.1499 409.2791 51.1599 62.7255 215.5397 339.5281 234.818 614.8874;
	23.5649 16.3881 13.4843 6.9683 9.821 382.2907 47.7863 62.2703 204.8802 336.3715 215.6254 609.1709;
	17.9633 13.6662 7.2037 6.3449 9.3877 327.8151 40.9769 59.9991 197.3214 288.7388 172.7293 522.9077;
	8.6729 5.4549 2.5956 9.431 12.224 146.2911 18.2864 56.8945 187.2786 200.2093 132.6607 362.5803;
	0.9347 0.7443 0.5398 2.3863 4.195 58.2456 7.2807 14.3639 39.0819 65.6048 38.1868 118.8106;
	0.0 0.0 0.0 0.0 0.0 0.0 0.0 0.0 0.0 0.0 0.0 0.0;
	0.0 0.0 0.0 0.0 0.0 0.0 0.0 0.0 0.0 0.0 0.0 0.0;
	0.0 0.0 0.0 0.0 0.0 0.0 0.0 0.0 0.0 0.0 0.0 0.0;
	0.0 0.0 0.0 0.0 0.0 0.0 0.0 0.0 0.0 0.0 0.0 0.0;
	0.0 0.0 0.0 0.0 0.0 0.0 0.0 0.0 0.0 0.0 0.0 0.0;
	0.0 0.0 0.0 0.0 0.0 0.0 0.0 0.0 0.0 0.0 0.0 0.0;
	0.0 0.0 0.0 0.0 0.0 0.0 0.0 0.0 0.0 0.0 0.0 0.0;
];
