function solarprofile = ex_solar_profilesh1
%EX_WIND_PROFILE_D  Example wind_load_nyiso profile data for deterministic unit commitment.
% 2022.03.12
% Andres F. Ramirez


%% define constants
[GEN_BUS, PG, QG, QMAX, QMIN, VG, MBASE, GEN_STATUS, PMAX, PMIN, ...
    MU_PMAX, MU_PMIN, MU_QMAX, MU_QMIN, PC1, PC2, QC1MIN, QC1MAX, ...
    QC2MIN, QC2MAX, RAMP_AGC, RAMP_10, RAMP_30, RAMP_Q, APF] = idx_gen;
[CT_LABEL, CT_PROB, CT_TABLE, CT_TBUS, CT_TGEN, CT_TBRCH, CT_TAREABUS, ...
    CT_TAREAGEN, CT_TAREABRCH, CT_ROW, CT_COL, CT_CHGTYPE, CT_REP, ...
    CT_REL, CT_ADD, CT_NEWVAL, CT_TLOAD, CT_TAREALOAD, CT_LOAD_ALL_PQ, ...
    CT_LOAD_FIX_PQ, CT_LOAD_DIS_PQ, CT_LOAD_ALL_P, CT_LOAD_FIX_P, ...
    CT_LOAD_DIS_P, CT_TGENCOST, CT_TAREAGENCOST, CT_MODCOST_F, ...
    CT_MODCOST_X] = idx_ct;

solarprofile = struct( ...
    'type', 'mpcData', ...
    'table', CT_TGEN, ...
    'rows', [1:12], ...
    'col', PMAX, ...
    'chgtype', 1, ...
    'values', [] );
solarprofile.values(:,1,:) = [
	0.0 0.0 0.0 0.0 0.0 0.0 0.0 0.0 0.0 0.0 0.0 0.0;
	0.0 0.0 0.0 0.0 0.0 0.0 0.0 0.0 0.0 0.0 0.0 0.0;
	0.0 0.0 0.0 0.0 0.0 0.0 0.0 0.0 0.0 0.0 0.0 0.0;
	0.0 0.0 0.0 0.0 0.0 0.0 0.0 0.0 0.0 0.0 0.0 0.0;
	0.0 0.0 0.0 0.0 0.0 0.0 0.0 0.0 0.0 0.0 0.0 0.0;
	0.1575 0.1621 0.24 0.0 0.0 0.0 0.0 0.0 0.0 0.0 0.0 0.0;
	9.2344 12.3902 7.8107 1.1788 2.4934 114.1112 14.2639 25.8336 92.8672 107.4266 24.3038 194.5502;
	18.0754 14.9464 12.1967 1.1774 3.2181 289.0879 36.136 22.3436 160.5451 159.4382 66.9092 288.7435;
	23.0468 16.6083 13.8 2.4205 3.4748 342.4476 42.8059 20.0054 173.4818 202.5758 107.9597 366.866;
	25.6813 16.474 13.7624 4.5098 3.0934 351.5131 43.9391 12.7336 114.5826 244.3502 99.4177 442.5197;
	25.7923 16.5326 13.7614 5.4907 4.6825 302.2062 37.7758 9.1625 87.314 263.889 129.9582 477.9045;
	25.9015 16.5331 13.7863 5.6225 6.1791 271.9535 33.9942 8.8545 62.187 266.6003 101.6193 482.8147;
	25.9012 16.5546 13.8474 8.5169 10.7764 392.7801 49.0975 42.5977 120.6387 341.4098 54.1907 618.2951;
	23.3742 16.3881 13.819 8.0019 9.466 415.9125 51.9891 47.6496 108.7427 336.3715 43.0487 609.1709;
	17.5735 13.9732 12.7756 5.4587 7.8009 416.72 52.09 48.3564 76.6214 289.0422 17.3251 523.4572;
	4.2572 6.2428 4.0269 3.6015 9.9982 368.8812 46.1102 39.2857 42.1916 166.0689 15.0301 300.7519;
	0.8962 0.7333 0.5133 1.5084 3.6346 60.4601 7.5575 10.0043 34.9853 61.9235 36.0333 112.1439;
	0.0 0.0 0.0 0.0 0.0 0.0 0.0 0.0 0.0 0.0 0.0 0.0;
	0.0 0.0 0.0 0.0 0.0 0.0 0.0 0.0 0.0 0.0 0.0 0.0;
	0.0 0.0 0.0 0.0 0.0 0.0 0.0 0.0 0.0 0.0 0.0 0.0;
	0.0 0.0 0.0 0.0 0.0 0.0 0.0 0.0 0.0 0.0 0.0 0.0;
	0.0 0.0 0.0 0.0 0.0 0.0 0.0 0.0 0.0 0.0 0.0 0.0;
	0.0 0.0 0.0 0.0 0.0 0.0 0.0 0.0 0.0 0.0 0.0 0.0;
	0.0 0.0 0.0 0.0 0.0 0.0 0.0 0.0 0.0 0.0 0.0 0.0;
];
