function solarprofile = ex_solar_profilesh1
%EX_WIND_PROFILE_D  Example wind_load_nyiso profile data for deterministic unit commitment.
% 2022.03.12
% Andres F. Ramirez


%% define constants
[GEN_BUS, PG, QG, QMAX, QMIN, VG, MBASE, GEN_STATUS, PMAX, PMIN, ...
    MU_PMAX, MU_PMIN, MU_QMAX, MU_QMIN, PC1, PC2, QC1MIN, QC1MAX, ...
    QC2MIN, QC2MAX, RAMP_AGC, RAMP_10, RAMP_30, RAMP_Q, APF] = idx_gen;
[CT_LABEL, CT_PROB, CT_TABLE, CT_TBUS, CT_TGEN, CT_TBRCH, CT_TAREABUS, ...
    CT_TAREAGEN, CT_TAREABRCH, CT_ROW, CT_COL, CT_CHGTYPE, CT_REP, ...
    CT_REL, CT_ADD, CT_NEWVAL, CT_TLOAD, CT_TAREALOAD, CT_LOAD_ALL_PQ, ...
    CT_LOAD_FIX_PQ, CT_LOAD_DIS_PQ, CT_LOAD_ALL_P, CT_LOAD_FIX_P, ...
    CT_LOAD_DIS_P, CT_TGENCOST, CT_TAREAGENCOST, CT_MODCOST_F, ...
    CT_MODCOST_X] = idx_ct;

solarprofile = struct( ...
    'type', 'mpcData', ...
    'table', CT_TGEN, ...
    'rows', [1:12], ...
    'col', PMAX, ...
    'chgtype', 1, ...
    'values', [] );
solarprofile.values(:,1,:) = [
	0.0 0.0 0.0 0.0 0.0 0.0 0.0 0.0 0.0 0.0 0.0 0.0;
	0.0 0.0 0.0 0.0 0.0 0.0 0.0 0.0 0.0 0.0 0.0 0.0;
	0.0 0.0 0.0 0.0 0.0 0.0 0.0 0.0 0.0 0.0 0.0 0.0;
	0.0 0.0 0.0 0.0 0.0 0.0 0.0 0.0 0.0 0.0 0.0 0.0;
	0.0 0.0 0.0 0.0 0.0 0.0 0.0 0.0 0.0 0.0 0.0 0.0;
	0.1025 0.0 0.119 0.0334 0.2497 0.0 0.0 0.0 0.0 0.2673 0.11 0.1162;
	3.3267 121.1431 49.7696 9.0186 15.9299 66.8927 34.5999 2.9853 5.2617 72.1488 2.7893 2.2022;
	6.3217 274.7859 74.9775 14.9008 25.2118 151.7311 86.9827 6.1472 10.4673 119.2061 5.3349 4.4554;
	9.7471 394.2427 94.6652 18.4646 30.37 217.6926 123.0764 8.3051 11.6771 147.7165 7.9697 6.2487;
	19.421 423.0003 231.2778 45.3759 59.7665 233.572 126.1125 9.8491 10.9403 363.007 14.2079 11.6904;
	21.3243 467.452 222.8167 43.3208 58.703 258.1173 150.8673 10.4175 10.5763 346.5665 15.1524 12.5053;
	21.4596 471.7746 221.666 43.0906 58.6376 260.5041 157.6945 10.4714 10.3932 344.7248 15.1334 12.4985;
	22.0581 396.6091 221.7482 43.4779 59.9289 218.9993 133.2396 5.6916 5.7515 347.8233 15.8136 13.0256;
	18.4049 356.3334 222.8385 44.0008 60.6766 196.7599 113.838 5.1753 5.3178 352.0064 14.2575 11.5992;
	13.2439 291.9368 207.8401 39.8608 57.2444 161.2015 99.1025 3.7897 4.7542 318.8862 10.4188 8.4372;
	6.2343 96.5825 68.3788 13.7497 21.5013 53.3308 27.2892 2.7164 3.8753 109.9975 5.2731 4.1299;
	1.0902 29.5884 26.7335 5.4603 8.1012 16.3381 10.369 0.9444 1.7496 43.682 0.9235 0.6821;
	0.0 0.0 0.0 0.0 0.0 0.0 0.0 0.0 0.0 0.0 0.0 0.0;
	0.0 0.0 0.0 0.0 0.0 0.0 0.0 0.0 0.0 0.0 0.0 0.0;
	0.0 0.0 0.0 0.0 0.0 0.0 0.0 0.0 0.0 0.0 0.0 0.0;
	0.0 0.0 0.0 0.0 0.0 0.0 0.0 0.0 0.0 0.0 0.0 0.0;
	0.0 0.0 0.0 0.0 0.0 0.0 0.0 0.0 0.0 0.0 0.0 0.0;
	0.0 0.0 0.0 0.0 0.0 0.0 0.0 0.0 0.0 0.0 0.0 0.0;
	0.0 0.0 0.0 0.0 0.0 0.0 0.0 0.0 0.0 0.0 0.0 0.0;
];
