function windprofile = ex_wind_profilesh1
%EX_WIND_PROFILE_D  Example wind_load_nyiso profile data for deterministic unit commitment.
% 2022.03.12
% Andres F. Ramirez


%% define constants
[GEN_BUS, PG, QG, QMAX, QMIN, VG, MBASE, GEN_STATUS, PMAX, PMIN, ...
    MU_PMAX, MU_PMIN, MU_QMAX, MU_QMIN, PC1, PC2, QC1MIN, QC1MAX, ...
    QC2MIN, QC2MAX, RAMP_AGC, RAMP_10, RAMP_30, RAMP_Q, APF] = idx_gen;
[CT_LABEL, CT_PROB, CT_TABLE, CT_TBUS, CT_TGEN, CT_TBRCH, CT_TAREABUS, ...
    CT_TAREAGEN, CT_TAREABRCH, CT_ROW, CT_COL, CT_CHGTYPE, CT_REP, ...
    CT_REL, CT_ADD, CT_NEWVAL, CT_TLOAD, CT_TAREALOAD, CT_LOAD_ALL_PQ, ...
    CT_LOAD_FIX_PQ, CT_LOAD_DIS_PQ, CT_LOAD_ALL_P, CT_LOAD_FIX_P, ...
    CT_LOAD_DIS_P, CT_TGENCOST, CT_TAREAGENCOST, CT_MODCOST_F, ...
    CT_MODCOST_X] = idx_ct;

windprofile = struct( ...
    'type', 'mpcData', ...
    'table', CT_TGEN, ...
    'rows', [1:45], ...
    'col', PMAX, ...
    'chgtype', 1, ...
    'values', [] );
windprofile.values(:,1,:) = [
	3.8297 51.7479 83.2432 113.5967 14.9777 35.1365 31.0494 6.8075 27.2045 11.1794 20.665 30.8282 46.4116 40.8808 181.1563 68.2496 84.68 89.7355 84.3615 69.7856 10.3498 81.9852 24.8917 32.5851 44.1468 24.8301 4.5381 1248.8456 805.5761 805.5761 658.5561 84.0505 281.205 179.6283 128.1668 343.7125 1243.3389 206.1113 454.5626 118.2504 113.1839 389.7811 209.8086 112.0974 1256.2904;
	3.2567 44.0049 76.442 42.4218 15.0019 28.6357 30.6033 6.8475 9.2518 11.6768 21.5844 32.1996 48.4764 38.3692 183.332 69.0693 85.697 90.8133 86.5006 70.5383 10.2011 66.8167 21.6351 30.9986 36.813 25.5894 4.9847 1264.4304 812.8784 812.8784 703.9391 76.3634 288.3352 181.5656 120.2925 346.8281 1276.6093 199.101 457.9682 98.6061 114.545 317.6657 210.5148 95.0384 1289.9073;
	3.1318 42.317 87.7467 44.8956 14.9326 24.1944 31.0584 6.3625 8.6732 11.5656 21.3788 31.893 48.0148 37.1164 191.1533 72.0159 89.353 94.6875 87.3474 64.9532 10.3528 56.4536 22.2114 34.3105 36.0366 26.0751 5.5547 1266.0023 818.2767 818.2767 723.2395 90.2397 291.1581 167.1898 116.3651 349.1314 1272.6965 204.4586 457.9664 96.5266 31.6358 268.3967 210.9336 128.8953 1285.9537;
	3.4645 46.8134 84.7058 46.2511 14.7377 14.1762 31.3509 6.7752 10.2479 11.1835 20.6725 30.8393 46.4283 25.3108 192.7124 72.6033 90.0818 95.4599 84.9599 65.5491 10.4503 33.0777 22.4914 32.2426 34.0009 27.1851 4.9798 1274.0945 826.1094 826.1094 741.9661 95.3824 283.1998 168.7235 79.3529 352.4733 1279.5477 226.8052 459.5227 91.0738 34.9433 157.2608 211.0929 112.5486 1292.8763;
	3.7505 50.6769 81.8432 40.076 14.8518 22.1624 31.2428 6.7 10.5356 10.1227 18.7117 27.9142 42.0247 29.6573 175.2242 66.0147 81.9071 86.7971 87.3829 65.9366 10.4143 51.7122 6.0916 24.7258 35.8938 59.674 5.0068 1238.0167 822.9931 822.9931 756.6378 98.6535 291.2763 169.721 92.9797 351.1437 1269.9602 232.4148 460.336 96.144 34.8947 245.8547 209.6612 193.2872 1283.189;
	3.7758 51.0199 93.0498 112.5348 14.9255 33.4799 31.1892 6.9006 10.0606 10.927 20.1984 30.1321 45.3636 26.0862 186.8663 70.4008 87.3491 92.564 89.8189 65.7653 10.3964 78.1198 5.9827 29.0935 53.2302 65.5731 5.0061 1187.5963 806.6968 806.6968 746.7415 106.5638 299.3964 169.2801 81.7839 344.1906 1234.8347 234.1725 459.6903 142.581 69.017 371.4036 209.8165 243.9796 1247.6975;
	3.8646 52.2199 92.1772 117.0868 14.9521 34.4534 31.0164 11.0817 9.7349 10.8019 19.9671 29.787 44.8442 36.0036 193.1825 72.7804 90.3016 95.6927 82.746 69.127 10.3388 80.3913 20.52 49.3001 100.4273 74.1711 10.8759 1139.2291 809.9362 809.9362 745.4214 110.6616 275.82 177.933 112.876 345.5728 1260.6112 277.8574 454.9196 269.0016 109.0263 382.2034 211.382 275.5329 1273.7426;
	3.7971 51.307 91.684 116.6604 14.8873 34.2261 30.7126 18.5637 9.7218 10.3308 19.0963 28.4878 42.8883 59.4941 191.0206 71.9659 89.291 94.6218 82.441 57.4796 10.2375 79.8609 20.7642 56.5531 103.942 74.0299 13.6951 1045.6774 797.6036 797.6036 741.8327 111.9995 274.8034 147.9527 186.5222 340.3109 1217.7317 295.2457 457.5536 278.4161 119.2222 379.6816 208.6509 277.107 1230.4165;
	3.7978 51.3166 91.8642 115.3969 14.9155 34.0008 30.1599 18.2176 8.7152 11.1082 20.5334 30.6318 46.1159 62.2515 194.4186 73.2461 90.8794 96.305 49.3061 63.5857 10.0533 79.3352 22.9304 86.9811 103.3797 72.7986 13.5528 786.5451 821.2777 821.2777 741.9738 110.6646 164.3538 163.6697 195.1669 350.4118 1195.8003 299.3462 456.8953 276.9098 119.5748 377.1822 211.5739 271.5118 1208.2566;
	3.7851 51.1451 91.0184 115.9713 14.9167 33.9388 30.3656 18.1133 19.1812 10.4918 19.394 28.9321 43.5571 60.803 186.8488 70.3942 87.3409 92.5553 52.947 56.5499 10.1219 79.1906 20.9763 87.9907 101.6496 71.5086 13.3287 605.9307 824.8289 824.8289 741.9449 109.4592 176.4901 145.5597 190.6258 351.927 1103.3209 272.162 454.4113 272.2756 117.4996 376.4946 209.7747 269.8134 1114.8138;
	3.7767 51.0318 90.8367 115.0413 14.8273 33.7523 30.5523 18.0031 27.0082 16.3091 30.1471 44.9736 67.7075 67.7967 197.1203 74.2639 92.1423 97.6433 38.7595 64.7349 10.1841 78.7553 23.2265 84.9991 100.4046 71.7095 13.3841 443.2939 798.7329 798.7329 730.1185 100.4285 129.1984 166.6278 212.5518 340.7927 939.9077 269.7586 451.3227 268.9409 118.7994 374.4251 205.6222 263.795 949.6984;
	3.2956 44.5301 90.5707 114.7524 14.775 32.0475 29.2209 18.0231 27.1587 18.6183 34.4157 51.3414 77.2942 65.9481 192.8994 72.6737 90.1692 95.5525 51.1489 62.2242 9.7403 74.7775 30.2792 84.9398 99.3455 73.4324 13.0623 319.8521 780.2498 780.2498 692.9509 104.2685 170.4964 160.1654 206.7563 332.9066 774.3495 248.5007 450.9548 266.104 118.7897 355.5137 190.8549 265.207 782.4156;
	2.096 28.3221 91.0105 113.5003 14.5439 20.8014 25.3266 18.4906 27.0043 27.1235 50.1373 74.795 112.6034 65.6965 192.1996 72.4101 89.8421 95.2059 91.1587 63.7465 8.4422 48.5367 56.8569 85.0909 99.882 72.8581 13.7609 308.1456 707.857 707.857 634.0532 103.3715 303.8622 164.0837 205.9674 302.019 672.8336 228.2895 429.3933 267.5411 119.6188 230.7573 172.864 269.9612 679.8423;
	2.2797 30.8043 90.585 113.0519 14.6311 12.4177 25.0064 18.2945 27.026 30.3482 56.0982 83.6875 125.991 65.1294 194.21 73.1675 90.7819 96.2017 89.8702 68.4789 8.3355 28.9746 72.4215 85.1212 100.6594 73.2414 13.6337 302.9596 611.5878 611.5878 588.4602 100.0294 299.5674 176.2649 204.1896 260.9441 492.2134 204.9728 445.2341 269.6234 120.8163 137.7536 139.565 264.6242 497.3406;
	2.1857 29.5338 90.1134 112.9877 12.6883 3.8989 21.4092 18.261 26.8284 29.0136 53.6311 80.0071 120.4503 64.3173 198.8216 74.9049 92.9376 98.4861 89.2398 71.3815 7.1364 9.0975 71.2354 85.5313 100.1872 72.4979 13.7421 448.9757 490.1366 490.1366 424.5419 90.3113 297.466 183.736 201.6434 209.125 432.2326 185.8592 439.6457 268.3587 119.5932 43.2521 115.5192 250.5064 436.735;
	3.3242 44.9173 90.2566 85.2622 14.407 26.0066 15.9712 18.5491 22.56 28.702 53.0552 79.148 119.1569 56.4883 197.0971 74.2552 92.1314 97.6318 89.0861 70.8985 5.3237 60.682 70.7614 86.8256 100.7632 73.7282 13.7518 498.1525 517.3996 517.3996 407.9122 49.2437 296.9536 182.4929 177.0984 220.7572 485.6616 161.854 442.8819 269.9014 119.9657 288.4994 82.9866 264.5507 490.7206;
	3.1795 42.9618 90.8576 63.2967 14.6435 31.7709 13.9424 18.5634 26.8264 27.1763 50.235 74.9407 112.8228 60.2913 193.1056 72.7514 90.2656 95.6546 87.8884 70.18 4.6475 74.1321 70.8085 86.8896 103.5511 74.2938 13.744 575.0598 577.3771 577.3771 434.5232 30.4208 292.9613 180.6434 189.0213 246.3476 588.2514 119.6916 174.256 277.3691 119.6213 352.4453 108.534 264.8602 594.379;
	3.6273 49.0132 90.2258 62.3212 14.6406 32.1124 28.0124 18.6901 26.3989 11.9164 22.0273 32.8604 49.4711 62.1367 181.66 68.4394 84.9155 89.9851 73.8082 70.4584 9.3375 74.929 47.2351 87.4252 103.8146 73.7957 13.6558 679.793 605.8532 605.8532 400.7052 28.5722 246.0274 181.3601 194.807 258.4974 772.1787 81.1091 400.7566 278.0747 121.0407 356.2337 116.7377 258.1747 780.2222;
