function windprofile = ex_wind_profilesh1
%EX_WIND_PROFILE_D  Example wind_load_nyiso profile data for deterministic unit commitment.
% 2022.03.12
% Andres F. Ramirez


%% define constants
[GEN_BUS, PG, QG, QMAX, QMIN, VG, MBASE, GEN_STATUS, PMAX, PMIN, ...
    MU_PMAX, MU_PMIN, MU_QMAX, MU_QMIN, PC1, PC2, QC1MIN, QC1MAX, ...
    QC2MIN, QC2MAX, RAMP_AGC, RAMP_10, RAMP_30, RAMP_Q, APF] = idx_gen;
[CT_LABEL, CT_PROB, CT_TABLE, CT_TBUS, CT_TGEN, CT_TBRCH, CT_TAREABUS, ...
    CT_TAREAGEN, CT_TAREABRCH, CT_ROW, CT_COL, CT_CHGTYPE, CT_REP, ...
    CT_REL, CT_ADD, CT_NEWVAL, CT_TLOAD, CT_TAREALOAD, CT_LOAD_ALL_PQ, ...
    CT_LOAD_FIX_PQ, CT_LOAD_DIS_PQ, CT_LOAD_ALL_P, CT_LOAD_FIX_P, ...
    CT_LOAD_DIS_P, CT_TGENCOST, CT_TAREAGENCOST, CT_MODCOST_F, ...
    CT_MODCOST_X] = idx_ct;

windprofile = struct( ...
    'type', 'mpcData', ...
    'table', CT_TGEN, ...
    'rows', [1:45], ...
    'col', PMAX, ...
    'chgtype', 1, ...
    'values', [] );
windprofile.values(:,1,:) = [
	3.62 48.9141 88.6447 105.8292 14.6381 31.4011 27.8607 11.6096 26.9212 27.8094 51.4052 76.6865 115.4511 65.9671 185.4084 69.8515 86.6677 91.8418 86.5678 68.9997 9.2869 73.2692 69.9147 84.8253 92.7776 61.0861 8.5405 1171.3864 755.8157 755.8157 726.8467 112.4489 288.5592 177.6054 206.8159 322.4814 1114.2926 291.4704 453.5213 248.5115 113.9781 348.3428 188.2711 232.6705 1125.8998;
	3.6686 49.5704 86.4822 105.3979 14.5576 31.3546 27.714 10.9099 26.9989 25.9031 47.8815 71.4298 107.5371 65.8846 189.1606 71.2651 88.4216 93.7005 86.1453 68.5938 9.238 73.1607 69.9043 83.2633 93.3259 59.3783 7.5332 1172.7383 762.917 762.917 743.4349 112.6517 287.1509 176.5606 206.5572 325.5113 1179.2904 276.3164 452.0774 249.9801 113.2195 347.8269 194.6676 234.3881 1191.5747;
	3.6489 49.3049 87.2199 94.1227 14.5955 31.8325 25.3508 9.8522 26.9526 26.4036 48.8067 72.81 109.6151 64.9948 187.1677 70.5144 87.49 92.7133 86.8737 69.0253 8.4503 74.2758 67.087 84.3107 82.7813 57.7548 8.1875 1186.6967 771.9556 771.9556 743.4374 113.21 289.579 177.6712 203.7674 329.3677 1145.3312 267.3218 452.6129 221.7357 113.1862 353.1282 178.3503 243.8462 1157.2617;
	3.6052 48.714 85.5196 96.0962 14.5479 31.6532 22.1078 10.4496 26.4499 26.446 48.885 72.9268 109.7909 63.0169 185.3628 69.8344 86.6463 91.8192 86.694 68.8361 7.3693 73.8576 67.051 83.7789 79.9286 52.6187 7.6195 1151.7311 781.3503 781.3503 735.4933 112.0844 288.98 177.1843 197.5666 333.3761 1156.048 262.7256 429.678 214.0944 108.0623 351.1399 183.3853 237.1944 1168.0902;
	3.5638 48.1551 82.3506 81.2069 14.5564 31.0331 18.6723 8.6446 22.5254 26.3311 48.6726 72.6099 109.3138 63.4031 184.4446 69.4884 86.2171 91.3644 86.8703 68.8911 6.2241 72.4105 67.8467 84.5829 68.4375 48.4346 7.0331 1164.9094 762.219 762.219 694.4425 105.9912 289.5676 177.3259 198.7772 325.2134 1111.6281 248.411 378.3435 183.3146 107.7262 344.2604 190.564 215.1179 1123.2075;
	3.6236 48.963 79.7522 75.2812 14.5488 30.3344 16.9624 6.4581 24.0288 27.5662 50.9556 76.0158 114.4413 62.1768 181.3097 68.3074 84.7517 89.8115 86.6109 68.3764 5.6541 70.7804 68.3137 82.1886 53.4499 32.9807 5.2557 1161.1691 719.9372 719.9372 643.9503 94.5533 288.7029 176.001 194.9326 307.1732 1114.5843 222.751 338.0891 143.1692 95.5456 336.51 185.9484 177.1989 1126.1946;
	3.3153 44.7968 69.8703 61.2606 14.558 28.3082 14.4959 5.2663 17.6397 26.9584 49.8323 74.34 111.9184 64.1386 183.2267 69.0296 85.6478 90.7611 87.1147 69.0778 4.832 66.0524 68.6047 76.9114 45.3852 22.3579 4.1619 1176.8014 680.0641 680.0641 544.7316 63.6733 290.3822 177.8066 201.0831 290.1607 1074.5983 200.3921 265.96 121.5676 78.9881 314.0321 158.2413 126.8055 1085.7921;
	3.4988 47.2765 68.259 66.5296 14.6363 28.174 15.2326 5.0788 15.3806 22.7084 41.9761 62.6201 94.2742 64.7224 183.4241 69.104 85.7401 90.8589 87.6534 68.0654 5.0775 65.7393 54.3045 80.6922 54.7012 17.3622 3.2621 1202.693 688.027 688.027 615.6968 64.7185 292.1779 175.2004 202.9136 293.5582 1086.6731 205.7834 236.9295 146.521 80.0369 312.5432 148.8464 135.2789 1097.9926;
	2.9456 39.8012 57.6618 61.6477 14.5615 23.8971 14.9089 3.5525 19.3666 20.921 38.6721 57.6912 86.8538 64.8878 175.8652 66.2562 82.2067 87.1146 86.8358 66.8313 4.9696 55.76 47.2539 80.1442 53.5465 11.6099 2.3403 1188.5264 769.453 769.453 722.4197 88.03 289.4527 172.0238 203.4321 328.2999 1095.027 238.3852 230.2662 143.428 55.435 265.0989 141.3135 148.2836 1106.4336;
	2.6579 35.9139 47.3804 57.6178 14.5425 18.6284 19.0238 1.9757 20.2896 17.4571 32.2693 48.1394 72.4736 64.9462 169.2967 63.7816 79.1364 83.8609 86.8309 65.9696 6.3413 43.4662 39.9039 67.1473 31.8035 5.6653 1.052 1105.3412 770.2182 770.2182 724.8314 105.7488 289.4365 169.8058 203.6151 328.6264 1120.1377 231.2996 343.7242 85.188 43.061 206.6509 128.59 121.1362 1131.8058;
	2.123 28.6865 33.0485 40.354 13.621 13.9277 18.3731 0.9795 18.6992 14.4107 26.638 39.7386 59.8263 63.992 164.5608 61.9973 76.9226 81.515 86.2857 68.1871 6.1244 32.4981 30.9419 49.27 20.163 3.8432 1.5581 1105.5209 772.196 772.196 716.8898 103.0487 287.6192 175.5138 200.6237 329.4703 1076.2138 229.9389 376.9302 54.008 34.6998 154.5051 89.7281 85.0278 1087.4244;
	1.4803 20.0019 26.2262 23.8181 9.8319 10.1657 19.2359 1.0208 16.9492 15.0421 27.8051 41.4797 62.4474 63.4721 166.4958 62.7263 77.8271 82.4735 85.2042 66.9997 6.412 23.72 36.8842 33.1914 17.1681 5.2844 1.5958 982.8479 714.0454 714.0454 673.9642 102.4172 284.014 172.4573 198.9937 304.6594 998.671 203.8201 383.3989 45.9859 25.8312 112.7717 64.2319 69.4859 1009.0738;
	1.0412 14.0683 24.9749 24.1738 8.7866 7.7034 18.5175 1.8327 15.2528 12.3932 22.9086 34.1751 51.4504 61.1778 172.7722 65.0909 80.761 85.5825 85.4252 66.7018 6.1725 17.9746 35.2313 32.3825 19.7916 8.804 2.2961 974.8479 733.8788 733.8788 669.9662 97.745 284.7507 171.6905 191.8007 313.1216 1005.5916 212.5628 408.5713 53.0132 26.0807 85.4563 49.844 48.9238 1016.0665;
	0.8259 11.16 21.7271 29.9467 7.7184 8.0959 13.3807 2.2706 12.8096 16.1632 29.8775 44.5713 67.1018 62.8205 176.1964 66.381 82.3616 87.2787 84.5548 67.0799 4.4602 18.8904 46.9885 34.0159 22.7026 9.4139 3.3347 934.1119 691.9252 691.9252 670.1093 92.5545 281.8493 172.6639 196.9506 295.2214 856.6178 210.6454 396.4564 60.8106 27.0023 89.8101 38.4594 53.8451 865.5409;
	0.8471 11.4466 21.9017 15.3103 6.3697 8.222 11.2751 1.8422 12.2041 15.5871 28.8126 42.9827 64.7102 62.5739 167.9475 63.2732 78.5057 83.1926 76.3816 66.8318 3.7584 19.1847 51.0986 45.1867 22.8647 5.6223 3.1702 821.9524 625.5136 625.5136 598.97 79.3992 254.6054 172.0252 196.1777 266.8858 764.8625 194.2583 326.8853 61.2446 26.7311 91.2094 35.0133 50.2904 772.8298;
	0.906 12.2414 16.9224 27.2457 7.1264 3.9919 5.7218 1.2157 8.4624 13.8493 25.6002 38.1905 57.4955 62.6262 164.3212 61.9071 76.8106 81.3963 76.8977 66.5963 1.9073 9.3145 48.9302 40.4845 21.6884 3.4339 2.1137 820.3369 524.2397 524.2397 532.6449 77.3218 256.3255 171.4189 196.3415 223.6756 605.2917 185.3226 222.7931 58.0939 26.2736 44.2839 16.2694 22.8265 611.5969;
	0.5321 7.1902 12.0773 15.2354 6.0035 3.9632 3.7932 1.5252 10.2533 16.5811 30.6499 45.7237 68.8368 60.8803 164.564 61.9985 76.9241 81.5166 78.9342 62.5301 1.2644 9.2476 49.0465 37.0388 14.0428 10.1435 1.4494 776.163 512.2448 512.2448 557.3685 77.8817 263.114 160.9525 190.8679 218.5578 713.0274 187.0744 224.697 37.6147 31.5237 43.9656 16.2187 32.9501 720.4548;
	1.0639 14.3752 11.9633 15.3365 2.5885 3.9721 3.784 1.5161 5.5947 19.236 35.5574 53.0446 79.8584 64.0015 130.8697 49.3044 61.174 64.8262 80.8991 52.6014 1.2613 9.2682 63.6777 33.2012 13.8924 3.253 1.5016 730.4952 521.7547 521.7547 595.9262 85.4736 269.6636 135.3961 200.6533 222.6153 714.7158 200.7346 330.4195 37.2118 71.8597 44.0635 16.0687 32.8781 722.1608;
	0.4804 6.4918 23.4898 38.537 2.8571 3.972 3.7926 1.8657 5.3994 22.1626 40.9672 61.115 92.0082 62.7283 115.954 43.685 54.2017 57.4377 13.8572 59.8903 1.2642 9.268 66.5445 45.4505 21.3474 7.0998 1.9426 774.0545 493.5158 493.5158 605.2176 82.1299 46.1906 154.1578 196.6617 210.5667 668.5171 188.4109 338.0675 57.1806 83.6821 44.0628 16.2048 33.3935 675.4808;
