function solarprofile = ex_solar_profilesh1
%EX_WIND_PROFILE_D  Example wind_load_nyiso profile data for deterministic unit commitment.
% 2022.03.12
% Andres F. Ramirez


%% define constants
[GEN_BUS, PG, QG, QMAX, QMIN, VG, MBASE, GEN_STATUS, PMAX, PMIN, ...
    MU_PMAX, MU_PMIN, MU_QMAX, MU_QMIN, PC1, PC2, QC1MIN, QC1MAX, ...
    QC2MIN, QC2MAX, RAMP_AGC, RAMP_10, RAMP_30, RAMP_Q, APF] = idx_gen;
[CT_LABEL, CT_PROB, CT_TABLE, CT_TBUS, CT_TGEN, CT_TBRCH, CT_TAREABUS, ...
    CT_TAREAGEN, CT_TAREABRCH, CT_ROW, CT_COL, CT_CHGTYPE, CT_REP, ...
    CT_REL, CT_ADD, CT_NEWVAL, CT_TLOAD, CT_TAREALOAD, CT_LOAD_ALL_PQ, ...
    CT_LOAD_FIX_PQ, CT_LOAD_DIS_PQ, CT_LOAD_ALL_P, CT_LOAD_FIX_P, ...
    CT_LOAD_DIS_P, CT_TGENCOST, CT_TAREAGENCOST, CT_MODCOST_F, ...
    CT_MODCOST_X] = idx_ct;

solarprofile = struct( ...
    'type', 'mpcData', ...
    'table', CT_TGEN, ...
    'rows', [1:12], ...
    'col', PMAX, ...
    'chgtype', 1, ...
    'values', [] );
solarprofile.values(:,1,:) = [
	0.0 0.0 0.0 0.0 0.0 0.0 0.0 0.0 0.0 0.0 0.0 0.0;
	0.0 0.0 0.0 0.0 0.0 0.0 0.0 0.0 0.0 0.0 0.0 0.0;
	0.0 0.0 0.0 0.0 0.0 0.0 0.0 0.0 0.0 0.0 0.0 0.0;
	0.0 0.0 0.0 0.0 0.0 0.0 0.0 0.0 0.0 0.0 0.0 0.0;
	0.0 0.0 0.0 0.0 0.0 0.0 0.0 0.0 0.0 0.0 0.0 0.0;
	0.5078 0.4482 0.3501 0.0 0.0 2.2217 0.2777 0.8098 2.2386 0.0 0.0 0.0;
	2.6216 1.6744 1.4474 1.3115 1.544 169.5681 21.196 14.1625 162.1499 149.7192 35.4125 271.1424;
	2.561 1.8308 1.1272 4.3081 3.8263 311.6635 38.9579 12.2981 247.3934 151.2711 87.5192 273.953;
	4.3448 3.0582 1.6855 6.3456 4.2984 359.8843 44.9855 18.5798 276.9082 179.5422 107.7706 325.1521;
	12.0372 7.155 7.7333 10.3748 10.6319 251.4914 31.4364 25.2539 228.8963 96.7149 31.6573 175.1513;
	11.3515 7.864 9.5399 10.6581 8.1885 147.2991 18.4124 27.4589 159.2243 127.9274 32.0161 231.6772;
	9.9211 6.5991 8.954 10.8171 8.4074 63.5454 7.9432 18.4563 124.1463 166.5817 36.0539 301.6805;
	6.4828 3.4498 5.3845 10.8982 9.0235 68.9308 8.6164 8.1016 225.7311 111.4809 30.6197 201.8925;
	5.7583 3.1334 3.2815 10.3943 9.6283 100.6293 12.5787 5.3352 249.0404 86.5958 39.7067 156.8255;
	3.131 1.8596 1.8662 8.064 9.4262 127.847 15.9809 5.2386 244.14 58.5262 32.2672 105.9914;
	0.7488 0.4406 0.3613 3.6857 6.2949 206.812 25.8515 8.5373 181.995 16.8661 7.6952 30.5446;
	0.2069 0.1875 0.1816 1.3164 2.3609 62.8984 7.8623 4.0714 45.5349 10.5013 4.3656 19.0179;
	0.0 0.0 0.0 0.0 0.0 0.0 0.0 0.0 0.0 0.0 0.0 0.0;
	0.0 0.0 0.0 0.0 0.0 0.0 0.0 0.0 0.0 0.0 0.0 0.0;
	0.0 0.0 0.0 0.0 0.0 0.0 0.0 0.0 0.0 0.0 0.0 0.0;
	0.0 0.0 0.0 0.0 0.0 0.0 0.0 0.0 0.0 0.0 0.0 0.0;
	0.0 0.0 0.0 0.0 0.0 0.0 0.0 0.0 0.0 0.0 0.0 0.0;
	0.0 0.0 0.0 0.0 0.0 0.0 0.0 0.0 0.0 0.0 0.0 0.0;
	0.0 0.0 0.0 0.0 0.0 0.0 0.0 0.0 0.0 0.0 0.0 0.0;
];
