function solarprofile = ex_solar_profilesh1
%EX_WIND_PROFILE_D  Example wind_load_nyiso profile data for deterministic unit commitment.
% 2022.03.12
% Andres F. Ramirez


%% define constants
[GEN_BUS, PG, QG, QMAX, QMIN, VG, MBASE, GEN_STATUS, PMAX, PMIN, ...
    MU_PMAX, MU_PMIN, MU_QMAX, MU_QMIN, PC1, PC2, QC1MIN, QC1MAX, ...
    QC2MIN, QC2MAX, RAMP_AGC, RAMP_10, RAMP_30, RAMP_Q, APF] = idx_gen;
[CT_LABEL, CT_PROB, CT_TABLE, CT_TBUS, CT_TGEN, CT_TBRCH, CT_TAREABUS, ...
    CT_TAREAGEN, CT_TAREABRCH, CT_ROW, CT_COL, CT_CHGTYPE, CT_REP, ...
    CT_REL, CT_ADD, CT_NEWVAL, CT_TLOAD, CT_TAREALOAD, CT_LOAD_ALL_PQ, ...
    CT_LOAD_FIX_PQ, CT_LOAD_DIS_PQ, CT_LOAD_ALL_P, CT_LOAD_FIX_P, ...
    CT_LOAD_DIS_P, CT_TGENCOST, CT_TAREAGENCOST, CT_MODCOST_F, ...
    CT_MODCOST_X] = idx_ct;

solarprofile = struct( ...
    'type', 'mpcData', ...
    'table', CT_TGEN, ...
    'rows', [1:12], ...
    'col', PMAX, ...
    'chgtype', 1, ...
    'values', [] );
solarprofile.values(:,1,:) = [
	0.0 0.0 0.0 0.0 0.0 0.0 0.0 0.0 0.0 0.0 0.0 0.0;
	0.0 0.0 0.0 0.0 0.0 0.0 0.0 0.0 0.0 0.0 0.0 0.0;
	0.0 0.0 0.0 0.0 0.0 0.0 0.0 0.0 0.0 0.0 0.0 0.0;
	0.0 0.0 0.0 0.0 0.0 0.0 0.0 0.0 0.0 0.0 0.0 0.0;
	0.0 0.0 0.0 0.0 0.0 0.0 0.0 0.0 0.0 0.0 0.0 0.0;
	0.4174 0.3481 0.3053 0.0 0.0 0.1765 0.0221 0.1431 0.0956 0.0 0.0 0.0;
	3.9126 3.1155 2.6432 6.1013 3.6905 42.4636 5.3079 18.9956 19.5274 85.8075 64.2097 155.3979;
	4.4051 6.4257 5.026 8.2636 3.5138 87.6834 10.9604 17.3532 37.155 177.8267 114.9124 322.0452;
	6.6998 9.5003 6.6898 9.5537 4.6044 96.4408 12.0551 12.1014 39.8448 227.7393 136.3498 412.4372;
	15.1409 12.3362 12.6471 11.9351 14.2268 79.2372 9.9047 7.2056 42.6341 253.0996 139.1343 458.3649;
	19.0437 13.9161 13.6239 11.1451 13.8106 85.5193 10.6899 8.5822 62.1761 276.0841 172.5964 499.99;
	19.4501 13.3451 13.3944 10.7993 13.359 106.4482 13.306 11.2204 77.2231 298.6399 199.173 540.8386;
	12.5901 8.8856 9.8156 10.8456 11.8997 255.827 31.9784 29.631 165.1024 268.228 180.3597 485.7625;
	8.9108 7.1783 8.2493 11.1947 12.3351 274.2163 34.277 34.6798 171.386 221.5224 154.8976 401.1785;
	5.8385 4.9932 5.5957 11.5597 12.4894 281.7344 35.2168 41.7059 166.2602 168.3063 109.0246 304.8037;
	1.5177 0.9088 1.7961 11.2007 11.7606 250.1912 31.2739 44.4247 161.3636 21.7123 9.5552 39.321;
	0.2217 0.1875 0.2449 1.5468 2.2561 58.0705 7.2588 7.4438 50.0748 22.6037 4.544 40.9354;
	0.0 0.0 0.0 0.0 0.0 0.0 0.0 0.0 0.0 0.0 0.0 0.0;
	0.0 0.0 0.0 0.0 0.0 0.0 0.0 0.0 0.0 0.0 0.0 0.0;
	0.0 0.0 0.0 0.0 0.0 0.0 0.0 0.0 0.0 0.0 0.0 0.0;
	0.0 0.0 0.0 0.0 0.0 0.0 0.0 0.0 0.0 0.0 0.0 0.0;
	0.0 0.0 0.0 0.0 0.0 0.0 0.0 0.0 0.0 0.0 0.0 0.0;
	0.0 0.0 0.0 0.0 0.0 0.0 0.0 0.0 0.0 0.0 0.0 0.0;
	0.0 0.0 0.0 0.0 0.0 0.0 0.0 0.0 0.0 0.0 0.0 0.0;
];
