function loadprofile = ex_load_profilesh1
%EX_LOAD_PROFILE  Example load profile data file for stochastic unit commitment.
% 2022.03.12
% Andres F. Ramirez

%% define constants
[CT_LABEL, CT_PROB, CT_TABLE, CT_TBUS, CT_TGEN, CT_TBRCH, CT_TAREABUS, ...
    CT_TAREAGEN, CT_TAREABRCH, CT_ROW, CT_COL, CT_CHGTYPE, CT_REP, ...
    CT_REL, CT_ADD, CT_NEWVAL, CT_TLOAD, CT_TAREALOAD, CT_LOAD_ALL_PQ, ...
    CT_LOAD_FIX_PQ, CT_LOAD_DIS_PQ, CT_LOAD_ALL_P, CT_LOAD_FIX_P, ...
    CT_LOAD_DIS_P, CT_TGENCOST, CT_TAREAGENCOST, CT_MODCOST_F, ...
    CT_MODCOST_X] = idx_ct;

loadprofile = struct( ...
    'type', 'mpcData', ...
    'table', CT_TAREALOAD, ...
    'rows', [1:11], ...
    'col', CT_LOAD_ALL_P, ...
    'chgtype', 1, ...
    'values', [] );
loadprofile.values(:,1,:) = [
	1524.6233 937.7014 1563.1924 508.3391 823.5165 1107.9733 762.013 237.1 480.0919 4302.1816 1607.1904;
	1495.4476 914.04 1530.0912 523.8 818.2606 1099.1088 761.7852 238.8393 469.7 4274.8943 1604.4462;
	1524.373 922.3 1529.577 523.3 796.3878 1108.1677 758.2483 231.9236 478.7324 4275.3303 1606.0246;
	1563.9607 979.1 1611.55 520.464 847.6 1154.3716 773.2043 249.0 509.6291 4434.5185 1709.6145;
	1699.0725 1103.4108 1795.8239 548.0 951.3419 1300.452 916.3496 286.7 591.8 4995.9449 1939.5907;
	1828.7542 1215.8347 1929.7445 561.9967 1034.1244 1427.7487 1012.8747 345.0 646.9502 5524.104 2111.7929;
	1842.9876 1188.7713 1894.5439 562.705 967.8 1441.2309 1043.8666 334.4 661.238 5829.0837 2188.9;
	1857.5166 1219.7437 1921.8705 544.5053 993.584 1428.3 1082.7 351.7 696.2031 6048.9163 2165.597;
	1853.1 1198.4909 1934.3417 530.6659 981.084 1397.0779 1074.016 341.2 687.3241 6067.0567 2126.1521;
	1827.6762 1211.9 1918.1035 524.4313 996.914 1403.7569 1101.5404 345.7702 683.7795 6080.249 2149.0914;
	1773.3772 1181.4775 1918.2696 520.6309 993.4324 1317.3868 1051.1125 365.0582 671.9 6120.116 2120.0435;
	1728.6474 1150.2613 1849.775 489.0326 926.8493 1292.4959 1021.0231 316.3061 666.4616 6067.4438 2060.0025;
	1620.9142 1092.8524 1803.0043 502.1271 928.6973 1247.4678 984.7509 314.0 624.9031 5998.7986 2050.8674;
	1582.8708 1084.4773 1785.3417 481.1101 930.2719 1270.7 981.3907 309.6448 643.9211 6028.7493 2095.9245;
	1608.5301 1092.4355 1784.9833 468.9041 932.1877 1269.9537 988.3716 326.9833 646.6304 6145.0905 2178.737;
	1594.1853 1074.8 1803.2137 495.1129 943.6571 1268.5714 967.2172 321.7 624.0796 6015.2991 2130.4446;
	1690.4055 1076.9735 1811.0739 507.7364 956.3342 1266.0281 990.1001 328.6752 615.0743 5865.4147 2196.1772;
	1724.6234 1106.6671 1887.9 500.9727 1003.6732 1337.9343 1019.887 352.0 645.7593 5763.6791 2112.5533;
	1758.3428 1135.8973 1916.9527 546.0 1000.2 1352.7232 1057.7166 342.0807 656.1772 5674.676 2196.8649;
	1696.4178 1089.2115 1851.1101 528.5137 949.5605 1291.4919 1009.6413 328.1631 636.3697 5527.6227 2120.7637;
	1634.052 1023.751 1731.3 523.3 918.1 1209.9098 947.0071 299.2005 608.3 5195.3179 2012.7004;
	1554.8335 990.4128 1639.2772 513.8698 853.8301 1145.1404 897.7 288.4149 570.8635 4943.407 1938.9339;
	1541.9759 937.4 1592.172 513.1102 761.5939 1154.4 856.7652 283.3572 508.7013 4575.7074 1759.8986;
	1536.1127 896.4932 1539.6101 481.4736 737.8 1094.0867 817.0 265.7155 506.9 4435.3195 1712.8925;
];
