function windprofile = ex_wind_profilesh1
%EX_WIND_PROFILE_D  Example wind_load_nyiso profile data for deterministic unit commitment.
% 2022.03.12
% Andres F. Ramirez


%% define constants
[GEN_BUS, PG, QG, QMAX, QMIN, VG, MBASE, GEN_STATUS, PMAX, PMIN, ...
    MU_PMAX, MU_PMIN, MU_QMAX, MU_QMIN, PC1, PC2, QC1MIN, QC1MAX, ...
    QC2MIN, QC2MAX, RAMP_AGC, RAMP_10, RAMP_30, RAMP_Q, APF] = idx_gen;
[CT_LABEL, CT_PROB, CT_TABLE, CT_TBUS, CT_TGEN, CT_TBRCH, CT_TAREABUS, ...
    CT_TAREAGEN, CT_TAREABRCH, CT_ROW, CT_COL, CT_CHGTYPE, CT_REP, ...
    CT_REL, CT_ADD, CT_NEWVAL, CT_TLOAD, CT_TAREALOAD, CT_LOAD_ALL_PQ, ...
    CT_LOAD_FIX_PQ, CT_LOAD_DIS_PQ, CT_LOAD_ALL_P, CT_LOAD_FIX_P, ...
    CT_LOAD_DIS_P, CT_TGENCOST, CT_TAREAGENCOST, CT_MODCOST_F, ...
    CT_MODCOST_X] = idx_ct;

windprofile = struct( ...
    'type', 'mpcData', ...
    'table', CT_TGEN, ...
    'rows', [1:45], ...
    'col', PMAX, ...
    'chgtype', 1, ...
    'values', [] );
windprofile.values(:,1,:) = [
	3.7527 50.7079 89.1436 113.9604 14.4472 29.9374 30.5206 17.5423 0.0 14.1108 26.0835 38.9115 58.581 49.8785 195.6268 73.7013 91.4441 96.9035 84.2258 67.1072 10.1735 69.8538 0.0 87.6474 104.5151 73.5034 13.474 1273.9054 783.6217 783.6217 715.0519 114.1291 280.7527 172.7341 156.3759 334.3453 1120.3355 252.3116 465.1602 279.9511 121.5557 332.1051 206.1585 278.4434 1132.0057;
	3.7195 50.2581 89.0706 112.9026 14.4038 31.7018 30.7916 17.5843 0.6196 6.3988 11.8281 17.6452 26.5647 58.2003 186.8871 70.4086 87.3588 92.5743 75.0761 67.955 10.2639 73.9709 2.1269 87.7361 102.985 74.6967 12.8724 1277.759 793.1693 793.1693 749.8567 112.4039 250.2538 174.9164 182.4657 338.4189 1216.6814 243.061 461.5101 275.8527 120.7284 351.6787 204.8235 272.2431 1229.3552;
	3.7275 50.3663 89.5595 114.3462 14.6547 33.4984 30.1294 18.3225 19.2701 13.5096 24.9723 37.2537 56.0853 53.8845 155.3556 58.5293 72.6197 76.9552 81.7942 68.0135 10.0431 78.1629 26.8669 88.7678 103.6133 76.0612 13.1779 1225.3197 787.4304 787.4304 740.4792 112.6015 272.6475 175.0668 168.9351 335.9703 1209.7445 255.5318 470.9836 277.5357 122.5429 371.6089 213.535 259.4897 1222.346;
	3.678 49.6973 89.271 119.4329 14.48 32.5254 29.7657 19.009 26.7989 27.8752 51.527 76.8681 115.7245 64.3286 192.3583 72.4699 89.9163 95.2845 82.534 63.102 9.9219 75.8926 24.3522 86.6527 104.2061 75.6595 13.7886 1210.1199 797.6998 797.6998 760.3432 113.706 275.1134 162.4247 201.6789 340.3519 1149.2952 266.5498 475.2306 279.1236 121.5135 360.8149 184.5671 253.5693 1161.267;
	3.2577 44.0187 91.7429 118.3835 14.8133 29.0223 29.5225 18.5024 25.9338 28.8029 53.2417 79.4261 119.5756 61.7805 194.2035 73.165 90.7788 96.1985 84.6366 67.2347 9.8408 67.7186 71.6597 87.9771 104.6313 75.3743 13.5572 1226.9117 788.9337 788.9337 716.8097 115.6043 282.1219 173.0622 193.6903 336.6117 1103.9234 281.8392 467.154 280.2623 118.1908 321.9536 184.4534 264.7722 1115.4226;
	3.8085 51.4608 91.1565 116.6166 14.7048 31.5516 15.7139 17.968 21.9748 28.2337 52.1895 77.8565 117.2125 53.1268 197.0302 74.23 92.1002 97.5987 59.7458 67.8556 5.238 73.6204 71.3024 86.9158 104.7669 74.165 13.6696 1141.105 783.9548 783.9548 733.3919 116.3555 199.1528 174.6605 166.5598 334.4874 1079.7315 292.0425 453.3663 280.6255 114.5637 350.0123 163.7065 262.0535 1090.9787;
	3.777 51.0358 93.9826 120.149 15.1477 33.1646 8.6473 18.3498 22.4513 28.1081 51.9574 77.5102 116.6912 64.0385 190.9768 71.9494 89.2705 94.6001 78.6111 69.7783 2.8824 77.3841 73.6184 89.168 106.5403 75.8407 13.7814 1221.4563 779.0318 779.0318 697.2859 111.7125 262.0371 179.6095 200.7693 332.3869 1102.0707 302.9337 422.7669 285.3757 119.3856 367.9063 180.2766 274.1767 1113.5506;
	3.8515 52.042 94.2125 120.1951 14.9374 33.1819 0.0 17.9238 0.0496 28.3368 52.3801 78.1409 117.6406 42.3597 195.5384 73.668 91.4028 96.8597 82.6138 69.9072 0.0 77.4243 72.211 85.6809 105.3845 75.6097 13.7164 1270.967 780.8119 780.8119 694.8364 118.6052 275.3793 179.9413 132.8035 333.1464 1197.6571 316.862 179.006 282.2798 118.0839 368.0974 204.5123 274.82 1210.1327;
	3.8937 52.6123 94.833 120.62 15.2331 32.0614 0.0 18.266 0.0 29.3297 54.2155 80.8788 121.7626 25.2215 193.4514 72.8817 90.4273 95.8259 86.4149 71.1293 0.0 74.8099 73.9675 88.7195 106.3151 76.243 13.7141 1234.6871 681.107 681.107 720.324 119.6986 288.0498 183.087 79.0727 290.6056 1032.2352 299.9256 21.2427 284.7725 119.9499 355.6676 190.3349 281.2122 1042.9877;
	3.6995 49.9885 92.1746 118.2738 14.8954 25.9378 0.0 18.0494 0.0 25.6113 47.3422 70.6252 106.3258 17.568 194.1616 73.1493 90.7593 96.1777 87.5538 71.4666 0.0 60.5215 51.2326 88.5427 104.3537 75.5836 13.1113 957.9189 592.3686 592.3686 577.7226 116.9685 291.8459 183.9552 55.078 252.7439 778.7521 275.3756 0.0 279.5187 119.3999 287.7363 142.8533 276.8421 786.8641;
	3.7352 50.4707 94.75 118.7489 15.1262 24.0532 0.0 17.9543 0.0053 28.8353 53.3016 79.5155 119.7101 1.6961 200.2343 75.4371 93.5979 99.1858 83.0555 72.0287 0.0 56.1242 73.4528 89.6453 105.83 74.6869 13.5649 801.0231 695.8061 695.8061 544.9309 119.6966 276.8516 185.402 5.3174 296.8773 760.5201 226.4115 16.5917 283.4732 119.6006 266.8304 143.7019 282.3284 768.4422;
	3.6268 49.0054 94.1547 117.5131 15.0022 19.1338 0.6949 17.9864 1.3415 28.0778 51.9014 77.4267 116.5655 13.5348 201.5092 75.9174 94.1938 99.8174 36.8313 72.4621 0.2316 44.6455 74.7037 88.0432 104.3659 74.2808 13.5106 605.3034 733.0767 733.0767 516.883 117.7577 122.771 186.5175 42.4334 312.7794 825.0017 217.926 127.2832 279.5514 120.0281 212.2575 143.4923 281.3866 833.5955;
	3.9281 53.0772 95.2577 117.6936 15.2809 20.7886 4.5314 17.6695 26.023 25.8105 47.7103 71.1744 107.1527 51.298 201.8153 76.0327 94.3369 99.969 59.0253 72.5931 1.5105 48.5067 74.532 87.149 104.38 72.9715 13.7239 648.0028 726.4984 726.4984 523.0785 110.8131 196.751 186.8548 160.8263 309.9727 631.4006 223.8516 370.8256 279.5892 120.1282 230.6145 152.15 282.8949 637.9777;
	3.9137 52.8829 94.7614 115.4104 15.3109 20.6428 2.3548 17.9252 18.6448 23.3051 43.0791 64.2656 96.7515 32.1827 200.9162 75.694 93.9166 99.5236 53.8981 72.4458 0.7849 48.1666 71.8351 83.9957 102.9811 73.1447 13.5691 558.5204 713.4176 713.4176 478.7444 93.0841 179.6604 186.4756 100.8971 304.3915 744.8335 220.8142 233.5478 275.8423 121.7198 228.9979 166.8602 283.5919 752.5922;
	3.9265 53.0563 94.1824 113.6765 15.1261 20.6647 1.4611 17.5707 2.9597 25.9118 47.8976 71.4538 107.5733 30.5948 198.3953 74.7443 92.7383 98.2749 72.1381 71.9331 0.487 48.2176 72.3966 86.0848 102.6013 73.1124 13.3735 398.6552 680.0913 680.0913 445.9686 86.9686 240.4605 185.1559 95.9189 290.1723 628.5008 214.5894 147.2222 274.825 119.9751 229.2401 176.8923 267.1751 635.0477;
	3.7435 50.5823 94.1285 116.7703 15.2524 11.0582 11.0706 18.2144 6.6794 25.7736 47.6421 71.0726 106.9994 23.3316 185.5137 69.8912 86.7169 91.894 60.0778 70.6665 3.6902 25.8024 68.986 87.2541 103.1953 72.8861 13.9042 483.415 574.0063 574.0063 420.6917 92.6896 200.2593 181.8958 73.1479 244.9094 534.1948 213.1323 323.5142 276.416 120.6015 122.672 164.9351 266.6862 539.7593;
	3.7084 50.1093 94.0477 116.0517 14.7169 19.2069 12.1537 18.2109 18.0195 28.3679 52.4377 78.2267 117.7698 32.91 183.4972 69.1315 85.7743 90.8951 58.355 70.5606 4.0512 44.816 70.5555 86.4684 104.2563 72.2878 13.7476 1074.1387 493.3449 493.3449 307.1301 89.2599 194.5168 181.6232 103.1772 210.4938 899.5736 214.7235 144.0231 279.258 122.4929 213.0682 141.9035 255.0872 908.9442;
	3.4583 46.7287 92.87 113.9592 14.4793 21.454 14.0024 17.817 25.7621 28.9759 53.5615 79.9033 120.294 56.0831 187.0642 70.4754 87.4417 92.6621 72.0027 72.4982 4.6675 50.0594 69.7914 85.1888 100.8867 70.1459 13.4746 1202.4987 567.2112 567.2112 228.2929 64.662 240.0091 186.6104 175.8281 242.0101 1043.6042 203.2148 160.9812 270.2323 122.1264 237.9966 184.8006 272.9686 1054.4751;
