function loadprofile = ex_load_profilesh1
%EX_LOAD_PROFILE  Example load profile data file for stochastic unit commitment.
% 2022.03.12
% Andres F. Ramirez

%% define constants
[CT_LABEL, CT_PROB, CT_TABLE, CT_TBUS, CT_TGEN, CT_TBRCH, CT_TAREABUS, ...
    CT_TAREAGEN, CT_TAREABRCH, CT_ROW, CT_COL, CT_CHGTYPE, CT_REP, ...
    CT_REL, CT_ADD, CT_NEWVAL, CT_TLOAD, CT_TAREALOAD, CT_LOAD_ALL_PQ, ...
    CT_LOAD_FIX_PQ, CT_LOAD_DIS_PQ, CT_LOAD_ALL_P, CT_LOAD_FIX_P, ...
    CT_LOAD_DIS_P, CT_TGENCOST, CT_TAREAGENCOST, CT_MODCOST_F, ...
    CT_MODCOST_X] = idx_ct;

loadprofile = struct( ...
    'type', 'mpcData', ...
    'table', CT_TAREALOAD, ...
    'rows', [1:11], ...
    'col', CT_LOAD_ALL_P, ...
    'chgtype', 1, ...
    'values', [] );
loadprofile.values(:,1,:) = [
	1459.5775 884.2026 1501.7438 521.3292 737.2724 1077.3352 821.0213 233.9715 493.7247 4359.3678 1658.4969;
	1450.0832 880.1768 1494.9696 518.6869 731.9149 1072.4163 812.6895 231.3742 484.9425 4298.4929 1639.3749;
	1470.8894 894.9799 1524.2859 523.4081 745.2273 1089.8552 820.8721 234.1261 489.7659 4312.9746 1661.2143;
	1541.5428 956.2968 1618.8984 538.0621 801.7595 1156.7344 866.2147 254.659 523.8286 4527.7379 1766.6741;
	1687.6745 1069.9685 1807.6742 566.9172 912.9323 1306.8649 969.6838 295.5385 601.8872 5039.1813 1997.3551;
	1798.8814 1146.8135 1925.5789 579.3256 976.8475 1390.0041 1037.721 322.7103 669.6694 5550.2155 2155.9023;
	1828.8496 1165.4281 1941.6866 572.5315 983.6821 1391.3902 1064.5656 329.9526 688.8705 5863.1218 2218.8107;
	1848.5422 1177.1407 1950.7251 566.2105 983.0594 1383.5883 1079.524 330.8396 701.1673 6051.8047 2239.8461;
	1864.5054 1185.0831 1960.6997 558.4314 979.7549 1371.6268 1085.1726 331.7681 706.8066 6110.3508 2253.0316;
	1865.9752 1181.2315 1948.1503 553.213 970.2287 1347.7729 1089.582 330.9347 705.1126 6135.5887 2259.2411;
	1847.6252 1166.4147 1923.044 547.9493 951.8918 1322.1335 1075.7332 327.2885 699.2017 6132.4484 2241.213;
	1845.7029 1154.5274 1900.1907 542.0234 938.5389 1305.9628 1067.4387 323.9953 695.1871 6108.82 2226.8582;
	1820.8629 1137.5897 1865.8433 538.8363 920.9387 1287.7309 1054.2169 320.7478 687.0263 6069.1351 2222.2107;
	1791.1526 1123.0476 1840.9466 534.7726 909.4834 1278.4099 1041.6984 319.2101 682.8842 6057.5414 2227.099;
	1781.5111 1118.5816 1838.8775 535.7391 912.2113 1290.1915 1039.3214 319.1193 679.4303 6063.6805 2249.4555;
	1774.0287 1119.3474 1847.6931 541.075 922.5433 1310.038 1045.7005 318.4728 674.2472 6029.2805 2274.1946;
	1765.3875 1118.2531 1855.3084 547.4755 940.6899 1328.5936 1052.5777 324.5816 675.5579 5892.6685 2322.1562;
	1811.2072 1153.4919 1908.5257 561.0948 974.5733 1381.1887 1100.3799 336.4999 703.4133 5889.4005 2424.6304;
	1832.2995 1156.2573 1898.9956 562.8384 968.5219 1368.885 1094.696 331.4078 687.2495 5757.3154 2381.4761;
	1788.6932 1099.5564 1821.6993 553.557 925.5139 1307.2342 1051.0184 317.5226 655.8701 5543.3031 2272.0461;
	1715.0136 1033.0419 1724.9462 538.1613 871.4051 1229.8796 988.917 294.5004 615.261 5282.4311 2126.5218;
	1620.1319 967.2912 1623.6769 526.7457 813.6096 1151.7857 916.2873 268.1956 567.0856 4969.322 1959.1418;
	1571.9804 928.7272 1571.2939 538.7736 764.8342 1127.9548 890.4013 255.7419 529.9887 4747.6846 1829.0155;
	1530.6772 899.1725 1534.1766 542.0671 735.9608 1096.427 853.3344 243.622 507.676 4548.1593 1737.2906;
];
