function windprofile = ex_wind_profilesh1
%EX_WIND_PROFILE_D  Example wind_load_nyiso profile data for deterministic unit commitment.
% 2022.03.12
% Andres F. Ramirez


%% define constants
[GEN_BUS, PG, QG, QMAX, QMIN, VG, MBASE, GEN_STATUS, PMAX, PMIN, ...
    MU_PMAX, MU_PMIN, MU_QMAX, MU_QMIN, PC1, PC2, QC1MIN, QC1MAX, ...
    QC2MIN, QC2MAX, RAMP_AGC, RAMP_10, RAMP_30, RAMP_Q, APF] = idx_gen;
[CT_LABEL, CT_PROB, CT_TABLE, CT_TBUS, CT_TGEN, CT_TBRCH, CT_TAREABUS, ...
    CT_TAREAGEN, CT_TAREABRCH, CT_ROW, CT_COL, CT_CHGTYPE, CT_REP, ...
    CT_REL, CT_ADD, CT_NEWVAL, CT_TLOAD, CT_TAREALOAD, CT_LOAD_ALL_PQ, ...
    CT_LOAD_FIX_PQ, CT_LOAD_DIS_PQ, CT_LOAD_ALL_P, CT_LOAD_FIX_P, ...
    CT_LOAD_DIS_P, CT_TGENCOST, CT_TAREAGENCOST, CT_MODCOST_F, ...
    CT_MODCOST_X] = idx_ct;

windprofile = struct( ...
    'type', 'mpcData', ...
    'table', CT_TGEN, ...
    'rows', [1:45], ...
    'col', PMAX, ...
    'chgtype', 1, ...
    'values', [] );
windprofile.values(:,1,:) = [
	3.7926 51.2463 90.0114 118.1125 14.7969 30.8953 30.0463 17.9969 10.7868 16.0139 29.6015 44.1596 66.4821 54.1551 205.7944 77.5318 96.1969 101.94 92.3335 73.8706 10.0154 72.089 26.0979 85.4865 101.9347 74.263 14.0161 1234.2889 772.7277 772.7277 785.5254 113.078 307.7783 190.1432 169.7835 329.6972 1108.4097 272.8283 441.6948 273.0395 122.5617 342.7315 206.9705 266.8675 1119.9557;
	3.5865 48.4609 89.0553 116.4002 14.5884 29.6329 30.6802 17.944 12.5195 13.9476 25.7818 38.4614 57.9035 63.4947 200.5372 75.5512 93.7395 99.3359 88.1062 73.7192 10.2267 69.1435 31.3561 82.541 98.1378 72.4524 13.9056 1259.1485 768.3202 768.3202 766.0688 115.1609 293.6874 189.7533 199.0645 327.8166 1202.1252 251.7455 449.125 262.869 122.6016 328.7278 198.3626 264.5586 1214.6474;
	3.7339 50.4533 87.942 114.0786 14.7312 32.2308 32.2789 17.5329 24.2662 15.2488 28.1872 42.0498 63.3058 60.1115 191.3767 72.1001 89.4575 94.7982 89.8354 73.5619 10.7596 75.2053 30.0532 83.1956 97.7386 71.4611 13.3746 1246.5311 773.1855 773.1855 753.5046 118.0286 299.4512 189.3485 188.4576 329.8925 1233.1107 288.981 467.4509 261.7998 123.1191 357.5473 207.8161 253.3884 1245.9556;
	3.6373 49.1483 86.8134 114.8862 14.4877 32.3819 31.3989 17.4785 27.9323 29.2151 54.0037 80.5629 121.2871 63.7905 197.3917 74.3662 92.2692 97.7778 85.7445 71.7232 10.4663 75.5577 27.5997 81.8809 97.2547 71.4648 13.6459 1225.8878 712.375 712.375 762.4946 118.878 285.8151 184.6158 199.9918 303.9467 1094.2844 312.3097 441.7463 260.5036 119.8017 359.223 172.3122 239.4875 1105.6832;
	3.0392 41.0659 88.2544 113.0574 14.4999 29.1264 31.4026 17.4487 27.7136 28.4542 52.5971 78.4645 118.1279 61.6444 198.3554 74.7292 92.7196 98.2551 85.9445 71.7639 10.4675 67.9617 71.4502 83.5014 96.6184 70.1212 13.2616 1221.1676 753.5412 753.5412 740.6798 119.9457 286.4817 184.7206 193.2637 321.5109 1101.4085 328.9093 437.3787 258.7992 117.3122 323.1093 182.2969 245.8299 1112.8815;
	3.4924 47.1901 86.7381 95.9788 14.5289 30.1253 18.2007 17.3591 26.1243 28.3157 52.3412 78.0828 117.5532 45.0337 201.084 75.7572 93.9951 99.6067 57.1609 73.1449 6.0669 70.2925 71.7072 83.1603 93.3803 71.1838 13.1815 1143.6217 753.8496 753.8496 733.2098 122.0811 190.5363 188.2752 141.1866 321.6425 1103.0896 296.3279 434.9285 250.1259 116.4246 334.1905 155.0379 249.0078 1114.5802;
	3.6575 49.4208 87.7594 105.8803 14.8466 32.3933 14.0526 17.5123 26.5863 28.79 53.218 79.3907 119.5223 67.9145 194.1814 73.1567 90.7685 96.1875 82.1005 72.6484 4.6842 75.5844 71.733 84.4767 97.25 70.4231 13.2549 1245.9737 762.7805 762.7805 707.6201 117.7237 273.6684 186.9972 212.9212 325.453 1141.6595 294.5616 416.0723 260.4911 119.4252 359.35 183.9521 260.0529 1153.5518;
	3.7434 50.5818 90.7976 111.5548 15.2693 32.8113 11.8742 18.0956 16.9252 28.702 53.0553 79.148 119.1569 49.6869 198.1967 74.6694 92.6454 98.1765 85.6958 71.9175 3.9581 76.5596 73.1748 85.1046 98.3009 74.6964 13.5985 1251.9981 760.4274 760.4274 753.1848 121.1954 285.6526 185.1158 155.7753 324.449 1193.4271 325.1333 186.9206 263.3059 121.9476 363.9864 203.9182 274.0977 1205.8586;
	3.6946 49.9221 90.9872 112.8011 15.0743 31.1983 1.9353 17.9642 13.0369 28.4363 52.564 78.4152 118.0536 29.5123 199.2319 75.0595 93.1293 98.6893 84.2959 72.7502 0.6451 72.7961 72.9457 85.126 99.1964 75.5237 13.559 1192.6489 679.1825 679.1825 741.4461 121.8211 280.9863 187.2592 92.5251 289.7845 1038.8706 300.5888 67.2642 265.7047 123.1327 346.0932 190.2127 277.3405 1049.6922;
	3.6815 49.7446 89.5313 115.9048 14.852 30.4437 3.0314 18.2274 14.7063 25.2955 46.7584 69.7544 105.0148 25.8517 198.0122 74.6 92.5592 98.0851 85.2433 73.2804 1.0105 71.0352 54.5732 86.2489 98.7831 74.0231 13.5698 1012.0297 632.1347 632.1347 614.8019 121.8704 284.1444 188.624 81.0485 269.7108 839.5985 275.8916 150.927 264.5976 123.42 337.7216 158.5515 276.5731 848.3443;
	3.5553 48.0397 88.0286 113.038 14.2856 24.5268 0.0038 17.7335 6.9184 28.5904 52.8489 78.8401 118.6934 14.4719 202.3713 76.2422 94.5968 100.2444 74.4205 72.9459 0.0013 57.2293 72.903 86.7063 97.7523 73.2226 13.3678 796.8015 661.458 661.458 513.3883 120.7437 248.0685 187.763 45.3714 282.2221 733.4011 208.6982 39.6214 261.8365 121.1359 272.0843 140.0455 264.8622 741.0407;
	3.4677 46.8557 89.1683 109.6542 14.5722 17.7604 0.001 18.081 0.6223 26.7307 49.4112 73.7118 110.9728 16.9441 204.9977 77.2317 95.8245 101.5454 38.6416 72.3042 0.0003 41.441 73.5156 85.6815 98.2362 73.7542 13.7002 569.1482 705.6507 705.6507 494.5645 114.2676 128.8052 186.1111 53.1221 301.0776 779.4881 210.8738 34.1375 263.1328 121.9194 197.0223 129.6036 276.4691 787.6078;
	3.6135 48.8266 89.8352 110.8205 14.6353 19.7997 1.1642 17.6011 25.7773 24.7979 45.8386 68.3822 102.949 53.7766 204.7811 77.1501 95.7233 101.4381 56.2673 71.9784 0.3881 46.1994 73.3802 83.2221 96.9242 70.0975 13.4046 617.0471 709.6979 709.6979 526.9165 117.5483 187.5576 185.2727 168.5969 302.8044 602.4821 241.9022 29.7299 259.6184 119.9109 219.6452 142.8488 266.1288 608.758;
	3.6366 49.1389 88.9694 109.8995 14.6902 19.0891 6.8349 17.5365 19.8454 23.9224 44.2202 65.9679 99.3143 39.5386 204.0462 76.8732 95.3797 101.0741 54.413 73.2946 2.2783 44.5413 74.5799 81.8787 92.959 69.701 13.0944 570.8068 704.9974 704.9974 508.5286 106.0227 181.3768 188.6604 123.9588 300.7989 692.4591 251.4026 144.9456 248.9974 118.2536 211.7619 155.5705 264.6861 699.6722;
	3.6386 49.1656 88.059 110.1791 14.8913 17.0701 0.8972 17.9813 5.6028 26.2359 48.4966 72.3474 108.9187 34.7971 202.5725 76.318 94.6909 100.3441 63.6349 72.8353 0.2991 39.8302 73.9925 84.5834 97.1055 72.3824 13.3282 448.3993 702.4449 702.4449 471.1181 98.061 212.1162 187.4782 109.0937 299.7098 631.3276 249.8598 94.2645 260.1041 115.2074 189.364 155.8306 246.6393 637.9039;
	3.0348 41.0068 86.7628 110.3269 14.4842 7.7008 0.8487 17.4845 2.6267 27.5593 50.9429 75.9968 114.4127 27.0458 188.5937 71.0516 88.1566 93.4197 59.9568 70.3127 0.2829 17.9685 73.6966 84.7289 97.4597 70.6837 13.479 471.4533 583.8553 583.8553 433.7443 98.2286 199.856 180.985 84.7922 249.1116 516.7556 239.456 56.5358 261.0526 119.2138 85.4273 148.5383 244.0794 522.1385;
	3.2146 43.4359 87.1974 110.93 14.6081 13.7757 4.015 18.1313 17.467 28.6215 52.9065 78.926 118.8227 34.6305 191.4324 72.1211 89.4835 94.8258 64.7094 72.1605 1.3383 32.1432 75.0611 84.207 99.3713 71.71 13.5815 1063.7982 470.2009 470.2009 296.8937 94.6722 215.6979 185.7414 108.5713 200.619 857.6616 231.2784 105.7211 266.1732 117.3133 152.8181 129.8749 245.406 866.5955;
	2.805 37.9017 86.8061 112.3199 14.5131 17.6965 4.171 18.1203 6.8506 28.7967 53.2304 79.4092 119.5501 56.6061 188.2361 70.9169 87.9894 93.2425 78.1258 71.6505 1.3903 41.2919 74.1964 85.5245 100.1973 72.0173 13.5514 1270.0649 555.2739 555.2739 210.5552 71.4227 260.4194 184.4285 177.4678 236.9168 1014.846 200.0845 112.2037 268.3856 115.778 196.3136 156.8554 264.5539 1025.4173;
