function solarprofile = ex_solar_profilesh1
%EX_WIND_PROFILE_D  Example wind_load_nyiso profile data for deterministic unit commitment.
% 2022.03.12
% Andres F. Ramirez


%% define constants
[GEN_BUS, PG, QG, QMAX, QMIN, VG, MBASE, GEN_STATUS, PMAX, PMIN, ...
    MU_PMAX, MU_PMIN, MU_QMAX, MU_QMIN, PC1, PC2, QC1MIN, QC1MAX, ...
    QC2MIN, QC2MAX, RAMP_AGC, RAMP_10, RAMP_30, RAMP_Q, APF] = idx_gen;
[CT_LABEL, CT_PROB, CT_TABLE, CT_TBUS, CT_TGEN, CT_TBRCH, CT_TAREABUS, ...
    CT_TAREAGEN, CT_TAREABRCH, CT_ROW, CT_COL, CT_CHGTYPE, CT_REP, ...
    CT_REL, CT_ADD, CT_NEWVAL, CT_TLOAD, CT_TAREALOAD, CT_LOAD_ALL_PQ, ...
    CT_LOAD_FIX_PQ, CT_LOAD_DIS_PQ, CT_LOAD_ALL_P, CT_LOAD_FIX_P, ...
    CT_LOAD_DIS_P, CT_TGENCOST, CT_TAREAGENCOST, CT_MODCOST_F, ...
    CT_MODCOST_X] = idx_ct;

solarprofile = struct( ...
    'type', 'mpcData', ...
    'table', CT_TGEN, ...
    'rows', [1:12], ...
    'col', PMAX, ...
    'chgtype', 1, ...
    'values', [] );
solarprofile.values(:,1,:) = [
	0.0 0.0 0.0 0.0 0.0 0.0 0.0 0.0 0.0 0.0 0.0 0.0;
	0.0 0.0 0.0 0.0 0.0 0.0 0.0 0.0 0.0 0.0 0.0 0.0;
	0.0 0.0 0.0 0.0 0.0 0.0 0.0 0.0 0.0 0.0 0.0 0.0;
	0.0 0.0 0.0 0.0 0.0 0.0 0.0 0.0 0.0 0.0 0.0 0.0;
	0.0 0.0 0.0 0.0 0.0 0.0 0.0 0.0 0.0 0.0 0.0 0.0;
	0.4174 0.3543 0.3036 0.0 0.0 2.3563 0.2945 0.5938 1.2577 0.0 0.0 0.0;
	5.3989 4.634 2.8781 7.9804 7.0818 232.8891 29.1111 39.1528 149.549 207.4391 43.3429 375.6734;
	13.2542 10.0752 6.064 8.2361 10.7808 280.3008 35.0376 55.7712 221.4906 337.4032 171.3979 611.0392;
	18.4079 13.8727 8.9896 8.4767 11.0862 294.2443 36.7805 61.024 234.6609 334.4953 188.648 605.7729;
	20.2294 14.819 12.1999 11.35 14.5506 301.543 37.6929 57.3118 247.9566 267.8099 185.5962 485.0053;
	21.6896 16.1478 13.749 11.1451 14.1036 265.5305 33.1913 56.9722 254.8551 269.8582 177.4573 488.7148;
	21.7297 16.5396 14.0032 11.166 13.953 241.1245 30.1406 57.2108 262.3053 274.0553 170.1659 496.3158;
	14.9837 15.0867 12.8092 11.2595 13.6751 384.9339 48.1167 61.727 284.5966 222.5957 122.2974 403.1222;
	9.5017 11.3496 9.6209 11.4634 13.9477 404.925 50.6156 54.7678 281.3916 191.4926 112.7562 346.7942;
	6.732 6.4729 5.3695 11.0895 13.8567 405.4488 50.6811 39.0993 276.5244 140.7748 82.3582 254.944;
	1.9349 1.352 1.3524 6.2794 11.6699 358.1618 44.7702 14.1255 249.5055 17.0534 7.2546 30.8837;
	0.4478 0.2871 0.2686 1.1665 2.0958 61.0575 7.6322 3.8538 57.325 4.9697 2.2006 9.0002;
	0.0 0.0 0.0 0.0 0.0 0.0 0.0 0.0 0.0 0.0 0.0 0.0;
	0.0 0.0 0.0 0.0 0.0 0.0 0.0 0.0 0.0 0.0 0.0 0.0;
	0.0 0.0 0.0 0.0 0.0 0.0 0.0 0.0 0.0 0.0 0.0 0.0;
	0.0 0.0 0.0 0.0 0.0 0.0 0.0 0.0 0.0 0.0 0.0 0.0;
	0.0 0.0 0.0 0.0 0.0 0.0 0.0 0.0 0.0 0.0 0.0 0.0;
	0.0 0.0 0.0 0.0 0.0 0.0 0.0 0.0 0.0 0.0 0.0 0.0;
	0.0 0.0 0.0 0.0 0.0 0.0 0.0 0.0 0.0 0.0 0.0 0.0;
];
