function windprofile = ex_wind_profilesh1
%EX_WIND_PROFILE_D  Example wind_load_nyiso profile data for deterministic unit commitment.
% 2022.03.12
% Andres F. Ramirez


%% define constants
[GEN_BUS, PG, QG, QMAX, QMIN, VG, MBASE, GEN_STATUS, PMAX, PMIN, ...
    MU_PMAX, MU_PMIN, MU_QMAX, MU_QMIN, PC1, PC2, QC1MIN, QC1MAX, ...
    QC2MIN, QC2MAX, RAMP_AGC, RAMP_10, RAMP_30, RAMP_Q, APF] = idx_gen;
[CT_LABEL, CT_PROB, CT_TABLE, CT_TBUS, CT_TGEN, CT_TBRCH, CT_TAREABUS, ...
    CT_TAREAGEN, CT_TAREABRCH, CT_ROW, CT_COL, CT_CHGTYPE, CT_REP, ...
    CT_REL, CT_ADD, CT_NEWVAL, CT_TLOAD, CT_TAREALOAD, CT_LOAD_ALL_PQ, ...
    CT_LOAD_FIX_PQ, CT_LOAD_DIS_PQ, CT_LOAD_ALL_P, CT_LOAD_FIX_P, ...
    CT_LOAD_DIS_P, CT_TGENCOST, CT_TAREAGENCOST, CT_MODCOST_F, ...
    CT_MODCOST_X] = idx_ct;

windprofile = struct( ...
    'type', 'mpcData', ...
    'table', CT_TGEN, ...
    'rows', [1:45], ...
    'col', PMAX, ...
    'chgtype', 1, ...
    'values', [] );
windprofile.values(:,1,:) = [
	3.8595 52.1499 91.2191 118.5199 15.0338 34.1226 32.1052 16.7111 10.9678 11.6026 21.4471 31.9949 48.1682 53.0745 203.3617 76.6153 95.0598 100.735 87.9254 67.4257 10.7017 79.6195 0.066 84.634 95.562 69.4057 12.9616 1241.6961 807.3649 807.3649 720.1206 112.7651 293.0846 173.554 166.3958 344.4757 1154.5423 271.9642 471.8777 255.9697 120.6106 378.5336 217.7318 277.7304 1166.5688;
	3.8806 52.435 91.8553 115.5235 15.2176 33.3491 32.5527 17.3918 12.5027 7.7539 14.3329 21.3819 32.1904 59.4391 197.4662 74.3942 92.304 97.8147 85.7409 69.3894 10.8509 77.8146 4.1588 81.5421 94.5765 67.7141 12.791 1233.4022 807.8784 807.8784 743.8196 112.0232 285.8029 178.6085 186.3495 344.6948 1227.7136 264.8614 465.3873 253.3299 120.1572 369.9527 214.4333 274.8974 1240.5023;
	3.8713 52.3104 92.3352 119.0031 15.2824 34.9763 33.3588 17.6314 24.4302 12.5363 23.1732 34.5698 52.0447 62.4549 177.9112 67.027 83.1632 88.1281 88.6009 68.6601 11.1196 81.6113 1.0025 84.5824 100.3173 70.6229 12.996 1223.1856 817.6135 817.6135 753.6878 114.3013 295.3364 176.7312 195.8045 348.8484 1256.4909 290.6885 472.2858 268.707 123.1569 388.0034 215.6612 259.1184 1269.5793;
	3.7838 51.1268 93.4928 119.4447 15.2853 34.7044 32.5489 17.417 28.4132 28.4435 52.5773 78.435 118.0835 68.1806 196.854 74.1636 92.0178 97.5114 89.0571 65.5973 10.8496 80.9769 23.1759 85.5618 100.6432 70.3936 12.7089 1261.2781 822.2155 822.2155 779.6977 112.6319 296.8569 168.8475 213.7555 350.812 1231.1099 308.3992 477.3701 269.5799 123.0836 384.9872 180.7425 252.4972 1243.934;
	3.3155 44.7993 92.8042 118.9712 15.1792 31.7573 32.4051 17.4711 28.4641 28.7916 53.2208 79.395 119.5287 65.9388 199.5476 75.1784 93.2769 98.8457 87.9385 66.95 10.8017 74.1005 68.9124 85.2185 100.9395 69.9535 12.3332 1285.0641 838.9443 838.9443 783.0268 111.1109 293.1282 172.3294 206.727 357.9496 1180.3254 321.2108 478.075 270.3737 122.4484 352.2948 177.261 264.1035 1192.6205;
	3.8163 51.5665 91.1084 114.0015 15.0752 32.5121 19.1338 17.4845 27.174 26.6584 49.2776 73.5125 110.6727 54.2967 205.5574 77.4426 96.0861 101.8226 57.2458 70.8957 6.3779 75.8615 63.7431 85.8362 100.7114 70.7065 12.9036 1223.8592 817.772 817.772 736.3665 112.2769 190.8193 182.4858 170.2274 348.9161 1147.9765 296.4342 458.6117 269.7628 119.5124 360.667 159.0006 261.7945 1159.9346;
	3.8517 52.0445 95.1805 117.922 15.2735 34.3816 14.2301 17.6744 26.5954 26.4364 48.8672 72.9002 109.7509 66.7491 204.5037 77.0456 95.5936 101.3007 83.2778 71.6374 4.7434 80.2237 64.8761 88.5929 104.3524 72.4728 13.23 1269.9463 824.4533 824.4533 726.6209 111.7989 277.5927 184.3949 209.2676 351.7667 1194.0757 306.589 434.3162 279.5153 121.0419 381.4064 175.1274 280.2221 1206.5139;
	3.8063 51.4314 95.01 119.03 14.7562 32.5723 3.1273 17.99 4.0666 26.6529 49.2674 73.4973 110.6498 44.8116 205.3798 77.3756 96.0031 101.7346 84.4206 70.7491 1.0424 76.0021 66.409 87.5249 100.4226 71.4103 13.4068 1244.6665 803.7605 803.7605 684.3928 110.8426 281.4021 182.1083 140.4904 342.9378 1145.7753 294.9672 155.8995 268.9892 118.7545 361.3355 189.7843 275.5878 1157.7105;
	3.7999 51.3445 92.1574 118.3239 14.801 30.5566 3.1119 17.5473 7.5867 26.3062 48.6265 72.5412 109.2104 27.4238 201.7807 76.0197 94.3207 99.9518 83.1706 71.0655 1.0373 71.2987 64.8818 87.1141 99.3108 69.8316 12.7363 1125.3146 674.4411 674.4411 635.3618 109.9754 277.2353 182.9229 85.9773 287.7615 939.9095 261.8382 5.8921 266.011 118.4978 338.9742 175.9368 268.8298 949.7002;
	3.8673 52.2563 90.3024 120.259 14.8244 30.5761 7.4189 18.1446 8.0002 19.583 36.1988 54.0015 81.299 20.9048 198.644 74.838 92.8545 98.3981 84.5457 71.1495 2.473 71.3442 22.3131 86.2369 99.0391 72.6792 12.9158 928.262 628.7286 628.7286 575.5181 103.5853 281.819 183.1391 65.5394 268.2576 773.701 249.8939 9.9011 265.2833 119.3579 339.1905 156.631 266.5063 781.7603;
	3.7308 50.4113 93.5222 120.6533 15.2856 26.3024 4.1399 17.9525 22.2841 25.8154 47.7193 71.1878 107.1728 0.5321 195.9301 73.8155 91.5859 97.0537 71.5815 70.612 1.38 61.3722 66.889 87.8806 103.6733 70.5771 13.1313 699.7412 650.0349 650.0349 501.6052 105.5537 238.6048 181.7553 1.6681 277.3482 659.6994 191.6264 0.1105 277.6963 117.7636 291.7808 148.5501 270.5862 666.5713;
	3.5509 47.9806 92.3489 119.7174 15.155 19.2818 2.9989 17.8446 14.4241 25.2697 46.7107 69.6831 104.9076 0.1923 201.3147 75.8441 94.1029 99.721 36.377 71.9066 0.9996 44.9909 67.3418 86.5917 101.6397 71.3529 13.1015 514.7271 681.8965 681.8965 490.3871 98.5586 121.2566 185.0878 0.6028 290.9425 685.1862 190.9677 8.3436 272.2491 118.8465 213.8995 142.6047 274.285 692.3236;
	3.7869 51.1691 94.5159 120.6891 15.0209 19.1396 2.7783 18.0972 26.8349 22.2865 41.1963 61.4567 92.5228 51.3219 198.4753 74.7744 92.7756 98.3145 53.7384 70.5373 0.9261 44.659 67.3946 86.9513 104.6302 71.0579 13.5225 581.4928 683.559 683.559 503.7829 103.9317 179.128 181.5632 160.9012 291.6518 551.8566 214.7979 47.983 280.2594 118.9354 212.3215 142.9937 271.1251 557.6051;
	3.7017 50.0179 91.8903 120.2936 14.5062 19.3637 0.3691 18.1472 19.2127 22.497 41.5854 62.0372 93.3966 37.6864 201.0874 75.7585 93.9967 99.6084 55.8191 71.0371 0.123 45.1819 71.6435 88.6615 104.6771 70.2338 13.4869 461.5677 661.2163 661.2163 457.8435 83.4762 186.0635 182.8496 118.1521 282.119 597.037 217.6752 83.8876 280.385 116.9753 214.8077 148.5498 264.5728 603.2562;
	3.6663 49.5402 92.6805 120.1592 15.1465 18.7794 2.4701 18.5419 13.8355 23.7089 43.8255 65.379 98.4278 29.5317 199.9926 75.3461 93.4849 99.0661 73.1885 70.2124 0.8234 43.8186 67.4532 89.2406 105.1298 73.4545 13.7157 380.8445 650.7262 650.7262 445.4093 75.657 243.9615 180.7268 92.5859 277.6432 558.1745 220.8126 73.044 281.5977 114.6768 208.3259 159.8522 253.3945 563.9888;
	3.2115 43.3944 89.1789 118.5369 14.2925 9.6015 4.9314 18.3823 18.6603 23.5183 43.4732 64.8535 97.6366 18.381 192.8882 72.6695 90.164 95.5469 64.8027 70.6347 1.6438 22.4036 63.4281 88.6838 103.8285 71.7052 13.5296 400.7999 510.1697 510.1697 397.811 84.9913 216.0089 181.814 57.627 217.6724 452.1377 206.3079 151.8645 278.1122 119.3182 106.5129 145.9417 245.4758 456.8475;
	3.4744 46.9472 93.7383 119.5753 14.9331 17.6838 2.1781 19.0476 8.5665 28.2447 52.2099 77.8869 117.2583 21.9553 195.8881 73.7997 91.5663 97.0329 66.7207 71.6279 0.726 41.2623 71.9729 89.9293 106.2628 72.7271 13.7456 979.2512 449.8779 449.8779 290.0393 84.7044 222.4023 184.3703 68.833 191.9479 800.4497 205.9934 120.7708 284.6326 119.0953 196.1727 124.8286 238.4631 808.7877;
	3.3288 44.9798 94.8242 120.6585 14.9501 21.8965 3.8939 19.1005 13.4465 29.3219 54.2011 80.8573 121.7303 53.9016 198.9579 74.9562 93.0012 98.5536 82.56 72.6692 1.298 51.0919 73.6341 89.949 106.0419 73.0465 13.7236 1106.8464 546.506 546.506 205.1757 65.5723 275.1999 187.0508 168.9888 233.1759 917.852 191.5482 155.1411 284.0409 119.1798 242.9057 171.2808 261.6852 927.4129;
