function windprofile = ex_wind_profilesh1
%EX_WIND_PROFILE_D  Example wind_load_nyiso profile data for deterministic unit commitment.
% 2022.03.12
% Andres F. Ramirez


%% define constants
[GEN_BUS, PG, QG, QMAX, QMIN, VG, MBASE, GEN_STATUS, PMAX, PMIN, ...
    MU_PMAX, MU_PMIN, MU_QMAX, MU_QMIN, PC1, PC2, QC1MIN, QC1MAX, ...
    QC2MIN, QC2MAX, RAMP_AGC, RAMP_10, RAMP_30, RAMP_Q, APF] = idx_gen;
[CT_LABEL, CT_PROB, CT_TABLE, CT_TBUS, CT_TGEN, CT_TBRCH, CT_TAREABUS, ...
    CT_TAREAGEN, CT_TAREABRCH, CT_ROW, CT_COL, CT_CHGTYPE, CT_REP, ...
    CT_REL, CT_ADD, CT_NEWVAL, CT_TLOAD, CT_TAREALOAD, CT_LOAD_ALL_PQ, ...
    CT_LOAD_FIX_PQ, CT_LOAD_DIS_PQ, CT_LOAD_ALL_P, CT_LOAD_FIX_P, ...
    CT_LOAD_DIS_P, CT_TGENCOST, CT_TAREAGENCOST, CT_MODCOST_F, ...
    CT_MODCOST_X] = idx_ct;

windprofile = struct( ...
    'type', 'mpcData', ...
    'table', CT_TGEN, ...
    'rows', [1:45], ...
    'col', PMAX, ...
    'chgtype', 1, ...
    'values', [] );
windprofile.values(:,1,:) = [
	3.8536 52.0712 90.0604 117.6507 14.9562 33.0613 31.5854 17.9381 10.0371 14.7675 27.2974 40.7224 61.3074 59.0742 201.6966 75.988 94.2814 99.9102 90.2664 67.7361 10.5285 77.143 20.9693 85.0277 100.2079 74.1434 13.5749 1251.8937 789.5867 789.5867 769.5126 116.772 300.888 174.3528 185.2056 336.8903 1123.6101 282.6169 435.8711 268.414 116.9763 366.7597 205.8839 281.77 1135.3144;
	3.8583 52.1344 89.0895 112.4509 15.1357 33.0602 31.8343 17.5552 13.0676 13.4992 24.953 37.2249 56.0419 64.6878 196.2218 73.9254 91.7223 97.1982 90.0015 69.8779 10.6114 77.1405 25.0414 76.5704 95.573 71.7119 12.6919 1268.1657 825.2756 825.2756 792.071 117.0417 300.0051 179.8658 202.8051 352.1176 1251.5353 267.9621 436.4751 255.999 117.2749 366.748 202.8184 280.0354 1264.5721;
	3.7491 50.6584 87.3934 111.2838 15.2319 33.1993 32.8198 17.3599 24.4873 14.9922 27.7129 41.3422 62.2404 65.2959 180.4009 67.965 84.3269 89.3614 90.1438 69.2154 10.9399 77.4651 28.425 79.4859 83.3176 70.8443 11.8591 1246.861 832.9074 832.9074 796.2092 120.6773 300.4793 178.1606 204.7115 355.3738 1270.3164 293.7596 443.7549 223.1721 116.5189 368.2912 207.9759 260.2326 1283.5488;
	3.6648 49.5201 86.9745 110.5334 15.2175 33.0813 32.039 17.3594 28.3135 29.2901 54.1423 80.7697 121.5983 69.6638 195.3971 73.6147 91.3368 96.7897 87.1587 60.9269 10.6797 77.1898 28.4149 68.0015 91.6688 70.3271 11.9924 1282.2989 838.3062 838.3062 775.1507 119.0199 290.5291 156.826 218.4053 357.6773 1268.1261 310.603 456.186 245.5413 117.7052 366.9822 185.9622 259.8095 1281.3357;
	3.1024 41.9196 87.643 110.3174 14.8499 28.8 31.6304 17.3404 27.9534 29.4771 54.488 81.2854 122.3747 68.3484 197.0837 74.2501 92.1251 97.6252 88.0202 62.7534 10.5435 67.2 69.1914 82.2573 90.7379 69.5599 12.451 1252.2632 804.8228 804.8228 767.784 112.7901 293.4006 161.5274 214.2813 343.3911 1155.2458 312.1782 454.0356 243.048 119.5186 319.4879 173.7462 264.8496 1167.2796;
	3.7112 50.146 87.6749 109.5249 14.6251 31.634 18.2023 17.0181 25.8119 29.7016 54.903 81.9045 123.3068 54.8089 194.6946 73.3501 91.0084 96.4417 59.6122 63.5961 6.0674 73.8128 70.7897 78.1249 77.9412 69.8336 12.5105 1185.3185 792.4056 792.4056 750.1266 113.5189 198.7073 163.6964 171.8334 338.093 1139.7337 299.4922 437.8615 208.771 117.6791 350.9269 159.3425 270.5549 1151.606;
	3.8153 51.5529 91.6098 113.2421 14.9738 33.0723 11.6537 17.3866 25.032 29.2397 54.0491 80.6307 121.3891 65.5564 191.7084 72.225 89.6125 94.9625 86.9908 68.7483 3.8846 77.1687 70.4483 84.8534 95.0291 69.2886 13.1039 1250.0353 798.1565 798.1565 721.1406 115.1951 289.9692 176.9582 205.5281 340.5468 1191.5713 304.4338 398.308 254.5421 121.0063 366.8822 178.8074 269.953 1203.9835;
	3.859 52.1432 93.5372 116.1969 14.7418 33.381 2.4445 17.6427 0.4555 28.3727 52.4466 78.24 117.7898 41.9698 197.2653 74.3186 92.2101 97.7151 86.6783 68.2407 0.8148 77.889 70.3104 83.6275 97.1759 70.0873 13.5151 1276.2582 793.8871 793.8871 715.4606 116.5558 288.9276 175.6519 131.5811 338.7252 1221.0077 301.5707 171.5266 260.2926 121.8253 370.3068 200.183 273.8188 1233.7266;
	3.8567 52.1123 94.8984 117.5643 15.2256 31.7441 0.0 18.182 1.2589 28.4833 52.6509 78.5447 118.2487 25.44 195.7337 73.7415 91.4941 96.9565 87.9451 70.0744 0.0 74.0697 69.7321 84.7846 99.8802 71.1257 13.4819 1180.3703 707.5562 707.5562 727.8565 118.4677 293.1503 180.3716 79.7578 301.8906 1017.353 296.4501 0.0 267.5362 122.8474 352.1483 185.5654 276.1696 1027.9505;
	3.8378 51.8566 95.1128 118.8556 15.3085 31.6247 6.0684 18.5223 19.498 25.9325 47.9358 71.5108 107.6591 21.267 195.1813 73.5334 91.2359 96.6829 91.4057 70.4192 2.0228 73.7911 46.3659 86.9519 102.8564 73.18 13.5769 1004.6996 634.4135 634.4135 599.3735 117.867 304.6857 181.2592 66.6748 270.6831 815.5115 270.5839 63.3101 275.5083 123.3575 350.8237 159.4791 281.1906 824.0064;
	3.7062 50.0796 95.0764 118.1634 15.4113 26.5816 7.3465 18.3432 25.0237 29.2749 54.1143 80.7278 121.5353 0.2658 201.6502 75.9705 94.2597 99.8872 80.0461 70.8132 2.4488 62.0236 69.7586 88.7322 105.306 74.5218 13.8785 818.4076 664.6814 664.6814 520.7404 119.659 266.8203 182.2735 0.8332 283.5974 722.0294 219.9237 39.354 282.0696 122.0453 294.8781 147.8171 279.2067 729.5505;
	3.5718 48.2622 93.9627 113.8141 15.4155 19.0773 0.2659 18.7965 6.3283 26.8889 49.7038 74.1482 111.6297 0.0 202.2297 76.1889 94.5306 100.1742 39.8813 70.8959 0.0886 44.5137 68.8368 86.8944 103.5531 74.8936 13.8566 592.5872 682.6627 682.6627 491.7152 119.0931 132.9376 182.4861 0.0 291.2694 748.8352 215.9334 3.5718 277.3745 123.9541 211.6309 141.9434 278.1801 756.6356;
	3.8852 52.4971 94.4192 114.0062 15.422 20.5684 4.3879 18.4753 26.6777 24.3473 45.0057 67.1396 101.0784 45.3137 191.5071 72.1492 89.5184 94.8628 46.554 69.5236 1.4626 47.993 68.7717 86.5918 103.7477 73.36 13.7707 597.963 675.1863 675.1863 492.4482 110.0228 155.1801 178.9539 142.0645 288.0795 557.7263 226.0701 18.9788 277.8957 123.7018 228.1723 149.7653 271.548 563.536;
	3.7312 50.4169 93.0007 111.6807 15.3971 20.0748 2.4552 18.276 18.7191 22.1633 40.9685 61.117 92.0113 36.12 191.3865 72.1037 89.4621 94.8031 46.2832 69.5053 0.8184 46.8412 68.929 83.8104 101.0148 71.1271 13.1743 547.7757 692.8856 692.8856 479.7549 100.1269 154.2773 178.9069 113.2409 295.6312 663.8153 241.5817 8.6404 270.5752 123.7306 222.6966 161.2619 271.8306 670.7301;
	3.8117 51.5043 89.9024 109.9839 15.2563 18.1953 0.4139 17.5932 1.0053 24.929 46.0808 68.7436 103.493 29.5508 185.3513 69.83 86.641 91.8136 63.24 67.7421 0.138 42.4557 69.405 83.1116 97.509 72.3816 13.0727 368.7939 662.4613 662.4613 437.2524 89.6843 210.8 174.3684 92.6457 282.6502 561.0317 228.6962 0.0472 261.1848 122.7997 201.8465 161.6125 252.1421 566.8758;
	3.5799 48.3725 91.3164 112.917 15.2276 9.9604 2.3751 17.5688 3.4799 27.0003 49.9096 74.4553 112.092 25.9985 155.1535 58.4532 72.5252 76.8551 53.2862 68.4531 0.7917 23.241 69.7342 85.3838 99.2976 73.7305 13.3707 428.3471 556.6094 556.6094 402.9326 88.4932 177.6207 176.1985 81.5088 237.4867 476.8799 209.8839 5.7323 265.9758 122.3242 110.4944 157.8688 255.4202 481.8474;
	3.5936 48.5579 92.8209 114.4741 15.2586 19.0253 6.2809 18.5409 1.3901 27.1796 50.2411 74.9499 112.8367 39.9656 172.0982 64.837 80.4459 85.2486 59.1683 70.1533 2.0936 44.3924 70.0682 86.7732 103.2291 75.1668 13.6859 994.9743 487.5281 487.5281 304.0297 83.9001 197.2277 180.5747 125.2977 208.012 843.0747 220.9451 118.3783 276.5065 119.531 211.054 141.8837 256.1496 851.8568;
	3.0217 40.8301 90.7519 114.5357 15.0492 20.0426 4.4886 18.096 0.0028 27.5051 50.8427 75.8474 114.1878 60.7873 180.023 67.8226 84.1503 89.1742 76.5779 70.0612 1.4962 46.7661 68.8543 85.0472 98.5372 74.6 13.4061 1182.0985 610.0229 610.0229 228.2323 65.0793 255.2598 180.3378 190.5763 260.2764 1017.5385 211.414 125.7754 263.939 115.4461 222.3392 173.7111 264.8632 1028.1378;
