function solarprofile = ex_solar_profilesh1
%EX_WIND_PROFILE_D  Example wind_load_nyiso profile data for deterministic unit commitment.
% 2022.03.12
% Andres F. Ramirez


%% define constants
[GEN_BUS, PG, QG, QMAX, QMIN, VG, MBASE, GEN_STATUS, PMAX, PMIN, ...
    MU_PMAX, MU_PMIN, MU_QMAX, MU_QMIN, PC1, PC2, QC1MIN, QC1MAX, ...
    QC2MIN, QC2MAX, RAMP_AGC, RAMP_10, RAMP_30, RAMP_Q, APF] = idx_gen;
[CT_LABEL, CT_PROB, CT_TABLE, CT_TBUS, CT_TGEN, CT_TBRCH, CT_TAREABUS, ...
    CT_TAREAGEN, CT_TAREABRCH, CT_ROW, CT_COL, CT_CHGTYPE, CT_REP, ...
    CT_REL, CT_ADD, CT_NEWVAL, CT_TLOAD, CT_TAREALOAD, CT_LOAD_ALL_PQ, ...
    CT_LOAD_FIX_PQ, CT_LOAD_DIS_PQ, CT_LOAD_ALL_P, CT_LOAD_FIX_P, ...
    CT_LOAD_DIS_P, CT_TGENCOST, CT_TAREAGENCOST, CT_MODCOST_F, ...
    CT_MODCOST_X] = idx_ct;

solarprofile = struct( ...
    'type', 'mpcData', ...
    'table', CT_TGEN, ...
    'rows', [1:12], ...
    'col', PMAX, ...
    'chgtype', 1, ...
    'values', [] );
solarprofile.values(:,1,:) = [
	0.0 0.0 0.0 0.0 0.0 0.0 0.0 0.0 0.0 0.0 0.0 0.0;
	0.0 0.0 0.0 0.0 0.0 0.0 0.0 0.0 0.0 0.0 0.0 0.0;
	0.0 0.0 0.0 0.0 0.0 0.0 0.0 0.0 0.0 0.0 0.0 0.0;
	0.0 0.0 0.0 0.0 0.0 0.0 0.0 0.0 0.0 0.0 0.0 0.0;
	0.0 0.0 0.0 0.0 0.0 0.0 0.0 0.0 0.0 0.0 0.0 0.0;
	0.4095 0.3481 0.302 0.0 0.0 0.1765 0.0221 0.1431 0.7175 0.0 0.0 0.0;
	4.4076 3.7528 2.6144 1.0845 2.5911 166.9278 20.866 33.8263 112.0735 32.8544 14.8289 59.4995;
	9.618 7.1201 5.6436 2.6832 2.3252 259.6194 32.4524 35.1372 147.5115 137.4173 93.3425 248.8636;
	14.7098 10.6994 7.9045 5.2457 2.4275 272.6506 34.0813 31.1395 154.5353 236.3385 148.1174 428.0105;
	15.1031 11.1201 8.9769 11.5983 12.2369 200.359 25.0449 25.3359 111.8099 326.1286 152.5075 590.6208;
	18.4117 13.5319 11.9409 11.304 11.8334 190.0428 23.7554 24.3446 116.1733 302.1418 163.5399 547.1806;
	19.3995 14.097 13.1069 11.2394 11.7646 176.1522 22.019 20.6656 109.3742 292.0918 164.0234 528.98;
	10.7728 7.5345 8.8499 11.4113 10.1593 222.0283 27.7535 31.1492 173.491 243.2367 112.0209 440.503;
	7.1726 5.2527 4.8137 11.505 10.3518 178.9207 22.3651 33.2152 157.2872 239.6463 114.7945 434.001;
	2.7319 2.1856 1.506 11.1427 10.4636 103.3895 12.9237 31.0202 118.1154 208.6104 98.3341 377.7947;
	0.5276 0.6372 0.1028 6.4569 6.2292 39.3085 4.9136 16.7897 63.8498 20.3449 10.4359 36.8447;
	0.2752 0.2325 0.211 1.1381 1.4838 50.6424 6.3303 3.7833 41.8144 3.561 3.8319 6.4491;
	0.0 0.0 0.0 0.0 0.0 0.0 0.0 0.0 0.0 0.0 0.0 0.0;
	0.0 0.0 0.0 0.0 0.0 0.0 0.0 0.0 0.0 0.0 0.0 0.0;
	0.0 0.0 0.0 0.0 0.0 0.0 0.0 0.0 0.0 0.0 0.0 0.0;
	0.0 0.0 0.0 0.0 0.0 0.0 0.0 0.0 0.0 0.0 0.0 0.0;
	0.0 0.0 0.0 0.0 0.0 0.0 0.0 0.0 0.0 0.0 0.0 0.0;
	0.0 0.0 0.0 0.0 0.0 0.0 0.0 0.0 0.0 0.0 0.0 0.0;
	0.0 0.0 0.0 0.0 0.0 0.0 0.0 0.0 0.0 0.0 0.0 0.0;
];
