function loadprofile = ex_load_profilesh1
%EX_LOAD_PROFILE  Example load profile data file for stochastic unit commitment.
% 2022.03.12
% Andres F. Ramirez

%% define constants
[CT_LABEL, CT_PROB, CT_TABLE, CT_TBUS, CT_TGEN, CT_TBRCH, CT_TAREABUS, ...
    CT_TAREAGEN, CT_TAREABRCH, CT_ROW, CT_COL, CT_CHGTYPE, CT_REP, ...
    CT_REL, CT_ADD, CT_NEWVAL, CT_TLOAD, CT_TAREALOAD, CT_LOAD_ALL_PQ, ...
    CT_LOAD_FIX_PQ, CT_LOAD_DIS_PQ, CT_LOAD_ALL_P, CT_LOAD_FIX_P, ...
    CT_LOAD_DIS_P, CT_TGENCOST, CT_TAREAGENCOST, CT_MODCOST_F, ...
    CT_MODCOST_X] = idx_ct;

loadprofile = struct( ...
    'type', 'mpcData', ...
    'table', CT_TAREALOAD, ...
    'rows', [1:11], ...
    'col', CT_LOAD_ALL_P, ...
    'chgtype', 1, ...
    'values', [] );
loadprofile.values(:,1,:) = [
	1498.4749 886.9 1486.6789 512.7 744.933 1095.3942 825.9084 217.7742 451.1 4149.1352 1419.8947;
	1500.0318 880.7826 1482.8702 528.2705 736.6 1078.3 805.6 211.3 425.0597 4099.8888 1374.7292;
	1478.7 889.1052 1501.8211 540.0 772.5326 1104.5622 818.5936 197.028 430.599 3946.8289 1420.2783;
	1568.4911 961.3 1608.8024 542.4931 829.3729 1168.333 851.2367 211.4662 477.1241 4302.5244 1564.0142;
	1734.8033 1086.3 1803.7265 562.8 962.6 1340.3493 964.3 264.7826 544.0356 4900.8654 1842.4481;
	1843.487 1170.5478 1949.5431 589.7862 1042.2 1433.6048 1053.4 313.1736 645.5404 5420.5008 2093.9972;
	1881.4 1167.8489 1957.5061 566.3 1052.5308 1412.4666 1072.5405 334.4 660.9481 5767.2386 2126.4315;
	1883.3969 1200.3043 1924.6608 557.1174 1020.7 1409.2687 1074.6078 343.6009 667.0991 5966.7884 2160.2942;
	1899.209 1186.0169 1964.5628 544.5527 1008.5 1372.6414 1070.2 358.7 673.3252 6017.9531 2108.8185;
	1922.1968 1187.6749 1989.9553 542.4661 1027.0362 1384.9265 1108.6991 357.0558 674.2367 6023.2 2131.2326;
	1932.4192 1164.8355 1970.4162 535.5586 1017.4 1348.2626 1119.4924 340.1 665.9491 6107.9362 2177.8787;
	1896.1693 1115.0112 1925.3568 536.6069 995.5804 1334.8533 1065.5072 317.7993 642.6 5983.5981 2025.7852;
	1900.3579 1101.0919 1933.128 538.2518 970.1626 1295.1984 1064.6312 320.5956 645.5456 5965.9953 2031.1125;
	1835.1059 1110.4 1897.2386 535.9347 979.6693 1305.4 1063.5603 336.1154 650.3426 6094.4782 2192.7268;
	1855.099 1122.5938 1861.419 523.9 958.2691 1315.1235 1055.2199 323.891 644.4547 6026.3075 2223.4403;
	1780.1909 1092.6 1861.2257 536.9144 972.982 1280.7143 1059.8158 320.5123 628.485 6051.2438 2214.6377;
	1800.2532 1082.4949 1889.3698 546.9 983.686 1297.2718 1068.6589 331.5065 629.0693 5984.5982 2287.0871;
	1823.4 1122.7212 1907.7443 550.0945 1028.6019 1375.8873 1097.2476 339.0334 678.2347 5977.0954 2383.8469;
	1839.6626 1146.6047 1910.3 553.7829 1000.2 1374.2077 1110.9634 337.7503 664.4603 5816.1167 2353.4538;
	1757.7387 1074.514 1773.9684 539.2 962.0631 1294.4557 1048.7391 323.5925 637.9371 5582.0302 2204.7849;
	1699.9487 992.872 1660.3672 498.6991 870.8032 1205.2449 976.3297 295.3 600.4128 5260.0279 2031.4512;
	1583.0231 925.7133 1528.2375 453.0625 812.3 1140.0 918.4254 267.6 555.6609 4939.4 1914.6239;
	1519.3 886.6666 1463.3586 502.1624 786.4228 1093.0983 882.1669 239.5316 524.4375 4627.4888 1745.9514;
	1517.0685 877.5377 1435.8512 499.5573 743.2698 1066.3534 858.5714 224.0333 481.9 4417.3019 1631.4177;
];
