function solarprofile = ex_solar_profilesh1
%EX_WIND_PROFILE_D  Example wind_load_nyiso profile data for deterministic unit commitment.
% 2022.03.12
% Andres F. Ramirez


%% define constants
[GEN_BUS, PG, QG, QMAX, QMIN, VG, MBASE, GEN_STATUS, PMAX, PMIN, ...
    MU_PMAX, MU_PMIN, MU_QMAX, MU_QMIN, PC1, PC2, QC1MIN, QC1MAX, ...
    QC2MIN, QC2MAX, RAMP_AGC, RAMP_10, RAMP_30, RAMP_Q, APF] = idx_gen;
[CT_LABEL, CT_PROB, CT_TABLE, CT_TBUS, CT_TGEN, CT_TBRCH, CT_TAREABUS, ...
    CT_TAREAGEN, CT_TAREABRCH, CT_ROW, CT_COL, CT_CHGTYPE, CT_REP, ...
    CT_REL, CT_ADD, CT_NEWVAL, CT_TLOAD, CT_TAREALOAD, CT_LOAD_ALL_PQ, ...
    CT_LOAD_FIX_PQ, CT_LOAD_DIS_PQ, CT_LOAD_ALL_P, CT_LOAD_FIX_P, ...
    CT_LOAD_DIS_P, CT_TGENCOST, CT_TAREAGENCOST, CT_MODCOST_F, ...
    CT_MODCOST_X] = idx_ct;

solarprofile = struct( ...
    'type', 'mpcData', ...
    'table', CT_TGEN, ...
    'rows', [1:12], ...
    'col', PMAX, ...
    'chgtype', 1, ...
    'values', [] );
solarprofile.values(:,1,:) = [
	0.0 0.0 0.0 0.0 0.0 0.0 0.0 0.0 0.0 0.0 0.0 0.0;
	0.0 0.0 0.0 0.0 0.0 0.0 0.0 0.0 0.0 0.0 0.0 0.0;
	0.0 0.0 0.0 0.0 0.0 0.0 0.0 0.0 0.0 0.0 0.0 0.0;
	0.0 0.0 0.0 0.0 0.0 0.0 0.0 0.0 0.0 0.0 0.0 0.0;
	0.0 0.0 0.0 0.0 0.0 0.0 0.0 0.0 0.0 0.0 0.0 0.0;
	0.4294 0.3689 0.3365 0.0 0.0 5.6938 0.7117 1.386 0.8792 0.0 0.0 0.0;
	3.9598 3.3763 3.1712 1.1735 0.7679 187.452 23.4315 29.7671 88.4894 207.4073 38.1599 375.6158;
	8.0751 7.4121 6.9335 5.3213 2.0877 151.996 18.9995 28.129 88.7312 134.7384 89.7589 244.012;
	11.8212 12.3839 10.6021 9.542 4.1477 171.6053 21.4507 35.2966 88.9688 191.4411 132.4508 346.701;
	13.9707 12.4804 12.8746 11.6671 12.9916 195.7492 24.4686 33.5172 68.6012 329.4933 156.1437 596.7144;
	12.7765 11.0713 11.3197 11.158 11.8659 188.3214 23.5402 19.6238 43.9472 354.4299 218.7026 641.8747;
	10.7567 8.0087 8.2736 11.2014 9.5689 140.3153 17.5394 8.9204 20.3475 358.466 242.618 649.1841;
	5.5579 5.8188 6.0279 10.7924 5.9215 144.8525 18.1066 15.8083 43.4499 206.4119 159.4489 373.8132;
	5.0841 6.7665 5.6475 10.1578 8.1241 114.6943 14.3368 22.2109 45.5625 77.0076 115.1778 139.4612;
	3.2723 4.3741 4.7383 7.465 8.7886 105.3405 13.1676 26.7717 53.1189 35.2091 75.9414 63.7639;
	1.5909 1.0309 1.1938 1.9181 5.3309 156.2862 19.5358 31.8456 86.2435 17.3361 8.7341 31.3957;
	0.3226 0.1937 0.2146 1.1868 1.3504 60.364 7.5455 5.8512 40.9644 6.8015 4.474 12.3175;
	0.0 0.0 0.0 0.0 0.0 0.0 0.0 0.0 0.0 0.0 0.0 0.0;
	0.0 0.0 0.0 0.0 0.0 0.0 0.0 0.0 0.0 0.0 0.0 0.0;
	0.0 0.0 0.0 0.0 0.0 0.0 0.0 0.0 0.0 0.0 0.0 0.0;
	0.0 0.0 0.0 0.0 0.0 0.0 0.0 0.0 0.0 0.0 0.0 0.0;
	0.0 0.0 0.0 0.0 0.0 0.0 0.0 0.0 0.0 0.0 0.0 0.0;
	0.0 0.0 0.0 0.0 0.0 0.0 0.0 0.0 0.0 0.0 0.0 0.0;
	0.0 0.0 0.0 0.0 0.0 0.0 0.0 0.0 0.0 0.0 0.0 0.0;
];
