function windprofile = ex_wind_profilesh1
%EX_WIND_PROFILE_D  Example wind_load_nyiso profile data for deterministic unit commitment.
% 2022.03.12
% Andres F. Ramirez


%% define constants
[GEN_BUS, PG, QG, QMAX, QMIN, VG, MBASE, GEN_STATUS, PMAX, PMIN, ...
    MU_PMAX, MU_PMIN, MU_QMAX, MU_QMIN, PC1, PC2, QC1MIN, QC1MAX, ...
    QC2MIN, QC2MAX, RAMP_AGC, RAMP_10, RAMP_30, RAMP_Q, APF] = idx_gen;
[CT_LABEL, CT_PROB, CT_TABLE, CT_TBUS, CT_TGEN, CT_TBRCH, CT_TAREABUS, ...
    CT_TAREAGEN, CT_TAREABRCH, CT_ROW, CT_COL, CT_CHGTYPE, CT_REP, ...
    CT_REL, CT_ADD, CT_NEWVAL, CT_TLOAD, CT_TAREALOAD, CT_LOAD_ALL_PQ, ...
    CT_LOAD_FIX_PQ, CT_LOAD_DIS_PQ, CT_LOAD_ALL_P, CT_LOAD_FIX_P, ...
    CT_LOAD_DIS_P, CT_TGENCOST, CT_TAREAGENCOST, CT_MODCOST_F, ...
    CT_MODCOST_X] = idx_ct;

windprofile = struct( ...
    'type', 'mpcData', ...
    'table', CT_TGEN, ...
    'rows', [1:45], ...
    'col', PMAX, ...
    'chgtype', 1, ...
    'values', [] );
windprofile.values(:,1,:) = [
	3.9929 53.9531 94.931 120.9552 14.6153 35.1143 30.4152 18.9608 6.0626 14.0712 26.0103 38.8023 58.4167 50.6807 200.1109 75.3906 93.5402 99.1247 92.1819 71.4071 10.1384 81.9333 18.8057 87.5056 105.777 75.6155 14.1393 1307.194 819.8966 819.8966 787.5107 117.5033 307.2732 183.802 158.8909 349.8225 1145.094 287.9279 443.9129 283.3313 122.9783 389.5342 218.1279 286.5548 1157.022;
	3.9438 53.2894 94.5684 120.8683 14.7928 34.9965 30.8306 19.0865 5.5825 12.2244 22.5966 33.7097 50.7497 54.3155 192.2645 72.4345 89.8725 95.238 90.3767 71.3405 10.2769 81.6586 20.7384 88.1832 106.4056 75.018 14.0738 1316.7152 792.3027 792.3027 782.7317 119.7009 301.2555 183.6307 170.2865 338.0492 1219.1247 277.5518 438.9516 285.015 123.6682 388.2283 216.1662 286.3903 1231.8239;
	3.8478 51.992 92.8515 119.8316 14.9239 34.9762 32.0879 19.0768 21.3218 14.6027 26.9929 40.268 60.6233 41.6358 172.6312 65.0378 80.695 85.5127 89.4022 70.9135 10.696 81.6112 25.5643 88.6248 106.376 75.2916 13.9761 1298.0823 797.4383 797.4383 783.1664 119.3435 298.0074 182.5314 130.5338 340.2403 1230.3428 296.5034 439.502 284.9357 121.6067 388.003 217.2965 281.1461 1243.1588;
	3.707 50.0895 92.9711 119.6873 15.186 34.6261 31.2542 18.9567 27.8523 28.5372 52.7505 78.6934 118.4725 60.2374 196.806 74.1455 91.9954 97.4876 86.8202 67.6791 10.4181 80.7943 25.3058 89.6958 105.9275 75.7302 13.9345 1287.196 796.1606 796.1606 797.3444 116.1845 289.4008 174.2061 188.8524 339.6952 1196.8457 326.8323 442.9102 283.7344 122.4048 384.1192 188.3949 282.8733 1209.3129;
	3.3117 44.7478 94.9822 121.0103 15.2741 32.714 31.6055 19.1858 28.113 30.613 56.5876 84.4176 127.0903 63.2375 204.2153 76.9369 95.4588 101.1578 88.0728 72.2769 10.5352 76.3326 74.1119 90.1985 106.6675 76.1805 14.1507 1310.6764 817.6072 817.6072 785.9126 116.7007 293.5761 186.0408 198.2581 348.8458 1177.0664 337.8488 459.7891 285.7165 123.6109 362.9069 193.6933 284.0646 1189.3275;
	3.7163 50.2156 94.4448 120.4686 14.9401 33.4694 19.2402 19.1419 26.3893 29.4926 54.5166 81.3281 122.439 53.5673 198.004 74.5969 92.5554 98.0811 56.8289 69.3242 6.4134 78.0953 70.4843 90.1004 106.5237 75.0981 14.1593 1334.0742 803.1662 803.1662 790.7396 115.4604 189.4296 178.4407 167.9406 342.6843 1200.9375 326.1245 453.4591 285.3314 122.1392 371.2872 163.573 281.5835 1213.4473;
	3.7807 51.0851 94.3325 120.8551 15.0547 34.8268 13.3488 18.9205 25.9703 30.0989 55.6373 82.9999 124.9559 63.4466 192.6468 72.5786 90.0512 95.4274 71.6755 71.9476 4.4496 81.2626 71.6674 90.0878 106.4884 71.7649 14.1094 1346.3753 791.3935 791.3935 754.4666 114.234 238.9183 185.1933 198.9137 337.6612 1189.5987 318.3067 420.6135 285.2367 122.9112 386.3456 184.5517 275.4807 1201.9903;
	3.7846 51.1385 93.6947 119.7342 14.9081 34.8582 6.3153 18.7541 14.9056 28.5603 52.7932 78.7571 118.5683 44.4513 196.1905 73.9136 91.7076 97.1827 81.856 71.9242 2.1051 81.3358 71.8177 89.1822 103.7419 70.6803 13.886 1301.215 787.4913 787.4913 716.111 113.6395 272.8532 185.133 139.3609 335.9963 1209.5005 313.0536 177.6914 277.88 120.0619 386.6939 209.0637 273.2055 1222.0995;
	3.7627 50.8429 93.2098 120.5177 14.7868 32.526 6.7397 19.0123 14.512 29.3735 54.2964 80.9995 121.9444 24.8271 196.6412 74.0834 91.9183 97.406 88.2448 73.1977 2.2466 75.894 74.1826 89.4927 104.3602 73.8222 13.6607 1178.7514 703.0102 703.0102 702.5693 112.0611 294.1493 188.4112 77.8364 299.951 1016.0784 284.9373 31.9143 279.5364 123.3058 360.8218 190.26 271.4078 1026.6626;
	3.7845 51.1373 90.7361 120.5858 15.1506 31.344 3.5706 18.9051 15.4554 27.7172 51.2348 76.4322 115.0682 21.3561 199.345 75.1021 93.1822 98.7453 91.834 73.906 1.1902 73.136 57.4798 89.421 103.1629 74.1209 13.0748 952.131 629.3165 629.3165 558.2654 112.0453 306.1134 190.2342 66.9544 268.5084 822.5534 253.8869 6.4203 276.3292 123.9956 347.7095 159.9114 273.1022 831.1217;
	3.6948 49.9244 93.3368 120.7176 15.2316 28.0394 1.5977 19.0118 15.4871 29.9519 55.3656 82.5945 124.3456 0.6345 198.612 74.8259 92.8395 98.3822 82.1009 72.519 0.5326 65.4254 74.6869 89.9713 106.0421 75.8215 13.59 788.1059 673.4192 673.4192 490.517 105.6371 273.6697 186.6641 1.9894 287.3255 761.6094 204.615 0.0215 284.0415 123.5072 311.0509 152.363 275.8117 769.5428;
	3.5911 48.5234 95.074 121.001 14.9585 21.7174 1.4044 19.1091 9.7556 28.0427 51.8366 77.33 116.4198 1.639 198.4657 74.7708 92.7712 98.3098 40.404 72.2718 0.4681 50.674 74.2166 89.9838 106.4059 75.0036 13.9145 497.0507 690.6867 690.6867 469.6332 102.0741 134.6799 186.0277 5.1384 294.693 774.2542 199.2979 0.3475 285.0159 123.8963 240.9186 140.9965 281.6877 782.3193;
	3.8845 52.4876 95.3593 120.9541 14.8244 23.6249 0.0 19.1528 25.5241 25.1799 46.5447 69.4356 104.5349 35.6046 197.246 74.3113 92.201 97.7056 61.7875 72.1723 0.0 55.1249 75.2682 89.3243 106.6257 72.8881 13.9721 470.0986 665.3493 665.3493 486.1588 101.3998 205.9585 185.7716 111.6251 283.8824 561.0947 221.7573 0.0 285.6046 123.3477 262.0794 149.2737 282.4089 566.9394;
	3.7483 50.6482 94.8639 120.4732 14.8588 22.3499 0.0 18.7284 17.4688 22.8301 42.2011 62.9557 94.7795 32.1947 195.7166 73.7351 91.4861 96.948 59.5178 72.3184 0.0 52.1498 73.7163 88.9349 105.2572 73.3549 13.3782 472.4919 642.7919 642.7919 464.684 86.7902 198.3928 186.1478 100.9346 274.2579 659.9447 235.1387 0.0 281.9389 122.0817 247.935 160.6629 275.857 666.8191;
	3.6954 49.9333 93.2708 118.4431 14.8645 19.5076 0.0 18.3206 0.9145 26.7942 49.5287 73.8871 111.2367 30.5243 191.8217 72.2677 89.6655 95.0187 78.4093 72.4 0.0 45.5177 73.7145 86.2836 101.2426 72.3443 13.3837 393.8809 639.5668 639.5668 437.0746 81.7496 261.3645 186.3578 95.6979 272.8818 606.6464 239.1727 0.1554 271.1855 117.4623 216.404 169.7405 257.2526 612.9657;
	3.4036 45.9897 93.5089 120.175 14.7194 10.816 0.0 18.6039 6.8777 29.5553 54.6326 81.501 122.6994 24.6434 188.1463 70.883 87.9475 93.1981 71.6215 73.3286 0.0 25.2373 74.4325 88.1717 102.5909 73.8591 13.6014 367.534 478.092 478.092 410.9653 80.7369 238.7382 188.748 77.2605 203.9859 448.8823 220.3733 27.7477 274.7969 121.726 119.9851 155.9921 254.3247 453.5582;
	3.2552 43.9852 93.1674 120.147 14.6546 18.7665 0.0 18.9745 24.2484 29.7011 54.902 81.903 123.3046 32.7501 184.3862 69.4664 86.1898 91.3355 68.9883 73.3631 0.0 43.7885 75.0673 87.7725 105.0039 74.065 13.6397 920.0514 411.5891 411.5891 296.3206 86.9776 229.9611 188.8367 102.6761 175.6114 772.9951 222.2901 115.5675 281.2603 122.8475 208.183 134.8463 249.0027 781.0472;
	3.2548 43.979 93.5417 120.2284 14.6309 21.493 0.0136 19.0178 23.6097 29.5077 54.5445 81.3697 122.5016 60.1524 188.067 70.8532 87.9104 93.1588 79.9232 73.4252 0.0045 50.1504 74.6052 87.888 103.3661 73.3691 13.8791 1174.7243 529.7942 529.7942 215.13 64.6444 266.4105 188.9967 188.5857 226.0455 1007.8113 197.0519 135.3666 276.8735 123.6172 238.4293 173.437 264.1629 1018.3093;
