function windprofile = ex_wind_profilesh1
%EX_WIND_PROFILE_D  Example wind_load_nyiso profile data for deterministic unit commitment.
% 2022.03.12
% Andres F. Ramirez


%% define constants
[GEN_BUS, PG, QG, QMAX, QMIN, VG, MBASE, GEN_STATUS, PMAX, PMIN, ...
    MU_PMAX, MU_PMIN, MU_QMAX, MU_QMIN, PC1, PC2, QC1MIN, QC1MAX, ...
    QC2MIN, QC2MAX, RAMP_AGC, RAMP_10, RAMP_30, RAMP_Q, APF] = idx_gen;
[CT_LABEL, CT_PROB, CT_TABLE, CT_TBUS, CT_TGEN, CT_TBRCH, CT_TAREABUS, ...
    CT_TAREAGEN, CT_TAREABRCH, CT_ROW, CT_COL, CT_CHGTYPE, CT_REP, ...
    CT_REL, CT_ADD, CT_NEWVAL, CT_TLOAD, CT_TAREALOAD, CT_LOAD_ALL_PQ, ...
    CT_LOAD_FIX_PQ, CT_LOAD_DIS_PQ, CT_LOAD_ALL_P, CT_LOAD_FIX_P, ...
    CT_LOAD_DIS_P, CT_TGENCOST, CT_TAREAGENCOST, CT_MODCOST_F, ...
    CT_MODCOST_X] = idx_ct;

windprofile = struct( ...
    'type', 'mpcData', ...
    'table', CT_TGEN, ...
    'rows', [1:45], ...
    'col', PMAX, ...
    'chgtype', 1, ...
    'values', [] );
windprofile.values(:,1,:) = [
	3.9296 53.0977 89.404 115.5032 14.7744 34.3281 31.5157 17.3611 0.2284 16.6518 30.7805 45.9185 69.13 44.9309 195.5795 73.6834 91.422 96.8801 85.7459 68.5923 10.5052 80.0989 23.2644 86.7326 101.654 72.3978 13.5304 1221.0328 788.577 788.577 748.7605 117.6145 285.8198 176.5567 140.8644 336.4595 1109.0352 275.8182 445.074 272.2874 120.5116 380.8132 217.3885 268.3182 1120.5876;
	3.9562 53.4567 94.2246 117.8987 14.6385 34.9376 32.1218 17.7869 8.8028 13.622 25.1801 37.5638 56.552 57.8989 186.2319 70.1618 87.0526 92.2497 87.294 70.0748 10.7073 81.521 26.7384 86.6139 102.5638 74.0295 13.2398 1238.1125 795.1871 795.1871 766.3338 115.7565 290.9799 180.3728 181.521 339.2798 1215.266 265.8788 440.8677 274.7245 121.4908 387.5743 217.8541 281.2406 1227.925;
	3.9021 52.7259 94.1529 120.6177 14.8643 35.0928 32.8642 17.8013 21.6803 15.4951 28.6425 42.729 64.3283 61.5617 166.6809 62.796 77.9136 82.5652 87.7482 70.0766 10.9547 81.8833 27.4787 88.945 104.3668 75.9575 13.2314 1210.8574 772.4715 772.4715 745.5521 115.1179 292.494 180.3772 193.0042 329.5879 1185.0049 276.6529 453.6813 279.554 121.8611 389.2964 219.0413 274.8446 1197.3487;
	3.7911 51.2265 94.4384 120.8608 14.9617 34.8193 32.0007 17.7113 27.4123 28.4632 52.6139 78.4895 118.1656 64.9522 190.4081 71.7352 89.0047 94.3185 87.5773 67.6048 10.6669 81.2451 22.9251 88.6196 102.3591 75.479 13.1556 1262.1533 792.2323 792.2323 790.538 114.3682 291.9243 174.0148 203.6339 338.0191 1191.5531 294.0226 461.2749 274.1761 122.267 386.2625 196.4124 270.1744 1203.9651;
	3.1667 42.7885 92.3061 117.7284 14.9483 32.596 31.8789 16.9294 26.6058 28.6676 52.9915 79.053 119.0138 63.8716 193.2946 72.8226 90.354 95.7483 87.5305 66.7769 10.6263 76.0573 70.4874 85.1427 97.3967 71.0347 12.8496 1323.5839 772.9632 772.9632 757.0671 115.582 291.7683 171.884 200.2462 329.7976 1156.9053 304.1546 456.9447 260.884 118.184 361.598 194.5261 268.0925 1168.9563;
	3.8135 51.5282 92.4271 117.9911 15.261 34.3376 19.5931 17.2917 26.3842 28.5289 52.7352 78.6706 118.4382 54.8553 194.2818 73.1945 90.8154 96.2372 60.287 67.6087 6.531 80.121 69.5589 86.151 98.6489 72.5992 13.2034 1282.5977 781.7954 781.7954 749.0586 116.3549 200.9566 174.025 171.9788 333.566 1182.6085 311.3366 450.9331 264.2382 117.772 380.9181 174.3607 265.9488 1194.9274;
	3.7676 50.9081 92.0023 117.9696 15.2281 34.9468 14.2442 17.0277 26.6228 29.2369 54.0439 80.6229 121.3773 66.1902 197.0613 74.2417 92.1147 97.6141 87.0606 70.719 4.7481 81.5426 70.7963 86.6098 101.5068 71.6741 13.2243 1300.5552 762.1248 762.1248 723.1765 116.7438 290.202 182.0309 207.5151 325.1733 1154.1604 323.724 424.6708 271.8933 119.9456 387.677 188.0663 267.3481 1166.1829;
	3.9058 52.7753 94.2389 120.3203 15.3373 35.0656 9.5999 17.3959 18.7251 29.5216 54.5702 81.4081 122.5594 49.7296 202.1546 76.1606 94.4955 100.1371 87.2049 71.1953 3.2 81.8197 72.2113 88.5635 102.807 73.1061 13.5217 1309.5941 784.5605 784.5605 745.1308 119.5439 290.6829 183.2568 155.9091 334.7458 1227.336 319.4417 185.8229 275.376 119.5679 388.9941 210.0918 274.968 1240.1207;
	3.8193 51.607 92.9493 120.0519 14.9668 33.2562 3.0371 17.3299 7.2012 28.4975 52.6771 78.5839 118.3077 29.078 196.0989 73.8791 91.6648 97.1374 84.173 70.2605 1.0124 77.5977 65.7399 86.6247 100.9269 70.2682 13.0773 1175.6121 665.4189 665.4189 696.3694 114.3324 280.5767 180.8507 91.1634 283.9121 1034.9811 286.6402 77.4863 270.3399 118.4954 368.9218 190.7136 271.7189 1045.7621;
	3.8863 52.5128 89.5785 119.9043 15.2256 31.3933 3.6129 17.7773 4.217 23.7705 43.9395 65.549 98.6837 21.6176 188.1275 70.8759 87.9387 93.1887 84.6563 68.6973 1.2043 73.2511 24.0577 87.4868 101.4408 71.5561 12.9115 1010.5862 585.7363 585.7363 565.2128 111.0353 282.1875 176.827 67.7742 249.9142 830.4414 255.7855 61.541 271.7165 118.6606 348.2564 163.2586 267.1215 839.0918;
	3.6262 48.9976 93.1372 118.9419 15.1435 27.541 2.5881 17.5977 3.5765 28.3998 52.4967 78.3147 117.9023 0.2877 195.1265 73.5128 91.2103 96.6557 79.912 70.0434 0.8627 64.2624 65.6758 89.0621 103.0633 70.1071 13.2461 818.104 634.518 634.518 502.0204 115.0231 266.3733 180.2918 0.9021 270.7277 730.9558 213.9186 40.1924 276.0623 118.8391 305.5217 157.7679 265.4599 738.5699;
	3.5547 48.0323 92.4123 118.3115 14.8516 20.3934 0.7475 17.881 3.6355 26.3376 48.6846 72.6278 109.3408 2.7945 200.6613 75.598 93.7975 99.3973 35.5578 72.0867 0.2492 47.5846 68.7852 88.3978 102.1355 71.622 13.4199 634.0602 722.2571 722.2571 499.8936 113.6293 118.5261 185.5513 8.7611 308.163 791.5169 204.1207 5.7654 273.5772 121.6114 226.2307 148.961 266.1081 799.7619;
	3.703 50.0363 90.3502 117.5792 14.681 20.7946 2.648 17.4616 25.2993 21.1406 39.078 58.2967 87.7654 51.8844 197.2926 74.3288 92.2228 97.7286 51.5225 72.0885 0.8827 48.5208 65.2546 85.2646 101.537 69.8353 13.5598 635.8618 708.0133 708.0133 500.6254 108.688 171.7418 185.5559 162.6646 302.0857 594.6094 226.4078 24.4118 271.974 120.9817 230.6815 147.2211 252.7771 600.8032;
	3.5997 48.6402 86.8534 113.2783 14.4495 18.6982 0.0 17.4958 18.0811 20.7421 38.3415 57.198 86.1113 37.9618 195.3888 73.6116 91.3329 96.7856 51.7274 71.8269 0.0 43.6292 62.1426 84.7864 98.2028 70.3323 13.3021 531.8839 650.511 650.511 452.7664 83.2203 172.4247 184.8827 119.0154 277.5514 629.7466 226.4628 0.0 263.0432 120.9957 207.4255 149.6546 249.831 636.3064;
	3.7567 50.7617 91.5069 118.222 14.9072 18.9332 1.5999 17.922 9.2377 25.0832 46.366 69.1689 104.1335 33.7013 193.4337 72.875 90.419 95.8172 67.1414 71.2559 0.5333 44.1775 61.2805 86.9117 100.4754 71.4174 13.6334 380.7644 675.9783 675.9783 433.161 84.9828 223.8047 183.4128 105.6581 288.4174 570.868 234.7101 40.286 269.1304 122.1044 210.0325 165.539 226.2822 576.8146;
	3.4103 46.0802 88.036 114.9066 14.342 9.0488 0.5145 17.6642 3.9326 27.3404 50.5383 75.3932 113.5041 26.5797 187.5028 70.6406 87.6466 92.8793 59.0352 72.6987 0.1715 21.1138 58.7493 86.646 99.092 71.099 13.4618 398.2112 537.0416 537.0416 405.6009 86.5088 196.784 187.1266 83.3308 229.1378 454.2361 220.1342 0.0 265.4251 123.284 100.381 151.3991 228.9771 458.9677;
	3.3695 45.5298 87.5386 113.5996 14.0533 17.5444 2.3622 17.9374 1.0211 26.8254 49.5864 73.9731 111.3662 33.7975 181.028 68.2013 84.6201 89.672 52.8612 70.2589 0.7874 40.937 60.9411 85.6765 102.418 70.7043 13.1892 945.1917 474.4622 474.4622 310.0499 82.9619 176.2039 180.8467 105.9597 202.4372 829.9304 226.246 93.9139 274.3338 120.6115 194.6261 125.019 234.138 838.5755;
	3.139 42.4149 86.8782 113.7531 14.0603 20.6469 0.0 18.0403 0.0188 28.1559 52.0457 77.6419 116.8894 59.632 190.9816 71.9512 89.2728 94.6025 67.4078 71.6824 0.0 48.1761 66.2852 86.3471 100.1339 70.6854 13.5788 1123.001 549.4341 549.4341 213.6308 61.6046 224.6927 184.5106 186.9542 234.4252 949.2782 197.4042 115.1908 268.2158 122.1484 229.0429 163.43 257.8526 959.1665;
