function loadprofile = ex_load_profilesh1
%EX_LOAD_PROFILE  Example load profile data file for stochastic unit commitment.
% 2022.03.12
% Andres F. Ramirez

%% define constants
[CT_LABEL, CT_PROB, CT_TABLE, CT_TBUS, CT_TGEN, CT_TBRCH, CT_TAREABUS, ...
    CT_TAREAGEN, CT_TAREABRCH, CT_ROW, CT_COL, CT_CHGTYPE, CT_REP, ...
    CT_REL, CT_ADD, CT_NEWVAL, CT_TLOAD, CT_TAREALOAD, CT_LOAD_ALL_PQ, ...
    CT_LOAD_FIX_PQ, CT_LOAD_DIS_PQ, CT_LOAD_ALL_P, CT_LOAD_FIX_P, ...
    CT_LOAD_DIS_P, CT_TGENCOST, CT_TAREAGENCOST, CT_MODCOST_F, ...
    CT_MODCOST_X] = idx_ct;

loadprofile = struct( ...
    'type', 'mpcData', ...
    'table', CT_TAREALOAD, ...
    'rows', [1:11], ...
    'col', CT_LOAD_ALL_P, ...
    'chgtype', 1, ...
    'values', [] );
loadprofile.values(:,1,:) = [
	1428.3895 848.0482 1469.558 521.1379 738.1582 1092.2871 832.6982 244.6 487.4475 4382.0604 1658.9102;
	1435.5513 846.0 1466.784 523.8 709.2082 1096.0452 830.8269 229.7783 479.9833 4306.5 1648.24;
	1444.875 842.3013 1489.4278 520.3 732.197 1113.8209 831.0 234.6 490.0 4335.7415 1664.1653;
	1498.9123 898.7867 1586.8118 535.8 798.4 1166.3017 880.2839 255.2256 519.7 4569.6695 1770.1102;
	1651.7138 996.744 1766.8634 570.5246 907.2717 1297.6 981.0 304.2402 593.0 5084.1835 1997.2187;
	1780.0634 1107.1 1904.5523 588.9384 994.2 1414.0 1071.4246 332.1581 658.6 5658.9548 2163.5276;
	1821.1 1136.7103 1931.4711 592.1827 966.0009 1390.0352 1103.9169 320.7 672.4836 5895.2308 2188.9;
	1810.9811 1125.3598 1946.2737 570.5959 980.7958 1416.8195 1127.7944 327.4 691.0622 6147.3685 2199.4026;
	1834.7368 1119.0714 1963.5178 554.7594 992.9864 1403.7804 1132.6188 335.969 688.4674 6072.3687 2158.1281;
	1817.4554 1092.0599 1948.7394 548.453 981.6953 1426.5451 1174.9728 332.9741 701.8308 6090.5572 2192.3789;
	1821.0271 1073.9444 1941.7279 543.0692 974.0354 1384.7708 1169.3587 331.4526 696.6698 6095.4789 2206.5238;
	1783.8105 1044.6729 1883.5119 530.8226 913.7728 1375.7887 1182.9265 309.6 697.7154 6067.8754 2159.2848;
	1776.1474 981.0866 1829.7137 520.5843 899.3178 1319.7632 1136.0141 316.1107 676.0884 5922.3233 2089.0148;
	1713.0849 953.789 1804.659 515.1432 906.1 1281.3 1070.9335 321.912 671.5 5920.8476 2147.066;
	1707.4504 1062.2029 1814.2675 512.8 898.9981 1300.0141 1071.337 319.8453 669.5547 5911.6469 2139.0191;
	1704.7646 1069.664 1849.0735 524.6 899.8308 1342.3149 1072.3923 324.43 675.3233 5772.3957 2237.2207;
	1731.4758 1080.6879 1822.4836 540.6811 899.5027 1340.5 1094.8387 305.6273 684.8138 5760.4338 2238.9643;
	1766.996 1110.2902 1842.2621 545.0079 942.6607 1389.3058 1130.5028 325.5312 721.6221 5726.4786 2367.4;
	1765.5092 1120.2727 1836.4013 534.1003 933.205 1391.0001 1111.6619 333.4931 700.2286 5566.3964 2286.7973;
	1725.4061 1057.848 1755.7 533.2513 898.8598 1296.1871 1050.4737 315.0882 663.7961 5307.3631 2178.2103;
	1657.8684 1014.3768 1673.9462 520.7202 849.4932 1231.3223 987.3646 279.7729 614.4672 4971.7979 2086.7597;
	1570.6479 941.4176 1559.3452 514.9487 812.3 1134.8 908.2065 247.5 565.5 4624.2826 1925.9;
	1507.4964 889.3 1534.3756 530.421 716.7189 1133.8 896.8 241.6953 525.5749 4478.8261 1769.0;
	1445.1419 849.1 1477.1888 510.8489 660.4162 1104.7332 874.3 225.4483 505.4035 4460.702 1708.096;
];
