function solarprofile = ex_solar_profilesh1
%EX_WIND_PROFILE_D  Example wind_load_nyiso profile data for deterministic unit commitment.
% 2022.03.12
% Andres F. Ramirez


%% define constants
[GEN_BUS, PG, QG, QMAX, QMIN, VG, MBASE, GEN_STATUS, PMAX, PMIN, ...
    MU_PMAX, MU_PMIN, MU_QMAX, MU_QMIN, PC1, PC2, QC1MIN, QC1MAX, ...
    QC2MIN, QC2MAX, RAMP_AGC, RAMP_10, RAMP_30, RAMP_Q, APF] = idx_gen;
[CT_LABEL, CT_PROB, CT_TABLE, CT_TBUS, CT_TGEN, CT_TBRCH, CT_TAREABUS, ...
    CT_TAREAGEN, CT_TAREABRCH, CT_ROW, CT_COL, CT_CHGTYPE, CT_REP, ...
    CT_REL, CT_ADD, CT_NEWVAL, CT_TLOAD, CT_TAREALOAD, CT_LOAD_ALL_PQ, ...
    CT_LOAD_FIX_PQ, CT_LOAD_DIS_PQ, CT_LOAD_ALL_P, CT_LOAD_FIX_P, ...
    CT_LOAD_DIS_P, CT_TGENCOST, CT_TAREAGENCOST, CT_MODCOST_F, ...
    CT_MODCOST_X] = idx_ct;

solarprofile = struct( ...
    'type', 'mpcData', ...
    'table', CT_TGEN, ...
    'rows', [1:12], ...
    'col', PMAX, ...
    'chgtype', 1, ...
    'values', [] );
solarprofile.values(:,1,:) = [
	0.0 0.0 0.0 0.0 0.0 0.0 0.0 0.0 0.0 0.0 0.0 0.0;
	0.0 0.0 0.0 0.0 0.0 0.0 0.0 0.0 0.0 0.0 0.0 0.0;
	0.0 0.0 0.0 0.0 0.0 0.0 0.0 0.0 0.0 0.0 0.0 0.0;
	0.0 0.0 0.0 0.0 0.0 0.0 0.0 0.0 0.0 0.0 0.0 0.0;
	0.0 0.0 0.0 0.0 0.0 0.0 0.0 0.0 0.0 0.0 0.0 0.0;
	0.4095 0.3543 0.3054 0.0 0.0 0.1765 0.0221 0.1431 0.0956 0.0 0.0 0.0;
	6.2333 4.8336 3.0537 1.6508 1.2967 49.8811 6.2351 18.9268 63.3882 10.0536 13.4405 18.2071;
	14.0272 10.8455 6.3382 4.9499 3.987 144.6771 18.0846 48.6542 156.1358 53.8059 62.5607 97.4428;
	16.7286 13.1751 8.5983 5.1792 5.1045 184.5361 23.067 54.4168 202.7234 189.4848 129.0657 343.1582;
	13.1063 10.7151 9.6066 9.3358 12.5776 166.8055 20.8507 32.9003 220.0199 254.3913 132.6915 460.7042;
	16.0156 12.6344 11.7332 10.9964 12.1143 132.5847 16.5731 41.4136 178.7947 246.0614 141.4273 445.6187;
	17.2891 13.3679 13.1753 11.2656 12.063 98.0828 12.2603 47.0775 137.8863 166.3267 102.9043 301.2186;
	14.1755 10.9705 12.0392 12.0427 10.4921 146.6721 18.334 35.3163 184.7406 41.8243 46.2141 75.744;
	9.447 8.2633 9.2187 11.9535 10.9514 169.2479 21.156 22.8072 195.3098 55.9878 55.5948 101.3942;
	6.4747 6.3354 5.342 11.705 10.231 153.2976 19.1622 12.2439 186.5154 53.485 31.4278 96.8616;
	1.8437 1.9492 1.5995 7.6746 5.1369 142.3094 17.7887 7.9058 125.1257 16.6201 0.0 30.0991;
	0.6407 0.7349 0.5708 1.963 1.5566 52.8303 6.6038 5.1379 40.956 4.5607 0.0 8.2595;
	0.0 0.0 0.0 0.0 0.0 0.0 0.0 0.0 0.0 0.0 0.0 0.0;
	0.0 0.0 0.0 0.0 0.0 0.0 0.0 0.0 0.0 0.0 0.0 0.0;
	0.0 0.0 0.0 0.0 0.0 0.0 0.0 0.0 0.0 0.0 0.0 0.0;
	0.0 0.0 0.0 0.0 0.0 0.0 0.0 0.0 0.0 0.0 0.0 0.0;
	0.0 0.0 0.0 0.0 0.0 0.0 0.0 0.0 0.0 0.0 0.0 0.0;
	0.0 0.0 0.0 0.0 0.0 0.0 0.0 0.0 0.0 0.0 0.0 0.0;
	0.0 0.0 0.0 0.0 0.0 0.0 0.0 0.0 0.0 0.0 0.0 0.0;
];
