function solarprofile = ex_solar_profilesh1
%EX_WIND_PROFILE_D  Example wind_load_nyiso profile data for deterministic unit commitment.
% 2022.03.12
% Andres F. Ramirez


%% define constants
[GEN_BUS, PG, QG, QMAX, QMIN, VG, MBASE, GEN_STATUS, PMAX, PMIN, ...
    MU_PMAX, MU_PMIN, MU_QMAX, MU_QMIN, PC1, PC2, QC1MIN, QC1MAX, ...
    QC2MIN, QC2MAX, RAMP_AGC, RAMP_10, RAMP_30, RAMP_Q, APF] = idx_gen;
[CT_LABEL, CT_PROB, CT_TABLE, CT_TBUS, CT_TGEN, CT_TBRCH, CT_TAREABUS, ...
    CT_TAREAGEN, CT_TAREABRCH, CT_ROW, CT_COL, CT_CHGTYPE, CT_REP, ...
    CT_REL, CT_ADD, CT_NEWVAL, CT_TLOAD, CT_TAREALOAD, CT_LOAD_ALL_PQ, ...
    CT_LOAD_FIX_PQ, CT_LOAD_DIS_PQ, CT_LOAD_ALL_P, CT_LOAD_FIX_P, ...
    CT_LOAD_DIS_P, CT_TGENCOST, CT_TAREAGENCOST, CT_MODCOST_F, ...
    CT_MODCOST_X] = idx_ct;

solarprofile = struct( ...
    'type', 'mpcData', ...
    'table', CT_TGEN, ...
    'rows', [1:12], ...
    'col', PMAX, ...
    'chgtype', 1, ...
    'values', [] );
solarprofile.values(:,1,:) = [
	0.0 0.0 0.0 0.0 0.0 0.0 0.0 0.0 0.0 0.0 0.0 0.0;
	0.0 0.0 0.0 0.0 0.0 0.0 0.0 0.0 0.0 0.0 0.0 0.0;
	0.0 0.0 0.0 0.0 0.0 0.0 0.0 0.0 0.0 0.0 0.0 0.0;
	0.0 0.0 0.0 0.0 0.0 0.0 0.0 0.0 0.0 0.0 0.0 0.0;
	0.0 0.0 0.0 0.0 0.0 0.0 0.0 0.0 0.0 0.0 0.0 0.0;
	0.4279 0.3689 0.3203 0.0 0.0 0.1765 0.0221 0.1431 0.0956 0.0 0.0 0.0;
	6.3983 4.3474 3.9437 0.8618 3.6214 62.2339 7.7792 7.8568 37.9137 77.9546 30.8158 141.1762;
	8.552 6.6052 4.9899 3.4597 3.9761 129.9977 16.2497 28.0425 105.9074 218.915 144.0274 396.4563;
	11.3966 8.4613 5.1889 6.0107 3.657 174.0786 21.7598 49.777 153.0424 264.1108 174.3733 478.3062;
	12.7991 9.4679 10.1865 10.5255 11.9367 205.1973 25.6497 48.5061 212.7587 244.5334 159.63 442.8514;
	16.8136 13.4547 12.906 10.776 11.8703 241.0741 30.1343 46.9948 262.3166 244.379 172.1048 442.5719;
	17.693 14.0768 13.0658 10.6166 12.2626 222.2374 27.7797 39.1775 266.0534 240.911 171.39 436.2912;
	8.6201 5.1375 5.0372 10.2733 11.4965 170.1739 21.2717 25.3027 234.3812 204.6766 123.1686 370.6706;
	5.9783 2.4611 1.5712 9.8348 10.83 123.2318 15.404 17.4612 211.6909 191.4326 114.4575 346.6856;
	4.1613 1.7578 1.4292 7.4952 9.6927 98.9041 12.363 13.9444 187.3879 203.4304 97.8115 368.4137;
	2.8101 1.6501 1.6267 2.5118 5.1235 143.9021 17.9878 14.1566 153.3181 128.8925 12.3767 233.4252;
	0.7488 0.7095 0.5149 1.1737 2.1638 57.9075 7.2384 4.9417 41.7042 49.6253 4.4689 89.8717;
	0.0 0.0 0.0 0.0 0.0 0.0 0.0 0.0 0.0 0.0 0.0 0.0;
	0.0 0.0 0.0 0.0 0.0 0.0 0.0 0.0 0.0 0.0 0.0 0.0;
	0.0 0.0 0.0 0.0 0.0 0.0 0.0 0.0 0.0 0.0 0.0 0.0;
	0.0 0.0 0.0 0.0 0.0 0.0 0.0 0.0 0.0 0.0 0.0 0.0;
	0.0 0.0 0.0 0.0 0.0 0.0 0.0 0.0 0.0 0.0 0.0 0.0;
	0.0 0.0 0.0 0.0 0.0 0.0 0.0 0.0 0.0 0.0 0.0 0.0;
	0.0 0.0 0.0 0.0 0.0 0.0 0.0 0.0 0.0 0.0 0.0 0.0;
];
