function windprofile = ex_wind_profilesh1
%EX_WIND_PROFILE_D  Example wind_load_nyiso profile data for deterministic unit commitment.
% 2022.03.12
% Andres F. Ramirez


%% define constants
[GEN_BUS, PG, QG, QMAX, QMIN, VG, MBASE, GEN_STATUS, PMAX, PMIN, ...
    MU_PMAX, MU_PMIN, MU_QMAX, MU_QMIN, PC1, PC2, QC1MIN, QC1MAX, ...
    QC2MIN, QC2MAX, RAMP_AGC, RAMP_10, RAMP_30, RAMP_Q, APF] = idx_gen;
[CT_LABEL, CT_PROB, CT_TABLE, CT_TBUS, CT_TGEN, CT_TBRCH, CT_TAREABUS, ...
    CT_TAREAGEN, CT_TAREABRCH, CT_ROW, CT_COL, CT_CHGTYPE, CT_REP, ...
    CT_REL, CT_ADD, CT_NEWVAL, CT_TLOAD, CT_TAREALOAD, CT_LOAD_ALL_PQ, ...
    CT_LOAD_FIX_PQ, CT_LOAD_DIS_PQ, CT_LOAD_ALL_P, CT_LOAD_FIX_P, ...
    CT_LOAD_DIS_P, CT_TGENCOST, CT_TAREAGENCOST, CT_MODCOST_F, ...
    CT_MODCOST_X] = idx_ct;

windprofile = struct( ...
    'type', 'mpcData', ...
    'table', CT_TGEN, ...
    'rows', [1:45], ...
    'col', PMAX, ...
    'chgtype', 1, ...
    'values', [] );
windprofile.values(:,1,:) = [
	3.8855 52.502 92.8713 117.134 14.8816 34.8689 30.1016 17.5659 10.2763 17.1486 31.699 47.2886 71.1928 57.399 198.9047 74.9362 92.9764 98.5272 87.1855 67.4482 10.0339 81.3607 25.2484 86.1138 102.5371 72.6244 13.638 1241.7797 786.7578 786.7578 700.9619 111.6357 290.6183 173.6117 179.9535 335.6833 1111.3487 268.3404 460.4089 274.6529 120.9286 386.812 216.6284 272.141 1122.9252;
	3.8161 51.564 94.5754 116.6224 14.7046 34.4733 32.0632 17.5766 12.4955 14.4829 26.7714 39.9377 60.1259 67.4592 192.1391 72.3873 89.8139 95.1759 88.9181 69.9448 10.6877 80.4376 25.402 86.525 103.5491 73.342 13.3254 1249.5112 799.0276 799.0276 699.1871 110.4063 296.3935 180.0381 211.4938 340.9184 1211.4509 259.5279 468.8506 277.3637 118.2409 382.4233 210.7221 276.6541 1224.0702;
	3.7213 50.2835 93.2168 113.5526 14.8686 34.1948 31.908 17.6858 23.1111 14.6365 27.0553 40.3611 60.7635 65.3053 180.0974 67.8507 84.1851 89.211 89.6982 71.5991 10.636 79.7879 23.9042 88.6709 105.1851 74.3532 13.5083 1213.3794 764.0441 764.0441 674.5126 112.0312 298.9939 184.2962 204.7408 325.9922 1174.147 271.9728 455.9714 281.7457 116.6565 379.3345 203.8834 261.9865 1186.3777;
	3.6687 49.5718 92.3954 114.7553 15.1082 33.003 31.8032 17.7348 28.1173 28.2532 52.2256 77.9104 117.2937 67.0232 198.1632 74.6568 92.6298 98.1599 90.199 69.0243 10.6011 77.0069 16.6391 86.6129 101.7823 74.7515 13.4066 1275.4768 785.6915 785.6915 716.3605 113.0875 300.6632 177.6686 210.1267 335.2284 1210.1203 301.5535 450.3167 272.6312 118.0332 366.1129 177.8626 261.6601 1222.7257;
	2.9263 39.5401 91.2049 114.977 14.6692 30.2174 31.22 18.1081 27.365 28.6094 52.8841 78.8926 118.7724 63.996 196.3205 73.9626 91.7684 97.2471 89.3669 66.9201 10.4067 70.5074 68.4579 86.2327 101.8621 74.9315 13.6376 1277.1168 780.496 780.496 682.6872 113.0119 297.8896 172.2524 200.6362 333.0116 1147.3247 306.3149 447.4063 272.845 117.3842 335.2121 173.8484 255.7462 1159.276;
	3.5663 48.1891 90.6358 111.1569 14.457 32.5354 19.0299 17.7485 25.3421 26.6606 49.2816 73.5185 110.6817 55.5929 195.1481 73.5209 91.2204 96.6664 62.1231 67.8464 6.3433 75.9158 52.3127 85.8576 98.9949 75.2199 13.4218 1259.8433 778.1835 778.1835 721.1855 114.6961 207.0771 174.6367 174.2914 332.025 1217.2169 321.692 448.6491 265.1649 115.5615 360.9255 156.0749 261.7096 1229.8963;
	3.5559 48.0479 93.442 117.2305 14.6336 33.5032 13.6752 17.9921 25.7488 27.0344 49.9727 74.5494 112.2337 66.8905 192.3306 72.4594 89.9034 95.2707 86.8051 70.0732 4.5584 78.1742 63.7067 87.8944 102.3058 74.8418 13.5496 1310.2789 776.3174 776.3174 752.1744 115.8883 289.3503 180.3685 209.7108 331.2287 1221.0905 331.3874 420.678 274.0334 118.4643 371.6624 173.8223 267.1512 1233.8102;
	3.5857 48.4501 92.2093 116.6085 14.6768 33.3383 10.9016 18.031 5.7672 27.556 50.9368 75.9877 114.399 47.1978 195.1722 73.53 91.2317 96.6783 87.1937 69.5413 3.6339 77.7894 69.2383 84.8119 99.1612 74.8904 13.5024 1314.7987 776.3748 776.3748 774.9058 121.9757 290.6457 178.9994 147.9715 331.2532 1232.566 344.8557 180.3376 265.6104 121.7499 369.8331 199.4148 265.9932 1245.4052;
	3.689 49.8465 92.0821 118.0849 14.8093 31.1578 14.3524 18.1934 3.483 25.4326 47.0117 70.1323 105.5837 28.9218 194.6418 73.3302 90.9837 96.4156 87.2198 70.1359 4.7841 72.7016 64.1005 85.2024 100.5724 73.0324 13.331 1238.479 693.891 693.891 771.0758 122.7253 290.7327 180.5299 90.6738 296.0602 1049.5367 318.9816 83.4654 269.3903 121.6273 345.6441 184.4515 266.7109 1060.4693;
	3.7474 50.6354 93.5926 119.7434 15.33 31.6377 13.3164 18.6418 3.8783 21.8989 40.4798 60.3879 90.9137 23.0516 187.648 70.6953 87.7145 92.9512 83.595 70.0456 4.4388 73.8214 39.1181 86.7247 101.9695 73.7056 13.566 1040.1968 637.3296 637.3296 625.0251 120.167 278.6501 180.2977 72.2699 271.9273 864.7994 286.9369 55.9561 273.1326 121.1271 350.968 164.9283 275.1234 873.8078;
	3.5925 48.5432 93.5101 117.3879 15.1227 25.6149 7.979 18.8509 2.7137 26.0978 48.2414 71.9667 108.3454 9.2281 195.1497 73.5215 91.2211 96.6672 78.9774 70.5406 2.6597 59.7681 68.3142 88.2355 104.9186 74.7911 13.8034 800.6048 697.3577 697.3577 581.1361 118.8341 263.258 181.5717 28.9315 297.5393 784.6343 235.5475 42.2113 281.0319 118.1677 284.1545 145.8842 273.8312 792.8075;
	3.563 48.1441 93.546 119.0132 15.227 19.55 10.1657 18.9933 0.8237 26.343 48.6946 72.6428 109.3634 52.9752 202.4587 76.2751 94.6377 100.2877 40.7127 71.6625 3.3886 45.6167 71.1623 88.2102 105.7555 75.2064 13.866 623.6487 743.965 743.965 571.8915 113.3912 135.7091 184.4593 166.0844 317.4251 843.2591 242.6524 29.3712 283.2737 121.8539 216.8747 141.6246 277.2318 852.043;
	3.7549 50.737 92.4899 113.6382 14.776 20.159 11.9873 18.7938 25.1503 23.4039 43.2617 64.5379 97.1615 58.0223 200.1954 75.4225 93.5797 99.1666 55.2241 70.8994 3.9958 47.0377 70.1054 86.0231 105.2571 74.3751 13.9484 698.1251 739.6343 739.6343 560.5116 111.2739 184.0804 182.4951 181.9077 315.5773 657.5871 256.1709 27.3864 281.9386 117.1097 223.6309 142.2071 272.9381 664.437;
	3.8332 51.7949 92.4816 114.2373 15.1197 20.6359 16.0786 18.7152 20.4186 23.0379 42.5851 63.5286 95.642 43.2809 201.5763 75.9427 94.2252 99.8506 56.5531 72.3103 5.3595 48.1505 71.5742 85.9321 103.7348 75.2599 13.4917 607.6048 754.6593 754.6593 548.7232 99.2647 188.5102 186.127 135.6915 321.988 763.3678 276.2799 176.7456 277.8611 118.515 228.9211 162.8156 264.5684 771.3196;
	3.9033 52.7423 90.1762 113.6252 15.2031 19.254 11.9917 18.1845 23.1865 24.3883 45.0814 67.2526 101.2483 33.6271 198.0017 74.596 92.5543 98.0799 73.9653 70.7409 3.9972 44.926 68.7407 86.1786 102.2977 74.4502 13.244 459.8868 739.1559 739.1559 526.8063 89.5984 246.551 182.0874 105.4254 315.3732 660.4295 267.4598 124.9801 274.0118 117.9354 213.5911 171.8189 248.9705 667.309;
	3.6007 48.6529 89.8015 114.9229 14.8191 10.2813 16.0297 18.6532 24.4343 27.308 50.4784 75.3039 113.3696 21.3674 196.9209 74.1888 92.0491 97.5446 68.5555 71.3739 5.3432 23.9896 70.3229 86.1286 100.2218 73.9975 13.7966 480.1672 608.3679 608.3679 449.4523 93.5858 228.5184 183.7166 66.9896 259.5703 534.8509 249.7052 57.135 268.4513 118.9441 114.0535 155.9882 248.1263 540.4222;
	3.6576 49.4225 92.5612 117.6266 14.9484 19.3694 19.1407 18.787 26.539 28.8094 53.2537 79.4441 119.6026 33.1689 202.881 76.4342 94.8351 100.4968 73.9793 73.3255 6.3802 45.1953 72.7315 87.2143 105.2505 73.044 13.9672 1149.9857 552.548 552.548 348.177 94.0668 246.5978 188.7399 103.989 235.7538 957.667 260.567 125.1034 281.9209 116.1815 214.8715 139.5805 245.327 967.6427;
	3.279 44.3071 90.4968 119.1512 14.2136 21.3574 15.0649 18.5367 25.5573 29.2333 54.0373 80.6131 121.3625 52.659 198.9663 74.9594 93.0052 98.5577 84.3209 73.5192 5.0216 49.8339 71.5664 85.8263 103.8904 72.9698 13.7924 1308.8993 634.6231 634.6231 243.1611 67.7286 281.0696 189.2386 165.0931 270.7725 1103.3463 224.1137 143.7982 278.2777 114.7758 236.9247 175.2847 263.4896 1114.8395;
