function solarprofile = ex_solar_profilesh1
%EX_WIND_PROFILE_D  Example wind_load_nyiso profile data for deterministic unit commitment.
% 2022.03.12
% Andres F. Ramirez


%% define constants
[GEN_BUS, PG, QG, QMAX, QMIN, VG, MBASE, GEN_STATUS, PMAX, PMIN, ...
    MU_PMAX, MU_PMIN, MU_QMAX, MU_QMIN, PC1, PC2, QC1MIN, QC1MAX, ...
    QC2MIN, QC2MAX, RAMP_AGC, RAMP_10, RAMP_30, RAMP_Q, APF] = idx_gen;
[CT_LABEL, CT_PROB, CT_TABLE, CT_TBUS, CT_TGEN, CT_TBRCH, CT_TAREABUS, ...
    CT_TAREAGEN, CT_TAREABRCH, CT_ROW, CT_COL, CT_CHGTYPE, CT_REP, ...
    CT_REL, CT_ADD, CT_NEWVAL, CT_TLOAD, CT_TAREALOAD, CT_LOAD_ALL_PQ, ...
    CT_LOAD_FIX_PQ, CT_LOAD_DIS_PQ, CT_LOAD_ALL_P, CT_LOAD_FIX_P, ...
    CT_LOAD_DIS_P, CT_TGENCOST, CT_TAREAGENCOST, CT_MODCOST_F, ...
    CT_MODCOST_X] = idx_ct;

solarprofile = struct( ...
    'type', 'mpcData', ...
    'table', CT_TGEN, ...
    'rows', [1:12], ...
    'col', PMAX, ...
    'chgtype', 1, ...
    'values', [] );
solarprofile.values(:,1,:) = [
	0.0 0.0 0.0 0.0 0.0 0.0 0.0 0.0 0.0 0.0 0.0 0.0;
	0.0 0.0 0.0 0.0 0.0 0.0 0.0 0.0 0.0 0.0 0.0 0.0;
	0.0 0.0 0.0 0.0 0.0 0.0 0.0 0.0 0.0 0.0 0.0 0.0;
	0.0 0.0 0.0 0.0 0.0 0.0 0.0 0.0 0.0 0.0 0.0 0.0;
	0.0 0.0 0.0 0.0 0.0 0.0 0.0 0.0 0.0 0.0 0.0 0.0;
	0.4095 0.3481 0.302 0.0 0.0 0.1765 0.0221 0.1431 0.0956 0.0 0.0 0.0;
	3.3423 1.3609 1.4705 1.924 0.7411 14.6004 1.825 2.9019 7.8877 62.7233 31.9123 113.5922;
	8.2977 6.352 5.6717 5.7415 1.4759 65.01 8.1262 4.1698 29.6432 112.8272 88.5889 204.3307;
	10.6264 7.9111 8.6554 7.4365 2.0235 80.1573 10.0197 2.7152 40.7135 189.268 143.0815 342.7655;
	7.4868 3.0052 7.5594 10.8134 11.0978 26.21 3.2762 0.0 79.5716 265.5165 194.9061 480.852;
	7.1108 1.1103 6.1496 10.855 9.3261 31.9049 3.9881 0.0 136.4247 286.1138 225.8706 518.1538;
	10.7597 2.8762 7.2443 10.7597 8.6083 43.5875 5.4484 2.381 180.0031 280.3791 218.2107 507.7682;
	11.3164 6.0189 8.2638 11.4097 6.9653 193.8407 24.2301 31.5075 265.7417 213.5101 132.3757 386.6681;
	10.3316 6.9723 7.068 11.7046 7.6048 204.3324 25.5416 41.3015 261.8193 171.9805 106.8635 311.4577;
	9.4043 5.3476 5.2508 11.431 6.7743 167.0934 20.8867 40.3198 235.4276 89.2208 47.521 161.5794;
	3.2048 1.7025 1.7147 5.5204 1.8002 150.7806 18.8476 24.9326 148.5377 0.7671 2.3732 1.3893;
	0.8246 0.6214 0.4909 1.1656 1.1047 62.5562 7.8195 6.973 49.3665 0.0 0.4733 0.0;
	0.0 0.0 0.0 0.0 0.0 0.0 0.0 0.0 0.0 0.0 0.0 0.0;
	0.0 0.0 0.0 0.0 0.0 0.0 0.0 0.0 0.0 0.0 0.0 0.0;
	0.0 0.0 0.0 0.0 0.0 0.0 0.0 0.0 0.0 0.0 0.0 0.0;
	0.0 0.0 0.0 0.0 0.0 0.0 0.0 0.0 0.0 0.0 0.0 0.0;
	0.0 0.0 0.0 0.0 0.0 0.0 0.0 0.0 0.0 0.0 0.0 0.0;
	0.0 0.0 0.0 0.0 0.0 0.0 0.0 0.0 0.0 0.0 0.0 0.0;
	0.0 0.0 0.0 0.0 0.0 0.0 0.0 0.0 0.0 0.0 0.0 0.0;
];
