function loadprofile = ex_load_profilesh1
%EX_LOAD_PROFILE  Example load profile data file for stochastic unit commitment.
% 2022.03.12
% Andres F. Ramirez

%% define constants
[CT_LABEL, CT_PROB, CT_TABLE, CT_TBUS, CT_TGEN, CT_TBRCH, CT_TAREABUS, ...
    CT_TAREAGEN, CT_TAREABRCH, CT_ROW, CT_COL, CT_CHGTYPE, CT_REP, ...
    CT_REL, CT_ADD, CT_NEWVAL, CT_TLOAD, CT_TAREALOAD, CT_LOAD_ALL_PQ, ...
    CT_LOAD_FIX_PQ, CT_LOAD_DIS_PQ, CT_LOAD_ALL_P, CT_LOAD_FIX_P, ...
    CT_LOAD_DIS_P, CT_TGENCOST, CT_TAREAGENCOST, CT_MODCOST_F, ...
    CT_MODCOST_X] = idx_ct;

loadprofile = struct( ...
    'type', 'mpcData', ...
    'table', CT_TAREALOAD, ...
    'rows', [1:11], ...
    'col', CT_LOAD_ALL_P, ...
    'chgtype', 1, ...
    'values', [] );
loadprofile.values(:,1,:) = [
	1415.2987 864.9473 1505.4 509.4 799.8606 1093.1036 780.9345 214.9682 460.1083 3875.6554 1601.1036;
	1425.8426 868.0831 1522.2677 523.7383 785.8936 1085.7227 777.7376 211.3 449.4559 3940.4066 1556.5696;
	1452.3514 893.764 1554.2543 522.4065 785.1124 1119.1317 793.9065 223.0892 457.2765 4113.1745 1619.83;
	1524.6386 959.1 1657.808 531.5902 844.6267 1177.0641 833.9132 241.1509 502.6222 4189.5513 1735.0608;
	1689.2546 1059.7 1831.4444 553.4678 955.8547 1332.4655 952.8 277.1 581.6 4661.5762 1973.9792;
	1806.268 1132.0807 1959.7599 572.3932 1047.7092 1411.2 1020.4409 256.7561 653.7407 5159.0084 2155.9255;
	1811.1088 1153.9 1963.1087 570.9866 1023.4418 1405.6704 1023.7498 273.8656 687.3 5677.4962 2210.173;
	1845.4783 1182.7227 1978.1624 575.398 1019.4 1389.245 1054.1089 296.4516 698.8 5834.1833 2190.9975;
	1881.0154 1218.1 2011.0733 567.441 1026.4571 1429.0 1063.9076 294.2747 697.923 5930.018 2214.9627;
	1886.3843 1174.4145 1959.8 558.6 1006.9287 1449.0852 1052.0897 299.9915 704.9764 5737.2597 2172.01;
	1855.7074 1175.4495 1959.401 548.7 1028.4427 1433.2866 1061.1069 321.002 688.9765 5931.9628 2128.5879;
	1814.4754 1143.3945 1900.9656 543.7987 1004.7416 1426.7433 1068.9 308.6012 682.7 5746.4915 2087.135;
	1786.5731 1145.0501 1919.8914 547.2 991.4331 1460.0881 1071.1371 309.8 671.042 5853.1825 2152.098;
	1718.0389 1144.1603 1890.004 530.4686 934.4188 1406.8 1073.7321 334.5735 675.5159 5890.3195 2186.1335;
	1691.235 1162.474 1919.9307 553.4 960.4725 1432.8467 1137.0884 342.6557 683.6 6060.3387 2247.1784;
	1721.4991 1137.7747 1878.5 538.6 962.3939 1419.4109 1079.4134 334.1372 677.4 5967.6143 2239.582;
	1717.6156 1130.7437 1867.7846 545.6 961.9078 1459.2389 1108.8153 331.8628 700.087 5913.5079 2273.5832;
	1723.4995 1125.8 1847.0145 561.3135 970.5 1479.618 1111.033 343.6968 744.7022 5777.4605 2354.5003;
	1716.4532 1113.6226 1799.279 549.8 966.0 1395.693 1085.214 334.0945 703.1 5566.0054 2275.1032;
	1703.4275 1070.8195 1763.5309 543.0744 913.1 1357.5445 1047.2034 322.6536 662.9 5357.1639 2174.85;
	1597.6 1009.8604 1701.6 540.5725 889.0898 1306.6249 999.2 299.9555 633.8 5184.8688 2111.8079;
	1536.4877 950.6134 1535.9442 515.2569 808.679 1204.39 921.9237 260.0308 593.0093 4825.1098 1966.9032;
	1483.1924 904.7119 1481.3249 521.1 761.4529 1129.5 892.204 251.5045 536.7794 4178.3517 1808.0977;
	1519.3474 875.573 1456.6985 537.4684 729.7752 1107.9557 849.6648 250.6083 518.9 3895.5211 1659.9029;
];
