function windprofile = ex_wind_profilesh1
%EX_WIND_PROFILE_D  Example wind_load_nyiso profile data for deterministic unit commitment.
% 2022.03.12
% Andres F. Ramirez


%% define constants
[GEN_BUS, PG, QG, QMAX, QMIN, VG, MBASE, GEN_STATUS, PMAX, PMIN, ...
    MU_PMAX, MU_PMIN, MU_QMAX, MU_QMIN, PC1, PC2, QC1MIN, QC1MAX, ...
    QC2MIN, QC2MAX, RAMP_AGC, RAMP_10, RAMP_30, RAMP_Q, APF] = idx_gen;
[CT_LABEL, CT_PROB, CT_TABLE, CT_TBUS, CT_TGEN, CT_TBRCH, CT_TAREABUS, ...
    CT_TAREAGEN, CT_TAREABRCH, CT_ROW, CT_COL, CT_CHGTYPE, CT_REP, ...
    CT_REL, CT_ADD, CT_NEWVAL, CT_TLOAD, CT_TAREALOAD, CT_LOAD_ALL_PQ, ...
    CT_LOAD_FIX_PQ, CT_LOAD_DIS_PQ, CT_LOAD_ALL_P, CT_LOAD_FIX_P, ...
    CT_LOAD_DIS_P, CT_TGENCOST, CT_TAREAGENCOST, CT_MODCOST_F, ...
    CT_MODCOST_X] = idx_ct;

windprofile = struct( ...
    'type', 'mpcData', ...
    'table', CT_TGEN, ...
    'rows', [1:45], ...
    'col', PMAX, ...
    'chgtype', 1, ...
    'values', [] );
windprofile.values(:,1,:) = [
	3.9489 53.359 91.2453 120.0296 14.9539 34.1126 32.6192 18.8033 12.0159 16.4112 30.3358 45.255 68.1312 50.1241 205.3537 77.3658 95.9909 101.7217 89.4958 71.1985 10.8731 79.5961 23.6337 87.5091 102.8193 74.9583 13.9652 1277.6965 807.5787 807.5787 770.4201 121.6885 298.3192 183.2652 157.1458 344.5669 1158.5831 293.0863 471.6525 275.4088 120.9206 378.4227 217.9432 284.8638 1170.6517;
	3.924 53.0221 93.23 119.4429 15.1722 33.3609 32.8542 18.8997 13.0516 13.9978 25.8747 38.6 58.112 57.8468 199.7763 75.2646 93.3838 98.959 86.7693 70.8267 10.9514 77.8422 28.9825 87.6774 100.6283 75.0941 13.8289 1266.5613 815.3568 815.3568 786.4045 123.2905 289.2312 182.308 181.3576 347.8856 1235.9854 281.3117 469.5285 269.5402 118.4742 370.084 210.4069 285.1971 1248.8603;
	3.9195 52.9605 91.8552 115.9042 15.2992 34.3311 33.0896 18.8857 23.6926 15.3923 28.4524 42.4455 63.9014 53.3447 173.4134 65.3325 81.0607 85.9001 87.6907 69.4222 11.0299 80.106 27.36 87.8692 103.23 74.4484 13.8855 1250.9577 778.3166 778.3166 743.9514 123.0471 292.3023 178.6928 167.2428 332.0818 1222.7304 295.9163 458.814 276.5089 117.2764 380.8469 217.24 281.152 1235.4672;
	3.688 49.8331 86.8703 110.372 14.961 32.4589 31.3024 18.2686 27.6289 28.1621 52.0573 77.6593 116.9156 58.6976 194.9812 73.458 91.1424 96.5837 86.4172 61.3115 10.4341 75.7375 25.9387 84.7247 97.6558 74.0456 13.6867 1249.6977 774.3908 774.3908 712.281 122.8849 288.0573 157.8161 184.0248 330.4068 1158.4545 313.6372 441.5925 261.5781 117.6286 360.0776 166.8741 270.2768 1170.5217;
	3.0494 41.2042 86.3603 109.9036 14.9184 28.7704 30.7729 18.5958 27.9223 29.04 53.68 80.08 120.56 50.5403 195.1947 73.5385 91.2422 96.6895 86.9752 62.3449 10.2576 67.1309 74.5034 84.2199 97.8253 70.5128 13.3115 1288.3141 781.3339 781.3339 760.3664 120.7128 289.9172 160.476 158.4507 333.3691 1125.1406 326.9982 455.303 262.0321 117.8184 319.1596 165.7294 261.2313 1136.8609;
	3.8465 51.9752 88.6864 112.4594 15.3291 32.5394 19.8065 18.4902 26.983 28.6225 52.9083 78.9288 118.8269 41.6829 195.2155 73.5463 91.2519 96.6998 58.7975 65.9131 6.6022 75.9252 74.7905 86.6094 99.4627 73.1242 13.5289 1271.6273 788.7325 788.7325 745.657 120.9446 195.9916 169.6606 130.6814 336.5259 1189.8345 324.6919 469.8272 266.4181 118.4846 360.9701 161.9262 270.5428 1202.2287;
	3.7992 51.3356 90.816 116.5175 15.3318 33.8755 13.5729 18.44 27.3191 28.4065 52.509 78.3332 117.9302 62.3359 193.5192 72.9072 90.459 95.8595 84.389 69.9278 4.5243 79.0429 74.7244 88.4453 103.2688 73.8897 13.9259 1271.8189 802.6299 802.6299 731.6917 120.9021 281.2967 179.9943 195.4315 342.4554 1183.3388 316.5433 442.3867 276.6129 123.14 375.7926 182.6762 268.2281 1195.6652;
	3.742 50.5621 90.818 115.7283 15.1072 31.9684 0.0 18.0598 5.7262 27.6001 51.0183 76.1093 114.5821 38.9278 200.3296 75.473 93.6424 99.233 87.9349 69.5447 0.0 74.5929 72.4834 87.143 101.2523 74.6611 13.8355 1292.5086 762.0905 762.0905 723.7949 120.2751 293.1164 179.0082 122.044 325.1586 1203.6332 313.2836 179.7262 271.2115 122.1784 354.6359 200.4023 268.73 1216.171;
	3.7772 51.0376 93.6598 117.2953 15.3479 31.438 0.4472 17.9416 23.2761 29.0947 53.7811 80.2308 120.7871 25.7635 202.2857 76.21 94.5568 100.202 90.0908 71.2307 0.1491 73.3552 75.0085 88.1466 104.2115 72.9684 13.8852 1131.2391 671.7005 671.7005 671.7213 115.4607 300.3028 183.3479 80.7719 286.5922 978.3272 288.0914 218.2236 279.1379 122.5999 348.7517 191.3013 278.2956 988.5181;
	3.8451 51.9556 92.7941 119.5309 15.1459 30.3676 0.0697 18.3295 15.0583 24.3898 45.0842 67.2567 101.2547 18.9699 193.3313 72.8365 90.3712 95.7665 86.6621 70.8208 0.0232 70.8578 46.7735 89.1935 104.2573 75.8667 13.8218 973.0523 570.1454 570.1454 531.1455 114.288 288.8736 182.2929 59.4732 243.262 798.3821 248.2756 74.7333 279.2606 120.7269 336.8781 162.8437 278.4169 806.6986;
	3.7599 50.8049 94.9985 120.2798 15.3374 26.4734 4.4323 18.7291 26.4894 29.1183 53.8247 80.2958 120.8849 1.8106 195.0889 73.4986 91.1927 96.6371 81.3622 70.2191 1.4774 61.7713 73.4712 89.7083 104.9811 76.3921 14.1184 780.6877 646.5909 646.5909 509.2857 114.88 271.2074 180.7442 5.6766 275.8788 738.3614 204.6269 198.2749 281.1994 119.227 293.6783 156.8885 281.2748 746.0526;
	3.5187 47.5452 94.8775 120.0797 15.3272 19.449 3.5092 18.8454 15.0609 27.8524 51.4846 76.805 115.6295 6.2426 200.0741 75.3768 93.523 99.1065 40.6555 70.7466 1.1697 45.3811 74.0086 89.9483 106.0401 76.6276 14.1074 579.6735 700.1077 700.1077 499.9122 115.0595 135.5183 182.102 19.5713 298.7126 783.6269 201.6179 55.5494 284.036 121.7719 215.7547 145.7424 283.9951 791.7897;
	3.8188 51.5999 93.6054 117.681 15.0929 20.4768 2.4087 18.5308 26.0259 24.5619 45.4023 67.7313 101.9691 51.256 198.7608 74.882 92.9091 98.4559 57.7936 70.7758 0.8029 47.7793 72.2056 89.301 105.1287 76.3611 14.1103 616.0517 691.1866 691.1866 525.1703 113.1879 192.6452 182.177 160.6944 294.9063 609.053 225.7986 81.9076 281.5948 121.4758 227.1563 154.4263 278.8641 615.3973;
	3.7425 50.5692 89.1881 116.365 15.217 19.3725 4.5306 18.3541 19.5754 23.0258 42.5629 63.4955 95.5921 37.1784 203.267 76.5797 95.0155 100.6881 55.9379 71.6751 1.5102 45.2025 73.1612 87.8696 103.267 76.5447 13.8742 531.3178 664.3439 664.3439 469.0532 95.383 186.4597 184.4918 116.5594 283.4534 661.8213 220.9732 22.1628 276.6081 119.8477 214.9056 165.2683 273.0364 668.7153;
	3.8423 51.9184 91.8188 118.4263 15.3615 20.0376 1.4929 18.5732 13.9116 26.0776 48.2041 71.911 108.2616 28.8712 197.0774 74.2478 92.1222 97.622 68.7041 69.5208 0.4976 46.7545 73.1009 88.7402 104.5429 76.6361 14.1115 395.7679 670.4781 670.4781 451.1667 89.4751 229.0136 178.9466 90.5152 286.0706 582.7358 224.9608 4.244 280.0255 116.8549 222.2842 178.0412 266.019 588.806;
	3.5358 47.7769 87.8371 112.4737 14.9242 9.4103 0.0 18.4588 3.0651 28.2324 52.1872 77.8531 117.2074 23.303 197.828 74.5305 92.4731 97.9939 59.3614 70.5609 0.0 21.9574 73.3082 88.0162 100.9342 76.4312 13.7901 437.4186 542.0037 542.0037 408.3062 92.6397 197.8714 181.624 73.0581 231.2549 482.1857 208.0974 0.0 270.3594 120.2833 104.3917 157.3199 254.727 487.2085;
	3.4684 46.8659 88.4699 111.6909 14.4488 17.8708 0.0 18.6972 0.8038 28.4265 52.5459 78.3881 118.0128 26.4905 193.6883 72.971 90.538 95.9433 60.2248 71.1729 0.0 41.6986 73.9499 88.5765 102.926 76.6854 13.7612 986.4122 445.4584 445.4584 283.4788 86.8745 200.7493 183.1992 83.0514 190.0622 780.4661 207.4052 61.0424 275.6947 119.5312 198.2472 141.0214 255.8115 788.5959;
	3.2626 44.0843 87.5798 112.0238 14.7462 21.7822 0.0 18.0053 0.0 29.0051 53.6154 79.9837 120.415 52.8485 201.5424 75.9299 94.2093 99.8338 77.4708 72.9818 0.0 50.8252 73.9695 87.111 99.9272 76.1855 13.4979 1212.3899 531.8923 531.8923 196.5739 64.9129 258.236 187.8553 165.6872 226.9407 972.4123 185.4943 106.983 267.6621 119.733 241.6375 182.6706 270.6604 982.5416;
