function loadprofile = ex_load_profilesh1
%EX_LOAD_PROFILE  Example load profile data file for stochastic unit commitment.
% 2022.03.12
% Andres F. Ramirez

%% define constants
[CT_LABEL, CT_PROB, CT_TABLE, CT_TBUS, CT_TGEN, CT_TBRCH, CT_TAREABUS, ...
    CT_TAREAGEN, CT_TAREABRCH, CT_ROW, CT_COL, CT_CHGTYPE, CT_REP, ...
    CT_REL, CT_ADD, CT_NEWVAL, CT_TLOAD, CT_TAREALOAD, CT_LOAD_ALL_PQ, ...
    CT_LOAD_FIX_PQ, CT_LOAD_DIS_PQ, CT_LOAD_ALL_P, CT_LOAD_FIX_P, ...
    CT_LOAD_DIS_P, CT_TGENCOST, CT_TAREAGENCOST, CT_MODCOST_F, ...
    CT_MODCOST_X] = idx_ct;

loadprofile = struct( ...
    'type', 'mpcData', ...
    'table', CT_TAREALOAD, ...
    'rows', [1:11], ...
    'col', CT_LOAD_ALL_P, ...
    'chgtype', 1, ...
    'values', [] );
loadprofile.values(:,1,:) = [
	1408.9303 841.3538 1483.4293 526.9097 792.638 1050.3517 781.965 212.2 481.0722 4411.1712 1615.4;
	1391.2808 847.6 1494.1 516.4068 792.1744 1035.3 784.947 216.9959 475.1495 4347.598 1613.4734;
	1426.5307 858.2 1513.5478 519.1954 795.7861 1057.3371 785.8277 212.7686 494.0712 4364.4403 1632.4;
	1519.559 936.9777 1626.3 537.662 863.0756 1164.1 842.5371 240.4 523.4 4600.1854 1735.6143;
	1681.7727 1048.0 1805.5944 575.0 985.2812 1352.2 968.3844 285.811 609.6828 5177.4507 1985.2128;
	1804.678 1137.9722 1932.4127 576.0662 1059.8542 1416.1337 1023.1 319.7 685.4 5668.1043 2157.2;
	1801.4554 1125.0962 1949.1732 573.4217 1060.2061 1386.142 1055.8745 317.7428 702.9434 5946.5 2192.5042;
	1842.5824 1153.3478 2013.6287 567.2312 1080.7262 1347.8128 1042.8 299.9798 706.9 6255.6343 2217.2759;
	1854.1772 1169.5746 2038.4105 563.5101 1066.819 1362.2113 1040.1243 293.8634 706.5237 6225.6076 2115.7273;
	1863.2 1152.1 2051.4412 549.0 1072.0333 1339.5675 1027.8506 306.4294 713.1349 6249.933 2160.299;
	1820.8747 1124.6 1995.9456 543.8323 1056.3947 1315.0372 1017.676 288.9772 674.1058 6258.2256 2103.519;
	1844.0149 1097.7168 1977.9459 541.7 1054.3907 1284.7726 979.7174 285.7627 684.4155 6221.4078 2003.4393;
	1829.4694 1095.7408 1950.1842 521.0129 1016.4316 1275.0544 982.0155 272.5383 674.7905 6176.5773 2048.4442;
	1791.4154 1084.3359 1863.4885 515.0 993.5799 1245.5371 964.1787 287.8057 670.4854 6182.8642 2059.1109;
	1772.5243 1077.053 1840.0284 528.4837 994.713 1273.9741 997.6317 278.6699 700.3695 6201.9359 2187.0875;
	1729.0206 1044.15 1805.5509 516.2804 1004.2807 1263.4596 987.4 277.325 712.4832 6274.9951 2240.9547;
	1745.6507 1065.3731 1782.7723 518.6732 975.7467 1295.0472 991.8996 296.0 694.4187 6101.177 2243.1291;
	1831.0235 1105.4609 1828.9283 532.4192 1003.8158 1317.985 1011.4672 321.3914 701.2829 5970.2983 2287.463;
	1822.6 1093.2523 1821.3091 543.5313 995.7417 1315.6427 1009.3341 316.5248 686.6 5779.7902 2204.4514;
	1798.1801 1058.0266 1779.308 529.5 959.1728 1289.2864 1010.4221 323.4972 659.811 5653.0066 2177.6631;
	1659.6 956.9708 1627.738 517.9146 878.3505 1211.2 936.2155 293.3 610.8 5275.741 1965.3906;
	1635.1377 924.4 1579.6389 499.4071 819.9156 1146.6138 884.9955 266.119 562.4259 5022.457 1901.6953;
	1537.3117 894.2041 1528.6853 516.9572 768.533 1113.3 809.5817 230.6042 518.7278 4799.4301 1596.4122;
	1498.9218 846.3916 1437.6 522.2484 749.3 1062.9955 798.4 218.1 492.8862 4570.8 1538.7732;
];
