function windprofile = ex_wind_profilesh1
%EX_WIND_PROFILE_D  Example wind_load_nyiso profile data for deterministic unit commitment.
% 2022.03.12
% Andres F. Ramirez


%% define constants
[GEN_BUS, PG, QG, QMAX, QMIN, VG, MBASE, GEN_STATUS, PMAX, PMIN, ...
    MU_PMAX, MU_PMIN, MU_QMAX, MU_QMIN, PC1, PC2, QC1MIN, QC1MAX, ...
    QC2MIN, QC2MAX, RAMP_AGC, RAMP_10, RAMP_30, RAMP_Q, APF] = idx_gen;
[CT_LABEL, CT_PROB, CT_TABLE, CT_TBUS, CT_TGEN, CT_TBRCH, CT_TAREABUS, ...
    CT_TAREAGEN, CT_TAREABRCH, CT_ROW, CT_COL, CT_CHGTYPE, CT_REP, ...
    CT_REL, CT_ADD, CT_NEWVAL, CT_TLOAD, CT_TAREALOAD, CT_LOAD_ALL_PQ, ...
    CT_LOAD_FIX_PQ, CT_LOAD_DIS_PQ, CT_LOAD_ALL_P, CT_LOAD_FIX_P, ...
    CT_LOAD_DIS_P, CT_TGENCOST, CT_TAREAGENCOST, CT_MODCOST_F, ...
    CT_MODCOST_X] = idx_ct;

windprofile = struct( ...
    'type', 'mpcData', ...
    'table', CT_TGEN, ...
    'rows', [1:45], ...
    'col', PMAX, ...
    'chgtype', 1, ...
    'values', [] );
windprofile.values(:,1,:) = [
	3.7521 50.6995 91.2875 118.8353 14.3135 33.9564 31.4063 17.7297 5.8044 14.7067 27.1851 40.5548 61.055 38.3567 195.3477 73.5961 91.3137 96.7653 88.7172 69.9204 10.4688 79.2317 0.0 86.4466 103.558 73.1967 13.0227 1240.2948 783.6308 783.6308 744.295 111.7398 295.7241 179.9753 120.2535 334.3491 1149.9402 268.5236 440.1208 277.3875 119.4394 376.69 202.452 269.9861 1161.9188;
	3.7683 50.9184 92.2999 117.6532 14.5442 34.0025 32.4022 18.1067 11.5061 15.0519 27.8232 41.5067 62.4881 55.8759 189.5829 71.4243 88.619 93.9097 90.4454 70.6654 10.8007 79.3393 22.8281 87.0875 102.7398 74.2923 13.0637 1273.0913 786.2197 786.2197 755.3556 112.9556 301.4847 181.8928 175.1784 335.4537 1268.9422 248.9936 443.9125 275.1959 120.1172 377.2015 211.7355 273.7812 1282.1603;
	3.8187 51.599 93.294 118.3541 14.6256 34.748 33.2399 18.3953 23.4921 15.2718 28.2297 42.1131 63.4011 43.133 181.6891 68.4503 84.9291 89.9995 91.0629 72.6923 11.08 81.0787 24.4612 88.1276 104.4435 73.9548 12.9737 1216.0728 811.8156 811.8156 776.6935 115.3442 303.543 187.1102 135.2279 346.3746 1281.7139 290.689 449.5512 279.7595 119.6138 385.4714 216.3834 274.77 1295.0651;
	3.5872 48.4711 92.8145 118.6354 14.6639 33.761 31.3988 18.0347 27.5384 29.6297 54.77 81.706 123.008 59.1589 199.0762 75.0008 93.0566 98.6122 90.5385 71.3327 10.4663 78.7757 25.7039 85.8317 103.5769 73.5766 12.9013 1200.1195 816.8259 816.8259 795.1953 116.3616 301.7948 183.6104 185.471 348.5124 1201.0603 311.0356 443.5475 277.4381 119.1204 374.5221 174.4107 274.0211 1213.5713;
	2.8152 38.0399 91.9792 116.7986 14.2626 29.4716 31.3483 17.4028 27.5204 30.105 55.6486 83.0167 124.9812 57.3253 196.4659 74.0174 91.8364 97.3191 88.7907 69.0768 10.4494 68.7671 71.7489 84.1252 99.6991 69.1289 12.3977 1252.0139 806.5068 806.5068 789.8054 117.7865 295.9689 177.8039 179.7226 344.1096 1193.8567 332.3224 455.937 267.0511 118.4751 326.9384 174.2002 267.6067 1206.2927;
	3.5948 48.5742 93.4324 117.234 14.7005 32.087 18.7288 17.4012 26.3213 30.1187 55.6739 83.0545 125.0382 50.0751 200.3231 75.4706 93.6394 99.2298 63.3555 72.4712 6.2429 74.8696 71.9944 85.2008 98.7702 70.3865 13.2171 1196.6758 801.9379 801.9379 787.7932 120.3793 211.1851 186.5411 156.9921 342.1602 1189.7807 335.8956 450.6139 264.5631 116.2625 355.9514 156.2281 263.1983 1202.1742;
	3.5691 48.2267 92.8558 116.1538 14.4734 32.8577 12.4889 17.3881 24.8359 29.241 54.0515 80.6342 121.3944 62.0161 198.6819 74.8522 92.8722 98.4168 87.0039 73.5845 4.163 76.668 73.0943 85.5545 100.8969 69.9961 13.2236 1250.0349 793.3778 793.3778 744.807 115.1682 290.0129 189.4067 194.429 338.5079 1186.5207 327.5426 387.5168 270.2595 118.1714 364.5015 168.5948 269.3343 1198.8803;
	3.7175 50.2311 94.0103 119.6315 14.7498 33.0925 1.0768 17.5572 3.4701 29.4459 54.4304 81.1994 122.2453 38.9753 200.1137 75.3917 93.5415 99.1261 86.5384 71.8383 0.3589 77.2158 72.0908 86.0126 100.3155 72.5727 13.2894 1231.7295 741.641 741.641 701.5531 113.4809 288.4615 184.9119 122.1928 316.4335 1129.8688 316.3608 168.6263 268.7022 122.6288 367.106 194.0446 278.5157 1141.6383;
	3.6645 49.5158 92.8463 119.9517 14.695 31.4932 0.0 18.381 0.1584 28.2206 52.1653 77.8204 117.1582 21.3464 202.3958 76.2515 94.6083 100.2565 86.7227 72.9461 0.0 73.484 73.1509 87.9137 103.4675 74.0321 13.3027 1152.8911 660.7528 660.7528 720.0147 112.8021 289.0757 187.7634 66.9237 281.9212 978.1096 293.9087 0.0428 277.145 122.4231 349.3641 175.1897 279.1228 988.2983;
	3.8156 51.5576 94.13 120.0091 15.096 30.6363 0.0255 18.9126 6.8068 25.5666 47.2595 70.5018 106.1401 25.0125 199.3037 75.0865 93.1629 98.7248 87.8527 72.8298 0.0085 71.4846 53.8173 89.2118 105.0625 74.1099 13.7441 1029.9579 614.6298 614.6298 620.7142 114.3309 292.8424 187.464 78.4177 262.2421 830.7975 267.1353 105.2276 281.4175 124.0113 339.8583 156.0113 283.1659 839.4516;
	3.6907 49.8689 94.5002 119.8825 15.1819 24.8617 3.3831 18.3531 20.2038 28.8773 53.3792 79.6312 119.8844 9.9657 202.1971 76.1766 94.5154 100.1581 82.9528 72.8608 1.1277 58.0106 75.1172 89.3477 104.6266 71.5967 13.5196 850.1108 705.172 705.172 595.6279 114.5065 276.5094 187.5438 31.2438 300.8734 803.5286 222.0101 136.7979 280.2499 122.8583 275.7992 144.0383 272.8288 811.8987;
	3.3241 44.9162 92.4658 117.8693 14.8871 14.5281 0.886 18.7688 3.3776 26.6985 49.3519 73.6233 110.8394 0.1256 199.6336 75.2108 93.3171 98.8883 37.8397 71.0347 0.2953 33.899 72.1502 88.5595 105.5155 72.7201 13.8311 623.086 730.778 730.778 546.5206 111.9839 126.1324 182.8436 0.3938 311.7986 832.9989 214.4199 58.7677 282.6307 122.7057 161.1654 126.7714 274.8856 841.6759;
	3.6767 49.6797 91.5967 112.734 14.6395 18.9401 6.221 18.514 25.435 21.205 39.1971 58.4743 88.0328 41.9364 193.6322 72.9498 90.5118 95.9155 53.9053 70.5428 2.0737 44.1936 68.631 84.8897 104.7775 70.3221 13.8983 632.0774 699.3169 699.3169 543.6198 99.4838 179.6844 181.5773 131.4763 298.3752 634.0896 226.8737 169.9775 280.654 121.7473 210.1089 140.5997 265.4498 640.6947;
	3.7051 50.0639 90.4458 115.7176 15.1726 20.5832 11.6696 18.9794 20.1925 23.33 43.1251 64.3342 96.8548 36.8829 200.7182 75.6194 93.8241 99.4255 57.2075 72.823 3.8899 48.0275 72.0874 87.105 105.0462 73.154 14.091 514.2379 692.3354 692.3354 503.1751 83.1145 190.6918 187.4467 115.633 295.3964 692.4498 238.1162 343.1757 281.3738 123.07 228.3365 159.1612 273.7521 699.6628;
	3.7031 50.0365 88.7798 113.5634 14.8097 18.7541 16.8551 18.3105 21.6771 23.3535 43.1686 64.3991 96.9525 31.0692 194.2409 73.1791 90.7963 96.217 70.037 73.5353 5.6184 43.7597 63.1053 84.4427 100.2487 72.3688 13.6861 410.9234 708.0617 708.0617 492.3658 69.2817 233.4568 189.2801 97.4063 302.1063 630.8471 241.9867 279.851 268.5234 120.3402 208.0459 164.7618 246.7409 637.4184;
	3.4069 46.0344 90.5607 117.3655 14.9163 10.5154 13.7802 17.9129 26.9632 27.6028 51.0234 76.1169 114.5935 26.4538 187.4824 70.6329 87.6371 92.8692 63.9513 73.1538 4.5934 24.5359 71.4711 86.56 101.6223 70.8203 13.6256 399.7689 571.0519 571.0519 433.3534 79.7497 213.1711 188.2981 82.9362 243.6488 492.4291 212.9116 287.9443 272.2026 122.413 116.6504 153.7568 231.5247 497.5586;
	3.3043 44.648 90.665 116.4185 14.9426 17.6248 1.8917 18.5102 22.5301 27.8294 51.4423 76.7418 115.5343 34.4898 186.9981 70.4504 87.4107 92.6293 61.9877 72.31 0.6306 41.1246 71.0909 86.57 104.8713 72.4524 13.4553 940.7029 486.4795 486.4795 305.6155 70.5823 206.6256 186.1261 108.1302 207.5646 824.4449 213.2423 115.434 280.9054 119.3381 195.5181 122.8141 234.7809 833.0329;
	3.0935 41.8001 93.0454 118.1446 14.8268 21.9198 1.7689 18.9743 19.6494 28.2557 52.2303 77.9173 117.3041 57.0288 189.8641 71.5302 88.7504 94.049 72.774 72.4159 0.5896 51.1461 71.559 87.5871 105.4878 75.582 13.8131 1191.8145 588.589 588.589 234.3467 62.7599 242.58 186.3986 178.793 251.1313 990.2331 200.1319 124.3352 282.5565 120.7779 243.1632 170.5037 269.4059 1000.548;
