function windprofile = ex_wind_profilesh1
%EX_WIND_PROFILE_D  Example wind_load_nyiso profile data for deterministic unit commitment.
% 2022.03.12
% Andres F. Ramirez


%% define constants
[GEN_BUS, PG, QG, QMAX, QMIN, VG, MBASE, GEN_STATUS, PMAX, PMIN, ...
    MU_PMAX, MU_PMIN, MU_QMAX, MU_QMIN, PC1, PC2, QC1MIN, QC1MAX, ...
    QC2MIN, QC2MAX, RAMP_AGC, RAMP_10, RAMP_30, RAMP_Q, APF] = idx_gen;
[CT_LABEL, CT_PROB, CT_TABLE, CT_TBUS, CT_TGEN, CT_TBRCH, CT_TAREABUS, ...
    CT_TAREAGEN, CT_TAREABRCH, CT_ROW, CT_COL, CT_CHGTYPE, CT_REP, ...
    CT_REL, CT_ADD, CT_NEWVAL, CT_TLOAD, CT_TAREALOAD, CT_LOAD_ALL_PQ, ...
    CT_LOAD_FIX_PQ, CT_LOAD_DIS_PQ, CT_LOAD_ALL_P, CT_LOAD_FIX_P, ...
    CT_LOAD_DIS_P, CT_TGENCOST, CT_TAREAGENCOST, CT_MODCOST_F, ...
    CT_MODCOST_X] = idx_ct;

windprofile = struct( ...
    'type', 'mpcData', ...
    'table', CT_TGEN, ...
    'rows', [1:45], ...
    'col', PMAX, ...
    'chgtype', 1, ...
    'values', [] );
windprofile.values(:,1,:) = [
	3.2134 43.4199 89.4016 109.1007 14.5868 32.2608 30.7238 17.4919 10.5127 17.1731 31.7442 47.356 71.2943 52.5176 198.3838 74.7399 92.7329 98.2692 85.2172 67.1177 10.2413 75.2753 20.9346 85.1448 100.1197 72.1445 12.4218 1234.8644 772.2209 772.2209 637.613 113.4864 284.0572 172.761 164.6498 329.4809 1011.7825 247.9629 434.9048 268.1777 120.6921 357.8802 192.066 274.0469 1022.3219;
	3.0224 40.8397 90.4961 111.0826 14.5116 32.0294 30.0185 17.4593 11.4282 14.4464 26.704 39.8372 59.9746 62.9219 190.1372 71.6331 88.8781 94.1842 79.0448 69.3196 10.0062 74.7352 23.4773 84.1305 100.248 71.1202 12.7977 1209.0656 782.3515 782.3515 624.2867 110.4072 263.4828 178.4289 197.2687 333.8033 1091.1429 237.477 410.8412 268.5215 121.9337 355.3123 177.9948 279.9858 1102.509;
	3.655 49.3871 90.9077 114.3089 14.6895 32.2171 31.4483 17.5666 23.6297 15.3311 28.3393 42.2767 63.6473 63.6206 167.6978 63.1792 78.389 83.0689 84.5619 69.0636 10.4828 75.1732 26.2937 86.7633 102.8362 72.3374 12.8148 1214.6003 765.9741 765.9741 674.4885 115.8093 281.8729 177.7698 199.4591 326.8156 1119.4905 268.3908 439.5838 275.4542 121.0984 357.395 189.5622 274.7072 1131.1518;
	3.5687 48.2212 88.0677 113.3335 14.9691 32.1291 30.6452 17.7361 28.1488 28.3592 52.4216 78.2027 117.7337 67.9167 194.216 73.1697 90.7847 96.2047 86.2618 64.5235 10.2151 74.968 22.5998 86.8823 102.8801 72.0394 12.8904 1266.485 786.7182 786.7182 715.2016 114.5899 287.5395 166.0836 212.9282 335.6665 1160.4488 295.4404 444.3995 275.5717 118.7822 356.4192 150.2856 272.6618 1172.5368;
	2.9629 40.0351 89.3451 114.2371 14.507 26.9956 29.8571 17.4743 26.9801 27.9758 51.7128 77.1454 116.1419 64.6008 196.5731 74.0578 91.8865 97.3723 84.0455 66.9777 9.9524 62.9897 69.054 88.7102 103.0757 70.9237 12.777 1267.7857 764.7914 764.7914 644.7253 113.5735 280.1516 172.4008 202.5323 326.311 1115.3502 317.3129 446.1234 276.0955 117.0046 299.4712 120.4296 273.4681 1126.9684;
	3.5805 48.3804 88.5623 111.9286 14.1462 29.2616 18.3071 17.4146 26.3342 28.7599 53.1622 79.3076 119.3971 52.7789 197.4659 74.3941 92.3038 97.8145 56.8196 68.4758 6.1024 68.277 67.9232 86.9602 101.6185 70.0561 13.159 1197.4919 769.2177 769.2177 683.4727 114.5554 189.3986 176.257 165.4689 328.1996 1107.9213 306.7745 452.0068 272.1925 116.6249 324.6084 140.8749 263.4867 1119.4621;
	3.7049 50.0614 89.9382 112.1641 14.2634 30.2212 13.7074 17.1412 26.1777 28.5538 52.7813 78.7392 118.5415 64.1573 195.3385 73.5926 91.3094 96.7607 84.2062 70.3069 4.5691 70.516 69.1995 86.5316 100.5664 68.2806 13.2411 1275.2406 754.4162 754.4162 646.6892 112.7658 280.6875 180.9702 201.1418 321.8842 1135.4155 305.9972 436.3943 269.3743 118.8205 335.2534 156.3959 264.5311 1147.2427;
	3.7248 50.3302 90.4204 113.7758 14.0096 30.857 0.3452 17.2843 1.9552 29.4213 54.3848 81.1314 122.1428 43.3302 200.3316 75.4738 93.6434 99.234 86.8475 70.2272 0.1151 71.9996 74.2021 84.9562 100.5156 69.2424 13.3311 1258.5466 717.1237 717.1237 660.1209 115.403 289.4916 180.765 135.8459 305.9728 1148.5084 310.7133 179.5594 269.2381 119.4006 342.3067 187.1339 259.8416 1160.472;
	3.6336 49.0974 91.1278 114.8472 14.1445 28.5581 0.0 17.6099 0.0 29.0334 53.6677 80.0617 120.5324 15.1576 191.2677 72.059 89.4065 94.7442 87.0735 69.9863 0.0 66.6357 73.8915 85.4391 101.5343 69.4719 13.189 1083.39 582.7193 582.7193 606.4044 112.4064 290.245 180.145 47.5211 248.6269 893.8263 277.6778 0.0 271.967 120.7785 316.8051 169.9151 254.5564 903.137;
	3.7653 50.8773 92.4927 118.5019 14.9536 29.8464 0.0 18.1296 1.0524 24.9346 46.0913 68.7591 103.5164 19.7582 188.9939 71.2023 88.3436 93.6179 89.5666 71.2068 0.0 69.6416 52.6385 88.5834 102.8388 71.1196 13.0468 943.0945 547.1144 547.1144 494.8151 105.8732 298.5552 183.2864 61.9445 233.4355 765.9226 241.9057 0.1862 275.461 121.4904 331.0963 158.0111 266.1972 773.9009;
	3.6302 49.0514 91.496 115.5557 14.8859 24.6826 1.2024 17.5456 7.6674 29.3674 54.2853 80.9829 121.9194 4.9388 195.5451 73.6705 91.406 96.863 83.7641 71.0541 0.4008 57.5927 75.6888 88.8255 102.7678 69.0098 13.2661 780.2867 600.5714 600.5714 461.8384 114.6408 279.2135 182.8934 15.4837 256.2438 722.0223 201.4911 5.761 275.2708 117.997 273.812 139.4048 234.8554 729.5433;
	3.492 47.185 92.1883 114.0648 15.0776 17.0524 0.0 17.853 8.3069 28.0828 51.9107 77.4405 116.5863 6.8354 194.2174 73.1703 90.7853 96.2053 40.1127 70.1301 0.0 39.789 75.7864 88.3089 101.4094 71.2559 13.1471 551.5655 645.7135 645.7135 449.041 113.6009 133.709 180.5151 21.4298 275.5044 725.2333 195.1399 12.26 271.6322 121.9468 189.1684 130.9958 259.3958 732.7878;
	3.7109 50.1419 91.7815 113.9926 15.3109 19.1891 0.0 17.7697 27.3941 24.8304 45.8986 68.4717 103.0838 51.2818 189.9057 71.5459 88.7699 94.0696 60.9607 70.2616 0.0 44.7746 75.3256 87.7228 101.355 70.3217 13.397 623.6732 661.5714 661.5714 511.3508 116.7247 203.2025 180.8535 160.7755 282.2705 593.3432 246.3038 106.2608 271.4867 121.356 212.8712 143.3494 260.9318 599.5238;
	3.6583 49.4314 88.6514 113.7393 15.3034 19.6731 0.0 17.8851 20.7153 24.5646 45.4074 67.7388 101.9804 39.7834 197.4228 74.3779 92.2837 97.7931 61.0231 71.6806 0.0 45.904 75.4314 85.9572 97.4225 71.1377 13.2664 511.4497 620.4447 620.4447 461.0707 100.4129 203.4103 184.506 124.7262 264.7231 645.0323 241.7868 81.0375 260.9531 119.1747 218.2406 154.1284 260.95 651.7514;
	3.7068 50.0867 90.0333 113.5628 15.2804 18.0035 0.001 18.2541 8.7258 26.2359 48.4967 72.3475 108.9188 30.8704 190.4467 71.7497 89.0228 94.3376 69.0937 70.5625 0.0003 42.0081 73.2483 85.0884 97.6104 72.045 13.2521 371.6067 609.915 609.915 425.0923 90.1643 230.3123 181.628 96.7829 260.2304 550.7785 245.4844 30.6775 261.4565 120.5528 199.7186 157.4718 240.888 556.5158;
	3.5054 47.366 92.946 116.9693 15.2528 9.0004 0.0109 18.466 15.9217 28.3708 52.4429 78.2345 117.7817 25.9385 186.8935 70.411 87.3618 92.5775 64.1882 70.9767 0.0036 21.001 73.0601 87.3511 99.3144 73.0735 13.5929 446.1606 547.6786 547.6786 396.8777 94.9449 213.9607 182.6942 81.3206 233.6762 505.1052 228.5834 79.6387 266.0206 121.167 99.8449 155.8997 246.902 510.3667;
	3.4224 46.2447 93.7174 114.0149 14.9367 17.4339 0.0 19.0986 17.0819 29.7991 55.0831 82.1732 123.7113 35.1002 190.2486 71.675 88.9301 94.2394 64.7114 70.7694 0.0 40.679 73.0246 86.9791 103.6176 73.7985 13.5047 1047.1496 462.3571 462.3571 287.3577 84.6581 215.7047 182.1605 110.0439 197.2723 832.5495 216.7433 116.0975 277.5472 121.6722 193.3995 139.691 244.4025 841.2219;
	3.09 41.7527 93.6124 110.6111 14.7069 18.7011 0.0 19.0208 0.3664 28.7608 53.164 79.3102 119.401 56.7874 199.2131 75.0524 93.1205 98.68 78.2332 71.2294 0.0 43.6359 70.3364 87.0863 101.7985 74.6702 13.7326 1202.438 547.5105 547.5105 204.436 68.8171 260.7772 183.3446 178.0363 233.6045 994.3969 200.9653 120.1196 272.6745 123.0078 207.4577 171.4506 265.9772 1004.7552;
