function loadprofile = ex_load_profilesh1
%EX_LOAD_PROFILE  Example load profile data file for stochastic unit commitment.
% 2022.03.12
% Andres F. Ramirez

%% define constants
[CT_LABEL, CT_PROB, CT_TABLE, CT_TBUS, CT_TGEN, CT_TBRCH, CT_TAREABUS, ...
    CT_TAREAGEN, CT_TAREABRCH, CT_ROW, CT_COL, CT_CHGTYPE, CT_REP, ...
    CT_REL, CT_ADD, CT_NEWVAL, CT_TLOAD, CT_TAREALOAD, CT_LOAD_ALL_PQ, ...
    CT_LOAD_FIX_PQ, CT_LOAD_DIS_PQ, CT_LOAD_ALL_P, CT_LOAD_FIX_P, ...
    CT_LOAD_DIS_P, CT_TGENCOST, CT_TAREAGENCOST, CT_MODCOST_F, ...
    CT_MODCOST_X] = idx_ct;

loadprofile = struct( ...
    'type', 'mpcData', ...
    'table', CT_TAREALOAD, ...
    'rows', [1:11], ...
    'col', CT_LOAD_ALL_P, ...
    'chgtype', 1, ...
    'values', [] );
loadprofile.values(:,1,:) = [
	1512.1539 928.371 1564.3578 541.3057 773.3878 1067.9664 853.5554 253.3275 503.222 4449.2308 1756.0212;
	1500.2818 916.5618 1534.3786 520.6069 747.6261 1032.9576 843.1072 250.5036 479.3484 4326.6551 1691.5236;
	1482.4763 929.6713 1547.5 534.1 785.1073 1043.6644 842.5712 247.4 493.8977 4369.674 1698.0904;
	1554.5472 987.9 1633.4125 548.7151 818.3377 1118.2256 877.9914 265.8318 539.728 4517.5342 1809.6151;
	1713.1481 1105.3634 1825.5 560.6 939.3 1271.6672 974.9398 302.9194 623.9316 5028.6042 2039.0004;
	1815.4 1182.8886 1939.009 556.6 1001.0644 1368.4 1050.4142 327.5736 695.2043 5570.6261 2209.8452;
	1800.1 1192.4838 1940.7269 544.3187 935.8158 1373.1 1055.9252 299.2562 701.2386 5874.0597 2265.7655;
	1874.374 1250.9182 1986.6941 554.7629 966.793 1378.441 1080.7696 309.646 726.9442 6083.3337 2353.2027;
	1911.5392 1297.3622 2002.7713 551.435 992.1909 1408.3047 1108.0165 301.6659 757.8442 6161.6349 2415.8439;
	1916.8778 1278.6992 1971.2297 536.1386 978.942 1407.2507 1124.6259 297.9288 733.3 6169.0563 2393.1129;
	1889.8 1303.2057 1952.743 515.9781 947.9711 1396.6866 1104.6802 281.3068 707.4043 6109.3269 2349.2671;
	1923.4756 1329.1926 1978.5294 513.3977 968.8292 1416.4091 1146.7487 298.5 696.1895 6079.7144 2419.0;
	1914.5471 1293.7978 1961.6498 507.8613 922.1 1377.6695 1121.6475 272.0 680.2659 6032.052 2369.7678;
	1895.8123 1280.161 1944.0887 513.0641 923.4581 1376.4 1085.5516 272.0857 668.8742 6004.1819 2343.0688;
	1819.7438 1212.6415 1936.2704 507.3664 915.1457 1392.5634 1075.3442 249.1342 659.8354 5938.9233 2326.0481;
	1794.9792 1170.0796 1845.3966 515.6473 923.4944 1387.3603 1078.7959 264.0128 672.6 5849.9664 2293.4001;
	1730.179 1179.0545 1806.6628 509.6024 937.0321 1390.7958 1080.0509 275.0906 664.8944 5636.1776 2305.3062;
	1736.3634 1155.0 1803.6664 537.5293 978.1336 1422.6893 1100.7042 315.3676 694.5735 5728.6463 2442.9963;
	1744.4316 1161.8952 1836.587 543.5 994.1 1455.9895 1129.6075 324.9518 693.9649 5668.9907 2400.1099;
	1718.8184 1100.2846 1736.7401 539.9168 931.8697 1362.6783 1063.0074 307.7 677.1898 5432.6 2267.7314;
	1692.0791 1055.8914 1675.7511 536.1204 907.3288 1292.4134 1018.326 300.3302 628.3168 5232.2062 2155.6549;
	1603.2881 978.9 1575.7408 528.2426 829.2387 1204.9022 927.0593 270.0 563.4 4858.5072 1961.311;
	1553.1557 922.21 1478.9592 546.1576 742.1632 1183.3687 902.1 255.6778 507.9 4709.3833 1839.0207;
	1492.6699 883.428 1484.884 550.2167 754.8394 1138.4 852.4382 268.7992 484.6172 4455.7851 1760.3493;
];
