function loadprofile = ex_load_profilesh1
%EX_LOAD_PROFILE  Example load profile data file for stochastic unit commitment.
% 2022.03.12
% Andres F. Ramirez

%% define constants
[CT_LABEL, CT_PROB, CT_TABLE, CT_TBUS, CT_TGEN, CT_TBRCH, CT_TAREABUS, ...
    CT_TAREAGEN, CT_TAREABRCH, CT_ROW, CT_COL, CT_CHGTYPE, CT_REP, ...
    CT_REL, CT_ADD, CT_NEWVAL, CT_TLOAD, CT_TAREALOAD, CT_LOAD_ALL_PQ, ...
    CT_LOAD_FIX_PQ, CT_LOAD_DIS_PQ, CT_LOAD_ALL_P, CT_LOAD_FIX_P, ...
    CT_LOAD_DIS_P, CT_TGENCOST, CT_TAREAGENCOST, CT_MODCOST_F, ...
    CT_MODCOST_X] = idx_ct;

loadprofile = struct( ...
    'type', 'mpcData', ...
    'table', CT_TAREALOAD, ...
    'rows', [1:11], ...
    'col', CT_LOAD_ALL_P, ...
    'chgtype', 1, ...
    'values', [] );
loadprofile.values(:,1,:) = [
	1517.9463 869.1 1480.8 523.4647 737.7264 1089.5851 798.5355 203.6 492.002 4361.4249 1664.0876;
	1494.3182 864.4547 1449.9911 518.4561 694.191 1065.401 781.2 201.3 476.8984 4261.2667 1635.8188;
	1533.4608 888.1 1482.9093 525.7608 707.0194 1097.7639 807.6 215.3 489.9851 4336.7211 1702.0371;
	1578.946 944.6653 1528.8528 543.0 795.9079 1145.2168 838.0874 229.8372 527.9143 4453.9469 1778.2257;
	1743.9595 1069.8 1758.554 570.293 912.1 1292.6288 955.8462 265.0112 626.4928 5091.2196 2050.2002;
	1828.8638 1148.8 1907.1 592.8469 985.1095 1386.5094 1054.017 289.3155 731.6953 5625.0474 2284.6528;
	1805.8007 1152.6455 1896.8831 589.0407 920.0873 1367.9125 1070.4974 266.8684 734.0635 5911.4154 2271.3781;
	1842.1026 1186.0658 1957.3179 584.6371 957.0932 1381.4986 1086.3438 285.8871 726.9518 6057.9006 2315.6072;
	1871.6366 1175.3791 1963.2266 573.5 930.7615 1354.7645 1052.3903 310.6326 715.6462 6104.7658 2241.5111;
	1870.0222 1159.6139 1946.4 545.7152 904.5709 1394.4246 1077.37 312.7 733.8607 6102.1 2323.3653;
	1855.2668 1140.0917 1879.5664 549.5465 883.9539 1328.4019 1017.6414 300.6295 757.1257 6086.2598 2270.5334;
	1850.9913 1110.442 1854.4476 519.8932 854.267 1338.0282 1013.2128 309.7697 770.8836 6177.2199 2338.1797;
	1762.3645 1070.3219 1830.4 521.1875 812.409 1300.4896 993.5019 285.2696 757.3394 6118.9429 2304.1743;
	1725.8096 1063.5762 1830.9811 525.8257 838.0949 1318.9774 1003.0444 294.2039 777.5145 6116.3891 2283.2125;
	1703.3161 1011.3825 1756.6517 517.2524 832.0259 1322.1104 991.3839 286.7409 713.7864 6104.781 2214.6486;
	1715.6827 1090.6655 1814.2372 541.0857 856.26 1333.0697 999.5 300.2703 751.4137 6235.5806 2332.5058;
	1696.2664 1037.004 1775.9145 543.7012 886.0669 1346.9953 1029.7 313.6586 728.4885 6210.4062 2397.5681;
	1730.5091 1058.0654 1805.6179 570.5938 900.8812 1408.4274 1088.441 329.3 759.5022 6236.9125 2436.5035;
	1815.1 1137.5 1841.2053 561.2929 918.8467 1407.7719 1106.4569 332.5166 743.9569 6287.8193 2456.7656;
	1711.2118 1033.1395 1702.7855 541.8 848.6564 1321.7223 1042.9 310.9 672.4896 5731.0648 2317.9101;
	1689.7716 1014.2947 1607.417 531.1 794.4547 1237.2132 979.0 279.8231 641.4226 5680.3889 2187.0557;
	1592.4454 951.9778 1547.1857 515.6101 746.2825 1172.4679 899.6096 259.1683 578.0528 5130.4539 2030.9165;
	1544.5536 884.9036 1499.5392 527.3 710.2739 1111.4064 861.3614 235.3836 510.5709 4843.9147 1933.9634;
	1559.1092 881.396 1515.4 541.8 711.8705 1114.8087 859.5176 236.6513 504.3585 4619.1342 1922.3061;
];
