function solarprofile = ex_solar_profilesh1
%EX_WIND_PROFILE_D  Example wind_load_nyiso profile data for deterministic unit commitment.
% 2022.03.12
% Andres F. Ramirez


%% define constants
[GEN_BUS, PG, QG, QMAX, QMIN, VG, MBASE, GEN_STATUS, PMAX, PMIN, ...
    MU_PMAX, MU_PMIN, MU_QMAX, MU_QMIN, PC1, PC2, QC1MIN, QC1MAX, ...
    QC2MIN, QC2MAX, RAMP_AGC, RAMP_10, RAMP_30, RAMP_Q, APF] = idx_gen;
[CT_LABEL, CT_PROB, CT_TABLE, CT_TBUS, CT_TGEN, CT_TBRCH, CT_TAREABUS, ...
    CT_TAREAGEN, CT_TAREABRCH, CT_ROW, CT_COL, CT_CHGTYPE, CT_REP, ...
    CT_REL, CT_ADD, CT_NEWVAL, CT_TLOAD, CT_TAREALOAD, CT_LOAD_ALL_PQ, ...
    CT_LOAD_FIX_PQ, CT_LOAD_DIS_PQ, CT_LOAD_ALL_P, CT_LOAD_FIX_P, ...
    CT_LOAD_DIS_P, CT_TGENCOST, CT_TAREAGENCOST, CT_MODCOST_F, ...
    CT_MODCOST_X] = idx_ct;

solarprofile = struct( ...
    'type', 'mpcData', ...
    'table', CT_TGEN, ...
    'rows', [1:12], ...
    'col', PMAX, ...
    'chgtype', 1, ...
    'values', [] );
solarprofile.values(:,1,:) = [
	0.0 0.0 0.0 0.0 0.0 0.0 0.0 0.0 0.0 0.0 0.0 0.0;
	0.0 0.0 0.0 0.0 0.0 0.0 0.0 0.0 0.0 0.0 0.0 0.0;
	0.0 0.0 0.0 0.0 0.0 0.0 0.0 0.0 0.0 0.0 0.0 0.0;
	0.0 0.0 0.0 0.0 0.0 0.0 0.0 0.0 0.0 0.0 0.0 0.0;
	0.0 0.0 0.0 0.0 0.0 0.0 0.0 0.0 0.0 0.0 0.0 0.0;
	0.4331 0.4373 0.3881 0.0 0.0 0.1765 0.0221 0.4729 0.5018 0.0 0.0 0.0;
	4.2094 4.8314 3.2078 1.7112 3.3087 85.4399 10.68 5.645 203.485 179.8345 84.1753 325.6813;
	8.5138 6.4241 5.7366 4.7778 5.8627 221.6078 27.701 21.7962 226.744 188.4101 121.9518 341.2118;
	12.9011 8.7189 8.7254 7.7522 7.4837 248.0311 31.0039 33.9757 211.586 229.6189 149.1825 415.8413;
	14.828 12.8245 10.8593 11.7317 13.4121 113.7923 14.224 16.4556 170.6312 308.034 193.9877 557.8514;
	16.1744 14.379 11.4032 11.9401 13.3338 96.6686 12.0836 12.9906 172.3456 349.4619 240.2839 632.8777;
	16.1479 13.4987 11.3017 11.9527 13.2924 92.3702 11.5463 10.5093 165.7078 357.6344 239.6537 647.678;
	10.87 9.4231 8.5215 10.7091 11.1749 135.8024 16.9753 8.4002 202.091 300.032 157.416 543.3598;
	8.9377 7.4217 6.2319 7.3443 9.9376 121.6912 15.2114 6.1317 183.2287 229.7072 125.8037 416.0012;
	6.6555 6.4038 4.0512 4.2568 8.6713 89.2428 11.1553 5.4552 141.4512 189.9002 97.8395 343.9104;
	2.0454 2.092 1.1373 3.1182 3.254 100.5603 12.57 8.4197 88.5627 100.0121 12.1303 181.1224;
	0.4743 0.3602 0.2527 1.2332 1.7351 58.8082 7.351 6.5383 41.1287 106.167 4.6267 192.2691;
	0.0 0.0 0.0 0.0 0.0 0.0 0.0 0.0 0.0 0.0 0.0 0.0;
	0.0 0.0 0.0 0.0 0.0 0.0 0.0 0.0 0.0 0.0 0.0 0.0;
	0.0 0.0 0.0 0.0 0.0 0.0 0.0 0.0 0.0 0.0 0.0 0.0;
	0.0 0.0 0.0 0.0 0.0 0.0 0.0 0.0 0.0 0.0 0.0 0.0;
	0.0 0.0 0.0 0.0 0.0 0.0 0.0 0.0 0.0 0.0 0.0 0.0;
	0.0 0.0 0.0 0.0 0.0 0.0 0.0 0.0 0.0 0.0 0.0 0.0;
	0.0 0.0 0.0 0.0 0.0 0.0 0.0 0.0 0.0 0.0 0.0 0.0;
];
