function loadprofile = ex_load_profilesh1
%EX_LOAD_PROFILE  Example load profile data file for stochastic unit commitment.
% 2022.03.12
% Andres F. Ramirez

%% define constants
[CT_LABEL, CT_PROB, CT_TABLE, CT_TBUS, CT_TGEN, CT_TBRCH, CT_TAREABUS, ...
    CT_TAREAGEN, CT_TAREABRCH, CT_ROW, CT_COL, CT_CHGTYPE, CT_REP, ...
    CT_REL, CT_ADD, CT_NEWVAL, CT_TLOAD, CT_TAREALOAD, CT_LOAD_ALL_PQ, ...
    CT_LOAD_FIX_PQ, CT_LOAD_DIS_PQ, CT_LOAD_ALL_P, CT_LOAD_FIX_P, ...
    CT_LOAD_DIS_P, CT_TGENCOST, CT_TAREAGENCOST, CT_MODCOST_F, ...
    CT_MODCOST_X] = idx_ct;

loadprofile = struct( ...
    'type', 'mpcData', ...
    'table', CT_TAREALOAD, ...
    'rows', [1:11], ...
    'col', CT_LOAD_ALL_P, ...
    'chgtype', 1, ...
    'values', [] );
loadprofile.values(:,1,:) = [
	1446.8328 824.9916 1463.9152 496.8791 753.0 1078.1 839.9184 221.4 490.7065 4153.5208 1652.0;
	1385.2 780.6018 1459.9687 498.7789 749.1184 1054.3 819.2688 203.9955 468.7847 3887.851 1606.2099;
	1436.9338 829.222 1492.3084 519.9 762.7063 1031.3159 828.0451 215.1482 481.5916 4110.4145 1645.6;
	1519.5485 893.7456 1567.0707 545.0815 823.86 1106.5678 861.2976 246.6019 498.7846 4332.7037 1743.0132;
	1688.0 1008.0592 1796.3 562.1 936.9 1261.8197 964.6667 287.9404 569.9643 4819.2046 1963.2;
	1804.2112 1088.1 1891.489 562.5171 1001.5513 1353.3082 1046.9574 324.8 665.5 5504.2914 2166.5686;
	1806.4 1088.486 1883.3605 554.0576 960.1384 1326.8168 1054.5912 321.7 676.438 5738.7933 2203.5703;
	1790.8033 1082.7342 1873.3558 536.326 933.5174 1307.1518 1054.2 322.4108 674.1585 5961.1963 2135.5548;
	1802.1102 1085.2454 1847.0568 535.5235 943.0995 1299.3 1031.6544 323.1902 686.3244 6046.7997 2147.0371;
	1825.2817 1086.6095 1836.5591 522.9327 922.16 1291.9054 1079.5584 325.1244 705.8104 6144.7424 2181.1256;
	1780.4383 1056.4234 1774.1808 497.4754 888.374 1259.5 1044.6812 311.1134 711.8 6058.1173 2117.8563;
	1815.8052 1051.7869 1794.268 481.703 868.0098 1243.4757 1043.6709 317.4035 701.2735 6054.8453 2096.3998;
	1800.1748 1026.5491 1750.9883 505.0864 845.2634 1260.8246 989.3225 299.5011 683.8708 5921.4452 1994.3491;
	1800.292 1049.9408 1724.2024 475.9171 817.8089 1263.3428 1020.6667 313.1609 687.2261 5978.7092 2087.8365;
	1779.9025 1058.6771 1704.937 485.1474 837.246 1290.9868 1006.9169 304.9 690.5983 6038.8011 2166.4897;
	1702.4032 1018.2085 1704.2672 497.1808 858.623 1307.6361 1028.0643 317.1 668.0437 5974.6504 2190.7029;
	1759.2778 1108.8443 1766.6822 519.6 855.7126 1304.9 1008.714 320.6 669.9074 5731.6885 2269.8202;
	1791.4046 1102.7 1804.0174 535.3 901.0107 1342.9813 1068.0628 325.5903 710.3079 5771.3716 2362.9944;
	1844.8168 1142.32 1850.7894 542.5778 930.6 1336.5594 1087.2346 340.4 706.2526 5749.4115 2377.0447;
	1826.8989 1049.2531 1715.5 529.8 875.2314 1258.4042 1041.9 319.6644 670.7351 5566.0781 2271.3092;
	1757.6941 993.1082 1678.668 502.4955 868.4432 1183.7807 989.642 291.1265 614.0309 5299.7165 2130.1961;
	1628.6 921.8706 1576.9613 495.2858 799.5954 1087.8927 912.9 277.344 556.9 4978.7044 1938.7407;
	1599.7 902.2182 1544.3 527.3 761.5773 1025.1608 850.8891 258.5886 493.6473 4700.8766 1772.938;
	1565.7157 868.3977 1487.6081 536.3 718.9991 1021.888 817.0465 246.3626 442.3387 4474.5553 1674.5366;
];
