function windprofile = ex_wind_profilesh1
%EX_WIND_PROFILE_D  Example wind_load_nyiso profile data for deterministic unit commitment.
% 2022.03.12
% Andres F. Ramirez


%% define constants
[GEN_BUS, PG, QG, QMAX, QMIN, VG, MBASE, GEN_STATUS, PMAX, PMIN, ...
    MU_PMAX, MU_PMIN, MU_QMAX, MU_QMIN, PC1, PC2, QC1MIN, QC1MAX, ...
    QC2MIN, QC2MAX, RAMP_AGC, RAMP_10, RAMP_30, RAMP_Q, APF] = idx_gen;
[CT_LABEL, CT_PROB, CT_TABLE, CT_TBUS, CT_TGEN, CT_TBRCH, CT_TAREABUS, ...
    CT_TAREAGEN, CT_TAREABRCH, CT_ROW, CT_COL, CT_CHGTYPE, CT_REP, ...
    CT_REL, CT_ADD, CT_NEWVAL, CT_TLOAD, CT_TAREALOAD, CT_LOAD_ALL_PQ, ...
    CT_LOAD_FIX_PQ, CT_LOAD_DIS_PQ, CT_LOAD_ALL_P, CT_LOAD_FIX_P, ...
    CT_LOAD_DIS_P, CT_TGENCOST, CT_TAREAGENCOST, CT_MODCOST_F, ...
    CT_MODCOST_X] = idx_ct;

windprofile = struct( ...
    'type', 'mpcData', ...
    'table', CT_TGEN, ...
    'rows', [1:45], ...
    'col', PMAX, ...
    'chgtype', 1, ...
    'values', [] );
windprofile.values(:,1,:) = [
	3.9843 53.8373 93.103 120.1417 15.0865 34.2312 31.7925 18.5735 11.5752 17.8842 33.0587 49.317 74.2465 55.1554 197.8896 74.5538 92.5019 98.0244 89.1 69.1081 10.5975 79.8729 23.2954 86.79 103.4979 74.9297 13.8467 1246.7303 790.1975 790.1975 705.8261 103.6614 297.0 177.8845 172.9197 337.1509 1144.2572 247.4965 476.9498 277.2264 121.3118 379.7385 214.8877 268.3597 1156.1766;
	3.8929 52.6019 91.1395 117.8114 14.7994 33.8638 32.1608 18.4413 12.654 13.8379 25.5792 38.1591 57.4483 64.0689 194.3008 73.2017 90.8243 96.2467 87.8915 72.3188 10.7203 79.0156 28.0384 83.2018 98.2146 74.1765 13.4646 1255.58 788.4239 788.4239 739.645 103.7295 292.9717 186.1487 200.8646 336.3942 1220.9265 232.4088 477.0312 263.0748 117.5024 375.6629 205.383 261.9462 1233.6444;
	3.8249 51.6832 91.5905 119.7005 14.9504 34.436 33.2341 18.5241 24.5906 14.3456 26.5176 39.559 59.5559 56.9628 178.3733 67.2011 83.3792 88.357 88.3789 72.1073 11.078 80.3507 26.57 87.2286 100.3632 73.4238 13.1627 1243.2094 785.7211 785.7211 725.64 102.6109 294.5965 185.6043 178.5862 335.241 1238.4095 258.1303 475.472 268.8299 119.6144 382.0101 209.7405 248.7105 1251.3096;
	3.649 49.3062 87.9261 117.1584 14.5875 33.7681 31.5659 18.31 28.0501 27.3999 50.6484 75.5574 113.7512 65.8365 195.8779 73.7959 91.5615 97.0279 88.5889 69.2136 10.522 78.7921 23.1758 84.5665 99.2656 74.328 13.1411 1281.8163 796.159 796.159 733.0232 109.7644 295.2963 178.1559 206.4062 339.6945 1227.6933 280.2376 471.7225 265.8901 118.3272 374.6003 175.3742 256.3553 1240.4817;
	3.2888 44.4384 90.0619 119.9871 14.5815 30.087 31.4269 18.7452 28.128 28.5486 52.7717 78.725 118.52 65.8211 201.6669 75.9768 94.2675 99.8955 88.9552 69.2485 10.4756 70.2029 73.6322 86.3178 102.4673 74.2838 13.7012 1302.7983 815.5298 815.5298 776.7165 114.2866 296.5174 178.2458 206.358 347.9594 1211.0071 285.0926 476.9549 274.466 119.5689 333.7646 174.6376 258.2182 1223.6217;
	3.6487 49.3018 90.9279 116.9379 14.2959 31.9188 18.5476 18.6886 25.9443 26.5493 49.0761 73.2118 110.22 51.2662 199.7131 75.2408 93.3543 98.9277 59.1836 68.9038 6.1825 74.4772 70.6925 86.1912 101.2895 75.3121 13.8839 1224.7645 806.4213 806.4213 784.6921 117.5477 197.2785 177.3585 160.7264 344.0731 1225.553 279.6945 470.2898 271.3112 116.1462 354.0858 153.0614 262.8083 1238.3192;
	3.494 47.2122 91.8899 117.0194 14.0802 32.3917 14.185 18.2977 25.858 27.08 50.057 74.6752 112.4232 65.0274 196.911 74.1851 92.0444 97.5396 88.6764 71.4031 4.7283 75.5806 70.8672 87.0347 101.1873 73.3176 13.942 1261.9631 809.0716 809.0716 766.2612 114.2375 295.5878 183.7918 203.8696 345.2039 1219.9219 302.0203 447.9718 271.0374 118.0331 359.3319 158.6436 267.9684 1232.6294;
	3.6435 49.232 92.8785 117.1845 14.6707 32.279 0.7267 18.5434 3.2225 28.1085 51.9582 77.5114 116.693 45.555 199.2917 75.082 93.1573 98.7189 86.2046 70.6337 0.2422 75.3176 70.9515 86.7897 100.7112 72.9117 14.1161 1264.7885 784.0264 784.0264 750.6282 116.8008 287.3485 181.8114 142.8211 334.5179 1240.1531 324.2335 184.1748 269.7622 119.1057 358.0814 192.7276 272.4193 1253.0713;
	3.6839 49.7777 91.3911 116.7334 14.68 29.7115 0.2395 18.0291 7.89 27.9675 51.6975 77.1225 116.1074 28.3475 196.5353 74.0435 91.8688 97.3535 88.797 71.0395 0.0798 69.3267 70.6812 86.4702 99.6039 73.5177 13.6691 1135.6059 684.3302 684.3302 677.8812 110.8589 295.99 182.8558 88.8734 291.9809 1033.3688 290.2109 25.7481 266.7962 118.4752 329.5991 170.2345 269.0949 1044.1331;
	3.5649 48.1695 90.5971 116.6358 14.5411 29.9906 1.2982 18.3637 11.609 25.171 46.5282 69.4109 104.4977 25.1149 193.1336 72.762 90.2787 95.6685 91.1907 71.5453 0.4327 69.978 47.827 87.2166 100.6402 72.8343 13.4358 958.4931 608.6669 608.6669 587.958 112.0365 303.9689 184.1579 78.7387 259.6979 838.6151 259.1276 24.3147 269.5719 119.454 332.6955 147.7544 261.905 847.3506;
	3.5845 48.4342 91.8139 116.1414 14.1301 25.3631 2.1753 18.1214 7.6473 29.0427 53.6851 80.0876 120.5714 27.7668 201.7999 76.0269 94.3297 99.9613 81.0785 71.8598 0.7251 59.1806 71.99 87.3535 100.8467 72.9371 13.7367 769.6276 644.1575 644.1575 508.8163 107.5337 270.2618 184.9673 87.0528 274.8405 759.6358 209.1355 63.9405 270.1252 115.1157 281.3614 135.3219 269.2151 767.5487;
	3.1295 42.2859 90.2596 114.0925 14.1503 17.0712 0.0796 17.9755 6.6413 27.121 50.1328 74.7883 112.5934 21.3595 202.5413 76.3063 94.6763 100.3286 40.9266 72.8203 0.0265 39.8328 73.5383 86.6149 100.6354 72.6735 13.6205 594.9117 688.3962 688.3962 498.579 102.4883 136.422 187.4397 66.9649 293.7157 798.6753 209.2312 18.047 269.5592 117.5342 189.3763 113.1356 263.9115 806.9948;
	3.6543 49.3772 91.4006 115.1393 14.4278 19.2699 0.4187 18.0328 26.1292 24.1965 44.7268 66.7236 100.452 53.5077 198.5522 74.8034 92.8116 98.3526 59.6421 72.5729 0.1396 44.9632 74.3178 84.6913 99.5646 73.7346 13.7649 616.4061 656.1174 656.1174 491.1191 101.5379 198.807 186.8028 167.7538 279.9434 622.0812 235.741 13.9306 266.691 120.3019 213.7679 129.9549 262.0079 628.5612;
	3.6442 49.2406 88.969 113.3105 14.1784 19.973 2.6201 18.0716 20.1272 23.1366 42.7676 63.8009 96.0519 43.6503 201.4786 75.9059 94.1795 99.8022 62.4318 71.9034 0.8734 46.6037 72.7219 84.9878 97.2417 73.7796 13.2787 543.4261 670.3734 670.3734 486.6903 86.1415 208.1061 185.0794 136.8496 286.026 702.4892 242.2167 314.3565 260.4689 117.1018 221.5671 152.0999 259.016 709.8068;
	3.7609 50.8182 91.234 119.1364 14.4939 18.5542 3.118 18.487 4.4845 25.7827 47.659 71.0978 107.0373 33.5651 191.2206 72.0413 89.3845 94.7209 77.0969 70.2778 1.0393 43.2932 72.6458 87.0286 98.6484 74.9192 13.5309 403.995 647.0429 647.0429 440.3364 79.6969 256.9897 180.8953 105.2311 276.0716 600.1815 241.4782 208.918 264.2368 114.3671 205.8281 161.2795 247.1327 606.4334;
	3.3782 45.6473 89.4832 118.9427 14.2322 9.0586 0.0 19.0397 0.0 27.1792 50.2403 74.9487 112.8349 23.4054 174.314 65.6718 81.4816 86.3462 66.7949 69.0625 0.0 21.1368 71.0827 86.3573 101.1535 76.0089 13.7747 426.1449 530.6565 530.6565 407.8126 91.8585 222.6498 177.767 73.3791 226.4134 492.4306 219.1634 34.0931 270.9468 119.9226 100.4905 145.852 241.5432 497.5601;
	3.2918 44.4788 89.4712 118.6183 14.2532 16.9015 2.6755 19.0194 0.007 27.2949 50.4542 75.2677 113.3152 33.562 180.555 68.0231 84.399 89.4377 65.0498 69.2944 0.8918 39.4367 68.2246 86.32 103.97 76.4292 13.8146 984.038 460.6777 460.6777 293.4354 89.6892 216.8328 178.364 105.2215 196.5558 848.8852 230.5879 115.3646 278.491 118.9232 187.4935 129.3407 242.8224 857.7277;
	3.0124 40.704 91.4757 120.1134 14.1066 20.04 10.5812 19.0824 6.0376 29.6051 54.7246 81.6383 122.906 60.1755 187.4582 70.6238 87.6258 92.8572 79.3928 69.9864 3.5271 46.76 72.9616 87.4622 102.2324 76.3197 13.9601 1208.4622 585.5688 585.5688 231.3647 63.1362 264.6427 180.1453 188.6582 249.8427 1032.5293 207.5497 150.3473 273.8368 118.9165 222.3104 166.1837 272.8731 1043.2848;
