function loadprofile = ex_load_profilesh1
%EX_LOAD_PROFILE  Example load profile data file for stochastic unit commitment.
% 2022.03.12
% Andres F. Ramirez

%% define constants
[CT_LABEL, CT_PROB, CT_TABLE, CT_TBUS, CT_TGEN, CT_TBRCH, CT_TAREABUS, ...
    CT_TAREAGEN, CT_TAREABRCH, CT_ROW, CT_COL, CT_CHGTYPE, CT_REP, ...
    CT_REL, CT_ADD, CT_NEWVAL, CT_TLOAD, CT_TAREALOAD, CT_LOAD_ALL_PQ, ...
    CT_LOAD_FIX_PQ, CT_LOAD_DIS_PQ, CT_LOAD_ALL_P, CT_LOAD_FIX_P, ...
    CT_LOAD_DIS_P, CT_TGENCOST, CT_TAREAGENCOST, CT_MODCOST_F, ...
    CT_MODCOST_X] = idx_ct;

loadprofile = struct( ...
    'type', 'mpcData', ...
    'table', CT_TAREALOAD, ...
    'rows', [1:11], ...
    'col', CT_LOAD_ALL_P, ...
    'chgtype', 1, ...
    'values', [] );
loadprofile.values(:,1,:) = [
	1479.8 900.3 1486.5261 578.256 775.7622 1078.1 844.9723 225.9159 507.4236 4364.54 1624.9448;
	1477.3856 888.6 1456.9382 559.8546 779.6908 1071.7288 844.3292 229.5816 487.9909 4301.2238 1616.2696;
	1502.2253 897.0 1483.1721 550.8484 794.7233 1097.732 850.2846 236.6434 507.6342 4343.4287 1630.4848;
	1564.4413 954.4971 1571.8703 564.0 849.1844 1168.0633 890.0396 245.6614 531.4603 4504.0158 1741.8006;
	1701.6305 1055.8433 1740.1206 588.8257 961.4227 1304.1018 968.1712 275.2249 610.4931 5010.4 1964.6213;
	1820.2111 1132.4334 1885.1 601.6 1047.549 1410.9709 1044.5298 298.6018 677.3871 5537.7529 2111.3815;
	1865.2323 1170.1198 1903.7622 608.8424 1067.6336 1399.8904 1066.971 317.8715 696.9657 5872.7813 2187.3524;
	1882.6367 1182.8564 1965.6712 587.0929 1060.8625 1430.0477 1054.4 315.0965 707.5376 6177.2298 2262.4496;
	1893.2551 1187.6521 1993.9018 588.0108 1045.0786 1466.08 1090.9655 321.2318 714.2039 6475.7887 2377.6037;
	1886.5465 1170.492 1937.6899 587.5542 1024.7742 1411.1172 1072.7027 308.6827 700.0192 6221.413 2287.0063;
	1844.4199 1153.1915 1890.3595 571.0542 1004.2469 1403.9606 1028.2904 313.5708 697.6954 6280.9599 2184.7699;
	1845.7816 1165.8089 1896.6964 571.2484 999.3684 1413.4199 1051.285 302.4623 694.7751 6216.7002 2199.3286;
	1835.7246 1195.8445 1897.5 563.5863 1003.2814 1414.8898 1087.175 324.1072 676.7798 6279.9842 2284.046;
	1788.4283 1171.3814 1821.8834 555.2023 952.6254 1406.74 1071.5827 325.5541 679.0925 6233.2454 2180.394;
	1815.8 1167.9094 1807.2655 553.8 974.3187 1346.6881 1044.685 308.6696 682.2606 6302.0799 2262.1204;
	1824.8081 1189.1021 1795.7644 569.9906 946.1339 1334.2374 1061.9007 339.0599 710.0488 6357.0831 2306.1335;
	1840.5989 1166.6516 1793.4245 574.2575 958.4328 1318.0574 1029.7 322.3703 688.2 5962.9095 2291.4162;
	1880.0736 1210.5162 1887.5729 601.3059 1022.3454 1387.4442 1076.3879 349.3587 708.1 6017.1067 2420.5318;
	1881.4373 1199.1727 1922.5215 596.7117 1033.8746 1396.021 1080.8468 338.1701 709.0003 5839.7821 2346.4495;
	1798.6038 1135.9681 1808.0567 571.333 985.1833 1330.7045 1021.9 321.7328 683.2573 5600.3377 2242.9592;
	1725.3152 1056.6 1682.944 555.8672 918.7927 1210.2 940.7613 288.9783 635.905 5243.96 2097.9409;
	1621.46 976.6 1597.8647 538.0 860.6959 1138.1065 839.4116 261.531 577.8 4827.9681 1895.823;
	1592.0 932.9 1561.4649 535.6 804.6064 1098.2873 861.2918 265.2884 565.1581 4673.1416 1791.1;
	1581.9816 940.0236 1541.7 543.5021 795.5748 1073.9202 840.1724 248.2809 553.8339 4545.3649 1751.4038;
];
