function loadprofile = ex_load_profilesh1
%EX_LOAD_PROFILE  Example load profile data file for stochastic unit commitment.
% 2022.03.12
% Andres F. Ramirez

%% define constants
[CT_LABEL, CT_PROB, CT_TABLE, CT_TBUS, CT_TGEN, CT_TBRCH, CT_TAREABUS, ...
    CT_TAREAGEN, CT_TAREABRCH, CT_ROW, CT_COL, CT_CHGTYPE, CT_REP, ...
    CT_REL, CT_ADD, CT_NEWVAL, CT_TLOAD, CT_TAREALOAD, CT_LOAD_ALL_PQ, ...
    CT_LOAD_FIX_PQ, CT_LOAD_DIS_PQ, CT_LOAD_ALL_P, CT_LOAD_FIX_P, ...
    CT_LOAD_DIS_P, CT_TGENCOST, CT_TAREAGENCOST, CT_MODCOST_F, ...
    CT_MODCOST_X] = idx_ct;

loadprofile = struct( ...
    'type', 'mpcData', ...
    'table', CT_TAREALOAD, ...
    'rows', [1:11], ...
    'col', CT_LOAD_ALL_P, ...
    'chgtype', 1, ...
    'values', [] );
loadprofile.values(:,1,:) = [
	1479.7092 877.3 1462.2176 544.9 711.7 1110.5289 844.6123 234.1 473.4881 4573.2143 1695.4293;
	1432.7501 856.3666 1477.7 550.6444 706.6883 1114.6867 829.8684 233.9328 461.4368 4397.3375 1677.3345;
	1451.379 892.4319 1516.4681 550.845 741.3804 1158.605 844.3811 247.6185 463.0047 4380.5175 1671.7956;
	1548.2 962.5146 1612.5 565.0368 783.0901 1198.8735 894.8411 264.0 510.6618 4573.0986 1799.5432;
	1677.7827 1068.193 1788.4137 593.4944 871.8611 1342.0008 994.9171 296.1936 573.6 5049.3411 2011.6091;
	1808.1451 1146.9996 1887.691 606.9718 909.1745 1369.4805 1053.6561 321.1932 628.1729 5479.5775 2132.0;
	1826.5071 1153.7799 1931.3077 600.3738 957.3721 1355.6693 1066.9639 346.2177 626.222 5873.9399 2234.091;
	1880.3397 1173.8112 1940.3426 575.7204 965.0756 1316.1536 1074.859 360.6462 636.9982 6156.7288 2277.6564;
	1885.467 1178.7 1989.8593 552.8889 1010.5685 1315.8222 1090.1404 373.3442 642.7089 6272.4298 2396.4924;
	1872.5262 1171.7 1960.4 549.0 1001.8 1327.4292 1134.0762 395.9334 637.6664 6446.5016 2549.2651;
	1872.9304 1146.8159 1909.4725 558.7523 982.2028 1315.7932 1132.4328 386.5889 654.1661 6436.5931 2468.2125;
	1862.9342 1149.1074 1890.9287 541.9148 937.1 1319.1456 1058.0146 375.2697 616.6603 6204.4558 2355.7159;
	1843.6 1130.7659 1850.2155 555.3918 898.4571 1287.6887 1033.738 352.5227 610.9156 6118.3958 2392.0144;
	1819.5444 1089.8613 1802.4676 541.1354 883.5046 1278.2214 981.7096 339.6737 556.5169 6035.4929 2376.3739;
	1786.0513 1112.7 1821.3311 540.6871 904.855 1281.3138 960.353 346.1837 572.4745 5934.3717 2340.9166;
	1744.5649 1079.8344 1825.0567 546.2 895.4472 1321.6503 982.905 341.8377 603.5031 5986.0533 2347.5732;
	1775.9724 1077.0686 1831.5107 529.1 910.4266 1342.5521 990.6183 353.1657 637.235 5736.3504 2365.2154;
	1793.0304 1083.2288 1853.1 563.6 922.896 1390.2763 1042.0023 347.3098 676.3 5786.6907 2494.2136;
	1830.4725 1119.9453 1891.6539 562.8 933.6862 1356.7275 1065.1678 340.4 683.5083 5737.6943 2429.4765;
	1792.0693 1065.0449 1828.9 563.1013 871.9144 1308.9 1016.5148 329.7498 632.9414 5485.3695 2373.5442;
	1699.1727 959.1876 1697.644 548.5028 781.7373 1199.816 942.2321 300.3 564.0089 5071.3951 2151.0308;
	1629.4 936.6895 1634.518 543.9143 752.3387 1107.1 882.0749 266.3 531.5835 4848.8529 1989.3623;
	1598.7938 920.9 1599.2 548.2735 731.2828 1074.4136 856.035 240.7342 499.2341 4670.4919 1870.8546;
	1496.2014 850.1248 1529.546 557.0007 699.2828 1009.5543 806.2602 234.9868 475.2674 4499.6692 1740.1059;
];
