function solarprofile = ex_solar_profilesh1
%EX_WIND_PROFILE_D  Example wind_load_nyiso profile data for deterministic unit commitment.
% 2022.03.12
% Andres F. Ramirez


%% define constants
[GEN_BUS, PG, QG, QMAX, QMIN, VG, MBASE, GEN_STATUS, PMAX, PMIN, ...
    MU_PMAX, MU_PMIN, MU_QMAX, MU_QMIN, PC1, PC2, QC1MIN, QC1MAX, ...
    QC2MIN, QC2MAX, RAMP_AGC, RAMP_10, RAMP_30, RAMP_Q, APF] = idx_gen;
[CT_LABEL, CT_PROB, CT_TABLE, CT_TBUS, CT_TGEN, CT_TBRCH, CT_TAREABUS, ...
    CT_TAREAGEN, CT_TAREABRCH, CT_ROW, CT_COL, CT_CHGTYPE, CT_REP, ...
    CT_REL, CT_ADD, CT_NEWVAL, CT_TLOAD, CT_TAREALOAD, CT_LOAD_ALL_PQ, ...
    CT_LOAD_FIX_PQ, CT_LOAD_DIS_PQ, CT_LOAD_ALL_P, CT_LOAD_FIX_P, ...
    CT_LOAD_DIS_P, CT_TGENCOST, CT_TAREAGENCOST, CT_MODCOST_F, ...
    CT_MODCOST_X] = idx_ct;

solarprofile = struct( ...
    'type', 'mpcData', ...
    'table', CT_TGEN, ...
    'rows', [1:12], ...
    'col', PMAX, ...
    'chgtype', 1, ...
    'values', [] );
solarprofile.values(:,1,:) = [
	0.0 0.0 0.0 0.0 0.0 0.0 0.0 0.0 0.0 0.0 0.0 0.0;
	0.0 0.0 0.0 0.0 0.0 0.0 0.0 0.0 0.0 0.0 0.0 0.0;
	0.0 0.0 0.0 0.0 0.0 0.0 0.0 0.0 0.0 0.0 0.0 0.0;
	0.0 0.0 0.0 0.0 0.0 0.0 0.0 0.0 0.0 0.0 0.0 0.0;
	0.0 0.0 0.0 0.0 0.0 0.0 0.0 0.0 0.0 0.0 0.0 0.0;
	0.4334 0.3638 0.3203 0.0 0.0 1.564 0.1955 0.4116 0.0956 0.0 0.0 0.0;
	1.7702 1.118 0.5363 1.1004 0.9352 94.434 11.8042 13.6207 64.2794 51.548 22.8183 93.3538;
	3.7665 4.5363 1.701 0.8455 1.7153 103.1519 12.894 13.0802 58.1014 158.9562 109.0584 287.8706;
	7.5671 8.6434 3.5702 1.6203 2.7506 95.6666 11.9583 16.5457 46.2213 247.554 163.0342 448.3218;
	9.165 10.9548 5.7112 9.8123 12.0926 53.7066 6.7133 23.0346 19.5779 288.4391 169.2413 522.365;
	9.8628 9.895 5.6508 10.3091 10.229 95.689 11.9611 26.0067 24.5823 300.7984 165.8579 544.7477;
	8.9871 7.7837 4.7469 9.5178 9.5856 121.4721 15.184 24.1718 24.5046 299.1311 163.6704 541.7282;
	2.931 2.1075 1.8872 10.3185 7.4369 163.5059 20.4382 26.0895 44.1239 213.7504 97.9635 387.1033;
	2.0742 2.0144 0.9588 10.0946 7.3878 100.4295 12.5537 17.5988 37.8289 185.7094 107.7564 336.3209;
	0.8767 1.2792 0.731 8.2165 5.9235 50.6432 6.3304 9.2421 25.0594 143.2471 75.836 259.4214;
	0.2367 0.4087 0.2542 4.2138 0.9627 36.0073 4.5009 0.3371 35.4246 21.6486 5.4347 39.2058;
	0.2554 0.2195 0.2361 1.1652 0.7946 50.9473 6.3684 3.6686 41.1235 12.3675 1.9964 22.3976;
	0.0 0.0 0.0 0.0 0.0 0.0 0.0 0.0 0.0 0.0 0.0 0.0;
	0.0 0.0 0.0 0.0 0.0 0.0 0.0 0.0 0.0 0.0 0.0 0.0;
	0.0 0.0 0.0 0.0 0.0 0.0 0.0 0.0 0.0 0.0 0.0 0.0;
	0.0 0.0 0.0 0.0 0.0 0.0 0.0 0.0 0.0 0.0 0.0 0.0;
	0.0 0.0 0.0 0.0 0.0 0.0 0.0 0.0 0.0 0.0 0.0 0.0;
	0.0 0.0 0.0 0.0 0.0 0.0 0.0 0.0 0.0 0.0 0.0 0.0;
	0.0 0.0 0.0 0.0 0.0 0.0 0.0 0.0 0.0 0.0 0.0 0.0;
];
