function loadprofile = ex_load_profilesh1
%EX_LOAD_PROFILE  Example load profile data file for stochastic unit commitment.
% 2022.03.12
% Andres F. Ramirez

%% define constants
[CT_LABEL, CT_PROB, CT_TABLE, CT_TBUS, CT_TGEN, CT_TBRCH, CT_TAREABUS, ...
    CT_TAREAGEN, CT_TAREABRCH, CT_ROW, CT_COL, CT_CHGTYPE, CT_REP, ...
    CT_REL, CT_ADD, CT_NEWVAL, CT_TLOAD, CT_TAREALOAD, CT_LOAD_ALL_PQ, ...
    CT_LOAD_FIX_PQ, CT_LOAD_DIS_PQ, CT_LOAD_ALL_P, CT_LOAD_FIX_P, ...
    CT_LOAD_DIS_P, CT_TGENCOST, CT_TAREAGENCOST, CT_MODCOST_F, ...
    CT_MODCOST_X] = idx_ct;

loadprofile = struct( ...
    'type', 'mpcData', ...
    'table', CT_TAREALOAD, ...
    'rows', [1:11], ...
    'col', CT_LOAD_ALL_P, ...
    'chgtype', 1, ...
    'values', [] );
loadprofile.values(:,1,:) = [
	1518.9075 878.7 1529.0133 524.7404 716.3184 1058.6768 817.9695 255.4151 485.0815 4357.0117 1549.0444;
	1495.4756 870.4594 1535.0682 523.0 719.7 1068.8952 827.6 246.8104 483.074 4300.7546 1554.2986;
	1525.1465 886.1497 1562.4118 520.7309 713.8548 1086.9104 833.5 252.8161 490.9587 4282.4554 1570.5942;
	1609.6856 936.9621 1666.101 541.2961 783.0543 1161.0259 862.151 272.582 525.927 4524.3665 1698.0893;
	1760.3406 1071.8471 1929.6373 567.2872 926.1 1328.3897 981.3656 306.2191 605.0859 5123.5032 1965.5132;
	1860.7053 1139.7277 1964.6587 575.7067 968.0437 1361.7354 1025.2509 342.5905 660.342 5620.5413 2086.6906;
	1841.7751 1099.7141 1952.2272 568.2 933.6834 1332.8186 1029.7243 341.2 672.3214 5935.3501 2122.7693;
	1885.336 1132.0536 2039.3035 546.4 913.1757 1304.2465 1045.8386 345.0 686.7 6156.4852 2164.9683;
	1903.5212 1100.5066 2011.6256 541.5556 876.3582 1253.9718 1030.0148 345.502 678.3546 6161.5159 2049.9623;
	1905.7678 1112.9018 1972.3781 556.5 884.3722 1214.1373 1018.9779 340.3082 672.5753 6249.2044 2095.8226;
	1892.9469 1105.319 1963.8495 547.3661 864.6266 1164.8075 1006.3626 352.8081 664.5037 6250.5704 2110.5572;
	1892.6218 1096.3199 1935.7613 519.8596 894.0148 1238.039 1043.0255 349.5 657.9292 6230.1317 2047.9125;
	1900.6256 1101.7993 1941.0082 534.3049 872.12 1244.7338 1042.9816 347.167 676.9 6175.9199 2108.9765;
	1894.2598 1089.3776 1903.0 535.8157 822.8267 1245.3742 982.64 313.2743 654.6 6046.056 2000.0927;
	1880.5092 1062.8473 1882.3548 528.6136 796.9935 1234.4 999.6 322.4514 648.3374 5999.2702 2040.1727;
	1886.1252 1086.0645 1942.6755 552.3 842.5071 1304.9101 1033.7236 337.7024 662.6 6087.9162 2193.303;
	1881.4587 1083.4651 1915.7643 555.4817 815.8584 1311.8381 1034.7416 322.3219 640.5291 5850.4399 2237.2194;
	1939.9468 1105.6514 1935.9537 553.3423 862.0152 1368.2001 1094.6 344.5813 671.645 5847.0079 2300.2678;
	1891.2909 1110.4915 1943.9914 559.7256 866.5744 1345.8549 1120.7398 342.8041 671.9729 5813.1068 2299.2871;
	1834.9101 1032.1591 1824.0761 564.5314 822.9 1259.2862 1061.4878 327.5077 637.9862 5477.3279 2179.1768;
	1774.1154 979.2036 1700.0144 537.1 765.6893 1187.7957 978.5136 301.4365 599.4 5225.5828 2033.4926;
	1633.2905 875.1427 1573.598 510.789 718.9462 1103.0159 894.5068 258.693 565.6 4868.269 1839.4595;
	1616.3843 899.7221 1567.6028 528.6573 690.1997 1133.7 896.0318 248.4798 535.4 4738.0197 1791.5744;
	1553.8862 857.3274 1516.2172 530.9886 636.944 1099.8806 844.2742 218.3719 500.4543 4433.4064 1605.6466;
];
