function solarprofile = ex_solar_profilesh1
%EX_WIND_PROFILE_D  Example wind_load_nyiso profile data for deterministic unit commitment.
% 2022.03.12
% Andres F. Ramirez


%% define constants
[GEN_BUS, PG, QG, QMAX, QMIN, VG, MBASE, GEN_STATUS, PMAX, PMIN, ...
    MU_PMAX, MU_PMIN, MU_QMAX, MU_QMIN, PC1, PC2, QC1MIN, QC1MAX, ...
    QC2MIN, QC2MAX, RAMP_AGC, RAMP_10, RAMP_30, RAMP_Q, APF] = idx_gen;
[CT_LABEL, CT_PROB, CT_TABLE, CT_TBUS, CT_TGEN, CT_TBRCH, CT_TAREABUS, ...
    CT_TAREAGEN, CT_TAREABRCH, CT_ROW, CT_COL, CT_CHGTYPE, CT_REP, ...
    CT_REL, CT_ADD, CT_NEWVAL, CT_TLOAD, CT_TAREALOAD, CT_LOAD_ALL_PQ, ...
    CT_LOAD_FIX_PQ, CT_LOAD_DIS_PQ, CT_LOAD_ALL_P, CT_LOAD_FIX_P, ...
    CT_LOAD_DIS_P, CT_TGENCOST, CT_TAREAGENCOST, CT_MODCOST_F, ...
    CT_MODCOST_X] = idx_ct;

solarprofile = struct( ...
    'type', 'mpcData', ...
    'table', CT_TGEN, ...
    'rows', [1:12], ...
    'col', PMAX, ...
    'chgtype', 1, ...
    'values', [] );
solarprofile.values(:,1,:) = [
	0.0 0.0 0.0 0.0 0.0 0.0 0.0 0.0 0.0 0.0 0.0 0.0;
	0.0 0.0 0.0 0.0 0.0 0.0 0.0 0.0 0.0 0.0 0.0 0.0;
	0.0 0.0 0.0 0.0 0.0 0.0 0.0 0.0 0.0 0.0 0.0 0.0;
	0.0 0.0 0.0 0.0 0.0 0.0 0.0 0.0 0.0 0.0 0.0 0.0;
	0.0 0.0 0.0 0.0 0.0 0.0 0.0 0.0 0.0 0.0 0.0 0.0;
	0.4174 0.3524 0.302 0.0 0.0 0.1765 0.0221 0.2772 0.0956 0.0 0.0 0.0;
	4.0924 1.7449 0.9322 1.4882 3.4025 84.251 10.5314 18.8264 29.6455 12.9401 17.2099 23.4345;
	10.8846 7.8223 5.3668 6.0138 3.3325 152.9589 19.1199 27.4771 110.0097 59.6501 86.2492 108.0268;
	16.3378 13.835 9.2061 9.1606 3.9162 179.6889 22.4611 30.913 144.1698 185.5244 145.9438 335.9858;
	14.8618 12.0513 12.0652 11.7501 12.9511 126.4679 15.8085 16.0191 105.8496 265.5937 197.3826 480.9918;
	11.3425 12.4518 11.8026 11.2575 13.2381 49.1006 6.1376 7.7592 38.2984 289.7609 247.5858 524.7588;
	10.7659 12.6754 11.8057 11.266 13.0639 25.8953 3.2369 3.5521 20.676 279.3403 254.44 505.8869;
	12.7506 12.5258 11.9475 11.6126 9.4928 101.6243 12.703 6.0824 167.2449 120.7809 189.738 218.735;
	13.703 12.5812 12.8605 11.5494 8.8818 175.1148 21.8893 9.4345 213.6074 87.6407 156.3246 158.7179;
	13.7866 10.4152 10.8209 10.2663 8.2799 187.5772 23.4472 13.8541 221.5293 59.24 111.9294 107.284;
	4.268 2.3727 3.4801 3.912 3.7943 156.5284 19.566 20.3134 172.5672 15.6933 10.6454 28.4207;
	0.6973 0.7332 0.644 1.0927 1.1068 50.6424 6.3303 4.2876 41.1104 4.2184 4.6453 7.6395;
	0.0 0.0 0.0 0.0 0.0 0.0 0.0 0.0 0.0 0.0 0.0 0.0;
	0.0 0.0 0.0 0.0 0.0 0.0 0.0 0.0 0.0 0.0 0.0 0.0;
	0.0 0.0 0.0 0.0 0.0 0.0 0.0 0.0 0.0 0.0 0.0 0.0;
	0.0 0.0 0.0 0.0 0.0 0.0 0.0 0.0 0.0 0.0 0.0 0.0;
	0.0 0.0 0.0 0.0 0.0 0.0 0.0 0.0 0.0 0.0 0.0 0.0;
	0.0 0.0 0.0 0.0 0.0 0.0 0.0 0.0 0.0 0.0 0.0 0.0;
	0.0 0.0 0.0 0.0 0.0 0.0 0.0 0.0 0.0 0.0 0.0 0.0;
];
