function windprofile = ex_wind_profilesh1
%EX_WIND_PROFILE_D  Example wind_load_nyiso profile data for deterministic unit commitment.
% 2022.03.12
% Andres F. Ramirez


%% define constants
[GEN_BUS, PG, QG, QMAX, QMIN, VG, MBASE, GEN_STATUS, PMAX, PMIN, ...
    MU_PMAX, MU_PMIN, MU_QMAX, MU_QMIN, PC1, PC2, QC1MIN, QC1MAX, ...
    QC2MIN, QC2MAX, RAMP_AGC, RAMP_10, RAMP_30, RAMP_Q, APF] = idx_gen;
[CT_LABEL, CT_PROB, CT_TABLE, CT_TBUS, CT_TGEN, CT_TBRCH, CT_TAREABUS, ...
    CT_TAREAGEN, CT_TAREABRCH, CT_ROW, CT_COL, CT_CHGTYPE, CT_REP, ...
    CT_REL, CT_ADD, CT_NEWVAL, CT_TLOAD, CT_TAREALOAD, CT_LOAD_ALL_PQ, ...
    CT_LOAD_FIX_PQ, CT_LOAD_DIS_PQ, CT_LOAD_ALL_P, CT_LOAD_FIX_P, ...
    CT_LOAD_DIS_P, CT_TGENCOST, CT_TAREAGENCOST, CT_MODCOST_F, ...
    CT_MODCOST_X] = idx_ct;

windprofile = struct( ...
    'type', 'mpcData', ...
    'table', CT_TGEN, ...
    'rows', [1:45], ...
    'col', PMAX, ...
    'chgtype', 1, ...
    'values', [] );
windprofile.values(:,1,:) = [
	3.9637 53.5583 93.8059 119.5968 15.3514 33.1902 32.1545 18.7067 11.1548 7.4728 13.8134 20.6068 31.0235 59.0268 199.1354 75.0231 93.0842 98.6415 85.1935 70.5593 10.7182 77.4438 19.7973 86.8595 101.6948 73.6046 13.9793 1236.9463 794.0312 794.0312 737.1554 111.2133 283.9782 181.6199 185.0571 338.7866 1139.5015 276.0433 443.7517 272.3969 120.4776 368.19 210.0698 277.9108 1151.3713;
	3.8019 51.3718 91.3013 118.5893 15.2281 32.5811 32.1242 18.5165 11.5882 10.9734 20.2841 30.2599 45.5562 67.2209 190.7222 71.8535 89.1515 94.474 87.3847 72.228 10.7081 76.0225 22.1715 85.223 99.0549 71.087 13.4515 1217.3309 787.6256 787.6256 700.2963 111.9298 291.2823 185.915 210.7467 336.0536 1205.5012 258.2125 445.6107 265.3256 120.1386 361.4325 207.7178 269.7014 1218.0585;
	3.8705 52.2986 92.2843 117.8298 15.4125 34.3629 33.3082 18.9459 23.5081 13.519 24.9896 37.2796 56.1242 63.2883 175.072 65.9573 81.836 86.7217 86.8058 71.6677 11.1027 80.18 25.0915 87.0022 100.2452 74.2665 13.3652 1228.3634 779.0414 779.0414 710.6795 114.2741 289.3526 184.4728 198.4173 332.391 1227.0088 293.1706 461.9024 268.514 120.9969 381.1986 214.4712 267.5794 1239.7901;
	3.8454 51.9593 90.9308 114.6594 15.3874 34.2611 31.6911 18.6625 27.8953 29.5363 54.5975 81.4487 122.6206 67.1975 198.8361 74.9103 92.9443 98.4932 91.4251 71.7815 10.5637 79.9425 24.1645 84.2105 97.2996 73.1523 13.0807 1222.8253 788.5131 788.5131 727.9876 115.5267 304.7502 184.7657 210.6733 336.4322 1176.432 303.7786 453.8444 260.6239 119.99 380.0693 187.244 267.2038 1188.6865;
	3.2527 43.9512 90.0486 115.5471 15.1317 30.0698 31.76 18.6269 27.832 28.8724 53.3702 79.6179 119.8643 66.2711 195.6114 73.6955 91.437 96.8959 88.0774 69.5632 10.5867 70.1628 69.0752 85.807 98.3595 70.3931 13.4412 1248.4755 788.4056 788.4056 759.8297 112.752 293.5912 179.056 207.769 336.3864 1168.6043 322.4131 451.2494 263.463 119.7303 333.574 182.0994 264.9712 1180.7772;
	3.8824 52.4598 87.9059 112.1996 15.0197 33.1558 19.6251 17.9814 26.5453 28.9267 53.4705 79.7675 120.0895 55.3975 200.7088 75.6159 93.8197 99.4209 59.631 72.5122 6.5417 77.3635 71.7013 84.2638 96.8582 70.7525 13.3168 1186.7425 814.0049 814.0049 761.6361 115.9184 198.7699 186.6467 173.6786 347.3087 1202.7282 323.5559 458.4198 259.4417 115.7793 367.8084 170.2538 266.7223 1215.2566;
	3.7439 50.5877 87.9549 112.0039 14.6573 32.8389 13.4198 18.283 25.9521 28.0747 51.8957 77.4181 116.5526 67.3369 194.3046 73.2031 90.8261 96.2486 84.1187 70.7212 4.4733 76.6241 69.9889 85.8255 99.0215 70.458 13.4256 1224.3734 817.7231 817.7231 744.7993 113.3364 280.3956 182.0366 211.1102 348.8952 1198.2081 327.6722 407.4808 265.2363 120.33 364.293 179.4535 270.5779 1210.6894;
	3.7365 50.4889 88.3765 112.0758 14.5696 31.8702 0.0141 18.146 0.0 26.7018 49.3579 73.6322 110.8529 44.8147 197.8921 74.5547 92.503 98.0256 81.0874 70.4376 0.0047 74.3638 68.9142 84.1224 97.7559 70.2418 13.6195 1215.8757 786.5755 786.5755 714.2912 115.8193 270.2914 181.3067 140.5003 335.6056 1151.9936 327.858 159.1729 261.846 120.4835 353.5469 193.7659 275.6307 1163.9936;
	3.8054 51.4192 87.7326 106.9494 14.7915 28.9056 0.3967 17.6331 0.0109 28.0536 51.8567 77.36 116.4651 27.1288 194.9347 73.4405 91.1206 96.5607 82.7146 71.0136 0.1322 67.4464 68.6039 83.9177 97.1774 69.2655 13.2548 1136.3849 710.0985 710.0985 704.3059 115.3144 275.7152 182.7891 85.0524 302.9754 1004.4138 297.5286 1.2063 260.2965 121.9142 320.6596 181.7666 278.8517 1014.8764;
	3.9176 52.9353 86.9389 104.3724 14.7852 29.8403 3.7836 18.1423 1.2382 25.0915 46.3812 69.1917 104.1677 25.9045 191.1071 71.9985 89.3314 94.6647 85.6733 71.1653 1.2612 69.6273 43.5266 84.5216 98.6938 71.55 13.1532 983.7504 639.057 639.057 601.0024 110.6849 285.5778 183.1798 81.214 272.6643 844.3912 267.3916 62.4283 264.3584 122.8542 331.0282 164.6583 283.3121 853.1869;
	3.7588 50.7892 89.9438 112.3728 14.8475 25.1363 1.9945 18.2692 2.1878 26.3413 48.6914 72.638 109.3561 6.5357 197.3936 74.3669 92.27 97.7787 81.6029 71.4969 0.6648 58.6514 69.1105 86.1143 100.3575 71.2195 13.6771 847.4754 721.7949 721.7949 558.5426 114.2194 272.0096 184.0331 20.4904 307.9658 794.6252 225.0602 73.6929 268.8148 122.8908 278.8454 148.0195 276.608 802.9026;
	3.5735 48.2854 89.6131 110.7958 14.7017 18.1802 0.2293 18.0851 6.2577 27.0167 49.94 74.5006 112.1603 16.025 201.1834 75.7947 94.0415 99.6559 39.3132 72.4427 0.0764 42.4204 70.4567 84.427 98.2725 73.4281 13.5538 622.4378 746.8352 746.8352 555.2207 115.4668 131.0441 186.4676 50.2407 318.6497 821.3184 229.9231 124.284 263.2299 122.7394 201.6786 133.7236 271.5171 829.8738;
	3.7534 50.7173 89.8882 110.6374 14.6465 18.9743 0.003 17.489 25.7553 24.5053 45.2977 67.5753 101.7343 54.723 204.0165 76.862 95.3658 101.0593 60.9718 72.9946 0.001 44.2734 69.919 81.0093 96.9467 71.139 13.4393 655.0778 711.6409 711.6409 561.653 112.7546 203.2395 187.8884 171.564 303.6334 596.0317 251.4232 99.883 259.6786 120.8228 210.4882 136.6168 264.7574 602.2404;
	3.7805 51.0825 87.2762 110.8811 14.3927 19.8748 2.5439 17.9868 19.8653 22.6989 41.9586 62.594 94.2349 39.0188 205.6457 77.4758 96.1274 101.8664 59.6586 73.7255 0.848 46.3746 70.5644 81.44 95.8538 73.8274 13.2378 513.2842 703.6648 703.6648 508.4912 103.1184 198.8621 189.7697 122.3293 300.2303 656.5781 258.7497 184.8539 256.7513 121.1074 220.4779 160.0828 271.45 663.4175;
	3.8106 51.4902 89.1561 111.1317 14.8634 18.0044 0.4972 18.0711 4.9097 25.9903 48.0428 71.6704 107.8993 32.8706 202.2756 76.2062 94.5521 100.197 73.3869 73.2968 0.1657 42.0102 71.9528 83.8805 97.4747 74.2343 13.3061 355.7575 681.2834 681.2834 475.0954 90.5532 244.6231 188.6662 103.0537 290.6809 554.3108 250.6651 60.6042 261.0931 120.2502 199.7286 163.4079 256.6116 560.0849;
	3.5311 47.7131 86.9772 111.9708 14.8607 10.449 0.1445 17.9618 0.0 27.1026 50.0988 74.7376 112.517 24.418 198.9816 74.9652 93.0123 98.5653 69.0343 72.7818 0.0482 24.3811 66.9833 84.8065 98.6778 72.7764 13.7492 395.7666 563.8425 563.8425 423.2091 91.1682 230.1143 187.3404 76.5537 240.5728 468.7008 227.0377 26.673 264.3155 122.16 115.9146 158.0841 247.4581 473.5831;
	3.415 46.1442 87.5328 111.1318 14.7088 17.637 0.5688 18.2926 0.5309 27.5691 50.9612 76.024 114.4537 33.4116 199.1067 75.0123 93.0708 98.6273 68.2272 71.4652 0.1896 41.153 70.3759 85.0292 102.5975 74.8448 13.7166 958.4306 492.131 492.131 295.9656 92.0654 227.4239 183.9515 104.7498 209.9759 790.03 231.6462 110.2678 274.8147 121.1359 195.6533 128.7394 243.9309 798.2595;
	3.4588 46.7359 87.9978 111.1538 14.6551 21.2261 3.0143 18.0639 7.121 29.3369 54.2288 80.8987 121.7926 62.3045 194.8733 73.4174 91.0919 96.5302 78.4819 72.3091 1.0048 49.5276 73.7858 84.4135 98.8336 73.4719 13.4953 1199.825 609.7715 609.7715 242.0087 75.087 261.6064 186.1239 195.333 260.1692 1007.6948 220.129 137.089 264.7328 123.7279 235.4685 174.8761 268.8304 1018.1916;
