function loadprofile = ex_load_profilesh1
%EX_LOAD_PROFILE  Example load profile data file for stochastic unit commitment.
% 2022.03.12
% Andres F. Ramirez

%% define constants
[CT_LABEL, CT_PROB, CT_TABLE, CT_TBUS, CT_TGEN, CT_TBRCH, CT_TAREABUS, ...
    CT_TAREAGEN, CT_TAREABRCH, CT_ROW, CT_COL, CT_CHGTYPE, CT_REP, ...
    CT_REL, CT_ADD, CT_NEWVAL, CT_TLOAD, CT_TAREALOAD, CT_LOAD_ALL_PQ, ...
    CT_LOAD_FIX_PQ, CT_LOAD_DIS_PQ, CT_LOAD_ALL_P, CT_LOAD_FIX_P, ...
    CT_LOAD_DIS_P, CT_TGENCOST, CT_TAREAGENCOST, CT_MODCOST_F, ...
    CT_MODCOST_X] = idx_ct;

loadprofile = struct( ...
    'type', 'mpcData', ...
    'table', CT_TAREALOAD, ...
    'rows', [1:11], ...
    'col', CT_LOAD_ALL_P, ...
    'chgtype', 1, ...
    'values', [] );
loadprofile.values(:,1,:) = [
	1467.1898 928.0978 1480.8402 567.5306 673.8308 1138.2393 839.1269 248.4604 518.2 4685.2676 1931.1257;
	1486.3515 929.1832 1494.6541 552.245 698.0019 1133.7034 841.9961 241.9692 499.0392 4566.9023 1900.2922;
	1472.5111 918.461 1493.9319 559.0477 690.96 1134.2546 848.2641 237.4 496.8901 4564.4332 1973.4302;
	1555.8874 991.292 1586.8617 569.9836 749.1962 1209.9182 887.3801 260.6 532.8721 4860.1382 2077.2249;
	1681.2771 1111.9882 1792.6851 605.7612 883.5907 1365.7135 1018.2835 311.3345 643.0702 5569.3967 2390.8106;
	1805.4271 1196.6366 1901.109 610.9986 946.8813 1425.9486 1106.0234 339.0313 711.892 6080.8631 2468.093;
	1871.2 1248.5141 1964.571 607.3887 997.1165 1460.3374 1161.32 397.4733 747.6234 6241.3209 2600.9798;
	1867.1994 1249.4169 1957.7 607.1946 1004.8748 1464.9943 1156.2924 405.2638 745.6763 6358.0772 2505.0625;
	1888.1212 1243.4747 1957.8858 582.1782 997.3903 1449.2915 1147.0001 413.0165 721.6418 6463.6691 2479.1388;
	1914.6758 1253.8603 1960.9065 567.9059 986.6321 1394.4997 1134.7879 380.5799 723.9972 6337.0998 2561.3556;
	1890.945 1261.5257 1949.3 570.7252 979.8 1396.8186 1140.7656 357.8902 711.7 6470.234 2558.0231;
	1860.5611 1212.7473 1890.4384 537.4 974.9 1344.0 1083.8162 325.285 706.8 6286.4 2419.0;
	1915.2026 1225.9219 1888.9767 541.0178 955.5374 1306.0421 1103.4049 342.3 743.7432 6283.4321 2427.1086;
	1853.2253 1194.6841 1842.048 535.8 950.5014 1345.7107 1096.5 330.2 791.3555 6399.6975 2508.8735;
	1873.9339 1227.7718 1896.0793 562.8912 992.1874 1369.0577 1117.9881 342.6 806.9446 6710.1183 2758.0836;
	1849.2757 1206.3944 1922.0146 563.5183 979.417 1380.663 1163.6536 366.451 807.3406 7006.4203 2785.6158;
	1813.8752 1160.1118 1849.4258 567.4392 969.8771 1349.7 1103.5962 385.0857 736.0107 6690.1769 2798.343;
	1834.8282 1206.2531 1915.5228 571.2 1028.6581 1416.4279 1121.4608 371.6376 742.9411 6518.4241 2756.6362;
	1864.9812 1194.25 1911.385 584.9284 1006.176 1391.4355 1065.2 358.5402 694.4396 6173.3433 2519.1895;
	1799.6613 1125.4033 1801.9147 560.3 961.5324 1329.8086 1007.8788 324.3 661.6412 5700.2192 2357.0049;
	1735.709 1094.3993 1737.8 560.8 929.9263 1281.2849 960.9694 313.8978 632.3153 5551.8181 2261.6278;
	1603.1268 997.027 1616.1 535.9218 858.6514 1204.2022 885.7714 288.1585 574.8043 5042.2618 1992.6689;
	1597.7198 983.8693 1648.5147 569.0 815.9962 1197.4831 904.3259 294.6027 556.7819 5334.0943 2141.5667;
	1542.3222 924.4481 1570.3327 567.2599 748.8118 1108.7 841.5 269.1514 506.5521 4712.57 1838.8226;
];
