function windprofile = ex_wind_profilesh1
%EX_WIND_PROFILE_D  Example wind_load_nyiso profile data for deterministic unit commitment.
% 2022.03.12
% Andres F. Ramirez


%% define constants
[GEN_BUS, PG, QG, QMAX, QMIN, VG, MBASE, GEN_STATUS, PMAX, PMIN, ...
    MU_PMAX, MU_PMIN, MU_QMAX, MU_QMIN, PC1, PC2, QC1MIN, QC1MAX, ...
    QC2MIN, QC2MAX, RAMP_AGC, RAMP_10, RAMP_30, RAMP_Q, APF] = idx_gen;
[CT_LABEL, CT_PROB, CT_TABLE, CT_TBUS, CT_TGEN, CT_TBRCH, CT_TAREABUS, ...
    CT_TAREAGEN, CT_TAREABRCH, CT_ROW, CT_COL, CT_CHGTYPE, CT_REP, ...
    CT_REL, CT_ADD, CT_NEWVAL, CT_TLOAD, CT_TAREALOAD, CT_LOAD_ALL_PQ, ...
    CT_LOAD_FIX_PQ, CT_LOAD_DIS_PQ, CT_LOAD_ALL_P, CT_LOAD_FIX_P, ...
    CT_LOAD_DIS_P, CT_TGENCOST, CT_TAREAGENCOST, CT_MODCOST_F, ...
    CT_MODCOST_X] = idx_ct;

windprofile = struct( ...
    'type', 'mpcData', ...
    'table', CT_TGEN, ...
    'rows', [1:45], ...
    'col', PMAX, ...
    'chgtype', 1, ...
    'values', [] );
windprofile.values(:,1,:) = [
	3.782 51.1028 90.5873 116.0151 14.6369 32.1078 31.133 17.9784 10.9603 14.47 26.7476 39.9022 60.0726 56.4761 196.304 73.9564 91.7607 97.239 85.7037 67.8007 10.3777 74.9181 23.7757 85.4847 100.4853 73.1772 13.7411 1205.1358 802.6232 802.6232 672.9584 115.6862 285.6791 174.5191 177.0602 342.4526 1051.5617 264.8889 452.9367 269.157 118.7355 356.1822 215.0714 269.1378 1062.5154;
	3.128 42.2659 88.6771 113.0976 14.2594 30.4831 31.7617 18.2612 12.5292 12.7038 23.4828 35.0317 52.7401 62.8919 186.2291 70.1607 87.0513 92.2483 82.4024 69.575 10.5872 71.1273 29.4411 84.5204 99.9988 71.4994 13.459 1197.8673 788.6947 788.6947 644.689 113.4155 274.6746 179.0862 197.1745 336.5097 1162.5934 243.7828 436.6755 267.854 116.8385 338.1596 211.726 263.0159 1174.7038;
	3.0214 40.8254 87.1134 110.3165 13.2219 30.1266 30.707 18.5674 23.0731 15.0679 27.8527 41.5508 62.5545 60.5579 172.344 64.9296 80.5608 85.3704 84.5384 69.8213 10.2357 70.2954 29.9354 86.159 102.5398 72.0001 13.3742 1117.0114 755.1554 755.1554 599.5388 111.6685 281.7946 179.7201 189.8572 322.1996 1111.7586 238.7301 440.6948 274.6603 115.535 334.2042 202.1634 257.4621 1123.3394;
	3.0876 41.7207 86.9488 111.4369 14.087 31.8179 30.2695 18.2071 27.6519 28.7711 53.1829 79.3385 119.4437 64.9695 190.8673 71.9081 89.2194 94.5459 84.1613 63.9249 10.0898 74.2417 28.8505 85.1337 100.8641 71.8515 13.0395 1175.8697 765.0807 765.0807 644.9629 112.7973 280.5378 164.5429 203.6882 326.4344 1085.6286 250.3487 439.5586 270.1717 115.0423 352.9664 171.0655 253.1455 1096.9373;
	2.7991 37.8226 88.6012 116.7319 14.1554 27.0956 30.792 18.6161 28.1296 29.6796 54.8623 81.8437 123.2153 65.3945 186.9684 70.4393 87.3969 92.6146 73.9155 66.4092 10.264 63.223 74.4343 86.9372 102.6776 72.4371 13.5136 1209.5833 776.5022 776.5022 713.5484 112.2828 246.3851 170.9374 205.0206 331.3076 1108.7503 294.5848 462.9639 275.0293 120.9142 300.5804 172.5906 261.1902 1120.2998;
	3.586 48.4544 89.3212 113.395 14.0001 31.1308 18.8046 18.3216 26.664 28.87 53.3658 79.6113 119.8543 56.0575 192.1451 72.3896 89.8167 95.1789 38.934 67.8584 6.2682 72.6385 70.9977 85.8048 101.6685 72.9903 13.546 1207.2415 785.5581 785.5581 746.8103 115.9302 129.7801 174.6678 175.7477 335.1715 1177.2703 310.7684 454.1608 272.3262 118.2628 345.3443 161.7318 260.7671 1189.5336;
	3.4932 47.2009 88.4206 115.018 14.0416 31.7933 13.7175 17.7568 26.325 28.5175 52.7142 78.6391 118.3908 67.3939 187.2248 70.5359 87.5167 92.7416 58.0698 70.1663 4.5725 74.1843 70.9044 86.8177 102.8108 71.565 13.7345 1208.1142 737.8971 737.8971 656.9318 112.4561 193.5661 180.6082 211.289 314.8361 1066.8486 292.2492 424.5478 275.3862 118.8302 352.6934 174.4384 262.2252 1077.9616;
	3.626 48.9957 90.2531 114.8681 14.4908 31.9245 4.8752 17.8791 16.819 28.0027 51.7625 77.2195 116.2536 46.4795 191.5862 72.179 89.5554 94.902 64.538 70.4379 1.6251 74.4905 70.9379 86.2887 103.6276 72.2088 13.8838 1192.0122 746.0239 746.0239 680.0964 115.2822 215.1267 181.3074 145.7195 318.3035 1138.6907 303.9571 184.7655 277.5738 120.4856 354.1491 199.6908 273.2122 1150.5521;
	3.5752 48.3082 90.5225 116.8227 14.557 29.3283 0.5175 18.0961 5.8198 29.4901 54.5121 81.3213 122.4287 26.8293 191.0044 71.9598 89.2835 94.6138 68.9729 70.4202 0.1725 68.4327 72.4097 86.4896 103.6282 71.9453 13.8526 1077.3366 667.16 667.16 694.5899 120.7164 229.9097 181.2617 84.1134 284.6549 1005.6685 296.8117 71.2369 277.5756 120.387 325.3487 178.1023 271.9906 1016.1442;
	3.6644 49.5138 91.1728 116.0353 14.8628 29.7353 4.4089 18.2789 12.4598 24.7539 45.7572 68.2608 102.7662 23.0082 186.8698 70.4021 87.3508 92.5658 73.5971 69.6984 1.4696 69.3823 41.9962 88.7922 104.1014 73.5808 13.5621 906.5085 615.2156 615.2156 619.9649 119.2117 245.3235 179.4038 72.1339 262.492 834.2852 270.808 142.4929 278.843 118.8414 329.8633 157.7252 271.6519 842.9757;
	3.5115 47.4474 90.5974 111.6459 14.9245 25.2331 2.1795 17.629 4.3463 27.8206 51.426 76.7175 115.4978 1.1847 192.985 72.706 90.2093 95.5949 77.1115 70.8974 0.7265 58.8772 70.2407 88.1489 103.3124 72.8692 13.4803 733.3436 650.3693 650.3693 553.0421 112.9817 257.0383 182.4901 3.7143 277.4909 744.4536 218.9162 53.0995 276.7295 115.0527 279.919 143.1893 269.1447 752.2083;
	3.1355 42.3674 92.4059 112.7385 14.8115 19.0507 0.3038 18.256 4.1775 25.9471 47.9628 71.5511 107.7197 0.0317 197.1197 74.2637 92.142 97.643 27.9291 71.7381 0.1013 44.4515 71.5347 87.406 104.3801 75.4486 13.7631 447.1744 707.2412 707.2412 533.9005 108.406 93.097 184.654 0.0994 301.7562 739.6239 222.747 0.7964 279.5896 120.0344 211.3353 124.9543 269.1646 747.3283;
	3.5661 48.1852 90.5304 110.6298 14.4494 20.8467 5.2571 17.8353 26.3188 23.995 44.3543 66.1679 99.6154 49.65 194.3759 73.23 90.8594 96.2839 48.1853 73.075 1.7524 48.6423 70.0331 84.6455 103.4451 73.8027 13.9497 522.088 694.4509 694.4509 530.8924 106.9047 160.6178 188.0952 155.6593 296.2991 561.2389 239.4821 48.914 277.0851 118.8195 231.2596 140.6041 263.1995 567.0851;
	3.5456 47.9082 86.2974 101.6011 14.0511 20.2062 11.5726 17.5803 19.2611 22.5212 41.6301 62.1038 93.497 37.8294 200.5058 75.5394 93.7248 99.3203 47.7024 73.7738 3.8575 47.1478 69.179 81.8895 100.8215 71.9737 13.4559 466.1217 684.1014 684.1014 479.1647 83.1368 159.0079 189.8941 118.6003 291.8833 632.6675 247.2079 126.3244 270.0575 115.7824 224.1542 153.8969 249.7673 639.2578;
	3.6291 49.0365 86.5102 109.7612 14.3612 18.5524 7.4137 17.7644 5.4206 25.2174 46.614 69.5389 104.6904 31.535 193.2449 72.8039 90.3308 95.7236 71.5633 73.4182 2.4712 43.2889 69.5132 83.4891 98.7129 71.4355 13.8359 329.576 665.8161 665.8161 459.3607 80.6838 238.5442 188.9787 98.8666 284.0815 567.2312 245.0622 300.4437 264.4096 114.3295 205.8076 159.9221 239.5639 573.1399;
	2.3931 32.3362 78.4221 101.5526 12.8487 1.5927 0.798 17.4623 0.0 25.9465 47.9618 71.5496 107.7175 23.868 180.7367 68.0915 84.4839 89.5277 56.8002 73.5983 0.266 3.7164 69.2652 83.552 98.0972 70.4427 13.4778 337.8319 530.7595 530.7595 400.1387 82.7642 189.3339 189.4423 74.8296 226.4574 437.7119 215.3541 44.4324 262.7603 117.17 17.6687 136.2844 178.8147 442.2714;
	2.7806 37.5714 78.7214 104.1777 13.5189 11.5105 3.0067 17.7051 0.0 27.178 50.2382 74.9455 112.8301 30.6636 187.6591 70.6995 87.7197 92.9567 61.8154 73.6301 1.0022 26.8578 68.9212 82.7854 100.6356 70.8593 13.3741 859.682 461.7998 461.7998 301.4723 86.389 206.0512 189.5239 96.1345 197.0346 782.0414 229.1643 115.1666 269.5595 111.8327 127.6897 125.165 156.7305 790.1877;
	2.4036 32.4777 81.0583 109.4994 14.305 14.006 1.3665 17.9472 0.0047 28.3206 52.3502 78.0963 117.5735 55.9876 187.1763 70.5176 87.494 92.7175 68.7694 71.7264 0.4555 32.6808 68.9177 83.5906 98.388 72.0941 13.6389 1108.9291 567.6485 567.6485 223.4133 56.8172 229.2315 184.624 175.5286 242.1967 946.4529 199.3364 126.3371 263.5393 109.8469 155.3736 160.2845 213.854 956.3118;
