function loadprofile = ex_load_profilesh1
%EX_LOAD_PROFILE  Example load profile data file for stochastic unit commitment.
% 2022.03.12
% Andres F. Ramirez

%% define constants
[CT_LABEL, CT_PROB, CT_TABLE, CT_TBUS, CT_TGEN, CT_TBRCH, CT_TAREABUS, ...
    CT_TAREAGEN, CT_TAREABRCH, CT_ROW, CT_COL, CT_CHGTYPE, CT_REP, ...
    CT_REL, CT_ADD, CT_NEWVAL, CT_TLOAD, CT_TAREALOAD, CT_LOAD_ALL_PQ, ...
    CT_LOAD_FIX_PQ, CT_LOAD_DIS_PQ, CT_LOAD_ALL_P, CT_LOAD_FIX_P, ...
    CT_LOAD_DIS_P, CT_TGENCOST, CT_TAREAGENCOST, CT_MODCOST_F, ...
    CT_MODCOST_X] = idx_ct;

loadprofile = struct( ...
    'type', 'mpcData', ...
    'table', CT_TAREALOAD, ...
    'rows', [1:11], ...
    'col', CT_LOAD_ALL_P, ...
    'chgtype', 1, ...
    'values', [] );
loadprofile.values(:,1,:) = [
	1492.3689 854.0991 1472.9001 537.0 783.0566 1035.6852 797.5359 214.6098 470.6519 4337.8503 1621.8318;
	1459.9276 845.0064 1418.002 524.9579 761.0052 1013.5606 781.3924 208.4846 449.5797 4242.2604 1569.2529;
	1486.3796 878.9059 1465.8672 532.5 787.2817 1033.213 792.5056 218.1 455.5295 4250.5461 1584.1879;
	1560.4612 949.4 1573.6343 556.3712 839.4729 1099.4133 827.4209 247.2708 480.7541 4463.6176 1692.5844;
	1714.0483 1057.0366 1768.7 576.9 961.7225 1243.9858 919.3969 276.4 568.5491 4953.8652 1905.9762;
	1809.3 1128.0709 1859.1494 601.9 1001.0077 1327.9627 969.8397 308.4 626.4739 5444.7081 2067.8221;
	1809.927 1156.4659 1901.5399 610.8213 1017.7953 1355.6341 1011.6307 327.3858 654.6472 5794.0665 2139.3453;
	1834.3435 1174.8 1945.1 606.7709 1021.9679 1336.7907 1025.2476 322.3 663.5402 5945.9631 1991.2688;
	1867.3004 1192.6453 1960.6139 587.6353 1015.9 1315.1107 1028.751 306.357 672.425 6036.0759 2034.7562;
	1874.893 1180.0774 1943.7087 572.5065 1022.3571 1290.5533 1027.9828 309.8235 672.3 6068.0802 2036.1274;
	1849.5315 1130.4917 1886.0823 568.6364 999.1118 1249.3796 983.0997 295.3461 665.9 5982.8941 1998.6413;
	1836.8 1090.3966 1818.5671 569.1 938.8 1241.998 963.2781 270.6597 662.1 5767.4806 1639.9406;
	1840.3635 1114.4384 1795.0204 555.2234 918.5945 1214.8771 973.2528 278.917 676.8091 5898.5196 1902.2361;
	1775.8258 1084.1726 1704.7892 539.8 897.4336 1222.243 988.8662 295.6279 690.3583 5985.2903 2059.5308;
	1747.7127 1090.9982 1760.6 547.8697 928.4393 1241.1127 989.3613 304.9 683.3296 6031.0133 2131.4832;
	1775.7288 1115.4 1766.8 539.4413 946.3003 1269.4063 996.6491 315.1082 653.8594 5968.2027 2154.3434;
	1821.5119 1106.0323 1795.6227 551.1184 955.1215 1315.4342 1048.8712 326.9442 671.2224 5822.7813 2215.8917;
	1887.085 1159.007 1839.979 564.4146 996.2864 1381.1125 1096.5125 352.8 702.4228 5872.6171 2370.494;
	1887.4207 1137.5 1871.9542 578.112 989.5498 1370.8271 1096.431 323.8298 680.3 5766.3145 2348.0767;
	1854.0453 1103.8666 1829.8921 589.3198 955.6099 1332.3418 1054.9041 314.7094 651.7 5535.9476 2242.7132;
	1769.5726 1046.9397 1733.148 574.0197 881.9386 1219.8 1014.2758 295.8 615.5443 5270.9526 2122.6052;
	1625.7592 974.8568 1586.9037 545.6 812.6668 1138.9807 931.195 266.1889 550.9403 4986.7172 1931.3692;
	1573.5435 923.5136 1523.5102 564.6364 798.0413 1087.2396 895.6501 252.0 495.7266 4740.1552 1749.8;
	1546.6 912.3845 1511.4 562.6552 777.228 1087.2308 852.5 247.5932 445.2642 4624.7905 1684.2819;
];
