function solarprofile = ex_solar_profilesh1
%EX_WIND_PROFILE_D  Example wind_load_nyiso profile data for deterministic unit commitment.
% 2022.03.12
% Andres F. Ramirez


%% define constants
[GEN_BUS, PG, QG, QMAX, QMIN, VG, MBASE, GEN_STATUS, PMAX, PMIN, ...
    MU_PMAX, MU_PMIN, MU_QMAX, MU_QMIN, PC1, PC2, QC1MIN, QC1MAX, ...
    QC2MIN, QC2MAX, RAMP_AGC, RAMP_10, RAMP_30, RAMP_Q, APF] = idx_gen;
[CT_LABEL, CT_PROB, CT_TABLE, CT_TBUS, CT_TGEN, CT_TBRCH, CT_TAREABUS, ...
    CT_TAREAGEN, CT_TAREABRCH, CT_ROW, CT_COL, CT_CHGTYPE, CT_REP, ...
    CT_REL, CT_ADD, CT_NEWVAL, CT_TLOAD, CT_TAREALOAD, CT_LOAD_ALL_PQ, ...
    CT_LOAD_FIX_PQ, CT_LOAD_DIS_PQ, CT_LOAD_ALL_P, CT_LOAD_FIX_P, ...
    CT_LOAD_DIS_P, CT_TGENCOST, CT_TAREAGENCOST, CT_MODCOST_F, ...
    CT_MODCOST_X] = idx_ct;

solarprofile = struct( ...
    'type', 'mpcData', ...
    'table', CT_TGEN, ...
    'rows', [1:12], ...
    'col', PMAX, ...
    'chgtype', 1, ...
    'values', [] );
solarprofile.values(:,1,:) = [
	0.0 0.0 0.0 0.0 0.0 0.0 0.0 0.0 0.0 0.0 0.0 0.0;
	0.0 0.0 0.0 0.0 0.0 0.0 0.0 0.0 0.0 0.0 0.0 0.0;
	0.0 0.0 0.0 0.0 0.0 0.0 0.0 0.0 0.0 0.0 0.0 0.0;
	0.0 0.0 0.0 0.0 0.0 0.0 0.0 0.0 0.0 0.0 0.0 0.0;
	0.0 0.0 0.0 0.0 0.0 0.0 0.0 0.0 0.0 0.0 0.0 0.0;
	0.416 0.3537 0.302 0.0 0.0 0.2317 0.029 0.1431 0.0956 0.0 0.0 0.0;
	1.378 0.9803 0.7564 0.1257 3.2624 25.3644 3.1706 7.5078 24.3135 59.2757 17.4751 107.3487;
	8.4183 6.9872 5.7031 1.6085 2.9572 32.7225 4.0903 6.3724 81.1307 151.1738 82.0256 273.7767;
	17.0704 14.3589 10.5166 4.9168 2.9727 53.0532 6.6317 9.0105 125.8832 214.6646 135.2882 388.7589;
	19.121 15.2812 10.6566 10.8569 11.9476 90.3269 11.2909 18.432 135.144 235.2454 146.552 426.0309;
	16.8685 14.323 9.3921 10.7958 10.3204 152.1407 19.0176 31.1122 169.6358 252.6277 158.8401 457.5103;
	15.4219 12.8251 8.4334 9.1772 10.0648 157.6841 19.7105 31.6312 181.6269 267.1225 146.9816 483.7604;
	6.3795 3.9154 4.4848 10.2598 9.008 143.2808 17.9101 12.0738 203.6492 234.8754 96.4507 425.3607;
	5.796 3.1714 3.2922 10.3075 9.0413 103.9459 12.9932 5.2858 175.2788 239.2254 113.7497 433.2387;
	3.3202 1.5203 1.9497 8.7092 8.1747 86.9975 10.8747 1.9137 93.7362 228.9533 117.9612 414.6358;
	1.5107 0.5352 0.4829 4.4333 2.4288 150.384 18.798 3.1305 25.3668 65.2734 37.3577 118.2106;
	0.5169 0.2871 0.2678 1.1623 1.2436 68.0624 8.5078 3.7709 40.9412 23.006 13.6275 41.6639;
	0.0 0.0 0.0 0.0 0.0 0.0 0.0 0.0 0.0 0.0 0.0 0.0;
	0.0 0.0 0.0 0.0 0.0 0.0 0.0 0.0 0.0 0.0 0.0 0.0;
	0.0 0.0 0.0 0.0 0.0 0.0 0.0 0.0 0.0 0.0 0.0 0.0;
	0.0 0.0 0.0 0.0 0.0 0.0 0.0 0.0 0.0 0.0 0.0 0.0;
	0.0 0.0 0.0 0.0 0.0 0.0 0.0 0.0 0.0 0.0 0.0 0.0;
	0.0 0.0 0.0 0.0 0.0 0.0 0.0 0.0 0.0 0.0 0.0 0.0;
	0.0 0.0 0.0 0.0 0.0 0.0 0.0 0.0 0.0 0.0 0.0 0.0;
];
