function loadprofile = ex_load_profilesh1
%EX_LOAD_PROFILE  Example load profile data file for stochastic unit commitment.
% 2022.03.12
% Andres F. Ramirez

%% define constants
[CT_LABEL, CT_PROB, CT_TABLE, CT_TBUS, CT_TGEN, CT_TBRCH, CT_TAREABUS, ...
    CT_TAREAGEN, CT_TAREABRCH, CT_ROW, CT_COL, CT_CHGTYPE, CT_REP, ...
    CT_REL, CT_ADD, CT_NEWVAL, CT_TLOAD, CT_TAREALOAD, CT_LOAD_ALL_PQ, ...
    CT_LOAD_FIX_PQ, CT_LOAD_DIS_PQ, CT_LOAD_ALL_P, CT_LOAD_FIX_P, ...
    CT_LOAD_DIS_P, CT_TGENCOST, CT_TAREAGENCOST, CT_MODCOST_F, ...
    CT_MODCOST_X] = idx_ct;

loadprofile = struct( ...
    'type', 'mpcData', ...
    'table', CT_TAREALOAD, ...
    'rows', [1:11], ...
    'col', CT_LOAD_ALL_P, ...
    'chgtype', 1, ...
    'values', [] );
loadprofile.values(:,1,:) = [
	1463.338 897.7319 1486.9787 508.0892 792.1023 1111.0714 843.6781 280.9906 488.4 4328.6081 1625.9918;
	1471.2766 893.4151 1484.8 498.957 768.8 1084.2191 814.4 259.4988 483.5 4153.1992 1585.1909;
	1491.764 909.5562 1507.7718 498.3931 805.2682 1111.9759 826.2 250.386 490.9 4143.4562 1588.9585;
	1587.0713 974.4 1618.0064 514.7079 847.8751 1179.3439 883.8263 281.6 523.4 4389.2613 1704.1394;
	1732.5465 1072.7 1803.727 557.1858 944.4 1321.9602 982.9 313.8669 591.9538 4982.9417 1943.7;
	1859.5075 1170.6452 1945.8065 563.5524 1002.7081 1402.443 1060.1 361.9102 666.6 5473.1845 2099.302;
	1912.3722 1173.1194 1924.5124 531.7059 988.6935 1371.1728 1074.1346 360.1359 665.8971 5708.3495 2110.4042;
	1916.6684 1184.6536 1943.8434 536.3103 993.4667 1408.2779 1112.6986 371.2647 675.7106 5828.0728 2110.9403;
	1943.1863 1192.4 1934.9962 536.6173 1020.8925 1388.5059 1125.6573 351.6306 684.2932 5971.5047 2093.0997;
	1952.9945 1184.1516 1891.7055 536.0628 1005.4924 1352.7 1126.9732 347.493 677.6267 5896.4638 2080.4339;
	1977.4871 1175.1491 1886.5386 525.7936 980.3935 1311.5293 1102.6279 349.5762 671.3822 5932.0437 2073.7195;
	1996.4073 1167.0201 1922.9158 526.247 988.6 1291.2488 1094.2781 331.6 657.2781 5895.3852 2003.4424;
	1919.1341 1134.5389 1845.168 512.4596 972.6128 1268.8727 1025.3832 337.7468 651.7162 5804.9038 2010.9632;
	1840.078 1070.6871 1793.7361 507.6452 935.6852 1270.7 1028.6146 331.2382 660.761 5446.0097 1921.9503;
	1849.7622 1106.771 1849.8588 490.6077 966.999 1324.2912 1048.5419 351.884 648.3807 5820.5069 2082.3171;
	1855.4355 1109.1793 1867.4 529.7 1015.2976 1323.6841 1034.6539 351.1403 651.7011 5798.4612 2141.8318;
	1844.2677 1127.6212 1893.1186 538.2801 996.3442 1354.934 1036.0021 343.1 654.6961 5734.2433 2248.2269;
	1937.1119 1167.6123 1978.8826 566.3 1054.9416 1384.5778 1096.638 376.625 673.5462 5754.7384 2384.721;
	1938.4961 1175.4848 1925.6165 566.9117 1031.9 1364.0065 1087.1 367.6938 647.0203 5570.1701 2388.3925;
	1824.0072 1115.2652 1820.9822 548.4297 998.1521 1311.6457 1062.1831 346.9918 623.5683 5495.8167 2308.8765;
	1765.5958 1043.1 1726.3043 548.7439 938.2763 1210.4 991.9878 324.399 598.031 5230.6 2186.8093;
	1656.5588 964.1 1617.1571 544.5903 888.253 1146.0244 931.5039 295.8936 551.1658 4920.6356 2024.4311;
	1649.9542 918.5045 1591.2631 548.3 859.3733 1132.4926 920.6488 282.3 526.7691 4733.3996 1866.3115;
	1613.4009 896.9515 1539.0506 562.8234 812.2581 1090.0541 859.2294 274.5627 492.7729 4492.4182 1762.2695;
];
