function solarprofile = ex_solar_profilesh1
%EX_WIND_PROFILE_D  Example wind_load_nyiso profile data for deterministic unit commitment.
% 2022.03.12
% Andres F. Ramirez


%% define constants
[GEN_BUS, PG, QG, QMAX, QMIN, VG, MBASE, GEN_STATUS, PMAX, PMIN, ...
    MU_PMAX, MU_PMIN, MU_QMAX, MU_QMIN, PC1, PC2, QC1MIN, QC1MAX, ...
    QC2MIN, QC2MAX, RAMP_AGC, RAMP_10, RAMP_30, RAMP_Q, APF] = idx_gen;
[CT_LABEL, CT_PROB, CT_TABLE, CT_TBUS, CT_TGEN, CT_TBRCH, CT_TAREABUS, ...
    CT_TAREAGEN, CT_TAREABRCH, CT_ROW, CT_COL, CT_CHGTYPE, CT_REP, ...
    CT_REL, CT_ADD, CT_NEWVAL, CT_TLOAD, CT_TAREALOAD, CT_LOAD_ALL_PQ, ...
    CT_LOAD_FIX_PQ, CT_LOAD_DIS_PQ, CT_LOAD_ALL_P, CT_LOAD_FIX_P, ...
    CT_LOAD_DIS_P, CT_TGENCOST, CT_TAREAGENCOST, CT_MODCOST_F, ...
    CT_MODCOST_X] = idx_ct;

solarprofile = struct( ...
    'type', 'mpcData', ...
    'table', CT_TGEN, ...
    'rows', [1:12], ...
    'col', PMAX, ...
    'chgtype', 1, ...
    'values', [] );
solarprofile.values(:,1,:) = [
	0.0 0.0 0.0 0.0 0.0 0.0 0.0 0.0 0.0 0.0 0.0 0.0;
	0.0 0.0 0.0 0.0 0.0 0.0 0.0 0.0 0.0 0.0 0.0 0.0;
	0.0 0.0 0.0 0.0 0.0 0.0 0.0 0.0 0.0 0.0 0.0 0.0;
	0.0 0.0 0.0 0.0 0.0 0.0 0.0 0.0 0.0 0.0 0.0 0.0;
	0.0 0.0 0.0 0.0 0.0 0.0 0.0 0.0 0.0 0.0 0.0 0.0;
	0.4095 0.3481 0.302 0.0 0.0 0.1765 0.0221 0.1431 0.0956 0.0 0.0 0.0;
	2.5179 1.4688 2.3535 1.8754 4.3336 173.1049 21.6381 30.8073 26.7905 64.5727 39.701 116.9416;
	2.1567 1.5343 3.0307 3.0187 6.457 151.691 18.9614 22.0243 31.8415 121.888 70.7659 220.7399;
	2.6541 1.9847 2.6668 4.6154 8.4535 167.794 20.9743 28.1032 44.9544 157.9845 85.9304 286.1109;
	8.3859 4.5253 4.819 10.6201 14.0086 278.718 34.8398 53.724 135.435 242.7054 127.6899 439.541;
	11.0964 6.3968 7.7747 11.1451 13.1676 263.0557 32.882 59.5416 130.3438 257.5624 165.7746 466.4471;
	11.0568 6.9439 8.8436 11.2082 12.1082 184.2838 23.0355 47.057 82.6873 258.4372 188.0916 468.0313;
	6.3458 3.8199 6.0302 11.1841 8.2636 162.3242 20.2905 11.1429 97.5151 216.9391 224.4248 392.878;
	6.1225 5.0226 4.1571 11.0143 8.6199 186.9215 23.3652 7.2402 139.4727 209.8399 218.1883 380.0213;
	4.7056 3.6157 2.5411 9.2311 8.6756 229.5913 28.6989 8.9627 161.1644 199.9459 168.8783 362.1032;
	1.8227 1.2927 0.6531 4.1813 5.2589 312.3135 39.0392 14.2884 137.4058 22.5586 8.6966 40.8538;
	0.279 0.2503 0.2235 1.1379 1.2781 53.3547 6.6693 3.6879 40.9412 1.7364 1.7837 3.1447;
	0.0 0.0 0.0 0.0 0.0 0.0 0.0 0.0 0.0 0.0 0.0 0.0;
	0.0 0.0 0.0 0.0 0.0 0.0 0.0 0.0 0.0 0.0 0.0 0.0;
	0.0 0.0 0.0 0.0 0.0 0.0 0.0 0.0 0.0 0.0 0.0 0.0;
	0.0 0.0 0.0 0.0 0.0 0.0 0.0 0.0 0.0 0.0 0.0 0.0;
	0.0 0.0 0.0 0.0 0.0 0.0 0.0 0.0 0.0 0.0 0.0 0.0;
	0.0 0.0 0.0 0.0 0.0 0.0 0.0 0.0 0.0 0.0 0.0 0.0;
	0.0 0.0 0.0 0.0 0.0 0.0 0.0 0.0 0.0 0.0 0.0 0.0;
];
