function loadprofile = ex_load_profilesh1
%EX_LOAD_PROFILE  Example load profile data file for stochastic unit commitment.
% 2022.03.12
% Andres F. Ramirez

%% define constants
[CT_LABEL, CT_PROB, CT_TABLE, CT_TBUS, CT_TGEN, CT_TBRCH, CT_TAREABUS, ...
    CT_TAREAGEN, CT_TAREABRCH, CT_ROW, CT_COL, CT_CHGTYPE, CT_REP, ...
    CT_REL, CT_ADD, CT_NEWVAL, CT_TLOAD, CT_TAREALOAD, CT_LOAD_ALL_PQ, ...
    CT_LOAD_FIX_PQ, CT_LOAD_DIS_PQ, CT_LOAD_ALL_P, CT_LOAD_FIX_P, ...
    CT_LOAD_DIS_P, CT_TGENCOST, CT_TAREAGENCOST, CT_MODCOST_F, ...
    CT_MODCOST_X] = idx_ct;

loadprofile = struct( ...
    'type', 'mpcData', ...
    'table', CT_TAREALOAD, ...
    'rows', [1:11], ...
    'col', CT_LOAD_ALL_P, ...
    'chgtype', 1, ...
    'values', [] );
loadprofile.values(:,1,:) = [
	1483.7573 910.0842 1496.6346 522.9367 741.4278 1051.2721 803.7933 218.6 451.1 4370.9791 1633.695;
	1451.2 902.0781 1452.6884 518.8138 713.7141 1052.5 781.3454 209.457 436.1 4302.3287 1610.6176;
	1438.765 908.6363 1478.2 514.9871 741.9 1074.6039 795.0103 224.8752 456.9362 4346.3734 1657.3;
	1510.6514 972.2 1567.0456 529.7 798.3 1138.6456 854.4954 248.9195 481.8437 4553.4 1758.9;
	1620.4183 1068.0 1729.3526 556.9 890.7448 1271.9601 957.0145 294.5724 548.6069 5021.001 1983.8251;
	1708.6451 1148.4 1886.5105 568.1045 969.6479 1392.1945 1061.4117 311.3445 652.4517 5650.1872 2191.2094;
	1728.66 1157.4 1906.2392 562.292 962.3961 1376.4737 1075.3 324.1037 678.8 5964.9943 2296.2663;
	1740.8115 1164.0141 1909.2771 547.1 936.5117 1298.1027 1063.8095 334.8354 681.7667 6145.5318 2378.9908;
	1731.3649 1168.3204 1872.9572 521.6555 937.1769 1293.7489 1072.8719 338.2 690.5527 6182.8349 2425.7533;
	1726.1879 1120.5511 1903.8683 532.2416 943.5 1248.9056 1056.5817 332.6932 680.1804 6092.6797 2369.2217;
	1708.7778 1105.8229 1858.9779 534.8577 913.2108 1210.533 1005.5558 313.0708 673.2969 6006.1891 2321.6496;
	1728.8527 1104.6127 1828.0281 536.1 913.6618 1225.7301 988.393 312.1 665.7029 5990.7845 2300.1873;
	1720.4535 1085.1194 1828.8484 538.615 936.5966 1220.3947 991.5991 315.3665 668.7 5725.3208 2286.3603;
	1642.9671 1054.3 1722.8531 533.7867 909.0 1191.0308 978.3956 305.0174 668.0436 5660.9526 2244.491;
	1642.6827 1044.5945 1717.1171 541.4156 917.2204 1247.4197 970.7786 308.0351 676.4938 5555.4059 2216.9877;
	1549.9104 1069.4029 1817.1756 528.5349 937.6924 1321.6502 1032.0523 312.853 681.2018 5534.1074 2285.4368;
	1628.1688 1088.3566 1873.9653 535.8608 947.5691 1309.1302 1019.6507 303.4797 671.2928 5618.612 2302.2419;
	1642.3601 1119.3 1950.5952 550.546 967.3307 1367.4531 1086.2817 328.5548 703.7788 5732.84 2549.3147;
	1681.3524 1121.6772 1925.8197 554.7579 940.1261 1348.0855 1075.0477 328.0645 693.6273 5571.6465 2477.1483;
	1680.7712 1078.3474 1856.4 546.4279 881.6 1280.1515 1021.2454 315.0165 648.1092 5339.8093 2291.6839;
	1620.6 1022.9379 1783.5064 538.2 854.4166 1221.0321 978.5556 305.691 623.5754 5119.7995 2168.4945;
	1535.7593 972.5906 1684.0545 531.9206 829.8 1165.1169 930.4623 284.0609 581.7055 4833.3111 2018.4205;
	1512.3631 944.8622 1615.9198 525.0 799.803 1181.9169 928.4094 277.2424 545.6388 4746.5027 2050.9972;
	1443.8059 886.6 1511.2681 517.1191 764.6965 1130.857 886.8746 272.4282 498.4 4566.1668 1906.8668;
];
