function windprofile = ex_wind_profilesh1
%EX_WIND_PROFILE_D  Example wind_load_nyiso profile data for deterministic unit commitment.
% 2022.03.12
% Andres F. Ramirez


%% define constants
[GEN_BUS, PG, QG, QMAX, QMIN, VG, MBASE, GEN_STATUS, PMAX, PMIN, ...
    MU_PMAX, MU_PMIN, MU_QMAX, MU_QMIN, PC1, PC2, QC1MIN, QC1MAX, ...
    QC2MIN, QC2MAX, RAMP_AGC, RAMP_10, RAMP_30, RAMP_Q, APF] = idx_gen;
[CT_LABEL, CT_PROB, CT_TABLE, CT_TBUS, CT_TGEN, CT_TBRCH, CT_TAREABUS, ...
    CT_TAREAGEN, CT_TAREABRCH, CT_ROW, CT_COL, CT_CHGTYPE, CT_REP, ...
    CT_REL, CT_ADD, CT_NEWVAL, CT_TLOAD, CT_TAREALOAD, CT_LOAD_ALL_PQ, ...
    CT_LOAD_FIX_PQ, CT_LOAD_DIS_PQ, CT_LOAD_ALL_P, CT_LOAD_FIX_P, ...
    CT_LOAD_DIS_P, CT_TGENCOST, CT_TAREAGENCOST, CT_MODCOST_F, ...
    CT_MODCOST_X] = idx_ct;

windprofile = struct( ...
    'type', 'mpcData', ...
    'table', CT_TGEN, ...
    'rows', [1:45], ...
    'col', PMAX, ...
    'chgtype', 1, ...
    'values', [] );
windprofile.values(:,1,:) = [
	3.9565 53.4606 91.9174 117.7031 14.879 33.6016 30.6179 18.8628 9.7645 7.1742 13.2614 19.7835 29.7839 50.4033 200.1212 75.3945 93.545 99.1298 87.5215 69.2599 10.206 78.4038 23.9726 88.8474 104.0452 75.8103 13.9671 1257.2018 781.7367 781.7367 697.6794 117.3937 291.7384 178.2752 158.0211 333.541 1098.2664 256.5065 448.7846 278.6924 123.5557 372.7539 211.3194 281.984 1109.7067;
	3.9462 53.3223 93.8208 116.1004 14.7899 34.8822 32.3622 18.645 12.2259 1.4436 2.6684 3.9808 5.993 60.4745 190.2508 71.6759 88.9312 94.2405 85.8069 70.6655 10.7874 81.3918 17.6498 85.0635 99.7018 73.8481 13.4333 1289.6619 796.942 796.942 772.9926 119.4111 286.0231 181.8932 189.5956 340.0286 1238.727 243.9205 450.5782 267.0583 122.6521 386.9598 216.2948 281.7934 1251.6305;
	3.8334 51.7974 90.286 112.9752 14.614 34.8151 33.3377 18.4582 23.4962 4.7865 8.8477 13.199 19.871 56.9254 182.4626 68.7417 85.2907 90.3827 88.4044 72.9547 11.1126 81.2353 27.5433 86.273 100.543 73.6624 13.3791 1278.8523 823.1052 823.1052 791.3416 120.5292 294.6812 187.7857 178.4688 351.1916 1232.0953 277.7963 470.986 269.3116 121.7664 386.2157 219.0662 268.2431 1244.9296;
	3.7296 50.395 91.7756 113.7689 14.932 33.8833 32.0655 18.7329 28.1968 27.8749 51.5263 76.8671 115.723 63.5677 192.17 72.3989 89.8283 95.1912 88.0488 69.0887 10.6885 79.0611 27.4469 87.2051 98.6912 74.0214 13.5036 1253.8363 796.6364 796.6364 808.4938 120.5987 293.496 177.8345 199.2935 339.8982 1170.2789 312.0146 475.1041 264.3513 122.522 375.8791 188.8268 270.1366 1182.4693;
	2.9252 39.5254 87.4088 109.6155 14.8225 30.3467 30.7701 18.1993 27.6547 27.3308 50.5205 75.3667 113.4641 60.8839 194.4525 73.2588 90.8952 96.3218 86.8402 69.5505 10.2567 70.8089 73.9072 84.3858 97.1132 71.549 12.9328 1253.2253 788.344 788.344 777.3409 120.1181 289.4674 179.0231 190.8793 336.3601 1109.0434 319.1017 449.6309 260.1246 118.7402 336.6459 183.5337 262.1247 1120.596;
	3.5633 48.1485 90.3655 110.027 14.9645 32.2797 18.5441 18.091 26.1717 26.698 49.3509 73.6218 110.8372 49.5767 200.3686 75.4877 93.6607 99.2523 57.9051 71.9896 6.1814 75.3194 74.4019 86.9207 97.0409 72.5907 13.274 1208.6366 780.4058 780.4058 745.6501 119.5604 193.0172 185.3015 155.4297 332.9732 1148.4556 318.9053 446.4971 259.931 115.6115 358.09 158.9678 257.917 1160.4187;
	3.6014 48.6631 93.3863 113.6259 15.0732 33.4576 13.3759 18.7615 26.2179 28.3071 52.3252 78.0589 117.5173 62.4901 197.9453 74.5747 92.5279 98.052 87.1257 72.6511 4.4586 78.0678 73.145 89.2382 102.691 74.7058 13.733 1285.6144 783.6812 783.6812 742.6661 117.4703 290.4191 187.0041 195.9149 334.3707 1187.1153 318.8804 431.7489 275.0652 118.9228 371.1566 178.4554 267.4169 1199.4811;
	3.8581 52.1309 95.308 119.1874 15.0018 33.5327 3.378 18.9623 1.7338 27.8249 51.4338 76.7291 115.5153 36.5641 198.7649 74.8835 92.911 98.458 86.4026 70.0703 1.126 78.2429 71.2103 89.5807 104.6065 75.4701 13.997 1271.7524 772.7181 772.7181 737.4368 119.2149 288.0085 180.3611 114.6333 329.6931 1213.5976 317.554 177.916 280.1959 118.7815 371.9893 207.192 279.0508 1226.2392;
	3.8039 51.3994 95.4312 119.4068 14.9792 31.8457 1.9488 18.9202 0.756 27.9101 51.5913 76.9641 115.869 23.9297 198.5766 74.8126 92.823 98.3647 88.6936 71.1308 0.6496 74.3066 68.4466 89.3587 104.1264 76.538 14.0323 1165.6871 652.5266 652.5266 720.0318 117.536 295.6455 183.0908 75.0229 278.4114 1026.0704 295.4643 24.5524 278.91 120.2304 353.2748 196.2814 280.9536 1036.7586;
	3.6899 49.8584 94.9923 120.7165 14.8379 30.4776 0.0 19.0302 0.0 20.7186 38.298 57.1331 86.0135 15.8877 187.6904 70.7113 87.7344 92.9722 84.2402 70.9414 0.0 71.1144 42.1145 89.3445 104.551 76.3999 14.0012 941.6177 566.02 566.02 595.3293 114.9811 280.8007 182.6033 49.81 241.5019 812.2936 262.3397 1.202 280.0473 120.508 338.098 158.4891 272.8455 820.7549;
	3.56 48.1035 94.8799 119.2462 14.758 25.8485 0.0 18.9006 0.0 22.2974 41.2164 61.4868 92.5681 0.0 197.73 74.4936 92.4273 97.9453 79.551 70.7099 0.0 60.3131 67.6043 88.2373 103.09 75.3227 14.0067 818.0663 624.5589 624.5589 537.3335 116.5197 265.17 182.0076 0.0 266.4785 736.8539 213.3395 0.0 276.1339 116.5647 286.7459 147.3024 273.0935 744.5295;
	3.4755 46.9612 94.4395 118.0229 14.6175 20.068 0.1857 18.4321 0.6191 25.4293 47.0056 70.1232 105.57 0.2465 196.7107 74.1096 91.9508 97.4404 40.5819 70.1068 0.0619 46.8254 69.6812 86.4806 101.8727 74.2281 13.7569 620.1005 705.3603 705.3603 541.7281 113.3912 135.273 180.455 0.7727 300.9537 795.151 214.4787 19.5212 272.8733 119.6444 222.6215 142.7452 274.3649 803.4338;
	3.8877 52.5319 95.2846 118.9064 14.847 22.6146 7.5109 18.4841 26.1281 23.7277 43.8603 65.431 98.506 51.9641 194.6565 73.3357 90.9906 96.4229 60.07 71.1476 2.5036 52.7673 73.5022 86.4952 103.9527 71.7096 14.0611 666.1539 724.3715 724.3715 562.9868 113.4416 200.2333 183.1341 162.9144 309.0652 623.5149 235.3528 66.8699 278.4447 121.1162 250.8709 154.4978 277.3498 630.0098;
	3.6702 49.5924 91.9329 112.8243 15.0476 19.1475 3.3297 17.9712 18.4688 22.7276 42.0116 62.673 94.3538 38.1973 196.8046 74.145 91.9947 97.4869 55.5995 71.0467 1.1099 44.6774 71.311 83.9024 97.9832 71.2507 13.689 520.2737 687.2086 687.2086 489.2202 93.6254 185.3318 182.8745 119.7537 293.209 666.5079 228.4876 27.0494 262.4549 118.0443 212.4092 162.5466 263.6515 673.4507;
	3.7253 50.3365 90.6013 112.3614 14.8226 18.1313 6.8418 18.4687 10.7658 25.7091 47.5229 70.8947 106.7316 32.452 191.5009 72.1468 89.5155 94.8597 63.6467 69.9552 2.2806 42.3063 72.756 86.6651 98.7036 73.2503 14.0761 391.3652 655.6163 655.6163 442.1056 86.985 212.1555 180.065 101.7414 279.7296 569.657 223.9917 48.0532 264.3846 117.395 201.1362 170.5 231.7919 575.5909;
	3.5653 48.1752 90.1157 116.2559 14.9964 10.3926 3.3894 18.4342 21.5424 29.2854 54.1336 80.7567 121.5788 24.5713 188.0011 70.8283 87.8796 93.1261 60.1497 70.1856 1.1298 24.2495 74.9016 86.1766 99.4644 72.984 13.9422 437.4452 554.0185 554.0185 427.1504 94.7338 200.499 180.6579 77.0345 236.3812 483.9117 208.1058 39.0328 266.4225 118.3906 115.2891 160.0991 213.543 488.9525;
	3.3764 45.6228 90.8632 111.481 15.0001 16.8033 2.3401 18.3505 18.5234 29.6191 54.7505 81.677 122.9643 35.5055 191.1453 72.0129 89.3493 94.6836 63.4981 71.5662 0.78 39.2078 75.2712 85.5993 101.5503 73.2835 13.6499 994.2649 492.2293 492.2293 321.6412 92.1645 211.6602 184.2116 111.3147 210.0178 816.631 209.9788 106.7413 272.0096 112.8439 186.405 131.6973 230.7709 825.1376;
	3.1393 42.4183 89.707 110.5956 14.8305 20.692 4.2161 17.7757 15.7039 29.3855 54.3187 81.0328 121.9944 58.6371 196.3231 73.9636 91.7696 97.2484 77.3389 71.6071 1.4054 48.2812 73.8416 84.2338 97.0981 71.9055 13.3517 1159.1673 569.4418 569.4418 218.1905 61.2754 257.7962 184.317 183.8352 242.9618 965.7205 184.5541 120.9099 260.0842 112.9807 229.5428 171.4662 253.8989 975.7801;
