function loadprofile = ex_load_profilesh1
%EX_LOAD_PROFILE  Example load profile data file for stochastic unit commitment.
% 2022.03.12
% Andres F. Ramirez

%% define constants
[CT_LABEL, CT_PROB, CT_TABLE, CT_TBUS, CT_TGEN, CT_TBRCH, CT_TAREABUS, ...
    CT_TAREAGEN, CT_TAREABRCH, CT_ROW, CT_COL, CT_CHGTYPE, CT_REP, ...
    CT_REL, CT_ADD, CT_NEWVAL, CT_TLOAD, CT_TAREALOAD, CT_LOAD_ALL_PQ, ...
    CT_LOAD_FIX_PQ, CT_LOAD_DIS_PQ, CT_LOAD_ALL_P, CT_LOAD_FIX_P, ...
    CT_LOAD_DIS_P, CT_TGENCOST, CT_TAREAGENCOST, CT_MODCOST_F, ...
    CT_MODCOST_X] = idx_ct;

loadprofile = struct( ...
    'type', 'mpcData', ...
    'table', CT_TAREALOAD, ...
    'rows', [1:11], ...
    'col', CT_LOAD_ALL_P, ...
    'chgtype', 1, ...
    'values', [] );
loadprofile.values(:,1,:) = [
	1473.7879 884.2838 1565.6108 509.983 750.3 1035.7566 857.7 243.3 490.5149 4330.1706 1664.0695;
	1452.3463 860.7936 1506.0127 496.7008 715.4692 1023.4 837.8411 233.9674 474.382 4242.4932 1641.5975;
	1494.5045 875.514 1545.3276 499.7 736.1478 1053.4003 846.5492 237.2681 483.1573 4211.8158 1647.7823;
	1555.4 941.9299 1639.2518 528.7386 805.7095 1120.9272 897.1 252.4 524.2614 4400.4044 1751.3019;
	1718.9163 1056.6739 1806.7591 529.003 909.6519 1231.4126 978.1711 271.9234 593.9 4812.9489 1933.9263;
	1802.7 1109.147 1893.4 541.394 972.065 1285.6568 1032.4 313.8 653.9555 5344.6 2064.8285;
	1860.2 1124.7656 1883.2525 518.5157 963.6472 1313.0752 1075.0679 314.8498 671.4773 5601.0758 2155.3756;
	1875.2358 1125.6216 1901.3925 518.4844 983.8064 1313.8 1093.8696 308.6 692.0 5786.7466 2145.6207;
	1874.599 1107.778 1896.5045 522.7946 963.977 1278.9239 1028.4673 317.2 647.5656 5745.3137 2034.7574;
	1886.2985 1122.0602 1922.2166 528.3996 963.8062 1255.265 1031.2248 309.1741 658.6444 5839.1262 2036.525;
	1869.3926 1114.477 1897.4 518.1639 943.9888 1176.6495 1011.1548 316.5456 665.7 5811.5139 2006.2248;
	1865.8915 1097.9857 1873.3922 511.3 906.7327 1172.531 966.541 308.2619 668.9902 5665.3822 1965.9939;
	1830.4475 1087.6409 1848.2293 504.9763 883.9337 1123.1619 956.5337 279.5202 677.0 5838.8657 1994.6597;
	1813.0692 1106.3623 1854.7538 485.3135 903.6795 1153.0283 981.9393 299.8934 670.9162 5893.9136 2138.2302;
	1789.2821 1069.5 1831.3857 507.0834 849.6272 1188.5311 975.6948 309.7364 670.9077 5835.8691 2132.0008;
	1813.3904 1120.4 1844.0 526.4 892.7742 1279.3684 1019.082 302.7732 697.0331 5807.0463 2198.0483;
	1780.2111 1133.091 1833.0903 540.7535 895.0613 1260.6128 1006.0 307.5067 691.2251 5763.5981 2290.8388;
	1855.2513 1188.6218 1937.0 547.0763 944.4106 1351.5935 1076.9645 341.9 725.9467 5742.4798 2418.971;
	1906.804 1221.9657 1940.3754 554.3 934.8084 1333.5091 1092.18 340.1206 705.7 5603.2891 2438.7958;
	1822.2695 1137.564 1829.5259 553.5 894.9299 1264.6168 1038.0637 312.2901 673.4819 5510.042 2317.0199;
	1732.8573 1057.9397 1691.9821 522.0858 833.7753 1195.1237 975.3457 297.5213 625.7787 5153.1839 2145.2521;
	1637.8798 987.218 1591.8649 510.3605 791.3467 1107.8 923.7 247.7056 581.5 4854.4217 1987.9022;
	1605.6842 938.8602 1548.9662 522.1918 726.139 1097.2252 915.6143 252.2819 544.801 4716.7156 1836.6026;
	1604.1103 903.2546 1513.2065 522.4429 684.3147 1059.9982 900.2859 235.8611 517.1717 4505.3583 1765.159;
];
