function windprofile = ex_wind_profilesh1
%EX_WIND_PROFILE_D  Example wind_load_nyiso profile data for deterministic unit commitment.
% 2022.03.12
% Andres F. Ramirez


%% define constants
[GEN_BUS, PG, QG, QMAX, QMIN, VG, MBASE, GEN_STATUS, PMAX, PMIN, ...
    MU_PMAX, MU_PMIN, MU_QMAX, MU_QMIN, PC1, PC2, QC1MIN, QC1MAX, ...
    QC2MIN, QC2MAX, RAMP_AGC, RAMP_10, RAMP_30, RAMP_Q, APF] = idx_gen;
[CT_LABEL, CT_PROB, CT_TABLE, CT_TBUS, CT_TGEN, CT_TBRCH, CT_TAREABUS, ...
    CT_TAREAGEN, CT_TAREABRCH, CT_ROW, CT_COL, CT_CHGTYPE, CT_REP, ...
    CT_REL, CT_ADD, CT_NEWVAL, CT_TLOAD, CT_TAREALOAD, CT_LOAD_ALL_PQ, ...
    CT_LOAD_FIX_PQ, CT_LOAD_DIS_PQ, CT_LOAD_ALL_P, CT_LOAD_FIX_P, ...
    CT_LOAD_DIS_P, CT_TGENCOST, CT_TAREAGENCOST, CT_MODCOST_F, ...
    CT_MODCOST_X] = idx_ct;

windprofile = struct( ...
    'type', 'mpcData', ...
    'table', CT_TGEN, ...
    'rows', [1:45], ...
    'col', PMAX, ...
    'chgtype', 1, ...
    'values', [] );
windprofile.values(:,1,:) = [
	3.6689 49.5743 87.7165 115.5227 14.6716 33.3031 31.1324 17.4325 9.8004 15.5616 28.7653 42.9122 64.6041 53.1586 197.0634 74.2425 92.1157 97.6151 85.845 67.6789 10.3775 77.7072 21.2803 85.4283 100.5953 73.0998 13.6962 1229.7956 779.9388 779.9388 706.7242 115.3009 286.1501 174.2057 166.6595 332.7739 1127.8999 261.0164 447.1564 269.4516 122.0255 369.4422 205.5476 230.0426 1139.6488;
	3.7998 51.3434 89.4288 118.4177 14.885 34.2384 31.0862 17.9507 10.1692 13.5349 25.019 37.3234 56.1901 64.1145 189.8852 71.5382 88.7603 94.0594 87.178 69.6663 10.3621 79.8896 25.8815 84.2419 101.2548 73.551 13.4953 1221.3606 798.5009 798.5009 773.5855 119.5061 290.5933 179.3213 201.0075 340.6937 1199.6913 266.4459 450.308 271.2183 121.8361 379.8178 209.0518 259.1573 1212.1881;
	3.7289 50.3855 88.1046 117.6676 14.7708 33.6568 31.3191 17.4641 19.9822 15.1 27.9121 41.6393 62.6877 59.206 179.7326 67.7132 84.0146 89.0303 89.952 69.6193 10.4397 78.5326 25.2419 85.1093 100.9174 74.4783 13.1787 1228.7728 798.3948 798.3948 778.5193 119.9523 299.84 179.2004 185.6189 340.6484 1248.2589 297.6351 459.3951 270.3144 119.484 373.3664 212.88 234.2264 1261.2616;
	3.5883 48.4863 88.0249 116.7428 14.6389 32.4726 30.3411 17.1662 27.1018 28.4423 52.5752 78.4318 118.0787 63.3477 196.8302 74.1546 92.0067 97.4996 86.0795 63.8398 10.1137 75.7693 18.2431 82.6187 97.8557 73.2794 12.9966 1225.9157 788.0606 788.0606 766.5808 115.6344 286.9317 164.3239 198.6035 336.2392 1163.117 311.9233 456.7389 262.1135 117.6397 360.229 178.1682 239.4186 1175.2328;
	2.6469 35.7659 86.6432 116.599 14.5087 29.5732 29.7814 17.3694 26.4312 29.2585 54.084 80.6827 121.4673 63.3883 198.2614 74.6938 92.6757 98.2085 87.1838 66.7714 9.9271 69.0041 68.7376 84.1111 98.4485 75.0672 13.2187 1265.7453 810.8468 810.8468 791.5301 118.2579 290.6128 171.8698 198.7309 345.9613 1167.1798 329.9862 467.2101 263.7013 117.6034 328.0651 176.5145 250.9307 1179.3379;
	3.5956 48.5847 88.0918 117.347 14.6537 32.4702 17.9597 17.9223 25.2495 29.4569 54.4506 81.2296 122.2907 50.0259 202.8975 76.4404 94.8428 100.505 61.4604 68.5745 5.9866 75.7638 71.2437 85.7804 103.0707 75.3973 13.6696 1224.5437 787.512 787.512 765.4745 114.9665 204.8681 176.5109 156.8379 336.0051 1163.8872 323.2944 467.9529 276.0823 122.5099 360.2028 160.9288 261.5374 1176.011;
	3.5544 48.0273 87.2965 116.1563 14.153 31.8051 12.8955 17.6457 25.0298 29.4039 54.3526 81.0834 122.0706 63.164 197.1199 74.2638 92.1421 97.6431 86.632 69.8829 4.2985 74.212 72.4708 86.2712 103.1435 74.0839 13.5265 1240.1773 801.5744 801.5744 755.5523 112.0094 288.7732 179.8788 198.0277 342.0051 1163.1989 324.0659 442.0816 276.2774 122.3816 352.8249 163.72 261.9583 1175.3156;
	3.5801 48.3745 87.8855 114.4723 14.2583 31.8997 0.0657 17.8965 0.0 27.6753 51.1574 76.3167 114.8944 40.1394 197.8958 74.5561 92.5048 98.0275 82.7902 69.4894 0.0219 74.4327 70.2809 84.5567 102.3702 72.9774 13.5606 1220.4352 762.856 762.856 740.3051 114.1723 275.9674 178.866 125.8425 325.4852 1161.9689 325.6678 184.2959 274.2059 121.8716 353.8743 192.2094 266.3618 1174.0727;
	3.7623 50.8371 88.6523 116.3026 15.3033 30.4655 1.581 17.9163 0.009 27.7298 51.2581 76.4671 115.1207 25.2831 194.5154 73.2826 90.9247 96.353 85.6675 71.0982 0.527 71.0861 68.4644 85.3182 102.156 72.2272 13.6313 1222.1086 706.2162 706.2162 763.099 118.9221 285.5585 183.0069 79.2659 301.3189 1053.5981 318.4862 204.994 273.632 122.4109 337.9635 191.2245 270.2583 1064.5731;
	3.6844 49.7847 88.3302 115.3958 15.0489 28.7734 0.0099 18.2205 0.0 25.0362 46.279 69.0391 103.938 15.3896 190.7297 71.8563 89.1551 94.4778 81.9231 71.4819 0.0033 67.138 48.382 86.1402 99.9201 73.8366 13.191 1033.8426 613.4175 613.4175 613.3411 117.1036 273.0768 183.9947 48.2486 261.7248 824.552 282.9518 64.9042 267.6431 121.6773 319.193 159.997 267.3498 833.141;
	3.5907 48.5184 89.4296 115.2942 14.5813 25.1798 0.0 18.2021 0.0 28.0908 51.9255 77.4626 116.6196 0.1626 195.5467 73.6711 91.4067 96.8639 73.2395 70.9868 0.0 58.753 73.3121 86.8024 101.7714 73.5603 13.6647 897.5339 660.39 660.39 551.2622 118.3044 244.1318 182.7203 0.5097 281.7664 773.0301 226.6846 86.4653 272.6021 123.4753 279.3284 146.3921 263.9103 781.0825;
	3.2627 44.0864 86.6744 112.5963 14.6044 18.0257 9.928 18.5946 0.849 26.4111 48.8206 72.8307 109.6463 0.0168 203.5583 76.6894 95.1517 100.8324 38.7337 70.9044 3.3093 42.06 74.5314 83.5669 98.3908 73.2521 13.5469 649.0575 712.5203 712.5203 524.9428 118.3789 129.1123 182.508 0.0527 304.0087 861.53 234.9628 294.6503 263.5469 122.7327 199.9654 139.2163 259.6292 870.5042;
	3.6585 49.4348 89.1649 114.2336 14.7762 19.2091 2.1514 18.5203 24.1125 23.0498 42.6072 63.5616 95.6917 37.9844 192.4607 72.5085 89.9642 95.3352 43.2178 69.0582 0.7171 44.8212 74.5299 83.6403 100.6069 73.9782 13.8474 633.3514 636.4115 636.4115 510.8222 112.871 144.0594 177.756 119.0861 271.5356 575.2044 231.4115 29.949 269.4829 122.8234 213.0926 143.8749 261.1971 581.1961;
	3.7239 50.3174 88.8402 112.9655 15.258 19.183 3.6994 18.0959 17.3354 21.2011 39.19 58.4637 88.0168 35.1954 196.1261 73.8894 91.6776 97.1508 29.8077 70.9665 1.2331 44.7603 72.1763 82.2992 98.4269 72.7386 13.5917 531.704 652.3372 652.3372 498.9827 99.235 99.359 182.6679 110.3423 278.3305 658.0619 261.5977 131.1611 263.6435 119.9864 212.8031 164.0395 263.5335 664.9167;
	3.5549 48.035 87.6545 114.6583 14.9993 16.2632 2.2735 17.6174 0.1315 24.2276 44.7843 66.8093 100.581 29.8006 186.2565 70.1711 87.0641 92.262 46.4686 68.1531 0.7578 37.9476 70.5814 83.9813 98.4586 72.6911 13.5745 398.1167 636.2371 636.2371 446.9574 88.8452 154.8955 175.4264 93.4289 271.4612 572.731 248.5529 108.3844 263.7283 117.3733 180.4135 155.3671 242.4978 578.6969;
	3.2251 43.5786 91.3584 118.8533 14.8769 8.6737 1.6983 18.5847 0.2356 25.6512 47.4158 70.735 106.4912 23.9737 157.8501 59.4691 73.7857 78.1909 41.7659 67.9497 0.5661 20.2387 66.1276 86.0524 103.7966 72.724 14.0115 450.52 523.7163 523.7163 430.3663 94.8735 139.2197 174.9026 75.1607 223.4523 490.3444 234.6114 174.9667 278.0266 117.7424 96.2205 141.5859 251.3753 495.4521;
	2.9975 40.5027 89.7103 114.5335 14.7014 15.7757 0.8111 18.408 0.1503 27.1995 50.2778 75.0046 112.9189 35.7855 178.5951 67.2847 83.4828 88.4669 45.3714 67.3131 0.2704 36.8099 67.6327 84.7866 102.573 73.0433 13.7115 972.6596 463.2302 463.2302 292.8519 86.3018 151.2381 173.2641 112.1923 197.6449 817.6471 228.9069 113.0452 274.7492 118.5435 175.0047 119.4265 238.6666 826.1642;
	2.4175 32.6654 87.9896 111.3557 14.5371 19.2913 6.37 18.098 3.1522 28.6522 52.9631 79.0105 118.9499 64.3476 187.0291 70.4621 87.4252 92.6447 63.4661 68.9179 2.1233 45.0131 69.8803 83.6924 98.0993 72.7503 13.853 1217.3519 606.1448 606.1448 234.1552 67.5462 211.5536 177.3947 201.7385 258.6218 1048.519 214.8526 137.3165 262.7659 118.3253 214.0052 158.8876 256.5155 1059.441;
