function solarprofile = ex_solar_profilesh1
%EX_WIND_PROFILE_D  Example wind_load_nyiso profile data for deterministic unit commitment.
% 2022.03.12
% Andres F. Ramirez


%% define constants
[GEN_BUS, PG, QG, QMAX, QMIN, VG, MBASE, GEN_STATUS, PMAX, PMIN, ...
    MU_PMAX, MU_PMIN, MU_QMAX, MU_QMIN, PC1, PC2, QC1MIN, QC1MAX, ...
    QC2MIN, QC2MAX, RAMP_AGC, RAMP_10, RAMP_30, RAMP_Q, APF] = idx_gen;
[CT_LABEL, CT_PROB, CT_TABLE, CT_TBUS, CT_TGEN, CT_TBRCH, CT_TAREABUS, ...
    CT_TAREAGEN, CT_TAREABRCH, CT_ROW, CT_COL, CT_CHGTYPE, CT_REP, ...
    CT_REL, CT_ADD, CT_NEWVAL, CT_TLOAD, CT_TAREALOAD, CT_LOAD_ALL_PQ, ...
    CT_LOAD_FIX_PQ, CT_LOAD_DIS_PQ, CT_LOAD_ALL_P, CT_LOAD_FIX_P, ...
    CT_LOAD_DIS_P, CT_TGENCOST, CT_TAREAGENCOST, CT_MODCOST_F, ...
    CT_MODCOST_X] = idx_ct;

solarprofile = struct( ...
    'type', 'mpcData', ...
    'table', CT_TGEN, ...
    'rows', [1:12], ...
    'col', PMAX, ...
    'chgtype', 1, ...
    'values', [] );
solarprofile.values(:,1,:) = [
	0.0 0.0 0.0 0.0 0.0 0.0 0.0 0.0 0.0 0.0 0.0 0.0;
	0.0 0.0 0.0 0.0 0.0 0.0 0.0 0.0 0.0 0.0 0.0 0.0;
	0.0 0.0 0.0 0.0 0.0 0.0 0.0 0.0 0.0 0.0 0.0 0.0;
	0.0 0.0 0.0 0.0 0.0 0.0 0.0 0.0 0.0 0.0 0.0 0.0;
	0.0 0.0 0.0 0.0 0.0 0.0 0.0 0.0 0.0 0.0 0.0 0.0;
	0.4174 0.3502 0.302 0.0 0.0 0.1765 0.0221 0.5265 0.1965 0.0 0.0 0.0;
	1.5547 1.4494 1.4515 7.2912 5.8554 70.2924 8.7866 2.0668 106.9465 59.772 24.8305 108.2474;
	6.682 5.7084 5.1665 7.4617 7.158 82.7725 10.3466 5.1004 89.5074 46.5036 21.7027 84.2184;
	11.7598 7.86 7.6351 9.0295 7.5673 75.6747 9.4593 7.1286 66.8816 47.5169 24.9762 86.0534;
	9.1609 5.8869 9.2675 11.9837 13.6782 39.5851 4.9481 1.7243 63.117 112.733 53.9871 204.1602;
	13.3691 9.8948 10.8078 11.6185 13.3343 98.0353 12.2544 2.0308 139.9048 91.4981 105.4486 165.7035;
	15.7176 12.4156 10.9593 11.2779 12.7579 129.137 16.1421 3.8806 160.3185 59.6441 113.8072 108.0158;
	5.636 4.069 4.8241 11.1907 9.2958 104.3771 13.0471 5.4635 178.4553 39.6021 71.2256 71.7196;
	2.5079 2.0267 2.0176 11.1876 9.1657 59.5422 7.4428 3.2525 109.7147 55.0901 61.8422 99.7685;
	0.5305 0.796 1.1088 10.6148 9.168 43.4996 5.4374 0.3463 64.4188 43.9744 31.4841 79.6379;
	0.4067 0.36 0.2831 6.587 6.8112 76.42 9.5525 0.0 90.5736 6.0513 2.9994 10.959;
	0.5667 0.461 0.2362 1.1641 2.0523 57.3825 7.1728 3.82 42.7849 0.0 3.2943 0.0;
	0.0 0.0 0.0 0.0 0.0 0.0 0.0 0.0 0.0 0.0 0.0 0.0;
	0.0 0.0 0.0 0.0 0.0 0.0 0.0 0.0 0.0 0.0 0.0 0.0;
	0.0 0.0 0.0 0.0 0.0 0.0 0.0 0.0 0.0 0.0 0.0 0.0;
	0.0 0.0 0.0 0.0 0.0 0.0 0.0 0.0 0.0 0.0 0.0 0.0;
	0.0 0.0 0.0 0.0 0.0 0.0 0.0 0.0 0.0 0.0 0.0 0.0;
	0.0 0.0 0.0 0.0 0.0 0.0 0.0 0.0 0.0 0.0 0.0 0.0;
	0.0 0.0 0.0 0.0 0.0 0.0 0.0 0.0 0.0 0.0 0.0 0.0;
];
