function loadprofile = ex_load_profilesh1
%EX_LOAD_PROFILE  Example load profile data file for stochastic unit commitment.
% 2022.03.12
% Andres F. Ramirez

%% define constants
[CT_LABEL, CT_PROB, CT_TABLE, CT_TBUS, CT_TGEN, CT_TBRCH, CT_TAREABUS, ...
    CT_TAREAGEN, CT_TAREABRCH, CT_ROW, CT_COL, CT_CHGTYPE, CT_REP, ...
    CT_REL, CT_ADD, CT_NEWVAL, CT_TLOAD, CT_TAREALOAD, CT_LOAD_ALL_PQ, ...
    CT_LOAD_FIX_PQ, CT_LOAD_DIS_PQ, CT_LOAD_ALL_P, CT_LOAD_FIX_P, ...
    CT_LOAD_DIS_P, CT_TGENCOST, CT_TAREAGENCOST, CT_MODCOST_F, ...
    CT_MODCOST_X] = idx_ct;

loadprofile = struct( ...
    'type', 'mpcData', ...
    'table', CT_TAREALOAD, ...
    'rows', [1:11], ...
    'col', CT_LOAD_ALL_P, ...
    'chgtype', 1, ...
    'values', [] );
loadprofile.values(:,1,:) = [
	1462.5332 878.0 1504.5 528.1 725.5544 1096.2518 847.0363 235.0 505.5748 4405.4677 1658.3399;
	1462.8285 881.0 1539.1885 527.7059 758.2494 1091.4146 836.0 236.1048 512.7316 4382.8316 1641.3067;
	1488.3334 887.8499 1526.3671 519.8163 755.2216 1078.6 833.4692 236.5 512.0272 4378.6579 1641.6262;
	1543.9328 956.1 1627.6006 538.8229 802.6033 1145.0539 873.1814 250.8177 530.7 4633.7649 1751.3446;
	1694.0796 1068.0 1831.9707 563.3 931.7628 1321.3 968.8 293.6 597.5138 5091.6152 1961.1856;
	1722.3264 1128.3951 1915.5 579.3821 973.9167 1376.9903 1032.3816 311.7306 653.8629 5541.8202 2080.3895;
	1763.747 1153.5164 1908.9047 585.6985 978.2055 1386.761 1036.8531 311.6661 663.9237 5851.0229 2053.8753;
	1768.822 1169.9058 1921.0413 568.2244 961.524 1343.6006 1023.5287 314.191 680.3298 6060.9398 2138.4576;
	1765.2992 1166.4445 1928.5594 553.0166 937.2 1245.5679 968.6721 321.8 630.5407 6042.0339 2069.3862;
	1770.0269 1164.8349 1882.9237 544.8554 916.5709 1253.9195 943.7071 299.097 659.0733 6068.3514 2099.7464;
	1775.7039 1145.4663 1867.6549 543.0113 921.4794 1201.3608 939.5267 299.8048 649.2038 6106.6035 2053.4518;
	1796.2642 1122.3346 1837.9166 521.9331 863.8558 1159.59 901.4939 300.1303 614.0095 6007.5169 2003.3762;
	1782.5083 1101.1 1811.1013 523.3089 887.4928 1180.7498 875.2942 304.2789 629.5279 5945.5227 2051.938;
	1794.0854 1102.1778 1792.7767 533.2 865.3281 1213.3 842.3579 309.5495 595.3136 5883.2002 2028.8699;
	1798.5849 1073.0769 1765.7396 544.0589 883.8635 1222.1009 897.5303 296.5 546.5844 5556.1588 1930.0938;
	1781.3756 1090.6942 1760.9356 539.6803 885.3151 1272.4243 917.7891 326.7406 586.9058 5819.6859 2138.2746;
	1776.5639 1071.3326 1774.3756 559.1 913.6835 1309.9904 918.7333 333.6 561.4994 5539.5126 2173.7235;
	1827.2099 1083.4027 1825.7017 583.7947 925.3788 1379.6039 1018.9937 346.1244 562.8238 5630.7689 2153.4612;
	1855.9856 1121.3035 1862.5204 576.2926 922.9187 1352.7 1032.4062 334.4144 597.0901 5596.0812 2145.758;
	1813.0 1067.4783 1806.7 563.3818 865.533 1302.0138 1013.7 327.5233 605.7278 5206.8307 2067.613;
	1772.3012 1023.0362 1728.0075 541.1153 833.6338 1238.1215 975.3398 300.8617 558.518 4969.2854 1953.9949;
	1720.8833 955.6506 1655.3538 538.0 774.3184 1153.0158 919.6399 278.4 541.1326 4943.4 1894.6;
	1618.3852 909.3048 1555.6363 520.9217 717.5317 1113.1 879.0 260.1894 515.2426 4739.3168 1780.5198;
	1560.1406 871.6 1512.4568 493.8874 680.9798 1067.8562 847.5 239.9197 487.464 4485.8953 1645.8622;
];
