function windprofile = ex_wind_profilesh1
%EX_WIND_PROFILE_D  Example wind_load_nyiso profile data for deterministic unit commitment.
% 2022.03.12
% Andres F. Ramirez


%% define constants
[GEN_BUS, PG, QG, QMAX, QMIN, VG, MBASE, GEN_STATUS, PMAX, PMIN, ...
    MU_PMAX, MU_PMIN, MU_QMAX, MU_QMIN, PC1, PC2, QC1MIN, QC1MAX, ...
    QC2MIN, QC2MAX, RAMP_AGC, RAMP_10, RAMP_30, RAMP_Q, APF] = idx_gen;
[CT_LABEL, CT_PROB, CT_TABLE, CT_TBUS, CT_TGEN, CT_TBRCH, CT_TAREABUS, ...
    CT_TAREAGEN, CT_TAREABRCH, CT_ROW, CT_COL, CT_CHGTYPE, CT_REP, ...
    CT_REL, CT_ADD, CT_NEWVAL, CT_TLOAD, CT_TAREALOAD, CT_LOAD_ALL_PQ, ...
    CT_LOAD_FIX_PQ, CT_LOAD_DIS_PQ, CT_LOAD_ALL_P, CT_LOAD_FIX_P, ...
    CT_LOAD_DIS_P, CT_TGENCOST, CT_TAREAGENCOST, CT_MODCOST_F, ...
    CT_MODCOST_X] = idx_ct;

windprofile = struct( ...
    'type', 'mpcData', ...
    'table', CT_TGEN, ...
    'rows', [1:45], ...
    'col', PMAX, ...
    'chgtype', 1, ...
    'values', [] );
windprofile.values(:,1,:) = [
	3.8674 52.2573 89.0971 117.2892 14.7735 34.1603 31.1295 17.6014 10.2757 17.4328 32.2242 48.0722 72.3725 55.8618 199.7213 75.2439 93.3581 98.9317 84.9125 67.5206 10.3765 79.7074 25.78 84.9991 99.8726 73.6024 13.3433 1228.0311 755.4174 755.4174 699.1068 112.7685 283.0417 173.7981 175.1343 322.3114 1035.3361 254.7196 447.9534 267.5159 120.4198 378.9518 214.7109 271.3281 1046.1208;
	3.7058 50.0732 92.2571 115.6681 14.6142 34.0689 32.2683 17.4513 11.1922 14.8939 27.5312 41.0712 61.8324 63.0825 202.5335 76.3033 94.6726 100.3247 90.0013 69.9437 10.7561 79.494 30.8017 82.5467 99.1142 71.9733 12.8415 1228.6036 768.1501 768.1501 743.8728 115.9787 300.0045 180.0352 197.7721 327.744 1117.4058 255.1206 455.7006 265.4844 120.0783 377.9372 208.045 269.7886 1129.0454;
	3.4402 46.4848 88.2465 112.6406 14.5713 33.6253 32.7597 17.3595 22.5524 15.5215 28.6912 42.8017 64.4377 58.6752 190.9179 71.9272 89.243 94.5709 88.0728 70.8204 10.9199 78.459 29.4313 84.1011 98.4405 71.4552 12.8088 1202.2045 766.3924 766.3924 734.1821 116.1358 293.5759 182.2918 183.9547 326.9941 1136.6852 276.1508 460.6568 263.6799 117.5618 373.0166 209.9049 261.195 1148.5257;
	3.5561 48.0513 89.2688 113.1079 15.0621 32.8289 31.3475 17.607 28.0361 30.1112 55.6601 83.0339 125.0071 64.1312 201.066 75.7504 93.9867 99.5978 87.3455 66.9051 10.4492 76.6007 26.5212 85.5166 99.7423 73.1005 12.8523 1164.9992 692.1228 692.1228 654.1181 111.4384 291.1517 172.2139 201.06 295.3057 1033.2067 293.5264 454.3273 267.1668 118.7602 364.1817 173.6944 261.9077 1043.9692;
	3.0444 41.1368 89.6812 113.1658 15.2343 31.717 30.8732 17.4921 27.4951 30.1531 55.7376 83.1495 125.1811 62.8378 200.5816 75.568 93.7602 99.3579 87.8411 69.2417 10.2911 74.0063 72.5807 85.3242 100.9397 70.4567 12.8035 1183.9723 724.46 724.46 691.5353 113.4606 292.8035 178.2283 197.0051 309.1029 1009.6949 310.0547 452.8075 270.3742 118.4038 351.8469 178.5008 263.7789 1020.2126;
	3.7155 50.2041 90.0362 111.1163 14.759 32.8995 18.6451 17.4848 25.8465 29.2946 54.1507 80.7822 121.6171 51.3353 200.6618 75.5982 93.7977 99.3976 57.9918 71.8767 6.215 76.7654 71.8785 87.0413 100.1475 71.945 13.3029 1086.1065 724.8608 724.8608 683.3969 114.4684 193.306 185.0108 160.9432 309.274 1038.6195 295.9847 450.4173 268.2523 119.3359 364.9647 161.2295 271.4894 1049.4385;
	3.7213 50.2831 93.3166 116.607 15.1291 33.5505 13.7281 18.7863 25.4861 29.9108 55.2897 82.4813 124.1752 64.9918 201.1013 75.7637 94.0032 99.6153 85.0146 73.3841 4.576 78.2845 74.1141 89.6228 105.0409 73.1368 14.053 1181.6412 753.3024 753.3024 704.5213 111.2398 283.382 188.891 203.7581 321.409 1089.4709 309.4694 415.6257 281.3596 122.5253 372.1871 175.4626 276.4165 1100.8196;
	3.5796 48.3687 92.815 116.3911 14.8244 32.4901 0.159 18.3645 0.0 29.6635 54.8326 81.7995 123.1486 41.9288 199.7139 75.2411 93.3546 98.9281 84.2104 71.4904 0.053 75.8103 72.4894 88.7968 102.5987 72.443 13.957 1169.6657 699.9627 699.9627 690.1654 111.4365 280.7013 184.0164 131.4526 298.6507 1100.395 312.7557 151.2654 274.818 122.2985 360.424 197.4051 274.6148 1111.8574;
	3.5681 48.2128 90.2603 113.462 14.3281 29.9148 0.0 18.017 0.04 29.414 54.3713 81.1113 122.1126 2.6814 194.8672 73.4151 91.0891 96.5272 91.4396 72.0691 0.0 69.8013 70.4059 88.5547 103.8584 73.0678 13.4883 1096.2781 614.4351 614.4351 645.8336 111.0238 304.7986 185.506 8.4064 262.159 980.6416 276.7139 0.0625 278.1922 121.6045 331.8552 178.4717 271.1818 990.8566;
	3.7158 50.2086 89.8728 113.1052 15.1721 30.0406 0.3404 18.3321 0.048 25.7354 47.5714 70.9672 106.8408 15.3927 186.4425 70.2411 87.151 92.3541 90.5918 71.6665 0.1135 70.0948 45.9272 89.0484 103.7406 75.091 13.2218 1002.6179 583.3534 583.3534 571.0367 113.8004 301.9728 184.4699 48.2583 248.8974 821.8267 252.4463 6.3278 277.8766 122.9377 333.2507 159.934 279.5144 830.3874;
	3.5567 48.0583 91.9446 115.8492 14.7848 24.679 0.1175 18.2976 0.1772 28.4244 52.5421 78.3825 118.0044 0.071 190.6382 71.8218 89.1123 94.4324 79.304 71.7413 0.0392 57.5843 69.9655 89.6949 104.1672 73.3822 13.6596 800.7247 629.3311 629.3311 520.1056 116.7709 264.3468 184.6623 0.2226 268.5146 753.7922 207.7391 0.0 279.0194 120.6419 273.7723 144.8281 275.2341 761.6442;
	3.3968 45.8977 91.0333 114.835 15.1343 18.3114 0.231 17.88 0.0 27.8252 51.4344 76.73 115.5166 0.1789 192.7586 72.6207 90.1034 95.4827 38.2587 70.9794 0.077 42.7266 73.459 88.4493 101.3637 71.6554 13.4862 612.6121 681.8828 681.8828 515.8681 116.0129 127.529 182.7011 0.5608 290.9367 803.9643 212.5873 0.0 271.51 121.3157 203.1345 139.6493 271.3326 812.3389;
	3.6951 49.9287 92.9212 116.2217 15.2224 20.856 0.5733 17.7857 23.3213 23.9003 44.1793 65.9069 99.2224 48.8835 181.5316 68.391 84.8555 89.9215 56.4827 70.541 0.1911 48.664 69.399 86.8689 103.9208 71.5511 13.6032 626.6276 707.2753 707.2753 526.976 111.5115 188.2756 181.5728 153.2562 301.7708 620.5888 225.6689 0.0 278.3594 121.2178 231.3624 145.2058 275.1631 627.0532;
	3.5881 48.4837 88.9055 111.9363 15.2094 19.5907 3.1589 17.368 17.3596 23.3105 43.0891 64.2805 96.7739 37.6296 193.1846 72.7812 90.3026 95.6938 50.7155 71.7371 1.053 45.7116 69.441 84.193 98.1098 69.8273 13.1244 546.178 690.0109 690.0109 489.3643 88.8653 169.0518 184.6514 117.974 294.4047 698.1457 226.0257 5.4603 262.7942 120.9237 217.3261 159.8382 273.9399 705.4181;
	3.5597 48.0992 88.0584 112.8848 15.0502 18.8275 0.0 17.402 0.0 25.2705 46.7122 69.6854 104.911 27.9341 183.8723 69.2728 85.9496 91.0809 64.7378 70.2888 0.0 43.9309 70.3209 85.3654 98.7115 71.4885 13.1005 398.2087 664.1088 664.1088 435.7698 81.553 215.7926 180.9236 87.5771 283.3531 587.2448 223.2408 0.0 264.4057 116.2061 208.8602 161.7866 253.5055 593.3619;
	2.9587 39.9792 85.44 114.4461 14.6074 9.4868 0.0 17.2918 2.0255 26.8542 49.6396 74.0525 111.4856 22.4306 151.0869 56.9211 70.6243 74.8407 59.0353 69.5483 0.0 22.1359 70.6358 83.6814 97.58 69.9251 13.1789 456.4194 552.542 552.542 397.5483 73.7723 196.7844 179.0176 70.323 235.7512 495.6996 204.9205 8.4949 261.3751 116.5562 105.2403 148.5069 236.2599 500.8631;
	3.1773 42.9328 87.5966 118.5668 14.6834 18.7457 0.9379 17.6018 7.6492 28.1793 52.0891 77.7066 116.9869 28.2506 185.0235 69.7065 86.4877 91.6512 63.6595 71.748 0.3126 43.7399 71.4887 82.7867 100.1668 67.429 13.1259 1020.8511 522.7577 522.7577 319.7201 83.6498 212.1983 184.6795 88.5694 223.0433 882.1106 222.718 122.0716 268.304 113.6195 207.952 134.5637 218.8549 891.2992;
	3.0525 41.2462 86.6031 114.1684 14.2052 21.1881 0.0914 14.4562 1.5646 29.5867 54.6906 81.5876 122.8298 46.7368 190.38 71.7246 88.9916 94.3045 76.8279 71.3999 0.0305 49.439 73.5438 76.3019 96.4419 66.383 13.0772 1196.0177 609.9831 609.9831 227.2561 63.9261 256.0931 183.7835 146.5261 260.2594 1007.3479 198.4011 129.8967 258.3266 115.7912 235.047 169.8904 237.8513 1017.8411;
