function loadprofile = ex_load_profilesh1
%EX_LOAD_PROFILE  Example load profile data file for stochastic unit commitment.
% 2022.03.12
% Andres F. Ramirez

%% define constants
[CT_LABEL, CT_PROB, CT_TABLE, CT_TBUS, CT_TGEN, CT_TBRCH, CT_TAREABUS, ...
    CT_TAREAGEN, CT_TAREABRCH, CT_ROW, CT_COL, CT_CHGTYPE, CT_REP, ...
    CT_REL, CT_ADD, CT_NEWVAL, CT_TLOAD, CT_TAREALOAD, CT_LOAD_ALL_PQ, ...
    CT_LOAD_FIX_PQ, CT_LOAD_DIS_PQ, CT_LOAD_ALL_P, CT_LOAD_FIX_P, ...
    CT_LOAD_DIS_P, CT_TGENCOST, CT_TAREAGENCOST, CT_MODCOST_F, ...
    CT_MODCOST_X] = idx_ct;

loadprofile = struct( ...
    'type', 'mpcData', ...
    'table', CT_TAREALOAD, ...
    'rows', [1:11], ...
    'col', CT_LOAD_ALL_P, ...
    'chgtype', 1, ...
    'values', [] );
loadprofile.values(:,1,:) = [
	1430.4617 880.2868 1526.2969 517.6684 750.3996 1100.185 844.0978 220.8 500.0055 4294.3458 1651.568;
	1459.7905 889.8843 1524.1 518.6939 757.9314 1107.9302 846.0 224.9601 495.2526 4254.3 1655.8;
	1474.8317 894.2476 1549.889 520.9837 744.095 1105.9504 851.7864 223.4 500.0651 4250.7306 1666.5;
	1521.6123 963.2978 1650.2979 516.8385 812.2615 1180.8683 897.1239 255.0861 532.1164 4516.8932 1763.4;
	1703.2005 1073.8966 1840.7295 550.8782 906.9049 1324.6477 982.5348 290.7625 597.2 4930.5509 1966.508;
	1830.8 1157.8 1956.4983 582.9 956.483 1392.3455 1054.1875 299.517 655.3429 5369.382 2111.4116;
	1863.8 1199.2277 1981.4852 591.8794 981.5 1411.3071 1096.2837 312.7296 685.9527 5809.6762 2182.7155;
	1883.8973 1170.4 1992.4069 577.7902 976.4176 1423.5797 1121.3879 315.1607 700.307 6001.3 2190.393;
	1869.3725 1165.8316 1925.0715 563.038 901.4082 1354.7183 1112.2716 319.0138 714.6524 6031.8234 2077.2485;
	1856.6784 1176.4223 1923.3576 557.7848 898.3682 1337.413 1161.9934 294.2867 709.7072 6196.6959 2161.0165;
	1864.4869 1181.2079 1946.6614 550.5499 880.303 1263.0003 1136.0986 281.5825 698.3395 5997.0898 2027.2802;
	1854.6912 1143.0267 1885.4669 542.0772 856.5223 1219.144 1099.1 289.4982 681.1543 5935.5864 2058.9793;
	1845.9 1126.0 1839.1158 535.1952 852.9198 1174.5029 1054.6392 263.2445 672.2651 5785.6091 2036.7438;
	1857.0878 1125.3387 1796.0408 533.3495 817.5431 1145.9781 1013.4112 285.9502 673.3364 5789.0218 2028.3943;
	1918.3355 1134.3561 1801.51 544.3167 831.9049 1169.9802 1050.204 290.0751 679.6885 6018.4111 2153.6098;
	1852.3096 1120.1132 1793.8065 529.4654 812.2486 1204.3697 1067.7 298.8633 690.2104 6011.3083 2236.2589;
	1818.7211 1105.555 1804.8707 545.1662 845.6225 1241.0496 1072.8884 292.8104 711.2865 5865.9004 2292.6569;
	1882.5179 1187.7482 1908.1283 556.7492 897.2855 1336.8313 1118.3408 310.3358 744.7535 5934.842 2429.8446;
	1895.7194 1167.3048 1921.9668 565.4775 908.8275 1332.5566 1119.6836 312.464 735.6299 5850.4115 2436.6279;
	1933.331 1120.5469 1842.3626 563.4115 882.3035 1263.248 1051.778 289.9 666.3341 5491.3345 2281.4002;
	1844.0271 1035.0145 1685.4952 544.4 823.1225 1181.0578 978.4512 267.3568 609.7722 5189.1016 2115.176;
	1754.1222 982.4768 1630.9005 544.2235 782.2349 1121.6921 900.6621 228.5736 564.5 4825.8282 1948.5313;
	1650.0 944.3275 1606.5549 568.7179 792.2 1126.8 924.0 221.6322 534.0 4638.4992 1833.9201;
	1620.2336 920.2 1596.4 568.78 791.6639 1120.9751 871.8 239.354 511.4985 4485.8442 1783.0233;
];
