function solarprofile = ex_solar_profilesh1
%EX_WIND_PROFILE_D  Example wind_load_nyiso profile data for deterministic unit commitment.
% 2022.03.12
% Andres F. Ramirez


%% define constants
[GEN_BUS, PG, QG, QMAX, QMIN, VG, MBASE, GEN_STATUS, PMAX, PMIN, ...
    MU_PMAX, MU_PMIN, MU_QMAX, MU_QMIN, PC1, PC2, QC1MIN, QC1MAX, ...
    QC2MIN, QC2MAX, RAMP_AGC, RAMP_10, RAMP_30, RAMP_Q, APF] = idx_gen;
[CT_LABEL, CT_PROB, CT_TABLE, CT_TBUS, CT_TGEN, CT_TBRCH, CT_TAREABUS, ...
    CT_TAREAGEN, CT_TAREABRCH, CT_ROW, CT_COL, CT_CHGTYPE, CT_REP, ...
    CT_REL, CT_ADD, CT_NEWVAL, CT_TLOAD, CT_TAREALOAD, CT_LOAD_ALL_PQ, ...
    CT_LOAD_FIX_PQ, CT_LOAD_DIS_PQ, CT_LOAD_ALL_P, CT_LOAD_FIX_P, ...
    CT_LOAD_DIS_P, CT_TGENCOST, CT_TAREAGENCOST, CT_MODCOST_F, ...
    CT_MODCOST_X] = idx_ct;

solarprofile = struct( ...
    'type', 'mpcData', ...
    'table', CT_TGEN, ...
    'rows', [1:12], ...
    'col', PMAX, ...
    'chgtype', 1, ...
    'values', [] );
solarprofile.values(:,1,:) = [
	0.0 0.0 0.0 0.0 0.0 0.0 0.0 0.0 0.0 0.0 0.0 0.0;
	0.0 0.0 0.0 0.0 0.0 0.0 0.0 0.0 0.0 0.0 0.0 0.0;
	0.0 0.0 0.0 0.0 0.0 0.0 0.0 0.0 0.0 0.0 0.0 0.0;
	0.0 0.0 0.0 0.0 0.0 0.0 0.0 0.0 0.0 0.0 0.0 0.0;
	0.0 0.0 0.0 0.0 0.0 0.0 0.0 0.0 0.0 0.0 0.0 0.0;
	0.42 0.3557 0.302 0.0 0.0 0.2346 0.0293 0.6045 0.0956 0.0 0.0 0.0;
	1.332 1.4833 0.8752 2.4607 0.5704 21.333 2.6666 17.1013 0.0 50.2226 31.0806 90.9535;
	2.3689 4.5468 2.7047 6.4204 1.0998 9.0482 1.131 14.3466 0.0 94.6529 101.4742 171.417;
	3.0812 4.319 2.2858 8.0246 1.7177 30.6004 3.825 18.5254 8.04 133.6879 140.6154 242.1096;
	2.9421 1.2934 0.5741 11.1479 11.9309 172.5477 21.5685 38.0332 117.9036 187.5204 144.9652 339.6007;
	9.8597 5.7434 2.8105 11.2409 11.9154 258.9049 32.3631 58.6573 178.8647 222.1422 169.171 402.3009;
	16.5287 13.0267 9.7285 11.24 11.9058 243.5978 30.4497 63.8163 181.8027 216.7475 177.8673 392.531;
	16.2417 14.9031 10.5603 10.7103 8.3241 160.6914 20.0864 61.5843 188.8487 149.2202 140.2687 270.2386;
	10.1193 9.9489 8.2401 10.0148 7.7745 104.0461 13.0058 46.7845 167.7711 127.2056 119.9446 230.37;
	5.2899 4.7096 4.7254 7.9617 7.3747 92.2744 11.5343 27.0614 146.887 82.1589 86.6943 148.7903;
	0.8055 0.6805 0.8876 4.9901 4.3465 153.3106 19.1638 14.1262 117.4246 8.0851 7.239 14.6421;
	0.3683 0.5295 0.5084 1.3681 2.034 58.1063 7.2633 4.5302 41.537 0.0 2.6626 0.0;
	0.0 0.0 0.0 0.0 0.0 0.0 0.0 0.0 0.0 0.0 0.0 0.0;
	0.0 0.0 0.0 0.0 0.0 0.0 0.0 0.0 0.0 0.0 0.0 0.0;
	0.0 0.0 0.0 0.0 0.0 0.0 0.0 0.0 0.0 0.0 0.0 0.0;
	0.0 0.0 0.0 0.0 0.0 0.0 0.0 0.0 0.0 0.0 0.0 0.0;
	0.0 0.0 0.0 0.0 0.0 0.0 0.0 0.0 0.0 0.0 0.0 0.0;
	0.0 0.0 0.0 0.0 0.0 0.0 0.0 0.0 0.0 0.0 0.0 0.0;
	0.0 0.0 0.0 0.0 0.0 0.0 0.0 0.0 0.0 0.0 0.0 0.0;
];
