function windprofile = ex_wind_profilesh1
%EX_WIND_PROFILE_D  Example wind_load_nyiso profile data for deterministic unit commitment.
% 2022.03.12
% Andres F. Ramirez


%% define constants
[GEN_BUS, PG, QG, QMAX, QMIN, VG, MBASE, GEN_STATUS, PMAX, PMIN, ...
    MU_PMAX, MU_PMIN, MU_QMAX, MU_QMIN, PC1, PC2, QC1MIN, QC1MAX, ...
    QC2MIN, QC2MAX, RAMP_AGC, RAMP_10, RAMP_30, RAMP_Q, APF] = idx_gen;
[CT_LABEL, CT_PROB, CT_TABLE, CT_TBUS, CT_TGEN, CT_TBRCH, CT_TAREABUS, ...
    CT_TAREAGEN, CT_TAREABRCH, CT_ROW, CT_COL, CT_CHGTYPE, CT_REP, ...
    CT_REL, CT_ADD, CT_NEWVAL, CT_TLOAD, CT_TAREALOAD, CT_LOAD_ALL_PQ, ...
    CT_LOAD_FIX_PQ, CT_LOAD_DIS_PQ, CT_LOAD_ALL_P, CT_LOAD_FIX_P, ...
    CT_LOAD_DIS_P, CT_TGENCOST, CT_TAREAGENCOST, CT_MODCOST_F, ...
    CT_MODCOST_X] = idx_ct;

windprofile = struct( ...
    'type', 'mpcData', ...
    'table', CT_TGEN, ...
    'rows', [1:45], ...
    'col', PMAX, ...
    'chgtype', 1, ...
    'values', [] );
windprofile.values(:,1,:) = [
	3.7276 50.3676 87.9691 113.9228 14.7927 32.2942 31.5049 17.564 11.3176 17.7479 32.8066 48.9411 73.6805 59.0133 201.2596 75.8234 94.0771 99.6937 87.9819 70.3893 10.5016 75.3532 24.3958 85.1954 103.9084 71.8376 13.6039 1194.9598 759.5699 759.5699 727.5904 116.1696 293.2732 181.1824 185.0148 324.0831 1055.7445 278.794 452.5434 278.3259 119.238 358.2505 207.0533 275.3111 1066.7419;
	3.7584 50.7849 87.2756 112.1588 14.9018 33.7988 32.4065 17.5146 11.9472 13.7701 25.4538 37.972 57.1666 66.3025 191.3845 72.103 89.4611 94.8021 85.2642 70.5733 10.8022 78.8638 22.8522 80.5814 98.665 71.3879 13.1073 1236.0115 804.7528 804.7528 777.9966 120.2354 284.214 181.6558 207.8673 343.3612 1210.0791 268.9721 463.7175 264.2813 120.0074 374.9412 210.762 277.3896 1222.6841;
	3.6177 48.8827 85.0897 110.0038 14.6267 33.5791 33.1409 17.3595 22.0096 14.8156 27.3864 40.8552 61.5072 62.5943 172.721 65.0716 80.737 85.5572 87.3444 70.7356 11.047 78.3512 25.9027 75.6386 98.4919 69.9252 13.0745 1207.4946 781.9896 781.9896 775.7718 118.6366 291.1479 182.0736 196.2415 333.6489 1187.1449 299.0123 474.2576 263.8175 120.9353 372.504 212.5605 254.8278 1199.511;
	3.528 47.6717 82.8804 110.5676 14.5892 32.9126 31.4871 17.193 27.2527 28.6286 52.9195 78.9454 118.8519 65.1728 193.938 73.065 90.6547 96.0669 89.3276 67.2138 10.4957 76.796 24.887 73.9564 99.3113 69.4959 13.0167 1189.1508 774.2479 774.2479 740.9144 118.8596 297.7586 173.0086 204.3256 330.3458 1119.3281 311.9729 455.4881 266.0123 118.0831 365.11 173.1001 244.9872 1130.9878;
	2.7903 37.703 84.4507 109.5981 14.2482 29.8491 30.7236 17.4601 26.6007 28.9184 53.4552 79.7446 120.055 64.3286 198.0544 74.6158 92.5789 98.106 86.2238 66.8975 10.2412 69.6478 71.6676 78.3988 99.7191 67.9873 12.875 1229.7858 764.0076 764.0076 746.1185 118.2838 287.4128 172.1944 201.6787 325.9766 1051.7823 330.6068 456.7365 267.1048 118.1542 331.1255 172.5906 256.4437 1062.7384;
	3.5304 47.7031 86.5701 111.6448 14.2027 31.9189 19.0558 17.929 25.3593 27.1227 50.1359 74.7929 112.6002 50.3816 197.1812 74.2869 92.1708 97.6735 56.8102 67.66 6.3519 74.4774 66.3448 84.1716 101.6212 70.0527 13.2472 1184.5068 772.2152 772.2152 760.6698 117.8369 189.3674 174.157 157.9533 329.4785 1083.7963 322.2611 450.3261 272.1998 115.7206 354.0871 158.051 258.4023 1095.0858;
	3.653 49.3604 87.5464 113.4499 14.3382 33.6455 13.726 18.0484 25.5102 28.9547 53.5222 79.8447 120.2057 63.5727 193.5229 72.9086 90.4607 95.8614 85.104 70.341 4.5753 78.5062 71.387 86.1389 103.0657 69.3962 13.3279 1241.5626 775.219 775.219 711.3726 114.8802 283.6801 181.0578 199.3091 330.7601 1087.5493 296.9492 425.6402 276.0688 118.9496 373.2407 182.0378 261.3168 1098.8779;
	3.5849 48.4403 88.69 114.5827 14.3474 32.7064 0.0 17.9467 0.0 28.6799 53.0144 79.0871 119.0652 40.5167 200.5233 75.546 93.733 99.329 84.7069 70.5162 0.0 76.3149 69.0533 86.215 101.4401 70.3303 13.4125 1265.0088 740.8821 740.8821 693.2076 117.0304 282.3563 181.5089 127.0252 316.1097 1104.3996 304.4468 158.3037 271.7146 117.7329 362.8229 200.8173 258.5681 1115.9037;
	3.1572 42.6606 89.669 117.5649 14.2966 26.1518 0.0 17.7751 0.0 28.5256 52.7292 78.6616 118.4246 8.3105 199.9783 75.3407 93.4782 99.059 83.205 71.1654 0.0 61.0209 69.3457 86.7002 101.0068 70.1303 13.1217 1084.5265 590.405 590.405 607.3985 111.6138 277.3499 183.1799 26.0547 251.9062 875.5283 259.9849 0.0655 270.554 118.5574 290.1107 169.8475 258.3467 884.6484;
	3.5666 48.1926 90.0988 117.7568 14.5776 26.8054 1.3348 17.7779 0.0 24.7366 45.7253 68.2131 102.6944 10.6682 195.9853 73.8363 91.6117 97.0811 84.531 71.2232 0.4449 62.5459 43.6055 87.7994 99.8663 71.1607 12.81 900.8941 573.9506 573.9506 525.6303 119.2245 281.7701 183.3287 33.4463 244.8856 713.1512 249.8917 10.764 267.4991 118.2827 297.3613 152.3437 237.9032 720.5798;
	3.4918 47.1819 89.1619 115.8958 14.8537 23.5088 2.2571 17.3897 0.9109 28.531 52.7391 78.6764 118.4469 0.0 201.5361 75.9276 94.2064 99.8307 71.6632 72.043 0.7524 54.854 70.7992 86.9629 98.5977 69.526 12.6833 754.8737 627.5281 627.5281 490.4721 118.3884 238.8774 185.439 0.0 267.7453 687.8726 205.1171 34.0186 264.101 115.8006 260.7914 141.1758 247.5383 695.0379;
	3.435 46.4149 90.0278 114.9312 14.6922 18.1766 7.513 17.5771 1.7134 27.107 50.1069 74.7496 112.5351 0.0 204.8737 77.185 95.7666 101.484 40.9789 72.8447 2.5043 42.4121 71.5916 85.9876 98.9787 71.0453 13.1085 596.1746 709.403 709.403 526.9431 118.7034 136.5965 187.5024 0.0 302.6786 782.7886 223.3673 121.1022 265.1216 119.2703 201.6392 132.6741 262.3961 790.9427;
	3.7108 50.1414 89.3742 111.3968 14.4853 20.0872 5.3806 16.8718 25.4792 25.0663 46.3346 69.1222 104.063 44.4992 201.8873 76.0599 94.3706 100.0046 61.8118 72.7494 1.7935 46.87 71.1779 82.8661 90.0026 69.4457 13.0298 596.7221 707.7793 707.7793 514.8335 115.2956 206.0392 187.2573 139.5109 301.9858 586.9959 249.6879 187.8183 241.0784 118.2712 222.8335 138.9801 266.3087 593.1104;
	3.573 48.2791 87.7306 110.1434 14.3379 20.1726 9.7148 17.1477 18.2648 22.5225 41.6325 62.1075 93.5025 34.523 203.8537 76.8007 95.2898 100.9787 65.0214 73.1887 3.2383 47.0695 70.4232 81.9069 90.7074 70.9557 12.9284 542.6688 718.2853 718.2853 503.6196 101.9019 216.738 188.3879 108.2344 306.4684 689.4874 258.346 365.2746 242.9663 117.8124 223.7818 150.3477 265.8675 696.6696;
	3.6067 48.7339 89.3568 112.6273 14.4939 18.7956 12.8344 17.4129 1.0929 25.9396 47.949 71.5305 107.6887 33.9486 199.5824 75.1915 93.2932 98.8629 77.562 73.6432 4.2781 43.8564 70.9775 83.552 94.6769 70.669 12.9496 439.8644 697.6202 697.6202 454.212 94.8167 258.5401 189.5577 106.4333 297.6513 608.142 247.5878 311.7808 253.5988 117.1756 208.5058 154.7581 225.2483 614.4768;
	3.1382 42.4034 87.2321 113.3852 14.1319 8.6579 4.9301 17.9061 3.4698 27.0808 50.0585 74.6774 112.4264 23.9847 185.9957 70.0728 86.9422 92.1328 62.3665 73.0785 1.6434 20.2018 69.8116 85.0259 96.1211 72.7957 13.3549 459.824 558.8497 558.8497 406.2476 97.8339 207.8885 188.1042 75.1953 238.4425 500.9021 221.1387 124.9203 257.4673 118.3775 96.0453 139.8401 231.3622 506.1198;
	3.378 45.6438 90.0644 112.4386 14.2885 16.7463 5.83 18.3979 2.5735 28.393 52.484 78.2958 117.8738 34.5254 190.9775 71.9497 89.2709 94.6005 66.6946 73.8534 1.9433 39.0748 69.4417 86.7707 101.2883 73.842 13.565 1047.4571 499.89 499.89 308.2984 93.0357 222.3152 190.0989 108.2418 213.2864 856.3699 233.7474 119.6971 271.3078 119.5521 185.7727 124.6762 237.0494 865.2904;
	3.215 43.4413 92.759 115.915 14.3173 20.4144 0.527 18.9775 4.9673 29.3942 54.3347 81.0567 122.0304 57.8871 201.1742 75.7912 94.0373 99.6514 82.5846 73.3628 0.1757 47.6337 72.1119 89.0503 101.9453 75.9419 13.958 1241.3222 564.0493 564.0493 220.7028 65.2509 275.282 188.8359 181.4839 240.6611 1000.486 193.3128 135.2733 273.0677 120.9528 226.4641 160.5413 262.4427 1010.9077;
