function solarprofile = ex_solar_profilesh1
%EX_WIND_PROFILE_D  Example wind_load_nyiso profile data for deterministic unit commitment.
% 2022.03.12
% Andres F. Ramirez


%% define constants
[GEN_BUS, PG, QG, QMAX, QMIN, VG, MBASE, GEN_STATUS, PMAX, PMIN, ...
    MU_PMAX, MU_PMIN, MU_QMAX, MU_QMIN, PC1, PC2, QC1MIN, QC1MAX, ...
    QC2MIN, QC2MAX, RAMP_AGC, RAMP_10, RAMP_30, RAMP_Q, APF] = idx_gen;
[CT_LABEL, CT_PROB, CT_TABLE, CT_TBUS, CT_TGEN, CT_TBRCH, CT_TAREABUS, ...
    CT_TAREAGEN, CT_TAREABRCH, CT_ROW, CT_COL, CT_CHGTYPE, CT_REP, ...
    CT_REL, CT_ADD, CT_NEWVAL, CT_TLOAD, CT_TAREALOAD, CT_LOAD_ALL_PQ, ...
    CT_LOAD_FIX_PQ, CT_LOAD_DIS_PQ, CT_LOAD_ALL_P, CT_LOAD_FIX_P, ...
    CT_LOAD_DIS_P, CT_TGENCOST, CT_TAREAGENCOST, CT_MODCOST_F, ...
    CT_MODCOST_X] = idx_ct;

solarprofile = struct( ...
    'type', 'mpcData', ...
    'table', CT_TGEN, ...
    'rows', [1:12], ...
    'col', PMAX, ...
    'chgtype', 1, ...
    'values', [] );
solarprofile.values(:,1,:) = [
	0.0 0.0 0.0 0.0 0.0 0.0 0.0 0.0 0.0 0.0 0.0 0.0;
	0.0 0.0 0.0 0.0 0.0 0.0 0.0 0.0 0.0 0.0 0.0 0.0;
	0.0 0.0 0.0 0.0 0.0 0.0 0.0 0.0 0.0 0.0 0.0 0.0;
	0.0 0.0 0.0 0.0 0.0 0.0 0.0 0.0 0.0 0.0 0.0 0.0;
	0.0 0.0 0.0 0.0 0.0 0.0 0.0 0.0 0.0 0.0 0.0 0.0;
	0.4174 0.3585 0.3153 0.0 0.0 0.2658 0.0332 0.1578 0.0956 0.0 0.0 0.0;
	4.1591 2.8061 2.3118 2.088 2.0947 143.3523 17.919 33.9679 73.7572 29.2063 106.1999 52.8928;
	8.1912 3.9289 2.8768 2.6829 1.4522 82.0958 10.262 45.4006 90.0707 32.674 94.0404 59.1728;
	11.8184 4.8229 2.9627 2.9041 1.1848 43.8934 5.4867 40.2902 53.8299 39.5772 85.9676 71.6746;
	15.0204 9.4323 6.6162 6.4723 8.6927 23.5429 2.9429 12.3969 14.0993 138.9451 50.7759 251.6304;
	17.8726 13.0101 10.3378 6.5943 9.1973 30.1571 3.7696 12.2884 20.1046 166.5796 135.6622 301.6767;
	16.7989 12.9289 11.1547 6.7789 9.8516 26.0954 3.2619 11.777 27.1096 193.2398 153.8895 349.9585;
	6.7938 4.9366 6.5195 10.2415 8.6539 62.2579 7.7822 10.6186 111.3008 219.7705 61.7929 398.0056;
	5.7209 3.7432 4.1802 9.9322 8.6345 87.2255 10.9032 8.4937 152.8569 232.8598 41.9746 421.7106;
	4.9248 2.773 3.421 7.9899 8.6027 104.4056 13.0507 7.4872 182.9635 223.833 31.4471 405.3628;
	3.3813 1.7999 1.6837 4.4259 7.8902 163.0537 20.3817 13.3021 239.0434 31.0515 8.3733 56.2345;
	0.7186 0.5645 0.4705 1.2791 2.5454 52.2563 6.532 6.6154 61.367 5.5826 4.1282 10.1102;
	0.0 0.0 0.0 0.0 0.0 0.0 0.0 0.0 0.0 0.0 0.0 0.0;
	0.0 0.0 0.0 0.0 0.0 0.0 0.0 0.0 0.0 0.0 0.0 0.0;
	0.0 0.0 0.0 0.0 0.0 0.0 0.0 0.0 0.0 0.0 0.0 0.0;
	0.0 0.0 0.0 0.0 0.0 0.0 0.0 0.0 0.0 0.0 0.0 0.0;
	0.0 0.0 0.0 0.0 0.0 0.0 0.0 0.0 0.0 0.0 0.0 0.0;
	0.0 0.0 0.0 0.0 0.0 0.0 0.0 0.0 0.0 0.0 0.0 0.0;
	0.0 0.0 0.0 0.0 0.0 0.0 0.0 0.0 0.0 0.0 0.0 0.0;
];
