function loadprofile = ex_load_profilesh1
%EX_LOAD_PROFILE  Example load profile data file for stochastic unit commitment.
% 2022.03.12
% Andres F. Ramirez

%% define constants
[CT_LABEL, CT_PROB, CT_TABLE, CT_TBUS, CT_TGEN, CT_TBRCH, CT_TAREABUS, ...
    CT_TAREAGEN, CT_TAREABRCH, CT_ROW, CT_COL, CT_CHGTYPE, CT_REP, ...
    CT_REL, CT_ADD, CT_NEWVAL, CT_TLOAD, CT_TAREALOAD, CT_LOAD_ALL_PQ, ...
    CT_LOAD_FIX_PQ, CT_LOAD_DIS_PQ, CT_LOAD_ALL_P, CT_LOAD_FIX_P, ...
    CT_LOAD_DIS_P, CT_TGENCOST, CT_TAREAGENCOST, CT_MODCOST_F, ...
    CT_MODCOST_X] = idx_ct;

loadprofile = struct( ...
    'type', 'mpcData', ...
    'table', CT_TAREALOAD, ...
    'rows', [1:11], ...
    'col', CT_LOAD_ALL_P, ...
    'chgtype', 1, ...
    'values', [] );
loadprofile.values(:,1,:) = [
	1401.7304 847.2472 1389.8774 491.8975 693.9089 1072.0957 764.2767 231.1 510.9887 4434.0214 1630.6218;
	1407.8878 852.0 1444.6299 501.2 698.7 1059.5933 754.8113 228.4111 499.4 4372.7729 1603.6631;
	1418.233 866.6533 1465.2 509.9968 696.1017 1067.9097 771.2846 232.6 489.7 4381.6212 1624.7422;
	1448.2713 905.5231 1556.2154 525.0765 765.5 1123.9045 825.2374 262.0 531.9 4626.4383 1757.1034;
	1588.311 1013.44 1732.6922 578.2857 879.9 1299.7757 934.8016 298.2859 608.4895 5109.088 1975.8667;
	1767.5071 1122.2936 1888.0346 588.3 935.5222 1369.2176 1015.5723 321.5 693.0 5687.1803 2167.9869;
	1871.6719 1193.6634 1972.6588 578.3 976.4 1397.6 1052.3 316.707 721.1272 6025.0947 2230.6;
	1897.1579 1219.0499 1992.3357 569.663 948.4246 1379.0939 1088.2821 334.8 712.9575 6233.2061 2201.8692;
	1920.3346 1235.7025 1994.6049 557.8 989.2326 1366.9008 1094.2755 320.7471 703.0744 6291.7501 2243.6265;
	1956.5394 1238.3329 1986.8664 567.8278 980.4 1301.7189 1097.3248 327.61 691.8721 6347.62 2162.1354;
	1916.6187 1239.4806 1983.3215 572.1791 996.8741 1275.9147 1076.4976 345.9467 708.1554 6512.1014 2271.9945;
	1913.4024 1288.9208 1999.1876 573.8016 982.3065 1314.5 1147.6316 349.4469 714.2781 6425.8569 2319.3423;
	1934.9872 1284.5949 1991.1218 566.413 978.3979 1282.7342 1110.3021 354.216 692.4057 6606.4673 2339.5147;
	1825.2118 1194.6709 1840.5781 574.1457 907.4 1230.816 1075.5 350.1669 701.3699 6423.6013 2300.1847;
	1843.9111 1213.6452 1896.5956 556.9044 880.7495 1257.8 1054.0786 334.0816 683.5158 6414.7364 2244.8563;
	1847.2591 1206.0424 1869.6211 566.2967 895.2 1299.7 1070.8739 331.5 691.5273 6436.7701 2290.6639;
	1789.1182 1222.7315 1900.4803 566.5574 950.9753 1327.4 1096.1784 349.6089 698.9648 6378.6965 2281.6772;
	1843.2847 1262.3989 1936.2251 583.3538 1008.9488 1371.2213 1102.6 356.1887 711.2859 6161.0046 2345.1663;
	1870.7024 1244.9482 1947.4397 576.7185 972.1753 1355.0684 1110.9195 337.4206 701.7356 5893.8418 2340.8008;
	1827.2194 1182.3166 1851.7155 570.8626 916.4 1297.2311 1074.218 323.5334 672.5433 5699.8197 2235.8569;
	1792.2546 1107.8 1781.8909 556.8948 908.9728 1202.7512 999.7205 307.5822 633.6048 5359.6958 2104.773;
	1658.9626 1019.7392 1654.3 549.6 837.355 1108.4462 918.5 291.359 576.9227 5047.366 1935.1864;
	1537.3075 960.8332 1624.3425 554.1524 802.0943 1152.0712 894.538 271.6717 541.9015 5137.1055 1823.6894;
	1530.4188 937.8368 1586.7258 553.1109 762.0 1110.9415 863.6574 279.3825 523.4981 4707.6884 1730.5502;
];
