function solarprofile = ex_solar_profilesh1
%EX_WIND_PROFILE_D  Example wind_load_nyiso profile data for deterministic unit commitment.
% 2022.03.12
% Andres F. Ramirez


%% define constants
[GEN_BUS, PG, QG, QMAX, QMIN, VG, MBASE, GEN_STATUS, PMAX, PMIN, ...
    MU_PMAX, MU_PMIN, MU_QMAX, MU_QMIN, PC1, PC2, QC1MIN, QC1MAX, ...
    QC2MIN, QC2MAX, RAMP_AGC, RAMP_10, RAMP_30, RAMP_Q, APF] = idx_gen;
[CT_LABEL, CT_PROB, CT_TABLE, CT_TBUS, CT_TGEN, CT_TBRCH, CT_TAREABUS, ...
    CT_TAREAGEN, CT_TAREABRCH, CT_ROW, CT_COL, CT_CHGTYPE, CT_REP, ...
    CT_REL, CT_ADD, CT_NEWVAL, CT_TLOAD, CT_TAREALOAD, CT_LOAD_ALL_PQ, ...
    CT_LOAD_FIX_PQ, CT_LOAD_DIS_PQ, CT_LOAD_ALL_P, CT_LOAD_FIX_P, ...
    CT_LOAD_DIS_P, CT_TGENCOST, CT_TAREAGENCOST, CT_MODCOST_F, ...
    CT_MODCOST_X] = idx_ct;

solarprofile = struct( ...
    'type', 'mpcData', ...
    'table', CT_TGEN, ...
    'rows', [1:12], ...
    'col', PMAX, ...
    'chgtype', 1, ...
    'values', [] );
solarprofile.values(:,1,:) = [
	0.0 0.0 0.0 0.0 0.0 0.0 0.0 0.0 0.0 0.0 0.0 0.0;
	0.0 0.0 0.0 0.0 0.0 0.0 0.0 0.0 0.0 0.0 0.0 0.0;
	0.0 0.0 0.0 0.0 0.0 0.0 0.0 0.0 0.0 0.0 0.0 0.0;
	0.0 0.0 0.0 0.0 0.0 0.0 0.0 0.0 0.0 0.0 0.0 0.0;
	0.0 0.0 0.0 0.0 0.0 0.0 0.0 0.0 0.0 0.0 0.0 0.0;
	0.42 0.3792 0.3036 0.0 0.0 0.1765 0.0221 0.1431 0.0956 0.0 0.0 0.0;
	4.229 4.7089 3.1738 1.2923 0.9693 36.3129 4.5391 4.2166 34.0936 3.3584 0.0 6.0821;
	3.7713 6.0138 4.9948 1.7495 1.0951 139.693 17.4616 7.1984 113.4457 30.5947 29.6196 55.4071;
	2.686 5.9831 4.0955 2.0163 1.1973 190.9566 23.8696 7.1034 156.6458 99.1407 111.2023 179.5445;
	3.6708 7.7722 4.9195 5.7487 8.9601 153.0678 19.1335 4.4153 127.2297 197.8501 82.7066 358.3077;
	8.7193 11.8837 7.2401 10.7415 9.4351 105.3212 13.1652 8.0421 119.3396 203.3215 91.6457 368.2165;
	11.8253 12.7959 8.7233 11.2082 9.9428 75.9496 9.4937 13.5521 113.8759 154.3153 108.5911 279.4659;
	8.9878 8.6099 7.6649 11.087 5.0633 151.2619 18.9077 18.6399 179.1684 33.5429 63.6597 60.7464;
	7.8587 7.0229 6.4499 9.9603 3.3066 173.7 21.7125 16.3859 179.3871 29.9957 51.4159 54.3223;
	5.7205 5.1483 5.1405 5.2023 3.2449 164.1769 20.5221 15.8256 156.782 29.7239 26.0972 53.8302;
	2.3132 1.8664 2.1825 1.9925 3.1314 210.5501 26.3188 20.3814 135.7325 4.5597 1.516 8.2577;
	0.6469 0.6048 0.5645 1.6011 2.2475 67.5186 8.4398 8.8853 46.3943 0.0 4.1101 0.0;
	0.0 0.0 0.0 0.0 0.0 0.0 0.0 0.0 0.0 0.0 0.0 0.0;
	0.0 0.0 0.0 0.0 0.0 0.0 0.0 0.0 0.0 0.0 0.0 0.0;
	0.0 0.0 0.0 0.0 0.0 0.0 0.0 0.0 0.0 0.0 0.0 0.0;
	0.0 0.0 0.0 0.0 0.0 0.0 0.0 0.0 0.0 0.0 0.0 0.0;
	0.0 0.0 0.0 0.0 0.0 0.0 0.0 0.0 0.0 0.0 0.0 0.0;
	0.0 0.0 0.0 0.0 0.0 0.0 0.0 0.0 0.0 0.0 0.0 0.0;
	0.0 0.0 0.0 0.0 0.0 0.0 0.0 0.0 0.0 0.0 0.0 0.0;
];
