function solarprofile = ex_solar_profilesh1
%EX_WIND_PROFILE_D  Example wind_load_nyiso profile data for deterministic unit commitment.
% 2022.03.12
% Andres F. Ramirez


%% define constants
[GEN_BUS, PG, QG, QMAX, QMIN, VG, MBASE, GEN_STATUS, PMAX, PMIN, ...
    MU_PMAX, MU_PMIN, MU_QMAX, MU_QMIN, PC1, PC2, QC1MIN, QC1MAX, ...
    QC2MIN, QC2MAX, RAMP_AGC, RAMP_10, RAMP_30, RAMP_Q, APF] = idx_gen;
[CT_LABEL, CT_PROB, CT_TABLE, CT_TBUS, CT_TGEN, CT_TBRCH, CT_TAREABUS, ...
    CT_TAREAGEN, CT_TAREABRCH, CT_ROW, CT_COL, CT_CHGTYPE, CT_REP, ...
    CT_REL, CT_ADD, CT_NEWVAL, CT_TLOAD, CT_TAREALOAD, CT_LOAD_ALL_PQ, ...
    CT_LOAD_FIX_PQ, CT_LOAD_DIS_PQ, CT_LOAD_ALL_P, CT_LOAD_FIX_P, ...
    CT_LOAD_DIS_P, CT_TGENCOST, CT_TAREAGENCOST, CT_MODCOST_F, ...
    CT_MODCOST_X] = idx_ct;

solarprofile = struct( ...
    'type', 'mpcData', ...
    'table', CT_TGEN, ...
    'rows', [1:12], ...
    'col', PMAX, ...
    'chgtype', 1, ...
    'values', [] );
solarprofile.values(:,1,:) = [
	0.0 0.0 0.0 0.0 0.0 0.0 0.0 0.0 0.0 0.0 0.0 0.0;
	0.0 0.0 0.0 0.0 0.0 0.0 0.0 0.0 0.0 0.0 0.0 0.0;
	0.0 0.0 0.0 0.0 0.0 0.0 0.0 0.0 0.0 0.0 0.0 0.0;
	0.0 0.0 0.0 0.0 0.0 0.0 0.0 0.0 0.0 0.0 0.0 0.0;
	0.0 0.0 0.0 0.0 0.0 0.0 0.0 0.0 0.0 0.0 0.0 0.0;
	0.4095 0.3481 0.302 0.0 0.0 0.2666 0.0333 0.1431 0.0956 0.0 0.0 0.0;
	3.8685 2.9664 2.4426 2.9874 2.2587 26.4546 3.3068 7.8274 44.4489 42.2722 30.5198 76.5553;
	7.9872 6.6066 4.888 3.8195 4.6111 115.2344 14.4043 15.7082 85.7308 144.3231 133.0589 261.3699;
	10.4399 9.8679 5.7692 5.8571 6.6302 191.9748 23.9969 22.234 121.0679 250.6436 164.7358 453.917;
	14.5354 11.3884 10.4042 11.7552 13.4277 226.6878 28.336 19.5234 116.0885 326.4628 159.5338 591.2261;
	17.774 13.1656 11.7443 11.4661 12.6528 243.6369 30.4546 27.4684 90.9892 288.6372 172.7012 522.7238;
	18.2229 13.0687 11.9627 11.3634 12.0676 216.6589 27.0824 28.744 57.2964 281.1924 193.4065 509.2411;
	10.0615 6.2644 8.467 11.6523 9.5584 151.0398 18.88 20.7416 100.2426 298.8774 248.7525 541.2687;
	8.1588 5.9111 6.7729 11.6543 9.4975 86.2683 10.7835 11.3356 101.0564 316.265 252.7224 572.7578;
	6.4356 4.0639 5.2992 11.3709 8.9992 46.8849 5.8606 5.3995 76.5502 273.0815 241.5293 494.5522;
	3.0393 1.9538 2.6313 7.7453 4.6006 42.9876 5.3734 0.2293 35.0645 23.1181 42.2509 41.8669;
	0.7037 0.7119 0.6919 1.3574 1.7148 53.4861 6.6858 3.6686 40.9412 5.28 11.8735 9.5622;
	0.0 0.0 0.0 0.0 0.0 0.0 0.0 0.0 0.0 0.0 0.0 0.0;
	0.0 0.0 0.0 0.0 0.0 0.0 0.0 0.0 0.0 0.0 0.0 0.0;
	0.0 0.0 0.0 0.0 0.0 0.0 0.0 0.0 0.0 0.0 0.0 0.0;
	0.0 0.0 0.0 0.0 0.0 0.0 0.0 0.0 0.0 0.0 0.0 0.0;
	0.0 0.0 0.0 0.0 0.0 0.0 0.0 0.0 0.0 0.0 0.0 0.0;
	0.0 0.0 0.0 0.0 0.0 0.0 0.0 0.0 0.0 0.0 0.0 0.0;
	0.0 0.0 0.0 0.0 0.0 0.0 0.0 0.0 0.0 0.0 0.0 0.0;
];
