function solarprofile = ex_solar_profilesh1
%EX_WIND_PROFILE_D  Example wind_load_nyiso profile data for deterministic unit commitment.
% 2022.03.12
% Andres F. Ramirez


%% define constants
[GEN_BUS, PG, QG, QMAX, QMIN, VG, MBASE, GEN_STATUS, PMAX, PMIN, ...
    MU_PMAX, MU_PMIN, MU_QMAX, MU_QMIN, PC1, PC2, QC1MIN, QC1MAX, ...
    QC2MIN, QC2MAX, RAMP_AGC, RAMP_10, RAMP_30, RAMP_Q, APF] = idx_gen;
[CT_LABEL, CT_PROB, CT_TABLE, CT_TBUS, CT_TGEN, CT_TBRCH, CT_TAREABUS, ...
    CT_TAREAGEN, CT_TAREABRCH, CT_ROW, CT_COL, CT_CHGTYPE, CT_REP, ...
    CT_REL, CT_ADD, CT_NEWVAL, CT_TLOAD, CT_TAREALOAD, CT_LOAD_ALL_PQ, ...
    CT_LOAD_FIX_PQ, CT_LOAD_DIS_PQ, CT_LOAD_ALL_P, CT_LOAD_FIX_P, ...
    CT_LOAD_DIS_P, CT_TGENCOST, CT_TAREAGENCOST, CT_MODCOST_F, ...
    CT_MODCOST_X] = idx_ct;

solarprofile = struct( ...
    'type', 'mpcData', ...
    'table', CT_TGEN, ...
    'rows', [1:12], ...
    'col', PMAX, ...
    'chgtype', 1, ...
    'values', [] );
solarprofile.values(:,1,:) = [
	0.0 0.0 0.0 0.0 0.0 0.0 0.0 0.0 0.0 0.0 0.0 0.0;
	0.0 0.0 0.0 0.0 0.0 0.0 0.0 0.0 0.0 0.0 0.0 0.0;
	0.0 0.0 0.0 0.0 0.0 0.0 0.0 0.0 0.0 0.0 0.0 0.0;
	0.0 0.0 0.0 0.0 0.0 0.0 0.0 0.0 0.0 0.0 0.0 0.0;
	0.0 0.0 0.0 0.0 0.0 0.0 0.0 0.0 0.0 0.0 0.0 0.0;
	0.4095 0.3481 0.302 0.0 0.0 0.1765 0.0221 0.1431 0.0956 0.0 0.0 0.0;
	1.9241 0.5244 0.7081 0.3934 1.5476 58.4012 7.3001 6.2208 74.0296 43.9123 31.3702 79.5254;
	4.691 1.385 3.4983 1.0571 2.9639 152.7523 19.094 26.4785 139.7567 72.3876 70.7565 131.0944;
	8.0238 3.3936 6.0572 3.6668 3.8866 208.4669 26.0584 42.9222 166.4415 71.5837 73.7972 129.6385;
	14.8834 11.7163 11.2084 11.3506 12.2104 275.3629 34.4204 36.3672 154.2055 33.3992 27.9422 60.4862;
	16.4103 13.4492 11.5887 11.2648 10.8043 219.2196 27.4024 27.6904 113.8269 90.0323 77.1264 163.049;
	16.7596 14.0266 11.6736 11.2127 10.0812 193.2597 24.1575 20.5532 58.3399 230.1234 154.8711 416.7549;
	15.9418 14.9616 12.0705 10.9579 8.0013 335.8305 41.9788 28.4469 131.94 196.0172 135.2382 354.9883;
	16.054 15.0079 13.2384 10.4946 8.1748 395.7465 49.4683 34.2066 183.3438 116.5068 113.8457 210.9945;
	14.2415 14.0688 12.4096 9.0764 7.4328 434.7812 54.3477 42.1428 205.5533 43.281 57.532 78.3822;
	2.6932 2.4717 4.6903 5.3995 2.9308 452.6098 56.5762 45.2061 243.4041 8.2673 0.0 14.9721;
	0.3777 0.3574 0.5149 1.4928 1.2781 81.1054 10.1382 7.469 55.8978 10.0417 2.0857 18.1857;
	0.0 0.0 0.0 0.0 0.0 0.0 0.0 0.0 0.0 0.0 0.0 0.0;
	0.0 0.0 0.0 0.0 0.0 0.0 0.0 0.0 0.0 0.0 0.0 0.0;
	0.0 0.0 0.0 0.0 0.0 0.0 0.0 0.0 0.0 0.0 0.0 0.0;
	0.0 0.0 0.0 0.0 0.0 0.0 0.0 0.0 0.0 0.0 0.0 0.0;
	0.0 0.0 0.0 0.0 0.0 0.0 0.0 0.0 0.0 0.0 0.0 0.0;
	0.0 0.0 0.0 0.0 0.0 0.0 0.0 0.0 0.0 0.0 0.0 0.0;
	0.0 0.0 0.0 0.0 0.0 0.0 0.0 0.0 0.0 0.0 0.0 0.0;
];
