function solarprofile = ex_solar_profilesh1
%EX_WIND_PROFILE_D  Example wind_load_nyiso profile data for deterministic unit commitment.
% 2022.03.12
% Andres F. Ramirez


%% define constants
[GEN_BUS, PG, QG, QMAX, QMIN, VG, MBASE, GEN_STATUS, PMAX, PMIN, ...
    MU_PMAX, MU_PMIN, MU_QMAX, MU_QMIN, PC1, PC2, QC1MIN, QC1MAX, ...
    QC2MIN, QC2MAX, RAMP_AGC, RAMP_10, RAMP_30, RAMP_Q, APF] = idx_gen;
[CT_LABEL, CT_PROB, CT_TABLE, CT_TBUS, CT_TGEN, CT_TBRCH, CT_TAREABUS, ...
    CT_TAREAGEN, CT_TAREABRCH, CT_ROW, CT_COL, CT_CHGTYPE, CT_REP, ...
    CT_REL, CT_ADD, CT_NEWVAL, CT_TLOAD, CT_TAREALOAD, CT_LOAD_ALL_PQ, ...
    CT_LOAD_FIX_PQ, CT_LOAD_DIS_PQ, CT_LOAD_ALL_P, CT_LOAD_FIX_P, ...
    CT_LOAD_DIS_P, CT_TGENCOST, CT_TAREAGENCOST, CT_MODCOST_F, ...
    CT_MODCOST_X] = idx_ct;

solarprofile = struct( ...
    'type', 'mpcData', ...
    'table', CT_TGEN, ...
    'rows', [1:12], ...
    'col', PMAX, ...
    'chgtype', 1, ...
    'values', [] );
solarprofile.values(:,1,:) = [
	0.0 0.0 0.0 0.0 0.0 0.0 0.0 0.0 0.0 0.0 0.0 0.0;
	0.0 0.0 0.0 0.0 0.0 0.0 0.0 0.0 0.0 0.0 0.0 0.0;
	0.0 0.0 0.0 0.0 0.0 0.0 0.0 0.0 0.0 0.0 0.0 0.0;
	0.0 0.0 0.0 0.0 0.0 0.0 0.0 0.0 0.0 0.0 0.0 0.0;
	0.0 0.0 0.0 0.0 0.0 0.0 0.0 0.0 0.0 0.0 0.0 0.0;
	0.503 0.3709 0.3236 0.0 0.0 1.3132 0.1642 0.1431 0.0956 0.0 0.0 0.0;
	3.2159 0.646 0.6715 1.7352 0.503 71.9222 8.9903 7.6611 29.3226 28.6864 14.7788 51.9512;
	2.551 0.3049 0.405 4.0622 2.1872 63.9194 7.9899 8.5526 52.0627 32.5884 22.3965 59.0178;
	4.0816 1.0106 0.8789 5.1802 3.9059 62.1661 7.7708 11.2926 61.6091 43.8402 26.3533 79.3948;
	14.407 11.231 7.8101 10.093 12.1477 80.3321 10.0415 18.1105 91.6854 172.7059 34.3542 312.7714;
	17.0352 13.3704 11.217 10.9692 10.7595 95.2251 11.9031 24.0055 125.0881 259.3287 46.5036 469.6459;
	17.2528 13.2727 11.7125 11.0846 9.8048 97.3838 12.173 26.0743 149.5619 279.6144 62.0471 506.3834;
	13.1736 11.3706 11.0541 9.7572 2.7896 203.0362 25.3795 28.4992 236.1785 249.5482 115.2831 451.9334;
	9.3491 10.5904 9.4459 6.7736 2.4066 189.9064 23.7383 23.8546 233.3615 220.8486 113.863 399.9582;
	7.3292 9.4593 6.5315 3.9628 1.7222 155.3438 19.418 19.9614 204.4482 181.2864 82.6445 328.3108;
	2.0635 2.0146 1.7405 1.227 0.6576 130.344 16.293 16.9524 136.0937 21.2127 2.1736 38.4163;
	0.3236 0.2642 0.2753 1.1241 1.2178 52.349 6.5436 4.1892 43.824 3.9 0.0 7.063;
	0.0 0.0 0.0 0.0 0.0 0.0 0.0 0.0 0.0 0.0 0.0 0.0;
	0.0 0.0 0.0 0.0 0.0 0.0 0.0 0.0 0.0 0.0 0.0 0.0;
	0.0 0.0 0.0 0.0 0.0 0.0 0.0 0.0 0.0 0.0 0.0 0.0;
	0.0 0.0 0.0 0.0 0.0 0.0 0.0 0.0 0.0 0.0 0.0 0.0;
	0.0 0.0 0.0 0.0 0.0 0.0 0.0 0.0 0.0 0.0 0.0 0.0;
	0.0 0.0 0.0 0.0 0.0 0.0 0.0 0.0 0.0 0.0 0.0 0.0;
	0.0 0.0 0.0 0.0 0.0 0.0 0.0 0.0 0.0 0.0 0.0 0.0;
];
