function loadprofile = ex_load_profilesh1
%EX_LOAD_PROFILE  Example load profile data file for stochastic unit commitment.
% 2022.03.12
% Andres F. Ramirez

%% define constants
[CT_LABEL, CT_PROB, CT_TABLE, CT_TBUS, CT_TGEN, CT_TBRCH, CT_TAREABUS, ...
    CT_TAREAGEN, CT_TAREABRCH, CT_ROW, CT_COL, CT_CHGTYPE, CT_REP, ...
    CT_REL, CT_ADD, CT_NEWVAL, CT_TLOAD, CT_TAREALOAD, CT_LOAD_ALL_PQ, ...
    CT_LOAD_FIX_PQ, CT_LOAD_DIS_PQ, CT_LOAD_ALL_P, CT_LOAD_FIX_P, ...
    CT_LOAD_DIS_P, CT_TGENCOST, CT_TAREAGENCOST, CT_MODCOST_F, ...
    CT_MODCOST_X] = idx_ct;

loadprofile = struct( ...
    'type', 'mpcData', ...
    'table', CT_TAREALOAD, ...
    'rows', [1:11], ...
    'col', CT_LOAD_ALL_P, ...
    'chgtype', 1, ...
    'values', [] );
loadprofile.values(:,1,:) = [
	1390.5 844.7495 1435.5386 544.6087 695.8732 1015.2 777.5126 192.4798 471.5739 4085.071 1632.4702;
	1394.4597 845.6734 1432.6696 550.5541 696.9795 1021.9809 756.4067 187.7294 460.0772 4092.1764 1596.5;
	1417.9188 860.36 1449.4799 551.2612 731.8719 1040.2728 785.8485 201.2631 477.5 4097.9813 1666.5;
	1507.512 911.7326 1544.1026 564.0 789.5261 1088.1828 817.3 212.227 509.9 4191.0246 1718.0438;
	1633.477 1013.0018 1703.734 577.7828 880.5433 1221.4473 904.1149 234.0098 590.2 4653.631 1864.0613;
	1740.5707 1068.3905 1845.7283 597.0 963.5805 1319.7554 973.1077 282.794 666.8112 5312.9433 2016.543;
	1803.7 1121.5 1883.5288 593.015 973.707 1336.3207 968.408 290.3788 685.3252 5694.3434 2127.9457;
	1811.6 1145.1676 1911.5718 568.2371 983.868 1357.2506 990.6966 295.0259 700.9 5939.5394 2141.9755;
	1858.7 1125.0628 1890.0793 555.6863 995.9883 1381.9383 1070.0384 317.6882 698.1716 6055.1711 2294.9736;
	1904.7626 1151.4951 1897.9392 545.3 1002.7239 1319.8589 1127.2537 327.4206 725.2529 6170.6358 2412.2531;
	1875.0417 1096.1261 1792.9337 545.4 951.4451 1264.1 1096.7709 334.6687 708.1963 6179.1056 2339.3101;
	1885.2065 1104.8354 1792.6589 547.6 966.2659 1319.4898 1065.9012 329.4287 689.5105 6042.8456 2281.388;
	1819.0385 1052.7212 1716.121 528.6 899.3581 1231.6982 979.4471 315.4204 673.3323 5915.0482 2209.1879;
	1834.1733 1078.4977 1755.5827 524.6 881.4 1220.7801 997.4942 310.9069 688.7505 5939.4974 2347.8129;
	1816.3034 1103.0244 1757.0335 517.7999 889.2806 1252.9613 1012.4782 317.885 679.1362 5921.4552 2338.185;
	1729.6201 1085.3738 1739.1 524.6 916.8306 1238.6654 1003.6 299.7 662.6 5861.6797 2302.4118;
	1740.7395 1108.303 1768.5694 533.5 925.3576 1268.9196 1003.1482 319.6944 659.1 5671.0189 2347.3416;
	1777.7089 1142.5831 1810.9698 546.4327 957.4765 1312.9174 1058.984 326.6712 687.1775 5796.626 2471.3912;
	1828.567 1167.5712 1806.8643 566.0826 963.7562 1308.9124 1049.2819 316.7874 677.6 5712.025 2457.5168;
	1797.7 1098.2094 1722.247 530.9769 929.9701 1248.6277 1016.6664 312.1348 645.3099 5533.3 2373.492;
	1674.5123 1011.0998 1598.4401 524.6353 875.2479 1140.4335 945.145 296.2553 588.0541 5201.4158 2168.2191;
	1586.9853 937.5456 1527.0306 518.2476 812.3585 1103.2344 902.9217 267.1194 552.4293 4861.9078 1987.2951;
	1573.4388 895.523 1510.7182 516.4942 741.8868 1082.3659 855.7768 258.5135 499.6736 4488.4656 1798.4548;
	1474.1 866.2337 1451.6287 531.2046 732.5806 1035.6673 832.6949 238.9763 497.5479 4429.8038 1730.4113;
];
