function windprofile = ex_wind_profilesh1
%EX_WIND_PROFILE_D  Example wind_load_nyiso profile data for deterministic unit commitment.
% 2022.03.12
% Andres F. Ramirez


%% define constants
[GEN_BUS, PG, QG, QMAX, QMIN, VG, MBASE, GEN_STATUS, PMAX, PMIN, ...
    MU_PMAX, MU_PMIN, MU_QMAX, MU_QMIN, PC1, PC2, QC1MIN, QC1MAX, ...
    QC2MIN, QC2MAX, RAMP_AGC, RAMP_10, RAMP_30, RAMP_Q, APF] = idx_gen;
[CT_LABEL, CT_PROB, CT_TABLE, CT_TBUS, CT_TGEN, CT_TBRCH, CT_TAREABUS, ...
    CT_TAREAGEN, CT_TAREABRCH, CT_ROW, CT_COL, CT_CHGTYPE, CT_REP, ...
    CT_REL, CT_ADD, CT_NEWVAL, CT_TLOAD, CT_TAREALOAD, CT_LOAD_ALL_PQ, ...
    CT_LOAD_FIX_PQ, CT_LOAD_DIS_PQ, CT_LOAD_ALL_P, CT_LOAD_FIX_P, ...
    CT_LOAD_DIS_P, CT_TGENCOST, CT_TAREAGENCOST, CT_MODCOST_F, ...
    CT_MODCOST_X] = idx_ct;

windprofile = struct( ...
    'type', 'mpcData', ...
    'table', CT_TGEN, ...
    'rows', [1:45], ...
    'col', PMAX, ...
    'chgtype', 1, ...
    'values', [] );
windprofile.values(:,1,:) = [
	3.7351 50.4699 87.3381 112.1041 14.6731 33.6423 31.6322 17.4481 2.5759 15.9023 29.3952 43.8519 66.0188 38.2617 204.1188 76.9006 95.4137 101.11 89.7888 68.6348 10.5441 78.4986 23.0613 84.6326 100.2438 73.7233 13.4848 1202.5182 782.7319 782.7319 684.4648 97.162 299.296 176.6662 119.9557 333.9656 1084.4414 256.6685 452.635 268.5101 119.8349 373.2049 207.111 271.7819 1095.7376;
	3.7373 50.4985 88.8263 109.6368 14.835 33.8915 32.3083 17.5553 11.778 13.9832 25.8477 38.5597 58.0514 55.4173 201.2775 75.8301 94.0855 99.7026 90.007 71.1747 10.7694 79.0801 27.6502 81.7097 97.3372 73.9166 12.9716 1213.9209 787.7227 787.7227 740.8971 109.8247 300.0233 183.2038 173.7407 336.095 1203.0128 259.3441 465.3871 260.7246 119.2427 375.9694 207.1415 280.5003 1215.5441;
	3.7134 50.1766 86.8379 108.7083 14.8963 33.2822 32.9234 17.5378 21.3676 14.5014 26.8056 39.9886 60.2027 43.8765 180.332 67.939 84.2947 89.3273 86.1937 71.3706 10.9745 77.6584 24.4641 83.8898 98.458 72.9863 12.8859 1184.7396 743.888 743.888 630.0376 112.0701 287.3122 183.7081 137.5587 317.3922 1178.9282 283.5139 453.2155 263.7269 116.9744 369.2101 211.7145 263.8175 1191.2087;
	3.5438 47.8848 84.7219 108.6575 14.6402 32.1134 31.3972 17.1654 27.0423 28.9205 53.4591 79.7504 120.0638 63.2516 199.4937 75.1581 93.2517 98.819 89.9182 67.9315 10.4657 74.9312 24.2641 80.7529 95.7293 72.4329 12.4871 1246.3035 774.2072 774.2072 742.1481 117.6593 299.7273 174.856 198.3023 330.3284 1171.936 316.3959 444.1267 256.4177 114.6638 356.2444 169.0605 253.9283 1184.1437;
	3.0125 40.7057 88.0427 110.8723 14.7341 29.9343 30.1154 17.4548 26.1272 28.8303 53.2923 79.5016 119.6892 62.5634 200.9096 75.6915 93.9136 99.5203 90.0838 69.673 10.0385 69.8468 69.9478 83.3625 97.1793 71.2312 12.6962 1251.6859 757.024 757.024 645.8806 112.8905 300.2793 179.3386 196.1448 322.9969 1115.4474 312.1402 436.8696 260.3017 114.6302 332.0715 174.2365 260.4099 1127.0666;
	3.5908 48.5199 90.7372 112.332 14.5975 32.4208 17.1996 17.4746 24.3174 28.2117 52.149 77.796 117.1214 45.148 197.9967 74.5941 92.5519 98.0774 59.3234 70.9399 5.7332 75.6485 66.2682 83.8958 97.5577 71.333 13.1843 1210.8876 767.5408 767.5408 679.936 113.8994 197.7445 182.5996 141.5452 327.4841 1135.8178 299.3724 424.6923 261.3152 114.5056 359.6545 156.6372 269.4112 1147.6492;
	3.6657 49.5316 93.0618 116.7874 15.1437 33.6594 13.0268 17.4992 25.6029 28.8695 53.3649 79.61 119.8524 64.9988 199.4304 75.1342 93.2221 98.7876 87.5994 73.2759 4.3423 78.5387 72.1388 85.9292 98.6362 70.6451 13.239 1268.2594 769.7033 769.7033 677.172 107.1364 291.9981 188.6122 203.7801 328.4068 1145.5769 275.3491 397.4338 264.2041 118.6295 373.3953 180.1213 267.3197 1157.51;
	3.841 51.9006 93.283 117.5559 15.0448 33.8655 0.3765 17.8716 1.3367 28.3843 52.4679 78.2718 117.8378 44.8408 196.6843 74.0997 91.9385 97.4273 83.9789 72.5352 0.1255 79.0194 73.0871 84.7616 98.3059 71.4843 13.6023 1292.077 740.8166 740.8166 659.2733 110.6439 279.9296 186.7057 140.5819 316.0817 1167.3399 271.9997 169.2733 263.3193 120.4065 375.681 203.308 283.0748 1179.4997;
	3.8523 52.0536 94.3944 117.5619 15.3025 31.4235 0.003 18.0378 0.0 27.6459 51.1031 76.2357 114.7725 25.6535 197.5499 74.4258 92.3431 97.8561 84.8885 72.2341 0.001 73.3216 73.1404 86.7422 101.2778 71.8607 13.4566 1196.7899 651.697 651.697 643.3079 111.402 282.9618 185.9307 80.4271 278.0574 975.1939 261.4535 4.8402 271.2797 121.0001 348.5916 188.2977 284.042 985.3521;
	3.8138 51.5327 92.9744 116.9318 15.0503 29.4956 0.6169 18.0507 0.0422 24.3373 44.987 67.1118 101.0365 19.6882 190.3656 71.7191 88.9849 94.2974 84.3436 72.7739 0.2056 68.8232 53.7538 86.9382 99.1369 71.6472 12.9621 937.8027 551.5654 551.5654 493.9425 106.2852 281.1453 187.3201 61.7251 235.3346 718.8285 230.124 0.0187 265.5452 119.2366 327.205 158.562 280.5283 726.3163;
	3.6745 49.6508 94.2459 114.8456 15.212 25.1765 3.9622 18.1112 5.8912 29.1461 53.8761 80.3725 121.0003 1.0123 199.8222 75.2819 93.4053 98.9817 73.9765 72.2487 1.3207 58.7452 74.041 87.9555 100.3316 71.8796 13.3682 787.5157 638.8451 638.8451 492.7713 100.6188 246.5883 185.9684 3.1736 272.5739 709.6824 192.6341 0.1546 268.7455 116.9115 279.2915 147.8195 277.5165 717.0749;
	3.561 48.117 94.126 116.8653 15.313 19.4977 5.7766 18.5345 7.6656 27.5654 50.9542 76.0137 114.4382 6.8982 201.673 75.9791 94.2704 99.8985 37.5072 72.215 1.9255 45.4945 73.5246 87.9429 101.8765 73.2019 13.5107 619.8732 691.2852 691.2852 489.3617 106.4183 125.0239 185.8815 21.6269 294.9483 783.8502 196.5712 18.8226 272.8836 119.6419 216.294 144.3217 283.8214 792.0153;
	3.669 49.5768 92.1866 112.6821 15.0498 18.1833 2.6178 17.815 25.7576 24.3181 44.9516 67.0589 100.9568 51.0363 200.1914 75.421 93.5779 99.1646 50.9299 72.3451 0.8726 42.4278 72.344 83.7308 98.8393 70.8157 13.3006 591.0155 655.218 655.218 497.5514 99.4506 169.7664 186.2164 160.0058 279.5597 561.539 226.0883 33.8118 264.7482 118.9339 201.7137 139.8452 271.0464 567.3884;
	3.4041 45.9971 87.5608 109.2717 14.3125 14.1688 0.4198 17.875 18.9535 22.1271 40.9016 61.0171 91.861 36.012 200.9102 75.6917 93.9138 99.5206 53.5235 72.5948 0.1399 33.0606 72.3996 81.5056 96.5021 71.0495 13.0611 489.1928 641.8124 641.8124 458.2983 90.5175 178.4116 186.8592 112.9025 273.84 610.5195 230.947 6.7343 258.4877 115.6825 157.1798 145.4884 263.951 616.8791;
	3.5674 48.2035 86.4097 108.7147 14.6157 15.9933 0.0 17.7864 0.0 24.007 44.3766 66.2011 99.6654 28.5168 196.5403 74.0454 91.8712 97.356 62.6392 72.8105 0.0 37.3177 68.6375 82.3133 96.5407 71.316 13.3079 369.3988 636.1501 636.1501 401.4004 76.5768 208.7973 187.4144 89.4041 271.424 558.2008 213.8749 0.0 258.5912 114.2176 177.4189 159.4768 247.1784 564.0153;
	3.257 44.0095 85.71 110.1438 14.5399 8.7909 0.0 17.5704 0.0133 27.4907 50.8162 75.8078 114.1283 26.393 198.0866 74.628 92.594 98.122 63.7574 73.4805 0.0 20.5122 69.1363 84.2334 96.6955 71.0848 13.4679 422.8417 554.7366 554.7366 394.9398 79.7854 212.5248 189.1389 82.7455 236.6876 487.4371 212.3686 9.1997 259.0059 118.3662 97.5209 154.842 241.6978 492.5145;
	3.0855 41.6913 86.5358 105.9901 14.6051 14.7014 0.2545 18.0721 0.1356 27.0958 50.0861 74.7186 112.4885 37.0964 192.857 72.6577 90.1494 95.5315 64.8828 73.3565 0.0848 34.3033 67.6144 84.6886 99.0897 72.8863 13.3051 930.321 439.2405 439.2405 270.1783 77.3059 216.276 188.8198 116.3021 187.4093 747.8072 217.8306 94.1936 265.4187 116.4001 163.0876 122.2657 245.1046 755.5968;
	3.1792 42.958 90.8548 111.2122 15.2438 21.245 0.0 17.8218 3.6416 27.1095 50.1115 74.7564 112.5454 58.9981 191.953 72.3172 89.7269 95.0837 80.7285 71.8314 0.0 49.5718 69.1452 86.3655 99.4466 73.6357 13.488 1155.7693 556.2212 556.2212 199.7634 62.7558 269.0951 184.8941 184.967 237.3211 977.1658 198.017 93.0915 266.3748 120.6427 235.6784 175.1053 270.7916 987.3446;
