function windprofile = ex_wind_profilesh1
%EX_WIND_PROFILE_D  Example wind_load_nyiso profile data for deterministic unit commitment.
% 2022.03.12
% Andres F. Ramirez


%% define constants
[GEN_BUS, PG, QG, QMAX, QMIN, VG, MBASE, GEN_STATUS, PMAX, PMIN, ...
    MU_PMAX, MU_PMIN, MU_QMAX, MU_QMIN, PC1, PC2, QC1MIN, QC1MAX, ...
    QC2MIN, QC2MAX, RAMP_AGC, RAMP_10, RAMP_30, RAMP_Q, APF] = idx_gen;
[CT_LABEL, CT_PROB, CT_TABLE, CT_TBUS, CT_TGEN, CT_TBRCH, CT_TAREABUS, ...
    CT_TAREAGEN, CT_TAREABRCH, CT_ROW, CT_COL, CT_CHGTYPE, CT_REP, ...
    CT_REL, CT_ADD, CT_NEWVAL, CT_TLOAD, CT_TAREALOAD, CT_LOAD_ALL_PQ, ...
    CT_LOAD_FIX_PQ, CT_LOAD_DIS_PQ, CT_LOAD_ALL_P, CT_LOAD_FIX_P, ...
    CT_LOAD_DIS_P, CT_TGENCOST, CT_TAREAGENCOST, CT_MODCOST_F, ...
    CT_MODCOST_X] = idx_ct;

windprofile = struct( ...
    'type', 'mpcData', ...
    'table', CT_TGEN, ...
    'rows', [1:45], ...
    'col', PMAX, ...
    'chgtype', 1, ...
    'values', [] );
windprofile.values(:,1,:) = [
	3.9531 53.4153 93.7944 119.1905 14.9279 32.5331 30.0405 19.0183 10.5863 16.7151 30.8977 46.0933 69.3932 45.0746 198.1127 74.6378 92.6061 98.1349 84.6781 66.8294 10.0135 75.9106 26.5306 86.9767 103.9456 75.3457 14.0521 1266.103 745.4798 745.4798 707.7788 113.0536 282.2602 172.019 141.3149 318.0714 1099.357 263.1918 437.7824 278.4256 118.1129 360.9007 216.2946 284.7422 1110.8086;
	3.9516 53.3947 94.8822 120.2916 15.0168 34.0265 31.9917 19.0843 12.0879 14.8727 27.4919 41.0125 61.7442 58.6484 194.4257 73.2487 90.8827 96.3085 86.5924 68.3665 10.6639 79.3951 28.9795 87.7505 103.207 75.9276 14.0525 1270.4001 789.4722 789.4722 750.4762 116.7929 288.6413 175.9757 183.8707 336.8415 1229.4934 262.6871 460.3541 276.4473 116.2191 377.4671 216.1283 287.4088 1242.3006;
	3.8614 52.1759 93.4972 117.9429 15.0165 33.8932 32.4386 18.9442 22.7696 15.6575 28.9426 43.1767 65.0022 56.4728 173.8871 65.5109 81.2821 86.1348 85.5033 67.2791 10.8129 79.0842 27.635 88.3814 102.8055 74.2732 13.9023 1224.4442 771.1737 771.1737 741.808 118.7725 285.0111 173.1765 177.0498 329.0341 1212.6396 294.2483 447.1792 275.372 115.9084 375.9889 213.3329 282.6476 1225.2712;
	3.6607 49.464 91.4648 116.4008 14.8391 33.0782 31.8862 18.0316 28.0204 29.0461 53.6912 80.0968 120.5853 64.3444 195.6641 73.7153 91.4616 96.922 87.3746 56.8149 10.6287 77.1824 22.0331 85.6029 98.2615 73.7854 13.0598 1230.5069 778.2484 778.2484 764.6545 115.2631 291.2488 146.2417 201.7283 332.0526 1191.6446 309.4849 456.5146 263.2006 115.6894 366.9471 178.7756 268.1716 1204.0576;
	3.0007 40.5457 90.9983 115.7721 14.8133 30.4661 31.1232 18.0034 26.6371 29.0831 53.7596 80.1987 120.7387 61.3846 201.0027 75.7266 93.9571 99.5665 84.7846 67.5961 10.3744 71.0875 71.8195 85.4256 99.3789 72.3148 13.1648 1251.6837 809.9996 809.9996 753.2886 117.0196 282.6153 173.9925 192.4491 345.5998 1171.7882 304.7436 441.5642 266.1936 117.5287 337.9703 173.2437 271.3901 1183.9943;
	3.6135 48.8266 93.63 113.7243 14.5415 31.859 18.8133 18.567 24.9524 29.727 54.95 81.9746 123.4123 48.0145 200.2183 75.4311 93.5904 99.1779 54.2725 69.8619 6.2711 74.3376 72.815 88.3518 103.4918 73.3644 13.7137 1141.146 776.7441 776.7441 745.8086 116.6049 180.9084 179.8247 150.5319 331.4108 1110.5415 299.3958 440.0965 277.2101 118.9779 353.422 153.7741 272.8791 1122.1096;
	3.5895 48.5014 93.4889 114.2446 14.4985 32.1841 14.1089 18.0736 24.0413 30.0162 55.4846 82.7721 124.6129 63.3795 200.7757 75.6411 93.851 99.454 86.1858 71.7668 4.703 75.0961 72.4235 87.1567 101.1736 71.8018 13.4109 1201.0521 802.929 802.929 723.7358 114.2788 287.2861 184.7281 198.7034 342.583 1144.6587 310.7258 395.3484 271.0008 118.9889 357.0284 166.7229 268.2315 1156.5823;
	3.4867 47.1132 91.4266 111.519 13.9119 31.5059 5.2495 17.6954 0.0 29.2143 54.0022 80.5606 121.2835 40.6757 202.3595 76.2378 94.5913 100.2385 88.2969 72.7255 1.7498 73.5137 73.2745 85.1714 98.4621 70.7774 13.6552 1238.377 802.5054 802.5054 742.4749 117.2836 294.323 187.1956 127.5238 342.4023 1175.7707 329.2087 149.9665 263.7378 119.3632 349.5051 173.088 265.9381 1188.0183;
	3.4716 46.9091 93.6557 115.5545 13.9603 24.2193 10.9372 18.7291 0.4514 29.8883 55.248 82.4191 124.0816 26.3685 202.3956 76.2514 94.6082 100.2564 87.8068 73.5524 3.6457 56.5117 72.3397 85.7219 100.1383 72.3556 14.0203 1123.0347 717.0119 717.0119 758.1633 118.5984 292.6894 189.324 82.6687 305.9251 1055.064 305.1171 0.1302 268.2276 120.6145 268.6727 152.8437 277.9303 1066.0542;
	3.5746 48.3001 93.7436 118.1005 14.8438 27.6122 7.4488 18.7403 9.4104 26.1427 48.3244 72.0905 108.5318 22.9694 202.8412 76.4193 94.8165 100.4772 85.8654 73.7223 2.4829 64.4284 49.9888 86.0285 99.4631 72.2287 13.8405 937.661 630.9361 630.9361 625.2415 117.9928 286.2181 189.7615 72.0123 269.1994 831.4702 268.1208 45.2904 266.419 123.2272 306.3112 152.0619 280.1825 840.1314;
	3.4257 46.2888 94.6094 119.3377 14.6135 22.9183 2.1446 18.8511 0.0 29.3674 54.2853 80.983 121.9194 1.666 204.3439 76.9854 95.5189 101.2215 81.6038 73.9131 0.7149 53.476 73.4668 88.2438 104.1648 72.9743 13.8346 780.2372 652.1949 652.1949 543.6804 119.793 272.0128 190.2526 5.2231 278.2698 768.6925 222.0948 0.003 279.0129 122.374 254.2403 144.9356 271.5853 776.6997;
	3.0475 41.178 94.1443 117.5851 14.2348 16.6209 1.8199 17.8566 0.0 27.2188 50.3136 75.058 112.9994 3.7394 205.4105 77.3872 96.0175 101.7499 42.2206 73.8949 0.6066 38.7822 72.7538 85.8019 102.3031 71.6991 13.2361 514.5903 720.9803 720.9803 539.6506 118.2761 140.7353 190.2055 11.7235 307.6183 832.712 226.9641 0.0 274.0263 122.1891 184.3815 132.988 266.0177 841.3861;
	3.5736 48.287 91.2652 112.3541 14.2045 18.5842 0.5325 17.2965 21.506 21.9274 40.5325 60.4666 91.0321 49.5143 199.8681 75.2992 93.4267 99.0044 58.8307 73.1777 0.1775 43.3632 71.6268 82.3363 99.3716 70.973 13.2233 539.4566 684.7488 684.7488 525.4581 114.2954 196.1023 188.3596 155.2341 292.1595 594.5334 249.2734 0.0855 266.1739 120.9752 206.1612 142.9023 264.8403 600.7265;
	3.5648 48.1679 93.1841 114.0998 14.038 19.6495 6.0953 17.9707 16.6024 20.819 38.4835 57.4099 86.4302 32.1882 203.2786 76.584 95.0209 100.6938 56.2046 72.2519 2.0318 45.8489 67.56 81.9088 98.0976 71.1256 13.3334 457.4169 683.6046 683.6046 515.3442 99.9381 187.3488 185.9766 100.9144 291.6713 656.3907 259.7136 46.3762 262.7614 121.9679 217.9787 154.6625 266.1934 663.2281;
	3.7156 50.2061 92.7022 115.5144 14.5453 19.1477 4.7352 17.7536 0.0 24.8799 45.9901 68.6082 103.2893 11.0615 198.4674 74.7714 92.772 98.3106 68.3839 72.3276 1.5784 44.678 61.3792 84.0699 98.485 71.3791 13.2324 371.1421 665.9846 665.9846 449.9916 89.0801 227.9464 186.1713 34.6792 284.1534 581.6004 249.5241 37.3089 263.799 121.9843 212.412 164.6981 253.9987 587.6587;
	3.2083 43.3515 88.9006 111.6878 14.1335 9.2395 3.1301 17.0536 0.7306 26.9663 49.8468 74.3617 111.9511 20.3151 182.2542 68.6632 85.1933 90.2794 62.1948 72.3872 1.0434 21.5589 69.9619 77.2984 96.701 69.2932 12.6822 408.9643 540.0381 540.0381 399.3463 94.468 207.3159 186.3248 63.6906 230.4163 473.5304 233.2947 11.2316 259.0204 119.774 102.4972 144.5745 239.8053 478.463;
	2.8449 38.4403 89.3251 111.3762 13.9523 17.4263 0.953 17.7457 0.0 27.3044 50.4718 75.294 113.3547 23.5507 193.0788 72.7413 90.2531 95.6414 66.1073 73.5762 0.3177 40.6614 71.7871 84.0281 101.1411 70.5034 13.1838 855.9902 451.769 451.769 280.9794 87.6989 220.3578 189.3852 73.8345 192.7548 769.0129 224.4767 77.1294 270.9137 116.3287 193.3161 117.0301 235.3239 777.0235;
	3.1369 42.3863 91.3065 114.9075 14.2206 22.2725 0.2159 17.7768 0.0 28.4894 52.6623 78.5617 118.2742 33.9468 198.3982 74.7454 92.7396 98.2763 78.076 73.7769 0.072 51.9692 71.494 84.3104 100.3912 70.8146 13.3317 1089.5755 557.2296 557.2296 195.6672 67.596 260.2532 189.902 106.4279 237.7513 947.39 207.3792 110.0006 268.905 116.7713 247.0766 169.9815 263.7185 957.2586;
