function loadprofile = ex_load_profilesh1
%EX_LOAD_PROFILE  Example load profile data file for stochastic unit commitment.
% 2022.03.12
% Andres F. Ramirez

%% define constants
[CT_LABEL, CT_PROB, CT_TABLE, CT_TBUS, CT_TGEN, CT_TBRCH, CT_TAREABUS, ...
    CT_TAREAGEN, CT_TAREABRCH, CT_ROW, CT_COL, CT_CHGTYPE, CT_REP, ...
    CT_REL, CT_ADD, CT_NEWVAL, CT_TLOAD, CT_TAREALOAD, CT_LOAD_ALL_PQ, ...
    CT_LOAD_FIX_PQ, CT_LOAD_DIS_PQ, CT_LOAD_ALL_P, CT_LOAD_FIX_P, ...
    CT_LOAD_DIS_P, CT_TGENCOST, CT_TAREAGENCOST, CT_MODCOST_F, ...
    CT_MODCOST_X] = idx_ct;

loadprofile = struct( ...
    'type', 'mpcData', ...
    'table', CT_TAREALOAD, ...
    'rows', [1:11], ...
    'col', CT_LOAD_ALL_P, ...
    'chgtype', 1, ...
    'values', [] );
loadprofile.values(:,1,:) = [
	1384.258 860.8084 1493.8661 514.4 762.5 1050.8978 787.645 231.3 451.1 4253.4474 1510.3608;
	1394.9237 874.8692 1521.0287 519.8256 778.8187 1082.8205 815.8 252.7422 464.0388 4239.0405 1604.367;
	1419.9538 891.5 1522.17 518.6533 777.4768 1106.2878 823.4 242.1551 479.6288 4250.5536 1611.91;
	1464.9093 956.1 1634.9689 536.5512 844.3583 1186.7 881.0513 270.0336 517.076 4481.0025 1731.1222;
	1594.131 1063.9996 1805.2479 559.4715 933.7 1319.0501 969.1 312.134 590.4254 4946.6574 1955.1671;
	1715.8177 1149.0 1928.5962 585.3 989.6921 1389.4 1023.2256 343.2637 655.9 5511.0015 2093.7;
	1745.3625 1176.1924 1945.2151 585.9 984.7 1373.7509 1027.0 345.919 682.5862 5755.0974 2150.829;
	1797.751 1164.9 1934.8178 563.8512 959.6995 1316.6966 999.9411 340.1815 680.2 5836.6767 2028.1797;
	1809.333 1132.1984 1881.0816 524.4943 911.282 1241.161 980.8358 334.5369 700.4 5791.237 2027.5227;
	1779.6096 1142.4753 1906.3093 532.327 936.7833 1194.523 993.3136 322.6902 690.6874 5921.3696 2064.9969;
	1793.6864 1107.7796 1823.2774 520.3474 884.76 1144.2 921.7793 311.6787 674.1896 5629.4 1979.9834;
	1800.0517 1066.0276 1791.4773 509.421 870.9724 1152.7625 915.8964 308.3064 680.2465 5768.7481 2005.6803;
	1795.4129 1134.9521 1847.7714 511.9979 882.8581 1171.3726 957.697 322.9378 694.2141 5957.0738 1988.4561;
	1722.3 1111.4023 1863.6341 509.4 844.8782 1182.4269 884.8709 302.7801 679.9 5862.7122 1917.96;
	1717.7189 1118.2638 1855.5529 512.3027 841.19 1200.4126 909.6809 296.4307 666.7396 5824.0419 1606.4507;
	1705.1053 1095.217 1878.5 529.7 875.0799 1272.0362 972.457 309.0 662.0875 5808.1413 2095.1909;
	1729.9306 1085.4362 1886.9511 533.5702 920.9856 1306.7579 995.351 335.0898 670.0892 5688.6039 2134.452;
	1798.6151 1121.3 1944.9596 550.9767 942.3565 1364.0466 1043.8763 333.3802 679.4 5489.0893 2230.0018;
	1806.1065 1127.9303 1905.6 561.1628 941.8591 1346.514 1042.4727 333.108 665.2 5374.9824 2204.9989;
	1797.6518 1082.2704 1867.6854 540.0759 911.2 1259.1823 984.7444 302.2686 618.884 5271.8609 2099.0385;
	1731.0074 1026.507 1731.2182 520.389 843.7818 1193.0185 933.8695 281.9 558.3625 5072.3617 2037.024;
	1632.6 983.0288 1637.9 511.8179 803.9 1138.1098 881.2035 276.2622 540.2512 4944.4897 1929.8918;
	1592.0323 936.9592 1680.0509 551.8 778.3 1133.364 864.6 268.1 507.9 4644.3096 1796.2365;
	1558.5875 898.562 1598.7336 549.8 732.479 1085.2841 807.905 234.2 508.6428 4258.5063 1664.4905;
];
