function windprofile = ex_wind_profilesh1
%EX_WIND_PROFILE_D  Example wind_load_nyiso profile data for deterministic unit commitment.
% 2022.03.12
% Andres F. Ramirez


%% define constants
[GEN_BUS, PG, QG, QMAX, QMIN, VG, MBASE, GEN_STATUS, PMAX, PMIN, ...
    MU_PMAX, MU_PMIN, MU_QMAX, MU_QMIN, PC1, PC2, QC1MIN, QC1MAX, ...
    QC2MIN, QC2MAX, RAMP_AGC, RAMP_10, RAMP_30, RAMP_Q, APF] = idx_gen;
[CT_LABEL, CT_PROB, CT_TABLE, CT_TBUS, CT_TGEN, CT_TBRCH, CT_TAREABUS, ...
    CT_TAREAGEN, CT_TAREABRCH, CT_ROW, CT_COL, CT_CHGTYPE, CT_REP, ...
    CT_REL, CT_ADD, CT_NEWVAL, CT_TLOAD, CT_TAREALOAD, CT_LOAD_ALL_PQ, ...
    CT_LOAD_FIX_PQ, CT_LOAD_DIS_PQ, CT_LOAD_ALL_P, CT_LOAD_FIX_P, ...
    CT_LOAD_DIS_P, CT_TGENCOST, CT_TAREAGENCOST, CT_MODCOST_F, ...
    CT_MODCOST_X] = idx_ct;

windprofile = struct( ...
    'type', 'mpcData', ...
    'table', CT_TGEN, ...
    'rows', [1:45], ...
    'col', PMAX, ...
    'chgtype', 1, ...
    'values', [] );
windprofile.values(:,1,:) = [
	3.8438 51.9384 90.5106 120.4308 15.0999 34.5574 31.2651 18.3348 11.331 17.7137 32.7436 48.847 73.5389 45.5471 204.7554 77.1404 95.7112 101.4253 90.1197 73.6284 10.4217 80.634 25.2733 85.9436 102.216 74.3275 13.6525 1252.4541 793.0072 793.0072 746.8831 120.1429 300.399 189.5196 142.7962 338.3497 1151.2166 289.2687 462.6525 273.7927 122.4936 383.3571 205.4861 270.6975 1163.2084;
	3.8192 51.6064 87.8972 113.2772 15.1349 34.194 31.621 17.7512 12.6586 14.8782 27.5022 41.0279 61.7673 62.0176 198.783 74.8904 92.9195 98.4669 89.2649 73.2893 10.5403 79.7859 27.3343 80.8768 95.878 71.8584 13.1119 1241.023 799.1311 799.1311 735.4753 119.8035 297.5497 188.6469 194.4335 340.9626 1234.5409 266.7334 451.4774 256.8162 120.0433 379.325 203.5348 267.0916 1247.4007;
	3.7866 51.1647 87.078 114.7342 15.3204 34.7937 32.3067 18.0093 24.7932 16.1611 29.8735 44.5654 67.0929 61.5107 185.8445 70.0158 86.8715 92.0579 88.238 73.581 10.7689 81.1853 26.9176 83.5661 97.4616 73.5353 13.1731 1211.0404 829.87 829.87 750.2633 118.0495 294.1268 189.3978 192.8444 354.0779 1268.2047 298.8446 457.3591 261.0579 119.0574 385.9782 209.3082 260.5942 1281.4152;
	3.6696 49.5838 87.1058 115.0543 15.1839 34.0042 31.3741 17.8843 28.3445 30.3023 56.0134 83.5609 125.8005 66.3855 194.9673 73.4528 91.1359 96.5768 85.7639 73.2775 10.458 79.3431 27.8751 83.4076 97.1578 72.9322 13.2793 1241.2025 852.8027 852.8027 781.9133 121.2608 285.8797 188.6166 208.1274 363.8625 1269.2427 315.8713 471.2267 260.244 118.9281 377.2197 174.8472 255.392 1282.464;
	3.2923 44.4863 89.9252 117.6391 15.1453 32.0539 31.3453 17.9541 28.3148 31.0551 57.4048 85.6367 128.9255 64.3609 197.4187 74.3764 92.2818 97.7911 87.8092 73.7214 10.4484 74.7925 74.2296 85.7495 98.9577 73.1785 13.2546 1263.2115 847.3449 847.3449 790.1659 119.7832 292.6973 189.7592 201.78 361.5338 1207.0428 338.729 472.9338 265.0653 120.3382 355.585 179.5972 263.4542 1219.6162;
	3.7735 50.9886 92.4743 114.7215 15.0278 32.9368 18.5646 17.5758 26.2207 30.8969 57.1125 85.2005 128.2689 48.4674 193.1747 72.7775 90.298 95.6889 55.3184 72.4413 6.1882 76.8525 73.9056 87.3841 99.5947 72.7126 13.2174 1231.0616 810.4211 810.4211 750.3209 118.4803 184.3947 186.4641 151.952 345.7797 1228.9118 318.541 453.6286 266.7715 118.9762 365.3787 157.7439 261.8085 1241.713;
	3.7677 50.9095 91.9991 114.732 14.9494 33.3509 12.651 18.2844 25.746 29.8575 55.1912 82.3343 123.9539 64.5139 191.7193 72.2291 89.6176 94.9679 81.9541 73.1453 4.217 77.8187 69.0479 88.2258 101.4125 74.0594 13.4049 1271.7473 803.5838 803.5838 751.9359 119.7386 273.1805 188.2762 202.2599 342.8624 1239.9707 321.8512 418.7312 271.6407 118.289 369.9724 170.3725 265.3896 1252.8871;
	3.9174 52.9325 93.2995 118.2006 15.37 34.808 2.688 18.2194 18.2161 31.0264 57.3517 85.5575 128.8064 44.3423 201.1669 75.7884 94.0338 99.6478 83.0837 73.8253 0.896 81.2186 73.6003 89.287 101.3159 75.1985 13.584 1264.811 745.2588 745.2588 707.1096 114.8282 276.9457 190.0266 139.0192 317.9771 1227.5844 309.191 180.5151 271.3817 122.0882 386.1362 205.067 277.4366 1240.3717;
	3.8718 52.3164 93.7995 119.2853 15.3581 31.6476 0.0 18.472 7.8964 30.002 55.4582 82.7327 124.5537 26.9098 196.8939 74.1786 92.0364 97.5312 82.546 73.7653 0.0 73.8443 72.1109 89.6917 102.3038 76.1663 13.6191 1136.5077 619.5095 619.5095 657.0427 112.8162 275.1532 189.8722 84.3657 264.3241 999.2872 264.9734 0.5097 274.028 121.8569 351.0769 184.994 275.5481 1009.6964;
	3.9082 52.8085 92.5787 118.4806 15.2119 30.4643 0.2083 18.596 3.0335 25.8764 47.8321 71.3561 107.4262 21.5432 194.8799 73.4199 91.095 96.5335 84.035 73.3407 0.0694 71.0835 48.7276 89.4346 102.3736 75.4181 13.5773 1019.9297 592.3733 592.3733 599.9414 118.364 280.1168 188.7791 67.541 252.7459 834.8255 262.9361 13.4657 274.215 122.045 337.9512 157.7418 277.513 843.5216;
	3.6735 49.6371 93.5036 117.0728 14.8972 25.2351 0.5048 18.6236 0.4547 29.2772 54.1185 80.7342 121.5449 1.2508 201.6289 75.9625 94.2498 99.8766 78.7892 72.212 0.1683 58.8819 71.6702 89.6034 100.9661 75.5851 13.7952 824.4147 663.8104 663.8104 524.1913 116.0344 262.6307 185.8738 3.9214 283.2258 805.3606 210.017 0.0069 270.4449 119.2653 279.9413 147.3285 278.2817 813.7498;
	3.5748 48.3034 93.7793 116.084 15.1646 19.2827 0.0609 17.9815 0.1718 26.3485 48.7048 72.6579 109.3861 5.3926 197.3786 74.3612 92.263 97.7712 36.639 70.6126 0.0203 44.9929 68.3201 88.7246 101.4198 73.2431 13.5583 627.0276 714.3369 714.3369 490.6817 112.2214 122.1301 181.7571 16.9066 304.7838 858.1157 210.5695 18.9261 271.6602 120.1359 213.9089 139.0558 280.9091 867.0544;
	3.77 50.9411 94.9358 118.5447 15.1193 21.338 1.0352 18.0462 25.7306 24.5634 45.405 67.7354 101.9753 55.8396 196.7566 74.1269 91.9723 97.4632 56.334 71.74 0.3451 49.7886 71.0904 89.3267 103.7749 74.7529 13.7709 666.296 719.631 719.631 521.5635 105.6402 187.7799 184.6588 175.0646 307.0425 647.8047 229.1402 29.4978 277.9684 122.3519 236.7091 145.0361 280.6378 654.5527;
	3.6682 49.5649 94.8101 119.7935 15.0529 21.7022 2.1784 18.0369 19.0129 23.2751 43.0237 64.1828 96.6269 43.9676 201.2202 75.8085 94.0587 99.6742 53.4371 73.3451 0.7261 50.6386 69.6222 89.7714 103.3893 73.8249 13.6232 558.9195 700.1151 700.1151 490.1042 92.6109 178.1235 188.7904 137.8443 298.7158 708.8079 237.2955 83.4959 276.9355 121.897 240.7502 154.4185 275.8227 716.1913;
	3.7332 50.4443 94.509 120.1182 15.0833 20.0555 1.9143 18.3148 1.8122 24.975 46.1659 68.8704 103.6841 33.5413 196.1812 73.9101 91.7033 97.1781 63.925 72.0674 0.6381 46.7962 70.735 90.0374 104.6657 73.9474 13.766 400.2686 668.9693 668.9693 428.8828 85.4353 213.0834 185.5018 105.1565 285.4269 611.8898 222.0546 57.8879 280.3546 122.5998 222.4824 160.7106 258.833 618.2636;
	3.3871 45.7673 92.6531 120.1064 14.9583 10.9594 0.6025 18.7572 0.0 27.9256 51.62 77.0069 115.9334 25.9498 190.2384 71.6712 88.9254 94.2344 60.5012 72.8629 0.2008 25.5719 70.3723 89.7088 105.4241 75.5866 14.0233 430.6152 554.6503 554.6503 407.9987 90.1298 201.6707 187.5494 81.356 236.6508 509.9953 202.7417 33.529 282.386 122.6038 121.5759 147.2372 261.3704 515.3077;
	3.1537 42.6135 91.7417 118.614 14.8359 19.467 2.6366 18.6861 0.1207 28.6247 52.9124 78.9349 118.836 34.0271 193.5825 72.9311 90.4885 95.8908 66.3242 70.9845 0.8789 45.423 73.208 88.7584 103.241 74.6374 13.5016 961.896 461.2299 461.2299 288.0309 91.7469 221.0806 182.7142 106.6796 196.7914 837.7909 224.2272 96.4163 276.5383 119.363 215.954 125.9587 265.1662 846.5179;
	2.9722 40.1613 89.4544 113.0134 14.2648 22.446 2.8802 17.7473 1.1195 28.4526 52.5942 78.4602 118.1214 59.1078 188.8071 71.132 88.2564 93.5254 80.5437 70.3352 0.9601 52.3739 71.6789 85.7358 96.6035 71.6505 13.2137 1190.7073 558.6034 558.6034 196.9445 67.7073 268.479 181.0429 185.3109 238.3375 997.0144 193.6408 119.4682 258.7595 117.2035 249.0006 156.6926 272.1775 1007.3999;
