function windprofile = ex_wind_profilesh1
%EX_WIND_PROFILE_D  Example wind_load_nyiso profile data for deterministic unit commitment.
% 2022.03.12
% Andres F. Ramirez


%% define constants
[GEN_BUS, PG, QG, QMAX, QMIN, VG, MBASE, GEN_STATUS, PMAX, PMIN, ...
    MU_PMAX, MU_PMIN, MU_QMAX, MU_QMIN, PC1, PC2, QC1MIN, QC1MAX, ...
    QC2MIN, QC2MAX, RAMP_AGC, RAMP_10, RAMP_30, RAMP_Q, APF] = idx_gen;
[CT_LABEL, CT_PROB, CT_TABLE, CT_TBUS, CT_TGEN, CT_TBRCH, CT_TAREABUS, ...
    CT_TAREAGEN, CT_TAREABRCH, CT_ROW, CT_COL, CT_CHGTYPE, CT_REP, ...
    CT_REL, CT_ADD, CT_NEWVAL, CT_TLOAD, CT_TAREALOAD, CT_LOAD_ALL_PQ, ...
    CT_LOAD_FIX_PQ, CT_LOAD_DIS_PQ, CT_LOAD_ALL_P, CT_LOAD_FIX_P, ...
    CT_LOAD_DIS_P, CT_TGENCOST, CT_TAREAGENCOST, CT_MODCOST_F, ...
    CT_MODCOST_X] = idx_ct;

windprofile = struct( ...
    'type', 'mpcData', ...
    'table', CT_TGEN, ...
    'rows', [1:45], ...
    'col', PMAX, ...
    'chgtype', 1, ...
    'values', [] );
windprofile.values(:,1,:) = [
	3.8857 52.5047 94.4015 120.5232 15.4204 34.674 31.8011 18.0231 11.4491 16.5683 30.6262 45.6883 68.7835 54.5221 205.2574 77.3295 95.9459 101.674 91.3873 73.5064 10.6004 80.9061 23.8145 88.4224 106.0235 74.3136 13.7959 1290.0743 826.9495 826.9495 759.3476 119.3033 304.6245 189.2056 170.934 352.8318 1177.1911 281.4398 471.879 283.9915 119.5755 384.6507 217.3646 280.1721 1189.4535;
	3.8805 52.4344 92.5637 118.621 15.3453 32.9029 31.7507 17.583 11.8198 12.085 22.3389 33.3253 50.1711 63.5506 198.2504 74.6897 92.6705 98.2031 86.5575 73.4726 10.5836 76.7735 15.2754 84.7211 101.9913 71.8888 13.1179 1318.0014 807.6675 807.6675 778.9495 123.3828 288.525 189.1187 199.2397 344.6048 1268.1388 271.1967 472.6642 273.1909 118.8258 365.0032 213.9119 274.3976 1281.3486;
	3.7347 50.4639 88.2116 113.9919 15.0485 29.8168 32.5093 16.2709 22.748 14.6275 27.0387 40.3363 60.7262 59.0229 185.2258 69.7827 86.5823 91.7514 86.0646 71.9214 10.8364 69.5724 25.9345 84.6746 102.2719 71.1914 12.8046 1279.7558 810.301 810.301 766.6251 123.6869 286.8819 185.126 185.0448 345.7284 1255.0242 298.0939 469.2087 273.9426 113.8891 330.7672 205.4821 259.6781 1268.0974;
	3.5898 48.5059 86.783 111.8847 14.9461 30.5397 31.2306 17.0139 27.0594 28.6145 52.8935 78.9067 118.7936 65.1682 197.7434 74.4987 92.4336 97.952 88.1228 69.7691 10.4102 71.2593 21.6857 82.232 99.1995 72.9765 12.7048 1282.8058 799.4344 799.4344 779.8375 123.5484 293.7425 179.5859 204.3112 341.092 1215.515 327.8127 469.676 265.713 114.5916 338.7872 163.3548 253.1327 1228.1766;
	3.1341 42.3488 87.9265 114.9891 14.5846 27.6199 31.485 16.9015 26.816 29.0515 53.7012 80.1117 120.6077 63.4111 200.5467 75.5548 93.7439 99.3406 89.0354 70.616 10.495 64.4464 69.9397 83.2234 99.9539 70.7888 12.7002 1319.7134 816.6277 816.6277 775.2983 122.9563 296.7848 181.7658 198.8023 348.4278 1199.3624 341.403 475.6151 267.7338 115.3245 306.3968 168.3678 260.9809 1211.8558;
	3.6017 48.6667 86.8541 110.5584 14.2562 30.1742 19.7645 17.1667 25.7637 28.7116 53.073 79.1745 119.1968 50.5312 200.202 75.4249 93.5828 99.1698 61.8436 70.5149 6.5882 70.4065 71.6777 82.7307 98.1256 71.7722 13.095 1282.675 818.8725 818.8725 747.4573 123.3374 206.1453 181.5056 158.4221 349.3856 1228.5309 337.0754 469.0651 262.8363 115.1704 334.7327 149.1547 256.8328 1241.3281;
	3.5571 48.064 86.7859 112.1995 14.284 31.7895 14.2234 16.7718 25.9881 28.7289 53.1049 79.222 119.2683 66.0615 194.6397 73.3294 90.9827 96.4145 84.9158 71.6479 4.7411 74.1754 71.6012 85.2793 100.8762 71.3431 13.0428 1309.0819 839.4975 839.4975 727.4614 122.4695 283.0527 184.4218 207.1116 358.1856 1290.4889 331.5881 435.7509 270.2042 116.5485 352.6513 162.5775 261.1009 1303.9315;
	3.5589 48.0884 87.4581 113.8718 13.9989 27.7265 9.7535 16.9393 2.2723 28.07 51.8869 77.4051 116.5329 47.2158 200.7774 75.6417 93.8518 99.4549 87.2138 72.074 3.2512 64.6952 70.7924 83.1957 98.9571 71.2576 13.2208 1345.1438 814.6111 814.6111 744.3863 121.9042 290.7127 185.5186 148.028 347.5674 1315.9194 334.2293 196.5358 265.0637 117.6835 307.5793 164.6275 263.8493 1329.6269;
	3.6371 49.1453 89.5791 115.5973 14.231 29.3199 16.2237 17.3506 0.0669 27.2773 50.4217 75.2192 113.2422 28.8308 193.8676 73.0385 90.6218 96.0321 87.9667 71.1514 5.4079 68.413 68.85 83.7277 101.384 72.4947 13.1407 1281.5356 721.4966 721.4966 757.6697 121.36 293.2222 183.1439 90.3883 307.8385 1130.3326 318.9867 165.5981 271.5644 119.7619 325.2549 168.2169 271.7233 1142.1069;
	3.2559 43.9944 87.0252 112.0707 14.1971 24.3853 0.9794 17.8262 0.0 23.1997 42.8844 63.9751 96.3141 19.5895 188.1912 70.9 87.9685 93.2203 88.386 71.1444 0.3265 56.8991 26.716 85.0957 100.8589 75.0691 13.0981 1076.6535 601.6677 601.6677 578.7228 115.3276 294.6199 183.126 61.4158 256.7116 836.6294 273.2615 3.23 270.1577 118.3225 270.5144 138.0371 276.3766 845.3443;
	3.2259 43.5896 87.3731 110.3642 11.0662 21.8248 3.0177 17.426 0.0 26.0447 48.1433 71.8203 108.1251 0.0004 191.3762 72.0999 89.4572 94.798 80.0866 70.6217 1.0059 50.9246 65.9653 85.4182 100.2795 72.9516 13.3352 895.3479 664.6136 664.6136 524.6594 118.9766 266.9553 181.7804 0.0012 283.5685 770.5527 226.7527 12.7046 268.6057 117.2795 242.1101 121.345 267.7488 778.5793;
	3.237 43.7385 87.4601 112.316 14.2366 15.7464 6.3004 17.8462 1.3345 26.4191 48.8352 72.8526 109.6792 0.0766 197.9724 74.5849 92.5406 98.0654 43.4591 72.0508 2.1001 36.7416 69.7598 84.493 100.7213 73.4063 13.5921 632.6589 694.3443 694.3443 503.8527 111.8776 144.8637 185.459 0.2402 296.2536 809.0097 223.7625 39.8438 269.7892 120.2671 174.6801 125.2966 269.3158 817.4369;
	3.7918 51.2362 90.7462 113.6299 14.3875 20.1595 11.4299 17.5436 25.2931 21.821 40.3358 60.1731 90.5902 51.774 198.7611 74.8821 92.9092 98.4561 60.8326 71.6 3.81 47.0389 68.175 84.4297 103.6944 74.0425 13.7009 616.9597 671.8098 671.8098 513.924 106.3452 202.7754 184.2985 162.3186 286.6389 609.309 237.4918 57.6959 277.753 121.1957 223.6364 146.9335 270.6528 615.656;
	3.676 49.6704 87.6394 110.7486 14.4315 20.2172 7.1077 17.4713 18.0568 22.1627 40.9675 61.1154 92.0089 41.4271 196.8043 74.1449 91.9946 97.4868 55.8237 72.13 2.3692 47.1735 66.9041 81.9965 98.8213 71.8824 13.0667 535.6675 694.6163 694.6163 505.54 94.9601 186.079 185.6627 129.8796 296.3696 717.8298 254.3545 75.5531 264.6999 120.0085 224.2764 162.6487 264.4648 725.3072;
	3.5918 48.5325 88.6226 109.768 14.5991 18.7888 10.507 17.4895 0.2323 24.1098 44.5666 66.4846 100.0921 35.778 193.2419 72.8028 90.3294 95.7222 72.3696 71.3473 3.5023 43.8406 68.7158 83.761 98.5084 72.7064 13.1319 372.7015 652.7886 652.7886 455.4661 83.6255 241.232 183.6481 112.1689 278.5231 597.0994 246.5181 139.7402 263.8617 119.795 208.4309 166.0408 244.539 603.3191;
	3.2416 43.8013 88.0493 113.4022 14.5523 9.6084 4.2764 17.9696 0.0773 27.6462 51.1036 76.2366 114.7737 24.9407 183.4455 69.112 85.7501 90.8695 63.531 70.8678 1.4255 22.4196 70.404 85.6023 102.3467 72.3924 13.6416 430.2887 532.7154 532.7154 384.958 88.1653 211.7701 182.4138 78.1926 227.2919 494.5461 212.3502 5.4012 274.1428 120.9531 106.5889 151.7595 242.8291 499.6976;
	3.3014 44.6095 86.8904 109.5449 14.4562 18.0346 0.2577 18.002 0.0 25.9326 47.9361 71.5112 107.6597 34.2252 180.216 67.8953 84.2405 89.2698 65.2114 71.0974 0.0859 42.0808 67.3809 84.8358 104.2373 72.6 13.2794 939.5071 446.5954 446.5954 285.3937 83.8509 217.3714 183.0048 107.3005 190.5474 783.5469 214.2192 83.7217 279.2071 121.7889 200.0642 127.4213 237.4526 791.7088;
	3.0653 41.4193 88.1033 107.9178 14.5182 20.316 0.0 18.4477 0.0 26.3527 48.7125 72.6695 109.4035 56.323 182.1733 68.6327 85.1554 90.2393 76.043 70.239 0.0 47.4041 68.1002 84.3978 100.5051 75.8852 13.4694 1137.7748 541.5316 541.5316 212.7139 62.8552 253.4768 180.7952 176.5804 231.0535 950.1096 200.9839 98.7725 269.2101 121.6262 225.3727 166.4079 262.7519 960.0066;
