function loadprofile = ex_load_profilesh1
%EX_LOAD_PROFILE  Example load profile data file for stochastic unit commitment.
% 2022.03.12
% Andres F. Ramirez

%% define constants
[CT_LABEL, CT_PROB, CT_TABLE, CT_TBUS, CT_TGEN, CT_TBRCH, CT_TAREABUS, ...
    CT_TAREAGEN, CT_TAREABRCH, CT_ROW, CT_COL, CT_CHGTYPE, CT_REP, ...
    CT_REL, CT_ADD, CT_NEWVAL, CT_TLOAD, CT_TAREALOAD, CT_LOAD_ALL_PQ, ...
    CT_LOAD_FIX_PQ, CT_LOAD_DIS_PQ, CT_LOAD_ALL_P, CT_LOAD_FIX_P, ...
    CT_LOAD_DIS_P, CT_TGENCOST, CT_TAREAGENCOST, CT_MODCOST_F, ...
    CT_MODCOST_X] = idx_ct;

loadprofile = struct( ...
    'type', 'mpcData', ...
    'table', CT_TAREALOAD, ...
    'rows', [1:11], ...
    'col', CT_LOAD_ALL_P, ...
    'chgtype', 1, ...
    'values', [] );
loadprofile.values(:,1,:) = [
	1461.7 883.1142 1456.4771 517.6781 774.6149 1064.2436 801.8971 240.5 500.1351 4382.0083 1688.0719;
	1460.3548 895.0 1457.9619 508.0807 753.1446 1061.7972 805.489 236.0 488.2 4274.4476 1657.9924;
	1478.0 894.2963 1480.7607 508.2 749.3 1056.5277 790.1303 237.2 484.0012 4322.9766 1676.2151;
	1563.228 962.0825 1575.7487 521.7341 824.0145 1146.1032 858.8 266.0 523.7364 4533.2482 1787.1876;
	1757.6075 1083.214 1729.5008 556.4528 907.6791 1290.9713 954.7435 292.2 601.3138 5005.2628 2028.4848;
	1845.253 1167.6679 1886.3788 573.2099 981.0658 1393.0 1041.3441 324.3311 683.7619 5499.4153 2193.6054;
	1791.4874 1162.4 1868.8374 562.1259 972.2793 1365.3 1049.1 323.6299 693.4533 5729.4643 2229.1;
	1828.4543 1171.0478 1827.507 554.7787 976.7712 1358.2308 1080.4788 323.9501 693.8625 6059.9 2363.2;
	1860.6032 1181.5538 1842.1735 553.5 922.7538 1346.5151 1050.6634 327.3461 698.0264 6115.473 2275.2355;
	1827.3708 1189.583 1827.774 550.7467 879.4137 1305.1 1063.5296 335.4186 687.1357 6081.0604 2237.9;
	1803.8833 1179.1671 1776.4189 543.4245 874.5217 1280.6601 1052.9503 341.4 682.6 6067.299 2289.5875;
	1800.9702 1163.5687 1798.9857 530.2848 864.0987 1338.9 1118.1729 361.0 705.3706 6156.9871 2352.6522;
	1786.8 1153.7327 1786.6997 515.0 853.4165 1328.0243 1133.3384 355.071 681.9 6184.8336 2403.8773;
	1713.8275 1104.1573 1793.7969 499.9536 833.3242 1277.1184 1104.4062 359.2467 661.8018 6169.4665 2258.9906;
	1715.8457 1106.0986 1766.8226 500.01 855.2793 1342.3698 1175.2842 359.4125 678.9 6344.4007 2321.0518;
	1718.2731 1135.9881 1789.2192 527.654 856.244 1392.2176 1139.0979 349.0 654.555 6215.2776 2284.5468;
	1695.8181 1118.7 1791.3026 529.9905 913.5 1382.2763 1095.3848 344.1881 667.3806 6015.4931 2314.7;
	1784.6815 1166.9254 1850.5177 546.0629 932.5562 1416.4 1170.1312 368.5872 706.8023 6063.8079 2468.4497;
	1792.1625 1152.8761 1835.9809 562.0 965.0 1440.1552 1232.5988 359.7038 698.1 5987.6019 2465.7879;
	1780.6465 1089.388 1759.5329 529.867 904.4825 1312.7102 1164.0818 347.7 678.1825 5827.5043 2371.9374;
	1689.2993 1024.9068 1663.4028 516.4504 876.0712 1217.7 1022.2 326.0259 620.7 5505.2642 2194.328;
	1602.9506 971.1362 1579.5089 511.0286 815.3765 1133.4339 953.3015 303.676 570.3825 5120.9629 2061.5895;
	1593.7274 976.4 1584.403 551.5943 742.7657 1089.8871 890.6277 263.5117 533.9103 4850.2587 1876.4883;
	1520.409 904.2973 1511.5058 570.7 693.1241 1048.3123 839.8055 251.3979 494.7 4577.8622 1746.2346;
];
