function loadprofile = ex_load_profilesh1
%EX_LOAD_PROFILE  Example load profile data file for stochastic unit commitment.
% 2022.03.12
% Andres F. Ramirez

%% define constants
[CT_LABEL, CT_PROB, CT_TABLE, CT_TBUS, CT_TGEN, CT_TBRCH, CT_TAREABUS, ...
    CT_TAREAGEN, CT_TAREABRCH, CT_ROW, CT_COL, CT_CHGTYPE, CT_REP, ...
    CT_REL, CT_ADD, CT_NEWVAL, CT_TLOAD, CT_TAREALOAD, CT_LOAD_ALL_PQ, ...
    CT_LOAD_FIX_PQ, CT_LOAD_DIS_PQ, CT_LOAD_ALL_P, CT_LOAD_FIX_P, ...
    CT_LOAD_DIS_P, CT_TGENCOST, CT_TAREAGENCOST, CT_MODCOST_F, ...
    CT_MODCOST_X] = idx_ct;

loadprofile = struct( ...
    'type', 'mpcData', ...
    'table', CT_TAREALOAD, ...
    'rows', [1:11], ...
    'col', CT_LOAD_ALL_P, ...
    'chgtype', 1, ...
    'values', [] );
loadprofile.values(:,1,:) = [
	1507.771 900.3 1487.5 545.5 733.5187 1082.3592 834.7077 275.8125 439.3118 4371.3815 1612.277;
	1504.9215 903.7922 1489.4406 538.4 753.9834 1097.0 854.5023 258.7071 470.4 4424.5916 1628.1074;
	1545.1547 916.829 1527.2721 548.1 767.1 1127.167 873.7675 276.6396 483.2852 4543.8803 1658.1062;
	1573.1807 983.0543 1626.3687 560.0501 832.9129 1182.8 920.3585 299.9764 525.4 4769.1096 1781.3437;
	1703.5 1086.1 1817.3712 594.7456 924.6 1321.167 1001.0029 347.6155 605.06 5254.3297 2014.3777;
	1809.0995 1151.5 1906.3042 598.798 995.9997 1402.8518 1072.2124 355.0899 675.6 5773.3606 2172.6541;
	1865.9931 1156.1334 1918.1593 599.0 1009.5245 1379.3908 1074.1412 351.3548 680.2 6005.4587 2221.2;
	1898.0493 1145.8317 1931.7484 597.4063 980.842 1360.4394 1076.3286 349.119 681.5323 6182.0727 2207.3322;
	1889.1874 1128.6932 1935.2 596.9604 991.2464 1358.7 1077.0918 352.6082 683.1016 6264.2232 2166.6806;
	1905.404 1131.9365 1938.517 596.1 978.0683 1281.2 1075.3539 341.3542 680.0241 6224.9147 2080.6321;
	1874.4524 1124.9 1959.9001 581.7182 973.6 1259.5 1080.4 364.8451 697.6 6303.5573 2159.7;
	1859.9544 1133.7813 1958.8252 583.3501 974.9061 1272.0692 1087.4652 344.2794 692.9923 6242.1248 2174.2222;
	1853.9091 1148.3775 1968.9451 579.525 966.756 1271.558 1104.8061 342.2028 702.8619 6394.2419 2244.2499;
	1827.1107 1146.8 1973.368 569.284 956.0733 1301.5746 1080.972 327.6 695.6542 6372.2964 2227.0707;
	1816.3 1133.2547 1944.3218 567.965 917.9246 1267.9717 1048.9242 342.6 687.1585 6588.2479 2259.1298;
	1811.4466 1155.5246 1947.5453 581.532 957.3828 1301.9322 1071.5911 376.0395 675.1535 6583.8065 2361.5399;
	1800.5619 1157.1794 1926.2 568.4787 976.197 1343.122 1041.1344 361.3582 664.5 6258.7437 2294.0896;
	1818.9555 1188.3 1965.4596 587.9197 1034.4484 1417.5159 1104.9517 356.158 691.9278 6076.9928 2389.9583;
	1853.7 1194.2152 1944.7153 591.0797 1045.8494 1424.2571 1119.9804 356.2083 686.7 6275.4384 2421.467;
	1817.1 1121.7 1899.1021 580.5389 1004.051 1362.1203 1099.6175 342.9782 662.8489 6002.0616 2270.0542;
	1720.9513 1044.0 1782.2041 557.8184 933.9939 1285.2198 1018.3781 313.5786 620.5877 5469.1227 2122.8597;
	1612.6016 968.7809 1637.9801 545.2232 875.6755 1179.6 919.0 284.3684 559.4861 5120.6927 1942.5155;
	1578.6 948.0208 1588.0259 567.1446 805.1421 1114.0351 956.6934 297.3 529.2815 5084.5063 1898.825;
	1543.0555 912.4 1569.6 575.2648 772.0163 1103.1251 919.08 288.6281 512.1664 4911.6932 1867.7894;
];
