function loadprofile = ex_load_profilesh1
%EX_LOAD_PROFILE  Example load profile data file for stochastic unit commitment.
% 2022.03.12
% Andres F. Ramirez

%% define constants
[CT_LABEL, CT_PROB, CT_TABLE, CT_TBUS, CT_TGEN, CT_TBRCH, CT_TAREABUS, ...
    CT_TAREAGEN, CT_TAREABRCH, CT_ROW, CT_COL, CT_CHGTYPE, CT_REP, ...
    CT_REL, CT_ADD, CT_NEWVAL, CT_TLOAD, CT_TAREALOAD, CT_LOAD_ALL_PQ, ...
    CT_LOAD_FIX_PQ, CT_LOAD_DIS_PQ, CT_LOAD_ALL_P, CT_LOAD_FIX_P, ...
    CT_LOAD_DIS_P, CT_TGENCOST, CT_TAREAGENCOST, CT_MODCOST_F, ...
    CT_MODCOST_X] = idx_ct;

loadprofile = struct( ...
    'type', 'mpcData', ...
    'table', CT_TAREALOAD, ...
    'rows', [1:11], ...
    'col', CT_LOAD_ALL_P, ...
    'chgtype', 1, ...
    'values', [] );
loadprofile.values(:,1,:) = [
	1400.7243 861.4522 1449.7407 540.0207 704.6212 990.8792 780.898 208.3737 464.1058 4299.9657 1607.9843;
	1408.3537 865.5199 1451.9969 537.9864 697.7271 1005.2676 777.9655 210.08 468.4053 4209.3011 1595.1808;
	1411.2713 856.5064 1464.9913 548.0238 732.2219 1013.6815 790.6449 215.391 469.1367 4141.51 1590.2107;
	1479.0907 926.9895 1544.2155 570.8384 793.1311 1079.0703 836.8 232.873 487.4084 4404.7676 1711.2083;
	1632.2084 1040.8695 1677.6781 592.2301 885.034 1228.4971 943.9744 271.5352 563.058 4781.105 1904.4407;
	1765.4358 1126.6094 1825.5023 583.2269 960.6175 1293.3891 1013.5618 310.0333 651.7588 5395.2668 2108.8384;
	1812.7 1137.1834 1867.0122 587.8 975.3 1299.1774 1045.7084 337.5249 690.2407 5739.4211 2210.1362;
	1854.8126 1151.5 1861.3524 572.1947 956.8679 1192.3091 1002.914 336.8037 696.6703 5635.7584 2176.7791;
	1888.1407 1167.227 1883.3285 565.2 946.3865 1232.3663 978.2013 324.1688 692.2923 5519.3087 2068.841;
	1866.127 1162.5325 1851.5 560.3719 908.912 1191.4879 961.5 310.5468 680.2 5205.2875 1957.1734;
	1889.4259 1151.8825 1844.3761 551.5 884.2307 1205.8509 989.3345 301.6118 689.1 5693.8412 2026.6393;
	1871.6227 1131.1 1860.3784 554.7 908.932 1223.7406 986.8469 309.6 675.7 5889.4858 2084.7905;
	1837.3994 1123.2537 1776.0 553.3506 899.4807 1229.3371 973.5779 294.11 655.9919 5710.4155 2058.1497;
	1787.0 1118.1 1809.2486 557.1 901.2 1200.0552 982.1597 319.6315 674.0 5807.7763 2100.3224;
	1780.0225 1121.5 1837.7221 537.5131 887.1744 1217.7364 1002.0596 319.4 673.2 5927.6229 2221.6452;
	1718.1497 1121.5119 1843.9539 553.3357 888.8558 1272.9604 1008.7616 339.8202 657.7 5844.1697 2254.3;
	1709.7321 1086.8333 1800.4925 547.1075 887.1305 1266.0869 981.6379 324.3002 630.5408 5422.6297 2218.1146;
	1767.2214 1156.2593 1889.1001 576.0 949.6274 1343.7836 1047.6309 341.4222 696.8 5708.68 2406.5027;
	1757.7873 1151.165 1904.4005 578.8 924.1498 1320.2104 1034.0647 344.9939 640.6615 5663.5504 2305.2894;
	1711.5041 1094.1 1802.2536 568.503 916.5638 1248.6646 1017.6346 322.9722 612.3164 5492.613 2198.7907;
	1668.8768 1024.0 1732.4797 549.7064 855.8743 1159.5639 954.8138 303.8757 592.4082 5213.6466 2059.8288;
	1546.7954 972.5652 1638.3974 532.9 811.7079 1090.7765 883.9233 272.8877 543.8052 4916.9 1845.656;
	1461.3513 911.9435 1536.6789 550.3 688.08 971.2278 770.4495 208.8752 479.3888 4605.2501 1628.7629;
	1430.719 889.2 1513.4796 563.0995 633.2203 983.4978 797.8793 208.8878 487.3 4436.8268 1682.6689;
];
