function windprofile = ex_wind_profilesh1
%EX_WIND_PROFILE_D  Example wind_load_nyiso profile data for deterministic unit commitment.
% 2022.03.12
% Andres F. Ramirez


%% define constants
[GEN_BUS, PG, QG, QMAX, QMIN, VG, MBASE, GEN_STATUS, PMAX, PMIN, ...
    MU_PMAX, MU_PMIN, MU_QMAX, MU_QMIN, PC1, PC2, QC1MIN, QC1MAX, ...
    QC2MIN, QC2MAX, RAMP_AGC, RAMP_10, RAMP_30, RAMP_Q, APF] = idx_gen;
[CT_LABEL, CT_PROB, CT_TABLE, CT_TBUS, CT_TGEN, CT_TBRCH, CT_TAREABUS, ...
    CT_TAREAGEN, CT_TAREABRCH, CT_ROW, CT_COL, CT_CHGTYPE, CT_REP, ...
    CT_REL, CT_ADD, CT_NEWVAL, CT_TLOAD, CT_TAREALOAD, CT_LOAD_ALL_PQ, ...
    CT_LOAD_FIX_PQ, CT_LOAD_DIS_PQ, CT_LOAD_ALL_P, CT_LOAD_FIX_P, ...
    CT_LOAD_DIS_P, CT_TGENCOST, CT_TAREAGENCOST, CT_MODCOST_F, ...
    CT_MODCOST_X] = idx_ct;

windprofile = struct( ...
    'type', 'mpcData', ...
    'table', CT_TGEN, ...
    'rows', [1:45], ...
    'col', PMAX, ...
    'chgtype', 1, ...
    'values', [] );
windprofile.values(:,1,:) = [
	3.8831 52.4696 89.7903 117.519 14.7585 34.6944 31.9883 17.5789 11.8245 17.7619 32.8326 48.9797 73.7387 55.1536 202.5422 76.3066 94.6767 100.329 91.1314 68.0449 10.6628 80.9537 23.8791 87.5622 102.9338 75.1566 13.5234 1255.978 784.2463 784.2463 757.1333 108.757 303.7712 175.1477 172.914 334.6118 1155.9513 281.8029 471.6669 275.7156 121.7699 384.8769 212.9904 268.3469 1167.9925;
	3.9392 53.227 93.4879 118.5985 14.6554 35.0354 32.5638 17.3567 13.5771 14.7039 27.18 40.5472 61.0436 65.1627 193.9507 73.0698 90.6607 96.0732 90.7004 69.9106 10.8546 81.7493 25.2694 82.9028 98.7729 72.9091 12.8582 1272.3416 803.0527 803.0527 791.6545 111.4082 302.3347 179.95 204.2938 342.6358 1256.2039 274.1252 477.5543 264.5703 120.3084 388.6593 216.8375 265.628 1269.2894;
	3.7963 51.2966 87.2827 113.9529 14.7515 34.7819 33.4056 17.3701 24.5614 14.1182 26.0973 38.932 58.6119 62.8552 178.4403 67.2264 83.4105 88.3902 89.3735 68.7298 11.1352 81.1577 0.4742 83.8211 98.9169 74.3322 12.7428 1284.4666 819.2138 819.2138 785.5854 114.3981 297.9117 176.9107 197.0595 349.5312 1274.1941 306.9264 466.8685 264.9559 118.3537 385.8467 215.4154 242.6753 1287.4669;
	3.6621 49.4833 87.6224 111.7918 14.8847 33.4957 31.3368 17.4566 28.0923 28.8979 53.4173 79.6881 119.9701 67.2624 195.6351 73.7044 91.448 96.9076 87.0134 66.8619 10.4456 78.1565 20.1857 83.5807 98.1621 74.7841 12.605 1295.7231 794.4432 794.4432 740.3617 111.5664 290.0447 172.1027 210.8767 338.9624 1227.4876 317.6668 466.2916 262.9343 118.9208 371.5785 178.1945 249.2026 1240.2739;
	3.2074 43.3387 90.9753 114.9863 14.9911 31.5039 30.8469 17.838 27.6949 28.7219 53.0919 79.2027 119.2392 65.994 193.2508 72.8061 90.3335 95.7265 87.4115 67.0418 10.2823 73.509 68.582 86.1078 100.9644 74.9764 13.0084 1293.0061 786.9635 786.9635 711.0447 110.3446 291.3718 172.5659 206.9002 335.7711 1165.3936 322.3466 462.9464 270.4402 120.5599 349.483 178.9626 254.0523 1177.5331;
	3.6983 49.9717 90.2132 111.3779 14.6513 32.212 17.9461 17.7706 25.9962 28.9903 53.588 79.9428 120.3535 51.5075 197.8944 74.5556 92.5041 98.0267 56.3334 68.3734 5.982 75.1612 68.6821 85.8166 100.1556 73.4629 13.0935 1221.2501 781.5876 781.5876 690.8406 109.8702 187.7779 175.9933 161.4831 333.4774 1131.6306 307.2155 446.442 268.2738 119.5775 357.338 156.7841 250.8952 1143.4185;
	3.6751 49.6582 90.8831 112.9516 14.372 33.2523 12.36 17.5282 25.6325 28.935 53.4859 79.7904 120.124 63.8118 192.7575 72.6203 90.1029 95.4822 84.3458 69.8704 4.12 77.5886 69.5634 88.6638 103.24 73.5325 13.0879 1259.5546 807.2135 807.2135 732.8127 110.6297 281.1526 179.8465 200.0585 344.4111 1178.3914 324.7862 414.779 276.5356 120.2887 368.8785 174.3417 253.6502 1190.6663;
	3.818 51.5891 91.7748 112.8133 14.6465 32.7662 0.0 17.4383 0.0 28.4269 52.5468 78.3894 118.0148 37.2589 197.1932 74.2914 92.1764 97.6794 82.96 70.7075 0.0 76.4545 69.5589 87.9625 103.4164 71.2487 13.1993 1243.0748 758.5019 758.5019 684.1252 108.7121 276.5332 182.0013 116.8115 323.6275 1171.3977 294.9847 148.5772 277.0083 119.658 363.4866 197.572 264.7514 1183.5998;
	3.8664 52.2432 94.3686 118.2612 15.3025 32.8282 2.6758 18.0928 1.0858 30.037 55.5229 82.8292 124.6989 26.5819 195.0007 73.4654 91.1515 96.5934 86.824 70.7701 0.8919 76.5992 72.3824 89.2056 104.1756 71.6435 13.1301 1149.9818 685.3996 685.3996 711.0262 113.2561 289.4132 182.1624 83.3379 292.4372 1007.7575 288.4774 7.4132 279.0419 120.7023 364.1746 195.1 270.523 1018.2549;
	3.8048 51.4107 92.044 115.5708 15.1099 30.7726 0.0653 18.3599 0.0 26.1214 48.285 72.0317 108.4434 17.3599 185.1066 69.7378 86.5266 91.6923 84.0165 70.0464 0.0218 71.8028 41.1602 88.0954 102.1578 73.2043 13.0097 864.0874 557.0323 557.0323 551.5361 112.7785 280.0549 180.2997 54.4257 237.6671 737.5082 255.6127 0.0 273.6371 119.503 341.3708 158.8118 279.5469 745.1906;
	3.5501 47.9694 88.1652 110.5693 14.3769 23.2891 0.0 17.5333 0.0 28.9685 53.5478 79.8828 120.2632 0.0 187.2433 70.5428 87.5253 92.7507 75.702 69.8425 0.0 54.3412 69.3444 87.3289 101.5682 70.5033 12.9073 567.9572 607.9468 607.9468 485.9739 111.8459 252.3399 179.7748 0.0 259.3906 647.0387 209.7724 0.0 272.0577 115.8046 258.3535 136.3557 269.9583 653.7787;
	3.374 45.5904 90.0742 111.1919 14.3368 17.5104 0.0 18.0802 0.0001 27.5855 50.9913 76.069 114.5215 0.0756 192.4814 72.5163 89.9739 95.3455 36.0194 68.6877 0.0 40.8576 68.6515 88.0929 102.756 72.8851 13.1623 498.7912 708.1597 708.1597 511.9833 112.3762 120.0647 176.8024 0.237 302.1481 754.7878 236.1894 0.0 275.2394 118.7389 194.2486 123.9454 269.0466 762.6502;
	3.6662 49.5388 94.4314 116.521 14.5163 20.9964 0.8438 18.3251 24.8207 24.0894 44.5289 66.4284 100.0075 46.5498 179.2128 67.5174 83.7716 88.7729 52.8969 68.9016 0.2813 48.9916 69.5267 87.4521 105.1293 74.3262 13.5142 554.0923 694.6404 694.6404 521.0415 105.108 176.3231 177.353 145.94 296.3799 579.5904 243.5789 0.0 281.5965 119.1493 232.9198 139.9572 276.3578 585.6278;
	3.6283 49.0257 92.7751 114.3445 14.0044 19.3723 0.0 18.292 17.8893 23.8098 44.0121 65.6574 98.8468 33.9365 194.3794 73.2313 90.8611 96.2856 56.8529 69.6195 0.0 45.202 68.3644 86.322 103.0011 74.7299 13.5853 501.6459 680.3148 680.3148 482.7132 93.4489 189.5095 179.2007 106.3956 290.2676 651.0925 254.5643 0.0 275.8959 119.6166 214.9033 143.6043 266.2319 657.8747;
	3.7405 50.542 94.576 120.2487 14.6785 19.3619 0.0 18.5306 8.9228 26.0097 48.0785 71.7236 107.9795 31.8208 187.4312 70.6136 87.6132 92.8438 66.2945 69.508 0.0 45.1778 69.1938 88.2722 105.8022 75.1122 13.5311 369.295 671.9536 671.9536 431.6152 80.6824 220.9817 178.9138 99.7625 286.7002 594.657 245.2064 10.1867 283.3988 115.2145 214.788 154.6495 256.7193 600.8513;
	3.4814 47.0408 94.3672 120.4593 14.5339 9.958 0.0 18.4238 6.0255 28.7304 53.1077 79.2262 119.2746 24.5496 182.4497 68.7369 85.2846 90.3763 63.6632 69.9143 0.0 23.2353 68.7725 88.3646 105.4105 74.1034 13.5986 422.8724 565.1567 565.1567 407.009 78.3211 212.2106 179.9596 76.9662 241.1335 496.2325 233.052 0.0635 282.3496 120.0357 110.4671 145.8978 241.7234 501.4016;
	3.4244 46.2707 93.4795 120.2582 14.7342 17.8736 0.0246 18.7091 17.4195 29.8868 55.2453 82.4152 124.0756 36.2175 191.5328 72.1589 89.5304 94.8755 66.2405 70.5385 0.0082 41.705 70.5234 88.6874 106.1747 73.4962 13.5606 984.0611 498.178 498.178 309.2905 82.2808 220.8018 181.5662 113.5467 212.5559 823.0626 241.2536 99.2582 284.3964 118.305 198.2774 120.8978 247.0226 831.6362;
	3.1326 42.3282 90.4942 116.9304 14.2498 21.1165 1.1654 17.9859 14.1825 30.0225 55.4962 82.7894 124.639 57.1676 193.3082 72.8277 90.3604 95.755 78.1147 70.9429 0.3885 49.2719 69.898 85.9695 102.2914 71.1441 13.2836 1220.4249 591.5914 591.5914 223.4045 61.4591 260.3825 182.6072 179.228 252.4123 1022.4684 215.6014 124.5031 273.9948 118.5172 234.2529 166.3828 261.6671 1033.1191;
