function windprofile = ex_wind_profilesh1
%EX_WIND_PROFILE_D  Example wind_load_nyiso profile data for deterministic unit commitment.
% 2022.03.12
% Andres F. Ramirez


%% define constants
[GEN_BUS, PG, QG, QMAX, QMIN, VG, MBASE, GEN_STATUS, PMAX, PMIN, ...
    MU_PMAX, MU_PMIN, MU_QMAX, MU_QMIN, PC1, PC2, QC1MIN, QC1MAX, ...
    QC2MIN, QC2MAX, RAMP_AGC, RAMP_10, RAMP_30, RAMP_Q, APF] = idx_gen;
[CT_LABEL, CT_PROB, CT_TABLE, CT_TBUS, CT_TGEN, CT_TBRCH, CT_TAREABUS, ...
    CT_TAREAGEN, CT_TAREABRCH, CT_ROW, CT_COL, CT_CHGTYPE, CT_REP, ...
    CT_REL, CT_ADD, CT_NEWVAL, CT_TLOAD, CT_TAREALOAD, CT_LOAD_ALL_PQ, ...
    CT_LOAD_FIX_PQ, CT_LOAD_DIS_PQ, CT_LOAD_ALL_P, CT_LOAD_FIX_P, ...
    CT_LOAD_DIS_P, CT_TGENCOST, CT_TAREAGENCOST, CT_MODCOST_F, ...
    CT_MODCOST_X] = idx_ct;

windprofile = struct( ...
    'type', 'mpcData', ...
    'table', CT_TGEN, ...
    'rows', [1:45], ...
    'col', PMAX, ...
    'chgtype', 1, ...
    'values', [] );
windprofile.values(:,1,:) = [
	3.9934 53.9598 91.7723 116.3943 15.1776 34.1029 31.9571 18.0718 11.0431 17.6469 32.62 48.6626 73.2613 52.8846 203.3165 76.5983 95.0386 100.7126 87.7842 70.2878 10.6524 79.5733 21.5442 84.4492 101.5788 74.14 13.5229 1262.2754 796.3297 796.3297 745.3443 113.5687 292.614 180.921 165.8004 339.7673 1131.5024 272.9597 467.2519 272.086 120.0069 378.3144 218.1973 284.2207 1143.2889;
	3.9221 52.9965 93.2929 113.3439 15.1111 33.9263 31.7782 18.4218 12.1252 15.9165 29.4214 43.891 66.0776 62.1573 196.9874 74.2139 92.0802 97.5775 84.9939 71.3805 10.5927 79.1614 28.0428 82.0582 98.1764 74.5403 13.0856 1260.7908 824.8455 824.8455 787.5046 112.7143 283.3131 183.7337 194.8716 351.9341 1256.4071 255.6226 469.5793 262.9725 117.5175 376.3558 216.123 284.709 1269.4946;
	3.7891 51.1994 88.8641 106.387 14.674 33.2919 31.9083 17.595 21.825 15.0292 27.7813 41.4443 62.3941 54.0568 169.4079 63.8234 79.1884 83.916 81.5719 69.7905 10.6361 77.681 24.2277 81.8202 92.7593 71.3361 12.8267 1226.1398 797.2828 797.2828 783.4574 115.7613 271.9064 179.641 169.4753 340.174 1209.0974 278.4742 450.4588 248.4625 116.2278 369.3178 210.5734 262.8976 1221.6921;
	3.6339 49.1015 88.5646 106.2519 14.6528 32.3647 30.9647 17.8821 28.1296 29.7769 55.0421 82.112 123.6192 64.5734 195.2234 73.5493 91.2556 96.7037 83.974 66.6962 10.3216 75.5176 23.7774 82.2818 98.2704 72.2333 13.1109 1230.3857 804.2287 804.2287 797.7504 115.2699 279.9132 171.6763 202.4462 343.1376 1210.0613 312.0949 455.8158 263.2244 114.3244 359.0324 177.3453 263.3468 1222.6661;
	3.1215 42.1789 91.4052 110.1568 14.8978 28.991 30.7285 18.2542 27.6251 30.6303 56.6197 84.4654 127.1622 63.3232 192.6674 72.5863 90.0608 95.4376 77.6232 66.7509 10.2428 67.6457 72.9869 85.8851 101.3288 70.7167 13.5655 1235.7782 786.9651 786.9651 791.1144 112.7007 258.7441 171.817 198.5269 335.7718 1158.0431 313.2585 459.416 271.4164 114.8878 321.6071 174.2242 267.9416 1170.106;
	3.6341 49.105 89.0993 109.0197 14.689 30.8906 19.4542 18.1235 26.1099 29.6504 54.8084 81.7633 123.0942 51.5421 194.2672 73.189 90.8086 96.23 23.8193 67.8859 6.4847 72.078 69.9846 86.2874 101.7819 71.244 13.7914 1179.0742 824.4697 824.4697 799.155 115.9956 79.3977 174.7385 161.5915 351.7737 1207.8201 318.0658 453.9272 272.6301 118.7242 342.6793 157.7709 266.8273 1220.4016;
	3.6893 49.8507 90.4676 110.7521 14.4307 32.0158 14.4125 18.2282 26.2727 29.0677 53.7313 80.1565 120.6751 65.4882 191.0345 71.9711 89.2975 94.6287 56.892 69.617 4.8042 74.7035 69.0334 87.4236 102.8642 71.6233 13.9267 1237.8228 826.5901 826.5901 760.8493 116.8673 189.6401 179.1943 205.3145 352.6784 1189.6332 324.6054 435.7031 275.5292 121.0156 355.1619 170.1941 270.0927 1202.0252;
	3.6794 49.7172 90.0061 112.8114 14.1174 31.7915 4.3886 17.9789 6.4253 28.0974 51.9376 77.4807 116.6468 44.6738 195.5992 73.6909 91.4313 96.8898 66.7202 70.3065 1.4629 74.1802 70.3083 85.656 100.7977 70.8819 13.8905 1228.8757 796.0759 796.0759 774.423 119.7685 222.4008 180.9691 140.0583 339.659 1207.5213 333.7563 178.5922 269.9937 123.0012 352.674 191.5053 279.0823 1220.0997;
	3.609 48.766 92.4445 116.2496 14.0115 28.7049 1.4314 18.394 1.9867 26.2637 48.548 72.424 109.034 28.1985 195.6154 73.697 91.4388 96.8979 82.9214 71.6402 0.4771 66.9782 68.549 85.4034 101.0098 70.5117 13.8444 1119.6079 700.1764 700.1764 755.69 115.9777 276.4047 184.402 88.406 298.7419 992.2654 298.6497 29.4561 270.562 122.7979 318.4335 174.6274 283.6865 1002.6015;
	3.5953 48.58 88.4315 109.735 14.3415 26.7047 2.7135 18.53 3.3626 23.2486 42.9747 64.1098 96.5169 22.663 187.5505 70.6586 87.6689 92.9029 79.5019 71.0396 0.9045 62.311 46.8393 86.2566 99.0211 73.0726 13.6304 944.888 629.1733 629.1733 614.3188 115.5414 265.0064 182.856 71.0515 268.4473 809.6151 266.6767 37.1449 265.2351 121.3257 296.2441 149.0798 281.7646 818.0486;
	3.5603 48.1076 92.5823 111.8778 14.1664 23.6222 11.0517 18.5442 9.6249 29.1631 53.9076 80.4196 121.0712 22.0892 198.1226 74.6415 92.6108 98.1398 78.2067 73.1227 3.6839 55.1185 74.0672 87.6307 103.3873 72.5575 14.0021 762.7733 673.5199 673.5199 550.819 114.8551 260.6892 188.218 69.2527 287.3685 750.7492 219.1082 272.0697 276.9302 121.0052 262.0492 143.7097 282.2702 758.5695;
	3.3311 45.0105 91.7429 111.0581 14.516 17.0519 10.5817 18.0375 12.8371 27.0795 50.056 74.6737 112.4209 3.7448 197.9531 74.5777 92.5316 98.0558 33.4424 72.5294 3.5272 39.7878 73.3982 87.0322 102.0016 72.1727 13.8392 579.4016 735.0275 735.0275 534.1036 117.4967 111.4747 186.6907 11.7405 313.6117 808.7081 222.2562 233.7315 273.2186 122.5238 189.1624 133.1217 275.3928 817.1322;
	3.7391 50.523 90.8009 110.8947 14.6078 19.1323 7.6698 17.2922 26.7259 23.7711 43.9405 65.5506 98.6861 53.056 191.6521 72.2038 89.5862 94.9346 54.4001 71.1431 2.5566 44.6419 70.5086 83.6988 99.2628 69.9777 13.474 591.9427 742.9368 742.9368 548.8482 111.6611 181.3338 183.1225 166.3378 316.9864 609.5248 239.3901 256.0851 265.8824 121.4892 212.2405 143.3272 266.9026 615.8741;
	3.6418 49.2084 86.6567 104.8309 13.1416 15.6203 4.4552 16.2341 19.1332 21.7252 40.1587 59.9088 90.1924 41.2048 190.0825 71.6125 88.8525 94.1572 54.1477 71.0382 1.4851 36.4473 69.0183 81.5846 95.9075 69.2991 12.8924 536.4535 720.8707 720.8707 545.9174 99.4663 180.4922 182.8524 129.1825 307.5715 684.5693 270.546 312.665 256.8952 119.1461 173.281 147.3234 258.2655 691.7002;
	3.6336 49.0972 86.2763 110.4526 13.3229 16.362 2.6895 17.241 3.9428 24.3805 45.067 67.2311 101.2161 36.0242 186.2847 70.1817 87.0773 92.2759 69.2536 71.1922 0.8965 38.1779 65.6629 83.2483 96.5421 69.8855 13.0268 392.2889 701.6401 701.6401 521.1198 93.343 230.8452 183.2489 112.9408 299.3664 595.7077 259.7513 87.603 258.5948 116.3872 181.5088 154.3877 223.3652 601.913;
	3.1943 43.1616 82.6861 101.8879 11.9898 6.9305 3.4669 14.5915 2.6494 26.7293 49.4087 73.7081 110.9671 24.5278 174.8809 65.8854 81.7466 86.627 62.0552 72.371 1.1556 16.1711 68.7077 75.033 76.457 67.019 12.2924 409.4616 575.3446 575.3446 420.5362 91.2854 206.8506 186.2832 76.8978 245.4804 495.442 220.1673 39.4343 204.7956 113.7881 76.8821 144.0458 192.419 500.6028;
	3.382 45.6979 86.0449 109.5197 13.9872 16.3109 0.1046 17.1394 0.0 26.2426 48.509 72.3659 108.9465 38.606 186.6562 70.3216 87.2509 92.4599 64.3732 73.1404 0.0349 38.0588 69.0216 81.2272 86.2026 67.4611 13.1674 963.2127 473.8092 473.8092 310.1818 86.5807 214.5773 188.2637 121.035 202.1586 850.4717 230.083 105.5782 230.8997 115.0214 180.9423 133.0021 208.3483 859.3307;
	3.3112 44.742 84.504 85.8294 14.5181 21.1037 1.5645 14.6974 0.0793 28.7012 53.0537 79.1457 119.1535 63.2088 197.9956 74.5937 92.5514 98.0769 82.3841 73.5697 0.5215 49.242 72.5576 82.6864 94.8521 67.3996 13.2206 1151.7796 591.2112 591.2112 226.7241 63.2702 274.6135 189.3686 198.1682 252.2501 995.9676 203.3991 130.6952 254.0682 116.1994 234.1106 171.4661 223.936 1006.3422;
