function solarprofile = ex_solar_profilesh1
%EX_WIND_PROFILE_D  Example wind_load_nyiso profile data for deterministic unit commitment.
% 2022.03.12
% Andres F. Ramirez


%% define constants
[GEN_BUS, PG, QG, QMAX, QMIN, VG, MBASE, GEN_STATUS, PMAX, PMIN, ...
    MU_PMAX, MU_PMIN, MU_QMAX, MU_QMIN, PC1, PC2, QC1MIN, QC1MAX, ...
    QC2MIN, QC2MAX, RAMP_AGC, RAMP_10, RAMP_30, RAMP_Q, APF] = idx_gen;
[CT_LABEL, CT_PROB, CT_TABLE, CT_TBUS, CT_TGEN, CT_TBRCH, CT_TAREABUS, ...
    CT_TAREAGEN, CT_TAREABRCH, CT_ROW, CT_COL, CT_CHGTYPE, CT_REP, ...
    CT_REL, CT_ADD, CT_NEWVAL, CT_TLOAD, CT_TAREALOAD, CT_LOAD_ALL_PQ, ...
    CT_LOAD_FIX_PQ, CT_LOAD_DIS_PQ, CT_LOAD_ALL_P, CT_LOAD_FIX_P, ...
    CT_LOAD_DIS_P, CT_TGENCOST, CT_TAREAGENCOST, CT_MODCOST_F, ...
    CT_MODCOST_X] = idx_ct;

solarprofile = struct( ...
    'type', 'mpcData', ...
    'table', CT_TGEN, ...
    'rows', [1:12], ...
    'col', PMAX, ...
    'chgtype', 1, ...
    'values', [] );
solarprofile.values(:,1,:) = [
	0.0 0.0 0.0 0.0 0.0 0.0 0.0 0.0 0.0 0.0 0.0 0.0;
	0.0 0.0 0.0 0.0 0.0 0.0 0.0 0.0 0.0 0.0 0.0 0.0;
	0.0 0.0 0.0 0.0 0.0 0.0 0.0 0.0 0.0 0.0 0.0 0.0;
	0.0 0.0 0.0 0.0 0.0 0.0 0.0 0.0 0.0 0.0 0.0 0.0;
	0.0 0.0 0.0 0.0 0.0 0.0 0.0 0.0 0.0 0.0 0.0 0.0;
	0.4095 0.3585 0.302 0.0 0.0 0.1765 0.0221 0.1431 0.0956 0.0 0.0 0.0;
	4.6474 3.1465 3.0541 0.6925 0.4423 214.2681 26.7835 9.9769 66.6725 18.7412 14.1303 33.9405;
	8.3629 5.6677 5.5503 1.8291 1.1239 216.7241 27.0905 18.216 94.2933 32.3237 19.7689 58.5385;
	11.9591 7.7219 7.6803 3.2515 1.9454 198.716 24.8395 18.37 106.3888 39.6026 19.0692 71.7205;
	16.3921 13.6845 11.1349 9.734 12.0681 223.924 27.9905 11.7065 132.7153 105.9163 40.3848 191.815;
	16.3573 14.3274 11.1623 10.9282 11.9319 211.1019 26.3877 11.5634 125.6092 164.2164 103.6396 297.397;
	13.9043 13.1979 9.9018 11.1834 11.8713 188.8308 23.6039 15.7319 106.7698 217.4178 155.3814 393.7449;
	10.0418 10.1166 9.6829 11.0465 7.3457 252.4303 31.5538 34.4098 200.7404 211.5254 149.7022 383.0738;
	9.4372 10.4371 11.0756 10.4997 6.5019 259.4465 32.4308 38.1051 216.7059 205.3619 176.1146 371.9117;
	11.7753 10.7684 11.7131 8.2846 5.0691 266.7125 33.3391 33.1397 217.7055 205.2217 190.3329 371.6578;
	4.2989 4.8798 4.4066 4.1236 2.1367 270.1207 33.7651 17.2319 179.9671 69.8835 91.2637 126.5594;
	0.4868 0.5634 0.4016 1.6974 1.2409 57.9108 7.2389 4.346 42.3255 9.7503 15.0618 17.6579;
	0.0 0.0 0.0 0.0 0.0 0.0 0.0 0.0 0.0 0.0 0.0 0.0;
	0.0 0.0 0.0 0.0 0.0 0.0 0.0 0.0 0.0 0.0 0.0 0.0;
	0.0 0.0 0.0 0.0 0.0 0.0 0.0 0.0 0.0 0.0 0.0 0.0;
	0.0 0.0 0.0 0.0 0.0 0.0 0.0 0.0 0.0 0.0 0.0 0.0;
	0.0 0.0 0.0 0.0 0.0 0.0 0.0 0.0 0.0 0.0 0.0 0.0;
	0.0 0.0 0.0 0.0 0.0 0.0 0.0 0.0 0.0 0.0 0.0 0.0;
	0.0 0.0 0.0 0.0 0.0 0.0 0.0 0.0 0.0 0.0 0.0 0.0;
];
