function loadprofile = ex_load_profilesh1
%EX_LOAD_PROFILE  Example load profile data file for stochastic unit commitment.
% 2022.03.12
% Andres F. Ramirez

%% define constants
[CT_LABEL, CT_PROB, CT_TABLE, CT_TBUS, CT_TGEN, CT_TBRCH, CT_TAREABUS, ...
    CT_TAREAGEN, CT_TAREABRCH, CT_ROW, CT_COL, CT_CHGTYPE, CT_REP, ...
    CT_REL, CT_ADD, CT_NEWVAL, CT_TLOAD, CT_TAREALOAD, CT_LOAD_ALL_PQ, ...
    CT_LOAD_FIX_PQ, CT_LOAD_DIS_PQ, CT_LOAD_ALL_P, CT_LOAD_FIX_P, ...
    CT_LOAD_DIS_P, CT_TGENCOST, CT_TAREAGENCOST, CT_MODCOST_F, ...
    CT_MODCOST_X] = idx_ct;

loadprofile = struct( ...
    'type', 'mpcData', ...
    'table', CT_TAREALOAD, ...
    'rows', [1:11], ...
    'col', CT_LOAD_ALL_P, ...
    'chgtype', 1, ...
    'values', [] );
loadprofile.values(:,1,:) = [
	1433.8407 863.5 1483.4 529.2622 746.9179 1075.6 840.8297 221.6 481.1802 4419.2951 1691.7518;
	1410.8 870.0038 1481.6849 517.4523 748.5 1069.6486 834.9968 229.6 469.7 4365.943 1667.0832;
	1475.8 895.9626 1513.1198 532.0899 755.9786 1068.6553 838.0003 222.5323 478.7577 4368.1902 1674.3541;
	1493.0706 954.0979 1603.6218 551.9523 800.9434 1117.4957 860.7286 226.4689 497.5299 4512.9472 1745.2195;
	1628.7378 1057.3 1829.4491 573.9779 933.6627 1291.2 969.1609 279.93 601.1 5103.0725 2005.6849;
	1753.2 1130.6898 1885.3001 591.0548 954.3444 1361.5 1038.7718 302.119 690.885 5643.571 2207.0548;
	1783.1154 1155.9726 1895.4065 595.5 950.7199 1326.8135 1013.8662 320.0 719.5607 5954.1624 2240.6538;
	1748.1686 1167.0 1864.3535 602.9354 933.3763 1303.8595 1031.1 331.2718 724.0106 6143.8979 2264.316;
	1760.0206 1179.5795 1866.5237 592.7371 901.8811 1232.5954 1015.2637 328.9691 738.1443 6065.8841 2245.0699;
	1760.0871 1183.7517 1846.812 577.0 893.1 1188.8678 1071.3288 333.3942 734.0637 6231.2512 2240.6352;
	1728.9165 1115.2042 1768.6844 576.5761 849.873 1100.4513 1046.6977 321.0 715.5296 6104.5471 2210.6754;
	1729.2057 1079.0344 1747.6674 567.0211 854.7209 1088.6136 979.9 330.6473 720.2506 6081.1714 2158.8048;
	1672.2578 1089.8692 1739.9902 570.8457 890.6277 1142.5172 1013.2039 310.6032 721.4733 5999.5 2211.0131;
	1714.5709 1104.3886 1731.4463 569.9506 901.9229 1214.5339 1013.6683 335.5 698.4 6017.862 2198.771;
	1727.7465 1108.3 1756.776 571.5092 950.4682 1288.772 1040.9792 346.6213 757.1448 6106.6973 2219.5438;
	1682.4657 1090.4202 1739.077 574.5139 903.3 1279.2157 1023.3 326.0447 701.5484 5966.6632 2170.8733;
	1696.4661 1110.1253 1831.2 584.5726 951.9861 1320.729 1061.0586 331.1143 735.1599 5919.619 2268.8875;
	1699.6866 1126.4 1866.3743 583.0154 952.2117 1324.2686 1073.7028 315.3691 706.2456 5889.8586 2325.8345;
	1747.6611 1127.6391 1871.8 595.7763 974.0 1338.9294 1090.9793 317.6951 723.0567 5803.536 2321.5621;
	1757.6003 1085.7607 1797.261 590.7 942.4989 1271.5 1044.8876 311.0638 670.4484 5588.1589 2246.3018;
	1668.9117 1009.7476 1693.0409 567.4 884.7612 1201.0 984.6942 299.1777 618.878 5285.6138 2102.1326;
	1596.28 947.1 1594.0 559.0088 843.2 1140.0 910.8552 268.309 567.731 4929.7978 1943.4;
	1549.887 890.9833 1472.6586 542.0444 748.0482 1113.8453 897.2 231.7094 548.8024 4594.3554 1791.0191;
	1514.8835 870.1907 1436.6238 535.8911 715.1269 1093.6756 863.2673 220.4389 518.3789 4473.1747 1734.0607;
];
