function windprofile = ex_wind_profilesh1
%EX_WIND_PROFILE_D  Example wind_load_nyiso profile data for deterministic unit commitment.
% 2022.03.12
% Andres F. Ramirez


%% define constants
[GEN_BUS, PG, QG, QMAX, QMIN, VG, MBASE, GEN_STATUS, PMAX, PMIN, ...
    MU_PMAX, MU_PMIN, MU_QMAX, MU_QMIN, PC1, PC2, QC1MIN, QC1MAX, ...
    QC2MIN, QC2MAX, RAMP_AGC, RAMP_10, RAMP_30, RAMP_Q, APF] = idx_gen;
[CT_LABEL, CT_PROB, CT_TABLE, CT_TBUS, CT_TGEN, CT_TBRCH, CT_TAREABUS, ...
    CT_TAREAGEN, CT_TAREABRCH, CT_ROW, CT_COL, CT_CHGTYPE, CT_REP, ...
    CT_REL, CT_ADD, CT_NEWVAL, CT_TLOAD, CT_TAREALOAD, CT_LOAD_ALL_PQ, ...
    CT_LOAD_FIX_PQ, CT_LOAD_DIS_PQ, CT_LOAD_ALL_P, CT_LOAD_FIX_P, ...
    CT_LOAD_DIS_P, CT_TGENCOST, CT_TAREAGENCOST, CT_MODCOST_F, ...
    CT_MODCOST_X] = idx_ct;

windprofile = struct( ...
    'type', 'mpcData', ...
    'table', CT_TGEN, ...
    'rows', [1:45], ...
    'col', PMAX, ...
    'chgtype', 1, ...
    'values', [] );
windprofile.values(:,1,:) = [
	3.8438 51.9375 90.2531 112.7865 14.7555 33.4977 30.0342 18.3339 0.2608 8.5121 15.7344 23.4727 35.338 48.605 200.0279 75.3594 93.5014 99.0836 91.8289 70.0758 10.0114 78.1614 19.3849 85.3928 99.8714 75.3351 13.7712 1191.0066 734.3543 734.3543 648.1342 99.4658 306.0965 180.3754 152.3831 313.3245 987.2663 257.6523 435.0175 267.5128 117.7459 371.6016 211.4536 282.8078 997.5503;
	3.8771 52.3876 92.3307 115.2155 14.9267 33.2265 29.1873 18.5591 3.596 11.695 21.618 32.2497 48.5518 60.6181 189.2999 71.3176 88.4867 93.7695 91.4548 70.1813 9.7291 77.5286 1.9631 87.0216 100.2774 76.0027 13.6498 1169.4835 742.3742 742.3742 685.0942 103.5229 304.8492 180.6467 190.046 316.7463 1101.5663 238.1002 438.0662 268.6002 117.0109 368.5931 207.2055 285.2341 1113.041;
	3.7381 50.5103 88.863 112.3459 14.9066 33.1904 23.6658 18.1286 19.9269 12.4166 22.9519 34.2397 51.5476 58.7226 172.0076 64.8029 80.4036 85.2038 92.7483 70.5932 7.8886 77.4443 9.9106 87.6213 100.4099 74.1162 13.3589 1163.4248 759.636 759.636 686.7693 110.0016 309.1609 181.7071 184.1031 324.1114 1124.728 261.5724 438.199 268.9551 115.2093 368.1924 207.857 274.4784 1136.4439;
	3.5738 48.2892 87.098 112.2157 14.7692 32.3824 20.7504 18.7555 20.0909 28.8375 53.3057 79.5216 119.7193 62.8908 195.1282 73.5134 91.2111 96.6565 91.6269 67.3718 6.9168 75.5589 22.6212 87.1866 100.3011 76.1071 13.1452 1146.733 750.6468 750.6468 668.1592 111.551 305.4229 173.4153 197.171 320.276 1063.5961 270.2322 416.3701 268.6637 114.7705 359.2288 165.3139 273.3854 1074.6752;
	3.0937 41.8032 90.2203 115.954 15.165 30.61 29.1256 19.1403 26.1784 29.1135 53.816 80.2828 120.8653 59.6214 195.6375 73.7053 91.4492 96.9088 92.1575 66.8654 9.7085 71.4232 71.9906 89.6004 105.5473 76.2909 13.9 1178.719 772.9452 772.9452 668.3781 110.5649 307.1918 172.1118 186.9212 329.7899 1017.7837 307.6139 408.3214 282.7159 118.3022 339.5665 166.7751 283.1607 1028.3856;
	3.5835 48.4206 90.1258 114.2594 14.3803 31.2609 14.0955 18.8571 23.6213 29.3183 54.1944 80.8473 121.7152 49.2676 196.3636 73.9788 91.7886 97.2685 67.0777 67.3192 4.6985 72.9421 73.3255 89.2799 103.8692 75.6779 14.0067 1071.484 757.5899 757.5899 643.5123 112.1247 223.5925 173.2799 154.4605 323.2384 1021.5711 310.6903 415.1551 278.2209 115.602 346.7874 145.6114 273.813 1032.2125;
	3.5171 47.5239 91.7072 118.0219 14.1368 32.2847 11.6987 18.8547 23.4143 28.6083 52.8819 78.8894 118.7676 61.9992 196.0736 73.8696 91.653 97.1248 89.9743 69.8141 3.8996 75.3309 73.7533 89.1261 105.7517 76.0388 13.9948 1151.1963 765.0477 765.0477 667.5155 112.5405 299.9144 179.7017 194.376 326.4204 1049.6646 325.3895 357.7958 283.2634 116.9121 358.1446 165.0214 278.4951 1060.5986;
	3.5453 47.9045 91.8907 115.9011 14.0469 31.8695 0.0 18.3891 0.0 28.7146 53.0784 79.1826 119.209 38.6861 202.5609 76.3136 94.6854 100.3383 88.7653 69.856 0.0 74.3621 73.721 88.6303 104.7237 75.4355 13.9675 1184.4535 748.2284 748.2284 684.8799 114.02 295.8842 179.8095 121.2861 319.2441 1100.2885 327.0081 126.8059 280.5098 117.7088 353.5387 188.3698 280.2088 1111.7498;
	3.6386 49.1652 90.7052 117.1415 14.1548 30.0577 0.0 18.0792 0.0 28.096 51.935 77.4768 116.6409 16.7079 199.9612 75.3342 93.4702 99.0506 89.7174 70.9594 0.0 70.1346 72.1417 88.6693 103.5023 72.9684 13.4501 1077.3705 671.5084 671.5084 635.073 109.4834 299.058 182.6496 52.3816 286.5103 974.6432 301.643 0.0 277.2383 120.2345 333.44 187.9021 280.7356 984.7958;
	3.7465 50.6232 93.5324 120.5679 14.82 28.8555 3.3374 19.0304 3.7061 25.4852 47.1091 70.2775 105.8024 17.5528 200.5555 75.5581 93.748 99.3449 90.1892 71.2252 1.1125 67.3294 49.1146 90.1052 106.5464 76.1687 13.88 844.9752 609.6848 609.6848 533.1675 113.5706 300.6306 183.334 55.0304 260.1322 758.5667 265.8618 2.7046 285.3921 121.7365 320.1032 158.5583 285.026 766.4684;
	3.6536 49.3683 93.6502 117.7038 14.3717 23.9407 6.0139 18.8605 1.2834 29.2919 54.1455 80.7745 121.6056 0.0314 200.6174 75.5814 93.7769 99.3756 82.728 71.0166 2.0046 55.8617 70.8732 89.6809 103.747 73.3333 13.679 747.5083 703.2759 703.2759 512.5194 110.1211 275.7598 182.7969 0.0984 300.0644 738.0787 213.9439 17.6714 277.8937 120.9202 265.5826 148.4173 271.2999 745.767;
	3.6068 48.7362 94.0873 119.7889 14.984 18.463 18.6428 18.867 16.0776 28.2608 52.2397 77.9314 117.3252 2.6492 205.03 77.2438 95.8396 101.5614 42.4799 72.658 6.2143 43.0803 72.5982 89.8968 104.5798 74.2896 13.8641 572.0048 769.898 769.898 507.8853 110.9223 141.5998 187.0219 8.3056 328.4898 809.0016 215.6519 45.3876 280.1245 122.9489 204.8162 142.7872 271.555 817.4287;
	3.8941 52.6175 93.7554 119.187 15.1171 19.9281 23.3504 18.6723 26.1018 22.8051 42.1549 62.8868 94.6757 44.5185 200.8178 75.657 93.8707 99.4749 62.12 72.4875 7.7835 46.499 69.8996 89.5738 103.6724 73.2834 13.9031 566.7081 696.2468 696.2468 468.8248 98.2464 207.0667 186.583 139.5715 297.0653 572.1826 213.6685 18.0092 277.6939 123.5786 221.0694 146.3623 270.0436 578.1429;
	3.7858 51.154 93.5444 118.9371 14.809 18.6264 20.6064 19.0532 19.8534 21.5772 39.8851 59.5008 89.5781 35.9738 199.6459 75.2154 93.3229 98.8944 55.0095 71.8257 6.8688 43.4615 69.116 88.1042 99.245 74.2394 13.9203 531.4176 680.0725 680.0725 440.6338 85.7053 183.3649 184.8796 112.7828 290.1642 647.9293 220.955 18.6518 265.8349 119.7971 206.6285 159.298 270.0853 654.6786;
	3.7435 50.5828 91.2762 117.5439 14.6866 17.8535 15.7232 18.5735 5.3847 24.4527 45.2004 67.4301 101.5157 30.1394 189.7449 71.4853 88.6947 93.9899 65.4402 69.5851 5.2411 41.6583 68.4454 85.5991 97.6134 71.8286 13.582 402.3147 650.0933 650.0933 379.0108 75.8507 218.134 179.1121 94.4912 277.3732 578.4835 212.5589 23.7585 261.4645 116.4285 198.0553 159.4037 251.8121 584.5093;
	3.6345 49.1101 91.3992 119.5462 14.7577 10.3788 21.4446 18.4609 4.4861 27.6774 51.1613 76.3226 114.9033 23.9136 182.8163 68.875 85.456 90.5579 66.7428 69.6416 7.1482 24.2173 72.0856 86.7525 98.251 71.5898 13.4996 437.5503 540.1278 540.1278 386.2469 80.8025 222.4758 179.2577 74.9723 230.4545 486.1616 196.4966 74.7399 263.1724 118.989 115.136 153.0491 243.914 491.2258;
	3.5587 48.0853 88.5674 116.3889 14.1382 18.1313 7.5411 17.9894 0.3668 28.624 52.911 78.9328 118.8328 31.4116 193.1072 72.752 90.2664 95.6554 69.3578 71.4805 2.5137 42.3063 72.5357 84.7976 98.5837 70.2053 13.2237 990.0055 460.0839 460.0839 280.6835 76.9495 231.1927 183.991 98.4796 196.3025 820.5044 208.1556 104.6925 264.0635 115.7005 201.1361 130.191 235.8055 829.0513;
	3.3452 45.2012 91.5559 117.0173 14.147 22.3844 9.3411 18.1681 2.2656 28.0007 51.7589 77.2141 116.2454 53.2842 189.0086 71.2079 88.3505 93.6252 79.1829 71.33 3.1137 52.2302 71.5184 86.2315 98.6134 72.9611 13.5425 1144.8553 572.738 572.738 197.0711 62.7259 263.9428 183.6037 167.0532 244.3682 965.7517 193.4427 136.6593 264.143 117.359 248.3173 164.3734 263.9003 975.8116;
