function solarprofile = ex_solar_profilesh1
%EX_WIND_PROFILE_D  Example wind_load_nyiso profile data for deterministic unit commitment.
% 2022.03.12
% Andres F. Ramirez


%% define constants
[GEN_BUS, PG, QG, QMAX, QMIN, VG, MBASE, GEN_STATUS, PMAX, PMIN, ...
    MU_PMAX, MU_PMIN, MU_QMAX, MU_QMIN, PC1, PC2, QC1MIN, QC1MAX, ...
    QC2MIN, QC2MAX, RAMP_AGC, RAMP_10, RAMP_30, RAMP_Q, APF] = idx_gen;
[CT_LABEL, CT_PROB, CT_TABLE, CT_TBUS, CT_TGEN, CT_TBRCH, CT_TAREABUS, ...
    CT_TAREAGEN, CT_TAREABRCH, CT_ROW, CT_COL, CT_CHGTYPE, CT_REP, ...
    CT_REL, CT_ADD, CT_NEWVAL, CT_TLOAD, CT_TAREALOAD, CT_LOAD_ALL_PQ, ...
    CT_LOAD_FIX_PQ, CT_LOAD_DIS_PQ, CT_LOAD_ALL_P, CT_LOAD_FIX_P, ...
    CT_LOAD_DIS_P, CT_TGENCOST, CT_TAREAGENCOST, CT_MODCOST_F, ...
    CT_MODCOST_X] = idx_ct;

solarprofile = struct( ...
    'type', 'mpcData', ...
    'table', CT_TGEN, ...
    'rows', [1:12], ...
    'col', PMAX, ...
    'chgtype', 1, ...
    'values', [] );
solarprofile.values(:,1,:) = [
	0.0 0.0 0.0 0.0 0.0 0.0 0.0 0.0 0.0 0.0 0.0 0.0;
	0.0 0.0 0.0 0.0 0.0 0.0 0.0 0.0 0.0 0.0 0.0 0.0;
	0.0 0.0 0.0 0.0 0.0 0.0 0.0 0.0 0.0 0.0 0.0 0.0;
	0.0 0.0 0.0 0.0 0.0 0.0 0.0 0.0 0.0 0.0 0.0 0.0;
	0.0 0.0 0.0 0.0 0.0 0.0 0.0 0.0 0.0 0.0 0.0 0.0;
	0.4147 0.3502 0.3103 0.0 0.0 1.9695 0.2462 1.4824 0.7718 0.0 0.0 0.0;
	3.7381 1.309 1.7352 0.8812 1.1875 137.162 17.1453 13.6237 162.663 49.332 30.1518 89.3405;
	5.5579 2.4001 2.426 1.9748 0.1758 121.3453 15.1682 16.7013 118.2576 107.6485 82.1762 194.952;
	10.2126 5.0659 4.189 4.8262 0.1331 111.033 13.8791 19.7021 122.5736 134.8537 108.0127 244.2209;
	20.462 11.9955 12.8501 11.3653 4.4881 123.4043 15.4255 6.3711 144.63 90.0673 86.9758 163.1124;
	16.8122 12.7357 12.1413 11.1767 4.6438 195.2254 24.4032 4.2646 159.1267 114.1562 161.2186 206.7376;
	10.6519 8.9167 9.1868 11.2025 4.5127 202.7276 25.3409 4.1133 137.3276 198.4691 182.0842 359.4287;
	5.2033 3.2388 4.7126 10.4264 1.8992 181.3554 22.6694 7.3346 101.4863 189.536 152.1721 343.2509;
	7.8818 5.238 5.5123 9.8825 1.7637 109.6273 13.7034 4.5452 65.8989 126.0985 126.3873 228.3652;
	8.0478 5.5498 5.464 7.9857 1.7777 77.5949 9.6994 2.2557 59.7896 51.9777 90.3851 94.132;
	3.2041 2.6793 2.8186 4.3853 1.9958 118.0233 14.7529 5.6346 76.291 8.0664 9.6312 14.6083;
	0.2348 0.3441 0.2519 1.1665 1.2964 57.8393 7.2299 7.2947 40.9412 3.8951 5.2251 7.054;
	0.0 0.0 0.0 0.0 0.0 0.0 0.0 0.0 0.0 0.0 0.0 0.0;
	0.0 0.0 0.0 0.0 0.0 0.0 0.0 0.0 0.0 0.0 0.0 0.0;
	0.0 0.0 0.0 0.0 0.0 0.0 0.0 0.0 0.0 0.0 0.0 0.0;
	0.0 0.0 0.0 0.0 0.0 0.0 0.0 0.0 0.0 0.0 0.0 0.0;
	0.0 0.0 0.0 0.0 0.0 0.0 0.0 0.0 0.0 0.0 0.0 0.0;
	0.0 0.0 0.0 0.0 0.0 0.0 0.0 0.0 0.0 0.0 0.0 0.0;
	0.0 0.0 0.0 0.0 0.0 0.0 0.0 0.0 0.0 0.0 0.0 0.0;
];
