function windprofile = ex_wind_profilesh1
%EX_WIND_PROFILE_D  Example wind_load_nyiso profile data for deterministic unit commitment.
% 2022.03.12
% Andres F. Ramirez


%% define constants
[GEN_BUS, PG, QG, QMAX, QMIN, VG, MBASE, GEN_STATUS, PMAX, PMIN, ...
    MU_PMAX, MU_PMIN, MU_QMAX, MU_QMIN, PC1, PC2, QC1MIN, QC1MAX, ...
    QC2MIN, QC2MAX, RAMP_AGC, RAMP_10, RAMP_30, RAMP_Q, APF] = idx_gen;
[CT_LABEL, CT_PROB, CT_TABLE, CT_TBUS, CT_TGEN, CT_TBRCH, CT_TAREABUS, ...
    CT_TAREAGEN, CT_TAREABRCH, CT_ROW, CT_COL, CT_CHGTYPE, CT_REP, ...
    CT_REL, CT_ADD, CT_NEWVAL, CT_TLOAD, CT_TAREALOAD, CT_LOAD_ALL_PQ, ...
    CT_LOAD_FIX_PQ, CT_LOAD_DIS_PQ, CT_LOAD_ALL_P, CT_LOAD_FIX_P, ...
    CT_LOAD_DIS_P, CT_TGENCOST, CT_TAREAGENCOST, CT_MODCOST_F, ...
    CT_MODCOST_X] = idx_ct;

windprofile = struct( ...
    'type', 'mpcData', ...
    'table', CT_TGEN, ...
    'rows', [1:45], ...
    'col', PMAX, ...
    'chgtype', 1, ...
    'values', [] );
windprofile.values(:,1,:) = [
	4.0053 54.1205 95.2228 117.3815 15.392 34.1681 32.4945 18.6092 11.4597 15.8235 29.2496 43.6346 65.6917 57.3985 198.8683 74.9225 92.9594 98.5092 88.9126 69.1186 10.8315 79.7256 19.7935 88.0225 105.9635 76.3485 14.1252 1311.3532 839.4793 839.4793 769.0341 111.8714 296.3753 177.9115 179.9522 358.1778 1176.6255 272.2541 475.186 283.8309 119.0105 379.0382 218.212 285.4387 1188.882;
	3.9802 53.7807 95.0997 117.5056 15.3471 34.2251 32.7519 18.724 13.0516 12.7109 23.496 35.0513 52.7696 65.165 193.8894 73.0467 90.632 96.0429 89.731 70.6787 10.9173 79.8585 26.578 89.1089 105.8641 76.5837 14.1468 1312.0454 860.4747 860.4747 799.4721 119.0631 299.1032 181.927 204.3011 367.1359 1282.5735 277.5316 477.5637 283.5644 120.5258 379.6701 218.0882 286.4956 1295.9336;
	3.8927 52.5989 94.6227 116.2291 15.3883 34.3655 32.5913 19.0577 23.6919 13.394 24.7587 36.935 55.6055 63.2046 188.8315 71.1412 88.2677 93.5375 88.5654 73.1523 10.8638 80.1862 26.14 89.6883 106.3768 76.6402 14.1183 1254.4627 841.2423 841.2423 787.1424 119.43 295.218 188.2943 198.1551 358.93 1232.7549 297.9772 472.8584 284.9378 119.8452 381.2283 216.662 284.4782 1245.5961;
	3.7161 50.2126 93.6882 119.4017 15.3047 33.6792 30.6506 19.1608 27.7718 28.2542 52.2275 77.9132 117.2979 65.6902 200.3263 75.4718 93.6409 99.2314 88.2212 69.2668 10.2169 78.5847 25.5179 90.0278 106.498 76.5857 14.1591 1243.2802 823.6241 823.6241 774.2127 120.6973 294.0705 178.293 205.9475 351.4129 1175.9924 310.5489 462.4538 285.2624 119.822 373.6142 184.3302 281.9452 1188.2423;
	3.4049 46.0072 94.2022 120.1656 15.4001 32.0616 30.1641 19.1564 27.3187 28.7599 53.1622 79.3075 119.397 64.2467 199.5476 75.1784 93.2769 98.8457 85.5768 70.113 10.0547 74.8104 72.0171 89.181 106.5965 76.0868 14.0709 1231.2126 830.8504 830.8504 775.664 119.165 285.256 180.4709 201.4222 354.4962 1115.3769 332.2999 450.0725 285.5264 119.5589 355.6699 186.5815 279.9933 1126.9954;
	3.8992 52.6869 95.1624 120.5634 15.3257 33.3824 17.9065 19.146 25.792 28.8741 53.3733 79.6225 119.8712 51.6748 204.8513 77.1765 95.7561 101.4728 57.2441 73.2472 5.9688 77.8924 70.8841 90.0423 106.7853 75.7269 14.1552 1181.5605 836.2239 836.2239 792.7921 120.3793 190.8137 188.5384 162.0076 356.7889 1197.2969 339.2146 450.9169 286.0321 117.7308 370.3225 173.0418 282.7781 1209.7688;
	3.9103 52.8367 95.255 120.5991 15.3771 34.1261 13.4919 19.1344 25.8593 28.1076 51.9565 77.5088 116.6891 66.2623 205.9735 77.5993 96.2806 102.0287 85.2373 73.8823 4.4973 79.6275 71.4465 90.1736 106.7308 74.1747 14.1301 1293.337 832.659 832.659 775.3727 115.7706 284.1242 190.1733 207.7413 355.2679 1200.2264 334.5466 432.2 285.886 122.2715 378.5717 192.605 285.5701 1212.7288;
	3.8554 52.0955 93.2394 117.2204 15.3912 33.2905 7.7287 17.7309 8.0936 28.3731 52.4472 78.241 117.7913 46.0248 204.5395 77.0591 95.6103 101.3184 87.6289 73.5425 2.5762 77.6779 74.291 86.4059 101.6237 70.3305 13.5908 1288.1416 799.7255 799.7255 750.7469 115.9423 292.0964 189.2985 144.2939 341.2162 1211.4857 331.4559 177.0703 272.2063 119.9018 369.3031 206.9097 280.3033 1224.1054;
	3.8777 52.3961 93.1862 117.7384 15.2943 31.4167 0.4308 17.6497 1.0084 27.8989 51.5707 76.9333 115.8227 26.0618 202.687 76.3611 94.7444 100.4008 91.748 73.6801 0.1436 73.3056 71.7167 86.1687 100.7677 70.6711 13.3956 1242.2445 732.489 732.489 770.0387 120.4533 305.8267 189.6527 81.7071 312.5287 1058.9966 321.3972 0.3528 269.9135 121.4347 348.5159 192.8587 280.7261 1070.0278;
	3.8867 52.518 92.4761 116.9935 15.3469 30.2723 0.1065 18.5922 3.5692 22.6983 41.9575 62.5923 94.2324 21.802 198.1994 74.6705 92.6467 98.1778 91.4575 73.5925 0.0355 70.6355 46.16 87.8429 103.6698 74.1943 13.7955 1022.6337 626.0273 626.0273 606.8933 121.8359 304.8583 189.4272 68.3523 267.105 811.5853 276.5657 0.0129 277.6871 123.658 335.8213 162.1034 279.7988 820.0393;
	3.7004 50.0009 90.5733 114.8271 15.1986 25.7589 0.0 17.9114 1.1853 25.4855 47.1096 70.2783 105.8036 4.5326 196.8882 74.1765 92.0338 97.5283 81.3075 73.1078 0.0 60.104 67.6928 87.6326 101.2413 72.724 13.9317 814.7517 679.6089 679.6089 532.2695 119.851 271.0249 188.1797 14.2104 289.9664 766.0161 217.2493 0.0 271.1821 122.5854 285.7516 156.5445 265.3328 773.9954;
	3.5774 48.3385 93.0223 115.7828 15.3745 20.2502 0.0 18.4898 0.5731 25.2254 46.6287 69.5609 104.7235 2.6155 201.5203 75.9216 94.199 99.8228 39.3988 72.7242 0.0 47.2504 70.4988 89.5921 104.6807 75.9091 13.9905 638.5125 721.3253 721.3253 518.2412 117.9536 131.3294 187.1923 8.2 307.7655 828.5151 217.2977 0.0 280.3947 123.8246 224.6418 146.4362 273.3691 837.1454;
	3.8952 52.6321 94.6883 117.6822 15.3707 22.417 0.0 18.7907 25.7327 22.196 41.029 61.2071 92.147 50.8769 196.7973 74.1422 91.9913 97.4833 59.627 71.4541 0.0 52.3064 70.4608 88.7435 105.6116 75.5441 14.1479 667.1868 730.4946 730.4946 519.606 115.8743 198.7567 183.9232 159.5061 311.6777 644.3582 235.2246 0.0 282.8881 124.0428 248.6794 156.5694 275.7536 651.0703;
	3.8533 52.0667 93.4028 115.6157 15.3307 20.3353 0.0 18.5529 16.0824 20.1409 37.2301 55.5401 83.6153 33.2727 197.8843 74.5518 92.4994 98.0217 56.4763 71.2865 0.0 47.4491 65.8536 86.8891 103.6562 75.4159 14.0866 548.7911 686.3966 686.3966 450.4446 97.9573 188.2542 183.4916 104.3143 292.8625 682.6357 239.9677 0.0 277.6505 124.0101 225.5868 158.7709 278.1707 689.7465;
	3.8956 52.6376 94.0623 120.1212 15.3754 20.2578 0.0 18.5693 0.4127 25.3405 46.8415 69.8784 105.2015 28.0166 194.7576 73.3738 91.0379 96.4729 77.3269 70.3185 0.0 47.2683 71.2455 89.0652 105.2686 75.324 14.145 411.4136 686.0098 686.0098 412.5294 84.991 257.7564 181.0001 87.836 292.6975 617.3344 223.9512 0.0 281.9695 123.9516 224.7269 172.6262 260.3901 623.765;
	3.7759 51.0212 93.4461 119.5931 15.1599 11.3343 0.0 18.4536 1.2819 28.325 52.3583 78.1083 117.5917 22.7408 190.9979 71.9574 89.2804 94.6106 68.5355 71.1662 0.0 26.4468 69.5105 87.6355 103.6502 73.7209 13.9509 457.4875 580.1493 580.1493 386.0692 86.5323 228.4517 183.1819 71.2956 247.5304 512.8877 200.2971 2.2375 277.6345 123.7498 125.7357 166.7472 252.2999 518.2303;
	3.6375 49.1501 94.0491 118.1809 15.1654 18.545 0.0 18.8566 1.1203 28.2457 52.2117 77.8895 117.2622 30.8788 190.0214 71.5894 88.8239 94.1269 68.8273 69.5936 0.0 43.2717 71.8988 89.5551 105.9913 75.1887 13.8012 982.9487 466.621 466.621 270.9231 86.99 229.4244 179.134 96.8093 199.0916 818.5951 204.3936 92.5556 283.9052 122.1404 205.726 129.5493 241.6691 827.1221;
	3.4103 46.0805 91.3918 118.2563 15.03 21.6502 0.024 18.4799 0.3272 29.7431 54.9797 82.0189 123.479 57.5143 199.4298 75.134 93.2218 98.7873 84.8969 71.721 0.008 50.5171 73.17 86.9934 102.8715 72.9634 13.7137 1195.6277 591.2233 591.2233 216.4472 66.5738 282.9898 184.61 180.3152 252.2553 1036.7895 191.7611 116.2596 275.5487 122.7133 240.1726 172.7799 265.8332 1047.5894;
