function loadprofile = ex_load_profilesh1
%EX_LOAD_PROFILE  Example load profile data file for stochastic unit commitment.
% 2022.03.12
% Andres F. Ramirez

%% define constants
[CT_LABEL, CT_PROB, CT_TABLE, CT_TBUS, CT_TGEN, CT_TBRCH, CT_TAREABUS, ...
    CT_TAREAGEN, CT_TAREABRCH, CT_ROW, CT_COL, CT_CHGTYPE, CT_REP, ...
    CT_REL, CT_ADD, CT_NEWVAL, CT_TLOAD, CT_TAREALOAD, CT_LOAD_ALL_PQ, ...
    CT_LOAD_FIX_PQ, CT_LOAD_DIS_PQ, CT_LOAD_ALL_P, CT_LOAD_FIX_P, ...
    CT_LOAD_DIS_P, CT_TGENCOST, CT_TAREAGENCOST, CT_MODCOST_F, ...
    CT_MODCOST_X] = idx_ct;

loadprofile = struct( ...
    'type', 'mpcData', ...
    'table', CT_TAREALOAD, ...
    'rows', [1:11], ...
    'col', CT_LOAD_ALL_P, ...
    'chgtype', 1, ...
    'values', [] );
loadprofile.values(:,1,:) = [
	1416.8183 869.1 1449.2568 562.6734 762.6904 1017.0736 829.1423 214.8 502.5 4432.6286 1687.4768;
	1462.1347 852.2169 1431.0167 559.1914 731.0 991.6185 806.5137 208.505 481.745 4293.7 1632.4869;
	1482.8134 885.5705 1477.9721 560.6976 745.7889 1000.5571 820.1 221.8714 493.9305 4352.142 1672.3355;
	1522.9518 938.7233 1582.8614 562.7 778.9263 1080.8202 863.0105 237.1098 524.9785 4548.2 1806.4635;
	1689.3947 1069.7 1795.2067 597.6234 881.0 1254.5112 990.4527 282.2764 600.0765 5028.9626 2054.2431;
	1753.1841 1139.1841 1901.6791 602.0352 952.3 1312.3353 1046.8 310.7182 693.0549 5549.6214 2253.3225;
	1766.2474 1137.9299 1894.7125 588.044 948.0507 1336.3042 1058.2349 325.0787 714.2268 5936.7769 2382.4116;
	1777.8313 1171.9739 1931.6598 593.0368 961.9 1320.4851 1118.4445 336.5 725.86 6154.7273 2493.5726;
	1784.5079 1193.3 1956.4714 581.9 997.6 1308.0195 1143.5649 327.7 738.1341 6108.6 2531.6605;
	1807.6709 1160.5954 1886.0302 576.0465 982.4925 1281.7829 1149.2694 314.8 727.0292 6165.5276 2603.8062;
	1802.3063 1124.9 1865.0982 557.5692 960.6583 1280.0952 1137.6883 321.0019 702.2 6105.9084 2586.9882;
	1835.3096 1143.364 1864.4048 554.7761 968.8021 1341.7726 1142.9857 321.164 711.4261 6073.3826 2504.6038;
	1794.6027 1126.5554 1831.6905 549.9888 964.2691 1319.169 1094.0848 303.2821 684.6 6004.7 2359.3677;
	1772.525 1096.2469 1779.3376 542.9 952.094 1313.2328 1076.0286 294.8167 685.5391 5974.0 2363.4895;
	1792.9624 1074.1575 1739.3166 557.2759 915.2 1285.608 1055.1288 313.5424 686.85 5974.1605 2374.5116;
	1786.4079 1082.4737 1789.327 566.3989 944.6 1297.7651 1106.8771 337.9993 693.5802 6085.3416 2542.5434;
	1790.7484 1108.5835 1811.7589 567.6414 984.3543 1322.3765 1136.9069 354.572 697.962 5940.828 2620.1624;
	1819.1 1133.7665 1898.6049 577.9226 1011.1513 1389.2924 1165.6 358.8299 712.9 5950.5319 2636.6422;
	1850.2 1137.5334 1886.9427 584.8925 1004.123 1381.2713 1163.3493 344.9157 693.7831 5799.6428 2584.0117;
	1803.2455 1078.2408 1826.8 577.0755 968.8104 1354.2981 1135.4894 317.6081 657.1005 5597.072 2335.0356;
	1735.8418 1023.367 1724.8851 559.4158 914.1087 1262.2661 1052.3844 300.976 620.4 5343.1004 2186.4406;
	1648.5925 985.2003 1614.3036 549.1941 843.8268 1187.4695 963.2 264.8058 591.3393 5105.0633 2070.5404;
	1597.669 912.1 1545.1352 564.5663 747.6731 1153.5322 926.9 250.7 544.8 4814.3317 1863.5293;
	1574.9328 891.6791 1530.1157 568.4608 734.5325 1113.3064 867.4815 243.1 510.9193 4518.1711 1794.2723;
];
