function solarprofile = ex_solar_profilesh1
%EX_WIND_PROFILE_D  Example wind_load_nyiso profile data for deterministic unit commitment.
% 2022.03.12
% Andres F. Ramirez


%% define constants
[GEN_BUS, PG, QG, QMAX, QMIN, VG, MBASE, GEN_STATUS, PMAX, PMIN, ...
    MU_PMAX, MU_PMIN, MU_QMAX, MU_QMIN, PC1, PC2, QC1MIN, QC1MAX, ...
    QC2MIN, QC2MAX, RAMP_AGC, RAMP_10, RAMP_30, RAMP_Q, APF] = idx_gen;
[CT_LABEL, CT_PROB, CT_TABLE, CT_TBUS, CT_TGEN, CT_TBRCH, CT_TAREABUS, ...
    CT_TAREAGEN, CT_TAREABRCH, CT_ROW, CT_COL, CT_CHGTYPE, CT_REP, ...
    CT_REL, CT_ADD, CT_NEWVAL, CT_TLOAD, CT_TAREALOAD, CT_LOAD_ALL_PQ, ...
    CT_LOAD_FIX_PQ, CT_LOAD_DIS_PQ, CT_LOAD_ALL_P, CT_LOAD_FIX_P, ...
    CT_LOAD_DIS_P, CT_TGENCOST, CT_TAREAGENCOST, CT_MODCOST_F, ...
    CT_MODCOST_X] = idx_ct;

solarprofile = struct( ...
    'type', 'mpcData', ...
    'table', CT_TGEN, ...
    'rows', [1:12], ...
    'col', PMAX, ...
    'chgtype', 1, ...
    'values', [] );
solarprofile.values(:,1,:) = [
	0.0 0.0 0.0 0.0 0.0 0.0 0.0 0.0 0.0 0.0 0.0 0.0;
	0.0 0.0 0.0 0.0 0.0 0.0 0.0 0.0 0.0 0.0 0.0 0.0;
	0.0 0.0 0.0 0.0 0.0 0.0 0.0 0.0 0.0 0.0 0.0 0.0;
	0.0 0.0 0.0 0.0 0.0 0.0 0.0 0.0 0.0 0.0 0.0 0.0;
	0.0 0.0 0.0 0.0 0.0 0.0 0.0 0.0 0.0 0.0 0.0 0.0;
	0.4095 0.3543 0.3139 0.0 0.0 0.1765 0.0221 0.5265 0.0956 0.0 0.0 0.0;
	1.0156 0.5722 1.9541 1.8221 1.6066 87.7545 10.9693 8.5804 45.6299 39.9613 15.027 72.3702;
	5.0635 2.0381 4.1743 1.1341 2.8903 63.8101 7.9763 6.1787 74.1475 109.7186 57.1154 198.701;
	10.1311 5.2668 6.0666 1.4065 3.8848 56.7211 7.0901 7.1884 115.125 206.4415 128.6338 373.8668;
	13.2056 11.0389 11.033 9.7535 12.5509 151.1978 18.8997 13.1224 178.5933 251.9142 150.693 456.2181;
	16.3399 13.8103 13.3192 11.1451 12.2336 288.6243 36.078 29.8888 217.6171 246.0286 168.9399 445.5593;
	16.9905 13.7576 13.537 11.3044 11.9713 346.6577 43.3322 38.3258 220.8747 192.7241 169.0275 349.0244;
	10.4175 5.1362 8.9754 11.2393 8.0635 323.4846 40.4356 23.0128 215.8262 97.6897 91.7085 176.9166;
	7.6975 3.8798 5.5781 10.3497 6.7652 254.8214 31.8527 8.8566 191.3796 84.4342 76.1725 152.9108;
	4.0023 2.5105 2.9717 7.0221 3.5534 184.3056 23.0382 2.896 126.2403 42.905 35.6881 77.7012;
	1.7022 1.7554 0.9939 0.9949 0.0 142.4614 17.8077 2.059 35.9403 0.6295 1.424 1.14;
	0.6785 0.8905 0.3652 1.0305 0.1573 54.6609 6.8326 3.8376 40.9412 0.0 2.0825 0.0;
	0.0 0.0 0.0 0.0 0.0 0.0 0.0 0.0 0.0 0.0 0.0 0.0;
	0.0 0.0 0.0 0.0 0.0 0.0 0.0 0.0 0.0 0.0 0.0 0.0;
	0.0 0.0 0.0 0.0 0.0 0.0 0.0 0.0 0.0 0.0 0.0 0.0;
	0.0 0.0 0.0 0.0 0.0 0.0 0.0 0.0 0.0 0.0 0.0 0.0;
	0.0 0.0 0.0 0.0 0.0 0.0 0.0 0.0 0.0 0.0 0.0 0.0;
	0.0 0.0 0.0 0.0 0.0 0.0 0.0 0.0 0.0 0.0 0.0 0.0;
	0.0 0.0 0.0 0.0 0.0 0.0 0.0 0.0 0.0 0.0 0.0 0.0;
];
