function windprofile = ex_wind_profilesh1
%EX_WIND_PROFILE_D  Example wind_load_nyiso profile data for deterministic unit commitment.
% 2022.03.12
% Andres F. Ramirez


%% define constants
[GEN_BUS, PG, QG, QMAX, QMIN, VG, MBASE, GEN_STATUS, PMAX, PMIN, ...
    MU_PMAX, MU_PMIN, MU_QMAX, MU_QMIN, PC1, PC2, QC1MIN, QC1MAX, ...
    QC2MIN, QC2MAX, RAMP_AGC, RAMP_10, RAMP_30, RAMP_Q, APF] = idx_gen;
[CT_LABEL, CT_PROB, CT_TABLE, CT_TBUS, CT_TGEN, CT_TBRCH, CT_TAREABUS, ...
    CT_TAREAGEN, CT_TAREABRCH, CT_ROW, CT_COL, CT_CHGTYPE, CT_REP, ...
    CT_REL, CT_ADD, CT_NEWVAL, CT_TLOAD, CT_TAREALOAD, CT_LOAD_ALL_PQ, ...
    CT_LOAD_FIX_PQ, CT_LOAD_DIS_PQ, CT_LOAD_ALL_P, CT_LOAD_FIX_P, ...
    CT_LOAD_DIS_P, CT_TGENCOST, CT_TAREAGENCOST, CT_MODCOST_F, ...
    CT_MODCOST_X] = idx_ct;

windprofile = struct( ...
    'type', 'mpcData', ...
    'table', CT_TGEN, ...
    'rows', [1:45], ...
    'col', PMAX, ...
    'chgtype', 1, ...
    'values', [] );
windprofile.values(:,1,:) = [
	3.9255 53.042 94.299 117.7923 14.8008 33.7448 31.3594 19.0655 10.2158 17.0844 31.5802 47.1115 70.9261 50.3647 201.5451 75.9309 94.2106 99.8351 91.5144 68.2367 10.4531 78.7378 23.8161 87.885 106.4934 76.2501 14.129 1276.9601 773.6852 773.6852 711.5994 112.3483 305.0479 175.6414 157.9003 330.1057 1083.8452 253.3913 441.0595 285.2503 120.8915 374.3422 211.9775 277.8395 1095.1352;
	3.8008 51.3569 92.3388 116.2191 14.794 32.5024 32.8437 19.0271 10.8872 11.5086 21.2735 31.7358 47.7781 56.4133 193.2951 72.8228 90.3542 95.7485 90.9487 70.4934 10.9479 75.839 22.1404 86.0421 105.6989 76.1105 13.8873 1265.1112 790.0562 790.0562 772.8754 120.2094 303.1623 181.4503 176.8633 337.0907 1205.124 266.7768 463.3091 283.122 119.8007 360.5604 203.339 274.8518 1217.6774;
	3.582 48.4008 87.9427 113.0728 14.6893 29.4853 31.581 18.5912 20.0863 13.4168 24.8008 36.9979 55.7002 50.4606 173.8831 65.5095 81.2802 86.1328 88.4765 71.8718 10.527 68.7991 22.5819 87.0513 104.4187 75.6686 13.4344 1188.3125 767.1623 767.1623 724.3011 118.8787 294.9216 184.9981 158.2008 327.3226 1143.2469 288.1736 442.275 279.6929 119.0079 327.0905 189.6473 257.3586 1155.1557;
	3.5918 48.5335 87.0902 112.6365 14.8179 32.731 30.6583 18.579 27.0029 26.9079 49.7389 74.2006 111.7087 63.6911 195.1365 73.5166 91.215 96.6607 88.0289 71.5896 10.2194 76.3722 21.3082 85.2202 102.1532 74.7023 13.5006 1245.5147 771.3249 771.3249 748.0062 116.7266 293.4295 184.2719 199.6801 329.0986 1155.6902 309.6288 444.8779 273.6245 117.6508 363.0953 172.1943 255.8395 1167.7286;
	2.7973 37.797 86.6467 113.8919 14.2879 29.1524 30.7663 18.8103 25.844 27.7059 51.2139 76.401 115.0213 60.8057 192.8265 72.6463 90.1352 95.5164 89.3572 70.5443 10.2554 68.0222 68.7588 84.0796 103.3042 74.0756 13.8467 1274.8192 751.8854 751.8854 743.9697 112.1152 297.8572 181.5811 190.6342 320.8044 1108.8875 314.1426 434.8439 276.7077 117.3633 323.3968 164.7403 265.3575 1120.4384;
	3.5013 47.3108 91.4732 114.2173 14.153 31.9112 20.0318 18.0775 26.0449 28.8884 53.3998 79.662 119.9307 50.8874 192.5569 72.5447 90.0091 95.3828 60.6034 70.8921 6.6773 74.4596 69.7545 87.3839 105.5828 72.7359 13.5385 1236.8688 770.8793 770.8793 766.2876 116.9642 202.0114 182.4765 159.539 328.9085 1197.2014 306.4372 442.7537 282.8111 116.7602 354.002 149.0101 271.4013 1209.6723;
	3.5929 48.5477 90.9871 113.2829 14.2124 32.922 14.1344 17.8772 25.8171 28.3227 52.354 78.1019 117.582 64.7893 190.0038 71.5828 88.8157 94.1182 85.8427 70.8892 4.7115 76.818 67.8273 86.5702 104.6331 72.2287 13.585 1278.1826 779.2064 779.2064 755.8982 118.8968 286.1422 182.469 203.1234 332.4614 1196.4256 320.9313 413.4343 280.2671 119.8462 365.2147 169.7576 271.5565 1208.8884;
	3.5127 47.4649 90.4545 113.6446 13.9671 32.0719 0.0851 17.6507 0.0 28.7268 53.101 79.2163 119.2597 39.9208 194.1702 73.1525 90.7633 96.182 84.1597 71.5844 0.0284 74.8344 70.6445 85.9323 103.2335 73.4193 13.4194 1242.2438 740.188 740.188 689.9379 114.6128 280.5324 184.2585 125.1571 315.8136 1135.4128 299.8877 120.801 276.5182 118.3513 355.784 179.6926 276.0695 1147.24;
	3.5588 48.0873 90.9646 113.9198 13.9562 25.3057 2.3053 17.3374 0.0387 28.0125 51.7806 77.2465 116.2941 26.605 193.0028 72.7127 90.2176 95.6037 89.9369 72.3384 0.7684 59.0467 70.8416 85.0095 100.472 71.1617 13.026 1190.938 649.7303 649.7303 665.9635 114.9748 299.7897 186.1992 83.4101 277.2183 1008.9042 276.343 0.0018 269.1213 117.6503 280.7248 163.4895 277.8242 1019.4136;
	3.564 48.1578 90.7966 114.8939 14.3891 23.5506 1.6378 18.1565 0.0 23.6987 43.8066 65.3509 98.3854 15.6562 176.243 66.3985 82.3833 87.3017 86.1757 72.0964 0.5459 54.9514 48.0911 86.1904 98.9665 72.8006 12.9069 1044.9807 571.3526 571.3526 604.6643 116.3683 287.2522 185.5763 49.0844 243.7771 813.216 268.5333 0.0 265.0887 116.2275 261.2547 136.8467 281.6533 821.687;
	3.3079 44.6971 92.8205 116.1692 14.4341 23.5063 5.6283 18.2316 1.0548 27.184 50.2492 74.962 112.8549 1.4347 190.611 71.8116 89.0996 94.4189 81.5146 71.7693 1.8761 54.848 70.4979 88.413 103.3075 73.5072 13.2948 855.8015 675.1242 675.1242 564.0683 118.736 271.7152 184.7344 4.4981 288.053 775.3598 217.5477 0.0793 276.7164 116.1066 260.7628 137.1432 275.8974 783.4365;
	3.1944 43.1639 92.4815 118.3589 14.9328 19.5696 17.0843 18.264 1.0356 26.4444 48.8821 72.9224 109.7843 19.904 196.3002 73.955 91.7589 97.2371 44.1143 73.4657 5.6948 45.6624 70.9706 87.7454 103.6751 75.0233 13.5427 666.4415 736.9318 736.9318 562.4649 119.0539 147.0476 189.101 62.4016 314.4242 864.2633 221.5957 5.6999 277.7013 118.9443 217.0919 135.0697 278.6083 873.266;
	3.6411 49.1995 92.7266 113.0122 14.5404 20.774 11.3333 17.6643 21.5817 15.911 29.4112 43.8757 66.0546 49.3106 192.2513 72.4296 89.8663 95.2315 61.629 72.0149 3.7778 48.4727 66.2596 84.9444 103.1353 71.6322 13.6157 668.3204 711.2569 711.2569 537.6441 115.6983 205.43 185.3665 154.5954 303.4696 646.7093 232.2957 0.0 276.2554 119.9461 230.4529 138.2738 281.2093 653.4458;
	3.6482 49.2954 93.2481 114.5894 14.2863 20.6629 9.9646 18.1693 16.1601 21.0596 38.9283 58.0734 87.4292 34.5472 196.1064 73.8819 91.6683 97.1411 58.6569 72.8913 3.3215 48.2133 68.9573 86.9794 104.9192 72.9938 13.6174 578.143 715.3577 715.3577 504.9709 97.9796 195.5231 187.6223 108.3103 305.2193 736.6269 228.1531 0.1712 281.0335 118.3036 229.22 152.8145 275.0843 744.3001;
	3.709 50.1161 89.9605 112.3236 14.8821 19.7077 13.4724 18.4883 0.0185 23.6616 43.7381 65.2487 98.2315 31.4343 188.6909 71.0882 88.202 93.4678 77.4552 71.2795 4.4908 45.9847 68.5368 87.7627 103.0431 72.5471 13.6715 446.4229 698.5048 698.5048 465.4349 86.0562 258.1839 183.4736 98.5507 298.0287 628.3863 222.7296 10.7278 276.0083 120.8739 218.6242 159.7284 258.9428 634.932;
	3.4028 45.9797 88.6248 114.3521 14.3836 10.2885 9.7726 18.0333 0.2094 27.1414 50.1704 74.8444 112.6778 22.641 161.0799 60.6859 75.2955 79.7907 65.6604 70.0771 3.2575 24.0064 68.5402 85.4112 97.8937 70.7134 13.5855 449.4596 550.3278 550.3278 420.3473 86.0854 218.8681 180.3786 70.9826 234.8065 507.1304 204.0903 14.6769 262.2153 119.7345 114.1333 153.7336 249.4178 512.413;
	3.4142 46.1336 89.2168 112.7902 14.339 17.5032 11.1204 18.3505 4.6057 28.5402 52.7561 78.7017 118.4849 30.9597 188.7501 71.1105 88.2297 93.4971 68.7947 70.3973 3.7068 40.8407 71.0196 85.5183 100.4247 72.1739 13.6554 1085.3936 487.6188 487.6188 307.1136 87.8209 229.3156 181.2028 97.0629 208.0507 906.7248 218.04 119.2922 268.9947 121.4373 194.1684 134.5673 241.083 916.1699;
	3.2701 44.1868 89.9002 112.7095 14.3477 20.4598 5.9252 18.0619 4.2338 28.5931 52.8539 78.8477 118.7047 57.401 191.1897 72.0296 89.3701 94.7056 81.988 71.5513 1.9751 47.7396 71.2409 84.8217 97.2759 72.8256 13.4846 1239.7732 594.1696 594.1696 223.0859 62.04 273.2933 184.1733 179.96 253.5124 1089.5881 201.5084 138.9309 260.5606 120.6433 226.9678 179.196 272.676 1100.938;
