function windprofile = ex_wind_profilesh1
%EX_WIND_PROFILE_D  Example wind_load_nyiso profile data for deterministic unit commitment.
% 2022.03.12
% Andres F. Ramirez


%% define constants
[GEN_BUS, PG, QG, QMAX, QMIN, VG, MBASE, GEN_STATUS, PMAX, PMIN, ...
    MU_PMAX, MU_PMIN, MU_QMAX, MU_QMIN, PC1, PC2, QC1MIN, QC1MAX, ...
    QC2MIN, QC2MAX, RAMP_AGC, RAMP_10, RAMP_30, RAMP_Q, APF] = idx_gen;
[CT_LABEL, CT_PROB, CT_TABLE, CT_TBUS, CT_TGEN, CT_TBRCH, CT_TAREABUS, ...
    CT_TAREAGEN, CT_TAREABRCH, CT_ROW, CT_COL, CT_CHGTYPE, CT_REP, ...
    CT_REL, CT_ADD, CT_NEWVAL, CT_TLOAD, CT_TAREALOAD, CT_LOAD_ALL_PQ, ...
    CT_LOAD_FIX_PQ, CT_LOAD_DIS_PQ, CT_LOAD_ALL_P, CT_LOAD_FIX_P, ...
    CT_LOAD_DIS_P, CT_TGENCOST, CT_TAREAGENCOST, CT_MODCOST_F, ...
    CT_MODCOST_X] = idx_ct;

windprofile = struct( ...
    'type', 'mpcData', ...
    'table', CT_TGEN, ...
    'rows', [1:45], ...
    'col', PMAX, ...
    'chgtype', 1, ...
    'values', [] );
windprofile.values(:,1,:) = [
	3.9036 52.7464 89.7951 112.2293 15.2688 34.2485 29.2791 18.542 9.5339 16.6183 30.7187 45.8262 68.9912 38.4087 196.9679 74.2065 92.0711 97.5678 84.5562 69.8338 9.7597 79.9132 0.6711 86.0526 100.8971 74.8839 13.5259 1296.3295 735.8831 735.8831 723.0951 119.4854 281.8541 179.7525 120.4166 313.9768 1149.7696 276.5856 436.9309 270.2602 120.5972 379.9303 212.2264 267.2738 1161.7463;
	3.9081 52.8076 89.8292 110.5585 15.2863 33.6218 29.7511 18.177 11.1566 14.3647 26.5529 39.6118 59.6353 56.2187 188.3015 70.9415 88.02 93.2749 86.1754 70.0307 9.917 78.451 23.6862 81.9006 97.5111 73.139 12.9545 1305.0112 752.5531 752.5531 729.0906 119.6992 287.2512 180.2593 176.2531 321.0893 1250.7709 259.4979 436.7878 261.1904 117.7255 372.9783 212.3309 266.8004 1263.7997;
	3.8008 51.3565 87.8741 111.7266 15.2546 33.9293 31.3432 18.4254 21.3019 15.3937 28.4551 42.4494 63.9073 53.8174 164.3111 61.9033 76.8059 81.3913 88.248 69.2273 10.4477 79.1684 24.1945 84.9983 99.4297 75.2812 13.2359 1276.6785 718.551 718.551 710.4536 119.7679 294.1601 178.1913 168.7249 306.5818 1210.4504 268.5705 440.8744 266.3295 117.1084 376.389 212.1732 257.3915 1223.0592;
	3.8462 51.9706 89.5681 115.2787 15.3804 34.4553 31.0153 18.8324 27.5571 29.4677 54.4707 81.2595 122.3357 65.1856 191.0764 71.9869 89.3171 94.6495 89.0006 59.4654 10.3384 80.3956 24.1173 85.6009 102.1857 75.2978 13.3451 1337.1086 774.9676 774.9676 780.8005 119.5065 296.6688 153.064 204.3656 330.6529 1210.7456 303.5251 448.494 273.7116 116.5683 382.2237 191.3845 266.6057 1223.3576;
	3.2437 43.8295 88.8643 110.5527 15.3458 30.6161 31.1757 18.0215 26.7129 29.3616 54.2745 80.9669 121.8952 63.8727 191.3872 72.104 89.4624 94.8034 87.8964 62.9326 10.3919 71.4376 67.9214 86.1383 97.6798 73.0712 13.028 1350.0831 770.2013 770.2013 753.8278 120.0974 292.9881 161.9887 200.2496 328.6192 1172.1348 308.0415 449.9444 261.6422 114.9839 339.6346 182.987 266.2456 1184.3445;
	3.7106 50.1385 88.1675 109.9959 14.8723 32.4538 18.5512 18.3117 25.582 28.9829 53.5744 79.9225 120.3228 52.9367 193.9925 73.0856 90.6802 96.094 57.4335 67.6783 6.1837 75.7255 68.6238 83.1901 96.9221 73.932 13.537 1303.477 779.2966 779.2966 765.0387 120.9929 191.4451 174.2042 165.9636 332.4999 1194.3734 302.212 445.3468 259.6129 113.3021 360.0206 166.7523 272.0969 1206.8148;
	3.6303 49.0539 86.5561 106.6281 14.6606 32.5388 12.3267 17.0577 23.146 28.8016 53.2394 79.4227 119.5705 64.9949 188.978 71.1964 88.3362 93.61 81.321 69.4731 4.1089 75.924 69.8729 79.5542 90.4322 69.8708 13.0087 1314.1271 740.1691 740.1691 707.1752 118.3289 271.0699 178.8238 203.7679 315.8055 1145.4271 297.9961 357.8234 242.229 114.2034 360.9643 178.5378 265.9251 1157.3586;
	3.6426 49.2191 87.6297 111.8847 14.7658 32.0152 0.0809 17.3576 0.0 28.1804 52.091 77.7096 116.9914 43.8453 193.438 72.8766 90.421 95.8193 82.2515 68.9806 0.027 74.7022 72.953 80.351 91.5903 71.3332 13.1951 1246.5824 693.1627 693.1627 719.328 118.3362 274.1716 177.5562 137.461 295.7494 1129.3236 292.3191 161.9179 245.331 116.6257 355.1555 198.4692 267.6927 1141.0874;
	3.5743 48.2965 86.3665 106.2911 14.2385 26.7628 0.0 17.541 0.0 26.7702 49.4843 73.8208 111.1368 21.3931 190.6161 71.8135 89.1019 94.4215 82.9923 69.8462 0.0 62.4465 67.661 65.707 83.3238 70.0508 13.019 1175.6504 619.2816 619.2816 689.8043 113.3601 276.641 179.7843 67.0703 264.2268 947.6784 264.8234 0.0 223.1887 118.2345 296.8885 168.7183 266.5279 957.55;
	3.5679 48.2096 78.6065 87.5644 14.4539 24.3489 0.0 17.7058 0.0 23.5541 43.5393 64.9521 97.7851 17.5537 189.7909 71.5026 88.7162 94.0127 86.8452 71.1431 0.0 56.8141 44.4272 78.0787 87.5992 71.4391 12.9198 989.3298 562.8057 562.8057 548.7939 109.7115 289.484 183.1224 55.0332 240.1304 761.0423 242.2266 1.2572 234.6407 119.6894 270.1105 150.3006 260.3356 768.9698;
	3.4253 46.2838 83.0438 110.1362 14.3618 21.7913 0.0296 17.4339 0.0 28.2068 52.1399 77.7824 117.101 0.8787 192.6132 72.5659 90.0355 95.4107 73.5305 69.8157 0.0099 50.8464 69.3132 85.2771 96.7125 71.4993 13.1404 825.043 622.6104 622.6104 509.9364 115.4437 245.1017 179.7058 2.7548 265.6471 737.4844 201.6768 4.3386 259.0512 121.2805 241.7383 147.3254 264.0153 745.1665;
	3.1825 43.0022 82.7953 101.7588 14.442 11.2987 0.0 17.8462 0.0 26.4339 48.8627 72.8936 109.7409 0.3762 194.875 73.418 91.0927 96.5311 29.5052 70.0681 0.0 26.3637 68.9057 85.0029 98.8425 74.5623 13.3951 587.9991 671.0847 671.0847 533.4834 110.6894 98.3508 180.3555 1.1794 286.3295 769.9614 214.1572 0.0 264.7567 122.7206 125.3405 129.8253 263.7106 777.9819;
	3.4564 46.7033 77.9483 99.1109 14.0951 7.6938 0.0 17.3854 22.5799 21.8819 40.4484 60.341 90.843 49.6018 192.9156 72.6798 90.1768 95.5605 49.7799 70.8202 0.0 17.9522 66.1508 82.4773 97.3326 73.0407 13.4769 631.0844 649.1457 649.1457 543.231 108.2309 165.933 182.2913 155.5084 276.9688 591.3122 224.2644 0.0 260.7124 122.3654 85.3499 126.934 252.7516 597.4717;
	3.2639 44.1018 79.803 93.7457 13.941 14.9392 0.0 17.3558 16.0872 17.9596 33.1981 49.525 74.5597 36.7548 197.6787 74.4743 92.4033 97.9199 50.3838 71.9301 0.0 34.858 60.5274 78.914 90.8407 71.7334 12.9469 529.1851 645.028 645.028 465.0585 91.1175 167.9461 185.1481 115.2313 275.212 643.1661 223.5015 0.0 243.3232 117.0942 165.725 138.7895 227.2702 649.8658;
	3.5682 48.2142 86.3092 109.6993 14.2098 14.7608 0.0 17.7916 0.0 19.8122 36.6226 54.6337 82.2507 30.7913 186.0392 70.0892 86.9625 92.1543 62.3688 69.1612 0.0 34.4418 54.4107 84.0496 98.1369 74.8562 13.3429 393.2725 638.1787 638.1787 457.0977 81.4315 207.8959 178.0211 96.5347 272.2896 562.1326 227.9687 0.0 262.8667 119.5459 163.7461 147.5584 238.7196 567.9882;
	3.3607 45.4107 86.9973 110.82 14.2936 8.1434 0.0 18.4939 0.5908 26.5409 49.0604 73.1885 110.1849 21.9263 173.5904 65.3992 81.1434 85.9878 58.8957 69.7272 0.0 19.0012 67.7784 85.5048 99.7586 74.782 13.762 396.9802 508.3133 508.3133 395.8069 80.7925 196.319 179.478 68.7421 216.8803 442.4519 206.2698 0.0 267.2106 120.598 90.3373 137.5896 224.2112 447.0607;
	3.3578 45.3716 86.9978 111.264 14.0952 16.7497 0.0 18.5763 0.3941 26.533 49.0459 73.1669 110.1523 31.4944 181.2336 68.2787 84.7162 89.7738 65.1059 71.0363 0.0 39.0827 69.3536 84.472 100.7346 73.4981 13.4435 932.8328 452.8977 452.8977 283.0253 80.2221 217.0197 182.8475 98.7393 193.2364 785.8438 210.471 79.1847 269.8248 118.6236 185.8105 121.4922 230.0777 794.0297;
	3.1825 43.0032 90.2679 115.2996 14.4398 21.0849 0.0 18.5439 0.0 27.5042 50.841 75.8448 114.1839 48.5659 188.2267 70.9133 87.985 93.2379 79.9213 71.7719 0.0 49.1982 68.9124 86.7739 100.015 74.157 13.6641 1190.5819 497.3035 497.3035 183.9012 55.4537 266.4044 184.741 152.2606 212.1828 878.7998 185.7042 42.9254 267.8974 120.5469 233.9023 162.8069 263.4612 887.954;
	2.2151 29.9312 90.1481 111.1496 14.4111 31.6138 0.0 18.8657 0.0281 24.9554 46.1297 68.8165 103.6028 56.8601 191.4428 72.125 89.4884 94.831 54.5574 70.8598 0.0 73.7656 52.1667 87.7347 100.4226 74.2987 14.0477 1192.1398 634.6748 634.6748 269.3975 47.9837 181.858 182.3932 178.2641 270.7946 1071.9952 125.8851 219.5819 268.9892 121.5251 350.7027 153.6209 264.046 1083.1618;
