function windprofile = ex_wind_profilesh1
%EX_WIND_PROFILE_D  Example wind_load_nyiso profile data for deterministic unit commitment.
% 2022.03.12
% Andres F. Ramirez


%% define constants
[GEN_BUS, PG, QG, QMAX, QMIN, VG, MBASE, GEN_STATUS, PMAX, PMIN, ...
    MU_PMAX, MU_PMIN, MU_QMAX, MU_QMIN, PC1, PC2, QC1MIN, QC1MAX, ...
    QC2MIN, QC2MAX, RAMP_AGC, RAMP_10, RAMP_30, RAMP_Q, APF] = idx_gen;
[CT_LABEL, CT_PROB, CT_TABLE, CT_TBUS, CT_TGEN, CT_TBRCH, CT_TAREABUS, ...
    CT_TAREAGEN, CT_TAREABRCH, CT_ROW, CT_COL, CT_CHGTYPE, CT_REP, ...
    CT_REL, CT_ADD, CT_NEWVAL, CT_TLOAD, CT_TAREALOAD, CT_LOAD_ALL_PQ, ...
    CT_LOAD_FIX_PQ, CT_LOAD_DIS_PQ, CT_LOAD_ALL_P, CT_LOAD_FIX_P, ...
    CT_LOAD_DIS_P, CT_TGENCOST, CT_TAREAGENCOST, CT_MODCOST_F, ...
    CT_MODCOST_X] = idx_ct;

windprofile = struct( ...
    'type', 'mpcData', ...
    'table', CT_TGEN, ...
    'rows', [1:45], ...
    'col', PMAX, ...
    'chgtype', 1, ...
    'values', [] );
windprofile.values(:,1,:) = [
	3.9748 53.7079 93.1037 118.2877 14.9706 34.9222 32.5065 18.9259 11.2388 16.8177 31.0873 46.3762 69.8191 58.3041 198.5054 74.7858 92.7897 98.3294 85.2193 68.3373 10.8355 81.4851 22.745 87.3588 104.2876 75.4851 13.8344 1287.4791 828.7914 828.7914 758.4967 106.6511 284.0644 175.9005 182.7913 353.6177 1196.0617 266.7652 467.4052 279.3417 119.812 387.4032 217.2161 283.2206 1208.5207;
	3.9597 53.5043 93.9399 118.3402 15.1095 35.119 33.1765 18.4395 13.7547 14.2998 26.433 39.4329 59.366 67.7725 189.2541 71.3004 88.4653 93.7468 84.1119 71.5122 11.0588 81.9444 24.1062 88.6445 100.6746 74.9032 13.4137 1311.2013 830.1276 830.1276 769.3589 102.8623 280.3731 184.0726 212.4759 354.1878 1279.9273 262.0556 473.6463 269.6642 118.6926 389.5869 218.2659 280.2532 1293.2599;
	3.7638 50.8577 90.132 112.3996 15.0424 34.8171 33.537 18.2548 23.4435 14.3528 26.5309 39.5788 59.5857 64.4005 172.0879 64.8331 80.4411 85.2435 84.1912 71.6326 11.179 81.2399 22.0677 87.3658 102.8563 74.109 13.2455 1303.1097 809.5674 809.5674 789.631 108.6446 280.6374 184.3826 201.9044 345.4154 1286.2717 296.8217 470.9947 275.508 116.7478 386.2378 215.4919 259.9666 1299.6704;
	3.7751 51.0096 90.9446 114.4016 15.1121 35.1312 32.366 18.1964 28.1286 28.6455 52.9508 78.9922 118.9224 67.2319 199.0306 74.9836 93.0352 98.5896 87.0873 72.5108 10.7887 81.9728 20.016 87.8048 100.3448 72.66 13.1344 1268.0189 805.8208 805.8208 789.6385 109.0742 290.2911 186.6429 210.7811 343.8169 1220.9938 319.7977 469.6999 268.7808 119.7562 389.7222 191.6312 262.7189 1233.7125;
	3.3226 44.8952 89.1276 113.0755 14.8682 32.7169 32.1197 17.6804 27.7577 28.0886 51.9214 77.4565 116.6103 66.1492 201.6392 75.9664 94.2546 99.8817 89.0698 72.8361 10.7066 76.3395 68.782 87.4351 100.3374 71.0278 12.9292 1265.4162 805.3069 805.3069 779.4313 111.5747 296.8994 187.4804 207.3866 343.5976 1166.5444 329.9183 471.8372 268.7608 120.5525 362.9399 184.9242 258.4843 1178.6959;
	3.7971 51.3072 90.0121 112.975 14.6833 34.3949 19.6369 17.9659 26.6749 27.9979 51.7537 77.2064 116.2338 52.7314 201.8879 76.0601 94.3709 100.0049 64.0161 73.0919 6.5456 80.2547 69.6974 89.3461 103.1581 72.654 13.7389 1240.6201 801.8024 801.8024 780.9085 112.9395 213.3871 188.1387 165.32 342.1023 1199.0599 320.8024 474.7892 276.3164 120.7407 381.5537 160.1851 262.0193 1211.5501;
	3.8634 52.2024 91.9009 116.2602 14.8657 35.0035 15.0883 18.2448 26.4378 27.3409 50.5392 75.3946 113.5062 65.2498 197.6847 74.4766 92.4061 97.9229 88.6905 73.5626 5.0294 81.6748 68.7564 89.4299 104.3782 74.2846 13.9254 1294.5804 812.9241 812.9241 756.1473 112.3347 295.635 189.3504 204.5669 346.8476 1225.1669 325.6128 453.2266 279.5845 123.2551 388.3053 182.1035 263.9829 1237.9291;
	3.8392 51.8754 90.5184 115.323 15.0058 34.6625 4.7727 17.8864 4.8369 26.389 48.7796 72.7696 109.5542 39.0852 199.2232 75.0562 93.1253 98.685 85.3544 73.4859 1.5909 80.8792 69.5925 86.9643 100.3093 73.0703 13.7286 1240.1092 748.9514 748.9514 724.4979 110.8346 284.5148 189.1529 122.5374 319.5526 1138.8808 303.6502 187.8338 268.6855 121.9375 384.5227 197.5621 272.2878 1150.7441;
	3.9117 52.856 91.4567 118.82 15.2887 33.4285 6.1107 18.5357 8.9065 27.2911 50.4472 75.2573 113.2994 21.2022 195.7416 73.7445 91.4978 96.9604 87.3738 72.942 2.0369 77.9998 69.7304 88.4487 103.1778 75.1949 13.7899 1156.4726 694.0003 694.0003 722.0393 110.8333 291.2459 187.7529 66.4717 296.1068 1016.8453 275.6346 159.7832 276.3691 122.4566 370.8334 195.1734 277.8749 1027.4375;
	3.8773 52.3912 89.1329 115.3918 14.8205 31.7356 11.6505 18.6709 5.0435 22.4892 41.5709 62.0156 93.3642 16.2731 199.3746 75.1132 93.196 98.76 90.7388 73.7029 3.8835 74.0497 41.7067 87.8356 102.636 75.4476 13.5297 918.1793 621.6657 621.6657 588.749 113.5684 302.4626 189.7115 51.0184 265.244 777.3764 255.607 211.928 274.9177 123.2849 352.0537 156.6317 283.2777 785.4741;
	3.6406 49.1921 90.8373 116.1366 14.2875 25.2861 16.4507 17.7631 14.0487 28.7003 53.052 79.1432 119.1496 5.8069 203.3743 76.6201 95.0657 100.7412 85.3515 73.8426 5.4836 59.0009 70.1364 88.0082 99.9346 72.0066 13.1462 747.6974 704.2954 704.2954 551.4796 116.5096 284.5049 190.071 18.2053 300.4994 733.9469 213.74 393.9127 267.682 121.1012 280.5073 135.5362 268.2863 741.5922;
	3.5061 47.3748 92.1346 115.93 14.3906 19.2962 12.2439 17.8523 6.0727 28.3415 52.3889 78.154 117.6603 3.7953 205.6594 77.481 96.1338 101.8731 47.9536 73.9014 4.0813 45.0245 73.7566 89.4145 103.0361 73.7577 13.3811 573.7687 770.5834 770.5834 532.9596 112.0959 159.8453 190.2225 11.8989 328.7823 801.3845 217.066 304.4018 275.9896 123.4805 214.0593 130.9928 272.5403 809.7322;
	3.732 50.4271 91.2745 115.3942 14.5391 19.1809 20.7822 17.3946 26.578 24.7484 45.747 68.2456 102.7433 50.4667 203.8229 76.7891 95.2754 100.9634 60.4608 73.2455 6.9274 44.7555 72.5142 88.8565 102.5695 73.661 13.5256 603.1631 740.8782 740.8782 537.2029 105.854 201.5359 188.5342 158.22 316.108 604.4505 233.2171 118.2832 274.7397 123.3932 212.7803 138.1797 273.1427 610.7469;
	3.5802 48.3761 88.4547 112.9402 14.2521 18.6486 1.8913 16.8348 9.4143 19.076 35.2617 52.6035 79.1942 36.0644 201.6271 75.9618 94.249 99.8758 53.8353 71.5943 0.6304 43.5133 67.7382 86.0149 97.5066 74.3712 13.0275 460.0968 689.6953 689.6953 457.398 93.8125 179.4509 184.2838 113.0667 294.27 647.4405 236.0931 0.0 261.1783 120.4689 206.8748 143.7687 271.7909 654.1846;
	3.5577 48.0725 86.767 111.5119 14.5545 17.7207 0.0623 17.4348 0.0 19.1954 35.4824 52.9328 79.69 30.5905 195.8569 73.788 91.5517 97.0175 67.4741 71.2757 0.0208 41.3482 67.2427 85.7557 97.2523 75.9869 13.1636 334.7769 675.8566 675.8566 427.8358 84.9569 224.9138 183.4638 95.9054 288.3655 561.3687 220.7214 0.0 260.4972 119.5063 196.5811 149.0312 254.2048 567.2163;
	3.2123 43.4057 90.3478 115.6655 14.5949 9.6912 0.0 17.5389 0.0 22.8741 42.2825 63.0771 94.9623 25.3977 191.8353 72.2728 89.6718 95.0254 58.4425 71.6396 0.0 22.6128 68.7971 87.1269 98.5161 75.9701 13.3906 355.7153 568.0229 568.0229 405.9196 93.2559 194.8082 184.4005 79.6251 242.3564 466.7816 223.6127 0.0 263.8825 119.697 107.5078 150.7699 258.6363 471.6439;
	3.4037 45.9918 92.1339 118.2947 14.8465 19.0759 0.0604 18.3838 0.0 26.8518 49.6352 74.046 111.4759 32.7225 202.5019 76.2914 94.6579 100.3091 63.8462 72.9809 0.0201 44.5105 69.7416 88.0424 103.605 76.6355 13.4259 935.1271 499.925 499.925 305.87 91.2928 212.8206 187.8531 102.5896 213.3013 828.3708 228.7452 89.7018 277.5133 118.1171 211.6156 143.7116 252.9069 836.9997;
	3.2646 44.1123 90.9295 118.954 15.0157 22.5528 1.6445 17.7018 0.0458 27.538 50.9036 75.9382 114.3245 59.5983 198.0079 74.5983 92.5572 98.083 73.3883 72.8011 0.5482 52.6231 71.039 85.7899 99.5047 75.6825 13.2402 1212.269 592.6601 592.6601 220.3996 66.8224 244.6277 187.3902 186.8487 252.8683 1027.6781 218.621 115.2191 266.5304 118.4671 250.1855 186.6142 267.6386 1038.3831;
