function windprofile = ex_wind_profilesh1
%EX_WIND_PROFILE_D  Example wind_load_nyiso profile data for deterministic unit commitment.
% 2022.03.12
% Andres F. Ramirez


%% define constants
[GEN_BUS, PG, QG, QMAX, QMIN, VG, MBASE, GEN_STATUS, PMAX, PMIN, ...
    MU_PMAX, MU_PMIN, MU_QMAX, MU_QMIN, PC1, PC2, QC1MIN, QC1MAX, ...
    QC2MIN, QC2MAX, RAMP_AGC, RAMP_10, RAMP_30, RAMP_Q, APF] = idx_gen;
[CT_LABEL, CT_PROB, CT_TABLE, CT_TBUS, CT_TGEN, CT_TBRCH, CT_TAREABUS, ...
    CT_TAREAGEN, CT_TAREABRCH, CT_ROW, CT_COL, CT_CHGTYPE, CT_REP, ...
    CT_REL, CT_ADD, CT_NEWVAL, CT_TLOAD, CT_TAREALOAD, CT_LOAD_ALL_PQ, ...
    CT_LOAD_FIX_PQ, CT_LOAD_DIS_PQ, CT_LOAD_ALL_P, CT_LOAD_FIX_P, ...
    CT_LOAD_DIS_P, CT_TGENCOST, CT_TAREAGENCOST, CT_MODCOST_F, ...
    CT_MODCOST_X] = idx_ct;

windprofile = struct( ...
    'type', 'mpcData', ...
    'table', CT_TGEN, ...
    'rows', [1:45], ...
    'col', PMAX, ...
    'chgtype', 1, ...
    'values', [] );
windprofile.values(:,1,:) = [
	3.9022 52.7275 92.2309 120.636 14.9173 33.9493 32.6522 18.2334 11.4834 15.7431 29.1009 43.4128 65.3577 54.8602 205.4888 77.4167 96.0541 101.7886 85.901 73.9131 10.8841 79.215 0.0 88.2824 103.5258 74.1978 13.6755 1272.846 772.2792 772.2792 749.6957 118.1265 286.3366 190.2525 171.994 329.5058 1106.0658 281.9312 471.8722 277.3012 118.965 376.6107 217.0448 283.0301 1117.5873;
	3.8708 52.3036 92.6063 119.3805 15.1526 33.294 32.6513 18.2094 12.7739 14.3049 26.4424 39.4469 59.3871 63.5572 201.2602 75.8236 94.0774 99.694 83.9865 73.7448 10.8838 77.686 22.1557 85.963 101.545 72.5357 13.5192 1272.9571 784.9058 784.9058 748.7555 119.5165 279.9548 189.8192 199.2605 334.8931 1204.1645 271.1341 472.8297 271.9956 117.1452 369.3416 207.8957 283.3893 1216.7079;
	3.8015 51.3662 88.9797 113.9424 14.9417 32.4833 33.1448 17.4579 23.9698 13.8129 25.5329 38.0901 57.3444 62.6339 189.618 71.4375 88.6354 93.927 83.8162 73.0098 11.0483 75.7943 0.0 84.2555 98.5123 71.3388 12.8752 1249.4826 785.1443 785.1443 747.5821 117.3972 279.3874 187.9274 196.3658 334.9949 1182.921 301.3075 476.7197 263.8723 116.4033 360.3477 199.4951 262.0228 1195.2431;
	3.7042 50.0514 91.4584 119.0024 14.9141 32.2582 32.1393 17.7699 28.1142 28.7979 53.2325 79.4124 119.5549 67.7079 195.9296 73.8154 91.5857 97.0535 83.8956 67.0227 10.7131 75.2691 1.9944 83.2715 98.191 71.6783 12.8988 1221.5706 775.7428 775.7428 768.3964 115.4317 279.6519 172.5166 212.2735 330.9836 1104.1174 319.7552 478.6059 263.0115 114.765 357.8507 173.6736 258.947 1115.6186;
	3.3686 45.5176 92.2011 119.0193 14.8317 28.6774 31.5682 18.1409 27.5797 28.6975 53.0469 79.1356 119.1382 64.0921 196.4185 73.9995 91.8143 97.2957 84.057 68.4852 10.5227 66.9138 64.1552 85.5468 98.3247 73.2814 13.2447 1266.7884 727.7703 727.7703 761.3928 118.964 280.1901 176.2811 200.9373 310.5153 1027.9451 333.098 473.9058 263.3696 118.9217 318.1275 178.8807 268.9811 1038.6529;
	3.8534 52.0677 94.8634 120.7524 14.7976 31.9457 20.3743 18.8218 26.784 29.674 54.8519 81.8282 123.1919 56.5429 200.2171 75.4306 93.5898 99.1773 58.1535 71.5828 6.7914 74.5399 69.7983 88.1381 102.2751 75.6926 14.037 1255.4262 783.7543 783.7543 792.4477 121.4051 193.8451 184.2544 177.2697 334.4018 1124.1016 339.507 474.5756 273.9511 119.7449 354.3838 155.651 276.4131 1135.811;
	3.8541 52.0774 95.3016 120.6148 15.1476 33.3393 13.9082 18.7687 26.3782 29.7387 54.9716 82.0068 123.4608 66.5785 197.9388 74.5723 92.5249 98.0487 84.7484 72.5865 4.6361 77.7918 71.37 89.4779 104.442 75.4387 13.9293 1253.3081 753.1807 753.1807 758.0016 120.1858 282.4945 186.8379 208.7326 321.3571 1121.1072 331.4517 439.6102 279.7553 122.5211 369.8444 175.9664 278.4438 1132.7854;
	3.872 52.3194 95.1563 120.7743 15.2034 33.7282 2.0599 18.3186 4.8328 30.1891 55.8041 83.2487 125.3305 43.7028 203.3986 76.6292 95.077 100.7533 86.6661 72.1954 0.6866 78.6991 74.2365 89.4114 104.4768 74.9725 13.7054 1234.1151 743.3183 743.3183 744.8941 121.4371 288.8869 185.8312 137.0143 317.1492 1124.8919 332.9113 159.2422 279.8485 122.5197 374.1578 197.4184 277.5477 1136.6095;
	3.9155 52.9067 95.4129 121.0495 15.279 31.6247 1.3665 18.8622 7.7169 30.8273 56.9839 85.0087 127.9801 27.0661 201.2134 75.806 94.0556 99.6708 85.796 72.2563 0.4555 73.7911 74.8275 89.6988 104.4321 76.0796 13.8536 1102.3967 671.2616 671.2616 750.1306 121.0402 285.9868 185.9879 84.8559 286.4049 960.3433 314.166 2.9912 279.7288 122.9951 350.8239 182.842 284.2518 970.3469;
	3.9133 52.877 95.3416 121.0573 15.0477 31.4887 11.1671 19.1663 6.8882 27.7444 51.285 76.5072 115.1811 23.4925 199.5644 75.1847 93.2848 98.854 84.6138 72.7525 3.7224 73.4737 54.2891 89.8007 105.9243 76.6255 13.8038 948.804 610.2563 610.2563 625.2688 120.6995 282.0461 187.2651 73.6522 260.376 794.5237 280.7031 90.5505 283.7259 123.342 349.3151 162.7387 285.8514 802.7999;
	3.8469 51.9807 95.3855 121.0404 15.1573 28.8354 25.4643 19.0533 25.7639 30.9551 57.2201 85.3612 128.5108 8.2084 198.4866 74.7787 92.7809 98.3201 77.4355 71.6677 8.4881 67.2827 75.2468 89.6515 104.4404 76.0362 13.9255 774.0444 659.3476 659.3476 548.5825 120.4744 258.1183 184.4728 25.7344 281.3217 746.6055 228.2135 380.5723 279.751 122.4776 319.8811 154.8122 274.7392 754.3827;
	3.6841 49.7804 94.8236 121.0382 14.8889 21.017 24.1077 19.0648 25.6368 29.9526 55.3669 82.5965 124.3486 10.5504 203.0809 76.5095 94.9285 100.5959 39.3132 72.2961 8.0359 49.0397 73.6032 88.4696 103.3659 75.9911 13.8628 628.5875 724.9431 724.9431 537.4025 117.9628 131.0441 186.0904 33.0771 309.3091 848.2513 226.9554 392.961 276.8731 122.072 233.1489 146.357 278.4302 857.0873;
	3.9309 53.1157 95.0034 121.0246 15.2226 23.5974 29.9068 19.1519 27.277 26.961 49.837 74.347 111.929 51.6616 198.2682 74.6964 92.6789 98.2119 58.7604 70.8129 9.9689 55.0605 74.5142 88.8465 103.8419 76.1137 14.13 611.2877 698.9748 698.9748 536.3592 106.3118 195.8679 182.2725 161.966 298.2292 618.2272 239.0102 203.64 278.1478 121.4363 261.7735 157.8535 278.0364 624.6671;
	3.7842 51.133 93.1865 121.027 15.1279 22.3216 16.8723 19.1719 20.7432 25.8852 47.8484 71.3804 107.4629 35.2619 198.1726 74.6604 92.6342 98.1646 61.6442 71.6532 5.6241 52.0837 75.0312 89.1375 103.1614 76.2829 14.1493 503.1371 676.4154 676.4154 494.3734 94.6827 205.4807 184.4356 110.5508 288.6039 662.5332 244.6955 140.8654 276.3253 122.7416 247.6207 164.3458 275.987 669.4346;
	3.8158 51.5604 90.921 120.2321 15.0592 21.3326 27.0633 19.0934 23.1777 27.9262 51.6212 77.0087 115.9362 29.2216 194.1939 73.1614 90.7744 96.1937 72.899 71.9917 9.0211 49.7761 74.3475 87.0852 102.6267 73.6403 14.0461 388.6855 656.2258 656.2258 462.5967 91.5729 242.9966 185.3069 91.6138 279.9897 607.763 245.1654 287.9469 274.8929 120.2909 236.6496 172.8108 246.661 614.0939;
	3.565 48.1714 92.2274 120.5812 14.8332 11.6019 21.501 19.1309 25.0876 29.442 54.4231 81.1885 122.2288 22.5832 185.9014 70.0373 86.8981 92.086 67.1588 71.4165 7.167 27.071 74.457 86.2525 102.659 72.9071 14.0691 455.3214 541.3329 541.3329 431.126 94.9149 223.8626 183.8262 70.8015 230.9687 531.4181 226.212 402.6498 274.9793 122.1816 128.7033 156.2418 234.8959 536.9537;
	3.5727 48.2754 92.6426 120.2608 14.8076 20.0211 13.7645 19.1478 7.6255 28.7386 53.1229 79.249 119.3089 33.2575 190.1201 71.6266 88.8701 94.1758 70.7623 70.8521 4.5882 46.7158 70.9782 85.9547 104.4155 73.0937 13.8183 1100.2959 503.7601 503.7601 312.3658 94.727 235.8742 182.3736 104.2667 214.9376 912.2427 246.2635 123.8056 279.6843 121.6953 222.1004 141.3232 241.7234 921.7453;
	3.4989 47.2784 93.0163 120.5107 14.176 22.9306 24.7903 19.1291 21.8677 29.6596 54.8252 81.7885 123.1321 59.3964 197.8513 74.5393 92.484 98.0054 85.8954 72.3378 8.2634 53.5048 71.8498 85.7037 102.7066 73.7598 14.084 1280.7135 608.2976 608.2976 245.3781 71.1233 286.318 186.1978 186.2159 259.5403 1122.0368 221.1714 162.1622 275.1069 122.1956 254.3772 186.691 268.4681 1133.7247;
