function windprofile = ex_wind_profilesh1
%EX_WIND_PROFILE_D  Example wind_load_nyiso profile data for deterministic unit commitment.
% 2022.03.12
% Andres F. Ramirez


%% define constants
[GEN_BUS, PG, QG, QMAX, QMIN, VG, MBASE, GEN_STATUS, PMAX, PMIN, ...
    MU_PMAX, MU_PMIN, MU_QMAX, MU_QMIN, PC1, PC2, QC1MIN, QC1MAX, ...
    QC2MIN, QC2MAX, RAMP_AGC, RAMP_10, RAMP_30, RAMP_Q, APF] = idx_gen;
[CT_LABEL, CT_PROB, CT_TABLE, CT_TBUS, CT_TGEN, CT_TBRCH, CT_TAREABUS, ...
    CT_TAREAGEN, CT_TAREABRCH, CT_ROW, CT_COL, CT_CHGTYPE, CT_REP, ...
    CT_REL, CT_ADD, CT_NEWVAL, CT_TLOAD, CT_TAREALOAD, CT_LOAD_ALL_PQ, ...
    CT_LOAD_FIX_PQ, CT_LOAD_DIS_PQ, CT_LOAD_ALL_P, CT_LOAD_FIX_P, ...
    CT_LOAD_DIS_P, CT_TGENCOST, CT_TAREAGENCOST, CT_MODCOST_F, ...
    CT_MODCOST_X] = idx_ct;

windprofile = struct( ...
    'type', 'mpcData', ...
    'table', CT_TGEN, ...
    'rows', [1:45], ...
    'col', PMAX, ...
    'chgtype', 1, ...
    'values', [] );
windprofile.values(:,1,:) = [
	3.8418 51.911 91.8043 117.2881 14.9954 34.5131 32.1182 17.4081 10.6373 15.0858 27.8859 41.6002 62.6289 57.7164 204.3974 77.0055 95.5439 101.248 89.5438 71.7733 10.7061 80.5305 18.1615 84.5969 104.1434 71.9835 13.623 1286.1166 792.4159 792.4159 769.6436 118.7387 298.4792 184.7446 180.9486 338.0974 1183.5028 263.0588 471.1443 278.9556 115.0498 382.8649 219.122 264.2664 1195.8309;
	3.7625 50.8402 89.5854 116.4936 14.6618 33.5838 32.5859 17.3324 12.4991 12.7111 23.4962 35.0517 52.7702 63.6391 196.6657 74.0927 91.9298 97.4181 86.5838 72.5306 10.862 78.3622 1.2416 81.7939 100.22 70.3353 13.1802 1283.934 788.1371 788.1371 780.5903 119.376 288.6125 186.6939 199.5171 336.2718 1235.12 259.5862 469.1114 268.4464 113.5616 372.5563 216.3194 262.3944 1247.9859;
	3.6182 48.8898 87.5837 113.1994 14.618 32.8776 32.4172 17.3641 22.5587 13.8685 25.6358 38.2435 57.5754 58.1996 179.1441 67.4915 83.7394 88.7388 89.9374 70.8558 10.8057 76.7143 1.1563 83.6671 101.9766 70.2896 13.0284 1215.8144 762.2318 762.2318 750.4093 119.687 299.7913 182.383 182.4635 325.2189 1163.5487 279.8101 454.2122 273.1517 116.3768 364.7218 214.0391 245.5151 1175.669;
	3.3008 44.6006 87.1148 111.572 14.6526 31.8854 30.8069 17.3536 27.3969 27.288 50.4414 75.2486 113.2864 65.4345 195.4108 73.6199 91.3432 96.7965 86.2882 67.8312 10.269 74.3993 0.4214 82.2936 100.3429 71.2528 13.0836 1263.0864 777.7541 777.7541 738.7999 119.5606 287.6273 174.5977 205.146 331.8417 1163.8012 297.2705 448.9886 268.7757 115.3841 353.7155 177.7798 240.0308 1175.9241;
	2.3925 32.3285 85.3981 110.3295 14.1175 25.7275 31.3878 17.3316 26.8123 27.6009 51.0198 76.1116 114.5855 63.0967 193.4274 72.8726 90.416 95.814 86.0083 68.3078 10.4626 60.0309 68.3841 83.1314 98.0629 69.4388 13.0709 1299.2232 789.4627 789.4627 776.4358 116.8083 286.6942 175.8246 197.8168 336.8374 1168.2549 326.8131 450.1229 262.6686 115.7357 285.4042 177.05 220.1161 1180.4242;
	3.3844 45.7309 86.8829 111.263 14.1369 29.2291 18.2927 17.4653 26.0856 28.2354 52.1927 77.8612 117.2196 49.6539 198.0628 74.619 92.5828 98.1102 56.8555 68.5487 6.0976 68.2013 69.1948 84.1355 98.6519 70.0755 13.4874 1276.8023 772.4483 772.4483 745.4888 120.302 189.5183 176.4445 155.6715 329.5779 1160.1664 312.6778 441.3127 264.2461 114.111 324.2484 160.7906 245.5993 1172.2514;
	3.6368 49.1417 87.8132 114.7004 14.3671 32.2547 14.1087 17.6922 26.1797 28.078 51.9017 77.4272 116.5662 63.8872 195.4158 73.6218 91.3455 96.799 80.2597 69.6874 4.7029 75.2609 69.3502 85.5294 102.8359 70.0228 13.5805 1348.6418 783.1261 783.1261 736.245 117.7329 267.5324 179.3756 200.2951 334.1338 1213.5014 326.135 420.8253 275.4533 116.6674 357.8116 185.1334 242.3184 1226.142;
	3.695 49.927 90.5746 119.1847 14.1578 32.0068 4.2352 17.9795 7.711 28.2743 52.2646 77.9684 117.3811 41.7834 202.9807 76.4718 94.8817 100.5462 83.9157 70.6512 1.4117 74.6825 68.707 84.4161 101.384 70.7775 13.6312 1330.2152 736.3352 736.3352 710.508 119.8974 279.7189 181.8564 130.9965 314.1697 1214.7461 326.2364 159.8162 271.5643 117.53 355.0622 200.9005 260.7469 1227.3997;
	3.6459 49.2635 90.6354 118.1491 14.2142 30.1272 6.3199 18.6196 6.4423 27.19 50.2604 74.9786 112.8799 25.8574 199.84 75.2886 93.4136 98.9905 84.0095 70.4229 2.1066 70.2969 66.9347 84.5039 102.9714 70.8334 13.7122 1266.3172 656.9352 656.9352 714.2281 114.2883 280.0318 181.2688 81.0666 280.2924 1034.1754 304.4034 10.1881 275.8163 116.8108 334.2115 182.8466 268.0776 1044.948;
	3.6799 49.7241 93.1075 120.2559 14.785 29.4935 4.584 18.9273 7.0534 23.4204 43.2922 64.5835 97.23 18.7943 196.015 73.8475 91.6256 97.0958 85.0307 71.3064 1.528 68.8182 25.6155 88.282 105.0809 73.2316 13.817 1120.2084 610.3359 610.3359 589.6477 106.287 283.4358 183.5428 58.9227 260.41 877.3406 258.2955 0.0 281.4666 119.3689 327.1814 155.9386 272.86 886.4795;
	3.5603 48.1071 92.0642 117.5002 14.9597 23.2282 4.4495 18.7949 4.8291 28.0898 51.9235 77.4597 116.6151 0.6526 202.1462 76.1574 94.4916 100.1329 80.3796 71.6028 1.4832 54.1992 69.5677 89.2327 104.9339 72.2926 13.9208 867.8229 650.9846 650.9846 519.3532 105.0965 267.9321 184.3057 2.046 277.7534 788.3849 206.8041 2.5463 281.073 116.5322 257.6785 141.3973 262.3777 796.5973;
	3.5574 48.0679 90.6912 116.1162 14.9617 17.2774 8.1671 18.7281 6.6737 27.973 51.7077 77.1378 116.1305 4.4197 204.9043 77.1965 95.7809 101.4991 39.7109 71.9816 2.7224 40.3139 71.8331 87.0383 103.5678 72.5439 13.6996 652.5333 743.1047 743.1047 534.3589 107.1083 132.3697 185.2808 13.8564 317.058 870.8716 220.888 6.7254 277.4137 120.6186 191.6636 143.8078 259.7043 879.9432;
	3.7876 51.1793 92.7183 117.4528 14.8096 19.3718 8.7227 18.6703 25.2573 23.7947 43.9841 65.6156 98.784 50.5765 197.4461 74.3867 92.2946 97.8047 56.6213 71.4035 2.9076 45.2008 70.1732 85.8488 103.2604 71.5733 13.7799 674.5587 697.9941 697.9941 515.3998 105.1557 188.7377 183.7929 158.5641 297.8108 631.3002 229.9505 1.0112 276.5903 120.3112 214.8973 144.4659 263.9525 637.8762;
	3.7839 51.1292 89.9547 118.2292 14.8713 20.0232 20.3181 18.4343 19.1946 22.6993 41.9594 62.5951 94.2366 38.7562 199.1455 75.0269 93.089 98.6465 57.0779 72.8065 6.7727 46.7208 70.8821 85.4733 101.5213 71.523 13.5358 587.0217 677.4428 677.4428 489.3542 88.5615 190.2598 187.4042 121.5059 289.0422 701.1656 233.4391 30.848 271.9321 121.1273 222.1242 160.4551 260.2592 708.4695;
	3.7032 50.039 89.1757 117.5362 14.7156 18.0696 23.0409 18.0551 1.6316 25.071 46.3434 69.1352 104.0826 30.9798 194.8073 73.3925 91.0611 96.4975 72.1863 71.134 7.6803 42.1625 69.331 84.4316 101.7367 71.2239 13.2836 412.4397 642.4638 642.4638 438.9273 79.328 240.621 183.0992 97.1259 274.1179 579.1543 221.5146 78.1571 272.5091 121.3352 200.4524 163.0724 237.5299 585.1872;
	3.4498 46.615 89.9997 120.6428 15.0193 9.1763 19.3146 18.7526 6.1423 28.2938 52.3008 78.0224 117.4623 26.4537 190.5822 71.8007 89.0861 94.4047 69.0061 73.059 6.4382 21.4114 70.1754 87.5451 104.9288 71.6679 13.8621 426.0706 560.7407 560.7407 421.0682 86.5491 230.0203 188.0541 82.936 239.2493 473.3056 208.1065 167.2578 281.0592 122.7544 101.796 153.4715 238.8003 478.2359;
	3.4155 46.1512 93.52 120.4453 15.1704 17.6142 21.3246 18.8061 18.4488 28.4091 52.5138 78.3403 117.9408 37.3064 192.9684 72.6997 90.2015 95.5867 69.6959 73.4035 7.1082 41.0999 70.0418 88.4709 105.8465 74.366 13.9166 1050.0333 512.6089 512.6089 331.5934 93.5892 232.3198 188.9407 116.9607 218.7131 861.1653 238.3985 130.3742 283.5173 121.5859 195.4007 131.8236 230.8842 870.1358;
	3.4358 46.4257 94.0368 120.9317 15.3792 21.6564 14.9962 18.737 12.8565 28.593 52.8537 78.8473 118.7042 58.0478 186.4388 70.2397 87.1493 92.3523 81.1474 71.3775 4.9987 50.5317 69.4959 88.1983 105.8424 73.9602 13.9166 1245.6377 619.9941 619.9941 252.8497 70.8778 270.4914 183.7258 181.9877 264.5308 1062.0302 216.5781 142.7863 283.5064 122.1258 240.2421 173.8255 264.0956 1073.093;
