function loadprofile = ex_load_profilesh1
%EX_LOAD_PROFILE  Example load profile data file for stochastic unit commitment.
% 2022.03.12
% Andres F. Ramirez

%% define constants
[CT_LABEL, CT_PROB, CT_TABLE, CT_TBUS, CT_TGEN, CT_TBRCH, CT_TAREABUS, ...
    CT_TAREAGEN, CT_TAREABRCH, CT_ROW, CT_COL, CT_CHGTYPE, CT_REP, ...
    CT_REL, CT_ADD, CT_NEWVAL, CT_TLOAD, CT_TAREALOAD, CT_LOAD_ALL_PQ, ...
    CT_LOAD_FIX_PQ, CT_LOAD_DIS_PQ, CT_LOAD_ALL_P, CT_LOAD_FIX_P, ...
    CT_LOAD_DIS_P, CT_TGENCOST, CT_TAREAGENCOST, CT_MODCOST_F, ...
    CT_MODCOST_X] = idx_ct;

loadprofile = struct( ...
    'type', 'mpcData', ...
    'table', CT_TAREALOAD, ...
    'rows', [1:11], ...
    'col', CT_LOAD_ALL_P, ...
    'chgtype', 1, ...
    'values', [] );
loadprofile.values(:,1,:) = [
	1481.7675 888.9186 1490.4226 499.8119 718.6688 1019.4 792.8214 208.3249 463.7262 4263.365 1616.3145;
	1449.4145 874.9982 1470.5554 508.1057 712.0775 1023.1241 770.9521 196.6719 435.0309 4096.6272 1575.6751;
	1489.9816 897.5448 1500.3229 516.2953 723.1 1033.1459 779.9261 207.8981 437.8892 4007.5265 1590.4878;
	1576.9529 961.3 1609.7921 533.5773 793.6992 1117.1306 852.1276 228.0334 502.523 4405.2058 1724.4688;
	1692.0714 1069.9762 1807.6503 556.9109 913.3432 1268.1521 979.3 264.5 582.6591 4967.8 1983.1328;
	1812.5883 1139.0 1934.7956 565.3669 956.2778 1330.6505 1040.8 316.5 658.5953 5463.2013 2137.0489;
	1850.2667 1161.077 1932.0389 561.9236 939.1479 1371.2 1058.9114 310.8082 670.1634 5761.9781 2162.9;
	1886.9895 1186.0659 1963.9 565.6999 933.508 1378.0565 1061.2027 301.5709 689.3671 5982.5648 2244.5806;
	1867.7 1178.8 1954.1387 549.2601 934.5663 1327.5671 1014.2852 301.1439 684.9655 5974.5915 2218.2563;
	1855.2188 1176.7518 1942.0008 533.8 972.6074 1314.9996 1041.8157 317.1183 694.8669 6061.3825 2254.6261;
	1857.9146 1169.7 1951.7945 548.1242 957.8253 1331.9028 1076.0598 308.8432 716.2 6202.0378 2382.5978;
	1840.1947 1160.3 1921.6722 524.2 940.6 1352.3121 1051.8607 300.4 712.4126 6175.6983 2336.018;
	1860.3385 1121.391 1858.1 516.0 899.5335 1292.5678 1012.507 301.18 690.3919 6112.6879 2292.8329;
	1721.9419 1069.0707 1820.7439 529.5473 883.4913 1307.9 1013.5116 292.7003 678.6648 6065.3169 2206.6833;
	1697.2311 1084.3973 1828.9178 513.4589 868.5244 1317.6967 1004.0828 305.1563 665.5598 6031.4245 2223.736;
	1701.3945 1118.5051 1848.8489 533.7312 883.2173 1371.7297 1018.9651 301.3 645.1206 5967.7686 2265.2829;
	1714.2127 1107.3243 1855.0 533.8752 924.3081 1450.6038 1039.2 301.8 651.5 5914.8479 2292.8031;
	1829.3776 1156.8602 1909.9644 535.3703 942.444 1473.0292 1087.0107 320.3 668.2 5896.6484 2362.4701;
	1825.6969 1177.0592 1906.8124 557.0 948.6984 1445.9995 1081.5113 306.0678 630.5091 5751.6891 2370.3141;
	1802.4767 1110.8344 1852.0831 561.7 918.8946 1371.8311 1017.5169 305.161 598.2981 5535.3215 2270.5042;
	1759.975 1061.2852 1758.7747 549.5527 851.3514 1283.203 945.4689 295.8 555.1774 5291.7416 2135.233;
	1626.2861 984.5519 1663.4577 532.8412 843.7259 1241.033 885.3 273.288 534.4644 4942.8808 1976.3709;
	1577.0232 891.4 1492.3368 538.0661 764.1449 1132.2 838.0043 225.3115 462.1228 4581.142 1771.6909;
	1545.8805 886.6105 1501.0362 531.5211 762.719 1103.9017 818.5811 222.1034 476.4 4299.8485 1698.5187;
];
