function loadprofile = ex_load_profilesh1
%EX_LOAD_PROFILE  Example load profile data file for stochastic unit commitment.
% 2022.03.12
% Andres F. Ramirez

%% define constants
[CT_LABEL, CT_PROB, CT_TABLE, CT_TBUS, CT_TGEN, CT_TBRCH, CT_TAREABUS, ...
    CT_TAREAGEN, CT_TAREABRCH, CT_ROW, CT_COL, CT_CHGTYPE, CT_REP, ...
    CT_REL, CT_ADD, CT_NEWVAL, CT_TLOAD, CT_TAREALOAD, CT_LOAD_ALL_PQ, ...
    CT_LOAD_FIX_PQ, CT_LOAD_DIS_PQ, CT_LOAD_ALL_P, CT_LOAD_FIX_P, ...
    CT_LOAD_DIS_P, CT_TGENCOST, CT_TAREAGENCOST, CT_MODCOST_F, ...
    CT_MODCOST_X] = idx_ct;

loadprofile = struct( ...
    'type', 'mpcData', ...
    'table', CT_TAREALOAD, ...
    'rows', [1:11], ...
    'col', CT_LOAD_ALL_P, ...
    'chgtype', 1, ...
    'values', [] );
loadprofile.values(:,1,:) = [
	1492.7921 878.7 1483.8356 562.107 818.5574 1168.7749 891.5529 253.8 514.899 4789.307 1876.9167;
	1459.1045 867.2456 1453.6044 547.0599 774.5803 1155.487 859.8256 239.6681 487.7833 4535.7576 1784.3393;
	1482.9 892.7499 1494.4761 550.6057 789.9359 1151.5012 845.4683 248.7637 484.9 4429.1508 1758.4448;
	1570.8765 980.5 1608.8247 561.5189 845.3404 1230.8608 918.8755 281.1573 529.3985 4936.2571 1900.5641;
	1737.7 1090.5611 1816.7 600.0 926.0214 1378.69 1030.517 330.4054 614.2815 5504.2571 2176.3084;
	1847.5 1166.5023 1934.8331 598.6487 1038.9609 1465.8582 1133.4233 358.3237 687.7812 6087.8467 2343.0293;
	1882.2542 1168.3272 1962.4878 585.9 1005.1513 1455.8206 1126.7766 347.5195 683.1 6079.0044 2292.4408;
	1874.1 1176.5545 1966.9833 581.5662 959.5194 1428.3996 1155.5554 353.9341 689.6202 6369.7893 2373.7089;
	1865.1343 1175.7 1959.8 567.6778 911.4693 1415.87 1142.3326 351.4943 681.9037 6528.2782 2398.2447;
	1891.7423 1189.6806 1983.2302 557.1 877.7188 1358.1745 1101.594 334.8395 671.0983 6279.4992 2369.3145;
	1890.0353 1181.511 1972.4605 557.859 903.0731 1338.0597 1118.8039 347.0246 684.0418 6512.2222 2492.6253;
	1857.6047 1159.8978 1945.5698 557.4037 912.6826 1308.4554 1083.6878 337.1386 675.5327 6317.5586 2368.0462;
	1861.8168 1130.2019 1900.0044 553.3108 903.7101 1281.5823 1085.2647 332.1554 672.5 6295.2191 2393.6361;
	1828.9138 1111.4037 1857.4 549.7404 878.4149 1263.9862 1099.4636 338.0835 676.8231 6400.9416 2408.5001;
	1793.7414 1105.5752 1930.9319 542.0 882.3755 1310.4018 1103.7177 329.0198 670.1745 6306.1849 2356.1608;
	1798.5127 1115.5273 1930.654 560.2 922.7473 1339.8343 1158.2353 332.8 668.7263 6285.8543 2328.7923;
	1753.7 1104.9836 1883.9667 556.0273 930.0168 1353.5272 1152.7027 330.1746 673.9608 6042.1463 2325.3;
	1762.6031 1139.7895 1922.9606 561.9 961.2349 1376.637 1187.0291 332.5612 711.3884 6100.4093 2445.1747;
	1785.674 1141.9973 1938.4087 561.7 959.5061 1407.99 1206.6508 341.4027 687.6385 6266.5567 2463.2897;
	1747.4462 1071.509 1824.7965 549.0044 934.113 1342.4544 1169.1737 337.4885 662.6143 5970.6296 2310.4204;
	1665.0942 1017.2 1754.6377 549.139 901.8157 1227.6003 1077.6088 313.8032 614.5402 5683.1852 2181.865;
	1565.0603 925.2138 1596.2588 533.4529 836.5034 1119.401 971.4269 274.4378 570.3308 5058.6037 2001.2;
	1557.8702 862.5415 1512.1168 553.8487 784.724 1113.1 927.0144 268.7771 527.7902 5184.2412 1896.4784;
	1539.1045 873.1726 1497.0786 571.4866 789.1131 1119.7527 878.7874 262.9998 504.2493 5011.6636 1827.5573;
];
