function loadprofile = ex_load_profilesh1
%EX_LOAD_PROFILE  Example load profile data file for stochastic unit commitment.
% 2022.03.12
% Andres F. Ramirez

%% define constants
[CT_LABEL, CT_PROB, CT_TABLE, CT_TBUS, CT_TGEN, CT_TBRCH, CT_TAREABUS, ...
    CT_TAREAGEN, CT_TAREABRCH, CT_ROW, CT_COL, CT_CHGTYPE, CT_REP, ...
    CT_REL, CT_ADD, CT_NEWVAL, CT_TLOAD, CT_TAREALOAD, CT_LOAD_ALL_PQ, ...
    CT_LOAD_FIX_PQ, CT_LOAD_DIS_PQ, CT_LOAD_ALL_P, CT_LOAD_FIX_P, ...
    CT_LOAD_DIS_P, CT_TGENCOST, CT_TAREAGENCOST, CT_MODCOST_F, ...
    CT_MODCOST_X] = idx_ct;

loadprofile = struct( ...
    'type', 'mpcData', ...
    'table', CT_TAREALOAD, ...
    'rows', [1:11], ...
    'col', CT_LOAD_ALL_P, ...
    'chgtype', 1, ...
    'values', [] );
loadprofile.values(:,1,:) = [
	1496.1 885.4207 1520.3327 509.8233 690.6523 1023.4643 831.5 215.4475 483.7 4391.5 1728.201;
	1459.9419 897.5407 1538.9147 518.4935 687.2902 1033.1568 833.7883 218.5 476.6852 4363.7 1794.8148;
	1475.6761 898.7277 1546.8373 532.1631 734.4829 1043.249 828.7569 227.5276 471.0438 4370.3563 1757.6812;
	1569.6581 962.9852 1640.4488 529.5891 771.6422 1114.5 873.6 253.4013 495.9506 4586.2143 1844.8882;
	1699.9544 1073.4 1811.6 571.6498 858.221 1241.2 972.4102 291.8 582.5043 5123.7362 2062.3019;
	1801.6904 1157.3745 1977.5161 597.1303 952.7592 1322.8267 1039.2439 323.3 646.076 5651.7992 2278.8923;
	1800.0166 1190.8423 1946.0544 594.3491 967.1549 1255.8076 1038.8189 327.6124 657.6328 5997.4409 2275.2834;
	1817.6369 1197.3924 1959.9588 588.5136 959.8484 1293.5861 1055.8867 333.0738 665.4588 6256.7484 2411.8231;
	1869.1546 1201.5909 1964.8909 577.1026 940.4269 1235.6463 1089.7867 340.4671 676.6991 6354.8432 2423.492;
	1852.8175 1207.0382 1939.3671 568.1693 945.7145 1211.7534 1084.1591 345.7787 672.4698 6329.1666 2459.0257;
	1829.6001 1206.7987 1931.915 577.8 947.2624 1210.0051 1073.681 339.2023 678.5332 6307.8271 2441.3848;
	1845.6041 1181.2843 1900.6733 571.3565 940.7734 1228.7984 1040.3212 347.5 685.7 6266.6993 2314.5221;
	1828.0739 1180.722 1869.8625 574.0068 937.7825 1249.457 1059.364 345.0443 684.599 6152.5756 2230.7124;
	1747.4779 1170.0919 1824.1317 568.2105 926.4207 1247.1 1029.3754 333.0961 675.6987 6106.3 2217.2129;
	1772.3657 1168.2563 1802.3243 549.8296 932.6 1312.6402 1044.8362 331.0727 680.7 6174.8429 2308.761;
	1764.6374 1150.4 1773.9426 547.1 932.0665 1302.2518 1077.2131 332.8 690.7551 6161.1805 2302.6514;
	1742.8411 1171.4516 1819.8 554.6784 931.3874 1288.7789 1062.7014 310.1 656.3524 6072.6609 2316.0027;
	1829.9298 1197.1273 1850.0323 570.588 975.4789 1310.6417 1091.2819 332.3636 687.1695 6016.9601 2386.3961;
	1838.2447 1195.4509 1857.8195 561.0291 946.4093 1320.7 1092.8 327.3138 669.0017 5806.7118 2324.0513;
	1803.8825 1167.9 1778.9339 545.8324 910.9973 1226.9654 1062.9642 328.5803 651.4023 5767.336 2277.9056;
	1731.6 1076.5059 1693.5126 538.2631 859.7089 1182.9 980.2012 308.0 614.4839 5478.8919 2136.0;
	1633.7524 985.5 1583.7056 527.2415 822.2956 1087.842 913.6023 279.3203 589.9389 5076.03 2002.738;
	1618.2838 978.8467 1549.5506 525.266 788.4132 1103.0 960.9036 270.4735 569.47 4910.1306 2159.9116;
	1589.1307 938.5 1542.7474 523.1 766.9393 1120.2 930.9647 250.4627 542.6 4760.8445 2053.7613;
];
