function windprofile = ex_wind_profilesh1
%EX_WIND_PROFILE_D  Example wind_load_nyiso profile data for deterministic unit commitment.
% 2022.03.12
% Andres F. Ramirez


%% define constants
[GEN_BUS, PG, QG, QMAX, QMIN, VG, MBASE, GEN_STATUS, PMAX, PMIN, ...
    MU_PMAX, MU_PMIN, MU_QMAX, MU_QMIN, PC1, PC2, QC1MIN, QC1MAX, ...
    QC2MIN, QC2MAX, RAMP_AGC, RAMP_10, RAMP_30, RAMP_Q, APF] = idx_gen;
[CT_LABEL, CT_PROB, CT_TABLE, CT_TBUS, CT_TGEN, CT_TBRCH, CT_TAREABUS, ...
    CT_TAREAGEN, CT_TAREABRCH, CT_ROW, CT_COL, CT_CHGTYPE, CT_REP, ...
    CT_REL, CT_ADD, CT_NEWVAL, CT_TLOAD, CT_TAREALOAD, CT_LOAD_ALL_PQ, ...
    CT_LOAD_FIX_PQ, CT_LOAD_DIS_PQ, CT_LOAD_ALL_P, CT_LOAD_FIX_P, ...
    CT_LOAD_DIS_P, CT_TGENCOST, CT_TAREAGENCOST, CT_MODCOST_F, ...
    CT_MODCOST_X] = idx_ct;

windprofile = struct( ...
    'type', 'mpcData', ...
    'table', CT_TGEN, ...
    'rows', [1:45], ...
    'col', PMAX, ...
    'chgtype', 1, ...
    'values', [] );
windprofile.values(:,1,:) = [
	3.7534 50.7168 89.6972 116.7138 15.0569 32.3821 30.6519 18.4613 9.9716 16.3308 30.1873 45.0334 67.7976 56.5828 201.3586 75.8607 94.1234 99.7427 85.3802 66.9445 10.2173 75.5583 25.3568 88.0984 103.3907 76.0866 13.9686 1243.1784 760.7883 760.7883 727.5085 114.2291 284.6007 172.3152 177.3947 324.603 1101.9496 280.3592 437.1071 276.9393 122.5343 359.226 206.8346 276.1135 1113.4283;
	3.7889 51.1965 88.6679 112.9275 15.0166 32.9584 29.0726 17.8999 8.5229 13.2097 24.4179 36.4268 54.8403 62.289 192.8671 72.6615 90.1541 95.5365 86.7918 69.3742 9.6909 76.9029 30.4108 83.7442 98.3107 74.6677 13.5866 1221.3713 718.1801 718.1801 715.6902 115.477 289.306 178.5693 195.2845 306.4235 1140.496 266.6854 436.8375 263.3322 121.4421 365.6181 207.6705 271.172 1152.3761;
	3.7018 50.0193 86.3304 110.2459 15.0154 32.0997 28.4997 18.3451 20.0452 12.5612 23.2192 34.6385 52.1481 58.8455 182.9208 68.9144 85.5049 90.6096 87.5084 69.5102 9.4999 74.8992 25.4791 87.5028 99.8681 73.993 13.5393 1184.6498 694.2836 694.2836 715.6011 113.5315 291.6946 178.9194 184.4887 296.2277 1142.3295 286.9384 440.3894 267.5039 120.8717 356.0923 207.6966 254.5012 1154.2288;
	3.6935 49.9077 86.5031 109.9474 15.3246 32.3695 30.0056 17.9827 27.0818 27.4239 50.6927 75.6235 113.8508 64.6721 195.5803 73.6837 91.4224 96.8805 88.3648 64.449 10.0019 75.5289 22.3354 86.2079 100.5331 72.9402 13.1566 1202.8886 713.9241 713.9241 720.1613 116.4247 294.5494 165.8919 202.7558 304.6076 1136.7721 301.2199 445.9061 269.2852 121.0744 359.0861 184.4608 252.6262 1148.6135;
	3.2217 43.5319 86.4507 111.9642 15.1904 30.577 30.1514 18.5332 26.4087 29.5183 54.5641 81.3989 122.5456 64.5459 198.9244 74.9436 92.9856 98.537 87.731 67.5436 10.0505 71.3464 74.082 85.704 102.3316 72.0255 13.4854 1184.3788 728.3111 728.3111 775.8052 114.5189 292.4368 173.8573 202.3601 310.7461 1062.7957 321.6045 441.1491 274.1026 119.6382 339.2012 185.5645 256.297 1073.8665;
	3.6865 49.8126 87.1287 110.2612 15.0874 31.7362 16.8666 17.6967 23.1868 29.3335 54.2225 80.8894 121.7785 48.8547 195.2907 73.5746 91.2871 96.737 56.3079 67.9843 5.6222 74.0511 72.536 84.2789 98.8485 70.0424 13.2163 1074.9054 754.4855 754.4855 747.0742 113.9336 187.6929 174.9917 153.166 321.9138 1057.4103 305.2331 435.0811 264.7728 118.0747 352.0602 159.711 255.5748 1068.425;
	3.8776 52.3953 90.7175 112.7784 15.2945 33.9635 13.2224 18.2843 25.254 29.5107 54.55 81.3779 122.514 65.2255 195.0383 73.4795 91.1691 96.612 84.9217 69.923 4.4075 79.2481 70.322 87.3534 103.2137 72.4182 13.3591 1172.0411 779.5878 779.5878 752.9609 113.2434 283.0725 179.982 204.4907 332.6241 1123.511 326.6464 410.2417 276.4652 119.7973 376.7682 179.277 264.0835 1135.2142;
	3.829 51.7388 89.5174 113.4132 15.2373 33.1974 3.5181 18.3099 0.1369 28.8121 53.2587 79.4515 119.6138 44.0401 196.859 74.1655 92.0201 97.5139 85.9118 68.4931 1.1727 77.4606 71.1095 85.0576 101.871 73.4486 13.4149 1218.9943 764.6835 764.6835 763.2858 119.4231 286.3726 176.3015 138.0717 326.265 1187.9905 331.4509 172.269 272.8687 117.2736 368.2698 203.3027 259.0413 1200.3654;
	3.8426 51.9215 89.5759 114.2579 15.1835 31.3111 1.583 18.64 1.2509 28.9351 53.4861 79.7908 120.1245 23.7635 200.5826 75.5683 93.7607 99.3583 87.7525 70.1666 0.5277 73.0592 73.5021 86.1596 104.1366 72.3326 13.8185 1135.1006 680.6144 680.6144 736.6579 117.8157 292.5082 180.609 74.5018 290.3955 986.5416 297.5725 10.3576 278.9373 118.6852 347.3444 186.4178 260.4284 996.8181;
	3.8675 52.2585 93.2413 119.9271 15.2268 29.5008 0.5711 19.1316 3.0106 27.6229 51.0605 76.1722 114.6768 21.1786 196.4849 74.0245 91.8453 97.3286 89.335 70.3292 0.1904 68.8352 54.0058 88.2694 104.9775 74.7124 13.7671 816.784 577.8461 577.8461 577.3235 115.4212 297.7833 181.0275 66.3976 246.5477 731.9267 254.3711 32.3722 281.1898 120.3115 327.2624 159.3844 267.6425 739.5509;
	3.6389 49.1702 93.8816 120.0605 15.0872 24.4202 0.0 18.8624 0.3263 29.6937 54.8883 81.8826 123.2738 0.5786 201.4413 75.8918 94.1621 99.7837 75.0663 70.5984 0.0 56.9806 72.829 89.2809 104.4237 74.3742 13.8034 704.3059 641.9893 641.9893 521.5321 114.7922 250.2211 181.7204 1.8139 273.9155 693.2581 206.9912 27.4438 279.7064 120.0621 270.9019 144.3389 271.176 700.4795;
	3.5186 47.5446 92.1632 118.8529 15.3613 17.3053 0.0 18.8032 1.7286 28.7951 53.2274 79.4048 119.5435 8.874 202.1203 76.1476 94.4795 100.12 27.9989 70.1379 0.0 40.379 73.8602 86.9114 102.6616 72.7055 13.7627 521.2262 661.766 661.766 500.9394 117.7924 93.3297 180.5352 27.8213 282.3535 738.8499 212.5976 79.8843 274.9864 122.0752 191.9731 138.9983 269.5547 746.5462;
	3.8151 51.5505 91.3951 117.4132 15.0064 20.0916 2.7697 18.1597 26.0676 25.9061 47.887 71.4381 107.5496 53.8192 199.2123 75.0521 93.1202 98.6796 55.8473 69.0691 0.9232 46.8804 73.3005 84.7073 102.0787 68.7526 13.8248 471.1162 648.0948 648.0948 507.4633 113.4393 186.1577 177.7841 168.7303 276.5205 541.752 224.4402 141.4279 273.4252 123.1207 222.8829 147.212 262.1583 547.3952;
	3.823 51.6574 94.0202 120.826 15.1887 21.0897 0.7981 18.8266 18.6934 24.2661 44.8554 66.9155 100.7409 39.5152 201.2179 75.8077 94.0576 99.673 54.7063 70.9716 0.266 49.2094 72.188 86.1355 104.0311 69.7908 13.7413 386.3493 587.0617 587.0617 440.7892 101.5365 182.3544 182.6811 123.8856 250.4796 541.8669 227.5953 59.5486 278.6546 122.8571 233.9554 164.4827 268.5685 547.5113;
	3.8052 51.4163 88.2895 116.9703 14.7075 18.6237 4.1541 17.8924 0.8027 26.1759 48.3858 72.1821 108.6698 31.7994 195.1415 73.5184 91.2173 96.6631 68.4854 70.0785 1.3847 43.4553 70.7721 84.3547 97.9715 68.3849 13.1961 295.248 615.1799 615.1799 433.0258 94.0583 228.2848 180.3823 99.6955 262.4767 521.5118 239.8235 134.3097 262.4237 121.0135 206.5987 171.3368 235.5946 526.9443;
	3.4392 46.4718 88.6423 116.3408 15.0374 9.8172 4.5886 17.7308 4.014 29.3985 54.3427 81.0687 122.0484 24.9447 194.985 73.4595 91.1441 96.5856 61.5397 70.1205 1.5295 22.9067 73.0899 84.8078 98.8205 69.7576 13.3833 356.1663 541.8771 541.8771 403.2936 94.8081 205.1325 180.4904 78.205 231.2009 440.7778 216.9985 234.3797 264.6978 122.3365 108.9051 159.828 238.7036 445.3692;
	3.5035 47.3406 87.2949 112.4966 14.989 18.0074 0.5535 18.5369 0.0 29.3217 54.2008 80.8569 121.7296 35.4792 195.7721 73.756 91.5121 96.9755 60.5455 70.1107 0.1845 42.0173 71.3616 85.5634 102.4978 71.5041 13.4626 931.8346 460.1077 460.1077 292.248 91.6055 201.8184 180.4652 111.2321 196.3126 795.2748 222.2315 108.1029 274.5476 120.0644 199.7625 141.1923 241.8949 803.5589;
	3.2153 43.4454 89.2186 112.6404 15.0779 22.4312 4.2788 18.569 0.0 29.7251 54.9464 81.9692 123.4041 58.3937 195.3288 73.589 91.3049 96.7559 77.1034 70.4423 1.4263 52.3395 71.4202 84.8275 102.2353 71.5377 13.9502 1184.1137 555.7459 555.7459 196.7511 67.2004 257.0114 181.3188 183.0722 237.1182 981.0962 197.6064 126.9507 273.8446 118.9561 248.8371 183.9104 269.1907 991.316;
