function loadprofile = ex_load_profilesh1
%EX_LOAD_PROFILE  Example load profile data file for stochastic unit commitment.
% 2022.03.12
% Andres F. Ramirez

%% define constants
[CT_LABEL, CT_PROB, CT_TABLE, CT_TBUS, CT_TGEN, CT_TBRCH, CT_TAREABUS, ...
    CT_TAREAGEN, CT_TAREABRCH, CT_ROW, CT_COL, CT_CHGTYPE, CT_REP, ...
    CT_REL, CT_ADD, CT_NEWVAL, CT_TLOAD, CT_TAREALOAD, CT_LOAD_ALL_PQ, ...
    CT_LOAD_FIX_PQ, CT_LOAD_DIS_PQ, CT_LOAD_ALL_P, CT_LOAD_FIX_P, ...
    CT_LOAD_DIS_P, CT_TGENCOST, CT_TAREAGENCOST, CT_MODCOST_F, ...
    CT_MODCOST_X] = idx_ct;

loadprofile = struct( ...
    'type', 'mpcData', ...
    'table', CT_TAREALOAD, ...
    'rows', [1:11], ...
    'col', CT_LOAD_ALL_P, ...
    'chgtype', 1, ...
    'values', [] );
loadprofile.values(:,1,:) = [
	1475.0688 907.6508 1508.5 513.6404 747.6175 1113.0 806.3179 245.2335 475.8 4346.5667 1616.9428;
	1496.5373 897.2443 1507.0202 508.2108 756.3789 1093.9888 790.9 235.5737 464.0746 4182.302 1593.0805;
	1493.7 900.5 1502.6981 510.9579 748.2 1090.3167 788.8374 242.1 452.3101 4167.0229 1599.6849;
	1573.9371 958.1685 1584.0857 533.6688 806.8513 1164.0346 826.1565 255.0829 492.5565 4404.942 1652.7501;
	1716.6 1072.0521 1763.538 575.9 917.9344 1288.0993 916.5783 297.8 557.3989 4945.8644 1915.6437;
	1855.2828 1162.9779 1909.5875 599.6308 956.2181 1345.9675 991.5045 327.8 642.8409 5486.4148 2134.6643;
	1867.4412 1175.6656 1917.7435 579.3002 975.2855 1371.3888 991.2325 329.4 675.7012 5828.3347 2216.0201;
	1860.2 1187.9653 1929.301 556.3293 970.2173 1378.3726 1023.1634 319.5915 680.2 5963.5891 2149.5391;
	1915.3371 1217.9007 1959.8 554.0413 994.8019 1328.0092 1014.2694 307.1772 687.6054 6017.7829 2154.9319;
	1977.7181 1215.338 1977.6423 545.4263 1003.174 1341.9024 1013.9901 333.3 703.9 6120.5128 2282.4006;
	1930.8402 1178.8 1957.2321 550.6282 991.6587 1280.4586 968.2353 314.1462 649.944 6005.6989 2151.5486;
	1968.5378 1187.5628 1971.5126 544.0317 1009.3435 1327.2659 987.6491 324.5148 670.9612 6076.2567 2262.4568;
	1950.358 1158.7722 1991.8678 535.2258 1007.6931 1318.5534 1012.5 323.9846 660.5613 6033.2238 2263.3959;
	1927.2609 1136.3 1918.8867 535.7844 987.1037 1305.4 1000.815 345.0671 657.4125 6010.6671 2216.8446;
	1935.3244 1105.9481 1861.4 529.9 969.3169 1307.4001 1005.8058 329.7102 632.0031 5969.0531 2246.2544;
	1933.6907 1127.894 1861.8418 519.6499 999.7617 1321.0917 1003.7806 325.1027 629.6497 5933.853 2297.8;
	1869.7639 1116.0919 1862.9182 522.1 993.2851 1311.3239 961.7884 328.7013 628.7463 5835.7792 2350.153;
	1932.6854 1138.9921 1907.647 559.9 1035.3671 1375.8569 1009.864 333.792 655.1359 5767.7834 2381.9786;
	1983.0756 1171.3467 1917.2498 562.0 1060.4176 1391.427 1035.3855 328.0 643.7692 5577.0006 2350.7759;
	1862.5821 1123.8365 1860.1486 549.4 1025.9826 1342.4513 1043.4 320.0328 611.3994 5534.7454 2304.9723;
	1775.3934 1049.1918 1748.0268 524.2 946.1847 1263.2483 963.3556 296.3679 575.2612 5214.0459 2103.3864;
	1668.6916 983.2237 1651.8274 498.8858 887.0155 1198.4926 895.2356 275.2 522.4862 4888.4273 1912.1802;
	1595.3298 926.0623 1597.2277 517.1056 850.5806 1136.72 861.0175 255.8 496.4785 4703.5478 1747.7588;
	1542.8661 901.619 1575.0055 515.2633 812.0153 1128.3161 852.5997 250.7913 493.2719 4593.215 1692.9713;
];
