function windprofile = ex_wind_profilesh1
%EX_WIND_PROFILE_D  Example wind_load_nyiso profile data for deterministic unit commitment.
% 2022.03.12
% Andres F. Ramirez


%% define constants
[GEN_BUS, PG, QG, QMAX, QMIN, VG, MBASE, GEN_STATUS, PMAX, PMIN, ...
    MU_PMAX, MU_PMIN, MU_QMAX, MU_QMIN, PC1, PC2, QC1MIN, QC1MAX, ...
    QC2MIN, QC2MAX, RAMP_AGC, RAMP_10, RAMP_30, RAMP_Q, APF] = idx_gen;
[CT_LABEL, CT_PROB, CT_TABLE, CT_TBUS, CT_TGEN, CT_TBRCH, CT_TAREABUS, ...
    CT_TAREAGEN, CT_TAREABRCH, CT_ROW, CT_COL, CT_CHGTYPE, CT_REP, ...
    CT_REL, CT_ADD, CT_NEWVAL, CT_TLOAD, CT_TAREALOAD, CT_LOAD_ALL_PQ, ...
    CT_LOAD_FIX_PQ, CT_LOAD_DIS_PQ, CT_LOAD_ALL_P, CT_LOAD_FIX_P, ...
    CT_LOAD_DIS_P, CT_TGENCOST, CT_TAREAGENCOST, CT_MODCOST_F, ...
    CT_MODCOST_X] = idx_ct;

windprofile = struct( ...
    'type', 'mpcData', ...
    'table', CT_TGEN, ...
    'rows', [1:45], ...
    'col', PMAX, ...
    'chgtype', 1, ...
    'values', [] );
windprofile.values(:,1,:) = [
	3.8768 52.3836 91.287 117.209 14.6152 33.1668 30.3422 18.1216 9.185 15.907 29.4039 43.8649 66.0384 37.9223 195.6188 73.6982 91.4404 96.8995 88.7259 67.1779 10.1141 77.3892 24.9243 86.0221 101.7455 73.7604 13.7976 1233.267 778.1058 778.1058 737.5911 105.5494 295.753 172.916 118.8915 331.9918 1139.5565 258.1271 437.997 272.5327 118.8533 367.9305 200.2947 286.3551 1151.4269;
	3.858 52.1294 91.8929 116.5562 14.4917 32.7002 31.7667 17.9498 12.4956 14.5382 26.8737 40.0903 60.3557 46.2908 189.889 71.5396 88.7621 94.0613 88.5079 69.0709 10.5889 76.3005 27.6637 82.7936 100.6458 71.9752 13.4021 1231.1219 782.7467 782.7467 733.0962 107.2519 295.0265 177.7887 145.128 333.9719 1213.6006 261.1001 445.1595 269.587 118.1662 362.7545 206.679 285.4889 1226.2422;
	3.6105 48.7854 88.769 114.7887 14.5504 30.2622 32.9591 17.9065 23.9557 14.9463 27.6281 41.2156 62.0499 56.5118 166.4286 62.701 77.7957 82.4402 84.247 69.231 10.9864 70.6119 27.8596 85.0658 100.5431 72.4464 13.0363 1219.269 784.1771 784.1771 747.9928 109.1793 280.8234 178.2007 177.1722 334.5822 1186.1234 285.3234 450.4649 269.312 117.3404 335.709 190.927 269.6501 1198.4789;
	3.5631 48.145 86.7364 115.2661 14.5813 30.6348 31.1857 17.8498 27.3545 26.9669 49.8479 74.3633 111.9536 59.5467 189.9941 71.5792 88.8112 94.1134 78.3329 60.8741 10.3952 71.4812 1.1464 83.2718 98.6022 71.3403 12.9217 1189.429 784.5156 784.5156 752.7218 108.0607 261.1095 156.6901 186.6868 334.7267 1110.2402 306.0485 435.2194 264.113 115.0544 339.8421 156.2331 264.0026 1121.8052;
	3.0847 41.6808 87.6637 117.8154 14.5972 28.1836 30.6735 18.5893 27.2575 28.7425 53.1301 79.2597 119.325 57.0335 191.9839 72.3288 89.7413 95.099 76.511 67.8883 10.2245 65.7617 69.9836 85.9282 101.9599 70.3312 13.4124 1194.1095 811.8939 811.8939 739.0546 99.7371 255.0367 174.7448 178.8076 346.408 1096.9886 289.1677 446.7712 273.1068 118.2813 312.6501 164.1078 267.922 1108.4156;
	3.5164 47.5144 89.4169 115.5051 14.3842 31.5161 17.9889 18.5737 26.0825 29.8075 55.0987 82.1964 123.7463 46.131 196.1119 73.884 91.6709 97.1438 55.9428 71.6212 5.9963 73.5376 73.6153 86.2361 103.075 71.673 13.7658 1114.3196 804.0355 804.0355 736.3529 109.2108 186.476 184.3533 144.627 343.0552 1120.7731 281.3664 451.3459 276.0938 119.2012 349.619 154.743 269.957 1132.4478;
	3.5021 47.3204 89.0834 113.6203 14.0856 31.9592 11.5068 18.2469 24.4107 29.4802 54.4938 81.294 122.3877 63.1758 195.5856 73.6857 91.4249 96.8831 85.6063 73.7834 3.8356 74.5714 74.9281 85.9039 103.8027 69.8524 13.559 1188.0201 782.0917 782.0917 679.4372 103.427 285.3542 189.9186 198.0646 333.6925 1126.451 284.9172 369.0868 278.0428 118.4058 354.534 161.5539 270.3769 1138.1849;
	3.5949 48.575 90.4842 116.8111 14.416 32.5047 0.0 17.7961 0.9848 30.293 55.9962 83.5354 125.762 41.5777 199.5945 75.1961 93.2988 98.8689 82.1545 72.0584 0.0 75.8444 75.5007 84.8598 101.2046 70.1941 13.3575 1247.6168 779.7597 779.7597 689.5231 110.0734 273.8482 185.4784 130.3517 332.6975 1191.2984 283.5206 166.2997 271.0838 119.5494 360.5859 197.6748 272.2197 1203.7078;
	3.5799 48.373 91.9586 116.3184 14.1977 31.4264 0.0 17.5139 0.4762 29.7451 54.9834 82.0244 123.4873 22.3197 201.041 75.741 93.975 99.5854 84.8511 73.0662 0.0 73.3284 74.8341 84.7797 101.3976 69.9073 13.1868 1152.9834 693.656 693.656 695.8889 110.4468 282.837 188.0725 69.9754 295.9599 1022.1397 259.9319 1.2106 271.6006 118.5799 348.624 179.6195 275.7751 1032.787;
	3.6763 49.6751 89.6413 117.1046 14.8701 30.4847 4.7194 18.0059 2.6355 26.56 49.0957 73.2411 110.2641 21.1417 195.3875 73.6111 91.3323 96.785 84.5817 73.3905 1.5731 71.131 54.7777 86.5751 102.8977 70.1787 13.083 1028.1268 628.7866 628.7866 591.4041 109.7463 281.9389 188.9074 66.282 268.2823 866.2343 247.648 152.9819 275.6188 118.8484 338.1771 155.296 269.3178 875.2576;
	3.4005 45.9489 90.6351 116.9343 14.7569 26.0906 4.8782 17.3292 19.3748 30.7339 56.8111 84.7509 127.5921 6.587 200.9969 75.7244 93.9544 99.5636 81.1471 73.1082 1.6261 60.8781 75.6575 87.5189 102.3681 68.6679 13.0179 861.4731 705.5105 705.5105 557.5159 111.6071 270.4902 188.1806 20.6511 301.0178 823.101 212.2388 215.4918 274.2003 116.3854 289.4321 138.941 262.2869 831.6749;
	2.941 39.7394 90.3549 112.3812 14.7116 19.1399 3.1303 17.4123 0.3634 27.8084 51.4035 76.6839 115.4472 4.2243 200.2932 75.4593 93.6254 99.215 33.604 71.6256 1.0434 44.6598 74.6256 86.2531 101.8466 70.3239 13.0753 642.2287 753.844 753.844 524.9236 112.3989 112.0134 184.3644 13.2437 321.6401 869.1365 207.6719 43.8936 272.8034 121.35 212.3253 130.4596 261.9525 878.19;
	3.5624 48.1353 91.4616 110.7579 14.4917 18.7078 3.571 16.3706 24.8927 24.4234 45.1464 67.3495 101.3943 52.8307 200.7081 75.6156 93.8194 99.4205 53.3735 72.4307 1.1903 43.6514 72.3381 85.2606 102.3543 68.256 12.8788 657.774 700.8979 700.8979 532.1969 114.5085 177.9118 186.4369 165.6315 299.0498 625.2672 230.2669 28.5613 274.1633 119.753 207.5314 129.3965 254.971 631.7804;
	3.6237 48.9644 90.2328 111.5894 14.8332 19.0348 4.0973 17.2933 19.2293 24.4793 45.2496 67.5035 101.6262 39.3726 203.7648 76.7672 95.2482 100.9346 47.5496 72.5203 1.3658 44.4146 72.9676 84.7891 100.691 69.3667 12.9755 572.1586 712.78 712.78 486.1374 93.951 158.4985 186.6675 123.4384 304.1195 703.4137 232.2871 47.9872 269.7079 120.0689 211.1595 152.5385 260.2183 710.7409;
	3.6021 48.6717 86.833 110.9507 15.111 17.9862 1.1758 17.2073 3.8618 25.7757 47.646 71.0784 107.0082 31.8542 203.1169 76.5231 94.9453 100.6137 64.1071 72.1333 0.3919 41.9678 73.0644 85.979 99.6279 68.3339 13.1033 458.9795 679.5873 679.5873 446.9167 92.9631 213.6904 185.6712 99.8672 289.9572 617.2577 234.4838 39.4371 266.8606 119.2947 199.5271 158.2703 218.3292 623.6875;
	3.2498 43.9115 86.3296 112.116 14.6323 7.6926 1.1319 16.2919 0.5244 28.1325 52.0025 77.5775 116.7925 22.4967 196.8386 74.1578 92.0106 97.5038 65.3555 72.3458 0.3773 17.9494 71.9387 86.0046 99.5875 65.8216 13.0516 444.8136 543.017 543.017 386.6555 90.2564 217.8517 186.2183 70.5301 231.6873 488.1807 211.7884 5.3447 266.7523 120.8327 85.3367 141.5333 231.6959 493.2659;
	3.0713 41.5006 87.5533 115.6878 14.5058 16.5103 1.6563 17.8888 0.6861 28.9524 53.518 79.8384 120.1962 32.2344 203.3343 76.605 95.047 100.7214 69.485 73.3467 0.5521 38.524 73.2501 86.8383 104.3317 71.9989 13.2823 1039.6581 465.6785 465.6785 291.3168 87.2245 231.6167 188.7946 101.0592 198.6895 855.6742 224.4163 110.805 279.4599 122.3438 183.1539 123.6375 239.6845 864.5875;
	3.1794 42.9606 92.7614 116.2436 14.8991 19.6008 2.568 18.4023 10.9899 30.0004 55.4553 82.7284 124.5471 56.2327 196.1729 73.907 91.6994 97.174 75.9922 73.1561 0.856 45.7352 74.0468 88.6974 104.7225 73.2177 13.8181 1247.5704 589.3197 589.3197 209.1029 64.3938 253.3072 188.304 176.2971 251.4431 1039.679 187.4453 126.3331 280.5066 122.3433 217.438 168.882 274.648 1050.5089;
