function windprofile = ex_wind_profilesh1
%EX_WIND_PROFILE_D  Example wind_load_nyiso profile data for deterministic unit commitment.
% 2022.03.12
% Andres F. Ramirez


%% define constants
[GEN_BUS, PG, QG, QMAX, QMIN, VG, MBASE, GEN_STATUS, PMAX, PMIN, ...
    MU_PMAX, MU_PMIN, MU_QMAX, MU_QMIN, PC1, PC2, QC1MIN, QC1MAX, ...
    QC2MIN, QC2MAX, RAMP_AGC, RAMP_10, RAMP_30, RAMP_Q, APF] = idx_gen;
[CT_LABEL, CT_PROB, CT_TABLE, CT_TBUS, CT_TGEN, CT_TBRCH, CT_TAREABUS, ...
    CT_TAREAGEN, CT_TAREABRCH, CT_ROW, CT_COL, CT_CHGTYPE, CT_REP, ...
    CT_REL, CT_ADD, CT_NEWVAL, CT_TLOAD, CT_TAREALOAD, CT_LOAD_ALL_PQ, ...
    CT_LOAD_FIX_PQ, CT_LOAD_DIS_PQ, CT_LOAD_ALL_P, CT_LOAD_FIX_P, ...
    CT_LOAD_DIS_P, CT_TGENCOST, CT_TAREAGENCOST, CT_MODCOST_F, ...
    CT_MODCOST_X] = idx_ct;

windprofile = struct( ...
    'type', 'mpcData', ...
    'table', CT_TGEN, ...
    'rows', [1:45], ...
    'col', PMAX, ...
    'chgtype', 1, ...
    'values', [] );
windprofile.values(:,1,:) = [
	3.9922 53.9438 93.7946 117.4841 14.9826 34.8045 32.5888 18.3597 11.1633 18.6929 34.5536 51.5471 77.6039 58.1047 200.2435 75.4406 93.6022 99.1904 91.8214 68.9549 10.8629 81.2105 24.8284 87.9873 105.7191 74.5839 13.9471 1326.8553 839.5198 839.5198 750.7947 117.3622 306.0714 177.49 182.166 358.1951 1217.2798 274.1889 470.785 283.1763 123.329 386.0981 215.4554 277.0892 1229.9598;
	3.9629 53.5475 95.1229 117.6975 15.013 34.3577 32.3632 18.5696 12.2602 15.3224 28.3233 42.2528 63.6113 65.1904 197.441 74.3847 92.2922 97.8022 91.9619 72.1237 10.7877 80.1679 28.8329 88.4715 105.6746 73.6505 14.0069 1305.2915 829.3857 829.3857 744.8638 112.23 306.5397 185.6465 204.3807 353.8712 1278.1029 251.7938 466.1327 283.0569 123.1996 381.1409 212.1779 282.4206 1291.4164;
	3.9088 52.816 93.5862 113.409 14.9976 34.5423 33.3168 18.3232 24.2908 16.5913 30.6688 45.7519 68.8792 62.5836 166.8905 62.875 78.0116 82.669 91.0541 71.6658 11.1056 80.5987 28.1846 88.1098 105.2176 72.4085 13.608 1271.2376 822.8305 822.8305 750.041 112.9331 303.5137 184.4678 196.208 351.0743 1264.3125 269.2521 476.0469 281.8327 122.7204 383.1891 216.9882 274.7047 1277.4825;
	3.847 51.9808 92.5914 116.2799 15.0163 33.8815 32.309 18.2664 28.4119 31.0048 57.3119 85.4981 128.7169 66.8306 190.9701 71.9469 89.2674 94.5968 88.9631 66.8444 10.7697 79.0569 28.4109 85.9367 103.8298 71.4476 13.4536 1283.3006 819.5965 819.5965 754.316 113.9971 296.5438 172.0576 209.5228 349.6945 1242.4604 297.1879 479.305 278.1154 122.0438 375.8591 186.6659 269.5409 1255.4027;
	3.2568 44.0063 89.8813 113.6143 15.243 30.1517 31.524 17.7491 28.2335 30.7249 56.7945 84.7262 127.5549 66.1525 190.6198 71.8149 89.1037 94.4233 85.4154 66.7887 10.508 70.3541 71.0392 85.6282 101.6542 69.5902 12.8905 1283.5539 780.6879 780.6879 744.0091 112.1828 284.7179 171.9143 207.3969 333.0935 1165.0818 304.7303 477.6686 272.2882 118.2149 334.4834 185.7926 270.8545 1177.218;
	3.718 50.2385 87.4329 110.1507 14.8162 31.8908 19.2952 17.5889 26.0108 28.6175 52.899 78.9149 118.806 54.1649 192.5108 72.5273 89.9876 95.36 56.3381 67.8966 6.4317 74.4119 66.4841 84.4288 100.4248 70.6901 13.185 1262.8636 788.9054 788.9054 767.5141 116.8614 187.7938 174.7662 169.8144 336.5996 1242.9545 312.9361 468.1289 268.9951 115.3437 353.7753 165.917 271.9266 1255.9019;
	3.646 49.2656 88.0273 111.222 14.6429 32.5281 13.437 17.4132 26.0195 28.7756 53.1913 79.3509 119.4623 66.8901 190.4611 71.7551 89.0295 94.3447 80.2237 69.1218 4.479 75.899 69.1105 86.1229 102.0283 70.9261 13.2352 1258.6127 793.5203 793.5203 740.3269 113.2386 267.4125 177.9197 209.7095 338.5686 1218.4176 308.1708 436.2098 273.2901 117.0949 360.8455 179.9948 274.0962 1231.1095;
	3.8267 51.7069 90.9268 117.6491 15.2432 33.7049 4.6781 17.6122 16.0341 29.0576 53.7126 80.1286 120.6332 46.8179 198.7681 74.8847 92.9125 98.4595 86.2224 70.4523 1.5594 78.6448 70.675 86.8455 102.8568 71.4598 13.3928 1258.8222 795.7418 795.7418 748.6478 116.5084 287.408 181.3445 146.7804 339.5165 1241.6431 325.8968 189.881 275.5092 119.261 373.9 210.8199 274.8684 1254.5768;
	3.8229 51.6562 89.9699 117.3516 15.1438 31.3045 1.8792 17.9163 10.0353 28.8803 53.3848 79.6397 119.8971 27.4118 194.5469 73.2944 90.9394 96.3686 85.7603 70.6564 0.6264 73.0438 72.1242 88.4487 103.2618 73.9473 13.4232 1177.0061 666.9097 666.9097 701.4918 115.2029 285.8675 181.8698 85.9396 284.5481 1040.9636 291.9067 70.2347 276.594 118.7763 347.2713 196.1917 276.7162 1051.807;
	3.7637 50.8556 92.1608 120.15 15.2283 30.1636 2.1515 18.2657 4.9039 25.198 46.5781 69.4853 104.6098 18.1703 194.3471 73.2191 90.846 96.2696 89.4733 71.0393 0.7172 70.3818 49.0356 89.1728 105.0634 73.4835 13.1333 911.663 612.5469 612.5469 587.1847 116.4994 298.2442 182.8554 56.9665 261.3533 787.1262 254.8598 32.7616 281.4198 120.7492 334.6151 160.8614 279.4656 795.3254;
	3.7396 50.5304 93.1381 120.4428 15.3488 27.0313 2.6106 17.7657 6.1914 29.7043 54.9079 81.9118 123.3177 0.9518 204.3313 76.9806 95.513 101.2153 83.3955 72.0293 0.8702 63.0729 73.249 89.1156 104.0843 69.6648 13.1973 737.5 686.267 686.267 541.9337 117.2474 277.9851 185.4036 2.984 292.8072 750.6722 215.0104 55.8715 278.7973 118.1916 299.8667 154.0361 273.0603 758.4917;
	3.6368 49.1415 93.9197 120.6546 15.3798 20.7888 5.611 18.2516 8.8786 27.1534 50.1926 74.8774 112.7276 2.7575 203.9929 76.8531 95.3548 101.0477 43.308 71.6602 1.8703 48.5071 70.2506 88.7224 104.6913 72.1735 13.4415 553.6164 743.4172 743.4172 555.0429 119.4719 144.3599 184.4536 8.6452 317.1913 846.9602 235.8402 37.9443 280.4233 120.5101 230.6168 149.8303 273.3106 855.7827;
	3.9019 52.7232 94.2377 118.7461 15.2196 21.9651 0.1175 17.589 25.7661 25.6022 47.3253 70.6 106.2879 46.7993 205.0335 77.2452 95.8412 101.5631 65.4773 72.4058 0.0392 51.252 74.3454 86.4943 103.763 69.5671 13.6631 592.792 698.5036 698.5036 532.3755 115.8771 218.2578 186.3726 146.7221 298.0282 626.862 245.1031 9.3608 277.9366 117.8253 243.6666 157.9271 268.9273 633.3918;
	3.6653 49.5263 90.2131 111.585 14.6168 19.9977 3.1349 17.3613 18.0513 23.9032 44.1846 65.9148 99.2344 35.6744 201.7368 76.0032 94.3002 99.9301 56.5074 71.2166 1.045 46.6613 71.9677 82.826 98.6258 69.2625 12.9936 522.5044 696.0626 696.0626 496.9987 99.0645 188.3581 183.3117 111.8441 296.9867 698.1312 251.0378 30.4674 264.1761 117.0753 221.841 161.8062 261.0896 705.4034;
	3.7696 50.9349 90.4187 112.2645 14.7783 19.6003 5.4891 17.5556 8.9337 24.8784 45.9873 68.6039 103.2829 30.2063 191.1413 72.0114 89.3475 94.6816 63.6451 68.5239 1.8297 45.734 70.4063 84.1525 98.2601 70.3468 13.2069 393.6455 702.7198 702.7198 458.5168 89.9466 212.1502 176.3806 94.7007 299.8271 623.9876 248.8294 120.2486 263.1967 118.4308 217.4326 171.2415 219.6323 630.4875;
	3.5553 48.0398 87.9781 113.3996 14.5529 10.5477 20.255 17.6195 7.5138 27.0852 50.0666 74.6895 112.4446 24.1103 187.8595 70.775 87.8134 93.056 61.0027 69.5195 6.7517 24.6114 70.7139 82.3788 98.4784 70.224 13.4688 434.6188 579.8556 579.8556 415.3162 91.169 203.3422 178.9433 75.5891 247.4051 514.3968 225.2044 220.3004 263.7814 120.9839 117.0095 166.1426 224.5511 519.7551;
	3.5736 48.2873 91.4701 115.8222 15.1851 19.9003 18.1965 18.2275 16.0389 28.9184 53.4552 79.7446 120.0551 34.2194 187.5064 70.642 87.6484 92.8811 62.3427 71.8999 6.0655 46.4341 72.8618 86.364 104.5693 74.8618 13.2548 994.357 515.502 515.502 306.7987 89.8613 207.8088 185.0706 107.2825 219.9475 897.9307 235.1324 123.849 280.0963 122.5989 220.7611 142.2802 234.7322 907.2841;
	3.213 43.4153 90.5949 114.2166 14.9282 23.2676 13.0462 18.1139 7.769 30.1218 55.6798 83.0633 125.0513 59.2341 199.9481 75.3293 93.4641 99.0441 77.3927 73.1855 4.3487 54.2911 75.141 87.1368 103.7212 74.9736 13.392 1240.8312 618.505 618.505 233.8214 68.5551 257.9757 188.3797 185.7069 263.8955 1081.6453 213.0506 142.584 277.8245 121.5873 258.1153 179.732 268.8078 1092.9125;
