function solarprofile = ex_solar_profilesh1
%EX_WIND_PROFILE_D  Example wind_load_nyiso profile data for deterministic unit commitment.
% 2022.03.12
% Andres F. Ramirez


%% define constants
[GEN_BUS, PG, QG, QMAX, QMIN, VG, MBASE, GEN_STATUS, PMAX, PMIN, ...
    MU_PMAX, MU_PMIN, MU_QMAX, MU_QMIN, PC1, PC2, QC1MIN, QC1MAX, ...
    QC2MIN, QC2MAX, RAMP_AGC, RAMP_10, RAMP_30, RAMP_Q, APF] = idx_gen;
[CT_LABEL, CT_PROB, CT_TABLE, CT_TBUS, CT_TGEN, CT_TBRCH, CT_TAREABUS, ...
    CT_TAREAGEN, CT_TAREABRCH, CT_ROW, CT_COL, CT_CHGTYPE, CT_REP, ...
    CT_REL, CT_ADD, CT_NEWVAL, CT_TLOAD, CT_TAREALOAD, CT_LOAD_ALL_PQ, ...
    CT_LOAD_FIX_PQ, CT_LOAD_DIS_PQ, CT_LOAD_ALL_P, CT_LOAD_FIX_P, ...
    CT_LOAD_DIS_P, CT_TGENCOST, CT_TAREAGENCOST, CT_MODCOST_F, ...
    CT_MODCOST_X] = idx_ct;

solarprofile = struct( ...
    'type', 'mpcData', ...
    'table', CT_TGEN, ...
    'rows', [1:12], ...
    'col', PMAX, ...
    'chgtype', 1, ...
    'values', [] );
solarprofile.values(:,1,:) = [
	0.0 0.0 0.0 0.0 0.0 0.0 0.0 0.0 0.0 0.0 0.0 0.0;
	0.0 0.0 0.0 0.0 0.0 0.0 0.0 0.0 0.0 0.0 0.0 0.0;
	0.0 0.0 0.0 0.0 0.0 0.0 0.0 0.0 0.0 0.0 0.0 0.0;
	0.0 0.0 0.0 0.0 0.0 0.0 0.0 0.0 0.0 0.0 0.0 0.0;
	0.0 0.0 0.0 0.0 0.0 0.0 0.0 0.0 0.0 0.0 0.0 0.0;
	0.4357 0.3709 0.3836 0.0 0.0 0.204 0.0255 0.6164 0.1622 0.0 0.0 0.0;
	4.2731 3.2745 2.4969 1.157 3.5242 125.0695 15.6337 46.1085 22.9811 48.9397 26.7016 88.6301;
	4.7238 3.761 3.9656 2.1938 5.2449 88.5115 11.0639 37.4866 69.8771 81.2465 23.209 147.1378;
	4.8478 3.1608 4.518 3.4932 5.5416 86.5288 10.8161 40.8979 125.0795 170.1253 25.0939 308.0979;
	11.2119 6.0958 8.6095 9.4652 12.5914 155.3157 19.4145 51.3936 176.4921 329.3883 141.2099 596.5242;
	18.8561 12.2454 11.9718 10.6639 12.4223 217.8373 27.2297 58.4724 210.5614 330.7903 176.6063 599.0632;
	22.0007 13.1707 13.0691 10.8176 12.3111 205.867 25.7334 52.0512 220.4966 304.8369 178.3483 552.0614;
	14.1753 7.541 9.2718 10.5358 9.3921 139.8076 17.4759 19.1848 236.9592 230.6165 131.8678 417.6478;
	8.5989 5.7236 5.6003 10.1018 8.9371 91.0294 11.3787 9.4839 224.5138 242.6084 127.5842 439.3652;
	4.0187 3.2131 2.5145 8.1865 8.0952 82.2866 10.2858 7.7553 211.1214 273.0802 143.0983 494.5499;
	1.7172 1.5449 0.8303 5.2438 3.2651 149.5383 18.6923 15.6714 220.1561 89.2668 23.2256 161.6627;
	0.6932 0.6947 0.4599 1.5503 1.3576 52.3095 6.5387 3.995 61.0583 4.8129 2.8297 8.7161;
	0.0 0.0 0.0 0.0 0.0 0.0 0.0 0.0 0.0 0.0 0.0 0.0;
	0.0 0.0 0.0 0.0 0.0 0.0 0.0 0.0 0.0 0.0 0.0 0.0;
	0.0 0.0 0.0 0.0 0.0 0.0 0.0 0.0 0.0 0.0 0.0 0.0;
	0.0 0.0 0.0 0.0 0.0 0.0 0.0 0.0 0.0 0.0 0.0 0.0;
	0.0 0.0 0.0 0.0 0.0 0.0 0.0 0.0 0.0 0.0 0.0 0.0;
	0.0 0.0 0.0 0.0 0.0 0.0 0.0 0.0 0.0 0.0 0.0 0.0;
	0.0 0.0 0.0 0.0 0.0 0.0 0.0 0.0 0.0 0.0 0.0 0.0;
];
