function solarprofile = ex_solar_profilesh1
%EX_WIND_PROFILE_D  Example wind_load_nyiso profile data for deterministic unit commitment.
% 2022.03.12
% Andres F. Ramirez


%% define constants
[GEN_BUS, PG, QG, QMAX, QMIN, VG, MBASE, GEN_STATUS, PMAX, PMIN, ...
    MU_PMAX, MU_PMIN, MU_QMAX, MU_QMIN, PC1, PC2, QC1MIN, QC1MAX, ...
    QC2MIN, QC2MAX, RAMP_AGC, RAMP_10, RAMP_30, RAMP_Q, APF] = idx_gen;
[CT_LABEL, CT_PROB, CT_TABLE, CT_TBUS, CT_TGEN, CT_TBRCH, CT_TAREABUS, ...
    CT_TAREAGEN, CT_TAREABRCH, CT_ROW, CT_COL, CT_CHGTYPE, CT_REP, ...
    CT_REL, CT_ADD, CT_NEWVAL, CT_TLOAD, CT_TAREALOAD, CT_LOAD_ALL_PQ, ...
    CT_LOAD_FIX_PQ, CT_LOAD_DIS_PQ, CT_LOAD_ALL_P, CT_LOAD_FIX_P, ...
    CT_LOAD_DIS_P, CT_TGENCOST, CT_TAREAGENCOST, CT_MODCOST_F, ...
    CT_MODCOST_X] = idx_ct;

solarprofile = struct( ...
    'type', 'mpcData', ...
    'table', CT_TGEN, ...
    'rows', [1:12], ...
    'col', PMAX, ...
    'chgtype', 1, ...
    'values', [] );
solarprofile.values(:,1,:) = [
	0.0 0.0 0.0 0.0 0.0 0.0 0.0 0.0 0.0 0.0 0.0 0.0;
	0.0 0.0 0.0 0.0 0.0 0.0 0.0 0.0 0.0 0.0 0.0 0.0;
	0.0 0.0 0.0 0.0 0.0 0.0 0.0 0.0 0.0 0.0 0.0 0.0;
	0.0 0.0 0.0 0.0 0.0 0.0 0.0 0.0 0.0 0.0 0.0 0.0;
	0.0 0.0 0.0 0.0 0.0 0.0 0.0 0.0 0.0 0.0 0.0 0.0;
	0.42 0.3585 0.3086 0.0 0.0 0.1765 0.0221 0.1431 0.0956 0.0 0.0 0.0;
	3.3565 3.3445 4.5829 1.2612 2.8085 44.1043 5.513 3.9511 89.3128 54.3 71.2525 98.3375;
	4.3188 5.0104 4.0351 4.7682 3.606 111.0164 13.8771 16.7357 107.7013 214.0727 193.2721 387.6869;
	4.762 5.1917 2.6658 7.4045 4.2885 146.2519 18.2815 28.9911 107.5444 282.5258 212.2948 511.656;
	4.5528 5.9243 6.4933 10.3231 12.5696 155.6712 19.4589 26.6653 129.071 200.6662 203.7219 363.4076;
	4.025 6.426 8.8079 10.6976 12.3868 176.3301 22.0413 28.0199 150.3808 241.8023 235.8517 437.9054;
	4.4472 5.8667 9.3273 10.8543 12.3624 170.2353 21.2794 18.772 153.0091 252.3526 221.3615 457.012;
	5.9669 3.7209 8.5075 10.4865 10.0849 203.749 25.4686 8.039 215.6944 36.0905 73.416 65.3601;
	6.0603 4.3435 6.8343 9.2814 9.2992 189.2207 23.6526 7.7973 221.7147 12.4324 32.9743 22.5152;
	3.9447 3.0562 5.1843 6.3421 7.7793 168.3665 21.0458 11.3643 224.5968 9.6329 19.926 17.4453;
	1.4076 1.2862 1.6471 3.7344 1.8846 203.9806 25.4976 24.9535 219.1602 0.0 2.6289 0.0;
	0.2228 0.2062 0.1962 1.9509 1.2508 65.2455 8.1557 6.5619 50.7372 2.0597 3.3414 3.7301;
	0.0 0.0 0.0 0.0 0.0 0.0 0.0 0.0 0.0 0.0 0.0 0.0;
	0.0 0.0 0.0 0.0 0.0 0.0 0.0 0.0 0.0 0.0 0.0 0.0;
	0.0 0.0 0.0 0.0 0.0 0.0 0.0 0.0 0.0 0.0 0.0 0.0;
	0.0 0.0 0.0 0.0 0.0 0.0 0.0 0.0 0.0 0.0 0.0 0.0;
	0.0 0.0 0.0 0.0 0.0 0.0 0.0 0.0 0.0 0.0 0.0 0.0;
	0.0 0.0 0.0 0.0 0.0 0.0 0.0 0.0 0.0 0.0 0.0 0.0;
	0.0 0.0 0.0 0.0 0.0 0.0 0.0 0.0 0.0 0.0 0.0 0.0;
];
