function solarprofile = ex_solar_profilesh1
%EX_WIND_PROFILE_D  Example wind_load_nyiso profile data for deterministic unit commitment.
% 2022.03.12
% Andres F. Ramirez


%% define constants
[GEN_BUS, PG, QG, QMAX, QMIN, VG, MBASE, GEN_STATUS, PMAX, PMIN, ...
    MU_PMAX, MU_PMIN, MU_QMAX, MU_QMIN, PC1, PC2, QC1MIN, QC1MAX, ...
    QC2MIN, QC2MAX, RAMP_AGC, RAMP_10, RAMP_30, RAMP_Q, APF] = idx_gen;
[CT_LABEL, CT_PROB, CT_TABLE, CT_TBUS, CT_TGEN, CT_TBRCH, CT_TAREABUS, ...
    CT_TAREAGEN, CT_TAREABRCH, CT_ROW, CT_COL, CT_CHGTYPE, CT_REP, ...
    CT_REL, CT_ADD, CT_NEWVAL, CT_TLOAD, CT_TAREALOAD, CT_LOAD_ALL_PQ, ...
    CT_LOAD_FIX_PQ, CT_LOAD_DIS_PQ, CT_LOAD_ALL_P, CT_LOAD_FIX_P, ...
    CT_LOAD_DIS_P, CT_TGENCOST, CT_TAREAGENCOST, CT_MODCOST_F, ...
    CT_MODCOST_X] = idx_ct;

solarprofile = struct( ...
    'type', 'mpcData', ...
    'table', CT_TGEN, ...
    'rows', [1:12], ...
    'col', PMAX, ...
    'chgtype', 1, ...
    'values', [] );
solarprofile.values(:,1,:) = [
	0.0 0.0 0.0 0.0 0.0 0.0 0.0 0.0 0.0 0.0 0.0 0.0;
	0.0 0.0 0.0 0.0 0.0 0.0 0.0 0.0 0.0 0.0 0.0 0.0;
	0.0 0.0 0.0 0.0 0.0 0.0 0.0 0.0 0.0 0.0 0.0 0.0;
	0.0 0.0 0.0 0.0 0.0 0.0 0.0 0.0 0.0 0.0 0.0 0.0;
	0.0 0.0 0.0 0.0 0.0 0.0 0.0 0.0 0.0 0.0 0.0 0.0;
	0.4596 0.3689 0.3773 0.0 0.0 1.9426 0.2428 0.1636 0.0956 0.0 0.0 0.0;
	3.719 2.0718 2.645 1.1071 4.0547 254.75 31.8438 64.5952 46.9137 31.4078 11.5164 56.8797;
	8.4962 6.4008 5.4144 1.856 4.9055 352.7765 44.0971 63.5895 107.5025 98.6308 40.9976 178.621;
	13.1761 10.1077 8.1406 2.9388 4.9383 380.3902 47.5488 64.6629 142.6843 183.6585 74.0005 332.6067;
	13.1021 11.521 10.9278 10.3754 12.6848 400.852 50.1065 59.8395 164.7371 257.4796 68.6211 466.2971;
	17.1778 15.7889 13.399 11.0459 12.2437 383.501 47.9376 55.4473 205.1748 300.1542 141.6587 543.581;
	20.018 16.3224 13.6716 11.1527 11.9771 312.6772 39.0847 38.0704 215.6709 341.1534 169.9741 617.8309;
	13.6169 9.3438 9.3703 10.8867 9.5305 276.2081 34.526 20.7474 211.7066 335.3104 169.9525 607.2491;
	8.5231 5.9318 5.746 10.3822 9.8569 278.5083 34.8135 20.2541 194.977 323.5681 166.4932 585.9838;
	3.2083 2.2075 3.2822 8.2344 10.4283 336.3445 42.0431 24.958 175.315 291.7437 119.3018 528.3496;
	1.3276 1.2881 1.4697 3.762 8.4436 463.3838 57.923 45.8191 178.5335 47.6987 8.9377 86.3827;
	0.6984 0.7349 0.6936 1.128 1.5942 82.4637 10.308 6.9916 58.9856 46.859 4.3536 84.8619;
	0.0 0.0 0.0 0.0 0.0 0.0 0.0 0.0 0.0 0.0 0.0 0.0;
	0.0 0.0 0.0 0.0 0.0 0.0 0.0 0.0 0.0 0.0 0.0 0.0;
	0.0 0.0 0.0 0.0 0.0 0.0 0.0 0.0 0.0 0.0 0.0 0.0;
	0.0 0.0 0.0 0.0 0.0 0.0 0.0 0.0 0.0 0.0 0.0 0.0;
	0.0 0.0 0.0 0.0 0.0 0.0 0.0 0.0 0.0 0.0 0.0 0.0;
	0.0 0.0 0.0 0.0 0.0 0.0 0.0 0.0 0.0 0.0 0.0 0.0;
	0.0 0.0 0.0 0.0 0.0 0.0 0.0 0.0 0.0 0.0 0.0 0.0;
];
