function solarprofile = ex_solar_profilesh1
%EX_WIND_PROFILE_D  Example wind_load_nyiso profile data for deterministic unit commitment.
% 2022.03.12
% Andres F. Ramirez


%% define constants
[GEN_BUS, PG, QG, QMAX, QMIN, VG, MBASE, GEN_STATUS, PMAX, PMIN, ...
    MU_PMAX, MU_PMIN, MU_QMAX, MU_QMIN, PC1, PC2, QC1MIN, QC1MAX, ...
    QC2MIN, QC2MAX, RAMP_AGC, RAMP_10, RAMP_30, RAMP_Q, APF] = idx_gen;
[CT_LABEL, CT_PROB, CT_TABLE, CT_TBUS, CT_TGEN, CT_TBRCH, CT_TAREABUS, ...
    CT_TAREAGEN, CT_TAREABRCH, CT_ROW, CT_COL, CT_CHGTYPE, CT_REP, ...
    CT_REL, CT_ADD, CT_NEWVAL, CT_TLOAD, CT_TAREALOAD, CT_LOAD_ALL_PQ, ...
    CT_LOAD_FIX_PQ, CT_LOAD_DIS_PQ, CT_LOAD_ALL_P, CT_LOAD_FIX_P, ...
    CT_LOAD_DIS_P, CT_TGENCOST, CT_TAREAGENCOST, CT_MODCOST_F, ...
    CT_MODCOST_X] = idx_ct;

solarprofile = struct( ...
    'type', 'mpcData', ...
    'table', CT_TGEN, ...
    'rows', [1:12], ...
    'col', PMAX, ...
    'chgtype', 1, ...
    'values', [] );
solarprofile.values(:,1,:) = [
	0.0 0.0 0.0 0.0 0.0 0.0 0.0 0.0 0.0 0.0 0.0 0.0;
	0.0 0.0 0.0 0.0 0.0 0.0 0.0 0.0 0.0 0.0 0.0 0.0;
	0.0 0.0 0.0 0.0 0.0 0.0 0.0 0.0 0.0 0.0 0.0 0.0;
	0.0 0.0 0.0 0.0 0.0 0.0 0.0 0.0 0.0 0.0 0.0 0.0;
	0.0 0.0 0.0 0.0 0.0 0.0 0.0 0.0 0.0 0.0 0.0 0.0;
	0.4147 0.3668 0.338 0.0 0.0 0.1765 0.0221 0.1431 0.0956 0.0 0.0 0.0;
	3.5258 3.7702 2.4468 3.0415 1.0386 10.1889 1.2736 12.339 32.1788 3.3986 3.1067 6.1549;
	8.1242 6.015 3.799 9.0589 4.2431 68.3319 8.5415 8.9337 110.8347 30.7358 42.9627 55.6628;
	11.6057 6.4855 5.3099 8.9879 5.1026 109.4786 13.6848 9.2267 153.0446 44.9448 91.0426 81.3953;
	9.6477 7.9117 10.8903 8.3608 12.332 92.2639 11.533 17.7672 127.6741 39.7186 33.4319 71.9306;
	11.0676 12.0661 11.9472 9.7026 12.1128 124.0195 15.5024 28.6631 90.2524 88.5896 71.4777 160.4364;
	12.4713 12.8505 11.5085 10.816 12.2811 155.0697 19.3837 32.1494 65.2889 184.2361 138.696 333.6526;
	6.7369 8.3341 8.3715 10.2082 9.6546 250.5053 31.3132 32.8823 182.4832 92.1163 109.2733 166.8231;
	5.0816 6.1431 6.0683 6.9353 9.3285 239.9466 29.9933 30.0911 202.4633 54.85 108.6997 99.3337;
	2.303 2.4514 4.1007 2.4621 8.6019 213.4868 26.6859 35.3886 198.5818 30.6292 73.6456 55.4696;
	0.7695 0.4592 0.9769 0.2165 4.5893 249.8928 31.2366 46.1722 173.6483 3.8236 8.6351 6.9245;
	0.3077 0.1937 0.2349 1.1013 2.2561 78.7004 9.8376 8.5687 44.8717 3.8847 4.3095 7.0352;
	0.0 0.0 0.0 0.0 0.0 0.0 0.0 0.0 0.0 0.0 0.0 0.0;
	0.0 0.0 0.0 0.0 0.0 0.0 0.0 0.0 0.0 0.0 0.0 0.0;
	0.0 0.0 0.0 0.0 0.0 0.0 0.0 0.0 0.0 0.0 0.0 0.0;
	0.0 0.0 0.0 0.0 0.0 0.0 0.0 0.0 0.0 0.0 0.0 0.0;
	0.0 0.0 0.0 0.0 0.0 0.0 0.0 0.0 0.0 0.0 0.0 0.0;
	0.0 0.0 0.0 0.0 0.0 0.0 0.0 0.0 0.0 0.0 0.0 0.0;
	0.0 0.0 0.0 0.0 0.0 0.0 0.0 0.0 0.0 0.0 0.0 0.0;
];
