function windprofile = ex_wind_profilesh1
%EX_WIND_PROFILE_D  Example wind_load_nyiso profile data for deterministic unit commitment.
% 2022.03.12
% Andres F. Ramirez


%% define constants
[GEN_BUS, PG, QG, QMAX, QMIN, VG, MBASE, GEN_STATUS, PMAX, PMIN, ...
    MU_PMAX, MU_PMIN, MU_QMAX, MU_QMIN, PC1, PC2, QC1MIN, QC1MAX, ...
    QC2MIN, QC2MAX, RAMP_AGC, RAMP_10, RAMP_30, RAMP_Q, APF] = idx_gen;
[CT_LABEL, CT_PROB, CT_TABLE, CT_TBUS, CT_TGEN, CT_TBRCH, CT_TAREABUS, ...
    CT_TAREAGEN, CT_TAREABRCH, CT_ROW, CT_COL, CT_CHGTYPE, CT_REP, ...
    CT_REL, CT_ADD, CT_NEWVAL, CT_TLOAD, CT_TAREALOAD, CT_LOAD_ALL_PQ, ...
    CT_LOAD_FIX_PQ, CT_LOAD_DIS_PQ, CT_LOAD_ALL_P, CT_LOAD_FIX_P, ...
    CT_LOAD_DIS_P, CT_TGENCOST, CT_TAREAGENCOST, CT_MODCOST_F, ...
    CT_MODCOST_X] = idx_ct;

windprofile = struct( ...
    'type', 'mpcData', ...
    'table', CT_TGEN, ...
    'rows', [1:45], ...
    'col', PMAX, ...
    'chgtype', 1, ...
    'values', [] );
windprofile.values(:,1,:) = [
	3.9341 53.1588 89.5681 116.1401 15.1709 34.5901 32.8149 18.1417 11.4231 16.3145 30.1571 44.9884 67.7298 57.6869 203.368 76.6177 95.0627 100.7381 86.4844 71.0641 10.9383 80.7103 23.5329 83.6911 95.5533 73.0246 13.78 1283.3864 752.0239 752.0239 697.7852 104.3709 288.2812 182.9191 180.8563 320.8635 1099.9483 250.457 477.5808 255.9462 120.3007 383.7198 218.394 263.2453 1111.4061;
	3.8696 52.2871 87.7245 112.725 14.712 34.6212 32.6513 18.1334 11.8571 13.5909 25.1226 37.4779 56.4228 64.2406 197.3701 74.358 92.259 97.767 83.2786 71.2395 10.8838 80.7828 28.6294 81.1403 96.2889 71.5245 13.382 1258.6217 708.7569 708.7569 687.113 103.6234 277.5955 183.3708 201.4028 302.4029 1171.1803 243.1709 469.0869 257.9168 118.2292 384.0647 217.2838 270.8159 1183.3801;
	3.846 51.9677 88.1595 114.2784 14.9817 34.2171 33.5478 18.7868 23.8051 14.3182 26.4669 39.4835 59.4422 60.7741 177.8542 67.0056 83.1365 88.0999 84.0075 71.5628 11.1826 79.84 27.7109 83.2877 97.8508 73.1756 13.7175 1230.8305 750.8519 750.8519 691.7371 110.2466 280.025 184.2028 190.535 320.3635 1193.6855 262.8419 465.5756 262.1003 117.0078 379.5821 216.3859 261.9678 1206.1197;
	3.6656 49.5307 86.7444 116.6971 14.7164 32.9683 32.5995 19.0824 28.3565 29.0793 53.7526 80.1883 120.723 64.3695 201.9487 76.083 94.3993 100.0351 85.6665 72.0 10.8665 76.926 28.2495 83.0089 97.2567 75.4916 13.9718 1228.1521 742.2319 742.2319 649.9616 111.9526 285.5549 185.3281 201.8071 316.6856 1132.0769 259.2246 470.5828 260.5089 111.0766 365.7284 180.6171 258.6363 1143.8694;
	3.319 44.8469 88.6655 116.2457 14.6886 29.6121 31.7609 18.9055 27.754 29.8402 55.1592 82.2866 123.8821 64.583 201.1842 75.795 94.0419 99.6564 83.6736 71.1693 10.587 69.095 73.1182 83.8098 98.7625 74.9646 13.7119 1241.4371 759.3545 759.3545 641.6484 111.0542 278.9119 183.19 202.4764 323.9913 1085.5644 279.1311 450.398 264.5423 112.6094 328.4973 180.1067 264.4687 1096.8724;
	3.8254 51.6898 92.0441 118.0406 14.8307 32.7642 20.2511 18.8582 25.9445 28.8858 53.395 79.6549 119.92 55.7145 196.9061 74.1832 92.0422 97.5372 48.1115 69.7918 6.7504 76.4497 71.6788 85.1015 101.6917 73.1554 13.7741 1229.0688 769.7798 769.7798 692.3588 115.7644 160.3717 179.6443 174.6725 328.4394 1129.4876 286.6788 452.7196 272.3884 114.4712 363.4638 170.3698 269.7897 1141.2531;
	3.8275 51.7181 92.3733 119.731 14.9494 33.2056 14.787 19.0012 26.1796 29.693 54.8871 81.8807 123.2709 66.8943 198.6416 74.8371 92.8534 98.3969 81.5341 71.0154 4.929 77.4797 73.6909 88.1509 104.5622 73.1817 14.0765 1208.314 780.6846 780.6846 731.1552 113.6324 271.7802 182.7938 209.7226 333.0921 1120.5961 302.4386 435.2184 280.0774 117.6249 368.3607 186.0607 272.3943 1132.269;
	3.8013 51.3636 93.0745 118.1859 14.9414 34.1856 14.2906 19.1097 4.993 29.8176 55.1175 82.2244 123.7884 45.0462 200.7609 75.6355 93.844 99.4467 86.2676 69.654 4.7635 79.7663 75.0796 87.8075 105.7254 74.4202 14.1236 1242.0791 760.707 760.707 696.962 115.1002 287.5585 179.2896 141.226 324.5683 1130.4788 286.1035 178.5031 283.193 122.1346 379.2318 207.1102 275.3024 1142.2546;
	3.6649 49.5213 91.9114 114.334 14.123 30.5725 5.565 18.5997 1.6928 28.496 52.6744 78.5798 118.3015 24.2959 196.0944 73.8774 91.6627 97.1351 85.0439 71.1696 1.855 71.3359 71.3961 86.8208 103.9364 72.4519 13.7426 1080.0729 661.1133 661.1133 694.1843 110.049 283.4795 183.1907 76.1709 282.075 942.678 275.9104 15.952 278.4012 120.7001 339.1511 180.5827 278.1148 952.4975;
	3.8807 52.4372 93.0744 119.328 14.7195 30.8936 5.9847 19.0302 4.472 25.0673 46.3365 69.125 104.0673 15.4119 190.6502 71.8264 89.1179 94.4384 87.1402 71.906 1.9949 72.0851 49.098 89.056 105.8999 74.8952 13.9597 918.8166 569.2682 569.2682 536.7755 104.3295 290.4674 185.0862 48.3185 242.8877 756.0297 249.8458 133.3315 283.6605 121.693 342.7131 158.4879 280.9426 763.905;
	3.8007 51.3561 94.0134 119.5535 14.6079 25.7204 9.7741 19.1111 4.4658 29.2691 54.1035 80.7118 121.5112 0.0 197.0166 74.2248 92.0938 97.5919 78.0153 71.7139 3.258 60.0142 73.8953 89.9002 105.8038 75.8976 13.9453 783.8814 584.6851 584.6851 467.6572 107.2734 260.051 184.5917 0.0 249.4656 693.392 199.2635 91.067 283.4029 119.1359 285.3247 146.1437 275.1249 700.6148;
	3.715 50.1983 93.6162 119.4174 15.0677 19.2033 16.3925 18.81 27.026 29.4579 54.4525 81.2324 122.295 4.8144 204.767 77.1448 95.7167 101.4311 44.7845 73.388 5.4642 44.8077 75.6 88.63 102.6431 75.3364 13.7257 617.6364 706.773 706.773 531.6677 111.2075 149.2817 188.9009 15.0937 301.5565 799.8952 215.8432 441.0573 274.9367 122.1339 213.0286 146.7833 282.2948 808.2275;
	3.929 53.0891 95.0307 118.9857 15.1953 22.6164 14.1152 18.7924 27.3715 26.7717 49.4871 73.8251 111.1432 53.0538 199.1295 75.0209 93.0815 98.6386 60.8517 73.4492 4.7051 52.7716 75.6675 89.0852 104.1602 75.7284 13.7394 650.1782 696.8782 696.8782 531.5886 109.0425 202.8391 189.0586 166.3308 297.3347 597.3664 244.582 374.8304 279.0005 120.7734 250.8912 163.4994 285.7464 603.589;
	3.8694 52.2835 92.6333 117.6538 14.9719 22.3579 12.5656 18.674 21.1257 26.4266 48.8491 72.8733 109.7104 39.2244 203.0046 76.4808 94.8929 100.5581 63.7944 73.7452 4.1885 52.1685 75.8214 89.4333 103.4454 74.6294 13.6433 540.5836 685.4624 685.4624 514.3601 93.6224 212.648 189.8204 122.9736 292.4639 667.4053 251.6054 422.4247 277.0859 122.3144 248.0238 166.8061 280.5531 674.3575;
	3.8517 52.0453 94.0418 119.1389 15.0854 20.3807 3.421 19.1417 12.1235 27.0865 50.0689 74.693 112.4499 32.4616 195.6954 73.7271 91.4762 96.9375 79.4891 72.2607 1.1403 47.5549 75.6983 89.2223 105.4043 76.2395 14.1308 376.8089 670.4442 670.4442 465.4747 80.9173 264.9637 185.9992 101.7715 286.0562 591.9651 232.7383 146.3877 282.3329 120.2264 226.0897 172.5643 267.1774 598.1314;
	3.6072 48.7411 93.0675 120.374 15.2955 10.2998 0.8641 19.0438 10.3563 28.5666 52.8049 78.7745 118.5946 25.5044 187.5306 70.6511 87.6596 92.893 73.2694 71.4267 0.288 24.0329 75.5928 89.8955 105.8032 76.1505 13.9957 425.317 568.2418 568.2418 440.3955 94.1617 244.2314 183.8524 79.9597 242.4498 489.6107 224.609 105.9571 283.4013 122.623 114.2593 164.6702 256.7973 494.7109;
	3.6283 49.0259 94.3916 119.7422 15.1222 19.3758 5.4774 19.1807 22.5146 29.407 54.3584 81.0921 122.0837 34.2257 190.3363 71.7081 88.9712 94.2829 72.9129 70.8369 1.8258 45.2102 74.8644 89.9909 106.2877 74.8867 14.1145 991.8761 522.1498 522.1498 325.8807 94.0325 243.0429 182.3344 107.3021 222.7839 870.5698 231.3584 111.0275 284.6993 122.2511 214.942 141.3314 248.641 879.6383;
	3.4412 46.4983 92.7105 118.3629 15.0869 22.4524 1.8139 19.1103 2.9337 28.6146 52.8937 78.907 118.794 57.4801 187.164 70.513 87.4883 92.7115 80.6753 70.22 0.6046 52.3889 71.3139 88.8289 104.9989 75.396 14.1163 1255.6804 618.3547 618.3547 248.328 76.2373 268.9175 180.7465 180.2078 263.8313 1063.3288 208.4241 129.5149 281.2471 121.03 249.0716 178.5645 264.0736 1074.4051;
