function loadprofile = ex_load_profilesh1
%EX_LOAD_PROFILE  Example load profile data file for stochastic unit commitment.
% 2022.03.12
% Andres F. Ramirez

%% define constants
[CT_LABEL, CT_PROB, CT_TABLE, CT_TBUS, CT_TGEN, CT_TBRCH, CT_TAREABUS, ...
    CT_TAREAGEN, CT_TAREABRCH, CT_ROW, CT_COL, CT_CHGTYPE, CT_REP, ...
    CT_REL, CT_ADD, CT_NEWVAL, CT_TLOAD, CT_TAREALOAD, CT_LOAD_ALL_PQ, ...
    CT_LOAD_FIX_PQ, CT_LOAD_DIS_PQ, CT_LOAD_ALL_P, CT_LOAD_FIX_P, ...
    CT_LOAD_DIS_P, CT_TGENCOST, CT_TAREAGENCOST, CT_MODCOST_F, ...
    CT_MODCOST_X] = idx_ct;

loadprofile = struct( ...
    'type', 'mpcData', ...
    'table', CT_TAREALOAD, ...
    'rows', [1:11], ...
    'col', CT_LOAD_ALL_P, ...
    'chgtype', 1, ...
    'values', [] );
loadprofile.values(:,1,:) = [
	1435.7153 897.2 1476.3201 492.6829 757.576 1080.9058 813.0054 234.7849 507.8 4377.7984 1632.1896;
	1423.9984 882.9921 1491.9021 481.3687 756.465 1080.9211 800.3179 224.5 498.0 4325.322 1625.5611;
	1438.2535 893.5 1507.6515 499.2518 766.6145 1083.5821 796.3919 223.4 498.1271 4248.7 1625.0233;
	1549.2269 974.4494 1634.8147 500.9 820.6283 1167.1196 863.8536 242.2 528.742 4451.0784 1754.6322;
	1649.2014 1083.4 1825.7914 544.7646 980.792 1347.3938 970.6064 298.723 608.0 5001.7063 2002.654;
	1762.3872 1157.3833 1954.0841 563.241 1047.9577 1438.4019 1056.7434 337.8788 672.1 5495.5308 2156.459;
	1721.4773 1173.5985 2007.8 523.4526 1065.1081 1441.2 1076.7395 345.5496 678.3675 5837.1123 2182.2183;
	1747.7434 1186.8214 2024.1318 499.1061 1096.4205 1453.1729 1081.3306 349.5794 703.176 5924.9376 2179.1856;
	1783.4931 1216.4118 2029.9218 486.0145 1079.0714 1466.5733 1102.0222 365.6782 710.1627 6053.4637 2275.7676;
	1746.2661 1183.8359 1959.7908 477.3882 1042.2 1459.748 1122.6044 347.4622 711.005 6043.6189 2289.5503;
	1788.9875 1217.9825 1995.8128 500.8175 1050.6479 1473.054 1141.8228 357.4468 686.0 6135.3849 2301.8182;
	1785.0 1219.8757 1993.6675 499.498 1040.7816 1493.2829 1164.7334 367.4369 691.8041 6198.6052 2434.7709;
	1748.5344 1190.5833 1937.1746 474.0224 1011.5461 1459.3063 1138.4797 387.8848 692.3669 6252.3009 2559.95;
	1743.6031 1212.1412 1947.8584 471.0902 980.6481 1375.0146 1127.6287 393.5482 697.0588 6333.5762 2673.9293;
	1745.1025 1251.9068 1940.9746 499.3 1008.7918 1347.5965 1084.3492 376.9516 689.0608 6303.101 2572.0198;
	1732.4963 1205.6898 1874.8843 509.4298 980.9214 1343.0966 1033.4607 351.0846 675.3874 6214.2047 2373.8542;
	1705.5509 1178.9137 1872.0392 524.6824 982.9 1343.1604 1060.5094 343.3 684.4851 6017.6889 2513.9938;
	1691.2519 1205.3856 1921.5724 541.0532 1008.8 1402.8753 1110.4214 336.6 698.3 6088.5934 2559.7573;
	1758.0198 1201.7339 1899.2871 548.2472 1024.2825 1373.7574 1080.6168 321.5 665.1794 5758.701 2396.9403;
	1740.7412 1133.5651 1808.8908 531.0082 982.334 1343.3053 1013.7706 298.9972 627.8855 5588.2448 2325.1969;
	1644.0336 1061.5226 1724.968 515.6293 945.2731 1255.5904 950.7822 284.0608 574.315 5327.5788 2154.8382;
	1539.7587 980.4369 1590.2306 489.7569 893.1067 1164.0907 900.1726 249.9066 540.0162 4948.0131 1968.0437;
	1536.0953 960.4442 1668.2427 517.9 871.8988 1146.6162 880.0132 275.7 533.9579 4747.398 1881.5283;
	1516.3785 919.0469 1602.9718 524.5311 847.9099 1123.2 848.2562 250.3908 495.3018 4566.8266 1752.8206;
];
