function loadprofile = ex_load_profilesh1
%EX_LOAD_PROFILE  Example load profile data file for stochastic unit commitment.
% 2022.03.12
% Andres F. Ramirez

%% define constants
[CT_LABEL, CT_PROB, CT_TABLE, CT_TBUS, CT_TGEN, CT_TBRCH, CT_TAREABUS, ...
    CT_TAREAGEN, CT_TAREABRCH, CT_ROW, CT_COL, CT_CHGTYPE, CT_REP, ...
    CT_REL, CT_ADD, CT_NEWVAL, CT_TLOAD, CT_TAREALOAD, CT_LOAD_ALL_PQ, ...
    CT_LOAD_FIX_PQ, CT_LOAD_DIS_PQ, CT_LOAD_ALL_P, CT_LOAD_FIX_P, ...
    CT_LOAD_DIS_P, CT_TGENCOST, CT_TAREAGENCOST, CT_MODCOST_F, ...
    CT_MODCOST_X] = idx_ct;

loadprofile = struct( ...
    'type', 'mpcData', ...
    'table', CT_TAREALOAD, ...
    'rows', [1:11], ...
    'col', CT_LOAD_ALL_P, ...
    'chgtype', 1, ...
    'values', [] );
loadprofile.values(:,1,:) = [
	1489.8673 877.3 1479.0465 546.0 748.9456 1034.3826 795.3133 247.7164 478.0012 4271.3824 1618.9596;
	1461.11 872.1846 1478.2895 556.0 744.5172 1033.2844 789.889 252.9726 465.3388 4250.1582 1604.3437;
	1464.8419 896.5509 1532.9118 563.4109 761.061 1063.5786 810.2985 260.5205 490.5 4335.6929 1663.101;
	1510.0285 952.1803 1604.2589 568.8 816.1539 1111.7838 837.0 284.8489 516.5913 4438.9531 1742.1358;
	1690.7776 1081.8133 1820.3 605.8502 944.4384 1267.3483 968.489 331.3 613.1754 5021.1189 1984.2;
	1799.7416 1156.6368 1888.2087 611.9798 1000.1844 1353.8694 1030.6628 351.5236 682.0698 5538.0177 2137.2005;
	1829.8728 1173.027 1900.4413 595.1 984.0 1357.5317 1056.5706 340.3687 715.8272 5834.3825 2203.5641;
	1899.5304 1205.0777 1899.5415 589.5249 963.5063 1349.1 1115.241 334.7603 746.6681 6049.4462 2208.2929;
	1897.1516 1214.9984 1866.3566 566.5227 957.0032 1350.2133 1130.2164 351.325 750.9435 6123.8916 2271.6924;
	1859.6228 1186.0 1846.8377 573.1323 943.377 1312.4307 1112.3943 347.2071 740.1101 6093.1044 2196.6881;
	1802.0 1147.0053 1808.4434 571.5551 915.8139 1315.3 1100.4473 344.0677 728.3045 6059.4 2109.8749;
	1820.1892 1132.0061 1768.5862 545.5473 882.6798 1239.3463 1065.7 331.3458 716.8834 5970.1081 2060.5612;
	1777.5875 1119.5767 1749.7745 546.6025 883.0381 1272.045 1065.3231 323.8906 687.5359 5950.0926 2057.4743;
	1725.7 1109.8701 1718.2826 547.6934 903.397 1239.3367 1040.1458 332.7065 692.9485 5888.6853 2134.4894;
	1705.1686 1095.5043 1670.117 551.2722 912.4303 1245.2232 1035.2986 344.8556 683.8 5836.1679 2166.4771;
	1721.0228 1111.9 1704.8361 542.4 915.6283 1244.2472 1034.9347 324.1625 675.5811 5854.4283 2198.9658;
	1734.4902 1101.157 1780.424 536.1 953.3543 1306.8805 1076.2689 353.1715 706.4672 5763.4214 2264.2516;
	1791.808 1125.8912 1834.069 546.9976 1017.3211 1370.023 1165.0972 365.9721 720.8625 5727.7976 2360.01;
	1867.2502 1159.3468 1849.6022 558.6 1007.0 1356.9081 1151.5337 365.7284 723.6113 5658.096 2333.3932;
	1809.7257 1102.8 1776.9437 551.3316 949.3308 1294.0107 1078.5043 348.3156 683.4059 5455.8002 2179.606;
	1741.0526 1024.0733 1646.6738 518.6205 879.3199 1216.7955 983.5 317.8119 628.6 5091.7285 2038.8941;
	1657.4568 969.5977 1586.5408 518.3 826.6865 1153.7418 911.9 295.8591 581.0477 4834.5065 1908.1407;
	1597.2601 951.3864 1536.0647 544.3 780.9416 1106.0716 851.2 303.8155 543.1404 4754.7427 1738.2563;
	1557.4011 916.8 1554.3 538.3951 751.6 1107.8112 827.5162 291.0465 513.5023 4565.7904 1717.042;
];
