function windprofile = ex_wind_profilesh1
%EX_WIND_PROFILE_D  Example wind_load_nyiso profile data for deterministic unit commitment.
% 2022.03.12
% Andres F. Ramirez


%% define constants
[GEN_BUS, PG, QG, QMAX, QMIN, VG, MBASE, GEN_STATUS, PMAX, PMIN, ...
    MU_PMAX, MU_PMIN, MU_QMAX, MU_QMIN, PC1, PC2, QC1MIN, QC1MAX, ...
    QC2MIN, QC2MAX, RAMP_AGC, RAMP_10, RAMP_30, RAMP_Q, APF] = idx_gen;
[CT_LABEL, CT_PROB, CT_TABLE, CT_TBUS, CT_TGEN, CT_TBRCH, CT_TAREABUS, ...
    CT_TAREAGEN, CT_TAREABRCH, CT_ROW, CT_COL, CT_CHGTYPE, CT_REP, ...
    CT_REL, CT_ADD, CT_NEWVAL, CT_TLOAD, CT_TAREALOAD, CT_LOAD_ALL_PQ, ...
    CT_LOAD_FIX_PQ, CT_LOAD_DIS_PQ, CT_LOAD_ALL_P, CT_LOAD_FIX_P, ...
    CT_LOAD_DIS_P, CT_TGENCOST, CT_TAREAGENCOST, CT_MODCOST_F, ...
    CT_MODCOST_X] = idx_ct;

windprofile = struct( ...
    'type', 'mpcData', ...
    'table', CT_TGEN, ...
    'rows', [1:45], ...
    'col', PMAX, ...
    'chgtype', 1, ...
    'values', [] );
windprofile.values(:,1,:) = [
	3.8169 51.575 91.2136 116.6624 14.7841 33.3801 28.6654 17.6154 1.2775 16.7133 30.8943 46.0882 69.3855 54.214 204.1293 76.9045 95.4186 101.1152 91.1436 69.9366 9.5551 77.887 24.0712 85.2246 101.272 73.3028 13.7342 1214.5763 761.5795 761.5795 722.4365 112.7756 303.812 180.0171 169.9684 324.9406 1081.8163 255.6641 435.4128 271.2643 120.4174 370.2971 202.717 276.649 1093.0852;
	3.7956 51.2873 91.9138 115.7251 14.7233 34.4748 31.6551 17.42 11.1381 13.2895 24.5654 36.6467 55.1714 62.316 202.1705 76.1666 94.5029 100.1449 92.5475 72.8818 10.5517 80.4411 27.2541 83.386 99.1551 71.2855 13.2156 1222.8538 799.036 799.036 767.1805 112.7405 308.4917 187.5979 195.369 340.922 1213.9379 254.6167 455.4413 265.5941 120.0496 382.4401 207.0262 276.8185 1226.5831;
	3.7051 50.0637 88.9649 113.7538 14.5882 34.365 31.5919 17.3274 21.9465 4.9114 9.0787 13.5436 20.3899 60.4659 183.1686 69.0077 85.6207 90.7323 92.6409 70.8303 10.5306 80.185 2.7586 85.1938 100.9122 70.6286 12.9964 1216.3231 796.1677 796.1677 796.2763 116.8332 308.8031 182.3175 189.5688 339.6982 1221.3471 290.6557 463.6361 270.3005 116.7648 381.2223 208.5013 260.0126 1234.0695;
	3.5681 48.2131 89.9601 116.3167 14.7922 33.5314 30.3023 17.2707 26.7249 25.741 47.5819 70.9828 106.8642 64.1378 200.8243 75.6594 93.8737 99.4781 91.3973 66.2838 10.1008 78.24 6.2084 84.412 102.2342 70.653 12.9202 1246.3068 778.3254 778.3254 794.6423 114.0258 304.6576 170.6147 201.0807 332.0855 1178.3588 295.3925 462.2401 273.8416 116.3879 371.9753 171.8462 258.51 1190.6333;
	3.0749 41.5489 93.7727 120.7046 14.9405 32.0723 30.4584 17.7483 26.4723 29.0619 53.7205 80.1404 120.6509 63.7485 199.8158 75.2794 93.4023 98.9785 91.0061 67.6288 10.1528 74.8353 69.7834 88.2408 105.44 71.0318 13.2526 1262.7995 794.1308 794.1308 791.1695 116.1684 303.3538 174.0766 199.8601 338.8291 1165.5713 324.4724 458.9487 282.4287 119.4962 355.7885 176.8506 272.9049 1177.7127;
	3.5828 48.4116 91.6576 117.0375 14.2565 32.7171 16.8681 17.4269 24.0017 28.6383 52.9374 78.9723 118.8923 52.0722 201.3077 75.8415 94.0997 99.7176 65.6196 68.763 5.6227 76.3399 69.1292 87.4398 102.7817 70.5791 13.4568 1182.5511 787.2872 787.2872 769.4828 118.7079 218.7319 176.9961 163.2535 335.9092 1145.7513 320.8368 440.9729 275.308 117.2996 362.9418 150.4601 267.4976 1157.6862;
	3.5525 48.0021 90.8596 115.2926 14.1634 32.3919 11.8268 17.4447 23.6248 27.9604 51.6844 77.103 116.0781 64.7938 192.6513 72.5803 90.0533 95.4296 89.4372 69.7953 3.9423 75.581 66.7462 89.2745 104.3532 70.0701 13.395 1209.2188 779.8286 779.8286 722.6999 114.3216 298.1239 179.6533 203.1372 332.7269 1123.7013 308.0 403.9835 279.5175 119.4649 359.3339 159.9976 270.6366 1135.4065;
	3.6615 49.4752 93.128 116.5116 14.5588 32.1068 0.0 17.3754 0.0 28.0606 51.8695 77.3791 116.4938 33.9528 195.8785 73.7961 91.5618 97.0282 86.8209 70.4814 0.0 74.9158 68.4171 88.6227 102.1457 69.5528 13.5449 1204.9956 736.6174 736.6174 708.7967 113.2859 289.4031 181.4193 106.4466 314.2901 1105.3957 303.1328 148.5244 273.6045 122.3469 356.1713 189.9971 273.9928 1116.9102;
	3.5839 48.4259 92.3871 117.7361 14.1221 30.1988 0.0257 17.6538 0.0 28.1928 52.114 77.7439 117.043 24.5883 192.4493 72.5041 89.9588 95.3295 85.4476 71.1378 0.0086 70.4639 66.2718 86.3593 102.0084 69.7516 13.711 1102.0776 661.8405 661.8405 727.2894 114.8859 284.8252 183.1088 77.0875 282.3853 963.7634 290.3285 0.0 273.2368 122.7673 335.0057 178.3514 274.9482 973.8026;
	3.6834 49.7706 94.4484 120.351 14.9385 30.7952 0.0 18.6474 0.0 25.9276 47.9268 71.4974 107.639 18.027 183.8815 69.2763 85.9539 91.0855 85.9227 71.5359 0.0 71.8555 46.9531 88.968 104.4184 73.5188 14.0187 887.9461 562.4252 562.4252 558.3876 112.7785 286.409 184.1337 56.5172 239.9681 729.0807 245.9783 0.0 279.6923 123.7084 341.6218 155.7603 279.5365 736.6753;
	3.5619 48.1289 95.1007 120.9006 14.9985 26.7072 0.0 18.7564 0.0 29.4787 54.491 81.2898 122.3814 5.1048 183.8454 69.2627 85.937 91.0676 81.5115 69.9173 0.0 62.3169 71.1783 88.7034 105.088 72.9638 13.9211 670.628 605.3348 605.3348 489.8729 114.1363 271.705 179.9674 16.0043 258.2762 640.2153 200.2371 0.0 281.4857 123.8899 296.2724 143.2734 271.7205 646.8843;
	3.0227 40.8439 94.4397 120.0069 14.9435 20.8983 2.0706 18.407 0.0 27.3681 50.5896 75.4697 113.6192 13.0052 196.899 74.1806 92.0388 97.5337 44.2642 72.3945 0.6902 48.7627 70.6207 86.3678 102.6682 73.4431 13.7038 566.8648 698.6824 698.6824 502.5273 115.7901 147.5472 186.3436 40.7732 298.1045 763.0919 210.86 0.4601 275.0041 123.9933 231.832 139.5786 274.4782 771.0408;
	3.7414 50.5539 94.5208 119.5957 15.2174 23.2202 4.7455 18.7132 25.7263 24.0072 44.377 66.2018 99.6664 53.5538 196.8297 74.1544 92.0064 97.4994 61.2816 72.4812 1.5818 54.1805 69.0618 87.0584 105.3679 71.6863 13.9846 622.7169 711.9114 711.9114 537.9466 116.3689 204.2719 186.5669 167.8983 303.7488 613.8865 230.6885 3.3639 282.2355 123.7482 257.5897 152.9797 278.9852 620.2812;
	3.6702 49.592 94.1183 118.5491 15.3338 20.8867 10.2332 18.6777 19.758 24.0869 44.5243 66.4215 99.9973 39.0496 201.7351 76.0025 94.2994 99.9292 62.6497 73.7365 3.4111 48.7357 72.8583 89.1159 105.3341 73.8182 14.061 531.804 690.0235 690.0235 483.7804 95.2621 208.8322 189.798 122.4258 294.41 674.0795 245.7042 3.4263 282.1449 123.6301 231.7032 160.0082 279.9098 681.1011;
	3.7534 50.717 92.2019 120.3299 15.3224 19.5006 17.4654 18.8006 26.3761 26.4505 48.8934 72.9393 109.8098 33.8561 191.3098 72.0749 89.4262 94.7651 77.0933 70.7532 5.8218 45.5014 72.3964 88.3052 104.4723 72.9941 14.0433 393.0426 696.2897 696.2897 464.9968 85.8393 256.9777 182.1189 106.1434 297.0836 603.6007 243.227 38.3611 279.8366 122.6987 216.3267 167.5175 265.5515 609.8882;
	3.3843 45.7296 91.8832 119.6101 14.9799 10.2809 6.8244 18.8269 15.8175 28.1919 52.1124 77.7414 117.0393 24.0972 185.9957 70.0728 86.9422 92.1327 66.997 69.679 2.2748 23.9887 73.8943 88.8513 103.8944 72.9845 14.0681 444.2445 556.2452 556.2452 405.8936 79.7854 223.3232 179.3538 75.548 237.3313 506.4278 210.9721 16.5202 278.2886 122.3384 114.0492 157.0458 256.6415 511.7031;
	3.3476 45.234 93.6505 118.0489 15.3996 20.3289 4.0503 19.0684 15.48 28.3095 52.3296 78.0655 117.5271 31.1863 187.4675 70.6273 87.6301 92.8618 64.6644 69.8446 1.3501 47.4342 74.1136 89.941 105.9867 73.5484 14.1061 945.2013 461.9201 461.9201 300.661 77.0007 215.5481 179.7802 97.7734 197.0859 814.1954 219.3994 106.09 283.893 123.2861 225.5156 142.2408 263.6447 822.6766;
	3.085 41.6853 91.4309 115.3613 15.3603 23.8804 5.0891 18.1523 21.8864 28.7348 53.1158 79.2384 119.2929 55.4111 191.6006 72.1844 89.5622 94.9092 76.1536 69.387 1.6964 55.7209 75.0526 89.0399 102.3866 71.4082 13.5857 1194.1323 584.1575 584.1575 241.5568 67.519 253.8454 178.6022 173.7213 249.2405 1006.5921 211.9632 134.0992 274.2498 121.8274 264.9131 181.5862 277.4466 1017.0774;
