function solarprofile = ex_solar_profilesh1
%EX_WIND_PROFILE_D  Example wind_load_nyiso profile data for deterministic unit commitment.
% 2022.03.12
% Andres F. Ramirez


%% define constants
[GEN_BUS, PG, QG, QMAX, QMIN, VG, MBASE, GEN_STATUS, PMAX, PMIN, ...
    MU_PMAX, MU_PMIN, MU_QMAX, MU_QMIN, PC1, PC2, QC1MIN, QC1MAX, ...
    QC2MIN, QC2MAX, RAMP_AGC, RAMP_10, RAMP_30, RAMP_Q, APF] = idx_gen;
[CT_LABEL, CT_PROB, CT_TABLE, CT_TBUS, CT_TGEN, CT_TBRCH, CT_TAREABUS, ...
    CT_TAREAGEN, CT_TAREABRCH, CT_ROW, CT_COL, CT_CHGTYPE, CT_REP, ...
    CT_REL, CT_ADD, CT_NEWVAL, CT_TLOAD, CT_TAREALOAD, CT_LOAD_ALL_PQ, ...
    CT_LOAD_FIX_PQ, CT_LOAD_DIS_PQ, CT_LOAD_ALL_P, CT_LOAD_FIX_P, ...
    CT_LOAD_DIS_P, CT_TGENCOST, CT_TAREAGENCOST, CT_MODCOST_F, ...
    CT_MODCOST_X] = idx_ct;

solarprofile = struct( ...
    'type', 'mpcData', ...
    'table', CT_TGEN, ...
    'rows', [1:12], ...
    'col', PMAX, ...
    'chgtype', 1, ...
    'values', [] );
solarprofile.values(:,1,:) = [
	0.0 0.0 0.0 0.0 0.0 0.0 0.0 0.0 0.0 0.0 0.0 0.0;
	0.0 0.0 0.0 0.0 0.0 0.0 0.0 0.0 0.0 0.0 0.0 0.0;
	0.0 0.0 0.0 0.0 0.0 0.0 0.0 0.0 0.0 0.0 0.0 0.0;
	0.0 0.0 0.0 0.0 0.0 0.0 0.0 0.0 0.0 0.0 0.0 0.0;
	0.0 0.0 0.0 0.0 0.0 0.0 0.0 0.0 0.0 0.0 0.0 0.0;
	0.4126 0.3564 0.3036 0.0 0.0 0.3889 0.0486 0.1431 0.1893 0.0 0.0 0.0;
	1.833 2.0748 2.4868 0.6012 0.5303 40.6867 5.0858 1.945 22.2637 14.2479 31.0849 25.8031;
	3.2239 4.8612 2.1721 1.9576 2.8294 106.1151 13.2644 3.0184 66.3659 76.4716 87.0047 138.4905;
	5.668 7.7173 1.9796 4.9757 5.7597 163.2348 20.4043 8.4712 115.4815 199.1919 122.0334 360.7377;
	12.5599 12.0703 5.7853 11.3487 13.8848 204.7754 25.5969 22.7682 142.2322 178.924 79.4593 324.0324;
	5.7251 12.0338 3.8185 11.1777 12.7257 135.1919 16.899 16.4093 44.4299 52.0381 50.156 94.2414;
	3.0095 9.2329 2.3473 11.2082 11.7604 78.8431 9.8554 9.7265 20.1267 14.1261 32.3365 25.5825;
	5.7992 8.0786 4.5908 10.7952 8.6778 203.2527 25.4066 13.9343 195.7765 5.2149 42.4962 9.4443;
	8.72 7.4535 5.3577 10.4168 9.3514 247.2547 30.9068 19.5636 251.9093 21.3432 98.0269 38.6527;
	7.7302 6.7033 4.8088 9.2508 9.6291 282.2713 35.2839 20.6626 274.3676 34.4529 94.1916 62.3944;
	1.9635 1.4795 1.0096 6.5669 5.4525 297.6737 37.2092 17.4641 247.3733 16.3746 27.4084 29.6545;
	0.2527 0.2104 0.1816 1.6178 1.3737 65.7568 8.2196 3.6997 48.0043 5.2251 14.7695 9.4628;
	0.0 0.0 0.0 0.0 0.0 0.0 0.0 0.0 0.0 0.0 0.0 0.0;
	0.0 0.0 0.0 0.0 0.0 0.0 0.0 0.0 0.0 0.0 0.0 0.0;
	0.0 0.0 0.0 0.0 0.0 0.0 0.0 0.0 0.0 0.0 0.0 0.0;
	0.0 0.0 0.0 0.0 0.0 0.0 0.0 0.0 0.0 0.0 0.0 0.0;
	0.0 0.0 0.0 0.0 0.0 0.0 0.0 0.0 0.0 0.0 0.0 0.0;
	0.0 0.0 0.0 0.0 0.0 0.0 0.0 0.0 0.0 0.0 0.0 0.0;
	0.0 0.0 0.0 0.0 0.0 0.0 0.0 0.0 0.0 0.0 0.0 0.0;
];
