function solarprofile = ex_solar_profilesh1
%EX_WIND_PROFILE_D  Example wind_load_nyiso profile data for deterministic unit commitment.
% 2022.03.12
% Andres F. Ramirez


%% define constants
[GEN_BUS, PG, QG, QMAX, QMIN, VG, MBASE, GEN_STATUS, PMAX, PMIN, ...
    MU_PMAX, MU_PMIN, MU_QMAX, MU_QMIN, PC1, PC2, QC1MIN, QC1MAX, ...
    QC2MIN, QC2MAX, RAMP_AGC, RAMP_10, RAMP_30, RAMP_Q, APF] = idx_gen;
[CT_LABEL, CT_PROB, CT_TABLE, CT_TBUS, CT_TGEN, CT_TBRCH, CT_TAREABUS, ...
    CT_TAREAGEN, CT_TAREABRCH, CT_ROW, CT_COL, CT_CHGTYPE, CT_REP, ...
    CT_REL, CT_ADD, CT_NEWVAL, CT_TLOAD, CT_TAREALOAD, CT_LOAD_ALL_PQ, ...
    CT_LOAD_FIX_PQ, CT_LOAD_DIS_PQ, CT_LOAD_ALL_P, CT_LOAD_FIX_P, ...
    CT_LOAD_DIS_P, CT_TGENCOST, CT_TAREAGENCOST, CT_MODCOST_F, ...
    CT_MODCOST_X] = idx_ct;

solarprofile = struct( ...
    'type', 'mpcData', ...
    'table', CT_TGEN, ...
    'rows', [1:12], ...
    'col', PMAX, ...
    'chgtype', 1, ...
    'values', [] );
solarprofile.values(:,1,:) = [
	0.0 0.0 0.0 0.0 0.0 0.0 0.0 0.0 0.0 0.0 0.0 0.0;
	0.0 0.0 0.0 0.0 0.0 0.0 0.0 0.0 0.0 0.0 0.0 0.0;
	0.0 0.0 0.0 0.0 0.0 0.0 0.0 0.0 0.0 0.0 0.0 0.0;
	0.0 0.0 0.0 0.0 0.0 0.0 0.0 0.0 0.0 0.0 0.0 0.0;
	0.0 0.0 0.0 0.0 0.0 0.0 0.0 0.0 0.0 0.0 0.0 0.0;
	0.4345 0.3647 0.3228 0.0 0.0 0.1765 0.0221 0.3709 0.0956 0.0 0.0 0.0;
	3.7133 2.0746 2.0053 2.0884 3.038 42.0996 5.2625 11.0242 21.2514 80.6359 37.4686 146.0322;
	3.8149 2.626 2.6633 2.1346 1.5267 112.491 14.0614 35.1797 71.2808 213.0788 107.361 385.887;
	7.2093 4.4185 3.9186 2.8691 1.1982 148.1898 18.5237 43.0389 128.8062 271.3567 130.5144 491.4286;
	15.331 11.5821 10.6424 10.5442 10.6418 140.6397 17.58 16.6103 145.8515 330.7439 52.1802 598.9792;
	18.8675 14.051 12.636 11.1451 10.8369 187.5743 23.4468 12.0795 146.0196 302.2551 53.2789 547.3858;
	17.9561 13.3837 12.1493 11.2102 11.5558 214.5721 26.8215 10.6185 119.35 296.5772 67.5903 537.1032;
	6.6876 5.1178 5.4036 11.2888 10.1151 263.8807 32.9851 10.1523 130.7131 314.4135 129.3945 569.4047;
	3.2108 2.9957 1.989 10.7992 10.1622 243.0608 30.3826 8.9039 127.5743 341.7192 131.0624 618.8556;
	1.3451 1.3804 1.2055 8.4198 10.1027 235.5409 29.4426 7.8458 131.1052 344.1048 136.4655 623.1758;
	0.054 0.3484 0.3452 3.0751 7.0408 345.2442 43.1555 15.6584 164.569 239.9782 23.3871 434.6019;
	0.2069 0.1875 0.1907 1.0924 2.0415 82.334 10.2918 8.9151 47.9461 28.5728 6.5658 51.7454;
	0.0 0.0 0.0 0.0 0.0 0.0 0.0 0.0 0.0 0.0 0.0 0.0;
	0.0 0.0 0.0 0.0 0.0 0.0 0.0 0.0 0.0 0.0 0.0 0.0;
	0.0 0.0 0.0 0.0 0.0 0.0 0.0 0.0 0.0 0.0 0.0 0.0;
	0.0 0.0 0.0 0.0 0.0 0.0 0.0 0.0 0.0 0.0 0.0 0.0;
	0.0 0.0 0.0 0.0 0.0 0.0 0.0 0.0 0.0 0.0 0.0 0.0;
	0.0 0.0 0.0 0.0 0.0 0.0 0.0 0.0 0.0 0.0 0.0 0.0;
	0.0 0.0 0.0 0.0 0.0 0.0 0.0 0.0 0.0 0.0 0.0 0.0;
];
