function solarprofile = ex_solar_profilesh1
%EX_WIND_PROFILE_D  Example wind_load_nyiso profile data for deterministic unit commitment.
% 2022.03.12
% Andres F. Ramirez


%% define constants
[GEN_BUS, PG, QG, QMAX, QMIN, VG, MBASE, GEN_STATUS, PMAX, PMIN, ...
    MU_PMAX, MU_PMIN, MU_QMAX, MU_QMIN, PC1, PC2, QC1MIN, QC1MAX, ...
    QC2MIN, QC2MAX, RAMP_AGC, RAMP_10, RAMP_30, RAMP_Q, APF] = idx_gen;
[CT_LABEL, CT_PROB, CT_TABLE, CT_TBUS, CT_TGEN, CT_TBRCH, CT_TAREABUS, ...
    CT_TAREAGEN, CT_TAREABRCH, CT_ROW, CT_COL, CT_CHGTYPE, CT_REP, ...
    CT_REL, CT_ADD, CT_NEWVAL, CT_TLOAD, CT_TAREALOAD, CT_LOAD_ALL_PQ, ...
    CT_LOAD_FIX_PQ, CT_LOAD_DIS_PQ, CT_LOAD_ALL_P, CT_LOAD_FIX_P, ...
    CT_LOAD_DIS_P, CT_TGENCOST, CT_TAREAGENCOST, CT_MODCOST_F, ...
    CT_MODCOST_X] = idx_ct;

solarprofile = struct( ...
    'type', 'mpcData', ...
    'table', CT_TGEN, ...
    'rows', [1:12], ...
    'col', PMAX, ...
    'chgtype', 1, ...
    'values', [] );
solarprofile.values(:,1,:) = [
	0.0 0.0 0.0 0.0 0.0 0.0 0.0 0.0 0.0 0.0 0.0 0.0;
	0.0 0.0 0.0 0.0 0.0 0.0 0.0 0.0 0.0 0.0 0.0 0.0;
	0.0 0.0 0.0 0.0 0.0 0.0 0.0 0.0 0.0 0.0 0.0 0.0;
	0.0 0.0 0.0 0.0 0.0 0.0 0.0 0.0 0.0 0.0 0.0 0.0;
	0.0 0.0 0.0 0.0 0.0 0.0 0.0 0.0 0.0 0.0 0.0 0.0;
	0.4147 0.3626 0.302 0.0 0.0 0.1765 0.0221 0.7104 0.556 0.0 0.0 0.0;
	4.8419 4.5923 3.9597 1.374 0.7922 52.36 6.545 17.3366 91.5324 53.7875 28.5322 97.4096;
	8.2505 6.8607 4.9251 1.6683 1.474 110.4999 13.8125 13.6456 111.2348 133.3862 80.9841 241.5633;
	10.1835 9.6224 4.0972 1.9405 1.9531 165.4043 20.6755 16.5787 121.6218 204.3606 115.6282 370.0984;
	12.569 10.1231 9.6041 6.0273 10.8006 239.947 29.9934 24.7043 117.2964 231.4498 140.7671 419.1569;
	14.1149 9.279 10.4249 6.3593 9.9152 249.8221 31.2278 33.8108 97.7981 232.438 177.3112 420.9467;
	15.6123 9.3891 11.006 6.6024 10.0646 219.6089 27.4511 36.4702 91.9436 224.1127 203.5881 405.8695;
	12.3561 9.471 9.8239 9.2233 7.6354 239.4368 29.9296 30.0005 215.9049 134.5987 162.8872 243.7591;
	9.3778 7.7269 9.3459 9.1824 7.1395 211.8163 26.477 18.5461 228.5949 111.7112 133.4176 202.3096;
	6.6065 5.5578 6.7853 7.4436 5.1427 169.3859 21.1732 10.1112 214.6979 69.6007 92.2456 126.0472;
	1.2675 0.6562 1.5166 3.4795 1.1999 147.4654 18.4332 5.5253 156.6074 8.9562 7.8311 16.2197;
	0.2069 0.1875 0.1851 1.1532 1.2796 53.2171 6.6521 3.6826 41.1287 0.0 3.8607 0.0;
	0.0 0.0 0.0 0.0 0.0 0.0 0.0 0.0 0.0 0.0 0.0 0.0;
	0.0 0.0 0.0 0.0 0.0 0.0 0.0 0.0 0.0 0.0 0.0 0.0;
	0.0 0.0 0.0 0.0 0.0 0.0 0.0 0.0 0.0 0.0 0.0 0.0;
	0.0 0.0 0.0 0.0 0.0 0.0 0.0 0.0 0.0 0.0 0.0 0.0;
	0.0 0.0 0.0 0.0 0.0 0.0 0.0 0.0 0.0 0.0 0.0 0.0;
	0.0 0.0 0.0 0.0 0.0 0.0 0.0 0.0 0.0 0.0 0.0 0.0;
	0.0 0.0 0.0 0.0 0.0 0.0 0.0 0.0 0.0 0.0 0.0 0.0;
];
