function loadprofile = ex_load_profilesh1
%EX_LOAD_PROFILE  Example load profile data file for stochastic unit commitment.
% 2022.03.12
% Andres F. Ramirez

%% define constants
[CT_LABEL, CT_PROB, CT_TABLE, CT_TBUS, CT_TGEN, CT_TBRCH, CT_TAREABUS, ...
    CT_TAREAGEN, CT_TAREABRCH, CT_ROW, CT_COL, CT_CHGTYPE, CT_REP, ...
    CT_REL, CT_ADD, CT_NEWVAL, CT_TLOAD, CT_TAREALOAD, CT_LOAD_ALL_PQ, ...
    CT_LOAD_FIX_PQ, CT_LOAD_DIS_PQ, CT_LOAD_ALL_P, CT_LOAD_FIX_P, ...
    CT_LOAD_DIS_P, CT_TGENCOST, CT_TAREAGENCOST, CT_MODCOST_F, ...
    CT_MODCOST_X] = idx_ct;

loadprofile = struct( ...
    'type', 'mpcData', ...
    'table', CT_TAREALOAD, ...
    'rows', [1:11], ...
    'col', CT_LOAD_ALL_P, ...
    'chgtype', 1, ...
    'values', [] );
loadprofile.values(:,1,:) = [
	1420.947 861.488 1518.0 524.4841 709.3477 1066.9837 789.1 220.0 477.7236 4163.7779 1609.3881;
	1447.063 873.9151 1489.8 536.3 682.357 1047.2269 788.3728 204.7255 471.689 4170.7594 1611.6456;
	1421.4198 870.6457 1513.1385 525.5196 697.8344 1053.8 793.4741 199.6322 472.6489 4105.747 1609.6171;
	1507.2785 945.5 1618.0272 538.4 771.8396 1127.7943 834.7385 212.5693 499.0897 4211.9699 1711.3111;
	1616.7641 1047.8878 1805.5776 550.847 868.0764 1276.028 931.7052 216.3579 564.6 4829.7085 1932.9392;
	1731.7703 1114.7129 1938.8748 556.2206 928.4832 1383.2856 986.0336 256.6313 639.7714 5472.8776 2137.3255;
	1803.0799 1148.8102 1990.9166 566.2802 952.544 1410.7112 1043.6626 311.098 666.4764 5891.6988 2250.2422;
	1809.1081 1163.6395 1986.2 576.2 920.8783 1369.8985 1024.9047 303.1895 664.9 6059.7491 2201.6166;
	1853.9329 1184.3223 2013.1115 559.3388 877.0849 1353.7718 1014.3184 313.3122 644.0671 5988.7016 2198.8;
	1861.2547 1195.7291 2007.0468 576.3 900.3613 1386.035 1041.9387 306.427 640.8256 6077.0153 2269.0207;
	1840.5381 1201.7689 1978.1 563.491 889.879 1377.9498 1078.2959 317.509 661.8264 6188.8908 2314.2266;
	1810.0854 1169.3145 1919.9619 555.1491 849.3 1351.4469 1040.4 283.5058 658.4428 6030.1252 2161.3539;
	1797.8029 1143.5167 1855.5392 558.2159 836.6605 1330.3784 1043.5696 274.5662 649.0384 5887.364 2209.5;
	1745.5185 1128.0821 1839.6722 543.8068 849.2181 1345.2769 1029.6068 268.0255 597.7459 5939.9677 2238.1063;
	1722.7631 1137.562 1864.9275 560.078 840.4126 1353.8468 996.6922 275.9353 570.7832 5836.2552 2252.1211;
	1692.2611 1092.6 1825.7 556.927 836.3532 1362.7436 1034.3 258.9194 607.7856 5946.8619 2321.3565;
	1706.8676 1083.985 1854.7063 545.5531 878.8566 1410.8583 1046.4501 260.6141 620.0457 5809.6284 2335.3385;
	1746.0454 1144.6171 1940.1101 549.181 930.5401 1452.2244 1099.6137 284.3486 658.9421 5854.4602 2494.1244;
	1791.3 1151.7031 1905.9508 542.6723 936.1895 1452.8381 1123.1972 291.2946 656.6773 5773.077 2435.9514;
	1750.7 1095.6553 1859.8 543.173 919.5561 1409.5443 1100.8237 275.8241 629.781 5547.8956 2310.8579;
	1709.1236 1003.5827 1758.9 531.0751 841.7548 1305.7039 1024.5378 254.6533 556.0216 5263.9847 2173.4846;
	1670.2412 974.424 1704.7899 528.2091 812.3 1268.42 990.3309 242.9986 518.348 4941.3507 2007.0963;
	1629.9172 961.3728 1649.5942 528.4278 766.7376 1263.5517 971.3559 249.8769 519.3123 4953.4352 2048.4354;
	1585.6136 904.5 1587.9003 525.1224 759.2553 1194.0057 894.4227 236.4 467.9385 4675.9151 1804.6003;
];
