function solarprofile = ex_solar_profilesh1
%EX_WIND_PROFILE_D  Example wind_load_nyiso profile data for deterministic unit commitment.
% 2022.03.12
% Andres F. Ramirez


%% define constants
[GEN_BUS, PG, QG, QMAX, QMIN, VG, MBASE, GEN_STATUS, PMAX, PMIN, ...
    MU_PMAX, MU_PMIN, MU_QMAX, MU_QMIN, PC1, PC2, QC1MIN, QC1MAX, ...
    QC2MIN, QC2MAX, RAMP_AGC, RAMP_10, RAMP_30, RAMP_Q, APF] = idx_gen;
[CT_LABEL, CT_PROB, CT_TABLE, CT_TBUS, CT_TGEN, CT_TBRCH, CT_TAREABUS, ...
    CT_TAREAGEN, CT_TAREABRCH, CT_ROW, CT_COL, CT_CHGTYPE, CT_REP, ...
    CT_REL, CT_ADD, CT_NEWVAL, CT_TLOAD, CT_TAREALOAD, CT_LOAD_ALL_PQ, ...
    CT_LOAD_FIX_PQ, CT_LOAD_DIS_PQ, CT_LOAD_ALL_P, CT_LOAD_FIX_P, ...
    CT_LOAD_DIS_P, CT_TGENCOST, CT_TAREAGENCOST, CT_MODCOST_F, ...
    CT_MODCOST_X] = idx_ct;

solarprofile = struct( ...
    'type', 'mpcData', ...
    'table', CT_TGEN, ...
    'rows', [1:12], ...
    'col', PMAX, ...
    'chgtype', 1, ...
    'values', [] );
solarprofile.values(:,1,:) = [
	0.0 0.0 0.0 0.0 0.0 0.0 0.0 0.0 0.0 0.0 0.0 0.0;
	0.0 0.0 0.0 0.0 0.0 0.0 0.0 0.0 0.0 0.0 0.0 0.0;
	0.0 0.0 0.0 0.0 0.0 0.0 0.0 0.0 0.0 0.0 0.0 0.0;
	0.0 0.0 0.0 0.0 0.0 0.0 0.0 0.0 0.0 0.0 0.0 0.0;
	0.0 0.0 0.0 0.0 0.0 0.0 0.0 0.0 0.0 0.0 0.0 0.0;
	0.4174 0.3564 0.3103 0.0 0.0 0.1765 0.0221 0.1431 0.0956 0.0 0.0 0.0;
	1.9373 2.5372 2.7088 1.1263 0.3393 0.0 0.0 1.9442 9.6238 49.7413 32.2424 90.0818;
	4.5396 6.0961 5.6304 2.1011 1.4742 0.0 0.0 0.5942 17.324 169.6623 81.6974 307.2595;
	9.7945 10.2887 9.4723 4.6133 2.7448 2.6814 0.3352 2.2109 32.9889 282.5935 139.2183 511.7786;
	15.5756 14.0229 13.7595 11.1415 12.2188 80.0061 10.0008 6.2273 81.4725 339.8304 222.4353 615.435;
	18.1353 15.795 14.0342 11.1482 10.6922 166.9124 20.864 9.4618 126.278 342.2011 240.516 619.7283;
	16.8031 14.0756 13.6238 11.2082 9.74 203.9624 25.4953 10.1373 126.8217 321.9606 212.8406 583.0727;
	5.5829 3.1477 6.9113 10.817 6.9452 213.2187 26.6523 8.0564 111.4754 205.832 145.2701 372.763;
	2.6613 1.4488 3.1483 10.4933 7.8505 188.8919 23.6115 5.7635 64.38 177.2002 140.4786 320.9107;
	1.201 1.0516 1.6832 9.9372 7.845 168.1935 21.0242 4.8878 34.0072 135.647 149.1131 245.6576;
	0.1412 0.5275 0.5608 8.9848 3.0661 208.3482 26.0435 5.5557 29.483 17.0589 18.5414 30.8938;
	0.2069 0.1937 0.1872 1.9048 1.2487 71.7594 8.9699 3.8137 41.118 0.0 3.0481 0.0;
	0.0 0.0 0.0 0.0 0.0 0.0 0.0 0.0 0.0 0.0 0.0 0.0;
	0.0 0.0 0.0 0.0 0.0 0.0 0.0 0.0 0.0 0.0 0.0 0.0;
	0.0 0.0 0.0 0.0 0.0 0.0 0.0 0.0 0.0 0.0 0.0 0.0;
	0.0 0.0 0.0 0.0 0.0 0.0 0.0 0.0 0.0 0.0 0.0 0.0;
	0.0 0.0 0.0 0.0 0.0 0.0 0.0 0.0 0.0 0.0 0.0 0.0;
	0.0 0.0 0.0 0.0 0.0 0.0 0.0 0.0 0.0 0.0 0.0 0.0;
	0.0 0.0 0.0 0.0 0.0 0.0 0.0 0.0 0.0 0.0 0.0 0.0;
];
