function solarprofile = ex_solar_profilesh1
%EX_WIND_PROFILE_D  Example wind_load_nyiso profile data for deterministic unit commitment.
% 2022.03.12
% Andres F. Ramirez


%% define constants
[GEN_BUS, PG, QG, QMAX, QMIN, VG, MBASE, GEN_STATUS, PMAX, PMIN, ...
    MU_PMAX, MU_PMIN, MU_QMAX, MU_QMIN, PC1, PC2, QC1MIN, QC1MAX, ...
    QC2MIN, QC2MAX, RAMP_AGC, RAMP_10, RAMP_30, RAMP_Q, APF] = idx_gen;
[CT_LABEL, CT_PROB, CT_TABLE, CT_TBUS, CT_TGEN, CT_TBRCH, CT_TAREABUS, ...
    CT_TAREAGEN, CT_TAREABRCH, CT_ROW, CT_COL, CT_CHGTYPE, CT_REP, ...
    CT_REL, CT_ADD, CT_NEWVAL, CT_TLOAD, CT_TAREALOAD, CT_LOAD_ALL_PQ, ...
    CT_LOAD_FIX_PQ, CT_LOAD_DIS_PQ, CT_LOAD_ALL_P, CT_LOAD_FIX_P, ...
    CT_LOAD_DIS_P, CT_TGENCOST, CT_TAREAGENCOST, CT_MODCOST_F, ...
    CT_MODCOST_X] = idx_ct;

solarprofile = struct( ...
    'type', 'mpcData', ...
    'table', CT_TGEN, ...
    'rows', [1:12], ...
    'col', PMAX, ...
    'chgtype', 1, ...
    'values', [] );
solarprofile.values(:,1,:) = [
	0.0 0.0 0.0 0.0 0.0 0.0 0.0 0.0 0.0 0.0 0.0 0.0;
	0.0 0.0 0.0 0.0 0.0 0.0 0.0 0.0 0.0 0.0 0.0 0.0;
	0.0 0.0 0.0 0.0 0.0 0.0 0.0 0.0 0.0 0.0 0.0 0.0;
	0.0 0.0 0.0 0.0 0.0 0.0 0.0 0.0 0.0 0.0 0.0 0.0;
	0.0 0.0 0.0 0.0 0.0 0.0 0.0 0.0 0.0 0.0 0.0 0.0;
	0.4095 0.3481 0.302 0.0 0.0 0.1765 0.0221 0.1598 0.0956 0.0 0.0 0.0;
	0.7388 1.5823 0.3888 1.2224 1.1276 81.185 10.1481 13.3788 54.1543 60.1955 42.2804 109.0143;
	4.7169 4.7939 2.8377 2.7561 2.7304 109.658 13.7073 4.956 55.1595 122.6638 97.1168 222.1448;
	8.9829 6.5759 5.6481 4.7043 3.1604 87.7042 10.963 2.7188 47.7228 213.3739 141.4997 386.4215;
	7.6402 8.4724 8.7989 10.571 10.4476 36.1955 4.5244 2.7756 68.2529 329.3462 171.0594 596.4479;
	6.6964 11.3302 7.2762 11.1451 8.8593 61.019 7.6274 7.4665 114.0797 334.9346 169.6602 606.5685;
	10.7722 12.8279 8.2881 11.2703 9.1277 91.0216 11.3777 10.6128 124.2882 314.4868 159.6926 569.5375;
	13.3372 10.7547 9.6828 11.0261 8.0828 142.4121 17.8015 13.5585 161.6427 208.4154 60.6306 377.4416;
	10.8962 8.2178 9.3687 10.1604 8.1974 108.4617 13.5577 10.8921 150.7778 175.8199 69.1038 318.4108;
	7.2192 5.6159 5.6125 7.3085 6.575 58.8039 7.3505 10.2784 126.5833 143.474 50.179 259.8323;
	1.2875 1.0094 0.7464 2.2028 1.6058 35.914 4.4892 14.1465 91.1215 27.9126 7.5947 50.5498;
	0.3065 0.1949 0.1847 1.1904 1.4045 50.7169 6.3396 5.8476 41.0976 8.2785 2.9075 14.9924;
	0.0 0.0 0.0 0.0 0.0 0.0 0.0 0.0 0.0 0.0 0.0 0.0;
	0.0 0.0 0.0 0.0 0.0 0.0 0.0 0.0 0.0 0.0 0.0 0.0;
	0.0 0.0 0.0 0.0 0.0 0.0 0.0 0.0 0.0 0.0 0.0 0.0;
	0.0 0.0 0.0 0.0 0.0 0.0 0.0 0.0 0.0 0.0 0.0 0.0;
	0.0 0.0 0.0 0.0 0.0 0.0 0.0 0.0 0.0 0.0 0.0 0.0;
	0.0 0.0 0.0 0.0 0.0 0.0 0.0 0.0 0.0 0.0 0.0 0.0;
	0.0 0.0 0.0 0.0 0.0 0.0 0.0 0.0 0.0 0.0 0.0 0.0;
];
