function solarprofile = ex_solar_profilesh1
%EX_WIND_PROFILE_D  Example wind_load_nyiso profile data for deterministic unit commitment.
% 2022.03.12
% Andres F. Ramirez


%% define constants
[GEN_BUS, PG, QG, QMAX, QMIN, VG, MBASE, GEN_STATUS, PMAX, PMIN, ...
    MU_PMAX, MU_PMIN, MU_QMAX, MU_QMIN, PC1, PC2, QC1MIN, QC1MAX, ...
    QC2MIN, QC2MAX, RAMP_AGC, RAMP_10, RAMP_30, RAMP_Q, APF] = idx_gen;
[CT_LABEL, CT_PROB, CT_TABLE, CT_TBUS, CT_TGEN, CT_TBRCH, CT_TAREABUS, ...
    CT_TAREAGEN, CT_TAREABRCH, CT_ROW, CT_COL, CT_CHGTYPE, CT_REP, ...
    CT_REL, CT_ADD, CT_NEWVAL, CT_TLOAD, CT_TAREALOAD, CT_LOAD_ALL_PQ, ...
    CT_LOAD_FIX_PQ, CT_LOAD_DIS_PQ, CT_LOAD_ALL_P, CT_LOAD_FIX_P, ...
    CT_LOAD_DIS_P, CT_TGENCOST, CT_TAREAGENCOST, CT_MODCOST_F, ...
    CT_MODCOST_X] = idx_ct;

solarprofile = struct( ...
    'type', 'mpcData', ...
    'table', CT_TGEN, ...
    'rows', [1:12], ...
    'col', PMAX, ...
    'chgtype', 1, ...
    'values', [] );
solarprofile.values(:,1,:) = [
	0.0 0.0 0.0 0.0 0.0 0.0 0.0 0.0 0.0 0.0 0.0 0.0;
	0.0 0.0 0.0 0.0 0.0 0.0 0.0 0.0 0.0 0.0 0.0 0.0;
	0.0 0.0 0.0 0.0 0.0 0.0 0.0 0.0 0.0 0.0 0.0 0.0;
	0.0 0.0 0.0 0.0 0.0 0.0 0.0 0.0 0.0 0.0 0.0 0.0;
	0.0 0.0 0.0 0.0 0.0 0.0 0.0 0.0 0.0 0.0 0.0 0.0;
	0.4411 0.3543 0.3103 0.0 0.0 0.1765 0.0221 0.3657 0.0956 0.0 0.0 0.0;
	1.5033 0.4234 0.577 3.0781 1.5009 150.6598 18.8325 15.6764 67.8911 53.5956 34.0941 97.0619;
	6.2622 3.0329 2.4508 3.8158 1.7799 83.7768 10.4721 8.0839 42.3394 114.1448 50.6279 206.717;
	12.4061 6.8437 4.9915 5.8439 2.6266 54.0767 6.7596 6.8961 26.6718 145.2653 66.0579 263.0764;
	14.8908 11.4824 10.8108 11.1312 12.6048 101.1748 12.6468 11.0194 53.0938 116.6742 94.5394 211.2976;
	17.3324 13.7752 12.3633 11.4921 13.0809 189.2279 23.6535 18.4244 107.7778 179.1523 164.18 324.4459;
	18.5603 14.9031 13.0704 11.4572 13.3769 243.7437 30.468 24.89 148.5979 216.6932 178.1663 392.4326;
	12.2208 13.107 12.2517 10.0068 11.1617 326.406 40.8008 31.1147 244.9889 98.977 115.1382 179.2479;
	8.3478 10.3603 10.921 5.517 9.5264 291.5371 36.4421 24.0065 239.9122 77.8369 79.0377 140.9632;
	2.8509 6.0048 6.0029 1.6218 7.8026 242.197 30.2746 18.4834 211.8874 54.705 34.3001 99.0711;
	0.3909 1.199 1.4082 0.9817 1.4489 174.282 21.7852 10.4749 138.9481 18.141 4.5665 32.8534;
	0.34 0.3994 0.3837 1.1931 1.2805 52.3152 6.5394 3.7943 41.1287 18.737 3.877 33.9328;
	0.0 0.0 0.0 0.0 0.0 0.0 0.0 0.0 0.0 0.0 0.0 0.0;
	0.0 0.0 0.0 0.0 0.0 0.0 0.0 0.0 0.0 0.0 0.0 0.0;
	0.0 0.0 0.0 0.0 0.0 0.0 0.0 0.0 0.0 0.0 0.0 0.0;
	0.0 0.0 0.0 0.0 0.0 0.0 0.0 0.0 0.0 0.0 0.0 0.0;
	0.0 0.0 0.0 0.0 0.0 0.0 0.0 0.0 0.0 0.0 0.0 0.0;
	0.0 0.0 0.0 0.0 0.0 0.0 0.0 0.0 0.0 0.0 0.0 0.0;
	0.0 0.0 0.0 0.0 0.0 0.0 0.0 0.0 0.0 0.0 0.0 0.0;
];
