function solarprofile = ex_solar_profilesh1
%EX_WIND_PROFILE_D  Example wind_load_nyiso profile data for deterministic unit commitment.
% 2022.03.12
% Andres F. Ramirez


%% define constants
[GEN_BUS, PG, QG, QMAX, QMIN, VG, MBASE, GEN_STATUS, PMAX, PMIN, ...
    MU_PMAX, MU_PMIN, MU_QMAX, MU_QMIN, PC1, PC2, QC1MIN, QC1MAX, ...
    QC2MIN, QC2MAX, RAMP_AGC, RAMP_10, RAMP_30, RAMP_Q, APF] = idx_gen;
[CT_LABEL, CT_PROB, CT_TABLE, CT_TBUS, CT_TGEN, CT_TBRCH, CT_TAREABUS, ...
    CT_TAREAGEN, CT_TAREABRCH, CT_ROW, CT_COL, CT_CHGTYPE, CT_REP, ...
    CT_REL, CT_ADD, CT_NEWVAL, CT_TLOAD, CT_TAREALOAD, CT_LOAD_ALL_PQ, ...
    CT_LOAD_FIX_PQ, CT_LOAD_DIS_PQ, CT_LOAD_ALL_P, CT_LOAD_FIX_P, ...
    CT_LOAD_DIS_P, CT_TGENCOST, CT_TAREAGENCOST, CT_MODCOST_F, ...
    CT_MODCOST_X] = idx_ct;

solarprofile = struct( ...
    'type', 'mpcData', ...
    'table', CT_TGEN, ...
    'rows', [1:12], ...
    'col', PMAX, ...
    'chgtype', 1, ...
    'values', [] );
solarprofile.values(:,1,:) = [
	0.0 0.0 0.0 0.0 0.0 0.0 0.0 0.0 0.0 0.0 0.0 0.0;
	0.0 0.0 0.0 0.0 0.0 0.0 0.0 0.0 0.0 0.0 0.0 0.0;
	0.0 0.0 0.0 0.0 0.0 0.0 0.0 0.0 0.0 0.0 0.0 0.0;
	0.0 0.0 0.0 0.0 0.0 0.0 0.0 0.0 0.0 0.0 0.0 0.0;
	0.0 0.0 0.0 0.0 0.0 0.0 0.0 0.0 0.0 0.0 0.0 0.0;
	0.4147 0.3626 0.3115 0.0 0.0 0.1765 0.0221 0.1431 0.0956 0.0 0.0 0.0;
	0.0954 0.1005 0.0714 1.2614 2.4545 0.0 0.0 5.0611 15.794 49.559 33.9502 89.7516;
	2.5627 1.0907 0.7715 3.5247 2.714 7.285 0.9106 9.6771 56.8734 123.3979 56.1268 223.4743;
	8.982 3.5884 2.3592 5.4986 3.4573 28.2674 3.5334 9.9779 94.295 213.3116 85.9788 386.3086;
	17.5441 11.5772 10.5667 10.7561 12.8419 68.7704 8.5963 0.7435 97.2087 287.7626 140.8736 521.1398;
	18.7814 14.2789 11.6813 10.9807 12.3372 88.9077 11.1135 0.5126 52.5766 276.8687 164.636 501.4108;
	17.0689 14.0967 11.2424 10.8766 11.8907 126.4073 15.8009 0.9899 53.8254 269.4564 169.0149 487.9872;
	7.8458 8.4195 6.5215 11.0281 9.2868 285.9597 35.745 6.1484 229.9694 215.3209 131.7837 389.9474;
	7.7957 7.0251 5.6454 11.1882 9.3506 317.0252 39.6281 8.5648 260.6177 219.5128 120.4454 397.539;
	6.7442 5.7261 5.1384 10.6602 8.846 304.9002 38.1125 7.548 256.4175 230.0357 110.4412 416.596;
	4.8919 3.3245 3.9226 6.0159 3.0213 282.3169 35.2896 7.6617 180.3584 67.1194 11.5665 121.5536;
	1.1861 0.959 0.7267 1.2765 0.8526 78.5077 9.8135 6.45 49.3445 7.1232 3.4704 12.9001;
	0.0 0.0 0.0 0.0 0.0 0.0 0.0 0.0 0.0 0.0 0.0 0.0;
	0.0 0.0 0.0 0.0 0.0 0.0 0.0 0.0 0.0 0.0 0.0 0.0;
	0.0 0.0 0.0 0.0 0.0 0.0 0.0 0.0 0.0 0.0 0.0 0.0;
	0.0 0.0 0.0 0.0 0.0 0.0 0.0 0.0 0.0 0.0 0.0 0.0;
	0.0 0.0 0.0 0.0 0.0 0.0 0.0 0.0 0.0 0.0 0.0 0.0;
	0.0 0.0 0.0 0.0 0.0 0.0 0.0 0.0 0.0 0.0 0.0 0.0;
	0.0 0.0 0.0 0.0 0.0 0.0 0.0 0.0 0.0 0.0 0.0 0.0;
];
