function windprofile = ex_wind_profilesh1
%EX_WIND_PROFILE_D  Example wind_load_nyiso profile data for deterministic unit commitment.
% 2022.03.12
% Andres F. Ramirez


%% define constants
[GEN_BUS, PG, QG, QMAX, QMIN, VG, MBASE, GEN_STATUS, PMAX, PMIN, ...
    MU_PMAX, MU_PMIN, MU_QMAX, MU_QMIN, PC1, PC2, QC1MIN, QC1MAX, ...
    QC2MIN, QC2MAX, RAMP_AGC, RAMP_10, RAMP_30, RAMP_Q, APF] = idx_gen;
[CT_LABEL, CT_PROB, CT_TABLE, CT_TBUS, CT_TGEN, CT_TBRCH, CT_TAREABUS, ...
    CT_TAREAGEN, CT_TAREABRCH, CT_ROW, CT_COL, CT_CHGTYPE, CT_REP, ...
    CT_REL, CT_ADD, CT_NEWVAL, CT_TLOAD, CT_TAREALOAD, CT_LOAD_ALL_PQ, ...
    CT_LOAD_FIX_PQ, CT_LOAD_DIS_PQ, CT_LOAD_ALL_P, CT_LOAD_FIX_P, ...
    CT_LOAD_DIS_P, CT_TGENCOST, CT_TAREAGENCOST, CT_MODCOST_F, ...
    CT_MODCOST_X] = idx_ct;

windprofile = struct( ...
    'type', 'mpcData', ...
    'table', CT_TGEN, ...
    'rows', [1:45], ...
    'col', PMAX, ...
    'chgtype', 1, ...
    'values', [] );
windprofile.values(:,1,:) = [
	4.019 54.3057 93.6414 120.8573 15.3084 35.115 32.096 19.1324 12.4484 18.8703 34.8815 52.0364 78.3405 57.2777 205.8344 77.5469 96.2156 101.9598 92.0609 73.7559 10.6987 81.9351 27.511 87.8355 104.7001 76.3531 14.132 1245.4197 780.7035 780.7035 770.8551 103.4521 306.8697 189.848 179.5732 333.1002 1147.3398 255.6638 469.1434 280.4467 123.329 389.5427 218.4997 281.0719 1159.2913;
	3.9406 53.2466 89.7667 117.8265 15.2119 34.6151 30.8295 18.9395 12.5401 15.428 28.5185 42.5439 64.0497 61.5606 203.2508 76.5735 95.0079 100.68 86.9414 73.8442 10.2765 80.7685 30.1005 85.2336 100.9398 75.9251 13.8732 1217.7264 780.5534 780.5534 782.5871 106.1504 289.8046 190.0752 193.0008 333.0361 1206.3348 244.0664 449.2236 270.3745 119.8498 383.9964 213.8739 276.0182 1218.9008;
	3.8987 52.6806 89.6003 116.045 15.3035 35.055 33.1273 19.0032 25.5245 17.4283 32.216 48.0599 72.3539 60.7551 191.6644 72.2084 89.592 94.9407 89.3239 73.8258 11.0424 81.7951 32.2811 87.293 104.0978 75.7025 13.9161 1210.9344 805.8684 805.8684 777.7258 110.5133 297.7462 190.0279 190.4756 343.8372 1236.9148 271.4157 477.2751 278.8333 122.9498 388.8771 215.5291 267.0455 1249.7994;
	3.818 51.5893 86.5365 116.4562 15.3598 35.1157 31.9754 18.5885 28.4433 31.0725 57.4371 85.6849 128.9981 64.8537 201.691 75.9859 94.2788 99.9074 90.7222 72.7787 10.6585 81.9367 31.1465 85.9918 101.8564 74.4204 13.3451 1265.2535 773.5492 773.5492 779.9411 113.3014 302.4075 187.3326 203.3252 330.0476 1178.3144 299.7164 477.804 272.8295 122.9298 389.5504 186.1577 255.3059 1190.5885;
	3.3779 45.6434 88.3869 116.7285 15.4132 33.3188 32.189 18.2385 28.4842 30.6583 56.6713 84.5425 127.2782 64.2464 204.7431 77.1358 95.7055 101.4193 92.3513 73.7378 10.7297 77.7439 72.6931 87.4791 103.0799 71.445 13.2957 1316.7628 802.3491 802.3491 794.7408 114.4372 307.8375 189.8013 201.4212 342.3356 1181.7728 314.9576 478.8843 276.1068 123.7007 369.6169 189.7991 260.9615 1194.083;
	3.7496 50.665 87.1128 112.3853 15.2038 32.9168 19.9557 17.4695 27.6639 29.1253 53.8376 80.3151 120.9139 46.7613 197.0572 74.2402 92.1128 97.6121 64.663 73.113 6.6519 76.8058 72.3635 85.7522 100.0513 71.1448 13.2998 1235.1842 775.5548 775.5548 718.4141 111.4456 215.5433 188.1929 146.6029 330.9034 1136.9136 289.5615 476.8528 267.9944 120.5426 365.1567 157.4556 265.4453 1148.7565;
	3.8268 51.708 89.0487 116.1147 15.3111 34.4189 14.1081 18.0544 27.6835 28.9919 53.5912 79.9475 120.3605 65.8138 202.2853 76.2098 94.5566 100.2018 90.2069 73.4969 4.7027 80.3107 72.7 87.0404 103.6159 71.0262 13.5425 1295.901 806.1 806.1 749.6497 110.6289 300.6895 189.1811 206.335 343.936 1169.0829 306.2799 451.1524 277.5427 122.375 381.82 184.2545 276.9536 1181.2608;
	3.7545 50.732 89.1446 117.313 15.1399 33.5555 0.5206 17.4895 23.5239 29.8079 55.0995 82.1977 123.7481 44.7667 203.9101 76.822 95.3161 101.0067 92.152 73.5225 0.1735 78.2963 74.2329 86.4827 101.7251 70.7886 13.3949 1285.1722 745.7364 745.7364 678.9924 112.5345 307.1734 189.2472 140.3496 318.1809 1171.459 303.9681 181.5203 272.4779 122.067 372.2429 199.45 276.6847 1183.6617;
	3.8772 52.3893 92.6926 120.4798 15.2724 33.1065 9.1888 17.5192 27.12 30.6017 56.5668 84.3866 127.0435 27.9837 202.6828 76.3596 94.7424 100.3987 93.0277 73.5951 3.0629 77.2485 74.5659 86.9153 102.93 69.271 13.1542 1264.9232 714.998 714.998 719.9366 113.5049 310.0923 189.434 87.7325 305.0658 1104.2124 300.3199 323.8052 275.7055 122.4776 367.2616 188.3454 274.8923 1115.7146;
	3.9075 52.7994 90.3048 119.3256 15.3746 32.8727 9.1693 18.0381 27.12 27.986 51.7316 77.1734 116.1841 22.29 198.5894 74.8174 92.829 98.371 92.9963 73.8863 3.0564 76.703 56.7301 87.6735 102.9142 71.3304 12.9473 1100.6313 631.2475 631.2475 586.2684 108.6329 309.9875 190.1835 69.882 269.3323 884.7484 258.7389 426.5219 275.663 120.9099 364.6678 162.7404 276.6803 893.9645;
	3.7214 50.2839 93.2604 120.235 15.0259 28.3582 0.2408 18.2736 20.6253 30.7019 56.7519 84.6627 127.4592 5.4414 201.7472 76.0071 94.3051 99.9352 87.3646 73.8357 0.0803 66.1691 74.9591 88.8663 104.5653 70.9637 13.6633 817.5438 630.1327 630.1327 481.9336 105.1875 291.2155 190.0533 17.0595 268.8566 740.5195 195.2245 134.7096 280.0857 120.159 314.5866 145.6456 276.6869 748.2333;
	3.5718 48.2634 92.167 119.4082 15.1058 20.8859 0.2214 18.3746 8.0594 29.9834 55.4238 82.6814 124.4765 14.4464 204.6105 77.0858 95.6435 101.3536 43.5556 73.2239 0.0738 48.7339 74.3043 89.1872 104.2448 72.8125 13.705 640.183 694.4863 694.4863 494.5611 109.4027 145.1852 188.4784 45.2914 296.3141 814.1463 211.6836 79.508 279.2273 121.8606 231.6947 133.0624 274.2902 822.627;
	3.8991 52.6849 90.9543 120.0896 15.2065 23.0114 3.9138 17.7285 26.2629 25.9275 47.9267 71.4972 107.6386 53.3046 200.2561 75.4453 93.6081 99.1966 62.2586 72.8527 1.3046 53.6932 70.6278 89.4175 103.9847 70.7629 13.6423 672.5712 715.0492 715.0492 517.8006 107.2021 207.5288 187.5231 167.1172 305.0877 635.0813 223.5206 330.5744 278.5304 120.4793 255.2728 140.7385 269.2721 641.6967;
	3.7827 51.1128 88.0018 117.8709 14.3845 22.6647 7.8471 18.0968 19.8584 26.1899 48.4117 72.2207 108.7278 37.0293 200.7171 75.619 93.8236 99.425 60.0371 72.4742 2.6157 52.8843 74.5741 88.9351 104.7669 71.0447 13.5383 549.0837 668.6916 668.6916 485.1799 91.8229 200.1236 186.5488 116.0919 285.3084 653.9797 239.9581 334.0395 280.6256 120.243 251.4269 156.922 265.5447 660.792;
	3.8475 51.9884 88.5886 116.9701 14.7868 20.085 3.963 18.6661 5.3086 28.0079 51.7723 77.234 116.2754 32.476 191.0268 71.9682 89.2939 94.6249 69.9688 71.6301 1.321 46.8651 73.6961 89.941 106.1442 73.6254 13.6003 401.0574 646.0144 646.0144 425.814 83.2655 233.2293 184.3762 101.8165 275.6328 572.1393 233.5356 288.1682 284.3148 120.8917 222.81 161.9661 253.4 578.099;
	3.5682 48.2138 90.7279 118.9442 14.9863 10.9474 2.8369 18.9858 4.8903 29.662 54.8297 81.7952 123.1422 21.9073 178.9134 67.4046 83.6316 88.6245 62.7763 71.3709 0.9456 25.5439 73.1057 90.0889 106.4966 75.5402 13.971 461.6641 530.8879 530.8879 387.8286 91.6606 209.2542 183.709 68.6825 226.5122 490.1995 213.6067 292.0839 285.2587 120.4893 121.4429 151.6059 263.2897 495.3058;
	3.4941 47.2124 91.4246 116.3892 15.005 18.68 0.0885 19.0034 2.0848 28.8446 53.3188 79.5412 119.7488 31.8551 187.4474 70.6197 87.6208 92.8519 68.1848 70.6642 0.0295 43.5867 73.7612 89.9973 106.4049 75.7464 13.8742 1003.974 466.3292 466.3292 287.5637 91.0573 227.2826 181.89 99.8701 198.9671 802.176 224.2939 126.273 285.013 119.9798 207.2238 136.0901 256.7233 810.532;
	3.3338 45.047 92.9065 118.5232 14.7564 21.2279 3.1345 18.885 11.2703 28.8948 53.4116 79.6796 119.9572 57.8706 191.9659 72.3221 89.7329 95.0901 80.2597 70.5801 1.0448 49.5317 72.7684 89.5977 105.9369 74.8729 13.911 1175.663 563.7638 563.7638 225.5803 66.7073 267.5323 181.6732 181.4321 240.5392 961.9353 203.4735 172.5745 283.7595 122.2184 235.4877 169.5002 281.2357 971.9555;
