function loadprofile = ex_load_profilesh1
%EX_LOAD_PROFILE  Example load profile data file for stochastic unit commitment.
% 2022.03.12
% Andres F. Ramirez

%% define constants
[CT_LABEL, CT_PROB, CT_TABLE, CT_TBUS, CT_TGEN, CT_TBRCH, CT_TAREABUS, ...
    CT_TAREAGEN, CT_TAREABRCH, CT_ROW, CT_COL, CT_CHGTYPE, CT_REP, ...
    CT_REL, CT_ADD, CT_NEWVAL, CT_TLOAD, CT_TAREALOAD, CT_LOAD_ALL_PQ, ...
    CT_LOAD_FIX_PQ, CT_LOAD_DIS_PQ, CT_LOAD_ALL_P, CT_LOAD_FIX_P, ...
    CT_LOAD_DIS_P, CT_TGENCOST, CT_TAREAGENCOST, CT_MODCOST_F, ...
    CT_MODCOST_X] = idx_ct;

loadprofile = struct( ...
    'type', 'mpcData', ...
    'table', CT_TAREALOAD, ...
    'rows', [1:11], ...
    'col', CT_LOAD_ALL_P, ...
    'chgtype', 1, ...
    'values', [] );
loadprofile.values(:,1,:) = [
	1479.8 882.26 1522.8915 512.6763 751.6337 1092.9 807.9885 254.0 498.3328 4140.7742 1617.5901;
	1502.8189 887.4732 1515.7592 513.3 743.9507 1086.3 782.0616 245.8099 483.0 4088.1833 1560.5729;
	1554.1991 900.0456 1551.3214 514.4275 767.1 1099.932 802.7294 244.3924 496.6971 4165.3833 1588.2513;
	1593.651 954.0 1650.871 546.1334 834.5715 1170.3865 855.9185 275.4 531.9589 4379.0497 1641.8685;
	1736.1063 1055.2428 1794.5123 558.9 923.9656 1305.8 963.6 312.3023 634.1951 4876.0603 1944.0342;
	1843.7024 1134.3 1919.8 571.6675 1000.2518 1390.8415 1042.2876 334.9286 692.5129 5475.5347 2141.2337;
	1857.4264 1138.0972 1929.6141 575.3507 1022.3154 1410.6254 1062.3413 341.6635 702.8541 5853.4949 2235.3412;
	1876.6391 1160.1943 1940.7 574.6 1033.5 1421.8487 1089.1704 335.7995 717.5681 6036.8651 2282.132;
	1900.2736 1179.0953 1972.4307 559.2053 1026.9535 1385.0666 1065.3518 335.5273 706.3977 6027.9452 2273.1968;
	1890.6055 1172.1415 1950.7125 548.0304 1038.5338 1367.9023 1032.8455 338.46 691.4561 6023.2 2220.3203;
	1849.3701 1157.4207 1952.9116 539.0298 1010.0904 1325.2086 1048.7619 318.2598 696.8795 6036.6007 2194.4033;
	1848.5007 1138.4506 1911.1 524.4398 985.2927 1305.675 1032.8416 331.6 701.2554 6007.8989 2270.2492;
	1812.8238 1110.8143 1861.477 523.3391 965.4722 1334.8608 1044.8311 324.8 679.0 5997.6534 2308.0478;
	1814.7376 1108.7492 1890.2072 530.9956 941.0181 1330.4282 1072.8601 331.5159 682.3532 6045.7728 2386.5921;
	1815.773 1143.4 1910.1948 547.6 976.456 1386.5568 1061.8393 344.6493 697.7108 6138.4927 2441.4927;
	1823.7131 1099.1 1895.2467 555.4134 985.3916 1374.147 1013.9299 315.5763 663.946 5946.9915 2385.547;
	1821.0078 1091.9163 1855.3335 553.416 975.1349 1346.8294 1028.8373 333.5 666.8262 5788.9412 2465.7666;
	1885.2877 1163.1864 1935.1369 578.4951 1016.0083 1399.3059 1081.6 338.5 704.7971 5716.5173 2607.3348;
	1873.0247 1137.2228 1912.4467 588.976 1007.0 1384.4855 1096.9221 324.9892 708.7 5608.4704 2464.5884;
	1784.9161 1081.7999 1806.276 574.3216 960.1761 1346.6132 1048.7456 304.2537 663.9267 5294.8805 2305.6999;
	1734.3523 1029.4 1717.7698 557.0338 929.1667 1281.3522 992.0348 290.3482 628.7499 5147.0995 2171.4506;
	1639.5027 956.2566 1614.691 557.5505 841.7265 1171.7851 928.8186 263.037 571.0506 4952.0916 2066.5619;
	1611.833 922.6958 1535.5742 547.2 805.9774 1101.9571 861.93 241.647 531.3 4678.6042 1795.4474;
	1542.814 888.1141 1508.9847 549.8095 768.8 1092.1 849.6324 240.0393 511.8311 4491.5709 1720.6119;
];
