function loadprofile = ex_load_profilesh1
%EX_LOAD_PROFILE  Example load profile data file for stochastic unit commitment.
% 2022.03.12
% Andres F. Ramirez

%% define constants
[CT_LABEL, CT_PROB, CT_TABLE, CT_TBUS, CT_TGEN, CT_TBRCH, CT_TAREABUS, ...
    CT_TAREAGEN, CT_TAREABRCH, CT_ROW, CT_COL, CT_CHGTYPE, CT_REP, ...
    CT_REL, CT_ADD, CT_NEWVAL, CT_TLOAD, CT_TAREALOAD, CT_LOAD_ALL_PQ, ...
    CT_LOAD_FIX_PQ, CT_LOAD_DIS_PQ, CT_LOAD_ALL_P, CT_LOAD_FIX_P, ...
    CT_LOAD_DIS_P, CT_TGENCOST, CT_TAREAGENCOST, CT_MODCOST_F, ...
    CT_MODCOST_X] = idx_ct;

loadprofile = struct( ...
    'type', 'mpcData', ...
    'table', CT_TAREALOAD, ...
    'rows', [1:11], ...
    'col', CT_LOAD_ALL_P, ...
    'chgtype', 1, ...
    'values', [] );
loadprofile.values(:,1,:) = [
	1463.3433 868.5547 1457.1648 533.7 745.7 1101.5093 778.0331 211.0232 519.2864 4413.7241 1645.076;
	1446.6173 876.1 1502.0883 538.2 766.4434 1119.8261 807.8387 223.1613 525.3455 4414.6284 1674.0382;
	1419.6725 875.5257 1508.743 529.3992 777.5 1133.5228 800.4159 214.9329 520.9799 4464.0336 1691.4299;
	1507.6628 924.8 1567.0333 546.1626 809.3173 1163.624 830.4675 246.8 551.4381 4600.1755 1760.2857;
	1648.2063 1023.8278 1762.2644 567.3353 915.6646 1309.6794 932.1 290.9881 625.3 5105.523 1963.3808;
	1760.791 1106.4662 1919.81 585.7306 1010.5484 1423.5401 987.1798 332.8618 686.741 5610.2443 2118.8;
	1822.597 1152.4175 1974.5513 553.9338 995.7018 1418.2753 1041.7948 353.7753 718.112 6020.1985 2242.3849;
	1859.7172 1164.0909 1957.0168 539.058 993.9719 1376.1505 1052.0415 343.1125 716.2 6024.614 2204.3513;
	1839.1 1156.0843 1942.9684 533.1725 988.437 1424.3059 1067.0746 342.7459 726.7987 6057.4937 2239.5838;
	1851.1491 1168.5532 1973.0 536.2 997.4761 1447.2425 1108.6417 337.1 724.2969 6047.9286 2217.1033;
	1846.9628 1132.6973 1965.0555 547.4 985.1487 1420.5465 1077.7967 331.0439 700.9173 6078.0583 2165.9203;
	1812.9294 1107.405 1924.1233 541.1246 978.8393 1409.6357 1065.1196 334.9303 694.7284 5895.9357 2088.8781;
	1786.4624 1121.838 1892.5065 522.3937 952.3884 1408.194 1061.5447 330.67 679.193 5920.199 2098.3251;
	1778.0245 1098.8497 1841.9277 525.0094 961.3487 1370.7404 1027.154 318.7953 676.3939 5843.7147 2130.0564;
	1809.0 1079.7823 1860.5538 531.9158 984.1 1346.3721 1004.0811 320.5055 671.8 5889.9942 2198.6715;
	1820.9175 1110.2861 1917.6198 530.8114 1013.7236 1370.6279 1004.2871 329.7272 666.5197 5958.8281 2266.7685;
	1791.6846 1096.6728 1880.7364 519.5825 984.4039 1365.6344 982.7609 319.6908 650.3363 5823.6341 2254.8908;
	1793.3957 1115.3068 1875.5 528.0941 984.3367 1376.5591 954.301 325.8 661.4498 5783.1459 2376.2631;
	1834.5198 1102.4638 1841.2688 525.7682 951.1 1345.0583 963.7111 321.8725 646.1915 5665.1027 2328.7;
	1799.1349 1041.8004 1728.4836 533.5 909.0984 1286.6723 935.3364 290.9233 626.4769 5466.7 2206.5616;
	1728.7718 987.6133 1650.4805 537.1 850.3498 1175.4324 847.274 276.7407 606.0518 5233.1 2036.9523;
	1632.9439 909.7286 1559.7889 515.8 781.6 1096.0167 816.7051 253.894 564.4258 4917.2756 1895.6;
	1633.7647 904.0307 1533.8743 528.7547 772.3914 1103.4596 845.0734 260.8157 547.2979 4796.0 1827.9531;
	1520.317 874.5 1494.405 547.1011 756.5694 1094.0574 818.4553 231.9 517.368 4551.8933 1722.4025;
];
