function windprofile = ex_wind_profilesh1
%EX_WIND_PROFILE_D  Example wind_load_nyiso profile data for deterministic unit commitment.
% 2022.03.12
% Andres F. Ramirez


%% define constants
[GEN_BUS, PG, QG, QMAX, QMIN, VG, MBASE, GEN_STATUS, PMAX, PMIN, ...
    MU_PMAX, MU_PMIN, MU_QMAX, MU_QMIN, PC1, PC2, QC1MIN, QC1MAX, ...
    QC2MIN, QC2MAX, RAMP_AGC, RAMP_10, RAMP_30, RAMP_Q, APF] = idx_gen;
[CT_LABEL, CT_PROB, CT_TABLE, CT_TBUS, CT_TGEN, CT_TBRCH, CT_TAREABUS, ...
    CT_TAREAGEN, CT_TAREABRCH, CT_ROW, CT_COL, CT_CHGTYPE, CT_REP, ...
    CT_REL, CT_ADD, CT_NEWVAL, CT_TLOAD, CT_TAREALOAD, CT_LOAD_ALL_PQ, ...
    CT_LOAD_FIX_PQ, CT_LOAD_DIS_PQ, CT_LOAD_ALL_P, CT_LOAD_FIX_P, ...
    CT_LOAD_DIS_P, CT_TGENCOST, CT_TAREAGENCOST, CT_MODCOST_F, ...
    CT_MODCOST_X] = idx_ct;

windprofile = struct( ...
    'type', 'mpcData', ...
    'table', CT_TGEN, ...
    'rows', [1:45], ...
    'col', PMAX, ...
    'chgtype', 1, ...
    'values', [] );
windprofile.values(:,1,:) = [
	3.9678 53.6134 94.6753 120.3825 15.0865 33.8273 32.2756 18.4453 11.7023 17.1126 31.6323 47.1892 71.0431 49.7682 198.3066 74.7108 92.6968 98.2309 88.8438 68.8272 10.7585 78.9304 26.298 86.421 100.8955 74.8423 13.9661 1282.408 755.9737 755.9737 672.7787 110.9009 296.1461 177.1614 156.0302 322.5488 1137.677 251.8706 466.4091 270.2557 123.7743 375.2575 204.3211 283.0155 1149.5278;
	3.9617 53.5314 94.3302 118.3085 15.1694 34.0948 33.1228 18.132 13.078 14.3737 26.5696 39.6367 59.6728 60.0549 191.2804 72.0638 89.4125 94.7505 87.6097 70.5178 11.0409 79.5546 28.8241 84.1026 97.5642 73.9109 13.8835 1279.8589 780.4814 780.4814 715.8555 114.2504 292.0322 181.513 188.2803 333.0054 1217.6317 244.8458 466.9102 261.3327 124.023 378.2251 210.408 280.9549 1230.3154;
	3.8743 52.3498 90.509 116.2271 15.2262 34.1222 33.3363 18.4415 23.4145 14.8722 27.491 41.0112 61.7421 53.7848 180.0351 67.8272 84.156 89.1802 84.73 69.955 11.1121 79.6185 29.138 86.0971 99.6448 73.2925 13.9796 1268.1662 783.7905 783.7905 718.7951 117.4863 282.4333 180.0644 168.6227 334.4173 1254.4776 268.4628 466.4121 266.9058 123.8184 378.5292 205.131 263.359 1267.5451;
	3.7358 50.479 87.6693 114.9476 14.8993 32.9681 32.1428 18.1976 28.1439 28.9889 53.5855 79.939 120.3477 62.9725 194.3917 73.2359 90.8668 96.2917 85.2276 63.1661 10.7143 76.9255 26.0125 84.9243 98.8432 73.0675 13.8702 1286.0546 785.3586 785.3586 731.7405 115.9818 284.092 162.5898 197.4273 335.0863 1203.5839 289.1676 471.189 264.7585 123.9755 365.7258 172.6204 254.2654 1216.1212;
	3.3824 45.7039 90.0457 117.3458 15.0613 31.4821 31.8946 18.0526 27.7224 29.9948 55.445 82.7131 124.5241 61.6752 197.9835 74.5891 92.5458 98.0709 87.2341 64.6335 10.6315 73.4583 73.2248 87.4847 100.9417 72.3586 13.6146 1285.7911 811.2341 811.2341 757.0736 114.8146 290.7803 166.3669 193.3602 346.1265 1168.5387 310.2225 471.421 270.3795 123.8329 349.2417 185.8329 267.8053 1180.7109;
	3.8469 51.9807 89.379 112.1226 14.7853 32.2535 18.7617 17.6089 26.1618 28.5356 52.7476 78.6891 118.4659 50.8401 196.7121 74.1101 91.9515 97.4411 58.4922 67.5483 6.2539 75.2583 69.768 87.4003 99.5166 72.1346 13.6422 1221.0559 800.7541 800.7541 770.0627 116.2997 194.9742 173.8696 159.3905 341.6551 1192.5097 318.9171 461.765 266.5624 123.523 357.7994 158.4444 264.624 1204.9317;
	3.8301 51.7527 89.8103 112.1021 14.4267 32.3177 13.0594 17.5142 25.7469 28.2093 52.1445 77.7893 117.1113 63.7496 193.0952 72.7475 90.2608 95.6495 82.3818 68.5946 4.3531 75.4079 71.3416 86.2542 100.3613 70.097 13.4106 1246.0343 778.5334 778.5334 727.5028 110.3581 274.606 176.5627 199.8637 332.1742 1145.1442 311.7799 430.5223 268.8248 121.7877 358.5109 170.125 261.9103 1157.0728;
	3.8112 51.4982 91.7879 116.1757 14.9417 33.1913 0.0 17.7648 0.2388 28.0675 51.8824 77.3983 116.5228 40.2503 197.8496 74.5387 92.4832 98.0046 86.1261 68.8711 0.0 77.4464 69.8997 88.3138 100.5523 72.89 13.8103 1216.2137 725.9465 725.9465 700.6598 111.0351 287.0869 177.2743 126.1901 309.7372 1138.9536 303.0473 173.3794 269.3364 121.5321 368.2024 197.3767 269.4923 1150.8177;
	3.6522 49.3499 91.885 112.5275 14.8458 30.3807 0.5016 17.5525 0.0422 27.8359 51.4543 76.7597 115.5613 24.71 193.3612 72.8477 90.3851 95.7812 83.4084 69.0443 0.1672 70.8883 68.6561 87.5012 100.3947 73.175 13.5372 1074.2682 634.2494 634.2494 678.4867 106.1029 278.028 177.7203 77.4693 270.6131 1000.4411 271.3442 91.5485 268.9142 121.1614 337.0231 178.1674 271.7821 1010.8624;
	3.8294 51.7432 90.9469 114.9183 14.8789 28.177 0.8576 18.0595 0.1435 24.329 44.9717 67.089 101.0021 22.2258 188.7885 71.125 88.2477 93.5162 83.2086 68.2163 0.2859 65.7464 48.0113 86.6149 100.8125 73.9218 13.58 870.2139 575.7865 575.7865 570.3072 105.2446 277.3621 175.5889 69.6807 245.6689 806.5881 242.3675 116.7678 270.0334 121.412 312.5774 156.1015 278.1685 814.9901;
	3.5583 48.08 90.5612 111.2418 14.9309 24.833 0.0 17.5282 0.0 26.7978 49.5354 73.8971 111.2516 0.2447 194.5292 73.2877 90.9311 96.3598 73.4185 69.3357 0.0 57.9437 68.7608 87.6364 100.358 69.8175 13.3996 696.6231 570.743 570.743 482.1936 110.9411 244.7283 178.4702 0.7671 243.517 673.6855 199.2678 0.3166 268.8162 118.3845 275.481 143.9077 266.5215 680.7031;
	3.4266 46.3009 90.9617 114.8554 15.086 19.9479 0.0 17.8025 0.0 26.3225 48.6568 72.5864 109.2784 4.9257 195.8953 73.8024 91.5696 97.0365 36.126 69.3659 0.0 46.545 70.2811 86.5103 101.0081 71.2689 13.4616 560.2508 646.4649 646.4649 489.4219 108.2107 120.4201 178.548 15.4428 275.825 736.0979 204.1714 0.706 270.5575 120.4001 221.2884 142.5709 267.9117 743.7656;
	3.717 50.2253 94.4284 117.6249 15.3264 21.5699 0.0656 17.5374 24.0352 24.6923 45.6433 68.0908 102.5103 46.5486 190.2956 71.6928 88.9521 94.2627 51.2806 68.8186 0.0219 50.3297 71.2574 86.2061 100.6028 69.6924 13.5222 454.8675 599.4925 599.4925 462.5865 97.4344 170.9352 177.1393 145.936 255.7835 464.3652 211.4626 1.9751 269.4717 118.0499 239.2818 152.5496 275.2492 469.2023;
	3.7514 50.6893 92.5348 115.7019 15.4133 21.6398 2.3937 17.4925 18.521 22.3024 41.2256 61.5005 92.5887 35.2021 194.8472 73.4075 91.0797 96.5173 55.0979 70.8051 0.7979 50.4928 70.2953 86.2387 98.1624 70.7379 13.2207 435.6665 605.4689 605.4689 465.0988 82.9772 183.6598 182.2525 110.3635 258.3334 571.9768 223.5072 9.7156 262.935 120.8321 240.0571 175.0103 277.6937 577.9349;
	3.7265 50.3533 91.3908 114.6468 15.2592 19.7632 0.2735 17.9687 2.5958 25.2769 46.724 69.703 104.9375 28.2729 185.7412 69.9769 86.8232 92.0067 68.099 69.3146 0.0912 46.114 71.3588 87.127 100.1952 73.6491 13.4213 332.4982 590.5975 590.5975 420.2463 75.3938 226.9966 178.416 88.6394 251.9883 480.8258 217.6752 2.0927 268.3799 122.7904 219.2392 171.6092 258.8933 485.8344;
	3.5584 48.0823 88.7079 115.0986 15.1982 10.66 1.8288 18.141 2.8253 28.0209 51.7961 77.2696 116.329 26.7299 177.3901 66.8307 82.9196 87.87 65.4296 69.1189 0.6096 24.8732 72.625 86.3414 100.4147 71.5952 13.5401 396.18 535.631 535.631 441.4901 92.5958 218.0987 177.9121 83.802 228.5359 464.3515 221.2638 38.9839 268.968 120.9922 118.2544 170.0563 251.7091 469.1885;
	3.5243 47.6215 90.7084 112.0353 15.0287 18.7824 4.8333 18.224 3.2953 28.9765 53.5626 79.9048 120.2963 35.4359 178.7116 67.3286 83.5373 88.5246 68.011 69.4905 1.6111 43.8255 73.2873 85.7583 101.7791 71.5706 13.7829 931.6804 504.5243 504.5243 347.8557 90.0175 226.7032 178.8688 111.0964 215.2637 849.4845 233.1788 112.716 272.6226 120.5633 208.3591 143.4061 251.109 858.3333;
	3.3539 45.3181 92.4809 115.9875 15.0679 23.6418 1.923 18.2733 0.0 29.0059 53.617 79.986 120.4185 59.448 187.8178 70.7593 87.7939 93.0353 82.6532 69.9425 0.641 55.1641 72.5907 85.3623 98.8639 72.0851 13.6434 1211.2762 615.3275 615.3275 257.3733 67.0325 275.5107 180.0321 186.3775 262.5397 1085.7408 208.367 130.8871 264.8139 118.9778 262.266 186.316 266.3587 1097.0506;
