function loadprofile = ex_load_profilesh1
%EX_LOAD_PROFILE  Example load profile data file for stochastic unit commitment.
% 2022.03.12
% Andres F. Ramirez

%% define constants
[CT_LABEL, CT_PROB, CT_TABLE, CT_TBUS, CT_TGEN, CT_TBRCH, CT_TAREABUS, ...
    CT_TAREAGEN, CT_TAREABRCH, CT_ROW, CT_COL, CT_CHGTYPE, CT_REP, ...
    CT_REL, CT_ADD, CT_NEWVAL, CT_TLOAD, CT_TAREALOAD, CT_LOAD_ALL_PQ, ...
    CT_LOAD_FIX_PQ, CT_LOAD_DIS_PQ, CT_LOAD_ALL_P, CT_LOAD_FIX_P, ...
    CT_LOAD_DIS_P, CT_TGENCOST, CT_TAREAGENCOST, CT_MODCOST_F, ...
    CT_MODCOST_X] = idx_ct;

loadprofile = struct( ...
    'type', 'mpcData', ...
    'table', CT_TAREALOAD, ...
    'rows', [1:11], ...
    'col', CT_LOAD_ALL_P, ...
    'chgtype', 1, ...
    'values', [] );
loadprofile.values(:,1,:) = [
	1368.3387 857.2844 1483.2499 522.8607 686.134 1098.3509 813.737 251.6203 495.9851 4397.8557 1653.2715;
	1383.5123 863.813 1490.186 507.4272 702.6 1073.4919 824.1967 237.6735 490.8137 4389.0561 1652.2058;
	1420.8183 895.8514 1528.9 519.7973 723.1 1097.1311 825.9 249.786 501.829 4360.0148 1664.5367;
	1449.4189 930.1886 1605.5767 526.9893 736.9217 1145.3 898.7261 269.7 534.3683 4612.3858 1791.4084;
	1565.0663 1021.4331 1757.8788 551.3 853.9508 1308.3 968.0613 298.6678 605.2792 5007.3746 1991.2682;
	1722.5515 1101.1142 1883.4 559.8345 938.8979 1399.4235 1023.1597 330.5 674.3182 5570.829 2184.4014;
	1749.817 1130.649 1899.8897 562.9494 941.2722 1385.6866 1049.1073 323.5 680.8679 5836.9 2226.5223;
	1749.1496 1175.6054 1942.1639 555.3105 958.3329 1366.7897 1080.2035 318.0459 690.1491 6094.273 2221.0695;
	1784.5442 1186.3881 1990.8911 534.8854 943.0121 1342.3598 1093.3949 328.1 686.2107 6233.3 2219.9674;
	1831.9193 1191.7086 1970.6765 529.6241 933.6315 1304.0273 1084.4239 332.9004 656.4798 6230.3034 2092.0607;
	1776.7675 1167.8884 1922.3942 535.0351 899.6495 1245.9644 1045.3075 321.1968 653.1064 6206.7848 2027.9553;
	1753.755 1161.5 1870.6912 517.0121 873.0529 1218.598 1018.6503 303.6 623.1745 6080.5859 1970.9799;
	1735.0431 1141.9 1863.8222 518.9 885.4575 1226.569 1003.6136 308.0 608.4237 6105.7877 2057.9789;
	1787.0 1152.1774 1867.0244 517.7574 896.0074 1274.5874 1066.5514 318.8538 647.5681 6190.4334 2172.6785;
	1786.1928 1142.9842 1820.9461 528.3741 880.6904 1317.0935 1049.846 321.5288 648.3139 6142.717 2259.1582;
	1773.6789 1131.2893 1844.1016 524.8 913.8105 1349.3 1096.1302 330.7327 669.8427 6313.8502 2347.0786;
	1786.5126 1111.1931 1831.0019 519.2443 888.4983 1328.7 1066.6712 337.5624 678.0798 6028.9279 2307.0785;
	1792.1101 1140.7108 1888.7606 544.8683 933.5505 1380.7584 1110.3425 332.6218 701.0655 5889.807 2331.0438;
	1837.8181 1159.6293 1896.0159 556.0345 950.6431 1360.085 1128.3561 337.8695 685.5 5841.7889 2320.6287;
	1807.7329 1097.3 1826.7167 560.6274 897.3978 1302.4 1104.201 316.2227 653.7 5605.0173 2240.7834;
	1709.1811 1029.4 1736.3983 546.9 827.1931 1228.1375 1022.1812 297.147 597.1802 5459.7157 2122.3697;
	1599.1607 968.7 1638.4031 507.7906 756.3371 1127.5519 943.7 272.7593 560.9 5115.6335 1937.9656;
	1520.3897 935.0659 1569.1713 533.7482 725.1494 1133.7 913.2552 266.5 524.4962 4798.3074 1852.1118;
	1509.7034 897.283 1523.8379 518.2418 708.8 1087.4097 849.7457 260.8293 506.535 4648.6482 1777.5383;
];
