function windprofile = ex_wind_profilesh1
%EX_WIND_PROFILE_D  Example wind_load_nyiso profile data for deterministic unit commitment.
% 2022.03.12
% Andres F. Ramirez


%% define constants
[GEN_BUS, PG, QG, QMAX, QMIN, VG, MBASE, GEN_STATUS, PMAX, PMIN, ...
    MU_PMAX, MU_PMIN, MU_QMAX, MU_QMIN, PC1, PC2, QC1MIN, QC1MAX, ...
    QC2MIN, QC2MAX, RAMP_AGC, RAMP_10, RAMP_30, RAMP_Q, APF] = idx_gen;
[CT_LABEL, CT_PROB, CT_TABLE, CT_TBUS, CT_TGEN, CT_TBRCH, CT_TAREABUS, ...
    CT_TAREAGEN, CT_TAREABRCH, CT_ROW, CT_COL, CT_CHGTYPE, CT_REP, ...
    CT_REL, CT_ADD, CT_NEWVAL, CT_TLOAD, CT_TAREALOAD, CT_LOAD_ALL_PQ, ...
    CT_LOAD_FIX_PQ, CT_LOAD_DIS_PQ, CT_LOAD_ALL_P, CT_LOAD_FIX_P, ...
    CT_LOAD_DIS_P, CT_TGENCOST, CT_TAREAGENCOST, CT_MODCOST_F, ...
    CT_MODCOST_X] = idx_ct;

windprofile = struct( ...
    'type', 'mpcData', ...
    'table', CT_TGEN, ...
    'rows', [1:45], ...
    'col', PMAX, ...
    'chgtype', 1, ...
    'values', [] );
windprofile.values(:,1,:) = [
	4.0246 54.3818 94.7494 120.7691 15.2356 34.247 31.4287 18.6143 7.656 16.5087 30.516 45.5239 68.5359 52.4497 198.109 74.6364 92.6045 98.1331 87.417 66.3477 10.4762 79.9096 24.0359 90.1584 106.2993 75.6596 13.7469 1242.2793 765.9821 765.9821 698.5553 112.8252 291.39 170.7791 164.4368 326.819 1124.5431 279.7171 456.0166 284.7302 121.907 379.9129 211.8668 284.5794 1136.2571;
	3.9829 53.8179 94.8602 120.293 15.0968 34.2396 32.0966 18.1892 0.9705 11.7269 21.6769 32.3377 48.6843 62.3527 187.6747 70.7054 87.727 92.9645 85.5514 68.0068 10.6989 79.8924 0.0 89.7793 105.668 75.2256 13.2536 1231.1092 771.1417 771.1417 698.3224 113.9881 285.1715 175.0496 195.4842 329.0205 1198.3079 271.492 445.6078 283.0394 121.7501 379.8315 210.4596 283.5763 1210.7902;
	3.9239 53.0201 93.1103 118.1617 14.9607 34.1073 32.6481 18.4446 20.4141 5.817 10.7527 16.0408 24.1494 59.154 161.1913 60.7279 75.3476 79.8459 89.5552 68.4204 10.8827 79.5837 0.0 89.1001 105.0098 74.5497 13.5297 1161.0567 769.8058 769.8058 693.0431 112.0553 298.5173 176.1144 185.4556 328.4505 1179.7716 304.208 448.9401 281.2762 119.4977 378.3636 211.575 273.5174 1192.0609;
	3.816 51.5622 91.561 117.5147 14.9845 32.3101 31.1936 18.018 26.914 26.5748 49.123 73.2819 110.3255 62.9299 193.6733 72.9653 90.531 95.9358 88.1347 61.5679 10.3979 75.3903 0.0 87.45 103.9848 73.61 13.2822 1190.5452 755.4633 755.4633 731.0518 112.8872 293.7823 158.476 197.2937 322.331 1109.9623 321.0705 441.5482 278.5307 121.2484 358.4271 170.4866 269.2667 1121.5244;
	3.3931 45.8484 92.1949 115.4377 15.1411 28.997 30.1765 18.2775 26.5124 26.8208 49.5778 73.9603 111.3468 58.2666 191.5101 72.1503 89.5198 94.8643 86.7514 65.8921 10.0588 67.6596 64.6285 85.335 103.5929 71.8811 13.4257 1239.2331 773.8828 773.8828 731.3061 111.8899 289.1714 169.6063 182.6737 330.19 1081.6651 327.8094 443.7363 277.481 121.8187 321.6732 173.8865 273.0488 1092.9324;
	3.7596 50.8 89.8078 114.3964 14.8299 31.0197 17.8588 17.7884 25.4383 26.1458 48.3301 72.099 108.5446 46.4052 185.7961 69.9976 86.8489 92.0339 47.0675 65.965 5.9529 72.3794 66.0262 84.6302 100.7175 71.2032 13.5382 1119.7028 773.1075 773.1075 741.3768 112.4925 156.8917 169.794 145.4864 329.8592 1067.3047 317.6763 455.0695 269.779 119.1995 344.1124 148.0175 259.7974 1078.4225;
	3.823 51.657 93.3189 119.8937 14.9612 33.1621 13.6419 18.8529 26.0433 28.3394 52.385 78.1481 117.6516 63.451 185.7033 69.9626 86.8055 91.9879 78.5846 68.3788 4.5473 77.3783 68.7303 88.1983 105.6528 72.1593 14.0625 1178.8147 776.1235 776.1235 705.6646 112.874 261.9486 176.0072 198.9275 331.146 1083.0965 318.8647 439.0246 282.9985 122.022 367.8787 173.8001 270.5554 1094.3788;
	3.8709 52.3047 94.2594 118.0489 14.8354 32.6612 1.6652 18.3801 0.8245 27.7165 51.2336 76.4304 115.0656 37.5309 170.0183 64.0534 79.4737 84.2184 70.4413 66.545 0.5551 76.2095 69.5558 87.8574 104.042 72.1512 13.925 1196.3498 757.0391 757.0391 670.2307 112.2118 234.8044 171.2869 117.6643 323.0033 1110.2197 307.8247 175.1527 278.6838 121.3819 362.3216 193.7666 278.2437 1121.7845;
	3.9011 52.7131 92.4674 118.5613 15.3004 30.578 0.3497 17.911 1.8952 27.6865 51.178 76.3476 114.9409 23.0561 173.1046 65.2161 80.9163 85.7472 71.1713 68.9772 0.1166 71.3486 69.8469 85.5536 101.488 70.9854 13.5212 1111.7462 651.9969 651.9969 643.5266 111.7627 237.2378 177.5474 72.2841 278.1853 993.0861 282.8886 73.476 271.8428 120.6938 339.2117 183.2373 281.9785 1003.4307;
	3.8906 52.5701 90.6456 117.9867 15.194 30.6913 1.8845 18.3696 2.1613 24.4156 45.1318 67.3278 101.3616 18.6166 187.6906 70.7114 87.7345 92.9723 83.9465 70.283 0.6282 71.6129 44.4313 86.6473 102.5052 73.7036 13.3128 1001.2106 564.3928 564.3928 516.5667 107.0871 279.8215 180.9086 58.3655 240.8076 772.0073 235.3056 167.2544 274.5675 119.7311 340.4684 160.5646 281.9204 780.049;
	3.7611 50.8211 90.3367 117.4774 14.9429 25.2777 1.9236 18.269 2.4796 27.9746 51.7106 77.1421 116.137 6.1528 191.5683 72.1723 89.5471 94.8932 75.6956 70.8271 0.6412 58.9814 71.5037 89.2219 103.5599 71.1211 13.6809 805.655 642.9886 642.9886 512.7965 114.268 252.3188 182.3092 19.2898 274.3418 734.367 203.5628 162.2885 277.3925 122.2672 280.4143 146.0056 270.9214 742.0167;
	3.5186 47.5437 89.3598 115.3255 14.7382 18.0678 0.4312 17.7605 3.9499 26.556 49.0884 73.2303 110.2478 4.226 200.0714 75.3758 93.5218 99.1052 38.9298 72.5494 0.1437 42.1582 70.2813 87.42 101.5607 71.1519 13.3206 570.8875 646.2991 646.2991 492.5872 115.644 129.7662 186.7424 13.2492 275.7543 752.1136 211.3139 118.4747 272.0375 122.5779 200.4322 130.9045 271.4949 759.9481;
	3.8973 52.6613 92.9069 115.1284 14.7826 19.246 0.0 18.022 25.8207 21.9049 40.491 60.4046 90.9387 47.4778 196.8079 74.1462 91.9963 97.4886 53.7049 71.5236 0.0 44.9073 68.6226 86.4506 102.963 71.618 14.0148 556.9474 622.4915 622.4915 487.1365 108.2567 179.0162 184.102 148.8492 265.5964 535.2228 226.2708 55.789 275.7936 123.4011 213.5022 138.5954 276.5646 540.7981;
	3.8503 52.0257 92.4606 114.7323 15.1281 20.4571 0.0 17.9643 19.0257 21.7342 40.1753 59.9337 90.2298 36.3934 200.6515 75.5943 93.7929 99.3925 52.4523 72.2811 0.0 47.7332 67.3253 87.7667 102.7607 70.5308 13.9851 432.3784 620.6742 620.6742 469.8792 95.0745 174.8411 186.0516 114.0983 264.821 628.2216 240.1865 55.6207 275.252 122.2569 226.937 156.3849 263.8483 634.7655;
	3.8874 52.5269 90.2684 113.8236 14.8686 17.9871 0.0049 17.7265 1.2557 24.3815 45.0688 67.2338 101.2201 30.9314 187.5395 70.6544 87.6638 92.8975 57.8892 70.1387 0.0016 41.9699 69.4676 86.8362 102.5671 72.4824 13.8265 313.9882 607.9394 607.9394 457.1131 86.3791 192.9641 180.5373 96.9742 259.3875 534.1766 247.2347 4.3612 274.7332 123.0515 199.5368 158.4981 248.9276 539.741;
	3.5214 47.5824 89.3648 114.8269 14.6419 9.2468 0.2942 17.906 2.4696 27.4046 50.6569 75.5702 113.7705 25.216 169.2919 63.7798 79.1341 83.8586 51.1227 68.428 0.0981 21.5759 70.0546 85.5892 101.2201 70.7259 13.8698 370.4418 508.8578 508.8578 406.3518 89.6799 170.409 176.1338 79.0555 217.1127 442.529 222.4753 14.0768 271.1253 122.6158 102.5781 148.4445 244.2596 447.1386;
	3.565 48.1711 89.3176 116.891 15.0246 17.231 0.7385 18.3465 3.1134 29.4307 54.4021 81.1573 122.1818 33.911 186.9855 70.4457 87.4048 92.623 59.5832 70.4199 0.2462 40.2056 73.904 86.0126 103.6816 72.2887 13.8256 841.8187 411.9629 411.9629 277.162 84.3469 198.6108 181.261 106.3155 175.7708 719.3801 225.8021 100.388 277.7185 123.8363 191.1487 131.2274 239.3018 726.8736;
	3.3161 44.8076 90.1741 115.7342 14.8694 20.2949 3.8053 18.2123 17.1733 29.8311 55.1423 82.2615 123.8442 59.784 190.1785 71.6486 88.8974 94.2047 78.3033 71.5508 1.2684 47.3548 74.7449 85.3005 99.9249 74.564 13.8546 1103.5357 560.6412 560.6412 208.6087 59.1318 261.0109 184.172 187.431 239.2069 947.7448 198.9932 130.9364 267.656 124.0669 225.1384 171.4403 264.8843 957.6171;
