function windprofile = ex_wind_profilesh1
%EX_WIND_PROFILE_D  Example wind_load_nyiso profile data for deterministic unit commitment.
% 2022.03.12
% Andres F. Ramirez


%% define constants
[GEN_BUS, PG, QG, QMAX, QMIN, VG, MBASE, GEN_STATUS, PMAX, PMIN, ...
    MU_PMAX, MU_PMIN, MU_QMAX, MU_QMIN, PC1, PC2, QC1MIN, QC1MAX, ...
    QC2MIN, QC2MAX, RAMP_AGC, RAMP_10, RAMP_30, RAMP_Q, APF] = idx_gen;
[CT_LABEL, CT_PROB, CT_TABLE, CT_TBUS, CT_TGEN, CT_TBRCH, CT_TAREABUS, ...
    CT_TAREAGEN, CT_TAREABRCH, CT_ROW, CT_COL, CT_CHGTYPE, CT_REP, ...
    CT_REL, CT_ADD, CT_NEWVAL, CT_TLOAD, CT_TAREALOAD, CT_LOAD_ALL_PQ, ...
    CT_LOAD_FIX_PQ, CT_LOAD_DIS_PQ, CT_LOAD_ALL_P, CT_LOAD_FIX_P, ...
    CT_LOAD_DIS_P, CT_TGENCOST, CT_TAREAGENCOST, CT_MODCOST_F, ...
    CT_MODCOST_X] = idx_ct;

windprofile = struct( ...
    'type', 'mpcData', ...
    'table', CT_TGEN, ...
    'rows', [1:45], ...
    'col', PMAX, ...
    'chgtype', 1, ...
    'values', [] );
windprofile.values(:,1,:) = [
	4.0021 54.0767 91.1681 117.3958 15.2876 34.2013 30.6651 18.5541 10.4706 15.7483 29.1105 43.4272 65.3794 53.258 202.6888 76.3618 94.7452 100.4016 85.9614 68.6979 10.2217 79.803 22.5493 86.8808 103.1204 73.3657 14.0528 1264.0042 791.3708 791.3708 736.9384 109.6645 286.5382 176.8284 166.9711 337.6515 1146.6682 248.3424 468.0006 276.2153 120.1751 379.406 213.9811 268.2964 1158.6127;
	3.9269 53.0615 90.0126 114.3591 15.3369 33.9138 31.6116 18.8824 12.4242 13.5824 25.1069 37.4545 56.3876 62.5124 193.8625 73.0366 90.6195 96.0296 83.3223 70.2634 10.5372 79.1322 28.2126 84.8464 100.0275 74.6031 14.0144 1260.5723 781.0935 781.0935 731.643 113.8652 277.7411 180.8583 195.9848 333.2666 1192.817 234.9164 468.7602 267.9308 118.1825 376.2171 212.9121 274.3938 1205.2421;
	3.8589 52.1419 87.0489 110.0374 15.2201 33.9045 31.6683 18.7801 21.5348 4.7929 8.8595 13.2167 19.8976 62.3651 172.331 64.9247 80.5547 85.364 78.7485 69.3743 10.5561 79.1105 22.5771 83.5224 97.7772 72.6098 13.9317 1239.9113 761.7795 761.7795 724.4914 112.5922 262.4951 178.5697 195.5229 325.0259 1210.6145 263.3184 465.0265 261.9031 116.9486 376.1141 211.7673 260.3634 1223.2251;
	3.7126 50.1655 86.9345 112.4405 15.2831 32.6484 30.6292 18.9088 27.8403 26.4841 48.9555 73.032 109.9493 64.8119 196.7359 74.1191 91.9626 97.4529 83.8408 66.2609 10.2097 76.1796 13.3558 82.6487 96.9129 71.9183 13.9727 1246.2196 753.0837 753.0837 686.9999 112.2375 279.4693 170.5557 203.1941 321.3157 1135.1073 269.9071 478.1524 259.5881 120.6409 362.1798 175.146 259.8527 1146.9313;
	3.2058 43.317 86.2931 111.0875 15.2154 28.2366 30.1659 18.8586 27.5113 28.533 52.7429 78.682 118.4553 63.486 200.6235 75.5837 93.7798 99.3786 75.6613 68.3235 10.0553 65.8855 70.7765 83.0338 96.7524 70.1546 13.8589 1233.6456 725.0484 725.0484 620.6137 111.0537 252.2045 175.8648 199.0371 309.354 1038.1408 257.4884 475.965 259.1583 122.7815 313.2384 175.0514 258.4496 1048.9547;
	3.64 49.185 84.6743 102.1824 14.5742 30.5223 17.7866 17.981 26.4094 26.6649 49.2896 73.5304 110.6996 50.7711 200.3992 75.4992 93.675 99.2675 54.5498 69.0703 5.9289 71.2186 69.6797 83.3533 96.122 69.8322 13.7332 1221.1019 754.2609 754.2609 595.717 113.2289 181.8326 177.787 159.1743 321.818 1146.0896 269.3704 470.0557 257.4696 122.137 338.5935 148.5322 257.6801 1158.0281;
	3.6994 49.9873 86.5552 110.6751 14.9915 32.071 13.2825 17.779 26.2865 28.4735 52.6329 78.5179 118.2083 66.0046 200.8314 75.662 93.877 99.4816 84.7109 71.8732 4.4275 74.8322 69.4063 85.8847 98.0045 70.0939 13.5879 1285.4441 766.7037 766.7037 640.5611 114.2809 282.3696 185.0019 206.9332 327.1269 1165.8701 282.689 443.8335 262.5121 122.6783 355.7739 169.2719 260.1295 1178.0146;
	3.7584 50.7845 86.4719 111.3712 14.3757 27.3796 0.0 17.7207 0.1709 26.2033 48.4363 72.2575 108.7832 41.871 199.6026 75.1991 93.3026 98.8729 81.1981 71.0472 0.0 63.8858 68.6291 84.2033 96.5123 69.8726 13.486 1293.5487 732.3473 732.3473 591.6127 119.7819 270.6605 182.8758 131.2711 312.4682 1199.6989 298.5524 174.2452 258.515 120.3539 303.7316 179.5539 243.9924 1212.1957;
	3.7454 50.6084 89.7484 116.3097 14.2929 30.3605 0.5638 18.6868 0.7232 27.4037 50.6553 75.5677 113.7668 22.7063 201.8669 76.0522 94.361 99.9945 84.3063 71.9751 0.1879 70.8411 67.9308 85.4173 99.6474 69.8436 13.8694 1217.7099 627.8124 627.8124 613.6523 119.6141 281.0209 185.2642 71.1874 267.8666 998.4177 279.3917 16.924 266.9126 122.4248 336.7986 170.6735 262.1451 1008.8179;
	3.8784 52.4059 93.2789 120.754 14.7868 30.3796 0.763 19.1862 7.2934 24.9343 46.0908 68.7583 103.5153 20.7783 196.1446 73.8963 91.6862 97.16 83.101 71.5346 0.2543 70.8857 46.1053 89.5309 106.4727 73.0043 14.0511 1051.2112 559.4943 559.4943 516.0955 117.8692 277.0032 184.1302 65.1429 238.7176 810.7611 243.0622 15.7482 285.1946 123.2851 337.011 149.2388 278.2727 819.2065;
	3.6809 49.7374 92.3489 120.1148 14.8459 25.9967 2.5443 18.9416 4.7889 28.0858 51.9162 77.4488 116.5987 10.0929 200.7037 75.6139 93.8173 99.4183 79.0346 71.0834 0.8481 60.659 70.7468 89.9089 106.0763 70.622 13.8502 881.0618 621.1404 621.1404 509.7601 120.6324 263.4487 182.9688 31.6427 265.0199 765.8455 220.167 60.3715 284.1329 122.4755 288.3903 135.0576 266.2973 773.8231;
	3.4735 46.9344 92.2133 119.0808 14.7021 20.0658 4.8808 18.9675 7.0337 26.8925 49.7103 74.158 111.6445 0.3395 202.9144 76.4468 94.8507 100.5134 41.1197 71.7691 1.6269 46.8201 71.3797 89.1857 104.6977 71.7099 13.8247 639.9435 695.7582 695.7582 511.821 119.0398 137.0656 184.7338 1.0643 296.8568 810.8898 220.493 151.8101 280.4403 122.7334 222.5961 127.1488 275.4859 819.3366;
	3.762 50.8329 94.4787 119.9088 15.0015 23.6093 11.4326 19.0675 26.7999 23.6244 43.6694 65.1461 98.0772 50.3849 201.8791 76.0568 94.3667 100.0006 60.8462 71.6892 3.8109 55.0884 70.9014 89.49 105.6388 74.9217 14.0444 670.3695 690.4166 690.4166 558.7556 113.9668 202.8207 184.5282 157.9634 294.5777 627.7766 238.9811 305.3015 282.9611 123.7039 261.9059 136.3369 279.4728 634.316;
	3.656 49.4004 93.3049 118.696 14.5534 22.6468 6.1379 19.066 20.6674 22.7386 42.032 62.7035 94.3998 34.96 202.5494 76.3093 94.6801 100.3326 56.0987 73.0338 2.046 52.8425 70.2137 88.6572 104.5175 74.5249 14.0479 534.4591 683.7013 683.7013 498.1952 100.3866 186.9957 187.9893 109.6043 291.7125 687.6733 246.5212 134.7361 279.9576 122.3518 251.2284 151.1353 267.483 694.8365;
	3.7515 50.6908 92.9634 119.1437 14.7993 22.4324 6.4382 19.0273 8.97 25.0863 46.3717 69.1774 104.1462 24.5087 198.1087 74.6363 92.6043 98.1329 69.5457 71.0426 2.1461 52.3424 72.2 88.8686 104.8214 72.93 14.044 413.6621 672.0083 672.0083 452.9908 90.4572 231.8189 182.8638 76.8381 286.7236 619.7689 245.0698 251.0496 280.7717 117.2151 248.8506 161.616 248.8563 626.2248;
	3.3634 45.4472 92.4916 120.099 14.4454 10.9096 7.0819 19.127 8.7607 27.4443 50.7305 75.6799 113.9356 21.3742 190.6312 71.8192 89.109 94.429 61.6161 70.4703 2.3606 25.4557 71.2267 88.9623 105.7888 73.7561 14.0722 441.6993 557.3008 557.3008 427.218 93.1631 205.3869 181.3908 67.0109 237.7817 507.3374 224.6935 109.4028 283.3629 120.7151 121.0237 148.0769 246.8828 512.6222;
	3.1238 42.2089 90.7778 115.9592 14.6838 19.2634 12.8912 18.9393 12.4996 28.2183 52.1611 77.8141 117.1488 30.4816 195.0942 73.5006 91.1952 96.6397 64.7137 71.7081 4.2971 44.948 70.2866 86.596 104.9481 72.2046 13.8877 985.9489 476.1349 476.1349 297.2863 92.7613 215.7122 184.5769 95.5639 203.1509 854.7487 232.6145 127.4009 281.111 121.1197 213.6957 121.0357 237.3541 863.6524;
	2.9554 39.9346 89.7602 117.4763 14.6149 21.8992 16.5823 18.6433 3.4388 28.0262 51.8059 77.2842 116.351 56.2514 187.4441 70.6185 87.6192 92.8502 70.1804 70.6359 5.5274 51.0981 69.0493 86.7721 103.0978 71.5073 13.5408 1174.0387 572.0825 572.0825 227.4289 67.8955 233.9345 181.8171 176.3557 244.0885 1010.9774 218.0081 133.6917 276.1547 117.9297 242.9349 169.907 260.1996 1021.5084;
