function loadprofile = ex_load_profilesh1
%EX_LOAD_PROFILE  Example load profile data file for stochastic unit commitment.
% 2022.03.12
% Andres F. Ramirez

%% define constants
[CT_LABEL, CT_PROB, CT_TABLE, CT_TBUS, CT_TGEN, CT_TBRCH, CT_TAREABUS, ...
    CT_TAREAGEN, CT_TAREABRCH, CT_ROW, CT_COL, CT_CHGTYPE, CT_REP, ...
    CT_REL, CT_ADD, CT_NEWVAL, CT_TLOAD, CT_TAREALOAD, CT_LOAD_ALL_PQ, ...
    CT_LOAD_FIX_PQ, CT_LOAD_DIS_PQ, CT_LOAD_ALL_P, CT_LOAD_FIX_P, ...
    CT_LOAD_DIS_P, CT_TGENCOST, CT_TAREAGENCOST, CT_MODCOST_F, ...
    CT_MODCOST_X] = idx_ct;

loadprofile = struct( ...
    'type', 'mpcData', ...
    'table', CT_TAREALOAD, ...
    'rows', [1:11], ...
    'col', CT_LOAD_ALL_P, ...
    'chgtype', 1, ...
    'values', [] );
loadprofile.values(:,1,:) = [
	1468.414 917.6299 1533.0849 551.4133 771.1316 1101.0648 836.8372 218.4051 491.4544 4481.1897 1686.7884;
	1457.1393 903.8046 1517.7876 548.6462 753.945 1090.9 838.0853 208.6542 479.9 4435.5495 1664.3313;
	1485.7 910.2176 1550.2864 547.4561 763.4429 1095.2621 842.3648 220.8 483.6829 4439.422 1682.5;
	1552.8366 972.2 1625.5898 550.7829 809.1699 1145.0119 879.5031 231.5 531.0763 4638.4433 1801.3533;
	1656.43 1068.0 1834.2741 575.9 940.4 1298.7573 988.4511 284.1 604.2338 5139.4381 2038.7936;
	1723.3107 1099.2573 1900.6469 569.6841 994.2362 1344.353 1018.5065 254.6429 651.5169 5516.5 2099.2952;
	1800.1 1133.8244 1937.5594 545.5 1016.247 1325.7415 1054.4776 292.6351 682.0907 5852.7 2208.3992;
	1842.9694 1160.2851 1932.1 524.3084 996.3081 1218.5699 1023.0919 283.8291 690.0707 5988.2074 2214.9431;
	1876.0294 1155.2254 1963.3047 507.1641 1005.3253 1242.5614 1004.3632 286.9452 714.4147 6069.6933 2294.122;
	1900.7728 1178.3 1973.8153 503.0232 998.2 1189.7391 1036.2573 295.385 700.8912 6078.6412 2295.9046;
	1852.7569 1124.9 1922.6469 473.2103 969.5637 1173.9461 1030.7526 267.2599 689.7693 6059.4 2254.7729;
	1837.2893 1122.1765 1907.6454 475.4 958.6 1170.9882 1017.8661 264.3049 687.7702 6090.371 2255.673;
	1855.6163 1134.3718 1909.3447 509.1701 946.0826 1191.9366 985.7338 269.4369 675.8021 5987.1406 2270.9698;
	1787.0205 1089.3295 1884.924 507.1548 953.65 1178.761 1020.457 257.0051 665.5 6040.7595 2261.5462;
	1792.3 1112.8438 1889.5017 528.1 960.1 1212.6313 994.6904 251.7257 678.2 6085.5624 2244.256;
	1772.2078 1086.4785 1910.9859 534.2 964.7 1230.3881 987.2153 269.7242 666.7387 6119.2295 2250.6849;
	1797.7 1127.4118 1986.8839 527.8761 977.0872 1263.2338 1007.3192 301.3213 681.4 6158.6075 2301.7198;
	1873.7009 1155.6978 1938.0313 535.6 983.5717 1281.0351 1044.4612 293.0165 702.6699 6108.1649 2386.4;
	1888.3161 1126.7 1915.8292 538.9 1001.0985 1324.1 1039.3 310.5225 684.0997 5989.5422 2382.3086;
	1849.2232 1060.0791 1828.8097 548.2597 964.2942 1262.7319 997.9224 272.016 626.9 5702.012 2216.4573;
	1737.9993 995.9069 1730.8783 534.9 897.6888 1200.1571 949.1566 244.7423 591.4 5508.7932 2068.5651;
	1656.5857 928.3623 1594.6806 520.2596 835.9873 1115.7786 870.325 231.8492 540.1442 5454.9078 1933.427;
	1694.6065 898.8394 1612.9 526.388 803.3698 1104.4 870.7 244.9 518.3181 5176.3024 1935.2002;
	1587.0 893.0614 1572.8382 541.0493 757.2376 1106.0909 854.4336 230.1662 500.2126 4857.7471 1795.2389;
];
