function windprofile = ex_wind_profilesh1
%EX_WIND_PROFILE_D  Example wind_load_nyiso profile data for deterministic unit commitment.
% 2022.03.12
% Andres F. Ramirez


%% define constants
[GEN_BUS, PG, QG, QMAX, QMIN, VG, MBASE, GEN_STATUS, PMAX, PMIN, ...
    MU_PMAX, MU_PMIN, MU_QMAX, MU_QMIN, PC1, PC2, QC1MIN, QC1MAX, ...
    QC2MIN, QC2MAX, RAMP_AGC, RAMP_10, RAMP_30, RAMP_Q, APF] = idx_gen;
[CT_LABEL, CT_PROB, CT_TABLE, CT_TBUS, CT_TGEN, CT_TBRCH, CT_TAREABUS, ...
    CT_TAREAGEN, CT_TAREABRCH, CT_ROW, CT_COL, CT_CHGTYPE, CT_REP, ...
    CT_REL, CT_ADD, CT_NEWVAL, CT_TLOAD, CT_TAREALOAD, CT_LOAD_ALL_PQ, ...
    CT_LOAD_FIX_PQ, CT_LOAD_DIS_PQ, CT_LOAD_ALL_P, CT_LOAD_FIX_P, ...
    CT_LOAD_DIS_P, CT_TGENCOST, CT_TAREAGENCOST, CT_MODCOST_F, ...
    CT_MODCOST_X] = idx_ct;

windprofile = struct( ...
    'type', 'mpcData', ...
    'table', CT_TGEN, ...
    'rows', [1:45], ...
    'col', PMAX, ...
    'chgtype', 1, ...
    'values', [] );
windprofile.values(:,1,:) = [
	3.9276 53.0704 90.1464 117.7537 15.2266 34.4035 31.2904 17.7585 10.3509 16.9792 31.3858 46.8215 70.4895 58.304 200.1483 75.4047 93.5577 99.1432 92.1991 69.7448 10.4301 80.2748 23.3103 85.1989 101.6228 72.4806 13.5882 1252.5223 818.9786 818.9786 769.2034 118.6453 307.3303 179.5234 182.791 349.4309 1149.7485 275.569 465.4307 272.204 118.1005 381.6492 211.5386 282.7297 1161.725;
	3.9418 53.2618 91.0079 115.8743 15.0427 34.6191 31.8512 17.8906 12.1547 14.8927 27.529 41.0678 61.8274 65.4724 193.9518 73.0702 90.6612 96.0738 91.5677 70.7071 10.6171 80.7779 25.0717 83.21 98.3486 72.3526 13.3171 1250.5793 816.141 816.141 763.7837 119.6241 305.2256 182.0003 205.2647 348.2202 1229.4943 246.1663 468.8255 263.4337 120.513 384.0412 204.6798 282.0578 1242.3016;
	3.9149 52.8994 90.4717 114.7649 15.2731 34.5429 32.959 17.9078 23.9168 15.6454 28.9203 43.1434 64.9522 63.2631 166.5917 62.7625 77.8719 82.521 90.2856 68.9857 10.9863 80.6 23.3628 86.2336 102.3537 72.6784 13.3777 1191.1611 790.7831 790.7831 765.6652 120.2433 300.9521 177.5693 198.3384 337.4008 1173.5909 282.8547 462.2361 274.1616 121.6904 383.1954 215.9712 279.5873 1185.8158;
	3.9255 53.0427 92.0479 117.0296 15.3246 34.6979 31.7554 18.2403 28.1145 30.5483 56.468 84.2391 126.8216 68.225 196.9241 74.19 92.0506 97.5461 90.714 69.111 10.5851 80.9617 27.4551 86.1961 101.6388 73.4715 13.4056 1206.4851 796.3709 796.3709 755.9323 122.3838 302.3799 177.892 213.8945 339.7849 1136.699 289.9017 466.1042 272.2467 122.4941 384.9149 189.5834 282.2211 1148.5396;
	3.4482 46.5932 92.3517 117.0592 15.2858 31.0513 32.025 18.2935 27.515 30.2303 55.8803 83.3624 125.5016 67.2274 192.0774 72.364 89.785 95.1453 87.5304 69.0267 10.675 72.453 72.3496 85.444 99.5564 72.6415 13.2488 1245.6731 820.1347 820.1347 783.8664 118.2114 291.768 177.6748 210.767 349.9241 1157.987 315.4422 471.0127 266.6689 117.9504 344.4624 185.6482 277.6822 1170.0493;
	3.9259 53.0481 93.7227 119.3965 15.3593 34.2947 22.5267 18.487 27.4389 30.2723 55.9578 83.4781 125.6758 55.78 195.626 73.7009 91.4438 96.9031 65.3778 69.4086 7.5089 80.0209 70.4944 88.4774 102.1137 74.9356 13.9099 1168.7702 817.6723 817.6723 778.9235 115.6702 217.9261 178.6578 174.8778 348.8735 1185.6906 310.9946 476.3122 273.5189 121.2718 380.4421 174.5377 285.2272 1198.0415;
	3.9119 52.8586 94.0732 118.8685 15.3253 34.6018 14.9903 18.2989 27.1089 29.5429 54.6096 81.4668 122.6478 66.0946 192.5894 72.5569 90.0243 95.3989 87.6811 70.3308 4.9968 80.7376 69.1117 87.5501 102.1602 72.6457 13.8819 1219.662 806.7245 806.7245 769.3227 119.1558 292.2702 181.0317 207.2154 344.2025 1213.6943 326.0726 458.3303 273.6433 122.1251 383.8495 192.48 280.488 1226.3369;
	3.9145 52.8931 95.1907 120.75 15.3786 34.0623 24.7984 18.3598 26.6651 29.418 54.3788 81.1225 122.1294 48.6726 201.0912 75.7599 93.9984 99.6103 90.4051 71.5695 8.2661 79.4787 70.6692 87.5339 102.8013 73.0409 13.8834 1260.1353 780.9518 780.9518 754.205 116.9673 301.3504 184.22 152.5953 333.2061 1242.8307 332.4885 226.6177 275.3605 122.3053 377.8643 210.7064 283.5332 1255.7769;
	3.8808 52.4376 94.4691 120.0572 15.0396 32.3383 21.4143 18.4608 11.5431 28.9776 53.5646 79.9079 120.3009 27.9928 197.8828 74.5512 92.4987 98.021 88.5898 71.9175 7.1381 75.456 73.2522 84.949 102.2741 71.5229 13.7146 1136.9821 684.1611 684.1611 722.2888 112.7419 295.2992 185.1157 87.7611 291.9087 1053.5997 293.8977 375.1751 273.9484 120.7698 358.7393 195.6369 283.6509 1064.5747;
	3.8642 52.2138 91.0166 117.0246 15.1217 31.3704 10.1067 18.324 2.014 25.4588 47.0603 70.2047 105.6927 17.1354 191.4871 72.1417 89.5091 94.8529 90.533 71.0471 3.3689 73.1977 51.5488 85.4798 102.1151 72.1193 13.3157 916.5638 576.2989 576.2989 586.2216 113.0092 301.7767 182.8753 53.7217 245.8875 806.6218 266.0894 72.4387 273.5226 120.5717 348.0028 164.6522 282.0648 815.0241;
	3.7419 50.5617 90.5156 113.9984 15.1639 25.8705 19.8901 17.8137 0.9335 26.8 49.5393 73.9029 111.2604 0.032 198.758 74.8809 92.9078 98.4545 82.9541 71.7086 6.63 60.3646 70.4042 85.7755 100.9331 70.7472 13.5492 763.9537 663.312 663.312 544.1078 120.1012 276.5136 184.5782 0.1003 283.0131 765.5591 222.5927 39.4102 270.3564 117.12 286.9904 149.3559 270.1172 773.5337;
	3.5513 47.9857 92.6125 117.3273 14.9691 18.9369 2.0679 18.6749 0.0 23.7455 43.8932 65.4801 98.5799 0.0 199.2775 75.0766 93.1506 98.7119 41.5306 71.2947 0.6893 44.1861 69.7956 86.7779 104.4437 74.73 13.9374 518.2709 681.9743 681.9743 522.4592 111.6016 138.4353 183.5128 0.0 290.9757 767.0495 220.7932 0.1933 279.7599 122.0563 210.0731 142.964 282.5443 775.0396;
	3.8985 52.6778 94.7209 118.3536 15.2719 22.0262 7.9869 18.1862 24.9932 22.6244 41.8209 62.3885 93.9255 48.9119 201.7434 76.0057 94.3033 99.9334 61.3862 73.1108 2.6623 51.3945 70.8747 84.3705 104.6378 70.7506 13.86 578.8989 690.589 690.589 523.8925 109.563 204.6207 188.1873 153.3455 294.6513 614.5737 240.7529 81.0839 280.28 121.0482 244.3439 159.0968 279.9145 620.9755;
	3.8342 51.8081 93.8743 118.5624 15.2582 21.0732 14.7939 18.0875 18.6467 23.2083 42.9001 63.9985 96.3494 39.1092 201.8876 76.06 94.3707 100.0048 56.0743 72.6742 4.9313 49.1709 71.0072 84.3844 103.4557 70.0999 13.5482 511.179 714.2571 714.2571 503.8523 98.4527 186.9143 187.0635 122.6125 304.7497 697.0398 252.5885 291.467 277.1135 122.8247 233.7723 169.589 276.2119 704.3007;
	3.8441 51.9417 90.3789 116.6095 15.1886 20.085 16.3171 17.648 3.7761 26.2921 48.6006 72.5025 109.1521 33.1982 194.8913 73.4242 91.1003 96.5392 70.8897 71.0359 5.439 46.8649 72.4246 84.0501 99.7958 69.9807 13.3261 365.1498 701.3616 701.3616 450.9102 91.7418 236.2991 182.8466 104.0809 299.2476 623.9796 239.1799 253.5314 267.3101 120.2629 222.8091 173.772 251.9575 630.4793;
	3.4591 46.7404 88.8823 115.5724 14.9937 11.1653 7.5614 17.7619 2.4696 27.5295 50.8878 75.9146 114.289 24.5761 184.0597 69.3434 86.0372 91.1737 65.5454 70.9701 2.5205 26.0525 72.6694 85.5318 102.6232 71.4342 13.3384 412.695 580.9245 580.9245 416.8385 96.0229 218.4848 182.6773 77.0495 247.8611 526.7952 224.9973 291.593 274.8835 120.2081 123.8608 166.4911 247.2218 532.2826;
	3.2602 44.0529 89.7777 114.3183 14.7033 18.526 1.0412 18.4358 0.7146 28.257 52.2326 77.9207 117.3092 32.0229 189.5518 71.4125 88.6045 93.8943 66.7825 70.0792 0.3471 43.2273 72.9115 86.2078 103.6877 72.8293 13.5058 933.18 476.8212 476.8212 285.8366 94.5053 222.6082 180.3842 100.3962 203.4437 830.1633 223.469 113.2848 277.7348 119.866 205.5151 133.0594 248.0097 838.8108;
	3.0756 41.5576 92.5886 118.2336 15.1978 23.3904 1.6499 18.8673 1.2671 29.6198 54.7517 81.6787 122.9668 57.9043 187.5945 70.6751 87.6895 92.9247 81.7016 69.9603 0.55 54.5776 74.2446 88.336 105.5454 75.9148 13.8369 1209.2784 603.1693 603.1693 203.3454 73.3411 272.3388 180.078 181.5377 257.3522 1064.8534 202.6366 129.432 282.7108 122.0424 259.4776 176.2415 265.6113 1075.9456;
