function windprofile = ex_wind_profilesh1
%EX_WIND_PROFILE_D  Example wind_load_nyiso profile data for deterministic unit commitment.
% 2022.03.12
% Andres F. Ramirez


%% define constants
[GEN_BUS, PG, QG, QMAX, QMIN, VG, MBASE, GEN_STATUS, PMAX, PMIN, ...
    MU_PMAX, MU_PMIN, MU_QMAX, MU_QMIN, PC1, PC2, QC1MIN, QC1MAX, ...
    QC2MIN, QC2MAX, RAMP_AGC, RAMP_10, RAMP_30, RAMP_Q, APF] = idx_gen;
[CT_LABEL, CT_PROB, CT_TABLE, CT_TBUS, CT_TGEN, CT_TBRCH, CT_TAREABUS, ...
    CT_TAREAGEN, CT_TAREABRCH, CT_ROW, CT_COL, CT_CHGTYPE, CT_REP, ...
    CT_REL, CT_ADD, CT_NEWVAL, CT_TLOAD, CT_TAREALOAD, CT_LOAD_ALL_PQ, ...
    CT_LOAD_FIX_PQ, CT_LOAD_DIS_PQ, CT_LOAD_ALL_P, CT_LOAD_FIX_P, ...
    CT_LOAD_DIS_P, CT_TGENCOST, CT_TAREAGENCOST, CT_MODCOST_F, ...
    CT_MODCOST_X] = idx_ct;

windprofile = struct( ...
    'type', 'mpcData', ...
    'table', CT_TGEN, ...
    'rows', [1:45], ...
    'col', PMAX, ...
    'chgtype', 1, ...
    'values', [] );
windprofile.values(:,1,:) = [
	3.9556 53.4482 93.8724 117.5501 14.7657 34.6069 31.283 17.8288 10.3792 16.9233 31.2825 46.6674 70.2575 36.6432 202.6811 76.3589 94.7416 100.3978 90.4999 69.7731 10.4277 80.7495 22.4025 89.7928 105.822 74.7708 13.2252 1214.5666 765.3321 765.3321 679.3047 113.8805 301.6663 179.5962 114.8814 326.5417 1082.1954 264.5844 437.3995 283.4517 120.5789 383.9064 210.9439 277.0211 1093.4683;
	3.8644 52.216 91.7257 115.3149 14.6038 34.1825 32.329 17.776 11.7763 13.5531 25.0526 37.3736 56.2658 44.4304 192.3388 72.4625 89.9072 95.2748 90.7007 69.3939 10.7763 79.7592 25.8378 88.7908 104.5639 74.0702 12.8709 1218.0494 779.6673 779.6673 688.3467 112.0577 302.3358 178.6202 139.2953 332.6581 1162.6265 254.9915 459.6663 280.0819 119.5992 379.1982 202.794 270.7785 1174.7371;
	3.8844 52.4872 91.5072 117.0745 14.7643 34.9771 32.8653 17.5951 22.3247 14.4549 26.7196 39.8604 60.0095 43.4583 186.2462 70.1672 87.0593 92.2568 88.413 71.064 10.9551 81.6133 25.2203 89.1087 104.1514 73.5654 12.9015 1219.8601 775.7808 775.7808 615.3688 113.4878 294.71 182.9189 136.2476 330.9998 1144.4145 266.7012 444.8772 278.9771 119.0329 388.0129 210.73 258.1673 1156.3355;
	3.7516 50.6926 91.322 117.5243 14.7626 34.8027 32.0022 17.7366 27.2516 28.7664 53.1743 79.3256 119.4243 62.3527 199.7374 75.2499 93.3656 98.9397 85.6913 68.4305 10.6674 81.2063 23.1293 87.5557 100.1999 72.1427 12.8153 1215.4932 791.4209 791.4209 690.157 114.9295 285.6377 176.1403 195.4842 337.6729 1124.3108 282.6867 448.6322 268.3927 118.2967 386.0779 179.6415 253.9293 1136.0223;
	3.3088 44.7085 94.2067 120.565 15.1405 32.716 31.7578 18.4607 27.6301 29.1238 53.8348 80.311 120.9078 61.4505 198.8261 74.9066 92.9397 98.4883 89.9503 68.2037 10.5859 76.3374 70.4508 89.6682 104.2069 72.7496 13.1041 1248.3236 773.7927 773.7927 686.4465 111.566 299.8344 175.5565 192.6555 330.1516 1075.2242 312.9287 460.7345 279.1257 118.0178 362.9298 182.6454 263.0349 1086.4245;
	3.7464 50.6221 94.5901 119.5508 14.7738 32.9127 18.8547 17.9245 25.2469 27.8453 51.4717 76.7856 115.6003 49.838 200.5529 75.5572 93.7468 99.3437 58.6515 69.7119 6.2849 76.7962 70.4538 88.5976 102.1154 72.7045 13.3204 1184.2734 778.2381 778.2381 691.3807 115.7565 195.5051 179.4385 156.2489 332.0482 1116.432 316.4649 449.9341 273.5234 114.381 365.1112 158.0989 270.9265 1128.0615;
	3.8545 52.0833 95.1329 120.1883 14.9577 34.0642 13.1126 17.7527 25.4065 28.3838 52.467 78.2705 117.8358 64.9003 197.4526 74.3891 92.2976 97.8079 87.0553 70.9876 4.3709 79.4831 70.3953 89.4665 103.8675 72.3694 13.3205 1254.3649 788.3402 788.3402 718.9006 114.1058 290.1843 182.7222 203.4713 336.3585 1162.929 322.8551 420.5615 278.2165 118.0522 377.8855 177.1479 272.2603 1175.0428;
	3.865 52.2252 95.138 120.422 15.2292 33.5724 0.253 18.214 0.0346 28.3236 52.3558 78.1046 117.586 45.3186 200.7709 75.6393 93.8487 99.4516 88.6409 70.2548 0.0843 78.3356 69.3424 89.2398 102.0047 71.6494 13.7524 1271.0025 789.4615 789.4615 736.3913 116.6926 295.4697 180.8361 142.0798 336.8369 1218.9289 336.3981 158.3755 273.2268 122.4981 372.4299 196.8358 276.9718 1231.6261;
	3.8142 51.5384 93.5962 118.559 15.043 30.9691 0.0 17.9201 0.0 28.3731 52.4472 78.2409 117.7913 30.1952 201.2584 75.8229 94.0766 99.6931 90.5499 71.027 0.0 72.2613 72.3787 88.4661 103.838 70.5448 13.48 1157.6498 666.6864 666.6864 697.0999 111.9132 301.833 182.8238 94.6661 284.4529 995.0054 296.8532 0.3105 278.1375 121.4759 343.5509 172.1978 278.0899 1005.3701;
	3.7016 50.017 89.3054 114.2018 14.9501 29.3377 0.0 18.4161 0.0 24.6095 45.4902 67.8624 102.1665 22.8649 192.1398 72.3875 89.8142 95.1762 87.0153 68.6994 0.0 68.4547 46.3583 88.3085 103.5883 72.7534 13.5575 919.0466 607.4815 607.4815 564.2894 112.0066 290.0509 176.8324 71.6844 259.1921 807.6066 267.0767 0.206 277.4687 122.2397 325.4531 130.3199 276.0865 816.0192;
	3.6479 49.2905 90.4894 117.1842 14.9712 25.8403 0.1938 18.3701 1.2634 28.9212 53.4605 79.7525 120.0669 41.8224 194.0642 73.1126 90.7137 96.1295 80.4297 68.8175 0.0646 60.294 72.8593 88.3866 101.9225 70.1221 13.5432 754.8415 669.1532 669.1532 529.5142 116.0146 268.0992 177.1363 131.119 285.5054 742.443 219.2146 42.8333 273.0067 121.1841 286.6549 137.6168 267.8099 750.1768;
	3.5546 48.0299 94.5304 120.1695 15.1461 20.903 0.004 18.8712 3.2358 26.959 49.8333 74.3415 111.9207 21.1754 202.2366 76.1915 94.5338 100.1777 41.8785 69.8641 0.0013 48.7737 73.026 89.4461 104.0219 74.2251 13.664 587.9798 732.6417 732.6417 561.6533 115.2391 139.595 179.8305 66.3879 312.5938 856.7331 234.4316 52.0573 278.63 123.7584 231.8843 140.0931 276.0488 865.6574;
	3.8887 52.5445 94.8173 118.893 15.0956 21.315 0.1061 18.0934 26.0079 25.5061 47.1475 70.3349 105.8888 51.8708 199.6409 75.2135 93.3205 98.8919 59.7565 69.7864 0.0354 49.735 71.6119 89.0571 103.3255 73.758 13.4811 537.1388 692.6898 692.6898 539.6795 110.4297 199.1884 179.6303 162.6221 295.5477 610.5753 246.4804 57.3597 276.7646 122.0927 236.4543 146.545 274.3508 616.9354;
	3.843 51.9276 94.1632 119.3623 14.8161 20.5899 1.6289 18.502 19.3296 23.618 43.6575 65.1284 98.0504 40.0171 203.9125 76.8228 95.3172 101.0078 59.0913 71.2904 0.543 48.0432 71.0961 89.2026 101.6849 75.2593 13.3502 456.9803 687.2036 687.2036 514.4618 101.9082 196.9711 183.5018 125.459 293.2069 669.9303 254.9867 160.7875 272.3702 123.3054 228.4111 157.7716 277.9207 676.9087;
	3.8318 51.7766 89.331 117.5875 14.9516 20.0244 11.157 17.579 9.7081 25.6413 47.3975 70.7078 106.4502 33.199 197.4686 74.3952 92.3051 97.8159 72.9038 68.4266 3.719 46.7236 69.2145 85.2027 97.9418 72.5117 12.989 374.0993 665.9516 665.9516 444.9191 93.7058 243.0126 176.1303 104.0833 284.1393 600.83 232.8019 59.6768 262.344 120.7384 222.1376 168.1373 242.1547 607.0887;
	3.5451 47.9017 89.3775 118.3641 14.8113 10.4609 11.9939 17.906 8.4031 25.8339 47.7536 71.239 107.25 26.7127 189.7284 71.4791 88.687 93.9817 65.3077 69.5197 3.998 24.4089 63.7971 88.6316 100.7398 72.5306 13.2359 422.3137 576.9705 576.9705 416.7634 96.9421 217.6923 178.9439 83.7478 246.1741 498.8289 214.7045 151.9437 269.8388 121.8073 116.0468 154.5585 231.2707 504.0251;
	3.5036 47.3411 90.1763 117.162 15.0023 18.5427 6.7911 18.6386 16.3382 28.3934 52.4848 78.2969 117.8756 33.4773 193.4274 72.8726 90.4161 95.814 69.8412 70.8922 2.2637 43.2664 70.4438 89.767 104.1728 74.1375 13.3994 989.2785 497.3694 497.3694 303.8619 98.2991 232.8041 182.4768 104.956 212.2109 822.4177 221.0772 120.4314 279.0342 118.7284 205.7008 133.003 233.1148 830.9846;
	3.3497 45.2617 88.1518 112.7183 14.8456 22.8655 3.0328 18.0674 25.2402 30.0452 55.538 82.8518 124.7329 58.6215 201.8739 76.0548 94.3643 99.998 83.3472 72.2475 1.0109 53.3529 73.0865 87.6173 98.222 72.6409 13.3562 1202.5445 587.5837 587.5837 213.4875 72.5316 277.8239 185.9653 183.7865 250.7024 1005.6165 203.2143 149.0898 263.0947 116.9224 253.655 173.8385 259.6187 1016.0917;
