function solarprofile = ex_solar_profilesh1
%EX_WIND_PROFILE_D  Example wind_load_nyiso profile data for deterministic unit commitment.
% 2022.03.12
% Andres F. Ramirez


%% define constants
[GEN_BUS, PG, QG, QMAX, QMIN, VG, MBASE, GEN_STATUS, PMAX, PMIN, ...
    MU_PMAX, MU_PMIN, MU_QMAX, MU_QMIN, PC1, PC2, QC1MIN, QC1MAX, ...
    QC2MIN, QC2MAX, RAMP_AGC, RAMP_10, RAMP_30, RAMP_Q, APF] = idx_gen;
[CT_LABEL, CT_PROB, CT_TABLE, CT_TBUS, CT_TGEN, CT_TBRCH, CT_TAREABUS, ...
    CT_TAREAGEN, CT_TAREABRCH, CT_ROW, CT_COL, CT_CHGTYPE, CT_REP, ...
    CT_REL, CT_ADD, CT_NEWVAL, CT_TLOAD, CT_TAREALOAD, CT_LOAD_ALL_PQ, ...
    CT_LOAD_FIX_PQ, CT_LOAD_DIS_PQ, CT_LOAD_ALL_P, CT_LOAD_FIX_P, ...
    CT_LOAD_DIS_P, CT_TGENCOST, CT_TAREAGENCOST, CT_MODCOST_F, ...
    CT_MODCOST_X] = idx_ct;

solarprofile = struct( ...
    'type', 'mpcData', ...
    'table', CT_TGEN, ...
    'rows', [1:12], ...
    'col', PMAX, ...
    'chgtype', 1, ...
    'values', [] );
solarprofile.values(:,1,:) = [
	0.0 0.0 0.0 0.0 0.0 0.0 0.0 0.0 0.0 0.0 0.0 0.0;
	0.0 0.0 0.0 0.0 0.0 0.0 0.0 0.0 0.0 0.0 0.0 0.0;
	0.0 0.0 0.0 0.0 0.0 0.0 0.0 0.0 0.0 0.0 0.0 0.0;
	0.0 0.0 0.0 0.0 0.0 0.0 0.0 0.0 0.0 0.0 0.0 0.0;
	0.0 0.0 0.0 0.0 0.0 0.0 0.0 0.0 0.0 0.0 0.0 0.0;
	0.4233 0.3543 0.3036 0.0 0.0 0.1765 0.0221 0.1431 0.0956 0.0 0.0 0.0;
	1.041 0.0164 0.474 0.7731 1.5875 65.3234 8.1654 14.5363 32.1744 84.5577 15.03 153.1345;
	2.4079 0.9202 0.9778 0.9444 3.2785 44.2202 5.5275 19.538 41.6835 208.1416 31.2046 376.9456;
	6.6975 3.0468 1.9761 2.1986 4.6107 62.1425 7.7678 24.3413 47.0668 275.8721 51.3603 499.6061;
	14.9782 11.5902 9.6089 10.9062 12.9946 212.5932 26.5742 21.8592 131.5679 323.9239 39.757 586.6282;
	16.9878 14.1895 11.4554 11.4881 12.9557 189.1763 23.647 17.3548 121.1575 301.1675 34.0201 545.4162;
	16.7972 14.7456 11.9259 11.8478 12.7878 134.9393 16.8674 12.1208 99.1953 295.0919 59.5658 534.4132;
	11.0497 11.9558 9.5126 11.8156 9.9049 220.1589 27.5199 14.9749 215.1632 257.8826 129.6027 467.027;
	9.0288 10.6022 8.042 11.304 9.3047 244.5601 30.57 17.4512 251.9075 240.4053 129.0864 435.3755;
	7.0929 8.5552 5.3434 8.6938 8.158 260.2172 32.5271 19.0822 268.3426 199.4207 104.5695 361.152;
	2.1877 2.1319 1.6196 1.8432 2.2278 209.0661 26.1333 17.9939 256.8071 20.293 7.6022 36.7507;
	0.5317 0.6905 0.3979 1.0413 1.1672 50.6424 6.3303 4.102 49.4027 3.9916 1.8541 7.2288;
	0.0 0.0 0.0 0.0 0.0 0.0 0.0 0.0 0.0 0.0 0.0 0.0;
	0.0 0.0 0.0 0.0 0.0 0.0 0.0 0.0 0.0 0.0 0.0 0.0;
	0.0 0.0 0.0 0.0 0.0 0.0 0.0 0.0 0.0 0.0 0.0 0.0;
	0.0 0.0 0.0 0.0 0.0 0.0 0.0 0.0 0.0 0.0 0.0 0.0;
	0.0 0.0 0.0 0.0 0.0 0.0 0.0 0.0 0.0 0.0 0.0 0.0;
	0.0 0.0 0.0 0.0 0.0 0.0 0.0 0.0 0.0 0.0 0.0 0.0;
	0.0 0.0 0.0 0.0 0.0 0.0 0.0 0.0 0.0 0.0 0.0 0.0;
];
