function solarprofile = ex_solar_profilesh1
%EX_WIND_PROFILE_D  Example wind_load_nyiso profile data for deterministic unit commitment.
% 2022.03.12
% Andres F. Ramirez


%% define constants
[GEN_BUS, PG, QG, QMAX, QMIN, VG, MBASE, GEN_STATUS, PMAX, PMIN, ...
    MU_PMAX, MU_PMIN, MU_QMAX, MU_QMIN, PC1, PC2, QC1MIN, QC1MAX, ...
    QC2MIN, QC2MAX, RAMP_AGC, RAMP_10, RAMP_30, RAMP_Q, APF] = idx_gen;
[CT_LABEL, CT_PROB, CT_TABLE, CT_TBUS, CT_TGEN, CT_TBRCH, CT_TAREABUS, ...
    CT_TAREAGEN, CT_TAREABRCH, CT_ROW, CT_COL, CT_CHGTYPE, CT_REP, ...
    CT_REL, CT_ADD, CT_NEWVAL, CT_TLOAD, CT_TAREALOAD, CT_LOAD_ALL_PQ, ...
    CT_LOAD_FIX_PQ, CT_LOAD_DIS_PQ, CT_LOAD_ALL_P, CT_LOAD_FIX_P, ...
    CT_LOAD_DIS_P, CT_TGENCOST, CT_TAREAGENCOST, CT_MODCOST_F, ...
    CT_MODCOST_X] = idx_ct;

solarprofile = struct( ...
    'type', 'mpcData', ...
    'table', CT_TGEN, ...
    'rows', [1:12], ...
    'col', PMAX, ...
    'chgtype', 1, ...
    'values', [] );
solarprofile.values(:,1,:) = [
	0.0 0.0 0.0 0.0 0.0 0.0 0.0 0.0 0.0 0.0 0.0 0.0;
	0.0 0.0 0.0 0.0 0.0 0.0 0.0 0.0 0.0 0.0 0.0 0.0;
	0.0 0.0 0.0 0.0 0.0 0.0 0.0 0.0 0.0 0.0 0.0 0.0;
	0.0 0.0 0.0 0.0 0.0 0.0 0.0 0.0 0.0 0.0 0.0 0.0;
	0.0 0.0 0.0 0.0 0.0 0.0 0.0 0.0 0.0 0.0 0.0 0.0;
	0.4147 0.3481 0.302 0.0 0.0 0.1765 0.0221 0.1431 0.0956 0.0 0.0 0.0;
	3.0275 1.4725 1.8862 1.5311 1.5527 0.0 0.0 6.5823 0.0 241.5734 20.7494 437.4909;
	10.9602 6.7035 5.6806 1.0035 1.8262 0.0 0.0 5.6701 0.0 239.6726 70.7688 434.0485;
	19.1131 12.2999 9.7866 1.5686 2.2801 0.0 0.0 7.6774 6.0729 235.3775 97.3874 426.2701;
	17.5378 14.0036 13.1325 7.1996 11.4941 16.2865 2.0358 13.0899 21.6529 152.2222 35.1619 275.6753;
	16.3805 14.8131 13.0458 9.6489 10.2173 29.1241 3.6405 11.572 68.5377 218.7977 28.9258 396.244;
	15.5056 14.0418 11.9582 7.4308 9.878 38.2251 4.7781 7.4653 116.6944 262.4455 50.3194 475.2904;
	8.6245 6.5609 6.8883 2.6203 7.2967 111.6551 13.9569 4.4244 174.4821 205.2381 111.6657 371.6875;
	7.5427 5.2709 4.8803 2.0214 6.8268 155.0951 19.3869 5.8109 175.5159 140.7052 117.8783 254.8179;
	3.3496 2.7007 3.2782 1.1661 5.0952 162.6408 20.3301 9.0223 175.1075 76.7742 101.7533 139.0386;
	0.6154 0.988 0.9089 0.9604 1.3059 230.8541 28.8568 16.9113 176.6258 15.0328 10.4252 27.2246;
	0.2587 0.2883 0.2251 1.0416 1.0602 69.1543 8.6443 3.9789 50.0085 6.8814 4.3474 12.4623;
	0.0 0.0 0.0 0.0 0.0 0.0 0.0 0.0 0.0 0.0 0.0 0.0;
	0.0 0.0 0.0 0.0 0.0 0.0 0.0 0.0 0.0 0.0 0.0 0.0;
	0.0 0.0 0.0 0.0 0.0 0.0 0.0 0.0 0.0 0.0 0.0 0.0;
	0.0 0.0 0.0 0.0 0.0 0.0 0.0 0.0 0.0 0.0 0.0 0.0;
	0.0 0.0 0.0 0.0 0.0 0.0 0.0 0.0 0.0 0.0 0.0 0.0;
	0.0 0.0 0.0 0.0 0.0 0.0 0.0 0.0 0.0 0.0 0.0 0.0;
	0.0 0.0 0.0 0.0 0.0 0.0 0.0 0.0 0.0 0.0 0.0 0.0;
];
