function solarprofile = ex_solar_profilesh1
%EX_WIND_PROFILE_D  Example wind_load_nyiso profile data for deterministic unit commitment.
% 2022.03.12
% Andres F. Ramirez


%% define constants
[GEN_BUS, PG, QG, QMAX, QMIN, VG, MBASE, GEN_STATUS, PMAX, PMIN, ...
    MU_PMAX, MU_PMIN, MU_QMAX, MU_QMIN, PC1, PC2, QC1MIN, QC1MAX, ...
    QC2MIN, QC2MAX, RAMP_AGC, RAMP_10, RAMP_30, RAMP_Q, APF] = idx_gen;
[CT_LABEL, CT_PROB, CT_TABLE, CT_TBUS, CT_TGEN, CT_TBRCH, CT_TAREABUS, ...
    CT_TAREAGEN, CT_TAREABRCH, CT_ROW, CT_COL, CT_CHGTYPE, CT_REP, ...
    CT_REL, CT_ADD, CT_NEWVAL, CT_TLOAD, CT_TAREALOAD, CT_LOAD_ALL_PQ, ...
    CT_LOAD_FIX_PQ, CT_LOAD_DIS_PQ, CT_LOAD_ALL_P, CT_LOAD_FIX_P, ...
    CT_LOAD_DIS_P, CT_TGENCOST, CT_TAREAGENCOST, CT_MODCOST_F, ...
    CT_MODCOST_X] = idx_ct;

solarprofile = struct( ...
    'type', 'mpcData', ...
    'table', CT_TGEN, ...
    'rows', [1:12], ...
    'col', PMAX, ...
    'chgtype', 1, ...
    'values', [] );
solarprofile.values(:,1,:) = [
	0.0 0.0 0.0 0.0 0.0 0.0 0.0 0.0 0.0 0.0 0.0 0.0;
	0.0 0.0 0.0 0.0 0.0 0.0 0.0 0.0 0.0 0.0 0.0 0.0;
	0.0 0.0 0.0 0.0 0.0 0.0 0.0 0.0 0.0 0.0 0.0 0.0;
	0.0 0.0 0.0 0.0 0.0 0.0 0.0 0.0 0.0 0.0 0.0 0.0;
	0.0 0.0 0.0 0.0 0.0 0.0 0.0 0.0 0.0 0.0 0.0 0.0;
	0.4174 0.3564 0.302 0.0 0.0 0.2497 0.0312 0.1633 1.6081 0.0 0.0 0.0;
	4.1188 3.1138 3.0351 1.0973 1.4897 153.3713 19.1714 33.3047 163.306 43.8772 10.1091 79.4618;
	5.9217 6.3428 4.8704 2.0755 4.148 209.287 26.1609 55.1973 237.6037 201.3256 75.4934 364.6019;
	8.5216 9.6924 5.4604 3.1445 5.9817 222.4813 27.8102 61.5744 245.3484 310.8219 134.1384 562.9003;
	15.5659 13.9951 10.6103 8.4524 13.3602 146.5929 18.3241 56.8725 159.1864 318.3141 130.3114 576.4687;
	16.9602 15.64 11.7034 10.5015 13.3336 81.6259 10.2032 55.5161 114.9281 273.6894 141.6589 495.6532;
	16.2057 14.3914 11.2229 10.6588 12.6903 38.4751 4.8094 44.9045 60.4511 247.0292 151.0893 447.3714;
	9.4646 8.0479 6.02 8.2403 7.289 31.6111 3.9514 22.1897 71.8066 183.8361 147.2715 332.9283;
	8.5209 6.7474 5.1486 6.7071 6.8271 24.2318 3.029 14.1726 73.8573 182.6063 163.1811 330.701;
	6.0939 4.7062 4.9698 5.7921 7.9435 32.9212 4.1152 12.4981 81.1693 150.0654 141.0137 271.7694;
	1.644 1.8041 1.9612 4.1344 8.6618 40.7452 5.0932 15.7166 124.1483 20.7614 10.479 37.5991;
	0.2069 0.3201 0.2818 1.458 2.5412 50.6424 6.3303 6.0274 47.144 4.9686 4.3014 8.9982;
	0.0 0.0 0.0 0.0 0.0 0.0 0.0 0.0 0.0 0.0 0.0 0.0;
	0.0 0.0 0.0 0.0 0.0 0.0 0.0 0.0 0.0 0.0 0.0 0.0;
	0.0 0.0 0.0 0.0 0.0 0.0 0.0 0.0 0.0 0.0 0.0 0.0;
	0.0 0.0 0.0 0.0 0.0 0.0 0.0 0.0 0.0 0.0 0.0 0.0;
	0.0 0.0 0.0 0.0 0.0 0.0 0.0 0.0 0.0 0.0 0.0 0.0;
	0.0 0.0 0.0 0.0 0.0 0.0 0.0 0.0 0.0 0.0 0.0 0.0;
	0.0 0.0 0.0 0.0 0.0 0.0 0.0 0.0 0.0 0.0 0.0 0.0;
];
