function loadprofile = ex_load_profilesh1
%EX_LOAD_PROFILE  Example load profile data file for stochastic unit commitment.
% 2022.03.12
% Andres F. Ramirez

%% define constants
[CT_LABEL, CT_PROB, CT_TABLE, CT_TBUS, CT_TGEN, CT_TBRCH, CT_TAREABUS, ...
    CT_TAREAGEN, CT_TAREABRCH, CT_ROW, CT_COL, CT_CHGTYPE, CT_REP, ...
    CT_REL, CT_ADD, CT_NEWVAL, CT_TLOAD, CT_TAREALOAD, CT_LOAD_ALL_PQ, ...
    CT_LOAD_FIX_PQ, CT_LOAD_DIS_PQ, CT_LOAD_ALL_P, CT_LOAD_FIX_P, ...
    CT_LOAD_DIS_P, CT_TGENCOST, CT_TAREAGENCOST, CT_MODCOST_F, ...
    CT_MODCOST_X] = idx_ct;

loadprofile = struct( ...
    'type', 'mpcData', ...
    'table', CT_TAREALOAD, ...
    'rows', [1:11], ...
    'col', CT_LOAD_ALL_P, ...
    'chgtype', 1, ...
    'values', [] );
loadprofile.values(:,1,:) = [
	1431.4217 859.0501 1504.8167 512.2 767.943 1084.5706 812.8525 228.9565 451.4 4333.7291 1602.5718;
	1437.0037 856.4954 1486.9983 522.4104 749.1047 1091.5603 805.0 228.8941 456.1843 4313.8902 1586.4409;
	1455.2771 879.2513 1508.4808 531.8559 744.3633 1104.1437 818.8 236.5 475.8722 4280.9638 1612.8;
	1560.7516 952.3223 1631.1899 552.4 822.6343 1169.1 850.7454 256.4746 510.6 4511.2164 1758.998;
	1712.3828 1063.4054 1804.8805 570.3365 931.102 1318.7479 942.8535 290.1086 577.9714 5002.9758 1999.7204;
	1814.3713 1138.7049 1927.3 561.463 1008.7 1417.5355 998.0399 324.0 651.7687 5542.7863 2121.651;
	1841.6949 1144.0187 1924.2398 558.2274 1015.5 1425.0151 1062.7501 334.5994 674.0555 5875.3955 2151.1826;
	1859.4335 1152.3978 1917.5227 554.9299 1016.2714 1421.1074 1085.1 340.5869 675.5522 6053.4551 2212.2067;
	1868.8099 1173.7184 1956.6085 550.6454 1009.0761 1437.7563 1076.2847 361.3644 690.9076 6116.8423 2244.7939;
	1880.3236 1169.8 1944.5794 544.8 988.4173 1426.7 1078.9037 361.6962 678.5069 6224.9242 2310.2975;
	1857.9177 1164.4279 1921.3744 535.5774 967.7886 1432.9 1113.0 353.3558 678.2125 6300.5201 2304.701;
	1855.6532 1139.0103 1888.5807 557.5642 973.135 1427.8991 1121.8985 372.3946 692.5945 6343.3917 2309.0848;
	1833.8456 1117.5462 1824.5672 540.9021 968.2025 1376.6724 1054.8737 354.3315 671.7952 6302.6765 2269.1024;
	1728.5875 1071.093 1796.4847 528.909 932.8443 1291.3429 1004.3114 333.9 654.4 6113.4523 2144.1756;
	1740.5761 1050.5511 1818.9428 527.0512 907.963 1278.2 982.2037 316.5101 617.5065 6096.9615 2114.4615;
	1726.5337 1055.3865 1828.0583 532.8431 928.1778 1340.5087 988.9091 327.2566 625.3073 6055.5014 2178.2761;
	1757.7378 1079.2974 1867.4751 534.8769 973.8236 1344.6781 1012.6878 360.4203 642.0172 5861.6726 2217.3969;
	1787.5416 1122.7765 1886.5224 538.1567 961.9089 1401.4965 1059.6 355.6417 647.7851 5925.5861 2370.2;
	1830.7 1132.8679 1905.6144 520.1014 959.1019 1406.4647 1066.7508 354.6794 640.5409 5852.912 2382.206;
	1766.1 1078.4 1800.7383 529.8 884.5956 1307.1291 1030.5156 330.3047 628.0 5680.1987 2310.8934;
	1711.9514 1027.2 1726.335 524.5 874.8851 1227.7774 981.9775 316.877 572.7568 5489.8199 2164.2;
	1617.8762 965.3864 1640.3389 513.9408 831.9143 1145.9294 922.4096 277.1 545.4108 5194.0725 1964.3688;
	1533.2151 939.9615 1583.7792 546.1454 775.9 1131.0187 904.8726 285.8546 498.4945 4835.6162 1819.9724;
	1484.3457 903.9621 1553.3779 553.6767 739.0 1106.3469 873.4 259.3503 472.2 4526.8857 1727.5165;
];
