function solarprofile = ex_solar_profilesh1
%EX_WIND_PROFILE_D  Example wind_load_nyiso profile data for deterministic unit commitment.
% 2022.03.12
% Andres F. Ramirez


%% define constants
[GEN_BUS, PG, QG, QMAX, QMIN, VG, MBASE, GEN_STATUS, PMAX, PMIN, ...
    MU_PMAX, MU_PMIN, MU_QMAX, MU_QMIN, PC1, PC2, QC1MIN, QC1MAX, ...
    QC2MIN, QC2MAX, RAMP_AGC, RAMP_10, RAMP_30, RAMP_Q, APF] = idx_gen;
[CT_LABEL, CT_PROB, CT_TABLE, CT_TBUS, CT_TGEN, CT_TBRCH, CT_TAREABUS, ...
    CT_TAREAGEN, CT_TAREABRCH, CT_ROW, CT_COL, CT_CHGTYPE, CT_REP, ...
    CT_REL, CT_ADD, CT_NEWVAL, CT_TLOAD, CT_TAREALOAD, CT_LOAD_ALL_PQ, ...
    CT_LOAD_FIX_PQ, CT_LOAD_DIS_PQ, CT_LOAD_ALL_P, CT_LOAD_FIX_P, ...
    CT_LOAD_DIS_P, CT_TGENCOST, CT_TAREAGENCOST, CT_MODCOST_F, ...
    CT_MODCOST_X] = idx_ct;

solarprofile = struct( ...
    'type', 'mpcData', ...
    'table', CT_TGEN, ...
    'rows', [1:12], ...
    'col', PMAX, ...
    'chgtype', 1, ...
    'values', [] );
solarprofile.values(:,1,:) = [
	0.0 0.0 0.0 0.0 0.0 0.0 0.0 0.0 0.0 0.0 0.0 0.0;
	0.0 0.0 0.0 0.0 0.0 0.0 0.0 0.0 0.0 0.0 0.0 0.0;
	0.0 0.0 0.0 0.0 0.0 0.0 0.0 0.0 0.0 0.0 0.0 0.0;
	0.0 0.0 0.0 0.0 0.0 0.0 0.0 0.0 0.0 0.0 0.0 0.0;
	0.0 0.0 0.0 0.0 0.0 0.0 0.0 0.0 0.0 0.0 0.0 0.0;
	0.4095 0.3543 0.3027 0.0 0.0 0.1765 0.0221 0.1431 0.9036 0.0 0.0 0.0;
	2.5095 1.3991 1.4001 2.7685 1.4873 0.0 0.0 0.0 28.4038 63.9529 23.7749 115.8191;
	10.2401 7.2843 5.4347 1.7966 1.1873 31.4537 3.9317 2.9379 78.7319 177.4786 80.0801 321.4148;
	18.5155 14.1261 9.1965 2.1917 1.569 73.0001 9.125 8.9835 143.0429 225.0893 132.6183 407.6381;
	18.9345 14.6506 11.8694 9.3416 10.6368 94.4238 11.803 9.9312 218.5094 206.9592 164.949 374.8044;
	20.1835 15.8921 13.5874 10.3383 7.9694 54.7413 6.8427 9.9359 189.4799 126.6155 171.8649 229.3014;
	20.172 15.8902 13.8139 9.0871 6.0716 42.3359 5.292 9.2854 153.3442 106.6653 171.3311 193.1715;
	11.4718 9.2973 9.4398 6.8497 3.1636 116.284 14.5355 10.171 206.0635 200.4413 170.047 363.0004;
	8.6604 6.8535 6.2145 5.6888 5.3792 166.9343 20.8668 11.1361 217.3656 206.8113 207.1498 374.5365;
	4.9221 3.5687 3.4638 2.5831 5.5717 158.0258 19.7532 13.0007 214.0511 209.7445 196.7784 379.8485;
	1.9022 1.4626 1.3746 0.4402 2.0029 162.1022 20.2628 19.2246 178.6245 26.9061 26.0744 48.727;
	0.6782 0.7018 0.5793 0.9558 1.1797 57.527 7.1909 7.6895 45.804 4.9275 4.4708 8.9237;
	0.0 0.0 0.0 0.0 0.0 0.0 0.0 0.0 0.0 0.0 0.0 0.0;
	0.0 0.0 0.0 0.0 0.0 0.0 0.0 0.0 0.0 0.0 0.0 0.0;
	0.0 0.0 0.0 0.0 0.0 0.0 0.0 0.0 0.0 0.0 0.0 0.0;
	0.0 0.0 0.0 0.0 0.0 0.0 0.0 0.0 0.0 0.0 0.0 0.0;
	0.0 0.0 0.0 0.0 0.0 0.0 0.0 0.0 0.0 0.0 0.0 0.0;
	0.0 0.0 0.0 0.0 0.0 0.0 0.0 0.0 0.0 0.0 0.0 0.0;
	0.0 0.0 0.0 0.0 0.0 0.0 0.0 0.0 0.0 0.0 0.0 0.0;
];
