function solarprofile = ex_solar_profilesh1
%EX_WIND_PROFILE_D  Example wind_load_nyiso profile data for deterministic unit commitment.
% 2022.03.12
% Andres F. Ramirez


%% define constants
[GEN_BUS, PG, QG, QMAX, QMIN, VG, MBASE, GEN_STATUS, PMAX, PMIN, ...
    MU_PMAX, MU_PMIN, MU_QMAX, MU_QMIN, PC1, PC2, QC1MIN, QC1MAX, ...
    QC2MIN, QC2MAX, RAMP_AGC, RAMP_10, RAMP_30, RAMP_Q, APF] = idx_gen;
[CT_LABEL, CT_PROB, CT_TABLE, CT_TBUS, CT_TGEN, CT_TBRCH, CT_TAREABUS, ...
    CT_TAREAGEN, CT_TAREABRCH, CT_ROW, CT_COL, CT_CHGTYPE, CT_REP, ...
    CT_REL, CT_ADD, CT_NEWVAL, CT_TLOAD, CT_TAREALOAD, CT_LOAD_ALL_PQ, ...
    CT_LOAD_FIX_PQ, CT_LOAD_DIS_PQ, CT_LOAD_ALL_P, CT_LOAD_FIX_P, ...
    CT_LOAD_DIS_P, CT_TGENCOST, CT_TAREAGENCOST, CT_MODCOST_F, ...
    CT_MODCOST_X] = idx_ct;

solarprofile = struct( ...
    'type', 'mpcData', ...
    'table', CT_TGEN, ...
    'rows', [1:12], ...
    'col', PMAX, ...
    'chgtype', 1, ...
    'values', [] );
solarprofile.values(:,1,:) = [
	0.0 0.0 0.0 0.0 0.0 0.0 0.0 0.0 0.0 0.0 0.0 0.0;
	0.0 0.0 0.0 0.0 0.0 0.0 0.0 0.0 0.0 0.0 0.0 0.0;
	0.0 0.0 0.0 0.0 0.0 0.0 0.0 0.0 0.0 0.0 0.0 0.0;
	0.0 0.0 0.0 0.0 0.0 0.0 0.0 0.0 0.0 0.0 0.0 0.0;
	0.0 0.0 0.0 0.0 0.0 0.0 0.0 0.0 0.0 0.0 0.0 0.0;
	0.4095 0.3481 0.302 0.0 0.0 0.1765 0.0221 0.1431 0.0956 0.0 0.0 0.0;
	3.3707 2.7421 1.2594 1.3994 0.0 0.0 0.0 2.9902 19.4492 19.1258 28.0246 34.6369;
	6.1166 6.4162 4.3622 2.7289 1.0678 5.0735 0.6342 14.4158 51.3015 157.7973 89.3608 285.7718;
	6.8445 7.8271 5.6821 4.9442 3.3121 21.7163 2.7145 23.324 80.4838 306.9661 133.0057 555.9174;
	9.1972 11.2097 10.2674 11.4159 13.432 32.954 4.1192 18.1726 116.3724 335.5142 130.4956 607.6182;
	18.3093 16.0624 13.7963 11.3649 13.0296 43.9563 5.4945 22.8506 116.9269 312.9389 161.2826 566.7342;
	24.0309 17.2619 14.3214 11.3341 12.6891 70.6514 8.8314 28.984 124.3371 286.2007 168.0203 518.3113;
	23.6939 16.8661 13.8491 11.4849 12.5106 275.1065 34.3883 48.9013 225.688 205.4357 129.5811 372.0453;
	19.2531 14.5957 11.9475 11.4721 12.8155 321.2299 40.1537 48.521 245.7163 185.835 113.5172 336.5482;
	12.7373 8.7246 5.6235 11.0564 12.8955 326.7417 40.8427 46.984 242.2745 152.576 86.5006 276.316;
	2.0425 1.6659 1.4995 7.7676 10.0224 296.9324 37.1166 39.1145 196.5524 27.4255 9.3239 49.6678;
	0.6592 0.6525 0.7181 1.69 2.4523 77.4577 9.6822 8.8999 50.0981 22.377 4.683 40.5248;
	0.0 0.0 0.0 0.0 0.0 0.0 0.0 0.0 0.0 0.0 0.0 0.0;
	0.0 0.0 0.0 0.0 0.0 0.0 0.0 0.0 0.0 0.0 0.0 0.0;
	0.0 0.0 0.0 0.0 0.0 0.0 0.0 0.0 0.0 0.0 0.0 0.0;
	0.0 0.0 0.0 0.0 0.0 0.0 0.0 0.0 0.0 0.0 0.0 0.0;
	0.0 0.0 0.0 0.0 0.0 0.0 0.0 0.0 0.0 0.0 0.0 0.0;
	0.0 0.0 0.0 0.0 0.0 0.0 0.0 0.0 0.0 0.0 0.0 0.0;
	0.0 0.0 0.0 0.0 0.0 0.0 0.0 0.0 0.0 0.0 0.0 0.0;
];
