function solarprofile = ex_solar_profilesh1
%EX_WIND_PROFILE_D  Example wind_load_nyiso profile data for deterministic unit commitment.
% 2022.03.12
% Andres F. Ramirez


%% define constants
[GEN_BUS, PG, QG, QMAX, QMIN, VG, MBASE, GEN_STATUS, PMAX, PMIN, ...
    MU_PMAX, MU_PMIN, MU_QMAX, MU_QMIN, PC1, PC2, QC1MIN, QC1MAX, ...
    QC2MIN, QC2MAX, RAMP_AGC, RAMP_10, RAMP_30, RAMP_Q, APF] = idx_gen;
[CT_LABEL, CT_PROB, CT_TABLE, CT_TBUS, CT_TGEN, CT_TBRCH, CT_TAREABUS, ...
    CT_TAREAGEN, CT_TAREABRCH, CT_ROW, CT_COL, CT_CHGTYPE, CT_REP, ...
    CT_REL, CT_ADD, CT_NEWVAL, CT_TLOAD, CT_TAREALOAD, CT_LOAD_ALL_PQ, ...
    CT_LOAD_FIX_PQ, CT_LOAD_DIS_PQ, CT_LOAD_ALL_P, CT_LOAD_FIX_P, ...
    CT_LOAD_DIS_P, CT_TGENCOST, CT_TAREAGENCOST, CT_MODCOST_F, ...
    CT_MODCOST_X] = idx_ct;

solarprofile = struct( ...
    'type', 'mpcData', ...
    'table', CT_TGEN, ...
    'rows', [1:12], ...
    'col', PMAX, ...
    'chgtype', 1, ...
    'values', [] );
solarprofile.values(:,1,:) = [
	0.0 0.0 0.0 0.0 0.0 0.0 0.0 0.0 0.0 0.0 0.0 0.0;
	0.0 0.0 0.0 0.0 0.0 0.0 0.0 0.0 0.0 0.0 0.0 0.0;
	0.0 0.0 0.0 0.0 0.0 0.0 0.0 0.0 0.0 0.0 0.0 0.0;
	0.0 0.0 0.0 0.0 0.0 0.0 0.0 0.0 0.0 0.0 0.0 0.0;
	0.0 0.0 0.0 0.0 0.0 0.0 0.0 0.0 0.0 0.0 0.0 0.0;
	0.4169 0.3543 0.3141 0.0 0.0 1.1257 0.1407 0.1431 1.4131 0.0 0.0 0.0;
	8.7716 4.2657 5.1174 0.6104 1.5738 200.344 25.043 23.666 100.3611 48.2716 24.3628 87.4202;
	9.5103 7.7098 8.8159 0.7527 5.0762 335.6604 41.9575 60.5259 236.9988 205.0603 174.4516 371.3655;
	12.6956 10.8427 9.8467 1.6249 6.8925 365.7854 45.7232 63.7 282.9141 327.5807 225.2409 593.2506;
	14.6049 8.5536 10.8941 7.7243 13.1102 321.7094 40.2137 58.017 271.24 339.0414 204.3688 614.006;
	20.6313 13.4976 13.54 10.2855 12.9325 267.5674 33.4459 59.5951 251.1867 330.0774 216.3317 597.7721;
	23.4434 15.9236 14.0054 10.8339 12.9875 237.9265 29.7408 63.4651 232.9313 298.5028 222.4271 540.5903;
	19.1403 11.8929 11.6023 10.8639 11.8954 349.5353 43.6919 70.5351 276.9246 201.5048 231.4517 364.9265;
	10.7844 7.2525 6.8947 10.2553 11.3682 358.6793 44.8349 66.4022 276.5625 166.5876 220.0743 301.6911;
	6.6658 3.9843 3.6109 7.7827 9.9532 327.1392 40.8924 63.97 260.9062 114.2643 147.503 206.9333;
	1.8972 1.4608 1.1411 2.3198 4.5407 227.3324 28.4166 50.8184 189.0371 16.3204 7.8196 29.5563;
	0.562 0.7057 0.4132 1.1536 1.8588 57.7157 7.2145 9.7458 51.258 6.8317 3.7324 12.3723;
	0.0 0.0 0.0 0.0 0.0 0.0 0.0 0.0 0.0 0.0 0.0 0.0;
	0.0 0.0 0.0 0.0 0.0 0.0 0.0 0.0 0.0 0.0 0.0 0.0;
	0.0 0.0 0.0 0.0 0.0 0.0 0.0 0.0 0.0 0.0 0.0 0.0;
	0.0 0.0 0.0 0.0 0.0 0.0 0.0 0.0 0.0 0.0 0.0 0.0;
	0.0 0.0 0.0 0.0 0.0 0.0 0.0 0.0 0.0 0.0 0.0 0.0;
	0.0 0.0 0.0 0.0 0.0 0.0 0.0 0.0 0.0 0.0 0.0 0.0;
	0.0 0.0 0.0 0.0 0.0 0.0 0.0 0.0 0.0 0.0 0.0 0.0;
];
