function loadprofile = ex_load_profilesh1
%EX_LOAD_PROFILE  Example load profile data file for stochastic unit commitment.
% 2022.03.12
% Andres F. Ramirez

%% define constants
[CT_LABEL, CT_PROB, CT_TABLE, CT_TBUS, CT_TGEN, CT_TBRCH, CT_TAREABUS, ...
    CT_TAREAGEN, CT_TAREABRCH, CT_ROW, CT_COL, CT_CHGTYPE, CT_REP, ...
    CT_REL, CT_ADD, CT_NEWVAL, CT_TLOAD, CT_TAREALOAD, CT_LOAD_ALL_PQ, ...
    CT_LOAD_FIX_PQ, CT_LOAD_DIS_PQ, CT_LOAD_ALL_P, CT_LOAD_FIX_P, ...
    CT_LOAD_DIS_P, CT_TGENCOST, CT_TAREAGENCOST, CT_MODCOST_F, ...
    CT_MODCOST_X] = idx_ct;

loadprofile = struct( ...
    'type', 'mpcData', ...
    'table', CT_TAREALOAD, ...
    'rows', [1:11], ...
    'col', CT_LOAD_ALL_P, ...
    'chgtype', 1, ...
    'values', [] );
loadprofile.values(:,1,:) = [
	1380.8188 839.6641 1386.6426 524.6 698.855 1023.3079 777.563 232.1523 412.6671 3893.5434 1469.7475;
	1349.7308 807.7273 1362.3258 524.1271 670.0334 984.9507 743.7419 214.6713 362.2323 3260.1286 1346.9125;
	1374.431 860.1691 1444.2252 539.2874 749.2625 1044.5223 777.7487 229.2598 374.3899 3725.1707 1438.552;
	1447.4502 914.3242 1494.9807 560.8084 779.0901 1086.4341 817.2154 246.8 424.0509 4145.4789 1533.1101;
	1589.6549 1040.7706 1716.8941 579.9634 903.8596 1247.9121 911.8414 293.6122 511.3331 4633.7531 1802.6215;
	1722.7964 1125.74 1855.346 604.4701 957.6802 1364.7193 1002.6711 319.1812 601.3136 5267.3848 1994.7427;
	1760.1574 1149.9214 1866.9902 595.5 975.2894 1376.608 1030.3886 327.5 625.2133 5592.0863 2045.4737;
	1721.2446 1141.1 1809.4311 591.8 955.697 1324.5531 1044.3318 325.7 634.9642 5494.5837 1691.5811;
	1772.6881 1162.3213 1843.3125 568.6893 918.1294 1277.8695 1037.0328 314.1199 644.6212 5667.2104 1869.2189;
	1785.0839 1177.3476 1850.1191 551.3947 962.7 1238.5597 1017.6149 298.9067 612.0421 5190.9525 1944.0858;
	1778.4571 1160.7166 1853.7946 552.7728 962.1152 1207.1693 991.2201 299.2177 649.9846 5209.7526 1962.1222;
	1751.6657 1144.899 1822.7364 538.8516 928.9042 1152.9935 963.1734 280.8114 655.2293 5230.6504 1921.3;
	1774.0973 1157.6289 1829.1 533.4452 899.4898 1160.9414 974.6 258.0712 622.8114 5282.7904 1952.1706;
	1725.8323 1148.2785 1803.5079 538.4591 886.0 1139.5152 976.2305 245.6212 623.6162 4485.3745 1872.6084;
	1656.5678 1135.0912 1766.5538 525.0922 897.7 1153.6226 983.4261 268.6518 640.6953 5403.5825 1936.0084;
	1558.6952 1093.4 1690.8256 528.2 901.3227 1165.812 981.8568 280.0188 630.766 5581.8128 1968.5989;
	1672.3746 1112.7099 1780.8808 550.12 935.6053 1266.788 1013.4719 292.6628 647.6 5450.6221 2087.9498;
	1730.6 1112.7466 1787.1284 568.4955 934.9275 1272.1193 1034.2978 291.7801 661.4311 5468.8971 2217.8306;
	1762.6551 1114.2448 1735.9375 581.0 912.962 1200.6792 1027.4554 272.478 647.7733 5317.6104 2105.4834;
	1755.0584 1074.9691 1684.2436 581.8 876.9 1206.3322 1011.8953 288.0775 629.9834 5353.7717 2010.1515;
	1619.1177 1009.7 1670.2972 564.5821 841.9037 1154.5041 981.3493 288.9542 590.607 5018.8 1947.469;
	1539.185 957.4315 1572.8342 550.3745 806.8064 1118.3 918.7681 259.172 560.6175 4746.8133 1806.6955;
	1540.3774 933.8407 1524.0283 559.5573 778.9268 1023.4479 868.0695 267.0 517.3268 4627.3506 1606.7724;
	1516.2784 923.2424 1469.4939 550.5252 775.811 1068.9525 860.8706 274.2 481.9 4464.7363 1484.4129;
];
