function windprofile = ex_wind_profilesh1
%EX_WIND_PROFILE_D  Example wind_load_nyiso profile data for deterministic unit commitment.
% 2022.03.12
% Andres F. Ramirez


%% define constants
[GEN_BUS, PG, QG, QMAX, QMIN, VG, MBASE, GEN_STATUS, PMAX, PMIN, ...
    MU_PMAX, MU_PMIN, MU_QMAX, MU_QMIN, PC1, PC2, QC1MIN, QC1MAX, ...
    QC2MIN, QC2MAX, RAMP_AGC, RAMP_10, RAMP_30, RAMP_Q, APF] = idx_gen;
[CT_LABEL, CT_PROB, CT_TABLE, CT_TBUS, CT_TGEN, CT_TBRCH, CT_TAREABUS, ...
    CT_TAREAGEN, CT_TAREABRCH, CT_ROW, CT_COL, CT_CHGTYPE, CT_REP, ...
    CT_REL, CT_ADD, CT_NEWVAL, CT_TLOAD, CT_TAREALOAD, CT_LOAD_ALL_PQ, ...
    CT_LOAD_FIX_PQ, CT_LOAD_DIS_PQ, CT_LOAD_ALL_P, CT_LOAD_FIX_P, ...
    CT_LOAD_DIS_P, CT_TGENCOST, CT_TAREAGENCOST, CT_MODCOST_F, ...
    CT_MODCOST_X] = idx_ct;

windprofile = struct( ...
    'type', 'mpcData', ...
    'table', CT_TGEN, ...
    'rows', [1:45], ...
    'col', PMAX, ...
    'chgtype', 1, ...
    'values', [] );
windprofile.values(:,1,:) = [
	3.9473 53.3365 93.2537 117.717 15.2445 33.3765 32.4317 18.0364 13.4459 17.447 32.2505 48.1114 72.4315 55.5125 201.0605 75.7484 93.9841 99.5951 75.1444 71.6093 10.8106 77.8786 23.441 87.032 102.0711 72.7135 13.58 1317.1255 802.6982 802.6982 747.3429 112.4547 250.4814 184.3224 174.0392 342.4846 1201.5105 260.2619 465.6553 273.4047 118.5074 370.2572 214.7122 279.0789 1214.0262;
	3.9086 52.8139 92.4003 115.6809 15.0655 33.3416 32.6528 17.7281 13.872 13.3111 24.6054 36.7064 55.2613 62.9208 197.0533 74.2387 92.111 97.6101 80.0939 72.0556 10.8843 77.797 25.6899 84.2517 98.6642 70.3908 12.874 1314.2761 834.594 834.594 808.2684 118.3561 266.9795 185.4714 197.2651 356.0934 1292.1858 275.834 465.6961 264.2792 114.7596 369.8692 215.8362 275.2225 1305.6461;
	3.8524 52.0546 89.3305 114.4414 15.355 33.889 33.3334 17.6264 24.4209 13.2491 24.4907 36.5354 55.0038 62.6935 176.7434 66.5871 82.6173 87.5497 79.6731 70.4153 11.1111 79.0743 10.9934 83.7662 97.5001 70.6749 12.7911 1346.4951 811.0664 811.0664 784.3853 117.4674 265.5768 181.2492 196.5527 346.055 1300.9047 288.7616 450.0602 261.161 103.3014 375.9418 216.6514 268.7052 1314.4558;
	3.809 51.4676 88.5952 115.266 15.3246 33.8493 31.1862 17.5018 28.1466 27.3464 50.5494 75.4098 113.529 65.9599 191.3852 72.1033 89.4615 94.8024 79.1868 63.0759 10.3954 78.9818 21.4906 83.6635 97.746 69.9853 12.8775 1291.4226 769.8495 769.8495 771.9328 120.0453 263.956 162.3575 206.7933 328.4691 1194.2592 302.3915 441.6799 261.8197 113.0066 375.5019 189.7759 260.9512 1206.6994;
	3.377 45.6304 91.8279 116.123 15.2917 31.9042 31.0775 17.7481 27.8034 28.4121 52.5194 78.3486 117.9534 63.9085 191.8836 72.291 89.6944 95.0493 82.0468 67.3599 10.3592 74.4431 70.8568 85.2517 100.4305 70.0825 13.0615 1323.088 794.3005 794.3005 779.4632 118.2974 273.4892 173.3845 200.3617 338.9016 1171.8922 292.5921 447.5649 269.0102 114.649 353.9236 194.824 262.5009 1184.0994;
	3.8503 52.0257 90.589 116.9037 15.3066 34.2036 19.1413 17.9841 26.582 28.5385 52.753 78.6971 118.4781 52.09 197.0106 74.2226 92.091 97.589 48.2785 70.8933 6.3804 79.8084 72.6057 87.857 102.739 71.3315 13.4628 1211.2288 770.3716 770.3716 733.2103 115.4577 160.9284 182.4794 163.309 328.6919 1135.7704 246.4602 437.1954 275.1937 114.1812 379.4319 177.6715 270.9997 1147.6013;
	3.751 50.6839 91.8079 116.1553 15.0855 34.2876 13.8245 17.6355 26.8134 29.1304 53.8471 80.3293 120.9353 62.046 192.7705 72.6252 90.109 95.4886 79.9747 71.6517 4.6082 80.0043 74.2984 86.6627 101.7382 70.008 13.3122 1271.1683 771.8271 771.8271 706.5629 114.0801 266.5822 184.4317 194.5226 329.3129 1149.7518 274.3024 385.0382 272.5131 116.6047 380.3634 189.6302 267.2331 1161.7284;
	3.7362 50.4846 91.2518 114.6589 14.4367 33.5906 3.8693 17.8201 18.1119 29.3604 54.2723 80.9636 121.8902 40.6992 195.9167 73.8105 91.5797 97.0471 82.4847 69.7375 1.2898 78.3782 75.3088 84.4368 98.0816 68.4981 13.3967 1277.0328 772.0051 772.0051 745.1455 117.2598 274.9489 179.5046 127.5973 329.3889 1200.3601 301.7565 163.9857 262.7187 119.5679 372.6322 206.4732 263.9761 1212.8639;
	3.9003 52.7016 94.5111 117.4532 15.1694 33.3084 7.3779 18.5645 15.8506 29.5873 54.6916 81.5891 122.832 27.0912 193.4438 72.8788 90.4237 95.8221 83.601 70.8874 2.4593 77.7197 73.9512 88.2002 103.025 70.5676 13.7898 1192.9294 682.4741 682.4741 732.6576 116.6084 278.67 182.4644 84.9345 291.1889 1070.3506 290.8828 6.8672 275.9599 121.271 369.5016 194.745 276.8407 1081.5001;
	3.9003 52.7022 90.0247 112.187 14.9238 32.2784 7.914 18.4999 6.9507 25.9654 47.9967 71.6016 107.7958 25.3311 187.9592 70.8125 87.86 93.1054 85.3037 71.2001 2.638 75.3162 55.1647 86.2295 102.7789 72.3523 13.4986 977.1545 598.6634 598.6634 599.2355 112.6283 284.3456 183.2693 79.4164 255.4297 836.0048 254.5121 0.9379 275.3006 119.7197 358.0745 164.9903 277.4901 844.7132;
	3.6755 49.6641 88.4975 110.1211 15.2337 26.6121 3.2449 17.8493 3.1507 30.1814 55.7898 83.2274 125.2984 5.9193 170.0831 64.0778 79.5039 84.2505 69.8635 69.6786 1.0816 62.095 74.9953 87.316 101.6435 71.4876 13.4683 790.324 633.8614 633.8614 500.643 111.0011 232.8785 179.3529 18.5577 270.4475 726.365 193.5072 0.0 272.2594 120.3014 295.2173 145.5119 271.0001 733.9313;
	3.5752 48.3086 89.631 109.6254 15.317 19.6366 1.8567 17.7912 6.3928 27.2198 50.3154 75.0607 113.0035 1.4582 172.7843 65.0955 80.7666 85.5885 17.297 69.8585 0.6189 45.8188 72.7804 86.6951 102.3578 71.6238 13.2746 585.3881 702.2332 702.2332 500.1559 109.8855 57.6566 179.8159 4.5716 299.6195 798.6975 200.1557 0.0 274.1726 120.1942 217.8358 137.2451 276.2765 807.0173;
	3.8088 51.4653 88.0305 109.0801 15.1705 20.6471 2.641 17.6065 26.1017 23.5972 43.6191 65.0711 97.9642 47.5984 185.2715 69.8 86.6037 91.774 42.2587 69.8037 0.8803 48.1767 71.3882 84.3525 100.438 69.4636 13.3609 647.7793 683.6306 683.6306 505.7742 104.8117 140.8623 179.6748 149.2274 291.6824 610.95 230.221 0.0 269.0304 121.1574 229.0456 138.3565 271.6482 617.3141;
	3.6503 49.3241 87.4107 108.8696 15.1798 20.4351 3.6315 17.8804 19.5441 21.7946 40.2869 60.1001 90.4804 29.5751 196.7951 74.1414 91.9903 97.4822 54.1683 70.9485 1.2105 47.6818 69.6389 84.7763 98.8926 70.4271 13.1547 550.8801 675.9871 675.9871 469.7656 94.4815 180.5611 182.6215 92.7219 288.4211 687.0685 248.7395 0.1861 264.891 121.3061 226.6931 148.3564 264.9976 694.2255;
	3.7781 51.0499 90.0559 113.4999 15.2353 19.7696 7.8893 17.7995 17.9795 26.8025 49.5441 73.9101 111.2712 27.1182 194.6581 73.3363 90.9914 96.4237 59.8719 69.6633 2.6298 46.129 72.4329 86.9206 99.5757 70.275 13.105 428.7023 660.418 660.418 461.9965 91.3027 199.573 179.3135 85.0192 281.7783 620.462 251.1658 25.8969 266.7207 121.0032 219.3102 156.2721 256.292 626.9252;
	3.4673 46.8512 89.6157 114.7635 15.3303 10.6638 7.573 18.1592 16.7575 28.8619 53.3507 79.5888 119.8205 15.2314 188.6476 71.0719 88.1818 93.4464 51.5036 69.912 2.5243 24.8822 72.2165 88.7876 100.989 70.9149 13.3809 457.8752 544.4496 544.4496 411.8254 91.1654 171.6788 179.9536 47.7526 232.2985 492.1192 222.2668 32.7789 270.5063 122.6065 118.2973 142.3745 248.2239 497.2455;
	3.5732 48.2814 93.5899 118.5323 15.3198 20.1512 2.006 18.8335 9.3377 28.5982 52.8633 78.8616 118.7258 32.1451 181.2852 68.2981 84.7403 89.7994 53.3936 71.1441 0.6687 47.0196 70.606 89.9986 105.8944 73.3516 13.849 1066.4993 489.8454 489.8454 323.201 87.6496 177.9785 183.125 100.7791 209.0007 883.6874 242.6412 115.8432 283.6458 122.9499 223.5445 127.9242 258.1423 892.8925;
	3.4555 46.6912 94.9733 120.6276 15.2956 23.9081 0.0 19.1025 7.932 29.5891 54.695 81.5941 122.8395 51.3926 183.832 69.2576 85.9308 91.061 67.0233 70.2139 0.0 55.7855 71.0823 90.0755 106.6908 75.6736 14.0883 1228.6725 608.8185 608.8185 250.1433 64.4805 223.4112 180.7307 161.1227 259.7626 1060.2784 218.4789 112.9767 285.7788 124.0541 265.2201 167.9613 277.571 1071.323;
