function windprofile = ex_wind_profilesh1
%EX_WIND_PROFILE_D  Example wind_load_nyiso profile data for deterministic unit commitment.
% 2022.03.12
% Andres F. Ramirez


%% define constants
[GEN_BUS, PG, QG, QMAX, QMIN, VG, MBASE, GEN_STATUS, PMAX, PMIN, ...
    MU_PMAX, MU_PMIN, MU_QMAX, MU_QMIN, PC1, PC2, QC1MIN, QC1MAX, ...
    QC2MIN, QC2MAX, RAMP_AGC, RAMP_10, RAMP_30, RAMP_Q, APF] = idx_gen;
[CT_LABEL, CT_PROB, CT_TABLE, CT_TBUS, CT_TGEN, CT_TBRCH, CT_TAREABUS, ...
    CT_TAREAGEN, CT_TAREABRCH, CT_ROW, CT_COL, CT_CHGTYPE, CT_REP, ...
    CT_REL, CT_ADD, CT_NEWVAL, CT_TLOAD, CT_TAREALOAD, CT_LOAD_ALL_PQ, ...
    CT_LOAD_FIX_PQ, CT_LOAD_DIS_PQ, CT_LOAD_ALL_P, CT_LOAD_FIX_P, ...
    CT_LOAD_DIS_P, CT_TGENCOST, CT_TAREAGENCOST, CT_MODCOST_F, ...
    CT_MODCOST_X] = idx_ct;

windprofile = struct( ...
    'type', 'mpcData', ...
    'table', CT_TGEN, ...
    'rows', [1:45], ...
    'col', PMAX, ...
    'chgtype', 1, ...
    'values', [] );
windprofile.values(:,1,:) = [
	3.9815 53.799 92.2066 117.0339 14.7759 34.8538 29.5765 18.7225 0.205 17.1827 31.762 47.3826 71.3342 57.2807 203.4998 76.6674 95.1243 100.8034 86.3088 69.399 9.8588 81.3256 21.5138 86.3834 105.2784 76.0302 14.0239 1250.5066 799.2468 799.2468 745.0134 115.0507 287.6961 178.6333 179.5826 341.012 1124.5655 267.3916 454.1435 281.9957 121.3102 386.6451 211.9842 283.05 1136.2797;
	3.9416 53.2592 91.0451 114.4569 14.6999 34.62 30.8336 17.9265 9.0956 13.6685 25.266 37.6919 56.745 67.153 193.5376 72.9141 90.4676 95.8686 87.0831 69.5848 10.2779 80.7799 22.6207 82.8722 98.6974 73.7929 13.3175 1248.5644 788.8541 788.8541 715.9607 112.2759 290.277 179.1114 210.5338 336.5777 1198.631 256.9274 468.9231 264.3681 120.7515 384.0508 207.1506 276.5478 1211.1168;
	3.8572 52.1195 89.1059 113.7443 14.6732 34.5236 32.5934 17.8827 23.3736 15.1936 28.0851 41.8975 63.0764 66.3893 186.0483 70.0926 86.9667 92.1588 89.7693 70.3342 10.8645 80.555 27.4974 85.7401 99.5626 73.6406 13.6128 1246.9686 795.8691 795.8691 752.827 117.397 299.2309 181.0405 208.1395 339.5708 1226.7937 288.8434 478.7371 266.6856 121.1253 382.9816 215.148 264.1598 1239.5728;
	3.7461 50.6179 86.9744 111.2231 14.4344 34.6919 31.5478 17.5839 28.0266 29.5855 54.6884 81.5843 122.8248 69.3691 205.164 77.2943 95.9022 101.6278 89.5198 68.3339 10.5159 80.9478 27.1251 81.9917 96.4779 72.0379 13.4194 1285.7443 817.1328 817.1328 764.2911 120.7184 298.3995 175.8917 217.4815 348.6433 1204.1685 312.0236 478.9534 258.423 120.5989 384.8491 185.207 258.9803 1216.7119;
	3.0762 41.5662 86.3933 114.2376 14.1992 31.7291 30.9396 17.5178 27.4653 29.9587 55.3783 82.6135 124.3742 66.3353 204.3873 77.0017 95.5392 101.243 88.1639 69.4596 10.3132 74.0347 72.9551 84.3936 98.3467 70.6337 13.1065 1272.3293 825.2353 825.2353 783.4549 116.0018 293.8798 178.7893 207.9701 352.1004 1159.3824 338.4417 472.2069 263.4285 122.4438 351.982 177.1323 257.6602 1171.4593;
	3.6348 49.1137 87.2365 110.8019 13.9775 32.4703 19.5004 17.7305 26.1011 30.1064 55.6512 83.0207 124.9872 56.6897 205.8049 77.5358 96.2018 101.9452 60.171 69.7247 6.5001 75.764 74.226 84.883 98.959 73.9334 13.6977 1209.8777 790.2013 790.2013 781.2905 119.9732 200.5699 179.4717 177.7298 337.1525 1153.9529 322.7675 471.5718 265.0688 121.5023 360.2038 156.696 261.5884 1165.9733;
	3.7311 50.4158 88.4756 112.9363 13.9437 33.5896 15.1678 17.563 26.2124 29.3852 54.3181 81.0319 121.9931 68.1578 206.2321 77.6967 96.4015 102.1568 90.1251 73.1934 5.0559 78.3756 73.9192 86.0765 100.7824 73.0943 13.5351 1265.8484 805.1128 805.1128 758.7931 117.9183 300.4171 188.4001 213.6838 343.5148 1189.5942 344.429 452.9289 269.9528 121.663 372.6202 174.7445 269.1407 1201.9858;
	3.7181 50.2395 91.3173 113.5484 13.7937 33.1586 7.987 17.3524 5.3644 28.3564 52.4163 78.1948 117.7218 47.9157 204.4578 77.0283 95.5721 101.2779 88.3662 73.6315 2.6623 77.3702 73.3263 83.5119 97.916 71.3574 13.4548 1264.5877 758.0923 758.0923 716.7449 117.0462 294.5541 189.5278 150.2221 323.4527 1191.1658 333.9067 200.0261 262.2749 121.613 367.8399 197.187 270.085 1203.5738;
	3.602 48.6714 92.5853 117.4302 13.749 31.4511 4.8788 17.5375 6.11 28.8018 53.2396 79.423 119.571 27.2023 201.6997 75.9892 94.2829 99.9117 89.5576 73.1095 1.6263 73.386 73.2246 84.1056 99.237 70.9273 13.1656 1143.0119 635.9402 635.9402 714.5714 114.8334 298.5253 188.184 85.2829 271.3345 976.1994 305.7938 338.8316 265.8133 121.3806 348.8981 172.5232 269.1914 986.3682;
	3.6977 49.9641 90.8113 117.2013 14.3888 31.4098 5.0348 17.9909 5.1821 24.7406 45.7327 68.2241 102.7111 23.0476 196.8924 74.1781 92.0358 97.5304 91.1047 72.362 1.6783 73.2894 48.9631 86.6277 100.6384 72.5112 13.3224 951.1794 567.4424 567.4424 556.404 112.3527 303.6825 186.26 72.2574 242.1087 794.7517 267.1354 263.3862 269.5672 121.6799 348.439 151.542 272.2113 803.0304;
	3.5806 48.3821 91.9452 114.9144 14.3144 25.3491 2.2761 17.3898 3.2373 27.6977 51.1988 76.3785 114.9874 2.5506 200.6607 75.5978 93.7972 99.397 83.0501 71.7726 0.7587 59.148 72.7626 88.7035 101.1509 70.789 13.3349 823.6664 607.8948 607.8948 512.2278 113.6103 276.8337 184.7428 7.9966 259.3684 749.5164 208.5918 245.3187 270.9399 119.3968 281.2063 135.8934 261.9166 757.3239;
	3.1051 41.9569 92.0566 113.4027 14.5713 19.0504 0.7579 18.0801 0.5856 25.3916 46.9359 70.0192 105.4135 3.4759 201.3297 75.8498 94.1099 99.7284 38.5527 70.5319 0.2526 44.451 69.3902 87.3499 101.4014 71.5716 13.5348 625.4193 669.7077 669.7077 508.1177 113.0874 128.509 181.5493 10.8973 285.742 810.8458 225.6396 152.3316 271.6109 121.3268 211.3325 130.3402 268.6214 819.2922;
	3.8179 51.5877 93.6786 117.8078 14.6782 22.7403 1.925 18.5613 24.8219 20.8759 38.5889 57.567 86.6668 50.3048 191.5143 72.1519 89.5218 94.8664 49.5501 68.3272 0.6417 53.0606 68.0943 87.8339 103.6948 70.2729 13.9868 651.3753 676.0709 676.0709 534.4498 105.4118 165.167 175.8743 157.7124 288.4569 637.6709 231.865 172.4525 277.7541 119.9344 252.2653 145.9904 277.1485 644.3133;
	3.7393 50.5257 89.8914 112.2123 14.369 21.0899 2.5808 17.4495 18.9235 20.4603 37.8205 56.4208 84.9412 40.3741 194.2549 73.1844 90.8029 96.2239 40.999 70.0934 0.8603 49.2098 68.4955 83.4276 98.8524 69.2991 13.299 540.0194 660.02 660.02 498.0679 91.2783 136.6634 180.4207 126.5784 281.6085 711.2272 233.4608 143.8519 264.7833 120.4728 233.9573 157.5563 263.4942 718.6358;
	3.7652 50.876 90.7039 114.8336 14.5266 19.5645 5.8746 17.81 3.9146 22.3705 41.3514 61.6882 92.8713 33.066 189.6649 71.4551 88.6573 93.9503 55.2338 69.8114 1.9582 45.6505 68.4426 86.1489 99.0667 71.0205 13.294 413.0065 649.9848 649.9848 453.5958 88.3747 184.1125 179.6948 103.6665 277.3269 620.2438 230.7997 350.5045 265.3573 121.6591 217.0353 164.1392 247.4524 626.7047;
	3.4079 46.0478 90.9495 117.1029 14.2151 10.2932 4.6397 17.8265 1.5227 25.0801 46.3602 69.1603 104.1204 25.4955 177.637 66.9237 83.0349 87.9923 56.2414 69.2246 1.5466 24.0175 61.8056 87.8375 98.5499 70.5879 13.6236 426.9534 501.6225 501.6225 415.5752 90.166 187.4714 178.1843 79.9319 214.0256 503.7684 211.7636 188.1416 263.9729 123.1595 114.1861 154.6878 225.764 509.016;
	3.3776 45.6383 89.8338 112.3725 14.2613 18.3758 9.958 17.9881 1.2214 27.5129 50.8571 75.8689 114.2201 37.4529 189.6091 71.4341 88.6313 93.9227 62.3288 70.3634 3.3193 42.8768 68.6931 86.0295 100.1877 70.0892 13.4503 985.9075 434.8506 434.8506 293.2154 86.1899 207.7626 181.1155 117.4198 185.5363 858.8343 217.982 114.9506 268.3599 121.0881 203.8484 129.1119 224.0797 867.7805;
	3.0899 41.7518 87.1005 112.5289 14.3696 20.1242 10.9483 18.098 0.0131 28.3698 52.4411 78.2317 117.7775 61.943 202.284 76.2093 94.556 100.2012 81.5222 73.425 3.6494 46.9564 69.4967 85.318 98.4513 70.8599 13.6435 1202.0825 588.6893 588.6893 222.8881 68.2418 271.7406 188.996 194.1998 251.1741 1096.4672 206.0062 132.635 263.7089 118.3822 223.244 163.2952 257.53 1107.8887;
