function solarprofile = ex_solar_profilesh1
%EX_WIND_PROFILE_D  Example wind_load_nyiso profile data for deterministic unit commitment.
% 2022.03.12
% Andres F. Ramirez


%% define constants
[GEN_BUS, PG, QG, QMAX, QMIN, VG, MBASE, GEN_STATUS, PMAX, PMIN, ...
    MU_PMAX, MU_PMIN, MU_QMAX, MU_QMIN, PC1, PC2, QC1MIN, QC1MAX, ...
    QC2MIN, QC2MAX, RAMP_AGC, RAMP_10, RAMP_30, RAMP_Q, APF] = idx_gen;
[CT_LABEL, CT_PROB, CT_TABLE, CT_TBUS, CT_TGEN, CT_TBRCH, CT_TAREABUS, ...
    CT_TAREAGEN, CT_TAREABRCH, CT_ROW, CT_COL, CT_CHGTYPE, CT_REP, ...
    CT_REL, CT_ADD, CT_NEWVAL, CT_TLOAD, CT_TAREALOAD, CT_LOAD_ALL_PQ, ...
    CT_LOAD_FIX_PQ, CT_LOAD_DIS_PQ, CT_LOAD_ALL_P, CT_LOAD_FIX_P, ...
    CT_LOAD_DIS_P, CT_TGENCOST, CT_TAREAGENCOST, CT_MODCOST_F, ...
    CT_MODCOST_X] = idx_ct;

solarprofile = struct( ...
    'type', 'mpcData', ...
    'table', CT_TGEN, ...
    'rows', [1:12], ...
    'col', PMAX, ...
    'chgtype', 1, ...
    'values', [] );
solarprofile.values(:,1,:) = [
	0.0 0.0 0.0 0.0 0.0 0.0 0.0 0.0 0.0 0.0 0.0 0.0;
	0.0 0.0 0.0 0.0 0.0 0.0 0.0 0.0 0.0 0.0 0.0 0.0;
	0.0 0.0 0.0 0.0 0.0 0.0 0.0 0.0 0.0 0.0 0.0 0.0;
	0.0 0.0 0.0 0.0 0.0 0.0 0.0 0.0 0.0 0.0 0.0 0.0;
	0.0 0.0 0.0 0.0 0.0 0.0 0.0 0.0 0.0 0.0 0.0 0.0;
	0.4252 0.3668 0.3103 0.0 0.0 0.1765 0.0221 0.1431 0.0956 0.0 0.0 0.0;
	4.8937 1.9143 1.9542 3.1292 1.8607 89.2521 11.1565 13.0775 123.1619 12.9525 20.3594 23.457;
	7.9862 2.6022 2.1113 4.4696 2.706 141.3346 17.6668 26.4348 177.622 98.9374 31.2151 179.1763;
	11.8191 3.7933 2.9366 5.329 2.7507 175.7135 21.9642 41.3962 214.0518 195.2146 38.7037 353.5348;
	16.3469 8.8434 10.3037 10.4769 11.1882 256.2921 32.0365 55.3157 295.8328 127.0436 27.5534 230.0767;
	16.754 9.89 11.5486 11.1451 10.2993 234.8693 29.3587 59.3135 291.046 114.4628 125.8786 207.2929;
	12.8151 8.9194 11.2098 11.233 10.3703 176.119 22.0149 51.2417 257.1865 169.9197 166.3491 307.7257;
	2.2194 3.4928 4.7217 10.7912 8.0309 224.0301 28.0038 23.2358 250.807 188.1202 105.3618 340.6868;
	1.8633 2.419 2.2888 9.5491 8.0316 256.6221 32.0778 19.9923 261.1746 175.9221 69.1506 318.5959;
	1.5195 1.2969 1.5612 6.8326 7.2922 327.9034 40.9879 24.5954 276.0898 138.7846 28.7517 251.3397;
	0.6672 0.1398 0.4089 4.1019 3.0675 450.6501 56.3313 55.0477 280.6628 27.9266 4.301 50.5752;
	0.2069 0.1875 0.1816 1.3033 1.2646 81.3677 10.171 8.8456 47.9012 71.2191 4.4751 128.9783;
	0.0 0.0 0.0 0.0 0.0 0.0 0.0 0.0 0.0 0.0 0.0 0.0;
	0.0 0.0 0.0 0.0 0.0 0.0 0.0 0.0 0.0 0.0 0.0 0.0;
	0.0 0.0 0.0 0.0 0.0 0.0 0.0 0.0 0.0 0.0 0.0 0.0;
	0.0 0.0 0.0 0.0 0.0 0.0 0.0 0.0 0.0 0.0 0.0 0.0;
	0.0 0.0 0.0 0.0 0.0 0.0 0.0 0.0 0.0 0.0 0.0 0.0;
	0.0 0.0 0.0 0.0 0.0 0.0 0.0 0.0 0.0 0.0 0.0 0.0;
	0.0 0.0 0.0 0.0 0.0 0.0 0.0 0.0 0.0 0.0 0.0 0.0;
];
