function loadprofile = ex_load_profilesh1
%EX_LOAD_PROFILE  Example load profile data file for stochastic unit commitment.
% 2022.03.12
% Andres F. Ramirez

%% define constants
[CT_LABEL, CT_PROB, CT_TABLE, CT_TBUS, CT_TGEN, CT_TBRCH, CT_TAREABUS, ...
    CT_TAREAGEN, CT_TAREABRCH, CT_ROW, CT_COL, CT_CHGTYPE, CT_REP, ...
    CT_REL, CT_ADD, CT_NEWVAL, CT_TLOAD, CT_TAREALOAD, CT_LOAD_ALL_PQ, ...
    CT_LOAD_FIX_PQ, CT_LOAD_DIS_PQ, CT_LOAD_ALL_P, CT_LOAD_FIX_P, ...
    CT_LOAD_DIS_P, CT_TGENCOST, CT_TAREAGENCOST, CT_MODCOST_F, ...
    CT_MODCOST_X] = idx_ct;

loadprofile = struct( ...
    'type', 'mpcData', ...
    'table', CT_TAREALOAD, ...
    'rows', [1:11], ...
    'col', CT_LOAD_ALL_P, ...
    'chgtype', 1, ...
    'values', [] );
loadprofile.values(:,1,:) = [
	1523.6816 889.8521 1622.2116 524.0202 761.326 1112.2739 829.3637 228.2593 504.6213 4395.1623 1699.9613;
	1504.4668 893.0841 1606.9 503.6194 754.4 1096.2724 805.6 219.6 488.2 4294.1367 1655.9443;
	1555.4898 916.4872 1678.3776 521.2 761.0612 1097.7728 817.6748 224.7573 490.3 4266.592 1682.5925;
	1615.3803 971.9945 1746.6871 539.8039 818.7178 1174.9503 862.103 237.6899 527.5 4526.714 1802.2407;
	1769.0722 1090.3 1941.5183 564.1 935.072 1298.6996 964.7 289.4949 608.1239 5023.804 2077.1121;
	1847.7902 1156.6 2076.5482 587.6112 1017.9666 1418.8823 1030.5 337.7479 668.2236 5490.6206 2197.1602;
	1889.5911 1193.2734 2090.6898 563.1754 1025.3246 1420.4 1060.6 340.9607 679.3137 5788.6382 2309.2396;
	1931.8972 1248.0 2136.743 554.7951 1054.5266 1473.0262 1120.6127 382.9192 705.8368 6046.6733 2436.511;
	1892.2314 1207.1 2084.9984 555.785 996.4344 1349.3551 1067.1304 353.0407 696.4805 5879.4684 2363.6003;
	1876.5261 1211.9 2095.3889 545.7841 1015.9513 1381.5228 1102.8239 359.2014 706.0319 5988.8665 2408.8123;
	1880.0505 1219.1649 2059.5188 548.2454 983.265 1418.882 1153.3649 361.3389 731.5647 6101.8793 2442.7893;
	1834.0284 1178.3409 2017.3154 537.2091 969.8979 1362.3286 1099.1 336.2259 713.5431 6066.1396 2314.7;
	1877.1126 1194.3554 2105.1034 541.1652 973.7528 1408.2612 1159.5813 323.8795 714.9272 6079.9 2400.5194;
	1820.3001 1142.6889 1985.4517 532.5 954.2404 1390.0418 1073.6502 324.9066 712.1993 5962.4513 2363.1;
	1852.9945 1142.6326 1996.6174 535.8399 978.4478 1374.6441 1101.0744 332.406 726.4759 6026.2225 2370.4183;
	1851.5843 1174.1104 1996.3775 542.9172 970.2309 1385.0229 1089.9617 317.1 720.683 5959.3991 2368.4835;
	1849.9139 1149.4723 1969.7023 533.2561 990.677 1399.5258 1151.4144 329.1897 710.2421 5791.2092 2505.1843;
	1903.5492 1190.3711 1976.6304 534.5332 1032.3639 1454.0857 1200.1289 350.6157 716.2095 5851.0233 2591.8726;
	1962.5848 1236.1407 2010.6036 543.7179 1006.1287 1451.1938 1215.9896 351.1265 727.1949 5871.8733 2630.7943;
	1849.2977 1136.2051 1882.3764 540.0832 955.9 1346.3748 1134.1157 327.6556 693.5607 5618.3057 2376.1398;
	1704.1574 1052.3187 1768.591 524.5 908.7169 1243.2801 1056.3584 302.3344 640.9351 5326.4821 2183.5712;
	1622.3904 997.8297 1681.4198 512.2 858.7786 1184.5079 999.7307 272.2 601.7105 5027.4528 2005.6191;
	1648.3299 955.55 1637.335 532.6621 802.4022 1186.6496 943.6067 264.4066 543.1342 4761.5733 1839.0629;
	1620.4111 920.4067 1616.6933 530.2134 794.1752 1129.9428 897.3172 251.9332 524.0238 4587.4993 1767.4;
];
