function solarprofile = ex_solar_profilesh1
%EX_WIND_PROFILE_D  Example wind_load_nyiso profile data for deterministic unit commitment.
% 2022.03.12
% Andres F. Ramirez


%% define constants
[GEN_BUS, PG, QG, QMAX, QMIN, VG, MBASE, GEN_STATUS, PMAX, PMIN, ...
    MU_PMAX, MU_PMIN, MU_QMAX, MU_QMIN, PC1, PC2, QC1MIN, QC1MAX, ...
    QC2MIN, QC2MAX, RAMP_AGC, RAMP_10, RAMP_30, RAMP_Q, APF] = idx_gen;
[CT_LABEL, CT_PROB, CT_TABLE, CT_TBUS, CT_TGEN, CT_TBRCH, CT_TAREABUS, ...
    CT_TAREAGEN, CT_TAREABRCH, CT_ROW, CT_COL, CT_CHGTYPE, CT_REP, ...
    CT_REL, CT_ADD, CT_NEWVAL, CT_TLOAD, CT_TAREALOAD, CT_LOAD_ALL_PQ, ...
    CT_LOAD_FIX_PQ, CT_LOAD_DIS_PQ, CT_LOAD_ALL_P, CT_LOAD_FIX_P, ...
    CT_LOAD_DIS_P, CT_TGENCOST, CT_TAREAGENCOST, CT_MODCOST_F, ...
    CT_MODCOST_X] = idx_ct;

solarprofile = struct( ...
    'type', 'mpcData', ...
    'table', CT_TGEN, ...
    'rows', [1:12], ...
    'col', PMAX, ...
    'chgtype', 1, ...
    'values', [] );
solarprofile.values(:,1,:) = [
	0.0 0.0 0.0 0.0 0.0 0.0 0.0 0.0 0.0 0.0 0.0 0.0;
	0.0 0.0 0.0 0.0 0.0 0.0 0.0 0.0 0.0 0.0 0.0 0.0;
	0.0 0.0 0.0 0.0 0.0 0.0 0.0 0.0 0.0 0.0 0.0 0.0;
	0.0 0.0 0.0 0.0 0.0 0.0 0.0 0.0 0.0 0.0 0.0 0.0;
	0.0 0.0 0.0 0.0 0.0 0.0 0.0 0.0 0.0 0.0 0.0 0.0;
	0.4728 0.3668 0.311 0.0 0.0 0.1765 0.0221 0.1431 0.0956 0.0 0.0 0.0;
	2.261 2.5974 1.4443 0.755 0.0 87.2492 10.9061 5.1029 51.7852 3.806 3.6755 6.8927;
	8.3975 6.6687 5.1626 1.6972 0.4749 204.3432 25.5429 10.703 55.7609 47.9597 23.8136 86.8553;
	16.2788 11.5581 8.9317 4.3308 1.8604 257.5807 32.1976 14.5131 62.7014 192.5399 85.2783 348.6909;
	22.2688 14.7947 13.15 11.0786 12.2727 234.8815 29.3602 16.7314 140.1694 260.7258 124.0491 472.176;
	23.2602 16.5155 14.0259 11.229 10.9987 312.1164 39.0146 26.3826 198.2485 275.3399 159.9876 498.6423;
	23.1128 16.6236 13.9805 11.2082 9.739 336.3152 42.0394 31.7853 215.8691 273.6999 155.5385 495.6722;
	17.6865 12.154 8.6595 10.0984 6.8555 257.2745 32.1593 36.9991 232.2033 129.2578 21.474 234.0867;
	10.0389 7.2389 4.5809 8.686 8.2223 175.3655 21.9207 27.9173 216.4223 77.9457 18.537 141.1601;
	5.9038 3.3477 1.8435 7.4631 8.5604 98.4468 12.3058 19.6381 200.4307 33.698 12.9863 61.0273;
	1.2205 0.539 0.6069 4.992 4.9775 109.3003 13.6625 10.7142 187.4197 0.0 0.0074 0.0;
	0.3398 0.2311 0.2549 1.557 1.4686 69.3266 8.6658 4.3662 51.6244 0.0 2.0675 0.0;
	0.0 0.0 0.0 0.0 0.0 0.0 0.0 0.0 0.0 0.0 0.0 0.0;
	0.0 0.0 0.0 0.0 0.0 0.0 0.0 0.0 0.0 0.0 0.0 0.0;
	0.0 0.0 0.0 0.0 0.0 0.0 0.0 0.0 0.0 0.0 0.0 0.0;
	0.0 0.0 0.0 0.0 0.0 0.0 0.0 0.0 0.0 0.0 0.0 0.0;
	0.0 0.0 0.0 0.0 0.0 0.0 0.0 0.0 0.0 0.0 0.0 0.0;
	0.0 0.0 0.0 0.0 0.0 0.0 0.0 0.0 0.0 0.0 0.0 0.0;
	0.0 0.0 0.0 0.0 0.0 0.0 0.0 0.0 0.0 0.0 0.0 0.0;
];
