function loadprofile = ex_load_profilesh1
%EX_LOAD_PROFILE  Example load profile data file for stochastic unit commitment.
% 2022.03.12
% Andres F. Ramirez

%% define constants
[CT_LABEL, CT_PROB, CT_TABLE, CT_TBUS, CT_TGEN, CT_TBRCH, CT_TAREABUS, ...
    CT_TAREAGEN, CT_TAREABRCH, CT_ROW, CT_COL, CT_CHGTYPE, CT_REP, ...
    CT_REL, CT_ADD, CT_NEWVAL, CT_TLOAD, CT_TAREALOAD, CT_LOAD_ALL_PQ, ...
    CT_LOAD_FIX_PQ, CT_LOAD_DIS_PQ, CT_LOAD_ALL_P, CT_LOAD_FIX_P, ...
    CT_LOAD_DIS_P, CT_TGENCOST, CT_TAREAGENCOST, CT_MODCOST_F, ...
    CT_MODCOST_X] = idx_ct;

loadprofile = struct( ...
    'type', 'mpcData', ...
    'table', CT_TAREALOAD, ...
    'rows', [1:11], ...
    'col', CT_LOAD_ALL_P, ...
    'chgtype', 1, ...
    'values', [] );
loadprofile.values(:,1,:) = [
	1494.1974 916.3933 1534.641 518.5275 714.9419 1015.0033 792.3381 243.1006 505.7024 4384.6867 1688.0134;
	1444.9 895.7761 1548.2076 513.8 705.4031 1025.9906 781.2 249.9694 499.2344 4350.684 1689.941;
	1499.0193 916.0747 1565.1765 515.1223 708.5063 1036.1547 782.7057 260.5314 501.1371 4317.1697 1674.658;
	1593.6164 984.0072 1655.6228 536.6909 792.6695 1091.385 827.4 282.2494 533.2682 4592.6218 1778.5546;
	1763.4621 1110.6449 1905.009 577.9901 899.7037 1288.5467 943.5 326.4135 611.8486 5142.0983 1993.4853;
	1907.952 1201.0687 1973.3934 608.7235 965.6 1418.5453 1023.0884 348.974 692.5785 5637.0 2157.1004;
	1959.0243 1241.774 2007.7716 597.3853 991.9367 1420.8771 1055.9238 360.5537 729.0271 6043.0135 2220.6876;
	1959.0162 1251.9079 1990.1966 593.0128 999.2456 1392.681 1049.7771 361.4525 752.3439 6160.4959 2242.9465;
	1953.3635 1267.1121 2029.991 598.0647 1018.9236 1435.4059 1074.6 357.3808 770.3874 6351.1368 2329.6268;
	2002.3221 1297.1884 2090.8314 580.419 1021.2135 1420.7092 1051.6497 366.3139 768.7474 6399.9281 2358.5115;
	1948.5255 1301.5468 2122.9088 582.9017 989.1507 1417.3593 1040.1538 370.7644 771.061 6460.3151 2455.1188;
	1928.6 1255.8394 2051.5969 572.4537 945.8814 1371.1674 1059.3347 370.3673 776.7294 6391.0943 2411.514;
	1913.412 1253.2279 2012.1593 573.1349 961.1739 1369.6 1055.0419 360.8338 768.737 6328.3998 2488.1499;
	1808.4762 1174.6 1985.7306 559.3999 920.5444 1283.2213 990.2 341.3876 714.1027 6185.169 2289.9276;
	1809.1079 1184.2826 2010.3276 551.2589 933.1 1299.1951 1014.1004 343.5031 730.3214 6222.7948 2377.4646;
	1783.0941 1170.568 2023.4254 562.8747 964.7072 1336.9395 1007.5009 331.5 728.4681 6154.9974 2321.526;
	1790.3296 1199.6377 2045.8542 568.0637 1005.5784 1362.3645 1094.8575 367.2533 787.6556 6461.3323 2661.7466;
	1807.2326 1198.2564 2053.0206 557.219 1038.1337 1433.9796 1134.672 370.5915 799.8904 6377.1868 2721.3533;
	1835.8042 1193.8497 2007.5298 561.7 1030.4536 1405.2547 1112.7879 360.4232 752.7499 6021.8217 2598.1953;
	1773.4 1133.3532 1907.513 546.6227 966.5 1318.3205 1052.9369 336.8791 689.6606 5620.3471 2373.3;
	1673.8007 1047.7 1803.1031 524.9748 910.0525 1232.9796 994.9467 318.4825 678.5199 5631.2388 2352.8037;
	1589.7836 991.7732 1697.1923 532.3306 840.0086 1170.6982 939.7836 283.4101 627.8878 5193.5968 2215.9042;
	1529.1503 960.2846 1669.5524 535.9267 772.9778 1154.3377 896.8 269.1 625.1014 5008.7716 2031.0611;
	1543.8006 946.2804 1646.3653 542.0 750.7201 1115.9129 877.0646 253.203 587.2586 4893.7051 1953.4546;
];
