function windprofile = ex_wind_profilesh1
%EX_WIND_PROFILE_D  Example wind_load_nyiso profile data for deterministic unit commitment.
% 2022.03.12
% Andres F. Ramirez


%% define constants
[GEN_BUS, PG, QG, QMAX, QMIN, VG, MBASE, GEN_STATUS, PMAX, PMIN, ...
    MU_PMAX, MU_PMIN, MU_QMAX, MU_QMIN, PC1, PC2, QC1MIN, QC1MAX, ...
    QC2MIN, QC2MAX, RAMP_AGC, RAMP_10, RAMP_30, RAMP_Q, APF] = idx_gen;
[CT_LABEL, CT_PROB, CT_TABLE, CT_TBUS, CT_TGEN, CT_TBRCH, CT_TAREABUS, ...
    CT_TAREAGEN, CT_TAREABRCH, CT_ROW, CT_COL, CT_CHGTYPE, CT_REP, ...
    CT_REL, CT_ADD, CT_NEWVAL, CT_TLOAD, CT_TAREALOAD, CT_LOAD_ALL_PQ, ...
    CT_LOAD_FIX_PQ, CT_LOAD_DIS_PQ, CT_LOAD_ALL_P, CT_LOAD_FIX_P, ...
    CT_LOAD_DIS_P, CT_TGENCOST, CT_TAREAGENCOST, CT_MODCOST_F, ...
    CT_MODCOST_X] = idx_ct;

windprofile = struct( ...
    'type', 'mpcData', ...
    'table', CT_TGEN, ...
    'rows', [1:45], ...
    'col', PMAX, ...
    'chgtype', 1, ...
    'values', [] );
windprofile.values(:,1,:) = [
	4.0247 54.3819 94.7367 119.799 15.2654 35.0053 31.5089 18.7807 10.3294 14.8699 27.4869 41.005 61.7328 54.1442 205.3533 77.3657 95.9907 101.7215 90.0816 73.4385 10.503 81.6789 25.1323 87.5927 105.2079 75.6152 13.9633 1243.3033 798.8265 798.8265 696.7174 107.0857 300.272 189.0308 169.7493 340.8326 1181.1753 256.2351 456.2545 281.8069 121.7693 388.3249 217.0407 281.3517 1193.4792;
	3.9668 53.6002 94.3935 119.8737 15.0719 35.0994 31.8859 18.9825 12.4684 13.5527 25.052 37.3726 56.2643 61.6066 203.677 76.7341 95.2072 100.8912 88.3463 72.4191 10.6286 81.8986 32.1062 88.5897 105.751 74.8652 13.7726 1211.0392 799.0483 799.0483 710.3792 111.2197 294.4877 186.407 193.145 340.9273 1215.8885 245.59 453.1424 283.2617 120.1319 389.3696 215.728 282.4395 1228.554;
	3.908 52.8052 92.4005 118.3607 14.9981 35.115 32.6772 18.1989 24.3658 14.2899 26.4147 39.4056 59.3249 57.8162 187.6079 70.6802 87.6958 92.9314 85.7572 72.1228 10.8924 81.9349 28.7996 87.2307 104.3838 72.7093 13.4544 1234.075 797.6079 797.6079 697.9686 112.3917 285.8572 185.6441 181.2615 340.3127 1219.0641 263.6017 452.5628 279.5995 121.5283 389.542 212.1552 265.0261 1231.7627;
	3.868 52.265 90.8819 119.0575 14.7818 35.1344 31.6477 18.2847 28.3535 29.3643 54.2794 80.9742 121.9062 64.2521 204.3924 77.0037 95.5416 101.2455 85.1725 70.3357 10.5492 81.9803 29.4834 86.1598 103.609 72.4268 13.3997 1175.6269 789.5619 789.5619 723.3103 114.783 283.9084 181.0444 201.4389 336.8797 1155.9445 286.2281 469.054 277.5241 119.0264 389.7575 181.9896 269.7971 1167.9856;
	3.4454 46.5549 91.3828 120.8019 14.8037 33.8493 31.7557 18.4305 28.3588 30.0001 55.4547 82.7275 124.5458 65.88 201.2658 75.8257 94.0801 99.6968 85.4277 68.3221 10.5852 78.9817 72.9048 88.8672 105.6812 74.0194 13.1653 1241.1711 819.4457 819.4457 761.0579 115.1907 284.7591 175.8612 206.5428 349.6302 1161.6955 307.7111 468.6094 283.0747 122.1373 375.5015 182.338 277.5239 1173.7965;
	3.8838 52.4787 94.5902 120.5344 14.9032 35.0158 19.2063 18.0042 27.4457 30.1265 55.6883 83.076 125.0705 54.8204 203.3281 76.6027 95.0441 100.7183 58.7459 71.4515 6.4021 81.7035 74.0383 88.9854 105.5227 74.0033 13.492 1220.0149 818.8404 818.8404 771.7407 118.768 195.8198 183.9164 171.8694 349.3719 1171.2713 303.3157 468.051 282.6502 116.7907 388.442 163.3541 275.9351 1183.4721;
	3.8609 52.1687 93.2604 118.8662 14.5596 35.0513 13.9316 18.2977 26.9029 29.5902 54.697 81.5972 122.8441 66.0334 194.967 73.4527 91.1357 96.5767 83.5518 71.0637 4.6439 81.7863 73.6394 89.6358 105.6992 76.1143 13.8333 1222.2877 807.0785 807.0785 722.7667 115.1722 278.5061 182.9182 207.0236 344.3535 1133.0339 302.6575 434.5521 283.1228 119.8634 388.8353 174.3886 277.6873 1144.8363;
	3.8984 52.6757 94.5325 119.3393 15.154 34.6846 8.4969 18.2428 27.0508 28.8835 53.3908 79.6485 119.9104 42.5869 199.7988 75.273 93.3943 98.9701 83.6448 70.686 2.8323 80.9307 71.5165 88.9311 105.7645 75.6258 13.7548 1260.725 802.2525 802.2525 720.6679 114.7678 278.816 181.946 133.5156 342.2944 1226.5933 314.5471 196.2396 283.2978 119.0765 384.7678 199.929 282.0462 1239.3703;
	3.8735 52.3396 92.598 116.2123 14.9379 31.901 1.9489 18.0948 13.3612 28.2778 52.2712 77.9783 117.3959 24.2657 194.6733 73.342 90.9984 96.4312 88.0715 70.4442 0.6496 74.4356 70.1502 88.7845 106.0995 75.1872 13.5264 1162.1695 686.1285 686.1285 651.8874 113.3403 293.5718 181.3235 76.0761 292.7482 994.7788 286.6003 78.9717 284.195 121.5891 353.8883 181.6401 280.3702 1005.1411;
	3.8884 52.5415 90.6951 119.4255 15.1765 31.5802 9.3658 18.3295 27.099 24.3287 44.9713 67.0883 101.0011 22.7251 191.9621 72.3206 89.7311 95.0882 89.7052 71.8465 3.1219 73.6871 46.4316 87.6682 103.6206 72.7888 13.4239 963.6625 616.7132 616.7132 577.7037 115.0342 299.0175 184.933 71.2463 263.131 821.6494 266.4666 415.3556 277.5552 122.4564 350.3297 156.5899 277.2275 830.2082;
	3.6007 48.653 88.5196 113.4052 14.829 25.8524 0.0 17.5377 12.1478 28.6641 52.9852 79.0435 118.9995 14.4084 196.6714 74.0948 91.9324 97.421 77.4181 71.3545 0.0 60.3222 72.3397 87.5885 102.0528 72.0128 13.3731 763.513 664.6062 664.6062 504.7636 110.7991 258.0604 183.6667 45.1721 283.5653 721.3077 205.6987 127.5797 273.3558 119.5237 286.7891 130.2722 268.4942 728.8213;
	3.5479 47.9401 92.1058 115.7858 15.2137 19.8864 2.1594 18.0741 26.6561 27.6486 51.108 76.2431 114.7836 17.5901 203.0388 76.4937 94.9089 100.5751 31.7074 71.3507 0.7198 46.4016 72.5808 87.8335 102.1813 73.6496 13.3642 573.8328 735.793 735.793 518.2393 105.9961 105.6912 183.6569 55.1473 313.9383 800.4037 210.3905 245.274 273.6999 122.1415 220.6063 131.2546 270.676 808.7412;
	3.721 50.2793 93.2646 116.5404 15.0999 21.9468 3.2056 18.3809 27.0308 24.7136 45.6828 68.1497 102.599 52.8267 196.9962 74.2172 92.0843 97.5818 46.6556 70.2857 1.0685 51.2091 72.3096 88.6258 104.1473 74.2711 13.6175 602.7179 723.4759 723.4759 529.9475 101.2777 155.5187 180.9155 165.6188 308.683 616.8166 239.4654 177.3284 278.966 120.8572 243.4627 131.9197 268.7815 623.2418;
	3.6555 49.3936 90.7777 113.4723 15.1681 19.8114 1.7438 17.7378 19.8579 23.3451 43.153 64.3758 96.9174 39.5138 203.2986 76.5916 95.0303 100.7037 50.3749 71.6161 0.5813 46.2266 70.8908 87.4366 98.9457 70.1 13.1588 527.1524 687.2004 687.2004 466.7374 90.5551 167.9163 184.34 123.8811 293.2055 684.3661 236.309 123.1526 265.0331 118.4977 219.7747 141.0919 261.3446 691.4949;
	3.6721 49.6177 87.78 111.5756 14.8575 18.1172 0.0094 17.4985 2.0738 21.4241 39.6021 59.0786 88.9425 32.3759 196.5069 74.0328 91.8556 97.3395 66.4804 70.3023 0.0031 42.2735 67.9313 85.0273 95.8187 72.4536 13.0122 374.7724 664.5528 664.5528 438.4827 87.0943 221.6014 180.9584 101.503 283.5425 581.2463 244.7546 25.7032 256.6571 116.4539 200.9802 150.0284 240.6194 587.3009;
	3.538 47.8067 93.1639 118.0218 14.9622 10.7698 2.2568 17.9618 12.4207 25.9471 47.9629 71.5512 107.7199 22.8974 183.3561 69.0783 85.7083 90.8252 62.0562 71.3971 0.7523 25.1294 69.1638 87.9353 99.3758 73.3416 13.582 427.2386 560.5072 560.5072 400.0619 90.5405 206.8539 183.7764 71.7866 239.1497 497.5114 227.5634 137.999 266.1853 121.8848 119.4726 144.4575 251.2213 502.6938;
	3.4643 46.8107 87.824 111.8759 14.4144 18.1653 1.0811 17.9566 5.7651 28.0941 51.9315 77.4716 116.6331 32.0956 192.6712 72.5878 90.0626 95.4395 66.9782 72.5393 0.3604 42.3858 73.9032 84.7423 98.4825 69.9166 13.3484 938.8132 467.7571 467.7571 284.6306 90.8334 223.2606 186.7163 100.6241 199.5764 782.8168 242.2805 123.7498 263.7925 120.596 201.514 118.8959 217.7883 790.9711;
	3.3109 44.7369 86.2692 109.5734 14.7656 21.3353 1.9791 17.4515 9.8938 28.7296 53.1062 79.224 119.2712 56.0252 194.1083 73.1292 90.7343 96.1513 74.7288 70.7098 0.6597 49.7825 73.841 83.9158 94.5583 69.4598 13.3014 1098.5308 582.7728 582.7728 214.9116 65.8926 249.0959 182.0071 175.6466 248.6497 939.6772 211.8628 134.3559 253.2811 119.678 236.6801 170.3765 248.7729 949.4655;
