function windprofile = ex_wind_profilesh1
%EX_WIND_PROFILE_D  Example wind_load_nyiso profile data for deterministic unit commitment.
% 2022.03.12
% Andres F. Ramirez


%% define constants
[GEN_BUS, PG, QG, QMAX, QMIN, VG, MBASE, GEN_STATUS, PMAX, PMIN, ...
    MU_PMAX, MU_PMIN, MU_QMAX, MU_QMIN, PC1, PC2, QC1MIN, QC1MAX, ...
    QC2MIN, QC2MAX, RAMP_AGC, RAMP_10, RAMP_30, RAMP_Q, APF] = idx_gen;
[CT_LABEL, CT_PROB, CT_TABLE, CT_TBUS, CT_TGEN, CT_TBRCH, CT_TAREABUS, ...
    CT_TAREAGEN, CT_TAREABRCH, CT_ROW, CT_COL, CT_CHGTYPE, CT_REP, ...
    CT_REL, CT_ADD, CT_NEWVAL, CT_TLOAD, CT_TAREALOAD, CT_LOAD_ALL_PQ, ...
    CT_LOAD_FIX_PQ, CT_LOAD_DIS_PQ, CT_LOAD_ALL_P, CT_LOAD_FIX_P, ...
    CT_LOAD_DIS_P, CT_TGENCOST, CT_TAREAGENCOST, CT_MODCOST_F, ...
    CT_MODCOST_X] = idx_ct;

windprofile = struct( ...
    'type', 'mpcData', ...
    'table', CT_TGEN, ...
    'rows', [1:45], ...
    'col', PMAX, ...
    'chgtype', 1, ...
    'values', [] );
windprofile.values(:,1,:) = [
	4.0174 54.2844 92.32 118.9092 15.2305 34.9128 31.8932 17.8493 12.437 16.4057 30.3256 45.2399 68.1084 46.8114 199.3375 75.0993 93.1787 98.7416 88.7819 67.6442 10.6311 81.4631 4.3549 85.5551 99.3146 72.9656 13.4576 1279.444 771.1571 771.1571 755.1705 112.9623 295.9398 174.1163 146.7601 329.027 1118.7838 257.7522 463.6088 266.0213 118.9477 387.2989 212.1812 274.5448 1130.4378;
	3.9721 53.6714 92.3273 116.7469 15.3036 34.6558 32.9387 17.5086 12.9057 14.5121 26.8255 40.0183 60.2473 56.1938 191.2799 72.0636 89.4123 94.7503 87.7628 69.5215 10.9796 80.8635 1.0037 83.8241 97.9463 70.8356 12.842 1280.1731 795.8319 795.8319 797.9488 115.8485 292.5427 178.9484 176.1751 339.555 1234.542 256.9463 474.2796 262.3561 119.9477 384.4482 213.7178 272.7951 1247.4018;
	3.9163 52.9183 91.2919 114.7147 15.1473 34.8153 33.6227 17.3387 24.0041 14.7274 27.2234 40.6119 61.141 56.3628 181.7945 68.49 84.9784 90.0517 88.5132 70.2795 11.2076 81.2357 1.2468 86.4076 97.8063 70.947 12.4076 1260.8844 785.0739 785.0739 790.1957 115.1216 295.044 180.8997 176.7051 334.9649 1220.6803 289.3155 465.1853 261.9811 118.2796 386.2178 212.3811 260.5269 1233.3958;
	3.8552 52.0926 89.7168 113.4468 15.3104 34.4546 31.9881 17.346 28.1707 30.0929 55.6262 82.9833 124.9309 62.924 200.0203 75.3565 93.4978 99.0798 89.9423 69.1929 10.6627 80.394 23.7639 84.6887 96.4851 70.1484 12.5424 1291.6023 775.6158 775.6158 780.0911 118.7808 299.8076 178.1027 197.2752 330.9294 1196.2071 299.5166 456.4325 258.4422 115.765 382.2159 177.9692 254.3907 1208.6676;
	3.015 40.7393 87.3496 110.8526 15.0388 29.1522 30.4652 17.4429 27.8167 30.5883 56.542 84.3496 126.9878 59.17 198.7863 74.8916 92.921 98.4685 87.1808 67.5642 10.1551 68.0217 73.1482 86.2388 97.6451 68.195 12.7341 1296.3583 768.1904 768.1904 754.0588 118.1476 290.6026 173.9105 185.5058 327.7613 1133.1214 306.5909 449.3253 261.5493 116.4637 323.3946 163.9654 220.9932 1144.9248;
	3.6613 49.4716 86.9861 109.9557 14.9522 31.9634 18.6415 17.4623 26.3396 30.4662 56.3163 84.0129 126.4809 51.1 202.1099 76.1437 94.4746 100.1149 63.9217 69.8412 6.2138 74.5814 72.2814 84.0675 97.1292 67.9536 13.2263 1285.0346 769.2293 769.2293 758.2165 118.4228 213.0725 179.7714 160.2054 328.2045 1216.122 307.4868 443.3417 260.1676 115.395 354.5811 140.6509 226.8476 1228.7899;
	3.5942 48.5655 86.3367 109.4924 14.7352 32.3569 12.9394 17.3785 25.9721 29.5435 54.6108 81.4686 122.6505 63.1115 200.8639 75.6743 93.8922 99.4977 89.0234 72.714 4.3131 75.4995 71.3744 86.3844 97.9813 69.1699 13.1518 1282.6673 757.5987 757.5987 740.6402 113.3393 296.7447 187.166 197.8632 323.2421 1182.9554 302.6149 397.1986 262.4499 119.8987 358.9462 145.2857 222.3829 1195.2778;
	3.8744 52.3515 89.1723 116.9187 15.2099 33.9389 2.763 17.5603 7.2185 29.86 55.1958 82.3413 123.9644 43.3887 205.6522 77.4783 96.1305 101.8696 90.9779 73.7521 0.921 79.1908 73.4598 85.7376 100.3639 69.7668 13.3239 1282.2687 734.9295 734.9295 730.2842 113.7202 303.2597 189.8381 136.0295 313.5699 1193.4055 304.1899 174.37 268.8319 120.7385 376.4957 199.0038 259.5938 1205.8368;
	3.9154 52.9059 91.5001 120.3946 15.0938 33.1266 5.2719 18.5185 5.2466 28.4344 52.5606 78.4101 118.0459 26.2436 203.8705 76.807 95.2976 100.987 91.738 73.8894 1.7573 77.2954 71.9524 87.2641 103.2575 71.2187 13.4126 1234.3688 675.3218 675.3218 708.2793 113.2561 305.7935 190.1916 82.2771 288.1373 1079.4935 282.2085 45.6336 276.5825 122.941 367.4846 192.9525 267.2002 1090.7382;
	3.9288 53.0866 92.6203 120.1772 15.2969 32.2766 3.0027 18.5869 15.4407 24.6217 45.5129 67.8963 102.2175 19.0459 202.6024 76.3293 94.7049 100.3589 90.2399 73.9709 1.0009 75.312 49.9277 86.2475 101.3966 71.1501 13.0694 1051.0044 585.6228 585.6228 579.7702 108.4966 300.7996 190.4012 59.7114 249.8657 850.7243 256.2607 45.289 271.5981 122.8578 358.0546 160.861 271.6072 859.586;
	3.8626 52.1921 93.0357 120.2699 15.1546 28.3601 6.2138 18.7772 27.12 28.8494 53.3278 79.5545 119.7689 2.6495 201.3231 75.8473 94.1069 99.7252 83.7657 72.9465 2.0713 66.1737 73.9845 88.3447 104.205 71.0085 13.3769 904.9046 657.7787 657.7787 543.7754 110.273 279.2189 187.7645 8.3065 280.6522 809.8257 213.5167 175.6445 279.1205 122.2697 314.6085 152.0461 270.9549 818.2614;
	3.6365 49.1374 92.3879 117.9307 15.3196 21.7222 3.6998 18.5989 14.6847 26.5043 48.9929 73.0877 110.0331 2.7832 200.5502 75.5561 93.7456 99.3423 35.062 71.6116 1.2333 50.685 72.5523 87.3472 102.7687 72.4856 13.3805 679.366 696.7858 696.7858 542.602 109.6863 116.8734 184.3285 8.7258 297.2953 874.666 220.0856 15.3149 275.2734 122.4921 240.9711 144.2793 271.9532 883.7771;
	3.9277 53.0714 94.2505 118.9897 15.3849 23.9421 3.1558 18.3783 26.7016 25.1005 46.3978 69.2165 104.205 49.2382 196.6059 74.0701 91.9018 97.3885 54.9176 72.1503 1.0519 55.865 74.6052 87.7381 103.2472 71.62 13.5414 663.2243 672.1413 672.1413 545.4906 104.8035 183.0586 185.7151 154.3685 286.7803 654.5144 234.4333 12.3063 276.555 120.8593 265.5982 154.5025 274.9489 661.3323;
	3.9138 52.8846 94.3107 119.7317 15.349 23.4492 3.5008 19.117 20.383 22.3229 41.2635 61.557 92.6737 37.7199 200.2266 75.4342 93.5943 99.182 56.7998 72.9581 1.1669 54.7148 72.0442 89.1308 105.0196 73.6647 13.896 578.4057 660.2647 660.2647 508.6263 92.117 189.3325 187.7943 118.2569 281.713 698.5703 249.3927 14.0259 281.3024 123.3503 260.1297 170.455 277.8929 705.8471;
	3.9295 53.0957 92.0788 114.8665 15.3712 20.7842 1.3643 19.0195 6.3038 24.7267 45.707 68.1858 102.6534 30.7849 194.0852 73.1205 90.7235 96.1399 68.2621 72.2758 0.4548 48.4965 71.4879 88.5023 101.3897 72.3702 13.6987 396.69 661.6885 661.6885 460.8985 82.7716 227.5404 186.0381 96.5147 282.3204 620.2333 250.7159 1.4381 271.5795 121.1072 230.5664 172.807 250.1243 626.694;
	3.6859 49.8042 91.2347 118.9849 14.8676 10.2203 2.1626 18.8493 5.0671 27.5489 50.9237 75.9681 114.3696 23.6302 187.2474 70.5444 87.5273 92.7528 66.2041 73.7759 0.7209 23.8474 72.0358 87.3723 100.9425 73.9921 13.7106 402.2818 517.3163 517.3163 411.1569 85.2659 220.6803 189.8993 74.0839 220.7216 494.2232 227.421 0.0 270.3818 120.2384 113.3775 161.5149 241.4495 499.3714;
	3.5733 48.2831 90.724 116.0483 14.2053 18.2245 1.7054 18.758 3.2373 28.3268 52.3616 78.1132 117.599 34.4589 188.8175 71.1359 88.2612 93.5305 65.401 73.6821 0.5685 42.5239 74.9988 87.3125 102.2485 74.8555 13.5652 850.5324 443.1428 443.1428 283.0643 85.5249 218.0032 189.6579 108.0335 189.0743 800.7483 237.0394 83.1218 273.8799 117.8167 202.1707 133.0624 239.6892 809.0895;
	3.3109 44.7369 91.8717 116.9513 14.215 21.7454 2.8597 18.557 6.3882 28.147 52.0293 77.6175 116.8528 56.6048 191.5115 72.1509 89.5205 94.865 75.8472 73.4766 0.9532 50.7393 72.042 87.5843 100.78 72.253 13.7033 1173.5664 556.055 556.055 203.6431 63.1211 252.8239 189.1289 177.4638 237.2501 1005.3459 205.7512 84.6575 269.9464 116.019 241.2292 171.5235 262.6397 1015.8183;
