function windprofile = ex_wind_profilesh1
%EX_WIND_PROFILE_D  Example wind_load_nyiso profile data for deterministic unit commitment.
% 2022.03.12
% Andres F. Ramirez


%% define constants
[GEN_BUS, PG, QG, QMAX, QMIN, VG, MBASE, GEN_STATUS, PMAX, PMIN, ...
    MU_PMAX, MU_PMIN, MU_QMAX, MU_QMIN, PC1, PC2, QC1MIN, QC1MAX, ...
    QC2MIN, QC2MAX, RAMP_AGC, RAMP_10, RAMP_30, RAMP_Q, APF] = idx_gen;
[CT_LABEL, CT_PROB, CT_TABLE, CT_TBUS, CT_TGEN, CT_TBRCH, CT_TAREABUS, ...
    CT_TAREAGEN, CT_TAREABRCH, CT_ROW, CT_COL, CT_CHGTYPE, CT_REP, ...
    CT_REL, CT_ADD, CT_NEWVAL, CT_TLOAD, CT_TAREALOAD, CT_LOAD_ALL_PQ, ...
    CT_LOAD_FIX_PQ, CT_LOAD_DIS_PQ, CT_LOAD_ALL_P, CT_LOAD_FIX_P, ...
    CT_LOAD_DIS_P, CT_TGENCOST, CT_TAREAGENCOST, CT_MODCOST_F, ...
    CT_MODCOST_X] = idx_ct;

windprofile = struct( ...
    'type', 'mpcData', ...
    'table', CT_TGEN, ...
    'rows', [1:45], ...
    'col', PMAX, ...
    'chgtype', 1, ...
    'values', [] );
windprofile.values(:,1,:) = [
	3.7705 50.9481 89.0009 106.0983 14.6887 33.8586 30.3543 18.2442 10.4839 17.0991 31.6074 47.152 70.9871 33.9461 198.9006 74.9346 92.9745 98.5252 84.7286 67.2639 10.1181 79.0034 25.214 85.4284 102.4777 73.5112 13.6724 1171.3691 725.1853 725.1853 672.8868 107.644 282.4288 173.1375 106.4255 309.4124 981.031 241.781 451.7203 274.4938 119.5274 375.605 208.0237 279.1259 991.2501;
	3.8312 51.7681 88.8083 110.7498 14.8407 33.9423 31.6083 17.8546 12.5526 13.0553 24.1325 36.001 54.1992 53.9649 192.6998 72.5985 90.076 95.4536 84.9286 69.3892 10.5361 79.1987 28.1277 82.0531 99.4878 72.9388 13.0299 1183.1806 774.1995 774.1995 775.7335 112.791 283.0955 178.608 169.1872 330.3251 1110.9769 260.9432 463.8819 266.4851 116.4516 376.5334 213.9495 270.8352 1122.5496;
	3.7651 50.875 89.0417 111.3104 15.2116 33.8265 31.9069 18.0403 24.3296 14.9799 27.6902 41.3083 62.1894 47.6455 175.2083 66.0087 81.8997 86.7892 85.8983 68.5293 10.6356 78.9285 28.1185 85.3157 100.7745 73.024 13.0859 1120.1752 769.8133 769.8133 733.3266 113.6103 286.3277 176.3946 149.3751 328.4537 1085.4999 277.7595 463.0436 269.9316 116.3645 375.2485 208.6899 259.2341 1096.8072;
	3.6757 49.6674 90.049 115.1859 15.2837 33.816 30.6471 18.1984 28.0895 28.7534 53.1503 79.2897 119.3703 61.7894 191.3756 72.0996 89.457 94.7977 85.4236 60.3931 10.2157 78.9039 24.8303 86.796 103.1631 73.4058 13.2143 1160.5765 772.6967 772.6967 748.0017 111.9549 284.7454 155.452 193.7182 329.6839 1087.4965 310.5785 467.4497 276.3297 120.0511 375.1316 178.3612 267.4458 1098.8246;
	3.0566 41.3019 89.3459 114.951 14.9428 28.4923 30.6027 18.5751 27.3186 29.9189 55.3045 82.5035 124.2086 51.4369 194.0921 73.1231 90.7268 96.1433 88.042 64.8156 10.2009 66.482 73.6245 89.0759 105.6224 74.1124 13.3118 1188.7288 764.9745 764.9745 734.9719 107.689 293.4732 166.8354 161.2618 326.3891 1052.2729 297.2551 448.7765 282.9173 121.6972 316.0742 165.9954 267.5616 1063.234;
	3.6458 49.2626 90.0339 113.1373 15.0342 32.201 17.9021 18.2503 25.935 29.2837 54.1306 80.7521 121.5719 37.4622 197.7111 74.4865 92.4184 97.9359 57.9669 67.9888 5.9674 75.1357 72.0313 88.0488 104.3945 73.8667 13.5992 1124.0108 779.7478 779.7478 736.3464 113.9448 193.2232 175.0033 117.4491 332.6924 1107.983 299.3688 458.8262 279.6281 116.2327 357.2168 151.3066 258.6708 1119.5245;
	3.6149 48.8457 87.639 112.3696 15.1604 32.267 13.2028 17.6797 25.1636 26.9471 49.8113 74.3086 111.8712 58.2431 191.7197 72.2293 89.6178 94.9681 81.368 69.8832 4.4009 75.2898 70.7715 87.7394 103.2842 70.4371 13.2076 1172.9457 783.7723 783.7723 731.9402 111.7963 271.2268 179.8797 182.6001 334.4095 1098.6707 317.4885 413.3233 276.6541 120.7094 357.949 170.1932 244.1818 1110.1152;
	3.7254 50.3386 90.6551 118.2926 14.9585 32.8585 6.1321 18.3081 1.0322 28.2848 52.284 77.9974 117.4247 39.618 202.3846 76.2472 94.603 100.251 86.1388 70.4981 2.044 76.6698 73.526 85.9911 101.6657 71.1399 13.5069 1197.367 794.1441 794.1441 765.9272 113.664 287.1293 181.4623 124.2077 338.8348 1172.3694 331.2382 171.8884 272.3189 117.303 364.5103 200.2037 261.8444 1184.5816;
	3.6643 49.5131 91.0316 117.2863 15.0922 30.1941 6.9665 18.8005 4.6207 27.8801 51.536 76.8816 115.7448 23.7297 199.0585 74.9941 93.0483 98.6034 86.2583 70.4674 2.3222 70.4529 69.7711 85.803 102.8671 73.2667 14.0143 1080.7201 708.4495 708.4495 729.6375 111.8749 287.5276 181.3833 74.3957 302.2718 1002.7267 295.1183 184.8442 275.5368 120.904 334.9533 187.6098 264.0817 1013.1718;
	3.7203 50.27 92.4742 119.9505 15.0128 29.9659 3.2017 18.9019 1.3954 24.2682 44.8594 66.9214 100.7499 20.7184 194.6255 73.324 90.9761 96.4075 89.0942 70.8697 1.0672 69.9205 41.6891 87.9514 104.9585 74.8769 14.0281 867.163 629.9772 629.9772 595.2101 113.4609 296.9808 182.4188 64.9551 268.7903 781.713 270.4054 119.0638 281.1388 120.2628 332.4221 163.0422 269.4473 789.8558;
	3.4137 46.1265 91.7587 119.6389 14.3951 25.4857 4.482 18.8395 1.9694 29.1535 53.8897 80.3928 121.031 0.2941 201.1596 75.7857 94.0304 99.6442 82.245 69.9949 1.494 59.4665 70.2557 88.6544 104.564 71.7486 13.6234 637.8526 667.1353 667.1353 501.9587 113.2674 274.1499 180.167 0.9221 284.6444 683.2295 214.0614 60.3158 280.0822 117.7279 282.7209 146.0024 254.5357 690.3465;
	3.459 46.7389 91.56 119.5535 14.7574 21.5241 8.3876 18.5101 4.8264 27.1253 50.1407 74.8001 112.6111 1.6178 201.3002 75.8387 94.0961 99.7138 40.017 71.014 2.7959 50.2228 69.4678 87.5093 101.8143 71.8745 13.7287 533.6707 721.0431 721.0431 510.9198 114.8412 133.3899 182.7902 5.072 307.6451 770.743 230.7261 203.9291 272.7169 121.4248 238.7736 146.9455 264.1104 778.7716;
	3.8096 51.4761 91.4002 116.4962 15.268 22.0967 9.2599 17.8189 26.066 23.8489 44.0843 65.7651 99.0091 48.4571 193.9483 73.0689 90.6595 96.0721 58.3699 70.8447 3.0866 51.5589 68.6656 86.7096 101.9519 70.581 13.7952 535.3956 674.462 674.462 454.132 108.5713 194.5665 182.3545 151.9197 287.7704 545.7575 234.2545 178.0127 273.0855 121.3777 245.1258 149.3357 265.4376 551.4425;
	3.7734 50.9864 93.006 116.6688 15.3572 21.6167 10.9456 18.4662 19.2071 23.0815 42.6657 63.6489 95.8231 39.3484 197.0952 74.2545 92.1305 97.6309 61.0971 72.1578 3.6485 50.4389 68.3542 87.236 102.7828 71.585 13.7808 525.2811 694.2068 694.2068 465.1329 94.0155 203.6571 185.7343 123.3625 296.1949 673.7802 246.9656 169.464 275.3111 122.2215 239.8008 159.5728 266.2092 680.7987;
	3.7838 51.127 89.9774 113.382 15.3653 18.7605 6.28 18.1031 7.9972 26.0806 48.2096 71.9192 108.274 29.8578 192.9832 72.7053 90.2084 95.594 76.7118 71.7766 2.0933 43.7746 69.1552 84.9107 97.7644 72.3985 13.6562 408.5064 698.4002 698.4002 459.4842 88.1545 255.7059 184.7531 93.6082 297.9841 580.567 242.3388 117.632 261.8691 120.4655 208.1168 156.2689 240.9591 586.6145;
	3.4995 47.2854 92.5139 116.0457 15.4103 9.7007 1.7526 17.8545 6.5952 27.7806 51.3521 76.6072 115.3317 10.1007 175.8608 66.2545 82.2047 87.1124 65.2949 69.8714 0.5842 22.635 64.6064 85.7893 98.7319 71.6785 13.6606 463.8555 553.7027 553.7027 420.5564 96.0229 217.6495 179.8492 31.667 236.2465 491.5276 234.5381 83.495 264.4605 122.3344 107.6133 153.021 245.5817 496.6476;
	3.5278 47.669 93.209 118.7783 15.4062 17.7089 2.4245 18.3841 14.1572 28.8159 53.2658 79.4621 119.6298 29.1549 178.9544 67.42 83.6508 88.6449 67.8561 69.5146 0.8082 41.3208 70.8278 86.3629 102.3224 73.8706 13.5934 1064.3991 481.9098 481.9098 323.1362 91.4133 226.1871 178.9308 91.4046 205.6149 867.3888 241.3464 116.2904 274.0778 120.1058 196.4511 133.5809 245.0936 876.4241;
	3.2078 43.3438 92.6925 116.4486 15.2344 19.5667 0.7798 18.6522 4.6033 29.3228 54.2028 80.86 121.7342 52.437 186.6816 70.3312 87.2628 92.4725 82.8278 71.021 0.2599 45.6556 70.8434 85.5625 100.6611 73.2617 13.6795 1220.3789 585.2344 585.2344 236.9268 64.7712 276.0928 182.8084 164.3972 249.7 1016.3887 212.904 131.4095 269.628 120.4332 217.0599 166.157 263.2119 1026.9761;
