function loadprofile = ex_load_profilesh1
%EX_LOAD_PROFILE  Example load profile data file for stochastic unit commitment.
% 2022.03.12
% Andres F. Ramirez

%% define constants
[CT_LABEL, CT_PROB, CT_TABLE, CT_TBUS, CT_TGEN, CT_TBRCH, CT_TAREABUS, ...
    CT_TAREAGEN, CT_TAREABRCH, CT_ROW, CT_COL, CT_CHGTYPE, CT_REP, ...
    CT_REL, CT_ADD, CT_NEWVAL, CT_TLOAD, CT_TAREALOAD, CT_LOAD_ALL_PQ, ...
    CT_LOAD_FIX_PQ, CT_LOAD_DIS_PQ, CT_LOAD_ALL_P, CT_LOAD_FIX_P, ...
    CT_LOAD_DIS_P, CT_TGENCOST, CT_TAREAGENCOST, CT_MODCOST_F, ...
    CT_MODCOST_X] = idx_ct;

loadprofile = struct( ...
    'type', 'mpcData', ...
    'table', CT_TAREALOAD, ...
    'rows', [1:11], ...
    'col', CT_LOAD_ALL_P, ...
    'chgtype', 1, ...
    'values', [] );
loadprofile.values(:,1,:) = [
	1521.4292 874.6 1474.7158 496.865 695.0242 1059.5 823.0 220.5024 512.0362 4413.8664 1679.9133;
	1495.5521 858.3839 1447.6201 509.3361 696.4501 1055.6633 816.3551 218.975 503.3301 4361.3752 1656.4;
	1510.1309 880.0239 1492.1486 499.1194 724.8762 1084.3 815.8 224.0 525.154 4389.9923 1682.0128;
	1580.2 945.4858 1592.6211 505.3824 779.5605 1149.3415 852.3064 236.5841 546.5214 4492.3294 1786.139;
	1749.3488 1083.5 1797.1684 554.5903 917.7636 1300.9257 964.3 277.8934 623.109 5079.5147 2014.2214;
	1865.8687 1163.1838 1880.8 560.5 987.6543 1394.0 1028.2431 297.6808 677.4 5541.1238 2185.3367;
	1925.9267 1193.2937 1908.3339 561.6936 995.187 1381.8542 1047.1711 316.2598 709.1009 5850.3669 2271.9909;
	1919.8083 1190.1074 1900.4167 551.3205 977.5147 1373.0205 1053.9 315.243 715.5582 6053.3933 2280.0569;
	1942.7191 1205.4 1881.3097 548.6448 994.9823 1295.5568 1040.5067 325.9 701.2987 6061.7663 2255.7979;
	1937.4407 1188.5 1836.531 535.8635 929.7432 1268.949 1044.7043 293.7502 691.3977 5962.2719 2197.0448;
	1906.3248 1146.7404 1847.273 539.1969 943.2577 1290.0041 1055.8234 281.2462 688.5384 5849.2203 2112.0231;
	1898.7157 1117.3046 1808.5204 528.5447 914.6424 1299.5202 1112.3707 292.2 679.8972 5946.3239 2115.2632;
	1864.2837 1072.4482 1774.4143 517.5494 870.6406 1272.5799 1067.9756 270.3294 676.8574 5711.1708 2155.2304;
	1781.7787 1017.2049 1691.4444 515.0791 841.9775 1215.2248 1063.094 292.4665 704.556 5941.7672 2276.4;
	1807.9483 1040.3111 1724.4619 510.5799 817.0515 1209.6685 1060.8256 288.9345 695.8824 5907.3129 2288.382;
	1796.1453 1083.1317 1747.2734 521.1501 834.4672 1290.0837 1058.3753 283.1515 699.9506 5930.0183 2265.7587;
	1847.8747 1095.3 1773.2015 529.1 857.9741 1284.0187 1076.7247 275.3234 711.9 5873.7012 2361.2935;
	1959.1921 1152.3693 1859.3715 547.3966 900.1482 1342.9 1090.7 273.6117 725.1998 5877.6016 2433.9881;
	1969.7124 1131.5671 1845.7766 554.9415 895.6914 1332.5855 1101.76 288.5605 718.2815 5813.3213 2486.2722;
	1871.6882 1082.8 1745.207 533.5 865.97 1278.7433 1045.0408 285.7934 665.5954 5536.0297 2325.5799;
	1819.8668 1042.1997 1717.0166 521.5887 824.1364 1189.8438 976.0 267.3743 619.6114 5363.4622 2208.8186;
	1704.6511 960.5089 1615.0381 518.5011 797.1001 1122.2 890.5542 232.8859 553.1243 4985.6859 2008.1312;
	1600.1633 895.6276 1504.2393 513.5239 758.3476 1103.7035 879.0 245.6 530.8612 4828.9984 1853.1061;
	1537.2866 872.1531 1412.2171 510.1 686.7331 1069.3905 835.5 254.3491 517.5655 4641.5405 1787.3;
];
