function solarprofile = ex_solar_profilesh1
%EX_WIND_PROFILE_D  Example wind_load_nyiso profile data for deterministic unit commitment.
% 2022.03.12
% Andres F. Ramirez


%% define constants
[GEN_BUS, PG, QG, QMAX, QMIN, VG, MBASE, GEN_STATUS, PMAX, PMIN, ...
    MU_PMAX, MU_PMIN, MU_QMAX, MU_QMIN, PC1, PC2, QC1MIN, QC1MAX, ...
    QC2MIN, QC2MAX, RAMP_AGC, RAMP_10, RAMP_30, RAMP_Q, APF] = idx_gen;
[CT_LABEL, CT_PROB, CT_TABLE, CT_TBUS, CT_TGEN, CT_TBRCH, CT_TAREABUS, ...
    CT_TAREAGEN, CT_TAREABRCH, CT_ROW, CT_COL, CT_CHGTYPE, CT_REP, ...
    CT_REL, CT_ADD, CT_NEWVAL, CT_TLOAD, CT_TAREALOAD, CT_LOAD_ALL_PQ, ...
    CT_LOAD_FIX_PQ, CT_LOAD_DIS_PQ, CT_LOAD_ALL_P, CT_LOAD_FIX_P, ...
    CT_LOAD_DIS_P, CT_TGENCOST, CT_TAREAGENCOST, CT_MODCOST_F, ...
    CT_MODCOST_X] = idx_ct;

solarprofile = struct( ...
    'type', 'mpcData', ...
    'table', CT_TGEN, ...
    'rows', [1:12], ...
    'col', PMAX, ...
    'chgtype', 1, ...
    'values', [] );
solarprofile.values(:,1,:) = [
	0.0 0.0 0.0 0.0 0.0 0.0 0.0 0.0 0.0 0.0 0.0 0.0;
	0.0 0.0 0.0 0.0 0.0 0.0 0.0 0.0 0.0 0.0 0.0 0.0;
	0.0 0.0 0.0 0.0 0.0 0.0 0.0 0.0 0.0 0.0 0.0 0.0;
	0.0 0.0 0.0 0.0 0.0 0.0 0.0 0.0 0.0 0.0 0.0 0.0;
	0.0 0.0 0.0 0.0 0.0 0.0 0.0 0.0 0.0 0.0 0.0 0.0;
	0.4609 0.3709 0.3236 0.0 0.0 0.1765 0.0221 0.1431 0.0956 0.0 0.0 0.0;
	2.2634 1.3865 1.8244 5.2071 1.5175 37.3108 4.6638 0.0 15.2894 61.7284 36.558 111.7905;
	8.0588 7.1481 5.7022 4.5191 3.0378 141.2107 17.6513 4.5732 88.6285 98.5722 102.6129 178.5149;
	14.7357 14.2162 10.3319 4.5769 4.1554 191.1919 23.899 16.1322 141.9865 137.0655 135.2175 248.2265;
	20.1945 13.6672 12.8706 6.1009 12.5908 198.9133 24.8642 19.3356 124.7223 251.6735 140.9209 455.7822;
	21.6005 15.1953 13.451 9.5195 12.3119 250.4178 31.3022 26.8906 118.0776 305.9622 169.8305 554.0995;
	20.1064 14.1009 12.8072 10.9818 12.1087 260.4006 32.5501 30.5805 115.7881 309.4337 177.5413 560.3863;
	7.7636 3.8178 6.6087 10.9517 9.6316 208.0704 26.0088 34.6977 186.7349 120.865 128.1427 218.8872;
	4.3941 1.6544 3.2954 10.154 9.4707 151.1781 18.8973 30.1826 190.8165 50.4035 112.8439 91.2811;
	2.3744 0.7657 1.9426 7.4612 9.209 91.2293 11.4037 26.4915 175.6141 33.7453 91.8197 61.1129;
	1.6854 0.6252 1.0862 4.0135 6.3885 95.4823 11.9353 30.9733 151.0552 14.4004 12.9517 26.0793;
	0.6781 0.5691 0.4455 1.9222 2.3474 58.9391 7.3674 10.5211 54.576 3.5964 4.3979 6.5131;
	0.0 0.0 0.0 0.0 0.0 0.0 0.0 0.0 0.0 0.0 0.0 0.0;
	0.0 0.0 0.0 0.0 0.0 0.0 0.0 0.0 0.0 0.0 0.0 0.0;
	0.0 0.0 0.0 0.0 0.0 0.0 0.0 0.0 0.0 0.0 0.0 0.0;
	0.0 0.0 0.0 0.0 0.0 0.0 0.0 0.0 0.0 0.0 0.0 0.0;
	0.0 0.0 0.0 0.0 0.0 0.0 0.0 0.0 0.0 0.0 0.0 0.0;
	0.0 0.0 0.0 0.0 0.0 0.0 0.0 0.0 0.0 0.0 0.0 0.0;
	0.0 0.0 0.0 0.0 0.0 0.0 0.0 0.0 0.0 0.0 0.0 0.0;
];
