function windprofile = ex_wind_profilesh1
%EX_WIND_PROFILE_D  Example wind_load_nyiso profile data for deterministic unit commitment.
% 2022.03.12
% Andres F. Ramirez


%% define constants
[GEN_BUS, PG, QG, QMAX, QMIN, VG, MBASE, GEN_STATUS, PMAX, PMIN, ...
    MU_PMAX, MU_PMIN, MU_QMAX, MU_QMIN, PC1, PC2, QC1MIN, QC1MAX, ...
    QC2MIN, QC2MAX, RAMP_AGC, RAMP_10, RAMP_30, RAMP_Q, APF] = idx_gen;
[CT_LABEL, CT_PROB, CT_TABLE, CT_TBUS, CT_TGEN, CT_TBRCH, CT_TAREABUS, ...
    CT_TAREAGEN, CT_TAREABRCH, CT_ROW, CT_COL, CT_CHGTYPE, CT_REP, ...
    CT_REL, CT_ADD, CT_NEWVAL, CT_TLOAD, CT_TAREALOAD, CT_LOAD_ALL_PQ, ...
    CT_LOAD_FIX_PQ, CT_LOAD_DIS_PQ, CT_LOAD_ALL_P, CT_LOAD_FIX_P, ...
    CT_LOAD_DIS_P, CT_TGENCOST, CT_TAREAGENCOST, CT_MODCOST_F, ...
    CT_MODCOST_X] = idx_ct;

windprofile = struct( ...
    'type', 'mpcData', ...
    'table', CT_TGEN, ...
    'rows', [1:45], ...
    'col', PMAX, ...
    'chgtype', 1, ...
    'values', [] );
windprofile.values(:,1,:) = [
	3.8863 52.5126 87.56 112.406 14.5687 33.3476 31.4411 17.4138 1.9458 6.5404 12.0899 18.0357 27.1526 58.1444 202.4942 76.2885 94.6542 100.3052 85.7183 70.5946 10.4804 77.8112 0.0 85.4134 95.7473 75.3797 13.3485 1308.852 800.8784 800.8784 725.0854 117.3245 285.7277 181.7106 182.2905 341.7081 1181.2864 261.0748 466.4111 256.4659 112.3636 369.9365 218.0485 278.8683 1193.5915;
	3.9217 52.9904 86.7739 113.9461 14.8815 33.3521 32.771 17.1422 10.0339 1.8102 3.3461 4.9918 7.5151 64.2362 202.1455 76.1571 94.4913 100.1325 87.1158 73.3088 10.9237 77.8216 0.0 82.4242 94.9888 71.4234 12.8913 1308.422 804.7999 804.7999 755.2735 116.1782 290.386 188.6969 201.3892 343.3813 1289.6276 251.6597 476.845 254.4343 111.2061 369.9861 218.4334 272.6229 1303.0612;
	3.8889 52.5479 86.4803 112.8474 14.8811 34.4757 33.5432 16.6113 20.483 11.8336 21.8742 32.632 49.1273 60.1338 190.9174 71.927 89.2428 94.5707 91.0008 73.4654 11.1811 80.4433 1.7578 83.8257 97.0024 71.2365 12.7472 1280.134 790.5031 790.5031 771.171 114.3605 303.3359 189.1 188.5276 337.2813 1254.0206 283.537 475.5171 259.8279 115.0055 382.4503 218.8656 266.76 1267.0833;
	3.925 53.0347 87.0446 113.3966 15.1621 34.6141 32.5343 17.3634 28.0947 29.1479 53.8794 80.3774 121.0078 68.7422 198.5969 74.8202 92.8325 98.3747 89.7049 71.7399 10.8448 80.7663 24.0188 81.9132 96.7257 72.4272 12.5419 1333.8166 793.5707 793.5707 769.9379 114.2786 299.0162 184.6586 215.5162 338.5902 1260.8607 303.7899 478.4541 259.0868 114.5044 383.9861 202.5443 271.8188 1273.9947;
	3.64 49.1845 89.0375 116.3259 15.3476 33.0884 32.1145 18.6197 27.8266 29.4557 54.4484 81.2264 122.2858 67.2305 194.8296 73.4009 91.0715 96.5086 85.2288 69.6996 10.7048 77.2062 70.8066 84.4615 100.3345 74.4701 13.1218 1319.0258 805.8189 805.8189 745.5261 111.4197 284.0962 179.4068 210.7768 343.8161 1204.9303 313.1713 476.8752 268.7531 118.448 367.0605 204.8404 276.5243 1217.4817;
	3.9172 52.9306 86.9122 114.157 14.8248 33.5463 20.085 18.3144 25.9942 27.51 50.8519 75.861 114.2083 55.069 195.0121 73.4697 91.1568 96.599 53.8154 73.1154 6.695 78.2747 69.4545 83.7926 98.3 72.0384 13.193 1275.1198 778.5432 778.5432 742.7969 116.5116 179.3845 188.1992 172.6487 332.1784 1197.3282 312.1627 471.6802 263.3035 116.3936 372.1401 175.6201 272.3505 1209.8003;
	3.8186 51.598 87.5139 114.6211 14.4057 32.8575 13.4285 18.6046 24.3361 28.1624 52.0578 77.6599 116.9166 65.6152 191.5543 72.167 89.5405 94.8862 72.3963 71.4802 4.4762 76.6676 69.2184 85.3512 102.2986 73.2735 13.5704 1259.1128 777.6047 777.6047 721.1365 116.7037 241.3211 183.9902 205.7127 331.778 1148.4013 311.4624 435.5057 274.014 118.3603 364.4997 177.3587 269.3417 1160.3638;
	3.8231 51.6583 88.4825 116.3574 15.0938 32.9437 1.8058 18.5312 6.8741 27.2028 50.2839 75.0138 112.9328 45.9559 195.8213 73.7745 91.5351 96.9999 81.706 70.8969 0.6019 76.8685 71.451 84.5978 101.1492 73.0707 13.4875 1241.2188 751.8589 751.8589 681.0512 114.4943 272.3533 182.4887 144.078 320.7931 1187.0034 305.5732 188.5341 270.9353 115.7695 365.4549 205.2796 269.4934 1199.3681;
	3.7442 50.593 89.0791 118.1412 15.2407 30.6951 1.7412 18.7974 5.1903 26.3013 48.6175 72.5278 109.1902 25.7591 198.5169 74.7901 92.7951 98.3351 82.9374 72.8447 0.5804 71.6218 68.9673 85.9127 100.3935 72.0501 13.2987 1157.9766 629.5721 629.5721 645.4647 118.7611 276.458 187.5026 80.7584 268.6174 998.5872 280.3742 141.9957 268.9113 119.7806 340.5106 191.2174 277.0926 1008.9892;
	3.804 51.4004 86.8626 115.067 15.2389 29.3425 8.3243 18.3999 14.9855 23.7282 43.8612 65.4323 98.508 22.2095 190.5015 71.7703 89.0484 94.3647 80.1761 71.3411 2.7748 68.4658 44.8792 85.6439 98.6589 71.2356 12.9764 958.0378 578.5316 578.5316 526.1118 115.7555 267.2536 183.6322 69.6296 246.8401 770.9875 251.3541 397.3287 264.265 121.262 325.5061 164.4548 273.7078 779.0187;
	3.6476 49.2866 90.6502 117.6404 15.1413 24.6431 9.9338 18.4945 8.3129 27.7488 51.2932 76.5194 115.1995 4.9969 194.2845 73.1955 90.8167 96.2386 63.0279 70.5648 3.3113 57.5005 69.4626 86.746 100.2014 70.4379 13.3938 848.6973 649.9041 649.9041 481.67 113.2666 210.0929 181.6341 15.6659 277.2924 776.7246 211.0641 375.2389 268.3965 118.0048 273.3736 149.0699 268.1195 784.8155;
	3.471 46.9002 90.7197 117.8632 14.7017 19.2477 7.9765 18.3765 2.0448 26.9355 49.7898 74.2766 111.823 4.7529 196.6183 74.0748 91.9076 97.3947 28.0213 70.7646 2.6588 44.9113 70.0108 85.6648 100.7459 71.0672 13.2004 580.8135 681.6837 681.6837 465.3646 113.5777 93.4045 182.1482 14.9009 290.8517 787.4939 212.9552 385.248 269.855 120.145 213.5213 143.0096 276.5745 795.697;
	3.6649 49.5207 89.3627 114.8161 14.527 20.006 3.3599 18.1965 25.4646 25.0663 46.3346 69.1222 104.063 49.3769 192.8426 72.6523 90.1427 95.5244 50.9123 71.3669 1.12 46.6808 70.4124 85.2913 100.9962 70.5832 13.3341 588.1273 648.3126 648.3126 471.9193 108.3161 169.7076 183.6985 154.8034 276.6134 580.9525 229.3111 322.1447 270.5254 118.0002 221.9338 135.4032 271.4884 587.0041;
	3.5915 48.5286 87.3257 111.1145 14.2561 18.9898 0.086 18.295 16.072 22.2152 41.0644 61.26 92.2266 38.5803 195.1829 73.534 91.2366 96.6836 51.7291 70.9089 0.0287 44.3096 70.0504 84.79 100.0673 70.23 13.3251 479.2592 658.8528 658.8528 459.3413 90.9561 172.4304 182.5197 120.9543 281.1105 635.0327 235.5967 82.6102 268.0375 117.6406 210.6606 139.4338 260.8327 641.6476;
	3.6325 49.0833 87.5626 112.7141 14.8919 17.456 1.8682 18.7136 0.1505 25.8306 47.7475 71.2299 107.2362 31.5142 191.4528 72.1287 89.4931 94.8359 70.5523 71.2289 0.6227 40.7308 73.0619 87.5797 100.4881 75.3265 13.8986 349.6837 657.6015 657.6015 437.7737 84.0774 235.1744 183.3433 98.8012 280.5766 557.7113 242.1015 107.9013 269.1646 115.1708 193.6457 143.3526 246.6045 563.5207;
	3.3034 44.6365 88.0523 115.0019 14.3066 9.5966 4.0892 18.5543 1.5596 27.6343 51.0816 76.2037 114.7243 23.9259 179.4022 67.5887 83.8601 88.8667 65.1347 69.6982 1.3631 22.3921 72.4552 87.7918 101.6575 72.6397 13.8085 426.0687 531.5973 531.5973 403.0457 87.6169 217.1155 179.4034 75.0109 226.8148 486.8056 224.7297 357.2627 272.297 119.1196 106.4584 145.9031 236.3013 491.8765;
	3.172 42.8608 87.0003 113.2839 14.1614 17.425 0.8114 18.529 1.2296 27.0205 49.947 74.511 112.1759 35.0101 177.884 67.0168 83.1504 88.1146 63.3691 71.1119 0.2705 40.6584 70.8267 87.1183 101.9769 71.6376 13.8807 988.974 427.9454 427.9454 282.8639 86.8002 211.2304 183.0421 109.7615 182.59 835.3684 221.7416 119.1119 273.1523 118.4788 193.3019 117.0514 201.2177 844.0702;
	3.1576 42.666 91.6122 115.1902 14.209 21.5112 2.5465 18.5352 0.0 28.7633 53.1685 79.317 119.4113 60.1054 190.3794 71.7243 88.9913 94.3042 80.1328 72.1111 0.8488 50.1929 74.3199 87.9378 101.7687 72.6285 14.0118 1209.6087 544.9743 544.9743 195.5416 66.2009 267.1093 185.6141 188.4385 232.5224 988.3031 195.3438 143.2407 272.5948 121.8071 238.6313 169.9072 258.574 998.598;
