function solarprofile = ex_solar_profilesh1
%EX_WIND_PROFILE_D  Example wind_load_nyiso profile data for deterministic unit commitment.
% 2022.03.12
% Andres F. Ramirez


%% define constants
[GEN_BUS, PG, QG, QMAX, QMIN, VG, MBASE, GEN_STATUS, PMAX, PMIN, ...
    MU_PMAX, MU_PMIN, MU_QMAX, MU_QMIN, PC1, PC2, QC1MIN, QC1MAX, ...
    QC2MIN, QC2MAX, RAMP_AGC, RAMP_10, RAMP_30, RAMP_Q, APF] = idx_gen;
[CT_LABEL, CT_PROB, CT_TABLE, CT_TBUS, CT_TGEN, CT_TBRCH, CT_TAREABUS, ...
    CT_TAREAGEN, CT_TAREABRCH, CT_ROW, CT_COL, CT_CHGTYPE, CT_REP, ...
    CT_REL, CT_ADD, CT_NEWVAL, CT_TLOAD, CT_TAREALOAD, CT_LOAD_ALL_PQ, ...
    CT_LOAD_FIX_PQ, CT_LOAD_DIS_PQ, CT_LOAD_ALL_P, CT_LOAD_FIX_P, ...
    CT_LOAD_DIS_P, CT_TGENCOST, CT_TAREAGENCOST, CT_MODCOST_F, ...
    CT_MODCOST_X] = idx_ct;

solarprofile = struct( ...
    'type', 'mpcData', ...
    'table', CT_TGEN, ...
    'rows', [1:12], ...
    'col', PMAX, ...
    'chgtype', 1, ...
    'values', [] );
solarprofile.values(:,1,:) = [
	0.0 0.0 0.0 0.0 0.0 0.0 0.0 0.0 0.0 0.0 0.0 0.0;
	0.0 0.0 0.0 0.0 0.0 0.0 0.0 0.0 0.0 0.0 0.0 0.0;
	0.0 0.0 0.0 0.0 0.0 0.0 0.0 0.0 0.0 0.0 0.0 0.0;
	0.0 0.0 0.0 0.0 0.0 0.0 0.0 0.0 0.0 0.0 0.0 0.0;
	0.0 0.0 0.0 0.0 0.0 0.0 0.0 0.0 0.0 0.0 0.0 0.0;
	0.4279 0.3703 0.3236 0.0 0.0 2.3876 0.2984 0.5988 0.7481 0.0 0.0 0.0;
	2.9033 2.1394 2.5476 4.1192 0.8432 235.808 29.476 47.754 232.9469 141.0704 5.5091 255.4794;
	8.4806 6.5132 8.1432 5.7204 2.4772 200.9341 25.1168 41.6711 227.7633 198.6931 22.2692 359.8344;
	14.7672 10.6701 11.7102 6.6186 3.8559 197.8138 24.7267 34.6165 194.8646 225.1466 65.6105 407.7418;
	16.2761 11.5801 12.1838 10.6456 12.4566 218.2971 27.2871 23.1627 151.5903 258.8691 138.8448 468.8136;
	18.5658 13.138 12.8852 11.1451 12.2595 206.5563 25.8195 20.5132 153.9341 294.7078 204.6021 533.7176;
	17.9589 12.8496 12.7894 11.2395 12.5962 160.636 20.0795 16.0396 136.4418 332.2198 237.7498 601.6521;
	6.7331 4.9342 8.3842 10.7697 11.939 166.7377 20.8422 17.81 161.6149 305.4479 153.1439 553.168;
	3.9597 3.6268 5.2374 9.0306 10.9562 155.8165 19.4771 18.5387 143.468 272.4286 112.7974 493.3698;
	2.0975 2.2011 3.0021 5.1033 9.005 153.8808 19.2351 20.6604 131.0945 220.0149 47.8428 398.4483;
	1.5372 1.4774 1.346 2.1794 3.1158 236.3038 29.538 35.6992 138.8506 31.1643 5.6994 56.4387;
	0.6845 0.72 0.7118 1.2265 1.569 63.0453 7.8807 8.8853 41.3333 11.8393 4.2924 21.4411;
	0.0 0.0 0.0 0.0 0.0 0.0 0.0 0.0 0.0 0.0 0.0 0.0;
	0.0 0.0 0.0 0.0 0.0 0.0 0.0 0.0 0.0 0.0 0.0 0.0;
	0.0 0.0 0.0 0.0 0.0 0.0 0.0 0.0 0.0 0.0 0.0 0.0;
	0.0 0.0 0.0 0.0 0.0 0.0 0.0 0.0 0.0 0.0 0.0 0.0;
	0.0 0.0 0.0 0.0 0.0 0.0 0.0 0.0 0.0 0.0 0.0 0.0;
	0.0 0.0 0.0 0.0 0.0 0.0 0.0 0.0 0.0 0.0 0.0 0.0;
	0.0 0.0 0.0 0.0 0.0 0.0 0.0 0.0 0.0 0.0 0.0 0.0;
];
