function solarprofile = ex_solar_profilesh1
%EX_WIND_PROFILE_D  Example wind_load_nyiso profile data for deterministic unit commitment.
% 2022.03.12
% Andres F. Ramirez


%% define constants
[GEN_BUS, PG, QG, QMAX, QMIN, VG, MBASE, GEN_STATUS, PMAX, PMIN, ...
    MU_PMAX, MU_PMIN, MU_QMAX, MU_QMIN, PC1, PC2, QC1MIN, QC1MAX, ...
    QC2MIN, QC2MAX, RAMP_AGC, RAMP_10, RAMP_30, RAMP_Q, APF] = idx_gen;
[CT_LABEL, CT_PROB, CT_TABLE, CT_TBUS, CT_TGEN, CT_TBRCH, CT_TAREABUS, ...
    CT_TAREAGEN, CT_TAREABRCH, CT_ROW, CT_COL, CT_CHGTYPE, CT_REP, ...
    CT_REL, CT_ADD, CT_NEWVAL, CT_TLOAD, CT_TAREALOAD, CT_LOAD_ALL_PQ, ...
    CT_LOAD_FIX_PQ, CT_LOAD_DIS_PQ, CT_LOAD_ALL_P, CT_LOAD_FIX_P, ...
    CT_LOAD_DIS_P, CT_TGENCOST, CT_TAREAGENCOST, CT_MODCOST_F, ...
    CT_MODCOST_X] = idx_ct;

solarprofile = struct( ...
    'type', 'mpcData', ...
    'table', CT_TGEN, ...
    'rows', [1:12], ...
    'col', PMAX, ...
    'chgtype', 1, ...
    'values', [] );
solarprofile.values(:,1,:) = [
	0.0 0.0 0.0 0.0 0.0 0.0 0.0 0.0 0.0 0.0 0.0 0.0;
	0.0 0.0 0.0 0.0 0.0 0.0 0.0 0.0 0.0 0.0 0.0 0.0;
	0.0 0.0 0.0 0.0 0.0 0.0 0.0 0.0 0.0 0.0 0.0 0.0;
	0.0 0.0 0.0 0.0 0.0 0.0 0.0 0.0 0.0 0.0 0.0 0.0;
	0.0 0.0 0.0 0.0 0.0 0.0 0.0 0.0 0.0 0.0 0.0 0.0;
	0.4279 0.3684 0.3215 0.0 0.0 0.1765 0.0221 0.6166 0.0956 0.0 0.0 0.0;
	4.7657 3.1863 2.553 1.6582 2.5493 28.5206 3.5651 44.208 88.8505 6.6461 4.2943 12.0361;
	8.4554 6.8577 5.4609 5.1888 5.7938 115.9585 14.4948 44.6482 134.8364 28.5886 29.2069 51.7741;
	10.196 9.3549 7.1486 6.2959 7.2322 178.7854 22.3482 52.5383 146.0168 55.7514 96.7782 100.9661;
	7.5374 5.2371 4.5637 9.0279 13.4147 223.9416 27.9927 60.8642 113.3855 174.3678 116.4718 315.7811;
	14.0945 8.5898 8.814 10.2972 12.811 210.6418 26.3302 56.864 100.0172 172.9242 99.0401 313.1668;
	17.7848 12.4604 11.561 10.8693 12.4734 192.3529 24.0441 42.3324 97.4214 109.193 61.2733 197.7491;
	15.342 9.9415 9.6321 10.8583 11.5212 257.0508 32.1314 37.5737 205.7971 41.6331 39.2788 75.3978;
	9.8206 7.1103 6.7621 10.1577 11.9006 260.7858 32.5982 38.1594 219.0938 67.3203 69.6943 121.9175;
	6.5765 4.0416 3.5051 7.4526 11.6406 245.9271 30.7409 44.354 221.9138 93.3531 64.0587 169.0631;
	1.9487 1.2964 0.9966 3.0683 6.6333 236.2342 29.5293 46.4672 215.0239 37.287 9.4014 67.5269;
	0.761 0.7011 0.6242 1.2974 1.3607 57.6585 7.2073 4.278 49.1731 39.5492 4.3903 71.6238;
	0.0 0.0 0.0 0.0 0.0 0.0 0.0 0.0 0.0 0.0 0.0 0.0;
	0.0 0.0 0.0 0.0 0.0 0.0 0.0 0.0 0.0 0.0 0.0 0.0;
	0.0 0.0 0.0 0.0 0.0 0.0 0.0 0.0 0.0 0.0 0.0 0.0;
	0.0 0.0 0.0 0.0 0.0 0.0 0.0 0.0 0.0 0.0 0.0 0.0;
	0.0 0.0 0.0 0.0 0.0 0.0 0.0 0.0 0.0 0.0 0.0 0.0;
	0.0 0.0 0.0 0.0 0.0 0.0 0.0 0.0 0.0 0.0 0.0 0.0;
	0.0 0.0 0.0 0.0 0.0 0.0 0.0 0.0 0.0 0.0 0.0 0.0;
];
