function loadprofile = ex_load_profilesh1
%EX_LOAD_PROFILE  Example load profile data file for stochastic unit commitment.
% 2022.03.12
% Andres F. Ramirez

%% define constants
[CT_LABEL, CT_PROB, CT_TABLE, CT_TBUS, CT_TGEN, CT_TBRCH, CT_TAREABUS, ...
    CT_TAREAGEN, CT_TAREABRCH, CT_ROW, CT_COL, CT_CHGTYPE, CT_REP, ...
    CT_REL, CT_ADD, CT_NEWVAL, CT_TLOAD, CT_TAREALOAD, CT_LOAD_ALL_PQ, ...
    CT_LOAD_FIX_PQ, CT_LOAD_DIS_PQ, CT_LOAD_ALL_P, CT_LOAD_FIX_P, ...
    CT_LOAD_DIS_P, CT_TGENCOST, CT_TAREAGENCOST, CT_MODCOST_F, ...
    CT_MODCOST_X] = idx_ct;

loadprofile = struct( ...
    'type', 'mpcData', ...
    'table', CT_TAREALOAD, ...
    'rows', [1:11], ...
    'col', CT_LOAD_ALL_P, ...
    'chgtype', 1, ...
    'values', [] );
loadprofile.values(:,1,:) = [
	1463.6484 893.2999 1488.8122 538.1 764.4267 1116.4336 821.45 210.9694 518.679 4475.6832 1707.4635;
	1465.4354 888.5882 1491.9844 534.5021 760.6889 1108.6 817.9224 211.1673 506.5376 4370.4625 1660.9094;
	1471.2097 889.6781 1499.9151 536.2 764.3501 1145.9189 831.0 212.7278 518.1372 4480.6377 1719.4464;
	1502.107 946.4228 1612.7052 529.7 798.3 1204.3229 859.6704 230.3193 539.3868 4592.6811 1785.4561;
	1684.6198 1073.3076 1817.895 572.0 911.3252 1359.2 968.8 268.9297 617.8804 5122.4333 2027.1;
	1814.8766 1151.0918 1937.922 588.5452 976.3796 1469.9151 1060.8 309.1 705.5462 5637.0 2169.7637;
	1871.2 1189.9552 1965.8717 578.3 975.6244 1466.5418 1074.9742 304.5 731.2537 5922.7412 2226.7672;
	1887.6941 1203.6431 1986.6319 587.0917 1004.3206 1471.4 1083.9255 318.9342 747.4838 6150.9183 2258.4509;
	1914.682 1227.9717 1995.9777 583.8136 1013.7789 1487.2824 1076.168 324.9017 759.6808 6098.9802 2249.4508;
	1932.2662 1235.582 1938.5239 559.6736 1009.0941 1456.9874 1088.084 321.4711 760.0 6204.0154 2244.0196;
	1958.9434 1225.4292 1928.7379 560.3528 1003.0 1453.6709 1105.0671 317.9111 797.1551 6276.7043 2299.8842;
	2027.4775 1212.2158 1874.4 547.5053 965.0675 1404.0376 1051.6465 313.2863 802.9236 6128.4631 2260.8078;
	1950.3332 1169.132 1847.8496 538.3302 963.8483 1372.6723 1045.533 332.5647 793.877 6043.5378 2308.1156;
	1930.0248 1149.1255 1817.6603 549.562 982.5996 1303.247 1080.9976 321.8568 816.848 6104.1419 2324.1293;
	1896.758 1138.0784 1824.2578 578.3922 952.9631 1294.6758 1055.3 314.7958 790.8307 6097.3094 2320.1424;
	1883.3 1107.8 1796.3845 567.2472 952.9498 1322.6851 1082.2942 302.4089 772.5666 6055.5897 2309.2702;
	1835.1631 1114.3777 1849.33 579.8649 988.9914 1329.4 1069.7354 305.2 784.2943 5864.5261 2382.1714;
	1865.2318 1147.4131 1895.6871 586.461 1041.3 1387.1273 1111.0631 333.6038 806.7444 5997.6759 2468.9154;
	1859.2512 1145.1839 1912.8 579.1427 1034.4324 1399.8768 1146.5624 331.9912 783.8374 5906.6024 2428.7528;
	1848.8342 1092.5957 1813.0974 562.2012 973.5925 1361.4284 1072.1 321.4474 740.1187 5813.046 2344.2475;
	1735.7042 1005.908 1699.3857 537.1 914.8193 1258.2 995.3812 284.6444 683.9298 5488.7298 2155.279;
	1632.173 940.5 1598.8317 534.5359 843.5972 1192.9 930.4 245.9116 610.1006 5105.5462 2000.6903;
	1576.2505 891.4 1555.938 565.7627 798.1039 1173.6441 905.3856 246.9604 568.0066 4812.8239 1819.4905;
	1528.3211 852.558 1539.3132 557.9 772.1 1105.4 854.6414 254.5 552.9604 4551.2488 1724.7;
];
