function loadprofile = ex_load_profilesh1
%EX_LOAD_PROFILE  Example load profile data file for stochastic unit commitment.
% 2022.03.12
% Andres F. Ramirez

%% define constants
[CT_LABEL, CT_PROB, CT_TABLE, CT_TBUS, CT_TGEN, CT_TBRCH, CT_TAREABUS, ...
    CT_TAREAGEN, CT_TAREABRCH, CT_ROW, CT_COL, CT_CHGTYPE, CT_REP, ...
    CT_REL, CT_ADD, CT_NEWVAL, CT_TLOAD, CT_TAREALOAD, CT_LOAD_ALL_PQ, ...
    CT_LOAD_FIX_PQ, CT_LOAD_DIS_PQ, CT_LOAD_ALL_P, CT_LOAD_FIX_P, ...
    CT_LOAD_DIS_P, CT_TGENCOST, CT_TAREAGENCOST, CT_MODCOST_F, ...
    CT_MODCOST_X] = idx_ct;

loadprofile = struct( ...
    'type', 'mpcData', ...
    'table', CT_TAREALOAD, ...
    'rows', [1:11], ...
    'col', CT_LOAD_ALL_P, ...
    'chgtype', 1, ...
    'values', [] );
loadprofile.values(:,1,:) = [
	1459.7658 889.213 1462.5174 522.3536 727.7348 1100.0937 841.0968 230.0654 518.9435 4421.7252 1698.3907;
	1434.2 878.8692 1437.1948 527.6 712.5128 1086.3 827.8 220.0 519.2666 4325.1337 1680.5151;
	1452.9319 876.6 1440.478 525.7315 760.0965 1110.7612 837.8801 223.4 524.0 4321.6073 1668.8407;
	1545.4517 955.0901 1578.1 540.0709 820.0606 1190.6571 900.3685 244.8684 559.985 4609.9545 1821.8115;
	1707.9969 1048.145 1767.4622 557.1294 907.2 1347.7031 988.3189 263.914 631.5408 4988.4829 1993.8551;
	1806.518 1107.787 1868.3001 566.5691 934.466 1368.5258 1036.391 269.2168 687.1 5468.2256 2145.1236;
	1865.1627 1139.0904 1887.2604 536.6 936.4086 1395.5341 1082.6618 297.0685 716.1677 5789.9038 2229.1;
	1866.5 1117.0725 1817.7231 547.9605 905.4696 1342.3727 1112.372 286.1191 707.6861 5895.0496 2234.5;
	1890.0044 1125.4342 1866.5323 543.6 906.9553 1333.4544 1148.784 291.1756 722.3236 6032.2947 2296.651;
	1867.5 1115.7721 1884.6547 545.8373 891.1333 1314.305 1159.3603 294.3765 730.7944 6048.8704 2232.1937;
	1849.6673 1115.222 1841.356 539.6661 874.4112 1277.7883 1157.1507 292.6576 775.5499 6136.4096 2304.1897;
	1806.1481 1078.0867 1827.5508 535.5526 855.6756 1258.8092 1155.6827 296.8041 728.8341 6090.6365 2256.4303;
	1770.0573 1025.9383 1761.0837 553.6474 821.5576 1180.9766 1112.2771 283.8833 711.3888 5898.4412 2147.6357;
	1742.0704 1046.779 1724.1591 537.3627 822.2368 1191.8976 1091.9323 294.5127 738.8094 5870.8287 2169.914;
	1675.2498 1042.6636 1701.6519 539.1542 817.8173 1173.7349 1007.4 292.1 715.0639 5701.5168 2093.5239;
	1668.0006 1083.8331 1727.8168 545.2 835.033 1220.3674 1030.8 300.4969 701.5296 5775.521 2186.3866;
	1685.1285 1089.4388 1720.5632 545.3255 846.1647 1260.6423 1041.5573 326.0741 720.1854 5624.519 2241.3404;
	1800.6183 1142.5195 1855.5521 570.7868 915.6087 1342.5117 1117.5 340.7824 774.5726 5580.9125 2348.9368;
	1812.9089 1126.3106 1813.7011 574.6 921.8059 1315.2166 1117.1997 316.6536 756.4749 5552.3136 2299.0;
	1782.9375 1085.1803 1724.9799 565.4487 862.6094 1251.2797 1064.0804 314.267 694.4813 5250.7082 2227.1479;
	1670.1695 1008.2756 1614.3352 549.8 835.8096 1187.3983 1018.3 299.1376 651.3452 5178.3854 2114.7299;
	1549.0586 934.3685 1548.9182 546.8 782.8768 1107.508 919.6389 275.9129 595.6597 4892.407 1930.6;
	1488.518 911.2517 1530.3674 545.5671 736.1635 1086.5549 926.0264 258.7564 576.1601 4730.0067 1853.6046;
	1481.7508 893.0805 1506.2 548.1144 715.8584 1070.7675 893.8068 237.3206 541.1554 4565.9 1780.4884;
];
