function windprofile = ex_wind_profilesh1
%EX_WIND_PROFILE_D  Example wind_load_nyiso profile data for deterministic unit commitment.
% 2022.03.12
% Andres F. Ramirez


%% define constants
[GEN_BUS, PG, QG, QMAX, QMIN, VG, MBASE, GEN_STATUS, PMAX, PMIN, ...
    MU_PMAX, MU_PMIN, MU_QMAX, MU_QMIN, PC1, PC2, QC1MIN, QC1MAX, ...
    QC2MIN, QC2MAX, RAMP_AGC, RAMP_10, RAMP_30, RAMP_Q, APF] = idx_gen;
[CT_LABEL, CT_PROB, CT_TABLE, CT_TBUS, CT_TGEN, CT_TBRCH, CT_TAREABUS, ...
    CT_TAREAGEN, CT_TAREABRCH, CT_ROW, CT_COL, CT_CHGTYPE, CT_REP, ...
    CT_REL, CT_ADD, CT_NEWVAL, CT_TLOAD, CT_TAREALOAD, CT_LOAD_ALL_PQ, ...
    CT_LOAD_FIX_PQ, CT_LOAD_DIS_PQ, CT_LOAD_ALL_P, CT_LOAD_FIX_P, ...
    CT_LOAD_DIS_P, CT_TGENCOST, CT_TAREAGENCOST, CT_MODCOST_F, ...
    CT_MODCOST_X] = idx_ct;

windprofile = struct( ...
    'type', 'mpcData', ...
    'table', CT_TGEN, ...
    'rows', [1:45], ...
    'col', PMAX, ...
    'chgtype', 1, ...
    'values', [] );
windprofile.values(:,1,:) = [
	3.713 50.1713 89.4975 118.3945 14.8651 34.2828 32.4683 17.4282 10.6782 16.533 30.561 45.591 68.6371 49.5269 186.0635 70.0983 86.9739 92.1663 87.908 67.0362 10.8228 79.9933 19.3174 86.421 101.68 70.0602 13.6954 1284.4232 785.6491 785.6491 706.0141 117.3581 293.0267 172.5514 155.2735 335.2103 1145.9026 281.7815 454.5341 272.3572 118.806 380.3111 215.0672 251.2351 1157.8391;
	3.7998 51.3438 90.292 114.0754 14.8092 33.9122 32.5792 17.1462 11.9093 12.9465 23.9313 35.7009 53.7475 61.8583 180.1105 67.8556 84.1912 89.2175 86.1828 68.3525 10.8597 79.1284 23.0236 83.4843 97.3657 69.1757 13.0706 1261.9647 776.1476 776.1476 651.4988 113.2298 287.2761 175.9394 193.934 331.1563 1208.859 263.7292 446.9046 260.801 119.1063 376.1992 215.8204 260.4883 1221.4513;
	3.7655 50.8802 89.9239 113.3719 15.1425 33.437 32.7637 17.3394 23.088 14.7928 27.3442 40.7922 61.4125 61.9102 154.5298 58.2182 72.2337 76.5462 87.9809 68.2941 10.9212 78.0196 24.5494 85.3857 100.3147 70.9139 13.1326 1234.0756 749.1853 749.1853 613.886 112.7637 293.2695 175.7893 194.0969 319.6524 1177.9291 276.1427 447.6006 268.7001 117.5113 370.9277 209.287 258.8846 1190.1992;
	3.6401 49.1859 88.3472 111.4451 15.1874 32.2755 31.3123 16.2487 27.7764 29.1693 53.9191 80.4366 121.0969 64.934 191.3573 72.0928 89.4484 94.7886 90.1335 63.3939 10.4374 75.3096 24.4616 86.4021 97.2263 71.2817 12.9642 1241.228 761.9034 761.9034 645.6554 112.9302 300.4449 163.176 203.5768 325.0788 1156.4819 300.907 436.8307 260.4275 119.5896 358.0433 177.2327 247.148 1168.5286;
	3.0266 40.8966 89.7999 114.8103 14.658 29.6451 30.2119 17.2003 26.7699 29.1878 53.9532 80.4876 121.1736 64.5685 191.8814 72.2902 89.6934 95.0482 87.6456 67.4427 10.0706 69.1719 69.3016 87.5314 101.3388 69.7807 13.2567 1294.9842 779.5211 779.5211 727.313 114.1799 292.152 173.5978 202.4309 332.5957 1165.4923 322.8519 433.1546 271.4433 117.2379 328.8629 172.0307 254.9801 1177.6329;
	3.6021 48.6726 90.9815 114.0037 14.8797 31.8464 18.5873 17.5975 25.6509 29.3304 54.2169 80.8809 121.7658 55.378 199.4641 75.1469 93.2379 98.8043 61.126 71.9411 6.1958 74.3083 72.4507 86.948 101.9705 71.4427 13.7877 1258.0002 801.7649 801.7649 733.4164 116.5395 203.7535 185.1766 173.6174 342.0864 1220.8838 319.8175 438.529 273.1353 119.7452 353.2828 157.6082 262.2048 1233.6014;
	3.6336 49.0979 90.6114 113.947 14.9008 32.2252 13.5804 17.3556 25.0743 28.0814 51.9081 77.4367 116.5805 67.6514 193.766 73.0002 90.5743 95.9817 84.8009 71.9205 4.5268 75.1921 69.4534 88.0981 102.4329 69.1931 13.4628 1308.0859 797.9414 797.9414 709.277 117.138 282.6698 185.1237 212.0962 340.455 1223.9606 315.8968 392.3178 274.3739 120.9256 357.4848 165.965 266.6491 1236.7102;
	3.8632 52.1997 94.2446 118.7389 15.2743 33.8732 8.2236 17.8402 1.0278 27.5165 50.8639 75.8789 114.2353 46.8445 198.3918 74.743 92.7366 98.2732 86.5818 72.5478 2.7412 79.0374 69.5534 89.5274 104.192 70.81 13.9612 1296.3826 748.1847 748.1847 698.7365 116.6958 288.6061 186.7383 146.8639 319.2255 1213.0686 313.2447 175.2498 279.0858 122.8439 375.7665 201.0754 277.881 1225.7047;
	3.8308 51.762 92.3142 118.7294 14.7233 32.7171 6.7578 17.7738 3.4575 28.4974 52.677 78.5837 118.3073 28.1621 198.7641 74.8832 92.9106 98.4576 89.8127 73.2613 2.2526 76.3398 70.9005 86.6848 101.81 70.3273 13.4502 1196.6373 673.1587 673.1587 691.3503 113.8638 299.3758 188.5749 88.2919 287.2144 1041.4134 287.9638 124.6473 272.7054 121.6277 362.9415 184.6035 270.7277 1052.2615;
	3.8864 52.5134 95.1416 121.0011 15.3855 33.1966 3.9622 18.7404 4.8207 26.3159 48.6445 72.568 109.2507 22.1035 195.2064 73.5429 91.2476 96.6953 91.1849 73.6488 1.3207 77.4586 52.1465 89.301 105.058 72.2654 13.7418 994.0879 569.8783 569.8783 561.6611 113.379 303.9497 189.5722 69.2973 243.1481 806.4405 257.7856 170.0392 281.4055 122.1133 368.2605 160.7961 281.224 814.8409;
	3.7726 50.9762 95.3193 120.9209 15.3216 28.9476 0.5114 19.1127 2.6577 29.3103 54.1797 80.8255 121.6823 2.6173 195.9249 73.8136 91.5835 97.0512 75.6968 72.4243 0.1705 67.5444 74.1316 89.7376 106.5592 71.8868 14.106 848.6138 566.9647 566.9647 473.832 109.6929 252.3225 186.4203 8.2056 241.905 732.1966 191.5441 74.7407 285.4265 119.5883 321.1255 143.1801 278.0225 739.8237;
	3.5608 48.1137 94.5471 119.9471 15.2844 20.6086 5.3683 18.8467 4.9143 28.4195 52.533 78.3689 117.9839 2.4362 197.4829 74.4005 92.3118 97.8229 38.0378 70.6832 1.7894 48.0867 75.5091 88.988 104.6729 72.3298 14.0868 648.4414 662.7971 662.7971 495.1161 109.4637 126.7928 181.9388 7.638 282.7934 793.3308 211.6308 54.9176 280.3738 121.2475 228.6178 133.4914 270.1552 801.5946;
	3.8626 52.1917 95.1114 119.2175 15.386 22.3461 13.718 19.017 25.9897 24.4114 45.124 67.3162 101.3441 45.9761 192.4783 72.5151 89.9724 95.3439 56.1142 70.4628 4.5727 52.141 74.6846 88.4769 104.63 72.84 14.1294 692.3327 665.0726 665.0726 504.1156 105.4813 187.0474 181.3715 144.1414 283.7643 609.5972 224.7322 57.7304 280.259 123.1428 247.8931 144.4489 271.4893 615.9472;
	3.7017 50.0186 91.403 113.5376 15.2725 20.897 6.6065 18.1888 18.3112 24.0311 44.4211 66.2675 99.7654 12.5497 194.62 73.3219 90.9735 96.4048 55.4729 71.3022 2.2022 48.7597 74.4229 83.8154 97.2497 69.3178 13.7578 598.6368 667.7891 667.7891 475.7299 86.783 184.9096 183.5319 39.3452 284.9234 670.8748 227.6302 48.0126 260.4902 119.3792 231.8173 153.6694 260.7475 677.8631;
	3.751 50.6848 92.6349 116.3376 15.3485 19.147 3.514 18.1938 5.5314 25.8936 47.8639 71.4035 107.4976 22.5334 192.6714 72.5878 90.0627 95.4396 68.9729 70.5231 1.1713 44.6763 73.2269 86.2907 98.0868 69.5115 13.6178 441.1431 657.1044 657.1044 445.4327 87.9912 229.9098 181.5267 70.6452 280.3646 577.9679 230.4973 29.6008 262.7324 119.9032 212.4037 157.1084 242.8684 583.9884;
	3.4589 46.7367 90.4489 116.4889 15.0169 10.0211 3.2229 17.8608 3.4922 28.065 51.8777 77.3913 116.5121 12.6861 182.7896 68.8649 85.4435 90.5446 60.3951 71.0441 1.0743 23.3826 72.5054 85.7614 97.7243 69.1697 13.4673 491.7668 554.7062 554.7062 419.8322 90.0368 201.3169 182.8678 39.7725 236.6746 491.8661 220.5864 3.1289 261.7616 120.3498 111.1677 148.2605 242.9878 496.9897;
	3.4095 46.0695 89.6274 116.918 15.0222 18.2707 0.4008 18.1335 0.0 27.8292 51.4419 76.7412 115.5335 24.6624 165.7527 62.4464 77.4798 82.1054 53.3788 69.0099 0.1336 42.6316 69.7421 85.1831 99.7235 70.6502 13.4146 1071.5059 462.0133 462.0133 290.4855 86.7327 177.9293 177.6315 77.32 197.1257 824.583 233.2488 64.5342 267.1165 121.0565 202.6826 135.393 239.7283 833.1724;
	3.3223 44.8912 94.1655 119.6091 14.9582 21.7669 7.7399 18.5357 1.7886 29.0104 53.6253 79.9984 120.4372 54.0618 185.0783 69.7272 86.5133 91.6783 71.4049 68.6235 2.58 50.7894 70.3544 86.9818 101.7994 72.2602 13.911 1253.4158 597.9638 597.9638 210.277 67.8731 238.0162 176.6371 169.4909 255.1312 1035.7337 207.5574 114.5243 272.677 122.6703 241.4671 178.7281 265.8321 1046.5226;
