function windprofile = ex_wind_profilesh1
%EX_WIND_PROFILE_D  Example wind_load_nyiso profile data for deterministic unit commitment.
% 2022.03.12
% Andres F. Ramirez


%% define constants
[GEN_BUS, PG, QG, QMAX, QMIN, VG, MBASE, GEN_STATUS, PMAX, PMIN, ...
    MU_PMAX, MU_PMIN, MU_QMAX, MU_QMIN, PC1, PC2, QC1MIN, QC1MAX, ...
    QC2MIN, QC2MAX, RAMP_AGC, RAMP_10, RAMP_30, RAMP_Q, APF] = idx_gen;
[CT_LABEL, CT_PROB, CT_TABLE, CT_TBUS, CT_TGEN, CT_TBRCH, CT_TAREABUS, ...
    CT_TAREAGEN, CT_TAREABRCH, CT_ROW, CT_COL, CT_CHGTYPE, CT_REP, ...
    CT_REL, CT_ADD, CT_NEWVAL, CT_TLOAD, CT_TAREALOAD, CT_LOAD_ALL_PQ, ...
    CT_LOAD_FIX_PQ, CT_LOAD_DIS_PQ, CT_LOAD_ALL_P, CT_LOAD_FIX_P, ...
    CT_LOAD_DIS_P, CT_TGENCOST, CT_TAREAGENCOST, CT_MODCOST_F, ...
    CT_MODCOST_X] = idx_ct;

windprofile = struct( ...
    'type', 'mpcData', ...
    'table', CT_TGEN, ...
    'rows', [1:45], ...
    'col', PMAX, ...
    'chgtype', 1, ...
    'values', [] );
windprofile.values(:,1,:) = [
	3.8993 52.6878 93.3171 119.1154 14.8846 34.6487 32.125 17.9778 11.6291 17.3369 32.0471 47.8079 71.9746 61.4174 201.8546 76.0475 94.3553 99.9884 92.2287 70.4023 10.7083 80.847 23.0608 88.0791 104.9486 75.3424 13.4558 1248.703 790.1593 790.1593 756.5914 109.3804 307.429 181.2156 192.5519 337.1346 1129.4624 264.8792 464.4889 281.1125 121.3053 384.3695 211.4572 272.6579 1141.2276;
	3.9078 52.8034 93.1983 117.6306 15.1615 34.9841 32.8597 17.8522 13.0794 14.6522 27.0843 40.4045 60.8287 67.4013 197.1916 74.2908 92.1756 97.6786 92.17 70.7527 10.9532 81.6296 27.2908 85.3377 102.6435 75.0889 12.8044 1252.855 790.992 790.992 797.0852 113.223 307.2333 182.1175 211.312 337.4899 1213.4803 277.5068 467.0435 274.938 118.8736 388.0906 214.0443 275.0537 1226.1208;
	3.8235 51.6634 91.4734 114.5653 14.9459 34.2397 33.6276 18.1777 25.9023 16.2974 30.1256 44.9414 67.6591 63.2514 191.0847 71.9901 89.321 94.6536 89.4023 72.7402 11.2092 79.8927 28.1978 86.2386 103.4512 74.1906 12.9824 1235.9282 811.9511 811.9511 777.3873 114.2382 298.0075 187.2333 198.3016 346.4325 1219.11 289.8772 473.4815 277.1015 121.8926 379.8325 209.3263 262.6244 1231.8091;
	3.6679 49.5615 89.7391 114.7933 14.7842 34.2336 32.6002 18.2385 28.4406 30.3485 56.0988 83.6884 125.9925 66.4795 203.056 76.5002 94.9169 100.5835 87.904 68.1409 10.8667 79.8785 29.352 86.2022 104.18 73.7758 13.0517 1274.6745 815.8831 815.8831 797.4109 115.2129 293.0134 175.3949 208.4223 348.1101 1192.6026 305.5399 477.0397 279.0535 120.9441 379.765 174.2216 260.4306 1205.0255;
	3.0892 41.7413 90.7829 117.2077 14.9383 31.4712 31.855 18.2524 27.9914 30.7092 56.7655 84.683 127.4897 64.384 201.5869 75.9467 94.2301 99.8558 90.9914 69.7738 10.6183 73.4328 74.6909 85.3054 103.9174 73.9 12.7875 1233.6013 775.7999 775.7999 708.3214 109.6783 303.3045 179.598 201.8526 331.008 1054.7958 292.9411 473.9195 278.3503 120.9877 349.1204 184.4134 268.0423 1065.7832;
	3.6274 49.014 91.5071 118.6774 14.3054 32.7147 19.9023 18.3882 26.3582 30.6542 56.6638 84.5313 127.2614 49.3499 204.1727 76.9209 95.4389 101.1367 63.9628 72.9655 6.6341 76.3344 74.5589 86.0919 105.6308 72.7848 13.1704 1186.3822 773.0222 773.0222 708.6869 114.5906 213.2092 187.8135 154.7187 329.8228 1075.2236 288.4637 471.2982 282.9395 116.3928 362.9155 161.4769 265.7219 1086.4238;
	3.7693 50.9313 92.3241 116.3094 14.0979 33.9782 14.6748 18.0558 25.7936 29.6919 54.885 81.8776 123.2663 64.7704 202.4934 76.2882 94.6539 100.3048 88.8319 73.3637 4.8916 79.2825 73.3625 87.6164 105.6835 73.1227 13.2835 1234.4156 786.4778 786.4778 653.7777 111.0949 296.1063 188.8384 203.0639 335.5639 1086.9572 281.8568 443.3388 283.0809 120.9215 376.9316 186.384 279.1891 1098.2797;
	3.8437 51.937 94.6165 119.4449 14.8776 33.71 8.1003 18.6289 5.3173 30.4196 56.2302 83.8843 126.2874 44.9131 204.6855 77.1141 95.6786 101.3907 89.3595 72.0549 2.7001 78.6567 75.6984 88.8465 106.4843 73.9795 13.8928 1248.8374 779.6684 779.6684 660.3245 112.6147 297.8651 185.4696 140.8086 332.6585 1141.4358 292.028 186.7934 285.2258 121.6991 373.9564 206.145 284.4441 1153.3257;
	3.86 52.1566 94.7477 119.0295 14.9189 32.0389 12.0659 18.5531 15.4512 30.6997 56.748 84.6569 127.4505 27.0323 201.5815 75.9446 94.2276 99.8531 87.8897 71.9156 4.022 74.7574 75.576 88.6696 106.4373 74.7741 13.6648 1167.0068 711.7672 711.7672 695.0147 115.0802 292.9657 185.111 84.75 303.6873 1015.1349 288.2695 84.0449 285.0999 123.8163 355.4178 199.6715 285.9164 1025.7092;
	3.9101 52.8343 94.8345 120.1746 15.3153 31.9241 7.6395 18.5707 14.5963 27.918 51.606 76.986 115.9019 20.5375 202.0194 76.1097 94.4323 100.0701 91.8785 72.741 2.5465 74.4896 55.2296 89.1291 106.4593 74.9265 13.2564 1005.4498 650.7462 650.7462 604.1168 116.4726 306.2616 187.2356 64.3877 277.6517 859.0001 268.002 28.1748 285.1589 123.6735 354.145 171.0045 283.1301 867.948;
	3.6082 48.7553 93.4064 119.0586 14.7308 25.5602 2.9716 18.032 4.2232 30.4783 56.3386 84.0461 126.531 0.1431 203.9073 76.8209 95.3148 101.0053 82.1706 72.7413 0.9905 59.6404 74.5374 89.3406 105.6245 74.6211 13.4044 737.0812 649.433 649.433 534.6634 114.0268 273.9021 187.2362 0.4486 277.0914 729.1056 219.8356 25.2318 282.9227 122.4758 283.5475 149.1367 278.1912 736.7004;
	3.1774 42.9335 90.3789 115.0015 14.6643 14.3863 0.0 18.0603 0.1028 28.8754 53.3757 79.626 119.8765 0.2481 199.5459 75.1777 93.2761 98.8448 34.9158 71.5016 0.0 33.568 74.1381 87.1758 104.4872 72.3378 13.3258 518.0155 673.9781 673.9781 482.5308 105.3648 116.3858 184.0452 0.7779 287.564 748.6069 209.1851 18.8221 279.8765 123.4497 159.5919 131.8821 266.7607 756.4049;
	3.5939 48.5609 91.1653 114.5667 14.8543 18.2591 0.0 18.0655 25.0123 25.08 46.36 69.16 104.1199 43.482 191.3428 72.0873 89.4417 94.7815 50.4536 70.9437 0.0 42.6046 73.6481 86.9362 104.1352 71.054 13.7058 558.8042 636.9049 636.9049 478.5945 98.2752 168.1786 182.6093 136.3219 271.7461 559.9506 217.0421 16.6744 278.9337 123.7758 202.5545 139.855 264.7762 565.7834;
	3.5816 48.3951 88.8947 116.1367 14.8251 18.293 4.2613 17.9548 19.1205 24.7551 45.7595 68.2641 102.7713 34.7433 194.713 73.357 91.017 96.4509 49.2569 72.1665 1.4204 42.6837 74.4202 86.6318 100.6711 70.3423 13.4579 502.3051 684.2797 684.2797 498.0515 90.6183 164.1895 185.7568 108.9249 291.9593 656.3424 246.8634 183.3427 269.6547 122.2568 202.9304 152.3883 260.5891 663.1793;
	3.6499 49.3179 87.6795 114.7216 14.6995 17.7036 0.5739 17.4395 0.0 24.666 45.5948 68.0185 102.4015 26.4367 187.4013 70.6023 87.5992 92.829 68.9757 71.3886 0.1913 41.3084 69.9725 83.8959 97.8648 70.7002 13.2229 388.6878 672.0352 672.0352 470.4752 87.2545 229.9191 183.7546 82.8825 286.735 576.5048 237.3982 23.1247 262.138 115.5505 196.3919 157.4824 241.7352 582.51;
	3.5549 48.0347 89.9647 119.2851 15.1677 9.7373 6.8417 18.0707 12.3553 29.2664 54.0985 80.7043 121.4999 23.8249 179.4794 67.6178 83.8962 88.9049 65.3284 72.6801 2.2806 22.7204 74.3372 86.3118 102.271 71.0549 13.6444 416.6982 568.2884 568.2884 444.2727 91.498 217.7613 187.0787 74.6944 242.4697 467.9115 217.0761 253.6653 273.9401 119.9529 108.0193 153.3249 251.2136 472.7856;
	3.48 47.0226 92.5855 118.567 15.1017 18.2516 8.2802 18.3151 21.8578 30.0803 55.6031 82.9488 124.879 29.1509 185.9243 70.0459 86.9088 92.0974 67.344 73.1515 2.7601 42.587 74.5373 86.6006 103.4349 71.8893 13.7427 1023.7856 503.5943 503.5943 318.1802 90.9596 224.48 188.2922 91.392 214.8669 852.4172 227.851 120.714 277.0577 118.7594 202.4708 136.6015 243.6782 861.2966;
	3.0915 41.7731 91.0813 118.1276 14.4545 21.0551 4.7233 18.0901 6.2615 28.7915 53.2207 79.3949 119.5285 41.0367 187.3266 70.5742 87.5643 92.792 78.2472 71.9903 1.5744 49.1287 70.4653 85.7456 102.0804 70.2556 13.4665 1208.7358 570.4768 570.4768 235.3785 68.6737 260.8241 185.3033 128.6556 243.4034 962.051 203.1968 140.7864 273.4297 116.2025 233.5717 169.9006 262.555 972.0724;
