function solarprofile = ex_solar_profilesh1
%EX_WIND_PROFILE_D  Example wind_load_nyiso profile data for deterministic unit commitment.
% 2022.03.12
% Andres F. Ramirez


%% define constants
[GEN_BUS, PG, QG, QMAX, QMIN, VG, MBASE, GEN_STATUS, PMAX, PMIN, ...
    MU_PMAX, MU_PMIN, MU_QMAX, MU_QMIN, PC1, PC2, QC1MIN, QC1MAX, ...
    QC2MIN, QC2MAX, RAMP_AGC, RAMP_10, RAMP_30, RAMP_Q, APF] = idx_gen;
[CT_LABEL, CT_PROB, CT_TABLE, CT_TBUS, CT_TGEN, CT_TBRCH, CT_TAREABUS, ...
    CT_TAREAGEN, CT_TAREABRCH, CT_ROW, CT_COL, CT_CHGTYPE, CT_REP, ...
    CT_REL, CT_ADD, CT_NEWVAL, CT_TLOAD, CT_TAREALOAD, CT_LOAD_ALL_PQ, ...
    CT_LOAD_FIX_PQ, CT_LOAD_DIS_PQ, CT_LOAD_ALL_P, CT_LOAD_FIX_P, ...
    CT_LOAD_DIS_P, CT_TGENCOST, CT_TAREAGENCOST, CT_MODCOST_F, ...
    CT_MODCOST_X] = idx_ct;

solarprofile = struct( ...
    'type', 'mpcData', ...
    'table', CT_TGEN, ...
    'rows', [1:12], ...
    'col', PMAX, ...
    'chgtype', 1, ...
    'values', [] );
solarprofile.values(:,1,:) = [
	0.0 0.0 0.0 0.0 0.0 0.0 0.0 0.0 0.0 0.0 0.0 0.0;
	0.0 0.0 0.0 0.0 0.0 0.0 0.0 0.0 0.0 0.0 0.0 0.0;
	0.0 0.0 0.0 0.0 0.0 0.0 0.0 0.0 0.0 0.0 0.0 0.0;
	0.0 0.0 0.0 0.0 0.0 0.0 0.0 0.0 0.0 0.0 0.0 0.0;
	0.0 0.0 0.0 0.0 0.0 0.0 0.0 0.0 0.0 0.0 0.0 0.0;
	0.4095 0.3481 0.3036 0.0 0.0 0.1765 0.0221 0.1431 0.0956 0.0 0.0 0.0;
	1.8473 1.2847 1.8336 1.5656 1.3551 10.4354 1.3044 1.4326 13.1461 12.9784 15.0448 23.504;
	7.4421 6.2349 3.8714 4.1165 3.6064 89.2007 11.1501 13.1984 44.8701 32.6639 32.2055 59.1544;
	10.8305 9.5081 3.7229 5.2814 4.1851 129.027 16.1284 26.9561 71.1645 47.3908 44.9363 85.8251;
	5.7371 6.8602 2.6007 9.7345 11.4655 53.4549 6.6819 27.044 75.0952 56.6825 22.1419 102.6524;
	10.8135 10.605 9.0262 10.6668 8.8438 126.5619 15.8202 29.4667 87.9318 126.6962 65.672 229.4477;
	16.5832 13.1168 12.0799 10.9244 7.836 214.9184 26.8648 29.2968 87.727 229.9514 131.2471 416.4434;
	13.7547 10.5938 8.6919 10.5919 7.3308 281.8884 35.2361 34.3736 139.8313 74.4978 65.6934 134.916;
	8.7107 7.0792 3.7231 9.7208 8.6789 222.4677 27.8085 33.4737 137.0071 29.3108 39.0584 53.082;
	2.4052 2.5293 0.7897 6.7359 8.3286 99.2566 12.4071 31.0369 120.8727 14.9793 18.812 27.1276;
	0.0 0.0 0.0 2.2614 2.8336 40.7398 5.0925 25.9734 123.2854 0.0 0.0 0.0;
	0.2326 0.1937 0.1925 1.2209 1.2977 59.3944 7.4243 8.9012 53.2073 0.0 3.2984 0.0;
	0.0 0.0 0.0 0.0 0.0 0.0 0.0 0.0 0.0 0.0 0.0 0.0;
	0.0 0.0 0.0 0.0 0.0 0.0 0.0 0.0 0.0 0.0 0.0 0.0;
	0.0 0.0 0.0 0.0 0.0 0.0 0.0 0.0 0.0 0.0 0.0 0.0;
	0.0 0.0 0.0 0.0 0.0 0.0 0.0 0.0 0.0 0.0 0.0 0.0;
	0.0 0.0 0.0 0.0 0.0 0.0 0.0 0.0 0.0 0.0 0.0 0.0;
	0.0 0.0 0.0 0.0 0.0 0.0 0.0 0.0 0.0 0.0 0.0 0.0;
	0.0 0.0 0.0 0.0 0.0 0.0 0.0 0.0 0.0 0.0 0.0 0.0;
];
