function windprofile = ex_wind_profilesh1
%EX_WIND_PROFILE_D  Example wind_load_nyiso profile data for deterministic unit commitment.
% 2022.03.12
% Andres F. Ramirez


%% define constants
[GEN_BUS, PG, QG, QMAX, QMIN, VG, MBASE, GEN_STATUS, PMAX, PMIN, ...
    MU_PMAX, MU_PMIN, MU_QMAX, MU_QMIN, PC1, PC2, QC1MIN, QC1MAX, ...
    QC2MIN, QC2MAX, RAMP_AGC, RAMP_10, RAMP_30, RAMP_Q, APF] = idx_gen;
[CT_LABEL, CT_PROB, CT_TABLE, CT_TBUS, CT_TGEN, CT_TBRCH, CT_TAREABUS, ...
    CT_TAREAGEN, CT_TAREABRCH, CT_ROW, CT_COL, CT_CHGTYPE, CT_REP, ...
    CT_REL, CT_ADD, CT_NEWVAL, CT_TLOAD, CT_TAREALOAD, CT_LOAD_ALL_PQ, ...
    CT_LOAD_FIX_PQ, CT_LOAD_DIS_PQ, CT_LOAD_ALL_P, CT_LOAD_FIX_P, ...
    CT_LOAD_DIS_P, CT_TGENCOST, CT_TAREAGENCOST, CT_MODCOST_F, ...
    CT_MODCOST_X] = idx_ct;

windprofile = struct( ...
    'type', 'mpcData', ...
    'table', CT_TGEN, ...
    'rows', [1:45], ...
    'col', PMAX, ...
    'chgtype', 1, ...
    'values', [] );
windprofile.values(:,1,:) = [
	3.988 53.8869 91.1814 119.1839 15.1829 34.9968 32.8006 18.8697 12.4855 17.1948 31.7843 47.4159 71.3843 54.7666 202.1437 76.1565 94.4904 100.1317 85.2118 68.4997 10.9335 81.6592 21.3951 86.13 103.8704 75.5731 13.7638 1255.9052 781.29 781.29 739.6361 113.101 284.0395 176.3183 171.7008 333.3504 1170.6797 279.64 478.6682 278.2242 118.9556 388.2311 216.2151 278.65 1182.8743;
	3.946 53.3196 93.286 117.7216 14.8129 34.9099 33.3079 19.109 13.0728 14.1878 26.2259 39.1239 58.9008 64.4168 199.5463 75.1779 93.2763 98.845 87.5746 69.9304 11.1026 81.4564 25.0825 87.0436 103.579 76.4729 13.7362 1287.3173 763.4155 763.4155 731.5574 113.6836 291.9152 180.001 201.9552 325.724 1206.67 259.9375 475.7364 277.4437 117.9066 387.2669 211.7456 281.5236 1219.2395;
	3.8587 52.1392 88.2467 112.5022 14.858 34.9419 33.8774 18.8963 24.3302 15.9897 29.5567 44.0928 66.3815 62.5013 190.0086 71.5846 88.818 94.1206 89.2651 70.4197 11.2925 81.5312 28.1553 84.7038 101.3463 76.3416 13.43 1263.688 770.1651 770.1651 762.4791 113.8591 297.5504 181.2606 195.9501 328.6038 1221.5205 299.9475 465.8801 271.4634 117.3066 387.6225 215.2236 268.8995 1234.2447;
	3.7252 50.3355 88.627 111.5253 15.0803 34.687 32.6695 18.9599 28.4479 28.9936 53.5943 79.9521 120.3675 66.2906 203.8642 76.8046 95.2947 100.9839 90.2316 69.0019 10.8898 80.9364 25.3717 83.7733 102.0737 75.4666 13.1974 1261.5778 770.2535 770.2535 740.1189 112.6952 300.772 177.6111 207.83 328.6415 1175.8827 309.6164 477.6008 273.4116 115.9304 384.7949 178.5909 254.1516 1188.1315;
	3.2189 43.4944 88.6767 111.1018 14.9771 31.4646 32.1303 18.3514 28.0688 29.0401 53.6801 80.0802 120.5602 64.3617 202.7383 76.3805 94.7684 100.4262 90.6421 69.2547 10.7101 73.4175 72.5703 84.3331 100.6786 72.2209 12.9176 1244.6109 768.181 768.181 735.0992 111.8503 302.1402 178.2617 201.7827 327.7572 1074.148 310.0722 454.3525 269.6747 113.3452 349.0476 174.3588 261.3563 1085.337;
	3.6405 49.191 90.1368 110.1336 14.9547 32.5417 18.8229 18.4641 26.0534 27.528 50.8851 75.9106 114.283 50.4866 200.1958 75.4226 93.5799 99.1667 63.0801 70.1919 6.2743 75.9306 72.5733 84.9206 100.4901 73.4922 13.3383 1210.5487 801.9753 801.9753 751.2556 118.2619 210.2671 180.6742 158.2824 342.1761 1145.2982 318.568 446.8574 269.1699 113.1365 360.9957 147.7998 264.0365 1157.2284;
	3.6668 49.5462 92.3419 113.1722 14.671 34.0246 13.7311 18.3435 25.9728 28.0095 51.7752 77.2384 116.2821 66.0333 198.3869 74.7411 92.7343 98.2707 87.832 71.2963 4.577 79.3906 71.8302 87.0617 103.8987 72.4882 13.5515 1257.7605 788.1208 788.1208 717.9705 119.1593 292.7732 183.517 207.0233 336.2649 1164.8897 304.7468 436.4517 278.3002 114.7568 377.4458 159.1241 261.1025 1177.024;
	3.8255 51.6904 94.3688 116.9871 15.0021 34.2112 4.2124 18.6281 1.9132 27.0027 49.914 74.4619 112.1019 45.3995 199.7051 75.2377 93.3505 98.9237 87.0338 70.5229 1.4041 79.8261 72.1404 88.3116 104.635 75.0371 13.7961 1246.3936 777.6772 777.6772 745.48 119.7935 290.1126 181.526 142.3335 331.809 1202.6295 316.0185 183.1757 280.2724 116.7226 379.516 192.1705 270.9903 1215.1569;
	3.902 52.7245 93.9243 119.9345 14.9067 32.3818 2.6311 19.1776 1.9154 28.2186 52.1616 77.8148 117.1497 25.509 199.0298 74.9833 93.0348 98.5892 88.766 71.9581 0.877 75.5574 71.6191 89.0014 105.8249 76.5709 14.1499 1217.4548 691.0163 691.0163 734.5582 118.561 295.8865 185.2202 79.974 294.8336 1077.7189 298.1502 70.5092 283.4595 118.0464 359.2217 170.6352 273.6277 1088.9451;
	3.8164 51.5674 93.1409 117.5215 14.633 29.9266 1.5511 19.1832 0.8338 23.8648 44.1137 65.809 99.0751 18.4778 192.9623 72.6974 90.1987 95.5837 85.8039 73.2339 0.517 69.8287 48.875 89.1712 105.9683 76.5579 14.0996 983.6672 601.5631 601.5631 608.0948 115.8963 286.0131 188.5042 57.9303 256.6669 834.4055 255.6635 40.32 283.8435 119.8822 331.9857 145.5023 276.663 843.0972;
	3.677 49.6847 93.1488 119.3551 14.9873 25.9551 0.0 19.0324 0.7942 28.6148 52.894 78.9074 118.7947 0.0317 197.2136 74.2991 92.1859 97.6895 81.7975 72.2126 0.0 60.5619 73.5465 89.0178 106.1734 75.6146 14.0315 795.9934 640.516 640.516 510.7814 111.715 272.6583 185.8755 0.0995 273.2868 716.0969 203.732 5.9874 284.3932 120.2131 287.9284 132.7477 268.9425 723.5562;
	3.3368 45.0876 92.322 118.9849 14.9687 18.5002 2.0061 18.381 8.6514 27.4563 50.7526 75.7128 113.9852 0.0149 201.5176 75.9206 94.1978 99.8215 40.798 73.5017 0.6687 43.1671 74.2626 87.5476 105.1075 71.7957 13.7815 599.4131 741.7499 741.7499 522.252 116.0842 135.9934 189.1935 0.0466 316.4799 802.328 214.0206 16.855 281.538 121.4928 205.2285 131.2486 264.2685 810.6856;
	3.6551 49.3878 91.1829 117.4349 14.7192 19.4985 2.2392 17.7283 25.9264 23.8745 44.1317 65.8359 99.1155 46.3328 198.3862 74.7408 92.734 98.2704 60.6579 73.6043 0.7464 45.4966 69.647 84.133 102.8347 70.9477 13.8471 599.4431 704.4163 704.4163 534.8601 108.2807 202.1931 189.4576 145.2596 300.551 581.1581 221.3953 33.82 275.4502 122.3723 216.3039 135.5517 263.7871 587.2119;
	3.5675 48.2044 89.7737 116.894 14.8957 18.128 0.8285 18.1614 19.3764 23.2417 42.9619 64.0907 96.4882 35.1824 199.8561 75.2946 93.4211 98.9985 62.3745 73.3545 0.2762 42.2986 70.9988 86.0553 101.8418 73.751 13.7004 525.8163 686.0691 686.0691 475.8314 96.3531 207.9151 188.8147 110.3015 292.7228 626.1514 227.8837 63.961 272.7906 121.3165 201.0997 149.9891 266.6103 632.6738;
	3.5927 48.5452 88.1299 115.4125 15.1109 17.8001 1.5651 17.9936 13.0408 26.3047 48.6238 72.5371 109.2042 32.0295 195.8634 73.7904 91.5548 97.0207 80.0269 72.7636 0.5217 41.5337 72.4938 86.184 101.3022 75.0811 13.5288 396.1753 702.2354 702.2354 448.6816 91.5567 266.7563 187.2938 100.4169 299.6205 570.2187 239.5131 40.5142 271.3451 118.7042 197.463 160.3835 240.9081 576.1585;
	3.126 42.2391 86.6013 113.8617 14.4374 8.3449 3.5447 18.4646 8.025 27.2955 50.4552 75.2693 113.3175 21.7944 192.6598 72.5835 90.0572 95.4338 70.8103 72.5049 1.1816 19.4713 69.5826 86.2718 100.9195 75.1066 13.7397 403.7617 533.1773 533.1773 369.5448 92.907 236.0344 186.6279 68.3285 227.489 443.923 211.4107 33.5608 270.3202 117.2787 92.5722 138.0685 233.4977 448.5472;
	2.994 40.4561 87.0127 113.3622 14.0148 16.2523 0.0 18.526 1.7875 28.4015 52.4998 78.3193 117.9093 16.2972 197.6656 74.4694 92.3972 97.9134 71.887 72.2169 0.0 37.9219 71.9758 85.0203 101.8954 72.6926 13.4582 930.3242 466.3872 466.3872 269.0336 89.653 239.6233 185.8865 51.0939 198.9919 762.4047 223.0574 103.1463 272.934 115.4136 180.2916 121.6567 215.8438 770.3464;
	3.2933 44.4996 87.0737 114.7503 14.6173 21.4352 0.0 18.3836 18.9716 30.266 55.9462 83.4607 125.6496 39.5472 201.0727 75.753 93.9898 99.6011 83.9102 72.8942 0.0 50.0156 72.9185 84.1628 100.1112 71.7668 13.4103 1226.047 585.0331 585.0331 213.7571 73.4299 279.7007 187.63 123.9858 249.6141 1022.451 202.7411 117.8862 268.1551 118.3112 237.7883 165.779 250.4878 1033.1015;
