function solarprofile = ex_solar_profilesh1
%EX_WIND_PROFILE_D  Example wind_load_nyiso profile data for deterministic unit commitment.
% 2022.03.12
% Andres F. Ramirez


%% define constants
[GEN_BUS, PG, QG, QMAX, QMIN, VG, MBASE, GEN_STATUS, PMAX, PMIN, ...
    MU_PMAX, MU_PMIN, MU_QMAX, MU_QMIN, PC1, PC2, QC1MIN, QC1MAX, ...
    QC2MIN, QC2MAX, RAMP_AGC, RAMP_10, RAMP_30, RAMP_Q, APF] = idx_gen;
[CT_LABEL, CT_PROB, CT_TABLE, CT_TBUS, CT_TGEN, CT_TBRCH, CT_TAREABUS, ...
    CT_TAREAGEN, CT_TAREABRCH, CT_ROW, CT_COL, CT_CHGTYPE, CT_REP, ...
    CT_REL, CT_ADD, CT_NEWVAL, CT_TLOAD, CT_TAREALOAD, CT_LOAD_ALL_PQ, ...
    CT_LOAD_FIX_PQ, CT_LOAD_DIS_PQ, CT_LOAD_ALL_P, CT_LOAD_FIX_P, ...
    CT_LOAD_DIS_P, CT_TGENCOST, CT_TAREAGENCOST, CT_MODCOST_F, ...
    CT_MODCOST_X] = idx_ct;

solarprofile = struct( ...
    'type', 'mpcData', ...
    'table', CT_TGEN, ...
    'rows', [1:12], ...
    'col', PMAX, ...
    'chgtype', 1, ...
    'values', [] );
solarprofile.values(:,1,:) = [
	0.0 0.0 0.0 0.0 0.0 0.0 0.0 0.0 0.0 0.0 0.0 0.0;
	0.0 0.0 0.0 0.0 0.0 0.0 0.0 0.0 0.0 0.0 0.0 0.0;
	0.0 0.0 0.0 0.0 0.0 0.0 0.0 0.0 0.0 0.0 0.0 0.0;
	0.0 0.0 0.0 0.0 0.0 0.0 0.0 0.0 0.0 0.0 0.0 0.0;
	0.0 0.0 0.0 0.0 0.0 0.0 0.0 0.0 0.0 0.0 0.0 0.0;
	0.4095 0.3481 0.302 0.0 0.0 0.1765 0.0221 0.1431 0.0956 0.0 0.0 0.0;
	4.0647 1.7736 1.6317 0.6713 0.9023 14.5853 1.8232 2.429 4.5225 101.8841 31.3091 184.5127;
	12.5643 7.6501 6.0784 0.6302 3.8928 97.9088 12.2386 7.9497 42.8644 217.6941 85.7856 394.2453;
	20.263 14.7936 10.5506 1.4058 6.049 184.8534 23.1067 20.6595 133.4304 268.3563 130.5409 485.9949;
	24.7685 16.5864 12.6606 8.7061 12.9341 263.306 32.9133 46.0239 236.7916 292.5963 151.8885 529.8938;
	24.1234 16.3907 13.4461 11.0125 12.5229 238.5382 29.8173 41.6906 180.3321 329.4325 189.6074 596.6043;
	23.5459 16.1244 13.2514 11.2082 12.3079 206.6804 25.835 34.3124 128.2887 339.7225 195.7181 615.2395;
	12.752 10.1546 8.0561 10.9996 9.6201 251.2812 31.4102 40.3882 192.0325 255.7024 135.8546 463.0785;
	8.3473 6.9498 4.654 10.1543 9.3016 237.1454 29.6432 37.9675 208.456 217.5706 122.6677 394.0216;
	3.0797 2.6619 2.0003 6.9569 8.4883 185.7313 23.2164 24.5872 198.4687 215.3869 120.9321 390.067;
	0.4663 0.1394 0.367 1.6225 4.0139 92.1405 11.5176 3.1675 101.8016 170.1584 57.4165 308.1578;
	0.2069 0.188 0.1943 1.1001 2.0433 50.9633 6.3704 3.6686 40.9412 201.748 16.493 365.3668;
	0.0 0.0 0.0 0.0 0.0 0.0 0.0 0.0 0.0 0.0 0.0 0.0;
	0.0 0.0 0.0 0.0 0.0 0.0 0.0 0.0 0.0 0.0 0.0 0.0;
	0.0 0.0 0.0 0.0 0.0 0.0 0.0 0.0 0.0 0.0 0.0 0.0;
	0.0 0.0 0.0 0.0 0.0 0.0 0.0 0.0 0.0 0.0 0.0 0.0;
	0.0 0.0 0.0 0.0 0.0 0.0 0.0 0.0 0.0 0.0 0.0 0.0;
	0.0 0.0 0.0 0.0 0.0 0.0 0.0 0.0 0.0 0.0 0.0 0.0;
	0.0 0.0 0.0 0.0 0.0 0.0 0.0 0.0 0.0 0.0 0.0 0.0;
];
