function solarprofile = ex_solar_profilesh1
%EX_WIND_PROFILE_D  Example wind_load_nyiso profile data for deterministic unit commitment.
% 2022.03.12
% Andres F. Ramirez


%% define constants
[GEN_BUS, PG, QG, QMAX, QMIN, VG, MBASE, GEN_STATUS, PMAX, PMIN, ...
    MU_PMAX, MU_PMIN, MU_QMAX, MU_QMIN, PC1, PC2, QC1MIN, QC1MAX, ...
    QC2MIN, QC2MAX, RAMP_AGC, RAMP_10, RAMP_30, RAMP_Q, APF] = idx_gen;
[CT_LABEL, CT_PROB, CT_TABLE, CT_TBUS, CT_TGEN, CT_TBRCH, CT_TAREABUS, ...
    CT_TAREAGEN, CT_TAREABRCH, CT_ROW, CT_COL, CT_CHGTYPE, CT_REP, ...
    CT_REL, CT_ADD, CT_NEWVAL, CT_TLOAD, CT_TAREALOAD, CT_LOAD_ALL_PQ, ...
    CT_LOAD_FIX_PQ, CT_LOAD_DIS_PQ, CT_LOAD_ALL_P, CT_LOAD_FIX_P, ...
    CT_LOAD_DIS_P, CT_TGENCOST, CT_TAREAGENCOST, CT_MODCOST_F, ...
    CT_MODCOST_X] = idx_ct;

solarprofile = struct( ...
    'type', 'mpcData', ...
    'table', CT_TGEN, ...
    'rows', [1:12], ...
    'col', PMAX, ...
    'chgtype', 1, ...
    'values', [] );
solarprofile.values(:,1,:) = [
	0.0 0.0 0.0 0.0 0.0 0.0 0.0 0.0 0.0 0.0 0.0 0.0;
	0.0 0.0 0.0 0.0 0.0 0.0 0.0 0.0 0.0 0.0 0.0 0.0;
	0.0 0.0 0.0 0.0 0.0 0.0 0.0 0.0 0.0 0.0 0.0 0.0;
	0.0 0.0 0.0 0.0 0.0 0.0 0.0 0.0 0.0 0.0 0.0 0.0;
	0.0 0.0 0.0 0.0 0.0 0.0 0.0 0.0 0.0 0.0 0.0 0.0;
	0.4095 0.3481 0.302 0.0 0.0 0.1765 0.0221 0.1431 0.0956 0.0 0.0 0.0;
	2.709 1.7614 0.899 2.634 0.9478 0.0 0.0 3.1289 8.3316 58.1385 34.4769 105.2892;
	9.0324 5.8148 4.7169 5.0132 1.4693 21.4331 2.6791 17.7602 41.5636 99.256 45.0977 179.7532;
	14.8866 7.529 6.5154 6.2131 1.6717 41.4204 5.1776 27.9687 88.9646 130.7947 49.9286 236.87;
	15.0052 10.0601 8.5372 10.7663 9.7509 43.3459 5.4182 16.0145 148.6408 209.6525 45.4056 379.6819;
	16.6501 12.6327 8.6614 11.1451 8.1371 88.7855 11.0982 8.2529 145.4003 203.3644 55.1709 368.2941;
	17.0036 13.2975 9.5597 11.2082 7.2073 129.1359 16.142 7.4449 135.6586 118.3248 37.6047 214.2869;
	11.5613 10.8978 9.5005 11.1816 2.4049 182.4226 22.8028 20.6122 210.6997 48.8604 51.1869 88.4864;
	9.3902 10.4882 9.8392 10.7911 3.0388 139.7897 17.4737 23.7231 218.6055 108.8568 105.8179 197.1403;
	8.0808 9.8507 8.9549 8.8826 6.0511 76.3865 9.5483 19.2083 202.3494 171.6296 112.6917 310.8223;
	3.726 6.1952 6.0328 4.1676 6.1507 57.5397 7.1925 6.7677 134.3853 259.4667 60.9403 469.8958;
	0.7383 0.9399 0.774 1.236 2.1951 53.4802 6.685 3.6815 41.0239 101.4875 5.2174 183.7946;
	0.0 0.0 0.0 0.0 0.0 0.0 0.0 0.0 0.0 0.0 0.0 0.0;
	0.0 0.0 0.0 0.0 0.0 0.0 0.0 0.0 0.0 0.0 0.0 0.0;
	0.0 0.0 0.0 0.0 0.0 0.0 0.0 0.0 0.0 0.0 0.0 0.0;
	0.0 0.0 0.0 0.0 0.0 0.0 0.0 0.0 0.0 0.0 0.0 0.0;
	0.0 0.0 0.0 0.0 0.0 0.0 0.0 0.0 0.0 0.0 0.0 0.0;
	0.0 0.0 0.0 0.0 0.0 0.0 0.0 0.0 0.0 0.0 0.0 0.0;
	0.0 0.0 0.0 0.0 0.0 0.0 0.0 0.0 0.0 0.0 0.0 0.0;
];
