function solarprofile = ex_solar_profilesh1
%EX_WIND_PROFILE_D  Example wind_load_nyiso profile data for deterministic unit commitment.
% 2022.03.12
% Andres F. Ramirez


%% define constants
[GEN_BUS, PG, QG, QMAX, QMIN, VG, MBASE, GEN_STATUS, PMAX, PMIN, ...
    MU_PMAX, MU_PMIN, MU_QMAX, MU_QMIN, PC1, PC2, QC1MIN, QC1MAX, ...
    QC2MIN, QC2MAX, RAMP_AGC, RAMP_10, RAMP_30, RAMP_Q, APF] = idx_gen;
[CT_LABEL, CT_PROB, CT_TABLE, CT_TBUS, CT_TGEN, CT_TBRCH, CT_TAREABUS, ...
    CT_TAREAGEN, CT_TAREABRCH, CT_ROW, CT_COL, CT_CHGTYPE, CT_REP, ...
    CT_REL, CT_ADD, CT_NEWVAL, CT_TLOAD, CT_TAREALOAD, CT_LOAD_ALL_PQ, ...
    CT_LOAD_FIX_PQ, CT_LOAD_DIS_PQ, CT_LOAD_ALL_P, CT_LOAD_FIX_P, ...
    CT_LOAD_DIS_P, CT_TGENCOST, CT_TAREAGENCOST, CT_MODCOST_F, ...
    CT_MODCOST_X] = idx_ct;

solarprofile = struct( ...
    'type', 'mpcData', ...
    'table', CT_TGEN, ...
    'rows', [1:12], ...
    'col', PMAX, ...
    'chgtype', 1, ...
    'values', [] );
solarprofile.values(:,1,:) = [
	0.0 0.0 0.0 0.0 0.0 0.0 0.0 0.0 0.0 0.0 0.0 0.0;
	0.0 0.0 0.0 0.0 0.0 0.0 0.0 0.0 0.0 0.0 0.0 0.0;
	0.0 0.0 0.0 0.0 0.0 0.0 0.0 0.0 0.0 0.0 0.0 0.0;
	0.0 0.0 0.0 0.0 0.0 0.0 0.0 0.0 0.0 0.0 0.0 0.0;
	0.0 0.0 0.0 0.0 0.0 0.0 0.0 0.0 0.0 0.0 0.0 0.0;
	0.414 0.3564 0.302 0.0 0.0 0.1765 0.0221 0.1431 0.0956 0.0 0.0 0.0;
	1.3023 2.4962 0.7572 1.3602 0.4314 27.1723 3.3965 18.044 16.4631 18.9001 24.8211 34.2283;
	3.1943 2.6423 1.0698 2.5817 0.8935 66.8781 8.3598 29.1961 65.7385 148.9677 89.7651 269.7814;
	6.3831 2.9275 1.4695 3.1523 1.1989 95.2882 11.911 36.3811 105.1068 260.7689 130.9041 472.254;
	10.8139 6.1837 4.8687 5.9881 9.6017 179.9546 22.4943 37.0981 126.6269 244.4867 85.299 442.7668;
	14.4013 11.8502 8.8204 9.3742 10.1947 215.1122 26.889 42.56 124.8699 157.3317 81.9323 284.9287;
	15.9308 12.5518 9.6225 10.7153 11.4336 262.9113 32.8639 43.0726 138.1641 113.519 108.8183 205.5836;
	10.0389 4.4439 5.4404 8.7967 7.46 392.548 49.0685 37.0491 249.6801 138.4362 119.1535 250.7088;
	7.6221 2.4251 3.451 6.0499 5.6642 404.5352 50.5669 25.9704 268.076 152.6265 113.7527 276.4075;
	3.5633 1.2834 2.4791 3.2018 2.1237 388.1746 48.5218 18.4597 263.8522 110.6271 82.2418 200.3464;
	0.9618 0.5466 1.081 1.3798 0.0 310.9263 38.8658 6.1523 211.0635 11.553 4.0554 20.9225;
	0.3037 0.2311 0.2601 1.1836 1.1067 62.6377 7.8297 3.6686 53.4739 2.122 2.0752 3.843;
	0.0 0.0 0.0 0.0 0.0 0.0 0.0 0.0 0.0 0.0 0.0 0.0;
	0.0 0.0 0.0 0.0 0.0 0.0 0.0 0.0 0.0 0.0 0.0 0.0;
	0.0 0.0 0.0 0.0 0.0 0.0 0.0 0.0 0.0 0.0 0.0 0.0;
	0.0 0.0 0.0 0.0 0.0 0.0 0.0 0.0 0.0 0.0 0.0 0.0;
	0.0 0.0 0.0 0.0 0.0 0.0 0.0 0.0 0.0 0.0 0.0 0.0;
	0.0 0.0 0.0 0.0 0.0 0.0 0.0 0.0 0.0 0.0 0.0 0.0;
	0.0 0.0 0.0 0.0 0.0 0.0 0.0 0.0 0.0 0.0 0.0 0.0;
];
