function solarprofile = ex_solar_profilesh1
%EX_WIND_PROFILE_D  Example wind_load_nyiso profile data for deterministic unit commitment.
% 2022.03.12
% Andres F. Ramirez


%% define constants
[GEN_BUS, PG, QG, QMAX, QMIN, VG, MBASE, GEN_STATUS, PMAX, PMIN, ...
    MU_PMAX, MU_PMIN, MU_QMAX, MU_QMIN, PC1, PC2, QC1MIN, QC1MAX, ...
    QC2MIN, QC2MAX, RAMP_AGC, RAMP_10, RAMP_30, RAMP_Q, APF] = idx_gen;
[CT_LABEL, CT_PROB, CT_TABLE, CT_TBUS, CT_TGEN, CT_TBRCH, CT_TAREABUS, ...
    CT_TAREAGEN, CT_TAREABRCH, CT_ROW, CT_COL, CT_CHGTYPE, CT_REP, ...
    CT_REL, CT_ADD, CT_NEWVAL, CT_TLOAD, CT_TAREALOAD, CT_LOAD_ALL_PQ, ...
    CT_LOAD_FIX_PQ, CT_LOAD_DIS_PQ, CT_LOAD_ALL_P, CT_LOAD_FIX_P, ...
    CT_LOAD_DIS_P, CT_TGENCOST, CT_TAREAGENCOST, CT_MODCOST_F, ...
    CT_MODCOST_X] = idx_ct;

solarprofile = struct( ...
    'type', 'mpcData', ...
    'table', CT_TGEN, ...
    'rows', [1:12], ...
    'col', PMAX, ...
    'chgtype', 1, ...
    'values', [] );
solarprofile.values(:,1,:) = [
	0.0 0.0 0.0 0.0 0.0 0.0 0.0 0.0 0.0 0.0 0.0 0.0;
	0.0 0.0 0.0 0.0 0.0 0.0 0.0 0.0 0.0 0.0 0.0 0.0;
	0.0 0.0 0.0 0.0 0.0 0.0 0.0 0.0 0.0 0.0 0.0 0.0;
	0.0 0.0 0.0 0.0 0.0 0.0 0.0 0.0 0.0 0.0 0.0 0.0;
	0.0 0.0 0.0 0.0 0.0 0.0 0.0 0.0 0.0 0.0 0.0 0.0;
	0.5183 0.4457 0.3809 0.0 0.0 1.9743 0.2468 0.203 1.0854 0.0 0.0 0.0;
	4.1616 3.0324 3.2074 3.0758 4.5835 55.0693 6.8837 4.8822 16.2888 91.2977 58.4749 165.3407;
	7.4554 5.5597 5.3792 6.6865 7.9852 51.6277 6.4535 6.7923 54.8216 331.0433 179.9627 599.5213;
	9.5061 6.829 7.114 7.9976 8.4528 42.4088 5.3011 6.944 97.4165 350.5805 184.2301 634.9034;
	8.2435 5.7793 8.8773 10.8965 12.8581 23.2651 2.9081 2.524 93.143 350.5929 164.438 634.9258;
	8.9984 7.3249 9.3021 11.1451 12.2589 59.2425 7.4053 6.1227 96.1002 332.4056 163.3634 601.9885;
	9.9238 8.0698 9.0916 11.2082 12.2393 97.5688 12.1961 10.8256 99.0085 298.4737 151.1767 540.5377;
	7.1873 3.9839 7.2073 11.0269 11.9578 77.6749 9.7094 9.6787 189.9786 293.9749 93.428 532.3903;
	5.681 2.8985 5.179 10.4709 11.9233 45.2244 5.653 5.3616 193.3929 326.1051 106.8331 590.5783;
	2.7031 1.4544 3.6547 8.3197 11.1972 40.9607 5.1201 2.9965 185.2001 339.8511 82.4226 615.4724;
	0.9299 0.6895 1.4355 4.211 6.3372 125.1632 15.6454 6.8282 181.9834 114.0487 9.4072 206.5429;
	0.2575 0.2567 0.2439 1.5564 2.2561 80.0817 10.0102 8.8242 60.846 10.427 4.3283 18.8833;
	0.0 0.0 0.0 0.0 0.0 0.0 0.0 0.0 0.0 0.0 0.0 0.0;
	0.0 0.0 0.0 0.0 0.0 0.0 0.0 0.0 0.0 0.0 0.0 0.0;
	0.0 0.0 0.0 0.0 0.0 0.0 0.0 0.0 0.0 0.0 0.0 0.0;
	0.0 0.0 0.0 0.0 0.0 0.0 0.0 0.0 0.0 0.0 0.0 0.0;
	0.0 0.0 0.0 0.0 0.0 0.0 0.0 0.0 0.0 0.0 0.0 0.0;
	0.0 0.0 0.0 0.0 0.0 0.0 0.0 0.0 0.0 0.0 0.0 0.0;
	0.0 0.0 0.0 0.0 0.0 0.0 0.0 0.0 0.0 0.0 0.0 0.0;
];
