function windprofile = ex_wind_profilesh1
%EX_WIND_PROFILE_D  Example wind_load_nyiso profile data for deterministic unit commitment.
% 2022.03.12
% Andres F. Ramirez


%% define constants
[GEN_BUS, PG, QG, QMAX, QMIN, VG, MBASE, GEN_STATUS, PMAX, PMIN, ...
    MU_PMAX, MU_PMIN, MU_QMAX, MU_QMIN, PC1, PC2, QC1MIN, QC1MAX, ...
    QC2MIN, QC2MAX, RAMP_AGC, RAMP_10, RAMP_30, RAMP_Q, APF] = idx_gen;
[CT_LABEL, CT_PROB, CT_TABLE, CT_TBUS, CT_TGEN, CT_TBRCH, CT_TAREABUS, ...
    CT_TAREAGEN, CT_TAREABRCH, CT_ROW, CT_COL, CT_CHGTYPE, CT_REP, ...
    CT_REL, CT_ADD, CT_NEWVAL, CT_TLOAD, CT_TAREALOAD, CT_LOAD_ALL_PQ, ...
    CT_LOAD_FIX_PQ, CT_LOAD_DIS_PQ, CT_LOAD_ALL_P, CT_LOAD_FIX_P, ...
    CT_LOAD_DIS_P, CT_TGENCOST, CT_TAREAGENCOST, CT_MODCOST_F, ...
    CT_MODCOST_X] = idx_ct;

windprofile = struct( ...
    'type', 'mpcData', ...
    'table', CT_TGEN, ...
    'rows', [1:45], ...
    'col', PMAX, ...
    'chgtype', 1, ...
    'values', [] );
windprofile.values(:,1,:) = [
	4.0089 54.1685 94.4412 119.9946 15.0596 34.2221 32.1641 17.7688 11.1188 15.304 28.2892 42.2019 63.5348 58.8566 204.3921 77.0035 95.5414 101.2454 91.7334 70.0338 10.7214 79.8516 24.6419 86.2328 102.3034 72.8488 13.4974 1241.5126 825.9989 825.9989 779.7795 115.7848 305.7781 180.2671 184.5233 352.4262 1158.7393 265.0447 467.5219 274.027 118.8551 379.6372 214.4677 283.428 1170.8095;
	3.9503 53.3777 94.9081 119.7662 14.854 34.3422 33.0151 18.1276 13.4862 14.2987 26.4308 39.4296 59.3611 67.4185 205.2944 77.3435 95.9632 101.6924 90.2404 73.6715 11.005 80.1319 27.9662 85.703 102.6037 73.0829 13.1875 1251.0194 848.7809 848.7809 809.1944 118.9186 300.8015 189.6308 211.3661 362.1465 1265.1383 255.1944 477.5566 274.8313 118.8892 380.97 208.9676 280.8321 1278.3168;
	3.8745 52.3528 93.6704 119.2642 15.0342 34.0574 33.4177 18.703 24.6187 14.8743 27.495 41.0171 61.7511 60.1484 201.5029 75.915 94.1909 99.8142 89.8357 72.8234 11.1392 79.4673 28.9348 87.74 104.5179 73.7649 13.7351 1249.2115 836.2125 836.2125 802.2339 119.0042 299.4524 187.4476 188.5733 356.784 1248.1324 285.5274 474.1732 279.9588 117.7087 377.8104 208.1044 258.8971 1261.1337;
	3.8381 51.8605 94.6005 119.6823 15.2604 34.3559 31.3978 18.8068 28.3422 28.4645 52.6162 78.4931 118.1709 66.7629 205.869 77.5599 96.2318 101.977 91.3869 69.7716 10.4659 80.1638 29.8281 89.7438 106.0129 74.0382 13.7986 1224.6405 825.9442 825.9442 792.1894 116.7042 304.623 179.5922 209.3106 352.4028 1196.6302 308.4798 458.9125 283.9631 117.4424 381.1215 172.6239 265.5052 1209.0951;
	3.1675 42.7998 94.4849 119.8683 14.8832 31.2616 30.7667 18.7602 27.7191 29.5456 54.6147 81.4743 122.6591 63.7203 206.0813 77.6399 96.331 102.0821 87.0799 70.8806 10.2556 72.9438 73.4643 89.2855 106.1062 72.9617 14.0077 1264.9075 810.4008 810.4008 741.4859 114.7571 290.2662 182.4468 199.7719 345.771 1155.0361 299.641 438.6674 284.2131 116.3927 346.7956 162.7583 264.0434 1167.0677;
	3.7845 51.1371 94.5403 119.9205 15.1327 33.6065 19.0344 18.4788 26.4316 29.3863 54.3201 81.0349 121.9977 55.9689 205.2944 77.3435 95.9632 101.6923 56.861 71.4892 6.3448 78.4152 72.6023 89.1641 105.573 71.211 13.898 1231.421 832.6407 832.6407 740.7454 114.0403 189.5367 184.0133 175.4702 355.26 1232.129 290.1623 451.3456 282.7847 116.5704 372.8083 162.4809 258.9196 1244.9636;
	3.7093 50.1207 94.3349 119.6831 14.4685 33.9614 13.4276 18.0583 26.4029 28.9676 53.5462 79.8804 120.2595 68.7223 204.5774 77.0734 95.6281 101.3372 83.5661 73.4333 4.4759 79.2434 71.6332 88.2639 104.6414 70.1216 13.7023 1285.2411 835.5474 835.5474 751.9052 112.1683 278.5538 189.0176 215.4537 356.5002 1248.3547 310.2668 432.0084 280.2895 118.098 376.7455 175.8333 264.5312 1261.3584;
	3.7997 51.3421 95.328 120.6461 14.5216 33.7074 0.0845 17.9473 13.9854 29.0443 53.688 80.0919 120.5779 48.4189 205.9814 77.6023 96.2843 102.0327 86.6799 73.621 0.0282 78.6506 72.9491 87.9673 105.1759 69.5658 13.9093 1286.5287 825.2704 825.2704 739.5171 112.3202 288.933 189.5006 151.7998 352.1154 1262.4738 300.0698 186.6723 281.7212 119.7471 373.9275 195.5771 275.4854 1275.6246;
	3.7527 50.7073 95.3773 120.676 15.089 32.3588 0.0801 17.8371 3.4904 29.2398 54.0493 80.6309 121.3893 27.7637 202.7302 76.3774 94.7646 100.4222 84.5167 72.899 0.0267 75.5038 73.6936 88.3456 104.6193 70.0259 13.7409 1140.7325 701.6161 701.6161 681.6262 109.7031 281.7222 187.6423 87.0431 299.3562 1049.0359 253.3179 98.0368 280.2303 120.6001 358.9666 185.8066 279.7158 1059.9634;
	3.854 52.0765 95.3896 120.6667 15.0488 32.5975 0.0 18.1046 4.5991 26.0163 48.0907 71.7419 108.007 18.6259 200.2873 75.4571 93.6227 99.2121 84.4871 73.2155 0.0 76.0607 51.6612 89.3612 104.4032 71.6033 13.4094 1006.8933 633.8513 633.8513 570.5547 112.3115 281.6235 188.4568 58.3946 270.4432 867.4752 247.8433 49.5979 279.6513 122.6177 361.6144 169.7833 281.7812 876.5114;
	3.8383 51.8642 95.4422 120.6594 15.2149 29.1311 0.223 18.2429 11.2621 30.0266 55.5038 82.8007 124.656 0.8263 199.9587 75.3333 93.4691 99.0493 65.9761 71.9428 0.0743 67.9726 75.3658 90.113 105.2167 71.0105 13.5655 882.0557 683.4804 683.4804 523.8823 112.6912 219.9203 185.1811 2.5906 291.6183 771.3891 203.9843 53.5628 281.8303 121.57 323.1611 155.6584 279.4054 779.4244;
	3.4271 46.3071 95.1042 119.9929 14.8782 20.7893 1.4153 18.0007 4.7102 26.362 48.7298 72.6952 109.4423 0.0962 197.8189 74.5271 92.4688 97.9894 3.9715 70.9421 0.4718 48.5085 72.4433 88.7673 103.2611 72.0014 13.5235 651.1882 702.1882 702.1882 511.865 114.6427 13.2384 182.6051 0.3017 299.6003 797.574 206.9469 4.1936 276.5923 120.6169 230.6232 142.1085 275.3624 805.882;
	3.8266 51.706 95.2246 118.2241 14.8213 21.5966 6.3328 17.5979 25.9982 22.1247 40.8973 61.0107 91.8512 49.6691 193.237 72.8009 90.3271 95.7197 25.9917 72.0212 2.1109 50.392 71.4168 86.9478 101.8645 70.5417 13.5539 692.743 692.968 692.968 529.9305 114.4872 86.6392 185.3827 155.7195 295.6663 610.645 225.224 19.3412 272.8514 118.8033 239.5779 150.4399 268.1154 617.0059;
	3.7721 50.9688 95.3044 119.7263 15.1721 21.9751 15.7572 18.2058 20.6923 21.5511 39.8368 59.4287 89.4695 38.2856 194.8629 73.4135 91.0871 96.5251 21.8285 71.8975 5.2524 51.2752 70.8632 89.4879 104.6895 72.6867 13.7232 598.4895 673.3306 673.3306 500.3967 102.3255 72.7617 185.0644 120.0306 287.2877 686.7409 235.6832 98.1034 280.4182 117.6496 243.777 160.2253 276.1164 693.8945;
	3.7384 50.5138 95.0706 120.5812 15.3691 20.5486 13.1083 18.4928 26.0243 26.9084 49.7398 74.2021 111.7108 31.2738 187.4031 70.603 87.6001 92.8299 43.6378 72.5685 4.3694 47.9467 74.5135 89.9708 105.2459 75.348 13.7876 434.233 660.1602 660.1602 462.4728 92.0069 145.4593 186.7915 98.0475 281.6683 590.7977 238.5156 254.5434 281.9088 117.1966 227.9523 171.2796 251.6191 596.9518;
	3.5834 48.4192 93.6994 119.8353 15.3268 11.0862 11.8124 18.4276 27.1178 29.3979 54.3415 81.0669 122.0458 26.8248 171.0424 64.4392 79.9524 84.7257 43.0443 71.6119 3.9375 25.8678 75.1998 89.0269 104.1641 73.0794 13.6851 491.8095 562.5389 562.5389 423.0652 96.6297 143.4811 184.3292 84.0995 240.0166 512.7684 207.7711 278.7515 279.0109 119.9311 122.9828 163.0507 238.864 518.1097;
	3.5448 47.8978 93.5593 120.1051 14.9249 19.9626 7.8602 18.6581 25.0469 28.6452 52.9503 78.9914 118.9211 35.2591 188.1329 70.878 87.9412 93.1914 50.2853 72.2859 2.6201 46.5794 74.4186 89.1086 105.3803 72.7933 13.5888 1055.9862 492.883 492.883 329.3594 95.6474 167.6178 186.0641 110.5419 210.2967 894.6174 227.2312 116.6337 282.2686 120.6117 221.4519 140.1956 243.7777 903.9363;
	3.2551 43.9832 94.2572 120.5146 14.8447 22.727 11.3186 18.831 26.2009 29.7432 54.9799 82.0192 123.4795 63.4593 189.4656 71.3801 88.5642 93.8516 65.4692 73.0322 3.7729 53.0296 74.7401 89.2878 105.2676 72.9212 13.8181 1227.0628 562.8746 562.8746 247.2493 74.1728 218.2308 187.9851 198.9533 240.1598 1031.4299 214.5352 151.2492 281.9669 118.4966 252.1181 172.9563 267.4147 1042.1739;
