function windprofile = ex_wind_profilesh1
%EX_WIND_PROFILE_D  Example wind_load_nyiso profile data for deterministic unit commitment.
% 2022.03.12
% Andres F. Ramirez


%% define constants
[GEN_BUS, PG, QG, QMAX, QMIN, VG, MBASE, GEN_STATUS, PMAX, PMIN, ...
    MU_PMAX, MU_PMIN, MU_QMAX, MU_QMIN, PC1, PC2, QC1MIN, QC1MAX, ...
    QC2MIN, QC2MAX, RAMP_AGC, RAMP_10, RAMP_30, RAMP_Q, APF] = idx_gen;
[CT_LABEL, CT_PROB, CT_TABLE, CT_TBUS, CT_TGEN, CT_TBRCH, CT_TAREABUS, ...
    CT_TAREAGEN, CT_TAREABRCH, CT_ROW, CT_COL, CT_CHGTYPE, CT_REP, ...
    CT_REL, CT_ADD, CT_NEWVAL, CT_TLOAD, CT_TAREALOAD, CT_LOAD_ALL_PQ, ...
    CT_LOAD_FIX_PQ, CT_LOAD_DIS_PQ, CT_LOAD_ALL_P, CT_LOAD_FIX_P, ...
    CT_LOAD_DIS_P, CT_TGENCOST, CT_TAREAGENCOST, CT_MODCOST_F, ...
    CT_MODCOST_X] = idx_ct;

windprofile = struct( ...
    'type', 'mpcData', ...
    'table', CT_TGEN, ...
    'rows', [1:45], ...
    'col', PMAX, ...
    'chgtype', 1, ...
    'values', [] );
windprofile.values(:,1,:) = [
	3.9814 53.7974 92.6504 119.9129 15.2652 34.9642 32.0078 18.2004 11.4133 19.7361 36.482 54.4239 81.9349 51.2014 198.6046 74.8231 92.8361 98.3785 89.7639 67.1609 10.6693 81.5831 28.0783 87.285 103.188 73.1305 13.7955 1252.0487 825.7149 825.7149 795.1211 115.4624 299.213 172.8723 160.5234 352.305 1132.5964 294.5017 463.5788 276.3964 119.0362 387.8695 216.731 282.1777 1144.3943;
	3.9619 53.5346 93.7146 118.8923 15.3771 35.1189 32.8899 17.9243 13.5763 16.3981 30.3116 45.219 68.077 62.9145 191.3144 72.0766 89.4284 94.7674 89.6519 69.0396 10.9633 81.9441 32.0492 85.5973 101.5974 72.0379 13.5604 1302.9934 822.5918 822.5918 793.5663 113.7263 298.8397 177.7082 197.2454 350.9725 1221.5519 270.2746 477.5227 272.1358 117.1924 389.5857 217.9231 280.3364 1234.2764;
	3.8927 52.5989 90.5188 118.3983 15.3425 35.0066 33.3245 18.2005 23.235 16.5872 30.6612 45.7405 68.862 58.8209 173.9663 65.5408 81.3191 86.174 89.9491 69.1819 11.1082 81.6821 29.1977 85.6994 101.4563 72.8077 13.8574 1264.5876 817.626 817.626 792.8031 118.774 299.8304 178.0744 184.4115 348.8538 1245.0154 310.4845 475.8803 271.7579 117.6034 388.34 216.6598 268.2453 1257.9843;
	3.887 52.5218 93.0328 120.4264 15.3719 35.1345 32.6607 17.8614 28.3347 30.4401 56.268 83.9408 126.3724 66.9363 199.3441 75.1017 93.1818 98.7449 92.5888 66.1888 10.8869 81.9805 29.368 87.2182 103.2483 72.4273 13.6753 1303.0492 848.2297 848.2297 813.4899 118.5156 308.6295 170.3702 209.8542 361.9114 1273.4244 338.3262 479.6639 276.5581 118.7669 389.7587 192.82 265.4239 1286.6892;
	3.272 44.2121 93.7078 120.1609 15.1231 32.7087 32.0766 18.058 27.8612 30.7482 56.8376 84.7906 127.6518 65.9937 198.1606 74.6558 92.6285 98.1586 91.493 66.794 10.6922 76.3204 75.1255 86.7974 103.8177 71.7782 13.777 1280.5818 816.2426 816.2426 760.9389 118.2761 304.9766 171.928 206.8991 348.2635 1167.9379 346.4701 476.9398 278.0831 117.2537 362.849 182.7307 264.9419 1180.1039;
	3.6462 49.2679 94.3976 119.7226 15.2903 33.8752 20.2748 18.414 26.4829 29.328 54.2124 80.8742 121.7557 52.9372 200.2647 75.4486 93.6121 99.2009 66.956 67.8565 6.7583 79.042 74.0353 87.462 104.6425 72.3407 13.8062 1237.354 814.3043 814.3043 775.0147 117.0301 223.1865 174.6627 165.9653 347.4365 1203.1254 334.3535 471.8903 280.2924 118.2189 375.7884 159.387 267.0731 1215.658;
	3.6288 49.0331 94.0104 118.6838 15.0259 33.524 14.8409 17.5223 26.1389 28.775 53.1901 79.3492 119.4598 66.9905 201.8778 76.0563 94.3661 99.9999 89.3111 71.5676 4.947 78.2226 71.9123 87.544 103.4938 72.2029 13.4342 1307.717 827.3194 827.3194 778.3884 111.5788 297.7038 184.2152 210.0244 352.9896 1227.9685 333.6803 435.7631 277.2156 122.2544 371.8928 175.0126 265.741 1240.7599;
	3.6466 49.2732 93.708 117.1816 15.1957 33.0407 7.57 17.3323 6.3938 28.5679 52.8074 78.7782 118.6002 44.0726 202.5097 76.2944 94.6615 100.3129 88.126 70.6877 2.5233 77.0949 72.8337 86.585 98.1496 71.2962 13.4143 1301.1153 814.0783 814.0783 787.2314 113.22 293.7535 181.9504 138.1735 347.3401 1247.4565 336.7959 177.3329 262.9006 120.7903 366.5313 196.0386 267.3711 1260.4509;
	3.759 50.792 93.7831 119.9538 15.3757 31.4846 11.621 17.6543 7.679 28.984 53.5764 79.9255 120.3274 26.6162 202.7192 76.3733 94.7594 100.4167 85.5431 72.1977 3.8737 73.4641 73.0727 89.2411 102.05 71.6318 13.2967 1176.0744 711.1045 711.1045 760.7726 107.7295 285.1436 185.8372 83.4455 303.4046 1069.9716 301.068 340.9405 273.3483 120.1151 349.2692 182.1348 273.7801 1081.1171;
	3.7447 50.5989 92.1624 119.3314 15.4166 32.0673 3.1456 17.7313 4.242 24.5555 45.3904 67.7136 101.9424 22.746 195.3099 73.5819 91.296 96.7465 85.7724 71.9744 1.0485 74.8237 52.74 88.9382 102.5081 71.6549 13.0246 959.4031 621.396 621.396 607.919 97.9993 285.9082 185.2623 71.3117 265.129 812.4473 260.7093 240.723 274.5751 119.4817 355.7332 164.9887 272.5532 820.9103;
	3.5683 48.2157 91.5338 117.5906 15.3258 26.053 0.0 17.8627 1.6531 29.1152 53.8191 80.2875 120.8724 4.8052 199.0889 75.0056 93.0625 98.6185 80.5783 71.6907 0.0 60.7903 73.5552 88.2969 100.6273 71.7142 13.5926 782.6315 650.0417 650.0417 532.2276 107.3616 268.5942 184.5319 15.0651 277.3511 716.1504 213.6582 7.309 269.5373 113.1361 289.0146 150.976 270.0058 723.6103;
	3.3959 45.8858 89.3556 116.1547 15.1344 18.967 0.7377 17.8852 2.851 26.7336 49.4166 73.7199 110.9849 5.1958 201.7247 75.9986 94.2946 99.9241 40.462 71.9694 0.2459 44.2564 71.8896 86.8093 100.5759 72.3168 13.4381 608.2794 732.6985 732.6985 525.5682 110.0669 134.8733 185.2494 16.2895 312.618 806.6073 220.8106 2.2256 269.3996 114.041 210.4077 144.9227 276.041 815.0095;
	3.6392 49.174 90.5523 115.7291 14.7562 19.5391 0.0207 17.6026 25.5425 24.9952 46.2033 68.9262 103.768 50.1202 196.1235 73.8884 91.6763 97.1495 62.4478 72.0734 0.0069 45.5913 74.335 85.4633 102.4409 70.1148 13.4073 651.3023 703.681 703.681 499.2349 107.0346 208.1594 185.5171 157.1336 300.2372 604.2432 230.1054 19.3956 274.3951 117.5033 216.7541 148.6792 277.2088 610.5374;
	3.69 49.8603 91.2559 119.1276 15.2697 20.2202 8.1366 17.8097 20.337 23.2388 42.9566 64.0829 96.4764 38.9793 197.9861 74.5901 92.547 98.0722 62.0264 71.0118 2.7122 47.1806 73.3974 87.3948 101.9266 71.056 13.3327 601.3433 730.4971 730.4971 508.8109 95.7832 206.7548 182.7847 122.2052 311.6788 707.936 247.9189 126.6173 273.0176 117.7489 224.31 175.5199 276.8771 715.3104;
	3.7778 51.0461 93.31 118.9477 15.3406 17.699 4.0503 18.0619 12.9528 25.8049 47.7 71.159 107.1294 33.8742 192.7024 72.5995 90.0772 95.4549 78.8125 70.5825 1.3501 41.2976 72.0384 89.5728 103.2719 74.2617 13.548 410.1877 681.2067 681.2067 444.5833 82.9654 262.7082 181.6795 106.2001 290.6482 584.8665 231.1075 228.4921 276.6212 119.5432 196.3405 174.8357 261.8888 590.9589;
	3.4778 46.9921 92.4144 119.5148 15.3915 8.9742 10.9388 17.6377 25.1618 28.4254 52.544 78.3853 118.0086 27.2924 185.2146 69.7785 86.5771 91.7458 67.488 71.9601 3.6463 20.9397 72.3484 89.751 103.8797 73.5394 13.5402 430.2329 556.6613 556.6613 392.5061 81.7906 224.9598 185.2256 85.5653 237.5088 474.9354 202.3786 287.8563 278.2492 120.2069 99.5533 168.2478 257.9896 479.8826;
	3.3774 45.6359 92.4422 118.122 15.2084 17.0728 6.7488 18.152 17.679 28.8173 53.2683 79.4658 119.6353 36.6296 188.8186 71.1363 88.2617 93.5311 68.0217 71.4635 2.2496 39.8365 73.9006 88.7071 104.8441 75.6196 13.563 982.9987 474.433 474.433 292.4925 82.9184 226.7389 183.9474 114.8389 202.4247 817.201 212.2567 121.0087 280.8325 117.9071 189.3939 141.4849 252.0506 825.7135;
	2.9944 40.4607 89.0509 116.7791 14.4547 19.3248 2.4813 17.7087 3.8782 28.8226 53.2781 79.4804 119.6573 60.8245 194.4283 73.2497 90.8839 96.3098 84.0283 72.1505 0.8271 45.0913 73.8561 87.271 100.3912 72.4797 13.464 1171.8836 587.5985 587.5985 233.245 65.1452 280.0943 185.7156 190.6929 250.7087 992.429 195.3511 129.9306 268.905 116.3178 214.3769 171.8761 266.972 1002.7668;
