function loadprofile = ex_load_profilesh1
%EX_LOAD_PROFILE  Example load profile data file for stochastic unit commitment.
% 2022.03.12
% Andres F. Ramirez

%% define constants
[CT_LABEL, CT_PROB, CT_TABLE, CT_TBUS, CT_TGEN, CT_TBRCH, CT_TAREABUS, ...
    CT_TAREAGEN, CT_TAREABRCH, CT_ROW, CT_COL, CT_CHGTYPE, CT_REP, ...
    CT_REL, CT_ADD, CT_NEWVAL, CT_TLOAD, CT_TAREALOAD, CT_LOAD_ALL_PQ, ...
    CT_LOAD_FIX_PQ, CT_LOAD_DIS_PQ, CT_LOAD_ALL_P, CT_LOAD_FIX_P, ...
    CT_LOAD_DIS_P, CT_TGENCOST, CT_TAREAGENCOST, CT_MODCOST_F, ...
    CT_MODCOST_X] = idx_ct;

loadprofile = struct( ...
    'type', 'mpcData', ...
    'table', CT_TAREALOAD, ...
    'rows', [1:11], ...
    'col', CT_LOAD_ALL_P, ...
    'chgtype', 1, ...
    'values', [] );
loadprofile.values(:,1,:) = [
	1431.5458 898.2 1497.8345 522.4075 817.2848 1101.5142 835.7 226.3609 493.0749 4346.6279 1718.6218;
	1459.4253 900.8 1524.1 519.1 784.2351 1087.0594 827.8 211.3566 483.9983 4245.1078 1661.533;
	1475.482 924.346 1567.3303 532.6167 798.8 1117.5005 845.9687 220.9 497.9 4335.3846 1737.1725;
	1531.8629 962.4 1652.8917 542.0 862.6 1182.7 888.7119 240.9766 533.1989 4576.0866 1817.3847;
	1618.8617 1071.4726 1838.6103 561.9216 965.8531 1315.8317 981.0 276.9421 606.2 5099.1159 2062.7634;
	1749.8671 1137.9757 1972.6144 579.2219 1008.574 1389.8 1050.0098 316.9495 691.1951 5554.0427 2178.6536;
	1817.7 1152.1048 1970.3263 594.6294 1027.4187 1368.1236 1074.5 325.5812 723.2153 5879.1601 2245.6829;
	1819.8171 1165.9 1979.1094 589.9511 1067.3539 1357.6092 1073.4612 324.3217 726.3631 6013.674 2172.8791;
	1828.1321 1170.5966 2013.0 575.6 1067.2238 1346.1467 1089.8598 328.1 719.9359 6074.4887 2170.4134;
	1855.8972 1193.8426 1991.6637 558.5682 1042.5944 1318.7 1064.5347 331.2 729.3399 6028.6939 2126.794;
	1842.5 1146.9489 1947.8075 553.7 1001.7588 1265.0446 1003.0487 310.6056 722.2395 6060.589 2118.6932;
	1846.8779 1158.1 1937.0292 543.8533 972.5 1238.0006 996.3861 308.7925 711.9 6056.0385 2058.7238;
	1784.3007 1093.8468 1852.6488 521.8077 946.1575 1229.8963 977.7575 299.2521 694.0268 6017.0113 2032.0452;
	1763.7269 1087.4034 1865.8659 516.2877 953.0704 1236.6389 980.8193 293.1255 676.2675 5971.4259 2046.7933;
	1743.3388 1120.2017 1908.7044 532.6488 960.1 1247.6802 982.6407 282.497 691.6133 5973.9781 1985.5034;
	1711.5439 1133.6294 1957.0961 531.3956 966.6 1265.997 977.88 296.4856 678.4665 6006.1075 2095.7242;
	1695.4469 1119.0452 1976.1741 546.4684 986.8256 1282.1864 960.4057 308.7408 677.22 5842.6047 2062.5763;
	1823.4 1191.3935 2084.1283 575.0 1018.7907 1322.0394 989.9954 312.0584 702.1871 5857.0982 2236.8797;
	1817.9978 1167.5137 2044.0961 577.4 1021.1013 1341.4689 997.7662 310.0 684.6307 5717.1687 2132.4947;
	1782.3957 1097.7049 1920.258 562.865 986.8362 1290.0959 1004.701 315.6 656.1 5475.7639 2153.6368;
	1721.3249 1037.5646 1801.8523 557.0806 918.7756 1228.8061 959.0868 294.7 628.3 5258.8963 2046.4466;
	1643.3777 989.0998 1711.7799 545.9038 857.2296 1175.3973 900.2103 263.2072 574.4374 4989.3301 1902.0169;
	1591.9129 1006.5406 1722.6144 556.6303 824.4633 1140.2856 905.1936 267.0 540.9388 4873.7363 1827.9878;
	1497.0285 948.3079 1639.3192 547.0469 792.0226 1108.5939 867.7346 250.853 521.5281 4677.6047 1721.2;
];
