function solarprofile = ex_solar_profilesh1
%EX_WIND_PROFILE_D  Example wind_load_nyiso profile data for deterministic unit commitment.
% 2022.03.12
% Andres F. Ramirez


%% define constants
[GEN_BUS, PG, QG, QMAX, QMIN, VG, MBASE, GEN_STATUS, PMAX, PMIN, ...
    MU_PMAX, MU_PMIN, MU_QMAX, MU_QMIN, PC1, PC2, QC1MIN, QC1MAX, ...
    QC2MIN, QC2MAX, RAMP_AGC, RAMP_10, RAMP_30, RAMP_Q, APF] = idx_gen;
[CT_LABEL, CT_PROB, CT_TABLE, CT_TBUS, CT_TGEN, CT_TBRCH, CT_TAREABUS, ...
    CT_TAREAGEN, CT_TAREABRCH, CT_ROW, CT_COL, CT_CHGTYPE, CT_REP, ...
    CT_REL, CT_ADD, CT_NEWVAL, CT_TLOAD, CT_TAREALOAD, CT_LOAD_ALL_PQ, ...
    CT_LOAD_FIX_PQ, CT_LOAD_DIS_PQ, CT_LOAD_ALL_P, CT_LOAD_FIX_P, ...
    CT_LOAD_DIS_P, CT_TGENCOST, CT_TAREAGENCOST, CT_MODCOST_F, ...
    CT_MODCOST_X] = idx_ct;

solarprofile = struct( ...
    'type', 'mpcData', ...
    'table', CT_TGEN, ...
    'rows', [1:12], ...
    'col', PMAX, ...
    'chgtype', 1, ...
    'values', [] );
solarprofile.values(:,1,:) = [
	0.0 0.0 0.0 0.0 0.0 0.0 0.0 0.0 0.0 0.0 0.0 0.0;
	0.0 0.0 0.0 0.0 0.0 0.0 0.0 0.0 0.0 0.0 0.0 0.0;
	0.0 0.0 0.0 0.0 0.0 0.0 0.0 0.0 0.0 0.0 0.0 0.0;
	0.0 0.0 0.0 0.0 0.0 0.0 0.0 0.0 0.0 0.0 0.0 0.0;
	0.0 0.0 0.0 0.0 0.0 0.0 0.0 0.0 0.0 0.0 0.0 0.0;
	0.4147 0.3502 0.302 0.0 0.0 0.3627 0.0453 0.5265 0.1268 0.0 0.0 0.0;
	4.9065 3.0889 1.9475 1.1763 2.5917 29.0305 3.6288 43.4458 38.7176 31.4657 24.9536 56.9847;
	8.4197 6.577 4.9181 5.6376 5.4764 50.1291 6.2661 28.752 56.4153 300.6202 131.4421 544.425;
	12.2348 9.9861 6.4972 9.5216 7.2556 93.2902 11.6613 27.4798 63.86 356.1749 181.5662 645.035;
	16.5564 11.9774 10.4089 11.28 12.666 145.4637 18.183 27.4189 75.1304 348.141 159.6134 630.4855;
	20.1801 15.4718 11.5954 11.1331 11.6028 135.1543 16.8943 37.7135 109.8987 332.7587 164.2325 602.6281;
	19.9196 15.6848 11.4315 11.0933 9.9004 95.0415 11.8802 39.6754 125.8791 326.0134 163.1967 590.4122;
	10.5826 8.5178 4.9837 11.0548 6.7192 106.3661 13.2958 41.4784 188.0296 268.6533 93.4591 486.5327;
	8.3428 6.5715 3.0082 10.596 6.3288 105.145 13.1431 31.8642 177.1488 240.5989 95.5071 435.7261;
	6.3285 3.6506 2.7206 8.0106 4.4918 97.6993 12.2124 26.0495 153.3254 171.4954 49.932 310.5791;
	2.6913 1.5326 1.736 1.6375 0.9238 115.9631 14.4954 19.4311 144.3458 18.2824 4.6545 33.1095;
	0.6923 0.5404 0.5149 1.1379 1.2348 51.8924 6.4865 3.9876 47.9538 7.5823 2.8041 13.7316;
	0.0 0.0 0.0 0.0 0.0 0.0 0.0 0.0 0.0 0.0 0.0 0.0;
	0.0 0.0 0.0 0.0 0.0 0.0 0.0 0.0 0.0 0.0 0.0 0.0;
	0.0 0.0 0.0 0.0 0.0 0.0 0.0 0.0 0.0 0.0 0.0 0.0;
	0.0 0.0 0.0 0.0 0.0 0.0 0.0 0.0 0.0 0.0 0.0 0.0;
	0.0 0.0 0.0 0.0 0.0 0.0 0.0 0.0 0.0 0.0 0.0 0.0;
	0.0 0.0 0.0 0.0 0.0 0.0 0.0 0.0 0.0 0.0 0.0 0.0;
	0.0 0.0 0.0 0.0 0.0 0.0 0.0 0.0 0.0 0.0 0.0 0.0;
];
