function loadprofile = ex_load_profilesh1
%EX_LOAD_PROFILE  Example load profile data file for stochastic unit commitment.
% 2022.03.12
% Andres F. Ramirez

%% define constants
[CT_LABEL, CT_PROB, CT_TABLE, CT_TBUS, CT_TGEN, CT_TBRCH, CT_TAREABUS, ...
    CT_TAREAGEN, CT_TAREABRCH, CT_ROW, CT_COL, CT_CHGTYPE, CT_REP, ...
    CT_REL, CT_ADD, CT_NEWVAL, CT_TLOAD, CT_TAREALOAD, CT_LOAD_ALL_PQ, ...
    CT_LOAD_FIX_PQ, CT_LOAD_DIS_PQ, CT_LOAD_ALL_P, CT_LOAD_FIX_P, ...
    CT_LOAD_DIS_P, CT_TGENCOST, CT_TAREAGENCOST, CT_MODCOST_F, ...
    CT_MODCOST_X] = idx_ct;

loadprofile = struct( ...
    'type', 'mpcData', ...
    'table', CT_TAREALOAD, ...
    'rows', [1:11], ...
    'col', CT_LOAD_ALL_P, ...
    'chgtype', 1, ...
    'values', [] );
loadprofile.values(:,1,:) = [
	1435.0769 881.9721 1582.5472 522.8229 778.63 1126.0272 847.8912 240.6073 450.397 4424.5 1663.1;
	1432.1 886.4 1593.2797 518.8602 764.2586 1108.0649 819.3241 228.236 428.1587 4336.4276 1628.3;
	1471.6498 908.5029 1685.8755 527.5308 801.0216 1134.3443 843.6111 239.1444 455.3603 4441.3536 1691.1364;
	1555.0 972.5 1746.6747 528.995 852.6636 1206.8466 879.0408 250.8336 495.4119 4685.2636 1786.8142;
	1712.367 1082.7 1933.5705 554.986 979.1555 1362.1042 986.16 297.2 576.4741 5197.7792 2025.6564;
	1815.3408 1149.9807 1992.7 556.8398 1011.6617 1417.7967 1060.2207 332.1 664.0436 5888.3333 2239.2906;
	1846.7429 1167.6658 1966.4872 550.5779 1004.299 1402.1647 1102.4328 321.2005 686.5788 6112.9837 2305.8958;
	1849.8643 1172.1 1957.383 549.3486 1001.7 1417.7768 1095.8469 306.2 675.5974 6296.8645 2295.6403;
	1853.0469 1171.6833 1987.9334 540.6016 967.1112 1428.9207 1107.7571 300.2 672.5241 6324.2132 2189.5519;
	1817.0486 1169.1285 1950.483 529.0438 954.134 1410.293 1101.7449 309.8334 682.9463 6316.3591 2276.6546;
	1764.3841 1124.0481 1944.2 527.1 946.5132 1398.6555 1113.7942 330.7079 685.8425 6343.7847 2205.8187;
	1782.1906 1125.9301 1907.0806 519.0 963.1866 1397.768 1161.6872 335.6388 698.1293 6286.4 2353.0536;
	1723.1197 1085.2561 1835.8656 518.9 938.5033 1366.7225 1129.9661 311.7788 685.6242 6306.1769 2317.7582;
	1740.5737 1089.241 1829.4173 519.3789 934.7472 1283.2336 1055.5 305.3319 676.5915 6236.2293 2261.9;
	1720.4583 1073.9777 1835.4474 517.9015 938.9 1295.6387 1067.4087 305.2 679.3 6265.7845 2319.7198;
	1740.983 1112.488 1858.9384 521.4143 979.8827 1322.9794 1083.4988 300.8561 661.0175 6226.965 2361.6687;
	1733.4234 1104.7207 1896.215 533.7 1006.1895 1371.6 1139.5 326.9865 682.0273 6362.6486 2518.4391;
	1787.2125 1161.593 1970.7961 556.7291 1072.575 1414.8048 1121.9763 334.6364 698.3 6168.4527 2472.1991;
	1757.6873 1111.5253 1912.6766 567.7219 1047.0576 1390.8293 1126.4819 293.9525 682.9 5932.6581 2424.8015;
	1722.2904 1049.0107 1831.9 569.6 986.7707 1341.9384 1081.4532 286.1715 648.4676 5590.3991 2301.2826;
	1641.0473 992.1672 1725.1588 553.4323 921.2212 1229.8741 999.5551 270.2753 595.5814 5237.099 2116.6344;
	1586.2198 935.2369 1646.8406 548.9889 853.8653 1146.4556 926.9121 246.7968 543.9 4931.461 1960.7893;
	1519.3 899.4578 1548.5642 566.836 804.5821 1134.9914 889.4 248.9 501.4731 4779.5335 1854.2;
	1469.4468 900.5273 1550.0972 553.5 777.4469 1130.3687 877.9514 229.8 477.2951 4724.493 1777.6;
];
