function loadprofile = ex_load_profilesh1
%EX_LOAD_PROFILE  Example load profile data file for stochastic unit commitment.
% 2022.03.12
% Andres F. Ramirez

%% define constants
[CT_LABEL, CT_PROB, CT_TABLE, CT_TBUS, CT_TGEN, CT_TBRCH, CT_TAREABUS, ...
    CT_TAREAGEN, CT_TAREABRCH, CT_ROW, CT_COL, CT_CHGTYPE, CT_REP, ...
    CT_REL, CT_ADD, CT_NEWVAL, CT_TLOAD, CT_TAREALOAD, CT_LOAD_ALL_PQ, ...
    CT_LOAD_FIX_PQ, CT_LOAD_DIS_PQ, CT_LOAD_ALL_P, CT_LOAD_FIX_P, ...
    CT_LOAD_DIS_P, CT_TGENCOST, CT_TAREAGENCOST, CT_MODCOST_F, ...
    CT_MODCOST_X] = idx_ct;

loadprofile = struct( ...
    'type', 'mpcData', ...
    'table', CT_TAREALOAD, ...
    'rows', [1:11], ...
    'col', CT_LOAD_ALL_P, ...
    'chgtype', 1, ...
    'values', [] );
loadprofile.values(:,1,:) = [
	1462.5616 874.1329 1488.118 518.3433 762.6821 1120.4584 789.6625 232.8889 485.7868 4304.0985 1643.5;
	1460.2783 873.7071 1472.9698 498.0463 731.4 1106.4768 759.775 224.8566 470.2632 4253.4957 1619.6729;
	1488.1615 882.7969 1513.2 512.9 775.6084 1119.4491 794.9124 235.4768 489.7835 4309.6564 1647.0889;
	1569.3324 946.0504 1613.1 516.7 815.3109 1182.8 839.1697 248.6627 522.7 4572.9264 1745.9379;
	1721.8445 1067.3917 1794.3966 548.3143 925.4824 1295.1326 893.5947 282.5709 591.4203 4952.2791 1915.4611;
	1807.6234 1143.5 1927.6781 566.2449 990.3837 1396.2 985.6861 308.1367 676.1362 5517.4011 2123.4524;
	1886.1263 1159.3709 1950.1 576.1 1034.8625 1396.904 1043.3937 337.1 689.2149 5895.2976 2284.8453;
	1898.5739 1160.631 1960.4708 557.3062 1056.8139 1452.244 1073.5849 358.0851 704.7153 5988.6874 2336.8173;
	1919.7121 1170.6057 1975.9275 571.3 1019.0 1449.1163 1060.9367 351.3053 698.0501 5902.2552 2352.1628;
	1896.9304 1166.9625 1998.4318 555.1 1009.5231 1431.5696 1063.5697 358.0697 679.3065 5859.105 2226.2177;
	1831.0353 1132.9846 1946.1012 545.0751 979.0 1398.4429 1036.1053 355.1315 673.4 5967.2543 2301.7134;
	1819.2851 1116.7903 1971.5168 539.6424 1004.8908 1446.007 1120.0509 349.5 673.7282 5950.2623 2307.7057;
	1803.4179 1129.0572 1929.0 548.4792 963.2648 1415.2194 1097.6879 327.8276 668.7755 5827.391 2229.9753;
	1770.3 1079.5999 1864.9728 535.8866 924.6423 1385.7679 1059.0541 312.1855 680.856 5513.1831 2186.929;
	1774.9307 1116.4234 1848.6 528.1399 933.2912 1384.6287 1034.8102 305.1074 678.2 5358.5353 2168.4577;
	1780.3312 1115.473 1875.603 527.4699 971.9457 1436.8838 1044.3429 311.9432 684.5016 5722.3499 2236.9412;
	1796.1035 1096.7831 1877.8254 533.5577 992.2953 1468.0067 1051.5248 331.6517 688.9362 5733.3815 2275.5182;
	1823.6596 1149.0968 1942.0784 576.9953 1002.3776 1487.3351 1109.9656 315.3 734.0768 5699.847 2381.694;
	1866.2 1172.9 1943.8122 584.245 995.5 1503.7616 1140.2688 334.4 711.8493 5668.4369 2368.1159;
	1804.2866 1095.5 1856.8131 575.3101 955.8668 1436.2285 1134.8379 336.385 708.3646 5520.2623 2390.1876;
	1684.0633 1020.1224 1752.9394 563.3767 895.528 1347.225 1031.8552 302.139 633.2974 5186.7368 2140.8723;
	1542.0544 922.9403 1603.6089 542.0 812.7706 1279.708 958.5883 273.2848 573.9 4841.3036 1958.7049;
	1553.9207 909.4 1578.9616 549.2 800.2186 1266.4492 952.1833 263.5 542.2067 4753.54 1839.7842;
	1558.0144 898.7501 1576.0644 554.852 790.7221 1248.129 950.4766 259.6056 569.7058 4777.0268 1835.6703;
];
