function solarprofile = ex_solar_profilesh1
%EX_WIND_PROFILE_D  Example wind_load_nyiso profile data for deterministic unit commitment.
% 2022.03.12
% Andres F. Ramirez


%% define constants
[GEN_BUS, PG, QG, QMAX, QMIN, VG, MBASE, GEN_STATUS, PMAX, PMIN, ...
    MU_PMAX, MU_PMIN, MU_QMAX, MU_QMIN, PC1, PC2, QC1MIN, QC1MAX, ...
    QC2MIN, QC2MAX, RAMP_AGC, RAMP_10, RAMP_30, RAMP_Q, APF] = idx_gen;
[CT_LABEL, CT_PROB, CT_TABLE, CT_TBUS, CT_TGEN, CT_TBRCH, CT_TAREABUS, ...
    CT_TAREAGEN, CT_TAREABRCH, CT_ROW, CT_COL, CT_CHGTYPE, CT_REP, ...
    CT_REL, CT_ADD, CT_NEWVAL, CT_TLOAD, CT_TAREALOAD, CT_LOAD_ALL_PQ, ...
    CT_LOAD_FIX_PQ, CT_LOAD_DIS_PQ, CT_LOAD_ALL_P, CT_LOAD_FIX_P, ...
    CT_LOAD_DIS_P, CT_TGENCOST, CT_TAREAGENCOST, CT_MODCOST_F, ...
    CT_MODCOST_X] = idx_ct;

solarprofile = struct( ...
    'type', 'mpcData', ...
    'table', CT_TGEN, ...
    'rows', [1:12], ...
    'col', PMAX, ...
    'chgtype', 1, ...
    'values', [] );
solarprofile.values(:,1,:) = [
	0.0 0.0 0.0 0.0 0.0 0.0 0.0 0.0 0.0 0.0 0.0 0.0;
	0.0 0.0 0.0 0.0 0.0 0.0 0.0 0.0 0.0 0.0 0.0 0.0;
	0.0 0.0 0.0 0.0 0.0 0.0 0.0 0.0 0.0 0.0 0.0 0.0;
	0.0 0.0 0.0 0.0 0.0 0.0 0.0 0.0 0.0 0.0 0.0 0.0;
	0.0 0.0 0.0 0.0 0.0 0.0 0.0 0.0 0.0 0.0 0.0 0.0;
	0.4095 0.3527 0.302 0.0 0.0 0.1765 0.0221 0.4135 0.6081 0.0 0.0 0.0;
	3.1985 1.4941 0.9358 5.3505 8.5118 76.5954 9.5744 7.5181 79.3337 116.5136 18.0044 211.0069;
	4.5284 2.8953 2.8014 2.2468 6.4435 45.124 5.6405 6.0131 94.511 184.3415 52.7061 333.8435;
	7.9914 5.5739 5.3806 1.7295 4.5289 33.6306 4.2038 4.6608 71.1586 227.7994 103.8629 412.5461;
	16.203 11.7562 11.2754 6.9544 12.2347 31.331 3.9164 4.3562 29.869 290.914 141.1999 526.8469;
	18.3865 13.4315 12.1543 7.6796 11.6726 55.2023 6.9003 4.9128 15.4381 302.8461 164.4277 548.456;
	16.3949 12.1099 11.4428 7.6607 11.5214 86.7408 10.8426 7.4157 20.1527 332.5991 178.1628 602.3389;
	5.161 3.7047 6.0571 10.7459 9.8847 207.5292 25.9411 24.7401 201.3152 350.6781 221.2302 635.0801;
	4.0887 4.1181 4.8609 10.7279 10.1777 204.301 25.5376 24.8277 224.9894 356.3643 232.9792 645.378;
	3.2969 3.6485 4.5834 10.5974 11.0676 192.3606 24.0451 27.7264 228.3575 343.5264 194.5719 622.1283;
	1.8788 1.9503 1.81 8.9636 9.9213 229.3934 28.6742 35.8725 173.4452 69.9583 12.5888 126.6949;
	0.2544 0.3579 0.2958 1.5036 2.409 58.7209 7.3401 8.8853 44.3694 7.9236 5.3779 14.3496;
	0.0 0.0 0.0 0.0 0.0 0.0 0.0 0.0 0.0 0.0 0.0 0.0;
	0.0 0.0 0.0 0.0 0.0 0.0 0.0 0.0 0.0 0.0 0.0 0.0;
	0.0 0.0 0.0 0.0 0.0 0.0 0.0 0.0 0.0 0.0 0.0 0.0;
	0.0 0.0 0.0 0.0 0.0 0.0 0.0 0.0 0.0 0.0 0.0 0.0;
	0.0 0.0 0.0 0.0 0.0 0.0 0.0 0.0 0.0 0.0 0.0 0.0;
	0.0 0.0 0.0 0.0 0.0 0.0 0.0 0.0 0.0 0.0 0.0 0.0;
	0.0 0.0 0.0 0.0 0.0 0.0 0.0 0.0 0.0 0.0 0.0 0.0;
];
