function windprofile = ex_wind_profilesh1
%EX_WIND_PROFILE_D  Example wind_load_nyiso profile data for deterministic unit commitment.
% 2022.03.12
% Andres F. Ramirez


%% define constants
[GEN_BUS, PG, QG, QMAX, QMIN, VG, MBASE, GEN_STATUS, PMAX, PMIN, ...
    MU_PMAX, MU_PMIN, MU_QMAX, MU_QMIN, PC1, PC2, QC1MIN, QC1MAX, ...
    QC2MIN, QC2MAX, RAMP_AGC, RAMP_10, RAMP_30, RAMP_Q, APF] = idx_gen;
[CT_LABEL, CT_PROB, CT_TABLE, CT_TBUS, CT_TGEN, CT_TBRCH, CT_TAREABUS, ...
    CT_TAREAGEN, CT_TAREABRCH, CT_ROW, CT_COL, CT_CHGTYPE, CT_REP, ...
    CT_REL, CT_ADD, CT_NEWVAL, CT_TLOAD, CT_TAREALOAD, CT_LOAD_ALL_PQ, ...
    CT_LOAD_FIX_PQ, CT_LOAD_DIS_PQ, CT_LOAD_ALL_P, CT_LOAD_FIX_P, ...
    CT_LOAD_DIS_P, CT_TGENCOST, CT_TAREAGENCOST, CT_MODCOST_F, ...
    CT_MODCOST_X] = idx_ct;

windprofile = struct( ...
    'type', 'mpcData', ...
    'table', CT_TGEN, ...
    'rows', [1:45], ...
    'col', PMAX, ...
    'chgtype', 1, ...
    'values', [] );
windprofile.values(:,1,:) = [
	3.9451 53.3072 95.1156 118.2019 15.0416 34.5664 30.3231 17.8168 5.3486 15.6239 28.8805 43.084 64.8628 52.2391 205.7493 77.5148 96.1758 101.9177 91.2238 73.4472 10.1077 80.655 24.7508 88.8983 104.5579 75.4763 13.7806 1266.4893 779.9517 779.9517 731.8151 100.6836 304.0795 189.0532 163.7768 332.7794 1077.0277 248.1649 446.6953 280.0657 121.6829 383.4571 210.1966 282.7736 1088.2467;
	3.8571 52.118 95.3116 116.7443 14.9356 34.3987 31.8277 17.7302 11.1698 12.3509 22.8304 34.0585 51.2749 62.788 200.2965 75.4605 93.627 99.2166 90.7934 71.9457 10.6092 80.2636 26.8028 89.2371 104.5782 74.8742 13.1767 1313.8537 780.7243 780.7243 759.6926 109.8253 302.6447 185.1883 196.8487 333.109 1126.7962 252.042 464.1993 280.1202 122.472 381.5959 209.287 280.312 1138.5337;
	3.8503 52.0261 95.2249 117.5954 15.1051 34.7819 32.8183 18.4863 21.8693 8.5069 15.7249 23.4584 35.3166 60.1712 181.3739 68.3316 84.7817 89.8433 90.1107 72.1426 10.9394 81.1578 15.7801 89.9106 105.8061 75.4328 13.8573 1284.6858 794.3673 794.3673 772.0898 111.3625 300.3689 185.6953 188.6447 338.93 1176.6588 270.6129 455.6852 283.4091 122.3689 385.8473 204.9847 271.9914 1188.9156;
	3.7517 50.694 93.9636 117.9844 14.8613 34.2399 31.852 17.7083 27.2408 27.3982 50.6451 75.5525 113.7439 64.2049 200.9492 75.7064 93.932 99.5399 89.62 69.3091 10.6173 79.8931 24.1193 88.0573 103.5002 73.9304 13.3862 1337.1233 816.9425 816.9425 794.2655 113.2781 298.7334 178.4018 201.2909 348.5621 1183.5754 304.1251 452.7284 277.2326 119.8724 379.8345 175.327 260.7634 1195.9043;
	3.2063 43.3236 92.6359 115.5147 14.8141 31.5048 30.9347 17.0301 27.1713 28.423 52.5394 78.3785 117.9984 64.7634 196.1271 73.8898 91.678 97.1514 89.1205 69.6521 10.3116 73.5111 70.4999 86.7094 100.198 71.0397 12.6831 1318.782 830.0521 830.0521 804.4022 114.6384 297.0684 179.2847 203.0421 354.1555 1167.6231 327.1467 438.9317 268.3875 120.5379 349.4927 173.2965 260.3125 1179.7859;
	3.6559 49.399 89.6602 112.0813 14.2212 33.0265 17.3042 17.0149 26.3679 29.4119 54.3674 81.1054 122.1037 50.0522 200.7291 75.6235 93.8292 99.4309 60.0317 72.7643 5.7681 77.0619 73.3031 84.783 98.2956 70.5206 13.022 1237.3495 806.1937 806.1937 774.836 114.5878 200.1056 187.2955 156.9205 343.976 1134.3128 309.8184 436.895 263.2919 117.0494 366.3741 151.0125 260.3456 1146.1286;
	3.7854 51.1489 93.0014 113.6325 14.6009 34.5293 12.7252 17.363 26.3215 29.732 54.9592 81.9884 123.433 63.8569 203.4623 76.6532 95.1068 100.7848 89.5106 73.209 4.2417 80.5683 73.03 87.602 102.0063 70.0673 13.2285 1293.2166 812.805 812.805 770.0092 114.0856 298.3688 188.4401 200.2001 346.7968 1165.9468 314.1383 413.9941 273.2313 119.9547 383.0448 176.3091 266.8538 1178.092;
	3.7808 51.087 94.6427 117.6879 14.9781 34.1622 0.0 17.5288 12.572 30.2195 55.8602 83.3325 125.4566 45.7164 201.8469 76.0446 94.3517 99.9846 85.8247 72.4346 0.0 79.7117 74.3271 87.7337 102.8607 72.4311 13.4366 1250.8553 774.2674 774.2674 763.3671 115.1257 286.0823 186.4469 143.3271 330.3541 1126.3638 319.303 169.2296 275.5198 118.8404 378.9724 196.2357 280.9985 1138.0968;
	3.6437 49.2341 95.007 119.1127 15.194 31.4446 0.0 18.2458 6.9572 29.8408 55.1603 82.2883 123.8846 28.2081 202.6899 76.3623 94.7458 100.4022 89.9937 73.5128 0.0 73.3707 74.5099 87.2359 103.9631 74.1133 13.5441 1148.1236 703.6622 703.6622 733.8299 109.9576 299.9789 189.2221 88.4362 300.2292 985.214 289.1378 1.7437 278.4725 119.5062 348.8253 178.1383 284.3723 995.4767;
	3.6659 49.5337 94.3902 120.5838 15.0872 30.6755 0.0 18.506 5.2922 25.5576 47.2428 70.477 106.1027 19.5432 193.4241 72.8714 90.4145 95.8124 90.9112 72.2452 0.0 71.5762 50.3979 87.501 102.1177 74.0972 13.2974 906.4866 586.5249 586.5249 573.5162 105.693 303.0375 185.9594 61.2704 250.2506 759.8102 243.5633 0.0028 273.5294 121.4522 340.2937 154.3795 285.2654 767.7249;
	3.5602 48.1062 93.2371 119.1825 15.1174 25.5624 0.0 17.8612 0.328 29.3817 54.3117 81.0223 121.9787 1.0799 198.1519 74.6526 92.6245 98.1543 81.4412 71.4108 0.0 59.6456 73.7544 87.4323 101.9932 70.116 13.3444 744.2919 636.7512 636.7512 499.8033 104.2934 271.4708 183.8115 3.3858 271.6805 672.4568 200.3804 0.0 273.1961 117.7284 283.5721 143.1296 277.2331 679.4616;
	3.2697 44.1809 91.0336 113.2993 15.2471 19.6289 0.5728 17.8992 2.8876 27.4271 50.6986 75.6323 113.864 4.5146 200.1399 75.4015 93.5538 99.1391 39.2959 72.0162 0.1909 45.8008 72.3843 85.5393 98.049 71.1809 13.1394 621.5097 708.0105 708.0105 503.9604 104.613 130.9864 185.3699 14.1539 302.0845 793.702 207.0216 36.4844 262.6312 118.2277 217.7499 141.6959 269.3577 801.9697;
	3.571 48.2518 91.6653 111.7726 15.2252 20.6462 0.1374 17.3996 25.7808 24.3476 45.0062 67.1404 101.0795 49.9082 198.2396 74.6856 92.6655 98.1978 59.4818 71.99 0.0458 48.1745 71.6317 84.4397 98.8255 70.95 13.294 651.2436 657.511 657.511 493.2046 106.4774 198.2727 185.3026 156.4691 280.538 588.4688 231.8828 57.6673 264.7111 118.1894 229.0355 139.8157 264.4872 594.5987;
	3.6966 49.9491 91.243 116.2129 15.3992 20.9196 1.8976 17.6157 19.6714 23.3766 43.2113 64.4628 97.0484 37.7467 197.7557 74.5033 92.4393 97.9581 57.3654 71.3229 0.6325 48.8123 72.1884 85.7492 98.1879 72.2718 13.1841 521.2331 660.2633 660.2633 474.9439 91.2634 191.2181 183.5852 118.341 281.7123 672.9983 241.5884 103.3728 263.0033 117.1687 232.0678 159.7496 264.92 680.0087;
	3.8024 51.3793 91.8082 117.8813 15.4111 19.4056 6.8585 18.1405 4.7077 26.2513 48.5252 72.3901 108.9828 32.4184 192.4529 72.5055 89.9605 95.3313 73.9197 70.2349 2.2862 45.2797 73.3279 87.7655 100.5193 72.0445 13.1879 403.9466 693.3027 693.3027 468.7684 87.5867 246.3989 180.7847 101.6362 295.8091 606.8649 251.2243 97.7191 269.2482 114.9515 215.2727 171.7617 244.2212 613.1864;
	3.4852 47.0922 89.8079 117.9032 15.3636 9.7591 6.3878 17.554 6.5908 27.8384 51.4589 76.7665 115.5716 25.4088 183.5919 69.1672 85.8185 90.942 60.8609 71.7517 2.1293 22.7713 73.2879 87.563 98.8817 71.1274 13.3404 455.7743 580.7216 580.7216 428.251 93.3406 202.8696 184.6889 79.6601 247.7745 510.8534 241.9105 105.045 264.8618 116.5209 108.261 158.2383 242.8906 516.1748;
	3.3795 45.6642 89.5143 116.3544 15.3547 17.496 2.8612 18.4052 3.6749 27.3004 50.4643 75.2828 113.3378 33.1784 173.6519 65.4223 81.1721 86.0182 57.4641 70.0138 0.9537 40.8241 73.6603 88.4255 101.9774 72.2133 13.4452 1033.0278 495.6983 495.6983 303.5397 88.9564 191.5469 180.2157 104.0187 211.4979 848.9667 236.0745 113.5866 273.1537 115.2122 194.0893 136.1594 241.8578 857.8101;
	3.1436 42.477 90.3608 118.0007 15.2345 20.8757 4.1719 18.6438 7.3514 28.3499 52.4044 78.1771 117.6951 56.3158 181.5502 68.398 84.8641 89.9307 71.3958 70.7766 1.3906 48.7099 72.0865 88.6633 103.1778 72.3489 13.8744 1261.5658 595.8546 595.8546 224.2729 64.0962 237.9859 182.1792 176.5576 254.2313 1045.4739 207.5179 130.6808 276.369 116.4993 231.5809 172.1118 271.1839 1056.3643;
