function solarprofile = ex_solar_profilesh1
%EX_WIND_PROFILE_D  Example wind_load_nyiso profile data for deterministic unit commitment.
% 2022.03.12
% Andres F. Ramirez


%% define constants
[GEN_BUS, PG, QG, QMAX, QMIN, VG, MBASE, GEN_STATUS, PMAX, PMIN, ...
    MU_PMAX, MU_PMIN, MU_QMAX, MU_QMIN, PC1, PC2, QC1MIN, QC1MAX, ...
    QC2MIN, QC2MAX, RAMP_AGC, RAMP_10, RAMP_30, RAMP_Q, APF] = idx_gen;
[CT_LABEL, CT_PROB, CT_TABLE, CT_TBUS, CT_TGEN, CT_TBRCH, CT_TAREABUS, ...
    CT_TAREAGEN, CT_TAREABRCH, CT_ROW, CT_COL, CT_CHGTYPE, CT_REP, ...
    CT_REL, CT_ADD, CT_NEWVAL, CT_TLOAD, CT_TAREALOAD, CT_LOAD_ALL_PQ, ...
    CT_LOAD_FIX_PQ, CT_LOAD_DIS_PQ, CT_LOAD_ALL_P, CT_LOAD_FIX_P, ...
    CT_LOAD_DIS_P, CT_TGENCOST, CT_TAREAGENCOST, CT_MODCOST_F, ...
    CT_MODCOST_X] = idx_ct;

solarprofile = struct( ...
    'type', 'mpcData', ...
    'table', CT_TGEN, ...
    'rows', [1:12], ...
    'col', PMAX, ...
    'chgtype', 1, ...
    'values', [] );
solarprofile.values(:,1,:) = [
	0.0 0.0 0.0 0.0 0.0 0.0 0.0 0.0 0.0 0.0 0.0 0.0;
	0.0 0.0 0.0 0.0 0.0 0.0 0.0 0.0 0.0 0.0 0.0 0.0;
	0.0 0.0 0.0 0.0 0.0 0.0 0.0 0.0 0.0 0.0 0.0 0.0;
	0.0 0.0 0.0 0.0 0.0 0.0 0.0 0.0 0.0 0.0 0.0 0.0;
	0.0 0.0 0.0 0.0 0.0 0.0 0.0 0.0 0.0 0.0 0.0 0.0;
	0.4095 0.3481 0.302 0.0 0.0 0.1765 0.0221 0.1431 0.0956 0.0 0.0 0.0;
	2.421 1.7152 1.513 1.8065 2.8169 14.5773 1.8222 11.7947 36.0499 180.8602 71.6465 327.5389;
	6.6413 6.0766 4.93 2.0628 2.7292 152.882 19.1103 23.5447 157.5902 175.0279 169.9338 316.9765;
	12.066 9.6757 7.6014 2.0455 2.5659 276.7148 34.5894 31.5451 215.9915 213.1043 157.4611 385.9331;
	20.2094 11.9108 12.4138 6.5689 11.0387 308.8806 38.6101 25.3723 254.8344 186.5529 123.3778 337.8483;
	20.2075 13.9033 12.7706 10.8167 11.857 360.4976 45.0622 28.3764 265.7495 256.346 166.0773 464.2441;
	18.0163 13.7244 11.9881 11.1308 11.9848 334.3806 41.7976 28.4665 261.0099 266.9566 180.0524 483.46;
	10.3742 8.6534 8.3178 8.5395 6.0416 167.556 20.9445 27.3331 232.1185 74.6629 73.5261 135.2149;
	8.584 7.0557 6.2113 5.6876 2.2965 108.3805 13.5476 22.1286 221.023 30.2835 25.7903 54.8436;
	5.2174 4.0859 3.9289 2.1865 1.1438 102.1045 12.7631 17.3959 211.6048 18.6533 5.8135 33.7812;
	0.9751 0.6363 0.5297 1.2993 0.0 236.7159 29.5895 12.7887 221.598 0.0 0.0 0.0;
	0.2069 0.1882 0.1816 1.135 1.2513 82.3696 10.2962 6.1088 61.135 0.0 0.315 0.0;
	0.0 0.0 0.0 0.0 0.0 0.0 0.0 0.0 0.0 0.0 0.0 0.0;
	0.0 0.0 0.0 0.0 0.0 0.0 0.0 0.0 0.0 0.0 0.0 0.0;
	0.0 0.0 0.0 0.0 0.0 0.0 0.0 0.0 0.0 0.0 0.0 0.0;
	0.0 0.0 0.0 0.0 0.0 0.0 0.0 0.0 0.0 0.0 0.0 0.0;
	0.0 0.0 0.0 0.0 0.0 0.0 0.0 0.0 0.0 0.0 0.0 0.0;
	0.0 0.0 0.0 0.0 0.0 0.0 0.0 0.0 0.0 0.0 0.0 0.0;
	0.0 0.0 0.0 0.0 0.0 0.0 0.0 0.0 0.0 0.0 0.0 0.0;
];
