function loadprofile = ex_load_profilesh1
%EX_LOAD_PROFILE  Example load profile data file for stochastic unit commitment.
% 2022.03.12
% Andres F. Ramirez

%% define constants
[CT_LABEL, CT_PROB, CT_TABLE, CT_TBUS, CT_TGEN, CT_TBRCH, CT_TAREABUS, ...
    CT_TAREAGEN, CT_TAREABRCH, CT_ROW, CT_COL, CT_CHGTYPE, CT_REP, ...
    CT_REL, CT_ADD, CT_NEWVAL, CT_TLOAD, CT_TAREALOAD, CT_LOAD_ALL_PQ, ...
    CT_LOAD_FIX_PQ, CT_LOAD_DIS_PQ, CT_LOAD_ALL_P, CT_LOAD_FIX_P, ...
    CT_LOAD_DIS_P, CT_TGENCOST, CT_TAREAGENCOST, CT_MODCOST_F, ...
    CT_MODCOST_X] = idx_ct;

loadprofile = struct( ...
    'type', 'mpcData', ...
    'table', CT_TAREALOAD, ...
    'rows', [1:11], ...
    'col', CT_LOAD_ALL_P, ...
    'chgtype', 1, ...
    'values', [] );
loadprofile.values(:,1,:) = [
	1463.2646 899.1486 1560.1703 508.7996 805.0061 1097.5995 799.448 236.1738 499.5826 4590.957 1684.5443;
	1420.8 878.8653 1531.3386 494.108 783.5834 1079.6 782.366 238.5989 481.8918 4463.7471 1653.0511;
	1474.1385 907.6 1561.5016 500.1196 812.4453 1101.4 801.7321 245.0 485.3979 4432.4636 1632.374;
	1532.2241 955.0055 1639.1082 508.6315 849.2778 1162.0313 857.1348 266.7794 521.6532 4623.6634 1718.2769;
	1657.3548 1065.5873 1801.4577 551.9 950.9913 1279.8 947.6367 309.8 588.8913 5102.6356 1965.8047;
	1765.6513 1153.7289 1943.2958 565.0775 989.4956 1379.0139 997.7935 323.3 643.7122 5570.5122 2087.8125;
	1798.5463 1144.8707 1923.4088 550.4 948.9887 1364.1535 1025.2 317.153 676.4914 5897.6683 2175.8203;
	1839.2297 1152.0905 1946.2821 560.6616 988.7235 1392.7932 1029.3174 317.1074 707.2151 6116.8296 2198.6;
	1892.8584 1165.1639 2004.0546 551.1277 982.9119 1396.7 1044.3558 317.1305 706.7 6204.7487 2189.6738;
	1875.2319 1162.7 1999.0452 557.4 986.4 1362.5629 971.8907 296.6661 689.6886 6148.1987 2060.1469;
	1828.4797 1142.0244 1944.7743 558.1147 979.5775 1329.9311 937.0787 298.4006 678.2687 6174.7923 2118.9005;
	1817.5898 1131.339 1929.9672 551.9427 970.3099 1383.3904 981.5601 317.3607 690.8408 6221.475 2187.0995;
	1749.9919 1123.1876 1909.0412 554.1365 966.7702 1376.0418 993.5688 320.0694 688.1216 6280.4028 2163.4701;
	1767.5071 1114.6 1885.6 551.8146 961.3 1363.1157 978.0278 321.6484 698.4 6371.6509 2233.5905;
	1718.0149 1103.2 1852.3261 563.435 932.6 1356.058 978.9 322.5837 693.4355 6308.3325 2224.4;
	1764.8811 1124.0352 1902.8271 565.9539 940.7494 1355.6802 969.772 332.7498 671.8 6154.6734 2285.4733;
	1709.2027 1108.4426 1868.0092 567.0736 960.2436 1353.5 990.6053 340.4118 679.444 5973.0419 2282.5;
	1751.753 1122.597 1940.4736 587.0811 1022.7401 1413.3243 1060.7988 355.9208 704.6463 6176.0028 2425.5155;
	1757.6211 1131.6176 1926.7772 595.6415 1006.0085 1382.7639 1062.4295 369.4836 684.0637 6210.6061 2437.1677;
	1707.1679 1043.4248 1847.4 579.2817 966.2988 1339.1534 1025.7387 334.8 659.611 5906.3496 2293.0856;
	1674.3581 1001.5537 1758.9 565.0048 910.7619 1243.8006 939.1181 318.4445 618.4 5653.1716 2163.955;
	1542.5864 928.8319 1697.1469 566.7641 882.0102 1178.9218 849.7586 307.0903 559.6 5296.648 2024.9079;
	1478.2857 884.3697 1637.9818 555.904 790.2952 1149.4901 826.8935 263.0592 484.8793 4914.4758 1862.6581;
	1455.521 870.5304 1626.5976 545.2 800.3984 1136.2642 801.5961 252.5 499.2546 4622.4577 1744.2154;
];
