function solarprofile = ex_solar_profilesh1
%EX_WIND_PROFILE_D  Example wind_load_nyiso profile data for deterministic unit commitment.
% 2022.03.12
% Andres F. Ramirez


%% define constants
[GEN_BUS, PG, QG, QMAX, QMIN, VG, MBASE, GEN_STATUS, PMAX, PMIN, ...
    MU_PMAX, MU_PMIN, MU_QMAX, MU_QMIN, PC1, PC2, QC1MIN, QC1MAX, ...
    QC2MIN, QC2MAX, RAMP_AGC, RAMP_10, RAMP_30, RAMP_Q, APF] = idx_gen;
[CT_LABEL, CT_PROB, CT_TABLE, CT_TBUS, CT_TGEN, CT_TBRCH, CT_TAREABUS, ...
    CT_TAREAGEN, CT_TAREABRCH, CT_ROW, CT_COL, CT_CHGTYPE, CT_REP, ...
    CT_REL, CT_ADD, CT_NEWVAL, CT_TLOAD, CT_TAREALOAD, CT_LOAD_ALL_PQ, ...
    CT_LOAD_FIX_PQ, CT_LOAD_DIS_PQ, CT_LOAD_ALL_P, CT_LOAD_FIX_P, ...
    CT_LOAD_DIS_P, CT_TGENCOST, CT_TAREAGENCOST, CT_MODCOST_F, ...
    CT_MODCOST_X] = idx_ct;

solarprofile = struct( ...
    'type', 'mpcData', ...
    'table', CT_TGEN, ...
    'rows', [1:12], ...
    'col', PMAX, ...
    'chgtype', 1, ...
    'values', [] );
solarprofile.values(:,1,:) = [
	0.0 0.0 0.0 0.0 0.0 0.0 0.0 0.0 0.0 0.0 0.0 0.0;
	0.0 0.0 0.0 0.0 0.0 0.0 0.0 0.0 0.0 0.0 0.0 0.0;
	0.0 0.0 0.0 0.0 0.0 0.0 0.0 0.0 0.0 0.0 0.0 0.0;
	0.0 0.0 0.0 0.0 0.0 0.0 0.0 0.0 0.0 0.0 0.0 0.0;
	0.0 0.0 0.0 0.0 0.0 0.0 0.0 0.0 0.0 0.0 0.0 0.0;
	0.4331 0.3647 0.3103 0.0 0.0 0.5976 0.0747 0.2294 0.1956 0.0 0.0 0.0;
	2.8043 3.1805 2.5816 0.0806 0.0 55.693 6.9616 8.2844 37.7671 55.6097 33.8128 100.7095;
	3.5713 5.5329 5.2008 0.0 0.0 63.7731 7.9716 5.0241 85.151 210.7629 106.3731 381.6929;
	5.5453 6.5244 6.5323 0.1935 0.8739 57.0468 7.1308 5.0659 121.1068 314.5234 148.0346 569.6038;
	13.1204 9.2471 9.18 5.0542 12.3157 45.7117 5.714 11.9025 125.4413 335.6826 170.5586 607.9232;
	15.681 12.8036 11.1873 7.428 11.7082 43.9273 5.4909 11.5757 73.7079 293.0617 180.8889 530.7365;
	16.4241 13.6144 11.7207 9.1825 11.3058 48.8676 6.1084 10.0303 46.3112 276.0976 182.2778 500.0145;
	15.5038 9.4458 10.0714 9.7898 9.044 242.8779 30.3597 18.7603 190.037 258.7597 162.1608 468.6153;
	13.1165 6.9041 7.6628 8.6402 9.1644 269.3111 33.6639 22.63 213.9437 270.9418 164.89 490.6773;
	7.6506 3.207 4.5529 6.5575 8.6022 285.3252 35.6657 23.7119 213.6735 240.1081 136.8601 434.8372;
	1.388 0.6659 0.5663 2.8459 3.4604 278.9681 34.871 20.9513 169.8236 23.1115 9.7798 41.855;
	0.2069 0.1937 0.1816 1.191 1.3882 68.0793 8.5099 4.102 46.5267 4.724 2.968 8.5552;
	0.0 0.0 0.0 0.0 0.0 0.0 0.0 0.0 0.0 0.0 0.0 0.0;
	0.0 0.0 0.0 0.0 0.0 0.0 0.0 0.0 0.0 0.0 0.0 0.0;
	0.0 0.0 0.0 0.0 0.0 0.0 0.0 0.0 0.0 0.0 0.0 0.0;
	0.0 0.0 0.0 0.0 0.0 0.0 0.0 0.0 0.0 0.0 0.0 0.0;
	0.0 0.0 0.0 0.0 0.0 0.0 0.0 0.0 0.0 0.0 0.0 0.0;
	0.0 0.0 0.0 0.0 0.0 0.0 0.0 0.0 0.0 0.0 0.0 0.0;
	0.0 0.0 0.0 0.0 0.0 0.0 0.0 0.0 0.0 0.0 0.0 0.0;
];
