function loadprofile = ex_load_profilesh1
%EX_LOAD_PROFILE  Example load profile data file for stochastic unit commitment.
% 2022.03.12
% Andres F. Ramirez

%% define constants
[CT_LABEL, CT_PROB, CT_TABLE, CT_TBUS, CT_TGEN, CT_TBRCH, CT_TAREABUS, ...
    CT_TAREAGEN, CT_TAREABRCH, CT_ROW, CT_COL, CT_CHGTYPE, CT_REP, ...
    CT_REL, CT_ADD, CT_NEWVAL, CT_TLOAD, CT_TAREALOAD, CT_LOAD_ALL_PQ, ...
    CT_LOAD_FIX_PQ, CT_LOAD_DIS_PQ, CT_LOAD_ALL_P, CT_LOAD_FIX_P, ...
    CT_LOAD_DIS_P, CT_TGENCOST, CT_TAREAGENCOST, CT_MODCOST_F, ...
    CT_MODCOST_X] = idx_ct;

loadprofile = struct( ...
    'type', 'mpcData', ...
    'table', CT_TAREALOAD, ...
    'rows', [1:11], ...
    'col', CT_LOAD_ALL_P, ...
    'chgtype', 1, ...
    'values', [] );
loadprofile.values(:,1,:) = [
	1362.4298 869.3608 1505.2 526.8 749.1561 1068.4633 752.062 228.3451 492.2 4385.2639 1676.513;
	1367.5115 853.4 1500.8 530.5 746.567 1081.7 748.0466 223.8 480.8526 4314.6761 1643.9866;
	1418.9718 887.5029 1518.1456 536.7 755.0 1093.0219 777.2479 235.5 479.9 4378.6266 1695.0362;
	1484.076 945.5 1604.4449 553.8 815.0201 1172.8 813.4057 249.0447 512.3896 4541.2626 1783.0843;
	1630.1072 1068.0 1833.8 580.7449 903.9188 1342.771 941.9741 300.8971 592.5522 5113.8972 2036.043;
	1756.1742 1140.1372 1959.1065 596.2167 993.3 1434.0111 1038.0983 334.1 669.8 5704.0632 2260.539;
	1763.2897 1137.7 1912.1792 587.3 983.3 1428.4236 1045.4588 327.5 675.2202 6001.586 2287.7523;
	1748.3322 1167.0 1954.345 560.4724 1004.6602 1428.9445 1054.4 321.8069 696.1 6183.8062 2288.9606;
	1755.915 1160.961 1919.8547 562.4653 999.5472 1408.8244 1033.9857 290.6503 706.3 6154.3895 2274.5067;
	1741.8409 1152.005 1870.3639 558.5356 996.2426 1436.3197 1060.5375 308.5655 712.3368 6250.3079 2279.3604;
	1729.613 1170.1885 1891.3727 555.8447 989.5279 1479.1986 1090.4258 312.3 707.8403 6389.5005 2318.0603;
	1751.3543 1144.7035 1879.8541 542.2 974.9 1454.7454 1050.3898 312.4037 694.6 6249.3288 2263.9;
	1720.1735 1114.7327 1802.9783 543.0 966.3766 1420.9452 1064.4503 296.4552 692.4 6324.2872 2275.3909;
	1750.7871 1116.3219 1804.6864 551.6744 970.3279 1462.5888 1068.3339 292.7719 683.7885 6212.0218 2195.5616;
	1750.3976 1131.2015 1797.9472 544.0 960.1 1462.0852 1073.0754 313.0729 678.8501 6254.0885 2277.1745;
	1740.4541 1107.1651 1798.3765 564.2902 987.1119 1470.7402 1100.0465 321.5488 676.1026 6114.7544 2269.326;
	1681.4464 1086.0 1777.2055 576.7718 991.5206 1443.983 1085.7 317.3478 659.8068 6104.4224 2344.5;
	1714.3812 1106.0395 1768.591 578.0761 990.378 1497.5715 1151.1022 355.8 687.4576 5978.1292 2456.6658;
	1721.5926 1110.5123 1807.7118 577.3967 1005.9 1510.763 1106.1544 344.2115 680.3 5844.1 2430.1249;
	1693.9586 1079.5191 1777.0 576.8927 937.2141 1432.1124 1072.9915 340.9495 642.2 5619.2916 2318.9792;
	1602.2273 1007.1974 1675.2866 573.5554 874.4868 1347.5288 1005.2948 333.8895 603.9021 5332.5 2130.4365;
	1525.4322 953.2263 1615.6001 560.0438 808.6371 1236.9734 927.9947 292.829 557.2451 5014.1289 1970.0;
	1548.9 931.0 1529.4273 548.5154 779.0513 1194.3706 928.2896 294.0406 585.2686 5185.5046 2086.6751;
	1470.1676 876.2228 1461.2168 565.0682 740.2335 1171.7324 867.6253 249.6 520.6552 4704.0092 1773.472;
];
