function solarprofile = ex_solar_profilesh1
%EX_WIND_PROFILE_D  Example wind_load_nyiso profile data for deterministic unit commitment.
% 2022.03.12
% Andres F. Ramirez


%% define constants
[GEN_BUS, PG, QG, QMAX, QMIN, VG, MBASE, GEN_STATUS, PMAX, PMIN, ...
    MU_PMAX, MU_PMIN, MU_QMAX, MU_QMIN, PC1, PC2, QC1MIN, QC1MAX, ...
    QC2MIN, QC2MAX, RAMP_AGC, RAMP_10, RAMP_30, RAMP_Q, APF] = idx_gen;
[CT_LABEL, CT_PROB, CT_TABLE, CT_TBUS, CT_TGEN, CT_TBRCH, CT_TAREABUS, ...
    CT_TAREAGEN, CT_TAREABRCH, CT_ROW, CT_COL, CT_CHGTYPE, CT_REP, ...
    CT_REL, CT_ADD, CT_NEWVAL, CT_TLOAD, CT_TAREALOAD, CT_LOAD_ALL_PQ, ...
    CT_LOAD_FIX_PQ, CT_LOAD_DIS_PQ, CT_LOAD_ALL_P, CT_LOAD_FIX_P, ...
    CT_LOAD_DIS_P, CT_TGENCOST, CT_TAREAGENCOST, CT_MODCOST_F, ...
    CT_MODCOST_X] = idx_ct;

solarprofile = struct( ...
    'type', 'mpcData', ...
    'table', CT_TGEN, ...
    'rows', [1:12], ...
    'col', PMAX, ...
    'chgtype', 1, ...
    'values', [] );
solarprofile.values(:,1,:) = [
	0.0 0.0 0.0 0.0 0.0 0.0 0.0 0.0 0.0 0.0 0.0 0.0;
	0.0 0.0 0.0 0.0 0.0 0.0 0.0 0.0 0.0 0.0 0.0 0.0;
	0.0 0.0 0.0 0.0 0.0 0.0 0.0 0.0 0.0 0.0 0.0 0.0;
	0.0 0.0 0.0 0.0 0.0 0.0 0.0 0.0 0.0 0.0 0.0 0.0;
	0.0 0.0 0.0 0.0 0.0 0.0 0.0 0.0 0.0 0.0 0.0 0.0;
	0.4174 0.3709 0.3236 0.0 0.0 0.2747 0.0343 0.1681 0.0956 0.0 0.0 0.0;
	2.5927 2.3778 2.4445 1.6187 4.1286 64.7497 8.0937 5.2397 38.8545 75.5727 20.5121 136.8627;
	7.8627 5.555 4.9385 3.5424 2.6541 110.3858 13.7982 9.4732 45.6066 141.5208 30.9881 256.2949;
	11.791 7.0452 6.6861 5.0294 1.8817 141.62 17.7025 19.7808 66.3218 186.588 37.3841 337.912;
	13.4501 8.3814 11.1589 10.4338 10.6366 220.2969 27.5371 36.3226 173.5311 121.2904 20.5921 219.6577;
	17.9113 12.7889 13.0362 11.0176 11.4714 283.6557 35.457 40.3527 220.3895 90.8508 10.8762 164.5313;
	21.4883 14.7863 13.5515 10.8243 11.7177 323.527 40.4409 39.3002 216.0567 97.8352 12.832 177.1801;
	18.9487 13.1148 12.1119 6.8505 8.0689 381.2758 47.6595 41.6051 204.8197 186.1095 18.4939 337.0454;
	11.5918 8.0127 9.0434 6.3087 6.621 336.3947 42.0493 34.2895 188.5686 176.8494 47.9006 320.2753;
	6.3652 3.9617 5.0106 6.772 5.0715 283.039 35.3799 23.5661 175.2855 135.0628 54.1652 244.5995;
	1.3237 0.4693 0.6858 6.7697 2.6887 200.5678 25.071 9.3096 172.0165 16.3229 9.3233 29.5608;
	0.544 0.2612 0.2221 1.9514 1.4743 62.5888 7.8236 3.7653 49.9936 2.8523 3.8077 5.1655;
	0.0 0.0 0.0 0.0 0.0 0.0 0.0 0.0 0.0 0.0 0.0 0.0;
	0.0 0.0 0.0 0.0 0.0 0.0 0.0 0.0 0.0 0.0 0.0 0.0;
	0.0 0.0 0.0 0.0 0.0 0.0 0.0 0.0 0.0 0.0 0.0 0.0;
	0.0 0.0 0.0 0.0 0.0 0.0 0.0 0.0 0.0 0.0 0.0 0.0;
	0.0 0.0 0.0 0.0 0.0 0.0 0.0 0.0 0.0 0.0 0.0 0.0;
	0.0 0.0 0.0 0.0 0.0 0.0 0.0 0.0 0.0 0.0 0.0 0.0;
	0.0 0.0 0.0 0.0 0.0 0.0 0.0 0.0 0.0 0.0 0.0 0.0;
];
