function solarprofile = ex_solar_profilesh1
%EX_WIND_PROFILE_D  Example wind_load_nyiso profile data for deterministic unit commitment.
% 2022.03.12
% Andres F. Ramirez


%% define constants
[GEN_BUS, PG, QG, QMAX, QMIN, VG, MBASE, GEN_STATUS, PMAX, PMIN, ...
    MU_PMAX, MU_PMIN, MU_QMAX, MU_QMIN, PC1, PC2, QC1MIN, QC1MAX, ...
    QC2MIN, QC2MAX, RAMP_AGC, RAMP_10, RAMP_30, RAMP_Q, APF] = idx_gen;
[CT_LABEL, CT_PROB, CT_TABLE, CT_TBUS, CT_TGEN, CT_TBRCH, CT_TAREABUS, ...
    CT_TAREAGEN, CT_TAREABRCH, CT_ROW, CT_COL, CT_CHGTYPE, CT_REP, ...
    CT_REL, CT_ADD, CT_NEWVAL, CT_TLOAD, CT_TAREALOAD, CT_LOAD_ALL_PQ, ...
    CT_LOAD_FIX_PQ, CT_LOAD_DIS_PQ, CT_LOAD_ALL_P, CT_LOAD_FIX_P, ...
    CT_LOAD_DIS_P, CT_TGENCOST, CT_TAREAGENCOST, CT_MODCOST_F, ...
    CT_MODCOST_X] = idx_ct;

solarprofile = struct( ...
    'type', 'mpcData', ...
    'table', CT_TGEN, ...
    'rows', [1:12], ...
    'col', PMAX, ...
    'chgtype', 1, ...
    'values', [] );
solarprofile.values(:,1,:) = [
	0.0 0.0 0.0 0.0 0.0 0.0 0.0 0.0 0.0 0.0 0.0 0.0;
	0.0 0.0 0.0 0.0 0.0 0.0 0.0 0.0 0.0 0.0 0.0 0.0;
	0.0 0.0 0.0 0.0 0.0 0.0 0.0 0.0 0.0 0.0 0.0 0.0;
	0.0 0.0 0.0 0.0 0.0 0.0 0.0 0.0 0.0 0.0 0.0 0.0;
	0.0 0.0 0.0 0.0 0.0 0.0 0.0 0.0 0.0 0.0 0.0 0.0;
	0.4095 0.3481 0.302 0.0 0.0 0.1765 0.0221 0.2271 0.1268 0.0 0.0 0.0;
	2.2702 1.7298 0.6862 1.2614 2.1161 28.5639 3.5705 13.3841 49.7533 32.7826 19.9189 59.3695;
	3.0885 4.584 1.7672 1.7781 3.2047 148.3453 18.5432 29.0592 113.7414 21.5337 34.4278 38.9977;
	3.3338 5.5109 2.1004 2.7023 3.7548 201.2265 25.1533 36.5352 150.5876 17.7774 55.8372 32.195;
	5.6445 5.6389 3.3549 7.7221 12.1444 179.9907 22.4988 23.1662 160.0038 72.5244 40.3448 131.3422;
	13.5978 9.5623 7.9787 9.6691 10.4844 204.952 25.619 26.3612 152.3183 109.548 91.1 198.392;
	16.2325 11.5454 10.1493 10.0196 10.3755 212.8907 26.6113 27.5889 147.0377 113.6696 138.9405 205.8563;
	5.6497 3.7146 6.6915 10.2685 10.5232 240.1166 30.0146 28.6983 238.8372 52.231 86.4488 94.5907;
	3.2286 2.684 5.5212 9.1681 11.8158 225.6149 28.2019 23.8083 261.895 55.8064 64.8367 101.0658;
	2.3437 2.108 4.8266 7.1611 11.8841 211.875 26.4844 20.6567 278.6482 54.7042 26.728 99.0696;
	1.934 1.5899 1.9228 4.1576 9.4313 317.4492 39.6812 25.9046 296.0246 17.4199 0.0 31.5476;
	0.6993 0.6798 0.7175 1.3831 2.2549 81.9731 10.2466 8.923 62.1387 3.5297 2.0067 6.3923;
	0.0 0.0 0.0 0.0 0.0 0.0 0.0 0.0 0.0 0.0 0.0 0.0;
	0.0 0.0 0.0 0.0 0.0 0.0 0.0 0.0 0.0 0.0 0.0 0.0;
	0.0 0.0 0.0 0.0 0.0 0.0 0.0 0.0 0.0 0.0 0.0 0.0;
	0.0 0.0 0.0 0.0 0.0 0.0 0.0 0.0 0.0 0.0 0.0 0.0;
	0.0 0.0 0.0 0.0 0.0 0.0 0.0 0.0 0.0 0.0 0.0 0.0;
	0.0 0.0 0.0 0.0 0.0 0.0 0.0 0.0 0.0 0.0 0.0 0.0;
	0.0 0.0 0.0 0.0 0.0 0.0 0.0 0.0 0.0 0.0 0.0 0.0;
];
