function windprofile = ex_wind_profilesh1
%EX_WIND_PROFILE_D  Example wind_load_nyiso profile data for deterministic unit commitment.
% 2022.03.12
% Andres F. Ramirez


%% define constants
[GEN_BUS, PG, QG, QMAX, QMIN, VG, MBASE, GEN_STATUS, PMAX, PMIN, ...
    MU_PMAX, MU_PMIN, MU_QMAX, MU_QMIN, PC1, PC2, QC1MIN, QC1MAX, ...
    QC2MIN, QC2MAX, RAMP_AGC, RAMP_10, RAMP_30, RAMP_Q, APF] = idx_gen;
[CT_LABEL, CT_PROB, CT_TABLE, CT_TBUS, CT_TGEN, CT_TBRCH, CT_TAREABUS, ...
    CT_TAREAGEN, CT_TAREABRCH, CT_ROW, CT_COL, CT_CHGTYPE, CT_REP, ...
    CT_REL, CT_ADD, CT_NEWVAL, CT_TLOAD, CT_TAREALOAD, CT_LOAD_ALL_PQ, ...
    CT_LOAD_FIX_PQ, CT_LOAD_DIS_PQ, CT_LOAD_ALL_P, CT_LOAD_FIX_P, ...
    CT_LOAD_DIS_P, CT_TGENCOST, CT_TAREAGENCOST, CT_MODCOST_F, ...
    CT_MODCOST_X] = idx_ct;

windprofile = struct( ...
    'type', 'mpcData', ...
    'table', CT_TGEN, ...
    'rows', [1:45], ...
    'col', PMAX, ...
    'chgtype', 1, ...
    'values', [] );
windprofile.values(:,1,:) = [
	3.9838 53.8304 92.1534 119.1416 15.1395 33.7443 30.6975 17.9004 10.7148 13.1679 24.3407 36.3116 54.6669 58.1433 197.836 74.5336 92.4768 97.9978 90.4146 69.1297 10.2325 78.7368 0.1481 86.7902 103.5498 72.847 13.5209 1310.7707 753.1709 753.1709 717.247 115.6482 301.3819 177.94 182.2873 321.3529 1076.8758 256.5917 443.5744 277.3657 120.6155 374.3372 215.3392 274.171 1088.0932;
	3.9636 53.5568 93.498 117.7218 15.229 34.5123 31.7977 17.5808 12.8788 14.8378 27.4275 40.9164 61.5994 68.756 190.1293 71.6301 88.8744 94.1803 90.4579 70.3894 10.5992 80.5286 24.2089 85.2939 100.4955 71.1406 12.872 1249.6537 777.6832 777.6832 739.9453 113.0484 301.5263 181.1825 215.5593 331.8115 1151.534 246.5437 472.2593 269.1845 118.7111 382.8562 217.0815 272.7857 1163.5291;
	3.9094 52.8247 94.5724 119.8389 15.3688 34.7501 33.0878 17.8937 24.1803 15.2507 28.1906 42.0549 63.3134 63.2843 164.3939 61.9344 76.8446 81.4323 88.337 70.7004 11.0293 81.0836 21.8031 89.7925 104.4055 73.8063 13.2518 1267.3737 759.2086 759.2086 692.4777 115.0291 294.4568 181.9831 198.405 323.929 1161.3878 261.477 469.4113 279.6576 120.8523 385.4948 217.0809 266.4692 1173.4856;
	3.9185 52.948 93.0628 120.4382 15.3808 34.6542 31.8496 17.3553 28.2935 28.9074 53.4349 79.7144 120.0095 68.4722 192.3939 72.4833 89.9329 95.3021 89.5058 66.9431 10.6165 80.8599 22.2225 89.6081 104.3151 72.4296 12.8555 1264.5166 755.7532 755.7532 754.1335 120.8867 298.3528 172.3117 214.6696 322.4547 1149.8225 295.3568 476.2295 279.4154 117.0894 384.4311 191.4158 263.8451 1161.7999;
	3.4847 47.0853 92.9142 120.6076 15.3643 32.2777 31.8963 17.5757 28.4653 29.1567 53.8957 80.4017 121.0444 68.6986 194.0134 73.0934 90.69 96.1043 89.014 67.2448 10.6321 75.3146 69.0023 89.4951 105.3656 71.889 12.9754 1323.1699 784.7383 784.7383 749.2001 120.0875 296.7133 173.0882 215.3794 334.8217 1172.7736 301.5545 476.5485 282.2294 117.2732 358.067 191.4386 260.9805 1184.99;
	3.9105 52.84 94.9651 120.6329 15.407 34.5798 18.6307 17.9214 26.9546 28.3157 52.3412 78.0828 117.5532 61.1117 189.7274 71.4787 88.6865 93.9813 57.782 67.8724 6.2102 80.6862 70.3071 90.1711 105.4289 73.5428 13.3899 1291.5599 802.0981 802.0981 747.5104 121.0774 192.6066 174.7037 191.5934 342.2285 1189.8263 303.3869 471.7743 282.3988 116.8909 383.6053 172.9918 260.3495 1202.2203;
	3.9185 52.948 95.3012 120.8794 15.4162 35.1326 13.4442 18.1793 26.2127 29.3483 54.2499 80.9302 121.84 69.7179 194.6398 73.3294 90.9828 96.4146 90.7425 72.6364 4.4814 81.9761 72.471 90.168 106.5659 74.3039 13.598 1343.2389 813.6536 813.6536 778.3614 123.4546 302.475 186.9663 218.5751 347.1589 1228.2656 330.1693 440.9707 285.4444 122.0078 389.738 200.3395 270.4466 1241.06;
	3.8394 51.8781 95.3323 120.2951 15.3536 34.1838 0.5144 18.443 0.0005 28.6205 52.9046 78.9233 118.8186 50.124 200.9763 75.7166 93.9447 99.5534 89.666 73.4731 0.1715 79.7621 70.1422 90.0697 106.3916 74.6286 13.5909 1328.842 790.4236 790.4236 785.8381 123.7048 298.8866 189.1199 157.1456 337.2474 1238.1463 329.695 170.2379 284.9774 122.6595 379.2118 206.3891 273.9425 1251.0437;
	3.724 50.319 95.1644 119.3851 15.2698 31.6061 0.0133 18.7797 0.0 27.4377 50.7183 75.6617 113.9082 30.5617 198.3932 74.7435 92.7373 98.2738 89.758 73.0225 0.0044 73.7476 68.7122 90.075 105.9735 75.5174 13.8619 1174.0727 698.0163 698.0163 767.611 122.4381 299.1933 187.9601 95.8152 297.8203 1036.0147 307.8011 20.3292 283.8575 123.0726 350.6173 186.3109 276.0144 1046.8066;
	3.7223 50.2962 93.7241 119.9791 14.9085 28.7714 1.2671 18.6662 2.8594 24.6347 45.5368 67.932 102.2713 25.4583 195.1792 73.5326 91.2349 96.6818 90.5663 73.5417 0.4224 67.1332 45.1569 89.7272 105.0689 74.3089 13.2985 917.1409 635.626 635.626 652.261 122.2726 301.8876 189.2966 79.8152 271.2004 835.8962 273.346 52.5731 281.4346 123.5435 319.1702 160.3772 277.8896 844.6035;
	3.5928 48.546 93.6079 119.5698 14.9072 25.9089 0.9261 17.8599 0.0199 28.4401 52.5711 78.4257 118.0694 12.6757 200.1078 75.3894 93.5388 99.1232 82.2974 73.8428 0.3087 60.4541 70.5322 89.8109 104.4982 75.1121 13.3117 757.7293 678.9447 678.9447 581.5946 121.2309 274.3247 190.0716 39.74 289.6831 755.3834 221.7327 5.5709 279.906 121.2319 287.4163 155.1124 271.7166 763.2519;
	3.3535 45.3127 93.6178 118.4856 14.8602 18.2598 0.2937 18.8307 0.562 26.8384 49.6104 74.0089 111.42 28.2894 200.0297 75.36 93.5023 99.0845 39.3898 73.4752 0.0979 42.6061 70.6735 89.6236 105.5927 76.0333 13.4363 533.1333 738.5254 738.5254 545.7705 122.0666 131.2994 189.1254 88.6912 315.1042 807.9201 225.5414 6.5138 282.8376 122.6096 202.5617 147.3964 271.7715 816.336;
	3.873 52.3322 95.2392 120.9203 15.151 21.1674 1.0045 19.1563 25.7511 25.3431 46.8464 69.8856 105.2123 51.1855 199.5964 75.1968 93.2997 98.8699 60.2798 73.1855 0.3348 49.3907 71.3587 90.1818 106.7709 76.0658 13.9183 550.0521 685.9097 685.9097 525.7414 115.0563 200.9327 188.3796 160.4733 292.6548 594.3465 236.3123 31.8912 285.9935 123.5563 234.8173 159.9688 278.8605 600.5376;
	3.7873 51.1751 92.4396 118.8721 14.9481 20.7654 3.8818 18.9155 18.7561 24.4841 45.2586 67.5169 101.6463 36.9727 202.7794 76.396 94.7876 100.4465 61.8991 72.8197 1.2939 48.4526 71.9264 89.9872 105.94 75.2081 13.6511 455.6067 660.0056 660.0056 475.4301 96.1641 206.3303 187.4381 115.9143 281.6024 629.9507 237.8982 12.4734 283.768 120.4677 230.3575 171.4945 270.2082 636.5127;
	3.6674 49.555 90.3679 118.1334 14.9802 18.434 1.7797 18.4668 2.2007 26.1531 48.3436 72.1192 108.575 29.7491 195.5147 73.659 91.3917 96.848 74.1997 72.8407 0.5932 43.0126 72.4305 89.6353 104.2553 75.4503 13.6304 306.4407 629.7532 629.7532 435.652 84.4867 247.3325 187.4923 93.2676 268.6947 525.1643 217.6829 63.9251 279.2552 116.6499 204.4942 170.6557 245.6005 530.6347;
	3.4792 47.0122 89.7145 118.2376 15.0444 10.2917 0.8392 18.4424 8.6085 28.4853 52.6547 78.5505 118.2574 22.7964 177.9127 67.0276 83.1638 88.1288 62.322 70.3579 0.2797 24.014 71.9763 89.3317 103.6661 75.9056 13.5583 348.91 489.0606 489.0606 396.7285 93.6953 207.7399 181.1013 71.4697 208.6659 408.642 204.6396 131.8145 277.6771 119.9644 114.1696 163.9847 254.6696 412.8987;
	3.4037 45.9921 89.2086 116.6658 14.4947 17.9689 2.2952 18.2119 3.856 28.3465 52.3982 78.1677 117.6811 31.8941 185.1182 69.7422 86.532 91.6981 68.1713 70.4867 0.7651 41.9274 69.8764 88.7442 102.5 75.6533 13.2185 919.8514 439.0609 439.0609 287.7436 90.4048 227.2377 181.433 99.9923 187.3327 756.3624 216.7488 103.2365 274.5536 117.0274 199.3348 138.3457 244.533 764.2412;
	3.113 42.0637 87.8288 117.6854 14.4292 20.811 3.5472 18.2686 2.746 28.6912 53.0353 79.1183 119.1121 58.6437 193.1251 72.7587 90.2747 95.6643 82.2403 72.5205 1.1824 48.559 70.6235 88.2342 100.3646 74.2833 13.3726 1122.4604 566.2395 566.2395 224.6666 71.4272 274.1343 186.6679 183.8561 241.5955 943.94 199.5728 124.0855 268.8338 116.5263 230.8635 178.35 267.7941 953.7727;
