function windprofile = ex_wind_profilesh1
%EX_WIND_PROFILE_D  Example wind_load_nyiso profile data for deterministic unit commitment.
% 2022.03.12
% Andres F. Ramirez


%% define constants
[GEN_BUS, PG, QG, QMAX, QMIN, VG, MBASE, GEN_STATUS, PMAX, PMIN, ...
    MU_PMAX, MU_PMIN, MU_QMAX, MU_QMIN, PC1, PC2, QC1MIN, QC1MAX, ...
    QC2MIN, QC2MAX, RAMP_AGC, RAMP_10, RAMP_30, RAMP_Q, APF] = idx_gen;
[CT_LABEL, CT_PROB, CT_TABLE, CT_TBUS, CT_TGEN, CT_TBRCH, CT_TAREABUS, ...
    CT_TAREAGEN, CT_TAREABRCH, CT_ROW, CT_COL, CT_CHGTYPE, CT_REP, ...
    CT_REL, CT_ADD, CT_NEWVAL, CT_TLOAD, CT_TAREALOAD, CT_LOAD_ALL_PQ, ...
    CT_LOAD_FIX_PQ, CT_LOAD_DIS_PQ, CT_LOAD_ALL_P, CT_LOAD_FIX_P, ...
    CT_LOAD_DIS_P, CT_TGENCOST, CT_TAREAGENCOST, CT_MODCOST_F, ...
    CT_MODCOST_X] = idx_ct;

windprofile = struct( ...
    'type', 'mpcData', ...
    'table', CT_TGEN, ...
    'rows', [1:45], ...
    'col', PMAX, ...
    'chgtype', 1, ...
    'values', [] );
windprofile.values(:,1,:) = [
	3.8866 52.5168 92.4775 114.6429 15.1662 33.9953 31.3686 18.0051 11.2342 15.738 29.0915 43.3988 65.3367 52.1397 202.0651 76.1269 94.4537 100.0927 87.1979 71.1605 10.4562 79.3225 23.2167 85.146 101.3183 74.5952 13.497 1261.6809 791.2189 791.2189 696.7365 112.3727 290.6597 183.1673 163.465 337.5868 1146.9157 253.4476 448.5144 271.3882 122.8159 377.1216 212.0516 276.9907 1158.8627;
	3.8413 51.9039 95.31 117.7075 15.2448 34.375 31.9846 18.7279 13.1573 12.7112 23.4965 35.0521 52.7707 64.4819 195.6167 73.6975 91.4394 96.8985 87.3539 72.7728 10.6615 80.2083 26.7065 88.0232 104.5529 75.5804 13.4593 1278.1505 820.3365 820.3365 781.2132 115.4332 291.1797 187.3174 202.1594 350.0102 1273.1916 267.9878 458.5526 280.0525 123.7107 381.333 211.9092 283.9406 1286.454;
	3.8433 51.9308 94.1051 117.8248 15.065 34.8474 32.8658 17.9652 23.7527 14.7816 27.3235 40.7613 61.3659 60.084 174.7294 65.8283 81.6758 86.552 83.8096 72.9806 10.9553 81.3106 27.0856 86.3127 102.0728 74.4367 13.3764 1230.6009 793.8588 793.8588 745.4079 118.644 279.3653 187.8523 188.3715 338.7131 1225.0697 294.2705 468.3168 273.4094 122.732 386.574 215.1479 266.4815 1237.8309;
	3.5907 48.5178 92.2185 115.54 14.5418 33.6169 30.6498 18.0114 27.7436 28.497 52.6763 78.5826 118.3057 65.1918 201.67 75.978 94.269 99.897 89.2057 73.2797 10.2166 78.4395 25.5237 86.3187 100.1991 74.251 13.5027 1240.7379 773.6497 773.6497 741.4765 114.5873 297.3523 188.622 204.385 330.0905 1183.4981 310.1409 454.3531 268.3904 122.0032 372.9236 180.116 258.7311 1195.8262;
	3.1261 42.241 92.0873 115.5077 14.3584 30.4005 30.1642 17.7434 26.5092 28.5935 52.8547 78.8489 118.7065 61.8712 200.1753 75.4149 93.5703 99.1566 85.0397 72.4898 10.0547 70.9345 72.8405 86.2344 98.8066 73.5537 13.1126 1271.1954 781.1134 781.1134 764.9533 116.9281 283.4658 186.5889 193.9746 333.275 1159.5498 336.7377 439.4102 264.6606 119.6604 337.2431 183.0951 263.5832 1171.6284;
	3.7319 50.4256 94.1777 116.6283 14.5421 33.6704 19.349 19.0332 26.1369 29.0557 53.709 80.1232 120.6251 50.8707 197.9461 74.575 92.5283 98.0524 49.5839 72.5239 6.4497 78.5643 71.6449 89.6571 105.139 76.2797 13.9877 1306.4898 798.0048 798.0048 761.5594 119.3984 165.2798 186.6767 159.4865 340.4821 1232.0416 320.8586 448.6733 281.6223 116.8356 373.517 169.5055 271.525 1244.8754;
	3.6216 48.936 92.9701 114.5107 14.3758 33.4671 13.7805 18.6668 25.5368 28.4629 52.6133 78.4887 118.1643 64.7409 192.15 72.3914 89.819 95.1813 82.6402 71.7414 4.5935 78.0898 68.4881 87.9234 103.107 75.9381 13.9174 1349.7371 817.3927 817.3927 724.9138 119.4316 275.4674 184.6625 202.9714 348.7542 1237.7126 326.1436 416.1984 276.1796 117.0592 371.2615 184.1518 274.6754 1250.6054;
	3.5591 48.0918 92.4125 116.4464 14.2433 32.6096 0.0267 18.3649 1.6677 28.1095 51.9599 77.514 116.6969 42.3078 201.0855 75.7578 93.9958 99.6074 86.249 72.3818 0.0089 76.0891 69.363 86.147 100.7101 75.6045 13.9903 1325.4797 799.7808 799.7808 708.9171 118.3564 287.4967 186.311 132.6406 341.2398 1250.6482 318.6044 165.0185 269.7592 117.7186 361.7495 196.5336 277.1305 1263.6758;
	3.6441 49.2404 94.4408 120.3953 14.6298 33.1032 0.0 19.0633 1.5641 28.387 52.473 78.2794 117.8491 25.1043 194.553 73.2967 90.9422 96.3716 84.4151 72.2952 0.0 77.2407 70.4266 89.086 104.4354 76.23 14.0481 1235.2927 689.6377 689.6377 686.201 118.5399 281.3836 186.088 78.7055 294.2454 1071.4213 292.2173 1.0103 279.7376 118.8505 367.2245 182.8943 283.2215 1082.5819;
	3.8298 51.7494 94.3147 120.8019 15.1991 32.5364 1.998 19.1657 1.5276 24.6358 45.5388 67.935 102.2757 20.4932 191.7956 72.2579 89.6533 95.0057 84.4284 72.3907 0.666 75.9182 39.5731 89.9348 105.9541 76.6111 14.0282 991.2816 613.3795 613.3795 566.1474 115.9408 281.428 186.3339 64.2489 261.7086 848.2379 260.9973 23.0937 283.8056 120.2917 360.937 165.1045 281.4655 857.0737;
	3.4019 45.9672 92.8751 118.4451 14.8208 25.4255 2.323 18.9715 0.6906 28.2019 52.1308 77.7689 117.0807 0.0268 192.4871 72.5184 89.9765 95.3483 66.8091 70.6733 0.7743 59.3263 66.9216 89.2481 104.1899 75.3483 13.6853 829.7795 669.5333 669.5333 503.741 117.9866 222.697 181.9132 0.0841 285.6675 781.2015 211.1771 20.3591 279.08 117.5868 282.054 143.8747 267.9941 789.339;
	3.2279 43.6165 92.4085 117.7359 14.6173 19.9263 9.8034 18.382 5.7903 25.8588 47.7995 71.3075 107.353 0.4652 198.1252 74.6425 92.612 98.1411 36.6654 71.115 3.2678 46.4947 66.6435 86.7817 101.3555 71.2029 13.3307 681.7185 718.3778 718.3778 501.2904 114.3548 122.2179 183.0502 1.4584 306.5079 866.3195 223.2657 114.8245 271.4881 120.7772 221.049 145.1024 265.0261 875.3437;
	3.7946 51.2738 93.0235 117.6594 15.1703 21.9335 24.8888 18.228 26.3645 23.2706 43.0153 64.1703 96.6081 49.678 195.0516 73.4846 91.1753 96.6186 57.3437 71.9809 8.2963 51.1781 60.7017 85.9936 103.5087 71.2112 13.5266 700.7837 711.3779 711.3779 518.2689 110.4132 191.1455 185.2789 155.7473 303.5212 665.1665 239.3656 153.7744 277.2553 122.0898 243.3155 154.909 262.1097 672.0954;
	3.61 48.7791 88.4235 112.9532 14.609 20.0713 13.0503 17.8322 18.8482 23.0412 42.5913 63.5378 95.6558 37.6329 196.5227 74.0388 91.8629 97.3473 53.0237 71.1785 4.3501 46.8329 66.1557 82.3448 98.1998 70.2642 13.0357 598.635 678.7205 678.7205 467.1978 92.3227 176.7456 183.2136 117.9841 289.5874 733.9102 231.0916 138.431 263.0352 119.1862 222.6572 159.5077 247.5376 741.5551;
	3.643 49.2251 90.021 114.6697 14.9022 19.2768 11.9912 18.3235 26.6701 26.7853 49.5123 73.8626 111.1998 32.0731 188.7347 71.1047 88.2225 93.4895 65.4702 68.3618 3.9971 44.9791 69.9295 85.0807 98.4804 73.1054 13.1388 489.1146 693.2522 693.2522 435.2887 84.7767 218.234 175.9635 100.5534 295.7876 659.1405 240.7113 254.0074 263.7867 119.2707 213.8436 174.2267 243.6774 666.0066;
	3.0922 41.7827 88.0785 114.0482 14.2662 9.4023 7.2567 17.9446 24.0683 26.5537 49.0842 73.2239 110.2382 19.5756 152.3169 57.3845 71.1993 75.45 52.1451 65.6717 2.4189 21.9387 59.6579 85.5193 98.7257 72.211 13.2583 502.5904 530.8159 530.8159 360.7936 78.0387 173.8171 169.0392 61.3723 226.4814 534.1442 206.3541 116.7064 264.444 118.4006 104.3028 154.5587 229.4948 539.7082;
	2.9132 39.3632 86.7713 110.1386 14.0267 17.3434 6.7548 17.8085 22.0329 26.5643 49.1037 73.253 110.282 29.7001 161.2793 60.7611 75.3887 79.8895 61.2431 67.1738 2.2516 40.4679 63.5366 84.0319 94.6734 70.674 12.7535 1096.3384 460.7701 460.7701 285.737 74.3017 204.1438 172.9055 93.1138 196.5953 884.5801 211.7914 109.889 253.5894 115.6437 192.3958 129.8907 213.3773 893.7944;
	2.542 34.3479 86.4773 108.5884 14.0938 18.6658 0.6277 17.6124 4.029 26.4535 48.8989 72.9476 109.8221 34.0597 172.7473 65.0815 80.7493 85.5702 71.5518 67.2963 0.2092 43.5534 66.8653 84.083 94.5783 70.4535 13.2396 1254.5429 545.1714 545.1714 195.0167 47.9222 238.5061 173.2207 106.7817 232.6065 1000.9781 178.9953 115.9116 253.3347 115.9625 207.0655 154.785 233.4464 1011.405;
