function loadprofile = ex_load_profilesh1
%EX_LOAD_PROFILE  Example load profile data file for stochastic unit commitment.
% 2022.03.12
% Andres F. Ramirez

%% define constants
[CT_LABEL, CT_PROB, CT_TABLE, CT_TBUS, CT_TGEN, CT_TBRCH, CT_TAREABUS, ...
    CT_TAREAGEN, CT_TAREABRCH, CT_ROW, CT_COL, CT_CHGTYPE, CT_REP, ...
    CT_REL, CT_ADD, CT_NEWVAL, CT_TLOAD, CT_TAREALOAD, CT_LOAD_ALL_PQ, ...
    CT_LOAD_FIX_PQ, CT_LOAD_DIS_PQ, CT_LOAD_ALL_P, CT_LOAD_FIX_P, ...
    CT_LOAD_DIS_P, CT_TGENCOST, CT_TAREAGENCOST, CT_MODCOST_F, ...
    CT_MODCOST_X] = idx_ct;

loadprofile = struct( ...
    'type', 'mpcData', ...
    'table', CT_TAREALOAD, ...
    'rows', [1:11], ...
    'col', CT_LOAD_ALL_P, ...
    'chgtype', 1, ...
    'values', [] );
loadprofile.values(:,1,:) = [
	1486.9367 893.8902 1565.2661 537.8389 775.1889 1114.6 868.3001 284.6965 537.012 4587.7429 1958.9929;
	1478.1 902.7673 1582.0871 524.9416 746.1933 1084.0471 838.3999 282.7487 513.8487 4492.0873 1885.756;
	1498.6 915.5382 1598.7416 521.6355 770.8339 1105.9352 871.9832 270.3493 515.1689 4523.995 1953.9212;
	1534.3523 964.307 1641.3411 529.9472 818.8904 1143.9557 885.3443 274.5882 535.2788 4626.8171 1882.7119;
	1703.8658 1084.9 1845.2329 554.7 924.3462 1302.1665 1000.8 313.5617 606.1072 5119.3725 2068.6489;
	1794.8663 1138.5 1964.6 551.4419 1032.1765 1348.0052 1050.1907 341.878 676.2112 5589.77 2194.5444;
	1813.2182 1138.1785 2020.2818 545.8038 1030.1105 1351.2271 1081.9876 344.9345 688.2118 5832.0839 2250.0237;
	1845.7479 1160.3551 2035.2126 563.8558 1034.5 1351.751 1099.9185 350.7 687.012 6068.163 2256.8199;
	1887.9627 1177.0 2079.881 579.4417 1040.579 1358.8914 1106.8442 339.4034 668.5151 6010.8 2194.9658;
	1868.2433 1122.8657 2006.2372 575.5874 988.4 1315.3682 1092.032 342.5731 680.4223 6052.8079 2188.0565;
	1877.2987 1130.1785 1997.4782 574.0303 982.4981 1255.1854 1096.8957 347.0 681.1 6149.0571 2272.8858;
	1847.5116 1096.1424 1964.4473 539.9532 956.0681 1195.5489 1060.4106 329.0 672.1475 6091.2162 2284.3913;
	1834.7741 1103.4374 1969.4105 559.2708 911.1 1253.635 1061.2768 330.0456 664.1495 6005.4883 2262.2237;
	1783.1575 1073.984 1907.0724 534.11 893.1234 1226.014 1038.544 324.6083 675.2115 6041.9911 2281.447;
	1773.5681 1051.637 1869.3842 526.2 856.5553 1277.7041 1002.6326 296.9097 666.1827 5967.3984 2239.7146;
	1732.5305 1060.8634 1872.9859 538.5788 869.8 1330.5 1073.166 323.0271 664.1225 6036.0265 2297.7337;
	1742.048 1055.1927 1830.8334 535.9 913.8349 1324.7511 1047.874 305.1268 642.9996 5755.195 2267.4356;
	1774.4696 1055.7532 1872.8665 558.8139 915.8672 1372.8756 1092.4717 318.3682 673.4685 5796.6759 2401.0;
	1786.1713 1097.0366 1927.265 566.9823 929.6773 1359.2808 1097.9834 316.5654 661.7451 5673.2702 2337.206;
	1767.8887 1075.1158 1870.8118 564.0 879.9603 1348.801 1126.3567 328.6739 640.9703 5556.406 2290.2615;
	1641.3426 1002.1 1773.5072 544.4107 837.3487 1287.4909 1069.247 312.5529 602.7205 5301.9311 2150.7608;
	1550.2828 941.2261 1651.5 537.5 805.1748 1206.2069 997.5199 280.2 574.1759 5089.3613 2003.3351;
	1490.2 910.1524 1559.264 551.6088 785.0061 1204.9809 996.148 275.7 554.5379 5175.8832 2171.0136;
	1490.0565 878.8563 1533.5871 558.2 751.1 1179.6978 949.8326 249.6 554.2 4895.1443 2110.591;
];
