function solarprofile = ex_solar_profilesh1
%EX_WIND_PROFILE_D  Example wind_load_nyiso profile data for deterministic unit commitment.
% 2022.03.12
% Andres F. Ramirez


%% define constants
[GEN_BUS, PG, QG, QMAX, QMIN, VG, MBASE, GEN_STATUS, PMAX, PMIN, ...
    MU_PMAX, MU_PMIN, MU_QMAX, MU_QMIN, PC1, PC2, QC1MIN, QC1MAX, ...
    QC2MIN, QC2MAX, RAMP_AGC, RAMP_10, RAMP_30, RAMP_Q, APF] = idx_gen;
[CT_LABEL, CT_PROB, CT_TABLE, CT_TBUS, CT_TGEN, CT_TBRCH, CT_TAREABUS, ...
    CT_TAREAGEN, CT_TAREABRCH, CT_ROW, CT_COL, CT_CHGTYPE, CT_REP, ...
    CT_REL, CT_ADD, CT_NEWVAL, CT_TLOAD, CT_TAREALOAD, CT_LOAD_ALL_PQ, ...
    CT_LOAD_FIX_PQ, CT_LOAD_DIS_PQ, CT_LOAD_ALL_P, CT_LOAD_FIX_P, ...
    CT_LOAD_DIS_P, CT_TGENCOST, CT_TAREAGENCOST, CT_MODCOST_F, ...
    CT_MODCOST_X] = idx_ct;

solarprofile = struct( ...
    'type', 'mpcData', ...
    'table', CT_TGEN, ...
    'rows', [1:12], ...
    'col', PMAX, ...
    'chgtype', 1, ...
    'values', [] );
solarprofile.values(:,1,:) = [
	0.0 0.0 0.0 0.0 0.0 0.0 0.0 0.0 0.0 0.0 0.0 0.0;
	0.0 0.0 0.0 0.0 0.0 0.0 0.0 0.0 0.0 0.0 0.0 0.0;
	0.0 0.0 0.0 0.0 0.0 0.0 0.0 0.0 0.0 0.0 0.0 0.0;
	0.0 0.0 0.0 0.0 0.0 0.0 0.0 0.0 0.0 0.0 0.0 0.0;
	0.0 0.0 0.0 0.0 0.0 0.0 0.0 0.0 0.0 0.0 0.0 0.0;
	0.4147 0.3585 0.3034 0.0 0.0 0.1802 0.0225 0.54 0.0956 0.0 0.0 0.0;
	2.1138 2.8693 1.5371 2.1431 2.3041 106.5848 13.3231 3.9145 65.0582 8.4902 12.3522 15.3757;
	14.6277 11.755 8.4334 4.6723 3.4681 221.5882 27.6985 15.0502 175.7136 23.7823 39.3299 43.0699;
	22.8506 16.3404 12.4966 6.1584 4.4073 279.3291 34.9161 27.6298 218.9747 32.4526 107.988 58.7719;
	15.308 12.4482 10.282 10.87 12.5046 267.8079 33.476 23.4457 216.1596 170.1698 147.853 308.1785;
	14.0756 12.8292 7.9968 11.2182 11.7293 235.6869 29.4609 18.4808 203.8236 271.5953 180.5019 491.8607;
	12.0479 12.2275 6.2981 11.3455 10.3412 198.7539 24.8442 14.6997 183.6245 298.3799 188.2411 540.3678;
	5.8415 3.9884 3.0749 11.247 5.3555 252.3481 31.5435 20.3462 200.8631 213.817 130.3271 387.2239;
	4.109 2.8149 1.7396 10.5884 5.376 237.2177 29.6522 17.969 182.8316 173.3216 107.9235 313.8864;
	1.5391 1.2908 1.2531 8.1039 4.6327 199.9342 24.9918 13.2852 125.9842 119.5004 47.4691 216.4159;
	0.1471 0.5769 0.604 3.2162 1.8806 156.2472 19.5309 7.735 38.7049 19.2111 2.126 34.7914;
	0.3342 0.3499 0.3004 1.1449 1.1043 52.2641 6.533 4.102 40.9412 9.6103 2.0669 17.4043;
	0.0 0.0 0.0 0.0 0.0 0.0 0.0 0.0 0.0 0.0 0.0 0.0;
	0.0 0.0 0.0 0.0 0.0 0.0 0.0 0.0 0.0 0.0 0.0 0.0;
	0.0 0.0 0.0 0.0 0.0 0.0 0.0 0.0 0.0 0.0 0.0 0.0;
	0.0 0.0 0.0 0.0 0.0 0.0 0.0 0.0 0.0 0.0 0.0 0.0;
	0.0 0.0 0.0 0.0 0.0 0.0 0.0 0.0 0.0 0.0 0.0 0.0;
	0.0 0.0 0.0 0.0 0.0 0.0 0.0 0.0 0.0 0.0 0.0 0.0;
	0.0 0.0 0.0 0.0 0.0 0.0 0.0 0.0 0.0 0.0 0.0 0.0;
];
