function solarprofile = ex_solar_profilesh1
%EX_WIND_PROFILE_D  Example wind_load_nyiso profile data for deterministic unit commitment.
% 2022.03.12
% Andres F. Ramirez


%% define constants
[GEN_BUS, PG, QG, QMAX, QMIN, VG, MBASE, GEN_STATUS, PMAX, PMIN, ...
    MU_PMAX, MU_PMIN, MU_QMAX, MU_QMIN, PC1, PC2, QC1MIN, QC1MAX, ...
    QC2MIN, QC2MAX, RAMP_AGC, RAMP_10, RAMP_30, RAMP_Q, APF] = idx_gen;
[CT_LABEL, CT_PROB, CT_TABLE, CT_TBUS, CT_TGEN, CT_TBRCH, CT_TAREABUS, ...
    CT_TAREAGEN, CT_TAREABRCH, CT_ROW, CT_COL, CT_CHGTYPE, CT_REP, ...
    CT_REL, CT_ADD, CT_NEWVAL, CT_TLOAD, CT_TAREALOAD, CT_LOAD_ALL_PQ, ...
    CT_LOAD_FIX_PQ, CT_LOAD_DIS_PQ, CT_LOAD_ALL_P, CT_LOAD_FIX_P, ...
    CT_LOAD_DIS_P, CT_TGENCOST, CT_TAREAGENCOST, CT_MODCOST_F, ...
    CT_MODCOST_X] = idx_ct;

solarprofile = struct( ...
    'type', 'mpcData', ...
    'table', CT_TGEN, ...
    'rows', [1:12], ...
    'col', PMAX, ...
    'chgtype', 1, ...
    'values', [] );
solarprofile.values(:,1,:) = [
	0.0 0.0 0.0 0.0 0.0 0.0 0.0 0.0 0.0 0.0 0.0 0.0;
	0.0 0.0 0.0 0.0 0.0 0.0 0.0 0.0 0.0 0.0 0.0 0.0;
	0.0 0.0 0.0 0.0 0.0 0.0 0.0 0.0 0.0 0.0 0.0 0.0;
	0.0 0.0 0.0 0.0 0.0 0.0 0.0 0.0 0.0 0.0 0.0 0.0;
	0.0 0.0 0.0 0.0 0.0 0.0 0.0 0.0 0.0 0.0 0.0 0.0;
	0.4095 0.3481 0.302 0.0 0.0 0.1765 0.0221 0.1431 0.0956 0.0 0.0 0.0;
	3.477 3.1817 0.8619 0.2561 0.3937 66.5264 8.3158 5.7522 7.6127 25.6077 13.6376 46.3758;
	5.8392 6.0533 1.9981 1.5189 2.6415 112.2288 14.0286 8.3607 19.5012 196.5691 118.033 355.9878;
	7.9574 7.1386 2.6668 4.0069 4.0804 121.8347 15.2293 11.9595 31.6851 299.1361 164.1545 541.7374;
	13.4436 11.5825 8.2476 10.2876 11.189 105.3264 13.1658 15.8511 71.3694 269.9307 141.2213 488.8462;
	16.7008 15.7398 11.9613 10.0009 8.0681 97.5228 12.1903 14.7851 86.7912 274.94 172.5485 497.9181;
	18.3346 16.3781 13.3322 9.2596 7.1058 111.4408 13.9301 14.0862 92.6112 295.1171 222.4564 534.4588;
	14.9715 13.4495 11.8325 10.3444 4.9056 264.1777 33.0222 26.3122 201.2874 301.9064 250.0768 546.7543;
	10.2913 8.9854 9.3111 10.1459 6.8316 262.7137 32.8392 23.9344 210.8723 310.0335 232.1425 561.4726;
	7.1794 6.1481 5.6827 8.1601 6.9987 207.8709 25.9839 19.655 194.8846 253.7567 132.9729 459.5549;
	1.6598 1.6978 1.7147 4.1169 4.1423 83.784 10.473 9.4616 111.1249 25.3927 5.2157 45.9863;
	0.2852 0.4634 0.5149 1.4495 2.2493 50.8957 6.362 3.7186 40.9412 35.9201 6.6854 65.0515;
	0.0 0.0 0.0 0.0 0.0 0.0 0.0 0.0 0.0 0.0 0.0 0.0;
	0.0 0.0 0.0 0.0 0.0 0.0 0.0 0.0 0.0 0.0 0.0 0.0;
	0.0 0.0 0.0 0.0 0.0 0.0 0.0 0.0 0.0 0.0 0.0 0.0;
	0.0 0.0 0.0 0.0 0.0 0.0 0.0 0.0 0.0 0.0 0.0 0.0;
	0.0 0.0 0.0 0.0 0.0 0.0 0.0 0.0 0.0 0.0 0.0 0.0;
	0.0 0.0 0.0 0.0 0.0 0.0 0.0 0.0 0.0 0.0 0.0 0.0;
	0.0 0.0 0.0 0.0 0.0 0.0 0.0 0.0 0.0 0.0 0.0 0.0;
];
