function solarprofile = ex_solar_profilesh1
%EX_WIND_PROFILE_D  Example wind_load_nyiso profile data for deterministic unit commitment.
% 2022.03.12
% Andres F. Ramirez


%% define constants
[GEN_BUS, PG, QG, QMAX, QMIN, VG, MBASE, GEN_STATUS, PMAX, PMIN, ...
    MU_PMAX, MU_PMIN, MU_QMAX, MU_QMIN, PC1, PC2, QC1MIN, QC1MAX, ...
    QC2MIN, QC2MAX, RAMP_AGC, RAMP_10, RAMP_30, RAMP_Q, APF] = idx_gen;
[CT_LABEL, CT_PROB, CT_TABLE, CT_TBUS, CT_TGEN, CT_TBRCH, CT_TAREABUS, ...
    CT_TAREAGEN, CT_TAREABRCH, CT_ROW, CT_COL, CT_CHGTYPE, CT_REP, ...
    CT_REL, CT_ADD, CT_NEWVAL, CT_TLOAD, CT_TAREALOAD, CT_LOAD_ALL_PQ, ...
    CT_LOAD_FIX_PQ, CT_LOAD_DIS_PQ, CT_LOAD_ALL_P, CT_LOAD_FIX_P, ...
    CT_LOAD_DIS_P, CT_TGENCOST, CT_TAREAGENCOST, CT_MODCOST_F, ...
    CT_MODCOST_X] = idx_ct;

solarprofile = struct( ...
    'type', 'mpcData', ...
    'table', CT_TGEN, ...
    'rows', [1:12], ...
    'col', PMAX, ...
    'chgtype', 1, ...
    'values', [] );
solarprofile.values(:,1,:) = [
	0.0 0.0 0.0 0.0 0.0 0.0 0.0 0.0 0.0 0.0 0.0 0.0;
	0.0 0.0 0.0 0.0 0.0 0.0 0.0 0.0 0.0 0.0 0.0 0.0;
	0.0 0.0 0.0 0.0 0.0 0.0 0.0 0.0 0.0 0.0 0.0 0.0;
	0.0 0.0 0.0 0.0 0.0 0.0 0.0 0.0 0.0 0.0 0.0 0.0;
	0.0 0.0 0.0 0.0 0.0 0.0 0.0 0.0 0.0 0.0 0.0 0.0;
	0.5005 0.4373 0.3236 0.0 0.0 0.1765 0.0221 0.1431 0.0956 0.0 0.0 0.0;
	9.4361 5.3216 3.1585 1.3253 0.1458 68.8184 8.6023 56.3718 28.1644 113.8259 38.0142 206.1393;
	4.4368 2.6276 2.8212 1.3558 0.1817 26.6564 3.332 20.7765 29.8058 166.6066 86.8396 301.7256;
	3.0396 2.1066 2.6722 1.8682 0.8145 17.1695 2.1462 11.9153 33.0335 213.0972 113.5032 385.9204;
	11.8209 10.209 10.5903 7.3226 11.71 61.1624 7.6453 12.3947 105.7975 206.4412 117.1131 373.8663;
	15.9766 13.0214 11.2748 9.2698 11.867 132.2605 16.5326 22.8521 134.6221 245.7366 156.6609 445.0304;
	16.0713 12.8109 9.5476 9.3529 11.8808 135.0045 16.8756 20.5943 117.4877 267.0216 160.7729 483.5778;
	10.9123 8.896 9.0449 10.2994 7.4331 125.6503 15.7063 6.3689 130.4988 216.3439 111.9885 391.8002;
	9.0377 7.4814 9.3817 9.7825 6.2407 124.4806 15.5601 4.7475 151.0127 187.6842 112.3132 339.8973;
	8.0102 8.5204 11.6572 7.5066 4.8578 143.9888 17.9986 7.9895 186.6505 141.1494 95.8914 255.6225;
	3.2246 4.7272 8.852 2.7475 2.2782 260.5345 32.5668 31.1644 243.4043 17.7355 19.3208 32.1191;
	0.3354 0.4522 0.4016 1.0502 1.3662 63.4784 7.9348 8.8807 60.6321 4.7087 4.6692 8.5275;
	0.0 0.0 0.0 0.0 0.0 0.0 0.0 0.0 0.0 0.0 0.0 0.0;
	0.0 0.0 0.0 0.0 0.0 0.0 0.0 0.0 0.0 0.0 0.0 0.0;
	0.0 0.0 0.0 0.0 0.0 0.0 0.0 0.0 0.0 0.0 0.0 0.0;
	0.0 0.0 0.0 0.0 0.0 0.0 0.0 0.0 0.0 0.0 0.0 0.0;
	0.0 0.0 0.0 0.0 0.0 0.0 0.0 0.0 0.0 0.0 0.0 0.0;
	0.0 0.0 0.0 0.0 0.0 0.0 0.0 0.0 0.0 0.0 0.0 0.0;
	0.0 0.0 0.0 0.0 0.0 0.0 0.0 0.0 0.0 0.0 0.0 0.0;
];
