function solarprofile = ex_solar_profilesh1
%EX_WIND_PROFILE_D  Example wind_load_nyiso profile data for deterministic unit commitment.
% 2022.03.12
% Andres F. Ramirez


%% define constants
[GEN_BUS, PG, QG, QMAX, QMIN, VG, MBASE, GEN_STATUS, PMAX, PMIN, ...
    MU_PMAX, MU_PMIN, MU_QMAX, MU_QMIN, PC1, PC2, QC1MIN, QC1MAX, ...
    QC2MIN, QC2MAX, RAMP_AGC, RAMP_10, RAMP_30, RAMP_Q, APF] = idx_gen;
[CT_LABEL, CT_PROB, CT_TABLE, CT_TBUS, CT_TGEN, CT_TBRCH, CT_TAREABUS, ...
    CT_TAREAGEN, CT_TAREABRCH, CT_ROW, CT_COL, CT_CHGTYPE, CT_REP, ...
    CT_REL, CT_ADD, CT_NEWVAL, CT_TLOAD, CT_TAREALOAD, CT_LOAD_ALL_PQ, ...
    CT_LOAD_FIX_PQ, CT_LOAD_DIS_PQ, CT_LOAD_ALL_P, CT_LOAD_FIX_P, ...
    CT_LOAD_DIS_P, CT_TGENCOST, CT_TAREAGENCOST, CT_MODCOST_F, ...
    CT_MODCOST_X] = idx_ct;

solarprofile = struct( ...
    'type', 'mpcData', ...
    'table', CT_TGEN, ...
    'rows', [1:12], ...
    'col', PMAX, ...
    'chgtype', 1, ...
    'values', [] );
solarprofile.values(:,1,:) = [
	0.0 0.0 0.0 0.0 0.0 0.0 0.0 0.0 0.0 0.0 0.0 0.0;
	0.0 0.0 0.0 0.0 0.0 0.0 0.0 0.0 0.0 0.0 0.0 0.0;
	0.0 0.0 0.0 0.0 0.0 0.0 0.0 0.0 0.0 0.0 0.0 0.0;
	0.0 0.0 0.0 0.0 0.0 0.0 0.0 0.0 0.0 0.0 0.0 0.0;
	0.0 0.0 0.0 0.0 0.0 0.0 0.0 0.0 0.0 0.0 0.0 0.0;
	0.4174 0.3585 0.302 0.0 0.0 0.1765 0.0221 0.1431 0.1723 0.0 0.0 0.0;
	3.9394 2.2945 1.9041 5.2387 1.4888 200.7599 25.095 23.8209 210.0733 58.2724 14.331 105.5317;
	8.4546 6.297 5.2319 2.4464 1.6894 270.5151 33.8144 14.7723 221.7708 138.5958 91.52 250.9978;
	13.5786 9.9601 8.1252 2.1214 2.0117 244.3966 30.5496 12.6618 208.3582 192.4265 142.4599 348.4855;
	15.2093 10.337 10.4533 9.9726 10.9632 153.5938 19.1992 20.379 194.4355 118.0785 126.1088 213.8408;
	17.2215 11.7071 11.3644 11.0926 10.3657 194.7027 24.3378 43.4499 186.3766 166.6282 164.0351 301.7647;
	16.4492 9.1285 10.311 11.1609 10.4742 227.5666 28.4458 55.6793 170.234 215.8832 175.0621 390.9657;
	4.9683 0.3605 2.9662 10.2732 6.5863 266.8036 33.3504 40.4796 214.9703 166.2772 101.3538 301.129;
	2.7059 0.5422 1.2086 9.1693 4.6859 222.4867 27.8108 20.2561 211.7975 126.4668 69.2704 229.0322;
	1.776 0.0149 0.9369 7.6866 2.0957 136.3657 17.0457 7.2827 195.3125 92.4501 31.7973 167.4277;
	1.3867 0.2154 0.6409 4.4269 0.6916 71.5316 8.9415 0.8347 151.606 19.132 9.0374 34.6481;
	0.3198 0.1937 0.2332 1.107 1.2781 52.2387 6.5298 3.6686 41.1287 19.9055 15.375 36.049;
	0.0 0.0 0.0 0.0 0.0 0.0 0.0 0.0 0.0 0.0 0.0 0.0;
	0.0 0.0 0.0 0.0 0.0 0.0 0.0 0.0 0.0 0.0 0.0 0.0;
	0.0 0.0 0.0 0.0 0.0 0.0 0.0 0.0 0.0 0.0 0.0 0.0;
	0.0 0.0 0.0 0.0 0.0 0.0 0.0 0.0 0.0 0.0 0.0 0.0;
	0.0 0.0 0.0 0.0 0.0 0.0 0.0 0.0 0.0 0.0 0.0 0.0;
	0.0 0.0 0.0 0.0 0.0 0.0 0.0 0.0 0.0 0.0 0.0 0.0;
	0.0 0.0 0.0 0.0 0.0 0.0 0.0 0.0 0.0 0.0 0.0 0.0;
];
