function solarprofile = ex_solar_profilesh1
%EX_WIND_PROFILE_D  Example wind_load_nyiso profile data for deterministic unit commitment.
% 2022.03.12
% Andres F. Ramirez


%% define constants
[GEN_BUS, PG, QG, QMAX, QMIN, VG, MBASE, GEN_STATUS, PMAX, PMIN, ...
    MU_PMAX, MU_PMIN, MU_QMAX, MU_QMIN, PC1, PC2, QC1MIN, QC1MAX, ...
    QC2MIN, QC2MAX, RAMP_AGC, RAMP_10, RAMP_30, RAMP_Q, APF] = idx_gen;
[CT_LABEL, CT_PROB, CT_TABLE, CT_TBUS, CT_TGEN, CT_TBRCH, CT_TAREABUS, ...
    CT_TAREAGEN, CT_TAREABRCH, CT_ROW, CT_COL, CT_CHGTYPE, CT_REP, ...
    CT_REL, CT_ADD, CT_NEWVAL, CT_TLOAD, CT_TAREALOAD, CT_LOAD_ALL_PQ, ...
    CT_LOAD_FIX_PQ, CT_LOAD_DIS_PQ, CT_LOAD_ALL_P, CT_LOAD_FIX_P, ...
    CT_LOAD_DIS_P, CT_TGENCOST, CT_TAREAGENCOST, CT_MODCOST_F, ...
    CT_MODCOST_X] = idx_ct;

solarprofile = struct( ...
    'type', 'mpcData', ...
    'table', CT_TGEN, ...
    'rows', [1:12], ...
    'col', PMAX, ...
    'chgtype', 1, ...
    'values', [] );
solarprofile.values(:,1,:) = [
	0.0 0.0 0.0 0.0 0.0 0.0 0.0 0.0 0.0 0.0 0.0 0.0;
	0.0 0.0 0.0 0.0 0.0 0.0 0.0 0.0 0.0 0.0 0.0 0.0;
	0.0 0.0 0.0 0.0 0.0 0.0 0.0 0.0 0.0 0.0 0.0 0.0;
	0.0 0.0 0.0 0.0 0.0 0.0 0.0 0.0 0.0 0.0 0.0 0.0;
	0.0 0.0 0.0 0.0 0.0 0.0 0.0 0.0 0.0 0.0 0.0 0.0;
	0.4357 0.3543 0.3154 0.0 0.0 0.1765 0.0221 0.1564 0.0956 0.0 0.0 0.0;
	4.9044 3.0754 3.8894 1.7599 2.0815 186.0682 23.2585 11.8096 23.3927 42.5263 33.6905 77.0154;
	9.2186 6.0434 8.3598 3.3664 3.3959 171.1411 21.3926 53.7527 66.744 136.8026 178.4423 247.7503;
	14.0644 6.8392 9.5475 5.0879 4.485 178.3514 22.2939 66.6232 110.6363 247.0608 196.6462 447.4287;
	14.801 5.8598 9.8951 10.9411 12.8073 197.9039 24.738 61.2094 123.4837 335.7186 188.6206 607.9885;
	18.5564 10.7535 11.4754 11.301 12.4589 173.4353 21.6794 51.0753 140.6039 340.8308 197.6693 617.2466;
	20.1373 12.6736 12.1702 11.3668 12.0245 134.9743 16.8718 31.457 139.7065 315.4289 204.3059 571.2436;
	11.9889 5.783 9.0711 10.9012 7.7748 204.386 25.5482 22.0908 184.3755 187.2248 196.3971 339.0652;
	7.6574 3.1883 5.6851 9.8913 7.0884 224.0882 28.011 22.0316 165.0892 130.2242 197.6611 235.8368;
	3.0063 1.2714 2.4825 7.0673 6.3045 229.2237 28.653 21.3421 123.8363 100.1178 148.8888 181.3139;
	1.1888 0.4677 0.5482 3.3201 2.9514 253.2889 31.6611 25.3972 86.4265 18.0147 10.0951 32.6247;
	0.4124 0.2642 0.2487 1.22 1.3077 52.2552 6.5319 7.0833 42.697 5.0334 4.4754 9.1155;
	0.0 0.0 0.0 0.0 0.0 0.0 0.0 0.0 0.0 0.0 0.0 0.0;
	0.0 0.0 0.0 0.0 0.0 0.0 0.0 0.0 0.0 0.0 0.0 0.0;
	0.0 0.0 0.0 0.0 0.0 0.0 0.0 0.0 0.0 0.0 0.0 0.0;
	0.0 0.0 0.0 0.0 0.0 0.0 0.0 0.0 0.0 0.0 0.0 0.0;
	0.0 0.0 0.0 0.0 0.0 0.0 0.0 0.0 0.0 0.0 0.0 0.0;
	0.0 0.0 0.0 0.0 0.0 0.0 0.0 0.0 0.0 0.0 0.0 0.0;
	0.0 0.0 0.0 0.0 0.0 0.0 0.0 0.0 0.0 0.0 0.0 0.0;
];
