function solarprofile = ex_solar_profilesh1
%EX_WIND_PROFILE_D  Example wind_load_nyiso profile data for deterministic unit commitment.
% 2022.03.12
% Andres F. Ramirez


%% define constants
[GEN_BUS, PG, QG, QMAX, QMIN, VG, MBASE, GEN_STATUS, PMAX, PMIN, ...
    MU_PMAX, MU_PMIN, MU_QMAX, MU_QMIN, PC1, PC2, QC1MIN, QC1MAX, ...
    QC2MIN, QC2MAX, RAMP_AGC, RAMP_10, RAMP_30, RAMP_Q, APF] = idx_gen;
[CT_LABEL, CT_PROB, CT_TABLE, CT_TBUS, CT_TGEN, CT_TBRCH, CT_TAREABUS, ...
    CT_TAREAGEN, CT_TAREABRCH, CT_ROW, CT_COL, CT_CHGTYPE, CT_REP, ...
    CT_REL, CT_ADD, CT_NEWVAL, CT_TLOAD, CT_TAREALOAD, CT_LOAD_ALL_PQ, ...
    CT_LOAD_FIX_PQ, CT_LOAD_DIS_PQ, CT_LOAD_ALL_P, CT_LOAD_FIX_P, ...
    CT_LOAD_DIS_P, CT_TGENCOST, CT_TAREAGENCOST, CT_MODCOST_F, ...
    CT_MODCOST_X] = idx_ct;

solarprofile = struct( ...
    'type', 'mpcData', ...
    'table', CT_TGEN, ...
    'rows', [1:12], ...
    'col', PMAX, ...
    'chgtype', 1, ...
    'values', [] );
solarprofile.values(:,1,:) = [
	0.0 0.0 0.0 0.0 0.0 0.0 0.0 0.0 0.0 0.0 0.0 0.0;
	0.0 0.0 0.0 0.0 0.0 0.0 0.0 0.0 0.0 0.0 0.0 0.0;
	0.0 0.0 0.0 0.0 0.0 0.0 0.0 0.0 0.0 0.0 0.0 0.0;
	0.0 0.0 0.0 0.0 0.0 0.0 0.0 0.0 0.0 0.0 0.0 0.0;
	0.0 0.0 0.0 0.0 0.0 0.0 0.0 0.0 0.0 0.0 0.0 0.0;
	0.42 0.3564 0.3054 0.0 0.0 2.7696 0.3462 1.0858 1.5726 0.0 0.0 0.0;
	4.7276 3.8399 3.2837 1.1932 0.5703 19.6381 2.4548 5.8671 27.7073 23.6446 10.8401 42.8205;
	9.5961 6.9882 5.3724 1.7601 2.1693 34.1322 4.2665 13.4932 94.144 90.7028 22.0694 164.2633;
	15.5387 10.58 6.5123 2.031 3.298 64.8974 8.1122 23.5816 139.673 135.7206 24.9907 245.7909;
	16.6267 11.2784 9.7588 5.5751 11.2028 98.7332 12.3417 20.1565 111.4775 90.8639 22.4243 164.5551;
	19.1239 12.7439 11.3106 6.3753 9.436 141.394 17.6743 27.8973 117.3863 72.2 30.4067 130.7546;
	19.0083 12.4976 11.2414 9.4818 9.705 173.1008 21.6376 32.4385 130.5018 93.3689 56.6053 169.0917;
	10.5194 6.0125 6.0509 11.0282 9.4906 250.5257 31.3157 35.1354 219.4079 150.7498 85.2131 273.0088;
	7.2855 5.7216 4.5554 10.6564 9.7662 184.8897 23.1112 20.1684 211.0123 160.5772 107.7774 290.8064;
	4.0428 3.949 4.2608 8.431 8.8235 90.9053 11.3632 6.6873 175.1096 136.9601 84.2942 248.0356;
	1.9246 1.8591 2.0486 3.6113 2.7548 36.7377 4.5922 0.0 84.3181 22.7022 9.8974 41.1137;
	0.6114 0.5651 0.5149 1.1702 1.3117 52.264 6.533 3.7186 43.7685 39.3288 4.6831 71.2246;
	0.0 0.0 0.0 0.0 0.0 0.0 0.0 0.0 0.0 0.0 0.0 0.0;
	0.0 0.0 0.0 0.0 0.0 0.0 0.0 0.0 0.0 0.0 0.0 0.0;
	0.0 0.0 0.0 0.0 0.0 0.0 0.0 0.0 0.0 0.0 0.0 0.0;
	0.0 0.0 0.0 0.0 0.0 0.0 0.0 0.0 0.0 0.0 0.0 0.0;
	0.0 0.0 0.0 0.0 0.0 0.0 0.0 0.0 0.0 0.0 0.0 0.0;
	0.0 0.0 0.0 0.0 0.0 0.0 0.0 0.0 0.0 0.0 0.0 0.0;
	0.0 0.0 0.0 0.0 0.0 0.0 0.0 0.0 0.0 0.0 0.0 0.0;
];
