function solarprofile = ex_solar_profilesh1
%EX_WIND_PROFILE_D  Example wind_load_nyiso profile data for deterministic unit commitment.
% 2022.03.12
% Andres F. Ramirez


%% define constants
[GEN_BUS, PG, QG, QMAX, QMIN, VG, MBASE, GEN_STATUS, PMAX, PMIN, ...
    MU_PMAX, MU_PMIN, MU_QMAX, MU_QMIN, PC1, PC2, QC1MIN, QC1MAX, ...
    QC2MIN, QC2MAX, RAMP_AGC, RAMP_10, RAMP_30, RAMP_Q, APF] = idx_gen;
[CT_LABEL, CT_PROB, CT_TABLE, CT_TBUS, CT_TGEN, CT_TBRCH, CT_TAREABUS, ...
    CT_TAREAGEN, CT_TAREABRCH, CT_ROW, CT_COL, CT_CHGTYPE, CT_REP, ...
    CT_REL, CT_ADD, CT_NEWVAL, CT_TLOAD, CT_TAREALOAD, CT_LOAD_ALL_PQ, ...
    CT_LOAD_FIX_PQ, CT_LOAD_DIS_PQ, CT_LOAD_ALL_P, CT_LOAD_FIX_P, ...
    CT_LOAD_DIS_P, CT_TGENCOST, CT_TAREAGENCOST, CT_MODCOST_F, ...
    CT_MODCOST_X] = idx_ct;

solarprofile = struct( ...
    'type', 'mpcData', ...
    'table', CT_TGEN, ...
    'rows', [1:12], ...
    'col', PMAX, ...
    'chgtype', 1, ...
    'values', [] );
solarprofile.values(:,1,:) = [
	0.0 0.0 0.0 0.0 0.0 0.0 0.0 0.0 0.0 0.0 0.0 0.0;
	0.0 0.0 0.0 0.0 0.0 0.0 0.0 0.0 0.0 0.0 0.0 0.0;
	0.0 0.0 0.0 0.0 0.0 0.0 0.0 0.0 0.0 0.0 0.0 0.0;
	0.0 0.0 0.0 0.0 0.0 0.0 0.0 0.0 0.0 0.0 0.0 0.0;
	0.0 0.0 0.0 0.0 0.0 0.0 0.0 0.0 0.0 0.0 0.0 0.0;
	0.4147 0.3502 0.302 0.0 0.0 0.1765 0.0221 0.1431 0.1893 0.0 0.0 0.0;
	4.3148 3.0895 2.1227 1.3557 0.0712 36.7894 4.5987 0.2129 29.6835 4.094 10.1922 7.4142;
	9.4554 6.6605 5.2625 2.8797 0.0 121.9566 15.2446 3.3368 90.2721 22.4709 29.2485 40.6949;
	14.0974 9.3331 7.4325 4.7855 0.0 164.0408 20.5051 7.2801 133.0258 39.1782 76.8477 70.9519;
	9.823 5.9215 9.3986 10.745 3.0489 135.0401 16.88 5.0025 97.3521 180.6979 115.6741 327.245;
	5.4697 4.3002 6.7308 11.1302 3.2378 126.3847 15.7981 5.6097 93.6559 224.9372 149.6942 407.3627;
	3.6949 4.4209 4.5047 11.1952 4.4024 121.1963 15.1495 6.6296 92.0323 250.168 160.268 453.0558;
	2.7294 3.7143 4.0713 11.258 2.5484 179.8797 22.485 7.9855 152.4827 210.5234 112.1438 381.2591;
	3.9435 4.2222 4.1748 11.2775 3.665 166.8073 20.8509 5.0482 110.4396 186.0717 108.1037 336.9769;
	3.0202 2.4392 3.9249 9.9381 4.9875 104.7467 13.0933 1.2191 51.1435 128.7882 65.9334 233.2362;
	1.5245 0.8585 1.3322 4.0212 3.1141 44.7601 5.595 0.0 20.754 9.4251 5.0452 17.0689;
	0.304 0.2364 0.2332 1.0925 1.7918 50.6424 6.3303 3.6686 40.9412 1.9329 4.1873 3.5006;
	0.0 0.0 0.0 0.0 0.0 0.0 0.0 0.0 0.0 0.0 0.0 0.0;
	0.0 0.0 0.0 0.0 0.0 0.0 0.0 0.0 0.0 0.0 0.0 0.0;
	0.0 0.0 0.0 0.0 0.0 0.0 0.0 0.0 0.0 0.0 0.0 0.0;
	0.0 0.0 0.0 0.0 0.0 0.0 0.0 0.0 0.0 0.0 0.0 0.0;
	0.0 0.0 0.0 0.0 0.0 0.0 0.0 0.0 0.0 0.0 0.0 0.0;
	0.0 0.0 0.0 0.0 0.0 0.0 0.0 0.0 0.0 0.0 0.0 0.0;
	0.0 0.0 0.0 0.0 0.0 0.0 0.0 0.0 0.0 0.0 0.0 0.0;
];
