function loadprofile = ex_load_profilesh1
%EX_LOAD_PROFILE  Example load profile data file for stochastic unit commitment.
% 2022.03.12
% Andres F. Ramirez

%% define constants
[CT_LABEL, CT_PROB, CT_TABLE, CT_TBUS, CT_TGEN, CT_TBRCH, CT_TAREABUS, ...
    CT_TAREAGEN, CT_TAREABRCH, CT_ROW, CT_COL, CT_CHGTYPE, CT_REP, ...
    CT_REL, CT_ADD, CT_NEWVAL, CT_TLOAD, CT_TAREALOAD, CT_LOAD_ALL_PQ, ...
    CT_LOAD_FIX_PQ, CT_LOAD_DIS_PQ, CT_LOAD_ALL_P, CT_LOAD_FIX_P, ...
    CT_LOAD_DIS_P, CT_TGENCOST, CT_TAREAGENCOST, CT_MODCOST_F, ...
    CT_MODCOST_X] = idx_ct;

loadprofile = struct( ...
    'type', 'mpcData', ...
    'table', CT_TAREALOAD, ...
    'rows', [1:11], ...
    'col', CT_LOAD_ALL_P, ...
    'chgtype', 1, ...
    'values', [] );
loadprofile.values(:,1,:) = [
	1545.0376 916.1028 1520.51 524.1 741.3315 1100.4132 840.8 237.7196 512.4062 4629.9144 1663.8579;
	1527.6451 902.7041 1516.9 530.5 731.4 1096.0179 829.9404 239.1 499.4485 4629.9367 1643.2;
	1535.4881 915.5738 1541.5961 514.0982 737.3 1110.6506 844.2884 243.1 504.5 4589.091 1652.5574;
	1616.5143 984.023 1645.1 528.0 793.5 1166.9299 886.4073 255.9 535.4 4863.1811 1804.6662;
	1744.4674 1087.8092 1815.1916 563.254 900.9519 1313.0278 988.279 297.6846 608.4 5250.4977 1978.1971;
	1847.5 1157.7332 1937.9725 582.3151 969.228 1389.6 1045.4195 328.6709 660.4079 5668.1175 2099.3837;
	1918.6888 1168.8 1974.5023 567.1962 993.1436 1365.3 1083.3 335.5488 698.2311 5996.4053 2188.9;
	1875.9547 1163.7666 1931.7614 561.7572 946.3381 1331.3835 1074.7 337.1495 702.5577 6198.7411 2229.1977;
	1845.4668 1161.5541 1942.8535 550.1097 946.4753 1286.0833 1047.4651 347.1753 705.2722 6208.7625 2261.573;
	1856.6 1165.3526 1894.6152 531.8891 915.5831 1203.3207 1022.2165 345.9585 726.1258 6291.287 2287.9536;
	1816.8591 1182.8241 1882.9 528.2599 898.4572 1175.0114 1015.4686 347.5682 721.3666 6254.8153 2220.9072;
	1817.0 1152.744 1860.0391 524.5927 881.6686 1170.5462 1033.2405 344.9 738.8036 6223.3365 2189.9438;
	1802.7505 1154.6859 1843.1879 516.0 836.5329 1126.7712 977.056 323.9042 692.9757 6086.1835 2125.5343;
	1858.4436 1161.2089 1823.6919 521.2186 827.4424 1133.1465 1003.1373 333.9109 695.1 6104.644 2247.6956;
	1807.2501 1131.0881 1791.3056 530.5865 856.134 1043.6425 988.3898 331.7566 689.8449 6067.4629 2252.1655;
	1770.5001 1137.5622 1781.1798 546.1435 871.8 1220.3131 1022.5936 325.7701 665.5 5998.6848 2235.6907;
	1741.5614 1116.0334 1829.3502 541.2 878.4301 1243.8384 1090.5257 326.5807 690.7198 6080.0153 2315.989;
	1819.0076 1152.6034 1875.5 568.4353 873.7929 1201.4944 1106.1916 344.7 718.5625 5903.3646 2404.0731;
	1839.5676 1138.4154 1893.6186 576.3556 885.1527 1290.9653 1101.4468 347.5451 713.5465 5795.9042 2371.1222;
	1804.1527 1102.8 1844.5109 562.9 851.172 1255.0079 1065.2071 319.5185 681.5476 5569.4 2246.0047;
	1677.4523 1037.2782 1736.219 556.3942 826.2027 1201.091 1013.6794 307.4323 649.5588 5356.3578 2122.4853;
	1600.6393 964.6 1650.9438 528.8319 812.3 1121.1 944.1467 282.9596 618.083 5044.8465 2014.104;
	1605.6812 928.9388 1562.1461 550.3 804.7244 1134.5621 883.2 266.0232 538.6437 4804.8019 1806.3868;
	1620.8193 912.4 1569.557 556.9075 813.3767 1115.9 850.9548 238.3 515.0282 4637.6132 1680.6288;
];
