function windprofile = ex_wind_profilesh1
%EX_WIND_PROFILE_D  Example wind_load_nyiso profile data for deterministic unit commitment.
% 2022.03.12
% Andres F. Ramirez


%% define constants
[GEN_BUS, PG, QG, QMAX, QMIN, VG, MBASE, GEN_STATUS, PMAX, PMIN, ...
    MU_PMAX, MU_PMIN, MU_QMAX, MU_QMIN, PC1, PC2, QC1MIN, QC1MAX, ...
    QC2MIN, QC2MAX, RAMP_AGC, RAMP_10, RAMP_30, RAMP_Q, APF] = idx_gen;
[CT_LABEL, CT_PROB, CT_TABLE, CT_TBUS, CT_TGEN, CT_TBRCH, CT_TAREABUS, ...
    CT_TAREAGEN, CT_TAREABRCH, CT_ROW, CT_COL, CT_CHGTYPE, CT_REP, ...
    CT_REL, CT_ADD, CT_NEWVAL, CT_TLOAD, CT_TAREALOAD, CT_LOAD_ALL_PQ, ...
    CT_LOAD_FIX_PQ, CT_LOAD_DIS_PQ, CT_LOAD_ALL_P, CT_LOAD_FIX_P, ...
    CT_LOAD_DIS_P, CT_TGENCOST, CT_TAREAGENCOST, CT_MODCOST_F, ...
    CT_MODCOST_X] = idx_ct;

windprofile = struct( ...
    'type', 'mpcData', ...
    'table', CT_TGEN, ...
    'rows', [1:45], ...
    'col', PMAX, ...
    'chgtype', 1, ...
    'values', [] );
windprofile.values(:,1,:) = [
	3.8873 52.5259 91.1513 117.3464 14.6367 34.4625 31.3462 18.7437 9.8052 15.7919 29.1911 43.5474 65.5603 54.8479 204.4621 77.0299 95.5742 101.2801 85.068 71.9362 10.4487 80.4125 22.0068 86.6169 103.6189 75.8797 14.0508 1249.3602 802.6464 802.6464 714.0591 114.5251 283.56 185.1639 171.9556 342.4625 1159.2727 266.5434 447.3331 277.5506 120.7555 382.3038 214.4683 269.7105 1171.3484;
	3.8867 52.5173 92.1564 116.5812 14.7748 34.4557 30.6063 18.7202 4.9821 11.6789 21.5883 32.2055 48.4852 63.0649 194.6694 73.3405 90.9966 96.4292 75.0367 70.4387 10.2021 80.3966 20.2191 87.9585 102.3392 75.0848 13.8396 1245.1539 806.7201 806.7201 781.2515 116.0756 250.1222 181.3095 197.717 344.2006 1259.6331 267.7645 439.7003 274.1227 122.1155 382.2286 213.3653 273.1185 1272.7542;
	3.7848 51.1414 91.7389 118.8258 14.5592 34.3383 31.9637 18.9427 21.2596 12.9053 23.8552 35.5872 53.5763 63.2438 171.2532 64.5186 80.0509 84.8301 83.9683 69.5087 10.6546 80.1226 3.267 89.6177 104.3062 76.277 13.9795 1232.5765 819.5549 819.5549 791.3534 117.5279 279.8943 178.9156 198.2777 349.6768 1253.9176 312.4501 459.1584 279.3916 121.516 380.9258 212.0836 262.6771 1266.9792;
	3.573 48.2795 89.0549 115.5149 14.4892 33.033 22.2883 19.0994 23.1653 28.7252 53.0982 79.212 119.2533 64.9735 194.3697 73.2277 90.8565 96.2808 84.9127 66.701 7.4294 77.077 8.3642 89.49 103.4086 75.916 14.0531 1261.0071 794.8814 794.8814 756.2957 117.5752 283.0422 171.6886 203.7007 339.1494 1217.5918 320.5303 438.1981 276.9874 117.1556 366.4463 164.4424 261.7697 1230.2751;
	3.0007 40.5459 87.4417 112.7019 14.2641 29.8634 27.6714 18.961 23.4645 28.8095 53.2538 79.4442 119.6029 64.8453 194.9834 73.4589 91.1434 96.5848 85.0623 70.0636 9.2238 69.6812 68.6877 86.4426 100.8927 72.7968 13.7383 1258.3677 774.0522 774.0522 723.722 112.6693 283.5409 180.3439 203.2988 330.2623 1145.2528 324.4311 434.8654 270.2484 118.1042 331.2845 168.8524 273.5816 1157.1825;
	3.6423 49.2155 90.7529 110.5547 13.9396 32.4055 16.9863 18.7814 22.5658 28.401 52.4989 78.318 117.9073 47.6369 193.1366 72.7631 90.2801 95.67 51.5539 69.2309 5.6621 75.6127 67.3175 86.8226 100.4783 71.3074 13.6998 1224.4343 764.9506 764.9506 746.2907 114.9027 171.8462 178.2006 149.3482 326.3789 1176.669 311.6819 433.5754 269.1383 116.8272 359.4845 152.4338 263.779 1188.926;
	3.6299 49.0474 90.7865 112.6145 14.0127 33.7057 12.4202 18.8955 23.9283 28.4824 52.6492 78.5423 118.2449 61.1 197.3153 74.3374 92.2334 97.7399 83.9793 73.6584 4.1401 78.6466 69.6812 86.8211 101.9011 70.322 13.6211 1273.3095 753.9141 753.9141 736.7324 116.7415 279.9311 189.5968 191.5568 321.67 1205.0085 326.3199 374.2568 272.9495 117.7047 373.9084 176.6001 269.0987 1217.5607;
	3.8911 52.5769 95.0868 117.7033 15.0007 34.4466 0.9185 19.0545 1.1793 29.0406 53.681 80.0815 120.5623 43.0524 196.8643 74.1675 92.0226 97.5165 82.4998 73.2739 0.3062 80.3755 72.0603 87.8839 103.3861 74.844 14.0237 1280.2945 771.8513 771.8513 734.5242 115.9175 274.9995 188.6072 134.9751 329.3232 1237.5933 326.4333 176.8718 276.9271 121.2327 382.128 205.3395 282.5078 1250.4849;
	3.8919 52.5879 94.7794 118.6726 15.2439 32.492 9.8238 18.5953 1.6305 29.4951 54.5213 81.335 122.4494 26.2555 195.6002 73.6912 91.4317 96.8903 84.9979 73.1098 3.2746 75.8146 73.6165 87.7459 101.9394 73.5841 13.6043 1232.3698 685.0282 685.0282 696.5573 115.1836 283.3264 188.1849 82.3144 292.2787 1059.3048 301.6045 345.1476 273.0521 119.58 360.4444 193.0615 279.5533 1070.3393;
	3.8592 52.1462 91.5206 117.794 14.8682 31.8785 2.4884 18.4089 0.3438 24.7345 45.7214 68.2074 102.6858 22.8838 189.462 71.3787 88.5625 93.8498 80.9856 71.5936 0.8295 74.3831 46.2649 86.5696 99.4148 72.8793 13.1536 953.1793 601.9368 601.9368 576.6781 108.076 269.9522 184.282 71.7438 256.8264 800.8833 263.8196 147.9787 266.2896 119.6808 353.6386 162.8868 272.2228 809.2258;
	3.6494 49.3113 92.2891 115.3334 14.287 26.6896 0.3271 17.899 0.0 25.5423 47.2146 70.4349 106.0393 5.4496 198.873 74.9243 92.9616 98.5115 79.4788 72.9342 0.109 62.2758 68.9199 85.8065 98.5911 71.6775 13.5857 811.9208 663.9428 663.9428 538.5318 112.9736 264.9293 187.7327 17.0852 283.2823 753.8719 219.4517 103.5822 264.0832 115.493 296.077 144.1452 264.8863 761.7248;
	3.4969 47.2515 88.8549 112.5693 14.4399 19.714 0.0 17.575 0.0 24.5688 45.4151 67.7504 101.9979 2.8029 200.3776 75.4911 93.6649 99.2568 35.0283 71.9314 0.0 45.9993 71.5486 84.997 98.2397 71.3304 13.2736 588.5951 694.1545 694.1545 505.7177 108.4093 116.761 185.1517 8.7874 296.1726 760.2621 220.866 6.8368 263.1419 119.2055 218.694 139.032 261.8905 768.1815;
	3.8179 51.5887 91.4 115.8363 14.7397 21.4401 0.0 17.5641 25.0575 21.0674 38.9428 58.095 87.4617 47.0501 193.6652 72.9622 90.5272 95.9318 53.7627 71.1451 0.0 50.0268 69.8973 85.663 101.1332 70.2428 13.5701 593.3453 673.9501 673.9501 506.376 104.8173 179.2089 183.1276 147.5085 287.552 575.1579 230.1381 3.2303 270.8925 119.7231 237.8416 145.1484 267.95 581.1491;
	3.6245 48.9754 87.5403 108.9482 14.1118 19.0353 0.0 16.7878 17.5496 15.0532 27.8255 41.5102 62.4934 25.2749 196.1324 73.8917 91.6805 97.1539 47.5433 70.9745 0.0 44.4157 69.1781 83.5752 97.8207 65.3659 13.0344 498.2804 590.4334 590.4334 461.6993 84.6614 158.4777 182.6885 79.2401 251.9183 621.0258 229.0584 0.0 262.0198 116.3028 211.1648 144.7967 257.6213 627.4948;
	3.5949 48.5753 87.3712 103.5049 14.6149 17.3182 0.0 16.342 1.4181 21.4858 39.7161 59.2486 89.1984 14.6382 190.1059 71.6213 88.8635 94.1688 48.4061 69.8401 0.0 40.4091 66.3572 84.9717 98.6444 68.6609 13.002 360.7957 529.9612 529.9612 405.3511 82.7227 161.3536 179.7687 45.8928 226.1168 510.1562 214.2774 0.0 264.2261 115.195 192.1163 153.3818 236.3603 515.4703;
	3.4519 46.6424 89.921 112.25 14.326 10.0562 0.0059 17.0461 3.2303 27.0649 50.0291 74.6336 112.3605 17.5842 173.0495 65.1954 80.8906 85.7199 53.9415 69.4753 0.002 23.4644 68.5545 84.8233 100.1028 69.2524 13.346 392.5583 448.7568 448.7568 399.4161 89.3766 179.8051 178.8295 55.1288 191.4696 439.7964 214.7378 0.4269 268.1324 119.526 111.5565 153.7327 243.9827 444.3776;
	3.1695 42.8273 87.8968 111.2797 14.1032 17.7128 0.9539 17.6412 1.5646 27.6508 51.112 76.2491 114.7925 31.3637 176.3402 66.4351 82.4288 87.3499 45.4035 70.1641 0.318 41.3299 68.5908 84.7362 101.7321 70.2223 13.2731 985.9609 393.2885 393.2885 289.1183 86.1888 151.3451 180.6025 98.3293 167.8031 802.1395 225.537 90.6623 272.4968 119.5636 196.4942 132.9386 235.8895 810.4951;
	2.8061 37.916 87.7558 113.2221 14.2643 21.2278 0.0 17.9362 1.0278 28.3774 52.4551 78.2527 117.809 55.0501 187.3141 70.5695 87.5584 92.7858 68.1771 70.0549 0.0 49.5316 70.7497 84.1629 99.2306 70.8156 13.5623 1198.6164 469.6424 469.6424 207.2939 62.8782 227.257 180.3214 172.5894 200.3807 960.8104 198.0129 94.0298 265.7962 118.1092 235.4876 166.6833 255.6824 970.8189;
