function loadprofile = ex_load_profilesh1
%EX_LOAD_PROFILE  Example load profile data file for stochastic unit commitment.
% 2022.03.12
% Andres F. Ramirez

%% define constants
[CT_LABEL, CT_PROB, CT_TABLE, CT_TBUS, CT_TGEN, CT_TBRCH, CT_TAREABUS, ...
    CT_TAREAGEN, CT_TAREABRCH, CT_ROW, CT_COL, CT_CHGTYPE, CT_REP, ...
    CT_REL, CT_ADD, CT_NEWVAL, CT_TLOAD, CT_TAREALOAD, CT_LOAD_ALL_PQ, ...
    CT_LOAD_FIX_PQ, CT_LOAD_DIS_PQ, CT_LOAD_ALL_P, CT_LOAD_FIX_P, ...
    CT_LOAD_DIS_P, CT_TGENCOST, CT_TAREAGENCOST, CT_MODCOST_F, ...
    CT_MODCOST_X] = idx_ct;

loadprofile = struct( ...
    'type', 'mpcData', ...
    'table', CT_TAREALOAD, ...
    'rows', [1:11], ...
    'col', CT_LOAD_ALL_P, ...
    'chgtype', 1, ...
    'values', [] );
loadprofile.values(:,1,:) = [
	1405.1541 888.9336 1483.6641 530.578 742.5377 1040.3045 780.3252 202.4407 460.6685 4218.4 1623.3146;
	1408.0 878.9988 1472.228 534.7981 752.9026 1033.1718 774.2957 192.3631 458.4868 4160.5128 1606.6777;
	1438.7003 898.5868 1498.2 538.093 777.4 1057.4026 795.0317 204.3274 449.7235 4097.549 1637.227;
	1509.846 958.1 1587.2186 561.3471 820.0 1121.6074 838.3777 223.4051 503.0 4326.0388 1731.0106;
	1667.6367 1077.7638 1733.3953 580.4519 926.4621 1255.7805 924.2258 278.0078 572.3972 4774.5899 1957.1692;
	1752.44 1128.0224 1858.7031 592.6448 993.0705 1359.1 964.062 287.5279 662.406 5104.7577 2053.5979;
	1800.2951 1157.2569 1872.187 595.5 984.714 1341.4156 1005.5794 303.3816 684.8 5454.3143 2162.9;
	1839.4 1151.2824 1879.4296 588.0282 1001.7339 1320.8561 1026.6474 298.2 699.0075 5500.2304 2137.2004;
	1877.4252 1170.1 1936.8322 581.9518 1007.4313 1306.3834 1065.8637 322.6 724.9645 5621.4924 2213.0516;
	1904.63 1180.5189 1959.3438 588.7037 1005.7907 1269.6814 1091.344 325.3828 728.2317 5633.424 2203.3908;
	1885.8645 1178.9157 1957.663 586.6365 962.2 1243.8686 1077.173 320.8201 728.61 5642.0257 2186.6474;
	1857.6469 1162.4 1923.5276 576.8849 963.0545 1243.3868 1083.5766 310.3154 697.2774 5809.7626 2143.022;
	1803.2797 1140.4 1884.332 575.1613 921.2 1206.6029 1053.5428 305.4308 686.9795 5698.09 2158.7852;
	1796.4997 1119.3257 1875.2714 560.8458 906.1795 1280.0816 1045.163 305.576 685.9097 5850.9317 2220.4991;
	1731.2221 1104.8735 1828.8433 558.9486 878.4086 1311.9588 1030.3809 289.7433 673.1813 5703.766 2200.5824;
	1715.6 1108.9535 1849.5 580.7394 869.8 1343.0721 1080.0966 297.6661 677.1963 5869.4466 2237.6518;
	1762.9033 1133.7418 1897.1087 569.7857 921.7974 1345.0196 1108.3068 315.7726 670.3 5822.7396 2297.8646;
	1794.6263 1156.6335 1935.2593 582.0505 941.7204 1410.3106 1172.9249 325.3268 694.987 5804.24 2476.1472;
	1872.9767 1199.0444 1946.2392 593.4424 976.293 1412.8762 1185.0473 331.5728 691.3 5769.8999 2547.4996;
	1804.9122 1146.4296 1891.045 582.2513 926.5135 1360.3295 1145.6612 315.9 668.1022 5481.4468 2422.2928;
	1746.3888 1072.3522 1796.174 571.0942 892.5181 1252.7 1033.6104 275.2454 613.4438 5090.736 2230.4067;
	1680.9888 1008.6555 1684.7189 565.9315 843.0475 1185.6841 978.1183 273.2 580.8 4859.8393 2113.0104;
	1576.2927 939.2163 1568.0132 607.3851 761.7 1091.5 883.1863 248.8 534.3685 4186.1477 1779.6997;
	1536.1067 908.5 1521.1 575.0 684.2061 1048.7978 837.9175 218.1 506.5129 4116.4701 1667.9174;
];
