function solarprofile = ex_solar_profilesh1
%EX_WIND_PROFILE_D  Example wind_load_nyiso profile data for deterministic unit commitment.
% 2022.03.12
% Andres F. Ramirez


%% define constants
[GEN_BUS, PG, QG, QMAX, QMIN, VG, MBASE, GEN_STATUS, PMAX, PMIN, ...
    MU_PMAX, MU_PMIN, MU_QMAX, MU_QMIN, PC1, PC2, QC1MIN, QC1MAX, ...
    QC2MIN, QC2MAX, RAMP_AGC, RAMP_10, RAMP_30, RAMP_Q, APF] = idx_gen;
[CT_LABEL, CT_PROB, CT_TABLE, CT_TBUS, CT_TGEN, CT_TBRCH, CT_TAREABUS, ...
    CT_TAREAGEN, CT_TAREABRCH, CT_ROW, CT_COL, CT_CHGTYPE, CT_REP, ...
    CT_REL, CT_ADD, CT_NEWVAL, CT_TLOAD, CT_TAREALOAD, CT_LOAD_ALL_PQ, ...
    CT_LOAD_FIX_PQ, CT_LOAD_DIS_PQ, CT_LOAD_ALL_P, CT_LOAD_FIX_P, ...
    CT_LOAD_DIS_P, CT_TGENCOST, CT_TAREAGENCOST, CT_MODCOST_F, ...
    CT_MODCOST_X] = idx_ct;

solarprofile = struct( ...
    'type', 'mpcData', ...
    'table', CT_TGEN, ...
    'rows', [1:12], ...
    'col', PMAX, ...
    'chgtype', 1, ...
    'values', [] );
solarprofile.values(:,1,:) = [
	0.0 0.0 0.0 0.0 0.0 0.0 0.0 0.0 0.0 0.0 0.0 0.0;
	0.0 0.0 0.0 0.0 0.0 0.0 0.0 0.0 0.0 0.0 0.0 0.0;
	0.0 0.0 0.0 0.0 0.0 0.0 0.0 0.0 0.0 0.0 0.0 0.0;
	0.0 0.0 0.0 0.0 0.0 0.0 0.0 0.0 0.0 0.0 0.0 0.0;
	0.0 0.0 0.0 0.0 0.0 0.0 0.0 0.0 0.0 0.0 0.0 0.0;
	0.4279 0.3656 0.3086 0.0 0.0 0.1765 0.0221 0.3154 0.0956 0.0 0.0 0.0;
	2.983 1.5881 1.5087 1.4703 0.6769 59.9777 7.4972 7.1675 43.8945 23.1038 7.4587 41.8411;
	3.5047 1.1806 1.5672 6.6904 2.3245 106.0115 13.2514 11.3635 125.5274 65.3985 5.4049 118.437;
	4.6439 1.758 1.7481 8.7496 3.7905 102.3794 12.7974 10.9487 142.2077 80.701 3.672 146.1501;
	10.6241 5.8577 6.5024 10.6136 12.3077 101.7078 12.7135 6.355 47.9973 34.1248 2.9568 61.8003;
	16.3075 12.079 11.3483 10.9153 10.8581 158.1095 19.7637 22.5753 37.8208 11.2824 12.1511 20.4326;
	16.8991 13.0041 11.987 10.9169 10.1329 224.9177 28.1147 42.1388 52.9767 31.5252 50.4244 57.0924;
	8.2041 6.183 6.8971 10.3632 8.4917 335.7574 41.9697 38.4629 207.8721 175.0767 53.1312 317.065;
	5.0352 4.2225 3.4568 9.5584 9.0995 328.3564 41.0446 22.0365 226.4964 185.599 55.6412 336.121;
	2.3813 2.1029 2.0944 7.2547 8.9942 319.577 39.9471 12.4736 221.4414 147.8028 31.4266 267.6717;
	1.2827 1.1287 1.0663 3.9073 5.6985 336.3412 42.0427 17.9266 198.6882 18.3872 2.1624 33.2993;
	0.3987 0.4574 0.4138 1.7686 2.2545 81.1224 10.1403 10.8432 61.6589 10.9781 4.0725 19.8815;
	0.0 0.0 0.0 0.0 0.0 0.0 0.0 0.0 0.0 0.0 0.0 0.0;
	0.0 0.0 0.0 0.0 0.0 0.0 0.0 0.0 0.0 0.0 0.0 0.0;
	0.0 0.0 0.0 0.0 0.0 0.0 0.0 0.0 0.0 0.0 0.0 0.0;
	0.0 0.0 0.0 0.0 0.0 0.0 0.0 0.0 0.0 0.0 0.0 0.0;
	0.0 0.0 0.0 0.0 0.0 0.0 0.0 0.0 0.0 0.0 0.0 0.0;
	0.0 0.0 0.0 0.0 0.0 0.0 0.0 0.0 0.0 0.0 0.0 0.0;
	0.0 0.0 0.0 0.0 0.0 0.0 0.0 0.0 0.0 0.0 0.0 0.0;
];
