function solarprofile = ex_solar_profilesh1
%EX_WIND_PROFILE_D  Example wind_load_nyiso profile data for deterministic unit commitment.
% 2022.03.12
% Andres F. Ramirez


%% define constants
[GEN_BUS, PG, QG, QMAX, QMIN, VG, MBASE, GEN_STATUS, PMAX, PMIN, ...
    MU_PMAX, MU_PMIN, MU_QMAX, MU_QMIN, PC1, PC2, QC1MIN, QC1MAX, ...
    QC2MIN, QC2MAX, RAMP_AGC, RAMP_10, RAMP_30, RAMP_Q, APF] = idx_gen;
[CT_LABEL, CT_PROB, CT_TABLE, CT_TBUS, CT_TGEN, CT_TBRCH, CT_TAREABUS, ...
    CT_TAREAGEN, CT_TAREABRCH, CT_ROW, CT_COL, CT_CHGTYPE, CT_REP, ...
    CT_REL, CT_ADD, CT_NEWVAL, CT_TLOAD, CT_TAREALOAD, CT_LOAD_ALL_PQ, ...
    CT_LOAD_FIX_PQ, CT_LOAD_DIS_PQ, CT_LOAD_ALL_P, CT_LOAD_FIX_P, ...
    CT_LOAD_DIS_P, CT_TGENCOST, CT_TAREAGENCOST, CT_MODCOST_F, ...
    CT_MODCOST_X] = idx_ct;

solarprofile = struct( ...
    'type', 'mpcData', ...
    'table', CT_TGEN, ...
    'rows', [1:12], ...
    'col', PMAX, ...
    'chgtype', 1, ...
    'values', [] );
solarprofile.values(:,1,:) = [
	0.0 0.0 0.0 0.0 0.0 0.0 0.0 0.0 0.0 0.0 0.0 0.0;
	0.0 0.0 0.0 0.0 0.0 0.0 0.0 0.0 0.0 0.0 0.0 0.0;
	0.0 0.0 0.0 0.0 0.0 0.0 0.0 0.0 0.0 0.0 0.0 0.0;
	0.0 0.0 0.0 0.0 0.0 0.0 0.0 0.0 0.0 0.0 0.0 0.0;
	0.0 0.0 0.0 0.0 0.0 0.0 0.0 0.0 0.0 0.0 0.0 0.0;
	0.4353 0.3647 0.3103 0.0 0.0 0.1783 0.0223 0.1598 1.6679 0.0 0.0 0.0;
	1.8431 1.3533 1.7054 0.9026 1.7165 94.4942 11.8118 5.4759 132.3366 40.2931 30.7354 72.9711;
	4.6878 3.0259 3.8074 2.9492 2.1661 171.5433 21.4429 12.6275 178.8728 142.8971 89.6473 258.7875;
	8.6749 5.0664 5.3779 5.0807 2.6165 183.3798 22.9225 15.6038 199.1058 243.1136 132.8904 440.2801;
	11.0697 9.6287 10.0596 10.4812 11.8522 105.2709 13.1589 11.0092 202.7252 329.2699 147.0955 596.3097;
	6.0608 8.8325 9.0263 10.9615 10.8273 73.6286 9.2036 8.4627 165.6984 326.4637 185.3097 591.2277;
	4.2837 7.494 8.6537 11.1414 10.6608 98.9761 12.372 9.6157 138.511 316.2622 214.7509 572.7528;
	5.3508 5.4002 7.6771 11.227 7.5655 320.8985 40.1123 28.6225 210.7022 240.6461 204.9982 435.8115;
	5.8085 6.262 6.3196 11.1135 6.7987 347.8404 43.4801 34.0152 218.6023 205.7258 183.0111 372.5706;
	3.6672 3.9082 4.5823 8.9632 4.527 302.6286 37.8286 38.5392 208.2634 147.5014 121.2281 267.1259;
	1.0829 1.0397 0.8168 3.2294 0.7352 171.7827 21.4728 36.8514 158.4637 12.5982 9.5362 22.8155;
	0.2569 0.2204 0.1892 1.2004 0.7222 57.8905 7.2363 8.8967 43.395 0.0 4.5039 0.0;
	0.0 0.0 0.0 0.0 0.0 0.0 0.0 0.0 0.0 0.0 0.0 0.0;
	0.0 0.0 0.0 0.0 0.0 0.0 0.0 0.0 0.0 0.0 0.0 0.0;
	0.0 0.0 0.0 0.0 0.0 0.0 0.0 0.0 0.0 0.0 0.0 0.0;
	0.0 0.0 0.0 0.0 0.0 0.0 0.0 0.0 0.0 0.0 0.0 0.0;
	0.0 0.0 0.0 0.0 0.0 0.0 0.0 0.0 0.0 0.0 0.0 0.0;
	0.0 0.0 0.0 0.0 0.0 0.0 0.0 0.0 0.0 0.0 0.0 0.0;
	0.0 0.0 0.0 0.0 0.0 0.0 0.0 0.0 0.0 0.0 0.0 0.0;
];
