function solarprofile = ex_solar_profilesh1
%EX_WIND_PROFILE_D  Example wind_load_nyiso profile data for deterministic unit commitment.
% 2022.03.12
% Andres F. Ramirez


%% define constants
[GEN_BUS, PG, QG, QMAX, QMIN, VG, MBASE, GEN_STATUS, PMAX, PMIN, ...
    MU_PMAX, MU_PMIN, MU_QMAX, MU_QMIN, PC1, PC2, QC1MIN, QC1MAX, ...
    QC2MIN, QC2MAX, RAMP_AGC, RAMP_10, RAMP_30, RAMP_Q, APF] = idx_gen;
[CT_LABEL, CT_PROB, CT_TABLE, CT_TBUS, CT_TGEN, CT_TBRCH, CT_TAREABUS, ...
    CT_TAREAGEN, CT_TAREABRCH, CT_ROW, CT_COL, CT_CHGTYPE, CT_REP, ...
    CT_REL, CT_ADD, CT_NEWVAL, CT_TLOAD, CT_TAREALOAD, CT_LOAD_ALL_PQ, ...
    CT_LOAD_FIX_PQ, CT_LOAD_DIS_PQ, CT_LOAD_ALL_P, CT_LOAD_FIX_P, ...
    CT_LOAD_DIS_P, CT_TGENCOST, CT_TAREAGENCOST, CT_MODCOST_F, ...
    CT_MODCOST_X] = idx_ct;

solarprofile = struct( ...
    'type', 'mpcData', ...
    'table', CT_TGEN, ...
    'rows', [1:12], ...
    'col', PMAX, ...
    'chgtype', 1, ...
    'values', [] );
solarprofile.values(:,1,:) = [
	0.0 0.0 0.0 0.0 0.0 0.0 0.0 0.0 0.0 0.0 0.0 0.0;
	0.0 0.0 0.0 0.0 0.0 0.0 0.0 0.0 0.0 0.0 0.0 0.0;
	0.0 0.0 0.0 0.0 0.0 0.0 0.0 0.0 0.0 0.0 0.0 0.0;
	0.0 0.0 0.0 0.0 0.0 0.0 0.0 0.0 0.0 0.0 0.0 0.0;
	0.0 0.0 0.0 0.0 0.0 0.0 0.0 0.0 0.0 0.0 0.0 0.0;
	0.4147 0.3502 0.302 0.0 0.0 0.1765 0.0221 0.1431 0.0956 0.0 0.0 0.0;
	1.9999 0.8256 1.4977 0.7504 0.6728 61.5179 7.6897 9.5748 20.8338 61.612 0.0 111.5797;
	1.3193 1.3792 1.9194 1.6589 3.8335 142.1945 17.7743 18.3999 75.8077 117.0293 11.9475 211.9408;
	1.3624 2.2174 2.5086 3.2965 5.6434 160.9731 20.1216 22.211 104.3387 140.2372 31.0918 253.9703;
	4.8756 4.6474 10.2256 9.9985 11.5526 112.2773 14.0347 12.4109 81.5005 111.5618 50.8463 202.0391;
	14.4995 12.0718 12.0986 7.5771 7.1277 176.5543 22.0693 14.2202 117.6763 93.3972 32.951 169.1429;
	16.9057 14.0498 12.5229 6.3363 4.5142 223.1001 27.8875 17.8327 151.9554 112.5728 54.2146 203.87;
	11.2082 8.705 9.278 10.4853 3.5759 235.4094 29.4262 27.75 238.5724 184.6525 128.4178 334.4069;
	8.5898 6.4402 7.0263 10.377 6.2268 167.666 20.9583 22.5269 244.0158 155.988 129.5496 282.4953;
	5.1527 2.8429 5.1403 8.19 5.6114 88.0604 11.0075 14.972 224.3914 93.3394 92.2376 169.0382;
	1.8798 1.0894 1.6464 1.4803 1.8239 61.7455 7.7182 6.5032 187.4619 6.0774 0.0 11.0061;
	0.475 0.5651 0.2672 0.8759 1.2612 53.4709 6.6839 3.8068 54.2166 0.0 0.0 0.0;
	0.0 0.0 0.0 0.0 0.0 0.0 0.0 0.0 0.0 0.0 0.0 0.0;
	0.0 0.0 0.0 0.0 0.0 0.0 0.0 0.0 0.0 0.0 0.0 0.0;
	0.0 0.0 0.0 0.0 0.0 0.0 0.0 0.0 0.0 0.0 0.0 0.0;
	0.0 0.0 0.0 0.0 0.0 0.0 0.0 0.0 0.0 0.0 0.0 0.0;
	0.0 0.0 0.0 0.0 0.0 0.0 0.0 0.0 0.0 0.0 0.0 0.0;
	0.0 0.0 0.0 0.0 0.0 0.0 0.0 0.0 0.0 0.0 0.0 0.0;
	0.0 0.0 0.0 0.0 0.0 0.0 0.0 0.0 0.0 0.0 0.0 0.0;
];
