function windprofile = ex_wind_profilesh1
%EX_WIND_PROFILE_D  Example wind_load_nyiso profile data for deterministic unit commitment.
% 2022.03.12
% Andres F. Ramirez


%% define constants
[GEN_BUS, PG, QG, QMAX, QMIN, VG, MBASE, GEN_STATUS, PMAX, PMIN, ...
    MU_PMAX, MU_PMIN, MU_QMAX, MU_QMIN, PC1, PC2, QC1MIN, QC1MAX, ...
    QC2MIN, QC2MAX, RAMP_AGC, RAMP_10, RAMP_30, RAMP_Q, APF] = idx_gen;
[CT_LABEL, CT_PROB, CT_TABLE, CT_TBUS, CT_TGEN, CT_TBRCH, CT_TAREABUS, ...
    CT_TAREAGEN, CT_TAREABRCH, CT_ROW, CT_COL, CT_CHGTYPE, CT_REP, ...
    CT_REL, CT_ADD, CT_NEWVAL, CT_TLOAD, CT_TAREALOAD, CT_LOAD_ALL_PQ, ...
    CT_LOAD_FIX_PQ, CT_LOAD_DIS_PQ, CT_LOAD_ALL_P, CT_LOAD_FIX_P, ...
    CT_LOAD_DIS_P, CT_TGENCOST, CT_TAREAGENCOST, CT_MODCOST_F, ...
    CT_MODCOST_X] = idx_ct;

windprofile = struct( ...
    'type', 'mpcData', ...
    'table', CT_TGEN, ...
    'rows', [1:45], ...
    'col', PMAX, ...
    'chgtype', 1, ...
    'values', [] );
windprofile.values(:,1,:) = [
	3.856 52.1035 92.8867 118.7898 14.6834 34.389 32.521 18.555 10.4253 13.5342 25.0178 37.3217 56.1876 57.3372 199.1114 75.014 93.073 98.6296 86.8959 68.0748 10.8403 80.241 20.4264 84.46 102.827 76.0219 13.9283 1274.531 807.3407 807.3407 732.2734 107.1634 289.653 175.2246 179.7598 344.4654 1109.54 259.626 466.219 275.4294 121.0625 381.4885 207.283 284.3668 1121.0977;
	3.9002 52.7002 94.5685 120.4672 15.1402 35.0255 33.3286 18.6638 14.077 13.4181 24.8032 37.0014 55.7055 67.7703 195.6135 73.6963 91.438 96.8969 88.9544 71.4695 11.1095 81.7261 26.6056 83.3527 100.9758 76.2713 13.8158 1272.6711 836.7374 836.7374 795.1297 110.6224 296.5146 183.9626 212.4691 357.008 1267.7574 257.923 479.5252 270.4708 120.7858 388.5492 216.2078 284.2955 1280.9632;
	3.7808 51.087 91.0329 117.2159 14.9029 34.8972 33.4161 18.5138 24.5003 13.1453 24.2989 36.2492 54.573 64.4153 183.0907 68.9784 85.5843 90.6938 89.5931 71.7273 11.1387 81.4269 19.0042 83.6364 98.9197 74.8641 13.8578 1193.4394 769.8199 769.8199 740.5412 110.1438 298.6438 184.6263 201.9507 328.4565 1154.4807 266.0468 475.1356 264.9634 118.0821 387.1267 207.9602 271.1852 1166.5065;
	3.7902 51.2143 93.9711 119.5071 15.1129 34.8144 31.9656 18.7649 28.3555 28.663 52.9831 79.0404 118.9949 67.0698 204.1868 76.9262 95.4455 101.1437 88.5579 71.2704 10.6552 81.2335 22.87 85.8358 99.9132 75.2816 13.7888 1198.7501 768.322 768.322 739.9553 110.7663 295.1928 183.4502 210.2728 327.8174 1139.436 286.0756 461.7247 267.6246 121.2065 386.2074 183.2084 271.6073 1151.3051;
	3.3812 45.6874 94.7337 119.0025 15.3458 32.2233 31.3563 18.6046 28.3589 29.9752 55.4086 82.6588 124.4423 67.4446 205.2406 77.3232 95.9381 101.6657 88.9662 73.0823 10.4521 75.1877 71.2666 87.4975 103.3137 75.8359 13.6261 1250.8742 754.6405 754.6405 734.6421 113.1279 296.5538 188.1141 211.4478 321.9799 1119.5055 300.7118 458.9999 276.733 121.173 357.4636 186.0743 280.8436 1131.167;
	3.6575 49.4202 92.5149 111.4886 14.8364 32.533 19.2115 17.9426 26.7417 28.3205 52.3501 78.096 117.5731 51.473 200.6054 75.5769 93.7714 99.3697 57.8795 71.6828 6.4038 75.9103 69.7371 83.1219 98.5226 75.3979 13.1734 1196.3483 711.1246 711.1246 726.964 114.3619 192.9316 184.5116 161.3747 303.4132 1093.0144 269.7836 447.8121 263.8997 117.8537 360.8994 161.6752 276.5833 1104.4;
	3.6856 49.8008 92.8233 115.7605 14.894 33.7551 14.2669 18.2018 26.6759 28.663 52.9832 79.0405 118.995 64.4711 199.8696 75.2997 93.4274 99.0052 85.1655 73.8074 4.7556 78.7618 70.8153 85.5559 100.5036 74.2051 13.3676 1265.5385 753.3605 753.3605 766.3256 112.7623 283.8848 189.9803 202.1256 321.4338 1190.9012 298.5306 411.3915 269.206 119.8883 374.4563 177.8901 276.0717 1203.3064;
	3.645 49.2513 92.42 112.7324 14.6997 32.7974 4.1774 18.2822 9.9448 28.2186 52.1616 77.8148 117.1498 39.9074 203.2019 76.5551 94.9851 100.6558 86.1442 72.0996 1.3925 76.5273 71.4793 84.1466 98.3211 75.6405 13.4237 1229.6855 721.0987 721.0987 696.2413 113.0191 287.1473 185.5846 125.1151 307.6688 1110.3312 276.2377 154.9735 263.36 117.2925 363.8328 197.1804 270.5928 1121.8972;
	3.5911 48.5238 92.6325 114.3771 14.4455 30.3583 0.0 17.8134 0.5355 28.4614 52.6106 78.4846 118.1581 22.8773 199.6307 75.2097 93.3158 98.8868 85.9993 72.4649 0.0 70.836 71.5665 85.132 98.6252 75.0335 13.4885 1135.5772 651.7825 651.7825 687.269 114.8857 286.6644 186.5249 71.7235 278.0938 1004.7232 266.0417 0.0 264.1747 119.5852 336.7747 177.347 274.2427 1015.189;
	3.5501 47.9693 88.5673 111.2321 14.7238 29.9862 1.8332 18.2386 0.1757 24.6034 45.4789 67.8456 102.1412 18.042 196.2418 73.9329 91.7316 97.2081 86.3612 72.1522 0.6111 69.9677 48.5789 86.0048 98.4891 76.2519 13.5363 982.8741 599.5901 599.5901 586.3693 113.4009 287.8707 185.7199 56.564 255.8251 815.5196 263.3988 8.5647 263.81 120.6102 332.6464 154.4263 269.7292 824.0146;
	3.4623 46.7839 89.595 114.2267 14.6532 24.822 7.4224 17.8146 5.3262 28.5627 52.7977 78.7639 118.5786 0.7339 204.2557 76.9522 95.4777 101.1778 84.3289 73.8982 2.4741 57.9179 73.365 86.3726 98.0336 75.1169 13.4426 787.6183 635.165 635.165 528.1096 116.4163 281.0963 190.2142 2.301 271.0037 727.5033 220.0794 85.6557 262.5899 118.6985 275.3584 143.9429 268.0082 735.0814;
	3.2022 43.2682 90.7316 115.3377 15.0526 19.5976 1.9305 17.8695 7.626 27.6533 51.1167 76.256 114.803 5.5523 205.9525 77.5914 96.2708 102.0183 43.6145 73.9747 0.6435 45.7277 75.4186 85.9808 99.0423 74.782 13.435 569.4752 694.1193 694.1193 502.9843 113.9349 145.3817 190.411 17.4073 296.1576 758.8791 217.9242 37.882 265.2918 119.5799 217.4027 138.8058 274.7903 766.7841;
	3.6298 49.0464 92.0398 115.2183 14.746 20.1529 0.4819 17.8 25.9493 25.0694 46.3405 69.1309 104.0762 53.2257 206.0191 77.6165 96.302 102.0513 64.856 73.908 0.1606 47.0235 74.9027 84.5525 100.806 75.3383 13.6526 619.8968 669.8809 669.8809 498.5948 102.6393 216.1865 190.2393 166.8698 285.8159 575.5183 221.4019 46.7598 270.0161 118.8753 223.5631 147.2003 277.3293 581.5133;
	3.5901 48.5104 86.5847 110.0184 14.5401 18.2168 0.7189 17.4889 19.2818 24.9708 46.1581 68.8587 103.6665 39.8675 204.9347 77.208 95.7951 101.5142 64.4664 73.9115 0.2396 42.5059 75.7346 81.93 96.6364 72.2767 13.1535 499.0966 642.1213 642.1213 458.6005 83.356 214.8879 190.2484 124.9901 273.9717 624.9834 230.1172 120.4909 258.8476 120.4706 202.085 157.8126 271.55 631.4937;
	3.6955 49.9337 89.4783 112.5654 15.0631 18.4419 0.0161 17.8745 3.5652 25.2855 46.7398 69.7266 104.973 32.1549 197.9599 74.5803 92.5348 98.0592 73.2843 72.8389 0.0054 43.0312 73.1184 84.1628 99.3545 73.3604 13.2236 368.9923 625.4163 625.4163 426.0784 82.2009 244.281 187.4876 100.81 266.8443 558.7468 238.4856 24.3754 266.128 117.1109 204.5826 165.5443 265.8615 564.5671;
	3.3778 45.6411 89.184 114.7813 14.2402 9.8645 0.0 18.0498 2.3396 27.7989 51.3859 76.6576 115.4076 25.078 188.6177 71.0606 88.1678 93.4316 65.0885 71.8602 0.0 23.0173 73.1816 86.527 97.4928 72.5049 13.8364 400.7919 508.4162 508.4162 396.0426 79.4371 216.9617 184.9684 78.6228 216.9243 458.3341 223.1237 13.5827 261.1415 120.0753 109.4306 156.0203 262.3648 463.1084;
	3.2198 43.5061 88.1624 114.0584 14.1833 17.8323 0.0 18.7678 1.3252 28.2666 52.2504 77.9472 117.3491 35.089 193.315 72.8303 90.3635 95.7584 68.6012 72.9714 0.0 41.6087 74.0067 87.6775 101.6297 74.0134 14.1157 934.4439 433.0642 433.0642 283.6033 75.6573 228.6706 187.8285 110.0086 184.7741 749.1474 232.1891 100.3632 272.2223 118.4836 197.8197 135.3876 255.8052 756.951;
	3.2594 44.0412 90.8388 116.0487 14.5408 22.3758 2.9325 19.0108 6.6127 29.9981 55.451 82.722 124.5375 59.3394 202.0578 76.1241 94.4503 100.0891 84.0497 72.9863 0.9775 52.2101 75.3631 89.3609 100.1311 75.6215 14.1651 1141.4327 561.9865 561.9865 225.997 61.2107 280.1656 187.867 186.0372 239.7809 961.4663 213.7503 123.9075 268.2084 122.3156 248.2217 178.5504 277.0496 971.4816;
