function solarprofile = ex_solar_profilesh1
%EX_WIND_PROFILE_D  Example wind_load_nyiso profile data for deterministic unit commitment.
% 2022.03.12
% Andres F. Ramirez


%% define constants
[GEN_BUS, PG, QG, QMAX, QMIN, VG, MBASE, GEN_STATUS, PMAX, PMIN, ...
    MU_PMAX, MU_PMIN, MU_QMAX, MU_QMIN, PC1, PC2, QC1MIN, QC1MAX, ...
    QC2MIN, QC2MAX, RAMP_AGC, RAMP_10, RAMP_30, RAMP_Q, APF] = idx_gen;
[CT_LABEL, CT_PROB, CT_TABLE, CT_TBUS, CT_TGEN, CT_TBRCH, CT_TAREABUS, ...
    CT_TAREAGEN, CT_TAREABRCH, CT_ROW, CT_COL, CT_CHGTYPE, CT_REP, ...
    CT_REL, CT_ADD, CT_NEWVAL, CT_TLOAD, CT_TAREALOAD, CT_LOAD_ALL_PQ, ...
    CT_LOAD_FIX_PQ, CT_LOAD_DIS_PQ, CT_LOAD_ALL_P, CT_LOAD_FIX_P, ...
    CT_LOAD_DIS_P, CT_TGENCOST, CT_TAREAGENCOST, CT_MODCOST_F, ...
    CT_MODCOST_X] = idx_ct;

solarprofile = struct( ...
    'type', 'mpcData', ...
    'table', CT_TGEN, ...
    'rows', [1:12], ...
    'col', PMAX, ...
    'chgtype', 1, ...
    'values', [] );
solarprofile.values(:,1,:) = [
	0.0 0.0 0.0 0.0 0.0 0.0 0.0 0.0 0.0 0.0 0.0 0.0;
	0.0 0.0 0.0 0.0 0.0 0.0 0.0 0.0 0.0 0.0 0.0 0.0;
	0.0 0.0 0.0 0.0 0.0 0.0 0.0 0.0 0.0 0.0 0.0 0.0;
	0.0 0.0 0.0 0.0 0.0 0.0 0.0 0.0 0.0 0.0 0.0 0.0;
	0.0 0.0 0.0 0.0 0.0 0.0 0.0 0.0 0.0 0.0 0.0 0.0;
	0.4095 0.3481 0.302 0.0 0.0 0.1765 0.0221 0.1446 0.0956 0.0 0.0 0.0;
	2.9464 1.6964 1.3777 0.3845 0.461 49.7751 6.2219 10.6222 78.0955 21.5558 4.0539 39.0376;
	4.5748 3.0864 1.5674 0.817 1.3308 131.4213 16.4277 21.8277 144.1228 144.6587 98.1159 261.9778;
	4.7269 3.3447 1.5241 1.9887 2.1106 174.0841 21.7605 27.3656 168.2261 241.8329 163.1701 437.9609;
	1.7228 3.5536 1.4479 9.2032 12.1223 221.6964 27.712 16.8924 170.6132 186.124 126.5911 337.0717;
	2.9532 4.6524 2.1461 10.2292 11.5817 290.2546 36.2818 26.959 171.9836 72.4121 94.5017 131.1388;
	3.5107 3.8229 1.6309 9.1872 11.0805 297.771 37.2214 34.5697 150.0857 58.2292 89.9202 105.4533;
	0.2802 0.0 0.5051 7.0269 7.4106 238.672 29.834 37.0691 135.9305 150.6811 104.6636 272.8844;
	0.4056 0.2556 0.233 7.8911 8.2223 191.6199 23.9525 23.7421 135.0067 169.0592 112.8276 306.1672;
	0.0 0.0 0.3733 7.4669 8.3718 163.5152 20.4394 13.2058 140.4857 117.795 80.9114 213.3274;
	0.1818 0.519 0.6427 5.2558 4.4206 223.0639 27.883 6.1538 156.8135 10.7066 5.7052 19.3897;
	0.2752 0.2881 0.2449 1.3921 1.2792 72.5692 9.0712 4.4 42.7875 3.8503 4.2569 6.9729;
	0.0 0.0 0.0 0.0 0.0 0.0 0.0 0.0 0.0 0.0 0.0 0.0;
	0.0 0.0 0.0 0.0 0.0 0.0 0.0 0.0 0.0 0.0 0.0 0.0;
	0.0 0.0 0.0 0.0 0.0 0.0 0.0 0.0 0.0 0.0 0.0 0.0;
	0.0 0.0 0.0 0.0 0.0 0.0 0.0 0.0 0.0 0.0 0.0 0.0;
	0.0 0.0 0.0 0.0 0.0 0.0 0.0 0.0 0.0 0.0 0.0 0.0;
	0.0 0.0 0.0 0.0 0.0 0.0 0.0 0.0 0.0 0.0 0.0 0.0;
	0.0 0.0 0.0 0.0 0.0 0.0 0.0 0.0 0.0 0.0 0.0 0.0;
];
