function windprofile = ex_wind_profilesh1
%EX_WIND_PROFILE_D  Example wind_load_nyiso profile data for deterministic unit commitment.
% 2022.03.12
% Andres F. Ramirez


%% define constants
[GEN_BUS, PG, QG, QMAX, QMIN, VG, MBASE, GEN_STATUS, PMAX, PMIN, ...
    MU_PMAX, MU_PMIN, MU_QMAX, MU_QMIN, PC1, PC2, QC1MIN, QC1MAX, ...
    QC2MIN, QC2MAX, RAMP_AGC, RAMP_10, RAMP_30, RAMP_Q, APF] = idx_gen;
[CT_LABEL, CT_PROB, CT_TABLE, CT_TBUS, CT_TGEN, CT_TBRCH, CT_TAREABUS, ...
    CT_TAREAGEN, CT_TAREABRCH, CT_ROW, CT_COL, CT_CHGTYPE, CT_REP, ...
    CT_REL, CT_ADD, CT_NEWVAL, CT_TLOAD, CT_TAREALOAD, CT_LOAD_ALL_PQ, ...
    CT_LOAD_FIX_PQ, CT_LOAD_DIS_PQ, CT_LOAD_ALL_P, CT_LOAD_FIX_P, ...
    CT_LOAD_DIS_P, CT_TGENCOST, CT_TAREAGENCOST, CT_MODCOST_F, ...
    CT_MODCOST_X] = idx_ct;

windprofile = struct( ...
    'type', 'mpcData', ...
    'table', CT_TGEN, ...
    'rows', [1:45], ...
    'col', PMAX, ...
    'chgtype', 1, ...
    'values', [] );
windprofile.values(:,1,:) = [
	3.8416 51.9089 93.3184 120.7114 14.6362 34.7369 30.9872 18.8364 10.2329 5.8826 10.8739 16.2217 24.4217 56.7529 201.7757 76.0178 94.3184 99.9494 90.3709 68.8163 10.3291 81.0528 21.1359 88.8554 105.4971 75.3448 14.0531 1277.1683 811.2273 811.2273 694.1923 109.0204 301.2363 177.1333 177.9281 346.1236 1168.4557 267.7948 447.9178 282.5815 122.7485 385.348 209.4024 279.2354 1180.6271;
	3.7768 51.0322 92.632 117.7107 14.5951 34.212 29.7959 18.2849 11.6767 2.459 4.5455 6.781 10.2087 64.3362 199.2053 75.0494 93.1169 98.6761 90.0159 70.0972 9.932 79.8281 26.3307 86.8904 101.5874 72.0442 14.0126 1263.513 787.1206 787.1206 714.3082 111.816 300.0529 180.4303 201.7027 335.8381 1233.4433 245.1773 447.1897 272.109 122.5638 379.5256 209.972 280.0407 1246.2916;
	3.731 50.4143 88.565 112.5748 14.6122 34.4669 29.9766 17.7458 22.6959 8.5504 15.8053 23.5784 35.4971 62.5775 187.5315 70.6514 87.6601 92.8935 90.4166 70.8356 9.9922 80.4227 23.8956 85.9236 101.0533 72.0986 13.4732 1239.3204 776.1653 776.1653 668.4993 112.6246 301.3885 182.3309 196.1889 331.1639 1218.3533 271.2277 446.5032 270.6785 120.2693 382.3526 211.7665 265.7544 1231.0445;
	3.6268 49.0058 92.2327 113.7233 14.8027 34.0687 29.6013 18.0708 27.3964 28.0304 51.8137 77.2959 116.3685 68.7214 199.9377 75.3254 93.4593 99.0389 89.7322 67.1295 9.8671 79.4936 24.2353 85.4264 100.6759 71.824 13.5741 1282.9823 796.1701 796.1701 720.1591 112.4531 299.1072 172.7916 215.4508 339.6993 1197.4645 293.9199 445.8615 269.6675 118.3917 377.9352 183.0148 262.9477 1209.9381;
	3.207 43.3335 92.4981 115.1674 14.8118 30.0539 29.9994 17.9542 27.9523 28.9945 53.5958 79.9544 120.371 66.5173 201.3712 75.8654 94.1293 99.749 86.4442 67.0795 9.9998 70.1258 71.0611 88.2361 100.8925 70.1307 13.433 1309.7076 810.4363 810.4363 743.7836 111.3162 288.1474 172.6629 208.5406 345.7861 1174.6974 327.0165 445.2029 270.2477 117.4892 333.3982 186.3572 265.2416 1186.9338;
	3.7939 51.2639 92.1611 114.6309 15.2308 32.3336 17.1571 17.933 26.3767 28.2184 52.1613 77.8144 117.1492 54.1753 202.2377 76.1919 94.5344 100.1782 54.0595 68.6102 5.719 75.4451 70.4538 87.9998 102.4147 72.181 13.6821 1259.5719 806.487 806.487 758.9495 111.9499 180.1985 176.6027 169.847 344.1011 1170.5187 320.1896 445.0377 274.3251 114.7251 358.6876 173.5051 269.7176 1182.7116;
	3.8948 52.6273 91.6967 114.4155 15.2649 33.8596 13.5338 17.6673 26.3587 28.5229 52.7241 78.654 118.4131 67.8458 199.694 75.2336 93.3453 98.9182 85.4274 70.8792 4.5113 79.0058 70.7489 87.013 102.5374 70.668 13.7241 1281.1534 820.4845 820.4845 756.6495 111.5775 284.7582 182.4431 212.7056 350.0734 1196.2316 325.6142 434.8697 274.6537 118.402 375.616 202.1493 273.6497 1208.6923;
	3.7792 51.0659 92.2007 114.8605 14.5006 32.1294 0.0118 17.4774 0.0283 26.222 48.471 72.3091 108.861 43.1366 196.6916 74.1024 91.9419 97.431 81.4645 69.7127 0.0039 74.9686 65.6924 83.9137 99.7538 70.5231 13.522 1253.7907 777.6908 777.6908 730.8186 111.7105 271.5484 179.4407 135.2391 331.8148 1169.3442 313.3517 164.8881 267.1977 117.2031 356.4222 208.0948 273.5325 1181.5248;
	3.6423 49.2155 90.0557 112.0568 14.4315 29.1493 0.0 17.3265 0.476 27.6561 51.1218 76.2637 114.8146 26.6794 195.1714 73.5297 91.2313 96.6779 85.7526 71.4277 0.0 68.015 63.7629 84.0746 97.9209 69.3672 13.1065 1187.5231 666.3406 666.3406 684.2136 109.4921 285.8418 183.8551 83.6436 284.3053 995.0212 284.123 9.8409 262.2881 117.4731 323.3626 183.0305 271.4014 1005.386;
	3.6849 49.7906 88.5633 114.429 14.9652 26.4353 0.0 16.0499 0.3455 24.5555 45.3904 67.7136 101.9425 18.1989 192.5484 72.5415 90.0052 95.3786 89.3485 71.07 0.0 61.6823 45.9628 85.0439 98.7312 70.1418 12.8816 1013.5947 591.2641 591.2641 595.7181 113.4608 297.8284 182.9343 57.0559 252.2727 775.6167 270.7291 0.0 264.4587 121.2613 293.2552 153.7267 264.802 783.696;
	3.5494 47.9598 89.9177 114.1403 15.1458 22.3503 0.0 17.3899 0.4055 28.2249 52.1734 77.8324 117.1763 1.1802 194.2246 73.173 90.7887 96.2089 82.127 71.004 0.0 52.1506 70.4174 86.364 100.7411 67.4076 13.1448 779.1959 636.9017 636.9017 525.8489 112.4757 273.7566 182.7646 3.7002 271.7447 691.2657 212.2351 0.0 269.8423 120.6966 247.9389 136.7054 268.9245 698.4663;
	3.309 44.7112 91.5296 115.0536 15.3551 17.6587 0.0 17.9483 1.5124 27.4285 50.7011 75.6361 113.8698 0.301 199.0262 74.982 93.0332 98.5874 42.1166 72.058 0.0 41.2036 70.8451 86.4901 103.3056 71.2743 13.3036 591.1216 700.2992 700.2992 499.5736 105.7369 140.3887 185.4775 0.9436 298.7943 733.4901 208.768 2.6714 276.7114 122.8001 195.8937 132.1896 275.3763 741.1306;
	3.7441 50.5908 92.9366 112.3881 15.2762 20.5461 0.8274 18.0952 25.8884 26.0813 48.2108 71.9211 108.2768 42.918 197.0181 74.2254 92.0945 97.5927 60.9077 72.449 0.2758 47.941 72.8045 87.6325 104.4827 71.7249 13.4422 617.6039 705.479 705.479 519.1947 103.9347 203.0256 186.484 134.5538 301.0044 564.3495 230.361 14.0617 279.8645 122.1589 227.9252 136.02 278.3631 570.2281;
	3.4676 46.8552 90.02 111.4206 14.9931 19.1146 0.0444 17.7291 16.9858 23.2208 42.9233 64.0331 96.4015 31.343 198.0886 74.6287 92.5949 98.123 59.9335 72.2571 0.0148 44.6008 68.7341 85.9898 98.4322 72.2407 13.1384 541.49 672.6625 672.6625 461.6874 89.8479 199.7783 185.99 98.2647 287.0026 633.4546 243.6118 0.0 263.6577 119.0653 212.0449 147.729 265.5085 640.0531;
	3.5803 48.3774 89.151 112.0785 15.0711 17.8553 0.0 17.9529 0.0 24.562 45.4024 67.7315 101.9694 26.7398 187.8518 70.7721 87.8098 93.0522 73.4631 69.9252 0.0 41.6624 66.4264 85.7385 97.1107 73.6881 13.3998 400.3747 657.1035 657.1035 429.7128 81.8138 244.8771 179.9877 83.8328 280.3641 568.9534 242.2485 0.0 260.118 116.8178 198.0751 155.9922 246.5004 574.88;
	3.2932 44.4984 88.2219 115.0973 15.328 10.0786 0.2084 17.8252 0.1428 26.4455 48.8841 72.9255 109.7889 19.37 176.2695 66.4085 82.3958 87.3149 61.3828 68.1863 0.0695 23.5168 66.0731 86.9404 99.787 73.4094 13.6105 467.8221 576.8621 576.8621 419.5307 91.3191 204.6092 175.5117 60.7277 246.1278 503.377 242.7408 0.0 267.2866 119.8436 111.8058 158.3752 244.6352 508.6205;
	3.347 45.2249 90.1902 117.6703 15.2529 18.8131 8.7101 18.6804 13.7702 28.1863 52.1019 77.7258 117.0157 29.1469 184.3073 69.4367 86.1529 91.2964 61.6796 68.799 2.9034 43.8973 68.2799 87.1553 104.0827 73.3664 13.8027 1080.758 499.7398 499.7398 319.076 89.6704 205.5986 177.0889 91.3795 213.2223 859.6493 251.3137 103.4823 278.793 118.4584 208.7001 139.5446 241.0719 868.604;
	3.196 43.1855 90.4867 115.8931 14.7593 22.4332 16.385 18.4548 20.8469 29.6591 54.8245 81.7873 123.1304 50.7891 192.1648 72.397 89.8259 95.1886 76.0736 69.4906 5.4617 52.3441 69.5479 85.9131 100.1816 71.777 13.8555 1256.201 576.8782 576.8782 224.7545 69.2281 253.5785 178.8689 159.2307 246.1347 1004.3286 219.7735 146.7075 268.3437 118.527 248.8587 171.856 261.243 1014.7904;
