function windprofile = ex_wind_profilesh1
%EX_WIND_PROFILE_D  Example wind_load_nyiso profile data for deterministic unit commitment.
% 2022.03.12
% Andres F. Ramirez


%% define constants
[GEN_BUS, PG, QG, QMAX, QMIN, VG, MBASE, GEN_STATUS, PMAX, PMIN, ...
    MU_PMAX, MU_PMIN, MU_QMAX, MU_QMIN, PC1, PC2, QC1MIN, QC1MAX, ...
    QC2MIN, QC2MAX, RAMP_AGC, RAMP_10, RAMP_30, RAMP_Q, APF] = idx_gen;
[CT_LABEL, CT_PROB, CT_TABLE, CT_TBUS, CT_TGEN, CT_TBRCH, CT_TAREABUS, ...
    CT_TAREAGEN, CT_TAREABRCH, CT_ROW, CT_COL, CT_CHGTYPE, CT_REP, ...
    CT_REL, CT_ADD, CT_NEWVAL, CT_TLOAD, CT_TAREALOAD, CT_LOAD_ALL_PQ, ...
    CT_LOAD_FIX_PQ, CT_LOAD_DIS_PQ, CT_LOAD_ALL_P, CT_LOAD_FIX_P, ...
    CT_LOAD_DIS_P, CT_TGENCOST, CT_TAREAGENCOST, CT_MODCOST_F, ...
    CT_MODCOST_X] = idx_ct;

windprofile = struct( ...
    'type', 'mpcData', ...
    'table', CT_TGEN, ...
    'rows', [1:45], ...
    'col', PMAX, ...
    'chgtype', 1, ...
    'values', [] );
windprofile.values(:,1,:) = [
	3.9924 53.9463 90.3298 112.12 15.3446 34.8378 31.8349 17.6207 9.1321 15.5961 28.8292 43.0075 64.7476 52.9358 197.7911 74.5166 92.4558 97.9756 84.3382 70.762 10.6116 81.2882 13.2919 84.9481 101.2347 72.7903 13.5773 1290.6747 766.748 766.748 668.2476 108.9903 281.1273 182.1415 165.9608 327.1458 1118.3328 234.8051 441.7733 271.1645 119.5617 386.4675 218.428 276.3721 1129.9821;
	3.8442 51.9438 92.4906 110.8053 14.8491 34.182 32.353 17.6037 10.9577 12.3897 22.9021 34.1654 51.4359 60.7437 193.471 72.8891 90.4364 95.8356 85.2551 71.2065 10.7843 79.758 6.1371 83.9176 100.1567 71.684 13.0856 1294.8797 729.6537 729.6537 624.9407 107.3859 284.1838 183.2856 190.4397 311.3189 1179.5858 215.7156 444.1337 268.277 122.0511 379.1922 212.4383 276.1294 1191.8732;
	3.7841 51.1316 91.1654 107.3498 14.9758 33.8515 33.504 17.5619 22.1685 13.4169 24.8009 36.9981 55.7004 58.7232 185.5935 69.9213 86.7542 91.9335 86.3635 70.4858 11.168 78.9867 1.2012 86.3343 100.468 72.1604 12.9465 1295.1727 759.343 759.343 614.3679 108.9228 287.8784 181.4306 184.1052 323.9863 1172.0649 251.5856 463.2922 269.1107 122.387 375.5255 212.2191 264.8027 1184.2739;
	3.7898 51.2081 90.2041 109.765 14.9187 33.3229 32.1364 17.1491 27.3789 28.4641 52.6154 78.4918 118.169 65.2831 205.809 77.5373 96.2037 101.9472 91.1007 71.2577 10.7121 77.7535 2.4047 82.8893 98.0767 71.7061 12.4533 1276.7394 760.0035 760.0035 646.075 111.4132 303.6689 183.4176 204.6715 324.2681 1132.0096 282.2989 470.5346 262.7054 121.379 369.6625 186.2875 259.4444 1143.8013;
	3.1255 42.2321 92.9716 112.1845 15.2292 29.6448 31.2719 17.4801 26.3942 24.8095 45.86 68.414 102.997 62.6648 204.9829 77.2261 95.8176 101.538 87.0971 69.1406 10.424 69.1711 58.1189 87.9335 102.6982 70.6292 12.9058 1281.7596 772.571 772.571 629.303 110.0448 290.3238 177.9682 196.4626 329.6303 1069.7588 284.8484 447.2316 275.0844 121.4542 328.8592 177.7553 267.0208 1080.9021;
	3.765 50.8731 94.4686 115.3197 15.3846 33.1058 18.7845 17.7732 25.523 22.1756 40.9913 61.151 92.0625 52.8459 204.2228 76.9397 95.4623 101.1615 60.021 68.4167 6.2615 77.247 49.02 88.5662 104.483 72.7113 13.4293 1212.9541 779.0415 779.0415 684.5256 105.7552 200.0699 176.1048 165.6791 332.391 1134.3218 288.7852 453.2363 279.8652 120.291 367.2542 163.2712 267.3729 1146.1377;
	3.8401 51.888 94.6537 118.967 15.2751 33.911 13.3635 18.1863 25.1222 26.664 49.2881 73.5281 110.6962 64.7691 200.0104 75.3528 93.4932 99.0749 87.0173 70.5216 4.4545 79.1257 64.9937 89.983 105.9818 74.5636 13.6134 1240.2231 775.1776 775.1776 691.3815 104.783 290.0578 181.5227 203.0598 330.7424 1123.5708 289.7707 419.9292 283.8799 121.0068 376.1863 183.3144 276.6544 1135.2747;
	3.8494 52.0141 95.3092 120.3651 15.2713 34.8385 0.0119 18.7008 0.0 26.1656 48.3667 72.1535 108.6268 45.5157 202.1477 76.158 94.4923 100.1336 90.1228 71.3215 0.004 81.2898 58.4631 90.0481 106.4073 75.2248 13.9674 1255.8172 762.9118 762.9118 700.9525 110.6772 300.4094 183.5818 142.698 325.509 1138.3608 294.9851 149.3937 285.0195 120.7983 386.4749 208.9088 283.3234 1150.2187;
	3.7685 50.9204 94.5223 119.9477 14.6826 32.3655 0.0 18.9938 0.0 27.7524 51.2998 76.5292 115.2144 26.6188 198.9689 74.9604 93.0064 98.559 90.5278 71.7439 0.0 75.5195 64.982 90.0242 105.1956 76.1581 14.1443 1180.8157 677.1431 677.1431 697.1104 107.1682 301.7594 184.6691 83.4535 288.9144 990.3266 273.9218 0.0 281.7738 122.8024 359.0413 189.8739 280.735 1000.6425;
	3.698 49.9678 91.5023 116.386 14.8206 29.9865 0.0 18.5356 0.0 22.8989 42.3283 63.1455 95.0653 23.3355 194.3278 73.2119 90.8369 96.26 91.8336 71.4347 0.0 69.9685 25.1453 88.9919 102.7969 75.2529 13.6936 958.2205 601.4364 601.4364 549.5577 112.6352 306.1119 183.8732 73.1599 256.6129 789.7332 263.8044 0.0 275.3488 121.8435 332.6501 154.1896 279.2065 797.9596;
	3.5823 48.4049 89.7385 111.7323 14.736 25.0209 0.0 17.4579 0.2103 28.2894 52.2926 78.0103 117.4441 0.788 199.3515 75.1045 93.1852 98.7485 83.6658 71.9048 0.0 58.382 69.1009 87.8457 100.7413 70.3617 13.2086 764.6321 642.354 642.354 502.3175 113.449 278.8859 185.0831 2.4703 274.071 729.0866 210.7899 0.0 269.8427 120.2861 277.5646 139.5818 258.2502 736.6812;
	3.3928 45.8436 92.2593 114.6955 14.7538 19.3868 0.0 18.0281 0.0075 27.5508 50.9272 75.9733 114.3774 1.6454 201.0214 75.7336 93.9658 99.5757 39.9945 72.8393 0.0 45.2359 69.4665 87.1705 102.4196 72.322 13.7257 578.0277 675.8602 675.8602 515.132 118.2939 133.315 187.4885 5.1586 288.367 782.9043 217.01 0.0 274.3382 122.4362 215.0642 140.2256 269.0767 791.0596;
	3.7201 50.2669 89.6488 109.9299 14.7276 21.267 0.0 17.579 25.2313 23.7764 43.9504 65.5653 98.7082 49.5348 200.4828 75.5307 93.714 99.3089 59.5815 72.0186 0.0 49.6229 68.6006 84.2564 100.7657 69.8947 13.6715 615.9041 703.5813 703.5813 545.5674 114.3101 198.6052 185.3761 155.2982 300.1947 625.3972 241.3977 0.0 269.9082 120.2961 235.9216 149.2663 265.5777 631.9118;
	3.5834 48.4196 87.8553 109.0592 15.0037 20.5604 0.2963 17.3256 18.9143 23.6024 43.6287 65.0854 97.9857 37.1475 200.7567 75.6339 93.8421 99.4446 57.6445 71.4959 0.0988 47.9743 69.2512 82.3624 96.763 69.5321 13.2272 549.5041 677.8437 677.8437 516.1678 101.9879 192.1482 184.0305 116.4623 289.2133 670.8384 263.0716 0.4644 259.1867 118.0433 228.0834 158.2456 267.044 677.8263;
	3.5786 48.3551 87.7573 107.9763 15.1583 19.4408 0.031 17.4161 0.5889 23.3473 43.1572 64.382 96.9268 31.5704 190.3999 71.7321 89.0009 94.3144 67.3766 69.6497 0.0103 45.3618 66.3832 84.6394 97.9646 71.3657 13.2293 408.3054 626.7541 626.7541 475.3746 88.6554 224.5887 179.2784 98.9774 267.4151 559.0421 249.1896 0.0 262.4052 117.2038 215.6631 161.3442 245.9896 564.8654;
	3.1395 42.4221 86.3875 110.9613 15.0238 10.266 1.336 17.2679 0.0453 23.1272 42.7504 63.7751 96.0131 22.6403 158.5688 59.7399 74.1217 78.5469 57.9954 68.1681 0.4453 23.9541 65.0871 84.4468 97.6256 70.8259 13.2219 442.358 523.2654 523.2654 438.8894 91.1687 193.3181 175.465 70.9805 223.2599 477.8068 229.1677 0.0 261.4971 120.3557 113.8845 155.0802 230.5904 482.7839;
	3.426 46.2923 91.2199 114.6423 14.9485 18.7934 0.001 18.5827 1.4477 26.1095 48.263 71.9989 108.394 32.7326 172.0379 64.8143 80.4177 85.2188 58.3734 69.3101 0.0003 43.8514 69.0812 85.8413 103.1635 72.1758 13.5873 1015.6241 462.5326 462.5326 321.3134 94.6402 194.578 178.4045 102.621 197.3473 839.4684 229.6757 80.77 276.3308 120.3578 208.4819 125.4392 239.8844 848.2129;
	3.2569 44.0081 93.2875 117.4763 14.4543 21.8615 1.8576 18.5033 0.0 26.3373 48.684 72.627 109.3395 53.7146 185.074 69.7256 86.5113 91.6762 70.9272 69.0238 0.6192 51.0102 69.1033 85.2536 100.1977 72.8904 13.7162 1191.8032 552.3823 552.3823 219.7339 67.5556 236.4241 177.6675 168.4027 235.6831 967.5186 210.044 119.9041 268.3867 122.204 242.5169 172.3317 261.6363 977.5969;
