function loadprofile = ex_load_profilesh1
%EX_LOAD_PROFILE  Example load profile data file for stochastic unit commitment.
% 2022.03.12
% Andres F. Ramirez

%% define constants
[CT_LABEL, CT_PROB, CT_TABLE, CT_TBUS, CT_TGEN, CT_TBRCH, CT_TAREABUS, ...
    CT_TAREAGEN, CT_TAREABRCH, CT_ROW, CT_COL, CT_CHGTYPE, CT_REP, ...
    CT_REL, CT_ADD, CT_NEWVAL, CT_TLOAD, CT_TAREALOAD, CT_LOAD_ALL_PQ, ...
    CT_LOAD_FIX_PQ, CT_LOAD_DIS_PQ, CT_LOAD_ALL_P, CT_LOAD_FIX_P, ...
    CT_LOAD_DIS_P, CT_TGENCOST, CT_TAREAGENCOST, CT_MODCOST_F, ...
    CT_MODCOST_X] = idx_ct;

loadprofile = struct( ...
    'type', 'mpcData', ...
    'table', CT_TAREALOAD, ...
    'rows', [1:11], ...
    'col', CT_LOAD_ALL_P, ...
    'chgtype', 1, ...
    'values', [] );
loadprofile.values(:,1,:) = [
	1498.8179 915.7967 1531.9 533.9576 753.237 1049.7092 826.5 221.1 496.1114 4444.6409 1637.29;
	1465.0 903.1225 1533.1 525.6627 730.4322 1055.8453 807.4819 228.5868 487.567 4379.3103 1628.3;
	1473.1 908.3609 1568.8485 513.7099 755.0 1080.7464 807.4961 226.4038 472.8544 4366.1971 1641.7;
	1542.9713 962.4 1636.7566 530.9 803.4854 1137.5 848.087 237.8125 517.5519 4588.063 1744.3116;
	1690.6144 1084.9 1847.2548 566.6503 928.5088 1283.7662 966.0484 290.261 601.5258 5106.9577 1974.284;
	1792.7 1147.5664 1952.5961 585.3449 994.3894 1336.3158 1017.6937 311.5077 671.9075 5622.2452 2134.7707;
	1790.2352 1147.9748 1930.6246 555.2663 962.3196 1299.9881 1044.1916 335.4455 699.7 5913.1492 2214.8;
	1838.3285 1164.0484 1956.7368 557.4755 1001.4258 1323.0 1031.1 332.6 693.8241 6016.2479 2235.8143;
	1859.2352 1163.5766 1959.8372 562.0831 1004.618 1312.5627 1034.0333 323.4174 691.2 5994.6782 2168.1764;
	1867.6535 1152.8 1913.4345 552.5599 986.221 1299.1229 1032.3006 318.4553 704.9939 6006.2379 2206.0701;
	1849.5011 1160.849 1886.5916 561.2077 954.6189 1247.8651 1047.3487 317.5 715.471 6107.6266 2279.4;
	1872.6416 1149.1 1882.3 568.8486 928.3576 1215.5279 995.605 323.0 696.4933 6025.7 2279.0388;
	1830.7755 1148.9798 1865.2716 581.6136 934.2439 1209.394 1005.2272 309.7219 694.8324 5947.9998 2241.3833;
	1796.049 1136.3381 1875.8402 556.4 922.7855 1225.8841 1021.0274 293.406 706.6 6004.2642 2227.055;
	1774.0273 1130.8159 1891.9616 551.7553 912.7 1270.1701 1013.9839 290.4749 718.8012 6026.2861 2275.8903;
	1773.1 1118.8 1931.4431 548.3 923.6477 1340.2127 1036.4 286.3778 726.3351 5952.5258 2282.7859;
	1786.5803 1089.5272 1883.0164 547.951 941.9875 1339.8425 1058.8885 294.0924 709.6969 5855.085 2284.4133;
	1830.0892 1136.8409 1926.4449 569.5 978.2732 1375.0379 1152.3727 311.3301 762.2941 5877.4211 2466.7711;
	1866.2 1130.118 1925.7672 571.8069 974.4483 1380.3273 1165.3691 318.9 751.1284 5800.9267 2413.5784;
	1826.6079 1087.6 1827.0195 567.2582 905.3138 1289.2472 1100.6834 290.9831 692.9072 5524.2223 2325.1835;
	1734.3679 992.7229 1696.8686 552.611 838.4124 1214.4948 1022.1913 264.6036 646.198 5275.4926 2195.9628;
	1668.7806 947.6072 1624.8847 550.9951 817.3253 1144.1985 950.5099 245.2196 612.5406 4984.2013 2033.1409;
	1596.055 920.08 1568.3256 574.7369 803.0 1165.2909 955.46 250.1419 542.0937 4993.154 1961.249;
	1543.8544 851.2626 1529.8058 552.0306 768.195 1136.7727 882.5675 248.7416 510.3 4629.9236 1778.1767;
];
