function loadprofile = ex_load_profilesh1
%EX_LOAD_PROFILE  Example load profile data file for stochastic unit commitment.
% 2022.03.12
% Andres F. Ramirez

%% define constants
[CT_LABEL, CT_PROB, CT_TABLE, CT_TBUS, CT_TGEN, CT_TBRCH, CT_TAREABUS, ...
    CT_TAREAGEN, CT_TAREABRCH, CT_ROW, CT_COL, CT_CHGTYPE, CT_REP, ...
    CT_REL, CT_ADD, CT_NEWVAL, CT_TLOAD, CT_TAREALOAD, CT_LOAD_ALL_PQ, ...
    CT_LOAD_FIX_PQ, CT_LOAD_DIS_PQ, CT_LOAD_ALL_P, CT_LOAD_FIX_P, ...
    CT_LOAD_DIS_P, CT_TGENCOST, CT_TAREAGENCOST, CT_MODCOST_F, ...
    CT_MODCOST_X] = idx_ct;

loadprofile = struct( ...
    'type', 'mpcData', ...
    'table', CT_TAREALOAD, ...
    'rows', [1:11], ...
    'col', CT_LOAD_ALL_P, ...
    'chgtype', 1, ...
    'values', [] );
loadprofile.values(:,1,:) = [
	1514.7006 866.1667 1488.7168 463.2578 710.4347 1035.5587 826.2718 238.6609 518.905 4394.9343 1669.5;
	1491.7993 840.7983 1450.5186 486.7898 720.7196 1030.7344 812.5685 236.5917 502.3917 4270.7303 1633.0325;
	1494.9384 871.0119 1499.6536 495.2145 748.1564 1071.0439 830.8842 248.6364 513.7 4364.6454 1686.6359;
	1527.9569 927.6939 1592.086 496.8129 812.0 1142.4522 876.8504 254.1401 541.677 4532.15 1802.6782;
	1654.3107 1050.8584 1786.2356 530.5487 907.7476 1299.0229 969.9005 280.1791 621.9007 5106.917 1997.1459;
	1740.2858 1107.1406 1919.7014 560.5 985.2678 1393.7929 1058.4971 313.1925 693.2 5670.5545 2159.722;
	1811.7637 1132.7073 1894.7317 557.2151 957.1589 1361.0334 1073.4284 316.488 736.8555 5954.6537 2244.4065;
	1817.8048 1151.0041 1936.5692 536.3858 992.6411 1364.8252 1099.8 338.1 731.9609 6153.5253 2244.8054;
	1868.5872 1154.7718 1913.0 502.0776 964.1 1294.1767 1122.5229 341.6 724.9121 6263.8497 2270.0012;
	1860.62 1132.6688 1892.6552 469.9851 950.7779 1278.9109 1098.3754 333.9795 717.1 6244.976 2237.7075;
	1824.9832 1123.9794 1886.5518 463.0693 928.9199 1282.0522 1119.1016 325.7195 730.9317 6285.583 2321.8286;
	1827.5173 1112.2437 1863.8 451.6958 907.6 1170.3503 1088.1 312.1 703.3169 6271.0346 2277.612;
	1789.3117 1094.3927 1824.1 479.8051 854.1371 1124.8461 1053.4173 316.8885 703.8416 6124.0377 2251.2793;
	1763.2214 1112.9221 1839.7 471.091 875.2237 1120.4942 1042.2908 304.2646 716.1904 6133.8706 2367.029;
	1766.7353 1133.0023 1887.1 471.4468 891.7698 1199.3986 1038.463 305.3381 727.0522 6154.3426 2386.038;
	1759.4011 1096.8926 1864.3338 515.0771 901.5389 1242.5483 1077.5178 322.8 707.4608 6042.3159 2360.4323;
	1745.1047 1118.7398 1892.8949 513.6333 935.7 1249.1477 1102.5873 318.1613 701.3676 5882.1738 2519.2343;
	1789.0713 1129.9784 1920.62 542.754 983.0561 1306.7908 1100.5994 295.5078 710.4 5700.1187 2463.3396;
	1830.9967 1144.8897 1912.648 555.2135 938.3206 1289.7367 1106.1947 288.1428 706.3154 5681.6775 2450.1;
	1785.9682 1078.6 1829.1816 538.9653 925.2216 1243.9421 1056.1043 290.0284 665.4219 5226.3666 2291.6363;
	1700.755 1035.6771 1746.5149 516.3659 896.7072 1170.0488 981.4135 283.0723 614.5783 5210.646 2202.3333;
	1600.9377 966.3714 1610.4451 499.4901 828.8232 1107.0344 911.9 261.6 563.4 4861.4129 2069.7;
	1576.5399 931.6734 1642.5903 516.5934 744.0987 1107.6936 880.015 267.7 535.1791 4770.9289 1837.1837;
	1487.185 870.121 1596.578 531.3 684.4427 1030.6873 828.5304 241.4 506.6 4395.4045 1707.5939;
];
