function solarprofile = ex_solar_profilesh1
%EX_WIND_PROFILE_D  Example wind_load_nyiso profile data for deterministic unit commitment.
% 2022.03.12
% Andres F. Ramirez


%% define constants
[GEN_BUS, PG, QG, QMAX, QMIN, VG, MBASE, GEN_STATUS, PMAX, PMIN, ...
    MU_PMAX, MU_PMIN, MU_QMAX, MU_QMIN, PC1, PC2, QC1MIN, QC1MAX, ...
    QC2MIN, QC2MAX, RAMP_AGC, RAMP_10, RAMP_30, RAMP_Q, APF] = idx_gen;
[CT_LABEL, CT_PROB, CT_TABLE, CT_TBUS, CT_TGEN, CT_TBRCH, CT_TAREABUS, ...
    CT_TAREAGEN, CT_TAREABRCH, CT_ROW, CT_COL, CT_CHGTYPE, CT_REP, ...
    CT_REL, CT_ADD, CT_NEWVAL, CT_TLOAD, CT_TAREALOAD, CT_LOAD_ALL_PQ, ...
    CT_LOAD_FIX_PQ, CT_LOAD_DIS_PQ, CT_LOAD_ALL_P, CT_LOAD_FIX_P, ...
    CT_LOAD_DIS_P, CT_TGENCOST, CT_TAREAGENCOST, CT_MODCOST_F, ...
    CT_MODCOST_X] = idx_ct;

solarprofile = struct( ...
    'type', 'mpcData', ...
    'table', CT_TGEN, ...
    'rows', [1:12], ...
    'col', PMAX, ...
    'chgtype', 1, ...
    'values', [] );
solarprofile.values(:,1,:) = [
	0.0 0.0 0.0 0.0 0.0 0.0 0.0 0.0 0.0 0.0 0.0 0.0;
	0.0 0.0 0.0 0.0 0.0 0.0 0.0 0.0 0.0 0.0 0.0 0.0;
	0.0 0.0 0.0 0.0 0.0 0.0 0.0 0.0 0.0 0.0 0.0 0.0;
	0.0 0.0 0.0 0.0 0.0 0.0 0.0 0.0 0.0 0.0 0.0 0.0;
	0.0 0.0 0.0 0.0 0.0 0.0 0.0 0.0 0.0 0.0 0.0 0.0;
	0.42 0.3573 0.3233 0.0 0.0 0.1765 0.0221 0.1431 0.0956 0.0 0.0 0.0;
	11.7886 12.0355 7.373 1.7004 0.877 38.9443 4.868 4.9092 64.1991 91.9099 20.6929 166.4493;
	7.8065 7.0273 5.4613 4.5563 0.8826 43.3866 5.4233 10.847 132.9351 188.1888 97.0378 340.8111;
	7.3134 8.3774 6.1849 7.1028 1.4856 68.7489 8.5936 25.0009 184.3827 236.3519 150.905 428.0346;
	14.7704 11.2013 10.5858 10.9117 12.0762 151.2491 18.9061 41.0537 220.461 279.8057 181.7139 506.7299;
	24.0268 16.3497 14.0222 11.1113 11.4759 248.8986 31.1123 40.7838 236.5574 310.6078 167.656 562.5127;
	25.1095 17.2073 14.3248 10.7854 10.316 244.8157 30.602 29.6467 211.8065 333.7884 166.3341 604.4928;
	22.5027 10.9177 13.5666 8.5742 4.623 108.3809 13.5476 15.8394 178.2855 302.131 163.2679 547.161;
	11.0416 6.0123 8.1475 6.8232 4.4113 55.6518 6.9565 13.4091 150.6425 282.6458 224.9533 511.8732;
	5.6747 1.9396 3.8434 5.031 4.5177 47.5661 5.9458 15.4498 136.7348 236.8789 232.7658 428.9891;
	1.472 0.8412 0.8471 1.9992 2.262 123.9752 15.4969 19.089 151.2861 31.9385 20.2345 57.8407;
	0.304 0.2705 0.2551 1.0491 1.1018 57.3852 7.1732 4.0016 42.1184 8.2262 3.891 14.8976;
	0.0 0.0 0.0 0.0 0.0 0.0 0.0 0.0 0.0 0.0 0.0 0.0;
	0.0 0.0 0.0 0.0 0.0 0.0 0.0 0.0 0.0 0.0 0.0 0.0;
	0.0 0.0 0.0 0.0 0.0 0.0 0.0 0.0 0.0 0.0 0.0 0.0;
	0.0 0.0 0.0 0.0 0.0 0.0 0.0 0.0 0.0 0.0 0.0 0.0;
	0.0 0.0 0.0 0.0 0.0 0.0 0.0 0.0 0.0 0.0 0.0 0.0;
	0.0 0.0 0.0 0.0 0.0 0.0 0.0 0.0 0.0 0.0 0.0 0.0;
	0.0 0.0 0.0 0.0 0.0 0.0 0.0 0.0 0.0 0.0 0.0 0.0;
];
