function solarprofile = ex_solar_profilesh1
%EX_WIND_PROFILE_D  Example wind_load_nyiso profile data for deterministic unit commitment.
% 2022.03.12
% Andres F. Ramirez


%% define constants
[GEN_BUS, PG, QG, QMAX, QMIN, VG, MBASE, GEN_STATUS, PMAX, PMIN, ...
    MU_PMAX, MU_PMIN, MU_QMAX, MU_QMIN, PC1, PC2, QC1MIN, QC1MAX, ...
    QC2MIN, QC2MAX, RAMP_AGC, RAMP_10, RAMP_30, RAMP_Q, APF] = idx_gen;
[CT_LABEL, CT_PROB, CT_TABLE, CT_TBUS, CT_TGEN, CT_TBRCH, CT_TAREABUS, ...
    CT_TAREAGEN, CT_TAREABRCH, CT_ROW, CT_COL, CT_CHGTYPE, CT_REP, ...
    CT_REL, CT_ADD, CT_NEWVAL, CT_TLOAD, CT_TAREALOAD, CT_LOAD_ALL_PQ, ...
    CT_LOAD_FIX_PQ, CT_LOAD_DIS_PQ, CT_LOAD_ALL_P, CT_LOAD_FIX_P, ...
    CT_LOAD_DIS_P, CT_TGENCOST, CT_TAREAGENCOST, CT_MODCOST_F, ...
    CT_MODCOST_X] = idx_ct;

solarprofile = struct( ...
    'type', 'mpcData', ...
    'table', CT_TGEN, ...
    'rows', [1:12], ...
    'col', PMAX, ...
    'chgtype', 1, ...
    'values', [] );
solarprofile.values(:,1,:) = [
	0.0 0.0 0.0 0.0 0.0 0.0 0.0 0.0 0.0 0.0 0.0 0.0;
	0.0 0.0 0.0 0.0 0.0 0.0 0.0 0.0 0.0 0.0 0.0 0.0;
	0.0 0.0 0.0 0.0 0.0 0.0 0.0 0.0 0.0 0.0 0.0 0.0;
	0.0 0.0 0.0 0.0 0.0 0.0 0.0 0.0 0.0 0.0 0.0 0.0;
	0.0 0.0 0.0 0.0 0.0 0.0 0.0 0.0 0.0 0.0 0.0 0.0;
	0.4372 0.3668 0.3103 0.0 0.0 0.1765 0.0221 0.1431 0.0956 0.0 0.0 0.0;
	2.3497 1.2992 0.6166 0.7453 1.4878 85.0504 10.6313 14.396 18.883 57.9675 40.4978 104.9795;
	4.6732 3.5405 1.2348 0.7898 2.2489 144.006 18.0007 17.3289 37.2981 273.9025 238.5134 496.0391;
	9.7286 6.6757 3.0708 1.6833 2.9398 169.2084 21.151 22.8839 41.7237 340.7659 269.1879 617.1292;
	17.4291 11.3667 10.5711 9.1982 12.2343 223.2438 27.9055 28.1454 43.4956 295.7793 228.6956 535.6582;
	18.0403 12.5291 11.4151 10.4856 11.6585 231.3612 28.9201 31.2229 63.7209 294.3342 240.6274 533.0411;
	16.5749 11.579 9.6108 9.4379 10.9595 238.2908 29.7864 29.9466 88.4726 288.7665 222.4286 522.9579;
	9.2485 5.1803 3.7973 6.0807 6.0736 339.968 42.496 36.9318 190.8914 130.6155 139.3372 236.5454;
	7.9412 4.861 2.5962 5.6882 6.3492 354.0273 44.2534 33.614 198.5604 72.9027 115.8322 132.0272;
	5.2234 2.5861 2.7797 4.6401 6.7547 338.2253 42.2782 27.4141 189.7239 43.322 91.9195 78.4564;
	1.7946 0.8965 1.5712 3.656 5.4187 301.55 37.6937 15.5889 184.9548 20.0029 18.3338 36.2253;
	0.2838 0.233 0.2627 1.1823 2.2484 63.0339 7.8792 3.823 54.3554 113.0168 17.898 204.6742;
	0.0 0.0 0.0 0.0 0.0 0.0 0.0 0.0 0.0 0.0 0.0 0.0;
	0.0 0.0 0.0 0.0 0.0 0.0 0.0 0.0 0.0 0.0 0.0 0.0;
	0.0 0.0 0.0 0.0 0.0 0.0 0.0 0.0 0.0 0.0 0.0 0.0;
	0.0 0.0 0.0 0.0 0.0 0.0 0.0 0.0 0.0 0.0 0.0 0.0;
	0.0 0.0 0.0 0.0 0.0 0.0 0.0 0.0 0.0 0.0 0.0 0.0;
	0.0 0.0 0.0 0.0 0.0 0.0 0.0 0.0 0.0 0.0 0.0 0.0;
	0.0 0.0 0.0 0.0 0.0 0.0 0.0 0.0 0.0 0.0 0.0 0.0;
];
