function solarprofile = ex_solar_profilesh1
%EX_WIND_PROFILE_D  Example wind_load_nyiso profile data for deterministic unit commitment.
% 2022.03.12
% Andres F. Ramirez


%% define constants
[GEN_BUS, PG, QG, QMAX, QMIN, VG, MBASE, GEN_STATUS, PMAX, PMIN, ...
    MU_PMAX, MU_PMIN, MU_QMAX, MU_QMIN, PC1, PC2, QC1MIN, QC1MAX, ...
    QC2MIN, QC2MAX, RAMP_AGC, RAMP_10, RAMP_30, RAMP_Q, APF] = idx_gen;
[CT_LABEL, CT_PROB, CT_TABLE, CT_TBUS, CT_TGEN, CT_TBRCH, CT_TAREABUS, ...
    CT_TAREAGEN, CT_TAREABRCH, CT_ROW, CT_COL, CT_CHGTYPE, CT_REP, ...
    CT_REL, CT_ADD, CT_NEWVAL, CT_TLOAD, CT_TAREALOAD, CT_LOAD_ALL_PQ, ...
    CT_LOAD_FIX_PQ, CT_LOAD_DIS_PQ, CT_LOAD_ALL_P, CT_LOAD_FIX_P, ...
    CT_LOAD_DIS_P, CT_TGENCOST, CT_TAREAGENCOST, CT_MODCOST_F, ...
    CT_MODCOST_X] = idx_ct;

solarprofile = struct( ...
    'type', 'mpcData', ...
    'table', CT_TGEN, ...
    'rows', [1:12], ...
    'col', PMAX, ...
    'chgtype', 1, ...
    'values', [] );
solarprofile.values(:,1,:) = [
	0.0 0.0 0.0 0.0 0.0 0.0 0.0 0.0 0.0 0.0 0.0 0.0;
	0.0 0.0 0.0 0.0 0.0 0.0 0.0 0.0 0.0 0.0 0.0 0.0;
	0.0 0.0 0.0 0.0 0.0 0.0 0.0 0.0 0.0 0.0 0.0 0.0;
	0.0 0.0 0.0 0.0 0.0 0.0 0.0 0.0 0.0 0.0 0.0 0.0;
	0.0 0.0 0.0 0.0 0.0 0.0 0.0 0.0 0.0 0.0 0.0 0.0;
	0.4133 0.3481 0.3036 0.0 0.0 0.1765 0.0221 0.1431 0.0956 0.0 0.0 0.0;
	3.2115 2.6113 1.6314 0.5188 0.0 7.1751 0.8969 2.8616 17.6956 49.7377 9.8345 90.0753;
	11.6404 7.8129 7.4829 1.5466 0.7061 22.8556 2.857 9.3433 30.6098 134.8897 28.4007 244.2861;
	20.7307 13.8405 12.6997 3.2683 1.6854 34.9589 4.3699 19.4829 32.9764 227.6963 104.3515 412.3594;
	22.3669 15.4117 13.787 10.1978 12.1202 34.297 4.2871 25.4071 29.0433 344.6889 219.4603 624.2337;
	18.033 14.5206 13.4016 10.5601 11.9546 47.8443 5.9805 32.3322 37.8247 355.233 253.0185 643.3291;
	16.0686 13.4995 12.6071 10.4654 12.2298 49.8742 6.2343 33.1289 45.5145 359.734 260.1592 651.4805;
	10.8352 11.0423 10.0752 10.6348 11.8942 102.9995 12.8749 31.5271 145.3619 333.8062 259.6187 604.5251;
	10.3414 10.9583 9.3226 10.3228 11.5897 120.1426 15.0178 27.3285 143.5294 260.0703 240.264 470.9889;
	11.8119 9.5342 7.0957 8.3126 9.6928 118.9033 14.8629 26.4967 99.0362 184.9807 189.6274 335.0011;
	4.318 2.2112 1.9236 4.1041 2.3275 130.7419 16.3427 26.1074 57.1528 21.6523 10.7186 39.2125;
	0.6591 0.3298 0.4488 1.2172 1.2175 52.2654 6.5332 6.5379 40.9759 7.3221 3.4811 13.2603;
	0.0 0.0 0.0 0.0 0.0 0.0 0.0 0.0 0.0 0.0 0.0 0.0;
	0.0 0.0 0.0 0.0 0.0 0.0 0.0 0.0 0.0 0.0 0.0 0.0;
	0.0 0.0 0.0 0.0 0.0 0.0 0.0 0.0 0.0 0.0 0.0 0.0;
	0.0 0.0 0.0 0.0 0.0 0.0 0.0 0.0 0.0 0.0 0.0 0.0;
	0.0 0.0 0.0 0.0 0.0 0.0 0.0 0.0 0.0 0.0 0.0 0.0;
	0.0 0.0 0.0 0.0 0.0 0.0 0.0 0.0 0.0 0.0 0.0 0.0;
	0.0 0.0 0.0 0.0 0.0 0.0 0.0 0.0 0.0 0.0 0.0 0.0;
];
