function solarprofile = ex_solar_profilesh1
%EX_WIND_PROFILE_D  Example wind_load_nyiso profile data for deterministic unit commitment.
% 2022.03.12
% Andres F. Ramirez


%% define constants
[GEN_BUS, PG, QG, QMAX, QMIN, VG, MBASE, GEN_STATUS, PMAX, PMIN, ...
    MU_PMAX, MU_PMIN, MU_QMAX, MU_QMIN, PC1, PC2, QC1MIN, QC1MAX, ...
    QC2MIN, QC2MAX, RAMP_AGC, RAMP_10, RAMP_30, RAMP_Q, APF] = idx_gen;
[CT_LABEL, CT_PROB, CT_TABLE, CT_TBUS, CT_TGEN, CT_TBRCH, CT_TAREABUS, ...
    CT_TAREAGEN, CT_TAREABRCH, CT_ROW, CT_COL, CT_CHGTYPE, CT_REP, ...
    CT_REL, CT_ADD, CT_NEWVAL, CT_TLOAD, CT_TAREALOAD, CT_LOAD_ALL_PQ, ...
    CT_LOAD_FIX_PQ, CT_LOAD_DIS_PQ, CT_LOAD_ALL_P, CT_LOAD_FIX_P, ...
    CT_LOAD_DIS_P, CT_TGENCOST, CT_TAREAGENCOST, CT_MODCOST_F, ...
    CT_MODCOST_X] = idx_ct;

solarprofile = struct( ...
    'type', 'mpcData', ...
    'table', CT_TGEN, ...
    'rows', [1:12], ...
    'col', PMAX, ...
    'chgtype', 1, ...
    'values', [] );
solarprofile.values(:,1,:) = [
	0.0 0.0 0.0 0.0 0.0 0.0 0.0 0.0 0.0 0.0 0.0 0.0;
	0.0 0.0 0.0 0.0 0.0 0.0 0.0 0.0 0.0 0.0 0.0 0.0;
	0.0 0.0 0.0 0.0 0.0 0.0 0.0 0.0 0.0 0.0 0.0 0.0;
	0.0 0.0 0.0 0.0 0.0 0.0 0.0 0.0 0.0 0.0 0.0 0.0;
	0.0 0.0 0.0 0.0 0.0 0.0 0.0 0.0 0.0 0.0 0.0 0.0;
	0.4095 0.3644 0.302 0.0 0.0 0.1765 0.0221 1.003 0.7166 0.0 0.0 0.0;
	7.2928 7.4806 7.5555 0.6684 2.4128 59.2861 7.4108 43.7515 89.4489 27.0255 27.6023 48.9434;
	9.3666 12.7394 8.1351 1.5219 3.0591 145.4181 18.1773 40.5458 132.9327 132.8097 80.4487 240.5191;
	10.5926 13.9765 8.0213 3.1834 4.3977 187.888 23.486 42.1606 160.3605 214.8044 116.5033 389.0121;
	4.4898 11.0186 6.8867 10.6938 13.2772 199.8716 24.9839 44.1869 171.856 165.513 116.2814 299.7451;
	9.3782 14.1751 11.3691 11.5182 13.2579 217.2433 27.1554 47.4535 186.9675 108.7502 160.783 196.9473;
	15.1974 16.0171 12.6909 12.0197 13.0142 245.5302 30.6913 44.2362 196.8138 99.1099 165.4142 179.4886;
	11.2924 14.5193 9.6799 12.0277 10.345 315.0612 39.3827 41.4619 245.2275 130.1776 45.565 235.7524;
	8.8458 8.5892 6.8039 11.437 9.3671 278.4046 34.8006 29.1714 231.0981 143.9225 35.3819 260.6446;
	5.8338 5.3412 4.6033 8.2838 8.0706 202.989 25.3736 21.4127 201.2285 117.8499 31.1543 213.4269;
	1.9149 1.4233 1.5628 1.9928 2.11 102.2094 12.7762 15.7035 142.4439 18.0535 9.602 32.695;
	0.6336 0.7089 0.4841 1.2683 1.2479 53.4295 6.6787 4.1466 42.7368 11.4462 9.4846 20.7292;
	0.0 0.0 0.0 0.0 0.0 0.0 0.0 0.0 0.0 0.0 0.0 0.0;
	0.0 0.0 0.0 0.0 0.0 0.0 0.0 0.0 0.0 0.0 0.0 0.0;
	0.0 0.0 0.0 0.0 0.0 0.0 0.0 0.0 0.0 0.0 0.0 0.0;
	0.0 0.0 0.0 0.0 0.0 0.0 0.0 0.0 0.0 0.0 0.0 0.0;
	0.0 0.0 0.0 0.0 0.0 0.0 0.0 0.0 0.0 0.0 0.0 0.0;
	0.0 0.0 0.0 0.0 0.0 0.0 0.0 0.0 0.0 0.0 0.0 0.0;
	0.0 0.0 0.0 0.0 0.0 0.0 0.0 0.0 0.0 0.0 0.0 0.0;
];
