function loadprofile = ex_load_profilesh1
%EX_LOAD_PROFILE  Example load profile data file for stochastic unit commitment.
% 2022.03.12
% Andres F. Ramirez

%% define constants
[CT_LABEL, CT_PROB, CT_TABLE, CT_TBUS, CT_TGEN, CT_TBRCH, CT_TAREABUS, ...
    CT_TAREAGEN, CT_TAREABRCH, CT_ROW, CT_COL, CT_CHGTYPE, CT_REP, ...
    CT_REL, CT_ADD, CT_NEWVAL, CT_TLOAD, CT_TAREALOAD, CT_LOAD_ALL_PQ, ...
    CT_LOAD_FIX_PQ, CT_LOAD_DIS_PQ, CT_LOAD_ALL_P, CT_LOAD_FIX_P, ...
    CT_LOAD_DIS_P, CT_TGENCOST, CT_TAREAGENCOST, CT_MODCOST_F, ...
    CT_MODCOST_X] = idx_ct;

loadprofile = struct( ...
    'type', 'mpcData', ...
    'table', CT_TAREALOAD, ...
    'rows', [1:11], ...
    'col', CT_LOAD_ALL_P, ...
    'chgtype', 1, ...
    'values', [] );
loadprofile.values(:,1,:) = [
	1466.6638 854.2962 1505.2 506.8659 803.4059 1104.7439 853.9858 232.1175 508.4068 4433.2094 1683.7603;
	1478.1004 858.7669 1482.0 516.2695 771.3853 1083.6326 830.6 216.9899 493.0056 4276.3095 1624.9;
	1488.5 881.9689 1505.9745 514.7 788.2228 1107.8913 832.4899 215.4 511.9919 4343.5604 1674.6;
	1558.4443 953.5469 1608.8623 535.1581 838.6012 1164.6138 870.1 228.0 540.5254 4556.2877 1750.6534;
	1700.5476 1072.7 1816.0828 573.2587 954.2949 1333.6604 974.9998 276.2238 627.0897 5106.753 2006.575;
	1811.6652 1155.1 1903.7098 559.5181 982.7867 1378.9541 1037.6467 292.981 676.2017 5532.1687 2158.452;
	1798.3058 1161.2864 1901.5009 550.8572 1012.4 1367.3 1071.2179 298.8327 689.4701 5709.8867 2220.446;
	1804.6154 1164.671 1925.2348 573.5108 1032.3499 1369.2 1102.3982 299.8973 710.0044 5975.1277 2285.5561;
	1832.4466 1167.041 1912.0576 532.1241 1020.0008 1329.8885 1073.169 307.6723 720.6923 6081.9533 2271.4269;
	1812.6 1166.0187 1897.7493 533.8 1001.9441 1310.9819 1083.3 297.8623 701.904 6061.7541 2219.4767;
	1824.5109 1165.2088 1911.5019 535.7145 982.2926 1302.5951 1096.917 299.2371 716.1381 6159.7421 2244.3369;
	1778.0741 1150.4112 1888.519 533.0 979.3007 1243.4455 1047.43 292.4512 701.2991 6052.7543 2124.7493;
	1733.3745 1117.1395 1851.1072 523.4591 929.1528 1230.8411 1014.9206 283.7198 676.7938 6045.1105 2129.9125;
	1730.7037 1134.4119 1832.8024 540.0574 905.1402 1230.9047 1002.4695 287.9197 657.1 6010.5651 2123.5248;
	1724.0542 1105.7108 1812.6935 540.6 924.7 1312.6166 1013.5539 296.7432 660.1884 6104.3046 2183.6604;
	1707.3694 1134.7774 1846.2672 565.7213 953.529 1327.9 1008.3973 287.9807 661.2818 6087.9668 2190.7183;
	1787.4504 1143.1552 1849.7824 569.3854 984.034 1341.8907 1036.8865 296.0373 666.8 6102.3127 2315.6271;
	1849.2341 1210.6119 1921.2619 586.5107 998.2313 1371.7147 1075.4172 315.8876 705.7485 6119.8964 2428.5227;
	1808.1 1195.3853 1896.4132 606.9096 995.1227 1328.5 1068.1201 287.7439 694.4531 5918.0581 2410.2082;
	1792.6864 1115.3057 1799.0983 581.8 949.3906 1253.1693 1043.2842 271.7269 680.3097 5766.3274 2319.6682;
	1761.9 1069.9036 1734.9 558.0033 918.8055 1205.2595 1014.4058 276.6011 645.7 5729.6 2288.1669;
	1657.3842 990.6923 1623.6 568.893 823.804 1110.2059 948.9213 245.2089 603.541 5269.0173 2065.6216;
	1622.5504 937.6119 1582.1977 576.2843 787.0626 1102.3126 938.5 223.1626 629.4016 5058.9256 1889.2965;
	1592.9814 921.2729 1556.4386 578.5255 761.871 1077.6601 917.6388 221.2 590.1533 4771.5193 1788.2593;
];
