function solarprofile = ex_solar_profilesh1
%EX_WIND_PROFILE_D  Example wind_load_nyiso profile data for deterministic unit commitment.
% 2022.03.12
% Andres F. Ramirez


%% define constants
[GEN_BUS, PG, QG, QMAX, QMIN, VG, MBASE, GEN_STATUS, PMAX, PMIN, ...
    MU_PMAX, MU_PMIN, MU_QMAX, MU_QMIN, PC1, PC2, QC1MIN, QC1MAX, ...
    QC2MIN, QC2MAX, RAMP_AGC, RAMP_10, RAMP_30, RAMP_Q, APF] = idx_gen;
[CT_LABEL, CT_PROB, CT_TABLE, CT_TBUS, CT_TGEN, CT_TBRCH, CT_TAREABUS, ...
    CT_TAREAGEN, CT_TAREABRCH, CT_ROW, CT_COL, CT_CHGTYPE, CT_REP, ...
    CT_REL, CT_ADD, CT_NEWVAL, CT_TLOAD, CT_TAREALOAD, CT_LOAD_ALL_PQ, ...
    CT_LOAD_FIX_PQ, CT_LOAD_DIS_PQ, CT_LOAD_ALL_P, CT_LOAD_FIX_P, ...
    CT_LOAD_DIS_P, CT_TGENCOST, CT_TAREAGENCOST, CT_MODCOST_F, ...
    CT_MODCOST_X] = idx_ct;

solarprofile = struct( ...
    'type', 'mpcData', ...
    'table', CT_TGEN, ...
    'rows', [1:12], ...
    'col', PMAX, ...
    'chgtype', 1, ...
    'values', [] );
solarprofile.values(:,1,:) = [
	0.0 0.0 0.0 0.0 0.0 0.0 0.0 0.0 0.0 0.0 0.0 0.0;
	0.0 0.0 0.0 0.0 0.0 0.0 0.0 0.0 0.0 0.0 0.0 0.0;
	0.0 0.0 0.0 0.0 0.0 0.0 0.0 0.0 0.0 0.0 0.0 0.0;
	0.0 0.0 0.0 0.0 0.0 0.0 0.0 0.0 0.0 0.0 0.0 0.0;
	0.0 0.0 0.0 0.0 0.0 0.0 0.0 0.0 0.0 0.0 0.0 0.0;
	0.4147 0.3585 0.307 0.0 0.0 2.4467 0.3058 0.3878 0.1268 0.0 0.0 0.0;
	2.4093 2.8361 1.4616 0.0395 0.178 172.317 21.5396 19.1341 127.1702 50.9049 71.8289 92.189;
	7.9892 7.7128 5.0932 0.642 0.8783 199.2245 24.9031 47.8216 205.0599 32.5886 107.4458 59.0182;
	13.4579 13.5562 8.2001 1.8493 1.9516 206.4874 25.8109 56.6038 212.1553 34.711 134.3767 62.8619;
	16.5471 12.5134 11.0305 6.0812 12.1329 224.268 28.0335 56.062 192.975 161.4754 144.4565 292.4329;
	18.6963 13.0973 11.6412 5.0859 10.5202 206.1531 25.7691 51.1246 173.1099 203.3431 174.6749 368.2557;
	17.7296 12.6834 11.2068 5.7226 9.9551 195.5128 24.4391 43.0334 164.5624 194.6325 183.6612 352.4807;
	7.0382 7.5675 4.5934 9.4765 8.8494 283.5714 35.4464 51.2071 220.4105 129.7441 130.8749 234.9674;
	4.9306 6.5859 2.5882 9.7057 9.1923 270.6549 33.8319 48.5941 221.0531 103.0394 107.3042 186.6049;
	2.6819 3.5044 1.9925 7.5169 8.8269 236.1039 29.513 47.0877 202.6517 62.0718 52.703 112.4123;
	1.4095 1.0129 1.0706 3.3707 4.3295 163.0467 20.3808 35.5211 150.2352 8.7528 5.4553 15.8514;
	0.4194 0.2871 0.2757 1.3943 2.0276 54.6824 6.8353 7.4822 45.0934 0.0 2.8581 0.0;
	0.0 0.0 0.0 0.0 0.0 0.0 0.0 0.0 0.0 0.0 0.0 0.0;
	0.0 0.0 0.0 0.0 0.0 0.0 0.0 0.0 0.0 0.0 0.0 0.0;
	0.0 0.0 0.0 0.0 0.0 0.0 0.0 0.0 0.0 0.0 0.0 0.0;
	0.0 0.0 0.0 0.0 0.0 0.0 0.0 0.0 0.0 0.0 0.0 0.0;
	0.0 0.0 0.0 0.0 0.0 0.0 0.0 0.0 0.0 0.0 0.0 0.0;
	0.0 0.0 0.0 0.0 0.0 0.0 0.0 0.0 0.0 0.0 0.0 0.0;
	0.0 0.0 0.0 0.0 0.0 0.0 0.0 0.0 0.0 0.0 0.0 0.0;
];
