function windprofile = ex_wind_profilesh1
%EX_WIND_PROFILE_D  Example wind_load_nyiso profile data for deterministic unit commitment.
% 2022.03.12
% Andres F. Ramirez


%% define constants
[GEN_BUS, PG, QG, QMAX, QMIN, VG, MBASE, GEN_STATUS, PMAX, PMIN, ...
    MU_PMAX, MU_PMIN, MU_QMAX, MU_QMIN, PC1, PC2, QC1MIN, QC1MAX, ...
    QC2MIN, QC2MAX, RAMP_AGC, RAMP_10, RAMP_30, RAMP_Q, APF] = idx_gen;
[CT_LABEL, CT_PROB, CT_TABLE, CT_TBUS, CT_TGEN, CT_TBRCH, CT_TAREABUS, ...
    CT_TAREAGEN, CT_TAREABRCH, CT_ROW, CT_COL, CT_CHGTYPE, CT_REP, ...
    CT_REL, CT_ADD, CT_NEWVAL, CT_TLOAD, CT_TAREALOAD, CT_LOAD_ALL_PQ, ...
    CT_LOAD_FIX_PQ, CT_LOAD_DIS_PQ, CT_LOAD_ALL_P, CT_LOAD_FIX_P, ...
    CT_LOAD_DIS_P, CT_TGENCOST, CT_TAREAGENCOST, CT_MODCOST_F, ...
    CT_MODCOST_X] = idx_ct;

windprofile = struct( ...
    'type', 'mpcData', ...
    'table', CT_TGEN, ...
    'rows', [1:45], ...
    'col', PMAX, ...
    'chgtype', 1, ...
    'values', [] );
windprofile.values(:,1,:) = [
	4.0029 54.0877 94.6658 120.63 15.3409 35.1227 31.5038 18.9272 11.6137 17.9025 33.0925 49.3675 74.3225 53.9343 202.7125 76.3708 94.7563 100.4134 92.0149 70.1326 10.5013 81.953 25.4826 89.9803 106.6996 75.9694 13.8624 1240.2367 764.7968 764.7968 732.1034 113.3333 306.7165 180.5215 169.0912 326.3133 1112.4777 260.2624 460.2355 285.8024 123.0173 389.6282 218.3245 284.2122 1124.066;
	3.88 52.4273 91.9653 119.0671 15.1281 35.0859 32.1631 18.7132 12.8102 13.9464 25.7797 38.4583 57.8987 61.3703 190.2487 71.6751 88.9302 94.2395 92.0554 69.9396 10.721 81.8671 30.2607 88.39 106.5429 76.0918 13.6126 1231.2162 771.4644 771.4644 756.9439 112.6187 306.8513 180.0246 192.4041 329.1582 1151.2768 239.9039 452.4617 285.3827 120.7298 389.2198 214.027 278.2638 1163.2692;
	3.8463 51.9722 91.3144 118.6844 15.3242 35.1515 32.5933 18.795 23.8877 16.5736 30.6361 45.703 68.8056 61.0518 171.2563 64.5198 80.0524 84.8316 91.4354 70.2495 10.8644 82.0202 30.4069 89.9928 106.5903 76.4748 13.4538 1193.0691 733.5682 733.5682 708.5047 112.5765 304.7846 180.8223 191.4057 312.9891 1137.0532 263.3105 448.1066 285.5097 121.2806 389.9474 214.6759 267.7885 1148.8975;
	3.7019 50.0209 89.9054 119.3326 15.2471 35.0982 31.9305 18.6278 28.378 30.0549 55.5559 82.8785 124.7732 67.9105 198.8374 74.9108 92.9449 98.4939 92.6622 67.7179 10.6435 81.8959 27.8479 89.5078 106.3424 76.436 13.3077 1202.9316 767.4405 767.4405 744.796 114.3952 308.874 174.3061 212.9085 327.4413 1110.3548 289.1641 467.9815 284.8458 120.1289 389.3563 188.8258 263.2662 1121.921;
	3.2121 43.402 88.5581 119.333 15.2023 32.6859 31.3827 18.0649 27.8111 30.4351 56.2588 83.927 126.3516 63.8598 201.5393 75.9288 94.2079 99.8323 91.5095 69.4 10.4609 76.2672 73.864 89.0268 105.7572 75.0277 13.1363 1242.7432 750.4882 750.4882 681.9523 113.7557 305.0317 178.6359 200.2092 320.2083 1052.5643 278.4382 446.6734 283.2782 118.5375 362.5961 189.1979 264.0665 1063.5285;
	3.7542 50.7274 89.8381 118.0555 15.2241 34.5581 19.2941 18.5735 26.0995 30.469 56.3215 84.0207 126.4927 53.6537 198.162 74.6564 92.6292 98.1593 64.2771 68.7817 6.4314 80.6357 70.5846 89.2726 105.6449 75.7572 13.7076 1154.771 756.2997 756.2997 650.3918 114.298 214.2571 177.0443 168.2115 322.6879 1055.6165 261.2417 449.7881 282.9774 117.8846 383.365 168.4519 271.844 1066.6125;
	3.8424 51.9191 90.8352 118.0787 15.1486 34.8275 13.4751 18.716 25.8276 29.3388 54.2323 80.9039 121.8004 65.02 195.5827 73.6846 91.4235 96.8817 88.066 70.8776 4.4917 81.2642 69.5606 89.6336 106.0072 73.4491 13.8826 1250.0899 755.9565 755.9565 684.9387 115.4485 293.5532 182.439 203.8464 322.5415 1108.8812 288.575 426.2226 283.9479 120.0016 386.3531 176.7586 268.4113 1120.4321;
	3.8948 52.6274 92.725 119.526 15.3105 34.941 1.2844 18.9191 0.2129 28.3243 52.3571 78.1065 117.589 43.832 199.6875 75.2311 93.3423 98.915 90.9953 71.3516 0.4281 81.5291 68.9049 89.6723 106.4889 74.0814 13.8919 1255.5991 742.4843 742.4843 715.1716 115.207 303.3175 183.6593 137.4194 316.7933 1167.3823 287.1678 164.1617 285.2382 121.5365 387.6126 197.7426 272.0313 1179.5425;
	3.8557 52.0984 90.8208 117.6725 15.1623 32.4281 0.2186 18.0314 0.0 28.4393 52.5697 78.4236 118.0664 25.2965 201.6125 75.9563 94.2421 99.8685 89.9778 72.5258 0.0729 75.6655 69.6765 89.5246 104.4361 74.3595 13.621 1183.5237 633.9257 633.9257 679.685 112.8115 299.9261 186.6816 79.308 270.475 991.5215 271.0971 7.8042 279.7396 120.764 359.7356 175.3759 272.0253 1001.8499;
	3.722 50.2927 87.9916 115.6612 15.0141 31.2473 0.1837 17.7768 1.899 25.9105 47.8952 71.4502 107.5679 17.1928 195.9902 73.8382 91.614 97.0835 90.5365 72.4778 0.0612 72.9105 50.0937 88.4138 103.5872 72.8329 13.0242 1044.898 597.003 597.003 574.3675 110.9364 301.7884 186.5579 53.9018 254.7213 815.3043 230.795 64.8522 277.4657 119.1958 346.6372 149.0769 265.3385 823.797;
	3.6715 49.6104 88.0471 116.9745 14.6063 25.6973 4.8479 17.235 3.3559 28.5162 52.7118 78.6357 118.3856 0.1671 202.5511 76.31 94.6809 100.3335 83.8601 72.898 1.616 59.9604 71.0492 87.123 101.6574 71.225 12.9207 824.3814 628.7254 628.7254 500.9459 108.0907 279.5337 187.6397 0.5238 268.2562 717.5188 191.7928 131.3235 272.2967 116.0257 285.0687 139.3556 266.9362 724.9929;
	3.5717 48.2619 87.732 115.9488 14.9434 19.0145 4.5403 17.013 1.0489 25.87 47.8203 71.3384 107.3996 0.2791 202.2441 76.1943 94.5374 100.1814 38.099 71.2273 1.5134 44.3672 68.87 86.112 100.5074 71.1599 12.4957 596.5858 667.3317 667.3317 484.9039 111.865 126.9967 183.3392 0.8749 284.7282 750.9299 201.4238 61.4813 269.2162 118.6117 210.9345 141.943 263.5021 758.752;
	3.8304 51.7566 89.3742 114.3655 15.0635 21.2084 7.8169 13.9387 26.5884 22.4856 41.5642 62.0056 93.3491 50.7172 199.9565 75.3324 93.468 99.0482 57.1322 72.869 2.6056 49.4863 68.3458 82.9805 100.0758 66.6365 12.0867 626.0111 658.6984 658.6984 514.5556 104.6513 190.4408 187.5649 159.0054 281.0446 579.7817 221.517 197.4883 268.0603 116.0167 235.2719 149.3288 257.5871 585.8211;
	3.8226 51.6522 86.9166 112.4934 15.2221 19.8438 1.6204 16.0768 19.9359 20.9912 38.802 57.8849 87.1454 36.3609 204.4064 77.0089 95.5481 101.2525 57.8508 73.2512 0.5401 46.3023 68.2609 81.9078 98.4313 68.679 12.3148 537.5034 652.7558 652.7558 482.6132 94.0573 192.8359 188.5487 113.9964 278.5091 684.9795 241.8091 61.4593 263.6554 117.639 220.1343 155.0239 258.8022 692.1147;
	3.7496 50.6649 86.5437 111.4235 14.8756 17.5023 0.0 14.9855 2.8504 23.6989 43.8071 65.3515 98.3863 30.786 205.4331 77.3957 96.0281 101.7611 74.4811 73.7157 0.0 40.8388 67.3009 83.5174 96.7928 69.6426 11.8488 396.5602 648.3374 648.3374 462.8993 86.5878 248.2704 189.7445 96.5183 276.624 616.0808 248.1614 24.2984 259.2665 113.1608 194.1594 161.183 241.9394 622.4983;
	3.1387 42.4112 79.8867 82.5102 14.4678 8.8854 2.3492 13.8379 16.0468 25.3821 46.9184 69.993 105.3741 24.2858 191.165 72.0203 89.3585 94.6934 67.7134 71.514 0.7831 20.7326 65.1412 76.4688 80.8281 65.8891 12.012 439.6323 559.6421 559.6421 436.3533 95.8285 225.7112 184.0773 76.1393 238.7806 533.6142 239.0891 198.9655 216.5039 111.9986 98.5685 151.014 213.4672 539.1727;
	3.0733 41.5269 78.9205 96.1731 14.013 16.5867 0.095 14.7108 9.8634 28.635 52.9313 78.9632 118.8786 35.4916 194.4624 73.2626 90.8999 96.3267 66.4135 70.2911 0.0317 38.7023 69.92 84.1519 86.9282 67.3578 12.5548 1003.4704 484.6796 484.6796 315.7251 94.1114 221.3785 180.9294 111.2708 206.7966 876.3967 243.3747 115.5676 232.8434 110.6339 184.0017 127.2092 194.7844 885.5258;
	2.8036 37.8833 79.5765 85.6821 14.1906 21.471 2.6665 14.7638 4.8048 29.0026 53.6109 79.977 120.4049 60.7821 197.9306 74.5692 92.5211 98.0447 82.903 71.6707 0.8888 50.0989 71.1167 82.9068 91.9257 66.5962 13.03 1243.2345 580.5609 580.5609 243.9791 75.144 276.3432 184.4804 190.56 247.706 1073.186 229.0961 144.1817 246.2296 109.9621 238.1846 164.8851 234.1066 1084.365;
