function loadprofile = ex_load_profilesh1
%EX_LOAD_PROFILE  Example load profile data file for stochastic unit commitment.
% 2022.03.12
% Andres F. Ramirez

%% define constants
[CT_LABEL, CT_PROB, CT_TABLE, CT_TBUS, CT_TGEN, CT_TBRCH, CT_TAREABUS, ...
    CT_TAREAGEN, CT_TAREABRCH, CT_ROW, CT_COL, CT_CHGTYPE, CT_REP, ...
    CT_REL, CT_ADD, CT_NEWVAL, CT_TLOAD, CT_TAREALOAD, CT_LOAD_ALL_PQ, ...
    CT_LOAD_FIX_PQ, CT_LOAD_DIS_PQ, CT_LOAD_ALL_P, CT_LOAD_FIX_P, ...
    CT_LOAD_DIS_P, CT_TGENCOST, CT_TAREAGENCOST, CT_MODCOST_F, ...
    CT_MODCOST_X] = idx_ct;

loadprofile = struct( ...
    'type', 'mpcData', ...
    'table', CT_TAREALOAD, ...
    'rows', [1:11], ...
    'col', CT_LOAD_ALL_P, ...
    'chgtype', 1, ...
    'values', [] );
loadprofile.values(:,1,:) = [
	1467.8182 905.4003 1418.1134 524.3132 709.7144 1090.2076 844.162 255.4695 468.9702 4298.5971 1606.4551;
	1441.4613 911.7286 1451.646 527.6238 718.7928 1080.6828 841.9701 244.2799 467.2513 4231.303 1567.8586;
	1482.8 939.8015 1460.8668 530.7284 716.5295 1084.6734 842.0433 242.2407 490.0 4250.537 1590.629;
	1582.5393 1019.1186 1606.5228 560.1 802.9 1151.1868 908.9547 273.7476 541.5887 4580.5507 1755.7;
	1748.1202 1148.2983 1807.7 574.5546 901.0939 1310.7569 1019.2888 325.3 634.236 5198.4589 2034.1032;
	1903.1765 1229.3014 1946.6123 591.7462 976.414 1387.0311 1105.8651 348.7641 694.0687 5649.3689 2193.544;
	1931.1627 1247.4123 1970.0852 583.0208 984.7475 1395.6358 1190.5405 351.4 729.6106 6038.355 2284.8;
	1934.1781 1249.699 1963.8743 570.0328 967.6239 1365.3172 1179.8595 349.1405 726.9521 6138.7879 2272.8859;
	1917.7374 1240.0732 1965.619 560.3057 946.222 1325.8361 1160.9 341.2151 724.5583 6108.914 2340.5482;
	1928.5327 1215.3249 1927.9586 558.3501 929.9773 1280.319 1198.2728 333.7 727.0092 6125.8661 2315.9;
	1873.0834 1180.4564 1869.7856 539.1512 898.2361 1205.7196 1134.8449 314.5 700.5225 6076.6519 2183.5797;
	1859.0585 1162.4 1872.5287 554.6851 902.0849 1170.078 1124.4499 328.9333 697.6 6135.6828 2184.2297;
	1803.2515 1167.7091 1783.6432 538.6 887.8705 1158.2018 1081.7 310.6799 689.9441 6064.2256 2132.6138;
	1810.549 1183.7906 1804.3404 524.8305 880.7659 1148.6824 1101.2252 318.9 686.1 6107.3699 2141.6172;
	1817.2439 1185.2963 1837.4417 558.1155 886.1 1140.9064 1015.3065 301.9 646.3029 5975.4593 2087.7184;
	1785.4034 1174.5443 1813.4466 570.4563 867.9796 1099.5548 1010.3944 314.2246 627.7011 5857.4486 2142.6318;
	1775.4681 1171.7017 1830.848 582.7514 893.9489 1206.8084 1030.1066 320.2 625.5818 5555.9808 2239.9589;
	1824.0524 1218.1783 1857.5883 587.4486 905.7822 1291.7402 1065.023 327.814 661.0174 5664.3957 2348.8735;
	1825.5256 1238.5335 1905.0 579.2 921.0819 1321.1361 1089.3435 326.4735 669.0847 5659.9135 2331.8999;
	1812.7 1167.9 1807.584 578.6711 895.6333 1261.5737 1024.8144 319.4 634.2058 5395.9689 2212.916;
	1770.2 1106.2688 1764.6988 566.269 867.1544 1199.5597 961.8371 308.8119 588.6346 5124.657 2083.848;
	1674.0333 1019.8796 1657.0912 544.3015 821.4448 1140.7 922.5146 289.8816 545.5 4888.7443 1930.8077;
	1581.802 937.6815 1612.5736 549.9 786.1 1109.3973 883.1 267.0 483.2215 4490.6222 1760.9737;
	1554.3291 947.3694 1575.4667 550.0366 795.3017 1103.3805 864.7873 265.1625 466.8364 4399.8145 1661.097;
];
