function solarprofile = ex_solar_profilesh1
%EX_WIND_PROFILE_D  Example wind_load_nyiso profile data for deterministic unit commitment.
% 2022.03.12
% Andres F. Ramirez


%% define constants
[GEN_BUS, PG, QG, QMAX, QMIN, VG, MBASE, GEN_STATUS, PMAX, PMIN, ...
    MU_PMAX, MU_PMIN, MU_QMAX, MU_QMIN, PC1, PC2, QC1MIN, QC1MAX, ...
    QC2MIN, QC2MAX, RAMP_AGC, RAMP_10, RAMP_30, RAMP_Q, APF] = idx_gen;
[CT_LABEL, CT_PROB, CT_TABLE, CT_TBUS, CT_TGEN, CT_TBRCH, CT_TAREABUS, ...
    CT_TAREAGEN, CT_TAREABRCH, CT_ROW, CT_COL, CT_CHGTYPE, CT_REP, ...
    CT_REL, CT_ADD, CT_NEWVAL, CT_TLOAD, CT_TAREALOAD, CT_LOAD_ALL_PQ, ...
    CT_LOAD_FIX_PQ, CT_LOAD_DIS_PQ, CT_LOAD_ALL_P, CT_LOAD_FIX_P, ...
    CT_LOAD_DIS_P, CT_TGENCOST, CT_TAREAGENCOST, CT_MODCOST_F, ...
    CT_MODCOST_X] = idx_ct;

solarprofile = struct( ...
    'type', 'mpcData', ...
    'table', CT_TGEN, ...
    'rows', [1:12], ...
    'col', PMAX, ...
    'chgtype', 1, ...
    'values', [] );
solarprofile.values(:,1,:) = [
	0.0 0.0 0.0 0.0 0.0 0.0 0.0 0.0 0.0 0.0 0.0 0.0;
	0.0 0.0 0.0 0.0 0.0 0.0 0.0 0.0 0.0 0.0 0.0 0.0;
	0.0 0.0 0.0 0.0 0.0 0.0 0.0 0.0 0.0 0.0 0.0 0.0;
	0.0 0.0 0.0 0.0 0.0 0.0 0.0 0.0 0.0 0.0 0.0 0.0;
	0.0 0.0 0.0 0.0 0.0 0.0 0.0 0.0 0.0 0.0 0.0 0.0;
	0.4279 0.3819 0.3128 0.0 0.0 0.1765 0.0221 0.1431 0.0956 0.0 0.0 0.0;
	5.8561 11.7207 2.6258 1.4691 2.3963 45.0141 5.6268 41.3134 45.6881 38.4825 0.0 69.692;
	17.5746 14.3045 8.7338 1.9095 3.1612 99.4066 12.4258 23.4281 90.4277 96.1454 11.9088 174.1198;
	22.6275 16.2156 11.9363 2.8162 3.4789 100.5309 12.5664 15.1606 87.4807 184.188 24.5309 333.5656;
	20.764 15.9939 12.2253 10.6184 12.4503 63.0728 7.8841 10.0013 42.6036 254.5142 36.1196 460.9268;
	18.8911 15.9661 11.9538 11.1645 12.1536 166.426 20.8033 24.5389 120.7846 313.4785 103.6949 567.7115;
	18.0907 15.6857 11.4115 11.3205 12.4125 287.9616 35.9952 35.1255 178.2804 338.3313 113.964 612.72;
	11.9523 8.6996 7.8354 11.571 12.6458 382.3747 47.7968 41.241 236.2053 215.1008 7.5126 389.5489;
	8.9951 6.8364 6.1129 11.2856 12.7459 333.1519 41.644 30.5972 214.0386 138.4756 2.4864 250.7801;
	6.5135 3.9999 4.8253 9.9769 12.265 283.9863 35.4983 27.0589 179.0225 48.2997 0.0 87.4711;
	2.0068 1.6118 1.8081 5.259 8.2843 292.6933 36.5867 36.2286 132.4144 2.8285 0.0 5.1225;
	0.678 0.563 0.5797 1.3427 1.8594 82.4486 10.3061 9.5892 54.3498 0.0 1.2025 0.0;
	0.0 0.0 0.0 0.0 0.0 0.0 0.0 0.0 0.0 0.0 0.0 0.0;
	0.0 0.0 0.0 0.0 0.0 0.0 0.0 0.0 0.0 0.0 0.0 0.0;
	0.0 0.0 0.0 0.0 0.0 0.0 0.0 0.0 0.0 0.0 0.0 0.0;
	0.0 0.0 0.0 0.0 0.0 0.0 0.0 0.0 0.0 0.0 0.0 0.0;
	0.0 0.0 0.0 0.0 0.0 0.0 0.0 0.0 0.0 0.0 0.0 0.0;
	0.0 0.0 0.0 0.0 0.0 0.0 0.0 0.0 0.0 0.0 0.0 0.0;
	0.0 0.0 0.0 0.0 0.0 0.0 0.0 0.0 0.0 0.0 0.0 0.0;
];
