function solarprofile = ex_solar_profilesh1
%EX_WIND_PROFILE_D  Example wind_load_nyiso profile data for deterministic unit commitment.
% 2022.03.12
% Andres F. Ramirez


%% define constants
[GEN_BUS, PG, QG, QMAX, QMIN, VG, MBASE, GEN_STATUS, PMAX, PMIN, ...
    MU_PMAX, MU_PMIN, MU_QMAX, MU_QMIN, PC1, PC2, QC1MIN, QC1MAX, ...
    QC2MIN, QC2MAX, RAMP_AGC, RAMP_10, RAMP_30, RAMP_Q, APF] = idx_gen;
[CT_LABEL, CT_PROB, CT_TABLE, CT_TBUS, CT_TGEN, CT_TBRCH, CT_TAREABUS, ...
    CT_TAREAGEN, CT_TAREABRCH, CT_ROW, CT_COL, CT_CHGTYPE, CT_REP, ...
    CT_REL, CT_ADD, CT_NEWVAL, CT_TLOAD, CT_TAREALOAD, CT_LOAD_ALL_PQ, ...
    CT_LOAD_FIX_PQ, CT_LOAD_DIS_PQ, CT_LOAD_ALL_P, CT_LOAD_FIX_P, ...
    CT_LOAD_DIS_P, CT_TGENCOST, CT_TAREAGENCOST, CT_MODCOST_F, ...
    CT_MODCOST_X] = idx_ct;

solarprofile = struct( ...
    'type', 'mpcData', ...
    'table', CT_TGEN, ...
    'rows', [1:12], ...
    'col', PMAX, ...
    'chgtype', 1, ...
    'values', [] );
solarprofile.values(:,1,:) = [
	0.0 0.0 0.0 0.0 0.0 0.0 0.0 0.0 0.0 0.0 0.0 0.0;
	0.0 0.0 0.0 0.0 0.0 0.0 0.0 0.0 0.0 0.0 0.0 0.0;
	0.0 0.0 0.0 0.0 0.0 0.0 0.0 0.0 0.0 0.0 0.0 0.0;
	0.0 0.0 0.0 0.0 0.0 0.0 0.0 0.0 0.0 0.0 0.0 0.0;
	0.0 0.0 0.0 0.0 0.0 0.0 0.0 0.0 0.0 0.0 0.0 0.0;
	0.42 0.3647 0.3153 0.0 0.0 0.1765 0.0221 0.1431 0.1268 0.0 0.0 0.0;
	2.4373 2.8374 2.2326 2.2818 2.2991 56.7406 7.0926 4.4696 6.7771 34.4957 36.5554 62.4719;
	7.8075 7.149 5.1816 6.0884 4.3123 144.566 18.0707 14.7541 37.1124 77.5141 82.1766 140.3785;
	11.8229 11.6124 6.4974 8.3969 4.8061 179.0 22.375 25.7328 74.2359 195.3662 132.6198 353.8094;
	10.6717 10.264 7.1446 11.4439 12.4898 150.3065 18.7883 21.9 82.1836 317.0362 190.5 574.1545;
	11.591 11.7285 9.6365 11.1451 12.0389 156.4687 19.5586 22.8553 84.2876 326.8089 206.4769 591.8528;
	15.0105 12.5109 11.4348 11.2082 11.9361 176.166 22.0207 19.3884 82.9703 314.4621 183.4648 569.4928;
	10.8569 8.3926 9.4292 11.4995 10.285 258.551 32.3189 15.6614 165.2217 239.3404 118.0382 433.4469;
	8.7239 6.9123 6.9434 11.6298 10.4552 227.4762 28.4345 14.0744 160.3583 195.6834 108.2764 354.3838;
	4.9238 4.1765 4.8568 11.0301 10.4479 139.6728 17.4591 15.3054 122.8941 138.2312 75.9138 250.3376;
	1.6376 1.5986 1.575 4.4324 6.5571 46.3613 5.7952 20.409 73.2947 9.5801 4.1325 17.3497;
	0.5629 0.6657 0.586 1.0928 1.733 50.8265 6.3533 7.429 45.603 0.0 0.0 0.0;
	0.0 0.0 0.0 0.0 0.0 0.0 0.0 0.0 0.0 0.0 0.0 0.0;
	0.0 0.0 0.0 0.0 0.0 0.0 0.0 0.0 0.0 0.0 0.0 0.0;
	0.0 0.0 0.0 0.0 0.0 0.0 0.0 0.0 0.0 0.0 0.0 0.0;
	0.0 0.0 0.0 0.0 0.0 0.0 0.0 0.0 0.0 0.0 0.0 0.0;
	0.0 0.0 0.0 0.0 0.0 0.0 0.0 0.0 0.0 0.0 0.0 0.0;
	0.0 0.0 0.0 0.0 0.0 0.0 0.0 0.0 0.0 0.0 0.0 0.0;
	0.0 0.0 0.0 0.0 0.0 0.0 0.0 0.0 0.0 0.0 0.0 0.0;
];
