function windprofile = ex_wind_profilesh1
%EX_WIND_PROFILE_D  Example wind_load_nyiso profile data for deterministic unit commitment.
% 2022.03.12
% Andres F. Ramirez


%% define constants
[GEN_BUS, PG, QG, QMAX, QMIN, VG, MBASE, GEN_STATUS, PMAX, PMIN, ...
    MU_PMAX, MU_PMIN, MU_QMAX, MU_QMIN, PC1, PC2, QC1MIN, QC1MAX, ...
    QC2MIN, QC2MAX, RAMP_AGC, RAMP_10, RAMP_30, RAMP_Q, APF] = idx_gen;
[CT_LABEL, CT_PROB, CT_TABLE, CT_TBUS, CT_TGEN, CT_TBRCH, CT_TAREABUS, ...
    CT_TAREAGEN, CT_TAREABRCH, CT_ROW, CT_COL, CT_CHGTYPE, CT_REP, ...
    CT_REL, CT_ADD, CT_NEWVAL, CT_TLOAD, CT_TAREALOAD, CT_LOAD_ALL_PQ, ...
    CT_LOAD_FIX_PQ, CT_LOAD_DIS_PQ, CT_LOAD_ALL_P, CT_LOAD_FIX_P, ...
    CT_LOAD_DIS_P, CT_TGENCOST, CT_TAREAGENCOST, CT_MODCOST_F, ...
    CT_MODCOST_X] = idx_ct;

windprofile = struct( ...
    'type', 'mpcData', ...
    'table', CT_TGEN, ...
    'rows', [1:45], ...
    'col', PMAX, ...
    'chgtype', 1, ...
    'values', [] );
windprofile.values(:,1,:) = [
	3.9727 53.6795 94.5341 120.8541 15.3835 34.7962 32.6575 18.1193 11.9701 17.5305 32.4049 48.3418 72.7783 57.1523 198.874 74.9246 92.9621 98.512 87.7326 68.4401 10.8858 81.191 18.6969 88.3326 105.9297 73.2372 13.7713 1303.8656 813.212 813.212 704.3897 100.229 292.442 176.165 179.1801 346.9704 1169.9833 247.4042 469.4668 283.7402 121.065 386.0053 218.8778 284.7822 1182.1706;
	3.8937 52.6121 94.6183 120.6872 15.3609 34.8283 32.3027 18.3596 12.4647 15.2694 28.2252 42.1064 63.391 65.0833 190.8337 71.8955 89.2037 94.5292 88.7506 70.6792 10.7676 81.2659 25.5089 89.1852 105.8914 71.5462 13.3661 1305.1499 796.677 796.677 728.9893 104.0418 295.8354 181.9284 204.0449 339.9155 1248.6255 244.2908 461.4365 283.6378 121.0672 386.3614 215.8005 277.9048 1261.632;
	3.8626 52.1928 93.9802 119.8875 15.3535 34.6299 33.3143 17.9788 24.9247 15.5838 28.8064 42.9735 64.6964 64.1059 173.7877 65.4735 81.2357 86.0855 90.6056 71.6186 11.1048 80.8031 7.1439 88.75 105.2066 71.5271 13.4093 1317.8064 795.1642 795.1642 724.5003 113.6974 302.0185 184.3465 200.9806 339.2701 1256.3631 288.0989 465.5773 281.8034 121.8549 384.1612 216.8357 268.5837 1269.4503;
	3.6755 49.6645 91.3771 116.5705 15.1654 33.6968 31.8637 17.5061 28.2276 29.0496 53.6977 80.1064 120.5998 68.8103 198.0821 74.6263 92.5918 98.1197 91.6266 69.6974 10.6212 78.6258 22.6266 86.946 102.1529 70.9798 13.0857 1337.0135 782.9701 782.9701 688.7716 114.7897 305.4221 179.4012 215.7295 334.0672 1198.8116 292.7694 455.2094 273.624 118.438 373.8096 177.8702 264.0981 1211.2992;
	3.3317 45.0191 91.2413 117.5143 15.1634 31.0508 32.1842 17.5336 28.4749 29.4111 54.366 81.1034 122.1008 67.3985 194.5211 73.2847 90.9273 96.3558 90.581 70.0028 10.7281 72.4519 70.6743 88.1449 100.8585 69.219 12.9059 1317.3027 806.4411 806.4411 762.6422 114.6205 301.9367 180.1875 211.3035 344.0815 1189.5997 318.1205 468.8753 270.1568 118.1777 344.4571 181.6841 253.4175 1201.9913;
	3.8215 51.6362 91.987 117.4962 15.2907 33.3436 21.0672 17.6909 27.7153 28.9565 53.5257 79.8498 120.2134 56.2045 198.3668 74.7335 92.7249 98.2608 64.2895 70.3732 7.0224 77.8016 70.2382 88.5166 101.7438 70.1583 13.2224 1269.3132 800.7662 800.7662 747.4545 114.7616 214.2982 181.1409 176.2087 341.6602 1198.9334 294.779 473.8735 272.5279 116.6027 369.8913 162.0544 261.5975 1211.4222;
	3.8874 52.5276 94.7079 120.408 15.3553 34.4112 15.8412 17.6854 27.688 29.6995 54.8991 81.8986 123.2979 69.2805 197.6098 74.4483 92.3711 97.8858 91.1564 72.8076 5.2804 80.2929 71.3068 89.5327 104.2074 71.2759 13.4721 1306.1653 810.4825 810.4825 738.0826 114.3059 303.8548 187.4069 217.2038 345.8059 1200.2807 303.5709 453.2616 279.127 119.5687 381.7353 180.9959 268.5608 1212.7836;
	3.8977 52.6668 95.2638 120.2453 15.3627 34.2001 16.7089 17.885 24.8742 28.9081 53.4361 79.7162 120.0122 47.8588 196.1454 73.8966 91.6866 97.1604 89.7231 70.7112 5.5696 79.8003 71.0508 89.8181 103.9708 73.0874 13.7215 1253.9295 767.2684 767.2684 689.7576 113.0143 299.0768 182.0108 150.0438 327.3679 1215.5945 313.4517 202.0674 278.4932 119.1051 379.3933 199.3386 279.6032 1228.257;
	3.9207 52.9772 95.299 120.6892 15.4199 32.492 14.1455 18.0679 27.12 29.657 54.8205 81.7815 123.1215 30.8284 197.8376 74.5342 92.4776 97.9986 92.1693 73.0598 4.7152 75.8146 73.4981 89.7995 104.0558 74.4643 13.2981 1169.5267 714.8718 714.8718 693.2008 113.3705 307.2309 188.0561 96.6512 305.012 1091.9248 286.4744 406.6637 278.7209 118.412 360.4443 191.2793 281.3805 1103.299;
	3.9306 53.1112 95.3443 121.0014 15.4204 32.3134 18.1736 18.5877 26.1404 24.2979 44.9142 67.0032 100.873 25.9045 192.0307 72.3465 89.7632 95.1222 91.1264 73.1564 6.0579 75.3979 45.5038 90.1139 105.926 74.3292 13.3846 950.8731 635.6064 635.6064 564.2755 112.1564 303.7546 188.3048 81.2142 271.1921 881.0539 256.3845 456.9556 283.7304 120.4473 358.4629 171.14 280.8128 890.2316;
	3.8874 52.5279 93.0509 118.7693 15.4227 28.9471 16.4752 17.8798 25.154 28.497 52.6764 78.5828 118.3059 62.734 202.4031 76.2542 94.6117 100.2601 84.6924 71.8609 5.4917 67.5432 72.2484 89.1543 101.1902 70.2099 13.4597 814.8231 695.9347 695.9347 509.9348 110.8155 282.308 184.9702 196.6794 296.9321 802.5219 215.8593 432.853 271.0452 116.9847 321.1199 165.1335 264.2725 810.8815;
	3.7961 51.2943 94.8302 119.9385 15.4208 22.6005 10.9354 18.3183 21.2061 26.4303 48.856 72.8835 109.7258 22.5624 202.4202 76.2606 94.6197 100.2686 41.831 71.1966 3.6451 52.7344 71.3968 89.166 103.2671 73.7659 13.7977 608.3735 733.8387 733.8387 488.5236 106.4401 139.4366 183.2603 70.7362 313.1045 848.7967 210.4161 426.7455 276.6083 122.5532 250.7146 158.0183 272.6404 857.6383;
	3.9319 53.1292 95.0163 119.6174 15.42 24.096 6.206 17.561 26.5885 22.5304 41.647 62.1292 93.5352 54.1894 197.6034 74.4459 92.3681 97.8826 57.6568 71.4386 2.0687 56.2239 69.8397 87.9476 102.7324 70.9545 13.4071 627.4448 729.1528 729.1528 525.8718 106.3347 192.1894 183.8832 169.8911 311.1052 658.3418 227.7153 183.4107 275.176 121.7453 267.3046 167.9183 270.7428 665.1996;
	3.8939 52.6145 94.2101 116.9969 15.3747 23.1263 12.8566 17.8652 19.8257 21.7195 40.1482 59.8933 90.169 36.4066 200.6307 75.5865 93.7832 99.3822 56.1422 71.4923 4.2855 53.9614 71.3429 87.3401 99.7896 71.0309 13.4307 511.4343 705.2744 705.2744 493.3959 91.9208 187.1406 184.0213 114.1397 300.9171 713.032 242.1581 101.3956 267.2935 120.2083 256.548 170.7333 269.863 720.4594;
	3.9106 52.8408 93.6222 118.5061 15.4164 22.4456 8.31 17.8681 14.0861 24.9407 46.1025 68.7758 103.5416 33.3968 194.8351 73.403 91.0741 96.5113 70.0779 70.9012 2.77 52.3731 72.314 88.127 100.15 73.2488 13.315 379.4911 691.6504 691.6504 452.3734 84.5724 233.593 182.4998 104.7035 295.1042 620.8946 244.2432 131.8612 268.259 118.6926 248.9968 178.8154 256.2197 627.3622;
	3.7365 50.4889 95.1247 120.9889 15.4053 14.5598 10.3409 19.0846 23.7145 29.2126 53.999 80.556 121.2765 25.799 193.1294 72.7604 90.2767 95.6664 65.281 71.7837 3.447 33.9728 75.2153 89.6477 105.6624 75.3852 14.0935 394.1038 564.3045 564.3045 423.7054 91.588 217.6032 184.7714 80.8835 240.7699 498.4577 228.5857 150.6282 283.0243 122.3007 161.5165 172.3537 258.0286 503.65;
	3.5643 48.1621 95.1585 120.3482 15.3118 21.8688 14.482 18.7355 27.0127 29.6487 54.8051 81.7585 123.087 36.2202 197.4954 74.4052 92.3176 97.8291 66.8321 73.3221 4.8273 51.0271 74.7299 89.1217 105.5309 73.6599 13.5623 877.6706 476.7056 476.7056 292.4638 84.6465 222.7736 188.7312 113.5554 203.3944 815.8107 222.2708 135.3609 282.6721 117.9832 242.5974 143.5775 251.0082 824.3087;
	3.1564 42.6504 93.6391 116.9591 14.9427 20.0355 3.086 18.1523 10.7515 29.7417 54.9772 82.0151 123.4733 57.6601 190.1671 71.6443 88.8921 94.1991 70.7019 71.9413 1.0287 46.7495 73.7446 86.3182 99.9169 72.125 13.4243 1104.1017 551.0468 551.0468 201.496 54.4298 235.6729 185.1772 180.7723 235.1133 966.199 196.5564 134.3994 267.6345 118.6524 222.2604 168.3476 257.5719 976.2636;
