function loadprofile = ex_load_profilesh1
%EX_LOAD_PROFILE  Example load profile data file for stochastic unit commitment.
% 2022.03.12
% Andres F. Ramirez

%% define constants
[CT_LABEL, CT_PROB, CT_TABLE, CT_TBUS, CT_TGEN, CT_TBRCH, CT_TAREABUS, ...
    CT_TAREAGEN, CT_TAREABRCH, CT_ROW, CT_COL, CT_CHGTYPE, CT_REP, ...
    CT_REL, CT_ADD, CT_NEWVAL, CT_TLOAD, CT_TAREALOAD, CT_LOAD_ALL_PQ, ...
    CT_LOAD_FIX_PQ, CT_LOAD_DIS_PQ, CT_LOAD_ALL_P, CT_LOAD_FIX_P, ...
    CT_LOAD_DIS_P, CT_TGENCOST, CT_TAREAGENCOST, CT_MODCOST_F, ...
    CT_MODCOST_X] = idx_ct;

loadprofile = struct( ...
    'type', 'mpcData', ...
    'table', CT_TAREALOAD, ...
    'rows', [1:11], ...
    'col', CT_LOAD_ALL_P, ...
    'chgtype', 1, ...
    'values', [] );
loadprofile.values(:,1,:) = [
	1416.8 794.2814 1447.9635 492.8662 711.7 1043.8144 764.3252 218.6 451.4 3850.4533 1420.6018;
	1429.2627 804.4221 1452.8875 483.8405 706.8994 1035.8087 766.4 213.3451 438.1724 3870.8503 1383.4083;
	1425.4269 807.0325 1472.1998 501.085 726.0 1062.2162 778.4948 220.0677 433.2932 3998.4708 1416.6927;
	1507.8867 873.9908 1582.8 508.9829 819.4 1121.3083 841.8254 246.1796 477.5615 4312.6148 1570.315;
	1682.6483 982.0363 1762.8075 548.7853 926.6896 1271.0288 931.9914 286.5502 478.5126 4700.2754 1833.1574;
	1778.3658 1080.9644 1929.5779 529.6791 1004.8735 1361.0786 983.1405 293.8921 584.8864 5256.9971 2070.6922;
	1800.1 1117.6 1939.5968 526.3498 1007.7933 1385.0048 1023.4552 316.0871 641.9921 5742.9318 2212.2712;
	1852.4052 1144.1502 1967.1305 545.7 1033.8172 1427.8031 1051.1509 320.7019 693.7976 5899.6171 2273.2;
	1854.8422 1138.2791 1986.1055 539.3848 1014.9244 1410.6428 1039.4846 329.4371 705.9888 5978.3732 2243.605;
	1851.1936 1145.3523 1978.109 532.0169 1017.006 1430.1198 1039.6198 339.6054 707.5585 6076.3795 2220.2738;
	1798.6349 1104.3134 1922.0457 544.5983 990.8761 1402.1509 1038.1 333.2246 716.1577 6020.5347 2167.6469;
	1804.1228 1095.1773 1871.1382 524.8744 996.2863 1387.1939 1038.5073 341.6264 707.2 6058.5075 2259.4741;
	1769.5186 1086.5796 1857.8121 525.0462 972.8344 1373.9005 1008.2742 322.5 672.6964 5929.2452 2154.6276;
	1717.0699 1063.1656 1869.79 518.4346 970.3009 1393.6752 1025.1 326.0948 675.9022 5840.5201 2187.2076;
	1707.3963 1043.5161 1885.6565 523.3738 1008.9149 1412.6517 1030.8306 310.8614 672.955 5845.4 2216.1457;
	1681.1058 1018.0306 1876.6476 537.9295 1039.546 1396.3942 1067.7 303.0822 653.9835 5805.1041 2241.0171;
	1727.9444 1028.6652 1860.7 556.9823 1038.7955 1412.4276 1047.3577 300.0452 667.3127 5533.7735 2288.2624;
	1728.6634 1062.5957 1887.6145 552.8663 1045.9661 1473.8244 1111.4 314.5 705.9856 5686.6794 2362.4117;
	1766.4613 1068.7339 1855.5259 565.9677 1059.3893 1412.63 1085.1538 313.026 685.0936 5482.6453 2317.939;
	1715.6045 1023.4211 1793.7317 541.1458 1024.1893 1362.6648 1054.7763 305.1591 657.8586 5365.6566 2241.0173;
	1654.8439 949.7993 1689.6726 531.1 943.4916 1306.2135 989.887 276.6 608.3623 5117.5984 2072.7828;
	1576.7929 850.0796 1566.4349 519.0 874.0282 1190.3658 891.0569 244.6178 567.6807 4693.6717 1857.4454;
	1508.3202 847.8681 1503.7945 518.2 797.517 1157.7018 885.9075 256.5 533.2653 4356.2856 1732.3344;
	1450.028 823.2329 1438.1245 543.5 768.737 1154.4164 864.3169 235.9931 528.9 4329.3177 1682.9042;
];
