function solarprofile = ex_solar_profilesh1
%EX_WIND_PROFILE_D  Example wind_load_nyiso profile data for deterministic unit commitment.
% 2022.03.12
% Andres F. Ramirez


%% define constants
[GEN_BUS, PG, QG, QMAX, QMIN, VG, MBASE, GEN_STATUS, PMAX, PMIN, ...
    MU_PMAX, MU_PMIN, MU_QMAX, MU_QMIN, PC1, PC2, QC1MIN, QC1MAX, ...
    QC2MIN, QC2MAX, RAMP_AGC, RAMP_10, RAMP_30, RAMP_Q, APF] = idx_gen;
[CT_LABEL, CT_PROB, CT_TABLE, CT_TBUS, CT_TGEN, CT_TBRCH, CT_TAREABUS, ...
    CT_TAREAGEN, CT_TAREABRCH, CT_ROW, CT_COL, CT_CHGTYPE, CT_REP, ...
    CT_REL, CT_ADD, CT_NEWVAL, CT_TLOAD, CT_TAREALOAD, CT_LOAD_ALL_PQ, ...
    CT_LOAD_FIX_PQ, CT_LOAD_DIS_PQ, CT_LOAD_ALL_P, CT_LOAD_FIX_P, ...
    CT_LOAD_DIS_P, CT_TGENCOST, CT_TAREAGENCOST, CT_MODCOST_F, ...
    CT_MODCOST_X] = idx_ct;

solarprofile = struct( ...
    'type', 'mpcData', ...
    'table', CT_TGEN, ...
    'rows', [1:12], ...
    'col', PMAX, ...
    'chgtype', 1, ...
    'values', [] );
solarprofile.values(:,1,:) = [
	0.0 0.0 0.0 0.0 0.0 0.0 0.0 0.0 0.0 0.0 0.0 0.0;
	0.0 0.0 0.0 0.0 0.0 0.0 0.0 0.0 0.0 0.0 0.0 0.0;
	0.0 0.0 0.0 0.0 0.0 0.0 0.0 0.0 0.0 0.0 0.0 0.0;
	0.0 0.0 0.0 0.0 0.0 0.0 0.0 0.0 0.0 0.0 0.0 0.0;
	0.0 0.0 0.0 0.0 0.0 0.0 0.0 0.0 0.0 0.0 0.0 0.0;
	0.4095 0.3502 0.302 0.0 0.0 0.1765 0.0221 0.1431 0.0956 0.0 0.0 0.0;
	3.0799 3.1713 3.1676 1.3838 4.6384 89.1988 11.1498 11.9773 37.9582 23.9786 22.2625 43.4254;
	8.4771 7.1356 6.0827 2.288 7.1754 112.5732 14.0716 7.8263 40.8245 46.17 81.7297 83.6141;
	14.8523 13.6244 9.5322 2.5952 6.4558 127.9143 15.9893 10.7393 50.4122 47.0443 96.9426 85.1976;
	21.7445 17.3712 13.9948 8.2779 12.4965 198.0616 24.7577 31.1505 145.9552 31.2274 21.1321 56.553;
	22.3697 17.2351 14.0769 9.6667 12.0203 273.2896 34.1612 51.5272 147.9307 9.9938 28.6721 18.0988;
	21.1736 16.612 14.0154 10.4223 11.8925 297.1447 37.1431 51.2809 137.8233 16.6057 81.8455 30.073;
	11.934 10.8307 11.4044 10.7407 9.9315 302.0074 37.7509 29.0113 236.31 142.3251 128.3938 257.7515;
	8.9014 8.2647 9.3192 10.5084 10.1934 261.2312 32.6539 18.2618 257.3528 171.7501 114.2748 311.0405;
	6.4374 7.6498 7.8758 9.1512 10.0791 205.8871 25.7359 14.0646 254.2797 121.2629 66.7164 219.6078;
	1.9773 2.3757 3.0137 4.1632 5.4564 163.1092 20.3886 13.3134 175.8598 5.8884 0.0 10.6639;
	0.4146 0.3395 0.4893 1.0483 1.2796 53.2886 6.6611 3.8007 40.9412 0.758 1.8998 1.3728;
	0.0 0.0 0.0 0.0 0.0 0.0 0.0 0.0 0.0 0.0 0.0 0.0;
	0.0 0.0 0.0 0.0 0.0 0.0 0.0 0.0 0.0 0.0 0.0 0.0;
	0.0 0.0 0.0 0.0 0.0 0.0 0.0 0.0 0.0 0.0 0.0 0.0;
	0.0 0.0 0.0 0.0 0.0 0.0 0.0 0.0 0.0 0.0 0.0 0.0;
	0.0 0.0 0.0 0.0 0.0 0.0 0.0 0.0 0.0 0.0 0.0 0.0;
	0.0 0.0 0.0 0.0 0.0 0.0 0.0 0.0 0.0 0.0 0.0 0.0;
	0.0 0.0 0.0 0.0 0.0 0.0 0.0 0.0 0.0 0.0 0.0 0.0;
];
