function solarprofile = ex_solar_profilesh1
%EX_WIND_PROFILE_D  Example wind_load_nyiso profile data for deterministic unit commitment.
% 2022.03.12
% Andres F. Ramirez


%% define constants
[GEN_BUS, PG, QG, QMAX, QMIN, VG, MBASE, GEN_STATUS, PMAX, PMIN, ...
    MU_PMAX, MU_PMIN, MU_QMAX, MU_QMIN, PC1, PC2, QC1MIN, QC1MAX, ...
    QC2MIN, QC2MAX, RAMP_AGC, RAMP_10, RAMP_30, RAMP_Q, APF] = idx_gen;
[CT_LABEL, CT_PROB, CT_TABLE, CT_TBUS, CT_TGEN, CT_TBRCH, CT_TAREABUS, ...
    CT_TAREAGEN, CT_TAREABRCH, CT_ROW, CT_COL, CT_CHGTYPE, CT_REP, ...
    CT_REL, CT_ADD, CT_NEWVAL, CT_TLOAD, CT_TAREALOAD, CT_LOAD_ALL_PQ, ...
    CT_LOAD_FIX_PQ, CT_LOAD_DIS_PQ, CT_LOAD_ALL_P, CT_LOAD_FIX_P, ...
    CT_LOAD_DIS_P, CT_TGENCOST, CT_TAREAGENCOST, CT_MODCOST_F, ...
    CT_MODCOST_X] = idx_ct;

solarprofile = struct( ...
    'type', 'mpcData', ...
    'table', CT_TGEN, ...
    'rows', [1:12], ...
    'col', PMAX, ...
    'chgtype', 1, ...
    'values', [] );
solarprofile.values(:,1,:) = [
	0.0 0.0 0.0 0.0 0.0 0.0 0.0 0.0 0.0 0.0 0.0 0.0;
	0.0 0.0 0.0 0.0 0.0 0.0 0.0 0.0 0.0 0.0 0.0 0.0;
	0.0 0.0 0.0 0.0 0.0 0.0 0.0 0.0 0.0 0.0 0.0 0.0;
	0.0 0.0 0.0 0.0 0.0 0.0 0.0 0.0 0.0 0.0 0.0 0.0;
	0.0 0.0 0.0 0.0 0.0 0.0 0.0 0.0 0.0 0.0 0.0 0.0;
	0.4095 0.3629 0.3277 0.0 0.0 0.2277 0.0285 0.3503 0.0956 0.0 0.0 0.0;
	1.7299 1.2716 1.3825 6.2708 5.0834 119.6267 14.9533 5.1855 74.0181 71.2915 39.9245 129.1093;
	2.0493 1.5036 1.669 10.5861 5.7933 202.9709 25.3714 15.3517 132.4707 138.9701 86.8078 251.6757;
	2.0434 2.4345 2.3583 11.7445 6.0241 223.5077 27.9385 26.9196 152.9973 215.1567 117.9116 389.6501;
	2.7853 8.4024 8.0424 11.4527 12.5103 219.4778 27.4347 25.1223 112.1053 294.7295 141.7136 533.7569;
	8.5246 12.0516 11.1871 11.3201 11.7488 268.3275 33.5409 31.0664 148.26 294.4499 163.2944 533.2505;
	11.4549 11.9025 11.0768 11.3667 10.6573 290.0148 36.2518 28.967 163.997 286.5841 164.4768 519.0055;
	5.8207 6.8939 5.6011 11.0282 6.042 293.4193 36.6774 14.2558 200.8151 243.48 107.773 440.9438;
	4.8546 6.8412 3.9857 9.8284 4.8796 262.9347 32.8668 9.4561 173.2888 224.1025 111.5387 405.8509;
	3.8506 5.8568 4.0554 4.9359 2.7953 241.6621 30.2078 8.7126 119.0301 199.905 94.0606 362.0292;
	2.7395 3.4477 2.2766 1.0791 0.9946 309.7881 38.7235 19.4262 90.8164 23.0979 11.2694 41.8305;
	1.1563 0.7272 0.7195 1.1838 1.1323 80.2982 10.0373 9.2761 43.7503 6.4115 4.0199 11.6112;
	0.0 0.0 0.0 0.0 0.0 0.0 0.0 0.0 0.0 0.0 0.0 0.0;
	0.0 0.0 0.0 0.0 0.0 0.0 0.0 0.0 0.0 0.0 0.0 0.0;
	0.0 0.0 0.0 0.0 0.0 0.0 0.0 0.0 0.0 0.0 0.0 0.0;
	0.0 0.0 0.0 0.0 0.0 0.0 0.0 0.0 0.0 0.0 0.0 0.0;
	0.0 0.0 0.0 0.0 0.0 0.0 0.0 0.0 0.0 0.0 0.0 0.0;
	0.0 0.0 0.0 0.0 0.0 0.0 0.0 0.0 0.0 0.0 0.0 0.0;
	0.0 0.0 0.0 0.0 0.0 0.0 0.0 0.0 0.0 0.0 0.0 0.0;
];
