function solarprofile = ex_solar_profilesh1
%EX_WIND_PROFILE_D  Example wind_load_nyiso profile data for deterministic unit commitment.
% 2022.03.12
% Andres F. Ramirez


%% define constants
[GEN_BUS, PG, QG, QMAX, QMIN, VG, MBASE, GEN_STATUS, PMAX, PMIN, ...
    MU_PMAX, MU_PMIN, MU_QMAX, MU_QMIN, PC1, PC2, QC1MIN, QC1MAX, ...
    QC2MIN, QC2MAX, RAMP_AGC, RAMP_10, RAMP_30, RAMP_Q, APF] = idx_gen;
[CT_LABEL, CT_PROB, CT_TABLE, CT_TBUS, CT_TGEN, CT_TBRCH, CT_TAREABUS, ...
    CT_TAREAGEN, CT_TAREABRCH, CT_ROW, CT_COL, CT_CHGTYPE, CT_REP, ...
    CT_REL, CT_ADD, CT_NEWVAL, CT_TLOAD, CT_TAREALOAD, CT_LOAD_ALL_PQ, ...
    CT_LOAD_FIX_PQ, CT_LOAD_DIS_PQ, CT_LOAD_ALL_P, CT_LOAD_FIX_P, ...
    CT_LOAD_DIS_P, CT_TGENCOST, CT_TAREAGENCOST, CT_MODCOST_F, ...
    CT_MODCOST_X] = idx_ct;

solarprofile = struct( ...
    'type', 'mpcData', ...
    'table', CT_TGEN, ...
    'rows', [1:12], ...
    'col', PMAX, ...
    'chgtype', 1, ...
    'values', [] );
solarprofile.values(:,1,:) = [
	0.0 0.0 0.0 0.0 0.0 0.0 0.0 0.0 0.0 0.0 0.0 0.0;
	0.0 0.0 0.0 0.0 0.0 0.0 0.0 0.0 0.0 0.0 0.0 0.0;
	0.0 0.0 0.0 0.0 0.0 0.0 0.0 0.0 0.0 0.0 0.0 0.0;
	0.0 0.0 0.0 0.0 0.0 0.0 0.0 0.0 0.0 0.0 0.0 0.0;
	0.0 0.0 0.0 0.0 0.0 0.0 0.0 0.0 0.0 0.0 0.0 0.0;
	0.4095 0.3481 0.302 0.0 0.0 1.1513 0.1439 0.1431 0.0956 0.0 0.0 0.0;
	1.304 1.547 1.2783 0.6203 6.8684 121.0687 15.1336 10.9177 88.0709 48.9054 14.0261 88.5679;
	8.5514 6.6026 5.5223 4.6405 11.295 156.244 19.5305 25.0783 142.1197 83.8422 27.8661 151.8388;
	16.7921 11.4835 9.2544 7.9124 10.7505 174.2015 21.7752 38.4309 159.3 102.4013 44.9818 185.4494;
	17.8634 11.7952 10.364 9.9628 12.8499 113.63 14.2037 41.3188 126.3667 109.8159 42.2014 198.8773;
	17.2094 12.0528 8.0248 10.1462 12.1276 116.2417 14.5302 43.0253 106.8877 161.6789 90.026 292.8014;
	16.2986 8.6809 5.2491 10.8235 11.8102 114.7423 14.3428 44.8853 97.075 235.882 138.6968 427.1837;
	5.1892 1.1625 1.501 10.8454 8.4499 168.2855 21.0357 51.068 198.1338 212.8983 92.7538 385.56;
	4.3065 1.6143 1.5157 10.2511 8.1229 129.3289 16.1661 42.5312 201.9134 183.8725 73.4988 332.9942;
	3.1483 1.8978 1.7609 7.6584 7.5702 73.8026 9.2253 30.5822 182.2463 119.2477 30.0809 215.9583;
	1.9217 1.496 1.2631 3.7594 4.4128 45.4382 5.6798 15.3095 104.2482 14.042 0.0 25.4301;
	0.6663 0.5312 0.3464 1.9731 2.0643 50.8868 6.3608 4.1439 40.9412 6.0313 2.1544 10.9227;
	0.0 0.0 0.0 0.0 0.0 0.0 0.0 0.0 0.0 0.0 0.0 0.0;
	0.0 0.0 0.0 0.0 0.0 0.0 0.0 0.0 0.0 0.0 0.0 0.0;
	0.0 0.0 0.0 0.0 0.0 0.0 0.0 0.0 0.0 0.0 0.0 0.0;
	0.0 0.0 0.0 0.0 0.0 0.0 0.0 0.0 0.0 0.0 0.0 0.0;
	0.0 0.0 0.0 0.0 0.0 0.0 0.0 0.0 0.0 0.0 0.0 0.0;
	0.0 0.0 0.0 0.0 0.0 0.0 0.0 0.0 0.0 0.0 0.0 0.0;
	0.0 0.0 0.0 0.0 0.0 0.0 0.0 0.0 0.0 0.0 0.0 0.0;
];
