function solarprofile = ex_solar_profilesh1
%EX_WIND_PROFILE_D  Example wind_load_nyiso profile data for deterministic unit commitment.
% 2022.03.12
% Andres F. Ramirez


%% define constants
[GEN_BUS, PG, QG, QMAX, QMIN, VG, MBASE, GEN_STATUS, PMAX, PMIN, ...
    MU_PMAX, MU_PMIN, MU_QMAX, MU_QMIN, PC1, PC2, QC1MIN, QC1MAX, ...
    QC2MIN, QC2MAX, RAMP_AGC, RAMP_10, RAMP_30, RAMP_Q, APF] = idx_gen;
[CT_LABEL, CT_PROB, CT_TABLE, CT_TBUS, CT_TGEN, CT_TBRCH, CT_TAREABUS, ...
    CT_TAREAGEN, CT_TAREABRCH, CT_ROW, CT_COL, CT_CHGTYPE, CT_REP, ...
    CT_REL, CT_ADD, CT_NEWVAL, CT_TLOAD, CT_TAREALOAD, CT_LOAD_ALL_PQ, ...
    CT_LOAD_FIX_PQ, CT_LOAD_DIS_PQ, CT_LOAD_ALL_P, CT_LOAD_FIX_P, ...
    CT_LOAD_DIS_P, CT_TGENCOST, CT_TAREAGENCOST, CT_MODCOST_F, ...
    CT_MODCOST_X] = idx_ct;

solarprofile = struct( ...
    'type', 'mpcData', ...
    'table', CT_TGEN, ...
    'rows', [1:12], ...
    'col', PMAX, ...
    'chgtype', 1, ...
    'values', [] );
solarprofile.values(:,1,:) = [
	0.0 0.0 0.0 0.0 0.0 0.0 0.0 0.0 0.0 0.0 0.0 0.0;
	0.0 0.0 0.0 0.0 0.0 0.0 0.0 0.0 0.0 0.0 0.0 0.0;
	0.0 0.0 0.0 0.0 0.0 0.0 0.0 0.0 0.0 0.0 0.0 0.0;
	0.0 0.0 0.0 0.0 0.0 0.0 0.0 0.0 0.0 0.0 0.0 0.0;
	0.0 0.0 0.0 0.0 0.0 0.0 0.0 0.0 0.0 0.0 0.0 0.0;
	0.4095 0.3481 0.302 0.0 0.0 1.1872 0.1484 0.1431 0.0956 0.0 0.0 0.0;
	5.104 3.2344 2.6789 6.3735 3.7894 87.2599 10.9075 3.8896 19.4644 194.3927 121.7552 352.0464;
	9.2888 7.9459 5.4195 5.5311 8.525 82.1631 10.2704 8.3392 29.8875 318.8142 214.2678 577.3744;
	13.4589 12.385 6.6458 5.6091 9.1014 56.5064 7.0633 9.3905 17.3369 336.4861 174.9815 609.3784;
	16.394 12.5822 10.3641 10.4333 12.5149 6.2801 0.785 2.7907 0.0 309.272 118.5174 560.0934;
	19.327 14.4467 11.4828 10.8531 12.0383 0.0 0.0 3.0809 4.1457 275.3652 157.421 498.688;
	20.3798 14.7967 11.9718 10.7633 12.211 3.4 0.425 4.066 9.3064 265.9728 166.3859 481.6783;
	15.2836 10.9502 9.6607 10.6765 11.8513 115.6814 14.4602 8.4652 178.5277 208.4469 118.0973 377.4987;
	13.3799 9.4141 9.0956 10.1597 11.639 151.7417 18.9677 8.8288 204.1852 190.6785 106.8189 345.3199;
	12.7681 8.9596 8.1399 8.0614 10.4578 104.4534 13.0567 6.8608 192.6019 181.1286 78.5434 328.025;
	5.3388 3.0492 3.1109 4.0736 5.3219 42.5754 5.3219 5.4493 146.4364 65.3662 11.7671 118.3786;
	0.7028 0.7224 0.4874 1.1559 2.3926 50.6424 6.3303 3.8586 47.8999 89.38 14.7721 161.8677;
	0.0 0.0 0.0 0.0 0.0 0.0 0.0 0.0 0.0 0.0 0.0 0.0;
	0.0 0.0 0.0 0.0 0.0 0.0 0.0 0.0 0.0 0.0 0.0 0.0;
	0.0 0.0 0.0 0.0 0.0 0.0 0.0 0.0 0.0 0.0 0.0 0.0;
	0.0 0.0 0.0 0.0 0.0 0.0 0.0 0.0 0.0 0.0 0.0 0.0;
	0.0 0.0 0.0 0.0 0.0 0.0 0.0 0.0 0.0 0.0 0.0 0.0;
	0.0 0.0 0.0 0.0 0.0 0.0 0.0 0.0 0.0 0.0 0.0 0.0;
	0.0 0.0 0.0 0.0 0.0 0.0 0.0 0.0 0.0 0.0 0.0 0.0;
];
