function loadprofile = ex_load_profilesh1
%EX_LOAD_PROFILE  Example load profile data file for stochastic unit commitment.
% 2022.03.12
% Andres F. Ramirez

%% define constants
[CT_LABEL, CT_PROB, CT_TABLE, CT_TBUS, CT_TGEN, CT_TBRCH, CT_TAREABUS, ...
    CT_TAREAGEN, CT_TAREABRCH, CT_ROW, CT_COL, CT_CHGTYPE, CT_REP, ...
    CT_REL, CT_ADD, CT_NEWVAL, CT_TLOAD, CT_TAREALOAD, CT_LOAD_ALL_PQ, ...
    CT_LOAD_FIX_PQ, CT_LOAD_DIS_PQ, CT_LOAD_ALL_P, CT_LOAD_FIX_P, ...
    CT_LOAD_DIS_P, CT_TGENCOST, CT_TAREAGENCOST, CT_MODCOST_F, ...
    CT_MODCOST_X] = idx_ct;

loadprofile = struct( ...
    'type', 'mpcData', ...
    'table', CT_TAREALOAD, ...
    'rows', [1:11], ...
    'col', CT_LOAD_ALL_P, ...
    'chgtype', 1, ...
    'values', [] );
loadprofile.values(:,1,:) = [
	1438.1 882.4921 1480.5216 540.4 739.5071 1125.3893 844.0571 243.4797 540.8957 4442.4 1643.6843;
	1446.4997 888.1181 1494.8177 535.1 709.5221 1117.8106 834.9379 242.1 526.3252 4380.1924 1637.9558;
	1482.4 894.2618 1494.4008 525.0834 725.0228 1112.1201 822.4 239.817 517.8092 4362.0 1641.7;
	1545.8491 970.7 1577.955 545.4224 766.8 1186.7965 867.395 262.0 558.1477 4544.5963 1752.9444;
	1692.5919 1092.2721 1793.5835 574.5524 881.6 1345.9622 982.825 297.54 640.5031 5044.534 1981.9224;
	1842.152 1177.8579 1880.1128 586.051 920.6993 1418.7973 1033.2362 321.0 680.7272 5553.8726 2129.9644;
	1881.0 1194.1457 1890.8865 577.4404 928.584 1412.0415 1088.5 302.5699 719.4436 5911.6951 2223.8985;
	1924.4743 1176.4394 1857.6023 556.2 932.3881 1409.7 1097.6 295.1644 727.5545 6032.2814 2229.4249;
	1887.8127 1154.8168 1848.1974 549.3123 916.5771 1345.0571 1076.9703 287.5765 721.0303 5990.62 2212.4025;
	1902.235 1151.9627 1824.3987 568.9711 905.6748 1397.0371 1121.3298 280.8597 720.6712 6144.8776 2237.9;
	1910.404 1157.6702 1849.1407 576.5345 909.3653 1406.6924 1137.4049 285.9489 731.5581 6116.6907 2200.9758;
	1904.67 1134.0 1809.2224 563.2867 882.5072 1358.4981 1097.0046 295.9388 690.1733 5972.123 2054.6032;
	1845.6507 1088.2381 1760.9841 547.3729 904.4393 1331.9023 1068.6531 298.5307 680.2943 5935.9623 2086.9454;
	1828.4158 1068.4612 1752.4923 543.39 926.7815 1328.5458 1034.2146 312.3907 678.2009 5961.4397 2040.1615;
	1820.4 1073.3961 1773.3387 539.0668 960.4312 1372.9086 1044.7716 324.1477 673.8977 5936.8463 2087.0284;
	1774.6 1074.587 1797.8977 543.1808 949.2026 1342.3675 1022.7718 314.5832 658.7 5895.3093 2147.5985;
	1847.8998 1079.2147 1869.0 552.7919 980.3294 1356.0134 1013.5 315.484 650.3 5846.1073 2190.3248;
	1845.4609 1119.3 1911.2204 561.4819 1015.8603 1400.9485 1070.2761 338.5 685.9289 5894.6505 2361.291;
	1872.1 1143.1 1951.2384 568.504 989.4417 1359.4 1062.7 338.3075 667.6448 5708.9137 2296.2473;
	1802.3042 1068.2988 1845.2 559.4 949.075 1289.3517 1005.5635 315.0492 629.6245 5516.3926 2207.2156;
	1746.7713 1016.9597 1755.1775 542.3963 857.8938 1181.7516 896.9893 282.1624 575.3112 5151.744 2001.367;
	1628.8845 942.0677 1628.6371 531.6962 809.9807 1118.3524 825.1237 257.6481 527.3 4775.5606 1874.6918;
	1593.2224 933.2869 1561.0232 534.9661 753.8959 1122.7626 829.1798 241.0181 472.005 4683.8666 1765.0;
	1536.3769 896.631 1511.1 536.7226 718.5022 1123.1131 805.8534 235.3695 485.9476 4537.9706 1656.6362;
];
