function solarprofile = ex_solar_profilesh1
%EX_WIND_PROFILE_D  Example wind_load_nyiso profile data for deterministic unit commitment.
% 2022.03.12
% Andres F. Ramirez


%% define constants
[GEN_BUS, PG, QG, QMAX, QMIN, VG, MBASE, GEN_STATUS, PMAX, PMIN, ...
    MU_PMAX, MU_PMIN, MU_QMAX, MU_QMIN, PC1, PC2, QC1MIN, QC1MAX, ...
    QC2MIN, QC2MAX, RAMP_AGC, RAMP_10, RAMP_30, RAMP_Q, APF] = idx_gen;
[CT_LABEL, CT_PROB, CT_TABLE, CT_TBUS, CT_TGEN, CT_TBRCH, CT_TAREABUS, ...
    CT_TAREAGEN, CT_TAREABRCH, CT_ROW, CT_COL, CT_CHGTYPE, CT_REP, ...
    CT_REL, CT_ADD, CT_NEWVAL, CT_TLOAD, CT_TAREALOAD, CT_LOAD_ALL_PQ, ...
    CT_LOAD_FIX_PQ, CT_LOAD_DIS_PQ, CT_LOAD_ALL_P, CT_LOAD_FIX_P, ...
    CT_LOAD_DIS_P, CT_TGENCOST, CT_TAREAGENCOST, CT_MODCOST_F, ...
    CT_MODCOST_X] = idx_ct;

solarprofile = struct( ...
    'type', 'mpcData', ...
    'table', CT_TGEN, ...
    'rows', [1:12], ...
    'col', PMAX, ...
    'chgtype', 1, ...
    'values', [] );
solarprofile.values(:,1,:) = [
	0.0 0.0 0.0 0.0 0.0 0.0 0.0 0.0 0.0 0.0 0.0 0.0;
	0.0 0.0 0.0 0.0 0.0 0.0 0.0 0.0 0.0 0.0 0.0 0.0;
	0.0 0.0 0.0 0.0 0.0 0.0 0.0 0.0 0.0 0.0 0.0 0.0;
	0.0 0.0 0.0 0.0 0.0 0.0 0.0 0.0 0.0 0.0 0.0 0.0;
	0.0 0.0 0.0 0.0 0.0 0.0 0.0 0.0 0.0 0.0 0.0 0.0;
	0.4123 0.3626 0.302 0.0 0.0 0.1765 0.0221 0.391 0.1303 0.0 0.0 0.0;
	5.2101 4.8284 3.1286 2.2536 0.868 61.3993 7.6749 12.4675 55.0463 184.7253 27.8643 334.5387;
	9.1141 7.8092 6.6539 2.9362 3.4986 151.4717 18.934 15.4426 84.7398 269.691 110.6723 488.4121;
	11.8267 11.3054 8.979 3.859 4.8995 204.3616 25.5452 19.9173 119.8501 309.8923 153.4541 561.2169;
	5.399 8.8213 9.4863 8.8857 12.476 226.3311 28.2914 23.1164 170.5805 308.2539 126.2361 558.2496;
	9.441 11.6305 11.5766 9.1152 11.6315 210.6832 26.3354 31.2361 191.2007 289.7856 115.3534 524.8035;
	15.2259 12.7626 12.6449 8.5709 11.5222 151.0194 18.8774 31.6013 184.6803 292.0666 136.1103 528.9343;
	11.3932 8.0585 8.6993 9.2971 10.4417 76.8967 9.6121 24.7781 213.4905 280.4671 140.6569 507.9276;
	8.3477 5.0183 4.5454 8.6553 10.9497 86.5286 10.8161 17.9255 212.2 270.9995 138.7236 490.7817;
	2.8592 1.3825 1.2335 6.843 9.7545 115.6539 14.4567 18.4527 210.3375 231.6447 109.4203 419.51;
	0.2215 0.0 0.0 3.1178 3.7016 241.7831 30.2229 32.3099 224.4825 34.5156 10.4982 62.5079;
	0.2107 0.1875 0.1816 1.3605 1.8567 77.2998 9.6625 9.8938 57.0214 28.951 15.7284 52.4305;
	0.0 0.0 0.0 0.0 0.0 0.0 0.0 0.0 0.0 0.0 0.0 0.0;
	0.0 0.0 0.0 0.0 0.0 0.0 0.0 0.0 0.0 0.0 0.0 0.0;
	0.0 0.0 0.0 0.0 0.0 0.0 0.0 0.0 0.0 0.0 0.0 0.0;
	0.0 0.0 0.0 0.0 0.0 0.0 0.0 0.0 0.0 0.0 0.0 0.0;
	0.0 0.0 0.0 0.0 0.0 0.0 0.0 0.0 0.0 0.0 0.0 0.0;
	0.0 0.0 0.0 0.0 0.0 0.0 0.0 0.0 0.0 0.0 0.0 0.0;
	0.0 0.0 0.0 0.0 0.0 0.0 0.0 0.0 0.0 0.0 0.0 0.0;
];
