function loadprofile = ex_load_profilesh1
%EX_LOAD_PROFILE  Example load profile data file for stochastic unit commitment.
% 2022.03.12
% Andres F. Ramirez

%% define constants
[CT_LABEL, CT_PROB, CT_TABLE, CT_TBUS, CT_TGEN, CT_TBRCH, CT_TAREABUS, ...
    CT_TAREAGEN, CT_TAREABRCH, CT_ROW, CT_COL, CT_CHGTYPE, CT_REP, ...
    CT_REL, CT_ADD, CT_NEWVAL, CT_TLOAD, CT_TAREALOAD, CT_LOAD_ALL_PQ, ...
    CT_LOAD_FIX_PQ, CT_LOAD_DIS_PQ, CT_LOAD_ALL_P, CT_LOAD_FIX_P, ...
    CT_LOAD_DIS_P, CT_TGENCOST, CT_TAREAGENCOST, CT_MODCOST_F, ...
    CT_MODCOST_X] = idx_ct;

loadprofile = struct( ...
    'type', 'mpcData', ...
    'table', CT_TAREALOAD, ...
    'rows', [1:11], ...
    'col', CT_LOAD_ALL_P, ...
    'chgtype', 1, ...
    'values', [] );
loadprofile.values(:,1,:) = [
	1467.9461 868.8 1596.6359 531.2318 784.9 1128.4699 830.1082 254.0 500.8321 4281.9277 1693.7105;
	1456.6184 866.3357 1584.3382 528.0004 768.7524 1115.1373 806.1252 243.5 476.4839 4089.4615 1660.6465;
	1478.627 889.0151 1583.8395 529.5 766.8867 1145.4585 812.8546 244.6638 495.1 4250.8989 1699.9936;
	1548.2069 946.1423 1696.205 550.9 824.7 1210.8955 863.0762 270.4 536.4047 4378.9563 1817.9337;
	1700.1964 1063.9063 1922.3243 572.3673 957.9935 1363.194 972.6054 307.0605 611.9 4922.8979 2064.8813;
	1829.4799 1137.0779 2039.8682 571.9323 1009.6445 1418.6721 1067.8 346.8375 708.8946 5543.7059 2219.5615;
	1850.9964 1152.1 2045.6284 565.2246 1013.6 1431.8247 1115.0553 353.5283 731.0756 5856.0973 2309.4;
	1831.4678 1150.1879 2023.4691 554.5527 1040.5435 1432.9043 1107.5 340.6 741.3 6030.8518 2316.1656;
	1858.6554 1133.3318 2024.1025 530.5323 1016.0706 1424.6174 1161.0 344.2947 747.9775 6138.5022 2385.2;
	1853.0831 1135.0011 2004.025 529.0896 988.4 1397.3029 1142.544 333.8726 735.1744 6188.8175 2380.1222;
	1775.6545 1072.8597 1949.2651 511.2968 985.2298 1342.0476 1113.0 343.7757 717.9148 6207.4 2298.5869;
	1815.5218 1140.6632 1978.2938 514.7488 978.0819 1366.7335 1118.3336 358.4784 729.3 6237.9932 2411.5856;
	1811.8495 1092.0304 1924.1678 516.8924 918.003 1329.8062 1080.282 332.5 704.1937 6165.4929 2403.1001;
	1821.7361 1093.6189 1905.5976 531.551 916.8237 1353.9297 1056.7755 335.2 704.8539 6099.8535 2344.675;
	1787.6518 1068.1182 1877.7681 525.6 885.0392 1307.6478 1028.2973 337.1856 713.3673 6154.7926 2368.0483;
	1784.4255 1083.1228 1851.4622 528.6152 876.1169 1351.4593 1048.7175 322.8 713.8214 6275.2801 2488.2076;
	1797.7 1050.0026 1816.363 538.5 911.0783 1335.9046 990.6025 342.1 679.5897 5925.1676 2372.0253;
	1829.7407 1104.6806 1888.5217 551.7099 917.0754 1371.262 1054.6713 341.0231 699.6212 5837.9673 2407.8221;
	1867.5661 1144.6188 1905.6 553.9114 906.5219 1391.581 1048.0202 341.6341 693.8806 5800.8599 2433.7358;
	1804.9121 1079.4179 1821.6451 550.4157 895.1398 1323.6777 1016.1 317.0484 649.6935 5542.795 2306.435;
	1749.719 1018.2307 1733.1999 536.3 794.2196 1251.5269 961.8 281.4071 628.1537 5293.9355 2137.9232;
	1674.4467 969.8192 1637.8042 531.5999 751.4711 1178.6993 882.8226 261.5974 563.6174 5015.6568 1979.942;
	1559.6795 917.4272 1580.8731 521.1 697.5784 1110.3364 838.0664 230.4825 510.4753 4674.0812 1842.9058;
	1555.6579 907.0 1559.1 529.9886 715.141 1099.1264 818.4 215.9317 478.0032 4310.492 1712.2;
];
