function solarprofile = ex_solar_profilesh1
%EX_WIND_PROFILE_D  Example wind_load_nyiso profile data for deterministic unit commitment.
% 2022.03.12
% Andres F. Ramirez


%% define constants
[GEN_BUS, PG, QG, QMAX, QMIN, VG, MBASE, GEN_STATUS, PMAX, PMIN, ...
    MU_PMAX, MU_PMIN, MU_QMAX, MU_QMIN, PC1, PC2, QC1MIN, QC1MAX, ...
    QC2MIN, QC2MAX, RAMP_AGC, RAMP_10, RAMP_30, RAMP_Q, APF] = idx_gen;
[CT_LABEL, CT_PROB, CT_TABLE, CT_TBUS, CT_TGEN, CT_TBRCH, CT_TAREABUS, ...
    CT_TAREAGEN, CT_TAREABRCH, CT_ROW, CT_COL, CT_CHGTYPE, CT_REP, ...
    CT_REL, CT_ADD, CT_NEWVAL, CT_TLOAD, CT_TAREALOAD, CT_LOAD_ALL_PQ, ...
    CT_LOAD_FIX_PQ, CT_LOAD_DIS_PQ, CT_LOAD_ALL_P, CT_LOAD_FIX_P, ...
    CT_LOAD_DIS_P, CT_TGENCOST, CT_TAREAGENCOST, CT_MODCOST_F, ...
    CT_MODCOST_X] = idx_ct;

solarprofile = struct( ...
    'type', 'mpcData', ...
    'table', CT_TGEN, ...
    'rows', [1:12], ...
    'col', PMAX, ...
    'chgtype', 1, ...
    'values', [] );
solarprofile.values(:,1,:) = [
	0.0 0.0 0.0 0.0 0.0 0.0 0.0 0.0 0.0 0.0 0.0 0.0;
	0.0 0.0 0.0 0.0 0.0 0.0 0.0 0.0 0.0 0.0 0.0 0.0;
	0.0 0.0 0.0 0.0 0.0 0.0 0.0 0.0 0.0 0.0 0.0 0.0;
	0.0 0.0 0.0 0.0 0.0 0.0 0.0 0.0 0.0 0.0 0.0 0.0;
	0.0 0.0 0.0 0.0 0.0 0.0 0.0 0.0 0.0 0.0 0.0 0.0;
	0.446 0.3772 0.3236 0.0 0.0 3.5472 0.4434 0.1431 2.9566 0.0 0.0 0.0;
	3.9086 3.2941 2.1194 0.7729 0.4626 356.6682 44.5835 21.4144 219.8915 55.2932 10.5975 100.1363;
	8.8742 7.0459 5.3814 0.9163 4.0856 337.8723 42.234 32.5254 245.5676 247.7139 88.3717 448.6113;
	16.3518 12.4013 9.0031 2.0416 7.8809 362.5867 45.3233 33.1353 249.9849 342.4327 157.0483 620.1477;
	20.0373 14.9299 12.0504 7.6129 13.1387 355.6644 44.4581 18.6063 196.2228 348.6246 164.9945 631.3613;
	17.997 14.1773 11.941 7.1355 12.0851 356.4783 44.5598 19.8159 209.8786 346.3982 181.6752 627.3292;
	15.6348 12.6791 10.2456 4.9631 11.2676 272.9689 34.1211 19.9112 186.8026 335.4308 188.253 607.4673;
	4.9362 7.3933 3.0531 2.5275 8.9367 69.0118 8.6265 25.2755 132.206 226.7496 139.5656 410.6449;
	3.6911 6.7604 1.2817 2.2796 9.0732 27.9204 3.4901 20.9465 54.5559 188.8973 116.3983 342.0942;
	2.2414 3.8565 0.8475 0.821 8.2265 27.2397 3.405 17.2437 36.5956 143.0866 80.3881 259.1308;
	1.1476 0.8722 0.3346 0.073 3.0193 59.1615 7.3952 14.5967 113.797 19.8431 7.4203 35.9361;
	0.2577 0.1875 0.1924 0.9991 1.4799 51.6904 6.4613 4.0719 54.5284 8.8324 5.3251 15.9956;
	0.0 0.0 0.0 0.0 0.0 0.0 0.0 0.0 0.0 0.0 0.0 0.0;
	0.0 0.0 0.0 0.0 0.0 0.0 0.0 0.0 0.0 0.0 0.0 0.0;
	0.0 0.0 0.0 0.0 0.0 0.0 0.0 0.0 0.0 0.0 0.0 0.0;
	0.0 0.0 0.0 0.0 0.0 0.0 0.0 0.0 0.0 0.0 0.0 0.0;
	0.0 0.0 0.0 0.0 0.0 0.0 0.0 0.0 0.0 0.0 0.0 0.0;
	0.0 0.0 0.0 0.0 0.0 0.0 0.0 0.0 0.0 0.0 0.0 0.0;
	0.0 0.0 0.0 0.0 0.0 0.0 0.0 0.0 0.0 0.0 0.0 0.0;
];
