function windprofile = ex_wind_profilesh1
%EX_WIND_PROFILE_D  Example wind_load_nyiso profile data for deterministic unit commitment.
% 2022.03.12
% Andres F. Ramirez


%% define constants
[GEN_BUS, PG, QG, QMAX, QMIN, VG, MBASE, GEN_STATUS, PMAX, PMIN, ...
    MU_PMAX, MU_PMIN, MU_QMAX, MU_QMIN, PC1, PC2, QC1MIN, QC1MAX, ...
    QC2MIN, QC2MAX, RAMP_AGC, RAMP_10, RAMP_30, RAMP_Q, APF] = idx_gen;
[CT_LABEL, CT_PROB, CT_TABLE, CT_TBUS, CT_TGEN, CT_TBRCH, CT_TAREABUS, ...
    CT_TAREAGEN, CT_TAREABRCH, CT_ROW, CT_COL, CT_CHGTYPE, CT_REP, ...
    CT_REL, CT_ADD, CT_NEWVAL, CT_TLOAD, CT_TAREALOAD, CT_LOAD_ALL_PQ, ...
    CT_LOAD_FIX_PQ, CT_LOAD_DIS_PQ, CT_LOAD_ALL_P, CT_LOAD_FIX_P, ...
    CT_LOAD_DIS_P, CT_TGENCOST, CT_TAREAGENCOST, CT_MODCOST_F, ...
    CT_MODCOST_X] = idx_ct;

windprofile = struct( ...
    'type', 'mpcData', ...
    'table', CT_TGEN, ...
    'rows', [1:45], ...
    'col', PMAX, ...
    'chgtype', 1, ...
    'values', [] );
windprofile.values(:,1,:) = [
	3.8841 52.4828 87.4241 113.5578 14.8294 33.8715 32.0248 18.3966 10.6176 16.1053 29.7704 44.4116 66.8614 54.296 202.9423 76.4573 94.8637 100.5272 89.6441 71.9699 10.6749 79.0334 20.7648 85.635 102.9753 75.0753 13.8012 1266.3563 801.934 801.934 752.1889 115.8988 298.8136 185.2507 170.2253 342.1585 1109.0167 271.6633 456.794 275.8268 121.7138 375.7474 209.1365 271.1782 1120.569;
	3.883 52.4675 88.6039 113.9227 14.6727 33.5737 32.28 18.7806 10.0343 12.7169 23.5069 35.0677 52.7943 58.4537 194.6669 73.3396 90.9954 96.428 87.4692 70.7536 10.76 78.3386 0.9182 84.5123 101.6756 75.7632 13.6515 1240.8743 791.7154 791.7154 759.9251 117.0681 291.5639 182.12 183.2601 337.7986 1173.6197 260.1682 446.9386 272.3455 122.4434 372.4441 209.3756 271.6919 1185.8449;
	3.9001 52.6988 87.6718 111.0889 14.9449 34.3309 33.3437 18.6936 22.7879 15.5983 28.8333 43.0136 64.7567 60.5166 186.4862 70.2576 87.1715 92.3757 90.657 72.4459 11.1146 80.1054 26.0967 85.7737 102.2012 75.5615 13.7142 1249.725 794.4364 794.4364 745.2661 119.0042 302.1899 186.4759 189.7276 338.9595 1195.1328 287.8106 467.2232 273.7532 123.3527 380.844 214.4944 268.2649 1207.5821;
	3.7093 50.121 87.9426 111.638 14.6912 32.115 32.0667 18.2742 27.5978 29.0044 53.6141 79.9817 120.412 63.18 196.8246 74.1525 92.0041 97.4968 87.066 67.2887 10.6889 74.935 22.1969 86.918 100.8613 74.7252 13.2784 1241.0978 781.2137 781.2137 742.3508 117.6199 290.2199 173.2012 198.078 333.3178 1151.2697 293.3992 456.7389 270.1642 122.0016 356.2626 171.5236 261.8555 1163.2621;
	2.7784 37.5423 89.0534 112.4599 14.1559 29.0008 31.2854 18.02 26.5083 29.4585 54.4536 81.2341 122.2975 61.6774 197.0431 74.2349 92.1062 97.6051 80.9868 67.0919 10.4285 67.6685 69.6763 86.4969 102.6519 74.5801 13.1221 1235.5718 754.5857 754.5857 684.7435 115.7053 269.9561 172.6946 193.367 321.9565 1085.8832 300.836 441.2118 274.9606 121.6048 321.7154 176.8143 271.1204 1097.1944;
	3.6179 48.8854 94.2733 116.4513 14.4559 32.2408 19.6561 18.7545 26.5438 28.655 52.9684 79.0184 118.9617 51.1386 195.5809 73.684 91.4227 96.8808 56.0686 68.0924 6.552 75.2285 69.8115 87.9395 103.2023 76.0772 13.7862 1212.8318 757.1556 757.1556 645.6362 113.597 186.8954 175.2701 160.3263 323.0531 1087.3505 269.9132 454.4224 276.4346 121.5016 357.6578 161.7483 276.7303 1098.677;
	3.6472 49.2822 94.109 119.4809 14.5868 33.0793 13.8438 18.9679 25.8318 28.8869 53.3969 79.6577 119.9243 60.1048 195.0894 73.4988 91.193 96.6373 70.3001 70.3382 4.6146 77.1851 73.2372 89.1794 105.1223 76.1552 13.9107 1268.0168 743.652 743.652 587.3931 115.2887 234.3335 181.0507 188.4368 317.2915 1109.8991 279.0601 418.233 281.5775 122.8252 366.9599 174.8484 282.7435 1121.4606;
	3.606 48.7254 91.689 117.5075 14.1351 32.0259 2.6435 17.8658 6.0359 28.6596 52.9769 79.0311 118.9809 42.7991 196.7754 74.134 91.981 97.4724 71.1421 69.1151 0.8812 74.727 73.5043 88.3711 101.3541 74.9509 13.3003 1267.0033 747.7885 747.7885 630.5785 117.7593 237.1405 177.9025 134.1811 319.0564 1154.835 298.5915 166.5995 271.4843 120.4099 355.2736 188.9018 280.613 1166.8645;
	3.6936 49.908 90.2888 115.4667 14.2811 29.9632 0.0 17.6208 6.115 29.6215 54.7549 81.6835 122.9741 24.8544 197.1631 74.28 92.1623 97.6645 82.5936 71.7962 0.0 69.9142 75.0621 88.077 101.1191 73.226 13.0045 1152.6925 662.6635 662.6635 657.4768 115.8498 275.312 184.8036 77.9218 282.7364 996.7117 290.6955 9.4441 270.8547 119.388 332.392 176.7525 279.851 1007.0941;
	3.739 50.5214 91.2298 116.6282 14.5001 29.532 0.2529 18.0595 1.2352 25.5577 47.2431 70.4773 106.1033 17.5597 187.5561 70.6607 87.6716 92.9057 84.5815 71.0837 0.0843 68.9079 52.2894 87.1191 100.4091 73.7263 12.9327 987.7357 564.3653 564.3653 523.1616 113.594 281.9384 182.9697 55.0521 240.7959 793.7684 257.7691 4.3922 268.9529 118.8503 327.608 159.5037 281.5442 802.0368;
	3.589 48.4952 89.9319 116.0113 14.1487 25.7654 0.8882 17.4612 0.0178 28.707 53.0644 79.1617 119.1775 2.2718 196.0665 73.8669 91.6497 97.1213 78.3987 71.3343 0.2961 60.1193 73.0573 86.4544 97.1327 71.6575 13.235 830.4867 639.6324 639.6324 510.8105 117.1926 261.3291 183.6146 7.1224 272.9098 753.2704 218.6858 20.8502 260.1768 118.0382 285.8245 150.9796 271.1021 761.1169;
	3.5151 47.4973 92.9453 116.6658 14.6856 19.5211 2.6865 17.9413 4.5585 26.2689 48.5576 72.4384 109.0556 2.7904 199.2954 75.0834 93.159 98.7208 38.1063 71.7782 0.8955 45.5493 72.1591 87.4194 99.4815 75.3731 13.4867 636.382 714.6795 714.6795 501.2236 119.2262 127.021 184.7572 8.7483 304.9299 819.6882 214.994 157.8396 266.4684 120.5064 216.5542 144.2547 274.7069 828.2266;
	3.8369 51.845 94.6956 117.7137 14.675 21.8906 0.8753 17.6542 25.6354 23.9139 44.2045 65.9444 99.2789 44.631 196.8104 74.1472 91.9974 97.4898 56.2852 71.3861 0.2918 51.078 72.2066 87.0473 101.37 73.977 13.3968 607.9014 666.1899 666.1899 468.8034 108.6883 187.6174 183.7479 139.9241 284.241 585.8703 213.8228 15.528 271.5268 121.892 242.8394 152.0449 275.5701 591.9731;
	3.7045 50.0563 91.1124 115.7685 14.668 21.4371 7.6376 17.4926 19.1225 22.9936 42.5034 63.4067 95.4584 36.9325 202.5873 76.3236 94.6978 100.3514 61.3115 73.5786 2.5459 50.0198 72.808 83.5542 97.503 71.3126 13.0571 542.3503 664.9192 664.9192 460.5703 95.6357 204.3716 189.3914 115.7884 283.6989 693.1705 247.2872 49.2557 261.1686 121.517 237.8086 164.9662 263.7379 700.391;
	3.8394 51.879 93.5334 118.8155 15.1446 19.9663 0.7334 18.2546 0.2327 25.5427 47.2152 70.4359 106.0408 32.7097 199.2858 75.0797 93.1545 98.716 79.4678 73.3084 0.2445 46.588 73.1213 87.8066 101.7367 72.2296 13.3119 420.3822 663.6314 663.6314 446.9704 89.2684 264.8926 188.6961 102.5495 283.1494 637.8178 251.105 45.5147 272.5091 119.7543 221.4925 167.811 258.6097 644.4618;
	3.5527 48.0046 93.1639 120.2051 14.891 10.1203 0.0 17.9249 0.0 27.6093 51.0354 76.1348 114.6206 18.0315 188.4714 71.0055 88.0994 93.3591 65.0822 72.936 0.0 23.614 73.6966 88.8629 100.7752 71.5932 13.5557 425.7973 520.2503 520.2503 383.1534 94.8587 216.9406 187.7375 56.5312 221.9735 486.849 227.5468 0.0 269.9337 122.9777 112.2677 155.0141 257.1744 491.9204;
	3.3401 45.132 87.4627 113.7797 14.034 16.4487 0.0 18.1346 0.0 27.6817 51.1692 76.3343 114.9209 32.0123 192.2159 72.4162 89.8497 95.2139 68.2036 73.0198 0.0 38.3804 73.1524 85.3741 99.7094 71.3378 13.2269 983.7388 474.6261 474.6261 303.8934 95.2857 227.3452 187.9532 100.3629 202.5071 864.0723 240.1871 91.4697 267.0787 120.3825 182.4714 125.3641 239.835 873.0731;
	3.1575 42.6645 87.0663 112.7739 14.0681 19.5834 0.0 17.7731 0.1702 28.945 53.5044 79.8181 120.1656 60.2341 193.4923 72.8971 90.4464 95.8462 78.8027 71.8606 0.0 45.6946 71.9734 85.1783 96.8093 68.8504 13.1951 1243.3219 606.6064 606.6064 230.9874 69.2279 262.6757 184.9695 188.842 258.8187 1089.6817 207.8282 107.158 259.3106 119.9141 217.2454 160.1406 258.4518 1101.0326;
