function loadprofile = ex_load_profilesh1
%EX_LOAD_PROFILE  Example load profile data file for stochastic unit commitment.
% 2022.03.12
% Andres F. Ramirez

%% define constants
[CT_LABEL, CT_PROB, CT_TABLE, CT_TBUS, CT_TGEN, CT_TBRCH, CT_TAREABUS, ...
    CT_TAREAGEN, CT_TAREABRCH, CT_ROW, CT_COL, CT_CHGTYPE, CT_REP, ...
    CT_REL, CT_ADD, CT_NEWVAL, CT_TLOAD, CT_TAREALOAD, CT_LOAD_ALL_PQ, ...
    CT_LOAD_FIX_PQ, CT_LOAD_DIS_PQ, CT_LOAD_ALL_P, CT_LOAD_FIX_P, ...
    CT_LOAD_DIS_P, CT_TGENCOST, CT_TAREAGENCOST, CT_MODCOST_F, ...
    CT_MODCOST_X] = idx_ct;

loadprofile = struct( ...
    'type', 'mpcData', ...
    'table', CT_TAREALOAD, ...
    'rows', [1:11], ...
    'col', CT_LOAD_ALL_P, ...
    'chgtype', 1, ...
    'values', [] );
loadprofile.values(:,1,:) = [
	1491.2078 885.3 1539.0521 524.6579 763.1918 1130.2731 840.8247 240.2865 504.3714 4341.6204 1551.8304;
	1476.0951 885.9265 1529.013 529.7 750.6697 1123.6523 851.2 236.0 512.662 4305.9796 1611.0157;
	1510.8144 888.9047 1547.505 538.5 759.133 1128.9238 848.1947 236.6162 521.1676 4290.8885 1611.904;
	1566.7225 936.8662 1641.8 535.096 799.7277 1189.5749 903.6054 265.8475 549.6864 4514.9997 1710.5;
	1697.9508 1030.9711 1806.5067 570.7 907.5439 1313.2916 979.3554 285.3 625.3 4924.9452 1886.3473;
	1844.0543 1118.5837 1918.3 592.8849 964.5737 1362.4 1055.7582 309.9749 692.5514 5485.6174 2059.5471;
	1893.0285 1141.9 1931.6328 584.1517 976.7134 1381.1576 1094.7979 292.0 726.0288 5875.5 2164.8555;
	1895.791 1179.2795 1979.7306 580.7 1001.2439 1454.6717 1131.6227 285.3106 726.0046 6025.5299 2185.173;
	1913.6 1186.0 2002.5977 566.6064 1019.3 1469.806 1158.3187 271.0295 718.8 6072.6819 2167.3819;
	1928.027 1183.1036 1977.1382 556.9396 984.5056 1427.9 1131.9954 302.0555 718.1 6040.5099 2151.4794;
	1899.93 1133.0133 1917.2085 542.2605 949.7971 1398.6152 1099.9916 296.0375 697.6 5958.6481 2159.0574;
	1857.7091 1128.8902 1909.3203 518.2293 931.9923 1411.7 1071.6249 292.4 667.2 5962.0971 2129.2491;
	1843.5579 1120.4876 1858.1237 515.0 943.6721 1399.6339 1083.6276 294.2225 662.692 5888.4994 2209.0692;
	1844.4507 1117.9 1850.3434 501.104 945.8891 1425.9817 1064.1765 305.8 668.3 6051.7312 2349.7091;
	1810.9331 1098.1775 1767.5057 490.4198 894.8 1363.4002 1019.2748 280.4683 655.0755 5867.5207 2212.6495;
	1826.779 1120.7983 1878.5 500.3724 950.4937 1406.8235 1059.7 291.6679 684.2834 5895.1299 2254.8;
	1796.331 1105.7362 1875.7808 536.5764 976.006 1378.2799 1029.4021 280.5109 667.9212 5630.8875 2282.2694;
	1854.8903 1138.4434 1897.7271 543.1627 972.641 1457.5961 1071.9357 299.8001 692.8555 5598.7202 2380.7506;
	1830.7592 1111.36 1833.4246 558.6 962.6 1401.9331 1009.8373 283.5394 652.3294 5159.5626 2201.1983;
	1805.8189 1086.1826 1780.0 552.9526 882.3979 1345.5661 997.9253 263.4761 643.3849 5136.1025 2222.3961;
	1746.3559 1023.0 1675.7005 523.1751 844.2395 1266.5921 938.9803 260.5 600.2 4824.4406 2051.2512;
	1617.5176 949.1466 1576.6577 521.392 822.4061 1175.1675 862.6156 221.4066 544.0185 4522.4864 1805.0916;
	1576.3828 925.8 1572.0769 545.4312 780.626 1158.1766 868.8787 232.7924 515.8663 4607.0423 1718.2813;
	1562.1615 904.6403 1569.7 536.3 767.9178 1179.8538 870.8078 239.5 505.3411 4473.7961 1708.4711;
];
