function loadprofile = ex_load_profilesh1
%EX_LOAD_PROFILE  Example load profile data file for stochastic unit commitment.
% 2022.03.12
% Andres F. Ramirez

%% define constants
[CT_LABEL, CT_PROB, CT_TABLE, CT_TBUS, CT_TGEN, CT_TBRCH, CT_TAREABUS, ...
    CT_TAREAGEN, CT_TAREABRCH, CT_ROW, CT_COL, CT_CHGTYPE, CT_REP, ...
    CT_REL, CT_ADD, CT_NEWVAL, CT_TLOAD, CT_TAREALOAD, CT_LOAD_ALL_PQ, ...
    CT_LOAD_FIX_PQ, CT_LOAD_DIS_PQ, CT_LOAD_ALL_P, CT_LOAD_FIX_P, ...
    CT_LOAD_DIS_P, CT_TGENCOST, CT_TAREAGENCOST, CT_MODCOST_F, ...
    CT_MODCOST_X] = idx_ct;

loadprofile = struct( ...
    'type', 'mpcData', ...
    'table', CT_TAREALOAD, ...
    'rows', [1:11], ...
    'col', CT_LOAD_ALL_P, ...
    'chgtype', 1, ...
    'values', [] );
loadprofile.values(:,1,:) = [
	1546.4361 877.3 1533.0098 530.1354 764.3 1215.7218 824.9044 266.976 529.5017 4700.6509 1765.8397;
	1525.668 872.6 1521.7 521.979 745.6376 1153.1524 784.0262 251.9631 496.1039 4545.1413 1747.0207;
	1521.2215 872.1489 1537.0437 523.7956 766.5803 1138.8113 793.0 253.3581 496.8772 4490.2754 1682.2477;
	1575.7124 936.5173 1655.2514 529.4211 859.026 1256.2782 840.7947 281.6 525.7 4755.3062 1816.4;
	1715.6566 1056.1546 1837.6443 575.0 966.7319 1408.7882 945.3892 317.7548 581.7941 5196.8783 2039.7208;
	1828.4459 1139.8 1945.9776 587.3 1011.4608 1452.1964 983.6293 361.3314 650.5211 5676.485 2199.9215;
	1869.8731 1139.3 1966.1905 585.9 981.5 1414.9398 994.7942 357.0799 657.7261 5977.198 2238.1277;
	1845.6168 1096.6045 1946.4192 580.302 964.5551 1382.426 977.4695 359.4494 625.3132 6111.7 2248.9;
	1856.4 1127.5877 1940.5914 577.9274 978.1342 1338.5 1026.0247 358.7 665.6 6221.332 2310.383;
	1884.0005 1136.554 1970.6455 569.8744 988.4 1300.0708 1036.1412 364.2379 686.3621 6292.7965 2460.1013;
	1866.6947 1104.1009 1935.0056 576.5774 960.6217 1275.1308 1047.5964 369.4336 675.3384 6357.7706 2397.3587;
	1878.7 1083.1211 1922.8998 552.9 949.8787 1253.6515 1037.349 363.3438 653.8 6425.3867 2332.2822;
	1864.7217 1066.3657 1878.8355 539.0 927.7355 1214.776 1019.5165 374.9612 667.0 6306.167 2350.4843;
	1810.4086 1008.8046 1849.8783 538.48 946.1155 1240.8278 1036.985 388.3714 675.1 6321.711 2210.9785;
	1796.979 1009.5076 1821.6877 526.8554 930.3996 1267.4914 1041.8312 377.5518 673.2293 6487.0292 2305.3692;
	1767.4541 1018.1365 1875.6 517.5159 966.6 1338.0375 1089.1812 385.9504 701.271 6960.9359 2502.7716;
	1766.9979 987.7305 1875.3406 536.6214 969.6 1311.0764 1078.1019 384.411 684.8472 6753.2863 2467.5253;
	1779.5266 1076.7557 1915.7 553.2 993.1703 1375.6254 1097.4554 368.7327 707.1962 6590.8436 2494.9658;
	1828.1703 1104.2682 1899.1506 569.4 975.6567 1382.4639 1133.0002 374.3 706.2386 6589.3989 2463.4655;
	1768.1 1052.0718 1821.5854 554.1678 955.0408 1330.7876 1129.6227 379.3 693.5017 6341.3099 2526.9452;
	1711.2854 970.7823 1699.91 524.8857 888.6855 1258.9551 1022.2 320.2513 633.8 6008.7268 2315.64;
	1582.8 858.4023 1597.7034 512.6 824.4844 1187.3934 951.1042 297.3332 574.9937 5685.2126 2121.588;
	1548.9 834.0807 1542.4018 570.896 804.2342 1185.628 902.6192 280.7556 537.1236 5376.3342 2022.739;
	1504.9142 843.5495 1558.9143 572.9 764.6624 1144.8377 886.3263 275.5304 538.1411 5118.6446 1972.7881;
];
