function loadprofile = ex_load_profilesh1
%EX_LOAD_PROFILE  Example load profile data file for stochastic unit commitment.
% 2022.03.12
% Andres F. Ramirez

%% define constants
[CT_LABEL, CT_PROB, CT_TABLE, CT_TBUS, CT_TGEN, CT_TBRCH, CT_TAREABUS, ...
    CT_TAREAGEN, CT_TAREABRCH, CT_ROW, CT_COL, CT_CHGTYPE, CT_REP, ...
    CT_REL, CT_ADD, CT_NEWVAL, CT_TLOAD, CT_TAREALOAD, CT_LOAD_ALL_PQ, ...
    CT_LOAD_FIX_PQ, CT_LOAD_DIS_PQ, CT_LOAD_ALL_P, CT_LOAD_FIX_P, ...
    CT_LOAD_DIS_P, CT_TGENCOST, CT_TAREAGENCOST, CT_MODCOST_F, ...
    CT_MODCOST_X] = idx_ct;

loadprofile = struct( ...
    'type', 'mpcData', ...
    'table', CT_TAREALOAD, ...
    'rows', [1:11], ...
    'col', CT_LOAD_ALL_P, ...
    'chgtype', 1, ...
    'values', [] );
loadprofile.values(:,1,:) = [
	1463.6795 919.5101 1468.3159 534.4793 697.7654 1043.7 815.2604 221.0396 418.6229 4259.7157 1516.346;
	1465.0 903.2293 1466.2697 527.4 683.1439 1011.3 776.5456 212.5272 393.6263 4046.7093 1500.1789;
	1466.9293 922.7 1498.1755 532.5 691.3258 1037.6934 799.6 213.3095 419.6203 4113.8758 1463.2661;
	1548.3603 979.4199 1599.608 547.2577 760.17 1089.1241 837.5023 233.5814 457.9759 4328.6669 1624.791;
	1693.32 1083.4 1768.7 559.2425 858.4054 1247.4977 945.4529 280.7681 555.8069 4930.8743 1902.5594;
	1810.3595 1144.0008 1871.6595 576.5207 904.7914 1323.4047 996.3954 311.9861 615.4415 5235.2912 1937.4349;
	1832.8252 1170.3 1883.5 578.7659 918.6921 1341.221 1047.2 329.4342 642.0 5559.8543 2119.2122;
	1816.7336 1174.1728 1900.6 580.7 920.2915 1306.7508 1066.4 329.5422 656.1165 5727.1633 2137.8678;
	1827.2647 1176.103 1948.0 579.733 920.776 1264.8557 1063.8735 333.1488 650.9598 5897.2085 2095.1188;
	1851.1252 1193.4996 1933.6908 559.4 892.0928 1239.1555 1059.0561 331.8964 652.6946 5900.4051 2071.5601;
	1839.8109 1154.2498 1921.89 558.7404 854.3646 1195.1972 1014.3229 311.4 633.8423 5645.8408 1980.3843;
	1877.7 1132.0496 1867.1429 554.3805 847.9838 1156.9556 988.0714 303.5201 610.1 5154.8262 1968.3827;
	1840.5 1129.6391 1801.4103 543.5834 811.8084 1147.5002 973.8607 292.8816 626.4082 4501.7715 1800.1309;
	1814.4532 1113.4261 1785.6434 549.6957 811.941 1176.5269 964.5748 305.8 651.5433 5326.9332 1966.8419;
	1802.5924 1120.6823 1731.0738 555.0522 811.2 1173.9976 951.2845 298.1 632.5595 5388.9164 2083.1169;
	1778.0808 1138.8354 1766.8 563.7367 831.1422 1186.8447 938.8929 303.8365 643.1572 5328.8198 2095.6969;
	1758.0495 1155.3793 1753.5901 556.1403 813.5994 1205.5565 942.3563 312.2505 651.5 5436.5684 2213.8;
	1791.6096 1165.2019 1799.1626 573.0457 854.1257 1190.9126 973.7701 303.6982 675.1226 5277.0573 2286.124;
	1823.0 1178.8291 1836.5161 576.1323 857.8244 1206.2599 1001.1774 286.7843 673.5998 5177.0419 2258.838;
	1772.0456 1136.604 1784.4602 564.0 814.1009 1224.1206 960.5771 283.2134 657.6711 5056.127 2198.681;
	1695.256 1077.6553 1722.9311 562.778 764.9 1159.825 929.2628 261.6545 624.4099 4770.1488 1889.371;
	1603.3217 982.7915 1580.6207 549.9873 704.9583 1067.034 840.9824 243.8844 555.1 4557.4893 1861.2104;
	1591.8646 963.1914 1559.3 570.1513 693.8932 1084.0226 862.1236 267.0 525.4 4703.7747 1769.5786;
	1579.951 932.8608 1509.5228 577.9709 670.0306 1059.3272 817.0 258.0464 500.7373 4389.3726 1664.4828;
];
