function windprofile = ex_wind_profilesh1
%EX_WIND_PROFILE_D  Example wind_load_nyiso profile data for deterministic unit commitment.
% 2022.03.12
% Andres F. Ramirez


%% define constants
[GEN_BUS, PG, QG, QMAX, QMIN, VG, MBASE, GEN_STATUS, PMAX, PMIN, ...
    MU_PMAX, MU_PMIN, MU_QMAX, MU_QMIN, PC1, PC2, QC1MIN, QC1MAX, ...
    QC2MIN, QC2MAX, RAMP_AGC, RAMP_10, RAMP_30, RAMP_Q, APF] = idx_gen;
[CT_LABEL, CT_PROB, CT_TABLE, CT_TBUS, CT_TGEN, CT_TBRCH, CT_TAREABUS, ...
    CT_TAREAGEN, CT_TAREABRCH, CT_ROW, CT_COL, CT_CHGTYPE, CT_REP, ...
    CT_REL, CT_ADD, CT_NEWVAL, CT_TLOAD, CT_TAREALOAD, CT_LOAD_ALL_PQ, ...
    CT_LOAD_FIX_PQ, CT_LOAD_DIS_PQ, CT_LOAD_ALL_P, CT_LOAD_FIX_P, ...
    CT_LOAD_DIS_P, CT_TGENCOST, CT_TAREAGENCOST, CT_MODCOST_F, ...
    CT_MODCOST_X] = idx_ct;

windprofile = struct( ...
    'type', 'mpcData', ...
    'table', CT_TGEN, ...
    'rows', [1:45], ...
    'col', PMAX, ...
    'chgtype', 1, ...
    'values', [] );
windprofile.values(:,1,:) = [
	3.7983 51.3239 91.9341 117.0791 14.7563 34.5947 27.3671 17.9136 0.1604 10.2176 18.8871 28.1758 42.4185 46.8346 205.2967 77.3443 95.9643 101.6935 87.3986 73.6153 9.1224 80.7209 0.0 85.8831 101.8695 73.0951 13.718 1340.892 773.449 773.449 707.6214 113.2186 291.3286 189.4859 146.8329 330.0049 1195.8598 247.4961 430.5834 272.8648 118.6527 383.77 200.1062 277.8567 1208.3166;
	3.7962 51.2948 91.8553 114.4278 14.7211 33.4355 21.2082 17.5743 0.4846 11.9531 22.0952 32.9617 49.6237 57.6489 200.9745 75.716 93.9439 99.5525 88.2082 73.9112 7.0694 78.0163 0.0 82.0673 98.3046 71.9825 12.9877 1263.586 732.4568 732.4568 708.987 113.0414 294.0272 190.2475 180.737 312.5149 1210.1523 244.4566 430.4723 263.3158 116.2958 370.9117 202.7136 281.4868 1222.7581;
	3.8302 51.7547 92.5252 114.9743 15.2566 34.4995 31.2353 17.8684 22.7401 13.9358 25.7602 38.4291 57.8548 60.0765 184.9318 69.672 86.4449 91.6057 88.8003 73.5209 10.4118 80.4987 2.1082 85.606 100.6701 73.4625 13.3585 1275.0002 782.5689 782.5689 756.4313 112.9106 296.0011 189.2429 188.348 333.8961 1223.716 269.3349 450.0016 269.6519 117.0072 382.714 213.2746 271.7651 1236.463;
	3.6381 49.1591 89.3155 111.1624 15.1349 33.0344 30.6462 18.3125 27.5257 28.4131 52.5212 78.3513 117.9575 64.0234 204.8195 77.1645 95.7412 101.4571 90.1698 73.7074 10.2154 77.0802 23.7096 86.4897 98.8431 72.0298 13.4004 1275.4912 769.1229 769.1229 734.5272 114.6817 300.566 189.723 200.7221 328.1591 1161.9505 293.2677 452.2703 264.7584 117.8983 366.4613 177.7853 267.0604 1174.0542;
	3.132 42.3204 92.0975 114.0275 15.1451 30.0107 30.7894 18.3926 27.496 29.6258 54.7628 81.6954 122.9919 66.4743 204.5304 77.0556 95.6061 101.3139 88.5947 72.8358 10.2631 70.0251 71.2867 87.2822 101.7516 72.7489 13.7082 1285.2669 764.0612 764.0612 716.3215 115.0508 295.3156 187.4795 208.4059 325.9995 1092.509 302.3288 465.4782 272.549 115.1314 332.9191 174.2382 279.2206 1103.8893;
	3.6359 49.1294 91.1766 113.817 14.9905 31.7656 17.7526 17.9567 25.7109 28.9939 53.5949 79.953 120.3688 55.1718 202.7597 76.3885 94.7784 100.4368 59.6037 70.8867 5.9175 74.1196 69.4177 87.6287 99.1859 72.3361 13.7067 1232.9115 780.5945 780.5945 746.4664 116.3002 198.6789 182.4625 172.971 333.0537 1168.5391 299.3627 457.0326 265.6765 114.4899 352.3859 154.4155 278.5038 1180.7114;
	3.7114 50.1494 90.0764 112.426 15.3645 32.5543 11.444 17.6762 25.1426 28.2056 52.1375 77.779 117.0958 63.5909 194.6054 73.3165 90.9667 96.3976 84.8386 70.0795 3.8147 75.9601 67.4598 87.696 99.3612 71.5021 13.763 1280.9743 783.1272 783.1272 701.0314 114.5465 282.7952 180.3848 199.366 334.1343 1197.0427 301.6998 407.5 266.1461 118.0363 361.1359 169.2647 279.1817 1209.5119;
	3.7821 51.1047 90.0004 110.8036 15.2999 32.1387 0.0 17.4814 1.6676 27.0803 50.0576 74.676 112.4243 42.7746 196.9433 74.1972 92.0595 97.5556 85.2564 70.0876 0.0 74.9904 69.359 84.9175 97.7718 72.0644 13.5473 1264.5936 762.0198 762.0198 693.362 116.608 284.1879 180.4057 134.1041 325.1284 1175.3823 322.8193 165.1817 261.8888 116.5417 356.5257 188.5638 275.0055 1187.6259;
	3.8346 51.8136 90.199 116.3326 15.4078 32.0177 7.6518 17.6396 15.003 28.4346 52.5609 78.4106 118.0467 28.897 195.9559 73.8252 91.598 97.0665 89.4535 71.3767 2.5506 74.7079 69.5647 85.661 97.1762 72.5893 13.6479 1193.5854 696.1945 696.1945 720.1792 118.5487 298.1785 183.7237 90.596 297.043 1052.4471 307.8006 179.9052 260.2933 120.449 355.1828 187.7591 272.663 1063.4101;
	3.8849 52.4934 91.2295 118.7707 15.4043 31.2609 4.6844 18.6081 22.5672 25.8488 47.7811 71.28 107.3116 20.9937 191.2559 72.0545 89.401 94.7384 91.9647 71.285 1.5615 72.9422 49.1562 87.4225 99.5075 75.4373 13.6425 1033.4072 624.9996 624.9996 616.9252 115.7739 306.5489 183.4877 65.8181 266.6665 850.4347 267.1361 129.4712 266.5379 119.1866 346.7878 161.0582 275.4241 859.2933;
	3.6427 49.2205 91.4209 115.464 15.3645 26.0822 3.9995 17.7762 10.6291 29.1055 53.801 80.2605 120.8318 8.6871 195.6761 73.7198 91.4672 96.9279 84.9321 71.7888 1.3332 60.8584 70.635 88.803 99.3049 72.5297 13.4308 818.1242 687.6936 687.6936 567.4339 118.7523 283.107 184.7844 27.2353 293.4159 752.9055 224.5033 172.5318 265.9951 119.5571 289.3384 147.3019 269.9612 760.7482;
	3.2523 43.9461 88.0023 110.3415 14.6875 17.2924 0.08 17.509 1.9875 27.3651 50.584 75.4614 113.6066 0.0955 195.1506 73.5219 91.2216 96.6676 39.7416 72.0706 0.0267 40.3489 70.042 86.4569 97.4721 72.6238 13.1597 601.2493 693.0821 693.0821 510.9769 112.0381 132.4718 185.5099 0.2994 295.715 787.1604 205.3321 12.7623 261.086 120.0087 191.8301 128.0739 260.6255 795.36;
	3.6661 49.5372 86.6608 111.1519 14.8058 19.6552 0.0 17.8048 25.4765 25.6171 47.3529 70.6412 106.3499 41.9562 183.7754 69.2363 85.9043 91.0329 58.7783 70.6932 0.0 45.8621 72.1801 85.1345 99.531 71.1287 13.7362 571.3926 684.7939 684.7939 519.6061 110.4515 195.9278 181.9644 131.5385 292.1787 565.8061 232.2217 0.0 266.601 121.3022 218.0417 135.2449 252.9576 571.6999;
	3.63 49.0495 85.6175 109.9532 14.9047 19.6067 0.0 17.6523 17.856 23.3211 43.1087 64.3097 96.8179 33.1314 192.3697 72.4742 89.9216 95.2901 57.4071 71.4778 0.0 45.749 72.0428 84.3405 97.3169 71.0817 13.3836 517.628 688.52 688.52 510.3111 100.036 191.3571 183.9839 103.8713 293.7685 659.4989 230.1003 0.0 260.6703 117.6217 217.5036 154.0281 247.9329 666.3687;
	3.6287 49.0321 86.3109 110.1405 14.9517 18.0496 0.0 17.5403 3.1739 25.6512 47.4158 70.7351 106.4913 22.086 187.4653 70.6265 87.6291 92.8607 58.8645 71.9732 0.0 42.1157 71.3929 86.7104 100.0629 72.6023 13.4374 369.609 671.1372 671.1372 463.6343 87.3217 196.215 185.2592 69.2424 286.3519 568.6985 224.0064 1.0645 268.0256 114.134 200.2302 156.2646 226.8648 574.6224;
	3.1641 42.7533 86.8215 113.9137 15.2081 9.8004 0.9545 17.6388 10.8703 27.0872 50.0703 74.695 112.4529 18.2637 162.4247 61.1926 75.9241 80.4569 48.2256 70.9031 0.3182 22.8676 70.6776 89.4231 102.3334 72.5114 13.5883 432.9417 556.7174 556.7174 406.9237 93.624 160.7521 182.5047 57.259 237.5328 486.2651 208.725 36.0312 274.1073 117.6346 108.7191 144.2976 232.6404 491.3303;
	2.9299 39.5891 89.4393 115.6027 15.3122 18.488 0.0134 17.9354 6.7757 28.2445 52.2095 77.8863 117.2574 25.9192 165.8197 62.4716 77.511 82.1386 58.8198 69.886 0.0045 43.1387 70.437 90.0646 105.0909 70.9925 13.178 985.5696 448.7067 448.7067 299.7249 93.7668 196.0661 179.8866 81.2603 191.4482 841.5974 222.2601 99.111 281.4935 114.1604 205.0937 124.3737 223.6389 850.364;
	2.8106 37.9779 91.3066 111.8938 15.1976 22.4029 0.1656 17.6235 5.8041 28.2005 52.1282 77.7649 117.0747 54.783 180.796 68.1138 84.5116 89.5571 70.4642 69.458 0.0552 52.2734 70.0573 87.9065 101.7303 71.6382 13.2732 1228.3059 542.6543 542.6543 213.8493 69.2283 234.8805 178.785 171.7522 231.5325 1023.3409 193.3503 116.5369 272.4919 115.3952 248.5227 167.2934 259.3948 1034.0007;
