function solarprofile = ex_solar_profilesh1
%EX_WIND_PROFILE_D  Example wind_load_nyiso profile data for deterministic unit commitment.
% 2022.03.12
% Andres F. Ramirez


%% define constants
[GEN_BUS, PG, QG, QMAX, QMIN, VG, MBASE, GEN_STATUS, PMAX, PMIN, ...
    MU_PMAX, MU_PMIN, MU_QMAX, MU_QMIN, PC1, PC2, QC1MIN, QC1MAX, ...
    QC2MIN, QC2MAX, RAMP_AGC, RAMP_10, RAMP_30, RAMP_Q, APF] = idx_gen;
[CT_LABEL, CT_PROB, CT_TABLE, CT_TBUS, CT_TGEN, CT_TBRCH, CT_TAREABUS, ...
    CT_TAREAGEN, CT_TAREABRCH, CT_ROW, CT_COL, CT_CHGTYPE, CT_REP, ...
    CT_REL, CT_ADD, CT_NEWVAL, CT_TLOAD, CT_TAREALOAD, CT_LOAD_ALL_PQ, ...
    CT_LOAD_FIX_PQ, CT_LOAD_DIS_PQ, CT_LOAD_ALL_P, CT_LOAD_FIX_P, ...
    CT_LOAD_DIS_P, CT_TGENCOST, CT_TAREAGENCOST, CT_MODCOST_F, ...
    CT_MODCOST_X] = idx_ct;

solarprofile = struct( ...
    'type', 'mpcData', ...
    'table', CT_TGEN, ...
    'rows', [1:12], ...
    'col', PMAX, ...
    'chgtype', 1, ...
    'values', [] );
solarprofile.values(:,1,:) = [
	0.0 0.0 0.0 0.0 0.0 0.0 0.0 0.0 0.0 0.0 0.0 0.0;
	0.0 0.0 0.0 0.0 0.0 0.0 0.0 0.0 0.0 0.0 0.0 0.0;
	0.0 0.0 0.0 0.0 0.0 0.0 0.0 0.0 0.0 0.0 0.0 0.0;
	0.0 0.0 0.0 0.0 0.0 0.0 0.0 0.0 0.0 0.0 0.0 0.0;
	0.0 0.0 0.0 0.0 0.0 0.0 0.0 0.0 0.0 0.0 0.0 0.0;
	0.4147 0.362 0.305 0.0 0.0 0.1765 0.0221 0.2007 0.0956 0.0 0.0 0.0;
	3.3029 1.6284 1.8351 1.5616 0.6843 109.0737 13.6342 38.2723 140.1257 136.6642 65.3653 247.4997;
	9.2901 6.8626 5.8137 4.4693 2.7539 150.9237 18.8655 17.3514 142.2531 253.6284 256.0702 459.3225;
	15.6774 12.2209 9.5378 5.9734 4.6865 150.4856 18.8107 13.8024 123.5673 307.9172 270.2932 557.6399;
	13.3049 11.5619 10.839 10.3298 13.1921 126.4653 15.8082 23.7211 67.4028 327.6754 209.3972 593.4221;
	10.098 9.5425 9.6063 11.1063 12.3854 167.6278 20.9535 24.4197 126.9087 339.611 216.8914 615.0376;
	8.7204 7.6839 7.9887 11.2082 11.706 214.1545 26.7693 14.9445 167.2892 345.7261 204.7536 626.1121;
	5.3762 4.2175 5.2883 10.7517 9.2658 283.2519 35.4065 12.222 234.8824 265.1551 127.7392 480.1975;
	5.0175 5.0837 4.5772 9.7264 10.0439 254.8859 31.8607 13.948 217.9346 205.3891 105.7359 371.9609;
	3.0117 3.1152 3.0522 6.568 10.9907 197.1135 24.6392 19.3774 188.434 151.5796 61.047 274.5115;
	1.4061 1.0794 0.7636 3.1381 8.3546 149.4869 18.6859 25.1242 142.5003 21.997 8.4705 39.8368;
	0.3502 0.2878 0.2318 1.7164 1.8796 58.8175 7.3522 3.952 49.485 11.0491 4.641 20.01;
	0.0 0.0 0.0 0.0 0.0 0.0 0.0 0.0 0.0 0.0 0.0 0.0;
	0.0 0.0 0.0 0.0 0.0 0.0 0.0 0.0 0.0 0.0 0.0 0.0;
	0.0 0.0 0.0 0.0 0.0 0.0 0.0 0.0 0.0 0.0 0.0 0.0;
	0.0 0.0 0.0 0.0 0.0 0.0 0.0 0.0 0.0 0.0 0.0 0.0;
	0.0 0.0 0.0 0.0 0.0 0.0 0.0 0.0 0.0 0.0 0.0 0.0;
	0.0 0.0 0.0 0.0 0.0 0.0 0.0 0.0 0.0 0.0 0.0 0.0;
	0.0 0.0 0.0 0.0 0.0 0.0 0.0 0.0 0.0 0.0 0.0 0.0;
];
