function windprofile = ex_wind_profilesh1
%EX_WIND_PROFILE_D  Example wind_load_nyiso profile data for deterministic unit commitment.
% 2022.03.12
% Andres F. Ramirez


%% define constants
[GEN_BUS, PG, QG, QMAX, QMIN, VG, MBASE, GEN_STATUS, PMAX, PMIN, ...
    MU_PMAX, MU_PMIN, MU_QMAX, MU_QMIN, PC1, PC2, QC1MIN, QC1MAX, ...
    QC2MIN, QC2MAX, RAMP_AGC, RAMP_10, RAMP_30, RAMP_Q, APF] = idx_gen;
[CT_LABEL, CT_PROB, CT_TABLE, CT_TBUS, CT_TGEN, CT_TBRCH, CT_TAREABUS, ...
    CT_TAREAGEN, CT_TAREABRCH, CT_ROW, CT_COL, CT_CHGTYPE, CT_REP, ...
    CT_REL, CT_ADD, CT_NEWVAL, CT_TLOAD, CT_TAREALOAD, CT_LOAD_ALL_PQ, ...
    CT_LOAD_FIX_PQ, CT_LOAD_DIS_PQ, CT_LOAD_ALL_P, CT_LOAD_FIX_P, ...
    CT_LOAD_DIS_P, CT_TGENCOST, CT_TAREAGENCOST, CT_MODCOST_F, ...
    CT_MODCOST_X] = idx_ct;

windprofile = struct( ...
    'type', 'mpcData', ...
    'table', CT_TGEN, ...
    'rows', [1:45], ...
    'col', PMAX, ...
    'chgtype', 1, ...
    'values', [] );
windprofile.values(:,1,:) = [
	3.7305 50.4069 89.3161 113.5644 14.9416 32.8976 31.55 17.7721 10.3444 16.505 30.5093 45.5139 68.5209 46.7649 198.8472 74.9145 92.9495 98.4987 86.8065 67.2552 10.5167 76.761 27.1689 86.1597 101.8695 73.6048 13.518 1244.6991 729.6606 729.6606 718.8307 102.9053 289.355 173.115 146.6142 311.3219 1057.2477 245.055 437.8792 272.8647 119.6865 364.9439 201.1458 282.9469 1068.2607;
	3.711 50.1437 88.6851 111.6769 14.8666 33.1767 31.5393 17.8109 10.8697 8.7798 16.2294 24.211 36.4495 43.689 188.9745 71.195 88.3346 93.6083 84.5634 68.5593 10.5131 77.4122 23.5005 83.7579 99.1656 71.9662 13.181 1226.557 747.4691 747.4691 694.6469 100.1022 281.878 176.4718 136.9708 318.9201 1133.3654 227.9538 444.8869 265.6222 117.2346 368.0399 202.0008 276.9498 1145.1713;
	3.0935 41.8002 87.0566 110.306 14.9079 32.8783 31.8574 18.0361 21.3331 13.9784 25.8388 38.5464 58.0315 36.3883 178.1012 67.0986 83.252 88.2222 85.5326 69.2521 10.6191 76.716 24.0661 86.9854 101.5992 72.3092 13.4801 1218.9244 721.2451 721.2451 709.2492 106.6032 285.1087 178.2551 114.0822 307.7313 1123.9561 257.1038 440.241 272.1407 115.9826 364.7298 200.3128 263.8317 1135.6639;
	3.5189 47.548 86.7232 110.3069 14.9516 33.6958 29.6778 17.9436 26.7813 26.2833 48.5843 72.4782 109.1155 48.8602 197.6827 74.4758 92.4052 97.9219 84.1524 66.6653 9.8926 78.6235 0.0782 84.5291 98.7544 71.5224 13.0894 1196.0781 712.3131 712.3131 741.0929 111.9812 280.5081 171.5966 153.1832 303.9203 1081.3864 283.279 435.1503 264.5207 114.6458 373.7985 173.6738 252.134 1092.6508;
	2.7865 37.6512 89.9035 115.289 15.2023 30.8061 30.2431 18.2299 26.2777 28.3486 52.402 78.1735 117.6898 49.7552 196.4783 74.0221 91.8422 97.3253 84.931 67.985 10.081 71.8809 69.0327 87.3005 101.4684 70.592 13.2383 1239.854 759.6668 759.6668 771.1971 113.0402 283.1032 174.9935 155.9893 324.1245 1079.0774 297.9331 441.1595 271.7904 118.449 341.7425 177.0454 262.6338 1090.3178;
	3.5859 48.4535 89.7211 112.3531 15.1337 32.6221 18.5276 17.9316 22.8721 28.7853 53.2092 79.3776 119.5026 39.6817 198.5282 74.7943 92.8004 98.3407 48.7463 68.7358 6.1759 76.1183 70.4225 84.9206 99.4037 71.3681 13.7906 1173.3256 770.5656 770.5656 765.5781 116.6426 162.4875 176.9262 124.4076 328.7746 1081.7833 285.9142 440.3428 266.26 116.0035 361.8883 158.9364 263.778 1093.0519;
	3.5022 47.3228 89.7225 111.5096 14.8156 32.1212 13.5743 17.4964 23.7725 28.3326 52.3724 78.1293 117.6232 60.1076 195.5643 73.6777 91.4149 96.8725 68.7553 69.9126 4.5248 74.9495 69.3039 85.5013 98.7343 70.4685 13.477 1266.3338 767.3246 767.3246 754.9812 116.3593 229.1844 179.9552 188.4456 327.3918 1095.2368 295.474 397.007 264.4669 116.872 356.3313 161.9083 268.4079 1106.6455;
	3.4122 46.1068 89.9248 111.1685 14.5228 30.8869 2.3244 17.7977 0.0 28.8874 53.3979 79.6591 119.9263 36.6652 196.1484 73.8978 91.688 97.1619 66.0504 69.0184 0.7748 72.0694 70.1969 84.0817 97.2916 71.3049 13.6531 1281.3245 757.0821 757.0821 724.4779 119.9313 220.168 177.6534 114.9504 323.0217 1162.6733 296.1906 168.631 260.6026 118.1231 342.6387 188.8411 273.3784 1174.7845;
	3.6076 48.7463 89.7356 113.1855 14.8436 29.474 3.252 18.416 0.0 26.5975 49.1652 73.3447 110.4201 20.1162 199.3263 75.095 93.1734 98.736 77.0683 72.1386 1.084 68.7727 69.1749 85.0966 97.9634 72.9468 13.6828 1187.3543 692.6675 692.6675 723.9124 117.0687 256.8945 185.685 63.0669 295.5381 1016.6327 293.1028 14.0435 262.4019 117.691 326.9649 177.4539 273.0973 1027.2227;
	3.6887 49.8428 90.7915 116.8541 15.197 28.9749 0.6455 18.3224 0.0 24.6748 45.611 68.0427 102.4378 20.4502 193.5462 72.9174 90.4716 95.8729 84.6026 72.5825 0.2152 67.608 50.0679 86.6733 100.9612 74.7124 13.258 958.5706 632.8582 632.8582 626.3221 112.9722 282.0087 186.8275 64.114 270.0195 799.3386 271.6567 1.4145 270.4317 119.8835 321.4279 162.2954 269.2732 807.6651;
	3.4056 46.0166 91.9295 117.8795 14.9426 22.3499 0.0 18.0747 0.0075 27.7768 51.3449 76.5966 115.3157 4.9785 195.8579 73.7883 91.5522 97.018 69.7457 71.6176 0.0 52.1497 69.8958 88.4822 102.0483 70.6623 13.3676 811.9175 664.616 664.616 541.0317 108.4883 232.4856 184.3439 15.6082 283.5695 724.6682 219.6667 0.3949 273.3437 117.8789 247.9346 142.3358 260.9602 732.2169;
	3.3161 44.8073 92.4108 116.4857 14.8566 17.9353 0.852 17.7493 0.0411 26.5602 49.096 73.2416 110.2649 3.8649 197.139 74.271 92.151 97.6526 26.7065 70.0554 0.284 41.849 70.8545 87.1062 98.9472 72.1917 13.2805 615.4533 706.629 706.629 507.7201 110.7421 89.0217 180.3227 12.1171 301.495 783.6075 223.1354 39.0891 265.0373 120.7792 198.9623 139.7541 259.9915 791.7701;
	3.7722 50.9705 93.1053 117.0823 14.9528 20.4446 1.2149 17.5103 25.7253 24.2092 44.7504 66.7588 100.505 50.8984 185.6766 69.9526 86.793 91.9747 50.932 70.2356 0.405 47.704 68.7188 86.2071 98.6828 70.3797 13.4208 572.3817 686.0048 686.0048 518.9136 98.0762 169.7733 180.7865 159.5732 292.6954 553.7596 221.5315 38.5716 264.329 121.0121 226.7986 154.5433 261.529 559.528;
	3.6583 49.4316 87.7224 111.8583 14.7583 19.4168 2.8839 17.4382 19.1112 20.3945 37.6989 56.2394 84.6681 39.5212 173.2376 65.2663 80.9785 85.8131 52.9325 70.2748 0.9613 45.3058 56.2035 83.1444 94.451 70.6777 13.0164 474.8339 673.6539 673.6539 489.7121 87.246 176.4417 180.8875 123.9042 287.4257 642.322 240.0815 82.4228 252.9938 119.9896 215.3969 168.9804 257.0419 649.0128;
	3.5636 48.1527 85.0044 110.6069 14.4743 17.1238 0.0 17.2461 0.0 20.2641 37.4578 55.8797 84.1265 33.1978 186.0639 70.0985 86.974 92.1665 67.7938 68.343 0.0 39.9555 51.7398 83.2392 95.2927 70.3287 12.9412 390.0377 656.859 656.859 471.179 77.1067 225.9795 175.9151 104.0796 280.2598 588.8549 233.0204 0.0271 255.2483 115.4862 189.9599 161.1533 199.0928 594.9888;
	3.0315 40.9618 86.5212 116.7868 14.1168 9.1677 0.0 17.4838 0.0 24.4278 45.1544 67.3615 101.4123 21.3412 154.1277 58.0667 72.0457 76.347 53.7105 66.9134 0.0 21.3912 62.2273 85.8689 99.6617 70.0669 13.4004 390.475 512.3212 512.3212 404.4604 63.3619 179.0351 172.2352 66.9076 218.5904 446.64 195.1402 0.018 266.951 119.0847 101.6999 154.399 213.318 451.2925;
	2.7499 37.1574 86.9934 114.5004 13.9837 14.7478 0.1379 18.4328 0.9645 24.0847 44.5203 66.4155 99.9881 12.0407 175.0917 65.9648 81.8452 86.7315 62.9229 68.8722 0.046 34.4114 64.2853 88.0249 103.3449 72.9846 13.8726 938.58 447.8341 447.8341 296.8687 75.0481 209.7428 177.2773 37.7491 191.0759 761.153 206.088 92.8613 276.8167 121.5851 163.6018 130.2194 224.0927 769.0817;
	2.2536 30.4505 87.8517 112.5595 14.3875 15.8744 0.7894 18.152 3.4907 26.3152 48.6433 72.5662 109.248 43.8841 192.1963 72.4088 89.8406 95.2042 81.0038 70.0676 0.2631 37.0402 69.0461 87.5319 99.6932 73.1219 13.9382 1131.8785 531.8978 531.8978 216.4162 48.7947 270.0127 180.3542 137.5827 226.943 896.3341 191.1067 128.2425 267.0354 120.4524 176.0997 165.5208 253.7895 905.6709;
