function windprofile = ex_wind_profilesh1
%EX_WIND_PROFILE_D  Example wind_load_nyiso profile data for deterministic unit commitment.
% 2022.03.12
% Andres F. Ramirez


%% define constants
[GEN_BUS, PG, QG, QMAX, QMIN, VG, MBASE, GEN_STATUS, PMAX, PMIN, ...
    MU_PMAX, MU_PMIN, MU_QMAX, MU_QMIN, PC1, PC2, QC1MIN, QC1MAX, ...
    QC2MIN, QC2MAX, RAMP_AGC, RAMP_10, RAMP_30, RAMP_Q, APF] = idx_gen;
[CT_LABEL, CT_PROB, CT_TABLE, CT_TBUS, CT_TGEN, CT_TBRCH, CT_TAREABUS, ...
    CT_TAREAGEN, CT_TAREABRCH, CT_ROW, CT_COL, CT_CHGTYPE, CT_REP, ...
    CT_REL, CT_ADD, CT_NEWVAL, CT_TLOAD, CT_TAREALOAD, CT_LOAD_ALL_PQ, ...
    CT_LOAD_FIX_PQ, CT_LOAD_DIS_PQ, CT_LOAD_ALL_P, CT_LOAD_FIX_P, ...
    CT_LOAD_DIS_P, CT_TGENCOST, CT_TAREAGENCOST, CT_MODCOST_F, ...
    CT_MODCOST_X] = idx_ct;

windprofile = struct( ...
    'type', 'mpcData', ...
    'table', CT_TGEN, ...
    'rows', [1:45], ...
    'col', PMAX, ...
    'chgtype', 1, ...
    'values', [] );
windprofile.values(:,1,:) = [
	3.7603 50.8096 90.9879 112.0812 14.6748 31.4325 30.3403 17.4849 3.5528 17.0988 31.6068 47.1512 70.9859 53.5357 200.6796 75.6049 93.806 99.4064 90.967 71.5518 10.1134 73.3426 25.07 84.9425 100.8034 72.6204 13.4415 1194.4891 774.669 774.669 689.1793 111.9858 303.2235 184.1745 167.8418 330.5254 1018.938 240.6155 465.2744 270.0091 117.8221 348.6916 204.9796 270.8692 1029.552;
	3.1193 42.1491 89.0435 104.4018 14.4186 30.8705 30.926 17.4774 11.1269 14.2046 26.257 39.1702 58.9706 62.904 193.4096 72.8659 90.4077 95.8052 89.4939 71.8888 10.3087 72.0311 29.1482 81.816 97.3414 71.0231 12.8141 1171.3717 781.0868 781.0868 690.8699 113.8365 298.3129 185.042 197.2126 333.2637 1111.3309 223.5531 455.7922 260.736 117.1791 342.4565 201.1131 261.2653 1122.9073;
	3.0077 40.6408 86.5916 108.5135 14.6211 29.4809 31.5127 17.5857 21.2784 15.0191 27.7627 41.4164 62.3522 61.3817 174.7299 65.8285 81.6761 86.5522 89.6849 70.6579 10.5042 68.7888 29.5707 82.9729 97.1789 71.5384 12.9783 1165.5443 770.2839 770.2839 699.4047 116.3107 298.9497 181.8735 192.4399 328.6545 1144.4131 248.8601 463.6355 260.3006 116.1536 327.0415 201.7676 227.9313 1156.3341;
	3.5736 48.2874 88.588 110.7387 14.577 32.0256 31.3154 17.5238 26.94 29.3455 54.2448 80.9225 121.8284 63.3143 188.9692 71.1931 88.3321 93.6057 86.5685 64.4292 10.4385 74.7263 29.8163 82.2407 97.9574 71.0473 12.9857 1195.4795 765.4576 765.4576 697.7234 120.7157 288.5617 165.841 198.4989 326.5952 1130.0872 282.2005 466.1718 262.3858 116.2381 355.2702 172.9005 248.4086 1141.8589;
	3.0337 40.9922 90.4158 114.0162 14.6739 29.2068 31.562 18.1065 26.7791 30.475 56.3325 84.037 126.5172 64.5495 196.0778 73.8712 91.655 97.1269 91.0086 68.9585 10.5207 68.1493 75.4943 85.663 102.686 73.1197 13.4597 1232.3854 788.2955 788.2955 749.6908 115.8734 303.362 177.4993 202.3713 336.3394 1094.1955 303.2255 472.859 275.0518 116.4333 324.0011 176.1873 262.8612 1105.5933;
	3.6489 49.304 94.173 115.4514 14.6122 32.2529 20.5008 17.834 25.8046 29.3934 54.3333 81.0546 122.0273 51.5493 196.0738 73.8697 91.6531 97.1249 64.6785 69.3946 6.8336 75.2567 73.9417 85.79 101.7095 72.7391 13.8737 1178.7853 783.7051 783.7051 765.387 116.6429 215.595 178.6219 161.614 334.3808 1135.1093 306.8051 467.0852 272.4363 115.1122 357.7917 167.4331 266.8783 1146.9333;
	3.7521 50.6992 94.7447 117.8217 14.5134 33.856 14.9185 17.7363 25.8481 29.3086 54.1764 80.8206 121.675 67.5379 195.8022 73.7674 91.5262 96.9904 88.9084 70.8518 4.9728 78.9973 73.7785 87.1562 103.5374 71.8172 13.788 1285.1091 806.0703 806.0703 757.1757 115.1732 296.3613 182.3728 211.7405 343.9233 1162.6209 305.4796 452.0735 277.3323 118.4475 375.5758 183.7431 273.1017 1174.7315;
	3.8936 52.6115 94.8806 119.0289 14.7272 34.9286 0.8015 17.9839 1.1512 29.9418 55.347 82.5669 124.304 51.5159 201.7407 76.0047 94.3021 99.932 86.6705 71.2537 0.2672 81.5 74.1251 84.8742 101.8958 72.6086 13.9213 1283.3329 771.2489 771.2489 744.4734 118.2454 288.9018 183.4072 161.5094 329.0662 1189.3558 305.8003 188.9013 272.9351 117.0995 387.4741 206.8992 276.9897 1201.745;
	3.8545 52.0827 92.6535 114.3872 14.7212 33.3805 0.3657 17.6403 4.4231 30.0467 55.5409 82.8561 124.7394 29.5563 198.6197 74.8288 92.8432 98.386 85.7092 71.5363 0.1219 77.8878 73.748 84.5553 100.046 71.0792 13.4901 1165.1431 668.6988 668.6988 728.366 117.9021 285.6975 184.1346 92.6631 285.3115 989.346 286.5257 178.9847 267.9804 119.8825 370.301 195.5123 269.4238 999.6517;
	3.7055 50.0694 87.8213 113.9129 14.7029 31.4074 0.144 17.574 0.4975 26.1121 48.2678 72.0061 108.4048 22.5806 197.1788 74.286 92.1696 97.6723 86.0402 72.1332 0.048 73.2838 53.1499 85.3737 98.1459 71.6781 13.0285 1006.0837 607.2708 607.2708 608.2248 117.8706 286.8006 185.671 70.7932 259.1022 821.9835 253.0978 73.2704 262.8909 118.6844 348.4122 152.9206 262.5026 830.5459;
	3.6242 48.971 89.6087 113.4112 14.3953 27.1162 0.5692 17.5108 0.7197 29.4679 54.4711 81.2601 122.3366 6.6519 196.2032 73.9184 91.7136 97.189 80.3074 69.8983 0.1897 63.2711 74.7322 86.6884 99.1658 72.4893 13.4178 829.8313 667.9886 667.9886 546.6025 120.7248 267.6913 179.9183 20.8547 285.0085 748.05 217.241 7.2808 265.6226 119.6292 300.8087 143.8851 264.8506 755.8422;
	3.5575 48.069 90.6876 114.9938 14.576 19.9741 1.6632 17.4339 1.8554 27.9273 51.6232 77.0116 115.9406 5.9068 196.8803 74.1735 92.0301 97.5244 27.9163 69.1209 0.5544 46.6062 72.6475 86.8886 99.2227 72.333 13.0728 647.2586 720.0406 720.0406 530.9341 122.8045 93.0544 177.9174 18.5186 307.2173 822.3812 221.6227 22.7693 265.7752 121.3853 221.579 141.9173 263.3026 830.9477;
	3.8088 51.4648 91.2849 112.5077 14.8162 21.652 3.4407 16.7198 26.0138 25.5044 47.1445 70.3303 105.8818 52.1139 194.4685 73.2649 90.9027 96.3298 56.5902 69.0644 1.1469 50.5213 72.2231 85.3675 101.3178 69.5481 13.3184 654.9857 732.2401 732.2401 545.3337 122.9238 188.6341 177.772 163.3842 312.4224 629.9586 243.7245 133.8081 271.3869 119.9235 240.1926 142.5437 262.574 636.5207;
	3.6669 49.5475 89.3822 112.2302 14.3621 19.3495 3.7857 17.2344 18.631 24.4707 45.2337 67.4798 101.5904 35.0944 197.5788 74.4367 92.3566 97.8704 55.5161 69.7565 1.2619 45.1488 73.156 83.5896 98.5924 69.7305 13.1349 551.9289 714.3078 714.3078 503.803 102.9582 185.0537 179.5533 110.0257 304.7713 690.8127 235.2185 12.7115 264.0868 118.2783 214.6502 146.8403 262.508 698.0087;
	3.7032 50.0385 87.7808 114.3191 14.6368 18.1052 0.0 17.2312 0.8273 26.6502 49.2624 73.4898 110.6385 28.3696 189.7924 71.5032 88.7169 94.0134 64.4845 68.4583 0.0 42.2454 72.9109 84.3265 98.129 71.4631 13.1595 418.3582 674.7321 674.7321 451.1397 94.7093 214.9484 176.2119 88.9426 287.8857 579.5494 231.5069 0.0 262.8454 116.3413 200.8465 150.2728 244.8616 585.5864;
	3.2977 44.5593 86.894 113.5303 14.567 9.5754 0.7001 17.3613 1.1905 28.5879 52.8443 78.8333 118.6831 21.6467 176.5332 66.5079 82.519 87.4455 62.9463 68.8573 0.2334 22.3426 74.1759 84.4645 97.3862 71.8441 13.3591 440.8403 566.0288 566.0288 430.4734 98.2841 209.8209 177.2389 67.8654 241.5056 492.3918 216.2706 0.0003 260.8559 118.4044 106.223 147.9476 243.8621 497.5209;
	3.3648 45.4662 86.3629 111.5893 14.8232 18.5442 0.318 17.8091 2.0344 28.4482 52.5861 78.4481 118.1032 27.8027 185.3378 69.8249 86.6346 91.8068 65.3864 69.7034 0.106 43.2697 73.2236 83.7887 100.187 73.0677 13.5045 983.2415 492.8552 492.8552 323.2524 95.4419 217.9546 179.4168 87.1651 210.2849 847.0897 234.2571 82.9577 268.3582 116.1996 205.7167 129.9984 236.8244 855.9135;
	3.1743 42.8922 89.4352 115.4735 14.8931 21.1143 0.0 18.2689 0.0013 28.3602 52.4233 78.2053 117.7377 43.0425 188.4151 70.9843 88.0731 93.3312 78.9727 68.2699 0.0 49.2667 72.1478 85.134 99.4823 74.6057 13.9146 1142.1419 547.8 547.8 223.1369 69.7935 263.2424 175.7268 134.9441 233.728 965.2708 204.4305 10.187 266.4704 117.8964 234.2281 167.3716 267.5818 975.3257;
