function loadprofile = ex_load_profilesh1
%EX_LOAD_PROFILE  Example load profile data file for stochastic unit commitment.
% 2022.03.12
% Andres F. Ramirez

%% define constants
[CT_LABEL, CT_PROB, CT_TABLE, CT_TBUS, CT_TGEN, CT_TBRCH, CT_TAREABUS, ...
    CT_TAREAGEN, CT_TAREABRCH, CT_ROW, CT_COL, CT_CHGTYPE, CT_REP, ...
    CT_REL, CT_ADD, CT_NEWVAL, CT_TLOAD, CT_TAREALOAD, CT_LOAD_ALL_PQ, ...
    CT_LOAD_FIX_PQ, CT_LOAD_DIS_PQ, CT_LOAD_ALL_P, CT_LOAD_FIX_P, ...
    CT_LOAD_DIS_P, CT_TGENCOST, CT_TAREAGENCOST, CT_MODCOST_F, ...
    CT_MODCOST_X] = idx_ct;

loadprofile = struct( ...
    'type', 'mpcData', ...
    'table', CT_TAREALOAD, ...
    'rows', [1:11], ...
    'col', CT_LOAD_ALL_P, ...
    'chgtype', 1, ...
    'values', [] );
loadprofile.values(:,1,:) = [
	1386.2111 864.7164 1478.1424 506.7351 734.256 1085.219 837.5019 219.3561 467.9085 4357.286 1602.8123;
	1356.8906 845.9234 1453.7905 505.0628 739.3576 1086.9045 826.1625 219.445 464.4112 4342.1248 1594.823;
	1410.8463 862.0502 1479.3393 519.1226 748.8 1108.8 840.7449 222.508 467.7 4280.9717 1604.3933;
	1481.2251 926.2605 1585.4694 533.8118 803.3 1171.9193 883.2392 248.8773 512.8 4553.4 1744.0;
	1591.3771 1049.9 1778.2 567.1058 895.1 1329.9405 982.9 286.5 587.5111 5095.8858 1977.2439;
	1755.6122 1122.2128 1883.4615 574.972 975.451 1432.8881 1071.9925 321.3687 667.0 5647.3484 2169.1906;
	1757.9 1128.4226 1893.9069 573.5 996.8288 1409.513 1060.0183 321.9814 682.2015 5954.7209 2173.8005;
	1720.5914 1089.2915 1858.3362 569.6956 997.4185 1385.7912 1043.6651 320.0 689.1291 6095.0304 2169.6169;
	1755.625 1083.7106 1854.7489 571.9604 998.3532 1374.5832 1066.8488 327.6681 696.3043 6263.0211 2151.0348;
	1744.22 1080.3527 1875.2533 556.5607 982.3322 1406.1021 1105.33 328.6793 685.7796 6309.8936 2208.6;
	1705.0353 1077.1589 1863.5825 556.0543 967.1451 1377.0864 1130.6213 334.5324 675.7645 6459.8271 2189.8556;
	1756.9938 1083.1211 1899.6793 537.3174 968.7555 1383.6526 1130.1697 338.7423 673.8 6412.2564 2269.0882;
	1717.0788 1079.9548 1831.6699 521.4 911.4983 1332.9229 1122.9243 324.6134 664.928 6318.0646 2170.1974;
	1755.0412 1055.6185 1786.4121 510.6489 895.6796 1295.3282 1121.616 321.0 671.0041 6167.561 2166.8475;
	1795.4994 1088.596 1793.1512 528.2698 902.4853 1317.1939 1190.6041 318.8933 685.2743 6167.9014 2214.8661;
	1809.0909 1085.4833 1798.4347 556.8907 892.9466 1308.8 1165.6945 330.6975 679.1213 6272.8386 2220.5728;
	1799.8226 1091.4778 1867.5 554.4 937.6039 1380.7458 1254.3 353.2 701.2693 6177.1896 2319.8165;
	1842.9691 1156.8 1944.9087 563.6 964.3246 1417.8 1254.7899 362.2464 740.447 6161.4781 2469.0595;
	1835.7366 1159.3422 1937.8623 568.7405 971.9 1382.766 1174.9446 340.2634 698.0793 5952.8268 2342.4394;
	1813.2156 1096.846 1883.6229 560.9535 927.8223 1320.2437 1157.8 330.242 675.2311 5746.3984 2250.0596;
	1725.0 1037.0466 1773.7026 537.7142 894.3209 1260.1545 1079.0228 309.9 619.5574 5450.8715 2110.166;
	1624.139 957.2261 1662.8878 529.7051 839.6646 1153.4 996.7182 273.6 569.1072 5043.7985 1926.7213;
	1562.4032 921.5421 1663.2324 536.0397 773.2 1161.4201 989.5506 254.6526 544.6163 4759.3684 1825.3523;
	1519.3735 886.8482 1616.8122 540.4608 756.8889 1121.608 908.3395 243.3902 509.8118 4541.4485 1727.5259;
];
