function windprofile = ex_wind_profilesh1
%EX_WIND_PROFILE_D  Example wind_load_nyiso profile data for deterministic unit commitment.
% 2022.03.12
% Andres F. Ramirez


%% define constants
[GEN_BUS, PG, QG, QMAX, QMIN, VG, MBASE, GEN_STATUS, PMAX, PMIN, ...
    MU_PMAX, MU_PMIN, MU_QMAX, MU_QMIN, PC1, PC2, QC1MIN, QC1MAX, ...
    QC2MIN, QC2MAX, RAMP_AGC, RAMP_10, RAMP_30, RAMP_Q, APF] = idx_gen;
[CT_LABEL, CT_PROB, CT_TABLE, CT_TBUS, CT_TGEN, CT_TBRCH, CT_TAREABUS, ...
    CT_TAREAGEN, CT_TAREABRCH, CT_ROW, CT_COL, CT_CHGTYPE, CT_REP, ...
    CT_REL, CT_ADD, CT_NEWVAL, CT_TLOAD, CT_TAREALOAD, CT_LOAD_ALL_PQ, ...
    CT_LOAD_FIX_PQ, CT_LOAD_DIS_PQ, CT_LOAD_ALL_P, CT_LOAD_FIX_P, ...
    CT_LOAD_DIS_P, CT_TGENCOST, CT_TAREAGENCOST, CT_MODCOST_F, ...
    CT_MODCOST_X] = idx_ct;

windprofile = struct( ...
    'type', 'mpcData', ...
    'table', CT_TGEN, ...
    'rows', [1:45], ...
    'col', PMAX, ...
    'chgtype', 1, ...
    'values', [] );
windprofile.values(:,1,:) = [
	3.8303 51.7563 92.3957 116.625 14.953 32.1098 31.991 17.8578 10.3294 13.8481 25.5979 38.1871 57.4905 43.8672 203.8288 76.7913 95.2781 100.9664 89.1455 69.7855 10.6637 74.9228 26.2557 86.8675 102.4348 73.6821 13.671 1274.527 788.7537 788.7537 769.8285 118.8798 297.1516 179.6281 137.5296 336.5349 1164.6887 281.0898 463.8921 274.3789 119.4538 356.2043 212.0133 282.0976 1176.8208;
	3.8145 51.5427 91.6823 115.1675 14.8874 33.1916 32.4495 18.5102 11.4663 13.2047 24.4087 36.413 54.8196 56.1729 198.7117 74.8635 92.8862 98.4316 85.7083 71.8063 10.8165 77.447 29.9407 83.488 99.8701 73.0469 13.886 1261.6358 800.9635 800.9635 774.0701 121.6071 285.6943 184.8296 176.1097 341.7444 1221.7447 273.6403 464.4342 267.5093 121.9983 368.205 213.0522 278.601 1234.4712;
	3.9012 52.7138 89.1635 114.3344 15.1678 34.8469 33.655 18.3912 23.0008 14.5618 26.9172 40.1552 60.4534 54.5284 187.2838 70.5581 87.5443 92.7708 88.0346 72.2093 11.2183 81.3094 27.1909 83.5651 100.0237 71.8122 13.6316 1252.794 813.667 813.667 771.8063 122.6598 293.4487 185.867 170.954 347.1646 1253.9351 310.393 467.4626 267.9206 120.4295 386.5683 218.5767 270.6256 1266.9969;
	3.7957 51.2879 90.0502 118.7483 15.1078 35.0058 32.7328 17.9633 28.1799 28.6704 52.9968 79.0608 119.0256 65.5114 201.281 75.8314 94.0872 99.7043 88.9008 69.2906 10.9109 81.6802 22.7103 82.475 99.1812 71.3294 13.4228 1267.9741 812.3633 812.3633 764.5258 121.2309 296.3361 178.3543 205.3872 346.6083 1215.972 326.1669 477.7367 265.6639 119.5894 388.3308 203.4108 272.5399 1228.6384;
	3.1498 42.561 89.6595 118.2381 15.0671 32.0291 32.3993 17.7721 28.1232 28.6749 53.0051 79.0732 119.0443 63.3076 204.8667 77.1823 95.7633 101.4805 90.6838 71.6384 10.7998 74.7346 71.4474 84.4883 99.2915 69.5414 13.422 1291.1116 804.8322 804.8322 757.0462 121.4468 302.2792 184.3975 198.4778 343.3951 1166.0608 348.5643 475.8659 265.9594 120.5981 355.3097 187.1301 277.9256 1178.2073;
	3.7812 51.0918 92.5253 119.3969 15.2709 33.6422 19.9723 18.2335 26.4971 27.5464 50.919 75.9612 114.3591 53.7382 204.9881 77.2281 95.82 101.5406 61.0465 72.4333 6.6574 78.4985 71.5398 86.2745 101.8367 71.1457 13.7728 1278.9035 807.7793 807.7793 764.6345 121.2133 203.4882 186.4434 168.4765 344.6525 1199.1302 339.0677 473.3637 272.7768 122.6572 373.2043 171.536 277.269 1211.6212;
	3.6363 49.1347 93.5642 117.712 15.0173 32.863 13.798 17.4686 25.8934 28.6465 52.9526 78.9948 118.9262 62.5527 205.0766 77.2614 95.8614 101.5845 86.0754 72.7138 4.5993 76.6804 72.7785 86.6233 101.6971 70.3082 13.3993 1317.4282 801.4144 801.4144 716.6614 120.5899 286.918 187.1655 196.1113 341.9368 1213.7997 331.585 418.3173 272.4029 121.0135 364.5605 179.0379 280.864 1226.4435;
	3.6486 49.3011 91.4251 115.69 14.7667 32.2234 1.5299 17.5532 8.7504 27.641 51.094 76.2222 114.7521 42.6225 202.8544 76.4242 94.8226 100.4837 85.3459 72.4335 0.51 75.188 73.4779 84.3771 98.1138 72.4179 13.3962 1299.6045 779.4798 779.4798 735.0583 116.8098 284.4864 186.444 133.6273 332.578 1227.8985 336.9979 184.7292 262.8048 117.0073 357.4655 200.9967 281.3679 1240.6891;
	3.7119 50.1556 92.5373 116.6718 15.1666 31.6864 0.7985 17.524 2.9483 29.2306 54.0324 80.6057 121.3514 24.318 202.782 76.3969 94.7888 100.4478 86.4738 72.6178 0.2662 73.9349 73.3164 84.4446 99.3379 69.9958 13.1275 1132.9436 696.463 696.463 709.9545 115.4983 288.2459 186.9184 76.2401 297.1576 1017.3288 309.7521 114.154 266.0836 119.0584 351.5077 192.5663 284.6665 1027.926;
	3.778 51.0497 93.5386 119.5575 15.2972 31.2567 9.9173 18.0465 5.46 24.4391 45.1753 67.3926 101.4592 21.1935 201.1654 75.7879 94.0331 99.647 89.4951 72.7608 3.3058 72.9322 44.4315 87.3721 101.6129 72.497 13.0655 952.1391 619.5742 619.5742 589.0698 115.3172 298.3171 187.2864 66.4446 264.3516 834.0335 270.2395 256.3315 272.1774 120.829 346.7406 166.1158 286.0205 842.7213;
	3.5602 48.1062 93.5044 117.6438 15.1345 25.5988 0.0 17.3291 0.5632 28.2587 52.2357 77.9255 117.3164 6.5359 203.4877 76.6628 95.1187 100.7974 83.3181 72.985 0.0 59.7305 72.1314 87.4673 101.4309 70.3935 13.1148 772.7388 661.9689 661.9689 519.2047 111.2968 277.7271 187.8636 20.4909 282.44 729.021 209.7759 9.1559 271.69 123.1957 283.9756 147.423 278.7813 736.615;
	3.4058 46.0204 94.3158 115.8388 14.8889 19.1899 0.0 17.6845 0.0892 26.316 48.6447 72.5683 109.2512 1.6176 205.1233 77.279 95.8832 101.6076 40.9217 72.4419 0.0 44.7764 73.0203 87.5309 102.1291 74.6379 13.3008 542.2769 694.1691 694.1691 487.4775 102.8189 136.4055 186.4656 5.0714 296.1788 749.7945 194.7018 3.6081 273.5601 122.2469 212.8797 141.5485 280.9358 757.6048;
	3.7825 51.1101 94.1347 114.7703 14.945 20.7675 0.0 17.2678 25.3068 24.3096 44.9358 67.0354 100.9215 45.2458 202.6996 76.3659 94.7503 100.407 58.4977 72.694 0.0 48.4576 73.6337 84.5896 101.3799 72.4575 13.4373 612.9953 670.8376 670.8376 490.9669 106.4553 194.9924 187.1146 141.8518 286.224 580.6152 219.2209 12.7253 271.5533 120.6885 230.3813 147.9685 282.5082 586.6632;
	3.7721 50.969 93.7163 113.7599 15.057 21.2537 0.0 17.6576 17.4297 25.7871 47.667 71.1098 107.0554 35.5154 205.3291 77.3565 95.9794 101.7095 61.0504 73.9304 0.0 49.592 75.7656 84.7849 100.4967 72.3838 13.5316 515.2362 641.9413 641.9413 452.9377 95.7602 203.5012 190.2971 111.3455 273.895 635.2412 210.0826 56.5061 269.1875 120.9463 235.7748 163.6202 272.068 641.8583;
	3.8915 52.5827 91.9307 116.4364 14.9086 20.6649 0.0 17.9255 6.9606 27.1047 50.1027 74.7433 112.5256 31.7394 202.7371 76.38 94.7678 100.4256 76.3989 72.49 0.0 48.2181 75.6835 84.7211 100.3096 73.5763 13.275 381.5776 642.1225 642.1225 423.7022 89.4494 254.6629 186.5895 99.5074 273.9723 560.5903 205.9813 153.8647 268.6864 119.3588 229.2428 173.0989 259.2275 566.4298;
	3.6545 49.3804 92.6536 120.1645 14.5376 10.9545 0.2652 17.4996 7.0051 30.2261 55.8724 83.3506 125.4839 24.4786 192.6735 72.5886 90.0637 95.4406 61.1011 72.5834 0.0884 25.5606 75.662 85.9659 100.741 72.0343 13.4584 436.4467 556.8939 556.8939 414.9315 92.9072 203.6704 186.8299 76.7439 237.6081 481.1255 206.0761 157.8981 269.8419 121.0994 121.5225 165.568 261.165 486.1372;
	3.4142 46.1338 89.1727 116.0537 14.1288 18.7108 0.0 17.9039 1.1791 29.7011 54.9021 81.9031 123.3047 28.0556 189.6783 71.4602 88.6636 93.9569 58.9265 72.0504 0.0 43.6585 74.6132 85.1808 101.9566 70.1296 13.1775 983.8723 473.3313 473.3313 292.982 88.3699 196.4217 185.458 87.9581 201.9547 793.3963 204.6026 107.8775 273.0979 120.7629 207.5651 135.8803 247.7246 801.6609;
	3.2256 43.5846 91.3546 118.4775 14.1065 21.9197 4.3301 18.0006 5.8849 28.7481 53.1404 79.275 119.3481 59.4633 195.5149 73.6591 91.3918 96.8481 71.8347 73.5925 1.4434 51.146 70.9326 83.5433 99.7959 71.501 13.5451 1227.6344 603.2274 603.2274 223.4106 69.2975 239.449 189.4273 186.4254 257.377 1021.4987 194.2647 151.3655 267.3104 120.9501 243.1627 178.7917 268.4396 1032.1394;
