function solarprofile = ex_solar_profilesh1
%EX_WIND_PROFILE_D  Example wind_load_nyiso profile data for deterministic unit commitment.
% 2022.03.12
% Andres F. Ramirez


%% define constants
[GEN_BUS, PG, QG, QMAX, QMIN, VG, MBASE, GEN_STATUS, PMAX, PMIN, ...
    MU_PMAX, MU_PMIN, MU_QMAX, MU_QMIN, PC1, PC2, QC1MIN, QC1MAX, ...
    QC2MIN, QC2MAX, RAMP_AGC, RAMP_10, RAMP_30, RAMP_Q, APF] = idx_gen;
[CT_LABEL, CT_PROB, CT_TABLE, CT_TBUS, CT_TGEN, CT_TBRCH, CT_TAREABUS, ...
    CT_TAREAGEN, CT_TAREABRCH, CT_ROW, CT_COL, CT_CHGTYPE, CT_REP, ...
    CT_REL, CT_ADD, CT_NEWVAL, CT_TLOAD, CT_TAREALOAD, CT_LOAD_ALL_PQ, ...
    CT_LOAD_FIX_PQ, CT_LOAD_DIS_PQ, CT_LOAD_ALL_P, CT_LOAD_FIX_P, ...
    CT_LOAD_DIS_P, CT_TGENCOST, CT_TAREAGENCOST, CT_MODCOST_F, ...
    CT_MODCOST_X] = idx_ct;

solarprofile = struct( ...
    'type', 'mpcData', ...
    'table', CT_TGEN, ...
    'rows', [1:12], ...
    'col', PMAX, ...
    'chgtype', 1, ...
    'values', [] );
solarprofile.values(:,1,:) = [
	0.0 0.0 0.0 0.0 0.0 0.0 0.0 0.0 0.0 0.0 0.0 0.0;
	0.0 0.0 0.0 0.0 0.0 0.0 0.0 0.0 0.0 0.0 0.0 0.0;
	0.0 0.0 0.0 0.0 0.0 0.0 0.0 0.0 0.0 0.0 0.0 0.0;
	0.0 0.0 0.0 0.0 0.0 0.0 0.0 0.0 0.0 0.0 0.0 0.0;
	0.0 0.0 0.0 0.0 0.0 0.0 0.0 0.0 0.0 0.0 0.0 0.0;
	0.4095 0.3481 0.302 0.0 0.0 0.1765 0.0221 0.1431 0.0956 0.0 0.0 0.0;
	1.7299 1.629 1.4004 0.6106 1.3895 242.3938 30.2992 15.8966 71.856 32.1781 9.9003 58.2747;
	1.3378 2.5104 2.0674 1.141 1.6737 236.8119 29.6015 9.1629 101.5004 57.8728 21.1659 104.808;
	2.0984 3.4082 2.7512 1.8691 1.5879 193.8442 24.2305 8.4745 107.1165 104.2864 42.8019 188.8634;
	12.527 9.1222 9.2434 6.551 9.6991 129.4514 16.1814 12.6907 70.5958 205.9905 102.372 373.0501;
	12.2144 11.5552 11.3068 8.8325 8.4934 122.4647 15.3081 24.7108 66.7398 246.128 142.3039 445.7393;
	9.9511 11.1958 11.2846 10.4354 8.582 101.4338 12.6792 29.31 53.3928 266.1219 156.6555 481.9484;
	5.1979 5.1384 5.5829 10.9006 8.2848 141.5308 17.6913 28.3248 79.6526 215.5911 138.9633 390.4368;
	5.1106 4.5937 3.3665 10.5924 9.1749 124.9311 15.6164 19.1658 77.9133 186.7093 139.388 338.1317;
	3.0412 2.1205 2.0042 9.0703 9.5439 86.3584 10.7948 11.3383 64.6707 130.8162 118.5937 236.9089;
	0.407 0.3367 0.4066 4.6792 7.5379 46.3491 5.7936 5.201 56.2659 13.6318 10.6348 24.6872;
	0.2069 0.1875 0.1906 1.3714 2.2561 50.6424 6.3303 3.677 40.9412 6.6439 4.3953 12.0322;
	0.0 0.0 0.0 0.0 0.0 0.0 0.0 0.0 0.0 0.0 0.0 0.0;
	0.0 0.0 0.0 0.0 0.0 0.0 0.0 0.0 0.0 0.0 0.0 0.0;
	0.0 0.0 0.0 0.0 0.0 0.0 0.0 0.0 0.0 0.0 0.0 0.0;
	0.0 0.0 0.0 0.0 0.0 0.0 0.0 0.0 0.0 0.0 0.0 0.0;
	0.0 0.0 0.0 0.0 0.0 0.0 0.0 0.0 0.0 0.0 0.0 0.0;
	0.0 0.0 0.0 0.0 0.0 0.0 0.0 0.0 0.0 0.0 0.0 0.0;
	0.0 0.0 0.0 0.0 0.0 0.0 0.0 0.0 0.0 0.0 0.0 0.0;
];
