function windprofile = ex_wind_profilesh1
%EX_WIND_PROFILE_D  Example wind_load_nyiso profile data for deterministic unit commitment.
% 2022.03.12
% Andres F. Ramirez


%% define constants
[GEN_BUS, PG, QG, QMAX, QMIN, VG, MBASE, GEN_STATUS, PMAX, PMIN, ...
    MU_PMAX, MU_PMIN, MU_QMAX, MU_QMIN, PC1, PC2, QC1MIN, QC1MAX, ...
    QC2MIN, QC2MAX, RAMP_AGC, RAMP_10, RAMP_30, RAMP_Q, APF] = idx_gen;
[CT_LABEL, CT_PROB, CT_TABLE, CT_TBUS, CT_TGEN, CT_TBRCH, CT_TAREABUS, ...
    CT_TAREAGEN, CT_TAREABRCH, CT_ROW, CT_COL, CT_CHGTYPE, CT_REP, ...
    CT_REL, CT_ADD, CT_NEWVAL, CT_TLOAD, CT_TAREALOAD, CT_LOAD_ALL_PQ, ...
    CT_LOAD_FIX_PQ, CT_LOAD_DIS_PQ, CT_LOAD_ALL_P, CT_LOAD_FIX_P, ...
    CT_LOAD_DIS_P, CT_TGENCOST, CT_TAREAGENCOST, CT_MODCOST_F, ...
    CT_MODCOST_X] = idx_ct;

windprofile = struct( ...
    'type', 'mpcData', ...
    'table', CT_TGEN, ...
    'rows', [1:45], ...
    'col', PMAX, ...
    'chgtype', 1, ...
    'values', [] );
windprofile.values(:,1,:) = [
	3.1933 43.1485 86.576 111.0623 11.4992 30.0116 30.9793 17.4607 6.6392 17.0744 31.5618 47.084 70.8847 52.1677 202.2364 76.1914 94.5338 100.1776 88.9868 73.4378 10.3264 70.027 26.2224 83.9111 98.0656 72.1837 13.6232 1213.6631 756.7108 756.7108 735.7679 116.8393 296.6228 189.029 163.5527 322.8633 1113.3419 259.8882 459.1586 262.6756 118.423 332.9284 199.3218 260.2921 1124.9393;
	3.7715 50.9613 89.264 112.2314 11.4588 32.8294 31.7464 17.5738 9.2589 13.7295 25.3787 37.86 56.998 60.4701 198.09 74.6293 92.5956 98.1237 90.4744 73.2301 10.5821 76.602 28.2818 82.188 96.8625 71.355 13.2574 1215.3183 777.59 777.59 775.3566 119.1558 301.5814 188.4944 189.5821 331.7717 1161.0205 257.2466 447.2875 259.4531 117.1695 364.188 209.0224 270.4849 1173.1145;
	3.6948 49.9246 87.049 109.7663 11.4892 32.8393 33.2279 17.7649 20.897 13.5015 24.9574 37.2315 56.0518 59.511 183.5422 69.1485 85.7953 90.9174 90.2412 73.4312 11.076 76.6249 25.0209 83.5797 98.0301 71.9237 13.3804 1205.8966 762.6957 762.6957 746.8903 118.6946 300.8041 189.0121 186.5749 325.4168 1182.7749 285.3722 458.4019 262.5807 115.9532 364.2968 205.7213 262.0506 1195.0955;
	3.566 48.1851 86.3629 109.1661 13.7227 32.4101 32.178 17.0379 27.6401 28.4897 52.6628 78.5626 118.2755 63.0476 196.4488 74.011 91.8284 97.3107 90.0845 71.7418 10.726 75.6235 26.9401 83.2861 96.7136 69.989 12.8345 1221.5047 756.1209 756.1209 734.7657 115.269 300.2817 184.6636 197.6628 322.6116 1126.3824 306.6754 461.2467 259.0543 114.8865 359.5357 165.4208 254.2978 1138.1156;
	2.418 32.673 84.3821 99.9447 14.0629 29.2883 32.0886 16.8376 27.4796 28.4907 52.6647 78.5653 118.2797 62.2149 195.6674 73.7165 91.4631 96.9236 90.0714 70.3112 10.6962 68.3395 73.1493 83.1842 94.9239 65.235 12.168 1237.8961 809.0301 809.0301 781.7633 119.6367 300.2381 180.9813 195.0522 345.1862 1121.3168 335.7503 463.965 254.2605 113.9828 324.9053 163.312 227.6014 1132.9972;
	3.6087 48.7615 86.9633 106.9424 14.1471 32.0989 21.0671 16.8649 26.1928 28.1126 51.9656 77.5225 116.7097 51.6757 195.2907 73.5746 91.2871 96.737 61.6929 70.3925 7.0224 74.8975 72.6015 83.6965 94.9708 68.8629 12.2624 1262.067 825.0471 825.0471 768.4183 115.7118 205.643 181.1905 162.0104 352.0201 1207.1362 322.0566 474.3006 254.386 113.3055 356.0839 156.1927 248.8924 1219.7106;
	3.6198 48.9111 89.0982 112.4223 14.8776 33.0696 13.9663 16.9906 24.7054 26.8467 49.6256 74.0317 111.4543 62.5135 189.5002 71.3931 88.5803 93.8687 83.1022 71.2642 4.6554 77.1624 70.2502 86.3017 98.3995 69.412 12.1555 1308.1484 807.2332 807.2332 726.9607 116.0307 277.0074 183.4342 195.9884 344.4195 1234.0316 321.1027 418.5963 263.57 115.7266 366.852 174.3427 263.0811 1246.886;
	3.6701 49.5916 89.7005 112.7694 14.5719 33.8684 5.3436 17.2589 0.1995 27.0934 50.0817 74.712 112.4785 34.3122 191.7518 72.2414 89.6328 94.984 79.9342 70.2021 1.7812 79.0262 69.8885 83.8545 97.2169 66.9473 12.7566 1307.0305 771.0724 771.0724 706.9754 116.2928 266.4474 180.7004 107.5735 328.9909 1254.3923 321.149 168.0931 260.4023 116.3898 375.713 200.1624 259.5134 1267.4588;
	3.685 49.7924 90.97 113.178 14.2435 31.8954 1.332 17.5593 0.086 28.032 51.8167 77.3003 116.3752 25.1964 190.4619 71.7554 89.0299 94.3451 82.545 70.9579 0.444 74.4227 69.9295 86.1865 98.3299 69.5052 13.0517 1153.2356 646.6558 646.6558 656.9128 115.8489 275.1501 182.6458 78.994 275.9065 998.5486 290.4273 0.0082 263.3836 120.0716 353.8268 181.3356 270.8743 1008.9501;
	3.6303 49.0527 87.9717 111.8056 14.3973 29.6508 0.4373 17.6438 0.0 18.6025 34.3864 51.2978 77.2285 15.5158 159.4069 60.0556 74.5135 78.962 80.906 69.4192 0.1458 69.1853 22.6424 86.5845 97.8127 70.598 12.3927 1037.9521 594.2409 594.2409 572.4591 116.7841 269.6867 178.6852 48.6441 253.5428 832.3453 283.6997 0.0 261.9982 118.0618 328.9267 144.7276 260.8296 841.0156;
	3.4282 46.3227 87.7034 104.8711 14.1506 25.3716 0.8616 17.3286 0.0 21.9281 40.5338 60.4684 91.0348 0.0007 192.4675 72.511 89.9674 95.3385 75.5717 69.9189 0.2872 59.2003 68.6044 86.1016 97.838 69.235 12.3319 827.1147 657.3291 657.3291 534.8934 111.3907 251.9058 179.9714 0.0021 280.4604 763.8797 229.7477 0.332 262.066 113.5675 281.4551 136.9793 257.8402 771.8368;
	3.1992 43.2285 88.6914 108.3641 14.3992 18.4064 0.0 17.6089 0.0 23.017 42.5466 63.4712 95.5556 0.0 194.9704 73.454 91.1373 96.5784 34.2049 70.2774 0.0 42.9482 67.6311 85.942 98.7697 71.9218 13.0313 589.9457 666.7675 666.7675 497.1031 108.2424 114.0162 180.8942 0.0 284.4875 778.3851 224.777 0.0 264.5617 118.9578 204.1879 129.5309 265.9815 786.4932;
	3.6419 49.2107 91.2678 110.2653 14.7604 21.1744 3.2006 17.3448 25.3455 20.1537 37.2538 55.5753 83.6683 38.8484 190.5352 71.783 89.0641 94.3814 53.9118 70.3552 1.0669 49.4069 68.6813 85.1129 99.0936 72.8366 12.9294 591.8066 680.1788 680.1788 503.231 110.2829 179.7062 181.0944 121.7949 290.2096 597.8365 245.5851 15.2617 265.4292 118.2525 234.8943 141.5338 258.0436 604.064;
	3.5785 48.3532 90.3497 108.6717 14.3944 20.7355 2.9429 17.3061 17.3237 16.4206 30.3532 45.281 68.1703 29.2257 195.4612 73.6389 91.3667 96.8215 56.0187 71.1973 0.981 48.3828 67.8946 84.2492 96.9627 71.3122 12.6175 528.2292 659.1781 659.1781 472.586 92.8052 186.7291 183.2621 91.6265 281.2493 680.1414 259.6127 13.2482 259.7216 113.8691 230.0255 149.6872 257.5379 687.2262;
	3.7254 50.338 89.6193 109.32 15.1539 18.2148 3.1904 17.4765 0.5551 24.2273 44.7838 66.8087 100.5801 26.0269 192.335 72.4611 89.9054 95.2729 70.0832 70.7158 1.0635 42.5013 70.6073 86.9707 97.9196 70.6816 13.0675 373.2357 620.379 620.379 396.5404 83.7276 233.6105 182.0226 81.598 264.695 592.0775 239.1584 4.018 262.2847 115.7146 202.0633 158.3854 239.7853 598.245;
	3.5615 48.1232 88.0191 110.2491 15.38 9.5438 1.5354 17.4489 0.1182 26.4542 48.9002 72.9495 109.8251 23.1645 178.7746 67.3523 83.5667 88.5558 57.866 71.4956 0.5118 22.2689 70.2267 87.8418 99.7788 70.8082 13.285 429.3222 453.4172 453.4172 372.0547 91.1534 192.8866 184.0299 72.6238 193.458 473.7261 227.5925 5.4971 267.2646 116.7164 105.8725 149.9588 238.0983 478.6608;
	3.4125 46.1105 86.4852 110.2514 15.2997 16.9943 1.1481 17.7384 0.0868 24.9941 46.2011 68.923 103.7632 27.376 172.7481 65.0819 80.7497 85.5706 60.0519 71.4491 0.3827 39.6535 69.7769 85.7447 100.0804 71.4058 13.1268 952.1838 362.1828 362.1828 262.4843 83.6241 200.173 183.9102 85.8276 154.5313 770.462 231.3824 90.0256 268.0726 116.5539 188.524 126.3307 228.457 778.4877;
	3.3317 45.019 87.829 111.908 15.2501 21.5316 1.2536 17.4988 0.9084 27.2568 50.3839 75.1628 113.1572 53.2813 179.4659 67.6127 83.8899 88.8982 74.2992 70.8954 0.4179 50.2403 70.5932 86.2797 97.3249 71.2236 13.3903 1170.2248 484.0296 484.0296 190.4182 61.3494 247.6639 182.4849 167.044 206.5193 928.285 206.1604 117.8027 260.6918 117.7625 238.8569 172.0286 256.5135 937.9546;
