function solarprofile = ex_solar_profilesh1
%EX_WIND_PROFILE_D  Example wind_load_nyiso profile data for deterministic unit commitment.
% 2022.03.12
% Andres F. Ramirez


%% define constants
[GEN_BUS, PG, QG, QMAX, QMIN, VG, MBASE, GEN_STATUS, PMAX, PMIN, ...
    MU_PMAX, MU_PMIN, MU_QMAX, MU_QMIN, PC1, PC2, QC1MIN, QC1MAX, ...
    QC2MIN, QC2MAX, RAMP_AGC, RAMP_10, RAMP_30, RAMP_Q, APF] = idx_gen;
[CT_LABEL, CT_PROB, CT_TABLE, CT_TBUS, CT_TGEN, CT_TBRCH, CT_TAREABUS, ...
    CT_TAREAGEN, CT_TAREABRCH, CT_ROW, CT_COL, CT_CHGTYPE, CT_REP, ...
    CT_REL, CT_ADD, CT_NEWVAL, CT_TLOAD, CT_TAREALOAD, CT_LOAD_ALL_PQ, ...
    CT_LOAD_FIX_PQ, CT_LOAD_DIS_PQ, CT_LOAD_ALL_P, CT_LOAD_FIX_P, ...
    CT_LOAD_DIS_P, CT_TGENCOST, CT_TAREAGENCOST, CT_MODCOST_F, ...
    CT_MODCOST_X] = idx_ct;

solarprofile = struct( ...
    'type', 'mpcData', ...
    'table', CT_TGEN, ...
    'rows', [1:12], ...
    'col', PMAX, ...
    'chgtype', 1, ...
    'values', [] );
solarprofile.values(:,1,:) = [
	0.0 0.0 0.0 0.0 0.0 0.0 0.0 0.0 0.0 0.0 0.0 0.0;
	0.0 0.0 0.0 0.0 0.0 0.0 0.0 0.0 0.0 0.0 0.0 0.0;
	0.0 0.0 0.0 0.0 0.0 0.0 0.0 0.0 0.0 0.0 0.0 0.0;
	0.0 0.0 0.0 0.0 0.0 0.0 0.0 0.0 0.0 0.0 0.0 0.0;
	0.0 0.0 0.0 0.0 0.0 0.0 0.0 0.0 0.0 0.0 0.0 0.0;
	0.4095 0.3481 0.302 0.0 0.0 2.4742 0.3093 0.5797 0.0956 0.0 0.0 0.0;
	3.8401 2.3129 2.4445 1.4709 0.4457 80.875 10.1094 10.0417 72.9884 132.791 89.618 240.4854;
	9.3488 7.0108 5.9299 4.0505 2.4782 126.6154 15.8269 8.3465 89.524 165.9979 87.6658 300.6232;
	14.7048 11.749 8.977 5.9734 5.4295 174.731 21.8414 8.6751 82.1567 207.6387 85.3662 376.035;
	13.7088 11.4677 10.5401 10.6253 14.1799 263.3027 32.9128 10.4786 101.9592 202.3833 89.1609 366.5174;
	11.4995 10.9739 11.1981 11.1451 13.5707 206.1525 25.7691 11.845 113.9165 212.5016 133.5278 384.8416;
	11.1366 10.0307 11.1362 11.2082 12.787 138.1333 17.2667 13.8703 118.0277 195.7007 124.5101 354.4152;
	8.5334 8.4148 8.599 10.5436 9.046 202.9838 25.373 29.0548 214.974 149.9612 83.0395 271.5807;
	8.6001 7.3455 7.1707 9.239 9.2199 229.569 28.6961 28.4924 235.8736 142.0233 102.3061 257.2051;
	6.3959 5.7063 5.408 7.0532 9.4252 248.1711 31.0214 29.8204 255.9735 128.7899 91.585 233.2394;
	1.9398 1.5056 1.8714 4.2636 7.2513 297.2819 37.1602 29.5914 266.6419 20.3973 16.4871 36.9397;
	0.3054 0.2387 0.2935 1.7818 2.0624 74.1458 9.2682 7.9684 61.4231 5.8228 4.4705 10.5451;
	0.0 0.0 0.0 0.0 0.0 0.0 0.0 0.0 0.0 0.0 0.0 0.0;
	0.0 0.0 0.0 0.0 0.0 0.0 0.0 0.0 0.0 0.0 0.0 0.0;
	0.0 0.0 0.0 0.0 0.0 0.0 0.0 0.0 0.0 0.0 0.0 0.0;
	0.0 0.0 0.0 0.0 0.0 0.0 0.0 0.0 0.0 0.0 0.0 0.0;
	0.0 0.0 0.0 0.0 0.0 0.0 0.0 0.0 0.0 0.0 0.0 0.0;
	0.0 0.0 0.0 0.0 0.0 0.0 0.0 0.0 0.0 0.0 0.0 0.0;
	0.0 0.0 0.0 0.0 0.0 0.0 0.0 0.0 0.0 0.0 0.0 0.0;
];
