function windprofile = ex_wind_profilesh1
%EX_WIND_PROFILE_D  Example wind_load_nyiso profile data for deterministic unit commitment.
% 2022.03.12
% Andres F. Ramirez


%% define constants
[GEN_BUS, PG, QG, QMAX, QMIN, VG, MBASE, GEN_STATUS, PMAX, PMIN, ...
    MU_PMAX, MU_PMIN, MU_QMAX, MU_QMIN, PC1, PC2, QC1MIN, QC1MAX, ...
    QC2MIN, QC2MAX, RAMP_AGC, RAMP_10, RAMP_30, RAMP_Q, APF] = idx_gen;
[CT_LABEL, CT_PROB, CT_TABLE, CT_TBUS, CT_TGEN, CT_TBRCH, CT_TAREABUS, ...
    CT_TAREAGEN, CT_TAREABRCH, CT_ROW, CT_COL, CT_CHGTYPE, CT_REP, ...
    CT_REL, CT_ADD, CT_NEWVAL, CT_TLOAD, CT_TAREALOAD, CT_LOAD_ALL_PQ, ...
    CT_LOAD_FIX_PQ, CT_LOAD_DIS_PQ, CT_LOAD_ALL_P, CT_LOAD_FIX_P, ...
    CT_LOAD_DIS_P, CT_TGENCOST, CT_TAREAGENCOST, CT_MODCOST_F, ...
    CT_MODCOST_X] = idx_ct;

windprofile = struct( ...
    'type', 'mpcData', ...
    'table', CT_TGEN, ...
    'rows', [1:45], ...
    'col', PMAX, ...
    'chgtype', 1, ...
    'values', [] );
windprofile.values(:,1,:) = [
	3.9878 53.8841 85.1826 115.3025 14.845 34.5735 31.8052 17.4618 11.0797 18.3839 33.9824 50.6951 76.3212 54.1613 200.1367 75.4003 93.5523 99.1375 88.7172 69.8443 10.6017 80.6716 28.4648 84.6553 100.1207 68.9581 13.4451 1268.0055 798.9677 798.9677 732.3285 115.5868 295.7239 179.7793 169.803 340.8929 1183.862 263.3743 445.4169 268.1804 117.7449 383.5356 217.9387 264.5077 1196.1939;
	3.9144 52.8924 88.3424 113.9292 15.0047 34.9728 31.9882 17.2395 11.559 14.1052 26.0732 38.8961 58.5579 62.101 196.5703 74.0567 91.8852 97.3709 87.6795 71.8943 10.6627 81.6032 31.096 83.5119 98.7935 67.5092 12.7074 1253.9954 798.5446 798.5446 768.6856 115.4421 292.2651 185.0561 194.695 340.7124 1205.3631 246.7834 448.6726 264.6255 116.3447 387.965 218.2572 255.3717 1217.919;
	3.7542 50.7277 86.7374 111.4783 14.5971 34.6573 31.9215 16.5744 20.8048 14.4668 26.7417 39.8933 60.0592 59.2444 175.7695 66.2202 82.162 87.0672 87.8576 70.2573 10.6405 80.8671 29.7427 84.0623 97.638 68.302 12.5418 1228.8929 790.676 790.676 738.1145 114.1972 292.8588 180.8424 185.7392 337.3551 1191.5067 270.5781 443.7892 261.5303 113.2308 384.4654 216.8418 222.9375 1203.9182;
	3.7376 50.5033 87.1147 110.996 14.5812 33.6576 31.5871 16.2871 27.8135 29.5203 54.5679 81.4046 122.5541 67.5301 190.1379 71.6333 88.8784 94.1846 86.1265 63.8651 10.529 78.5344 27.8903 82.5024 97.366 66.5681 12.2473 1243.0562 789.1769 789.1769 745.6641 115.3948 287.0884 164.3889 211.7161 336.7155 1156.5389 291.4776 456.0202 260.8017 115.0749 373.3751 181.6651 239.8571 1168.5862;
	3.3842 45.7285 88.6694 108.1984 14.9226 30.8634 30.1659 14.5306 27.6997 30.7357 56.8145 84.7561 127.5998 66.8341 192.1897 72.4064 89.8375 95.201 87.9099 65.3233 10.0553 72.0145 74.8269 83.9704 97.3804 63.7345 12.4103 1274.6531 777.1647 777.1647 738.2122 116.5298 293.0329 168.1422 209.5338 331.5903 1114.6366 296.4636 459.8023 260.8404 115.9247 342.3777 181.6833 246.7957 1126.2474;
	3.7171 50.2257 87.0955 108.2834 13.9992 32.7196 17.6202 13.8571 25.7905 28.8746 53.3743 79.624 119.8734 57.2324 197.9647 74.5821 92.537 98.0616 59.317 69.3728 5.8734 76.3457 69.4867 80.4712 96.5254 65.6141 12.4384 1204.3558 779.6364 779.6364 751.6177 116.7196 197.7235 178.5659 179.4313 332.6449 1093.6954 285.9144 459.6195 258.5502 114.5439 362.9694 161.2084 232.4114 1105.088;
	3.7429 50.5744 88.0196 110.9463 14.4273 33.953 10.8443 14.7041 25.455 28.751 53.1457 79.283 119.3601 64.7309 199.4411 75.1383 93.2271 98.7929 87.465 72.0735 3.6148 79.2237 71.3887 85.4815 100.164 67.728 12.785 1250.1221 763.8208 763.8208 725.3217 119.1587 291.5499 185.5173 202.9403 325.8969 1120.9179 302.8046 414.2217 268.2965 119.4728 376.6521 177.3191 255.7816 1132.5942;
	3.8179 51.5887 88.4635 110.4254 14.5032 33.2099 0.0 14.3723 0.0334 25.9535 47.9746 71.5687 107.7463 47.6066 201.0972 75.7622 94.0012 99.6132 87.1201 71.1174 0.0 77.4898 69.4076 84.0909 96.9681 69.2281 13.0812 1266.6668 741.6063 741.6063 684.0767 120.9489 290.4002 183.0563 149.2531 316.4187 1177.7327 312.2159 164.6924 259.736 117.6679 368.4086 194.4906 247.9298 1190.0007;
	3.74 50.5358 85.4997 106.2345 14.8551 32.1315 0.0296 15.3188 1.6558 26.5267 49.0343 73.1495 110.1261 29.377 200.7595 75.635 93.8434 99.446 88.9222 72.5045 0.0099 74.9734 70.4109 84.5721 96.811 70.2209 13.1887 1210.8647 685.5837 685.5837 709.4153 121.1356 296.4074 186.6267 92.1008 292.5157 1065.4677 301.4434 0.0 259.3153 119.748 356.4449 178.1042 257.8663 1076.5663;
	3.6614 49.4734 84.5714 90.2585 15.046 30.9184 0.0278 17.5823 1.9293 22.6304 41.832 62.405 93.9505 21.8814 191.9886 72.3306 89.7435 95.1013 88.6957 72.0848 0.0093 72.1429 47.185 86.822 99.1951 72.7791 13.1382 976.4362 610.5809 610.5809 589.5897 117.4163 295.6525 185.5465 68.601 260.5145 820.9905 271.7376 0.0 265.701 117.4392 342.9881 149.1238 260.0089 829.5425;
	3.5569 48.062 88.0286 110.9859 14.6525 26.5613 0.0 17.4242 1.0574 26.7746 49.4924 73.8329 111.155 1.639 194.0667 73.1135 90.7149 96.1307 81.9419 71.343 0.0 61.9764 71.9361 87.3488 99.5517 70.6345 13.2614 796.4802 636.6634 636.6634 523.952 114.6891 273.1397 183.6371 5.1385 271.6431 724.947 217.7518 0.0 266.6564 117.1384 294.6537 135.6466 264.1153 732.4985;
	3.2985 44.57 88.2355 111.9902 14.6367 19.0371 0.0 15.311 3.3877 24.6978 45.6535 68.106 102.5332 0.7866 198.2949 74.7065 92.6913 98.2251 41.2637 73.1144 0.0 44.4199 73.2273 85.0882 97.7225 67.4936 12.9699 609.0614 679.5349 679.5349 518.1679 114.2117 137.5458 188.1967 2.4661 289.9349 771.4107 220.5258 0.0 261.7566 122.057 211.1849 132.686 261.0213 779.4462;
	3.6663 49.54 89.9116 112.6047 14.8869 21.1661 0.7957 15.5281 26.5768 21.501 39.7443 59.2907 89.2618 47.0173 193.312 72.8292 90.3621 95.7569 59.5872 72.7498 0.2652 49.3875 70.7112 82.9761 98.927 65.6969 13.2179 676.2255 679.1877 679.1877 537.3493 111.1958 198.6241 187.2582 147.4057 289.7867 579.8153 243.7469 6.7251 264.983 120.031 234.8023 145.0893 263.6954 585.8551;
	3.5555 48.0423 86.3779 109.9025 15.0154 20.3709 0.0 16.5519 19.3043 20.8416 38.5254 57.4723 86.5242 34.2511 197.1981 74.2932 92.1787 97.6819 62.6546 72.2378 0.0 47.532 72.2528 76.061 92.8726 65.0115 12.8975 523.3921 642.5672 642.5672 504.1544 91.769 208.8486 185.9402 107.3817 274.162 612.1805 239.5248 9.0248 248.766 120.2788 225.9808 158.1382 262.1606 618.5574;
	3.6172 48.8769 86.8279 112.0437 15.3085 19.4808 0.0343 17.4018 6.0913 23.8141 44.0201 65.6693 98.8647 31.3749 193.4204 72.87 90.4128 95.8106 76.4257 72.8621 0.0114 45.4551 73.9695 84.3264 96.7663 69.5839 13.1753 405.9837 656.3311 656.3311 480.4973 88.9442 254.7525 187.5474 98.3644 280.0346 561.3762 237.1887 6.7335 259.1954 117.4226 216.1067 161.97 247.5064 567.2239;
	3.3343 45.0543 86.5185 112.5155 14.671 10.0879 0.0 17.5431 1.8272 26.2696 48.559 72.4405 109.0588 19.2808 180.7552 68.0985 84.4925 89.5369 64.6225 72.1881 0.0 23.5384 73.0016 85.4877 98.2535 69.4285 13.4767 392.8208 502.3197 502.3197 401.8544 87.5206 215.4082 185.8124 60.4478 214.3231 419.4046 203.3613 0.6647 263.1791 120.6342 111.9081 150.6229 247.6035 423.7734;
	2.2763 30.7573 87.6071 109.5701 14.433 17.6945 0.0 17.6672 0.3656 26.8562 49.6434 74.0581 111.4941 29.9126 183.7835 69.2394 85.9081 91.037 65.211 70.493 0.0 41.2873 74.0436 84.8935 99.9329 70.8868 13.2131 920.8709 468.128 468.128 300.4671 87.8981 217.3699 181.4492 93.7802 199.7346 748.864 229.5729 91.2672 267.6774 116.328 196.2914 126.558 248.9546 756.6647;
	2.9385 39.7059 87.6677 108.5883 14.5129 20.8008 0.0 17.7209 0.6208 28.6788 53.0124 79.0841 119.0606 53.1469 188.2714 70.9302 88.0059 93.26 81.1876 71.1972 0.0 48.5352 75.4514 83.3883 97.436 70.7652 13.3573 1204.9521 597.333 597.333 233.5644 70.1423 270.6253 183.2619 166.6227 254.8621 1006.3288 210.0474 116.696 260.9892 113.332 230.7503 169.6365 266.067 1016.8114;
