function loadprofile = ex_load_profilesh1
%EX_LOAD_PROFILE  Example load profile data file for stochastic unit commitment.
% 2022.03.12
% Andres F. Ramirez

%% define constants
[CT_LABEL, CT_PROB, CT_TABLE, CT_TBUS, CT_TGEN, CT_TBRCH, CT_TAREABUS, ...
    CT_TAREAGEN, CT_TAREABRCH, CT_ROW, CT_COL, CT_CHGTYPE, CT_REP, ...
    CT_REL, CT_ADD, CT_NEWVAL, CT_TLOAD, CT_TAREALOAD, CT_LOAD_ALL_PQ, ...
    CT_LOAD_FIX_PQ, CT_LOAD_DIS_PQ, CT_LOAD_ALL_P, CT_LOAD_FIX_P, ...
    CT_LOAD_DIS_P, CT_TGENCOST, CT_TAREAGENCOST, CT_MODCOST_F, ...
    CT_MODCOST_X] = idx_ct;

loadprofile = struct( ...
    'type', 'mpcData', ...
    'table', CT_TAREALOAD, ...
    'rows', [1:11], ...
    'col', CT_LOAD_ALL_P, ...
    'chgtype', 1, ...
    'values', [] );
loadprofile.values(:,1,:) = [
	1500.6799 878.7 1405.075 506.3181 695.0594 1114.7618 840.8654 239.0423 538.9331 4326.8474 1667.7754;
	1525.4624 883.6 1399.1 513.8 694.6863 1111.278 828.7542 242.5 528.9792 4363.7 1665.9359;
	1548.4052 904.8497 1436.3831 520.7 717.9882 1124.6221 832.1673 249.3535 518.3737 4293.787 1650.3446;
	1595.0096 970.1 1501.5537 542.6 766.0409 1184.6 885.7585 262.7876 557.1618 4492.5076 1753.3;
	1743.4992 1073.4 1714.7124 564.1 865.0 1334.8982 997.0858 294.8444 649.8208 5098.3712 2009.9;
	1829.6157 1144.9157 1828.9066 591.1509 919.8496 1437.3331 1061.3836 316.5 692.7647 5596.2523 2142.7853;
	1852.3628 1146.9816 1818.3819 594.8234 940.9451 1438.1391 1084.5567 327.6392 704.5746 5921.7786 2211.193;
	1875.1165 1157.4655 1852.045 568.7949 948.8484 1457.6937 1092.6 325.46 712.9626 6147.0043 2185.3326;
	1903.9385 1169.1601 1834.0632 563.5778 943.4612 1380.1587 1057.7 314.5 696.8422 6152.3195 2093.3739;
	1892.3 1152.1027 1837.0263 551.2 960.3827 1410.2928 1092.4929 309.7425 709.8496 6163.6 2093.3075;
	1846.714 1135.0676 1779.3016 535.5908 910.3729 1358.8664 1059.1488 281.2 706.7715 6018.254 2101.0402;
	1815.9688 1105.7 1749.0156 532.2 903.9827 1352.9603 1084.6973 297.5074 725.998 6033.8162 2072.7404;
	1835.5922 1118.9082 1736.8152 516.8548 883.5 1231.2388 1021.4392 292.2263 701.2612 5975.5381 2047.8343;
	1804.0 1098.9798 1702.12 503.3199 898.4698 1241.918 1011.1328 288.7575 687.2 5940.0714 2102.5778;
	1799.4 1134.1672 1711.4108 513.2045 877.4354 1250.9 1001.8523 298.323 674.3 6041.4915 2199.4261;
	1771.0015 1134.2081 1680.9506 530.4 931.0 1301.8579 1012.2892 308.5184 673.7022 5939.5548 2223.3042;
	1770.8524 1117.7 1599.4831 529.5818 907.9656 1333.299 999.2215 301.6543 663.1999 5628.5282 2243.8137;
	1797.8343 1170.9973 1735.1862 544.7488 965.8712 1394.5859 1073.1099 326.4343 688.7725 5619.0232 2356.4355;
	1800.4156 1145.0709 1778.4221 554.3 949.8 1365.2597 1084.5674 331.48 699.6457 5668.999 2325.7907;
	1736.5834 1097.2 1687.7902 526.8253 915.0 1305.0881 1056.1295 324.3 672.1 5434.7823 2225.8493;
	1670.2485 1044.0968 1607.1119 517.8414 832.4367 1232.9047 980.2 288.8 616.6801 5181.586 2093.4945;
	1582.8769 964.5181 1494.8331 490.9 791.9 1133.1351 892.8907 257.4784 570.2136 4857.5173 1891.0644;
	1535.519 946.3028 1481.5027 521.2 755.1807 1113.1 877.3387 267.0 522.2 4624.9329 1781.3311;
	1530.6755 926.9394 1478.5134 549.8 692.5263 1085.8877 840.0465 257.4338 510.0 4456.1013 1695.2268;
];
