function solarprofile = ex_solar_profilesh1
%EX_WIND_PROFILE_D  Example wind_load_nyiso profile data for deterministic unit commitment.
% 2022.03.12
% Andres F. Ramirez


%% define constants
[GEN_BUS, PG, QG, QMAX, QMIN, VG, MBASE, GEN_STATUS, PMAX, PMIN, ...
    MU_PMAX, MU_PMIN, MU_QMAX, MU_QMIN, PC1, PC2, QC1MIN, QC1MAX, ...
    QC2MIN, QC2MAX, RAMP_AGC, RAMP_10, RAMP_30, RAMP_Q, APF] = idx_gen;
[CT_LABEL, CT_PROB, CT_TABLE, CT_TBUS, CT_TGEN, CT_TBRCH, CT_TAREABUS, ...
    CT_TAREAGEN, CT_TAREABRCH, CT_ROW, CT_COL, CT_CHGTYPE, CT_REP, ...
    CT_REL, CT_ADD, CT_NEWVAL, CT_TLOAD, CT_TAREALOAD, CT_LOAD_ALL_PQ, ...
    CT_LOAD_FIX_PQ, CT_LOAD_DIS_PQ, CT_LOAD_ALL_P, CT_LOAD_FIX_P, ...
    CT_LOAD_DIS_P, CT_TGENCOST, CT_TAREAGENCOST, CT_MODCOST_F, ...
    CT_MODCOST_X] = idx_ct;

solarprofile = struct( ...
    'type', 'mpcData', ...
    'table', CT_TGEN, ...
    'rows', [1:12], ...
    'col', PMAX, ...
    'chgtype', 1, ...
    'values', [] );
solarprofile.values(:,1,:) = [
	0.0 0.0 0.0 0.0 0.0 0.0 0.0 0.0 0.0 0.0 0.0 0.0;
	0.0 0.0 0.0 0.0 0.0 0.0 0.0 0.0 0.0 0.0 0.0 0.0;
	0.0 0.0 0.0 0.0 0.0 0.0 0.0 0.0 0.0 0.0 0.0 0.0;
	0.0 0.0 0.0 0.0 0.0 0.0 0.0 0.0 0.0 0.0 0.0 0.0;
	0.0 0.0 0.0 0.0 0.0 0.0 0.0 0.0 0.0 0.0 0.0 0.0;
	0.4172 0.3585 0.3053 0.0 0.0 0.1765 0.0221 0.1431 0.0956 0.0 0.0 0.0;
	4.3542 3.3765 3.1301 0.5754 0.0 0.0 0.0 3.9793 4.5207 17.9804 11.347 32.5626;
	4.3485 4.2918 3.8473 1.5232 0.4192 0.2475 0.0309 1.7754 2.0826 53.5842 30.5871 97.0413;
	4.9567 4.4823 3.989 2.6922 1.0564 8.8365 1.1046 2.3973 13.0684 170.2249 102.5641 308.2783;
	15.1418 11.0217 11.294 5.6966 8.2925 88.7364 11.0921 8.7359 37.392 243.9703 152.9695 441.8317;
	18.4229 12.9977 12.2833 5.2884 4.577 153.5059 19.1882 17.6275 40.7642 229.1007 165.5891 414.9027;
	18.4874 12.9304 11.5678 5.9908 4.3168 186.9294 23.3662 22.1258 45.474 181.1716 162.8855 328.1028;
	13.2015 8.5237 8.0403 6.3746 2.72 252.351 31.5439 15.8007 192.8466 115.1934 74.5716 208.6159;
	10.2849 7.1751 6.7958 5.8192 5.1867 234.6513 29.3314 11.3192 209.3375 93.8265 84.9604 169.9204;
	9.8849 6.1027 5.8232 3.4375 5.6228 197.1834 24.6479 9.4002 203.6314 43.4195 61.544 78.633;
	3.3911 2.1312 3.7294 1.561 3.2568 174.1784 21.7723 9.1266 163.2105 0.7422 7.6468 1.3441;
	0.4544 0.4579 0.4016 1.2113 1.8592 60.7681 7.596 3.8706 45.5349 0.0 3.6252 0.0;
	0.0 0.0 0.0 0.0 0.0 0.0 0.0 0.0 0.0 0.0 0.0 0.0;
	0.0 0.0 0.0 0.0 0.0 0.0 0.0 0.0 0.0 0.0 0.0 0.0;
	0.0 0.0 0.0 0.0 0.0 0.0 0.0 0.0 0.0 0.0 0.0 0.0;
	0.0 0.0 0.0 0.0 0.0 0.0 0.0 0.0 0.0 0.0 0.0 0.0;
	0.0 0.0 0.0 0.0 0.0 0.0 0.0 0.0 0.0 0.0 0.0 0.0;
	0.0 0.0 0.0 0.0 0.0 0.0 0.0 0.0 0.0 0.0 0.0 0.0;
	0.0 0.0 0.0 0.0 0.0 0.0 0.0 0.0 0.0 0.0 0.0 0.0;
];
