function loadprofile = ex_load_profilesh1
%EX_LOAD_PROFILE  Example load profile data file for stochastic unit commitment.
% 2022.03.12
% Andres F. Ramirez

%% define constants
[CT_LABEL, CT_PROB, CT_TABLE, CT_TBUS, CT_TGEN, CT_TBRCH, CT_TAREABUS, ...
    CT_TAREAGEN, CT_TAREABRCH, CT_ROW, CT_COL, CT_CHGTYPE, CT_REP, ...
    CT_REL, CT_ADD, CT_NEWVAL, CT_TLOAD, CT_TAREALOAD, CT_LOAD_ALL_PQ, ...
    CT_LOAD_FIX_PQ, CT_LOAD_DIS_PQ, CT_LOAD_ALL_P, CT_LOAD_FIX_P, ...
    CT_LOAD_DIS_P, CT_TGENCOST, CT_TAREAGENCOST, CT_MODCOST_F, ...
    CT_MODCOST_X] = idx_ct;

loadprofile = struct( ...
    'type', 'mpcData', ...
    'table', CT_TAREALOAD, ...
    'rows', [1:11], ...
    'col', CT_LOAD_ALL_P, ...
    'chgtype', 1, ...
    'values', [] );
loadprofile.values(:,1,:) = [
	1466.9154 892.6439 1509.1503 542.7801 731.1664 1081.4817 840.8191 249.2989 502.0523 4530.2121 1650.7841;
	1420.3117 871.3188 1503.2633 537.6 720.1913 1087.0971 846.7965 249.5 526.4341 4560.6529 1684.6414;
	1485.7 896.5147 1530.2098 541.4922 725.9946 1104.5421 848.5 255.7876 504.5435 4557.8334 1697.0389;
	1546.0525 957.12 1623.4642 556.1174 757.6 1154.4412 893.0466 277.2091 533.5375 4699.3834 1784.8915;
	1690.4467 1078.5798 1810.177 582.7747 907.7955 1347.6 1015.9854 324.7332 622.1059 5208.232 2012.917;
	1778.8461 1153.6 1916.5558 597.0638 969.5397 1431.5968 1061.8573 345.009 674.846 5640.7075 2141.1663;
	1814.7 1173.3923 1901.6 585.7 1004.3 1417.7733 1092.836 356.8846 683.5454 6004.4196 2236.5707;
	1802.718 1166.9646 1888.2 595.7077 1018.0357 1378.8475 1101.9518 349.9494 697.0686 6119.3654 2209.9077;
	1799.3603 1181.9166 1903.2908 585.291 1006.1554 1334.0701 1099.9 349.446 710.4625 6191.3388 2227.5171;
	1777.192 1196.4545 1909.1998 584.394 990.2 1362.4929 1121.081 348.1828 703.1014 6270.7437 2252.9522;
	1767.8531 1150.6675 1886.5759 576.5331 975.35 1293.1508 1046.5689 337.7355 673.6468 6207.4 2141.835;
	1763.5066 1139.539 1843.2 559.4 927.393 1303.466 1040.2227 317.6 667.5 6157.0328 2094.6041;
	1738.1001 1119.9349 1835.6381 561.12 901.5329 1290.7493 1013.4089 323.9382 666.418 6124.0597 2032.6406;
	1753.7706 1117.034 1851.5494 549.6 919.7671 1266.4236 997.3 312.4859 642.429 6029.4 1987.2354;
	1719.9273 1105.8071 1833.4035 555.9 926.7007 1283.6459 984.4961 297.0741 643.0099 5976.1721 1681.4327;
	1768.4723 1130.3559 1885.9702 548.2356 945.8 1332.5437 1028.3658 304.2864 644.4 5982.1972 1905.9282;
	1759.6117 1134.3769 1904.5 553.2088 940.5999 1330.2575 1030.0337 315.9313 665.1204 5865.7529 2160.3322;
	1798.045 1161.4433 1909.7427 575.0 984.0402 1405.1109 1097.0279 334.14 707.4348 5933.4218 2341.4282;
	1744.5309 1138.5792 1872.2 584.1 973.2984 1379.5578 1080.4 316.4303 699.3587 5759.0857 2261.434;
	1729.4255 1096.9 1834.7116 583.9325 951.6435 1321.657 1037.1877 308.4641 645.4381 5509.2449 2180.0273;
	1636.0524 1039.4 1735.1188 572.2394 895.0664 1259.4115 965.6809 291.4 608.3 5293.3 2028.5995;
	1553.0168 974.6724 1656.3751 567.4588 849.1334 1160.0 908.4104 260.0278 569.7722 5071.4033 1929.3;
	1516.3006 916.4373 1584.3452 571.276 792.0206 1152.1 887.3075 247.7 537.3563 4776.2911 1809.1284;
	1498.4393 890.848 1560.5531 560.0715 786.236 1136.7244 844.5593 256.6577 518.6144 4639.8149 1720.8264;
];
