function solarprofile = ex_solar_profilesh1
%EX_WIND_PROFILE_D  Example wind_load_nyiso profile data for deterministic unit commitment.
% 2022.03.12
% Andres F. Ramirez


%% define constants
[GEN_BUS, PG, QG, QMAX, QMIN, VG, MBASE, GEN_STATUS, PMAX, PMIN, ...
    MU_PMAX, MU_PMIN, MU_QMAX, MU_QMIN, PC1, PC2, QC1MIN, QC1MAX, ...
    QC2MIN, QC2MAX, RAMP_AGC, RAMP_10, RAMP_30, RAMP_Q, APF] = idx_gen;
[CT_LABEL, CT_PROB, CT_TABLE, CT_TBUS, CT_TGEN, CT_TBRCH, CT_TAREABUS, ...
    CT_TAREAGEN, CT_TAREABRCH, CT_ROW, CT_COL, CT_CHGTYPE, CT_REP, ...
    CT_REL, CT_ADD, CT_NEWVAL, CT_TLOAD, CT_TAREALOAD, CT_LOAD_ALL_PQ, ...
    CT_LOAD_FIX_PQ, CT_LOAD_DIS_PQ, CT_LOAD_ALL_P, CT_LOAD_FIX_P, ...
    CT_LOAD_DIS_P, CT_TGENCOST, CT_TAREAGENCOST, CT_MODCOST_F, ...
    CT_MODCOST_X] = idx_ct;

solarprofile = struct( ...
    'type', 'mpcData', ...
    'table', CT_TGEN, ...
    'rows', [1:12], ...
    'col', PMAX, ...
    'chgtype', 1, ...
    'values', [] );
solarprofile.values(:,1,:) = [
	0.0 0.0 0.0 0.0 0.0 0.0 0.0 0.0 0.0 0.0 0.0 0.0;
	0.0 0.0 0.0 0.0 0.0 0.0 0.0 0.0 0.0 0.0 0.0 0.0;
	0.0 0.0 0.0 0.0 0.0 0.0 0.0 0.0 0.0 0.0 0.0 0.0;
	0.0 0.0 0.0 0.0 0.0 0.0 0.0 0.0 0.0 0.0 0.0 0.0;
	0.0 0.0 0.0 0.0 0.0 0.0 0.0 0.0 0.0 0.0 0.0 0.0;
	0.424 0.3799 0.3886 0.0 0.0 0.1765 0.0221 0.6991 0.0956 0.0 0.0 0.0;
	3.3116 2.0848 1.8217 1.4677 2.4435 85.076 10.6345 20.2014 92.7574 41.4005 19.4753 74.9766;
	4.0754 4.4214 3.6723 2.5416 4.5322 152.9032 19.1129 19.6977 187.6662 129.4345 87.5094 234.4067;
	5.9444 7.2847 5.3828 4.7852 6.5892 174.8567 21.8571 23.2097 199.7554 215.1284 154.4893 389.5988;
	14.0854 14.0003 10.4549 11.8251 14.2651 153.6513 19.2064 22.5021 157.5216 261.6535 220.6225 473.8561;
	17.2516 15.6668 11.5181 12.0285 13.8812 202.6772 25.3346 29.9043 183.6841 272.052 249.6169 492.6878;
	17.9614 15.4563 11.8325 12.0084 13.7963 273.6577 34.2072 32.1273 210.8128 279.4098 254.9972 506.0128;
	11.0067 11.8898 9.6797 11.7187 13.4509 382.2042 47.7755 28.0602 245.0982 275.8125 171.6664 499.498;
	8.7865 8.9754 7.2761 11.5084 13.4162 350.213 43.7766 17.6065 216.9602 262.1943 128.8525 474.8355;
	6.7323 6.9608 4.8841 11.3479 12.6537 275.7817 34.4727 12.2806 162.4136 214.761 87.7301 388.9334;
	2.4588 1.784 1.1369 10.7271 8.7189 158.0671 19.7584 11.9476 52.3263 19.4527 8.0861 35.229;
	0.6485 0.4072 0.2752 1.9865 2.0697 57.9333 7.2417 6.0429 41.2805 3.7617 3.7756 6.8124;
	0.0 0.0 0.0 0.0 0.0 0.0 0.0 0.0 0.0 0.0 0.0 0.0;
	0.0 0.0 0.0 0.0 0.0 0.0 0.0 0.0 0.0 0.0 0.0 0.0;
	0.0 0.0 0.0 0.0 0.0 0.0 0.0 0.0 0.0 0.0 0.0 0.0;
	0.0 0.0 0.0 0.0 0.0 0.0 0.0 0.0 0.0 0.0 0.0 0.0;
	0.0 0.0 0.0 0.0 0.0 0.0 0.0 0.0 0.0 0.0 0.0 0.0;
	0.0 0.0 0.0 0.0 0.0 0.0 0.0 0.0 0.0 0.0 0.0 0.0;
	0.0 0.0 0.0 0.0 0.0 0.0 0.0 0.0 0.0 0.0 0.0 0.0;
];
