function loadprofile = ex_load_profilesh1
%EX_LOAD_PROFILE  Example load profile data file for stochastic unit commitment.
% 2022.03.12
% Andres F. Ramirez

%% define constants
[CT_LABEL, CT_PROB, CT_TABLE, CT_TBUS, CT_TGEN, CT_TBRCH, CT_TAREABUS, ...
    CT_TAREAGEN, CT_TAREABRCH, CT_ROW, CT_COL, CT_CHGTYPE, CT_REP, ...
    CT_REL, CT_ADD, CT_NEWVAL, CT_TLOAD, CT_TAREALOAD, CT_LOAD_ALL_PQ, ...
    CT_LOAD_FIX_PQ, CT_LOAD_DIS_PQ, CT_LOAD_ALL_P, CT_LOAD_FIX_P, ...
    CT_LOAD_DIS_P, CT_TGENCOST, CT_TAREAGENCOST, CT_MODCOST_F, ...
    CT_MODCOST_X] = idx_ct;

loadprofile = struct( ...
    'type', 'mpcData', ...
    'table', CT_TAREALOAD, ...
    'rows', [1:11], ...
    'col', CT_LOAD_ALL_P, ...
    'chgtype', 1, ...
    'values', [] );
loadprofile.values(:,1,:) = [
	1449.152 903.5017 1564.7588 521.1 750.8399 1100.7862 925.9383 316.3647 567.9718 4777.0114 1915.1616;
	1434.2 907.4967 1574.3089 525.1058 737.5454 1102.8408 894.7618 298.9604 549.2015 4633.0225 1874.3896;
	1475.7109 919.6 1613.1179 531.91 751.016 1112.0 894.4863 283.2693 565.7286 4749.1058 1977.4098;
	1555.8 985.4718 1736.2736 546.3798 819.3234 1192.2817 930.0732 304.454 602.1617 4983.2633 2101.596;
	1690.7658 1097.0474 1930.5371 567.1153 938.8424 1340.7207 1035.5669 347.2332 676.2061 5397.2729 2371.4982;
	1829.6498 1165.0687 2013.9138 570.4787 1000.1 1437.6224 1121.1574 375.9401 724.1024 5913.0042 2453.363;
	1878.7469 1208.8178 2065.453 570.9341 1040.3907 1455.5 1175.9444 397.007 750.1002 6150.0917 2460.7376;
	1935.5901 1234.9874 2077.2666 556.2 1046.4769 1465.2319 1199.3582 379.6079 757.6 6424.3853 2494.4918;
	1938.6986 1227.7322 2118.4375 537.4639 1046.2149 1474.4957 1227.9108 390.4771 796.6479 6497.6018 2637.2706;
	1880.3583 1213.1172 2064.1373 532.5902 1025.0 1454.4066 1248.0967 382.0464 769.7019 6451.1232 2606.3276;
	1891.2823 1217.3629 2035.8251 522.0 1005.0638 1444.5345 1257.055 380.5552 798.4596 6603.7631 2594.1597;
	1862.9763 1184.3291 1957.3344 485.9237 948.193 1388.1548 1162.1573 361.3843 753.6687 6415.6088 2528.1541;
	1854.298 1199.5582 1943.4548 497.4967 942.9562 1366.7584 1138.9514 369.1708 756.7901 6549.6001 2566.0951;
	1835.1754 1146.8511 1898.7676 480.8467 895.7541 1313.0325 1094.5058 338.3133 717.5699 6286.5026 2383.3342;
	1832.4 1143.4 1952.5023 501.4328 912.6411 1330.9571 1088.9226 353.1859 724.7 6306.6112 2374.9787;
	1855.561 1136.7943 1954.9135 477.7367 896.6773 1311.6451 1123.7909 345.833 712.9664 6239.5479 2426.0346;
	1835.9353 1157.2599 2032.7811 484.9511 973.6353 1336.0625 1077.1963 376.0491 748.6399 6080.1319 2463.2062;
	1863.5707 1173.3408 2079.2364 487.7782 996.1424 1395.3 1166.3641 398.1864 759.2708 6197.6286 2744.8729;
	1884.4658 1164.7 2013.7596 487.1578 986.4388 1358.3561 1155.833 389.162 743.0275 6180.6379 2783.0578;
	1816.1 1114.7927 1937.4469 476.8551 927.0099 1274.8716 1111.0235 354.3822 699.7477 5866.4915 2527.936;
	1761.4966 1055.5275 1871.3 489.0168 869.8714 1200.1087 1033.3 316.7775 685.1583 5580.8033 2407.0355;
	1658.7 988.4899 1776.0672 445.1735 828.8632 1134.8 1013.1581 327.5154 645.4672 5652.0455 2324.8894;
	1543.8897 903.8359 1608.4078 502.8472 763.8963 1106.5687 917.9484 279.9167 569.6225 4923.4659 1902.0636;
	1500.9072 859.5029 1571.99 504.4961 728.7314 1059.4551 850.9 269.8578 539.4009 4571.2724 1773.4912;
];
