function loadprofile = ex_load_profilesh1
%EX_LOAD_PROFILE  Example load profile data file for stochastic unit commitment.
% 2022.03.12
% Andres F. Ramirez

%% define constants
[CT_LABEL, CT_PROB, CT_TABLE, CT_TBUS, CT_TGEN, CT_TBRCH, CT_TAREABUS, ...
    CT_TAREAGEN, CT_TAREABRCH, CT_ROW, CT_COL, CT_CHGTYPE, CT_REP, ...
    CT_REL, CT_ADD, CT_NEWVAL, CT_TLOAD, CT_TAREALOAD, CT_LOAD_ALL_PQ, ...
    CT_LOAD_FIX_PQ, CT_LOAD_DIS_PQ, CT_LOAD_ALL_P, CT_LOAD_FIX_P, ...
    CT_LOAD_DIS_P, CT_TGENCOST, CT_TAREAGENCOST, CT_MODCOST_F, ...
    CT_MODCOST_X] = idx_ct;

loadprofile = struct( ...
    'type', 'mpcData', ...
    'table', CT_TAREALOAD, ...
    'rows', [1:11], ...
    'col', CT_LOAD_ALL_P, ...
    'chgtype', 1, ...
    'values', [] );
loadprofile.values(:,1,:) = [
	1409.9771 876.1053 1495.6246 544.3822 767.8161 1057.9686 823.1363 221.6897 507.5946 4468.8 1615.6428;
	1400.0354 876.6026 1523.9781 533.5514 760.9484 1069.8322 798.7366 217.3471 483.1021 4329.3296 1558.88;
	1425.2464 895.5949 1557.1921 534.1 779.0 1087.8158 808.5 225.4013 488.3 4367.8121 1608.4846;
	1458.12 937.8939 1636.7625 538.202 818.9739 1106.9082 828.6699 236.4377 511.6977 4541.7259 1630.9502;
	1613.2788 1060.8798 1806.122 585.3342 910.1683 1274.7123 920.3582 276.8751 587.8587 5048.2683 1884.3224;
	1738.5148 1153.3976 1909.1786 580.1548 976.8177 1359.7656 984.3431 306.0374 661.9575 5529.7013 1981.5145;
	1767.4888 1194.5044 1942.2 582.8499 987.1687 1362.5415 1030.3045 321.0792 690.0929 5818.1542 2058.0401;
	1791.177 1219.7764 1957.992 580.7 965.0968 1382.0073 1080.0296 339.9914 715.9159 6159.4598 2190.5955;
	1779.1365 1217.5531 1951.684 549.7 983.5838 1361.1 1073.582 335.5254 721.3273 6224.4954 2176.0085;
	1791.7139 1229.4251 1961.623 541.24 986.4 1339.1972 1093.4819 314.3 726.2 6300.6 2191.7821;
	1801.5499 1210.7009 1890.1995 537.7083 943.2662 1338.0828 1092.0026 300.7 706.6683 6205.5134 2185.3074;
	1790.4731 1224.5182 1926.9322 527.8 964.7973 1357.1155 1096.8639 291.3901 694.7393 6180.2381 2144.9022;
	1793.2891 1221.3413 1839.7133 522.4005 946.9541 1323.2935 1093.0725 280.2769 686.3 6175.917 2129.8679;
	1750.5255 1198.8226 1803.9551 529.6651 930.2411 1303.4591 1053.9241 279.8169 693.2083 6104.827 2130.5779;
	1788.3239 1204.007 1845.6849 531.5715 933.1271 1315.0914 1028.2362 285.9553 676.5621 6123.2702 2140.4583;
	1777.0963 1161.6181 1854.9 536.5624 947.9028 1303.3219 1056.1019 244.3218 665.8108 6103.7378 2198.7361;
	1748.9 1129.6449 1825.8568 545.3116 933.0874 1270.1894 1040.3 244.1754 650.0747 5873.0793 2186.9373;
	1752.4734 1136.6344 1854.7733 545.2753 945.9962 1308.3245 1113.1959 219.9925 707.8017 5827.6617 2360.3582;
	1741.1261 1135.8 1836.4255 543.8 944.8428 1280.9988 1106.1874 234.8208 687.5 5661.0119 2315.7292;
	1685.2112 1072.3279 1715.5 497.0665 873.0404 1223.7066 1054.3842 256.6494 655.0633 5484.4983 2200.9858;
	1619.8179 1010.0 1636.0172 460.1295 826.3634 1168.7645 996.1547 241.653 632.8977 5246.7676 1956.6641;
	1498.0172 935.242 1554.946 460.1837 786.2608 1095.1081 923.7224 254.1968 576.8998 4970.8 1868.4832;
	1453.5351 890.6232 1544.3 526.8943 790.5904 1084.3872 895.4487 222.5632 524.4077 4700.7554 1700.1633;
	1429.7922 896.351 1526.2 519.0508 757.751 1063.9089 884.3872 201.837 485.3338 4553.1494 1635.3376;
];
