function solarprofile = ex_solar_profilesh1
%EX_WIND_PROFILE_D  Example wind_load_nyiso profile data for deterministic unit commitment.
% 2022.03.12
% Andres F. Ramirez


%% define constants
[GEN_BUS, PG, QG, QMAX, QMIN, VG, MBASE, GEN_STATUS, PMAX, PMIN, ...
    MU_PMAX, MU_PMIN, MU_QMAX, MU_QMIN, PC1, PC2, QC1MIN, QC1MAX, ...
    QC2MIN, QC2MAX, RAMP_AGC, RAMP_10, RAMP_30, RAMP_Q, APF] = idx_gen;
[CT_LABEL, CT_PROB, CT_TABLE, CT_TBUS, CT_TGEN, CT_TBRCH, CT_TAREABUS, ...
    CT_TAREAGEN, CT_TAREABRCH, CT_ROW, CT_COL, CT_CHGTYPE, CT_REP, ...
    CT_REL, CT_ADD, CT_NEWVAL, CT_TLOAD, CT_TAREALOAD, CT_LOAD_ALL_PQ, ...
    CT_LOAD_FIX_PQ, CT_LOAD_DIS_PQ, CT_LOAD_ALL_P, CT_LOAD_FIX_P, ...
    CT_LOAD_DIS_P, CT_TGENCOST, CT_TAREAGENCOST, CT_MODCOST_F, ...
    CT_MODCOST_X] = idx_ct;

solarprofile = struct( ...
    'type', 'mpcData', ...
    'table', CT_TGEN, ...
    'rows', [1:12], ...
    'col', PMAX, ...
    'chgtype', 1, ...
    'values', [] );
solarprofile.values(:,1,:) = [
	0.0 0.0 0.0 0.0 0.0 0.0 0.0 0.0 0.0 0.0 0.0 0.0;
	0.0 0.0 0.0 0.0 0.0 0.0 0.0 0.0 0.0 0.0 0.0 0.0;
	0.0 0.0 0.0 0.0 0.0 0.0 0.0 0.0 0.0 0.0 0.0 0.0;
	0.0 0.0 0.0 0.0 0.0 0.0 0.0 0.0 0.0 0.0 0.0 0.0;
	0.0 0.0 0.0 0.0 0.0 0.0 0.0 0.0 0.0 0.0 0.0 0.0;
	0.4147 0.368 0.3153 0.0 0.0 0.1765 0.0221 1.0222 0.1893 0.0 0.0 0.0;
	3.9412 4.7427 3.4202 1.3167 0.3954 50.4529 6.3066 16.1107 71.3345 52.0144 22.9276 94.1984;
	8.3136 7.3826 5.6727 4.0784 1.5321 88.8249 11.1031 19.7199 129.4012 148.3348 180.9293 268.6353;
	14.1135 12.5815 9.1805 6.8889 2.6325 143.4274 17.9284 28.9121 172.1784 219.7967 213.9254 398.0532;
	24.1729 16.8512 13.9691 11.002 10.3656 226.3896 28.2987 40.8684 178.8507 248.885 168.6152 450.7322;
	20.3745 15.6357 13.337 11.245 9.3217 197.2454 24.6557 39.1648 191.4806 262.7773 171.9299 475.8912;
	16.2984 12.8561 11.3353 11.4402 9.5584 144.383 18.0479 31.4464 185.66 270.2891 171.2789 489.4952;
	6.7323 7.8593 6.6197 11.1944 6.7025 203.5272 25.4409 29.6554 200.8158 214.0736 119.244 387.6886;
	8.4066 7.2937 6.6412 10.2079 5.3751 201.4587 25.1823 22.8549 160.1119 204.7255 113.2047 370.7592;
	8.0263 7.1519 5.7552 5.8148 2.0698 169.2029 21.1504 15.8446 64.1247 203.4418 93.9939 368.4344;
	4.9074 2.4818 2.7175 0.8428 0.1285 117.9731 14.7466 6.865 12.9917 101.4863 17.9086 183.7923;
	0.4793 0.287 0.2524 1.1678 1.2781 50.6424 6.3303 3.7186 40.9412 60.2662 17.0199 109.1425;
	0.0 0.0 0.0 0.0 0.0 0.0 0.0 0.0 0.0 0.0 0.0 0.0;
	0.0 0.0 0.0 0.0 0.0 0.0 0.0 0.0 0.0 0.0 0.0 0.0;
	0.0 0.0 0.0 0.0 0.0 0.0 0.0 0.0 0.0 0.0 0.0 0.0;
	0.0 0.0 0.0 0.0 0.0 0.0 0.0 0.0 0.0 0.0 0.0 0.0;
	0.0 0.0 0.0 0.0 0.0 0.0 0.0 0.0 0.0 0.0 0.0 0.0;
	0.0 0.0 0.0 0.0 0.0 0.0 0.0 0.0 0.0 0.0 0.0 0.0;
	0.0 0.0 0.0 0.0 0.0 0.0 0.0 0.0 0.0 0.0 0.0 0.0;
];
