function windprofile = ex_wind_profilesh1
%EX_WIND_PROFILE_D  Example wind_load_nyiso profile data for deterministic unit commitment.
% 2022.03.12
% Andres F. Ramirez


%% define constants
[GEN_BUS, PG, QG, QMAX, QMIN, VG, MBASE, GEN_STATUS, PMAX, PMIN, ...
    MU_PMAX, MU_PMIN, MU_QMAX, MU_QMIN, PC1, PC2, QC1MIN, QC1MAX, ...
    QC2MIN, QC2MAX, RAMP_AGC, RAMP_10, RAMP_30, RAMP_Q, APF] = idx_gen;
[CT_LABEL, CT_PROB, CT_TABLE, CT_TBUS, CT_TGEN, CT_TBRCH, CT_TAREABUS, ...
    CT_TAREAGEN, CT_TAREABRCH, CT_ROW, CT_COL, CT_CHGTYPE, CT_REP, ...
    CT_REL, CT_ADD, CT_NEWVAL, CT_TLOAD, CT_TAREALOAD, CT_LOAD_ALL_PQ, ...
    CT_LOAD_FIX_PQ, CT_LOAD_DIS_PQ, CT_LOAD_ALL_P, CT_LOAD_FIX_P, ...
    CT_LOAD_DIS_P, CT_TGENCOST, CT_TAREAGENCOST, CT_MODCOST_F, ...
    CT_MODCOST_X] = idx_ct;

windprofile = struct( ...
    'type', 'mpcData', ...
    'table', CT_TGEN, ...
    'rows', [1:45], ...
    'col', PMAX, ...
    'chgtype', 1, ...
    'values', [] );
windprofile.values(:,1,:) = [
	3.9822 53.8084 94.6816 118.6519 14.7847 34.1222 31.036 17.8621 10.1327 16.2508 30.0393 44.8128 67.4654 46.8675 197.0423 74.2346 92.1058 97.6047 87.7597 68.4392 10.3453 79.6185 24.0816 86.8145 101.2347 73.1013 13.9304 1275.6598 787.5158 787.5158 707.783 112.5177 292.5324 176.1627 146.9359 336.0068 1135.2956 267.1072 436.2966 271.1643 120.1751 378.5289 213.9295 272.6209 1147.1216;
	3.9438 53.29 94.6536 117.8809 15.0241 34.1821 31.4767 18.5267 11.1533 13.5608 25.067 37.395 56.298 59.4035 188.2463 70.9207 87.9942 93.2476 86.6505 70.7074 10.4922 79.7582 23.047 86.1226 102.7547 72.7907 14.0394 1245.6092 796.9928 796.9928 737.7097 112.9644 288.8351 182.0009 186.238 340.0503 1187.0529 267.8103 438.1657 275.2359 120.0967 379.1933 214.9369 278.8694 1199.4181;
	3.7776 51.0437 87.9375 109.6608 14.5802 32.0408 31.3066 17.5552 20.0148 12.6147 23.3182 34.7861 52.3703 54.8081 172.5753 65.0167 80.6689 85.485 84.7443 70.5655 10.4355 74.7619 24.1983 82.873 96.6473 70.2892 13.4133 1257.2902 788.384 788.384 709.3273 113.5361 282.481 181.6357 171.8307 336.3772 1227.9676 299.9381 436.6734 258.8767 116.1617 355.4392 211.9665 250.9298 1240.7589;
	3.5646 48.1661 87.9332 111.6604 14.5184 32.2462 29.9314 17.4853 26.7261 26.727 49.4045 73.7018 110.9577 63.4962 193.6091 72.9411 90.501 95.904 85.4494 67.3416 9.9771 75.2411 16.4978 82.5796 96.5724 70.4448 13.5566 1252.2721 775.1868 775.1868 704.1527 117.6481 284.8313 173.3375 199.069 330.7464 1188.8075 327.4391 409.6866 258.676 115.6394 357.7178 177.9606 242.3915 1201.1909;
	2.8503 38.5144 89.3464 113.3813 14.2646 28.8999 29.597 17.4973 26.9052 29.1263 53.8395 80.318 120.9182 64.3146 198.5313 74.7955 92.8018 98.3423 89.0365 69.8508 9.8657 67.4332 72.3162 84.7368 97.9315 69.6585 13.4965 1238.9501 789.9034 789.9034 728.0445 116.7146 296.7885 179.7961 201.635 337.0254 1123.2431 330.5064 434.5696 262.3165 117.3913 320.5965 177.4837 251.9508 1134.9435;
	3.5374 47.7983 91.874 112.5603 14.2822 31.4358 15.0473 17.7372 25.1617 27.8531 51.486 76.807 115.6324 48.8547 202.3005 76.2155 94.5637 100.2093 61.8215 72.4185 5.0158 73.3503 70.4327 85.5088 98.5068 70.6156 13.7948 1217.6307 769.3587 769.3587 718.3645 121.0004 206.0715 186.4054 153.166 328.2597 1130.0232 328.0329 422.4388 263.8575 115.2569 348.7281 160.6103 263.0463 1141.7942;
	3.2581 44.0235 89.9098 111.2262 14.0635 31.8699 10.8107 17.5259 23.7084 28.6609 52.9793 79.0347 118.9862 62.5569 193.9323 73.0629 90.6521 96.0641 84.6047 72.3569 3.6036 74.3631 70.1866 85.785 97.4596 69.5354 13.5611 1266.3822 786.7125 786.7125 717.982 119.5476 282.0157 186.2469 196.1242 335.664 1151.7858 336.727 334.2072 261.0525 119.8533 353.5433 170.2658 264.7213 1163.7836;
	3.5552 48.0386 89.6444 112.1101 13.9935 32.0487 0.004 17.4943 0.919 29.2331 54.0369 80.6124 121.3616 43.319 195.5892 73.6871 91.4266 96.8849 86.6827 70.3145 0.0013 74.7803 74.2096 84.0283 96.7717 70.1008 13.5664 1357.4468 796.5584 796.5584 732.0869 117.7588 288.9424 180.9898 135.8108 339.8649 1237.812 332.9205 160.9198 259.21 122.1368 355.5269 194.1698 265.2116 1250.7059;
	3.6167 48.869 93.7624 115.4175 14.2403 30.769 0.8263 17.6097 1.2552 28.814 53.2622 79.4567 119.6216 28.1941 194.3729 73.2289 90.858 96.2824 87.7703 71.5303 0.2754 71.7944 72.0246 85.0296 97.5798 70.0469 13.3864 1285.7508 722.2386 722.2386 724.0261 119.7659 292.5678 184.1192 88.3924 308.1551 1078.9026 318.9791 0.2324 261.3744 122.4273 341.3311 185.8163 273.854 1090.1412;
	3.5818 48.3983 90.7344 111.2944 14.4753 29.7155 0.0385 18.2684 3.2295 25.9383 47.9465 71.5268 107.6832 23.8111 193.1781 72.7787 90.2995 95.6906 91.8302 72.9368 0.0128 69.3362 55.2126 85.2154 98.3123 71.3176 13.2904 1023.8229 610.3065 610.3065 547.5764 112.7863 306.1007 187.7396 74.651 260.3974 804.4844 267.7587 1.5959 263.3365 120.6365 329.6443 155.3516 267.487 812.8644;
	3.594 48.5624 89.8676 112.9252 14.4962 26.0991 0.5179 17.7445 0.1759 28.3949 52.4875 78.301 117.8818 4.6545 195.7806 73.7592 91.516 96.9797 83.0835 72.5042 0.1726 60.8979 74.6323 85.584 99.5378 69.2504 13.3306 794.1947 660.9275 660.9275 499.5505 113.0474 276.9451 186.6261 14.5924 281.9957 727.0567 219.1837 7.9461 266.6191 118.348 289.5262 152.2619 264.8995 734.6302;
	3.33 44.9953 90.0937 112.9359 14.2678 18.9341 0.7543 18.0194 0.0 27.8595 51.4979 76.8247 115.6592 6.7964 201.4706 75.9029 94.1758 99.7982 45.4159 72.8518 0.2514 44.1796 73.978 84.0266 98.5312 70.4538 13.6217 618.9288 719.2331 719.2331 520.7028 113.7401 151.3864 187.5206 21.3076 306.8728 793.2946 228.0628 0.0658 263.9228 121.892 210.0424 144.3025 271.4667 801.5581;
	3.8737 52.3423 92.1973 116.0202 14.4875 20.2601 0.0 17.6012 24.5139 23.5099 43.4577 64.8303 97.6017 51.2801 194.3575 73.223 90.8508 96.2747 61.8156 71.349 0.0 47.2735 70.6509 82.8179 100.8039 68.3976 13.5438 639.1969 698.1488 698.1488 504.154 105.554 206.0522 183.6524 160.7701 297.8768 608.582 244.6696 0.0 270.0104 122.6513 224.752 150.8166 272.6118 614.9214;
	3.74 50.535 88.2095 117.2934 14.4799 20.3973 0.0 17.5062 16.7524 21.6883 40.0905 59.8071 90.0393 38.2319 200.27 75.4506 93.6146 99.2035 61.8033 72.1366 0.0 47.5937 69.6043 81.8817 98.0766 68.63 13.1841 558.516 719.0841 719.0841 506.0577 98.7576 206.0111 185.6799 119.8621 306.8092 699.8755 270.6188 0.0 262.7053 120.0663 226.2742 162.7401 263.7909 707.1658;
	3.7808 51.0868 90.9093 117.9632 14.8877 18.2809 0.0 18.015 0.2242 24.2468 44.8198 66.8623 100.6608 32.9408 200.1624 75.41 93.5643 99.1502 77.0244 73.3258 0.0 42.6554 69.7622 84.6612 97.6499 71.2977 13.7471 394.7459 660.1746 660.1746 446.7616 89.9284 256.7481 188.7408 103.274 281.6745 568.7113 258.4278 0.0 261.5621 119.8739 202.7961 165.7915 258.5686 574.6354;
	3.4263 46.2969 87.5949 117.8815 14.9619 10.0358 0.4279 18.1755 0.1486 26.0682 48.1866 71.8849 108.2224 22.0317 191.7205 72.2296 89.6182 94.9685 70.5183 72.2656 0.1426 23.4168 68.2387 84.3624 98.3763 70.2129 13.6416 444.0377 565.5442 565.5442 438.4992 94.3356 235.0608 186.0119 69.0723 241.2988 506.5576 250.5039 0.0 263.5079 122.6802 111.3301 164.2721 242.5897 511.8343;
	3.3012 44.6066 86.6058 113.6729 14.0349 18.5734 0.4627 18.4069 0.0 24.319 44.9533 67.0615 100.9608 33.1089 193.3645 72.849 90.3867 95.7829 64.5109 73.479 0.1542 43.338 64.7292 84.67 101.6792 69.8579 13.3287 1020.3716 518.7707 518.7707 316.4181 88.3701 215.0362 189.135 103.801 221.3422 870.7252 245.9495 76.9271 272.355 123.5476 206.0412 141.7498 235.7621 879.7952;
	2.8039 37.8873 80.514 110.7967 13.9684 19.5267 3.0358 17.7026 0.2688 28.0786 51.9028 77.4288 116.5687 55.8876 195.7757 73.7573 91.5137 96.9772 74.4053 72.7515 1.0119 45.5623 68.7747 76.7772 86.9044 69.8213 13.2758 1225.804 591.5622 591.5622 223.9965 65.6833 248.0176 187.2626 175.2152 252.3999 1015.6203 211.1439 93.6138 232.7796 120.407 216.6163 174.8853 247.6902 1026.1997;
