function solarprofile = ex_solar_profilesh1
%EX_WIND_PROFILE_D  Example wind_load_nyiso profile data for deterministic unit commitment.
% 2022.03.12
% Andres F. Ramirez


%% define constants
[GEN_BUS, PG, QG, QMAX, QMIN, VG, MBASE, GEN_STATUS, PMAX, PMIN, ...
    MU_PMAX, MU_PMIN, MU_QMAX, MU_QMIN, PC1, PC2, QC1MIN, QC1MAX, ...
    QC2MIN, QC2MAX, RAMP_AGC, RAMP_10, RAMP_30, RAMP_Q, APF] = idx_gen;
[CT_LABEL, CT_PROB, CT_TABLE, CT_TBUS, CT_TGEN, CT_TBRCH, CT_TAREABUS, ...
    CT_TAREAGEN, CT_TAREABRCH, CT_ROW, CT_COL, CT_CHGTYPE, CT_REP, ...
    CT_REL, CT_ADD, CT_NEWVAL, CT_TLOAD, CT_TAREALOAD, CT_LOAD_ALL_PQ, ...
    CT_LOAD_FIX_PQ, CT_LOAD_DIS_PQ, CT_LOAD_ALL_P, CT_LOAD_FIX_P, ...
    CT_LOAD_DIS_P, CT_TGENCOST, CT_TAREAGENCOST, CT_MODCOST_F, ...
    CT_MODCOST_X] = idx_ct;

solarprofile = struct( ...
    'type', 'mpcData', ...
    'table', CT_TGEN, ...
    'rows', [1:12], ...
    'col', PMAX, ...
    'chgtype', 1, ...
    'values', [] );
solarprofile.values(:,1,:) = [
	0.0 0.0 0.0 0.0 0.0 0.0 0.0 0.0 0.0 0.0 0.0 0.0;
	0.0 0.0 0.0 0.0 0.0 0.0 0.0 0.0 0.0 0.0 0.0 0.0;
	0.0 0.0 0.0 0.0 0.0 0.0 0.0 0.0 0.0 0.0 0.0 0.0;
	0.0 0.0 0.0 0.0 0.0 0.0 0.0 0.0 0.0 0.0 0.0 0.0;
	0.0 0.0 0.0 0.0 0.0 0.0 0.0 0.0 0.0 0.0 0.0 0.0;
	0.4436 0.3668 0.3111 0.0 0.0 0.2904 0.0363 0.5931 0.1581 0.0 0.0 0.0;
	4.9672 5.2764 4.1123 1.3214 2.4754 44.0804 5.51 15.586 110.7761 35.9408 7.7325 65.089;
	9.2927 10.6678 9.1788 1.9411 2.5203 121.0324 15.129 16.8771 189.0933 109.54 66.8428 198.3776;
	14.9156 14.1503 11.0743 3.3302 3.8142 175.4721 21.934 19.3771 203.1371 189.8437 139.3486 343.808;
	17.2695 14.0997 10.7717 10.7217 13.4003 146.9129 18.3641 8.5239 146.8016 181.1966 161.155 328.1481;
	19.7917 15.7502 11.3965 11.1451 13.7985 126.684 15.8355 3.9247 73.7169 246.1616 178.04 445.8001;
	19.3433 15.8778 11.4145 11.2082 13.8528 78.4966 9.8121 1.3677 26.2426 274.5862 189.43 497.2773;
	11.7953 12.3554 8.6577 11.1464 12.6485 45.2594 5.6574 1.6908 47.7558 219.4927 166.3079 397.5026;
	8.5648 8.3535 6.4511 11.0839 11.8564 32.229 4.0286 2.151 67.2498 183.7187 144.2927 332.7158;
	4.4647 5.7018 3.9232 10.3723 11.0076 33.108 4.1385 3.0031 93.7315 118.4802 93.0725 214.5684;
	1.6974 1.4825 0.9359 9.0166 7.7029 44.0156 5.5019 5.863 104.9481 17.5834 4.7408 31.8437;
	0.3985 0.3532 0.2449 1.9359 2.4215 51.9732 6.4966 3.7197 41.1287 28.4733 4.5558 51.5653;
	0.0 0.0 0.0 0.0 0.0 0.0 0.0 0.0 0.0 0.0 0.0 0.0;
	0.0 0.0 0.0 0.0 0.0 0.0 0.0 0.0 0.0 0.0 0.0 0.0;
	0.0 0.0 0.0 0.0 0.0 0.0 0.0 0.0 0.0 0.0 0.0 0.0;
	0.0 0.0 0.0 0.0 0.0 0.0 0.0 0.0 0.0 0.0 0.0 0.0;
	0.0 0.0 0.0 0.0 0.0 0.0 0.0 0.0 0.0 0.0 0.0 0.0;
	0.0 0.0 0.0 0.0 0.0 0.0 0.0 0.0 0.0 0.0 0.0 0.0;
	0.0 0.0 0.0 0.0 0.0 0.0 0.0 0.0 0.0 0.0 0.0 0.0;
];
