function windprofile = ex_wind_profilesh1
%EX_WIND_PROFILE_D  Example wind_load_nyiso profile data for deterministic unit commitment.
% 2022.03.12
% Andres F. Ramirez


%% define constants
[GEN_BUS, PG, QG, QMAX, QMIN, VG, MBASE, GEN_STATUS, PMAX, PMIN, ...
    MU_PMAX, MU_PMIN, MU_QMAX, MU_QMIN, PC1, PC2, QC1MIN, QC1MAX, ...
    QC2MIN, QC2MAX, RAMP_AGC, RAMP_10, RAMP_30, RAMP_Q, APF] = idx_gen;
[CT_LABEL, CT_PROB, CT_TABLE, CT_TBUS, CT_TGEN, CT_TBRCH, CT_TAREABUS, ...
    CT_TAREAGEN, CT_TAREABRCH, CT_ROW, CT_COL, CT_CHGTYPE, CT_REP, ...
    CT_REL, CT_ADD, CT_NEWVAL, CT_TLOAD, CT_TAREALOAD, CT_LOAD_ALL_PQ, ...
    CT_LOAD_FIX_PQ, CT_LOAD_DIS_PQ, CT_LOAD_ALL_P, CT_LOAD_FIX_P, ...
    CT_LOAD_DIS_P, CT_TGENCOST, CT_TAREAGENCOST, CT_MODCOST_F, ...
    CT_MODCOST_X] = idx_ct;

windprofile = struct( ...
    'type', 'mpcData', ...
    'table', CT_TGEN, ...
    'rows', [1:45], ...
    'col', PMAX, ...
    'chgtype', 1, ...
    'values', [] );
windprofile.values(:,1,:) = [
	3.901 52.7107 91.5629 116.6312 14.846 32.9399 30.9821 18.1462 10.6414 19.1265 35.355 52.7426 79.4038 55.2467 204.8427 77.1733 95.7521 101.4686 89.5638 70.4839 10.3274 76.8597 28.5361 87.6833 101.7957 75.4345 13.6499 1275.2732 785.8407 785.8407 745.41 110.7713 298.546 181.4258 173.2057 335.292 1164.4649 250.446 468.1215 272.667 123.3667 365.4129 212.0622 271.9734 1176.5947;
	3.9217 52.9904 92.6949 115.5159 14.7995 33.9121 32.4741 17.6937 12.3616 14.5153 26.8312 40.0269 60.2603 62.5329 195.5299 73.6647 91.3988 96.8555 85.7203 71.1763 10.8247 79.1283 27.7359 85.8585 98.3082 73.9918 13.2497 1302.3165 795.0857 795.0857 773.8619 111.5655 285.7344 183.208 196.0489 339.2366 1253.8732 244.2182 471.6089 263.3256 122.6635 376.1987 217.7952 274.3482 1266.9344;
	3.815 51.5494 90.2178 112.134 14.9472 33.6734 33.5009 18.6957 23.1011 15.3969 28.4609 42.4581 63.9204 60.1272 179.0703 67.4637 83.705 88.7023 84.8453 70.1471 11.167 78.5713 27.6484 87.731 102.4908 75.6589 13.6589 1267.3254 829.3515 829.3515 792.7781 111.4427 282.8178 180.5588 188.5069 353.8566 1260.3687 272.8973 460.6897 274.529 122.0345 373.5504 214.4668 261.0328 1273.4975;
	3.7275 50.3673 88.049 110.3456 14.9044 33.1102 31.8791 17.9022 27.8701 29.7513 54.9949 82.0415 123.513 66.1356 194.3771 73.2305 90.86 96.2845 83.0141 67.86 10.6264 77.2571 25.376 84.5334 97.2083 72.333 13.0565 1299.0071 823.8602 823.8602 783.6881 110.8807 276.7135 174.6719 207.3442 351.5137 1223.9127 291.747 456.8232 260.3794 117.9997 367.3024 188.9762 239.012 1236.6618;
	3.3322 45.0258 88.2463 111.6418 14.6272 29.6916 31.6028 17.6974 27.7584 29.9487 55.3597 82.5858 124.3324 63.7457 191.4934 72.144 89.512 94.856 80.8353 67.9292 10.5343 69.2804 70.1901 86.104 98.9305 70.9514 13.0783 1317.3141 801.7848 801.7848 761.0457 112.115 269.4509 174.8499 199.8514 342.0949 1168.6186 286.341 465.7062 264.9923 118.6573 329.3789 191.1375 223.6723 1180.7917;
	3.7788 51.0602 88.2494 110.374 14.7111 32.1699 18.9699 17.8893 25.9361 28.4506 52.5905 78.4548 118.1132 50.2209 194.2821 73.1946 90.8156 96.2374 48.1996 68.1203 6.3233 75.0631 66.8231 86.3567 98.3359 70.4115 13.5305 1286.0045 786.414 786.414 747.7934 116.7622 160.6653 175.3418 157.4494 335.5366 1204.0469 301.0528 441.0629 263.3997 116.8732 356.8715 175.8859 250.3291 1216.589;
	3.8298 51.7494 91.9222 112.9047 14.9684 32.9958 14.2762 17.3852 26.2775 28.552 52.7779 78.7342 118.534 63.8342 192.4197 72.493 89.945 95.3149 84.0636 70.3685 4.7587 76.9902 69.6849 87.4678 101.5568 69.7062 13.3264 1278.6441 816.1419 816.1419 756.5245 116.8295 280.2119 181.1288 200.1287 348.2205 1232.1536 300.841 423.7608 272.0271 119.1127 366.0333 198.3889 260.3036 1244.9886;
	3.894 52.6162 92.3533 114.892 15.1891 33.6839 4.4978 17.3539 7.261 28.2361 52.1941 77.8633 117.2227 41.9824 199.6591 75.2204 93.329 98.9009 86.1619 70.845 1.4993 78.5958 69.3456 84.8276 98.0852 70.6262 13.2629 1293.8535 804.716 804.716 737.459 120.3846 287.2064 182.3551 131.6206 343.3455 1241.8507 311.376 167.9086 262.7281 119.4662 373.6669 212.3593 270.1306 1254.7866;
	3.8655 52.2311 93.0958 116.701 14.6205 30.9103 7.9138 17.0321 0.9314 28.2706 52.2578 77.9584 117.3659 25.0982 198.2969 74.7072 92.6923 98.2262 84.9413 72.75 2.6379 72.124 68.7399 86.3905 100.2718 69.2032 12.4079 1174.0777 717.4896 717.4896 734.8531 120.0267 283.1376 187.2587 78.6864 306.1289 1070.7149 294.2736 10.7229 268.5853 118.2757 342.8979 192.468 271.1747 1081.8682;
	3.8387 51.8692 93.7507 120.2621 15.2525 30.6675 6.3029 18.1577 5.0 24.4873 45.2644 67.5255 101.6593 18.4706 195.2824 73.5715 91.2832 96.7329 85.8407 72.8221 2.101 71.5576 36.663 89.3026 104.287 72.1737 13.042 1071.4893 621.5217 621.5217 602.8877 118.1652 286.1356 187.4442 57.9078 265.1826 862.0278 269.6861 22.1071 279.3401 121.2884 340.2053 162.0847 277.2647 871.0072;
	3.7176 50.2334 92.3005 120.5288 15.106 26.3516 5.951 17.8864 8.1004 29.1124 53.8139 80.2798 120.8607 0.1571 199.5608 75.1834 93.2831 98.8522 83.8406 72.5898 1.9837 61.487 72.2217 89.7092 103.878 71.6805 13.3769 847.4061 662.6494 662.6494 529.7279 118.5059 279.4688 186.8462 0.4927 282.7304 773.9355 214.0065 1.1107 278.2446 120.5679 292.3267 147.954 275.9557 781.9974;
	3.556 48.0493 92.6427 118.4692 14.9657 18.3549 5.2835 17.6518 4.7232 27.8051 51.3973 76.6747 115.4334 0.0963 200.5262 75.5471 93.7343 99.3304 37.8426 72.6286 1.7612 42.8281 72.1086 88.1821 100.8144 71.3482 13.2381 615.1871 680.2397 680.2397 484.8266 115.8693 126.142 186.9461 0.302 290.2356 797.5227 203.1928 20.2301 270.0386 121.3581 203.6168 138.549 271.1798 805.8303;
	3.829 51.7377 92.7475 116.3076 15.0078 21.0978 6.7063 17.5711 25.9012 24.6631 45.5893 68.0102 102.389 49.2306 194.2304 73.1752 90.7914 96.2118 56.4994 70.3949 2.2354 49.2282 69.8128 88.4345 101.5149 70.2318 13.2937 627.6687 677.9428 677.9428 503.174 111.3007 188.3312 181.1967 154.3446 289.2556 601.888 237.3286 69.3897 271.9149 122.7861 234.0449 147.5329 275.5558 608.1577;
	3.7271 50.3613 91.9771 116.053 14.8163 20.7472 6.3073 17.9472 18.1164 22.8113 42.1664 62.904 94.7016 36.1923 199.2392 75.0622 93.1327 98.6929 55.8089 72.115 2.1024 48.41 68.8782 88.3097 101.976 70.7835 13.1525 496.6431 671.1236 671.1236 460.5712 92.2507 186.0296 185.6242 113.4678 286.3461 675.1456 236.663 130.5495 273.1499 123.03 230.1552 154.9729 268.9183 682.1784;
	3.7334 50.4463 91.6924 117.0438 14.8606 19.691 5.3075 17.4356 2.1056 23.0184 42.5492 63.475 95.5613 32.4466 183.9791 69.3131 85.9996 91.1339 60.285 69.2216 1.7692 45.9456 61.1198 86.4764 99.1812 70.9751 12.9315 384.8437 655.7744 655.7744 438.5191 87.5583 200.95 178.1765 101.7244 279.7971 606.1256 238.8568 61.178 265.6639 123.005 218.4385 160.7522 247.5535 612.4394;
	3.5311 47.7135 91.1784 119.0084 14.1191 10.3628 4.8751 17.7592 2.4689 27.5195 50.8695 75.8872 114.2478 24.0746 164.7866 62.0824 77.0282 81.6269 62.7275 69.0716 1.625 24.1799 62.2419 86.2284 100.161 70.7584 13.3456 444.9212 539.0121 539.0121 401.5137 85.9649 209.0918 177.7905 75.4771 229.9785 507.1301 214.0108 47.6022 268.2884 124.0511 114.9583 155.3922 243.8832 512.4127;
	3.4194 46.2031 94.09 119.8261 14.3945 19.1593 1.7024 18.7781 6.9457 28.8268 53.286 79.4922 119.675 32.9978 181.2694 68.2922 84.7329 89.7916 64.9172 70.6985 0.5675 44.7051 69.0781 89.1091 105.0385 73.9941 13.5715 1088.5774 476.8585 476.8585 298.2433 88.3727 216.3908 181.9782 103.4526 203.4596 898.0082 234.656 106.5283 281.3532 124.0332 212.5406 125.6708 251.1831 907.3625;
	3.3109 44.737 92.7578 120.5811 14.2301 22.8133 24.265 18.9869 27.12 29.1504 53.8841 80.3845 121.0184 62.1433 186.6987 70.3376 87.2708 92.481 79.4869 71.0971 8.0883 53.231 69.868 89.5155 105.5016 74.3484 13.7267 1310.1075 617.7772 617.7772 242.2313 67.9315 264.9563 183.0041 194.8277 263.5849 1116.3054 217.8913 173.5435 282.5935 123.3469 253.0753 166.0664 276.0619 1127.9335;
