function windprofile = ex_wind_profilesh1
%EX_WIND_PROFILE_D  Example wind_load_nyiso profile data for deterministic unit commitment.
% 2022.03.12
% Andres F. Ramirez


%% define constants
[GEN_BUS, PG, QG, QMAX, QMIN, VG, MBASE, GEN_STATUS, PMAX, PMIN, ...
    MU_PMAX, MU_PMIN, MU_QMAX, MU_QMIN, PC1, PC2, QC1MIN, QC1MAX, ...
    QC2MIN, QC2MAX, RAMP_AGC, RAMP_10, RAMP_30, RAMP_Q, APF] = idx_gen;
[CT_LABEL, CT_PROB, CT_TABLE, CT_TBUS, CT_TGEN, CT_TBRCH, CT_TAREABUS, ...
    CT_TAREAGEN, CT_TAREABRCH, CT_ROW, CT_COL, CT_CHGTYPE, CT_REP, ...
    CT_REL, CT_ADD, CT_NEWVAL, CT_TLOAD, CT_TAREALOAD, CT_LOAD_ALL_PQ, ...
    CT_LOAD_FIX_PQ, CT_LOAD_DIS_PQ, CT_LOAD_ALL_P, CT_LOAD_FIX_P, ...
    CT_LOAD_DIS_P, CT_TGENCOST, CT_TAREAGENCOST, CT_MODCOST_F, ...
    CT_MODCOST_X] = idx_ct;

windprofile = struct( ...
    'type', 'mpcData', ...
    'table', CT_TGEN, ...
    'rows', [1:45], ...
    'col', PMAX, ...
    'chgtype', 1, ...
    'values', [] );
windprofile.values(:,1,:) = [
	3.8704 52.297 91.8074 119.453 14.559 33.7864 30.9455 18.3282 10.13 18.1795 33.6045 50.1312 75.4723 55.4381 196.721 74.1135 91.9556 97.4455 84.8521 67.2967 10.3152 78.835 23.6959 86.8863 102.6727 75.3165 13.6231 1286.156 798.2986 798.2986 758.2778 114.4572 282.8404 173.2219 173.806 340.6074 1167.6034 251.264 451.8932 275.0162 121.3875 374.8043 211.298 280.2507 1179.7659;
	3.8179 51.588 91.0807 117.5002 14.5797 32.9263 30.6789 18.3663 9.2305 14.8451 27.441 40.9366 61.6298 62.0161 186.4029 70.2262 87.1325 92.3344 84.0925 67.7396 10.2263 76.828 25.6233 84.8109 99.5944 73.5163 13.4519 1305.1084 778.8028 778.8028 782.6739 113.5325 280.3085 174.3618 194.4288 332.2892 1212.1258 238.8376 450.9195 266.7708 122.0835 365.2621 211.1332 281.7663 1224.7521;
	3.7208 50.2766 88.3986 116.3587 14.5765 34.0655 31.3497 18.3881 16.5061 14.8627 27.4734 40.985 61.7026 60.7248 165.14 62.2155 77.1933 81.8019 84.2714 69.1364 10.4499 79.4862 22.4902 87.2953 99.5812 73.3421 13.4455 1203.8967 759.3946 759.3946 734.1613 109.692 280.9048 177.9572 190.3806 324.0084 1146.2498 246.9782 452.7778 266.7352 119.5827 377.9002 208.5475 260.634 1158.1899;
	3.599 48.6299 88.923 118.1202 14.7327 33.4863 30.3186 18.9063 26.8635 28.7836 53.206 79.3729 119.4955 65.5759 194.1548 73.1467 90.7561 96.1744 87.074 64.4181 10.1062 78.1348 22.3165 86.712 100.0569 74.5948 13.6458 1242.0103 776.569 776.569 756.3092 113.1067 290.2467 165.8123 205.5894 331.3361 1166.3583 266.6699 452.2695 268.0095 118.5516 371.4752 178.5811 256.6287 1178.5079;
	3.0609 41.3597 87.3873 114.5436 14.5336 30.532 30.9166 18.5998 26.8929 29.5025 54.5349 81.3554 122.4801 65.7091 196.4783 74.0221 91.8422 97.3253 86.8023 68.2642 10.3055 71.2412 71.145 88.3176 98.974 73.6444 13.5146 1251.6864 761.218 761.218 738.9636 111.3011 289.341 175.7123 206.0069 324.7864 1112.5045 281.4692 462.5734 265.1089 119.1848 338.7012 174.6772 256.2197 1124.0931;
	3.6146 48.841 88.0543 111.8206 14.7825 32.8957 18.2886 17.8786 25.3819 29.1672 53.9152 80.4308 121.0881 55.3441 200.7019 75.6133 93.8165 99.4174 59.8057 68.5919 6.0962 76.7565 69.5352 88.8904 100.8417 74.4743 13.5265 1224.511 767.1153 767.1153 761.6345 114.5567 199.3523 176.5559 173.5112 327.3025 1175.9583 288.2104 460.7836 270.1118 116.8141 364.9225 159.3456 261.9499 1188.2078;
	3.595 48.5766 88.2097 113.7934 14.646 33.5482 12.8213 17.5393 25.8477 29.3005 54.1616 80.7984 121.6416 65.7028 200.0919 75.3835 93.5313 99.1153 89.1219 70.9957 4.2738 78.2791 67.6772 89.0233 102.2293 72.0392 13.3424 1258.5223 773.8482 773.8482 739.2584 111.7381 297.0731 182.743 205.9873 330.1752 1147.5405 294.0736 438.8923 273.8286 119.3794 372.1614 176.7549 264.1835 1159.4941;
	3.796 51.2926 93.9263 119.7539 14.9085 33.9283 0.1462 18.5368 2.3267 29.5179 54.5634 81.3978 122.544 42.3591 203.9766 76.847 95.3472 101.0395 90.1432 70.7547 0.0487 79.166 69.8526 90.0035 105.677 76.0996 13.9977 1262.8244 751.8027 751.8027 709.7984 115.3886 300.4773 182.1228 132.8014 320.7692 1168.6414 294.3314 180.3908 283.0634 117.4598 376.3777 202.4667 275.1781 1180.8148;
	3.8339 51.8044 93.1649 119.7951 14.9461 32.6889 0.0279 18.6894 6.5638 29.8624 55.2003 82.348 123.9744 26.3857 201.3344 75.8516 94.1121 99.7308 90.1129 71.0698 0.0093 76.2741 71.0123 89.7964 104.9534 75.3973 14.0137 1150.0682 649.3673 649.3673 688.7149 113.4642 300.3764 182.9339 82.7228 277.0634 1000.1477 274.2464 86.2286 281.125 119.2347 362.6291 189.8726 275.7564 1010.5659;
	3.9246 53.0293 93.941 120.5561 14.9406 31.8993 0.0246 19.1145 2.1188 26.7903 49.5214 73.8762 111.2203 22.4648 193.2423 72.8029 90.3296 95.7224 88.1242 71.5962 0.0082 74.4318 51.5075 89.8234 105.6968 75.611 14.1145 994.191 560.327 560.327 535.1382 115.4747 293.7474 184.2887 70.4303 239.0728 791.7454 245.9233 21.2964 283.1165 119.2783 353.8701 167.3236 277.1716 799.9928;
	3.8793 52.4176 95.1825 120.8874 15.319 28.9477 0.0342 19.0335 3.0995 28.5566 52.7865 78.7471 118.5533 9.0632 198.8607 74.9196 92.9558 98.5054 71.907 70.617 0.0114 67.5446 71.5915 90.0543 106.4548 72.9522 14.1131 795.0637 629.3368 629.3368 490.1298 113.4493 239.6899 181.7684 28.4143 268.517 730.9601 199.291 49.617 285.1468 117.6329 321.1264 163.4648 275.7728 738.5743;
	3.6875 49.8264 95.1496 120.124 15.3273 22.7622 2.3515 19.0435 11.063 27.7182 51.2366 76.435 115.0724 22.6485 199.9969 75.3477 93.4869 99.0682 36.1779 70.3551 0.7838 53.1118 73.0315 89.8802 106.104 74.2224 14.0675 606.4498 700.4619 700.4619 489.2892 103.9333 120.593 181.0943 71.006 298.8637 807.5601 199.9771 151.7869 284.2072 122.7821 252.5086 152.0141 270.1492 815.9722;
	3.929 53.0898 95.0818 118.7979 15.3261 24.1052 5.0203 18.1861 25.7766 25.8094 47.7083 71.1713 107.1481 57.0212 202.3857 76.2476 94.6035 100.2515 54.2241 70.5536 1.6734 56.2454 72.1144 88.7687 105.7311 72.2953 13.5717 673.699 714.1014 714.1014 497.3286 105.0108 180.7469 181.6053 178.7693 304.6833 627.8549 220.3536 189.8656 283.2082 119.1812 267.4068 159.9749 269.9817 634.3951;
	3.8723 52.3234 92.2217 114.6282 15.2947 23.3935 2.2305 18.1095 18.5783 23.428 43.3062 64.6044 97.2615 40.9979 203.7647 76.7672 95.2481 100.9346 56.9385 72.0258 0.7435 54.5849 70.183 86.4054 101.0016 71.7786 13.6258 537.1563 681.4713 681.4713 468.1095 94.9013 189.795 185.3946 128.5338 290.7611 680.5895 242.1616 228.3052 270.5399 116.8147 259.512 168.9907 261.6698 687.6789;
	3.8661 52.2399 92.5738 113.4818 15.2083 21.2416 0.7585 18.7261 6.5211 26.2811 48.5801 72.472 109.1062 34.7918 195.6519 73.7107 91.4559 96.9159 68.0296 70.4818 0.2528 49.5637 72.8226 87.6025 101.8844 74.9793 13.8959 436.475 676.1896 676.1896 442.5786 85.0639 226.7654 181.4204 109.0769 288.5076 612.284 234.8431 163.1981 272.9046 118.5505 235.6398 170.7283 248.3985 618.662;
	3.5086 47.4092 88.8405 115.1103 14.9975 10.4339 0.0 17.9089 0.9631 28.5976 52.8623 78.8601 118.7235 27.2849 189.3422 71.3336 88.5065 93.7905 63.4038 70.9243 0.0 24.3457 72.2186 87.2757 99.8052 72.5442 13.6635 454.1732 547.6836 547.6836 392.5183 90.007 211.3461 182.5592 85.5417 233.6783 483.6541 210.7909 14.9378 267.3353 122.3671 115.7465 153.7255 241.6689 488.6921;
	3.5978 48.6145 86.9821 113.1288 15.1238 19.0682 0.5828 18.1842 3.0096 29.0925 53.777 80.2248 120.7779 35.6766 198.0959 74.6315 92.5983 98.1266 64.5092 72.233 0.1943 44.4926 73.3131 84.5034 101.1041 71.1892 13.5626 1006.7056 490.1434 490.1434 300.6487 87.1917 215.0307 185.928 111.8509 209.1279 803.0345 234.7357 107.2112 270.8145 121.2408 211.5304 138.9542 245.4093 811.3995;
	3.5104 47.4338 87.5788 112.1999 15.2439 22.7699 1.9616 18.5189 0.0196 28.6248 52.9125 78.935 118.8362 60.1088 202.088 76.1355 94.4644 100.104 75.539 72.3246 0.6539 53.1298 71.1041 84.413 101.5873 74.7332 13.7659 1223.0107 622.735 622.735 226.1366 64.6173 251.7966 186.1636 188.4491 265.7003 1034.7527 213.2726 130.5021 272.1088 119.5541 252.5941 180.1397 277.3695 1045.5314;
