function loadprofile = ex_load_profilesh1
%EX_LOAD_PROFILE  Example load profile data file for stochastic unit commitment.
% 2022.03.12
% Andres F. Ramirez

%% define constants
[CT_LABEL, CT_PROB, CT_TABLE, CT_TBUS, CT_TGEN, CT_TBRCH, CT_TAREABUS, ...
    CT_TAREAGEN, CT_TAREABRCH, CT_ROW, CT_COL, CT_CHGTYPE, CT_REP, ...
    CT_REL, CT_ADD, CT_NEWVAL, CT_TLOAD, CT_TAREALOAD, CT_LOAD_ALL_PQ, ...
    CT_LOAD_FIX_PQ, CT_LOAD_DIS_PQ, CT_LOAD_ALL_P, CT_LOAD_FIX_P, ...
    CT_LOAD_DIS_P, CT_TGENCOST, CT_TAREAGENCOST, CT_MODCOST_F, ...
    CT_MODCOST_X] = idx_ct;

loadprofile = struct( ...
    'type', 'mpcData', ...
    'table', CT_TAREALOAD, ...
    'rows', [1:11], ...
    'col', CT_LOAD_ALL_P, ...
    'chgtype', 1, ...
    'values', [] );
loadprofile.values(:,1,:) = [
	1470.4951 903.6812 1497.8396 537.8393 693.8138 1036.8459 818.267 230.0202 523.3621 4399.0012 1605.6053;
	1477.6138 913.9565 1523.1986 528.0434 718.5325 1063.0085 819.2527 230.6211 514.902 4347.4711 1610.5635;
	1482.3728 922.6274 1541.3473 530.5 717.8 1075.5176 827.1355 227.5976 520.4431 4332.8982 1606.9819;
	1560.1829 974.8843 1634.6 552.3245 780.9739 1144.3043 861.6903 262.9924 547.429 4533.6791 1697.4295;
	1707.9636 1087.9193 1799.7961 587.3 875.2895 1316.3243 968.3 296.9 620.3 5063.4165 1944.0456;
	1789.7248 1148.8687 1894.865 597.1 927.5168 1398.8548 1041.4216 325.2433 684.4447 5545.5996 2113.2167;
	1849.8595 1170.5969 1928.3529 596.9148 931.6117 1415.7786 1056.168 322.2477 696.7 5848.837 2132.7686;
	1852.5 1178.3778 1942.2 579.6643 944.3 1426.8427 1093.7 336.3 720.7258 6071.8329 2186.6413;
	1904.1 1198.6543 1960.4855 571.2526 945.2204 1407.958 1045.0387 341.7042 717.9057 6142.8 2235.7977;
	1928.2603 1226.1235 1978.9361 570.6 956.7485 1449.1748 1095.1545 358.0954 742.1 6235.4902 2291.5523;
	1906.1152 1245.9964 1978.692 572.352 970.4842 1453.5821 1133.4849 359.4619 737.1636 6370.0166 2345.4384;
	1913.1 1244.6477 1963.8528 557.5584 963.0971 1426.2293 1137.44 361.0717 738.5 6410.7137 2422.5708;
	1896.3456 1199.3672 1983.0715 544.3 955.6503 1398.1 1138.4789 374.9364 717.1419 6336.7858 2339.3676;
	1859.7719 1137.8498 1919.0805 553.3 926.872 1362.6308 1077.2779 351.7 682.524 6281.3404 2273.3211;
	1861.4863 1130.5262 1950.1629 550.8376 948.8069 1374.7323 1058.5363 363.6952 657.1266 6163.593 2275.9575;
	1837.4825 1130.7026 1933.5642 554.404 983.8045 1428.8916 1078.5412 350.7765 674.8089 6110.5299 2297.7;
	1837.898 1140.5966 1900.4599 553.3 959.5757 1438.1382 1062.7415 363.2091 674.0468 5919.7176 2351.6;
	1870.8261 1161.1072 1898.8 576.3231 958.3959 1451.5506 1072.9034 368.9807 700.9206 5912.9941 2431.7788;
	1885.9281 1176.0909 1904.112 577.79 935.5794 1397.8542 1072.6779 353.9227 693.6102 5800.8505 2396.9495;
	1820.4523 1122.4552 1845.0715 574.4 926.665 1338.3542 1038.3654 350.4837 658.7 5558.1242 2301.6797;
	1747.9436 1062.7987 1804.9999 565.3185 908.7054 1264.7839 955.3094 317.7035 611.3217 5297.9651 2132.1;
	1649.111 1011.0486 1728.6838 559.1617 865.5032 1191.7497 887.5044 294.5 563.2538 4929.677 1965.4277;
	1590.5128 961.6152 1680.8047 557.8568 764.5 1198.2753 858.5808 262.8521 526.6372 4658.8994 1811.614;
	1528.1745 908.102 1606.24 561.8291 751.3581 1156.4945 845.7103 251.6542 503.0 4476.3113 1700.9286;
];
