function windprofile = ex_wind_profilesh1
%EX_WIND_PROFILE_D  Example wind_load_nyiso profile data for deterministic unit commitment.
% 2022.03.12
% Andres F. Ramirez


%% define constants
[GEN_BUS, PG, QG, QMAX, QMIN, VG, MBASE, GEN_STATUS, PMAX, PMIN, ...
    MU_PMAX, MU_PMIN, MU_QMAX, MU_QMIN, PC1, PC2, QC1MIN, QC1MAX, ...
    QC2MIN, QC2MAX, RAMP_AGC, RAMP_10, RAMP_30, RAMP_Q, APF] = idx_gen;
[CT_LABEL, CT_PROB, CT_TABLE, CT_TBUS, CT_TGEN, CT_TBRCH, CT_TAREABUS, ...
    CT_TAREAGEN, CT_TAREABRCH, CT_ROW, CT_COL, CT_CHGTYPE, CT_REP, ...
    CT_REL, CT_ADD, CT_NEWVAL, CT_TLOAD, CT_TAREALOAD, CT_LOAD_ALL_PQ, ...
    CT_LOAD_FIX_PQ, CT_LOAD_DIS_PQ, CT_LOAD_ALL_P, CT_LOAD_FIX_P, ...
    CT_LOAD_DIS_P, CT_TGENCOST, CT_TAREAGENCOST, CT_MODCOST_F, ...
    CT_MODCOST_X] = idx_ct;

windprofile = struct( ...
    'type', 'mpcData', ...
    'table', CT_TGEN, ...
    'rows', [1:45], ...
    'col', PMAX, ...
    'chgtype', 1, ...
    'values', [] );
windprofile.values(:,1,:) = [
	3.9508 53.3846 93.6778 120.9135 15.0385 34.102 32.1243 18.7514 10.7124 16.9935 31.4122 46.8608 70.5486 55.257 197.5893 74.4406 92.3615 97.8756 84.3368 68.8649 10.7081 79.5714 24.2803 89.7375 105.8699 75.4054 13.9263 1303.3849 809.4728 809.4728 763.1832 113.1005 281.1226 177.2585 173.2381 345.3751 1177.0417 271.8634 467.7868 283.5802 122.7103 378.3053 205.8969 283.0912 1189.3026;
	3.9472 53.3348 94.5826 120.521 14.9435 34.3885 32.7659 18.146 13.7225 16.0808 29.7251 44.3439 66.7596 65.061 189.2487 71.2984 88.4628 93.7441 86.3747 71.1169 10.922 80.2398 30.988 87.1229 101.2719 72.6306 13.3922 1306.5634 800.996 800.996 748.0875 111.8129 287.9158 183.0551 203.9751 341.7583 1278.6875 248.7673 478.5327 271.2641 122.4422 381.483 210.3983 284.3483 1292.0071;
	3.7306 50.4082 90.1838 117.8788 14.858 33.4121 32.8116 18.3892 23.6148 15.4069 28.4795 42.4858 63.9622 60.0912 159.7669 60.1912 74.6817 79.1403 87.7793 69.6703 10.9372 77.9615 26.6287 85.5648 99.3391 72.3896 13.8542 1257.2683 772.764 772.764 724.1149 109.9095 292.5978 179.3316 188.3942 329.7126 1230.5834 263.1899 466.1939 266.0869 120.1711 370.6513 206.7878 269.7164 1243.402;
	3.6919 49.8856 90.3042 115.4911 15.1227 34.5986 32.2565 18.671 27.974 30.006 55.4656 82.7438 124.5703 64.1921 200.0776 75.3781 93.5246 99.1082 91.3656 67.2828 10.7522 80.7302 26.4747 83.5702 99.5985 71.5013 13.5534 1278.1754 809.6582 809.6582 773.1006 112.6177 304.5521 173.186 201.251 345.4542 1240.0374 303.5152 461.2404 266.7816 119.8768 383.8143 188.8533 262.41 1252.9544;
	3.0159 40.7521 90.8736 112.6019 14.8702 31.3615 31.3982 17.5245 27.7936 29.8002 55.0853 82.1764 123.7161 63.3278 196.7247 74.1149 91.9573 97.4473 86.0362 67.1153 10.4661 73.1767 72.5755 83.1026 97.0776 68.8283 12.7391 1288.768 806.597 806.597 740.5426 108.9034 286.7874 172.7551 198.5413 344.1481 1200.0106 306.7017 457.8211 260.0293 117.7265 347.903 182.0359 253.687 1212.5108;
	3.5244 47.6225 89.9621 112.7828 15.0874 33.3282 19.2979 17.9575 27.3566 29.3626 54.2763 80.9696 121.8993 51.8946 199.1569 75.0312 93.0943 98.6521 57.2036 67.8579 6.4326 77.7658 72.7009 83.8796 99.2104 70.5722 13.0885 1272.4219 803.3059 803.3059 761.6365 115.8846 190.6788 174.6664 162.6966 342.7438 1247.4757 316.6663 463.5151 265.7423 115.6798 369.7209 159.4821 250.405 1260.4702;
	3.6041 48.6989 92.5033 116.2013 15.3433 34.4551 14.6523 18.1138 27.6514 29.8085 55.1006 82.1992 123.7504 67.0953 195.3754 73.6066 91.3267 96.779 84.7354 69.7194 4.8841 80.3953 73.6775 86.1217 103.1846 70.9953 13.2295 1280.9799 802.6255 802.6255 741.0757 115.5579 282.4514 179.4578 210.3529 342.4535 1227.748 321.8754 448.0149 276.3874 118.4893 382.222 180.6842 270.1821 1240.537;
	3.7792 51.0651 94.2763 116.1813 15.3625 33.9254 2.5544 18.4481 16.6432 29.6174 54.7472 81.6721 122.9569 47.8201 198.3424 74.7243 92.7135 98.2487 84.0169 69.805 0.8515 79.1593 73.6449 85.784 102.0047 72.7602 13.6776 1265.9699 780.1317 780.1317 735.2362 117.134 280.0564 179.6784 149.9225 332.8562 1221.1891 323.5785 191.1321 273.2267 117.65 376.3461 198.967 281.2191 1233.9098;
	3.6443 49.2422 91.3062 113.6355 14.9802 31.7662 7.8858 18.714 3.4322 29.437 54.4139 81.1748 122.2082 27.4656 191.6643 72.2084 89.5919 94.9407 84.1974 69.4921 2.6286 74.1211 71.0608 85.483 102.0535 73.5893 13.2648 1133.2594 674.9425 674.9425 709.3598 113.7449 280.6581 178.8728 86.1085 287.9755 1036.7614 293.7746 116.1999 273.3575 119.0373 352.3928 176.3182 279.0286 1047.561;
	3.6029 48.6825 91.5142 116.8987 14.9686 30.1643 5.4849 19.0252 2.8609 26.2894 48.5956 72.495 109.1409 24.596 185.0057 69.6998 86.4794 91.6423 84.6689 70.6607 1.8283 70.3833 48.999 89.1313 103.3831 74.6456 13.2871 947.597 608.7617 608.7617 605.4279 113.4648 282.2296 181.8807 77.1118 259.7383 821.8479 259.755 88.2677 276.919 121.6457 334.6223 151.9936 277.7252 830.4088;
	3.4771 46.9832 91.3355 111.9267 15.2378 24.2406 4.6676 19.1309 7.8023 30.5569 56.4839 84.2628 126.8572 36.3852 179.9388 67.7909 84.1109 89.1325 70.1014 69.7991 1.5559 56.5613 75.1704 89.3819 103.4168 75.2593 13.7206 811.9004 675.5457 675.5457 537.8771 109.9055 233.6712 179.6631 114.0726 288.2328 780.856 204.4181 121.7925 277.0092 119.06 268.9085 134.7685 274.4693 788.99;
	3.3834 45.7171 92.7633 116.0814 15.203 19.6001 18.3812 18.9935 19.6942 29.2415 54.0524 80.6356 121.3965 29.1926 195.8579 73.7883 91.5522 97.018 36.5009 70.0636 6.1271 45.7335 74.6077 89.3427 103.797 75.2633 13.5561 613.3451 712.3121 712.3121 514.9917 110.0298 121.6696 180.3438 91.5226 303.9198 846.9535 214.3925 157.8086 278.0278 123.0531 217.4301 142.6642 281.7317 855.776;
	3.7989 51.332 92.9623 116.6104 15.3265 22.2828 16.5429 18.8903 26.6647 25.8744 47.8284 71.3506 107.418 49.3898 191.8451 72.2765 89.6764 95.0302 57.0146 69.1056 5.5143 51.9931 74.1583 88.9159 103.9223 71.9155 13.7403 626.9865 712.6781 712.6781 527.0461 104.6893 190.0487 177.8779 154.8436 304.076 624.9859 221.3824 64.5974 278.3634 123.0055 247.1902 148.2454 272.5814 631.4961;
	3.6673 49.553 88.7342 112.359 15.0131 20.6488 8.3346 18.0159 18.8202 23.9944 44.3532 66.1663 99.613 34.4246 195.651 73.7104 91.4555 96.9155 50.9122 71.1611 2.7782 48.1806 73.2541 85.0865 100.3674 69.7648 13.0386 503.1431 681.0933 681.0933 480.5675 85.2712 169.7072 183.169 107.9256 290.5998 663.1821 226.9795 14.0653 268.8411 121.3036 229.0645 155.2896 262.4568 670.0903;
	3.7916 51.2324 88.3109 115.6923 14.9916 20.014 10.7534 18.5199 2.0641 26.1885 48.4091 72.2168 108.7221 29.0356 187.3999 70.6018 87.5985 92.8283 63.8389 69.8937 3.5845 46.6992 71.4014 86.5797 103.8556 71.1905 13.474 399.52 688.2261 688.2261 468.1386 82.0745 212.7962 179.9066 91.0305 293.6431 611.276 233.8074 139.3778 278.1847 116.7286 222.0215 163.0864 250.2845 617.6435;
	3.5853 48.4451 88.4692 117.0993 15.0515 10.6692 8.9377 18.3017 1.2244 28.4163 52.5271 78.3601 117.9707 20.1734 183.0642 68.9684 85.5719 90.6807 57.6605 71.3628 2.9792 24.8948 70.688 87.2321 104.3327 72.014 13.5029 370.3444 552.3301 552.3301 421.3908 79.7707 192.2015 183.688 63.2462 235.6609 477.6206 220.2751 89.2331 279.4626 118.2931 118.3571 157.5472 250.0715 482.5958;
	3.3775 45.6379 88.4385 112.5076 14.3953 17.4594 2.548 18.3147 0.4242 28.1614 52.0559 77.6572 116.9125 30.3047 190.3595 71.7168 88.982 94.2944 62.3496 72.0203 0.8493 40.7387 71.184 87.0906 104.8219 70.9437 13.3813 919.7285 466.3079 466.3079 287.1906 80.4889 207.8319 185.3804 95.0094 198.958 821.3129 224.4281 107.9949 280.7729 119.1781 193.6832 128.4756 242.4373 829.8682;
	3.0203 40.8111 87.854 112.7275 14.1048 19.4513 4.7873 18.0774 0.0 28.263 52.2438 77.9374 117.3343 50.1577 189.4498 71.3741 88.5568 93.8438 76.244 71.4511 1.5958 45.3863 69.7172 87.4033 103.013 70.9406 13.392 1088.1747 549.0849 549.0849 212.0133 61.2601 254.1466 183.9152 157.251 234.2762 960.3972 206.3182 120.3477 275.9276 117.583 215.7794 162.7417 262.1522 970.4013;
