function windprofile = ex_wind_profilesh1
%EX_WIND_PROFILE_D  Example wind_load_nyiso profile data for deterministic unit commitment.
% 2022.03.12
% Andres F. Ramirez


%% define constants
[GEN_BUS, PG, QG, QMAX, QMIN, VG, MBASE, GEN_STATUS, PMAX, PMIN, ...
    MU_PMAX, MU_PMIN, MU_QMAX, MU_QMIN, PC1, PC2, QC1MIN, QC1MAX, ...
    QC2MIN, QC2MAX, RAMP_AGC, RAMP_10, RAMP_30, RAMP_Q, APF] = idx_gen;
[CT_LABEL, CT_PROB, CT_TABLE, CT_TBUS, CT_TGEN, CT_TBRCH, CT_TAREABUS, ...
    CT_TAREAGEN, CT_TAREABRCH, CT_ROW, CT_COL, CT_CHGTYPE, CT_REP, ...
    CT_REL, CT_ADD, CT_NEWVAL, CT_TLOAD, CT_TAREALOAD, CT_LOAD_ALL_PQ, ...
    CT_LOAD_FIX_PQ, CT_LOAD_DIS_PQ, CT_LOAD_ALL_P, CT_LOAD_FIX_P, ...
    CT_LOAD_DIS_P, CT_TGENCOST, CT_TAREAGENCOST, CT_MODCOST_F, ...
    CT_MODCOST_X] = idx_ct;

windprofile = struct( ...
    'type', 'mpcData', ...
    'table', CT_TGEN, ...
    'rows', [1:45], ...
    'col', PMAX, ...
    'chgtype', 1, ...
    'values', [] );
windprofile.values(:,1,:) = [
	4.0241 54.3746 94.5459 120.6104 15.4139 34.9586 32.4622 19.064 14.2518 19.4563 35.9646 53.6521 80.7729 56.4657 202.007 76.1049 94.4265 100.0639 86.5194 67.5327 10.8207 81.57 28.3785 88.6382 105.9753 75.5149 14.112 1303.5149 811.4403 811.4403 757.8999 112.9891 288.3979 173.8292 177.0276 346.2145 1166.8418 255.3576 480.1041 283.8625 123.6103 387.8069 219.5372 281.725 1178.9964;
	3.9683 53.6203 93.4052 117.4743 15.3768 34.3569 32.6129 18.5364 14.0382 15.7583 29.1291 43.4548 65.421 63.2313 196.014 73.8471 91.6251 97.0953 85.1551 68.7168 10.871 80.1662 30.9817 84.1328 102.3564 72.9265 13.6549 1320.1673 812.6684 812.6684 788.6396 113.5623 283.8504 176.8773 198.2387 346.7385 1275.7299 252.7332 479.4146 274.169 119.5819 381.1328 217.6794 281.6815 1289.0187;
	3.883 52.4678 90.3925 114.0253 15.357 34.098 33.4045 18.1277 24.7363 16.7914 31.0386 46.3035 69.7096 60.4666 179.7976 67.7377 84.0449 89.0625 84.4474 68.5348 11.1348 79.562 29.6866 84.3528 101.6945 71.8698 13.2029 1268.8983 823.5248 823.5248 793.1441 115.8811 281.4915 176.4087 189.571 351.3706 1273.5897 287.1107 479.5836 272.3959 119.6576 378.2607 218.1802 264.414 1286.8562;
	3.8758 52.3708 89.6712 115.041 15.4039 34.6716 32.136 18.0197 28.3427 28.9844 53.5772 79.9267 120.3292 67.9677 195.3948 73.6138 91.3357 96.7886 84.7183 63.4532 10.712 80.9005 23.3601 85.9745 100.264 72.1977 13.03 1308.9968 811.0955 811.0955 780.5747 115.9454 282.3943 163.3288 213.0881 346.0674 1215.6202 299.0721 479.3277 268.5642 117.4805 384.6239 194.9724 265.287 1228.283;
	3.4258 46.2898 92.9695 116.4027 15.3856 31.4243 31.8635 18.8587 28.4688 29.7375 54.9694 82.0035 123.4558 65.0437 194.7421 73.368 91.0306 96.4653 86.1065 64.3765 10.6212 73.3234 73.6084 87.7578 102.7353 69.9059 13.5122 1332.4012 829.4348 829.4348 794.7961 118.2561 287.0218 165.7052 203.9206 353.8922 1190.5392 305.7812 478.0467 275.1838 120.4946 348.6002 186.6955 270.5831 1202.9406;
	3.8617 52.1802 91.5741 114.9924 15.2996 32.982 20.2224 18.5239 27.6715 29.2799 54.1234 80.7415 121.5559 53.7107 196.496 74.0287 91.8504 97.334 58.2763 68.5557 6.7408 76.958 70.885 85.633 99.796 70.2188 13.8124 1259.9491 846.9804 846.9804 797.6965 118.2969 194.2545 176.4625 168.3904 361.3783 1207.0959 289.5102 477.8317 267.3108 119.2203 365.8804 167.7699 268.0277 1219.6698;
	3.8567 52.1125 91.2528 113.4932 15.1696 32.2835 13.5072 18.3853 26.0951 28.5288 52.735 78.6702 118.4376 66.1452 196.7141 74.1109 91.9524 97.4421 81.0682 71.1167 4.5024 75.3282 71.435 86.0443 100.78 70.9709 13.8837 1265.845 818.0822 818.0822 757.0628 117.0498 270.2275 183.0546 207.3742 349.0484 1155.0075 291.2314 437.2588 269.9465 118.657 358.1317 176.1627 264.3227 1167.0388;
	3.8602 52.1602 88.6557 115.3188 14.9591 31.6688 0.6996 18.299 7.6443 29.1446 53.8734 80.3685 120.9943 44.1654 197.7223 74.4907 92.4237 97.9415 83.6762 72.1335 0.2332 73.894 74.458 84.8452 99.0156 71.2905 13.8745 1250.8622 801.4531 801.4531 733.1544 114.3156 278.9206 185.6717 138.4644 341.9533 1157.5832 270.59 182.3839 265.2202 117.4571 351.313 195.238 269.5474 1169.6414;
	3.869 52.2788 89.8756 116.4744 15.0523 30.1838 0.0 18.0651 14.7956 28.8519 53.3323 79.5613 119.7791 29.5192 192.4424 72.5015 89.9556 95.3261 86.3646 71.432 0.0 70.4289 74.8244 84.5032 99.7265 69.8495 13.5506 1181.534 711.0184 711.0184 708.2763 112.1237 287.882 183.8661 92.5466 303.3679 986.3656 242.1571 204.2046 267.1247 118.971 334.8389 180.1206 274.3918 996.6402;
	3.8484 52.0008 87.2013 113.8663 14.9643 28.0166 0.0 18.0745 14.0808 25.492 47.1217 70.2963 105.8306 24.1455 192.2037 72.4116 89.844 95.2079 84.5782 71.8619 0.0 65.3721 54.8321 85.9508 99.0447 72.1238 13.6043 1022.6824 641.4181 641.4181 582.3712 110.5328 281.9273 184.9726 75.6995 273.6717 809.7421 225.9256 137.5136 265.2984 121.1757 310.7978 149.0935 261.4331 818.1769;
	3.7383 50.5122 86.8423 111.5878 14.6227 22.3545 4.6573 17.68 25.8491 28.8081 53.2513 79.4404 119.5972 30.1864 199.7448 75.2527 93.3691 98.9434 83.1516 71.6269 1.5524 52.1606 73.9447 86.3839 97.4806 69.527 13.4413 852.3608 730.029 730.029 539.2695 111.4976 277.172 184.3677 94.6385 311.479 750.628 197.2769 275.8099 261.1088 117.9161 247.9863 142.5209 258.2694 758.447;
	3.5905 48.5152 87.4626 112.6039 15.178 17.2565 1.2842 17.6473 21.4115 27.5858 50.9919 76.0698 114.5227 27.3664 204.3972 77.0055 95.5438 101.2479 41.5265 71.7145 0.4281 40.2652 74.6708 85.6818 97.1177 71.3872 13.499 622.9436 757.4783 757.4783 525.8982 107.5237 138.4215 184.5932 85.7973 323.1907 795.6626 199.2944 221.594 260.1367 122.3235 191.4321 137.4507 262.6015 803.9507;
	3.8628 52.1945 90.189 112.4331 15.3851 18.2587 6.8418 17.2878 27.1619 24.7275 45.7084 68.188 102.6566 56.7902 201.8829 76.0582 94.3685 100.0025 58.3871 71.3111 2.2806 42.6037 73.7867 86.0159 99.0852 69.6925 13.5413 664.8115 760.4632 760.4632 547.454 105.4542 194.6236 183.5549 178.0448 324.4643 614.4115 226.9315 248.7447 265.4068 121.1023 202.5502 148.1511 269.1776 620.8116;
	3.8199 51.6155 88.5286 111.4194 15.3911 19.0042 11.3313 17.2706 21.59 21.7709 40.2431 60.0348 90.382 43.2036 203.6034 76.7064 95.1727 100.8547 59.1428 72.6848 3.7771 44.3431 68.6997 83.2201 96.1182 68.1212 13.0272 564.9543 730.9596 730.9596 515.4101 88.63 197.1427 187.0908 135.449 311.8761 688.8278 232.5091 131.2053 257.4596 117.7869 210.8199 164.1491 256.6943 696.0031;
	3.9118 52.8574 89.8091 116.6136 15.3527 19.2191 18.6422 17.8854 17.9169 23.6557 43.7273 65.2325 98.2072 35.3303 194.9171 73.4339 91.1124 96.552 68.9498 70.0254 6.2141 44.8445 65.549 87.332 101.0626 71.9923 13.4502 431.7971 739.0616 739.0616 474.3297 83.4408 229.8328 180.2456 110.7653 315.333 614.7878 231.4747 74.6148 270.7033 120.1397 213.2034 171.6218 243.6212 621.1918;
	3.529 47.6845 87.7654 115.568 14.9375 8.6699 14.3139 17.856 12.1166 27.2688 50.4059 75.1957 113.2068 23.3051 189.7396 71.4833 88.6922 93.9873 64.4831 70.6131 4.7713 20.2298 69.28 87.0704 99.9408 69.9711 13.5213 456.2344 569.8891 569.8891 419.8159 75.6606 214.9437 181.7584 73.0648 243.1527 480.6782 206.3049 78.1066 267.6986 119.7796 96.1781 151.0375 238.6525 485.6852;
	3.4881 47.1314 87.2711 115.5148 14.9615 17.9602 5.4718 18.562 5.0607 27.4463 50.7341 75.6853 113.9438 30.8868 188.2271 70.9135 87.9852 93.2381 65.7766 70.198 1.8239 41.9071 69.9184 87.1479 101.9151 73.045 13.4159 1016.9037 500.3818 500.3818 300.1056 71.7719 219.2552 180.69 96.8342 213.4962 815.8827 204.3941 103.155 272.9867 120.0285 199.2384 130.0956 247.0482 824.3814;
	3.2432 43.8229 87.5979 114.4873 14.7002 22.1644 3.4499 19.0729 4.457 27.5563 50.9374 75.9886 114.4004 59.0733 185.1767 69.7643 86.5594 91.7271 81.6204 69.8698 1.15 51.7169 69.0704 87.8287 99.2595 74.7663 13.8762 1260.0701 652.1836 652.1836 243.1604 64.665 272.0678 179.8452 185.2028 278.265 1104.9485 201.4948 138.173 265.8737 118.6835 245.877 168.988 270.6454 1116.4584;
