function windprofile = ex_wind_profilesh1
%EX_WIND_PROFILE_D  Example wind_load_nyiso profile data for deterministic unit commitment.
% 2022.03.12
% Andres F. Ramirez


%% define constants
[GEN_BUS, PG, QG, QMAX, QMIN, VG, MBASE, GEN_STATUS, PMAX, PMIN, ...
    MU_PMAX, MU_PMIN, MU_QMAX, MU_QMIN, PC1, PC2, QC1MIN, QC1MAX, ...
    QC2MIN, QC2MAX, RAMP_AGC, RAMP_10, RAMP_30, RAMP_Q, APF] = idx_gen;
[CT_LABEL, CT_PROB, CT_TABLE, CT_TBUS, CT_TGEN, CT_TBRCH, CT_TAREABUS, ...
    CT_TAREAGEN, CT_TAREABRCH, CT_ROW, CT_COL, CT_CHGTYPE, CT_REP, ...
    CT_REL, CT_ADD, CT_NEWVAL, CT_TLOAD, CT_TAREALOAD, CT_LOAD_ALL_PQ, ...
    CT_LOAD_FIX_PQ, CT_LOAD_DIS_PQ, CT_LOAD_ALL_P, CT_LOAD_FIX_P, ...
    CT_LOAD_DIS_P, CT_TGENCOST, CT_TAREAGENCOST, CT_MODCOST_F, ...
    CT_MODCOST_X] = idx_ct;

windprofile = struct( ...
    'type', 'mpcData', ...
    'table', CT_TGEN, ...
    'rows', [1:45], ...
    'col', PMAX, ...
    'chgtype', 1, ...
    'values', [] );
windprofile.values(:,1,:) = [
	3.814 51.5354 94.1604 120.1354 15.0488 34.6749 22.0414 18.5554 8.6439 17.1565 31.7135 47.3103 71.2254 48.0232 203.8299 76.7917 95.2786 100.9669 91.3873 68.0231 7.3471 80.908 21.3986 89.0077 105.2786 73.7377 13.8285 1249.9984 734.1994 734.1994 758.6813 112.0463 304.6245 175.0916 150.5591 313.2584 1073.1855 266.5577 437.9004 281.9964 119.0439 384.6597 208.3992 282.9806 1084.3645;
	3.7608 50.8173 93.6964 118.7993 14.7597 34.2473 22.2502 18.6401 9.1894 14.3163 26.4635 39.4783 59.4344 53.2352 196.1949 73.9153 91.7097 97.1849 87.7159 69.2995 7.4167 79.9104 23.3299 87.4877 102.3133 73.2215 13.4611 1204.8455 705.3229 705.3229 723.9359 110.8816 292.3864 178.3771 166.8995 300.9378 1102.9901 251.6754 436.6056 274.0536 117.159 379.9168 205.8129 278.5311 1114.4796;
	3.7217 50.2887 92.6834 116.0758 14.8454 34.8734 29.6812 18.7525 21.2324 14.5469 26.8897 40.1142 60.3916 43.6954 177.6438 66.9263 83.0381 87.9956 85.2154 68.6749 9.8937 81.3712 0.0 89.0812 103.2521 73.3732 13.7497 1179.3693 699.0129 699.0129 733.9072 106.8948 284.0512 176.7693 136.9911 298.2455 1090.8927 259.1416 436.2125 276.568 117.0404 386.8618 206.7795 261.9298 1102.2562;
	3.5612 48.1194 90.417 114.5754 14.8114 34.5286 30.6285 18.9166 27.5384 28.6936 53.0398 79.1249 119.1221 62.2209 196.8062 74.1456 91.9954 97.4877 86.682 67.2398 10.2095 80.5668 0.0 89.8066 104.8698 74.8121 13.4151 1225.5491 734.8821 734.8821 787.4214 106.2655 288.9401 173.0753 195.0709 313.5497 1085.608 306.2334 441.8524 280.9012 116.3374 383.0376 176.9877 264.3648 1096.9164;
	2.9561 39.9429 88.7294 112.3725 14.5127 31.0204 30.57 18.4286 27.0303 28.8673 53.3607 79.6037 119.843 58.6803 194.3905 73.2355 90.8663 96.2911 84.5468 66.2351 10.19 72.3809 64.9498 88.512 103.0379 74.3415 13.2375 1231.0623 778.631 778.631 788.0944 109.1978 281.8227 170.4892 183.9706 332.2159 1085.7196 330.0346 442.5574 275.9944 115.2721 344.1195 177.339 265.2357 1097.0292;
	3.6446 49.2468 89.8934 110.8768 14.9555 33.234 17.6697 18.4059 24.9818 28.4211 52.536 78.3734 117.9908 42.7656 193.2627 72.8106 90.3391 95.7324 53.2958 68.6641 5.8899 77.546 61.3353 87.5155 102.2596 74.0221 13.3796 1165.1564 768.6643 768.6643 772.9927 111.9986 177.6526 176.7415 134.0758 327.9634 1081.1179 320.2135 437.9789 273.9097 113.1227 368.676 160.8685 262.4015 1092.3795;
	3.7566 50.7594 92.8222 112.9082 15.2049 34.5677 13.5873 18.2289 26.0261 28.4943 52.6714 78.5753 118.2947 63.7014 190.9998 71.9581 89.2813 94.6115 78.7348 70.0792 4.5291 80.658 67.3721 88.8116 103.2075 72.8513 13.3835 1240.3736 779.0906 779.0906 786.3454 112.3466 262.4495 180.3841 199.7124 332.412 1132.7802 331.6213 431.9962 276.4486 114.3737 383.4712 182.9883 271.2801 1144.58;
	3.5625 48.1378 92.7367 115.5728 14.7799 33.3873 0.7515 17.6855 0.0305 28.6546 52.9676 79.0173 118.9601 35.4952 198.3005 74.7086 92.6939 98.2279 84.3517 71.705 0.2505 77.9037 69.6749 87.2326 100.684 71.1366 13.4097 1266.7794 761.8463 761.8463 763.2358 116.4456 281.1724 184.569 111.2821 325.0544 1174.2543 331.4475 167.8163 269.6893 115.2581 370.3766 201.5516 268.2397 1186.4861;
	3.5678 48.2086 91.973 115.6058 14.4495 32.4003 0.297 17.4272 0.0073 27.7622 51.318 76.5564 115.2552 14.7485 197.3817 74.3624 92.2645 97.7728 84.2983 72.3855 0.099 75.6007 68.7741 84.7562 98.6556 69.8297 13.1409 1205.6094 694.1767 694.1767 765.0512 115.8263 280.9943 186.3206 46.2385 296.1821 1063.9658 299.6544 28.8303 264.2559 114.2592 359.4272 188.0694 267.2549 1075.0488;
	3.7001 49.9965 93.4103 115.7045 14.9849 33.0942 4.2166 18.1119 0.0852 24.7399 45.7313 68.2221 102.708 14.7638 191.63 72.1955 89.5759 94.9237 85.9292 73.0244 1.4055 77.2199 43.3356 87.8974 100.7728 71.3227 13.0303 1027.7617 613.4108 613.4108 651.3973 117.7816 286.4307 187.965 46.2865 261.7219 858.8733 278.3068 0.0869 269.9271 118.3387 367.1254 164.9647 274.2342 867.8198;
	3.5116 47.4496 92.5411 112.0592 14.9425 29.0173 4.5213 17.523 0.0 27.9019 51.5762 76.9416 115.8352 0.0 197.2031 74.2951 92.181 97.6843 79.8656 71.7937 1.5071 67.7071 67.8912 88.0763 98.8692 70.09 13.1745 770.5879 663.5231 663.5231 576.9663 117.6685 266.2186 184.7972 0.0 283.1032 746.8004 223.5242 0.0 264.8281 109.9775 321.899 150.4818 271.7153 754.5795;
	3.1969 43.1966 94.7242 116.2452 14.4533 21.4152 3.122 18.1201 0.0 27.5501 50.926 75.9716 114.3748 0.0 199.4369 75.1367 93.2251 98.7908 42.0888 72.9034 1.0407 49.9687 71.1594 89.1911 102.0159 73.9631 13.5101 584.5105 724.4436 724.4436 568.8953 116.8014 140.296 187.6536 0.0 309.0959 822.8705 232.4381 0.083 273.2569 119.4682 237.5655 139.7618 276.4658 831.442;
	3.6926 49.8953 94.7179 116.1714 14.7631 23.8305 4.2759 17.6951 25.0811 25.2604 46.6935 69.6575 104.869 46.0242 196.948 74.199 92.0617 97.5579 59.7042 71.797 1.4253 55.6044 72.397 88.1589 100.9625 71.498 13.5701 651.459 694.4258 694.4258 556.9319 110.4775 199.014 184.8058 144.2922 296.2883 628.8658 244.4288 11.9076 270.4354 119.2881 264.3592 152.1187 276.7855 635.4165;
	3.6882 49.8356 93.8819 113.7402 14.4003 21.7123 4.5246 17.6531 16.4894 23.0536 42.6142 63.572 95.7073 32.775 199.424 75.1318 93.2191 98.7844 59.0267 72.8738 1.5082 50.662 68.8139 87.5172 97.5153 70.6785 13.5363 534.256 679.3553 679.3553 513.1811 95.4454 196.7555 187.5774 102.754 289.8583 704.8128 259.2494 3.1776 261.2016 118.4309 240.8615 166.8985 274.1316 712.1546;
	3.7958 51.289 93.814 115.2788 14.8539 20.6429 4.8813 18.1119 0.0 25.3769 46.9088 69.9787 105.3525 28.1604 192.1829 72.4038 89.8343 95.1976 68.7348 71.6541 1.6271 48.1668 71.4781 88.6345 100.9663 71.823 13.802 406.7375 672.281 672.281 469.6896 81.8307 229.1161 184.4377 88.2866 286.8399 626.7416 248.4708 54.0525 270.4455 118.0822 228.9987 177.4129 262.6975 633.2701;
	3.4497 46.6129 94.1643 117.7305 14.6076 10.3106 3.317 18.4569 1.1268 27.7178 51.236 76.4341 115.0711 22.1961 187.5823 70.6705 87.6838 92.9187 62.3052 70.583 1.1057 24.058 70.7719 89.8236 103.4129 71.8445 13.9902 429.4308 555.5622 555.5622 429.2269 84.4574 207.6841 181.6808 69.5878 237.0399 506.1508 223.7692 17.7604 276.9989 119.3152 114.3784 155.449 266.4754 511.4232;
	3.3709 45.5476 93.1161 114.9773 14.4946 17.8211 2.9398 18.6736 1.2299 27.4889 50.8128 75.8027 114.1206 30.3343 183.6736 69.198 85.8567 90.9825 65.0881 69.5388 0.9799 41.5825 68.9749 88.3415 102.8821 75.0607 13.7503 960.7048 469.1316 469.1316 309.5509 83.8999 216.9605 178.9931 95.102 200.1628 849.7109 233.1444 104.1744 275.5771 116.8664 197.6949 127.2373 259.9027 858.5621;
	3.3316 45.0175 94.6013 116.5662 15.0781 23.0495 5.6492 18.5182 6.2862 28.5499 52.7741 78.7286 118.5255 56.7802 187.2347 70.5396 87.5213 92.7465 79.1523 69.4596 1.8831 53.7821 70.2911 89.1096 102.9737 74.6966 13.93 1227.4201 561.1582 561.1582 232.3142 64.6607 263.841 178.7892 178.0137 239.4275 1063.1067 212.5109 131.1238 275.8223 118.0308 255.6954 173.2503 282.9893 1074.1807;
