function windprofile = ex_wind_profilesh1
%EX_WIND_PROFILE_D  Example wind_load_nyiso profile data for deterministic unit commitment.
% 2022.03.12
% Andres F. Ramirez


%% define constants
[GEN_BUS, PG, QG, QMAX, QMIN, VG, MBASE, GEN_STATUS, PMAX, PMIN, ...
    MU_PMAX, MU_PMIN, MU_QMAX, MU_QMIN, PC1, PC2, QC1MIN, QC1MAX, ...
    QC2MIN, QC2MAX, RAMP_AGC, RAMP_10, RAMP_30, RAMP_Q, APF] = idx_gen;
[CT_LABEL, CT_PROB, CT_TABLE, CT_TBUS, CT_TGEN, CT_TBRCH, CT_TAREABUS, ...
    CT_TAREAGEN, CT_TAREABRCH, CT_ROW, CT_COL, CT_CHGTYPE, CT_REP, ...
    CT_REL, CT_ADD, CT_NEWVAL, CT_TLOAD, CT_TAREALOAD, CT_LOAD_ALL_PQ, ...
    CT_LOAD_FIX_PQ, CT_LOAD_DIS_PQ, CT_LOAD_ALL_P, CT_LOAD_FIX_P, ...
    CT_LOAD_DIS_P, CT_TGENCOST, CT_TAREAGENCOST, CT_MODCOST_F, ...
    CT_MODCOST_X] = idx_ct;

windprofile = struct( ...
    'type', 'mpcData', ...
    'table', CT_TGEN, ...
    'rows', [1:45], ...
    'col', PMAX, ...
    'chgtype', 1, ...
    'values', [] );
windprofile.values(:,1,:) = [
	3.7991 51.3344 92.5068 117.1337 14.9342 33.7303 30.7091 18.5406 7.9328 14.4217 26.6582 39.7688 59.8717 48.1515 198.2304 74.6822 92.6612 98.1932 86.473 67.1986 10.2364 78.7039 20.3072 86.6695 104.0723 73.9528 13.9645 1213.3493 773.2203 773.2203 724.5699 115.7935 288.2433 172.9693 150.9614 329.9073 1038.0354 265.0478 452.4852 278.7652 121.7216 374.181 198.0907 282.115 1048.8483;
	3.7591 50.7933 93.2168 116.3672 14.8874 33.6809 31.467 18.7817 11.7325 11.4962 21.2505 31.7016 47.7266 58.5677 187.7719 70.742 87.7725 93.0126 83.2373 68.8475 10.489 78.5887 8.1155 88.1084 105.0022 74.8824 13.9734 1238.0157 781.4138 781.4138 715.772 111.236 277.4577 177.2137 183.6176 333.4032 1167.9558 246.13 455.3078 281.2558 121.9275 373.633 202.9715 283.9309 1180.122;
	3.6951 49.9284 89.7581 110.082 14.7533 33.8502 30.0737 18.318 21.9463 7.5503 13.9566 20.8205 31.3451 55.6282 153.3836 57.7864 71.6979 75.9784 77.9686 69.2305 10.0246 78.9837 0.7698 87.6371 103.6655 74.552 13.2458 1236.2182 775.1088 775.1088 732.313 114.2092 259.8952 178.1995 174.4019 330.7131 1154.2398 286.4521 440.72 277.6756 118.6719 375.511 205.4745 273.0289 1166.2632;
	3.539 47.8196 90.9852 112.8584 14.6097 33.5952 29.9955 18.6588 26.8073 27.6688 51.1454 76.2989 114.8676 63.3523 178.8371 67.3758 83.596 88.5868 76.1461 62.4802 9.9985 78.3889 1.4815 88.787 104.8347 75.2843 13.4091 1222.6658 769.791 769.791 726.3409 112.5065 253.8205 160.8242 198.6182 328.4442 1109.014 302.0011 439.976 280.8072 121.2595 372.6833 171.4428 271.5217 1120.5663;
	2.4406 32.9782 89.4763 112.2946 14.0489 27.9605 27.7433 18.5759 26.1977 28.2925 52.2982 78.0187 117.4567 59.9428 187.4072 70.6046 87.602 92.832 80.6665 62.7446 9.2478 65.2412 68.6616 88.1275 103.7449 72.74 13.3775 1247.995 745.8526 745.8526 645.7744 112.6526 268.8882 161.5048 187.9289 318.2304 1061.0745 309.6255 435.5224 277.8882 121.0816 310.1753 157.7514 264.8455 1072.1274;
	3.5921 48.5376 90.6017 111.052 14.45 32.383 17.0782 18.389 25.5685 28.9696 53.5499 79.8859 120.2678 52.797 199.0876 75.0051 93.0619 98.6178 57.4953 70.5222 5.6927 75.5604 71.6014 87.1262 104.4077 71.2224 13.5102 1171.3466 796.2737 796.2737 717.3412 113.802 191.6512 181.5244 165.5256 339.7435 1117.7651 319.8654 442.7618 279.6636 119.3361 359.2358 158.5287 274.9754 1129.4084;
	3.7651 50.8752 91.6671 112.4635 14.7177 33.0793 12.2544 18.2624 25.1774 29.3987 54.3431 81.0693 122.0493 65.2493 192.0656 72.3596 89.7795 95.1394 83.324 72.1227 4.0848 77.185 71.2729 87.452 104.8268 71.386 13.703 1221.1561 787.6311 787.6311 677.9856 103.4854 277.7466 185.6439 204.5653 336.0559 1099.1487 291.1591 384.0002 280.786 118.5556 366.9594 175.2776 281.148 1110.5982;
	3.8594 52.1487 94.879 115.8723 15.0736 34.0077 0.3165 18.3165 8.7313 29.1388 53.8627 80.3526 120.9704 43.1616 200.7934 75.6477 93.8592 99.4628 86.7094 72.4441 0.1055 79.3512 68.7252 87.0217 104.0261 71.0671 13.7127 1254.3915 802.2554 802.2554 728.9242 110.006 289.0314 186.4713 135.3174 342.2956 1166.9599 306.6549 164.5354 278.6413 118.3369 377.2584 199.5347 281.8555 1179.1158;
	3.9178 52.9381 95.2683 119.3394 15.2058 32.9584 2.2979 18.9758 9.9327 29.4104 54.3646 81.1013 122.0975 26.9014 195.9494 73.8228 91.5949 97.0633 89.4793 71.8238 0.766 76.9028 70.0563 86.7049 105.0422 72.9212 14.1137 1206.5434 701.1896 701.1896 693.2542 110.2626 298.2644 184.8747 84.3396 299.1742 1032.9389 292.2856 4.3156 281.3629 121.1429 365.6181 193.1334 283.0776 1043.6986;
	3.8329 51.7903 92.0867 116.6927 14.821 29.6153 1.0499 18.3816 3.1108 26.7644 49.4736 73.8049 111.1129 18.8959 194.9652 73.452 91.1349 96.5758 90.7691 72.8502 0.35 69.1025 50.754 86.3696 101.8888 71.982 13.5395 1083.7162 626.8223 626.8223 588.4465 106.9497 302.5638 187.5166 59.241 267.4442 852.2116 270.0266 0.1985 272.9163 120.4273 328.5329 150.1213 281.1631 861.0888;
	3.5973 48.6078 92.636 112.7568 14.8493 25.2571 0.5262 18.4203 3.4836 29.8457 55.1693 82.3017 123.9047 0.0 195.9396 73.8191 91.5904 97.0584 81.9524 71.615 0.1754 58.9333 72.6396 88.7157 102.945 72.4622 13.8248 871.9146 648.4617 648.4617 507.9668 100.8544 273.1748 184.3371 0.0 276.677 735.1387 211.5263 0.0 275.7455 117.766 280.1858 138.2699 276.3387 742.7964;
	3.5601 48.1042 94.4788 118.7393 15.2203 19.5764 1.0213 19.0225 8.5052 29.238 54.046 80.626 121.3819 0.0 199.2789 75.0772 93.1513 98.7126 39.1287 71.8581 0.3404 45.6782 74.0999 89.8811 106.1512 75.487 14.084 675.1451 700.5612 700.5612 500.9371 105.5853 130.4289 184.963 0.0 298.9061 842.1269 209.8493 0.6277 284.3336 121.6912 217.1673 135.9764 283.7255 850.8991;
	3.871 52.3054 95.0048 117.2977 15.3411 21.6135 0.2613 18.7446 24.9293 26.8271 49.5894 73.9777 111.373 39.1237 195.8173 73.773 91.5332 96.9979 56.0316 72.2674 0.0871 50.4315 74.1884 88.3335 104.6979 71.46 13.936 652.1309 663.705 663.705 476.7264 97.9664 186.772 186.0165 122.658 283.1808 593.8369 229.2245 0.0 280.4409 119.3643 239.7658 149.3678 282.4186 600.0227;
	3.7564 50.7578 93.2326 114.4305 15.3311 20.5555 2.7175 19.0802 18.5449 25.8175 47.7232 71.1937 107.1817 15.6398 203.5893 76.7011 95.1661 100.8477 57.6477 73.2559 0.9058 47.9629 74.6604 88.6785 104.2196 72.733 14.1141 509.0053 609.943 609.943 458.3513 81.6932 192.1589 188.561 49.033 260.2423 606.5067 232.5359 1.311 279.1596 119.4289 228.0294 157.6532 281.6094 612.8245;
	3.7737 50.9907 89.9845 111.9927 14.9825 17.9584 0.0306 18.7297 0.0 25.9067 47.8881 71.4396 107.552 22.4606 200.1809 75.417 93.5729 99.1594 68.1216 72.4795 0.0102 41.903 71.3873 87.4065 101.8684 73.2883 13.5861 384.2702 574.5704 574.5704 429.5322 70.2031 227.0721 186.5624 70.4172 245.15 534.4893 237.0149 0.0 272.8618 116.5908 199.2186 158.965 252.7124 540.0569;
	3.4756 46.9632 88.8403 112.2238 15.0391 9.7985 0.1721 18.5847 3.9946 28.6041 52.8742 78.8779 118.7503 20.6282 189.1535 71.2625 88.4183 93.697 61.0165 71.2637 0.0574 22.8633 71.6186 86.5837 101.3566 72.1586 13.7422 439.6693 479.1553 479.1553 396.6682 71.7278 203.3883 183.433 64.6721 204.4396 443.9219 215.6211 19.1175 271.491 118.9748 108.6985 144.2133 249.3958 448.5461;
	3.3591 45.3887 89.2224 113.7699 15.1116 17.7256 0.0 18.8443 2.1772 29.3419 54.2381 80.9126 121.8134 30.3662 184.679 69.5768 86.3267 91.4805 60.4576 70.2675 0.0 41.3597 72.24 86.4769 102.5749 72.0262 13.849 1005.8965 407.1496 407.1496 264.5377 71.419 201.5253 180.8687 95.2022 173.7172 743.2461 219.5889 81.5375 274.7542 117.7325 196.6358 122.7655 246.7862 750.9883;
	3.215 43.4411 90.5036 116.2051 15.0033 22.0688 0.0 19.1118 3.5495 29.9637 55.3874 82.6271 124.3946 52.3787 189.0412 71.2202 88.3658 93.6413 70.7898 70.619 0.0 51.4938 72.627 87.4219 104.292 72.525 14.0196 1266.3972 555.8969 555.8969 225.7992 62.4534 235.9658 181.7734 164.2144 237.1827 978.1369 209.9017 122.3811 279.3536 121.3332 244.8164 169.3467 277.5521 988.3258;
