function solarprofile = ex_solar_profilesh1
%EX_WIND_PROFILE_D  Example wind_load_nyiso profile data for deterministic unit commitment.
% 2022.03.12
% Andres F. Ramirez


%% define constants
[GEN_BUS, PG, QG, QMAX, QMIN, VG, MBASE, GEN_STATUS, PMAX, PMIN, ...
    MU_PMAX, MU_PMIN, MU_QMAX, MU_QMIN, PC1, PC2, QC1MIN, QC1MAX, ...
    QC2MIN, QC2MAX, RAMP_AGC, RAMP_10, RAMP_30, RAMP_Q, APF] = idx_gen;
[CT_LABEL, CT_PROB, CT_TABLE, CT_TBUS, CT_TGEN, CT_TBRCH, CT_TAREABUS, ...
    CT_TAREAGEN, CT_TAREABRCH, CT_ROW, CT_COL, CT_CHGTYPE, CT_REP, ...
    CT_REL, CT_ADD, CT_NEWVAL, CT_TLOAD, CT_TAREALOAD, CT_LOAD_ALL_PQ, ...
    CT_LOAD_FIX_PQ, CT_LOAD_DIS_PQ, CT_LOAD_ALL_P, CT_LOAD_FIX_P, ...
    CT_LOAD_DIS_P, CT_TGENCOST, CT_TAREAGENCOST, CT_MODCOST_F, ...
    CT_MODCOST_X] = idx_ct;

solarprofile = struct( ...
    'type', 'mpcData', ...
    'table', CT_TGEN, ...
    'rows', [1:12], ...
    'col', PMAX, ...
    'chgtype', 1, ...
    'values', [] );
solarprofile.values(:,1,:) = [
	0.0 0.0 0.0 0.0 0.0 0.0 0.0 0.0 0.0 0.0 0.0 0.0;
	0.0 0.0 0.0 0.0 0.0 0.0 0.0 0.0 0.0 0.0 0.0 0.0;
	0.0 0.0 0.0 0.0 0.0 0.0 0.0 0.0 0.0 0.0 0.0 0.0;
	0.0 0.0 0.0 0.0 0.0 0.0 0.0 0.0 0.0 0.0 0.0 0.0;
	0.0 0.0 0.0 0.0 0.0 0.0 0.0 0.0 0.0 0.0 0.0 0.0;
	0.527 0.4694 0.3782 0.0 0.0 2.437 0.3046 0.1431 3.0777 0.0 0.0 0.0;
	4.6013 4.1694 7.3234 6.8566 5.4903 86.6132 10.8267 20.7097 79.0086 46.7214 11.4686 84.6128;
	7.8056 9.607 8.3401 6.6847 6.1881 48.4997 6.0625 12.6104 90.2028 113.8641 22.4202 206.2085;
	9.4935 13.6101 8.946 6.0165 6.8181 52.2041 6.5255 10.4255 89.0321 161.6622 28.0888 292.7712;
	10.2823 11.7552 9.9298 10.5004 12.9396 112.1383 14.0173 11.1533 71.1595 109.7292 25.3948 198.7203;
	15.9641 14.0197 11.7033 11.1451 12.23 114.8174 14.3522 12.2395 117.399 139.0099 53.778 251.7477;
	17.6102 15.7134 12.9157 11.2361 11.5957 81.6069 10.2009 11.6905 147.1181 195.7801 85.9504 354.5589;
	13.2624 15.1075 11.8725 11.1925 8.5047 134.9681 16.871 15.7716 218.559 173.1645 74.2162 313.6019;
	8.7107 10.8142 8.4921 10.6514 8.7132 150.7382 18.8423 12.971 203.1352 112.1831 68.3571 203.1642;
	4.0115 5.6592 4.9663 8.6864 8.6365 143.8754 17.9844 9.8933 175.0862 43.567 29.3133 78.9001;
	1.4337 1.2122 1.2373 4.9869 5.3662 170.1313 21.2664 4.6452 141.9592 0.0 0.1701 0.0;
	0.5557 0.5531 0.3814 1.291 1.4683 54.3986 6.7998 3.6686 54.4952 0.0 3.2859 0.0;
	0.0 0.0 0.0 0.0 0.0 0.0 0.0 0.0 0.0 0.0 0.0 0.0;
	0.0 0.0 0.0 0.0 0.0 0.0 0.0 0.0 0.0 0.0 0.0 0.0;
	0.0 0.0 0.0 0.0 0.0 0.0 0.0 0.0 0.0 0.0 0.0 0.0;
	0.0 0.0 0.0 0.0 0.0 0.0 0.0 0.0 0.0 0.0 0.0 0.0;
	0.0 0.0 0.0 0.0 0.0 0.0 0.0 0.0 0.0 0.0 0.0 0.0;
	0.0 0.0 0.0 0.0 0.0 0.0 0.0 0.0 0.0 0.0 0.0 0.0;
	0.0 0.0 0.0 0.0 0.0 0.0 0.0 0.0 0.0 0.0 0.0 0.0;
];
