function windprofile = ex_wind_profilesh1
%EX_WIND_PROFILE_D  Example wind_load_nyiso profile data for deterministic unit commitment.
% 2022.03.12
% Andres F. Ramirez


%% define constants
[GEN_BUS, PG, QG, QMAX, QMIN, VG, MBASE, GEN_STATUS, PMAX, PMIN, ...
    MU_PMAX, MU_PMIN, MU_QMAX, MU_QMIN, PC1, PC2, QC1MIN, QC1MAX, ...
    QC2MIN, QC2MAX, RAMP_AGC, RAMP_10, RAMP_30, RAMP_Q, APF] = idx_gen;
[CT_LABEL, CT_PROB, CT_TABLE, CT_TBUS, CT_TGEN, CT_TBRCH, CT_TAREABUS, ...
    CT_TAREAGEN, CT_TAREABRCH, CT_ROW, CT_COL, CT_CHGTYPE, CT_REP, ...
    CT_REL, CT_ADD, CT_NEWVAL, CT_TLOAD, CT_TAREALOAD, CT_LOAD_ALL_PQ, ...
    CT_LOAD_FIX_PQ, CT_LOAD_DIS_PQ, CT_LOAD_ALL_P, CT_LOAD_FIX_P, ...
    CT_LOAD_DIS_P, CT_TGENCOST, CT_TAREAGENCOST, CT_MODCOST_F, ...
    CT_MODCOST_X] = idx_ct;

windprofile = struct( ...
    'type', 'mpcData', ...
    'table', CT_TGEN, ...
    'rows', [1:45], ...
    'col', PMAX, ...
    'chgtype', 1, ...
    'values', [] );
windprofile.values(:,1,:) = [
	3.9424 53.2708 91.0008 116.4938 14.6314 32.3614 30.0455 17.4693 0.6041 14.1117 26.0852 38.914 58.5848 53.0645 201.2756 75.8294 94.0846 99.7016 88.3456 69.6818 10.0152 75.51 12.8687 85.689 102.4398 73.9042 13.556 1182.0114 728.5094 728.5094 672.4432 112.0919 294.4853 179.3612 166.3645 310.8307 1007.7632 245.1952 446.3758 274.3924 121.5129 358.9963 199.3539 275.6376 1018.2608;
	3.9262 53.0517 91.2876 114.8492 14.5418 33.0431 29.4394 15.4045 9.1087 14.1688 26.1908 39.0715 58.8219 60.5977 200.7305 75.624 93.8298 99.4316 86.6353 72.346 9.8131 77.1006 27.8818 85.2476 99.8097 70.5848 12.5215 1223.6764 734.1505 734.1505 701.0167 112.9787 288.7843 186.2189 189.9821 313.2376 1112.4351 247.0651 449.5543 267.3474 120.5504 366.5582 207.5209 276.6495 1124.023;
	3.8657 52.2347 89.8939 112.8524 15.0633 33.3644 32.2187 17.3989 23.5453 14.5975 26.9832 40.2537 60.6017 58.1102 190.9541 71.9408 89.2599 94.5889 89.9108 71.7172 10.7396 77.8502 26.9941 85.9427 102.8304 71.8693 13.0069 1195.3923 729.8128 729.8128 720.5124 114.2005 299.7027 184.6004 182.1834 311.3868 1130.0599 276.143 456.2873 275.4385 122.6288 370.1221 211.7645 261.6693 1141.8314;
	3.74 50.5354 87.0597 111.741 14.5257 32.5065 30.9523 16.9794 27.8622 28.4373 52.5658 78.4179 118.0577 64.1386 202.599 76.328 94.7033 100.3572 90.9464 68.8747 10.3174 75.8485 24.3444 82.1021 98.6915 70.3681 12.8522 1206.7593 758.0469 758.0469 768.5265 118.6089 303.1546 177.2838 201.0833 323.4333 1124.9292 300.3924 466.4406 264.3522 120.0019 360.6053 182.0418 252.1255 1136.6472;
	3.2906 44.4638 87.8932 111.8452 14.3868 29.6445 30.1815 17.7674 27.724 28.7633 53.1685 79.317 119.4112 61.1204 200.9093 75.6914 93.9134 99.5202 88.0751 69.3574 10.0605 69.1704 71.6389 84.9753 100.9045 70.8689 13.2525 1294.972 770.2073 770.2073 757.3558 114.5814 293.5838 178.5262 191.6207 328.6218 1128.9692 307.5739 466.3901 270.2799 122.0899 328.856 178.6043 266.4585 1140.7293;
	3.688 49.8324 86.924 109.9413 14.2137 31.7871 17.1556 17.3973 26.0228 27.2186 50.3133 75.0575 112.9986 48.8295 201.4851 75.9084 94.1826 99.8054 57.6668 71.0805 5.7185 74.1699 69.8523 84.2053 97.7082 69.797 13.2217 1245.7417 765.8991 765.8991 726.6671 113.7319 192.2225 182.9614 153.087 326.7836 1116.4968 283.5794 444.8452 261.7185 120.0091 352.6251 153.6231 259.0514 1128.127;
	3.6824 49.757 88.903 111.465 14.2596 32.2307 12.7986 17.4439 26.1309 27.2139 50.3045 75.0444 112.9789 63.4289 199.1412 75.0253 93.0869 98.6443 87.9758 73.0041 4.2662 75.205 68.21 86.8926 100.5826 69.8726 13.4452 1263.5471 772.8164 772.8164 727.3828 112.0731 293.2528 187.9126 198.8583 329.735 1146.6239 283.1915 414.3895 269.4178 121.1937 357.5463 154.1041 261.4894 1158.5679;
	3.7974 51.3109 92.4741 114.573 14.6399 33.9053 0.7188 18.0155 17.3021 28.8667 53.3597 79.6022 119.8406 37.0721 201.7002 75.9894 94.2831 99.912 85.3785 71.352 0.2396 79.1125 70.2777 87.2126 103.3695 72.313 13.5905 1253.9014 780.702 780.702 736.434 112.6789 284.5951 183.6602 116.226 333.0995 1173.3485 302.9137 180.5326 276.8827 121.7072 376.1233 200.2528 269.09 1185.5708;
	3.858 52.1296 92.741 115.0149 14.2014 32.8515 11.0067 17.8573 18.7919 28.8396 53.3096 79.5275 119.7282 22.9861 200.7649 75.637 93.8459 99.4487 90.437 72.8234 3.6689 76.6535 69.4862 86.1686 104.3609 70.5598 13.2934 1220.9326 680.8971 680.8971 725.6295 111.8826 301.4567 187.4475 72.0645 290.5161 1041.0762 293.0413 10.7929 279.538 121.1506 364.4325 186.1881 270.2208 1051.9208;
	3.8796 52.4216 90.8896 116.973 14.6719 32.4739 11.5113 18.3245 11.1689 24.0094 44.381 66.2077 99.6754 22.2425 191.9263 72.3071 89.7144 95.0705 86.6307 72.3631 3.8371 75.7725 42.191 86.6209 103.5769 72.6784 13.3205 1006.9882 585.6315 585.6315 591.3552 113.9265 288.769 186.2627 69.7332 249.8694 832.999 264.1056 28.8462 277.4382 121.5298 360.2443 162.865 271.4963 841.6761;
	3.6744 49.6497 92.325 118.8301 14.9729 27.3942 6.2674 18.8767 5.4168 28.0275 51.8084 77.288 116.3566 11.3572 200.9784 75.7174 93.9457 99.5544 83.4 73.5579 2.0891 63.9199 72.1533 88.8358 105.8337 73.5351 13.9298 809.5165 657.4626 657.4626 548.2396 111.7984 278.0001 189.3382 35.6065 280.5174 737.8961 212.4722 50.1874 283.4831 120.5709 303.8935 145.5773 267.8103 745.5826;
	3.516 47.5091 92.6197 119.0418 14.6431 20.23 8.0802 18.8485 7.3339 26.3958 48.7922 72.7884 109.5826 4.7984 198.5998 74.8213 92.8339 98.3762 38.0958 71.8496 2.6934 47.2033 71.1514 88.9415 105.5181 73.7564 13.8346 576.7879 704.5656 704.5656 530.1295 109.3021 126.9858 184.941 15.0437 300.6147 798.1898 210.6584 168.2092 282.6377 122.9235 224.4181 140.1402 273.3744 806.5043;
	3.7753 51.0124 93.1599 118.3798 14.6228 22.079 16.0306 18.7243 26.0488 22.8289 42.1989 62.9524 94.7746 51.3516 198.1197 74.6404 92.6094 98.1383 54.268 72.1558 5.3435 51.5177 69.766 87.1378 105.1306 74.3911 14.0698 654.9335 711.8476 711.8476 535.1635 105.7994 180.8934 185.7293 160.9941 303.7216 628.3853 224.8226 176.7641 281.5998 122.7409 244.9298 151.9929 269.8242 634.931;
	3.5311 47.7135 87.8187 114.427 14.0199 20.4039 8.0762 17.921 18.3539 21.9261 40.5301 60.463 91.0267 37.3908 196.8633 74.1671 92.0222 97.516 50.9634 71.5061 2.6921 47.6091 69.4885 84.6181 102.0596 71.9942 13.5694 511.1684 686.6091 686.6091 472.3164 88.107 169.8782 184.0569 117.2251 292.9532 682.5691 233.6236 141.668 273.3739 118.1841 226.3472 150.1796 266.1323 689.6792;
	3.5876 48.4763 89.1995 117.5424 14.5538 19.7375 3.7148 18.1292 1.5353 23.7879 43.9716 65.5969 98.7558 31.4653 190.8939 71.9182 89.2318 94.5591 59.2284 70.2318 1.2383 46.0541 68.0046 86.5479 102.0649 72.7562 13.7778 372.2766 647.2842 647.2842 426.0806 77.6993 197.4281 180.7769 98.6479 276.1746 570.9188 232.4346 121.1497 273.388 115.5045 218.9544 158.9355 253.4555 576.8659;
	2.7881 37.6739 88.0821 118.7141 14.3081 10.841 6.0364 17.9621 7.0823 26.5023 48.9892 73.0822 110.0249 26.6256 182.8135 68.8739 85.4547 90.5565 60.8805 70.8127 2.0121 25.2956 69.1967 86.925 98.9824 72.7168 13.6706 421.8719 556.4589 556.4589 420.3349 73.046 202.9349 182.2721 83.475 237.4225 487.4009 213.4592 153.8694 265.1315 117.9385 120.2626 148.0019 241.6818 492.478;
	2.7897 37.6955 88.1795 118.6566 14.1288 17.7088 1.3106 17.7801 0.0 25.6882 47.4842 70.8371 106.6449 31.3096 190.3357 71.7079 88.9709 94.2826 61.1514 71.2608 0.4369 41.3205 68.2003 87.8079 100.2712 72.6831 13.1069 988.1855 482.4291 482.4291 312.8233 79.5539 203.838 183.4256 98.1598 205.8364 832.4497 219.6314 100.6608 268.5835 116.7844 196.4493 119.3734 233.8256 841.1211;
	2.9433 39.7711 87.3744 114.9573 14.3336 20.6885 0.0217 17.6372 0.0044 28.1568 52.0474 77.6445 116.8933 59.7272 193.7033 72.9766 90.545 95.9507 64.0689 71.9002 0.0072 48.2732 69.212 85.4801 97.6278 72.09 13.2184 1207.1626 595.5175 595.5175 230.8525 59.9773 213.5629 185.0713 187.2529 254.0875 1024.8263 197.2336 127.8096 261.503 118.4071 229.5047 164.3731 254.7737 1035.5016;
