function windprofile = ex_wind_profilesh1
%EX_WIND_PROFILE_D  Example wind_load_nyiso profile data for deterministic unit commitment.
% 2022.03.12
% Andres F. Ramirez


%% define constants
[GEN_BUS, PG, QG, QMAX, QMIN, VG, MBASE, GEN_STATUS, PMAX, PMIN, ...
    MU_PMAX, MU_PMIN, MU_QMAX, MU_QMIN, PC1, PC2, QC1MIN, QC1MAX, ...
    QC2MIN, QC2MAX, RAMP_AGC, RAMP_10, RAMP_30, RAMP_Q, APF] = idx_gen;
[CT_LABEL, CT_PROB, CT_TABLE, CT_TBUS, CT_TGEN, CT_TBRCH, CT_TAREABUS, ...
    CT_TAREAGEN, CT_TAREABRCH, CT_ROW, CT_COL, CT_CHGTYPE, CT_REP, ...
    CT_REL, CT_ADD, CT_NEWVAL, CT_TLOAD, CT_TAREALOAD, CT_LOAD_ALL_PQ, ...
    CT_LOAD_FIX_PQ, CT_LOAD_DIS_PQ, CT_LOAD_ALL_P, CT_LOAD_FIX_P, ...
    CT_LOAD_DIS_P, CT_TGENCOST, CT_TAREAGENCOST, CT_MODCOST_F, ...
    CT_MODCOST_X] = idx_ct;

windprofile = struct( ...
    'type', 'mpcData', ...
    'table', CT_TGEN, ...
    'rows', [1:45], ...
    'col', PMAX, ...
    'chgtype', 1, ...
    'values', [] );
windprofile.values(:,1,:) = [
	4.0134 54.2294 90.455 117.5354 15.0329 34.1613 30.9799 18.3343 11.6135 16.8725 31.1885 46.5271 70.0463 57.2811 204.919 77.202 95.7877 101.5064 87.6635 72.4263 10.3266 79.7096 27.9356 87.0366 105.3116 74.3517 13.9532 1296.3276 793.7143 793.7143 707.1757 114.4414 292.2118 186.4254 179.5839 338.6514 1140.5033 263.0576 467.9054 282.0846 119.8248 378.9622 211.9857 266.6216 1152.3836;
	3.9826 53.8135 92.8925 117.0315 14.9577 34.251 31.633 18.4615 12.5017 14.0101 25.8975 38.634 58.1633 64.4989 199.2373 75.0615 93.1318 98.692 87.3665 72.8033 10.5443 79.9191 31.5163 85.9179 104.3889 74.0705 13.8228 1311.2823 803.0673 803.0673 759.2605 119.1454 291.2218 187.3959 202.2128 342.642 1268.0887 267.4711 465.6037 279.613 120.3017 379.9583 213.0174 268.4746 1281.2979;
	3.9283 53.0804 91.7683 116.2601 15.0466 34.4443 32.6774 18.3592 23.9586 15.0786 27.8726 41.5804 62.5991 62.3282 190.9311 71.9322 89.2492 94.5775 86.4249 73.1028 10.8925 80.37 25.4813 84.7685 102.8428 74.1605 13.6594 1309.1164 836.8618 836.8618 792.0787 116.3341 288.0829 188.1669 195.4074 357.0611 1270.4976 300.9783 467.2148 275.4718 119.3081 382.1022 217.5149 257.5405 1283.732;
	3.9062 52.7809 89.3167 114.046 14.8542 34.0573 31.1922 17.8693 27.9805 28.8543 53.3368 79.568 119.7891 65.6902 203.8947 76.8161 95.3089 100.999 86.3651 72.8083 10.3974 79.4669 24.3289 83.5383 103.2978 73.3152 13.2716 1309.5547 821.7336 821.7336 791.903 120.4265 287.8838 187.4088 205.9476 350.6063 1239.1969 328.5297 461.6002 276.6907 120.3338 377.8086 192.4512 254.6493 1252.1052;
	3.2812 44.3366 86.2863 110.5273 14.5864 29.2726 30.8694 17.5977 27.1554 29.2081 53.9908 80.5436 121.258 66.169 201.6668 75.9768 94.2675 99.8954 84.4045 72.9686 10.2898 68.3027 69.3284 84.6024 101.5617 70.0266 13.0817 1310.8083 828.2159 828.2159 816.1324 120.1866 281.3485 187.8212 207.4488 353.3721 1198.3836 346.0635 469.8093 272.0403 119.2216 324.7306 185.7362 254.6605 1210.8667;
	3.6849 49.7906 86.7393 111.3203 13.979 30.6028 18.2127 17.8882 25.2302 28.5449 52.7648 78.7147 118.5045 54.8191 201.4107 75.8803 94.1478 99.7686 57.4435 72.2927 6.0709 71.4065 64.9613 84.4893 101.6711 70.8695 13.4285 1290.0467 829.9114 829.9114 794.0963 122.1114 191.4784 186.0817 171.8652 354.0955 1269.7651 337.0306 457.5047 272.3334 117.2873 339.487 162.2502 259.0127 1282.9918;
	3.7733 50.9853 90.1732 116.7503 14.2731 32.5758 13.8165 18.2759 25.8468 28.599 52.8648 78.8639 118.7292 67.4757 196.7113 74.1098 91.9511 97.4407 86.2296 72.1267 4.6055 76.0101 68.6884 87.4587 103.8892 72.4082 13.7011 1318.0172 833.0899 833.0899 791.9992 121.3464 287.4319 185.6542 211.5454 355.4517 1249.5286 336.7797 432.0025 278.2746 121.45 361.3738 189.5206 272.827 1262.5446;
	3.7963 51.2959 92.428 117.5556 14.2876 31.9861 4.9468 17.9029 1.852 27.8208 51.4264 76.718 115.4986 46.4023 197.6879 74.4778 92.4076 97.9245 86.34 70.7718 1.6489 74.6343 68.9718 86.2671 103.0396 72.443 13.5902 1323.7791 795.7125 795.7125 775.6201 121.7496 287.8 182.1667 145.4776 339.504 1241.3049 334.1012 173.8037 275.999 121.3405 354.8327 204.3451 273.8184 1254.2352;
	3.7995 51.3394 92.7023 118.4465 14.732 30.3216 8.8157 17.5915 3.0723 28.5891 52.8465 78.8366 118.6881 26.3786 195.9457 73.8214 91.5932 97.0615 87.3911 71.099 2.9386 70.7505 69.282 84.8047 101.6698 71.7812 13.665 1239.5611 698.9593 698.9593 751.1233 121.4494 291.3036 183.0091 82.7006 298.2226 1083.2932 301.0331 68.4557 272.3298 122.4427 336.3681 189.009 270.9136 1094.5775;
	3.7747 51.0048 89.9801 118.6026 14.9154 29.1574 14.9823 18.337 4.3222 24.7352 45.7227 68.2093 102.6887 21.9601 189.3085 71.3209 88.4907 93.7737 86.0823 71.0849 4.9941 68.0339 40.8548 87.4993 103.3719 74.2988 13.7993 986.0236 599.5498 599.5498 594.9624 116.7918 286.941 182.9727 68.848 255.8079 807.4382 259.7586 149.6529 276.8889 122.0987 323.4527 158.489 275.3404 815.849;
	3.61 48.7792 89.8673 116.5444 14.5734 24.9692 4.9817 18.251 3.8352 28.5355 52.7474 78.6887 118.4654 8.2141 197.9415 74.5733 92.5262 98.0501 81.6507 71.3473 1.6606 58.2615 70.5145 88.1614 104.2526 73.2778 13.8912 783.8736 650.2742 650.2742 532.2386 115.7363 272.1691 183.6481 25.7522 277.4503 738.7705 211.6342 64.6009 279.2481 120.1487 276.9917 143.2764 260.4759 746.466;
	3.438 46.455 90.7112 117.0508 14.4758 17.7321 2.1537 18.3284 7.352 28.1166 51.9731 77.5336 116.7264 9.2288 201.8084 76.0302 94.3337 99.9656 38.3926 71.3169 0.7179 41.3749 71.156 87.8011 103.9266 73.4995 13.8467 602.5786 732.0678 732.0678 520.2155 112.8757 127.9753 183.5698 28.9335 312.3489 825.242 219.293 72.9995 278.3748 122.9894 196.7082 137.6283 264.266 833.8382;
	3.798 51.3198 92.708 115.1073 14.8673 19.8326 4.7836 17.9529 25.9018 25.1712 46.5286 69.4116 104.4988 52.5161 201.8795 76.0569 94.3669 100.0008 60.4444 72.7189 1.5945 46.276 71.7508 88.0203 104.5519 70.5547 13.766 632.9571 744.4683 744.4683 514.0349 108.3628 201.4814 187.1786 164.645 317.6398 643.6257 233.0693 134.0529 280.0497 119.1212 220.0093 145.5977 268.57 650.3301;
	3.7026 50.0296 88.8677 112.4497 15.2192 20.2527 4.238 17.6957 19.0632 22.9032 42.3363 63.1574 95.0831 39.2435 204.5305 77.0557 95.6061 101.3139 59.6697 73.2653 1.4127 47.2563 70.402 85.8658 100.9347 69.8321 13.4154 555.2844 710.0345 710.0345 487.9374 92.5429 198.8991 188.5851 123.0335 302.9481 700.0745 231.4158 131.3048 270.3609 118.3589 224.6698 159.6083 263.4692 707.3669;
	3.7495 50.6634 87.2495 111.3019 14.8869 18.5567 0.0862 17.6429 0.0062 23.4948 43.4298 64.7887 97.5391 31.5071 191.1268 72.0059 89.3406 94.6744 68.8122 70.7312 0.0287 43.299 69.0399 85.3912 100.6306 70.4273 13.6557 418.2612 680.18 680.18 436.7894 88.7959 229.3739 182.0623 98.7791 290.2101 616.0405 228.0239 0.0 269.5462 110.3646 205.8557 160.7048 242.73 622.4575;
	3.4551 46.6865 86.3853 103.1138 14.3733 9.5578 0.2319 17.4374 0.0 26.958 49.8315 74.3387 111.9166 22.4995 185.5863 69.9186 86.7508 91.93 60.3897 72.5765 0.0773 22.3015 71.6469 85.2175 99.0276 70.1567 13.3399 434.7475 504.8527 504.8527 373.3936 89.7848 201.2991 186.8122 70.539 215.4038 477.6311 197.1142 0.0 265.2525 107.0018 106.0277 149.6236 229.6441 482.6064;
	3.3997 45.9377 88.6794 111.211 14.3402 17.3901 7.7935 17.9715 0.0 27.6814 51.1687 76.3337 114.9199 33.1117 188.6108 71.058 88.1646 93.4282 62.4348 73.2459 2.5978 40.577 71.3894 86.4163 103.0208 72.0306 13.2534 1051.2374 476.5383 476.5383 307.986 87.9788 208.116 188.535 103.8096 203.323 881.0123 225.0851 100.5953 275.9487 113.4306 192.9145 131.3191 233.3605 890.1895;
	2.8163 38.0549 88.3588 110.2953 14.0062 18.3158 1.8224 17.8779 0.0 28.7621 53.1663 79.3137 119.4064 56.5088 187.118 70.4956 87.4668 92.6887 74.7539 71.5446 0.6075 42.7368 71.987 87.5846 100.1072 71.7191 13.3003 1246.3576 566.2806 566.2806 213.49 63.2798 249.1796 184.1559 177.1627 241.6131 1037.4627 191.7693 106.176 268.1442 115.8661 203.1828 156.178 256.0791 1048.2696;
