function solarprofile = ex_solar_profilesh1
%EX_WIND_PROFILE_D  Example wind_load_nyiso profile data for deterministic unit commitment.
% 2022.03.12
% Andres F. Ramirez


%% define constants
[GEN_BUS, PG, QG, QMAX, QMIN, VG, MBASE, GEN_STATUS, PMAX, PMIN, ...
    MU_PMAX, MU_PMIN, MU_QMAX, MU_QMIN, PC1, PC2, QC1MIN, QC1MAX, ...
    QC2MIN, QC2MAX, RAMP_AGC, RAMP_10, RAMP_30, RAMP_Q, APF] = idx_gen;
[CT_LABEL, CT_PROB, CT_TABLE, CT_TBUS, CT_TGEN, CT_TBRCH, CT_TAREABUS, ...
    CT_TAREAGEN, CT_TAREABRCH, CT_ROW, CT_COL, CT_CHGTYPE, CT_REP, ...
    CT_REL, CT_ADD, CT_NEWVAL, CT_TLOAD, CT_TAREALOAD, CT_LOAD_ALL_PQ, ...
    CT_LOAD_FIX_PQ, CT_LOAD_DIS_PQ, CT_LOAD_ALL_P, CT_LOAD_FIX_P, ...
    CT_LOAD_DIS_P, CT_TGENCOST, CT_TAREAGENCOST, CT_MODCOST_F, ...
    CT_MODCOST_X] = idx_ct;

solarprofile = struct( ...
    'type', 'mpcData', ...
    'table', CT_TGEN, ...
    'rows', [1:12], ...
    'col', PMAX, ...
    'chgtype', 1, ...
    'values', [] );
solarprofile.values(:,1,:) = [
	0.0 0.0 0.0 0.0 0.0 0.0 0.0 0.0 0.0 0.0 0.0 0.0;
	0.0 0.0 0.0 0.0 0.0 0.0 0.0 0.0 0.0 0.0 0.0 0.0;
	0.0 0.0 0.0 0.0 0.0 0.0 0.0 0.0 0.0 0.0 0.0 0.0;
	0.0 0.0 0.0 0.0 0.0 0.0 0.0 0.0 0.0 0.0 0.0 0.0;
	0.0 0.0 0.0 0.0 0.0 0.0 0.0 0.0 0.0 0.0 0.0 0.0;
	0.42 0.3655 0.3223 0.0 0.0 0.1765 0.0221 0.1537 0.1263 0.0 0.0 0.0;
	0.8912 1.7037 0.457 0.3644 1.2562 18.6445 2.3306 6.5158 28.0167 53.6851 24.3794 97.2241;
	8.0685 7.0914 5.4281 1.539 2.6056 60.7848 7.5981 32.8442 66.1451 129.5743 88.4698 234.6598;
	15.7072 13.1787 11.2667 3.132 3.4266 101.2071 12.6509 50.098 97.2458 204.3478 134.344 370.0752;
	18.5333 14.9153 13.1767 8.4229 12.2378 153.5938 19.1992 32.4766 144.9095 251.7001 130.8531 455.8305;
	19.1064 16.0244 13.0796 10.6953 11.5538 148.8184 18.6023 27.2013 157.6281 275.2205 158.5415 498.426;
	18.9034 16.1463 12.8095 11.0722 11.1838 161.259 20.1574 27.5861 179.4383 277.3566 156.1696 502.2945;
	12.0993 13.0618 11.3556 10.6326 8.3244 312.7765 39.0971 48.015 277.513 149.1357 66.2967 270.0857;
	9.1462 10.8225 10.0261 9.5478 8.2794 333.4402 41.68 48.1377 278.857 93.7721 72.3415 169.8219;
	7.7155 9.4667 7.6805 6.0749 7.358 312.197 39.0246 38.9668 267.4348 47.3034 45.1672 85.6668;
	6.4634 7.0415 2.5803 2.1958 2.6344 221.0841 27.6355 17.2532 181.4282 8.5185 7.0615 15.4271;
	1.2949 1.0845 0.806 1.5607 1.4242 62.8754 7.8594 5.1118 47.022 1.505 3.5957 2.7256;
	0.0 0.0 0.0 0.0 0.0 0.0 0.0 0.0 0.0 0.0 0.0 0.0;
	0.0 0.0 0.0 0.0 0.0 0.0 0.0 0.0 0.0 0.0 0.0 0.0;
	0.0 0.0 0.0 0.0 0.0 0.0 0.0 0.0 0.0 0.0 0.0 0.0;
	0.0 0.0 0.0 0.0 0.0 0.0 0.0 0.0 0.0 0.0 0.0 0.0;
	0.0 0.0 0.0 0.0 0.0 0.0 0.0 0.0 0.0 0.0 0.0 0.0;
	0.0 0.0 0.0 0.0 0.0 0.0 0.0 0.0 0.0 0.0 0.0 0.0;
	0.0 0.0 0.0 0.0 0.0 0.0 0.0 0.0 0.0 0.0 0.0 0.0;
];
