function loadprofile = ex_load_profilesh1
%EX_LOAD_PROFILE  Example load profile data file for stochastic unit commitment.
% 2022.03.12
% Andres F. Ramirez

%% define constants
[CT_LABEL, CT_PROB, CT_TABLE, CT_TBUS, CT_TGEN, CT_TBRCH, CT_TAREABUS, ...
    CT_TAREAGEN, CT_TAREABRCH, CT_ROW, CT_COL, CT_CHGTYPE, CT_REP, ...
    CT_REL, CT_ADD, CT_NEWVAL, CT_TLOAD, CT_TAREALOAD, CT_LOAD_ALL_PQ, ...
    CT_LOAD_FIX_PQ, CT_LOAD_DIS_PQ, CT_LOAD_ALL_P, CT_LOAD_FIX_P, ...
    CT_LOAD_DIS_P, CT_TGENCOST, CT_TAREAGENCOST, CT_MODCOST_F, ...
    CT_MODCOST_X] = idx_ct;

loadprofile = struct( ...
    'type', 'mpcData', ...
    'table', CT_TAREALOAD, ...
    'rows', [1:11], ...
    'col', CT_LOAD_ALL_P, ...
    'chgtype', 1, ...
    'values', [] );
loadprofile.values(:,1,:) = [
	1460.9536 903.1016 1463.9698 489.228 691.2609 998.4601 806.9939 221.4 487.339 4444.5501 1603.1;
	1451.2 897.7721 1443.1308 478.7627 683.3399 989.4506 803.5701 213.2557 487.9223 4344.5 1603.1647;
	1505.62 924.7193 1496.9126 492.1416 691.8641 966.3104 781.3978 212.0546 472.3687 4362.181 1570.5131;
	1573.0066 982.29 1571.902 504.295 739.7572 1067.8 831.8 245.1468 495.6416 4623.2233 1681.1217;
	1719.7643 1090.6956 1766.8231 535.6 855.1886 1212.2411 922.7737 298.1 559.7086 5099.6644 1884.9935;
	1794.8 1175.9542 1907.684 585.8383 912.5351 1310.2108 969.8887 336.9 615.7 5604.7555 1989.2829;
	1848.3863 1186.4084 1910.2209 573.4653 940.6 1343.603 1027.5595 334.9349 663.5 5903.3072 2061.8779;
	1829.362 1171.0128 1864.3213 573.4924 925.9553 1319.0498 993.5221 314.2074 664.1144 5961.8455 1944.4671;
	1848.8971 1169.9 1908.7894 566.7035 952.9671 1301.9103 1037.9978 325.3528 697.2261 6166.5716 2087.9454;
	1873.5007 1159.103 1892.6426 575.5225 943.2077 1269.1214 1031.0453 308.6 696.9936 6203.0135 2167.0179;
	1848.6157 1151.787 1881.3828 564.1 901.4182 1294.4232 1038.1514 253.3583 702.2 6207.4396 2175.5702;
	1839.553 1144.4618 1843.0081 556.8 927.7331 1268.0795 1044.4205 271.4553 706.8 6208.0709 2162.4073;
	1839.1442 1121.8504 1784.9097 569.5716 880.3628 1245.5209 1061.6083 287.1 720.1226 6246.3587 2209.5;
	1803.3344 1114.6 1765.8454 565.1089 858.913 1257.0595 1067.3551 292.0173 716.1549 6128.8746 2198.9263;
	1789.0608 1102.2354 1744.4545 565.6359 866.7763 1254.9245 1068.6916 304.9106 727.6059 6137.5289 2278.8431;
	1783.3713 1112.171 1780.0709 563.7499 904.8 1298.1 1086.4 306.4 699.9931 6055.5876 2285.2457;
	1799.4625 1096.5915 1766.7879 563.8236 931.5892 1293.2607 1060.3787 321.9266 689.8368 5840.0369 2281.8522;
	1813.1 1136.818 1823.0981 563.4817 945.4881 1365.1255 1115.4161 334.7731 710.9 5804.5601 2389.7683;
	1840.1886 1147.2688 1799.1205 571.1815 903.4813 1340.6714 1075.658 327.8896 691.7304 5665.2486 2338.1143;
	1711.4355 1068.6619 1702.8816 561.6 848.6226 1277.3851 1029.4796 309.2258 665.3595 5550.7504 2244.313;
	1667.5013 1011.0323 1622.2564 538.6536 801.8996 1215.6383 974.9379 279.5933 633.9319 5297.6162 2114.6642;
	1585.1335 954.3161 1570.2528 525.15 761.5599 1159.2286 908.1052 265.8 579.2055 5018.1775 1960.727;
	1534.635 955.2307 1576.1455 518.513 780.645 1123.6491 902.7703 239.3487 544.8 4807.7654 1833.9835;
	1531.6822 928.2518 1548.2982 526.5687 748.415 1088.7138 874.3754 221.9252 521.5424 4625.9422 1765.6871;
];
