function loadprofile = ex_load_profilesh1
%EX_LOAD_PROFILE  Example load profile data file for stochastic unit commitment.
% 2022.03.12
% Andres F. Ramirez

%% define constants
[CT_LABEL, CT_PROB, CT_TABLE, CT_TBUS, CT_TGEN, CT_TBRCH, CT_TAREABUS, ...
    CT_TAREAGEN, CT_TAREABRCH, CT_ROW, CT_COL, CT_CHGTYPE, CT_REP, ...
    CT_REL, CT_ADD, CT_NEWVAL, CT_TLOAD, CT_TAREALOAD, CT_LOAD_ALL_PQ, ...
    CT_LOAD_FIX_PQ, CT_LOAD_DIS_PQ, CT_LOAD_ALL_P, CT_LOAD_FIX_P, ...
    CT_LOAD_DIS_P, CT_TGENCOST, CT_TAREAGENCOST, CT_MODCOST_F, ...
    CT_MODCOST_X] = idx_ct;

loadprofile = struct( ...
    'type', 'mpcData', ...
    'table', CT_TAREALOAD, ...
    'rows', [1:11], ...
    'col', CT_LOAD_ALL_P, ...
    'chgtype', 1, ...
    'values', [] );
loadprofile.values(:,1,:) = [
	1430.2089 910.0586 1498.6296 534.2 749.4263 1115.2915 847.4625 217.8177 468.9183 4418.8128 1688.596;
	1405.8109 892.0775 1472.8252 531.4188 719.7 1084.2908 830.6 210.7293 434.5984 4293.7 1640.5254;
	1412.6427 896.5862 1498.5459 527.0 742.6 1102.4 844.36 211.4 439.4119 4251.5354 1639.4666;
	1484.8338 967.0789 1606.4786 544.9293 813.0 1174.9969 892.7 242.2 477.4072 4585.8509 1765.6869;
	1652.8793 1090.7132 1820.3 557.3428 930.1449 1333.4178 1008.4981 304.7938 582.2322 5045.5848 1986.3;
	1764.5403 1145.9267 1930.453 550.1809 951.9461 1389.8 1067.4624 330.7953 644.1261 5571.2625 2142.3;
	1800.0126 1177.8458 1951.2567 572.4396 976.8236 1400.984 1099.8 324.9 659.0301 5890.8006 2226.4568;
	1802.3246 1184.6 1923.9437 562.8351 947.1544 1353.4328 1102.7 320.0 667.3014 6102.1519 2277.2307;
	1777.0476 1158.1 1886.046 549.2 971.9053 1351.1702 1109.3141 315.0354 671.1387 6070.9372 2253.2481;
	1750.3781 1123.2356 1840.9784 538.3487 938.3611 1277.2399 1100.9924 316.8723 654.0711 6118.2802 2286.7257;
	1762.3625 1107.7925 1864.6579 539.6156 952.7 1271.0424 1071.1782 324.4 650.6608 6173.8513 2262.0315;
	1755.5935 1095.993 1832.1896 528.9324 933.2 1302.7493 1099.2 331.5064 656.6402 6220.5987 2329.066;
	1724.3261 1092.5136 1834.0091 513.0175 946.0128 1251.5683 1079.399 354.0108 634.4251 6167.2862 2244.8961;
	1644.1778 1049.4 1839.7 501.2533 898.0198 1215.2107 1057.539 345.4059 619.7734 6145.3633 2227.0481;
	1691.3872 1074.8037 1841.5 499.2223 874.3225 1224.4133 1058.8238 368.9565 573.5984 6154.7028 2282.8704;
	1641.327 1055.2958 1734.2884 517.1052 826.2699 1229.7171 1022.9946 318.3231 527.0264 6005.3 2236.3931;
	1684.5536 1088.3582 1792.5024 540.3214 856.6901 1290.0623 1032.1866 321.8539 587.594 5882.4 2290.8196;
	1750.6993 1126.9807 1861.7154 569.3616 883.7773 1336.1136 1115.2 327.8 568.2062 5935.3674 2430.1343;
	1829.9197 1180.4841 1908.6408 562.104 917.7404 1340.3238 1102.8015 316.027 608.5799 5852.4739 2458.7907;
	1731.7717 1082.7859 1783.7324 560.9274 893.8797 1292.2241 1060.5672 300.6 548.4203 5552.5544 2282.1779;
	1685.9507 1030.9422 1699.0703 564.7327 825.1009 1218.4851 992.4242 266.7593 526.1926 5222.425 2149.4112;
	1573.0948 968.7 1608.1915 527.4 802.9694 1155.3639 944.053 240.3596 492.4275 4928.9235 2014.0036;
	1499.2938 920.3958 1563.0481 558.2 764.5 1166.7742 932.8876 232.7099 472.2323 4874.749 1973.5006;
	1538.6819 926.2095 1558.3 553.3756 724.4 1140.4815 919.4925 225.6442 474.573 4634.3364 1780.381;
];
