function solarprofile = ex_solar_profilesh1
%EX_WIND_PROFILE_D  Example wind_load_nyiso profile data for deterministic unit commitment.
% 2022.03.12
% Andres F. Ramirez


%% define constants
[GEN_BUS, PG, QG, QMAX, QMIN, VG, MBASE, GEN_STATUS, PMAX, PMIN, ...
    MU_PMAX, MU_PMIN, MU_QMAX, MU_QMIN, PC1, PC2, QC1MIN, QC1MAX, ...
    QC2MIN, QC2MAX, RAMP_AGC, RAMP_10, RAMP_30, RAMP_Q, APF] = idx_gen;
[CT_LABEL, CT_PROB, CT_TABLE, CT_TBUS, CT_TGEN, CT_TBRCH, CT_TAREABUS, ...
    CT_TAREAGEN, CT_TAREABRCH, CT_ROW, CT_COL, CT_CHGTYPE, CT_REP, ...
    CT_REL, CT_ADD, CT_NEWVAL, CT_TLOAD, CT_TAREALOAD, CT_LOAD_ALL_PQ, ...
    CT_LOAD_FIX_PQ, CT_LOAD_DIS_PQ, CT_LOAD_ALL_P, CT_LOAD_FIX_P, ...
    CT_LOAD_DIS_P, CT_TGENCOST, CT_TAREAGENCOST, CT_MODCOST_F, ...
    CT_MODCOST_X] = idx_ct;

solarprofile = struct( ...
    'type', 'mpcData', ...
    'table', CT_TGEN, ...
    'rows', [1:12], ...
    'col', PMAX, ...
    'chgtype', 1, ...
    'values', [] );
solarprofile.values(:,1,:) = [
	0.0 0.0 0.0 0.0 0.0 0.0 0.0 0.0 0.0 0.0 0.0 0.0;
	0.0 0.0 0.0 0.0 0.0 0.0 0.0 0.0 0.0 0.0 0.0 0.0;
	0.0 0.0 0.0 0.0 0.0 0.0 0.0 0.0 0.0 0.0 0.0 0.0;
	0.0 0.0 0.0 0.0 0.0 0.0 0.0 0.0 0.0 0.0 0.0 0.0;
	0.0 0.0 0.0 0.0 0.0 0.0 0.0 0.0 0.0 0.0 0.0 0.0;
	0.4095 0.3481 0.302 0.0 0.0 0.2571 0.0321 0.1431 0.0956 0.0 0.0 0.0;
	5.125 3.6405 3.2061 1.2174 1.9837 25.2692 3.1587 1.3673 8.4976 75.2516 34.9833 136.2811;
	8.3591 6.4158 5.7071 2.5642 4.2962 32.5887 4.0736 3.3373 21.8669 146.8777 73.9366 265.9964;
	10.1783 6.688 7.97 5.1563 5.8482 56.8334 7.1042 8.7608 52.2827 213.7541 105.3418 387.11;
	11.5739 6.9509 10.2659 11.4345 12.997 91.5279 11.441 18.9527 121.902 244.5932 144.1959 442.9597;
	10.9557 8.7832 9.0295 11.3789 12.5984 105.8355 13.2294 16.2822 97.2825 235.7406 180.7117 426.9277;
	11.1744 9.5675 8.4191 11.3043 12.0795 80.812 10.1015 10.2037 56.5647 227.0411 203.5642 411.1728;
	10.2094 8.3057 6.1242 11.0147 8.8867 68.116 8.5145 8.041 130.738 209.2303 197.5387 378.9173;
	8.9474 7.2906 5.6621 10.2784 8.8575 61.4325 7.6791 9.4 156.0389 188.2011 171.5905 340.8332;
	7.4212 6.0397 4.9064 7.8489 8.7275 54.6717 6.834 12.1797 153.3117 147.1182 108.4141 266.432;
	2.2514 1.7505 1.6308 3.3116 5.6139 87.0596 10.8825 15.0423 116.6048 16.5549 4.5738 29.9811;
	0.3426 0.285 0.2687 1.1379 1.7986 52.4095 6.5512 3.977 41.1051 0.0 1.635 0.0;
	0.0 0.0 0.0 0.0 0.0 0.0 0.0 0.0 0.0 0.0 0.0 0.0;
	0.0 0.0 0.0 0.0 0.0 0.0 0.0 0.0 0.0 0.0 0.0 0.0;
	0.0 0.0 0.0 0.0 0.0 0.0 0.0 0.0 0.0 0.0 0.0 0.0;
	0.0 0.0 0.0 0.0 0.0 0.0 0.0 0.0 0.0 0.0 0.0 0.0;
	0.0 0.0 0.0 0.0 0.0 0.0 0.0 0.0 0.0 0.0 0.0 0.0;
	0.0 0.0 0.0 0.0 0.0 0.0 0.0 0.0 0.0 0.0 0.0 0.0;
	0.0 0.0 0.0 0.0 0.0 0.0 0.0 0.0 0.0 0.0 0.0 0.0;
];
