function solarprofile = ex_solar_profilesh1
%EX_WIND_PROFILE_D  Example wind_load_nyiso profile data for deterministic unit commitment.
% 2022.03.12
% Andres F. Ramirez


%% define constants
[GEN_BUS, PG, QG, QMAX, QMIN, VG, MBASE, GEN_STATUS, PMAX, PMIN, ...
    MU_PMAX, MU_PMIN, MU_QMAX, MU_QMIN, PC1, PC2, QC1MIN, QC1MAX, ...
    QC2MIN, QC2MAX, RAMP_AGC, RAMP_10, RAMP_30, RAMP_Q, APF] = idx_gen;
[CT_LABEL, CT_PROB, CT_TABLE, CT_TBUS, CT_TGEN, CT_TBRCH, CT_TAREABUS, ...
    CT_TAREAGEN, CT_TAREABRCH, CT_ROW, CT_COL, CT_CHGTYPE, CT_REP, ...
    CT_REL, CT_ADD, CT_NEWVAL, CT_TLOAD, CT_TAREALOAD, CT_LOAD_ALL_PQ, ...
    CT_LOAD_FIX_PQ, CT_LOAD_DIS_PQ, CT_LOAD_ALL_P, CT_LOAD_FIX_P, ...
    CT_LOAD_DIS_P, CT_TGENCOST, CT_TAREAGENCOST, CT_MODCOST_F, ...
    CT_MODCOST_X] = idx_ct;

solarprofile = struct( ...
    'type', 'mpcData', ...
    'table', CT_TGEN, ...
    'rows', [1:12], ...
    'col', PMAX, ...
    'chgtype', 1, ...
    'values', [] );
solarprofile.values(:,1,:) = [
	0.0 0.0 0.0 0.0 0.0 0.0 0.0 0.0 0.0 0.0 0.0 0.0;
	0.0 0.0 0.0 0.0 0.0 0.0 0.0 0.0 0.0 0.0 0.0 0.0;
	0.0 0.0 0.0 0.0 0.0 0.0 0.0 0.0 0.0 0.0 0.0 0.0;
	0.0 0.0 0.0 0.0 0.0 0.0 0.0 0.0 0.0 0.0 0.0 0.0;
	0.0 0.0 0.0 0.0 0.0 0.0 0.0 0.0 0.0 0.0 0.0 0.0;
	0.4095 0.3481 0.302 0.0 0.0 0.1765 0.0221 0.5931 0.0956 0.0 0.0 0.0;
	4.3292 3.3562 2.6368 0.7064 2.2665 0.0 0.0 12.0831 2.281 49.4281 33.9212 89.5145;
	8.3355 4.9815 5.1635 3.4824 8.3789 24.724 3.0905 7.8016 19.453 239.0328 231.2371 432.8898;
	10.3287 5.033 5.9318 6.5361 10.7416 30.7499 3.8437 6.7434 26.2066 328.6748 255.7307 595.2321;
	9.2526 6.8555 7.5428 10.1807 12.8464 8.0879 1.011 6.5539 12.5052 266.8341 203.4939 483.2381;
	12.8092 9.0908 8.7681 9.541 11.9543 21.0641 2.633 6.0687 10.2227 276.9753 231.8567 501.604;
	12.2097 7.0523 7.2865 9.1617 11.3905 42.8859 5.3607 5.4092 17.6259 279.6235 239.946 506.3998;
	2.2598 0.1987 1.0911 9.4852 7.822 265.0036 33.1254 13.4038 164.7726 177.538 179.104 321.5224;
	1.7813 0.8418 0.9356 8.7133 7.0828 317.6788 39.7098 17.695 201.2185 115.7465 140.366 209.6175;
	1.5258 1.0886 1.2327 6.0278 4.6131 327.4776 40.9347 22.3663 204.3555 65.7524 93.1581 119.078;
	1.4344 0.8909 0.878 2.3457 1.4188 326.3635 40.7954 39.9957 215.2336 17.1037 9.9059 30.9749;
	0.2826 0.1879 0.207 1.339 1.3398 81.6252 10.2031 8.8566 62.0214 30.1175 10.6847 54.543;
	0.0 0.0 0.0 0.0 0.0 0.0 0.0 0.0 0.0 0.0 0.0 0.0;
	0.0 0.0 0.0 0.0 0.0 0.0 0.0 0.0 0.0 0.0 0.0 0.0;
	0.0 0.0 0.0 0.0 0.0 0.0 0.0 0.0 0.0 0.0 0.0 0.0;
	0.0 0.0 0.0 0.0 0.0 0.0 0.0 0.0 0.0 0.0 0.0 0.0;
	0.0 0.0 0.0 0.0 0.0 0.0 0.0 0.0 0.0 0.0 0.0 0.0;
	0.0 0.0 0.0 0.0 0.0 0.0 0.0 0.0 0.0 0.0 0.0 0.0;
	0.0 0.0 0.0 0.0 0.0 0.0 0.0 0.0 0.0 0.0 0.0 0.0;
];
