function windprofile = ex_wind_profilesh1
%EX_WIND_PROFILE_D  Example wind_load_nyiso profile data for deterministic unit commitment.
% 2022.03.12
% Andres F. Ramirez


%% define constants
[GEN_BUS, PG, QG, QMAX, QMIN, VG, MBASE, GEN_STATUS, PMAX, PMIN, ...
    MU_PMAX, MU_PMIN, MU_QMAX, MU_QMIN, PC1, PC2, QC1MIN, QC1MAX, ...
    QC2MIN, QC2MAX, RAMP_AGC, RAMP_10, RAMP_30, RAMP_Q, APF] = idx_gen;
[CT_LABEL, CT_PROB, CT_TABLE, CT_TBUS, CT_TGEN, CT_TBRCH, CT_TAREABUS, ...
    CT_TAREAGEN, CT_TAREABRCH, CT_ROW, CT_COL, CT_CHGTYPE, CT_REP, ...
    CT_REL, CT_ADD, CT_NEWVAL, CT_TLOAD, CT_TAREALOAD, CT_LOAD_ALL_PQ, ...
    CT_LOAD_FIX_PQ, CT_LOAD_DIS_PQ, CT_LOAD_ALL_P, CT_LOAD_FIX_P, ...
    CT_LOAD_DIS_P, CT_TGENCOST, CT_TAREAGENCOST, CT_MODCOST_F, ...
    CT_MODCOST_X] = idx_ct;

windprofile = struct( ...
    'type', 'mpcData', ...
    'table', CT_TGEN, ...
    'rows', [1:45], ...
    'col', PMAX, ...
    'chgtype', 1, ...
    'values', [] );
windprofile.values(:,1,:) = [
	3.8863 52.5124 90.7084 103.2498 14.4727 32.7687 32.2446 16.4654 10.2511 7.5951 14.0395 20.9441 31.5313 56.8252 200.3909 75.4961 93.6711 99.2634 90.1229 70.2824 10.7482 76.4603 0.0 80.1691 92.3967 71.4386 13.4976 1259.715 791.5761 791.5761 755.0461 119.5834 300.4098 180.907 178.1548 337.7391 1102.8617 292.3388 461.4642 247.4911 117.3936 363.514 209.08 264.3819 1114.3498;
	3.7982 51.3216 88.6718 97.703 14.3363 32.0471 32.5883 15.9462 10.4049 1.7638 3.2604 4.8638 7.3224 63.5639 191.9174 72.3038 89.7102 95.0661 91.3402 70.6506 10.8628 74.7766 2.1618 64.1903 88.8507 69.565 12.8023 1282.8065 793.0216 793.0216 761.8915 118.4306 304.4675 181.8549 199.2815 338.3559 1227.934 284.4542 460.4935 237.9929 115.3358 355.5091 206.0427 260.245 1240.725;
	3.7521 50.6994 86.3651 89.5477 11.8326 32.6141 33.6052 17.0281 21.9628 7.2558 13.4122 20.0084 30.1225 61.544 175.1855 66.0001 81.8891 86.778 92.7488 69.9758 11.2017 76.0995 6.3638 70.9924 81.6588 70.079 12.8391 1270.2037 813.6984 813.6984 749.6032 114.2641 309.1626 180.1179 192.9488 347.178 1260.3704 301.3679 470.028 218.729 116.3704 361.799 206.5794 222.2602 1273.4992;
	3.7557 50.7474 87.0843 109.948 14.4432 34.1478 32.3809 16.9853 28.282 28.6831 53.0203 79.0959 119.0784 67.8354 198.0319 74.6074 92.5684 98.0949 92.3127 67.2975 10.7936 79.6782 21.9087 76.4156 95.4825 68.7147 12.921 1278.942 817.1419 817.1419 756.3338 114.0713 307.709 173.2241 212.673 348.6472 1213.3645 328.7716 478.8426 255.7568 117.8548 378.813 181.048 244.8039 1226.0037;
	3.2594 44.0422 88.1451 109.4164 14.2583 31.9735 32.2799 15.6948 28.3338 30.6716 56.6959 84.5792 127.3335 68.2515 201.5894 75.9476 94.2313 99.8571 92.0067 70.8361 10.76 74.6049 74.0221 70.4739 87.9676 63.6172 12.8768 1275.1486 834.0996 834.0996 745.4817 114.7563 306.6891 182.3324 213.9776 355.8825 1199.7747 336.589 479.4861 235.6275 119.5573 354.6929 188.3884 244.6922 1212.2724;
	3.7648 50.8703 87.9062 94.8034 14.2956 33.6473 20.1479 17.2633 27.303 30.2724 55.9582 83.4786 125.6765 55.6458 199.4434 75.1392 93.2282 98.7941 65.0135 72.0498 6.716 78.5103 75.391 62.7793 79.0764 65.3462 13.5287 1221.3608 818.8069 818.8069 689.5905 114.3286 216.7117 185.4563 174.457 349.3576 1135.1935 319.8581 474.0658 211.8117 116.3928 373.2604 167.5602 216.6498 1147.0184;
	3.7472 50.6334 87.8208 99.7718 14.4717 33.2316 14.864 16.1556 26.8878 30.0479 55.543 82.8593 124.7442 64.7417 198.2202 74.6783 92.6564 98.1881 86.5662 72.6367 4.9547 77.5404 75.3987 64.4946 79.1338 64.0534 13.1748 1235.0044 794.4136 794.4136 678.4626 109.3981 288.554 186.967 202.9741 338.9498 1140.1565 318.1377 440.9391 211.9657 119.841 368.6491 177.5428 229.9107 1152.0331;
	3.8501 52.0236 93.7913 114.7677 14.8534 33.0168 8.9048 17.3806 5.0245 30.3419 56.0866 83.6702 125.965 42.3614 202.9539 76.4617 94.8691 100.533 89.4796 72.4632 2.9683 77.0393 75.3331 83.8149 96.518 67.8316 13.5198 1237.0492 804.7687 804.7687 719.9273 114.0512 298.2655 186.5206 132.8088 343.368 1192.5395 325.2881 183.1556 258.5303 121.307 366.2667 199.8425 258.8439 1204.9618;
	3.857 52.1164 94.6957 119.0628 14.9406 30.4099 6.4778 18.551 9.2368 30.2999 56.0088 83.5542 125.7904 24.5072 195.7412 73.7444 91.4976 96.9602 89.9303 72.5852 2.1593 70.9565 74.9771 86.9626 100.1185 70.8924 13.8872 1149.9834 691.3016 691.3016 689.7254 111.4024 299.7675 186.8344 76.8334 294.9554 1031.9216 301.8059 92.4765 268.1745 123.794 337.3476 182.7413 268.8035 1042.6707;
	3.7697 50.9374 95.0243 120.318 15.1045 30.4369 0.6271 18.5442 8.0255 25.9105 47.8952 71.4502 107.5679 15.3618 192.9398 72.6889 90.1881 95.5725 89.2655 73.5447 0.209 71.0193 54.3228 87.9547 101.2269 71.9835 13.653 892.5915 569.8898 569.8898 532.6299 109.5824 297.5517 189.3041 48.1612 243.153 789.5707 262.2864 0.0 271.1434 123.1856 337.6462 160.7618 279.8324 797.7954;
	3.6855 49.7987 95.176 120.8085 15.2262 28.0584 4.1775 19.0321 12.9616 29.9968 55.4487 82.7185 124.5323 0.0 194.671 73.3412 90.9974 96.4301 77.6649 72.1499 1.3925 65.4695 75.3302 88.8079 103.104 71.6464 14.0884 791.3514 633.8521 633.8521 482.0224 109.9034 258.8828 185.714 0.0 270.4436 750.3174 220.1777 34.7157 276.1714 122.2867 311.2608 150.5121 275.2896 758.1332;
	3.583 48.4148 94.7323 120.1587 15.2209 20.7312 7.2859 18.942 10.7394 28.7788 53.1972 79.3597 119.4757 0.0 196.8912 74.1776 92.0352 97.5298 30.3118 71.5005 2.4286 48.3729 74.8561 88.1351 103.0689 72.6251 14.0821 545.9175 694.3254 694.3254 490.415 108.7129 101.0393 184.0424 0.0 296.2455 755.154 212.175 18.9873 276.0773 123.8958 229.9785 146.7864 271.6872 763.0202;
	3.8686 52.2731 94.3221 119.9089 15.2391 21.7105 5.8769 19.1573 25.4338 25.4148 46.9789 70.0832 105.5099 46.523 195.034 73.4779 91.167 96.6098 48.1115 71.2004 1.959 50.6578 74.1323 88.6082 105.7411 73.5448 14.1544 575.5438 661.2389 661.2389 503.9601 109.8387 160.3717 183.2699 145.856 282.1286 575.2184 240.8646 3.6081 283.235 124.0352 240.8415 152.8688 267.362 581.2102;
	3.8151 51.5508 91.7166 115.6277 14.9397 20.5332 7.1516 19.0305 18.8632 23.812 44.0162 65.6634 98.8559 14.2791 198.3375 74.7225 92.7113 98.2463 45.6473 72.3067 2.3839 47.9109 74.7101 88.6454 103.4541 74.7805 14.0864 460.3414 602.7363 602.7363 435.1703 90.2303 152.1577 186.1176 44.7668 257.1675 614.0593 241.1009 4.9096 277.1091 123.4471 227.7821 161.8769 262.3982 620.4557;
	3.7566 50.7595 89.4684 113.6311 14.6423 19.4413 2.2257 18.9151 10.5649 25.8823 47.8431 71.3725 107.4509 30.3389 199.4733 75.1504 93.2422 98.8089 67.413 71.2452 0.7419 45.3631 74.9054 88.0307 103.5108 74.3177 13.9491 329.9726 594.4915 594.4915 395.8321 82.244 224.7101 183.3854 95.1166 253.6497 561.6231 230.7256 0.3172 277.2611 121.3256 215.669 166.9767 225.7843 567.4734;
	3.3883 45.7839 88.6104 116.4413 14.577 9.5916 0.08 18.7205 8.4279 28.3684 52.4386 78.2281 117.772 22.2445 191.4832 72.1402 89.5072 94.851 57.907 71.0662 0.0267 22.3803 75.2031 86.5485 100.948 72.528 14.016 386.0467 491.1835 491.1835 360.8038 92.137 193.0235 182.9245 69.7395 209.5716 460.903 206.3004 0.886 270.3966 121.1022 106.4026 154.5634 231.1445 465.704;
	3.3172 44.8222 86.3461 111.1898 14.4581 17.2459 0.0 18.3438 0.0269 28.3247 52.3577 78.1074 117.5902 29.438 193.0153 72.7174 90.2234 95.6099 63.2201 72.3752 0.0 40.2405 74.078 84.8719 100.2788 71.4764 13.5817 949.4788 439.3581 439.3581 264.7067 83.9911 210.7336 186.2941 92.2921 187.4594 786.2346 215.5695 76.658 268.604 118.9577 191.3149 131.7758 233.4168 794.4245;
	3.1436 42.4772 87.1902 113.537 15.0191 20.166 0.0 18.4089 4.36 29.2433 54.0557 80.6405 121.4039 59.0133 195.1001 73.5028 91.198 96.6426 77.2355 69.7089 0.0 47.054 73.8862 85.9547 100.1794 71.3927 13.8027 1205.9062 575.7877 575.7877 219.9908 69.8088 257.4517 179.431 185.0148 245.6694 1010.8666 202.6479 107.2246 268.3376 118.6953 223.7081 167.3328 255.9126 1021.3964;
