function loadprofile = ex_load_profilesh1
%EX_LOAD_PROFILE  Example load profile data file for stochastic unit commitment.
% 2022.03.12
% Andres F. Ramirez

%% define constants
[CT_LABEL, CT_PROB, CT_TABLE, CT_TBUS, CT_TGEN, CT_TBRCH, CT_TAREABUS, ...
    CT_TAREAGEN, CT_TAREABRCH, CT_ROW, CT_COL, CT_CHGTYPE, CT_REP, ...
    CT_REL, CT_ADD, CT_NEWVAL, CT_TLOAD, CT_TAREALOAD, CT_LOAD_ALL_PQ, ...
    CT_LOAD_FIX_PQ, CT_LOAD_DIS_PQ, CT_LOAD_ALL_P, CT_LOAD_FIX_P, ...
    CT_LOAD_DIS_P, CT_TGENCOST, CT_TAREAGENCOST, CT_MODCOST_F, ...
    CT_MODCOST_X] = idx_ct;

loadprofile = struct( ...
    'type', 'mpcData', ...
    'table', CT_TAREALOAD, ...
    'rows', [1:11], ...
    'col', CT_LOAD_ALL_P, ...
    'chgtype', 1, ...
    'values', [] );
loadprofile.values(:,1,:) = [
	1437.1 890.9 1409.5116 505.0 654.9632 1089.621 758.197 203.6 483.1098 3224.4452 1400.7181;
	1385.7217 861.508 1408.0892 499.0515 669.5953 1090.9646 745.1221 211.1691 482.6 3358.2964 1334.3588;
	1438.0017 885.9152 1454.2176 514.4401 702.5821 1116.6145 768.5678 213.5975 482.8453 3567.038 1397.1488;
	1499.6479 946.536 1519.9112 525.3945 738.3007 1170.5 808.3125 223.3563 510.6 3838.206 1497.1814;
	1692.9781 1074.723 1747.2568 557.1 876.282 1340.0708 920.7352 271.9527 600.655 4633.4342 1838.9996;
	1792.055 1152.9496 1880.8 571.281 908.5662 1416.2 937.6702 305.4785 650.7752 5191.2614 1992.1499;
	1832.9094 1177.9124 1894.0239 577.4994 918.9124 1388.5474 946.8019 312.7112 661.0775 5138.0171 1999.0261;
	1867.2515 1206.284 1932.0748 570.9938 892.5802 1360.8 999.9418 323.9596 695.6053 5627.8251 2158.0667;
	1913.984 1224.2 1904.5718 556.5546 897.3425 1308.0791 987.3193 325.6395 692.2 5598.9913 2069.6464;
	1913.2544 1218.8063 1904.0 527.5289 925.3954 1318.7 1013.9914 320.2692 687.176 5379.8738 2040.378;
	1894.3987 1178.7529 1844.2827 523.3467 886.9614 1252.6099 978.774 328.4589 680.2099 4647.3423 1962.18;
	1873.2763 1176.8002 1890.8871 528.7164 920.3671 1263.9214 960.4801 317.3964 687.0 5360.6576 2003.35;
	1854.2205 1196.816 1908.0321 518.5046 900.9249 1236.3676 975.0195 325.885 693.5562 5489.6575 2050.6259;
	1834.1979 1151.4906 1830.1915 518.5354 895.8395 1222.2066 964.0459 292.9156 682.9647 5295.686 2028.0059;
	1811.5081 1109.0705 1774.0493 527.6839 875.8018 1225.2153 952.5505 308.9652 673.1002 5376.364 2150.0186;
	1852.3467 1140.8154 1808.5494 536.1757 900.0992 1267.9865 950.3254 308.1068 640.9 5558.0713 2153.6389;
	1789.5 1135.6834 1807.5147 541.3704 924.3 1295.4442 972.5567 333.5487 664.7642 5618.6559 2201.7299;
	1831.9736 1161.6207 1856.1867 552.4303 964.1472 1339.8412 1030.0663 345.7 694.4565 5714.7733 2323.8944;
	1882.6203 1195.4137 1876.488 574.9 959.0509 1317.7357 1003.4884 343.1785 699.2169 5618.1414 2279.4141;
	1835.2772 1136.0 1806.7 559.3 913.5208 1270.396 959.4445 315.7595 652.2649 5257.9112 2092.6773;
	1749.0 1088.1644 1700.1672 537.366 835.8789 1183.353 921.809 308.5246 630.6721 5164.1286 2033.3554;
	1641.7993 995.6448 1588.8911 524.8208 791.6 1107.0159 829.9771 275.2 582.0325 4919.6469 1855.6455;
	1542.8488 955.8192 1580.6418 544.0342 730.2986 1096.4903 835.3 244.5522 523.0973 4622.6936 1745.6137;
	1521.5792 931.2368 1561.409 540.2 701.6332 1063.4233 837.4 240.7106 515.6649 4448.4351 1682.8599;
];
