function windprofile = ex_wind_profilesh1
%EX_WIND_PROFILE_D  Example wind_load_nyiso profile data for deterministic unit commitment.
% 2022.03.12
% Andres F. Ramirez


%% define constants
[GEN_BUS, PG, QG, QMAX, QMIN, VG, MBASE, GEN_STATUS, PMAX, PMIN, ...
    MU_PMAX, MU_PMIN, MU_QMAX, MU_QMIN, PC1, PC2, QC1MIN, QC1MAX, ...
    QC2MIN, QC2MAX, RAMP_AGC, RAMP_10, RAMP_30, RAMP_Q, APF] = idx_gen;
[CT_LABEL, CT_PROB, CT_TABLE, CT_TBUS, CT_TGEN, CT_TBRCH, CT_TAREABUS, ...
    CT_TAREAGEN, CT_TAREABRCH, CT_ROW, CT_COL, CT_CHGTYPE, CT_REP, ...
    CT_REL, CT_ADD, CT_NEWVAL, CT_TLOAD, CT_TAREALOAD, CT_LOAD_ALL_PQ, ...
    CT_LOAD_FIX_PQ, CT_LOAD_DIS_PQ, CT_LOAD_ALL_P, CT_LOAD_FIX_P, ...
    CT_LOAD_DIS_P, CT_TGENCOST, CT_TAREAGENCOST, CT_MODCOST_F, ...
    CT_MODCOST_X] = idx_ct;

windprofile = struct( ...
    'type', 'mpcData', ...
    'table', CT_TGEN, ...
    'rows', [1:45], ...
    'col', PMAX, ...
    'chgtype', 1, ...
    'values', [] );
windprofile.values(:,1,:) = [
	3.936 53.1846 94.3793 119.7968 15.2303 34.3932 32.6341 19.167 10.7125 17.17 31.7384 47.3475 71.2814 54.642 200.2773 75.4533 93.618 99.2071 86.9136 68.6572 10.878 80.2509 26.3782 89.3499 106.4664 76.6758 14.1662 1272.6297 807.4747 807.4747 769.5083 120.0882 289.7119 176.7239 171.3099 344.5225 1181.2139 289.3869 462.7102 285.1778 122.2304 381.5357 214.706 285.1979 1193.5182;
	3.2108 43.3844 94.4708 116.0988 14.9441 33.3086 31.9636 18.9793 11.4571 12.8606 23.7727 35.4641 53.391 60.4253 187.1286 70.4996 87.4717 92.6939 84.5227 69.6544 10.6545 77.7202 25.8368 87.7584 105.3774 76.4242 13.9136 1270.9833 808.9672 808.9672 774.0978 119.7355 281.7425 179.2905 189.4413 345.1593 1263.4214 268.4513 448.506 282.2609 120.0736 369.5038 201.6168 282.2402 1276.582;
	3.6254 48.9872 90.8883 113.6259 15.147 33.3588 33.8726 18.8679 24.3999 15.5698 28.7805 42.9348 64.6381 63.2438 161.1255 60.7031 75.3168 79.8133 88.362 70.7034 11.2909 77.8373 28.3446 88.0374 105.2193 76.0486 13.8188 1280.0676 818.0405 818.0405 765.9127 120.231 294.5402 181.9907 198.2777 349.0306 1278.1428 290.2506 469.0566 281.8375 118.4138 370.0606 205.4395 260.3638 1291.4568;
	3.5534 48.0147 90.2461 114.3067 14.8032 32.567 32.2457 18.9239 27.7359 29.0999 53.7906 80.2451 120.8085 67.2845 195.1292 73.5138 91.2115 96.657 90.9161 67.5746 10.7486 75.9897 25.8431 88.7252 104.78 76.1026 13.5996 1242.4152 813.0652 813.0652 775.8455 117.6211 303.0537 173.9372 210.946 346.9078 1219.147 312.6414 450.8984 280.6606 120.4671 361.2769 165.5763 258.9478 1231.8464;
	2.9653 40.0679 92.3242 119.2925 14.8912 29.8793 32.1351 19.1569 27.9752 30.3549 56.1105 83.7059 126.0187 67.4206 195.7834 73.7602 91.5173 96.9811 92.5858 69.4537 10.7117 69.7184 73.9388 89.5675 106.1447 76.2462 13.6197 1251.6977 827.4861 827.4861 783.8556 118.2625 308.6194 178.7741 211.3727 353.0607 1188.5309 315.8522 464.6015 284.3162 123.22 331.4611 164.4789 258.9828 1200.9115;
	3.6 48.6436 92.3184 117.155 14.524 30.6996 20.6065 19.0836 26.0815 29.1987 53.9733 80.5175 121.2187 53.5884 197.1174 74.2628 92.1409 97.6419 63.2053 69.4419 6.8688 71.6323 72.2259 88.4734 106.3405 76.2821 13.5943 1185.4812 818.7636 818.7636 788.2253 118.4441 210.6845 178.7436 168.007 349.3392 1201.1843 314.7266 460.7579 284.8406 122.1848 340.5605 148.0199 252.7846 1213.6966;
	3.6349 49.1152 94.009 119.497 14.857 33.606 15.8998 19.035 26.3413 28.978 53.5653 79.9089 120.3024 65.5161 198.1172 74.6395 92.6083 98.1371 89.0838 72.3825 5.2999 78.414 71.7527 89.5516 106.4145 76.0872 13.9165 1257.4944 816.6474 816.6474 752.3955 112.8191 296.9459 186.3128 205.4018 348.4362 1193.5739 314.0775 447.6014 285.039 123.029 372.8024 171.3404 251.0838 1206.0069;
	3.7079 50.1019 94.1615 118.8422 14.4429 33.834 25.3627 19.155 4.5669 28.8824 53.3888 79.6455 119.9059 43.6485 203.9691 76.8442 95.3437 101.0359 90.9494 72.7296 8.4542 78.9459 72.0766 88.868 105.9954 76.4325 14.011 1263.3249 808.1898 808.1898 763.3102 116.638 303.1647 187.2062 136.8438 344.8276 1197.3766 326.7375 199.1367 283.9161 123.4014 375.3315 196.4419 263.7462 1209.8493;
	3.8523 52.0531 95.047 120.4494 15.2371 32.6891 30.3052 19.174 17.5063 29.0667 53.7293 80.1536 120.6708 27.1683 202.0208 76.1102 94.433 100.0708 90.1974 73.6106 10.1017 76.2746 73.4917 89.6805 106.6771 76.6044 14.157 1177.0566 709.9533 709.9533 716.8722 113.5044 300.6579 189.4739 85.1763 302.9134 1041.4827 307.8339 370.5031 285.7422 123.8994 362.631 184.0589 272.8281 1052.3315;
	3.8829 52.4663 93.5504 120.0004 15.1444 30.7124 19.1134 18.9257 1.1757 25.7848 47.6628 71.1035 107.046 21.2709 192.7323 72.6108 90.0911 95.4697 87.9945 72.6164 6.3711 71.6623 50.0145 89.2531 105.2426 74.8903 14.0293 1001.2396 605.362 605.362 587.5818 115.0207 293.315 186.9148 66.6873 258.2878 853.2522 284.5782 165.4755 281.8998 122.5901 340.7031 156.8982 268.7367 862.1402;
	3.5806 48.3819 90.6881 115.9048 14.565 23.9749 7.5705 18.6405 0.0 28.8653 53.357 79.5982 119.8346 2.2331 199.5234 75.1693 93.2656 98.8337 81.4368 71.4632 2.5235 55.9414 72.1815 88.9169 103.208 72.7118 13.8773 770.0633 654.3449 654.3449 513.3223 110.7787 271.4561 183.9466 7.001 279.1872 740.0898 220.4013 61.5193 276.45 121.7163 265.9615 140.2057 263.5191 747.7991;
	3.2691 44.1731 91.7124 115.5814 14.7119 18.375 7.8491 18.4266 1.1751 27.3689 50.591 75.4718 113.6223 5.3991 200.9662 75.7128 93.94 99.5484 37.5622 70.8824 2.6164 42.8749 71.6445 87.7856 102.1726 73.929 13.4858 510.8671 694.2865 694.2865 498.7108 110.2513 125.2074 182.4515 16.927 296.2289 750.7253 214.3646 95.5103 273.6765 122.555 203.8396 131.4321 264.4913 758.5454;
	3.622 48.9405 91.3345 114.5641 14.6088 18.6773 2.9802 17.9566 24.7888 24.0133 44.3882 66.2184 99.6915 50.493 196.0348 73.855 91.6349 97.1056 54.0 69.6801 0.9934 43.5804 72.5131 85.4787 100.4266 72.1426 13.4647 546.7164 680.546 680.546 506.4566 104.0669 179.9999 179.3569 158.3024 290.3663 536.5307 237.5067 53.2337 268.9999 119.8292 207.1936 129.7784 266.1024 542.1196;
	3.4265 46.2995 91.7484 114.0251 14.1073 17.4832 4.2285 18.038 16.8082 23.7311 43.8666 65.4404 98.5201 35.9663 201.0519 75.7451 93.9801 99.5908 54.7852 70.9394 1.4095 40.7942 71.9468 83.888 100.0537 72.146 13.4887 538.0859 697.035 697.035 490.9409 92.6488 182.6175 182.5981 112.7591 297.4016 687.0073 246.5873 33.7394 268.0009 118.5895 193.9472 143.7146 267.4135 694.1636;
	3.5665 48.191 90.4216 111.0646 14.5929 17.0624 3.7822 17.9511 0.0 25.6236 47.3648 70.659 106.3767 30.8188 192.4016 72.4862 89.9366 95.3059 68.4242 69.8624 1.2607 39.8122 71.3855 84.8069 98.4694 71.2838 13.6244 408.6457 696.0869 696.0869 481.3075 91.9502 228.0805 179.826 96.621 296.9971 626.9607 254.9415 22.7269 263.7574 116.7397 189.2784 152.9242 252.1488 633.4915;
	3.4778 46.9927 93.8643 119.0662 15.1027 10.0748 12.1063 19.0376 1.7099 29.2144 54.0024 80.5609 121.284 24.4784 176.3069 66.4226 82.4132 87.3334 61.7986 69.4536 4.0354 23.5078 73.1919 87.8155 104.0755 74.5471 14.1022 437.1327 573.4327 573.4327 457.047 94.6483 205.9952 178.7738 76.7429 244.6646 510.8427 237.5406 119.6684 278.7738 121.9356 111.7627 150.9713 255.5905 516.1639;
	3.1235 42.2059 91.9171 117.4052 14.8464 16.7245 8.0555 18.6969 2.9595 28.6311 52.9241 78.9523 118.8623 30.1246 176.5109 66.4995 82.5086 87.4345 60.9238 69.359 2.6852 39.0239 71.7631 86.2459 103.9072 72.693 13.8421 993.8242 507.4151 507.4151 335.341 92.2846 203.0793 178.5301 94.4448 216.4971 890.2407 238.8673 114.9477 278.3227 115.8553 185.531 119.2925 242.4221 899.5141;
	3.2167 43.465 89.4547 117.4248 15.3777 21.9091 3.4403 18.2022 1.2512 29.0481 53.6949 80.1022 120.5934 39.4682 185.339 69.8254 86.6352 91.8075 66.5355 69.6149 1.1468 51.1212 72.4427 85.5397 100.4045 72.9722 13.5436 1134.4524 580.9267 580.9267 231.4685 68.4413 221.7849 179.1889 123.7383 247.862 1005.3665 211.2123 119.8874 268.9407 115.4855 243.0448 170.4138 260.2555 1015.8391;
