function windprofile = ex_wind_profilesh1
%EX_WIND_PROFILE_D  Example wind_load_nyiso profile data for deterministic unit commitment.
% 2022.03.12
% Andres F. Ramirez


%% define constants
[GEN_BUS, PG, QG, QMAX, QMIN, VG, MBASE, GEN_STATUS, PMAX, PMIN, ...
    MU_PMAX, MU_PMIN, MU_QMAX, MU_QMIN, PC1, PC2, QC1MIN, QC1MAX, ...
    QC2MIN, QC2MAX, RAMP_AGC, RAMP_10, RAMP_30, RAMP_Q, APF] = idx_gen;
[CT_LABEL, CT_PROB, CT_TABLE, CT_TBUS, CT_TGEN, CT_TBRCH, CT_TAREABUS, ...
    CT_TAREAGEN, CT_TAREABRCH, CT_ROW, CT_COL, CT_CHGTYPE, CT_REP, ...
    CT_REL, CT_ADD, CT_NEWVAL, CT_TLOAD, CT_TAREALOAD, CT_LOAD_ALL_PQ, ...
    CT_LOAD_FIX_PQ, CT_LOAD_DIS_PQ, CT_LOAD_ALL_P, CT_LOAD_FIX_P, ...
    CT_LOAD_DIS_P, CT_TGENCOST, CT_TAREAGENCOST, CT_MODCOST_F, ...
    CT_MODCOST_X] = idx_ct;

windprofile = struct( ...
    'type', 'mpcData', ...
    'table', CT_TGEN, ...
    'rows', [1:45], ...
    'col', PMAX, ...
    'chgtype', 1, ...
    'values', [] );
windprofile.values(:,1,:) = [
	3.9916 53.9346 92.9138 115.7771 14.8837 32.8639 32.3184 17.9119 11.0328 14.1112 26.0843 38.9126 58.5827 60.4897 203.3824 76.6232 95.0695 100.7453 92.5265 70.4917 10.7728 76.6825 24.2816 88.103 102.6336 72.9747 13.7354 1286.6545 769.7375 769.7375 723.0583 116.6699 308.4215 181.4459 189.6434 328.4213 1131.2501 249.5027 473.2869 274.9115 116.0211 364.5705 202.7384 283.0604 1143.0339;
	3.956 53.4545 95.1405 116.3977 14.8055 33.7943 33.0439 18.5007 12.5445 12.771 23.6071 35.2171 53.0192 65.061 199.6709 75.2248 93.3345 98.9067 90.6706 72.1502 11.0146 78.8534 27.8743 89.0812 104.3727 75.029 13.76 1297.3439 780.1866 780.1866 738.1934 117.1643 302.2355 185.7148 203.975 332.8796 1226.3624 245.2273 475.7633 279.5698 116.3786 374.8915 205.7209 285.2694 1239.137;
	3.8909 52.5751 95.0965 119.5457 15.0429 33.7993 33.6582 19.0171 24.5871 14.266 26.3705 39.3396 59.2256 63.7308 192.0799 72.365 89.7862 95.1465 90.1484 72.8561 11.2194 78.8651 27.4879 89.8855 105.7392 76.1312 13.9595 1267.3469 786.404 786.404 750.0079 118.8183 300.4945 187.5319 199.8048 335.5324 1246.5685 272.9909 477.6242 283.2301 115.9558 374.9474 208.5073 276.1144 1259.5536;
	3.8381 51.8611 93.9685 119.5104 15.1796 32.7318 32.6803 18.9629 28.0948 29.0767 53.7479 80.1812 120.7124 65.8918 203.486 76.6622 95.1179 100.7966 90.7193 72.6337 10.8934 76.3741 26.2532 89.1122 104.8576 76.2766 13.8662 1247.2676 776.9511 776.9511 749.5468 123.0552 302.3975 186.9593 206.5797 331.4991 1194.1146 310.0267 477.2771 280.8687 117.6569 363.1042 176.3955 274.3906 1206.5533;
	3.1558 42.642 94.281 118.6317 14.9982 27.6289 31.9836 18.858 27.32 28.8002 53.2368 79.4188 119.5645 61.596 200.87 75.6766 93.895 99.5007 88.1578 72.4079 10.6612 64.4675 69.4745 89.5044 105.4427 75.7717 13.7451 1283.4268 770.038 770.038 728.9899 122.2307 293.8595 186.3782 193.1119 328.5495 1127.5045 311.4061 473.8679 282.4358 117.4254 306.4968 166.7625 273.6753 1139.2494;
	3.7738 50.993 95.1069 118.8183 14.66 31.7646 19.3303 19.1335 25.6085 28.0407 51.8328 77.3244 116.4114 37.6953 201.0321 75.7377 93.9708 99.581 56.7784 72.0646 6.4434 74.1174 69.695 89.5207 105.9954 76.0929 14.0854 1262.1535 808.5598 808.5598 751.2251 120.7799 189.2614 185.4945 118.1799 344.9855 1190.5218 314.5505 456.3021 283.9163 118.3876 352.3754 155.543 278.4308 1202.9231;
	3.7488 50.6545 93.9943 118.7099 14.5722 32.9092 13.3494 18.9816 23.3886 23.3216 43.1096 64.311 96.8199 62.39 197.3505 74.3507 92.2499 97.7573 87.4537 72.5565 4.4498 76.788 68.5355 88.4114 104.9607 76.0285 13.9906 1266.177 777.159 777.159 677.7503 116.8266 291.5124 186.7607 195.6012 331.5878 1133.2481 285.4111 419.232 281.1449 118.8858 365.0723 161.5804 280.7846 1145.0528;
	3.8012 51.3631 92.7706 116.4794 14.1243 33.561 0.0 18.3741 0.0 21.4853 39.7153 59.2474 89.1966 35.0517 199.6693 75.2243 93.3338 98.906 87.2775 73.1525 0.0 78.3091 68.6704 86.2595 100.7146 71.7486 13.925 1252.3239 737.2463 737.2463 659.1861 112.6921 290.9249 188.2947 109.8919 314.5584 1096.9881 276.1496 150.8289 269.7713 117.8832 372.3038 191.3118 282.6618 1108.415;
	3.6515 49.3401 88.2203 112.7985 13.9785 30.5777 0.0 17.6555 0.0 26.2952 48.6062 72.5109 109.1647 15.9781 196.9462 74.1983 92.0609 97.5571 88.9452 73.5402 0.0 71.3481 70.0448 84.5972 99.3135 69.7767 13.1097 1063.9706 586.229 586.229 617.9687 113.2353 296.4839 189.2927 50.0936 250.1244 856.9984 268.7762 0.0 266.0184 119.9815 339.2091 165.2425 273.7296 865.9254;
	3.6538 49.3706 87.2956 114.8097 14.3469 30.1434 0.0 18.2244 0.0 22.7485 42.0502 62.7307 94.4407 12.8635 192.2155 72.4161 89.8496 95.2137 90.9866 73.7319 0.0 70.3347 50.8973 85.7941 100.1121 71.5418 13.0075 891.7525 479.6522 479.6522 517.5443 110.4719 303.2886 189.786 40.3287 204.6516 678.1968 231.5088 0.0 268.1574 118.7577 334.391 143.3083 277.0085 685.2614;
	3.4737 46.9367 89.3265 115.5425 14.1157 25.9656 0.6518 18.0223 0.0 27.0901 50.0757 74.7031 112.4651 0.0 199.0918 75.0067 93.0638 98.6199 81.4391 73.5827 0.2173 60.5865 70.999 85.9571 100.2416 69.4439 13.2747 675.2908 597.051 597.051 504.302 113.5423 271.4637 189.4022 0.0 254.7418 659.5968 204.2268 0.0 268.5042 115.1773 288.0454 135.057 267.9984 666.4676;
	3.4998 47.2904 93.2841 118.7116 14.4733 20.6656 0.0801 18.7332 0.0 24.8324 45.9023 68.4771 103.092 0.0 202.6605 76.3511 94.732 100.3876 41.0803 73.1978 0.0267 48.2198 71.0049 87.2918 104.3088 71.9071 13.6999 541.943 673.8938 673.8938 501.0439 115.9649 136.9344 188.4113 0.0 287.528 718.7281 219.9365 0.0 279.3985 121.6709 229.2505 139.6745 276.2745 726.2148;
	3.6726 49.6252 92.509 117.3198 14.4373 21.173 0.0 17.4547 22.0072 20.9928 38.8049 57.8893 87.152 21.8687 196.4732 74.0201 91.8398 97.3228 54.9863 70.3622 0.0 49.4036 69.0281 84.9055 102.4394 69.5486 13.4634 546.5597 637.1137 637.1137 483.8511 114.3006 183.2877 181.1126 68.5613 271.8352 547.8252 238.5459 0.0 274.3912 119.4288 234.8788 144.0751 268.8839 553.5317;
	3.5188 47.5472 89.9384 115.3962 14.285 21.0938 0.0 17.8681 16.0841 18.36 33.9381 50.629 76.2217 12.5231 200.1344 75.3995 93.5512 99.1363 56.5845 71.0799 0.0 49.2188 67.1662 82.7875 101.3656 69.4614 13.3835 496.4464 663.5177 663.5177 473.3507 101.4311 188.6149 182.9598 39.2615 283.1009 643.407 251.7905 0.0 271.5149 117.3256 234.0002 154.9138 270.6047 650.1092;
	3.6012 48.6599 88.7465 114.1191 14.6267 19.7906 0.0 17.5291 0.0 22.0156 40.6954 60.7096 91.3979 3.3834 191.747 72.2396 89.6306 94.9816 69.8451 69.4896 0.0 46.1781 64.7598 84.5989 97.3277 71.3439 13.2237 294.9771 658.9416 658.9416 436.0986 94.0212 232.8169 178.8663 10.6076 281.1484 533.343 251.6959 0.0 260.6991 114.1181 219.5439 165.6101 249.1018 538.8987;
	3.2626 44.085 89.2902 113.315 14.8966 10.9524 7.9836 17.5488 2.3362 26.0681 48.1865 71.8848 108.2222 0.0 190.3673 71.7198 88.9857 94.2982 65.7712 69.8253 2.6612 25.5557 67.9794 84.8037 98.9299 69.799 13.4031 368.1861 572.4588 572.4588 423.4059 97.2138 219.2374 179.7305 0.0 244.2491 476.9276 237.1225 0.0 264.9907 117.0554 121.4989 153.0369 236.1513 481.8956;
	3.1484 42.5424 90.6941 112.9813 14.4907 19.4278 7.0849 18.1897 0.8259 28.3269 52.3619 78.1136 117.5996 5.8875 196.0866 73.8745 91.6591 97.1313 66.9237 70.6385 2.3616 45.3315 70.3321 84.1211 102.1281 69.8872 13.3561 876.7981 484.5273 484.5273 306.9751 91.2824 223.0789 181.8237 18.4582 206.7317 818.4906 236.3082 64.5392 273.5575 114.7311 215.519 134.0119 218.1041 827.0166;
	3.2044 43.299 91.2443 112.307 14.3272 23.6027 4.5632 17.9331 4.9419 28.8612 53.3494 79.5868 119.8175 51.9381 201.8413 76.0425 94.3491 99.9818 81.4401 72.3172 1.5211 55.0729 69.6187 83.4821 99.052 69.9701 13.2756 1160.4589 601.5418 601.5418 244.3437 69.4328 271.467 186.1446 162.8329 256.6578 1064.6829 216.8434 106.1372 265.3179 113.0281 261.8323 175.7035 257.7874 1075.7734;
