function solarprofile = ex_solar_profilesh1
%EX_WIND_PROFILE_D  Example wind_load_nyiso profile data for deterministic unit commitment.
% 2022.03.12
% Andres F. Ramirez


%% define constants
[GEN_BUS, PG, QG, QMAX, QMIN, VG, MBASE, GEN_STATUS, PMAX, PMIN, ...
    MU_PMAX, MU_PMIN, MU_QMAX, MU_QMIN, PC1, PC2, QC1MIN, QC1MAX, ...
    QC2MIN, QC2MAX, RAMP_AGC, RAMP_10, RAMP_30, RAMP_Q, APF] = idx_gen;
[CT_LABEL, CT_PROB, CT_TABLE, CT_TBUS, CT_TGEN, CT_TBRCH, CT_TAREABUS, ...
    CT_TAREAGEN, CT_TAREABRCH, CT_ROW, CT_COL, CT_CHGTYPE, CT_REP, ...
    CT_REL, CT_ADD, CT_NEWVAL, CT_TLOAD, CT_TAREALOAD, CT_LOAD_ALL_PQ, ...
    CT_LOAD_FIX_PQ, CT_LOAD_DIS_PQ, CT_LOAD_ALL_P, CT_LOAD_FIX_P, ...
    CT_LOAD_DIS_P, CT_TGENCOST, CT_TAREAGENCOST, CT_MODCOST_F, ...
    CT_MODCOST_X] = idx_ct;

solarprofile = struct( ...
    'type', 'mpcData', ...
    'table', CT_TGEN, ...
    'rows', [1:12], ...
    'col', PMAX, ...
    'chgtype', 1, ...
    'values', [] );
solarprofile.values(:,1,:) = [
	0.0 0.0 0.0 0.0 0.0 0.0 0.0 0.0 0.0 0.0 0.0 0.0;
	0.0 0.0 0.0 0.0 0.0 0.0 0.0 0.0 0.0 0.0 0.0 0.0;
	0.0 0.0 0.0 0.0 0.0 0.0 0.0 0.0 0.0 0.0 0.0 0.0;
	0.0 0.0 0.0 0.0 0.0 0.0 0.0 0.0 0.0 0.0 0.0 0.0;
	0.0 0.0 0.0 0.0 0.0 0.0 0.0 0.0 0.0 0.0 0.0 0.0;
	0.4095 0.3502 0.302 0.0 0.0 0.1765 0.0221 0.1431 0.8292 0.0 0.0 0.0;
	6.9931 5.0696 2.6496 1.6109 2.5357 67.8883 8.486 12.3956 159.2486 21.2498 42.4206 38.4835;
	8.0706 6.495 4.8425 4.7864 1.6447 142.2553 17.7819 7.8107 238.769 29.7506 113.2227 53.8786;
	7.0571 6.0949 4.5174 7.3783 1.8761 174.52 21.815 4.1907 244.5346 37.0624 134.388 67.1203;
	6.566 6.4795 7.8498 11.3609 12.3256 189.6824 23.7103 2.3027 169.0058 150.6442 138.5714 272.8175;
	16.0764 12.8119 11.5588 11.3861 12.1321 275.2323 34.404 11.9675 196.1713 225.7065 176.1696 408.7559;
	18.1059 14.2269 12.5292 11.3016 11.9698 313.0055 39.1257 27.2954 220.608 236.1552 200.8945 427.6785;
	10.5863 9.0722 9.2168 10.1771 8.8445 292.3674 36.5459 24.7461 247.6335 110.6564 153.0893 200.3994;
	7.3261 6.9131 6.8002 7.9494 8.2049 237.189 29.6486 11.5529 214.2022 87.5314 135.2531 158.52;
	4.3793 4.4034 5.0067 6.0794 7.6833 159.7975 19.9747 7.1082 153.2859 56.2957 112.7257 101.9518;
	2.1905 1.7908 1.8082 4.4186 3.9058 135.443 16.9304 9.5239 66.3616 13.1549 11.7176 23.8236;
	0.6776 0.6223 0.5256 1.5733 1.3491 57.9114 7.2389 7.9317 45.585 2.0513 4.4711 3.715;
	0.0 0.0 0.0 0.0 0.0 0.0 0.0 0.0 0.0 0.0 0.0 0.0;
	0.0 0.0 0.0 0.0 0.0 0.0 0.0 0.0 0.0 0.0 0.0 0.0;
	0.0 0.0 0.0 0.0 0.0 0.0 0.0 0.0 0.0 0.0 0.0 0.0;
	0.0 0.0 0.0 0.0 0.0 0.0 0.0 0.0 0.0 0.0 0.0 0.0;
	0.0 0.0 0.0 0.0 0.0 0.0 0.0 0.0 0.0 0.0 0.0 0.0;
	0.0 0.0 0.0 0.0 0.0 0.0 0.0 0.0 0.0 0.0 0.0 0.0;
	0.0 0.0 0.0 0.0 0.0 0.0 0.0 0.0 0.0 0.0 0.0 0.0;
];
