function loadprofile = ex_load_profilesh1
%EX_LOAD_PROFILE  Example load profile data file for stochastic unit commitment.
% 2022.03.12
% Andres F. Ramirez

%% define constants
[CT_LABEL, CT_PROB, CT_TABLE, CT_TBUS, CT_TGEN, CT_TBRCH, CT_TAREABUS, ...
    CT_TAREAGEN, CT_TAREABRCH, CT_ROW, CT_COL, CT_CHGTYPE, CT_REP, ...
    CT_REL, CT_ADD, CT_NEWVAL, CT_TLOAD, CT_TAREALOAD, CT_LOAD_ALL_PQ, ...
    CT_LOAD_FIX_PQ, CT_LOAD_DIS_PQ, CT_LOAD_ALL_P, CT_LOAD_FIX_P, ...
    CT_LOAD_DIS_P, CT_TGENCOST, CT_TAREAGENCOST, CT_MODCOST_F, ...
    CT_MODCOST_X] = idx_ct;

loadprofile = struct( ...
    'type', 'mpcData', ...
    'table', CT_TAREALOAD, ...
    'rows', [1:11], ...
    'col', CT_LOAD_ALL_P, ...
    'chgtype', 1, ...
    'values', [] );
loadprofile.values(:,1,:) = [
	1470.5 859.883 1480.8467 515.6543 725.3 1012.0034 823.2374 237.6297 498.1694 4385.0996 1596.5676;
	1473.2709 877.5 1496.8789 507.7048 741.0686 1033.8053 832.6599 242.5 519.995 4352.0766 1613.8688;
	1495.2 892.189 1510.1486 505.6 730.4698 1008.9 829.3484 240.6157 513.3032 4428.0403 1643.5628;
	1580.2 954.0635 1608.0423 514.178 796.206 1085.1991 860.2 263.9299 543.2792 4601.7634 1727.4086;
	1682.7378 1051.6162 1808.6 566.3381 891.6402 1208.1775 949.1352 306.8 619.8916 5087.5626 1901.4899;
	1809.244 1140.2128 1937.0254 558.1632 957.824 1248.4355 1023.1 334.9438 708.7146 5631.8 2106.2543;
	1855.8883 1145.0897 1970.0562 549.3371 984.1189 1299.04 1067.1703 347.6642 721.0192 6115.7801 2214.0106;
	1896.2782 1157.8017 1986.2 547.9633 966.5179 1309.1634 1082.7 350.2781 724.1238 6209.0962 2207.9566;
	1969.5384 1177.5283 1970.7266 540.3 915.0432 1246.4142 1097.5395 349.4 742.643 6534.3862 2303.3318;
	1953.7735 1162.7 1940.9 506.5359 900.4426 1218.587 1060.7078 339.5 735.474 6462.911 2257.4117;
	1906.4035 1111.6282 1902.4466 506.3501 883.6511 1175.5593 1044.5698 346.8824 711.2356 6554.5899 2241.4063;
	1867.0522 1060.8892 1838.2885 503.5895 859.1528 1155.1963 1013.3342 342.2 691.7411 6484.8 2175.8688;
	1842.1 1040.1643 1815.4834 486.1944 837.0365 1163.8692 1004.7843 345.3731 693.5413 6478.6379 2164.4;
	1762.1697 953.7406 1704.9611 479.0924 806.3305 1067.7195 964.0369 325.7265 675.3 6176.405 2059.3538;
	1799.4 1004.8377 1711.2367 507.0398 810.0101 1119.1079 990.7143 329.2805 670.0 6267.3127 2131.3152;
	1855.5555 1062.8984 1797.8 517.0911 869.1628 1230.5902 1035.8279 334.1 677.8219 6267.8593 2176.3949;
	1881.6363 1091.4727 1805.1 506.8157 888.9865 1261.6067 1031.8344 358.2 679.5588 6127.8488 2265.5526;
	1865.0897 1081.1528 1780.5459 531.2305 880.709 1260.0557 1039.0831 353.4276 700.5803 6031.8683 2352.7872;
	1916.6387 1109.1226 1834.6568 538.1616 895.9308 1320.9627 1089.4 376.4147 720.5647 5962.5715 2355.0661;
	1923.2534 1060.1042 1780.4441 533.2104 853.8 1244.0761 1069.0249 354.8 702.8751 5743.173 2286.003;
	1781.3244 980.323 1696.1311 515.9924 825.6779 1166.0458 998.0001 321.7113 635.9767 5450.6938 2109.8438;
	1731.8148 929.8454 1599.647 498.4001 782.1065 1087.9483 917.286 289.9 578.8547 5170.4498 1938.5482;
	1671.0665 918.9827 1575.9321 518.9535 767.4293 1082.3083 925.1708 272.1823 544.9919 5179.0211 1871.5167;
	1626.5264 879.0902 1494.3701 512.5349 729.3288 1011.3 860.4 263.8869 515.6494 4678.4088 1723.1731;
];
