function loadprofile = ex_load_profilesh1
%EX_LOAD_PROFILE  Example load profile data file for stochastic unit commitment.
% 2022.03.12
% Andres F. Ramirez

%% define constants
[CT_LABEL, CT_PROB, CT_TABLE, CT_TBUS, CT_TGEN, CT_TBRCH, CT_TAREABUS, ...
    CT_TAREAGEN, CT_TAREABRCH, CT_ROW, CT_COL, CT_CHGTYPE, CT_REP, ...
    CT_REL, CT_ADD, CT_NEWVAL, CT_TLOAD, CT_TAREALOAD, CT_LOAD_ALL_PQ, ...
    CT_LOAD_FIX_PQ, CT_LOAD_DIS_PQ, CT_LOAD_ALL_P, CT_LOAD_FIX_P, ...
    CT_LOAD_DIS_P, CT_TGENCOST, CT_TAREAGENCOST, CT_MODCOST_F, ...
    CT_MODCOST_X] = idx_ct;

loadprofile = struct( ...
    'type', 'mpcData', ...
    'table', CT_TAREALOAD, ...
    'rows', [1:11], ...
    'col', CT_LOAD_ALL_P, ...
    'chgtype', 1, ...
    'values', [] );
loadprofile.values(:,1,:) = [
	1470.6696 874.6738 1380.0034 502.7 722.0651 1030.5631 789.9729 219.3547 483.6249 4414.6522 1652.8;
	1474.8376 878.2605 1372.9187 508.8829 724.049 1049.8957 790.2983 228.6 470.3 4393.8868 1638.0;
	1475.7406 879.7596 1417.5892 515.9693 747.2277 1048.0781 802.8496 234.2894 489.0244 4465.4602 1675.8667;
	1512.9961 941.9022 1517.8663 530.2611 774.9202 1090.5045 849.1672 247.7283 518.0673 4613.8103 1755.2802;
	1654.4726 1040.8513 1757.3366 552.3704 888.6 1245.9682 945.6 277.9 597.274 5015.7 1945.7948;
	1741.7252 1123.869 1872.0541 574.406 973.7739 1369.7718 1025.5874 312.8998 674.4 5481.7118 2124.8;
	1758.2766 1168.1795 1945.7651 557.819 1027.5874 1393.6011 1082.8135 331.157 701.9093 5789.7575 2212.1974;
	1779.6049 1169.3 1932.1068 546.8 1009.5183 1392.5098 1061.3506 327.2991 691.5 5926.16 2134.7827;
	1825.0046 1189.3825 1937.3 555.0 973.3759 1397.8922 1075.4573 323.2372 702.4678 5854.1509 2153.8057;
	1833.4199 1184.5414 1917.9951 568.2453 967.473 1420.6888 1103.8 339.5 710.5805 6016.5322 2173.548;
	1842.3249 1178.8 1921.5273 549.5665 974.749 1388.9955 1079.0441 330.8009 685.2 5948.2201 2122.4301;
	1840.7458 1161.2298 1891.7383 560.5898 966.9392 1339.5467 1097.2867 308.1964 684.4996 5879.7747 2106.1332;
	1796.3263 1127.437 1819.3518 559.9307 960.9 1263.0834 1059.5159 287.8 679.0 5558.6471 2047.4404;
	1783.0509 1114.5019 1824.9918 554.2184 956.3667 1236.6366 1063.1677 299.37 677.0 5630.3082 2135.4775;
	1747.9414 1131.5981 1839.4465 548.9207 954.787 1246.7999 1075.3727 310.3289 662.1496 5845.7662 2282.2909;
	1746.7715 1117.5488 1844.4945 558.0 977.4011 1266.7592 1058.2181 316.2 664.0498 5819.6333 2274.1379;
	1755.7584 1076.9 1836.5598 557.0628 989.597 1280.2322 1066.6896 308.7456 655.9 5528.7923 2280.8749;
	1789.0905 1130.6133 1862.1705 580.7987 1045.0031 1351.8217 1088.1 338.3 665.0284 5628.0233 2420.9734;
	1814.4703 1137.5634 1870.0217 578.0578 1044.469 1352.5413 1085.3123 334.1 649.7019 5566.767 2377.1176;
	1773.3259 1081.1116 1831.9 578.0462 985.6 1274.898 1030.4683 320.706 616.6983 5378.3615 2266.9845;
	1668.4895 1015.2 1724.6109 557.4207 938.0678 1223.7154 971.7801 296.3 582.436 5155.0196 2127.6189;
	1565.1384 927.3744 1604.6764 539.6558 865.4853 1119.4642 900.447 270.8143 550.2468 4897.9806 1993.9866;
	1581.4568 892.3504 1517.7335 525.3876 803.3964 1061.6646 869.3315 238.0898 502.7433 4660.892 1860.6276;
	1544.5379 878.8 1488.2603 543.4 798.2746 978.1961 824.3851 226.5869 457.1699 4518.1779 1776.521;
];
