function windprofile = ex_wind_profilesh1
%EX_WIND_PROFILE_D  Example wind_load_nyiso profile data for deterministic unit commitment.
% 2022.03.12
% Andres F. Ramirez


%% define constants
[GEN_BUS, PG, QG, QMAX, QMIN, VG, MBASE, GEN_STATUS, PMAX, PMIN, ...
    MU_PMAX, MU_PMIN, MU_QMAX, MU_QMIN, PC1, PC2, QC1MIN, QC1MAX, ...
    QC2MIN, QC2MAX, RAMP_AGC, RAMP_10, RAMP_30, RAMP_Q, APF] = idx_gen;
[CT_LABEL, CT_PROB, CT_TABLE, CT_TBUS, CT_TGEN, CT_TBRCH, CT_TAREABUS, ...
    CT_TAREAGEN, CT_TAREABRCH, CT_ROW, CT_COL, CT_CHGTYPE, CT_REP, ...
    CT_REL, CT_ADD, CT_NEWVAL, CT_TLOAD, CT_TAREALOAD, CT_LOAD_ALL_PQ, ...
    CT_LOAD_FIX_PQ, CT_LOAD_DIS_PQ, CT_LOAD_ALL_P, CT_LOAD_FIX_P, ...
    CT_LOAD_DIS_P, CT_TGENCOST, CT_TAREAGENCOST, CT_MODCOST_F, ...
    CT_MODCOST_X] = idx_ct;

windprofile = struct( ...
    'type', 'mpcData', ...
    'table', CT_TGEN, ...
    'rows', [1:45], ...
    'col', PMAX, ...
    'chgtype', 1, ...
    'values', [] );
windprofile.values(:,1,:) = [
	3.76 50.8054 90.2726 114.6622 14.3509 32.8963 22.5205 17.7293 0.0 15.1366 27.9797 41.7403 62.8398 51.8002 203.7874 76.7757 95.2587 100.9458 85.1842 73.5993 7.5068 76.7581 22.7348 86.307 100.8472 71.585 13.5806 1180.8148 772.2834 772.2834 677.9779 104.6356 283.9474 189.4447 162.4006 329.5076 1011.827 248.9063 437.1303 270.1266 120.8474 364.9298 204.2758 263.8847 1022.3669;
	3.6486 49.3005 89.0278 111.6576 14.4337 32.0474 21.343 17.5279 0.0922 11.5199 21.2944 31.7671 47.8252 61.9457 198.8628 74.9204 92.9568 98.5065 85.2471 73.6202 7.1143 74.7773 26.2575 84.1499 97.9326 70.8927 13.0005 1169.228 766.9899 766.9899 711.1752 108.355 284.1569 189.4986 194.2082 327.249 1078.6164 241.4551 435.9289 262.3195 120.1177 355.5127 188.0553 268.7165 1089.852;
	3.1096 42.018 86.7507 109.3205 14.037 32.8428 23.4294 17.3988 15.6582 12.9956 24.0221 35.8363 53.9513 58.0877 187.1262 70.4987 87.4706 92.6928 86.7086 73.9069 7.8098 76.6332 23.9035 84.7013 97.1833 71.1368 13.1186 1119.454 753.3106 753.3106 631.3075 104.2433 289.0286 190.2365 182.1129 321.4125 1080.2377 255.8004 438.982 260.3123 118.3971 364.3363 190.7676 257.2125 1091.4902;
	3.3259 44.9407 83.0334 109.0782 13.615 32.1362 21.7068 17.3471 22.292 28.3633 52.4292 78.214 117.7507 64.0121 201.6926 75.9865 94.2796 99.9082 89.7407 73.6428 7.2356 74.9846 24.5399 82.5993 96.5519 71.4066 13.0087 1140.285 770.1292 770.1292 732.2008 103.4389 299.1358 189.5569 200.6866 328.5885 1037.4928 271.5147 433.5391 258.6211 118.7197 356.498 156.7564 251.7087 1048.3001;
	2.5851 34.9301 86.1543 108.3032 12.2842 27.9929 29.5603 17.3397 25.8363 29.5206 54.5684 81.4054 122.5554 64.7627 203.456 76.6509 95.1038 100.7817 91.7755 73.781 9.8534 65.3167 73.5285 83.6808 96.7715 69.9532 13.009 1182.6138 766.0634 766.0634 738.9122 109.7662 305.9183 189.9124 203.0398 326.8537 984.1874 311.1911 434.5442 259.2094 121.8117 310.5344 160.6775 250.8319 994.4393;
	3.4978 47.263 86.6279 109.0991 13.0946 31.0621 13.4998 17.7944 21.2629 27.7709 51.3341 76.5804 115.2914 47.5035 204.0869 76.8886 95.3988 101.0942 67.1396 73.416 4.4999 72.4783 70.363 84.2509 96.9864 72.6097 13.7318 1074.1133 735.1982 735.1982 709.1083 108.9508 223.7988 188.9731 148.93 313.6846 1014.4005 299.3511 387.3116 259.7851 119.9822 344.5828 141.1727 258.4468 1024.9672;
	3.5576 48.0715 87.7246 112.4447 13.9289 32.2712 10.5122 18.0544 24.4837 28.3847 52.4687 78.273 117.8396 63.8397 200.108 75.3895 93.5388 99.1233 89.0076 73.9776 3.5041 75.2994 70.4802 86.0127 99.5854 74.6927 13.768 1158.9923 756.0386 756.0386 731.191 108.9859 296.6922 190.4185 200.1461 322.5765 1048.6077 324.2557 361.2812 266.7466 119.3839 357.9947 156.473 261.1417 1059.5307;
	3.5671 48.1995 89.6116 112.4885 13.9319 32.5615 0.0 17.8466 0.0 28.2186 52.1616 77.8148 117.1498 43.0207 205.0407 77.2479 95.8446 101.5667 90.6111 74.0042 0.0 75.9769 74.1213 85.0558 100.9504 74.5595 13.9695 1146.575 726.0369 726.0369 688.381 112.0853 302.0371 190.4869 134.8757 309.7757 1048.3577 319.8902 128.157 270.4029 121.1633 361.216 181.9078 262.6449 1059.2781;
	3.5649 48.1693 91.1905 113.9419 13.9493 28.2032 0.0 17.4269 3.6512 28.383 52.4655 78.2683 117.8324 27.3231 201.6422 75.9675 94.256 99.8832 89.336 73.7306 0.0 65.8074 72.9476 85.2315 99.8593 70.8446 13.5293 983.2545 602.8842 602.8842 583.4455 101.1835 297.7866 189.7828 85.6617 257.2306 800.8094 261.184 8.3212 267.4804 121.2359 312.8672 165.8955 267.1965 809.1512;
	3.6492 49.3085 92.0118 115.5507 14.4023 26.8686 0.0 18.2739 1.6496 25.9499 47.968 71.5588 107.7314 20.9867 198.9536 74.9546 92.9993 98.5515 91.5131 73.7595 0.0 62.6935 53.7019 88.7523 102.9142 73.3797 13.8045 740.5974 579.4269 579.4269 542.3759 104.9829 305.0435 189.8571 65.796 247.2222 607.2468 251.4496 4.1529 275.6629 121.7524 298.0627 140.4268 271.0909 613.5723;
	3.5803 48.3775 92.4708 116.6273 14.2122 25.8419 0.0 17.6222 2.1609 29.2582 54.0833 80.6817 121.4658 8.9046 200.0769 75.3778 93.5243 99.1078 82.8253 73.2469 0.0 60.2977 74.0327 87.6327 100.8008 69.6648 13.8678 617.0466 666.5536 666.5536 532.2275 112.6097 276.0843 188.5376 27.917 284.3962 626.0913 220.2551 35.1424 270.0021 121.0689 286.6726 141.0606 260.2698 632.6131;
	3.468 46.8605 89.9377 112.2024 14.6346 18.1448 0.0 17.5451 2.0644 26.734 49.4174 73.7211 110.9867 1.8617 199.86 75.2961 93.4229 99.0004 38.4294 73.1147 0.0 42.338 71.6153 85.7529 99.7483 70.1686 13.8066 507.8791 696.5488 696.5488 514.9241 117.7332 128.0981 188.1974 5.8367 297.1942 688.7161 221.3766 23.2486 267.183 121.5843 201.2869 133.4501 257.7733 695.8902;
	3.8178 51.5864 91.2605 113.812 14.6493 19.6011 0.0 17.4202 24.7672 21.85 40.3893 60.2529 90.7104 49.8754 200.2158 75.4301 93.5893 99.1767 63.5662 73.5196 0.0 45.736 71.4925 85.0151 102.2511 70.8984 13.9186 567.9574 661.6269 661.6269 509.2345 115.3495 211.8874 189.2397 156.3661 282.2941 538.9799 243.8201 11.8074 273.8867 120.4493 217.442 137.2408 263.165 544.5943;
	3.7945 51.2717 92.1033 116.2125 14.7335 20.9162 4.4127 17.9541 19.3153 20.3065 37.5363 55.9967 84.3028 40.0722 204.0775 76.885 95.3944 101.0896 60.4074 73.2594 1.4709 48.8044 70.8749 86.3955 101.2808 71.157 14.0633 477.3001 680.5453 680.5453 479.8851 102.6075 201.358 188.5698 125.6318 290.366 630.429 242.1205 114.3638 271.288 118.8634 232.03 157.0078 271.3437 636.996;
	3.8516 52.0438 91.087 117.3391 14.8209 20.7826 1.8842 17.5763 1.5516 23.6625 43.7398 65.2512 98.2353 35.9126 201.9495 76.0833 94.3997 100.0355 72.7773 72.3513 0.6281 48.4928 70.7602 84.8327 99.641 72.1668 13.7861 365.8622 675.8213 675.8213 456.1688 97.0782 242.5909 186.2324 112.5908 288.3504 567.6593 250.7155 125.173 266.8956 120.5937 230.5487 172.7798 245.3119 573.5725;
	3.5933 48.5536 93.1258 117.6181 14.4112 11.5923 0.0078 18.176 1.1115 25.651 47.4154 70.7345 106.4903 25.4982 192.7283 72.6093 90.0893 95.4677 66.7989 70.4097 0.0026 27.0487 71.175 86.876 102.5507 72.3509 14.058 357.6314 538.8398 538.8398 396.4824 94.0253 222.663 181.2347 79.9403 229.905 436.2747 231.7023 141.0616 274.6894 122.4175 128.5971 157.0679 237.6514 440.8192;
	3.6465 49.2724 94.5031 118.5655 14.5606 21.8004 1.4563 18.4997 8.0367 27.1806 50.2429 74.9526 112.8407 34.6426 192.6169 72.5673 90.0372 95.4125 63.5612 71.6278 0.4854 50.8676 71.1554 86.2688 103.6945 72.45 13.7985 923.0965 485.5824 485.5824 296.3331 89.8425 211.8707 184.3701 108.6092 207.1818 781.9622 242.4409 122.1198 277.7532 120.1449 241.8391 143.1443 240.9822 790.1076;
	3.3288 44.9796 91.2413 114.01 13.9497 21.1149 0.0 17.9204 2.9343 27.8389 51.4598 76.7679 115.5737 53.708 186.7691 70.3642 87.3037 92.5159 76.0175 70.2055 0.0 49.2681 70.2606 84.4029 99.7641 71.3493 13.5875 1089.5482 574.7238 574.7238 209.6039 66.1861 253.3917 180.7092 168.3819 245.2155 890.4949 204.8197 127.7497 267.2252 121.0392 234.2348 164.3702 259.6092 899.7709;
