function loadprofile = ex_load_profilesh1
%EX_LOAD_PROFILE  Example load profile data file for stochastic unit commitment.
% 2022.03.12
% Andres F. Ramirez

%% define constants
[CT_LABEL, CT_PROB, CT_TABLE, CT_TBUS, CT_TGEN, CT_TBRCH, CT_TAREABUS, ...
    CT_TAREAGEN, CT_TAREABRCH, CT_ROW, CT_COL, CT_CHGTYPE, CT_REP, ...
    CT_REL, CT_ADD, CT_NEWVAL, CT_TLOAD, CT_TAREALOAD, CT_LOAD_ALL_PQ, ...
    CT_LOAD_FIX_PQ, CT_LOAD_DIS_PQ, CT_LOAD_ALL_P, CT_LOAD_FIX_P, ...
    CT_LOAD_DIS_P, CT_TGENCOST, CT_TAREAGENCOST, CT_MODCOST_F, ...
    CT_MODCOST_X] = idx_ct;

loadprofile = struct( ...
    'type', 'mpcData', ...
    'table', CT_TAREALOAD, ...
    'rows', [1:11], ...
    'col', CT_LOAD_ALL_P, ...
    'chgtype', 1, ...
    'values', [] );
loadprofile.values(:,1,:) = [
	1409.5984 895.7386 1490.5018 478.6832 747.1261 1074.6513 833.656 204.169 479.8234 4346.7002 1753.2481;
	1416.6883 899.2 1487.0943 456.2618 732.9 1074.3208 808.7488 211.2915 477.6676 4286.9011 1679.7044;
	1475.2296 916.3 1502.772 496.3844 723.3229 1092.0187 831.2413 215.0373 488.6401 4359.6118 1783.0621;
	1517.5482 968.0558 1596.8998 499.6415 772.3499 1166.9349 883.0 228.0 531.0731 4530.8205 1859.9435;
	1654.0 1075.7134 1805.5004 553.0299 909.6385 1321.7359 991.8984 268.2176 615.6855 4971.54 2098.9145;
	1782.642 1144.5188 1949.7633 552.1307 987.575 1395.0416 1043.7958 287.4552 679.89 5458.296 2208.377;
	1816.5782 1151.9906 1920.507 534.1312 967.331 1348.1729 1059.6936 316.3019 701.0147 5653.2703 2291.9056;
	1820.753 1166.9635 1930.1 555.4 950.6 1312.6518 1085.6701 323.0244 701.3465 5868.2024 2392.5413;
	1851.9 1170.7225 1953.6576 550.7 960.6609 1294.3959 1081.6627 322.6 712.5801 6010.3105 2381.4;
	1894.7576 1171.9287 1943.7901 552.3 936.8 1255.2257 1114.3555 319.6357 718.6737 6117.417 2453.3387;
	1852.5391 1150.7992 1925.6517 549.299 922.5418 1197.0062 1098.4317 312.5796 712.9444 6080.631 2369.6756;
	1873.3494 1153.7288 1827.8073 547.8909 910.3533 1158.8731 1075.8883 320.3 706.3058 5977.0821 2283.939;
	1851.9115 1127.352 1829.2255 532.34 921.3085 1195.7682 1097.8077 328.7661 731.9221 6003.5552 2348.8061;
	1793.9097 1128.6275 1825.5679 535.8428 927.3391 1175.8224 1053.0072 338.0365 748.3089 5960.7518 2363.1;
	1773.0654 1121.232 1778.0177 536.2055 933.0724 1152.0839 1035.4897 336.4013 724.7 5912.099 2440.9234;
	1777.3017 1110.3107 1780.5452 553.1664 956.1427 1223.348 1033.9871 348.3476 742.5122 5852.2095 2390.361;
	1821.8713 1124.1571 1802.1351 541.5301 986.8 1259.7776 1025.9277 323.4 692.1442 5789.3911 2462.6858;
	1851.355 1150.7234 1856.8649 566.5331 1019.2876 1314.4797 1076.9753 348.0218 705.3 5834.9964 2485.648;
	1837.027 1137.5 1849.7207 554.8 986.958 1308.6312 1075.6546 346.3 685.2 5722.9886 2428.8697;
	1780.7 1078.2012 1760.2653 545.8123 924.4 1215.4409 1025.0742 320.2264 635.05 5466.8966 2315.2;
	1729.7056 1021.0 1660.2033 522.0967 869.7727 1118.8848 930.2754 295.3 595.7064 5177.615 2122.3189;
	1636.3748 951.7135 1576.7 518.9132 821.5 1074.4664 871.6043 257.3442 549.5704 4883.4279 1947.6028;
	1607.9309 943.225 1575.7305 521.0 786.9551 1087.2 903.5082 254.1 522.9641 4779.088 1831.9828;
	1550.4887 906.5161 1549.937 518.9788 766.8154 1103.3449 868.9207 242.1362 491.8196 4808.8616 1816.6044;
];
