function solarprofile = ex_solar_profilesh1
%EX_WIND_PROFILE_D  Example wind_load_nyiso profile data for deterministic unit commitment.
% 2022.03.12
% Andres F. Ramirez


%% define constants
[GEN_BUS, PG, QG, QMAX, QMIN, VG, MBASE, GEN_STATUS, PMAX, PMIN, ...
    MU_PMAX, MU_PMIN, MU_QMAX, MU_QMIN, PC1, PC2, QC1MIN, QC1MAX, ...
    QC2MIN, QC2MAX, RAMP_AGC, RAMP_10, RAMP_30, RAMP_Q, APF] = idx_gen;
[CT_LABEL, CT_PROB, CT_TABLE, CT_TBUS, CT_TGEN, CT_TBRCH, CT_TAREABUS, ...
    CT_TAREAGEN, CT_TAREABRCH, CT_ROW, CT_COL, CT_CHGTYPE, CT_REP, ...
    CT_REL, CT_ADD, CT_NEWVAL, CT_TLOAD, CT_TAREALOAD, CT_LOAD_ALL_PQ, ...
    CT_LOAD_FIX_PQ, CT_LOAD_DIS_PQ, CT_LOAD_ALL_P, CT_LOAD_FIX_P, ...
    CT_LOAD_DIS_P, CT_TGENCOST, CT_TAREAGENCOST, CT_MODCOST_F, ...
    CT_MODCOST_X] = idx_ct;

solarprofile = struct( ...
    'type', 'mpcData', ...
    'table', CT_TGEN, ...
    'rows', [1:12], ...
    'col', PMAX, ...
    'chgtype', 1, ...
    'values', [] );
solarprofile.values(:,1,:) = [
	0.0 0.0 0.0 0.0 0.0 0.0 0.0 0.0 0.0 0.0 0.0 0.0;
	0.0 0.0 0.0 0.0 0.0 0.0 0.0 0.0 0.0 0.0 0.0 0.0;
	0.0 0.0 0.0 0.0 0.0 0.0 0.0 0.0 0.0 0.0 0.0 0.0;
	0.0 0.0 0.0 0.0 0.0 0.0 0.0 0.0 0.0 0.0 0.0 0.0;
	0.0 0.0 0.0 0.0 0.0 0.0 0.0 0.0 0.0 0.0 0.0 0.0;
	0.4279 0.3585 0.307 0.0 0.0 0.2426 0.0303 1.0637 0.0956 0.0 0.0 0.0;
	12.6308 4.824 3.8922 2.6359 1.3556 152.6239 19.078 44.5516 174.5614 153.3112 39.977 277.6476;
	10.4784 6.7192 5.119 1.6057 2.7099 35.153 4.3941 16.3826 91.033 166.5579 112.9775 301.6374;
	14.0069 9.1031 4.6988 2.0456 4.3892 26.9938 3.3742 13.1841 69.4205 222.0119 142.0886 402.0649;
	16.5379 11.5859 9.1774 11.2254 13.5963 162.0138 20.2517 28.8648 179.8727 284.1189 148.0561 514.541;
	17.8658 13.428 11.4162 11.8546 13.4548 240.2549 30.0319 29.5426 214.2848 309.5182 162.6525 560.5393;
	16.6993 13.6217 11.9763 11.9317 13.0199 214.6844 26.8356 21.294 194.4446 286.2849 152.6341 518.4638;
	10.7594 10.8843 9.7483 11.6318 10.0393 222.1371 27.7671 28.4022 201.32 111.4741 61.7992 201.8803;
	9.0388 8.374 8.3883 11.2778 9.5721 213.1244 26.6405 34.3576 203.3122 86.6363 81.114 156.8989;
	7.7813 6.9166 5.8799 10.4195 8.8422 240.5413 30.0677 53.3014 225.8301 104.017 81.5717 188.3755;
	2.8356 1.7433 1.9204 6.9969 3.8658 324.569 40.5711 70.0964 265.5406 66.8709 11.8812 121.1035;
	0.4922 0.308 0.4599 1.1277 1.2496 56.4251 7.0531 8.2821 52.3551 35.7017 4.1551 64.656;
	0.0 0.0 0.0 0.0 0.0 0.0 0.0 0.0 0.0 0.0 0.0 0.0;
	0.0 0.0 0.0 0.0 0.0 0.0 0.0 0.0 0.0 0.0 0.0 0.0;
	0.0 0.0 0.0 0.0 0.0 0.0 0.0 0.0 0.0 0.0 0.0 0.0;
	0.0 0.0 0.0 0.0 0.0 0.0 0.0 0.0 0.0 0.0 0.0 0.0;
	0.0 0.0 0.0 0.0 0.0 0.0 0.0 0.0 0.0 0.0 0.0 0.0;
	0.0 0.0 0.0 0.0 0.0 0.0 0.0 0.0 0.0 0.0 0.0 0.0;
	0.0 0.0 0.0 0.0 0.0 0.0 0.0 0.0 0.0 0.0 0.0 0.0;
];
