function windprofile = ex_wind_profilesh1
%EX_WIND_PROFILE_D  Example wind_load_nyiso profile data for deterministic unit commitment.
% 2022.03.12
% Andres F. Ramirez


%% define constants
[GEN_BUS, PG, QG, QMAX, QMIN, VG, MBASE, GEN_STATUS, PMAX, PMIN, ...
    MU_PMAX, MU_PMIN, MU_QMAX, MU_QMIN, PC1, PC2, QC1MIN, QC1MAX, ...
    QC2MIN, QC2MAX, RAMP_AGC, RAMP_10, RAMP_30, RAMP_Q, APF] = idx_gen;
[CT_LABEL, CT_PROB, CT_TABLE, CT_TBUS, CT_TGEN, CT_TBRCH, CT_TAREABUS, ...
    CT_TAREAGEN, CT_TAREABRCH, CT_ROW, CT_COL, CT_CHGTYPE, CT_REP, ...
    CT_REL, CT_ADD, CT_NEWVAL, CT_TLOAD, CT_TAREALOAD, CT_LOAD_ALL_PQ, ...
    CT_LOAD_FIX_PQ, CT_LOAD_DIS_PQ, CT_LOAD_ALL_P, CT_LOAD_FIX_P, ...
    CT_LOAD_DIS_P, CT_TGENCOST, CT_TAREAGENCOST, CT_MODCOST_F, ...
    CT_MODCOST_X] = idx_ct;

windprofile = struct( ...
    'type', 'mpcData', ...
    'table', CT_TGEN, ...
    'rows', [1:45], ...
    'col', PMAX, ...
    'chgtype', 1, ...
    'values', [] );
windprofile.values(:,1,:) = [
	4.0025 54.0828 92.8429 114.7535 14.7917 33.0789 31.3506 18.7832 11.1682 18.2189 33.6773 50.2399 75.6359 53.5954 195.7266 73.7388 91.4908 96.9529 73.958 66.6727 10.4502 77.184 22.9433 85.6061 102.7263 75.3976 13.6388 1275.605 809.774 809.774 702.7889 106.9819 246.5267 171.6156 168.0288 345.5036 1124.3279 237.2975 467.5244 275.1598 121.5604 366.955 213.6472 281.0337 1136.0396;
	3.9829 53.8173 94.8461 117.8496 15.1741 34.6 31.8294 18.5444 12.3883 14.7835 27.327 40.7665 61.3738 65.8307 183.3738 69.085 85.7166 90.834 59.5304 67.0674 10.6098 80.7332 24.1074 83.7927 100.6924 72.9727 13.0664 1269.5224 818.4145 818.4145 739.9902 110.6778 198.4347 172.6316 206.388 349.1902 1198.8656 244.1992 477.2749 269.7118 120.7441 383.8288 217.0764 284.2066 1211.3538;
	3.9167 52.9233 92.2839 114.2777 14.8881 34.8333 32.222 17.7964 22.4462 15.9917 29.5604 44.0983 66.3898 64.1353 137.0307 51.6255 64.0539 67.878 60.8019 63.8349 10.7407 81.2777 23.7953 84.7955 100.4398 71.5531 12.809 1264.8092 793.3175 793.3175 694.2814 110.5875 202.6731 164.3113 201.073 338.4822 1189.9738 259.1869 461.6617 269.0352 119.7868 386.4172 215.9558 267.0525 1202.3693;
	3.8336 51.8002 89.6642 113.6479 15.0579 34.7473 30.7563 17.472 27.2056 29.4206 54.3835 81.1294 122.1399 64.7844 189.5272 71.4033 88.5929 93.8821 78.0349 62.088 10.2521 81.0769 22.9602 82.1235 96.7132 70.3749 12.3265 1244.9474 758.0307 758.0307 690.1932 112.4511 260.1163 159.8148 203.1079 323.4264 1126.1848 266.7619 455.2142 259.0533 117.1142 385.4629 188.3241 261.2662 1137.9158;
	3.3113 44.7425 90.9234 113.0729 14.9703 32.412 30.7895 17.6424 27.0997 30.0144 55.4813 82.7671 124.6054 63.3878 192.8674 72.6617 90.1543 95.5366 84.2356 66.9889 10.2632 75.628 71.2496 83.6351 98.1735 69.0138 12.686 1250.7398 724.6421 724.6421 659.3587 113.6086 280.7852 172.4295 198.7292 309.1806 1040.6278 295.1931 454.1166 262.9647 122.4689 359.5572 181.3752 262.8213 1051.4677;
	3.8256 51.692 93.6426 113.5519 14.6026 34.231 18.6623 17.9621 25.4645 29.3329 54.2214 80.8877 121.776 49.921 192.1044 72.3742 89.7976 95.1587 39.1887 68.3744 6.2208 79.8724 70.5789 83.6699 99.3694 71.8504 13.2029 1187.3024 727.6456 727.6456 638.2903 115.5928 130.6291 175.9958 156.5092 310.4621 1083.9906 285.7235 447.5481 266.168 118.8471 379.7364 161.9741 271.549 1095.2821;
	3.8322 51.7818 92.6411 114.2282 14.2239 34.2284 13.2061 17.7037 24.7933 28.3624 52.4274 78.2114 117.7468 63.3756 192.4855 72.5178 89.9758 95.3475 72.6553 70.3301 4.402 79.8663 68.2938 84.3005 100.3137 69.7937 13.1951 1239.752 738.0462 738.0462 671.7933 112.282 242.1843 181.0299 198.691 314.8997 1132.9903 285.2786 413.1295 268.6974 120.7649 379.7074 177.7742 272.3444 1144.7922;
	3.8579 52.1289 93.789 114.6488 14.2429 34.6069 3.6689 17.8571 0.821 28.7887 53.2154 79.3869 119.5165 43.6915 200.1925 75.4214 93.5783 99.1651 81.4228 71.6745 1.223 80.7494 71.2006 83.3798 98.017 72.2718 13.4055 1273.5 734.4802 734.4802 690.2148 117.008 271.4092 184.4902 136.9788 313.3782 1147.5653 313.065 177.5758 262.5456 119.9999 383.9055 202.0311 275.4832 1159.5191;
	3.9179 52.9394 95.2569 119.6643 15.1861 34.2902 8.5162 18.6384 6.7644 29.3481 54.2495 80.9295 121.839 25.414 198.9539 74.9547 92.9994 98.5516 86.7283 71.662 2.8387 80.0104 71.1205 87.0716 102.0535 74.7268 13.5643 1181.8875 660.1046 660.1046 696.5214 116.4397 289.0945 184.4583 79.6764 281.6446 981.0571 292.0126 91.2074 273.3575 120.241 380.3921 193.1937 280.8275 991.2765;
	3.9063 52.7822 93.5314 118.9976 15.1642 32.4444 1.7814 18.7762 0.0 26.385 48.7723 72.7586 109.5377 19.6638 201.1505 75.7823 94.0261 99.6396 88.1952 72.535 0.5938 75.7036 48.5996 88.5055 101.5018 75.884 13.2138 991.0223 598.0406 598.0406 579.7486 116.4274 293.984 186.7054 61.6487 255.164 817.6165 268.7919 11.5959 271.8798 120.3244 359.9167 155.8559 279.3866 826.1333;
	3.7737 50.9909 94.3414 116.7806 14.943 27.1805 9.1614 18.7207 0.8481 29.8144 55.1114 82.2154 123.7749 0.6742 200.9965 75.7243 93.9542 99.5634 85.2896 71.8492 3.0538 63.4211 71.3636 87.994 98.8533 74.3117 13.267 825.1331 665.2931 665.2931 523.6013 117.9378 284.2986 184.94 2.1138 283.8584 783.5539 220.9769 182.8668 264.7855 118.6091 301.5219 143.7298 271.331 791.7159;
	3.6223 48.9447 93.776 114.7635 14.9839 20.3925 12.1347 18.6386 6.2762 28.4237 52.5407 78.3804 118.0013 1.3292 203.2649 76.5789 95.0145 100.687 40.7657 72.6748 4.0449 47.5826 70.7937 86.9201 99.0313 72.8517 13.2907 609.1753 734.3658 734.3658 533.4626 117.5316 135.8855 187.0652 4.1673 313.3294 846.6939 231.6783 158.3992 265.2623 121.7505 226.2213 137.0198 272.6045 855.5137;
	3.8741 52.3471 91.963 111.9218 14.7667 22.6704 3.4743 17.9591 25.7355 25.7084 47.5216 70.8929 106.7289 46.8536 192.7384 72.6131 90.094 95.4727 55.4198 71.4539 1.1581 52.8975 71.1648 84.3248 98.474 71.9501 13.4244 620.9406 665.7871 665.7871 499.043 111.1174 184.7328 183.9225 146.8922 284.0692 586.9024 231.6809 90.3071 263.7698 122.8289 251.49 146.1088 273.3965 593.016;
	3.8683 52.2697 91.4452 115.1941 15.0094 22.335 13.8862 17.5092 19.2591 25.008 46.2268 68.9613 103.8209 36.12 196.3419 73.9707 91.7784 97.2577 57.9255 71.8889 4.6287 52.115 69.9888 83.4891 96.437 71.6473 13.1448 549.5286 684.2998 684.2998 474.9339 98.2269 193.0851 185.0422 113.2411 291.9679 672.4892 248.8984 174.8083 258.3134 123.5179 247.7697 166.2603 266.0754 679.4943;
	3.8986 52.6786 92.4383 116.3067 14.7992 19.7547 7.3806 17.9302 0.0 26.279 48.5764 72.4664 109.0978 31.0735 191.8183 72.2664 89.6639 95.017 75.8588 71.2781 2.4602 46.0943 66.9848 85.9529 97.5464 72.0297 13.185 374.0785 660.0092 660.0092 454.3097 92.0375 252.8627 183.4699 97.4197 281.6039 563.555 244.1374 60.433 261.285 123.6455 219.1454 161.612 249.0628 569.4253;
	3.6315 49.0691 93.5069 117.2494 14.5596 10.8665 6.5627 18.1675 0.0 27.4675 50.7732 75.7437 114.0317 24.039 179.6154 67.6691 83.9598 88.9723 67.4048 71.4812 2.1876 25.3552 69.1792 86.9523 100.4854 72.0069 13.4172 399.5885 525.5414 525.5414 404.6496 95.163 224.6826 183.9929 75.3656 224.231 447.9665 234.1911 56.113 269.1573 123.7583 120.546 156.8604 253.5128 452.6328;
	3.5265 47.6508 93.7007 118.2663 14.4311 18.6698 0.1717 18.7086 0.0 26.9971 49.9037 74.4465 112.0787 34.1886 184.2641 69.4204 86.1328 91.275 67.6746 71.917 0.0572 43.5628 70.0014 86.9338 105.0413 72.1577 13.5288 927.9297 440.2975 440.2975 292.6555 92.7647 225.5818 185.1146 107.186 187.8603 769.1309 236.31 98.9128 281.3607 123.5268 207.1099 130.39 255.1268 777.1427;
	3.4437 46.5322 93.6962 119.4448 15.0221 23.0607 2.7645 18.9688 1.5721 28.9038 53.4282 79.7043 119.9944 60.9441 193.5599 72.9226 90.478 95.8797 82.2095 73.6184 0.9215 53.8084 73.0329 86.479 105.5697 73.8349 13.8426 1178.0559 541.2269 541.2269 202.5324 71.7736 274.0317 189.4938 191.0679 230.9235 969.3959 211.7234 127.8912 282.7761 123.9001 255.8204 170.6313 279.8079 979.4938;
