function loadprofile = ex_load_profilesh1
%EX_LOAD_PROFILE  Example load profile data file for stochastic unit commitment.
% 2022.03.12
% Andres F. Ramirez

%% define constants
[CT_LABEL, CT_PROB, CT_TABLE, CT_TBUS, CT_TGEN, CT_TBRCH, CT_TAREABUS, ...
    CT_TAREAGEN, CT_TAREABRCH, CT_ROW, CT_COL, CT_CHGTYPE, CT_REP, ...
    CT_REL, CT_ADD, CT_NEWVAL, CT_TLOAD, CT_TAREALOAD, CT_LOAD_ALL_PQ, ...
    CT_LOAD_FIX_PQ, CT_LOAD_DIS_PQ, CT_LOAD_ALL_P, CT_LOAD_FIX_P, ...
    CT_LOAD_DIS_P, CT_TGENCOST, CT_TAREAGENCOST, CT_MODCOST_F, ...
    CT_MODCOST_X] = idx_ct;

loadprofile = struct( ...
    'type', 'mpcData', ...
    'table', CT_TAREALOAD, ...
    'rows', [1:11], ...
    'col', CT_LOAD_ALL_P, ...
    'chgtype', 1, ...
    'values', [] );
loadprofile.values(:,1,:) = [
	1549.6 896.0465 1558.2336 508.7248 823.8242 1176.9918 916.984 231.0384 518.1231 4414.8098 1638.3828;
	1523.3572 894.7553 1549.6683 506.5819 788.7938 1132.7141 865.0527 215.1844 499.4 4315.0034 1597.6805;
	1545.7221 909.4643 1586.0953 507.7856 829.493 1178.97 895.6111 227.9 516.2515 4384.4755 1633.369;
	1618.4408 974.407 1663.3743 525.2 864.7204 1207.0401 906.6985 258.904 545.5863 4563.593 1727.4285;
	1734.8295 1084.8589 1846.2419 565.7914 974.1456 1332.8757 995.7812 275.2018 611.0 4965.3 1820.2982;
	1792.7195 1157.4792 1966.2302 579.6242 1046.6581 1431.1776 1065.4073 306.5023 666.3483 5468.4699 2026.8792;
	1844.4568 1185.7349 1990.7647 584.6 1037.648 1390.8485 1108.4987 339.2458 690.5556 5799.6745 2165.2043;
	1859.1456 1227.65 2045.953 576.3918 1056.1513 1372.6927 1104.9374 336.3129 712.9783 6071.1731 2127.1559;
	1835.0673 1234.2919 2108.2991 566.5 1057.7396 1386.5103 1137.1135 330.779 737.1678 6197.5838 2078.8863;
	1810.7455 1236.3392 2130.2208 559.6 1042.1406 1384.8006 1136.8345 323.4544 720.1 6221.4019 2064.9468;
	1805.4199 1238.3282 2128.9325 538.9508 1028.2 1388.1673 1152.1 328.6 721.6175 6307.5103 2031.9547;
	1834.1446 1267.8209 2116.9618 532.5802 977.4403 1382.6157 1154.4895 337.5168 720.8526 6343.7817 2081.2886;
	1795.4721 1191.242 2044.6031 518.9 966.3305 1325.8139 1118.8837 332.0593 727.986 6335.4357 2111.937;
	1803.1 1178.4417 2106.7319 538.5238 946.0794 1327.7563 1055.2448 300.2455 750.4029 6322.8008 2122.7332;
	1815.806 1174.8614 2044.258 541.3978 955.692 1342.3462 1059.0688 322.6354 698.9674 6363.0797 2185.6436;
	1765.8176 1140.646 2025.3047 528.2 947.8103 1337.9034 1078.8 313.0307 689.9174 6293.1006 2201.6804;
	1803.9517 1153.3275 2040.3112 552.8544 950.2636 1366.2165 1059.9006 305.7 677.1995 5939.2935 2244.3096;
	1786.7375 1179.0 2082.177 555.8763 998.7894 1406.7104 1111.9741 303.7082 703.1442 5889.8956 2358.3559;
	1791.3 1161.1054 2061.4114 539.1822 981.5799 1390.756 1101.5 301.3671 692.4681 5769.7117 2324.2762;
	1766.1 1142.761 2008.614 543.717 955.7239 1305.9918 1102.2618 304.3353 678.2676 5636.1895 2281.0257;
	1682.3 1058.0611 1838.3856 516.8276 865.7 1205.4061 993.8036 264.4489 618.8793 5259.7934 2084.3208;
	1592.1662 991.496 1759.2005 517.4 836.3362 1132.6822 945.8199 228.477 572.5601 4926.3142 1941.3103;
	1472.617 904.849 1646.8334 526.2947 814.6451 1103.0 888.754 241.1 544.9638 4743.3053 1825.7802;
	1505.7582 906.7333 1658.649 518.5968 807.5967 1076.7459 848.7 233.7 521.1941 4536.1557 1713.4284;
];
