function solarprofile = ex_solar_profilesh1
%EX_WIND_PROFILE_D  Example wind_load_nyiso profile data for deterministic unit commitment.
% 2022.03.12
% Andres F. Ramirez


%% define constants
[GEN_BUS, PG, QG, QMAX, QMIN, VG, MBASE, GEN_STATUS, PMAX, PMIN, ...
    MU_PMAX, MU_PMIN, MU_QMAX, MU_QMIN, PC1, PC2, QC1MIN, QC1MAX, ...
    QC2MIN, QC2MAX, RAMP_AGC, RAMP_10, RAMP_30, RAMP_Q, APF] = idx_gen;
[CT_LABEL, CT_PROB, CT_TABLE, CT_TBUS, CT_TGEN, CT_TBRCH, CT_TAREABUS, ...
    CT_TAREAGEN, CT_TAREABRCH, CT_ROW, CT_COL, CT_CHGTYPE, CT_REP, ...
    CT_REL, CT_ADD, CT_NEWVAL, CT_TLOAD, CT_TAREALOAD, CT_LOAD_ALL_PQ, ...
    CT_LOAD_FIX_PQ, CT_LOAD_DIS_PQ, CT_LOAD_ALL_P, CT_LOAD_FIX_P, ...
    CT_LOAD_DIS_P, CT_TGENCOST, CT_TAREAGENCOST, CT_MODCOST_F, ...
    CT_MODCOST_X] = idx_ct;

solarprofile = struct( ...
    'type', 'mpcData', ...
    'table', CT_TGEN, ...
    'rows', [1:12], ...
    'col', PMAX, ...
    'chgtype', 1, ...
    'values', [] );
solarprofile.values(:,1,:) = [
	0.0 0.0 0.0 0.0 0.0 0.0 0.0 0.0 0.0 0.0 0.0 0.0;
	0.0 0.0 0.0 0.0 0.0 0.0 0.0 0.0 0.0 0.0 0.0 0.0;
	0.0 0.0 0.0 0.0 0.0 0.0 0.0 0.0 0.0 0.0 0.0 0.0;
	0.0 0.0 0.0 0.0 0.0 0.0 0.0 0.0 0.0 0.0 0.0 0.0;
	0.0 0.0 0.0 0.0 0.0 0.0 0.0 0.0 0.0 0.0 0.0 0.0;
	0.4361 0.3516 0.3036 0.0 0.0 0.1765 0.0221 0.1431 0.0956 0.0 0.0 0.0;
	4.827 3.286 2.0976 1.3195 1.5406 22.019 2.7524 8.057 37.8005 57.1002 24.3386 103.4088;
	8.6486 6.6856 5.3586 2.3487 3.3916 29.6013 3.7002 5.8907 110.8249 121.1005 18.7063 219.3136;
	13.7144 9.9352 8.5719 3.8028 4.4656 41.5528 5.1941 4.8639 146.8232 209.3915 23.4107 379.2093;
	17.4081 11.3882 12.1961 10.2582 12.512 63.2648 7.9081 7.5903 110.3544 305.8614 126.5999 553.9168;
	17.8804 12.9494 12.3425 10.6464 12.0095 133.0088 16.6261 28.1495 130.4485 304.9315 165.4014 552.2328;
	17.2192 13.0082 11.8457 9.7556 11.4478 141.9261 17.7408 37.6981 131.5498 297.2314 171.3451 538.2879;
	13.4359 8.287 9.2155 8.6355 6.3985 111.0802 13.885 13.8007 138.2712 250.6884 131.4563 453.9981;
	10.0702 6.8754 7.9126 8.9409 5.719 75.056 9.382 5.4818 89.5987 226.575 114.2199 410.3287;
	7.6776 4.6358 5.3741 7.9874 4.4129 55.6908 6.9613 4.4608 53.3452 175.7469 88.5905 318.2786;
	2.043 1.7023 1.6059 5.6466 1.0266 116.7883 14.5985 14.3693 55.9888 16.2757 8.0499 29.4754;
	0.3441 0.4578 0.256 1.8273 0.5204 57.6608 7.2076 6.6444 42.178 0.0 2.2026 0.0;
	0.0 0.0 0.0 0.0 0.0 0.0 0.0 0.0 0.0 0.0 0.0 0.0;
	0.0 0.0 0.0 0.0 0.0 0.0 0.0 0.0 0.0 0.0 0.0 0.0;
	0.0 0.0 0.0 0.0 0.0 0.0 0.0 0.0 0.0 0.0 0.0 0.0;
	0.0 0.0 0.0 0.0 0.0 0.0 0.0 0.0 0.0 0.0 0.0 0.0;
	0.0 0.0 0.0 0.0 0.0 0.0 0.0 0.0 0.0 0.0 0.0 0.0;
	0.0 0.0 0.0 0.0 0.0 0.0 0.0 0.0 0.0 0.0 0.0 0.0;
	0.0 0.0 0.0 0.0 0.0 0.0 0.0 0.0 0.0 0.0 0.0 0.0;
];
