function windprofile = ex_wind_profilesh1
%EX_WIND_PROFILE_D  Example wind_load_nyiso profile data for deterministic unit commitment.
% 2022.03.12
% Andres F. Ramirez


%% define constants
[GEN_BUS, PG, QG, QMAX, QMIN, VG, MBASE, GEN_STATUS, PMAX, PMIN, ...
    MU_PMAX, MU_PMIN, MU_QMAX, MU_QMIN, PC1, PC2, QC1MIN, QC1MAX, ...
    QC2MIN, QC2MAX, RAMP_AGC, RAMP_10, RAMP_30, RAMP_Q, APF] = idx_gen;
[CT_LABEL, CT_PROB, CT_TABLE, CT_TBUS, CT_TGEN, CT_TBRCH, CT_TAREABUS, ...
    CT_TAREAGEN, CT_TAREABRCH, CT_ROW, CT_COL, CT_CHGTYPE, CT_REP, ...
    CT_REL, CT_ADD, CT_NEWVAL, CT_TLOAD, CT_TAREALOAD, CT_LOAD_ALL_PQ, ...
    CT_LOAD_FIX_PQ, CT_LOAD_DIS_PQ, CT_LOAD_ALL_P, CT_LOAD_FIX_P, ...
    CT_LOAD_DIS_P, CT_TGENCOST, CT_TAREAGENCOST, CT_MODCOST_F, ...
    CT_MODCOST_X] = idx_ct;

windprofile = struct( ...
    'type', 'mpcData', ...
    'table', CT_TGEN, ...
    'rows', [1:45], ...
    'col', PMAX, ...
    'chgtype', 1, ...
    'values', [] );
windprofile.values(:,1,:) = [
	3.8994 52.6897 91.9912 116.664 15.2393 34.1042 32.0999 17.565 10.5411 17.8954 33.0794 49.348 74.2931 56.9871 204.0198 76.8633 95.3674 101.061 90.0688 72.8692 10.7 79.5765 23.8746 85.2576 102.0648 73.3893 13.6503 1282.4082 805.5837 805.5837 737.3923 117.137 300.2292 187.5655 178.6624 343.7157 1179.3136 260.311 460.4546 273.3878 119.6045 378.3293 210.991 271.3967 1191.5981;
	3.9405 53.2451 93.4621 115.0028 15.1673 34.5975 32.5733 17.638 12.0876 14.8386 27.4289 40.9185 61.6026 64.7871 197.5181 74.4138 92.3282 97.8404 87.7727 71.4086 10.8578 80.7274 28.602 84.0024 100.3572 72.5123 13.3041 1275.3799 803.4132 803.4132 754.785 118.0137 292.5757 183.8058 203.1164 342.7896 1269.9943 254.9605 469.1779 268.814 119.9876 383.8012 209.0012 268.5631 1283.2234;
	3.9018 52.7223 93.3581 115.631 15.3536 34.8128 33.398 18.2543 23.1011 16.4701 30.4447 45.4175 68.3758 64.1049 190.7716 71.8721 89.1746 94.4985 91.6008 73.8496 11.1327 81.2299 29.8593 86.7999 103.4499 74.3463 13.6315 1277.5367 821.3606 821.3606 743.1211 119.6323 305.3359 190.0891 200.9774 350.4472 1288.8617 278.8366 460.6457 277.098 120.733 386.1903 212.3912 261.3142 1302.2874;
	3.7346 50.4621 89.613 113.4346 15.3428 33.794 32.1426 17.6094 27.7653 30.5742 56.516 84.3108 126.9294 67.9665 204.4062 77.0089 95.548 101.2524 91.7727 73.6773 10.7142 78.8526 31.1466 85.6045 99.5924 71.0078 13.3186 1288.884 819.1014 819.1014 753.9257 116.9867 305.909 189.6456 213.0842 349.4833 1228.9284 288.2278 463.2936 266.7653 118.7793 374.8878 175.1373 247.9591 1241.7298;
	3.0815 41.6372 87.627 112.0805 15.2994 30.565 31.2872 17.4429 27.0884 30.8904 57.1004 85.1826 128.2419 68.117 203.8204 76.7882 95.2742 100.9622 91.1107 73.7646 10.4291 71.3183 75.5326 84.824 96.9695 69.2485 12.8685 1286.7697 795.0176 795.0176 710.2267 115.7416 303.7025 189.8702 213.5561 339.2075 1161.7907 307.9196 451.6354 259.7398 118.8459 339.0674 171.2851 244.9481 1173.8926;
	3.5763 48.3237 90.1097 112.2042 15.3201 32.7848 18.4778 17.6116 25.3945 30.9474 57.2059 85.3399 128.4788 58.4428 204.3795 76.9988 95.5355 101.2391 67.9707 73.8681 6.1593 76.498 75.6509 87.9971 98.132 70.8911 13.3056 1241.4501 792.4487 792.4487 741.2878 117.1626 226.5689 190.1366 183.226 338.1115 1207.8937 302.2604 440.0555 262.8535 119.8519 363.6933 149.7991 254.8806 1220.4759;
	3.5584 48.0822 92.0347 115.9211 15.0286 32.8584 11.8983 17.6396 25.5749 30.8995 57.1172 85.2076 128.2796 69.451 203.6958 76.7412 95.216 100.9005 91.6809 73.7681 3.9661 76.6696 75.7014 88.8869 101.5516 70.3012 13.2183 1286.1614 790.92 790.92 751.2084 117.8142 305.6032 189.8793 217.7384 337.4592 1207.6908 316.3084 357.8893 272.0131 121.2818 364.5094 157.3765 257.5146 1220.2709;
	3.6284 49.0278 92.5587 116.9 15.2517 33.0346 0.1765 17.4723 3.7325 30.6303 56.6196 84.4654 127.1622 48.0832 204.2337 76.9439 95.4674 101.1669 90.5609 72.146 0.0588 77.0807 75.7409 87.3461 98.6031 71.188 13.4126 1307.5815 797.3804 797.3804 785.5877 117.4384 301.8695 185.704 150.7474 340.2156 1248.4351 331.5913 145.3065 264.1154 117.5999 366.4635 194.0769 264.7478 1261.4396;
	3.7253 50.3373 93.1952 116.2856 15.3093 31.893 0.0 17.8025 0.7104 29.971 55.401 82.6474 124.4252 31.2964 198.8249 74.9061 92.9391 98.4877 91.8901 71.4745 0.0 74.4169 74.5684 85.5622 97.9453 70.5262 13.3304 1246.2571 713.5806 713.5806 773.0381 120.4527 306.3004 183.9755 98.1185 304.4611 1080.2321 305.076 0.0 262.3536 119.8995 353.7994 184.948 272.9377 1091.4845;
	3.8772 52.3895 94.166 119.2886 15.3129 32.4682 3.7042 18.4856 2.913 27.2161 50.3085 75.0504 112.988 32.2418 196.904 74.1824 92.0412 97.5362 92.1124 71.3231 1.2347 75.7592 53.4095 88.3212 101.9159 72.3955 13.5872 1100.5515 665.3119 665.3119 639.9572 116.2114 307.0412 183.5859 101.0824 283.8664 868.6189 276.3857 14.3012 272.9889 121.5095 360.1808 169.9282 274.9187 877.667;
	3.6657 49.531 92.4666 117.5775 14.7364 27.3824 0.3678 18.3983 0.5597 29.058 53.7133 80.1297 120.6349 37.2645 200.0488 75.3672 93.5112 99.094 82.9572 71.8895 0.1226 63.8922 71.4215 87.9281 103.0593 70.1088 13.7605 833.6354 688.0914 688.0914 560.084 113.3892 276.5241 185.0436 116.8292 293.5856 770.0052 205.4783 7.3575 276.0516 118.7754 303.762 148.0294 265.8962 778.026;
	3.2019 43.2649 92.6177 115.4373 14.6457 18.3666 1.4952 18.0068 1.1186 26.9459 49.8091 74.3054 111.8664 22.6115 201.4993 75.9137 94.1892 99.8125 42.764 71.1805 0.4984 42.8553 71.3974 87.0998 103.001 71.0602 13.4323 600.8546 749.9991 749.9991 556.9741 114.3181 142.5468 183.2187 70.8901 319.9996 813.9233 208.1912 14.6035 275.8954 121.8081 203.7464 137.6084 265.413 822.4016;
	3.7085 50.1104 93.7174 116.8501 14.5593 19.2643 0.0 18.1255 23.6845 23.2666 43.0079 64.1593 96.5915 50.3844 198.23 74.682 92.661 98.193 61.2193 70.7729 0.0 44.9501 69.807 85.4515 103.6865 70.415 13.5489 636.6455 695.1376 695.1376 548.8463 110.2595 204.0643 182.1696 157.9618 296.592 610.5292 222.9316 3.9214 277.7317 119.8539 213.7056 145.2443 264.5614 616.8888;
	3.6672 49.5519 92.0888 117.1458 14.6491 17.896 0.0 17.9809 16.2993 22.459 41.5152 61.9324 93.2389 36.1066 202.8066 76.4062 94.8003 100.46 65.0195 72.1666 0.0 41.7573 71.2887 85.3507 101.4178 69.6872 13.2894 549.0498 682.2671 682.2671 510.3251 92.751 216.7317 185.757 113.199 291.1006 688.4153 237.5679 0.0 271.6547 118.2699 198.5261 150.2916 258.5893 695.5863;
	3.7359 50.4801 92.8896 119.5619 15.1049 17.7047 0.0 18.7255 1.325 23.8156 44.0229 65.6734 98.871 32.147 193.6114 72.942 90.5021 95.9052 78.296 70.5825 0.0 41.311 68.8747 88.2054 105.4818 71.6253 13.7491 383.7269 672.3465 672.3465 463.272 84.595 260.9867 181.6796 100.7851 286.8679 592.4134 231.8467 0.0 282.5405 117.911 196.4045 159.8848 245.5393 598.5844;
	3.6735 49.637 93.5859 119.1547 15.2667 10.4893 0.3783 18.033 0.0 26.5879 49.1473 73.3181 110.38 21.6326 178.8084 67.365 83.5825 88.5725 65.7519 69.5728 0.1261 24.475 71.7314 88.8026 103.9266 70.294 13.6624 449.4823 549.1189 549.1189 424.8321 88.296 219.1729 179.0807 67.8213 234.2907 495.8393 217.323 0.0 278.3749 120.032 116.3611 163.0736 242.9168 501.0043;
	3.4892 47.1465 90.4278 113.9273 15.1434 18.37 0.0 17.8355 0.0 28.1805 52.0912 77.7098 116.9916 33.7139 185.7453 69.9784 86.8251 92.0087 63.8368 69.9217 0.0 42.8634 74.2665 88.3981 103.8672 70.7865 13.3429 1031.3077 502.9258 502.9258 319.9376 91.4366 212.7894 179.9787 105.6978 214.5817 859.7308 239.0822 67.9738 278.2158 116.6974 203.785 136.6979 231.3882 868.6863;
	3.297 44.5492 90.9629 114.6236 15.2544 21.2278 0.0625 17.9376 2.0414 29.44 54.4193 81.1829 122.2204 60.2288 195.0018 73.4658 91.152 96.5939 81.0506 73.1883 0.0208 49.5316 75.4023 88.1149 101.1978 71.3487 13.5951 1217.599 597.2046 597.2046 224.2848 63.8954 270.1688 188.3868 188.8255 254.8073 1005.4002 210.3845 106.1798 271.0656 116.973 235.4875 171.5927 258.5529 1015.8731;
