function loadprofile = ex_load_profilesh1
%EX_LOAD_PROFILE  Example load profile data file for stochastic unit commitment.
% 2022.03.12
% Andres F. Ramirez

%% define constants
[CT_LABEL, CT_PROB, CT_TABLE, CT_TBUS, CT_TGEN, CT_TBRCH, CT_TAREABUS, ...
    CT_TAREAGEN, CT_TAREABRCH, CT_ROW, CT_COL, CT_CHGTYPE, CT_REP, ...
    CT_REL, CT_ADD, CT_NEWVAL, CT_TLOAD, CT_TAREALOAD, CT_LOAD_ALL_PQ, ...
    CT_LOAD_FIX_PQ, CT_LOAD_DIS_PQ, CT_LOAD_ALL_P, CT_LOAD_FIX_P, ...
    CT_LOAD_DIS_P, CT_TGENCOST, CT_TAREAGENCOST, CT_MODCOST_F, ...
    CT_MODCOST_X] = idx_ct;

loadprofile = struct( ...
    'type', 'mpcData', ...
    'table', CT_TAREALOAD, ...
    'rows', [1:11], ...
    'col', CT_LOAD_ALL_P, ...
    'chgtype', 1, ...
    'values', [] );
loadprofile.values(:,1,:) = [
	1519.3734 892.4042 1571.5294 500.2468 740.6927 1069.4004 792.8683 240.3325 467.2164 4385.3419 1758.753;
	1498.574 889.5213 1571.3332 486.8914 731.1847 1036.297 781.2 230.1883 442.645 4327.4977 1688.7689;
	1514.0756 900.6483 1600.3847 498.2389 720.5093 1051.4351 789.5165 232.7507 438.8333 4324.6622 1763.5082;
	1568.9 954.8186 1690.607 519.8979 797.3106 1124.0757 840.1581 254.3981 494.3485 4556.2669 1811.082;
	1734.4422 1069.8218 1869.0813 567.9203 889.6375 1272.4196 959.8451 280.9488 580.7262 5010.4 2034.631;
	1826.9983 1148.7496 1969.9404 580.24 925.3 1325.4155 1030.5873 320.4156 644.6739 5490.3071 2219.1788;
	1865.6922 1178.8897 1964.82 575.4881 933.7305 1336.0511 1063.8947 326.1 660.354 5857.9952 2275.6845;
	1869.8298 1180.8684 1984.7873 555.9 909.8 1303.8711 1053.9 319.2827 665.3284 6049.6186 2285.1;
	1897.1956 1193.215 1959.8 545.0393 877.9409 1223.0008 1014.1183 316.3669 668.4093 6010.8 2195.8665;
	1928.4416 1194.2264 1944.643 533.1 934.1049 1227.9972 1034.8358 329.9 665.7939 6049.1576 2174.512;
	1956.7489 1179.4893 1916.302 526.3904 905.9 1186.1164 1007.6219 330.6 654.1025 6057.7363 2178.0;
	1938.2549 1167.0466 1869.6142 515.4587 900.3132 1175.5331 995.8639 308.1 660.6 5888.5701 2133.2731;
	1899.5 1165.7335 1790.1235 517.1 861.7635 1186.458 1002.3313 303.8301 644.882 5923.4323 2150.0738;
	1899.6797 1151.6786 1808.2 528.2 830.7216 1139.1001 978.6186 285.2 634.5901 5910.1081 2149.7;
	1878.0814 1150.0243 1841.2845 531.9 876.1212 1218.469 980.9438 283.064 636.6 5973.3857 2174.4;
	1901.7012 1147.5378 1880.7227 537.2766 876.0648 1276.6574 1002.9148 275.5127 617.0543 5959.8998 2215.8103;
	1904.7052 1185.5088 1914.5695 531.5728 914.6766 1325.8 1019.4735 298.9307 622.2793 5812.2167 2288.8593;
	1917.1478 1206.0779 1928.3867 548.0686 980.0 1405.6617 1094.9811 321.5309 659.1573 5853.9463 2415.3924;
	1945.5489 1207.4556 1922.4267 558.6 967.5597 1392.9897 1126.559 328.0083 641.9 5716.1391 2420.8155;
	1913.1972 1131.2039 1824.1607 545.3 868.3385 1292.5 1045.2015 293.4033 602.6676 5388.0538 2256.2;
	1862.1955 1072.9129 1778.6258 522.9151 835.8 1225.1759 987.3 284.1196 560.8391 5186.8291 2147.4786;
	1769.5954 1019.7457 1695.1469 513.3492 775.4258 1134.8 922.5317 279.4 517.309 4986.1011 2023.1301;
	1671.0706 945.5519 1582.9809 526.3808 717.7348 1090.7688 896.9641 269.5106 497.2482 4757.8732 1831.1742;
	1589.9289 912.4 1515.4 534.4 670.2 1034.2876 843.3988 251.5415 481.9 4485.8894 1725.4299;
];
