function loadprofile = ex_load_profilesh1
%EX_LOAD_PROFILE  Example load profile data file for stochastic unit commitment.
% 2022.03.12
% Andres F. Ramirez

%% define constants
[CT_LABEL, CT_PROB, CT_TABLE, CT_TBUS, CT_TGEN, CT_TBRCH, CT_TAREABUS, ...
    CT_TAREAGEN, CT_TAREABRCH, CT_ROW, CT_COL, CT_CHGTYPE, CT_REP, ...
    CT_REL, CT_ADD, CT_NEWVAL, CT_TLOAD, CT_TAREALOAD, CT_LOAD_ALL_PQ, ...
    CT_LOAD_FIX_PQ, CT_LOAD_DIS_PQ, CT_LOAD_ALL_P, CT_LOAD_FIX_P, ...
    CT_LOAD_DIS_P, CT_TGENCOST, CT_TAREAGENCOST, CT_MODCOST_F, ...
    CT_MODCOST_X] = idx_ct;

loadprofile = struct( ...
    'type', 'mpcData', ...
    'table', CT_TAREALOAD, ...
    'rows', [1:11], ...
    'col', CT_LOAD_ALL_P, ...
    'chgtype', 1, ...
    'values', [] );
loadprofile.values(:,1,:) = [
	1500.6187 902.6999 1581.6922 493.109 735.7595 1069.7468 831.2868 255.0613 510.5529 4439.8045 1657.4199;
	1494.9404 896.3636 1558.4203 514.7811 744.5604 1063.115 816.6435 256.0289 508.5412 4403.1619 1665.8442;
	1505.9417 902.8513 1597.5044 515.1741 748.9 1069.9919 825.7 260.4645 513.3107 4364.2256 1688.0;
	1610.3484 977.2 1670.4839 521.6757 818.8282 1148.9 878.4221 284.522 555.612 4660.6708 1826.4755;
	1751.318 1076.993 1867.4708 557.1 936.9314 1306.8363 985.1 328.9402 642.9792 5239.6416 2090.2222;
	1858.6984 1148.2 1952.0147 572.0061 1001.0914 1412.0186 1053.5803 342.2069 708.8091 5676.0216 2220.6;
	1894.5787 1141.9 1930.0243 576.5491 980.932 1394.9657 1079.4877 333.2224 724.2374 5935.0054 2265.9629;
	1885.776 1162.173 1903.9593 560.6402 943.4149 1357.2736 1060.1205 334.1 731.1476 6016.5106 2364.6592;
	1980.097 1189.2728 1936.4 538.0128 954.3392 1376.3621 1105.7815 352.7 731.3555 6150.9662 2506.4005;
	1975.3948 1169.6238 1916.5471 530.9529 970.5601 1350.4974 1108.6091 341.104 727.0499 6173.6669 2369.4983;
	1916.8771 1148.8205 1901.1952 525.4 948.6063 1359.1876 1100.4127 368.5022 724.8336 6234.3043 2370.0338;
	1907.7397 1133.3551 1863.8 517.6167 940.79 1320.2974 1060.2095 355.5846 731.2076 6194.2655 2362.3932;
	1899.8824 1130.8633 1814.2188 524.8945 922.6393 1321.0224 1078.1454 329.4083 719.3992 6100.9295 2302.7879;
	1858.2027 1113.4401 1809.2 514.3573 961.8226 1336.2989 1055.8694 362.1396 704.7548 6213.6886 2347.9867;
	1925.2606 1158.3654 1860.7553 529.9 971.8874 1402.3289 1107.4014 402.0 715.7791 6533.3631 2582.7281;
	1887.28 1143.3205 1863.2 548.5282 986.5386 1397.7313 1129.8689 388.8685 745.698 6272.2997 2620.2903;
	1909.5646 1155.3714 1896.475 557.5 1005.3367 1392.1 1127.6049 385.3003 765.8547 6025.4328 2625.065;
	1952.4418 1183.0344 1968.6896 569.9 1050.3907 1414.3 1168.2603 391.6938 794.0017 6108.5108 2675.0413;
	1919.4795 1161.3831 1952.3401 560.0 1031.5729 1406.0 1155.3376 390.2802 753.4687 6275.8221 2695.2235;
	1962.8188 1146.7 1970.9243 549.0967 1008.1514 1339.06 1119.5669 401.4962 732.9383 5866.6232 2607.5213;
	1864.0852 1070.5603 1872.7271 532.6428 945.583 1251.8903 1039.1339 381.9257 692.88 5869.8905 2502.2033;
	1769.4248 1013.606 1785.6015 525.6938 891.6978 1190.5573 961.8298 361.874 613.9915 5318.2615 2284.4175;
	1792.032 1033.9348 1768.95 528.6861 873.34 1244.9734 929.3138 283.5119 547.5497 5249.5807 2139.0302;
	1714.0072 960.7421 1717.802 551.5502 817.1947 1189.3793 907.2585 288.4037 525.9507 5072.9704 1963.2594;
];
