function loadprofile = ex_load_profilesh1
%EX_LOAD_PROFILE  Example load profile data file for stochastic unit commitment.
% 2022.03.12
% Andres F. Ramirez

%% define constants
[CT_LABEL, CT_PROB, CT_TABLE, CT_TBUS, CT_TGEN, CT_TBRCH, CT_TAREABUS, ...
    CT_TAREAGEN, CT_TAREABRCH, CT_ROW, CT_COL, CT_CHGTYPE, CT_REP, ...
    CT_REL, CT_ADD, CT_NEWVAL, CT_TLOAD, CT_TAREALOAD, CT_LOAD_ALL_PQ, ...
    CT_LOAD_FIX_PQ, CT_LOAD_DIS_PQ, CT_LOAD_ALL_P, CT_LOAD_FIX_P, ...
    CT_LOAD_DIS_P, CT_TGENCOST, CT_TAREAGENCOST, CT_MODCOST_F, ...
    CT_MODCOST_X] = idx_ct;

loadprofile = struct( ...
    'type', 'mpcData', ...
    'table', CT_TAREALOAD, ...
    'rows', [1:11], ...
    'col', CT_LOAD_ALL_P, ...
    'chgtype', 1, ...
    'values', [] );
loadprofile.values(:,1,:) = [
	1541.6616 871.5249 1522.9 495.3223 703.9606 1012.869 809.8209 237.6179 500.4331 4505.3571 1672.8;
	1511.3383 856.3464 1505.5245 496.7753 694.0274 1014.6894 805.1644 235.9 495.7801 4430.2489 1663.7752;
	1534.5346 895.0749 1559.4808 512.9 702.5501 1065.0831 833.9687 237.2 500.0696 4482.8814 1695.2562;
	1604.0588 947.014 1648.2044 497.7186 775.1081 1132.3111 866.5 251.8322 527.5 4618.4108 1763.409;
	1766.6707 1064.8091 1816.0215 530.0602 885.0582 1280.6771 979.3 289.4044 608.0 5108.4191 2027.4548;
	1842.962 1138.2273 1929.1 544.9868 976.9896 1361.9 1060.0 337.9255 659.9 5617.8662 2197.2;
	1867.5235 1157.2 1947.0 555.1383 991.5156 1370.2817 1079.3 346.4227 684.1 5970.7465 2296.7339;
	1904.1856 1173.0422 1983.6223 544.3078 1020.9 1313.8369 1065.8234 355.4593 678.401 6211.2679 2290.5;
	1940.3388 1208.4221 2023.3 543.6556 1035.4303 1323.3988 1092.8129 342.7185 688.4559 6211.9299 2283.3734;
	1942.1086 1195.9644 2016.8985 562.9221 1050.4037 1292.8375 1092.9 339.0643 691.34 6295.418 2253.6342;
	1938.9314 1195.7345 1997.5458 550.0226 1014.6587 1255.2371 1113.957 312.7386 688.9593 6312.25 2210.3522;
	1958.4153 1180.5231 1959.9367 564.9 977.5418 1268.0886 1138.6339 310.8 673.1176 6222.2787 2159.7477;
	1981.7989 1188.8758 1979.1101 553.8126 981.7951 1269.3987 1117.472 309.8 684.8848 6148.2997 2211.0888;
	1936.9011 1153.9041 1968.9508 543.0 985.661 1305.6562 1104.4481 303.7794 681.7679 6134.7617 2187.4339;
	1845.7917 1100.0 1861.4 537.1342 948.3173 1272.0209 1063.0468 298.0 648.7753 6018.7276 2233.2813;
	1812.9247 1093.4 1843.4013 542.6 930.7996 1277.5769 1041.0358 280.5089 623.7354 5890.6764 2228.9281;
	1788.0368 1072.2673 1782.6407 565.6977 932.5312 1296.311 1026.2 288.1179 617.0903 5514.3936 2236.2264;
	1811.0482 1106.8 1856.4128 567.4715 983.4465 1356.3459 1094.6 324.0087 661.4031 5711.0639 2379.2;
	1844.0003 1102.6992 1823.8021 568.4631 960.0323 1343.7638 1067.5472 315.3443 655.719 5628.6026 2340.8203;
	1784.2744 1039.7462 1762.1134 562.5995 868.6718 1307.0282 1033.1471 302.5832 624.3 5433.8295 2241.0223;
	1708.7292 981.6898 1671.2 538.2 825.8212 1228.9677 964.7445 286.5349 578.3608 5161.3923 2109.8592;
	1599.9327 934.0913 1585.5424 527.4 781.6 1157.866 885.5516 252.1 509.0451 4764.3827 1929.1243;
	1543.6036 904.1578 1557.7 515.0406 730.3226 1126.0871 851.324 248.8 502.7962 4634.2198 1797.8808;
	1542.2823 885.6318 1527.3081 518.9641 669.028 1099.9253 813.6471 253.4614 494.8417 4564.1662 1760.5522;
];
