function loadprofile = ex_load_profilesh1
%EX_LOAD_PROFILE  Example load profile data file for stochastic unit commitment.
% 2022.03.12
% Andres F. Ramirez

%% define constants
[CT_LABEL, CT_PROB, CT_TABLE, CT_TBUS, CT_TGEN, CT_TBRCH, CT_TAREABUS, ...
    CT_TAREAGEN, CT_TAREABRCH, CT_ROW, CT_COL, CT_CHGTYPE, CT_REP, ...
    CT_REL, CT_ADD, CT_NEWVAL, CT_TLOAD, CT_TAREALOAD, CT_LOAD_ALL_PQ, ...
    CT_LOAD_FIX_PQ, CT_LOAD_DIS_PQ, CT_LOAD_ALL_P, CT_LOAD_FIX_P, ...
    CT_LOAD_DIS_P, CT_TGENCOST, CT_TAREAGENCOST, CT_MODCOST_F, ...
    CT_MODCOST_X] = idx_ct;

loadprofile = struct( ...
    'type', 'mpcData', ...
    'table', CT_TAREALOAD, ...
    'rows', [1:11], ...
    'col', CT_LOAD_ALL_P, ...
    'chgtype', 1, ...
    'values', [] );
loadprofile.values(:,1,:) = [
	1485.9045 860.3 1518.4746 523.3427 787.4976 1100.6838 828.1953 213.429 454.3569 4396.551 1641.4;
	1473.5929 853.6676 1500.8 519.7552 778.0252 1091.9814 817.8791 203.5464 464.5762 4365.3635 1625.1339;
	1495.2837 876.7426 1520.9673 521.7 811.5114 1103.1861 832.5861 207.5406 474.6422 4359.9964 1634.0016;
	1529.3319 924.5827 1606.2589 534.296 853.6163 1160.2089 870.9108 237.0237 506.2167 4513.1939 1722.1529;
	1708.8 1040.208 1779.0644 570.6 928.396 1283.8736 967.7 276.891 598.9872 5021.3588 1947.2333;
	1777.4188 1107.1 1853.4984 586.6 933.3487 1381.3484 1044.0228 306.3544 671.0539 5518.5203 2093.7;
	1868.4461 1162.8011 1901.6057 585.3746 964.9891 1384.8 1075.1861 319.8724 686.5 5708.2491 2161.4143;
	1879.7162 1178.1325 1923.6306 594.5922 1017.463 1378.2813 1064.0664 320.1531 681.6811 5909.5505 2169.1763;
	1858.1 1159.0543 1935.2 575.1307 1029.7332 1380.7956 1094.4687 315.1206 695.8931 5903.0915 2121.6774;
	1869.0216 1168.14 1944.3045 568.6583 997.132 1329.849 1093.4 306.1235 684.3 5834.8635 2032.8831;
	1847.585 1168.1407 1946.1387 557.7 996.4133 1355.8868 1090.0 306.7949 694.3 5936.7189 2025.4433;
	1869.7164 1159.5 1921.8117 548.0 970.434 1257.1562 1083.5693 282.4159 676.6574 5826.9211 2028.366;
	1816.4 1138.9533 1871.3018 528.0 936.1081 1226.3556 1042.8631 267.9941 655.0877 5807.35 1886.3886;
	1809.8253 1157.6714 1852.3849 516.3907 912.4097 1183.8 1075.8111 291.8 643.7392 5841.0237 2021.4558;
	1735.0414 1134.7 1812.8176 527.7006 913.2061 1224.6268 1041.0 291.9908 648.5558 5548.0572 2038.2566;
	1753.0816 1145.4033 1837.7593 538.0685 938.1935 1254.8486 1058.5982 287.5998 652.3241 5822.3091 2154.2269;
	1706.2612 1103.3885 1804.3941 530.5099 975.7993 1270.5791 1048.6231 308.6804 649.6723 5593.7345 2208.3981;
	1738.9192 1130.869 1907.8664 545.7038 1019.7392 1342.9 1083.8118 296.6 668.2 5453.6002 2292.8163;
	1784.7521 1133.3733 1836.5957 555.6741 1007.0962 1363.1773 1099.2786 304.292 671.5692 5498.9869 2309.2;
	1722.2736 1079.1129 1785.8309 556.6 939.83 1300.6093 1047.2016 259.6 646.8914 5092.8766 2149.2349;
	1681.6405 1036.1 1688.3763 525.9498 893.2016 1208.6 1006.7379 257.4131 614.5581 5010.6945 2068.0845;
	1591.9192 971.9689 1593.7919 520.0 827.0963 1122.2546 945.6 235.973 583.9473 4871.4949 1943.3257;
	1525.7014 898.8 1499.1828 532.1 747.6644 1099.9838 875.6 221.5172 531.3335 4401.9339 1793.9961;
	1508.0224 893.0 1492.2634 541.8 742.4402 1052.0163 810.6964 227.1008 496.3501 4399.3129 1712.5059;
];
