function windprofile = ex_wind_profilesh1
%EX_WIND_PROFILE_D  Example wind_load_nyiso profile data for deterministic unit commitment.
% 2022.03.12
% Andres F. Ramirez


%% define constants
[GEN_BUS, PG, QG, QMAX, QMIN, VG, MBASE, GEN_STATUS, PMAX, PMIN, ...
    MU_PMAX, MU_PMIN, MU_QMAX, MU_QMIN, PC1, PC2, QC1MIN, QC1MAX, ...
    QC2MIN, QC2MAX, RAMP_AGC, RAMP_10, RAMP_30, RAMP_Q, APF] = idx_gen;
[CT_LABEL, CT_PROB, CT_TABLE, CT_TBUS, CT_TGEN, CT_TBRCH, CT_TAREABUS, ...
    CT_TAREAGEN, CT_TAREABRCH, CT_ROW, CT_COL, CT_CHGTYPE, CT_REP, ...
    CT_REL, CT_ADD, CT_NEWVAL, CT_TLOAD, CT_TAREALOAD, CT_LOAD_ALL_PQ, ...
    CT_LOAD_FIX_PQ, CT_LOAD_DIS_PQ, CT_LOAD_ALL_P, CT_LOAD_FIX_P, ...
    CT_LOAD_DIS_P, CT_TGENCOST, CT_TAREAGENCOST, CT_MODCOST_F, ...
    CT_MODCOST_X] = idx_ct;

windprofile = struct( ...
    'type', 'mpcData', ...
    'table', CT_TGEN, ...
    'rows', [1:45], ...
    'col', PMAX, ...
    'chgtype', 1, ...
    'values', [] );
windprofile.values(:,1,:) = [
	3.9728 53.6816 91.3175 118.1834 14.4267 34.1223 31.8846 19.106 10.6143 16.3617 30.2444 45.1187 67.9259 52.1468 196.9464 74.1984 92.061 97.5571 86.5065 71.6608 10.6282 79.6188 2.8408 88.5001 105.8341 76.5122 14.1361 1243.3816 748.525 748.525 705.9234 117.716 288.3549 184.4551 163.4874 319.3707 1104.9621 270.762 442.0607 283.4842 124.0628 378.5304 216.0447 281.2572 1116.4721;
	3.9056 52.7734 92.7935 117.17 14.3566 33.6233 31.9163 18.9791 11.0071 12.3 22.7363 33.9181 51.0635 64.0315 185.9101 70.0405 86.9022 92.0903 84.5296 71.5427 10.6388 78.4544 0.3343 85.6334 104.4054 75.2868 14.0528 1261.6166 771.1591 771.1591 740.926 118.987 281.7654 184.1511 200.7474 329.0279 1207.5841 269.6729 451.9161 279.6572 123.6868 372.9946 215.5346 277.1713 1220.1631;
	3.8781 52.4011 91.1065 114.989 14.5564 34.611 32.7573 18.8025 22.3854 15.2729 28.2316 42.116 63.4055 60.0991 164.3709 61.9258 76.8339 81.421 86.2375 73.1573 10.9191 80.759 24.1091 85.6814 102.454 75.4235 13.9753 1249.0984 780.6097 780.6097 732.3784 117.6896 287.4584 188.3072 188.4189 333.0601 1212.5486 286.4724 446.7146 274.4303 123.2381 383.9516 216.809 267.7953 1225.1793;
	3.5946 48.5703 86.9673 110.7996 14.2224 32.0004 30.943 18.2378 27.1408 28.2131 52.1515 77.7998 117.1271 64.974 192.9833 72.7054 90.2085 95.5941 89.5598 67.771 10.3143 74.6677 25.1746 83.0447 98.2785 74.4049 13.3135 1271.4879 771.2409 771.2409 728.4187 118.8297 298.5328 174.4426 203.7022 329.0628 1133.8216 293.3406 437.0373 263.246 121.8809 354.9914 169.2161 254.4077 1145.6323;
	2.7821 37.5928 86.2566 110.3384 13.1958 24.6278 30.8706 17.8287 26.9426 30.0182 55.4882 82.7775 124.6211 64.2881 195.9885 73.8375 91.6132 97.0827 91.6328 69.7066 10.2902 57.4648 73.1917 83.747 97.1416 71.8947 12.9554 1288.9607 770.2675 770.2675 734.2181 117.6364 305.4427 179.425 201.552 328.6475 1118.4739 306.5363 435.2 260.2008 122.8116 273.2039 166.5584 243.6054 1130.1246;
	3.5634 48.1493 87.1538 112.1694 13.8713 31.0639 18.8175 17.5879 25.5559 28.7121 53.0739 79.1758 119.1988 52.8545 195.2831 73.5718 91.2835 96.7332 65.6048 71.0187 6.2725 72.4824 71.077 84.1708 96.4884 72.0601 13.2922 1263.3612 784.0536 784.0536 749.4494 114.6613 218.6827 182.8023 165.7059 334.5296 1167.3953 295.3396 435.9472 258.4512 122.8877 344.6019 148.1775 254.7829 1179.5557;
	3.634 49.1028 89.5096 114.3269 14.0423 32.308 13.7978 18.0399 24.9969 28.6817 53.0177 79.0919 119.0725 66.6478 194.2999 73.2014 90.8239 96.2462 88.3634 72.6944 4.5993 75.3853 70.4825 86.634 98.51 71.8003 13.564 1288.6595 775.6861 775.6861 728.5544 110.6983 294.5447 187.1155 208.9497 330.9594 1170.1456 293.1213 389.3799 263.8661 123.7012 358.4031 167.5759 260.6073 1182.3346;
	3.7044 50.0544 91.8769 114.957 14.3432 32.3517 2.3896 17.7818 0.0844 28.5767 52.8237 78.8025 118.6367 45.8587 201.1588 75.7854 94.0301 99.6438 91.8497 73.087 0.7965 75.4873 72.9343 85.4964 97.3256 73.4706 13.4888 1282.2502 754.3709 754.3709 685.1176 108.7908 306.1657 188.1261 143.7734 321.8649 1175.4455 250.0612 165.0743 260.6935 122.3026 358.8881 193.7653 267.6648 1187.6898;
	3.6851 49.7942 92.3108 117.587 14.1678 31.6147 0.4441 18.0361 0.0 28.03 51.8131 77.295 116.3671 28.1057 199.698 75.2351 93.3472 98.9202 91.426 73.2916 0.148 73.7677 72.719 86.0335 97.4104 73.2697 13.5853 1240.9312 694.3727 694.3727 696.7062 106.4632 304.7534 188.6527 88.1153 296.2657 1062.4676 263.0481 0.0287 260.9206 123.4423 350.7129 181.6807 262.2935 1073.5349;
	3.5984 48.6226 91.1558 118.2637 14.1798 29.9272 0.0 18.502 0.1754 23.4127 43.278 64.5623 97.1982 22.7554 192.5534 72.5434 90.0075 95.3811 90.9308 72.8529 0.0 69.8301 49.0408 86.3229 98.2859 73.7358 13.4921 1076.6542 605.8635 605.8635 530.3582 109.1519 303.1028 187.5236 71.3411 258.5018 837.72 228.2444 0.0 263.2657 123.8243 331.992 157.6803 260.0627 846.4462;
	3.472 46.9147 93.1097 117.2562 14.2286 25.5259 0.0059 18.2327 3.2061 27.5654 50.9543 76.0137 114.4382 6.2269 198.9478 74.9524 92.9965 98.5486 84.5038 72.295 0.002 59.5605 72.2259 88.2962 99.5215 74.0847 13.4048 861.7799 636.7596 636.7596 496.2193 107.9957 281.6793 186.0875 19.522 271.6841 751.9512 207.0233 0.0 266.5754 123.1302 283.1678 147.8254 261.206 759.784;
	3.3445 45.1909 92.0684 116.1284 14.4885 19.6683 0.2879 17.6618 1.5634 26.7663 49.4771 73.8101 111.1207 11.7259 200.8036 75.6516 93.864 99.4678 45.3011 72.2062 0.096 45.8927 71.6282 87.0602 98.6536 71.8747 13.1356 655.0653 720.0566 720.0566 482.2838 109.0124 151.0035 185.8589 36.7623 307.2242 816.9796 204.1729 0.0 264.2507 123.4668 218.187 140.5058 260.5062 825.4898;
	3.6842 49.782 90.3566 113.6012 14.3838 20.5078 2.4033 17.3651 23.7218 19.0492 35.2122 52.5296 79.0831 51.8606 189.9012 71.5442 88.7678 94.0673 57.0292 70.2055 0.8011 47.8516 57.6422 84.0705 99.0334 69.8388 13.3018 663.4396 702.6284 702.6284 497.9904 105.6006 190.0974 180.7092 162.5901 299.7881 625.8397 231.8814 0.0 265.268 121.3243 227.5004 144.3053 255.0232 632.3589;
	3.3753 45.6073 86.5332 109.7157 14.1023 19.5203 1.9503 17.5337 16.6424 22.0673 40.791 60.8522 91.6127 36.0639 195.926 73.814 91.584 97.0517 57.2209 72.3213 0.6501 45.5474 59.6577 82.9291 96.3148 70.7326 12.9931 558.5049 692.9064 692.9064 454.9745 92.355 190.7363 186.1552 113.0653 295.6401 703.0561 231.2643 0.0 257.9861 119.1894 216.5453 148.2917 249.9834 710.3796;
	3.5779 48.3448 86.3255 106.0068 14.6375 19.385 0.457 17.4608 0.0 23.2716 43.0172 64.1733 96.6125 32.0445 191.2048 72.0353 89.3771 94.7131 69.5663 72.4512 0.1523 45.2317 58.4901 85.485 94.8053 71.4446 13.0891 430.1156 667.6141 667.6141 415.9977 88.9223 231.8876 186.4894 100.4637 284.8487 610.0637 220.5788 0.0 253.9427 117.2927 215.0443 161.5778 233.8292 616.4186;
	3.3665 45.489 86.4166 102.4682 14.5177 9.8837 1.4534 17.6529 0.0 27.8003 51.3884 76.6614 115.4134 23.669 185.23 69.7843 86.5842 91.7534 61.3754 71.7471 0.4845 23.0619 68.3863 86.9374 95.9011 70.3862 13.4715 427.4188 527.3205 527.3205 368.0643 86.7845 204.5848 184.6771 74.2055 224.9901 465.5135 190.6688 0.0 256.878 120.6863 109.6427 146.0012 222.3012 470.3626;
	3.337 45.0902 87.2718 110.1282 14.663 17.7222 0.6506 17.8733 0.2156 26.5836 49.1395 73.3064 110.3624 32.0985 191.993 72.3322 89.7456 95.1035 67.0459 72.6475 0.2169 41.3518 63.919 85.5271 99.082 72.1379 13.2994 983.8362 455.6589 455.6589 271.9177 84.423 223.4865 186.9948 100.633 194.4145 789.2488 208.7116 61.8292 265.3983 121.137 196.5984 125.9242 235.8879 797.4701;
	3.1394 42.4206 89.3727 111.8939 15.1686 21.4185 7.526 17.8194 1.502 28.4945 52.6717 78.5758 118.2955 58.7517 201.8871 76.0598 94.3705 100.0045 80.5572 73.2529 2.5087 49.9765 68.4115 85.7042 98.8596 71.9319 13.465 1230.7819 531.2573 531.2573 184.394 56.6923 268.5239 188.5532 184.1945 226.6698 969.8054 184.8925 113.7438 264.8025 120.7471 237.6026 173.455 259.5945 979.9076;
