function windprofile = ex_wind_profilesh1
%EX_WIND_PROFILE_D  Example wind_load_nyiso profile data for deterministic unit commitment.
% 2022.03.12
% Andres F. Ramirez


%% define constants
[GEN_BUS, PG, QG, QMAX, QMIN, VG, MBASE, GEN_STATUS, PMAX, PMIN, ...
    MU_PMAX, MU_PMIN, MU_QMAX, MU_QMIN, PC1, PC2, QC1MIN, QC1MAX, ...
    QC2MIN, QC2MAX, RAMP_AGC, RAMP_10, RAMP_30, RAMP_Q, APF] = idx_gen;
[CT_LABEL, CT_PROB, CT_TABLE, CT_TBUS, CT_TGEN, CT_TBRCH, CT_TAREABUS, ...
    CT_TAREAGEN, CT_TAREABRCH, CT_ROW, CT_COL, CT_CHGTYPE, CT_REP, ...
    CT_REL, CT_ADD, CT_NEWVAL, CT_TLOAD, CT_TAREALOAD, CT_LOAD_ALL_PQ, ...
    CT_LOAD_FIX_PQ, CT_LOAD_DIS_PQ, CT_LOAD_ALL_P, CT_LOAD_FIX_P, ...
    CT_LOAD_DIS_P, CT_TGENCOST, CT_TAREAGENCOST, CT_MODCOST_F, ...
    CT_MODCOST_X] = idx_ct;

windprofile = struct( ...
    'type', 'mpcData', ...
    'table', CT_TGEN, ...
    'rows', [1:45], ...
    'col', PMAX, ...
    'chgtype', 1, ...
    'values', [] );
windprofile.values(:,1,:) = [
	3.9541 53.429 93.2092 112.7865 14.5913 34.1763 32.0329 18.3684 10.2497 17.3037 31.9857 47.7164 71.8368 52.3401 199.5936 75.1957 93.2984 98.8685 90.1292 67.4446 10.6776 79.7446 12.6067 87.5543 105.8341 75.8549 13.6699 1274.3972 789.842 789.842 714.415 112.7546 300.4306 173.6026 164.0933 336.9992 1154.5924 270.8477 474.3213 283.4842 119.7296 379.1286 213.6717 284.3587 1166.6194;
	3.8955 52.6367 91.5168 113.1455 14.6392 34.0025 32.5464 17.7584 9.4399 13.995 25.8696 38.5923 58.1005 54.5224 194.4899 73.2729 90.9127 96.3403 89.8565 70.2466 10.8488 79.3392 3.8372 84.6804 102.0337 74.9837 13.2616 1259.1369 784.0262 784.0262 781.2704 116.3911 299.5216 180.815 170.935 334.5179 1241.7125 285.0806 475.5817 273.3045 118.891 377.2011 210.408 281.772 1254.647;
	3.9095 52.8254 93.5815 115.2724 15.1915 34.9485 33.225 18.3037 22.2518 13.9878 25.8563 38.5725 58.0707 50.0446 183.75 69.2267 85.8924 91.0203 84.5186 71.4006 11.075 81.5465 1.7014 87.8755 105.4351 75.3907 13.526 1224.6889 775.7978 775.7978 754.6389 114.6555 281.7287 183.7854 156.8965 331.007 1214.2083 300.1844 475.8218 282.4154 120.9848 387.6956 215.8258 275.3787 1226.8563;
	3.8139 51.5339 92.8211 117.4197 15.0174 35.0035 31.3287 18.6092 27.0876 28.4829 52.6503 78.5439 118.2474 62.3327 200.1625 75.4101 93.5644 99.1503 86.231 67.9677 10.4429 81.6749 8.2916 87.4523 103.98 74.6541 13.6652 1207.7644 728.9235 728.9235 752.316 114.3132 287.4367 174.9491 195.4215 311.0073 1118.7452 327.2161 459.1703 278.5177 118.3208 388.3058 182.461 272.3594 1130.3988;
	3.2523 43.9457 90.8985 117.9991 14.8484 32.1763 31.6348 17.9815 27.1392 28.5035 52.6882 78.6004 118.3325 61.9753 197.7806 74.5127 92.4509 97.9704 82.9611 67.6421 10.5449 75.0781 68.1076 87.5299 100.3582 72.607 13.3766 1274.4541 753.8247 753.8247 740.8298 115.0216 276.5371 174.1111 194.301 321.6319 1159.6513 329.8982 468.4588 268.8167 120.0763 356.9426 181.5012 266.7572 1171.731;
	3.8296 51.747 94.998 119.7376 15.1586 34.4677 19.2447 18.1824 26.1115 27.5951 51.0091 76.0955 114.5614 50.8398 203.503 76.6686 95.1258 100.805 55.8586 70.5065 6.4149 80.4247 69.3697 89.59 102.4175 72.1118 13.6341 1273.5902 775.8329 775.8329 778.7118 116.1323 186.1953 181.4839 159.3897 331.022 1212.3743 322.1045 466.1232 274.3325 117.7303 382.3619 173.0865 276.4058 1225.0032;
	3.7538 50.7217 95.0537 119.3523 15.006 33.9883 13.7395 17.8983 25.6263 27.7715 51.3351 76.5819 115.2936 63.5153 201.9678 76.0902 94.4082 100.0445 80.1314 70.9881 4.5798 79.306 69.9995 88.4731 102.2456 71.411 13.3892 1294.1485 783.2761 783.2761 777.6251 117.2091 267.1048 182.7235 199.1292 334.1978 1204.4112 326.544 439.5284 273.8721 116.9158 377.0432 179.1439 275.2063 1216.9572;
	3.8465 51.9742 94.9033 120.1515 14.9302 34.3701 4.64 18.2185 9.9884 26.2216 48.4703 72.3081 108.8595 44.0338 198.3612 74.7314 92.7223 98.258 80.9897 69.0479 1.5467 80.197 68.8997 87.6246 100.5866 72.5938 13.3009 1296.3324 801.1209 801.1209 773.0 118.2978 269.9658 177.7294 138.052 341.8116 1216.067 325.6346 208.8417 269.4283 116.2479 381.2795 206.6619 273.0405 1228.7344;
	3.8196 51.6111 94.7242 119.5103 14.5764 32.0824 0.5334 17.6397 4.1279 25.0937 46.3853 69.1978 104.1768 25.6429 195.0008 73.4654 91.1515 96.5934 81.3945 70.0874 0.1778 74.859 65.0049 85.2971 99.8582 70.8531 12.6553 1200.0104 715.8322 715.8322 757.9397 117.9876 271.315 180.4051 80.3939 305.4217 1049.6324 296.8499 249.0695 267.4773 117.8376 355.901 190.9241 267.1993 1060.5661;
	3.8287 51.7339 94.4798 120.3391 14.964 31.4682 0.2382 18.4935 8.0229 18.6932 34.5541 51.5479 77.6051 21.9583 187.9389 70.8049 87.8505 93.0953 80.8786 70.0038 0.0794 73.4257 24.0097 87.6563 102.1534 73.3713 12.7814 972.2446 639.0675 639.0675 590.8776 114.4078 269.5954 180.19 68.8422 272.6688 830.4174 266.4586 127.8435 273.6252 121.2659 349.0867 160.9482 279.31 839.0676;
	3.6884 49.8384 93.2793 119.3245 14.8482 26.5143 4.7146 18.4075 3.4348 24.9412 46.1035 68.7773 103.5438 1.8728 196.5192 74.0375 91.8613 97.3455 71.2859 70.702 1.5715 61.8668 58.9147 87.5599 100.7434 71.7473 13.173 756.6574 669.1419 669.1419 516.707 112.8533 237.6196 181.9872 5.8714 285.5005 726.5294 220.4181 224.9748 269.8485 120.2221 294.1322 147.2324 268.8773 734.0974;
	3.5954 48.5824 92.6301 117.1216 14.942 19.6287 1.2931 18.0811 2.5624 25.2899 46.748 69.7389 104.9915 1.321 195.3185 73.5851 91.3 96.7508 26.8265 70.0654 0.431 45.8002 68.7784 86.4261 99.7521 72.0558 13.1338 567.1101 714.3402 714.3402 503.8285 105.9974 89.4217 180.3486 4.1415 304.7851 807.2668 224.4425 163.1404 267.1932 122.7202 217.7474 141.6958 269.9413 815.6758;
	3.8151 51.5505 91.5988 113.8474 15.0146 19.2458 0.0 17.3471 25.2306 18.9819 35.0878 52.344 78.8037 48.1186 192.6747 72.5891 90.0642 95.4412 45.9461 70.4855 0.0 44.907 63.542 83.8433 99.4227 69.8371 12.8904 605.2943 692.9114 692.9114 507.3516 100.213 153.1537 181.4299 150.8582 295.6422 611.3626 238.0787 80.4992 266.3108 119.7091 213.5006 138.0989 266.236 617.731;
	3.6709 49.6013 90.7442 114.8638 15.1388 18.072 0.0 17.5623 18.4083 19.0835 35.2755 52.6241 79.2253 37.3219 194.9029 73.4285 91.1058 96.5449 54.4256 71.0611 0.0 42.168 55.911 83.9956 98.0133 70.6833 12.98 459.042 646.6052 646.6052 474.8618 83.103 181.4187 182.9115 117.0092 275.8849 610.4538 252.2725 103.8413 262.5355 116.6738 200.4788 150.2792 260.4437 616.8127;
	3.6875 49.8266 90.0403 112.2903 15.0587 15.7547 0.0 17.6702 3.1986 20.0573 37.0756 55.3095 83.2681 28.9175 186.5142 70.2681 87.1845 92.3896 66.7576 69.0998 0.0 36.7611 47.5458 85.8624 98.0314 70.6945 13.1171 358.116 656.1187 656.1187 440.4058 83.6171 222.5253 177.8632 90.6604 279.944 559.4139 245.7536 74.7725 262.5841 115.9983 174.7727 153.7468 228.7812 565.2412;
	3.47 46.8872 90.8055 118.7974 14.9885 9.3497 1.9061 17.6562 6.0738 25.5075 47.1502 70.3388 105.8947 24.8734 170.3044 64.1612 79.6074 84.3601 58.8227 69.2337 0.6354 21.816 52.6876 86.7445 100.1472 69.6427 13.3391 395.6868 550.5672 550.5672 410.359 86.4357 196.0758 178.2077 77.9814 234.9087 466.6009 225.1688 324.3577 268.2515 116.1624 103.7196 150.7131 235.014 471.4613;
	3.2728 44.223 90.7344 117.0433 14.465 18.1637 5.0194 18.368 7.1742 27.8452 51.4714 76.7853 115.5998 33.1433 184.4012 69.4721 86.1968 91.3429 61.3229 70.8919 1.6731 42.3821 65.6983 87.8392 103.7151 71.8826 13.5862 890.8903 477.7202 477.7202 305.1221 87.7011 204.4095 182.4759 103.9086 203.8273 819.0413 238.4048 138.6912 277.8084 115.488 201.4965 123.3274 233.2395 827.5729;
	3.1501 42.5647 93.1467 118.2652 14.9635 22.2351 2.5355 18.2984 7.0993 26.3396 48.6883 72.6334 109.3492 59.4826 187.729 70.7258 87.7524 92.9913 76.0056 70.853 0.8452 51.8818 57.137 88.5705 101.8183 73.234 13.7273 1157.0292 582.4068 582.4068 224.0064 67.7294 253.352 182.3759 186.4859 248.4936 1028.1256 217.3127 151.9572 272.7275 115.496 246.6611 172.8529 266.425 1038.8353;
