function solarprofile = ex_solar_profilesh1
%EX_WIND_PROFILE_D  Example wind_load_nyiso profile data for deterministic unit commitment.
% 2022.03.12
% Andres F. Ramirez


%% define constants
[GEN_BUS, PG, QG, QMAX, QMIN, VG, MBASE, GEN_STATUS, PMAX, PMIN, ...
    MU_PMAX, MU_PMIN, MU_QMAX, MU_QMIN, PC1, PC2, QC1MIN, QC1MAX, ...
    QC2MIN, QC2MAX, RAMP_AGC, RAMP_10, RAMP_30, RAMP_Q, APF] = idx_gen;
[CT_LABEL, CT_PROB, CT_TABLE, CT_TBUS, CT_TGEN, CT_TBRCH, CT_TAREABUS, ...
    CT_TAREAGEN, CT_TAREABRCH, CT_ROW, CT_COL, CT_CHGTYPE, CT_REP, ...
    CT_REL, CT_ADD, CT_NEWVAL, CT_TLOAD, CT_TAREALOAD, CT_LOAD_ALL_PQ, ...
    CT_LOAD_FIX_PQ, CT_LOAD_DIS_PQ, CT_LOAD_ALL_P, CT_LOAD_FIX_P, ...
    CT_LOAD_DIS_P, CT_TGENCOST, CT_TAREAGENCOST, CT_MODCOST_F, ...
    CT_MODCOST_X] = idx_ct;

solarprofile = struct( ...
    'type', 'mpcData', ...
    'table', CT_TGEN, ...
    'rows', [1:12], ...
    'col', PMAX, ...
    'chgtype', 1, ...
    'values', [] );
solarprofile.values(:,1,:) = [
	0.0 0.0 0.0 0.0 0.0 0.0 0.0 0.0 0.0 0.0 0.0 0.0;
	0.0 0.0 0.0 0.0 0.0 0.0 0.0 0.0 0.0 0.0 0.0 0.0;
	0.0 0.0 0.0 0.0 0.0 0.0 0.0 0.0 0.0 0.0 0.0 0.0;
	0.0 0.0 0.0 0.0 0.0 0.0 0.0 0.0 0.0 0.0 0.0 0.0;
	0.0 0.0 0.0 0.0 0.0 0.0 0.0 0.0 0.0 0.0 0.0 0.0;
	0.4095 0.3502 0.302 0.0 0.0 0.1765 0.0221 0.1431 0.1893 0.0 0.0 0.0;
	2.1861 2.6262 2.6785 1.4693 2.1714 22.7878 2.8485 10.1132 73.8866 27.5291 11.0104 49.8553;
	6.1413 5.6712 5.1342 1.7923 2.8534 7.2864 0.9108 3.3204 75.0141 129.6294 21.4057 234.7596;
	10.1688 7.4782 5.9273 1.8644 2.669 1.441 0.1801 2.2554 54.4067 224.4963 41.019 406.5641;
	13.2728 10.0781 9.1777 5.2434 10.3421 0.0 0.0 5.1199 38.74 277.7731 77.094 503.0487;
	15.6504 11.7076 9.7018 7.5484 9.4378 0.0 0.0 11.2435 76.5317 223.2161 30.9045 404.2458;
	14.0841 10.1569 8.8432 10.5202 9.9128 0.0 0.0 15.1112 119.0415 102.6069 17.3518 185.8218;
	3.0878 3.7215 4.4441 10.5848 7.9566 72.5749 9.0719 17.9079 200.7245 137.0138 23.9345 248.1327;
	2.6623 3.6048 3.4626 8.8447 7.4023 155.0505 19.3813 16.6677 186.4079 191.8681 98.0898 347.4743;
	2.4015 2.631 3.5029 4.2698 5.5758 185.8413 23.2302 18.4804 143.6159 253.098 109.3386 458.3619;
	1.9188 1.3964 1.5921 0.3705 1.1897 272.7788 34.0974 25.2604 100.5461 143.8608 36.2723 260.5327;
	0.64 0.293 0.2935 0.8393 0.9325 76.1968 9.5246 7.0069 43.7204 9.4678 4.8329 17.1463;
	0.0 0.0 0.0 0.0 0.0 0.0 0.0 0.0 0.0 0.0 0.0 0.0;
	0.0 0.0 0.0 0.0 0.0 0.0 0.0 0.0 0.0 0.0 0.0 0.0;
	0.0 0.0 0.0 0.0 0.0 0.0 0.0 0.0 0.0 0.0 0.0 0.0;
	0.0 0.0 0.0 0.0 0.0 0.0 0.0 0.0 0.0 0.0 0.0 0.0;
	0.0 0.0 0.0 0.0 0.0 0.0 0.0 0.0 0.0 0.0 0.0 0.0;
	0.0 0.0 0.0 0.0 0.0 0.0 0.0 0.0 0.0 0.0 0.0 0.0;
	0.0 0.0 0.0 0.0 0.0 0.0 0.0 0.0 0.0 0.0 0.0 0.0;
];
