function loadprofile = ex_load_profilesh1
%EX_LOAD_PROFILE  Example load profile data file for stochastic unit commitment.
% 2022.03.12
% Andres F. Ramirez

%% define constants
[CT_LABEL, CT_PROB, CT_TABLE, CT_TBUS, CT_TGEN, CT_TBRCH, CT_TAREABUS, ...
    CT_TAREAGEN, CT_TAREABRCH, CT_ROW, CT_COL, CT_CHGTYPE, CT_REP, ...
    CT_REL, CT_ADD, CT_NEWVAL, CT_TLOAD, CT_TAREALOAD, CT_LOAD_ALL_PQ, ...
    CT_LOAD_FIX_PQ, CT_LOAD_DIS_PQ, CT_LOAD_ALL_P, CT_LOAD_FIX_P, ...
    CT_LOAD_DIS_P, CT_TGENCOST, CT_TAREAGENCOST, CT_MODCOST_F, ...
    CT_MODCOST_X] = idx_ct;

loadprofile = struct( ...
    'type', 'mpcData', ...
    'table', CT_TAREALOAD, ...
    'rows', [1:11], ...
    'col', CT_LOAD_ALL_P, ...
    'chgtype', 1, ...
    'values', [] );
loadprofile.values(:,1,:) = [
	1552.8 965.0828 1596.9748 506.0394 792.9131 1092.4668 795.7789 266.7325 414.2581 4421.7162 1668.7632;
	1501.5651 911.3305 1572.1286 496.6 798.9515 1082.8214 774.6242 263.3529 403.8374 4352.9241 1633.0994;
	1520.4996 909.4994 1608.3391 490.876 814.3227 1091.6 767.8305 255.3739 393.2441 4271.6 1651.4902;
	1595.6242 964.3 1717.6163 524.9563 884.7725 1145.8 824.1507 272.9671 431.6733 4533.9752 1767.0223;
	1733.9237 1085.2006 1929.0738 556.9707 993.3898 1291.4978 945.5597 321.3908 527.7436 5054.7513 1971.713;
	1817.2014 1174.9666 2059.4629 586.8 1058.3741 1389.8 1023.1 339.0511 614.1214 5610.9578 2157.2;
	1859.1912 1195.1816 2083.8063 607.4 1095.1165 1406.2 1064.6477 351.706 630.8182 5988.083 2188.9;
	1880.4983 1192.1631 2050.8996 609.2538 1061.3248 1418.563 1097.159 354.9334 660.915 6100.9761 2225.466;
	1845.682 1188.1 2019.7083 587.1 1044.7959 1397.6319 1060.2828 338.3 646.8583 6067.19 2161.9594;
	1856.6 1193.9232 2013.4493 557.0886 1041.7725 1358.1131 1051.4486 330.4759 659.6809 6061.0347 2253.1736;
	1849.5 1175.4835 1957.3 547.1 1006.3062 1348.477 1026.7025 325.7578 623.7488 5958.6123 2084.0931;
	1809.7962 1134.3492 1896.7443 549.7467 1017.2164 1293.4733 977.4936 329.5898 614.8463 5934.5152 2036.0734;
	1839.2981 1140.7182 1900.2893 556.2935 991.2817 1294.1759 1035.5237 326.2 608.0453 5881.6 2115.3416;
	1795.7204 1111.2118 1881.7349 561.3314 983.2633 1329.7766 1048.8312 320.7049 628.1313 5910.3539 2201.7287;
	1742.8932 1091.0786 1891.1609 556.7 989.8567 1313.9688 1004.1596 309.193 571.1113 5835.0918 2163.0282;
	1733.8 1074.7659 1830.6317 548.4 977.928 1321.8921 1008.2484 320.2622 576.1428 5830.2412 2190.0;
	1748.8701 1082.4794 1828.3 552.1 1044.5433 1330.6714 990.5951 347.579 614.3871 5751.5698 2258.9522;
	1791.4139 1107.0942 1830.5375 555.9765 1038.5275 1359.5739 1042.0181 355.4 644.9128 5699.4376 2333.4256;
	1828.0236 1131.5518 1900.0507 544.4 1058.2079 1359.1871 1062.7 341.6917 649.4634 5759.1062 2351.7929;
	1790.74 1089.6591 1829.8993 536.3858 983.1028 1269.738 1006.2956 322.9952 614.7613 5525.5289 2287.3684;
	1731.6 1023.6182 1737.8 518.4 942.44 1208.6486 964.3 295.3876 538.314 5219.5096 2118.9535;
	1623.3 954.4 1632.9 501.573 881.9 1121.5 885.2107 281.8574 498.1505 4841.4517 1931.2;
	1589.3503 898.8 1567.4017 545.9446 816.5407 1099.4343 836.6 249.8428 495.2813 4482.8803 1748.3283;
	1512.8464 866.1281 1509.9492 540.2 794.4132 1073.0728 826.7194 234.046 463.4768 4445.3473 1644.8945;
];
