function loadprofile = ex_load_profilesh1
%EX_LOAD_PROFILE  Example load profile data file for stochastic unit commitment.
% 2022.03.12
% Andres F. Ramirez

%% define constants
[CT_LABEL, CT_PROB, CT_TABLE, CT_TBUS, CT_TGEN, CT_TBRCH, CT_TAREABUS, ...
    CT_TAREAGEN, CT_TAREABRCH, CT_ROW, CT_COL, CT_CHGTYPE, CT_REP, ...
    CT_REL, CT_ADD, CT_NEWVAL, CT_TLOAD, CT_TAREALOAD, CT_LOAD_ALL_PQ, ...
    CT_LOAD_FIX_PQ, CT_LOAD_DIS_PQ, CT_LOAD_ALL_P, CT_LOAD_FIX_P, ...
    CT_LOAD_DIS_P, CT_TGENCOST, CT_TAREAGENCOST, CT_MODCOST_F, ...
    CT_MODCOST_X] = idx_ct;

loadprofile = struct( ...
    'type', 'mpcData', ...
    'table', CT_TAREALOAD, ...
    'rows', [1:11], ...
    'col', CT_LOAD_ALL_P, ...
    'chgtype', 1, ...
    'values', [] );
loadprofile.values(:,1,:) = [
	1416.2858 851.3908 1448.8903 521.9 716.7853 1064.2 822.3596 244.6 476.0 4418.7064 1644.3634;
	1414.8 846.7933 1427.4613 493.1993 702.6442 1065.6282 812.0576 237.8 452.222 4336.4505 1613.6363;
	1442.2975 850.2067 1461.1617 513.5971 726.7314 1104.5883 825.7 229.5105 450.2139 4266.2775 1605.7;
	1531.9383 907.8398 1566.0461 526.8 806.8 1185.7434 870.8294 262.7164 485.6204 4440.219 1702.7097;
	1666.4617 1004.8058 1747.1939 566.2486 902.0581 1315.4722 959.7178 293.827 550.3681 4877.6763 1899.1062;
	1803.2797 1109.8869 1873.5876 577.1305 969.7105 1401.3049 1038.0847 330.6621 610.3963 5445.0904 2115.718;
	1792.3 1146.6666 1922.9328 561.7793 991.4324 1409.0718 1062.3 338.584 623.5182 5832.4697 2198.0427;
	1845.0605 1165.9 1932.3807 546.4245 1015.8605 1428.3 1084.2 338.3761 632.7278 6076.3337 2265.3025;
	1832.4239 1168.4656 1949.0617 521.0144 1020.0731 1422.1722 1092.3885 337.3158 650.9375 6022.8525 2344.8588;
	1833.6995 1140.3628 1934.1858 474.1215 987.9194 1404.0283 1104.7916 345.692 647.9947 6058.1407 2357.6843;
	1812.2219 1132.4311 1959.105 488.3494 991.6895 1380.7271 1085.3195 352.7785 622.7819 6041.3605 2296.7;
	1847.5454 1128.8641 1982.9968 491.6831 994.4701 1415.1707 1101.6227 357.3283 634.4271 5977.952 2333.492;
	1816.6398 1116.908 1956.4868 461.0236 966.7653 1368.4139 1065.7 360.7737 651.7219 5926.6369 2277.9551;
	1733.0269 1098.9093 1891.5 494.7267 969.5952 1345.1335 1096.5 359.1352 657.1 5957.9688 2301.194;
	1761.536 1078.6271 1885.2108 504.9 957.8017 1360.3722 1072.4166 372.2316 646.7362 5924.4655 2288.7072;
	1797.3643 1113.694 1913.0847 529.5453 957.3009 1390.5332 1076.6 378.4497 640.9 5890.0731 2283.2256;
	1818.8669 1153.4 1950.8338 529.9509 974.1752 1372.004 1074.6 395.2 635.2832 5725.3448 2373.0412;
	1829.0469 1161.1 1942.5 551.9 998.9182 1411.3126 1094.6 383.6299 657.0944 5730.8868 2452.8141;
	1828.1001 1144.8985 1910.3 560.0 1027.6401 1377.5732 1081.5126 365.5273 624.4003 5617.4407 2408.0248;
	1763.7433 1074.6394 1837.4541 543.8 967.9316 1310.8621 1045.6439 354.118 588.4948 5419.5216 2254.957;
	1719.0509 1024.3 1763.5781 537.5933 921.047 1202.6963 980.2 326.0 572.6608 5233.1911 2139.6094;
	1578.6342 964.2423 1638.5387 535.0265 860.5 1126.3971 940.5297 298.9491 505.7781 4897.6875 1953.0681;
	1572.8589 911.7228 1589.5991 547.4 820.9647 1158.0373 903.4142 295.5125 520.1 4805.4516 1824.1325;
	1501.4872 882.5 1507.9318 550.9344 732.3582 1133.2017 865.7 262.1533 499.9024 4504.8391 1711.5996;
];
