function loadprofile = ex_load_profilesh1
%EX_LOAD_PROFILE  Example load profile data file for stochastic unit commitment.
% 2022.03.12
% Andres F. Ramirez

%% define constants
[CT_LABEL, CT_PROB, CT_TABLE, CT_TBUS, CT_TGEN, CT_TBRCH, CT_TAREABUS, ...
    CT_TAREAGEN, CT_TAREABRCH, CT_ROW, CT_COL, CT_CHGTYPE, CT_REP, ...
    CT_REL, CT_ADD, CT_NEWVAL, CT_TLOAD, CT_TAREALOAD, CT_LOAD_ALL_PQ, ...
    CT_LOAD_FIX_PQ, CT_LOAD_DIS_PQ, CT_LOAD_ALL_P, CT_LOAD_FIX_P, ...
    CT_LOAD_DIS_P, CT_TGENCOST, CT_TAREAGENCOST, CT_MODCOST_F, ...
    CT_MODCOST_X] = idx_ct;

loadprofile = struct( ...
    'type', 'mpcData', ...
    'table', CT_TAREALOAD, ...
    'rows', [1:11], ...
    'col', CT_LOAD_ALL_P, ...
    'chgtype', 1, ...
    'values', [] );
loadprofile.values(:,1,:) = [
	1465.8 887.4 1499.2 508.8 675.0291 1036.4796 785.8068 229.9893 494.5349 4266.7796 1647.0754;
	1443.646 876.1061 1521.7259 518.8902 694.755 1035.5015 786.4226 239.6 492.0585 4268.3796 1634.3935;
	1476.7926 880.7738 1532.82 517.5904 724.7157 1066.2 807.383 230.3938 500.0413 4365.2866 1703.8445;
	1558.8573 957.1 1628.6679 518.4628 765.9993 1125.6106 838.4046 255.0 531.0 4593.9859 1831.027;
	1712.3 1057.3 1834.4098 546.6 877.6262 1286.6077 966.9281 299.4531 604.5506 5115.7578 2052.4865;
	1780.0701 1138.7589 1929.5895 564.4937 927.2161 1344.6384 995.1363 299.7145 668.6284 5542.912 2169.3054;
	1789.1117 1143.0485 1969.8695 567.1 937.4 1351.359 1021.6179 292.2 681.6229 5783.0852 2226.8494;
	1838.8006 1171.9918 1983.9647 565.0958 890.3506 1335.3376 1012.6457 298.2 672.1887 5904.5351 2184.5554;
	1840.3688 1179.0983 1947.2415 553.6349 875.4248 1350.9153 1019.9228 290.9851 680.6185 5809.3907 2203.1569;
	1874.6384 1181.9 1924.673 533.1 847.1969 1318.8996 1024.6035 332.0 681.6 6015.4156 2271.3529;
	1862.8928 1161.9996 1906.7713 526.939 837.2618 1315.5451 1015.6137 331.8708 676.1293 6035.9391 2287.0786;
	1857.5065 1160.9 1873.5221 518.086 829.794 1295.7359 1004.5 328.1368 676.4037 6080.58 2276.5266;
	1819.3 1140.4 1825.3737 516.3886 810.9402 1274.7 1009.6 336.9682 646.3779 6042.593 2207.2073;
	1825.2292 1134.2363 1816.3468 524.7553 813.114 1243.9928 990.4887 328.1428 642.5396 5977.7574 2235.2293;
	1824.2048 1115.515 1848.6 527.4217 831.9801 1258.9092 987.8179 310.6496 623.6046 5991.9323 2265.2213;
	1853.9012 1141.8452 1842.7957 522.0871 841.5286 1263.9 989.459 326.4396 626.4637 5972.2033 2284.6727;
	1800.9292 1149.4889 1836.6156 548.5 855.8 1295.0661 1003.5202 329.5657 632.1411 5770.5312 2296.2191;
	1843.5289 1179.0 1905.9815 565.3639 858.6057 1337.9442 1067.0984 336.8952 657.3473 5828.3072 2436.6888;
	1886.5962 1188.3246 1912.6899 587.8668 871.4158 1326.7238 1068.8609 319.7483 655.0 5673.2368 2428.8871;
	1903.9534 1124.3055 1825.6474 577.1 831.4853 1263.9 1029.4951 305.3 649.6535 5451.8329 2332.5833;
	1799.9188 1058.8664 1758.7853 557.7191 802.6932 1192.8796 967.8195 301.1842 610.8407 5233.1 2202.5927;
	1671.8105 975.0 1645.349 545.6 749.629 1114.4817 901.6018 272.8322 554.395 4904.4704 1967.2966;
	1574.1996 898.9405 1524.2293 543.9 684.8002 1090.7843 866.3222 264.5533 517.6156 4745.7467 1865.4637;
	1515.6479 850.0883 1490.252 544.5 683.3156 1049.8973 835.5 252.0926 500.7067 4580.5616 1753.4615;
];
