function solarprofile = ex_solar_profilesh1
%EX_WIND_PROFILE_D  Example wind_load_nyiso profile data for deterministic unit commitment.
% 2022.03.12
% Andres F. Ramirez


%% define constants
[GEN_BUS, PG, QG, QMAX, QMIN, VG, MBASE, GEN_STATUS, PMAX, PMIN, ...
    MU_PMAX, MU_PMIN, MU_QMAX, MU_QMIN, PC1, PC2, QC1MIN, QC1MAX, ...
    QC2MIN, QC2MAX, RAMP_AGC, RAMP_10, RAMP_30, RAMP_Q, APF] = idx_gen;
[CT_LABEL, CT_PROB, CT_TABLE, CT_TBUS, CT_TGEN, CT_TBRCH, CT_TAREABUS, ...
    CT_TAREAGEN, CT_TAREABRCH, CT_ROW, CT_COL, CT_CHGTYPE, CT_REP, ...
    CT_REL, CT_ADD, CT_NEWVAL, CT_TLOAD, CT_TAREALOAD, CT_LOAD_ALL_PQ, ...
    CT_LOAD_FIX_PQ, CT_LOAD_DIS_PQ, CT_LOAD_ALL_P, CT_LOAD_FIX_P, ...
    CT_LOAD_DIS_P, CT_TGENCOST, CT_TAREAGENCOST, CT_MODCOST_F, ...
    CT_MODCOST_X] = idx_ct;

solarprofile = struct( ...
    'type', 'mpcData', ...
    'table', CT_TGEN, ...
    'rows', [1:12], ...
    'col', PMAX, ...
    'chgtype', 1, ...
    'values', [] );
solarprofile.values(:,1,:) = [
	0.0 0.0 0.0 0.0 0.0 0.0 0.0 0.0 0.0 0.0 0.0 0.0;
	0.0 0.0 0.0 0.0 0.0 0.0 0.0 0.0 0.0 0.0 0.0 0.0;
	0.0 0.0 0.0 0.0 0.0 0.0 0.0 0.0 0.0 0.0 0.0 0.0;
	0.0 0.0 0.0 0.0 0.0 0.0 0.0 0.0 0.0 0.0 0.0 0.0;
	0.0 0.0 0.0 0.0 0.0 0.0 0.0 0.0 0.0 0.0 0.0 0.0;
	0.4174 0.3663 0.3036 0.0 0.0 0.2826 0.0353 0.1431 0.8323 0.0 0.0 0.0;
	7.9689 10.4147 8.1896 2.7673 1.7483 101.0975 12.6372 16.3336 122.9746 63.8807 32.7729 115.6884;
	13.6399 14.389 10.162 5.6515 3.6446 128.28 16.035 21.1421 134.2558 134.8461 97.2208 244.2072;
	18.0241 16.3269 11.814 7.5078 5.5614 173.9001 21.7375 28.3508 157.2526 213.0441 139.2621 385.8242;
	20.6295 16.5672 12.799 11.5423 13.8684 355.141 44.3926 39.8486 193.812 265.892 147.2302 481.5321;
	16.1344 13.7181 11.8649 11.8227 13.8893 371.917 46.4896 32.749 202.7287 295.5828 180.6919 535.3022;
	11.1156 11.5116 11.2248 11.8516 13.7215 325.7384 40.7173 26.4973 180.5673 291.9001 191.4485 528.6328;
	10.754 8.5026 8.6589 11.0528 9.8367 310.5994 38.8249 29.647 202.5073 149.1203 130.0343 270.0578;
	10.7954 7.6714 7.0258 10.1688 9.114 313.0246 39.1281 34.3715 202.4392 76.4782 107.4583 138.5025;
	9.6055 6.6252 5.0185 7.8633 8.6766 345.8543 43.2318 42.5335 210.9034 35.2005 62.282 63.7484;
	1.7331 1.4005 0.7437 4.6032 6.5509 424.1414 53.0177 40.5295 260.4929 8.7496 8.5282 15.8456;
	0.2069 0.1937 0.1816 1.7054 2.4151 74.3092 9.2887 4.2858 58.5232 3.564 6.4976 6.4544;
	0.0 0.0 0.0 0.0 0.0 0.0 0.0 0.0 0.0 0.0 0.0 0.0;
	0.0 0.0 0.0 0.0 0.0 0.0 0.0 0.0 0.0 0.0 0.0 0.0;
	0.0 0.0 0.0 0.0 0.0 0.0 0.0 0.0 0.0 0.0 0.0 0.0;
	0.0 0.0 0.0 0.0 0.0 0.0 0.0 0.0 0.0 0.0 0.0 0.0;
	0.0 0.0 0.0 0.0 0.0 0.0 0.0 0.0 0.0 0.0 0.0 0.0;
	0.0 0.0 0.0 0.0 0.0 0.0 0.0 0.0 0.0 0.0 0.0 0.0;
	0.0 0.0 0.0 0.0 0.0 0.0 0.0 0.0 0.0 0.0 0.0 0.0;
];
