function loadprofile = ex_load_profilesh1
%EX_LOAD_PROFILE  Example load profile data file for stochastic unit commitment.
% 2022.03.12
% Andres F. Ramirez

%% define constants
[CT_LABEL, CT_PROB, CT_TABLE, CT_TBUS, CT_TGEN, CT_TBRCH, CT_TAREABUS, ...
    CT_TAREAGEN, CT_TAREABRCH, CT_ROW, CT_COL, CT_CHGTYPE, CT_REP, ...
    CT_REL, CT_ADD, CT_NEWVAL, CT_TLOAD, CT_TAREALOAD, CT_LOAD_ALL_PQ, ...
    CT_LOAD_FIX_PQ, CT_LOAD_DIS_PQ, CT_LOAD_ALL_P, CT_LOAD_FIX_P, ...
    CT_LOAD_DIS_P, CT_TGENCOST, CT_TAREAGENCOST, CT_MODCOST_F, ...
    CT_MODCOST_X] = idx_ct;

loadprofile = struct( ...
    'type', 'mpcData', ...
    'table', CT_TAREALOAD, ...
    'rows', [1:11], ...
    'col', CT_LOAD_ALL_P, ...
    'chgtype', 1, ...
    'values', [] );
loadprofile.values(:,1,:) = [
	1417.6967 893.201 1469.3824 458.2056 753.383 1139.7303 857.7 220.8 532.6837 3792.3872 1555.537;
	1389.2025 889.3 1477.0429 473.859 756.8 1148.0251 846.5265 205.4905 522.4245 3888.6435 1586.8324;
	1394.7751 891.4759 1494.5 450.9735 772.8551 1164.5575 852.7 214.993 532.6207 3946.8886 1607.2;
	1489.9081 966.6534 1623.5203 491.3294 833.416 1221.4714 890.53 231.1519 554.6899 4006.7326 1721.9;
	1654.0 1083.6765 1816.9964 523.4 954.9083 1387.8915 1011.2383 268.6856 621.2882 4738.5707 1967.1979;
	1771.2351 1153.0 1951.352 555.7633 1003.8 1469.5106 1083.8885 301.6138 690.3672 5158.5774 2112.2521;
	1751.7737 1155.9 1945.3988 515.4217 1015.4615 1481.7984 1099.8 297.4121 712.3233 5529.4077 2177.2982;
	1756.7886 1191.6252 1986.0097 524.6554 1016.44 1463.1863 1144.7668 306.2 729.1562 5866.7381 2223.0856;
	1766.0877 1225.7 2082.2254 514.9071 1031.9184 1481.9211 1175.3792 320.6946 746.3796 6030.5285 2306.1;
	1734.5099 1199.7 2010.5804 522.5125 1003.7252 1434.6533 1154.7227 308.7753 746.9329 6007.4509 2358.0558;
	1737.478 1189.9279 2006.5463 518.3192 989.4 1386.4663 1121.3955 305.7737 755.4712 6031.3805 2332.6108;
	1756.6026 1178.8673 1968.314 511.3 991.297 1384.9495 1063.3118 312.0337 717.0351 6033.5346 2317.8923;
	1760.4235 1164.0403 1943.6202 512.5644 977.1283 1380.1585 1116.2144 303.7144 693.1862 5927.5396 2269.1269;
	1726.1 1139.2 1937.3431 516.6357 959.9493 1349.0527 1073.6557 301.6072 718.1473 5981.6565 2261.9;
	1680.6428 1117.1 1877.1599 483.6218 951.4791 1322.7049 1035.58 313.2879 697.6 5963.5371 2252.1867;
	1678.4144 1140.0566 1907.9126 496.698 937.6466 1347.1866 1062.469 299.1486 681.2027 5900.199 2188.8847;
	1686.4183 1135.8 1902.2957 483.7175 968.835 1354.9548 1058.5721 317.4748 702.4881 5865.0442 2265.0257;
	1741.5732 1173.893 1945.7146 489.5671 979.8595 1415.578 1099.8231 325.8 722.5434 5748.6408 2353.4668;
	1767.9355 1206.8172 1983.53 484.8089 992.9095 1474.151 1149.4944 327.4721 714.0407 5756.8521 2377.4137;
	1706.8137 1149.0852 1889.5841 475.6163 943.7518 1407.818 1071.8524 327.116 678.1113 5480.519 2242.2;
	1647.798 1088.4202 1788.9832 446.4642 878.9559 1302.1283 989.4104 313.3224 618.8369 5117.2149 2056.3694;
	1523.2662 968.9526 1679.7398 443.562 838.431 1238.5675 939.4634 276.9316 570.2503 4791.9401 1890.1849;
	1469.9048 979.0587 1642.918 491.1032 781.5588 1198.139 939.0155 251.7 549.4 4569.4249 1771.3;
	1393.6405 917.7169 1557.0939 472.9895 740.7773 1160.5111 884.2039 238.0257 524.0 4292.9027 1623.5516;
];
