function loadprofile = ex_load_profilesh1
%EX_LOAD_PROFILE  Example load profile data file for stochastic unit commitment.
% 2022.03.12
% Andres F. Ramirez

%% define constants
[CT_LABEL, CT_PROB, CT_TABLE, CT_TBUS, CT_TGEN, CT_TBRCH, CT_TAREABUS, ...
    CT_TAREAGEN, CT_TAREABRCH, CT_ROW, CT_COL, CT_CHGTYPE, CT_REP, ...
    CT_REL, CT_ADD, CT_NEWVAL, CT_TLOAD, CT_TAREALOAD, CT_LOAD_ALL_PQ, ...
    CT_LOAD_FIX_PQ, CT_LOAD_DIS_PQ, CT_LOAD_ALL_P, CT_LOAD_FIX_P, ...
    CT_LOAD_DIS_P, CT_TGENCOST, CT_TAREAGENCOST, CT_MODCOST_F, ...
    CT_MODCOST_X] = idx_ct;

loadprofile = struct( ...
    'type', 'mpcData', ...
    'table', CT_TAREALOAD, ...
    'rows', [1:11], ...
    'col', CT_LOAD_ALL_P, ...
    'chgtype', 1, ...
    'values', [] );
loadprofile.values(:,1,:) = [
	1428.7227 880.2266 1541.3272 525.3 762.7941 1148.5031 847.6 242.9091 518.376 4356.1495 1728.8322;
	1412.6798 900.8 1525.064 526.1896 736.5264 1115.6197 836.06 240.0 512.7562 4362.7791 1751.0497;
	1438.8766 909.7435 1568.439 531.9128 763.9749 1132.9282 841.1962 252.5723 509.1 4367.743 1733.1801;
	1511.7132 974.0258 1663.4354 547.7 831.6157 1235.7969 890.4 280.8482 545.1697 4571.9522 1792.5195;
	1643.0859 1090.9074 1845.5862 569.8545 967.4096 1373.8564 984.3043 310.7544 614.8771 5019.6809 2039.2842;
	1766.7017 1160.2054 1985.912 589.0 1046.303 1469.2069 1076.8694 335.0 702.3125 5563.4515 2269.5625;
	1809.4463 1163.4 1982.0825 576.8 1023.8884 1419.8648 1060.2149 333.4 695.8888 5589.2693 2274.9;
	1830.3229 1178.6883 2000.2632 531.4843 1032.7718 1380.4756 1060.3358 334.1 722.4 5941.7582 2357.6469;
	1782.598 1165.3422 1967.6747 544.9574 1001.5006 1367.3614 1047.49 328.7836 735.3088 5907.2238 2303.851;
	1788.2721 1157.0138 2008.9283 557.9 989.9345 1397.2874 1062.0052 321.9525 722.4167 5719.9175 2290.659;
	1750.8217 1131.2314 1979.656 552.0794 976.1972 1405.1193 1033.028 302.9204 742.7455 5700.0752 2290.95;
	1756.1091 1120.2178 1969.7697 556.4 948.5 1392.4382 1009.7406 302.3 731.3 5577.8602 2253.3501;
	1693.8561 1108.7597 1945.8877 526.4797 957.9021 1365.8797 1007.5 291.837 723.9 5804.9917 2282.2536;
	1661.5351 1093.2787 1908.545 517.3949 954.974 1361.4693 981.2539 305.8 739.8493 5792.101 2206.9;
	1615.3653 1097.9342 1946.657 514.8 902.1417 1323.1698 991.3112 304.5673 734.5344 5416.0555 2209.8863;
	1638.9629 1058.7879 1863.2 520.1389 899.5095 1283.1545 925.8715 284.5741 703.934 5267.271 2147.1;
	1687.4386 1079.2918 1877.7596 522.4121 926.4671 1289.8724 918.1879 292.8604 672.2637 5230.6296 2228.2507;
	1692.0806 1116.5523 1885.14 534.3742 942.3711 1346.083 944.9766 287.8427 677.8401 4714.0333 2254.3657;
	1748.9 1142.9996 1910.2222 544.4292 933.5 1353.7732 1030.1301 307.9156 656.2812 5363.3995 2277.9394;
	1720.4961 1075.5408 1765.8057 538.7156 890.2865 1297.7964 994.2823 302.6035 617.012 5033.7396 2162.4276;
	1627.7 1014.9614 1681.9871 517.0325 823.1609 1212.971 942.0677 281.1983 582.5163 4894.4981 2014.3277;
	1542.6 933.989 1579.5156 501.993 737.1156 1121.5951 857.3401 257.8265 543.4502 4417.3395 1831.8648;
	1527.6649 886.4775 1516.3587 528.9681 709.8727 1106.2 704.5074 241.2751 507.9 4215.7504 1480.3717;
	1470.1151 848.4588 1469.1685 493.807 689.9019 1098.52 675.7409 232.2735 486.5 4141.9781 1412.4134;
];
