function windprofile = ex_wind_profilesh1
%EX_WIND_PROFILE_D  Example wind_load_nyiso profile data for deterministic unit commitment.
% 2022.03.12
% Andres F. Ramirez


%% define constants
[GEN_BUS, PG, QG, QMAX, QMIN, VG, MBASE, GEN_STATUS, PMAX, PMIN, ...
    MU_PMAX, MU_PMIN, MU_QMAX, MU_QMIN, PC1, PC2, QC1MIN, QC1MAX, ...
    QC2MIN, QC2MAX, RAMP_AGC, RAMP_10, RAMP_30, RAMP_Q, APF] = idx_gen;
[CT_LABEL, CT_PROB, CT_TABLE, CT_TBUS, CT_TGEN, CT_TBRCH, CT_TAREABUS, ...
    CT_TAREAGEN, CT_TAREABRCH, CT_ROW, CT_COL, CT_CHGTYPE, CT_REP, ...
    CT_REL, CT_ADD, CT_NEWVAL, CT_TLOAD, CT_TAREALOAD, CT_LOAD_ALL_PQ, ...
    CT_LOAD_FIX_PQ, CT_LOAD_DIS_PQ, CT_LOAD_ALL_P, CT_LOAD_FIX_P, ...
    CT_LOAD_DIS_P, CT_TGENCOST, CT_TAREAGENCOST, CT_MODCOST_F, ...
    CT_MODCOST_X] = idx_ct;

windprofile = struct( ...
    'type', 'mpcData', ...
    'table', CT_TGEN, ...
    'rows', [1:45], ...
    'col', PMAX, ...
    'chgtype', 1, ...
    'values', [] );
windprofile.values(:,1,:) = [
	3.8703 52.2962 88.6017 113.3215 14.6567 32.6431 32.6407 17.4916 11.1943 8.9497 16.5434 24.6795 37.1549 53.055 190.1101 71.6229 88.8654 94.1708 84.355 67.593 10.8802 76.1672 0.0 84.5352 100.2259 73.0993 12.865 1252.0785 807.3381 807.3381 707.7824 112.5476 281.1834 173.9845 166.3345 344.4643 1121.2067 249.8345 466.6848 268.4622 115.9968 362.1204 206.9739 278.6732 1132.886;
	3.7589 50.7913 88.2345 109.6929 14.3744 33.312 32.643 17.0243 11.1849 6.5249 12.0612 17.9929 27.0883 58.9446 190.9297 71.9316 89.2485 94.5768 85.9172 71.6895 10.881 77.728 0.0 74.8712 94.5765 69.783 11.8829 1258.6331 782.1877 782.1877 715.8317 116.1118 286.3906 184.5289 184.7992 333.7334 1184.0681 247.7822 454.9752 253.33 115.4042 369.5409 207.2148 271.1694 1196.4021;
	3.7192 50.2549 81.8007 100.6899 14.4484 32.3248 33.1298 16.4238 21.7413 4.0086 7.4099 11.0541 16.6418 55.2704 185.1379 69.7496 86.5412 91.7078 84.3592 72.5948 11.0433 75.4246 2.2169 75.9375 78.2177 67.8768 9.6947 1319.0641 824.9799 824.9799 766.5577 118.6541 281.1975 186.8593 173.2803 351.9914 1253.9422 292.2435 451.1645 209.5118 115.7035 358.5902 208.0989 248.6549 1267.0041;
	3.6684 49.5687 81.8489 104.3636 14.5766 32.1369 31.4862 14.1982 27.4286 27.0146 49.936 74.4947 112.1514 63.1838 193.9324 73.0629 90.6521 96.0642 77.1337 68.6445 10.4954 74.9861 0.2389 65.7811 69.0671 66.1516 9.0697 1337.1343 794.7802 794.7802 779.7963 115.5028 257.1123 176.6911 198.0898 339.1062 1205.7547 312.0728 453.7383 185.0012 114.7624 356.5052 179.7489 242.1339 1218.3146;
	3.3389 45.1155 86.648 112.41 14.4385 30.9884 31.853 17.0726 27.6819 28.8441 53.3179 79.5398 119.7467 63.18 197.0369 74.2325 92.1033 97.602 85.048 69.6321 10.6177 72.3063 68.8823 82.4235 96.3734 64.1457 11.6841 1330.261 793.802 793.802 753.1347 115.3081 283.4932 179.2332 198.078 338.6889 1199.3437 341.3827 453.6607 258.143 116.3587 343.7646 185.5895 254.2598 1211.8368;
	3.6306 49.0573 87.6076 114.2517 14.6437 32.4026 19.7962 17.233 26.5773 29.5828 54.6833 81.5768 122.8134 50.2267 195.6186 73.6982 91.4403 96.8995 58.6545 67.6541 6.5987 75.6061 72.6554 83.2238 96.5109 65.7943 12.8954 1235.4136 767.043 767.043 707.5099 115.1194 195.5151 174.1419 157.4674 327.2717 1174.6623 319.7567 460.2999 258.5114 116.5722 359.4529 158.8095 253.156 1186.8984;
	3.5765 48.3266 88.665 117.1565 14.8237 33.0026 14.2434 17.0348 26.6132 29.2504 54.069 80.6602 121.4336 60.6817 191.1788 72.0255 89.365 94.7002 85.7738 70.0327 4.7478 77.006 71.4551 85.0053 96.5428 64.9996 12.8716 1249.618 740.8055 740.8055 669.9621 115.4626 285.9128 180.2643 190.2453 316.077 1138.2952 316.811 433.2846 258.5967 116.5667 366.1083 164.3798 250.8014 1150.1524;
	3.6219 48.9405 91.4546 119.5666 15.0466 32.9016 3.4551 17.5865 7.2674 28.7416 53.1284 79.2571 119.3212 37.026 195.6035 73.6925 91.4333 96.892 85.9756 70.5472 1.1517 76.7704 71.7313 85.9292 98.0867 69.9881 13.3617 1231.8351 688.9023 688.9023 665.3936 112.1729 286.5854 181.5886 116.0817 293.9316 1135.206 310.9319 176.6927 262.7322 118.3023 364.9883 193.0846 266.3643 1147.0311;
	3.6998 49.9923 93.0516 119.0624 15.2356 31.6247 0.9746 17.6552 5.1531 28.4044 52.505 78.3272 117.9211 2.4799 199.3473 75.1029 93.1833 98.7465 88.7336 71.2921 0.3249 73.791 69.7391 89.5288 104.1064 69.9488 13.3754 1124.9195 622.5288 622.5288 671.8447 111.1947 295.7787 183.5062 7.7749 265.6123 969.9665 302.5711 0.0 278.8564 121.6264 350.8237 176.8008 263.7673 980.0703;
	3.7485 50.6499 92.921 120.1773 15.1146 31.2238 3.413 18.6221 6.7689 25.3888 46.9309 70.0117 105.4022 17.5667 194.6304 73.3259 90.9784 96.41 89.2667 70.8408 1.1377 72.8555 43.0803 88.9948 105.723 72.2495 13.7867 963.2334 573.4703 573.4703 579.7192 111.5215 297.5557 182.3443 55.0741 244.6807 794.5395 274.6505 24.415 283.1866 123.1032 346.3759 149.8983 274.7036 802.816;
	3.5568 48.0607 91.8425 118.4314 14.8719 26.2682 7.1205 18.7266 15.2147 29.2326 54.036 80.611 121.3594 1.1588 195.9754 73.8326 91.6071 97.0762 79.3706 70.2584 2.3735 61.2924 71.7608 89.1431 105.8537 70.2663 13.8183 801.939 615.0559 615.0559 519.1982 116.1531 264.5687 180.8454 3.6331 262.4238 713.234 227.8837 92.47 283.5366 122.333 291.4018 140.8354 268.6627 720.6635;
	3.4743 46.9458 94.5734 120.9644 15.1482 20.9026 15.756 19.0225 19.4666 30.1382 55.71 83.1083 125.1191 5.832 198.9437 74.9509 92.9946 98.5465 42.9604 71.0015 5.252 48.7727 74.1119 89.5975 106.1649 73.2364 13.9555 598.5413 694.1742 694.1742 519.7162 112.5299 143.2012 182.758 18.2843 296.181 789.4648 219.4212 202.1386 284.3702 122.7443 231.8792 142.5681 274.6352 797.6884;
	3.808 51.4541 94.2383 119.6128 15.2271 21.7682 17.2774 18.765 26.7266 25.9324 47.9357 71.5106 107.6588 50.4222 192.5802 72.5535 90.0201 95.3944 58.5716 68.4804 5.7591 50.7924 69.4202 89.4534 106.1346 74.2017 13.9866 656.8831 699.295 699.295 536.3306 101.9233 195.2386 176.2686 158.0805 298.3659 622.2163 238.7921 221.6797 284.289 123.0114 241.4817 147.5987 275.2532 628.6977;
	3.7832 51.1199 91.4095 117.2593 15.1666 20.745 14.8755 18.3696 19.9661 23.4063 43.2661 64.5446 97.1715 36.3962 199.1499 75.0286 93.091 98.6486 58.3212 70.6096 4.9585 48.405 69.4047 87.9343 104.8896 72.225 13.6512 587.2051 683.1336 683.1336 493.6711 91.2356 194.404 181.7493 114.1071 291.4704 683.5037 252.543 428.8545 280.9544 120.0733 230.1312 164.359 263.6539 690.6236;
	3.8508 52.0323 89.5752 113.8682 14.9457 19.1479 10.6373 17.6735 8.1036 24.671 45.604 68.0322 102.4221 32.2734 190.7044 71.8468 89.1432 94.4652 72.6348 69.0995 3.5458 44.6784 69.1621 88.368 102.9824 72.1223 13.1976 455.0705 636.1933 636.1933 429.596 82.5787 242.1161 177.8624 101.1816 271.4425 577.4521 233.6921 357.5476 275.8456 118.6784 212.4138 161.4333 241.6849 583.4672;
	3.6256 48.9894 90.5206 117.2216 15.0507 10.4481 8.401 17.9314 9.7716 28.8455 53.3204 79.5435 119.7523 23.6124 176.0843 66.3387 82.3092 87.2232 61.9891 69.3949 2.8003 24.3789 73.6428 88.1726 102.5702 71.0851 13.519 477.5433 533.1305 533.1305 378.1221 79.7945 206.6305 178.6226 74.0282 227.469 488.132 201.394 289.6212 274.7415 118.9681 115.9042 152.4543 237.4019 493.2167;
	3.4686 46.8681 91.3551 116.57 15.0229 18.5708 8.2062 18.6141 9.6291 28.9235 53.4647 79.7588 120.0765 31.604 185.1697 69.7616 86.5561 91.7236 59.652 69.5001 2.7354 43.3319 74.2573 89.0684 104.1511 71.9343 13.7538 1006.5875 466.7611 466.7611 282.4366 82.9783 198.8399 178.8935 99.0829 199.1514 827.2085 215.6317 126.7461 278.9762 118.1597 206.0124 133.2085 240.9856 835.8252;
	3.3454 45.2038 91.9285 117.7676 15.0798 23.0548 5.5233 18.4882 18.8876 29.4076 54.3595 81.0937 122.0862 54.8781 184.1587 69.3807 86.0835 91.2228 74.2006 71.0167 1.8411 53.7945 73.0938 87.3877 103.0493 71.4357 13.7504 1190.497 580.5304 580.5304 222.3252 65.3489 247.3355 182.7973 172.0504 247.693 1019.748 203.1957 149.201 276.025 119.6498 255.7547 176.0629 265.579 1030.3703;
