function windprofile = ex_wind_profilesh1
%EX_WIND_PROFILE_D  Example wind_load_nyiso profile data for deterministic unit commitment.
% 2022.03.12
% Andres F. Ramirez


%% define constants
[GEN_BUS, PG, QG, QMAX, QMIN, VG, MBASE, GEN_STATUS, PMAX, PMIN, ...
    MU_PMAX, MU_PMIN, MU_QMAX, MU_QMIN, PC1, PC2, QC1MIN, QC1MAX, ...
    QC2MIN, QC2MAX, RAMP_AGC, RAMP_10, RAMP_30, RAMP_Q, APF] = idx_gen;
[CT_LABEL, CT_PROB, CT_TABLE, CT_TBUS, CT_TGEN, CT_TBRCH, CT_TAREABUS, ...
    CT_TAREAGEN, CT_TAREABRCH, CT_ROW, CT_COL, CT_CHGTYPE, CT_REP, ...
    CT_REL, CT_ADD, CT_NEWVAL, CT_TLOAD, CT_TAREALOAD, CT_LOAD_ALL_PQ, ...
    CT_LOAD_FIX_PQ, CT_LOAD_DIS_PQ, CT_LOAD_ALL_P, CT_LOAD_FIX_P, ...
    CT_LOAD_DIS_P, CT_TGENCOST, CT_TAREAGENCOST, CT_MODCOST_F, ...
    CT_MODCOST_X] = idx_ct;

windprofile = struct( ...
    'type', 'mpcData', ...
    'table', CT_TGEN, ...
    'rows', [1:45], ...
    'col', PMAX, ...
    'chgtype', 1, ...
    'values', [] );
windprofile.values(:,1,:) = [
	3.9832 53.8214 90.7083 113.4289 14.9198 34.4219 32.2545 18.0502 10.3323 5.1714 9.5592 14.2605 21.4691 57.5948 195.8928 73.8015 91.5685 97.0353 87.2775 68.6753 10.7515 80.3178 0.0 86.5747 103.0067 73.4551 13.8898 1274.8784 823.373 823.373 765.9233 107.8462 290.9251 176.7705 180.5674 351.3058 1152.856 278.6299 473.5987 275.9109 118.4884 381.8537 212.0273 275.6519 1164.8649;
	3.9321 53.132 90.2439 111.4171 14.7811 32.5997 32.5529 18.148 11.4071 1.1799 2.1809 3.2535 4.8982 63.5918 188.2188 70.9103 87.9813 93.234 84.7198 69.0135 10.851 76.0659 0.0 86.7196 101.9079 72.7825 13.916 1222.1885 826.5751 826.5751 765.979 110.4082 282.3994 177.641 199.3688 352.6721 1185.2837 265.8899 477.7145 272.9677 119.2296 361.6392 191.283 278.2984 1197.6305;
	3.8744 52.3522 89.7773 111.0233 14.7495 32.7046 33.4982 18.0661 22.6561 2.7776 5.1343 7.6594 11.5311 62.5377 164.7401 62.0649 77.0064 81.6038 84.0134 69.1364 11.1661 76.3106 0.0 87.3417 102.9861 73.0977 13.5847 1228.2578 829.5033 829.5033 785.9031 112.0322 280.0448 177.9574 196.0641 353.9214 1222.1901 296.4825 478.6388 275.8556 118.2745 362.8025 193.2702 267.0031 1234.9213;
	3.7123 50.1615 86.4392 110.4306 14.8721 32.6508 32.0832 17.4852 27.3867 21.4819 39.7089 59.2379 89.1824 66.9131 191.2435 72.0499 89.3952 94.7323 81.2438 54.012 10.6944 76.1851 0.0 86.4442 99.8444 71.5119 13.4311 1226.1446 817.8309 817.8309 790.4826 112.7665 270.8127 139.0271 209.7817 348.9412 1137.7225 292.6885 477.4141 267.4403 117.1853 362.2059 166.8097 255.503 1149.5738;
	3.2374 43.7442 87.5264 112.3939 14.9771 30.5267 32.3997 17.5352 27.8002 24.8775 45.9856 68.6015 103.2792 67.4171 191.4924 72.1437 89.5116 94.8556 77.4841 60.6399 10.7999 71.229 64.163 85.7566 100.0818 69.8044 13.3961 1319.5013 823.9865 823.9865 795.741 117.7411 258.2802 156.0872 211.3618 351.5676 1170.4925 309.3693 478.9479 268.0763 120.8735 338.6428 178.6985 255.9847 1182.6851;
	3.7536 50.719 86.364 110.9443 14.6937 31.8456 20.4148 17.9585 26.0052 21.8327 40.3575 60.2054 90.6389 54.5885 193.202 72.7877 90.3107 95.7024 45.1933 65.0126 6.8049 74.3064 52.5369 87.3791 101.8715 71.2702 13.7005 1247.7604 806.3044 806.3044 792.5346 112.2126 150.6444 167.3425 171.1423 344.0232 1188.6183 280.556 471.0877 272.8701 116.5626 353.2736 157.4555 258.337 1200.9997;
	3.6701 49.5915 86.3733 111.321 14.515 31.8687 14.6211 17.6357 25.9532 25.5173 47.1683 70.3658 105.9353 66.9186 190.9776 71.9497 89.2709 94.6005 67.8193 68.0736 4.8737 74.3603 65.6164 86.3116 102.2693 70.5841 13.4222 1257.4248 796.7509 796.7509 765.8042 109.4269 226.0643 175.2216 209.7988 339.9471 1160.5122 286.1961 434.1971 273.9357 117.1506 353.5299 154.2921 260.4895 1172.6009;
	3.5699 48.2368 83.0235 84.1533 12.8456 23.8448 0.0964 17.6441 0.0 21.4176 39.5901 59.0606 88.9154 39.5498 194.2622 73.1872 90.8063 96.2276 66.4998 67.9781 0.0321 55.6379 54.3486 83.4821 99.2817 70.0435 13.7972 1279.7293 783.5046 783.5046 739.7061 114.3132 221.6661 174.9758 123.9938 334.2953 1182.6897 302.9316 145.1835 265.9332 118.133 264.5187 142.5776 262.6135 1195.0094;
	3.5591 48.0911 84.8072 85.9709 13.945 24.2895 4.4317 17.6936 0.0 26.8168 49.5704 73.9493 111.3302 24.3104 191.591 72.1808 89.5576 94.9044 80.2969 69.9313 1.4772 56.6754 65.6679 83.2612 97.361 70.6263 13.4391 1172.3493 681.0564 681.0564 700.5926 115.2863 267.6562 180.0033 76.2164 290.5841 1000.6349 269.9323 4.3536 260.7884 115.7516 269.4511 119.3388 262.9336 1011.0582;
	3.5999 48.643 87.2464 111.5229 14.4649 24.3433 3.2358 18.3239 2.0174 23.1212 42.7391 63.7584 95.9879 17.7823 189.6637 71.4547 88.6568 93.9497 80.3985 71.6965 1.0786 56.801 39.3659 85.8877 100.4382 73.5081 13.3316 980.01 605.5906 605.5906 540.5929 113.087 267.9948 184.5471 55.7499 258.3853 776.3059 237.5493 19.6623 269.0308 120.4546 270.0484 144.1564 268.9027 784.3924;
	3.3403 45.1353 89.315 113.7945 14.4352 23.1577 0.1174 18.3759 0.6064 27.3073 50.4772 75.302 113.3667 0.0 192.7327 72.6109 90.0913 95.4699 73.6194 70.6778 0.0391 54.0347 65.234 87.8742 103.9188 74.9304 13.903 801.2194 643.6724 643.6724 478.7195 112.3438 245.3981 181.9248 0.0 274.6336 708.3347 183.805 0.0 278.3541 117.0538 256.8962 127.9277 266.5874 715.7132;
	2.3415 31.639 88.0295 112.3768 14.1403 14.7099 0.0 18.0583 0.0659 25.9067 47.8881 71.4396 107.5519 0.0 197.824 74.5291 92.4712 97.9919 38.5699 71.6149 0.0 34.3231 59.1908 85.618 101.6372 73.3939 13.725 578.4191 708.1622 708.1622 498.5651 113.8057 128.5663 184.3369 0.0 302.1492 779.5114 208.4659 0.0 272.2424 118.6718 163.1816 108.7561 262.7949 787.6313;
	3.4972 47.2552 90.4733 112.7397 14.2874 18.2658 0.0 17.8516 24.2143 21.5718 39.8751 59.4858 89.5556 28.6091 191.8478 72.2775 89.6777 95.0316 55.846 70.4853 0.0 42.6202 61.5893 84.0429 100.9503 71.9406 13.8011 559.5405 665.4778 665.4778 500.9126 115.5867 186.1534 181.4293 89.6935 283.9372 573.6044 222.9997 0.0 270.4027 117.9187 202.6287 118.2556 263.3705 579.5795;
	3.2077 43.3436 87.5843 110.7702 13.9633 13.7212 0.0 18.1041 16.6061 21.3803 39.5212 58.9579 88.7608 11.824 197.9476 74.5756 92.529 98.0531 56.5847 70.9253 0.0 32.0162 62.6081 83.1923 98.4245 73.0063 13.6713 435.4803 631.2064 631.2064 454.9708 96.7757 188.6158 182.5618 37.0699 269.3147 597.0738 227.6015 0.0 263.637 115.8842 152.2142 124.2986 262.5119 603.2933;
	3.343 45.1712 87.26 109.6984 14.4245 14.7421 0.0 17.6048 0.0 23.0933 42.6876 63.6815 95.8722 26.618 190.5799 71.7999 89.085 94.4035 67.4792 69.3498 0.0 34.3982 57.382 84.3048 97.733 71.7045 13.2316 285.4687 633.8172 633.8172 428.8962 89.4863 224.9308 178.5065 83.451 270.4287 488.5102 226.4673 0.0 261.7849 116.1826 163.5389 135.642 223.4946 493.5989;
	2.7839 37.6169 87.0108 109.8232 13.9963 4.4093 0.0 17.77 0.0 28.0718 51.8903 77.4101 116.5405 17.4101 182.412 68.7227 85.267 90.3576 58.6116 68.9086 0.0 10.2884 65.9728 85.4467 98.2629 72.4768 13.5821 379.8556 502.8399 502.8399 389.1243 88.6815 195.372 177.3709 54.5831 214.545 419.3424 203.9635 0.0 263.2042 116.72 48.9139 121.0603 227.6418 423.7105;
	2.2297 30.1276 88.2026 110.2174 13.9876 6.443 0.0451 18.211 1.6564 28.5334 52.7436 78.6831 118.457 30.705 178.1809 67.1286 83.2892 88.2617 56.4092 68.5311 0.015 15.0337 67.2589 85.9974 102.6154 72.1654 13.3669 890.4611 414.9641 414.9641 275.372 81.3786 188.0306 176.3992 96.2643 177.0514 671.5264 204.9949 62.1913 274.8627 117.932 71.4747 85.5286 215.3205 678.5215;
	1.5378 20.7792 86.0576 107.3835 13.9454 8.5097 0.0069 17.5537 0.6553 30.091 55.6228 82.9782 124.9233 54.2708 178.9961 67.4358 83.6703 88.6655 63.7829 69.1648 0.0023 19.8559 71.3318 84.219 97.2041 70.0583 13.2259 1111.7475 520.7331 520.7331 204.1083 66.6844 212.6098 178.0303 170.1463 222.1795 867.3134 188.8592 110.4218 260.3682 117.5686 94.4004 111.6087 217.3866 876.3479;
