function windprofile = ex_wind_profilesh1
%EX_WIND_PROFILE_D  Example wind_load_nyiso profile data for deterministic unit commitment.
% 2022.03.12
% Andres F. Ramirez


%% define constants
[GEN_BUS, PG, QG, QMAX, QMIN, VG, MBASE, GEN_STATUS, PMAX, PMIN, ...
    MU_PMAX, MU_PMIN, MU_QMAX, MU_QMIN, PC1, PC2, QC1MIN, QC1MAX, ...
    QC2MIN, QC2MAX, RAMP_AGC, RAMP_10, RAMP_30, RAMP_Q, APF] = idx_gen;
[CT_LABEL, CT_PROB, CT_TABLE, CT_TBUS, CT_TGEN, CT_TBRCH, CT_TAREABUS, ...
    CT_TAREAGEN, CT_TAREABRCH, CT_ROW, CT_COL, CT_CHGTYPE, CT_REP, ...
    CT_REL, CT_ADD, CT_NEWVAL, CT_TLOAD, CT_TAREALOAD, CT_LOAD_ALL_PQ, ...
    CT_LOAD_FIX_PQ, CT_LOAD_DIS_PQ, CT_LOAD_ALL_P, CT_LOAD_FIX_P, ...
    CT_LOAD_DIS_P, CT_TGENCOST, CT_TAREAGENCOST, CT_MODCOST_F, ...
    CT_MODCOST_X] = idx_ct;

windprofile = struct( ...
    'type', 'mpcData', ...
    'table', CT_TGEN, ...
    'rows', [1:45], ...
    'col', PMAX, ...
    'chgtype', 1, ...
    'values', [] );
windprofile.values(:,1,:) = [
	4.0122 54.2136 93.7591 120.5289 15.0613 34.1962 31.8973 18.7498 10.6279 18.4151 34.0401 50.7811 76.4507 51.696 204.5519 77.0637 95.6161 101.3245 91.7099 70.882 10.6324 79.7912 25.5565 87.4231 103.4227 74.6614 14.0166 1237.8015 791.2242 791.2242 759.3841 117.3321 305.6995 182.4504 162.0739 337.589 1136.1226 274.2787 467.8149 277.0251 123.4311 379.3501 214.0994 281.5984 1147.9572;
	3.9682 53.6188 91.9726 117.4975 15.2 33.9207 33.0024 18.0913 12.3968 15.6877 28.9984 43.2599 65.1276 61.485 202.4217 76.2612 94.6204 100.2694 90.6952 72.1519 11.0008 79.1484 27.652 83.5854 98.9731 72.9409 13.5104 1249.3371 791.4334 791.4334 782.8676 114.9265 302.3174 185.7191 192.7637 337.6782 1236.0075 261.8505 472.1132 265.1064 122.9286 376.2939 214.38 276.9609 1248.8826;
	3.8884 52.5412 90.0958 116.2906 14.9345 34.4614 34.003 18.0309 23.235 15.0558 27.8305 41.5176 62.5045 39.4168 181.2929 68.301 84.7439 89.8032 89.3739 70.5959 11.3343 80.41 13.1114 84.7913 99.5738 72.5469 13.1891 1225.1964 776.1661 776.1661 789.7825 116.0259 297.9129 181.714 123.5769 331.1642 1221.7864 293.7951 452.3199 266.7155 120.9202 382.292 217.2239 266.519 1234.5133;
	3.8219 51.642 87.7469 115.7176 14.7165 33.5364 32.3765 18.0117 27.6969 28.8641 53.3549 79.5951 119.8299 58.4505 201.0816 75.7563 93.994 99.6055 89.2 66.7583 10.7922 78.2515 13.7394 82.8892 98.0619 73.5268 13.195 1230.2632 753.647 753.647 757.7787 112.9632 297.3334 171.8361 183.2502 321.5561 1182.5393 295.9616 449.0005 262.6658 120.8236 372.03 177.4058 266.3192 1194.8574;
	3.3088 44.7089 89.5726 116.4245 14.925 30.6855 32.0522 18.0401 27.4525 28.733 53.1125 79.2334 119.2854 56.7781 198.0274 74.6057 92.5663 98.0927 86.0937 64.4008 10.6841 71.5994 69.2733 85.0293 101.2261 72.9771 13.1223 1240.3057 744.2074 744.2074 735.7683 111.7018 286.9789 165.7679 178.0071 317.5285 1130.1226 298.691 443.4943 271.1414 119.4945 340.4039 176.8252 267.2934 1141.8947;
	3.8424 51.9199 88.6187 116.4498 14.3058 32.6131 19.22 17.4648 26.039 29.345 54.2437 80.9209 121.826 37.8532 199.2411 75.0629 93.1336 98.6938 56.062 68.7412 6.4067 76.0973 69.2617 84.1474 101.0027 71.5026 13.1554 1197.0772 746.0411 746.0411 736.2563 112.3755 186.8734 176.9399 118.675 318.3109 1141.6633 281.1552 434.9007 270.5429 116.778 361.7881 159.927 271.9366 1153.5557;
	3.7372 50.4972 89.9309 115.5449 14.3359 32.9669 14.0482 17.3854 25.8546 28.4571 52.6025 78.4725 118.1399 62.1542 197.4436 74.3857 92.2934 97.8034 83.5802 70.7152 4.6827 76.9227 68.9616 85.3304 101.0716 69.9651 13.0332 1239.6849 740.2875 740.2875 721.8587 114.5131 278.6006 182.0212 194.862 315.856 1134.0696 293.7148 383.4839 270.7275 117.6636 365.7124 171.4194 273.1434 1145.8828;
	3.8342 51.8089 92.3929 120.0519 14.0656 34.6489 1.1674 17.8529 2.0684 26.9174 49.7563 74.2267 111.7479 40.6758 199.088 75.0053 93.0621 98.618 79.4562 71.4554 0.3891 80.8473 67.5568 85.5347 102.3755 72.0964 13.5022 1239.5004 697.8 697.8 719.8029 113.3413 264.854 183.9265 127.5243 297.728 1136.6575 286.5967 123.3086 274.22 119.398 384.3713 200.2691 280.2003 1148.4977;
	3.7976 51.3137 91.1395 119.6643 14.2235 31.8824 0.0762 17.7538 0.8824 28.0852 51.9151 77.4471 116.5962 21.1219 199.338 75.0994 93.1789 98.7418 83.5531 72.8135 0.0254 74.3923 69.3745 85.9692 103.1394 69.57 13.1979 1132.5984 646.262 646.262 709.954 115.4508 278.5102 187.4221 66.22 275.7384 989.5182 279.3956 0.0 276.2663 121.0938 353.6821 183.002 274.3453 999.8257;
	3.7829 51.1151 87.5694 118.0262 14.4512 29.3127 0.008 18.2211 0.0 23.3896 43.2354 64.4987 97.1024 15.8145 195.5038 73.6549 91.3867 96.8426 85.7917 71.7873 0.0027 68.3964 43.4113 85.4237 102.0067 71.7242 12.9322 938.5903 592.2799 592.2799 594.8674 113.7143 285.9724 184.7807 49.5807 252.7061 786.7241 259.4332 0.0 273.2322 120.9409 325.1759 154.2101 270.9828 794.9192;
	3.6553 49.3908 87.9541 119.511 14.357 25.7093 10.5392 17.9608 2.528 27.7385 51.2742 76.4909 115.1567 1.0403 199.8772 75.3026 93.431 99.0089 75.636 72.0353 3.5131 59.9884 69.0886 85.8165 103.2286 68.525 13.1716 840.3917 663.9584 663.9584 559.2703 113.1501 252.1201 185.4189 3.2616 283.2889 778.1294 217.0996 72.5349 276.5051 122.3346 285.202 143.7285 263.2802 786.2349;
	3.5845 48.434 89.243 117.7943 14.5481 19.6293 0.082 18.4067 2.4438 26.6847 49.3263 73.5851 110.7819 1.7672 201.9263 76.0746 94.3888 100.0239 33.4417 71.8768 0.0273 45.8016 72.217 86.3844 103.6552 71.6818 13.4486 561.3727 700.146 700.146 516.3023 111.5787 111.4725 185.011 5.5405 298.729 800.6275 202.9105 0.0 277.6479 123.4466 217.7541 137.8615 269.4617 808.9673;
	3.9165 52.92 88.915 115.9301 14.8176 22.0606 3.169 18.2767 26.1222 24.8901 46.0089 68.6363 103.3316 50.81 203.5765 76.6962 95.1602 100.8414 58.9729 73.0267 1.0563 51.4747 72.8027 83.4437 101.2052 70.5621 13.493 566.763 709.1384 709.1384 554.714 108.3232 196.5765 187.971 159.2962 302.5657 608.2222 236.8377 52.3428 271.0853 123.3151 244.7256 147.7995 271.6308 614.5578;
	3.8102 51.4843 86.5705 113.3305 14.4686 22.6509 2.7954 18.0905 19.8016 20.8273 38.499 57.4329 86.4649 40.0801 202.0916 76.1368 94.4661 100.1058 51.8661 71.3791 0.9318 52.8522 69.1967 81.5516 97.8703 70.1813 13.3381 492.0618 715.5264 715.5264 525.5297 96.7433 172.887 183.73 125.6567 305.2913 691.2109 251.386 45.3671 262.1525 120.9641 251.2742 159.5498 266.1012 698.411;
	3.6723 49.6214 86.3714 110.5765 14.5909 19.1271 0.1325 17.8997 1.1793 22.7705 42.091 62.7915 94.5322 30.78 193.7041 72.9769 90.5454 95.9511 61.0736 70.2231 0.0442 44.6298 68.9538 83.41 98.1396 71.6428 13.0712 317.8141 658.9059 658.9059 465.0185 84.796 203.5786 180.7545 96.4993 281.1332 543.918 230.5517 0.0 262.8739 119.3218 212.183 156.3069 248.6895 549.5838;
	3.4101 46.0775 88.6777 119.3465 14.1588 10.344 1.9892 18.1665 4.6685 26.4647 48.9196 72.9784 109.8686 25.8168 189.342 71.3335 88.5064 93.7903 58.5995 69.8086 0.6631 24.136 66.4827 85.0118 101.8988 71.6941 13.4386 403.8274 540.1737 540.1737 420.1719 91.1695 195.3318 179.6875 80.9393 230.4741 476.5581 222.2423 0.0148 272.9432 121.6673 114.7493 143.2411 262.8867 481.5222;
	3.3403 45.1349 88.7929 116.378 14.181 17.0529 0.5351 18.5851 1.8136 25.7259 47.5539 70.941 106.8013 34.5748 187.6462 70.6946 87.7137 92.9503 59.6582 70.5639 0.1784 39.7901 62.7403 85.49 104.4728 72.7237 13.3858 989.9676 482.4056 482.4056 307.7021 92.7415 198.8608 181.6318 108.3968 205.8264 830.8137 233.9032 96.4609 279.8379 121.2085 189.1736 118.2423 259.5296 839.468;
	3.371 45.5496 89.5484 114.5752 14.3705 21.5362 1.0717 18.492 4.4544 28.2807 52.2765 77.9862 117.4078 55.7272 191.0595 71.9806 89.3092 94.6411 67.2896 70.2482 0.3572 50.251 68.7869 84.4878 100.4945 73.4679 13.5408 1207.4551 572.7251 572.7251 224.5302 74.1646 224.2988 180.8191 174.7123 244.3627 990.1468 218.6961 124.3034 269.1817 121.8657 238.9078 163.361 274.4788 1000.4608;
