function windprofile = ex_wind_profilesh1
%EX_WIND_PROFILE_D  Example wind_load_nyiso profile data for deterministic unit commitment.
% 2022.03.12
% Andres F. Ramirez


%% define constants
[GEN_BUS, PG, QG, QMAX, QMIN, VG, MBASE, GEN_STATUS, PMAX, PMIN, ...
    MU_PMAX, MU_PMIN, MU_QMAX, MU_QMIN, PC1, PC2, QC1MIN, QC1MAX, ...
    QC2MIN, QC2MAX, RAMP_AGC, RAMP_10, RAMP_30, RAMP_Q, APF] = idx_gen;
[CT_LABEL, CT_PROB, CT_TABLE, CT_TBUS, CT_TGEN, CT_TBRCH, CT_TAREABUS, ...
    CT_TAREAGEN, CT_TAREABRCH, CT_ROW, CT_COL, CT_CHGTYPE, CT_REP, ...
    CT_REL, CT_ADD, CT_NEWVAL, CT_TLOAD, CT_TAREALOAD, CT_LOAD_ALL_PQ, ...
    CT_LOAD_FIX_PQ, CT_LOAD_DIS_PQ, CT_LOAD_ALL_P, CT_LOAD_FIX_P, ...
    CT_LOAD_DIS_P, CT_TGENCOST, CT_TAREAGENCOST, CT_MODCOST_F, ...
    CT_MODCOST_X] = idx_ct;

windprofile = struct( ...
    'type', 'mpcData', ...
    'table', CT_TGEN, ...
    'rows', [1:45], ...
    'col', PMAX, ...
    'chgtype', 1, ...
    'values', [] );
windprofile.values(:,1,:) = [
	3.8929 52.6019 91.6482 117.0717 14.6501 33.194 30.6634 18.2777 9.9655 17.0598 31.5347 47.0436 70.8239 52.8218 196.4624 74.0161 91.8348 97.3174 85.5553 69.1299 10.2211 77.4527 25.3391 86.1419 100.5022 74.3498 13.7391 1258.9007 834.8846 834.8846 710.2568 113.3537 285.1844 177.9406 165.6036 356.2174 1170.5995 270.753 457.3142 269.2024 121.7067 368.2323 210.9755 276.1165 1182.7932;
	3.9511 53.3886 92.8467 116.3384 14.7912 34.113 31.8295 18.4386 12.0927 14.029 25.9324 38.6861 58.2417 57.6181 186.6254 70.31 87.2365 92.4447 85.0364 69.5218 10.6098 79.5971 27.9023 86.6551 101.2854 75.3177 13.6277 1257.288 843.1713 843.1713 746.9079 112.7445 283.4548 178.9492 180.6406 359.7531 1249.8811 251.8221 457.5995 271.3001 120.515 378.4273 211.1301 283.1554 1262.9007;
	3.8673 52.2552 91.6854 115.4214 14.8348 34.1957 32.5092 18.3133 23.7338 15.335 28.3465 42.2874 63.6634 57.4535 153.5125 57.835 71.7582 76.0423 85.2472 70.0762 10.8364 79.79 22.3222 86.6585 103.1534 76.0115 13.3958 1260.9782 829.2247 829.2247 740.7773 110.0485 284.1572 180.3763 180.1245 353.8025 1246.2368 270.5962 456.8768 276.3038 121.5946 379.3447 212.0914 273.6161 1259.2185;
	3.817 51.576 89.5733 113.6962 14.8755 33.9878 31.4852 18.0709 27.9792 29.6085 54.7308 81.6477 122.9201 61.9291 191.7348 72.235 89.6249 94.9756 86.8676 64.6067 10.4951 79.3048 22.3709 84.5188 101.6338 75.8294 13.0924 1276.7135 817.1145 817.1145 740.1023 110.8287 289.5587 166.2978 194.1562 348.6355 1215.4745 284.1253 454.0344 272.2334 117.6424 377.0378 182.2124 274.7659 1228.1357;
	3.5053 47.3641 94.0221 117.3357 15.1287 32.1281 31.4912 18.5766 28.0033 30.3678 56.1345 83.7416 126.0725 62.9783 197.5552 74.4278 92.3456 97.8587 89.981 68.2595 10.4971 74.9655 71.7909 87.0705 105.578 76.2504 13.1055 1296.3507 809.0009 809.0009 752.8356 113.6689 299.9366 175.7001 197.4454 345.1737 1131.074 306.8362 464.0844 282.7982 117.0234 356.4072 191.485 284.0532 1142.856;
	3.7378 50.5059 91.4937 111.4441 14.2817 32.0881 19.3093 18.0606 26.4143 29.5331 54.5915 81.4397 122.6071 48.0147 201.3187 75.8457 94.1048 99.723 62.356 70.0501 6.4364 74.8723 71.6441 85.9363 103.0096 75.2233 13.1899 1249.711 800.1957 800.1957 714.0164 113.5799 207.8534 180.3091 150.5326 341.4168 1172.858 292.4483 462.2116 275.9186 117.3544 355.9644 159.9391 278.4376 1185.0753;
	3.8277 51.7206 90.4997 112.3323 14.6606 33.9588 13.288 17.7474 26.2814 30.4474 56.2815 83.961 126.4028 64.6726 201.4002 75.8763 94.1429 99.7633 86.4939 71.4603 4.4293 79.2371 72.8144 86.594 102.419 74.9007 13.1761 1276.3215 792.9565 792.9565 692.838 111.2225 288.3129 183.9391 202.7573 338.3281 1185.0587 290.1269 430.5808 274.3366 119.5129 376.7158 182.9526 282.8105 1197.4031;
	3.7793 51.0663 91.8625 114.0943 14.9413 32.7728 0.0408 17.7274 8.6857 30.6383 56.6345 84.4875 127.1954 40.3464 203.761 76.7658 95.2464 100.9328 83.0125 70.9703 0.0136 76.4698 75.0972 84.3531 99.752 73.8343 13.3588 1260.0089 777.0703 777.0703 682.8373 106.5843 276.7084 182.6778 126.4915 331.55 1207.6582 282.9601 176.9189 267.193 120.662 363.5591 197.7262 281.6348 1220.238;
	3.7512 50.6866 92.5616 114.1682 15.0741 30.597 0.002 17.7861 8.6853 30.1283 55.6918 83.0812 125.0783 21.0638 202.4325 76.2653 94.6254 100.2747 85.2391 71.5861 0.0007 71.3931 73.2062 85.5878 100.1828 72.639 13.0984 1213.3001 675.0247 675.0247 671.2703 108.1664 284.1305 184.2629 66.038 288.0105 1036.2558 274.9441 23.0936 268.3467 119.3315 339.423 179.4777 277.8643 1047.0501;
	3.8406 51.8947 93.7664 118.8579 15.3439 30.5675 2.78 18.5935 9.1437 26.0791 48.2068 71.915 108.2676 18.1744 198.1757 74.6615 92.6356 98.1661 86.3324 71.6895 0.9267 71.3241 49.137 88.4086 104.6397 74.609 13.1223 1049.7697 619.7514 619.7514 582.2045 107.733 287.7745 184.5291 56.9793 264.4273 867.2148 267.0853 167.269 280.2848 119.7598 339.0951 157.4463 282.1662 876.2483;
	3.6645 49.516 93.5779 117.0719 15.3483 25.679 0.5646 18.0937 3.5639 29.3555 54.2631 80.9499 121.8697 3.7972 200.2477 75.4422 93.6042 99.1925 82.6585 71.6578 0.1882 59.9176 71.8369 86.6599 103.308 71.7662 13.3318 892.3922 685.161 685.161 525.945 114.8071 275.5282 184.4475 11.9046 292.3354 800.4274 216.6792 31.0334 276.7178 116.7145 284.8653 145.4311 276.5539 808.7652;
	3.5522 47.998 92.6633 118.5306 15.2196 19.5775 7.5607 18.0059 4.6032 27.4039 50.6557 75.5683 113.7677 1.4446 199.2841 75.0791 93.1537 98.7151 42.4453 70.8904 2.5202 45.6809 70.1801 85.5886 102.783 71.1625 13.2924 622.6369 730.7862 730.7862 545.0576 116.7676 141.4843 182.4722 4.529 311.8021 802.2705 219.9517 4.8393 275.3116 121.8991 217.1801 142.3619 271.3512 810.6275;
	3.8393 51.8771 91.7965 113.2856 15.0116 20.7304 1.5104 17.6558 25.4761 24.1746 44.6863 66.6632 100.3611 49.9339 192.094 72.3703 89.7928 95.1536 59.2747 70.5209 0.5035 48.371 70.199 83.6382 101.5132 70.0827 13.5157 650.4913 680.5208 680.5208 495.5115 109.697 197.5825 181.5211 156.5496 290.3555 608.5222 221.7105 9.1181 271.9103 120.1893 229.9697 145.7061 269.6352 614.861;
	3.8399 51.8859 89.9878 113.4574 15.2107 20.6011 3.6534 17.8765 19.8419 23.8552 44.096 65.7826 99.0353 37.8808 196.1142 73.8849 91.672 97.1449 59.664 72.1306 1.2178 48.0692 70.5678 83.5291 100.685 73.0196 13.5374 575.7883 695.1083 695.1083 497.5539 90.7469 198.8799 185.6642 118.7614 296.5796 687.4829 225.3595 120.607 269.6921 122.5388 228.5348 158.1053 269.6874 694.6442;
	3.8256 51.6928 90.1043 117.1011 15.1519 19.8162 14.9713 18.151 22.9451 26.6287 49.2228 73.4307 110.5495 30.6785 190.5803 71.8 89.0852 94.4037 72.8124 72.2847 4.9904 46.2379 72.1478 85.849 102.4407 72.045 13.563 420.7726 687.6488 687.6488 477.0375 87.904 242.7079 186.0611 96.1813 293.3968 602.9077 227.0544 400.5433 274.3947 123.1011 219.8281 166.7356 248.2312 609.188;
	3.2692 44.1739 89.0021 115.428 14.825 9.2719 9.6531 18.4568 6.0496 28.2184 52.1613 77.8145 117.1492 24.2889 181.1682 68.2541 84.6856 89.7414 65.9434 71.3016 3.2177 21.6345 72.6735 86.9438 101.8985 73.8664 13.9159 450.0494 564.0724 564.0724 441.7756 91.1695 219.8113 183.5306 76.149 240.6709 487.4458 215.4893 324.4574 272.9425 122.9863 102.8564 154.5947 247.4509 492.5234;
	3.436 46.4278 87.6438 110.9631 14.4092 16.3064 5.208 17.9871 0.4787 28.3522 52.4087 78.1834 117.7047 34.5653 179.6787 67.6929 83.9893 89.0036 60.1839 71.7944 1.736 38.0484 70.2961 83.5082 99.312 71.6254 13.1927 1069.0049 484.9784 484.9784 303.8489 89.3227 200.613 184.7989 108.3668 206.9241 860.7631 225.1002 123.8085 266.0143 122.0803 180.8928 133.351 242.6514 869.7294;
	3.2 43.2396 87.8695 111.5625 14.3252 19.8226 4.3448 17.891 2.3789 30.0915 55.6237 82.9796 124.9253 58.5898 184.827 69.6325 86.3959 91.5538 68.2494 69.9944 1.4483 46.2528 70.1485 80.8351 90.3636 70.2327 13.5178 1260.1714 580.6216 580.6216 212.1089 64.6139 227.498 180.1659 183.687 247.7319 1025.1096 191.7662 153.9475 242.0452 121.6921 219.8992 178.1872 262.9353 1035.7878;
