function windprofile = ex_wind_profilesh1
%EX_WIND_PROFILE_D  Example wind_load_nyiso profile data for deterministic unit commitment.
% 2022.03.12
% Andres F. Ramirez


%% define constants
[GEN_BUS, PG, QG, QMAX, QMIN, VG, MBASE, GEN_STATUS, PMAX, PMIN, ...
    MU_PMAX, MU_PMIN, MU_QMAX, MU_QMIN, PC1, PC2, QC1MIN, QC1MAX, ...
    QC2MIN, QC2MAX, RAMP_AGC, RAMP_10, RAMP_30, RAMP_Q, APF] = idx_gen;
[CT_LABEL, CT_PROB, CT_TABLE, CT_TBUS, CT_TGEN, CT_TBRCH, CT_TAREABUS, ...
    CT_TAREAGEN, CT_TAREABRCH, CT_ROW, CT_COL, CT_CHGTYPE, CT_REP, ...
    CT_REL, CT_ADD, CT_NEWVAL, CT_TLOAD, CT_TAREALOAD, CT_LOAD_ALL_PQ, ...
    CT_LOAD_FIX_PQ, CT_LOAD_DIS_PQ, CT_LOAD_ALL_P, CT_LOAD_FIX_P, ...
    CT_LOAD_DIS_P, CT_TGENCOST, CT_TAREAGENCOST, CT_MODCOST_F, ...
    CT_MODCOST_X] = idx_ct;

windprofile = struct( ...
    'type', 'mpcData', ...
    'table', CT_TGEN, ...
    'rows', [1:45], ...
    'col', PMAX, ...
    'chgtype', 1, ...
    'values', [] );
windprofile.values(:,1,:) = [
	3.7352 50.4711 88.8977 113.553 14.519 33.7445 32.2917 17.5978 9.8731 15.0387 27.7988 41.4703 62.4333 54.8587 202.1154 76.1458 94.4772 100.1176 91.9379 69.6921 10.7639 78.7372 0.0 86.6048 101.6762 73.2369 13.6951 1188.161 757.6181 757.6181 638.1185 113.6635 306.4596 179.3877 171.9896 323.2504 1019.7733 250.5062 466.697 272.347 117.4499 374.3393 202.0666 267.9373 1030.3959;
	3.6647 49.5176 86.7373 109.9497 13.8924 32.3719 32.7778 17.6033 9.1897 2.507 4.6342 6.9133 10.4079 62.9724 191.766 72.2467 89.6395 94.9911 88.7016 70.2353 10.9259 75.5345 0.0 84.6247 99.5577 71.7679 13.3103 1241.4061 766.4549 766.4549 659.7355 118.5293 295.6722 180.7859 197.4271 327.0208 1138.0526 232.428 474.6953 266.6723 116.8297 359.1126 194.6376 267.217 1149.9073;
	3.5792 48.3629 87.5444 111.1216 14.4625 32.0387 32.6773 17.702 20.8876 14.0844 26.0349 38.8389 58.4718 61.2778 167.2771 63.0207 78.1923 82.8605 86.4922 69.6192 10.8924 74.757 0.0186 87.434 102.8351 72.4597 13.1367 1215.781 764.887 764.887 717.0034 116.3991 288.3075 179.2001 192.1143 326.3518 1140.621 263.5187 458.7799 275.4513 116.7232 355.4161 190.2708 260.6317 1152.5025;
	3.7219 50.2904 89.5731 115.1318 14.7719 32.6503 32.0358 17.3979 27.81 29.1956 53.9676 80.5091 121.206 67.9642 197.067 74.2439 92.1174 97.6169 89.561 67.3453 10.6786 76.1841 5.5589 87.5721 102.1576 72.0901 12.9948 1213.7306 787.1637 787.1637 730.9448 116.288 298.5367 173.3471 213.0769 335.8565 1167.153 302.192 470.6712 273.6366 117.4753 362.2009 173.84 263.144 1179.3108;
	3.0974 41.8533 92.6473 116.7792 14.6096 29.9533 30.8363 18.233 27.3182 29.708 54.9148 81.922 123.3332 65.6856 192.9511 72.6932 90.1934 95.5781 88.1238 65.3924 10.2788 69.891 70.3314 89.4635 104.3798 72.6488 13.3586 1230.9053 779.3381 779.3381 746.1834 117.3802 293.746 168.3203 205.9333 332.5176 1126.5721 323.1093 461.9547 279.5887 121.5177 332.2816 172.1142 262.0789 1138.3073;
	3.6232 48.958 89.965 116.069 14.1381 32.0894 18.5009 17.8627 24.9227 29.0027 53.6111 79.9772 120.4053 55.7507 195.8474 73.7844 91.5473 97.0128 62.6588 67.7186 6.167 74.8753 70.8661 86.6178 102.4329 70.599 13.3215 1138.9862 766.1575 766.1575 749.657 116.766 208.8625 174.3078 174.786 326.8939 1116.3816 316.4642 458.4639 274.3737 116.0724 355.9785 153.2666 260.7307 1128.0106;
	3.448 46.5897 88.1582 116.4913 13.9549 32.1004 13.2694 17.5484 24.8024 29.2906 54.1432 80.7711 121.6004 66.8974 192.3163 72.4541 89.8967 95.2637 87.7588 69.8531 4.4231 74.901 72.6311 87.0128 103.3854 69.57 13.2585 1233.6664 775.5564 775.5564 727.4995 118.0139 292.5292 179.802 209.7324 330.9041 1133.0214 327.6684 421.1091 276.9253 120.004 356.1008 158.7716 259.5778 1144.8237;
	3.5927 48.5457 89.9752 118.7483 13.9315 32.7138 1.3968 17.4589 0.8 29.6053 54.725 81.639 122.9071 47.5911 199.7327 75.2481 93.3634 98.9374 88.0825 71.0994 0.4656 76.3321 73.2369 85.4963 99.5488 69.9556 13.1852 1236.3941 789.1257 789.1257 754.1989 118.4159 293.6084 183.0099 149.2044 336.6936 1183.2459 345.2545 184.7364 266.6486 119.238 362.9047 191.8876 224.104 1195.5714;
	3.7135 50.1769 93.1637 120.3935 14.3877 32.4281 2.2686 18.2615 5.516 30.098 55.6358 82.9976 124.9525 28.6716 200.1289 75.3974 93.5486 99.1336 90.5069 72.6556 0.7562 75.6656 73.9985 88.9569 103.9428 70.5169 13.2709 1118.7995 701.965 701.965 733.6404 113.9343 301.6895 187.0157 89.8895 299.5051 1024.0275 315.1114 73.0584 278.4182 122.1724 359.7358 174.5688 261.2582 1034.6944;
	3.8458 51.965 91.8978 120.2609 14.847 31.2356 6.2968 18.6019 0.8171 26.5908 49.1527 73.3261 110.3921 22.9039 192.5314 72.5351 89.9972 95.3702 85.494 72.338 2.0989 72.883 52.3004 88.9651 104.7649 72.834 13.6261 1002.3934 651.5169 651.5169 629.0524 116.7056 284.9801 186.1982 71.8067 277.9806 858.7988 285.0358 14.6443 280.6203 121.8629 346.5064 158.4121 266.2432 867.7446;
	3.6923 49.8908 91.4712 118.8439 14.4032 26.5034 1.5232 18.1602 0.7763 29.0619 53.7205 80.1404 120.6509 3.0627 197.6111 74.4488 92.3717 97.8864 80.2743 70.9758 0.5077 61.8413 73.6749 88.7694 104.4181 74.2806 13.7342 803.9865 679.5746 679.5746 537.353 116.4543 267.5809 182.692 9.6021 289.9518 743.6273 235.0343 0.0 279.6913 122.5683 294.0114 144.4069 268.8783 751.3734;
	3.4419 46.508 89.9268 117.739 14.2919 18.6345 0.0 17.847 0.0 25.8669 47.8145 71.3299 107.3867 0.2694 199.6534 75.2183 93.3264 98.8981 40.917 70.8879 0.0 43.4805 72.0235 87.4059 100.9784 72.6347 13.3867 603.6687 720.3097 720.3097 544.1649 117.0307 136.3901 182.4655 0.8448 307.3321 789.4645 238.1988 0.0 270.4778 121.0952 206.7185 139.1158 268.7021 797.6881;
	3.7108 50.1415 91.7108 113.5646 14.3251 19.3406 0.7377 17.358 25.0916 24.1767 44.6902 66.669 100.3698 48.9472 191.4352 72.1221 89.4848 94.8272 55.7721 69.8035 0.2459 45.1281 73.3526 85.1356 98.9141 70.5607 13.5159 593.2601 728.2065 728.2065 558.8007 110.7698 185.9069 179.6745 153.456 310.7014 593.8333 251.9265 34.0545 264.9484 121.899 214.5521 145.5077 263.9213 600.019;
	3.635 49.1164 90.6861 115.8322 14.5245 19.576 4.1698 17.5311 19.5729 22.0673 40.791 60.8522 91.6126 39.0593 195.3716 73.6051 91.3249 96.7771 56.0163 70.881 1.3899 45.6773 72.0673 87.9832 98.4499 72.3107 13.3358 541.2901 749.7553 749.7553 536.7267 95.6047 186.721 182.4479 122.4563 319.8956 689.3135 251.3006 167.6229 263.7051 121.7176 217.1631 158.0363 264.1356 696.4939;
	3.7798 51.0727 90.9319 116.3868 14.4292 18.5379 2.6025 17.803 8.4944 24.1451 44.6319 66.5821 100.2389 31.4798 191.9097 72.3009 89.7066 95.0623 72.9964 69.6828 0.8675 43.2551 68.2026 87.7397 99.3981 71.8892 13.5652 420.4012 739.0729 739.0729 516.3657 94.2407 243.3214 179.3637 98.6934 315.3378 632.3487 267.398 176.2958 266.2448 117.4861 205.6471 167.5492 252.735 638.9357;
	3.6314 49.0687 93.7847 120.2917 14.5642 10.129 8.5716 17.9569 22.3967 26.2668 48.5537 72.4326 109.0469 21.5215 183.4737 69.1226 85.7633 90.8835 61.7395 69.763 2.8572 23.6343 67.1629 88.8405 102.2628 71.8427 13.6384 452.754 612.5579 612.5579 436.389 92.3427 205.7984 179.5701 67.473 261.358 525.8111 241.0122 225.5209 273.9183 122.8358 112.364 155.8775 249.9188 531.2883;
	3.6076 48.747 95.003 120.8942 15.0908 19.7895 10.8228 18.8334 27.0987 25.6047 47.3299 70.607 106.2984 32.8665 191.1488 72.0142 89.351 94.6854 63.1151 71.1976 3.6076 46.1754 68.4744 89.9976 105.73 73.9076 13.8981 1069.4028 497.5437 497.5437 324.994 91.3851 210.3836 183.2629 103.041 212.2853 853.5028 254.2061 133.7687 283.2053 122.333 219.531 141.0142 251.3903 862.3934;
	3.4433 46.5259 93.9927 120.6591 15.1648 24.077 3.9208 18.6557 27.12 28.1234 51.9856 77.5523 116.7546 58.0571 196.2175 73.9238 91.7203 97.1961 81.1195 71.8643 1.3069 56.1797 69.218 88.4466 101.3771 73.1437 13.8149 1233.1935 608.2538 608.2538 236.2521 70.7868 270.3983 184.9788 182.0167 259.5216 1019.8585 229.5293 148.6086 271.5457 119.1041 267.0941 178.7456 263.3113 1030.482;
