function windprofile = ex_wind_profilesh1
%EX_WIND_PROFILE_D  Example wind_load_nyiso profile data for deterministic unit commitment.
% 2022.03.12
% Andres F. Ramirez


%% define constants
[GEN_BUS, PG, QG, QMAX, QMIN, VG, MBASE, GEN_STATUS, PMAX, PMIN, ...
    MU_PMAX, MU_PMIN, MU_QMAX, MU_QMIN, PC1, PC2, QC1MIN, QC1MAX, ...
    QC2MIN, QC2MAX, RAMP_AGC, RAMP_10, RAMP_30, RAMP_Q, APF] = idx_gen;
[CT_LABEL, CT_PROB, CT_TABLE, CT_TBUS, CT_TGEN, CT_TBRCH, CT_TAREABUS, ...
    CT_TAREAGEN, CT_TAREABRCH, CT_ROW, CT_COL, CT_CHGTYPE, CT_REP, ...
    CT_REL, CT_ADD, CT_NEWVAL, CT_TLOAD, CT_TAREALOAD, CT_LOAD_ALL_PQ, ...
    CT_LOAD_FIX_PQ, CT_LOAD_DIS_PQ, CT_LOAD_ALL_P, CT_LOAD_FIX_P, ...
    CT_LOAD_DIS_P, CT_TGENCOST, CT_TAREAGENCOST, CT_MODCOST_F, ...
    CT_MODCOST_X] = idx_ct;

windprofile = struct( ...
    'type', 'mpcData', ...
    'table', CT_TGEN, ...
    'rows', [1:45], ...
    'col', PMAX, ...
    'chgtype', 1, ...
    'values', [] );
windprofile.values(:,1,:) = [
	3.912 52.8593 88.267 115.6421 14.4723 32.7675 32.4223 17.6065 11.5792 16.1973 29.9405 44.6653 67.2434 54.1756 201.7795 76.0193 94.3202 99.9512 88.4753 69.9151 10.8074 76.4575 25.147 86.5576 101.4528 74.0223 13.6562 1274.1316 841.7188 841.7188 746.4587 115.5782 294.9177 179.9617 169.8479 359.1334 1211.6038 272.7184 460.8202 271.7485 122.7895 363.5008 214.5437 268.288 1224.2247;
	3.9543 53.4314 92.9538 119.8804 14.9166 33.6811 32.7363 17.9814 12.8747 13.3118 24.6067 36.7083 55.2641 63.505 193.0926 72.7465 90.2595 95.6482 91.077 71.2458 10.9121 78.5893 27.6267 87.0455 101.421 74.1085 13.62 1268.7072 806.677 806.677 708.0979 114.8895 303.5901 183.3868 199.0966 344.1822 1242.7437 245.0224 450.2643 271.6634 123.3705 373.6361 215.8363 275.7865 1255.6889;
	3.9016 52.7196 92.2863 120.2023 15.0496 34.6087 33.7355 18.6539 25.3199 15.0349 27.7917 41.4598 62.4175 58.3423 182.2014 68.6433 85.1685 90.2532 90.1299 71.6708 11.2452 80.7537 28.1498 87.1107 103.508 76.3336 13.9279 1269.1924 814.2401 814.2401 750.1828 112.7293 300.4329 184.4808 182.9111 347.4091 1262.9636 276.9395 460.4524 277.2536 123.4697 383.926 216.727 269.8833 1276.1195;
	3.8076 51.4493 92.5866 119.7334 15.0259 34.512 32.0774 18.4662 28.2633 27.955 51.6744 77.088 116.0556 65.6741 201.8362 76.0406 94.3467 99.9793 90.9879 70.3926 10.6925 80.528 27.2605 86.7842 102.6607 75.289 13.7598 1272.2291 790.4628 790.4628 707.2776 116.2177 303.2932 181.1908 205.8972 337.2641 1184.1481 289.1333 462.0472 274.9839 121.439 382.8532 187.9435 264.324 1196.483;
	3.3773 45.6344 92.9169 121.0208 15.0896 32.0501 31.575 18.8457 27.8086 28.8137 53.2616 79.4558 119.6203 63.8569 201.7412 76.0048 94.3023 99.9323 90.4677 70.8301 10.525 74.7835 73.1231 87.8455 103.3278 73.0932 14.0427 1326.1714 799.5505 799.5505 735.8928 111.3316 301.5591 182.3168 200.2001 341.1415 1199.8849 282.7936 453.7909 276.771 123.1048 355.542 196.1782 264.8889 1212.3837;
	3.8875 52.5283 94.1301 120.6995 15.3923 33.8393 20.2748 18.7104 26.574 28.4883 52.6603 78.5588 118.2698 54.4179 203.9893 76.8518 95.3531 101.0458 67.4626 72.4971 6.7583 78.9584 71.0051 89.0373 105.6235 74.8834 13.9594 1320.1689 785.2045 785.2045 736.356 112.4102 224.8754 186.6078 170.6075 335.0206 1228.5234 293.1531 463.8665 282.9201 123.4412 375.3907 170.5368 271.6534 1241.3205;
	3.8516 52.0438 90.2597 115.944 14.9352 34.1487 13.9695 17.543 25.6294 24.8921 46.0127 68.6418 103.3399 64.0216 202.2661 76.2026 94.5476 100.1923 88.9497 71.3662 4.6565 79.6803 68.6425 87.4852 102.9531 70.8426 13.1373 1325.453 773.9016 773.9016 710.7534 111.8062 296.4988 183.6968 200.7165 330.198 1214.0149 299.7366 424.2463 275.7671 122.4628 378.8227 192.9368 261.3825 1226.6609;
	3.9048 52.7621 90.9206 116.9149 14.9655 33.7101 1.5775 18.4108 0.7151 27.5522 50.9299 75.9774 114.3835 41.3369 204.219 76.9383 95.4605 101.1596 88.8383 71.5699 0.5258 78.6568 70.1967 86.7454 104.2003 72.282 13.6209 1357.3925 789.478 789.478 743.7424 116.2411 296.1275 184.221 129.5968 336.8439 1299.9197 319.4497 184.296 279.1079 123.4594 373.957 209.2238 269.2658 1313.4605;
	3.9021 52.7262 94.8286 120.7501 15.2311 33.3917 9.9617 19.116 6.9596 28.4182 52.5306 78.3653 117.9785 24.8156 201.6758 75.9802 94.2717 99.8999 89.2906 72.6081 3.3206 77.9139 71.8891 89.8679 106.4758 75.9256 14.0345 1246.8935 688.2374 688.2374 713.7944 116.5947 297.6354 186.8933 77.8004 293.648 1080.2789 293.1347 124.3323 285.203 124.0475 370.4249 196.3076 276.8129 1091.5318;
	3.8508 52.0322 94.9111 121.0015 15.2266 31.868 17.1159 19.017 6.0355 23.4617 43.3686 64.6974 97.4016 12.7997 192.4757 72.5141 89.9712 95.3426 89.1586 71.889 5.7053 74.3587 43.573 89.4384 106.3925 76.3862 13.8801 1025.7691 591.4726 591.4726 582.3366 117.1981 297.1952 185.0425 40.1287 252.3616 843.0007 264.1165 152.0408 284.98 123.736 353.5225 162.8903 278.5382 851.782;
	3.6947 49.9236 93.8839 120.6293 14.8627 26.6446 17.704 18.6377 7.31 26.6193 49.2054 73.4048 110.5106 0.0223 194.8177 73.3964 91.0659 96.5027 80.3239 72.1166 5.9013 62.1707 69.6408 89.6284 105.831 74.2189 13.8127 837.4163 623.5162 623.5162 502.9439 117.9419 267.7464 185.6283 0.0699 266.0336 768.5369 209.8347 178.0879 283.4759 123.5609 295.5771 144.1356 269.1493 776.5425;
	3.5402 47.8358 93.8165 119.3381 14.7471 19.1932 14.6064 18.7163 12.0877 26.3245 48.6604 72.5917 109.2864 2.3937 199.0257 74.9818 93.033 98.5872 38.0026 72.469 4.8688 44.7842 73.8328 89.7662 104.4686 74.5738 13.8574 591.2783 675.6623 675.6623 467.9774 117.3161 126.6753 186.5355 7.5046 288.2826 794.2054 208.537 134.3616 279.8267 124.0372 212.9171 133.5623 272.6847 802.4784;
	3.8608 52.1684 94.3903 118.7878 14.6279 21.0165 1.7816 18.8786 25.5664 23.2213 42.9242 64.0345 96.4035 41.0461 197.2242 74.3031 92.1908 97.6948 56.4887 72.0212 0.5939 49.0385 72.7891 89.9582 106.3432 75.8863 14.0754 608.9965 667.7122 667.7122 479.0073 112.439 188.2955 185.3828 128.6852 284.8905 596.6105 228.5179 19.2941 284.8479 123.9344 233.1431 141.488 273.1134 602.8252;
	3.8354 51.8245 93.9518 116.97 15.1286 20.8279 5.5491 18.6983 19.8575 22.3596 41.3314 61.6583 92.8262 35.5027 198.7857 74.8914 92.9208 98.4683 56.261 72.777 1.8497 48.5984 71.7683 90.0611 105.3634 75.4352 13.569 513.024 657.9201 657.9201 472.1568 99.9268 187.5368 187.3282 111.3058 280.7126 678.7374 248.6088 152.7897 282.2233 123.6416 231.0508 158.6743 271.6427 685.8076;
	3.8816 52.4487 93.5006 115.9458 15.3497 19.9024 2.1427 18.2625 8.0781 23.8157 44.023 65.6737 98.8714 28.6715 187.5538 70.6598 87.6705 92.9046 70.1579 70.5814 0.7142 46.4389 68.616 89.3823 102.231 75.2193 13.2666 404.638 625.3853 625.3853 416.4054 90.1617 233.8596 181.6768 89.8891 266.8311 590.8818 236.5389 147.3473 273.8331 121.9626 220.784 164.5055 256.4288 597.0369;
	3.6313 49.0663 93.8759 119.5833 15.0533 11.312 0.0257 18.8266 1.1683 26.3413 48.6914 72.638 109.3561 17.515 173.0698 65.203 80.9001 85.7299 61.5721 69.223 0.0086 26.3947 66.7635 90.1691 106.4701 76.354 13.6615 402.6852 504.7591 504.7591 382.2179 94.0657 205.2405 178.1803 54.9118 215.3639 468.0142 224.5702 50.6634 285.1877 121.7834 125.488 153.5548 254.674 472.8893;
	3.5947 48.5721 91.2199 116.164 14.7833 18.8852 0.0 18.8455 0.0598 27.8091 51.4047 76.6857 115.45 31.9893 180.7663 68.1027 84.4978 89.5424 64.1601 69.7482 0.0 44.0654 69.2039 90.0847 106.2476 76.2413 13.5509 997.7659 454.3168 454.3168 292.2343 93.8935 213.867 179.5321 100.2907 193.8418 836.6402 245.3886 112.9517 284.5918 121.8584 209.4996 130.0052 244.555 845.3552;
	3.4648 46.8169 93.3671 117.2364 15.3951 24.4158 1.9612 18.5411 8.5444 28.762 53.1662 79.3135 119.4061 59.4007 183.1376 68.996 85.6062 90.717 79.6686 69.5918 0.6537 56.9703 69.8153 89.9612 105.9635 76.613 13.5942 1189.7792 552.1579 552.1579 218.4443 66.9512 265.562 179.1295 186.2293 235.5874 1010.5923 218.0064 143.2665 283.8307 121.2078 270.8531 176.9346 277.3332 1021.1193;
