function loadprofile = ex_load_profilesh1
%EX_LOAD_PROFILE  Example load profile data file for stochastic unit commitment.
% 2022.03.12
% Andres F. Ramirez

%% define constants
[CT_LABEL, CT_PROB, CT_TABLE, CT_TBUS, CT_TGEN, CT_TBRCH, CT_TAREABUS, ...
    CT_TAREAGEN, CT_TAREABRCH, CT_ROW, CT_COL, CT_CHGTYPE, CT_REP, ...
    CT_REL, CT_ADD, CT_NEWVAL, CT_TLOAD, CT_TAREALOAD, CT_LOAD_ALL_PQ, ...
    CT_LOAD_FIX_PQ, CT_LOAD_DIS_PQ, CT_LOAD_ALL_P, CT_LOAD_FIX_P, ...
    CT_LOAD_DIS_P, CT_TGENCOST, CT_TAREAGENCOST, CT_MODCOST_F, ...
    CT_MODCOST_X] = idx_ct;

loadprofile = struct( ...
    'type', 'mpcData', ...
    'table', CT_TAREALOAD, ...
    'rows', [1:11], ...
    'col', CT_LOAD_ALL_P, ...
    'chgtype', 1, ...
    'values', [] );
loadprofile.values(:,1,:) = [
	1347.9392 844.8754 1489.3916 508.7414 737.7783 1055.8081 786.4796 228.3 446.5161 4361.3667 1653.2321;
	1348.6191 852.4931 1485.4 508.967 723.7684 1043.081 793.8965 223.0353 448.9585 4230.1268 1626.6554;
	1353.842 856.2922 1501.7957 503.2704 720.4776 1046.019 804.3784 226.9967 454.7666 4277.6763 1664.6;
	1449.4035 920.6221 1604.2096 514.8645 778.2749 1151.9327 854.5299 249.7824 503.3178 4505.9129 1802.374;
	1592.3026 1024.6609 1776.4 560.1335 890.2 1271.7522 942.9949 286.5 589.8967 5001.6464 2012.6175;
	1751.4358 1108.8336 1924.5579 583.3745 985.1933 1369.362 1030.6509 318.4 666.5 5532.4247 2216.6934;
	1776.4452 1128.1237 1929.7141 566.5481 987.1848 1384.8 1035.3285 323.4794 688.7 5818.6 2274.9;
	1793.4238 1139.2 1934.6919 581.5391 992.4903 1363.8608 1047.1139 327.7694 705.8122 6007.7404 2345.9988;
	1783.4613 1128.3111 1969.9095 560.1012 981.3526 1328.6901 1071.2561 319.7837 706.3 6084.8 2377.1724;
	1720.8651 1077.6362 1903.6458 540.6 949.0948 1302.7626 1073.8064 317.7 702.4598 6041.0628 2350.8825;
	1666.3989 1077.9035 1873.7435 532.9509 921.5734 1277.7046 1090.0 319.9 699.9441 6091.4031 2350.1393;
	1696.2477 1027.065 1804.6034 517.9113 858.2424 1172.5391 1041.5688 296.29 691.6135 5968.2397 2306.5174;
	1685.8425 1013.0833 1824.3609 513.4127 865.2546 1158.3054 995.5441 288.8755 667.7038 5881.6 2232.1308;
	1642.8548 1063.0284 1809.5426 510.6214 874.5659 1183.8 989.6748 303.8 669.8572 5973.9246 2232.1771;
	1602.4224 1093.8055 1799.9161 536.6266 877.5033 1212.0825 991.7134 306.4316 655.0 5930.2339 2245.9089;
	1642.757 1110.1864 1849.5 530.5922 931.0845 1304.433 990.243 303.9572 650.838 5912.1358 2267.6352;
	1716.9159 1130.6 1851.5 528.3894 931.3 1309.3861 1038.1208 313.8595 640.4478 5880.0129 2407.5891;
	1766.7 1184.335 1875.0616 545.0083 993.1521 1376.858 1087.1683 336.6 673.4752 5857.9902 2466.9916;
	1790.2811 1185.351 1902.7828 559.2983 992.2256 1351.4522 1100.8265 332.1603 667.5268 5755.5739 2408.0524;
	1729.5955 1136.3 1826.5772 553.7 919.023 1289.3301 1042.7127 330.4281 649.675 5601.8099 2367.9869;
	1637.3391 1061.1129 1709.4377 522.3 861.9535 1238.6656 999.2 307.5489 621.2814 5309.6914 2274.3352;
	1566.9556 1002.5316 1651.5232 528.6956 782.8152 1138.1641 908.3744 277.2599 556.9467 4978.8707 2082.4883;
	1599.7641 976.4 1588.155 530.4521 725.4601 1097.0289 847.7972 267.2177 507.9 4743.5586 1933.5605;
	1547.2 896.2062 1478.8436 519.5643 650.5065 1018.9395 770.1216 234.2 463.0581 4408.78 1749.9763;
];
