function solarprofile = ex_solar_profilesh1
%EX_WIND_PROFILE_D  Example wind_load_nyiso profile data for deterministic unit commitment.
% 2022.03.12
% Andres F. Ramirez


%% define constants
[GEN_BUS, PG, QG, QMAX, QMIN, VG, MBASE, GEN_STATUS, PMAX, PMIN, ...
    MU_PMAX, MU_PMIN, MU_QMAX, MU_QMIN, PC1, PC2, QC1MIN, QC1MAX, ...
    QC2MIN, QC2MAX, RAMP_AGC, RAMP_10, RAMP_30, RAMP_Q, APF] = idx_gen;
[CT_LABEL, CT_PROB, CT_TABLE, CT_TBUS, CT_TGEN, CT_TBRCH, CT_TAREABUS, ...
    CT_TAREAGEN, CT_TAREABRCH, CT_ROW, CT_COL, CT_CHGTYPE, CT_REP, ...
    CT_REL, CT_ADD, CT_NEWVAL, CT_TLOAD, CT_TAREALOAD, CT_LOAD_ALL_PQ, ...
    CT_LOAD_FIX_PQ, CT_LOAD_DIS_PQ, CT_LOAD_ALL_P, CT_LOAD_FIX_P, ...
    CT_LOAD_DIS_P, CT_TGENCOST, CT_TAREAGENCOST, CT_MODCOST_F, ...
    CT_MODCOST_X] = idx_ct;

solarprofile = struct( ...
    'type', 'mpcData', ...
    'table', CT_TGEN, ...
    'rows', [1:12], ...
    'col', PMAX, ...
    'chgtype', 1, ...
    'values', [] );
solarprofile.values(:,1,:) = [
	0.0 0.0 0.0 0.0 0.0 0.0 0.0 0.0 0.0 0.0 0.0 0.0;
	0.0 0.0 0.0 0.0 0.0 0.0 0.0 0.0 0.0 0.0 0.0 0.0;
	0.0 0.0 0.0 0.0 0.0 0.0 0.0 0.0 0.0 0.0 0.0 0.0;
	0.0 0.0 0.0 0.0 0.0 0.0 0.0 0.0 0.0 0.0 0.0 0.0;
	0.0 0.0 0.0 0.0 0.0 0.0 0.0 0.0 0.0 0.0 0.0 0.0;
	0.4095 0.3481 0.302 0.0 0.0 0.1765 0.0221 0.1431 0.0956 0.0 0.0 0.0;
	0.7372 1.4235 0.3896 1.5852 0.5242 14.5948 1.8244 0.8636 2.3651 48.2207 11.154 87.328;
	6.0566 7.3034 5.1045 4.1217 0.5195 122.8259 15.3532 11.2931 28.6015 102.8473 27.8221 186.2571;
	13.4567 13.9004 9.5876 5.3182 1.044 195.6608 24.4576 28.2096 52.0987 173.5639 69.4398 314.3253;
	19.7537 14.7969 13.1328 10.3571 12.082 228.4405 28.5551 44.2585 101.418 233.7012 104.7705 423.2343;
	20.7447 15.8028 13.4741 10.9624 10.8286 240.9127 30.1141 49.1451 131.7282 232.1796 141.662 420.4787;
	20.1379 15.8462 13.1722 11.0924 9.8865 258.556 32.3195 46.1025 137.899 181.9243 131.4921 329.4659;
	13.2107 11.8162 8.9107 10.7794 7.3296 312.7222 39.0903 38.6675 181.7611 69.5443 40.9353 125.9451;
	9.5714 8.1463 6.6471 10.3103 8.3544 286.2094 35.7762 30.129 188.6804 86.5617 43.4991 156.7637;
	7.3742 5.5377 4.0411 8.3067 8.6262 212.5016 26.5627 21.5195 185.349 92.839 32.913 168.1319;
	2.0472 1.2484 1.052 4.9844 5.0771 100.9822 12.6228 12.8435 169.8608 20.568 7.637 37.2487;
	0.6523 0.4106 0.3362 1.8541 1.5962 57.411 7.1764 7.235 51.5082 8.2388 4.2269 14.9205;
	0.0 0.0 0.0 0.0 0.0 0.0 0.0 0.0 0.0 0.0 0.0 0.0;
	0.0 0.0 0.0 0.0 0.0 0.0 0.0 0.0 0.0 0.0 0.0 0.0;
	0.0 0.0 0.0 0.0 0.0 0.0 0.0 0.0 0.0 0.0 0.0 0.0;
	0.0 0.0 0.0 0.0 0.0 0.0 0.0 0.0 0.0 0.0 0.0 0.0;
	0.0 0.0 0.0 0.0 0.0 0.0 0.0 0.0 0.0 0.0 0.0 0.0;
	0.0 0.0 0.0 0.0 0.0 0.0 0.0 0.0 0.0 0.0 0.0 0.0;
	0.0 0.0 0.0 0.0 0.0 0.0 0.0 0.0 0.0 0.0 0.0 0.0;
];
