function loadprofile = ex_load_profilesh1
%EX_LOAD_PROFILE  Example load profile data file for stochastic unit commitment.
% 2022.03.12
% Andres F. Ramirez

%% define constants
[CT_LABEL, CT_PROB, CT_TABLE, CT_TBUS, CT_TGEN, CT_TBRCH, CT_TAREABUS, ...
    CT_TAREAGEN, CT_TAREABRCH, CT_ROW, CT_COL, CT_CHGTYPE, CT_REP, ...
    CT_REL, CT_ADD, CT_NEWVAL, CT_TLOAD, CT_TAREALOAD, CT_LOAD_ALL_PQ, ...
    CT_LOAD_FIX_PQ, CT_LOAD_DIS_PQ, CT_LOAD_ALL_P, CT_LOAD_FIX_P, ...
    CT_LOAD_DIS_P, CT_TGENCOST, CT_TAREAGENCOST, CT_MODCOST_F, ...
    CT_MODCOST_X] = idx_ct;

loadprofile = struct( ...
    'type', 'mpcData', ...
    'table', CT_TAREALOAD, ...
    'rows', [1:11], ...
    'col', CT_LOAD_ALL_P, ...
    'chgtype', 1, ...
    'values', [] );
loadprofile.values(:,1,:) = [
	1433.2627 879.816 1549.7858 522.9551 778.0649 1123.2657 851.7068 230.0443 518.2 4306.8439 1711.7768;
	1406.1386 873.4722 1521.1753 528.5 731.4162 1095.3565 836.0 223.8 500.1698 4188.2902 1646.1717;
	1434.4103 893.4 1545.0 520.7 762.3 1113.0848 847.9983 228.5 503.0103 4250.2206 1687.9585;
	1506.3886 955.3887 1657.3637 538.0604 827.3705 1171.0 885.4833 249.1 525.2434 4476.0476 1755.7345;
	1711.0002 1083.2549 1830.5234 577.7475 928.2111 1288.9697 969.5 271.1537 603.429 4894.4224 1972.414;
	1826.3725 1160.0278 1977.3558 589.0443 1013.4137 1380.4 1027.7569 290.0581 668.9 5344.6 2088.9275;
	1864.5498 1192.2395 2007.2085 575.4 1014.1499 1367.9969 1069.5379 318.8132 703.7962 5773.0481 2192.653;
	1922.2776 1227.5154 2016.6399 565.6604 1029.1546 1358.2948 1140.6709 322.3199 726.5075 6071.2853 2214.0614;
	1938.1336 1235.4342 2030.0748 559.9858 1020.0057 1394.062 1185.6067 320.682 748.6358 6198.0262 2230.4566;
	1898.6493 1239.5057 2030.8 577.8522 995.1601 1402.4071 1217.5698 322.1402 783.3222 6196.1243 2214.5098;
	1893.4596 1292.4768 2059.7866 577.8 1002.0813 1396.7677 1223.6246 328.2962 770.727 6341.0584 2321.2378;
	1872.7776 1250.7148 2004.0435 558.7414 976.8141 1392.7455 1225.4436 331.8 728.3323 6337.0442 2300.0975;
	1912.0832 1274.0387 1998.3038 578.8465 966.2847 1366.9756 1157.3497 330.7 720.8397 6289.4742 2221.4684;
	1892.8286 1208.5358 1986.452 561.2 968.8037 1388.1573 1163.72 333.3487 711.3 6325.8067 2270.93;
	1888.9563 1240.6388 1973.8909 557.0987 961.5954 1342.3771 1076.2871 314.7 682.2414 6160.5519 2235.627;
	1863.9226 1200.5756 1998.6407 561.4 964.9521 1356.8818 1062.5025 305.4078 692.1082 6110.2692 2245.2306;
	1869.8957 1203.5173 2004.7913 560.2823 1002.2698 1362.3122 1142.4417 337.1418 689.5041 6151.2078 2443.9227;
	1873.9097 1211.4981 1973.9777 584.5415 1023.5 1401.4373 1121.3787 341.7036 689.9499 5866.4 2416.5587;
	1868.3749 1200.3 1963.0945 576.5989 999.041 1380.0052 1141.1 323.7425 686.6 5726.9046 2368.9997;
	1821.6301 1113.7 1810.0809 577.5412 949.2485 1315.2664 1077.8659 310.031 663.6006 5543.3 2292.548;
	1759.2174 1046.9 1727.6359 541.3112 857.6665 1213.6513 1013.0669 281.9 624.2 5336.2404 2156.3501;
	1673.9133 1006.9165 1634.3639 511.8 826.1909 1141.0 911.5 275.2 578.0 5001.0138 1988.4;
	1637.2282 953.4 1583.0149 475.0156 792.2 1039.9347 878.935 281.0361 551.9839 4845.7056 1846.6466;
	1568.3816 896.4014 1560.7573 492.4313 766.4986 1020.1069 852.1936 260.6694 521.2207 4799.5635 1741.7;
];
