function windprofile = ex_wind_profilesh1
%EX_WIND_PROFILE_D  Example wind_load_nyiso profile data for deterministic unit commitment.
% 2022.03.12
% Andres F. Ramirez


%% define constants
[GEN_BUS, PG, QG, QMAX, QMIN, VG, MBASE, GEN_STATUS, PMAX, PMIN, ...
    MU_PMAX, MU_PMIN, MU_QMAX, MU_QMIN, PC1, PC2, QC1MIN, QC1MAX, ...
    QC2MIN, QC2MAX, RAMP_AGC, RAMP_10, RAMP_30, RAMP_Q, APF] = idx_gen;
[CT_LABEL, CT_PROB, CT_TABLE, CT_TBUS, CT_TGEN, CT_TBRCH, CT_TAREABUS, ...
    CT_TAREAGEN, CT_TAREABRCH, CT_ROW, CT_COL, CT_CHGTYPE, CT_REP, ...
    CT_REL, CT_ADD, CT_NEWVAL, CT_TLOAD, CT_TAREALOAD, CT_LOAD_ALL_PQ, ...
    CT_LOAD_FIX_PQ, CT_LOAD_DIS_PQ, CT_LOAD_ALL_P, CT_LOAD_FIX_P, ...
    CT_LOAD_DIS_P, CT_TGENCOST, CT_TAREAGENCOST, CT_MODCOST_F, ...
    CT_MODCOST_X] = idx_ct;

windprofile = struct( ...
    'type', 'mpcData', ...
    'table', CT_TGEN, ...
    'rows', [1:45], ...
    'col', PMAX, ...
    'chgtype', 1, ...
    'values', [] );
windprofile.values(:,1,:) = [
	3.9933 53.9583 93.3587 118.664 15.2837 33.8504 30.7153 17.8007 11.2074 15.2471 28.1841 42.0451 63.2987 47.2116 202.2253 76.1872 94.5286 100.1721 90.5461 68.3346 10.2384 78.9844 25.0477 88.7237 103.6596 73.8075 13.5541 1239.6814 752.6962 752.6962 750.889 109.0943 301.8205 175.8935 148.0148 321.1504 1113.0706 263.0053 466.156 277.6596 119.5767 375.5142 216.1628 273.602 1124.6651;
	3.9562 53.4565 93.767 118.162 15.2783 33.6214 31.9945 18.5164 11.2975 14.7242 27.2176 40.6032 61.1279 60.0347 199.6942 75.2336 93.3454 98.9183 92.1811 69.6136 10.6648 78.45 29.3329 89.8713 105.2112 74.6378 13.2717 1211.7506 756.7702 756.7702 768.5095 111.4888 307.2703 179.1856 188.2169 322.8886 1175.4712 250.2857 462.9711 281.8157 119.0686 372.9738 215.7181 276.6739 1187.7157;
	3.8669 52.2497 89.4317 111.7731 15.4007 33.0503 33.0247 18.2738 23.4388 15.0463 27.8128 41.4912 62.4648 60.1853 188.9654 71.1916 88.3304 93.6038 92.69 70.4676 11.0082 77.1174 30.381 88.0617 103.5584 73.7531 13.0897 1231.2887 781.2217 781.2217 784.0913 113.9417 308.9667 181.3839 188.6892 333.3213 1216.1923 284.7144 463.6327 277.3885 118.5927 366.6382 216.2392 258.9255 1228.861;
	3.7461 50.6186 92.0338 114.9071 15.3833 32.968 31.3159 18.6147 28.095 28.5157 52.7109 78.6343 118.3835 67.1711 201.3213 75.8466 94.106 99.7243 92.6556 69.9496 10.4386 76.9253 24.4572 88.9555 104.1565 75.8364 13.0144 1241.1991 776.297 776.297 783.3839 112.4823 308.8519 180.0503 210.5906 331.2201 1164.8857 288.819 467.6131 278.9905 115.7464 365.7249 188.4088 264.9097 1177.0199;
	3.2671 44.1457 92.8088 115.392 15.3459 30.806 30.7467 18.4849 27.9466 29.1658 53.9126 80.427 121.0823 65.3871 200.329 75.4728 93.6422 99.2327 91.5211 69.0814 10.2489 71.8807 69.3532 88.7443 104.6691 74.4683 12.7612 1281.7636 752.7419 752.7419 776.7281 112.208 305.0702 177.8156 204.9975 321.1699 1125.3497 294.5644 466.3839 280.3637 116.2327 341.7415 187.7424 266.9764 1137.072;
	3.7492 50.6603 92.4761 112.4917 15.2963 32.7058 17.0386 18.1174 25.9697 29.1646 53.9103 80.4236 121.0772 49.2677 194.8107 73.3938 91.0627 96.4993 59.9116 67.7294 5.6795 76.3135 70.0067 86.1529 100.7771 72.5821 13.0666 1257.6829 744.4211 744.4211 712.5564 113.3131 199.7055 174.3357 154.461 317.6197 1126.7027 284.2309 453.8085 269.9387 113.1059 362.8162 156.0993 262.4881 1138.4392;
	3.7472 50.6332 93.3159 112.9056 14.8808 33.5592 11.1507 18.2966 25.0431 28.529 52.7355 78.6709 118.4386 64.5287 189.5966 71.4294 88.6254 93.9164 85.0336 70.0335 3.7169 78.3047 68.8582 88.5301 102.5112 73.1642 13.1553 1309.5308 758.289 758.289 751.538 111.9534 283.4454 180.2665 202.3061 323.5366 1161.3758 319.3775 403.1583 274.5835 116.8522 372.2831 169.1192 264.024 1173.4735;
	3.8217 51.6393 94.2705 116.2755 15.236 33.087 0.0 18.2278 0.5349 28.2926 52.2984 78.019 117.4571 46.7581 198.926 74.9442 92.9863 98.5378 88.5545 70.7608 0.0 77.203 69.4774 86.4545 99.293 72.323 13.2281 1290.6961 743.2694 743.2694 741.4118 114.8249 295.1816 182.1385 146.5931 317.1283 1193.1879 319.0842 158.1246 265.9634 117.2013 367.0452 195.9061 261.2352 1205.6169;
	3.8665 52.2445 94.5002 116.1021 15.338 31.8689 0.0 18.0203 3.785 29.3046 54.1691 80.8097 121.6585 27.0481 196.464 74.0167 91.8355 97.3182 89.9706 70.6808 0.0 74.3607 69.481 86.4913 98.3722 69.983 13.0084 1199.2106 706.774 706.774 740.3487 115.4758 299.9019 181.9326 84.7995 301.5569 1057.7135 297.998 39.1891 263.497 118.472 353.5319 189.0519 270.6586 1068.7313;
	3.7896 51.2059 93.2159 114.9543 15.3085 30.6585 0.0 18.5803 0.7604 24.6373 45.5418 67.9394 102.2823 18.3517 192.75 72.6174 90.0994 95.4785 87.504 70.7018 0.0 71.5366 39.4309 86.749 100.5082 72.8846 13.0112 995.6348 603.8565 603.8565 606.7163 119.0393 291.68 181.9865 57.5349 257.6454 819.2704 267.4834 1.7647 269.2183 116.3337 340.1054 163.7799 274.4951 827.8044;
	3.6608 49.4657 94.2368 113.1814 15.3195 26.447 0.0 18.0303 0.0 26.3209 48.6537 72.5817 109.2714 2.8225 191.8371 72.2735 89.6727 95.0263 78.8798 70.0506 0.0 61.7097 66.3038 87.4654 100.7929 71.6536 13.2492 759.3871 671.7964 671.7964 545.8121 113.597 262.9328 180.3105 8.849 286.6331 736.0102 214.8168 39.1665 269.981 115.6037 293.3853 153.1973 269.0045 743.6769;
	3.5058 47.3714 93.0407 112.924 15.3797 19.283 0.0 17.9857 0.1204 23.355 43.1714 64.4032 96.9587 7.2771 198.4694 74.7722 92.7729 98.3116 39.9875 70.1069 0.0 44.9937 68.7758 86.2975 100.4558 72.7776 13.2563 601.0326 715.6643 715.6643 537.4125 113.3883 133.2917 180.4552 22.8147 305.3501 793.6043 207.9877 14.0727 269.0781 117.7199 213.9127 143.8097 267.9398 801.871;
	3.8082 51.4569 94.3688 112.6499 15.3289 20.6502 0.0 18.5287 24.0274 15.4978 28.6475 42.7364 64.3394 45.3327 195.833 73.7789 91.5405 97.0056 54.2705 70.4968 0.0 48.1837 65.5002 84.6955 100.4764 73.3097 13.6272 625.728 716.408 716.408 547.0068 105.6558 180.9018 181.4589 142.124 305.6674 602.7195 227.1433 0.0 269.1331 119.3048 229.0791 160.118 274.7939 608.9979;
	3.7443 50.5933 92.1534 112.3963 15.4091 19.1777 0.0 18.4248 16.8912 19.6505 36.3237 54.1878 81.5795 35.5488 200.6289 75.5858 93.7824 99.3813 56.9852 72.1867 0.0 44.7479 68.4645 83.8102 96.9453 73.3515 13.3913 498.7734 702.9999 702.9999 510.3653 92.9376 189.9508 185.8088 111.4504 299.9466 627.4053 237.4343 57.5227 259.675 117.1693 212.7445 165.4515 269.8986 633.9407;
	3.7282 50.3767 91.3876 112.0997 15.2597 19.2208 0.3743 18.2998 2.48 25.4564 47.0557 70.1979 105.6825 32.8099 202.5109 76.2948 94.6621 100.3135 73.5542 71.977 0.1248 44.8486 68.9457 85.0858 98.0197 73.3241 13.3804 365.5195 676.4916 676.4916 476.6359 89.3829 245.1806 185.269 102.8634 288.6364 567.2215 242.3334 139.9506 262.5528 116.2286 213.2232 174.1986 247.2819 573.13;
	3.5745 48.2993 92.684 115.6306 15.4119 10.7 0.2558 17.7455 5.0821 28.2623 52.2425 77.9355 117.3315 26.0204 188.1391 70.8803 87.9441 93.1945 67.0093 70.9393 0.0853 24.9666 71.4871 86.7032 98.0759 73.0812 13.4587 442.8463 566.3286 566.3286 445.5417 95.3803 223.3643 182.5978 81.5774 241.6335 495.7662 224.785 135.0434 262.7032 118.9364 118.6983 173.7499 243.7415 500.9304;
	3.5506 47.9763 93.6805 116.128 15.4134 19.523 3.8945 18.2107 13.4705 28.4571 52.6026 78.4727 118.1402 34.5558 187.4907 70.636 87.641 92.8733 62.0102 71.2603 1.2982 45.5536 71.4686 87.8577 102.1817 74.0654 13.7295 1032.6748 494.109 494.109 327.5964 94.7273 206.7005 183.4242 108.3372 210.8198 873.5017 241.2142 122.4767 273.7009 118.652 216.575 143.9628 250.6182 882.6007;
	3.2189 43.4944 91.928 115.249 15.3429 21.7403 9.2751 17.9738 17.9066 29.6125 54.7383 81.6588 122.9369 58.7163 188.195 70.9014 87.9702 93.2222 71.5784 71.6191 3.0917 50.7273 73.7365 84.9604 99.2849 73.2808 13.5271 1202.0777 588.6438 588.6438 241.5526 65.2367 238.5945 184.3478 184.0835 251.1547 1010.6572 208.6009 139.7307 265.9418 119.1227 241.172 185.1646 270.4518 1021.1848;
