function loadprofile = ex_load_profilesh1
%EX_LOAD_PROFILE  Example load profile data file for stochastic unit commitment.
% 2022.03.12
% Andres F. Ramirez

%% define constants
[CT_LABEL, CT_PROB, CT_TABLE, CT_TBUS, CT_TGEN, CT_TBRCH, CT_TAREABUS, ...
    CT_TAREAGEN, CT_TAREABRCH, CT_ROW, CT_COL, CT_CHGTYPE, CT_REP, ...
    CT_REL, CT_ADD, CT_NEWVAL, CT_TLOAD, CT_TAREALOAD, CT_LOAD_ALL_PQ, ...
    CT_LOAD_FIX_PQ, CT_LOAD_DIS_PQ, CT_LOAD_ALL_P, CT_LOAD_FIX_P, ...
    CT_LOAD_DIS_P, CT_TGENCOST, CT_TAREAGENCOST, CT_MODCOST_F, ...
    CT_MODCOST_X] = idx_ct;

loadprofile = struct( ...
    'type', 'mpcData', ...
    'table', CT_TAREALOAD, ...
    'rows', [1:11], ...
    'col', CT_LOAD_ALL_P, ...
    'chgtype', 1, ...
    'values', [] );
loadprofile.values(:,1,:) = [
	1449.9333 893.2 1478.3661 527.4 723.8931 1048.5145 836.2 228.6875 517.7438 4423.0127 1682.3137;
	1458.9553 889.3 1494.1 528.432 732.0884 1042.1248 831.7164 212.4133 515.125 4345.0075 1633.8;
	1484.4087 899.5988 1505.1 524.8495 723.6855 1049.7 838.5258 219.0823 509.8152 4367.9649 1642.6154;
	1527.1169 947.788 1612.4386 550.8579 803.327 1129.8988 886.0 250.8588 536.0212 4592.6258 1731.4242;
	1667.5544 1058.449 1781.2969 583.5592 908.7949 1267.6709 981.0145 286.7 618.2619 5052.3176 1961.9098;
	1790.911 1128.7549 1925.0 589.4955 1001.5163 1348.6325 1058.3031 316.5 674.9813 5553.0248 2118.8;
	1807.5114 1128.4244 1955.653 585.9949 1026.2443 1371.8322 1082.3473 324.3 714.2393 5958.096 2188.9566;
	1834.1013 1161.2148 1992.1587 561.7025 1052.304 1378.272 1103.7137 315.3622 744.89 6160.2904 2190.1165;
	1815.2016 1173.4151 1991.8197 560.6 1031.9899 1302.8453 1070.3 300.431 739.2635 6214.7304 2100.7363;
	1815.3942 1165.2686 2011.816 551.5 1023.2603 1260.244 1070.716 295.3 736.0013 6224.8395 2031.243;
	1796.4881 1141.5794 1976.8987 553.8772 1004.2673 1248.7916 1050.3103 290.8 732.8749 6238.8467 2032.928;
	1810.4935 1115.6469 1973.2408 569.1269 988.5837 1271.0874 1023.4688 295.9971 711.8672 6159.3689 1942.5302;
	1793.276 1118.1855 1952.7911 554.3593 979.8566 1245.2954 1025.6032 299.1113 722.0581 6210.2452 2043.4848;
	1780.841 1097.4915 1921.0363 549.6882 947.7073 1226.2779 991.3179 292.2 717.7686 6107.9404 2045.2086;
	1733.9893 1109.564 1930.8058 555.9 956.6609 1272.37 996.9525 277.7809 704.3847 6068.0402 2015.28;
	1718.4758 1104.8138 1873.2175 552.3 963.5932 1305.6336 1011.6082 283.017 711.3304 6026.2015 2096.2025;
	1706.4191 1059.2061 1844.0506 565.1 968.6014 1294.9 1056.0357 298.6349 756.4355 6022.2331 2251.1;
	1781.9531 1123.682 1935.3 578.4185 1029.3 1383.6472 1128.0185 310.7 794.1851 6109.131 2416.1219;
	1751.6707 1109.6519 1901.1557 583.6779 997.0432 1367.682 1098.4755 298.1714 742.8133 6152.8061 2358.1533;
	1729.125 1068.1007 1826.2 575.1 973.4385 1299.5526 1048.8677 292.7301 676.192 5652.309 2254.2277;
	1672.9352 983.0376 1726.4558 562.8 896.6808 1180.9533 958.8839 260.6601 643.3962 5347.2795 2029.6188;
	1597.1257 941.1707 1616.1 556.4966 842.9959 1107.1 875.766 248.735 598.1 4994.1681 1874.8895;
	1574.4667 906.3 1565.6559 543.296 781.0118 1072.8964 874.7676 228.1418 557.0605 4829.9923 1855.6;
	1521.3849 874.5 1528.5 549.8538 771.1631 1059.188 836.6049 228.6785 558.6218 4715.2902 1755.5684;
];
