function solarprofile = ex_solar_profilesh1
%EX_WIND_PROFILE_D  Example wind_load_nyiso profile data for deterministic unit commitment.
% 2022.03.12
% Andres F. Ramirez


%% define constants
[GEN_BUS, PG, QG, QMAX, QMIN, VG, MBASE, GEN_STATUS, PMAX, PMIN, ...
    MU_PMAX, MU_PMIN, MU_QMAX, MU_QMIN, PC1, PC2, QC1MIN, QC1MAX, ...
    QC2MIN, QC2MAX, RAMP_AGC, RAMP_10, RAMP_30, RAMP_Q, APF] = idx_gen;
[CT_LABEL, CT_PROB, CT_TABLE, CT_TBUS, CT_TGEN, CT_TBRCH, CT_TAREABUS, ...
    CT_TAREAGEN, CT_TAREABRCH, CT_ROW, CT_COL, CT_CHGTYPE, CT_REP, ...
    CT_REL, CT_ADD, CT_NEWVAL, CT_TLOAD, CT_TAREALOAD, CT_LOAD_ALL_PQ, ...
    CT_LOAD_FIX_PQ, CT_LOAD_DIS_PQ, CT_LOAD_ALL_P, CT_LOAD_FIX_P, ...
    CT_LOAD_DIS_P, CT_TGENCOST, CT_TAREAGENCOST, CT_MODCOST_F, ...
    CT_MODCOST_X] = idx_ct;

solarprofile = struct( ...
    'type', 'mpcData', ...
    'table', CT_TGEN, ...
    'rows', [1:12], ...
    'col', PMAX, ...
    'chgtype', 1, ...
    'values', [] );
solarprofile.values(:,1,:) = [
	0.0 0.0 0.0 0.0 0.0 0.0 0.0 0.0 0.0 0.0 0.0 0.0;
	0.0 0.0 0.0 0.0 0.0 0.0 0.0 0.0 0.0 0.0 0.0 0.0;
	0.0 0.0 0.0 0.0 0.0 0.0 0.0 0.0 0.0 0.0 0.0 0.0;
	0.0 0.0 0.0 0.0 0.0 0.0 0.0 0.0 0.0 0.0 0.0 0.0;
	0.0 0.0 0.0 0.0 0.0 0.0 0.0 0.0 0.0 0.0 0.0 0.0;
	0.4095 0.3502 0.302 0.0 0.0 1.3442 0.168 0.1431 0.4915 0.0 0.0 0.0;
	2.642 3.0279 2.5429 1.194 1.307 85.5014 10.6877 6.7521 81.3449 154.5897 181.2637 279.963;
	6.101 6.7016 4.0497 1.6789 1.8317 112.5316 14.0664 12.2733 121.8213 219.3463 247.9233 397.2374;
	10.3894 11.2045 5.3423 2.4106 2.7155 92.7758 11.597 19.3504 120.6568 252.4424 241.8797 457.1748;
	15.1819 13.1803 11.3078 6.6058 12.2707 26.9376 3.3672 24.5992 46.2287 256.4254 201.2947 464.388;
	16.5335 14.8005 12.7294 8.091 10.8029 50.4054 6.3007 20.4302 97.3012 270.1782 220.9923 489.2943;
	16.1073 13.8119 12.0716 8.1267 9.9836 124.0454 15.5057 16.9575 161.8702 269.6901 205.3274 488.4104;
	9.7681 6.5104 7.6802 7.5419 9.2892 290.9604 36.3701 30.5839 261.3378 182.2028 127.7516 329.9704;
	8.6066 5.7187 6.0059 6.434 9.8217 249.1326 31.1416 31.7366 242.7264 146.5019 107.7029 265.3158;
	6.2169 3.5458 5.1126 4.7512 9.6327 133.4231 16.6779 24.0015 188.7945 126.4949 85.7387 229.083;
	1.7573 1.5498 2.3058 2.0431 4.5437 32.9999 4.125 5.7616 72.723 23.652 20.33 42.834;
	0.2346 0.2871 0.288 1.1147 1.2781 50.9162 6.3645 3.6686 42.7849 16.9537 9.7219 30.7033;
	0.0 0.0 0.0 0.0 0.0 0.0 0.0 0.0 0.0 0.0 0.0 0.0;
	0.0 0.0 0.0 0.0 0.0 0.0 0.0 0.0 0.0 0.0 0.0 0.0;
	0.0 0.0 0.0 0.0 0.0 0.0 0.0 0.0 0.0 0.0 0.0 0.0;
	0.0 0.0 0.0 0.0 0.0 0.0 0.0 0.0 0.0 0.0 0.0 0.0;
	0.0 0.0 0.0 0.0 0.0 0.0 0.0 0.0 0.0 0.0 0.0 0.0;
	0.0 0.0 0.0 0.0 0.0 0.0 0.0 0.0 0.0 0.0 0.0 0.0;
	0.0 0.0 0.0 0.0 0.0 0.0 0.0 0.0 0.0 0.0 0.0 0.0;
];
