function windprofile = ex_wind_profilesh1
%EX_WIND_PROFILE_D  Example wind_load_nyiso profile data for deterministic unit commitment.
% 2022.03.12
% Andres F. Ramirez


%% define constants
[GEN_BUS, PG, QG, QMAX, QMIN, VG, MBASE, GEN_STATUS, PMAX, PMIN, ...
    MU_PMAX, MU_PMIN, MU_QMAX, MU_QMIN, PC1, PC2, QC1MIN, QC1MAX, ...
    QC2MIN, QC2MAX, RAMP_AGC, RAMP_10, RAMP_30, RAMP_Q, APF] = idx_gen;
[CT_LABEL, CT_PROB, CT_TABLE, CT_TBUS, CT_TGEN, CT_TBRCH, CT_TAREABUS, ...
    CT_TAREAGEN, CT_TAREABRCH, CT_ROW, CT_COL, CT_CHGTYPE, CT_REP, ...
    CT_REL, CT_ADD, CT_NEWVAL, CT_TLOAD, CT_TAREALOAD, CT_LOAD_ALL_PQ, ...
    CT_LOAD_FIX_PQ, CT_LOAD_DIS_PQ, CT_LOAD_ALL_P, CT_LOAD_FIX_P, ...
    CT_LOAD_DIS_P, CT_TGENCOST, CT_TAREAGENCOST, CT_MODCOST_F, ...
    CT_MODCOST_X] = idx_ct;

windprofile = struct( ...
    'type', 'mpcData', ...
    'table', CT_TGEN, ...
    'rows', [1:45], ...
    'col', PMAX, ...
    'chgtype', 1, ...
    'values', [] );
windprofile.values(:,1,:) = [
	3.905 52.7654 88.6163 112.7865 14.3156 34.6778 30.6648 17.8872 9.8009 15.059 27.8364 41.5264 62.5178 55.7409 201.5467 75.9315 94.2114 99.8359 83.7897 71.9428 10.2216 80.9149 0.1696 86.0813 100.3089 74.7097 13.6709 1233.6058 771.1572 771.1572 702.9607 113.6979 279.2989 185.1809 174.7554 329.0271 1116.7805 268.5143 435.4587 268.6845 118.4891 384.6927 213.9819 269.156 1128.4137;
	3.734 50.4543 89.2865 110.3968 14.3304 34.0693 28.8404 17.8551 8.6677 13.6399 25.2131 37.6131 56.6262 64.073 196.466 74.0174 91.8364 97.3192 83.386 70.5796 9.6135 79.495 25.1044 85.5463 99.3854 73.9917 13.1626 1277.6509 782.5826 782.5826 745.6219 114.3685 277.9534 181.672 200.8776 333.9019 1219.2357 269.0414 440.9288 266.2108 120.0783 377.9422 205.4938 265.1871 1231.9361;
	3.6534 49.3661 86.8177 108.9708 14.5089 34.0376 29.1446 17.8552 20.7669 13.5282 25.0067 37.3051 56.1626 58.7438 184.663 69.5707 86.3192 91.4726 84.0419 71.3224 9.7149 79.4211 26.056 86.8765 101.7811 74.1054 13.2024 1206.2803 748.6866 748.6866 699.5216 111.262 280.1397 183.5842 184.1697 319.4396 1174.1275 282.8022 446.714 272.6279 119.7639 377.5906 206.3003 252.6023 1186.358;
	3.5612 48.1192 86.3936 106.5262 14.5061 33.1153 26.1939 16.9532 27.6282 28.2132 52.1518 77.8002 117.1277 65.1 194.9495 73.4461 91.1276 96.568 84.1906 66.434 8.7313 77.269 21.6512 84.6279 98.6971 72.8805 12.8399 1193.8674 714.8605 714.8605 688.7367 111.3597 280.6355 171.0013 204.0973 305.0071 1089.4311 285.8777 449.1974 264.3671 117.6121 367.3589 172.6072 253.2145 1100.7793;
	2.8211 38.1188 87.0194 109.9013 14.9777 29.0256 29.5597 17.4805 27.594 28.7392 53.1239 79.2504 119.3111 63.2082 196.3549 73.9756 91.7845 97.2642 82.8351 68.1428 9.8532 67.7264 69.927 88.6956 102.2502 72.2074 12.8671 1240.6647 778.1735 778.1735 722.1993 118.1511 276.1171 175.3999 198.1662 332.0207 1108.7743 328.9067 446.564 273.8845 118.1158 321.9907 171.5425 259.7927 1120.324;
	3.6192 48.903 87.6755 109.1376 14.9955 32.6033 17.3349 17.9566 26.2671 28.1437 52.0231 77.6083 116.8388 51.6801 201.7871 76.0221 94.3237 99.955 53.809 68.3022 5.7783 76.0744 68.8734 88.2919 102.9819 73.9138 13.6868 1212.3869 778.5235 778.5235 746.4297 119.3576 179.3632 175.8099 162.0242 332.17 1137.3823 320.2189 458.2287 275.8444 118.6146 361.6795 156.7194 267.3013 1149.2301;
	3.6945 49.921 93.3165 114.1421 15.3037 33.5735 13.7177 18.8402 26.4383 28.3461 52.3973 78.1665 117.6793 64.9786 202.7683 76.3918 94.7824 100.441 85.7853 70.8626 4.5726 78.3381 71.4978 89.9798 106.4123 75.6825 14.0557 1296.0977 788.3621 788.3621 744.3821 116.96 285.9511 182.4006 203.7167 336.3678 1202.2172 321.8935 440.1304 285.0328 120.3491 372.4417 182.5093 270.1136 1214.7403;
	3.704 50.0488 93.6955 116.1557 15.3897 33.2841 0.0059 18.3853 3.541 25.9354 47.9412 71.5188 107.6712 45.2698 203.2918 76.589 95.0271 100.7004 84.089 71.1924 0.002 77.663 71.7274 89.9227 106.3172 74.7951 13.9163 1268.4229 784.5898 784.5898 728.9455 120.8185 280.2968 183.2494 141.9269 334.7583 1220.6315 320.1362 173.3937 284.7782 118.7986 369.2321 203.8343 270.8331 1233.3465;
	3.858 52.1295 93.0984 119.7489 15.4081 33.4138 2.5933 18.9784 17.2232 28.3136 52.3373 78.077 117.5445 31.5784 200.1926 75.4214 93.5784 99.1652 84.4059 72.0361 0.8644 77.9656 74.1605 89.9417 106.378 76.1259 14.144 1183.0428 710.2605 710.2605 741.3027 113.1633 281.3529 185.4211 99.0027 303.0445 1078.1563 280.4245 85.7985 284.9412 120.4587 370.671 197.1589 275.0799 1089.3871;
	3.8794 52.419 93.4393 120.9896 15.4056 33.4895 0.3202 19.1666 24.241 26.4267 48.8494 72.8737 109.7109 22.964 198.0065 74.5978 92.5565 98.0823 84.4868 72.8434 0.1067 78.1422 52.8473 90.1686 106.7302 76.6366 14.1675 987.8442 642.6695 642.6695 613.5323 114.4756 281.6227 187.4991 71.9951 274.2056 856.9641 258.1983 107.0192 285.8845 122.6462 371.5105 164.9904 276.3088 865.8908;
	3.7959 51.2916 93.531 120.1591 15.3918 27.3829 0.0 18.9242 18.721 29.0643 53.7249 80.147 120.6608 17.226 202.3893 76.249 94.6052 100.2533 72.7864 72.3493 0.0 63.8935 73.3246 90.093 105.8986 75.8486 13.9307 789.3583 655.013 655.013 532.9889 110.8006 242.6214 186.2273 54.0057 279.4722 743.6971 202.2877 35.0241 283.6569 119.8382 303.768 146.4073 264.8931 751.444;
	3.5393 47.8232 92.6703 119.6646 15.375 20.5462 3.0054 18.7815 25.2412 27.9805 51.7215 77.1584 116.1615 17.7116 205.3564 77.3668 95.9922 101.7231 33.6254 72.9186 1.0018 47.941 73.7226 89.1758 105.4169 75.9655 13.7292 588.5269 696.791 696.791 510.0854 105.608 112.0848 187.6926 55.5281 297.2975 787.681 204.1276 100.501 282.3667 122.1171 227.9253 139.6701 262.0796 795.886;
	3.8768 52.384 94.3493 120.313 15.3079 24.2499 3.237 19.0448 26.7725 26.6018 49.1731 73.3566 110.4379 49.4182 205.2198 77.3154 95.9283 101.6554 54.1474 72.9106 1.079 56.5831 73.8196 88.0483 106.3439 74.3509 14.0526 645.6827 686.5091 686.5091 505.1424 99.5659 180.4913 187.6721 154.9327 292.9105 593.8282 213.9282 139.3036 284.8498 121.0306 269.0123 156.99 261.7953 600.014;
	3.818 51.5892 93.9685 119.3452 15.1276 21.8485 0.8741 19.0851 19.6294 25.8209 47.7296 71.2031 107.1959 36.9724 204.5893 77.0778 95.6336 101.343 36.888 72.745 0.2914 50.9797 73.041 87.7372 106.1446 75.9271 13.9292 540.0042 651.0233 651.0233 466.2526 84.818 122.9598 187.2458 115.9135 277.7699 654.4793 224.154 94.9959 284.3159 119.8494 242.3722 167.6126 267.464 661.2968;
	3.7713 50.9585 92.9361 117.4053 15.2804 20.503 0.0 18.8712 6.99 27.763 51.3196 76.5587 115.2587 29.8582 204.8995 77.1947 95.7786 101.4967 68.4825 71.7207 0.0 47.8403 71.6653 89.4786 105.2016 75.8974 13.8953 384.581 648.9519 648.9519 405.6037 73.1234 228.2748 184.6093 93.6094 276.8861 581.2553 221.5215 2.8519 281.7901 117.1841 227.4465 165.7767 251.0268 587.3101;
	3.4932 47.2002 91.8639 116.1893 15.108 10.458 0.0 18.5701 2.5207 29.7616 55.0138 82.0698 123.5556 22.2688 196.6031 74.0691 91.9005 97.3871 62.6656 70.9069 0.0 24.4019 72.0879 89.4397 104.4003 74.5048 13.8635 414.7757 534.8736 534.8736 388.9895 82.585 208.8853 182.5146 69.8157 228.2127 478.6863 198.4842 15.4345 279.6438 118.7777 116.0135 149.7578 243.0339 483.6727;
	3.1041 41.9438 89.2572 115.2346 14.4852 17.531 0.0 18.9175 4.3065 29.6894 54.8805 81.8709 123.2561 33.8665 200.0695 75.375 93.5209 99.1042 62.6166 71.5668 0.0 40.9056 73.8444 88.0405 105.3216 73.5629 13.8271 894.3748 434.7985 434.7985 279.2634 83.0911 208.722 184.213 106.1759 185.514 748.1089 199.7091 96.4482 282.1114 117.5711 194.4769 112.9735 223.5417 755.9017;
	2.4923 33.6761 89.4661 115.5005 14.0827 18.174 0.0 18.9793 1.5359 29.2079 53.9904 80.543 121.257 52.1576 198.3108 74.7124 92.6988 98.233 74.4272 71.2356 0.0 42.4059 70.1949 89.5974 103.6231 72.1752 13.8773 1111.0156 557.3412 557.3412 199.8275 63.0523 248.0907 183.3607 163.5211 237.7989 929.6881 184.8715 115.0885 277.5618 115.4935 201.6098 145.7385 260.4492 939.3724;
