function loadprofile = ex_load_profilesh1
%EX_LOAD_PROFILE  Example load profile data file for stochastic unit commitment.
% 2022.03.12
% Andres F. Ramirez

%% define constants
[CT_LABEL, CT_PROB, CT_TABLE, CT_TBUS, CT_TGEN, CT_TBRCH, CT_TAREABUS, ...
    CT_TAREAGEN, CT_TAREABRCH, CT_ROW, CT_COL, CT_CHGTYPE, CT_REP, ...
    CT_REL, CT_ADD, CT_NEWVAL, CT_TLOAD, CT_TAREALOAD, CT_LOAD_ALL_PQ, ...
    CT_LOAD_FIX_PQ, CT_LOAD_DIS_PQ, CT_LOAD_ALL_P, CT_LOAD_FIX_P, ...
    CT_LOAD_DIS_P, CT_TGENCOST, CT_TAREAGENCOST, CT_MODCOST_F, ...
    CT_MODCOST_X] = idx_ct;

loadprofile = struct( ...
    'type', 'mpcData', ...
    'table', CT_TAREALOAD, ...
    'rows', [1:11], ...
    'col', CT_LOAD_ALL_P, ...
    'chgtype', 1, ...
    'values', [] );
loadprofile.values(:,1,:) = [
	1425.1868 883.0 1499.6 555.5816 696.405 1092.0907 789.1 265.002 532.6569 4395.9852 1645.9149;
	1444.5467 877.2485 1485.5771 542.7146 669.6646 1094.4959 796.5 247.0155 519.3207 4363.5009 1633.8;
	1474.0196 904.3086 1513.2 554.0399 688.8569 1115.4363 792.3 254.1076 511.7408 4324.8496 1640.1508;
	1499.1472 949.5058 1585.4 552.0708 758.0232 1176.0991 836.8 279.8181 555.7818 4606.9747 1774.437;
	1642.945 1079.8938 1786.2857 583.5 897.7 1334.8 962.1282 305.2833 631.2502 5064.4802 1988.821;
	1778.3436 1165.8 1900.3 612.0728 985.1434 1415.9018 1018.573 326.2208 686.0566 5550.7461 2104.8;
	1848.9352 1187.6 1941.7879 607.4 1007.2712 1432.9049 1050.8072 337.6314 701.9761 5943.945 2218.7801;
	1833.3406 1193.7877 1938.9285 612.7139 1010.573 1485.8743 1083.6166 343.6682 726.9 6402.0926 2273.6963;
	1823.2791 1200.6679 1961.4269 601.4419 1010.2368 1479.3 1095.3971 339.736 746.4061 6464.2386 2275.5525;
	1785.036 1181.556 1948.3456 602.6342 1003.46 1466.7679 1047.6195 318.9483 727.3184 6235.9709 2150.0739;
	1791.3368 1172.2376 1920.3 600.524 987.2587 1405.2518 1054.4672 336.2694 727.2397 6287.5131 2237.1081;
	1785.3647 1143.8 1909.7 600.2551 998.5581 1383.3083 1047.3412 354.1064 738.5 6353.6765 2284.2861;
	1763.9739 1126.6715 1864.3647 640.4934 995.7749 1379.674 1040.435 345.8774 720.8635 6324.2408 2239.5858;
	1769.8876 1121.3 1831.9146 619.1978 953.0619 1372.1 1013.0598 325.3438 696.9398 6139.7879 2187.4654;
	1725.0499 1131.405 1835.8424 642.186 985.6647 1364.9376 1017.8247 325.609 687.7244 6203.3933 2209.9429;
	1746.8906 1130.8 1835.5277 631.7658 977.1926 1318.1 1010.9707 335.3661 717.0662 6145.27 2280.7952;
	1716.9485 1143.289 1830.1567 654.7306 991.8995 1334.2467 1031.7452 312.5964 680.5577 5864.5686 2272.5756;
	1756.8 1175.7511 1889.3284 668.4384 1027.7 1375.6908 1055.3598 340.6167 688.9519 5827.3892 2367.4;
	1748.4178 1178.0479 1830.9 621.3034 993.3909 1343.5133 1054.8973 333.5156 682.9 5642.6674 2359.4919;
	1695.2572 1114.1248 1759.3156 605.4043 964.5705 1296.7905 1017.3644 333.2756 670.6888 5472.8873 2242.2;
	1636.7663 1059.8927 1687.3823 575.8451 911.5 1230.9437 971.1157 309.9 632.9953 5233.3256 2102.9887;
	1573.5533 982.9198 1601.8124 559.5 841.3938 1189.1302 913.6142 283.8065 571.5859 4929.1974 1961.4618;
	1548.4023 944.0 1582.7952 578.4582 777.7955 1177.1193 893.374 245.6 539.3 4820.4962 1892.7751;
	1541.1124 938.5 1603.9335 580.1939 736.4733 1156.2747 870.6442 248.955 534.3171 4661.7413 1885.7873;
];
