function solarprofile = ex_solar_profilesh1
%EX_WIND_PROFILE_D  Example wind_load_nyiso profile data for deterministic unit commitment.
% 2022.03.12
% Andres F. Ramirez


%% define constants
[GEN_BUS, PG, QG, QMAX, QMIN, VG, MBASE, GEN_STATUS, PMAX, PMIN, ...
    MU_PMAX, MU_PMIN, MU_QMAX, MU_QMIN, PC1, PC2, QC1MIN, QC1MAX, ...
    QC2MIN, QC2MAX, RAMP_AGC, RAMP_10, RAMP_30, RAMP_Q, APF] = idx_gen;
[CT_LABEL, CT_PROB, CT_TABLE, CT_TBUS, CT_TGEN, CT_TBRCH, CT_TAREABUS, ...
    CT_TAREAGEN, CT_TAREABRCH, CT_ROW, CT_COL, CT_CHGTYPE, CT_REP, ...
    CT_REL, CT_ADD, CT_NEWVAL, CT_TLOAD, CT_TAREALOAD, CT_LOAD_ALL_PQ, ...
    CT_LOAD_FIX_PQ, CT_LOAD_DIS_PQ, CT_LOAD_ALL_P, CT_LOAD_FIX_P, ...
    CT_LOAD_DIS_P, CT_TGENCOST, CT_TAREAGENCOST, CT_MODCOST_F, ...
    CT_MODCOST_X] = idx_ct;

solarprofile = struct( ...
    'type', 'mpcData', ...
    'table', CT_TGEN, ...
    'rows', [1:12], ...
    'col', PMAX, ...
    'chgtype', 1, ...
    'values', [] );
solarprofile.values(:,1,:) = [
	0.0 0.0 0.0 0.0 0.0 0.0 0.0 0.0 0.0 0.0 0.0 0.0;
	0.0 0.0 0.0 0.0 0.0 0.0 0.0 0.0 0.0 0.0 0.0 0.0;
	0.0 0.0 0.0 0.0 0.0 0.0 0.0 0.0 0.0 0.0 0.0 0.0;
	0.0 0.0 0.0 0.0 0.0 0.0 0.0 0.0 0.0 0.0 0.0 0.0;
	0.0 0.0 0.0 0.0 0.0 0.0 0.0 0.0 0.0 0.0 0.0 0.0;
	0.4279 0.3564 0.3103 0.0 0.0 0.2252 0.0281 0.6214 0.0956 0.0 0.0 0.0;
	8.0559 3.5998 4.0679 0.6563 1.4036 97.6732 12.2092 9.54 224.6787 169.4892 35.0127 306.9459;
	8.5414 5.551 5.2796 2.4931 5.4502 181.0591 22.6324 10.7103 243.8565 215.7682 80.5471 390.7575;
	10.9728 5.9394 5.3818 4.8186 7.8763 207.3731 25.9216 12.4426 224.5281 240.661 91.5578 435.8385;
	14.3959 9.8511 7.1952 10.3574 12.8492 181.6731 22.7091 11.5997 192.1845 235.9199 46.9227 427.2523;
	18.33 14.021 11.2725 11.0885 11.7688 204.1151 25.5144 10.4417 202.1264 275.7504 41.0762 499.3857;
	19.6867 15.1733 11.9763 11.2082 9.8671 231.0344 28.8793 13.3476 205.6703 295.317 33.4947 534.8209;
	10.8059 8.5474 8.6866 11.049 4.7581 300.1576 37.5197 42.3652 260.2897 200.444 36.9315 363.0054;
	6.6439 6.2331 5.5612 10.3982 5.7828 271.8946 33.9868 40.1964 263.9648 133.5143 73.5033 241.7952;
	2.8234 3.0704 2.7379 7.703 5.4058 220.0444 27.5056 25.5227 265.9664 102.4517 81.4782 185.5406;
	1.0166 1.2411 0.6692 1.4765 1.8871 175.0675 21.8834 5.5728 267.7793 31.969 12.4779 57.896;
	0.2721 0.3588 0.224 1.0542 0.7738 61.9263 7.7408 3.6743 58.4878 72.3689 5.2163 131.0606;
	0.0 0.0 0.0 0.0 0.0 0.0 0.0 0.0 0.0 0.0 0.0 0.0;
	0.0 0.0 0.0 0.0 0.0 0.0 0.0 0.0 0.0 0.0 0.0 0.0;
	0.0 0.0 0.0 0.0 0.0 0.0 0.0 0.0 0.0 0.0 0.0 0.0;
	0.0 0.0 0.0 0.0 0.0 0.0 0.0 0.0 0.0 0.0 0.0 0.0;
	0.0 0.0 0.0 0.0 0.0 0.0 0.0 0.0 0.0 0.0 0.0 0.0;
	0.0 0.0 0.0 0.0 0.0 0.0 0.0 0.0 0.0 0.0 0.0 0.0;
	0.0 0.0 0.0 0.0 0.0 0.0 0.0 0.0 0.0 0.0 0.0 0.0;
];
