function solarprofile = ex_solar_profilesh1
%EX_WIND_PROFILE_D  Example wind_load_nyiso profile data for deterministic unit commitment.
% 2022.03.12
% Andres F. Ramirez


%% define constants
[GEN_BUS, PG, QG, QMAX, QMIN, VG, MBASE, GEN_STATUS, PMAX, PMIN, ...
    MU_PMAX, MU_PMIN, MU_QMAX, MU_QMIN, PC1, PC2, QC1MIN, QC1MAX, ...
    QC2MIN, QC2MAX, RAMP_AGC, RAMP_10, RAMP_30, RAMP_Q, APF] = idx_gen;
[CT_LABEL, CT_PROB, CT_TABLE, CT_TBUS, CT_TGEN, CT_TBRCH, CT_TAREABUS, ...
    CT_TAREAGEN, CT_TAREABRCH, CT_ROW, CT_COL, CT_CHGTYPE, CT_REP, ...
    CT_REL, CT_ADD, CT_NEWVAL, CT_TLOAD, CT_TAREALOAD, CT_LOAD_ALL_PQ, ...
    CT_LOAD_FIX_PQ, CT_LOAD_DIS_PQ, CT_LOAD_ALL_P, CT_LOAD_FIX_P, ...
    CT_LOAD_DIS_P, CT_TGENCOST, CT_TAREAGENCOST, CT_MODCOST_F, ...
    CT_MODCOST_X] = idx_ct;

solarprofile = struct( ...
    'type', 'mpcData', ...
    'table', CT_TGEN, ...
    'rows', [1:12], ...
    'col', PMAX, ...
    'chgtype', 1, ...
    'values', [] );
solarprofile.values(:,1,:) = [
	0.0 0.0 0.0 0.0 0.0 0.0 0.0 0.0 0.0 0.0 0.0 0.0;
	0.0 0.0 0.0 0.0 0.0 0.0 0.0 0.0 0.0 0.0 0.0 0.0;
	0.0 0.0 0.0 0.0 0.0 0.0 0.0 0.0 0.0 0.0 0.0 0.0;
	0.0 0.0 0.0 0.0 0.0 0.0 0.0 0.0 0.0 0.0 0.0 0.0;
	0.0 0.0 0.0 0.0 0.0 0.0 0.0 0.0 0.0 0.0 0.0 0.0;
	0.4095 0.3502 0.302 0.0 0.0 2.265 0.2831 0.1431 0.0956 0.0 0.0 0.0;
	1.572 1.6312 1.745 1.5312 3.2174 87.4897 10.9362 15.6587 145.15 59.5613 27.053 107.8658;
	8.0576 4.5522 2.9215 2.8239 3.5713 171.4485 21.4311 44.608 221.4594 120.9786 59.9112 219.093;
	14.1624 7.4923 4.1792 4.6157 3.4319 273.4583 34.1823 52.8771 242.8092 170.6241 120.1658 309.0013;
	17.0647 11.8918 11.3489 10.6527 12.0996 352.026 44.0033 35.0577 255.7392 221.3482 167.5642 400.863;
	17.825 14.3641 13.5412 11.1461 11.8422 345.6346 43.2043 38.4726 260.5632 268.4315 194.3762 486.1311;
	16.8531 13.655 13.4186 11.2082 11.8839 296.9555 37.1194 40.4426 240.4625 270.3308 177.9548 489.5708;
	9.1537 6.9132 7.5678 10.3945 9.3627 215.5549 26.9444 36.7678 233.7906 111.98 92.4925 202.7965;
	8.3928 6.2976 4.8421 8.7232 9.4146 156.1553 19.5194 27.9143 221.785 91.6027 73.5969 165.893;
	6.4242 4.3136 4.3022 6.9112 9.6221 105.5207 13.1901 22.0233 209.7512 88.6472 47.2739 160.5406;
	2.4882 1.8436 1.9203 4.1542 9.043 115.8057 14.4757 20.3155 187.3774 26.4089 7.7723 47.8266;
	0.7342 0.5324 0.5222 1.4267 2.5385 54.6266 6.8283 8.8819 47.8911 25.1261 3.4458 45.5035;
	0.0 0.0 0.0 0.0 0.0 0.0 0.0 0.0 0.0 0.0 0.0 0.0;
	0.0 0.0 0.0 0.0 0.0 0.0 0.0 0.0 0.0 0.0 0.0 0.0;
	0.0 0.0 0.0 0.0 0.0 0.0 0.0 0.0 0.0 0.0 0.0 0.0;
	0.0 0.0 0.0 0.0 0.0 0.0 0.0 0.0 0.0 0.0 0.0 0.0;
	0.0 0.0 0.0 0.0 0.0 0.0 0.0 0.0 0.0 0.0 0.0 0.0;
	0.0 0.0 0.0 0.0 0.0 0.0 0.0 0.0 0.0 0.0 0.0 0.0;
	0.0 0.0 0.0 0.0 0.0 0.0 0.0 0.0 0.0 0.0 0.0 0.0;
];
