function windprofile = ex_wind_profilesh1
%EX_WIND_PROFILE_D  Example wind_load_nyiso profile data for deterministic unit commitment.
% 2022.03.12
% Andres F. Ramirez


%% define constants
[GEN_BUS, PG, QG, QMAX, QMIN, VG, MBASE, GEN_STATUS, PMAX, PMIN, ...
    MU_PMAX, MU_PMIN, MU_QMAX, MU_QMIN, PC1, PC2, QC1MIN, QC1MAX, ...
    QC2MIN, QC2MAX, RAMP_AGC, RAMP_10, RAMP_30, RAMP_Q, APF] = idx_gen;
[CT_LABEL, CT_PROB, CT_TABLE, CT_TBUS, CT_TGEN, CT_TBRCH, CT_TAREABUS, ...
    CT_TAREAGEN, CT_TAREABRCH, CT_ROW, CT_COL, CT_CHGTYPE, CT_REP, ...
    CT_REL, CT_ADD, CT_NEWVAL, CT_TLOAD, CT_TAREALOAD, CT_LOAD_ALL_PQ, ...
    CT_LOAD_FIX_PQ, CT_LOAD_DIS_PQ, CT_LOAD_ALL_P, CT_LOAD_FIX_P, ...
    CT_LOAD_DIS_P, CT_TGENCOST, CT_TAREAGENCOST, CT_MODCOST_F, ...
    CT_MODCOST_X] = idx_ct;

windprofile = struct( ...
    'type', 'mpcData', ...
    'table', CT_TGEN, ...
    'rows', [1:45], ...
    'col', PMAX, ...
    'chgtype', 1, ...
    'values', [] );
windprofile.values(:,1,:) = [
	3.8697 52.2881 95.0731 117.8228 14.907 33.9575 31.8869 17.7021 10.7843 9.3623 17.306 25.8172 38.8677 50.395 196.2887 73.9506 91.7536 97.2314 90.0985 67.1543 10.629 79.2342 0.0 85.3993 101.4452 73.5759 13.6333 1270.6287 787.8654 787.8654 759.324 112.3884 300.3284 172.8555 157.995 336.1559 1141.8123 263.0466 439.3335 271.7282 120.9006 376.7022 214.5017 286.6435 1153.7062;
	3.7594 50.7982 94.6892 115.2834 14.5359 33.5468 32.5138 17.7046 11.8182 2.0974 3.8771 5.7838 8.7075 55.4977 187.0836 70.4826 87.4507 92.6716 88.0791 69.5998 10.8379 78.2758 0.6446 82.5426 99.2596 71.9705 13.4341 1248.3972 800.9465 800.9465 782.9072 113.3007 293.5971 179.1501 173.9929 341.7372 1218.2274 272.8453 448.5052 265.874 122.4129 372.1455 207.7239 285.3048 1230.9173;
	3.7157 50.2069 94.0879 113.6538 14.6853 32.9444 33.3431 18.2335 23.3888 11.8328 21.8728 32.6299 49.1241 56.9408 167.7711 63.2068 78.4233 83.1052 89.1261 69.2276 11.1144 76.8703 0.0 84.8407 102.489 73.1548 13.5793 1243.7683 827.8137 827.8137 803.1383 115.1993 297.087 178.1921 178.5171 353.2005 1271.5427 307.5263 451.2655 274.5241 122.1412 365.4632 207.4002 279.2724 1284.788;
	3.6126 48.8138 93.7756 116.8386 14.5161 33.2616 32.2607 18.2248 28.2441 27.8746 51.5257 76.8663 115.7217 63.4846 191.2867 72.0662 89.4154 94.7536 87.7421 66.4437 10.7536 77.6104 0.0 85.0764 102.2034 71.8238 13.3658 1243.2722 830.594 830.594 811.7229 112.9361 292.4738 171.0262 199.0327 354.3868 1219.1881 327.7721 462.0469 273.7591 122.2202 368.9821 178.2173 273.6481 1231.8879;
	3.1606 42.707 94.7426 118.1282 14.3991 29.6936 31.5622 18.1049 27.9774 29.1829 53.9442 80.4741 121.1533 64.5288 194.1377 73.1403 90.7481 96.1659 89.1646 66.9679 10.5207 69.285 70.0165 83.7288 104.5244 70.7175 13.2579 1266.5731 834.5236 834.5236 802.9545 110.073 297.2154 172.3756 202.3065 356.0634 1177.4451 337.1364 465.986 279.9761 120.5589 329.4006 183.5073 275.2458 1189.7102;
	3.6326 49.0844 92.1047 115.5716 14.035 32.0227 19.1356 17.9015 26.324 29.3115 54.1819 80.8288 121.6873 53.7105 197.2626 74.3175 92.2088 97.7138 64.0993 68.0602 6.3785 74.7195 69.1122 83.6482 102.3608 70.4762 13.2799 1220.831 819.0865 819.0865 790.7286 114.1573 213.6644 175.1872 168.3896 349.4769 1226.9799 337.0384 456.0113 274.1806 120.1952 355.238 158.0048 263.4912 1239.7609;
	3.6347 49.1123 92.5565 117.8928 14.0209 32.2651 14.2128 17.9723 25.9859 28.8299 53.2917 79.5007 119.6879 67.1525 195.2568 73.5618 91.2712 96.7202 89.5222 71.8335 4.7376 75.2853 71.9134 85.4402 103.5543 69.4957 13.7489 1294.1519 813.3984 813.3984 778.0528 113.651 298.4073 184.8995 210.5322 347.05 1246.0507 345.1619 433.3696 277.3776 122.748 357.9278 172.0191 271.6898 1259.0304;
	3.7211 50.2807 92.6063 118.1917 13.949 32.2652 4.9802 17.9481 4.8103 28.1196 51.9786 77.5419 116.7389 47.0223 198.1493 74.6516 92.6233 98.153 89.6684 70.3416 1.6601 75.2855 68.7409 84.268 100.8574 70.727 13.5784 1291.7192 801.0512 801.0512 757.0991 114.2759 298.8945 181.0595 147.4213 341.7818 1266.4363 331.4207 168.3136 270.1538 121.0951 357.9286 198.6937 269.6724 1279.6283;
	3.6327 49.0851 90.3957 116.4674 13.9288 30.5556 4.2433 17.4785 6.4686 27.7678 51.3283 76.5717 115.2783 27.0329 203.1836 76.5482 94.9765 100.6468 89.7195 72.6082 1.4144 71.2964 68.5415 83.5832 97.0524 69.4539 13.4021 1197.4307 684.1014 684.1014 733.6899 114.0924 299.0649 186.8936 84.7518 291.8833 1066.2958 307.1383 25.3753 259.9618 123.1573 338.9637 181.8315 261.019 1077.403;
	3.5808 48.3839 93.282 119.6524 12.214 27.5382 5.6777 18.3174 5.187 24.0373 44.4325 66.2846 99.791 18.1727 194.9689 73.4534 91.1366 96.5776 91.3196 72.2892 1.8926 64.2557 26.5905 86.0625 100.7964 71.5891 13.4555 963.3695 581.2549 581.2549 564.8246 115.3659 304.3986 186.0726 56.9738 248.0021 842.8408 260.7642 33.0316 269.9904 122.8242 305.4901 157.2918 266.2012 851.6204;
	3.2433 43.8246 91.6944 115.7575 14.1445 23.916 7.0763 17.9648 2.9504 26.8361 49.6062 74.0027 111.4107 1.3118 197.3547 74.3522 92.2518 97.7594 82.7611 72.4672 2.3588 55.8039 69.2803 86.9644 101.2789 70.2004 13.3422 836.5031 657.444 657.444 535.1266 115.717 275.8704 186.5308 4.1126 280.5095 802.5665 220.1072 24.2414 271.2828 121.5975 265.3077 141.4213 260.0886 810.9266;
	3.2499 43.913 91.7123 117.8572 14.2311 18.8207 0.3875 18.0235 0.3422 24.3212 44.9573 67.0675 100.9697 2.8551 202.3197 76.2228 94.5727 100.2188 39.9432 73.1191 0.1292 43.915 66.9606 86.3327 100.4208 71.6507 13.2654 635.0702 699.8418 699.8418 526.337 116.3234 133.1441 188.2087 8.951 298.5992 848.1553 229.8115 0.1048 268.9844 123.1284 208.7844 135.9256 266.6021 856.9902;
	3.7339 50.4527 91.3062 115.1452 14.2988 20.5391 0.0141 17.4701 24.5946 22.1216 40.8915 61.002 91.8382 49.3904 198.2059 74.6729 92.6498 98.1811 58.2283 72.7983 0.0047 47.9246 68.679 84.8183 101.5825 69.6778 13.4019 682.7412 667.6202 667.6202 532.5983 111.2246 194.0942 187.3829 154.8456 284.8513 629.8394 234.137 0.5724 272.0959 122.079 227.8473 144.3181 261.1967 636.4002;
	3.6976 49.9623 89.7587 113.9991 14.0487 20.6359 0.9829 17.3589 17.1833 22.6986 41.9579 62.593 94.2334 37.2405 201.6898 75.9855 94.2783 99.9068 55.3006 72.4913 0.3276 48.1505 70.4241 82.8337 97.3633 68.3395 12.9723 576.3085 676.2935 676.2935 502.1586 98.3936 184.3352 186.5929 116.754 288.5519 694.2745 249.1151 10.3998 260.7945 121.9653 228.9213 159.1718 253.647 701.5065;
	3.6384 49.1633 86.8902 115.6689 14.812 19.4019 1.2023 17.4134 2.6298 26.0244 48.1058 71.7643 108.0408 28.1549 200.69 75.6088 93.8109 99.4116 65.2673 69.956 0.4008 45.2711 71.2458 83.5353 96.6489 68.7695 13.1324 445.9757 650.5201 650.5201 454.1106 86.3132 217.5578 180.067 88.2696 277.5552 623.0276 234.0592 12.9167 258.881 117.0011 215.2318 159.5961 196.129 629.5175;
	3.4443 46.5403 89.5085 118.9848 14.5823 10.5237 14.8389 17.4346 25.0878 28.7561 53.1552 79.2971 119.3814 20.8009 193.1495 72.7679 90.2861 95.6764 62.3546 72.6989 4.9463 24.5553 73.7551 85.1176 97.5488 69.2083 13.281 515.2265 548.5387 548.5387 425.955 90.2251 207.8485 187.1271 65.2136 234.0432 558.861 228.9837 141.4534 261.2913 120.4397 116.7427 152.1275 243.4331 564.6825;
	3.4091 46.0639 89.6909 118.6374 14.3706 20.1167 5.3233 18.0361 4.2228 29.7022 54.904 81.906 123.3091 24.3213 190.55 71.7886 89.071 94.3887 64.7763 71.1926 1.7744 46.939 74.2602 85.591 103.2292 71.3721 13.4045 1141.0121 468.9574 468.9574 299.805 91.1189 215.9209 183.25 76.2504 200.0885 907.2325 234.8007 99.1215 276.5067 121.6868 223.1615 129.6839 237.5486 916.6829;
	3.3834 45.7174 93.0071 120.5845 15.1202 24.4998 7.5667 18.2733 9.5729 30.1209 55.678 83.0606 125.0473 43.8971 197.5099 74.4107 92.3244 97.8363 83.405 72.7764 2.5222 57.1663 74.1404 88.8721 103.0798 74.3988 13.8529 1336.2873 606.2028 606.2028 239.3802 69.8857 278.0166 187.3266 137.6233 258.6465 1144.189 218.755 123.0324 276.1066 123.4864 271.7849 172.8734 263.3708 1156.1076;
