function loadprofile = ex_load_profilesh1
%EX_LOAD_PROFILE  Example load profile data file for stochastic unit commitment.
% 2022.03.12
% Andres F. Ramirez

%% define constants
[CT_LABEL, CT_PROB, CT_TABLE, CT_TBUS, CT_TGEN, CT_TBRCH, CT_TAREABUS, ...
    CT_TAREAGEN, CT_TAREABRCH, CT_ROW, CT_COL, CT_CHGTYPE, CT_REP, ...
    CT_REL, CT_ADD, CT_NEWVAL, CT_TLOAD, CT_TAREALOAD, CT_LOAD_ALL_PQ, ...
    CT_LOAD_FIX_PQ, CT_LOAD_DIS_PQ, CT_LOAD_ALL_P, CT_LOAD_FIX_P, ...
    CT_LOAD_DIS_P, CT_TGENCOST, CT_TAREAGENCOST, CT_MODCOST_F, ...
    CT_MODCOST_X] = idx_ct;

loadprofile = struct( ...
    'type', 'mpcData', ...
    'table', CT_TAREALOAD, ...
    'rows', [1:11], ...
    'col', CT_LOAD_ALL_P, ...
    'chgtype', 1, ...
    'values', [] );
loadprofile.values(:,1,:) = [
	1441.903 892.0423 1528.9631 525.2067 787.1807 1093.0248 816.4 256.9711 502.2253 4405.576 1690.1483;
	1428.4 875.2947 1515.3327 521.6 783.4488 1093.0836 827.6 250.0934 507.4685 4320.741 1651.0236;
	1482.4229 900.5 1543.6796 527.0 790.4023 1109.0856 839.1208 270.0451 509.1 4363.3465 1674.6;
	1554.7093 974.9 1663.4582 549.3053 867.8475 1189.5274 883.7694 286.2346 546.0807 4554.0511 1772.908;
	1700.3233 1097.7485 1850.2674 577.0 969.73 1337.3481 992.1874 326.4421 625.3296 5080.2756 2022.6714;
	1808.4706 1197.2388 2029.6959 588.1047 1066.883 1453.0765 1076.3071 347.1437 685.5019 5604.978 2226.4;
	1838.1945 1219.3412 1990.3725 576.7621 1064.3592 1427.5956 1079.6 341.2 693.7546 5912.5096 2260.2431;
	1876.6988 1237.2377 2005.0536 576.9554 1060.2734 1436.5864 1114.765 369.4061 710.4955 6111.9554 2270.2052;
	1891.8202 1280.9118 2015.248 579.3147 1069.6329 1472.4346 1154.0958 411.4753 734.1947 6202.9956 2397.8924;
	1907.5793 1299.7784 2007.443 588.6162 1059.3155 1474.7403 1168.0485 429.9489 730.6 6258.36 2419.2234;
	1851.9968 1261.6152 1960.8324 558.7 1030.6986 1444.2446 1147.829 415.2211 737.1336 6298.4944 2381.7188;
	1881.3592 1267.7795 1971.7316 548.3544 1046.5785 1421.3684 1176.6057 417.5864 736.4016 6266.7097 2438.3928;
	1828.5125 1294.5414 1969.0992 545.9665 1009.8156 1381.4101 1133.8881 410.7409 723.9 6254.6666 2322.3359;
	1791.109 1275.5928 1953.0022 532.1914 1025.8817 1394.5434 1112.1741 411.0082 697.9584 6307.2003 2277.2956;
	1777.1787 1261.718 1936.2676 511.1173 1019.9778 1381.9124 1101.6394 398.0845 694.0978 6298.1661 2309.8606;
	1708.7627 1216.855 1893.6563 511.0956 1001.5798 1407.2977 1123.6651 404.3208 691.1689 6179.8322 2374.1868;
	1693.9684 1194.6712 1876.2608 527.0 996.8 1406.4127 1130.5774 431.9904 716.7375 6467.5456 2504.4534;
	1728.5264 1237.4095 1894.3 518.1 1023.5 1490.0521 1188.9155 443.8426 735.323 6748.6255 2680.2828;
	1748.9 1213.3414 1880.6143 521.4092 1034.4811 1439.977 1151.5589 410.7509 705.7841 6389.7106 2545.0729;
	1722.0943 1160.0841 1815.8848 528.2779 1018.6411 1394.9923 1147.6202 419.1184 687.2435 6205.0751 2466.7952;
	1662.2658 1079.4228 1727.6738 515.7 939.2877 1320.1956 1060.8461 384.5456 643.909 5827.4733 2221.8724;
	1569.3068 999.8568 1615.0 504.7376 875.5092 1236.5024 976.1201 360.9559 613.9947 5451.307 2114.6649;
	1536.8424 969.3116 1641.3836 536.2107 850.5677 1215.0275 929.5158 299.2167 575.5802 4882.9862 1962.0017;
	1483.8148 923.5618 1528.3551 542.1 805.6625 1144.4059 859.0886 278.3042 526.9 4575.3275 1756.8056;
];
