function solarprofile = ex_solar_profilesh1
%EX_WIND_PROFILE_D  Example wind_load_nyiso profile data for deterministic unit commitment.
% 2022.03.12
% Andres F. Ramirez


%% define constants
[GEN_BUS, PG, QG, QMAX, QMIN, VG, MBASE, GEN_STATUS, PMAX, PMIN, ...
    MU_PMAX, MU_PMIN, MU_QMAX, MU_QMIN, PC1, PC2, QC1MIN, QC1MAX, ...
    QC2MIN, QC2MAX, RAMP_AGC, RAMP_10, RAMP_30, RAMP_Q, APF] = idx_gen;
[CT_LABEL, CT_PROB, CT_TABLE, CT_TBUS, CT_TGEN, CT_TBRCH, CT_TAREABUS, ...
    CT_TAREAGEN, CT_TAREABRCH, CT_ROW, CT_COL, CT_CHGTYPE, CT_REP, ...
    CT_REL, CT_ADD, CT_NEWVAL, CT_TLOAD, CT_TAREALOAD, CT_LOAD_ALL_PQ, ...
    CT_LOAD_FIX_PQ, CT_LOAD_DIS_PQ, CT_LOAD_ALL_P, CT_LOAD_FIX_P, ...
    CT_LOAD_DIS_P, CT_TGENCOST, CT_TAREAGENCOST, CT_MODCOST_F, ...
    CT_MODCOST_X] = idx_ct;

solarprofile = struct( ...
    'type', 'mpcData', ...
    'table', CT_TGEN, ...
    'rows', [1:12], ...
    'col', PMAX, ...
    'chgtype', 1, ...
    'values', [] );
solarprofile.values(:,1,:) = [
	0.0 0.0 0.0 0.0 0.0 0.0 0.0 0.0 0.0 0.0 0.0 0.0;
	0.0 0.0 0.0 0.0 0.0 0.0 0.0 0.0 0.0 0.0 0.0 0.0;
	0.0 0.0 0.0 0.0 0.0 0.0 0.0 0.0 0.0 0.0 0.0 0.0;
	0.0 0.0 0.0 0.0 0.0 0.0 0.0 0.0 0.0 0.0 0.0 0.0;
	0.0 0.0 0.0 0.0 0.0 0.0 0.0 0.0 0.0 0.0 0.0 0.0;
	0.4252 0.3585 0.3103 0.0 0.0 1.7229 0.2154 0.5554 0.6097 0.0 0.0 0.0;
	4.0292 2.992 2.6066 1.109 0.3421 150.0161 18.752 28.8611 70.269 15.4525 18.4237 27.9847;
	9.4103 7.1577 5.7051 4.3837 2.9662 175.2412 21.9052 38.7804 126.6587 76.2995 63.6071 138.1788;
	16.2099 12.2749 9.4798 7.4295 4.7029 195.9592 24.4949 42.9388 161.3271 202.549 118.9157 366.8175;
	16.8296 12.5788 13.1392 10.8061 11.2279 278.1749 34.7719 46.8172 164.439 262.2434 141.2439 474.9244;
	17.7042 14.9769 13.6563 11.1451 5.7903 298.9319 37.3665 55.3934 159.1208 209.9026 159.7683 380.1349;
	16.6979 14.9646 12.8121 10.985 2.9151 333.7558 41.7195 57.678 159.255 91.6642 151.0627 166.0044;
	8.0687 8.3536 5.5774 6.2272 1.7933 446.4082 55.801 56.564 235.2295 58.4933 61.6887 105.9318;
	5.8493 5.7222 2.6527 5.5949 1.9852 461.2583 57.6573 43.5803 234.2544 104.9679 73.5683 190.0975;
	2.9445 2.0337 1.9441 3.8916 1.9839 433.5976 54.1997 31.0272 210.1826 95.5547 62.881 173.0501;
	1.2191 0.4676 1.0475 2.7711 1.6076 295.6168 36.9521 18.3894 149.5362 10.5691 8.823 19.1408;
	0.3117 0.26 0.2452 1.2259 1.4367 64.6988 8.0874 7.2018 43.7266 0.0 4.035 0.0;
	0.0 0.0 0.0 0.0 0.0 0.0 0.0 0.0 0.0 0.0 0.0 0.0;
	0.0 0.0 0.0 0.0 0.0 0.0 0.0 0.0 0.0 0.0 0.0 0.0;
	0.0 0.0 0.0 0.0 0.0 0.0 0.0 0.0 0.0 0.0 0.0 0.0;
	0.0 0.0 0.0 0.0 0.0 0.0 0.0 0.0 0.0 0.0 0.0 0.0;
	0.0 0.0 0.0 0.0 0.0 0.0 0.0 0.0 0.0 0.0 0.0 0.0;
	0.0 0.0 0.0 0.0 0.0 0.0 0.0 0.0 0.0 0.0 0.0 0.0;
	0.0 0.0 0.0 0.0 0.0 0.0 0.0 0.0 0.0 0.0 0.0 0.0;
];
