function solarprofile = ex_solar_profilesh1
%EX_WIND_PROFILE_D  Example wind_load_nyiso profile data for deterministic unit commitment.
% 2022.03.12
% Andres F. Ramirez


%% define constants
[GEN_BUS, PG, QG, QMAX, QMIN, VG, MBASE, GEN_STATUS, PMAX, PMIN, ...
    MU_PMAX, MU_PMIN, MU_QMAX, MU_QMIN, PC1, PC2, QC1MIN, QC1MAX, ...
    QC2MIN, QC2MAX, RAMP_AGC, RAMP_10, RAMP_30, RAMP_Q, APF] = idx_gen;
[CT_LABEL, CT_PROB, CT_TABLE, CT_TBUS, CT_TGEN, CT_TBRCH, CT_TAREABUS, ...
    CT_TAREAGEN, CT_TAREABRCH, CT_ROW, CT_COL, CT_CHGTYPE, CT_REP, ...
    CT_REL, CT_ADD, CT_NEWVAL, CT_TLOAD, CT_TAREALOAD, CT_LOAD_ALL_PQ, ...
    CT_LOAD_FIX_PQ, CT_LOAD_DIS_PQ, CT_LOAD_ALL_P, CT_LOAD_FIX_P, ...
    CT_LOAD_DIS_P, CT_TGENCOST, CT_TAREAGENCOST, CT_MODCOST_F, ...
    CT_MODCOST_X] = idx_ct;

solarprofile = struct( ...
    'type', 'mpcData', ...
    'table', CT_TGEN, ...
    'rows', [1:12], ...
    'col', PMAX, ...
    'chgtype', 1, ...
    'values', [] );
solarprofile.values(:,1,:) = [
	0.0 0.0 0.0 0.0 0.0 0.0 0.0 0.0 0.0 0.0 0.0 0.0;
	0.0 0.0 0.0 0.0 0.0 0.0 0.0 0.0 0.0 0.0 0.0 0.0;
	0.0 0.0 0.0 0.0 0.0 0.0 0.0 0.0 0.0 0.0 0.0 0.0;
	0.0 0.0 0.0 0.0 0.0 0.0 0.0 0.0 0.0 0.0 0.0 0.0;
	0.0 0.0 0.0 0.0 0.0 0.0 0.0 0.0 0.0 0.0 0.0 0.0;
	0.4362 0.3564 0.3203 0.0 0.0 0.1765 0.0221 0.1431 0.0956 0.0 0.0 0.0;
	4.4165 3.0382 2.5448 3.1163 1.9111 214.6758 26.8345 44.2299 132.7156 117.2953 85.3996 212.4226;
	7.3254 4.9358 4.9799 6.8454 1.5562 159.7612 19.9702 55.3132 110.7337 213.7727 168.3715 387.1436;
	9.5055 6.7367 7.1222 8.2935 1.0935 157.8127 19.7266 54.2672 92.4374 226.9251 153.7258 410.9627;
	15.2698 12.576 13.1346 10.7696 7.8165 161.8968 20.2371 33.3342 82.7481 127.5318 118.6597 230.9609;
	21.6728 16.5811 14.0624 10.9592 7.0211 198.2719 24.784 36.6406 115.8301 107.2997 126.8245 194.3204;
	23.6316 17.1652 14.0786 10.725 7.7589 141.4361 17.6795 29.5293 84.7515 96.0806 100.9599 174.0025;
	18.3464 14.2432 12.2253 10.5665 6.6673 37.9443 4.743 11.8219 46.8886 90.9957 44.7599 164.7938;
	10.1443 8.4183 9.4463 10.1553 7.2865 22.0902 2.7613 9.3487 45.1285 111.7732 53.7867 202.422;
	6.8045 6.4096 6.5382 7.9899 6.7725 31.9312 3.9914 11.4668 63.6631 114.1979 45.4266 206.813;
	2.2091 2.5174 2.4424 3.5343 2.1594 91.7429 11.4679 25.2441 148.726 21.4863 9.2232 38.9118;
	0.6726 0.7133 0.5434 1.0911 1.1568 51.4258 6.4282 7.0842 42.3088 4.8553 3.6256 8.793;
	0.0 0.0 0.0 0.0 0.0 0.0 0.0 0.0 0.0 0.0 0.0 0.0;
	0.0 0.0 0.0 0.0 0.0 0.0 0.0 0.0 0.0 0.0 0.0 0.0;
	0.0 0.0 0.0 0.0 0.0 0.0 0.0 0.0 0.0 0.0 0.0 0.0;
	0.0 0.0 0.0 0.0 0.0 0.0 0.0 0.0 0.0 0.0 0.0 0.0;
	0.0 0.0 0.0 0.0 0.0 0.0 0.0 0.0 0.0 0.0 0.0 0.0;
	0.0 0.0 0.0 0.0 0.0 0.0 0.0 0.0 0.0 0.0 0.0 0.0;
	0.0 0.0 0.0 0.0 0.0 0.0 0.0 0.0 0.0 0.0 0.0 0.0;
];
