function solarprofile = ex_solar_profilesh1
%EX_WIND_PROFILE_D  Example wind_load_nyiso profile data for deterministic unit commitment.
% 2022.03.12
% Andres F. Ramirez


%% define constants
[GEN_BUS, PG, QG, QMAX, QMIN, VG, MBASE, GEN_STATUS, PMAX, PMIN, ...
    MU_PMAX, MU_PMIN, MU_QMAX, MU_QMIN, PC1, PC2, QC1MIN, QC1MAX, ...
    QC2MIN, QC2MAX, RAMP_AGC, RAMP_10, RAMP_30, RAMP_Q, APF] = idx_gen;
[CT_LABEL, CT_PROB, CT_TABLE, CT_TBUS, CT_TGEN, CT_TBRCH, CT_TAREABUS, ...
    CT_TAREAGEN, CT_TAREABRCH, CT_ROW, CT_COL, CT_CHGTYPE, CT_REP, ...
    CT_REL, CT_ADD, CT_NEWVAL, CT_TLOAD, CT_TAREALOAD, CT_LOAD_ALL_PQ, ...
    CT_LOAD_FIX_PQ, CT_LOAD_DIS_PQ, CT_LOAD_ALL_P, CT_LOAD_FIX_P, ...
    CT_LOAD_DIS_P, CT_TGENCOST, CT_TAREAGENCOST, CT_MODCOST_F, ...
    CT_MODCOST_X] = idx_ct;

solarprofile = struct( ...
    'type', 'mpcData', ...
    'table', CT_TGEN, ...
    'rows', [1:12], ...
    'col', PMAX, ...
    'chgtype', 1, ...
    'values', [] );
solarprofile.values(:,1,:) = [
	0.0 0.0 0.0 0.0 0.0 0.0 0.0 0.0 0.0 0.0 0.0 0.0;
	0.0 0.0 0.0 0.0 0.0 0.0 0.0 0.0 0.0 0.0 0.0 0.0;
	0.0 0.0 0.0 0.0 0.0 0.0 0.0 0.0 0.0 0.0 0.0 0.0;
	0.0 0.0 0.0 0.0 0.0 0.0 0.0 0.0 0.0 0.0 0.0 0.0;
	0.0 0.0 0.0 0.0 0.0 0.0 0.0 0.0 0.0 0.0 0.0 0.0;
	0.4174 0.3481 0.302 0.0 0.0 1.2899 0.1612 0.5097 0.8838 0.0 0.0 0.0;
	0.2595 0.7058 0.6896 1.256 0.3027 19.6003 2.45 6.467 58.7686 50.2858 17.9555 91.0679;
	1.8011 0.6758 1.134 4.3406 2.1747 111.7317 13.9665 19.711 192.6289 92.065 72.6087 166.7302;
	4.9629 1.8488 2.0802 7.2777 3.4366 179.0195 22.3774 26.5834 243.6675 134.626 113.346 243.8085;
	12.154 6.8164 7.3061 11.3074 11.1812 97.7093 12.2137 11.6032 188.556 151.642 31.3841 274.6245;
	11.361 9.8585 11.1976 11.2386 10.0826 81.6576 10.2072 15.6335 170.5108 170.1897 32.8578 308.2147;
	9.3984 9.2357 11.4208 11.3679 10.9124 69.6965 8.7121 25.2228 159.2366 180.5529 37.2008 326.9823;
	3.331 2.6332 6.5562 11.8536 9.0205 61.5015 7.6877 33.593 203.2299 164.8878 14.4115 298.6129;
	2.9401 2.4547 3.5446 11.691 8.716 44.7126 5.5891 24.5215 188.8025 136.5818 15.3279 247.3504;
	1.827 1.9003 2.0262 9.9454 6.6009 31.5636 3.9454 17.9157 136.8397 113.979 13.4287 206.4167;
	0.6132 0.8032 0.7359 1.9947 1.4088 36.8074 4.6009 16.7119 81.7447 20.5632 3.4923 37.2401;
	0.2069 0.1875 0.2123 1.0908 1.4358 54.9294 6.8662 8.8853 46.738 14.8762 4.9882 26.9408;
	0.0 0.0 0.0 0.0 0.0 0.0 0.0 0.0 0.0 0.0 0.0 0.0;
	0.0 0.0 0.0 0.0 0.0 0.0 0.0 0.0 0.0 0.0 0.0 0.0;
	0.0 0.0 0.0 0.0 0.0 0.0 0.0 0.0 0.0 0.0 0.0 0.0;
	0.0 0.0 0.0 0.0 0.0 0.0 0.0 0.0 0.0 0.0 0.0 0.0;
	0.0 0.0 0.0 0.0 0.0 0.0 0.0 0.0 0.0 0.0 0.0 0.0;
	0.0 0.0 0.0 0.0 0.0 0.0 0.0 0.0 0.0 0.0 0.0 0.0;
	0.0 0.0 0.0 0.0 0.0 0.0 0.0 0.0 0.0 0.0 0.0 0.0;
];
