function loadprofile = ex_load_profilesh1
%EX_LOAD_PROFILE  Example load profile data file for stochastic unit commitment.
% 2022.03.12
% Andres F. Ramirez

%% define constants
[CT_LABEL, CT_PROB, CT_TABLE, CT_TBUS, CT_TGEN, CT_TBRCH, CT_TAREABUS, ...
    CT_TAREAGEN, CT_TAREABRCH, CT_ROW, CT_COL, CT_CHGTYPE, CT_REP, ...
    CT_REL, CT_ADD, CT_NEWVAL, CT_TLOAD, CT_TAREALOAD, CT_LOAD_ALL_PQ, ...
    CT_LOAD_FIX_PQ, CT_LOAD_DIS_PQ, CT_LOAD_ALL_P, CT_LOAD_FIX_P, ...
    CT_LOAD_DIS_P, CT_TGENCOST, CT_TAREAGENCOST, CT_MODCOST_F, ...
    CT_MODCOST_X] = idx_ct;

loadprofile = struct( ...
    'type', 'mpcData', ...
    'table', CT_TAREALOAD, ...
    'rows', [1:11], ...
    'col', CT_LOAD_ALL_P, ...
    'chgtype', 1, ...
    'values', [] );
loadprofile.values(:,1,:) = [
	1547.2142 927.5248 1564.9921 543.318 721.9967 1123.3082 857.7437 268.816 514.6488 4420.9253 1723.4018;
	1530.4582 918.0131 1527.9823 531.2727 710.1011 1122.6116 840.4 264.18 497.1 4324.3478 1666.0203;
	1553.5132 952.6272 1579.1627 548.2829 745.0088 1165.6635 854.1785 267.021 513.3222 4359.8425 1704.064;
	1616.0675 987.9 1641.1104 564.481 782.6022 1194.8345 898.2468 278.5088 559.3608 4609.8408 1824.5171;
	1805.3001 1131.5488 1841.9 583.4799 898.4763 1358.1 1012.6342 335.9 647.9162 5221.0778 2152.7965;
	1909.6742 1183.4781 1957.1494 568.9867 954.343 1437.2421 1062.1828 384.5364 713.6132 5659.7367 2195.0168;
	1915.0985 1177.0547 1950.1 565.6857 957.0774 1435.8216 1069.1 360.8214 726.6891 5956.9492 2246.5946;
	1939.368 1196.1326 1952.5509 556.2 929.9626 1434.9931 1084.3535 341.3794 724.4931 6116.5534 2271.3062;
	1970.8211 1199.4932 1967.0183 549.2117 943.5376 1418.4813 1100.098 343.7798 715.7236 6111.5058 2264.0225;
	1944.1819 1183.5083 1922.9325 541.6276 928.7594 1360.0298 1143.8744 354.5375 727.3439 6249.2621 2360.2351;
	1924.7541 1169.5425 1895.3537 526.1642 899.9389 1325.0672 1124.2832 364.7757 711.8 6240.9073 2408.6268;
	1898.1815 1174.7212 1876.3113 519.644 895.7764 1251.3422 1088.0502 365.858 713.2876 6192.2153 2364.7171;
	1872.7973 1170.1167 1875.0165 516.1947 886.9801 1286.1396 1093.2304 348.8831 736.5983 6183.0662 2385.2862;
	1878.0034 1145.597 1834.154 524.1917 909.4124 1246.6037 1066.7223 352.5617 683.7198 6107.8855 2330.7618;
	1906.7903 1125.425 1773.3172 540.9381 853.0719 1220.2529 1067.1195 346.6484 688.4148 6104.536 2305.6909;
	1911.76 1146.9009 1851.7316 549.8337 869.8 1280.8 1133.8636 352.6 712.912 6090.0114 2321.8831;
	1917.2457 1164.7214 1882.6864 561.2 886.8875 1291.3837 1115.8815 335.8 718.8423 6023.9001 2393.0619;
	1977.7 1195.4939 1927.3548 575.6 906.0334 1320.8599 1097.4659 343.6309 741.1546 5989.2454 2426.2875;
	2028.1005 1220.3 1908.5067 596.716 913.3938 1359.4 1123.7779 357.774 720.1324 5950.8425 2493.71;
	1934.4781 1154.2826 1852.1 586.2117 892.6 1277.3174 1081.8907 346.7484 708.7043 5989.8694 2421.5258;
	1825.7959 1075.3423 1742.6435 548.6594 827.5797 1207.1335 1033.6062 310.5299 675.3935 5630.77 2221.4611;
	1734.8262 1019.9646 1695.6827 557.0859 791.0466 1139.7105 964.727 296.6389 596.1195 5133.8585 1991.9322;
	1598.6664 947.4564 1610.3511 558.1838 739.4207 1120.7179 929.434 267.6363 543.8847 4752.183 1818.24;
	1622.279 924.8775 1592.0 545.7 722.7 1071.672 859.9407 232.4948 504.5437 4473.1764 1685.2972;
];
