function loadprofile = ex_load_profilesh1
%EX_LOAD_PROFILE  Example load profile data file for stochastic unit commitment.
% 2022.03.12
% Andres F. Ramirez

%% define constants
[CT_LABEL, CT_PROB, CT_TABLE, CT_TBUS, CT_TGEN, CT_TBRCH, CT_TAREABUS, ...
    CT_TAREAGEN, CT_TAREABRCH, CT_ROW, CT_COL, CT_CHGTYPE, CT_REP, ...
    CT_REL, CT_ADD, CT_NEWVAL, CT_TLOAD, CT_TAREALOAD, CT_LOAD_ALL_PQ, ...
    CT_LOAD_FIX_PQ, CT_LOAD_DIS_PQ, CT_LOAD_ALL_P, CT_LOAD_FIX_P, ...
    CT_LOAD_DIS_P, CT_TGENCOST, CT_TAREAGENCOST, CT_MODCOST_F, ...
    CT_MODCOST_X] = idx_ct;

loadprofile = struct( ...
    'type', 'mpcData', ...
    'table', CT_TAREALOAD, ...
    'rows', [1:11], ...
    'col', CT_LOAD_ALL_P, ...
    'chgtype', 1, ...
    'values', [] );
loadprofile.values(:,1,:) = [
	1505.864 918.8846 1517.8 545.5 726.5 1111.5 783.041 224.8 430.9566 4192.4458 1539.2727;
	1499.2355 907.8853 1486.9029 544.5566 718.6182 1102.4594 775.083 216.7208 425.0417 4031.8604 1531.9676;
	1508.2418 927.5817 1538.1859 545.8436 725.838 1103.253 778.6951 223.4 396.7882 4109.2196 1526.6063;
	1556.2 986.0885 1606.35 543.9112 773.0303 1163.7511 816.0174 241.3796 436.0604 4317.3575 1652.9779;
	1707.6823 1090.8126 1800.0386 571.4765 895.766 1316.4725 919.9815 283.5 542.5619 4934.2994 1943.2619;
	1807.8254 1164.7847 1919.9382 596.3 959.7758 1383.4 996.9352 330.4131 613.9829 5553.8313 2117.4072;
	1825.3128 1200.6842 1909.0876 584.6 992.1725 1368.9381 1011.0474 327.6862 641.9819 5842.3278 2141.6908;
	1842.0963 1199.9484 1931.8474 591.8 960.1 1373.0923 1032.0621 306.0677 674.875 6057.8265 2172.332;
	1867.7719 1219.3651 1990.1501 588.7784 995.2893 1400.7662 1064.3294 310.1624 698.1744 6070.9879 2193.2079;
	1873.498 1216.744 2027.6265 583.2737 1031.819 1452.8764 1091.5175 317.5417 712.4 6163.5626 2253.4767;
	1813.1827 1204.1563 2001.1201 573.3693 1008.2125 1420.4818 1090.2832 305.6576 708.0681 6105.7106 2216.6328;
	1783.9093 1176.2958 1934.2852 577.5 960.9959 1387.3385 1064.6963 323.5932 710.1187 6205.2804 2158.6507;
	1831.3347 1151.2367 1900.2906 588.171 949.7556 1403.6271 1098.3666 339.2321 723.6525 6175.1621 2229.9768;
	1796.9077 1148.2486 1857.4 585.0228 918.1446 1332.1 1072.6224 333.7799 717.4837 6162.798 2203.2233;
	1805.702 1137.2471 1847.26 595.9358 941.1516 1339.7266 1098.5802 351.833 739.2263 6298.4769 2320.057;
	1778.1854 1113.109 1835.8317 581.6802 928.7519 1332.4058 1086.4 335.3872 733.5643 6163.4493 2348.1562;
	1791.8124 1119.9 1869.7251 583.0823 924.4457 1324.9542 1104.776 335.0 785.4233 6203.6322 2452.0195;
	1870.7153 1189.0192 1954.7579 602.5123 983.5412 1395.0314 1118.3287 352.671 790.3514 5986.5678 2452.3831;
	1852.1653 1186.1 1959.1396 586.1929 1010.6984 1411.4588 1156.3253 363.4807 742.7069 5987.2944 2477.4095;
	1827.2693 1133.522 1894.4133 565.6718 944.31 1314.3271 1091.2211 354.8 726.4089 5686.4051 2369.2265;
	1761.4019 1067.2657 1758.9522 549.8 860.5375 1273.6313 1007.8478 324.6779 648.8571 5408.8999 2242.322;
	1635.3797 976.4723 1640.6204 532.827 795.0355 1218.5725 952.9081 290.2818 570.7652 4984.3946 1940.153;
	1624.853 931.6872 1573.0338 542.0151 771.9417 1148.1083 879.9585 275.3582 510.9023 4716.1283 1708.1506;
	1561.2134 896.4867 1512.4566 553.6839 760.8 1123.2 853.4414 264.2298 481.3477 4460.5008 1579.2013;
];
