function windprofile = ex_wind_profilesh1
%EX_WIND_PROFILE_D  Example wind_load_nyiso profile data for deterministic unit commitment.
% 2022.03.12
% Andres F. Ramirez


%% define constants
[GEN_BUS, PG, QG, QMAX, QMIN, VG, MBASE, GEN_STATUS, PMAX, PMIN, ...
    MU_PMAX, MU_PMIN, MU_QMAX, MU_QMIN, PC1, PC2, QC1MIN, QC1MAX, ...
    QC2MIN, QC2MAX, RAMP_AGC, RAMP_10, RAMP_30, RAMP_Q, APF] = idx_gen;
[CT_LABEL, CT_PROB, CT_TABLE, CT_TBUS, CT_TGEN, CT_TBRCH, CT_TAREABUS, ...
    CT_TAREAGEN, CT_TAREABRCH, CT_ROW, CT_COL, CT_CHGTYPE, CT_REP, ...
    CT_REL, CT_ADD, CT_NEWVAL, CT_TLOAD, CT_TAREALOAD, CT_LOAD_ALL_PQ, ...
    CT_LOAD_FIX_PQ, CT_LOAD_DIS_PQ, CT_LOAD_ALL_P, CT_LOAD_FIX_P, ...
    CT_LOAD_DIS_P, CT_TGENCOST, CT_TAREAGENCOST, CT_MODCOST_F, ...
    CT_MODCOST_X] = idx_ct;

windprofile = struct( ...
    'type', 'mpcData', ...
    'table', CT_TGEN, ...
    'rows', [1:45], ...
    'col', PMAX, ...
    'chgtype', 1, ...
    'values', [] );
windprofile.values(:,1,:) = [
	3.9652 53.578 94.2041 118.3847 15.0696 34.9394 32.6194 18.8474 11.2636 16.4047 30.3239 45.2373 68.1045 54.2708 200.0033 75.3501 93.4899 99.0714 92.7138 71.4395 10.8731 81.5253 24.9657 88.5367 103.1164 73.6872 13.8627 1278.4601 800.7447 800.7447 769.4673 121.7476 309.0461 183.8855 170.1462 341.6511 1123.2192 275.2633 468.1317 276.2048 119.2791 387.5948 217.6609 277.2319 1134.9194;
	3.9001 52.6994 95.2273 120.835 15.1261 35.0054 33.2661 18.8935 13.1925 14.8126 27.3809 40.8469 61.4948 64.3327 193.4873 72.8952 90.4441 95.8437 90.6919 71.1899 11.0887 81.6793 29.2314 89.57 104.6056 73.8478 13.6296 1292.5581 844.4693 844.4693 817.5765 120.573 302.3063 183.2429 201.6918 360.3069 1268.109 273.513 478.6231 280.1935 122.9043 388.3267 213.4952 277.889 1281.3184;
	3.7202 50.2686 91.8173 116.1302 14.9078 34.4523 33.9717 18.3461 23.4161 15.7075 29.0351 43.3147 65.21 62.3656 173.7631 65.4642 81.2241 86.0733 90.7347 71.1596 11.3239 80.3887 28.5321 87.502 102.4943 72.4958 13.2097 1243.1 839.5048 839.5048 808.73 122.2567 302.4489 183.165 195.5245 358.1887 1246.1792 302.6692 477.2605 274.5383 119.0566 382.1909 209.2472 258.3494 1259.1602;
	3.6207 48.9237 91.8401 117.2119 15.1079 34.4011 32.7837 18.4743 28.1547 29.2202 54.0131 80.5769 121.308 68.0878 196.3055 73.957 91.7614 97.2397 92.7536 70.1431 10.9279 80.2692 26.2446 88.7035 102.3353 73.7076 13.3992 1281.1844 838.8157 838.8157 805.3094 121.6048 309.1786 180.5484 213.4644 357.8947 1216.5252 323.8691 478.7001 274.1124 121.8816 381.6227 179.7642 254.3042 1229.1973;
	3.2841 44.3755 93.8386 119.0332 15.2815 32.56 32.1369 18.9185 28.1277 29.1808 53.9403 80.4683 121.1446 67.4977 193.2172 72.7935 90.3178 95.7099 89.8758 68.8738 10.7123 75.9734 71.358 89.9205 106.2355 73.6938 13.7531 1312.5765 819.8515 819.8515 768.7245 118.7405 299.586 177.2812 211.6143 349.8033 1189.5617 332.071 469.856 284.5593 123.9802 361.1993 177.132 266.2333 1201.9529;
	3.8523 52.0529 94.019 119.597 15.3144 34.8513 20.6273 19.0075 26.8845 30.2652 55.9448 83.4587 125.6466 57.4928 199.7826 75.2669 93.3867 98.9621 63.9581 68.4557 6.8758 81.3196 72.4592 90.0534 106.5486 72.9016 14.0387 1221.3448 813.175 813.175 765.0026 117.4163 213.1936 176.2052 180.2478 346.9547 1159.8686 319.8025 470.733 285.3981 123.9565 386.6167 165.4938 266.5345 1171.9506;
	3.796 51.2923 92.5907 117.3418 15.2417 34.845 15.3068 18.0716 26.0988 29.6671 54.8392 81.8093 123.1634 66.6821 195.8784 73.7961 91.5618 97.0281 86.9309 69.9251 5.1023 81.3049 69.0206 89.4231 105.2083 70.8496 13.7894 1207.1602 789.5017 789.5017 703.5835 116.26 289.7697 179.9874 209.0574 336.8541 1079.0217 312.7582 434.9668 281.8081 123.422 386.5468 180.3767 274.2977 1090.2615;
	3.7415 50.5564 91.751 115.0835 14.7538 34.4212 6.6327 17.8696 1.3477 29.5219 54.5708 81.4088 122.5606 46.0503 203.561 76.6904 95.1529 100.8337 90.7284 71.9752 2.2109 80.3161 70.8037 87.0359 102.7175 70.2221 13.7574 1222.1359 801.1073 801.1073 719.1484 115.0038 302.4279 185.2643 144.3739 341.8058 1145.5684 313.0547 168.2587 275.1361 121.7688 381.8457 199.5847 271.8013 1157.5014;
	3.68 49.7244 90.3857 114.9796 14.2085 32.1943 13.2054 18.0061 3.3947 29.098 53.7871 80.2398 120.8006 25.86 204.4612 77.0296 95.5737 101.2796 92.9429 71.3816 4.4018 75.1201 70.7192 87.3851 102.6382 69.475 13.7352 1154.5663 689.638 689.638 690.9014 112.9167 309.8098 183.7363 81.0747 294.2456 966.1453 290.694 32.7758 274.9238 120.6003 357.1424 185.8714 265.4033 976.2093;
	3.678 49.6985 87.0282 109.3865 14.4525 28.8944 6.7363 18.1896 1.1929 24.5973 45.4678 67.829 102.1162 18.1694 202.8476 76.4216 94.8194 100.4803 92.6865 71.5194 2.2454 67.4204 44.4313 87.2133 101.3953 70.3063 13.8775 924.1682 567.1939 567.1939 566.4317 112.5989 308.955 184.091 56.9637 242.0027 752.2165 256.2588 0.2831 271.5945 120.249 320.5357 152.6401 263.7808 760.0521;
	3.6224 48.9461 90.6034 115.1936 14.7607 25.9523 9.2299 18.2453 0.8045 27.8329 51.4487 76.7514 115.5488 0.0 205.1122 77.2748 95.878 101.6021 86.6546 71.1346 3.0766 60.5554 70.2851 88.7167 104.4463 69.9807 13.9099 699.3892 626.0178 626.0178 520.0884 112.7721 288.8487 183.1007 0.0 267.1009 674.1242 219.2133 25.7531 279.767 118.817 287.8976 148.02 263.7289 681.1464;
	3.3711 45.5505 89.5261 114.6614 14.8788 18.2599 4.5311 18.5594 0.0 27.174 50.2307 74.9343 112.8133 0.0 206.1066 77.6495 96.3428 102.0947 50.9749 71.6834 1.5104 42.6063 70.2509 88.1169 103.2813 72.7854 13.7875 550.6663 697.5969 697.5969 514.0403 114.4341 169.9163 184.5133 0.0 297.6413 771.8506 237.3928 0.2392 276.6464 122.7299 202.5626 141.7472 268.3101 779.8907;
	3.5629 48.1426 88.5137 113.8167 14.6083 20.5372 2.1818 18.9447 23.26 24.6558 45.5759 67.9902 102.3589 47.454 203.0622 76.5025 94.9198 100.5866 64.1796 71.4371 0.7273 47.9202 69.9869 84.5776 103.2505 74.6819 14.0787 628.1489 716.1278 716.1278 552.5972 110.0566 213.9321 183.8794 148.7748 305.5479 624.799 247.0859 1.3509 276.5637 120.4135 227.8264 144.0969 261.1928 631.3073;
	3.4163 46.1617 86.2411 110.9615 13.95 19.458 0.0 17.5559 10.0435 22.2162 41.0662 61.2627 92.2307 32.3535 198.7966 74.8954 92.9258 98.4736 62.0776 70.8084 0.0 45.4019 68.6991 82.1292 97.7984 70.1819 13.3431 490.3299 657.0037 657.0037 491.7866 94.9634 206.9253 182.2609 101.4325 280.3216 615.8894 249.825 0.0 261.96 117.2035 215.8536 153.9872 256.6342 622.3049;
	3.6257 48.9913 86.9859 114.8337 14.6407 20.5412 2.4694 18.1741 3.4128 24.3952 45.0941 67.2716 101.277 30.3726 193.0087 72.7149 90.2204 95.6067 73.6105 69.4547 0.8231 47.9295 67.8794 83.6643 97.9399 73.1652 13.6366 412.1098 670.2107 670.2107 479.059 90.6867 245.3684 178.7765 95.2223 285.9566 602.776 255.2659 35.3175 262.3391 115.4075 227.8703 171.6614 239.4671 609.0549;
	3.2105 43.3811 86.123 114.0732 14.26 9.7384 0.0 17.55 0.1046 27.2542 50.3789 75.1555 113.1462 24.1856 194.1145 73.1315 90.7372 96.1544 67.0689 70.3789 0.0 22.7229 69.1937 84.5616 98.7239 72.3992 13.4084 446.1514 563.0093 563.0093 441.7461 94.1748 223.563 181.1554 75.8252 240.2173 483.6597 233.1646 0.0 264.439 117.8261 108.0313 157.2092 215.537 488.6978;
	3.0648 41.4122 85.5625 111.7112 14.461 17.9483 3.6355 17.573 2.9302 28.3758 52.4523 78.2485 117.8027 35.525 195.7118 73.7333 91.4839 96.9456 69.6888 71.0567 1.2118 41.8793 71.0189 84.553 100.0597 71.822 13.0013 1050.4441 496.3739 496.3739 319.3865 95.7351 232.2959 182.9002 111.3758 211.7862 879.9986 234.8174 122.2688 268.0172 116.9249 199.1061 134.0008 221.8696 889.1653;
	3.0525 41.2462 86.4105 112.8011 14.521 20.9857 13.1813 17.9091 6.6782 29.4183 54.3793 81.1232 122.1305 59.9209 201.0709 75.7523 93.989 99.6003 82.9371 72.5143 4.3938 48.9667 70.3922 83.9093 98.6059 73.4883 13.2035 1252.911 602.971 602.971 247.2659 70.3649 276.457 186.652 187.8602 257.2676 1067.6523 215.6412 157.0938 264.1229 117.8958 232.8017 180.3279 257.908 1078.7737;
