function windprofile = ex_wind_profilesh1
%EX_WIND_PROFILE_D  Example wind_load_nyiso profile data for deterministic unit commitment.
% 2022.03.12
% Andres F. Ramirez


%% define constants
[GEN_BUS, PG, QG, QMAX, QMIN, VG, MBASE, GEN_STATUS, PMAX, PMIN, ...
    MU_PMAX, MU_PMIN, MU_QMAX, MU_QMIN, PC1, PC2, QC1MIN, QC1MAX, ...
    QC2MIN, QC2MAX, RAMP_AGC, RAMP_10, RAMP_30, RAMP_Q, APF] = idx_gen;
[CT_LABEL, CT_PROB, CT_TABLE, CT_TBUS, CT_TGEN, CT_TBRCH, CT_TAREABUS, ...
    CT_TAREAGEN, CT_TAREABRCH, CT_ROW, CT_COL, CT_CHGTYPE, CT_REP, ...
    CT_REL, CT_ADD, CT_NEWVAL, CT_TLOAD, CT_TAREALOAD, CT_LOAD_ALL_PQ, ...
    CT_LOAD_FIX_PQ, CT_LOAD_DIS_PQ, CT_LOAD_ALL_P, CT_LOAD_FIX_P, ...
    CT_LOAD_DIS_P, CT_TGENCOST, CT_TAREAGENCOST, CT_MODCOST_F, ...
    CT_MODCOST_X] = idx_ct;

windprofile = struct( ...
    'type', 'mpcData', ...
    'table', CT_TGEN, ...
    'rows', [1:45], ...
    'col', PMAX, ...
    'chgtype', 1, ...
    'values', [] );
windprofile.values(:,1,:) = [
	3.8771 52.3879 92.3194 120.0525 14.9137 32.9147 32.1326 18.8006 10.2134 15.6904 29.0035 43.2675 65.1389 58.2007 201.2596 75.8234 94.0772 99.6937 89.1705 70.3147 10.7109 76.801 23.1234 88.5736 105.8211 74.6415 13.9617 1248.7193 791.3174 791.3174 719.3213 119.2339 297.235 180.9901 182.467 337.6288 1143.3498 275.3293 474.6585 283.4494 123.6499 365.1341 201.9596 272.0149 1155.2597;
	3.9088 52.8164 92.4203 120.4549 14.8751 34.2269 32.126 18.8823 11.7649 13.6272 25.1897 37.578 56.5735 67.9645 197.2511 74.3132 92.2034 97.7081 90.3453 70.8846 10.7087 79.8627 23.4147 89.0844 105.4095 73.5282 14.0556 1227.6241 825.05 825.05 767.2326 115.1489 301.1511 182.4571 213.0778 352.0213 1233.2561 265.1357 470.1184 282.3468 123.5709 379.6903 206.6746 276.5494 1246.1026;
	3.8706 52.2999 90.987 118.5335 14.9515 33.9221 32.5088 18.9656 22.723 14.337 26.5017 39.5354 59.5203 66.9285 190.713 71.85 89.1472 94.4695 89.945 71.9404 10.8363 79.1516 18.1466 89.027 104.9684 74.7228 13.9458 1222.3656 816.1968 816.1968 758.5074 115.2022 299.8168 185.1748 209.8298 348.244 1270.5489 297.5795 471.9553 281.1652 123.3739 376.3095 207.8015 266.4699 1283.7838;
	3.7464 50.6226 90.8162 118.7604 15.0974 34.1476 31.3242 18.8842 27.7907 28.6632 52.9834 79.0408 118.9955 68.7485 201.7147 75.9949 94.2899 99.9192 87.2808 69.6676 10.4414 79.6777 0.3703 89.4403 105.2929 74.0086 14.025 1225.9999 807.753 807.753 771.2127 113.7296 290.9359 179.3246 215.536 344.6413 1221.5634 315.4653 474.3063 282.0347 123.9829 378.8106 178.674 259.1152 1234.288;
	3.3826 45.7063 93.6845 120.5751 15.013 31.9734 31.1812 18.905 26.7634 29.1803 53.9393 80.4668 121.1423 68.406 204.0054 76.8579 95.3607 101.0538 86.0364 71.4211 10.3937 74.6046 69.2124 90.1031 106.2576 74.7446 13.8997 1232.8973 805.2875 805.2875 768.2214 113.732 286.7879 183.8382 214.4619 343.5893 1164.5042 331.1907 471.9679 284.6186 124.0692 354.6917 179.8973 264.6586 1176.6344;
	3.9208 52.9791 93.2513 118.4694 14.893 34.3669 19.7977 19.1353 26.0733 29.9283 55.322 82.5296 124.2478 59.4462 203.8043 76.7821 95.2666 100.9542 61.1103 72.2795 6.5992 80.1893 70.2865 89.7731 106.4539 75.7319 14.0837 1169.4759 814.1219 814.1219 806.363 117.0435 203.7009 186.0475 186.3719 347.3587 1203.9815 331.9408 476.1229 285.1443 124.0545 381.2429 160.9267 275.793 1216.5229;
	3.9263 53.053 94.1411 119.7634 14.745 34.2276 14.2847 19.1316 26.7732 29.471 54.4767 81.2685 122.3493 69.5809 201.8147 76.0325 94.3367 99.9687 87.7126 73.2812 4.7616 79.8645 71.2307 89.8653 106.1592 75.7348 14.1026 1264.1944 808.0082 808.0082 775.1473 115.4523 292.3754 188.626 218.1454 344.7502 1223.0979 337.4083 444.8596 284.3549 123.5047 379.6986 172.1678 273.1837 1235.8385;
	3.9003 52.7017 94.2402 119.7329 15.0679 34.3142 4.4371 18.9466 24.9624 29.127 53.8409 80.32 120.9214 50.2354 202.8532 76.4237 94.8221 100.4831 89.5461 72.6342 1.479 80.0664 72.6141 88.5017 103.3945 76.0883 14.122 1262.4968 783.7998 783.7998 765.6741 114.8379 298.4869 186.9607 157.4949 334.4212 1214.8951 332.5526 196.537 276.9497 123.5655 380.6587 195.1513 276.024 1227.5503;
	3.9218 52.9925 94.498 120.4042 15.3031 33.1426 9.7595 18.8006 25.7097 28.8121 53.2587 79.4515 119.6138 29.2869 201.4386 75.8908 94.1608 99.7824 90.6475 72.2859 3.2532 77.3327 70.1124 87.5796 104.4548 75.3884 14.1193 1208.3082 691.3314 691.3314 782.4667 117.6276 302.1583 186.0641 91.8183 294.968 1059.792 321.3433 374.9464 279.7897 123.9529 367.6617 181.8389 279.2624 1070.8315;
	3.9146 52.8942 94.3117 120.1222 15.4141 33.2208 14.1576 19.0066 25.1029 25.4001 46.9516 70.0426 105.4488 25.0241 198.9796 74.9644 93.0114 98.5643 90.726 73.0053 4.7192 77.5152 52.2272 88.7722 103.6143 76.3998 14.0897 1033.3256 629.6412 629.6412 662.8688 120.266 302.42 187.9159 78.454 268.6469 858.8856 281.3032 414.5702 277.5382 123.9064 368.5294 161.2193 279.9362 867.8323;
	3.8008 51.3565 93.08 118.7258 15.3841 29.2317 16.9666 18.6773 26.5625 29.1884 53.9543 80.4892 121.1761 47.5237 197.2824 74.325 92.2181 97.7236 80.88 72.7459 5.6555 68.2072 72.9398 88.1113 100.4115 74.7925 14.0344 825.1163 676.9954 676.9954 557.6345 116.9404 269.6 187.2481 148.9931 288.8514 752.1181 224.0196 456.2743 268.9594 122.5412 324.2766 148.7225 278.2851 759.9527;
	3.5946 48.5712 91.7475 115.4671 15.3653 21.1563 18.3966 18.391 26.8744 28.2876 52.2891 78.0051 117.4362 41.3665 199.5218 75.1687 93.2649 98.8329 42.2485 72.0364 6.1322 49.3646 73.3064 85.9824 97.4352 75.0136 13.7877 596.2257 737.1302 737.1302 555.7271 117.7841 140.8283 185.4218 129.6895 314.5089 803.9054 231.7543 451.7681 260.9872 121.7761 234.6935 143.5191 276.72 812.2794;
	3.7853 51.1472 92.7222 114.5403 15.315 21.6334 11.1602 18.5929 26.9228 23.9062 44.1903 65.9233 99.2471 55.9189 198.3748 74.7365 92.7287 98.2647 57.3123 72.7653 3.7201 50.4779 73.4531 85.6721 100.5857 75.1716 14.0271 622.1291 724.6363 724.6363 553.2855 112.2417 191.0411 187.2981 175.3134 309.1782 599.4234 239.5 302.7215 269.4261 123.1237 239.9863 141.979 273.1387 605.6674;
	3.8315 51.7722 90.3768 113.4815 15.2769 20.7648 17.6026 18.9845 20.6924 23.8886 44.1577 65.8746 99.1739 43.9379 204.2053 76.9332 95.4541 101.1528 61.0691 73.2637 5.8675 48.4512 72.0151 84.1068 96.8285 75.1252 14.1029 528.2584 691.032 691.032 501.3884 99.456 203.5637 188.5809 137.7512 294.8403 660.7704 247.8443 308.7837 259.362 122.7438 230.3507 158.1285 275.0398 667.6535;
	3.8517 52.0452 90.0887 115.5451 15.3552 19.6936 13.9286 18.8401 26.1796 26.0252 48.1072 71.7665 108.0441 37.566 199.0769 75.001 93.0569 98.6125 73.542 71.7554 4.6429 45.9516 73.8704 86.1721 98.7627 74.6591 13.9228 401.3304 656.3312 656.3312 451.2733 92.4269 245.1399 184.6985 117.7745 280.0346 581.1238 247.3297 263.7637 264.5429 122.0788 218.4673 160.5453 256.7811 587.1772;
	3.6533 49.3644 89.0384 117.285 15.0981 10.0431 7.0283 18.5998 23.5042 28.0062 51.769 77.2291 116.268 27.4498 196.6873 74.1008 91.9399 97.4288 66.0749 71.4411 2.3428 23.4339 73.5308 86.1766 99.154 73.612 13.9331 358.442 525.7376 525.7376 408.0222 93.8607 220.2496 183.8897 86.0588 224.3147 461.1861 231.9544 311.7872 265.5911 123.2302 111.4115 154.7906 261.352 465.9901;
	3.5732 48.2824 92.3933 115.1745 14.5553 18.2486 2.5936 18.9707 1.9616 28.2549 52.2287 77.915 117.3006 36.267 196.3246 73.9641 91.7703 97.2491 72.6604 71.9999 0.8645 42.58 73.0966 88.0012 104.386 73.6788 13.916 920.0838 462.8049 462.8049 315.0446 92.0704 242.2015 185.3278 113.7019 197.4634 817.7381 249.926 113.0602 279.6053 123.1503 202.4373 130.0212 251.3409 826.2562;
	3.4128 46.1138 94.5812 117.5647 15.0466 22.3349 1.5381 18.9619 11.2751 29.9245 55.3149 82.519 124.2319 58.8415 197.0384 74.2331 92.104 97.6027 84.0739 72.2227 0.5127 52.1148 75.0755 89.4559 104.7119 74.7954 14.094 1146.1112 559.6768 559.6768 242.7803 71.5795 280.2463 185.9015 184.4762 238.7954 990.703 227.546 129.9926 280.4783 122.342 247.7686 169.3766 279.5044 1001.0228;
