function windprofile = ex_wind_profilesh1
%EX_WIND_PROFILE_D  Example wind_load_nyiso profile data for deterministic unit commitment.
% 2022.03.12
% Andres F. Ramirez


%% define constants
[GEN_BUS, PG, QG, QMAX, QMIN, VG, MBASE, GEN_STATUS, PMAX, PMIN, ...
    MU_PMAX, MU_PMIN, MU_QMAX, MU_QMIN, PC1, PC2, QC1MIN, QC1MAX, ...
    QC2MIN, QC2MAX, RAMP_AGC, RAMP_10, RAMP_30, RAMP_Q, APF] = idx_gen;
[CT_LABEL, CT_PROB, CT_TABLE, CT_TBUS, CT_TGEN, CT_TBRCH, CT_TAREABUS, ...
    CT_TAREAGEN, CT_TAREABRCH, CT_ROW, CT_COL, CT_CHGTYPE, CT_REP, ...
    CT_REL, CT_ADD, CT_NEWVAL, CT_TLOAD, CT_TAREALOAD, CT_LOAD_ALL_PQ, ...
    CT_LOAD_FIX_PQ, CT_LOAD_DIS_PQ, CT_LOAD_ALL_P, CT_LOAD_FIX_P, ...
    CT_LOAD_DIS_P, CT_TGENCOST, CT_TAREAGENCOST, CT_MODCOST_F, ...
    CT_MODCOST_X] = idx_ct;

windprofile = struct( ...
    'type', 'mpcData', ...
    'table', CT_TGEN, ...
    'rows', [1:45], ...
    'col', PMAX, ...
    'chgtype', 1, ...
    'values', [] );
windprofile.values(:,1,:) = [
	3.8486 52.0028 91.1097 117.559 14.7365 33.9429 30.6916 18.0623 8.282 15.9308 29.4479 43.9304 66.137 52.3675 201.1122 75.7678 94.0082 99.6207 88.178 71.6925 10.2305 79.2001 24.6324 87.1655 101.2668 73.5521 13.874 1276.7376 758.3618 758.3618 706.7678 114.4509 293.9268 184.5368 164.1791 323.5677 1139.1976 274.3022 441.7403 271.2504 123.1839 376.54 206.0334 228.697 1151.0642;
	3.8353 51.8232 89.1953 111.2623 14.4862 33.0356 30.8358 17.5405 2.6093 11.7261 21.6756 32.3357 48.6812 60.7976 192.9109 72.6781 90.1746 95.5582 85.5312 71.1078 10.2786 77.0832 25.979 83.1316 97.4058 72.8994 13.1876 1245.6078 754.8756 754.8756 750.2979 115.7763 285.104 183.0317 190.6086 322.0802 1207.4169 263.996 446.9792 260.9084 118.5487 366.4754 195.3618 251.9633 1219.9941;
	3.7199 50.2637 86.8086 109.8584 14.6731 32.9096 31.5169 17.63 22.1475 11.2265 20.7521 30.958 46.6071 57.726 174.593 65.7769 81.6121 86.4844 84.8675 70.5559 10.5056 76.789 27.2156 85.488 98.6275 72.3305 13.2179 1226.9509 745.9115 745.9115 740.1399 111.8042 282.8918 181.611 180.9788 318.2556 1225.1575 289.059 444.9122 264.1807 118.9196 365.0769 196.3631 244.4562 1237.9195;
	3.8165 51.5687 88.624 111.5417 14.9726 32.7388 30.6946 18.1553 28.0954 27.2903 50.4457 75.255 113.296 63.2696 191.5576 72.1682 89.542 94.8878 84.4813 65.8114 10.2315 76.3905 27.0203 84.0733 98.2366 72.0008 13.6259 1243.0076 771.7474 771.7474 769.5203 116.4101 281.6042 169.3988 198.3589 329.2789 1207.372 324.8031 439.7906 263.1336 121.276 363.1825 174.018 254.188 1219.9488;
	3.2172 43.4709 91.0729 114.6686 14.9826 29.1171 28.3858 18.1463 27.4531 28.921 53.46 79.7517 120.0658 62.1476 194.4371 73.253 90.888 96.3142 86.0414 67.3414 9.4619 67.94 71.1261 87.6975 102.4892 71.1248 13.7204 1299.4467 777.5056 777.5056 772.4 118.6647 286.8047 173.337 194.841 331.7357 1160.6533 329.7733 435.3435 274.5247 121.0625 323.006 171.6556 256.0623 1172.7435;
	3.5251 47.6323 91.0953 112.4593 14.5468 31.7073 15.2503 17.7385 25.5282 28.6631 52.9833 79.0406 118.9952 49.2678 194.4872 73.2719 90.9115 96.339 56.0706 67.9994 5.0834 73.9836 71.3263 86.4626 102.2663 71.2229 13.7599 1234.2219 776.2943 776.2943 741.2293 116.455 186.902 175.0305 154.4612 331.2189 1125.3967 295.7574 417.2024 273.9277 114.8616 351.7394 147.1559 255.5545 1137.1195;
	3.5799 48.372 93.1812 117.6648 14.5389 33.0653 11.6541 18.3104 25.531 28.8638 53.3543 79.5941 119.8285 64.6901 199.4342 75.1357 93.2239 98.7895 88.2622 72.8355 3.8847 77.1523 72.0304 88.8984 105.122 70.9679 13.9681 1257.664 780.8566 780.8566 739.0021 115.1832 294.2074 187.4788 202.8121 333.1655 1133.0062 312.9964 392.2973 281.5769 118.3778 366.8043 174.3898 261.3944 1144.8083;
	3.5661 48.1861 93.717 118.8095 14.8122 33.9837 0.0 18.2235 10.3983 28.0761 51.8982 77.422 116.5583 46.0934 204.1727 76.9209 95.4389 101.1367 88.9872 73.6679 0.0 79.2952 74.2104 88.8174 104.4666 71.1668 13.7975 1329.8162 784.6875 784.6875 742.8101 115.9183 296.6239 189.6213 144.509 334.8 1239.2376 325.7603 154.1499 279.8212 118.9769 376.9923 198.0758 267.6818 1252.1464;
	3.7401 50.5367 93.0045 117.0228 14.5228 32.7925 5.1611 17.4555 13.7694 28.6574 52.9727 79.0248 118.9714 28.7634 197.8622 74.5434 92.4891 98.0108 89.7418 72.1715 1.7204 76.5159 74.0534 86.6468 100.9962 66.2013 13.1358 1228.4601 727.5359 727.5359 724.5824 113.3345 299.1393 185.7695 90.1771 310.4153 1080.3043 296.3514 22.5064 270.5255 120.0727 363.7783 194.8213 266.1922 1091.5574;
	3.7299 50.3993 93.34 118.978 14.8372 32.1868 2.6248 18.3436 7.4137 25.009 46.2288 68.9643 103.8253 25.4419 193.0081 72.7147 90.2201 95.6063 88.414 73.3401 0.8749 75.1026 51.7977 89.6069 105.6584 71.401 13.0306 1046.0219 632.7402 632.7402 571.6477 107.0147 294.7134 188.7776 79.7639 269.9691 871.157 244.5785 33.5459 283.0136 121.8503 357.0593 167.6987 271.7673 880.2315;
	3.5762 48.3217 93.2428 115.2103 14.6727 27.027 8.9395 17.6012 22.5098 27.4953 50.8246 75.8203 114.1471 63.0202 195.94 73.8193 91.5906 97.0587 80.6348 73.1409 2.9798 63.0631 72.9917 88.6728 104.3748 70.1997 13.0193 900.6978 704.2431 704.2431 510.7647 104.6837 268.7828 188.2649 197.5768 300.477 819.0251 204.7918 169.8112 279.5752 118.5887 299.8199 153.3071 269.7959 827.5566;
	3.3019 44.6158 93.4093 113.1258 14.6757 19.9488 2.3053 17.9408 12.7367 26.5784 49.1297 73.2919 110.3406 56.7727 200.335 75.4751 93.645 99.2357 36.4563 72.7574 0.7684 46.5472 72.8981 88.8494 102.7877 71.711 13.085 662.7908 722.3972 722.3972 501.0987 106.4614 121.5211 187.2777 177.9901 308.2228 840.3248 198.9597 154.9774 275.3242 121.822 221.2987 146.8507 273.2733 849.0781;
	3.6603 49.4589 93.9938 111.6137 15.2499 21.132 0.9268 17.5087 26.0005 22.9319 42.3892 63.2363 95.2019 53.0557 193.0196 72.719 90.2254 95.612 51.3059 72.8606 0.3089 49.3081 69.9931 88.2891 103.7002 71.6229 13.1694 666.2998 697.4968 697.4968 495.6029 98.0644 171.0196 187.5434 166.3369 297.5986 641.1517 199.0907 39.5535 277.7684 118.8085 234.4247 149.7651 268.2269 647.8304;
	3.5584 48.0815 89.1797 107.0335 14.6045 20.449 9.7741 17.078 19.5695 22.7576 42.0671 62.7559 94.4787 41.4291 199.7637 75.2598 93.3779 98.9527 52.3225 73.3376 3.258 47.7143 70.2425 83.2873 97.9215 70.4975 12.5219 560.0452 702.4327 702.4327 478.2539 94.6279 174.4083 188.7713 129.8859 299.7046 703.2706 215.7623 123.8194 262.2896 120.6677 226.8473 159.7567 260.7522 710.5963;
	3.7617 50.8282 90.231 111.3988 15.0774 20.0635 9.6914 17.6358 13.6473 25.2432 46.6616 69.6099 104.7974 33.53 198.5662 74.8087 92.8182 98.3596 71.6198 70.833 3.2305 46.8149 69.4166 85.4852 100.6593 72.5113 12.8017 448.3868 699.8565 699.8565 455.2762 91.0203 238.7326 182.3244 105.1212 298.6054 628.4456 218.3796 125.1179 269.6231 120.9097 222.5713 176.597 241.8168 634.9919;
	3.5257 47.6402 88.8414 110.3908 14.9858 11.0659 5.004 17.5414 3.4952 26.2441 48.5118 72.3701 108.9528 28.5522 186.3117 70.1918 87.0899 92.2893 63.1573 72.0084 1.668 25.8204 64.2086 85.7631 98.7309 71.1068 12.9605 478.6115 558.9058 558.9058 406.4329 91.3388 210.5242 185.3497 89.5151 238.4665 503.5857 204.5892 146.2894 264.4578 121.1128 122.7577 167.2609 243.329 508.8314;
	3.3787 45.6531 91.0425 113.8732 14.9562 18.1793 2.2104 17.978 6.8381 27.8775 51.5312 76.8744 115.734 39.5909 192.3782 72.4774 89.9256 95.2943 66.0209 72.8816 0.7368 42.4183 68.1436 88.1713 102.4861 72.1716 13.0535 1042.2988 478.6454 478.6454 306.0811 80.0781 220.0698 187.5975 124.1227 204.2221 827.6607 216.5366 118.5402 274.5163 120.6472 201.6685 132.4893 244.3163 836.2822;
	3.2199 43.5081 92.535 117.5209 15.2206 21.9193 13.1973 18.6079 26.5528 28.9871 53.5822 79.9341 120.3404 65.392 199.8002 75.2736 93.395 98.9708 79.4554 71.259 4.3991 51.1451 69.5743 89.3038 103.3965 74.839 13.4861 1236.2466 601.05 601.05 229.8911 64.4863 264.8513 183.4208 205.0129 256.448 1040.7314 202.4318 158.5854 276.955 122.9236 243.1583 174.9008 270.6931 1051.5723;
