function solarprofile = ex_solar_profilesh1
%EX_WIND_PROFILE_D  Example wind_load_nyiso profile data for deterministic unit commitment.
% 2022.03.12
% Andres F. Ramirez


%% define constants
[GEN_BUS, PG, QG, QMAX, QMIN, VG, MBASE, GEN_STATUS, PMAX, PMIN, ...
    MU_PMAX, MU_PMIN, MU_QMAX, MU_QMIN, PC1, PC2, QC1MIN, QC1MAX, ...
    QC2MIN, QC2MAX, RAMP_AGC, RAMP_10, RAMP_30, RAMP_Q, APF] = idx_gen;
[CT_LABEL, CT_PROB, CT_TABLE, CT_TBUS, CT_TGEN, CT_TBRCH, CT_TAREABUS, ...
    CT_TAREAGEN, CT_TAREABRCH, CT_ROW, CT_COL, CT_CHGTYPE, CT_REP, ...
    CT_REL, CT_ADD, CT_NEWVAL, CT_TLOAD, CT_TAREALOAD, CT_LOAD_ALL_PQ, ...
    CT_LOAD_FIX_PQ, CT_LOAD_DIS_PQ, CT_LOAD_ALL_P, CT_LOAD_FIX_P, ...
    CT_LOAD_DIS_P, CT_TGENCOST, CT_TAREAGENCOST, CT_MODCOST_F, ...
    CT_MODCOST_X] = idx_ct;

solarprofile = struct( ...
    'type', 'mpcData', ...
    'table', CT_TGEN, ...
    'rows', [1:12], ...
    'col', PMAX, ...
    'chgtype', 1, ...
    'values', [] );
solarprofile.values(:,1,:) = [
	0.0 0.0 0.0 0.0 0.0 0.0 0.0 0.0 0.0 0.0 0.0 0.0;
	0.0 0.0 0.0 0.0 0.0 0.0 0.0 0.0 0.0 0.0 0.0 0.0;
	0.0 0.0 0.0 0.0 0.0 0.0 0.0 0.0 0.0 0.0 0.0 0.0;
	0.0 0.0 0.0 0.0 0.0 0.0 0.0 0.0 0.0 0.0 0.0 0.0;
	0.0 0.0 0.0 0.0 0.0 0.0 0.0 0.0 0.0 0.0 0.0 0.0;
	0.4095 0.3647 0.3036 0.0 0.0 0.2607 0.0326 0.2098 0.0956 0.0 0.0 0.0;
	2.2983 4.6576 1.5657 0.7526 0.9572 53.3508 6.6689 13.4008 88.5235 67.0756 24.9573 121.4744;
	4.9737 6.5729 2.3531 2.7922 1.6269 78.5635 9.8204 20.6608 183.3563 259.2261 101.6459 469.46;
	9.5295 9.8267 3.1665 4.8833 2.0534 99.7925 12.4741 24.6545 177.1414 333.9341 149.9098 604.7566;
	16.5642 15.9428 10.4556 9.4603 11.314 122.0689 15.2586 12.3903 79.4967 351.9673 181.1061 637.4148;
	17.9749 16.5244 12.065 10.4838 10.8421 180.4688 22.5586 10.4656 84.132 352.8869 237.8639 639.0802;
	16.9335 16.3276 12.1236 10.8847 10.9692 220.9884 27.6236 10.1597 102.0815 353.7243 253.6832 640.5968;
	10.649 13.1181 9.0463 10.7463 7.7316 279.1341 34.8918 15.8505 189.5913 322.8506 187.5692 584.6843;
	8.832 10.6029 6.9298 10.2088 7.8579 242.0352 30.2544 14.137 195.2331 323.6613 159.1834 586.1525;
	6.5077 7.2307 5.1228 7.9882 8.1192 188.6891 23.5861 10.286 189.5599 337.0637 138.5198 610.4243;
	1.8558 1.7166 1.714 4.1837 6.5155 176.2277 22.0285 5.5849 209.572 160.4685 27.8433 290.6095;
	0.2701 0.2311 0.2658 1.668 2.4495 68.0788 8.5099 3.8986 57.5064 13.8706 14.7648 25.1198;
	0.0 0.0 0.0 0.0 0.0 0.0 0.0 0.0 0.0 0.0 0.0 0.0;
	0.0 0.0 0.0 0.0 0.0 0.0 0.0 0.0 0.0 0.0 0.0 0.0;
	0.0 0.0 0.0 0.0 0.0 0.0 0.0 0.0 0.0 0.0 0.0 0.0;
	0.0 0.0 0.0 0.0 0.0 0.0 0.0 0.0 0.0 0.0 0.0 0.0;
	0.0 0.0 0.0 0.0 0.0 0.0 0.0 0.0 0.0 0.0 0.0 0.0;
	0.0 0.0 0.0 0.0 0.0 0.0 0.0 0.0 0.0 0.0 0.0 0.0;
	0.0 0.0 0.0 0.0 0.0 0.0 0.0 0.0 0.0 0.0 0.0 0.0;
];
