function windprofile = ex_wind_profilesh1
%EX_WIND_PROFILE_D  Example wind_load_nyiso profile data for deterministic unit commitment.
% 2022.03.12
% Andres F. Ramirez


%% define constants
[GEN_BUS, PG, QG, QMAX, QMIN, VG, MBASE, GEN_STATUS, PMAX, PMIN, ...
    MU_PMAX, MU_PMIN, MU_QMAX, MU_QMIN, PC1, PC2, QC1MIN, QC1MAX, ...
    QC2MIN, QC2MAX, RAMP_AGC, RAMP_10, RAMP_30, RAMP_Q, APF] = idx_gen;
[CT_LABEL, CT_PROB, CT_TABLE, CT_TBUS, CT_TGEN, CT_TBRCH, CT_TAREABUS, ...
    CT_TAREAGEN, CT_TAREABRCH, CT_ROW, CT_COL, CT_CHGTYPE, CT_REP, ...
    CT_REL, CT_ADD, CT_NEWVAL, CT_TLOAD, CT_TAREALOAD, CT_LOAD_ALL_PQ, ...
    CT_LOAD_FIX_PQ, CT_LOAD_DIS_PQ, CT_LOAD_ALL_P, CT_LOAD_FIX_P, ...
    CT_LOAD_DIS_P, CT_TGENCOST, CT_TAREAGENCOST, CT_MODCOST_F, ...
    CT_MODCOST_X] = idx_ct;

windprofile = struct( ...
    'type', 'mpcData', ...
    'table', CT_TGEN, ...
    'rows', [1:45], ...
    'col', PMAX, ...
    'chgtype', 1, ...
    'values', [] );
windprofile.values(:,1,:) = [
	3.8601 52.1583 90.1651 118.3798 15.2906 34.8474 32.1569 18.346 10.9426 17.1268 31.6585 47.2283 71.102 54.1625 197.8763 74.5488 92.4957 98.0178 76.8883 67.847 10.719 81.3106 22.151 86.4473 101.5856 73.4359 13.9416 1266.9965 830.7511 830.7511 766.5896 114.0331 256.2944 174.6383 169.8067 354.4538 1145.0156 258.1708 454.5346 272.1042 119.9983 386.5739 210.0478 279.1547 1156.9428;
	3.8005 51.3524 92.9603 119.9726 15.3096 34.8763 32.5435 18.6424 12.2421 14.6465 27.0739 40.3889 60.8053 63.0168 191.116 72.0018 89.3356 94.6691 73.7693 70.5397 10.8478 81.3781 27.7333 85.2212 99.6156 73.1799 13.7074 1263.2971 835.6751 835.6751 795.0662 118.583 245.8975 181.5693 197.5662 356.5547 1206.6739 259.3461 470.7034 266.8275 119.3472 386.895 214.4762 284.6656 1219.2435;
	3.6645 49.5161 90.1061 115.3431 15.2672 34.4759 33.1724 18.1043 23.6926 15.7707 29.152 43.489 65.4725 55.1895 184.305 69.4358 86.1519 91.2953 73.1435 72.0678 11.0575 80.4437 27.8053 85.1938 100.5796 71.7273 13.3641 1228.1876 826.2587 826.2587 778.2126 117.4501 243.8118 185.5026 173.0266 352.537 1185.6659 304.4296 471.6277 269.4095 118.2829 382.4521 203.9326 263.9755 1198.0166;
	3.4607 46.7613 86.2547 110.4264 14.8856 33.4489 32.0649 17.3524 27.9551 29.9034 55.2761 82.461 124.1446 65.1008 194.2594 73.1861 90.805 96.2262 77.9116 66.6744 10.6883 78.0475 24.6697 78.9725 94.7317 69.8762 12.8487 1247.9674 845.7833 845.7833 798.5752 119.3498 259.7053 171.6201 204.0997 360.8675 1219.3163 327.7386 464.1504 253.7457 113.0496 371.0603 172.8406 252.9741 1232.0175;
	3.0395 41.0701 86.8033 111.0165 15.1103 30.2047 31.5932 17.4584 27.6231 29.5339 54.5929 81.4419 122.6104 63.9098 193.5895 72.9337 90.4918 95.8943 83.2199 63.8857 10.5311 70.4777 69.1919 83.013 97.5638 67.5726 13.0393 1269.788 816.4704 816.4704 781.0055 117.9041 277.3998 164.4418 200.366 348.3607 1154.2269 332.2462 469.8898 261.3317 115.6968 335.0712 171.609 252.286 1166.2501;
	3.5535 48.016 86.4025 108.1546 14.7036 32.2909 20.1937 17.1483 26.5016 28.6479 52.9551 78.9986 118.932 56.258 199.5114 75.1648 93.26 98.8277 55.7887 67.4328 6.7312 75.3455 64.4355 82.2078 94.4542 69.3802 13.1542 1181.8855 825.075 825.075 795.5671 120.3406 185.9622 173.5721 176.3763 352.032 1169.7747 331.3433 464.6134 253.0024 112.1686 358.214 161.9173 258.7099 1181.9598;
	3.5937 48.5592 89.1163 111.9362 14.8381 33.0573 14.3188 17.4856 25.9749 29.2855 54.1338 80.757 121.5792 67.922 202.9048 76.4432 94.8462 100.5086 82.1783 69.7251 4.7729 77.1336 68.4595 85.5722 99.9549 69.9106 13.3131 1267.4336 826.6692 826.6692 761.9463 117.687 273.9276 179.4727 212.9447 352.7122 1205.0585 328.2351 434.8659 267.7364 119.3034 366.7152 176.1975 262.3764 1217.6112;
	3.6758 49.6679 91.6585 116.0981 15.1493 32.8739 9.7692 18.4583 13.674 29.1716 53.9232 80.4428 121.1062 49.2161 203.7354 76.7561 95.2344 100.9201 84.5478 69.7467 3.2564 76.7058 68.8111 86.3759 104.6033 71.313 13.7079 1232.8121 806.4735 806.4735 774.4223 119.5682 281.8259 179.5281 154.299 344.0954 1207.7739 334.9956 189.2728 280.1875 119.7401 364.6812 203.24 263.7142 1220.3549;
	3.7094 50.1227 90.4494 118.8874 15.0197 31.6418 22.5936 18.8179 26.6845 28.7649 53.1715 79.3215 119.4181 32.3009 201.5186 75.921 94.1982 99.822 89.3112 71.2713 7.5312 73.831 64.2951 87.4549 103.1752 72.2207 13.6783 1182.9958 736.711 736.711 767.1631 120.1831 297.7042 183.4524 101.2676 314.33 1068.7817 318.9841 426.9729 276.3622 121.0249 351.0135 190.4832 259.7318 1079.9149;
	3.8422 51.917 92.0991 120.3773 15.2402 30.7728 23.0609 19.0028 26.8664 25.5055 47.1465 70.3333 105.8865 27.8243 202.1259 76.1497 94.4821 100.1228 86.8016 71.9396 7.687 71.8032 41.7072 88.0694 103.0903 74.1527 13.3376 973.5022 665.9618 665.9618 656.9417 117.2688 289.3388 185.1726 87.2328 284.1437 869.0531 296.2919 453.3793 276.1348 122.5793 341.3728 165.1913 267.3335 878.1057;
	3.6142 48.8364 89.8839 116.3345 14.7667 24.4534 1.7104 18.8638 4.9403 28.8533 53.3349 79.5651 119.7849 52.5163 202.8489 76.4222 94.8201 100.481 79.061 72.1495 0.5701 57.058 69.8408 87.5922 101.294 72.7198 13.581 752.8169 697.7602 697.7602 591.738 119.6586 263.5368 185.7131 164.6456 297.711 749.0496 236.7149 146.7614 271.3233 122.2707 271.2699 146.0442 255.9897 756.8522;
	3.5138 47.4786 90.847 116.0822 15.0702 18.1947 1.1004 18.6961 7.9469 28.3821 52.4638 78.2657 117.8286 53.017 203.8505 76.7995 95.2883 100.9771 34.2513 72.4824 0.3668 42.4544 72.0477 87.4182 100.3536 73.5633 13.5537 552.9725 762.4073 762.4073 558.1764 113.636 114.171 186.5699 166.2156 325.2938 809.6149 229.4034 157.7982 268.8042 122.7182 201.8403 144.5783 265.0319 818.0484;
	3.8658 52.2359 94.0477 119.4578 15.1975 20.9654 4.4428 19.0383 26.7241 25.7724 47.64 71.0695 106.9947 52.5472 203.8594 76.8028 95.2924 100.9815 55.9579 73.0227 1.4809 48.9193 72.1809 86.8043 104.6505 73.0951 13.7421 573.7923 749.1726 749.1726 578.3288 107.6833 186.5264 187.9606 164.7427 319.647 619.3921 251.3311 248.3079 280.3139 121.3504 232.5762 155.146 272.7324 625.8441;
	3.8388 51.8709 93.3943 117.9766 14.9402 20.7957 4.2475 19.0976 19.9205 23.9051 44.1881 65.92 99.2422 39.2007 204.6372 77.0959 95.656 101.3668 53.4692 73.2222 1.4158 48.5233 74.1219 86.2896 101.977 74.715 13.9116 472.2242 723.4574 723.4574 535.2839 96.1783 178.2307 188.4742 122.8994 308.6752 682.0779 266.3256 202.6013 273.1526 120.2151 230.6938 164.0612 264.8874 689.1828;
	3.693 49.9005 89.7584 115.5111 14.6513 17.5033 0.1932 18.5767 0.7587 25.5476 47.2243 70.4494 106.0612 32.3387 201.687 75.9844 94.277 99.9054 72.931 73.4082 0.0644 40.841 72.3246 87.8069 101.8538 73.8331 13.6132 317.6174 678.4242 678.4242 476.87 86.6725 243.1032 188.9528 101.3862 289.461 578.2778 254.4846 2.0575 272.8228 116.8171 194.1699 162.8312 247.8214 584.3016;
	3.6072 48.7413 94.8271 121.0621 14.8735 10.1725 7.8916 19.175 10.5791 28.7668 53.1749 79.3265 119.4257 27.7224 203.4824 76.6608 95.1162 100.7947 67.904 73.3069 2.6305 23.7359 73.5242 90.1323 106.3694 76.2466 14.1346 404.821 571.5312 571.5312 447.1185 91.4827 226.3468 188.6921 86.9133 243.8533 499.2157 241.2275 23.1916 284.9181 123.5012 112.8474 158.9293 260.7812 504.4158;
	3.5756 48.3139 94.7807 120.9112 15.2553 18.3608 21.4311 19.1538 22.4533 29.7772 55.0427 82.1128 123.6204 39.7951 202.083 76.1336 94.4621 100.1016 68.6146 72.5153 7.1437 42.8419 74.3406 90.0601 106.5182 75.6653 14.083 1003.4636 482.315 482.315 311.4291 80.9119 228.7154 186.6546 124.7631 205.7877 894.3619 242.2495 122.383 285.3167 122.3259 203.6825 135.4655 250.4757 903.6782;
	3.1892 43.0936 94.6254 120.6773 15.0185 21.6434 18.1799 18.9309 22.0375 29.8562 55.1887 82.3307 123.9485 64.3682 195.3997 73.6157 91.338 96.791 74.6501 70.8045 6.06 50.5012 75.0037 89.6747 105.9473 73.1322 13.7878 1193.8227 555.2746 555.2746 213.8001 58.5154 248.8337 182.251 201.8029 236.9171 1056.341 207.416 125.7116 283.7874 123.5731 240.0972 169.3458 273.6833 1067.3446;
