function solarprofile = ex_solar_profilesh1
%EX_WIND_PROFILE_D  Example wind_load_nyiso profile data for deterministic unit commitment.
% 2022.03.12
% Andres F. Ramirez


%% define constants
[GEN_BUS, PG, QG, QMAX, QMIN, VG, MBASE, GEN_STATUS, PMAX, PMIN, ...
    MU_PMAX, MU_PMIN, MU_QMAX, MU_QMIN, PC1, PC2, QC1MIN, QC1MAX, ...
    QC2MIN, QC2MAX, RAMP_AGC, RAMP_10, RAMP_30, RAMP_Q, APF] = idx_gen;
[CT_LABEL, CT_PROB, CT_TABLE, CT_TBUS, CT_TGEN, CT_TBRCH, CT_TAREABUS, ...
    CT_TAREAGEN, CT_TAREABRCH, CT_ROW, CT_COL, CT_CHGTYPE, CT_REP, ...
    CT_REL, CT_ADD, CT_NEWVAL, CT_TLOAD, CT_TAREALOAD, CT_LOAD_ALL_PQ, ...
    CT_LOAD_FIX_PQ, CT_LOAD_DIS_PQ, CT_LOAD_ALL_P, CT_LOAD_FIX_P, ...
    CT_LOAD_DIS_P, CT_TGENCOST, CT_TAREAGENCOST, CT_MODCOST_F, ...
    CT_MODCOST_X] = idx_ct;

solarprofile = struct( ...
    'type', 'mpcData', ...
    'table', CT_TGEN, ...
    'rows', [1:12], ...
    'col', PMAX, ...
    'chgtype', 1, ...
    'values', [] );
solarprofile.values(:,1,:) = [
	0.0 0.0 0.0 0.0 0.0 0.0 0.0 0.0 0.0 0.0 0.0 0.0;
	0.0 0.0 0.0 0.0 0.0 0.0 0.0 0.0 0.0 0.0 0.0 0.0;
	0.0 0.0 0.0 0.0 0.0 0.0 0.0 0.0 0.0 0.0 0.0 0.0;
	0.0 0.0 0.0 0.0 0.0 0.0 0.0 0.0 0.0 0.0 0.0 0.0;
	0.0 0.0 0.0 0.0 0.0 0.0 0.0 0.0 0.0 0.0 0.0 0.0;
	0.4252 0.3604 0.3153 0.0 0.0 0.1765 0.0221 0.1431 0.0956 0.0 0.0 0.0;
	4.4104 4.2515 2.7083 1.4676 1.4578 95.8222 11.9778 33.1045 88.5281 96.511 70.0817 174.782;
	7.2632 4.8381 3.141 3.7415 2.7511 114.35 14.2938 48.0233 131.9325 129.3637 82.0277 234.2784;
	9.8023 5.6465 3.4532 5.3 3.4249 94.0746 11.7593 49.8843 126.3715 202.2305 111.2077 366.2407;
	17.5258 12.6035 10.6109 10.1914 12.5907 97.3597 12.17 27.3148 57.1414 337.7765 188.4668 611.7153;
	21.8909 16.5828 13.1668 10.4929 12.4617 158.4926 19.8116 27.713 101.8869 343.6641 214.7973 622.3778;
	23.0646 17.0369 13.4222 10.6594 12.5537 221.6615 27.7077 25.246 142.5126 327.8313 211.5886 593.7045;
	15.9496 12.9927 9.7437 10.7934 11.5244 333.2928 41.6616 23.8161 203.3395 247.5905 184.8276 448.3879;
	10.3733 7.9327 6.9307 10.377 11.7968 319.1071 39.8884 17.0965 195.1942 249.0976 197.4392 451.1172;
	7.6101 5.8646 4.9053 8.1889 11.8195 291.9122 36.489 10.2292 176.8499 279.9517 189.0512 506.9942;
	2.2298 1.7938 1.3818 4.0203 9.8675 263.69 32.9613 4.1657 164.6053 104.0888 17.0298 188.5054;
	0.558 0.2924 0.2416 1.1672 2.2333 70.0061 8.7508 3.6686 54.4843 6.7513 2.6918 12.2266;
	0.0 0.0 0.0 0.0 0.0 0.0 0.0 0.0 0.0 0.0 0.0 0.0;
	0.0 0.0 0.0 0.0 0.0 0.0 0.0 0.0 0.0 0.0 0.0 0.0;
	0.0 0.0 0.0 0.0 0.0 0.0 0.0 0.0 0.0 0.0 0.0 0.0;
	0.0 0.0 0.0 0.0 0.0 0.0 0.0 0.0 0.0 0.0 0.0 0.0;
	0.0 0.0 0.0 0.0 0.0 0.0 0.0 0.0 0.0 0.0 0.0 0.0;
	0.0 0.0 0.0 0.0 0.0 0.0 0.0 0.0 0.0 0.0 0.0 0.0;
	0.0 0.0 0.0 0.0 0.0 0.0 0.0 0.0 0.0 0.0 0.0 0.0;
];
