function windprofile = ex_wind_profilesh1
%EX_WIND_PROFILE_D  Example wind_load_nyiso profile data for deterministic unit commitment.
% 2022.03.12
% Andres F. Ramirez


%% define constants
[GEN_BUS, PG, QG, QMAX, QMIN, VG, MBASE, GEN_STATUS, PMAX, PMIN, ...
    MU_PMAX, MU_PMIN, MU_QMAX, MU_QMIN, PC1, PC2, QC1MIN, QC1MAX, ...
    QC2MIN, QC2MAX, RAMP_AGC, RAMP_10, RAMP_30, RAMP_Q, APF] = idx_gen;
[CT_LABEL, CT_PROB, CT_TABLE, CT_TBUS, CT_TGEN, CT_TBRCH, CT_TAREABUS, ...
    CT_TAREAGEN, CT_TAREABRCH, CT_ROW, CT_COL, CT_CHGTYPE, CT_REP, ...
    CT_REL, CT_ADD, CT_NEWVAL, CT_TLOAD, CT_TAREALOAD, CT_LOAD_ALL_PQ, ...
    CT_LOAD_FIX_PQ, CT_LOAD_DIS_PQ, CT_LOAD_ALL_P, CT_LOAD_FIX_P, ...
    CT_LOAD_DIS_P, CT_TGENCOST, CT_TAREAGENCOST, CT_MODCOST_F, ...
    CT_MODCOST_X] = idx_ct;

windprofile = struct( ...
    'type', 'mpcData', ...
    'table', CT_TGEN, ...
    'rows', [1:45], ...
    'col', PMAX, ...
    'chgtype', 1, ...
    'values', [] );
windprofile.values(:,1,:) = [
	3.8645 52.218 94.4959 118.5195 14.9854 33.8778 32.6977 18.0085 11.5737 19.0941 35.2951 52.6533 79.2693 53.0719 197.8405 74.5352 92.4789 98.0 85.1616 70.3834 10.8992 79.0481 28.3435 87.6853 105.2574 72.957 13.9319 1267.4342 792.9511 792.9511 707.1796 104.3049 283.8719 181.167 166.3876 338.3258 1170.823 260.6886 470.5503 281.9395 122.2717 375.8175 217.95 276.1208 1183.0191;
	3.8975 52.6634 94.4999 117.7605 14.8498 34.277 33.3095 17.8258 13.4849 14.842 27.4351 40.9278 61.6166 62.2231 188.9997 71.2045 88.3464 93.6208 85.5672 70.8886 11.1032 79.9797 29.5186 85.3666 100.0229 71.1449 13.5986 1262.8699 808.7437 808.7437 755.7115 111.8575 285.224 182.4673 195.0779 345.064 1269.9775 251.0916 472.4878 267.9185 121.0241 380.2462 216.8067 273.6433 1283.2065;
	3.7019 50.021 90.5658 111.5356 14.5095 33.3626 33.8787 17.834 25.2375 16.3772 30.2731 45.1615 67.9903 60.7796 182.3806 68.7108 85.2523 90.342 89.3991 71.6658 11.2929 77.8461 30.3158 85.0489 99.6077 71.6901 13.3675 1235.8772 827.7267 827.7267 789.8574 112.2075 297.9969 184.4679 190.5523 353.1634 1295.7526 286.4467 463.6366 266.8062 119.1553 370.1027 212.9726 252.7486 1309.25;
	3.7821 51.1039 92.786 117.2582 14.8949 33.9931 32.7746 18.2822 28.4416 30.1492 55.7303 83.1386 125.1647 67.9169 195.8835 73.798 91.5641 97.0307 90.5652 70.1941 10.9249 79.3173 30.8219 87.4798 104.249 71.3596 13.6285 1221.8017 826.8604 826.8604 790.7439 115.3012 301.8841 180.6798 212.9286 352.7938 1237.5687 293.9266 471.0641 279.2384 121.6041 377.0972 186.6482 255.8624 1250.46;
	3.0694 41.4748 91.8319 118.597 14.8297 30.7128 32.3715 17.73 28.3591 30.4445 56.2761 83.9529 126.3907 67.1552 195.5414 73.6691 91.4042 96.8612 88.3463 72.6427 10.7905 71.6633 75.6375 87.3743 103.5925 70.0255 13.3427 1231.6616 821.8633 821.8633 780.9114 112.6682 294.4877 186.9825 210.5406 350.6617 1171.6842 301.9277 471.3896 277.4798 122.6889 340.7076 181.2861 258.2898 1183.8892;
	3.7374 50.5008 92.571 116.7757 14.703 33.4541 19.2375 17.4197 25.813 30.4895 56.3594 84.0772 126.5778 55.7192 194.8476 73.4077 91.0799 96.5176 58.5388 69.7118 6.4125 78.0596 75.6501 86.9748 102.5648 69.7956 13.2627 1212.0265 795.3346 795.3346 788.449 116.0842 195.1294 179.4383 174.6873 339.3428 1194.6001 291.8383 445.7394 274.7271 122.6982 371.1177 170.9392 258.4372 1207.0439;
	3.7228 50.3031 92.9308 119.1264 14.6234 33.5218 13.5968 17.4764 24.7947 29.305 54.1698 80.8107 121.66 65.6751 190.4698 71.7584 89.0336 94.349 81.3158 70.5705 4.5323 78.2176 73.9191 88.8232 103.1335 70.5071 13.2511 1243.306 786.6736 786.6736 731.8183 110.9436 271.0526 181.6486 205.9002 335.6474 1178.3808 276.8314 388.6586 276.2504 118.2281 371.869 179.8809 267.4588 1190.6556;
	3.7457 50.6133 92.135 119.1937 14.8766 33.3264 3.8612 17.8411 3.9455 29.8744 55.2224 82.3809 124.024 46.6705 198.6638 74.8454 92.8638 98.4079 86.2519 72.0941 1.2871 77.7616 73.6347 87.4135 101.8705 71.7745 13.396 1262.4751 777.9055 777.9055 680.5618 112.5948 287.5062 185.5703 146.3185 331.9063 1200.0161 276.3579 171.7275 272.8674 117.1868 369.7011 201.6809 265.2818 1212.5162;
	3.74 50.535 91.2179 117.7658 14.3865 30.4505 1.5647 17.7905 1.2424 28.2301 52.1828 77.8465 117.1975 29.5088 193.7116 72.9797 90.5489 95.9548 82.7853 71.6857 0.5216 71.0511 69.5733 86.4849 101.0648 70.1597 13.2089 1141.5899 688.3429 688.3429 675.3761 110.7748 275.9511 184.5192 92.514 293.693 995.291 271.1983 0.0 270.7093 118.3462 337.7974 181.5055 272.1138 1005.6586;
	3.6824 49.7572 88.7852 114.7214 14.6121 29.6219 1.437 18.1096 0.6116 25.5888 47.3006 70.5632 106.2325 25.322 187.9777 70.8195 87.8687 93.1145 84.1177 71.0862 0.479 69.1178 47.3728 86.9461 100.9197 71.0498 13.1159 977.4292 629.5225 629.5225 591.7928 109.3389 280.3922 182.976 79.3879 268.5962 805.3818 250.6555 15.5856 270.3207 119.4936 328.6057 149.1216 271.0722 813.7712;
	2.4514 33.1238 88.5544 99.974 14.1468 22.9121 0.397 17.787 0.0 28.7415 53.1282 79.2568 119.3207 8.929 190.909 71.9239 89.2389 94.5666 68.8471 69.8685 0.1323 53.4616 72.5072 87.5107 98.9452 70.489 13.1464 717.7721 637.3834 637.3834 500.7471 110.8163 229.4905 179.8417 27.9935 271.9503 693.1526 193.8465 12.2605 265.0317 119.7813 254.1716 118.0383 264.0128 700.3729;
	1.2056 16.2909 86.0252 81.6395 14.2151 14.4461 0.0045 17.3572 0.0 25.517 47.1679 70.3652 105.9344 16.5243 195.1754 73.5312 91.2331 96.6799 20.6164 69.8487 0.0015 33.7075 70.1762 85.3917 97.5383 70.235 12.7173 624.0045 703.4521 703.4521 507.0435 117.5629 68.7213 179.7906 51.806 300.1396 817.6849 211.6993 1.8876 261.2633 120.3463 160.2553 112.8887 262.9157 826.2024;
	3.4356 46.4231 94.4271 113.901 14.5576 19.4233 0.003 17.8405 24.8914 24.3044 44.9263 67.0212 100.9 50.3866 192.56 72.5459 90.0106 95.3844 44.8732 71.489 0.001 45.321 72.216 88.4722 105.4766 69.8362 13.4397 600.1936 661.2297 661.2297 497.6608 112.7052 149.5775 184.0129 157.9687 282.1247 580.7788 216.905 20.8846 282.5266 122.1237 215.4689 123.4312 272.6913 586.8286;
	3.3547 45.3296 90.3389 109.6963 14.098 16.0104 0.0 17.0838 17.0263 22.9393 42.4029 63.2568 95.2327 35.2045 198.2095 74.6743 92.6514 98.1828 48.7397 72.7832 0.0 37.3576 71.7888 83.8857 97.9325 68.5985 12.892 489.3537 625.5571 625.5571 469.5282 99.7316 162.4657 187.3442 110.3708 266.9044 606.4869 228.1748 5.753 262.3192 119.619 177.6087 133.6439 263.7955 612.8045;
	3.5959 48.5881 89.7237 110.2903 14.4972 15.1242 1.8332 17.4377 0.9116 24.5766 45.4296 67.772 102.0303 29.5805 192.8173 72.6428 90.1309 95.5118 66.5051 72.5682 0.6111 35.2899 72.3967 85.1377 98.0214 71.0514 13.0132 349.6032 635.3612 635.3612 436.4041 90.5434 221.6838 186.7908 92.739 271.0874 553.4784 229.8458 62.7266 262.5574 119.1113 167.7781 149.2801 251.7595 559.2438;
	3.2334 43.6897 89.5371 109.9513 14.2397 5.6643 2.3173 17.6621 3.5318 26.7338 49.417 73.7204 110.9856 27.0335 184.7701 69.611 86.3693 91.5256 59.3476 72.0111 0.7724 13.2166 72.3184 85.7929 99.15 71.292 13.3744 407.6075 528.8424 528.8424 404.379 91.597 197.8253 185.3567 84.7537 225.6394 471.3856 202.3126 58.2803 265.5803 120.7007 62.8356 142.0337 248.2253 476.2958;
	3.123 42.1989 88.2881 110.5848 14.3081 13.7222 0.0946 18.2761 1.6727 27.3089 50.4801 75.3064 113.3734 33.1746 190.7966 71.8815 89.1863 94.5109 61.3304 72.1516 0.0315 32.0184 72.1167 86.6305 102.2356 73.9992 13.0502 1011.4996 461.307 461.307 294.3977 93.3229 204.4347 185.7183 104.0069 196.8243 813.5903 211.471 100.6174 273.8454 121.0112 152.2246 117.0886 238.6111 822.0652;
	3.208 43.347 91.5565 113.5521 15.0503 21.2208 0.514 18.1413 9.7548 29.0457 53.6905 80.0957 120.5836 57.8296 193.7503 72.9943 90.567 95.974 74.7189 73.3436 0.1713 49.5152 74.4824 87.7069 103.402 74.0456 13.2035 1189.9727 576.5786 576.5786 219.536 70.1139 249.063 188.7867 181.3035 246.0069 977.9026 191.6482 128.0729 276.9697 119.5531 235.4096 162.3357 272.1276 988.089;
