function windprofile = ex_wind_profilesh1
%EX_WIND_PROFILE_D  Example wind_load_nyiso profile data for deterministic unit commitment.
% 2022.03.12
% Andres F. Ramirez


%% define constants
[GEN_BUS, PG, QG, QMAX, QMIN, VG, MBASE, GEN_STATUS, PMAX, PMIN, ...
    MU_PMAX, MU_PMIN, MU_QMAX, MU_QMIN, PC1, PC2, QC1MIN, QC1MAX, ...
    QC2MIN, QC2MAX, RAMP_AGC, RAMP_10, RAMP_30, RAMP_Q, APF] = idx_gen;
[CT_LABEL, CT_PROB, CT_TABLE, CT_TBUS, CT_TGEN, CT_TBRCH, CT_TAREABUS, ...
    CT_TAREAGEN, CT_TAREABRCH, CT_ROW, CT_COL, CT_CHGTYPE, CT_REP, ...
    CT_REL, CT_ADD, CT_NEWVAL, CT_TLOAD, CT_TAREALOAD, CT_LOAD_ALL_PQ, ...
    CT_LOAD_FIX_PQ, CT_LOAD_DIS_PQ, CT_LOAD_ALL_P, CT_LOAD_FIX_P, ...
    CT_LOAD_DIS_P, CT_TGENCOST, CT_TAREAGENCOST, CT_MODCOST_F, ...
    CT_MODCOST_X] = idx_ct;

windprofile = struct( ...
    'type', 'mpcData', ...
    'table', CT_TGEN, ...
    'rows', [1:45], ...
    'col', PMAX, ...
    'chgtype', 1, ...
    'values', [] );
windprofile.values(:,1,:) = [
	3.9824 53.8105 93.6836 118.1428 15.1782 34.5354 32.4678 18.7765 10.2733 16.3382 30.2009 45.0538 67.8283 54.5445 196.9241 74.19 92.0506 97.5461 81.6964 65.1258 10.8226 80.5827 25.5667 89.5444 104.6842 75.511 13.9031 1299.3484 773.2319 773.2319 764.9207 117.0698 272.3214 167.634 171.0044 329.9123 1120.269 282.9688 474.2465 280.4042 122.6379 383.1131 211.1908 279.1659 1131.9385;
	3.9358 53.1817 93.4005 114.7744 15.2754 34.6203 32.9697 18.4185 11.6298 12.0911 22.3502 33.3421 50.1964 58.863 188.791 71.1259 88.2488 93.5174 73.7717 68.7134 10.9899 80.7807 25.9292 83.8224 98.1798 73.4826 13.2541 1259.3388 788.0391 788.0391 792.6069 116.2558 245.9056 176.8686 184.5435 336.23 1216.8243 264.5887 477.9676 262.9815 122.3875 384.0548 213.703 269.3474 1229.4995;
	3.8576 52.1247 89.7959 110.8859 15.0312 34.2581 33.6159 17.8312 23.817 13.5653 25.0753 37.4075 56.3167 59.1703 174.3961 65.7027 81.5201 86.3869 87.5219 70.9798 11.2053 79.9355 20.7319 83.1129 98.2121 72.0489 12.8384 1245.2722 781.7329 781.7329 783.7169 115.906 291.7397 182.7021 185.5069 333.5394 1251.4782 297.5795 478.8143 263.068 118.3441 380.036 210.4744 257.461 1264.5144;
	3.7982 51.3222 87.5085 111.196 14.7246 34.1963 32.0634 17.6107 28.0597 28.4191 52.5323 78.3678 117.9823 66.3301 199.632 75.2102 93.3164 98.8875 90.7413 68.1978 10.6878 79.7914 21.5014 83.3965 96.8818 71.6223 12.6739 1275.1993 795.8521 795.8521 791.184 118.814 302.4709 175.5413 207.9538 339.5636 1245.7736 306.3733 479.2437 259.5047 121.8061 379.3513 184.1773 243.0968 1258.7504;
	3.2439 43.8316 89.6283 114.3548 14.8917 31.6024 31.9129 17.7721 27.9782 28.3134 52.3369 78.0764 117.5436 64.3379 203.9929 76.8531 95.3548 101.0476 92.2546 72.1252 10.6376 73.7388 68.2745 85.3399 98.0937 69.5617 13.0147 1273.1819 805.1638 805.1638 782.5436 119.5736 307.5155 185.6504 201.708 343.5365 1207.3015 315.8034 479.5548 262.7511 123.1362 350.5755 181.7011 256.8962 1219.8776;
	3.7067 50.0855 91.2188 112.4096 14.4845 32.3186 19.4404 17.414 26.762 27.6366 51.0858 76.21 114.7338 50.5934 203.026 76.4889 94.9028 100.5687 62.7699 72.5084 6.4801 75.4101 66.6502 84.8225 97.3676 69.9584 13.1756 1269.492 804.3279 804.3279 758.4937 120.6248 209.2328 186.6368 158.617 343.1799 1232.3427 307.7236 479.7325 260.8061 121.7007 358.5212 158.5024 254.8986 1245.1796;
	3.8409 51.8989 91.4272 115.0064 14.6566 32.9807 13.8308 16.7642 26.9992 28.1513 52.0372 77.6293 116.8705 68.5354 200.1763 75.4153 93.5708 99.1571 88.278 73.411 4.6103 76.9549 68.5386 87.4745 98.1507 68.6882 13.0887 1290.9953 826.7895 826.7895 749.2649 116.7199 294.2599 188.96 214.8679 352.7635 1262.332 323.871 457.0392 262.9037 121.1896 365.8656 175.0749 256.864 1275.4813;
	3.7061 50.0771 90.4412 115.9362 14.3364 32.5956 7.5194 17.4057 19.7748 27.6786 51.1635 76.3259 114.9083 47.6993 201.8858 76.0593 94.3699 100.0039 89.4735 71.4777 2.5065 76.0563 67.983 85.9563 96.915 69.5585 13.4143 1262.3173 785.9052 785.9052 684.0565 112.4969 298.2451 183.9839 149.5437 335.3196 1299.2505 303.3095 217.703 259.5937 118.299 361.5934 194.2103 264.4755 1312.7844;
	3.7049 50.0614 88.787 116.2988 14.5949 29.6788 2.4446 17.3182 6.1044 28.122 51.9832 77.5487 116.7491 28.5085 197.8817 74.5508 92.4982 98.0204 90.9449 72.3277 0.8149 69.2506 68.0481 84.7479 97.4905 69.2443 13.0925 1155.3829 704.3619 704.3619 704.2511 111.8263 303.1495 186.1718 89.3781 300.5277 1102.1692 303.728 150.5323 261.1354 121.677 329.2374 169.9084 266.9735 1113.6502;
	3.7083 50.1076 88.7128 116.6894 14.8916 29.5437 0.0116 17.6755 0.5635 25.4421 47.0293 70.1585 105.6232 26.6772 196.4719 74.0197 91.8392 97.3221 89.9022 72.7482 0.0039 68.9353 39.3004 85.0785 98.7855 70.9847 12.8481 964.1872 609.1619 609.1619 591.8331 112.8722 299.6739 187.2539 83.6367 259.9091 847.3208 276.0164 50.9125 264.6039 121.2848 327.7381 151.1219 265.4374 856.1471;
	3.582 48.4011 90.1622 118.6748 14.5615 25.0491 0.0575 17.5275 7.6246 29.1132 53.8154 80.2819 120.864 51.877 202.7194 76.3733 94.7595 100.4168 85.2921 73.8437 0.0192 58.4479 70.1176 86.7381 99.1106 68.7963 13.3088 817.082 704.3628 704.3628 571.9369 110.7237 284.307 190.0738 162.6415 300.5281 815.9568 227.6717 45.5517 265.4749 122.4835 277.8781 137.5612 267.199 824.4563;
	3.4701 46.8886 93.2886 119.7084 14.5997 20.2322 2.4547 18.0396 25.7135 28.1624 52.0578 77.66 116.9166 42.1564 203.2619 76.5777 95.0131 100.6855 42.447 73.6415 0.8182 47.2086 71.7356 87.0472 101.4546 71.3342 13.6878 631.3099 760.8587 760.8587 566.4396 112.509 141.4899 189.5534 132.1659 324.6331 880.5836 238.582 134.9595 271.7534 123.5512 224.443 137.9115 274.7457 889.7563;
	3.7724 50.9727 93.2384 120.4899 15.0377 22.6436 5.5211 18.1115 27.5978 26.2424 48.5086 72.3653 108.9455 56.9894 201.3163 75.8447 94.1037 99.7218 60.241 73.5378 1.8404 52.8352 73.2124 87.6799 103.4399 71.9188 13.7393 653.3531 707.0207 707.0207 534.9249 103.4233 200.8034 189.2864 178.6694 301.6622 640.1094 237.2973 211.0644 277.0711 123.3139 251.1935 144.4111 276.5966 646.7772;
	3.569 48.2252 90.6667 117.0464 14.6008 20.6188 3.4944 17.8849 20.6931 24.1114 44.5696 66.4891 100.0989 41.0793 205.1255 77.2798 95.8843 101.6087 60.6413 73.8515 1.1648 48.1106 73.6029 85.5312 101.0878 70.6638 13.5323 518.6404 679.3034 679.3034 464.4504 81.0932 202.1375 190.0941 128.7892 289.8361 676.1277 241.6539 199.4283 270.7709 122.4157 228.7317 154.9959 268.7996 683.1707;
	3.6014 48.6628 89.6969 114.1392 14.7701 18.5349 0.3033 17.9364 15.0937 26.5688 49.112 73.2655 110.3007 37.5599 205.8088 77.5373 96.2036 101.9471 77.4961 73.5521 0.1011 43.248 73.7533 86.1666 99.4233 72.7729 13.6447 393.829 661.8317 661.8317 448.8437 83.0737 258.3204 189.3232 117.7554 282.3815 593.9547 245.4034 199.0911 266.3124 118.7611 205.6135 158.3388 254.9524 600.1417;
	3.3341 45.0512 89.9089 115.6733 14.428 9.0404 0.003 18.4041 7.2442 27.7855 51.3611 76.6207 115.3521 27.4691 193.4935 72.8976 90.447 95.8468 63.5462 72.5848 0.001 21.0942 72.9292 86.9687 102.5443 73.2215 13.8383 458.0064 535.7737 535.7737 392.5159 87.1779 211.8207 186.8334 86.1194 228.5968 489.4141 220.3567 59.5861 274.6723 121.5577 100.2878 147.5996 254.358 494.5121;
	3.3511 45.2813 90.4913 117.6232 14.4282 16.9852 1.9413 19.0761 5.5314 28.1747 52.0806 77.6939 116.9678 35.0505 201.6861 75.9841 94.2765 99.905 69.2489 72.2357 0.6471 39.6321 72.2121 85.7861 104.4636 73.8751 14.0382 1088.3619 490.7276 490.7276 313.6333 90.5395 230.8295 185.9349 109.888 209.3771 860.059 240.5529 125.1784 279.8132 122.2098 188.4224 126.8255 247.727 869.0179;
	3.0636 41.3963 91.9632 115.5727 14.2779 20.1851 3.4482 18.8025 3.3072 28.1267 51.9918 77.5616 116.7685 60.2397 197.1113 74.2605 92.1381 97.6389 79.977 72.0349 1.1494 47.0985 71.9945 84.6551 99.4324 73.6319 13.7562 1261.6426 577.1521 577.1521 220.3651 67.0103 266.59 185.418 188.8596 246.2516 1027.5932 214.2309 142.268 266.3367 121.8562 223.9198 165.475 267.638 1038.2973;
