function solarprofile = ex_solar_profilesh1
%EX_WIND_PROFILE_D  Example wind_load_nyiso profile data for deterministic unit commitment.
% 2022.03.12
% Andres F. Ramirez


%% define constants
[GEN_BUS, PG, QG, QMAX, QMIN, VG, MBASE, GEN_STATUS, PMAX, PMIN, ...
    MU_PMAX, MU_PMIN, MU_QMAX, MU_QMIN, PC1, PC2, QC1MIN, QC1MAX, ...
    QC2MIN, QC2MAX, RAMP_AGC, RAMP_10, RAMP_30, RAMP_Q, APF] = idx_gen;
[CT_LABEL, CT_PROB, CT_TABLE, CT_TBUS, CT_TGEN, CT_TBRCH, CT_TAREABUS, ...
    CT_TAREAGEN, CT_TAREABRCH, CT_ROW, CT_COL, CT_CHGTYPE, CT_REP, ...
    CT_REL, CT_ADD, CT_NEWVAL, CT_TLOAD, CT_TAREALOAD, CT_LOAD_ALL_PQ, ...
    CT_LOAD_FIX_PQ, CT_LOAD_DIS_PQ, CT_LOAD_ALL_P, CT_LOAD_FIX_P, ...
    CT_LOAD_DIS_P, CT_TGENCOST, CT_TAREAGENCOST, CT_MODCOST_F, ...
    CT_MODCOST_X] = idx_ct;

solarprofile = struct( ...
    'type', 'mpcData', ...
    'table', CT_TGEN, ...
    'rows', [1:12], ...
    'col', PMAX, ...
    'chgtype', 1, ...
    'values', [] );
solarprofile.values(:,1,:) = [
	0.0 0.0 0.0 0.0 0.0 0.0 0.0 0.0 0.0 0.0 0.0 0.0;
	0.0 0.0 0.0 0.0 0.0 0.0 0.0 0.0 0.0 0.0 0.0 0.0;
	0.0 0.0 0.0 0.0 0.0 0.0 0.0 0.0 0.0 0.0 0.0 0.0;
	0.0 0.0 0.0 0.0 0.0 0.0 0.0 0.0 0.0 0.0 0.0 0.0;
	0.0 0.0 0.0 0.0 0.0 0.0 0.0 0.0 0.0 0.0 0.0 0.0;
	0.4174 0.3641 0.3103 0.0 0.0 0.1765 0.0221 0.1549 0.0956 0.0 0.0 0.0;
	3.027 2.8306 1.4129 1.1637 0.6583 146.0482 18.256 11.3348 148.1552 38.6896 38.6242 70.067;
	8.428 6.8144 4.2069 1.8749 2.1767 180.3806 22.5476 14.4191 186.5092 157.486 134.2004 285.2081;
	13.7402 10.7912 5.9297 2.4903 3.4941 174.113 21.7641 15.2828 178.0455 246.7334 149.9042 446.8356;
	14.7186 8.1493 5.9826 7.0085 12.2339 89.0798 11.135 7.6053 151.3678 231.5916 135.3783 419.4138;
	11.4828 7.1163 4.8696 10.7499 11.7322 135.1524 16.894 13.5686 159.5562 152.9419 158.7107 276.9788;
	10.3453 7.3473 4.6014 11.0598 11.4984 180.9246 22.6156 14.8983 161.1715 76.4761 164.6519 138.4987;
	9.9745 5.9213 3.46 9.167 7.0255 256.9512 32.1189 4.0377 213.6167 25.3094 131.0424 45.8354;
	8.9941 6.0179 2.2417 6.4015 6.5387 229.9975 28.7497 0.0 216.8467 41.0323 118.2482 74.3098;
	7.3836 3.0935 1.7489 4.5026 5.9387 175.7973 21.9747 0.0 209.851 44.495 97.2192 80.5807;
	2.035 0.7869 0.8303 3.0761 3.7966 174.8976 21.8622 5.8423 189.5339 17.4061 10.763 31.5226;
	0.3011 0.2229 0.2351 1.4006 2.2339 62.6376 7.8297 5.4821 46.8981 8.7406 4.366 15.8293;
	0.0 0.0 0.0 0.0 0.0 0.0 0.0 0.0 0.0 0.0 0.0 0.0;
	0.0 0.0 0.0 0.0 0.0 0.0 0.0 0.0 0.0 0.0 0.0 0.0;
	0.0 0.0 0.0 0.0 0.0 0.0 0.0 0.0 0.0 0.0 0.0 0.0;
	0.0 0.0 0.0 0.0 0.0 0.0 0.0 0.0 0.0 0.0 0.0 0.0;
	0.0 0.0 0.0 0.0 0.0 0.0 0.0 0.0 0.0 0.0 0.0 0.0;
	0.0 0.0 0.0 0.0 0.0 0.0 0.0 0.0 0.0 0.0 0.0 0.0;
	0.0 0.0 0.0 0.0 0.0 0.0 0.0 0.0 0.0 0.0 0.0 0.0;
];
