function windprofile = ex_wind_profilesh1
%EX_WIND_PROFILE_D  Example wind_load_nyiso profile data for deterministic unit commitment.
% 2022.03.12
% Andres F. Ramirez


%% define constants
[GEN_BUS, PG, QG, QMAX, QMIN, VG, MBASE, GEN_STATUS, PMAX, PMIN, ...
    MU_PMAX, MU_PMIN, MU_QMAX, MU_QMIN, PC1, PC2, QC1MIN, QC1MAX, ...
    QC2MIN, QC2MAX, RAMP_AGC, RAMP_10, RAMP_30, RAMP_Q, APF] = idx_gen;
[CT_LABEL, CT_PROB, CT_TABLE, CT_TBUS, CT_TGEN, CT_TBRCH, CT_TAREABUS, ...
    CT_TAREAGEN, CT_TAREABRCH, CT_ROW, CT_COL, CT_CHGTYPE, CT_REP, ...
    CT_REL, CT_ADD, CT_NEWVAL, CT_TLOAD, CT_TAREALOAD, CT_LOAD_ALL_PQ, ...
    CT_LOAD_FIX_PQ, CT_LOAD_DIS_PQ, CT_LOAD_ALL_P, CT_LOAD_FIX_P, ...
    CT_LOAD_DIS_P, CT_TGENCOST, CT_TAREAGENCOST, CT_MODCOST_F, ...
    CT_MODCOST_X] = idx_ct;

windprofile = struct( ...
    'type', 'mpcData', ...
    'table', CT_TGEN, ...
    'rows', [1:45], ...
    'col', PMAX, ...
    'chgtype', 1, ...
    'values', [] );
windprofile.values(:,1,:) = [
	3.8413 51.9041 87.863 118.1558 15.2367 34.5737 32.1301 18.0218 11.3975 18.2661 33.7645 50.3701 75.8319 50.1878 204.087 76.8886 95.3988 101.0942 92.0622 70.8531 10.71 80.672 27.5555 84.4741 101.5144 72.8565 13.6596 1241.3947 772.0355 772.0355 747.3147 111.5429 306.8741 182.376 157.3456 329.4018 1136.1016 257.3782 468.0971 271.9136 120.8227 383.5376 214.7104 282.7969 1147.936;
	3.8985 52.6767 91.9796 117.8158 15.2181 34.9912 32.6379 18.3394 13.1158 14.3737 26.5696 39.6366 59.6727 58.9428 195.8099 73.7703 91.5298 96.9942 89.013 70.0953 10.8793 81.6461 27.2752 83.4766 99.2491 72.6431 13.7087 1244.7545 756.7773 756.7773 749.7976 114.2407 296.71 180.4255 184.7935 322.8917 1212.7744 268.9258 465.1904 265.8457 121.8541 388.1691 215.4662 283.4607 1225.4075;
	3.8686 52.2728 90.4541 114.2027 15.2576 34.9554 33.3439 18.6963 24.3005 16.1583 29.8684 44.5578 67.0816 56.8623 187.0081 70.4542 87.4154 92.6342 88.3271 70.6337 11.1146 81.5627 28.9502 85.981 102.3022 73.6959 13.9572 1166.0058 740.8079 740.8079 740.5228 113.7055 294.4237 181.8113 178.271 316.078 1157.6846 301.8567 462.37 274.0237 121.5005 387.7722 217.7294 279.0857 1169.7438;
	3.6924 49.8924 91.2302 116.5368 15.0203 34.0662 31.3977 18.6427 28.1912 28.9567 53.526 79.8502 120.214 64.2456 198.1793 74.6629 92.6373 98.1679 88.3573 66.4343 10.4659 79.4877 24.9406 85.695 102.3335 72.1828 13.9602 1236.5261 779.7586 779.7586 750.2713 117.3069 294.5242 171.0022 201.4186 332.697 1198.6056 330.6161 454.0305 274.1077 121.8968 377.9072 190.2272 274.894 1211.0911;
	3.3316 45.0172 93.5546 118.6179 14.9226 31.5643 31.4241 18.57 28.275 29.861 55.1977 82.344 123.9685 63.7574 197.9439 74.5742 92.5273 98.0513 87.6934 66.904 10.4747 73.65 73.8849 86.1335 103.8305 73.4759 13.96 1239.7486 792.3286 792.3286 769.1022 113.7574 292.3114 172.211 199.888 338.0602 1126.6981 325.9818 459.7727 278.1174 121.8114 350.1532 195.9066 276.1064 1138.4345;
	3.8491 52.0091 94.1906 117.7944 15.2905 33.2524 19.2925 18.595 26.6082 29.3482 54.2497 80.9299 121.8395 52.8077 195.9812 73.8348 91.6098 97.0791 57.1983 66.8109 6.4308 77.589 73.3194 87.3703 103.8693 73.6591 14.0205 1178.7738 777.0523 777.0523 735.8457 113.7535 190.661 171.9713 165.5593 331.5423 1113.845 308.9892 460.9621 278.2213 120.6068 368.8802 175.1019 278.1631 1125.4476;
	3.8485 52.0013 93.7841 118.2807 15.053 34.4345 13.7563 18.7645 27.0748 28.656 52.9702 79.0211 118.9659 67.9167 197.2108 74.298 92.1846 97.6881 85.7431 69.941 4.5854 80.3473 72.3776 88.1189 104.981 73.0306 14.0845 1240.9588 782.4811 782.4811 740.6005 116.3839 285.8103 180.0284 212.928 333.8586 1161.1951 334.3193 418.173 281.1992 122.2807 381.9939 194.0602 276.9201 1173.2909;
	3.9264 53.0547 94.9016 120.646 15.151 35.071 12.0893 18.4498 26.9419 29.7455 54.9841 82.0255 123.4889 51.6453 205.048 77.2506 95.848 101.5703 89.1292 71.6335 4.0298 81.8324 73.7236 86.3941 105.2752 74.423 13.9938 1245.1541 785.0207 785.0207 744.729 119.8438 297.0974 184.3849 161.9149 334.9422 1192.998 331.6475 189.9411 281.9872 121.9842 389.0545 216.3881 283.418 1205.4251;
	3.9118 52.8568 95.1067 120.1366 15.2344 33.8331 4.6588 18.4775 11.7341 28.5214 52.7213 78.6498 118.4069 30.293 201.3333 75.8511 94.1116 99.7302 89.2034 71.439 1.5529 78.9439 71.4952 88.6286 104.5053 74.5153 13.7134 1094.5747 674.4333 674.4333 732.5579 120.9887 297.3448 183.8842 94.9727 287.7582 990.1765 301.143 75.5323 279.925 123.0673 375.3217 207.2055 283.4471 1000.4909;
	3.8166 51.5702 94.4623 120.5639 15.1322 33.0031 1.0295 18.7623 7.0433 25.6775 47.4646 70.8078 106.6007 24.0586 196.9992 74.2183 92.0857 97.5833 90.8266 71.5894 0.3432 77.0072 51.5732 87.1046 103.8523 74.2361 13.8779 939.8484 605.4592 605.4592 605.1079 118.372 302.7553 184.2714 75.4269 258.3293 809.1412 278.2839 61.4148 278.1759 122.3125 366.1141 169.9398 277.8759 817.5698;
	3.6124 48.8118 93.2322 116.4401 15.1998 26.9909 1.3689 18.3321 0.2703 27.2561 50.3825 75.1607 113.154 4.6987 199.3879 75.1182 93.2023 98.7666 82.9829 71.7053 0.4563 62.9787 69.4276 86.6394 101.0008 71.9484 13.7678 734.9573 649.1724 649.1724 553.3088 117.3293 276.6096 184.5696 14.7309 276.9802 730.9027 223.678 18.2596 270.5379 118.9155 299.4188 149.7543 263.5794 738.5163;
	3.311 44.7388 90.4567 113.9681 15.3169 19.8734 2.1567 18.025 2.6804 25.8762 47.8318 71.3556 107.4255 2.4105 202.3702 76.2418 94.5963 100.2438 38.7846 71.1332 0.7189 46.3712 69.5866 86.5144 98.5447 71.9569 13.5472 496.9697 715.5244 715.5244 556.3754 120.0762 129.2821 183.0971 7.5571 305.2904 770.9014 227.9591 27.6265 263.959 120.3201 220.4621 140.1433 261.7639 778.9316;
	3.7129 50.1699 92.0408 114.6068 15.1664 21.007 1.1124 17.7717 25.6975 22.5922 41.7613 62.2996 93.7917 49.8397 202.0666 76.1274 94.4544 100.0935 59.1105 70.2722 0.3708 49.0164 68.5619 84.2428 100.9413 71.0988 13.5226 531.0376 699.5018 699.5018 548.5471 111.3852 197.0349 180.8809 156.2541 298.4541 571.2683 239.1073 62.4968 270.3785 120.4649 233.0382 143.9755 260.1887 577.219;
	3.5734 48.2846 87.3826 110.7392 14.3401 19.6064 0.0099 17.897 17.551 22.0889 40.8309 60.9117 91.7023 31.9133 203.2886 76.5878 95.0256 100.6988 57.1112 72.2975 0.0033 45.7482 69.6789 83.2201 97.5371 69.6997 13.3163 448.8602 684.4538 684.4538 523.6875 95.6261 190.3707 186.094 100.0524 292.0336 601.6725 242.0744 5.0407 261.2601 119.2597 217.5001 156.8131 252.9125 607.9399;
	3.6408 49.1954 89.1278 113.9168 15.0724 19.4331 0.0 18.3613 1.0166 23.6728 43.7587 65.2794 98.2778 29.1797 194.8066 73.3923 91.0608 96.4972 72.7557 70.7541 0.0 45.3438 69.9927 85.3692 101.6284 71.0053 13.7867 353.1395 682.4054 682.4054 486.0139 86.0931 242.5189 182.1212 91.4822 291.1597 575.2727 251.4336 4.7558 272.2189 118.6764 215.5774 163.8782 224.8629 581.2651;
	3.2694 44.1772 88.4505 116.7663 14.3246 10.2513 0.0 18.0358 0.0252 27.5652 50.9539 76.0132 114.4374 20.0124 188.429 70.9895 88.0796 93.3381 67.0229 73.2722 0.0 23.9197 71.9762 86.905 99.9518 71.3395 13.8613 438.668 548.4246 548.4246 429.2082 85.0669 223.4095 188.6029 62.7416 233.9945 471.5867 220.0157 0.0 267.7282 118.687 113.721 152.9466 234.2056 476.4991;
	3.4151 46.145 90.3964 117.3275 14.4884 19.3524 0.0 18.2496 0.91 28.3464 52.3978 78.1672 117.6804 29.6824 188.6057 71.0561 88.1622 93.4256 68.1245 73.2914 0.0 45.1556 71.8422 86.721 103.9525 70.7842 13.7945 1015.5133 474.4518 474.4518 311.6336 85.0721 227.0818 188.6522 93.0584 202.4328 813.9708 228.4929 78.6759 278.4442 118.8036 214.6828 138.1767 239.4239 822.4497;
	3.2596 44.0445 88.824 112.5363 14.5677 22.5357 0.0 18.1445 0.0 28.6039 52.8739 78.8775 118.7497 57.8201 196.9687 74.2068 92.0714 97.5682 82.4375 73.6576 0.0 52.5834 71.4068 86.0039 100.1101 70.3141 13.9641 1178.3587 571.5346 571.5346 225.9594 66.5483 274.7918 189.5949 181.2739 243.8548 990.6948 205.8444 118.6324 268.1522 118.2167 249.9964 176.5342 259.6946 1001.0145;
