function solarprofile = ex_solar_profilesh1
%EX_WIND_PROFILE_D  Example wind_load_nyiso profile data for deterministic unit commitment.
% 2022.03.12
% Andres F. Ramirez


%% define constants
[GEN_BUS, PG, QG, QMAX, QMIN, VG, MBASE, GEN_STATUS, PMAX, PMIN, ...
    MU_PMAX, MU_PMIN, MU_QMAX, MU_QMIN, PC1, PC2, QC1MIN, QC1MAX, ...
    QC2MIN, QC2MAX, RAMP_AGC, RAMP_10, RAMP_30, RAMP_Q, APF] = idx_gen;
[CT_LABEL, CT_PROB, CT_TABLE, CT_TBUS, CT_TGEN, CT_TBRCH, CT_TAREABUS, ...
    CT_TAREAGEN, CT_TAREABRCH, CT_ROW, CT_COL, CT_CHGTYPE, CT_REP, ...
    CT_REL, CT_ADD, CT_NEWVAL, CT_TLOAD, CT_TAREALOAD, CT_LOAD_ALL_PQ, ...
    CT_LOAD_FIX_PQ, CT_LOAD_DIS_PQ, CT_LOAD_ALL_P, CT_LOAD_FIX_P, ...
    CT_LOAD_DIS_P, CT_TGENCOST, CT_TAREAGENCOST, CT_MODCOST_F, ...
    CT_MODCOST_X] = idx_ct;

solarprofile = struct( ...
    'type', 'mpcData', ...
    'table', CT_TGEN, ...
    'rows', [1:12], ...
    'col', PMAX, ...
    'chgtype', 1, ...
    'values', [] );
solarprofile.values(:,1,:) = [
	0.0 0.0 0.0 0.0 0.0 0.0 0.0 0.0 0.0 0.0 0.0 0.0;
	0.0 0.0 0.0 0.0 0.0 0.0 0.0 0.0 0.0 0.0 0.0 0.0;
	0.0 0.0 0.0 0.0 0.0 0.0 0.0 0.0 0.0 0.0 0.0 0.0;
	0.0 0.0 0.0 0.0 0.0 0.0 0.0 0.0 0.0 0.0 0.0 0.0;
	0.0 0.0 0.0 0.0 0.0 0.0 0.0 0.0 0.0 0.0 0.0 0.0;
	0.4095 0.3481 0.302 0.0 0.0 2.2315 0.2789 0.1431 0.0956 0.0 0.0 0.0;
	0.9006 1.0419 1.3215 0.635 2.8639 137.1142 17.1393 5.3918 56.383 42.7896 7.1713 77.4923;
	8.7053 7.7603 8.1689 2.9222 4.243 175.1683 21.896 7.7924 110.01 136.5123 88.5682 247.2246;
	17.3688 14.3346 13.4199 5.4728 4.4075 231.1497 28.8937 9.966 142.8153 206.7408 155.9491 374.4089;
	17.8663 12.5857 13.6128 10.2525 12.0926 325.5228 40.6903 12.1436 165.3633 162.3254 148.7694 293.9723;
	18.4187 13.0262 13.1694 10.8037 11.9262 326.6851 40.8356 24.8062 182.6531 191.51 162.346 346.8258;
	18.9184 12.9672 12.5394 11.0393 11.9975 297.3755 37.1719 25.6613 186.5794 242.4207 163.7446 439.0253;
	13.7261 8.7044 9.2614 10.8988 8.7771 293.7537 36.7192 7.5582 219.842 184.6127 94.7714 334.3347;
	10.846 7.884 8.6379 10.2831 7.0903 269.4459 33.6807 4.0278 210.9805 139.6817 100.1817 252.9645;
	9.0969 7.8293 7.3959 7.8448 5.094 242.2454 30.2807 5.6513 186.7511 81.5276 59.8788 147.647;
	3.7742 4.5106 4.8276 4.1478 2.917 215.4942 26.9368 21.3153 119.9644 12.4034 7.2239 22.4626;
	1.2754 1.069 0.809 2.0636 2.2545 58.0492 7.2561 8.9063 41.6186 5.0495 4.0918 9.1446;
	0.0 0.0 0.0 0.0 0.0 0.0 0.0 0.0 0.0 0.0 0.0 0.0;
	0.0 0.0 0.0 0.0 0.0 0.0 0.0 0.0 0.0 0.0 0.0 0.0;
	0.0 0.0 0.0 0.0 0.0 0.0 0.0 0.0 0.0 0.0 0.0 0.0;
	0.0 0.0 0.0 0.0 0.0 0.0 0.0 0.0 0.0 0.0 0.0 0.0;
	0.0 0.0 0.0 0.0 0.0 0.0 0.0 0.0 0.0 0.0 0.0 0.0;
	0.0 0.0 0.0 0.0 0.0 0.0 0.0 0.0 0.0 0.0 0.0 0.0;
	0.0 0.0 0.0 0.0 0.0 0.0 0.0 0.0 0.0 0.0 0.0 0.0;
];
