function windprofile = ex_wind_profilesh1
%EX_WIND_PROFILE_D  Example wind_load_nyiso profile data for deterministic unit commitment.
% 2022.03.12
% Andres F. Ramirez


%% define constants
[GEN_BUS, PG, QG, QMAX, QMIN, VG, MBASE, GEN_STATUS, PMAX, PMIN, ...
    MU_PMAX, MU_PMIN, MU_QMAX, MU_QMIN, PC1, PC2, QC1MIN, QC1MAX, ...
    QC2MIN, QC2MAX, RAMP_AGC, RAMP_10, RAMP_30, RAMP_Q, APF] = idx_gen;
[CT_LABEL, CT_PROB, CT_TABLE, CT_TBUS, CT_TGEN, CT_TBRCH, CT_TAREABUS, ...
    CT_TAREAGEN, CT_TAREABRCH, CT_ROW, CT_COL, CT_CHGTYPE, CT_REP, ...
    CT_REL, CT_ADD, CT_NEWVAL, CT_TLOAD, CT_TAREALOAD, CT_LOAD_ALL_PQ, ...
    CT_LOAD_FIX_PQ, CT_LOAD_DIS_PQ, CT_LOAD_ALL_P, CT_LOAD_FIX_P, ...
    CT_LOAD_DIS_P, CT_TGENCOST, CT_TAREAGENCOST, CT_MODCOST_F, ...
    CT_MODCOST_X] = idx_ct;

windprofile = struct( ...
    'type', 'mpcData', ...
    'table', CT_TGEN, ...
    'rows', [1:45], ...
    'col', PMAX, ...
    'chgtype', 1, ...
    'values', [] );
windprofile.values(:,1,:) = [
	3.9253 53.0394 91.9124 118.7662 14.9949 34.5735 30.0294 19.0651 6.0525 14.762 27.2873 40.7072 61.2845 53.5987 200.39 75.4958 93.6707 99.263 88.5416 68.3537 10.0098 80.6716 24.967 86.3428 105.6183 74.9975 14.0115 1252.4841 780.868 780.868 763.4259 116.6002 295.1387 175.9425 168.0391 333.1704 1103.5725 278.7952 446.9682 282.9061 123.6739 383.5359 205.4887 282.1644 1115.0681;
	3.8704 52.2982 93.4016 117.9629 15.012 34.2757 30.5317 19.0673 10.0278 12.9723 23.9791 35.7721 53.8547 62.9007 197.4402 74.3845 92.2918 97.8018 87.5782 71.7526 10.1772 79.9766 29.8066 87.6118 105.8284 75.3049 13.7635 1248.5743 770.2764 770.2764 794.4369 118.815 291.9274 184.6914 197.2023 328.6513 1176.8381 268.0938 451.2204 283.4689 122.9548 380.2314 201.3794 282.3248 1189.0968;
	3.7153 50.2017 89.1242 113.5793 14.8132 32.3209 31.5985 18.4685 18.905 5.1822 9.5792 14.2903 21.514 60.0202 171.8748 64.7528 80.3415 85.138 84.4079 70.7171 10.5328 75.4155 24.6821 85.7987 103.1599 73.493 13.2815 1216.4832 776.1043 776.1043 770.7778 121.4823 281.3597 182.026 188.1713 331.1378 1184.5053 310.2751 453.2761 276.3211 121.5121 358.547 200.5676 267.8093 1196.8439;
	3.7664 50.8923 90.314 115.537 14.9209 32.6788 30.459 18.6141 20.9376 27.0169 49.9403 74.5011 112.1609 67.549 194.2658 73.1885 90.808 96.2294 84.8596 68.1904 10.153 76.2505 22.1006 87.0866 103.2735 74.0403 13.0475 1193.3978 753.6418 753.6418 781.9128 120.998 282.8654 175.5222 211.7752 321.5538 1095.3992 328.2831 445.8918 276.6255 118.5099 362.5168 167.8766 269.201 1106.8096;
	3.2697 44.181 90.5319 118.1229 14.977 29.6032 31.0056 18.7485 26.0426 28.3439 52.3933 78.1605 117.6702 66.2558 195.0108 73.4692 91.1562 96.5984 87.4499 70.0531 10.3352 69.0742 71.7882 88.6866 103.3744 72.5854 13.4224 1258.1048 777.287 777.287 788.8073 119.3778 291.4996 180.3168 207.7209 331.6425 1105.5482 348.4835 442.4905 276.8957 122.1313 328.3987 167.483 271.786 1117.0643;
	3.735 50.4685 87.878 114.7159 14.7879 32.2887 19.3332 18.4951 24.6585 26.7564 49.4589 73.7829 111.0798 56.2903 197.5438 74.4235 92.3402 97.8531 58.2733 69.3416 6.4444 75.3403 70.1735 85.0599 100.7774 72.382 13.4689 1185.3305 764.3907 764.3907 757.1847 119.3565 194.2442 178.4855 176.4777 326.14 1121.0043 325.8013 458.8828 269.9395 117.8517 358.1895 157.3752 269.0736 1132.6814;
	3.6205 48.9205 91.666 117.4584 15.0358 32.8972 13.3836 19.0145 25.3016 23.5367 43.5073 64.9043 97.7131 66.1207 191.7365 72.2356 89.6256 94.9764 82.6926 70.2295 4.4612 76.7601 68.7933 87.586 104.359 75.8857 14.046 1255.4371 758.3504 758.3504 752.7711 116.4638 275.642 180.7709 207.2972 323.5628 1137.9918 332.1874 424.848 279.533 119.891 364.9392 161.9978 276.6299 1149.8459;
	3.7858 51.1549 93.6145 118.029 15.2616 33.5112 5.2855 19.0482 2.6297 27.5376 50.9028 75.937 114.3227 49.7336 192.4275 72.4959 89.9487 95.3187 82.3565 69.6666 1.7618 78.1928 69.8234 86.1421 103.6574 74.3723 13.9135 1288.2906 757.9225 757.9225 742.5452 117.4248 274.5217 179.3219 155.9215 323.3803 1208.6961 334.8097 170.2278 277.6538 119.4918 371.751 197.7097 284.661 1221.2867;
	3.7914 51.2305 92.6917 119.3597 14.9357 32.1791 7.5701 19.1626 1.3813 28.0674 51.8821 77.3979 116.5222 31.2836 199.7694 75.262 93.3806 98.9555 89.1378 72.2857 2.5234 75.0846 68.658 88.0496 104.1254 76.3601 14.0185 1188.2636 691.1887 691.1887 751.0352 118.4657 297.1262 186.0637 98.0784 294.9072 1016.4704 313.5093 55.6988 278.9074 120.7107 356.9737 178.3028 285.0488 1027.0586;
	3.8042 51.403 92.5732 120.6677 15.1773 31.7071 4.2169 19.06 1.3943 25.0597 46.3225 69.1041 104.0359 25.5416 194.5734 73.3044 90.9517 96.3817 89.8486 72.5962 1.4056 73.9832 47.2229 88.4681 104.8095 76.4484 13.5978 922.6362 625.6755 625.6755 613.6152 114.4936 299.4954 186.8629 80.0764 266.9549 781.0882 270.727 82.0717 280.7397 121.9611 351.7372 151.2882 284.5511 789.2245;
	3.6753 49.6619 93.9215 120.406 15.1576 26.9266 5.2401 19.1061 0.8755 28.9161 53.451 79.7384 120.0457 46.1198 201.1087 75.7665 94.0066 99.6189 83.7426 73.5273 1.7467 62.8287 70.5474 89.6395 105.8772 75.1949 13.375 819.8794 698.7639 698.7639 580.6566 119.5499 279.1422 189.2596 144.5918 298.1392 763.968 224.7169 176.688 283.5998 118.4027 298.7058 145.6452 284.4144 771.926;
	3.5557 48.0458 93.9384 120.5195 14.839 20.2792 5.4106 19.005 1.2789 28.391 52.4804 78.2904 117.8658 59.5371 200.2052 75.4262 93.5843 99.1714 47.0349 73.3648 1.8035 47.3182 72.1028 88.1203 104.0121 74.8057 13.3592 581.399 747.0846 747.0846 553.6069 113.7355 156.7831 188.8413 186.6569 318.7561 798.361 226.9688 167.7112 278.6038 120.7791 224.9645 140.4714 282.5621 806.6772;
	3.6489 49.3047 92.5948 117.8214 14.4273 20.208 3.0227 18.4234 24.9097 23.828 44.0458 65.7076 98.9225 57.4323 194.577 73.3057 90.9534 96.3835 62.7006 72.0894 1.0076 47.1521 66.3696 84.2617 101.6512 72.533 13.3449 569.6915 690.4662 690.4662 556.8874 109.9907 209.0019 185.5582 180.058 294.5989 571.7338 241.3594 82.407 272.2801 117.7882 224.1745 140.6031 273.2931 577.6894;
	3.5708 48.2498 90.4714 113.916 14.2358 19.7212 4.7327 17.8263 17.3412 23.1244 42.7452 63.7674 96.0014 47.1166 196.4943 74.0281 91.8496 97.3332 59.5526 72.6915 1.5776 46.0162 61.1574 82.3774 97.4572 73.8226 12.9633 491.4954 660.6382 660.6382 493.2442 91.8736 198.5087 187.1081 147.7168 281.8723 618.7459 251.0255 85.0442 261.046 117.0751 218.7742 146.9358 266.0782 625.1912;
	3.4615 46.772 86.2804 110.4152 13.6811 15.3305 0.0 15.7892 0.0 24.6012 45.4749 67.8396 102.1322 32.9418 194.5306 73.2883 90.9317 96.3605 75.591 71.4634 0.0 35.7712 54.6367 82.139 79.1132 69.6427 11.8485 345.132 618.7914 618.7914 439.6522 84.1947 251.9701 183.9469 103.2769 264.0177 537.6706 241.6824 7.2467 211.9103 104.3703 170.0665 150.2746 232.1603 543.2713;
	3.3252 44.9311 93.0395 119.738 14.2696 9.1032 2.041 18.0121 2.1559 27.2084 50.2943 75.0292 112.9561 26.7974 189.2036 71.2814 88.4417 93.7218 65.4039 72.2692 0.6803 21.2408 66.0713 85.6613 98.1664 72.5462 13.3457 396.1484 516.4044 516.4044 390.1837 86.5689 218.0129 186.0211 84.0134 220.3325 443.4764 218.3948 52.3579 262.9458 115.9445 100.9847 152.6188 247.6531 448.096;
	3.2921 44.4836 91.0644 115.8942 13.9985 17.3276 0.0 18.7206 0.0 27.6567 51.123 76.2655 114.8173 35.1936 189.9025 71.5447 88.7684 94.068 69.532 72.2283 0.0 40.4311 67.8468 86.2879 101.556 73.3447 13.3827 917.3956 438.6777 438.6777 269.9832 83.0997 231.7732 185.9158 110.3366 187.1691 743.1332 211.0516 106.4736 272.0251 115.6465 192.2211 124.4888 246.4966 750.8742;
	3.078 41.5908 93.185 115.3831 14.0887 21.0184 1.4303 18.3063 5.3158 27.7829 51.3563 76.6135 115.3413 61.211 191.0521 71.9777 89.3057 94.6374 81.0398 72.5352 0.4768 49.0428 68.008 84.3846 98.1036 73.1714 13.4852 1111.8416 572.744 572.744 226.5729 65.7956 270.1325 186.7058 191.9046 244.3708 949.4302 204.0221 132.5528 262.7776 113.8025 233.1636 164.5255 265.2402 959.3201;
