function loadprofile = ex_load_profilesh1
%EX_LOAD_PROFILE  Example load profile data file for stochastic unit commitment.
% 2022.03.12
% Andres F. Ramirez

%% define constants
[CT_LABEL, CT_PROB, CT_TABLE, CT_TBUS, CT_TGEN, CT_TBRCH, CT_TAREABUS, ...
    CT_TAREAGEN, CT_TAREABRCH, CT_ROW, CT_COL, CT_CHGTYPE, CT_REP, ...
    CT_REL, CT_ADD, CT_NEWVAL, CT_TLOAD, CT_TAREALOAD, CT_LOAD_ALL_PQ, ...
    CT_LOAD_FIX_PQ, CT_LOAD_DIS_PQ, CT_LOAD_ALL_P, CT_LOAD_FIX_P, ...
    CT_LOAD_DIS_P, CT_TGENCOST, CT_TAREAGENCOST, CT_MODCOST_F, ...
    CT_MODCOST_X] = idx_ct;

loadprofile = struct( ...
    'type', 'mpcData', ...
    'table', CT_TAREALOAD, ...
    'rows', [1:11], ...
    'col', CT_LOAD_ALL_P, ...
    'chgtype', 1, ...
    'values', [] );
loadprofile.values(:,1,:) = [
	1398.49 880.8378 1462.9142 554.8759 749.0374 1077.745 828.4034 262.4 499.6 4318.4889 1676.6481;
	1417.7987 892.681 1513.0195 549.5715 768.6 1081.0695 828.2355 263.1774 506.9762 4361.3954 1683.3122;
	1434.6163 900.6501 1532.6914 548.9351 768.2 1087.291 847.4018 268.5188 509.1 4354.1876 1694.5273;
	1513.3007 966.3913 1632.0905 562.0549 810.0341 1166.4079 892.9467 292.0895 544.4 4604.3122 1826.4627;
	1654.0 1072.7963 1792.4586 585.8202 905.7 1310.6551 984.2583 329.9707 620.4402 5164.5631 2026.8837;
	1772.254 1117.8119 1879.9308 579.9 954.0634 1392.3597 1050.1616 342.9099 687.7392 5639.1656 2159.1;
	1792.3 1143.9395 1921.4999 608.2781 968.3 1416.6772 1092.961 346.0 691.0467 5937.0384 2222.8743;
	1836.962 1173.2527 1957.6767 598.127 976.5446 1409.9495 1098.5 350.2717 710.2473 6051.262 2290.6613;
	1854.2967 1176.5087 1923.5847 597.7481 950.1958 1417.9641 1107.0773 349.677 714.8759 6024.642 2241.2363;
	1845.5772 1173.8604 1917.8484 595.2793 914.3295 1403.1438 1119.7376 334.1504 712.4 6040.7235 2196.4792;
	1820.9 1135.6847 1872.8138 578.3272 888.0 1346.3941 1116.2078 335.6 688.5204 6123.5443 2286.9068;
	1822.0867 1150.2673 1907.0 571.3119 909.106 1383.3804 1128.2341 355.1823 690.4399 6202.9654 2263.3244;
	1771.6274 1119.6994 1863.8916 568.6614 915.7453 1361.1293 1119.7543 349.5321 693.5725 6147.8642 2297.5719;
	1776.979 1098.6548 1825.1573 555.0768 873.3 1361.284 1126.9114 350.2705 690.5056 6233.4934 2204.1702;
	1799.8449 1103.4506 1865.5291 556.3338 900.1342 1374.7856 1169.2749 353.2117 682.9878 6279.4853 2219.4749;
	1774.6 1118.4709 1909.6712 549.4 917.5286 1397.7224 1238.6533 357.0332 676.1003 6494.4542 2348.0518;
	1688.9559 1087.3925 1888.7 544.5197 919.0744 1365.9713 1143.8501 353.6 663.2056 6009.646 2290.3507;
	1744.0893 1148.33 1955.2327 553.4214 1000.4325 1402.6867 1192.8882 352.6035 709.1 5981.5608 2395.571;
	1767.5835 1132.8157 1929.1002 552.3 957.2649 1363.4888 1169.1772 349.4056 697.8524 5928.1913 2390.9726;
	1742.6547 1098.6274 1852.5646 531.8451 912.9188 1296.0063 1109.1429 334.5 678.1771 5621.5157 2296.9747;
	1674.5022 1016.0 1724.8637 506.4818 835.8573 1202.7756 1018.3 297.4895 623.7 5324.9012 2171.5042;
	1539.9419 947.7 1624.9689 500.7 787.8 1111.1151 905.972 284.6736 559.0 4970.9211 1971.3037;
	1477.4273 922.849 1561.0809 517.3394 751.9445 1091.9 873.2 277.0 530.8002 4805.8488 1820.9559;
	1447.855 896.5 1555.8 541.5 752.3973 1101.9658 866.3031 301.6122 524.0993 4648.0 1763.94;
];
