function solarprofile = ex_solar_profilesh1
%EX_WIND_PROFILE_D  Example wind_load_nyiso profile data for deterministic unit commitment.
% 2022.03.12
% Andres F. Ramirez


%% define constants
[GEN_BUS, PG, QG, QMAX, QMIN, VG, MBASE, GEN_STATUS, PMAX, PMIN, ...
    MU_PMAX, MU_PMIN, MU_QMAX, MU_QMIN, PC1, PC2, QC1MIN, QC1MAX, ...
    QC2MIN, QC2MAX, RAMP_AGC, RAMP_10, RAMP_30, RAMP_Q, APF] = idx_gen;
[CT_LABEL, CT_PROB, CT_TABLE, CT_TBUS, CT_TGEN, CT_TBRCH, CT_TAREABUS, ...
    CT_TAREAGEN, CT_TAREABRCH, CT_ROW, CT_COL, CT_CHGTYPE, CT_REP, ...
    CT_REL, CT_ADD, CT_NEWVAL, CT_TLOAD, CT_TAREALOAD, CT_LOAD_ALL_PQ, ...
    CT_LOAD_FIX_PQ, CT_LOAD_DIS_PQ, CT_LOAD_ALL_P, CT_LOAD_FIX_P, ...
    CT_LOAD_DIS_P, CT_TGENCOST, CT_TAREAGENCOST, CT_MODCOST_F, ...
    CT_MODCOST_X] = idx_ct;

solarprofile = struct( ...
    'type', 'mpcData', ...
    'table', CT_TGEN, ...
    'rows', [1:12], ...
    'col', PMAX, ...
    'chgtype', 1, ...
    'values', [] );
solarprofile.values(:,1,:) = [
	0.0 0.0 0.0 0.0 0.0 0.0 0.0 0.0 0.0 0.0 0.0 0.0;
	0.0 0.0 0.0 0.0 0.0 0.0 0.0 0.0 0.0 0.0 0.0 0.0;
	0.0 0.0 0.0 0.0 0.0 0.0 0.0 0.0 0.0 0.0 0.0 0.0;
	0.0 0.0 0.0 0.0 0.0 0.0 0.0 0.0 0.0 0.0 0.0 0.0;
	0.0 0.0 0.0 0.0 0.0 0.0 0.0 0.0 0.0 0.0 0.0 0.0;
	0.4095 0.3481 0.302 0.0 0.0 0.1765 0.0221 0.1689 0.0956 0.0 0.0 0.0;
	2.8334 1.065 0.1908 1.2645 0.3491 44.9741 5.6218 6.1248 86.0697 133.9029 178.3473 242.4989;
	15.5751 7.5252 5.7082 2.5373 2.7003 244.0318 30.504 23.2299 238.6623 218.3981 222.0893 395.5203;
	22.9758 14.178 12.8922 4.8725 4.3646 333.811 41.7264 38.2744 276.2318 269.3616 182.1879 487.8156;
	18.6455 11.2304 12.4492 11.1169 12.5527 212.9797 26.6225 23.2741 222.734 276.4852 159.4026 500.7163;
	18.5615 11.0618 11.9713 11.1451 12.3339 234.1995 29.2749 13.8343 211.5736 290.9314 186.8616 526.8786;
	18.528 11.0258 11.6104 11.2025 12.2356 273.795 34.2244 10.4479 205.7998 291.9175 188.731 528.6644;
	10.3125 4.8035 8.4447 10.8882 8.9616 285.077 35.6346 15.3251 229.3769 208.4066 132.5518 377.4257;
	6.3526 3.9673 6.5994 10.6249 8.7539 241.0727 30.1341 17.6643 215.037 157.4685 112.2544 285.1764;
	2.3841 1.8405 4.2433 10.1441 8.4221 154.8915 19.3614 17.1686 182.4967 100.0622 85.0118 181.2132;
	0.8813 0.85 1.3753 9.3903 5.797 115.2037 14.4005 15.8211 103.581 15.724 11.8705 28.4763;
	0.6399 0.6204 0.7151 1.8914 2.4487 70.1717 8.7715 6.7597 43.7614 5.8176 5.4833 10.5357;
	0.0 0.0 0.0 0.0 0.0 0.0 0.0 0.0 0.0 0.0 0.0 0.0;
	0.0 0.0 0.0 0.0 0.0 0.0 0.0 0.0 0.0 0.0 0.0 0.0;
	0.0 0.0 0.0 0.0 0.0 0.0 0.0 0.0 0.0 0.0 0.0 0.0;
	0.0 0.0 0.0 0.0 0.0 0.0 0.0 0.0 0.0 0.0 0.0 0.0;
	0.0 0.0 0.0 0.0 0.0 0.0 0.0 0.0 0.0 0.0 0.0 0.0;
	0.0 0.0 0.0 0.0 0.0 0.0 0.0 0.0 0.0 0.0 0.0 0.0;
	0.0 0.0 0.0 0.0 0.0 0.0 0.0 0.0 0.0 0.0 0.0 0.0;
];
