function windprofile = ex_wind_profilesh1
%EX_WIND_PROFILE_D  Example wind_load_nyiso profile data for deterministic unit commitment.
% 2022.03.12
% Andres F. Ramirez


%% define constants
[GEN_BUS, PG, QG, QMAX, QMIN, VG, MBASE, GEN_STATUS, PMAX, PMIN, ...
    MU_PMAX, MU_PMIN, MU_QMAX, MU_QMIN, PC1, PC2, QC1MIN, QC1MAX, ...
    QC2MIN, QC2MAX, RAMP_AGC, RAMP_10, RAMP_30, RAMP_Q, APF] = idx_gen;
[CT_LABEL, CT_PROB, CT_TABLE, CT_TBUS, CT_TGEN, CT_TBRCH, CT_TAREABUS, ...
    CT_TAREAGEN, CT_TAREABRCH, CT_ROW, CT_COL, CT_CHGTYPE, CT_REP, ...
    CT_REL, CT_ADD, CT_NEWVAL, CT_TLOAD, CT_TAREALOAD, CT_LOAD_ALL_PQ, ...
    CT_LOAD_FIX_PQ, CT_LOAD_DIS_PQ, CT_LOAD_ALL_P, CT_LOAD_FIX_P, ...
    CT_LOAD_DIS_P, CT_TGENCOST, CT_TAREAGENCOST, CT_MODCOST_F, ...
    CT_MODCOST_X] = idx_ct;

windprofile = struct( ...
    'type', 'mpcData', ...
    'table', CT_TGEN, ...
    'rows', [1:45], ...
    'col', PMAX, ...
    'chgtype', 1, ...
    'values', [] );
windprofile.values(:,1,:) = [
	3.9888 53.8977 93.6014 119.9382 15.0239 34.0078 31.0181 18.5256 8.8095 7.6902 14.2152 21.2063 31.926 50.4615 197.797 74.5189 92.4586 97.9785 85.1988 67.9435 10.3394 79.3515 0.0 87.261 105.5161 74.5135 13.8589 1227.2287 778.3292 778.3292 700.9622 112.5944 283.9959 174.8868 158.2037 332.0871 1111.6384 273.0289 459.575 282.6324 122.1269 377.2595 214.8807 285.6005 1123.2179;
	3.8357 51.8288 90.0098 118.0545 15.0696 33.6184 32.5878 17.9367 12.1812 12.328 22.788 33.9953 51.1797 55.493 190.0297 71.5926 88.8278 94.131 86.223 70.3753 10.8626 78.4429 2.0949 83.3221 102.8973 72.478 13.5529 1249.1696 795.502 795.502 753.5788 115.4301 287.4099 181.1462 173.9779 339.4142 1208.4817 273.7577 459.5043 275.6179 118.1595 372.9401 207.7349 282.1602 1221.0701;
	3.7769 51.0343 91.2651 117.8482 15.1828 34.0525 32.6056 18.477 22.8037 12.5351 23.171 34.5666 52.0398 51.7443 186.5991 70.3001 87.2242 92.4316 86.3525 71.0872 10.8685 79.4558 2.3847 89.3317 106.6571 73.9357 13.4628 1288.9593 795.4885 795.4885 740.3112 117.2428 287.8417 182.9785 162.2253 339.4084 1235.827 301.7856 458.3971 285.6886 119.0329 377.7557 212.1364 272.6463 1248.7002;
	3.5957 48.5855 91.3376 116.0926 15.168 33.8017 31.9806 17.9364 27.9309 28.4745 52.6346 78.5205 118.2122 60.5398 203.0368 76.493 94.9079 100.5741 88.3693 71.9082 10.6602 78.8707 23.4754 87.6698 105.2691 71.3564 12.9415 1308.1604 797.9442 797.9442 760.1623 115.4024 294.5643 185.0918 189.8004 340.4562 1209.5834 321.28 456.5276 281.9708 117.6381 374.9738 177.1464 270.8562 1222.1832;
	2.6202 35.4049 90.6232 116.6433 14.8628 30.2563 30.5369 18.0811 26.7701 28.6631 52.9832 79.0405 118.9951 59.754 202.0097 76.106 94.4278 100.0653 84.6665 71.4445 10.179 70.598 70.2985 88.7879 105.7391 73.0533 13.0343 1308.7492 787.9518 787.9518 750.0924 118.1553 282.2215 183.8983 187.3367 336.1928 1166.1463 332.3193 447.19 283.2298 117.9134 335.643 170.6017 265.7217 1178.2937;
	3.4927 47.1941 89.6888 111.5339 14.4148 31.5254 17.503 17.9364 24.1671 27.7166 51.2336 76.4305 115.0657 39.2762 202.5545 76.3112 94.6824 100.3351 57.4625 71.4594 5.8343 73.5592 70.1416 84.7796 102.1659 72.7682 13.3217 1254.5857 779.3174 779.3174 734.165 118.0488 191.5417 183.9366 123.136 332.5088 1163.2646 321.7576 445.2502 273.6587 114.0978 349.7216 147.2136 263.9777 1175.3819;
	3.4125 46.1108 89.7692 113.5775 14.1503 32.4022 13.1486 17.6084 24.8346 26.3675 48.74 72.7105 109.4652 60.0654 196.5133 74.0352 91.8585 97.3426 79.7571 70.4506 4.3829 75.605 69.2592 86.0884 102.9546 72.3596 13.2055 1297.3965 755.9142 755.9142 716.5785 113.5742 265.8568 181.3399 188.3131 322.5234 1156.58 308.0269 421.761 275.7713 116.3212 359.4479 170.2482 269.1908 1168.6277;
	3.5606 48.1118 89.8957 112.4592 13.9473 31.8992 0.0 17.6118 0.0 20.8579 38.5556 57.5173 86.592 39.037 202.7014 76.3666 94.7511 100.4079 83.7757 71.0378 0.0 74.4315 68.6816 83.9589 98.6986 72.8961 13.2938 1298.5807 733.2278 733.2278 713.8646 114.426 279.2524 182.8514 122.3862 312.8439 1188.4815 310.0595 154.6805 264.3712 114.0345 353.8687 194.0825 273.3207 1200.8615;
	3.6176 48.8813 90.039 115.5932 14.2526 29.7021 0.0615 17.3173 0.0 21.087 38.979 58.149 87.543 24.9392 204.8248 77.1665 95.7437 101.4597 84.2962 72.073 0.0205 69.3048 65.1087 84.8349 99.3423 70.5168 12.4709 1227.3735 669.2599 669.2599 721.9523 115.1352 280.9872 185.5162 78.1877 285.5509 1039.8017 296.471 0.2763 266.0955 118.6278 329.4949 185.1957 276.6788 1050.6329;
	3.6855 49.7993 88.4541 114.9175 15.0141 28.7628 1.2992 17.8934 0.0 16.7672 30.9938 46.2367 69.6091 19.4889 201.6351 75.9648 94.2527 99.8797 86.5113 70.8668 0.4331 67.1132 22.2036 86.0116 99.4132 72.6215 12.9648 1084.4369 577.395 577.395 568.8848 119.0593 288.3709 182.4112 61.1004 246.3552 839.3054 268.5026 2.2957 266.2854 119.7495 319.0752 162.6499 278.7731 848.0482;
	3.6692 49.5784 91.9878 117.2259 15.0932 25.1827 11.7106 17.5047 0.0005 25.7686 47.6328 71.0588 106.9787 3.8843 200.709 75.616 93.8198 99.421 82.1841 70.7132 3.9035 58.7596 68.291 88.4644 102.8492 71.2247 13.0482 849.6541 692.1399 692.1399 551.491 120.4752 273.9471 182.016 12.1779 295.313 792.9775 220.6601 37.3885 275.4888 119.7833 279.3597 150.999 280.2063 801.2377;
	3.4045 46.0028 91.4519 115.3832 14.8395 17.4893 2.5817 17.6119 0.0 24.7051 45.667 68.1262 102.5636 8.2503 200.8143 75.6556 93.869 99.4731 35.7713 69.7735 0.8606 40.8084 60.2838 87.0358 102.2635 72.7067 13.1554 601.923 711.9016 711.9016 517.9215 118.6346 119.2376 179.5972 25.8657 303.7447 820.5471 223.7314 0.13 273.9202 122.4479 194.0148 138.2703 281.6447 829.0945;
	3.6296 49.0442 88.7162 110.7083 14.2597 13.9325 1.6309 17.3265 21.3566 22.9332 42.3916 63.2399 95.2073 47.6242 194.8962 73.426 91.1027 96.5416 49.8292 69.6484 0.5436 32.5091 68.6627 82.5479 99.121 69.6998 13.3025 651.9643 676.0547 676.0547 499.0644 112.2883 166.0973 179.2752 149.3082 288.45 602.2737 230.9474 0.0 265.5028 119.5288 154.5576 136.3801 273.1202 608.5473;
	3.5714 48.2581 89.1872 111.9557 14.2523 16.9625 2.2777 17.5768 16.9583 22.5837 41.7456 62.2762 93.7565 37.9724 196.6825 74.099 91.9376 97.4265 43.1666 70.6788 0.7592 39.5792 69.1003 82.0366 99.8536 69.8421 13.0239 520.4831 671.1499 671.1499 473.3535 99.4693 143.8887 181.9273 119.0487 286.3573 671.1274 243.3382 0.0 267.4651 119.9811 188.1707 144.4184 264.8152 678.1183;
	3.6273 49.0133 91.3167 114.0069 14.7802 17.8395 2.9844 17.9431 0.0 24.5413 45.3642 67.6744 101.8835 29.7822 187.1914 70.5233 87.5011 92.7251 60.7053 68.825 0.9948 41.6255 68.8748 84.9087 101.0623 71.6485 13.1331 395.2556 654.8587 654.8587 431.6859 88.2132 202.3511 177.1558 93.3712 279.4064 581.9253 228.1701 0.0 270.7026 118.6323 197.8993 159.8678 253.0953 587.987;
	3.3339 45.0487 89.1536 114.6985 14.398 9.6854 9.6731 17.4658 1.833 26.717 49.3859 73.6741 110.9159 17.7027 179.8959 67.7747 84.0909 89.1112 57.552 69.9148 3.2244 22.5994 69.9358 84.1804 98.8382 70.1607 13.2447 416.6541 509.9116 509.9116 384.9119 86.0594 191.8399 179.9608 55.5005 217.5623 448.861 199.604 0.4216 264.7451 120.5908 107.4438 152.9278 235.1557 453.5367;
	3.4576 46.7194 91.7014 117.6251 14.3395 18.9064 13.2992 18.0399 1.6257 27.6531 51.1163 76.2555 114.8023 33.3046 175.2478 66.0236 81.9182 86.8088 58.6878 70.3998 4.4331 44.1149 69.3575 84.8239 102.5937 70.8379 13.1046 1033.0154 486.4241 486.4241 290.8598 88.7834 195.6259 181.2093 104.4145 207.541 820.8037 221.4403 108.5252 274.8046 118.7275 209.7349 140.1571 239.0649 829.3537;
	3.1849 43.0347 89.7189 111.5561 14.2014 21.5469 8.2246 17.6786 3.0332 28.0048 51.7665 77.2254 116.2625 57.0913 187.4195 70.6092 87.6077 92.838 73.0271 71.641 2.7415 50.2761 68.8349 84.3643 99.08 69.4233 13.2591 1232.6559 599.6149 599.6149 221.6159 63.8438 243.4237 184.4042 178.9888 255.8357 1022.8949 203.4565 128.3893 265.3927 119.6307 239.0271 178.4962 263.2667 1033.5501;
