function solarprofile = ex_solar_profilesh1
%EX_WIND_PROFILE_D  Example wind_load_nyiso profile data for deterministic unit commitment.
% 2022.03.12
% Andres F. Ramirez


%% define constants
[GEN_BUS, PG, QG, QMAX, QMIN, VG, MBASE, GEN_STATUS, PMAX, PMIN, ...
    MU_PMAX, MU_PMIN, MU_QMAX, MU_QMIN, PC1, PC2, QC1MIN, QC1MAX, ...
    QC2MIN, QC2MAX, RAMP_AGC, RAMP_10, RAMP_30, RAMP_Q, APF] = idx_gen;
[CT_LABEL, CT_PROB, CT_TABLE, CT_TBUS, CT_TGEN, CT_TBRCH, CT_TAREABUS, ...
    CT_TAREAGEN, CT_TAREABRCH, CT_ROW, CT_COL, CT_CHGTYPE, CT_REP, ...
    CT_REL, CT_ADD, CT_NEWVAL, CT_TLOAD, CT_TAREALOAD, CT_LOAD_ALL_PQ, ...
    CT_LOAD_FIX_PQ, CT_LOAD_DIS_PQ, CT_LOAD_ALL_P, CT_LOAD_FIX_P, ...
    CT_LOAD_DIS_P, CT_TGENCOST, CT_TAREAGENCOST, CT_MODCOST_F, ...
    CT_MODCOST_X] = idx_ct;

solarprofile = struct( ...
    'type', 'mpcData', ...
    'table', CT_TGEN, ...
    'rows', [1:12], ...
    'col', PMAX, ...
    'chgtype', 1, ...
    'values', [] );
solarprofile.values(:,1,:) = [
	0.0 0.0 0.0 0.0 0.0 0.0 0.0 0.0 0.0 0.0 0.0 0.0;
	0.0 0.0 0.0 0.0 0.0 0.0 0.0 0.0 0.0 0.0 0.0 0.0;
	0.0 0.0 0.0 0.0 0.0 0.0 0.0 0.0 0.0 0.0 0.0 0.0;
	0.0 0.0 0.0 0.0 0.0 0.0 0.0 0.0 0.0 0.0 0.0 0.0;
	0.0 0.0 0.0 0.0 0.0 0.0 0.0 0.0 0.0 0.0 0.0 0.0;
	0.4436 0.3709 0.3161 0.0 0.0 0.1765 0.0221 0.1681 0.0956 0.0 0.0 0.0;
	7.2878 3.621 3.2853 0.7513 4.5456 79.6062 9.9508 22.9899 45.8582 152.7276 39.7695 276.5906;
	9.4129 6.6135 6.0988 2.9483 7.3678 150.6439 18.8305 38.6823 90.5302 164.1381 60.8446 297.2551;
	13.5939 9.7039 8.5748 5.1274 7.318 166.3212 20.7902 36.5469 112.5082 213.1701 69.8032 386.0523;
	15.1705 11.0392 10.2102 10.4395 12.4834 77.9383 9.7423 14.4802 126.7513 257.4793 118.7562 466.2965;
	18.1185 12.7882 11.5748 11.1285 11.9328 63.1255 7.8907 15.5669 147.7989 297.2306 164.383 538.2863;
	18.9846 12.8177 12.5081 11.2082 11.9828 54.2949 6.7869 13.6779 152.9942 337.2568 175.5181 610.7741;
	13.7261 7.3655 10.2703 11.4055 11.3727 89.9253 11.2407 8.0437 214.98 326.7043 136.8742 591.6635;
	9.0243 5.7381 7.6317 11.108 10.98 109.4346 13.6793 5.8279 220.1444 279.3954 114.8898 505.9867;
	5.8212 2.5042 4.6967 8.5767 9.4796 131.0413 16.3802 7.2704 217.0944 186.4314 81.4343 337.6283;
	1.7272 0.6916 0.91 3.1809 3.2618 235.7336 29.4667 21.3114 199.8172 16.7193 4.3731 30.2788;
	0.4168 0.2229 0.2615 1.1959 1.2797 78.8626 9.8578 9.3242 50.07 5.7969 1.7749 10.4982;
	0.0 0.0 0.0 0.0 0.0 0.0 0.0 0.0 0.0 0.0 0.0 0.0;
	0.0 0.0 0.0 0.0 0.0 0.0 0.0 0.0 0.0 0.0 0.0 0.0;
	0.0 0.0 0.0 0.0 0.0 0.0 0.0 0.0 0.0 0.0 0.0 0.0;
	0.0 0.0 0.0 0.0 0.0 0.0 0.0 0.0 0.0 0.0 0.0 0.0;
	0.0 0.0 0.0 0.0 0.0 0.0 0.0 0.0 0.0 0.0 0.0 0.0;
	0.0 0.0 0.0 0.0 0.0 0.0 0.0 0.0 0.0 0.0 0.0 0.0;
	0.0 0.0 0.0 0.0 0.0 0.0 0.0 0.0 0.0 0.0 0.0 0.0;
];
