function loadprofile = ex_load_profilesh1
%EX_LOAD_PROFILE  Example load profile data file for stochastic unit commitment.
% 2022.03.12
% Andres F. Ramirez

%% define constants
[CT_LABEL, CT_PROB, CT_TABLE, CT_TBUS, CT_TGEN, CT_TBRCH, CT_TAREABUS, ...
    CT_TAREAGEN, CT_TAREABRCH, CT_ROW, CT_COL, CT_CHGTYPE, CT_REP, ...
    CT_REL, CT_ADD, CT_NEWVAL, CT_TLOAD, CT_TAREALOAD, CT_LOAD_ALL_PQ, ...
    CT_LOAD_FIX_PQ, CT_LOAD_DIS_PQ, CT_LOAD_ALL_P, CT_LOAD_FIX_P, ...
    CT_LOAD_DIS_P, CT_TGENCOST, CT_TAREAGENCOST, CT_MODCOST_F, ...
    CT_MODCOST_X] = idx_ct;

loadprofile = struct( ...
    'type', 'mpcData', ...
    'table', CT_TAREALOAD, ...
    'rows', [1:11], ...
    'col', CT_LOAD_ALL_P, ...
    'chgtype', 1, ...
    'values', [] );
loadprofile.values(:,1,:) = [
	1467.342 909.6949 1568.4 521.6764 700.0032 1114.6 821.0735 228.2 510.2 4334.7129 1641.6534;
	1447.3568 893.4006 1517.7309 527.6124 682.0205 1089.284 810.9115 218.8085 501.9355 4265.3974 1592.6616;
	1462.527 903.8 1567.72 533.3 716.3177 1116.2483 807.6588 222.5 499.9 4288.3308 1620.9;
	1568.5386 977.4932 1646.5294 526.2725 765.8 1188.9748 857.3 248.3689 532.3 4473.9597 1734.8771;
	1698.7816 1096.7582 1839.7644 559.9169 901.366 1335.1449 953.1 284.717 606.2 4939.178 1958.5885;
	1769.8162 1173.8821 1930.719 594.3424 975.7932 1402.0636 1020.4383 313.8192 672.5094 5468.1259 2111.2528;
	1800.8414 1199.1 1942.1348 588.5052 1014.0779 1410.5304 1058.8449 320.4863 695.4262 5788.3076 2220.0172;
	1847.7307 1254.7052 1932.1 593.0195 1022.8916 1391.7528 1091.1233 320.5 717.8558 5915.699 2217.7158;
	1906.5188 1265.8681 1961.6633 580.2654 1005.1 1320.7796 1083.3762 317.9644 708.6544 5940.5461 2237.667;
	1932.7673 1272.1148 1940.4718 584.8107 986.4532 1268.3075 1039.4145 308.6561 697.0021 6142.5493 2273.8341;
	1973.5847 1297.4968 1943.1319 553.0568 960.0112 1176.742 1023.9129 317.5 695.4245 6092.4819 2210.9218;
	1978.7507 1267.8595 1923.6877 529.0 940.2569 1174.9193 999.0973 315.0573 684.2884 6067.3523 2232.0197;
	1896.5677 1220.5129 1872.2527 521.4057 893.7487 1143.8183 974.6 298.2 680.3 6120.3438 2170.2427;
	1870.7965 1203.4929 1841.2246 534.82 887.3831 1233.7011 979.5296 301.8 685.1696 6079.7 2235.7457;
	1836.1567 1214.463 1872.0988 527.2737 875.8239 1251.223 1001.8 304.4318 680.4472 6204.2165 2259.1088;
	1827.8494 1193.1736 1883.7629 526.7527 896.9584 1261.3981 1003.6 311.9404 683.5749 6152.2643 2286.1813;
	1787.5897 1179.1024 1868.6859 527.6958 918.5048 1286.6171 1043.834 335.0122 702.369 6033.272 2431.9855;
	1838.0459 1215.3511 1937.9 557.2026 936.3397 1332.4581 1096.4018 377.1598 731.5402 6112.5574 2524.557;
	1891.074 1210.8874 1921.2487 550.2248 937.5174 1343.4547 1090.7458 359.817 717.9455 5859.1219 2450.1;
	1803.0341 1129.4123 1853.7945 553.7 901.571 1291.9007 1099.7501 351.7294 704.6 6078.0766 2458.7884;
	1731.6 1053.3263 1700.1155 552.2668 802.6907 1218.6032 1013.8501 330.903 659.6911 5812.7395 2248.9327;
	1682.359 998.7707 1634.0 537.5 767.9306 1146.3696 941.6212 309.4304 603.936 5422.4386 2073.6443;
	1684.0888 962.7269 1568.5991 525.5921 733.334 1098.4783 912.0927 314.4728 571.7 5027.9191 1972.9585;
	1629.7889 908.5088 1539.951 522.1652 686.012 1054.616 877.9325 278.38 576.3633 4766.965 1856.2808;
];
