function windprofile = ex_wind_profilesh1
%EX_WIND_PROFILE_D  Example wind_load_nyiso profile data for deterministic unit commitment.
% 2022.03.12
% Andres F. Ramirez


%% define constants
[GEN_BUS, PG, QG, QMAX, QMIN, VG, MBASE, GEN_STATUS, PMAX, PMIN, ...
    MU_PMAX, MU_PMIN, MU_QMAX, MU_QMIN, PC1, PC2, QC1MIN, QC1MAX, ...
    QC2MIN, QC2MAX, RAMP_AGC, RAMP_10, RAMP_30, RAMP_Q, APF] = idx_gen;
[CT_LABEL, CT_PROB, CT_TABLE, CT_TBUS, CT_TGEN, CT_TBRCH, CT_TAREABUS, ...
    CT_TAREAGEN, CT_TAREABRCH, CT_ROW, CT_COL, CT_CHGTYPE, CT_REP, ...
    CT_REL, CT_ADD, CT_NEWVAL, CT_TLOAD, CT_TAREALOAD, CT_LOAD_ALL_PQ, ...
    CT_LOAD_FIX_PQ, CT_LOAD_DIS_PQ, CT_LOAD_ALL_P, CT_LOAD_FIX_P, ...
    CT_LOAD_DIS_P, CT_TGENCOST, CT_TAREAGENCOST, CT_MODCOST_F, ...
    CT_MODCOST_X] = idx_ct;

windprofile = struct( ...
    'type', 'mpcData', ...
    'table', CT_TGEN, ...
    'rows', [1:45], ...
    'col', PMAX, ...
    'chgtype', 1, ...
    'values', [] );
windprofile.values(:,1,:) = [
	3.7818 51.0997 88.4278 111.9878 14.4301 33.8898 31.991 17.7284 11.0026 18.0948 33.4479 49.8977 75.1206 53.8739 200.6277 75.5853 93.7818 99.3807 87.8551 71.1256 10.6637 79.0763 25.418 86.122 101.9274 73.435 13.5702 1313.6027 787.4065 787.4065 739.6449 117.6955 292.8503 183.0774 168.902 335.9601 1168.3989 263.37 463.6527 273.0198 119.341 375.9512 213.3263 271.8765 1180.5698;
	3.113 42.0636 84.1174 103.6879 12.3465 32.5119 30.3887 17.5005 9.1428 13.1261 24.2633 36.1961 54.493 57.5903 186.6023 70.3013 87.2257 92.4333 84.0859 69.2706 10.1296 75.8611 1.6695 82.1347 96.6852 71.4737 12.9103 1260.8214 755.4806 755.4806 708.02 116.7872 280.2864 178.3028 180.5535 322.3384 1191.5027 252.0386 448.6791 258.9782 118.0927 360.6654 204.7914 268.386 1203.9142;
	3.6171 48.8754 79.907 97.7002 14.3026 32.8979 32.533 17.7282 22.5497 15.1825 28.0647 41.8669 63.0305 58.8649 167.2752 63.02 78.1914 82.8596 85.582 70.4853 10.8443 76.7618 23.4083 82.6445 97.4501 70.59 12.8694 1260.8816 764.7627 764.7627 745.4677 121.7198 285.2733 181.4294 184.5494 326.2987 1211.3425 296.0906 460.0491 261.027 118.3616 364.9476 207.8495 257.6829 1223.9607;
	3.3882 45.7815 76.0659 78.0077 14.2188 32.5994 30.1663 17.3554 27.2045 29.0632 53.7228 80.1438 120.6561 64.9782 193.9624 73.0742 90.6661 96.079 83.6076 66.8891 10.0554 76.0653 21.5276 81.638 96.4405 67.6318 12.2487 1244.6061 774.1536 774.1536 751.8426 120.6458 278.692 172.1728 203.7154 330.3055 1143.8708 311.1842 446.2608 258.3229 116.2616 361.6361 174.8468 227.1937 1155.7862;
	2.476 33.4559 81.0587 98.6108 14.1559 27.9921 30.3731 17.407 26.8039 29.7824 55.0522 82.1271 123.6419 62.7337 197.5624 74.4305 92.3489 97.8623 81.0143 70.4219 10.1244 65.3148 70.7404 83.012 96.411 66.9567 12.3754 1295.0074 763.4754 763.4754 783.5314 122.0518 270.0478 181.266 196.6787 325.7495 1128.4459 329.7171 453.7174 258.2436 117.4691 310.5253 172.7583 242.3766 1140.2005;
	3.5512 47.9844 86.5584 108.9809 14.1619 31.839 17.1501 18.3117 25.0541 29.527 54.5802 81.423 122.5818 53.4767 203.75 76.7616 95.2413 100.9273 56.7825 72.9675 5.7167 74.2911 73.0815 86.188 98.7992 70.5859 13.3107 1282.6056 784.7947 784.7947 792.1217 122.08 189.2749 187.8186 167.6566 334.8458 1172.4948 331.937 449.4044 264.6408 118.2766 353.2012 158.4521 257.532 1184.7083;
	3.719 50.2521 90.3548 112.6195 14.2264 33.4824 13.1998 18.9954 24.3458 28.6654 52.9876 79.047 119.0049 66.4602 200.1572 75.408 93.5618 99.1476 82.4429 73.5426 4.3999 78.1255 71.4853 88.7572 104.0558 73.9933 13.7274 1282.6473 817.6495 817.6495 779.4762 118.4528 274.8098 189.2989 208.3616 348.8638 1198.026 337.2857 420.1537 278.721 120.3303 371.431 187.2473 268.1486 1210.5055;
	3.8269 51.7099 93.826 118.0853 14.5187 34.3344 2.1013 19.0163 0.6187 29.1274 53.8416 80.3211 120.9229 46.1155 201.8206 76.0347 94.3394 99.9716 83.1821 72.1673 0.7004 80.1137 71.2166 89.8749 104.8958 73.6211 13.9693 1276.1824 776.2152 776.2152 763.4231 113.65 277.2737 185.7588 144.5784 331.1851 1207.3537 330.5551 165.2314 280.9709 119.379 380.8833 210.7864 275.7291 1219.9303;
	3.7695 50.9348 91.8934 112.7486 14.1379 31.4258 0.0 18.5614 0.0 28.795 53.2272 79.4045 119.543 25.0428 197.6188 74.4518 92.3753 97.8903 82.9912 72.2217 0.0 73.3269 71.8686 87.4555 101.5386 72.0188 13.6012 1183.9712 669.4245 669.4245 717.0596 109.6199 276.6373 185.8989 78.5126 285.6211 1038.697 290.6763 0.0 271.9784 120.2978 348.6171 180.1169 279.1043 1049.5168;
	3.6198 48.9113 86.6935 103.0339 14.2154 30.2381 0.7825 18.8584 0.0 23.7634 43.9263 65.5295 98.6543 20.7882 193.1845 72.7812 90.3025 95.6937 84.2415 71.7564 0.2608 70.5555 42.7527 88.0478 101.1568 74.448 13.6917 979.4814 622.771 622.771 606.0445 116.2297 280.8052 184.7011 65.1739 265.7156 850.0646 261.4835 0.0 270.9558 121.7091 335.441 150.1095 274.6961 858.9194;
	3.4443 46.5406 87.62 109.6071 13.994 25.181 4.0513 18.9917 1.8702 29.1565 53.8953 80.4012 121.0436 0.4718 202.0739 76.1302 94.4578 100.0971 75.6348 73.2639 1.3504 58.7557 70.4439 89.449 103.4176 74.379 13.943 810.3419 673.5644 673.5644 532.3751 114.5853 252.1159 188.5815 1.4793 287.3875 749.302 207.7392 3.0371 277.0116 121.8311 279.3415 144.1171 268.8839 757.1072;
	3.1962 43.1875 88.1339 109.8181 14.3368 19.1904 1.164 18.6148 0.3973 28.9932 53.5934 79.9509 120.3656 0.4061 203.0958 76.5152 94.9355 100.6033 39.1346 72.0011 0.388 44.7775 72.7055 88.2817 104.0224 74.4954 13.7462 601.9792 680.2596 680.2596 503.7619 111.6499 130.4485 185.3311 1.2733 290.2441 771.7671 207.436 0.4584 278.6314 123.186 212.8852 142.4646 266.6199 779.8064;
	3.589 48.4949 88.664 109.896 14.0954 21.1524 3.5184 18.7543 25.746 24.9933 46.1997 68.9208 103.7599 47.4371 198.448 74.7641 92.7629 98.301 54.8678 72.4048 1.1728 49.3555 71.3471 85.7321 103.3796 74.3679 13.9057 610.351 653.4284 653.4284 493.0414 106.6162 182.8928 186.3702 148.7216 278.7961 569.0078 222.9075 3.1286 276.9096 121.608 234.6503 146.1585 262.3468 574.935;
	3.4991 47.2805 86.9135 109.1129 14.0586 19.1624 0.388 18.825 18.647 25.172 46.53 69.4137 104.5019 30.9966 203.4165 76.636 95.0854 100.7621 55.247 72.9313 0.1293 44.7122 74.1424 86.9395 101.2717 75.3955 13.8958 529.0906 610.7968 610.7968 481.183 94.9458 184.1568 187.7254 97.1786 260.6066 619.9972 239.632 3.5849 271.2634 119.5245 212.5744 149.6269 261.9126 626.4555;
	3.6314 49.0687 86.5385 109.2466 14.6516 20.2743 0.3096 18.5262 1.7696 25.8466 47.777 71.2739 107.3024 26.7792 200.3869 75.4946 93.6692 99.2614 70.1678 72.5398 0.1032 47.3067 71.1933 87.1656 99.0021 74.3998 13.6334 416.6383 651.6646 651.6646 485.7703 87.9924 233.8925 186.7176 83.9563 278.0436 561.442 248.7961 16.7371 265.1841 117.6008 224.9096 159.8329 235.2698 567.2903;
	3.3885 45.7855 86.2558 102.4671 14.4364 10.2696 0.0 17.787 0.0 27.555 50.9351 75.9851 114.3952 22.2989 191.9711 72.324 89.7354 95.0927 59.4406 70.8915 0.0 23.9624 68.4808 86.6874 98.5108 74.1012 13.4659 461.2066 530.0823 530.0823 439.1256 90.2801 198.1355 182.4749 69.9101 226.1684 476.5506 230.9085 0.0 263.8681 120.9604 113.9243 155.3443 227.6484 481.5147;
	3.4736 46.9356 90.2343 113.8748 14.4955 19.3995 0.0697 18.6072 0.8675 28.2012 52.1295 77.7669 117.0776 35.4695 192.7875 72.6316 90.117 95.4971 62.0288 70.6638 0.0232 45.2654 68.4109 88.022 103.7453 75.7697 13.7232 1116.077 485.375 485.375 331.1377 90.8723 206.7628 181.8887 111.2018 207.0933 879.5213 238.7734 113.5331 277.8893 121.397 215.2046 141.4694 232.2711 888.683;
	3.2905 44.4614 89.5365 112.9706 14.4677 23.5274 7.9159 18.1886 3.1397 29.0315 53.6643 80.0565 120.5247 59.2045 195.1066 73.5053 91.201 96.6458 80.621 69.588 2.6386 54.8973 69.702 88.5115 102.2925 75.9452 13.5356 1336.4941 633.7912 633.7912 252.1747 72.1189 268.7368 179.1196 185.6142 270.4176 1120.0118 214.8371 142.9032 273.9978 122.0424 260.9973 186.6841 265.9282 1131.6786;
