function windprofile = ex_wind_profilesh1
%EX_WIND_PROFILE_D  Example wind_load_nyiso profile data for deterministic unit commitment.
% 2022.03.12
% Andres F. Ramirez


%% define constants
[GEN_BUS, PG, QG, QMAX, QMIN, VG, MBASE, GEN_STATUS, PMAX, PMIN, ...
    MU_PMAX, MU_PMIN, MU_QMAX, MU_QMIN, PC1, PC2, QC1MIN, QC1MAX, ...
    QC2MIN, QC2MAX, RAMP_AGC, RAMP_10, RAMP_30, RAMP_Q, APF] = idx_gen;
[CT_LABEL, CT_PROB, CT_TABLE, CT_TBUS, CT_TGEN, CT_TBRCH, CT_TAREABUS, ...
    CT_TAREAGEN, CT_TAREABRCH, CT_ROW, CT_COL, CT_CHGTYPE, CT_REP, ...
    CT_REL, CT_ADD, CT_NEWVAL, CT_TLOAD, CT_TAREALOAD, CT_LOAD_ALL_PQ, ...
    CT_LOAD_FIX_PQ, CT_LOAD_DIS_PQ, CT_LOAD_ALL_P, CT_LOAD_FIX_P, ...
    CT_LOAD_DIS_P, CT_TGENCOST, CT_TAREAGENCOST, CT_MODCOST_F, ...
    CT_MODCOST_X] = idx_ct;

windprofile = struct( ...
    'type', 'mpcData', ...
    'table', CT_TGEN, ...
    'rows', [1:45], ...
    'col', PMAX, ...
    'chgtype', 1, ...
    'values', [] );
windprofile.values(:,1,:) = [
	3.8872 52.5249 87.8751 113.0593 15.0883 32.9426 32.6192 17.6942 12.1387 16.9325 31.2994 46.6926 70.2955 56.2536 202.5627 76.3143 94.6863 100.3392 85.0118 69.2422 10.8731 76.866 19.6264 86.245 102.0398 72.9614 13.5771 1245.6841 759.213 759.213 678.6608 115.1729 283.3728 178.2296 176.3626 323.9309 1053.4699 264.8121 473.8224 273.321 118.3565 365.4428 217.1865 273.2204 1064.4436;
	3.9333 53.1473 85.4724 110.7284 15.1711 32.9045 32.9303 17.4243 12.1937 12.8332 23.722 35.3886 53.2774 63.6117 188.2303 70.9147 87.9867 93.2397 74.4145 70.7522 10.9768 76.7772 4.3721 84.4147 98.1987 71.8953 12.9439 1226.9492 770.6633 770.6633 756.5127 115.5812 248.0482 182.1163 199.4314 328.8164 1156.4714 263.8321 468.0536 263.0322 116.8389 365.0207 213.6361 266.8025 1168.518;
	3.8219 51.6426 81.989 111.0733 14.8324 32.1927 33.7395 17.339 23.2184 14.9493 27.6335 41.2238 62.0622 61.5082 177.2163 66.7652 82.8383 87.7839 83.9669 73.0419 11.2465 75.1162 23.2832 84.1267 97.4685 70.857 12.7521 1202.3212 782.1793 782.1793 760.2505 118.4633 279.8895 188.01 192.8365 333.7298 1177.95 288.6292 470.3862 261.0764 116.1536 357.1239 207.8532 247.6089 1190.2203;
	3.712 50.1576 83.2755 112.0224 14.9653 32.9681 32.3501 17.3375 28.1205 29.498 54.5266 81.343 122.4615 68.4091 195.3617 73.6014 91.3202 96.7722 86.7033 69.9534 10.7834 76.9256 17.4395 86.4754 100.0632 70.9996 12.749 1236.3347 809.8944 809.8944 786.2037 117.8177 289.0111 180.0603 214.4719 345.555 1162.4384 307.337 465.9607 268.0266 118.613 365.7265 179.1518 253.0882 1174.5472;
	3.2518 43.9396 85.4403 112.8738 15.0996 28.9166 32.2342 17.4574 28.0277 29.8861 55.244 82.4133 124.0727 66.8753 201.3732 75.8662 94.1303 99.75 84.9801 72.094 10.7447 67.4722 68.5215 86.6631 101.5741 70.988 12.8515 1281.7789 817.6014 817.6014 787.1695 118.8305 283.2669 185.5701 209.6631 348.8433 1169.6954 313.116 472.8486 272.0734 119.3275 320.782 180.9247 253.8944 1181.8798;
	3.719 50.2522 88.4876 112.1335 15.2017 32.119 19.8702 17.7822 25.7715 30.0958 55.6315 82.9913 124.943 53.1599 201.0846 75.7575 93.9954 99.607 59.9508 72.5621 6.6234 74.9443 70.1719 86.0651 100.6229 71.0302 13.5349 1249.0419 817.9022 817.9022 780.1331 118.1872 199.8359 186.775 166.6636 348.9716 1207.0055 281.8527 460.145 269.5255 118.6166 356.3065 160.9903 261.7176 1219.5785;
	3.6784 49.7029 90.584 116.2649 14.741 33.0071 13.9738 17.6013 24.8229 29.7748 55.0382 82.1062 123.6105 64.9099 195.5587 73.6756 91.4123 96.8698 86.0175 72.2958 4.6579 77.0165 71.446 86.9322 103.6165 69.9361 13.3956 1280.9771 780.0549 780.0549 740.6848 113.6463 286.7249 186.0897 203.5014 332.8234 1145.5795 276.4119 424.5792 277.5442 120.6969 366.1582 173.8129 258.6499 1157.5126;
	3.8312 51.7673 92.7375 116.6158 14.6614 32.6811 5.2559 17.924 0.3662 28.7605 53.1634 79.3094 119.3998 39.7966 200.6035 75.5762 93.7705 99.3687 85.4836 71.7544 1.752 76.256 70.9913 87.0098 102.5364 72.0543 13.5757 1269.501 768.9907 768.9907 719.9127 114.9786 284.9453 184.6961 124.7678 328.1027 1173.6906 279.1727 178.9748 274.6511 119.8683 362.5428 189.8048 269.1756 1185.9165;
	3.7074 50.0947 93.4817 116.5161 14.3691 30.0269 2.7273 18.2751 0.0111 28.164 52.0608 77.6645 116.9235 18.4158 192.4971 72.5222 89.9812 95.3532 84.0183 71.0914 0.9091 70.0627 68.6619 87.9695 104.0608 71.6987 13.4829 1156.5038 665.796 665.796 696.3302 114.8825 280.061 182.9896 57.7362 284.0729 980.2254 275.2002 0.0 278.7342 120.5418 333.0981 156.5269 267.5263 990.4361;
	3.7516 50.6922 91.4306 115.429 14.9161 29.3427 0.0 18.2177 0.0 25.2956 46.7585 69.7545 105.015 20.4346 189.2481 71.2981 88.4625 93.7438 84.1337 71.5917 0.0 68.4663 46.3662 88.5987 102.6113 72.8349 13.3058 908.9794 596.2084 596.2084 563.7009 106.6453 280.4456 184.2773 64.0653 254.3823 760.3969 248.6288 0.0 274.8517 120.7323 325.5083 131.7742 262.1963 768.3177;
	3.6731 49.6318 93.0921 115.0969 14.7992 25.4477 0.002 17.7242 1.3423 29.297 54.155 80.7886 121.6268 0.4135 192.9746 72.7021 90.2044 95.5898 76.0143 71.934 0.0007 59.378 73.3055 88.936 102.2516 70.336 13.4978 714.0043 645.0945 645.0945 476.5639 104.042 253.3809 185.1582 1.2965 275.2403 674.0819 193.7975 0.0 273.8882 116.2673 282.3001 127.3274 259.611 681.1036;
	3.6036 48.693 93.9075 116.6674 14.9419 20.1361 0.5781 18.3993 7.8581 27.7162 51.233 76.4295 115.0642 2.4383 196.305 73.9568 91.7612 97.2395 30.033 71.2939 0.1927 46.9841 70.5867 89.8162 104.1088 74.7677 13.7632 461.4913 695.3167 695.3167 456.3776 98.3474 100.11 183.5106 7.6445 296.6685 709.0524 198.7451 13.1757 278.8627 120.6081 223.3759 123.1791 267.3333 716.4383;
	3.9182 52.944 94.9927 117.2986 15.0922 21.1491 1.3635 18.5105 25.3473 24.1098 44.5666 66.4845 100.0921 53.7247 192.307 72.4505 89.8923 95.259 52.3959 70.9034 0.4545 49.3478 70.2057 89.4213 104.9968 75.4562 13.9805 525.0852 670.4945 670.4945 493.0685 103.3128 174.6529 182.5056 168.4342 286.0776 546.2759 229.2969 23.7359 281.2414 121.6761 234.6135 136.9156 267.1779 551.9663;
	3.8179 51.5878 91.7881 111.5951 14.98 20.1011 0.0 18.2351 17.8557 21.688 40.0899 59.8062 90.0379 36.4157 198.7916 74.8936 92.9235 98.4712 50.2213 72.4062 0.0 46.9025 70.528 87.2034 99.9505 73.9666 13.7795 418.4718 645.0379 645.0379 440.7186 88.4294 167.4042 186.3739 114.1682 275.2162 610.1961 225.0577 16.1768 267.7246 120.6816 222.988 143.7018 267.7869 616.5523;
	3.9264 53.0543 93.6806 114.149 15.3491 19.2192 0.2162 18.2317 2.2666 26.0838 48.2155 71.9281 108.2874 33.2509 193.7095 72.9789 90.5479 95.9538 63.7728 69.6941 0.0721 44.8447 74.2718 89.1109 99.7765 74.507 13.7247 342.2839 663.1572 663.1572 416.1567 74.0825 212.576 179.3928 104.2461 282.9471 588.1751 230.4167 37.0182 267.2586 118.1418 213.2045 154.3824 248.429 594.3019;
	3.5569 48.061 92.6505 115.8446 14.8151 8.6709 0.0 18.1011 0.0 25.6066 47.3335 70.6123 106.3064 19.8113 179.8773 67.7677 84.0822 89.102 51.479 69.2226 0.0 20.2322 68.8673 89.6051 101.2083 75.2414 13.8633 408.6217 535.3087 535.3087 386.0405 88.5991 171.5968 178.1793 62.111 228.3984 488.8389 211.4323 27.9433 271.0937 119.7232 96.1895 132.9455 250.267 493.931;
	3.5442 47.8894 89.4814 114.1352 14.8463 16.5594 0.7541 18.4351 2.1739 27.596 51.0107 76.0979 114.565 33.3208 182.3242 68.6896 85.226 90.3141 54.586 70.0593 0.2514 38.6387 71.313 87.7759 102.3459 73.8647 13.8024 991.9367 489.1495 489.1495 291.4534 85.1092 181.9532 180.3328 104.4651 208.7038 859.1609 232.8172 112.0875 274.1409 118.4979 183.6992 119.2817 242.8957 868.1105;
	3.3558 45.344 92.5973 117.2006 14.8649 21.7762 5.6812 17.9959 4.8257 28.3234 52.3553 78.1038 117.5849 58.5913 192.1834 72.404 89.8346 95.1978 77.1265 69.7883 1.8937 50.8112 69.5879 87.1035 100.2727 74.8846 13.8998 1183.9936 580.5958 580.5958 208.0386 62.8233 257.0884 179.6353 183.6916 247.7209 1001.7424 195.388 126.2439 268.5877 118.1949 241.5709 166.1459 267.7224 1012.1773;
