function solarprofile = ex_solar_profilesh1
%EX_WIND_PROFILE_D  Example wind_load_nyiso profile data for deterministic unit commitment.
% 2022.03.12
% Andres F. Ramirez


%% define constants
[GEN_BUS, PG, QG, QMAX, QMIN, VG, MBASE, GEN_STATUS, PMAX, PMIN, ...
    MU_PMAX, MU_PMIN, MU_QMAX, MU_QMIN, PC1, PC2, QC1MIN, QC1MAX, ...
    QC2MIN, QC2MAX, RAMP_AGC, RAMP_10, RAMP_30, RAMP_Q, APF] = idx_gen;
[CT_LABEL, CT_PROB, CT_TABLE, CT_TBUS, CT_TGEN, CT_TBRCH, CT_TAREABUS, ...
    CT_TAREAGEN, CT_TAREABRCH, CT_ROW, CT_COL, CT_CHGTYPE, CT_REP, ...
    CT_REL, CT_ADD, CT_NEWVAL, CT_TLOAD, CT_TAREALOAD, CT_LOAD_ALL_PQ, ...
    CT_LOAD_FIX_PQ, CT_LOAD_DIS_PQ, CT_LOAD_ALL_P, CT_LOAD_FIX_P, ...
    CT_LOAD_DIS_P, CT_TGENCOST, CT_TAREAGENCOST, CT_MODCOST_F, ...
    CT_MODCOST_X] = idx_ct;

solarprofile = struct( ...
    'type', 'mpcData', ...
    'table', CT_TGEN, ...
    'rows', [1:12], ...
    'col', PMAX, ...
    'chgtype', 1, ...
    'values', [] );
solarprofile.values(:,1,:) = [
	0.0 0.0 0.0 0.0 0.0 0.0 0.0 0.0 0.0 0.0 0.0 0.0;
	0.0 0.0 0.0 0.0 0.0 0.0 0.0 0.0 0.0 0.0 0.0 0.0;
	0.0 0.0 0.0 0.0 0.0 0.0 0.0 0.0 0.0 0.0 0.0 0.0;
	0.0 0.0 0.0 0.0 0.0 0.0 0.0 0.0 0.0 0.0 0.0 0.0;
	0.0 0.0 0.0 0.0 0.0 0.0 0.0 0.0 0.0 0.0 0.0 0.0;
	0.4255 0.3564 0.3086 0.0 0.0 1.6749 0.2094 0.1475 1.6867 0.0 0.0 0.0;
	2.9829 1.0084 1.4981 1.2617 1.7639 83.2706 10.4088 6.7441 153.5131 181.237 83.2561 328.2214;
	8.3602 5.6877 5.0925 3.5336 3.1196 130.567 16.3209 19.9629 198.8497 277.4983 109.6776 502.5511;
	15.0944 10.7844 8.3827 6.2281 4.5395 176.3777 22.0472 28.3221 243.6203 313.1251 141.734 567.0714;
	20.0567 12.2459 12.0142 11.1309 13.4267 265.6081 33.201 22.4936 290.898 338.2524 219.4145 612.5772;
	16.4682 12.8032 12.0809 11.1451 13.2873 313.1138 39.1392 24.029 276.1845 347.347 248.8024 629.0476;
	10.7524 10.4998 11.3349 11.0223 12.5775 309.2244 38.6531 22.955 223.4928 348.0047 254.1488 630.2386;
	3.1078 3.3328 5.6157 10.6313 8.6531 259.2748 32.4094 22.1013 210.8886 263.8976 234.2281 477.9201;
	3.5362 2.8451 3.9694 10.2811 8.5884 197.4819 24.6852 18.2204 203.0282 237.8566 217.1901 430.7597;
	2.4179 1.8509 2.7247 8.4135 8.7136 134.9005 16.8626 15.3467 188.8626 216.9068 190.4435 392.8196;
	0.687 0.7176 0.9981 4.427 6.8605 109.2096 13.6512 14.9274 149.6599 47.9732 30.0526 86.8798;
	0.2069 0.2643 0.2494 1.212 1.8506 57.3789 7.1724 7.2082 41.1817 9.0637 6.2007 16.4145;
	0.0 0.0 0.0 0.0 0.0 0.0 0.0 0.0 0.0 0.0 0.0 0.0;
	0.0 0.0 0.0 0.0 0.0 0.0 0.0 0.0 0.0 0.0 0.0 0.0;
	0.0 0.0 0.0 0.0 0.0 0.0 0.0 0.0 0.0 0.0 0.0 0.0;
	0.0 0.0 0.0 0.0 0.0 0.0 0.0 0.0 0.0 0.0 0.0 0.0;
	0.0 0.0 0.0 0.0 0.0 0.0 0.0 0.0 0.0 0.0 0.0 0.0;
	0.0 0.0 0.0 0.0 0.0 0.0 0.0 0.0 0.0 0.0 0.0 0.0;
	0.0 0.0 0.0 0.0 0.0 0.0 0.0 0.0 0.0 0.0 0.0 0.0;
];
