function windprofile = ex_wind_profilesh1
%EX_WIND_PROFILE_D  Example wind_load_nyiso profile data for deterministic unit commitment.
% 2022.03.12
% Andres F. Ramirez


%% define constants
[GEN_BUS, PG, QG, QMAX, QMIN, VG, MBASE, GEN_STATUS, PMAX, PMIN, ...
    MU_PMAX, MU_PMIN, MU_QMAX, MU_QMIN, PC1, PC2, QC1MIN, QC1MAX, ...
    QC2MIN, QC2MAX, RAMP_AGC, RAMP_10, RAMP_30, RAMP_Q, APF] = idx_gen;
[CT_LABEL, CT_PROB, CT_TABLE, CT_TBUS, CT_TGEN, CT_TBRCH, CT_TAREABUS, ...
    CT_TAREAGEN, CT_TAREABRCH, CT_ROW, CT_COL, CT_CHGTYPE, CT_REP, ...
    CT_REL, CT_ADD, CT_NEWVAL, CT_TLOAD, CT_TAREALOAD, CT_LOAD_ALL_PQ, ...
    CT_LOAD_FIX_PQ, CT_LOAD_DIS_PQ, CT_LOAD_ALL_P, CT_LOAD_FIX_P, ...
    CT_LOAD_DIS_P, CT_TGENCOST, CT_TAREAGENCOST, CT_MODCOST_F, ...
    CT_MODCOST_X] = idx_ct;

windprofile = struct( ...
    'type', 'mpcData', ...
    'table', CT_TGEN, ...
    'rows', [1:45], ...
    'col', PMAX, ...
    'chgtype', 1, ...
    'values', [] );
windprofile.values(:,1,:) = [
	3.8827 52.4638 93.483 120.548 15.2577 34.1069 31.7482 18.7971 10.9274 18.3461 33.9124 50.5906 76.1639 54.2997 197.8411 74.5355 92.4792 98.0004 86.4777 68.8832 10.5827 79.5827 27.9079 89.0728 104.1762 74.444 13.7806 1266.1292 777.9229 777.9229 745.7172 106.7639 288.259 177.3054 170.2368 331.9138 1108.8923 272.8177 440.7289 279.0433 119.6515 378.3589 212.0787 272.1976 1120.4432;
	3.8278 51.7226 92.5678 119.8108 14.9809 32.8262 30.5114 18.715 11.1796 14.6981 27.1693 40.5312 61.0196 63.7005 188.9644 71.1913 88.3299 93.6033 84.7001 70.3047 10.1705 76.5944 31.859 87.1226 105.0394 74.3952 13.5532 1255.4907 790.2461 790.2461 761.8349 112.9606 282.3337 180.9645 199.7098 337.1717 1206.3449 265.4843 436.3324 281.3554 114.9694 364.1519 210.5827 274.6308 1218.911;
	3.8398 51.8847 91.6725 119.0963 14.7817 34.6635 29.8799 18.9836 20.653 14.755 27.2745 40.6881 61.2558 63.9467 161.0254 60.6654 75.27 79.7638 85.913 70.3411 9.96 80.8815 27.3343 88.6602 105.0875 74.6204 13.757 1276.2769 786.3111 786.3111 736.7345 113.7686 286.3768 181.0582 200.4816 335.4927 1215.2061 281.4113 440.3631 281.4843 117.9085 384.5337 213.3314 264.703 1227.8645;
	3.7231 50.3076 94.334 120.6485 14.912 34.6136 31.0979 18.9743 27.9208 30.1771 55.7819 83.2156 125.2807 68.2866 191.2621 72.0569 89.4039 94.7415 88.3614 67.9349 10.366 80.765 29.0601 89.7827 105.1821 75.5109 13.6293 1270.4245 790.2082 790.2082 756.1502 113.6177 294.5378 174.8647 214.0876 337.1555 1162.4505 304.7549 461.639 281.7377 113.9281 383.9801 182.8737 267.7178 1174.5593;
	3.224 43.5635 90.9685 119.7268 14.4311 31.8252 30.8439 18.4355 28.0031 30.881 57.0831 85.1568 128.2031 64.2796 196.8524 74.163 92.0171 97.5106 89.7711 69.0411 10.2813 74.2588 75.5704 89.4958 105.6937 73.387 13.4505 1305.625 784.9712 784.9712 765.373 111.9817 299.237 177.7119 201.5254 334.9211 1145.9424 321.6169 466.0036 283.1082 117.2488 353.0477 184.1961 265.1655 1157.8793;
	3.7482 50.6461 92.1686 118.8472 14.545 32.9183 17.8641 17.8754 26.0538 28.9681 53.5471 79.8817 120.2615 51.2489 195.0398 73.4801 91.1698 96.6127 58.9859 67.8455 5.9547 76.8095 72.4775 89.3916 104.4224 73.6234 13.6236 1252.3292 805.0522 805.0522 766.3237 116.2143 196.6197 174.6344 160.6724 343.4889 1168.4 313.7831 454.8489 279.7029 115.4403 365.1741 161.3178 269.0763 1180.5708;
	3.7571 50.7672 94.2861 120.2242 15.0503 34.1569 13.248 18.4255 26.1335 29.4314 54.4035 81.1593 122.1849 66.0708 196.5212 74.0382 91.8622 97.3466 87.4991 70.6226 4.416 79.6995 73.2398 90.1465 106.3675 76.1703 13.8272 1283.2657 781.7353 781.7353 717.8648 115.1584 291.6637 181.7828 207.141 333.5404 1180.0519 313.0277 441.9431 284.913 121.107 378.9144 181.0936 273.2874 1192.3441;
	3.8855 52.5022 93.8506 119.6435 15.0277 33.7286 0.4467 18.4572 5.5009 28.8008 53.2378 79.4203 119.5669 43.622 199.4844 75.1546 93.2473 98.8143 89.0205 70.5377 0.1489 78.7002 72.2595 89.969 106.3821 75.0538 14.0158 1279.191 748.3232 748.3232 714.9262 121.7389 296.7351 181.5642 136.7608 319.2846 1194.7977 307.129 181.9469 284.9521 121.8013 374.1631 207.3539 275.9074 1207.2435;
	3.8632 52.2008 94.381 119.7113 15.1286 31.7233 0.276 18.7295 3.4781 28.9255 53.4684 79.7643 120.0848 26.9959 197.8701 74.5464 92.4928 98.0147 90.1459 72.8296 0.092 74.0211 72.9497 89.9835 105.8529 75.5649 13.9319 1146.7274 646.1524 646.1524 675.3436 118.5395 300.4863 187.4637 84.6359 275.6917 999.6066 279.3635 100.9876 283.5346 120.9929 351.9175 190.8197 276.0906 1010.0192;
	3.7755 51.0147 93.818 116.8685 15.0593 30.8943 0.4767 18.3334 3.0761 24.9968 46.2062 68.9305 103.7745 17.7816 189.3958 71.3538 88.5315 93.817 86.7176 71.925 0.1589 72.0866 49.5547 89.7147 104.7453 75.0251 13.2138 921.9124 571.5236 571.5236 570.9368 116.4017 289.0587 185.1352 55.7476 243.8501 773.0977 248.9976 42.9243 280.5677 120.8615 342.7204 158.7004 279.4537 781.1509;
	3.7681 50.9146 94.8424 117.76 15.0848 27.2416 2.1509 18.2031 10.3976 29.6244 54.7603 81.6915 122.9861 0.6436 197.0882 74.2518 92.1273 97.6274 76.4216 73.5489 0.717 63.5638 73.1289 89.9735 105.7202 71.6954 13.6241 784.05 636.7007 636.7007 498.3305 119.0919 254.7387 189.315 2.0176 271.659 739.8255 198.3886 21.2525 283.1791 119.8146 302.2004 154.8213 277.2953 747.532;
	3.7043 50.0532 95.0006 118.1668 15.3951 20.2149 3.9993 18.6888 13.8207 29.029 53.6597 80.0497 120.5144 1.9751 200.7879 75.6457 93.8567 99.4601 37.4927 73.1183 1.3331 47.1682 73.6818 90.1769 106.4187 75.1327 13.6624 629.2072 717.0391 717.0391 495.1353 119.2373 124.9758 188.2066 6.1923 305.9367 810.5969 213.6576 58.9267 285.05 122.5557 224.251 148.2151 283.1257 819.0406;
	3.9197 52.9631 95.106 118.5757 15.4143 21.2906 4.5822 19.0331 26.4648 25.9468 47.9623 71.5504 107.7187 52.5498 193.8897 73.0468 90.6322 96.0431 53.9728 71.2277 1.5274 49.678 73.2209 90.1544 106.7737 73.8572 13.9917 688.6521 694.4038 694.4038 520.5529 119.2947 179.9093 183.3404 164.7509 296.279 638.7627 226.3994 130.6257 286.0009 123.7687 236.1832 153.8065 280.8777 645.4164;
	3.8202 51.6192 93.6917 115.8826 15.2883 20.1648 3.3227 18.595 19.2121 24.7099 45.6759 68.1394 102.5835 36.3584 197.2862 74.3264 92.2198 97.7255 55.8188 71.9174 1.1076 47.0512 72.1211 88.9987 106.4138 70.9393 13.5174 578.8966 698.2855 698.2855 506.39 99.3749 186.0628 185.1156 113.9885 297.9352 711.7612 218.6311 58.3865 285.037 122.5174 223.695 161.5698 276.2782 719.1754;
	3.8159 51.561 93.0565 114.6484 15.0291 19.7568 2.7541 18.8397 7.0028 26.8042 49.5471 73.9145 111.2778 29.1377 187.4111 70.606 87.6038 92.8339 67.6671 69.8579 0.918 46.0991 71.8061 87.33 105.2002 71.9942 13.8725 407.8315 672.607 672.607 468.6596 86.3162 225.5569 179.8143 91.3507 286.979 596.3075 214.9809 123.1423 281.7861 118.2117 219.1684 158.2668 260.4621 602.519;
	3.4627 46.7888 92.394 114.8001 14.5338 9.8708 0.0332 18.3133 3.1273 28.1026 51.9473 77.4952 116.6686 21.7367 185.3503 69.8296 86.6405 91.813 63.3508 71.8452 0.0111 23.0319 71.9671 87.0511 104.4125 70.9404 13.9717 491.4867 582.5006 582.5006 445.6043 89.512 211.1694 184.9297 68.1474 248.5336 521.2879 204.7765 15.5463 279.6764 122.0755 109.5002 144.2487 250.4401 526.718;
	3.2797 44.316 89.6141 111.2728 14.2875 18.1832 0.0 18.3777 1.1116 27.6987 51.2006 76.3812 114.9915 33.1747 181.5023 68.3799 84.8418 89.907 64.2333 69.8338 0.0 42.4276 68.9709 85.6444 104.4054 73.111 13.7422 1116.5915 493.9286 493.9286 315.7488 89.9146 214.1108 179.7523 104.0071 210.7429 893.4578 205.3325 108.5494 279.6572 119.1026 201.7128 125.6117 242.851 902.7646;
	3.2507 43.9235 90.4925 113.0275 15.0037 21.279 1.3446 17.9415 3.0834 29.5886 54.6942 81.5929 122.8377 56.593 191.7754 72.2503 89.6439 94.9957 75.8976 70.6299 0.4482 49.6509 72.635 86.0787 102.2672 72.6278 13.5465 1237.0942 588.5517 588.5517 234.5876 68.7207 252.992 181.8014 177.4267 251.1154 1054.1083 198.5284 142.9518 273.93 118.6842 236.0548 167.843 266.3746 1065.0886;
