function solarprofile = ex_solar_profilesh1
%EX_WIND_PROFILE_D  Example wind_load_nyiso profile data for deterministic unit commitment.
% 2022.03.12
% Andres F. Ramirez


%% define constants
[GEN_BUS, PG, QG, QMAX, QMIN, VG, MBASE, GEN_STATUS, PMAX, PMIN, ...
    MU_PMAX, MU_PMIN, MU_QMAX, MU_QMIN, PC1, PC2, QC1MIN, QC1MAX, ...
    QC2MIN, QC2MAX, RAMP_AGC, RAMP_10, RAMP_30, RAMP_Q, APF] = idx_gen;
[CT_LABEL, CT_PROB, CT_TABLE, CT_TBUS, CT_TGEN, CT_TBRCH, CT_TAREABUS, ...
    CT_TAREAGEN, CT_TAREABRCH, CT_ROW, CT_COL, CT_CHGTYPE, CT_REP, ...
    CT_REL, CT_ADD, CT_NEWVAL, CT_TLOAD, CT_TAREALOAD, CT_LOAD_ALL_PQ, ...
    CT_LOAD_FIX_PQ, CT_LOAD_DIS_PQ, CT_LOAD_ALL_P, CT_LOAD_FIX_P, ...
    CT_LOAD_DIS_P, CT_TGENCOST, CT_TAREAGENCOST, CT_MODCOST_F, ...
    CT_MODCOST_X] = idx_ct;

solarprofile = struct( ...
    'type', 'mpcData', ...
    'table', CT_TGEN, ...
    'rows', [1:12], ...
    'col', PMAX, ...
    'chgtype', 1, ...
    'values', [] );
solarprofile.values(:,1,:) = [
	0.0 0.0 0.0 0.0 0.0 0.0 0.0 0.0 0.0 0.0 0.0 0.0;
	0.0 0.0 0.0 0.0 0.0 0.0 0.0 0.0 0.0 0.0 0.0 0.0;
	0.0 0.0 0.0 0.0 0.0 0.0 0.0 0.0 0.0 0.0 0.0 0.0;
	0.0 0.0 0.0 0.0 0.0 0.0 0.0 0.0 0.0 0.0 0.0 0.0;
	0.0 0.0 0.0 0.0 0.0 0.0 0.0 0.0 0.0 0.0 0.0 0.0;
	0.4095 0.3481 0.302 0.0 0.0 0.1765 0.0221 0.1431 0.0956 0.0 0.0 0.0;
	2.121 2.3494 1.1033 1.4966 1.8196 39.7954 4.9744 1.1069 62.63 14.1609 36.7319 25.6455;
	4.7339 6.4983 4.6659 1.9788 1.6238 68.385 8.5481 3.1666 112.3081 147.3718 85.9095 266.8912;
	7.2688 9.1047 6.2414 2.781 2.1177 114.3071 14.2884 6.0829 142.5189 298.6335 133.788 540.8271;
	4.5233 4.6512 3.6435 10.3366 12.5262 263.5421 32.9428 6.5653 180.4376 321.166 174.0247 581.6335;
	5.9955 6.4138 3.4671 11.0997 12.2621 368.4331 46.0541 14.7764 249.071 269.0635 172.8269 487.2757;
	9.0463 8.8406 5.2481 11.2082 12.1827 401.9788 50.2474 25.9044 279.332 206.2559 167.6367 373.5307;
	4.6981 5.1707 5.6638 11.4052 10.4361 385.2249 48.1531 25.2415 283.8651 149.2082 135.3626 270.217;
	2.5625 3.3634 3.6785 11.3022 10.2946 335.0389 41.8799 14.0501 273.7383 166.5958 138.7321 301.7059;
	0.2508 0.7798 1.2669 10.2637 9.7807 291.8798 36.485 7.4697 248.0471 140.1228 141.7976 253.7632;
	0.0 0.0 0.0 5.2798 4.8854 278.8592 34.8574 5.239 196.871 20.8493 13.2479 37.7583;
	0.2069 0.1875 0.1816 1.1687 1.312 75.2934 9.4117 4.3641 56.9847 7.4359 3.7145 13.4664;
	0.0 0.0 0.0 0.0 0.0 0.0 0.0 0.0 0.0 0.0 0.0 0.0;
	0.0 0.0 0.0 0.0 0.0 0.0 0.0 0.0 0.0 0.0 0.0 0.0;
	0.0 0.0 0.0 0.0 0.0 0.0 0.0 0.0 0.0 0.0 0.0 0.0;
	0.0 0.0 0.0 0.0 0.0 0.0 0.0 0.0 0.0 0.0 0.0 0.0;
	0.0 0.0 0.0 0.0 0.0 0.0 0.0 0.0 0.0 0.0 0.0 0.0;
	0.0 0.0 0.0 0.0 0.0 0.0 0.0 0.0 0.0 0.0 0.0 0.0;
	0.0 0.0 0.0 0.0 0.0 0.0 0.0 0.0 0.0 0.0 0.0 0.0;
];
