function solarprofile = ex_solar_profilesh1
%EX_WIND_PROFILE_D  Example wind_load_nyiso profile data for deterministic unit commitment.
% 2022.03.12
% Andres F. Ramirez


%% define constants
[GEN_BUS, PG, QG, QMAX, QMIN, VG, MBASE, GEN_STATUS, PMAX, PMIN, ...
    MU_PMAX, MU_PMIN, MU_QMAX, MU_QMIN, PC1, PC2, QC1MIN, QC1MAX, ...
    QC2MIN, QC2MAX, RAMP_AGC, RAMP_10, RAMP_30, RAMP_Q, APF] = idx_gen;
[CT_LABEL, CT_PROB, CT_TABLE, CT_TBUS, CT_TGEN, CT_TBRCH, CT_TAREABUS, ...
    CT_TAREAGEN, CT_TAREABRCH, CT_ROW, CT_COL, CT_CHGTYPE, CT_REP, ...
    CT_REL, CT_ADD, CT_NEWVAL, CT_TLOAD, CT_TAREALOAD, CT_LOAD_ALL_PQ, ...
    CT_LOAD_FIX_PQ, CT_LOAD_DIS_PQ, CT_LOAD_ALL_P, CT_LOAD_FIX_P, ...
    CT_LOAD_DIS_P, CT_TGENCOST, CT_TAREAGENCOST, CT_MODCOST_F, ...
    CT_MODCOST_X] = idx_ct;

solarprofile = struct( ...
    'type', 'mpcData', ...
    'table', CT_TGEN, ...
    'rows', [1:12], ...
    'col', PMAX, ...
    'chgtype', 1, ...
    'values', [] );
solarprofile.values(:,1,:) = [
	0.0 0.0 0.0 0.0 0.0 0.0 0.0 0.0 0.0 0.0 0.0 0.0;
	0.0 0.0 0.0 0.0 0.0 0.0 0.0 0.0 0.0 0.0 0.0 0.0;
	0.0 0.0 0.0 0.0 0.0 0.0 0.0 0.0 0.0 0.0 0.0 0.0;
	0.0 0.0 0.0 0.0 0.0 0.0 0.0 0.0 0.0 0.0 0.0 0.0;
	0.0 0.0 0.0 0.0 0.0 0.0 0.0 0.0 0.0 0.0 0.0 0.0;
	0.4095 0.3709 0.3036 0.0 0.0 0.6252 0.0782 0.6177 0.8059 0.0 0.0 0.0;
	2.7221 3.5197 2.3373 1.2681 3.735 213.8274 26.7284 16.6887 251.407 64.8138 31.066 117.3782;
	8.7121 8.9209 5.8152 2.6125 5.243 354.2928 44.2866 49.3474 253.2472 162.4355 88.6293 294.1716;
	14.9015 14.0828 9.2564 3.9196 4.935 385.0526 48.1316 59.0322 235.126 218.8177 132.2317 396.2802;
	15.6471 13.6549 11.6137 8.2759 12.3318 321.5565 40.1946 35.6629 220.5765 230.0651 136.9988 416.6493;
	16.3043 13.7214 11.5436 9.4047 11.9931 288.7894 36.0987 22.567 207.1592 176.8966 159.1822 320.3608;
	16.2637 13.4202 11.3382 10.6668 12.287 245.4813 30.6852 13.8707 171.6171 188.0669 170.9866 340.5903;
	13.2513 10.5686 9.2222 11.2591 12.9484 258.9967 32.3746 20.5138 196.4639 257.4534 208.8588 466.2496;
	12.5504 8.0515 8.5812 11.1875 12.9742 236.3769 29.5471 20.8279 196.5287 293.5585 219.3654 531.6362;
	12.0005 6.0417 6.5459 9.0381 12.3158 191.8316 23.979 17.3517 197.2481 292.9095 173.5505 530.4609;
	4.2221 1.7101 2.4149 2.0271 7.4756 156.8699 19.6087 12.4249 198.6169 40.521 9.3926 73.3837;
	0.7224 0.5153 0.5149 1.0463 2.3678 53.6265 6.7033 5.2857 41.8474 7.9188 3.9523 14.3409;
	0.0 0.0 0.0 0.0 0.0 0.0 0.0 0.0 0.0 0.0 0.0 0.0;
	0.0 0.0 0.0 0.0 0.0 0.0 0.0 0.0 0.0 0.0 0.0 0.0;
	0.0 0.0 0.0 0.0 0.0 0.0 0.0 0.0 0.0 0.0 0.0 0.0;
	0.0 0.0 0.0 0.0 0.0 0.0 0.0 0.0 0.0 0.0 0.0 0.0;
	0.0 0.0 0.0 0.0 0.0 0.0 0.0 0.0 0.0 0.0 0.0 0.0;
	0.0 0.0 0.0 0.0 0.0 0.0 0.0 0.0 0.0 0.0 0.0 0.0;
	0.0 0.0 0.0 0.0 0.0 0.0 0.0 0.0 0.0 0.0 0.0 0.0;
];
