function windprofile = ex_wind_profilesh1
%EX_WIND_PROFILE_D  Example wind_load_nyiso profile data for deterministic unit commitment.
% 2022.03.12
% Andres F. Ramirez


%% define constants
[GEN_BUS, PG, QG, QMAX, QMIN, VG, MBASE, GEN_STATUS, PMAX, PMIN, ...
    MU_PMAX, MU_PMIN, MU_QMAX, MU_QMIN, PC1, PC2, QC1MIN, QC1MAX, ...
    QC2MIN, QC2MAX, RAMP_AGC, RAMP_10, RAMP_30, RAMP_Q, APF] = idx_gen;
[CT_LABEL, CT_PROB, CT_TABLE, CT_TBUS, CT_TGEN, CT_TBRCH, CT_TAREABUS, ...
    CT_TAREAGEN, CT_TAREABRCH, CT_ROW, CT_COL, CT_CHGTYPE, CT_REP, ...
    CT_REL, CT_ADD, CT_NEWVAL, CT_TLOAD, CT_TAREALOAD, CT_LOAD_ALL_PQ, ...
    CT_LOAD_FIX_PQ, CT_LOAD_DIS_PQ, CT_LOAD_ALL_P, CT_LOAD_FIX_P, ...
    CT_LOAD_DIS_P, CT_TGENCOST, CT_TAREAGENCOST, CT_MODCOST_F, ...
    CT_MODCOST_X] = idx_ct;

windprofile = struct( ...
    'type', 'mpcData', ...
    'table', CT_TGEN, ...
    'rows', [1:45], ...
    'col', PMAX, ...
    'chgtype', 1, ...
    'values', [] );
windprofile.values(:,1,:) = [
	3.9916 53.9355 92.5463 117.4173 14.9716 34.7557 32.7877 18.2789 11.1762 16.6716 30.8172 45.9731 69.2123 56.5303 200.6057 75.577 93.7715 99.3698 88.8806 66.4178 10.9292 81.0967 22.3426 87.8618 103.62 75.3973 13.7438 1310.7288 785.2302 785.2302 721.6518 112.1923 296.2685 170.9595 177.2301 335.0315 1186.1337 276.022 479.9653 277.5536 120.7262 385.5567 209.8077 281.9622 1198.4893;
	3.9405 53.2441 92.4857 115.5733 14.881 34.5464 33.0041 18.1579 11.863 13.9483 25.7832 38.4635 57.9066 65.0321 198.0856 74.6276 92.5935 98.1215 90.105 69.9558 11.0014 80.6083 23.6737 85.1627 102.6463 73.6513 13.0872 1303.7062 800.1146 800.1146 746.4085 117.2664 300.3501 180.0663 203.8845 341.3822 1274.0899 273.7655 479.3903 274.9453 120.0177 383.2349 213.6172 273.5437 1287.3617;
	3.9151 52.9017 93.2463 115.8844 15.3525 34.8344 33.9382 18.2117 23.922 14.3543 26.5336 39.5829 59.5919 60.5139 177.6364 66.9235 83.0347 87.992 89.5004 69.3783 11.3127 81.2803 22.6782 88.9376 105.4228 73.9364 13.0133 1288.5752 787.9775 787.9775 746.6497 117.4272 298.3348 178.58 189.7194 336.2037 1257.1265 297.5546 479.5851 282.3824 119.4274 386.4299 218.5834 267.3338 1270.2216;
	3.8288 51.7352 91.2937 114.8289 15.3494 34.6093 32.3789 17.8831 27.4937 27.3946 50.6384 75.5426 113.7289 63.7691 193.3337 72.8374 90.3723 95.7676 86.6285 60.0651 10.793 80.755 4.9865 88.7886 102.9224 72.0368 12.5304 1316.7759 784.5721 784.5721 764.2989 120.083 288.7617 154.6078 199.9248 334.7508 1210.6811 315.7823 472.7935 275.685 119.759 383.9324 186.5687 259.4436 1223.2924;
	3.4264 46.2977 91.6842 117.1134 15.3101 32.3917 31.8856 18.4895 27.6132 28.3489 52.4024 78.1741 117.6907 59.8183 196.0234 73.8507 91.6295 97.1 85.4067 63.8943 10.6285 75.5807 71.1658 89.7553 105.8742 73.345 12.811 1281.7472 770.2779 770.2779 743.9381 116.6603 284.6891 164.464 187.5386 328.6519 1153.2114 318.0904 471.9738 283.5916 122.1693 359.3322 185.4907 269.2242 1165.224;
	3.8783 52.4043 93.725 117.561 15.1542 33.1955 19.1182 18.8378 26.5087 28.7782 53.1961 79.3581 119.4732 50.5294 195.4783 73.6453 91.3747 96.8299 48.253 67.0236 6.3727 77.4562 74.481 90.0099 106.5515 75.3941 13.4295 1269.2821 775.3939 775.3939 772.1321 118.8005 160.8432 172.519 158.4166 330.8347 1192.9707 313.4039 468.0219 285.4059 119.9883 368.249 160.7033 277.5638 1205.3974;
	3.9267 53.0584 95.3757 119.6037 15.3758 35.0194 14.3119 18.9102 27.1097 29.7302 54.9559 81.9834 123.4256 67.7825 199.4151 75.1285 93.2149 98.78 84.4557 70.8033 4.7706 81.7119 74.8002 90.0638 106.5962 75.1292 13.4436 1342.5714 810.356 810.356 751.7276 116.4816 281.5191 182.2478 212.5073 345.7519 1279.7877 313.97 448.9001 285.5256 121.0699 388.4815 181.7601 283.4591 1293.1188;
	3.9263 53.0536 95.3602 120.6027 15.3796 35.0646 2.2544 18.8717 14.8122 29.944 55.351 82.5727 124.3128 46.407 198.5659 74.8086 92.818 98.3594 86.3433 69.419 0.7515 81.8174 74.919 89.6861 106.4842 74.9349 13.665 1328.1696 794.6438 794.6438 749.5477 118.0948 287.8109 178.6846 145.4922 339.048 1248.3855 312.2105 188.2307 285.2255 122.2904 388.9834 210.0925 286.4249 1261.3896;
	3.9122 52.8624 95.4202 120.4829 15.3579 33.5914 1.3686 18.775 5.639 30.4199 56.2307 83.8852 126.2887 27.9695 192.0088 72.3382 89.753 95.1113 83.8187 70.3767 0.4562 78.38 73.995 90.1656 106.5939 75.6452 13.7853 1185.6959 685.9572 685.9572 734.5794 113.7038 279.3957 181.1499 87.688 292.6751 1034.1964 267.8276 121.7387 285.5195 122.6152 372.6407 194.3872 287.1759 1044.9692;
	3.9317 53.1265 95.0103 120.9172 15.3871 32.7529 3.6528 19.0903 5.5742 26.9132 49.7487 74.2152 111.7306 26.3191 189.5409 71.4084 88.5993 93.8889 85.4654 70.5446 1.2176 76.4234 50.7819 90.1172 106.7516 75.4224 14.0531 995.4967 615.2453 615.2453 613.6717 113.4486 284.8847 181.582 82.514 262.5047 827.5536 253.0457 168.1709 285.9417 122.3253 363.3385 169.9124 282.0648 836.174;
	3.824 51.6707 95.2798 120.9402 15.1975 27.5323 1.6584 19.0515 4.7573 30.5345 56.4426 84.2012 126.7645 10.0692 192.567 72.5485 90.0139 95.3878 71.5114 70.9034 0.5528 64.242 74.5321 90.1145 106.693 75.4854 13.9568 759.7399 648.9028 648.9028 516.26 108.6367 238.3712 182.5054 31.5682 276.8652 696.1465 199.9592 46.2701 285.7847 120.8859 305.4249 152.8795 281.5455 703.398;
	3.6204 48.9196 94.9919 119.6885 15.2211 18.7301 0.2285 18.151 1.6293 29.2277 54.0269 80.5976 121.3392 10.3484 196.5136 74.0353 91.8587 97.3428 38.7584 72.4984 0.0762 43.7035 74.5072 89.8813 106.2656 74.4486 13.3404 579.6922 679.4172 679.4172 483.7178 111.2468 129.1947 186.611 32.4437 289.8847 771.1816 191.8035 33.9659 284.6401 120.7806 207.7789 144.308 281.9482 779.2148;
	3.9076 52.7996 95.2701 120.8932 15.2691 22.0599 1.485 18.1917 26.4036 26.9658 49.8458 74.3601 111.9487 53.657 197.6261 74.4545 92.3787 97.8939 56.1064 72.9332 0.495 51.4732 74.7994 90.0095 106.7254 74.5294 13.6156 648.1259 677.81 677.81 491.4465 111.1176 187.0215 187.7303 168.222 289.1989 605.8033 219.7826 98.0377 285.8717 120.4987 244.7182 150.7367 283.3845 612.1137;
	3.8696 52.2874 94.3776 120.3282 15.1728 22.4566 13.3302 18.4401 19.8048 25.31 46.7852 69.7944 105.075 39.4023 198.9858 74.9667 93.0143 98.5674 59.1862 73.148 4.4434 52.3987 71.441 87.9346 106.0674 72.361 13.6503 547.6859 677.7928 677.7928 475.3994 96.556 197.2874 188.2831 123.5317 289.1916 685.9209 225.1518 172.3827 284.1092 120.0017 249.1184 168.3387 271.5565 693.0659;
	3.8743 52.3507 92.5562 118.3182 14.9729 22.1468 4.9234 18.7685 3.263 27.8639 51.506 76.8369 115.6775 33.2961 193.7098 72.979 90.548 95.9539 75.5547 73.1627 1.6411 51.6758 69.1236 88.2161 104.7038 74.3356 13.7281 442.9762 703.3732 703.3732 474.6854 95.4414 251.8491 188.321 104.3876 300.1059 632.067 241.4393 360.0678 280.4567 121.6076 245.6814 170.9276 253.3383 638.6511;
	3.5531 48.0098 92.878 120.5561 15.0502 12.6387 6.9604 18.4104 2.7981 29.5275 54.5811 81.4243 122.5838 25.9465 189.2255 71.2896 88.4519 93.7326 68.785 73.0206 2.3201 29.4902 70.6341 89.8855 106.3635 73.9705 13.6698 483.5901 556.4303 556.4303 401.1527 95.6293 229.2834 187.9552 81.3459 237.4102 510.7777 214.2428 282.8027 284.9022 122.2967 140.2051 158.9606 253.9419 516.0983;
	3.4884 47.1364 93.4243 120.0263 15.0724 19.7489 8.4039 18.6073 4.8106 28.9813 53.5715 79.9181 120.3162 34.8287 190.338 71.7087 88.972 94.2837 65.4026 72.751 2.8013 46.0807 69.0302 89.0027 105.8962 73.9294 13.4773 1042.5112 484.8994 484.8994 291.4557 91.0958 218.0087 187.2613 109.1925 206.8904 827.4708 228.6002 139.9416 283.6504 122.3229 219.0809 133.21 257.4336 836.0903;
	3.1313 42.3101 88.3585 113.8839 14.0641 20.9837 0.3728 17.7687 0.0 28.6065 52.8787 78.8846 118.7603 55.6941 191.8406 72.2748 89.6743 95.028 76.8795 72.0064 0.1243 48.962 68.9843 85.2868 100.6733 71.1951 13.3558 1195.1995 591.7227 591.7227 204.9085 65.5134 256.2649 185.3447 174.6084 252.4684 973.6726 202.7706 132.0702 269.6605 120.9443 232.7791 170.7673 262.5454 983.815;
