function windprofile = ex_wind_profilesh1
%EX_WIND_PROFILE_D  Example wind_load_nyiso profile data for deterministic unit commitment.
% 2022.03.12
% Andres F. Ramirez


%% define constants
[GEN_BUS, PG, QG, QMAX, QMIN, VG, MBASE, GEN_STATUS, PMAX, PMIN, ...
    MU_PMAX, MU_PMIN, MU_QMAX, MU_QMIN, PC1, PC2, QC1MIN, QC1MAX, ...
    QC2MIN, QC2MAX, RAMP_AGC, RAMP_10, RAMP_30, RAMP_Q, APF] = idx_gen;
[CT_LABEL, CT_PROB, CT_TABLE, CT_TBUS, CT_TGEN, CT_TBRCH, CT_TAREABUS, ...
    CT_TAREAGEN, CT_TAREABRCH, CT_ROW, CT_COL, CT_CHGTYPE, CT_REP, ...
    CT_REL, CT_ADD, CT_NEWVAL, CT_TLOAD, CT_TAREALOAD, CT_LOAD_ALL_PQ, ...
    CT_LOAD_FIX_PQ, CT_LOAD_DIS_PQ, CT_LOAD_ALL_P, CT_LOAD_FIX_P, ...
    CT_LOAD_DIS_P, CT_TGENCOST, CT_TAREAGENCOST, CT_MODCOST_F, ...
    CT_MODCOST_X] = idx_ct;

windprofile = struct( ...
    'type', 'mpcData', ...
    'table', CT_TGEN, ...
    'rows', [1:45], ...
    'col', PMAX, ...
    'chgtype', 1, ...
    'values', [] );
windprofile.values(:,1,:) = [
	3.9351 53.172 94.0528 120.5171 15.1147 34.7136 31.8064 18.8883 10.1321 17.4895 32.329 48.2285 72.6078 55.2755 204.6364 77.0956 95.6556 101.3664 90.1208 72.817 10.6021 80.9984 25.4493 88.6364 105.7056 75.4603 14.1344 1272.3119 815.6315 815.6315 732.2551 108.8455 300.4027 187.4311 173.296 348.0028 1159.2104 259.4726 458.0447 283.1401 122.7235 385.0895 214.5889 281.5235 1171.2855;
	3.7073 50.0935 91.6795 116.2779 14.518 33.3777 31.2742 18.6409 10.409 13.9113 25.7148 38.3614 57.7528 63.6804 204.8472 77.175 95.7542 101.4708 91.3421 73.2538 10.4247 77.8813 26.972 83.018 101.6825 75.0304 14.1026 1270.9943 818.5363 818.5363 754.8929 114.6124 304.4737 188.5556 199.6467 349.2421 1251.1201 251.2066 447.9005 272.3639 121.9505 370.27 209.3584 270.175 1264.1526;
	3.6677 49.559 89.6709 113.4795 14.7219 33.582 31.8733 18.1269 20.6102 14.9458 27.6271 41.2143 62.0479 62.1293 195.392 73.6128 91.3344 96.7872 88.4465 72.8731 10.6244 78.3579 28.917 83.6959 101.1225 75.4505 14.0467 1237.1176 789.3731 789.3731 731.7507 112.3367 294.8216 187.5755 194.7836 336.7992 1184.4881 263.7097 448.0865 270.864 117.0562 372.5359 209.4105 264.746 1196.8266;
	3.5586 48.0851 86.5445 110.9808 14.417 32.5645 30.0703 17.4305 26.6497 28.2596 52.2375 77.9281 117.3203 64.9802 205.8723 77.5612 96.2333 101.9786 85.1551 69.915 10.0234 75.9838 21.9676 82.0396 97.1566 73.9055 13.4234 1230.281 764.6223 764.6223 714.1279 113.0447 283.8504 179.9614 203.7217 326.2389 1087.5559 281.5631 443.1976 260.2409 120.9373 361.2488 161.7872 256.9158 1098.8846;
	2.7947 37.7623 85.8504 110.3967 14.3699 29.6471 29.522 17.4888 25.8716 29.0627 53.7219 80.1425 120.6541 63.3065 205.705 77.4982 96.1551 101.8957 83.046 69.7619 9.8407 69.1766 71.0542 83.631 97.3274 69.9535 13.2058 1260.4164 774.9576 774.9576 706.6932 112.3359 276.82 179.5672 198.4745 330.6486 1074.7638 280.9962 441.149 260.6985 117.1019 328.8852 165.8704 240.8064 1085.9593;
	3.7173 50.2287 89.6551 114.9375 14.4125 32.279 17.1577 17.7386 25.2317 28.2937 52.3005 78.0221 117.4618 52.1692 205.5124 77.4256 96.0651 101.8003 48.2412 72.761 5.7192 75.3177 71.2799 86.7108 99.996 71.1364 13.9024 1226.7899 774.1875 774.1875 682.307 112.8509 160.8039 187.2871 163.5575 330.32 1133.1133 274.4415 438.4822 267.8464 118.7286 358.082 157.9915 262.0119 1144.9166;
	3.7369 50.4941 89.0624 114.8711 14.6354 32.9495 10.7501 17.5644 23.6364 27.9667 51.696 77.1203 116.1042 65.0056 202.1641 76.1641 94.5 100.1417 73.531 71.5748 3.5834 76.8822 71.0781 86.916 100.6556 70.4758 13.7873 1259.4983 780.1034 780.1034 704.5373 109.2187 245.1033 184.2338 203.8013 332.8441 1141.4251 280.4762 380.2319 269.6132 122.0154 365.5202 174.3207 265.392 1153.3149;
	3.7498 50.6683 90.2574 117.0025 14.7609 32.2973 0.0 18.202 0.3975 28.4951 52.6727 78.5774 118.2978 46.4008 203.7654 76.7674 95.2485 100.9349 70.018 71.0588 0.0 75.3603 73.7253 86.8592 101.7026 72.2415 13.9572 1265.9666 760.8222 760.8222 725.6909 112.4087 233.3934 182.9054 145.4728 324.6175 1182.169 279.1878 149.4295 272.4176 122.839 358.2845 183.3829 264.7708 1194.4833;
	3.6539 49.3717 92.501 119.1224 15.174 31.4417 0.0 18.3947 3.2041 29.5654 54.6512 81.5288 122.7412 25.6545 202.2601 76.2003 94.5448 100.1893 72.7622 72.4952 0.0 73.3639 74.1917 88.3912 104.1056 72.458 13.8739 1136.7524 673.1248 673.1248 711.9272 114.4095 242.5406 186.6028 80.4305 287.1999 990.321 261.8595 0.1683 278.8543 123.4777 348.7928 162.9113 276.712 1000.6369;
	3.7768 51.0325 94.1012 119.7247 14.9812 30.8522 0.0 18.6128 3.5964 25.502 47.14 70.3236 105.8719 20.1639 196.5851 74.0623 91.8921 97.3782 86.1975 73.4046 0.0 71.9885 55.6751 88.8195 105.9864 73.5278 13.7449 915.2666 609.6025 609.6025 610.3184 116.1854 287.3249 188.9436 63.2164 260.0971 751.5331 242.4167 0.452 283.8921 123.981 342.254 144.4734 285.0989 759.3615;
	3.6853 49.7966 94.5161 118.8671 14.7356 26.7008 0.0 17.9743 10.2447 28.4007 52.4984 78.3172 117.9061 0.56 201.8231 76.0357 94.3406 99.9728 78.5535 72.8458 0.0 62.3019 74.2892 88.0069 104.8351 69.3752 13.4722 794.8278 675.5462 675.5462 553.6913 109.9053 261.8451 187.5052 1.7556 288.233 698.1859 198.1678 0.0 280.8083 122.5719 296.2009 132.9043 281.0957 705.4587;
	3.4977 47.2622 94.0948 117.6952 15.0558 18.5959 0.0 18.183 4.1194 27.7978 51.3837 76.6544 115.4028 2.1996 203.1651 76.5413 94.9679 100.6376 35.2075 73.4184 0.0 43.3904 75.583 87.7798 104.4631 71.7086 13.6392 569.4021 722.4297 722.4297 556.4999 111.1638 117.3583 188.9793 6.896 308.2367 751.8495 210.7773 0.0 279.8118 122.9507 206.2906 126.2549 278.9143 759.6813;
	3.5939 48.5611 91.2708 112.2942 14.4401 16.1816 0.0 17.5771 24.9655 23.0429 42.5945 63.5426 95.663 48.8654 195.5183 73.6604 91.3934 96.8498 49.0943 71.7919 0.0 37.7571 73.7815 84.3524 102.0116 69.7089 13.4891 575.5646 699.8806 699.8806 544.0124 106.6128 163.6476 184.7925 153.1996 298.6157 544.1361 229.9342 0.0606 273.2453 121.3996 179.508 129.4436 259.5124 549.8042;
	3.5882 48.4839 90.7691 113.117 14.1243 18.633 0.0 17.8951 18.4339 22.2977 41.217 61.4877 92.5694 37.1781 196.6418 74.0837 91.9186 97.4063 54.71 72.0905 0.0 43.477 74.6575 84.0069 102.013 71.7531 13.1982 466.3728 672.6785 672.6785 494.2807 90.8493 182.3667 185.5611 116.5584 287.0095 603.6664 232.2563 3.1282 273.249 119.4843 206.702 140.7721 260.5634 609.9546;
	3.6486 49.3006 90.5687 112.8848 14.4985 17.9712 0.0165 17.4368 7.6664 22.877 42.2878 63.085 94.9741 32.0028 190.326 71.7042 88.9663 94.2777 70.267 71.3495 0.0055 41.9328 71.3931 84.2498 99.3456 71.1728 13.1162 373.5475 674.4022 674.4022 457.6677 86.2919 234.2235 183.6539 100.333 287.7449 560.2415 235.2652 28.826 266.1043 118.5354 199.3607 153.5798 235.8914 566.0774;
	3.4492 46.6064 90.1415 117.106 14.299 10.3995 0.2582 17.7218 10.1772 27.2601 50.3899 75.1718 113.1708 26.7973 182.2638 68.6668 85.1977 90.2842 63.1553 71.5618 0.0861 24.2656 70.3307 86.7035 104.2828 71.6919 13.5111 446.6535 556.4734 556.4734 422.5714 91.1571 210.5177 184.2003 84.0131 237.4286 487.6538 224.9299 25.7509 279.3288 120.5875 115.3654 145.0766 229.2851 492.7336;
	3.4688 46.8708 90.3256 117.262 14.6268 19.9194 0.5335 18.2075 1.619 28.3088 52.3283 78.0635 117.5242 34.4639 186.0603 70.0972 86.9724 92.1648 63.2908 72.8532 0.1778 46.4787 70.3123 86.612 104.6476 71.6067 13.4199 984.8908 477.5024 477.5024 305.5925 83.6521 210.9693 187.5243 108.0489 203.7344 825.3889 230.7299 100.6319 280.3062 117.7758 220.973 124.2242 230.9444 833.9867;
	3.1844 43.0281 87.8398 115.8425 14.6328 21.9198 0.0 18.2687 0.4454 28.9269 53.4709 79.7681 120.0905 55.2266 190.3787 71.7241 88.991 94.3039 73.3178 72.5533 0.0 51.1462 71.4883 87.0024 102.5903 73.7478 13.5283 1202.8707 581.9853 581.9853 230.3307 64.4862 244.3926 186.7524 173.1427 248.3137 1019.127 203.4076 111.4046 274.7954 118.079 243.1637 164.7763 257.0714 1029.7429;
