function loadprofile = ex_load_profilesh1
%EX_LOAD_PROFILE  Example load profile data file for stochastic unit commitment.
% 2022.03.12
% Andres F. Ramirez

%% define constants
[CT_LABEL, CT_PROB, CT_TABLE, CT_TBUS, CT_TGEN, CT_TBRCH, CT_TAREABUS, ...
    CT_TAREAGEN, CT_TAREABRCH, CT_ROW, CT_COL, CT_CHGTYPE, CT_REP, ...
    CT_REL, CT_ADD, CT_NEWVAL, CT_TLOAD, CT_TAREALOAD, CT_LOAD_ALL_PQ, ...
    CT_LOAD_FIX_PQ, CT_LOAD_DIS_PQ, CT_LOAD_ALL_P, CT_LOAD_FIX_P, ...
    CT_LOAD_DIS_P, CT_TGENCOST, CT_TAREAGENCOST, CT_MODCOST_F, ...
    CT_MODCOST_X] = idx_ct;

loadprofile = struct( ...
    'type', 'mpcData', ...
    'table', CT_TAREALOAD, ...
    'rows', [1:11], ...
    'col', CT_LOAD_ALL_P, ...
    'chgtype', 1, ...
    'values', [] );
loadprofile.values(:,1,:) = [
	1464.7248 863.4106 1484.1725 528.4587 782.7616 1071.2141 777.3 254.0769 469.9937 4156.8777 1575.4545;
	1414.1305 858.7069 1460.1486 525.6457 764.8946 1066.2117 766.4 252.9 458.2541 3958.846 1493.3469;
	1437.7377 870.8958 1471.8 533.5742 749.9089 1080.2084 796.4 243.775 477.7572 4098.0907 1603.4237;
	1510.6655 933.1823 1588.1742 538.9455 829.5 1135.1702 854.6 278.0508 504.9095 4323.3664 1711.7761;
	1662.0 1011.6867 1754.377 582.8 936.9 1287.5304 949.5757 306.8 581.4418 4774.121 1940.8422;
	1762.1894 1097.7372 1852.1646 595.2779 1005.4182 1352.1559 983.7343 336.8357 659.9 5226.3449 2079.4159;
	1817.1572 1133.9112 1878.431 570.2 992.4838 1378.8239 1008.1009 328.2 664.8258 5501.5587 2119.2733;
	1813.2344 1118.9927 1909.6269 550.8875 980.6296 1353.8229 1004.6903 313.2174 682.7561 5693.8238 2045.9335;
	1805.6247 1123.2543 1889.745 526.9142 991.5 1346.2 1048.4613 319.9 701.0906 5880.4445 2100.7751;
	1796.6137 1112.0429 1881.2328 519.0006 963.1 1318.9303 1034.7614 321.3086 694.5656 5893.9496 2069.7904;
	1786.4056 1111.5709 1867.2615 546.3104 952.7 1273.0941 999.8466 332.9 685.3925 5876.5856 2016.0911;
	1764.2676 1077.634 1807.3944 530.9212 902.9911 1236.8636 997.3706 339.2122 678.7313 5847.9298 1990.4116;
	1760.62 1094.3727 1776.2518 532.1 885.4347 1231.6515 973.7488 353.7445 660.4686 5917.3088 2031.7903;
	1730.8649 1082.2065 1744.3387 529.3603 862.755 1224.526 969.9751 338.4351 663.9 5943.2253 2065.6;
	1703.7653 1056.3662 1744.5514 526.3079 911.5386 1242.4874 1005.9564 347.6877 656.0614 5963.0805 2130.102;
	1704.6 1065.5553 1776.1263 542.6 951.5651 1264.3325 1014.2667 307.9616 662.2 5907.4042 2188.7164;
	1714.4927 1077.119 1774.839 545.7 960.7444 1289.774 1034.1 310.1 671.8357 5747.6748 2231.7967;
	1754.6988 1150.0788 1913.914 551.2 1032.7462 1381.4367 1104.8346 344.9 704.5 5673.5092 2358.5516;
	1788.4836 1142.0665 1891.6992 556.0736 1019.1516 1339.4575 1081.6488 344.0933 686.7087 5628.4746 2299.9287;
	1773.34 1081.3098 1783.7453 548.6315 982.2113 1277.3249 1026.3994 319.8056 645.5 5485.1157 2191.9051;
	1684.6628 1033.5936 1709.3 534.0154 937.7134 1211.2 984.4 310.1302 623.4229 5352.726 2130.3178;
	1595.6295 969.511 1622.054 534.3745 886.6974 1145.1557 940.9038 286.6343 575.5193 5058.8866 1944.4587;
	1564.7061 931.6963 1579.2646 547.3062 835.1728 1115.733 892.5362 263.9581 537.5414 4779.4939 1791.0717;
	1538.4 906.8 1564.7 559.7186 811.8687 1106.0371 856.6578 254.8085 510.5767 4568.6877 1697.2;
];
