function loadprofile = ex_load_profilesh1
%EX_LOAD_PROFILE  Example load profile data file for stochastic unit commitment.
% 2022.03.12
% Andres F. Ramirez

%% define constants
[CT_LABEL, CT_PROB, CT_TABLE, CT_TBUS, CT_TGEN, CT_TBRCH, CT_TAREABUS, ...
    CT_TAREAGEN, CT_TAREABRCH, CT_ROW, CT_COL, CT_CHGTYPE, CT_REP, ...
    CT_REL, CT_ADD, CT_NEWVAL, CT_TLOAD, CT_TAREALOAD, CT_LOAD_ALL_PQ, ...
    CT_LOAD_FIX_PQ, CT_LOAD_DIS_PQ, CT_LOAD_ALL_P, CT_LOAD_FIX_P, ...
    CT_LOAD_DIS_P, CT_TGENCOST, CT_TAREAGENCOST, CT_MODCOST_F, ...
    CT_MODCOST_X] = idx_ct;

loadprofile = struct( ...
    'type', 'mpcData', ...
    'table', CT_TAREALOAD, ...
    'rows', [1:11], ...
    'col', CT_LOAD_ALL_P, ...
    'chgtype', 1, ...
    'values', [] );
loadprofile.values(:,1,:) = [
	1489.8 877.3 1568.0728 504.4847 738.7 1070.7733 844.0 229.6482 522.5 4506.156 1688.5126;
	1432.0735 857.9193 1533.1 486.8625 732.6725 1054.8429 824.3574 214.7 503.1952 4380.126 1636.93;
	1477.0725 883.7 1574.8069 500.0017 753.3 1082.0633 823.4877 226.8576 499.9 4412.3831 1670.7421;
	1555.4 928.5056 1662.3013 521.5996 830.5 1159.1563 859.2 240.9959 539.4515 4633.2859 1745.4673;
	1674.2049 1049.9 1874.3271 543.3685 942.3537 1328.4 968.445 283.3804 605.0 5099.4416 1961.6712;
	1789.5347 1140.5 2003.7154 571.9 1015.9827 1413.937 1055.1862 305.3555 685.4 5667.4144 2172.801;
	1806.7 1178.0756 2023.5048 573.3916 1015.5 1408.9297 1104.2656 320.7561 712.2179 5940.0091 2257.9;
	1834.7444 1204.8542 2024.3825 547.1 1044.3947 1404.7174 1133.3319 340.7148 724.9825 6197.5081 2373.9497;
	1862.8242 1225.6751 2041.5912 537.3077 1027.5121 1406.9958 1173.5333 348.901 730.3715 6446.7702 2487.8935;
	1851.7024 1206.2792 2007.6324 525.9087 1010.5495 1418.3164 1147.1417 329.1917 703.8 6245.2075 2417.6529;
	1817.1992 1189.3856 1947.0293 523.2 979.6722 1378.3984 1097.4572 306.9724 713.7724 6229.6073 2415.4413;
	1836.4493 1170.9968 1909.7 523.0489 964.7741 1324.4345 1088.1 300.5937 706.9221 6142.7963 2361.9754;
	1812.2551 1160.6568 1875.8133 507.3023 965.2547 1338.7642 1112.3725 290.5 693.9996 6190.2524 2458.7894;
	1811.3815 1125.2 1876.0241 511.09 959.6 1273.0501 1105.9007 295.3465 695.1334 6143.5493 2348.8117;
	1816.5638 1123.4606 1888.7474 525.5031 958.4142 1334.0251 1101.0441 288.4188 688.5706 6158.7737 2363.435;
	1841.0534 1095.0291 1867.1023 538.4947 945.6115 1327.4059 1042.8351 257.45 658.7466 5965.9155 2334.187;
	1757.7224 1073.9822 1831.9126 552.0698 970.4 1337.5268 1072.6193 272.1374 653.668 5850.9627 2444.1606;
	1813.1958 1102.305 1876.9431 552.8779 993.1 1370.0716 1111.875 295.4764 680.5508 5827.7764 2442.5531;
	1864.2082 1121.1097 1871.8 554.8 1011.4 1364.9818 1145.9196 288.302 674.8275 5712.0203 2370.657;
	1809.6716 1064.5959 1807.8676 547.7 950.3877 1290.0135 1087.3197 301.1133 649.0 5472.7347 2273.7549;
	1685.3587 999.971 1674.3781 528.5164 882.6061 1201.8159 1010.8126 262.8172 606.5729 5168.1605 2111.3431;
	1600.4091 944.2974 1573.1292 518.5268 843.8261 1122.2 948.8743 246.7264 571.1 4856.7528 1965.5187;
	1539.2816 908.8564 1555.3429 530.6086 780.8447 1103.5 857.8 222.9755 505.7113 4548.5524 1841.6478;
	1493.811 864.7968 1524.6357 534.2961 754.8774 1081.0776 835.5 231.1 496.5 4480.8779 1830.393;
];
