function loadprofile = ex_load_profilesh1
%EX_LOAD_PROFILE  Example load profile data file for stochastic unit commitment.
% 2022.03.12
% Andres F. Ramirez

%% define constants
[CT_LABEL, CT_PROB, CT_TABLE, CT_TBUS, CT_TGEN, CT_TBRCH, CT_TAREABUS, ...
    CT_TAREAGEN, CT_TAREABRCH, CT_ROW, CT_COL, CT_CHGTYPE, CT_REP, ...
    CT_REL, CT_ADD, CT_NEWVAL, CT_TLOAD, CT_TAREALOAD, CT_LOAD_ALL_PQ, ...
    CT_LOAD_FIX_PQ, CT_LOAD_DIS_PQ, CT_LOAD_ALL_P, CT_LOAD_FIX_P, ...
    CT_LOAD_DIS_P, CT_TGENCOST, CT_TAREAGENCOST, CT_MODCOST_F, ...
    CT_MODCOST_X] = idx_ct;

loadprofile = struct( ...
    'type', 'mpcData', ...
    'table', CT_TAREALOAD, ...
    'rows', [1:11], ...
    'col', CT_LOAD_ALL_P, ...
    'chgtype', 1, ...
    'values', [] );
loadprofile.values(:,1,:) = [
	1536.3599 929.3738 1582.8464 531.4 773.4349 1068.8052 828.0559 223.1959 472.6 4410.4126 1656.557;
	1533.2341 930.8157 1596.1633 522.3103 776.0 1065.2287 829.137 228.9 480.9 4383.7502 1677.6739;
	1531.9936 937.5558 1620.9409 544.7946 791.0065 1089.3678 824.9604 233.8 479.1317 4321.8912 1685.1797;
	1623.5666 991.6034 1706.078 562.9 830.0432 1164.3041 879.6173 236.293 509.3518 4534.0253 1747.3203;
	1790.7457 1111.3868 1897.5605 575.0 969.4898 1313.5427 989.4464 286.2864 590.2 5079.5029 1982.9458;
	1884.2226 1185.1606 2037.4402 580.6 1031.3597 1384.9587 1043.7165 303.3318 643.4581 5504.4807 2080.9781;
	1902.0022 1178.068 1980.5 577.0889 1025.6646 1356.1992 1069.4833 294.6971 673.0771 5668.09 2152.2096;
	1907.9187 1179.1745 1968.5906 583.8086 1018.3538 1339.3972 1062.3109 291.6218 681.883 5918.9409 2116.0994;
	1929.3978 1189.1676 2008.9186 584.8 1023.7254 1328.7044 1079.5206 278.559 699.0691 6039.7498 2097.2777;
	1922.1491 1172.0311 1970.914 557.1 988.6 1305.1 1068.5432 275.9383 691.6827 6111.2 2112.3759;
	1865.8245 1163.9312 1959.0785 563.8793 975.5834 1258.6298 1076.1 281.6425 696.709 6218.5121 2167.875;
	1928.7386 1160.5562 1968.2717 548.0 950.1867 1258.7 1066.5 282.8205 691.3915 6238.668 2185.6588;
	1842.3333 1123.4634 1919.3101 546.5532 915.7 1205.8942 1072.3767 299.5127 679.5992 6170.6255 2148.2306;
	1861.9709 1157.2466 1953.7078 544.6 930.6956 1245.615 1073.7707 302.7948 680.6954 6202.6687 2172.3514;
	1874.3167 1118.5744 1899.8534 542.6397 916.5488 1251.7086 1066.7286 288.6498 664.7 6111.0196 2186.6;
	1827.478 1134.0646 1911.7974 557.6079 935.7077 1269.6415 1071.2192 295.5563 656.5 6072.4211 2245.2803;
	1822.0889 1154.0099 1970.1707 567.2199 964.589 1321.7723 1128.7472 324.3279 684.683 6034.9922 2273.2167;
	1854.8073 1171.8285 2001.51 563.6 974.7052 1360.3 1123.2043 316.4 707.6887 5988.3451 2367.605;
	1843.9195 1174.8512 2048.282 558.7 989.725 1351.9143 1108.6026 316.5198 705.3643 5884.0884 2326.7462;
	1802.5107 1136.0928 1963.4253 550.1778 925.0029 1281.4353 1068.4921 285.0183 676.4361 5813.0355 2227.2;
	1756.5313 1069.7 1871.3 533.2052 881.3521 1193.7773 1002.1873 268.5328 647.6572 5576.9863 2092.2451;
	1686.0585 1006.1321 1760.2378 523.2 792.8152 1143.3511 925.0341 241.4 583.0 5109.7399 1934.2516;
	1596.4788 966.2769 1703.54 540.5292 768.9 1101.7805 870.3396 268.5 518.3 4809.7 1798.2769;
	1589.2848 960.158 1662.7034 554.3299 731.2263 1067.2975 816.4 265.2629 466.2261 4648.0 1760.2244;
];
