function loadprofile = ex_load_profilesh1
%EX_LOAD_PROFILE  Example load profile data file for stochastic unit commitment.
% 2022.03.12
% Andres F. Ramirez

%% define constants
[CT_LABEL, CT_PROB, CT_TABLE, CT_TBUS, CT_TGEN, CT_TBRCH, CT_TAREABUS, ...
    CT_TAREAGEN, CT_TAREABRCH, CT_ROW, CT_COL, CT_CHGTYPE, CT_REP, ...
    CT_REL, CT_ADD, CT_NEWVAL, CT_TLOAD, CT_TAREALOAD, CT_LOAD_ALL_PQ, ...
    CT_LOAD_FIX_PQ, CT_LOAD_DIS_PQ, CT_LOAD_ALL_P, CT_LOAD_FIX_P, ...
    CT_LOAD_DIS_P, CT_TGENCOST, CT_TAREAGENCOST, CT_MODCOST_F, ...
    CT_MODCOST_X] = idx_ct;

loadprofile = struct( ...
    'type', 'mpcData', ...
    'table', CT_TAREALOAD, ...
    'rows', [1:11], ...
    'col', CT_LOAD_ALL_P, ...
    'chgtype', 1, ...
    'values', [] );
loadprofile.values(:,1,:) = [
	1479.7 901.9915 1576.3497 549.409 785.1071 1098.3 836.2 237.1 493.1 4409.4904 1653.2674;
	1443.7767 897.8634 1552.6198 549.8722 760.5504 1075.1754 835.3 236.9246 482.4043 4427.6205 1659.6836;
	1503.6 908.6751 1574.8704 548.538 783.4385 1101.4927 839.4657 241.354 499.1713 4378.3551 1674.6;
	1559.9544 973.8 1646.5728 558.7357 808.3838 1171.9115 880.7 263.4846 527.5 4582.4367 1789.9948;
	1696.0028 1082.0 1846.8689 570.439 948.3642 1342.9191 993.2975 307.4802 602.7372 5103.9879 2041.3466;
	1786.6 1121.7037 1932.7271 565.8992 999.5527 1425.8 1071.6787 348.7 671.1 5668.0713 2226.4615;
	1814.1873 1148.0482 1900.2174 555.8393 960.2964 1420.5542 1082.8132 344.7597 683.1 6037.3072 2316.7128;
	1820.7798 1137.4348 1901.966 537.3853 969.9032 1391.5653 1095.4347 339.4629 698.8857 6195.4302 2431.3183;
	1858.1 1179.0 1958.8806 540.4123 1001.2424 1381.8921 1103.4205 353.6779 703.7 6297.4333 2464.2025;
	1849.3285 1141.7962 1959.422 527.9222 1006.6213 1347.918 1090.4571 339.3198 701.0889 6271.8786 2451.3242;
	1889.9374 1166.9581 1952.6853 527.0896 978.9941 1287.3778 1076.1 346.1 692.6645 6339.7095 2399.9897;
	1911.9597 1171.6135 1929.1531 520.8044 967.8 1226.5391 1020.2701 342.4098 689.1518 6284.319 2346.4554;
	1874.3404 1146.0176 1952.7089 534.1882 977.076 1241.7216 979.1462 331.2544 675.3836 6072.6691 2239.692;
	1857.0054 1140.9522 1876.4908 544.1 978.7113 1255.7801 1003.0 327.2785 680.2641 6069.4 2248.0394;
	1898.3995 1174.1302 1964.5827 549.471 1012.4276 1307.6 1057.4758 347.6854 690.2815 6160.805 2375.3444;
	1849.2872 1136.8589 1909.1491 558.0 971.5812 1265.5083 1028.2485 332.7173 664.0416 5999.4135 2280.9743;
	1828.5695 1136.3018 1935.9776 567.1032 972.3477 1326.525 1071.6111 330.6488 689.498 6052.9717 2376.9294;
	1908.0293 1195.6036 2081.0753 577.9543 1008.891 1371.593 1111.3778 341.9 705.5897 5978.9531 2397.3291;
	1852.9 1155.436 1973.3947 579.3317 995.5654 1346.1491 1080.2168 327.8611 683.9403 5806.8034 2333.3606;
	1822.3399 1132.9351 1940.4582 556.9 992.7151 1304.3213 1038.8 317.7727 636.6 5602.98 2216.4153;
	1773.3035 1072.6 1816.506 549.8 940.4638 1220.8593 970.2523 301.2935 589.4035 5343.312 2088.4864;
	1681.4854 1009.6998 1697.5 550.9892 897.1202 1148.9414 923.7 285.7647 545.4 5063.0007 1931.3936;
	1587.5372 928.6359 1611.6921 550.1 834.3427 1134.5786 889.1454 284.5472 462.1242 4923.8621 1760.7593;
	1514.7515 899.0351 1549.5041 570.7015 801.3809 1071.6954 841.3 240.9319 472.5909 4517.7744 1616.9733;
];
