function loadprofile = ex_load_profilesh1
%EX_LOAD_PROFILE  Example load profile data file for stochastic unit commitment.
% 2022.03.12
% Andres F. Ramirez

%% define constants
[CT_LABEL, CT_PROB, CT_TABLE, CT_TBUS, CT_TGEN, CT_TBRCH, CT_TAREABUS, ...
    CT_TAREAGEN, CT_TAREABRCH, CT_ROW, CT_COL, CT_CHGTYPE, CT_REP, ...
    CT_REL, CT_ADD, CT_NEWVAL, CT_TLOAD, CT_TAREALOAD, CT_LOAD_ALL_PQ, ...
    CT_LOAD_FIX_PQ, CT_LOAD_DIS_PQ, CT_LOAD_ALL_P, CT_LOAD_FIX_P, ...
    CT_LOAD_DIS_P, CT_TGENCOST, CT_TAREAGENCOST, CT_MODCOST_F, ...
    CT_MODCOST_X] = idx_ct;

loadprofile = struct( ...
    'type', 'mpcData', ...
    'table', CT_TAREALOAD, ...
    'rows', [1:11], ...
    'col', CT_LOAD_ALL_P, ...
    'chgtype', 1, ...
    'values', [] );
loadprofile.values(:,1,:) = [
	1410.8227 883.4277 1498.1 521.314 715.0468 1110.3212 839.3 283.4427 506.0282 4406.9453 1699.7505;
	1398.0731 878.2032 1492.0594 509.071 700.9617 1105.6207 835.7122 287.0457 492.03 4383.466 1674.2623;
	1432.9954 907.4 1542.2875 537.3075 720.7563 1119.8492 837.8563 275.6387 503.4245 4366.1196 1709.0865;
	1466.0733 965.4677 1614.2104 545.5997 778.3 1182.7 874.8952 275.0792 530.0 4582.6 1766.5781;
	1586.255 1067.1199 1819.1797 577.8 903.1952 1355.4369 991.455 323.6165 615.1736 5102.5691 2046.3397;
	1763.2 1154.1562 1933.1866 594.2676 1002.7442 1434.9422 1067.7168 351.825 681.1641 5758.9028 2187.7508;
	1797.6081 1177.3716 1953.7444 575.6351 1021.4524 1406.6401 1078.2246 351.8033 688.9022 6003.3169 2203.8158;
	1780.826 1192.3457 1956.5104 576.4979 1021.3617 1385.92 1099.1661 345.2233 693.1961 6139.8966 2172.5808;
	1784.5952 1215.5894 1985.5743 551.4121 1023.0775 1336.1677 1109.952 349.4043 683.9283 6177.5237 2138.0472;
	1808.4128 1211.8277 2006.8 547.367 1031.0908 1293.0608 1062.7857 362.1 689.1 6156.0721 2220.2846;
	1863.5867 1214.555 2015.7395 544.9 1029.8055 1355.947 1119.0574 374.0567 696.8982 6229.0392 2297.947;
	1844.0527 1211.4714 2042.6426 529.2678 1040.4527 1333.9022 1107.665 379.5939 698.2961 6249.4263 2387.4589;
	1840.526 1195.2643 1989.0481 543.569 1016.5015 1296.9138 1134.2359 403.1871 705.3065 6280.2657 2416.7221;
	1778.7556 1193.8005 1970.8942 567.3625 1000.6917 1339.2138 1107.0732 410.0049 696.4 6227.6209 2378.9832;
	1696.1603 1148.6147 1954.4771 581.2453 1014.6016 1322.045 1075.6928 423.9769 683.8 6096.9856 2326.2624;
	1676.6493 1140.9461 1913.6574 586.4221 1007.475 1337.9035 1080.5011 381.3066 678.5078 6086.074 2423.1883;
	1709.4779 1156.8975 1910.5711 575.7945 1035.4178 1390.7416 1120.843 392.3074 703.2968 5994.3009 2423.5958;
	1834.4237 1210.8336 1930.4728 586.7563 1038.2169 1416.7451 1123.1907 369.8431 745.3138 5858.0138 2475.1572;
	1832.4637 1217.8534 1917.1 596.4097 1022.2183 1376.4882 1083.8848 360.4152 716.1052 5804.0947 2403.2677;
	1749.9476 1142.6485 1810.1871 568.3716 950.6261 1332.9528 1060.5 363.0258 681.6748 5812.4121 2314.3732;
	1732.0039 1063.1201 1661.7338 544.4 899.3165 1249.8822 1006.9154 359.4255 645.7 5399.1003 2208.9935;
	1629.0045 987.9346 1554.8047 545.1023 793.2889 1143.6351 927.7405 303.8497 574.0548 4995.1421 1963.1956;
	1608.2776 933.9291 1543.6015 549.2545 746.2998 1164.9336 996.3318 319.8971 549.1926 4828.2 1868.5914;
	1546.7895 891.7 1484.0917 540.2 713.987 1094.4 925.3741 291.3252 498.4 4631.0482 1765.0243;
];
