function windprofile = ex_wind_profilesh1
%EX_WIND_PROFILE_D  Example wind_load_nyiso profile data for deterministic unit commitment.
% 2022.03.12
% Andres F. Ramirez


%% define constants
[GEN_BUS, PG, QG, QMAX, QMIN, VG, MBASE, GEN_STATUS, PMAX, PMIN, ...
    MU_PMAX, MU_PMIN, MU_QMAX, MU_QMIN, PC1, PC2, QC1MIN, QC1MAX, ...
    QC2MIN, QC2MAX, RAMP_AGC, RAMP_10, RAMP_30, RAMP_Q, APF] = idx_gen;
[CT_LABEL, CT_PROB, CT_TABLE, CT_TBUS, CT_TGEN, CT_TBRCH, CT_TAREABUS, ...
    CT_TAREAGEN, CT_TAREABRCH, CT_ROW, CT_COL, CT_CHGTYPE, CT_REP, ...
    CT_REL, CT_ADD, CT_NEWVAL, CT_TLOAD, CT_TAREALOAD, CT_LOAD_ALL_PQ, ...
    CT_LOAD_FIX_PQ, CT_LOAD_DIS_PQ, CT_LOAD_ALL_P, CT_LOAD_FIX_P, ...
    CT_LOAD_DIS_P, CT_TGENCOST, CT_TAREAGENCOST, CT_MODCOST_F, ...
    CT_MODCOST_X] = idx_ct;

windprofile = struct( ...
    'type', 'mpcData', ...
    'table', CT_TGEN, ...
    'rows', [1:45], ...
    'col', PMAX, ...
    'chgtype', 1, ...
    'values', [] );
windprofile.values(:,1,:) = [
	3.9989 54.0337 89.3902 117.6607 15.1035 34.5664 32.0957 17.8314 10.8219 15.7032 29.0272 43.3029 65.1922 57.58 201.3412 75.8541 94.1153 99.7341 86.1734 69.7427 10.6986 80.6549 23.8611 87.0898 101.6896 74.625 13.6038 1320.4336 792.2532 792.2532 761.2355 113.347 287.2448 179.518 180.5211 338.028 1181.4922 270.9745 471.4486 272.3829 122.0825 383.4562 212.1583 278.0757 1193.7994;
	3.9437 53.2885 90.3912 116.4901 14.9236 34.1523 31.9757 18.1875 10.1631 12.5435 23.1865 34.5897 52.0746 64.9015 198.877 74.9258 92.9635 98.5135 86.5807 71.117 10.6586 79.6887 22.6434 86.1555 102.7038 73.3459 13.4684 1298.3926 796.4304 796.4304 739.8358 118.9684 288.6024 183.0552 203.4751 339.8103 1251.5983 254.8757 473.5735 275.0994 122.8062 378.8629 208.0718 279.5029 1264.6358;
	3.8685 52.2715 86.4069 113.074 14.8853 32.4909 32.6762 17.8958 19.9498 12.8956 23.8372 35.5605 53.5361 62.845 186.7672 70.3634 87.3028 92.5149 86.4634 69.673 10.8921 75.8121 1.7577 84.7575 100.9395 72.4156 12.9927 1284.3204 797.5984 797.5984 737.92 116.3453 288.2113 179.3385 197.0276 340.3087 1274.1795 282.6384 473.6852 270.3736 120.9207 360.4325 205.5682 262.3768 1287.4522;
	3.7683 50.9186 86.4519 112.137 15.0535 32.5981 31.6028 17.974 27.2381 27.3642 50.5823 75.4589 113.6029 67.9116 198.5295 74.7948 92.801 98.3414 86.3687 67.0204 10.5343 76.0623 0.0 83.7915 99.4786 71.1072 13.0383 1281.9469 784.8657 784.8657 729.3099 117.6476 287.8957 172.5106 212.912 334.876 1227.7011 282.8429 476.6448 266.4604 121.634 361.6221 173.6748 258.5548 1240.4896;
	3.1023 41.9187 86.7034 112.895 14.8627 28.2097 31.0223 17.6986 26.6413 28.4355 52.5625 78.4129 118.0502 63.7138 196.3209 73.9628 91.7686 97.2473 86.7685 65.3792 10.3408 65.8227 66.3932 85.3853 100.0383 70.47 13.2144 1265.2912 779.397 779.397 678.6956 113.7807 289.2282 168.2864 199.7513 332.5427 1164.0184 264.8937 463.9635 267.9596 119.6672 312.9399 175.311 260.8626 1176.1436;
	3.6858 49.8038 86.6213 112.3755 14.6225 30.2996 19.8412 17.6917 25.9332 28.609 52.8833 78.8915 118.7707 56.69 200.0403 75.364 93.5072 99.0897 58.4849 67.5411 6.6137 70.6991 68.9951 85.3744 99.6433 71.3965 13.4139 1240.6203 793.5571 793.5571 738.1816 114.6596 194.9495 173.8509 177.7308 338.5844 1214.3344 286.1978 468.0755 266.9016 118.0379 336.1235 158.2555 258.6673 1226.9837;
	3.7675 50.907 86.9479 114.2779 14.875 32.36 15.2273 17.8604 25.5793 28.908 53.436 79.716 120.0119 69.1527 199.8768 75.3024 93.4308 99.0088 87.0256 70.1361 5.0758 75.5068 69.6583 86.9399 102.1666 71.6494 13.3516 1296.9013 817.3376 817.3376 748.002 115.9586 290.0853 180.5304 216.8032 348.7307 1206.2502 303.5555 444.3269 273.6605 122.1251 358.9808 181.8466 268.2296 1218.8154;
	3.5892 48.4976 86.4021 111.1616 14.6542 31.8345 8.4377 17.7593 1.1771 27.8224 51.4293 76.7224 115.5052 49.6673 203.766 76.7677 95.2488 100.9353 89.8142 72.5493 2.8126 74.2804 72.3285 84.783 97.7644 70.9784 13.4257 1243.0793 762.8513 762.8513 689.4359 112.7255 299.3807 186.7421 155.7136 325.4832 1139.7322 282.4026 187.0168 261.8689 122.0883 353.1503 191.1401 260.6608 1151.6045;
	3.6299 49.0475 88.34 109.7278 14.7408 29.6248 3.4482 17.6549 0.3781 27.5132 50.8577 75.8697 114.2215 28.083 198.0031 74.5965 92.5549 98.0806 88.9224 72.3202 1.1494 69.1245 69.4242 84.8263 98.2809 71.0757 13.1567 1106.5211 662.6539 662.6539 702.5369 117.5449 296.4082 186.1524 88.0439 282.7323 970.4413 272.321 22.1763 263.2525 120.0362 328.6375 186.3425 267.5881 980.55;
	3.7267 50.3563 86.9349 115.1967 14.8921 29.9664 1.5686 18.2341 1.2083 21.0849 38.9751 58.1432 87.5343 22.5886 196.5314 74.0421 91.867 97.3516 91.3969 72.3356 0.5229 69.9215 45.4567 86.7529 100.1515 73.2104 13.0292 891.8305 551.8313 551.8313 572.0749 118.3277 304.6565 186.192 70.8184 235.448 747.2754 265.1844 23.1071 268.2628 120.8154 332.4268 160.1113 270.8023 755.0595;
	3.6506 49.3274 87.5915 117.135 14.5143 26.5156 0.003 18.101 0.0058 26.7818 49.5057 73.8528 111.185 4.2208 196.0781 73.8713 91.6551 97.1271 80.6679 70.6043 0.001 61.8697 69.9005 88.2233 103.2339 72.106 13.2482 714.3612 621.0671 621.0671 524.074 121.148 268.8929 181.7356 13.2329 264.9886 687.5018 225.3539 1.6025 276.5194 118.9308 294.1464 152.9768 263.0405 694.6633;
	3.5831 48.4156 89.5273 117.7039 14.9413 20.7692 4.9228 17.6484 3.495 26.7512 49.4491 73.7684 111.0579 7.6259 199.5016 75.1611 93.2554 98.8229 41.0318 70.1904 1.6409 48.4614 70.491 86.4062 99.8276 71.3915 12.933 548.6363 699.4696 699.4696 523.1578 115.4186 136.7725 180.6702 23.9083 298.4404 797.1562 229.9786 68.8535 267.3955 122.0426 230.3992 149.0141 263.4692 805.46;
	3.9033 52.7415 90.2355 113.7214 15.0091 22.3815 2.9883 17.4048 24.4237 22.4907 41.5738 62.0199 93.3706 50.501 198.7239 74.8681 92.8919 98.4377 57.7365 70.1196 0.9961 52.2235 69.4565 86.9148 103.0241 69.4368 13.2383 528.8674 660.7384 660.7384 548.4761 111.8222 192.4551 180.4879 158.3274 281.915 573.6635 240.6674 30.0252 275.9574 122.5017 248.2856 153.1072 266.2527 579.6392;
	3.7884 51.1892 87.3774 111.4175 14.638 20.9749 0.6836 17.6444 10.0679 18.2975 33.8227 50.4568 75.9624 35.8307 197.5377 74.4212 92.3374 97.8501 54.8282 70.0896 0.2279 48.9414 63.2587 83.7541 98.6157 69.8411 12.9237 508.8598 662.1167 662.1167 511.2737 96.8703 182.7605 180.4109 112.3341 282.5031 655.6073 259.6779 27.3536 264.1492 120.7351 232.6814 161.1823 256.756 662.4365;
	3.7926 51.2458 86.9524 113.4449 15.0411 20.0898 4.7809 17.7375 0.1373 24.1522 44.6449 66.6015 100.2681 30.8751 196.9002 74.181 92.0394 97.5343 68.6578 70.8299 1.5936 46.8762 63.8302 86.2857 101.1528 70.4613 13.3058 368.5208 642.8462 642.8462 455.4592 90.3171 228.8594 182.3163 96.7977 274.2811 560.2732 238.5833 74.1802 270.9449 119.7402 222.8626 167.5166 224.8027 566.1094;
	3.527 47.6576 87.4259 118.365 14.7649 10.6683 5.3001 17.8308 1.1782 27.127 50.1438 74.8046 112.618 22.8044 191.6745 72.2122 89.5967 94.9457 65.3097 71.3026 1.7667 24.8928 65.7008 85.9402 101.2874 71.082 13.4507 404.5148 538.6187 538.6187 436.061 93.5898 217.699 183.5331 71.4949 229.8106 477.6206 223.7436 19.4988 271.3055 122.3256 118.3475 162.3256 186.0278 482.5958;
	3.4984 47.2714 90.0617 118.2947 14.409 19.208 1.6703 18.4327 2.3387 28.5848 52.8386 78.8248 118.6703 36.2581 195.5107 73.6575 91.3899 96.846 67.9752 71.841 0.5568 44.8188 70.8779 86.2666 103.8834 72.9142 13.6745 1007.5669 494.1314 494.1314 347.7534 90.3211 226.5839 184.9188 113.6741 210.8294 881.0353 234.9437 113.5921 278.2592 120.9999 213.0813 141.1852 222.1106 890.2127;
	3.1843 43.0275 89.2248 118.2969 14.0061 21.4903 2.8809 17.6739 0.4781 28.0313 51.8154 77.2984 116.3723 58.8676 196.476 74.0212 91.8411 97.3241 81.7037 69.4975 0.9603 50.144 70.9253 84.4959 100.2769 71.0778 13.2673 1197.9706 579.9967 579.9967 243.5336 65.8843 272.3457 178.8866 184.5579 247.4653 1009.8964 205.9423 126.7083 268.5989 119.0956 238.3989 176.2126 246.7448 1020.4161;
