function windprofile = ex_wind_profilesh1
%EX_WIND_PROFILE_D  Example wind_load_nyiso profile data for deterministic unit commitment.
% 2022.03.12
% Andres F. Ramirez


%% define constants
[GEN_BUS, PG, QG, QMAX, QMIN, VG, MBASE, GEN_STATUS, PMAX, PMIN, ...
    MU_PMAX, MU_PMIN, MU_QMAX, MU_QMIN, PC1, PC2, QC1MIN, QC1MAX, ...
    QC2MIN, QC2MAX, RAMP_AGC, RAMP_10, RAMP_30, RAMP_Q, APF] = idx_gen;
[CT_LABEL, CT_PROB, CT_TABLE, CT_TBUS, CT_TGEN, CT_TBRCH, CT_TAREABUS, ...
    CT_TAREAGEN, CT_TAREABRCH, CT_ROW, CT_COL, CT_CHGTYPE, CT_REP, ...
    CT_REL, CT_ADD, CT_NEWVAL, CT_TLOAD, CT_TAREALOAD, CT_LOAD_ALL_PQ, ...
    CT_LOAD_FIX_PQ, CT_LOAD_DIS_PQ, CT_LOAD_ALL_P, CT_LOAD_FIX_P, ...
    CT_LOAD_DIS_P, CT_TGENCOST, CT_TAREAGENCOST, CT_MODCOST_F, ...
    CT_MODCOST_X] = idx_ct;

windprofile = struct( ...
    'type', 'mpcData', ...
    'table', CT_TGEN, ...
    'rows', [1:45], ...
    'col', PMAX, ...
    'chgtype', 1, ...
    'values', [] );
windprofile.values(:,1,:) = [
	3.9584 53.4869 94.3438 116.1846 15.1107 33.591 31.9491 17.7916 11.0955 14.0845 26.035 38.8391 58.4721 52.1553 197.645 74.4616 92.3875 97.9032 84.2049 69.0407 10.6497 78.3789 18.1605 85.3037 102.8323 73.78 13.5955 1252.5152 740.6871 740.6871 726.9622 115.391 280.6829 177.7109 163.514 316.0265 1055.3283 249.606 434.9534 275.4437 119.4963 372.6357 213.9104 281.5826 1066.3213;
	3.9462 53.3221 95.2564 117.6357 15.1107 34.2278 31.9965 17.9638 11.5356 12.9651 23.9657 35.7521 53.8246 63.0981 186.7368 70.352 87.2886 92.4998 80.773 70.9247 10.6655 79.8648 29.2152 83.2544 102.5636 72.5367 13.3339 1257.3803 786.4717 786.4717 739.9194 116.8672 269.2434 182.5604 197.821 335.5613 1202.8135 243.949 436.5029 274.7239 118.8474 379.7002 214.1589 283.0687 1215.3428;
	3.8509 52.034 92.3233 112.6755 15.0984 33.4206 33.0415 17.481 22.3687 12.6332 23.3522 34.8369 52.4468 59.4941 152.0014 57.2656 71.0518 75.2937 75.1645 70.2391 11.0138 77.9813 26.8577 81.9269 97.7674 72.1362 12.9002 1191.7054 740.8684 740.8684 670.3459 113.4266 250.5482 180.7957 186.5219 316.1038 1133.4859 259.6603 439.3611 261.877 116.377 370.7456 212.9797 263.7217 1145.2931;
	3.6373 49.1479 86.9781 109.1891 14.6927 28.0337 30.5438 17.0344 26.8091 23.8896 44.1595 65.8773 99.178 63.3189 186.2483 70.168 87.0603 92.2579 73.9036 66.5619 10.1813 65.4119 19.067 69.3502 95.0003 71.2426 12.7474 1183.919 730.0291 730.0291 672.4678 114.1757 246.3455 171.3306 198.5133 311.4791 1089.4071 271.1616 350.0096 254.465 115.067 310.9866 171.4314 258.2233 1100.755;
	3.263 44.0902 89.0645 111.3528 15.0897 29.3685 31.5983 17.6988 26.9223 28.9179 53.4543 79.7433 120.0531 63.6979 191.9861 72.3296 89.7423 95.1001 84.3115 68.382 10.5328 68.5264 72.6576 83.2383 100.0258 71.485 12.8773 1195.7342 724.1986 724.1986 706.7957 111.8491 281.0384 176.0154 199.7014 308.9914 1029.7205 287.7831 434.0367 267.9262 115.0809 325.7941 184.8453 264.5225 1040.4467;
	3.6825 49.7585 89.5775 110.5381 15.0509 32.2496 19.3686 17.436 25.8033 26.8649 49.6594 74.0821 111.5302 51.1966 194.2649 73.1882 90.8076 96.2289 54.5531 68.2055 6.4562 75.2491 69.3102 83.6038 100.0874 71.2035 13.0709 1114.7079 730.245 730.245 699.4898 114.0269 181.8436 175.561 160.5083 311.5712 1041.5703 265.4394 422.3198 268.0912 112.5289 357.7559 159.4655 265.0078 1052.42;
	3.638 49.1577 92.6003 116.0178 15.3012 33.0727 14.109 17.5195 26.3762 28.3396 52.3853 78.1485 117.6521 65.55 195.6757 73.7197 91.467 96.9277 85.6095 70.9657 4.703 77.1697 70.4883 86.5677 103.476 71.388 13.3645 1190.1761 768.6705 768.6705 700.8402 109.1307 285.3651 182.6659 205.508 327.9661 1079.42 274.7085 378.9586 277.1677 116.3545 366.8869 178.3666 279.1696 1090.6639;
	3.6186 48.8946 91.4127 114.8913 14.8676 32.6856 1.6596 17.5704 4.9463 28.1913 52.1112 77.7397 117.0367 44.493 198.7719 74.8861 92.9143 98.4614 84.7616 70.459 0.5532 76.2664 71.1453 84.3885 99.0173 71.6765 13.2687 1201.1671 740.891 740.891 666.1942 118.5905 282.5387 181.3618 139.4914 316.1135 1126.1558 291.3242 140.2812 265.225 117.1162 362.5922 196.4632 275.5816 1137.8866;
	3.7769 51.0339 90.6653 116.7535 15.0899 32.2133 1.2675 17.6745 4.5971 28.6558 52.9698 79.0206 118.965 28.1421 192.9318 72.6859 90.1844 95.5686 84.4649 70.2396 0.4225 75.1644 70.8966 84.272 98.5538 71.2257 13.007 1064.1906 659.5355 659.5355 697.9957 114.8854 281.5496 180.797 88.2293 281.4018 961.7177 294.8844 0.0 263.9834 117.8652 357.3531 181.6156 278.8734 971.7356;
	3.6602 49.4573 87.015 116.2096 14.8408 30.4336 0.0 17.6864 0.0028 23.9316 44.2372 65.9932 99.3524 19.018 179.154 67.4952 83.7441 88.7437 78.6645 70.537 0.0 71.0117 43.7571 85.2308 98.3838 71.4916 12.6657 765.1346 548.3386 548.3386 533.1936 116.0462 262.215 181.5625 59.6241 233.9578 696.2523 253.8347 0.0 263.5282 118.6544 337.6101 140.2496 270.5111 703.5049;
	3.7327 50.4373 90.1568 117.4792 15.3404 27.5636 1.8504 17.4182 2.6285 28.5501 52.7743 78.7289 118.526 0.1184 192.828 72.6468 90.1359 95.5171 72.873 71.8608 0.6168 64.3152 69.9499 86.4916 99.5032 69.5025 12.4523 571.9967 627.0394 627.0394 485.5104 112.0485 242.91 184.9698 0.3713 267.5368 614.6529 214.8918 0.0 266.5264 117.113 305.7726 144.8334 270.0575 621.0555;
	3.6164 48.8652 89.5445 114.021 15.3761 20.9405 2.2425 17.5333 1.8213 25.8778 47.8348 71.36 107.4322 0.0 189.7733 71.496 88.708 94.004 28.6892 70.3872 0.7475 48.8611 69.6463 84.8547 97.8557 71.8792 12.7674 508.1795 676.0087 676.0087 478.343 102.5318 95.6307 181.1769 0.0 288.4304 722.7922 210.6395 0.043 262.1136 119.2312 232.2998 138.1917 266.385 730.3213;
	3.8735 52.3401 91.1709 115.5036 15.3411 21.9725 3.1753 17.2679 26.3889 23.3058 43.0803 64.2674 96.7542 46.4806 186.4547 70.2457 87.1567 92.3601 52.6804 69.4443 1.0584 51.2692 69.2253 83.5971 97.3387 69.4959 13.2115 496.9545 664.7533 664.7533 481.489 106.9686 175.6013 178.7498 145.7229 283.6281 543.729 231.2874 0.0 260.7288 115.5827 243.7483 139.2896 260.7898 549.3929;
	3.8052 51.4168 88.4828 112.631 15.243 20.7738 10.5234 17.3551 21.6391 22.869 42.2731 63.0631 94.9412 37.2464 194.9089 73.4308 91.1086 96.5479 55.821 71.4489 3.5078 48.4723 71.8948 81.5463 95.8541 70.2486 12.9549 492.797 685.6387 685.6387 480.2125 94.5491 186.07 183.9096 116.7725 292.5392 647.2947 234.6786 42.0424 256.7522 117.757 230.451 157.4585 257.6845 654.0374;
	3.7565 50.7585 87.9781 111.4741 14.858 19.3325 15.7576 17.4882 27.12 23.8142 44.0202 65.6695 98.865 31.7467 179.1141 67.4802 83.7254 88.724 63.1878 69.8789 5.2525 45.1091 68.8456 83.4703 96.747 71.7544 12.9529 352.2808 659.3201 659.3201 444.5484 90.5438 210.626 179.8684 99.5302 281.3099 575.8632 243.5314 69.939 259.1437 116.1836 214.4616 158.3481 242.2704 581.8618;
	3.6019 48.6701 89.9295 116.9999 15.0692 10.6854 13.2902 17.9044 10.0416 26.7975 49.5348 73.8962 111.2504 24.0886 166.031 62.5512 77.6098 82.2433 57.49 70.9856 4.4301 24.9327 69.1714 85.3924 97.8563 71.8056 13.5437 348.4792 481.0164 481.0164 387.3508 83.4122 191.6332 182.7172 75.521 205.2337 433.6737 217.2858 33.0307 262.115 118.8668 118.537 152.6156 242.5503 438.1912;
	3.6078 48.7487 91.0125 117.5691 14.9656 18.9719 11.0368 18.3556 6.1868 25.6619 47.4356 70.7646 106.5358 33.1933 166.2532 62.6349 77.7137 82.3533 58.4929 70.1238 3.6789 44.2677 68.589 84.5634 100.9891 72.6887 13.4875 907.3434 444.2589 444.2589 278.2138 85.197 194.9764 180.4988 104.0653 189.5505 768.5842 221.5694 106.5755 270.5065 119.6241 210.4615 136.4468 234.7078 776.5902;
	3.2513 43.9323 88.9033 115.5805 14.1846 21.6523 3.9184 18.3073 0.1438 27.9972 51.7523 77.2043 116.2307 56.4124 177.8149 66.9907 83.1181 88.0804 74.4275 70.1465 1.3061 50.5219 68.9361 84.2936 98.1301 72.5066 13.7314 1117.0024 517.8126 517.8126 193.9104 65.9658 248.0917 180.5572 176.8603 220.9334 939.8492 195.3481 108.416 262.8485 118.6576 240.1958 172.8056 256.9367 949.6393;
