function windprofile = ex_wind_profilesh1
%EX_WIND_PROFILE_D  Example wind_load_nyiso profile data for deterministic unit commitment.
% 2022.03.12
% Andres F. Ramirez


%% define constants
[GEN_BUS, PG, QG, QMAX, QMIN, VG, MBASE, GEN_STATUS, PMAX, PMIN, ...
    MU_PMAX, MU_PMIN, MU_QMAX, MU_QMIN, PC1, PC2, QC1MIN, QC1MAX, ...
    QC2MIN, QC2MAX, RAMP_AGC, RAMP_10, RAMP_30, RAMP_Q, APF] = idx_gen;
[CT_LABEL, CT_PROB, CT_TABLE, CT_TBUS, CT_TGEN, CT_TBRCH, CT_TAREABUS, ...
    CT_TAREAGEN, CT_TAREABRCH, CT_ROW, CT_COL, CT_CHGTYPE, CT_REP, ...
    CT_REL, CT_ADD, CT_NEWVAL, CT_TLOAD, CT_TAREALOAD, CT_LOAD_ALL_PQ, ...
    CT_LOAD_FIX_PQ, CT_LOAD_DIS_PQ, CT_LOAD_ALL_P, CT_LOAD_FIX_P, ...
    CT_LOAD_DIS_P, CT_TGENCOST, CT_TAREAGENCOST, CT_MODCOST_F, ...
    CT_MODCOST_X] = idx_ct;

windprofile = struct( ...
    'type', 'mpcData', ...
    'table', CT_TGEN, ...
    'rows', [1:45], ...
    'col', PMAX, ...
    'chgtype', 1, ...
    'values', [] );
windprofile.values(:,1,:) = [
	3.8424 51.9187 90.8229 113.647 15.0736 32.8972 30.7239 17.5329 10.4955 17.7222 32.7592 48.8703 73.574 56.969 200.8116 75.6546 93.8678 99.4718 84.1813 71.9138 10.2413 76.7601 27.0467 85.1999 101.7194 74.1827 13.3038 1259.1313 774.3305 774.3305 678.7158 108.5509 280.6043 185.1063 178.6054 330.381 1086.8602 239.8973 466.4467 272.4626 117.3964 364.9396 213.3334 275.277 1098.1817;
	3.8939 52.6155 93.6475 114.951 15.1016 33.4546 31.6539 17.5292 12.7069 15.9535 29.4898 43.9929 66.2311 65.2748 199.8148 75.2791 93.4018 98.978 85.772 73.1422 10.5513 78.0607 32.9493 83.3545 100.2232 72.8725 12.8903 1307.3636 805.2295 805.2295 756.533 111.7765 285.9067 188.2681 204.6453 343.5646 1228.0524 253.4608 469.9703 268.455 116.6678 371.1228 214.596 280.6109 1240.8446;
	3.8535 52.0687 90.0301 110.4561 15.2158 33.5774 33.138 17.1449 23.42 15.9811 29.5408 44.0691 66.3458 65.6559 182.3223 68.6888 85.2251 90.3131 85.5177 73.3957 11.046 78.3472 30.5751 83.2677 99.1833 71.2334 12.2734 1303.9391 829.7471 829.7471 757.2668 113.0682 285.0591 188.9207 205.84 354.0254 1272.4988 272.0032 470.9859 265.6695 115.2158 372.4852 216.3881 259.8968 1285.754;
	3.77 50.9404 91.8701 115.6524 15.2475 33.8848 31.6498 17.7272 28.0847 30.0581 55.5619 82.8874 124.7865 68.4786 200.1247 75.3958 93.5467 99.1316 87.1101 72.64 10.5499 79.0646 29.3714 83.7562 99.9843 71.8912 12.9787 1303.6593 812.4338 812.4338 756.8413 113.6798 290.3669 186.9755 214.6898 346.6384 1219.3873 299.5822 466.5818 267.815 115.2991 375.8957 192.5507 262.4554 1232.0892;
	3.3161 44.8076 94.1522 119.0858 15.2653 32.3963 31.5315 18.4854 27.8256 30.7244 56.7935 84.7248 127.5527 68.5744 201.6219 75.9599 94.2465 99.8732 88.3641 73.6712 10.5105 75.5913 74.8682 87.279 105.4252 73.1848 13.2951 1333.1885 823.0684 823.0684 755.8571 118.1853 294.547 189.6299 214.9899 351.1759 1190.5248 313.9233 466.7474 282.389 117.2771 359.3827 201.0086 269.414 1202.9261;
	3.8721 52.3202 93.8069 116.3429 15.2836 33.754 19.3471 18.6154 26.0667 30.639 56.6357 84.4894 127.1983 57.0275 201.4652 75.9008 94.1733 99.7955 63.9376 73.6003 6.449 78.7593 73.9499 88.1163 104.7839 73.8987 13.6877 1326.8286 822.4712 822.4712 788.4921 118.2608 213.1252 189.4475 178.7889 350.9211 1248.6303 306.2099 471.7894 280.6711 113.4828 374.4444 173.5763 272.6253 1261.6369;
	3.8121 51.5105 93.377 113.3913 15.274 34.2881 14.2451 18.5301 26.0667 30.226 55.8722 83.3504 125.4835 69.3384 202.4188 76.2601 94.619 100.2679 89.5423 73.8279 4.7484 80.0055 75.0066 87.6 104.0728 73.4838 13.8057 1364.5599 850.549 850.549 768.8748 117.9511 298.4744 190.0332 217.3852 362.9009 1320.0779 310.7931 446.25 278.7663 117.7479 380.3691 183.339 269.1555 1333.8287;
	3.8951 52.6309 94.8807 117.2123 15.3511 34.719 8.6106 18.975 15.3077 29.644 54.7965 81.7455 123.0674 49.7337 201.162 75.7866 94.0315 99.6454 86.3358 71.7504 2.8702 81.0109 74.8554 87.658 105.3555 73.8287 14.0726 1348.8293 824.1576 824.1576 755.4445 117.8799 287.786 184.6856 155.9219 351.6406 1329.1519 292.8091 220.6473 282.2021 120.0356 385.1492 209.9815 276.1565 1342.9973;
	3.8711 52.3076 94.2367 119.0592 15.3452 31.9826 11.8396 18.9182 19.5865 26.6873 49.3311 73.5922 110.7927 27.7943 201.1455 75.7804 94.0238 99.6372 87.5386 73.274 3.9465 74.6261 71.8271 86.7067 104.1119 71.1336 13.9933 1281.385 724.3233 724.3233 749.954 119.6911 291.7954 188.6074 87.1389 309.0446 1128.0309 265.2866 385.355 278.8711 120.4595 354.7936 185.5185 276.8662 1139.7812;
	3.8792 52.4171 93.0545 120.286 15.3268 32.1874 1.333 18.7874 2.0612 22.064 40.785 60.8433 91.5992 18.7189 202.2211 76.1856 94.5266 100.17 87.9331 73.4983 0.4443 75.104 49.7799 86.3314 101.8397 72.0443 13.6589 1042.0672 650.6819 650.6819 612.3918 119.0089 293.1103 189.1848 58.6862 277.6243 872.6876 259.8033 138.8771 272.785 120.8837 357.0656 160.109 272.5545 881.7781;
	3.7229 50.3045 92.3042 119.6847 15.2227 28.6146 1.3324 18.9253 3.9143 27.4603 50.76 75.7239 114.002 10.0867 202.7469 76.3837 94.7724 100.4304 79.5681 73.1433 0.4441 66.7674 73.3019 87.3679 102.3771 70.5754 13.9833 895.7463 729.9212 729.9212 553.8032 120.8646 265.2271 188.2711 31.6232 311.433 843.102 211.2398 254.3105 274.2244 120.4974 317.4313 152.6203 266.2725 851.8843;
	3.5335 47.7457 92.4998 119.7645 15.2762 21.5973 5.0702 18.9474 13.6261 27.1361 50.1607 74.8299 112.656 34.8538 204.6983 77.1189 95.6846 101.3971 32.6058 73.5299 1.6901 50.3936 73.463 87.0676 102.9721 72.5192 13.8575 655.8715 771.6173 771.6173 526.7869 116.8297 108.686 189.2661 109.2713 329.2234 873.1718 218.8855 278.1258 275.8181 121.9988 239.5858 142.9543 272.3088 882.2673;
	3.8261 51.6988 95.3093 120.9286 15.3202 22.0753 21.6416 19.1707 27.3992 24.9891 46.1919 68.9092 103.7424 57.8142 200.5907 75.5714 93.7645 99.3624 50.6648 72.5977 7.2139 51.509 73.3245 89.5829 106.4666 76.0391 14.1241 681.5339 759.1359 759.1359 523.8694 105.9975 168.8828 186.8666 181.2552 323.898 653.5677 226.9744 456.9169 285.1785 122.3961 244.8884 148.9911 282.5403 660.3757;
	3.8177 51.5862 93.5399 115.0158 15.1624 22.1725 12.1617 18.8344 21.5933 21.9023 40.4861 60.3973 90.9278 44.0827 201.5879 75.9471 94.2306 99.8563 45.7337 71.4723 4.0539 51.7359 69.6332 87.3244 104.3141 72.0167 13.4775 589.6982 751.3995 751.3995 512.3043 96.9671 152.4456 183.9698 138.2054 320.5971 739.6732 237.0143 392.9398 279.4127 119.0655 245.9674 162.0428 268.5258 747.3782;
	3.7816 51.0971 92.9517 112.91 14.8414 19.7577 12.1468 18.9655 26.8151 26.5525 49.0819 73.2206 110.2332 35.1963 192.4836 72.5171 89.9749 95.3465 62.7815 70.3325 4.0489 46.1013 72.4815 86.2763 104.0756 75.417 13.7711 435.7815 736.6564 736.6564 474.4836 90.5759 209.2718 181.036 110.3452 314.3067 640.8702 233.4637 357.5594 278.7741 121.4366 219.1788 162.0044 253.2582 647.5459;
	3.5713 48.2556 94.4129 114.9471 15.096 11.6888 4.4505 18.4356 20.4145 28.8815 53.3871 79.643 119.9022 28.2854 182.6001 68.7935 85.3549 90.4507 53.2987 70.2065 1.4835 27.274 74.1274 86.646 102.2902 72.081 13.6966 486.8117 598.9114 598.9114 431.9678 91.3631 177.6625 180.7117 88.6785 255.5356 550.8793 212.4966 134.9608 273.9915 122.8935 129.6683 154.673 246.7015 556.6177;
	3.4642 46.8092 92.2548 115.0541 14.9363 20.2088 1.172 18.5556 1.488 28.6019 52.8702 78.872 118.7413 40.2158 186.1029 70.1132 86.9923 92.1859 59.5629 71.424 0.3907 47.1539 72.5258 86.0576 102.6033 71.7849 13.3281 1103.2002 482.6262 482.6262 305.5959 86.9402 198.543 183.8454 126.0818 205.9205 898.6332 218.024 114.7439 274.8304 117.8167 224.1833 134.0011 240.6957 907.994;
	3.336 45.0766 94.2285 117.016 15.3771 25.3149 5.3587 18.8773 4.8934 29.7177 54.9327 81.9487 123.3733 63.1671 200.3286 75.4726 93.642 99.2325 80.394 72.6974 1.7862 59.068 73.3832 86.5798 101.8 72.6556 13.8424 1277.1196 577.2862 577.2862 227.4704 64.4448 267.9799 187.1232 198.0373 246.3088 1068.4878 200.1208 128.7514 272.6786 120.07 280.8262 181.1472 269.2202 1079.6179;
