function solarprofile = ex_solar_profilesh1
%EX_WIND_PROFILE_D  Example wind_load_nyiso profile data for deterministic unit commitment.
% 2022.03.12
% Andres F. Ramirez


%% define constants
[GEN_BUS, PG, QG, QMAX, QMIN, VG, MBASE, GEN_STATUS, PMAX, PMIN, ...
    MU_PMAX, MU_PMIN, MU_QMAX, MU_QMIN, PC1, PC2, QC1MIN, QC1MAX, ...
    QC2MIN, QC2MAX, RAMP_AGC, RAMP_10, RAMP_30, RAMP_Q, APF] = idx_gen;
[CT_LABEL, CT_PROB, CT_TABLE, CT_TBUS, CT_TGEN, CT_TBRCH, CT_TAREABUS, ...
    CT_TAREAGEN, CT_TAREABRCH, CT_ROW, CT_COL, CT_CHGTYPE, CT_REP, ...
    CT_REL, CT_ADD, CT_NEWVAL, CT_TLOAD, CT_TAREALOAD, CT_LOAD_ALL_PQ, ...
    CT_LOAD_FIX_PQ, CT_LOAD_DIS_PQ, CT_LOAD_ALL_P, CT_LOAD_FIX_P, ...
    CT_LOAD_DIS_P, CT_TGENCOST, CT_TAREAGENCOST, CT_MODCOST_F, ...
    CT_MODCOST_X] = idx_ct;

solarprofile = struct( ...
    'type', 'mpcData', ...
    'table', CT_TGEN, ...
    'rows', [1:12], ...
    'col', PMAX, ...
    'chgtype', 1, ...
    'values', [] );
solarprofile.values(:,1,:) = [
	0.0 0.0 0.0 0.0 0.0 0.0 0.0 0.0 0.0 0.0 0.0 0.0;
	0.0 0.0 0.0 0.0 0.0 0.0 0.0 0.0 0.0 0.0 0.0 0.0;
	0.0 0.0 0.0 0.0 0.0 0.0 0.0 0.0 0.0 0.0 0.0 0.0;
	0.0 0.0 0.0 0.0 0.0 0.0 0.0 0.0 0.0 0.0 0.0 0.0;
	0.0 0.0 0.0 0.0 0.0 0.0 0.0 0.0 0.0 0.0 0.0 0.0;
	0.453 0.3852 0.3203 0.0 0.0 0.1765 0.0221 0.1431 0.0956 0.0 0.0 0.0;
	4.2492 3.1092 2.6402 0.9063 0.467 97.0346 12.1293 2.7267 40.3312 33.7394 10.3305 61.1022;
	6.6337 6.3894 5.1917 1.6532 2.099 209.1843 26.148 12.1077 100.6259 50.5433 16.2017 91.5343;
	8.2787 8.847 5.6875 2.654 4.0005 247.3228 30.9153 18.924 133.4579 69.6702 17.1116 126.1731;
	13.0208 9.6776 5.22 6.5037 12.2689 264.0143 33.0018 8.4601 158.8182 57.6529 6.718 104.4098;
	15.2842 9.5377 6.8782 8.4145 11.7751 321.6729 40.2091 13.4493 205.1897 57.8542 6.347 104.7743;
	15.7442 10.0484 9.3384 8.9708 11.4662 344.5141 43.0643 25.8657 230.1588 62.8982 11.8138 113.9091;
	12.0904 9.7775 10.0857 7.389 6.3076 328.8287 41.1036 34.6754 245.2207 43.4577 8.6982 78.7022;
	9.1239 7.5425 8.9051 5.7615 3.1895 271.1157 33.8895 23.6808 221.2384 55.6676 20.4427 100.8143;
	6.8042 5.5455 5.3712 2.0235 1.4466 207.5188 25.9399 11.4207 188.9864 54.6585 23.3893 98.9869;
	1.807 1.1272 1.3545 0.3477 0.0 146.0714 18.2589 4.1673 131.4953 20.7152 7.659 37.5154;
	0.2888 0.2586 0.2728 1.0549 1.1127 57.3832 7.1729 5.101 49.5246 35.558 4.6828 64.3958;
	0.0 0.0 0.0 0.0 0.0 0.0 0.0 0.0 0.0 0.0 0.0 0.0;
	0.0 0.0 0.0 0.0 0.0 0.0 0.0 0.0 0.0 0.0 0.0 0.0;
	0.0 0.0 0.0 0.0 0.0 0.0 0.0 0.0 0.0 0.0 0.0 0.0;
	0.0 0.0 0.0 0.0 0.0 0.0 0.0 0.0 0.0 0.0 0.0 0.0;
	0.0 0.0 0.0 0.0 0.0 0.0 0.0 0.0 0.0 0.0 0.0 0.0;
	0.0 0.0 0.0 0.0 0.0 0.0 0.0 0.0 0.0 0.0 0.0 0.0;
	0.0 0.0 0.0 0.0 0.0 0.0 0.0 0.0 0.0 0.0 0.0 0.0;
];
