function loadprofile = ex_load_profilesh1
%EX_LOAD_PROFILE  Example load profile data file for stochastic unit commitment.
% 2022.03.12
% Andres F. Ramirez

%% define constants
[CT_LABEL, CT_PROB, CT_TABLE, CT_TBUS, CT_TGEN, CT_TBRCH, CT_TAREABUS, ...
    CT_TAREAGEN, CT_TAREABRCH, CT_ROW, CT_COL, CT_CHGTYPE, CT_REP, ...
    CT_REL, CT_ADD, CT_NEWVAL, CT_TLOAD, CT_TAREALOAD, CT_LOAD_ALL_PQ, ...
    CT_LOAD_FIX_PQ, CT_LOAD_DIS_PQ, CT_LOAD_ALL_P, CT_LOAD_FIX_P, ...
    CT_LOAD_DIS_P, CT_TGENCOST, CT_TAREAGENCOST, CT_MODCOST_F, ...
    CT_MODCOST_X] = idx_ct;

loadprofile = struct( ...
    'type', 'mpcData', ...
    'table', CT_TAREALOAD, ...
    'rows', [1:11], ...
    'col', CT_LOAD_ALL_P, ...
    'chgtype', 1, ...
    'values', [] );
loadprofile.values(:,1,:) = [
	1466.5463 879.4451 1568.4 502.0 714.1938 1064.2 813.1074 184.1146 481.6988 4302.4761 1632.9522;
	1434.2 877.5 1567.3016 496.6932 725.7163 1080.5952 823.4 196.0127 478.9859 4295.564 1614.3328;
	1458.2355 908.4308 1601.4437 513.4 740.4646 1071.0117 837.6588 204.2559 479.2056 4316.9078 1668.0572;
	1526.3071 955.6013 1668.8024 528.3703 773.6 1128.296 870.0253 223.4004 515.0 4528.8401 1734.1077;
	1705.8989 1063.545 1840.1791 560.1391 869.7117 1280.9483 966.4534 234.524 589.8235 5025.2819 1963.3883;
	1751.643 1138.2379 1962.7171 575.1827 908.4038 1368.9817 1053.6874 298.6941 659.616 5672.2608 2160.4859;
	1738.6608 1159.9 1957.7156 584.8899 937.7487 1405.9546 1090.8119 298.9506 698.9004 6013.3361 2250.1716;
	1745.6105 1165.3 1964.9216 571.5518 934.2934 1373.0605 1114.519 298.1533 700.6 6175.7909 2231.9;
	1762.4437 1182.2411 1972.8 572.8805 938.7 1334.3546 1111.1 315.3 703.7 6253.4663 2180.6188;
	1781.0568 1192.6971 1975.0153 564.4196 955.0922 1359.9597 1156.5186 296.3864 725.4664 6377.5073 2272.1686;
	1744.7148 1168.4 1944.7532 549.9664 918.3 1255.5572 1076.8824 298.4361 719.7341 6267.8977 2210.3587;
	1762.9324 1172.775 1944.2657 572.8697 913.7491 1278.7217 1089.7514 310.701 699.89 6157.0 2278.7114;
	1762.3894 1156.1 1917.7533 563.7833 888.2235 1177.106 1025.0039 297.7826 680.517 6020.2537 2200.6;
	1738.1957 1148.6093 1908.1653 549.5456 896.351 1196.2076 1023.4391 324.2 665.5777 6005.4946 2222.776;
	1735.9572 1132.2868 1910.1872 535.2235 877.4865 1247.332 1018.5637 314.7 660.4275 5973.0017 2219.4198;
	1688.2441 1137.4 1910.1045 547.7756 941.6167 1302.0937 1039.7824 312.6506 658.6515 5932.166 2266.7086;
	1695.6382 1134.4165 1905.3548 552.3719 919.1514 1362.5839 1064.0915 314.6592 668.4 5861.7835 2305.3525;
	1747.9882 1173.5615 1896.8566 570.8 962.34 1382.1 1083.8467 313.9194 693.9 5796.6561 2351.3588;
	1750.1472 1180.3224 1871.864 568.7131 953.0736 1393.4 1081.6495 309.8758 674.2832 5674.2047 2279.5288;
	1689.2284 1119.4838 1792.3663 571.9263 917.513 1310.0 1029.1072 294.7337 627.3553 5393.8746 2156.5894;
	1646.3971 1057.0803 1684.4077 531.8 868.5356 1229.5591 964.3 256.7468 595.5635 5182.3588 2039.3498;
	1542.6 971.8576 1585.6361 534.9835 843.7395 1175.1 908.525 239.7128 542.8287 4873.0078 1902.1378;
	1523.9086 932.4538 1541.441 551.5 797.4883 1154.027 915.2421 233.7265 530.1128 4737.6347 1839.7223;
	1404.0743 907.0 1505.42 557.9475 740.2652 1101.4916 846.6281 185.2282 495.4011 4481.2826 1693.9374;
];
