function loadprofile = ex_load_profilesh1
%EX_LOAD_PROFILE  Example load profile data file for stochastic unit commitment.
% 2022.03.12
% Andres F. Ramirez

%% define constants
[CT_LABEL, CT_PROB, CT_TABLE, CT_TBUS, CT_TGEN, CT_TBRCH, CT_TAREABUS, ...
    CT_TAREAGEN, CT_TAREABRCH, CT_ROW, CT_COL, CT_CHGTYPE, CT_REP, ...
    CT_REL, CT_ADD, CT_NEWVAL, CT_TLOAD, CT_TAREALOAD, CT_LOAD_ALL_PQ, ...
    CT_LOAD_FIX_PQ, CT_LOAD_DIS_PQ, CT_LOAD_ALL_P, CT_LOAD_FIX_P, ...
    CT_LOAD_DIS_P, CT_TGENCOST, CT_TAREAGENCOST, CT_MODCOST_F, ...
    CT_MODCOST_X] = idx_ct;

loadprofile = struct( ...
    'type', 'mpcData', ...
    'table', CT_TAREALOAD, ...
    'rows', [1:11], ...
    'col', CT_LOAD_ALL_P, ...
    'chgtype', 1, ...
    'values', [] );
loadprofile.values(:,1,:) = [
	1398.4928 837.0098 1508.1 513.1243 803.1733 1089.539 815.6125 225.0262 543.8322 4310.0563 1647.4262;
	1417.2345 851.5655 1521.7 507.5126 823.8491 1123.8879 837.6795 235.9 535.856 4293.7 1665.7883;
	1438.7317 863.214 1535.0 497.2776 784.1965 1131.5759 830.3 235.493 525.058 4242.0484 1682.4635;
	1503.4586 923.7453 1628.4548 520.1 832.803 1170.5 864.6909 249.2 549.0082 4450.7691 1758.0376;
	1671.9203 1048.0712 1812.2073 516.0089 931.8136 1333.8517 966.4657 276.2625 620.4979 4930.7734 1960.3683;
	1813.6778 1145.3 1925.383 536.6703 1001.5446 1414.3883 1037.7077 316.8696 683.4199 5457.9366 2145.0;
	1817.2256 1162.1213 1960.8769 562.3 1022.1248 1388.0851 1061.8463 335.1 698.4 5821.5668 2194.2042;
	1875.2963 1158.0188 1936.7724 553.5843 1017.4718 1367.7316 1048.8375 303.8628 693.2 5712.6668 2042.0289;
	1884.2 1155.4969 1913.908 554.9 965.8737 1356.4944 1047.5908 312.8532 679.6833 5882.2709 2094.1756;
	1923.3445 1181.0231 1929.0 557.5194 957.1695 1362.5381 1039.6611 308.5808 663.9377 5911.6903 2041.6074;
	1879.5508 1182.8392 1940.8741 552.7135 977.7695 1384.4373 1099.4118 316.5 680.1 6028.6294 2077.9169;
	1856.5502 1175.3966 1928.7796 556.2 964.7044 1397.9073 1117.0492 316.8508 690.1833 6025.7 2088.4089;
	1817.7697 1140.2863 1857.949 544.6119 948.9703 1354.6526 1100.0 315.5282 682.0426 6017.0729 2115.3226;
	1766.5819 1128.328 1859.8651 549.9 945.888 1299.0418 1098.6493 324.1 693.2686 5979.6131 2124.8458;
	1748.9739 1112.3466 1830.2746 544.2352 965.4021 1356.8188 1096.9712 325.8095 690.314 5947.3366 2165.5726;
	1754.0 1089.9682 1831.5856 558.7225 970.8 1338.4675 1099.6674 325.1353 691.802 5959.3355 2193.3356;
	1700.9044 1105.2589 1840.1307 576.1271 1008.4048 1374.6074 1080.5444 346.8853 696.1791 5785.5444 2215.9233;
	1727.5619 1108.8813 1856.4511 585.8187 1021.3601 1382.1 1099.3662 350.9 724.1735 5760.3587 2324.0306;
	1766.4236 1124.9039 1836.5442 583.3284 999.5 1377.3438 1121.3184 326.4157 703.0339 5603.8677 2302.7207;
	1750.906 1085.8809 1816.3992 563.235 951.0701 1296.1522 1069.137 313.4809 675.0041 5400.6372 2198.1599;
	1685.9858 1021.93 1743.6403 563.7559 901.655 1248.5831 1007.3211 314.6151 634.3353 5227.0245 2100.7021;
	1615.0524 986.7 1683.5916 552.7572 842.2213 1166.4044 933.8826 273.3119 614.1418 4971.6496 1933.2783;
	1582.1563 945.3878 1620.2921 545.0086 777.5129 1120.7538 902.9048 274.8428 548.2195 4713.5253 1783.7814;
	1449.4775 893.54 1579.7793 546.4605 779.2141 1106.848 878.119 272.7056 522.6879 4636.5665 1717.4969;
];
