function loadprofile = ex_load_profilesh1
%EX_LOAD_PROFILE  Example load profile data file for stochastic unit commitment.
% 2022.03.12
% Andres F. Ramirez

%% define constants
[CT_LABEL, CT_PROB, CT_TABLE, CT_TBUS, CT_TGEN, CT_TBRCH, CT_TAREABUS, ...
    CT_TAREAGEN, CT_TAREABRCH, CT_ROW, CT_COL, CT_CHGTYPE, CT_REP, ...
    CT_REL, CT_ADD, CT_NEWVAL, CT_TLOAD, CT_TAREALOAD, CT_LOAD_ALL_PQ, ...
    CT_LOAD_FIX_PQ, CT_LOAD_DIS_PQ, CT_LOAD_ALL_P, CT_LOAD_FIX_P, ...
    CT_LOAD_DIS_P, CT_TGENCOST, CT_TAREAGENCOST, CT_MODCOST_F, ...
    CT_MODCOST_X] = idx_ct;

loadprofile = struct( ...
    'type', 'mpcData', ...
    'table', CT_TAREALOAD, ...
    'rows', [1:11], ...
    'col', CT_LOAD_ALL_P, ...
    'chgtype', 1, ...
    'values', [] );
loadprofile.values(:,1,:) = [
	1384.5458 861.5295 1387.5036 490.3962 719.1 1006.8806 780.8056 232.3616 487.3 4097.4421 1543.4039;
	1356.7872 855.9942 1375.2718 498.4044 709.8958 1011.0539 783.0489 233.7 477.4173 4057.7865 1570.7479;
	1377.5147 885.9 1457.6433 513.3469 727.1299 1033.5122 797.6394 240.6933 490.3511 4198.0528 1614.1892;
	1462.2453 941.4529 1469.1999 528.69 778.1772 1102.7695 833.4131 250.6793 520.2 4364.3688 1701.1;
	1629.1924 1057.3979 1667.6582 559.7853 883.749 1230.7314 935.3 301.9591 596.3029 4923.2531 1928.27;
	1688.5464 1106.6151 1773.0689 574.5934 950.4457 1306.4213 1017.8332 336.9 668.8229 5445.9076 2099.3521;
	1736.0508 1150.1061 1820.5519 589.1305 970.4218 1335.6051 1071.443 349.1296 702.8748 5820.3446 2169.2127;
	1782.5208 1165.2305 1848.2139 594.6104 993.9792 1337.3418 1116.5 348.6217 727.4295 6175.3642 2135.5182;
	1784.9086 1161.6636 1872.3891 582.2347 1004.8711 1305.3355 1105.9117 370.9197 730.4921 6235.849 2093.5865;
	1810.0034 1155.8661 1852.6546 594.7381 986.1095 1274.0523 1116.3519 366.0 724.6432 6305.1312 2064.008;
	1796.4137 1116.0 1808.2385 582.0203 955.3307 1243.0585 1098.4286 357.4347 716.9523 6261.3854 2007.2808;
	1755.0083 1120.7751 1790.2865 572.6569 928.1167 1230.5014 1076.2899 337.31 711.4239 6221.4854 2029.8871;
	1763.8491 1107.1641 1725.5525 561.9 923.8108 1205.616 1043.3 330.7 704.5645 6133.6884 1994.2875;
	1744.4962 1110.6012 1736.1098 570.1 912.0346 1215.7484 1025.276 313.8858 684.1733 6023.3016 2020.1966;
	1721.4858 1098.3335 1773.3738 571.3937 966.9062 1268.5527 1029.1359 332.449 675.8536 6191.2181 2166.7748;
	1765.5427 1121.7093 1835.5087 573.6699 997.026 1327.8568 1080.7586 354.0708 681.9583 6146.1132 2197.6072;
	1680.8786 1085.8 1784.2646 582.6739 1005.2201 1294.8837 1056.8662 344.0006 676.3768 5940.578 2203.0298;
	1752.4068 1150.6421 1917.3372 599.276 1038.3956 1350.6119 1117.1799 357.5368 684.5826 5946.917 2319.6509;
	1747.1985 1162.6717 1878.5258 602.3136 1000.8462 1352.7 1139.7638 351.7372 681.6 5763.9384 2272.5493;
	1690.1165 1087.6 1778.7675 581.7197 942.2979 1267.0041 1090.6334 343.2267 668.2433 5595.8611 2104.5823;
	1604.9106 1027.6467 1688.4705 563.7778 894.9587 1201.767 1067.5757 340.3667 627.0 5393.7006 2000.3863;
	1507.6281 968.7 1611.5273 540.33 851.739 1127.6 987.48 319.805 574.5617 5086.9664 1751.3998;
	1479.3693 962.1114 1566.4024 575.215 818.588 1139.7085 924.3292 285.4104 535.804 4785.7775 1627.572;
	1451.1559 919.4703 1521.1 570.2698 794.9123 1114.9636 860.8388 263.4362 518.4101 4513.3573 1543.2041;
];
