function windprofile = ex_wind_profilesh1
%EX_WIND_PROFILE_D  Example wind_load_nyiso profile data for deterministic unit commitment.
% 2022.03.12
% Andres F. Ramirez


%% define constants
[GEN_BUS, PG, QG, QMAX, QMIN, VG, MBASE, GEN_STATUS, PMAX, PMIN, ...
    MU_PMAX, MU_PMIN, MU_QMAX, MU_QMIN, PC1, PC2, QC1MIN, QC1MAX, ...
    QC2MIN, QC2MAX, RAMP_AGC, RAMP_10, RAMP_30, RAMP_Q, APF] = idx_gen;
[CT_LABEL, CT_PROB, CT_TABLE, CT_TBUS, CT_TGEN, CT_TBRCH, CT_TAREABUS, ...
    CT_TAREAGEN, CT_TAREABRCH, CT_ROW, CT_COL, CT_CHGTYPE, CT_REP, ...
    CT_REL, CT_ADD, CT_NEWVAL, CT_TLOAD, CT_TAREALOAD, CT_LOAD_ALL_PQ, ...
    CT_LOAD_FIX_PQ, CT_LOAD_DIS_PQ, CT_LOAD_ALL_P, CT_LOAD_FIX_P, ...
    CT_LOAD_DIS_P, CT_TGENCOST, CT_TAREAGENCOST, CT_MODCOST_F, ...
    CT_MODCOST_X] = idx_ct;

windprofile = struct( ...
    'type', 'mpcData', ...
    'table', CT_TGEN, ...
    'rows', [1:45], ...
    'col', PMAX, ...
    'chgtype', 1, ...
    'values', [] );
windprofile.values(:,1,:) = [
	3.9364 53.1895 90.2712 118.6701 14.9137 32.9706 30.6715 17.7372 10.6819 16.5197 30.5364 45.5543 68.5817 52.302 201.0794 75.7555 93.993 99.6045 85.2715 67.2463 10.2238 76.9313 25.556 86.8211 102.2124 73.6423 13.5612 1292.725 791.7945 791.7945 697.0194 112.0422 284.2383 173.0923 163.9738 337.8323 1164.5054 253.479 440.9205 273.7833 121.539 365.7535 213.3043 270.9387 1176.6356;
	3.8426 51.9217 87.5199 114.0461 14.5847 29.6181 31.2787 17.3594 10.9708 10.2767 18.9963 28.3388 42.6639 61.601 188.0702 70.8543 87.9119 93.1603 82.4938 68.9651 10.4262 69.1088 24.4869 81.9744 96.9534 71.2116 12.8737 1314.4101 791.7208 791.7208 685.0673 108.2645 274.9793 177.5162 193.1275 337.8009 1249.7577 239.1488 446.3597 259.6967 119.7774 328.5632 206.547 267.5379 1262.776;
	3.7852 51.1463 86.5342 113.6631 14.5962 32.4215 31.3137 17.6141 22.5627 7.706 14.2445 21.25 31.9917 56.6243 164.8793 62.1173 77.0715 81.6728 84.524 69.3163 10.4379 75.6502 25.0626 84.281 100.0798 71.5523 13.1731 1292.2785 791.907 791.907 706.0092 113.1854 281.7466 178.4204 177.5247 337.8803 1244.3756 264.7749 440.7044 268.0709 120.6639 359.6625 212.8236 263.8403 1257.3379;
	3.7677 50.9096 87.3077 115.3995 14.6695 32.5486 31.2558 17.6209 27.5277 27.2209 50.3174 75.0637 113.008 63.0323 192.6756 72.5894 90.0647 95.4417 87.1566 68.1355 10.4186 75.9468 21.9942 85.9692 103.4282 72.041 13.0604 1280.289 786.0305 786.0305 740.6235 113.1048 290.5219 175.3809 197.6148 335.373 1182.127 286.3609 436.7793 277.0399 120.8385 361.0728 184.4656 266.4389 1194.4408;
	3.102 41.9148 88.7724 117.2475 14.2988 27.4471 30.1796 17.7611 27.1432 27.9665 51.6956 77.1197 116.1033 61.9439 190.84 71.8978 89.2066 94.5324 89.7199 67.2474 10.0599 64.0431 68.5911 86.545 102.6798 72.0004 13.1236 1298.8418 781.3698 781.3698 756.1029 114.5901 299.0662 173.0949 194.2025 333.3845 1166.4651 316.2399 434.5849 275.0351 120.7319 304.4794 172.5906 273.3305 1178.6157;
	3.729 50.3874 89.5871 116.9721 14.0978 31.1356 18.3799 17.5754 26.2187 26.8038 49.5463 73.9134 111.2762 50.3688 191.5582 72.1684 89.5423 94.8881 62.4796 67.773 6.1266 72.6497 64.5965 85.7441 100.6729 72.7122 13.4923 1267.4377 775.859 775.859 762.065 118.9932 208.2654 174.4478 157.9131 331.0332 1212.0777 314.0149 434.3654 269.6595 121.2532 345.3976 158.4512 271.2913 1224.7035;
	3.5916 48.5306 89.5683 113.9433 14.0687 31.0498 12.2494 17.2226 25.8258 24.2787 44.8788 66.9503 100.7934 66.0629 190.981 71.951 89.2725 94.6022 86.3623 70.1987 4.0831 72.4496 62.32 87.4282 101.832 71.4235 13.1824 1308.6718 791.8627 791.8627 758.6273 117.4906 287.8744 180.6915 207.1161 337.8614 1224.8814 317.1198 361.3201 272.7644 118.4786 344.4462 159.0829 274.6215 1237.6406;
	3.7109 50.1423 92.7275 115.2274 14.3326 31.854 0.389 16.9796 7.0344 24.4219 45.1434 67.3451 101.3877 49.191 195.6981 73.7281 91.4775 96.9388 83.0647 70.5881 0.1297 74.326 63.2622 84.4662 99.7034 72.2285 13.3172 1307.3114 767.239 767.239 782.8268 115.8542 276.8823 181.694 154.2203 327.3553 1250.6352 329.465 154.0867 267.0626 120.1275 353.3671 193.6089 279.3005 1263.6626;
	3.7584 50.7844 93.2693 117.3411 14.5376 29.6507 0.0 17.3929 12.3464 24.693 45.6447 68.0929 102.5135 31.1303 199.3288 75.096 93.1746 98.7373 85.2172 71.9552 0.0 69.1849 64.0828 87.0393 100.1688 70.8118 13.3508 1165.5209 665.7895 665.7895 727.8024 115.3813 284.0573 185.2129 97.5976 284.0702 1065.6049 303.7893 0.0561 268.3093 120.8571 328.9248 182.7955 283.451 1076.7049;
	3.87 52.2917 95.0101 120.2675 15.125 29.2861 1.9741 18.5755 16.6737 24.5739 45.4245 67.7644 102.0189 25.546 197.003 74.2197 92.0874 97.5852 84.6163 72.6684 0.658 68.3343 44.9306 89.7678 104.0274 75.0088 13.8303 1011.418 576.6647 576.6647 595.7932 115.745 282.0545 187.0487 80.0901 246.0436 850.4346 278.2351 13.622 278.6447 122.311 324.8809 159.7687 282.3428 859.2933;
	3.6974 49.9596 95.0003 120.02 15.0643 25.2777 2.9087 18.6863 23.7266 27.5717 50.9658 76.031 114.4642 15.8818 201.2434 75.8173 94.0696 99.6857 78.2796 72.7919 0.9696 58.9814 68.8648 89.7983 105.3009 75.1464 13.648 806.5157 615.9505 615.9505 516.2161 114.6434 260.9321 187.3666 49.7916 262.8055 757.6277 219.2661 4.4419 282.056 117.9174 280.4142 148.0495 278.8466 765.5197;
	3.6426 49.2201 95.3963 120.8031 15.3918 19.3943 19.6673 18.8505 27.12 27.2811 50.4288 75.2298 113.258 59.4238 204.4703 77.033 95.578 101.2841 39.6316 72.529 6.5558 45.2535 70.0868 88.7835 106.3043 73.8569 13.8131 643.0676 712.6593 712.6593 521.6476 116.6635 132.1052 186.6897 186.3017 304.068 843.1791 224.8827 220.5917 284.7436 122.5247 215.148 146.4163 278.0376 851.9622;
	3.8571 52.1175 95.2995 115.8162 15.0701 19.3969 9.0374 18.3163 26.7231 24.0631 44.4802 66.3557 99.8982 55.1515 204.3837 77.0004 95.5375 101.2412 58.4133 72.5451 3.0125 45.2594 69.9901 86.4806 105.0931 73.7307 13.7064 651.5116 694.7589 694.7589 530.3424 114.9672 194.7109 186.7313 172.9075 296.4305 658.0326 256.1798 17.523 281.4993 121.089 215.1763 151.034 277.8442 664.8871;
	3.6713 49.6068 94.0554 114.9178 14.8012 18.9037 8.3859 18.1754 19.0749 21.2046 39.1965 58.4734 88.0314 43.7924 204.5793 77.0741 95.6289 101.3381 58.4839 72.5936 2.7953 44.1087 70.3871 85.1038 102.9028 73.014 13.3032 562.797 707.9833 707.9833 506.1739 103.1437 194.9464 186.8562 137.2952 302.0729 722.4972 265.7517 56.5052 275.6324 118.8974 209.7055 159.3744 262.454 730.0232;
	3.7243 50.3234 94.5988 115.6527 14.6776 18.4588 10.7619 18.5915 5.0136 24.6129 45.4966 67.872 102.181 36.5133 193.8452 73.0301 90.6114 96.021 68.8749 70.6725 3.5873 43.0704 64.7515 87.4046 104.866 75.7087 13.4765 413.3947 672.0485 672.0485 458.4823 94.9672 229.5828 181.9112 114.4741 286.7407 601.789 252.8052 100.4091 280.8912 120.1462 204.7691 167.0394 251.8107 608.0577;
	3.4132 46.1196 93.1063 113.6401 14.2319 8.9376 8.6182 17.8353 1.1379 26.9646 49.8437 74.3569 111.944 27.2317 178.8345 67.3748 83.5947 88.5855 58.6458 68.7981 2.8727 20.8544 62.7916 85.0754 101.1276 73.7158 13.6529 483.3145 562.8707 562.8707 412.0522 93.5026 195.4862 177.0864 85.375 240.1582 514.9617 227.8145 37.9146 270.8774 118.1726 99.1478 157.9742 252.5166 520.3259;
	3.4892 47.1465 93.2497 113.2549 14.1281 15.1148 0.813 18.0192 0.2587 28.1811 52.0923 77.7114 116.9942 35.643 184.1936 69.3938 86.0998 91.2401 63.6515 70.1851 0.271 35.2678 65.447 85.0946 103.2273 72.7755 13.3019 1048.615 468.3124 468.3124 299.5482 93.3422 212.1716 180.6567 111.7455 199.8133 873.4115 232.636 96.425 276.5016 118.7268 167.6734 136.4025 252.3151 882.5095;
	3.1608 42.7098 89.5534 111.4827 14.1036 19.0165 2.5849 17.9379 0.8724 28.2089 52.1438 77.7882 117.1097 57.8667 191.0956 71.9942 89.3261 94.659 74.7322 70.9252 0.8616 44.3718 69.2068 84.2314 100.113 71.0536 13.3952 1233.2864 556.519 556.519 220.5166 65.7001 249.1073 182.5617 181.4199 237.4481 1030.0222 200.963 118.4722 268.1598 118.6363 210.9563 167.2973 266.4034 1040.7516;
