function loadprofile = ex_load_profilesh1
%EX_LOAD_PROFILE  Example load profile data file for stochastic unit commitment.
% 2022.03.12
% Andres F. Ramirez

%% define constants
[CT_LABEL, CT_PROB, CT_TABLE, CT_TBUS, CT_TGEN, CT_TBRCH, CT_TAREABUS, ...
    CT_TAREAGEN, CT_TAREABRCH, CT_ROW, CT_COL, CT_CHGTYPE, CT_REP, ...
    CT_REL, CT_ADD, CT_NEWVAL, CT_TLOAD, CT_TAREALOAD, CT_LOAD_ALL_PQ, ...
    CT_LOAD_FIX_PQ, CT_LOAD_DIS_PQ, CT_LOAD_ALL_P, CT_LOAD_FIX_P, ...
    CT_LOAD_DIS_P, CT_TGENCOST, CT_TAREAGENCOST, CT_MODCOST_F, ...
    CT_MODCOST_X] = idx_ct;

loadprofile = struct( ...
    'type', 'mpcData', ...
    'table', CT_TAREALOAD, ...
    'rows', [1:11], ...
    'col', CT_LOAD_ALL_P, ...
    'chgtype', 1, ...
    'values', [] );
loadprofile.values(:,1,:) = [
	1445.1675 896.471 1456.9535 559.3655 765.9267 1079.9414 809.0 231.3 493.7542 4331.8202 1603.4406;
	1435.0076 896.0281 1467.3303 579.703 768.8 1088.8743 814.3774 236.3 494.041 4314.1446 1617.0038;
	1441.2053 900.0726 1473.1777 570.1926 759.5816 1082.645 816.0823 231.8537 495.0183 4324.0659 1607.1641;
	1498.2344 957.329 1559.3755 588.7508 826.5432 1133.0073 855.9796 249.8214 530.5 4587.0424 1729.7082;
	1673.5374 1073.8788 1727.2868 623.3662 923.9905 1279.3 948.157 291.2 616.0129 5092.5016 1980.3364;
	1795.0553 1162.8715 1901.9125 641.2616 985.4072 1406.1277 1020.7995 335.5767 686.5602 5647.7067 2164.6275;
	1814.2924 1171.6 1900.8418 619.3115 1007.3546 1409.5419 1052.3 338.8511 720.7602 5870.3 2224.7786;
	1785.7121 1175.4051 1914.7 643.139 1025.7956 1377.36 1031.9013 334.3058 723.4722 6124.6906 2290.5;
	1818.5914 1216.0403 1930.2927 621.7437 1015.9006 1361.9999 1071.6883 341.2 738.5853 6267.4278 2364.1326;
	1836.0625 1208.312 1917.2051 601.2259 1003.8186 1382.1316 1154.8476 369.1387 744.1992 6332.0638 2471.1114;
	1831.7822 1207.6846 1903.3739 603.4492 987.1213 1397.4543 1157.6447 374.3688 736.7846 6283.7296 2441.2851;
	1792.6979 1188.4245 1880.8031 634.1504 960.02 1354.9999 1146.2185 371.6428 731.2316 6332.512 2512.2433;
	1751.3991 1146.1 1820.9807 640.0588 949.3995 1335.08 1108.7726 366.8363 692.5362 6178.19 2340.1216;
	1741.7996 1134.4295 1804.0 593.3677 921.6605 1284.7 1096.5 360.9475 708.2905 6131.0477 2349.3801;
	1731.2694 1124.5664 1775.5788 588.6398 911.4 1291.2 1074.7091 367.4486 679.883 6151.5787 2311.5999;
	1692.0982 1138.2968 1812.3386 590.3491 911.5 1334.5 1117.7696 367.5585 675.7723 6200.5597 2253.4;
	1724.2398 1120.234 1824.3759 637.0118 958.718 1362.6392 1107.5 352.4707 686.7713 5973.9547 2295.2717;
	1819.8219 1179.0206 1935.5621 606.8801 999.0 1372.7244 1123.1074 355.8 718.9 6000.8651 2403.6229;
	1841.2235 1197.4772 1906.8 609.4816 974.6419 1372.9894 1147.1139 350.385 708.0471 5825.1537 2395.2;
	1743.9539 1096.3 1790.4 586.5227 936.1697 1288.0456 1083.2854 326.4 665.7393 5582.1312 2237.7328;
	1668.8743 1026.8047 1700.1619 566.4818 897.2489 1212.838 1017.4 310.3001 629.3791 5438.0015 2142.278;
	1574.1 965.1858 1594.3512 556.9051 827.1118 1142.5664 945.9593 292.5755 578.7731 5076.0662 1966.4016;
	1476.3116 933.8 1530.7417 583.0519 770.1495 1133.4344 913.8623 270.7148 533.2784 4842.4946 1829.5641;
	1441.6 904.6272 1482.8791 579.2815 701.0824 1086.8021 894.4746 257.0446 519.2 4622.9381 1742.6088;
];
