function loadprofile = ex_load_profilesh1
%EX_LOAD_PROFILE  Example load profile data file for stochastic unit commitment.
% 2022.03.12
% Andres F. Ramirez

%% define constants
[CT_LABEL, CT_PROB, CT_TABLE, CT_TBUS, CT_TGEN, CT_TBRCH, CT_TAREABUS, ...
    CT_TAREAGEN, CT_TAREABRCH, CT_ROW, CT_COL, CT_CHGTYPE, CT_REP, ...
    CT_REL, CT_ADD, CT_NEWVAL, CT_TLOAD, CT_TAREALOAD, CT_LOAD_ALL_PQ, ...
    CT_LOAD_FIX_PQ, CT_LOAD_DIS_PQ, CT_LOAD_ALL_P, CT_LOAD_FIX_P, ...
    CT_LOAD_DIS_P, CT_TGENCOST, CT_TAREAGENCOST, CT_MODCOST_F, ...
    CT_MODCOST_X] = idx_ct;

loadprofile = struct( ...
    'type', 'mpcData', ...
    'table', CT_TAREALOAD, ...
    'rows', [1:11], ...
    'col', CT_LOAD_ALL_P, ...
    'chgtype', 1, ...
    'values', [] );
loadprofile.values(:,1,:) = [
	1475.4984 876.3743 1529.4827 512.6971 781.8517 1043.8 824.9752 231.845 469.6287 4439.0717 1741.6692;
	1467.2317 863.4476 1516.0692 516.9756 777.3752 1042.7261 824.8325 241.6215 469.7 4462.4793 1789.2147;
	1503.6 884.4185 1544.9925 519.6053 800.1769 1046.7653 827.9912 235.504 482.9555 4383.1083 1798.1278;
	1582.2416 940.2856 1626.3006 521.5807 854.0136 1123.448 874.5694 266.0 511.3606 4567.3396 1867.1716;
	1698.9885 1028.3598 1816.8471 558.9 935.8019 1257.5771 962.4408 287.2043 589.7658 5010.8475 2043.6471;
	1845.3 1119.4896 1949.2139 578.3291 1003.495 1358.6642 1033.9719 300.9426 660.9433 5464.3013 2214.2198;
	1912.8836 1149.7499 1955.7026 550.4 1013.2114 1373.8 1054.2 329.2 673.6 5779.7266 2226.2201;
	1934.0874 1158.4564 1984.44 544.6948 993.8551 1349.1 1053.536 300.3225 691.4291 5816.5087 2239.3998;
	1970.6343 1189.2 2030.2663 542.9831 1001.2 1364.1965 1087.9671 324.2883 700.7 6031.9077 2326.1211;
	1998.4543 1180.0709 1994.8194 549.6505 998.2 1281.2 1105.9108 323.7092 712.3258 6163.8869 2379.2738;
	1938.392 1175.1673 1982.7 539.004 962.1666 1258.2701 1124.1 319.9011 717.8582 6207.4952 2466.1326;
	1938.4345 1141.9019 1949.8378 537.4 972.9858 1180.8629 1068.0 302.0422 723.5924 6164.5291 2421.061;
	1900.5304 1103.0717 1880.2153 540.2 936.5876 1140.9688 1042.9349 300.3895 701.1266 6120.7068 2373.7111;
	1888.5942 1109.7729 1841.9762 519.3 916.729 1137.8805 1040.6895 291.8 724.4624 6099.5397 2459.6844;
	1876.4191 1098.2 1875.8165 510.5308 932.0738 1217.7 1039.1923 269.2064 715.6008 6067.4607 2368.2783;
	1858.9704 1088.6205 1880.4577 530.6315 964.6429 1258.4191 1028.9318 257.5414 696.7847 5968.2964 2256.9068;
	1840.4478 1099.5394 1918.3075 533.5 982.5 1304.9 1041.3455 282.4662 720.742 5894.275 2295.6739;
	1931.457 1161.2 1971.4466 563.6014 1040.4639 1361.6947 1098.7255 274.9679 755.1801 5856.3667 2439.0177;
	1909.2858 1160.5224 1927.3712 560.0123 1017.5962 1340.8287 1088.0 275.6771 716.332 5757.2051 2387.8887;
	1906.4605 1089.2624 1867.2997 557.1 959.2 1277.1906 1065.2586 285.3 687.5533 5582.6151 2284.8853;
	1820.2807 1032.3905 1777.4667 549.8 919.2178 1217.3044 1010.962 264.7773 617.5322 5280.572 2113.9909;
	1698.1985 961.9932 1655.0202 533.9618 847.0926 1123.8379 930.6904 249.0 564.5 5060.0019 1948.1116;
	1673.6955 952.8673 1624.858 559.5297 802.0963 1096.2841 955.4613 237.1137 539.3 4844.1145 1860.5518;
	1620.0665 909.4288 1589.7282 547.2944 740.0228 1079.4154 895.2287 229.0775 513.1 4577.544 1777.0329;
];
