function windprofile = ex_wind_profilesh1
%EX_WIND_PROFILE_D  Example wind_load_nyiso profile data for deterministic unit commitment.
% 2022.03.12
% Andres F. Ramirez


%% define constants
[GEN_BUS, PG, QG, QMAX, QMIN, VG, MBASE, GEN_STATUS, PMAX, PMIN, ...
    MU_PMAX, MU_PMIN, MU_QMAX, MU_QMIN, PC1, PC2, QC1MIN, QC1MAX, ...
    QC2MIN, QC2MAX, RAMP_AGC, RAMP_10, RAMP_30, RAMP_Q, APF] = idx_gen;
[CT_LABEL, CT_PROB, CT_TABLE, CT_TBUS, CT_TGEN, CT_TBRCH, CT_TAREABUS, ...
    CT_TAREAGEN, CT_TAREABRCH, CT_ROW, CT_COL, CT_CHGTYPE, CT_REP, ...
    CT_REL, CT_ADD, CT_NEWVAL, CT_TLOAD, CT_TAREALOAD, CT_LOAD_ALL_PQ, ...
    CT_LOAD_FIX_PQ, CT_LOAD_DIS_PQ, CT_LOAD_ALL_P, CT_LOAD_FIX_P, ...
    CT_LOAD_DIS_P, CT_TGENCOST, CT_TAREAGENCOST, CT_MODCOST_F, ...
    CT_MODCOST_X] = idx_ct;

windprofile = struct( ...
    'type', 'mpcData', ...
    'table', CT_TGEN, ...
    'rows', [1:45], ...
    'col', PMAX, ...
    'chgtype', 1, ...
    'values', [] );
windprofile.values(:,1,:) = [
	3.9678 53.6143 91.2105 120.0921 14.6834 34.5664 31.7119 17.995 9.9079 16.1356 29.8265 44.4952 66.9873 55.7693 205.4908 77.4175 96.055 101.7896 92.5201 73.4387 10.5706 80.6548 24.0855 87.4457 105.7821 72.3031 13.7474 1244.4918 790.0622 790.0622 738.1158 112.135 308.4003 189.0313 174.8443 337.0932 1151.2672 262.4393 444.4541 283.3449 120.4231 383.4561 217.7551 280.8541 1163.2596;
	3.9574 53.4731 91.9523 119.6839 14.8151 34.9108 31.8617 18.4084 12.1255 15.1416 27.989 41.7541 62.8606 65.2085 205.2756 77.3364 95.9544 101.683 90.2451 73.9552 10.6206 81.4586 32.9491 87.0668 105.584 73.433 13.5607 1229.6121 792.4615 792.4615 769.2018 110.7156 300.817 190.3609 204.4374 338.1169 1238.9276 252.6 441.1213 282.8142 120.9052 387.2774 217.807 280.3298 1251.8331;
	3.9154 52.9055 89.548 118.2905 14.9681 34.8164 30.1739 18.7016 21.2629 15.1962 28.09 41.9048 63.0874 59.4745 193.5723 72.9272 90.4838 95.8858 88.7701 73.6902 10.058 81.2383 31.2051 87.5259 105.2707 73.8217 13.9202 1234.3921 783.9479 783.9479 725.241 114.3138 295.9003 189.6788 186.4606 334.4844 1251.1605 282.5271 435.0068 281.975 118.4717 386.2302 217.2319 275.6348 1264.1934;
	3.877 52.3874 89.6644 117.9288 14.9044 34.4918 30.9426 18.1383 27.3568 29.853 55.1829 82.322 123.9354 64.4942 205.8261 77.5438 96.2118 101.9557 90.5757 73.2304 10.3142 80.4808 27.1076 84.5825 103.3562 72.5941 13.501 1231.5902 793.2449 793.2449 748.9624 118.624 301.919 188.4953 202.1979 338.4511 1219.3254 305.5773 439.6991 276.8469 116.5996 382.6285 188.1708 266.2866 1232.0267;
	3.3844 45.7309 89.6398 117.1947 14.6152 31.3133 30.6461 17.8211 26.6059 29.2874 54.1373 80.7622 121.587 65.9668 205.3439 77.3621 95.9863 101.7169 87.9917 72.7451 10.2154 73.0643 70.5375 84.7999 104.9927 70.8082 13.428 1253.3241 787.0175 787.0175 712.3036 117.6483 293.3058 187.246 206.8149 335.7941 1180.7971 298.2369 447.3688 281.2304 117.4784 347.3686 190.9821 257.8161 1193.097;
	3.8038 51.3976 89.7096 116.6149 14.366 32.6743 17.2552 18.1648 24.8352 28.7759 53.1918 79.3517 119.4635 52.2155 205.2313 77.3197 95.9337 101.6611 61.0457 73.3914 5.7517 76.24 69.5412 87.5124 105.3281 71.2072 13.5443 1256.1931 787.7283 787.7283 689.101 118.6638 203.4857 188.9096 163.7028 336.0974 1197.1584 283.3566 442.3355 282.1287 117.9683 362.4668 160.0564 266.2463 1209.6288;
	3.9107 52.8416 91.9812 118.8169 14.9558 33.8085 13.0943 18.858 24.9308 29.1043 53.7988 80.2573 120.8269 64.0228 205.1739 77.2981 95.9069 101.6327 89.3095 73.8855 4.3648 78.8866 71.5483 87.9008 106.1897 74.7133 13.9866 1264.1954 812.1727 812.1727 706.1872 114.5196 297.6983 190.1814 200.7201 346.527 1165.4037 292.8477 431.1941 284.4366 122.5687 375.0495 184.2073 270.2142 1177.5433;
	3.8254 51.6897 92.6771 117.3796 14.5261 32.5498 0.0 18.8973 1.5246 29.0133 53.6307 80.0064 120.4492 40.3034 205.0695 77.2587 95.8581 101.5809 86.8307 73.669 0.0 75.9495 71.909 87.5919 103.6533 74.1723 14.1233 1278.3091 791.8485 791.8485 678.1675 119.5619 289.4356 189.6242 126.3566 337.8554 1187.902 307.9677 166.8883 277.6427 122.0024 361.0857 197.5366 270.2753 1200.276;
	3.897 52.6569 93.0983 119.4908 14.8434 31.3272 0.2081 18.8342 7.5898 30.0996 55.6386 83.0019 124.9589 25.3372 203.0169 76.4854 94.8986 100.5642 87.1372 73.597 0.0694 73.0968 74.1607 88.5023 103.7104 72.18 13.9152 1203.5595 746.6111 746.6111 724.4636 117.9507 290.4573 189.4388 79.4356 318.5541 1072.6532 294.1089 132.0495 277.7958 122.405 347.523 188.9231 270.4143 1083.8267;
	3.8862 52.5107 90.9302 116.5474 14.6782 29.5409 0.0213 18.6937 2.1977 25.2 46.5818 69.4909 104.6182 20.9053 201.4768 75.9052 94.1787 99.8013 85.2669 73.2403 0.0071 68.9287 50.0215 87.0638 101.4673 73.9863 13.7246 965.7052 645.232 645.232 599.5317 119.0742 284.2229 188.5207 65.5409 275.299 820.2941 274.4774 23.5672 271.7875 123.069 327.7066 157.8224 275.4242 828.8388;
	3.8158 51.5595 90.764 115.1081 14.9469 25.0643 0.0 18.7263 0.0 27.3449 50.5467 75.4057 113.5228 2.7145 200.082 75.3797 93.5267 99.1104 69.1296 71.6266 0.0 58.4834 72.4241 88.1633 101.7444 71.9821 13.8349 784.8929 663.8226 663.8226 489.8682 113.5151 230.432 184.3671 8.5102 283.231 743.2732 207.7711 0.0 272.5297 120.883 278.0466 150.1281 269.8148 751.0156;
	3.6224 48.946 89.5264 112.5104 15.2153 19.2817 2.5959 18.2706 0.0028 27.0978 50.0899 74.7243 112.4971 1.0114 198.0493 74.6139 92.5765 98.1035 24.8453 70.9014 0.8653 44.9906 73.7553 87.025 99.6295 73.7612 13.5771 601.6516 720.5878 720.5878 490.4391 112.9062 82.8177 182.5003 3.1708 307.4508 798.6692 217.3157 0.0 266.8648 121.6082 213.8981 149.7242 271.5261 806.9887;
	3.9231 53.0095 93.0979 117.1982 15.241 21.1009 3.8039 18.668 25.6499 22.8712 42.277 63.069 94.95 52.5279 195.1768 73.5317 91.2338 96.6806 49.1925 71.322 1.268 49.2355 70.106 87.5174 104.2645 74.6708 13.9452 607.7102 702.9637 702.9637 519.4144 108.9152 163.975 183.5829 164.6822 299.9312 616.6369 233.6557 0.0025 279.2799 122.1032 234.0798 154.2774 270.1238 623.0602;
	3.882 52.4546 90.9896 115.8624 15.052 20.8148 3.5477 18.7983 17.5501 18.9939 35.11 52.3772 78.8536 41.5518 196.3442 73.9716 91.7795 97.2589 33.4513 71.9453 1.1826 48.5678 68.5313 85.9873 102.0128 72.895 13.5853 518.9275 682.5631 682.5631 476.3755 93.232 111.5042 185.1874 130.2704 291.2269 670.9625 249.9562 0.0 273.2486 120.2076 230.9051 171.7975 269.8324 677.9517;
	3.925 53.0348 88.415 114.0054 15.1749 20.0027 2.944 17.9889 3.2262 25.872 47.8241 71.3441 107.4081 36.1129 189.949 71.5622 88.7901 94.091 48.1962 71.2639 0.9813 46.673 73.4946 84.5961 99.4916 72.5504 13.0648 352.5793 677.1149 677.1149 433.7193 87.246 160.6539 183.4335 113.219 288.9023 554.2573 228.3594 0.7101 266.4955 117.9075 221.8966 175.2731 242.8655 560.0308;
	3.6851 49.7934 92.7505 119.5441 14.8597 10.31 1.4231 19.1485 4.6304 28.5181 52.7152 78.6407 118.3932 29.7488 179.6161 67.6693 83.9601 88.9726 55.6076 70.5756 0.4744 24.0566 74.6147 89.4941 106.0099 75.2877 14.0338 416.0467 565.9148 565.9148 411.5726 92.9451 185.3586 181.6618 93.2664 241.457 467.9369 220.4293 9.7539 283.955 123.2245 114.3718 161.3091 247.9358 472.8113;
	3.7061 50.0775 92.0964 120.1165 14.92 18.9279 0.0303 19.1834 0.0 29.1167 53.8218 80.2916 120.8785 43.0799 186.6356 70.3139 87.2413 92.4497 46.8699 70.6782 0.0101 44.1652 69.9681 89.8821 106.5415 75.5011 13.9097 999.673 486.0915 486.0915 302.0721 90.5943 156.2331 181.9258 135.0612 207.399 819.3678 218.7074 92.4543 285.3791 122.6 209.9737 139.6034 247.0849 827.9029;
	3.4071 46.0376 93.2833 119.6227 14.6036 19.9117 0.0 19.1182 0.0 29.7174 54.9321 81.9479 123.3721 58.7535 195.5045 73.6552 91.387 96.8429 72.0704 71.0787 0.0 46.4606 71.4874 89.6772 106.2631 75.0552 13.9148 1198.0771 567.9587 567.9587 220.6439 72.2485 240.2346 182.9568 184.2002 242.3291 972.2633 206.5435 93.7881 284.6334 122.6361 220.887 164.4967 270.3308 982.391;
