function windprofile = ex_wind_profilesh1
%EX_WIND_PROFILE_D  Example wind_load_nyiso profile data for deterministic unit commitment.
% 2022.03.12
% Andres F. Ramirez


%% define constants
[GEN_BUS, PG, QG, QMAX, QMIN, VG, MBASE, GEN_STATUS, PMAX, PMIN, ...
    MU_PMAX, MU_PMIN, MU_QMAX, MU_QMIN, PC1, PC2, QC1MIN, QC1MAX, ...
    QC2MIN, QC2MAX, RAMP_AGC, RAMP_10, RAMP_30, RAMP_Q, APF] = idx_gen;
[CT_LABEL, CT_PROB, CT_TABLE, CT_TBUS, CT_TGEN, CT_TBRCH, CT_TAREABUS, ...
    CT_TAREAGEN, CT_TAREABRCH, CT_ROW, CT_COL, CT_CHGTYPE, CT_REP, ...
    CT_REL, CT_ADD, CT_NEWVAL, CT_TLOAD, CT_TAREALOAD, CT_LOAD_ALL_PQ, ...
    CT_LOAD_FIX_PQ, CT_LOAD_DIS_PQ, CT_LOAD_ALL_P, CT_LOAD_FIX_P, ...
    CT_LOAD_DIS_P, CT_TGENCOST, CT_TAREAGENCOST, CT_MODCOST_F, ...
    CT_MODCOST_X] = idx_ct;

windprofile = struct( ...
    'type', 'mpcData', ...
    'table', CT_TGEN, ...
    'rows', [1:45], ...
    'col', PMAX, ...
    'chgtype', 1, ...
    'values', [] );
windprofile.values(:,1,:) = [
	3.8836 52.4753 92.5137 113.9579 14.8046 34.4868 32.6786 16.1859 11.3807 8.2515 15.2528 22.7542 34.2563 49.0603 198.4987 74.7832 92.7866 98.3261 84.1821 69.224 10.8929 80.4692 0.4038 85.5326 102.4977 73.6914 13.7588 1205.5758 787.4923 787.4923 700.9618 109.1863 280.6069 178.1828 153.8108 335.9967 1143.4073 253.5699 440.4527 274.5475 119.8415 382.5735 216.5661 272.837 1155.3178;
	3.8141 51.5368 92.5511 111.0493 14.8874 34.1514 32.5824 16.9364 9.6289 1.7221 3.1832 4.7487 7.1492 56.174 188.2616 70.9265 88.0013 93.2552 72.9822 70.085 10.8608 79.6867 0.0 83.9101 101.7981 71.0978 13.053 1282.6433 819.5036 819.5036 756.9624 108.6352 243.2739 180.399 176.1132 349.6548 1253.9453 243.5733 439.2271 272.6734 119.2465 378.8533 214.5314 267.6048 1267.0073;
	3.7488 50.6547 88.6349 97.3534 14.903 32.9336 32.7595 14.5662 20.4708 4.9293 9.1118 13.593 20.4641 55.8374 154.9387 58.3723 72.4248 76.7487 74.3898 69.3836 10.9198 76.845 0.5235 83.8794 99.1603 70.5383 12.8744 1285.6663 794.6965 794.6965 741.2076 112.7315 247.9659 178.5936 175.0579 339.0705 1213.3313 254.5395 446.8932 265.6079 115.0027 365.3429 209.2917 257.884 1225.9702;
	3.5866 48.4622 90.2771 109.9506 15.1605 31.9293 30.6758 17.2159 27.0592 27.7247 51.2487 76.4529 115.0995 63.6186 190.5629 71.7935 89.0771 94.3951 80.1686 66.1819 10.2253 74.5018 24.1933 87.0644 103.5178 70.8883 13.3283 1266.4005 788.9601 788.9601 744.2507 116.0078 267.2286 170.3525 199.453 336.623 1169.4788 271.2636 441.8521 277.2799 117.9233 354.2027 173.674 257.2846 1181.6609;
	2.9404 39.7311 92.8957 113.4075 14.7617 28.9877 30.1985 17.7126 26.203 28.475 52.6356 78.5219 118.2143 60.8558 192.9322 72.6861 90.1846 95.5688 75.9287 67.8292 10.0662 67.638 69.2686 87.4908 104.2901 70.2268 13.5386 1259.0789 798.4403 798.4403 718.1653 113.7779 253.0957 174.5924 190.7911 340.6679 1107.0716 253.1417 437.4366 279.3485 119.1194 321.5704 184.269 258.4306 1118.6036;
	3.521 47.5767 91.5438 110.5861 14.342 31.9859 18.8699 17.6918 24.9822 28.3542 52.4123 78.1889 117.713 48.8611 194.7793 73.382 91.048 96.4837 50.7181 71.1085 6.29 74.6337 70.4761 86.4356 104.1621 72.1135 13.7077 1203.3408 808.4828 808.4828 736.1021 116.8236 169.0603 183.0334 153.1863 344.9527 1127.0028 259.7098 443.8322 279.0057 117.2196 354.8298 160.1203 258.524 1138.7425;
	3.5826 48.4086 90.6993 110.7994 14.1146 32.5575 13.2156 17.6748 22.5287 28.4376 52.5665 78.4188 118.0591 64.8621 200.361 75.4848 93.6571 99.2486 84.7296 73.306 4.4052 75.9675 72.0505 87.4067 104.3288 73.0327 13.8824 1266.2559 790.5167 790.5167 724.9538 119.5242 282.4321 188.6898 203.3515 337.2871 1149.1256 275.2693 366.0171 279.4521 121.4425 361.1711 176.8569 261.3647 1161.0956;
	3.6203 48.9183 91.3263 112.4376 14.7189 32.489 1.7232 17.7493 0.0 26.6354 49.2351 73.449 110.5771 43.4188 201.7473 76.0071 94.3051 99.9353 85.2595 72.5544 0.5744 75.8078 68.8792 88.1142 105.5224 73.5557 13.9432 1266.5258 756.8674 756.8674 712.5561 117.7574 284.1983 186.7551 136.1237 322.9301 1188.9601 275.4005 128.1343 282.6494 120.8049 360.4118 198.6201 271.9617 1201.3451;
	3.6638 49.5056 91.8041 114.6663 14.7602 30.7852 0.8732 17.6166 0.0 25.1166 46.4277 69.2609 104.272 26.1161 195.8502 73.7854 91.5486 97.0142 86.3686 72.3717 0.2911 71.8321 68.043 87.6216 103.3475 73.0176 13.7398 1197.073 668.0893 668.0893 688.6611 118.7137 287.8954 186.285 81.8774 285.0515 1014.4651 256.3345 0.0 276.8237 121.6123 341.5103 182.9564 281.5017 1025.0324;
	3.8685 52.2719 93.5356 117.158 15.2144 31.9986 2.9639 18.0638 0.0 22.0341 40.7296 60.7606 91.4748 20.166 195.8569 73.7879 91.5517 97.0175 88.6929 72.6575 0.988 74.6634 26.2287 87.9743 103.5511 73.9085 13.9976 1003.218 600.7293 600.7293 597.7438 115.0049 295.6431 187.0205 63.2231 256.3112 839.1402 253.0267 0.1633 277.369 123.8574 354.9713 170.0408 282.6682 847.8812;
	3.5882 48.4838 93.4075 111.9753 14.8026 27.4211 0.4768 17.827 0.0 27.5747 50.9713 76.0392 114.4766 7.7265 195.6374 73.7053 91.4491 96.9088 79.4776 70.5028 0.1589 63.9827 69.2547 86.9631 102.6357 71.31 13.9441 865.4157 653.0902 653.0902 536.0237 116.9297 264.9254 181.4744 24.2235 278.6518 769.5678 209.7216 4.0918 274.9172 122.3767 304.1918 151.0759 268.8686 777.5841;
	2.943 39.7666 91.451 113.7601 14.3928 19.5062 1.4246 17.8668 0.0 24.1484 44.638 66.5911 100.2525 3.2688 195.3803 73.6084 91.3289 96.7814 26.9293 69.7609 0.4749 45.5144 68.0111 85.9575 101.2884 71.6373 13.8236 646.7609 697.0286 697.0286 495.9725 117.007 89.7645 179.5646 10.2482 297.3989 805.5273 202.9803 19.4855 271.3082 122.0674 216.3884 142.1267 269.5243 813.9182;
	3.6168 48.8704 92.0912 113.8441 14.6504 21.1898 0.3268 17.7307 21.2493 22.3851 41.3785 61.7285 92.9319 52.7717 192.7378 72.6129 90.0937 95.4725 56.3261 69.8243 0.1089 49.443 68.5634 85.1978 103.1027 71.7033 13.9307 663.1975 709.5086 709.5086 534.0666 115.3433 187.7537 179.728 165.4464 302.7237 623.891 238.4084 0.2472 276.1681 121.699 235.066 154.066 262.8178 630.3899;
	3.4241 46.2671 89.0817 109.0388 14.22 19.59 0.004 17.033 3.4366 19.8711 36.7315 54.7961 82.4953 38.9403 195.214 73.5458 91.2512 96.699 50.1147 70.6057 0.0013 45.7099 67.267 81.9087 97.216 69.2061 13.1426 534.9591 650.5975 650.5975 472.2955 97.6182 167.0491 181.7392 122.0832 277.5883 654.3799 237.5907 0.0 260.4 119.3374 217.3179 154.8676 257.6156 661.1964;
	3.5715 48.2594 87.6622 109.5473 14.7625 18.3485 1.0233 17.2464 0.0 23.6415 43.701 65.1933 98.1481 30.3782 194.3698 73.2277 90.8566 96.2808 67.4735 70.9064 0.3411 42.8132 68.6156 83.2683 96.1771 69.6713 13.5311 429.3685 659.9544 659.9544 460.8932 91.7962 224.9116 182.5133 95.2398 281.5806 579.0808 233.8316 12.2849 257.6174 120.0235 203.5462 170.0081 191.0054 585.1129;
	3.3267 44.9507 91.5147 117.4303 15.0693 9.5933 0.0059 17.428 0.0 25.4497 47.0433 70.1793 105.6546 23.8257 177.3375 66.8109 82.895 87.8439 60.0759 68.7055 0.002 22.3844 68.4074 87.1211 101.2545 71.2476 13.6736 437.6682 548.6948 548.6948 425.7732 94.1828 200.2529 176.848 74.6968 234.1098 496.6739 210.731 9.761 271.2174 123.0973 106.4217 161.9234 236.2477 501.8476;
	3.3706 45.5444 92.9391 118.0582 15.2059 19.7776 1.1779 18.1178 0.0 25.6285 47.3738 70.6724 106.397 32.5555 178.1866 67.1308 83.2919 88.2645 45.4809 69.128 0.3926 46.1478 67.1609 89.1384 105.7701 73.1823 13.7366 990.5778 485.3104 485.3104 307.0245 91.9441 151.603 177.9355 102.0659 207.0658 824.3629 222.6652 106.6251 283.3126 121.5381 219.3997 144.1866 241.3804 832.95;
	3.337 45.0897 93.9224 117.3322 15.0597 24.1213 6.7553 18.4993 1.403 25.2476 46.6698 69.6221 104.8157 59.4264 189.5479 71.4111 88.6026 93.8923 66.8573 69.3457 2.2518 56.2829 66.8267 89.086 105.5201 74.3719 13.9109 1199.8125 601.5845 601.5845 226.1508 66.7101 222.8575 178.496 186.3099 256.676 1014.8642 213.846 138.3411 282.6432 120.6456 267.5851 184.2833 276.4563 1025.4357;
