function loadprofile = ex_load_profilesh1
%EX_LOAD_PROFILE  Example load profile data file for stochastic unit commitment.
% 2022.03.12
% Andres F. Ramirez

%% define constants
[CT_LABEL, CT_PROB, CT_TABLE, CT_TBUS, CT_TGEN, CT_TBRCH, CT_TAREABUS, ...
    CT_TAREAGEN, CT_TAREABRCH, CT_ROW, CT_COL, CT_CHGTYPE, CT_REP, ...
    CT_REL, CT_ADD, CT_NEWVAL, CT_TLOAD, CT_TAREALOAD, CT_LOAD_ALL_PQ, ...
    CT_LOAD_FIX_PQ, CT_LOAD_DIS_PQ, CT_LOAD_ALL_P, CT_LOAD_FIX_P, ...
    CT_LOAD_DIS_P, CT_TGENCOST, CT_TAREAGENCOST, CT_MODCOST_F, ...
    CT_MODCOST_X] = idx_ct;

loadprofile = struct( ...
    'type', 'mpcData', ...
    'table', CT_TAREALOAD, ...
    'rows', [1:11], ...
    'col', CT_LOAD_ALL_P, ...
    'chgtype', 1, ...
    'values', [] );
loadprofile.values(:,1,:) = [
	1408.4199 911.0513 1646.362 514.2 735.6 1124.4468 830.9988 249.9636 504.2 4319.2469 1637.1278;
	1411.436 897.9455 1579.8474 518.6743 688.091 1097.0 805.772 243.3235 489.0077 4189.9213 1633.8;
	1411.6522 915.4492 1617.7716 522.5717 724.7252 1144.4538 818.0323 250.3 497.485 4266.3 1678.7275;
	1516.1518 979.8843 1736.0749 547.3725 767.1344 1182.3 861.734 274.3456 534.7786 4389.2799 1775.5651;
	1655.3 1101.8005 1906.5171 562.5 880.9897 1335.2872 973.0032 315.4 611.3183 4977.7778 2011.4363;
	1750.9574 1155.1 1994.8672 555.5267 950.4 1398.0 1041.385 332.9 671.1 5378.2547 2126.5956;
	1789.8081 1162.1 1993.1286 541.3062 954.3453 1399.5209 1014.0598 336.7998 665.9249 5662.5532 2172.1169;
	1752.2063 1170.583 2007.0 533.2143 967.6925 1372.6319 1003.5939 340.2189 682.3168 5980.3804 2195.0843;
	1745.9219 1182.233 2009.7399 517.9418 927.9547 1307.5747 1006.4109 335.6 688.3501 6021.4167 2201.5418;
	1769.9755 1182.3235 1993.996 526.6106 891.4688 1276.4355 1025.2293 318.5584 692.1454 6097.6638 2181.5917;
	1792.9816 1196.6 1995.1165 518.2317 859.9607 1275.7833 1036.0351 328.8 701.1823 6059.082 2163.4119;
	1775.6642 1160.3 1925.0955 520.8756 835.4442 1238.003 1004.5 327.0462 694.9317 6049.6662 2136.6105;
	1709.2008 1134.6139 1848.0236 525.8118 815.3566 1281.2137 1033.161 324.0844 717.5 6057.5106 2178.2007;
	1690.9597 1116.0441 1826.618 512.1469 794.3108 1254.5824 997.3 330.7685 686.078 6161.6592 2127.9;
	1739.5139 1130.9331 1854.1588 490.5533 781.8011 1289.4407 1080.0288 347.1994 688.1673 6204.2623 2261.4097;
	1725.3245 1140.1869 1843.9125 516.7269 788.2429 1286.3267 1073.821 341.8837 682.6961 6131.2945 2229.193;
	1711.299 1137.2 1844.7603 519.5096 832.9013 1318.1474 1071.2465 360.8865 675.0443 5939.6769 2290.554;
	1796.2937 1187.8306 1926.4181 544.1521 862.7007 1376.4323 1155.7248 373.524 703.3827 6070.0589 2445.1045;
	1795.2313 1187.2906 1919.6257 561.0282 881.1187 1350.9 1113.9012 347.7762 696.7591 5882.9625 2344.2851;
	1784.3183 1136.3 1871.1997 553.3 870.0819 1318.3786 1089.2815 355.2696 673.4197 5705.6612 2266.7969;
	1699.9436 1056.3274 1756.1355 537.9871 814.3327 1235.3201 1002.6563 320.6175 632.3952 5347.0814 2127.6;
	1607.6355 975.9466 1635.6779 511.5149 753.3002 1171.2702 923.4495 296.4631 589.7255 4939.4 1931.5996;
	1659.533 1023.7425 1676.5961 543.8607 712.2136 1167.4712 938.5 273.7922 585.0494 4855.5869 1859.4;
	1568.3259 1019.477 1626.5586 550.7348 717.3939 1154.8791 939.2549 265.8192 588.3928 4791.2488 1826.1793;
];
