function loadprofile = ex_load_profilesh1
%EX_LOAD_PROFILE  Example load profile data file for stochastic unit commitment.
% 2022.03.12
% Andres F. Ramirez

%% define constants
[CT_LABEL, CT_PROB, CT_TABLE, CT_TBUS, CT_TGEN, CT_TBRCH, CT_TAREABUS, ...
    CT_TAREAGEN, CT_TAREABRCH, CT_ROW, CT_COL, CT_CHGTYPE, CT_REP, ...
    CT_REL, CT_ADD, CT_NEWVAL, CT_TLOAD, CT_TAREALOAD, CT_LOAD_ALL_PQ, ...
    CT_LOAD_FIX_PQ, CT_LOAD_DIS_PQ, CT_LOAD_ALL_P, CT_LOAD_FIX_P, ...
    CT_LOAD_DIS_P, CT_TGENCOST, CT_TAREAGENCOST, CT_MODCOST_F, ...
    CT_MODCOST_X] = idx_ct;

loadprofile = struct( ...
    'type', 'mpcData', ...
    'table', CT_TAREALOAD, ...
    'rows', [1:11], ...
    'col', CT_LOAD_ALL_P, ...
    'chgtype', 1, ...
    'values', [] );
loadprofile.values(:,1,:) = [
	1424.4603 908.0701 1499.5373 534.1215 720.486 1153.6083 861.448 255.5199 533.0505 4555.0397 1665.1441;
	1414.0191 895.665 1479.5311 528.0169 711.5095 1125.3194 848.6402 239.2853 526.5729 4535.3421 1683.2009;
	1401.1 909.6 1516.6 527.7169 749.7013 1126.3 835.957 234.1893 516.8763 4371.291 1652.4161;
	1481.2765 967.3683 1608.4861 538.0808 811.6286 1180.9961 886.1255 257.455 557.1609 4618.5733 1771.0673;
	1630.8 1086.8 1816.24 563.3447 883.9947 1341.3954 999.702 295.3732 638.967 5118.5265 2016.7872;
	1748.8 1174.711 1900.9425 579.544 931.8897 1430.8424 1060.2404 326.5787 685.4 5609.4807 2166.2925;
	1794.3748 1199.6327 1935.49 572.2127 967.4989 1425.8 1089.6 339.8 717.9178 5943.5508 2239.1924;
	1781.0075 1200.4287 1947.8695 536.2831 965.4352 1409.7 1102.7 333.644 710.5708 6027.0269 2244.7709;
	1830.9172 1235.9688 1990.6312 531.1527 961.4671 1390.9561 1100.7946 313.3 700.3895 6026.1808 2199.4374;
	1804.3305 1232.6998 1964.8432 524.9447 957.494 1377.0704 1112.2724 315.8 684.4128 6078.5067 2107.5938;
	1733.0085 1202.6336 1930.1972 511.3166 931.3917 1338.8572 1072.9096 297.7187 694.4875 6071.574 2151.4784;
	1669.4443 1197.9898 1911.6442 517.1272 923.5 1357.2772 1070.4363 290.9 683.9574 6031.999 2135.8478;
	1635.7575 1140.7461 1845.8332 506.5 885.3826 1314.5104 1027.4136 290.6379 671.9 5977.217 2084.5082;
	1685.4522 1130.2157 1831.9005 487.613 855.4709 1327.1064 1048.6874 290.8017 672.1836 5940.5352 2168.2656;
	1606.3294 1126.0089 1813.1727 517.041 883.7137 1350.066 1018.881 289.8167 666.2 5938.9609 2160.5582;
	1690.9353 1132.3956 1816.0132 509.0663 918.0508 1353.5499 1020.8983 280.8193 662.0 5788.3138 2093.5702;
	1711.5021 1139.548 1892.0611 505.002 948.8325 1356.2357 1085.6282 315.8129 679.071 5756.1878 2232.2748;
	1766.2487 1180.6495 1989.2776 520.3902 978.4967 1397.6373 1101.0483 349.3 713.5164 5805.6185 2360.0;
	1847.3434 1181.9519 1962.8701 517.4743 975.9379 1376.7613 1126.6324 348.3177 703.2308 5739.3429 2306.6886;
	1810.4711 1122.4466 1920.2548 522.5328 934.0848 1299.938 1081.7127 321.4 668.8 5631.8224 2246.6956;
	1730.1223 1062.6419 1818.7 513.2325 891.0699 1268.5549 1052.1096 308.0556 645.2208 5384.2872 2134.3239;
	1629.2 985.4427 1680.5 501.5307 828.3938 1168.0112 947.1 254.2084 587.9259 4942.1017 1938.8401;
	1591.6694 948.4855 1655.2765 507.392 786.7117 1140.6113 896.6483 247.5242 557.1342 4754.4098 1818.1871;
	1531.3412 912.4 1586.4101 535.4096 757.6433 1078.6 861.3928 227.5128 533.7363 4576.7613 1725.1647;
];
