function windprofile = ex_wind_profilesh1
%EX_WIND_PROFILE_D  Example wind_load_nyiso profile data for deterministic unit commitment.
% 2022.03.12
% Andres F. Ramirez


%% define constants
[GEN_BUS, PG, QG, QMAX, QMIN, VG, MBASE, GEN_STATUS, PMAX, PMIN, ...
    MU_PMAX, MU_PMIN, MU_QMAX, MU_QMIN, PC1, PC2, QC1MIN, QC1MAX, ...
    QC2MIN, QC2MAX, RAMP_AGC, RAMP_10, RAMP_30, RAMP_Q, APF] = idx_gen;
[CT_LABEL, CT_PROB, CT_TABLE, CT_TBUS, CT_TGEN, CT_TBRCH, CT_TAREABUS, ...
    CT_TAREAGEN, CT_TAREABRCH, CT_ROW, CT_COL, CT_CHGTYPE, CT_REP, ...
    CT_REL, CT_ADD, CT_NEWVAL, CT_TLOAD, CT_TAREALOAD, CT_LOAD_ALL_PQ, ...
    CT_LOAD_FIX_PQ, CT_LOAD_DIS_PQ, CT_LOAD_ALL_P, CT_LOAD_FIX_P, ...
    CT_LOAD_DIS_P, CT_TGENCOST, CT_TAREAGENCOST, CT_MODCOST_F, ...
    CT_MODCOST_X] = idx_ct;

windprofile = struct( ...
    'type', 'mpcData', ...
    'table', CT_TGEN, ...
    'rows', [1:45], ...
    'col', PMAX, ...
    'chgtype', 1, ...
    'values', [] );
windprofile.values(:,1,:) = [
	4.0018 54.0737 90.8069 116.7451 14.7079 34.7382 32.0436 17.8728 12.1931 18.3876 33.9892 50.7052 76.3364 56.5376 201.7928 76.0243 94.3264 99.9578 92.2137 68.5879 10.6812 81.0559 25.1944 86.3531 100.489 72.4343 13.5601 1321.4782 794.5092 794.5092 725.9344 116.8191 307.379 176.5453 177.2529 338.9906 1165.532 269.4963 456.3157 269.1671 114.8041 385.363 218.0557 278.6536 1177.673;
	3.9584 53.4871 92.7352 116.3327 14.7124 34.5779 32.5802 18.2655 13.7292 15.6243 28.8813 43.0852 64.8645 63.6879 190.7752 71.8735 89.1763 94.5003 90.1026 69.1797 10.8601 80.6817 28.6658 85.8934 99.914 72.4793 13.4376 1260.7839 788.6664 788.6664 690.865 112.5638 300.3421 178.0687 199.6702 336.4977 1217.6287 243.0757 455.8152 267.6268 117.1676 383.5838 217.4818 280.4385 1230.3124;
	3.8961 52.6453 91.0108 112.3734 15.0463 34.5399 33.2427 18.598 25.6682 16.0821 29.7275 44.3475 66.765 62.2675 178.8043 67.3635 83.5806 88.5705 89.7342 69.4973 11.0809 80.5932 29.9686 85.9962 100.0791 74.1108 13.714 1228.7773 771.0876 771.0876 630.1585 112.0635 299.114 178.8863 195.2169 328.9974 1204.3685 263.1614 459.0798 268.069 118.393 383.163 216.8787 273.1347 1216.914;
	3.6498 49.3164 88.4732 111.8833 14.8108 33.9879 32.3185 18.3575 28.4768 29.8425 55.1634 82.293 123.8917 65.8754 196.7098 74.1093 91.9504 97.44 88.5015 65.5236 10.7728 79.305 25.7968 85.4561 96.8833 73.6697 13.4765 1205.3379 784.6171 784.6171 724.134 112.0977 295.0048 168.658 206.5282 334.77 1119.3931 282.1296 453.7698 259.5089 118.7641 377.0387 183.361 260.0846 1131.0534;
	3.1303 42.297 91.8009 117.2403 15.1897 31.6356 31.1509 18.0649 28.4818 30.7467 56.8349 84.7865 127.6456 62.2369 192.5529 72.5432 90.0073 95.3809 86.8528 63.9252 10.3836 73.8163 74.2044 88.0632 97.7069 72.8323 13.4198 1276.5605 783.704 783.704 741.4796 113.3253 289.5094 164.5436 195.1212 334.3804 1123.3904 305.2783 452.9539 261.715 118.1324 350.9437 183.2627 260.1141 1135.0924;
	3.5633 48.1483 92.0063 115.7461 15.0461 32.7079 19.454 18.302 27.3494 30.9597 57.2286 85.3738 128.5298 40.4408 193.312 72.8292 90.3621 95.7569 49.7075 67.8525 6.4847 76.3185 73.5314 89.1712 98.9163 73.4757 13.6433 1170.957 779.6187 779.6187 701.8478 113.1245 165.6917 174.6525 126.7873 332.6373 1107.7414 292.5738 439.1438 264.9543 116.6609 362.8402 164.697 257.0023 1119.2804;
	3.6289 49.0341 94.5929 119.6092 15.0744 33.2623 14.0662 18.8714 26.9884 31.0509 57.3972 85.6253 128.9084 64.4919 193.2619 72.8103 90.3387 95.7321 85.4953 71.8925 4.6887 77.612 75.2006 89.9704 103.1811 74.5816 13.9902 1274.5067 786.6459 786.6459 709.6491 112.5278 284.9842 185.0515 202.1908 335.6356 1189.5872 297.2686 424.5705 276.378 119.1187 368.9895 176.1984 266.4552 1201.9787;
	3.5849 48.4402 95.2264 120.4178 15.123 33.4714 4.0919 18.9542 26.6208 30.6241 56.6081 84.4482 127.1363 40.6763 196.4243 74.0017 91.8169 97.2985 84.1986 70.8469 1.364 78.0999 74.5833 89.953 104.6012 75.3762 13.9421 1235.2605 753.8626 753.8626 688.6153 116.2197 280.662 182.3601 127.5256 321.648 1166.8205 294.5769 172.4185 280.1817 122.1537 371.3091 193.7655 270.8952 1178.9749;
	3.6564 49.4056 95.1545 120.552 14.897 32.3856 2.1612 17.8122 16.7346 30.2927 55.9956 83.5344 125.7606 1.0904 191.9504 72.3162 89.7257 95.0824 84.0909 70.217 0.7204 75.5664 74.7968 89.7823 102.989 72.777 13.2571 1092.7294 668.0883 668.0883 696.7287 115.8979 280.303 180.7388 3.4186 285.051 992.9959 283.3423 3.4561 275.8634 121.3863 359.2643 182.7094 270.5247 1003.3396;
	3.6537 49.3697 93.8532 119.3939 15.0669 31.2 0.0 18.4355 0.0882 25.952 47.9718 71.5645 107.74 17.6857 188.1263 70.8755 87.9381 93.1881 84.2405 69.4794 0.0 72.8 52.1171 88.7106 102.757 73.3025 13.0341 856.5347 522.2831 522.2831 506.8856 115.1402 280.8016 178.8402 55.4469 222.8408 696.107 242.5538 0.0 275.242 119.4442 346.112 155.2953 272.9386 703.3581;
	3.6058 48.7217 92.8756 115.8532 14.3427 26.4922 0.1462 18.7188 0.7824 30.2908 55.992 83.5291 125.7526 0.5524 195.1466 73.5203 91.2197 96.6656 80.6657 71.0266 0.0487 61.8152 72.5481 88.4822 103.6114 71.9866 13.6653 716.933 607.3436 607.3436 463.6135 115.834 268.8858 182.8226 1.7319 259.1333 666.2096 204.6145 27.4152 277.5305 117.3535 293.8871 146.0104 269.413 673.1493;
	3.3863 45.7565 91.4612 115.3349 14.4081 18.1973 2.832 18.3747 1.5527 29.1949 53.9663 80.5072 121.2031 0.0 198.4454 74.7632 92.7617 98.2997 29.3369 72.9301 0.944 42.4603 74.5546 85.9309 100.1233 72.362 13.5105 554.691 672.5276 672.5276 479.9924 114.2674 97.7897 187.7222 0.0 286.9451 758.5229 224.8372 32.349 268.1874 119.6102 201.8682 137.9892 273.461 766.4242;
	3.6993 49.9851 90.9978 111.9399 14.7662 20.1314 0.8893 17.8329 24.9231 25.0778 46.356 69.1541 104.1111 45.4769 200.1421 75.4024 93.5548 99.1402 55.959 72.8786 0.2964 46.9732 72.6287 84.2853 99.1818 71.1832 13.5398 541.6824 679.2015 679.2015 505.614 105.4442 186.5301 187.5896 142.5761 289.7926 581.1437 239.9501 0.0 265.6656 119.284 223.3241 138.19 264.6888 587.1973;
	3.7027 50.0317 90.7235 111.4201 14.691 19.5437 0.7245 18.1275 18.4572 24.1639 44.6665 66.6337 100.3166 26.7408 199.6518 75.2177 93.3256 98.8973 53.7281 72.4474 0.2415 45.6021 72.0263 86.2409 98.6162 73.8188 13.5081 494.3739 652.0807 652.0807 481.247 88.1193 179.0938 186.4799 83.8361 278.2211 634.5493 240.0431 3.5128 264.1505 120.5397 216.8052 154.1973 269.9644 641.1592;
	3.7405 50.5422 89.9365 113.662 14.9394 18.2666 0.5783 17.6942 0.5083 26.1394 48.3182 72.0813 108.518 27.1516 194.3001 73.2014 90.824 96.2463 64.4622 71.6465 0.1928 42.6221 72.4364 87.1165 98.1724 73.6974 13.5034 346.5491 655.4974 655.4974 443.7788 69.9048 214.8739 184.4183 85.1239 279.6789 573.6332 214.9942 7.6563 262.9619 121.1186 202.6378 169.9184 246.0799 579.6085;
	3.3484 45.2438 89.8453 115.8757 14.5278 9.5642 0.2605 18.1948 0.4498 27.6877 51.1803 76.3509 114.9459 15.2323 182.4209 68.726 85.2712 90.362 63.2863 71.2282 0.0868 22.3164 70.2613 86.7623 99.932 73.6896 13.9494 379.7343 524.4179 524.4179 381.9746 62.5395 210.9544 183.3416 47.7552 223.7516 468.068 198.8757 0.0 267.6749 123.1353 106.0987 151.8937 248.0436 472.9437;
	3.349 45.2517 93.0821 117.5416 14.6775 17.8837 1.8277 18.4421 1.1909 28.4923 52.6676 78.5698 118.2864 34.6671 186.7296 70.3493 87.2852 92.4963 68.0872 70.0619 0.6092 41.7286 69.4886 88.344 103.5681 75.8964 13.8574 958.6804 497.6425 497.6425 297.1543 78.1895 226.9573 180.3394 108.686 212.3275 842.1956 222.2915 108.0843 277.4145 122.384 198.3898 134.208 247.6209 850.9685;
	3.057 41.3068 87.1486 111.2786 14.1281 20.6757 0.0 17.7787 0.0 29.0476 53.694 80.1009 120.5915 58.5019 195.1922 73.5375 91.241 96.6883 81.1454 70.7501 0.0 48.2434 68.5732 84.7309 97.0632 74.6369 13.5179 1179.8192 585.4159 585.4159 207.2982 56.3501 270.4847 182.1109 183.4114 249.7775 1005.3272 198.401 126.9004 259.9908 121.8334 229.363 172.0938 264.1012 1015.7994;
