function loadprofile = ex_load_profilesh1
%EX_LOAD_PROFILE  Example load profile data file for stochastic unit commitment.
% 2022.03.12
% Andres F. Ramirez

%% define constants
[CT_LABEL, CT_PROB, CT_TABLE, CT_TBUS, CT_TGEN, CT_TBRCH, CT_TAREABUS, ...
    CT_TAREAGEN, CT_TAREABRCH, CT_ROW, CT_COL, CT_CHGTYPE, CT_REP, ...
    CT_REL, CT_ADD, CT_NEWVAL, CT_TLOAD, CT_TAREALOAD, CT_LOAD_ALL_PQ, ...
    CT_LOAD_FIX_PQ, CT_LOAD_DIS_PQ, CT_LOAD_ALL_P, CT_LOAD_FIX_P, ...
    CT_LOAD_DIS_P, CT_TGENCOST, CT_TAREAGENCOST, CT_MODCOST_F, ...
    CT_MODCOST_X] = idx_ct;

loadprofile = struct( ...
    'type', 'mpcData', ...
    'table', CT_TAREALOAD, ...
    'rows', [1:11], ...
    'col', CT_LOAD_ALL_P, ...
    'chgtype', 1, ...
    'values', [] );
loadprofile.values(:,1,:) = [
	1519.5863 938.0744 1518.6595 495.0894 706.9538 1043.7 838.2987 247.6263 509.4758 4475.5956 1816.5467;
	1499.9657 908.2694 1513.6127 503.7017 704.5 1046.0512 831.6754 257.7 512.6303 4421.896 1796.7224;
	1507.361 927.5088 1554.1282 499.7 748.6679 1074.4141 842.5 268.3293 501.0165 4419.3164 1796.2285;
	1566.0812 986.5963 1634.6 510.7 799.6088 1164.0544 886.1853 284.7538 549.509 4622.3519 1867.6449;
	1710.8935 1109.379 1783.1 551.0135 924.3 1297.6 981.6139 302.6639 618.8607 5127.4684 2080.5066;
	1829.3056 1193.4599 1923.0869 574.2 965.5881 1392.2476 1061.8577 335.0 688.5951 5650.2575 2241.4595;
	1879.0699 1221.8953 1906.4693 579.5868 937.9139 1404.1947 1086.6203 334.3035 692.8531 5916.6992 2319.2518;
	1863.6822 1226.6888 1962.6868 550.0331 908.9168 1382.8 1098.8795 329.7007 711.6 6076.2807 2289.1766;
	1854.9193 1195.9992 1910.7046 538.7175 907.8844 1352.1 1079.0902 313.2272 685.8539 6034.6721 2198.9414;
	1848.0407 1202.8708 1873.4868 529.6184 862.3506 1319.1454 1039.5695 296.1873 683.2799 6041.1631 2180.7831;
	1810.2554 1165.9722 1834.8216 522.0094 875.2685 1267.6764 1023.9656 315.658 678.0272 6018.1467 2146.1952;
	1817.9807 1161.8 1842.7571 520.7037 872.1434 1281.419 1085.9988 310.159 687.7226 6030.2983 2115.1741;
	1789.3415 1143.5836 1824.958 516.5245 852.2026 1189.2787 1028.8069 323.8906 670.2394 5941.992 2113.1411;
	1777.7163 1153.0245 1808.2 514.9994 874.693 1168.0293 1020.9273 335.8196 669.1871 6004.0118 2160.5134;
	1809.4 1213.2153 1853.557 513.0 874.6607 1235.682 1047.5581 341.1706 670.8231 6073.298 2214.6234;
	1767.7774 1160.3971 1855.7084 520.2983 895.1936 1213.3231 1051.0657 337.2 676.9689 6056.0142 2250.86;
	1823.0 1188.5 1918.0272 547.287 914.1276 1285.8702 1103.6 384.746 704.1678 6028.2794 2344.0178;
	1831.9134 1202.8629 1955.3 561.332 942.6332 1354.9798 1142.8184 374.139 712.7251 5985.6942 2456.0221;
	1904.9277 1213.8405 1955.1676 573.6618 975.5774 1371.1064 1120.7 387.1372 688.9777 5853.4935 2407.7406;
	1835.2515 1183.1753 1863.07 546.6294 943.8734 1289.6565 1056.3526 370.3904 670.5643 5764.4985 2296.8278;
	1769.9668 1092.3525 1731.6449 513.258 874.8659 1210.9317 984.3 326.7 625.9954 5374.1055 2153.3993;
	1633.1568 1019.1904 1639.074 508.0977 843.4 1133.2681 910.9321 307.2998 573.6196 5067.736 1970.8622;
	1593.5752 956.5259 1568.2338 505.804 768.9 1099.2156 880.3877 270.0415 538.8633 4893.3013 1862.592;
	1577.2276 931.2013 1542.0941 517.1881 753.4116 1086.6549 849.0028 262.0313 500.9317 4727.1546 1779.49;
];
