function solarprofile = ex_solar_profilesh1
%EX_WIND_PROFILE_D  Example wind_load_nyiso profile data for deterministic unit commitment.
% 2022.03.12
% Andres F. Ramirez


%% define constants
[GEN_BUS, PG, QG, QMAX, QMIN, VG, MBASE, GEN_STATUS, PMAX, PMIN, ...
    MU_PMAX, MU_PMIN, MU_QMAX, MU_QMIN, PC1, PC2, QC1MIN, QC1MAX, ...
    QC2MIN, QC2MAX, RAMP_AGC, RAMP_10, RAMP_30, RAMP_Q, APF] = idx_gen;
[CT_LABEL, CT_PROB, CT_TABLE, CT_TBUS, CT_TGEN, CT_TBRCH, CT_TAREABUS, ...
    CT_TAREAGEN, CT_TAREABRCH, CT_ROW, CT_COL, CT_CHGTYPE, CT_REP, ...
    CT_REL, CT_ADD, CT_NEWVAL, CT_TLOAD, CT_TAREALOAD, CT_LOAD_ALL_PQ, ...
    CT_LOAD_FIX_PQ, CT_LOAD_DIS_PQ, CT_LOAD_ALL_P, CT_LOAD_FIX_P, ...
    CT_LOAD_DIS_P, CT_TGENCOST, CT_TAREAGENCOST, CT_MODCOST_F, ...
    CT_MODCOST_X] = idx_ct;

solarprofile = struct( ...
    'type', 'mpcData', ...
    'table', CT_TGEN, ...
    'rows', [1:12], ...
    'col', PMAX, ...
    'chgtype', 1, ...
    'values', [] );
solarprofile.values(:,1,:) = [
	0.0 0.0 0.0 0.0 0.0 0.0 0.0 0.0 0.0 0.0 0.0 0.0;
	0.0 0.0 0.0 0.0 0.0 0.0 0.0 0.0 0.0 0.0 0.0 0.0;
	0.0 0.0 0.0 0.0 0.0 0.0 0.0 0.0 0.0 0.0 0.0 0.0;
	0.0 0.0 0.0 0.0 0.0 0.0 0.0 0.0 0.0 0.0 0.0 0.0;
	0.0 0.0 0.0 0.0 0.0 0.0 0.0 0.0 0.0 0.0 0.0 0.0;
	0.4095 0.3502 0.302 0.0 0.0 0.1797 0.0225 0.4689 1.6679 0.0 0.0 0.0;
	3.818 2.8463 2.2572 3.0044 0.5519 105.0384 13.1298 10.1171 88.8972 94.0027 28.0299 170.2395;
	9.6721 7.9861 5.7483 5.5733 0.9088 200.6449 25.0806 17.3151 166.9313 111.9783 15.2621 202.7935;
	17.5566 15.0948 9.5326 6.739 1.3466 256.8117 32.1015 28.6596 170.9328 157.8776 15.5814 285.9173;
	21.8188 17.1084 13.1402 10.4203 9.2855 308.9428 38.6179 52.7303 89.1738 247.2245 50.3407 447.7251;
	23.0186 16.618 13.5438 11.1012 7.3496 366.9798 45.8725 53.7789 110.0736 260.5337 74.8646 471.8282;
	21.2486 15.9319 12.8873 11.1252 6.9787 370.0088 46.2511 39.6611 142.1022 233.7813 73.8294 423.3793;
	10.1181 7.1552 7.575 8.2262 3.3176 290.0862 36.2608 23.0174 220.1012 80.6701 73.4913 146.0941;
	7.1759 5.891 5.5935 5.7916 5.23 247.0843 30.8855 20.5506 209.0642 51.1584 82.9491 92.6482;
	4.4746 3.4622 4.855 3.8757 5.362 207.7588 25.9699 22.3685 182.6795 33.8028 52.8023 61.217;
	2.2097 1.5094 1.9208 4.041 3.103 263.7426 32.9678 37.9123 157.8024 8.1601 6.1989 14.7779;
	0.6959 0.4486 0.5507 1.9087 1.7475 79.6195 9.9524 8.8853 58.4685 0.0 1.7768 0.0;
	0.0 0.0 0.0 0.0 0.0 0.0 0.0 0.0 0.0 0.0 0.0 0.0;
	0.0 0.0 0.0 0.0 0.0 0.0 0.0 0.0 0.0 0.0 0.0 0.0;
	0.0 0.0 0.0 0.0 0.0 0.0 0.0 0.0 0.0 0.0 0.0 0.0;
	0.0 0.0 0.0 0.0 0.0 0.0 0.0 0.0 0.0 0.0 0.0 0.0;
	0.0 0.0 0.0 0.0 0.0 0.0 0.0 0.0 0.0 0.0 0.0 0.0;
	0.0 0.0 0.0 0.0 0.0 0.0 0.0 0.0 0.0 0.0 0.0 0.0;
	0.0 0.0 0.0 0.0 0.0 0.0 0.0 0.0 0.0 0.0 0.0 0.0;
];
