function loadprofile = ex_load_profilesh1
%EX_LOAD_PROFILE  Example load profile data file for stochastic unit commitment.
% 2022.03.12
% Andres F. Ramirez

%% define constants
[CT_LABEL, CT_PROB, CT_TABLE, CT_TBUS, CT_TGEN, CT_TBRCH, CT_TAREABUS, ...
    CT_TAREAGEN, CT_TAREABRCH, CT_ROW, CT_COL, CT_CHGTYPE, CT_REP, ...
    CT_REL, CT_ADD, CT_NEWVAL, CT_TLOAD, CT_TAREALOAD, CT_LOAD_ALL_PQ, ...
    CT_LOAD_FIX_PQ, CT_LOAD_DIS_PQ, CT_LOAD_ALL_P, CT_LOAD_FIX_P, ...
    CT_LOAD_DIS_P, CT_TGENCOST, CT_TAREAGENCOST, CT_MODCOST_F, ...
    CT_MODCOST_X] = idx_ct;

loadprofile = struct( ...
    'type', 'mpcData', ...
    'table', CT_TAREALOAD, ...
    'rows', [1:11], ...
    'col', CT_LOAD_ALL_P, ...
    'chgtype', 1, ...
    'values', [] );
loadprofile.values(:,1,:) = [
	1535.7244 874.1 1415.5944 492.5038 748.6439 1100.0831 859.1808 216.4061 544.0266 4407.5891 1692.235;
	1522.3705 876.7 1435.8114 483.386 733.6381 1081.3458 842.5383 211.3 522.4813 4268.5409 1683.32;
	1569.8125 902.0928 1465.0295 494.0835 750.6752 1112.2579 845.0146 214.6441 522.7567 4290.3994 1719.0169;
	1623.1379 955.9339 1549.9039 514.751 791.6197 1169.2633 896.9315 229.6235 563.0179 4589.5 1806.8;
	1785.6481 1090.0349 1738.5037 551.7 909.9688 1319.2 985.2088 286.0737 676.6381 4994.8962 2003.7366;
	1916.3955 1162.9001 1853.2919 536.2838 973.8368 1358.6582 1031.0 297.7 716.7777 5411.297 2109.0714;
	1975.4846 1195.3 1873.514 554.2289 990.5706 1399.6488 1063.7782 296.0927 762.1965 5727.0211 2169.8038;
	1986.0318 1206.2447 1901.2333 556.8184 974.9813 1372.9159 1093.7 296.615 781.7998 6029.1902 2179.4348;
	2030.3417 1207.7273 1923.3238 544.5472 968.5314 1321.5993 1068.5409 284.3246 754.3755 6094.6994 2156.2658;
	2004.2741 1178.3 1898.246 544.0922 938.3777 1293.7852 1063.3474 288.9 751.2251 6157.231 2206.8277;
	1954.1175 1153.595 1832.9716 531.3 911.1231 1256.3057 1054.2405 264.0119 739.806 6103.9594 2215.933;
	1947.1203 1153.4536 1834.9488 525.0647 925.0066 1257.0331 1001.5206 273.5044 752.4491 6056.1457 2174.2436;
	1876.6124 1102.6033 1757.52 515.0613 887.6282 1255.6096 1006.3163 250.1131 723.7562 6044.4919 2179.2602;
	1804.0 1052.7455 1724.5024 522.4553 903.0 1260.8052 1000.4651 265.898 713.4111 5973.3141 2127.9;
	1862.7335 1071.048 1687.9651 512.8 891.879 1238.0477 1024.69 272.1783 707.1428 5926.7119 2195.2133;
	1828.7843 1083.2 1739.2983 518.1945 905.3961 1294.8 1031.4645 280.0273 711.74 5858.9753 2252.9403;
	1780.6282 1090.6124 1752.0795 557.5868 919.8189 1342.8 1086.22 305.2003 756.5506 5897.322 2336.6184;
	1828.9873 1119.3 1845.3 573.0 965.9792 1451.5035 1133.0403 326.6893 773.9309 5931.6096 2433.9696;
	1913.6981 1120.5643 1796.7201 569.7 945.2107 1406.0 1121.5266 312.2901 736.7519 5792.988 2497.2185;
	1935.5241 1094.1 1743.0155 565.0648 904.0 1349.6159 1126.3629 304.5664 723.6215 5749.638 2472.1495;
	1770.1 977.7843 1614.3935 541.249 803.0946 1253.7351 1034.7298 268.4516 685.4195 5410.2748 2216.5;
	1648.3397 911.7093 1529.1251 539.4755 760.9054 1177.2305 975.6 255.7522 644.8554 5169.621 2087.5202;
	1491.3164 844.8036 1479.7975 548.3 726.3571 1152.8403 903.6435 243.6466 609.2732 4842.9377 1835.1901;
	1505.3411 827.1074 1445.7022 556.4117 731.2747 1134.3446 890.6117 241.2995 575.38 4601.482 1766.7095;
];
