function loadprofile = ex_load_profilesh1
%EX_LOAD_PROFILE  Example load profile data file for stochastic unit commitment.
% 2022.03.12
% Andres F. Ramirez

%% define constants
[CT_LABEL, CT_PROB, CT_TABLE, CT_TBUS, CT_TGEN, CT_TBRCH, CT_TAREABUS, ...
    CT_TAREAGEN, CT_TAREABRCH, CT_ROW, CT_COL, CT_CHGTYPE, CT_REP, ...
    CT_REL, CT_ADD, CT_NEWVAL, CT_TLOAD, CT_TAREALOAD, CT_LOAD_ALL_PQ, ...
    CT_LOAD_FIX_PQ, CT_LOAD_DIS_PQ, CT_LOAD_ALL_P, CT_LOAD_FIX_P, ...
    CT_LOAD_DIS_P, CT_TGENCOST, CT_TAREAGENCOST, CT_MODCOST_F, ...
    CT_MODCOST_X] = idx_ct;

loadprofile = struct( ...
    'type', 'mpcData', ...
    'table', CT_TAREALOAD, ...
    'rows', [1:11], ...
    'col', CT_LOAD_ALL_P, ...
    'chgtype', 1, ...
    'values', [] );
loadprofile.values(:,1,:) = [
	1433.4912 905.3 1473.9596 525.8495 736.7179 1060.1981 837.1594 267.4168 512.684 4386.4404 1656.9019;
	1416.7084 900.8 1424.9598 517.1 704.5276 1049.8051 817.7879 253.8776 496.0 4300.5159 1634.3872;
	1429.4727 910.2 1466.2062 527.0 730.7076 1077.8801 830.3 255.5753 514.0104 4310.9209 1661.7574;
	1508.0363 969.8 1583.3045 538.1 791.3397 1135.1223 877.3067 282.8676 539.3956 4537.6288 1746.5448;
	1689.8013 1090.2911 1761.1982 562.5 884.8456 1262.3086 968.4354 335.4972 618.9966 5059.2643 2003.8;
	1743.5067 1152.326 1869.4605 573.1913 918.4661 1354.7392 1035.4605 355.6432 680.0585 5598.7135 2133.4339;
	1775.2 1176.3524 1930.1958 566.7082 925.013 1371.2063 1055.3317 359.2169 686.3915 5926.078 2218.1184;
	1824.006 1206.7962 1936.344 565.0675 933.3411 1391.5679 1090.2967 356.7948 706.7018 6088.1491 2244.541;
	1812.3373 1216.3095 1973.2719 565.3 923.041 1359.3083 1083.5661 354.0026 723.6268 6122.7141 2245.3224;
	1860.8438 1200.1 1929.0 552.8601 892.7308 1304.2 1076.8706 345.1804 717.7648 6137.9627 2149.3;
	1821.4326 1175.0834 1890.2476 531.5269 879.3966 1268.7922 1048.5961 336.5024 713.7612 6108.7 2128.5353;
	1839.6182 1190.0078 1873.8861 519.674 893.9 1243.9047 1041.5481 333.9714 707.0616 6103.3964 2055.7231;
	1834.5584 1147.0 1779.5478 516.7115 880.1646 1196.0506 997.2066 342.2414 702.7108 6166.9365 2150.1751;
	1793.3459 1144.5 1748.1934 522.3232 851.6321 1197.2885 1012.3696 335.2 678.4385 6171.4618 2122.7685;
	1759.6 1147.7689 1751.8751 540.2067 866.7688 1219.1579 993.5282 330.8 671.2154 6107.7224 2132.0073;
	1732.583 1139.6471 1738.6 546.6 871.8 1234.8116 1007.7968 305.3772 674.7584 6005.2513 2161.7638;
	1776.4559 1161.4819 1790.1433 556.3594 918.6899 1305.7019 1012.8487 324.5 681.4 5824.6571 2238.2226;
	1841.64 1187.9 1860.1028 581.9 965.754 1375.9 1073.7287 335.6 702.5626 5869.4452 2376.8106;
	1876.6074 1176.3338 1840.8448 584.9722 952.0404 1376.6635 1076.7355 344.6979 680.0326 5697.6661 2305.4365;
	1882.5631 1106.3979 1788.169 561.0 920.1184 1312.1952 1037.5264 336.6 637.1041 5474.0774 2194.5388;
	1778.2761 1066.3527 1706.3928 543.0304 879.4016 1230.2092 996.2664 313.5045 598.1044 5231.614 2079.8186;
	1677.5436 1007.0639 1576.2201 520.0 799.2327 1137.9717 923.4454 285.8479 542.6595 4920.955 1950.5982;
	1606.1605 933.9113 1524.5431 522.2441 760.3182 1113.1 894.0262 278.1441 526.708 4768.9448 1807.554;
	1506.2186 907.0 1461.125 523.6895 709.796 1101.1537 858.1867 265.0271 503.9384 4583.1191 1701.8961;
];
