function windprofile = ex_wind_profilesh1
%EX_WIND_PROFILE_D  Example wind_load_nyiso profile data for deterministic unit commitment.
% 2022.03.12
% Andres F. Ramirez


%% define constants
[GEN_BUS, PG, QG, QMAX, QMIN, VG, MBASE, GEN_STATUS, PMAX, PMIN, ...
    MU_PMAX, MU_PMIN, MU_QMAX, MU_QMIN, PC1, PC2, QC1MIN, QC1MAX, ...
    QC2MIN, QC2MAX, RAMP_AGC, RAMP_10, RAMP_30, RAMP_Q, APF] = idx_gen;
[CT_LABEL, CT_PROB, CT_TABLE, CT_TBUS, CT_TGEN, CT_TBRCH, CT_TAREABUS, ...
    CT_TAREAGEN, CT_TAREABRCH, CT_ROW, CT_COL, CT_CHGTYPE, CT_REP, ...
    CT_REL, CT_ADD, CT_NEWVAL, CT_TLOAD, CT_TAREALOAD, CT_LOAD_ALL_PQ, ...
    CT_LOAD_FIX_PQ, CT_LOAD_DIS_PQ, CT_LOAD_ALL_P, CT_LOAD_FIX_P, ...
    CT_LOAD_DIS_P, CT_TGENCOST, CT_TAREAGENCOST, CT_MODCOST_F, ...
    CT_MODCOST_X] = idx_ct;

windprofile = struct( ...
    'type', 'mpcData', ...
    'table', CT_TGEN, ...
    'rows', [1:45], ...
    'col', PMAX, ...
    'chgtype', 1, ...
    'values', [] );
windprofile.values(:,1,:) = [
	3.7385 50.5156 90.9499 117.234 14.573 32.3605 32.1068 17.8948 10.6705 17.1482 31.6981 47.2873 71.1908 59.0929 203.9062 76.8205 95.3143 101.0047 91.5383 69.8651 10.7023 75.5078 23.8634 86.174 95.6871 72.4758 13.5747 1328.0802 827.8066 827.8066 757.0034 105.7105 305.1278 179.833 185.2643 353.1975 1242.2276 264.6684 477.9312 256.3046 122.7821 358.9857 217.1191 262.021 1255.1675;
	3.8141 51.5365 93.4104 119.6142 14.6062 34.1853 32.5789 18.4307 11.7592 14.7231 27.2153 40.5999 61.123 68.4512 201.5187 75.921 94.1983 99.8221 91.3032 73.1604 10.8596 79.7657 28.9804 87.9432 99.3254 73.4753 13.6551 1337.9569 843.1877 843.1877 812.3344 108.1749 304.3441 188.315 214.6037 359.7601 1298.491 274.1393 478.8928 266.0501 123.5601 379.2289 215.8251 270.6802 1312.0169;
	3.7435 50.5824 90.5656 113.9628 14.7229 34.042 33.1406 18.3242 23.2334 16.2059 29.9564 44.689 67.2791 66.0152 189.0936 71.2399 88.3902 93.6673 91.8158 72.7627 11.0469 79.4313 30.294 89.5119 102.8459 75.0219 13.8598 1269.1422 832.3908 832.3908 796.305 110.9553 306.0527 187.2913 206.9665 355.1534 1252.4888 306.6497 479.3445 275.48 123.2285 377.6392 215.9845 260.0606 1265.5355;
	3.7589 50.7906 93.6072 119.0452 15.0579 34.1793 32.0902 18.5127 28.0887 30.2731 55.9594 83.4804 125.6793 69.1843 203.4682 76.6555 95.1096 100.7878 92.6995 72.0355 10.6967 79.7517 30.0129 89.5111 102.5611 73.9863 13.9402 1273.7098 843.9934 843.9934 801.5206 112.1894 308.9982 185.4194 216.9021 360.1038 1200.8806 320.4124 479.2568 274.7172 123.9762 379.1623 193.3043 256.8659 1213.3897;
	3.1472 42.5258 91.8942 117.0445 14.6337 31.6803 31.6731 18.7787 27.8316 30.1677 55.7645 83.1897 125.2417 69.1547 199.1666 75.0348 93.0988 98.6569 91.0761 68.6739 10.5577 73.9207 73.9987 89.0231 103.0091 75.5074 13.8998 1278.2359 834.5726 834.5726 775.7987 111.0539 303.5869 176.7668 216.8094 356.0843 1194.073 323.2068 476.8521 275.9173 123.8619 351.4403 188.4791 257.0467 1206.5113;
	3.8137 51.5318 93.3395 118.5157 14.4774 33.3924 19.9765 18.7812 27.1747 29.7299 54.9553 81.9824 123.4241 60.3677 198.4926 74.7809 92.7838 98.3231 63.9473 70.8695 6.6588 77.9156 73.4666 88.9423 105.1541 75.9983 13.785 1214.2164 813.3452 813.3452 773.8845 114.9461 213.1577 182.4182 189.2609 347.0273 1166.5518 320.2448 471.5962 281.6629 123.3789 370.4328 165.9171 263.737 1178.7034;
	3.8654 52.23 93.0805 119.1357 14.4186 34.6114 15.2 18.5059 27.1193 29.8943 55.2591 82.4358 124.1066 69.8145 194.3572 73.223 90.8507 96.2746 85.6373 72.3715 5.0667 80.7598 73.8864 88.7026 104.7346 75.5344 13.6047 1257.4061 818.2382 818.2382 749.4174 112.7215 285.4576 186.2844 218.8777 349.115 1199.2897 324.9308 435.0862 280.5392 123.866 383.9552 179.2789 267.3352 1211.7823;
	3.8523 52.0527 92.7407 120.2419 14.1666 34.0449 3.8879 18.5733 6.1109 29.9597 55.38 82.616 124.378 49.7671 196.5957 74.0663 91.897 97.3834 84.7566 73.5187 1.296 79.4381 72.1255 89.1471 105.9044 74.1695 13.9548 1255.7615 772.1264 772.1264 739.9272 118.6529 282.522 189.2373 156.0265 329.4406 1193.3052 329.1979 178.4555 283.6724 123.3327 377.6714 199.1465 266.4575 1205.7355;
	3.8781 52.4012 92.6188 119.1895 15.0767 32.6885 5.2233 17.8884 6.406 29.495 54.5211 81.3347 122.449 30.2807 200.2915 75.4587 93.6246 99.2142 86.474 73.9053 1.7411 76.2731 73.1494 87.8371 103.6531 71.462 13.5178 1223.5481 691.1033 691.1033 718.856 117.7718 288.2465 190.2325 94.9342 294.8707 1062.4042 302.9978 51.2379 277.6423 123.0701 362.624 185.053 267.7594 1073.4709;
	3.8926 52.5974 92.813 120.3345 15.2403 31.0867 2.4463 18.6578 9.1452 27.728 51.2548 76.4621 115.1133 21.9474 192.9348 72.6871 90.1858 95.57 84.2539 73.6282 0.8154 72.5357 52.6324 89.6522 105.4547 75.3537 13.6937 986.8992 608.7807 608.7807 582.9717 116.9816 280.8464 189.5193 68.808 259.7464 819.6813 271.7329 85.4353 282.468 123.9777 344.8556 156.2068 273.0951 828.2197;
	3.7364 50.4874 92.8484 116.8067 15.1396 26.0809 2.2057 18.2078 5.187 30.1091 55.6562 83.0282 124.9985 0.9148 200.6917 75.6094 93.8117 99.4124 81.6692 73.7632 0.7352 60.8555 73.8714 89.6144 103.0613 74.6759 13.6349 750.0913 633.4783 633.4783 513.33 112.6135 272.2307 189.8668 2.8679 270.2841 730.7157 220.6816 83.097 276.057 123.3176 289.3242 142.9119 271.5814 738.3273;
	3.5567 48.0593 92.1609 119.4782 14.9521 19.395 4.2855 18.8311 1.6659 27.5931 51.0054 76.09 114.5531 4.0195 198.187 74.6658 92.6409 98.1717 40.373 72.2649 1.4285 45.255 70.3568 88.849 103.0543 75.971 13.7664 595.622 657.8606 657.8606 487.4119 107.7088 134.5768 186.0101 12.6016 280.6872 792.9083 218.1369 171.8889 276.0383 123.8403 215.1554 135.6824 266.3492 801.1678;
	3.8949 52.6289 94.0371 119.1897 15.0548 21.8954 0.4015 18.5547 25.9627 25.5134 47.1611 70.3551 105.9193 49.423 194.8478 73.4078 91.08 96.5176 61.3001 71.7841 0.1338 51.0892 71.6291 89.0015 104.9184 75.7089 13.687 635.6363 674.4873 674.4873 512.357 108.5661 204.3338 184.7724 154.9479 287.7812 616.6227 246.2457 169.9007 281.0313 122.1429 242.8926 145.6585 273.4782 623.0458;
	3.8199 51.6154 91.337 118.4187 14.7585 19.922 0.2707 18.8012 18.4074 24.3541 45.0181 67.1582 101.1063 35.1899 201.9148 76.0702 94.3834 100.0183 62.3304 72.8902 0.0902 46.4846 71.9493 89.1877 103.0019 76.4684 13.8325 517.6157 643.0951 643.0951 444.9344 91.9861 207.768 187.6195 110.3251 274.3872 647.0518 245.6238 87.1326 275.8979 122.0899 221.0009 157.7721 270.0092 653.7919;
	3.7511 50.6852 89.5999 117.118 14.9524 18.4251 0.2816 17.998 1.5412 24.8812 45.9926 68.6119 103.2948 27.7753 197.8698 74.5463 92.4926 98.0146 77.1018 73.1827 0.0939 42.9919 69.4245 86.4061 100.8575 75.3423 13.449 382.6619 625.414 625.414 393.3927 85.2861 257.0061 188.3724 87.0794 266.8433 564.3165 233.8213 31.5498 270.154 121.0166 204.3956 156.8534 238.9242 570.1948;
	3.6312 49.0654 91.6005 119.5627 15.0297 11.1945 6.3816 18.7093 1.168 27.5205 50.8713 75.8899 114.2519 25.0371 187.4397 70.6168 87.6172 92.848 64.9906 73.0416 2.1272 26.1205 70.6753 89.0742 105.244 76.1525 13.8629 459.3318 509.89 509.89 384.4055 91.5222 216.6354 188.0092 78.4947 217.5531 476.9614 220.773 80.21 281.9037 122.1989 124.1842 159.6655 250.0509 481.9298;
	3.5701 48.2394 89.8789 115.0778 15.253 19.6116 13.1051 18.7143 3.9733 27.8638 51.5057 76.8364 115.6768 32.2187 194.8534 73.4099 91.0826 96.5204 64.9502 73.1523 4.3684 45.7604 71.1859 86.1712 105.2957 75.6425 13.4145 1006.7767 434.813 434.813 289.8264 90.8186 216.5006 188.2941 101.0098 185.5202 801.3137 230.6254 127.211 282.0421 116.9209 217.5578 144.6934 244.4295 809.6607;
	3.2376 43.7472 88.8599 112.9497 14.8454 21.6569 9.9817 18.1966 3.3064 28.7133 53.0762 79.1792 119.2039 54.3048 194.6161 73.3205 90.9717 96.4029 79.3693 73.0455 3.3272 50.5328 70.8066 85.38 100.1126 72.9687 13.3974 1207.1179 503.8786 503.8786 208.3962 67.7214 264.5642 188.0194 170.2529 214.9882 963.0848 207.1208 142.7925 268.1586 118.7661 240.2474 173.8816 261.3854 973.117;
