function windprofile = ex_wind_profilesh1
%EX_WIND_PROFILE_D  Example wind_load_nyiso profile data for deterministic unit commitment.
% 2022.03.12
% Andres F. Ramirez


%% define constants
[GEN_BUS, PG, QG, QMAX, QMIN, VG, MBASE, GEN_STATUS, PMAX, PMIN, ...
    MU_PMAX, MU_PMIN, MU_QMAX, MU_QMIN, PC1, PC2, QC1MIN, QC1MAX, ...
    QC2MIN, QC2MAX, RAMP_AGC, RAMP_10, RAMP_30, RAMP_Q, APF] = idx_gen;
[CT_LABEL, CT_PROB, CT_TABLE, CT_TBUS, CT_TGEN, CT_TBRCH, CT_TAREABUS, ...
    CT_TAREAGEN, CT_TAREABRCH, CT_ROW, CT_COL, CT_CHGTYPE, CT_REP, ...
    CT_REL, CT_ADD, CT_NEWVAL, CT_TLOAD, CT_TAREALOAD, CT_LOAD_ALL_PQ, ...
    CT_LOAD_FIX_PQ, CT_LOAD_DIS_PQ, CT_LOAD_ALL_P, CT_LOAD_FIX_P, ...
    CT_LOAD_DIS_P, CT_TGENCOST, CT_TAREAGENCOST, CT_MODCOST_F, ...
    CT_MODCOST_X] = idx_ct;

windprofile = struct( ...
    'type', 'mpcData', ...
    'table', CT_TGEN, ...
    'rows', [1:45], ...
    'col', PMAX, ...
    'chgtype', 1, ...
    'values', [] );
windprofile.values(:,1,:) = [
	4.0018 54.0729 92.21 120.5021 14.8583 33.8248 32.0976 18.1287 11.7034 16.7094 30.8871 46.0774 69.3693 56.1407 201.3294 75.8497 94.1098 99.7283 87.7602 72.3396 10.6992 78.9245 23.1421 85.9205 101.6528 74.1481 13.6856 1266.5002 771.8926 771.8926 699.6349 112.9972 292.5341 186.2024 176.0088 329.3408 1186.4924 264.8865 460.3508 272.2842 123.2538 375.2295 214.5064 272.3108 1198.8517;
	3.8698 52.2893 88.678 119.2882 14.3899 32.3482 32.406 18.0343 13.2194 14.2782 26.3931 39.3733 59.2762 63.2802 194.5715 73.3037 90.9509 96.3808 85.5858 72.4487 10.802 75.4791 27.1761 82.2714 97.316 71.8041 13.0643 1268.0998 776.3309 776.3309 718.2274 113.2887 285.2859 186.4832 198.3919 331.2345 1243.25 248.5342 462.4015 260.6679 120.6486 358.8493 207.5456 265.1268 1256.2005;
	3.8515 52.0422 88.9846 115.413 14.7494 32.831 33.0396 18.1067 23.829 15.198 28.0933 41.9097 63.0948 59.4777 180.3995 67.9645 84.3263 89.3607 84.9069 71.8995 11.0132 76.6058 27.2218 83.7364 99.4684 72.4322 13.0972 1245.5672 777.9543 777.9543 734.6659 117.8564 283.023 185.0696 186.4706 331.9272 1250.0648 287.2824 462.3115 266.4332 120.7869 364.2057 214.715 252.4196 1263.0863;
	3.8687 52.2748 90.0016 117.5796 15.1594 33.5141 31.8714 18.5507 28.1233 29.8744 55.2224 82.381 124.0241 64.9758 192.1036 72.3739 89.7972 95.1583 84.6961 67.3809 10.6238 78.1996 29.4525 84.1181 99.7638 72.3444 13.4829 1270.1599 799.381 799.381 720.1297 115.782 282.3202 173.4387 203.7079 341.0692 1209.6471 293.9288 465.3615 267.2245 120.8189 371.7832 187.1989 255.0669 1222.2476;
	3.2911 44.4702 87.5021 114.5933 14.8226 30.2272 31.3877 17.8703 27.6184 30.2724 55.9582 83.4786 125.6765 63.5252 193.5561 72.9211 90.4762 95.8778 85.1429 70.4888 10.4626 70.5301 72.7698 84.0165 97.4816 69.714 12.961 1283.1346 785.0803 785.0803 677.8668 114.1817 283.8096 181.4382 199.1601 334.9676 1196.2127 287.7865 467.0111 261.1113 117.0873 335.32 186.6628 247.3924 1208.6732;
	3.7865 51.1641 87.9685 113.0578 15.0934 32.3748 19.1372 17.7218 26.638 29.9455 55.3539 82.5771 124.3193 49.2875 200.8255 75.6598 93.8742 99.4787 59.5353 73.0268 6.3791 75.5412 73.2611 84.2975 99.1142 71.5119 13.1814 1228.1934 819.1407 819.1407 743.6107 116.0044 198.451 187.9712 154.523 349.5 1228.4472 299.3802 459.5908 265.4846 114.9337 359.1446 168.6296 249.103 1241.2435;
	3.8659 52.2362 93.2059 117.7892 14.8984 33.8213 14.5004 17.5342 26.6745 30.3374 56.0782 83.6577 125.9462 62.7988 197.7441 74.499 92.4339 97.9523 85.2645 73.2956 4.8335 78.9163 74.623 86.6686 102.7881 71.7106 13.1913 1290.437 817.3716 817.3716 711.6427 112.4588 284.2148 188.6631 196.8827 348.7452 1223.1164 317.4763 436.5286 275.3252 120.0808 375.1904 189.1202 266.7024 1235.8572;
	3.9306 53.1109 94.0846 120.2117 15.0938 33.5145 7.8896 18.3224 5.2921 29.6979 54.8962 81.8943 123.2914 38.76 201.7692 76.0154 94.3154 99.9461 86.4843 73.015 2.6299 78.2005 72.0919 87.2358 105.8272 73.631 13.8172 1269.7774 772.9957 772.9957 690.4737 114.4561 288.2809 187.9408 121.5178 329.8115 1223.84 318.4452 172.1204 283.4657 122.0017 371.7876 210.6095 275.393 1236.5883;
	3.9281 53.0772 94.2263 119.8718 15.2119 32.0819 12.8571 19.0037 5.633 30.0704 55.5846 82.9213 124.8376 18.4322 196.7456 74.1228 91.9671 97.4577 87.0801 72.5164 4.2857 74.8577 72.8988 86.9269 104.1779 75.1702 14.119 1241.5517 696.5303 696.5303 690.052 114.8203 290.2669 186.6573 57.7874 297.1862 1107.0927 305.9279 182.8623 279.0479 122.4841 355.895 200.8917 280.3782 1118.6249;
	3.9255 53.0418 94.0321 120.7896 15.1337 31.0411 9.7633 19.1414 16.9489 26.1984 48.4273 72.2441 108.763 20.3189 194.3473 73.2192 90.8461 96.2697 92.3411 72.2804 3.2544 72.4292 51.4826 87.5338 105.4025 75.4191 14.1388 1044.6232 640.7142 640.7142 577.2684 112.8388 307.8038 186.0499 63.7024 273.3714 895.2452 278.9612 75.2099 282.3282 121.596 344.3492 169.9318 283.0886 904.5707;
	3.7486 50.6514 94.6753 120.7251 14.6735 25.6447 7.7161 19.1828 7.1227 29.1991 53.9741 80.5188 121.2205 1.8832 200.2123 75.4288 93.5876 99.1749 85.5706 72.8528 2.572 59.8377 72.8069 88.5845 105.5311 75.3402 14.1316 819.7531 674.9469 674.9469 509.3264 116.9037 285.2352 187.5234 5.9039 287.9774 781.48 229.9488 30.8998 282.6725 119.5446 284.4855 149.8308 279.8231 789.6204;
	3.6861 49.8069 95.2928 121.0434 15.2206 21.1151 13.2926 19.1709 15.4506 28.8549 53.3379 79.5697 119.7918 2.783 204.3204 76.9765 95.5079 101.2099 47.4608 73.9085 4.4309 49.2685 74.1359 89.1894 106.4075 75.9229 14.1462 623.6592 734.9651 734.9651 505.5829 114.797 158.2027 190.2408 8.7251 313.5851 849.2894 230.7262 96.6299 285.02 121.8556 234.2364 154.028 285.6287 858.1362;
	3.8253 51.688 95.2679 120.7475 15.1088 21.0329 3.286 19.1575 26.3419 25.7026 47.5109 70.8769 106.7047 48.5247 198.0519 74.6149 92.5777 98.1048 63.9812 73.1187 1.0953 49.0767 72.6631 87.6746 106.0753 74.1565 14.1365 616.5718 677.8377 677.8377 474.9365 109.4491 213.2708 188.2077 152.1316 289.2107 616.7129 238.0246 28.0285 284.1303 120.57 233.3247 145.9878 281.4272 623.137;
	3.5872 48.4714 93.5014 119.8636 14.7191 19.0722 0.898 19.1795 19.8455 24.2373 44.8023 66.8362 100.6215 32.8487 197.7779 74.5117 92.4497 97.9691 61.1985 72.8781 0.2993 44.5018 72.0646 89.3292 105.0842 74.3908 14.147 502.3236 659.4223 659.4223 445.5061 93.395 203.995 187.5884 102.985 281.3535 672.5816 238.194 1.6077 281.4756 121.3274 211.5745 151.2907 272.9869 679.5877;
	3.6322 49.0793 91.9949 118.9547 14.717 16.0265 0.0 19.1315 0.0 23.4484 43.344 64.6607 97.3464 25.4558 191.0858 71.9905 89.3215 94.6541 68.9515 72.2602 0.0 37.3952 69.0992 89.392 105.7736 74.3209 14.1508 355.7716 678.0445 678.0445 425.3769 81.3399 229.8382 185.998 79.8074 289.299 592.1186 228.9583 0.0 283.3221 120.5411 177.7875 158.8931 259.7264 598.2866;
	3.4757 46.9648 92.7251 118.7431 14.5568 8.7092 0.0 19.1632 1.7867 27.9485 51.6624 77.0701 116.0287 15.1893 183.9507 69.3024 85.9863 91.1198 66.9427 72.6341 0.0 20.3215 71.8257 88.7561 106.2112 75.4653 14.1353 406.9892 530.8454 530.8454 373.4397 74.9475 223.1423 186.9604 47.6205 226.494 483.6148 200.1722 0.0 284.4942 123.7481 96.6144 152.6852 261.0363 488.6524;
	3.3916 45.8285 93.8174 118.3157 14.49 17.7677 0.0 19.131 1.9857 28.4814 52.6474 78.5395 118.2408 29.5722 190.8347 71.8959 89.2041 94.5298 68.1084 72.4819 0.0 41.458 73.95 88.0373 105.3294 75.4201 14.1126 998.4277 468.0667 468.0667 288.2509 78.6622 227.0279 186.5687 92.7128 199.7085 851.6507 228.8259 73.7717 282.1324 123.7394 197.1033 129.9347 258.114 860.522;
	3.1557 42.6399 92.2432 118.0547 14.4817 19.3355 0.0734 18.2704 1.126 28.7606 53.1635 79.3095 119.4 61.4066 188.8102 71.1331 88.2578 93.5269 80.6406 70.3335 0.0245 45.1161 73.5808 87.9357 101.1361 73.2719 13.5505 1203.6672 596.1544 596.1544 218.2246 62.0433 268.802 181.0386 192.5181 254.3592 1053.9104 199.3362 113.5238 270.9002 122.4766 214.495 170.8861 268.9264 1064.8886;
