function loadprofile = ex_load_profilesh1
%EX_LOAD_PROFILE  Example load profile data file for stochastic unit commitment.
% 2022.03.12
% Andres F. Ramirez

%% define constants
[CT_LABEL, CT_PROB, CT_TABLE, CT_TBUS, CT_TGEN, CT_TBRCH, CT_TAREABUS, ...
    CT_TAREAGEN, CT_TAREABRCH, CT_ROW, CT_COL, CT_CHGTYPE, CT_REP, ...
    CT_REL, CT_ADD, CT_NEWVAL, CT_TLOAD, CT_TAREALOAD, CT_LOAD_ALL_PQ, ...
    CT_LOAD_FIX_PQ, CT_LOAD_DIS_PQ, CT_LOAD_ALL_P, CT_LOAD_FIX_P, ...
    CT_LOAD_DIS_P, CT_TGENCOST, CT_TAREAGENCOST, CT_MODCOST_F, ...
    CT_MODCOST_X] = idx_ct;

loadprofile = struct( ...
    'type', 'mpcData', ...
    'table', CT_TAREALOAD, ...
    'rows', [1:11], ...
    'col', CT_LOAD_ALL_P, ...
    'chgtype', 1, ...
    'values', [] );
loadprofile.values(:,1,:) = [
	1471.2118 894.0409 1577.1342 516.9016 701.7293 1031.923 800.0636 195.0242 491.6126 4220.1826 1615.9517;
	1439.0726 875.4227 1558.4692 526.6 704.6239 1014.946 785.7512 191.8893 473.2 4103.6492 1579.707;
	1468.1637 892.6532 1589.5372 529.3293 734.4036 1045.2257 787.2314 193.7238 478.9632 4227.3872 1636.7751;
	1560.1 972.5 1698.7682 538.3 802.2981 1137.8766 846.3971 223.3019 523.5643 4478.0854 1748.9;
	1716.3 1093.8647 1907.3442 570.6307 935.3342 1274.9652 952.8988 257.3572 602.2067 4952.075 1986.7446;
	1847.9918 1166.4745 1967.7799 589.8626 982.1889 1383.4 1037.8872 294.8672 660.1372 5485.3274 2142.3404;
	1834.4237 1162.5438 1977.5179 582.9795 972.617 1357.5475 1082.9034 302.6255 689.2263 5842.3654 2219.1;
	1864.5665 1186.8 2016.6722 583.9916 977.5061 1382.5 1126.8022 320.5 713.1853 6070.1907 2347.2326;
	1891.4511 1198.9139 2033.3012 565.3 993.9585 1424.5385 1178.3398 313.0 745.0723 6152.8509 2488.6517;
	1928.8996 1188.5 2018.1568 571.9 979.2369 1409.4682 1206.2575 294.6908 730.6 6233.5747 2459.0603;
	1885.0114 1155.2373 2008.6551 573.2083 957.1278 1389.2464 1183.3795 290.7636 720.6762 6207.4 2385.9507;
	1883.4585 1122.0002 1976.5056 559.8329 965.1113 1396.3554 1145.9994 286.8415 708.6021 6153.8587 2406.7566;
	1877.2916 1125.7099 1947.6227 556.1737 917.1009 1352.3419 1107.2 289.6996 702.8466 6159.0523 2426.6257;
	1869.2979 1110.5 1904.2408 536.198 867.8503 1306.7492 1072.5754 277.3057 698.7389 6079.5103 2353.1505;
	1858.1616 1116.9489 1905.9206 535.4616 884.5931 1364.4297 1097.7248 264.0614 705.2207 6154.784 2399.234;
	1827.756 1101.4572 1863.4748 542.9 867.9407 1324.6439 1073.2287 241.6108 682.631 6029.4941 2270.2378;
	1840.0006 1104.8192 1833.0969 565.576 885.657 1365.4343 1085.7 270.9 698.3493 5922.9068 2320.0118;
	1873.9983 1123.7 1889.2552 572.8759 944.4 1393.1073 1102.6258 286.1784 712.5913 5885.3588 2460.1055;
	1963.0936 1176.081 1918.3257 577.4 939.7 1360.8215 1095.4874 287.0078 698.3357 5750.6647 2421.0814;
	1883.0065 1095.7333 1831.3892 564.3237 869.2302 1288.0334 1059.879 281.0593 661.7 5523.4256 2250.1449;
	1778.2 1037.3224 1775.5912 560.2101 869.7066 1238.6648 1007.0669 255.0223 630.341 5213.3892 2107.2714;
	1738.8178 986.7 1696.0128 547.7179 778.2592 1157.6 950.3385 226.2652 588.0 4836.962 1959.1986;
	1670.3607 936.6725 1647.0531 566.9681 739.3162 1126.9312 891.3744 204.7865 508.6813 4627.9861 1789.2235;
	1589.0984 887.7627 1573.7108 556.4905 726.7103 1071.8562 840.3782 199.8573 485.9642 4144.8442 1667.7923;
];
