function loadprofile = ex_load_profilesh1
%EX_LOAD_PROFILE  Example load profile data file for stochastic unit commitment.
% 2022.03.12
% Andres F. Ramirez

%% define constants
[CT_LABEL, CT_PROB, CT_TABLE, CT_TBUS, CT_TGEN, CT_TBRCH, CT_TAREABUS, ...
    CT_TAREAGEN, CT_TAREABRCH, CT_ROW, CT_COL, CT_CHGTYPE, CT_REP, ...
    CT_REL, CT_ADD, CT_NEWVAL, CT_TLOAD, CT_TAREALOAD, CT_LOAD_ALL_PQ, ...
    CT_LOAD_FIX_PQ, CT_LOAD_DIS_PQ, CT_LOAD_ALL_P, CT_LOAD_FIX_P, ...
    CT_LOAD_DIS_P, CT_TGENCOST, CT_TAREAGENCOST, CT_MODCOST_F, ...
    CT_MODCOST_X] = idx_ct;

loadprofile = struct( ...
    'type', 'mpcData', ...
    'table', CT_TAREALOAD, ...
    'rows', [1:11], ...
    'col', CT_LOAD_ALL_P, ...
    'chgtype', 1, ...
    'values', [] );
loadprofile.values(:,1,:) = [
	1478.5199 882.4152 1586.5125 536.0568 757.9435 1119.6798 836.1242 235.9 501.0 4425.329 1638.3099;
	1439.4564 862.9812 1525.0045 529.9696 759.7438 1089.1259 819.391 229.3942 483.0464 4313.54 1598.3975;
	1435.82 867.5953 1545.4045 520.1 764.353 1130.2279 828.8 235.4168 492.234 4367.2955 1620.0518;
	1541.7883 950.7 1647.037 542.2138 813.8438 1186.0535 871.8523 254.1 526.9006 4557.411 1712.7537;
	1649.4225 1031.3254 1816.8333 581.3484 905.6574 1310.0 947.6189 275.2846 583.6287 4956.4572 1906.2322;
	1689.9029 1083.6861 1929.9808 585.0048 969.475 1392.085 995.1782 297.0862 658.2588 5529.1398 2026.4;
	1710.7789 1107.7489 1943.6885 576.1 975.6211 1425.4 1069.4811 334.0323 696.9803 5961.1782 2198.1316;
	1756.8233 1136.2772 1931.7156 565.6966 980.7315 1413.3103 1088.3012 336.5 691.1455 6086.6093 2169.3653;
	1766.3994 1145.9 1968.1531 560.6 972.561 1447.7816 1102.7902 319.8378 705.6689 6111.7156 2192.7597;
	1791.6315 1150.4198 1937.3 563.9895 975.6471 1448.9391 1128.6125 326.6054 699.5 6229.1685 2164.5059;
	1767.1477 1115.4644 1941.7113 550.521 979.8771 1429.9958 1115.2103 319.1 685.1999 6187.3841 2117.0202;
	1763.6072 1109.9649 1934.9991 550.4853 957.7215 1466.5244 1130.2929 325.5 681.8164 6136.0028 2172.5716;
	1787.3623 1136.1872 1936.7198 556.6 965.7808 1467.2 1142.1832 342.8105 692.8211 6198.3142 2242.212;
	1757.3381 1152.1075 1926.5856 555.7578 980.6593 1454.2009 1151.9035 330.4916 694.7 6173.7252 2234.7667;
	1751.6149 1132.4152 1931.8023 554.3378 982.1002 1407.6156 1072.5 324.8729 698.3441 6016.3489 2264.1974;
	1781.207 1138.0108 1955.3052 545.0698 1015.0365 1417.151 1146.4903 321.1456 710.0443 6003.0755 2309.5065;
	1753.4759 1150.031 1932.4538 566.9281 990.7748 1415.773 1086.4386 305.4586 695.0222 5826.8386 2342.5836;
	1791.5968 1177.8697 1965.1806 574.533 1023.4693 1450.4175 1123.9719 305.5206 713.0 5804.5093 2386.1642;
	1822.941 1185.7614 1993.0 562.8354 1004.2387 1448.2995 1126.6345 307.8542 707.3174 5739.7319 2373.8907;
	1758.7682 1102.113 1898.5509 553.5 951.6756 1369.3359 1074.6707 282.8982 669.0 5492.0638 2271.2971;
	1746.871 1062.7 1813.4684 537.0039 881.6135 1318.7824 1029.5888 260.4786 636.1285 5234.3 2132.1827;
	1663.3131 988.4 1684.5513 531.6413 842.3505 1235.6109 932.2324 246.6444 572.1 4873.7 1940.4082;
	1538.2669 920.0 1609.7491 558.1997 764.5 1190.7295 913.2448 251.6604 531.3 4699.8484 1775.9142;
	1477.3101 880.6 1599.8322 553.9033 734.0714 1146.7245 861.6051 244.5835 508.0977 4480.663 1635.5678;
];
