function solarprofile = ex_solar_profilesh1
%EX_WIND_PROFILE_D  Example wind_load_nyiso profile data for deterministic unit commitment.
% 2022.03.12
% Andres F. Ramirez


%% define constants
[GEN_BUS, PG, QG, QMAX, QMIN, VG, MBASE, GEN_STATUS, PMAX, PMIN, ...
    MU_PMAX, MU_PMIN, MU_QMAX, MU_QMIN, PC1, PC2, QC1MIN, QC1MAX, ...
    QC2MIN, QC2MAX, RAMP_AGC, RAMP_10, RAMP_30, RAMP_Q, APF] = idx_gen;
[CT_LABEL, CT_PROB, CT_TABLE, CT_TBUS, CT_TGEN, CT_TBRCH, CT_TAREABUS, ...
    CT_TAREAGEN, CT_TAREABRCH, CT_ROW, CT_COL, CT_CHGTYPE, CT_REP, ...
    CT_REL, CT_ADD, CT_NEWVAL, CT_TLOAD, CT_TAREALOAD, CT_LOAD_ALL_PQ, ...
    CT_LOAD_FIX_PQ, CT_LOAD_DIS_PQ, CT_LOAD_ALL_P, CT_LOAD_FIX_P, ...
    CT_LOAD_DIS_P, CT_TGENCOST, CT_TAREAGENCOST, CT_MODCOST_F, ...
    CT_MODCOST_X] = idx_ct;

solarprofile = struct( ...
    'type', 'mpcData', ...
    'table', CT_TGEN, ...
    'rows', [1:12], ...
    'col', PMAX, ...
    'chgtype', 1, ...
    'values', [] );
solarprofile.values(:,1,:) = [
	0.0 0.0 0.0 0.0 0.0 0.0 0.0 0.0 0.0 0.0 0.0 0.0;
	0.0 0.0 0.0 0.0 0.0 0.0 0.0 0.0 0.0 0.0 0.0 0.0;
	0.0 0.0 0.0 0.0 0.0 0.0 0.0 0.0 0.0 0.0 0.0 0.0;
	0.0 0.0 0.0 0.0 0.0 0.0 0.0 0.0 0.0 0.0 0.0 0.0;
	0.0 0.0 0.0 0.0 0.0 0.0 0.0 0.0 0.0 0.0 0.0 0.0;
	0.4384 0.3841 0.3236 0.0 0.0 0.2621 0.0328 0.1431 0.2252 0.0 0.0 0.0;
	7.1362 6.969 2.7678 1.0719 0.744 53.1891 6.6486 10.0634 74.0599 52.0082 22.5893 94.1872;
	8.5177 7.8481 5.227 2.3092 2.8402 131.5769 16.4471 27.4671 204.7668 112.7533 50.0145 204.1969;
	12.765 11.8914 7.396 3.8494 3.9092 178.5764 22.322 43.0567 245.0545 183.9976 72.5614 333.2207;
	16.0616 12.1359 10.2874 7.012 10.7059 163.1948 20.3993 35.7577 216.9448 238.5042 38.9486 431.9325;
	18.3013 14.2049 11.3228 7.4049 8.2476 138.4861 17.3108 32.0062 204.7717 141.8606 60.1787 256.9104;
	16.4372 12.8592 10.2367 6.7071 5.0161 114.4683 14.3085 27.0542 185.7202 82.7188 108.6479 149.8042;
	2.7185 2.2345 1.9403 6.3456 0.9972 165.6691 20.7086 14.6457 195.9459 172.8926 130.2872 313.1095;
	1.1427 1.3308 0.4651 5.9613 0.8669 145.3955 18.1744 9.2277 162.4652 187.1747 115.1827 338.9746;
	0.1992 1.0995 0.0885 4.2646 0.6941 87.6209 10.9526 3.9131 83.0381 178.1696 77.794 322.6663;
	0.1742 1.1014 0.0157 2.0998 0.0 44.1011 5.5126 0.0 28.4803 19.8381 0.8601 35.9269;
	0.2069 0.2871 0.1816 1.1685 0.8449 50.6606 6.3326 3.6686 40.9868 0.0 1.9019 0.0;
	0.0 0.0 0.0 0.0 0.0 0.0 0.0 0.0 0.0 0.0 0.0 0.0;
	0.0 0.0 0.0 0.0 0.0 0.0 0.0 0.0 0.0 0.0 0.0 0.0;
	0.0 0.0 0.0 0.0 0.0 0.0 0.0 0.0 0.0 0.0 0.0 0.0;
	0.0 0.0 0.0 0.0 0.0 0.0 0.0 0.0 0.0 0.0 0.0 0.0;
	0.0 0.0 0.0 0.0 0.0 0.0 0.0 0.0 0.0 0.0 0.0 0.0;
	0.0 0.0 0.0 0.0 0.0 0.0 0.0 0.0 0.0 0.0 0.0 0.0;
	0.0 0.0 0.0 0.0 0.0 0.0 0.0 0.0 0.0 0.0 0.0 0.0;
];
