function loadprofile = ex_load_profilesh1
%EX_LOAD_PROFILE  Example load profile data file for stochastic unit commitment.
% 2022.03.12
% Andres F. Ramirez

%% define constants
[CT_LABEL, CT_PROB, CT_TABLE, CT_TBUS, CT_TGEN, CT_TBRCH, CT_TAREABUS, ...
    CT_TAREAGEN, CT_TAREABRCH, CT_ROW, CT_COL, CT_CHGTYPE, CT_REP, ...
    CT_REL, CT_ADD, CT_NEWVAL, CT_TLOAD, CT_TAREALOAD, CT_LOAD_ALL_PQ, ...
    CT_LOAD_FIX_PQ, CT_LOAD_DIS_PQ, CT_LOAD_ALL_P, CT_LOAD_FIX_P, ...
    CT_LOAD_DIS_P, CT_TGENCOST, CT_TAREAGENCOST, CT_MODCOST_F, ...
    CT_MODCOST_X] = idx_ct;

loadprofile = struct( ...
    'type', 'mpcData', ...
    'table', CT_TAREALOAD, ...
    'rows', [1:11], ...
    'col', CT_LOAD_ALL_P, ...
    'chgtype', 1, ...
    'values', [] );
loadprofile.values(:,1,:) = [
	1533.9 877.3 1532.5747 530.5 735.9 1113.0 807.654 227.0 479.5719 4123.4089 1622.1317;
	1501.5 860.6 1507.2752 533.6887 734.4796 1116.9539 815.8 227.1323 470.2816 4059.1999 1603.4576;
	1523.315 888.1092 1565.4754 539.2303 776.8387 1173.0951 832.1036 233.4351 472.9787 4173.3332 1633.7603;
	1596.2294 945.3494 1651.4122 560.0276 827.3187 1235.9699 878.8887 260.1265 515.7946 4451.6176 1742.9602;
	1719.9654 1041.6371 1789.9979 570.7 935.0571 1379.8492 983.1006 288.4708 598.155 4871.8671 1966.0049;
	1804.8603 1123.7822 1923.3036 589.0715 1015.105 1469.6413 1063.6323 329.8911 655.2421 5350.5333 2160.9;
	1835.1132 1147.9 1957.5011 600.5 1052.5549 1488.6867 1108.5592 334.7324 688.9886 5797.537 2302.7431;
	1831.7823 1165.9611 1965.0647 594.5099 1030.9885 1497.3004 1127.4 334.8 670.3 5775.9347 2245.9806;
	1814.7442 1161.5488 1983.4486 586.6 1003.2 1466.4006 1121.4458 338.7 644.7996 5870.9449 2198.8;
	1814.3277 1143.4549 1943.5751 599.1378 1011.8461 1420.949 1109.333 349.3 638.4789 5738.0945 2189.2208;
	1828.1064 1149.6061 1948.9402 588.7 989.4142 1416.3594 1095.7 353.3 643.8976 5713.0013 2101.5376;
	1824.1026 1110.8386 1906.478 598.3651 985.2692 1403.9219 1106.2881 379.4084 656.135 5780.2973 2197.479;
	1800.7053 1118.2808 1861.3881 640.2095 962.4168 1398.3935 1099.3966 375.502 661.9064 5821.356 2307.7144;
	1698.792 1057.3149 1767.2506 625.0699 943.5 1343.5564 1038.0503 349.8193 634.4097 5807.5717 2199.2845;
	1713.1817 1050.9721 1811.3844 601.6376 985.6246 1391.0103 1048.3997 341.3715 636.6192 5813.0744 2262.5169;
	1740.2 1083.7 1858.9 591.785 974.6527 1411.4714 1063.4548 332.8 641.6641 5834.9622 2317.8239;
	1786.6466 1108.81 1890.3832 582.4 983.6 1425.3872 1034.1 335.9753 659.5208 5725.8747 2311.2495;
	1829.5448 1136.816 1944.5336 583.7161 978.5826 1476.6679 1096.3854 333.3 686.9706 5741.6147 2383.8023;
	1860.1803 1120.6589 1931.7047 584.9094 1015.4179 1449.3917 1117.8708 347.1037 685.0082 5672.7966 2382.9056;
	1793.3035 1085.2654 1870.5 586.925 985.6703 1398.9864 1069.4181 330.5971 652.7191 5526.0556 2276.9721;
	1746.1988 998.4815 1764.0422 571.9374 920.8583 1281.1011 992.6118 320.4 625.7989 5307.6701 2151.2584;
	1626.8874 932.8 1666.4674 543.6303 860.1588 1176.227 901.532 286.3375 571.1 4908.9082 1961.4797;
	1589.0525 889.7096 1524.0077 550.8551 757.5125 1123.0964 873.5664 275.4126 542.4078 4579.1939 1816.3597;
	1537.9839 851.8 1502.8933 555.2529 712.8676 1095.6212 823.1218 260.5 518.6842 4252.008 1740.9769;
];
