function loadprofile = ex_load_profilesh1
%EX_LOAD_PROFILE  Example load profile data file for stochastic unit commitment.
% 2022.03.12
% Andres F. Ramirez

%% define constants
[CT_LABEL, CT_PROB, CT_TABLE, CT_TBUS, CT_TGEN, CT_TBRCH, CT_TAREABUS, ...
    CT_TAREAGEN, CT_TAREABRCH, CT_ROW, CT_COL, CT_CHGTYPE, CT_REP, ...
    CT_REL, CT_ADD, CT_NEWVAL, CT_TLOAD, CT_TAREALOAD, CT_LOAD_ALL_PQ, ...
    CT_LOAD_FIX_PQ, CT_LOAD_DIS_PQ, CT_LOAD_ALL_P, CT_LOAD_FIX_P, ...
    CT_LOAD_DIS_P, CT_TGENCOST, CT_TAREAGENCOST, CT_MODCOST_F, ...
    CT_MODCOST_X] = idx_ct;

loadprofile = struct( ...
    'type', 'mpcData', ...
    'table', CT_TAREALOAD, ...
    'rows', [1:11], ...
    'col', CT_LOAD_ALL_P, ...
    'chgtype', 1, ...
    'values', [] );
loadprofile.values(:,1,:) = [
	1463.57 905.4 1565.7689 524.0348 759.2104 1075.1 828.5098 239.7912 498.1 4572.031 1640.8121;
	1451.3199 905.5101 1596.2139 529.4021 748.5944 1076.7401 818.4989 237.0454 512.7092 4597.3122 1642.7359;
	1463.1306 919.6375 1648.9409 533.1 761.0611 1120.8033 839.2813 241.8665 525.1035 4747.6223 1697.1;
	1532.3658 977.2 1750.886 564.8478 831.6448 1185.4935 898.7263 265.7 593.4392 5010.4412 1806.5;
	1726.8828 1099.451 1887.0472 594.0177 940.3493 1340.9646 988.2976 297.8 667.0087 5249.3448 2017.0711;
	1808.9481 1165.8 1984.0007 583.3 988.2855 1412.9808 1067.568 332.4809 728.9126 5697.6815 2181.2759;
	1791.9203 1158.5056 1975.4083 565.6721 1002.0139 1394.8954 1088.5 313.5548 735.9347 6001.3546 2181.9568;
	1833.5493 1186.3139 2051.1948 565.587 995.4 1429.9983 1118.6309 329.3354 738.0676 6162.46 2234.5409;
	1871.0849 1192.4 2042.3168 557.8395 1010.3813 1432.9039 1144.6166 328.7 778.0513 6312.0758 2352.0857;
	1836.1587 1189.8 2016.3551 551.2656 952.4745 1357.5099 1138.4519 309.6924 758.2034 6177.4743 2428.6688;
	1881.218 1196.6 1997.5039 547.1 967.1542 1407.2152 1179.3074 312.9143 752.0401 6162.4221 2481.8152;
	1862.3432 1180.788 1968.8011 552.446 985.1229 1411.297 1272.8225 317.6 752.1759 6304.6702 2566.5952;
	1858.0104 1169.1164 1969.9819 557.089 978.3948 1414.7469 1242.7446 326.0 780.1184 6306.782 2627.8802;
	1878.7641 1186.1555 1974.3383 568.19 1000.6062 1396.5526 1238.6704 344.0408 790.8603 6369.333 2592.4342;
	1845.8164 1183.06 1960.5667 578.2519 998.9628 1408.8976 1247.2585 351.5422 794.1086 6319.5591 2616.6873;
	1831.0557 1197.4914 1955.8779 575.7294 998.0889 1433.5227 1288.4674 348.871 788.66 6496.6627 2627.5956;
	1828.9136 1197.9824 1914.9623 582.5783 996.8 1421.7552 1269.4569 371.5616 786.7187 6424.6142 2707.2666;
	1942.7493 1203.6952 1955.905 597.1 1012.7 1457.7692 1243.8848 348.3821 803.1384 6250.0684 2721.0309;
	1895.7977 1196.1524 1948.1056 606.7455 1029.3 1447.0946 1210.7125 370.3982 764.3941 6046.9785 2541.3947;
	1891.5429 1137.1723 1851.1544 589.3 949.7651 1380.3705 1137.5758 335.4036 700.2484 5947.5132 2420.7554;
	1778.2 1052.8466 1736.2568 575.3167 892.0316 1282.7392 1050.2162 313.4 648.8858 5650.4254 2210.4169;
	1678.963 986.9823 1664.206 549.6 832.9843 1164.8495 999.7598 285.7 598.0901 5686.9359 2135.7875;
	1628.0734 961.3435 1640.0177 564.1656 818.8639 1167.6655 989.49 283.6205 573.8965 5386.5821 2051.829;
	1560.8456 928.5386 1578.5689 563.4 777.8617 1178.1747 950.0257 251.613 542.6 5141.378 1953.0193;
];
