function loadprofile = ex_load_profilesh1
%EX_LOAD_PROFILE  Example load profile data file for stochastic unit commitment.
% 2022.03.12
% Andres F. Ramirez

%% define constants
[CT_LABEL, CT_PROB, CT_TABLE, CT_TBUS, CT_TGEN, CT_TBRCH, CT_TAREABUS, ...
    CT_TAREAGEN, CT_TAREABRCH, CT_ROW, CT_COL, CT_CHGTYPE, CT_REP, ...
    CT_REL, CT_ADD, CT_NEWVAL, CT_TLOAD, CT_TAREALOAD, CT_LOAD_ALL_PQ, ...
    CT_LOAD_FIX_PQ, CT_LOAD_DIS_PQ, CT_LOAD_ALL_P, CT_LOAD_FIX_P, ...
    CT_LOAD_DIS_P, CT_TGENCOST, CT_TAREAGENCOST, CT_MODCOST_F, ...
    CT_MODCOST_X] = idx_ct;

loadprofile = struct( ...
    'type', 'mpcData', ...
    'table', CT_TAREALOAD, ...
    'rows', [1:11], ...
    'col', CT_LOAD_ALL_P, ...
    'chgtype', 1, ...
    'values', [] );
loadprofile.values(:,1,:) = [
	1511.9737 901.8074 1551.3816 519.3969 775.2247 1173.5014 860.2269 241.0 479.0149 4484.0935 1677.594;
	1507.5052 895.8449 1538.8461 513.4894 756.3511 1163.0554 843.4745 213.8569 456.2557 4447.5 1655.8542;
	1526.6028 912.0 1574.9 511.3622 780.4452 1184.7662 843.5408 226.6 459.4764 4464.0391 1688.0;
	1618.4709 977.2 1679.246 514.6 837.6156 1238.8687 885.7 239.7196 483.346 4623.5042 1766.6249;
	1728.376 1086.8 1842.3892 547.0052 916.2 1352.4417 979.3 284.5772 545.9561 5121.6885 1991.8515;
	1813.6712 1155.2054 1985.8 575.9 994.6 1454.8443 1055.109 314.5167 615.3876 5667.3365 2147.0056;
	1834.8038 1182.6483 2006.3045 569.0889 1002.0412 1458.8 1083.3 310.9682 665.0 6024.1507 2254.8521;
	1842.4581 1206.8 2022.521 565.3468 1024.3252 1428.8972 1092.0 322.4113 678.21 6216.5964 2253.1367;
	1869.2934 1220.0 2036.3542 547.4 1028.5819 1433.4873 1106.2974 312.2 681.9307 6211.3799 2272.1071;
	1874.8271 1192.8769 1978.4 542.6 1021.3347 1379.2154 1077.3618 312.1 666.1087 6249.2586 2322.6675;
	1846.7405 1216.1614 2059.3476 531.4827 1034.5796 1363.8765 1126.5201 324.9708 684.8285 6416.433 2290.1;
	1839.1804 1187.8625 2008.4977 533.1186 1026.2208 1334.808 1092.4367 315.6 673.8 6299.8478 2329.0667;
	1872.9 1189.7935 1987.4309 520.4925 978.7702 1324.2037 1068.3272 309.506 660.9354 6240.5262 2254.6268;
	1839.8716 1177.9165 1919.3408 524.1703 959.6 1305.4251 1029.4079 308.0258 652.6 6269.7 2260.6643;
	1851.6735 1147.9738 1874.445 530.2 958.9218 1324.7456 1042.4935 317.5399 653.0182 6381.8792 2267.6279;
	1825.4787 1140.072 1871.8237 542.9 941.8751 1350.9 1028.8914 299.9 628.5122 6330.247 2343.7512;
	1794.8 1120.6747 1837.0945 543.7 937.6899 1344.9287 1029.0386 306.8915 619.1713 6039.5466 2314.4436;
	1792.2469 1129.1947 1827.8446 538.2 956.3502 1378.4093 1072.9106 315.6004 649.0682 5967.0413 2398.2764;
	1851.9623 1134.9819 1833.81 540.1385 950.3284 1373.7796 1064.75 306.4812 649.3177 5794.9805 2365.6;
	1804.5084 1095.0653 1801.4134 539.0 911.2 1317.0544 1038.2069 304.19 634.9899 5652.7685 2271.0827;
	1701.8851 1023.0 1683.6922 525.4 848.2047 1222.3346 967.5 290.5 595.2532 5424.9159 2125.7965;
	1600.3737 966.2431 1615.0 524.8507 838.7386 1160.1403 907.4 262.7 549.5787 5050.5807 1960.7834;
	1558.1926 938.4807 1551.0913 539.5183 775.4915 1164.2065 897.4365 238.6787 531.3646 4816.4103 1779.7609;
	1514.9476 894.6786 1509.0964 544.0947 755.2 1081.6 858.1 229.0447 512.9087 4636.0181 1711.5;
];
