function loadprofile = ex_load_profilesh1
%EX_LOAD_PROFILE  Example load profile data file for stochastic unit commitment.
% 2022.03.12
% Andres F. Ramirez

%% define constants
[CT_LABEL, CT_PROB, CT_TABLE, CT_TBUS, CT_TGEN, CT_TBRCH, CT_TAREABUS, ...
    CT_TAREAGEN, CT_TAREABRCH, CT_ROW, CT_COL, CT_CHGTYPE, CT_REP, ...
    CT_REL, CT_ADD, CT_NEWVAL, CT_TLOAD, CT_TAREALOAD, CT_LOAD_ALL_PQ, ...
    CT_LOAD_FIX_PQ, CT_LOAD_DIS_PQ, CT_LOAD_ALL_P, CT_LOAD_FIX_P, ...
    CT_LOAD_DIS_P, CT_TGENCOST, CT_TAREAGENCOST, CT_MODCOST_F, ...
    CT_MODCOST_X] = idx_ct;

loadprofile = struct( ...
    'type', 'mpcData', ...
    'table', CT_TAREALOAD, ...
    'rows', [1:11], ...
    'col', CT_LOAD_ALL_P, ...
    'chgtype', 1, ...
    'values', [] );
loadprofile.values(:,1,:) = [
	1445.4948 907.1994 1528.0018 538.1188 838.2973 1116.9287 796.9698 235.0 481.0155 4259.2537 1590.0355;
	1458.0351 903.9014 1523.2214 540.2305 818.2162 1103.8038 792.2445 237.3156 475.3614 4274.6106 1580.9936;
	1434.8475 908.74 1530.3095 533.0 823.7942 1130.2403 816.7774 242.1 478.7767 4301.3281 1611.8389;
	1529.9 971.0 1596.019 561.1743 856.8996 1169.812 859.7571 261.431 516.1105 4526.0138 1732.84;
	1612.4084 1067.6587 1769.8272 581.0642 937.0098 1299.1114 966.9 285.3 579.4786 4956.7505 1957.217;
	1712.7 1145.3 1892.0922 593.173 1013.9543 1377.0891 1020.4375 309.0 612.7316 5473.09 2104.5147;
	1788.4642 1185.7 1949.7325 596.4198 1031.3337 1421.2627 1050.0378 329.2 642.0 5767.7847 2191.6735;
	1788.2314 1192.8545 1940.7 589.6 989.8884 1426.6 1063.0674 339.3803 680.2413 6050.9893 2283.4988;
	1784.8731 1200.6818 1953.9452 573.4 972.5 1396.9308 1034.0 328.3 682.963 5993.135 2139.1575;
	1812.6 1217.8454 1960.3738 558.3814 962.4826 1418.2 1075.0436 322.6 678.4241 6052.7625 2245.4665;
	1735.6806 1165.7 1933.6438 550.3603 987.3061 1408.0707 1054.5584 335.2 661.9422 6067.8669 2167.5536;
	1763.862 1173.6137 1919.9216 545.3277 963.096 1384.6233 1057.0 325.5 638.2545 6058.1068 2231.9045;
	1759.6544 1153.8744 1865.2372 542.9 946.3173 1319.8006 1011.9565 328.4462 610.8728 5939.9396 2055.2381;
	1777.7265 1140.3306 1875.2202 556.7815 938.9472 1304.2813 1037.2495 314.2 641.9051 5958.7141 2162.1954;
	1737.4357 1107.5963 1829.6292 533.4775 912.9 1317.444 1050.6739 322.8 649.4507 5948.0955 2161.3376;
	1695.7323 1118.7457 1850.5 553.3 902.0058 1324.1305 1019.9693 316.0 627.6804 5917.2655 2186.893;
	1709.1 1109.936 1827.9186 538.3859 921.5503 1324.7159 1030.1256 309.8161 617.4126 5785.7893 2223.3271;
	1774.6919 1151.8186 1901.8413 551.6642 987.4009 1372.2393 1086.7211 320.283 647.3743 5795.3893 2353.4;
	1732.5788 1136.899 1884.3044 554.7726 981.4361 1345.8 1068.4271 308.8902 649.582 5598.4608 2311.2126;
	1695.5891 1097.4 1833.7254 534.5 932.1983 1277.0616 1016.6 314.9 595.676 5362.9106 2213.3232;
	1632.3472 1021.0776 1700.0 518.0 884.3076 1210.4 964.5 286.7 561.9064 5136.1739 2052.1337;
	1578.7279 963.9 1577.2876 487.7118 827.2 1124.4483 902.1117 273.6174 510.0366 4873.7334 1911.6307;
	1519.392 924.514 1520.2298 509.5421 771.6629 1096.349 874.8947 267.3691 483.6336 4700.6994 1750.79;
	1518.3 897.7387 1482.8 491.7077 738.5175 1076.3096 829.9 260.0068 459.6627 4535.9 1661.039;
];
