function windprofile = ex_wind_profilesh1
%EX_WIND_PROFILE_D  Example wind_load_nyiso profile data for deterministic unit commitment.
% 2022.03.12
% Andres F. Ramirez


%% define constants
[GEN_BUS, PG, QG, QMAX, QMIN, VG, MBASE, GEN_STATUS, PMAX, PMIN, ...
    MU_PMAX, MU_PMIN, MU_QMAX, MU_QMIN, PC1, PC2, QC1MIN, QC1MAX, ...
    QC2MIN, QC2MAX, RAMP_AGC, RAMP_10, RAMP_30, RAMP_Q, APF] = idx_gen;
[CT_LABEL, CT_PROB, CT_TABLE, CT_TBUS, CT_TGEN, CT_TBRCH, CT_TAREABUS, ...
    CT_TAREAGEN, CT_TAREABRCH, CT_ROW, CT_COL, CT_CHGTYPE, CT_REP, ...
    CT_REL, CT_ADD, CT_NEWVAL, CT_TLOAD, CT_TAREALOAD, CT_LOAD_ALL_PQ, ...
    CT_LOAD_FIX_PQ, CT_LOAD_DIS_PQ, CT_LOAD_ALL_P, CT_LOAD_FIX_P, ...
    CT_LOAD_DIS_P, CT_TGENCOST, CT_TAREAGENCOST, CT_MODCOST_F, ...
    CT_MODCOST_X] = idx_ct;

windprofile = struct( ...
    'type', 'mpcData', ...
    'table', CT_TGEN, ...
    'rows', [1:45], ...
    'col', PMAX, ...
    'chgtype', 1, ...
    'values', [] );
windprofile.values(:,1,:) = [
	3.9245 53.0289 95.2615 121.0826 15.2429 33.3851 30.6383 18.9766 10.6324 17.9884 33.2514 49.6045 74.6793 60.286 205.9805 77.6019 96.2839 102.0322 93.0846 73.8763 10.2128 77.8986 27.7268 90.1406 106.4616 74.2854 14.0839 1279.087 790.8392 790.8392 747.9867 115.1721 310.2821 190.1578 189.0047 337.4247 1165.6968 260.9633 447.5855 285.1651 120.6766 370.3524 214.7122 278.2768 1177.8395;
	3.8123 51.513 94.5161 119.9808 14.8946 32.5331 28.9405 18.8997 11.0533 14.6523 27.0846 40.4049 60.8294 65.2501 202.2558 76.1987 94.5428 100.1872 90.0009 73.6398 9.6468 75.9105 29.6588 89.0938 105.2813 72.7568 13.9237 1268.3492 771.129 771.129 747.9127 110.6782 300.0029 189.5489 204.5679 329.0151 1194.2182 247.4861 435.037 282.0035 119.3979 360.9 202.9054 277.9481 1206.658;
	3.7924 51.2439 94.1696 119.2739 15.223 33.3828 29.2964 19.0588 21.328 15.357 28.3871 42.348 63.7547 61.7625 183.0899 68.978 85.5839 90.6934 87.6419 71.6257 9.7655 77.8933 25.8992 89.6493 104.3805 73.3325 14.0606 1230.4514 776.1741 776.1741 760.3601 113.3534 292.1395 184.3649 193.6339 331.1676 1217.6214 269.7413 435.0075 279.5905 117.6319 370.327 207.8419 266.8246 1230.305;
	3.7589 50.7906 95.0442 120.9951 15.364 33.2777 30.576 19.0788 27.3221 29.226 54.0239 80.593 121.3323 67.5088 199.7456 75.253 93.3695 98.9438 90.0866 70.487 10.192 77.6479 25.5231 90.057 105.7519 72.8595 14.0244 1277.1602 777.7009 777.7009 735.3274 111.9465 300.2888 181.4336 211.6491 331.8191 1213.9449 274.5648 443.5796 283.264 118.9238 369.1604 180.9966 272.4187 1226.5902;
	3.3847 45.7342 94.3267 121.0142 15.3836 30.8678 30.9658 19.1205 27.2162 29.9522 55.3663 82.5956 124.3472 66.1344 202.7651 76.3906 94.7809 100.4395 89.1317 69.8067 10.3219 72.0249 68.8156 90.0493 105.6217 73.5609 14.0444 1323.8269 789.6206 789.6206 730.6644 112.3665 297.1056 179.6827 207.3402 336.9048 1206.7281 289.525 447.5476 282.9153 120.1626 342.4267 185.3909 276.3485 1219.2982;
	3.7663 50.8904 95.1482 120.6673 15.2961 33.1956 18.6769 18.9301 25.7665 29.8079 55.0995 82.1976 123.7481 56.1974 202.9414 76.457 94.8633 100.5268 63.2665 71.578 6.2256 77.4563 71.5007 90.09 105.536 72.4073 13.9335 1300.0781 817.9603 817.9603 787.1348 116.8578 210.8884 184.2418 176.1863 348.9964 1251.1686 321.3656 451.3435 282.6858 119.7444 368.2494 160.5732 275.5079 1264.2016;
	3.7689 50.9255 95.0935 118.1301 15.0578 33.343 12.9252 19.014 23.9767 29.53 54.5857 81.4311 122.5941 66.9592 202.3894 76.249 94.6053 100.2534 86.3618 72.9778 4.3084 77.8002 70.8842 89.9791 105.6711 74.3434 14.0571 1322.4055 806.1144 806.1144 746.7883 121.137 287.8726 187.8449 209.9262 343.9421 1205.0602 333.2297 400.697 283.0477 119.4341 369.8845 174.6595 281.9184 1217.6129;
	3.6701 49.5915 95.0505 119.4856 14.8522 32.5721 0.2374 19.0318 0.0 30.1289 55.6927 83.0826 125.0804 48.435 202.3804 76.2456 94.6011 100.2489 90.399 72.6544 0.0791 76.0016 70.6388 89.5274 102.5508 72.3169 14.0383 1304.6287 785.4477 785.4477 737.0023 120.3822 301.3299 187.0127 151.8504 335.1244 1200.8419 332.5684 164.8115 274.6896 118.1027 361.3335 195.0903 280.8804 1213.3506;
	3.6077 48.7477 92.8429 119.3176 14.6243 30.5803 4.5314 18.7924 3.4653 30.2377 55.8939 83.3828 125.5323 28.1636 202.0314 76.1142 94.4379 100.076 92.1569 73.9072 1.5105 71.3541 70.9316 88.9631 101.9439 71.3152 14.0201 1234.4513 715.5501 715.5501 727.007 116.98 307.1897 190.2374 88.2968 305.3014 1024.0958 301.0389 82.1571 273.0639 119.587 339.2379 183.1628 278.918 1034.7634;
	3.6136 48.8274 90.1223 116.8646 14.8937 28.3354 1.3666 18.9546 0.0 25.9953 48.052 71.6841 107.9201 21.6769 196.004 73.8434 91.6205 97.0904 90.9133 73.5359 0.4555 66.1159 50.7615 87.5715 103.1682 72.13 13.9988 1028.0545 609.5773 609.5773 588.9459 112.5841 303.0445 189.2815 67.9599 260.0863 781.5097 270.636 0.0 276.3435 120.6829 314.3341 156.0071 273.6023 789.6504;
	3.4768 46.9798 90.1362 115.2365 14.7143 23.8282 6.7682 18.6936 1.0393 28.7511 53.1459 79.2832 119.3604 5.6658 200.7927 75.6475 93.8589 99.4624 81.0853 73.4981 2.2561 55.5992 70.2399 87.1751 100.9312 70.5034 13.5395 856.3316 686.3747 686.3747 532.0055 113.2002 270.2843 189.1844 17.7631 292.8532 732.2477 216.7945 7.8191 270.3514 118.6103 264.3343 142.3175 272.0989 739.8753;
	3.1288 42.2771 92.0164 115.6481 14.978 17.6124 15.468 18.8852 0.8012 27.0873 50.0704 74.6953 112.4533 4.0122 202.0483 76.1205 94.4458 100.0844 35.8988 73.3878 5.156 41.0956 70.4733 87.6438 101.4061 73.6387 13.8994 604.2038 744.2134 744.2134 540.7758 109.7597 119.6628 188.9003 12.5789 317.531 790.7236 216.8473 47.9786 271.6234 121.8226 195.3804 137.1686 275.5324 798.9603;
	3.5684 48.2169 92.1115 113.2485 14.9336 18.5485 4.9457 18.366 25.8067 24.4564 45.2072 67.4402 101.5309 52.7717 200.4504 75.5185 93.6989 99.2929 59.1384 71.9012 1.6486 43.2798 71.0622 84.1826 99.5658 69.5491 13.7787 633.0202 735.9984 735.9984 561.0777 107.7426 197.1281 185.0739 165.4463 314.026 631.8542 243.5545 12.7328 266.694 118.9389 205.7646 140.8743 271.3433 638.4361;
	3.5459 47.9132 92.6097 114.8841 15.1719 19.5424 13.7207 18.3001 20.4368 24.7375 45.7268 68.2155 102.698 38.2481 202.9607 76.4643 94.8723 100.5364 62.6288 73.0348 4.5736 45.5989 73.1544 84.7279 101.1169 70.26 13.7176 527.0081 703.2576 703.2576 515.4829 89.7198 208.7628 187.9918 119.913 300.0566 660.9515 248.5965 163.1259 270.8488 121.1544 216.7904 154.8725 263.3509 667.8364;
	3.5718 48.2634 90.2712 114.5129 15.1164 18.6164 3.322 18.4302 19.4437 25.547 47.2233 70.4478 106.0588 31.8437 195.028 73.4757 91.1643 96.6069 76.3515 71.3691 1.1073 43.4383 70.1491 87.3542 99.3402 72.3536 13.6769 399.8758 678.5959 678.5959 469.6772 86.9085 254.5051 183.7043 99.8343 289.5343 582.3674 245.7796 150.7334 266.0899 121.168 206.5179 157.1211 246.7677 588.4337;
	3.3957 45.8838 92.0766 119.5211 15.0846 10.5474 3.8807 19.0631 10.5803 27.8768 51.5299 76.8725 115.7311 20.0843 183.9832 69.3146 86.0015 91.1359 66.7691 71.7898 1.2936 24.6106 69.4668 89.1691 104.0753 74.1196 14.0585 401.9171 542.6783 542.6783 412.9152 87.6249 222.5636 184.7871 62.9669 231.5428 461.9836 226.6344 31.2647 278.7732 123.5048 117.0057 151.7969 245.4059 466.7959;
	3.3705 45.5424 93.6246 120.212 15.2254 19.4624 4.1539 19.1816 22.6727 29.7229 54.9424 81.9633 123.3952 34.6073 191.9705 72.3238 89.735 95.0924 65.6163 72.5297 1.3846 45.4122 73.2574 89.7382 106.2422 75.4465 14.1005 963.1138 493.2916 493.2916 311.2333 83.9331 218.7208 186.6915 108.4985 210.4711 835.6689 237.6686 121.8579 284.5772 122.1124 215.9024 133.5886 247.8104 844.3738;
	3.1849 43.0347 92.4158 117.7158 15.0742 21.5206 0.0704 18.6982 1.7972 29.4315 54.4037 81.1596 122.1853 58.0661 189.0874 71.2376 88.3874 93.6642 72.964 69.7026 0.0235 50.2147 72.587 85.705 101.8456 70.9599 13.5585 1198.5311 583.7358 583.7358 219.3434 56.9029 243.2132 179.4146 182.0451 249.0606 1014.8353 201.6763 119.7353 272.8007 117.7565 238.7349 171.4623 261.9705 1025.4065;
