function loadprofile = ex_load_profilesh1
%EX_LOAD_PROFILE  Example load profile data file for stochastic unit commitment.
% 2022.03.12
% Andres F. Ramirez

%% define constants
[CT_LABEL, CT_PROB, CT_TABLE, CT_TBUS, CT_TGEN, CT_TBRCH, CT_TAREABUS, ...
    CT_TAREAGEN, CT_TAREABRCH, CT_ROW, CT_COL, CT_CHGTYPE, CT_REP, ...
    CT_REL, CT_ADD, CT_NEWVAL, CT_TLOAD, CT_TAREALOAD, CT_LOAD_ALL_PQ, ...
    CT_LOAD_FIX_PQ, CT_LOAD_DIS_PQ, CT_LOAD_ALL_P, CT_LOAD_FIX_P, ...
    CT_LOAD_DIS_P, CT_TGENCOST, CT_TAREAGENCOST, CT_MODCOST_F, ...
    CT_MODCOST_X] = idx_ct;

loadprofile = struct( ...
    'type', 'mpcData', ...
    'table', CT_TAREALOAD, ...
    'rows', [1:11], ...
    'col', CT_LOAD_ALL_P, ...
    'chgtype', 1, ...
    'values', [] );
loadprofile.values(:,1,:) = [
	1485.9741 890.3 1550.1554 534.1789 794.7577 1072.8161 849.0 232.0111 441.8853 4421.1938 1647.0;
	1417.3337 884.4218 1519.8643 528.5 768.6642 1062.244 815.6408 224.5 422.685 4222.9016 1600.2109;
	1451.0173 886.2561 1529.0131 521.6699 777.4 1051.8341 816.7316 222.9 427.3833 4212.8472 1608.6663;
	1547.9962 940.2 1626.3374 544.3595 840.8184 1125.4513 863.814 245.3034 462.6267 4426.4848 1709.7129;
	1703.2576 1057.2304 1821.5069 564.6 954.0894 1248.0959 968.3 290.1327 556.607 5001.6883 1962.4057;
	1807.333 1146.2721 1935.5515 570.3502 1012.4182 1362.131 1011.0469 335.6974 615.7 5547.6576 2065.5588;
	1841.8456 1162.3 1932.7105 572.5202 985.5365 1395.7 1052.7599 334.4 649.7619 5810.3716 2127.9936;
	1866.5 1192.6642 1947.2129 566.6 1024.592 1376.1 1083.4 331.3762 656.7782 5965.9028 2120.0738;
	1897.7714 1185.62 1928.8 540.6803 992.7474 1326.8556 1110.3637 348.2 671.5706 6084.8 2130.5504;
	1900.4678 1140.0746 1845.8102 536.1 934.7236 1268.3709 1091.4577 339.4 685.7391 6172.2911 2127.1015;
	1904.1075 1158.0798 1913.6576 523.4 987.0712 1315.5 1109.1515 347.0364 692.505 6163.147 2157.2821;
	1887.3205 1128.8789 1873.8477 507.5905 959.381 1289.1596 1090.9547 363.765 674.9549 6110.9524 2124.8949;
	1902.6383 1146.7831 1839.1643 499.274 922.6024 1291.9055 1089.8698 350.3 676.0403 6091.8839 2161.9429;
	1881.8398 1131.5567 1817.1609 497.2084 937.5639 1275.0832 1073.7476 328.225 683.3 6040.8649 2126.361;
	1911.3531 1142.7061 1775.5074 506.7918 933.0971 1261.3476 1069.2384 330.697 672.2365 6094.2525 2139.3739;
	1930.4968 1182.5346 1837.8192 515.3099 951.6799 1311.4271 1071.1886 342.0156 668.9414 6145.4049 2225.2975;
	1914.0272 1161.7522 1832.2705 522.5206 941.4537 1301.6528 1048.5046 329.1952 654.8594 6066.0283 2284.4989;
	1937.7821 1180.6126 1853.1 557.1 974.714 1379.8564 1085.4942 340.8819 695.3055 5978.0681 2382.2581;
	1929.8677 1178.7575 1833.0158 550.7502 971.6954 1362.027 1090.925 340.1252 670.6921 5779.2623 2357.4283;
	1891.4637 1137.1802 1768.2176 553.737 950.1988 1310.3886 1066.4378 328.2501 661.7 5612.0071 2284.3482;
	1767.606 1041.0 1675.6416 522.7692 858.8942 1240.0171 1033.3 295.3364 610.784 5380.49 2175.7979;
	1660.5867 963.6484 1562.8626 521.9646 796.6351 1139.1 917.2725 267.4 555.8192 4980.7764 1945.4;
	1552.3105 934.7843 1545.8176 533.7 828.5781 1136.7966 892.6334 246.9079 474.6582 4700.4887 1822.4526;
	1491.9153 919.2317 1511.6291 535.1281 757.1405 1089.1593 828.899 227.2 457.1029 4460.1635 1698.9835;
];
