function solarprofile = ex_solar_profilesh1
%EX_WIND_PROFILE_D  Example wind_load_nyiso profile data for deterministic unit commitment.
% 2022.03.12
% Andres F. Ramirez


%% define constants
[GEN_BUS, PG, QG, QMAX, QMIN, VG, MBASE, GEN_STATUS, PMAX, PMIN, ...
    MU_PMAX, MU_PMIN, MU_QMAX, MU_QMIN, PC1, PC2, QC1MIN, QC1MAX, ...
    QC2MIN, QC2MAX, RAMP_AGC, RAMP_10, RAMP_30, RAMP_Q, APF] = idx_gen;
[CT_LABEL, CT_PROB, CT_TABLE, CT_TBUS, CT_TGEN, CT_TBRCH, CT_TAREABUS, ...
    CT_TAREAGEN, CT_TAREABRCH, CT_ROW, CT_COL, CT_CHGTYPE, CT_REP, ...
    CT_REL, CT_ADD, CT_NEWVAL, CT_TLOAD, CT_TAREALOAD, CT_LOAD_ALL_PQ, ...
    CT_LOAD_FIX_PQ, CT_LOAD_DIS_PQ, CT_LOAD_ALL_P, CT_LOAD_FIX_P, ...
    CT_LOAD_DIS_P, CT_TGENCOST, CT_TAREAGENCOST, CT_MODCOST_F, ...
    CT_MODCOST_X] = idx_ct;

solarprofile = struct( ...
    'type', 'mpcData', ...
    'table', CT_TGEN, ...
    'rows', [1:12], ...
    'col', PMAX, ...
    'chgtype', 1, ...
    'values', [] );
solarprofile.values(:,1,:) = [
	0.0 0.0 0.0 0.0 0.0 0.0 0.0 0.0 0.0 0.0 0.0 0.0;
	0.0 0.0 0.0 0.0 0.0 0.0 0.0 0.0 0.0 0.0 0.0 0.0;
	0.0 0.0 0.0 0.0 0.0 0.0 0.0 0.0 0.0 0.0 0.0 0.0;
	0.0 0.0 0.0 0.0 0.0 0.0 0.0 0.0 0.0 0.0 0.0 0.0;
	0.0 0.0 0.0 0.0 0.0 0.0 0.0 0.0 0.0 0.0 0.0 0.0;
	0.4252 0.3606 0.302 0.0 0.0 0.1824 0.0228 0.1431 0.0956 0.0 0.0 0.0;
	6.8068 4.4767 2.7487 2.7585 8.4978 84.4545 10.5568 9.0771 31.3732 47.3298 59.6434 85.7146;
	8.8575 7.8241 5.9538 4.5879 12.3253 200.9517 25.119 17.2002 80.2123 75.798 113.639 137.2706;
	12.0881 12.3108 8.9213 5.9373 11.2564 218.1818 27.2727 22.443 105.2329 120.1393 135.2063 217.573;
	11.9371 12.2563 10.5919 10.8158 13.4295 113.5574 14.1947 18.1661 51.5927 188.9052 140.8113 342.1084;
	16.3605 13.972 11.5534 11.1422 12.4838 93.9485 11.7436 15.0214 20.0881 187.5523 185.9542 339.6584;
	16.9406 13.3592 11.5698 11.1362 12.1867 122.986 15.3733 15.1027 12.402 177.2758 221.9434 321.0476;
	7.6515 8.0219 8.4789 11.0305 11.8526 281.7755 35.2219 29.8081 136.0831 174.2665 182.7826 315.5976;
	4.0714 6.2327 6.0404 11.0018 11.9262 285.4476 35.681 30.0341 172.8178 152.6314 137.5085 276.4165;
	1.8192 3.2368 3.5977 10.117 11.3781 250.8395 31.3549 25.034 137.9666 113.1982 86.2092 205.0027;
	1.1143 1.1177 0.8563 6.7858 5.8825 210.6562 26.332 12.6386 25.3342 13.3098 4.8389 24.1042;
	0.2752 0.2293 0.196 1.3646 1.293 73.7697 9.2212 3.6952 40.9412 0.0 2.6816 0.0;
	0.0 0.0 0.0 0.0 0.0 0.0 0.0 0.0 0.0 0.0 0.0 0.0;
	0.0 0.0 0.0 0.0 0.0 0.0 0.0 0.0 0.0 0.0 0.0 0.0;
	0.0 0.0 0.0 0.0 0.0 0.0 0.0 0.0 0.0 0.0 0.0 0.0;
	0.0 0.0 0.0 0.0 0.0 0.0 0.0 0.0 0.0 0.0 0.0 0.0;
	0.0 0.0 0.0 0.0 0.0 0.0 0.0 0.0 0.0 0.0 0.0 0.0;
	0.0 0.0 0.0 0.0 0.0 0.0 0.0 0.0 0.0 0.0 0.0 0.0;
	0.0 0.0 0.0 0.0 0.0 0.0 0.0 0.0 0.0 0.0 0.0 0.0;
];
