function loadprofile = ex_load_profilesh1
%EX_LOAD_PROFILE  Example load profile data file for stochastic unit commitment.
% 2022.03.12
% Andres F. Ramirez

%% define constants
[CT_LABEL, CT_PROB, CT_TABLE, CT_TBUS, CT_TGEN, CT_TBRCH, CT_TAREABUS, ...
    CT_TAREAGEN, CT_TAREABRCH, CT_ROW, CT_COL, CT_CHGTYPE, CT_REP, ...
    CT_REL, CT_ADD, CT_NEWVAL, CT_TLOAD, CT_TAREALOAD, CT_LOAD_ALL_PQ, ...
    CT_LOAD_FIX_PQ, CT_LOAD_DIS_PQ, CT_LOAD_ALL_P, CT_LOAD_FIX_P, ...
    CT_LOAD_DIS_P, CT_TGENCOST, CT_TAREAGENCOST, CT_MODCOST_F, ...
    CT_MODCOST_X] = idx_ct;

loadprofile = struct( ...
    'type', 'mpcData', ...
    'table', CT_TAREALOAD, ...
    'rows', [1:11], ...
    'col', CT_LOAD_ALL_P, ...
    'chgtype', 1, ...
    'values', [] );
loadprofile.values(:,1,:) = [
	1515.5161 898.2 1543.2774 537.2931 753.3432 1174.4382 835.2 216.6288 515.6044 4323.5018 1673.5318;
	1507.4304 912.2101 1549.7282 532.8021 762.0781 1160.1135 819.3455 218.5979 496.162 4231.6527 1661.2624;
	1479.3685 904.3585 1551.7984 533.9395 741.4784 1147.1274 822.9389 228.2 501.6118 4256.5678 1697.2206;
	1568.9 985.4045 1678.034 556.9333 833.1 1248.3791 880.127 254.1 555.7394 4461.5101 1829.6453;
	1747.8861 1105.5954 1887.3274 573.3205 949.2 1406.5061 983.8253 297.2 649.8137 5008.4902 2051.8461;
	1859.2888 1180.3948 2011.6 591.2224 1011.4881 1461.8043 1050.9147 335.473 722.1945 5517.7643 2198.2031;
	1874.2185 1198.4508 2050.8354 580.7435 1017.7369 1486.984 1067.2249 338.4859 720.2446 5799.5125 2182.7013;
	1869.9263 1221.287 2097.3455 581.7513 1058.8475 1543.7498 1116.1671 339.3016 745.6423 6094.3101 2263.7856;
	1908.5161 1224.0472 2131.805 581.9183 1048.4532 1543.3122 1111.5206 347.8 738.1741 6092.1 2293.9;
	1884.335 1218.7114 2108.9881 558.2344 1031.347 1504.6479 1116.2 362.5934 726.4474 6188.6854 2310.2761;
	1883.4959 1205.1541 2065.8366 571.0055 1004.7523 1491.4531 1062.5 333.8954 720.9803 6106.678 2234.5365;
	1854.7 1215.5644 2041.3425 557.6271 998.5188 1424.0083 1066.4849 340.8477 726.3479 6110.702 2182.8082;
	1864.1518 1218.5208 2000.7416 557.6092 990.0784 1395.3998 1023.438 330.7 700.6047 5978.0979 2208.6644;
	1787.8948 1176.4726 2009.9969 557.3206 980.8052 1383.3572 1071.725 339.5121 727.4462 6103.1999 2270.7713;
	1782.1582 1193.4 2009.5644 555.2195 987.3623 1361.3923 1050.4 332.1748 722.1592 6054.7876 2297.7063;
	1797.9968 1194.3925 2011.6839 554.6447 966.5445 1339.9786 1019.0772 323.7918 691.8675 6018.0441 2280.8646;
	1787.3563 1196.0402 2027.0477 576.1903 1002.3364 1361.1237 1008.8771 342.9129 670.152 5873.4372 2337.3067;
	1838.6628 1221.1146 2056.3385 585.2923 1032.6147 1409.728 1036.4822 336.0009 694.3456 5741.5846 2325.8481;
	1859.9352 1217.7896 2001.4192 577.4 995.5 1359.2462 1022.7924 334.1 669.0 5614.194 2289.1333;
	1776.2484 1143.5189 1910.2395 578.9318 946.7231 1289.6206 985.2342 323.9444 646.5826 5466.4865 2190.6393;
	1725.0 1052.7634 1750.2312 560.8 877.6813 1191.495 883.4316 308.3922 590.1989 5142.1709 2065.1948;
	1628.317 987.3225 1651.4888 554.4674 833.625 1122.4828 867.2655 281.8 535.0 4890.6044 1952.4011;
	1572.8358 956.0946 1592.8374 571.0968 771.5105 1089.7439 836.6 281.1 508.1391 4684.039 1820.8813;
	1563.1237 905.8223 1559.3 572.2093 730.4337 1074.0 812.201 269.978 485.9774 4434.5808 1718.4387;
];
