function windprofile = ex_wind_profilesh1
%EX_WIND_PROFILE_D  Example wind_load_nyiso profile data for deterministic unit commitment.
% 2022.03.12
% Andres F. Ramirez


%% define constants
[GEN_BUS, PG, QG, QMAX, QMIN, VG, MBASE, GEN_STATUS, PMAX, PMIN, ...
    MU_PMAX, MU_PMIN, MU_QMAX, MU_QMIN, PC1, PC2, QC1MIN, QC1MAX, ...
    QC2MIN, QC2MAX, RAMP_AGC, RAMP_10, RAMP_30, RAMP_Q, APF] = idx_gen;
[CT_LABEL, CT_PROB, CT_TABLE, CT_TBUS, CT_TGEN, CT_TBRCH, CT_TAREABUS, ...
    CT_TAREAGEN, CT_TAREABRCH, CT_ROW, CT_COL, CT_CHGTYPE, CT_REP, ...
    CT_REL, CT_ADD, CT_NEWVAL, CT_TLOAD, CT_TAREALOAD, CT_LOAD_ALL_PQ, ...
    CT_LOAD_FIX_PQ, CT_LOAD_DIS_PQ, CT_LOAD_ALL_P, CT_LOAD_FIX_P, ...
    CT_LOAD_DIS_P, CT_TGENCOST, CT_TAREAGENCOST, CT_MODCOST_F, ...
    CT_MODCOST_X] = idx_ct;

windprofile = struct( ...
    'type', 'mpcData', ...
    'table', CT_TGEN, ...
    'rows', [1:45], ...
    'col', PMAX, ...
    'chgtype', 1, ...
    'values', [] );
windprofile.values(:,1,:) = [
	3.9499 53.3724 92.2359 118.3723 14.9419 34.7424 31.8468 17.64 10.1949 17.4645 32.2828 48.1596 72.504 55.9971 201.0462 75.743 93.9774 99.588 85.263 70.1182 10.6156 81.0655 25.0584 86.2515 100.6121 74.3523 13.5235 1230.9548 740.6646 740.6646 610.3274 117.6405 284.21 180.4844 175.5583 316.0169 1084.247 238.0726 470.7671 269.4966 121.162 385.4085 213.6581 275.3242 1095.5413;
	3.8896 52.5572 91.9499 116.4785 14.9844 33.7527 32.2876 17.4108 10.967 14.3657 26.5547 39.6144 59.6393 62.0432 194.1114 73.1303 90.7358 96.1528 84.461 71.3705 10.7625 78.7563 25.5149 82.3212 96.7273 73.343 12.8232 1269.4448 757.5261 757.5261 687.0931 120.6026 281.5365 183.7078 194.5137 323.2111 1201.0255 242.8902 464.1106 259.0911 118.3108 374.4299 206.9555 274.6182 1213.5361;
	3.8824 52.4593 91.9944 117.5976 15.3805 34.0647 32.5335 17.9639 21.7888 15.2457 28.1815 42.0412 63.2928 63.0918 171.5319 64.6236 80.1812 84.9681 84.3743 69.9759 10.8445 79.4844 27.4925 85.4228 99.7519 74.5417 13.0903 1243.7817 774.8365 774.8365 675.7503 119.4062 281.2478 180.1182 197.8015 330.5969 1187.9031 255.0246 461.9514 267.1927 121.9561 377.8914 207.8895 265.1477 1200.2771;
	3.7441 50.5915 91.4082 117.0282 15.199 33.4798 31.8088 17.5245 27.7105 28.915 53.4489 79.7352 120.0409 67.2823 194.2647 73.1881 90.8075 96.2288 83.8607 63.7863 10.6029 78.1195 24.0685 83.0559 97.1846 73.4588 12.7932 1285.7273 769.7417 769.7417 707.4864 119.3217 279.5356 164.1861 210.9391 328.4231 1148.8582 280.6298 464.7907 260.316 119.4724 371.4025 172.7364 260.8109 1160.8255;
	3.0259 40.8863 90.0812 114.2907 14.903 29.7879 31.1524 17.4979 27.3406 29.7207 54.9383 81.9572 123.3861 67.1422 190.8986 71.9199 89.234 94.5614 82.0241 63.0712 10.3841 69.5051 71.5937 85.3731 98.5183 73.445 12.5926 1281.3108 765.6593 765.6593 734.1218 119.8165 273.4135 162.3454 210.4998 326.6813 1110.3231 289.5418 469.7928 263.8883 121.0254 330.447 168.1635 259.5683 1121.889;
	3.6129 48.8184 89.961 112.6278 14.2829 31.7645 19.4544 17.4679 25.5703 28.5902 52.8486 78.8397 118.6928 57.1336 192.9689 72.6999 90.2017 95.5869 51.3704 66.8893 6.4848 74.1171 69.6231 85.0373 100.1886 73.1098 13.1549 1238.3743 772.0781 772.0781 689.3946 115.6518 171.2347 172.1732 179.1215 329.42 1160.0231 283.6922 462.8275 268.3622 121.6702 352.3739 152.0781 258.666 1172.1067;
	3.5986 48.6256 90.7829 116.2882 14.4461 33.0855 13.2123 17.8316 25.2222 28.5289 52.7352 78.6705 118.4381 68.6533 191.4552 72.1296 89.4942 94.8371 75.2272 70.0159 4.4041 77.1996 73.831 88.1773 104.3786 73.6614 13.7488 1244.3935 765.4252 765.4252 690.6678 117.204 250.7573 180.2211 215.2373 326.5814 1117.6566 286.0536 393.208 279.5855 122.0846 367.0287 174.4329 255.1629 1129.2989;
	3.623 48.9542 91.4068 115.763 14.3089 32.2433 0.0355 18.2232 0.7763 28.3274 52.3629 78.1151 117.6018 47.7373 191.811 72.2637 89.6605 95.0133 76.9755 69.6785 0.0118 75.2344 69.9416 87.1469 102.1886 72.4474 13.9364 1240.2048 744.7038 744.7038 654.1419 113.8003 256.585 179.3527 149.6628 317.7403 1122.8177 289.9146 159.1966 273.7194 121.8803 357.6858 194.2409 260.7307 1134.5137;
	3.5935 48.5555 91.213 117.0099 14.1642 30.5783 1.3447 17.7742 1.0055 27.8394 51.4608 76.7693 115.5758 29.1323 192.7493 72.6172 90.0991 95.4781 84.2857 70.8365 0.4482 71.3493 70.1256 85.6168 100.9747 71.036 13.5289 1118.8652 694.1481 694.1481 701.6758 112.6466 280.9523 182.3333 91.3338 296.1699 969.6336 285.7869 10.6908 270.4679 122.9411 339.2149 177.3868 247.8679 979.7339;
	3.256 43.9963 88.7565 119.5376 14.4004 27.2403 0.0578 17.9247 0.1336 24.4083 45.1184 67.3078 101.3315 20.1547 187.8073 70.7553 87.789 93.0301 85.7984 71.6996 0.0193 63.5608 48.8607 87.6444 101.3658 72.0692 13.0729 938.7692 593.1383 593.1383 540.5261 111.4518 285.9948 184.5551 63.1879 253.0723 713.93 235.0841 0.0002 271.5155 120.6135 302.1863 145.9673 254.0973 721.3668;
	3.3365 45.083 91.4138 117.5804 14.1084 24.4282 0.189 18.256 0.0 28.4016 52.5 78.3196 117.9098 14.7115 191.9132 72.3022 89.7083 95.064 77.5783 71.3625 0.063 56.999 71.4839 87.9641 102.1959 72.4506 13.5238 783.4258 653.0861 653.0861 498.3152 118.4781 258.5942 183.6872 46.1227 278.6501 699.2228 204.3958 0.0059 273.7391 120.1769 270.9897 134.7706 238.3651 706.5063;
	2.8538 38.5612 90.152 115.8329 14.2658 15.0144 0.0 18.1048 0.0 27.1253 50.1407 74.8 112.611 2.6155 197.9938 74.593 92.5506 98.076 39.054 71.7026 0.0 35.0336 73.5753 87.744 101.8948 72.0313 13.3008 592.0298 705.5617 705.5617 488.2898 117.2713 130.1801 184.5627 8.1999 301.0397 726.1566 211.6265 0.0 272.9324 121.3715 166.5599 121.9784 253.0335 733.7208;
	3.6595 49.4483 93.8167 118.5426 14.6642 17.3242 0.0 17.9527 22.0599 24.1499 44.6408 66.5952 100.2588 47.3794 194.2208 73.1716 90.7869 96.207 58.1935 70.6589 0.0 40.4232 70.7346 86.9691 104.7756 71.9483 13.5014 577.1582 674.4845 674.4845 507.962 113.4461 193.9782 181.8761 148.5407 287.7801 550.3869 236.6831 0.0 280.6489 118.5931 192.1832 138.5869 261.4717 556.1201;
	3.4865 47.1106 90.7417 115.1173 14.4635 15.0221 0.0 18.0348 12.529 22.0639 40.7849 60.843 91.5988 38.1168 200.1233 75.3953 93.546 99.1309 56.931 71.4638 0.0 35.0515 69.045 87.4362 103.0778 73.7618 13.1746 491.9536 651.6975 651.6975 472.9764 92.492 189.7701 183.9481 119.5015 278.0576 601.7134 228.7543 0.0 276.1011 116.3909 166.6446 146.4491 264.047 607.9813;
	3.6959 49.9399 91.1147 114.6484 14.9517 18.9087 0.0099 17.7246 0.0221 24.4419 45.1805 67.4004 101.4709 32.8711 200.1971 75.4231 93.5805 99.1674 77.5594 73.4545 0.0033 44.1204 70.6116 86.3753 101.7357 73.0224 13.2596 400.1372 663.9087 663.9087 457.6937 86.7439 258.5315 189.072 103.0554 283.2677 554.592 235.8584 0.0 272.5064 117.4593 209.7608 167.7508 241.607 560.369;
	3.0587 41.3293 88.0698 114.3082 14.4384 7.0554 0.0 17.3327 0.0 26.1336 48.3075 72.0653 108.494 22.6344 191.7521 72.2415 89.6329 94.9842 64.0306 72.7088 0.0 16.4627 70.7139 87.318 100.1279 70.6124 13.0563 286.9029 503.1554 503.1554 391.4845 89.6669 213.4353 187.1528 70.9618 214.6796 362.2151 207.4649 0.0 268.1997 118.16 78.2683 145.9525 233.999 365.9881;
	3.1255 42.2325 91.2701 116.2603 14.5639 14.4293 0.0 17.9046 0.0 27.8791 51.534 76.8786 115.7403 26.6667 199.1406 75.0251 93.0867 98.6441 65.8616 73.7465 0.0 33.6683 72.0244 86.5371 104.3386 72.7278 13.1504 860.2455 452.4261 452.4261 294.4304 88.4979 219.5387 189.8237 83.6036 193.0352 666.437 220.121 75.0469 279.4784 118.2057 160.0685 125.2017 249.4604 673.3791;
	3.0561 41.295 90.3842 118.7274 14.5338 19.5554 1.5156 18.0652 1.521 29.2535 54.0746 80.6687 121.4463 43.3607 197.9158 74.5636 92.5141 98.0374 78.7363 73.4262 0.5052 45.6293 73.0713 85.2487 102.2813 71.6218 13.5123 1146.9815 562.4538 562.4538 219.1076 68.1241 262.4543 188.9993 135.9416 239.9803 931.5415 200.5883 115.3793 273.9679 121.2411 216.9346 165.5403 267.312 941.245;
