function windprofile = ex_wind_profilesh1
%EX_WIND_PROFILE_D  Example wind_load_nyiso profile data for deterministic unit commitment.
% 2022.03.12
% Andres F. Ramirez


%% define constants
[GEN_BUS, PG, QG, QMAX, QMIN, VG, MBASE, GEN_STATUS, PMAX, PMIN, ...
    MU_PMAX, MU_PMIN, MU_QMAX, MU_QMIN, PC1, PC2, QC1MIN, QC1MAX, ...
    QC2MIN, QC2MAX, RAMP_AGC, RAMP_10, RAMP_30, RAMP_Q, APF] = idx_gen;
[CT_LABEL, CT_PROB, CT_TABLE, CT_TBUS, CT_TGEN, CT_TBRCH, CT_TAREABUS, ...
    CT_TAREAGEN, CT_TAREABRCH, CT_ROW, CT_COL, CT_CHGTYPE, CT_REP, ...
    CT_REL, CT_ADD, CT_NEWVAL, CT_TLOAD, CT_TAREALOAD, CT_LOAD_ALL_PQ, ...
    CT_LOAD_FIX_PQ, CT_LOAD_DIS_PQ, CT_LOAD_ALL_P, CT_LOAD_FIX_P, ...
    CT_LOAD_DIS_P, CT_TGENCOST, CT_TAREAGENCOST, CT_MODCOST_F, ...
    CT_MODCOST_X] = idx_ct;

windprofile = struct( ...
    'type', 'mpcData', ...
    'table', CT_TGEN, ...
    'rows', [1:45], ...
    'col', PMAX, ...
    'chgtype', 1, ...
    'values', [] );
windprofile.values(:,1,:) = [
	3.996 53.9944 94.9768 118.3706 14.9454 34.5593 32.8073 18.9785 11.2772 18.3882 33.9904 50.7069 76.339 55.1463 203.8257 76.7901 95.2767 100.9648 91.2143 72.0658 10.9358 80.6383 22.1255 87.2721 105.0386 74.7793 13.8009 1328.0636 834.3126 834.3126 797.9873 116.3575 304.0477 185.4976 172.891 355.9734 1260.1794 288.8276 474.8875 281.3534 120.251 383.3776 210.3234 283.3554 1273.3063;
	3.9584 53.486 94.6881 118.6077 15.1665 34.6311 33.3067 18.8587 12.0903 14.2981 26.4298 39.4281 59.3588 61.126 201.6796 75.9816 94.2735 99.9018 92.5193 72.9142 11.1022 80.806 25.384 86.6125 104.3733 74.0254 13.771 1312.0849 838.3405 838.3405 806.467 118.5224 308.3975 187.6814 191.6384 357.6919 1279.1999 280.8939 468.846 279.5713 122.7279 384.1747 216.1469 283.2194 1292.5249;
	3.9164 52.9196 94.5057 115.8699 15.3112 34.9261 34.1065 19.1137 24.7832 15.6864 28.9961 43.2565 65.1224 62.8943 179.8418 67.7543 84.0656 89.0844 91.0982 70.229 11.3688 81.4942 28.1943 87.1115 105.2913 75.0594 14.0568 1303.1455 854.0392 854.0392 804.663 115.9204 303.6606 180.7696 197.1821 364.39 1295.8286 298.8574 478.4627 282.0304 123.111 387.4468 218.3665 273.4879 1309.3268;
	3.8595 52.1504 92.4555 114.1641 15.3504 34.6378 32.6796 19.1322 28.0317 29.6174 54.7473 81.6721 122.957 65.6674 197.3722 74.3588 92.26 97.7681 90.6039 67.5562 10.8932 80.8215 27.097 84.7241 104.3565 75.1737 13.948 1291.1957 830.5842 830.5842 797.2021 120.0295 302.0131 173.8899 205.876 354.3826 1259.0569 316.1338 473.55 279.5264 122.951 384.2484 191.5773 269.8232 1272.1721;
	3.3113 44.743 90.2723 111.4951 14.8677 31.3748 32.0797 18.8348 27.3628 29.4926 54.5167 81.3282 122.4391 61.6085 197.7114 74.4866 92.4186 97.9361 91.1789 69.6726 10.6932 73.2078 71.7233 84.0925 100.9342 71.1932 13.8229 1251.7251 799.5201 799.5201 778.2741 113.5687 303.9297 179.3375 193.1509 341.1286 1197.8973 319.1059 461.7068 270.3595 121.7319 348.0508 188.5169 256.5346 1210.3754;
	3.8287 51.7336 87.9169 110.7777 15.0021 34.0882 20.5953 18.09 26.9647 29.1989 53.9738 80.5183 121.2199 52.058 194.7792 73.3819 91.0479 96.4836 59.9164 70.7162 6.8651 79.5392 72.3817 83.5913 99.557 71.2238 13.2738 1200.1808 797.9989 797.9989 786.2709 114.6856 199.7214 182.0237 163.209 340.4795 1226.5611 315.6556 473.7456 266.6706 120.2663 378.1519 173.0862 261.3548 1239.3378;
	3.8633 52.2013 90.681 116.0286 15.3222 33.9382 14.2425 18.0356 26.6993 28.9765 53.5626 79.9048 120.2963 64.7236 193.9376 73.0649 90.6546 96.0668 89.7399 72.2778 4.7475 79.1891 73.6567 85.7059 103.476 70.3048 13.3694 1265.4504 780.48 780.48 739.1047 115.5258 299.1331 186.0433 202.9173 333.0048 1226.4922 312.7275 431.5971 277.1679 122.7104 376.4876 188.1562 266.241 1239.2681;
	3.8601 52.1586 89.9782 114.0641 15.3106 33.5701 5.2455 18.0896 14.0934 28.2904 52.2944 78.013 117.4481 44.9221 201.8587 76.0491 94.3572 99.9905 89.5958 73.6525 1.7485 78.3302 71.2299 84.2777 99.6538 70.7692 13.4976 1249.8385 780.7331 780.7331 732.2807 112.556 298.6525 189.5817 140.8368 333.1128 1260.3226 309.1797 181.8182 266.9297 120.7503 372.4042 203.403 277.8725 1273.451;
	3.7945 51.2716 88.1697 111.184 15.169 32.0076 2.4693 17.7382 0.2149 26.5678 49.1102 73.2628 110.2968 24.8474 203.0155 76.4849 94.8979 100.5635 91.4916 73.8332 0.8231 74.6843 68.7139 83.6882 99.9706 69.8463 13.3007 1100.9978 659.6405 659.6405 665.572 107.9729 304.9721 190.0469 77.8999 281.4466 1023.8996 273.8453 36.9815 267.7784 122.0893 355.0705 185.0429 274.6837 1034.5652;
	3.9192 52.9567 89.4187 115.5907 15.3929 31.7488 4.5827 18.3988 0.9851 18.7421 34.6445 51.6829 77.8082 17.7306 195.2758 73.569 91.2801 96.7296 87.5825 72.2677 1.5276 74.0805 41.2119 85.9926 101.2227 72.5609 13.6436 911.126 557.8902 557.8902 582.2302 103.504 291.9418 186.0173 55.5879 238.0331 790.4289 267.5265 87.6118 271.1323 119.8777 352.1999 158.0386 280.2294 798.6626;
	3.8386 51.8673 92.4077 117.6803 15.3881 28.0729 1.6558 18.2044 0.0 25.1603 46.5084 69.3814 104.4533 0.0539 203.3356 76.6055 95.0476 100.722 82.7593 73.7907 0.5519 65.5034 69.3545 87.6585 103.0639 70.1334 13.597 811.8964 635.254 635.254 540.3532 114.1014 275.8643 189.9373 0.169 271.0417 778.6209 228.3884 48.2157 276.0641 117.9134 311.4217 153.8932 272.5206 786.7315;
	3.717 50.2253 92.3742 117.9136 15.3926 20.8882 12.9876 18.1189 3.4775 26.8501 49.632 74.0411 111.4685 0.3411 202.3996 76.2529 94.61 100.2584 43.4735 73.3048 4.3292 48.739 71.9955 86.2913 102.4517 70.9493 13.6666 585.631 738.5921 738.5921 518.2073 114.8318 144.9116 188.6867 1.0694 315.1326 820.8397 231.7544 94.6283 274.4242 122.0566 231.7192 147.517 275.4064 829.3901;
	3.9293 53.093 94.004 119.6808 15.4201 23.2124 8.896 18.3937 25.9724 23.849 44.0845 65.7654 99.0095 48.6511 199.7739 75.2636 93.3827 98.9578 56.5 73.1936 2.9653 54.1623 71.5666 88.7579 105.2922 71.7279 13.7047 617.8398 734.187 734.187 532.6433 114.4869 188.3334 188.4005 152.5279 313.2531 619.4571 255.1796 50.4126 282.0328 122.343 257.5029 158.9508 282.2594 625.9098;
	3.9195 52.9608 93.4236 119.8495 15.4244 22.6626 15.7561 18.8588 19.086 23.0339 42.5779 63.5178 95.6257 40.4519 203.0697 76.5053 94.9233 100.5903 53.4316 73.5142 5.252 52.8795 71.6952 86.903 103.202 74.6952 13.9028 524.1695 704.1505 704.1505 467.3423 96.2202 178.1054 189.2258 126.8223 300.4375 686.7622 247.7261 82.2851 276.434 121.894 251.4043 176.4058 278.6034 693.916;
	3.93 53.1025 91.6448 118.2509 15.4172 19.2179 6.1681 19.1043 0.8275 23.8138 44.0195 65.6684 98.8635 32.9701 192.0725 72.3622 89.7827 95.1429 62.6243 71.4162 2.056 44.8418 70.1628 87.7067 101.9692 75.3028 13.9746 385.8661 654.6594 654.6594 416.9478 93.3425 208.7476 183.8256 103.3656 279.3213 570.3907 235.8849 7.5482 273.1319 120.5483 213.1905 181.3422 267.2224 576.3323;
	3.8144 51.5414 91.464 119.0978 15.4161 10.6389 0.3672 19.0465 0.4383 26.2671 48.5544 72.4336 109.0484 25.8583 178.8034 67.3631 83.5802 88.57 54.3635 70.5588 0.1224 24.8241 70.6501 88.9145 103.7583 75.7411 13.7693 456.0359 535.8558 535.8558 371.6733 95.2066 181.2115 181.6185 81.0694 228.6318 488.3289 214.9686 15.3059 277.9241 123.1335 118.0206 169.8425 263.5591 493.4156;
	3.7061 50.078 90.4401 117.5309 15.4196 19.3718 0.5953 19.07 1.9556 25.9749 48.0142 71.6277 107.8351 32.0324 182.152 68.6247 85.1455 90.2288 62.4772 70.3929 0.1984 45.2009 67.1575 89.3002 105.7975 74.7652 13.7323 1020.6182 474.619 474.619 290.9442 93.48 208.2573 181.1915 100.4259 202.5041 865.789 229.6453 114.947 283.3861 121.8215 214.8982 151.9625 248.7059 874.8076;
	3.5008 47.3031 88.7082 114.719 15.2618 21.0798 1.9463 18.9783 0.0 26.3144 48.6417 72.5639 109.2445 53.8692 186.5037 70.2642 87.1796 92.3844 74.7038 70.8882 0.6488 49.1862 68.2881 87.4191 102.6648 74.5103 13.9172 1202.3886 573.3188 573.3188 229.8083 67.4915 249.0125 182.4665 168.8873 244.616 1027.9564 202.7446 126.2399 274.9951 122.844 233.8453 179.1468 262.6865 1038.6643;
