function windprofile = ex_wind_profilesh1
%EX_WIND_PROFILE_D  Example wind_load_nyiso profile data for deterministic unit commitment.
% 2022.03.12
% Andres F. Ramirez


%% define constants
[GEN_BUS, PG, QG, QMAX, QMIN, VG, MBASE, GEN_STATUS, PMAX, PMIN, ...
    MU_PMAX, MU_PMIN, MU_QMAX, MU_QMIN, PC1, PC2, QC1MIN, QC1MAX, ...
    QC2MIN, QC2MAX, RAMP_AGC, RAMP_10, RAMP_30, RAMP_Q, APF] = idx_gen;
[CT_LABEL, CT_PROB, CT_TABLE, CT_TBUS, CT_TGEN, CT_TBRCH, CT_TAREABUS, ...
    CT_TAREAGEN, CT_TAREABRCH, CT_ROW, CT_COL, CT_CHGTYPE, CT_REP, ...
    CT_REL, CT_ADD, CT_NEWVAL, CT_TLOAD, CT_TAREALOAD, CT_LOAD_ALL_PQ, ...
    CT_LOAD_FIX_PQ, CT_LOAD_DIS_PQ, CT_LOAD_ALL_P, CT_LOAD_FIX_P, ...
    CT_LOAD_DIS_P, CT_TGENCOST, CT_TAREAGENCOST, CT_MODCOST_F, ...
    CT_MODCOST_X] = idx_ct;

windprofile = struct( ...
    'type', 'mpcData', ...
    'table', CT_TGEN, ...
    'rows', [1:45], ...
    'col', PMAX, ...
    'chgtype', 1, ...
    'values', [] );
windprofile.values(:,1,:) = [
	3.993 53.9541 92.1082 119.0242 15.1023 34.8224 32.5713 18.5115 12.015 18.7314 34.6247 51.6533 77.7637 54.8388 197.3236 74.3405 92.2373 97.744 85.19 69.8076 10.8571 81.2523 28.0688 85.9859 103.5904 73.6701 13.8472 1274.2106 782.7442 782.7442 744.6522 118.4556 283.9668 179.6851 171.9271 333.9709 1191.1464 276.0534 462.1096 277.4742 120.3267 386.2968 218.0576 266.8949 1203.5542;
	3.9791 53.7668 95.14 120.2203 15.2779 35.0263 32.7387 18.8832 13.5866 15.9411 29.4669 43.9589 66.1798 62.5304 192.0205 72.3426 89.7584 95.1171 88.7901 70.439 10.9129 81.728 31.8109 86.4122 102.635 73.6839 13.8982 1296.7419 787.2905 787.2905 775.3571 121.0796 295.9671 181.3102 196.0412 335.9106 1270.1334 280.3332 467.7162 274.9151 122.861 388.5584 217.0559 276.9694 1283.364;
	3.9285 53.0829 94.7832 120.139 15.3751 35.1446 33.3437 18.9898 24.5201 17.6722 32.6668 48.7325 73.3665 57.8679 160.8236 60.5894 75.1757 79.6638 84.1338 68.461 11.1146 82.0041 33.5912 88.406 103.8269 75.3459 13.9008 1226.1211 755.6169 755.6169 723.2543 117.5479 280.4461 176.2188 181.4236 322.3965 1206.8001 290.6434 460.4158 278.1077 121.5767 389.8709 215.6649 271.3071 1219.3709;
	3.9002 52.7004 94.5683 120.568 15.1966 34.9293 32.5556 18.6151 28.3268 30.5773 56.5217 84.3193 126.9423 66.6428 193.849 73.0315 90.6131 96.0229 85.6527 64.7932 10.8519 81.5016 29.4387 83.7031 99.7036 72.6437 13.6515 1278.4296 818.0262 818.0262 758.974 117.5043 285.509 166.7778 208.9343 349.0245 1237.518 316.4173 469.5188 267.0631 119.5083 387.4821 191.8399 264.9919 1250.4088;
	3.4191 46.1994 94.0089 119.6316 15.2033 31.7138 32.0663 18.488 27.9422 30.6592 56.6731 84.5451 127.2823 64.3621 193.4332 72.8748 90.4188 95.8169 86.5457 68.1351 10.6888 73.9989 75.3906 84.9231 100.1786 69.7138 13.5585 1281.2295 804.2478 804.2478 770.6786 119.7137 288.4858 175.3799 201.7839 343.1457 1193.8317 339.3029 461.9992 268.3356 118.169 351.812 181.4361 262.558 1206.2675;
	3.8665 52.2451 94.8301 120.7857 15.0024 33.9274 21.7647 19.1252 26.964 29.9681 55.3955 82.6392 124.4129 53.5344 193.6688 72.9636 90.5289 95.9336 54.0518 67.8257 7.2549 79.1639 74.9728 86.9744 103.0836 72.4491 14.0491 1292.9452 808.2865 808.2865 751.969 120.3217 180.1726 174.5836 167.8377 344.8689 1278.9562 331.7324 461.7236 276.1167 117.6636 376.3678 163.6597 268.934 1292.2787;
	3.8098 51.4792 95.1238 120.7388 15.3111 33.644 14.5881 19.1106 26.2147 28.8394 53.3092 79.5269 119.7273 64.4927 192.6446 72.5777 90.0501 95.4263 79.5056 70.6962 4.8627 78.5026 74.6229 88.0227 104.5202 74.6488 14.0929 1289.8434 773.4033 773.4033 718.7502 119.7655 265.0186 181.9721 202.1933 329.9854 1237.1489 325.053 416.2943 279.9648 119.5139 373.2239 175.6425 277.0521 1250.0358;
	3.8106 51.489 93.6946 119.9283 14.9942 32.7975 3.175 18.9269 0.8056 28.4248 52.5428 78.3835 118.006 39.9078 193.2857 72.8193 90.3498 95.7439 79.3501 69.8373 1.0583 76.5274 72.156 84.7326 100.751 74.8557 13.9976 1303.6286 734.4946 734.4946 659.8723 121.0675 264.5003 179.7613 125.1163 313.3844 1228.5555 309.1384 164.5037 269.8688 121.241 363.8331 199.0753 282.5657 1241.353;
	3.6965 49.9484 90.7221 117.2809 14.4149 29.7431 0.095 18.731 0.0 29.3253 54.2073 80.8667 121.7443 23.348 193.642 72.9535 90.5164 95.9203 82.4472 72.2309 0.0317 69.4007 74.5481 84.0927 97.0614 73.9534 13.7704 1169.2978 617.2921 617.2921 663.3301 119.3347 274.8239 185.9225 73.1992 263.3779 1011.6308 283.9749 0.0 259.9858 122.4272 329.9507 168.3463 278.1455 1022.1687;
	3.7476 50.6387 90.6799 119.517 15.2822 30.2339 2.2293 19.1482 1.4142 26.979 49.8702 74.3965 112.0036 20.6689 185.5139 69.8913 86.717 91.8941 82.6682 70.6364 0.7431 70.5457 53.4142 86.0863 98.1599 76.1351 14.0281 977.3957 583.3094 583.3094 575.3907 117.8882 275.5606 181.8184 64.7997 248.8787 850.6892 253.3788 40.456 262.9283 120.7152 335.3943 147.5494 279.3415 859.5505;
	3.582 48.4003 92.0233 119.3741 15.3405 26.6671 1.1385 19.0365 5.4966 29.6694 54.8435 81.8157 123.1731 0.1919 193.7338 72.9881 90.5593 95.9658 71.9218 72.2108 0.3795 62.2233 72.728 88.1122 100.7617 76.007 13.9466 826.7884 615.9539 615.9539 498.6189 114.3669 239.7393 185.8708 0.6015 262.807 756.2916 205.5035 65.0166 269.8973 118.6501 295.8271 132.3312 275.3533 764.1696;
	3.1562 42.6477 89.8229 119.0311 14.9419 18.9456 1.6131 19.0845 0.0 28.0099 51.7758 77.2393 116.2834 0.0 194.8658 73.4146 91.0885 96.5266 33.9126 72.1254 0.5377 44.2063 70.4179 88.6587 101.8676 76.2453 14.0838 569.508 656.5762 656.5762 484.0991 114.2333 113.042 185.6509 0.0 280.1392 779.6302 212.6008 70.5016 272.8597 121.7868 210.1696 120.1621 270.9058 787.7513;
	3.6711 49.6042 94.0007 119.4324 15.0885 20.7789 0.0896 18.9095 25.7118 25.9765 48.0171 71.6321 107.8417 46.3083 197.967 74.5829 92.5381 98.0627 58.7854 73.309 0.0299 48.4841 72.2028 89.3016 103.3015 75.5918 14.0148 614.2314 685.8839 685.8839 510.6075 110.4513 195.9514 188.6975 145.1829 292.6438 594.0536 228.3861 112.5491 276.7005 119.3509 230.5073 132.2353 280.6085 600.2416;
	3.685 49.7926 91.2428 116.4243 14.8429 20.5863 0.0 18.7112 18.3573 24.0972 44.5433 66.4499 100.0399 26.529 198.7521 74.8787 92.905 98.4516 53.6405 72.4336 0.0 48.0347 73.4668 88.8413 99.2019 75.0499 13.8745 522.5236 662.607 662.607 455.8097 92.3765 178.8016 186.4442 83.172 282.7123 651.8065 222.1246 61.666 265.7194 118.0986 228.3708 149.6473 274.9949 658.5962;
	3.8721 52.3212 91.6652 120.5162 15.215 19.4149 0.4308 18.6015 13.9941 26.6205 49.2077 73.4081 110.5156 30.8343 187.8968 70.789 87.8308 93.0745 71.3652 70.1136 0.1436 45.3015 72.0854 89.1904 100.238 73.5393 13.9572 387.9445 650.7209 650.7209 439.5551 89.7807 237.8839 180.4727 96.6698 277.6409 585.8162 238.122 173.6421 268.4947 119.2865 215.3761 157.4631 261.8369 591.9185;
	3.539 47.82 89.2302 119.8216 14.7106 9.8051 0.0564 17.7907 14.6509 29.1797 53.9383 80.4653 121.1401 23.8962 172.2284 64.886 80.5068 85.3131 61.7511 70.0432 0.0188 22.8786 73.9395 87.0181 96.9914 72.4782 13.742 460.0754 553.4785 553.4785 407.8779 92.3956 205.837 180.2914 74.918 236.1508 510.2991 224.0742 19.9327 259.7984 121.1008 108.7715 140.3146 251.2208 515.6147;
	3.5564 48.0544 90.5433 118.1729 14.75 18.5084 1.8005 18.2672 6.9823 30.2703 55.9542 83.4727 125.6677 34.1623 187.6189 70.6843 87.7009 92.9368 63.3093 72.647 0.6002 43.1863 75.0656 86.2463 100.8605 73.6058 13.7233 1028.3258 493.8036 493.8036 291.4141 89.2403 211.0309 186.9936 107.1034 210.6895 863.8676 225.3748 106.0273 270.1621 121.0679 205.32 125.623 258.3303 872.8662;
	3.2422 43.8099 89.875 116.2446 14.1769 21.1896 5.8589 18.1642 7.7153 30.801 56.9352 84.9362 127.871 58.7566 191.17 72.0222 89.3609 94.6959 70.24 73.4946 1.953 49.4424 75.6629 85.8058 99.5042 71.6464 13.612 1300.1072 628.1426 628.1426 231.2298 64.2669 234.1334 189.1754 184.21 268.0075 1117.3267 204.8692 127.368 266.5292 120.3564 235.0634 170.2118 270.82 1128.9655;
