function windprofile = ex_wind_profilesh1
%EX_WIND_PROFILE_D  Example wind_load_nyiso profile data for deterministic unit commitment.
% 2022.03.12
% Andres F. Ramirez


%% define constants
[GEN_BUS, PG, QG, QMAX, QMIN, VG, MBASE, GEN_STATUS, PMAX, PMIN, ...
    MU_PMAX, MU_PMIN, MU_QMAX, MU_QMIN, PC1, PC2, QC1MIN, QC1MAX, ...
    QC2MIN, QC2MAX, RAMP_AGC, RAMP_10, RAMP_30, RAMP_Q, APF] = idx_gen;
[CT_LABEL, CT_PROB, CT_TABLE, CT_TBUS, CT_TGEN, CT_TBRCH, CT_TAREABUS, ...
    CT_TAREAGEN, CT_TAREABRCH, CT_ROW, CT_COL, CT_CHGTYPE, CT_REP, ...
    CT_REL, CT_ADD, CT_NEWVAL, CT_TLOAD, CT_TAREALOAD, CT_LOAD_ALL_PQ, ...
    CT_LOAD_FIX_PQ, CT_LOAD_DIS_PQ, CT_LOAD_ALL_P, CT_LOAD_FIX_P, ...
    CT_LOAD_DIS_P, CT_TGENCOST, CT_TAREAGENCOST, CT_MODCOST_F, ...
    CT_MODCOST_X] = idx_ct;

windprofile = struct( ...
    'type', 'mpcData', ...
    'table', CT_TGEN, ...
    'rows', [1:45], ...
    'col', PMAX, ...
    'chgtype', 1, ...
    'values', [] );
windprofile.values(:,1,:) = [
	3.9974 54.0142 91.6041 119.4291 15.2956 34.966 32.113 18.0632 12.0235 17.8451 32.9863 49.2091 74.0841 57.7202 198.0025 74.5963 92.5547 98.0803 88.9644 69.5037 10.7043 81.5873 24.9681 84.3902 101.47 74.5185 13.8837 1293.2851 812.1463 812.1463 752.5269 108.9366 296.548 178.9027 180.9607 346.5158 1183.3703 272.8774 463.4944 271.7946 123.0268 387.8892 220.0294 279.8918 1195.6971;
	3.9829 53.818 92.1504 119.0675 15.2976 35.0724 32.5162 17.9158 13.1424 14.8027 27.3626 40.8196 61.4538 66.993 191.7483 72.2401 89.6312 94.9823 88.5355 71.2486 10.8387 81.8356 29.4364 82.5424 99.1454 73.6144 13.2397 1266.1827 819.5871 819.5871 799.2784 112.1154 295.1185 183.394 210.0323 349.6905 1269.9681 265.0014 469.3673 265.5679 123.4342 389.0699 219.4426 283.1853 1283.197;
	3.9321 53.1317 92.3814 115.6347 15.3415 35.1577 33.6878 18.31 24.5814 16.2491 30.0362 44.8081 67.4584 65.4087 175.1042 65.9695 81.8511 86.7377 90.9984 71.7167 11.2293 82.0347 27.3892 83.8896 99.8273 73.9951 13.507 1312.4728 833.7564 833.7564 796.037 112.924 303.3282 184.599 205.0651 355.7361 1303.051 286.8451 474.6099 267.3944 123.4594 390.0162 219.498 276.9954 1316.6245;
	3.9186 52.949 91.0012 115.9381 15.333 34.6511 32.4656 18.8161 28.4307 30.281 55.974 83.5021 125.712 67.9423 193.387 72.8574 90.3972 95.794 88.8096 67.4607 10.8219 80.8525 26.6181 82.3913 99.8138 72.75 13.6004 1289.9387 817.3391 817.3391 791.7242 112.4537 296.0321 173.644 213.0082 348.7313 1230.6372 302.3504 467.5296 267.3584 123.9815 384.3961 202.5705 267.4304 1243.4563;
	3.3547 45.3291 87.6973 116.0148 14.8866 31.2951 31.9105 18.0037 27.7141 30.0088 55.4708 82.7515 124.5819 66.4083 195.6634 73.715 91.4613 96.9216 88.6188 71.3076 10.6368 73.0218 71.0493 83.4816 98.5822 69.7548 13.1098 1308.2811 807.1024 807.1024 761.5166 111.4299 295.396 183.546 208.199 344.3637 1187.4936 302.5216 450.913 264.0596 122.321 347.1667 192.0978 244.7798 1199.8633;
	3.778 51.0496 87.9842 115.5832 14.7394 33.0743 19.6319 18.6108 26.2849 29.7783 55.0447 82.1158 123.6249 54.3037 196.9805 74.2113 92.0769 97.5741 61.2189 70.5179 6.544 77.1735 70.4685 84.6729 100.3685 73.0478 13.57 1223.5068 781.2292 781.2292 726.7975 112.0881 204.0631 181.5132 170.2493 333.3244 1172.6719 296.3344 440.769 268.8442 123.0793 366.9048 168.4581 256.8703 1184.8872;
	3.7769 51.0342 89.0022 117.9472 15.0733 33.752 13.4917 18.1669 26.922 29.9327 55.3301 82.5417 124.266 66.2929 196.3267 73.9649 91.7713 97.2502 88.1104 72.1397 4.4972 78.7546 71.354 86.0472 99.0724 72.0743 13.4373 1296.1419 807.5944 807.5944 735.9402 104.0166 293.7012 185.6877 207.8373 344.5736 1182.9538 298.5324 407.9252 265.3726 123.0503 374.422 182.1396 257.9399 1195.2762;
	3.8524 52.0544 91.3641 120.2184 15.3035 33.4365 0.5331 18.4335 26.6127 29.6509 54.8093 81.7647 123.0962 45.8582 198.8017 74.8974 92.9283 98.4762 87.3615 70.7023 0.1777 78.0184 71.4546 87.2871 99.9893 74.6921 13.5582 1290.6942 771.6182 771.6182 715.5551 110.0751 291.2049 181.9879 143.7718 329.2238 1199.9357 302.3447 176.9409 267.8284 123.1951 370.9217 206.7185 261.0356 1212.435;
	3.8458 51.965 93.2388 120.8358 15.3376 32.5196 3.9618 19.0515 23.6542 30.0637 55.5724 82.903 124.8101 27.8475 198.6488 74.8398 92.8568 98.4005 90.4842 73.12 1.3206 75.879 71.6695 89.6996 104.3601 75.23 13.9402 1241.1668 718.9485 718.9485 739.0895 112.5338 301.6141 188.2111 87.3056 306.7514 1082.6306 294.7854 74.6389 279.536 123.5089 360.7502 198.7053 274.8898 1093.908;
	3.9129 52.8723 94.2073 121.0504 15.387 32.3656 12.5105 19.1689 17.1682 26.6499 49.2619 73.489 110.6374 23.0151 194.1491 73.1445 90.7534 96.1715 88.5996 72.4573 4.1702 75.5198 46.9939 89.6565 105.4825 76.1613 13.9654 1066.7882 645.3081 645.3081 613.4967 110.4194 295.3319 186.5054 72.1555 275.3315 878.3998 269.2426 132.0054 282.5423 123.5495 359.0426 178.1497 280.8322 887.5498;
	3.7545 50.7312 94.1091 120.9347 15.1762 28.0469 3.5699 19.1331 6.5487 28.2081 52.1423 77.7861 117.1065 1.1293 198.4861 74.7785 92.7807 98.3199 85.0536 71.6666 1.19 65.4428 70.7594 88.8097 105.74 75.1209 13.7774 860.7181 686.8122 686.8122 553.735 114.5133 283.5121 184.4701 3.5404 293.0399 772.4205 217.2685 19.8831 283.2322 122.5033 311.1338 153.6892 272.0939 780.4666;
	3.6152 48.8486 93.4902 120.7303 15.1487 20.0521 1.8774 19.0055 12.5516 27.3083 50.4789 75.3046 113.3707 4.8365 197.2594 74.3163 92.2073 97.7122 48.1983 71.6292 0.6258 46.7882 70.6204 88.3019 105.3035 76.2068 13.8826 604.7945 714.1345 714.1345 539.5871 103.9326 160.6609 184.3739 15.1631 304.6974 799.707 200.1771 55.544 282.063 123.1831 222.4447 146.558 271.6439 808.0373;
	3.7991 51.3342 94.1624 119.9364 15.0504 21.8918 0.0 18.8898 25.8063 21.8216 40.3369 60.1747 90.5927 49.3879 189.1764 71.2711 88.429 93.7083 59.6384 70.4811 0.0 51.0808 66.9142 88.5312 104.1135 75.4793 13.7559 654.0197 717.0213 717.0213 560.7877 102.2033 198.7946 181.4186 154.8377 305.9291 597.1194 214.3882 1.8005 278.8754 123.0028 242.8526 148.4783 274.7786 603.3394;
	3.8407 51.8959 93.8086 119.5693 15.2966 20.3304 2.267 18.4409 20.1435 22.7278 42.0119 62.6735 94.3546 35.916 196.4734 74.0202 91.8399 97.3228 60.8274 71.1637 0.7557 47.4376 69.4226 88.2023 102.5318 74.7383 13.4043 567.3199 713.4176 713.4176 553.5295 92.3715 202.758 183.1754 112.6014 304.3915 693.9237 231.5024 100.212 274.6386 123.6466 225.5317 160.5674 275.1921 701.1521;
	3.7634 50.8517 91.3547 116.3968 14.8113 17.4575 0.0 18.1196 1.0562 23.9863 44.3383 66.144 99.5794 33.4207 188.1021 70.8664 87.9268 93.1762 71.2886 70.5277 0.0 40.7342 65.4802 89.2408 101.8189 72.5794 13.1783 402.1765 708.1431 708.1431 516.2761 91.7072 237.6288 181.5384 104.7783 302.1411 587.4096 227.4125 43.4652 272.7292 122.4068 193.662 156.2819 250.1191 593.5285;
	3.5856 48.4494 90.686 115.659 14.8232 7.2354 0.0 17.3899 0.0 26.288 48.5929 72.4911 109.1349 25.9449 180.643 68.0562 84.4401 89.4813 61.8208 70.5755 0.0 16.8826 69.7854 86.5172 99.6374 69.786 13.0359 422.5974 593.9429 593.9429 449.3018 96.7463 206.0694 181.6615 81.3406 253.4156 492.7637 221.1593 15.5016 266.886 120.0149 80.2645 144.3737 245.9273 497.8967;
	3.5298 47.6953 92.9324 118.412 14.7077 17.1545 0.0 18.1438 0.0 27.1399 50.1677 74.8403 112.6717 35.2884 185.7283 69.972 86.8172 92.0003 64.7181 70.0792 0.0 40.0273 70.0485 87.8544 103.2107 70.8379 13.254 986.4495 513.9242 513.9242 331.3677 93.0825 215.7269 180.384 110.6339 219.2743 864.0058 230.863 100.683 276.4572 120.0163 190.301 125.332 245.1384 873.0059;
	3.3504 45.2715 93.2966 120.1551 15.0871 21.6553 0.0 18.3335 0.0 28.6378 52.9366 78.971 118.8904 58.6681 181.5065 68.3815 84.8437 89.909 74.3829 70.502 0.0 50.5291 70.3902 88.1474 101.716 70.674 13.4327 1155.527 605.4187 605.4187 244.418 67.8314 247.9428 181.4724 183.9324 258.312 1006.593 208.5429 119.3478 272.4535 118.6659 240.2297 171.3424 264.1403 1017.0783;
