function solarprofile = ex_solar_profilesh1
%EX_WIND_PROFILE_D  Example wind_load_nyiso profile data for deterministic unit commitment.
% 2022.03.12
% Andres F. Ramirez


%% define constants
[GEN_BUS, PG, QG, QMAX, QMIN, VG, MBASE, GEN_STATUS, PMAX, PMIN, ...
    MU_PMAX, MU_PMIN, MU_QMAX, MU_QMIN, PC1, PC2, QC1MIN, QC1MAX, ...
    QC2MIN, QC2MAX, RAMP_AGC, RAMP_10, RAMP_30, RAMP_Q, APF] = idx_gen;
[CT_LABEL, CT_PROB, CT_TABLE, CT_TBUS, CT_TGEN, CT_TBRCH, CT_TAREABUS, ...
    CT_TAREAGEN, CT_TAREABRCH, CT_ROW, CT_COL, CT_CHGTYPE, CT_REP, ...
    CT_REL, CT_ADD, CT_NEWVAL, CT_TLOAD, CT_TAREALOAD, CT_LOAD_ALL_PQ, ...
    CT_LOAD_FIX_PQ, CT_LOAD_DIS_PQ, CT_LOAD_ALL_P, CT_LOAD_FIX_P, ...
    CT_LOAD_DIS_P, CT_TGENCOST, CT_TAREAGENCOST, CT_MODCOST_F, ...
    CT_MODCOST_X] = idx_ct;

solarprofile = struct( ...
    'type', 'mpcData', ...
    'table', CT_TGEN, ...
    'rows', [1:12], ...
    'col', PMAX, ...
    'chgtype', 1, ...
    'values', [] );
solarprofile.values(:,1,:) = [
	0.0 0.0 0.0 0.0 0.0 0.0 0.0 0.0 0.0 0.0 0.0 0.0;
	0.0 0.0 0.0 0.0 0.0 0.0 0.0 0.0 0.0 0.0 0.0 0.0;
	0.0 0.0 0.0 0.0 0.0 0.0 0.0 0.0 0.0 0.0 0.0 0.0;
	0.0 0.0 0.0 0.0 0.0 0.0 0.0 0.0 0.0 0.0 0.0 0.0;
	0.0 0.0 0.0 0.0 0.0 0.0 0.0 0.0 0.0 0.0 0.0 0.0;
	0.4147 0.3502 0.3153 0.0 0.0 0.1765 0.0221 0.1431 0.0956 0.0 0.0 0.0;
	0.8437 1.2199 0.5865 2.073 4.4272 36.6456 4.5807 4.3643 16.3964 55.0192 31.2619 99.64;
	0.8203 1.9304 0.9725 3.5617 3.5269 144.0671 18.0084 15.6462 92.238 140.0847 62.3023 253.6943;
	1.2965 2.448 1.5761 4.1685 2.1701 195.6521 24.4565 20.9302 142.532 213.7681 83.9415 387.1353;
	2.197 2.6702 3.9901 6.0819 8.1124 188.8496 23.6062 5.9703 142.9272 219.0684 73.3138 396.7341;
	3.6401 2.3424 3.5952 7.1235 8.3099 190.4803 23.81 5.94 168.4515 255.9711 134.9476 463.5652;
	5.1662 4.1589 2.6302 8.7012 9.7319 194.9086 24.3636 8.3258 201.9239 261.7375 156.8816 474.0082;
	6.6818 4.9467 3.8074 9.006 8.3599 253.5861 31.6983 11.65 268.9259 139.4812 94.2916 252.6014;
	7.2279 5.95 3.9703 8.0775 7.4895 231.7963 28.9745 8.6245 266.2069 86.6661 65.7253 156.9529;
	5.0976 3.7084 3.974 5.8355 5.5683 160.0031 20.0004 3.771 243.4412 34.52 23.2074 62.5159;
	1.7454 1.252 1.5599 2.4596 1.5677 84.1688 10.5211 1.2585 179.0038 0.0 0.0 0.0;
	0.277 0.2444 0.2417 1.1205 1.2794 51.5708 6.4464 3.9711 54.0155 0.0 0.0 0.0;
	0.0 0.0 0.0 0.0 0.0 0.0 0.0 0.0 0.0 0.0 0.0 0.0;
	0.0 0.0 0.0 0.0 0.0 0.0 0.0 0.0 0.0 0.0 0.0 0.0;
	0.0 0.0 0.0 0.0 0.0 0.0 0.0 0.0 0.0 0.0 0.0 0.0;
	0.0 0.0 0.0 0.0 0.0 0.0 0.0 0.0 0.0 0.0 0.0 0.0;
	0.0 0.0 0.0 0.0 0.0 0.0 0.0 0.0 0.0 0.0 0.0 0.0;
	0.0 0.0 0.0 0.0 0.0 0.0 0.0 0.0 0.0 0.0 0.0 0.0;
	0.0 0.0 0.0 0.0 0.0 0.0 0.0 0.0 0.0 0.0 0.0 0.0;
];
