function windprofile = ex_wind_profilesh1
%EX_WIND_PROFILE_D  Example wind_load_nyiso profile data for deterministic unit commitment.
% 2022.03.12
% Andres F. Ramirez


%% define constants
[GEN_BUS, PG, QG, QMAX, QMIN, VG, MBASE, GEN_STATUS, PMAX, PMIN, ...
    MU_PMAX, MU_PMIN, MU_QMAX, MU_QMIN, PC1, PC2, QC1MIN, QC1MAX, ...
    QC2MIN, QC2MAX, RAMP_AGC, RAMP_10, RAMP_30, RAMP_Q, APF] = idx_gen;
[CT_LABEL, CT_PROB, CT_TABLE, CT_TBUS, CT_TGEN, CT_TBRCH, CT_TAREABUS, ...
    CT_TAREAGEN, CT_TAREABRCH, CT_ROW, CT_COL, CT_CHGTYPE, CT_REP, ...
    CT_REL, CT_ADD, CT_NEWVAL, CT_TLOAD, CT_TAREALOAD, CT_LOAD_ALL_PQ, ...
    CT_LOAD_FIX_PQ, CT_LOAD_DIS_PQ, CT_LOAD_ALL_P, CT_LOAD_FIX_P, ...
    CT_LOAD_DIS_P, CT_TGENCOST, CT_TAREAGENCOST, CT_MODCOST_F, ...
    CT_MODCOST_X] = idx_ct;

windprofile = struct( ...
    'type', 'mpcData', ...
    'table', CT_TGEN, ...
    'rows', [1:45], ...
    'col', PMAX, ...
    'chgtype', 1, ...
    'values', [] );
windprofile.values(:,1,:) = [
	3.9647 53.5722 92.2251 120.1333 15.0463 34.8123 32.3514 18.076 10.2918 14.1139 26.0894 38.9203 58.5942 55.2746 198.5971 74.8203 92.8326 98.3748 88.3299 67.685 10.7838 81.2286 0.0 87.6219 104.98 75.3019 14.1068 1209.4486 817.5221 817.5221 755.2194 113.18 294.4331 174.2214 173.2935 348.8094 1141.7711 278.5669 471.6541 281.1964 121.7685 386.1841 218.7044 285.3301 1153.6646;
	3.9069 52.7907 91.8093 119.6057 15.0064 34.4726 33.0738 17.9753 11.9422 2.6128 4.8297 7.2049 10.8469 63.216 193.9172 73.0572 90.645 96.0567 86.3203 69.6162 11.0246 80.4361 22.6461 86.416 102.7291 74.1282 13.6561 1205.3068 820.3435 820.3435 780.5586 113.2282 287.7342 179.1923 198.1908 350.0132 1215.6622 261.1331 470.1574 275.1672 120.0359 382.4162 215.4766 284.0837 1228.3253;
	3.724 50.3195 85.5691 110.4204 14.6429 33.7802 33.8325 17.4788 24.1363 10.9454 20.2325 30.1829 45.4401 59.0554 173.8834 65.5096 81.2804 86.1329 77.2622 68.2867 11.2775 78.8204 9.6934 84.905 100.4534 72.6735 13.0893 1231.8397 822.8635 822.8635 784.7112 116.6519 257.5407 175.7702 185.1467 351.0884 1272.4424 295.5146 477.81 269.0717 120.0394 374.7346 212.6792 258.1058 1285.697;
	3.8048 51.4106 87.3898 115.2695 15.1607 34.1694 32.797 17.7273 28.299 28.5507 52.7756 78.7308 118.5287 67.9465 196.0897 73.8756 91.6605 97.1328 84.4834 58.6596 10.9323 79.7287 18.0505 83.4648 98.7213 71.7115 13.1768 1237.7586 830.622 830.622 813.5174 115.9191 281.6115 150.99 213.0214 354.3987 1236.2697 319.7692 480.1001 264.432 121.5986 379.053 194.9325 259.3534 1249.1475;
	3.2766 44.2744 89.5552 118.3654 15.1721 32.1004 32.295 18.128 28.2266 28.5415 52.7585 78.7053 118.4905 65.6615 199.0702 74.9985 93.0537 98.6092 84.1681 66.2398 10.765 74.901 67.2156 86.5388 101.3469 71.3006 13.3681 1260.8696 848.1593 848.1593 810.4528 115.7645 280.5603 170.5014 205.8576 361.8813 1206.5121 332.4741 479.8826 271.4649 121.8393 356.1007 193.8472 273.8587 1219.0799;
	3.7968 51.303 91.3283 118.9695 15.1206 33.1463 20.4237 17.794 26.8536 27.849 51.4785 76.7959 115.6157 54.137 197.1462 74.2737 92.1544 97.6562 49.3606 68.1995 6.8079 77.3413 66.3514 88.4725 101.9716 71.6485 13.5101 1217.9015 818.6418 818.6418 767.4699 119.3532 164.5352 175.5457 169.7267 349.2872 1195.3727 316.5963 477.9147 273.1382 122.3631 367.7025 173.0863 273.7069 1207.8245;
	3.6974 49.9604 91.5002 119.8709 14.7178 33.0805 14.4712 17.5468 26.0167 27.7692 51.331 76.5757 115.2843 64.7556 201.3255 75.8482 94.1079 99.7263 83.9676 70.9662 4.8237 77.1877 68.5142 88.4006 101.9052 70.0202 13.2379 1238.902 806.0728 806.0728 719.0472 113.6865 279.8919 182.6671 203.0176 343.9244 1155.3057 317.4374 442.9398 272.9604 121.7618 366.9725 184.2452 271.9596 1167.3402;
	3.6276 49.0163 92.6419 119.9794 14.1481 32.1925 1.4166 17.7689 7.0109 27.9155 51.6013 76.979 115.8915 39.4439 203.9152 76.8239 95.3185 101.0092 81.2157 71.4787 0.4722 75.1157 68.5181 88.242 103.4428 72.0346 13.493 1210.5699 738.8606 738.8606 653.9719 114.042 270.719 183.9863 123.6619 315.2472 1125.4249 296.6296 180.7936 277.0789 123.1021 357.1216 197.1658 278.957 1137.1481;
	3.5555 48.0425 90.2589 118.5605 14.0426 29.3252 0.6276 17.7479 0.6971 27.4955 50.825 75.8209 114.148 25.1927 198.2903 74.7047 92.6892 98.2229 79.9167 70.5961 0.2092 68.4256 61.9019 86.0955 102.5469 71.8789 13.3109 1051.0689 649.6411 649.6411 637.3826 107.2286 266.3891 181.7146 78.9824 277.1802 948.286 264.4201 0.0 274.6793 120.8104 325.3147 174.4682 272.1518 958.164;
	3.6449 49.2507 89.5496 119.2575 14.8549 30.9034 2.8882 18.3577 10.5773 23.5137 43.4648 64.8409 97.6176 22.0239 188.0899 70.8618 87.9211 93.1701 84.1245 69.1762 0.9627 72.1079 24.3226 86.3029 102.4487 71.9677 13.0974 900.4101 603.7573 603.7573 547.1317 114.4594 280.4149 178.0597 69.0479 257.6031 770.1644 263.7679 28.1403 274.4162 120.3502 342.8215 155.8114 280.5592 778.1869;
	3.5907 48.5187 89.1592 117.438 14.4693 25.0929 8.1238 17.7889 5.8054 26.3355 48.6809 72.6223 109.3324 0.664 195.8518 73.786 91.5493 97.015 73.5292 70.3234 2.7079 58.55 65.6563 86.6216 101.4955 69.4386 13.1571 725.6731 623.096 623.096 509.0303 117.0356 245.0973 181.0126 2.0818 265.8543 677.484 217.9624 47.4306 271.8629 117.2179 278.3635 143.674 276.1456 684.5412;
	3.2631 44.0911 89.3279 115.1213 14.6568 17.209 2.4936 18.615 2.4363 23.4856 43.4128 64.7633 97.5008 0.9515 197.094 74.254 92.13 97.6303 6.0923 69.5247 0.8312 40.1544 68.1143 85.5146 98.746 70.4228 13.4832 517.9428 684.4394 684.4394 503.7491 112.3386 20.3076 178.9568 2.9832 292.0275 714.56 221.0697 16.5108 264.4981 118.6148 190.9057 133.5471 274.6305 722.0033;
	3.7212 50.2816 90.2456 113.4804 14.9038 20.5059 2.6471 18.1084 25.3159 19.7951 36.591 54.5866 82.1799 46.3932 194.6587 73.3365 90.9916 96.424 48.0898 70.0254 0.8824 47.8472 58.8046 84.6363 100.739 69.4258 13.7526 591.9194 673.4494 673.4494 527.4845 111.2084 160.2992 180.2457 145.4489 287.3384 563.3508 241.4033 32.4459 269.8366 119.7156 227.4791 147.5853 277.0094 569.219;
	3.6611 49.4695 89.0044 111.9212 14.894 18.6736 3.5089 18.1888 19.1624 19.9352 36.85 54.9729 82.7614 32.2714 198.0988 74.6326 92.5997 98.128 45.3414 70.9273 1.1696 43.5718 60.5914 84.0968 98.387 69.8447 13.4595 493.7598 631.6979 631.6979 472.1088 94.2826 151.138 182.5672 101.1751 269.5245 610.726 232.255 57.1576 263.5367 118.2758 207.1529 158.0368 269.4243 617.0877;
	3.7689 50.926 90.2756 110.2718 15.1977 18.3142 5.3176 17.4878 1.7919 21.781 40.2618 60.0627 90.4241 22.8956 188.6545 71.0745 88.185 93.4498 57.0019 69.225 1.7725 42.7331 54.8246 87.3601 101.4005 70.5802 13.1986 341.6238 631.7868 631.7868 444.2159 92.8443 190.0062 178.1853 71.7808 269.5624 537.146 242.7509 53.6494 271.6085 114.583 203.1654 167.9012 262.8339 542.7413;
	3.4843 47.0799 87.3969 110.9147 14.4346 10.4542 0.9357 17.833 0.0 25.4435 47.032 70.1624 105.6292 19.2809 181.5469 68.3967 84.8626 89.9291 40.8475 67.9284 0.3119 24.3932 57.884 86.6537 101.9132 69.6804 13.6509 387.73 503.1729 503.1729 415.5363 95.9107 136.1584 174.8478 60.4481 214.6871 435.2187 230.8591 0.1101 272.9817 120.8893 115.9724 156.2498 254.9602 439.7523;
	3.4284 46.3251 86.8674 110.5713 14.7897 18.2306 0.5951 18.4674 0.0 27.7324 51.263 76.4743 115.1316 31.0119 189.1187 71.2494 88.402 93.6797 44.5135 69.8038 0.1984 42.5381 69.3284 85.5197 104.4005 71.3423 13.5298 880.0812 447.4302 447.4302 305.5349 96.4796 148.3783 179.6752 97.2264 190.9035 766.8407 241.5288 92.4969 279.6442 121.0356 202.2382 132.6731 253.8861 774.8287;
	3.2036 43.288 87.6704 110.1233 14.4362 19.7304 2.1624 18.0082 0.0 26.8135 49.5644 73.9403 111.3167 56.1805 198.901 74.9348 92.9747 98.5254 64.0102 71.9949 0.7208 46.0375 67.3952 84.5486 100.9067 70.9188 13.5113 1173.9681 533.5895 533.5895 229.2539 71.9985 213.3675 185.315 176.1335 227.6649 949.3765 222.0742 128.7567 270.2858 120.0337 218.8756 169.0652 270.6931 959.2658;
