function loadprofile = ex_load_profilesh1
%EX_LOAD_PROFILE  Example load profile data file for stochastic unit commitment.
% 2022.03.12
% Andres F. Ramirez

%% define constants
[CT_LABEL, CT_PROB, CT_TABLE, CT_TBUS, CT_TGEN, CT_TBRCH, CT_TAREABUS, ...
    CT_TAREAGEN, CT_TAREABRCH, CT_ROW, CT_COL, CT_CHGTYPE, CT_REP, ...
    CT_REL, CT_ADD, CT_NEWVAL, CT_TLOAD, CT_TAREALOAD, CT_LOAD_ALL_PQ, ...
    CT_LOAD_FIX_PQ, CT_LOAD_DIS_PQ, CT_LOAD_ALL_P, CT_LOAD_FIX_P, ...
    CT_LOAD_DIS_P, CT_TGENCOST, CT_TAREAGENCOST, CT_MODCOST_F, ...
    CT_MODCOST_X] = idx_ct;

loadprofile = struct( ...
    'type', 'mpcData', ...
    'table', CT_TAREALOAD, ...
    'rows', [1:11], ...
    'col', CT_LOAD_ALL_P, ...
    'chgtype', 1, ...
    'values', [] );
loadprofile.values(:,1,:) = [
	1511.4702 889.8985 1538.199 478.6114 742.0635 1070.2491 844.0498 242.2452 555.0216 4565.3234 1721.1;
	1507.4788 902.4 1518.0 476.5385 746.1 1067.9209 830.964 236.9493 549.0123 4507.8134 1722.6289;
	1532.6062 920.9705 1553.1191 468.8393 748.8 1078.6 833.7612 235.2 551.9507 4467.3051 1708.3765;
	1616.7 977.5715 1645.4999 509.0124 812.4396 1139.1616 873.6 256.8722 575.9691 4678.9096 1785.6114;
	1781.6946 1086.8 1834.2285 551.9 940.4 1266.1591 972.6247 282.88 642.9961 5076.7978 1951.5406;
	1876.8003 1152.0472 1917.6852 545.4597 1011.8471 1327.1074 1017.9314 296.8614 685.5824 5558.1 2118.8;
	1916.4428 1170.2699 1942.4074 497.963 984.0 1340.8104 1022.7326 307.3 694.5828 5754.9405 2182.5175;
	1968.3496 1210.8976 1977.7701 521.9997 1001.7 1303.4097 1041.2659 319.2308 723.9 6026.197 2208.6166;
	2016.1593 1217.5229 1942.0317 536.693 1003.3863 1244.1587 1024.5377 311.3256 707.7929 6100.2314 2164.223;
	1965.7443 1202.2 1923.3847 523.1438 984.0298 1207.3751 992.9678 317.6795 704.4824 6097.7098 2134.8272;
	1916.9601 1167.2368 1874.6483 514.8472 928.3118 1176.5904 966.5409 297.7427 717.9 6069.294 2115.4791;
	1896.9228 1182.301 1878.0256 505.4678 931.0995 1268.1 993.3727 324.0 711.8 6157.0 2180.0511;
	1860.8218 1161.7029 1811.8683 510.4134 921.0011 1261.9812 977.7579 322.4729 689.4033 6196.6758 2225.487;
	1823.1474 1112.9057 1748.7983 474.5114 901.3232 1213.3 964.0083 300.1229 694.7051 6070.6954 2192.7817;
	1861.5389 1136.3937 1752.59 487.9858 905.3681 1246.862 978.5 295.076 713.5 6142.2344 2209.92;
	1821.4333 1137.9444 1789.1729 525.8997 947.9872 1302.7813 1009.8406 312.3374 709.6331 6366.3225 2358.8419;
	1806.0284 1138.3799 1827.4102 529.9391 941.434 1311.4412 1024.0617 311.3798 734.1569 6215.0077 2446.1844;
	1888.4542 1171.9922 1858.2432 535.2264 967.5534 1349.5038 1075.8657 338.3 738.6068 6244.4068 2549.1408;
	1884.3203 1162.5909 1885.3177 534.3968 1000.9421 1348.0 1074.2436 346.1 714.2 6068.0369 2523.9404;
	1822.9623 1103.5 1834.8 547.6 936.0866 1311.7 1003.9807 317.6645 676.9 5636.6834 2316.0444;
	1767.0397 1033.1934 1720.9412 522.225 874.9171 1219.7326 949.0161 281.9 623.835 5321.1379 2168.8629;
	1686.9664 955.5 1604.5069 519.0 782.4936 1135.5299 885.3 238.4933 581.5 4947.156 1976.408;
	1670.2918 926.758 1544.2287 529.3366 722.7491 1113.3 838.0064 235.5625 538.8026 4730.3114 1814.8815;
	1583.3127 914.9 1505.6934 532.0 707.5034 1085.6827 839.3 245.4527 524.859 4577.8093 1751.4167;
];
