function loadprofile = ex_load_profilesh1
%EX_LOAD_PROFILE  Example load profile data file for stochastic unit commitment.
% 2022.03.12
% Andres F. Ramirez

%% define constants
[CT_LABEL, CT_PROB, CT_TABLE, CT_TBUS, CT_TGEN, CT_TBRCH, CT_TAREABUS, ...
    CT_TAREAGEN, CT_TAREABRCH, CT_ROW, CT_COL, CT_CHGTYPE, CT_REP, ...
    CT_REL, CT_ADD, CT_NEWVAL, CT_TLOAD, CT_TAREALOAD, CT_LOAD_ALL_PQ, ...
    CT_LOAD_FIX_PQ, CT_LOAD_DIS_PQ, CT_LOAD_ALL_P, CT_LOAD_FIX_P, ...
    CT_LOAD_DIS_P, CT_TGENCOST, CT_TAREAGENCOST, CT_MODCOST_F, ...
    CT_MODCOST_X] = idx_ct;

loadprofile = struct( ...
    'type', 'mpcData', ...
    'table', CT_TAREALOAD, ...
    'rows', [1:11], ...
    'col', CT_LOAD_ALL_P, ...
    'chgtype', 1, ...
    'values', [] );
loadprofile.values(:,1,:) = [
	1536.3769 888.6223 1513.2893 561.6227 737.1325 1068.9 792.3514 221.4 446.0388 4432.0574 1608.071;
	1505.1571 874.4874 1497.5 557.3127 701.4613 1083.6394 798.4899 224.5196 438.0769 4344.8596 1610.6951;
	1518.6648 882.349 1522.1589 554.9272 707.4544 1099.2836 818.3415 229.5449 467.7 4378.6863 1641.7;
	1611.3644 957.9318 1623.4427 572.1119 779.6062 1182.9 878.1723 258.8 514.0514 4620.0463 1763.5975;
	1741.7 1066.7264 1767.7652 606.5157 872.6913 1352.2 988.8568 297.3581 608.0728 5174.8999 2043.5969;
	1814.4886 1117.8199 1809.121 607.9373 905.6105 1426.2482 1044.4548 326.6635 666.9 5621.3326 2198.1819;
	1880.4574 1151.173 1901.6 593.9809 925.1178 1411.8129 1072.6 320.4 689.0935 5897.9912 2215.856;
	1920.817 1168.1 1941.743 587.5 944.4625 1439.4307 1170.2682 343.0179 740.013 6161.8311 2280.2335;
	1900.831 1158.5851 1946.4499 581.2647 954.349 1446.7577 1140.6798 341.1 734.9636 6227.1379 2324.9506;
	1920.69 1172.4676 1930.9312 584.2899 956.8255 1398.9569 1125.1 347.6575 722.6554 6280.7458 2282.6832;
	1906.2265 1169.1983 1891.8789 561.6 933.1061 1378.6066 1080.4 342.4737 711.7605 6271.3533 2335.5587;
	1916.7957 1158.3912 1850.9024 574.0761 927.9 1344.6967 1065.57 331.8 696.7493 6197.69 2301.8764;
	1912.6954 1158.8502 1825.5444 565.8722 862.8348 1318.4793 1074.8881 339.3091 715.4455 6209.925 2328.7238;
	1877.6824 1174.5201 1797.5791 557.1 876.4449 1324.3291 1082.2429 328.604 676.41 6182.5517 2316.425;
	1896.5496 1141.5772 1764.3816 536.6 866.8688 1294.9911 1078.7 316.6492 671.6969 6204.2465 2338.7595;
	1868.3403 1136.5982 1798.2582 552.8906 912.244 1314.308 1107.2519 317.706 683.5002 6384.6359 2373.6383;
	1864.0856 1136.4146 1793.8675 569.5379 879.1912 1325.1506 1098.9661 317.8973 676.7776 6158.4376 2518.7023;
	1857.1395 1155.3821 1875.5669 575.7095 945.3 1395.3 1188.9471 320.3 734.134 5946.0077 2411.5954;
	1907.1708 1163.0945 1845.7882 586.5543 935.962 1354.6834 1178.2439 325.2152 732.5776 5867.6519 2420.6237;
	1821.4164 1097.3 1777.301 553.7 897.2431 1293.7575 1079.184 317.5044 680.1517 5628.6505 2242.7352;
	1749.4268 1035.6122 1702.5365 544.6545 879.0973 1218.5 1027.2137 290.1427 636.4444 5449.3268 2113.9817;
	1682.358 988.524 1611.5442 518.8822 819.088 1121.3179 936.9665 275.2 576.0 5165.8091 1960.5403;
	1665.0052 964.9531 1576.8082 548.0638 757.3864 1102.988 887.7762 272.83 505.7808 4772.8179 1798.4571;
	1596.3726 906.7 1502.5132 554.5197 692.4627 1066.1163 849.5318 239.5 458.1588 4554.0083 1717.4035;
];
