function loadprofile = ex_load_profilesh1
%EX_LOAD_PROFILE  Example load profile data file for stochastic unit commitment.
% 2022.03.12
% Andres F. Ramirez

%% define constants
[CT_LABEL, CT_PROB, CT_TABLE, CT_TBUS, CT_TGEN, CT_TBRCH, CT_TAREABUS, ...
    CT_TAREAGEN, CT_TAREABRCH, CT_ROW, CT_COL, CT_CHGTYPE, CT_REP, ...
    CT_REL, CT_ADD, CT_NEWVAL, CT_TLOAD, CT_TAREALOAD, CT_LOAD_ALL_PQ, ...
    CT_LOAD_FIX_PQ, CT_LOAD_DIS_PQ, CT_LOAD_ALL_P, CT_LOAD_FIX_P, ...
    CT_LOAD_DIS_P, CT_TGENCOST, CT_TAREAGENCOST, CT_MODCOST_F, ...
    CT_MODCOST_X] = idx_ct;

loadprofile = struct( ...
    'type', 'mpcData', ...
    'table', CT_TAREALOAD, ...
    'rows', [1:11], ...
    'col', CT_LOAD_ALL_P, ...
    'chgtype', 1, ...
    'values', [] );
loadprofile.values(:,1,:) = [
	1377.3715 893.4768 1568.9227 506.9725 735.9 1037.6585 810.1 213.0776 491.6794 4164.0252 1686.8;
	1401.5485 897.1 1561.7467 496.6507 724.8444 1033.2331 798.7 213.1885 476.5673 4170.9711 1665.9404;
	1420.9 909.486 1600.774 520.6212 747.8459 1077.3808 806.1 227.5984 468.5688 4159.0284 1679.0868;
	1481.7872 958.2335 1663.4213 521.1457 775.1265 1137.5 841.857 246.8 511.0875 4427.1682 1792.9667;
	1589.6405 1062.0756 1795.7699 543.5401 852.3157 1234.032 918.0095 269.6081 575.8361 4674.2442 1983.8448;
	1688.5597 1143.2245 1951.222 542.1816 925.7131 1307.827 948.3918 297.2859 637.0622 5079.6499 2117.9929;
	1746.7507 1192.3196 1994.8921 562.7633 940.8104 1318.035 970.9605 310.6321 674.9 5439.5528 2235.3351;
	1813.413 1239.0403 2025.1929 572.4 988.7841 1347.0682 994.0527 316.7338 674.5313 5184.7171 2261.8863;
	1760.3423 1240.5619 2053.3852 540.3853 991.5 1346.2 1028.8296 323.1 690.6306 5535.7318 2272.9402;
	1797.0352 1224.6779 2021.1742 532.8215 962.5802 1255.2899 1007.4893 306.5 678.1565 5182.0506 2256.8941;
	1760.5416 1206.767 2004.3532 525.6876 966.2611 1293.4675 1007.9072 296.7588 665.9 4665.7655 2198.6195;
	1789.7555 1226.2896 1979.8906 519.1494 973.3469 1273.0116 983.446 282.732 675.8648 4408.3318 2172.5611;
	1742.7096 1177.1884 1910.2654 517.1 941.6828 1225.2787 960.3815 277.2605 628.2959 4003.6626 2052.4115;
	1712.7747 1148.5159 1870.7477 524.7434 945.2431 1225.8559 953.4408 269.8421 614.6201 3967.7609 1986.1544;
	1675.488 1133.6588 1815.6474 533.5676 966.0317 1227.1348 950.8 285.4184 596.3685 4112.0603 2130.2007;
	1654.0895 1118.2436 1826.234 522.1706 949.2 1243.1683 927.3205 271.3852 534.0501 4184.2091 2173.0222;
	1688.9449 1117.7 1822.7001 545.7 937.6193 1275.4 960.5202 295.7796 587.5893 4289.0242 2246.4;
	1749.0328 1173.3 1866.1633 577.2 975.3636 1325.755 1023.9732 314.865 628.9597 4440.1294 2308.4626;
	1830.3258 1178.1228 1871.8 561.8466 954.3321 1333.8 1050.1309 326.6578 642.7386 5105.5152 2296.744;
	1771.8212 1134.1099 1836.3784 543.1123 933.8681 1271.6259 1006.5715 314.9836 609.171 4322.4686 2126.5013;
	1708.6692 1039.4138 1684.3596 540.1 855.4789 1165.5313 896.2052 262.6883 545.1508 4231.9437 1868.4863;
	1655.2623 982.4184 1594.9 508.5281 819.4434 1101.373 872.2475 237.6177 523.7506 4325.2058 1866.1992;
	1569.9419 930.1867 1540.4245 547.917 740.5527 1054.3988 848.7891 237.1855 500.6 4400.4911 1704.598;
	1531.5995 897.0007 1527.1734 538.5582 723.9067 1006.9479 839.777 243.2 492.9072 4413.1 1694.9184;
];
