function loadprofile = ex_load_profilesh1
%EX_LOAD_PROFILE  Example load profile data file for stochastic unit commitment.
% 2022.03.12
% Andres F. Ramirez

%% define constants
[CT_LABEL, CT_PROB, CT_TABLE, CT_TBUS, CT_TGEN, CT_TBRCH, CT_TAREABUS, ...
    CT_TAREAGEN, CT_TAREABRCH, CT_ROW, CT_COL, CT_CHGTYPE, CT_REP, ...
    CT_REL, CT_ADD, CT_NEWVAL, CT_TLOAD, CT_TAREALOAD, CT_LOAD_ALL_PQ, ...
    CT_LOAD_FIX_PQ, CT_LOAD_DIS_PQ, CT_LOAD_ALL_P, CT_LOAD_FIX_P, ...
    CT_LOAD_DIS_P, CT_TGENCOST, CT_TAREAGENCOST, CT_MODCOST_F, ...
    CT_MODCOST_X] = idx_ct;

loadprofile = struct( ...
    'type', 'mpcData', ...
    'table', CT_TAREALOAD, ...
    'rows', [1:11], ...
    'col', CT_LOAD_ALL_P, ...
    'chgtype', 1, ...
    'values', [] );
loadprofile.values(:,1,:) = [
	1533.7572 977.4875 1496.1097 528.5301 737.4744 1012.8026 818.4898 233.4952 495.8116 4318.6361 1760.698;
	1480.9302 967.7986 1510.6425 528.7642 759.8977 1047.6157 830.9876 229.237 480.9159 4295.5518 1751.0861;
	1485.655 985.9947 1543.9953 525.9 774.4704 1051.6305 826.8558 237.7 477.0 4272.9761 1714.2013;
	1572.0652 1004.3483 1617.584 542.4633 799.7 1085.4975 843.9208 246.9043 502.3442 4471.8399 1782.5094;
	1702.7 1121.7372 1821.1727 557.2 921.5 1212.3145 958.5192 302.2936 577.636 4994.0256 2008.861;
	1805.036 1184.6333 1939.0235 580.6 976.1 1346.5585 1036.8008 339.334 671.7161 5587.6728 2208.3087;
	1800.1 1216.1476 1949.0974 583.2 967.33 1351.346 1023.7 334.4 702.797 5946.5716 2265.3547;
	1819.9 1223.4868 1952.1145 558.2663 976.6048 1299.9106 1041.3602 344.409 696.1 6159.7861 2328.4067;
	1876.0446 1238.5137 1953.542 530.5735 964.6 1243.6422 1028.0971 338.0937 708.8507 6227.0118 2402.1864;
	1863.8844 1206.6044 1959.7568 506.6173 906.0295 1195.4283 1006.9361 315.416 717.8025 6298.7765 2364.1641;
	1857.9948 1199.5981 1941.781 495.845 922.5832 1164.7442 990.4 314.2973 717.0 6285.1703 2332.5067;
	1843.7372 1187.5173 1972.8465 491.6793 907.6 1158.6 1007.5775 311.8193 720.4635 6263.9558 2338.6066;
	1789.9847 1203.2152 1933.8955 501.2939 903.7793 1192.2892 988.1315 290.1523 704.4546 6080.1678 2281.3618;
	1800.2723 1182.884 1919.8538 511.7016 906.3424 1219.4857 1046.5515 311.9961 738.9041 6234.7131 2408.3695;
	1789.9953 1197.9771 1966.449 511.8937 935.3734 1273.6338 1050.4 326.9303 730.5022 6295.5865 2391.9631;
	1780.0638 1239.271 1994.3273 517.0418 969.2168 1294.7925 1078.0285 349.6 698.7606 6437.5511 2440.7265;
	1784.0407 1283.2865 1937.9 527.5945 983.0 1323.9277 1106.313 386.5079 728.9218 6424.5923 2557.0887;
	1791.0684 1239.55 2041.3793 547.3723 1003.7147 1382.1904 1121.5799 365.7627 759.4706 6115.1781 2645.8817;
	1815.1832 1215.9361 2013.8673 559.528 1013.0 1352.7435 1128.8394 351.1845 767.3836 6110.3569 2622.1103;
	1782.0663 1203.634 1887.6818 548.7572 916.7275 1250.3104 1070.1031 325.9782 696.0327 5988.4604 2505.1025;
	1747.3083 1128.7051 1783.6323 539.197 871.6206 1172.752 1013.9835 303.543 646.0994 5539.0749 2300.5185;
	1645.5103 1097.4213 1703.9903 540.1658 815.2222 1096.3497 955.8 272.2 621.3944 5244.9893 2123.8565;
	1612.9172 1114.4995 1627.0826 550.8273 766.4445 1107.5564 938.5 258.4909 560.3496 4874.4076 1961.4912;
	1577.9304 1065.9695 1597.5986 550.5876 732.5884 1103.7602 899.5471 248.3115 532.3724 4648.0 1895.3719;
];
