function loadprofile = ex_load_profilesh1
%EX_LOAD_PROFILE  Example load profile data file for stochastic unit commitment.
% 2022.03.12
% Andres F. Ramirez

%% define constants
[CT_LABEL, CT_PROB, CT_TABLE, CT_TBUS, CT_TGEN, CT_TBRCH, CT_TAREABUS, ...
    CT_TAREAGEN, CT_TAREABRCH, CT_ROW, CT_COL, CT_CHGTYPE, CT_REP, ...
    CT_REL, CT_ADD, CT_NEWVAL, CT_TLOAD, CT_TAREALOAD, CT_LOAD_ALL_PQ, ...
    CT_LOAD_FIX_PQ, CT_LOAD_DIS_PQ, CT_LOAD_ALL_P, CT_LOAD_FIX_P, ...
    CT_LOAD_DIS_P, CT_TGENCOST, CT_TAREAGENCOST, CT_MODCOST_F, ...
    CT_MODCOST_X] = idx_ct;

loadprofile = struct( ...
    'type', 'mpcData', ...
    'table', CT_TAREALOAD, ...
    'rows', [1:11], ...
    'col', CT_LOAD_ALL_P, ...
    'chgtype', 1, ...
    'values', [] );
loadprofile.values(:,1,:) = [
	1522.1028 930.8694 1508.4659 526.4 659.8707 1035.3205 796.5775 216.1962 451.1 4290.3638 1629.1289;
	1526.7818 971.8602 1534.5956 524.8493 679.3572 1025.3139 801.2023 217.9074 461.0655 4296.6709 1621.2558;
	1515.785 982.019 1547.4855 533.3 667.1221 1034.852 795.0153 218.1 468.5069 4303.7615 1636.6263;
	1613.3 1044.2954 1674.3017 546.3 758.84 1135.8 859.4 243.0268 500.0701 4556.6724 1753.458;
	1708.8327 1110.268 1862.0018 574.4433 881.0 1276.389 949.9197 265.2634 563.2968 4982.1418 1934.1413;
	1815.6621 1211.1493 1999.2365 579.8 959.4719 1383.3107 1033.1888 313.7558 648.0651 5567.4816 2176.5901;
	1851.9056 1247.4354 2015.9851 560.6 940.3429 1378.9046 1064.2 310.917 667.5105 5948.3967 2259.7084;
	1916.6126 1269.9995 2023.3507 547.1 946.1 1321.7527 1057.7806 320.5 665.717 6197.7385 2243.4192;
	1893.3756 1265.5459 1984.1378 537.9576 939.1021 1275.102 1047.6777 334.4856 642.7994 6145.0978 2171.782;
	1884.0303 1284.7115 1962.9504 540.6492 928.3429 1257.6655 1078.0592 360.2548 663.0983 6406.3672 2288.6344;
	1864.5223 1300.003 1960.5 564.3589 871.8957 1290.1 1111.536 354.1944 667.0004 6352.3655 2338.0479;
	1823.2405 1273.3354 1902.081 541.8148 882.6 1271.9843 1060.7116 332.8665 634.4429 6217.1 2263.9;
	1814.3638 1201.3594 1782.4089 540.2798 834.8669 1194.2786 1034.629 322.6707 649.2952 6044.3506 2207.168;
	1788.2147 1179.1834 1809.4694 554.3745 824.6356 1181.5686 1034.0484 333.9763 648.6039 6003.9736 2262.4213;
	1750.6 1144.4803 1783.7994 537.2575 833.9412 1224.6587 1025.2685 343.9884 645.3386 5970.5821 2243.2471;
	1753.7164 1167.3484 1773.1084 552.3 831.5929 1223.857 1002.3197 314.5667 624.2846 5895.1937 2243.7087;
	1723.0434 1128.5911 1809.074 550.2203 857.0341 1269.7386 984.0019 317.4007 624.6008 5699.9027 2268.0;
	1770.9064 1179.9668 1865.127 575.9224 882.7142 1316.6251 1028.9641 325.1565 643.5149 5787.3946 2390.0225;
	1797.481 1200.7846 1889.4096 565.5115 888.1653 1315.9263 1033.7239 324.9969 579.8008 5535.6207 2317.9712;
	1757.779 1142.0255 1829.1751 560.5449 840.1986 1263.9 994.299 311.1319 550.8548 5363.3087 2263.6881;
	1677.9072 1070.5328 1719.5871 553.8153 786.2317 1183.6811 929.6 285.3954 544.2602 5177.1768 2127.6938;
	1629.4 996.8613 1649.2681 537.915 732.2437 1124.8831 875.8 277.1 509.1584 4837.1967 1961.0019;
	1533.0167 936.7068 1555.6613 538.4269 714.5309 1113.1 867.1707 236.6443 484.4463 4713.0 1813.3935;
	1517.0226 906.8 1519.7943 545.8895 677.8918 1087.0061 851.8699 226.6968 481.9622 4586.1508 1751.2953;
];
