function solarprofile = ex_solar_profilesh1
%EX_WIND_PROFILE_D  Example wind_load_nyiso profile data for deterministic unit commitment.
% 2022.03.12
% Andres F. Ramirez


%% define constants
[GEN_BUS, PG, QG, QMAX, QMIN, VG, MBASE, GEN_STATUS, PMAX, PMIN, ...
    MU_PMAX, MU_PMIN, MU_QMAX, MU_QMIN, PC1, PC2, QC1MIN, QC1MAX, ...
    QC2MIN, QC2MAX, RAMP_AGC, RAMP_10, RAMP_30, RAMP_Q, APF] = idx_gen;
[CT_LABEL, CT_PROB, CT_TABLE, CT_TBUS, CT_TGEN, CT_TBRCH, CT_TAREABUS, ...
    CT_TAREAGEN, CT_TAREABRCH, CT_ROW, CT_COL, CT_CHGTYPE, CT_REP, ...
    CT_REL, CT_ADD, CT_NEWVAL, CT_TLOAD, CT_TAREALOAD, CT_LOAD_ALL_PQ, ...
    CT_LOAD_FIX_PQ, CT_LOAD_DIS_PQ, CT_LOAD_ALL_P, CT_LOAD_FIX_P, ...
    CT_LOAD_DIS_P, CT_TGENCOST, CT_TAREAGENCOST, CT_MODCOST_F, ...
    CT_MODCOST_X] = idx_ct;

solarprofile = struct( ...
    'type', 'mpcData', ...
    'table', CT_TGEN, ...
    'rows', [1:12], ...
    'col', PMAX, ...
    'chgtype', 1, ...
    'values', [] );
solarprofile.values(:,1,:) = [
	0.0 0.0 0.0 0.0 0.0 0.0 0.0 0.0 0.0 0.0 0.0 0.0;
	0.0 0.0 0.0 0.0 0.0 0.0 0.0 0.0 0.0 0.0 0.0 0.0;
	0.0 0.0 0.0 0.0 0.0 0.0 0.0 0.0 0.0 0.0 0.0 0.0;
	0.0 0.0 0.0 0.0 0.0 0.0 0.0 0.0 0.0 0.0 0.0 0.0;
	0.0 0.0 0.0 0.0 0.0 0.0 0.0 0.0 0.0 0.0 0.0 0.0;
	0.4762 0.3851 0.3236 0.0 0.0 4.0174 0.5022 0.6236 2.1459 0.0 0.0 0.0;
	4.1803 3.1433 1.0284 1.9099 3.2175 85.1231 10.6404 9.7321 159.3831 43.8682 32.689 79.4456;
	8.4443 6.7905 4.1441 7.4888 7.261 74.6459 9.3307 3.5422 132.9528 120.1328 179.4539 217.5611;
	13.3954 11.0319 6.9086 9.6197 9.3826 117.5778 14.6972 3.3888 143.1265 206.3976 210.9778 373.7873;
	16.1453 11.8804 10.456 11.3459 13.202 292.6811 36.5851 6.447 194.3902 261.5237 197.4736 473.621;
	16.6692 13.3311 11.2761 11.1443 12.2395 315.5143 39.4393 7.8896 224.7807 290.9469 197.5209 526.9067;
	16.2032 13.3353 11.4344 11.134 11.9599 257.934 32.2418 5.8525 228.3082 280.2301 181.9949 507.4985;
	11.0112 10.2572 10.0597 11.4802 11.4537 200.1973 25.0247 4.1432 250.5068 109.4616 137.1068 198.2357;
	8.9667 7.4657 8.6934 11.537 11.2847 168.6951 21.0869 4.5338 237.6643 84.262 138.5579 152.5989;
	6.4451 5.5479 5.1916 10.6159 9.5302 162.7679 20.346 7.5748 232.6262 66.1325 138.8688 119.7664;
	1.6763 1.4775 1.3083 4.8349 2.598 247.8272 30.9784 23.8617 223.419 17.5323 19.5869 31.7512;
	0.2846 0.4553 0.4016 1.6904 1.3556 73.5606 9.1951 8.8558 57.555 2.4066 4.6171 4.3584;
	0.0 0.0 0.0 0.0 0.0 0.0 0.0 0.0 0.0 0.0 0.0 0.0;
	0.0 0.0 0.0 0.0 0.0 0.0 0.0 0.0 0.0 0.0 0.0 0.0;
	0.0 0.0 0.0 0.0 0.0 0.0 0.0 0.0 0.0 0.0 0.0 0.0;
	0.0 0.0 0.0 0.0 0.0 0.0 0.0 0.0 0.0 0.0 0.0 0.0;
	0.0 0.0 0.0 0.0 0.0 0.0 0.0 0.0 0.0 0.0 0.0 0.0;
	0.0 0.0 0.0 0.0 0.0 0.0 0.0 0.0 0.0 0.0 0.0 0.0;
	0.0 0.0 0.0 0.0 0.0 0.0 0.0 0.0 0.0 0.0 0.0 0.0;
];
