function solarprofile = ex_solar_profilesh1
%EX_WIND_PROFILE_D  Example wind_load_nyiso profile data for deterministic unit commitment.
% 2022.03.12
% Andres F. Ramirez


%% define constants
[GEN_BUS, PG, QG, QMAX, QMIN, VG, MBASE, GEN_STATUS, PMAX, PMIN, ...
    MU_PMAX, MU_PMIN, MU_QMAX, MU_QMIN, PC1, PC2, QC1MIN, QC1MAX, ...
    QC2MIN, QC2MAX, RAMP_AGC, RAMP_10, RAMP_30, RAMP_Q, APF] = idx_gen;
[CT_LABEL, CT_PROB, CT_TABLE, CT_TBUS, CT_TGEN, CT_TBRCH, CT_TAREABUS, ...
    CT_TAREAGEN, CT_TAREABRCH, CT_ROW, CT_COL, CT_CHGTYPE, CT_REP, ...
    CT_REL, CT_ADD, CT_NEWVAL, CT_TLOAD, CT_TAREALOAD, CT_LOAD_ALL_PQ, ...
    CT_LOAD_FIX_PQ, CT_LOAD_DIS_PQ, CT_LOAD_ALL_P, CT_LOAD_FIX_P, ...
    CT_LOAD_DIS_P, CT_TGENCOST, CT_TAREAGENCOST, CT_MODCOST_F, ...
    CT_MODCOST_X] = idx_ct;

solarprofile = struct( ...
    'type', 'mpcData', ...
    'table', CT_TGEN, ...
    'rows', [1:12], ...
    'col', PMAX, ...
    'chgtype', 1, ...
    'values', [] );
solarprofile.values(:,1,:) = [
	0.0 0.0 0.0 0.0 0.0 0.0 0.0 0.0 0.0 0.0 0.0 0.0;
	0.0 0.0 0.0 0.0 0.0 0.0 0.0 0.0 0.0 0.0 0.0 0.0;
	0.0 0.0 0.0 0.0 0.0 0.0 0.0 0.0 0.0 0.0 0.0 0.0;
	0.0 0.0 0.0 0.0 0.0 0.0 0.0 0.0 0.0 0.0 0.0 0.0;
	0.0 0.0 0.0 0.0 0.0 0.0 0.0 0.0 0.0 0.0 0.0 0.0;
	0.4174 0.3585 0.316 0.0 0.0 0.1765 0.0221 0.6059 0.0956 0.0 0.0 0.0;
	1.3813 2.3932 1.2528 6.2629 2.8 32.2594 4.0324 5.9825 62.6162 8.6744 0.0 15.7094;
	8.0746 6.5366 5.4284 5.4716 3.656 76.3618 9.5452 11.6857 73.8377 30.4457 24.9395 55.1374;
	14.7704 10.7297 9.4813 4.6591 3.8267 128.1046 16.0131 25.3855 73.3912 77.7163 77.878 140.7447;
	17.1922 12.5628 12.1883 5.7055 12.2501 227.9889 28.4986 44.267 92.0363 264.5872 73.5423 479.169;
	18.0413 15.6309 12.7849 9.3901 12.1251 270.9663 33.8708 36.4348 119.2638 292.8496 69.6831 530.3524;
	18.0101 15.3976 12.471 10.9781 12.4517 249.0848 31.1356 25.4363 108.1896 292.4584 66.9819 529.6439;
	11.6865 7.7672 8.4786 10.7434 11.1626 250.5165 31.3146 26.3152 157.3086 225.9435 43.4465 409.1851;
	8.9849 6.0148 6.1725 9.8577 10.2044 247.3719 30.9215 28.3679 181.162 212.3225 66.8603 384.5173;
	6.732 3.8998 4.6101 7.5889 9.0801 291.4524 36.4315 42.6489 210.0574 201.4804 39.5391 364.8822;
	2.358 2.0656 1.8059 5.2601 3.7372 441.0402 55.13 62.3539 292.4519 26.4269 3.3055 47.8592;
	1.1247 0.9565 0.7298 2.108 1.7764 82.4061 10.3008 8.9084 62.11 5.0316 3.0224 9.1123;
	0.0 0.0 0.0 0.0 0.0 0.0 0.0 0.0 0.0 0.0 0.0 0.0;
	0.0 0.0 0.0 0.0 0.0 0.0 0.0 0.0 0.0 0.0 0.0 0.0;
	0.0 0.0 0.0 0.0 0.0 0.0 0.0 0.0 0.0 0.0 0.0 0.0;
	0.0 0.0 0.0 0.0 0.0 0.0 0.0 0.0 0.0 0.0 0.0 0.0;
	0.0 0.0 0.0 0.0 0.0 0.0 0.0 0.0 0.0 0.0 0.0 0.0;
	0.0 0.0 0.0 0.0 0.0 0.0 0.0 0.0 0.0 0.0 0.0 0.0;
	0.0 0.0 0.0 0.0 0.0 0.0 0.0 0.0 0.0 0.0 0.0 0.0;
];
