function windprofile = ex_wind_profilesh1
%EX_WIND_PROFILE_D  Example wind_load_nyiso profile data for deterministic unit commitment.
% 2022.03.12
% Andres F. Ramirez


%% define constants
[GEN_BUS, PG, QG, QMAX, QMIN, VG, MBASE, GEN_STATUS, PMAX, PMIN, ...
    MU_PMAX, MU_PMIN, MU_QMAX, MU_QMIN, PC1, PC2, QC1MIN, QC1MAX, ...
    QC2MIN, QC2MAX, RAMP_AGC, RAMP_10, RAMP_30, RAMP_Q, APF] = idx_gen;
[CT_LABEL, CT_PROB, CT_TABLE, CT_TBUS, CT_TGEN, CT_TBRCH, CT_TAREABUS, ...
    CT_TAREAGEN, CT_TAREABRCH, CT_ROW, CT_COL, CT_CHGTYPE, CT_REP, ...
    CT_REL, CT_ADD, CT_NEWVAL, CT_TLOAD, CT_TAREALOAD, CT_LOAD_ALL_PQ, ...
    CT_LOAD_FIX_PQ, CT_LOAD_DIS_PQ, CT_LOAD_ALL_P, CT_LOAD_FIX_P, ...
    CT_LOAD_DIS_P, CT_TGENCOST, CT_TAREAGENCOST, CT_MODCOST_F, ...
    CT_MODCOST_X] = idx_ct;

windprofile = struct( ...
    'type', 'mpcData', ...
    'table', CT_TGEN, ...
    'rows', [1:45], ...
    'col', PMAX, ...
    'chgtype', 1, ...
    'values', [] );
windprofile.values(:,1,:) = [
	3.7489 50.6561 87.8528 116.4899 14.3465 32.6773 30.9926 18.5542 10.6433 16.7628 30.9857 46.2246 69.5909 50.4816 204.2996 76.9687 95.4982 101.1995 89.1605 73.1786 10.3309 76.247 25.0735 85.0063 101.7768 73.4571 13.7853 1348.8865 787.8037 787.8037 722.7162 110.348 297.2015 188.362 158.2667 336.1296 1175.9182 257.1104 451.47 272.6163 117.3358 362.5001 207.1194 270.645 1188.1674;
	3.7387 50.5181 86.8779 111.1972 14.4222 32.5161 31.8316 17.8405 13.5021 15.0289 27.7807 41.4434 62.3928 63.047 203.0013 76.4796 94.8913 100.5565 89.2803 73.5025 10.6105 75.8708 30.0977 81.7257 97.7382 70.7273 13.1042 1358.5006 795.4974 795.4974 743.9358 112.711 297.601 189.1955 197.661 339.4122 1253.4882 255.5759 468.8568 261.7988 116.8335 360.7114 212.8688 262.4577 1266.5453;
	3.0863 41.7027 86.2107 111.5688 14.4425 32.2711 33.2982 18.0316 24.7737 13.9358 25.7602 38.4291 57.8548 61.1246 193.7106 72.9794 90.5485 95.9543 88.3731 73.1153 11.0994 75.2992 28.5182 83.2874 99.929 73.0333 13.1779 1322.592 788.5853 788.5853 692.968 112.0501 294.5772 188.1988 191.6338 336.4631 1253.4541 273.247 466.4507 267.6669 116.0572 357.9937 210.4249 244.8591 1266.5109;
	3.3035 44.6373 85.0995 111.8555 14.3504 31.591 31.6744 18.1375 28.219 28.5874 52.8435 78.8321 118.6812 67.2537 205.8321 77.546 96.2145 101.9587 91.5559 71.2897 10.5581 73.7124 27.0561 81.8324 98.6913 73.9785 13.114 1264.204 779.8571 779.8571 690.1716 110.9028 305.1864 183.4998 210.8494 332.739 1147.2607 289.3944 458.3791 264.3516 115.8058 350.4496 166.8741 233.941 1159.2114;
	2.4075 32.5312 84.6834 111.2621 14.1902 28.1355 29.968 18.1957 27.3387 29.6703 54.8451 81.8181 123.1768 65.6308 203.1282 76.5274 94.9506 100.6193 91.3108 72.7742 9.9893 65.6494 74.6622 83.0156 99.2237 71.7279 13.3368 1277.9029 758.6755 758.6755 716.8943 111.8838 304.3692 187.3211 205.7613 323.7016 1114.3721 298.3291 435.1068 265.7778 115.3147 312.1162 167.8542 221.4906 1125.9801;
	3.5719 48.264 87.9684 112.1698 14.0917 32.0051 16.9683 18.4226 25.6661 29.3942 54.3347 81.0566 122.0303 53.412 202.2215 76.1858 94.5268 100.1702 64.5655 71.5921 5.6561 74.6786 73.5757 84.1703 98.2674 72.7291 13.8445 1189.5538 739.9352 739.9352 703.7036 113.2614 215.2184 184.2783 167.4539 315.7057 1064.5351 274.2057 429.2632 263.2163 113.9936 355.0435 155.66 249.8753 1075.6241;
	3.614 48.8325 92.5661 116.834 14.6303 32.2068 10.3358 18.6739 25.3056 29.3982 54.342 81.0676 122.0469 65.3119 199.3742 75.1131 93.1958 98.7598 90.8985 71.6548 3.4453 75.1493 75.1571 86.7114 101.8122 74.0464 14.0864 1208.3841 735.0901 735.0901 671.5274 109.7075 302.9952 184.4397 204.7617 313.6385 1073.8055 269.2232 327.1615 272.7112 119.4311 357.2811 169.259 261.1017 1084.991;
	3.6733 49.6337 91.4292 113.4201 14.4707 32.0012 0.0 17.8368 2.5753 29.3297 54.2154 80.8788 121.7625 40.4982 203.1282 76.5274 94.9506 100.6193 90.3448 70.0595 0.0 74.6695 75.2558 84.0285 97.3958 71.3957 13.9217 1187.1909 744.4791 744.4791 657.9311 112.387 301.1494 180.3334 126.9675 317.6444 1097.9385 285.062 1.4868 260.8815 119.9072 355.0001 193.4671 261.7175 1109.3754;
	3.8565 52.1098 94.5137 118.393 14.8473 30.7554 1.2574 18.2037 13.1369 30.0376 55.524 82.8309 124.7015 28.3576 204.6943 77.1174 95.6827 101.3951 91.4425 72.6652 0.4191 71.7627 75.0213 84.7549 100.5157 72.0407 13.9148 1139.5015 694.3047 694.3047 703.2778 110.7141 304.8082 187.0405 88.9049 296.2367 1017.504 280.8476 0.0 269.2384 121.0984 341.1802 190.769 279.025 1028.103;
	3.8735 52.34 93.8602 118.7176 14.8321 29.9699 0.47 18.5052 4.963 26.5002 48.9852 73.0763 110.0159 20.7528 200.611 75.579 93.774 99.3724 91.3758 72.198 0.1567 69.9299 53.9303 86.5224 103.7709 73.771 13.8604 1028.2626 620.5959 620.5959 533.9091 111.4673 304.5861 185.8378 65.0627 264.7876 840.8522 238.3678 0.0 277.9577 120.2793 332.4665 165.6061 277.7056 849.611;
	3.5822 48.4028 91.5535 113.7902 14.4221 22.9144 0.2766 17.6929 0.4726 28.1383 52.0132 77.5935 116.8166 2.0486 201.2077 75.8038 94.0529 99.668 82.9722 71.3299 0.0922 53.467 70.9539 85.7882 101.718 68.882 13.6705 834.1381 671.4381 671.4381 500.1436 109.7426 276.5741 183.6033 6.4225 286.4802 765.5722 206.8446 0.0 272.4588 118.8217 254.1973 146.0194 253.868 773.5469;
	3.3917 45.8297 91.5097 112.4866 14.6554 15.1914 0.1991 17.3144 1.1416 27.3111 50.4842 75.3125 113.3826 0.0063 205.5637 77.4449 96.0891 101.8257 44.9597 72.8263 0.0664 35.4466 71.9582 85.7629 100.6541 70.8645 13.3658 603.0998 732.4711 732.4711 507.8374 108.7571 149.8658 187.455 0.0199 312.521 788.3113 212.5875 0.0 269.6093 120.6982 168.5233 133.956 258.0231 796.5228;
	3.6604 49.4595 90.9717 110.997 14.4228 18.8785 0.0 17.4234 24.7015 24.4548 45.2043 67.4359 101.5243 46.5036 201.9366 76.0784 94.3936 100.0291 59.0888 72.2799 0.0 44.0498 73.7088 83.2233 102.8667 69.3389 13.5466 619.9343 686.9984 686.9984 480.264 101.9398 196.9626 186.0487 145.7951 293.1193 606.6378 214.8694 0.0 275.5357 119.5171 209.4253 138.1987 258.0459 612.957;
	3.5834 48.4199 86.7212 110.2484 14.5144 18.944 0.0 17.4586 16.3377 21.8089 40.3135 60.1398 90.5401 35.8693 205.1474 77.2881 95.8945 101.6195 59.024 73.6285 0.0 44.2027 73.6248 82.1426 98.0727 69.4545 13.3947 531.0127 686.658 686.658 444.253 91.4455 196.7466 189.52 112.4551 292.9741 679.2189 232.977 0.0 262.6948 117.2505 210.1522 152.5439 246.1305 686.2941;
	3.6782 49.7011 86.8367 113.2794 14.4987 19.4709 1.0447 18.1419 2.6003 25.2027 46.5868 69.4983 104.6294 28.881 203.2171 76.5609 94.9922 100.6634 72.5216 70.7334 0.3482 45.4322 74.1099 84.3248 99.4241 72.1084 13.7928 406.0904 647.3081 647.3081 404.2791 82.7327 241.7388 182.068 90.5459 276.1848 600.7447 227.8378 0.0 266.3145 117.3948 215.9975 165.9531 227.8013 607.0025;
	3.4734 46.9327 85.6661 112.6641 14.1984 10.1892 1.6439 17.4952 3.0126 26.6077 49.184 73.3728 110.4624 25.3037 192.8885 72.6696 90.1642 95.5471 64.7757 71.5978 0.548 23.7748 73.9254 85.3886 99.229 70.8312 13.4814 453.0394 533.1298 533.1298 371.5388 90.027 215.919 184.2928 79.3306 227.4687 482.7655 210.7833 0.0 265.7918 118.6593 113.0323 155.1528 206.6812 487.7943;
	3.0285 40.9222 85.9834 111.9037 14.0244 16.9308 0.0 18.3234 1.191 27.4632 50.7654 75.732 114.0141 35.9001 193.645 72.9546 90.5178 95.9218 68.4464 73.2451 0.0 39.5053 73.9661 85.6429 102.5 72.0546 13.7179 1021.0786 475.1094 475.1094 282.7329 83.2188 228.1545 188.5332 112.5517 202.7133 833.4356 213.433 84.6872 274.5535 115.2672 187.8193 128.3399 178.2979 842.1173;
	3.174 42.8876 90.6771 116.7207 14.5183 21.0505 0.0 18.8978 0.7131 28.5203 52.7193 78.6468 118.4023 60.1662 190.6305 71.8189 89.1087 94.4286 80.1816 73.1532 0.0 49.1179 72.3901 88.3962 104.7102 75.38 14.0528 1191.7113 568.0708 568.0708 206.6219 64.8339 267.2719 188.2964 188.6292 242.3769 1001.6361 197.0367 93.3315 280.4738 117.698 233.5206 171.811 259.0134 1012.0698;
