function loadprofile = ex_load_profilesh1
%EX_LOAD_PROFILE  Example load profile data file for stochastic unit commitment.
% 2022.03.12
% Andres F. Ramirez

%% define constants
[CT_LABEL, CT_PROB, CT_TABLE, CT_TBUS, CT_TGEN, CT_TBRCH, CT_TAREABUS, ...
    CT_TAREAGEN, CT_TAREABRCH, CT_ROW, CT_COL, CT_CHGTYPE, CT_REP, ...
    CT_REL, CT_ADD, CT_NEWVAL, CT_TLOAD, CT_TAREALOAD, CT_LOAD_ALL_PQ, ...
    CT_LOAD_FIX_PQ, CT_LOAD_DIS_PQ, CT_LOAD_ALL_P, CT_LOAD_FIX_P, ...
    CT_LOAD_DIS_P, CT_TGENCOST, CT_TAREAGENCOST, CT_MODCOST_F, ...
    CT_MODCOST_X] = idx_ct;

loadprofile = struct( ...
    'type', 'mpcData', ...
    'table', CT_TAREALOAD, ...
    'rows', [1:11], ...
    'col', CT_LOAD_ALL_P, ...
    'chgtype', 1, ...
    'values', [] );
loadprofile.values(:,1,:) = [
	1494.1454 862.7859 1455.6247 502.8 708.2809 1046.2 844.2313 232.6579 462.3862 4330.7127 1605.4275;
	1494.5743 876.6165 1485.3734 506.5919 689.3999 1062.5584 838.095 228.7467 470.8764 4293.3401 1600.5324;
	1518.7257 888.1 1510.1935 505.6 713.9794 1071.0316 836.1856 238.2744 470.0508 4367.2834 1638.222;
	1579.3738 968.7 1623.5857 516.0921 783.2685 1163.2812 888.3427 253.527 509.0 4519.7157 1733.1837;
	1748.8707 1081.0552 1824.109 557.3114 905.7 1320.3046 995.8954 326.4631 593.8982 5024.472 1972.4438;
	1870.3307 1151.1226 1925.1844 565.7084 960.9407 1414.3 1061.5196 338.7438 654.8 5552.5399 2092.8485;
	1892.3339 1168.4139 1944.2556 564.0861 984.1427 1385.0 1088.5 372.0002 676.147 5887.7101 2178.3;
	1922.7023 1177.0 1978.2805 547.9 976.2 1347.0459 1086.6781 369.1344 677.3314 6055.673 2098.0881;
	1897.3979 1170.1 1967.3493 533.8754 964.9979 1307.8201 1081.7437 364.0085 679.5186 6040.8303 2064.3013;
	1915.7579 1165.3729 1943.8475 529.2552 993.587 1310.2434 1103.5113 376.9288 656.3178 6091.1699 2041.8205;
	1897.3878 1171.3713 1902.6312 535.5109 947.6526 1338.9807 1155.8508 377.3172 673.3358 6206.1042 2089.9994;
	1881.7526 1136.3511 1840.8199 512.0058 954.3974 1314.2691 1135.7914 392.7827 674.3551 6200.7626 2100.4078;
	1816.8338 1101.5037 1805.0738 530.521 902.3182 1268.3272 1073.1808 345.1148 645.5811 5984.3519 2014.5631;
	1788.4783 1057.1527 1766.9054 532.9778 852.1692 1233.7045 1026.3834 317.9 620.7966 5888.6767 2035.3667;
	1766.2272 1108.3 1853.5906 549.5104 878.5 1320.5192 1048.3475 358.619 630.4525 6020.58 2199.1566;
	1771.187 1089.9363 1811.2278 555.2 873.2245 1339.2323 1065.0961 333.3249 601.1236 5931.1502 2214.1852;
	1748.7293 1077.1089 1844.6995 536.6608 886.7731 1344.069 1034.1 346.5661 618.4927 5697.1248 2275.9996;
	1784.0 1129.8458 1922.42 559.643 902.8582 1383.0333 1124.1757 351.2669 677.8114 5820.0328 2404.4531;
	1813.9417 1144.8173 1905.0 559.4824 907.2411 1394.7415 1122.884 333.3563 678.8423 5749.7083 2403.2;
	1809.7259 1113.8485 1835.9688 560.2883 880.2 1321.9694 1042.9691 315.998 627.6307 5480.4072 2246.4996;
	1741.7226 1014.6827 1706.3834 525.3857 826.2305 1247.608 991.1052 285.5262 594.355 5247.2384 2122.5303;
	1628.7355 942.3655 1602.1697 516.3307 791.9 1129.4 915.0454 264.3518 548.7196 4938.9 1945.4;
	1588.2371 900.3566 1546.2 508.8057 686.2644 1102.0134 885.6824 265.3646 525.4 4650.5818 1810.1833;
	1558.9577 876.5677 1542.0459 507.2163 723.1 1068.5788 865.2 251.4203 515.2 4498.7413 1762.4981;
];
