function loadprofile = ex_load_profilesh1
%EX_LOAD_PROFILE  Example load profile data file for stochastic unit commitment.
% 2022.03.12
% Andres F. Ramirez

%% define constants
[CT_LABEL, CT_PROB, CT_TABLE, CT_TBUS, CT_TGEN, CT_TBRCH, CT_TAREABUS, ...
    CT_TAREAGEN, CT_TAREABRCH, CT_ROW, CT_COL, CT_CHGTYPE, CT_REP, ...
    CT_REL, CT_ADD, CT_NEWVAL, CT_TLOAD, CT_TAREALOAD, CT_LOAD_ALL_PQ, ...
    CT_LOAD_FIX_PQ, CT_LOAD_DIS_PQ, CT_LOAD_ALL_P, CT_LOAD_FIX_P, ...
    CT_LOAD_DIS_P, CT_TGENCOST, CT_TAREAGENCOST, CT_MODCOST_F, ...
    CT_MODCOST_X] = idx_ct;

loadprofile = struct( ...
    'type', 'mpcData', ...
    'table', CT_TAREALOAD, ...
    'rows', [1:11], ...
    'col', CT_LOAD_ALL_P, ...
    'chgtype', 1, ...
    'values', [] );
loadprofile.values(:,1,:) = [
	1433.1 894.4497 1486.802 526.3 747.7 1226.2903 817.236 220.0 487.6016 4313.4959 1656.0449;
	1432.8947 908.8739 1489.9748 528.6849 748.8555 1206.6804 818.8372 224.5 482.6 4272.5554 1637.0;
	1441.1243 921.0421 1523.1896 524.1631 773.8208 1222.2404 832.2261 235.2 494.1802 4354.384 1678.8166;
	1543.0965 1005.4606 1617.2212 545.1 818.7 1286.3535 877.9863 248.9023 528.0925 4496.9217 1759.6655;
	1695.6056 1119.6496 1799.7262 574.5713 951.0584 1409.3729 979.8 286.4 599.3 5063.0426 1990.6994;
	1762.5794 1186.7717 1887.0345 577.7113 977.3993 1468.055 1031.1303 295.4 655.4827 5481.8969 2095.6645;
	1784.4127 1185.6 1899.8285 579.7 988.8945 1501.8444 1063.9 293.6973 693.2161 5821.8696 2152.0909;
	1819.4152 1213.2961 1913.9099 585.2315 1000.3731 1541.8179 1082.7 330.853 711.6435 6063.0052 2207.0293;
	1783.5984 1195.045 1885.2183 567.9057 1002.2611 1491.0103 1031.351 341.3 710.8269 6037.5259 2131.2834;
	1784.3887 1182.8586 1840.8165 563.9827 959.9113 1477.4577 1049.6103 343.3766 716.8 6155.7693 2147.3206;
	1802.0 1178.9117 1792.9384 539.8 948.0988 1436.2634 1001.4 337.7 687.1245 6200.185 2118.5377;
	1821.6274 1192.2368 1790.4146 539.535 913.3396 1396.2697 982.1583 321.1513 688.1 6083.4724 2184.0912;
	1811.829 1211.5109 1757.6619 537.7781 909.7538 1378.5533 1007.4246 325.9261 695.2294 6074.0718 2195.1802;
	1750.7082 1176.0782 1781.8437 530.4175 894.4473 1363.4104 1023.9341 302.9077 692.9874 6002.9056 2171.7513;
	1783.5771 1183.3269 1765.9276 534.619 878.498 1369.3809 1013.3009 321.4818 687.2515 5947.9 2195.1398;
	1752.1879 1170.7604 1811.0481 542.8 922.7558 1408.9627 1077.1194 324.6809 723.0639 5906.8924 2297.9906;
	1762.3574 1142.0222 1841.613 544.9443 970.4 1373.5238 1065.6476 330.1836 688.0093 5745.4707 2294.0262;
	1756.8336 1161.1075 1875.9496 554.7908 965.8683 1397.2028 1059.2133 338.3861 698.9929 5662.8776 2372.8081;
	1767.2295 1177.8323 1854.3361 564.5491 985.0675 1432.7847 1086.6 349.8393 681.1619 5684.1128 2359.648;
	1755.7519 1134.663 1784.481 553.0645 955.8567 1343.438 1057.0052 348.8685 659.9769 5526.3739 2263.7113;
	1636.9072 1056.6 1693.2431 547.161 907.5334 1285.2 997.317 318.2764 613.4967 5268.6841 2155.4051;
	1499.4202 986.0882 1587.2899 527.4 850.9756 1188.4091 907.1275 295.96 563.4981 5038.9491 1944.4654;
	1551.9037 975.1212 1604.2892 550.0768 822.9937 1264.58 911.6626 352.9266 547.2 5030.6795 2002.2114;
	1494.9982 974.8957 1634.1377 559.354 812.0806 1225.6325 879.8721 264.3647 517.0855 4718.681 1914.3943;
];
