function loadprofile = ex_load_profilesh1
%EX_LOAD_PROFILE  Example load profile data file for stochastic unit commitment.
% 2022.03.12
% Andres F. Ramirez

%% define constants
[CT_LABEL, CT_PROB, CT_TABLE, CT_TBUS, CT_TGEN, CT_TBRCH, CT_TAREABUS, ...
    CT_TAREAGEN, CT_TAREABRCH, CT_ROW, CT_COL, CT_CHGTYPE, CT_REP, ...
    CT_REL, CT_ADD, CT_NEWVAL, CT_TLOAD, CT_TAREALOAD, CT_LOAD_ALL_PQ, ...
    CT_LOAD_FIX_PQ, CT_LOAD_DIS_PQ, CT_LOAD_ALL_P, CT_LOAD_FIX_P, ...
    CT_LOAD_DIS_P, CT_TGENCOST, CT_TAREAGENCOST, CT_MODCOST_F, ...
    CT_MODCOST_X] = idx_ct;

loadprofile = struct( ...
    'type', 'mpcData', ...
    'table', CT_TAREALOAD, ...
    'rows', [1:11], ...
    'col', CT_LOAD_ALL_P, ...
    'chgtype', 1, ...
    'values', [] );
loadprofile.values(:,1,:) = [
	1431.6868 901.5147 1543.3413 490.0131 738.1216 1127.8143 824.8755 221.8907 428.1634 4160.2886 1618.9879;
	1414.8202 895.0 1541.0997 496.7357 726.0624 1098.6248 822.5 223.8 441.6714 4051.4049 1609.4;
	1430.1532 908.8 1561.2253 500.2229 760.1446 1129.46 827.9436 226.6 466.4244 4157.903 1626.8512;
	1513.3238 975.6 1680.7909 522.0381 824.7631 1205.1 869.4 248.646 493.3335 4324.6654 1733.151;
	1669.598 1092.9005 1897.8275 523.4 944.4 1352.9 967.7 283.1152 560.5026 4822.0578 1971.6071;
	1795.9675 1172.571 2011.3135 547.2668 1001.3595 1434.5481 1049.5575 326.0 647.0255 5463.8185 2167.9258;
	1811.8 1185.6 1990.0255 531.7261 970.9158 1449.1499 1058.3 321.1866 672.9648 5724.2541 2211.007;
	1845.6691 1209.9233 2034.0758 505.8272 1000.2774 1479.3648 1085.0793 329.1547 680.2 5952.934 2271.5771;
	1855.824 1235.2692 2090.3772 522.3918 1030.7645 1479.9539 1078.3 342.6148 709.1556 5931.4109 2327.2217;
	1879.9628 1269.6987 2085.4293 530.4243 1026.7293 1434.8846 1084.0118 346.5188 715.9169 6014.7203 2320.3867;
	1849.7596 1291.5257 2100.5103 518.3985 1031.7038 1454.9363 1086.6582 356.2295 720.6253 6010.871 2345.5495;
	1859.4024 1282.4224 2034.0007 503.0 1003.6304 1413.5878 1084.3905 375.8544 707.1543 6042.2167 2308.7864;
	1766.6255 1198.6765 1940.1554 504.0477 970.5619 1347.7136 1003.5175 358.8194 686.3 5906.6908 2165.3838;
	1736.0 1199.5115 1924.9717 483.2453 938.9194 1295.1 1000.9419 353.7515 686.1 5898.7666 2147.5844;
	1737.2615 1164.8776 1887.0929 469.5862 938.9038 1333.9042 1015.9169 346.7265 681.7 6055.8027 2237.0457;
	1720.5605 1162.7381 1856.0452 501.7948 897.1774 1306.1099 992.2454 341.8291 656.7639 5876.5047 2214.9901;
	1706.9671 1183.6253 1908.5894 479.1987 900.2536 1346.29 1011.4867 335.9925 645.2441 5823.4819 2237.2694;
	1783.9585 1215.3144 1940.4639 499.9198 945.0198 1394.5799 1072.6923 331.7642 674.9336 5788.1252 2346.077;
	1759.8707 1204.96 1917.0476 490.5877 938.8 1405.9126 1067.4461 325.9907 656.515 5711.7071 2325.0181;
	1706.0854 1127.7821 1826.7737 473.8529 914.3728 1344.3578 1056.7618 310.9 651.4677 5563.009 2217.6;
	1640.2727 1048.3085 1709.3 444.1056 861.9156 1245.32 981.2146 313.5561 606.8 5234.3 2078.891;
	1540.2702 979.9255 1594.5854 459.7553 789.7761 1197.165 922.3056 278.1 572.0184 4861.0829 1929.867;
	1520.3 935.0951 1554.3546 526.9353 753.6361 1161.6334 896.5393 254.0 523.7752 4602.4303 1801.6968;
	1498.5801 926.3537 1542.4289 525.3383 732.9038 1140.1836 860.6228 250.7321 509.8 4490.4107 1738.473;
];
