function loadprofile = ex_load_profilesh1
%EX_LOAD_PROFILE  Example load profile data file for stochastic unit commitment.
% 2022.03.12
% Andres F. Ramirez

%% define constants
[CT_LABEL, CT_PROB, CT_TABLE, CT_TBUS, CT_TGEN, CT_TBRCH, CT_TAREABUS, ...
    CT_TAREAGEN, CT_TAREABRCH, CT_ROW, CT_COL, CT_CHGTYPE, CT_REP, ...
    CT_REL, CT_ADD, CT_NEWVAL, CT_TLOAD, CT_TAREALOAD, CT_LOAD_ALL_PQ, ...
    CT_LOAD_FIX_PQ, CT_LOAD_DIS_PQ, CT_LOAD_ALL_P, CT_LOAD_FIX_P, ...
    CT_LOAD_DIS_P, CT_TGENCOST, CT_TAREAGENCOST, CT_MODCOST_F, ...
    CT_MODCOST_X] = idx_ct;

loadprofile = struct( ...
    'type', 'mpcData', ...
    'table', CT_TAREALOAD, ...
    'rows', [1:11], ...
    'col', CT_LOAD_ALL_P, ...
    'chgtype', 1, ...
    'values', [] );
loadprofile.values(:,1,:) = [
	1471.4635 932.6164 1614.1821 522.9764 722.3843 1140.1179 820.6354 231.3 498.1672 4418.8057 1686.7327;
	1444.2496 908.0094 1572.2157 501.2 732.2 1121.5365 815.4332 224.5748 486.7818 4379.8933 1674.0615;
	1482.2 929.7885 1616.9196 516.0297 744.3996 1139.204 808.4908 224.6918 494.1 4354.4877 1701.2069;
	1525.3369 987.9 1705.4476 529.9153 815.0685 1182.3 858.5038 249.1605 527.2 4597.1959 1807.8405;
	1663.3505 1095.2 1919.3308 535.6156 934.6743 1345.573 969.9676 309.864 598.2445 5082.9403 2064.2339;
	1787.3843 1178.3663 2012.2782 534.339 993.982 1436.6925 1052.0 348.8 679.9544 5643.4668 2289.6148;
	1818.8041 1197.4711 2046.0629 544.2 1019.0228 1462.6823 1077.3544 359.2194 705.0872 6038.1506 2355.4812;
	1887.5991 1206.8 1990.4215 539.7 958.2242 1483.9493 1116.5054 342.1147 736.228 6328.2282 2413.6441;
	1877.4454 1219.8758 1987.6172 533.814 944.3718 1470.6449 1120.4279 337.9694 735.3269 6285.579 2464.6703;
	1905.2937 1237.961 2023.0781 536.0 941.5853 1473.4354 1185.637 337.1 768.7597 6586.9686 2550.9617;
	1876.6548 1217.1729 1984.6894 537.0636 927.742 1397.5779 1144.3682 331.0854 783.3349 6402.7646 2474.1457;
	1880.0 1214.2335 1979.2825 527.8 903.1543 1426.6844 1174.695 322.4931 797.6915 6601.0552 2456.4747;
	1845.1803 1209.2339 1976.5014 535.5 916.0997 1422.5206 1214.7879 328.7 794.6546 6368.1159 2399.3824;
	1849.7386 1186.1966 1953.0222 528.1722 906.4129 1399.5693 1158.9459 321.8411 765.689 6284.0961 2295.1546;
	1796.8118 1176.4146 1924.6059 516.1373 878.5 1422.5934 1197.6126 315.7242 788.4123 6344.8354 2326.253;
	1788.5023 1136.6697 1927.6838 505.352 854.222 1397.4352 1157.1217 307.2732 751.9084 6079.0657 2256.0475;
	1776.0182 1124.906 1877.7286 541.5849 919.0682 1419.4521 1126.3468 337.1798 752.5727 5896.227 2299.6;
	1807.4042 1139.5 1937.0 568.4948 996.5907 1463.8164 1169.5121 342.8052 754.8 5911.9663 2396.1423;
	1815.1772 1168.8201 1979.7676 557.1715 991.4804 1437.3033 1139.2045 345.3 723.3597 5824.9259 2402.7207;
	1813.2025 1093.8275 1904.7199 551.3 947.2216 1362.8699 1053.1697 326.6072 686.0 5538.6344 2283.8988;
	1677.2343 1017.1399 1770.5592 526.9504 909.4201 1312.4808 991.82 285.8161 639.3783 5255.4983 2114.7287;
	1600.9426 960.2609 1660.0507 531.2 852.6451 1266.3867 918.3348 273.5423 612.3868 4971.9064 2008.1526;
	1557.3142 920.99 1690.7582 535.0 808.911 1270.6521 910.0349 266.7635 570.6992 4743.109 1859.1824;
	1515.8583 903.2155 1603.8238 544.1441 806.5857 1245.8677 893.6203 249.6 552.7852 4550.4425 1947.1518;
];
