function solarprofile = ex_solar_profilesh1
%EX_WIND_PROFILE_D  Example wind_load_nyiso profile data for deterministic unit commitment.
% 2022.03.12
% Andres F. Ramirez


%% define constants
[GEN_BUS, PG, QG, QMAX, QMIN, VG, MBASE, GEN_STATUS, PMAX, PMIN, ...
    MU_PMAX, MU_PMIN, MU_QMAX, MU_QMIN, PC1, PC2, QC1MIN, QC1MAX, ...
    QC2MIN, QC2MAX, RAMP_AGC, RAMP_10, RAMP_30, RAMP_Q, APF] = idx_gen;
[CT_LABEL, CT_PROB, CT_TABLE, CT_TBUS, CT_TGEN, CT_TBRCH, CT_TAREABUS, ...
    CT_TAREAGEN, CT_TAREABRCH, CT_ROW, CT_COL, CT_CHGTYPE, CT_REP, ...
    CT_REL, CT_ADD, CT_NEWVAL, CT_TLOAD, CT_TAREALOAD, CT_LOAD_ALL_PQ, ...
    CT_LOAD_FIX_PQ, CT_LOAD_DIS_PQ, CT_LOAD_ALL_P, CT_LOAD_FIX_P, ...
    CT_LOAD_DIS_P, CT_TGENCOST, CT_TAREAGENCOST, CT_MODCOST_F, ...
    CT_MODCOST_X] = idx_ct;

solarprofile = struct( ...
    'type', 'mpcData', ...
    'table', CT_TGEN, ...
    'rows', [1:12], ...
    'col', PMAX, ...
    'chgtype', 1, ...
    'values', [] );
solarprofile.values(:,1,:) = [
	0.0 0.0 0.0 0.0 0.0 0.0 0.0 0.0 0.0 0.0 0.0 0.0;
	0.0 0.0 0.0 0.0 0.0 0.0 0.0 0.0 0.0 0.0 0.0 0.0;
	0.0 0.0 0.0 0.0 0.0 0.0 0.0 0.0 0.0 0.0 0.0 0.0;
	0.0 0.0 0.0 0.0 0.0 0.0 0.0 0.0 0.0 0.0 0.0 0.0;
	0.0 0.0 0.0 0.0 0.0 0.0 0.0 0.0 0.0 0.0 0.0 0.0;
	0.4095 0.3481 0.302 0.0 0.0 0.1765 0.0221 0.1546 0.0956 0.0 0.0 0.0;
	1.9373 2.7012 1.1399 5.1029 1.7764 102.8538 12.8567 39.7204 205.98 59.3051 33.9277 107.4019;
	1.3084 4.4173 1.5652 7.1779 4.3417 337.5658 42.1957 36.777 267.1669 202.3591 116.3108 366.4736;
	1.6363 5.0148 2.4358 8.9868 4.7138 380.1288 47.5161 26.9403 253.091 283.8889 161.2589 514.1246;
	10.5088 9.9527 10.1314 11.9029 12.234 274.697 34.3371 9.1784 163.5431 253.9747 160.345 459.9498;
	10.5332 12.0338 10.271 11.8457 11.8704 204.7875 25.5984 15.608 181.6937 254.5384 169.7022 460.9705;
	6.7651 11.7407 7.8322 11.7336 11.974 212.6879 26.586 27.7454 225.1734 251.2188 169.2506 454.9587;
	4.3946 7.2928 3.2114 11.2796 9.6749 388.9784 48.6223 37.5627 282.7395 176.2034 119.4953 319.1054;
	7.2154 7.0484 3.1563 10.7817 9.3218 400.984 50.123 24.6633 276.5518 115.6536 108.8589 209.4493;
	8.2865 6.3515 4.4045 8.909 8.1694 338.2676 42.2835 15.2328 240.1803 54.79 71.9677 99.2251;
	7.8751 2.9561 1.9526 4.4318 2.3419 154.6498 19.3312 6.487 142.4678 12.1006 7.4613 21.9143;
	0.64 0.663 0.3575 1.138 1.2178 53.4752 6.6844 4.1847 46.8693 8.3168 3.8255 15.0619;
	0.0 0.0 0.0 0.0 0.0 0.0 0.0 0.0 0.0 0.0 0.0 0.0;
	0.0 0.0 0.0 0.0 0.0 0.0 0.0 0.0 0.0 0.0 0.0 0.0;
	0.0 0.0 0.0 0.0 0.0 0.0 0.0 0.0 0.0 0.0 0.0 0.0;
	0.0 0.0 0.0 0.0 0.0 0.0 0.0 0.0 0.0 0.0 0.0 0.0;
	0.0 0.0 0.0 0.0 0.0 0.0 0.0 0.0 0.0 0.0 0.0 0.0;
	0.0 0.0 0.0 0.0 0.0 0.0 0.0 0.0 0.0 0.0 0.0 0.0;
	0.0 0.0 0.0 0.0 0.0 0.0 0.0 0.0 0.0 0.0 0.0 0.0;
];
