function solarprofile = ex_solar_profilesh1
%EX_WIND_PROFILE_D  Example wind_load_nyiso profile data for deterministic unit commitment.
% 2022.03.12
% Andres F. Ramirez


%% define constants
[GEN_BUS, PG, QG, QMAX, QMIN, VG, MBASE, GEN_STATUS, PMAX, PMIN, ...
    MU_PMAX, MU_PMIN, MU_QMAX, MU_QMIN, PC1, PC2, QC1MIN, QC1MAX, ...
    QC2MIN, QC2MAX, RAMP_AGC, RAMP_10, RAMP_30, RAMP_Q, APF] = idx_gen;
[CT_LABEL, CT_PROB, CT_TABLE, CT_TBUS, CT_TGEN, CT_TBRCH, CT_TAREABUS, ...
    CT_TAREAGEN, CT_TAREABRCH, CT_ROW, CT_COL, CT_CHGTYPE, CT_REP, ...
    CT_REL, CT_ADD, CT_NEWVAL, CT_TLOAD, CT_TAREALOAD, CT_LOAD_ALL_PQ, ...
    CT_LOAD_FIX_PQ, CT_LOAD_DIS_PQ, CT_LOAD_ALL_P, CT_LOAD_FIX_P, ...
    CT_LOAD_DIS_P, CT_TGENCOST, CT_TAREAGENCOST, CT_MODCOST_F, ...
    CT_MODCOST_X] = idx_ct;

solarprofile = struct( ...
    'type', 'mpcData', ...
    'table', CT_TGEN, ...
    'rows', [1:12], ...
    'col', PMAX, ...
    'chgtype', 1, ...
    'values', [] );
solarprofile.values(:,1,:) = [
	0.0 0.0 0.0 0.0 0.0 0.0 0.0 0.0 0.0 0.0 0.0 0.0;
	0.0 0.0 0.0 0.0 0.0 0.0 0.0 0.0 0.0 0.0 0.0 0.0;
	0.0 0.0 0.0 0.0 0.0 0.0 0.0 0.0 0.0 0.0 0.0 0.0;
	0.0 0.0 0.0 0.0 0.0 0.0 0.0 0.0 0.0 0.0 0.0 0.0;
	0.0 0.0 0.0 0.0 0.0 0.0 0.0 0.0 0.0 0.0 0.0 0.0;
	0.4095 0.3481 0.302 0.0 0.0 2.2946 0.2868 0.1431 0.2508 0.0 0.0 0.0;
	3.8723 2.5363 2.5583 0.658 2.1459 105.7516 13.2189 1.525 46.0114 22.1989 27.6194 40.2024;
	6.6788 5.1323 3.7753 2.0505 6.1099 74.4863 9.3108 4.7592 69.0273 137.9783 79.3693 249.8796;
	7.7757 5.624 3.0276 4.23 7.3207 80.851 10.1064 11.1659 97.3387 251.6228 99.9038 455.6905;
	7.6445 5.9052 6.3236 8.3351 12.2965 189.6211 23.7026 19.1358 111.4608 292.885 43.6945 530.4165;
	9.445 8.0716 9.9862 7.0694 11.2459 200.8443 25.1055 13.5278 109.4015 280.5437 33.2429 508.0663;
	10.6575 9.0626 11.3413 6.2834 10.4819 158.5549 19.8194 5.7352 76.6048 279.5539 51.6246 506.2738;
	5.9965 4.9354 8.5992 6.8327 5.9003 204.4017 25.5502 1.5957 90.5121 247.3753 88.5436 447.9982;
	6.0356 5.2901 6.7565 6.4574 5.5392 196.9894 24.6237 3.0507 76.6462 242.7673 110.8542 439.653;
	5.1665 3.8542 5.0409 4.8363 4.5244 196.3938 24.5492 7.0299 58.1194 215.0482 86.2743 389.4536;
	2.3781 1.695 1.7669 1.6205 2.2639 206.2072 25.7759 19.6401 38.7701 37.3313 8.0712 67.6072;
	0.6892 0.5376 0.5089 1.1665 1.9692 53.5575 6.6947 6.9846 40.9412 24.1173 3.4948 43.6766;
	0.0 0.0 0.0 0.0 0.0 0.0 0.0 0.0 0.0 0.0 0.0 0.0;
	0.0 0.0 0.0 0.0 0.0 0.0 0.0 0.0 0.0 0.0 0.0 0.0;
	0.0 0.0 0.0 0.0 0.0 0.0 0.0 0.0 0.0 0.0 0.0 0.0;
	0.0 0.0 0.0 0.0 0.0 0.0 0.0 0.0 0.0 0.0 0.0 0.0;
	0.0 0.0 0.0 0.0 0.0 0.0 0.0 0.0 0.0 0.0 0.0 0.0;
	0.0 0.0 0.0 0.0 0.0 0.0 0.0 0.0 0.0 0.0 0.0 0.0;
	0.0 0.0 0.0 0.0 0.0 0.0 0.0 0.0 0.0 0.0 0.0 0.0;
];
