function solarprofile = ex_solar_profilesh1
%EX_WIND_PROFILE_D  Example wind_load_nyiso profile data for deterministic unit commitment.
% 2022.03.12
% Andres F. Ramirez


%% define constants
[GEN_BUS, PG, QG, QMAX, QMIN, VG, MBASE, GEN_STATUS, PMAX, PMIN, ...
    MU_PMAX, MU_PMIN, MU_QMAX, MU_QMIN, PC1, PC2, QC1MIN, QC1MAX, ...
    QC2MIN, QC2MAX, RAMP_AGC, RAMP_10, RAMP_30, RAMP_Q, APF] = idx_gen;
[CT_LABEL, CT_PROB, CT_TABLE, CT_TBUS, CT_TGEN, CT_TBRCH, CT_TAREABUS, ...
    CT_TAREAGEN, CT_TAREABRCH, CT_ROW, CT_COL, CT_CHGTYPE, CT_REP, ...
    CT_REL, CT_ADD, CT_NEWVAL, CT_TLOAD, CT_TAREALOAD, CT_LOAD_ALL_PQ, ...
    CT_LOAD_FIX_PQ, CT_LOAD_DIS_PQ, CT_LOAD_ALL_P, CT_LOAD_FIX_P, ...
    CT_LOAD_DIS_P, CT_TGENCOST, CT_TAREAGENCOST, CT_MODCOST_F, ...
    CT_MODCOST_X] = idx_ct;

solarprofile = struct( ...
    'type', 'mpcData', ...
    'table', CT_TGEN, ...
    'rows', [1:12], ...
    'col', PMAX, ...
    'chgtype', 1, ...
    'values', [] );
solarprofile.values(:,1,:) = [
	0.0 0.0 0.0 0.0 0.0 0.0 0.0 0.0 0.0 0.0 0.0 0.0;
	0.0 0.0 0.0 0.0 0.0 0.0 0.0 0.0 0.0 0.0 0.0 0.0;
	0.0 0.0 0.0 0.0 0.0 0.0 0.0 0.0 0.0 0.0 0.0 0.0;
	0.0 0.0 0.0 0.0 0.0 0.0 0.0 0.0 0.0 0.0 0.0 0.0;
	0.0 0.0 0.0 0.0 0.0 0.0 0.0 0.0 0.0 0.0 0.0 0.0;
	0.5299 0.543 0.3928 0.0 0.0 0.3953 0.0494 0.1431 0.7529 0.0 0.0 0.0;
	2.3854 3.7146 2.0466 3.3233 1.6999 38.9061 4.8633 13.1702 82.5937 56.5015 39.2103 102.3246;
	5.533 6.5491 4.8283 5.7015 4.8854 109.6687 13.7086 15.3491 123.186 199.3885 184.133 361.0938;
	12.1049 10.6554 7.4294 8.2043 7.3446 188.8832 23.6104 20.5946 155.5766 285.521 199.8733 517.0802;
	21.4449 14.3718 11.4782 11.765 14.3699 326.3608 40.7951 25.8426 197.7293 333.5863 192.2813 604.1268;
	22.8616 15.7755 12.767 11.8919 14.1804 363.3154 45.4144 32.6171 220.4214 343.8184 198.0044 622.6571;
	21.6469 14.7229 12.3293 11.731 14.6011 326.0912 40.7614 29.4973 223.6397 352.6305 188.2362 638.6159;
	15.3571 8.5602 7.9295 10.4835 12.5287 239.5971 29.9496 19.0441 261.9305 333.941 139.6142 604.7693;
	9.8218 6.7021 4.6866 7.1318 11.3255 175.5139 21.9392 14.3095 260.5717 327.257 138.6929 592.6644;
	6.7321 3.5657 2.7449 5.2262 10.4076 130.8642 16.358 14.6154 255.4307 318.1146 142.7646 576.1074;
	1.732 1.3056 1.3084 4.6212 7.7323 138.3648 17.2956 16.3561 236.9454 144.7432 31.4551 262.1308;
	0.3497 0.262 0.3684 1.8938 2.5523 58.7823 7.3478 3.9516 57.4545 132.938 14.7736 240.7516;
	0.0 0.0 0.0 0.0 0.0 0.0 0.0 0.0 0.0 0.0 0.0 0.0;
	0.0 0.0 0.0 0.0 0.0 0.0 0.0 0.0 0.0 0.0 0.0 0.0;
	0.0 0.0 0.0 0.0 0.0 0.0 0.0 0.0 0.0 0.0 0.0 0.0;
	0.0 0.0 0.0 0.0 0.0 0.0 0.0 0.0 0.0 0.0 0.0 0.0;
	0.0 0.0 0.0 0.0 0.0 0.0 0.0 0.0 0.0 0.0 0.0 0.0;
	0.0 0.0 0.0 0.0 0.0 0.0 0.0 0.0 0.0 0.0 0.0 0.0;
	0.0 0.0 0.0 0.0 0.0 0.0 0.0 0.0 0.0 0.0 0.0 0.0;
];
