function windprofile = ex_wind_profilesh1
%EX_WIND_PROFILE_D  Example wind_load_nyiso profile data for deterministic unit commitment.
% 2022.03.12
% Andres F. Ramirez


%% define constants
[GEN_BUS, PG, QG, QMAX, QMIN, VG, MBASE, GEN_STATUS, PMAX, PMIN, ...
    MU_PMAX, MU_PMIN, MU_QMAX, MU_QMIN, PC1, PC2, QC1MIN, QC1MAX, ...
    QC2MIN, QC2MAX, RAMP_AGC, RAMP_10, RAMP_30, RAMP_Q, APF] = idx_gen;
[CT_LABEL, CT_PROB, CT_TABLE, CT_TBUS, CT_TGEN, CT_TBRCH, CT_TAREABUS, ...
    CT_TAREAGEN, CT_TAREABRCH, CT_ROW, CT_COL, CT_CHGTYPE, CT_REP, ...
    CT_REL, CT_ADD, CT_NEWVAL, CT_TLOAD, CT_TAREALOAD, CT_LOAD_ALL_PQ, ...
    CT_LOAD_FIX_PQ, CT_LOAD_DIS_PQ, CT_LOAD_ALL_P, CT_LOAD_FIX_P, ...
    CT_LOAD_DIS_P, CT_TGENCOST, CT_TAREAGENCOST, CT_MODCOST_F, ...
    CT_MODCOST_X] = idx_ct;

windprofile = struct( ...
    'type', 'mpcData', ...
    'table', CT_TGEN, ...
    'rows', [1:45], ...
    'col', PMAX, ...
    'chgtype', 1, ...
    'values', [] );
windprofile.values(:,1,:) = [
	4.0178 54.2887 91.857 119.7662 15.2611 34.9563 32.1654 18.3618 11.9009 17.5359 32.4148 48.3566 72.8005 54.7798 198.5397 74.7987 92.8058 98.3464 85.5615 68.1875 10.7218 81.5646 32.524 88.214 105.4789 74.2603 13.9282 1291.9359 806.6741 806.6741 731.1904 118.4733 285.2049 175.5147 171.7422 344.181 1172.3095 239.8064 460.8208 282.5326 119.1001 387.7816 216.7567 281.6577 1184.5211;
	3.9505 53.3803 90.2529 114.8871 14.8449 34.4367 31.1938 17.5804 11.8748 13.5773 25.0974 37.4403 56.3662 58.9504 185.8178 70.0058 86.859 92.0446 84.4144 68.6718 10.3979 80.3522 31.2038 85.1084 98.9621 71.7982 13.3254 1269.1384 779.5679 779.5679 742.4106 120.9739 281.3815 176.7613 184.8173 332.6156 1202.7737 244.7945 445.6938 265.0772 117.5482 382.0174 207.3544 274.9715 1215.3026;
	3.8846 52.4889 92.0563 118.6789 14.9411 34.9695 33.2478 18.2346 24.7666 16.3723 30.2639 45.1477 67.9696 59.6567 171.7732 64.7145 80.294 85.0876 84.5548 69.9926 11.0826 81.5956 31.2319 88.8523 103.9147 73.3126 13.8924 1247.6025 801.5207 801.5207 745.5188 116.8315 281.8493 180.161 187.0318 341.9822 1223.975 282.6393 453.2217 278.3429 118.8001 387.9287 213.1527 264.2418 1236.7248;
	3.8168 51.5737 90.6615 117.1177 14.8609 34.1795 31.9066 18.2818 28.1493 29.0261 53.6542 80.0415 120.5021 62.8147 192.9646 72.6983 90.1997 95.5848 83.7914 64.3789 10.6355 79.7522 27.8421 88.6489 101.5289 74.5033 13.8352 1230.2036 788.1199 788.1199 716.0491 117.4211 279.3045 165.7114 196.9326 336.2645 1126.1842 295.9624 445.5209 271.9523 118.5628 379.1649 170.2409 265.3889 1137.9153;
	3.3418 45.1553 91.7783 116.5399 15.1105 31.7001 31.5877 18.3958 27.5938 28.8713 53.3682 79.6149 119.8598 62.267 192.752 72.6182 90.1004 95.4795 78.3658 64.8986 10.5292 73.967 71.7842 89.0977 102.358 72.4575 13.9323 1256.3664 792.9593 792.9593 748.4027 120.4353 261.2195 167.0491 195.2154 338.3293 1118.0583 312.9265 443.6635 274.1733 118.8868 351.6601 172.5915 269.4549 1129.7047;
	3.7288 50.3842 92.602 114.2121 14.7227 33.627 19.8995 18.5366 26.182 28.3917 52.4816 78.2922 117.8685 50.8691 194.5381 73.2911 90.9352 96.3642 49.5054 68.4391 6.6332 78.463 69.6121 88.036 101.9282 71.7547 14.0304 1229.8216 803.3781 803.3781 751.2087 121.1706 165.0181 176.1623 159.4814 342.7747 1186.7137 318.2 450.4654 273.0219 119.2519 373.0356 154.6728 267.458 1199.0753;
	3.7178 50.2352 89.8525 111.4939 14.5622 32.9905 13.967 17.6509 25.749 26.5354 49.0503 73.1734 110.1621 63.2095 191.22 72.041 89.3843 94.7206 68.2749 71.5484 4.6557 76.9778 68.4738 86.8262 100.2617 70.3143 13.8164 1222.5566 806.0822 806.0822 726.9608 115.6058 227.583 184.1657 198.1705 343.9284 1140.1664 305.634 407.4188 268.5582 119.3638 365.9744 163.2428 266.7872 1152.0431;
	3.7086 50.1115 90.5057 114.0419 14.023 32.0239 4.8248 17.1767 0.0 26.3694 48.7435 72.7157 109.4731 41.6577 196.3855 73.9871 91.7988 97.2793 67.3578 70.4369 1.6083 74.7225 66.7796 84.3443 97.5348 70.5247 13.5319 1168.826 792.9795 792.9795 739.8205 114.6123 224.5261 181.3047 130.6025 338.3379 1156.8045 313.2419 149.3117 261.254 119.07 355.2523 185.1697 264.0396 1168.8546;
	3.7418 50.5606 93.725 116.9961 14.1408 30.7033 11.0435 17.9654 1.5543 28.3457 52.3966 78.1654 117.6776 21.3779 194.6912 73.3488 91.0068 96.4401 72.9912 71.3084 3.6812 71.6411 70.3343 84.3325 99.5468 70.2744 13.5725 1122.3092 700.079 700.079 715.4248 112.8365 243.3042 183.5479 67.0227 298.7004 999.3445 293.2056 2.4554 266.6433 120.2569 340.6021 167.7968 273.6388 1009.7544;
	3.9189 52.9528 94.8022 120.3723 15.1684 31.8991 15.6223 18.8897 1.6189 24.6277 45.5239 67.9128 102.2423 18.6271 189.1766 71.2712 88.4291 93.7084 83.1877 71.657 5.2074 74.4312 49.9123 87.6041 103.4365 73.5599 13.7116 975.1738 645.2109 645.2109 627.2172 115.8385 277.2924 184.4453 58.3985 275.29 818.3022 281.629 20.9576 277.062 122.6258 353.8671 160.2815 277.7161 826.8262;
	3.7216 50.2871 94.2673 118.5451 14.8352 25.2093 10.181 18.8553 0.0446 28.4356 52.5629 78.4134 118.051 0.001 195.9561 73.8253 91.5981 97.0666 71.2286 70.8407 3.3937 58.8217 71.5586 87.8541 103.2303 72.5266 13.5723 797.2401 659.6774 659.6774 540.3538 113.2369 237.4286 182.3443 0.0032 281.4623 724.288 217.987 0.0 276.5098 122.8963 279.6554 143.7192 272.0749 731.8326;
	3.6005 48.6507 94.3162 117.6684 15.2303 19.3641 6.6898 19.0594 1.7163 27.428 50.7002 75.6347 113.8677 0.0114 197.399 74.3689 92.2725 97.7814 38.7999 70.6501 2.2299 45.1829 72.3618 87.3438 103.4932 74.9342 13.8799 606.4037 733.0749 733.0749 516.9288 115.2603 129.333 181.8535 0.0356 312.7786 822.9832 220.7945 0.051 277.214 123.7664 214.8124 132.7122 279.3905 831.556;
	3.7534 50.7167 94.1656 116.1751 14.8097 18.9092 7.9828 18.3687 26.0028 23.7948 43.9843 65.6159 98.7843 47.2913 204.2373 76.9452 95.4691 101.1687 59.6663 72.9863 2.6609 44.1214 72.9627 85.5739 103.3634 71.0712 13.6265 659.4894 698.6622 698.6622 511.6899 114.7635 198.8877 187.8668 148.2646 298.0959 624.4934 229.2229 16.461 276.8662 123.7501 209.7657 133.9124 272.1124 630.9985;
	3.8437 51.9362 94.0083 117.4462 15.2526 20.1542 13.1193 19.0608 18.7406 21.2559 39.2911 58.6146 88.244 34.5407 202.8197 76.4111 94.8064 100.4665 57.6183 72.8593 4.3731 47.0264 72.0884 87.3823 102.3493 74.095 13.7705 551.0163 686.1557 686.1557 480.8649 104.1039 192.061 187.5401 108.2897 292.7598 720.9453 253.4411 90.7397 274.15 123.9111 223.5769 159.7478 273.7405 728.4551;
	3.8216 51.6378 92.5368 115.1077 15.1439 19.0881 8.8365 18.36 0.0 18.4533 34.1106 50.8863 76.609 29.3123 189.7159 71.4744 88.6812 93.9756 67.2568 69.6779 2.9455 44.5389 61.1192 84.9906 99.432 74.8289 13.5676 413.9699 695.2514 695.2514 460.8247 97.3611 224.1893 179.3511 91.8981 296.6406 637.8257 251.8323 7.4389 266.3358 120.3687 211.7506 164.5141 250.3374 644.4697;
	3.6075 48.7447 92.4742 117.521 15.2884 10.3129 10.9079 18.0781 0.0 26.2942 48.6044 72.5082 109.1608 25.0836 178.9271 67.4097 83.638 88.6313 63.207 69.8499 3.636 24.0633 69.0669 87.5577 100.9195 73.1058 13.6244 455.5794 568.2671 568.2671 416.8286 100.2588 210.6898 179.7939 78.6406 242.4606 515.0321 233.9082 36.4749 270.3202 122.3366 114.4039 157.0898 234.1971 520.397;
	3.4232 46.2546 90.5756 115.3184 15.1071 18.2139 5.3168 18.2452 0.0 26.9982 49.9058 74.4496 112.0834 37.102 176.3818 66.4508 82.4482 87.3705 58.7494 70.0178 1.7723 42.4992 70.5367 86.549 100.9636 73.4306 13.7242 1027.2149 473.5932 473.5932 321.3765 97.0533 195.8314 180.226 116.3199 202.0664 863.9434 234.6403 100.6111 270.4381 119.6238 202.0533 129.3309 238.4666 872.9428;
	3.0624 41.3792 88.687 110.5946 14.5071 21.1168 1.8906 18.0338 0.0 26.2704 48.5604 72.4426 109.062 54.1287 183.9431 69.2995 85.9827 91.116 72.7772 69.4893 0.6302 49.2725 69.0272 84.0632 97.0981 71.9536 13.7242 1228.704 597.475 597.475 235.3241 73.9968 242.5908 178.8656 169.7009 254.9227 1063.6565 212.7416 103.1717 260.0841 117.6805 234.2554 167.2237 259.4815 1074.7363;
