function windprofile = ex_wind_profilesh1
%EX_WIND_PROFILE_D  Example wind_load_nyiso profile data for deterministic unit commitment.
% 2022.03.12
% Andres F. Ramirez


%% define constants
[GEN_BUS, PG, QG, QMAX, QMIN, VG, MBASE, GEN_STATUS, PMAX, PMIN, ...
    MU_PMAX, MU_PMIN, MU_QMAX, MU_QMIN, PC1, PC2, QC1MIN, QC1MAX, ...
    QC2MIN, QC2MAX, RAMP_AGC, RAMP_10, RAMP_30, RAMP_Q, APF] = idx_gen;
[CT_LABEL, CT_PROB, CT_TABLE, CT_TBUS, CT_TGEN, CT_TBRCH, CT_TAREABUS, ...
    CT_TAREAGEN, CT_TAREABRCH, CT_ROW, CT_COL, CT_CHGTYPE, CT_REP, ...
    CT_REL, CT_ADD, CT_NEWVAL, CT_TLOAD, CT_TAREALOAD, CT_LOAD_ALL_PQ, ...
    CT_LOAD_FIX_PQ, CT_LOAD_DIS_PQ, CT_LOAD_ALL_P, CT_LOAD_FIX_P, ...
    CT_LOAD_DIS_P, CT_TGENCOST, CT_TAREAGENCOST, CT_MODCOST_F, ...
    CT_MODCOST_X] = idx_ct;

windprofile = struct( ...
    'type', 'mpcData', ...
    'table', CT_TGEN, ...
    'rows', [1:45], ...
    'col', PMAX, ...
    'chgtype', 1, ...
    'values', [] );
windprofile.values(:,1,:) = [
	3.8296 51.7457 88.0025 113.0455 14.3863 33.4977 32.2395 18.1462 10.4914 16.1072 29.7739 44.4167 66.8691 51.9437 202.9348 76.4545 94.8602 100.5235 89.9231 69.7909 10.7465 78.1613 21.2318 85.257 103.6323 73.9532 14.0085 1303.0263 831.8564 831.8564 764.8614 118.9703 299.7436 179.6419 162.8504 354.9254 1165.3786 269.9954 469.8732 277.5865 120.8393 371.6011 218.5409 275.3895 1177.518;
	3.8172 51.5793 92.0006 116.091 14.4779 34.1828 32.8581 18.2731 12.6794 13.9753 25.8332 38.538 58.0187 65.1636 195.9196 73.8116 91.581 97.0486 89.0264 69.6156 10.9527 79.7599 18.4088 83.3296 100.9505 73.1505 13.7893 1316.9718 845.5202 845.5202 788.6478 119.7781 296.7548 179.1908 204.2968 360.7553 1257.8796 247.9829 479.4864 270.4031 120.2622 379.2014 218.0813 280.1488 1270.9825;
	3.8294 51.7434 89.2451 113.6759 14.8575 34.4646 33.3678 18.5786 23.9351 15.7217 29.0613 43.3538 65.2689 61.868 170.2713 64.1487 79.5919 84.3437 88.9725 69.121 11.1226 80.4175 22.9662 86.2023 103.2003 73.4428 13.7459 1268.9504 802.3382 802.3382 792.6244 117.4886 296.5748 177.9176 193.9646 342.331 1212.5719 278.2448 477.8338 276.4293 119.209 382.3278 214.6507 267.3081 1225.2028;
	3.8437 51.9363 92.5659 119.7005 15.0831 35.0075 32.4956 19.1506 28.2532 29.8275 55.1357 82.2517 123.8295 68.5907 197.7411 74.4978 92.4324 97.9508 90.1697 64.8126 10.8319 81.6843 23.1392 89.4551 106.4006 75.5657 14.0734 1315.4274 817.922 817.922 798.2917 119.3731 300.5656 166.8279 215.041 348.9801 1214.8102 311.892 477.2378 285.0017 120.1762 388.3503 192.5987 270.9274 1227.4645;
	3.385 45.7381 93.5689 118.001 15.1284 32.8829 31.9383 19.1127 28.3093 30.263 55.9408 83.4526 125.6375 68.2479 195.8318 73.7785 91.54 97.005 87.9086 66.8367 10.6461 76.7267 71.5391 86.6633 105.5694 74.2492 13.9 1326.3567 815.148 815.148 807.8744 115.6993 293.0286 172.0378 213.9663 347.7965 1165.4104 317.6433 476.0888 282.775 119.5268 364.7805 191.5124 271.0236 1177.5501;
	3.8004 51.3518 91.9466 113.076 14.6521 34.192 19.9195 18.8657 26.7677 30.0006 55.4556 82.7289 124.5479 55.8256 197.0152 74.2243 92.0932 97.5913 61.5038 67.4342 6.6398 79.7812 73.3046 86.8671 103.3612 73.6444 13.9735 1237.2728 813.3396 813.3396 814.8479 116.7507 205.0128 173.5759 175.0206 347.0249 1160.1411 322.7477 468.7758 276.8603 120.8242 379.3027 170.4732 262.8386 1172.2259;
	3.7012 50.012 92.771 113.8661 14.5901 33.4942 14.8711 18.2885 26.726 30.2038 55.8312 83.2892 125.3914 66.5476 199.371 75.1119 93.1943 98.7582 88.1947 69.9146 4.957 78.153 72.1826 87.5725 101.4746 73.148 13.7844 1279.5988 822.4835 822.4835 783.5359 117.4723 293.9824 179.9602 208.6357 350.9263 1179.4079 316.0128 438.7703 271.8069 120.6874 371.5618 178.9898 264.0784 1191.6934;
	3.8373 51.8498 92.418 114.2726 14.6186 33.5818 11.1116 18.4468 5.0592 29.3248 54.2064 80.8652 121.7422 47.0088 201.4872 75.9091 94.1836 99.8065 87.9194 69.9463 3.7039 78.3574 71.5888 86.9993 101.2511 73.196 13.5895 1307.554 808.1702 808.1702 790.065 120.2197 293.0646 180.0419 147.379 344.8193 1198.1975 318.9462 179.2484 271.2083 119.3317 372.5336 205.2579 272.2208 1210.6787;
	3.8904 52.5675 94.5121 120.1958 14.92 32.6985 16.3272 18.5898 10.0022 29.0673 53.7304 80.1552 120.6732 27.7582 195.8607 73.7894 91.5535 97.0194 88.9782 70.1179 5.4424 76.2965 70.438 86.6106 104.954 73.0578 13.7471 1235.2027 722.679 722.679 792.3271 121.5986 296.5939 180.4836 87.0257 308.343 1072.7534 316.3421 108.1442 281.1267 122.3069 362.7354 199.5549 281.6658 1083.9279;
	3.8681 52.2665 92.7451 120.0319 14.8162 30.9767 17.9681 18.905 11.1236 23.8071 44.0071 65.6499 98.8356 21.5531 194.0318 73.1004 90.6986 96.1134 87.747 70.8698 5.9894 72.279 29.6407 86.8919 105.3954 74.2686 13.8596 1043.5414 623.4075 623.4075 632.7506 122.2226 292.49 182.419 67.572 265.9872 825.6553 278.3643 42.4402 282.309 123.3734 343.6351 169.8567 285.0322 834.2559;
	3.6481 49.2936 93.637 119.1222 14.892 25.7542 19.83 18.6316 25.0977 29.198 53.9721 80.5157 121.216 9.5834 195.9734 73.8318 91.6062 97.0752 79.4243 71.4287 6.61 60.093 69.6875 87.5514 103.9444 72.1656 13.8206 857.0083 694.9623 694.9623 566.3982 118.9751 264.7475 183.8576 30.0454 296.5173 772.9959 221.3182 163.6878 278.4224 120.8832 285.6995 156.8993 279.912 781.0479;
	3.509 47.4149 94.8771 119.8632 14.7569 19.5233 14.6399 18.8344 17.8779 28.1574 52.0486 77.6462 116.896 11.1598 197.9806 74.588 92.5444 98.0694 39.6241 71.4064 4.88 45.5543 72.9556 86.1128 103.6408 73.799 13.9071 651.8435 740.125 740.125 552.0681 114.3189 132.0802 183.8002 34.9876 315.7867 797.2728 222.8932 101.2316 277.6093 121.7044 216.5781 146.2574 277.7577 805.5777;
	3.772 50.9685 94.029 117.7667 14.8349 19.8524 11.6089 18.2118 26.3551 25.1265 46.446 69.2883 104.3132 53.8386 190.8505 71.9018 89.2115 94.5376 51.4515 70.5788 3.8696 46.3224 72.98 84.0701 102.3348 71.0871 13.7326 642.7944 697.9944 697.9944 519.9185 110.0912 171.5052 181.6699 168.7912 297.811 577.6227 237.2154 98.2142 274.111 120.5473 220.2297 152.1489 276.8406 583.6396;
	3.6568 49.4108 89.89 116.7231 15.0322 19.6534 9.5772 18.0153 20.1999 24.4174 45.1352 67.3328 101.3692 40.4309 199.1304 75.0212 93.0819 98.639 53.8464 71.2137 3.1924 45.858 74.3904 81.8811 98.8717 69.7234 13.7682 558.5178 671.9078 671.9078 475.3362 95.4599 179.4878 183.3043 126.7565 286.6806 666.0475 235.56 87.6149 264.8349 116.7056 218.0219 165.5239 269.9147 672.9855;
	3.7246 50.3277 91.9369 117.9722 14.7912 18.4144 7.0935 18.1453 2.9591 25.7176 47.5386 70.9182 106.767 34.4349 191.573 72.174 89.5493 94.8955 72.7272 69.8922 2.3645 42.9669 72.1956 83.282 99.0881 70.705 13.7331 407.579 661.7598 661.7598 440.4972 85.0041 242.4239 179.9027 107.958 282.3508 590.2751 241.2229 78.2805 265.4144 115.0777 204.2768 175.3116 251.4298 596.4238;
	3.5284 47.6762 92.1315 118.1261 14.8471 9.5382 12.4701 18.269 10.0351 28.2201 52.1643 77.8189 117.156 26.0162 190.2984 71.6938 88.9534 94.2641 65.2179 70.2333 4.1567 22.2559 72.9284 85.0636 101.1267 71.579 13.9941 416.3762 533.8458 533.8458 411.3069 77.7847 217.393 180.7807 81.5642 227.7742 487.2694 218.298 91.0539 270.8751 119.891 105.8109 165.1478 248.6644 492.3451;
	3.5377 47.8016 93.0175 117.2014 15.1677 17.437 6.0308 18.91 10.5651 28.6382 52.9373 78.972 118.8919 36.3263 192.2546 72.4308 89.8679 95.2331 65.0885 69.4132 2.0103 40.6864 73.371 85.9131 104.8953 73.9091 14.0141 1019.5138 459.6165 459.6165 311.9731 87.9799 216.9617 178.6698 113.888 196.103 858.298 238.9595 108.9941 280.9695 119.6235 193.4347 141.5871 249.6815 867.2386;
	2.9693 40.1215 87.4223 113.3304 14.3776 18.2535 0.8922 18.0323 1.2665 29.6112 54.7358 81.6551 122.9313 55.5912 194.2949 73.1995 90.8216 96.2437 77.8949 71.0713 0.2974 42.5914 71.5568 84.4122 99.0834 73.3926 13.6811 1195.7651 532.1882 532.1882 224.3581 64.4945 259.6497 182.9377 174.286 227.067 1002.2099 203.3001 113.0509 265.4019 117.7577 202.4918 173.4361 261.6546 1012.6496;
