function solarprofile = ex_solar_profilesh1
%EX_WIND_PROFILE_D  Example wind_load_nyiso profile data for deterministic unit commitment.
% 2022.03.12
% Andres F. Ramirez


%% define constants
[GEN_BUS, PG, QG, QMAX, QMIN, VG, MBASE, GEN_STATUS, PMAX, PMIN, ...
    MU_PMAX, MU_PMIN, MU_QMAX, MU_QMIN, PC1, PC2, QC1MIN, QC1MAX, ...
    QC2MIN, QC2MAX, RAMP_AGC, RAMP_10, RAMP_30, RAMP_Q, APF] = idx_gen;
[CT_LABEL, CT_PROB, CT_TABLE, CT_TBUS, CT_TGEN, CT_TBRCH, CT_TAREABUS, ...
    CT_TAREAGEN, CT_TAREABRCH, CT_ROW, CT_COL, CT_CHGTYPE, CT_REP, ...
    CT_REL, CT_ADD, CT_NEWVAL, CT_TLOAD, CT_TAREALOAD, CT_LOAD_ALL_PQ, ...
    CT_LOAD_FIX_PQ, CT_LOAD_DIS_PQ, CT_LOAD_ALL_P, CT_LOAD_FIX_P, ...
    CT_LOAD_DIS_P, CT_TGENCOST, CT_TAREAGENCOST, CT_MODCOST_F, ...
    CT_MODCOST_X] = idx_ct;

solarprofile = struct( ...
    'type', 'mpcData', ...
    'table', CT_TGEN, ...
    'rows', [1:12], ...
    'col', PMAX, ...
    'chgtype', 1, ...
    'values', [] );
solarprofile.values(:,1,:) = [
	0.0 0.0 0.0 0.0 0.0 0.0 0.0 0.0 0.0 0.0 0.0 0.0;
	0.0 0.0 0.0 0.0 0.0 0.0 0.0 0.0 0.0 0.0 0.0 0.0;
	0.0 0.0 0.0 0.0 0.0 0.0 0.0 0.0 0.0 0.0 0.0 0.0;
	0.0 0.0 0.0 0.0 0.0 0.0 0.0 0.0 0.0 0.0 0.0 0.0;
	0.0 0.0 0.0 0.0 0.0 0.0 0.0 0.0 0.0 0.0 0.0 0.0;
	0.4095 0.3481 0.302 0.0 0.0 0.1765 0.0221 0.1431 0.0956 0.0 0.0 0.0;
	0.9683 1.1103 0.8631 3.727 3.7869 97.1182 12.1398 5.9768 44.7535 34.726 0.0 62.889;
	2.3475 1.8402 2.1006 3.069 4.2503 66.8058 8.3507 1.7752 69.799 28.4979 0.0 51.6099;
	4.6242 2.422 2.7849 4.0137 3.9247 37.848 4.731 0.8138 66.8713 30.3681 0.7253 54.9969;
	7.6182 2.3553 3.8781 10.2865 12.228 22.2432 2.7804 3.7299 79.7575 186.7825 31.7775 338.2642;
	10.74 4.2216 8.9414 10.8457 12.2297 46.6571 5.8321 9.4671 78.4336 273.0055 145.1453 494.4145;
	13.9076 8.0674 11.43 10.7404 12.8871 76.1792 9.5224 16.4247 73.6479 278.626 164.6652 504.5933;
	8.4772 5.1627 8.3677 10.5486 12.5242 177.543 22.1929 26.8184 177.5897 125.7918 44.2577 227.8097;
	5.6883 3.5566 4.5662 10.0137 11.7834 150.755 18.8444 20.9621 201.1333 61.2161 23.269 110.8628;
	1.5972 1.1055 1.3794 7.8498 10.2768 100.1926 12.5241 16.0587 201.6894 37.0144 11.2565 67.0333;
	0.0 0.0 0.0 3.6275 4.3123 77.3883 9.6735 10.553 171.6408 12.7233 0.0 23.0419;
	0.2069 0.1875 0.1816 1.0923 1.4124 53.3901 6.6738 3.977 41.6369 1.5162 2.2408 2.7458;
	0.0 0.0 0.0 0.0 0.0 0.0 0.0 0.0 0.0 0.0 0.0 0.0;
	0.0 0.0 0.0 0.0 0.0 0.0 0.0 0.0 0.0 0.0 0.0 0.0;
	0.0 0.0 0.0 0.0 0.0 0.0 0.0 0.0 0.0 0.0 0.0 0.0;
	0.0 0.0 0.0 0.0 0.0 0.0 0.0 0.0 0.0 0.0 0.0 0.0;
	0.0 0.0 0.0 0.0 0.0 0.0 0.0 0.0 0.0 0.0 0.0 0.0;
	0.0 0.0 0.0 0.0 0.0 0.0 0.0 0.0 0.0 0.0 0.0 0.0;
	0.0 0.0 0.0 0.0 0.0 0.0 0.0 0.0 0.0 0.0 0.0 0.0;
];
