function windprofile = ex_wind_profilesh1
%EX_WIND_PROFILE_D  Example wind_load_nyiso profile data for deterministic unit commitment.
% 2022.03.12
% Andres F. Ramirez


%% define constants
[GEN_BUS, PG, QG, QMAX, QMIN, VG, MBASE, GEN_STATUS, PMAX, PMIN, ...
    MU_PMAX, MU_PMIN, MU_QMAX, MU_QMIN, PC1, PC2, QC1MIN, QC1MAX, ...
    QC2MIN, QC2MAX, RAMP_AGC, RAMP_10, RAMP_30, RAMP_Q, APF] = idx_gen;
[CT_LABEL, CT_PROB, CT_TABLE, CT_TBUS, CT_TGEN, CT_TBRCH, CT_TAREABUS, ...
    CT_TAREAGEN, CT_TAREABRCH, CT_ROW, CT_COL, CT_CHGTYPE, CT_REP, ...
    CT_REL, CT_ADD, CT_NEWVAL, CT_TLOAD, CT_TAREALOAD, CT_LOAD_ALL_PQ, ...
    CT_LOAD_FIX_PQ, CT_LOAD_DIS_PQ, CT_LOAD_ALL_P, CT_LOAD_FIX_P, ...
    CT_LOAD_DIS_P, CT_TGENCOST, CT_TAREAGENCOST, CT_MODCOST_F, ...
    CT_MODCOST_X] = idx_ct;

windprofile = struct( ...
    'type', 'mpcData', ...
    'table', CT_TGEN, ...
    'rows', [1:45], ...
    'col', PMAX, ...
    'chgtype', 1, ...
    'values', [] );
windprofile.values(:,1,:) = [
	3.7918 51.2361 87.6964 104.9214 14.5056 32.9138 30.937 17.9777 10.9551 17.1388 31.6809 47.2617 71.1522 53.5769 204.6902 77.1158 95.6808 101.3931 92.1599 72.0169 10.3123 76.7989 24.7541 85.3035 100.6167 74.8321 13.1103 1256.5193 793.2534 793.2534 740.117 111.0756 307.1996 185.3716 167.9707 338.4548 1120.1812 264.5554 464.2671 269.509 112.3745 365.1238 193.239 268.8625 1131.8498;
	3.8701 52.293 89.0129 112.7759 14.422 34.5471 32.2197 17.9409 12.7162 14.1352 26.1287 38.9789 58.6824 63.949 201.2733 75.8285 94.0836 99.7005 92.297 73.1626 10.7399 80.6099 25.1458 81.9071 98.8985 73.9008 12.879 1302.9859 827.4259 827.4259 776.427 113.2488 307.6566 188.3207 200.4887 353.035 1251.8349 274.0611 470.9738 264.9066 115.3151 383.2425 204.7877 270.3409 1264.8749;
	3.8515 52.0421 89.4908 114.5705 14.6589 34.4445 32.7524 18.6017 23.0112 14.2687 26.3755 39.347 59.2368 60.5622 190.0463 71.5989 88.8356 94.1392 91.9888 73.2919 10.9175 80.3706 26.5389 83.8675 101.6011 75.5114 13.1602 1289.3063 809.5016 809.5016 765.1454 113.2293 306.6293 188.6534 189.8707 345.3873 1227.9195 294.3165 471.0761 272.1459 116.979 382.1048 201.4917 266.4639 1240.7104;
	3.7376 50.5032 89.0571 117.7206 14.4835 33.9244 32.1165 18.9962 28.1559 28.4335 52.559 78.4077 118.0423 66.3415 198.5455 74.8009 92.8085 98.3493 89.6985 69.7484 10.7055 79.1569 24.8248 82.649 102.6358 75.9911 13.3475 1271.8689 816.059 816.059 787.9118 115.791 298.9951 179.5325 207.9895 348.1852 1230.6967 320.6085 477.4122 274.9174 117.5203 376.3346 174.3213 266.2859 1243.5165;
	3.2439 43.8321 92.1965 119.926 14.3855 31.8653 31.6708 19.1424 27.9783 28.8726 53.3705 79.6183 119.8649 66.3217 199.1517 75.0292 93.0918 98.6496 87.5871 69.3525 10.5569 74.3524 72.0261 86.9378 104.3591 75.4518 14.0449 1251.3509 805.3019 805.3019 761.5157 114.1671 291.957 178.5134 207.9274 343.5955 1167.6038 334.5211 474.3026 279.5333 118.3986 353.4924 172.5845 275.7137 1179.7663;
	3.6736 49.6387 91.3506 118.5229 14.2382 33.3879 18.6423 19.1407 25.3459 27.6862 51.1775 76.3468 114.9397 55.7008 196.3887 73.9883 91.8003 97.2809 54.5481 69.0355 6.2141 77.9051 68.6952 87.2982 105.2006 76.123 13.9911 1236.0368 789.491 789.491 757.8613 116.0562 181.827 177.6975 174.6294 336.8495 1162.469 320.7663 448.026 281.7873 115.6751 370.3833 154.404 270.2534 1174.5781;
	3.6818 49.7497 92.1765 118.2887 14.1036 33.5835 12.321 18.8832 23.0639 25.1748 46.5351 69.4213 104.5134 68.1875 193.2835 72.8185 90.3488 95.7428 82.5768 70.2784 4.107 78.3616 64.2244 87.889 104.5267 75.2912 13.7344 1264.7949 793.7968 793.7968 713.4772 114.2827 275.2559 180.8967 213.777 338.6867 1156.8907 331.3008 396.7879 279.9823 118.0403 372.5533 165.3416 280.8503 1168.9416;
	3.706 50.0763 92.1357 118.0623 14.4661 33.2519 0.2737 19.008 0.0 28.0793 51.9042 77.4309 116.5718 49.4384 200.9778 75.7172 93.9454 99.5541 80.8394 71.7168 0.0912 77.5877 68.5879 86.8451 104.2319 75.0724 13.9552 1264.9821 767.1703 767.1703 725.7165 112.6905 269.4646 184.5991 154.9961 327.326 1159.6763 326.6062 158.5635 279.1927 117.4888 368.8743 196.8317 281.3468 1171.7562;
	3.6489 49.3047 92.6239 118.2614 14.5036 31.4318 0.4304 19.0816 0.0 27.1592 50.2034 74.8937 112.752 31.6731 196.0719 73.8689 91.6522 97.124 79.1705 71.765 0.1435 73.3409 64.491 86.9545 104.8628 75.0709 13.7991 1153.2209 652.0935 652.0935 684.1373 108.4244 263.9015 184.7233 99.2996 278.2266 952.7275 295.8094 2.0913 280.8825 117.3959 348.6834 183.8424 284.4593 962.6517;
	3.6903 49.864 93.3666 118.0621 14.7853 31.277 2.479 19.0218 3.4165 23.0556 42.618 63.5776 95.7157 25.5302 189.2317 71.2919 88.4548 93.7357 82.4863 70.9991 0.8263 72.9797 25.1885 87.915 105.2342 76.3102 13.8128 959.5201 599.3933 599.3933 577.6917 106.5045 274.9544 182.7519 80.0406 255.7412 759.7922 271.7646 2.0221 281.8773 118.4443 346.9663 164.9877 281.9945 767.7067;
	3.5542 48.0255 93.7566 117.7706 14.3506 25.8332 6.1629 18.782 8.1854 27.9748 51.711 77.1427 116.1379 8.8517 199.151 75.029 93.0915 98.6492 82.0407 72.5071 2.0543 60.2775 67.1319 89.4147 105.8534 74.0941 13.8729 785.8364 652.8659 652.8659 512.8115 106.9761 273.4688 186.6334 27.7514 278.5561 695.5397 217.0384 12.1715 283.536 116.0384 286.5762 143.6076 273.4422 702.7849;
	3.4303 46.3514 94.307 119.526 14.7966 20.1814 17.6103 18.8898 25.506 27.322 50.5042 75.3424 113.4275 17.6634 203.5759 76.696 95.1599 100.8411 43.9132 73.3635 5.8701 47.0899 72.8423 89.843 106.1648 75.3706 13.937 602.3095 725.4389 725.4389 533.5325 110.6078 146.3774 188.8379 55.3772 309.5206 791.956 222.2562 293.2426 284.37 118.4677 223.8789 141.4166 278.1708 800.2055;
	3.6465 49.2724 93.7897 118.5414 14.9956 21.1468 9.9251 18.7049 27.0398 25.2919 46.7517 69.7444 104.9997 54.7153 201.3272 75.8488 94.1087 99.7272 64.9312 73.6921 3.3084 49.3425 72.3814 89.3263 105.5906 72.7397 13.9163 579.3877 712.5944 712.5944 535.7213 103.1311 216.4372 189.6837 171.5399 304.0403 537.5779 234.3665 284.425 282.8319 115.9054 234.5883 144.8223 278.6169 543.1777;
	3.6928 49.898 94.7872 119.7315 15.0223 21.0478 2.5772 18.6554 19.813 25.0088 46.2284 68.9637 103.8244 39.8004 203.7867 76.7754 95.2584 100.9455 64.6774 73.5525 0.8591 49.1114 74.87 89.509 104.3482 72.3528 13.998 502.3963 708.6024 708.6024 516.1737 88.5556 215.5913 189.3243 124.7796 302.337 629.5773 251.9657 94.9163 279.5041 116.7949 233.4898 156.7837 276.3822 636.1354;
	3.5966 48.5983 91.7156 116.1095 14.5981 19.565 0.8727 18.4438 8.0902 26.33 48.6706 72.607 109.3094 29.5044 191.8194 72.2668 89.6644 95.0175 73.6206 71.6649 0.2909 45.6517 74.0982 88.8559 102.2206 72.1983 13.8263 397.4137 669.6541 669.6541 458.4099 82.9773 245.4019 184.4657 92.5001 285.7191 550.7138 238.1818 18.4704 273.8053 114.559 217.0413 160.7084 254.203 556.4504;
	3.3165 44.8128 91.9897 116.8414 14.7756 10.5218 0.0094 18.7328 2.8048 29.1371 53.8594 80.3476 120.9629 20.264 182.7831 68.8625 85.4405 90.5414 67.0694 72.032 0.0031 24.551 73.3131 89.9715 104.2387 73.9709 13.9717 396.704 561.1013 561.1013 415.5607 88.4024 223.5648 185.4105 63.5304 239.4032 437.4626 223.152 16.1151 279.2109 116.661 116.7224 146.8938 258.4965 442.0195;
	3.382 45.6988 93.8031 119.3909 14.5629 22.0162 0.3991 19.1512 4.6008 30.1635 55.7568 83.1782 125.2244 32.2725 186.3766 70.2163 87.1202 92.3214 63.6434 71.6343 0.133 51.3711 74.4149 89.9291 106.3702 73.2904 14.0816 1023.9817 474.9752 474.9752 308.4147 88.5825 212.1445 184.387 101.1786 202.6561 797.7921 228.4899 103.7755 284.9202 117.5696 244.2328 135.4915 260.3289 806.1024;
	3.1307 42.3024 95.1338 120.1278 14.3216 23.2997 1.2953 19.1032 0.2993 30.1259 55.6874 83.0746 125.0683 53.5382 191.9689 72.3232 89.7343 95.0916 76.8735 70.9481 0.4318 54.3659 72.6669 89.6717 105.998 75.1307 14.1251 1246.0837 546.6159 546.6159 218.2356 66.3678 256.2451 182.6207 167.8495 233.2228 967.4751 202.7143 119.8931 283.9233 120.7938 258.471 166.5862 275.7229 977.553;
