function solarprofile = ex_solar_profilesh1
%EX_WIND_PROFILE_D  Example wind_load_nyiso profile data for deterministic unit commitment.
% 2022.03.12
% Andres F. Ramirez


%% define constants
[GEN_BUS, PG, QG, QMAX, QMIN, VG, MBASE, GEN_STATUS, PMAX, PMIN, ...
    MU_PMAX, MU_PMIN, MU_QMAX, MU_QMIN, PC1, PC2, QC1MIN, QC1MAX, ...
    QC2MIN, QC2MAX, RAMP_AGC, RAMP_10, RAMP_30, RAMP_Q, APF] = idx_gen;
[CT_LABEL, CT_PROB, CT_TABLE, CT_TBUS, CT_TGEN, CT_TBRCH, CT_TAREABUS, ...
    CT_TAREAGEN, CT_TAREABRCH, CT_ROW, CT_COL, CT_CHGTYPE, CT_REP, ...
    CT_REL, CT_ADD, CT_NEWVAL, CT_TLOAD, CT_TAREALOAD, CT_LOAD_ALL_PQ, ...
    CT_LOAD_FIX_PQ, CT_LOAD_DIS_PQ, CT_LOAD_ALL_P, CT_LOAD_FIX_P, ...
    CT_LOAD_DIS_P, CT_TGENCOST, CT_TAREAGENCOST, CT_MODCOST_F, ...
    CT_MODCOST_X] = idx_ct;

solarprofile = struct( ...
    'type', 'mpcData', ...
    'table', CT_TGEN, ...
    'rows', [1:12], ...
    'col', PMAX, ...
    'chgtype', 1, ...
    'values', [] );
solarprofile.values(:,1,:) = [
	0.0 0.0 0.0 0.0 0.0 0.0 0.0 0.0 0.0 0.0 0.0 0.0;
	0.0 0.0 0.0 0.0 0.0 0.0 0.0 0.0 0.0 0.0 0.0 0.0;
	0.0 0.0 0.0 0.0 0.0 0.0 0.0 0.0 0.0 0.0 0.0 0.0;
	0.0 0.0 0.0 0.0 0.0 0.0 0.0 0.0 0.0 0.0 0.0 0.0;
	0.0 0.0 0.0 0.0 0.0 0.0 0.0 0.0 0.0 0.0 0.0 0.0;
	0.4298 0.3751 0.345 0.0 0.0 0.1765 0.0221 0.3269 0.1154 0.0 0.0 0.0;
	2.4359 0.9535 0.6625 0.9049 0.5866 35.8236 4.4779 2.4229 20.6964 53.6604 8.5167 97.1793;
	8.5747 6.5227 4.3826 1.7387 2.2564 112.3884 14.0486 4.8485 47.3746 71.9058 28.47 130.2218;
	14.814 11.7008 7.6645 1.868 3.5825 167.1965 20.8996 13.6335 84.9264 99.9069 100.0666 180.932;
	14.6276 10.2095 8.8693 3.396 11.9287 155.6347 19.4543 33.8166 111.2321 206.0119 168.0096 373.0889;
	16.4323 12.0337 9.2078 3.5229 9.1667 102.9525 12.8691 29.4685 87.9923 236.7546 180.6597 428.764;
	17.173 12.6649 9.6908 6.6278 7.3172 54.3322 6.7915 15.1249 53.9348 217.9602 169.5562 394.7273;
	10.6491 6.8832 5.7667 10.1591 3.6931 77.7347 9.7168 6.0015 122.2292 156.0319 93.3437 282.5747;
	7.1471 4.5976 3.0785 9.7075 6.5356 115.7843 14.473 7.3833 147.1346 145.8086 108.5852 264.0603;
	2.6818 1.4882 1.4465 7.0897 6.8476 133.4714 16.6839 13.9393 136.7268 137.2087 94.7824 248.4857;
	0.7704 0.5412 0.5881 2.0797 3.3572 175.4273 21.9284 30.0274 105.7786 28.9637 13.6572 52.4535;
	0.4856 0.4587 0.4779 1.1565 1.3569 57.9134 7.2392 7.7587 41.1379 6.9789 3.399 12.6389;
	0.0 0.0 0.0 0.0 0.0 0.0 0.0 0.0 0.0 0.0 0.0 0.0;
	0.0 0.0 0.0 0.0 0.0 0.0 0.0 0.0 0.0 0.0 0.0 0.0;
	0.0 0.0 0.0 0.0 0.0 0.0 0.0 0.0 0.0 0.0 0.0 0.0;
	0.0 0.0 0.0 0.0 0.0 0.0 0.0 0.0 0.0 0.0 0.0 0.0;
	0.0 0.0 0.0 0.0 0.0 0.0 0.0 0.0 0.0 0.0 0.0 0.0;
	0.0 0.0 0.0 0.0 0.0 0.0 0.0 0.0 0.0 0.0 0.0 0.0;
	0.0 0.0 0.0 0.0 0.0 0.0 0.0 0.0 0.0 0.0 0.0 0.0;
];
