function windprofile = ex_wind_profilesh1
%EX_WIND_PROFILE_D  Example wind_load_nyiso profile data for deterministic unit commitment.
% 2022.03.12
% Andres F. Ramirez


%% define constants
[GEN_BUS, PG, QG, QMAX, QMIN, VG, MBASE, GEN_STATUS, PMAX, PMIN, ...
    MU_PMAX, MU_PMIN, MU_QMAX, MU_QMIN, PC1, PC2, QC1MIN, QC1MAX, ...
    QC2MIN, QC2MAX, RAMP_AGC, RAMP_10, RAMP_30, RAMP_Q, APF] = idx_gen;
[CT_LABEL, CT_PROB, CT_TABLE, CT_TBUS, CT_TGEN, CT_TBRCH, CT_TAREABUS, ...
    CT_TAREAGEN, CT_TAREABRCH, CT_ROW, CT_COL, CT_CHGTYPE, CT_REP, ...
    CT_REL, CT_ADD, CT_NEWVAL, CT_TLOAD, CT_TAREALOAD, CT_LOAD_ALL_PQ, ...
    CT_LOAD_FIX_PQ, CT_LOAD_DIS_PQ, CT_LOAD_ALL_P, CT_LOAD_FIX_P, ...
    CT_LOAD_DIS_P, CT_TGENCOST, CT_TAREAGENCOST, CT_MODCOST_F, ...
    CT_MODCOST_X] = idx_ct;

windprofile = struct( ...
    'type', 'mpcData', ...
    'table', CT_TGEN, ...
    'rows', [1:45], ...
    'col', PMAX, ...
    'chgtype', 1, ...
    'values', [] );
windprofile.values(:,1,:) = [
	3.8665 52.2446 77.8894 87.5964 14.727 33.1651 30.3502 18.0943 0.0019 10.0004 18.4855 27.5767 41.5166 48.1514 200.7917 75.6471 93.8584 99.4619 84.6222 73.5133 10.1167 77.3853 18.18 84.4579 100.0194 73.3022 13.8973 1256.4899 786.0532 786.0532 647.9285 115.7758 282.0739 189.2234 150.9611 335.3827 1106.7239 236.7805 431.7483 267.9091 121.3088 367.9119 211.4558 269.7528 1118.2522;
	3.775 51.0079 82.0446 82.3877 14.7046 32.9138 28.2008 17.5839 0.5852 2.7783 5.1356 7.6612 11.534 60.5094 191.6223 72.1926 89.5723 94.9199 84.6773 73.1785 9.4003 76.7988 15.4471 81.7565 96.5074 70.6112 13.1101 1270.3437 785.1467 785.1467 694.7975 115.5395 282.2576 188.3616 189.7052 334.9959 1210.5012 237.0692 440.8273 258.5021 120.1099 365.1236 212.3243 266.9073 1223.1106;
	3.8176 51.584 86.99 109.9745 15.277 34.5124 32.644 18.3017 22.5488 14.5001 26.8032 39.9851 60.1973 56.6982 160.8473 60.5983 75.1868 79.6755 82.6695 70.8621 10.8813 80.529 24.6832 86.2 99.629 71.7163 13.6046 1186.0997 772.2026 772.2026 748.2698 116.9765 275.5649 182.3991 177.7566 329.4731 1167.7809 281.3145 462.9547 266.8633 120.7095 382.8578 215.5096 264.259 1179.9453;
	3.6825 49.7588 86.927 110.854 15.0543 34.6368 31.0128 18.8244 27.9308 29.0979 53.787 80.2396 120.8003 63.8193 193.2063 72.7894 90.3127 95.7045 86.0595 69.7815 10.3376 80.8191 22.0689 86.5628 98.2799 71.8686 13.5027 1147.4665 765.0815 765.0815 725.7296 117.5082 286.865 179.6176 200.082 326.4348 1101.0801 292.7809 457.4149 263.2497 121.7251 384.2373 187.601 259.1407 1112.5497;
	3.164 42.7531 86.3926 111.9616 14.9183 32.2288 31.6477 17.9889 27.6171 28.5666 52.8049 78.7746 118.5947 62.3634 199.0115 74.9764 93.0263 98.5801 88.5925 70.4316 10.5492 75.2006 68.8238 86.232 97.959 69.4773 13.2186 1203.3584 786.6989 786.6989 704.2457 120.6568 295.3082 181.2912 195.5178 335.6582 1133.2816 301.1079 467.6446 262.3902 119.9629 357.5253 183.9775 258.5413 1145.0866;
	3.5852 48.4445 85.0249 109.3684 14.5903 32.6361 18.8706 17.7579 25.7465 28.5705 52.8121 78.7852 118.6107 48.764 197.7827 74.5135 92.4519 97.9714 64.6959 70.0849 6.2902 76.1509 68.4735 84.3389 96.877 70.2889 13.1747 1118.9328 774.46 774.46 673.9073 121.2973 215.6528 180.3987 152.8816 330.4362 1106.7329 309.7305 457.693 259.4921 117.5763 362.0432 160.0744 254.5941 1118.2614;
	3.6072 48.7408 83.136 101.9586 14.0078 32.5019 13.426 17.3283 25.2324 28.3426 52.3909 78.157 117.6649 66.0645 197.2449 74.3109 92.2005 97.705 91.2081 73.5324 4.4753 75.8377 69.5551 85.6333 98.7281 69.2495 12.6612 1157.8531 722.2824 722.2824 643.3838 115.972 304.027 189.2727 207.121 308.1738 1054.1593 293.7466 429.5106 264.4504 119.0179 360.5541 174.4054 256.6427 1065.1401;
	3.6216 48.9359 83.7871 102.9777 13.9531 31.8999 0.955 17.5811 0.1076 28.1059 51.9532 77.504 116.6819 44.3428 203.1674 76.5421 94.969 100.6387 90.5934 73.7025 0.3183 74.4331 68.9263 83.6524 96.5881 69.6192 13.2322 1152.5487 699.9663 699.9663 715.4491 114.0562 301.9779 189.7104 139.0207 298.6523 1072.7496 306.6423 171.4717 258.7181 120.9226 353.876 195.1379 255.4792 1083.9241;
	3.7048 50.0601 90.4234 111.8232 14.5934 31.8624 4.4069 18.3794 0.4985 27.9707 51.7033 77.1312 116.1206 28.1142 201.3591 75.8609 94.1237 99.743 90.2087 73.9107 1.469 74.3456 70.9211 85.132 98.6051 71.9898 13.4859 1108.8709 647.0957 647.0957 725.9007 112.4647 300.6957 190.2462 88.1418 276.0942 969.9837 284.9459 152.9785 264.1209 123.0389 353.4604 188.9569 262.6269 980.0877;
	3.6033 48.6889 87.0645 101.3371 14.18 28.4762 1.9578 18.4481 0.0 22.0434 40.7469 60.7864 91.5136 20.9934 195.3208 73.586 91.3011 96.7519 91.2195 73.2246 0.6526 66.4444 46.9876 85.9635 98.286 72.7375 13.1598 830.1265 589.0458 589.0458 578.786 110.4068 304.0651 188.4804 65.817 251.3262 745.0009 254.5376 31.9331 263.2662 122.4879 315.8957 153.4526 257.1435 752.7613;
	3.4608 46.7628 89.3769 106.6097 14.0128 24.4503 1.4066 17.5785 0.0 26.0149 48.0881 71.7379 108.0011 0.7841 195.5764 73.6823 91.4206 96.8786 81.1633 72.3431 0.4689 57.0508 66.7362 86.0413 97.0276 69.6946 13.2795 671.001 613.4042 613.4042 509.7605 107.7926 270.5442 186.2114 2.4581 261.7191 657.0399 204.6566 6.7475 259.8953 121.6973 271.2357 145.8548 259.0479 663.8841;
	3.1685 42.814 91.2337 109.7571 14.0685 18.3738 0.0 17.9043 0.0 24.4139 45.1287 67.3232 101.3547 0.9033 201.3449 75.8555 94.117 99.736 37.9301 72.4565 0.0 42.8723 68.4723 85.836 100.084 71.7153 13.5854 540.4875 693.3728 693.3728 514.8827 113.0021 126.4338 186.5032 2.8319 295.8391 779.3734 218.2096 0.0 268.0821 123.4324 203.8271 137.388 268.6698 787.4919;
	3.5641 48.1587 92.5709 110.9801 14.3075 20.7991 0.0 17.6684 22.2162 21.4762 39.6984 59.2222 89.1586 47.4542 193.2411 72.8025 90.329 95.7218 51.1584 71.4191 0.0 48.5313 70.1442 87.4502 102.7385 71.5181 13.6277 590.7845 662.0506 662.0506 509.1933 106.9098 170.528 183.833 148.7753 282.4749 567.1002 229.9417 0.0 275.1924 123.6508 230.7317 138.3173 272.2281 573.0075;
	3.6088 48.7631 88.9512 109.8144 14.1035 20.7197 0.0 17.7547 16.2979 21.9997 40.6661 60.6659 91.3321 35.6891 198.7398 74.874 92.8993 98.4455 54.7304 72.2086 0.0 48.346 70.3294 84.4838 97.8679 71.2478 13.4354 492.0374 628.4095 628.4095 466.7302 93.6466 182.4348 185.8651 111.89 268.1214 620.2325 246.8713 0.0 262.1462 122.2218 229.8507 148.2258 272.8839 626.6933;
	3.678 49.698 91.8069 112.813 14.5906 19.2001 0.0 18.3058 0.4073 23.0948 42.6904 63.6857 95.8784 29.3284 190.2707 71.6834 88.9405 94.2504 71.2295 69.9951 0.0 44.8002 69.1954 89.0917 102.501 75.4183 13.6512 371.1161 608.1516 608.1516 437.9908 90.5271 237.4318 180.1675 91.9484 259.478 543.9191 240.7635 0.0 274.5563 120.7254 212.9932 151.3144 263.3543 549.5849;
	2.8183 38.0814 87.6914 111.1268 14.0674 9.4021 0.0 17.7834 0.0 23.8167 44.0249 65.6765 98.8756 22.298 175.0611 65.9533 81.8309 86.7163 63.3418 70.1853 0.0 21.9381 67.1514 86.8898 98.9831 72.4815 13.5037 435.3489 476.0946 476.0946 403.1064 94.7146 211.1393 180.6573 69.9072 203.1337 443.8903 223.9693 0.0 265.1333 120.3726 104.3001 139.0468 245.752 448.5142;
	2.8176 38.0716 87.5247 110.9353 13.9934 16.2478 0.0 18.1587 0.0 23.3125 43.0928 64.286 96.7823 23.0644 172.9931 65.1742 80.8642 85.6919 65.0986 68.9722 0.0 37.9114 65.0163 85.6166 99.7046 71.522 13.4043 961.3999 432.7198 432.7198 293.7692 89.8283 216.9955 177.5346 72.3101 184.6271 756.854 229.438 59.2614 267.0659 116.7117 180.2418 127.0563 238.4449 764.7379;
	2.8589 38.6298 87.6871 112.5382 13.3604 19.2927 0.7583 17.9294 0.5122 27.5067 50.8458 75.8519 114.1946 57.4547 189.5503 71.412 88.6037 93.8935 86.8056 72.4259 0.2528 45.0162 70.6177 86.7609 98.6249 73.7877 13.3619 1191.8306 559.2405 559.2405 234.5856 70.4088 289.3521 186.4244 180.1281 238.6093 952.4902 211.8098 111.0994 264.1738 118.4781 214.0199 164.8778 260.6918 962.4119;
