function windprofile = ex_wind_profilesh1
%EX_WIND_PROFILE_D  Example wind_load_nyiso profile data for deterministic unit commitment.
% 2022.03.12
% Andres F. Ramirez


%% define constants
[GEN_BUS, PG, QG, QMAX, QMIN, VG, MBASE, GEN_STATUS, PMAX, PMIN, ...
    MU_PMAX, MU_PMIN, MU_QMAX, MU_QMIN, PC1, PC2, QC1MIN, QC1MAX, ...
    QC2MIN, QC2MAX, RAMP_AGC, RAMP_10, RAMP_30, RAMP_Q, APF] = idx_gen;
[CT_LABEL, CT_PROB, CT_TABLE, CT_TBUS, CT_TGEN, CT_TBRCH, CT_TAREABUS, ...
    CT_TAREAGEN, CT_TAREABRCH, CT_ROW, CT_COL, CT_CHGTYPE, CT_REP, ...
    CT_REL, CT_ADD, CT_NEWVAL, CT_TLOAD, CT_TAREALOAD, CT_LOAD_ALL_PQ, ...
    CT_LOAD_FIX_PQ, CT_LOAD_DIS_PQ, CT_LOAD_ALL_P, CT_LOAD_FIX_P, ...
    CT_LOAD_DIS_P, CT_TGENCOST, CT_TAREAGENCOST, CT_MODCOST_F, ...
    CT_MODCOST_X] = idx_ct;

windprofile = struct( ...
    'type', 'mpcData', ...
    'table', CT_TGEN, ...
    'rows', [1:45], ...
    'col', PMAX, ...
    'chgtype', 1, ...
    'values', [] );
windprofile.values(:,1,:) = [
	3.7321 50.4288 92.4468 120.1388 14.5915 32.8987 30.7125 19.0659 7.0772 5.1639 9.5453 14.2397 21.4379 55.9465 197.4274 74.3796 92.2859 97.7955 85.2077 67.1969 10.2375 76.7636 0.0 87.4495 106.1217 75.1729 13.8347 1268.0457 806.8014 806.8014 785.583 113.3472 284.0258 172.9649 175.3998 344.2353 1161.3858 268.2326 448.6782 284.2545 120.3428 364.956 205.8879 278.1993 1173.4836;
	3.6987 49.9782 91.9513 118.6606 14.4537 32.7332 32.3967 18.8227 11.6034 1.6857 3.1161 4.6486 6.9984 64.8847 193.1825 72.7804 90.3016 95.6927 85.7189 69.4802 10.7989 76.3774 0.1463 85.441 103.2755 73.7491 13.4985 1303.9018 812.9554 812.9554 797.9429 120.7129 285.7295 178.8422 203.4222 346.861 1223.5258 268.9299 451.6499 276.6309 121.5344 363.1198 205.7435 277.8068 1236.2709;
	3.8434 51.9331 90.0149 115.6799 14.7076 34.0932 33.1962 18.7427 23.8418 13.7896 25.4899 38.0259 57.2477 63.8526 191.0222 71.9665 89.2918 94.6226 89.4066 72.9715 11.0654 79.5509 14.2795 86.3419 101.9656 73.8895 13.0152 1301.9572 838.9259 838.9259 812.6818 121.4434 298.022 187.8288 200.1864 357.9417 1260.8573 298.7872 470.0085 273.122 118.7449 378.2076 215.5711 270.6253 1273.9912;
	3.6424 49.2166 87.3892 114.7397 14.7778 32.6542 30.6292 18.5042 27.528 28.2526 52.2245 77.9087 117.2911 66.8904 204.3793 76.9987 95.5355 101.2391 91.7992 72.1795 10.2097 76.193 22.1021 83.5834 97.093 72.1364 12.8111 1274.9036 816.3791 816.3791 792.5631 121.3087 305.9973 185.7903 209.7105 348.3217 1174.2372 322.7148 455.209 260.0706 117.4732 362.2434 178.5533 258.7231 1186.4689;
	3.2766 44.2737 90.6245 119.9149 15.144 30.8871 30.935 18.277 27.8065 29.1001 53.7912 80.2458 120.8097 64.5335 203.6523 76.7248 95.1956 100.8789 92.2148 72.6826 10.3117 72.0699 72.3103 88.334 101.0424 71.2951 13.0013 1322.426 830.169 830.169 800.4924 118.1572 307.3826 187.0852 202.3213 354.2054 1172.5865 331.9774 469.6245 270.6492 117.3056 342.6411 181.7743 263.3885 1184.801;
	3.7561 50.753 87.5924 113.673 14.3276 30.3583 17.9812 17.6967 26.1621 27.1697 50.2227 74.9224 112.7953 53.7129 203.7544 76.7633 95.2434 100.9295 67.0616 71.9281 5.9937 70.836 70.2099 86.7992 100.4248 71.4707 13.2914 1232.9885 831.315 831.315 792.7506 119.3575 223.5388 185.1431 168.3973 354.6944 1162.7136 323.331 451.16 268.9951 115.7324 336.7746 152.1299 261.3199 1174.8252;
	3.6248 48.9783 86.3381 111.8044 14.0989 30.976 12.8906 17.0847 26.0916 28.7438 53.1324 79.2631 119.3302 66.1088 201.2745 75.829 94.0841 99.7011 91.1911 71.4808 4.2969 72.2772 71.4527 86.1341 98.8316 69.4676 12.9252 1300.752 799.1056 799.1056 749.4961 115.2569 303.9702 183.9918 207.26 340.9517 1117.9713 333.564 402.5448 264.7276 116.9589 343.6267 158.7555 253.9551 1129.6168;
	3.7941 51.2661 87.2292 112.7453 14.5851 31.922 4.4081 17.3268 8.9405 29.4692 54.4734 81.2637 122.342 45.7201 202.9503 76.4603 94.8675 100.5312 92.1878 71.0927 1.4694 74.4846 74.2047 84.8294 98.2061 69.7824 13.2211 1256.8017 788.6571 788.6571 744.636 115.6628 307.2926 182.9928 143.3387 336.4937 1147.6072 336.7384 171.9932 263.0521 115.9309 354.1212 190.9234 262.092 1159.5614;
	3.7461 50.6175 87.1341 113.6613 14.0558 27.4672 2.0779 17.789 0.6104 28.3472 52.3995 78.1697 117.684 28.1146 202.6322 76.3405 94.7188 100.3736 92.9245 72.7265 0.6926 64.0902 70.4771 84.9456 99.3459 69.8142 13.3206 1184.3071 684.6405 684.6405 734.9867 116.3219 309.7485 187.1983 88.1429 292.1133 1016.7657 313.4862 4.3956 266.1051 115.3803 304.703 174.5689 265.8445 1027.3571;
	3.7311 50.4152 86.0935 110.5383 14.7241 26.6788 0.4429 17.7729 0.0 23.6647 43.7438 65.2572 98.2444 23.698 191.8965 72.2959 89.7005 95.0557 91.3698 71.2791 0.1476 62.2505 46.057 86.2223 99.186 72.0255 12.8135 1048.8058 601.2181 601.2181 616.9911 112.5606 304.5658 183.4726 74.2963 256.5197 831.3169 280.4856 0.0851 265.6767 115.3259 295.9568 138.9405 269.4561 839.9764;
	3.5691 48.2265 87.267 115.3956 14.2611 22.1983 0.1932 17.6682 0.0 28.6378 52.9366 78.9709 118.8903 11.9915 199.0675 74.9975 93.0525 98.6079 86.3341 72.1152 0.0644 51.796 71.5678 87.4221 99.9363 71.1894 13.2669 856.6576 641.354 641.354 541.0239 116.3126 287.7803 185.6248 37.5949 273.6444 750.2732 221.1798 0.0 267.6866 116.6187 246.2532 133.1056 265.6529 758.0886;
	3.2098 43.372 87.0229 110.2085 14.5833 14.4536 0.0161 17.6269 0.0 27.0816 50.06 74.6797 112.4299 13.5842 199.2716 75.0744 93.1479 98.709 40.5057 69.9872 0.0054 33.7251 69.7217 86.1627 98.6605 70.9372 13.1126 616.0813 688.5032 688.5032 518.0745 110.7896 135.019 180.1473 42.5884 293.7614 809.0108 224.7691 0.0 264.2691 120.7806 160.3386 124.1105 265.2844 817.438;
	3.7131 50.1717 89.3292 110.2469 14.8336 19.8326 0.2927 17.3526 23.9311 23.112 42.7222 63.7332 95.95 52.2544 192.1048 72.3743 89.7978 95.1589 53.7319 69.5649 0.0976 46.2761 65.5039 84.9016 100.454 69.3318 13.3093 651.6088 712.9227 712.9227 523.33 108.922 179.1062 179.0602 163.8245 304.1803 609.4854 247.086 11.2282 269.0733 122.6516 220.0096 140.4722 266.2404 615.8342;
	3.6396 49.1794 86.7832 109.6973 14.8013 18.5689 0.0 17.5093 16.1772 21.5569 39.8477 59.4449 89.494 37.8409 198.2454 74.6878 92.6682 98.2006 56.8408 71.6499 0.0 43.3275 63.6991 84.0362 98.3723 69.283 12.8608 510.0601 689.3602 689.3602 486.0924 92.8066 189.4692 184.427 118.6364 294.127 674.4357 248.2489 0.0 263.4972 120.2042 205.9914 151.5545 255.1861 681.461;
	3.7207 50.2754 86.8367 111.4911 14.9087 18.6272 0.3331 18.1618 0.7419 25.9164 47.9061 71.4665 107.5925 25.999 191.1661 72.0207 89.359 94.6939 70.0755 71.256 0.111 43.4634 69.5212 84.7148 100.5129 70.5066 13.384 397.5361 691.1472 691.1472 463.7755 82.1531 233.5849 183.4131 81.5104 294.8895 600.8201 245.4825 0.0 269.231 117.2159 206.6375 154.9696 240.3796 607.0786;
	3.4248 46.2761 86.6926 113.8472 14.414 9.7537 0.0 17.6363 0.0 27.9957 51.7496 77.2002 116.2245 19.1083 184.3933 69.4691 86.1932 91.339 64.6594 70.0988 0.0 22.7585 70.8611 85.2618 98.3836 70.6498 13.4477 455.8007 564.3045 564.3045 425.3636 87.1016 215.5312 180.4345 59.907 240.7699 503.4735 224.2002 0.0 263.5274 118.0952 108.2006 145.1076 239.1735 508.7181;
	3.3142 44.7815 87.2763 112.9909 14.5455 16.8286 0.0 17.9897 1.3392 28.586 52.8409 78.8282 118.6754 25.8142 187.5223 70.6479 87.6558 92.8889 68.9869 69.7327 0.0 39.2667 72.1351 87.4883 103.1602 72.1437 13.2842 1084.6875 454.8258 454.8258 283.5213 84.3651 229.9562 179.492 80.931 194.059 836.358 229.4245 59.5033 276.3221 118.0772 186.6853 120.4643 240.5639 845.07;
	2.6117 35.29 86.3018 109.8445 14.5245 15.4918 0.0 17.7721 1.3971 28.2843 52.2832 77.9962 117.4229 39.675 191.0189 71.9653 89.2902 94.621 80.9777 70.7198 0.0 36.1475 70.7505 85.8484 98.4504 71.5705 13.482 1265.3407 553.1239 553.1239 208.2268 62.2919 269.9258 182.0331 124.3865 235.9995 1031.2754 207.1425 5.3793 263.7063 117.9919 171.8557 132.7844 254.1116 1042.0179;
