function solarprofile = ex_solar_profilesh1
%EX_WIND_PROFILE_D  Example wind_load_nyiso profile data for deterministic unit commitment.
% 2022.03.12
% Andres F. Ramirez


%% define constants
[GEN_BUS, PG, QG, QMAX, QMIN, VG, MBASE, GEN_STATUS, PMAX, PMIN, ...
    MU_PMAX, MU_PMIN, MU_QMAX, MU_QMIN, PC1, PC2, QC1MIN, QC1MAX, ...
    QC2MIN, QC2MAX, RAMP_AGC, RAMP_10, RAMP_30, RAMP_Q, APF] = idx_gen;
[CT_LABEL, CT_PROB, CT_TABLE, CT_TBUS, CT_TGEN, CT_TBRCH, CT_TAREABUS, ...
    CT_TAREAGEN, CT_TAREABRCH, CT_ROW, CT_COL, CT_CHGTYPE, CT_REP, ...
    CT_REL, CT_ADD, CT_NEWVAL, CT_TLOAD, CT_TAREALOAD, CT_LOAD_ALL_PQ, ...
    CT_LOAD_FIX_PQ, CT_LOAD_DIS_PQ, CT_LOAD_ALL_P, CT_LOAD_FIX_P, ...
    CT_LOAD_DIS_P, CT_TGENCOST, CT_TAREAGENCOST, CT_MODCOST_F, ...
    CT_MODCOST_X] = idx_ct;

solarprofile = struct( ...
    'type', 'mpcData', ...
    'table', CT_TGEN, ...
    'rows', [1:12], ...
    'col', PMAX, ...
    'chgtype', 1, ...
    'values', [] );
solarprofile.values(:,1,:) = [
	0.0 0.0 0.0 0.0 0.0 0.0 0.0 0.0 0.0 0.0 0.0 0.0;
	0.0 0.0 0.0 0.0 0.0 0.0 0.0 0.0 0.0 0.0 0.0 0.0;
	0.0 0.0 0.0 0.0 0.0 0.0 0.0 0.0 0.0 0.0 0.0 0.0;
	0.0 0.0 0.0 0.0 0.0 0.0 0.0 0.0 0.0 0.0 0.0 0.0;
	0.0 0.0 0.0 0.0 0.0 0.0 0.0 0.0 0.0 0.0 0.0 0.0;
	0.4095 0.3502 0.302 0.0 0.0 0.1765 0.0221 0.1431 0.0956 0.0 0.0 0.0;
	2.6195 3.3642 2.6797 0.703 0.366 44.8213 5.6027 20.8868 81.2896 60.2194 22.6272 109.0577;
	4.3545 5.5554 3.4024 0.9975 0.9636 143.8024 17.9753 29.1944 227.1586 139.164 71.7368 252.0269;
	4.6993 5.5319 2.1978 2.5291 2.4326 199.5969 24.9496 38.422 275.8035 210.3591 114.8002 380.9615;
	4.4525 6.1844 2.408 10.8512 12.6148 243.8185 30.4773 52.7273 286.9155 255.0812 144.0296 461.9537;
	8.7248 12.0828 6.5957 11.2815 12.465 243.9702 30.4963 58.4952 280.4849 276.0704 171.8911 499.9651;
	11.5717 13.0364 9.0058 11.3238 12.1426 211.0463 26.3808 56.8045 265.7612 285.9749 182.9213 517.9023;
	6.8216 5.975 5.9617 10.9538 7.6337 180.679 22.5849 42.7037 252.8526 229.2326 147.6099 415.1416;
	5.8514 4.267 3.7811 10.2187 6.7743 150.8219 18.8527 35.1935 247.7206 202.763 139.9699 367.205;
	3.8379 2.2927 2.525 8.0825 5.6969 101.9591 12.7449 29.8515 238.2129 172.1318 120.6865 311.7318;
	1.9012 1.3859 1.1433 4.5813 2.6965 71.9508 8.9939 21.2898 217.9073 24.4274 11.6987 44.2383;
	0.6968 0.565 0.2875 1.3673 1.3547 52.2532 6.5316 4.102 54.6416 5.6213 4.1818 10.1802;
	0.0 0.0 0.0 0.0 0.0 0.0 0.0 0.0 0.0 0.0 0.0 0.0;
	0.0 0.0 0.0 0.0 0.0 0.0 0.0 0.0 0.0 0.0 0.0 0.0;
	0.0 0.0 0.0 0.0 0.0 0.0 0.0 0.0 0.0 0.0 0.0 0.0;
	0.0 0.0 0.0 0.0 0.0 0.0 0.0 0.0 0.0 0.0 0.0 0.0;
	0.0 0.0 0.0 0.0 0.0 0.0 0.0 0.0 0.0 0.0 0.0 0.0;
	0.0 0.0 0.0 0.0 0.0 0.0 0.0 0.0 0.0 0.0 0.0 0.0;
	0.0 0.0 0.0 0.0 0.0 0.0 0.0 0.0 0.0 0.0 0.0 0.0;
];
