function loadprofile = ex_load_profilesh1
%EX_LOAD_PROFILE  Example load profile data file for stochastic unit commitment.
% 2022.03.12
% Andres F. Ramirez

%% define constants
[CT_LABEL, CT_PROB, CT_TABLE, CT_TBUS, CT_TGEN, CT_TBRCH, CT_TAREABUS, ...
    CT_TAREAGEN, CT_TAREABRCH, CT_ROW, CT_COL, CT_CHGTYPE, CT_REP, ...
    CT_REL, CT_ADD, CT_NEWVAL, CT_TLOAD, CT_TAREALOAD, CT_LOAD_ALL_PQ, ...
    CT_LOAD_FIX_PQ, CT_LOAD_DIS_PQ, CT_LOAD_ALL_P, CT_LOAD_FIX_P, ...
    CT_LOAD_DIS_P, CT_TGENCOST, CT_TAREAGENCOST, CT_MODCOST_F, ...
    CT_MODCOST_X] = idx_ct;

loadprofile = struct( ...
    'type', 'mpcData', ...
    'table', CT_TAREALOAD, ...
    'rows', [1:11], ...
    'col', CT_LOAD_ALL_P, ...
    'chgtype', 1, ...
    'values', [] );
loadprofile.values(:,1,:) = [
	1518.86 995.5794 1518.5456 533.7 751.8864 1078.1 822.8 221.2533 482.7364 4165.1231 1550.3147;
	1526.0266 955.1068 1516.9858 521.0 733.2681 1101.5193 826.6791 223.1407 482.7998 4092.2063 1508.1807;
	1533.3954 995.3863 1557.3 523.8 760.3678 1112.3164 817.6386 221.7939 463.5149 4052.4862 1539.1592;
	1605.9266 1036.7278 1628.9629 544.8868 815.1548 1188.0884 871.2374 254.76 516.0452 4271.3171 1611.7288;
	1745.8022 1113.4505 1834.017 575.0 948.2495 1336.191 966.9273 291.0154 598.8513 4651.192 1841.6584;
	1879.6644 1186.9512 1907.0628 596.8 1001.6612 1416.2 1041.0 321.5 644.1928 5126.4405 1983.6451;
	1895.6072 1225.6997 1918.433 596.8 1022.1129 1402.4313 1064.8775 334.4375 660.083 5401.2095 1981.4323;
	1932.1001 1254.5786 1901.4428 596.1 990.5 1398.5534 1061.6621 326.7094 665.9279 5733.8627 2018.7645;
	1889.1 1215.7875 1850.231 579.0736 949.3831 1378.7673 1037.9074 310.2784 673.5088 5544.2345 1936.8241;
	1859.5203 1221.2 1839.6762 577.4458 969.6599 1398.9804 1075.1701 309.8196 665.5858 5896.5985 2060.2419;
	1839.2369 1239.2139 1821.8868 570.0 957.4401 1368.4446 1070.88 291.1343 674.2368 5887.681 1963.5035;
	1846.7594 1231.1155 1832.841 556.7741 972.5 1371.1767 1053.994 305.9969 670.8291 5981.4786 2028.2684;
	1853.1634 1220.1105 1803.8649 562.0052 928.3717 1368.4692 1069.3402 310.1702 679.1 5907.8985 2094.9845;
	1814.5941 1189.8 1785.2693 553.4209 911.0836 1369.2771 1094.363 315.7069 660.5036 5881.7683 2155.9687;
	1748.4618 1184.9941 1761.9058 544.2457 901.7519 1401.5177 1086.0383 318.5435 648.3526 5964.0356 2173.4102;
	1778.1546 1189.6232 1810.7643 534.9092 960.063 1399.2659 1132.6524 318.3078 666.7031 6076.7149 2221.6778;
	1748.077 1180.8061 1812.4821 541.422 989.9634 1384.0294 1154.7277 324.9 682.0232 5790.984 2267.9079;
	1777.2 1202.5637 1830.6084 547.3684 990.3852 1414.3 1228.5484 328.8296 698.3 5828.1924 2351.5903;
	1850.8688 1261.8942 1909.0245 553.051 1006.963 1423.6724 1183.0083 321.548 675.5163 5743.5853 2358.3575;
	1783.0758 1169.2692 1839.5486 546.0267 975.852 1348.7565 1176.0318 305.1583 646.5 5502.3821 2247.9375;
	1731.4888 1113.7604 1724.7817 534.3848 927.4778 1297.0239 1072.7686 282.8124 608.9422 5251.7876 2106.872;
	1638.9124 1060.2708 1615.0 522.3898 865.322 1204.986 1003.3996 262.2 549.0697 4888.9797 1924.3;
	1594.9945 1012.6087 1614.606 521.7004 834.8891 1191.1394 947.9236 260.7 530.496 4781.5324 1801.4;
	1580.5442 963.8732 1592.0 534.1407 794.7538 1176.7777 895.1537 247.4757 501.0 4551.1203 1695.7298;
];
