function windprofile = ex_wind_profilesh1
%EX_WIND_PROFILE_D  Example wind_load_nyiso profile data for deterministic unit commitment.
% 2022.03.12
% Andres F. Ramirez


%% define constants
[GEN_BUS, PG, QG, QMAX, QMIN, VG, MBASE, GEN_STATUS, PMAX, PMIN, ...
    MU_PMAX, MU_PMIN, MU_QMAX, MU_QMIN, PC1, PC2, QC1MIN, QC1MAX, ...
    QC2MIN, QC2MAX, RAMP_AGC, RAMP_10, RAMP_30, RAMP_Q, APF] = idx_gen;
[CT_LABEL, CT_PROB, CT_TABLE, CT_TBUS, CT_TGEN, CT_TBRCH, CT_TAREABUS, ...
    CT_TAREAGEN, CT_TAREABRCH, CT_ROW, CT_COL, CT_CHGTYPE, CT_REP, ...
    CT_REL, CT_ADD, CT_NEWVAL, CT_TLOAD, CT_TAREALOAD, CT_LOAD_ALL_PQ, ...
    CT_LOAD_FIX_PQ, CT_LOAD_DIS_PQ, CT_LOAD_ALL_P, CT_LOAD_FIX_P, ...
    CT_LOAD_DIS_P, CT_TGENCOST, CT_TAREAGENCOST, CT_MODCOST_F, ...
    CT_MODCOST_X] = idx_ct;

windprofile = struct( ...
    'type', 'mpcData', ...
    'table', CT_TGEN, ...
    'rows', [1:45], ...
    'col', PMAX, ...
    'chgtype', 1, ...
    'values', [] );
windprofile.values(:,1,:) = [
	4.0234 54.3655 95.4378 121.0491 15.3587 34.51 32.5174 18.703 12.4406 19.3332 35.7372 53.3128 80.2621 58.5044 204.382 76.9997 95.5367 101.2404 91.1012 70.4983 10.8391 80.5232 27.0451 89.5565 105.2388 75.4629 14.0241 1326.6718 821.1336 821.1336 761.1171 120.0026 303.6706 181.4629 183.4193 350.3503 1224.8299 290.6009 478.702 281.8895 123.3962 382.8304 220.1035 286.7472 1237.5885;
	3.947 53.3321 94.7018 118.8325 15.0698 33.3082 32.5855 17.9013 12.5306 15.7917 29.1907 43.5468 65.5595 64.572 197.5355 74.4204 92.3364 97.849 88.6702 71.7274 10.8618 77.7191 28.4442 86.2009 100.1399 73.8005 13.7729 1299.355 805.9423 805.9423 780.3679 117.6269 295.5673 184.6264 202.4419 343.8687 1275.0697 272.0055 475.7568 268.232 122.2259 369.4989 210.047 283.4201 1288.3517;
	3.8504 52.0271 93.9821 117.632 14.9622 32.4367 33.1299 18.2072 21.9994 16.0081 29.5908 44.1436 66.4579 62.8189 185.9168 70.0431 86.9053 92.0937 91.4841 72.4723 11.0433 75.6856 25.5161 89.0958 103.1705 73.9416 13.8663 1322.5018 807.0106 807.0106 777.4306 117.9255 304.9469 186.544 196.9458 344.3245 1260.3705 288.7786 469.6952 276.3496 120.5075 359.8309 210.4755 270.4381 1273.4994;
	3.7858 51.1542 93.9308 119.699 15.2022 32.1293 32.0765 18.2367 27.4899 30.6042 56.5714 84.3935 127.0539 67.4478 202.6046 76.3301 94.7059 100.3599 90.7359 69.8634 10.6922 74.9684 27.5023 88.9177 102.369 73.5561 13.6349 1290.6014 819.973 819.973 788.8999 114.0633 302.4531 179.8287 211.4581 349.8552 1222.5831 308.0594 475.3214 274.2028 118.9573 356.4211 180.1968 272.4514 1235.3183;
	2.7996 37.8289 93.537 117.467 14.5069 25.662 30.9348 17.8703 26.5554 30.2538 55.9236 83.4271 125.599 64.3332 200.9801 75.7181 93.9465 99.5553 89.9908 72.2276 10.3116 59.878 72.5992 88.9354 100.6981 72.5174 13.2496 1294.9742 816.7651 816.7651 750.2057 111.6602 299.9695 185.9139 201.6934 348.4864 1161.748 314.1605 455.9578 269.7269 118.856 284.677 165.8143 266.9746 1173.8495;
	3.5371 47.7944 93.8776 116.2523 14.6121 31.5523 18.6523 17.7993 24.2219 29.1957 53.9678 80.5093 121.2064 54.4154 200.0893 75.3825 93.5301 99.114 60.2109 73.0279 6.2174 73.622 70.2917 87.4566 97.9732 72.4389 13.9115 1276.0749 827.0654 827.0654 742.7333 113.9421 200.7029 187.9741 170.5995 352.8812 1200.6279 315.3956 458.9869 262.4282 120.0917 350.0199 155.25 266.3734 1213.1344;
	3.4552 46.6867 93.5451 116.2674 14.9334 32.3921 11.4599 17.5628 22.8365 29.8091 55.1016 82.2007 123.7527 65.7521 200.001 75.3492 93.4888 99.0703 87.7948 72.5135 3.82 75.5815 71.8052 88.8692 100.5289 70.013 13.9294 1299.7268 820.4873 820.4873 735.8525 112.8212 292.6492 186.65 206.1418 350.0746 1211.6374 321.681 380.4942 269.2738 119.2006 359.336 166.577 266.9828 1224.2587;
	3.5453 47.9052 94.0842 117.409 14.6386 31.9572 0.788 18.0861 0.0 29.1875 53.9527 80.4868 121.1724 47.5847 204.2402 76.9463 95.4704 101.1701 87.9278 73.2726 0.2627 74.5668 71.4977 89.3482 99.2566 72.244 14.0162 1316.4541 824.7195 824.7195 723.5912 111.2115 293.0926 188.6039 149.1846 351.8803 1238.3577 306.5882 178.4932 265.8659 119.5408 354.5118 185.6423 259.1721 1251.2573;
	3.5762 48.3221 93.2815 117.6696 14.8985 29.9939 0.1179 17.9148 0.0 29.3324 54.2204 80.8862 121.7737 26.5173 201.2339 75.8137 94.0651 99.681 88.6604 72.9658 0.0393 69.9858 72.0644 86.0103 97.2409 69.8508 13.5166 1222.3109 712.4841 712.4841 674.7063 112.9288 295.5346 187.8141 83.1353 303.9932 1027.6913 288.4953 51.7998 260.4668 121.1486 332.7323 175.21 260.5685 1038.3964;
	3.2387 43.7615 88.8716 109.1248 14.7423 26.2402 0.0 18.0732 0.0 25.213 46.6059 69.5268 104.6722 21.5024 193.215 72.7926 90.3168 95.7088 85.4382 72.9234 0.0 61.2272 51.5629 85.7963 98.1969 71.4001 13.0935 1017.1783 619.8117 619.8117 549.4194 113.9285 284.7938 187.7051 67.4131 264.453 809.487 260.7266 0.0 263.0274 118.5896 291.0914 136.8002 257.533 817.9192;
	3.2462 43.8634 92.0785 110.0914 14.657 24.3917 0.0 17.9326 0.0 28.7768 53.1935 79.3542 119.4674 1.0043 195.2248 73.5498 91.2563 96.7044 79.3148 71.2397 0.0 56.9139 74.9992 86.2254 98.1638 70.2898 13.543 847.5314 688.2661 688.2661 508.5974 115.6255 264.3825 183.3711 3.1486 293.6602 774.5032 212.4327 0.5054 262.9388 117.5623 270.5851 129.7553 260.233 782.571;
	2.1393 28.9063 91.3683 111.1699 14.6963 17.4722 0.0 17.6711 0.0 27.2477 50.3669 75.1376 113.1192 1.049 196.234 73.93 91.728 97.2043 37.2835 71.6592 0.0 40.7685 73.9683 86.8242 98.4136 71.3994 13.3867 619.9137 707.0656 707.0656 495.6828 109.9887 124.2783 184.4509 3.2889 301.6813 801.016 204.6571 0.0 263.6079 120.5867 193.8252 114.5968 261.9607 809.3599;
	3.5625 48.1372 92.756 113.0169 14.6453 20.5654 0.0 17.5868 20.496 24.4395 45.176 67.3937 101.4609 42.8286 189.5107 71.397 88.5852 93.8739 52.6604 69.9241 0.0 47.9859 74.8991 85.022 99.9979 70.3293 13.4489 611.6382 689.0208 689.0208 530.1456 106.3755 175.5348 179.9847 134.2734 293.9822 584.5876 233.6771 2.1019 267.8514 119.4984 228.1385 130.4272 262.7932 590.6771;
	3.5412 47.849 90.1536 114.8435 15.0604 20.1161 0.0 17.6421 14.514 23.643 43.7037 65.1974 98.1543 35.1372 194.7017 73.3527 91.0117 96.4453 53.7094 70.837 0.0 46.9376 72.4263 84.3458 97.8148 70.6639 13.0424 509.3766 673.3475 673.3475 478.2318 96.3697 179.0312 182.3347 110.1598 287.2949 647.936 243.8001 3.6713 262.004 118.3619 223.1547 142.3886 264.0832 654.6854;
	3.593 48.5487 92.2947 116.615 15.1684 19.6006 0.0 18.1984 0.0 25.7209 47.5446 70.9272 106.7806 27.6326 186.7869 70.3709 87.312 92.5247 69.8964 69.517 0.0 45.7348 73.3983 85.802 98.5254 74.1986 13.6494 369.1743 627.1894 627.1894 435.8168 87.2461 232.9879 178.9369 86.6321 267.6008 556.6291 239.7959 35.633 263.9073 118.9766 217.4364 157.1678 260.4595 562.4273;
	2.7835 37.6118 89.3774 115.2423 14.6563 9.1178 0.0 17.6612 0.0 28.1274 51.9931 77.5634 116.7713 22.9254 179.2393 67.5274 83.784 88.786 63.5281 69.7914 0.0 21.275 72.9235 85.0815 96.4406 73.8614 13.2364 404.3397 504.7085 504.7085 410.2617 88.5289 211.7603 179.6432 71.8743 215.3423 461.4227 218.0655 5.7479 258.323 119.8933 101.1473 142.811 248.9492 466.2292;
	2.9629 40.0354 88.3444 114.0905 14.006 16.7548 0.0 18.0688 0.0 27.7549 51.3044 76.5361 115.2247 33.2361 191.1573 72.0174 89.3549 94.6896 68.3083 70.7761 0.0 39.0945 70.9558 84.1609 99.8358 71.2711 13.0927 918.838 445.3036 445.3036 299.0045 91.1345 227.6942 182.1778 104.1998 189.9962 812.6492 222.2925 102.1344 267.4174 116.8784 185.8663 118.8948 231.0315 821.1143;
	3.064 41.401 91.8686 115.072 14.3783 20.5842 0.0646 17.636 4.131 29.7464 54.9857 82.0279 123.4925 57.794 204.565 77.0687 95.6222 101.331 84.2077 72.3797 0.0215 48.0298 74.5306 84.2566 97.7829 71.5638 13.2585 1161.1083 591.3047 591.3047 233.0044 71.553 280.6922 186.3056 181.1921 252.29 1032.5427 207.2434 129.5945 261.9185 117.046 228.3472 161.5426 259.542 1043.2984;
