function windprofile = ex_wind_profilesh1
%EX_WIND_PROFILE_D  Example wind_load_nyiso profile data for deterministic unit commitment.
% 2022.03.12
% Andres F. Ramirez


%% define constants
[GEN_BUS, PG, QG, QMAX, QMIN, VG, MBASE, GEN_STATUS, PMAX, PMIN, ...
    MU_PMAX, MU_PMIN, MU_QMAX, MU_QMIN, PC1, PC2, QC1MIN, QC1MAX, ...
    QC2MIN, QC2MAX, RAMP_AGC, RAMP_10, RAMP_30, RAMP_Q, APF] = idx_gen;
[CT_LABEL, CT_PROB, CT_TABLE, CT_TBUS, CT_TGEN, CT_TBRCH, CT_TAREABUS, ...
    CT_TAREAGEN, CT_TAREABRCH, CT_ROW, CT_COL, CT_CHGTYPE, CT_REP, ...
    CT_REL, CT_ADD, CT_NEWVAL, CT_TLOAD, CT_TAREALOAD, CT_LOAD_ALL_PQ, ...
    CT_LOAD_FIX_PQ, CT_LOAD_DIS_PQ, CT_LOAD_ALL_P, CT_LOAD_FIX_P, ...
    CT_LOAD_DIS_P, CT_TGENCOST, CT_TAREAGENCOST, CT_MODCOST_F, ...
    CT_MODCOST_X] = idx_ct;

windprofile = struct( ...
    'type', 'mpcData', ...
    'table', CT_TGEN, ...
    'rows', [1:45], ...
    'col', PMAX, ...
    'chgtype', 1, ...
    'values', [] );
windprofile.values(:,1,:) = [
	3.4832 47.0658 87.2855 110.6323 14.3023 12.0384 13.283 16.1579 26.8037 25.2643 46.7007 69.6682 104.8851 7.8885 18.3198 6.9019 8.5635 9.0747 11.6782 27.2485 4.4277 28.0897 60.6302 81.5103 90.9324 70.5119 6.3428 667.9767 383.3821 383.3821 212.9999 35.8131 38.9272 70.1376 24.7315 163.5764 501.6512 54.1154 302.6115 243.5688 11.6904 133.5463 116.781 215.0973 506.8768;
	3.2194 43.5012 86.4685 107.2801 13.9487 12.9638 13.144 16.4941 26.084 22.2349 41.1009 61.3144 92.3086 6.1646 11.7498 4.4267 5.4924 5.8203 9.8364 15.7737 4.3813 30.2489 56.3894 82.9291 93.3346 71.6768 5.5261 641.5312 346.5065 346.5065 164.3383 28.8355 32.788 40.6015 19.3269 147.8428 463.1069 48.7293 297.6367 250.0035 10.0899 143.812 108.1733 200.1256 467.9309;
	2.9474 39.8258 87.1864 98.4828 13.991 0.0 11.4128 17.1328 25.9465 20.7457 38.3481 57.2078 86.1261 8.2319 9.5377 3.5933 4.4583 4.7245 20.378 22.752 3.8043 0.0 53.4993 82.564 93.4253 70.8474 7.3433 619.406 318.6402 318.6402 150.8923 30.6424 67.9267 58.5638 25.8081 135.9531 398.3119 35.9509 246.7387 250.2464 16.3712 0.0 82.3239 193.3663 402.4609;
	2.7207 36.7621 85.9537 95.9131 13.9421 1.4087 9.2426 16.4123 23.2659 21.3621 39.4875 58.9076 88.6851 9.57 5.1271 1.9316 2.3966 2.5397 13.3935 21.9362 3.0809 3.287 50.2908 82.2969 96.2649 74.7506 6.9271 468.113 226.4101 226.4101 152.184 27.0314 44.6449 56.4637 30.0033 96.6016 288.7622 28.5625 169.3603 257.8525 3.5253 15.6272 75.9625 205.7691 291.7702;
	2.223 30.0373 87.8441 102.217 13.9932 10.8446 7.6956 17.2172 14.7588 18.4191 34.0475 50.7921 76.4673 12.5803 7.1426 2.6909 3.3388 3.5381 19.0436 25.2588 2.5652 25.3041 44.3973 84.1836 98.7126 75.4319 6.9943 358.5042 120.9389 120.9389 143.5278 25.635 63.4788 65.0163 39.4409 51.6006 143.0195 31.5999 149.6982 264.4089 13.3418 120.3031 81.248 227.6353 144.5093;
	2.9866 40.3557 91.7736 110.2474 14.1859 20.8999 6.8796 17.6485 6.3259 19.5771 36.1879 53.9852 81.2745 22.5654 8.7318 3.2897 4.0816 4.3253 29.3574 26.5374 2.2932 48.7664 56.7042 88.8116 101.0891 75.5167 7.1944 302.9885 107.9835 107.9835 119.786 23.7121 97.8581 68.3072 70.7457 46.073 120.0985 26.3175 164.1869 270.7744 14.5108 231.8496 91.2621 225.6372 121.3496;
	2.6009 35.1439 90.4436 109.4569 14.0769 21.9171 7.5519 17.0452 6.577 27.1391 50.1662 74.838 112.6683 32.3782 15.8106 5.9566 7.3905 7.8318 32.8829 35.4583 2.5173 51.1398 64.1511 88.6688 99.342 74.414 10.5448 278.7144 179.3065 179.3065 92.8919 12.076 109.6098 91.2698 101.5099 76.5041 160.0512 17.7598 145.7086 266.0946 11.9946 243.1334 94.8769 225.3634 161.7184;
	1.8167 24.5477 70.0593 101.1758 14.3507 18.0006 10.3128 17.3046 16.977 28.3355 52.3778 78.1373 117.6353 34.2943 25.4284 9.58 11.8863 12.5959 50.6498 50.336 3.4376 42.0014 68.8478 86.8243 98.2792 71.0095 11.8705 173.2994 97.3813 97.3813 72.4785 6.6412 168.8325 129.565 107.5174 41.5494 99.9586 14.9605 161.661 263.2478 8.1248 199.6867 86.2011 206.3524 100.9998;
	2.8908 39.0614 86.2601 99.3266 14.7212 24.2079 9.7933 18.4914 19.8767 27.6092 51.0351 76.1343 114.6198 39.8223 17.186 6.4747 8.0335 8.5131 57.7742 50.7059 3.2644 56.4851 66.0554 88.6679 101.6048 71.8161 11.6914 181.7173 110.8347 110.8347 72.5857 6.916 192.5806 130.5172 124.8481 47.2895 118.4791 18.095 120.4296 272.1558 19.2532 268.5463 80.5623 235.3866 119.7133;
	2.1109 28.5228 83.3009 98.7957 13.4436 14.2586 9.4345 17.7458 24.2398 28.008 51.7724 77.2342 116.2757 40.5025 0.1306 0.0492 0.061 0.0647 63.2286 44.0683 3.1448 33.27 67.7183 80.6608 96.4306 71.0938 11.3567 295.5867 207.7627 207.7627 91.9103 9.1737 210.7618 113.4318 126.9809 88.6454 222.6927 24.6789 0.0 258.2962 29.4846 158.1753 81.8702 208.1363 225.0124;
	1.6225 21.9234 79.0904 94.6086 12.4029 26.3518 12.1172 17.9103 24.6654 28.7747 53.1896 79.3485 119.4587 47.4208 2.6864 1.0121 1.2557 1.3307 55.5862 34.7686 4.0391 61.4876 68.9484 83.3524 94.9658 73.1573 11.7785 387.8748 231.0293 231.0293 146.5153 10.3016 185.2874 89.4946 148.6707 98.5725 299.1519 24.2976 110.1601 254.3727 18.7318 292.3298 92.6677 181.6639 302.2681;
	1.6477 22.2637 83.6653 80.6869 11.5788 29.9285 18.2073 17.4256 25.8552 28.1136 51.9675 77.5253 116.714 51.907 6.904 2.6011 3.2272 3.4199 65.2153 47.1125 6.0691 69.8331 66.7443 80.9731 95.8138 69.174 11.6059 493.3827 344.3192 344.3192 269.6625 15.824 217.3843 121.2677 162.7355 146.9095 427.2826 40.3931 163.1216 256.6441 0.565 332.0067 104.5726 180.6687 431.7335;
	2.6775 36.1796 85.0895 77.6481 13.0725 30.0778 19.3919 16.7439 26.525 28.0658 51.8793 77.3937 116.5157 53.0499 27.3202 10.2927 12.7706 13.533 51.665 47.7502 6.464 70.1815 68.6046 78.2769 96.7101 62.3809 10.4801 657.2005 410.6496 410.6496 301.9602 22.0989 172.2168 122.9092 166.3185 175.2105 577.8229 49.0799 185.0295 259.0449 4.7182 333.6627 134.2799 184.6468 583.8419;
	3.5968 48.6009 89.293 105.846 14.2819 30.308 21.2374 18.0146 26.6363 28.9339 53.4838 79.7873 120.1193 58.317 44.1538 16.6347 20.6393 21.8715 66.5564 52.3254 7.0791 70.7187 67.215 82.1019 100.6831 69.6399 11.3932 870.9812 583.5238 583.5238 410.5572 28.5917 221.8546 134.6857 182.8318 248.9702 750.8079 77.5369 239.7247 269.6869 10.3671 336.2167 138.6091 244.3347 758.6288;
	3.8152 51.5521 89.0783 99.1097 14.3506 32.1005 25.6247 17.4584 27.2252 23.3957 43.2467 64.5155 97.1277 64.4018 84.1665 31.7092 39.3429 41.6918 69.3144 52.0532 8.5416 74.9012 26.3928 76.2113 97.3433 66.4191 11.9579 1013.6659 662.6481 662.6481 510.6339 33.7519 231.048 133.985 201.9083 282.7298 946.146 109.8911 394.4306 260.7409 17.8946 356.1019 156.6898 244.3586 956.0017;
	3.6423 49.2155 90.9755 104.0973 14.2153 31.6342 24.946 18.2374 26.0222 17.3235 32.0222 47.7708 71.9187 64.3607 112.0529 42.2153 52.3782 55.5053 83.3162 64.7359 8.3153 73.8131 30.9275 81.6867 102.0229 69.1445 12.9211 1047.6882 702.0121 702.0121 658.9033 43.7803 277.7208 166.6304 201.7794 299.5252 926.8406 149.5742 307.4073 273.2755 23.2775 350.9285 162.2846 255.62 936.4951;
	3.7236 50.3137 90.4306 108.6006 14.2976 32.2657 26.4188 18.1945 24.2705 15.6452 28.92 43.1429 64.9514 64.0908 137.6248 51.8493 64.3316 68.1723 84.5916 69.9655 8.8063 75.2867 2.7379 82.5513 100.8131 72.4661 12.488 1044.7285 690.2619 690.2619 678.9518 67.0915 281.9721 180.0913 200.9332 294.5117 888.6325 188.9418 324.9841 270.0352 10.8537 357.9346 196.5498 274.2134 897.889;
	3.7542 50.7274 93.9432 113.1631 14.5116 32.5377 24.6641 18.7973 24.1114 6.5205 12.053 17.9807 27.0698 62.9393 160.5502 60.4864 75.0479 79.5284 83.5927 69.702 8.2214 75.9214 8.8205 85.53 104.8511 73.6618 13.4234 1150.6257 714.029 714.029 691.8734 87.7343 278.6424 179.4131 197.3233 304.6524 1027.0601 222.6221 342.1461 280.8511 115.9881 360.9521 173.2025 271.6413 1037.7586;
	3.7043 50.0538 90.8119 117.2937 15.0194 33.7114 25.5106 14.7135 20.1788 10.4272 19.2746 28.7539 43.2889 58.6764 176.1043 66.3463 82.3185 87.2331 84.5326 68.0614 8.5035 78.6599 23.4914 88.5716 105.4239 66.7448 13.3873 1198.071 686.6846 686.6846 624.7991 96.4573 281.7754 175.1901 183.9585 292.9854 1007.0291 220.3751 372.562 282.3855 118.7343 373.9717 177.6035 272.0359 1017.519;
