function loadprofile = ex_load_profilesh1
%EX_LOAD_PROFILE  Example load profile data file for stochastic unit commitment.
% 2022.03.12
% Andres F. Ramirez

%% define constants
[CT_LABEL, CT_PROB, CT_TABLE, CT_TBUS, CT_TGEN, CT_TBRCH, CT_TAREABUS, ...
    CT_TAREAGEN, CT_TAREABRCH, CT_ROW, CT_COL, CT_CHGTYPE, CT_REP, ...
    CT_REL, CT_ADD, CT_NEWVAL, CT_TLOAD, CT_TAREALOAD, CT_LOAD_ALL_PQ, ...
    CT_LOAD_FIX_PQ, CT_LOAD_DIS_PQ, CT_LOAD_ALL_P, CT_LOAD_FIX_P, ...
    CT_LOAD_DIS_P, CT_TGENCOST, CT_TAREAGENCOST, CT_MODCOST_F, ...
    CT_MODCOST_X] = idx_ct;

loadprofile = struct( ...
    'type', 'mpcData', ...
    'table', CT_TAREALOAD, ...
    'rows', [1:11], ...
    'col', CT_LOAD_ALL_P, ...
    'chgtype', 1, ...
    'values', [] );
loadprofile.values(:,1,:) = [
	1468.1 881.403 1560.3169 564.3 784.7387 1150.1513 854.2916 256.3 497.6645 4488.9293 1704.4918;
	1452.2243 886.6314 1581.7 569.3699 800.4311 1136.0803 839.9 248.6 486.7 4379.3731 1651.3504;
	1452.5716 887.8 1596.3911 581.2 812.2084 1151.134 842.6727 255.4 497.0 4408.6012 1691.2313;
	1548.2053 957.1671 1703.8781 588.4 867.8351 1230.2014 895.979 274.5143 516.5035 4634.3856 1790.2568;
	1669.3875 1059.9558 1871.5423 598.8384 978.3212 1372.6345 1001.5 302.1265 591.9794 5146.3 2022.0504;
	1787.6623 1143.002 1970.7444 616.3864 1042.3415 1457.0831 1052.7228 325.6792 641.6425 5623.388 2130.3688;
	1814.8553 1176.4135 1965.3393 623.0996 1059.0958 1461.4094 1086.395 332.1 674.7147 5964.4312 2162.5203;
	1808.3895 1167.4881 1956.1718 615.4029 1048.8425 1467.2823 1075.6409 342.4725 690.0305 6230.6639 2224.2648;
	1803.5338 1164.604 1957.1193 618.3617 1012.8733 1449.6888 1075.3 335.1438 695.6 6302.3188 2188.3534;
	1840.7036 1171.4918 1944.5253 615.1018 1017.7614 1429.6353 1058.1276 330.4013 691.9 6340.7868 2118.3801;
	1790.3571 1175.7023 1919.5354 593.5 1000.0994 1382.0812 1067.4944 326.8625 694.1108 6312.3302 2081.8593;
	1815.628 1162.4515 1897.9 591.3757 994.4971 1415.5029 1096.5348 317.3 711.5 6298.1828 2141.7118;
	1756.7534 1142.7221 1859.8128 601.7537 981.1708 1409.3533 1089.4511 312.7745 689.2738 6249.3177 2121.8192;
	1776.9569 1131.7082 1834.7953 590.9776 973.6 1378.0204 1066.8419 320.1 686.0844 6326.8246 2218.9641;
	1730.4899 1096.1697 1799.1186 587.6624 966.7615 1374.7645 1024.527 317.1031 669.0896 6267.6831 2200.715;
	1730.1505 1102.4944 1800.2235 582.8612 951.8901 1392.3235 1060.2265 336.6507 674.596 6241.6917 2353.1853;
	1742.4079 1115.3287 1823.3749 583.1 988.7561 1400.3662 1076.5822 365.2416 699.0006 6130.7873 2436.7639;
	1760.8776 1139.7106 1838.8145 592.0318 1021.503 1422.638 1107.1107 349.6851 733.0 6174.7497 2516.1723;
	1805.263 1165.5701 1834.9299 570.0602 988.9909 1408.2386 1116.8008 354.0718 723.5209 6053.6131 2548.1585;
	1764.1787 1083.3857 1744.6305 553.5 951.8491 1332.2 1099.7 337.6054 684.9437 5881.7271 2387.7546;
	1653.7635 982.8191 1638.3464 545.3273 881.1 1235.8948 999.2052 317.6959 617.1439 5550.7921 2131.6658;
	1537.331 904.4334 1500.0631 514.3536 803.2222 1117.1647 905.0128 277.8 554.1637 5166.2881 1961.0622;
	1447.7493 886.0894 1472.0999 495.7824 788.5 1113.4352 877.4669 251.3894 507.8584 4859.8554 1817.8169;
	1434.4868 870.1912 1471.6331 488.4746 738.9662 1097.2584 830.887 243.229 490.8762 4602.4735 1778.5333;
];
