function loadprofile = ex_load_profilesh1
%EX_LOAD_PROFILE  Example load profile data file for stochastic unit commitment.
% 2022.03.12
% Andres F. Ramirez

%% define constants
[CT_LABEL, CT_PROB, CT_TABLE, CT_TBUS, CT_TGEN, CT_TBRCH, CT_TAREABUS, ...
    CT_TAREAGEN, CT_TAREABRCH, CT_ROW, CT_COL, CT_CHGTYPE, CT_REP, ...
    CT_REL, CT_ADD, CT_NEWVAL, CT_TLOAD, CT_TAREALOAD, CT_LOAD_ALL_PQ, ...
    CT_LOAD_FIX_PQ, CT_LOAD_DIS_PQ, CT_LOAD_ALL_P, CT_LOAD_FIX_P, ...
    CT_LOAD_DIS_P, CT_TGENCOST, CT_TAREAGENCOST, CT_MODCOST_F, ...
    CT_MODCOST_X] = idx_ct;

loadprofile = struct( ...
    'type', 'mpcData', ...
    'table', CT_TAREALOAD, ...
    'rows', [1:11], ...
    'col', CT_LOAD_ALL_P, ...
    'chgtype', 1, ...
    'values', [] );
loadprofile.values(:,1,:) = [
	1437.7385 908.6034 1494.3969 526.1932 743.2159 1075.5079 850.0043 254.0 416.5429 4403.9605 1696.0314;
	1398.1724 916.1 1469.5888 534.0 727.3944 1063.9965 841.5 247.132 412.9226 4424.8801 1685.3;
	1457.4895 935.5 1522.9671 547.3739 765.3481 1088.5429 858.0018 258.618 410.4343 4413.3 1685.4307;
	1521.2563 1006.1565 1647.5 557.5092 822.4389 1181.703 904.2 277.1864 445.1325 4656.7202 1809.0;
	1648.476 1123.7616 1864.7213 595.7848 939.5446 1317.6354 1009.9665 318.0472 533.5002 5185.8104 2048.3;
	1752.9973 1212.9526 2014.0284 605.3084 1053.7498 1415.0054 1080.7382 367.0975 630.5614 5783.8538 2236.5241;
	1812.6261 1225.4603 1981.0555 598.6449 1021.4208 1377.8854 1086.3 357.4532 639.4168 5929.0412 2186.2558;
	1829.7929 1240.7299 1996.4345 607.6 1010.2564 1385.766 1092.6263 352.4187 663.9 6170.0141 2162.154;
	1823.2873 1263.6 1983.7809 596.509 999.4486 1371.188 1062.9819 346.3158 673.5273 6265.776 2140.1637;
	1767.1095 1207.7 1873.0651 591.0274 942.1402 1261.9614 994.4189 334.3408 639.7531 6214.4046 2073.3594;
	1693.4234 1189.8359 1836.873 593.5 895.3893 1248.2911 976.5413 332.0839 610.2108 6239.4384 2001.5;
	1721.9725 1205.4113 1854.9291 579.4 905.9 1244.7406 974.6436 325.5445 599.9901 6227.3507 2091.4;
	1727.959 1194.1 1838.7619 561.5 890.6927 1201.9649 996.1977 336.3707 600.8028 6245.7281 2193.4103;
	1712.7684 1199.2757 1878.2884 566.3987 931.4722 1257.3744 1038.9284 344.2955 605.5944 6449.2995 2277.7283;
	1690.8608 1176.5508 1867.9266 569.5 904.748 1266.4923 1016.1896 347.221 605.8382 6354.3049 2210.9106;
	1700.1307 1170.664 1871.8164 567.6579 918.4 1309.2134 1027.9966 352.1006 646.9018 6394.0985 2255.4233;
	1699.4488 1177.2886 1868.7546 571.062 952.7402 1377.4554 1059.7294 380.1704 676.9762 6274.6705 2369.2647;
	1699.3267 1234.0699 1927.1668 585.0058 992.3644 1430.5375 1124.0852 397.7754 720.6 6298.1648 2519.4637;
	1721.8784 1221.3045 1892.0267 578.3238 979.6 1429.6761 1123.14 380.0193 708.097 6291.7401 2508.0571;
	1682.4335 1169.3762 1808.8254 570.9 925.8106 1340.152 1068.3897 355.9111 665.6929 5836.6969 2319.2316;
	1580.7852 1058.6585 1678.1 557.1 867.3849 1244.3553 985.5648 309.2354 611.4 5468.1989 2134.2597;
	1453.419 966.315 1535.3615 554.1 814.4404 1146.0 915.6275 306.0 581.8803 5151.2179 2054.4851;
	1444.6217 925.1047 1526.6262 529.8 778.7247 1116.237 888.5725 291.6281 517.3 4717.6342 2112.7763;
	1390.0496 887.991 1520.5668 518.096 751.7329 1125.4692 881.3853 284.7669 489.8 4576.0985 2017.6618;
];
