function windprofile = ex_wind_profilesh1
%EX_WIND_PROFILE_D  Example wind_load_nyiso profile data for deterministic unit commitment.
% 2022.03.12
% Andres F. Ramirez


%% define constants
[GEN_BUS, PG, QG, QMAX, QMIN, VG, MBASE, GEN_STATUS, PMAX, PMIN, ...
    MU_PMAX, MU_PMIN, MU_QMAX, MU_QMIN, PC1, PC2, QC1MIN, QC1MAX, ...
    QC2MIN, QC2MAX, RAMP_AGC, RAMP_10, RAMP_30, RAMP_Q, APF] = idx_gen;
[CT_LABEL, CT_PROB, CT_TABLE, CT_TBUS, CT_TGEN, CT_TBRCH, CT_TAREABUS, ...
    CT_TAREAGEN, CT_TAREABRCH, CT_ROW, CT_COL, CT_CHGTYPE, CT_REP, ...
    CT_REL, CT_ADD, CT_NEWVAL, CT_TLOAD, CT_TAREALOAD, CT_LOAD_ALL_PQ, ...
    CT_LOAD_FIX_PQ, CT_LOAD_DIS_PQ, CT_LOAD_ALL_P, CT_LOAD_FIX_P, ...
    CT_LOAD_DIS_P, CT_TGENCOST, CT_TAREAGENCOST, CT_MODCOST_F, ...
    CT_MODCOST_X] = idx_ct;

windprofile = struct( ...
    'type', 'mpcData', ...
    'table', CT_TGEN, ...
    'rows', [1:45], ...
    'col', PMAX, ...
    'chgtype', 1, ...
    'values', [] );
windprofile.values(:,1,:) = [
	3.5151 47.4968 91.3268 117.1849 14.6384 15.1968 15.0987 16.0687 27.9527 24.8762 45.9833 68.5981 103.274 5.0653 24.1461 9.0969 11.2869 11.9608 21.1514 29.4211 5.0329 35.4591 58.4463 84.6473 96.4551 65.6189 6.0459 689.6457 374.0596 374.0596 206.9972 36.1136 70.5046 75.7301 15.8803 159.5988 482.3087 55.8804 302.9622 258.3619 14.4414 168.5827 117.299 216.896 487.3327;
	3.1864 43.0551 88.548 112.3632 14.2094 15.9909 12.8988 14.8547 26.5454 24.0476 44.4517 66.3132 99.8341 4.3271 14.6622 5.5239 6.8537 7.2629 14.7161 16.572 4.2996 37.312 59.9938 81.0916 91.8807 69.075 4.9358 667.5932 332.201 332.201 150.9691 26.9058 49.0536 42.6563 13.5661 141.7391 437.1321 47.9204 273.0006 246.109 12.5791 177.392 110.742 204.9904 441.6856;
	3.0852 41.6883 87.1768 108.1652 14.6158 13.2451 11.583 15.903 27.8494 24.7077 45.6718 68.1333 102.5743 6.9521 17.1542 6.4628 8.0186 8.4973 20.7851 25.6085 3.861 30.9053 66.8747 79.5476 92.2166 69.1927 6.3024 577.2166 284.2202 284.2202 132.7559 30.2067 69.2837 65.9164 21.7957 121.2673 355.0711 35.0674 221.7861 247.0087 4.6555 146.9326 83.7785 168.1657 358.7698;
	2.8115 37.9901 90.0195 110.7441 14.7185 13.3354 11.0934 16.4246 27.8819 24.821 45.8812 68.4457 103.0446 8.5393 16.869 6.3553 7.8853 8.356 11.3914 25.6137 3.6978 31.116 68.9391 82.5287 98.3916 72.2179 7.3599 458.5806 222.5813 222.5813 150.4219 25.4718 37.9714 65.9297 26.7719 94.968 274.33 32.0313 169.2813 263.549 1.5459 147.9342 73.9741 195.5867 277.1876;
	2.4494 33.0965 90.1383 112.5137 14.9253 15.5457 9.9184 17.4718 19.2158 21.9319 40.5408 60.4788 91.0506 13.5314 22.4143 8.4445 10.4774 11.1029 20.6798 28.8398 3.3061 36.2733 55.0345 86.0964 102.8835 72.8384 8.8805 392.0548 185.8603 185.8603 131.4855 25.6929 68.9326 74.2338 42.4228 79.3004 172.1087 31.5839 171.2947 275.5807 14.1576 172.4535 85.9462 213.0145 173.9015;
	3.0965 41.8409 93.9376 117.9206 14.7193 24.3255 11.1762 18.6523 12.037 21.1232 39.0459 58.2489 87.6934 26.8541 20.2153 7.616 9.4495 10.0136 31.7711 32.3688 3.7254 56.7596 57.8788 89.7333 106.2731 74.898 8.6988 330.7257 181.0715 181.0715 121.3568 24.2013 105.9036 83.3173 84.1911 77.2572 148.0244 30.8228 186.5956 284.6602 15.0638 269.8511 93.675 213.8628 149.5663;
	2.4841 33.5656 91.417 112.3291 14.4693 24.037 11.617 17.4715 13.1167 27.4289 50.7019 75.6372 113.8714 38.6309 28.9629 10.9116 13.5385 14.3467 44.2864 39.745 3.8723 56.0862 67.72 88.2523 103.9 71.7318 11.4002 279.7158 214.3533 214.3533 105.0437 14.2754 147.6212 102.3037 121.1131 91.4574 185.9373 21.6179 149.2606 278.3035 10.2561 266.6499 99.6044 232.6886 187.8742;
	1.7339 23.4286 71.4823 110.4284 14.9879 19.1114 12.0191 17.5163 19.5724 29.618 54.7485 81.6739 122.9596 41.2398 32.9591 12.4171 15.4064 16.3262 60.3574 59.0505 4.0064 44.5932 73.681 84.8894 102.0784 71.8902 12.4716 186.6025 175.0408 175.0408 95.8041 9.9033 201.1914 151.9961 129.2924 74.6841 137.9433 25.9496 167.816 273.4243 9.7827 212.0086 96.8651 214.8412 139.3802;
	2.7082 36.5932 88.3365 105.1146 15.0961 22.6019 10.2081 18.4167 20.2338 27.6668 51.1416 76.2932 114.8589 39.6444 21.461 8.0853 10.0318 10.6307 68.2743 52.5391 3.4027 52.7377 65.9298 88.1128 103.1671 71.6767 12.6473 175.2495 143.0192 143.0192 88.8673 7.4931 227.581 135.2357 124.2906 61.0215 137.6716 19.1156 116.3272 276.3405 20.8459 250.73 86.0547 241.312 139.1057;
	1.8349 24.7938 85.1412 107.6508 13.3217 12.3074 9.7926 17.923 23.8944 25.8345 47.7548 71.2407 107.2525 29.5036 1.0311 0.3885 0.482 0.5108 74.6226 41.1636 3.2642 28.7172 50.8176 84.71 99.8584 71.2092 11.7421 294.6018 217.0789 217.0789 99.7452 8.893 248.742 105.9552 92.4978 92.6203 234.7014 23.2986 3.3712 267.4778 1.1318 136.5298 75.029 212.3094 237.1462;
	1.5957 21.5619 79.3152 106.1782 12.1549 23.3982 13.2324 17.4153 24.4051 26.4524 48.8969 72.9446 109.8177 36.3867 0.0022 0.0008 0.001 0.0011 61.7563 27.604 4.4108 54.5958 50.9961 85.2377 95.6414 73.2946 11.3366 429.163 282.6671 282.6671 141.6303 14.5539 205.8543 71.0527 114.0771 120.6046 329.1294 23.3371 139.1169 256.1823 0.0015 259.564 85.9584 185.8681 332.5578;
	1.6916 22.8566 84.1992 94.5675 11.4793 29.3573 20.0036 17.9624 25.7719 23.1466 42.7862 63.8286 96.0936 44.0725 12.9262 4.8699 6.0422 6.403 78.6763 46.4854 6.6679 68.5003 59.1642 84.487 98.507 70.5366 11.9883 518.1486 364.6956 364.6956 274.6236 17.744 262.2544 119.6534 138.1734 155.6035 439.1555 37.6476 176.1348 263.858 0.6295 325.6701 100.9969 177.8246 443.73;
	2.7692 37.4175 88.42 93.0163 13.7164 30.4744 20.0397 17.6977 25.7542 22.0422 40.7447 60.7831 91.5086 41.1337 44.6629 16.8265 20.8773 22.1237 82.0447 62.6945 6.6799 71.1068 58.2273 85.5668 100.5104 69.4691 11.5 629.1254 396.3042 396.3042 283.1778 21.6798 273.4824 161.3758 128.9598 169.0898 553.9961 45.7 166.1152 269.2243 0.2404 338.0623 131.0224 207.4216 559.7669;
	3.4064 46.0277 87.4883 110.7775 14.2464 29.5385 22.2271 18.2251 26.6604 26.7745 49.4922 73.8326 111.1546 53.2993 63.7857 24.0309 29.8161 31.5962 84.0435 57.5913 7.409 68.9232 56.6814 85.3564 99.9087 71.4694 12.001 777.8055 538.9064 538.9064 365.271 29.9294 280.1451 148.24 167.1006 229.9334 669.5276 66.4161 272.8043 267.6125 3.3535 327.6806 136.4218 244.3459 676.5019;
	3.5834 48.4201 89.2548 113.086 14.1888 31.7822 26.0625 18.0311 27.3514 25.5409 47.212 70.431 106.0335 62.2506 89.2027 33.6066 41.6971 44.1865 79.7153 56.808 8.6875 74.1586 44.4905 87.657 100.7459 71.8889 12.3147 997.6448 614.0398 614.0398 454.7252 36.6589 265.7176 146.224 195.1641 261.9903 895.5043 88.6751 416.8127 269.855 21.3095 352.5711 149.0104 249.3194 904.8324;
	3.6047 48.7073 92.6442 114.6399 14.5092 32.4532 28.3959 17.967 28.059 18.563 34.3134 51.1888 77.0645 63.4485 131.2723 49.4561 61.3622 65.0256 89.0055 67.5323 9.4653 75.7241 36.3659 88.6953 103.3691 68.9356 13.0338 1114.5735 691.0539 691.0539 641.643 49.5006 296.685 173.8283 198.9195 294.8497 980.9146 148.257 368.7446 276.8815 20.7552 360.014 173.248 254.7496 991.1324;
	3.7507 50.6804 92.4269 119.3054 14.2862 32.993 31.3772 19.0133 28.3991 18.6711 34.5132 51.4869 77.5132 63.9313 158.8346 59.84 74.2459 78.6785 86.71 68.9918 10.4591 76.9838 27.0453 88.8207 105.3422 72.7232 13.3507 1055.9634 728.2896 728.2896 667.7642 77.7997 289.0335 177.5851 200.4333 310.7369 964.6267 193.1749 406.7217 282.1667 59.1184 366.0029 203.7017 270.7459 974.6749;
	3.8047 51.41 93.2876 117.6965 14.3268 34.1239 30.85 18.1264 28.267 16.2672 30.0696 44.858 67.5335 65.0167 167.4685 63.0928 78.2818 82.9553 88.8885 71.2209 10.2833 79.6223 14.3602 85.1534 102.3611 69.1368 12.9149 1173.0271 784.7736 784.7736 704.7673 87.1167 296.295 183.3227 203.8362 334.8368 1090.6403 232.7311 444.995 274.1816 114.0901 378.5473 204.7271 257.3034 1102.0011;
	3.8323 51.7825 91.9085 116.9429 13.9818 34.067 31.4642 11.6599 28.36 18.8539 34.8512 51.9911 78.2723 67.4624 179.0785 67.4668 83.7088 88.7063 87.3846 71.4661 10.4881 79.4896 48.4626 83.6864 100.2407 49.5937 12.0999 1209.8713 775.9595 775.9595 656.1548 96.6056 291.2819 183.9538 211.5037 331.0761 1111.1486 226.9191 442.053 268.5018 120.6618 377.9164 210.5186 271.2658 1122.723;
