function solarprofile = ex_solar_profilesh1
%EX_WIND_PROFILE_D  Example wind_load_nyiso profile data for deterministic unit commitment.
% 2022.03.12
% Andres F. Ramirez


%% define constants
[GEN_BUS, PG, QG, QMAX, QMIN, VG, MBASE, GEN_STATUS, PMAX, PMIN, ...
    MU_PMAX, MU_PMIN, MU_QMAX, MU_QMIN, PC1, PC2, QC1MIN, QC1MAX, ...
    QC2MIN, QC2MAX, RAMP_AGC, RAMP_10, RAMP_30, RAMP_Q, APF] = idx_gen;
[CT_LABEL, CT_PROB, CT_TABLE, CT_TBUS, CT_TGEN, CT_TBRCH, CT_TAREABUS, ...
    CT_TAREAGEN, CT_TAREABRCH, CT_ROW, CT_COL, CT_CHGTYPE, CT_REP, ...
    CT_REL, CT_ADD, CT_NEWVAL, CT_TLOAD, CT_TAREALOAD, CT_LOAD_ALL_PQ, ...
    CT_LOAD_FIX_PQ, CT_LOAD_DIS_PQ, CT_LOAD_ALL_P, CT_LOAD_FIX_P, ...
    CT_LOAD_DIS_P, CT_TGENCOST, CT_TAREAGENCOST, CT_MODCOST_F, ...
    CT_MODCOST_X] = idx_ct;

solarprofile = struct( ...
    'type', 'mpcData', ...
    'table', CT_TGEN, ...
    'rows', [1:12], ...
    'col', PMAX, ...
    'chgtype', 1, ...
    'values', [] );
solarprofile.values(:,1,:) = [
	0.0 0.0 0.0 0.0 0.0 0.0 0.0 0.0 0.0 0.0 0.0 0.0;
	0.0 0.0 0.0 0.0 0.0 0.0 0.0 0.0 0.0 0.0 0.0 0.0;
	0.0 0.0 0.0 0.0 0.0 0.0 0.0 0.0 0.0 0.0 0.0 0.0;
	0.0 0.0 0.0 0.0 0.0 0.0 0.0 0.0 0.0 0.0 0.0 0.0;
	0.0 0.0 0.0 0.0 0.0 0.0 0.0 0.0 0.0 0.0 0.0 0.0;
	0.0951 0.0972 0.1051 0.0 0.0 0.1251 0.0156 0.1784 0.0 0.0 0.0 0.0;
	4.6362 3.5131 2.3138 3.0061 8.9777 40.7583 5.0948 15.2573 30.8623 50.9141 34.6124 92.2057;
	6.6725 5.4028 2.9937 6.6073 11.4942 53.4801 6.685 9.3054 77.5446 135.5447 101.0084 245.4723;
	6.1364 4.2612 2.061 9.7013 12.1552 92.4085 11.5511 8.1987 105.2119 222.2241 158.2404 402.4493;
	16.3645 9.3301 4.5511 11.4807 12.0655 389.6022 48.7003 58.8846 238.8431 262.4206 208.5172 475.2453;
	23.1722 15.6338 11.7059 11.4099 12.2451 375.8363 46.9795 57.2059 227.1857 315.7373 251.8285 571.8022;
	23.8833 16.0751 13.2565 11.3626 12.156 358.925 44.8656 53.9403 225.4008 321.7645 253.3912 582.7175;
	24.8729 16.5824 13.7384 7.634 7.4779 320.6594 40.0824 57.8124 218.231 228.448 196.7977 413.7207;
	22.5861 16.0225 13.1706 7.0115 6.9606 332.4886 41.5611 61.5632 210.68 178.658 153.8512 323.5506;
	21.4836 14.5013 10.3414 5.1102 7.3861 315.7109 39.4639 60.1886 185.4378 139.5001 123.812 252.6356;
	18.01 11.8312 6.5366 4.4691 9.2195 117.5802 14.6975 22.154 40.121 57.8871 29.646 104.8339;
	1.829 1.2825 0.8276 0.9602 2.6143 39.9616 4.9952 6.3721 28.7853 16.63 10.1538 30.117;
	0.0 0.0 0.0 0.0 0.0 0.0 0.0 0.0 0.0 0.0 0.0 0.0;
	0.0 0.0 0.0 0.0 0.0 0.0 0.0 0.0 0.0 0.0 0.0 0.0;
	0.0 0.0 0.0 0.0 0.0 0.0 0.0 0.0 0.0 0.0 0.0 0.0;
	0.0 0.0 0.0 0.0 0.0 0.0 0.0 0.0 0.0 0.0 0.0 0.0;
	0.0 0.0 0.0 0.0 0.0 0.0 0.0 0.0 0.0 0.0 0.0 0.0;
	0.0 0.0 0.0 0.0 0.0 0.0 0.0 0.0 0.0 0.0 0.0 0.0;
	0.0 0.0 0.0 0.0 0.0 0.0 0.0 0.0 0.0 0.0 0.0 0.0;
];
