function solarprofile = ex_solar_profilesh1
%EX_WIND_PROFILE_D  Example wind_load_nyiso profile data for deterministic unit commitment.
% 2022.03.12
% Andres F. Ramirez


%% define constants
[GEN_BUS, PG, QG, QMAX, QMIN, VG, MBASE, GEN_STATUS, PMAX, PMIN, ...
    MU_PMAX, MU_PMIN, MU_QMAX, MU_QMIN, PC1, PC2, QC1MIN, QC1MAX, ...
    QC2MIN, QC2MAX, RAMP_AGC, RAMP_10, RAMP_30, RAMP_Q, APF] = idx_gen;
[CT_LABEL, CT_PROB, CT_TABLE, CT_TBUS, CT_TGEN, CT_TBRCH, CT_TAREABUS, ...
    CT_TAREAGEN, CT_TAREABRCH, CT_ROW, CT_COL, CT_CHGTYPE, CT_REP, ...
    CT_REL, CT_ADD, CT_NEWVAL, CT_TLOAD, CT_TAREALOAD, CT_LOAD_ALL_PQ, ...
    CT_LOAD_FIX_PQ, CT_LOAD_DIS_PQ, CT_LOAD_ALL_P, CT_LOAD_FIX_P, ...
    CT_LOAD_DIS_P, CT_TGENCOST, CT_TAREAGENCOST, CT_MODCOST_F, ...
    CT_MODCOST_X] = idx_ct;

solarprofile = struct( ...
    'type', 'mpcData', ...
    'table', CT_TGEN, ...
    'rows', [1:12], ...
    'col', PMAX, ...
    'chgtype', 1, ...
    'values', [] );
solarprofile.values(:,1,:) = [
	0.0 0.0 0.0 0.0 0.0 0.0 0.0 0.0 0.0 0.0 0.0 0.0;
	0.0 0.0 0.0 0.0 0.0 0.0 0.0 0.0 0.0 0.0 0.0 0.0;
	0.0 0.0 0.0 0.0 0.0 0.0 0.0 0.0 0.0 0.0 0.0 0.0;
	0.0 0.0 0.0 0.0 0.0 0.0 0.0 0.0 0.0 0.0 0.0 0.0;
	0.0 0.0 0.0 0.0 0.0 0.0 0.0 0.0 0.0 0.0 0.0 0.0;
	0.1004 0.0992 0.1051 0.0 0.0 0.1251 0.0156 0.1784 0.4063 0.0 0.0 0.0;
	2.1062 2.3256 1.6972 3.1041 4.1818 111.337 13.9171 42.1786 192.3988 61.9503 32.4404 112.1923;
	8.1057 6.5854 6.2633 4.9335 10.7839 106.6896 13.3362 34.1492 163.0909 239.5717 108.1678 433.8658;
	14.7417 11.1444 10.1147 6.7984 11.7305 100.4018 12.5502 34.3244 149.1498 306.2618 166.55 554.6419;
	22.0602 15.8088 13.2069 10.4293 6.4578 371.6972 46.4622 69.0157 264.2876 259.4965 173.751 469.9497;
	23.2716 16.039 13.0845 11.0071 5.277 384.246 48.0307 70.7765 276.9684 271.4287 186.2674 491.559;
	23.3335 15.9648 12.4795 10.9821 6.9656 386.933 48.3666 69.4388 274.0764 259.7031 182.7598 470.3239;
	24.1115 16.5824 13.5828 4.9374 3.4 323.4283 40.4285 62.6076 236.7202 209.0047 156.5991 378.5089;
	20.7101 15.3532 12.7493 4.6648 2.9169 275.015 34.3769 60.8773 212.2984 202.7172 136.6524 367.1221;
	13.8476 9.7329 9.2204 3.8015 1.7307 175.3804 21.9226 56.6675 149.9685 159.2546 123.9406 288.411;
	2.8188 3.0961 3.8249 2.4655 0.5443 25.8309 3.2289 10.1588 11.928 34.78 54.4823 62.9867;
	0.9565 0.8038 0.645 0.7058 1.3081 32.2753 4.0344 6.2543 20.3237 14.9225 15.823 27.0248;
	0.0 0.0 0.0 0.0 0.0 0.0 0.0 0.0 0.0 0.0 0.0 0.0;
	0.0 0.0 0.0 0.0 0.0 0.0 0.0 0.0 0.0 0.0 0.0 0.0;
	0.0 0.0 0.0 0.0 0.0 0.0 0.0 0.0 0.0 0.0 0.0 0.0;
	0.0 0.0 0.0 0.0 0.0 0.0 0.0 0.0 0.0 0.0 0.0 0.0;
	0.0 0.0 0.0 0.0 0.0 0.0 0.0 0.0 0.0 0.0 0.0 0.0;
	0.0 0.0 0.0 0.0 0.0 0.0 0.0 0.0 0.0 0.0 0.0 0.0;
	0.0 0.0 0.0 0.0 0.0 0.0 0.0 0.0 0.0 0.0 0.0 0.0;
];
