function loadprofile = ex_load_profilesh1
%EX_LOAD_PROFILE  Example load profile data file for stochastic unit commitment.
% 2022.03.12
% Andres F. Ramirez

%% define constants
[CT_LABEL, CT_PROB, CT_TABLE, CT_TBUS, CT_TGEN, CT_TBRCH, CT_TAREABUS, ...
    CT_TAREAGEN, CT_TAREABRCH, CT_ROW, CT_COL, CT_CHGTYPE, CT_REP, ...
    CT_REL, CT_ADD, CT_NEWVAL, CT_TLOAD, CT_TAREALOAD, CT_LOAD_ALL_PQ, ...
    CT_LOAD_FIX_PQ, CT_LOAD_DIS_PQ, CT_LOAD_ALL_P, CT_LOAD_FIX_P, ...
    CT_LOAD_DIS_P, CT_TGENCOST, CT_TAREAGENCOST, CT_MODCOST_F, ...
    CT_MODCOST_X] = idx_ct;

loadprofile = struct( ...
    'type', 'mpcData', ...
    'table', CT_TAREALOAD, ...
    'rows', [1:11], ...
    'col', CT_LOAD_ALL_P, ...
    'chgtype', 1, ...
    'values', [] );
loadprofile.values(:,1,:) = [
	1483.885 937.1 1620.532 579.1893 795.8311 1182.1785 934.6234 287.7241 562.56 4808.9369 1819.5191;
	1463.6626 924.6 1584.9555 584.8 794.3647 1172.8175 910.2813 286.4132 549.4594 4708.4626 1819.4211;
	1497.2365 954.6306 1619.6607 596.5224 833.0398 1197.146 910.6796 292.9571 533.9739 4785.0539 1820.0534;
	1554.8169 1011.2337 1729.1484 609.5633 890.9426 1261.2 968.6298 320.7928 564.7182 4914.9098 1925.9481;
	1701.6083 1132.5444 1938.0222 623.4413 1030.1177 1441.5988 1080.7452 356.0 673.258 5339.1659 2117.8684;
	1839.2403 1217.8595 2065.8844 628.0 1107.8712 1518.079 1169.1322 379.3747 737.049 5861.4784 2224.5936;
	1864.8 1233.7289 2063.1679 622.2077 1078.6906 1509.8241 1227.1872 382.2894 734.2531 6313.1251 2296.8155;
	1876.7 1233.6565 2041.5235 616.1311 1076.9387 1542.0797 1254.6424 415.3085 751.2172 6631.9704 2360.765;
	1854.485 1209.4 1988.1464 591.9 1056.5034 1553.5891 1253.2506 395.6939 733.3161 6496.4592 2350.508;
	1853.8755 1193.3401 1941.4696 589.8461 1065.4619 1531.1342 1227.7195 374.9421 730.8 6419.8922 2334.2872;
	1821.1173 1147.882 1913.9075 576.9968 1014.0135 1501.0005 1237.2094 383.787 733.6894 6408.6156 2287.4399;
	1836.7878 1154.017 1934.875 560.1896 1050.1777 1522.2 1258.4162 408.1642 712.3299 6503.3 2404.2;
	1827.2483 1160.4636 1887.3546 556.1432 1003.7304 1513.3848 1237.03 384.6086 705.7405 6408.5744 2453.905;
	1774.0927 1114.6772 1861.9248 557.9291 967.0244 1471.8698 1178.729 352.6735 688.2 6340.5218 2331.2239;
	1765.8323 1117.0805 1816.4233 550.6 953.9 1483.8603 1147.5061 369.2478 718.5793 6421.2432 2353.8651;
	1723.1 1141.4 1811.1685 542.9961 950.8135 1526.1096 1133.8245 358.3112 711.9917 6463.6597 2460.2287;
	1718.9441 1129.5792 1819.9418 556.1791 990.6383 1541.0203 1193.3599 366.6417 721.8467 6409.4434 2487.7805;
	1781.9782 1186.5903 1910.8768 572.9 1031.5564 1574.2988 1295.6951 385.6982 756.0533 6511.9709 2548.1618;
	1804.0118 1181.0805 1907.9285 564.9147 990.9571 1544.1422 1217.1453 386.755 742.8886 6296.7386 2446.0289;
	1747.3927 1103.0201 1787.7499 547.2234 909.5451 1403.0632 1104.2726 354.5835 685.401 6075.4031 2290.2773;
	1634.4583 1004.3144 1653.462 533.8 836.4837 1291.4989 1005.3697 329.5 628.4763 5691.4444 2134.8598;
	1507.8051 919.163 1531.9142 515.759 759.5478 1168.7108 889.8 285.0249 565.0 5202.2721 1903.6;
	1416.5859 859.7451 1487.4423 534.0397 739.6605 1167.2392 829.6916 253.3037 523.5893 4787.9 1778.1502;
	1371.7118 808.0088 1450.7358 510.3142 717.2128 1078.8831 792.02 242.5 490.1733 4370.436 1641.2242;
];
