function solarprofile = ex_solar_profilesh1
%EX_WIND_PROFILE_D  Example wind_load_nyiso profile data for deterministic unit commitment.
% 2022.03.12
% Andres F. Ramirez


%% define constants
[GEN_BUS, PG, QG, QMAX, QMIN, VG, MBASE, GEN_STATUS, PMAX, PMIN, ...
    MU_PMAX, MU_PMIN, MU_QMAX, MU_QMIN, PC1, PC2, QC1MIN, QC1MAX, ...
    QC2MIN, QC2MAX, RAMP_AGC, RAMP_10, RAMP_30, RAMP_Q, APF] = idx_gen;
[CT_LABEL, CT_PROB, CT_TABLE, CT_TBUS, CT_TGEN, CT_TBRCH, CT_TAREABUS, ...
    CT_TAREAGEN, CT_TAREABRCH, CT_ROW, CT_COL, CT_CHGTYPE, CT_REP, ...
    CT_REL, CT_ADD, CT_NEWVAL, CT_TLOAD, CT_TAREALOAD, CT_LOAD_ALL_PQ, ...
    CT_LOAD_FIX_PQ, CT_LOAD_DIS_PQ, CT_LOAD_ALL_P, CT_LOAD_FIX_P, ...
    CT_LOAD_DIS_P, CT_TGENCOST, CT_TAREAGENCOST, CT_MODCOST_F, ...
    CT_MODCOST_X] = idx_ct;

solarprofile = struct( ...
    'type', 'mpcData', ...
    'table', CT_TGEN, ...
    'rows', [1:12], ...
    'col', PMAX, ...
    'chgtype', 1, ...
    'values', [] );
solarprofile.values(:,1,:) = [
	0.0 0.0 0.0 0.0 0.0 0.0 0.0 0.0 0.0 0.0 0.0 0.0;
	0.0 0.0 0.0 0.0 0.0 0.0 0.0 0.0 0.0 0.0 0.0 0.0;
	0.0 0.0 0.0 0.0 0.0 0.0 0.0 0.0 0.0 0.0 0.0 0.0;
	0.0 0.0 0.0 0.0 0.0 0.0 0.0 0.0 0.0 0.0 0.0 0.0;
	0.0 0.0 0.0 0.0 0.0 0.0 0.0 0.0 0.0 0.0 0.0 0.0;
	0.1116 0.1057 0.1088 0.0 0.0 0.7581 0.0948 0.1784 0.0 0.0 0.0 0.0;
	1.1721 1.7777 1.1137 9.0228 3.1535 209.3808 26.1726 27.224 127.264 137.973 105.5181 249.8699;
	1.9793 5.5091 2.9509 9.7152 9.9858 241.6221 30.2028 41.6417 152.8808 208.6677 171.5697 377.8985;
	4.6623 9.5422 4.9178 10.0891 11.7676 214.8982 26.8623 35.5187 127.5387 235.8898 152.2266 427.1978;
	18.9554 16.1147 13.2137 11.0607 10.668 379.1609 47.3951 46.5387 239.8762 185.0209 65.0357 335.074;
	21.136 16.0537 13.2545 11.2165 10.8633 388.4699 48.5587 28.4955 233.6035 257.7522 59.9274 466.7907;
	21.6959 16.0751 13.2657 11.2241 10.9476 413.9822 51.7478 36.0518 243.9958 279.1494 61.9069 505.5412;
	23.8787 16.5824 14.0556 6.5001 5.2661 408.3022 51.0378 63.9865 265.4667 239.1713 52.4099 433.1406;
	20.5483 15.9673 14.1413 5.6821 4.4141 378.5359 47.317 67.919 259.851 213.5776 54.6866 386.7904;
	14.9167 12.3947 12.9349 4.3494 3.653 257.8537 32.2317 63.516 229.5825 184.6314 61.7732 334.3686;
	7.4715 6.1904 5.178 3.6177 3.5311 4.5177 0.5647 10.5071 20.2054 111.9431 19.9588 202.7295;
	1.0988 0.9001 0.6167 0.7628 2.208 33.6337 4.2042 6.3177 20.2353 24.6744 9.6164 44.6855;
	0.0 0.0 0.0 0.0 0.0 0.0 0.0 0.0 0.0 0.0 0.0 0.0;
	0.0 0.0 0.0 0.0 0.0 0.0 0.0 0.0 0.0 0.0 0.0 0.0;
	0.0 0.0 0.0 0.0 0.0 0.0 0.0 0.0 0.0 0.0 0.0 0.0;
	0.0 0.0 0.0 0.0 0.0 0.0 0.0 0.0 0.0 0.0 0.0 0.0;
	0.0 0.0 0.0 0.0 0.0 0.0 0.0 0.0 0.0 0.0 0.0 0.0;
	0.0 0.0 0.0 0.0 0.0 0.0 0.0 0.0 0.0 0.0 0.0 0.0;
	0.0 0.0 0.0 0.0 0.0 0.0 0.0 0.0 0.0 0.0 0.0 0.0;
];
