function loadprofile = ex_load_profilesh1
%EX_LOAD_PROFILE  Example load profile data file for stochastic unit commitment.
% 2022.03.12
% Andres F. Ramirez

%% define constants
[CT_LABEL, CT_PROB, CT_TABLE, CT_TBUS, CT_TGEN, CT_TBRCH, CT_TAREABUS, ...
    CT_TAREAGEN, CT_TAREABRCH, CT_ROW, CT_COL, CT_CHGTYPE, CT_REP, ...
    CT_REL, CT_ADD, CT_NEWVAL, CT_TLOAD, CT_TAREALOAD, CT_LOAD_ALL_PQ, ...
    CT_LOAD_FIX_PQ, CT_LOAD_DIS_PQ, CT_LOAD_ALL_P, CT_LOAD_FIX_P, ...
    CT_LOAD_DIS_P, CT_TGENCOST, CT_TAREAGENCOST, CT_MODCOST_F, ...
    CT_MODCOST_X] = idx_ct;

loadprofile = struct( ...
    'type', 'mpcData', ...
    'table', CT_TAREALOAD, ...
    'rows', [1:11], ...
    'col', CT_LOAD_ALL_P, ...
    'chgtype', 1, ...
    'values', [] );
loadprofile.values(:,1,:) = [
	1425.2962 917.5494 1530.3283 542.3 798.7 1171.2959 869.3 240.2356 504.2 4167.0375 1604.953;
	1424.2128 915.2266 1528.838 554.5 777.753 1156.1239 880.721 235.7615 500.479 4160.4149 1626.213;
	1429.2878 937.6682 1599.5 554.4 800.4 1193.8144 884.1594 236.9 511.1 4278.3288 1647.5484;
	1496.5064 989.3842 1690.795 547.6311 852.5642 1247.0567 925.7626 265.9143 539.0695 4485.9 1722.4985;
	1646.8056 1116.9 1858.842 568.9115 933.3 1353.8131 1010.7 301.6041 603.6 4999.7714 1855.1613;
	1751.3465 1185.2887 1951.2793 551.9777 975.2751 1415.2077 1055.7 321.5 669.1329 5357.3605 1855.7337;
	1782.2061 1203.0351 1970.7 521.7782 995.1633 1405.63 1028.0431 325.3 661.5844 5310.6852 1908.5466;
	1822.7022 1201.1257 1965.5801 557.3724 1002.1763 1423.2326 1049.8 323.1541 681.3 5546.2309 1955.4837;
	1843.1 1203.0803 1932.368 551.6959 967.1075 1368.3542 1020.0333 324.8452 673.5342 5883.4158 1923.4134;
	1819.5687 1160.1047 1857.9761 547.8031 927.9647 1319.951 960.5 290.8564 654.1225 5355.984 1548.9735;
	1789.6744 1140.163 1838.3973 539.5195 926.2343 1274.4402 916.7905 295.7297 643.532 5458.3142 1527.1755;
	1840.1214 1156.9 1845.1939 536.6175 972.4636 1301.189 914.286 307.3358 643.704 5762.3452 1614.4404;
	1782.272 1083.6667 1761.6648 544.6 895.766 1222.0309 860.0668 296.7709 626.5046 5590.5119 1461.1511;
	1780.2878 1096.3954 1727.9463 554.2976 879.9627 1260.4517 879.8995 307.1707 633.4724 5886.8557 1807.1231;
	1764.2138 1097.0569 1709.2485 559.6711 879.7596 1262.8446 849.4263 296.8919 613.548 5637.7949 1537.1864;
	1761.8939 1066.2741 1716.9846 568.7913 849.8557 1316.7038 903.0284 291.5232 646.4 5925.8043 1634.5918;
	1714.0624 1102.7091 1808.2221 566.5 894.0505 1348.2401 965.7298 312.3974 635.1 5810.4111 1705.4964;
	1705.3762 1139.3766 1857.4842 582.6822 963.3 1415.3942 1084.3394 339.4911 680.1536 5750.3754 1849.4446;
	1731.6418 1150.5467 1848.9197 583.4 959.1631 1412.3879 1076.1 325.8563 685.7956 5594.6746 1911.7849;
	1655.8904 1088.3432 1780.3047 577.1438 945.7156 1366.5169 1042.0367 298.9251 671.5 5664.5186 2006.4748;
	1577.1372 1008.8464 1681.0656 569.3386 884.9354 1268.6835 983.1 281.7 635.1946 5391.8667 2018.2571;
	1482.0 934.2894 1561.3239 561.8554 833.8842 1145.497 876.3037 254.1505 572.1991 4983.8116 1647.4937;
	1518.6597 917.9081 1545.7327 562.0603 813.6978 1105.7739 836.0186 228.8565 541.7267 4545.9637 1672.9017;
	1504.3223 882.4164 1521.1297 542.9907 768.0744 1122.0074 856.0 239.5349 525.4114 4424.6099 1666.9591;
];
