function loadprofile = ex_load_profilesh1
%EX_LOAD_PROFILE  Example load profile data file for stochastic unit commitment.
% 2022.03.12
% Andres F. Ramirez

%% define constants
[CT_LABEL, CT_PROB, CT_TABLE, CT_TBUS, CT_TGEN, CT_TBRCH, CT_TAREABUS, ...
    CT_TAREAGEN, CT_TAREABRCH, CT_ROW, CT_COL, CT_CHGTYPE, CT_REP, ...
    CT_REL, CT_ADD, CT_NEWVAL, CT_TLOAD, CT_TAREALOAD, CT_LOAD_ALL_PQ, ...
    CT_LOAD_FIX_PQ, CT_LOAD_DIS_PQ, CT_LOAD_ALL_P, CT_LOAD_FIX_P, ...
    CT_LOAD_DIS_P, CT_TGENCOST, CT_TAREAGENCOST, CT_MODCOST_F, ...
    CT_MODCOST_X] = idx_ct;

loadprofile = struct( ...
    'type', 'mpcData', ...
    'table', CT_TAREALOAD, ...
    'rows', [1:11], ...
    'col', CT_LOAD_ALL_P, ...
    'chgtype', 1, ...
    'values', [] );
loadprofile.values(:,1,:) = [
	1502.7189 882.7206 1523.4157 548.3726 763.9 1080.2522 865.7768 234.6552 493.1352 4620.8724 1690.4;
	1473.6476 879.3 1530.7207 552.4128 762.6 1087.3 864.0381 244.3799 488.3318 4571.0081 1717.8;
	1519.857 914.5985 1574.4 566.0978 796.9 1136.3203 877.4755 245.5839 499.9 4525.6922 1753.9;
	1600.6 979.9874 1689.3601 564.3729 851.9769 1201.7676 933.0381 285.2264 560.5891 4933.5338 1905.5338;
	1751.52 1118.8 1920.033 590.4147 971.1049 1398.1 1050.7 331.2488 638.2641 5330.7293 2103.9473;
	1837.6765 1179.1763 2016.7153 595.8707 1029.7701 1485.1919 1107.9177 361.4453 691.0147 5783.8715 2232.7946;
	1874.7506 1188.6497 2010.8391 564.343 1011.8375 1455.5202 1113.5289 352.8813 703.0693 6128.7997 2240.9727;
	1854.7124 1159.1849 1955.505 570.3355 1010.1685 1418.8207 1085.6558 352.3143 690.1162 6220.9049 2108.4614;
	1888.5939 1182.0994 1982.2345 566.0857 1007.9875 1393.0009 1095.2555 381.487 696.3955 6326.3637 2093.4537;
	1905.1233 1177.7373 1966.5904 561.9091 982.3 1397.7117 1092.4 378.1038 675.1 6320.2883 1969.1576;
	1915.4733 1212.1922 1985.8316 565.8 970.7405 1404.2379 1092.4194 389.9146 674.5502 6369.7767 1978.3603;
	1922.0224 1178.5703 1938.7725 560.0127 925.4313 1341.4359 1087.0792 369.5929 681.763 6303.1184 1869.5782;
	1893.9457 1175.9752 1909.5425 565.3 942.3348 1374.4582 1105.3389 364.1039 669.764 6268.3151 1960.4076;
	1936.3534 1200.7985 1891.5375 562.1121 949.159 1422.4789 1100.7812 361.3559 692.3243 6232.2634 2031.0669;
	1866.6041 1195.1992 1865.729 551.9 943.4776 1380.8421 1092.7 352.4685 688.4277 6234.5806 2107.2456;
	1847.4971 1167.4778 1884.6647 562.4 930.0 1405.1815 1091.7 337.1685 679.3855 6195.4297 2135.7188;
	1869.9341 1208.0713 1915.7 562.182 969.2021 1431.7723 1097.1432 349.2122 692.5 6135.7183 2214.9906;
	1887.0952 1204.9094 1966.3553 579.7466 1004.4161 1478.3578 1165.3529 346.9223 732.4311 6180.3709 2331.4306;
	1861.4 1221.726 1942.9 570.1887 992.6843 1498.0199 1158.8019 346.9871 722.4014 6056.5614 2326.3673;
	1775.8189 1126.132 1851.7048 565.8 954.0465 1399.2043 1121.1535 341.2159 699.6555 5838.1831 2223.5416;
	1708.1689 1047.0 1730.3682 541.7 873.689 1262.1174 1018.5591 321.1 630.4136 5492.1313 2040.7335;
	1587.1821 961.5689 1614.4 520.8 810.4 1174.3995 954.9 286.3 581.1334 5144.7 1824.1449;
	1607.9517 927.1789 1535.2827 517.1544 776.2 1123.94 896.0 258.5496 540.6926 5043.7963 1773.8866;
	1570.6264 897.8513 1511.6956 495.1662 762.7305 1132.5657 866.7172 257.4 493.125 4845.0136 1694.5771;
];
