function solarprofile = ex_solar_profilesh1
%EX_WIND_PROFILE_D  Example wind_load_nyiso profile data for deterministic unit commitment.
% 2022.03.12
% Andres F. Ramirez


%% define constants
[GEN_BUS, PG, QG, QMAX, QMIN, VG, MBASE, GEN_STATUS, PMAX, PMIN, ...
    MU_PMAX, MU_PMIN, MU_QMAX, MU_QMIN, PC1, PC2, QC1MIN, QC1MAX, ...
    QC2MIN, QC2MAX, RAMP_AGC, RAMP_10, RAMP_30, RAMP_Q, APF] = idx_gen;
[CT_LABEL, CT_PROB, CT_TABLE, CT_TBUS, CT_TGEN, CT_TBRCH, CT_TAREABUS, ...
    CT_TAREAGEN, CT_TAREABRCH, CT_ROW, CT_COL, CT_CHGTYPE, CT_REP, ...
    CT_REL, CT_ADD, CT_NEWVAL, CT_TLOAD, CT_TAREALOAD, CT_LOAD_ALL_PQ, ...
    CT_LOAD_FIX_PQ, CT_LOAD_DIS_PQ, CT_LOAD_ALL_P, CT_LOAD_FIX_P, ...
    CT_LOAD_DIS_P, CT_TGENCOST, CT_TAREAGENCOST, CT_MODCOST_F, ...
    CT_MODCOST_X] = idx_ct;

solarprofile = struct( ...
    'type', 'mpcData', ...
    'table', CT_TGEN, ...
    'rows', [1:12], ...
    'col', PMAX, ...
    'chgtype', 1, ...
    'values', [] );
solarprofile.values(:,1,:) = [
	0.0 0.0 0.0 0.0 0.0 0.0 0.0 0.0 0.0 0.0 0.0 0.0;
	0.0 0.0 0.0 0.0 0.0 0.0 0.0 0.0 0.0 0.0 0.0 0.0;
	0.0 0.0 0.0 0.0 0.0 0.0 0.0 0.0 0.0 0.0 0.0 0.0;
	0.0 0.0 0.0 0.0 0.0 0.0 0.0 0.0 0.0 0.0 0.0 0.0;
	0.0 0.0 0.0 0.0 0.0 0.0 0.0 0.0 0.0 0.0 0.0 0.0;
	0.0951 0.0972 0.1051 0.0 0.0 0.1251 0.0156 0.1784 0.6783 0.0 0.0 0.0;
	3.8253 1.7308 2.1459 6.7659 5.2496 41.1091 5.1386 24.68 68.0307 21.7086 14.3562 39.3143;
	7.6387 2.8711 4.7241 9.4638 11.3095 138.2982 17.2873 46.9819 72.9284 60.66 28.5502 109.8556;
	10.895 4.4786 5.8375 10.8136 12.5075 222.0518 27.7565 53.1113 97.6244 195.8724 78.249 354.7262;
	21.9854 13.9347 12.2695 11.6234 13.0852 433.5548 54.1944 71.5727 254.6453 311.4988 150.1477 564.1262;
	23.2996 14.2527 12.9497 11.7646 13.2741 443.3887 55.4236 76.3748 252.3226 341.7598 186.5186 618.9291;
	22.0423 9.9289 12.2736 11.7225 13.2775 453.3865 56.6733 77.5834 245.6591 338.8079 196.3867 613.5831;
	20.8544 5.499 12.08 7.5414 9.6169 403.6733 50.4592 77.4633 228.3413 232.7541 151.4793 421.519;
	19.4618 5.5437 10.5846 5.4697 8.745 368.5633 46.0704 71.4824 204.6046 131.3159 97.606 237.8139;
	15.034 5.8939 7.8608 3.143 7.6203 239.8133 29.9767 61.6274 126.4305 61.5549 69.2176 111.4763;
	8.2437 5.3487 4.4271 1.6969 6.2118 3.6726 0.4591 9.2785 0.0 13.03 18.2625 23.5973;
	1.006 0.8334 0.62 0.7629 2.3272 32.1117 4.014 6.3737 20.2353 13.7228 9.7083 24.8521;
	0.0 0.0 0.0 0.0 0.0 0.0 0.0 0.0 0.0 0.0 0.0 0.0;
	0.0 0.0 0.0 0.0 0.0 0.0 0.0 0.0 0.0 0.0 0.0 0.0;
	0.0 0.0 0.0 0.0 0.0 0.0 0.0 0.0 0.0 0.0 0.0 0.0;
	0.0 0.0 0.0 0.0 0.0 0.0 0.0 0.0 0.0 0.0 0.0 0.0;
	0.0 0.0 0.0 0.0 0.0 0.0 0.0 0.0 0.0 0.0 0.0 0.0;
	0.0 0.0 0.0 0.0 0.0 0.0 0.0 0.0 0.0 0.0 0.0 0.0;
	0.0 0.0 0.0 0.0 0.0 0.0 0.0 0.0 0.0 0.0 0.0 0.0;
];
