function windprofile = ex_wind_profilesh1
%EX_WIND_PROFILE_D  Example wind_load_nyiso profile data for deterministic unit commitment.
% 2022.03.12
% Andres F. Ramirez


%% define constants
[GEN_BUS, PG, QG, QMAX, QMIN, VG, MBASE, GEN_STATUS, PMAX, PMIN, ...
    MU_PMAX, MU_PMIN, MU_QMAX, MU_QMIN, PC1, PC2, QC1MIN, QC1MAX, ...
    QC2MIN, QC2MAX, RAMP_AGC, RAMP_10, RAMP_30, RAMP_Q, APF] = idx_gen;
[CT_LABEL, CT_PROB, CT_TABLE, CT_TBUS, CT_TGEN, CT_TBRCH, CT_TAREABUS, ...
    CT_TAREAGEN, CT_TAREABRCH, CT_ROW, CT_COL, CT_CHGTYPE, CT_REP, ...
    CT_REL, CT_ADD, CT_NEWVAL, CT_TLOAD, CT_TAREALOAD, CT_LOAD_ALL_PQ, ...
    CT_LOAD_FIX_PQ, CT_LOAD_DIS_PQ, CT_LOAD_ALL_P, CT_LOAD_FIX_P, ...
    CT_LOAD_DIS_P, CT_TGENCOST, CT_TAREAGENCOST, CT_MODCOST_F, ...
    CT_MODCOST_X] = idx_ct;

windprofile = struct( ...
    'type', 'mpcData', ...
    'table', CT_TGEN, ...
    'rows', [1:45], ...
    'col', PMAX, ...
    'chgtype', 1, ...
    'values', [] );
windprofile.values(:,1,:) = [
	3.4649 46.819 81.5053 109.9476 14.6167 13.329 16.7015 17.3722 27.9969 24.6883 45.6359 68.0798 102.4938 7.7028 20.0519 7.5544 9.3731 9.9327 16.4845 32.4093 5.5672 31.1009 57.3891 81.2284 92.6789 66.4634 6.734 685.2549 402.2969 402.2969 215.1945 37.3568 54.9482 83.4216 24.1492 171.6467 497.7008 52.285 328.2573 248.2471 15.475 147.8626 121.2769 193.9388 502.8852;
	3.2568 44.0061 84.0523 108.4015 14.5696 15.1067 15.096 14.8566 26.9843 25.9642 47.9943 71.5981 107.7906 6.2826 4.0638 1.531 1.8996 2.013 12.9731 16.9288 5.032 35.249 63.5105 82.2399 88.602 67.9086 2.5348 666.6722 365.2056 365.2056 175.271 33.6066 43.2438 43.5749 19.6967 155.821 469.9384 53.3253 313.3413 237.3269 12.952 167.5839 111.1434 205.1022 474.8336;
	3.1604 42.7039 86.4569 109.6815 14.4267 12.7433 13.5329 17.1878 27.7375 24.7509 45.7516 68.2525 102.7537 6.3226 6.5071 2.4515 3.0417 3.2233 19.3687 24.8833 4.511 29.7344 64.8515 83.8212 92.4672 70.1777 6.5061 614.5198 362.9891 362.9891 165.7248 33.8972 64.5624 64.0497 19.8223 154.8754 418.4179 39.0176 247.1761 247.6801 19.8963 141.3658 87.5297 195.5805 422.7764;
	2.9227 39.4925 87.2564 104.3269 14.4906 11.0638 11.5594 16.9463 26.2219 25.1005 46.398 69.2166 104.2053 4.6927 4.6929 1.768 2.1936 2.3246 9.226 25.7145 3.8531 25.8155 66.157 83.8082 96.7552 73.0793 6.234 482.6308 274.8204 274.8204 159.957 27.8545 30.7534 66.1891 14.7122 117.2567 315.9285 30.8282 180.9561 259.1656 12.0219 122.7341 77.8544 199.3026 319.2194;
	2.4022 32.4591 90.1008 112.5699 14.2477 12.6301 9.9504 17.9471 17.7099 23.2473 42.9722 64.1061 96.5114 11.7052 13.5527 5.1059 6.3351 6.7133 20.0657 29.1803 3.3168 29.4703 55.2563 88.8113 99.7677 74.0264 9.0905 362.2029 219.8875 219.8875 161.1279 28.6871 66.8858 75.1103 36.6974 93.8187 195.7167 33.3643 166.8119 267.2348 14.1438 140.1101 81.0174 210.3273 197.7554;
	2.9416 39.7469 88.1341 115.2633 14.0246 20.175 11.2893 17.0383 10.1471 20.6084 38.0942 56.8291 85.5559 25.7209 8.7158 3.2836 4.0741 4.3173 31.765 32.3768 3.7631 47.075 54.6397 85.0389 96.6204 71.2532 6.9075 319.4016 204.1043 204.1043 135.0002 24.8843 105.8833 83.3381 80.6385 87.0845 156.3577 24.2308 188.6343 258.8047 14.3265 223.808 89.0614 212.2088 157.9864;
	2.4952 33.7158 88.7985 115.3208 13.915 21.5095 11.6828 17.0453 12.4654 27.498 50.8296 75.8278 114.1583 41.1072 14.7845 5.57 6.9109 7.3235 36.6646 39.9855 3.8943 50.1888 66.2475 88.2635 99.5666 73.1151 10.8201 302.1113 237.0689 237.0689 108.4092 17.593 122.2153 102.9227 128.8767 101.1494 180.456 17.7762 153.4622 266.6963 13.0288 238.6118 90.332 227.526 182.3357;
	1.6708 22.5759 67.6319 112.378 14.2604 16.5742 11.4891 17.4159 17.1354 28.8529 53.3342 79.5642 119.7834 44.2007 15.81 5.9563 7.3903 7.8315 50.5893 56.4425 3.8297 38.6731 72.0526 87.4709 97.242 71.9239 12.3579 166.354 191.7864 191.7864 95.0105 10.7878 168.631 145.283 138.5752 81.8289 118.2433 15.9131 158.6748 260.4696 9.7825 183.8629 82.4358 201.3718 119.475;
	2.4378 32.9403 82.9083 98.8154 13.2179 20.6215 9.7029 17.6748 14.0666 29.0234 53.6494 80.0344 120.4913 47.5308 12.8194 4.8296 5.9923 6.3501 63.2717 52.8647 3.2343 48.1167 69.4163 84.2925 95.0407 71.8661 12.3208 149.3402 154.4538 154.4538 75.0512 7.4194 210.9057 136.0738 149.0153 65.9003 116.4727 15.5976 120.3064 254.5734 17.6708 228.7607 59.6887 226.7139 117.686;
	1.528 20.6464 81.4932 106.3468 11.2636 11.4856 8.2873 17.5838 22.3961 29.6184 54.7491 81.6749 122.9611 44.8376 3.1498 1.1867 1.4723 1.5602 69.441 47.0155 2.7624 26.7997 72.3761 86.2315 96.5881 73.7492 12.2571 281.0527 243.9645 243.9645 90.289 8.4061 231.4699 121.018 140.5718 104.0915 224.056 16.2264 0.0 258.718 0.0011 127.4132 60.4816 209.052 226.3899;
	1.2649 17.091 74.7483 94.5753 11.8733 22.6297 10.8271 17.3581 24.4399 28.8403 53.3109 79.5294 119.731 49.1439 0.0085 0.0032 0.004 0.0042 59.751 31.5854 3.609 52.8026 70.6558 85.2762 91.3775 72.3746 11.9808 406.1781 309.7793 309.7793 147.3138 12.5772 199.1699 81.3008 154.0727 132.1725 321.8362 21.1476 139.1154 244.7612 0.4773 251.0388 75.3048 177.572 325.1886;
	1.4038 18.9686 84.6449 86.0892 12.0197 26.4162 16.5354 17.2763 24.4996 27.8906 51.5554 76.9105 115.7884 49.3161 0.0 0.0 0.0 0.0 77.554 39.4388 5.5118 61.6378 70.7576 85.6564 93.6997 70.9849 11.9567 475.102 382.9453 382.9453 277.2073 18.8805 258.5135 101.5156 154.6127 163.39 434.3906 41.6343 121.7906 250.9815 0.1853 293.0437 93.5258 180.7918 438.9155;
	2.2279 30.104 83.5271 66.2121 13.4918 26.0441 19.2167 15.8964 26.417 28.5089 52.6983 78.6154 118.3551 51.9453 33.6773 12.6877 15.7422 16.682 80.5547 54.1602 6.4056 60.7696 70.7882 83.2811 94.2366 68.4644 10.2041 649.6219 443.0 443.0 305.4658 25.2585 268.5158 139.4084 162.8555 189.0133 592.6211 60.066 162.3137 252.4194 0.0 288.9161 111.425 195.0317 598.7943;
	3.203 43.2802 84.7726 92.1219 13.7586 26.9671 20.0074 16.4125 25.2121 28.3256 52.3594 78.11 117.5941 39.0438 41.9035 15.7869 19.5875 20.7569 82.1479 50.0386 6.6691 62.9233 62.3607 82.8027 92.1338 69.9966 10.6372 781.6921 593.3184 593.3184 410.921 31.3673 273.8263 128.7995 122.4076 253.1492 710.9543 82.6207 220.6892 246.787 0.8548 299.1555 124.639 235.9195 718.3601;
	3.5586 48.0841 84.3625 84.4883 14.0822 28.9526 23.6179 16.4848 25.6683 23.889 44.1584 65.8757 99.1755 59.1682 70.2274 26.4577 32.8272 34.787 79.9068 52.3196 7.8726 67.556 43.0876 82.8105 90.5377 70.0583 11.4223 963.3842 687.4748 687.4748 504.8538 36.3639 266.3561 134.6707 185.5003 293.3226 900.3255 107.1875 334.1744 242.5117 0.0 321.1805 133.7295 242.6155 909.7039;
	3.561 48.1163 86.8086 95.1897 13.9968 31.8642 26.2916 16.4526 23.2602 11.7895 21.7928 32.5105 48.9444 60.5898 103.2835 38.9115 48.279 51.1614 82.6648 45.8161 8.7639 74.3499 15.8573 81.7958 91.0789 70.4608 12.0733 1024.3081 745.0823 745.0823 689.9981 46.3936 275.5494 117.9309 189.9571 317.9018 953.8696 161.2724 293.4396 243.9614 0.0 353.4807 161.2585 249.9331 963.8058;
	3.7262 50.3492 90.7126 109.762 14.4145 33.4631 30.3206 17.7113 25.7649 18.6242 34.4266 51.3577 77.3187 63.5959 144.144 54.3054 67.379 71.4016 83.9076 64.8525 10.1069 78.0806 3.9963 84.8645 99.9281 74.8806 12.5791 1032.7893 786.1265 786.1265 717.4022 82.8301 279.692 166.9305 199.3817 335.414 1024.0706 218.3489 383.8378 267.6645 0.0 371.2173 199.1845 270.7406 1034.738;
	3.6552 49.3904 92.1147 108.8016 14.5976 32.9893 29.1218 17.6904 25.8825 16.5513 30.5948 45.6415 68.713 64.3902 168.483 63.475 78.756 83.4579 85.4309 68.3956 9.7073 76.9751 28.7981 86.1805 101.7252 71.1421 12.7204 1137.1908 809.2769 809.2769 750.5559 98.4703 284.7696 176.0504 201.8719 345.2915 1119.7488 244.5879 431.1009 272.4781 96.312 365.9615 187.1724 262.3268 1131.4128;
	3.6953 49.9311 90.6818 102.9009 14.8026 33.1975 29.9047 10.3596 25.8867 17.1554 31.7115 47.3074 71.221 61.141 176.1867 66.3773 82.3571 87.2739 84.6591 65.4404 9.9682 77.4609 28.987 83.9833 100.3751 56.6921 11.1101 1214.8206 810.9754 810.9754 701.5692 108.0388 282.197 168.4439 191.6854 346.0162 1129.4963 261.9878 424.0479 268.8618 111.497 368.2713 195.7937 268.3869 1141.2619;
