function windprofile = ex_wind_profilesh1
%EX_WIND_PROFILE_D  Example wind_load_nyiso profile data for deterministic unit commitment.
% 2022.03.12
% Andres F. Ramirez


%% define constants
[GEN_BUS, PG, QG, QMAX, QMIN, VG, MBASE, GEN_STATUS, PMAX, PMIN, ...
    MU_PMAX, MU_PMIN, MU_QMAX, MU_QMIN, PC1, PC2, QC1MIN, QC1MAX, ...
    QC2MIN, QC2MAX, RAMP_AGC, RAMP_10, RAMP_30, RAMP_Q, APF] = idx_gen;
[CT_LABEL, CT_PROB, CT_TABLE, CT_TBUS, CT_TGEN, CT_TBRCH, CT_TAREABUS, ...
    CT_TAREAGEN, CT_TAREABRCH, CT_ROW, CT_COL, CT_CHGTYPE, CT_REP, ...
    CT_REL, CT_ADD, CT_NEWVAL, CT_TLOAD, CT_TAREALOAD, CT_LOAD_ALL_PQ, ...
    CT_LOAD_FIX_PQ, CT_LOAD_DIS_PQ, CT_LOAD_ALL_P, CT_LOAD_FIX_P, ...
    CT_LOAD_DIS_P, CT_TGENCOST, CT_TAREAGENCOST, CT_MODCOST_F, ...
    CT_MODCOST_X] = idx_ct;

windprofile = struct( ...
    'type', 'mpcData', ...
    'table', CT_TGEN, ...
    'rows', [1:45], ...
    'col', PMAX, ...
    'chgtype', 1, ...
    'values', [] );
windprofile.values(:,1,:) = [
	3.4424 46.5137 89.2204 115.9928 15.1402 14.2079 14.1906 17.0085 27.0812 22.1386 40.9228 61.0488 91.9087 7.707 20.9078 7.8769 9.7732 10.3566 14.9675 22.7633 4.7302 33.1518 57.5003 88.2562 98.7433 72.8503 6.6955 609.9982 368.7561 368.7561 192.6989 33.463 49.8915 58.5928 24.1626 157.336 469.7596 51.5624 313.8654 264.4909 11.7574 157.613 124.9833 215.5328 474.6529;
	3.5403 47.8375 91.9666 120.044 15.1565 16.9383 13.4412 17.7608 27.7858 24.1917 44.7179 66.7103 100.432 10.5903 15.5163 5.8457 7.253 7.686 12.9087 14.5796 4.4804 39.5228 64.8695 90.0711 104.6576 74.9485 7.2851 641.0062 359.8749 359.8749 161.1144 20.3101 43.0289 37.5279 33.2021 153.5466 477.9079 45.7536 319.9853 280.3329 12.2425 187.9026 123.4207 213.9294 482.8861;
	3.0983 41.8653 88.1903 116.2264 14.8782 13.7825 12.538 17.6637 27.731 24.2509 44.8273 66.8736 100.6778 17.0541 16.7552 6.3124 7.8321 8.2997 19.4361 20.1407 4.1793 32.1591 69.1027 89.1464 100.9836 72.8648 7.516 554.9941 328.0856 328.0856 137.3515 17.7093 64.787 51.8423 53.4668 139.9832 374.7496 32.8318 253.964 270.4919 4.8494 152.8937 97.7548 196.3566 378.6532;
	2.6819 36.239 87.993 112.1953 14.3934 12.8683 11.3737 18.0059 26.6564 23.0724 42.6489 63.6238 95.7852 11.8416 6.6252 2.496 3.0969 3.2818 9.664 11.8085 3.7912 30.0261 66.4576 90.0414 104.5101 76.0009 9.4671 459.4687 261.3318 261.3318 150.9877 15.4486 32.2134 30.3952 37.125 111.5016 307.4775 30.5655 190.5332 279.9377 17.1411 142.7525 82.1384 203.1125 310.6804;
	2.3766 32.1137 89.2248 112.951 14.8453 15.7837 10.5251 18.2506 17.7364 21.3156 39.4016 58.7794 88.4921 15.686 17.647 6.6484 8.2489 8.7414 14.8372 24.4619 3.5084 36.8285 56.109 89.7716 102.1071 74.9919 9.6256 361.1048 223.3715 223.3715 159.3901 19.2088 49.4574 62.9651 49.1776 95.3052 197.7403 37.2152 180.6281 273.501 14.2573 175.0934 91.0307 213.03 199.8001;
	3.1535 42.6106 93.2396 117.4765 14.7819 24.2284 10.8573 18.591 10.8829 20.4549 37.8106 56.4059 84.9188 29.1599 18.8794 7.1127 8.825 9.3519 27.3207 28.9429 3.6191 56.5329 61.2072 90.1032 106.0895 74.5854 8.2665 288.9768 211.266 211.266 148.8322 22.9613 91.0689 74.499 91.4201 90.1402 167.1197 38.3624 193.4582 284.1684 13.3827 268.7737 94.581 223.3263 168.8605;
	2.719 36.7398 92.4108 115.5472 14.5467 24.3974 12.2881 17.5145 14.0017 27.2163 50.3089 75.0509 112.9887 43.2136 27.0782 10.2016 12.6575 13.4132 34.6665 36.3383 4.096 56.9272 71.3292 89.8404 104.4283 72.9365 10.4482 235.1792 232.91 232.91 132.5511 15.9347 115.5549 93.5349 135.4805 99.3749 178.7743 28.8347 173.5092 279.7186 11.2873 270.648 98.2405 235.6287 180.6365;
	1.6416 22.182 73.5967 114.5716 14.5452 18.4194 10.9323 17.7068 18.254 27.7474 51.2907 76.5157 115.1939 38.4511 29.8709 11.2537 13.9629 14.7965 49.0404 51.4575 3.6441 42.9785 74.6519 90.0305 104.9864 72.2224 11.1186 101.9309 171.6343 171.6343 104.287 9.1648 163.4679 132.4518 120.5494 73.2306 106.9773 27.0105 155.7832 281.2136 10.5282 204.332 82.0187 210.1918 108.0916;
	2.5619 34.6162 85.9444 104.2289 14.3733 23.2185 9.3506 17.9848 19.5617 27.3293 50.5178 75.3626 113.4579 29.9419 24.0188 9.0489 11.2274 11.8977 61.513 52.7174 3.1169 54.1764 70.608 89.5628 104.2306 74.1396 11.2661 127.8321 143.9516 143.9516 99.6719 7.7693 205.0433 135.6947 93.8719 61.4193 111.9552 31.179 97.8518 279.189 20.2192 257.5701 73.1177 234.0615 113.1214;
	1.804 24.3756 84.0587 108.8319 12.1542 12.6191 8.9094 17.2348 25.414 27.3357 50.5296 75.3802 113.4845 40.0462 23.0858 8.6974 10.7913 11.4355 58.9829 43.6465 2.9698 29.4447 68.9486 85.3859 100.7666 70.0838 10.9303 260.8617 224.2952 224.2952 109.5006 8.2241 196.6095 112.3463 125.5502 95.6993 208.0479 18.8592 2.8193 269.9105 3.023 139.9884 75.0696 198.2786 210.2151;
	1.3954 18.8555 76.1579 98.8138 11.8959 23.7254 11.5738 16.1168 25.6003 26.1398 48.319 72.0824 108.5196 46.3752 3.5022 1.3194 1.6371 1.7348 54.6365 33.977 3.8579 55.3592 69.5433 85.6441 91.0772 69.9012 10.6438 355.5423 298.1637 298.1637 166.2705 11.0737 182.1218 87.4568 145.3924 127.2165 290.5987 23.5996 155.1887 243.9568 8.3655 263.1933 88.0052 156.0738 293.6258;
	1.6238 21.9409 86.1028 92.2623 12.6243 29.5525 18.8249 17.8183 26.9277 27.809 51.4044 76.6853 115.4493 50.4136 8.512 3.2069 3.9789 4.2164 72.5504 49.4747 6.275 68.9559 70.7786 85.7394 95.3294 72.1167 11.7972 453.8028 375.1644 375.1644 301.6821 14.8549 241.8346 127.348 158.0534 160.0701 410.2963 44.7554 196.7544 255.3465 49.2808 327.8362 105.7891 164.8715 414.5703;
	2.6532 35.8506 89.3556 89.8718 14.1886 30.5648 19.7049 16.68 27.0657 27.8309 51.4449 76.7457 115.5402 54.7177 50.688 19.0964 23.6937 25.1083 79.1276 61.7926 6.5683 71.3179 69.4273 87.7058 98.4945 70.9067 9.5398 617.2073 432.592 432.592 317.2535 22.135 263.7587 159.0544 171.5474 184.5726 574.1436 58.4033 207.6556 263.8246 7.0829 339.0655 127.6969 184.5494 580.1243;
	3.2964 44.5415 88.9967 108.617 14.7424 29.909 20.8742 17.6211 26.6478 28.1298 51.9976 77.5701 116.7814 54.9131 60.1672 22.6676 28.1247 29.8037 80.147 52.5576 6.9581 69.7877 64.1837 86.998 98.2278 70.8236 11.0356 764.9585 570.2883 570.2883 400.0983 26.745 267.1567 135.2835 172.1599 243.323 699.3212 85.4564 258.3509 263.1101 16.9715 331.7905 127.6819 225.8275 706.6058;
	3.5392 47.8226 87.2074 103.0653 14.5655 32.0925 24.9145 17.2415 27.4946 24.4706 45.2335 67.4795 101.59 62.4449 88.3675 33.2919 41.3066 43.7727 78.5355 48.1746 8.3048 74.8824 41.8913 87.3444 100.5395 67.8498 11.7364 936.0483 636.4138 636.4138 479.5007 35.1671 261.7851 124.0016 195.7731 271.5365 897.8408 114.6948 401.7796 269.3023 1.486 356.0125 145.2506 221.8665 907.1933;
	3.5713 48.2555 92.3838 110.8375 14.9697 32.9739 27.3341 17.8862 27.9625 21.799 40.2951 60.1123 90.4988 60.8835 113.6243 42.8073 53.1128 56.2837 83.546 51.0111 9.1114 76.939 41.6342 88.9951 103.0646 68.8632 12.3026 971.7055 703.4381 703.4381 639.6059 41.9115 278.4867 131.3028 190.8779 300.1336 947.863 159.4098 351.2142 276.066 7.2634 365.7901 162.3347 250.0776 957.7366;
	3.6952 49.9306 90.8793 112.9442 15.1239 33.9826 29.3998 18.1594 28.0362 20.3915 37.6934 56.2312 84.6557 67.092 142.5065 53.6885 66.6135 70.5904 86.1126 65.2641 9.7999 79.2926 29.344 89.7697 103.3063 70.5339 12.5802 944.1782 749.9501 749.9501 743.4913 77.1267 287.0419 167.99 210.3424 319.9787 942.4807 217.9563 399.745 276.7132 1.4499 376.9799 206.6514 268.8373 952.2982;
	3.6587 49.4365 91.9746 110.8219 15.1706 33.2196 28.2016 17.856 27.7537 15.949 29.4815 43.9805 66.2125 66.2395 137.1497 51.6703 64.1095 67.9369 85.8942 67.4796 9.4005 77.5123 29.6846 90.037 103.0874 68.9552 12.8269 1072.4349 758.0355 758.0355 719.8102 94.487 286.3141 173.6927 207.6698 323.4285 1029.9061 236.5474 434.1802 276.1269 110.8951 368.5157 191.7884 249.5743 1040.6343;
	3.7823 51.1066 89.9295 110.4902 15.3432 32.9414 30.4551 12.7421 28.2314 19.4583 35.9684 53.6577 80.7814 64.9501 172.6551 65.0468 80.7062 85.5245 89.7008 67.2034 10.1517 76.8632 48.9385 88.0115 102.1595 54.5898 12.3307 1190.1013 777.8066 777.8066 702.178 104.8522 299.0027 172.9818 203.6274 331.8642 1122.6871 248.2095 458.436 273.6415 113.9789 365.4296 203.2694 267.6718 1134.3818;
