function loadprofile = ex_load_profilesh1
%EX_LOAD_PROFILE  Example load profile data file for stochastic unit commitment.
% 2022.03.12
% Andres F. Ramirez

%% define constants
[CT_LABEL, CT_PROB, CT_TABLE, CT_TBUS, CT_TGEN, CT_TBRCH, CT_TAREABUS, ...
    CT_TAREAGEN, CT_TAREABRCH, CT_ROW, CT_COL, CT_CHGTYPE, CT_REP, ...
    CT_REL, CT_ADD, CT_NEWVAL, CT_TLOAD, CT_TAREALOAD, CT_LOAD_ALL_PQ, ...
    CT_LOAD_FIX_PQ, CT_LOAD_DIS_PQ, CT_LOAD_ALL_P, CT_LOAD_FIX_P, ...
    CT_LOAD_DIS_P, CT_TGENCOST, CT_TAREAGENCOST, CT_MODCOST_F, ...
    CT_MODCOST_X] = idx_ct;

loadprofile = struct( ...
    'type', 'mpcData', ...
    'table', CT_TAREALOAD, ...
    'rows', [1:11], ...
    'col', CT_LOAD_ALL_P, ...
    'chgtype', 1, ...
    'values', [] );
loadprofile.values(:,1,:) = [
	1343.014 815.5783 1512.0972 577.8612 707.7177 1084.476 833.8 244.8565 472.0 4481.0998 1678.1;
	1356.6546 829.1122 1523.5002 567.5377 727.2019 1078.8792 840.4087 236.4662 472.533 4409.2561 1690.8;
	1370.6006 838.1468 1565.0 573.2935 699.9455 1107.5988 843.2978 250.243 488.0907 4465.5155 1714.1;
	1443.5384 918.6615 1652.8 580.2329 764.1154 1153.8847 905.7 273.6873 531.405 4655.157 1801.7633;
	1579.6284 1050.3072 1859.0379 588.1472 903.6495 1306.2856 1020.9754 305.1011 609.5709 5255.3324 2068.5383;
	1719.9436 1099.636 1947.4871 599.674 944.7706 1368.6688 1075.6 329.0543 684.8 5844.1309 2241.893;
	1764.8838 1106.5454 1952.7337 576.763 937.7911 1370.8413 1092.7384 316.5 692.4116 6202.4734 2284.0274;
	1783.5 1118.466 1943.2393 584.6 923.6256 1345.2971 1064.6179 322.4463 685.7165 6235.956 2238.2;
	1742.3 1109.1595 1955.3 566.0 958.7 1285.1127 1057.0198 328.1 690.3205 6275.5821 2244.9938;
	1754.4046 1132.9102 1936.142 563.3 932.3234 1235.4144 1044.4782 330.9751 685.4 6244.5134 2250.4;
	1722.7581 1098.3358 1890.7235 564.7 892.3605 1206.2014 1012.26 321.5341 674.6057 6155.7662 2208.9095;
	1712.5495 1104.2409 1919.939 559.6148 864.7513 1240.4779 1004.2151 339.8415 660.0047 6192.6517 2159.5432;
	1707.598 1130.9972 1892.4344 564.2107 867.0904 1228.1688 1006.8536 329.1895 654.5757 6177.6912 2124.8723;
	1682.1 1092.6256 1843.8985 554.514 850.9852 1226.0103 1019.8058 335.0957 662.9099 6194.6101 2159.6;
	1653.9842 1036.8416 1837.292 540.9656 855.6904 1239.2016 1022.72 330.8019 650.5037 6135.4951 2211.3292;
	1638.5939 1090.5676 1842.685 540.6 864.736 1300.9749 1062.873 334.1701 663.0429 6058.9229 2216.9085;
	1655.9615 1095.0284 1834.8482 556.2055 868.3515 1350.3537 1096.5979 341.5976 664.2686 5986.3472 2262.4229;
	1733.9606 1128.4581 1896.2 557.7176 882.8954 1420.5612 1121.0 360.9307 687.9466 5932.542 2358.9422;
	1776.6844 1145.731 1917.1833 568.2745 930.4449 1435.6566 1149.8 383.1335 715.3 5985.8704 2406.2936;
	1761.7422 1083.5525 1823.9673 540.7 895.5371 1335.174 1104.3 363.8131 682.5327 5818.9826 2337.3584;
	1616.9966 949.4779 1680.148 525.9649 823.7711 1224.8163 1006.3 325.0967 620.1303 5455.9606 2104.0609;
	1520.0787 887.7496 1566.4025 516.1 740.2209 1126.4371 927.6774 290.8756 566.3379 5009.5793 1909.1;
	1423.777 852.5315 1518.8426 508.6243 728.2823 1074.5648 867.4 274.8402 531.1873 4585.3158 1777.9;
	1382.6416 862.3392 1499.0365 509.3639 694.6954 1032.9995 848.5931 269.8176 509.1578 4370.8157 1696.596;
];
