function loadprofile = ex_load_profilesh1
%EX_LOAD_PROFILE  Example load profile data file for stochastic unit commitment.
% 2022.03.12
% Andres F. Ramirez

%% define constants
[CT_LABEL, CT_PROB, CT_TABLE, CT_TBUS, CT_TGEN, CT_TBRCH, CT_TAREABUS, ...
    CT_TAREAGEN, CT_TAREABRCH, CT_ROW, CT_COL, CT_CHGTYPE, CT_REP, ...
    CT_REL, CT_ADD, CT_NEWVAL, CT_TLOAD, CT_TAREALOAD, CT_LOAD_ALL_PQ, ...
    CT_LOAD_FIX_PQ, CT_LOAD_DIS_PQ, CT_LOAD_ALL_P, CT_LOAD_FIX_P, ...
    CT_LOAD_DIS_P, CT_TGENCOST, CT_TAREAGENCOST, CT_MODCOST_F, ...
    CT_MODCOST_X] = idx_ct;

loadprofile = struct( ...
    'type', 'mpcData', ...
    'table', CT_TAREALOAD, ...
    'rows', [1:11], ...
    'col', CT_LOAD_ALL_P, ...
    'chgtype', 1, ...
    'values', [] );
loadprofile.values(:,1,:) = [
	1478.44 884.0314 1523.3808 552.2 709.1822 1079.6 810.6019 269.3103 468.968 4457.986 1651.6901;
	1479.3 883.9 1494.2422 553.9189 679.7471 1075.3635 791.7495 263.928 453.1 4333.3872 1580.9776;
	1478.1934 903.7 1523.1396 558.6443 699.4321 1129.3119 809.9695 266.6586 459.949 4405.5989 1655.7479;
	1555.8 953.6 1561.6867 559.6935 751.8 1191.205 854.6 279.7148 478.195 4618.0737 1754.0868;
	1693.9 1072.3712 1789.7137 601.459 898.2452 1342.8 962.7457 325.0 573.5352 5194.8205 1952.7155;
	1784.2159 1156.0033 1900.6222 605.1047 947.4381 1386.1155 1014.1915 361.3863 624.9723 5758.7182 2165.3086;
	1747.6275 1172.6098 1916.1619 595.1 965.2945 1403.4049 1054.2541 372.8419 657.5434 6079.2436 2257.1978;
	1776.6997 1161.4333 1885.8268 571.0538 970.1592 1399.6783 1053.8977 374.2985 657.7807 6211.5165 2253.6008;
	1791.6421 1140.1565 1889.7644 567.2 963.2846 1315.1655 1013.4553 345.7 665.3 6327.9882 2272.2905;
	1798.0274 1149.4659 1917.3 562.7052 981.1742 1340.4915 1014.5471 350.6707 655.3739 6364.5849 2309.8;
	1769.1621 1154.0841 1932.8678 568.5478 950.3551 1321.6735 993.4 365.28 645.695 6382.2192 2290.173;
	1801.9412 1178.7 1901.0879 539.4394 945.2885 1326.1108 965.8822 342.8695 630.3125 6356.7898 2211.0045;
	1786.4741 1166.6951 1879.7086 546.2552 951.781 1310.8799 979.238 327.6 614.4709 6313.8366 2131.3892;
	1796.2222 1173.114 1848.5503 549.4944 935.7838 1316.9918 985.789 358.9599 605.7473 6334.287 2123.9892;
	1788.4 1178.305 1872.9589 550.0 966.7661 1334.2678 1013.3 352.662 610.5993 6382.885 2207.1899;
	1796.0254 1190.1404 1853.6692 568.4 980.6614 1338.6 1048.9934 357.2046 646.4635 6233.1019 2295.0993;
	1794.9704 1183.0612 1876.8653 565.1095 1000.0 1336.0 1046.5 384.6915 640.1334 6099.0003 2315.3;
	1784.1 1232.8796 1918.9187 573.2 1020.7631 1412.9513 1135.9762 389.4058 708.0636 6235.7994 2530.3662;
	1814.6353 1213.4046 1876.5759 581.4862 961.4079 1419.4046 1112.5878 394.1788 685.8954 6075.2408 2429.1735;
	1762.1409 1168.0 1806.971 570.6762 917.6981 1335.8902 1057.3285 375.9584 640.7944 5831.9721 2292.4169;
	1684.0 1075.2903 1667.3135 533.4 857.6914 1237.8671 994.9482 356.1464 609.8375 5481.8158 2100.4;
	1523.9352 962.5148 1533.0449 521.7402 776.6557 1141.4 911.7 313.2274 548.8818 4978.9944 1908.582;
	1434.5927 860.461 1426.9047 535.5593 725.8745 1077.1643 821.6 282.0045 506.8022 4688.481 1755.386;
	1391.2684 822.837 1396.8072 517.6307 710.5277 1028.1559 728.8774 261.2624 463.1143 4452.6329 1670.0373;
];
