function loadprofile = ex_load_profilesh1
%EX_LOAD_PROFILE  Example load profile data file for stochastic unit commitment.
% 2022.03.12
% Andres F. Ramirez

%% define constants
[CT_LABEL, CT_PROB, CT_TABLE, CT_TBUS, CT_TGEN, CT_TBRCH, CT_TAREABUS, ...
    CT_TAREAGEN, CT_TAREABRCH, CT_ROW, CT_COL, CT_CHGTYPE, CT_REP, ...
    CT_REL, CT_ADD, CT_NEWVAL, CT_TLOAD, CT_TAREALOAD, CT_LOAD_ALL_PQ, ...
    CT_LOAD_FIX_PQ, CT_LOAD_DIS_PQ, CT_LOAD_ALL_P, CT_LOAD_FIX_P, ...
    CT_LOAD_DIS_P, CT_TGENCOST, CT_TAREAGENCOST, CT_MODCOST_F, ...
    CT_MODCOST_X] = idx_ct;

loadprofile = struct( ...
    'type', 'mpcData', ...
    'table', CT_TAREALOAD, ...
    'rows', [1:11], ...
    'col', CT_LOAD_ALL_P, ...
    'chgtype', 1, ...
    'values', [] );
loadprofile.values(:,1,:) = [
	1612.718 955.2239 1566.0446 592.7694 791.492 1134.1303 862.0965 263.5829 532.8142 4456.1624 1646.1179;
	1583.6994 948.1472 1554.0222 591.6491 794.5992 1135.8 862.7985 261.1 528.8053 4451.8036 1650.5918;
	1585.7 960.957 1595.0268 595.0686 808.2922 1162.1656 877.1 271.5582 545.0522 4478.1873 1678.4491;
	1683.5388 1030.2056 1717.501 596.1 887.432 1243.7748 946.7977 299.812 582.2918 4752.2673 1809.0;
	1821.7799 1134.5 1892.3568 607.3308 1006.8986 1374.6705 1040.7256 345.5775 658.1814 5323.4456 2024.3004;
	1938.937 1214.3198 1995.7973 607.376 1060.5044 1460.8391 1113.4 368.5338 721.8947 5773.9727 2211.0804;
	1959.0843 1232.809 2028.4794 595.7501 1027.5487 1453.518 1138.0708 373.8803 720.8271 6107.4368 2256.9317;
	1924.6569 1173.4628 1948.3599 577.4338 1019.0479 1372.9901 1141.833 353.2755 705.8036 6188.013 2188.3105;
	1847.6381 1144.328 1938.5168 562.701 965.5675 1332.1969 1134.2587 362.5192 704.2858 6204.3222 2179.5022;
	1808.3915 1129.9942 1899.1652 567.9372 968.1217 1301.4022 1078.4935 346.0864 668.366 6099.8515 2049.3199;
	1789.7003 1073.0389 1838.9462 564.1113 906.848 1246.787 1010.0754 327.1905 659.1578 5920.3227 2013.7594;
	1783.0139 1010.114 1811.1513 571.8775 914.3 1246.135 965.8438 323.2 631.2228 5700.1658 1906.6951;
	1747.3772 1011.9439 1777.7697 563.2909 903.2794 1255.5578 984.612 313.0 650.1968 5713.0128 1957.768;
	1755.4 1097.2354 1798.0485 579.2468 894.4 1253.7 979.0732 323.3 647.5939 5956.5813 2135.8368;
	1774.1711 1109.9 1870.4709 575.8 930.1042 1279.1826 1011.1753 344.0738 639.7536 5732.8589 2125.4597;
	1770.9424 1113.5218 1848.7 579.8 915.503 1330.6809 1054.6143 351.6901 658.7461 5933.4147 2170.4658;
	1761.9971 1100.6484 1839.1146 566.5 927.0815 1348.1728 1056.1293 346.9132 664.2148 5720.2993 2206.8431;
	1796.5074 1141.1313 1872.0897 595.3317 944.0674 1410.6628 1108.9593 386.385 679.4376 5918.7134 2327.995;
	1835.5341 1165.2042 1879.0394 603.1457 930.0675 1394.2975 1092.126 376.9757 673.6438 5849.3204 2312.7995;
	1803.0943 1081.7511 1768.5549 573.2277 874.7668 1317.1402 1048.8659 347.3965 654.3662 5624.5107 2235.6584;
	1711.9021 1001.3201 1653.209 554.1602 825.0862 1194.0426 962.7637 303.1403 599.5402 5145.746 2016.0897;
	1663.7569 935.2395 1544.6875 555.6 784.7406 1102.9464 877.2716 265.008 540.0 4892.2367 1830.4471;
	1627.1005 863.037 1538.3648 550.7192 784.49 1096.245 854.2091 263.3503 507.9866 4573.2449 1745.1347;
	1577.8023 843.2241 1493.9956 559.5109 754.4262 1079.6277 852.1336 263.4277 487.8671 4359.752 1695.3505;
];
