function solarprofile = ex_solar_profilesh1
%EX_WIND_PROFILE_D  Example wind_load_nyiso profile data for deterministic unit commitment.
% 2022.03.12
% Andres F. Ramirez


%% define constants
[GEN_BUS, PG, QG, QMAX, QMIN, VG, MBASE, GEN_STATUS, PMAX, PMIN, ...
    MU_PMAX, MU_PMIN, MU_QMAX, MU_QMIN, PC1, PC2, QC1MIN, QC1MAX, ...
    QC2MIN, QC2MAX, RAMP_AGC, RAMP_10, RAMP_30, RAMP_Q, APF] = idx_gen;
[CT_LABEL, CT_PROB, CT_TABLE, CT_TBUS, CT_TGEN, CT_TBRCH, CT_TAREABUS, ...
    CT_TAREAGEN, CT_TAREABRCH, CT_ROW, CT_COL, CT_CHGTYPE, CT_REP, ...
    CT_REL, CT_ADD, CT_NEWVAL, CT_TLOAD, CT_TAREALOAD, CT_LOAD_ALL_PQ, ...
    CT_LOAD_FIX_PQ, CT_LOAD_DIS_PQ, CT_LOAD_ALL_P, CT_LOAD_FIX_P, ...
    CT_LOAD_DIS_P, CT_TGENCOST, CT_TAREAGENCOST, CT_MODCOST_F, ...
    CT_MODCOST_X] = idx_ct;

solarprofile = struct( ...
    'type', 'mpcData', ...
    'table', CT_TGEN, ...
    'rows', [1:12], ...
    'col', PMAX, ...
    'chgtype', 1, ...
    'values', [] );
solarprofile.values(:,1,:) = [
	0.0 0.0 0.0 0.0 0.0 0.0 0.0 0.0 0.0 0.0 0.0 0.0;
	0.0 0.0 0.0 0.0 0.0 0.0 0.0 0.0 0.0 0.0 0.0 0.0;
	0.0 0.0 0.0 0.0 0.0 0.0 0.0 0.0 0.0 0.0 0.0 0.0;
	0.0 0.0 0.0 0.0 0.0 0.0 0.0 0.0 0.0 0.0 0.0 0.0;
	0.0 0.0 0.0 0.0 0.0 0.0 0.0 0.0 0.0 0.0 0.0 0.0;
	0.0967 0.0972 0.1051 0.0 0.0 0.1251 0.0156 0.1784 0.0 0.0 0.0 0.0;
	3.4369 1.7316 2.3847 1.7607 4.1434 12.5651 1.5706 13.1026 0.0 25.2122 1.9915 45.6594;
	3.7924 1.2074 1.207 6.4121 10.8658 17.9665 2.2458 8.5182 6.1831 59.5375 28.3524 107.8228;
	5.6757 1.3884 1.0187 9.1588 12.1439 30.8043 3.8505 4.4039 17.2518 135.8189 90.4103 245.9688;
	21.2656 14.1294 11.5248 5.933 11.2791 311.477 38.9346 34.2513 73.2401 221.6697 125.3189 401.4452;
	23.3733 16.0537 13.2545 7.1355 12.0839 301.5146 37.6893 53.1479 174.654 271.2904 163.8093 491.3086;
	23.3995 16.0751 13.2624 9.6008 12.9033 331.591 41.4489 60.0536 230.5938 278.6388 173.7131 504.6165;
	23.7356 16.5824 13.7384 3.2586 7.2715 385.1752 48.1469 63.2172 274.4372 248.2389 154.6043 449.5622;
	20.3619 16.1545 13.4233 2.0103 4.5937 395.2675 49.4084 63.2277 267.5747 220.4054 120.7865 399.1555;
	15.2209 15.7308 11.8542 0.6655 2.4369 369.5361 46.192 59.3295 232.7746 168.2906 76.3355 304.7752;
	8.2799 11.3767 7.7762 0.4504 1.0715 97.7259 12.2157 20.2761 34.8726 32.2343 7.8331 58.3765;
	1.0572 1.1881 0.6301 0.7585 1.4901 35.4667 4.4333 9.641 32.6878 14.0419 8.1126 25.43;
	0.0 0.0 0.0 0.0 0.0 0.0 0.0 0.0 0.0 0.0 0.0 0.0;
	0.0 0.0 0.0 0.0 0.0 0.0 0.0 0.0 0.0 0.0 0.0 0.0;
	0.0 0.0 0.0 0.0 0.0 0.0 0.0 0.0 0.0 0.0 0.0 0.0;
	0.0 0.0 0.0 0.0 0.0 0.0 0.0 0.0 0.0 0.0 0.0 0.0;
	0.0 0.0 0.0 0.0 0.0 0.0 0.0 0.0 0.0 0.0 0.0 0.0;
	0.0 0.0 0.0 0.0 0.0 0.0 0.0 0.0 0.0 0.0 0.0 0.0;
	0.0 0.0 0.0 0.0 0.0 0.0 0.0 0.0 0.0 0.0 0.0 0.0;
];
