function solarprofile = ex_solar_profilesh1
%EX_WIND_PROFILE_D  Example wind_load_nyiso profile data for deterministic unit commitment.
% 2022.03.12
% Andres F. Ramirez


%% define constants
[GEN_BUS, PG, QG, QMAX, QMIN, VG, MBASE, GEN_STATUS, PMAX, PMIN, ...
    MU_PMAX, MU_PMIN, MU_QMAX, MU_QMIN, PC1, PC2, QC1MIN, QC1MAX, ...
    QC2MIN, QC2MAX, RAMP_AGC, RAMP_10, RAMP_30, RAMP_Q, APF] = idx_gen;
[CT_LABEL, CT_PROB, CT_TABLE, CT_TBUS, CT_TGEN, CT_TBRCH, CT_TAREABUS, ...
    CT_TAREAGEN, CT_TAREABRCH, CT_ROW, CT_COL, CT_CHGTYPE, CT_REP, ...
    CT_REL, CT_ADD, CT_NEWVAL, CT_TLOAD, CT_TAREALOAD, CT_LOAD_ALL_PQ, ...
    CT_LOAD_FIX_PQ, CT_LOAD_DIS_PQ, CT_LOAD_ALL_P, CT_LOAD_FIX_P, ...
    CT_LOAD_DIS_P, CT_TGENCOST, CT_TAREAGENCOST, CT_MODCOST_F, ...
    CT_MODCOST_X] = idx_ct;

solarprofile = struct( ...
    'type', 'mpcData', ...
    'table', CT_TGEN, ...
    'rows', [1:12], ...
    'col', PMAX, ...
    'chgtype', 1, ...
    'values', [] );
solarprofile.values(:,1,:) = [
	0.0 0.0 0.0 0.0 0.0 0.0 0.0 0.0 0.0 0.0 0.0 0.0;
	0.0 0.0 0.0 0.0 0.0 0.0 0.0 0.0 0.0 0.0 0.0 0.0;
	0.0 0.0 0.0 0.0 0.0 0.0 0.0 0.0 0.0 0.0 0.0 0.0;
	0.0 0.0 0.0 0.0 0.0 0.0 0.0 0.0 0.0 0.0 0.0 0.0;
	0.0 0.0 0.0 0.0 0.0 0.0 0.0 0.0 0.0 0.0 0.0 0.0;
	0.0951 0.0972 0.1134 0.0 0.0 1.3845 0.1731 0.5454 1.553 0.0 0.0 0.0;
	2.0817 2.7372 3.8271 3.3318 6.2646 146.7768 18.3471 22.9521 197.7751 38.2335 29.2717 69.241;
	5.462 6.0907 8.173 7.7813 12.0914 255.8029 31.9754 62.4459 221.1084 73.6325 52.23 133.3489;
	11.4747 9.6621 11.7049 10.1273 13.0038 324.8186 40.6023 76.2768 223.4637 175.0843 90.4427 317.0788;
	24.6204 16.1176 14.2053 11.237 13.34 445.132 55.6415 73.215 273.4193 278.8549 96.9266 505.0079;
	24.159 16.0551 13.6012 11.5283 13.2468 409.7881 51.2235 65.6605 252.4663 332.0505 153.3566 601.3455;
	23.5482 16.0751 13.2624 11.6789 13.0841 383.6414 47.9552 62.4678 230.3765 329.5311 160.0626 596.7828;
	24.2257 16.5824 13.7384 7.1899 8.2702 342.3143 42.7893 69.3217 201.5463 245.5329 56.2353 444.6616;
	21.7656 15.8007 12.7589 5.5292 6.8582 335.2421 41.9053 71.5936 175.2885 198.4727 32.2076 359.4352;
	16.3335 10.3937 8.5153 3.8924 5.6474 277.4178 34.6772 69.5335 100.9493 145.2191 39.8692 262.9927;
	4.9696 2.3502 1.4534 3.9101 4.0703 39.928 4.991 26.4605 6.8844 46.2349 21.2036 83.7317;
	0.8987 0.7338 0.5349 1.436 1.7033 33.534 4.1918 9.0172 20.2353 15.6172 10.3957 28.2829;
	0.0 0.0 0.0 0.0 0.0 0.0 0.0 0.0 0.0 0.0 0.0 0.0;
	0.0 0.0 0.0 0.0 0.0 0.0 0.0 0.0 0.0 0.0 0.0 0.0;
	0.0 0.0 0.0 0.0 0.0 0.0 0.0 0.0 0.0 0.0 0.0 0.0;
	0.0 0.0 0.0 0.0 0.0 0.0 0.0 0.0 0.0 0.0 0.0 0.0;
	0.0 0.0 0.0 0.0 0.0 0.0 0.0 0.0 0.0 0.0 0.0 0.0;
	0.0 0.0 0.0 0.0 0.0 0.0 0.0 0.0 0.0 0.0 0.0 0.0;
	0.0 0.0 0.0 0.0 0.0 0.0 0.0 0.0 0.0 0.0 0.0 0.0;
];
