function windprofile = ex_wind_profilesh1
%EX_WIND_PROFILE_D  Example wind_load_nyiso profile data for deterministic unit commitment.
% 2022.03.12
% Andres F. Ramirez


%% define constants
[GEN_BUS, PG, QG, QMAX, QMIN, VG, MBASE, GEN_STATUS, PMAX, PMIN, ...
    MU_PMAX, MU_PMIN, MU_QMAX, MU_QMIN, PC1, PC2, QC1MIN, QC1MAX, ...
    QC2MIN, QC2MAX, RAMP_AGC, RAMP_10, RAMP_30, RAMP_Q, APF] = idx_gen;
[CT_LABEL, CT_PROB, CT_TABLE, CT_TBUS, CT_TGEN, CT_TBRCH, CT_TAREABUS, ...
    CT_TAREAGEN, CT_TAREABRCH, CT_ROW, CT_COL, CT_CHGTYPE, CT_REP, ...
    CT_REL, CT_ADD, CT_NEWVAL, CT_TLOAD, CT_TAREALOAD, CT_LOAD_ALL_PQ, ...
    CT_LOAD_FIX_PQ, CT_LOAD_DIS_PQ, CT_LOAD_ALL_P, CT_LOAD_FIX_P, ...
    CT_LOAD_DIS_P, CT_TGENCOST, CT_TAREAGENCOST, CT_MODCOST_F, ...
    CT_MODCOST_X] = idx_ct;

windprofile = struct( ...
    'type', 'mpcData', ...
    'table', CT_TGEN, ...
    'rows', [1:45], ...
    'col', PMAX, ...
    'chgtype', 1, ...
    'values', [] );
windprofile.values(:,1,:) = [
	3.5538 48.0197 86.0949 112.2152 14.7304 15.1968 14.4694 18.0863 27.5719 25.0209 46.2507 68.9969 103.8745 7.3844 16.1932 6.1007 7.5694 8.0213 13.9267 29.9378 4.8231 35.4593 61.2527 84.5591 91.2375 69.4295 7.8635 686.9412 400.4375 400.4375 199.2717 38.4228 46.4223 77.0599 23.1509 170.8533 503.9963 58.3739 305.5242 244.3862 12.0276 168.5835 118.988 212.0289 509.2463;
	3.5662 48.187 88.3343 114.013 14.5331 16.4413 13.3706 17.3874 26.8552 24.9093 46.0444 68.6892 103.4113 8.0329 6.5212 2.4568 3.0483 3.2303 10.5816 17.3621 4.4569 38.3631 63.5134 84.5257 90.5443 70.5816 7.3172 623.6297 372.354 372.354 156.3234 33.1247 35.272 44.6902 25.1843 158.871 462.0945 49.3843 309.6583 242.5293 13.4793 182.389 112.8335 207.2711 466.908;
	3.1267 42.248 87.4055 110.4552 14.1034 12.6646 11.1842 17.8332 27.3139 23.7492 43.9001 65.4903 98.5953 7.7281 4.4076 1.6605 2.0603 2.1833 19.4785 23.1662 3.7281 29.5508 64.7127 85.1265 90.4826 73.8936 8.1871 538.1211 338.6871 338.6871 135.0419 31.4944 64.9283 59.6299 24.2288 144.5065 368.1319 34.5857 232.2947 242.3641 15.2746 140.4929 88.1323 197.2666 371.9666;
	3.0639 41.3997 88.3815 106.8685 14.4908 13.3051 11.5734 17.5825 28.1513 25.6234 47.3645 70.6585 106.376 11.4336 2.9707 1.1192 1.3887 1.4716 12.2179 24.1846 3.8578 31.0451 69.9991 83.5949 94.134 76.1219 9.7868 479.5301 285.6765 285.6765 155.556 28.5461 40.7263 62.2512 35.8459 121.8886 304.1217 32.6537 188.9462 252.1447 7.1353 147.5975 86.453 210.2334 307.2896;
	2.5172 34.0132 88.414 112.3973 14.2332 14.4038 9.0457 17.7829 17.8205 23.3723 43.2033 64.4509 97.0304 15.6903 7.5287 2.8364 3.5192 3.7293 22.3358 26.2028 3.0152 33.6089 55.7851 84.5501 98.3991 76.1754 9.7073 324.7488 203.2591 203.2591 137.5043 28.8232 74.4528 67.4461 49.1911 86.7239 145.2316 30.0872 160.3151 263.5689 15.0385 159.7865 87.8765 214.5471 146.7444;
	3.1618 42.7234 89.193 115.6718 14.3635 21.6536 10.2656 18.2463 11.0082 21.0354 38.8835 58.0066 87.3286 28.5255 8.1782 3.0811 3.8228 4.0511 32.4891 27.3565 3.4219 50.525 57.9558 83.9927 98.8727 76.0906 8.1207 280.628 187.3591 187.3591 121.5223 25.6992 108.2968 70.4158 89.4314 79.9399 137.0171 29.0408 175.0264 264.8375 14.2882 240.2102 89.6237 219.304 138.4443;
	2.6348 35.6024 88.7586 112.6709 14.2016 21.3575 9.9514 17.8957 13.8157 29.1394 53.8637 80.3541 120.9726 42.7618 25.3557 9.5526 11.8523 12.5599 38.4238 39.4116 3.3171 49.8341 70.3402 84.547 100.0776 75.9243 11.1678 242.7516 218.5564 218.5564 104.8355 18.266 128.0795 101.4456 134.0639 93.2507 165.2488 24.425 151.5357 268.0651 11.3782 236.9254 87.9712 234.2412 166.9701;
	1.7843 24.1096 69.13 112.5175 14.737 18.4701 9.0665 18.1575 19.9707 30.132 55.6986 83.0913 125.0935 42.4873 27.2509 10.2666 12.7382 13.4987 51.3506 60.34 3.0222 43.0969 73.932 85.4245 101.7312 76.3941 12.1866 85.3843 163.7016 163.7016 86.193 9.3626 171.1687 155.3154 133.2035 69.846 86.8817 17.5124 157.9517 272.4942 8.8806 204.8952 88.083 227.6067 87.7867;
	2.7138 36.6694 83.6874 105.5933 14.8897 24.2884 9.888 18.3611 22.7935 30.3131 56.0333 83.5906 125.8452 47.115 22.5867 8.5094 10.558 11.1883 63.0816 59.5326 3.296 56.6729 71.7756 88.1074 102.4827 75.8012 11.9837 90.2383 141.9241 141.9241 89.0697 7.461 210.272 153.2369 147.7119 60.5543 101.6112 26.0039 139.4315 274.5072 19.4874 269.4391 77.8643 229.7291 102.6697;
	1.7916 24.2078 80.7963 107.0316 12.8052 13.7775 8.8901 18.1658 25.7684 30.0506 55.5481 82.8669 124.7556 43.7501 21.5591 8.1223 10.0776 10.6793 68.8199 48.4922 2.9634 32.1475 72.239 84.2958 100.5909 74.8462 12.0148 208.8432 226.4699 226.4699 100.1025 8.5077 229.3996 124.819 137.1624 96.6271 194.8579 27.982 11.634 269.4399 11.2323 152.8382 73.3576 202.3847 196.8877;
	1.6067 21.7101 78.0254 104.1956 13.2409 25.1831 13.7608 17.9687 26.8791 30.3851 56.1663 83.7891 126.144 49.774 52.4275 19.7518 24.5068 25.9699 67.0134 39.1148 4.5869 58.7605 74.077 87.0112 98.5364 74.5724 11.9598 316.1298 292.6273 292.6273 151.5064 12.1279 223.378 100.6816 156.0483 124.8543 300.1679 27.3177 177.0271 263.9367 70.3091 279.3641 90.5282 186.6791 303.2947;
	1.7064 23.0567 85.2951 94.8901 12.7661 29.7911 19.324 18.4598 27.1435 29.8426 55.1635 82.2931 123.8919 52.0469 57.3392 21.6022 26.8027 28.4029 79.888 53.7329 6.4413 69.5126 73.2987 88.2022 101.0043 74.0811 12.1313 421.5625 336.3844 336.3844 269.9416 17.0037 266.2933 138.3085 163.174 143.524 409.6971 44.7951 199.0339 270.5471 13.3109 330.4828 102.8455 199.2198 413.9648;
	2.7965 37.7864 87.6241 87.2168 14.0174 29.7545 17.7836 17.5684 26.6594 28.3157 52.3412 78.0828 117.5532 44.5132 41.1128 15.489 19.2179 20.3652 82.5117 60.4916 5.9279 69.4272 69.0853 86.5709 101.9678 71.7217 10.7965 502.6261 352.6111 352.6111 272.8993 23.5748 275.0389 155.7056 139.5548 150.4474 484.0174 52.8712 164.7144 273.128 8.1654 330.0768 128.8901 225.1282 489.0592;
	3.139 42.4148 83.2233 100.466 14.1713 29.7028 19.1358 18.1107 26.0838 28.6606 52.9786 79.0337 118.9847 50.0388 59.9792 22.5968 28.0368 29.7106 78.6034 60.1273 6.3786 69.3066 57.3616 84.3759 100.5453 71.2808 11.2549 722.4107 492.008 492.008 348.1256 21.873 262.0113 154.7678 156.8785 209.9234 673.2504 72.1951 217.7131 269.3177 14.1541 329.5033 128.2086 249.1871 680.2635;
	3.5372 47.7956 84.7776 102.409 14.3087 32.2356 23.4908 17.8418 26.2969 24.5843 45.4436 67.7929 102.0619 47.5121 82.631 31.1307 38.6252 40.9312 74.5977 54.2109 7.8303 75.2163 25.2425 84.258 97.8194 72.5751 11.8699 910.9273 565.0961 565.0961 453.0849 23.6274 248.659 139.5389 148.957 241.1077 863.2705 105.6432 360.8647 262.0164 0.0 357.5997 150.7675 248.8429 872.2629;
	3.3773 45.6341 87.3419 101.5314 14.4109 32.5461 25.7068 18.3001 26.2186 17.5155 32.3771 48.3003 72.7158 45.3269 106.4133 40.0906 49.742 52.7117 74.6916 62.3814 8.5689 75.9409 24.937 83.4715 98.8495 73.5855 12.59 966.6589 626.6983 626.6983 586.7741 35.511 248.9719 160.5698 142.106 267.3913 876.6934 146.0197 333.3865 264.7754 0.2869 361.0447 154.6707 265.9514 885.8256;
	3.5957 48.5854 87.4815 109.92 14.4273 32.7615 29.8258 17.9878 27.5707 18.728 34.6184 51.6439 77.7496 64.0796 145.9472 54.9848 68.2218 72.2948 86.8456 68.1719 9.9419 76.4435 25.1924 82.8227 99.2896 74.4839 12.4565 970.2039 696.0414 696.0414 677.6259 73.4038 289.4855 175.4748 200.8982 296.9777 976.533 200.5283 409.6899 265.9542 10.3325 363.4341 199.7046 276.0748 986.7052;
	3.7478 50.6415 92.4691 114.1342 14.993 34.3706 29.692 18.5559 27.8243 19.2092 35.5079 52.9708 79.7472 64.3902 177.9547 67.0434 83.1835 88.1497 90.969 71.117 9.8973 80.1981 39.9442 84.7624 103.6956 71.3845 13.4302 1107.6443 705.1862 705.1862 674.1454 92.89 303.2301 183.0555 201.8719 300.8795 1025.0152 234.5865 438.7146 277.7562 117.1492 381.2847 201.8907 269.7677 1035.6924;
	3.6586 49.4355 88.2746 111.8149 14.9686 33.6273 30.9082 13.7839 27.0599 20.7332 38.3249 57.1733 86.074 65.1697 177.9203 67.0304 83.1674 88.1326 89.7836 69.5596 10.3027 78.4637 55.143 82.2886 102.8333 67.2655 12.7563 1118.2638 730.2811 730.2811 632.7691 99.1571 299.2786 179.0465 204.3157 311.5866 1020.5303 230.7282 456.7195 275.4464 119.6606 373.039 202.3982 270.1871 1031.1608;
