function loadprofile = ex_load_profilesh1
%EX_LOAD_PROFILE  Example load profile data file for stochastic unit commitment.
% 2022.03.12
% Andres F. Ramirez

%% define constants
[CT_LABEL, CT_PROB, CT_TABLE, CT_TBUS, CT_TGEN, CT_TBRCH, CT_TAREABUS, ...
    CT_TAREAGEN, CT_TAREABRCH, CT_ROW, CT_COL, CT_CHGTYPE, CT_REP, ...
    CT_REL, CT_ADD, CT_NEWVAL, CT_TLOAD, CT_TAREALOAD, CT_LOAD_ALL_PQ, ...
    CT_LOAD_FIX_PQ, CT_LOAD_DIS_PQ, CT_LOAD_ALL_P, CT_LOAD_FIX_P, ...
    CT_LOAD_DIS_P, CT_TGENCOST, CT_TAREAGENCOST, CT_MODCOST_F, ...
    CT_MODCOST_X] = idx_ct;

loadprofile = struct( ...
    'type', 'mpcData', ...
    'table', CT_TAREALOAD, ...
    'rows', [1:11], ...
    'col', CT_LOAD_ALL_P, ...
    'chgtype', 1, ...
    'values', [] );
loadprofile.values(:,1,:) = [
	1458.4508 922.9089 1600.041 546.4567 806.7768 1161.9482 845.6 244.7666 515.7122 4659.0252 1737.5933;
	1471.1948 926.1553 1589.6816 543.3777 803.8764 1158.3 842.8576 247.0 511.4448 4590.0517 1726.1578;
	1483.0 956.6852 1617.3715 561.7356 827.4092 1197.4112 873.8 260.7488 536.6566 4699.0175 1779.4425;
	1605.5585 1050.0237 1726.3 578.1002 890.9732 1316.4898 917.9707 285.3 561.3125 4858.5222 1883.3343;
	1765.7785 1168.8325 1909.8814 584.0786 975.3 1428.7803 1003.2692 318.2 626.5274 5308.822 2079.7046;
	1921.3409 1274.1725 2055.2034 591.649 1044.1539 1513.7397 1072.3953 364.769 686.1 5934.1 2250.3902;
	1948.8403 1269.7156 2073.5331 604.253 1053.3426 1531.7226 1072.4877 371.3318 679.518 6202.2355 2285.4732;
	1932.5504 1263.6264 2038.7944 597.6 1016.1 1543.4043 1075.1008 359.5389 702.7483 6480.0845 2377.5047;
	1902.1 1280.7708 2047.8779 581.5 1026.7494 1552.7862 1042.4067 346.3 696.6 6518.1501 2371.1173;
	1930.5329 1254.4502 2017.0259 581.9056 1007.9001 1478.4705 1038.9193 348.1485 675.1747 6607.9838 2316.9055;
	1934.0001 1263.5775 1968.1916 564.8184 1006.3674 1442.2848 979.0172 322.4 663.4766 6492.1463 2299.3476;
	1898.6643 1271.5929 1977.4573 564.4348 983.7836 1385.5797 978.2712 311.5 660.1023 6598.8578 2327.8077;
	1812.2 1238.7653 1959.4902 571.8656 965.9219 1377.9391 1005.3549 321.3531 654.6219 6517.7057 2332.5586;
	1732.6639 1229.0085 1983.315 562.9891 971.9984 1401.1019 1007.3234 336.0 644.5 6493.7762 2242.4934;
	1747.3024 1228.8897 2011.3439 564.9924 975.1 1385.0517 1004.9 333.8347 645.3126 6358.6804 2243.4304;
	1734.6 1243.6442 2009.3909 573.3339 985.3 1386.335 1029.9418 347.5682 658.554 6627.023 2393.7835;
	1791.0792 1287.3376 2005.3569 575.5 996.4246 1441.8659 1067.9122 355.9684 669.6644 6645.7011 2448.7301;
	1848.1834 1329.1722 2117.5526 588.4389 1055.832 1484.9002 1081.4244 377.3659 694.7323 6665.6806 2468.7037;
	1883.4368 1320.873 2075.9457 578.8 1022.6924 1514.1876 1105.7676 385.8016 702.6358 6429.2694 2454.5023;
	1821.9358 1241.8097 1947.9492 560.9 941.0066 1426.9938 1048.4736 354.2533 652.9648 6123.9021 2344.3083;
	1740.5112 1136.8473 1808.4374 547.4352 879.7155 1319.2179 970.2174 329.9817 597.0442 5639.2086 2205.9716;
	1592.862 1060.061 1709.9251 543.3639 827.8165 1272.1444 897.3 295.7044 548.4527 5291.8807 1973.3713;
	1521.7514 957.8732 1633.3652 547.1259 804.2099 1164.5403 852.5409 267.6152 517.5219 4998.9726 1799.1114;
	1462.2 912.3553 1554.657 534.4132 796.6105 1109.5 816.7354 258.5 496.6878 4751.9486 1718.9382;
];
