function windprofile = ex_wind_profilesh1
%EX_WIND_PROFILE_D  Example wind_load_nyiso profile data for deterministic unit commitment.
% 2022.03.12
% Andres F. Ramirez


%% define constants
[GEN_BUS, PG, QG, QMAX, QMIN, VG, MBASE, GEN_STATUS, PMAX, PMIN, ...
    MU_PMAX, MU_PMIN, MU_QMAX, MU_QMIN, PC1, PC2, QC1MIN, QC1MAX, ...
    QC2MIN, QC2MAX, RAMP_AGC, RAMP_10, RAMP_30, RAMP_Q, APF] = idx_gen;
[CT_LABEL, CT_PROB, CT_TABLE, CT_TBUS, CT_TGEN, CT_TBRCH, CT_TAREABUS, ...
    CT_TAREAGEN, CT_TAREABRCH, CT_ROW, CT_COL, CT_CHGTYPE, CT_REP, ...
    CT_REL, CT_ADD, CT_NEWVAL, CT_TLOAD, CT_TAREALOAD, CT_LOAD_ALL_PQ, ...
    CT_LOAD_FIX_PQ, CT_LOAD_DIS_PQ, CT_LOAD_ALL_P, CT_LOAD_FIX_P, ...
    CT_LOAD_DIS_P, CT_TGENCOST, CT_TAREAGENCOST, CT_MODCOST_F, ...
    CT_MODCOST_X] = idx_ct;

windprofile = struct( ...
    'type', 'mpcData', ...
    'table', CT_TGEN, ...
    'rows', [1:45], ...
    'col', PMAX, ...
    'chgtype', 1, ...
    'values', [] );
windprofile.values(:,1,:) = [
	3.6148 48.8436 91.1041 111.0772 14.9787 14.6301 14.2361 17.8917 26.7058 25.1798 46.5444 69.4351 104.5342 7.0935 19.4907 7.343 9.1108 9.6547 13.1574 28.0455 4.7454 34.1368 58.9148 83.4772 96.4278 71.044 7.7573 655.9397 407.0006 407.0006 195.9525 33.5592 43.858 72.1893 22.239 173.6536 474.6885 48.9742 295.0738 258.2887 13.8551 162.2962 119.2765 226.6951 479.6331;
	3.5493 47.9589 91.7611 111.3271 14.5574 15.9923 13.3282 17.435 26.3965 24.3122 44.9408 67.0428 100.9326 6.5829 13.6804 5.154 6.3948 6.7766 12.9842 15.5335 4.4427 37.3154 63.198 85.1192 96.7022 72.4447 6.8456 683.2914 390.2419 390.2419 175.3987 32.1775 43.2808 39.9832 20.6382 166.5032 492.5442 48.8152 299.5029 259.0236 11.0031 177.4081 111.2976 215.3801 497.6749;
	3.1941 43.1595 91.0868 110.8107 14.5877 13.4718 12.5874 17.496 27.6182 24.6248 45.5186 67.9048 102.2304 8.8867 16.8952 6.3652 7.8975 8.369 33.459 23.5747 4.1958 31.4343 68.0895 86.9564 97.7169 71.9813 7.5766 672.8087 380.3569 380.3569 164.5003 32.3875 111.5299 60.6814 27.8608 162.2856 421.178 39.6529 247.1563 261.7416 7.6073 149.4476 83.8186 204.3905 425.5653;
	2.8049 37.8998 89.9842 107.4452 14.4386 13.1118 10.7967 17.3684 27.1116 25.4063 46.9631 70.0597 105.4745 11.264 15.7294 5.926 7.3526 7.7916 15.4932 24.3659 3.5989 30.5942 70.1529 86.5684 98.5982 74.4487 9.3825 514.3284 297.8345 297.8345 175.7466 31.6634 51.644 62.718 35.3143 127.0761 309.6182 35.4887 182.7564 264.1022 4.0979 145.4536 74.6376 210.3857 312.8433;
	2.3302 31.4859 94.0237 114.8958 14.6355 14.8181 9.7407 18.4325 17.7381 22.8873 42.3069 63.1135 95.0171 21.4479 23.4219 8.8241 10.9484 11.602 25.8759 29.9933 3.2469 34.5756 61.7074 89.0436 103.8114 76.2479 9.7553 405.8001 235.9937 235.9937 166.4863 30.8505 86.253 77.2028 67.242 100.6907 190.3046 37.2941 181.6867 278.0664 14.2123 164.3824 79.8481 230.5668 192.2869;
	2.9547 39.9247 93.4225 114.9965 14.4085 22.0812 10.8475 17.7935 10.568 20.3286 37.5771 56.0576 84.3944 33.0095 23.0465 8.6827 10.7729 11.4161 37.0031 30.5328 3.6158 51.5229 62.4585 89.6097 102.5672 75.3596 8.377 329.5609 214.9676 214.9676 144.6867 28.6447 123.3437 78.5915 103.4892 91.7195 163.8416 33.8649 209.1585 274.7337 14.5105 244.9546 85.5411 226.7771 165.5483;
	2.5927 35.0328 93.7276 116.7184 14.6017 23.5568 12.5587 17.6931 12.3891 25.3899 46.9328 70.0146 105.4065 49.3999 25.2161 9.5 11.7871 12.4908 39.9965 37.2228 4.1862 54.966 69.0501 89.2654 104.5516 74.4542 11.509 294.9046 253.7919 253.7919 132.5228 21.8033 133.3216 95.8115 154.8753 108.2845 203.3496 28.0548 174.7935 280.0489 13.5966 261.3239 93.8209 246.8864 205.4678;
	1.8638 25.1846 74.9325 116.1154 14.7961 19.6541 12.1514 18.1978 19.0108 26.025 48.1069 71.766 108.0434 46.6335 27.1822 10.2407 12.7061 13.4647 51.9898 53.1754 4.0505 45.8596 69.7084 87.801 103.9781 72.1623 12.9828 187.4274 198.9618 198.9618 118.0331 13.7511 173.2992 136.8737 146.2023 84.8904 138.1094 33.3505 187.5265 278.5127 10.049 218.0298 91.8024 223.9039 139.548;
	2.9362 39.6747 91.9975 116.7783 15.1735 25.8587 11.4378 19.0461 20.6694 26.7038 49.3616 73.6378 110.8613 50.5202 21.3996 8.0622 10.0031 10.6003 63.1229 52.2888 3.8126 60.3371 67.6736 89.7159 106.2373 74.5468 13.4127 195.9577 172.4243 172.4243 109.7057 10.8121 210.4096 134.5916 158.3876 73.5677 159.4125 42.4822 149.1274 284.5642 21.1194 286.8597 85.2577 260.1738 161.073;
	2.1064 28.4616 88.8779 112.4477 14.0479 14.6137 9.7601 18.3916 22.3745 26.491 48.9681 73.0508 109.9776 47.5751 5.391 2.031 2.52 2.6704 68.103 45.6762 3.2534 34.0986 66.4639 86.6997 104.6089 73.5829 12.9539 302.8681 252.0077 252.0077 116.7598 12.4066 227.0099 117.5706 149.1545 107.5233 258.1815 26.4616 2.3329 280.2023 5.9118 162.1146 82.7735 231.6806 260.8709;
	1.6494 22.2865 82.0294 102.9453 12.7787 25.7878 12.4626 16.9743 23.0 27.2834 50.433 75.2361 113.2675 50.5128 3.3398 1.2582 1.5612 1.6544 56.1039 34.5278 4.1542 60.1714 70.0873 86.644 97.1501 70.4865 11.7735 367.8929 288.644 288.644 136.3751 13.0395 187.013 88.8747 158.3646 123.1548 313.17 22.2236 68.5329 260.2235 0.8332 286.0722 92.0953 192.9264 316.4321;
	1.7834 24.0972 86.3862 84.0818 12.6943 31.4695 16.2072 16.9622 22.9332 26.6983 49.3514 73.6226 110.8384 52.5917 0.0 0.0 0.0 0.0 59.7441 46.8955 5.4024 73.4288 70.0739 85.4956 97.4172 70.0239 11.6361 450.1616 348.1714 348.1714 240.0075 15.824 199.147 120.7093 164.8821 148.5531 408.3816 33.5696 147.9311 260.9389 2.9945 349.1016 108.7923 199.4709 412.6356;
	2.9114 39.3393 91.2004 88.1691 14.1931 32.6433 18.172 16.6981 25.9458 28.4388 52.5687 78.4221 118.0641 56.1026 35.6228 13.4207 16.6516 17.6457 76.2721 57.5909 6.0573 76.1676 69.7065 87.6004 101.1254 69.6342 10.6138 589.466 428.7483 428.7483 280.1709 22.2314 254.2403 148.2391 175.8891 182.9326 579.1358 41.4919 181.7313 270.8716 6.4914 362.1225 139.5288 228.671 585.1685;
	3.5845 48.4339 88.6682 106.2614 14.6066 32.261 19.0232 16.2095 26.0995 28.5414 52.7583 78.705 118.49 55.796 58.482 22.0328 27.3369 28.969 82.491 52.8513 6.3411 75.2756 61.8366 85.0161 97.2761 69.3544 11.0927 700.3241 570.6689 570.6689 348.6697 24.16 274.97 136.0395 174.928 243.4854 696.3885 49.9933 242.3489 260.5609 0.883 357.8817 143.4193 252.0711 703.6425;
	3.729 50.3867 90.5473 110.6602 15.1513 34.5284 24.1634 17.243 27.8662 24.9715 46.1594 68.8608 103.6695 63.0865 76.6366 28.8724 35.8232 37.9619 81.1779 49.5655 8.0545 80.5664 42.2047 86.9199 101.264 71.9156 12.5885 871.6627 691.9646 691.9646 474.5405 30.4897 270.593 127.5818 197.7846 295.2382 934.4313 74.809 408.8744 271.2429 1.0773 383.0355 160.6709 259.3919 944.165;
	3.6802 49.7273 89.1774 107.218 14.9302 34.3032 26.895 15.7301 26.9968 20.8553 38.5507 57.5101 86.5812 62.4815 127.5997 48.0725 59.6455 63.2064 87.0608 63.9361 8.965 80.0408 41.018 83.8104 97.3687 69.3384 11.6647 1016.5335 753.1124 753.1124 650.4808 36.7902 290.2028 164.5716 195.888 321.328 1021.2762 134.0442 358.3475 260.809 0.0 380.5366 173.2902 261.0491 1031.9145;
	3.8959 52.6428 94.4592 119.4202 15.0717 34.7499 29.1261 17.6624 28.2051 21.7042 40.1199 59.851 90.1054 65.3188 171.5878 64.6447 80.2073 84.9958 88.755 69.4058 9.7087 81.0831 32.5074 89.5967 104.1589 73.2392 12.4536 1037.2271 766.1354 766.1354 674.5655 70.1226 295.8499 178.6508 204.7832 326.8844 1062.3879 174.8229 387.9302 278.997 0.0 385.4923 205.8752 282.597 1073.4544;
	3.9246 53.03 93.9978 118.1737 14.8843 34.7495 28.7719 18.0079 28.1085 19.1689 35.4334 52.8596 79.5799 65.8252 178.3825 67.2046 83.3834 88.3615 87.8688 70.6992 9.5906 81.0822 36.5748 89.7745 104.8882 70.4778 13.0995 1187.7886 782.5383 782.5383 669.5507 88.074 292.896 181.9798 206.3708 333.883 1144.5669 199.5356 434.52 280.9506 102.0979 385.4879 200.9699 265.3888 1156.4894;
	3.8835 52.475 93.2705 117.8471 14.8242 34.6097 29.798 12.7912 27.905 21.6824 40.0796 59.7908 90.0148 62.9429 183.7541 69.2283 85.8944 91.0224 86.0589 66.2068 9.9327 80.756 51.5107 88.3849 104.64 57.6613 12.7167 1205.0125 786.8128 786.8128 622.1753 100.9357 286.8631 170.4164 197.3346 335.7068 1143.7567 221.6874 430.6499 280.2857 114.8943 383.9369 207.4871 272.7797 1155.6708;
