function windprofile = ex_wind_profilesh1
%EX_WIND_PROFILE_D  Example wind_load_nyiso profile data for deterministic unit commitment.
% 2022.03.12
% Andres F. Ramirez


%% define constants
[GEN_BUS, PG, QG, QMAX, QMIN, VG, MBASE, GEN_STATUS, PMAX, PMIN, ...
    MU_PMAX, MU_PMIN, MU_QMAX, MU_QMIN, PC1, PC2, QC1MIN, QC1MAX, ...
    QC2MIN, QC2MAX, RAMP_AGC, RAMP_10, RAMP_30, RAMP_Q, APF] = idx_gen;
[CT_LABEL, CT_PROB, CT_TABLE, CT_TBUS, CT_TGEN, CT_TBRCH, CT_TAREABUS, ...
    CT_TAREAGEN, CT_TAREABRCH, CT_ROW, CT_COL, CT_CHGTYPE, CT_REP, ...
    CT_REL, CT_ADD, CT_NEWVAL, CT_TLOAD, CT_TAREALOAD, CT_LOAD_ALL_PQ, ...
    CT_LOAD_FIX_PQ, CT_LOAD_DIS_PQ, CT_LOAD_ALL_P, CT_LOAD_FIX_P, ...
    CT_LOAD_DIS_P, CT_TGENCOST, CT_TAREAGENCOST, CT_MODCOST_F, ...
    CT_MODCOST_X] = idx_ct;

windprofile = struct( ...
    'type', 'mpcData', ...
    'table', CT_TGEN, ...
    'rows', [1:45], ...
    'col', PMAX, ...
    'chgtype', 1, ...
    'values', [] );
windprofile.values(:,1,:) = [
	2.7539 37.2112 85.0843 105.398 14.0719 10.6507 12.5492 15.3576 25.8401 24.8404 45.917 68.4992 103.1251 3.9876 26.2083 9.8738 12.2508 12.9822 13.9565 32.2103 4.1831 24.8517 59.3707 78.9192 87.0503 66.4614 6.1606 633.6886 368.2853 368.2853 181.4779 31.8887 46.5218 82.9093 12.5016 157.1351 452.2748 41.1101 289.8473 233.1705 14.049 118.152 107.3403 217.1004 456.986;
	2.8597 38.6402 84.2212 103.4287 12.3105 13.6547 12.2485 15.7374 24.6235 24.4457 45.1874 67.4108 101.4866 2.9634 18.5636 6.9937 8.6774 9.1954 10.942 19.3745 4.0828 31.8609 64.6898 78.6141 89.2152 69.9808 5.9096 607.8837 347.4833 347.4833 147.9917 27.2211 36.4734 49.8701 9.2906 148.2595 406.5111 37.9179 273.5856 238.9692 13.5363 151.4757 99.4934 208.9138 410.7456;
	1.896 25.619 63.5191 27.2582 12.9934 8.8385 9.4706 14.8743 25.1176 21.222 39.2285 58.5212 88.1033 6.4841 13.0193 4.905 6.0858 6.4491 20.0763 24.2425 3.1569 20.6231 61.8815 79.46 80.6106 69.3741 6.4332 559.7184 312.0312 312.0312 135.2259 26.7641 66.9212 62.4001 20.3287 133.1333 320.6453 28.8906 207.0672 215.9212 4.6549 98.0481 77.1159 194.2259 323.9853;
	2.5721 34.7551 87.3655 93.517 13.9054 10.7058 10.6625 16.4094 25.6899 17.313 32.0028 47.7419 71.8752 5.4601 11.4352 4.3082 5.3453 5.6644 13.2819 25.0498 3.5542 24.9801 61.0625 82.0608 95.4566 73.835 8.5855 441.639 242.2098 242.2098 145.9166 24.5345 44.273 64.4784 17.1182 103.3429 259.3701 27.9936 162.9809 255.6874 7.3133 118.7625 73.6571 202.8096 262.0719;
	2.1461 28.9988 87.1612 99.7461 13.0942 10.6661 9.6373 16.999 15.5296 13.7104 25.3434 37.8074 56.9188 13.7667 18.187 6.8518 8.5013 9.0089 22.867 26.9016 3.2124 24.8875 42.8077 81.9666 96.6078 73.4515 8.7855 337.7164 171.4117 171.4117 122.7964 27.491 76.2235 69.2449 43.1605 73.1356 109.3181 25.3455 161.1988 258.7709 14.5588 118.3223 76.7849 223.9097 110.4569;
	2.9874 40.3658 89.522 109.892 14.0744 20.275 10.0263 17.1206 4.1833 15.5436 28.7322 42.8627 64.5296 25.9688 16.4881 6.2118 7.7072 8.1674 34.8034 27.7424 3.3421 47.3084 44.0551 82.7374 95.6844 71.8525 7.9021 285.9614 174.0318 174.0318 121.944 28.5538 116.0115 71.409 81.4159 74.2536 92.6515 29.4341 172.2715 256.2976 14.4376 224.9176 88.1567 210.7027 93.6166;
	2.6468 35.7641 88.7785 110.9607 14.3984 22.1971 11.8067 16.3243 11.8633 22.7935 42.1334 62.8547 94.6275 38.4089 21.224 7.996 9.921 10.5133 39.5807 37.0001 3.9356 51.7931 49.7096 84.2062 96.5455 70.9817 10.4364 271.1485 214.3635 214.3635 106.7438 18.9378 131.9356 95.2385 120.4171 91.4617 165.5963 27.6584 151.7653 258.6041 13.5074 246.2393 98.1973 231.5738 167.3212;
	1.8819 25.4293 68.4523 109.2664 14.0108 18.8965 11.0795 16.3193 16.7565 21.057 38.9236 58.0664 87.4186 37.8925 21.6824 8.1687 10.1353 10.7403 58.1649 54.9689 3.6932 44.0919 61.2345 81.8816 95.1102 71.1845 11.4109 153.4982 164.7803 164.7803 98.1968 11.41 193.8831 141.4901 118.798 70.3063 100.807 56.7038 150.5953 254.7596 9.9439 209.6256 95.6176 218.8899 101.8571;
	2.8583 38.6223 82.641 96.7204 13.565 22.1501 9.0429 16.7064 10.2221 21.4576 39.6641 59.1711 89.0817 41.3488 10.4653 3.9427 4.8919 5.184 67.0282 48.8954 3.0143 51.6836 58.2526 81.2753 92.4882 69.6303 11.7758 131.413 134.1028 134.1028 88.1401 8.2833 223.4273 125.8569 129.6342 57.2172 106.0363 28.5603 94.833 247.7363 19.4843 245.7187 82.8377 229.3039 107.1409;
	2.0249 27.361 77.8928 97.994 10.862 12.4671 9.3119 16.6857 20.7672 25.1655 46.5181 69.3958 104.475 42.7208 0.0067 0.0025 0.0031 0.0033 70.3953 39.974 3.104 29.0899 62.7299 66.5151 88.3628 68.759 11.9038 256.2941 217.8689 217.8689 98.6212 10.5744 234.6512 102.8932 133.9356 92.9574 221.7255 25.1093 0.0 236.686 15.1867 138.3018 79.8298 199.2786 224.0352;
	1.6799 22.6995 73.4118 97.0832 11.1894 24.2199 13.4395 16.3677 22.1395 27.3104 50.4828 75.3104 113.3794 51.6813 0.7377 0.2779 0.3448 0.3654 64.5568 32.255 4.4798 56.5131 63.7095 81.6071 85.206 69.2555 11.486 359.7271 288.2556 288.2556 158.2256 13.9963 215.1893 83.0244 162.0278 122.9891 313.3001 26.465 132.4434 228.2304 16.7655 268.6794 96.1213 172.4113 316.5636;
	1.8177 24.5612 78.867 90.3759 10.6097 29.885 18.6768 17.1514 24.2135 25.8832 47.8447 71.3749 107.4544 51.9388 2.3303 0.8779 1.0893 1.1543 74.7104 44.014 6.2256 69.7317 55.5594 81.4674 94.3581 69.8168 11.5092 415.9057 343.8498 343.8498 281.1636 18.84 249.0346 113.2921 162.8353 146.7092 399.6528 45.4717 163.0761 252.7448 33.9711 331.5243 112.234 175.4878 403.8158;
	3.0288 40.926 85.6208 89.5033 12.7335 31.5807 20.6476 16.769 26.4037 26.7101 49.3732 73.6552 110.8874 59.5149 43.7204 16.4714 20.4368 21.6569 82.1956 56.655 6.8825 73.6883 63.8072 81.7945 96.6142 69.2153 10.7192 543.374 425.3817 425.3817 319.1676 26.6672 273.9855 145.8302 186.5873 181.4962 573.4172 60.1374 210.6069 258.7881 27.0172 350.3351 148.1011 216.1912 579.3903;
	3.6495 49.3125 81.9331 104.0867 14.1088 31.0361 20.2275 16.9386 26.0217 27.7001 51.2032 76.385 114.9973 56.3878 66.3371 24.9921 31.0087 32.86 83.4286 49.6271 6.7425 72.4176 55.0056 83.3918 95.617 69.6493 10.9316 743.2107 538.1641 538.1641 391.3849 31.8013 278.0954 127.7402 176.7834 229.6167 681.3274 77.1314 242.2981 256.1171 5.6833 344.2939 152.6777 248.1511 688.4246;
	3.8195 51.6104 85.8542 109.7183 14.3104 33.046 26.2414 17.7572 27.635 24.0487 44.4536 66.3161 99.8385 66.3577 95.2997 35.9036 44.5471 47.2066 87.6877 50.2394 8.7471 77.1074 36.7659 85.8217 97.9734 70.8641 12.485 957.0035 653.8653 653.8653 518.8606 38.8767 292.2924 129.3165 208.0403 278.9825 916.0426 118.0781 413.5325 262.4287 10.5814 366.5905 169.536 250.1126 925.5847;
	3.8314 51.7706 85.7658 100.644 14.2792 32.9876 25.5166 16.2692 25.6416 19.3722 35.8092 53.4203 80.424 67.3127 138.2498 52.0848 64.6238 68.4819 91.4138 66.9381 8.5055 76.9712 43.8077 81.4314 91.6793 68.0624 11.8386 966.2426 721.8188 721.8188 706.1493 52.0362 304.7126 172.2988 211.0343 307.976 983.1679 168.839 350.0673 245.5696 5.1928 365.943 176.4917 253.3448 993.4092;
	3.8657 52.2335 87.5941 111.8935 14.7949 34.18 28.7424 18.0432 25.7937 20.0023 36.9739 55.1578 83.0397 68.8539 174.4205 65.7119 81.5314 86.399 90.7399 69.7843 9.5808 79.7532 32.53 83.3592 99.0186 72.457 12.9667 984.7542 756.1924 756.1924 737.468 78.9052 302.4663 179.625 215.8663 322.6421 961.1573 207.4177 403.8809 265.2284 15.6094 379.1696 216.5367 276.2149 971.1694;
	3.7325 50.4349 89.7946 111.2742 14.6004 32.5654 27.5607 17.9503 25.9113 13.8294 25.5635 38.1357 57.4131 66.8275 173.7804 65.4707 81.2322 86.0819 86.9898 69.4939 9.1869 75.986 31.6753 82.8708 99.9055 70.7183 13.0881 1024.0017 719.1694 719.1694 665.3546 84.7164 289.9661 178.8776 209.5131 306.8456 992.3713 231.0295 414.4134 267.6041 113.0055 361.2591 202.5887 262.802 1002.7085;
	3.6508 49.3299 87.7323 111.179 14.2133 32.5471 29.532 12.9758 25.7715 17.5062 32.36 48.2748 72.6775 64.4434 182.7635 68.8551 85.4313 90.5317 84.6035 66.9082 9.844 75.9432 45.2508 81.7497 101.5802 58.4051 12.7127 1134.7544 742.268 742.268 614.5627 91.4816 282.0117 172.2219 202.0389 316.701 1018.5698 234.7991 412.6694 272.0899 115.7899 361.0557 208.6743 264.2455 1029.1799;
