function solarprofile = ex_solar_profilesh1
%EX_WIND_PROFILE_D  Example wind_load_nyiso profile data for deterministic unit commitment.
% 2022.03.12
% Andres F. Ramirez


%% define constants
[GEN_BUS, PG, QG, QMAX, QMIN, VG, MBASE, GEN_STATUS, PMAX, PMIN, ...
    MU_PMAX, MU_PMIN, MU_QMAX, MU_QMIN, PC1, PC2, QC1MIN, QC1MAX, ...
    QC2MIN, QC2MAX, RAMP_AGC, RAMP_10, RAMP_30, RAMP_Q, APF] = idx_gen;
[CT_LABEL, CT_PROB, CT_TABLE, CT_TBUS, CT_TGEN, CT_TBRCH, CT_TAREABUS, ...
    CT_TAREAGEN, CT_TAREABRCH, CT_ROW, CT_COL, CT_CHGTYPE, CT_REP, ...
    CT_REL, CT_ADD, CT_NEWVAL, CT_TLOAD, CT_TAREALOAD, CT_LOAD_ALL_PQ, ...
    CT_LOAD_FIX_PQ, CT_LOAD_DIS_PQ, CT_LOAD_ALL_P, CT_LOAD_FIX_P, ...
    CT_LOAD_DIS_P, CT_TGENCOST, CT_TAREAGENCOST, CT_MODCOST_F, ...
    CT_MODCOST_X] = idx_ct;

solarprofile = struct( ...
    'type', 'mpcData', ...
    'table', CT_TGEN, ...
    'rows', [1:12], ...
    'col', PMAX, ...
    'chgtype', 1, ...
    'values', [] );
solarprofile.values(:,1,:) = [
	0.0 0.0 0.0 0.0 0.0 0.0 0.0 0.0 0.0 0.0 0.0 0.0;
	0.0 0.0 0.0 0.0 0.0 0.0 0.0 0.0 0.0 0.0 0.0 0.0;
	0.0 0.0 0.0 0.0 0.0 0.0 0.0 0.0 0.0 0.0 0.0 0.0;
	0.0 0.0 0.0 0.0 0.0 0.0 0.0 0.0 0.0 0.0 0.0 0.0;
	0.0 0.0 0.0 0.0 0.0 0.0 0.0 0.0 0.0 0.0 0.0 0.0;
	0.0951 0.0972 0.1051 0.0 0.0 0.1251 0.0156 0.1784 0.0 0.0 0.0 0.0;
	3.6305 3.5032 2.3933 1.6459 5.9281 145.3891 18.1736 23.0538 59.2681 50.7146 34.8431 91.8445;
	6.2854 6.4856 4.5644 6.1616 12.2512 217.5937 27.1992 49.3053 159.8137 163.8372 123.4044 296.7102;
	5.7771 7.2442 3.0234 9.4012 12.98 196.6834 24.5854 55.8388 167.6345 248.7468 168.5694 450.4819;
	9.2201 8.5774 1.6576 10.6577 12.3565 372.708 46.5885 68.2879 241.0072 253.6321 159.0681 459.3292;
	14.6402 12.7319 1.9613 11.1543 11.2129 365.1567 45.6446 64.4436 226.8574 283.5197 164.4883 513.4559;
	20.6807 15.6729 6.9767 11.1621 10.3619 380.9421 47.6178 63.3532 228.4653 292.1019 153.5076 528.9983;
	24.2524 16.5927 13.7384 3.3591 5.2126 397.1559 49.6445 65.6083 239.0876 235.9076 147.5481 427.2302;
	21.71 16.2683 13.3494 2.745 5.4866 392.9668 49.1208 65.3814 246.0481 202.9284 135.141 367.5045;
	16.4864 13.9504 10.5712 2.0545 5.1048 360.1993 45.0249 60.2661 237.6454 136.3872 118.8652 246.998;
	7.7542 6.2634 4.491 2.2373 3.2462 122.4827 15.3103 11.6999 106.3525 23.9634 25.6278 43.3979;
	1.0342 0.9454 0.5828 1.2243 1.386 58.7602 7.345 6.4233 40.8667 12.5974 7.5855 22.814;
	0.0 0.0 0.0 0.0 0.0 0.0 0.0 0.0 0.0 0.0 0.0 0.0;
	0.0 0.0 0.0 0.0 0.0 0.0 0.0 0.0 0.0 0.0 0.0 0.0;
	0.0 0.0 0.0 0.0 0.0 0.0 0.0 0.0 0.0 0.0 0.0 0.0;
	0.0 0.0 0.0 0.0 0.0 0.0 0.0 0.0 0.0 0.0 0.0 0.0;
	0.0 0.0 0.0 0.0 0.0 0.0 0.0 0.0 0.0 0.0 0.0 0.0;
	0.0 0.0 0.0 0.0 0.0 0.0 0.0 0.0 0.0 0.0 0.0 0.0;
	0.0 0.0 0.0 0.0 0.0 0.0 0.0 0.0 0.0 0.0 0.0 0.0;
];
