function loadprofile = ex_load_profilesh1
%EX_LOAD_PROFILE  Example load profile data file for stochastic unit commitment.
% 2022.03.12
% Andres F. Ramirez

%% define constants
[CT_LABEL, CT_PROB, CT_TABLE, CT_TBUS, CT_TGEN, CT_TBRCH, CT_TAREABUS, ...
    CT_TAREAGEN, CT_TAREABRCH, CT_ROW, CT_COL, CT_CHGTYPE, CT_REP, ...
    CT_REL, CT_ADD, CT_NEWVAL, CT_TLOAD, CT_TAREALOAD, CT_LOAD_ALL_PQ, ...
    CT_LOAD_FIX_PQ, CT_LOAD_DIS_PQ, CT_LOAD_ALL_P, CT_LOAD_FIX_P, ...
    CT_LOAD_DIS_P, CT_TGENCOST, CT_TAREAGENCOST, CT_MODCOST_F, ...
    CT_MODCOST_X] = idx_ct;

loadprofile = struct( ...
    'type', 'mpcData', ...
    'table', CT_TAREALOAD, ...
    'rows', [1:11], ...
    'col', CT_LOAD_ALL_P, ...
    'chgtype', 1, ...
    'values', [] );
loadprofile.values(:,1,:) = [
	1406.2198 921.4763 1693.4729 584.63 834.4498 1182.204 850.6207 238.7642 512.1782 4455.0773 1718.5299;
	1382.3239 933.4678 1679.5564 591.6517 809.7 1186.3292 853.9689 240.9467 504.1122 4359.8242 1703.3494;
	1420.4724 949.0938 1671.9986 592.1495 824.5 1207.3407 863.9495 243.6153 521.8385 4414.4157 1732.274;
	1492.8648 1022.6 1787.8463 599.9955 879.6797 1275.0125 897.2 260.9463 544.9709 4589.3088 1809.1325;
	1629.3374 1140.8917 1937.9682 596.7093 1012.9 1410.1761 986.4671 288.1 614.8781 5104.2555 2028.1787;
	1727.2121 1221.1 2073.5 621.9 1068.8691 1468.1979 1028.6558 300.0749 650.6382 5427.9018 2147.3334;
	1711.5614 1220.7657 2058.1073 605.532 1045.4185 1464.2635 1046.6719 318.1994 690.1551 5957.0285 2200.3413;
	1749.6708 1236.5509 2049.7736 596.4 1040.0 1477.7138 1043.9844 303.0605 690.37 6161.3418 2225.2436;
	1807.9668 1237.9899 2051.2556 564.6685 1033.9232 1367.6596 1036.5522 304.8284 687.3044 6275.6 2180.7407;
	1824.6696 1233.5824 2072.8845 563.4438 1035.2084 1397.2368 1038.7375 311.9713 679.9193 6328.6515 2156.2795;
	1785.85 1217.2 2055.2605 551.9 1019.6048 1397.2704 1051.6 302.7349 673.2 6231.0422 2165.906;
	1783.9319 1223.6713 2053.407 539.9 969.7109 1415.8806 1054.2536 302.2618 665.3444 6242.5535 2193.9145;
	1726.4629 1183.0 1971.3859 535.9 922.0 1317.2569 960.8222 294.2055 635.3617 6087.1481 2186.9384;
	1727.1927 1161.8797 1933.0154 539.7 933.9 1289.5084 962.0289 305.8162 633.5417 6212.3 2274.0449;
	1777.4964 1189.0442 1932.5852 544.9749 893.544 1323.1835 979.9794 325.4752 629.6 6208.8703 2296.0206;
	1785.3762 1189.5 1977.6747 548.1016 927.5 1390.5615 1006.567 321.9054 631.4947 6167.0028 2330.855;
	1750.3678 1176.9328 2007.4155 562.1722 924.8786 1410.7634 1038.9943 320.7183 662.2 6066.7347 2450.0144;
	1803.3586 1199.1879 2011.6158 573.6252 921.6971 1440.5641 1100.3482 333.2523 695.6597 6013.3893 2548.0743;
	1795.2213 1176.3096 1975.8663 577.1831 933.7 1418.3779 1070.1761 318.5725 695.5728 5899.9099 2403.756;
	1723.8474 1099.7952 1917.8381 564.9898 902.3949 1356.1095 1048.3582 302.2435 658.3 5632.817 2290.4226;
	1646.9021 1035.0974 1849.6296 557.1 850.3 1260.5254 980.3188 265.2712 622.0917 5357.1439 2107.705;
	1506.6652 944.3828 1687.5 537.6 796.5148 1167.5158 880.653 186.2529 565.9406 4996.6703 1921.1306;
	1475.4836 874.7487 1663.6514 515.9291 815.0667 1179.5627 853.5714 220.3864 588.0647 4665.8159 1800.6283;
	1469.7084 875.6839 1590.5912 537.5 779.9247 1198.3493 825.723 207.3162 548.7609 4333.6514 1720.3346;
];
