function loadprofile = ex_load_profilesh1
%EX_LOAD_PROFILE  Example load profile data file for stochastic unit commitment.
% 2022.03.12
% Andres F. Ramirez

%% define constants
[CT_LABEL, CT_PROB, CT_TABLE, CT_TBUS, CT_TGEN, CT_TBRCH, CT_TAREABUS, ...
    CT_TAREAGEN, CT_TAREABRCH, CT_ROW, CT_COL, CT_CHGTYPE, CT_REP, ...
    CT_REL, CT_ADD, CT_NEWVAL, CT_TLOAD, CT_TAREALOAD, CT_LOAD_ALL_PQ, ...
    CT_LOAD_FIX_PQ, CT_LOAD_DIS_PQ, CT_LOAD_ALL_P, CT_LOAD_FIX_P, ...
    CT_LOAD_DIS_P, CT_TGENCOST, CT_TAREAGENCOST, CT_MODCOST_F, ...
    CT_MODCOST_X] = idx_ct;

loadprofile = struct( ...
    'type', 'mpcData', ...
    'table', CT_TAREALOAD, ...
    'rows', [1:11], ...
    'col', CT_LOAD_ALL_P, ...
    'chgtype', 1, ...
    'values', [] );
loadprofile.values(:,1,:) = [
	1512.251 914.3446 1600.5 546.2681 808.4133 1155.2135 891.4048 252.603 496.8791 4434.1385 1689.0;
	1520.0332 906.1868 1609.3794 549.5 811.6688 1144.9383 900.2982 260.003 495.2265 4370.1201 1667.6252;
	1525.642 923.17 1635.7422 570.4 798.3153 1170.9175 906.0678 257.0448 489.0812 4391.3232 1689.5834;
	1612.7119 999.6348 1751.6892 562.4883 885.5287 1261.5384 974.0587 288.2712 528.9 4676.5154 1802.1969;
	1729.5438 1129.2224 1935.5344 594.624 991.4 1407.3349 1060.7892 344.3343 607.794 5175.0539 2022.8182;
	1853.3682 1216.6562 2046.0451 606.6 1082.4906 1489.9081 1114.4034 363.0151 691.8929 5747.0797 2173.8502;
	1886.9575 1234.5805 2049.1 595.8 1097.4219 1504.6348 1108.1 360.3967 701.2695 5985.4706 2168.9;
	1878.4822 1228.0105 2055.9857 594.3024 1078.9903 1533.8864 1139.4118 362.2829 720.2655 6182.9366 2188.6126;
	1922.6676 1233.9671 2032.5751 578.182 1043.2 1531.6783 1141.2669 353.6624 710.3174 6177.8 2167.3935;
	1911.2372 1245.8195 1989.0962 590.7 1042.4098 1560.7801 1168.6784 342.7878 697.0212 6095.2014 2109.142;
	1852.3205 1249.2564 1939.7939 585.0462 1016.6741 1539.1224 1165.6885 354.1887 700.6948 6140.0945 2072.5135;
	1829.208 1247.771 1897.9 597.1172 1003.0924 1490.5529 1131.2563 357.3 692.1735 6121.7983 2130.0305;
	1789.2991 1198.1 1834.0938 591.3704 950.6649 1465.2679 1112.4657 367.5309 667.9718 6073.5671 2120.3176;
	1775.5256 1201.8783 1853.9813 584.9591 940.6378 1470.0159 1102.5587 380.7246 673.5295 6032.0112 2112.651;
	1761.3353 1202.5249 1832.299 577.1 949.7875 1481.3822 1210.5806 398.7696 711.6874 6167.5949 2202.8632;
	1830.9429 1231.6373 1863.8147 588.6037 964.6496 1497.2257 1222.8006 397.323 713.5735 6143.2548 2262.354;
	1840.2422 1234.8506 1856.8044 588.0985 996.6328 1505.6395 1176.1287 406.0964 725.8972 5997.4594 2284.3055;
	1916.4161 1264.3234 1941.2289 589.165 1051.4006 1551.127 1213.2271 418.9001 773.4988 5970.9626 2402.9835;
	1888.1748 1257.2679 1921.2564 588.208 1018.55 1513.7062 1212.3954 435.1868 750.7817 5892.0775 2390.3266;
	1856.3405 1181.1731 1864.3608 567.3 969.3 1419.9146 1190.9881 424.152 722.2681 5729.8094 2292.8716;
	1749.1017 1114.3061 1751.4799 552.2026 905.5 1314.2816 1088.8747 396.0434 651.4 5361.5545 2110.3633;
	1612.8126 1029.8752 1616.7 531.8 823.5 1205.4 984.173 327.4347 589.2139 4918.3204 1933.2629;
	1559.6683 972.2991 1597.1193 507.1 789.0 1165.9483 913.2193 268.6932 543.7453 4455.0451 1824.9777;
	1472.2289 914.047 1554.9923 515.5951 760.4587 1142.6111 860.4 245.2 514.7729 4352.5278 1750.3;
];
