function loadprofile = ex_load_profilesh1
%EX_LOAD_PROFILE  Example load profile data file for stochastic unit commitment.
% 2022.03.12
% Andres F. Ramirez

%% define constants
[CT_LABEL, CT_PROB, CT_TABLE, CT_TBUS, CT_TGEN, CT_TBRCH, CT_TAREABUS, ...
    CT_TAREAGEN, CT_TAREABRCH, CT_ROW, CT_COL, CT_CHGTYPE, CT_REP, ...
    CT_REL, CT_ADD, CT_NEWVAL, CT_TLOAD, CT_TAREALOAD, CT_LOAD_ALL_PQ, ...
    CT_LOAD_FIX_PQ, CT_LOAD_DIS_PQ, CT_LOAD_ALL_P, CT_LOAD_FIX_P, ...
    CT_LOAD_DIS_P, CT_TGENCOST, CT_TAREAGENCOST, CT_MODCOST_F, ...
    CT_MODCOST_X] = idx_ct;

loadprofile = struct( ...
    'type', 'mpcData', ...
    'table', CT_TAREALOAD, ...
    'rows', [1:11], ...
    'col', CT_LOAD_ALL_P, ...
    'chgtype', 1, ...
    'values', [] );
loadprofile.values(:,1,:) = [
	1440.8718 923.1166 1552.6718 560.7228 719.8684 1169.1874 878.5081 232.9266 560.799 4518.44 1772.6777;
	1437.9124 916.4178 1558.7175 557.5296 734.3293 1157.3244 881.7801 239.4624 567.2024 4453.6873 1756.3634;
	1449.6432 936.1205 1571.2 561.6744 737.4589 1181.4435 889.1591 246.7714 553.1704 4499.6888 1775.7588;
	1565.1112 1024.3446 1701.8932 577.5181 822.6 1261.2 946.2194 265.9 597.6523 4735.9167 1912.1207;
	1714.6409 1139.6535 1896.2257 585.7251 952.4949 1397.4269 1036.6989 299.2046 660.6066 5207.5699 2106.1168;
	1808.0285 1215.7388 2019.0 599.8117 1032.9867 1455.4509 1106.8824 335.2947 741.112 5776.1916 2240.9287;
	1863.8184 1216.051 1999.9102 603.7342 995.2871 1442.5174 1127.0001 328.272 717.1954 6031.4 2204.6872;
	1851.3432 1180.3278 2015.5 593.9391 983.4561 1457.1 1128.6022 327.979 722.1097 6293.9545 2174.3757;
	1894.1907 1202.4 1997.8579 592.6 959.1876 1484.5974 1152.0593 338.2 710.9192 6394.7348 2170.7773;
	1904.4133 1213.5788 1981.5425 588.0225 970.7 1501.5944 1149.3234 362.0 708.1802 6446.8338 2171.3218;
	1890.3378 1214.7304 1959.9958 602.8952 917.1815 1520.4741 1125.8486 348.8039 709.1612 6549.8383 2246.6148;
	1874.1 1180.0226 1875.7 588.0586 863.5504 1474.1545 1083.1 335.9225 684.4965 6521.7848 2141.4346;
	1826.3 1177.2056 1885.2749 583.8 849.6623 1444.1 1072.1529 346.4195 669.5228 6473.6107 2111.5499;
	1832.1547 1176.95 1886.0406 577.7971 871.3875 1419.6133 1056.1795 357.3 659.0214 6501.3033 2086.6219;
	1803.5422 1159.9865 1890.6757 579.132 851.9713 1459.1788 1027.5329 331.3197 657.7 6388.9398 2109.0303;
	1769.0016 1122.8 1827.1896 574.4396 839.8236 1458.3965 1039.7116 331.7 652.8962 6312.6455 2134.2;
	1715.5331 1080.1823 1819.0349 590.1338 871.6437 1472.7062 1056.8 342.9224 672.5 6113.1628 2137.1232;
	1780.7187 1153.6091 1891.1752 596.5608 885.5253 1538.6453 1141.5528 373.4 711.8014 6153.0284 2332.85;
	1813.9 1163.9313 1868.6467 603.2946 892.4064 1525.1096 1132.4622 353.1116 714.3825 6030.0 2310.7281;
	1745.9518 1089.5582 1785.4812 589.8 832.1139 1424.8129 1058.4202 336.7181 659.8067 5772.5157 2123.4809;
	1641.5918 1021.2164 1731.9933 566.8 780.3684 1333.0724 1009.0361 308.6807 641.1873 5566.0132 2057.4422;
	1481.6514 922.9552 1570.5347 548.4984 706.5386 1205.4 921.7 275.2089 578.0954 5175.9487 1903.2655;
	1438.9173 877.567 1502.02 507.0792 708.175 1156.9788 891.0899 262.186 519.0936 4834.0433 1724.9995;
	1396.1343 845.0168 1430.1268 519.2044 677.546 1109.5641 853.5818 249.3101 489.2449 4581.9531 1645.9374;
];
