function loadprofile = ex_load_profilesh1
%EX_LOAD_PROFILE  Example load profile data file for stochastic unit commitment.
% 2022.03.12
% Andres F. Ramirez

%% define constants
[CT_LABEL, CT_PROB, CT_TABLE, CT_TBUS, CT_TGEN, CT_TBRCH, CT_TAREABUS, ...
    CT_TAREAGEN, CT_TAREABRCH, CT_ROW, CT_COL, CT_CHGTYPE, CT_REP, ...
    CT_REL, CT_ADD, CT_NEWVAL, CT_TLOAD, CT_TAREALOAD, CT_LOAD_ALL_PQ, ...
    CT_LOAD_FIX_PQ, CT_LOAD_DIS_PQ, CT_LOAD_ALL_P, CT_LOAD_FIX_P, ...
    CT_LOAD_DIS_P, CT_TGENCOST, CT_TAREAGENCOST, CT_MODCOST_F, ...
    CT_MODCOST_X] = idx_ct;

loadprofile = struct( ...
    'type', 'mpcData', ...
    'table', CT_TAREALOAD, ...
    'rows', [1:11], ...
    'col', CT_LOAD_ALL_P, ...
    'chgtype', 1, ...
    'values', [] );
loadprofile.values(:,1,:) = [
	1510.7 931.4259 1560.1409 571.9357 767.3008 1060.979 773.2524 276.2 550.2708 4577.0361 2007.8102;
	1501.1626 924.4707 1564.1653 574.0744 776.9831 1098.3148 800.0982 288.7 549.4855 4565.7891 2038.1273;
	1516.7601 924.9 1572.5716 573.7171 795.474 1108.5945 815.3 292.6121 540.8616 4557.5621 2068.3442;
	1596.7098 992.3929 1692.4477 584.2 854.8473 1205.209 883.1883 294.0956 572.6531 4825.2299 2189.0574;
	1769.1419 1136.5796 1942.559 586.0682 954.8424 1363.4813 1010.3 333.1935 652.9042 5363.3554 2435.9924;
	1879.6816 1209.0948 2036.8754 578.9469 977.4187 1422.3434 1054.7464 372.6645 709.3308 5858.2155 2468.1578;
	1893.9266 1208.9 2006.5477 590.6218 967.2256 1422.3584 1081.5612 366.1313 716.1 6308.4132 2364.0579;
	1929.5455 1218.7908 1993.1909 574.9 970.1 1412.1336 1081.8942 390.1767 718.0359 6544.3655 2543.5236;
	1919.9481 1213.1758 2002.3213 569.9306 990.5345 1427.6413 1086.3681 429.0598 729.9706 6705.3888 2610.8175;
	1911.1405 1200.443 1974.5302 569.0492 972.532 1388.8 1061.0209 423.9663 733.9622 7019.7141 2639.7276;
	1900.8459 1190.9657 1970.7581 574.7071 974.9176 1447.7964 1102.7824 422.0512 743.2573 7135.6984 2669.5546;
	1846.3284 1161.1296 1957.7225 552.7 900.8652 1375.3521 1094.8269 416.8876 742.4659 6899.9051 2640.4531;
	1836.3144 1149.846 1932.1635 564.8525 901.237 1398.2839 1101.1863 393.2891 731.28 6877.267 2596.5903;
	1789.2749 1108.9749 1849.7831 561.1397 887.3 1342.6541 1022.2918 380.3593 708.0951 6487.4 2430.8847;
	1787.7448 1072.9144 1848.4538 559.6 902.0976 1331.3895 1044.8167 373.15 719.9749 6480.079 2383.8065;
	1771.2732 1067.3785 1837.5413 562.9638 904.7448 1364.1417 1047.3 358.0462 730.1296 6370.9679 2329.172;
	1726.6978 1078.1 1819.3 558.2761 916.0354 1369.0253 1043.8592 369.0731 713.4841 6196.1751 2419.199;
	1820.8944 1176.9818 1968.2865 579.6668 985.445 1451.8992 1152.3131 386.1522 770.6232 6223.2627 2602.7415;
	1845.0274 1160.231 1918.7595 567.904 961.2153 1443.684 1141.8191 386.415 762.8693 6154.3482 2664.7597;
	1805.9767 1123.0016 1822.5356 560.1648 918.0617 1350.2 1069.9 380.1458 716.2966 5990.7591 2488.2823;
	1709.4219 1027.9286 1677.1826 535.4051 845.3828 1230.3521 980.9528 333.8531 649.9831 5616.4332 2289.4288;
	1598.9841 947.3848 1587.0432 542.9094 783.5994 1143.2 911.4 299.7612 630.2808 5199.4482 2116.8854;
	1553.242 905.9828 1545.9 511.2863 761.2333 1114.4 866.3277 258.8 585.3819 4873.5864 2182.2384;
	1505.3925 869.8218 1511.8134 510.1966 781.3742 1070.3672 796.9721 243.3579 554.4612 4548.4702 2038.8703;
];
