function solarprofile = ex_solar_profilesh1
%EX_WIND_PROFILE_D  Example wind_load_nyiso profile data for deterministic unit commitment.
% 2022.03.12
% Andres F. Ramirez


%% define constants
[GEN_BUS, PG, QG, QMAX, QMIN, VG, MBASE, GEN_STATUS, PMAX, PMIN, ...
    MU_PMAX, MU_PMIN, MU_QMAX, MU_QMIN, PC1, PC2, QC1MIN, QC1MAX, ...
    QC2MIN, QC2MAX, RAMP_AGC, RAMP_10, RAMP_30, RAMP_Q, APF] = idx_gen;
[CT_LABEL, CT_PROB, CT_TABLE, CT_TBUS, CT_TGEN, CT_TBRCH, CT_TAREABUS, ...
    CT_TAREAGEN, CT_TAREABRCH, CT_ROW, CT_COL, CT_CHGTYPE, CT_REP, ...
    CT_REL, CT_ADD, CT_NEWVAL, CT_TLOAD, CT_TAREALOAD, CT_LOAD_ALL_PQ, ...
    CT_LOAD_FIX_PQ, CT_LOAD_DIS_PQ, CT_LOAD_ALL_P, CT_LOAD_FIX_P, ...
    CT_LOAD_DIS_P, CT_TGENCOST, CT_TAREAGENCOST, CT_MODCOST_F, ...
    CT_MODCOST_X] = idx_ct;

solarprofile = struct( ...
    'type', 'mpcData', ...
    'table', CT_TGEN, ...
    'rows', [1:12], ...
    'col', PMAX, ...
    'chgtype', 1, ...
    'values', [] );
solarprofile.values(:,1,:) = [
	0.0 0.0 0.0 0.0 0.0 0.0 0.0 0.0 0.0 0.0 0.0 0.0;
	0.0 0.0 0.0 0.0 0.0 0.0 0.0 0.0 0.0 0.0 0.0 0.0;
	0.0 0.0 0.0 0.0 0.0 0.0 0.0 0.0 0.0 0.0 0.0 0.0;
	0.0 0.0 0.0 0.0 0.0 0.0 0.0 0.0 0.0 0.0 0.0 0.0;
	0.0 0.0 0.0 0.0 0.0 0.0 0.0 0.0 0.0 0.0 0.0 0.0;
	0.0951 0.0972 0.1051 0.0 0.0 1.1791 0.1474 0.1784 0.0 0.0 0.0 0.0;
	4.3691 2.052 2.3553 0.8498 5.3966 172.0815 21.5102 15.6438 129.637 72.3975 37.892 131.1123;
	6.0735 3.8929 3.659 1.5242 11.3042 63.863 7.9829 16.3969 66.6866 211.5869 53.1394 383.1851;
	6.3068 5.697 4.0907 3.6379 12.5798 58.0375 7.2547 19.444 48.8883 313.0187 85.4221 566.8787;
	17.5919 15.0158 13.0105 10.844 13.4316 403.3914 50.4239 62.6099 226.5462 350.1884 151.6696 634.1933;
	21.0158 15.8126 13.2545 11.0574 12.841 378.1 47.2625 58.2064 210.4105 344.928 178.1044 624.6668;
	22.6856 16.0502 13.1863 9.7409 12.0536 355.5736 44.4467 49.595 202.5778 319.3724 178.126 578.3854;
	24.1514 16.7282 13.7384 2.2343 7.8669 402.2376 50.2797 57.3078 231.6899 239.7471 143.2194 434.1835;
	21.2334 16.7459 13.6847 3.2183 7.8726 437.6807 54.7101 63.4943 252.1645 218.302 129.2974 395.3462;
	16.2957 15.8068 12.2577 3.9348 8.1298 447.4643 55.933 66.1322 266.2981 217.6376 136.7048 394.143;
	7.3684 6.0137 5.5542 4.3186 8.1321 382.182 47.7728 44.9892 181.4805 141.4723 118.8346 256.2071;
	0.9027 0.7572 0.555 0.6975 2.3464 38.8828 4.8604 7.0191 27.0842 16.0052 20.4503 28.9856;
	0.0 0.0 0.0 0.0 0.0 0.0 0.0 0.0 0.0 0.0 0.0 0.0;
	0.0 0.0 0.0 0.0 0.0 0.0 0.0 0.0 0.0 0.0 0.0 0.0;
	0.0 0.0 0.0 0.0 0.0 0.0 0.0 0.0 0.0 0.0 0.0 0.0;
	0.0 0.0 0.0 0.0 0.0 0.0 0.0 0.0 0.0 0.0 0.0 0.0;
	0.0 0.0 0.0 0.0 0.0 0.0 0.0 0.0 0.0 0.0 0.0 0.0;
	0.0 0.0 0.0 0.0 0.0 0.0 0.0 0.0 0.0 0.0 0.0 0.0;
	0.0 0.0 0.0 0.0 0.0 0.0 0.0 0.0 0.0 0.0 0.0 0.0;
];
