function loadprofile = ex_load_profilesh1
%EX_LOAD_PROFILE  Example load profile data file for stochastic unit commitment.
% 2022.03.12
% Andres F. Ramirez

%% define constants
[CT_LABEL, CT_PROB, CT_TABLE, CT_TBUS, CT_TGEN, CT_TBRCH, CT_TAREABUS, ...
    CT_TAREAGEN, CT_TAREABRCH, CT_ROW, CT_COL, CT_CHGTYPE, CT_REP, ...
    CT_REL, CT_ADD, CT_NEWVAL, CT_TLOAD, CT_TAREALOAD, CT_LOAD_ALL_PQ, ...
    CT_LOAD_FIX_PQ, CT_LOAD_DIS_PQ, CT_LOAD_ALL_P, CT_LOAD_FIX_P, ...
    CT_LOAD_DIS_P, CT_TGENCOST, CT_TAREAGENCOST, CT_MODCOST_F, ...
    CT_MODCOST_X] = idx_ct;

loadprofile = struct( ...
    'type', 'mpcData', ...
    'table', CT_TAREALOAD, ...
    'rows', [1:11], ...
    'col', CT_LOAD_ALL_P, ...
    'chgtype', 1, ...
    'values', [] );
loadprofile.values(:,1,:) = [
	1392.5225 920.3525 1539.9613 560.9 803.1089 1126.9911 836.2824 269.9 484.0333 4418.1181 1700.507;
	1369.1514 909.9 1519.2246 561.1 793.1546 1120.0413 842.7016 276.0 480.6935 4346.5831 1660.1039;
	1395.0754 920.9 1563.6346 560.0781 811.3403 1125.7509 847.2865 274.8359 479.5565 4374.6727 1695.7767;
	1461.8515 993.0015 1675.6251 564.4 861.7891 1187.5491 883.5451 296.7563 498.6936 4607.372 1777.2994;
	1647.5821 1140.3662 1859.7955 597.7 962.4775 1347.0072 978.0476 341.6579 574.8 5097.5652 2027.7374;
	1720.682 1206.0 1924.966 605.1482 1042.218 1423.7 1045.5286 364.7 645.0333 5591.6027 2205.1;
	1747.4432 1210.7 1919.1446 598.5 1025.9534 1425.9005 1060.9816 363.3466 634.1952 5939.2519 2190.3;
	1753.674 1223.1468 1962.3238 570.4 1019.2941 1408.719 1052.7127 364.3173 645.1566 6222.4242 2196.4418;
	1802.1464 1225.1589 1938.0544 565.0231 976.1861 1400.2708 1033.305 344.1 638.8034 6107.8021 2000.2335;
	1763.2215 1217.8837 1908.5295 553.7605 946.7487 1361.5 1002.2099 332.2 624.447 6196.4641 1949.2765;
	1760.4335 1187.8 1880.3122 546.669 987.1986 1329.5596 986.3547 322.7 605.6091 6231.1163 1940.9035;
	1787.3 1198.1 1872.1053 539.1645 974.7127 1371.5638 996.8438 313.5 613.5763 6258.593 2034.2039;
	1741.9098 1168.2503 1872.7175 542.4497 966.0988 1333.6344 1009.5804 308.9546 618.357 6203.3934 2075.9151;
	1721.7625 1161.9785 1847.1801 549.9165 943.6939 1338.2128 987.319 321.214 580.4576 6093.6793 1917.5769;
	1721.1025 1155.7253 1907.7403 544.3324 966.5648 1371.5465 1001.7398 321.8988 566.3148 6183.9382 2040.4332;
	1727.7716 1171.1207 1945.0471 573.7691 1013.0018 1455.5047 1044.3528 314.2413 597.3612 6186.3093 2143.8647;
	1757.4001 1189.17 2042.3437 572.4 1059.1 1473.1859 1077.2971 320.9723 637.1975 6151.5819 2262.5413;
	1795.3085 1258.5613 2118.494 585.5282 1075.1237 1492.9999 1128.3572 334.0288 675.2363 6181.7016 2368.958;
	1879.7519 1267.5804 2123.2056 579.4 1110.4718 1528.8207 1161.977 356.2445 697.9348 6129.8329 2384.4932;
	1767.932 1203.1384 2032.1952 558.3179 1033.3975 1430.7742 1085.0403 346.4285 644.6235 5921.7493 2260.0476;
	1671.3147 1106.7298 1891.6252 535.0 976.9931 1319.9 1012.5523 324.4 597.7455 5522.1 2054.8694;
	1556.1377 1006.725 1768.0288 520.8 885.6491 1207.5181 903.189 285.9078 511.4973 5124.6253 1845.7839;
	1504.9543 1017.5289 1738.537 535.9 854.9142 1195.0933 898.0992 299.5 495.4382 5214.6922 1829.4;
	1455.557 940.7857 1656.6209 532.7 835.5344 1163.0677 875.6117 313.986 485.4 4949.3831 1761.4686;
];
