function windprofile = ex_wind_profilesh1
%EX_WIND_PROFILE_D  Example wind_load_nyiso profile data for deterministic unit commitment.
% 2022.03.12
% Andres F. Ramirez


%% define constants
[GEN_BUS, PG, QG, QMAX, QMIN, VG, MBASE, GEN_STATUS, PMAX, PMIN, ...
    MU_PMAX, MU_PMIN, MU_QMAX, MU_QMIN, PC1, PC2, QC1MIN, QC1MAX, ...
    QC2MIN, QC2MAX, RAMP_AGC, RAMP_10, RAMP_30, RAMP_Q, APF] = idx_gen;
[CT_LABEL, CT_PROB, CT_TABLE, CT_TBUS, CT_TGEN, CT_TBRCH, CT_TAREABUS, ...
    CT_TAREAGEN, CT_TAREABRCH, CT_ROW, CT_COL, CT_CHGTYPE, CT_REP, ...
    CT_REL, CT_ADD, CT_NEWVAL, CT_TLOAD, CT_TAREALOAD, CT_LOAD_ALL_PQ, ...
    CT_LOAD_FIX_PQ, CT_LOAD_DIS_PQ, CT_LOAD_ALL_P, CT_LOAD_FIX_P, ...
    CT_LOAD_DIS_P, CT_TGENCOST, CT_TAREAGENCOST, CT_MODCOST_F, ...
    CT_MODCOST_X] = idx_ct;

windprofile = struct( ...
    'type', 'mpcData', ...
    'table', CT_TGEN, ...
    'rows', [1:45], ...
    'col', PMAX, ...
    'chgtype', 1, ...
    'values', [] );
windprofile.values(:,1,:) = [
	3.3129 44.7646 86.3251 111.4579 13.9645 12.942 14.2612 16.4841 27.3557 24.065 44.4837 66.3609 99.906 6.9914 22.7126 8.5569 10.6168 11.2507 12.6674 24.0811 4.7537 30.1979 59.7371 81.4902 96.3335 67.8708 7.4307 664.5737 370.6257 370.6257 202.4351 39.3505 42.2248 61.9849 21.919 158.1336 474.3587 59.4151 302.3599 258.0361 16.9802 143.5694 110.1814 220.0425 479.3;
	2.8954 39.123 83.392 108.1388 12.3727 10.8092 13.0909 15.0448 26.1767 22.5853 41.7486 62.2807 93.7633 7.0791 16.2652 6.1278 7.603 8.057 12.0113 13.4625 4.3636 25.2214 59.1491 78.6357 90.9317 65.6036 6.239 657.748 366.4718 366.4718 182.0051 34.6274 40.0378 34.6524 22.1938 156.3613 471.8584 55.6415 286.1931 243.567 13.257 119.9097 101.6175 195.9132 476.7736;
	3.0507 41.2223 85.647 106.4885 13.9415 10.3863 11.6258 15.4269 26.6891 20.3344 37.5877 56.0735 84.4184 6.9285 9.9656 3.7545 4.6583 4.9364 18.9131 17.8844 3.8753 24.2347 60.0163 81.4306 90.4975 67.7788 7.2274 606.5442 346.0373 346.0373 165.0602 34.6131 63.0437 46.0346 21.7219 147.6426 395.848 41.2614 212.1142 242.404 7.5435 115.2187 81.0191 151.0426 399.9714;
	2.682 36.239 85.9162 96.259 14.0695 10.2636 10.4393 12.0164 26.2213 22.4478 41.4945 61.9016 93.1926 8.5827 10.9185 4.1135 5.1037 5.4084 11.2599 19.4396 3.4798 23.9485 68.4457 78.0419 91.8285 71.1217 8.1084 497.0055 265.8213 265.8213 181.4051 32.6474 37.5329 50.0375 26.908 113.4171 307.8531 40.2528 152.8875 245.9693 0.1417 113.8578 67.1627 163.6243 311.0599;
	2.1064 28.4623 86.0524 101.4097 13.9732 12.6438 9.3164 15.7659 16.8201 20.9282 38.6854 57.711 86.8837 13.5453 9.7461 3.6718 4.5558 4.8277 20.4926 22.3083 3.1055 29.5021 56.8317 76.853 93.406 71.7065 8.9067 415.2413 211.4137 211.4137 163.0969 33.6786 68.3088 57.4217 42.4662 90.2032 201.3055 41.8042 151.6222 250.1947 7.9279 140.2615 76.4551 190.7031 203.4025;
	2.3444 31.6782 85.4945 95.8904 12.977 16.8231 9.958 10.1509 10.0199 19.314 35.7016 53.2598 80.1823 26.8361 10.3488 3.8988 4.8374 5.1262 29.4789 17.6433 3.3193 39.2539 58.4711 70.6337 85.8556 69.8704 4.0863 342.9606 187.6333 187.6333 140.4019 29.7687 98.263 45.4139 84.1347 80.0569 173.716 34.9442 176.8371 229.9703 3.5143 186.6244 75.1818 176.7659 175.5256;
	2.0316 27.4515 80.3726 87.7957 13.0146 14.9139 9.9658 9.8207 8.1898 25.562 47.2509 70.4891 106.1209 32.4422 12.1333 4.5711 5.6716 6.0102 18.1636 18.5084 3.3219 34.799 65.1689 69.7823 89.4206 69.5575 6.0732 289.424 209.732 209.732 101.4962 20.0692 60.5453 47.6406 101.7107 89.4857 179.1963 23.9056 112.3495 239.5195 2.1582 165.4443 66.7198 200.5925 181.063;
	1.6285 22.0051 67.1027 106.6611 14.1313 11.5551 10.0078 16.6896 15.8471 27.9567 51.6775 77.0927 116.0626 38.4629 21.813 8.2179 10.1963 10.8051 30.9441 41.0995 3.3359 26.9619 70.5521 82.0555 97.3451 71.1796 10.9897 137.1827 169.9878 169.9878 92.4188 11.5365 103.1471 105.7903 120.5864 72.5281 106.6982 15.9484 145.7132 260.7458 5.4354 128.1847 77.3266 205.6166 107.8096;
	2.6003 35.1352 85.2814 101.257 14.4592 20.8184 9.5938 17.9982 19.6192 27.6651 51.1386 76.2887 114.8522 34.6154 10.7435 4.0475 5.0219 5.3218 45.0852 38.8378 3.1979 48.5762 68.4526 82.4572 99.4938 72.6377 11.7365 147.0877 149.7309 149.7309 100.4132 10.7103 150.284 99.9686 108.524 63.8852 126.0233 31.1803 124.7411 266.5012 18.3498 230.9451 74.0888 241.1154 127.336;
	1.9283 26.0559 84.665 109.0406 13.2202 12.4679 8.902 17.2551 25.648 28.3324 52.3719 78.1286 117.6222 43.4666 3.6545 1.3768 1.7083 1.8103 61.87 43.1808 2.9673 29.0918 70.5951 81.4368 99.8772 70.5973 11.3093 251.611 229.2901 229.2901 111.7146 9.4092 206.2335 111.1474 136.2735 97.8304 225.9479 24.0136 0.1714 267.5282 0.4052 138.3105 74.03 213.1936 228.3015;
	1.4031 18.9596 78.0388 105.2326 12.5416 20.8227 11.5419 15.2087 26.1902 28.3788 52.4577 78.2566 117.8148 46.1345 2.9107 1.0966 1.3606 1.4418 61.9947 33.4357 3.8473 48.5862 70.6463 82.6627 94.1743 69.5376 10.8569 377.2734 276.0442 276.0442 158.4837 13.9834 206.6492 86.0636 144.6378 117.7788 325.1781 28.1606 146.2759 252.2525 0.0 230.9926 77.7002 170.1216 328.5654;
	1.6177 21.8588 86.6622 96.7421 11.9107 26.0421 15.9551 16.823 26.1574 28.0588 51.8662 77.3742 116.4864 47.3242 0.3271 0.1232 0.1529 0.162 72.7915 46.6051 5.3184 60.7649 69.6326 86.2653 98.7623 70.7674 11.8597 460.2995 331.1674 331.1674 259.5859 19.0893 242.6385 119.9616 148.3677 141.2981 418.894 39.0135 166.179 264.5419 0.0006 288.8939 97.1101 175.34 423.2575;
	2.9388 39.7099 88.8586 93.9374 14.4196 27.8299 18.4773 16.0739 26.5307 27.9807 51.7218 77.1588 116.1622 50.1456 27.191 10.2441 12.7102 13.469 73.8304 51.7239 6.1591 64.9365 69.3082 85.9802 101.1766 69.651 11.1134 610.215 434.22 434.22 298.6536 25.076 246.1012 133.1376 157.2132 185.2672 585.9626 53.831 186.7279 271.0087 0.2928 308.7268 136.9613 217.4733 592.0664;
	3.6646 49.5171 91.5951 112.4297 14.7283 28.3105 18.8291 16.7388 26.2832 27.3643 50.5825 75.4592 113.6034 37.1943 42.5872 16.0445 19.907 21.0955 79.1825 48.0229 6.2764 66.0578 57.3295 86.9917 101.4827 71.4948 11.4044 765.3715 564.0919 564.0919 368.8222 30.091 263.9418 123.6109 116.6092 240.6792 712.7873 73.6843 248.4728 271.8287 10.0159 314.0575 140.5805 258.9499 720.2122;
	3.8 51.347 92.1102 113.7942 14.7106 31.9127 23.4281 17.1895 28.131 26.5528 49.0825 73.2214 110.2344 59.5979 73.3233 27.6241 34.2744 36.3206 77.4775 49.4809 7.8094 74.463 51.3067 85.1666 99.5726 71.7553 12.5327 979.5428 642.821 642.821 469.599 36.0381 258.2583 127.3639 186.8475 274.2703 904.2707 101.8884 399.9168 266.7122 8.7775 354.0186 156.2361 257.5155 913.6902;
	3.7419 50.5616 89.76 112.1368 14.6919 32.2484 26.4886 17.9058 28.1501 21.5476 39.8305 59.4192 89.4553 65.2884 103.3312 38.9294 48.3013 51.185 82.0233 57.8671 8.8295 75.2463 45.3849 84.3114 99.046 70.4368 12.4159 1105.31 731.6688 731.6688 660.8582 46.9004 273.4111 148.9502 204.6879 312.1787 985.2817 151.4956 374.0543 265.3018 17.9427 357.7424 176.8632 260.9661 995.5451;
	3.665 49.5224 89.9657 113.0134 14.337 32.5516 28.4052 17.9231 26.5029 19.8446 36.6825 54.7231 82.3853 65.3047 137.009 51.6173 64.0437 67.8672 84.5823 66.4376 9.4684 75.9538 29.7832 81.6175 97.1974 72.0105 12.2623 1057.0421 767.0238 767.0238 706.5081 77.001 281.9409 171.0106 204.7389 327.2635 986.6146 193.3977 387.9961 260.3502 0.5295 361.1058 200.3177 273.1382 996.8918;
	3.8056 51.4218 94.0687 115.581 15.0021 34.1872 28.8912 18.4653 27.154 18.5051 34.2065 51.0293 76.8244 65.7363 152.7182 57.5357 71.3869 75.6488 85.3658 68.999 9.6304 79.7702 34.1945 83.0014 101.3942 72.6974 13.025 1110.1616 792.3131 792.3131 735.3041 88.4569 284.5526 177.6035 206.0921 338.0536 1043.9137 226.1978 431.803 271.5916 106.6285 379.2505 197.5663 264.7192 1054.7878;
	3.7433 50.5806 90.3978 113.788 15.3123 33.3243 29.9387 11.8253 27.754 19.1501 35.3987 52.8079 79.502 65.6206 177.2252 66.7686 82.8425 87.7883 85.801 67.0787 9.9796 77.7567 44.5456 79.4332 93.3313 59.3597 10.921 1167.7594 817.1113 817.1113 716.0766 101.831 286.0034 172.6607 205.7294 348.6341 1086.6211 239.4972 442.7703 249.9945 114.0652 369.6776 201.0298 267.5148 1097.9401;
