function windprofile = ex_wind_profilesh1
%EX_WIND_PROFILE_D  Example wind_load_nyiso profile data for deterministic unit commitment.
% 2022.03.12
% Andres F. Ramirez


%% define constants
[GEN_BUS, PG, QG, QMAX, QMIN, VG, MBASE, GEN_STATUS, PMAX, PMIN, ...
    MU_PMAX, MU_PMIN, MU_QMAX, MU_QMIN, PC1, PC2, QC1MIN, QC1MAX, ...
    QC2MIN, QC2MAX, RAMP_AGC, RAMP_10, RAMP_30, RAMP_Q, APF] = idx_gen;
[CT_LABEL, CT_PROB, CT_TABLE, CT_TBUS, CT_TGEN, CT_TBRCH, CT_TAREABUS, ...
    CT_TAREAGEN, CT_TAREABRCH, CT_ROW, CT_COL, CT_CHGTYPE, CT_REP, ...
    CT_REL, CT_ADD, CT_NEWVAL, CT_TLOAD, CT_TAREALOAD, CT_LOAD_ALL_PQ, ...
    CT_LOAD_FIX_PQ, CT_LOAD_DIS_PQ, CT_LOAD_ALL_P, CT_LOAD_FIX_P, ...
    CT_LOAD_DIS_P, CT_TGENCOST, CT_TAREAGENCOST, CT_MODCOST_F, ...
    CT_MODCOST_X] = idx_ct;

windprofile = struct( ...
    'type', 'mpcData', ...
    'table', CT_TGEN, ...
    'rows', [1:45], ...
    'col', PMAX, ...
    'chgtype', 1, ...
    'values', [] );
windprofile.values(:,1,:) = [
	3.1922 43.1331 86.6394 109.7209 14.554 11.8411 15.5202 16.2576 27.431 22.7171 41.9922 62.6442 94.3104 6.2336 24.5697 9.2565 11.4849 12.1706 11.6942 24.8489 5.1734 27.6293 37.4855 81.8949 97.6795 69.2498 5.4539 566.779 332.5877 332.5877 196.2029 34.2571 38.9808 63.961 19.5431 141.9041 427.6585 55.7819 306.0527 261.6416 7.7495 131.3576 112.6214 212.0619 432.1133;
	3.1992 43.2278 83.2864 109.4436 14.3215 14.3336 16.3102 12.9931 28.1514 24.3826 45.0709 67.2369 101.2249 6.4419 12.6653 4.7716 5.9203 6.2737 8.4871 5.5914 5.4367 33.4451 45.9383 81.7491 93.6312 68.9185 2.2224 602.234 351.5509 351.5509 165.6469 31.2763 28.2904 14.3922 20.1961 149.995 454.2575 52.2468 338.0614 250.7979 9.2055 159.0076 111.5062 195.9102 458.9893;
	2.7543 37.2162 83.1129 110.1582 14.2464 11.539 14.2012 15.607 27.2774 23.7507 43.9028 65.4943 98.6013 8.0549 12.8578 4.8441 6.0103 6.3691 16.9589 9.4439 4.7337 26.9244 42.1686 81.495 90.3267 69.9777 3.6968 576.2597 320.9438 320.9438 145.5375 32.1982 56.5298 24.3088 25.2533 136.936 375.5744 38.7109 243.6406 241.9464 7.6374 128.0064 89.863 112.8095 379.4867;
	2.8786 38.8956 78.5499 101.9013 14.1078 11.6729 11.5081 16.0126 25.1495 22.8518 42.2411 63.0155 94.8695 9.7905 9.0642 3.4149 4.237 4.4899 9.6479 16.4007 3.836 27.2367 44.5642 73.5208 93.9556 73.3922 7.9791 458.4341 243.4877 243.4877 158.4301 29.1844 32.1598 42.2155 30.6946 103.8881 281.2588 32.8078 167.1759 251.6667 1.6534 129.4913 82.9615 118.7544 284.1886;
	2.3001 31.08 85.1056 106.7016 14.168 13.4163 9.7205 16.9772 13.4244 21.8315 40.3551 60.2019 90.6336 14.5676 12.4767 4.7005 5.8321 6.1803 17.0172 19.1663 3.2402 31.3047 39.8115 81.9526 97.2544 72.0697 8.3215 358.5224 183.9267 183.9267 140.4037 27.5556 56.724 49.3341 45.6713 78.4754 154.4247 37.1842 149.3521 260.5029 12.7493 148.8313 87.8249 150.3428 156.0333;
	2.9735 40.1781 86.2788 112.8412 14.1433 20.5862 10.1582 16.9786 9.3585 19.482 36.0122 53.7232 80.8799 27.313 7.5637 2.8496 3.5356 3.7467 29.3088 16.7274 3.3861 48.0344 36.4442 82.848 97.2385 69.9413 7.4644 295.2514 167.5948 167.5948 120.1238 24.7122 97.6961 43.0565 85.63 71.5071 136.256 31.4089 159.631 260.4602 12.0032 228.3691 94.9172 146.0592 137.6753;
	2.6361 35.6198 86.642 115.3083 13.7919 22.0755 11.0324 17.6447 10.9921 26.2092 48.4472 72.2738 108.8077 41.6062 1.1384 0.4289 0.5321 0.5639 35.1992 25.4777 3.6775 51.5094 53.5422 85.0748 102.1675 71.2691 11.3401 228.4004 209.9001 209.9001 100.9076 19.4464 117.3307 65.5797 130.4411 89.5574 163.6159 20.6033 115.669 273.6631 10.2896 244.8906 99.1826 203.7673 165.3202;
	1.8713 25.2851 69.8866 116.7617 14.7843 19.6864 12.4192 17.9915 19.8689 28.582 52.8334 78.817 118.6586 41.5331 16.2244 6.1124 7.5839 8.0367 55.1594 48.0237 4.1397 45.9349 69.3543 82.9412 103.3325 70.9206 12.5373 138.8801 190.1526 190.1526 98.3344 13.3418 183.8646 123.6132 130.2119 81.1318 110.2988 19.8217 166.2408 276.7834 7.8857 218.3878 97.751 194.9663 111.4477;
	2.7714 37.4472 83.0196 108.2618 14.8957 25.5555 11.6761 17.5861 22.7596 29.1548 53.8922 80.3965 121.0366 44.8615 11.2727 4.2469 5.2693 5.5839 65.2243 46.1437 3.892 59.6295 68.8269 81.5453 97.9566 70.8975 12.1275 110.9958 148.9233 148.9233 84.5381 9.1769 217.4144 118.7739 140.6468 63.5406 105.9289 19.438 119.7308 262.3838 18.77 283.4956 82.8187 219.782 107.0324;
	1.9636 26.5325 83.4085 109.1614 13.7721 14.6333 10.2436 17.9362 26.6515 29.9172 55.3016 82.4991 124.2019 43.1056 0.6956 0.2621 0.3251 0.3446 73.6715 42.9135 3.4145 34.1443 71.2922 81.984 97.9909 74.1289 12.5038 175.7536 236.6606 236.6606 101.6859 11.1998 245.5718 110.4595 135.142 100.9752 181.4467 22.3697 0.0 262.4757 3.5282 162.3315 77.4607 202.9787 183.3367;
	1.6977 22.9403 82.8392 107.6714 14.0414 26.0565 14.7346 17.6869 27.7875 29.3118 54.1825 80.8296 121.6886 48.9114 1.7825 0.6716 0.8332 0.883 65.7785 35.2339 4.9115 60.7985 71.993 85.2529 98.1263 73.5909 12.2869 351.3967 319.7265 319.7265 173.1709 15.4835 219.2616 90.6922 153.3438 136.4166 307.9101 27.5582 156.6377 262.8384 3.5008 289.0533 96.7409 185.7848 311.1175;
	1.6801 22.7021 87.8105 94.7502 13.5544 31.0042 19.4012 17.9379 27.908 29.0288 53.6592 80.049 120.5133 47.3198 5.8068 2.1877 2.7144 2.8764 82.0443 51.3217 6.4671 72.3431 72.2126 83.3334 98.8452 73.3983 12.5825 424.1326 375.6021 375.6021 271.3457 18.8932 273.481 132.1022 148.3538 160.2569 402.5781 43.7607 167.506 264.764 20.8172 343.9397 110.2102 182.2985 406.7717;
	2.8918 39.0751 88.2375 91.3076 14.8818 31.7309 20.778 17.3011 28.1288 29.0678 53.7313 80.1566 120.6753 53.8535 35.4496 13.3554 16.5706 17.5599 82.0126 63.4005 6.926 74.0388 71.3697 84.131 102.6738 70.9803 11.52 580.9364 450.3916 450.3916 310.7639 24.9441 273.3753 163.1931 168.8381 192.1671 556.4541 59.6785 200.1437 275.019 20.7562 352.0017 144.54 212.5962 562.2505;
	3.5416 47.8549 85.2316 105.6456 15.327 30.0198 21.2354 17.0969 26.817 28.7019 53.0551 79.1477 119.1565 48.9161 58.2538 21.9468 27.2303 28.8559 84.9479 55.963 7.0785 70.0462 65.9249 78.4477 96.9637 70.4582 11.5116 748.5524 588.3509 588.3509 397.1207 30.3226 283.1596 144.049 153.3585 251.0297 680.9414 82.8025 227.2693 259.7243 3.353 333.0198 141.9971 233.9194 688.0345;
	3.7099 50.1292 89.6566 110.5321 15.2253 32.1399 25.5316 17.7147 27.8887 26.3554 48.7175 72.677 109.4148 56.3058 89.3096 33.6469 41.747 44.2394 80.9144 55.5655 8.5105 74.9931 47.4362 84.469 100.2848 73.4 12.6952 931.9105 673.7196 673.7196 511.9467 36.3515 269.7146 143.0258 176.5261 287.4537 887.3468 115.6781 386.4976 268.6199 9.1917 356.5387 152.7086 250.2254 896.59;
	3.6894 49.8513 89.6194 107.393 15.2213 33.1141 27.3408 17.5473 27.284 21.1887 39.167 58.4295 87.9652 61.9224 118.6867 44.7145 55.4791 58.7913 86.1041 60.0884 9.1136 77.2663 47.4607 85.681 102.0267 72.0547 12.4697 1026.3691 737.2717 737.2717 673.701 50.2227 287.0137 154.6676 194.1351 314.5692 940.7182 159.3868 350.4068 273.2859 2.1056 367.3461 168.9092 261.5582 950.5174;
	3.8291 51.74 90.4796 113.0726 15.1567 34.2072 30.255 18.0755 27.6292 20.0029 36.9751 55.1596 83.0425 65.4075 165.2353 62.2515 77.2379 81.8491 88.2075 67.6196 10.085 79.8167 34.3789 85.6902 101.9047 73.2488 12.4217 1077.7483 770.832 770.832 743.3328 85.742 294.025 174.0531 205.0614 328.8883 985.9836 212.5319 402.1153 272.959 20.2447 379.4715 206.3395 273.1809 996.2543;
	3.9204 52.9728 93.8178 115.5728 15.3833 34.8908 30.8602 18.114 28.3933 19.5534 36.1441 53.9199 81.1761 66.1948 185.5467 69.9036 86.7323 91.9103 89.8268 71.0741 10.2867 81.4118 41.73 86.1375 105.009 72.879 12.9474 1158.4628 782.4194 782.4194 719.8055 92.9156 299.4227 182.945 207.5295 333.8323 1056.7383 233.0655 446.1064 281.2742 116.4066 387.0548 197.6932 263.7221 1067.746;
	3.8502 52.0247 92.3525 115.5146 15.1935 34.7517 31.1213 13.0179 28.0787 21.842 40.3745 60.2309 90.6772 64.6767 189.7513 71.4877 88.6977 93.9931 87.1491 68.5312 10.3738 81.0872 55.9439 81.8657 102.6509 62.6317 12.59 1214.8182 780.0991 780.0991 669.6496 105.2632 290.4969 176.3996 202.7702 332.8423 1095.2476 243.3731 446.6635 274.9579 120.3102 385.5117 205.7882 270.3148 1106.6565;
