function windprofile = ex_wind_profilesh1
%EX_WIND_PROFILE_D  Example wind_load_nyiso profile data for deterministic unit commitment.
% 2022.03.12
% Andres F. Ramirez


%% define constants
[GEN_BUS, PG, QG, QMAX, QMIN, VG, MBASE, GEN_STATUS, PMAX, PMIN, ...
    MU_PMAX, MU_PMIN, MU_QMAX, MU_QMIN, PC1, PC2, QC1MIN, QC1MAX, ...
    QC2MIN, QC2MAX, RAMP_AGC, RAMP_10, RAMP_30, RAMP_Q, APF] = idx_gen;
[CT_LABEL, CT_PROB, CT_TABLE, CT_TBUS, CT_TGEN, CT_TBRCH, CT_TAREABUS, ...
    CT_TAREAGEN, CT_TAREABRCH, CT_ROW, CT_COL, CT_CHGTYPE, CT_REP, ...
    CT_REL, CT_ADD, CT_NEWVAL, CT_TLOAD, CT_TAREALOAD, CT_LOAD_ALL_PQ, ...
    CT_LOAD_FIX_PQ, CT_LOAD_DIS_PQ, CT_LOAD_ALL_P, CT_LOAD_FIX_P, ...
    CT_LOAD_DIS_P, CT_TGENCOST, CT_TAREAGENCOST, CT_MODCOST_F, ...
    CT_MODCOST_X] = idx_ct;

windprofile = struct( ...
    'type', 'mpcData', ...
    'table', CT_TGEN, ...
    'rows', [1:45], ...
    'col', PMAX, ...
    'chgtype', 1, ...
    'values', [] );
windprofile.values(:,1,:) = [
	3.7382 50.5115 86.1021 117.5094 14.1449 15.699 14.3891 17.4221 26.2244 23.8748 44.1322 65.8366 99.1166 6.7372 22.3365 8.4152 10.441 11.0644 14.9312 19.9295 4.7964 36.631 55.1683 80.0303 96.1779 71.5885 8.747 730.7317 416.2064 416.2064 223.7397 37.036 49.7707 51.2985 21.1221 177.5814 563.0214 61.3053 273.807 257.6195 18.8603 174.1543 127.1914 228.9069 568.8862;
	3.7372 50.4976 87.1984 114.3051 14.4983 16.4202 13.9247 16.6924 25.4893 24.0644 44.4827 66.3595 99.9039 6.7745 13.3964 5.047 6.262 6.6359 12.2652 13.0999 4.6416 38.3138 58.0341 81.9818 95.9404 70.8957 7.499 747.5057 404.4023 404.4023 192.7917 30.1211 40.8841 33.7191 21.2389 172.545 538.9032 54.3873 265.0783 256.9831 15.4894 182.155 121.1425 221.8972 544.5167;
	3.5086 47.4086 88.7612 115.0964 14.7263 14.4468 13.4367 16.8616 26.7675 22.9167 42.3611 63.1945 95.1389 8.5073 12.1117 4.563 5.6615 5.9995 20.3607 21.6344 4.4789 33.7093 62.7885 81.8388 95.2415 70.9689 8.5133 660.5945 371.4441 371.4441 161.5192 30.5961 67.869 55.687 26.6716 158.4828 424.8131 40.9015 239.4659 255.1112 14.0298 160.2634 97.2096 196.8385 429.2382;
	3.155 42.6314 88.6937 112.8283 14.9549 13.5744 12.6042 16.2147 26.4135 23.2464 42.9707 64.1038 96.5079 11.1824 7.7724 2.9282 3.6332 3.8501 11.7236 21.0618 4.2014 31.6736 68.0428 81.946 96.9473 72.4817 9.7129 538.2792 300.3891 300.3891 175.0372 26.5417 39.0788 54.2132 35.0584 128.166 344.4863 34.492 181.2589 259.6803 0.4851 150.5852 88.6452 200.6358 348.0747;
	2.6187 35.3845 88.0859 114.1413 15.0865 15.8234 10.6391 16.7987 17.442 21.1433 39.083 58.3041 87.7765 16.9925 7.7904 2.935 3.6416 3.859 18.3553 20.6375 3.5464 36.9214 57.7989 82.4554 98.1074 72.1075 9.9418 387.017 242.4608 242.4608 160.3076 25.907 61.1844 53.1209 53.2738 103.45 203.1967 35.1991 182.0377 262.7877 11.1603 175.5347 93.1482 213.5802 205.3134;
	3.3085 44.7049 90.4708 116.2139 15.1869 24.4414 11.5919 17.7381 11.3303 18.9349 35.0009 52.2145 78.6086 33.6183 10.458 3.94 4.8885 5.1803 30.963 20.698 3.864 57.0299 58.4143 83.9742 100.5849 71.4196 8.2889 331.603 211.2479 211.2479 142.3387 24.2005 103.2101 53.2767 105.398 90.1324 188.2673 32.8038 226.1529 269.4238 13.2628 271.1367 97.5031 212.6237 190.2284;
	2.656 35.8885 91.4168 115.3532 14.9317 24.2156 11.7073 18.0593 12.3653 25.9147 47.9029 71.4618 107.5853 54.8006 23.009 8.6685 10.7554 11.3975 37.1849 34.1919 3.9024 56.5032 69.5789 87.6867 103.3828 73.995 11.9072 282.9656 234.6626 234.6626 116.9927 16.9982 123.9496 88.01 171.8072 100.1227 202.9414 26.5395 163.8554 276.9183 10.9486 268.6322 95.416 232.4378 205.0553;
	2.0011 27.0393 75.3011 117.3212 15.2639 21.0858 12.2039 18.8475 19.282 28.3357 52.3782 78.1379 117.6362 48.2438 31.3611 11.8151 14.6595 15.5347 53.1348 53.0188 4.068 49.2003 72.6871 87.0355 102.8843 74.0512 13.8288 173.4223 183.1535 183.1535 99.796 11.2835 177.116 136.4705 151.2509 78.1455 143.9088 22.6493 184.281 275.583 12.1484 233.9121 95.314 217.0485 145.4079;
	2.865 38.7123 84.3686 107.3323 15.1261 25.2113 10.3595 18.5059 20.6806 27.4978 50.8293 75.8273 114.1576 50.0693 22.7475 8.57 10.6331 11.2679 64.8988 46.9948 3.4532 58.8263 69.4661 86.3935 101.2788 70.7886 13.242 160.191 147.7125 147.7125 91.1113 8.7747 216.3294 120.9649 156.9741 63.024 141.0977 24.8637 143.2551 271.2824 20.338 279.677 83.9688 231.2922 142.5674;
	2.1483 29.0288 84.1272 110.1627 14.0203 14.9133 8.7799 18.4372 25.2165 28.4541 52.5969 78.4643 118.1275 47.3607 58.233 21.9389 27.2205 28.8456 73.1199 40.9433 2.9266 34.7978 69.5098 84.3124 104.4197 71.5933 13.337 255.884 222.57 222.57 96.3213 7.5502 243.7331 105.3881 148.4821 94.9632 223.6946 20.9592 6.8453 279.6956 13.1171 165.4387 82.6365 213.7913 226.0247;
	1.8393 24.8531 80.1085 105.9804 13.7569 25.4494 13.0256 17.821 25.889 27.2972 50.4585 75.2741 113.3247 52.344 40.5872 15.291 18.9722 20.1048 70.0147 27.5404 4.3419 59.382 68.3358 85.8437 99.8133 71.9174 12.8011 358.2619 294.7745 294.7745 156.1299 13.4155 233.3823 70.889 164.1054 125.7705 319.3033 27.2976 161.4111 267.3569 1.504 282.3192 93.2536 186.9316 322.6294;
	1.8333 24.7718 86.252 98.2681 13.4046 30.5867 17.0987 17.9845 24.7713 21.3381 39.4431 58.8413 88.5853 52.4663 11.7425 4.4239 5.489 5.8167 77.1481 35.2298 5.6996 71.3689 60.8367 86.2915 100.767 72.1407 12.5773 457.5849 357.9987 357.9987 273.3996 16.5254 257.1603 90.6816 164.489 152.7461 432.6943 42.7399 169.5618 269.9116 7.5537 339.3083 106.7852 183.6984 437.2015;
	3.0872 41.7152 91.3833 99.7588 14.4311 32.8257 19.8374 17.2864 25.7661 26.6208 49.2081 73.4088 110.5165 58.6171 46.4128 17.4858 21.6953 22.9905 82.5291 54.3415 6.6125 76.5933 65.315 87.6445 103.4682 73.5427 11.3702 618.1895 452.7249 452.7249 304.3749 22.3809 275.0971 139.8753 183.7726 193.1626 600.6369 55.2798 212.0431 277.1471 10.197 364.1466 140.8709 216.186 606.8936;
	3.642 49.212 87.183 113.5786 14.4732 31.1644 20.4476 15.9175 24.789 27.3475 50.5514 75.4127 113.5334 59.887 64.6376 24.3519 30.2143 32.0182 85.3625 54.2528 6.8159 72.717 62.1693 85.5099 99.6132 68.0448 10.4452 812.1504 615.79 615.79 399.8303 29.471 284.5416 139.6468 187.754 262.7371 742.8976 79.1212 265.4252 266.8212 9.0845 345.7173 140.8413 243.8589 750.6362;
	3.8384 51.8655 90.662 116.9259 14.7075 33.2779 23.7585 18.0042 26.0853 24.3438 44.9992 67.1299 101.0637 65.56 87.1806 32.8448 40.7519 43.1848 80.8515 53.7739 7.9195 77.6483 48.8149 89.7148 104.5725 70.2029 13.0036 952.2551 673.8777 673.8777 488.657 34.0746 269.5049 138.4141 205.5393 287.5212 934.4459 104.5072 398.3194 280.1049 24.8641 369.1623 153.3207 245.9077 944.1797;
	3.6954 49.9323 88.4636 111.5142 14.214 33.0224 26.8459 15.8682 26.4462 16.4909 30.4832 45.475 68.4623 68.2524 125.2544 47.1889 58.5491 62.0446 88.8192 62.8299 8.9486 77.0523 46.0242 85.4631 102.6341 59.2364 11.8756 1070.1501 746.2791 746.2791 669.0641 42.7615 296.0639 161.7244 213.9804 318.4124 1051.6125 153.6701 370.9508 274.9129 33.9723 366.3288 165.9099 249.386 1062.5668;
	3.5836 48.4224 88.5186 113.7301 14.1197 32.4463 27.9479 17.1016 26.1193 10.9913 20.3172 30.3092 45.6304 67.667 157.36 59.2845 73.5567 77.9481 89.7968 68.899 9.316 75.708 30.6366 85.7569 100.6877 68.6682 12.1735 1037.1402 767.3095 767.3095 750.0262 77.128 299.3228 177.3463 212.1453 327.3854 1050.7436 212.6593 388.0418 269.6993 8.234 359.9373 194.6443 261.4844 1061.6888;
	3.766 50.8872 93.4713 116.1274 14.517 33.4315 26.3682 18.4443 25.85 12.4576 23.0276 34.3527 51.7178 65.57 173.8109 65.4823 81.2465 86.097 89.7979 69.3563 8.7894 78.0067 34.208 88.9048 106.1441 69.9476 13.7043 1117.9563 780.6405 780.6405 773.6469 92.4562 299.3263 178.5233 205.5708 333.0733 1118.6536 240.3357 395.8184 284.3145 115.8716 370.8663 189.5663 258.2114 1130.3063;
	3.7097 50.1268 90.5355 117.0646 14.3195 34.4202 26.4714 12.4218 25.0614 17.1189 31.6441 47.2067 71.0695 64.5688 185.2546 69.7936 86.5958 91.7657 91.4786 66.9728 8.8238 80.3137 53.9575 85.4531 103.9325 55.5468 12.5643 1180.3992 789.8654 789.8654 714.4855 103.9732 304.9286 172.3881 202.4319 337.0092 1140.938 239.1107 384.0853 278.3907 118.8908 381.8344 201.4812 255.2835 1152.8228;
