function loadprofile = ex_load_profilesh1
%EX_LOAD_PROFILE  Example load profile data file for stochastic unit commitment.
% 2022.03.12
% Andres F. Ramirez

%% define constants
[CT_LABEL, CT_PROB, CT_TABLE, CT_TBUS, CT_TGEN, CT_TBRCH, CT_TAREABUS, ...
    CT_TAREAGEN, CT_TAREABRCH, CT_ROW, CT_COL, CT_CHGTYPE, CT_REP, ...
    CT_REL, CT_ADD, CT_NEWVAL, CT_TLOAD, CT_TAREALOAD, CT_LOAD_ALL_PQ, ...
    CT_LOAD_FIX_PQ, CT_LOAD_DIS_PQ, CT_LOAD_ALL_P, CT_LOAD_FIX_P, ...
    CT_LOAD_DIS_P, CT_TGENCOST, CT_TAREAGENCOST, CT_MODCOST_F, ...
    CT_MODCOST_X] = idx_ct;

loadprofile = struct( ...
    'type', 'mpcData', ...
    'table', CT_TAREALOAD, ...
    'rows', [1:11], ...
    'col', CT_LOAD_ALL_P, ...
    'chgtype', 1, ...
    'values', [] );
loadprofile.values(:,1,:) = [
	1479.4876 931.7 1579.8083 582.0599 814.2907 1159.1615 869.9 246.0 493.1302 4470.7 1738.7385;
	1435.3269 914.7992 1559.8 572.8179 798.96 1119.9011 850.8 258.4857 478.5273 4424.2314 1715.5629;
	1473.8 939.1526 1580.1845 578.7 823.7966 1158.4722 856.0926 269.658 498.8539 4510.0286 1714.2534;
	1553.4445 1000.6694 1665.1 581.6 867.4807 1223.8 910.6984 288.8393 533.268 4738.0131 1824.918;
	1702.4506 1116.2121 1842.8586 601.6 975.6 1347.106 991.1301 326.257 601.0824 5279.4765 2046.1983;
	1804.0715 1223.0569 1974.2333 614.5823 1038.0592 1441.7964 1058.8083 342.3424 660.7218 5828.4397 2199.5426;
	1810.5564 1233.147 1974.2555 622.6002 1051.851 1417.089 1072.0828 341.2 675.5776 6202.2476 2246.7758;
	1832.0032 1231.9005 1968.1 597.7077 1052.845 1440.8224 1083.1107 339.6836 695.1 6366.2914 2265.1429;
	1832.3715 1212.6579 1918.138 601.0644 1020.3335 1400.0357 1039.0629 322.456 671.7546 6312.6759 2158.0163;
	1791.0797 1168.6788 1884.8 605.8206 1013.2489 1354.3898 1016.8514 313.8486 667.5817 6252.7292 2070.7735;
	1808.5934 1186.2472 1848.9518 613.5 1017.2232 1330.3703 994.2977 305.8 657.5 6268.0301 2078.1017;
	1808.8638 1173.9396 1848.5971 596.8 985.4494 1317.1005 1018.9263 311.5849 672.3475 6327.7816 2059.9277;
	1816.0043 1174.6015 1796.5571 594.1714 980.958 1330.8396 1018.08 306.9906 655.6 6268.3466 2054.3591;
	1791.5 1171.3165 1809.6292 596.8347 986.827 1335.7566 1060.6865 301.8 649.9381 6248.1704 2050.8014;
	1796.4256 1155.3 1824.2108 593.7222 980.6903 1341.2 1085.4 301.0274 653.3378 6228.9388 2084.9631;
	1812.3 1178.3274 1856.4379 605.0419 1006.3423 1414.1568 1112.4274 302.5438 672.8677 6338.6666 2184.4314;
	1768.8 1169.4414 1825.1549 588.5797 999.9754 1441.6 1090.5823 299.7095 678.4334 6260.4501 2242.3658;
	1820.8202 1199.8357 1911.4093 584.2 1037.7325 1469.1227 1118.8411 314.8 689.3583 6189.2685 2342.6;
	1868.6646 1177.2 1892.7662 571.0444 1006.5937 1436.9879 1115.1162 292.5675 676.9867 6103.932 2278.34;
	1792.2658 1110.9073 1792.1942 572.7 973.0953 1364.5725 1048.8972 277.065 649.8 5861.6286 2199.3685;
	1754.3503 1059.6047 1722.5 565.6744 918.3118 1263.8084 996.6564 269.6664 630.6881 5657.9384 2058.8481;
	1600.2224 977.6 1596.9854 556.1948 841.2894 1175.4964 915.7482 214.4662 575.9384 5335.9858 1898.4466;
	1542.4382 905.7988 1473.7227 561.7564 788.3037 1132.5198 868.2 184.306 545.5741 5042.9914 1762.0421;
	1462.4557 862.8106 1430.7427 563.7756 754.5224 1106.2867 827.2167 194.8624 498.7115 4831.1549 1675.1;
];
