function solarprofile = ex_solar_profilesh1
%EX_WIND_PROFILE_D  Example wind_load_nyiso profile data for deterministic unit commitment.
% 2022.03.12
% Andres F. Ramirez


%% define constants
[GEN_BUS, PG, QG, QMAX, QMIN, VG, MBASE, GEN_STATUS, PMAX, PMIN, ...
    MU_PMAX, MU_PMIN, MU_QMAX, MU_QMIN, PC1, PC2, QC1MIN, QC1MAX, ...
    QC2MIN, QC2MAX, RAMP_AGC, RAMP_10, RAMP_30, RAMP_Q, APF] = idx_gen;
[CT_LABEL, CT_PROB, CT_TABLE, CT_TBUS, CT_TGEN, CT_TBRCH, CT_TAREABUS, ...
    CT_TAREAGEN, CT_TAREABRCH, CT_ROW, CT_COL, CT_CHGTYPE, CT_REP, ...
    CT_REL, CT_ADD, CT_NEWVAL, CT_TLOAD, CT_TAREALOAD, CT_LOAD_ALL_PQ, ...
    CT_LOAD_FIX_PQ, CT_LOAD_DIS_PQ, CT_LOAD_ALL_P, CT_LOAD_FIX_P, ...
    CT_LOAD_DIS_P, CT_TGENCOST, CT_TAREAGENCOST, CT_MODCOST_F, ...
    CT_MODCOST_X] = idx_ct;

solarprofile = struct( ...
    'type', 'mpcData', ...
    'table', CT_TGEN, ...
    'rows', [1:12], ...
    'col', PMAX, ...
    'chgtype', 1, ...
    'values', [] );
solarprofile.values(:,1,:) = [
	0.0 0.0 0.0 0.0 0.0 0.0 0.0 0.0 0.0 0.0 0.0 0.0;
	0.0 0.0 0.0 0.0 0.0 0.0 0.0 0.0 0.0 0.0 0.0 0.0;
	0.0 0.0 0.0 0.0 0.0 0.0 0.0 0.0 0.0 0.0 0.0 0.0;
	0.0 0.0 0.0 0.0 0.0 0.0 0.0 0.0 0.0 0.0 0.0 0.0;
	0.0 0.0 0.0 0.0 0.0 0.0 0.0 0.0 0.0 0.0 0.0 0.0;
	0.0951 0.0972 0.1051 0.0 0.0 0.1251 0.0156 0.1784 0.0 0.0 0.0 0.0;
	0.3802 0.1733 0.0 0.7758 1.1672 20.123 2.5154 10.0244 27.2301 15.4944 6.2457 28.0605;
	5.6094 5.3863 3.1348 1.8214 8.9824 73.974 9.2468 27.3623 90.1743 78.7835 25.2951 142.6774;
	10.4449 9.124 6.2277 2.732 11.7218 69.4222 8.6778 29.4542 98.139 187.3365 40.5673 339.2675;
	5.8969 2.6515 7.8641 8.2572 11.2958 73.0827 9.1353 41.2934 120.968 220.7031 30.6507 399.6946;
	2.3434 1.7105 8.3599 10.3534 11.0036 61.5435 7.6929 25.9566 56.5501 202.9913 53.638 367.6185;
	6.3701 2.8254 9.8221 10.758 11.0069 82.8347 10.3543 32.2558 60.8658 197.0332 71.4278 356.8284;
	11.7539 9.1996 12.4434 5.4853 7.0563 191.1323 23.8915 50.4582 59.4487 231.4558 72.2676 419.1678;
	8.5763 6.7496 9.4419 5.1129 6.4482 220.0107 27.5013 55.2451 84.9909 218.2337 77.0407 395.2226;
	4.8078 3.503 3.9027 3.5498 5.1037 117.1986 14.6498 46.6454 79.6404 169.7013 74.7174 307.33;
	3.5036 2.4658 1.2233 1.3348 2.4993 12.144 1.518 5.4215 16.9971 22.9854 21.082 41.6267;
	1.3244 1.2447 0.6262 0.6799 1.4044 44.2376 5.5297 6.5767 25.1927 9.8023 10.0896 17.752;
	0.0 0.0 0.0 0.0 0.0 0.0 0.0 0.0 0.0 0.0 0.0 0.0;
	0.0 0.0 0.0 0.0 0.0 0.0 0.0 0.0 0.0 0.0 0.0 0.0;
	0.0 0.0 0.0 0.0 0.0 0.0 0.0 0.0 0.0 0.0 0.0 0.0;
	0.0 0.0 0.0 0.0 0.0 0.0 0.0 0.0 0.0 0.0 0.0 0.0;
	0.0 0.0 0.0 0.0 0.0 0.0 0.0 0.0 0.0 0.0 0.0 0.0;
	0.0 0.0 0.0 0.0 0.0 0.0 0.0 0.0 0.0 0.0 0.0 0.0;
	0.0 0.0 0.0 0.0 0.0 0.0 0.0 0.0 0.0 0.0 0.0 0.0;
];
