function solarprofile = ex_solar_profilesh1
%EX_WIND_PROFILE_D  Example wind_load_nyiso profile data for deterministic unit commitment.
% 2022.03.12
% Andres F. Ramirez


%% define constants
[GEN_BUS, PG, QG, QMAX, QMIN, VG, MBASE, GEN_STATUS, PMAX, PMIN, ...
    MU_PMAX, MU_PMIN, MU_QMAX, MU_QMIN, PC1, PC2, QC1MIN, QC1MAX, ...
    QC2MIN, QC2MAX, RAMP_AGC, RAMP_10, RAMP_30, RAMP_Q, APF] = idx_gen;
[CT_LABEL, CT_PROB, CT_TABLE, CT_TBUS, CT_TGEN, CT_TBRCH, CT_TAREABUS, ...
    CT_TAREAGEN, CT_TAREABRCH, CT_ROW, CT_COL, CT_CHGTYPE, CT_REP, ...
    CT_REL, CT_ADD, CT_NEWVAL, CT_TLOAD, CT_TAREALOAD, CT_LOAD_ALL_PQ, ...
    CT_LOAD_FIX_PQ, CT_LOAD_DIS_PQ, CT_LOAD_ALL_P, CT_LOAD_FIX_P, ...
    CT_LOAD_DIS_P, CT_TGENCOST, CT_TAREAGENCOST, CT_MODCOST_F, ...
    CT_MODCOST_X] = idx_ct;

solarprofile = struct( ...
    'type', 'mpcData', ...
    'table', CT_TGEN, ...
    'rows', [1:12], ...
    'col', PMAX, ...
    'chgtype', 1, ...
    'values', [] );
solarprofile.values(:,1,:) = [
	0.0 0.0 0.0 0.0 0.0 0.0 0.0 0.0 0.0 0.0 0.0 0.0;
	0.0 0.0 0.0 0.0 0.0 0.0 0.0 0.0 0.0 0.0 0.0 0.0;
	0.0 0.0 0.0 0.0 0.0 0.0 0.0 0.0 0.0 0.0 0.0 0.0;
	0.0 0.0 0.0 0.0 0.0 0.0 0.0 0.0 0.0 0.0 0.0 0.0;
	0.0 0.0 0.0 0.0 0.0 0.0 0.0 0.0 0.0 0.0 0.0 0.0;
	0.0951 0.0972 0.1051 0.0 0.0 0.1251 0.0156 0.1784 0.0 0.0 0.0 0.0;
	3.893 4.5026 2.5124 4.6241 4.1479 143.2885 17.9111 21.4498 81.3252 41.1754 105.1222 74.5689;
	7.6226 6.2304 4.3605 6.8451 8.5041 205.3467 25.6683 45.3416 102.6949 77.1409 102.4849 139.7027;
	8.7127 7.2414 4.4229 9.9865 10.2449 199.3665 24.9208 52.3777 96.9553 109.7748 121.6954 198.8028;
	16.3617 14.0758 11.8111 12.062 11.035 390.9745 48.8718 68.2331 203.4493 153.9195 124.5857 278.7491;
	21.9372 16.0537 13.2545 12.0412 10.4602 394.6868 49.3358 61.3362 201.9806 202.5502 161.7005 366.8196;
	23.4355 16.248 13.2624 11.7981 10.1601 406.1901 50.7738 57.0556 225.3953 217.4241 157.1873 393.7564;
	23.6801 16.6621 13.7384 6.8716 5.8889 402.2284 50.2786 57.6947 251.3482 159.9336 51.6017 289.6408;
	16.4616 15.8196 12.5639 5.4981 5.8596 392.5516 49.069 62.9394 253.0663 178.2823 41.3952 322.8704;
	6.8656 8.7662 6.5017 4.1409 5.2378 358.95 44.8688 61.1564 236.0451 163.1173 59.5107 295.4063;
	1.376 1.6702 1.3981 3.7714 3.5333 123.4516 15.4315 19.6227 70.1908 50.8751 23.8096 92.1351;
	0.8987 0.7408 0.5379 0.8019 1.3946 54.269 6.7836 6.2865 27.1705 16.0041 8.9926 28.9835;
	0.0 0.0 0.0 0.0 0.0 0.0 0.0 0.0 0.0 0.0 0.0 0.0;
	0.0 0.0 0.0 0.0 0.0 0.0 0.0 0.0 0.0 0.0 0.0 0.0;
	0.0 0.0 0.0 0.0 0.0 0.0 0.0 0.0 0.0 0.0 0.0 0.0;
	0.0 0.0 0.0 0.0 0.0 0.0 0.0 0.0 0.0 0.0 0.0 0.0;
	0.0 0.0 0.0 0.0 0.0 0.0 0.0 0.0 0.0 0.0 0.0 0.0;
	0.0 0.0 0.0 0.0 0.0 0.0 0.0 0.0 0.0 0.0 0.0 0.0;
	0.0 0.0 0.0 0.0 0.0 0.0 0.0 0.0 0.0 0.0 0.0 0.0;
];
