function windprofile = ex_wind_profilesh1
%EX_WIND_PROFILE_D  Example wind_load_nyiso profile data for deterministic unit commitment.
% 2022.03.12
% Andres F. Ramirez


%% define constants
[GEN_BUS, PG, QG, QMAX, QMIN, VG, MBASE, GEN_STATUS, PMAX, PMIN, ...
    MU_PMAX, MU_PMIN, MU_QMAX, MU_QMIN, PC1, PC2, QC1MIN, QC1MAX, ...
    QC2MIN, QC2MAX, RAMP_AGC, RAMP_10, RAMP_30, RAMP_Q, APF] = idx_gen;
[CT_LABEL, CT_PROB, CT_TABLE, CT_TBUS, CT_TGEN, CT_TBRCH, CT_TAREABUS, ...
    CT_TAREAGEN, CT_TAREABRCH, CT_ROW, CT_COL, CT_CHGTYPE, CT_REP, ...
    CT_REL, CT_ADD, CT_NEWVAL, CT_TLOAD, CT_TAREALOAD, CT_LOAD_ALL_PQ, ...
    CT_LOAD_FIX_PQ, CT_LOAD_DIS_PQ, CT_LOAD_ALL_P, CT_LOAD_FIX_P, ...
    CT_LOAD_DIS_P, CT_TGENCOST, CT_TAREAGENCOST, CT_MODCOST_F, ...
    CT_MODCOST_X] = idx_ct;

windprofile = struct( ...
    'type', 'mpcData', ...
    'table', CT_TGEN, ...
    'rows', [1:45], ...
    'col', PMAX, ...
    'chgtype', 1, ...
    'values', [] );
windprofile.values(:,1,:) = [
	3.7935 51.2583 89.2954 114.3426 14.9863 14.6269 16.3236 18.3763 27.9071 22.2007 41.0376 61.22 92.1664 5.0653 11.58 4.3627 5.413 5.7361 15.1641 25.8648 5.4412 34.1293 50.6916 84.0946 101.3984 69.9157 8.223 640.9676 396.5929 396.5929 209.2841 34.8845 50.547 66.576 15.8803 169.213 515.8904 55.1221 309.4271 271.6028 15.5787 162.2606 118.7512 237.3713 521.2642;
	3.6648 49.5196 90.3835 111.5871 14.7074 16.5706 14.6532 18.1039 27.5174 22.9922 42.5007 63.4026 95.4523 4.9046 5.8582 2.207 2.7384 2.9019 10.7118 12.5227 4.8844 38.6648 58.388 85.6223 99.5112 71.3456 7.4279 649.3594 363.422 363.422 165.8433 28.1259 35.7061 32.2334 15.3766 155.0601 472.3579 48.3028 309.3901 266.5478 13.9013 183.8235 110.7004 220.5751 477.2783;
	3.5846 48.4358 91.7088 112.9977 15.1556 13.6516 13.3463 18.2994 28.0427 21.2191 39.2231 58.5132 88.0913 8.2911 7.1716 2.7019 3.3523 3.5525 15.9361 20.0984 4.4488 31.8538 58.2575 85.5625 97.7412 73.2083 8.8034 619.9154 343.5364 343.5364 145.6694 27.8308 53.1203 51.7334 25.9939 146.5755 434.062 35.5884 264.7685 261.8069 17.7752 151.4422 89.8452 218.6105 438.5835;
	3.2711 44.1997 92.9661 111.5665 14.664 12.6131 12.3236 18.4853 28.1366 20.5123 37.9167 56.5643 85.1572 11.1609 8.6163 3.2462 4.0276 4.2681 11.2421 23.7088 4.1079 29.4305 65.2345 87.4532 101.5923 75.5858 10.2664 482.1307 273.6674 273.6674 147.3054 22.6863 37.4736 61.0266 34.9909 116.7648 328.3538 27.6537 208.2809 272.1222 41.2098 139.9209 73.6779 218.3625 331.7742;
	2.6395 35.6659 89.3899 109.719 14.5844 14.8244 10.1387 17.9583 18.8426 18.084 33.4281 49.8681 75.0762 13.8368 16.8911 6.3636 7.8956 8.367 19.6902 26.2657 3.3796 34.5903 53.4239 85.4443 100.1598 73.955 9.6051 363.1239 223.7203 223.7203 143.1518 19.5601 65.6341 67.608 43.3801 95.454 199.5416 27.4966 170.2756 268.2851 10.5186 164.4524 84.0088 227.2347 201.6202;
	3.4135 46.1239 91.4312 115.3238 14.5853 23.9565 11.7374 18.3964 11.4053 17.9282 33.14 49.4384 74.4293 27.226 18.9169 7.1268 8.8426 9.3705 34.0461 27.5417 3.9125 55.8985 58.897 86.597 103.4235 72.0004 8.5911 305.8032 215.0415 215.0415 137.7885 22.2885 113.4871 70.8925 85.3573 91.7511 173.1233 25.6519 196.1616 277.0273 13.7125 265.7572 94.559 233.1675 174.9266;
	2.8484 38.4881 90.9111 112.1145 14.1895 24.6998 11.4405 17.7522 12.6041 24.9102 46.0462 68.6918 103.4151 42.2982 26.1259 9.8428 12.2123 12.9414 37.5966 35.1887 3.8135 57.6329 68.4722 85.2401 102.0541 72.3362 12.0188 282.507 250.9266 250.9266 110.9095 15.9338 125.322 90.5757 132.6105 107.062 211.2069 22.481 152.7633 273.3593 9.4275 274.0033 98.3983 247.5223 213.4069;
	1.8637 25.1829 65.5172 103.5887 13.9562 18.2401 11.1075 17.6433 16.0637 18.9599 35.047 52.2832 78.7121 38.2895 24.5572 9.2518 11.4791 12.1644 48.922 46.1526 3.7025 42.5602 64.6003 81.5656 96.8752 70.6737 12.8164 147.3878 177.706 177.706 91.2546 7.9597 163.0734 118.7969 120.0427 75.8212 125.2392 18.0106 160.8025 259.487 3.2424 202.3432 89.1488 207.2 126.5438;
	2.6757 36.1544 80.7711 98.2271 13.7845 23.0712 11.5071 17.6633 20.5333 21.4485 39.6472 59.1459 89.0438 41.7825 20.8923 7.8711 9.7659 10.349 65.7559 46.6044 3.8357 53.8327 68.6901 80.4157 96.8387 69.9636 12.2289 128.0295 160.1033 160.1033 84.9991 5.9694 219.1864 119.9597 130.9938 68.3107 129.7521 20.953 144.8606 259.3894 16.5434 255.9361 73.5611 223.101 131.1037;
	1.9379 26.1852 79.4693 102.4577 12.0488 13.0919 10.369 17.7001 25.7708 21.3431 39.4525 58.8553 88.6064 42.6862 5.5202 2.0797 2.5804 2.7344 65.8633 40.7533 3.4563 30.5478 60.073 77.3275 97.158 70.8932 12.3889 238.9754 236.8814 236.8814 105.2588 8.2116 219.5443 104.8992 133.8269 101.0694 225.0609 23.2029 134.9618 260.2445 0.2704 145.2332 68.3941 198.607 227.4053;
	1.562 21.1057 72.6488 95.9083 10.9701 22.6142 13.5348 16.9803 25.7544 17.0318 31.4831 46.9666 70.7079 50.2326 0.0 0.0 0.0 0.0 60.1687 22.0773 4.5116 52.7665 52.2518 79.5145 91.6298 69.6637 11.8339 368.6406 312.839 312.839 153.5064 11.0459 200.5622 56.8271 157.4861 133.478 344.7101 22.6532 169.391 245.4369 0.0004 250.8668 73.3974 176.9122 348.3008;
	1.5929 21.5232 75.2213 83.6108 9.7366 26.9269 18.4345 17.2025 25.2373 21.2654 39.3087 58.6409 88.2835 53.4186 0.2279 0.0858 0.1065 0.1129 77.6807 43.1733 6.1448 62.8293 64.8601 77.479 93.0689 70.2282 12.1955 500.8041 368.8544 368.8544 268.0845 17.6854 258.9356 111.1283 167.4746 157.3779 461.8833 39.8902 188.1757 249.2917 0.0705 298.7086 87.4853 180.1157 466.6946;
	2.8827 38.9519 82.1699 84.6272 13.0715 29.1267 20.6066 16.1942 27.0684 24.8562 45.9464 68.543 103.1911 56.2783 40.0898 15.1036 18.7396 19.8584 80.2501 58.4321 6.8689 67.9622 65.3695 77.9953 94.4706 65.2453 10.0783 677.3526 463.342 463.342 304.8916 25.0426 267.5003 150.4043 176.4399 197.6926 641.7653 51.7669 226.0424 253.0462 0.0036 323.1117 127.7782 202.8121 648.4504;
	3.5769 48.3324 85.4877 103.4592 13.9809 30.1654 21.1819 16.9081 26.015 27.7048 51.2119 76.398 115.0168 55.8797 48.8007 18.3854 22.8115 24.1734 82.1373 49.0583 7.0606 70.386 61.3466 77.8989 94.2975 69.8713 10.8188 833.5678 588.8318 588.8318 397.0649 28.9857 273.791 126.2761 175.1903 251.2349 749.3742 72.4012 271.8856 252.5825 2.249 334.6354 134.4125 257.6639 757.1802;
	3.6843 49.7824 87.2548 109.4108 14.211 32.7489 25.345 18.0174 26.5587 23.9437 44.2596 66.0266 99.4026 64.1111 81.6069 30.7449 38.1465 40.4239 72.9038 55.2983 8.4483 76.4141 43.8325 81.4594 97.2604 70.047 12.7898 997.9523 665.2432 665.2432 474.5607 30.4885 243.0126 142.3379 200.997 283.8371 929.0907 92.4207 430.8616 260.5188 5.5373 363.2942 152.1676 251.4183 938.7687;
	3.4605 46.7587 86.8676 108.1235 14.0219 31.5999 25.6546 16.7746 26.0276 12.3275 22.7872 33.9941 51.1779 61.9218 110.5804 41.6605 51.6899 54.7759 79.9131 60.3555 8.5515 73.7332 23.4972 80.1455 96.2942 68.5366 12.0636 1090.6101 694.3122 694.3122 624.4458 41.5481 266.3769 155.3551 194.1333 296.2399 983.313 133.9761 366.2439 257.9309 3.5982 350.5486 156.0324 260.3126 993.5558;
	3.6274 49.0142 89.515 116.0378 14.4095 32.3464 29.4762 18.5823 26.3271 18.1423 33.5357 50.0287 75.318 65.2119 162.8926 61.3688 76.1428 80.6886 88.5292 68.0538 9.8254 75.475 26.3046 83.7675 100.8276 73.448 12.8439 1080.7117 746.9594 746.9594 702.9785 77.0904 295.0973 175.1706 204.448 318.7027 1008.5232 195.3169 404.2063 270.074 22.9984 358.8299 205.4547 274.0451 1019.0286;
	3.7627 50.842 93.076 114.8632 14.4097 32.8717 30.1207 18.3418 27.6549 18.631 34.4391 51.3763 77.3468 69.2525 181.7104 68.4583 84.939 90.01 86.4749 71.6711 10.0402 76.7006 34.616 84.3469 104.1743 74.139 13.1209 1173.0373 767.8978 767.8978 742.5775 94.5416 288.2498 184.4815 217.1158 327.6364 1087.5061 218.5522 458.0764 279.0384 113.0919 364.6568 201.7768 274.0255 1098.8342;
	3.6152 48.8493 88.5388 115.7428 14.0839 31.9552 29.9716 13.1062 26.1522 20.8098 38.4665 57.3845 86.392 65.4264 190.7949 71.8809 89.1855 94.51 86.6417 71.6168 9.9905 74.5621 49.6937 82.6282 104.193 66.6913 12.4481 1184.4385 779.5797 779.5797 710.5976 103.7446 288.8058 184.3417 205.1207 332.6207 1085.3541 234.0764 455.544 279.0884 115.7036 354.4893 201.4786 269.1295 1096.6599;
