function solarprofile = ex_solar_profilesh1
%EX_WIND_PROFILE_D  Example wind_load_nyiso profile data for deterministic unit commitment.
% 2022.03.12
% Andres F. Ramirez


%% define constants
[GEN_BUS, PG, QG, QMAX, QMIN, VG, MBASE, GEN_STATUS, PMAX, PMIN, ...
    MU_PMAX, MU_PMIN, MU_QMAX, MU_QMIN, PC1, PC2, QC1MIN, QC1MAX, ...
    QC2MIN, QC2MAX, RAMP_AGC, RAMP_10, RAMP_30, RAMP_Q, APF] = idx_gen;
[CT_LABEL, CT_PROB, CT_TABLE, CT_TBUS, CT_TGEN, CT_TBRCH, CT_TAREABUS, ...
    CT_TAREAGEN, CT_TAREABRCH, CT_ROW, CT_COL, CT_CHGTYPE, CT_REP, ...
    CT_REL, CT_ADD, CT_NEWVAL, CT_TLOAD, CT_TAREALOAD, CT_LOAD_ALL_PQ, ...
    CT_LOAD_FIX_PQ, CT_LOAD_DIS_PQ, CT_LOAD_ALL_P, CT_LOAD_FIX_P, ...
    CT_LOAD_DIS_P, CT_TGENCOST, CT_TAREAGENCOST, CT_MODCOST_F, ...
    CT_MODCOST_X] = idx_ct;

solarprofile = struct( ...
    'type', 'mpcData', ...
    'table', CT_TGEN, ...
    'rows', [1:12], ...
    'col', PMAX, ...
    'chgtype', 1, ...
    'values', [] );
solarprofile.values(:,1,:) = [
	0.0 0.0 0.0 0.0 0.0 0.0 0.0 0.0 0.0 0.0 0.0 0.0;
	0.0 0.0 0.0 0.0 0.0 0.0 0.0 0.0 0.0 0.0 0.0 0.0;
	0.0 0.0 0.0 0.0 0.0 0.0 0.0 0.0 0.0 0.0 0.0 0.0;
	0.0 0.0 0.0 0.0 0.0 0.0 0.0 0.0 0.0 0.0 0.0 0.0;
	0.0 0.0 0.0 0.0 0.0 0.0 0.0 0.0 0.0 0.0 0.0 0.0;
	0.2033 0.2883 0.2007 0.0 0.0 0.1251 0.0156 0.1784 0.186 0.0 0.0 0.0;
	8.511 9.2315 7.175 6.1129 10.0711 278.6397 34.83 42.7019 135.8378 61.2077 24.9313 110.8476;
	6.8253 6.8429 5.6964 9.0265 13.3343 347.0012 43.3751 52.9481 123.7787 120.7363 139.9215 218.6542;
	7.6076 9.3804 7.4466 9.8057 13.087 324.7434 40.5929 43.6751 100.8252 166.3519 193.1317 301.2643;
	21.2684 15.9101 13.1944 10.5107 11.0113 408.5945 51.0743 61.0107 236.871 175.1416 166.285 317.1825;
	23.5488 16.0913 13.2793 11.044 9.339 404.8823 50.6103 60.5573 237.6889 201.1337 194.186 364.2544;
	23.5671 16.1305 13.3198 11.1808 8.947 425.0284 53.1285 64.7826 250.4108 201.7479 192.7585 365.3667;
	21.2955 16.5824 13.7384 7.1571 4.9749 437.6849 54.7106 76.9188 262.3379 159.6592 62.4123 289.1437;
	13.2758 15.59 12.5301 6.9649 4.8163 434.7408 54.3426 77.1927 260.0939 146.9608 18.8812 266.1469;
	7.2131 9.6566 7.409 5.1716 4.316 410.3812 51.2976 73.4246 250.7926 95.7531 15.5289 173.4094;
	4.6421 4.0027 2.8932 4.464 3.5266 173.798 21.7248 22.7821 126.9038 11.9632 3.704 21.6654;
	1.0116 0.8207 0.6211 0.9565 1.6806 60.3781 7.5473 7.7557 36.7093 7.0241 7.8205 12.7206;
	0.0 0.0 0.0 0.0 0.0 0.0 0.0 0.0 0.0 0.0 0.0 0.0;
	0.0 0.0 0.0 0.0 0.0 0.0 0.0 0.0 0.0 0.0 0.0 0.0;
	0.0 0.0 0.0 0.0 0.0 0.0 0.0 0.0 0.0 0.0 0.0 0.0;
	0.0 0.0 0.0 0.0 0.0 0.0 0.0 0.0 0.0 0.0 0.0 0.0;
	0.0 0.0 0.0 0.0 0.0 0.0 0.0 0.0 0.0 0.0 0.0 0.0;
	0.0 0.0 0.0 0.0 0.0 0.0 0.0 0.0 0.0 0.0 0.0 0.0;
	0.0 0.0 0.0 0.0 0.0 0.0 0.0 0.0 0.0 0.0 0.0 0.0;
];
