function loadprofile = ex_load_profilesh1
%EX_LOAD_PROFILE  Example load profile data file for stochastic unit commitment.
% 2022.03.12
% Andres F. Ramirez

%% define constants
[CT_LABEL, CT_PROB, CT_TABLE, CT_TBUS, CT_TGEN, CT_TBRCH, CT_TAREABUS, ...
    CT_TAREAGEN, CT_TAREABRCH, CT_ROW, CT_COL, CT_CHGTYPE, CT_REP, ...
    CT_REL, CT_ADD, CT_NEWVAL, CT_TLOAD, CT_TAREALOAD, CT_LOAD_ALL_PQ, ...
    CT_LOAD_FIX_PQ, CT_LOAD_DIS_PQ, CT_LOAD_ALL_P, CT_LOAD_FIX_P, ...
    CT_LOAD_DIS_P, CT_TGENCOST, CT_TAREAGENCOST, CT_MODCOST_F, ...
    CT_MODCOST_X] = idx_ct;

loadprofile = struct( ...
    'type', 'mpcData', ...
    'table', CT_TAREALOAD, ...
    'rows', [1:11], ...
    'col', CT_LOAD_ALL_P, ...
    'chgtype', 1, ...
    'values', [] );
loadprofile.values(:,1,:) = [
	1424.6803 924.9 1600.6673 592.5 792.8857 1118.65 832.6654 244.0559 506.7087 4524.8443 1737.5478;
	1414.9993 919.3683 1569.0 593.9156 805.7474 1106.3 814.2956 234.2662 500.1482 4433.7941 1696.2693;
	1450.8847 948.4174 1624.4646 598.9957 807.3083 1137.1886 845.1455 251.5 520.9073 4534.4317 1753.3581;
	1532.6984 1010.1 1699.3883 600.1548 867.7 1205.9692 886.7816 272.9 558.4 4768.8031 1840.4612;
	1678.8587 1143.8475 1879.3373 623.0 954.2202 1346.3672 991.1182 309.2364 628.4 5279.1129 2025.2;
	1784.2062 1221.1 1980.9649 613.0476 1018.8308 1395.1887 1055.0841 330.8 686.0 5814.085 2192.4862;
	1820.6843 1224.6 1970.6541 604.7 975.2431 1379.8266 1072.2833 335.5 691.1298 6030.1681 2231.7338;
	1825.091 1224.1558 1951.4 597.1246 944.7369 1369.9426 1077.7985 347.2 705.2492 6325.0087 2299.0247;
	1804.5825 1218.7 1918.1219 575.3424 927.1825 1315.9653 1095.3663 357.1 715.3893 6370.8285 2354.8799;
	1804.049 1190.4438 1847.589 567.2823 896.2693 1228.9474 1064.9226 330.9371 691.8232 6203.402 2278.2263;
	1762.2046 1151.4447 1792.7429 570.7757 860.6195 1199.1877 1073.7008 305.8399 688.6965 6223.6963 2277.7128;
	1748.5664 1132.1307 1770.0275 575.9528 847.5346 1202.0386 1035.9566 291.2102 686.1403 6196.3294 2280.9095;
	1721.6154 1143.9754 1765.1422 570.1392 835.3038 1209.0924 1067.7285 272.8321 686.9305 6148.236 2286.5459;
	1683.4514 1126.4549 1747.4193 568.6802 833.9756 1216.1066 1070.8509 278.9568 689.3657 6188.4166 2362.2001;
	1684.7408 1126.885 1775.8465 579.6156 858.4958 1262.4753 1088.5955 288.0934 693.5545 6198.3981 2361.1427;
	1662.3921 1123.6945 1704.97 555.8609 883.6403 1278.6628 1054.9673 294.5396 686.1666 6137.1583 2336.1799;
	1644.9635 1098.2921 1720.6579 566.5 904.0908 1350.5605 1139.5399 318.6788 702.1284 6125.8671 2405.4209;
	1639.0782 1161.3 1817.3 572.2606 970.306 1394.2167 1142.6323 334.889 727.04 6253.4851 2470.6482;
	1653.3361 1144.5289 1790.1174 567.7311 905.7795 1306.3187 1121.0233 327.5662 721.93 6110.1662 2413.4526;
	1636.6244 1086.3698 1714.7261 561.3 856.3266 1284.9003 1081.4029 310.4751 679.7213 5852.5539 2296.0959;
	1501.8579 971.1771 1602.1934 557.1 792.2905 1206.742 1009.3 288.5615 631.1 5443.289 2077.3576;
	1421.4159 907.5456 1521.4833 549.4884 755.7757 1102.8782 936.3145 256.0041 572.9 5074.7757 1913.4676;
	1394.5556 841.8769 1496.0549 549.6663 755.5394 1058.5375 835.9362 249.0184 531.4 4702.6563 1767.0791;
	1370.1526 837.8501 1484.2147 543.6 713.732 1013.568 805.4 228.1707 503.5 4483.5699 1688.7;
];
