function windprofile = ex_wind_profilesh1
%EX_WIND_PROFILE_D  Example wind_load_nyiso profile data for deterministic unit commitment.
% 2022.03.12
% Andres F. Ramirez


%% define constants
[GEN_BUS, PG, QG, QMAX, QMIN, VG, MBASE, GEN_STATUS, PMAX, PMIN, ...
    MU_PMAX, MU_PMIN, MU_QMAX, MU_QMIN, PC1, PC2, QC1MIN, QC1MAX, ...
    QC2MIN, QC2MAX, RAMP_AGC, RAMP_10, RAMP_30, RAMP_Q, APF] = idx_gen;
[CT_LABEL, CT_PROB, CT_TABLE, CT_TBUS, CT_TGEN, CT_TBRCH, CT_TAREABUS, ...
    CT_TAREAGEN, CT_TAREABRCH, CT_ROW, CT_COL, CT_CHGTYPE, CT_REP, ...
    CT_REL, CT_ADD, CT_NEWVAL, CT_TLOAD, CT_TAREALOAD, CT_LOAD_ALL_PQ, ...
    CT_LOAD_FIX_PQ, CT_LOAD_DIS_PQ, CT_LOAD_ALL_P, CT_LOAD_FIX_P, ...
    CT_LOAD_DIS_P, CT_TGENCOST, CT_TAREAGENCOST, CT_MODCOST_F, ...
    CT_MODCOST_X] = idx_ct;

windprofile = struct( ...
    'type', 'mpcData', ...
    'table', CT_TGEN, ...
    'rows', [1:45], ...
    'col', PMAX, ...
    'chgtype', 1, ...
    'values', [] );
windprofile.values(:,1,:) = [
	3.6783 49.7023 87.4824 114.0914 14.87 14.4153 14.5599 17.4272 27.2307 24.5082 45.303 67.5831 101.746 5.3633 27.117 10.2162 12.6756 13.4324 21.0401 27.2846 4.8533 33.6358 60.7228 82.597 97.3244 69.3844 6.2918 708.164 402.8877 402.8877 203.8369 35.8114 70.1338 70.2307 16.8148 171.8987 512.6744 48.8307 303.5585 260.6902 15.5681 159.9142 121.6939 218.0109 518.0147;
	3.6732 49.6327 89.6992 114.1171 14.9641 16.2983 14.0376 17.385 26.2345 22.5022 41.5949 62.0514 93.4181 3.4793 20.342 7.6637 9.5087 10.0764 15.8962 15.3741 4.6792 38.0293 58.869 82.5299 98.1155 70.0861 6.2292 707.8692 395.7016 395.7016 176.9595 33.1825 52.9872 39.5729 10.9081 168.8327 512.7984 52.8204 320.1904 262.8093 14.791 180.802 121.3293 214.1837 518.1401;
	3.4095 46.0693 88.029 111.6464 14.566 14.0855 13.3798 17.0017 27.6069 24.2155 44.7619 66.776 100.5309 7.365 27.2199 10.2549 12.7237 13.4833 25.3458 25.6033 4.4599 32.8661 65.4484 76.0986 86.5037 69.8943 5.8158 676.4823 372.5068 372.5068 154.9022 33.1361 84.4861 65.9031 23.0904 158.9362 443.7692 38.0421 268.4982 231.7062 4.7993 156.2551 97.866 195.673 448.3918;
	3.0301 40.9437 85.3527 104.354 14.0796 11.8858 12.3797 17.4342 26.1329 22.9674 42.4549 63.3343 95.3495 10.0356 18.4058 6.9343 8.6036 9.1173 14.1693 23.2459 4.1266 27.7336 58.8974 78.6644 96.7417 72.9599 7.9884 555.3936 288.681 288.681 157.2957 30.8851 47.2312 59.835 31.4631 123.1706 334.9953 29.794 205.8532 259.1296 6.9777 131.8533 79.5226 199.691 338.4849;
	2.486 33.591 86.9457 108.5897 14.314 13.7143 13.3039 17.6806 18.5264 21.2114 39.2089 58.492 88.0594 14.4961 22.5368 8.4906 10.5347 11.1636 24.5028 27.7909 4.4346 31.9999 52.9728 80.634 96.4477 72.9118 8.053 401.5847 216.0289 216.0289 147.9083 27.4057 81.6761 71.5338 45.4472 92.1723 201.595 32.0674 194.766 258.342 12.6332 152.1368 90.8634 218.6754 203.695;
	2.9947 40.4645 90.3411 113.4513 14.2518 21.1116 13.0713 18.5353 11.0816 19.1095 35.3236 52.6958 79.3332 27.27 21.8474 8.2309 10.2124 10.8221 36.0261 29.1888 4.3571 49.2604 57.4016 81.8179 99.6887 72.4859 8.0829 345.1393 210.8347 210.8347 133.9601 26.3883 120.0869 75.1321 85.4951 89.9561 193.9665 30.72 235.0751 267.0232 14.6142 234.1982 96.3874 211.5736 195.9869;
	2.441 32.9829 89.0496 113.2229 13.4602 21.5061 14.8839 17.692 13.8263 26.6041 49.1773 73.3628 110.4473 46.0293 28.8767 10.8791 13.4982 14.304 42.8641 39.1062 4.9613 50.1809 71.3055 82.7594 99.3262 71.7274 10.2513 289.3593 235.5748 235.5748 105.7316 16.0182 142.8805 100.6596 144.3079 100.5119 200.8011 18.772 198.5633 266.0524 12.1966 238.5743 91.7884 226.1703 202.8928;
	1.7013 22.989 69.3876 111.9081 14.1715 17.7529 13.9614 17.8345 21.4209 28.5941 52.8557 78.8503 118.7087 46.335 35.3199 13.3066 16.51 17.4957 60.526 58.0039 4.6538 41.4235 74.0417 83.0852 101.1557 70.9189 12.008 161.7079 185.5593 185.5593 100.516 10.2609 201.7533 149.3022 145.2665 79.172 126.1881 17.8295 212.6416 270.9527 10.5042 196.939 89.6625 200.7733 127.5025;
	2.618 35.3749 84.6666 102.9977 14.5904 23.4733 10.8703 18.2569 23.3561 28.3045 52.3204 78.0518 117.5065 46.3311 24.0749 9.0701 11.2536 11.9255 66.3593 52.6568 3.6234 54.771 72.4848 83.9823 100.5617 72.5045 11.8286 149.6641 144.9382 144.9382 82.8397 6.6266 221.1978 135.5388 145.2541 61.8403 124.5653 21.7538 156.6863 269.3616 20.5091 260.3968 77.8954 232.6933 125.8628;
	1.8748 25.3333 81.4716 106.5028 13.1861 13.3489 10.7194 17.7936 26.8731 28.5475 52.7697 78.722 118.5156 42.6037 45.2287 17.0396 21.1418 22.404 71.8509 44.1327 3.5731 31.1474 68.9432 80.1785 99.8837 70.8957 11.78 275.185 232.1966 232.1966 83.616 8.8649 239.5031 113.5977 133.5682 99.0705 231.1539 18.6931 253.8094 267.5457 5.9361 148.0837 75.7875 199.0341 233.5618;
	1.6032 21.6626 77.731 104.3092 12.883 25.6364 14.25 16.3913 27.5331 28.6021 52.8705 78.8723 118.7419 44.8282 69.5072 26.1864 32.4906 34.4303 66.6493 36.8251 4.75 59.8182 69.8252 78.5342 94.7562 69.0361 11.0 370.0328 285.1149 285.1149 130.984 10.4636 222.1643 94.7878 140.5424 121.649 307.5333 17.9796 180.6254 253.8113 5.5385 284.3929 94.6503 179.8249 310.7368;
	1.6178 21.8594 81.7039 88.7042 12.5629 28.6214 19.8036 16.244 27.2058 28.4499 52.5891 78.4526 118.11 49.3582 32.5441 12.2608 15.2125 16.1207 77.2216 49.7518 6.6012 66.7834 69.5572 74.263 96.5043 68.3947 11.1057 455.3197 339.1624 339.1624 238.9815 13.978 257.4053 128.0613 154.7447 144.7093 410.5205 33.9669 201.9111 258.4937 1.9057 317.5072 104.5773 171.0581 414.7967;
	2.9103 39.325 88.6593 89.3245 14.3411 31.4583 20.9572 16.2302 27.6542 28.598 52.863 78.8612 118.7251 52.8025 46.011 17.3344 21.5074 22.7915 82.4269 60.0492 6.9857 73.4026 69.2826 77.8408 101.3255 67.7393 10.7076 593.9953 416.4822 416.4822 289.1317 16.3076 274.7562 154.5669 165.543 177.6991 565.0904 47.8298 219.1414 271.4075 1.8027 348.9771 142.4615 216.8456 570.9767;
	3.5826 48.4085 90.3764 107.7277 14.8443 29.5506 20.6659 17.5441 26.1291 28.2598 52.2377 77.9284 117.3208 54.249 66.3098 24.9818 30.996 32.8465 83.3569 58.5212 6.8886 68.9515 68.9279 82.4433 102.6332 71.6481 11.4403 748.1245 534.9393 534.9393 361.6994 25.5318 277.8565 150.6338 170.0779 228.2407 707.4214 73.5345 247.9945 274.9104 28.1144 327.8151 137.1765 254.1155 714.7904;
	3.7667 50.8961 90.4009 108.4181 14.9044 33.014 25.7352 16.798 26.5605 23.657 43.7297 65.2361 98.2126 59.7799 86.4649 32.5752 40.4173 42.8303 81.1258 51.6452 8.5784 77.0326 47.2368 81.5049 97.5937 69.7017 11.7894 953.2288 634.0015 634.0015 484.3807 31.7538 270.4193 132.9349 187.418 270.5073 922.5095 104.7875 410.7743 261.4117 14.7764 366.2349 158.6259 249.7257 932.119;
	3.781 51.0895 92.3029 106.009 15.0087 33.9917 27.7973 15.0788 26.5434 18.0996 33.4569 49.9111 75.1409 59.9138 120.0204 45.217 56.1025 59.4519 83.7249 64.2221 9.2658 79.3141 44.7948 81.0653 97.7855 67.9382 10.4628 1133.6533 717.6551 717.6551 634.9262 44.7188 279.0831 165.3078 187.8378 306.1995 1032.8764 150.1891 375.3124 261.9255 8.8275 377.0818 171.6601 255.8638 1043.6356;
	3.8127 51.5176 88.6408 110.026 14.6392 33.9199 29.8135 15.6677 26.1192 18.5601 34.3081 51.181 77.0527 60.9762 152.934 57.617 71.4877 75.7557 85.0723 69.3639 9.9378 79.1465 29.0001 81.6709 97.5081 70.5562 10.7571 1082.198 718.3266 718.3266 592.1726 76.0749 283.5742 178.5429 191.1686 306.486 985.7701 191.16 413.5952 261.1824 0.0009 376.285 204.8846 273.8199 996.0386;
	3.7122 50.1601 94.1767 116.1616 14.1827 33.0669 30.5904 17.9042 27.0418 19.0958 35.2984 52.6582 79.2767 65.6484 162.5556 61.2419 75.9853 80.5217 86.2235 68.7424 10.1968 77.1561 37.5641 83.0272 101.7687 71.2905 12.9528 1178.5784 751.7553 751.7553 660.8146 94.8931 287.4117 176.943 205.8165 320.7489 1077.4306 228.1838 454.7842 272.5947 103.9478 366.8223 192.2033 275.2061 1088.6538;
	3.7181 50.2398 92.8831 117.7759 14.0852 33.2034 31.4819 12.9214 26.7328 20.1791 37.3007 55.6453 83.7736 64.56 165.5974 62.3879 77.4072 82.0285 87.3058 68.3657 10.494 77.4746 49.6864 82.1284 101.1681 61.9423 12.5016 1258.3725 744.885 744.885 604.8252 98.9338 291.0192 175.9735 202.4044 317.8176 1132.6822 225.2995 449.6619 270.9859 112.551 368.3364 202.4005 277.4873 1144.481;
