function solarprofile = ex_solar_profilesh1
%EX_WIND_PROFILE_D  Example wind_load_nyiso profile data for deterministic unit commitment.
% 2022.03.12
% Andres F. Ramirez


%% define constants
[GEN_BUS, PG, QG, QMAX, QMIN, VG, MBASE, GEN_STATUS, PMAX, PMIN, ...
    MU_PMAX, MU_PMIN, MU_QMAX, MU_QMIN, PC1, PC2, QC1MIN, QC1MAX, ...
    QC2MIN, QC2MAX, RAMP_AGC, RAMP_10, RAMP_30, RAMP_Q, APF] = idx_gen;
[CT_LABEL, CT_PROB, CT_TABLE, CT_TBUS, CT_TGEN, CT_TBRCH, CT_TAREABUS, ...
    CT_TAREAGEN, CT_TAREABRCH, CT_ROW, CT_COL, CT_CHGTYPE, CT_REP, ...
    CT_REL, CT_ADD, CT_NEWVAL, CT_TLOAD, CT_TAREALOAD, CT_LOAD_ALL_PQ, ...
    CT_LOAD_FIX_PQ, CT_LOAD_DIS_PQ, CT_LOAD_ALL_P, CT_LOAD_FIX_P, ...
    CT_LOAD_DIS_P, CT_TGENCOST, CT_TAREAGENCOST, CT_MODCOST_F, ...
    CT_MODCOST_X] = idx_ct;

solarprofile = struct( ...
    'type', 'mpcData', ...
    'table', CT_TGEN, ...
    'rows', [1:12], ...
    'col', PMAX, ...
    'chgtype', 1, ...
    'values', [] );
solarprofile.values(:,1,:) = [
	0.0 0.0 0.0 0.0 0.0 0.0 0.0 0.0 0.0 0.0 0.0 0.0;
	0.0 0.0 0.0 0.0 0.0 0.0 0.0 0.0 0.0 0.0 0.0 0.0;
	0.0 0.0 0.0 0.0 0.0 0.0 0.0 0.0 0.0 0.0 0.0 0.0;
	0.0 0.0 0.0 0.0 0.0 0.0 0.0 0.0 0.0 0.0 0.0 0.0;
	0.0 0.0 0.0 0.0 0.0 0.0 0.0 0.0 0.0 0.0 0.0 0.0;
	0.0951 0.0972 0.1051 0.0 0.0 0.1251 0.0156 0.1784 0.0 0.0 0.0 0.0;
	3.8245 3.8194 2.5733 3.59 8.1164 222.0136 27.7517 54.7094 37.125 69.3548 32.8969 125.602;
	7.6836 6.0365 4.5639 7.1833 13.2824 211.3916 26.424 39.0286 131.7793 185.4097 88.7513 335.7781;
	11.011 8.5681 5.4743 9.5987 13.5541 202.8441 25.3555 27.9644 173.823 284.5294 132.2059 515.2844;
	21.8673 15.9583 13.1698 10.9827 11.8503 398.3587 49.7948 60.0536 261.0872 323.2061 140.2002 585.3282;
	22.9407 16.0537 13.2545 11.1561 10.8619 372.4178 46.5522 57.177 234.6915 294.2614 166.7768 532.9091;
	20.1682 16.0005 13.0535 11.1451 9.8637 327.5433 40.9429 55.3786 227.3973 278.1559 178.5377 503.742;
	21.8083 15.1161 12.9698 6.1991 4.2984 149.2312 18.6539 61.6603 239.0424 229.7576 165.2344 416.0924;
	20.3879 12.2944 11.8889 6.5159 3.9944 144.9678 18.121 64.1037 250.3486 211.4705 136.4923 382.9743;
	16.5691 9.2619 9.5137 5.8802 3.8139 113.5834 14.1979 63.4123 231.0462 166.8418 91.8599 302.1514;
	9.3058 5.3372 5.9699 6.4251 4.2666 15.057 1.8821 23.624 29.3558 34.9717 3.2045 63.334;
	0.9906 0.74 0.6325 1.4901 2.3699 32.1117 4.014 6.2962 20.4908 12.0035 4.9421 21.7385;
	0.0 0.0 0.0 0.0 0.0 0.0 0.0 0.0 0.0 0.0 0.0 0.0;
	0.0 0.0 0.0 0.0 0.0 0.0 0.0 0.0 0.0 0.0 0.0 0.0;
	0.0 0.0 0.0 0.0 0.0 0.0 0.0 0.0 0.0 0.0 0.0 0.0;
	0.0 0.0 0.0 0.0 0.0 0.0 0.0 0.0 0.0 0.0 0.0 0.0;
	0.0 0.0 0.0 0.0 0.0 0.0 0.0 0.0 0.0 0.0 0.0 0.0;
	0.0 0.0 0.0 0.0 0.0 0.0 0.0 0.0 0.0 0.0 0.0 0.0;
	0.0 0.0 0.0 0.0 0.0 0.0 0.0 0.0 0.0 0.0 0.0 0.0;
];
