function windprofile = ex_wind_profilesh1
%EX_WIND_PROFILE_D  Example wind_load_nyiso profile data for deterministic unit commitment.
% 2022.03.12
% Andres F. Ramirez


%% define constants
[GEN_BUS, PG, QG, QMAX, QMIN, VG, MBASE, GEN_STATUS, PMAX, PMIN, ...
    MU_PMAX, MU_PMIN, MU_QMAX, MU_QMIN, PC1, PC2, QC1MIN, QC1MAX, ...
    QC2MIN, QC2MAX, RAMP_AGC, RAMP_10, RAMP_30, RAMP_Q, APF] = idx_gen;
[CT_LABEL, CT_PROB, CT_TABLE, CT_TBUS, CT_TGEN, CT_TBRCH, CT_TAREABUS, ...
    CT_TAREAGEN, CT_TAREABRCH, CT_ROW, CT_COL, CT_CHGTYPE, CT_REP, ...
    CT_REL, CT_ADD, CT_NEWVAL, CT_TLOAD, CT_TAREALOAD, CT_LOAD_ALL_PQ, ...
    CT_LOAD_FIX_PQ, CT_LOAD_DIS_PQ, CT_LOAD_ALL_P, CT_LOAD_FIX_P, ...
    CT_LOAD_DIS_P, CT_TGENCOST, CT_TAREAGENCOST, CT_MODCOST_F, ...
    CT_MODCOST_X] = idx_ct;

windprofile = struct( ...
    'type', 'mpcData', ...
    'table', CT_TGEN, ...
    'rows', [1:45], ...
    'col', PMAX, ...
    'chgtype', 1, ...
    'values', [] );
windprofile.values(:,1,:) = [
	2.586 34.9421 72.9567 110.2258 13.9701 6.8981 12.8127 16.2735 26.3685 25.5995 47.3203 70.5926 106.2767 3.9678 20.8692 7.8623 9.7551 10.3375 16.078 27.8477 4.2709 16.0957 67.2055 82.6192 95.0505 68.0222 6.7751 645.2245 362.9717 362.9717 200.1084 37.7689 53.5934 71.6801 12.4396 154.8679 484.4826 55.3032 289.876 254.5995 13.9865 76.5234 111.9581 215.7605 489.5293;
	3.1651 42.7679 83.2922 108.1831 13.9716 13.7455 11.5366 15.1968 25.6932 25.9374 47.9449 71.5243 107.6795 3.955 10.6052 3.9954 4.9573 5.2533 13.905 14.8391 3.8455 32.0729 70.1903 82.5896 94.9865 70.4482 6.4024 646.5173 333.5687 333.5687 164.2079 32.674 46.3501 38.1959 12.3995 142.3227 449.5092 48.053 274.2114 254.4281 13.6372 152.4837 107.5376 208.9354 454.1916;
	3.1406 42.436 85.3054 106.25 14.4075 12.7583 10.5335 17.0739 24.4148 25.2173 46.6138 69.5387 104.6901 8.2319 11.9357 4.4967 5.5792 5.9123 19.8048 19.6358 3.5112 29.7694 70.9122 85.5857 97.6996 71.5227 8.5114 546.7654 290.9729 290.9729 141.8408 30.5949 66.0158 50.5426 25.8082 124.1484 378.4017 36.9564 219.2694 261.6954 16.518 141.5323 88.7882 207.4525 382.3434;
	2.9052 39.2554 88.5086 105.3199 14.5027 12.6413 11.3965 17.9751 25.959 24.6328 45.5334 67.9268 102.2635 11.4012 10.9345 4.1195 5.1113 5.4164 11.9332 19.876 3.7988 29.4964 69.3792 87.236 101.7287 75.9407 10.1231 454.0496 242.2743 242.2743 158.329 27.6005 39.7775 51.1609 35.7443 103.3704 289.0647 35.8611 180.1978 272.4875 4.8487 140.2345 78.8318 216.6881 292.0758;
	2.3816 32.1801 88.9101 110.2318 14.6819 15.2757 9.7502 18.4174 14.9127 22.4161 41.4358 61.8141 93.0608 14.0655 14.6682 5.5262 6.8565 7.2659 20.0197 20.5774 3.2501 35.6432 61.0502 87.9654 104.3462 76.1958 10.2504 364.6191 189.9028 189.9028 149.2754 25.2336 66.7323 52.9662 44.0973 81.0252 178.1002 35.2486 163.5294 279.4989 14.3959 169.458 85.1286 224.2879 179.9554;
	3.0228 40.8448 86.8629 109.8039 14.5538 22.7594 10.4966 17.6187 0.0 20.0327 37.0302 55.2418 83.1662 23.5091 14.6094 5.504 6.8291 7.2368 30.2475 21.059 3.4989 53.1053 61.287 84.7101 98.0806 73.0166 7.9893 286.5826 177.6248 177.6248 142.8213 23.47 100.825 54.2058 73.7042 75.7866 143.0029 34.6438 166.1168 262.7159 11.7786 252.478 89.2623 225.9756 144.4925;
	2.48 33.5096 87.112 111.3363 14.3928 24.3939 11.4593 17.3681 11.0334 27.1618 50.2081 74.9006 112.7624 36.8459 19.8207 7.4673 9.265 9.8182 35.7455 27.1226 3.8198 56.919 71.3301 86.7088 98.8663 72.6031 11.1677 251.1084 204.8946 204.8946 113.5829 14.7583 119.1515 69.8137 115.5169 87.4217 161.7598 27.0406 133.4262 264.8205 9.4291 270.6094 92.5121 234.7919 163.4448;
	1.7812 24.0685 66.6881 112.4805 14.7867 21.282 12.8511 17.7328 18.7202 28.1335 52.0044 77.5803 116.7967 41.535 28.3922 10.6966 13.2717 14.064 49.4183 50.2069 4.2837 49.6581 75.1047 87.11 98.9921 73.7022 12.4054 153.8419 175.8208 175.8208 109.4998 7.8683 164.7277 129.2327 130.2179 75.0169 111.0672 44.2599 168.1797 265.1573 7.3286 236.0888 93.3509 205.3516 112.2241;
	2.6818 36.2368 81.732 102.3598 14.1943 24.8709 10.8245 18.4153 20.1002 28.4595 52.607 78.4792 118.1501 42.8248 20.9306 7.8855 9.7838 10.3679 58.3594 51.4412 3.6082 58.032 75.7255 86.868 98.8936 74.7662 12.2569 156.939 143.2424 143.2424 100.888 5.3053 194.5314 132.4097 134.2615 61.1168 114.8117 32.1341 133.3617 264.8936 18.4395 275.9007 79.8648 220.6645 116.0077;
	1.8665 25.2208 77.8385 101.3237 11.401 14.6424 9.836 17.5387 24.8376 26.8313 49.5973 73.9894 111.3906 42.1543 0.1667 0.0628 0.0779 0.0826 64.4633 40.005 3.2787 34.1655 73.7158 80.7443 96.3343 74.2885 11.9397 273.0495 230.89 230.89 127.7956 7.9384 214.8777 102.9729 132.1596 98.5131 222.0839 27.8152 18.8219 258.0383 0.0172 162.4326 71.4217 197.8132 224.3973;
	1.5878 21.4547 72.652 98.5796 12.0912 28.0502 13.1415 17.5172 25.2776 25.1558 46.5001 69.3691 104.4347 48.342 0.0 0.0 0.0 0.0 55.441 24.6576 4.3805 65.4504 72.2124 82.2218 91.9349 75.7743 11.8545 386.8013 280.276 280.276 167.0935 9.0553 184.8033 63.4688 151.5588 119.5844 307.9586 26.6703 152.5464 246.2542 20.8102 311.1699 85.218 181.0259 311.1665;
	1.7423 23.5424 81.6535 86.4659 12.0624 31.9441 18.3917 17.5805 25.8675 27.2324 50.3387 75.0955 113.0559 50.6627 1.5313 0.5769 0.7158 0.7585 69.71 41.2714 6.1306 74.5362 73.9581 83.7542 95.6275 75.5606 12.0371 473.2649 353.436 353.436 275.7916 11.3438 232.3668 106.2327 158.8343 150.7994 420.2802 38.3968 179.4475 256.1452 49.0917 354.3664 102.4975 181.9146 424.6581;
	2.8874 39.0145 84.7239 83.7229 14.1052 32.6545 20.3637 14.7972 26.3158 28.0987 51.9401 77.4844 116.6523 52.7181 41.7487 15.7286 19.5151 20.6802 70.2822 56.0856 6.7879 76.1938 74.623 82.6297 95.019 72.5178 10.4451 574.5765 429.1468 429.1468 298.9492 14.8455 234.2741 144.3644 165.2784 183.1027 554.3699 50.6143 199.8212 254.515 8.2346 362.247 135.2357 205.697 560.1446;
	3.5918 48.5327 81.2673 104.3642 14.7099 32.6299 21.8571 14.8197 26.0734 29.0884 53.7695 80.2136 120.7611 52.8075 63.7526 24.0184 29.8006 31.5798 79.6605 50.8131 7.2857 76.1364 72.3395 81.5815 91.184 71.6716 8.488 744.5936 567.2352 567.2352 395.4989 18.9727 265.5349 130.793 165.5588 242.0203 694.7983 71.8207 270.3547 244.2428 4.5622 361.9742 143.9694 232.3119 702.0358;
	3.8022 51.3758 82.5938 108.2176 14.7078 34.5739 25.6662 16.1135 26.2955 23.4428 43.3337 64.6454 97.3233 61.8127 74.9717 28.2452 35.0449 37.1372 69.7525 37.1635 8.5554 80.6725 47.0731 84.7907 96.8144 72.1205 11.3411 907.032 648.9244 648.9244 474.565 24.5298 232.5085 95.659 193.791 276.8744 870.4534 99.0267 392.1671 259.3242 4.9397 383.5402 160.0599 223.9518 879.5206;
	3.7984 51.3243 86.2541 112.0316 15.0376 34.3982 29.158 16.2209 27.0257 20.2934 37.512 55.9605 84.2482 63.7797 126.0769 47.4987 58.9336 62.4521 87.2886 63.2093 9.7193 80.2624 46.3025 82.4311 95.4771 69.2729 11.8427 1039.892 745.4921 745.4921 664.6804 40.9412 290.9619 162.7009 199.958 318.0766 990.721 142.1144 367.5101 255.7422 5.0416 381.5904 169.5974 250.1844 1001.0411;
	3.8358 51.8302 86.8862 115.1458 15.1111 34.098 30.4199 17.4171 26.3912 20.544 37.9752 56.6516 85.2886 66.6726 160.3055 60.3942 74.9335 79.4072 87.4221 69.0227 10.14 79.562 35.2014 82.6742 96.9785 73.4475 12.2309 1045.7052 778.5191 778.5191 717.8136 71.5469 291.4071 177.6646 209.0275 332.1682 999.3359 189.4626 412.9951 259.7638 0.7598 378.2606 202.4955 264.9486 1009.7456;
	3.9233 53.0121 93.5492 120.1968 15.3997 35.1734 30.9106 18.2953 27.7365 18.4174 34.0443 50.7874 76.4602 64.4671 170.157 64.1057 79.5385 84.2871 87.6272 68.6636 10.3035 82.0713 36.977 85.1654 101.7711 74.5063 13.3325 1102.9565 766.0011 766.0011 697.3042 87.547 292.0906 176.7403 202.1132 326.8272 996.6698 210.63 456.8327 272.6012 108.9684 390.1904 203.1665 260.452 1007.0518;
	3.8668 52.2493 90.4497 120.9096 15.2946 35.0111 31.6219 13.9307 26.441 19.2444 35.573 53.0679 79.8934 61.2649 170.6615 64.2957 79.7743 84.537 84.7095 66.8115 10.5406 81.6927 50.3362 86.8274 103.2884 66.5502 12.8407 1198.3818 796.8896 796.8896 669.6464 101.2693 282.3648 171.9731 192.0738 340.0062 1054.4037 235.5503 459.9686 276.6653 114.1925 388.3903 208.1864 268.6959 1065.3871;
