function solarprofile = ex_solar_profilesh1
%EX_WIND_PROFILE_D  Example wind_load_nyiso profile data for deterministic unit commitment.
% 2022.03.12
% Andres F. Ramirez


%% define constants
[GEN_BUS, PG, QG, QMAX, QMIN, VG, MBASE, GEN_STATUS, PMAX, PMIN, ...
    MU_PMAX, MU_PMIN, MU_QMAX, MU_QMIN, PC1, PC2, QC1MIN, QC1MAX, ...
    QC2MIN, QC2MAX, RAMP_AGC, RAMP_10, RAMP_30, RAMP_Q, APF] = idx_gen;
[CT_LABEL, CT_PROB, CT_TABLE, CT_TBUS, CT_TGEN, CT_TBRCH, CT_TAREABUS, ...
    CT_TAREAGEN, CT_TAREABRCH, CT_ROW, CT_COL, CT_CHGTYPE, CT_REP, ...
    CT_REL, CT_ADD, CT_NEWVAL, CT_TLOAD, CT_TAREALOAD, CT_LOAD_ALL_PQ, ...
    CT_LOAD_FIX_PQ, CT_LOAD_DIS_PQ, CT_LOAD_ALL_P, CT_LOAD_FIX_P, ...
    CT_LOAD_DIS_P, CT_TGENCOST, CT_TAREAGENCOST, CT_MODCOST_F, ...
    CT_MODCOST_X] = idx_ct;

solarprofile = struct( ...
    'type', 'mpcData', ...
    'table', CT_TGEN, ...
    'rows', [1:12], ...
    'col', PMAX, ...
    'chgtype', 1, ...
    'values', [] );
solarprofile.values(:,1,:) = [
	0.0 0.0 0.0 0.0 0.0 0.0 0.0 0.0 0.0 0.0 0.0 0.0;
	0.0 0.0 0.0 0.0 0.0 0.0 0.0 0.0 0.0 0.0 0.0 0.0;
	0.0 0.0 0.0 0.0 0.0 0.0 0.0 0.0 0.0 0.0 0.0 0.0;
	0.0 0.0 0.0 0.0 0.0 0.0 0.0 0.0 0.0 0.0 0.0 0.0;
	0.0 0.0 0.0 0.0 0.0 0.0 0.0 0.0 0.0 0.0 0.0 0.0;
	0.0951 0.0972 0.1051 0.0 0.0 0.1251 0.0156 0.1784 0.0 0.0 0.0 0.0;
	1.1025 1.3082 2.408 2.2101 3.8196 19.0945 2.3868 3.487 39.7943 97.0505 38.7316 175.759;
	3.0866 3.1638 5.4236 2.9203 9.9197 7.4154 0.9269 0.8506 33.4727 185.4222 125.7796 335.8007;
	6.4552 5.8158 8.2659 2.289 11.5549 23.0563 2.882 2.0666 42.1571 241.451 151.8083 437.2692;
	20.8724 15.8201 13.4802 7.0441 10.101 397.1613 49.6452 45.4764 240.3222 253.5038 95.8961 459.0969;
	23.5213 16.1161 13.4472 9.9277 10.3359 410.204 51.2755 56.956 246.1841 279.4432 99.082 506.0734;
	24.1094 16.4337 13.659 10.6586 10.738 414.0662 51.7583 58.1026 249.3403 285.2434 150.6269 516.5775;
	24.6766 17.0966 14.0846 5.7933 6.4283 398.3406 49.7926 46.626 240.6247 253.1518 168.3435 458.4595;
	21.3312 16.8633 14.0692 5.377 5.615 399.0997 49.8875 45.0403 238.8643 242.9763 157.0594 440.0315;
	15.2956 15.8032 12.7945 3.7198 4.2319 389.5061 48.6883 41.9644 229.821 217.7608 119.7902 394.3661;
	7.621 6.789 5.841 1.0203 2.3103 211.8164 26.4771 13.3906 80.6545 56.0384 17.3238 101.4859;
	1.1127 1.0002 0.7358 0.6387 1.5004 53.3793 6.6724 7.3641 28.645 15.0076 9.3064 27.1788;
	0.0 0.0 0.0 0.0 0.0 0.0 0.0 0.0 0.0 0.0 0.0 0.0;
	0.0 0.0 0.0 0.0 0.0 0.0 0.0 0.0 0.0 0.0 0.0 0.0;
	0.0 0.0 0.0 0.0 0.0 0.0 0.0 0.0 0.0 0.0 0.0 0.0;
	0.0 0.0 0.0 0.0 0.0 0.0 0.0 0.0 0.0 0.0 0.0 0.0;
	0.0 0.0 0.0 0.0 0.0 0.0 0.0 0.0 0.0 0.0 0.0 0.0;
	0.0 0.0 0.0 0.0 0.0 0.0 0.0 0.0 0.0 0.0 0.0 0.0;
	0.0 0.0 0.0 0.0 0.0 0.0 0.0 0.0 0.0 0.0 0.0 0.0;
];
