function loadprofile = ex_load_profilesh1
%EX_LOAD_PROFILE  Example load profile data file for stochastic unit commitment.
% 2022.03.12
% Andres F. Ramirez

%% define constants
[CT_LABEL, CT_PROB, CT_TABLE, CT_TBUS, CT_TGEN, CT_TBRCH, CT_TAREABUS, ...
    CT_TAREAGEN, CT_TAREABRCH, CT_ROW, CT_COL, CT_CHGTYPE, CT_REP, ...
    CT_REL, CT_ADD, CT_NEWVAL, CT_TLOAD, CT_TAREALOAD, CT_LOAD_ALL_PQ, ...
    CT_LOAD_FIX_PQ, CT_LOAD_DIS_PQ, CT_LOAD_ALL_P, CT_LOAD_FIX_P, ...
    CT_LOAD_DIS_P, CT_TGENCOST, CT_TAREAGENCOST, CT_MODCOST_F, ...
    CT_MODCOST_X] = idx_ct;

loadprofile = struct( ...
    'type', 'mpcData', ...
    'table', CT_TAREALOAD, ...
    'rows', [1:11], ...
    'col', CT_LOAD_ALL_P, ...
    'chgtype', 1, ...
    'values', [] );
loadprofile.values(:,1,:) = [
	1453.1 916.0 1596.3343 578.3 771.8 1161.5638 864.2991 245.1 497.1611 4463.7224 1673.0391;
	1475.1511 913.329 1619.6274 575.3 763.4244 1163.3797 853.4949 241.6 479.4404 4390.6915 1660.8934;
	1477.1303 929.6062 1688.1427 575.0427 786.333 1179.4 861.4183 250.6 492.3928 4422.1 1681.4968;
	1549.8288 1005.4324 1751.8584 583.3817 825.3896 1245.6 908.6963 273.6237 519.9328 4649.2348 1792.6719;
	1684.7215 1127.8 1944.171 587.5843 932.6 1393.5187 996.8874 305.1 600.844 5218.3216 2039.0457;
	1793.6385 1212.4244 2019.0 595.0 964.4232 1461.561 1053.872 326.084 659.0865 5673.4629 2178.575;
	1856.2607 1235.1084 2024.8377 595.1335 984.3444 1459.0 1091.22 348.8902 687.3 5987.6796 2272.4205;
	1852.0781 1228.8 1993.1066 594.0893 964.6809 1419.146 1062.8311 353.0 693.997 6186.5193 2306.22;
	1898.4112 1242.2721 1981.382 588.0329 968.9 1406.4068 1050.8509 361.021 700.3 6141.3899 2310.8995;
	1921.2615 1254.0419 1917.2871 588.6 955.6618 1303.8553 1005.2204 343.5387 668.2 6035.9755 2245.6455;
	1908.0818 1237.5461 1919.1 574.798 961.4245 1324.625 1042.7028 359.6436 664.6442 6165.0455 2253.8464;
	1907.8568 1226.9874 1865.9 578.7372 905.2581 1296.0533 988.7136 359.0117 658.8713 6142.5767 2264.9934;
	1903.1158 1233.3164 1842.4366 580.2 914.6971 1301.3937 1017.8296 353.4562 662.3723 6176.2613 2280.2984;
	1789.2843 1201.9282 1795.9317 569.6174 881.7715 1318.8503 1041.2098 351.7 659.5134 6252.8708 2321.7218;
	1764.2 1170.4534 1825.5541 576.9488 858.7024 1317.0019 1021.129 329.9 656.4318 6177.94 2256.3565;
	1789.6372 1215.1335 1886.2 579.5368 932.7143 1370.4009 1075.6165 327.2214 665.8132 6123.6325 2326.6479;
	1790.7073 1199.7431 1831.9678 594.9788 917.2391 1400.2227 1104.6387 331.008 678.5268 6041.4443 2295.2005;
	1814.3905 1239.9 1871.4437 593.7763 947.064 1474.2666 1117.6916 328.3713 701.6 5995.7911 2433.5821;
	1813.0592 1218.3575 1874.263 597.6431 911.8855 1440.4416 1128.7756 329.5637 699.979 5952.2647 2402.8929;
	1746.18 1158.9286 1776.2221 588.0259 894.5888 1396.0048 1077.3122 315.6595 666.3622 5702.8566 2305.9378;
	1687.1999 1063.4 1678.6664 566.8 849.17 1302.0895 1023.6277 306.3 638.7 5538.8612 2165.3057;
	1568.9306 982.0659 1560.6132 556.5 780.9619 1178.884 910.8398 263.4519 585.8 5087.4546 1971.9587;
	1587.997 1002.0 1565.2228 547.6329 726.754 1125.7666 886.2164 237.9449 543.7952 4725.453 1851.0664;
	1571.6384 1016.4225 1585.475 544.6575 711.91 1098.5016 834.4109 219.0188 515.4976 4527.8736 1723.9599;
];
