function loadprofile = ex_load_profilesh1
%EX_LOAD_PROFILE  Example load profile data file for stochastic unit commitment.
% 2022.03.12
% Andres F. Ramirez

%% define constants
[CT_LABEL, CT_PROB, CT_TABLE, CT_TBUS, CT_TGEN, CT_TBRCH, CT_TAREABUS, ...
    CT_TAREAGEN, CT_TAREABRCH, CT_ROW, CT_COL, CT_CHGTYPE, CT_REP, ...
    CT_REL, CT_ADD, CT_NEWVAL, CT_TLOAD, CT_TAREALOAD, CT_LOAD_ALL_PQ, ...
    CT_LOAD_FIX_PQ, CT_LOAD_DIS_PQ, CT_LOAD_ALL_P, CT_LOAD_FIX_P, ...
    CT_LOAD_DIS_P, CT_TGENCOST, CT_TAREAGENCOST, CT_MODCOST_F, ...
    CT_MODCOST_X] = idx_ct;

loadprofile = struct( ...
    'type', 'mpcData', ...
    'table', CT_TAREALOAD, ...
    'rows', [1:11], ...
    'col', CT_LOAD_ALL_P, ...
    'chgtype', 1, ...
    'values', [] );
loadprofile.values(:,1,:) = [
	1446.7151 904.2214 1540.1525 583.8492 823.1857 1234.2973 997.9066 279.5945 549.9414 4985.7101 1803.8816;
	1455.001 916.8825 1550.3253 589.1863 812.1172 1243.7223 993.0446 296.925 559.3444 4944.7458 1804.4226;
	1459.579 936.8 1589.6 591.002 831.1 1243.3629 991.1412 275.0417 571.4539 4895.9249 1829.5621;
	1572.4371 1017.6988 1707.0664 585.6252 881.6227 1323.7817 985.0028 293.6447 587.0805 4942.6665 1869.9063;
	1730.5102 1154.6351 1899.6 592.7 999.8272 1447.5891 1100.6595 327.7 662.979 5485.3984 2138.1229;
	1813.5673 1234.1312 2009.9159 600.6187 1049.4151 1513.4725 1171.8195 333.0 712.2845 5986.1305 2268.8959;
	1830.3695 1222.6915 1974.95 599.3304 1009.8439 1491.24 1163.2026 325.2701 715.419 6181.3961 2311.2849;
	1878.9474 1248.349 1960.755 614.4897 1001.1798 1495.1346 1223.1341 326.8784 720.3942 6412.9452 2334.3677;
	1857.7783 1230.1957 1904.1871 614.8098 939.6052 1498.0 1218.6129 323.1078 738.0874 6397.9977 2253.6341;
	1836.5579 1201.9403 1884.8 597.7255 911.7231 1443.06 1205.1243 309.8 719.594 6299.6743 2128.3737;
	1837.6499 1199.5568 1873.9346 583.1 909.5945 1425.1117 1192.364 296.5744 736.9369 6366.2353 2093.7492;
	1833.5252 1189.0768 1904.5711 589.8775 917.4657 1443.1223 1245.6451 311.0 760.4741 6384.2141 2179.0909;
	1803.9 1188.471 1834.9293 588.3027 900.7444 1343.4694 1108.7272 299.8923 717.9836 6239.5146 2058.0766;
	1790.8189 1187.6217 1824.5113 563.2369 913.2544 1353.6565 1103.8697 313.1825 724.6547 6288.1782 2140.4422;
	1874.758 1223.3566 1892.3 578.1963 935.9141 1376.3676 1128.6773 325.4 750.8011 6388.8295 2212.2811;
	1823.962 1207.1052 1903.8062 581.8345 942.8665 1394.6759 1174.6026 335.9 700.973 6294.2594 2194.8;
	1781.5756 1223.4215 1924.1368 583.1083 988.3473 1454.2329 1223.8347 342.4399 702.3518 6229.8646 2275.4574;
	1752.0 1213.3971 1926.1478 589.1958 1007.9981 1513.212 1294.9621 374.2 742.7978 6223.2671 2418.4151;
	1713.0435 1203.3 1933.3665 585.4497 988.6789 1475.2444 1221.6064 370.2714 723.215 6006.7792 2361.9353;
	1677.0264 1140.5 1832.5384 567.8389 936.1766 1406.5956 1157.3152 355.4398 672.4464 5797.4207 2230.1;
	1584.9536 1068.7327 1744.2001 550.8544 853.5048 1333.1325 1078.8718 319.6 631.4 5449.3 2035.3264;
	1459.7823 978.2117 1641.5636 547.0 822.3 1234.8 1027.866 294.2552 595.7714 5187.7619 1918.7316;
	1426.8599 899.68 1552.6364 536.3 816.1 1239.0497 935.4215 277.0667 535.8804 5024.2512 1821.1;
	1422.7307 857.3048 1532.9705 527.2 770.5654 1192.5414 857.3301 245.0339 496.8 4599.5 1703.2208;
];
