function windprofile = ex_wind_profilesh1
%EX_WIND_PROFILE_D  Example wind_load_nyiso profile data for deterministic unit commitment.
% 2022.03.12
% Andres F. Ramirez


%% define constants
[GEN_BUS, PG, QG, QMAX, QMIN, VG, MBASE, GEN_STATUS, PMAX, PMIN, ...
    MU_PMAX, MU_PMIN, MU_QMAX, MU_QMIN, PC1, PC2, QC1MIN, QC1MAX, ...
    QC2MIN, QC2MAX, RAMP_AGC, RAMP_10, RAMP_30, RAMP_Q, APF] = idx_gen;
[CT_LABEL, CT_PROB, CT_TABLE, CT_TBUS, CT_TGEN, CT_TBRCH, CT_TAREABUS, ...
    CT_TAREAGEN, CT_TAREABRCH, CT_ROW, CT_COL, CT_CHGTYPE, CT_REP, ...
    CT_REL, CT_ADD, CT_NEWVAL, CT_TLOAD, CT_TAREALOAD, CT_LOAD_ALL_PQ, ...
    CT_LOAD_FIX_PQ, CT_LOAD_DIS_PQ, CT_LOAD_ALL_P, CT_LOAD_FIX_P, ...
    CT_LOAD_DIS_P, CT_TGENCOST, CT_TAREAGENCOST, CT_MODCOST_F, ...
    CT_MODCOST_X] = idx_ct;

windprofile = struct( ...
    'type', 'mpcData', ...
    'table', CT_TGEN, ...
    'rows', [1:45], ...
    'col', PMAX, ...
    'chgtype', 1, ...
    'values', [] );
windprofile.values(:,1,:) = [
	3.7242 50.3224 94.9666 120.6109 14.7724 17.1854 15.9997 18.8609 28.2161 24.032 44.4228 66.2701 99.7693 6.1422 18.2657 6.8815 8.5381 9.0479 14.1653 30.8718 5.3332 40.0992 58.9516 89.4048 103.9547 73.9932 8.6891 786.5813 392.4666 392.4666 208.3678 39.0176 47.2176 79.4641 19.2567 167.4524 557.5917 55.0579 331.1212 278.4501 19.531 190.6432 131.2426 225.7042 563.3999;
	3.6336 49.0981 95.0671 120.6306 14.8895 18.3561 15.1155 18.0559 28.1458 23.9388 44.2504 66.013 99.3821 6.3382 11.5965 4.3689 5.4207 5.7443 11.581 17.5007 5.0385 42.831 64.2715 89.5664 103.2713 73.588 7.5827 752.3797 370.7782 370.7782 168.6093 32.4411 38.6034 45.0469 19.871 158.1987 528.2385 51.5097 338.0381 276.6196 14.6128 203.6307 127.0037 222.8681 533.741;
	3.3948 45.8707 95.1646 119.0463 14.9686 15.8834 14.0832 18.4964 28.1967 23.7997 43.9935 65.6296 98.805 8.2447 15.8587 5.9747 7.413 7.8556 20.9158 28.5637 4.6944 37.0613 66.6201 87.7002 100.5819 75.6535 9.1047 648.8684 352.8696 352.8696 151.4582 32.1665 69.7194 73.523 25.8483 150.5577 434.6255 37.6828 275.0105 269.4157 33.1784 176.1999 100.8217 223.0098 439.1529;
	2.9242 39.513 93.0253 111.6202 13.9322 13.8958 12.2516 17.4386 26.2953 22.3015 41.224 61.498 92.585 9.081 10.4732 3.9457 4.8956 5.1879 9.2385 24.1986 4.0839 32.4235 68.55 83.4605 98.7063 74.8889 9.806 547.6886 262.0928 262.0928 150.4815 29.2342 30.7949 62.2874 28.4703 111.8263 339.4496 33.5146 190.5767 264.392 53.279 154.1508 88.4876 211.9615 342.9855;
	2.3622 31.9191 92.6417 112.5278 13.9428 15.5904 10.8523 18.2219 17.6549 21.6614 40.0408 59.7329 89.9276 12.4294 11.0626 4.1678 5.1711 5.4798 18.9734 25.259 3.6174 36.3777 59.3743 82.1329 98.5114 73.9866 10.2625 422.6798 202.2973 202.2973 134.0847 25.8621 63.2446 65.0168 38.968 86.3135 209.9078 32.752 186.6946 263.8698 14.6406 172.9498 97.4264 225.322 212.0944;
	3.1165 42.1105 93.1204 116.8995 14.2312 23.8168 13.2754 18.3131 11.8347 19.565 36.1657 53.9521 81.2245 25.74 11.5988 4.3698 5.4218 5.7454 19.6273 29.1817 4.4251 55.5726 60.5071 84.534 102.9452 73.492 8.6316 364.706 209.2476 209.2476 136.8785 26.583 65.4244 75.1138 80.6984 89.279 191.4635 34.8818 230.5424 275.7462 14.3964 264.2081 101.5788 230.0715 193.4579;
	2.7392 37.0123 93.0006 116.5819 14.2615 25.115 17.2526 17.6442 14.8984 27.1864 50.2536 74.9685 112.8646 42.6063 25.5352 9.6203 11.9362 12.6489 34.8531 38.2751 5.7509 58.6017 70.74 86.1377 103.6484 73.887 11.8009 312.304 228.3226 228.3226 104.9927 16.6776 116.177 98.5203 133.5764 97.4176 203.7232 25.0045 242.7862 277.6298 12.2653 278.6092 105.2423 241.8265 205.8453;
	1.965 26.5517 70.8077 113.9927 14.703 20.2878 14.9359 17.3785 20.201 27.9586 51.6811 77.098 116.0707 46.3653 31.3451 11.8091 14.652 15.5268 49.5854 60.6523 4.9786 47.3382 73.243 84.9462 100.2973 73.3946 13.0249 200.1269 194.7942 194.7942 120.6161 10.6194 165.2847 156.1191 145.3615 83.1122 163.9419 50.3256 192.1808 268.6536 9.5325 225.0591 100.7403 209.108 165.6496;
	2.8468 38.4671 83.7863 102.1451 14.4083 25.4976 16.213 17.0792 22.9136 29.5251 54.5767 81.4178 122.574 50.4568 21.6772 8.1668 10.1329 10.7378 61.1123 57.807 5.4043 59.4944 75.0789 82.5745 97.3528 71.6103 12.468 171.7452 148.8678 148.8678 109.7477 10.1126 203.7077 148.7953 158.189 63.5169 153.8418 49.4021 221.1898 260.7663 19.4902 282.8534 85.59 230.6714 155.4443;
	2.0709 27.9823 84.7442 108.1618 13.5694 15.0579 12.4317 16.8357 26.5038 30.747 56.8354 84.7872 127.6467 43.8046 32.5267 12.2543 15.2043 16.1121 68.8558 46.1317 4.1439 35.1352 75.4365 81.8838 96.4756 73.5357 11.9141 240.9292 219.8213 219.8213 104.1119 10.1226 229.5194 118.743 137.3335 93.7904 217.4276 22.1371 151.9694 258.4168 0.0112 167.0428 86.7654 204.486 219.6925;
	1.6296 22.0192 77.6637 98.8078 12.6346 26.2255 14.4347 16.129 26.958 29.7889 55.0644 82.1453 123.6692 47.9251 35.7767 13.4787 16.7235 17.7219 62.0121 36.859 4.8116 61.1928 74.7071 85.0064 92.4913 73.3808 11.818 345.78 274.3824 274.3824 150.1582 13.4286 206.707 94.8752 150.2515 117.0698 305.3798 22.5011 179.1421 247.7445 0.2482 290.9283 99.4734 181.6238 308.5608;
	1.4322 19.3523 77.9101 82.5513 11.3562 26.6839 19.6192 16.5789 26.419 28.7122 53.0741 79.1761 119.1991 45.6884 34.2169 12.891 15.9944 16.9493 67.1686 50.4398 6.5397 62.2624 74.711 82.9953 90.7125 71.2582 11.9866 416.7914 328.5118 328.5118 256.4113 15.4906 223.8952 129.8322 143.2394 140.165 378.626 40.6396 196.006 242.9799 0.0 296.0131 103.6396 172.3436 382.57;
	2.7013 36.5003 85.8797 77.4793 13.3421 24.733 21.2905 16.5084 27.5508 30.1895 55.8048 83.2498 125.3321 52.9667 44.9442 16.9325 21.0088 22.2631 74.9265 63.8627 7.0968 57.7103 75.7388 84.2133 96.1799 69.8903 11.1056 528.0706 413.812 413.812 290.3267 22.078 249.7551 164.3828 166.0578 176.5598 530.6497 51.2668 227.3047 257.6247 0.0 274.3714 127.2388 212.7375 536.1773;
	3.4062 46.0249 81.5753 97.7242 13.9549 25.09 22.8801 14.6463 26.3555 29.4497 54.4374 81.2098 122.261 52.3599 65.7869 24.7848 30.7516 32.5875 74.566 57.3482 7.6267 58.5432 65.4054 80.4263 87.8715 67.1841 10.5415 761.5162 561.8063 561.8063 368.9813 29.5955 248.5533 147.6145 164.1555 239.704 708.4822 76.4303 283.0672 235.3702 0.2341 278.3312 134.8469 253.7669 715.8622;
	3.7142 50.1871 86.5211 107.7104 14.4637 32.0168 29.2741 17.1152 28.2229 25.8357 47.7569 71.2438 107.2572 64.2499 96.9395 36.5214 45.3136 48.0189 76.4173 58.2625 9.758 74.7058 46.5831 81.5358 90.5305 69.8471 12.4206 1010.666 658.9597 658.9597 475.362 39.0569 254.7244 149.9679 201.432 281.1561 965.5057 115.4817 442.9333 242.4923 5.6982 355.1727 159.9113 250.9721 975.563;
	3.5743 48.2962 87.4113 106.2399 14.5068 32.727 29.7045 16.2 27.9592 20.5612 38.0071 56.6991 85.3602 64.9763 134.9283 50.8335 63.0712 66.8366 83.9019 65.5669 9.9015 76.3629 45.3898 80.0007 91.6346 67.9032 12.1391 1061.3062 697.9314 697.9314 595.6715 49.211 279.6732 168.7694 203.7095 297.7841 981.3467 160.8334 398.5064 245.4499 8.1317 363.0512 170.2191 252.9405 991.569;
	3.6664 49.5408 89.9924 112.2929 14.8831 33.5134 31.5769 18.0004 28.0127 20.5758 38.034 56.7392 85.4206 64.8637 169.0804 63.7001 79.0353 83.7538 84.1917 71.3744 10.5256 78.1978 32.153 82.2841 96.693 73.4548 12.7193 1023.804 733.9027 733.9027 651.6787 81.5236 280.639 183.7178 203.3563 313.1318 974.0994 198.383 414.7037 258.9992 14.7057 371.7749 207.7472 277.7541 984.2463;
	3.5879 48.481 90.4096 111.0235 14.7449 32.9093 31.3014 17.6238 28.2853 17.8798 33.0505 49.3049 74.2282 63.8765 179.2205 67.5203 83.7752 88.7767 85.6105 70.1429 10.4338 76.7884 35.9113 82.5293 96.9856 70.2117 12.7913 1100.7516 724.2879 724.2879 647.9589 96.7764 285.3683 180.5481 200.2615 309.0295 1043.9877 232.9116 459.6737 259.7827 115.3858 365.0741 195.3509 265.6562 1054.8625;
	3.6182 48.8893 89.368 115.8167 14.7952 33.0354 31.4359 11.6882 27.7381 17.5772 32.4912 48.4705 72.972 61.4685 183.8178 69.2523 85.9242 91.054 85.44 69.4291 10.4786 77.0825 45.2305 82.6959 99.2266 56.2372 11.4875 1211.0204 730.5421 730.5421 633.765 103.2476 284.8001 178.7107 192.7119 311.698 1095.8686 249.1655 458.5047 265.7854 120.6967 366.4722 205.087 264.4509 1107.2839;
