function windprofile = ex_wind_profilesh1
%EX_WIND_PROFILE_D  Example wind_load_nyiso profile data for deterministic unit commitment.
% 2022.03.12
% Andres F. Ramirez


%% define constants
[GEN_BUS, PG, QG, QMAX, QMIN, VG, MBASE, GEN_STATUS, PMAX, PMIN, ...
    MU_PMAX, MU_PMIN, MU_QMAX, MU_QMIN, PC1, PC2, QC1MIN, QC1MAX, ...
    QC2MIN, QC2MAX, RAMP_AGC, RAMP_10, RAMP_30, RAMP_Q, APF] = idx_gen;
[CT_LABEL, CT_PROB, CT_TABLE, CT_TBUS, CT_TGEN, CT_TBRCH, CT_TAREABUS, ...
    CT_TAREAGEN, CT_TAREABRCH, CT_ROW, CT_COL, CT_CHGTYPE, CT_REP, ...
    CT_REL, CT_ADD, CT_NEWVAL, CT_TLOAD, CT_TAREALOAD, CT_LOAD_ALL_PQ, ...
    CT_LOAD_FIX_PQ, CT_LOAD_DIS_PQ, CT_LOAD_ALL_P, CT_LOAD_FIX_P, ...
    CT_LOAD_DIS_P, CT_TGENCOST, CT_TAREAGENCOST, CT_MODCOST_F, ...
    CT_MODCOST_X] = idx_ct;

windprofile = struct( ...
    'type', 'mpcData', ...
    'table', CT_TGEN, ...
    'rows', [1:45], ...
    'col', PMAX, ...
    'chgtype', 1, ...
    'values', [] );
windprofile.values(:,1,:) = [
	3.7706 50.9492 93.9665 120.0035 14.3948 17.8261 15.9039 18.3379 28.233 24.8222 45.8834 68.449 103.0496 5.7774 18.4817 6.9629 8.6391 9.1549 13.9282 26.952 5.3013 41.5941 60.2083 83.9212 97.3258 70.8407 9.2776 727.4337 413.8332 413.8332 218.5094 39.5281 46.4273 69.3745 18.1131 176.5688 553.6878 53.0869 334.7244 260.694 18.6543 197.7504 122.3683 240.2584 559.4554;
	3.8469 51.9803 95.0647 120.2239 14.9607 22.8818 15.4691 18.1755 28.1436 25.6682 47.4472 70.7819 106.5617 6.5407 5.2977 1.9959 2.4764 2.6242 11.8136 9.7703 5.1564 53.3908 65.8429 88.4549 102.141 73.2417 8.7028 738.7039 404.2718 404.2718 188.8584 35.5462 39.3788 25.1489 20.5059 172.4893 546.2851 52.4304 326.3109 273.5921 16.9768 253.835 127.4625 245.5338 551.9755;
	3.6215 48.9342 92.9604 114.9017 14.7303 15.8679 14.0287 18.3586 28.1109 24.0727 44.4981 66.3824 99.9384 7.7312 2.2365 0.8426 1.0454 1.1078 20.2891 12.5276 4.6762 37.0251 66.4755 86.1749 98.47 72.629 9.4924 619.3394 358.7297 358.7297 157.4434 33.4854 67.6303 32.246 24.2384 153.058 424.7681 37.0226 258.8723 263.7588 16.5377 176.0281 96.3953 217.9847 429.1927;
	3.3228 44.8986 93.9895 113.2372 14.8048 15.9217 12.6328 19.0258 28.279 25.1831 46.5505 69.4443 104.548 11.1941 5.8117 2.1895 2.7166 2.8788 11.7953 21.0523 4.2109 37.1507 71.0334 88.9274 105.0637 75.9084 11.3241 504.6863 272.07 272.07 159.4962 30.9515 39.3177 54.1885 35.0952 116.0832 319.3983 28.7308 201.5068 281.4205 31.6499 176.6249 85.1008 222.1842 322.7254;
	2.8187 38.0873 93.9966 116.5602 14.8602 19.0171 11.3873 18.7475 21.1367 23.1345 42.7638 63.7951 96.0432 15.5669 3.5206 1.3264 1.6457 1.7439 19.7319 15.7306 3.7958 44.3732 61.1711 87.9602 105.4877 74.6707 11.0941 381.9744 199.0959 199.0959 135.4793 26.7726 65.7729 40.4906 48.8045 84.9476 193.4109 27.5179 198.2679 282.5564 17.0501 210.9631 90.969 223.3117 195.4256;
	3.0406 41.0848 89.92 113.0533 14.2182 22.884 11.8156 18.3382 11.7952 20.6497 38.1707 56.9431 85.7275 27.3092 6.6938 2.5218 3.1289 3.3157 32.7357 24.0524 3.9385 53.3959 63.1923 86.5271 100.4454 71.654 9.2184 282.2673 174.2455 174.2455 108.4806 23.3407 109.119 61.9109 85.6181 74.3447 146.836 20.6404 188.8683 269.0501 12.9629 253.8596 85.443 213.5082 148.3656;
	2.5839 34.9148 91.1594 113.7949 14.2074 23.3635 12.8489 17.835 13.9744 26.6484 49.2592 73.4851 110.6314 41.9738 19.0927 7.193 8.9247 9.4575 38.1781 34.2137 4.283 54.5148 69.3354 84.7672 101.3731 71.2015 12.1061 253.326 215.7277 215.7277 99.172 17.5605 127.2605 88.066 131.5936 92.0438 175.3739 18.4233 162.1762 271.535 10.8766 259.1791 93.8795 224.8546 177.2007;
	1.7915 24.2065 73.557 116.0664 14.8603 19.7449 13.7357 18.0362 21.4094 28.2194 52.1631 77.8172 117.1533 42.9531 26.8042 10.0983 12.5294 13.2774 53.4113 55.5871 4.5786 46.0714 71.2341 86.1507 99.0827 72.2239 13.1399 139.8045 178.5327 178.5327 91.5953 11.7588 178.0377 143.0813 134.6639 76.1739 122.4007 21.104 196.3853 265.4002 7.4219 219.0368 91.5498 194.9542 123.6757;
	2.7107 36.6275 84.565 101.5697 14.8364 23.2309 14.9929 16.9073 23.3382 28.7767 53.1934 79.3541 119.4671 47.0524 22.1074 8.3288 10.3339 10.9509 68.5701 56.0818 4.9976 54.2053 73.6346 81.9743 95.4898 70.6721 12.1129 142.8181 154.6985 154.6985 85.4972 10.4128 228.567 144.3546 147.5156 66.0047 134.6157 19.2769 161.8562 255.7763 14.278 257.7077 78.3712 210.1139 136.018;
	1.9935 26.9368 82.9392 104.6421 14.0612 14.204 15.9251 16.8291 27.4781 30.04 55.5285 82.8376 124.7115 48.2388 18.8393 7.0976 8.8063 9.332 69.8509 45.4314 5.3084 33.1426 74.1624 79.8642 95.1367 70.8243 12.0567 258.3161 228.7803 228.7803 95.5181 9.1094 232.8364 116.9405 151.2351 97.6129 243.7439 21.4062 409.15 254.8304 7.0434 157.5694 76.8065 194.7488 246.2829;
	1.5878 21.454 77.7979 101.4371 13.1189 25.1218 15.8779 14.8716 27.5939 28.6709 52.9978 79.0623 119.0278 52.2365 31.7022 11.9436 14.8189 15.7036 64.2052 33.8668 5.2926 58.6176 70.6171 78.5009 86.1135 69.9227 10.4984 383.5657 292.7417 292.7417 150.1315 15.3251 214.0173 87.1733 163.7685 124.9031 347.0486 27.1739 178.2576 230.6612 0.7143 278.6849 89.8768 162.6796 350.6637;
	1.6775 22.6667 80.7113 84.0489 12.9733 30.2319 19.8857 16.1492 26.8159 28.4337 52.5593 78.4082 118.0431 51.2918 22.1862 8.3585 10.3708 10.9899 80.9267 45.605 6.6286 70.5412 69.1104 81.6786 91.4908 69.6007 11.4839 462.294 342.5566 342.5566 252.6817 19.272 269.7555 117.3875 160.8068 146.1575 443.6909 40.5963 194.038 245.0647 0.8048 335.3729 102.0364 167.0604 448.3127;
	2.8357 38.3163 86.8588 89.1174 14.8073 31.5789 21.1083 16.5487 27.3267 29.0909 53.7741 80.2204 120.7714 53.5786 43.2691 16.3014 20.2258 21.4333 84.3759 57.7227 7.0361 73.684 70.437 83.9368 96.4123 69.2541 10.9452 616.4462 405.8831 405.8831 279.122 24.2637 281.2529 148.5785 167.9761 173.1768 567.6837 49.7352 207.3404 258.2472 4.7184 350.3149 141.9783 190.0686 573.5971;
	3.472 46.9139 87.2364 107.5915 15.1465 30.715 21.391 17.4188 26.0792 29.3578 54.2675 80.9565 121.8795 56.1293 58.6517 22.0967 27.4162 29.053 85.8605 54.7722 7.1303 71.6684 67.561 86.9943 98.9339 71.7525 10.8516 760.8362 555.4796 555.4796 390.4524 30.431 286.2016 140.9837 175.9729 237.0046 711.1673 77.887 229.7963 265.0014 1.263 340.7321 144.7674 241.5021 718.5753;
	3.6597 49.4506 88.1085 111.6068 14.7484 32.8828 26.4462 16.7746 27.5329 27.1533 50.1924 74.8772 112.7272 63.9236 96.4633 36.342 45.091 47.783 86.4293 53.5862 8.8154 76.7265 48.2608 86.1072 96.2145 69.6585 11.7019 929.9761 642.0342 642.0342 506.0831 35.5824 288.0976 137.931 200.4091 273.9346 908.0174 108.0254 388.4479 257.7175 12.1718 364.7797 158.6979 237.0989 917.4759;
	3.7822 51.1052 93.2978 114.4033 15.0283 34.0525 27.8854 17.5391 27.8126 22.3831 41.3748 61.723 92.9237 64.3791 131.1348 49.4043 61.2979 64.9575 87.8435 68.4022 9.2951 79.4559 45.8258 89.5262 103.9998 71.9283 11.9233 967.2955 712.4862 712.4862 665.116 45.8723 292.8118 176.0674 201.837 303.9941 943.3061 151.4474 360.994 278.5708 39.5844 377.7558 174.5657 262.7261 953.1322;
	3.6281 49.0235 90.9709 112.9123 14.5803 33.4264 30.0374 18.1762 28.1597 21.4189 39.5926 59.0643 88.921 63.3693 155.579 58.6135 72.7242 77.0659 85.6675 70.8367 10.0125 77.995 32.1555 89.2617 102.3367 73.8954 12.2019 1010.8298 719.772 719.772 665.7183 73.3431 285.5584 182.3339 198.6714 307.1027 966.1071 186.7026 382.0535 274.1161 7.4329 370.8104 206.2661 274.3546 976.1707;
	3.706 50.0768 92.866 115.4671 14.4126 33.0624 28.0924 18.6457 27.1628 18.826 34.7995 51.914 78.1563 62.9531 168.1552 63.3515 78.6028 83.2955 89.0459 69.8381 9.3641 77.1455 37.187 88.1741 104.8449 72.2036 12.9763 1131.5372 690.9833 690.9833 692.1414 94.8612 296.8197 179.7634 197.3665 294.8195 1034.9896 219.7487 399.7997 280.8345 116.7046 366.7717 196.9469 253.4664 1045.7707;
	3.8563 52.1064 91.7893 117.5782 15.3565 33.2167 30.3558 14.5386 27.1327 20.946 38.7184 57.7603 86.9578 56.4779 187.5564 70.6608 87.6717 92.9059 90.657 71.317 10.1186 77.5057 53.262 85.6262 105.4972 64.486 12.579 1179.7554 716.9641 716.9641 639.4959 104.2449 302.1901 183.5701 177.0659 305.9047 1048.1401 217.8511 427.2959 282.5817 123.0307 368.4845 206.8586 267.9351 1059.0583;
