function loadprofile = ex_load_profilesh1
%EX_LOAD_PROFILE  Example load profile data file for stochastic unit commitment.
% 2022.03.12
% Andres F. Ramirez

%% define constants
[CT_LABEL, CT_PROB, CT_TABLE, CT_TBUS, CT_TGEN, CT_TBRCH, CT_TAREABUS, ...
    CT_TAREAGEN, CT_TAREABRCH, CT_ROW, CT_COL, CT_CHGTYPE, CT_REP, ...
    CT_REL, CT_ADD, CT_NEWVAL, CT_TLOAD, CT_TAREALOAD, CT_LOAD_ALL_PQ, ...
    CT_LOAD_FIX_PQ, CT_LOAD_DIS_PQ, CT_LOAD_ALL_P, CT_LOAD_FIX_P, ...
    CT_LOAD_DIS_P, CT_TGENCOST, CT_TAREAGENCOST, CT_MODCOST_F, ...
    CT_MODCOST_X] = idx_ct;

loadprofile = struct( ...
    'type', 'mpcData', ...
    'table', CT_TAREALOAD, ...
    'rows', [1:11], ...
    'col', CT_LOAD_ALL_P, ...
    'chgtype', 1, ...
    'values', [] );
loadprofile.values(:,1,:) = [
	1539.2555 923.3 1562.1 566.2 803.7844 1149.942 865.2 230.4611 481.1567 4493.2502 1650.9806;
	1532.5117 926.4555 1577.3395 563.6379 800.7627 1171.3 860.3 228.0854 473.1654 4435.9762 1608.1187;
	1522.439 935.3582 1602.3068 555.0109 810.548 1186.5599 861.4 231.5 488.0266 4459.9081 1621.7326;
	1555.7052 997.3 1672.5138 572.3 865.4704 1187.4897 875.8 248.5 498.053 4703.6088 1684.2407;
	1728.4954 1114.5533 1905.3773 585.945 1028.5469 1356.8492 996.6353 290.5334 594.2184 5196.7151 1862.1089;
	1816.4801 1199.2 2034.0759 587.5425 1081.8931 1428.7 1052.3 316.8181 648.3323 5773.9135 2010.5814;
	1863.079 1214.0676 2036.2652 566.8475 1089.4349 1417.9 1063.1077 324.6113 686.2879 6016.9052 2076.889;
	1906.0124 1244.5242 2042.5056 586.7287 1080.0472 1438.1 1101.4974 323.1434 692.859 6199.8397 2119.9129;
	1894.1596 1240.5593 2028.9 567.7 1043.7055 1435.7 1123.1038 330.2996 697.343 6400.3 2197.6516;
	1886.2909 1221.9177 1967.7014 546.0645 1027.9149 1343.2636 1083.9787 304.4275 683.2978 6322.8833 1998.5387;
	1844.0094 1199.8889 1955.2 561.2596 1001.6591 1338.4937 1025.6732 255.1405 667.1 6181.5688 1854.4477;
	1871.4256 1181.3 1911.2734 556.7 985.6858 1329.1997 1043.0633 269.7517 667.441 6316.1156 1928.9329;
	1857.0246 1198.5137 1909.6674 537.91 973.9 1328.1081 1059.3629 276.0233 665.1782 6320.339 1940.0673;
	1838.0949 1186.9714 1854.8317 533.4109 936.6163 1341.9 1043.3093 281.6294 645.1 6220.8933 1972.3643;
	1824.9092 1230.3215 1889.985 535.1666 981.6612 1397.4135 1073.3903 286.4178 657.312 6429.5 2063.4568;
	1805.4522 1180.4687 1890.6901 531.6562 1013.7621 1435.0944 1097.797 282.4777 654.6122 6306.9073 2085.1;
	1784.4403 1191.3009 1909.432 512.3381 1051.416 1460.7805 1103.5051 283.9 664.0878 6241.4245 2193.6195;
	1837.7128 1239.8 1948.021 519.9126 1064.1807 1497.9237 1142.1057 309.5062 717.2301 6250.6407 2286.85;
	1824.6763 1244.4 1988.8885 516.6455 1059.7257 1471.5408 1139.6659 313.5443 710.7 6446.4732 2347.1566;
	1812.3066 1195.2849 1909.7092 496.3084 997.7751 1399.5241 1076.7695 302.3 681.8194 6265.8704 2218.6856;
	1731.4797 1119.6611 1800.7543 487.9686 932.8531 1319.9 1036.1286 295.1138 631.5819 6231.6241 2137.5505;
	1591.5857 1007.5745 1624.1909 500.0231 855.5347 1202.4251 944.4 245.4157 565.9224 5652.8803 1916.0644;
	1545.2041 1002.0 1582.0702 509.657 829.0008 1151.2767 902.6 245.0 526.331 5125.7042 1790.6587;
	1488.7316 970.3917 1591.487 514.5436 808.5124 1130.1255 861.9233 234.0002 487.9625 4950.2501 1697.8135;
];
