function windprofile = ex_wind_profilesh1
%EX_WIND_PROFILE_D  Example wind_load_nyiso profile data for deterministic unit commitment.
% 2022.03.12
% Andres F. Ramirez


%% define constants
[GEN_BUS, PG, QG, QMAX, QMIN, VG, MBASE, GEN_STATUS, PMAX, PMIN, ...
    MU_PMAX, MU_PMIN, MU_QMAX, MU_QMIN, PC1, PC2, QC1MIN, QC1MAX, ...
    QC2MIN, QC2MAX, RAMP_AGC, RAMP_10, RAMP_30, RAMP_Q, APF] = idx_gen;
[CT_LABEL, CT_PROB, CT_TABLE, CT_TBUS, CT_TGEN, CT_TBRCH, CT_TAREABUS, ...
    CT_TAREAGEN, CT_TAREABRCH, CT_ROW, CT_COL, CT_CHGTYPE, CT_REP, ...
    CT_REL, CT_ADD, CT_NEWVAL, CT_TLOAD, CT_TAREALOAD, CT_LOAD_ALL_PQ, ...
    CT_LOAD_FIX_PQ, CT_LOAD_DIS_PQ, CT_LOAD_ALL_P, CT_LOAD_FIX_P, ...
    CT_LOAD_DIS_P, CT_TGENCOST, CT_TAREAGENCOST, CT_MODCOST_F, ...
    CT_MODCOST_X] = idx_ct;

windprofile = struct( ...
    'type', 'mpcData', ...
    'table', CT_TGEN, ...
    'rows', [1:45], ...
    'col', PMAX, ...
    'chgtype', 1, ...
    'values', [] );
windprofile.values(:,1,:) = [
	3.5389 47.8181 88.7787 114.6395 14.6272 12.7911 14.6428 16.557 27.0805 20.04 37.0437 55.2619 83.1965 0.0 11.8234 4.4544 5.5267 5.8567 12.2038 23.1361 4.8809 29.8459 57.6571 84.9418 98.5112 65.8945 7.7994 532.0843 348.4813 348.4813 203.774 35.0286 40.6793 59.5524 0.0 148.6854 459.8471 52.2046 284.4911 263.8694 7.7284 141.8961 112.4828 223.1061 464.6371;
	3.4353 46.4188 88.298 110.7051 14.3803 14.3597 14.1207 15.3515 26.3386 20.4246 37.7546 56.3225 84.7932 0.611 7.1251 2.6843 3.3306 3.5294 11.1053 15.8759 4.7069 33.5059 60.8826 85.1108 97.479 69.5354 7.0295 547.7665 328.0706 328.0706 167.1859 29.9066 37.0176 40.8645 1.9154 139.9768 471.7753 48.1662 290.5929 261.1044 7.5942 159.2967 101.7446 215.2204 476.6897;
	2.955 39.9279 86.627 108.6803 14.5581 11.5382 13.3259 17.0581 27.0123 14.8059 27.3684 40.8283 61.4668 2.4156 2.2395 0.8437 1.0468 1.1093 15.5577 16.7969 4.442 26.9225 53.1562 86.2718 97.1081 70.4417 8.1223 532.0873 331.8731 331.8731 154.732 32.4916 51.8589 43.2353 7.5733 141.5992 406.5333 36.0362 226.0489 260.111 4.9441 127.997 72.9601 200.2972 410.7681;
	2.7186 36.7343 87.1191 104.0606 14.3932 9.2023 12.7123 16.9974 26.2203 12.957 23.9507 35.7298 53.791 3.8865 0.0 0.0 0.0 0.0 8.314 19.5645 4.2374 21.472 52.2496 86.7781 98.6901 74.1546 9.8873 460.4796 264.6692 264.6692 167.2539 28.8585 27.7134 50.359 12.1846 112.9255 317.9687 31.6003 166.3188 264.3484 0.0895 102.084 66.7632 210.9265 321.2809;
	2.0087 27.1419 86.512 102.2439 13.9833 13.3866 13.6523 16.8104 18.0613 11.4153 21.101 31.4786 47.3908 11.3246 1.3272 0.5 0.6204 0.6574 15.918 22.7794 4.5508 31.2354 33.2238 83.5376 96.8789 72.8766 9.0411 316.9298 220.2072 220.2072 159.4946 27.4903 53.0599 58.6343 35.5041 93.9551 195.3997 33.5579 170.0715 259.497 5.3462 148.5019 77.538 212.4104 197.4351;
	2.7763 37.5141 88.6383 109.7224 13.8288 19.0672 12.7139 16.8236 11.8304 10.8438 20.0447 29.9027 45.0184 26.9732 9.3241 3.5128 4.3585 4.6187 31.4408 26.0675 4.238 44.4902 41.4473 85.4365 100.4343 71.919 7.691 170.3416 195.829 195.829 130.8874 24.9618 104.8026 67.0977 84.5647 83.5537 146.5645 28.2641 205.4599 269.0204 11.4859 211.5192 81.2398 219.9217 148.0912;
	2.1698 29.3185 85.4852 105.7717 12.994 19.4442 13.0021 16.4053 14.0166 24.2758 44.8734 66.9422 100.7812 37.8066 17.2919 6.5146 8.0829 8.5655 37.2331 33.6675 4.334 45.3697 63.4125 84.1691 101.1333 72.0081 10.8156 191.6389 206.4045 206.4045 99.7737 16.5336 124.1104 86.6602 118.5288 88.0659 157.7714 20.2461 159.4849 270.8927 8.9094 215.7007 83.2644 230.0562 159.4148;
	1.5704 21.219 62.903 107.5292 13.3567 15.9997 11.8921 15.0305 18.4118 25.8279 47.7424 71.2223 107.2248 41.2348 26.2929 9.9057 12.2904 13.0241 51.1194 53.1733 3.964 37.3325 69.1134 83.3338 99.0767 71.5553 11.0274 82.6388 174.3566 174.3566 83.9994 8.9119 170.3981 136.8681 129.2765 74.3922 105.1834 17.5753 155.9126 265.384 2.1806 177.4895 78.5333 213.4175 106.2791;
	2.5818 34.8852 74.7757 102.9441 13.4469 21.3518 9.1718 15.4193 19.1268 27.0508 50.003 74.5946 112.3018 46.4516 17.2815 6.5107 8.0781 8.5604 61.6375 48.4704 3.0573 49.8209 68.5918 83.3211 97.2747 69.8747 10.1846 42.9724 143.5674 143.5674 76.9106 6.838 205.4584 124.763 145.6321 61.2554 102.4758 16.3456 112.8375 260.5573 13.1812 236.8627 63.8244 225.7502 103.5433;
	1.423 19.2275 74.6837 104.5479 11.593 7.2214 8.3858 15.9108 24.8024 29.2503 54.0688 80.66 121.4331 42.6242 3.8081 1.4347 1.7801 1.8864 63.8314 43.9382 2.7953 16.85 71.9085 82.1373 95.7987 71.0618 11.2521 126.389 223.4091 223.4091 86.7807 7.6644 212.7714 113.0971 133.6325 95.3212 200.4331 17.0529 0.0 256.6036 0.0 80.1097 56.847 205.6546 202.5209;
	1.0043 13.5699 65.7557 99.4893 10.2421 22.939 12.4422 16.0016 24.9156 28.9508 53.5152 79.8341 120.1898 49.5178 41.6672 15.6979 19.477 20.6398 64.5228 38.3272 4.1474 53.5243 69.1679 83.1452 91.1111 69.3578 10.7929 278.6482 298.3263 298.3263 146.8465 12.5775 215.0759 98.6542 155.2449 127.2859 314.7252 20.0313 149.1771 244.0475 0.0 254.4699 77.6893 168.6571 318.0036;
	1.2268 16.5764 75.0182 92.2504 11.2905 25.3397 18.829 14.7858 25.9933 29.9345 55.3334 82.5465 124.2734 53.226 7.2446 2.7294 3.3864 3.5886 73.4919 48.3323 6.2763 59.1259 73.0216 83.2247 94.4341 68.9998 11.0076 419.4066 366.9753 366.9753 262.7853 18.3149 244.9729 124.4074 166.8706 156.5761 426.4099 35.3635 185.1444 252.9486 0.0 281.1013 98.3833 115.8262 430.8516;
	2.4499 33.1041 87.8298 97.9762 14.0175 27.8007 18.2187 15.9624 26.5698 28.9375 53.4905 79.7974 120.1345 58.5349 41.6931 15.7076 19.4891 20.6526 81.4461 60.7793 6.0729 64.8684 71.1484 89.0048 102.825 68.8403 11.0171 522.3745 418.167 418.167 288.0459 24.0421 271.4869 156.446 183.5149 178.4179 543.8853 46.6132 203.2659 275.424 0.0183 308.4027 130.1336 202.3989 549.5508;
	2.5471 34.4169 86.7066 108.2153 14.1316 25.475 19.7078 16.1544 26.2336 29.8003 55.0854 82.1766 123.7164 58.4667 67.3479 25.3729 31.4812 33.3607 85.6662 61.0604 6.5693 59.4417 66.6864 88.5774 99.9943 68.8357 11.0597 616.8293 546.7458 546.7458 362.7608 29.5389 285.5539 157.1696 183.301 233.2782 637.5981 67.1198 277.2371 267.8417 1.344 282.6029 124.9643 246.3984 644.2398;
	3.3986 45.922 88.491 110.4907 14.6207 30.4835 20.3686 16.7787 27.3942 26.5763 49.1259 73.2862 110.332 61.3001 87.7246 33.0497 41.0061 43.4543 81.5642 55.8395 6.7895 71.1282 48.0859 88.2452 98.8491 69.1435 12.2363 827.6368 562.6557 562.6557 444.0384 35.668 271.8806 143.7309 192.1841 240.0664 749.6187 95.2582 394.4244 264.7743 3.1179 338.1636 137.4364 244.2558 757.4272;
	3.571 48.2517 94.4743 115.4943 14.9296 32.9518 25.7535 17.7717 27.6143 22.0413 40.7429 60.7804 91.5046 65.2669 124.5906 46.9388 58.2389 61.7158 84.8117 60.9356 8.5845 76.8876 44.9832 89.8805 104.7284 71.3154 13.0363 979.7651 654.5645 654.5645 559.7348 42.7829 282.7056 156.8483 204.6206 279.2809 907.0517 140.7234 365.701 280.5224 15.232 365.5457 166.9499 269.7218 916.5001;
	3.6793 49.7157 93.8939 117.2544 14.5651 32.5288 28.2081 18.6198 28.2949 20.1687 37.2815 55.6166 83.7305 65.4163 168.1968 63.3672 78.6222 83.3161 90.0831 68.8712 9.4027 75.9006 30.7622 90.1454 106.3379 74.5775 13.0409 985.7968 717.8818 717.8818 651.5065 78.47 300.2771 177.2746 205.0889 306.2962 981.2354 198.6454 419.8321 284.8337 11.8634 360.853 205.2665 281.7395 991.4566;
	3.5847 48.4376 92.4766 113.7273 14.2784 31.8646 25.3445 18.1266 26.4265 17.7 32.7183 48.8092 73.482 61.5441 182.4716 68.7451 85.2949 90.3871 89.569 70.099 8.4482 74.3508 36.8408 88.7146 103.2491 72.2854 13.141 994.1689 684.5127 684.5127 645.5043 95.8413 298.5632 180.4351 192.9489 292.0587 955.9363 207.537 433.5157 276.5602 109.5937 353.485 198.928 264.3731 965.894;
	3.6841 49.7805 93.9195 118.7619 14.901 33.543 27.4824 14.5717 25.8796 20.8655 38.5695 57.5381 86.6233 61.6178 191.3091 72.0746 89.4259 94.7647 89.8057 71.1016 9.1608 78.2671 51.0867 90.028 105.4943 65.9602 13.5804 1123.5867 719.7563 719.7563 643.4321 104.4889 299.3524 183.0156 193.18 307.096 1064.2293 223.5447 435.1085 282.574 117.7402 372.104 208.5998 271.5015 1075.3151;
