function windprofile = ex_wind_profilesh1
%EX_WIND_PROFILE_D  Example wind_load_nyiso profile data for deterministic unit commitment.
% 2022.03.12
% Andres F. Ramirez


%% define constants
[GEN_BUS, PG, QG, QMAX, QMIN, VG, MBASE, GEN_STATUS, PMAX, PMIN, ...
    MU_PMAX, MU_PMIN, MU_QMAX, MU_QMIN, PC1, PC2, QC1MIN, QC1MAX, ...
    QC2MIN, QC2MAX, RAMP_AGC, RAMP_10, RAMP_30, RAMP_Q, APF] = idx_gen;
[CT_LABEL, CT_PROB, CT_TABLE, CT_TBUS, CT_TGEN, CT_TBRCH, CT_TAREABUS, ...
    CT_TAREAGEN, CT_TAREABRCH, CT_ROW, CT_COL, CT_CHGTYPE, CT_REP, ...
    CT_REL, CT_ADD, CT_NEWVAL, CT_TLOAD, CT_TAREALOAD, CT_LOAD_ALL_PQ, ...
    CT_LOAD_FIX_PQ, CT_LOAD_DIS_PQ, CT_LOAD_ALL_P, CT_LOAD_FIX_P, ...
    CT_LOAD_DIS_P, CT_TGENCOST, CT_TAREAGENCOST, CT_MODCOST_F, ...
    CT_MODCOST_X] = idx_ct;

windprofile = struct( ...
    'type', 'mpcData', ...
    'table', CT_TGEN, ...
    'rows', [1:45], ...
    'col', PMAX, ...
    'chgtype', 1, ...
    'values', [] );
windprofile.values(:,1,:) = [
	3.7702 50.944 90.3969 119.5747 15.2575 17.2491 16.0168 18.0064 27.0864 24.4422 45.1811 67.4013 101.4723 7.0939 23.5235 8.8623 10.9959 11.6523 15.0669 27.8306 5.3389 40.248 55.78 82.0216 100.264 70.0657 8.5002 706.6876 428.988 428.988 232.6696 39.5872 50.2228 71.6359 22.2402 183.0349 542.1923 60.8823 337.9479 268.5642 18.1543 191.3504 126.4048 228.1536 547.8401;
	3.642 49.2116 91.2243 118.7328 14.8392 18.0263 13.9296 17.7745 26.3655 23.5372 43.5082 64.9057 97.7151 7.2808 12.7762 4.8134 5.9721 6.3287 11.5685 15.1266 4.6432 42.0615 57.5454 82.1344 98.0345 70.8224 7.4254 692.1114 402.7795 402.7795 186.1317 37.9908 38.5615 38.9358 22.8263 171.8526 512.9799 56.3808 322.5998 262.5923 16.3624 199.9723 116.9582 220.8216 518.3235;
	3.2978 44.56 91.009 116.219 15.0992 14.9856 12.6219 18.3982 27.7501 22.4078 41.4204 61.7912 93.0263 8.1396 18.9483 7.1386 8.8572 9.386 20.6842 23.9236 4.2073 34.9663 59.8943 85.1402 97.4548 70.985 9.0027 615.4201 381.0419 381.0419 158.3445 37.5421 68.9474 61.5794 25.5187 162.5779 424.6801 41.895 250.5207 261.0395 81.9187 166.24 95.6597 205.904 429.1038;
	3.2618 44.0741 92.7902 116.3859 15.1394 14.7324 12.0718 18.3366 27.8788 23.5924 43.6102 65.0578 97.9441 10.7443 15.1289 5.6997 7.0719 7.4941 11.6217 23.4973 4.0239 34.3755 67.7246 84.0752 99.6746 73.5288 10.5513 494.4226 289.8196 289.8196 175.6886 31.8589 38.7391 60.4822 33.6848 123.6564 321.4854 35.9806 195.1114 266.9855 51.6531 163.4312 90.1956 209.5617 324.8342;
	2.4772 33.4728 91.2138 116.5681 15.1114 15.9329 10.8607 18.3826 18.9853 22.5745 41.7286 62.2508 93.7183 14.726 17.9563 6.7649 8.3935 8.8946 20.7426 25.6058 3.6202 37.1767 59.0345 84.7994 102.7652 72.8485 10.5262 345.9647 218.6468 218.6468 154.7202 28.2359 69.142 65.9093 46.1679 93.2893 181.2578 36.0845 177.072 275.264 18.352 176.7484 93.2075 215.4793 183.1459;
	3.0376 41.0444 92.192 118.9162 14.4364 22.3542 12.3009 18.2293 11.7233 21.0531 38.9164 58.0556 87.4024 30.7243 11.9266 4.4933 5.575 5.9078 33.217 24.5716 4.1003 52.1597 60.1407 85.4426 104.1798 70.8711 9.0391 286.8957 204.8302 204.8302 138.5547 26.2052 110.7235 63.2473 96.3248 87.3942 155.1316 34.6894 207.7898 279.0531 16.7664 247.9822 93.6817 228.349 156.7475;
	2.5387 34.3029 89.3675 111.9855 13.9379 23.7013 12.7919 16.4114 13.4318 27.8264 51.4367 76.7335 115.5218 45.816 18.6025 7.0084 8.6956 9.2147 38.1006 32.974 4.264 55.303 68.96 84.8451 100.1171 69.9273 11.2467 250.2636 221.3104 221.3104 113.7157 14.3191 127.0021 84.8751 143.6392 94.4258 174.2118 23.4556 180.0027 268.1709 12.1881 262.9262 90.0646 227.3376 176.0265;
	1.7319 23.4019 67.4063 113.5445 14.3275 19.1573 12.9962 16.9429 19.7327 29.3916 54.3299 81.0495 122.0196 47.8887 21.2412 8.0025 9.929 10.5218 50.8752 46.2414 4.3321 44.7003 71.1691 84.5064 98.7121 69.5311 12.4263 133.3349 178.3834 178.3834 101.3837 7.7865 169.5839 119.0255 150.1374 76.1102 120.0138 26.7626 192.4621 264.4075 10.421 212.5181 91.149 197.967 121.264;
	2.6667 36.033 82.5253 105.3185 14.4869 24.032 11.57 17.0922 22.0404 28.734 53.1143 79.2361 119.2895 49.7061 16.1386 6.0801 7.5439 7.9942 67.1109 47.3268 3.8567 56.0747 70.2153 83.1838 97.5003 66.6279 11.8875 65.4157 140.3381 140.3381 92.6354 6.08 223.7029 121.8192 155.8352 59.8776 98.0033 28.9021 156.3863 261.1614 21.6936 266.5949 80.3496 214.1128 99.0242;
	1.8703 25.2716 80.6834 105.5032 12.5134 14.9393 10.4461 17.3903 26.3911 29.3952 54.3365 81.0594 122.0344 49.0334 1.4285 0.5382 0.6677 0.7076 75.8853 41.944 3.482 34.8584 73.515 80.3351 96.7732 69.0235 12.3368 179.9055 230.6959 230.6959 108.4958 7.4341 252.951 107.9639 153.7265 98.4302 196.4483 21.3795 47.5648 259.214 23.324 165.727 76.8396 185.7627 198.4946;
	1.499 20.2548 67.9623 99.0215 11.2431 26.654 15.0308 15.6105 26.7946 29.2457 54.0602 80.6472 121.4139 53.6628 21.1244 7.9585 9.8744 10.4639 74.7508 35.3713 5.0103 62.1927 73.1352 72.5719 79.0432 63.6972 11.5939 319.8945 311.4737 311.4737 170.6918 12.6084 249.1693 91.0458 168.2402 132.8955 305.6143 31.0164 175.1147 211.723 3.1162 295.682 89.0928 162.7328 308.7977;
	1.4813 20.0154 79.9712 90.9199 11.0577 31.3906 19.4268 16.0201 26.6206 28.9795 53.5681 79.9131 120.3087 52.7519 2.7347 1.0303 1.2783 1.3546 79.2654 48.7554 6.4756 73.2448 72.8591 79.0937 86.5568 65.1537 12.0605 372.4986 360.0987 360.0987 270.2984 15.3278 264.218 125.4966 165.3845 153.6421 388.1055 43.3902 182.1508 231.8485 0.5139 348.2265 100.1977 165.0224 392.1482;
	2.3987 32.412 88.7631 91.332 13.6063 31.1165 20.7583 15.889 27.4121 29.0189 53.641 80.0219 120.4725 56.5502 40.6555 15.3167 19.0041 20.1386 79.4215 57.5885 6.9194 72.6052 73.9459 82.1974 95.9743 66.9906 11.129 438.6425 404.9417 404.9417 292.4998 20.7506 264.7382 148.2329 177.2925 172.7751 486.4085 52.7444 206.9157 257.074 0.2587 345.1859 127.6528 201.5452 491.4753;
	3.4266 46.3014 89.0221 106.9093 14.6655 31.9147 22.4003 17.4301 27.5891 30.237 55.8926 83.3808 125.5294 53.6545 48.341 18.2122 22.5966 23.9457 75.4472 54.5196 7.4668 74.4677 70.5155 86.0765 102.1316 70.5085 11.8916 714.7476 559.6755 559.6755 368.1515 24.2269 251.4906 140.3335 168.2141 238.7949 678.8623 70.2799 277.212 273.5668 7.5192 354.0409 130.5948 237.3174 685.9338;
	3.7124 50.1631 93.8589 111.1391 14.647 34.7517 28.0957 18.4132 28.3631 28.1718 52.0752 77.6859 116.9557 63.3403 83.979 31.6386 39.2553 41.5989 81.7447 53.3803 9.3652 81.0873 54.5145 86.4247 101.7734 71.2989 13.3915 957.4521 644.0963 644.0963 496.9405 32.6066 272.4824 137.401 198.5805 274.8144 942.6069 113.4094 438.0849 272.6073 12.1285 385.5123 157.3772 250.5349 952.4257;
	3.6592 49.4441 92.1609 111.4046 14.768 34.9447 28.4561 18.3421 28.3594 22.5954 41.7673 62.3085 93.8052 65.2019 127.5068 48.0374 59.602 63.1603 89.0709 61.5974 9.4854 81.5376 46.8163 85.3531 100.4158 70.2849 13.2307 1072.484 690.4138 690.4138 638.109 41.5714 296.9031 158.5518 204.4167 294.5766 998.8654 155.0283 393.444 268.9709 5.9416 387.6529 171.2595 261.3533 1009.2702;
	3.8125 51.5154 93.4308 119.8643 14.8832 34.9703 30.3763 18.9142 28.2649 21.4346 39.6216 59.1076 88.9861 66.8819 167.9852 63.2874 78.5233 83.2113 91.9479 66.9583 10.1254 81.5974 34.5258 88.818 105.8619 73.0051 13.7835 1077.9805 754.8115 754.8115 711.2662 76.4833 306.493 172.3509 209.6837 322.0529 1032.2541 212.4528 424.6176 283.5586 17.7489 387.9372 208.1183 280.0873 1043.0067;
	3.6399 49.1824 92.9633 116.3829 14.7471 34.5006 29.87 18.816 27.0693 20.0959 37.1469 55.4159 83.4283 65.5817 177.5633 66.8959 83.0005 87.9558 88.9957 68.2885 9.9567 80.5015 37.3679 88.0421 106.1401 73.0882 13.7935 1157.4438 752.9718 752.9718 709.9637 92.5354 296.6523 175.7747 205.6074 321.268 1102.4834 250.2912 443.2977 284.3039 113.9709 382.7271 193.6769 265.0415 1113.9676;
	3.6844 49.7845 89.8033 117.4784 14.8703 34.5343 31.1133 13.5827 26.6301 20.3669 37.6479 56.1632 84.5534 66.4017 192.7338 72.6113 90.0918 95.4705 92.2094 69.0719 10.3711 80.5801 49.6218 85.923 105.0373 56.6157 13.0359 1165.3107 780.6163 780.6163 723.6834 103.7114 307.3645 177.7912 208.1784 333.063 1115.3999 266.5472 437.857 281.3498 118.7025 383.101 207.1918 269.3773 1127.0186;
