function windprofile = ex_wind_profilesh1
%EX_WIND_PROFILE_D  Example wind_load_nyiso profile data for deterministic unit commitment.
% 2022.03.12
% Andres F. Ramirez


%% define constants
[GEN_BUS, PG, QG, QMAX, QMIN, VG, MBASE, GEN_STATUS, PMAX, PMIN, ...
    MU_PMAX, MU_PMIN, MU_QMAX, MU_QMIN, PC1, PC2, QC1MIN, QC1MAX, ...
    QC2MIN, QC2MAX, RAMP_AGC, RAMP_10, RAMP_30, RAMP_Q, APF] = idx_gen;
[CT_LABEL, CT_PROB, CT_TABLE, CT_TBUS, CT_TGEN, CT_TBRCH, CT_TAREABUS, ...
    CT_TAREAGEN, CT_TAREABRCH, CT_ROW, CT_COL, CT_CHGTYPE, CT_REP, ...
    CT_REL, CT_ADD, CT_NEWVAL, CT_TLOAD, CT_TAREALOAD, CT_LOAD_ALL_PQ, ...
    CT_LOAD_FIX_PQ, CT_LOAD_DIS_PQ, CT_LOAD_ALL_P, CT_LOAD_FIX_P, ...
    CT_LOAD_DIS_P, CT_TGENCOST, CT_TAREAGENCOST, CT_MODCOST_F, ...
    CT_MODCOST_X] = idx_ct;

windprofile = struct( ...
    'type', 'mpcData', ...
    'table', CT_TGEN, ...
    'rows', [1:45], ...
    'col', PMAX, ...
    'chgtype', 1, ...
    'values', [] );
windprofile.values(:,1,:) = [
	3.3646 45.4631 87.0911 117.701 13.8838 13.6552 12.2122 18.2322 25.8539 22.115 40.8792 60.9837 91.8107 7.7253 21.9828 8.2819 10.2757 10.8891 13.7184 30.5238 4.0707 31.8622 54.0491 83.8329 95.9284 74.6443 7.5125 686.1204 362.5694 362.5694 179.7678 37.0356 45.7281 78.5682 24.2199 154.6963 470.4863 47.5713 262.4384 256.951 14.3199 151.482 118.89 204.7812 475.3872;
	3.5282 47.6741 86.5682 111.938 13.6315 16.1398 12.3227 17.5629 24.9474 22.4885 41.5696 62.0137 93.3613 11.2941 15.3092 5.7676 7.1561 7.5834 12.097 17.9062 4.1076 37.6596 61.0924 83.3995 96.9269 74.026 6.6399 683.0675 369.0871 369.0871 160.0064 32.0593 40.3234 46.0905 35.4084 157.4771 468.3126 47.3434 292.5153 259.6255 12.6195 179.0446 115.5572 200.3198 473.1909;
	3.1371 42.3885 83.985 106.977 14.0121 13.2669 11.2942 17.8154 25.938 20.2929 37.5112 55.9593 84.2465 9.8276 15.0501 5.67 7.035 7.455 20.3734 24.1706 3.7647 30.9562 57.2686 82.3669 93.6765 73.3417 7.5388 607.8556 342.1792 342.1792 134.2372 31.3233 67.9113 62.2151 30.8108 145.9965 384.7864 33.7178 225.6226 250.9192 8.0238 147.1746 89.8332 186.0794 388.7945;
	2.7893 37.6899 86.9669 106.3355 14.0761 12.6754 12.1702 18.0457 26.3131 21.9657 40.6033 60.5721 91.191 13.2189 10.6254 4.003 4.9667 5.2633 11.4582 24.472 4.0567 29.5759 64.4814 84.1215 99.456 75.6636 9.7602 506.628 276.7519 276.7519 155.6543 28.4734 38.1942 62.9911 41.443 118.0808 295.33 32.3047 190.505 266.4 3.4303 140.6125 83.3433 198.904 298.4064;
	2.2509 30.414 89.8399 112.4355 14.4057 14.3478 10.0758 18.6423 18.5709 20.7566 38.3682 57.2378 86.1713 17.8071 17.1809 6.4728 8.0311 8.5106 20.4706 27.233 3.3586 33.4782 54.5923 84.8709 100.2486 75.3749 9.9626 382.5382 224.6516 224.6516 144.6197 28.7623 68.2353 70.0978 55.8275 95.8513 181.1069 33.1002 169.8793 268.5232 11.8301 159.165 83.8636 222.1443 182.9934;
	2.728 36.8607 90.8709 111.9662 14.1114 22.9186 10.8697 18.2432 10.5674 10.4291 19.278 28.759 43.2966 30.1892 14.6438 5.517 6.8451 7.2538 34.71 29.0116 3.6232 53.4767 39.7823 83.4681 98.2397 74.9165 8.6221 315.6269 207.9306 207.9306 128.262 25.3556 115.7 74.676 94.6472 88.717 159.6855 29.5791 191.8604 263.142 12.3304 254.2433 87.6745 213.8218 161.3489;
	2.5973 35.0955 90.2828 111.9683 14.2824 25.1931 11.7742 17.0817 13.3003 25.0495 46.3037 69.076 103.9935 42.7616 21.4191 8.0695 10.0122 10.6099 41.4429 35.4192 3.9247 58.7839 58.5448 82.3303 97.948 73.7163 11.022 299.6086 237.467 237.467 102.0667 16.7062 138.1429 91.1691 134.0635 101.3192 200.4644 22.9199 158.0175 262.3606 10.7495 279.4752 100.9148 238.6367 202.5526;
	1.7408 23.5223 73.2999 113.5639 14.569 20.4986 12.6252 17.7662 18.7976 26.9175 49.7567 74.2272 111.7486 46.3716 23.6713 8.918 11.0649 11.7255 54.9025 50.2534 4.2084 47.8301 64.4459 83.0849 98.5913 72.6393 12.7347 182.9779 191.2468 191.2468 88.1768 10.344 183.0084 129.3525 145.3811 81.5986 131.8692 25.9184 184.3734 264.0839 9.9466 227.3978 95.2016 212.554 133.2428;
	2.7914 37.7174 85.5838 107.8936 14.8458 25.9869 10.8276 18.277 20.248 28.1858 52.1011 77.7246 117.0139 48.4996 16.1211 6.0735 7.5357 7.9856 69.7342 53.5591 3.6092 60.6361 68.788 83.2039 102.3331 72.2625 13.1915 172.7162 157.9607 157.9607 91.5489 8.8412 232.4474 137.8613 152.0527 67.3966 151.2365 26.1876 153.4876 274.1065 21.0415 288.2813 85.1981 233.9807 152.8118;
	2.1064 28.4619 87.395 112.9008 13.8058 16.6537 10.7041 18.673 25.9412 27.5743 50.9707 76.0383 114.4752 49.9585 7.2447 2.7294 3.3865 3.5886 75.7339 46.3302 3.568 38.8587 59.0149 84.6379 104.1025 72.5466 13.0717 281.5564 250.5385 250.5385 120.8908 11.2004 252.4464 119.254 156.6266 106.8964 260.2517 25.6088 267.8631 278.8459 35.6264 184.7452 83.3407 209.5178 262.9626;
	1.7463 23.5958 80.8134 111.4662 12.8061 27.6338 15.2314 17.684 26.6901 28.7741 53.1885 79.3467 119.456 55.6698 16.1379 6.0799 7.5435 7.9939 70.6479 39.1168 5.0771 64.479 68.9561 86.4153 98.7548 71.0479 11.5386 441.2306 314.4672 314.4672 176.8347 16.8023 235.4928 100.6866 174.5324 134.1727 396.2402 31.3595 183.7837 264.5218 57.0137 306.5514 93.1544 168.5331 400.3677;
	1.7222 23.2702 83.8388 93.9412 12.2013 30.6149 19.9498 18.5283 26.1765 28.0771 51.9001 77.4247 116.5624 53.8492 0.3235 0.1219 0.1512 0.1602 75.3966 51.4978 6.6499 71.4347 68.8889 87.8224 99.0975 72.309 12.8473 522.1822 375.6298 375.6298 295.8526 21.9985 251.3218 132.5555 168.8245 160.2687 519.7483 46.1586 201.6165 265.4398 69.2566 339.621 105.469 158.4002 525.1624;
	3.057 41.3068 87.9551 94.6868 14.1869 31.9496 21.3684 18.3991 27.1048 29.2721 54.109 80.72 121.5236 61.4663 36.0842 13.5945 16.8673 17.8743 75.7079 62.1701 7.1228 74.549 72.0359 87.6965 102.5903 72.642 12.4762 701.2618 445.0855 445.0855 315.7609 28.291 252.3595 160.0259 192.705 189.9031 651.9224 60.0684 225.5203 274.7956 69.4747 354.4272 140.5732 196.0046 658.7132;
	3.5377 47.8014 81.2956 103.4584 14.614 30.2054 20.372 18.1121 25.9839 29.4106 54.365 81.1019 122.0985 56.3359 57.2248 21.5591 26.7493 28.3462 81.0683 55.01 6.7907 70.4792 67.1858 82.1089 95.3865 71.3913 12.2903 845.766 556.9975 556.9975 398.2543 32.6287 270.2278 141.5959 176.6207 237.6523 749.3551 80.4893 268.0457 255.4996 1.8735 335.0783 132.5911 210.8785 757.1609;
	3.6523 49.3502 84.822 104.8895 14.921 32.3223 24.504 17.3252 27.1449 25.8879 47.8534 71.3879 107.4741 59.167 90.2102 33.9862 42.168 44.6855 82.567 50.2864 8.168 75.4186 45.7695 84.2482 96.0239 69.4975 12.1389 1009.1572 632.9535 632.9535 501.45 35.9383 275.2233 129.4372 185.4964 270.0602 966.7397 114.4846 416.6129 257.207 0.3773 358.5618 155.131 194.7169 976.8099;
	3.5571 48.0638 86.2439 95.2888 14.1312 31.7492 25.7596 15.9568 26.5479 19.6948 36.4056 54.31 81.7634 59.6845 117.9357 44.4316 55.1281 58.4193 85.3521 61.4913 8.5865 74.0814 42.5633 75.5612 87.5995 56.1665 11.699 1055.3573 663.103 663.103 609.2332 44.1494 284.507 158.2788 187.1191 282.924 980.4274 144.5216 358.7992 234.6415 0.0 352.2041 162.1315 207.5129 990.6402;
	3.6434 49.2304 89.2195 110.6327 14.3652 32.6013 28.0479 17.3996 27.5367 20.8296 38.5032 57.4391 86.4743 64.2919 149.0346 56.1479 69.665 73.8241 88.9868 66.4408 9.3493 76.0697 32.5703 82.7243 97.8843 69.7534 12.4295 1077.7574 759.1552 759.1552 699.3704 78.4879 296.6226 171.0188 201.5637 323.9062 1041.9159 192.7253 401.4863 262.1901 0.2068 361.6569 200.5495 259.2533 1052.7692;
	3.6125 48.8127 89.784 109.7883 14.1384 31.709 27.5615 17.4748 26.8947 16.9164 31.2698 46.6483 70.2288 64.7475 164.8367 62.1013 77.0516 81.6517 87.377 68.0208 9.1872 73.9878 34.6625 83.591 99.1874 66.805 12.8035 1126.0198 774.2271 774.2271 736.2551 93.4588 291.2568 175.0857 202.9921 330.3369 1089.3261 228.7489 441.0158 265.6807 95.2255 351.7591 198.9966 243.2474 1100.6732;
	3.5796 48.3676 90.1947 114.8427 14.5155 32.1084 30.4251 12.0159 27.3996 19.3725 35.8098 53.4211 80.4252 65.839 183.7079 69.2109 85.8728 90.9995 87.5989 65.3441 10.1417 74.9197 50.1764 85.5526 101.5193 42.9233 11.9427 1228.1244 786.8862 786.8862 699.1163 108.7485 291.9962 168.1958 206.414 335.7381 1133.0556 247.1954 461.5901 271.9267 108.4884 356.1895 210.9879 247.6719 1144.8582;
