function windprofile = ex_wind_profilesh1
%EX_WIND_PROFILE_D  Example wind_load_nyiso profile data for deterministic unit commitment.
% 2022.03.12
% Andres F. Ramirez


%% define constants
[GEN_BUS, PG, QG, QMAX, QMIN, VG, MBASE, GEN_STATUS, PMAX, PMIN, ...
    MU_PMAX, MU_PMIN, MU_QMAX, MU_QMIN, PC1, PC2, QC1MIN, QC1MAX, ...
    QC2MIN, QC2MAX, RAMP_AGC, RAMP_10, RAMP_30, RAMP_Q, APF] = idx_gen;
[CT_LABEL, CT_PROB, CT_TABLE, CT_TBUS, CT_TGEN, CT_TBRCH, CT_TAREABUS, ...
    CT_TAREAGEN, CT_TAREABRCH, CT_ROW, CT_COL, CT_CHGTYPE, CT_REP, ...
    CT_REL, CT_ADD, CT_NEWVAL, CT_TLOAD, CT_TAREALOAD, CT_LOAD_ALL_PQ, ...
    CT_LOAD_FIX_PQ, CT_LOAD_DIS_PQ, CT_LOAD_ALL_P, CT_LOAD_FIX_P, ...
    CT_LOAD_DIS_P, CT_TGENCOST, CT_TAREAGENCOST, CT_MODCOST_F, ...
    CT_MODCOST_X] = idx_ct;

windprofile = struct( ...
    'type', 'mpcData', ...
    'table', CT_TGEN, ...
    'rows', [1:45], ...
    'col', PMAX, ...
    'chgtype', 1, ...
    'values', [] );
windprofile.values(:,1,:) = [
	3.58 48.3735 86.9545 111.0702 15.0456 15.2974 15.0155 18.1716 27.4334 24.2775 44.8765 66.9469 100.7882 7.043 1.5058 0.5673 0.7039 0.7459 10.262 22.1129 5.0052 35.694 58.6708 84.0365 99.0489 71.6352 7.9552 626.2651 400.3673 400.3673 222.9911 35.6853 34.2067 56.9188 22.0806 170.8234 498.6027 57.8833 307.8697 265.3095 11.1289 169.6996 121.8231 221.4025 503.7965;
	3.6084 48.7571 89.198 115.561 14.8151 16.559 15.136 17.5619 26.9148 25.2216 46.6217 69.5504 104.7077 6.79 6.611 2.4906 3.0902 3.2747 10.8742 11.8167 5.0453 38.6378 65.0789 87.2411 100.5271 72.5938 7.2977 620.8463 386.5199 386.5199 190.5759 31.3801 36.2474 30.4163 21.2876 164.9152 494.2996 56.6496 309.8669 269.269 11.1003 183.695 115.9323 216.8764 499.4485;
	3.3378 45.1009 88.9147 112.7624 14.7888 13.8404 12.9775 18.2692 27.8176 24.8688 45.9696 68.5775 103.2431 7.7507 11.3233 4.266 5.293 5.609 19.0662 22.3162 4.3258 32.2943 68.869 87.0776 99.2867 73.4539 8.3986 520.2623 344.0069 344.0069 154.7307 26.1117 63.5539 57.4421 24.2995 146.7763 386.0392 38.4698 236.6512 265.9466 36.7796 153.5365 94.1884 195.4686 390.0605;
	3.0185 40.7867 86.257 105.011 14.8856 11.5311 11.9019 17.3546 26.9011 24.8748 45.9807 68.5941 103.2681 9.7357 3.7299 1.4052 1.7435 1.8476 9.7695 17.4034 3.9673 26.9058 68.4459 82.4084 96.4896 73.9557 9.0614 380.7286 273.0509 273.0509 176.7575 25.7454 32.5651 44.7964 30.5227 116.5017 286.983 35.0435 174.9704 258.4542 3.9097 127.9178 82.1421 199.8137 289.9724;
	2.3113 31.2311 85.1976 106.2697 14.1808 11.3567 10.2118 17.1904 16.8005 21.6967 40.106 59.8303 90.0742 15.2918 6.9743 2.6275 3.2601 3.4547 18.7864 23.9554 3.4039 26.499 55.8312 82.0582 95.2238 73.4535 8.5147 312.0746 210.2955 210.2955 151.3485 26.5661 62.6212 61.6613 47.9417 89.7261 163.1075 34.0571 136.1888 255.0639 12.4572 125.9836 81.2071 212.2561 164.8065;
	2.9834 40.3122 87.8192 110.3691 14.1476 19.3286 11.7401 17.239 10.3604 19.7563 36.5191 54.4794 82.0184 31.6981 5.003 1.8848 2.3386 2.4782 31.7649 24.9937 3.9134 45.1002 56.0053 82.4239 92.9537 72.2432 6.7958 230.3947 194.6344 194.6344 139.0344 23.06 105.883 64.3338 99.3779 83.044 137.5863 34.5469 181.664 248.9832 11.375 214.4191 89.1221 210.7821 139.0195;
	2.6419 35.6984 89.4572 112.066 13.9378 21.5026 12.0199 17.2939 12.3785 26.0952 48.2365 71.9594 108.3345 45.8055 15.8147 5.9581 7.3925 7.8338 38.4178 31.5774 4.0066 50.1726 65.2434 85.2986 97.9393 74.8934 10.4383 239.39 221.8784 221.8784 111.6117 16.1053 128.0595 81.2802 143.6065 94.6681 160.6701 27.4364 133.9606 262.3374 10.3807 238.535 92.8804 237.9927 162.3438;
	1.8953 25.6092 70.3279 113.7662 14.7101 18.8643 12.0627 17.6463 18.8294 27.715 51.2307 76.4262 115.0592 46.4394 21.7273 8.1856 10.1563 10.7626 53.3665 45.3724 4.0209 44.0168 68.4701 84.1831 98.2046 71.3747 11.8515 148.059 176.0019 176.0019 93.8087 8.176 177.8885 116.7887 145.5938 75.0942 97.5014 18.5771 155.3519 263.048 7.1222 209.2685 91.8032 205.0056 98.5171;
	2.8339 38.2922 83.787 108.5322 14.3753 24.0662 10.2649 18.0665 20.2572 28.2061 52.1385 77.7804 117.0979 43.6509 14.5868 5.4955 6.8185 7.2256 61.6807 44.0635 3.4216 56.1546 63.0826 83.9855 98.1177 70.6555 11.2217 145.5008 137.7404 137.7404 85.5552 5.0939 205.6024 113.4195 136.8514 58.7692 97.8498 17.2359 109.9004 262.8154 16.5486 266.9749 73.1524 223.793 98.8691;
	1.8742 25.3252 76.7024 108.2477 11.9091 12.803 8.4173 17.4073 24.5993 28.9461 53.5063 79.8209 120.17 41.3132 1.5222 0.5735 0.7115 0.754 70.1026 41.9067 2.8058 29.8736 67.4343 81.7011 93.8353 69.9646 10.7971 253.9314 213.2914 213.2914 88.5226 6.7942 233.6752 107.868 129.5226 91.0043 178.1866 16.7341 0.0 251.3446 0.0817 142.0276 67.4126 194.8543 180.0427;
	1.5413 20.827 71.5914 104.6637 10.3375 23.6789 12.5795 17.4131 25.8862 28.9715 53.5535 79.8912 120.2758 46.6515 10.5004 3.956 4.9083 5.2013 65.77 35.4844 4.1932 55.2507 69.6893 82.8461 91.4622 71.3055 11.1107 369.9284 282.7691 282.7691 123.0858 12.7226 219.2333 91.3369 146.2589 120.6481 252.1966 24.4044 133.0021 244.9881 1.708 262.6778 85.8084 175.4552 254.8236;
	1.6644 22.4893 78.1855 93.2733 11.4017 27.715 18.5647 17.7929 26.4913 28.736 53.1181 79.2418 119.2981 49.8741 7.4561 2.8091 3.4853 3.6934 78.5572 47.1606 6.1882 64.6683 71.5502 83.618 95.9526 70.2577 11.3414 460.9558 361.2677 361.2677 212.2216 14.1156 261.8572 121.3916 156.362 154.1409 366.9447 36.7859 160.0636 257.0159 1.7664 307.4516 100.8651 170.7927 370.767;
	2.7109 36.6303 83.2323 88.4312 12.9138 27.0673 18.7478 16.7419 26.2076 28.8146 53.2634 79.4585 119.6243 51.9474 40.9627 15.4324 19.1477 20.2908 83.3401 62.146 6.2493 63.1569 73.1609 83.1826 101.074 68.7727 11.0092 584.7205 403.431 403.431 260.6325 21.3624 277.8003 159.964 162.8622 172.1306 470.543 47.7935 153.0068 270.734 0.0 300.266 123.2336 191.8426 475.4445;
	3.1513 42.5808 78.4855 98.5195 13.3791 28.9416 20.1997 16.5059 26.1154 28.8765 53.3778 79.6292 119.8813 54.6247 64.9815 24.4814 30.3751 32.1885 84.967 59.2463 6.7332 67.5305 69.7534 78.4869 92.0269 69.1734 10.9743 731.0682 552.8308 552.8308 343.3226 25.7949 283.2233 152.5001 171.2559 235.8745 614.1017 65.6384 226.3806 246.5007 0.0 321.0593 131.732 230.9642 620.4986;
	3.2113 43.3911 82.7412 99.0537 11.6932 31.0134 24.9033 15.8658 26.7173 26.2452 48.5138 72.3731 108.9573 64.8063 101.0518 38.0707 47.2358 50.0559 85.1964 60.6531 8.3011 72.3647 53.787 81.9311 93.5173 69.1735 11.5628 933.884 640.7436 640.7436 472.4784 34.0774 283.988 156.1213 203.1765 273.3839 861.6105 105.7364 390.6738 250.4929 1.612 344.0425 144.4742 219.5557 870.5856;
	2.1966 29.6814 85.337 104.6794 13.1071 31.8941 26.7277 17.1749 26.6063 20.8959 38.6257 57.6219 86.7495 65.432 139.3651 52.505 65.1451 69.0343 90.3376 69.391 8.9092 74.4196 48.7447 83.3378 97.0619 71.1078 11.9519 988.1805 656.1675 656.1675 572.0318 45.3626 301.1254 178.6126 205.1383 279.9648 877.1533 151.154 376.9284 259.9873 2.1687 353.8119 147.3097 245.5096 886.2903;
	2.9636 40.0448 87.7177 112.0565 13.9941 32.463 29.1807 18.2885 26.4753 18.8466 34.8376 51.9709 78.2419 66.5789 170.0571 64.068 79.4918 84.2376 90.4997 71.836 9.7269 75.7469 34.2297 87.5039 101.2613 73.2261 12.7302 964.9388 696.3346 696.3346 601.8391 75.765 301.6657 184.906 208.7338 297.1028 879.8322 192.4355 396.2502 271.2356 2.8274 360.1224 179.4514 272.2622 888.9971;
	3.3056 44.6657 89.7661 111.3856 14.1082 32.0109 28.4601 18.4555 26.2834 18.2079 33.6569 50.2095 75.5902 66.7949 181.9963 68.566 85.0727 90.1516 90.6383 72.2477 9.4867 74.692 40.5885 88.6555 103.426 72.5849 13.3773 985.9083 720.6049 720.6049 622.9799 87.1875 302.1277 185.9658 209.4112 307.4581 959.7193 216.6274 425.3609 277.0339 109.3472 355.1072 150.296 269.058 969.7164;
	3.5561 48.0502 87.4935 112.0341 14.0727 29.6372 29.4977 13.3867 25.7857 19.3662 35.7982 53.4039 80.3992 63.646 186.4049 70.227 87.1335 92.3354 89.7146 71.6787 9.8326 69.1536 50.7161 86.4243 103.1649 63.711 12.3205 1043.0846 731.1074 731.1074 612.9905 95.7425 299.0488 184.5012 199.5389 311.9391 992.4314 227.1551 414.4955 276.3346 113.6045 328.7757 175.197 271.6821 1002.7692;
