function solarprofile = ex_solar_profilesh1
%EX_WIND_PROFILE_D  Example wind_load_nyiso profile data for deterministic unit commitment.
% 2022.03.12
% Andres F. Ramirez


%% define constants
[GEN_BUS, PG, QG, QMAX, QMIN, VG, MBASE, GEN_STATUS, PMAX, PMIN, ...
    MU_PMAX, MU_PMIN, MU_QMAX, MU_QMIN, PC1, PC2, QC1MIN, QC1MAX, ...
    QC2MIN, QC2MAX, RAMP_AGC, RAMP_10, RAMP_30, RAMP_Q, APF] = idx_gen;
[CT_LABEL, CT_PROB, CT_TABLE, CT_TBUS, CT_TGEN, CT_TBRCH, CT_TAREABUS, ...
    CT_TAREAGEN, CT_TAREABRCH, CT_ROW, CT_COL, CT_CHGTYPE, CT_REP, ...
    CT_REL, CT_ADD, CT_NEWVAL, CT_TLOAD, CT_TAREALOAD, CT_LOAD_ALL_PQ, ...
    CT_LOAD_FIX_PQ, CT_LOAD_DIS_PQ, CT_LOAD_ALL_P, CT_LOAD_FIX_P, ...
    CT_LOAD_DIS_P, CT_TGENCOST, CT_TAREAGENCOST, CT_MODCOST_F, ...
    CT_MODCOST_X] = idx_ct;

solarprofile = struct( ...
    'type', 'mpcData', ...
    'table', CT_TGEN, ...
    'rows', [1:12], ...
    'col', PMAX, ...
    'chgtype', 1, ...
    'values', [] );
solarprofile.values(:,1,:) = [
	0.0 0.0 0.0 0.0 0.0 0.0 0.0 0.0 0.0 0.0 0.0 0.0;
	0.0 0.0 0.0 0.0 0.0 0.0 0.0 0.0 0.0 0.0 0.0 0.0;
	0.0 0.0 0.0 0.0 0.0 0.0 0.0 0.0 0.0 0.0 0.0 0.0;
	0.0 0.0 0.0 0.0 0.0 0.0 0.0 0.0 0.0 0.0 0.0 0.0;
	0.0 0.0 0.0 0.0 0.0 0.0 0.0 0.0 0.0 0.0 0.0 0.0;
	0.0951 0.0992 0.1068 0.0 0.0 0.1251 0.0156 0.1784 0.0 0.0 0.0 0.0;
	2.7139 2.8858 1.4084 4.309 7.6271 69.2362 8.6545 15.5629 106.5278 65.7236 106.8074 119.0259;
	7.7117 6.3519 4.3668 7.6117 11.0572 64.5042 8.063 12.8327 77.8332 155.6425 95.8875 281.8694;
	12.2436 8.9594 5.7108 9.6398 12.0395 70.4809 8.8101 15.454 72.706 204.8976 59.2976 371.0707;
	21.5124 14.7043 10.4406 10.7261 11.5205 364.9983 45.6248 62.7718 238.4167 153.7904 22.8607 278.5154;
	23.3912 15.9702 12.6468 11.1561 11.5343 370.2395 46.2799 60.8398 263.8261 158.2181 74.8396 286.534;
	23.6551 16.0751 13.2093 11.1712 10.9409 383.6614 47.9577 58.4825 278.9825 161.1011 152.9251 291.7551;
	24.1148 16.5824 13.6322 4.5241 2.7464 393.3375 49.1672 59.5646 244.1498 126.3666 154.1638 228.8507;
	20.402 15.0933 10.9643 3.7446 1.8458 388.7355 48.5919 62.565 220.9862 153.9866 127.916 278.8706;
	12.9984 9.0482 5.4942 2.9133 1.5328 355.1349 44.3919 61.8281 166.9139 139.4273 99.5813 252.5037;
	3.826 3.3497 1.8415 1.9705 2.2239 93.0144 11.6268 33.2026 21.2514 39.9473 23.1145 72.3447;
	1.0042 0.8339 0.733 0.7303 1.4129 40.3106 5.0388 7.3633 21.8153 13.6605 9.4648 24.7392;
	0.0 0.0 0.0 0.0 0.0 0.0 0.0 0.0 0.0 0.0 0.0 0.0;
	0.0 0.0 0.0 0.0 0.0 0.0 0.0 0.0 0.0 0.0 0.0 0.0;
	0.0 0.0 0.0 0.0 0.0 0.0 0.0 0.0 0.0 0.0 0.0 0.0;
	0.0 0.0 0.0 0.0 0.0 0.0 0.0 0.0 0.0 0.0 0.0 0.0;
	0.0 0.0 0.0 0.0 0.0 0.0 0.0 0.0 0.0 0.0 0.0 0.0;
	0.0 0.0 0.0 0.0 0.0 0.0 0.0 0.0 0.0 0.0 0.0 0.0;
	0.0 0.0 0.0 0.0 0.0 0.0 0.0 0.0 0.0 0.0 0.0 0.0;
];
