function loadprofile = ex_load_profilesh1
%EX_LOAD_PROFILE  Example load profile data file for stochastic unit commitment.
% 2022.03.12
% Andres F. Ramirez

%% define constants
[CT_LABEL, CT_PROB, CT_TABLE, CT_TBUS, CT_TGEN, CT_TBRCH, CT_TAREABUS, ...
    CT_TAREAGEN, CT_TAREABRCH, CT_ROW, CT_COL, CT_CHGTYPE, CT_REP, ...
    CT_REL, CT_ADD, CT_NEWVAL, CT_TLOAD, CT_TAREALOAD, CT_LOAD_ALL_PQ, ...
    CT_LOAD_FIX_PQ, CT_LOAD_DIS_PQ, CT_LOAD_ALL_P, CT_LOAD_FIX_P, ...
    CT_LOAD_DIS_P, CT_TGENCOST, CT_TAREAGENCOST, CT_MODCOST_F, ...
    CT_MODCOST_X] = idx_ct;

loadprofile = struct( ...
    'type', 'mpcData', ...
    'table', CT_TAREALOAD, ...
    'rows', [1:11], ...
    'col', CT_LOAD_ALL_P, ...
    'chgtype', 1, ...
    'values', [] );
loadprofile.values(:,1,:) = [
	1459.8691 859.0755 1439.3175 586.4998 693.5097 975.9686 773.6712 219.1635 465.0121 3979.5841 1667.8724;
	1452.795 864.7462 1429.0686 588.4941 703.2394 971.0186 780.4427 225.3 460.112 3868.199 1658.692;
	1478.0575 898.1 1477.5336 596.352 720.6071 993.7666 797.0164 220.7983 474.5936 3922.3012 1650.283;
	1540.1092 949.7559 1553.2826 608.3385 785.2879 1066.8388 861.2473 248.0 513.5097 4247.8957 1767.1554;
	1728.7053 1096.3655 1761.2978 620.2415 858.6912 1257.3165 980.6294 292.725 610.7 4985.1409 1996.3898;
	1855.7747 1181.2443 1861.5165 622.8078 940.2821 1348.6836 1048.5902 319.3654 682.059 5498.6973 2116.7386;
	1858.7806 1200.45 1936.1 609.1403 978.072 1398.7554 1087.2612 335.4485 705.4049 5963.7315 2179.7;
	1831.0516 1210.3133 1944.531 604.4 979.5199 1407.3164 1113.1291 330.2 716.8524 6177.3461 2207.1547;
	1837.4522 1218.1186 1948.0041 581.0778 965.5111 1415.8705 1120.2258 324.2 732.6085 6221.7437 2241.8221;
	1842.6031 1218.2814 1927.4678 563.759 932.5363 1377.23 1074.1197 301.8113 719.5 6064.8747 2062.3256;
	1793.6019 1189.1905 1885.1452 560.6058 941.5287 1302.6241 1018.9707 298.2141 692.4398 6037.6543 1918.8942;
	1805.0758 1183.7894 1857.7661 574.1817 945.2 1303.2891 1010.0397 310.1078 679.6 6011.2321 1957.6405;
	1807.3906 1173.2 1812.8276 568.7094 929.2419 1294.1457 1034.3277 313.0 676.6514 5994.3912 1984.7896;
	1770.7135 1156.5798 1810.1787 557.8 932.4111 1312.492 1029.9067 296.3 674.8 5947.4365 2009.0;
	1709.1049 1155.0781 1826.9744 552.0258 927.6289 1303.9635 1018.7049 298.6769 669.7226 6091.2027 2053.1902;
	1641.7762 1120.8245 1781.9554 557.2 931.7824 1298.3241 1010.7762 291.5228 660.6214 5765.3121 2035.0338;
	1674.5335 1131.0 1827.9642 563.5327 968.4602 1349.8732 1034.8308 302.8362 663.4725 5719.8129 2151.873;
	1711.9644 1162.3644 1895.2943 559.0495 983.9993 1373.484 1068.4018 299.8181 682.8767 5571.7736 2286.1485;
	1732.7482 1171.3 1912.3029 566.7 961.4412 1372.6315 1057.0024 302.0343 701.2948 5592.8229 2304.1829;
	1674.0815 1088.6 1850.5434 546.7791 899.9484 1315.0 1051.7 288.5621 669.7412 5507.7905 2235.9286;
	1598.3183 1000.3905 1719.6524 533.6 835.6797 1192.4149 951.8462 249.6131 604.37 5161.3967 2047.9217;
	1487.7696 939.4315 1638.1231 525.655 802.2317 1117.3986 889.5932 262.4 560.1 4939.0951 1923.2216;
	1478.9067 879.6501 1578.0956 507.0194 768.5711 1100.8704 859.2 235.3 541.944 4663.7866 1832.5244;
	1474.5315 869.058 1577.5445 534.3815 753.4448 1061.5783 843.7844 227.4011 538.0771 4517.5574 1788.0981;
];
