function windprofile = ex_wind_profilesh1
%EX_WIND_PROFILE_D  Example wind_load_nyiso profile data for deterministic unit commitment.
% 2022.03.12
% Andres F. Ramirez


%% define constants
[GEN_BUS, PG, QG, QMAX, QMIN, VG, MBASE, GEN_STATUS, PMAX, PMIN, ...
    MU_PMAX, MU_PMIN, MU_QMAX, MU_QMIN, PC1, PC2, QC1MIN, QC1MAX, ...
    QC2MIN, QC2MAX, RAMP_AGC, RAMP_10, RAMP_30, RAMP_Q, APF] = idx_gen;
[CT_LABEL, CT_PROB, CT_TABLE, CT_TBUS, CT_TGEN, CT_TBRCH, CT_TAREABUS, ...
    CT_TAREAGEN, CT_TAREABRCH, CT_ROW, CT_COL, CT_CHGTYPE, CT_REP, ...
    CT_REL, CT_ADD, CT_NEWVAL, CT_TLOAD, CT_TAREALOAD, CT_LOAD_ALL_PQ, ...
    CT_LOAD_FIX_PQ, CT_LOAD_DIS_PQ, CT_LOAD_ALL_P, CT_LOAD_FIX_P, ...
    CT_LOAD_DIS_P, CT_TGENCOST, CT_TAREAGENCOST, CT_MODCOST_F, ...
    CT_MODCOST_X] = idx_ct;

windprofile = struct( ...
    'type', 'mpcData', ...
    'table', CT_TGEN, ...
    'rows', [1:45], ...
    'col', PMAX, ...
    'chgtype', 1, ...
    'values', [] );
windprofile.values(:,1,:) = [
	3.6254 48.9875 88.5173 112.692 13.7484 15.0967 14.3091 16.3661 27.432 22.4843 41.5618 62.0021 93.3438 5.5407 18.0287 6.7922 8.4274 8.9305 10.4838 26.4714 4.7697 35.2257 57.4164 80.4059 95.3156 70.9037 6.804 699.8178 372.335 372.335 193.0911 32.5056 34.946 68.1375 17.371 158.8629 505.3754 51.6559 324.5552 255.3096 7.0079 167.4729 106.3512 190.6746 510.6398;
	3.5685 48.2188 86.5831 110.0211 13.0195 17.4726 13.2121 16.2847 26.3811 23.9665 44.3017 66.0894 99.4972 5.3555 6.2521 2.3554 2.9225 3.097 8.8876 13.1036 4.404 40.7693 55.2613 73.0963 87.3741 69.9204 6.2386 746.6494 355.5606 355.5606 164.3361 29.7645 29.6253 33.7288 16.7903 151.7059 489.4073 49.2357 305.811 234.0379 11.5395 193.829 102.2089 192.0362 494.5053;
	3.2168 43.4661 87.6895 107.2402 13.2996 13.1303 12.7812 17.011 27.0124 22.7005 41.9616 62.5985 94.2417 7.6073 4.678 1.7624 2.1867 2.3172 14.0272 18.7471 4.2604 30.6373 44.6587 79.7489 89.5445 71.1317 7.1698 659.1295 326.8 326.8 135.9286 30.5973 46.7572 48.2551 23.8499 139.4347 388.387 36.8679 244.1916 239.8515 6.13 145.6587 85.5608 178.528 392.4327;
	2.8725 38.8135 89.6594 104.5764 14.2504 13.2328 11.9007 17.0159 26.3855 21.4577 39.6642 59.1712 89.082 8.5497 0.0 0.0 0.0 0.0 6.9531 17.6357 3.9669 30.8766 51.9802 81.3175 94.8294 74.2607 8.2038 516.451 256.0855 256.0855 148.2271 26.3982 23.1769 45.3942 26.8046 109.2631 312.5414 33.6884 179.9765 254.0073 3.5625 146.7961 76.3173 199.5828 315.7971;
	2.2452 30.3372 88.4548 111.1399 14.1948 14.6925 9.787 17.8612 16.7798 20.1622 37.2695 55.5988 83.7036 7.7557 9.0574 3.4123 4.2338 4.4866 15.4755 23.7321 3.2623 34.2826 51.3665 82.271 98.135 74.0007 9.577 409.8522 180.7008 180.7008 127.6034 25.2232 51.5848 61.0864 24.3152 77.099 187.3948 31.2779 155.3269 262.8615 11.524 162.9892 83.2582 205.0832 189.3468;
	2.9932 40.4449 93.0728 115.2308 14.5635 22.1291 9.5826 18.0793 9.4226 17.5437 32.4293 48.3782 72.8331 9.3704 5.9587 2.2449 2.7854 2.9517 19.3835 22.82 3.1942 51.6345 50.1827 87.1947 102.0626 74.4811 8.2194 309.9771 158.4441 158.4441 116.652 22.0612 64.6118 58.7387 29.3774 67.6028 148.7953 27.9673 165.9958 273.3821 9.9692 245.4849 89.3822 213.0123 150.3453;
	2.5344 34.2459 87.6606 111.7135 14.0763 23.5387 10.2555 16.9397 11.4955 26.0262 48.109 71.7692 108.0481 21.0208 18.6613 7.0305 8.7231 9.2439 33.7094 32.7687 3.4185 54.9236 67.9397 84.8405 101.1161 72.3941 11.1124 265.8173 188.7526 188.7526 91.3483 14.3213 112.3647 84.3466 65.9032 80.5344 173.697 20.545 143.1156 270.8466 7.7358 261.1227 93.0565 214.1356 175.5063;
	1.6436 22.208 62.5918 110.9177 14.1257 18.6743 10.6115 17.4176 18.1606 27.1863 50.2534 74.9682 112.8642 32.5123 23.7838 8.9604 11.1175 11.7813 52.8072 51.5538 3.5372 43.5734 71.3397 85.0305 98.5193 70.7713 12.4217 147.8945 164.0016 164.0016 88.0115 7.3137 176.024 132.6996 101.9303 69.974 113.4556 18.8983 168.2129 263.891 2.3062 207.1604 85.6428 176.3142 114.6375;
	2.7217 36.7762 82.1449 106.1741 14.2191 24.2769 10.0436 17.5273 21.0661 26.2591 48.5395 72.4114 109.015 29.6035 20.2992 7.6476 9.4887 10.0552 63.1388 48.9141 3.3479 56.6461 69.251 84.4113 100.3532 72.291 12.1992 146.3011 150.2973 150.2973 99.3777 6.2773 210.4627 125.905 92.811 64.1268 127.6492 22.0424 142.0076 268.8032 6.5779 269.3116 80.8491 219.8007 128.9789;
	2.0648 27.9002 82.7428 110.2496 12.8993 14.1787 10.5096 17.1992 26.2253 26.247 48.5172 72.3781 108.9649 35.0941 0.0836 0.0315 0.0391 0.0414 70.4434 43.9937 3.5032 33.0837 65.0588 82.9044 99.1837 72.5457 11.9092 263.6322 242.9591 242.9591 131.715 7.3067 234.8113 113.2399 110.0248 103.6626 245.2644 22.3379 254.3343 265.6705 0.1458 157.2893 80.4623 204.1694 247.8192;
	1.6783 22.6778 74.9247 104.2191 12.0695 23.7168 13.7328 16.5343 26.4617 24.4212 45.1422 67.3434 101.385 38.0632 1.9207 0.7236 0.8978 0.9514 66.1399 33.9939 4.5776 55.3392 55.4928 84.4635 94.8639 70.259 11.7916 390.2467 299.9597 299.9597 181.6635 11.1478 220.4663 87.5003 119.3334 127.9828 328.3343 22.4953 182.8497 254.0997 0.1621 263.0986 97.0832 183.0889 331.7544;
	1.7553 23.7184 84.8174 95.0418 12.0111 29.0071 19.5404 17.6674 26.5169 25.8945 47.8657 71.4061 107.5015 30.3146 0.2845 0.1072 0.133 0.1409 77.677 46.7552 6.5135 67.6832 64.0527 84.7873 97.3035 69.8176 12.95 472.4423 345.9683 345.9683 285.5108 17.2367 258.9235 120.3481 95.0403 147.6131 425.4713 36.6516 197.8163 260.6343 0.0 321.7853 115.6677 188.5595 429.9032;
	2.9185 39.4353 86.2999 92.3641 13.9164 30.5953 21.9524 16.7369 27.41 28.0411 51.8335 77.3253 116.4129 48.637 31.1252 11.7262 14.5492 15.4178 75.9375 56.6383 7.3175 71.3889 67.5396 82.002 98.9534 68.5001 11.4468 640.5652 420.4435 420.4435 310.5591 24.3049 253.1251 145.7872 152.4835 179.3892 589.0004 50.0471 228.7029 265.0538 0.0 339.4034 145.3516 200.6681 595.1359;
	3.5299 47.6965 80.1385 103.5878 14.4177 30.1001 22.3811 14.7036 26.0595 27.4762 50.7893 75.7676 114.0677 41.466 41.1771 15.5132 19.2479 20.397 76.1814 45.3486 7.4604 70.2335 51.2124 77.7972 92.453 64.5679 10.929 793.6795 566.9829 566.9829 374.2466 30.148 253.9381 116.7275 130.0016 241.9127 710.5793 76.4659 281.3583 247.642 0.0 333.9102 149.3795 221.2961 717.9811;
	3.583 48.4138 80.9823 100.2148 14.1957 31.8951 25.7353 16.58 26.2117 22.0845 40.8229 60.8998 91.6843 55.5733 78.4326 29.549 36.6627 38.8515 74.0399 44.7803 8.5784 74.422 16.0372 75.917 94.0872 65.9736 12.5328 994.9177 637.9633 637.9633 465.4371 36.5842 246.7996 115.2646 174.2297 272.1977 904.9678 100.4141 360.57 252.0193 0.0 353.8234 157.7658 226.5639 914.3946;
	3.6509 49.332 86.884 109.5567 15.1199 33.5335 27.1458 17.4368 26.1014 10.2288 18.9077 28.2066 42.4649 54.3252 113.9306 42.9227 53.2559 56.4354 82.679 60.6296 9.0486 78.2448 15.3314 84.3356 98.5759 72.6751 12.6027 1048.5544 724.5489 724.5489 626.2606 43.338 275.5966 156.0608 170.317 309.1409 973.7979 142.3169 328.9662 264.0425 0.0 371.998 168.8207 255.6999 983.9416;
	3.7955 51.285 86.7098 111.0161 14.9083 33.9915 29.893 17.7599 27.3251 15.6349 28.9008 43.1144 64.9084 61.299 148.8324 56.0717 69.5705 73.7239 79.5758 68.2019 9.9643 79.3136 2.3812 85.1597 101.6311 73.7096 12.7748 1076.6656 777.7231 777.7231 699.2651 80.4854 265.2527 175.5519 192.1805 331.8285 1032.5223 199.3884 388.9444 272.2262 0.0 377.0794 203.4576 266.9336 1043.2777;
	3.7929 51.2507 90.9102 113.5199 15.0443 33.9487 28.1848 18.0074 26.5441 8.1392 15.0452 22.4444 33.7899 62.1477 166.6917 62.8001 77.9187 82.5705 79.2179 69.3943 9.3949 79.2137 13.9359 84.4385 103.5554 72.4699 13.0328 1063.6245 749.7945 749.7945 692.1108 93.6984 264.0595 178.6212 194.8413 319.9123 1035.8707 233.0665 418.7461 277.3806 93.5678 376.6045 199.6371 259.4827 1046.661;
	3.8218 51.6408 87.7201 113.925 14.2036 33.1635 29.9139 12.3278 26.0777 9.686 17.9044 26.7098 40.2114 61.6439 174.5846 65.7737 81.6082 86.4803 74.1392 67.0814 9.9713 77.3815 33.5696 78.7952 100.0288 57.68 12.4096 1168.9307 755.7405 755.7405 635.3379 107.3814 247.1307 172.6677 193.2619 322.4493 1080.3585 236.0394 440.252 267.9344 106.5358 367.8938 204.056 253.4983 1091.6122;
