function windprofile = ex_wind_profilesh1
%EX_WIND_PROFILE_D  Example wind_load_nyiso profile data for deterministic unit commitment.
% 2022.03.12
% Andres F. Ramirez


%% define constants
[GEN_BUS, PG, QG, QMAX, QMIN, VG, MBASE, GEN_STATUS, PMAX, PMIN, ...
    MU_PMAX, MU_PMIN, MU_QMAX, MU_QMIN, PC1, PC2, QC1MIN, QC1MAX, ...
    QC2MIN, QC2MAX, RAMP_AGC, RAMP_10, RAMP_30, RAMP_Q, APF] = idx_gen;
[CT_LABEL, CT_PROB, CT_TABLE, CT_TBUS, CT_TGEN, CT_TBRCH, CT_TAREABUS, ...
    CT_TAREAGEN, CT_TAREABRCH, CT_ROW, CT_COL, CT_CHGTYPE, CT_REP, ...
    CT_REL, CT_ADD, CT_NEWVAL, CT_TLOAD, CT_TAREALOAD, CT_LOAD_ALL_PQ, ...
    CT_LOAD_FIX_PQ, CT_LOAD_DIS_PQ, CT_LOAD_ALL_P, CT_LOAD_FIX_P, ...
    CT_LOAD_DIS_P, CT_TGENCOST, CT_TAREAGENCOST, CT_MODCOST_F, ...
    CT_MODCOST_X] = idx_ct;

windprofile = struct( ...
    'type', 'mpcData', ...
    'table', CT_TGEN, ...
    'rows', [1:45], ...
    'col', PMAX, ...
    'chgtype', 1, ...
    'values', [] );
windprofile.values(:,1,:) = [
	3.5179 47.534 85.27 110.437 14.1233 14.5665 14.7734 16.583 24.4829 17.6844 32.6893 48.766 73.4169 5.8306 23.1251 8.7122 10.8096 11.455 10.7615 26.646 4.9245 33.9885 45.3567 86.6393 94.3373 69.8612 7.1385 625.4342 368.5885 368.5885 193.5804 33.4542 35.8717 68.5868 18.2798 157.2644 466.5055 55.7853 272.0071 252.6893 16.5051 161.5909 114.9945 217.0567 471.3649;
	3.526 47.6439 85.911 111.1826 14.1076 16.9894 13.7423 16.8527 23.9416 22.4554 41.5084 61.9223 93.2237 5.3669 14.0831 5.3057 6.583 6.9761 7.6554 13.4266 4.5808 39.6419 61.4903 85.8711 94.4963 70.7199 6.9983 606.8549 375.8676 375.8676 179.305 29.8719 25.5179 34.56 16.8261 160.3702 462.0737 50.7529 274.8586 253.115 13.9507 188.4692 111.1444 217.3703 466.887;
	3.2836 44.369 88.0859 112.8807 14.854 14.5009 12.3523 17.4209 25.5667 21.8372 40.3657 60.2176 90.6573 4.1664 18.4157 6.938 8.6082 9.1222 17.925 23.0472 4.1174 33.8353 65.2485 89.2272 97.6739 70.8827 7.938 542.9326 344.0613 344.0613 153.8171 31.7005 59.75 59.3235 13.0623 146.7995 386.3293 38.4651 200.0325 261.6264 5.3957 160.8629 89.6784 204.6742 390.3536;
	3.0913 41.7708 88.6397 106.7101 14.0743 13.7735 12.3582 16.3049 25.9451 23.3303 43.1257 64.3351 96.8561 10.0356 17.2473 6.4978 8.0621 8.5434 10.8294 25.8599 4.1194 32.1382 67.935 85.9795 97.5802 72.5028 8.6396 474.655 296.9441 296.9441 173.9647 28.8289 36.0981 66.5634 31.4631 126.6961 315.453 29.3191 177.3579 261.3756 1.2604 152.7941 79.4075 203.7432 318.7389;
	2.596 35.0772 91.1375 111.5657 13.9008 14.8058 10.7814 17.9407 16.6743 21.9309 40.5389 60.4761 91.0464 15.945 22.4951 8.4749 10.5151 11.1429 20.2877 28.2198 3.5938 34.5469 60.4725 89.0971 103.9252 73.2106 9.8142 341.0208 235.8231 235.8231 164.1935 28.2262 67.6257 72.6379 49.9898 100.6179 182.8699 32.2541 167.2184 278.3711 14.6404 164.2456 85.1491 227.356 184.7748;
	3.0822 41.6466 87.6437 105.0724 13.8067 20.9887 11.0681 17.4728 9.1216 18.5564 34.3011 51.1706 77.037 26.0394 20.0064 7.5373 9.3518 9.9102 29.9633 31.4044 3.6894 48.9736 60.734 85.7401 99.436 70.85 7.9202 263.7319 218.3561 218.3561 144.2358 26.3985 99.8775 80.8349 81.6371 93.1653 163.9493 31.252 170.2021 266.3465 12.6514 232.8345 87.6309 215.1346 165.6571;
	2.415 32.6315 89.2837 109.6307 13.8792 21.5745 11.2115 16.7533 10.8187 26.035 48.1253 71.7935 108.0847 35.0865 25.6614 9.6678 11.9952 12.7114 29.2965 37.9607 3.7372 50.3404 68.4641 87.6687 101.1036 72.8942 11.0065 182.3998 224.5427 224.5427 109.8297 16.1227 97.6551 97.711 110.0009 95.8049 168.1902 23.1717 115.2539 270.8131 11.7341 239.3328 86.8712 228.9905 169.9421;
	1.832 24.7548 72.5455 111.6125 14.7736 18.1856 12.3865 17.488 19.4035 28.4377 52.5667 78.4192 118.0596 42.1509 29.3567 11.06 13.7226 14.5418 45.4532 54.8907 4.1288 42.433 74.0 88.6736 101.4933 74.6826 12.1459 123.0357 191.1441 191.1441 107.9475 10.3471 151.5105 141.2889 132.1486 81.5548 117.4296 66.419 155.3509 271.857 10.2296 201.7386 85.5911 216.8453 118.6528;
	2.7501 37.1592 83.2037 99.363 15.1376 23.9088 11.2577 18.0024 21.9435 28.475 52.6357 78.5221 118.2146 42.3636 23.9212 9.0122 11.1818 11.8493 58.2702 55.8522 3.7526 55.7872 73.4652 89.4475 101.2252 73.996 12.2128 108.4893 155.0384 155.0384 96.8717 6.8218 194.2341 143.7637 132.8155 66.1497 120.1794 45.352 125.4156 271.1389 20.1951 265.2282 77.029 242.3219 121.4312;
	1.8349 24.7932 78.7937 95.9854 13.3381 12.7821 10.5416 16.0528 25.1353 29.2982 54.1573 80.792 121.6319 38.7627 12.9216 4.8682 6.0401 6.4007 63.2098 42.5007 3.5139 29.825 73.9735 86.2978 97.2019 70.6144 10.8373 206.5259 219.5156 219.5156 104.6616 8.5724 210.6995 109.3968 121.5263 93.66 219.4104 27.8041 0.0 260.3622 2.0419 141.7966 63.9441 199.0778 221.696;
	1.5814 21.3684 71.4584 94.8058 12.2688 23.8112 14.5151 16.9693 25.941 30.1621 55.7542 83.1743 125.2185 48.5865 101.0543 38.0716 47.237 50.0571 67.3328 36.7591 4.8384 55.5594 74.4443 86.8267 92.6667 70.6366 11.6395 308.3629 280.7712 280.7712 162.177 12.8904 224.4426 94.6181 152.3254 119.7957 311.0859 28.3382 146.8293 248.2143 7.6444 264.145 80.9077 169.6994 314.3264;
	1.6999 22.97 82.138 88.7505 12.249 28.8088 21.4157 16.5731 27.2475 29.7166 54.9307 81.9458 123.3689 52.0063 69.6907 26.2556 32.5764 34.5212 79.0865 49.9658 7.1386 67.2205 74.3105 83.4072 93.2026 69.2584 11.2323 427.6491 381.4471 381.4471 300.1755 17.821 263.6218 128.6121 163.0468 162.7508 442.867 44.8843 214.4897 249.6498 7.446 319.5854 106.3683 161.9863 447.4802;
	2.802 37.8605 86.1537 85.9903 14.2051 29.863 22.4453 16.2822 28.0573 29.8433 55.1649 82.2952 123.895 54.1755 50.7562 19.1221 23.7256 25.142 73.2141 54.9695 7.4818 69.6803 73.3664 83.0708 96.1951 68.779 10.6641 584.5048 443.5367 443.5367 325.0231 24.3548 244.0468 141.4917 169.8475 189.2423 594.1353 54.3762 219.6793 257.6654 4.761 331.2799 136.5526 196.8511 600.3242;
	3.4044 46.0003 87.0115 105.9338 14.9501 29.1668 23.6376 16.8114 27.8238 30.9962 57.296 85.4744 128.6813 54.2188 67.0721 25.269 31.3523 33.2241 74.89 51.1947 7.8792 68.0558 69.6679 83.5687 95.8417 69.2234 10.6305 755.5862 599.3064 599.3064 430.0851 29.1515 249.6332 131.7752 169.9834 255.7041 749.7539 79.9084 298.9602 256.7187 13.6424 323.5565 134.6025 236.6478 757.5638;
	3.7691 50.929 89.708 111.4449 15.1876 32.5125 26.6461 17.6385 28.2288 28.0892 51.9225 77.4581 116.6127 60.6226 101.7074 38.3177 47.5423 50.3807 80.8837 55.457 8.882 75.8625 49.1137 86.9796 100.7478 70.6107 12.856 877.9157 637.5249 637.5249 502.6525 34.0562 269.6123 142.7464 190.0599 272.0106 915.4453 109.1221 430.5403 269.8603 29.082 360.6719 156.9116 242.2862 924.9811;
	3.8531 52.0643 90.1599 114.4314 15.3579 34.3364 30.0149 17.7294 28.4375 22.8033 42.1516 62.8818 94.6682 64.9968 137.0801 51.6441 64.077 67.9024 84.906 66.3917 10.005 80.1183 46.2204 85.5653 100.1997 69.1946 12.9976 955.6948 710.0912 710.0912 676.9602 45.6845 283.0201 170.8924 203.7737 302.9722 967.8946 154.0151 407.0048 268.3922 10.7696 380.9055 184.8919 254.7656 977.9768;
	3.6991 49.9827 88.5029 116.739 15.1677 32.7793 30.3389 17.4999 27.8875 21.0942 38.9923 58.1689 87.5729 62.546 166.0044 62.5412 77.5974 82.2301 87.2113 73.4122 10.113 76.4849 28.4875 86.6137 101.7326 72.0869 12.8099 836.1299 732.5723 732.5723 720.7331 72.4383 290.7042 188.9632 196.0902 312.5642 919.3426 193.8639 429.7937 272.498 5.463 363.6313 208.5191 264.7225 928.9191;
	3.7914 51.2306 90.8667 116.6145 15.3683 33.6986 30.1095 18.6057 28.2328 19.0466 35.2074 52.5225 79.0723 61.031 181.694 68.4522 84.9314 90.0019 89.2792 73.221 10.0365 78.63 33.8133 87.8954 104.7188 71.8439 13.5885 982.559 739.9982 739.9982 743.9927 92.3664 297.5973 188.471 191.3405 315.7326 990.9991 236.1986 457.3395 280.4967 113.3273 373.8293 203.9271 253.7247 1001.322;
	3.7954 51.2837 92.0821 118.5657 15.3119 33.1602 31.7334 13.5927 28.4511 21.4512 39.6522 59.1533 89.055 64.8369 185.5539 69.9063 86.7356 91.9139 89.4931 71.2926 10.5778 77.3739 42.456 89.0308 104.8661 59.3511 13.0978 1116.0707 796.1724 796.1724 727.4445 103.6383 298.3104 183.5074 203.2724 339.7002 1069.4646 250.8327 475.595 280.8912 119.9515 367.8574 211.5846 262.3842 1080.6049;
