function solarprofile = ex_solar_profilesh1
%EX_WIND_PROFILE_D  Example wind_load_nyiso profile data for deterministic unit commitment.
% 2022.03.12
% Andres F. Ramirez


%% define constants
[GEN_BUS, PG, QG, QMAX, QMIN, VG, MBASE, GEN_STATUS, PMAX, PMIN, ...
    MU_PMAX, MU_PMIN, MU_QMAX, MU_QMIN, PC1, PC2, QC1MIN, QC1MAX, ...
    QC2MIN, QC2MAX, RAMP_AGC, RAMP_10, RAMP_30, RAMP_Q, APF] = idx_gen;
[CT_LABEL, CT_PROB, CT_TABLE, CT_TBUS, CT_TGEN, CT_TBRCH, CT_TAREABUS, ...
    CT_TAREAGEN, CT_TAREABRCH, CT_ROW, CT_COL, CT_CHGTYPE, CT_REP, ...
    CT_REL, CT_ADD, CT_NEWVAL, CT_TLOAD, CT_TAREALOAD, CT_LOAD_ALL_PQ, ...
    CT_LOAD_FIX_PQ, CT_LOAD_DIS_PQ, CT_LOAD_ALL_P, CT_LOAD_FIX_P, ...
    CT_LOAD_DIS_P, CT_TGENCOST, CT_TAREAGENCOST, CT_MODCOST_F, ...
    CT_MODCOST_X] = idx_ct;

solarprofile = struct( ...
    'type', 'mpcData', ...
    'table', CT_TGEN, ...
    'rows', [1:12], ...
    'col', PMAX, ...
    'chgtype', 1, ...
    'values', [] );
solarprofile.values(:,1,:) = [
	0.0 0.0 0.0 0.0 0.0 0.0 0.0 0.0 0.0 0.0 0.0 0.0;
	0.0 0.0 0.0 0.0 0.0 0.0 0.0 0.0 0.0 0.0 0.0 0.0;
	0.0 0.0 0.0 0.0 0.0 0.0 0.0 0.0 0.0 0.0 0.0 0.0;
	0.0 0.0 0.0 0.0 0.0 0.0 0.0 0.0 0.0 0.0 0.0 0.0;
	0.0 0.0 0.0 0.0 0.0 0.0 0.0 0.0 0.0 0.0 0.0 0.0;
	0.0951 0.0972 0.1051 0.0 0.0 0.1251 0.0156 0.1784 0.0 0.0 0.0 0.0;
	1.6412 0.8067 1.1408 1.5902 1.7521 51.035 6.3794 8.9414 80.3963 75.4107 73.2226 136.5693;
	2.8536 1.894 1.5759 3.4075 7.9215 56.1394 7.0174 10.2223 16.6803 154.8889 92.1843 280.5047;
	4.1404 3.783 2.1045 7.1301 11.108 52.182 6.5228 7.9323 13.6085 236.4313 120.3629 428.1785;
	11.5579 11.999 10.4463 10.6162 11.0366 276.1052 34.5131 25.3002 217.6295 280.6267 131.2133 508.2166;
	11.7886 14.6094 13.0735 11.0473 9.9013 304.4822 38.0603 23.4056 236.2308 303.5468 164.1963 549.7251;
	12.1878 15.1912 13.2624 10.7294 8.3081 342.6469 42.8309 30.1416 242.8282 291.7654 158.559 528.389;
	17.7007 16.5722 13.7384 2.5002 1.1233 349.267 43.6584 53.0043 243.545 144.0809 40.6899 260.9313;
	16.2189 15.6586 12.9311 2.1306 0.7909 337.2376 42.1547 58.5149 243.1985 119.8612 22.4399 217.0694;
	13.2791 11.4995 9.3531 1.6184 0.4209 254.9502 31.8688 56.8618 239.1428 119.5672 34.7521 216.5368;
	7.8429 6.048 4.8693 1.6728 0.7874 26.5171 3.3146 13.079 103.0453 51.77 17.7871 93.7557;
	1.1695 0.9048 0.6177 0.6798 1.1995 32.1283 4.016 6.3826 22.079 15.3928 8.107 27.8765;
	0.0 0.0 0.0 0.0 0.0 0.0 0.0 0.0 0.0 0.0 0.0 0.0;
	0.0 0.0 0.0 0.0 0.0 0.0 0.0 0.0 0.0 0.0 0.0 0.0;
	0.0 0.0 0.0 0.0 0.0 0.0 0.0 0.0 0.0 0.0 0.0 0.0;
	0.0 0.0 0.0 0.0 0.0 0.0 0.0 0.0 0.0 0.0 0.0 0.0;
	0.0 0.0 0.0 0.0 0.0 0.0 0.0 0.0 0.0 0.0 0.0 0.0;
	0.0 0.0 0.0 0.0 0.0 0.0 0.0 0.0 0.0 0.0 0.0 0.0;
	0.0 0.0 0.0 0.0 0.0 0.0 0.0 0.0 0.0 0.0 0.0 0.0;
];
