function loadprofile = ex_load_profilesh1
%EX_LOAD_PROFILE  Example load profile data file for stochastic unit commitment.
% 2022.03.12
% Andres F. Ramirez

%% define constants
[CT_LABEL, CT_PROB, CT_TABLE, CT_TBUS, CT_TGEN, CT_TBRCH, CT_TAREABUS, ...
    CT_TAREAGEN, CT_TAREABRCH, CT_ROW, CT_COL, CT_CHGTYPE, CT_REP, ...
    CT_REL, CT_ADD, CT_NEWVAL, CT_TLOAD, CT_TAREALOAD, CT_LOAD_ALL_PQ, ...
    CT_LOAD_FIX_PQ, CT_LOAD_DIS_PQ, CT_LOAD_ALL_P, CT_LOAD_FIX_P, ...
    CT_LOAD_DIS_P, CT_TGENCOST, CT_TAREAGENCOST, CT_MODCOST_F, ...
    CT_MODCOST_X] = idx_ct;

loadprofile = struct( ...
    'type', 'mpcData', ...
    'table', CT_TAREALOAD, ...
    'rows', [1:11], ...
    'col', CT_LOAD_ALL_P, ...
    'chgtype', 1, ...
    'values', [] );
loadprofile.values(:,1,:) = [
	1436.9286 900.2075 1566.9565 560.8136 720.5103 1058.214 808.271 205.8237 508.8207 4618.0655 1683.5335;
	1397.9701 900.6 1551.8966 565.6226 719.2822 1060.5792 809.2733 190.8002 497.9 4532.7675 1659.2609;
	1407.7122 903.7 1588.9539 570.1 712.9156 1083.1466 824.5469 184.5975 501.7818 4484.4213 1682.0638;
	1493.5287 993.0183 1731.8918 570.9062 813.4413 1175.202 901.1118 191.969 547.7 4767.2926 1801.615;
	1661.136 1129.0 1924.6226 596.4 925.52 1336.818 1015.4243 256.7024 616.3595 5302.6756 2024.4461;
	1716.576 1188.9723 2039.9033 598.3844 975.8027 1430.0664 1082.2737 316.5 681.3705 5804.3017 2177.9522;
	1763.1068 1207.5 2040.0 618.2676 967.9956 1414.3021 1086.3 330.4314 691.6248 6036.7749 2208.8539;
	1810.3444 1174.1304 2021.5901 589.6453 933.0845 1355.7099 1059.7596 296.0711 677.3037 6081.1558 2107.2035;
	1802.3351 1172.5705 1992.6139 573.0 917.8144 1319.1178 1051.5201 309.17 697.6026 6166.183 2134.3947;
	1798.6171 1190.2332 1988.4607 565.7134 925.0 1326.6258 1029.8142 306.3884 687.9164 6132.2224 1973.424;
	1772.3758 1179.6307 1955.5922 558.0667 908.3577 1302.6454 1034.06 298.1118 692.4247 6169.1359 1926.1597;
	1774.5492 1170.3636 1977.1458 572.5028 905.1226 1292.1504 1051.9087 293.3882 669.1646 6102.6647 1902.5107;
	1740.6414 1145.9087 1919.9172 561.5229 866.9783 1263.6982 1028.5239 270.5178 651.5515 6076.6151 1848.7824;
	1742.0131 1155.7 1908.017 538.8847 822.7976 1233.4099 1006.9671 270.016 642.4 6070.1347 1844.5047;
	1734.7393 1149.7536 1925.7244 545.3 816.6038 1265.2289 1004.8988 277.2338 657.5876 6095.6897 2001.5257;
	1685.1512 1138.0888 1927.7258 539.8441 826.9365 1297.6271 1030.5 276.9967 657.0241 6058.7072 2132.0112;
	1665.5602 1122.3 1918.8274 544.1449 871.8491 1302.3381 1032.1449 281.0878 665.0877 5932.2772 2207.6183;
	1720.2354 1167.9228 1993.6891 551.399 935.8833 1391.4893 1117.6121 317.849 703.3626 5975.7957 2342.6;
	1722.3161 1180.2 1953.3 582.5629 913.5713 1367.7152 1105.7297 299.8401 679.9649 5781.9808 2328.6819;
	1673.8774 1110.13 1854.8 565.8 849.2981 1256.9697 1054.1936 283.1937 654.962 5444.6908 2210.4346;
	1594.2687 1029.5968 1739.0815 561.6094 798.1374 1212.1245 999.4138 252.9823 604.2145 5150.5027 2017.0056;
	1515.085 956.0 1602.4 522.4265 707.0873 1098.6739 897.3189 238.3239 550.5 4820.6856 1736.6163;
	1485.5723 896.7 1572.775 489.9814 699.2733 1092.2012 860.6 258.5609 509.5281 4610.5598 1687.1251;
	1464.4413 869.604 1540.0631 481.6737 680.816 1031.2038 810.116 236.3 470.6575 4384.4045 1567.6818;
];
