function loadprofile = ex_load_profilesh1
%EX_LOAD_PROFILE  Example load profile data file for stochastic unit commitment.
% 2022.03.12
% Andres F. Ramirez

%% define constants
[CT_LABEL, CT_PROB, CT_TABLE, CT_TBUS, CT_TGEN, CT_TBRCH, CT_TAREABUS, ...
    CT_TAREAGEN, CT_TAREABRCH, CT_ROW, CT_COL, CT_CHGTYPE, CT_REP, ...
    CT_REL, CT_ADD, CT_NEWVAL, CT_TLOAD, CT_TAREALOAD, CT_LOAD_ALL_PQ, ...
    CT_LOAD_FIX_PQ, CT_LOAD_DIS_PQ, CT_LOAD_ALL_P, CT_LOAD_FIX_P, ...
    CT_LOAD_DIS_P, CT_TGENCOST, CT_TAREAGENCOST, CT_MODCOST_F, ...
    CT_MODCOST_X] = idx_ct;

loadprofile = struct( ...
    'type', 'mpcData', ...
    'table', CT_TAREALOAD, ...
    'rows', [1:11], ...
    'col', CT_LOAD_ALL_P, ...
    'chgtype', 1, ...
    'values', [] );
loadprofile.values(:,1,:) = [
	1568.214 967.0213 1695.206 551.663 771.133 1154.0172 859.547 245.0697 499.6914 4446.3374 1728.048;
	1541.3031 955.1504 1655.7804 564.2897 762.6582 1140.3234 847.7 236.4 490.4138 4358.2941 1695.3456;
	1563.7718 952.3768 1629.5592 565.2649 770.1 1141.7185 849.7143 235.6416 490.2448 4348.8447 1699.7931;
	1634.4293 1030.2 1753.942 566.081 851.15 1235.3137 919.1724 258.2 537.7181 4624.5192 1820.6928;
	1800.907 1149.0491 1959.1517 582.9 969.4556 1381.7942 1014.5 300.746 621.2914 5147.3478 2061.1809;
	1885.8331 1225.3836 2109.5 581.4641 1052.5691 1481.3893 1100.9529 339.5976 688.7878 5671.0371 2226.3;
	1859.6871 1235.1207 2075.1347 606.6504 1057.4152 1476.2198 1126.854 345.7315 704.9 6068.2354 2262.201;
	1833.1422 1222.7586 2025.3616 604.7158 1050.6147 1421.6946 1103.0508 317.5494 692.5602 6188.0557 2137.9615;
	1873.7468 1229.1006 2012.0951 617.2794 1060.9285 1390.4709 1096.8088 318.5244 697.703 6219.3 2140.049;
	1866.9643 1248.3403 1986.8683 588.1717 1013.4621 1382.4435 1066.024 299.6452 694.7 6157.9178 2088.4183;
	1860.9 1225.768 1971.4602 584.6584 994.2 1301.1114 994.6144 298.0319 667.3274 6086.7009 1976.7661;
	1879.1697 1239.8339 1994.6042 576.4 986.9 1347.2436 1037.2223 291.7687 667.4525 6166.196 2086.1843;
	1911.4489 1238.9311 2007.1986 591.4861 977.3232 1397.5973 1075.4643 296.8595 654.5831 6123.3798 1984.3441;
	1834.3169 1215.9797 1962.3466 588.836 994.6744 1396.2302 1088.8637 302.7643 661.3 6173.3123 2101.77;
	1869.163 1223.5803 1940.8136 577.9 1006.1922 1414.5756 1094.1045 313.1378 663.6 6134.3498 2092.8843;
	1758.2188 1170.309 1928.0582 567.1719 1002.7136 1397.6698 1071.5591 305.0817 654.5239 6039.7164 2159.6624;
	1773.9861 1166.9 1913.569 551.7 985.7458 1404.6598 1089.4932 315.7999 679.2 5734.0523 2275.753;
	1778.9535 1190.7 1960.1348 569.838 1004.2926 1454.3318 1133.7 322.4352 699.2712 5607.6305 2342.0765;
	1827.8228 1209.6854 1974.5874 566.8916 988.1312 1428.2633 1123.1 332.595 694.0436 5627.6363 2310.8644;
	1815.0419 1155.1369 1872.246 550.4 909.0 1332.2902 1066.9593 291.9479 658.3 5348.6452 2186.3672;
	1700.5277 1044.8359 1740.1049 562.2019 860.2955 1227.631 1009.3 281.005 609.8764 4985.1071 1900.0513;
	1623.4203 965.4884 1621.9856 547.3968 806.6648 1128.8738 933.0 254.4487 556.2 4641.9593 1737.1987;
	1591.9243 914.9 1630.2443 514.5899 817.1858 1142.7836 901.5 229.7 504.8849 4096.426 1630.8556;
	1532.7017 884.9172 1591.4 506.8412 793.9854 1123.7 866.7089 233.6097 483.5843 3997.6275 1646.4514;
];
