function solarprofile = ex_solar_profilesh1
%EX_WIND_PROFILE_D  Example wind_load_nyiso profile data for deterministic unit commitment.
% 2022.03.12
% Andres F. Ramirez


%% define constants
[GEN_BUS, PG, QG, QMAX, QMIN, VG, MBASE, GEN_STATUS, PMAX, PMIN, ...
    MU_PMAX, MU_PMIN, MU_QMAX, MU_QMIN, PC1, PC2, QC1MIN, QC1MAX, ...
    QC2MIN, QC2MAX, RAMP_AGC, RAMP_10, RAMP_30, RAMP_Q, APF] = idx_gen;
[CT_LABEL, CT_PROB, CT_TABLE, CT_TBUS, CT_TGEN, CT_TBRCH, CT_TAREABUS, ...
    CT_TAREAGEN, CT_TAREABRCH, CT_ROW, CT_COL, CT_CHGTYPE, CT_REP, ...
    CT_REL, CT_ADD, CT_NEWVAL, CT_TLOAD, CT_TAREALOAD, CT_LOAD_ALL_PQ, ...
    CT_LOAD_FIX_PQ, CT_LOAD_DIS_PQ, CT_LOAD_ALL_P, CT_LOAD_FIX_P, ...
    CT_LOAD_DIS_P, CT_TGENCOST, CT_TAREAGENCOST, CT_MODCOST_F, ...
    CT_MODCOST_X] = idx_ct;

solarprofile = struct( ...
    'type', 'mpcData', ...
    'table', CT_TGEN, ...
    'rows', [1:12], ...
    'col', PMAX, ...
    'chgtype', 1, ...
    'values', [] );
solarprofile.values(:,1,:) = [
	0.0 0.0 0.0 0.0 0.0 0.0 0.0 0.0 0.0 0.0 0.0 0.0;
	0.0 0.0 0.0 0.0 0.0 0.0 0.0 0.0 0.0 0.0 0.0 0.0;
	0.0 0.0 0.0 0.0 0.0 0.0 0.0 0.0 0.0 0.0 0.0 0.0;
	0.0 0.0 0.0 0.0 0.0 0.0 0.0 0.0 0.0 0.0 0.0 0.0;
	0.0 0.0 0.0 0.0 0.0 0.0 0.0 0.0 0.0 0.0 0.0 0.0;
	0.124 0.1341 0.1753 0.0 0.0 1.7026 0.2128 0.2436 1.5531 0.0 0.0 0.0;
	4.7174 5.069 2.4685 2.4291 7.5113 90.9696 11.3712 8.4549 126.4167 38.3217 27.9922 69.4008;
	10.3684 8.5306 7.117 4.5447 12.4864 91.1671 11.3959 18.8057 98.4164 136.1455 88.612 246.5603;
	15.5808 12.7628 11.8903 6.6624 13.1504 114.8125 14.3516 28.4024 106.6469 223.2517 132.053 404.3102;
	22.9587 17.067 14.3263 10.4758 13.2297 411.2173 51.4022 63.3967 257.135 212.2757 79.3837 384.4327;
	24.034 16.6584 13.9481 11.1127 12.129 454.5699 56.8212 64.445 283.6066 245.385 64.8731 444.3936;
	23.9824 16.2836 13.5196 11.1816 11.3412 460.9469 57.6184 63.9249 285.7084 247.151 42.0083 447.5919;
	24.2846 16.6917 13.8286 6.8708 7.4525 417.9531 52.2441 57.6751 250.5935 189.3042 8.6942 342.8311;
	21.0012 16.5538 13.8797 6.8218 7.6401 383.0659 47.8832 53.7547 214.576 190.5177 11.5482 345.0287;
	16.0943 16.7053 12.2392 5.661 7.4673 350.6505 43.8313 52.6557 168.6242 148.5902 16.5356 269.0978;
	9.7981 13.3295 5.991 5.4168 6.4526 236.8027 29.6003 25.681 74.7933 40.0816 5.9692 72.588;
	1.4096 1.2532 0.8116 1.1751 2.1217 63.9378 7.9922 12.1392 41.047 15.422 7.2784 27.9294;
	0.0 0.0 0.0 0.0 0.0 0.0 0.0 0.0 0.0 0.0 0.0 0.0;
	0.0 0.0 0.0 0.0 0.0 0.0 0.0 0.0 0.0 0.0 0.0 0.0;
	0.0 0.0 0.0 0.0 0.0 0.0 0.0 0.0 0.0 0.0 0.0 0.0;
	0.0 0.0 0.0 0.0 0.0 0.0 0.0 0.0 0.0 0.0 0.0 0.0;
	0.0 0.0 0.0 0.0 0.0 0.0 0.0 0.0 0.0 0.0 0.0 0.0;
	0.0 0.0 0.0 0.0 0.0 0.0 0.0 0.0 0.0 0.0 0.0 0.0;
	0.0 0.0 0.0 0.0 0.0 0.0 0.0 0.0 0.0 0.0 0.0 0.0;
];
