function windprofile = ex_wind_profilesh1
%EX_WIND_PROFILE_D  Example wind_load_nyiso profile data for deterministic unit commitment.
% 2022.03.12
% Andres F. Ramirez


%% define constants
[GEN_BUS, PG, QG, QMAX, QMIN, VG, MBASE, GEN_STATUS, PMAX, PMIN, ...
    MU_PMAX, MU_PMIN, MU_QMAX, MU_QMIN, PC1, PC2, QC1MIN, QC1MAX, ...
    QC2MIN, QC2MAX, RAMP_AGC, RAMP_10, RAMP_30, RAMP_Q, APF] = idx_gen;
[CT_LABEL, CT_PROB, CT_TABLE, CT_TBUS, CT_TGEN, CT_TBRCH, CT_TAREABUS, ...
    CT_TAREAGEN, CT_TAREABRCH, CT_ROW, CT_COL, CT_CHGTYPE, CT_REP, ...
    CT_REL, CT_ADD, CT_NEWVAL, CT_TLOAD, CT_TAREALOAD, CT_LOAD_ALL_PQ, ...
    CT_LOAD_FIX_PQ, CT_LOAD_DIS_PQ, CT_LOAD_ALL_P, CT_LOAD_FIX_P, ...
    CT_LOAD_DIS_P, CT_TGENCOST, CT_TAREAGENCOST, CT_MODCOST_F, ...
    CT_MODCOST_X] = idx_ct;

windprofile = struct( ...
    'type', 'mpcData', ...
    'table', CT_TGEN, ...
    'rows', [1:45], ...
    'col', PMAX, ...
    'chgtype', 1, ...
    'values', [] );
windprofile.values(:,1,:) = [
	3.712 50.1578 89.8532 111.9571 13.9639 14.6885 15.9762 17.4641 27.5596 21.8669 40.4206 60.2996 90.7807 6.9077 5.233 1.9715 2.4461 2.5921 14.6337 13.7473 5.3254 34.2732 56.2612 86.2658 101.4936 67.8985 5.3877 707.064 393.9389 393.9389 217.147 35.3796 48.779 35.3855 21.6567 168.0806 500.2107 52.6412 311.1939 271.8578 1.2426 162.9446 111.7321 224.1377 505.4213;
	3.6657 49.5322 88.6558 110.0827 14.0343 16.5062 14.3537 16.7261 26.6054 22.9056 42.3406 63.1639 95.0928 6.7006 1.0113 0.381 0.4727 0.5009 10.7044 4.6892 4.7846 38.5145 50.5847 85.819 101.0472 69.1774 4.6137 702.878 364.5276 364.5276 175.8657 30.9698 35.6812 12.0701 21.0074 155.5318 497.8717 48.4325 298.6518 270.6621 5.6653 183.1088 104.2467 214.5197 503.0579;
	3.2406 43.7878 87.6368 109.8843 14.0563 12.7611 13.0927 17.4919 27.1674 21.5723 39.8761 59.4872 89.5577 6.9073 8.1624 3.0751 3.8154 4.0432 19.3282 14.1264 4.3642 29.7758 58.467 83.7957 98.6318 69.5855 6.8685 640.4269 329.8889 329.8889 154.6519 30.6292 64.4275 36.3613 21.6554 140.7526 422.4698 35.1437 223.2428 264.1924 4.0203 141.5628 80.0437 208.1951 426.8706;
	2.85 38.5096 87.3413 102.8566 13.3414 10.8122 11.9483 17.417 26.0544 13.053 24.1283 35.9947 54.1899 8.6085 9.0851 3.4228 4.2468 4.5003 12.0588 18.7272 3.9828 25.2286 43.1731 83.46 101.9039 72.6118 7.8735 504.4332 262.3004 262.3004 168.3885 26.5763 40.196 48.2037 26.9887 111.9148 330.1229 32.0116 152.6802 272.957 0.0319 119.9438 62.1387 215.3103 333.5617;
	2.1648 29.2515 87.522 109.7696 13.1199 13.3022 10.5201 17.3625 16.1347 12.9627 23.9614 35.7457 53.8149 12.3145 18.6978 7.0443 8.7401 9.2619 21.9746 25.9089 3.5067 31.0385 37.4924 83.1696 102.9629 72.3083 6.6212 330.8822 196.9663 196.9663 161.1212 25.9884 73.2488 66.6895 38.6075 84.0389 173.248 30.9442 145.6405 275.7936 9.9314 147.5657 72.7162 227.9803 175.0527;
	2.8984 39.1638 88.133 111.5481 13.5467 20.0346 10.975 17.9879 10.1585 16.722 30.9104 46.1122 69.4217 27.7315 21.2164 7.9931 9.9174 10.5095 36.0048 27.7303 3.6583 46.7475 43.7439 82.7557 102.8604 72.5338 6.292 284.7107 184.7161 184.7161 140.0524 22.9837 120.0161 71.3778 86.9419 78.8122 150.41 30.2014 176.5618 275.519 7.9085 222.251 87.2424 226.1854 151.9767;
	2.3904 32.3001 87.0733 111.4554 12.1529 21.5674 11.6577 17.1182 11.7913 23.0109 42.5354 63.4544 95.5302 38.1802 27.1292 10.2208 12.6813 13.4384 39.7213 37.7033 3.8859 50.3239 53.8151 83.731 104.2181 70.8717 9.0143 273.325 216.8406 216.8406 112.7574 16.8022 132.4044 97.0483 119.7002 92.5187 189.6673 24.7809 138.2196 279.1556 6.6725 239.254 89.4315 234.7059 191.643;
	1.8423 24.8933 74.5848 113.4634 14.3834 19.3191 12.4666 18.2044 18.937 27.5615 50.947 76.0029 114.4219 44.1029 33.4186 12.5902 15.6212 16.5538 55.1734 56.4053 4.1555 45.0778 69.7317 86.8878 106.383 72.2405 11.8995 118.9002 181.5066 181.5066 106.1906 10.1896 183.9113 145.1873 138.2684 77.4428 124.1767 27.3183 175.3422 284.9544 10.1909 214.3129 94.4756 225.0535 125.4702;
	2.7462 37.1068 86.5468 106.6162 14.2216 23.2313 11.8694 18.4451 22.0249 28.2496 52.219 77.9005 117.2788 49.7495 25.0033 9.4198 11.6876 12.3853 66.7395 55.6463 3.9565 54.2064 70.6403 85.7672 105.1937 71.5712 12.6038 113.7183 147.7925 147.7925 97.0208 7.766 222.465 143.2337 155.9713 63.0581 130.2176 25.9298 150.2458 281.7688 19.7514 257.7126 82.1921 247.5976 131.5741;
	1.8781 25.3776 87.1829 112.2804 12.6068 12.2771 11.4659 18.6906 25.9847 28.5226 52.7236 78.6533 118.4121 48.9283 80.1109 30.1813 37.4472 39.6828 76.6647 46.0735 3.822 28.6466 71.3529 86.2252 104.8993 74.2367 12.7514 179.907 223.403 223.403 113.3534 11.0217 255.5489 118.5932 153.3968 95.3186 226.6886 24.4665 132.8946 280.9803 1.9449 136.1942 73.5529 225.8028 229.05;
	1.2965 17.5182 77.0423 104.7559 11.2884 21.5537 15.4412 17.9063 26.5387 28.9389 53.4932 79.8013 120.1405 53.3007 56.7943 21.3969 26.548 28.133 68.4487 34.928 5.1471 50.2919 71.4917 82.2397 95.8998 72.4469 11.9236 328.886 286.2085 286.2085 164.376 13.3145 228.1625 89.9047 167.1049 122.1156 333.2398 24.5068 175.4852 256.8744 9.5965 239.1021 89.39 185.7039 336.711;
	1.3973 18.8811 84.6156 97.426 11.0903 26.3021 20.6135 18.2091 26.3642 27.351 50.5579 75.4224 113.548 54.2409 34.461 12.983 16.1085 17.0702 83.7585 51.314 6.8712 61.3715 73.6951 84.4154 99.1942 73.0508 11.6776 414.2283 331.2782 331.2782 263.3056 18.3878 279.1949 132.0824 170.0526 141.3454 429.9091 37.7788 209.2857 265.6987 2.8663 291.7774 97.8416 184.1069 434.3873;
	2.4296 32.8296 86.4066 88.0104 11.44 24.4538 22.2866 18.0565 26.9058 27.5741 50.9703 76.0377 114.4743 56.3743 44.6962 16.839 20.8929 22.1402 84.224 60.4489 7.4289 57.0589 73.2129 85.5969 101.5767 72.758 11.4724 566.0061 408.0838 408.0838 292.9407 24.3112 280.7467 155.5955 176.741 174.1157 567.0987 49.4373 232.0704 272.0803 7.2261 271.2743 120.446 221.6521 573.0059;
	2.9613 40.0134 84.6387 100.464 12.3047 23.4594 23.736 18.0645 25.8134 26.7959 49.5319 73.8918 111.2437 52.3817 61.4356 23.1455 28.7176 30.4321 84.4624 50.8181 7.912 54.7386 69.1691 83.9063 100.2416 72.2824 11.7147 744.5806 567.0261 567.0261 393.5417 28.7662 281.5414 130.8059 164.2238 241.9311 731.4453 75.8121 291.2896 268.5043 5.0129 260.2429 129.1179 254.3836 739.0646;
	3.5657 48.1803 88.4878 107.731 14.1978 31.5356 27.2613 18.9832 25.8816 25.2355 46.6474 69.5887 104.7654 60.1544 90.2562 34.0035 42.1895 44.7083 82.5369 51.8366 9.0871 73.583 51.8525 87.326 102.033 76.0514 13.7269 877.8313 594.7603 594.7603 461.6565 34.0743 275.123 133.4274 188.5922 253.7644 904.2765 99.7786 424.868 273.3028 27.2308 349.8347 152.1782 261.1238 913.696;
	3.6867 49.8156 93.5378 111.0719 14.5872 32.0777 29.661 18.2581 26.4124 20.2891 37.5041 55.9488 84.2306 61.9499 110.6182 41.6748 51.7076 54.7946 86.9094 63.8275 9.887 74.848 44.7842 87.4316 101.8864 75.0911 13.1165 901.5051 690.7458 690.7458 660.5938 48.0101 289.6979 164.2922 194.2213 294.7182 970.0465 153.6182 387.8466 272.9099 9.0492 355.8488 175.2356 273.4337 980.1511;
	3.708 50.1027 92.9426 114.2395 14.8673 32.1593 30.5994 18.4379 25.8331 20.5016 37.8968 56.5346 85.1125 66.7716 155.805 58.6986 72.8298 77.1778 89.4738 68.6476 10.1998 75.0384 30.5221 88.4901 105.337 74.6591 12.8104 963.5094 746.9471 746.9471 709.798 77.8396 298.2461 176.6991 209.3379 318.6974 985.2977 205.3843 421.2411 282.1527 17.3222 356.7538 205.2307 282.295 995.5612;
	3.7526 50.7058 94.0215 114.6083 14.6613 31.9581 30.1304 18.4993 25.7661 17.6531 32.6314 48.6796 73.2869 65.514 155.9547 58.755 72.8998 77.252 87.5577 70.0536 10.0435 74.5688 36.5243 87.9997 105.3113 72.492 13.3539 1059.4322 744.9142 744.9142 708.0343 89.1926 291.859 180.3182 205.3952 317.83 1070.9847 225.6741 442.3004 282.0838 113.848 354.5215 200.6838 268.8732 1082.1408;
	3.7685 50.9205 91.6128 117.0111 14.936 32.0162 31.2107 14.5375 25.8544 19.9224 36.8262 54.9375 82.7081 62.4089 172.8641 65.1256 80.8039 85.6281 87.274 70.2225 10.4036 74.7044 51.0566 88.2162 105.5869 64.4546 13.3871 1160.1171 746.3454 746.3454 651.735 102.8981 290.9133 180.7528 195.6604 318.4407 1079.0861 230.9636 445.3319 282.8221 121.5244 355.1661 209.5684 280.0197 1090.3266;
