function windprofile = ex_wind_profilesh1
%EX_WIND_PROFILE_D  Example wind_load_nyiso profile data for deterministic unit commitment.
% 2022.03.12
% Andres F. Ramirez


%% define constants
[GEN_BUS, PG, QG, QMAX, QMIN, VG, MBASE, GEN_STATUS, PMAX, PMIN, ...
    MU_PMAX, MU_PMIN, MU_QMAX, MU_QMIN, PC1, PC2, QC1MIN, QC1MAX, ...
    QC2MIN, QC2MAX, RAMP_AGC, RAMP_10, RAMP_30, RAMP_Q, APF] = idx_gen;
[CT_LABEL, CT_PROB, CT_TABLE, CT_TBUS, CT_TGEN, CT_TBRCH, CT_TAREABUS, ...
    CT_TAREAGEN, CT_TAREABRCH, CT_ROW, CT_COL, CT_CHGTYPE, CT_REP, ...
    CT_REL, CT_ADD, CT_NEWVAL, CT_TLOAD, CT_TAREALOAD, CT_LOAD_ALL_PQ, ...
    CT_LOAD_FIX_PQ, CT_LOAD_DIS_PQ, CT_LOAD_ALL_P, CT_LOAD_FIX_P, ...
    CT_LOAD_DIS_P, CT_TGENCOST, CT_TAREAGENCOST, CT_MODCOST_F, ...
    CT_MODCOST_X] = idx_ct;

windprofile = struct( ...
    'type', 'mpcData', ...
    'table', CT_TGEN, ...
    'rows', [1:45], ...
    'col', PMAX, ...
    'chgtype', 1, ...
    'values', [] );
windprofile.values(:,1,:) = [
	3.7033 50.0395 92.9797 120.3073 15.3324 15.9922 15.5653 18.3471 27.1627 24.1444 44.6305 66.58 100.2358 5.2351 23.2703 8.767 10.8775 11.5269 15.5717 26.3846 5.1884 37.3151 54.42 88.0653 103.9551 71.8502 8.6477 716.737 395.4381 395.4381 198.8978 34.3192 51.9058 67.914 16.4126 168.7202 549.9751 58.7001 304.8744 278.4512 15.6484 177.4069 128.6267 233.0776 555.704;
	3.4856 47.098 90.0682 116.9536 14.7141 16.1442 13.6936 17.0569 25.7031 24.1972 44.7281 66.7256 100.455 4.0029 16.3023 6.1418 7.6204 8.0753 12.2275 16.3051 4.5645 37.6699 60.4617 87.6708 101.1801 71.4338 7.0674 705.2042 359.6391 359.6391 155.9599 30.9046 40.7585 41.9694 12.5495 153.446 505.0878 50.6202 294.0371 271.0181 12.6469 179.0934 112.8493 214.6463 510.3492;
	3.2633 44.094 89.6697 112.905 14.5262 13.3206 12.2417 16.8485 25.6147 22.9718 42.463 63.3465 95.3678 5.7789 13.0104 4.9016 6.0816 6.4447 19.7675 19.7263 4.0806 31.0814 62.4082 85.6929 100.9937 72.6442 7.4807 656.6787 338.7024 338.7024 141.6227 28.8954 65.8916 50.7756 18.1176 144.513 423.8375 32.8853 235.6717 270.5189 4.3549 147.7696 87.8246 184.5787 428.2525;
	2.9926 40.4365 89.6369 110.1096 14.3593 13.0563 11.0842 17.2136 24.5529 21.9402 40.5561 60.5017 91.0849 7.6288 6.2977 2.3726 2.9438 3.1195 10.5853 20.2109 3.6947 30.4647 59.2716 84.7296 101.1625 73.9835 8.8644 479.1794 251.5897 251.5897 143.3609 24.8515 35.2843 52.0229 23.9174 107.3449 295.0926 25.7315 169.9038 270.9711 0.0971 144.838 78.9001 190.249 298.1665;
	2.4148 32.6297 88.2258 112.2225 14.4874 14.0282 9.6376 17.0335 13.8034 19.4088 35.8768 53.5212 80.5758 8.9861 11.7702 4.4343 5.5019 5.8303 19.8528 22.39 3.2125 32.7324 42.8075 88.4773 102.6993 73.6614 9.5595 303.6271 189.4685 189.4685 125.8381 21.7682 66.176 57.632 28.1726 80.8399 161.5261 26.059 156.8409 275.0875 7.9126 155.6191 80.446 203.2297 163.2087;
	3.2727 44.221 88.1339 112.4825 14.2875 23.0469 11.1817 17.1208 9.6106 20.5473 37.9814 56.6607 85.3024 18.8314 13.8791 5.2289 6.4877 6.875 32.7527 24.5943 3.7272 53.776 55.7503 86.0431 100.0072 73.9561 8.117 240.6695 178.0888 178.0888 109.9842 21.8958 109.1756 63.3058 59.0389 75.9845 131.4408 26.0495 188.0731 267.8765 6.0859 255.6664 87.8385 210.1525 132.81;
	2.7544 37.2186 89.063 113.4747 14.1629 25.0854 12.7377 17.0124 12.8631 28.4474 52.5847 78.446 118.1 41.1996 26.0171 9.8018 12.1615 12.8875 41.939 37.2282 4.2459 58.5326 69.1857 85.6031 100.8557 75.5809 11.2151 221.6462 215.3643 215.3643 101.2212 14.9713 139.7965 95.8254 129.1664 91.8887 173.5395 24.2969 162.9598 270.1491 4.8547 278.2806 92.5191 228.8574 175.3472;
	1.8354 24.8004 69.8852 114.4899 14.5567 20.6682 12.2108 17.8131 16.7079 29.3637 54.2784 80.9727 121.904 40.7394 27.6943 10.4337 12.9455 13.7184 53.4902 51.8052 4.0703 48.2257 72.859 85.5959 102.3312 75.5105 12.9193 120.6178 165.9776 165.9776 95.9888 7.683 178.3008 133.3466 127.7235 70.8171 104.9195 26.3798 154.2109 274.1015 3.2157 229.2789 89.2153 205.6916 106.0124;
	2.6598 35.9394 83.0634 103.0699 13.8502 24.1728 9.65 17.6763 16.4106 29.5872 54.6915 81.589 122.8318 46.1298 17.9441 6.7603 8.3878 8.8886 67.4834 47.2356 3.2167 56.4033 70.537 83.3322 98.7775 73.7267 12.5027 117.4236 146.4994 146.4994 85.2841 4.0388 224.9448 121.5847 144.6231 62.5064 118.7712 25.5618 121.9112 264.5825 16.1782 268.1574 74.1985 224.2616 120.0084;
	1.9668 26.5761 81.9525 106.2389 11.4927 14.4334 9.1284 17.1042 20.6388 29.3322 54.2202 80.8859 121.7732 42.2007 30.7376 11.5802 14.3681 15.2258 72.1389 43.9396 3.0428 33.6779 68.9855 80.4667 95.6091 73.425 11.9285 243.3721 236.7797 236.7797 101.1236 7.1212 240.4628 113.1007 132.305 101.026 228.3468 22.5655 0.03 256.0959 0.4009 160.1144 75.5495 200.2445 230.7254;
	1.6131 21.7965 76.1582 100.7441 12.0815 25.3529 13.4381 16.8708 23.244 26.7354 49.42 73.725 110.9925 48.4049 5.9419 2.2386 2.7775 2.9433 67.7971 27.5507 4.4794 59.1567 47.3047 79.7264 87.971 72.7455 11.5962 394.6396 318.6494 318.6494 160.818 12.5893 225.9903 70.9155 151.7559 135.9571 355.3423 24.2383 157.0396 235.6365 0.0209 281.2477 80.4787 169.4934 359.0438;
	1.7015 22.9907 84.1322 90.3469 12.1714 29.0039 18.2912 17.656 23.346 27.6832 51.172 76.3385 114.9272 52.8735 10.0016 3.7681 4.6752 4.9543 82.1098 43.1505 6.0971 67.6757 63.6449 78.2903 95.2133 72.2455 12.2422 494.5212 388.0859 388.0859 273.4067 16.6683 273.6994 111.0694 165.7657 165.5833 489.3934 39.6158 183.9694 255.0357 0.0 321.7494 103.3539 169.7903 494.4913;
	2.8797 38.9111 85.5325 86.9922 14.5068 30.5637 20.103 17.6023 26.3897 28.4462 52.5823 78.4425 118.0947 54.3646 48.4893 18.268 22.6659 24.0191 85.2946 55.7828 6.701 71.3154 67.9069 84.3873 101.1602 75.3582 11.71 613.0569 469.8859 469.8859 314.9487 22.9238 284.3155 143.5851 170.4402 200.4846 639.641 55.3405 204.6551 270.9648 0.0 339.0537 137.8698 212.8179 646.3039;
	3.5378 47.8036 80.8877 101.3828 14.8135 30.6618 21.4732 17.434 26.7188 29.4373 54.4144 81.1756 122.2095 57.9152 69.5284 26.1944 32.5005 34.4408 85.8085 56.8295 7.1577 71.5443 67.6976 79.9519 96.9141 73.0322 11.7403 805.3254 624.6212 624.6212 405.7755 30.9848 286.0283 146.2792 181.5719 266.5051 812.0655 84.3654 291.8849 259.5914 0.0 340.142 139.6177 239.7093 820.5246;
	3.8001 51.3482 84.3989 108.9528 15.0817 32.8659 26.4586 17.3284 27.9526 25.8683 47.8171 71.3337 107.3925 63.3342 95.7204 36.0621 44.7437 47.415 85.7564 52.9714 8.8195 76.6871 47.8891 83.1819 96.7798 70.1066 12.396 1010.5352 723.7796 723.7796 540.2605 39.9803 285.8547 136.3485 198.5614 308.8126 1043.9397 122.5766 442.2106 259.2316 0.0 364.5925 158.6093 238.2748 1054.814;
	3.7434 50.5814 87.6369 110.1283 15.0365 32.9521 27.9159 17.0898 27.8745 20.868 38.5742 57.5452 86.634 65.1042 129.6546 48.8466 60.606 64.2243 88.2727 62.6216 9.3053 76.8883 46.4038 83.0857 99.4623 69.5884 11.9825 1056.4535 748.4872 748.4872 685.2804 48.9273 294.2424 161.1881 204.1106 319.3545 1072.0792 166.2182 395.0183 266.4168 0.0017 365.5487 169.5682 255.3707 1083.2467;
	3.6896 49.8544 89.5658 112.4728 14.5743 33.1406 29.9371 18.0781 27.8528 19.5408 36.1209 53.8853 81.124 64.9314 142.3436 53.6271 66.5374 70.5098 84.8399 66.8175 9.979 77.3281 32.0619 83.1522 100.1012 71.6505 12.605 1083.7689 788.1474 788.1474 717.6753 83.5504 282.7997 171.9883 203.5686 336.2762 1088.3796 212.073 426.6851 268.1282 0.0058 367.6398 202.0946 272.0561 1099.7169;
	3.6909 49.872 89.9216 111.3524 14.389 33.5587 29.8693 18.7972 27.6689 16.6599 30.7955 45.9408 69.1636 65.9884 179.1411 67.4904 83.7381 88.7374 89.0581 70.9986 9.9564 78.3037 34.2176 82.0422 100.6693 71.15 13.5114 1153.5429 794.5419 794.5419 742.4131 98.331 296.8602 182.7505 206.8827 339.0045 1111.9519 240.6721 460.2688 269.6499 106.9574 372.2781 195.0894 267.213 1123.5347;
	3.8448 51.9523 87.3312 116.1234 14.2684 34.8651 31.0714 14.4286 27.6926 19.5275 36.0963 53.8486 81.0688 67.5716 173.8359 65.4917 81.2582 86.1094 90.4866 67.6413 10.3571 81.3519 47.7817 81.1574 101.8876 56.2443 13.3873 1223.105 819.9172 819.9172 742.5817 113.0128 301.622 174.109 211.8461 349.8313 1184.225 261.9437 462.9566 272.9133 116.0909 386.7704 211.3099 263.291 1196.5607;
