function solarprofile = ex_solar_profilesh1
%EX_WIND_PROFILE_D  Example wind_load_nyiso profile data for deterministic unit commitment.
% 2022.03.12
% Andres F. Ramirez


%% define constants
[GEN_BUS, PG, QG, QMAX, QMIN, VG, MBASE, GEN_STATUS, PMAX, PMIN, ...
    MU_PMAX, MU_PMIN, MU_QMAX, MU_QMIN, PC1, PC2, QC1MIN, QC1MAX, ...
    QC2MIN, QC2MAX, RAMP_AGC, RAMP_10, RAMP_30, RAMP_Q, APF] = idx_gen;
[CT_LABEL, CT_PROB, CT_TABLE, CT_TBUS, CT_TGEN, CT_TBRCH, CT_TAREABUS, ...
    CT_TAREAGEN, CT_TAREABRCH, CT_ROW, CT_COL, CT_CHGTYPE, CT_REP, ...
    CT_REL, CT_ADD, CT_NEWVAL, CT_TLOAD, CT_TAREALOAD, CT_LOAD_ALL_PQ, ...
    CT_LOAD_FIX_PQ, CT_LOAD_DIS_PQ, CT_LOAD_ALL_P, CT_LOAD_FIX_P, ...
    CT_LOAD_DIS_P, CT_TGENCOST, CT_TAREAGENCOST, CT_MODCOST_F, ...
    CT_MODCOST_X] = idx_ct;

solarprofile = struct( ...
    'type', 'mpcData', ...
    'table', CT_TGEN, ...
    'rows', [1:12], ...
    'col', PMAX, ...
    'chgtype', 1, ...
    'values', [] );
solarprofile.values(:,1,:) = [
	0.0 0.0 0.0 0.0 0.0 0.0 0.0 0.0 0.0 0.0 0.0 0.0;
	0.0 0.0 0.0 0.0 0.0 0.0 0.0 0.0 0.0 0.0 0.0 0.0;
	0.0 0.0 0.0 0.0 0.0 0.0 0.0 0.0 0.0 0.0 0.0 0.0;
	0.0 0.0 0.0 0.0 0.0 0.0 0.0 0.0 0.0 0.0 0.0 0.0;
	0.0 0.0 0.0 0.0 0.0 0.0 0.0 0.0 0.0 0.0 0.0 0.0;
	0.0951 0.0972 0.1051 0.0 0.0 2.1799 0.2725 0.3793 0.701 0.0 0.0 0.0;
	2.2456 2.632 2.3508 1.7106 4.9668 117.0177 14.6272 13.3645 87.2433 106.4576 42.6047 192.7953;
	8.1247 6.3684 4.6653 6.3969 11.7524 187.97 23.4963 21.9678 98.6221 170.024 118.1826 307.9145;
	13.8349 10.1188 6.2019 9.4972 12.5218 192.6547 24.0818 23.5325 97.1727 242.2261 153.3673 438.6729;
	21.5089 16.0202 13.3238 10.3096 11.3542 306.5204 38.315 44.1208 157.2159 315.0981 156.1102 570.6446;
	23.1278 16.2187 13.3528 10.7701 9.7915 262.6106 32.8263 47.3123 55.5113 342.0203 187.1326 619.4008;
	23.3405 16.3705 13.383 10.7001 8.8022 249.9326 31.2416 53.839 51.1331 343.4208 198.271 621.9372;
	24.2588 16.8706 13.772 3.1642 3.0924 162.181 20.2726 48.2262 76.0565 292.6496 159.5063 529.9902;
	21.7931 16.6824 13.6193 2.7473 3.9814 140.1713 17.5214 42.0657 116.7497 246.0605 131.7087 445.6171;
	18.4445 16.0456 12.1533 2.0573 4.9121 73.672 9.209 17.4853 130.1088 219.3273 102.6189 397.2031;
	12.0807 11.849 9.0034 2.4316 5.6179 15.8547 1.9818 0.9008 33.6615 115.9467 26.1458 209.9802;
	1.4056 1.2806 0.8789 1.423 2.1942 50.1281 6.266 6.3857 25.3216 16.0785 9.7174 29.1183;
	0.0 0.0 0.0 0.0 0.0 0.0 0.0 0.0 0.0 0.0 0.0 0.0;
	0.0 0.0 0.0 0.0 0.0 0.0 0.0 0.0 0.0 0.0 0.0 0.0;
	0.0 0.0 0.0 0.0 0.0 0.0 0.0 0.0 0.0 0.0 0.0 0.0;
	0.0 0.0 0.0 0.0 0.0 0.0 0.0 0.0 0.0 0.0 0.0 0.0;
	0.0 0.0 0.0 0.0 0.0 0.0 0.0 0.0 0.0 0.0 0.0 0.0;
	0.0 0.0 0.0 0.0 0.0 0.0 0.0 0.0 0.0 0.0 0.0 0.0;
	0.0 0.0 0.0 0.0 0.0 0.0 0.0 0.0 0.0 0.0 0.0 0.0;
];
