function solarprofile = ex_solar_profilesh1
%EX_WIND_PROFILE_D  Example wind_load_nyiso profile data for deterministic unit commitment.
% 2022.03.12
% Andres F. Ramirez


%% define constants
[GEN_BUS, PG, QG, QMAX, QMIN, VG, MBASE, GEN_STATUS, PMAX, PMIN, ...
    MU_PMAX, MU_PMIN, MU_QMAX, MU_QMIN, PC1, PC2, QC1MIN, QC1MAX, ...
    QC2MIN, QC2MAX, RAMP_AGC, RAMP_10, RAMP_30, RAMP_Q, APF] = idx_gen;
[CT_LABEL, CT_PROB, CT_TABLE, CT_TBUS, CT_TGEN, CT_TBRCH, CT_TAREABUS, ...
    CT_TAREAGEN, CT_TAREABRCH, CT_ROW, CT_COL, CT_CHGTYPE, CT_REP, ...
    CT_REL, CT_ADD, CT_NEWVAL, CT_TLOAD, CT_TAREALOAD, CT_LOAD_ALL_PQ, ...
    CT_LOAD_FIX_PQ, CT_LOAD_DIS_PQ, CT_LOAD_ALL_P, CT_LOAD_FIX_P, ...
    CT_LOAD_DIS_P, CT_TGENCOST, CT_TAREAGENCOST, CT_MODCOST_F, ...
    CT_MODCOST_X] = idx_ct;

solarprofile = struct( ...
    'type', 'mpcData', ...
    'table', CT_TGEN, ...
    'rows', [1:12], ...
    'col', PMAX, ...
    'chgtype', 1, ...
    'values', [] );
solarprofile.values(:,1,:) = [
	0.0 0.0 0.0 0.0 0.0 0.0 0.0 0.0 0.0 0.0 0.0 0.0;
	0.0 0.0 0.0 0.0 0.0 0.0 0.0 0.0 0.0 0.0 0.0 0.0;
	0.0 0.0 0.0 0.0 0.0 0.0 0.0 0.0 0.0 0.0 0.0 0.0;
	0.0 0.0 0.0 0.0 0.0 0.0 0.0 0.0 0.0 0.0 0.0 0.0;
	0.0 0.0 0.0 0.0 0.0 0.0 0.0 0.0 0.0 0.0 0.0 0.0;
	0.0951 0.0972 0.1104 0.0 0.0 0.1251 0.0156 0.1784 0.0 0.0 0.0 0.0;
	2.8801 1.9737 2.4491 2.0345 2.2776 38.7518 4.844 5.4036 3.4803 50.5107 18.2209 91.4752;
	8.156 6.3207 5.2656 4.8822 8.9808 113.5144 14.1893 6.5307 31.1709 74.5759 24.0406 135.0574;
	13.9006 10.8694 7.9876 7.4863 10.9266 178.5628 22.3204 12.9118 84.4845 113.5373 26.751 205.6168;
	21.655 15.9102 13.3656 10.4313 9.9651 436.8422 54.6053 64.8731 247.9312 128.3883 32.67 232.512;
	22.5806 16.0537 13.2724 10.5988 9.8198 434.3369 54.2921 67.3547 242.008 213.3333 103.222 386.3479;
	20.2486 16.0751 13.2624 10.4323 9.8783 424.6624 53.0828 65.8063 237.7154 233.4666 163.8507 422.8094;
	19.9901 15.7162 11.8853 6.4667 4.2878 371.0981 46.3873 59.5929 224.6227 84.9447 151.8108 153.8355;
	16.4756 11.8939 7.2423 7.9286 3.4958 350.7356 43.8419 54.6076 213.9486 40.8331 114.4753 73.949;
	12.5409 6.1524 5.4598 7.3394 2.7911 277.5601 34.695 47.3919 171.5252 31.3352 91.212 56.7483;
	7.2522 3.3242 4.5186 5.2652 2.2515 32.5033 4.0629 9.5197 18.324 19.4917 20.8634 35.2997;
	1.1137 0.8168 0.6481 0.8263 1.702 32.1143 4.0143 6.3616 23.7311 15.5314 9.8688 28.1274;
	0.0 0.0 0.0 0.0 0.0 0.0 0.0 0.0 0.0 0.0 0.0 0.0;
	0.0 0.0 0.0 0.0 0.0 0.0 0.0 0.0 0.0 0.0 0.0 0.0;
	0.0 0.0 0.0 0.0 0.0 0.0 0.0 0.0 0.0 0.0 0.0 0.0;
	0.0 0.0 0.0 0.0 0.0 0.0 0.0 0.0 0.0 0.0 0.0 0.0;
	0.0 0.0 0.0 0.0 0.0 0.0 0.0 0.0 0.0 0.0 0.0 0.0;
	0.0 0.0 0.0 0.0 0.0 0.0 0.0 0.0 0.0 0.0 0.0 0.0;
	0.0 0.0 0.0 0.0 0.0 0.0 0.0 0.0 0.0 0.0 0.0 0.0;
];
