function loadprofile = ex_load_profilesh1
%EX_LOAD_PROFILE  Example load profile data file for stochastic unit commitment.
% 2022.03.12
% Andres F. Ramirez

%% define constants
[CT_LABEL, CT_PROB, CT_TABLE, CT_TBUS, CT_TGEN, CT_TBRCH, CT_TAREABUS, ...
    CT_TAREAGEN, CT_TAREABRCH, CT_ROW, CT_COL, CT_CHGTYPE, CT_REP, ...
    CT_REL, CT_ADD, CT_NEWVAL, CT_TLOAD, CT_TAREALOAD, CT_LOAD_ALL_PQ, ...
    CT_LOAD_FIX_PQ, CT_LOAD_DIS_PQ, CT_LOAD_ALL_P, CT_LOAD_FIX_P, ...
    CT_LOAD_DIS_P, CT_TGENCOST, CT_TAREAGENCOST, CT_MODCOST_F, ...
    CT_MODCOST_X] = idx_ct;

loadprofile = struct( ...
    'type', 'mpcData', ...
    'table', CT_TAREALOAD, ...
    'rows', [1:11], ...
    'col', CT_LOAD_ALL_P, ...
    'chgtype', 1, ...
    'values', [] );
loadprofile.values(:,1,:) = [
	1405.0 861.3772 1554.1213 487.5916 726.14 1079.5 832.4915 177.9769 498.7263 3377.9129 1530.5892;
	1377.4212 859.554 1530.035 512.0647 726.6945 1076.9346 821.3873 175.245 467.4589 3281.2381 1533.6524;
	1428.9835 897.3619 1572.5492 521.0371 756.6978 1128.1791 861.6843 206.5902 502.8 4005.1864 1669.8843;
	1487.0818 928.7907 1659.7693 525.6686 795.116 1176.6942 892.9932 221.2928 522.2343 3595.5281 1753.7006;
	1647.8177 1062.4479 1846.0727 568.5751 914.3368 1318.5462 998.4283 250.4428 581.1346 3875.4842 1931.0722;
	1813.205 1175.8474 1969.3606 595.8774 994.0212 1443.1267 1103.072 306.8407 680.3299 5224.9809 2183.4;
	1819.4385 1135.8822 1925.8018 605.8885 1007.9498 1410.5213 1112.2682 328.4314 689.7272 5705.9549 2227.5741;
	1859.2244 1183.1 1959.9429 602.7313 1025.7 1377.8115 1123.0 340.4 695.5146 6003.1521 2276.6449;
	1859.8719 1204.1622 1966.0 597.2793 1027.9659 1378.0343 1121.1641 341.3372 697.6833 6143.1201 2348.0555;
	1859.3 1228.6961 1975.6377 590.9502 1037.3779 1435.0 1173.4903 317.7012 679.9725 6146.3675 2328.903;
	1852.8 1217.2 1911.0899 584.0754 1000.8561 1384.6349 1143.7898 312.3827 681.1103 6102.0441 2242.0421;
	1877.741 1202.4 1887.9693 574.2872 972.2681 1267.4089 1109.9329 300.5388 645.6 6039.0177 2134.4476;
	1841.5492 1204.8531 1849.1849 589.3089 931.6719 1265.1686 1067.8152 297.7698 627.194 6054.5274 2101.2613;
	1841.0796 1192.9985 1847.8396 593.9 928.1525 1278.6449 1037.6264 292.7052 610.2064 5952.0447 2060.8613;
	1818.5038 1178.1669 1844.6245 590.4937 936.5688 1257.0 1033.2674 286.9032 622.0769 5956.9469 2174.2841;
	1800.8874 1171.1579 1823.5773 589.9085 959.6375 1261.451 1006.1649 288.1507 607.4191 5790.4282 2213.0119;
	1829.2 1199.1774 1845.1169 586.6 978.4213 1349.229 1037.8571 293.5152 639.9547 5719.636 2264.7;
	1903.0421 1250.1283 1897.125 588.0 977.3 1397.8723 1088.4404 312.455 672.5515 5706.1319 2409.1423;
	1933.6231 1257.5817 1934.615 584.3513 963.7646 1407.942 1112.463 335.4473 679.9484 5786.6702 2417.4073;
	1809.3443 1190.546 1811.7059 579.0516 909.0 1337.808 1074.4473 326.9 654.3884 5506.5402 2319.9388;
	1694.9145 1086.6363 1719.8525 562.3 848.6531 1233.5422 978.9184 276.1087 583.636 4837.8281 2100.3902;
	1649.7824 1029.6738 1619.1237 558.4741 770.8022 1153.9377 908.3576 269.0544 548.8494 4842.7922 1987.5428;
	1507.6912 938.9036 1549.4488 543.9266 755.5846 1115.3 845.5 239.1 520.0 4344.0519 1849.7;
	1483.365 923.2 1564.1484 531.1217 787.1489 1127.3949 833.2488 238.2564 493.2583 4294.9238 1739.0134;
];
