function solarprofile = ex_solar_profilesh1
%EX_WIND_PROFILE_D  Example wind_load_nyiso profile data for deterministic unit commitment.
% 2022.03.12
% Andres F. Ramirez


%% define constants
[GEN_BUS, PG, QG, QMAX, QMIN, VG, MBASE, GEN_STATUS, PMAX, PMIN, ...
    MU_PMAX, MU_PMIN, MU_QMAX, MU_QMIN, PC1, PC2, QC1MIN, QC1MAX, ...
    QC2MIN, QC2MAX, RAMP_AGC, RAMP_10, RAMP_30, RAMP_Q, APF] = idx_gen;
[CT_LABEL, CT_PROB, CT_TABLE, CT_TBUS, CT_TGEN, CT_TBRCH, CT_TAREABUS, ...
    CT_TAREAGEN, CT_TAREABRCH, CT_ROW, CT_COL, CT_CHGTYPE, CT_REP, ...
    CT_REL, CT_ADD, CT_NEWVAL, CT_TLOAD, CT_TAREALOAD, CT_LOAD_ALL_PQ, ...
    CT_LOAD_FIX_PQ, CT_LOAD_DIS_PQ, CT_LOAD_ALL_P, CT_LOAD_FIX_P, ...
    CT_LOAD_DIS_P, CT_TGENCOST, CT_TAREAGENCOST, CT_MODCOST_F, ...
    CT_MODCOST_X] = idx_ct;

solarprofile = struct( ...
    'type', 'mpcData', ...
    'table', CT_TGEN, ...
    'rows', [1:12], ...
    'col', PMAX, ...
    'chgtype', 1, ...
    'values', [] );
solarprofile.values(:,1,:) = [
	0.0 0.0 0.0 0.0 0.0 0.0 0.0 0.0 0.0 0.0 0.0 0.0;
	0.0 0.0 0.0 0.0 0.0 0.0 0.0 0.0 0.0 0.0 0.0 0.0;
	0.0 0.0 0.0 0.0 0.0 0.0 0.0 0.0 0.0 0.0 0.0 0.0;
	0.0 0.0 0.0 0.0 0.0 0.0 0.0 0.0 0.0 0.0 0.0 0.0;
	0.0 0.0 0.0 0.0 0.0 0.0 0.0 0.0 0.0 0.0 0.0 0.0;
	0.1056 0.1034 0.1068 0.0 0.0 0.1251 0.0156 0.1784 0.0 0.0 0.0 0.0;
	3.5305 2.4033 0.9408 5.3695 5.6758 11.9035 1.4879 5.5534 17.2434 19.956 38.2486 36.1404;
	6.0988 3.8484 2.8251 7.1969 11.1766 1.0379 0.1297 5.2272 21.2761 98.9371 155.3811 179.1757;
	9.8938 6.5519 4.7931 9.2514 12.2411 17.7643 2.2205 10.0434 27.7551 211.2961 193.0604 382.6586;
	22.2477 15.9917 12.5851 10.6983 11.3657 331.7448 41.4681 63.8175 148.3701 246.4634 198.319 446.3468;
	25.3719 16.4565 13.2545 11.3635 11.3021 318.3376 39.7922 61.7202 150.997 269.2389 194.3603 487.5933;
	25.6918 16.6672 13.2624 11.5998 11.4749 259.7939 32.4742 59.2574 186.2797 251.7934 179.54 455.9995;
	24.4193 16.6142 13.7522 6.8679 6.7468 137.8034 17.2254 59.5676 208.6314 188.5657 153.7839 341.4936;
	19.5745 15.7146 13.1801 4.7207 5.3262 152.96 19.12 62.1402 217.6616 195.3837 138.2148 353.841;
	9.0239 9.136 9.1141 2.7166 4.3052 185.49 23.1862 60.3814 204.3987 159.9949 134.5375 289.7518;
	2.4963 2.958 2.4674 1.958 4.0202 78.4606 9.8076 22.1453 60.7862 38.5518 38.6804 69.8175;
	0.9106 0.7674 0.5882 0.953 2.2876 35.0154 4.3769 6.3138 31.9541 14.9248 9.6345 27.0289;
	0.0 0.0 0.0 0.0 0.0 0.0 0.0 0.0 0.0 0.0 0.0 0.0;
	0.0 0.0 0.0 0.0 0.0 0.0 0.0 0.0 0.0 0.0 0.0 0.0;
	0.0 0.0 0.0 0.0 0.0 0.0 0.0 0.0 0.0 0.0 0.0 0.0;
	0.0 0.0 0.0 0.0 0.0 0.0 0.0 0.0 0.0 0.0 0.0 0.0;
	0.0 0.0 0.0 0.0 0.0 0.0 0.0 0.0 0.0 0.0 0.0 0.0;
	0.0 0.0 0.0 0.0 0.0 0.0 0.0 0.0 0.0 0.0 0.0 0.0;
	0.0 0.0 0.0 0.0 0.0 0.0 0.0 0.0 0.0 0.0 0.0 0.0;
];
