function solarprofile = ex_solar_profilesh1
%EX_WIND_PROFILE_D  Example wind_load_nyiso profile data for deterministic unit commitment.
% 2022.03.12
% Andres F. Ramirez


%% define constants
[GEN_BUS, PG, QG, QMAX, QMIN, VG, MBASE, GEN_STATUS, PMAX, PMIN, ...
    MU_PMAX, MU_PMIN, MU_QMAX, MU_QMIN, PC1, PC2, QC1MIN, QC1MAX, ...
    QC2MIN, QC2MAX, RAMP_AGC, RAMP_10, RAMP_30, RAMP_Q, APF] = idx_gen;
[CT_LABEL, CT_PROB, CT_TABLE, CT_TBUS, CT_TGEN, CT_TBRCH, CT_TAREABUS, ...
    CT_TAREAGEN, CT_TAREABRCH, CT_ROW, CT_COL, CT_CHGTYPE, CT_REP, ...
    CT_REL, CT_ADD, CT_NEWVAL, CT_TLOAD, CT_TAREALOAD, CT_LOAD_ALL_PQ, ...
    CT_LOAD_FIX_PQ, CT_LOAD_DIS_PQ, CT_LOAD_ALL_P, CT_LOAD_FIX_P, ...
    CT_LOAD_DIS_P, CT_TGENCOST, CT_TAREAGENCOST, CT_MODCOST_F, ...
    CT_MODCOST_X] = idx_ct;

solarprofile = struct( ...
    'type', 'mpcData', ...
    'table', CT_TGEN, ...
    'rows', [1:12], ...
    'col', PMAX, ...
    'chgtype', 1, ...
    'values', [] );
solarprofile.values(:,1,:) = [
	0.0 0.0 0.0 0.0 0.0 0.0 0.0 0.0 0.0 0.0 0.0 0.0;
	0.0 0.0 0.0 0.0 0.0 0.0 0.0 0.0 0.0 0.0 0.0 0.0;
	0.0 0.0 0.0 0.0 0.0 0.0 0.0 0.0 0.0 0.0 0.0 0.0;
	0.0 0.0 0.0 0.0 0.0 0.0 0.0 0.0 0.0 0.0 0.0 0.0;
	0.0 0.0 0.0 0.0 0.0 0.0 0.0 0.0 0.0 0.0 0.0 0.0;
	0.0959 0.0972 0.1118 0.0 0.0 0.1251 0.0156 0.3351 0.0 0.0 0.0 0.0;
	14.0319 14.4745 10.9145 0.9447 3.892 34.1638 4.2705 11.2583 27.6541 85.5226 47.5116 154.882;
	11.8334 7.4612 8.8759 6.2712 10.9944 78.5177 9.8147 25.265 66.9489 229.5545 132.1718 415.7247;
	15.4152 9.7081 9.8384 9.4913 12.1891 110.5822 13.8228 34.7228 86.161 270.966 154.3223 490.7211;
	24.9962 16.6269 14.3154 9.5522 9.9519 362.8398 45.355 67.304 223.4625 253.6818 146.6617 459.4193;
	26.8185 17.0636 14.4713 9.1294 8.9037 349.1336 43.6417 66.5625 238.3621 289.298 175.349 523.9204;
	26.4876 16.855 14.4549 9.5136 8.9468 347.6377 43.4547 65.9136 261.7645 307.2962 208.2078 556.5153;
	24.2675 16.5824 13.7765 4.5265 4.8197 323.5574 40.4447 65.9025 269.0443 250.7191 209.5098 454.0539;
	19.7151 12.4612 12.9487 4.7429 4.5481 322.5934 40.3242 65.1015 247.887 209.3015 180.5819 379.0463;
	12.5021 6.8957 9.1549 3.053 3.4485 255.6061 31.9508 60.8165 197.6329 116.736 119.7955 211.4096;
	5.2233 5.459 4.7945 1.1235 1.7757 31.8412 3.9802 18.8545 9.5774 15.1398 14.2905 27.4183;
	0.9063 0.7529 0.5593 0.7431 1.5673 33.4013 4.1752 6.7417 21.9454 14.9623 9.8453 27.0968;
	0.0 0.0 0.0 0.0 0.0 0.0 0.0 0.0 0.0 0.0 0.0 0.0;
	0.0 0.0 0.0 0.0 0.0 0.0 0.0 0.0 0.0 0.0 0.0 0.0;
	0.0 0.0 0.0 0.0 0.0 0.0 0.0 0.0 0.0 0.0 0.0 0.0;
	0.0 0.0 0.0 0.0 0.0 0.0 0.0 0.0 0.0 0.0 0.0 0.0;
	0.0 0.0 0.0 0.0 0.0 0.0 0.0 0.0 0.0 0.0 0.0 0.0;
	0.0 0.0 0.0 0.0 0.0 0.0 0.0 0.0 0.0 0.0 0.0 0.0;
	0.0 0.0 0.0 0.0 0.0 0.0 0.0 0.0 0.0 0.0 0.0 0.0;
];
