function solarprofile = ex_solar_profilesh1
%EX_WIND_PROFILE_D  Example wind_load_nyiso profile data for deterministic unit commitment.
% 2022.03.12
% Andres F. Ramirez


%% define constants
[GEN_BUS, PG, QG, QMAX, QMIN, VG, MBASE, GEN_STATUS, PMAX, PMIN, ...
    MU_PMAX, MU_PMIN, MU_QMAX, MU_QMIN, PC1, PC2, QC1MIN, QC1MAX, ...
    QC2MIN, QC2MAX, RAMP_AGC, RAMP_10, RAMP_30, RAMP_Q, APF] = idx_gen;
[CT_LABEL, CT_PROB, CT_TABLE, CT_TBUS, CT_TGEN, CT_TBRCH, CT_TAREABUS, ...
    CT_TAREAGEN, CT_TAREABRCH, CT_ROW, CT_COL, CT_CHGTYPE, CT_REP, ...
    CT_REL, CT_ADD, CT_NEWVAL, CT_TLOAD, CT_TAREALOAD, CT_LOAD_ALL_PQ, ...
    CT_LOAD_FIX_PQ, CT_LOAD_DIS_PQ, CT_LOAD_ALL_P, CT_LOAD_FIX_P, ...
    CT_LOAD_DIS_P, CT_TGENCOST, CT_TAREAGENCOST, CT_MODCOST_F, ...
    CT_MODCOST_X] = idx_ct;

solarprofile = struct( ...
    'type', 'mpcData', ...
    'table', CT_TGEN, ...
    'rows', [1:12], ...
    'col', PMAX, ...
    'chgtype', 1, ...
    'values', [] );
solarprofile.values(:,1,:) = [
	0.0 0.0 0.0 0.0 0.0 0.0 0.0 0.0 0.0 0.0 0.0 0.0;
	0.0 0.0 0.0 0.0 0.0 0.0 0.0 0.0 0.0 0.0 0.0 0.0;
	0.0 0.0 0.0 0.0 0.0 0.0 0.0 0.0 0.0 0.0 0.0 0.0;
	0.0 0.0 0.0 0.0 0.0 0.0 0.0 0.0 0.0 0.0 0.0 0.0;
	0.0 0.0 0.0 0.0 0.0 0.0 0.0 0.0 0.0 0.0 0.0 0.0;
	0.0951 0.0972 0.1051 0.0 0.0 0.1251 0.0156 0.1784 0.0 0.0 0.0 0.0;
	2.8679 1.8009 2.64 2.0128 4.6356 0.0 0.0 7.3121 9.7993 122.9948 46.7569 222.7444;
	4.7749 3.0255 4.5671 6.4824 10.2978 0.0 0.0 2.1524 11.2019 183.7085 85.3259 332.6972;
	7.306 4.3734 4.4258 9.3577 12.0694 20.4912 2.5614 2.8279 39.9211 228.6136 78.0795 414.0206;
	20.5946 13.907 11.0978 8.4221 12.0777 381.0514 47.6314 60.297 270.2087 209.8839 32.8537 380.1011;
	21.1483 14.9148 13.1446 9.9336 11.546 362.4185 45.3023 62.7158 270.3078 286.5491 87.7334 518.9422;
	20.1569 14.6073 13.2624 10.4261 10.5084 305.7254 38.2157 62.2286 242.3095 319.2842 166.5742 578.2256;
	22.9519 16.5501 13.7384 3.0522 2.538 216.7575 27.0947 59.8432 180.2292 336.374 168.7358 609.1754;
	20.1026 15.6624 12.7171 1.9977 1.9666 268.8134 33.6017 59.5341 171.9321 304.1564 136.9797 550.8292;
	14.6933 11.533 8.5241 0.7666 1.8179 255.1026 31.8878 58.2022 161.3129 240.1457 91.5274 434.9054;
	6.5896 5.3759 2.7587 0.3106 2.2382 35.4683 4.4335 22.5316 20.2019 52.3228 6.7938 94.757;
	0.8999 0.7465 0.5478 0.6772 1.3684 32.1117 4.014 6.6034 20.2353 15.7115 8.2792 28.4535;
	0.0 0.0 0.0 0.0 0.0 0.0 0.0 0.0 0.0 0.0 0.0 0.0;
	0.0 0.0 0.0 0.0 0.0 0.0 0.0 0.0 0.0 0.0 0.0 0.0;
	0.0 0.0 0.0 0.0 0.0 0.0 0.0 0.0 0.0 0.0 0.0 0.0;
	0.0 0.0 0.0 0.0 0.0 0.0 0.0 0.0 0.0 0.0 0.0 0.0;
	0.0 0.0 0.0 0.0 0.0 0.0 0.0 0.0 0.0 0.0 0.0 0.0;
	0.0 0.0 0.0 0.0 0.0 0.0 0.0 0.0 0.0 0.0 0.0 0.0;
	0.0 0.0 0.0 0.0 0.0 0.0 0.0 0.0 0.0 0.0 0.0 0.0;
];
