function windprofile = ex_wind_profilesh1
%EX_WIND_PROFILE_D  Example wind_load_nyiso profile data for deterministic unit commitment.
% 2022.03.12
% Andres F. Ramirez


%% define constants
[GEN_BUS, PG, QG, QMAX, QMIN, VG, MBASE, GEN_STATUS, PMAX, PMIN, ...
    MU_PMAX, MU_PMIN, MU_QMAX, MU_QMIN, PC1, PC2, QC1MIN, QC1MAX, ...
    QC2MIN, QC2MAX, RAMP_AGC, RAMP_10, RAMP_30, RAMP_Q, APF] = idx_gen;
[CT_LABEL, CT_PROB, CT_TABLE, CT_TBUS, CT_TGEN, CT_TBRCH, CT_TAREABUS, ...
    CT_TAREAGEN, CT_TAREABRCH, CT_ROW, CT_COL, CT_CHGTYPE, CT_REP, ...
    CT_REL, CT_ADD, CT_NEWVAL, CT_TLOAD, CT_TAREALOAD, CT_LOAD_ALL_PQ, ...
    CT_LOAD_FIX_PQ, CT_LOAD_DIS_PQ, CT_LOAD_ALL_P, CT_LOAD_FIX_P, ...
    CT_LOAD_DIS_P, CT_TGENCOST, CT_TAREAGENCOST, CT_MODCOST_F, ...
    CT_MODCOST_X] = idx_ct;

windprofile = struct( ...
    'type', 'mpcData', ...
    'table', CT_TGEN, ...
    'rows', [1:45], ...
    'col', PMAX, ...
    'chgtype', 1, ...
    'values', [] );
windprofile.values(:,1,:) = [
	3.2476 43.8828 81.7565 105.5869 13.8722 7.3747 11.9771 17.2321 25.7355 24.2444 44.8154 66.8558 100.6511 3.8633 21.2053 7.989 9.9123 10.504 11.8358 25.8527 3.9924 17.2075 51.9906 82.3111 98.051 71.8594 7.8673 644.359 391.1648 391.1648 212.8051 32.3792 39.4528 66.545 12.112 166.897 506.5988 55.2958 229.1711 262.6367 15.2909 81.8095 98.4846 204.4853 511.8758;
	3.2777 44.289 84.6889 107.525 14.0117 11.5705 10.9886 16.9728 24.7193 23.1391 42.7723 63.8079 96.0624 5.0404 12.0395 4.5358 5.6278 5.9638 12.0168 15.176 3.6629 26.9979 54.2708 81.6001 96.8719 74.0893 7.3365 653.0878 377.4051 377.4051 189.7562 27.9045 40.0559 39.0631 15.8022 161.0262 492.1441 55.5709 241.4102 259.4783 15.7454 128.3557 92.3821 202.093 497.2706;
	2.8077 37.9388 83.6815 101.0692 13.9983 9.296 8.2792 16.8633 25.2614 24.444 45.1844 67.4062 101.4796 7.3421 15.8484 5.9708 7.4082 7.8505 20.9043 23.0841 2.7597 21.6906 62.5635 81.6554 95.3944 73.9064 8.4728 602.0309 343.5655 343.5655 153.4339 29.612 69.681 59.4185 23.0186 146.5879 391.9349 36.0124 164.3363 255.5206 10.7957 103.1232 70.0802 192.5868 396.0176;
	2.4818 33.5341 83.9704 94.3005 14.0528 9.1686 8.7854 16.9041 25.3305 24.9151 46.0551 68.7052 103.4352 8.6982 15.8196 5.9599 7.3948 7.8362 11.2059 23.1037 2.9285 21.3934 67.2956 81.9137 99.1172 75.8453 9.9108 483.805 282.8238 282.8238 151.501 25.7408 37.353 59.4689 27.2701 120.6715 302.2429 31.9611 154.3442 265.4926 3.6632 101.7104 63.719 181.5382 305.3913;
	1.6962 22.9201 86.8941 99.7552 13.6464 4.9322 9.4868 17.5967 15.0076 21.5377 39.8122 59.3919 89.4142 11.2196 19.5176 7.3531 9.1234 9.668 18.2395 25.8934 3.1623 11.5086 52.8686 81.84 98.8826 75.6567 9.9691 362.8681 216.87 216.87 148.0358 26.6943 60.7984 66.6498 35.175 92.5312 169.796 35.8252 149.6735 264.8642 13.261 54.7151 71.2507 212.3548 171.5648;
	2.8153 38.0405 86.3778 107.7268 13.4888 18.5848 10.4715 17.6238 0.0 20.3803 37.6726 56.2001 84.6089 23.6157 15.4796 5.8318 7.2358 7.6678 24.6601 27.034 3.4905 43.3644 55.8152 82.2616 101.2923 74.2106 8.9148 305.546 205.6102 205.6102 129.1973 23.6419 82.2004 69.5855 74.0384 87.727 149.4925 33.4386 166.1255 271.3186 13.8867 206.1669 81.5958 207.5066 151.0497;
	1.9905 26.8962 83.4672 105.5537 12.1257 19.0644 11.5099 17.6694 0.8348 24.8157 45.8715 68.4312 103.0228 37.5662 20.6582 7.7829 9.6565 10.233 28.0379 36.3614 3.8366 44.4836 63.3377 82.8682 100.7067 73.9793 11.8131 249.0707 227.9021 227.9021 108.9361 18.5736 93.4597 93.5943 117.775 97.2382 162.8723 27.3954 133.7047 269.7501 9.6187 211.4877 73.8607 222.8671 164.5689;
	1.4982 20.2438 37.8784 102.8304 13.2984 16.5751 11.613 17.8016 10.143 27.4864 50.8083 75.7959 114.1103 41.2699 27.2198 10.2549 12.7237 13.4833 47.1555 54.0818 3.871 38.6751 71.6767 81.8136 97.3371 71.3364 12.8319 146.8824 190.1969 190.1969 93.1858 11.9564 157.1849 139.2067 129.3867 81.1507 110.0052 23.4121 159.6273 260.7243 8.8808 183.8726 79.2202 197.329 111.1511;
	2.274 30.7271 55.2428 93.7348 12.255 19.9028 10.4468 17.3644 17.4703 27.4957 50.8254 75.8215 114.1489 41.4981 23.0738 8.6929 10.7856 11.4296 62.6129 55.761 3.4823 46.4399 69.2317 81.6215 97.8498 69.3331 12.1201 125.0547 157.7764 157.7764 81.4024 9.9623 208.7098 143.529 130.1023 67.3179 107.2602 20.1721 125.3969 262.0978 16.539 220.7885 59.2725 211.0565 108.3775;
	1.7217 23.2641 57.45 93.7428 11.3306 12.6147 9.6668 17.8743 22.9618 26.1992 48.4288 72.2463 108.7664 42.1073 62.3206 23.4789 29.1313 30.8705 67.7322 51.4265 3.2223 29.4342 66.1062 76.463 96.6653 69.6593 12.3088 242.2653 228.2843 228.2843 94.5799 11.2009 225.7738 132.3719 132.0122 97.4013 203.9686 24.6731 0.0 258.925 14.6679 139.9388 64.6476 209.9004 206.0933;
	1.1994 16.2068 66.3146 96.9666 10.7894 22.498 13.4348 17.3821 25.1899 28.0963 51.9355 77.4776 116.6421 44.4345 0.4 0.1507 0.187 0.1982 59.1341 34.7651 4.4783 52.4954 63.7556 79.9863 90.1104 71.1354 11.837 362.3252 287.5895 287.5895 153.7822 15.7758 197.1136 89.4856 139.3082 122.7048 319.2982 30.1065 146.8932 241.3671 2.3231 249.578 74.5929 179.7749 322.6242;
	1.5196 20.5334 79.5324 91.7643 11.2493 28.7123 18.5798 18.586 26.3152 29.1473 53.8783 80.3759 121.0054 48.924 0.435 0.1639 0.2033 0.2155 66.3542 47.6457 6.1933 66.9953 71.3486 83.928 100.2625 71.909 12.7652 409.6491 357.7379 357.7379 273.3857 19.7714 221.1806 122.6401 153.3833 152.6349 397.8496 42.8989 188.659 268.5603 3.0938 318.515 99.5286 179.7718 401.9938;
	2.7628 37.3316 86.3018 88.233 13.3672 30.5253 21.1579 17.9654 27.1574 29.4605 54.4572 81.2394 122.3055 54.9116 39.9334 15.0447 18.6665 19.781 74.5828 55.2286 7.0526 71.2256 70.9113 82.5722 103.3316 72.8538 11.92 582.0514 436.5472 436.5472 292.3706 26.4864 248.6094 142.1586 172.1553 186.2601 534.4607 52.7512 223.9474 276.7811 1.2591 338.6269 128.9473 216.6036 540.028;
	3.5224 47.5952 86.9469 104.6901 14.554 31.3804 22.8696 17.8611 27.7884 29.7239 54.9441 81.9658 123.399 58.3376 61.9311 23.3322 28.9492 30.6775 80.9521 53.5493 7.6232 73.221 68.9538 83.1813 100.5787 74.5579 12.3302 797.9996 606.3031 606.3031 400.6729 31.951 269.8403 137.8361 182.8962 258.6893 739.0001 81.0248 293.194 269.4073 0.8196 348.1136 135.8497 250.2437 746.698;
	3.6448 49.2486 84.9106 105.6861 13.9835 32.8034 25.8797 17.1811 27.8617 27.2596 50.389 75.1705 113.1688 64.8456 87.3232 32.8985 40.8185 43.2554 79.9807 56.5541 8.6266 76.5412 50.8477 80.8043 96.3047 69.1548 13.016 981.0586 680.1011 680.1011 517.1799 40.4643 266.6022 145.5704 203.2998 290.1765 911.023 117.9422 404.1998 257.9591 0.1347 363.8986 155.0077 246.9044 920.5128;
	3.7131 50.1719 87.2271 109.1564 14.4583 32.6795 27.1187 16.725 26.8677 22.0708 40.7976 60.862 91.6274 60.2812 115.7294 43.6004 54.0968 57.3264 85.131 64.9161 9.0396 76.2523 45.254 81.4826 97.4335 64.3108 12.2632 1064.6935 720.1568 720.1568 669.2717 48.9397 283.7699 167.0942 188.9896 307.2669 969.2764 165.0581 347.7847 260.9827 1.2226 362.525 161.9943 256.7894 979.373;
	3.7548 50.7362 87.3355 112.0698 14.5116 33.135 30.1088 17.2371 26.5799 20.6812 38.2289 57.03 85.8584 63.3468 135.8612 51.1849 63.5072 67.2987 85.5832 66.5986 10.0363 77.315 29.9869 82.6284 97.0415 71.9458 12.5296 1115.723 776.7935 776.7935 735.966 81.8618 285.2775 171.4248 198.6008 331.4319 999.5556 213.7987 405.0908 259.9326 0.0 367.5778 205.2294 269.8909 1009.9677;
	3.659 49.441 90.2752 111.1384 14.9235 32.6023 29.0556 17.6572 26.6756 19.4496 35.9522 53.6336 80.7451 61.0303 154.7563 58.3036 72.3396 76.6584 84.4497 68.5754 9.6852 76.0721 35.5799 82.9108 99.5632 70.7293 12.9183 1166.7016 774.6408 774.6408 733.7019 92.3791 281.499 176.5131 191.3381 330.5134 1079.3325 227.5399 425.515 266.687 86.8787 361.6685 188.5816 262.3332 1090.5755;
	3.7209 50.2778 89.4721 112.4832 14.738 33.9568 28.9651 11.335 25.9262 21.608 39.9421 59.5858 89.7061 62.7303 149.2499 56.229 69.7657 73.9308 85.9789 65.6893 9.655 79.2326 53.3758 82.4686 100.1169 61.9124 12.2989 1204.3948 784.2982 784.2982 685.4305 102.4997 286.5963 169.0846 196.6679 334.6339 1122.5819 234.9004 433.5375 268.1702 109.2846 376.6945 203.8885 272.9304 1134.2754;
