function solarprofile = ex_solar_profilesh1
%EX_WIND_PROFILE_D  Example wind_load_nyiso profile data for deterministic unit commitment.
% 2022.03.12
% Andres F. Ramirez


%% define constants
[GEN_BUS, PG, QG, QMAX, QMIN, VG, MBASE, GEN_STATUS, PMAX, PMIN, ...
    MU_PMAX, MU_PMIN, MU_QMAX, MU_QMIN, PC1, PC2, QC1MIN, QC1MAX, ...
    QC2MIN, QC2MAX, RAMP_AGC, RAMP_10, RAMP_30, RAMP_Q, APF] = idx_gen;
[CT_LABEL, CT_PROB, CT_TABLE, CT_TBUS, CT_TGEN, CT_TBRCH, CT_TAREABUS, ...
    CT_TAREAGEN, CT_TAREABRCH, CT_ROW, CT_COL, CT_CHGTYPE, CT_REP, ...
    CT_REL, CT_ADD, CT_NEWVAL, CT_TLOAD, CT_TAREALOAD, CT_LOAD_ALL_PQ, ...
    CT_LOAD_FIX_PQ, CT_LOAD_DIS_PQ, CT_LOAD_ALL_P, CT_LOAD_FIX_P, ...
    CT_LOAD_DIS_P, CT_TGENCOST, CT_TAREAGENCOST, CT_MODCOST_F, ...
    CT_MODCOST_X] = idx_ct;

solarprofile = struct( ...
    'type', 'mpcData', ...
    'table', CT_TGEN, ...
    'rows', [1:12], ...
    'col', PMAX, ...
    'chgtype', 1, ...
    'values', [] );
solarprofile.values(:,1,:) = [
	0.0 0.0 0.0 0.0 0.0 0.0 0.0 0.0 0.0 0.0 0.0 0.0;
	0.0 0.0 0.0 0.0 0.0 0.0 0.0 0.0 0.0 0.0 0.0 0.0;
	0.0 0.0 0.0 0.0 0.0 0.0 0.0 0.0 0.0 0.0 0.0 0.0;
	0.0 0.0 0.0 0.0 0.0 0.0 0.0 0.0 0.0 0.0 0.0 0.0;
	0.0 0.0 0.0 0.0 0.0 0.0 0.0 0.0 0.0 0.0 0.0 0.0;
	0.0951 0.0972 0.1051 0.0 0.0 0.1251 0.0156 0.1784 0.0 0.0 0.0 0.0;
	0.0 0.0282 0.0 3.8278 5.54 35.6948 4.4618 10.0283 30.9751 55.1345 35.5381 99.8489;
	0.4687 0.2274 0.2809 6.5887 10.9876 42.7199 5.34 16.4213 41.7721 124.2986 66.3313 225.1055;
	0.7083 0.2836 0.8645 8.6858 11.973 48.9658 6.1207 20.3007 54.0708 167.4505 69.9283 303.2539;
	9.3676 3.7921 5.8902 10.0291 11.2971 308.9182 38.6148 62.0664 210.0293 164.7784 57.144 298.4146;
	12.2019 7.1837 8.8147 11.1561 12.246 362.4193 45.3024 62.4769 233.9258 261.5702 157.8782 473.7051;
	14.472 8.4582 8.8255 11.3041 13.624 389.488 48.686 64.7104 247.8839 297.4312 182.0618 538.6497;
	19.6112 13.2964 10.9112 9.55 12.9264 381.5195 47.6899 66.4532 222.0913 335.6358 172.5585 607.8384;
	16.4165 12.8455 9.4766 7.9607 11.5126 363.0546 45.3818 65.7484 192.3946 307.7527 140.7627 557.3421;
	10.7071 9.461 6.3337 4.5174 8.2766 278.3882 34.7985 60.7971 149.8273 250.9595 109.4383 454.4892;
	3.7802 4.931 3.1407 2.44 4.1645 36.7477 4.5935 12.6572 40.9122 55.6249 29.3563 100.737;
	0.9694 0.7782 0.5949 1.4248 2.2811 39.0047 4.8756 6.471 33.7092 17.1126 10.5658 30.991;
	0.0 0.0 0.0 0.0 0.0 0.0 0.0 0.0 0.0 0.0 0.0 0.0;
	0.0 0.0 0.0 0.0 0.0 0.0 0.0 0.0 0.0 0.0 0.0 0.0;
	0.0 0.0 0.0 0.0 0.0 0.0 0.0 0.0 0.0 0.0 0.0 0.0;
	0.0 0.0 0.0 0.0 0.0 0.0 0.0 0.0 0.0 0.0 0.0 0.0;
	0.0 0.0 0.0 0.0 0.0 0.0 0.0 0.0 0.0 0.0 0.0 0.0;
	0.0 0.0 0.0 0.0 0.0 0.0 0.0 0.0 0.0 0.0 0.0 0.0;
	0.0 0.0 0.0 0.0 0.0 0.0 0.0 0.0 0.0 0.0 0.0 0.0;
];
