function loadprofile = ex_load_profilesh1
%EX_LOAD_PROFILE  Example load profile data file for stochastic unit commitment.
% 2022.03.12
% Andres F. Ramirez

%% define constants
[CT_LABEL, CT_PROB, CT_TABLE, CT_TBUS, CT_TGEN, CT_TBRCH, CT_TAREABUS, ...
    CT_TAREAGEN, CT_TAREABRCH, CT_ROW, CT_COL, CT_CHGTYPE, CT_REP, ...
    CT_REL, CT_ADD, CT_NEWVAL, CT_TLOAD, CT_TAREALOAD, CT_LOAD_ALL_PQ, ...
    CT_LOAD_FIX_PQ, CT_LOAD_DIS_PQ, CT_LOAD_ALL_P, CT_LOAD_FIX_P, ...
    CT_LOAD_DIS_P, CT_TGENCOST, CT_TAREAGENCOST, CT_MODCOST_F, ...
    CT_MODCOST_X] = idx_ct;

loadprofile = struct( ...
    'type', 'mpcData', ...
    'table', CT_TAREALOAD, ...
    'rows', [1:11], ...
    'col', CT_LOAD_ALL_P, ...
    'chgtype', 1, ...
    'values', [] );
loadprofile.values(:,1,:) = [
	1483.9225 951.2626 1539.3545 475.0075 796.0229 1079.6 810.7722 261.6089 476.7188 4383.4407 1676.9226;
	1492.7 950.3585 1543.0792 479.0939 769.723 1044.6719 809.1131 247.1767 488.3581 4324.272 1633.2363;
	1547.0402 983.5509 1591.7157 529.6376 794.5647 1089.4366 843.4901 253.7 499.9 4402.2102 1692.7469;
	1626.6551 1054.9 1723.8743 553.0 861.5805 1189.3 906.8733 281.0711 536.5214 4655.3933 1800.9;
	1765.9719 1165.1381 1916.719 560.816 975.6 1318.0928 1020.7701 333.1 611.2423 5286.9416 2063.5254;
	1878.9834 1241.2 2041.6385 583.343 1047.208 1406.9872 1083.8382 347.0807 660.622 5746.8974 2199.8871;
	1936.1128 1250.4882 2060.7151 584.1747 1047.0274 1417.9 1089.0463 357.3252 672.0 6135.4021 2273.186;
	1895.6209 1214.8893 2003.214 568.6143 1017.78 1336.5606 1070.7074 331.6569 674.2684 6306.2899 2267.0595;
	1871.2173 1214.2751 1958.5265 586.1 988.8 1232.1135 992.423 323.7975 664.7992 6232.9724 2209.4807;
	1872.0277 1229.0946 1970.1018 553.2566 992.1 1232.8373 978.0716 321.9539 659.6944 6372.97 2279.4763;
	1831.0245 1188.9721 1881.6624 565.7578 984.9843 1188.2 966.5147 317.8 655.3 6349.8057 2164.7616;
	1837.0224 1201.4636 1893.5235 571.7372 984.5 1182.702 958.7363 312.5769 659.1291 6314.6427 2161.7348;
	1805.8444 1168.7301 1795.4704 564.0977 931.6456 1169.6641 956.9914 314.9942 657.9771 6283.624 2206.8467;
	1795.4776 1173.8062 1838.3444 553.4063 937.9112 1228.6372 988.9817 324.5201 652.7435 6533.4205 2234.2;
	1761.5217 1167.7 1826.9141 540.9664 921.0482 1263.8616 1004.83 307.3363 648.0174 6535.3462 2324.1059;
	1751.4365 1166.7144 1842.5998 546.8 903.5264 1321.6817 1027.7778 316.7751 643.7906 6559.8575 2376.5058;
	1757.0405 1171.0442 1852.4464 548.502 922.6075 1318.5034 1043.4 339.4 660.8866 6291.8351 2494.5991;
	1784.9151 1203.3872 1887.542 557.0033 956.6843 1381.8672 1109.9 353.7965 693.5519 6347.6492 2630.2648;
	1836.1 1205.1534 1887.7262 556.8474 938.9968 1375.5045 1107.0 353.3165 668.8738 6122.0963 2544.2077;
	1770.9698 1115.2 1773.1316 546.9252 885.2 1284.614 1076.3814 332.971 635.2059 5860.0 2331.3181;
	1684.7898 1038.2003 1664.6153 528.0429 838.5531 1213.3618 1013.1742 304.89 577.9107 5521.0366 2116.4014;
	1584.4474 948.7311 1539.9615 509.7 793.8484 1098.7 910.9 270.8805 541.273 5137.9922 1944.0809;
	1475.1429 885.4 1501.4325 481.2259 757.9275 1047.9955 843.3117 236.7627 478.7499 4546.4997 1794.5979;
	1423.1487 866.9 1497.6682 478.5401 746.519 1053.3761 810.7014 233.7403 488.0229 4333.7745 1739.4958;
];
