function windprofile = ex_wind_profilesh1
%EX_WIND_PROFILE_D  Example wind_load_nyiso profile data for deterministic unit commitment.
% 2022.03.12
% Andres F. Ramirez


%% define constants
[GEN_BUS, PG, QG, QMAX, QMIN, VG, MBASE, GEN_STATUS, PMAX, PMIN, ...
    MU_PMAX, MU_PMIN, MU_QMAX, MU_QMIN, PC1, PC2, QC1MIN, QC1MAX, ...
    QC2MIN, QC2MAX, RAMP_AGC, RAMP_10, RAMP_30, RAMP_Q, APF] = idx_gen;
[CT_LABEL, CT_PROB, CT_TABLE, CT_TBUS, CT_TGEN, CT_TBRCH, CT_TAREABUS, ...
    CT_TAREAGEN, CT_TAREABRCH, CT_ROW, CT_COL, CT_CHGTYPE, CT_REP, ...
    CT_REL, CT_ADD, CT_NEWVAL, CT_TLOAD, CT_TAREALOAD, CT_LOAD_ALL_PQ, ...
    CT_LOAD_FIX_PQ, CT_LOAD_DIS_PQ, CT_LOAD_ALL_P, CT_LOAD_FIX_P, ...
    CT_LOAD_DIS_P, CT_TGENCOST, CT_TAREAGENCOST, CT_MODCOST_F, ...
    CT_MODCOST_X] = idx_ct;

windprofile = struct( ...
    'type', 'mpcData', ...
    'table', CT_TGEN, ...
    'rows', [1:45], ...
    'col', PMAX, ...
    'chgtype', 1, ...
    'values', [] );
windprofile.values(:,1,:) = [
	3.5522 47.9981 91.3402 118.903 14.64 14.5423 16.2603 18.4058 26.6002 25.2084 46.5973 69.514 104.653 7.227 15.7829 5.9461 7.3776 7.818 11.9364 19.4654 5.4201 33.932 59.8472 87.9367 101.6472 71.8597 8.0744 645.7597 399.5576 399.5576 192.9999 38.1385 39.788 50.1041 22.6577 170.4779 455.2819 57.3054 329.999 272.2692 20.4221 161.3225 106.3377 241.7306 460.0245;
	3.5689 48.2241 92.3487 117.6909 14.6908 15.7856 15.8025 18.0546 26.5719 24.9456 46.1115 68.7893 103.5619 6.416 13.7539 5.1817 6.4292 6.813 8.6196 13.7583 5.2675 36.833 58.4967 85.748 98.6716 74.4141 7.4935 667.3723 393.8177 393.8177 168.7447 33.8996 28.7321 35.4138 20.1149 168.0289 476.0297 58.1401 335.693 264.2988 15.6501 175.1146 109.7146 231.2344 480.9884;
	3.4166 46.1652 92.3394 115.6376 14.687 13.318 13.9498 18.6913 26.2586 22.8472 42.2326 63.0028 94.8503 8.2234 15.3834 5.7956 7.1908 7.6201 19.7894 20.1084 4.6499 31.0754 56.4426 87.4489 101.9866 74.4965 9.0591 648.1154 356.5663 356.5663 143.3929 35.8454 65.9646 51.7591 25.7814 152.135 405.7819 44.4231 260.7809 273.1783 38.6078 147.7412 89.392 226.284 410.0088;
	2.9646 40.0586 92.2067 111.8427 14.4198 13.2944 12.2253 18.0638 25.8118 23.5354 43.5048 64.9006 97.7075 9.8452 15.4731 5.8294 7.2328 7.6646 13.6804 18.7208 4.0751 31.0204 62.6271 86.2132 102.6141 74.6817 9.9271 508.8593 279.9051 279.9051 154.3069 31.8744 45.6013 48.1874 30.866 119.4262 315.0246 37.7981 200.5179 274.8591 14.9288 147.4797 78.7608 227.1239 318.3061;
	2.2498 30.3998 91.1705 115.9811 14.1198 14.4692 10.8537 18.5928 15.2321 22.4709 41.5371 61.9652 93.2883 13.9024 20.1658 7.5974 9.4264 9.9891 22.8548 26.4396 3.6179 33.7615 53.251 84.4532 103.3717 75.4963 10.2391 387.01 208.9552 208.9552 138.9019 31.7492 76.1825 68.0555 43.5859 89.1542 185.7322 38.1886 179.2144 276.8886 13.2665 160.5118 80.2219 231.387 187.6669;
	2.8985 39.1648 90.263 115.577 13.9599 21.5852 11.4059 18.1342 8.0492 19.8173 36.632 54.6477 82.2718 27.9024 23.1469 8.7205 10.8198 11.4658 33.6346 25.887 3.802 50.3655 51.9226 84.0327 100.5365 73.5073 8.8544 300.0318 180.8886 180.8886 118.5198 29.1045 112.1153 66.6332 87.4778 77.1791 145.6774 33.0387 196.1251 269.2942 13.7827 239.4521 84.7173 225.609 147.1949;
	2.2973 31.0417 88.9209 115.1891 13.8541 21.8569 11.894 17.0567 12.45 27.4984 50.8305 75.829 114.1602 41.0563 26.9658 10.1592 12.605 13.3575 38.5464 33.4025 3.9647 50.9994 68.8267 85.4687 100.3086 74.9113 11.4408 268.7316 202.1345 202.1345 94.5416 20.822 128.4879 85.9782 128.717 86.2441 165.1375 25.0251 158.0504 268.6838 11.9685 242.4658 78.6066 236.9412 166.8577;
	1.6943 22.8943 71.0166 116.0662 14.7244 19.8027 13.1613 17.7863 18.9606 29.6184 54.7492 81.675 122.9612 42.4662 29.2158 11.0069 13.6567 14.472 55.1616 51.8055 4.3871 46.2062 71.05 84.7122 100.0758 73.7881 12.8442 154.0745 169.7968 169.7968 87.5911 12.1601 183.8719 133.3475 133.1371 72.4466 115.722 25.7923 195.3076 268.0601 10.5919 219.6775 89.216 216.3135 116.9274;
	2.5279 34.1571 79.7964 101.7286 14.1901 24.0116 10.4082 16.7487 19.2364 28.9685 53.5478 79.8828 120.2631 34.7977 21.4757 8.0909 10.0387 10.638 66.0059 47.2332 3.4694 56.0272 69.1548 82.3117 96.523 70.2294 12.0237 152.7683 124.272 124.272 75.0278 7.9815 220.0197 121.5784 109.0954 53.0227 104.9948 19.9981 143.201 258.5437 19.8752 266.3691 74.1817 224.1199 106.0885;
	1.8172 24.5538 78.7877 100.8719 12.9608 14.2378 9.3561 17.2432 24.9953 28.9475 53.5091 79.825 120.1761 37.523 15.0014 5.6517 7.0123 7.4309 76.859 41.1051 3.1187 33.2214 70.2826 78.2933 95.6984 72.0292 11.4838 255.2463 207.746 207.746 88.6502 9.2348 256.1966 105.8047 117.6396 88.6383 208.1326 22.0076 13.0619 256.3351 11.8793 157.9442 75.9488 207.9866 210.3007;
	1.4243 19.2458 74.9136 98.203 11.8138 24.8047 13.1089 16.9332 25.7137 28.7393 53.1242 79.2509 119.3118 41.9338 6.1787 2.3278 2.8882 3.0606 70.0128 31.7859 4.3696 57.8776 68.6056 81.5359 91.7088 72.1711 11.6788 363.2237 264.9739 264.9739 138.2616 12.4466 233.376 81.8169 131.468 113.0555 299.0125 24.8014 154.6114 245.6486 53.2511 275.1667 85.2479 177.6803 302.1272;
	1.5812 21.3658 83.6902 91.0076 11.5441 29.8311 17.867 17.5327 26.2872 28.7401 53.1256 79.2529 119.3148 43.3389 0.0173 0.0065 0.0081 0.0086 80.1473 42.6135 5.9557 69.6058 69.2082 83.0577 97.0424 73.9844 12.1629 454.4775 325.3327 325.3327 254.6816 16.3394 267.1575 109.6873 135.8734 138.8086 395.2982 43.0049 189.8074 259.9351 46.89 330.926 101.4288 194.2774 399.4159;
	2.8679 38.7513 88.5702 92.0227 13.9672 32.2335 19.6992 16.9702 26.6808 29.3517 54.2562 80.9396 121.8542 57.3745 42.5593 16.034 19.894 21.0817 85.281 56.1154 6.5664 75.2114 69.7705 85.3663 101.8252 73.5857 11.0646 670.7295 428.3203 428.3203 292.2785 22.2335 284.2701 144.4411 179.8767 182.75 601.6551 56.1054 223.7075 272.7462 18.4905 357.5764 136.3666 225.813 607.9224;
	3.4751 46.9556 88.1973 111.0834 13.9561 30.2819 18.6159 16.2106 24.9687 29.0035 53.6126 79.9794 120.4085 55.3734 54.5673 20.5579 25.507 27.0298 85.0051 52.0331 6.2053 70.6578 64.2423 84.2521 96.8257 71.6495 10.6532 786.8667 490.1814 490.1814 356.5278 26.314 283.3503 133.9333 173.6031 209.1441 660.7672 70.2496 274.2856 259.3545 2.0538 335.9275 135.7898 254.7917 667.6502;
	3.6302 49.0518 91.3061 116.2976 14.0012 33.2148 23.4333 17.4928 25.7498 25.6216 47.3612 70.6536 106.3686 63.0989 95.2177 35.8727 44.5087 47.166 82.6681 50.0842 7.8111 77.5012 43.1639 84.7855 98.1267 70.7507 12.3615 987.5403 573.7442 573.7442 466.3533 32.9044 275.5605 128.9168 197.8234 244.7975 844.648 105.3596 396.8988 262.8395 11.0915 368.4627 151.8813 249.3839 853.4465;
	3.8049 51.4129 93.7406 117.5884 14.4739 33.5242 26.814 17.3007 26.7945 12.9955 24.022 35.8361 53.9511 61.5865 125.1056 47.1328 58.4796 61.9709 87.676 60.6891 8.938 78.2232 20.9337 84.1784 98.4674 68.2889 12.5152 1123.773 682.2725 682.2725 662.3251 47.4309 292.2534 156.2139 193.0821 291.1029 971.3976 154.0152 361.3521 263.752 14.1338 371.8952 174.4317 257.895 981.5163;
	3.8591 52.1453 93.6382 119.293 14.9862 34.729 30.2541 17.1868 27.9535 20.2343 37.4028 55.7976 84.0029 64.5767 158.2231 59.6096 73.9601 78.3756 86.0624 67.7741 10.0847 81.0343 30.6961 82.5128 98.3606 69.7339 12.3002 1093.9838 733.7931 733.7931 717.4286 80.1009 286.8746 174.4507 202.4568 313.0851 998.9464 198.8921 419.4194 263.466 27.1368 385.2602 217.0081 268.8886 1009.3521;
	3.6684 49.5682 93.2201 113.8678 14.5383 33.476 29.4283 17.4267 26.8846 17.7382 32.7887 48.9143 73.6403 64.8357 174.9548 65.9132 81.7812 86.6636 87.4935 69.0092 9.8094 78.1106 28.9212 83.7548 100.6552 67.8643 12.8329 1153.3528 728.8735 728.8735 666.7546 97.0506 291.645 177.6299 203.2686 310.986 1071.3656 223.1424 427.3366 269.612 114.7398 371.3602 196.4991 254.9238 1082.5257;
	3.7532 50.7143 92.4413 119.1862 14.4006 33.971 30.4482 12.8421 27.2447 19.3292 35.7297 53.3016 80.2453 65.2334 178.9955 67.4355 83.67 88.6652 86.0341 65.2788 10.1494 79.2657 41.6861 84.8441 104.7641 50.6919 12.667 1177.3534 739.0672 739.0672 638.1375 106.7627 286.7803 168.0278 204.5154 315.3353 1070.683 239.6844 426.5765 280.6181 122.7271 376.8516 195.4677 267.3059 1081.836;
