function solarprofile = ex_solar_profilesh1
%EX_WIND_PROFILE_D  Example wind_load_nyiso profile data for deterministic unit commitment.
% 2022.03.12
% Andres F. Ramirez


%% define constants
[GEN_BUS, PG, QG, QMAX, QMIN, VG, MBASE, GEN_STATUS, PMAX, PMIN, ...
    MU_PMAX, MU_PMIN, MU_QMAX, MU_QMIN, PC1, PC2, QC1MIN, QC1MAX, ...
    QC2MIN, QC2MAX, RAMP_AGC, RAMP_10, RAMP_30, RAMP_Q, APF] = idx_gen;
[CT_LABEL, CT_PROB, CT_TABLE, CT_TBUS, CT_TGEN, CT_TBRCH, CT_TAREABUS, ...
    CT_TAREAGEN, CT_TAREABRCH, CT_ROW, CT_COL, CT_CHGTYPE, CT_REP, ...
    CT_REL, CT_ADD, CT_NEWVAL, CT_TLOAD, CT_TAREALOAD, CT_LOAD_ALL_PQ, ...
    CT_LOAD_FIX_PQ, CT_LOAD_DIS_PQ, CT_LOAD_ALL_P, CT_LOAD_FIX_P, ...
    CT_LOAD_DIS_P, CT_TGENCOST, CT_TAREAGENCOST, CT_MODCOST_F, ...
    CT_MODCOST_X] = idx_ct;

solarprofile = struct( ...
    'type', 'mpcData', ...
    'table', CT_TGEN, ...
    'rows', [1:12], ...
    'col', PMAX, ...
    'chgtype', 1, ...
    'values', [] );
solarprofile.values(:,1,:) = [
	0.0 0.0 0.0 0.0 0.0 0.0 0.0 0.0 0.0 0.0 0.0 0.0;
	0.0 0.0 0.0 0.0 0.0 0.0 0.0 0.0 0.0 0.0 0.0 0.0;
	0.0 0.0 0.0 0.0 0.0 0.0 0.0 0.0 0.0 0.0 0.0 0.0;
	0.0 0.0 0.0 0.0 0.0 0.0 0.0 0.0 0.0 0.0 0.0 0.0;
	0.0 0.0 0.0 0.0 0.0 0.0 0.0 0.0 0.0 0.0 0.0 0.0;
	0.0951 0.0972 0.1051 0.0 0.0 1.4908 0.1863 0.1784 0.7177 0.0 0.0 0.0;
	2.3791 1.0219 1.5877 2.3031 2.6935 57.9761 7.247 2.8822 31.4864 121.8699 82.6113 220.7072;
	1.8966 0.8849 0.7638 5.1725 11.5469 137.2047 17.1506 11.6725 60.8138 126.0688 177.7662 228.3114;
	1.7393 0.5363 0.2263 6.8808 12.8255 178.7192 22.3399 21.039 78.6472 109.4802 176.8117 198.2693;
	12.4089 5.2044 6.6885 8.2807 11.7641 384.539 48.0674 57.571 234.0729 188.38 161.4386 341.1572;
	20.2508 14.2572 13.2545 9.2867 11.6666 370.9098 46.3637 49.7924 233.9238 284.0206 199.5477 514.3631;
	22.9797 15.9867 13.2626 8.9038 11.9643 382.5089 47.8136 52.2011 258.5907 297.8159 222.7736 539.3463;
	23.3176 16.5824 13.7384 3.1229 6.7918 407.7576 50.9697 62.9399 291.9783 232.7192 204.9791 421.4559;
	18.7948 15.4136 12.7203 3.3594 5.7163 402.6916 50.3365 65.4472 289.2424 195.8206 180.7522 354.6323;
	13.7664 10.9723 9.4053 3.0275 4.6251 363.7963 45.4745 61.9568 268.5494 164.3149 167.2026 297.5753;
	7.4768 5.9467 6.6434 1.8678 4.4424 94.7169 11.8396 15.4094 44.9326 64.6098 65.2493 117.0087;
	1.0247 0.927 0.9088 0.744 2.6764 53.4134 6.6767 6.7075 27.0171 15.9442 21.5813 28.875;
	0.0 0.0 0.0 0.0 0.0 0.0 0.0 0.0 0.0 0.0 0.0 0.0;
	0.0 0.0 0.0 0.0 0.0 0.0 0.0 0.0 0.0 0.0 0.0 0.0;
	0.0 0.0 0.0 0.0 0.0 0.0 0.0 0.0 0.0 0.0 0.0 0.0;
	0.0 0.0 0.0 0.0 0.0 0.0 0.0 0.0 0.0 0.0 0.0 0.0;
	0.0 0.0 0.0 0.0 0.0 0.0 0.0 0.0 0.0 0.0 0.0 0.0;
	0.0 0.0 0.0 0.0 0.0 0.0 0.0 0.0 0.0 0.0 0.0 0.0;
	0.0 0.0 0.0 0.0 0.0 0.0 0.0 0.0 0.0 0.0 0.0 0.0;
];
