function loadprofile = ex_load_profilesh1
%EX_LOAD_PROFILE  Example load profile data file for stochastic unit commitment.
% 2022.03.12
% Andres F. Ramirez

%% define constants
[CT_LABEL, CT_PROB, CT_TABLE, CT_TBUS, CT_TGEN, CT_TBRCH, CT_TAREABUS, ...
    CT_TAREAGEN, CT_TAREABRCH, CT_ROW, CT_COL, CT_CHGTYPE, CT_REP, ...
    CT_REL, CT_ADD, CT_NEWVAL, CT_TLOAD, CT_TAREALOAD, CT_LOAD_ALL_PQ, ...
    CT_LOAD_FIX_PQ, CT_LOAD_DIS_PQ, CT_LOAD_ALL_P, CT_LOAD_FIX_P, ...
    CT_LOAD_DIS_P, CT_TGENCOST, CT_TAREAGENCOST, CT_MODCOST_F, ...
    CT_MODCOST_X] = idx_ct;

loadprofile = struct( ...
    'type', 'mpcData', ...
    'table', CT_TAREALOAD, ...
    'rows', [1:11], ...
    'col', CT_LOAD_ALL_P, ...
    'chgtype', 1, ...
    'values', [] );
loadprofile.values(:,1,:) = [
	1384.5788 897.1067 1615.0383 572.6647 793.7482 1138.9771 836.4189 241.9868 497.8196 4476.1098 1705.3821;
	1415.6271 899.3297 1606.0346 565.3655 800.4621 1124.6289 833.7 233.6 504.9418 4462.0888 1731.3874;
	1406.0386 884.9975 1617.9159 563.2 820.8593 1158.9158 855.5882 245.62 517.6009 4494.3008 1733.6867;
	1480.7523 958.2342 1716.4917 567.8439 852.4494 1230.5 896.3509 257.9495 542.99 4659.7074 1816.3;
	1631.6213 1078.3974 1920.4729 590.0709 1007.9043 1397.4732 1014.4067 280.4925 621.1 5114.7411 2058.8761;
	1724.09 1153.7521 1973.3076 592.3259 1031.2959 1453.0092 1056.5 283.2567 663.0914 5569.2044 2127.0093;
	1711.6783 1136.0175 1959.3423 580.207 1008.6 1427.0 1074.3446 296.9261 687.2 5770.5546 2121.9077;
	1706.1833 1124.8222 1898.3551 555.4024 952.649 1390.1605 1075.3 300.5368 690.3017 6033.1224 2144.0296;
	1707.2579 1120.2748 1899.5909 512.8231 952.181 1364.9275 1080.642 298.9778 692.5 6159.2129 2173.1839;
	1667.4086 1122.2948 1891.5293 536.0571 954.5 1357.2675 1110.1677 315.6 691.3239 6322.7957 2171.5;
	1652.939 1140.8671 1863.7 523.4613 910.1542 1374.8 1068.9735 305.8 675.1 6162.6998 2087.9805;
	1670.778 1137.9457 1827.4052 535.7774 894.6 1382.5409 1085.3625 306.5749 713.6965 6244.5728 2161.8414;
	1662.0961 1143.9016 1786.9062 528.2374 846.9134 1330.9159 1051.2205 286.6229 690.2445 6183.9075 2119.8481;
	1602.3276 1117.6855 1775.0614 538.5364 880.5837 1287.6167 1017.8992 291.1789 683.0135 6147.2902 2113.9154;
	1616.9576 1130.7848 1780.5015 523.7227 874.1 1288.1578 1020.6178 261.635 704.5952 6163.3156 2127.2392;
	1618.794 1166.2115 1830.2433 535.9927 884.0973 1330.3088 1056.4331 258.9694 722.2942 6196.5328 2230.5516;
	1573.0298 1169.2463 1832.2424 546.3085 913.525 1340.2607 1060.3441 271.9336 686.5183 6054.0292 2259.7236;
	1569.2456 1178.9987 1858.414 554.0283 948.7 1402.2528 1105.9043 261.6477 715.8986 6095.0992 2352.9725;
	1595.6749 1155.7255 1873.1423 563.7729 931.7989 1379.4188 1102.2618 240.5403 696.7 5847.2 2326.3483;
	1591.6521 1099.6618 1790.1208 550.4 887.0271 1334.0963 1054.2017 281.0534 679.7352 5710.2571 2233.8495;
	1469.4233 996.7017 1682.379 545.3 833.3641 1198.4639 963.9973 271.4673 620.4027 5454.66 2055.5004;
	1406.5765 922.9087 1571.0949 532.6518 758.9676 1126.8047 908.4259 243.2737 581.8418 5099.3322 1903.2996;
	1372.8109 821.6334 1457.2538 518.4426 746.1257 1089.3608 838.7257 249.8863 543.2247 4701.2992 1776.1644;
	1349.3149 843.372 1478.1532 504.021 763.0043 1079.5 806.242 254.5242 527.2112 4483.1792 1703.2506;
];
