function windprofile = ex_wind_profilesh1
%EX_WIND_PROFILE_D  Example wind_load_nyiso profile data for deterministic unit commitment.
% 2022.03.12
% Andres F. Ramirez


%% define constants
[GEN_BUS, PG, QG, QMAX, QMIN, VG, MBASE, GEN_STATUS, PMAX, PMIN, ...
    MU_PMAX, MU_PMIN, MU_QMAX, MU_QMIN, PC1, PC2, QC1MIN, QC1MAX, ...
    QC2MIN, QC2MAX, RAMP_AGC, RAMP_10, RAMP_30, RAMP_Q, APF] = idx_gen;
[CT_LABEL, CT_PROB, CT_TABLE, CT_TBUS, CT_TGEN, CT_TBRCH, CT_TAREABUS, ...
    CT_TAREAGEN, CT_TAREABRCH, CT_ROW, CT_COL, CT_CHGTYPE, CT_REP, ...
    CT_REL, CT_ADD, CT_NEWVAL, CT_TLOAD, CT_TAREALOAD, CT_LOAD_ALL_PQ, ...
    CT_LOAD_FIX_PQ, CT_LOAD_DIS_PQ, CT_LOAD_ALL_P, CT_LOAD_FIX_P, ...
    CT_LOAD_DIS_P, CT_TGENCOST, CT_TAREAGENCOST, CT_MODCOST_F, ...
    CT_MODCOST_X] = idx_ct;

windprofile = struct( ...
    'type', 'mpcData', ...
    'table', CT_TGEN, ...
    'rows', [1:45], ...
    'col', PMAX, ...
    'chgtype', 1, ...
    'values', [] );
windprofile.values(:,1,:) = [
	3.0762 41.5661 80.5898 109.0604 13.6754 7.3191 11.5443 16.2592 21.6621 23.5279 43.4909 64.8799 97.6763 5.451 22.3589 8.4236 10.4515 11.0755 14.7934 24.8546 3.8481 17.0779 52.0136 84.7075 94.1875 68.3125 7.1729 613.3962 369.3163 369.3163 203.9631 38.4427 49.3113 63.9758 17.0897 157.5749 473.296 59.6449 152.3632 252.288 11.8659 81.193 101.17 198.3562 478.2262;
	3.1245 42.2194 83.4929 108.84 13.1391 1.5357 7.7479 16.0738 22.6932 25.4003 46.9521 70.0433 105.4498 3.7247 15.0413 5.6667 7.031 7.4507 14.0132 14.3345 2.5826 3.5832 63.2378 84.6945 97.5407 70.6022 6.7051 631.6126 344.5942 344.5942 169.2785 34.215 46.7106 36.8971 11.6774 147.0269 455.849 54.607 144.6849 261.2699 11.0279 17.0356 97.1713 205.4618 460.5974;
	2.7482 37.1341 86.2818 109.0231 13.7984 9.507 6.8477 16.7773 24.6809 24.6526 45.5699 67.9814 102.3456 5.121 9.7533 3.6745 4.5591 4.8313 22.0491 21.1652 2.2826 22.1829 65.5635 84.6552 95.5682 71.4324 8.2845 585.3014 326.4411 326.4411 140.0815 32.4952 73.4969 54.4793 16.0551 139.2815 367.1509 37.3868 52.1508 255.9862 5.9963 105.4639 82.6724 189.6405 370.9754;
	2.8099 37.9682 88.0842 108.9696 14.0413 11.9352 8.8288 17.5788 25.6289 24.6305 45.5291 67.9205 102.254 9.9664 9.8862 3.7246 4.6212 4.8971 11.5251 24.036 2.9429 27.8489 69.0858 85.1534 101.2187 73.4629 10.0488 466.8842 269.9466 269.9466 154.9552 27.8064 38.4172 61.8686 31.246 115.1772 288.6813 29.5889 25.0603 271.1215 28.5175 132.4015 79.2747 187.5517 291.6884;
	2.0238 27.3466 87.4958 112.0746 12.7285 11.2901 5.041 16.6905 16.3379 23.6191 43.6595 65.1314 98.0549 13.9059 19.8252 7.469 9.2671 9.8204 20.1672 30.7172 1.6803 26.3437 62.6732 83.3794 98.7869 71.8153 9.1846 351.2537 204.8312 204.8312 135.7246 25.5861 67.2239 79.0663 43.597 87.3947 160.4022 34.0565 110.4643 264.6078 12.7503 125.2453 73.1571 204.6097 162.0731;
	2.8886 39.0309 90.5479 118.0415 13.9715 18.9783 8.7241 17.5636 10.1422 21.7361 40.1788 59.9389 90.2377 27.0677 23.4425 8.8318 10.958 11.6122 32.0875 31.5746 2.908 44.2826 65.1648 83.759 99.3709 70.0285 8.4314 262.5626 196.815 196.815 124.7762 23.9724 106.9584 81.2731 84.8609 83.9744 132.6364 27.2958 146.7202 266.172 13.7003 210.5324 87.3097 203.3562 134.018;
	2.3631 31.9304 86.8216 112.5448 13.6613 17.6261 8.9086 15.1505 12.1977 28.1164 51.9727 77.533 116.7255 35.4355 27.1427 10.2258 12.6876 13.4451 37.2442 39.8195 2.9695 41.1277 70.7581 81.7795 96.5909 69.3305 11.0625 232.9888 236.1745 236.1745 107.0593 16.1643 124.1473 102.4955 111.0952 100.7678 161.9349 19.08 122.3285 258.7255 12.4439 195.5327 90.3876 205.6565 163.6218;
	1.5927 21.5215 69.3858 112.7377 13.1806 12.8172 10.104 16.3996 18.0818 28.6012 52.8688 78.8699 118.7382 41.39 34.615 13.041 16.1805 17.1465 53.803 60.9236 3.368 29.9069 72.3389 82.3011 97.7623 69.2946 12.3944 99.9727 187.5557 187.5557 95.7249 10.2809 179.3433 156.8174 129.7631 80.0237 109.3926 18.0492 131.8564 261.8634 7.3503 142.1858 86.0285 176.3619 110.5321;
	2.5598 34.5883 88.0121 109.2438 14.3331 20.7905 9.5017 17.9256 22.0765 28.9573 53.527 79.8518 120.2165 43.3225 23.8461 8.9839 11.1467 11.8121 67.1998 58.1327 3.1672 48.5112 72.1672 87.9133 102.2768 70.2042 12.9512 95.5275 160.8836 160.8836 90.7451 6.6839 223.9992 149.6338 135.8218 68.6437 117.806 19.702 111.7028 273.9557 20.8688 230.6362 79.9698 229.1017 119.0331;
	1.6615 22.4504 87.035 112.3416 12.9251 12.6233 9.9958 18.2502 26.384 29.4213 54.3847 81.1313 122.1428 44.6223 31.4182 11.8366 14.6862 15.563 71.9596 47.9566 3.3319 29.4545 71.8117 84.3302 102.0572 71.5716 12.8395 191.8364 241.6634 241.6634 106.684 6.4451 239.8655 123.4405 139.897 103.1097 229.0968 20.7653 64.7268 273.3675 26.5639 140.035 77.6727 201.34 231.4832;
	1.4714 19.8818 81.562 105.1736 12.7022 25.3437 14.0174 17.1347 26.6682 29.4212 54.3846 81.1311 122.1424 50.599 65.7602 24.7748 30.7391 32.5743 72.5692 40.6375 4.6725 59.1352 71.447 82.9366 94.088 69.9745 11.2489 350.9214 308.4521 308.4521 167.385 11.8317 241.8973 104.601 158.6347 131.6062 341.2666 30.3858 170.632 252.0215 3.7081 281.1456 94.4534 187.5227 344.8215;
	1.6483 22.2721 87.8981 96.9046 12.3667 29.6648 18.4611 17.3218 27.3712 29.0933 53.7786 80.227 120.7814 51.435 67.2176 25.3238 31.4203 33.2962 84.0426 50.3983 6.1537 69.2178 73.0503 80.7868 96.2802 69.4515 11.2687 435.279 368.8565 368.8565 274.7151 16.2107 280.1419 129.7254 161.2556 157.3788 420.158 42.8764 207.4735 257.8934 2.7869 329.081 108.3585 188.0609 424.5346;
	2.5766 34.815 89.3551 92.2808 13.7177 31.5134 18.5244 16.611 27.1725 29.1645 53.9102 80.4233 121.0769 55.8973 43.3874 16.346 20.2811 21.4919 83.3422 60.715 6.1748 73.5312 71.5894 82.3242 99.1945 70.1438 9.2142 544.9708 395.6909 395.6909 291.8888 23.0457 277.8072 156.2806 175.2457 168.8281 570.9757 48.2349 211.1942 265.6996 4.2358 349.5883 134.5601 218.8406 576.9233;
	3.5465 47.9214 90.2838 110.7746 14.9572 33.0325 20.4476 17.3228 27.0376 29.8245 55.1301 82.2433 123.8169 61.492 75.0309 28.2675 35.0726 37.1665 89.3163 61.7336 6.8159 77.0759 70.2924 84.1305 99.6685 70.4745 9.884 760.9072 590.5923 590.5923 416.1039 28.8553 297.7211 158.9025 192.7857 251.9861 790.0934 78.6103 292.2066 266.9693 18.4684 366.4407 148.101 260.8079 798.3236;
	3.7818 51.1002 91.8932 113.3082 14.9504 34.1046 23.1418 17.3386 27.7534 26.3593 48.7247 72.6877 109.431 67.3264 102.7657 38.7164 48.037 50.9049 84.4472 63.588 7.7139 79.5773 51.3307 84.2812 99.5862 69.9648 11.7623 1010.2259 677.5986 677.5986 506.5311 34.4993 281.4906 163.6757 211.0773 289.1088 1023.2909 104.7143 436.6304 266.7486 16.9158 378.3334 164.0582 263.4259 1033.9501;
	3.606 48.7248 91.345 110.5185 14.437 33.7436 24.3975 17.3334 26.1367 19.2273 35.5414 53.0208 79.8225 65.5988 136.9212 51.5843 64.0027 67.8238 87.5005 68.6714 8.1325 78.7351 44.5357 84.1776 100.0795 71.4948 12.4342 1063.6094 722.0444 722.0444 636.9576 43.5953 291.6683 176.7603 205.661 308.0723 1063.6704 151.7006 387.9019 268.07 14.0065 374.329 165.3924 263.0388 1074.7503;
	3.5729 48.2784 91.9495 114.947 14.1405 32.4878 28.3826 17.5513 26.7564 19.1562 35.41 52.8248 79.5275 65.5677 171.5222 64.62 80.1767 84.9633 88.866 69.6858 9.4609 75.8049 33.753 83.7052 99.5764 73.1842 12.0882 1017.7358 753.2293 753.2293 691.669 77.1692 296.2201 179.3715 205.5635 321.3779 1013.9296 198.9764 410.133 266.7224 22.3311 360.3981 194.35 270.8564 1024.4914;
	3.7325 50.4337 94.0648 116.7535 14.7825 34.1286 30.7064 18.0195 28.0574 18.6737 34.518 51.4941 77.5241 65.5326 181.0304 68.2022 84.6212 89.6732 88.9311 69.1597 10.2355 79.6334 38.7896 86.0326 102.4748 71.5653 12.8661 1180.5656 792.3647 792.3647 738.2278 91.48 296.4371 178.0173 205.4535 338.0756 1137.4185 233.5569 457.3452 274.4861 110.9339 378.5998 197.7198 264.4866 1149.2666;
	3.6799 49.723 93.9429 119.1328 14.5726 34.6135 31.7422 13.0602 28.4088 20.4725 37.8431 56.4544 84.9919 64.9182 187.8016 70.7532 87.7863 93.0273 88.989 69.449 10.5807 80.7648 51.6969 87.1046 104.5481 63.7685 12.9422 1232.6696 814.2189 814.2189 698.9286 108.0967 296.63 178.762 203.5274 347.4001 1153.4277 237.3691 471.0267 280.0395 116.1298 383.9787 198.9125 278.5238 1165.4426;
