function solarprofile = ex_solar_profilesh1
%EX_WIND_PROFILE_D  Example wind_load_nyiso profile data for deterministic unit commitment.
% 2022.03.12
% Andres F. Ramirez


%% define constants
[GEN_BUS, PG, QG, QMAX, QMIN, VG, MBASE, GEN_STATUS, PMAX, PMIN, ...
    MU_PMAX, MU_PMIN, MU_QMAX, MU_QMIN, PC1, PC2, QC1MIN, QC1MAX, ...
    QC2MIN, QC2MAX, RAMP_AGC, RAMP_10, RAMP_30, RAMP_Q, APF] = idx_gen;
[CT_LABEL, CT_PROB, CT_TABLE, CT_TBUS, CT_TGEN, CT_TBRCH, CT_TAREABUS, ...
    CT_TAREAGEN, CT_TAREABRCH, CT_ROW, CT_COL, CT_CHGTYPE, CT_REP, ...
    CT_REL, CT_ADD, CT_NEWVAL, CT_TLOAD, CT_TAREALOAD, CT_LOAD_ALL_PQ, ...
    CT_LOAD_FIX_PQ, CT_LOAD_DIS_PQ, CT_LOAD_ALL_P, CT_LOAD_FIX_P, ...
    CT_LOAD_DIS_P, CT_TGENCOST, CT_TAREAGENCOST, CT_MODCOST_F, ...
    CT_MODCOST_X] = idx_ct;

solarprofile = struct( ...
    'type', 'mpcData', ...
    'table', CT_TGEN, ...
    'rows', [1:12], ...
    'col', PMAX, ...
    'chgtype', 1, ...
    'values', [] );
solarprofile.values(:,1,:) = [
	0.0 0.0 0.0 0.0 0.0 0.0 0.0 0.0 0.0 0.0 0.0 0.0;
	0.0 0.0 0.0 0.0 0.0 0.0 0.0 0.0 0.0 0.0 0.0 0.0;
	0.0 0.0 0.0 0.0 0.0 0.0 0.0 0.0 0.0 0.0 0.0 0.0;
	0.0 0.0 0.0 0.0 0.0 0.0 0.0 0.0 0.0 0.0 0.0 0.0;
	0.0 0.0 0.0 0.0 0.0 0.0 0.0 0.0 0.0 0.0 0.0 0.0;
	0.0951 0.0972 0.1051 0.0 0.0 0.1251 0.0156 0.1784 0.0 0.0 0.0 0.0;
	1.4399 1.4015 0.3894 1.816 0.9075 104.4121 13.0515 7.6556 23.6573 238.9507 38.0555 432.7412;
	6.4433 4.8547 2.2859 7.1891 11.408 228.5404 28.5675 28.5605 28.5527 248.2748 37.8309 449.6271;
	11.0291 7.3916 3.7174 9.8245 13.2602 275.5458 34.4432 42.7578 45.928 268.2049 54.435 485.7206;
	21.2884 15.6328 9.241 10.1812 11.7118 430.6374 53.8297 67.8606 239.4095 279.4046 146.5175 506.0034;
	23.2795 16.0537 12.2563 10.835 9.8528 421.4844 52.6855 62.6353 231.9115 285.8238 181.2156 517.6287;
	23.8859 16.2056 13.2624 11.0827 9.7312 415.9984 51.9998 61.1343 230.2046 275.2895 190.8793 498.551;
	26.1288 17.3311 13.9222 5.8614 7.2041 399.163 49.8954 66.8538 233.1702 236.2786 152.7432 427.902;
	24.3853 17.2223 13.96 3.9931 7.0678 391.2958 48.912 69.8052 242.8379 225.8909 109.6482 409.0897;
	20.1571 16.8876 11.0521 1.1879 4.3228 354.0646 44.2581 67.8265 235.3841 229.4028 89.9209 415.4498;
	7.311 6.5196 3.4309 0.0 0.6013 75.0105 9.3763 19.71 67.6324 103.91 19.2197 188.1816;
	1.1778 1.0355 0.6421 0.6298 1.3687 34.7023 4.3378 6.4606 22.5594 15.2145 7.7885 27.5535;
	0.0 0.0 0.0 0.0 0.0 0.0 0.0 0.0 0.0 0.0 0.0 0.0;
	0.0 0.0 0.0 0.0 0.0 0.0 0.0 0.0 0.0 0.0 0.0 0.0;
	0.0 0.0 0.0 0.0 0.0 0.0 0.0 0.0 0.0 0.0 0.0 0.0;
	0.0 0.0 0.0 0.0 0.0 0.0 0.0 0.0 0.0 0.0 0.0 0.0;
	0.0 0.0 0.0 0.0 0.0 0.0 0.0 0.0 0.0 0.0 0.0 0.0;
	0.0 0.0 0.0 0.0 0.0 0.0 0.0 0.0 0.0 0.0 0.0 0.0;
	0.0 0.0 0.0 0.0 0.0 0.0 0.0 0.0 0.0 0.0 0.0 0.0;
];
