function windprofile = ex_wind_profilesh1
%EX_WIND_PROFILE_D  Example wind_load_nyiso profile data for deterministic unit commitment.
% 2022.03.12
% Andres F. Ramirez


%% define constants
[GEN_BUS, PG, QG, QMAX, QMIN, VG, MBASE, GEN_STATUS, PMAX, PMIN, ...
    MU_PMAX, MU_PMIN, MU_QMAX, MU_QMIN, PC1, PC2, QC1MIN, QC1MAX, ...
    QC2MIN, QC2MAX, RAMP_AGC, RAMP_10, RAMP_30, RAMP_Q, APF] = idx_gen;
[CT_LABEL, CT_PROB, CT_TABLE, CT_TBUS, CT_TGEN, CT_TBRCH, CT_TAREABUS, ...
    CT_TAREAGEN, CT_TAREABRCH, CT_ROW, CT_COL, CT_CHGTYPE, CT_REP, ...
    CT_REL, CT_ADD, CT_NEWVAL, CT_TLOAD, CT_TAREALOAD, CT_LOAD_ALL_PQ, ...
    CT_LOAD_FIX_PQ, CT_LOAD_DIS_PQ, CT_LOAD_ALL_P, CT_LOAD_FIX_P, ...
    CT_LOAD_DIS_P, CT_TGENCOST, CT_TAREAGENCOST, CT_MODCOST_F, ...
    CT_MODCOST_X] = idx_ct;

windprofile = struct( ...
    'type', 'mpcData', ...
    'table', CT_TGEN, ...
    'rows', [1:45], ...
    'col', PMAX, ...
    'chgtype', 1, ...
    'values', [] );
windprofile.values(:,1,:) = [
	3.5216 47.5845 91.795 113.9692 15.3227 15.2138 14.7076 18.2363 27.5849 22.8682 42.2715 63.0607 94.9376 6.7377 24.7287 9.3164 11.5592 12.2493 13.6007 27.23 4.9025 35.4989 59.3562 89.0088 102.7832 73.86 8.8754 730.8605 405.0373 405.0373 222.1901 41.3771 45.3357 70.09 21.1237 172.8159 505.4133 52.1515 318.2714 275.3122 18.1499 168.7721 123.6598 234.9927 510.678;
	3.4696 46.882 91.6051 112.9566 15.1797 17.469 13.3282 18.4668 26.7653 23.6162 43.6542 65.1235 98.0431 5.4609 16.4381 6.193 7.6838 8.1426 12.0834 13.3274 4.4427 40.7609 63.5567 89.3393 102.162 75.5539 8.1464 718.2108 372.8653 372.8653 183.0655 34.05 40.2781 34.3048 17.1207 159.0892 494.0776 48.3321 294.9076 273.6483 14.3528 193.7889 114.282 238.0746 499.2242;
	3.2611 44.0641 93.3964 110.9083 15.2538 14.3666 12.8482 18.6328 27.6436 24.8269 45.8922 68.4622 103.0694 8.6457 16.6986 6.2911 7.8056 8.2716 20.1266 20.7298 4.2827 33.522 69.1244 87.7667 101.0852 75.2558 9.1185 612.2399 342.0915 342.0915 155.7145 28.7674 67.0887 53.3585 27.1055 145.959 393.2337 36.2229 252.1065 270.7639 22.1037 159.3729 94.1724 222.8348 397.3299;
	2.8325 38.2731 89.0289 103.5462 14.9542 13.6668 12.1325 17.0825 26.6307 23.3362 43.1367 64.3515 96.8808 10.9321 10.6596 4.0159 4.9827 5.2802 10.3831 19.8457 4.0442 31.8893 68.0006 79.6551 96.7792 73.5433 9.4055 479.0151 277.4421 277.4421 178.0071 25.7894 34.6104 51.0829 34.2735 118.3753 308.9782 34.5518 195.6554 259.2299 8.7663 151.6107 85.3264 212.8069 312.1968;
	1.9049 25.7395 88.0817 100.4034 14.3856 13.9898 10.807 17.3416 17.2268 21.3264 39.4215 58.8092 88.5369 15.8156 16.8119 6.3338 7.8586 8.3278 19.9842 17.9885 3.6023 32.6429 54.709 79.3159 96.6249 73.0508 9.1119 380.494 220.2751 220.2751 168.0402 26.5563 66.614 46.3024 49.584 93.9841 198.0774 37.0291 179.7808 258.8166 10.8456 155.1935 83.6972 225.1338 200.1407;
	2.7904 37.7045 89.7828 109.7043 14.0154 21.7114 12.276 17.1068 10.604 19.2042 35.4986 52.9569 79.7264 29.8018 17.4391 6.5701 8.1518 8.6384 35.0205 24.0529 4.092 50.6599 53.4419 76.7542 96.7215 72.6968 6.8394 312.2951 211.4231 211.4231 155.1588 22.9323 116.735 61.9121 93.4325 90.2072 167.5952 35.8576 200.4756 259.0753 10.292 240.8515 92.7862 240.2826 169.341;
	2.4657 33.3174 88.1651 110.79 13.9233 22.9152 13.0639 17.044 12.1034 26.4768 48.942 73.0118 109.9188 42.5069 26.9602 10.1571 12.6023 13.3547 37.0883 35.7227 4.3546 53.4689 64.6688 81.928 98.0732 71.9193 11.273 267.6657 254.5387 254.5387 124.5456 15.2143 123.6278 91.9504 133.2648 108.6032 198.5374 27.6561 172.123 262.696 10.1689 254.2064 97.091 258.0768 200.6055;
	1.7333 23.4202 68.707 109.2288 14.4305 18.9381 12.7954 17.4614 19.5161 27.793 51.375 76.6414 115.3832 42.9716 29.2674 11.0263 13.6808 14.4976 50.8292 51.0785 4.2651 44.1889 68.8786 82.3596 98.8395 71.2219 12.2723 141.9074 189.8336 189.8336 100.5623 8.8763 169.4307 131.4761 134.7216 80.9957 122.2787 23.9021 185.2371 264.7486 7.8025 210.0865 89.4804 221.9165 123.5524;
	2.6368 35.6285 85.9754 99.8982 14.1029 23.6035 9.8992 18.6122 20.4982 28.2971 52.3068 78.0314 117.4759 43.4469 17.8453 6.7231 8.3416 8.8397 59.8167 49.8303 3.2997 55.0748 69.189 85.2579 101.5592 73.8352 12.4984 148.4105 154.7891 154.7891 94.0174 8.0934 199.3892 128.2634 136.2118 66.0433 126.9885 18.0051 129.004 272.0336 19.1812 261.8414 67.6253 256.1737 128.3113;
	1.8012 24.3388 84.4077 102.5389 11.0655 12.0569 9.9148 18.0976 26.066 29.7433 54.98 82.0193 123.4796 41.5895 10.8515 4.0882 5.0724 5.3753 72.5438 49.0343 3.3049 28.1327 72.7888 82.8289 99.4877 70.8471 12.0837 237.794 232.0071 232.0071 105.4037 5.7091 241.8127 126.2143 130.3888 98.9897 228.2186 21.9833 158.3971 266.485 3.8417 133.7508 65.6324 228.163 230.5958;
	1.3833 18.6913 78.6383 100.4281 10.2332 23.2326 13.5878 16.9801 26.1605 27.9033 51.5789 76.9455 115.841 46.654 14.5434 5.4791 6.7982 7.204 67.1743 38.8006 4.5293 54.2095 70.7788 84.0114 94.7535 71.2332 11.1542 383.5966 292.5284 292.5284 169.3655 11.5493 223.9143 99.8729 146.2665 124.8121 333.6784 27.1916 177.3207 253.804 1.2143 257.7273 85.2923 188.3472 337.1542;
	1.6601 22.4316 87.2825 91.7618 11.2822 28.7317 20.0371 18.1933 26.8317 28.7266 53.1006 79.2157 119.2588 51.9622 12.3583 4.6559 5.7768 6.1217 80.7308 53.8598 6.679 67.0407 74.1827 85.109 101.0025 71.1971 12.2465 499.9317 372.0828 372.0828 295.6414 18.5786 269.1028 138.6353 162.9084 158.7553 478.8169 46.073 218.3301 270.5424 0.4954 318.7306 102.4814 197.6403 483.8046;
	2.8785 38.8951 89.3974 87.9027 14.2787 30.4437 22.2378 17.5719 28.3841 30.1172 55.6712 83.0504 125.032 56.6607 48.3254 18.2063 22.5893 23.9379 83.2908 63.6837 7.4126 71.0354 75.5336 82.3662 99.9938 71.6769 11.5218 671.9151 450.9144 450.9144 336.2794 22.6701 277.6361 163.9219 177.639 192.3902 644.3819 58.674 236.7525 267.8406 2.4833 337.7224 137.8708 218.5275 651.0942;
	3.5446 47.8947 88.472 104.6312 14.1804 29.9571 23.5002 17.998 28.0865 29.8932 55.2571 82.4327 124.102 57.1004 66.7432 25.1451 31.1986 33.0612 85.6496 56.0645 7.8334 69.8999 72.1983 82.3784 98.3161 71.9408 11.7441 872.7332 605.9289 605.9289 410.2091 30.2674 285.4986 144.31 179.0174 258.5297 786.9154 78.2022 314.8085 263.3467 3.9412 332.3243 137.7023 252.9184 795.1124;
	3.7524 50.7025 89.8245 109.6205 14.7712 32.6931 25.9299 18.239 28.2161 27.2651 50.3991 75.1856 113.1915 64.1017 101.5815 38.2703 47.4835 50.3183 80.8082 58.7293 8.6433 76.2839 57.0884 83.3494 99.9392 72.0911 12.7095 1067.2647 648.361 648.361 478.823 35.0585 269.3608 151.1694 200.9675 276.634 960.2626 107.8358 428.5438 267.6943 24.6472 362.6755 153.6539 238.9512 970.2654;
	3.7738 50.9925 92.6755 112.5777 14.9369 33.6752 29.6955 18.7631 28.149 22.0331 40.7278 60.7579 91.4707 63.6978 136.8018 51.5393 63.9469 67.7646 86.8524 65.2275 9.8985 78.5755 53.1778 83.1318 102.7667 72.579 13.3783 1090.3425 707.3318 707.3318 666.7947 48.3634 289.508 167.8958 199.7012 301.7949 1022.5414 160.7321 410.7791 275.2679 19.9391 373.5703 172.8472 261.6294 1033.1929;
	3.8582 52.1333 91.432 116.2026 15.089 33.179 31.2508 18.9147 27.8709 20.5745 38.0317 56.7358 85.4154 66.5229 158.9313 59.8764 74.2911 78.7264 84.1236 67.4724 10.4169 77.4177 38.0059 83.8771 102.9571 74.3483 13.5198 1077.7091 747.0096 747.0096 717.5619 81.5152 280.4121 173.6741 208.5583 318.7241 1028.1181 204.1898 423.063 275.778 34.0826 368.0661 207.2329 275.4783 1038.8277;
	3.9132 52.8764 94.814 118.4304 15.1578 34.8767 30.8966 18.9281 28.0353 18.1304 33.5138 49.996 75.2687 69.4077 189.5237 71.402 88.5913 93.8804 84.0712 72.443 10.2989 81.3791 40.8529 86.3502 104.3156 74.0159 14.0009 1155.874 779.8686 779.8686 721.2761 97.5792 280.2373 186.4684 217.6024 332.7439 1115.257 228.9923 451.2584 279.4169 118.0365 386.8994 210.2386 274.4008 1126.8743;
