function loadprofile = ex_load_profilesh1
%EX_LOAD_PROFILE  Example load profile data file for stochastic unit commitment.
% 2022.03.12
% Andres F. Ramirez

%% define constants
[CT_LABEL, CT_PROB, CT_TABLE, CT_TBUS, CT_TGEN, CT_TBRCH, CT_TAREABUS, ...
    CT_TAREAGEN, CT_TAREABRCH, CT_ROW, CT_COL, CT_CHGTYPE, CT_REP, ...
    CT_REL, CT_ADD, CT_NEWVAL, CT_TLOAD, CT_TAREALOAD, CT_LOAD_ALL_PQ, ...
    CT_LOAD_FIX_PQ, CT_LOAD_DIS_PQ, CT_LOAD_ALL_P, CT_LOAD_FIX_P, ...
    CT_LOAD_DIS_P, CT_TGENCOST, CT_TAREAGENCOST, CT_MODCOST_F, ...
    CT_MODCOST_X] = idx_ct;

loadprofile = struct( ...
    'type', 'mpcData', ...
    'table', CT_TAREALOAD, ...
    'rows', [1:11], ...
    'col', CT_LOAD_ALL_P, ...
    'chgtype', 1, ...
    'values', [] );
loadprofile.values(:,1,:) = [
	1500.411 895.5456 1517.9928 574.9471 824.7 1074.7464 829.3397 288.6051 497.032 4427.6893 1716.1;
	1478.9381 906.183 1534.151 578.0461 807.8 1092.4851 839.8423 274.8064 482.4481 4355.2136 1689.5595;
	1470.4707 909.5171 1558.4883 579.1984 821.4595 1131.5476 847.3 274.9776 493.7981 4415.665 1708.7356;
	1551.0927 992.4268 1676.0023 592.2861 884.6251 1203.9989 896.668 297.9617 525.9212 4641.9853 1822.1595;
	1742.1252 1115.8734 1877.2 623.0 1016.7915 1375.7947 1022.0003 336.6176 619.5623 5226.7746 2088.084;
	1829.1123 1176.4321 1944.092 619.9297 1049.0053 1439.4285 1063.3018 360.2 677.313 5670.459 2222.4;
	1823.7 1174.4765 1909.8973 611.3 1016.3 1407.4657 1081.1 347.0 682.1957 5785.7002 2208.5439;
	1865.0539 1203.8941 1951.0587 625.0424 1039.0405 1477.754 1086.9 344.5 701.6686 6160.6596 2258.9179;
	1861.7198 1197.0821 1930.9429 606.1422 1051.8642 1485.2778 1082.9917 346.1 713.0395 6166.0896 2193.4118;
	1869.1321 1206.3 1897.252 614.1 1050.923 1474.8 1073.9931 353.8098 723.5013 6177.7661 2224.0424;
	1917.314 1203.2036 1864.3067 606.5281 1002.0325 1396.2459 1034.1 332.0476 719.5418 6181.0 2199.3527;
	1874.187 1155.8665 1845.385 593.6766 1000.175 1396.5742 1050.042 345.0431 701.3197 5961.7732 2131.3872;
	1843.3925 1144.691 1879.8304 571.76 991.3667 1308.7741 1021.6158 315.137 673.8745 5827.8292 2010.7169;
	1780.6313 1110.0341 1854.8491 561.1066 962.3099 1292.3729 1002.2508 315.2612 658.0123 5544.0984 2025.5919;
	1706.6751 1103.5126 1867.7285 564.542 978.346 1322.9826 1042.9621 325.3951 668.9496 6071.2493 2213.8664;
	1687.7299 1132.8691 1838.233 567.9602 972.1275 1336.5236 1016.8888 322.6082 675.6235 5837.9902 2230.2407;
	1687.905 1152.0062 1909.2554 574.045 972.478 1361.0675 1039.7785 337.5354 688.8506 5507.8245 2272.5;
	1767.1505 1175.6854 1954.3153 593.5751 1004.4 1415.9544 1085.2775 327.1096 727.1 4974.3919 2351.6826;
	1780.0 1181.9263 1958.6257 588.6292 982.1117 1389.3884 1039.1464 326.7303 709.0547 4906.176 2257.6064;
	1691.9723 1074.7758 1820.7613 584.892 898.1828 1302.0051 970.0278 320.5138 664.5 5202.2289 2173.2253;
	1609.1 993.2571 1681.6824 572.569 793.6794 1181.0027 861.4367 284.6619 592.7179 4739.5282 1958.4364;
	1550.1109 932.1867 1588.231 566.0133 768.8296 1095.6238 841.2077 261.3154 545.0 4699.2585 1875.07;
	1587.0 898.7876 1555.2 555.0 776.2 1057.1015 835.8432 228.5179 528.5906 4656.0085 1741.9275;
	1517.2184 882.8537 1529.8937 555.3127 755.8518 1054.2939 805.5053 218.2026 497.1816 4402.6919 1694.7861;
];
