function windprofile = ex_wind_profilesh1
%EX_WIND_PROFILE_D  Example wind_load_nyiso profile data for deterministic unit commitment.
% 2022.03.12
% Andres F. Ramirez


%% define constants
[GEN_BUS, PG, QG, QMAX, QMIN, VG, MBASE, GEN_STATUS, PMAX, PMIN, ...
    MU_PMAX, MU_PMIN, MU_QMAX, MU_QMIN, PC1, PC2, QC1MIN, QC1MAX, ...
    QC2MIN, QC2MAX, RAMP_AGC, RAMP_10, RAMP_30, RAMP_Q, APF] = idx_gen;
[CT_LABEL, CT_PROB, CT_TABLE, CT_TBUS, CT_TGEN, CT_TBRCH, CT_TAREABUS, ...
    CT_TAREAGEN, CT_TAREABRCH, CT_ROW, CT_COL, CT_CHGTYPE, CT_REP, ...
    CT_REL, CT_ADD, CT_NEWVAL, CT_TLOAD, CT_TAREALOAD, CT_LOAD_ALL_PQ, ...
    CT_LOAD_FIX_PQ, CT_LOAD_DIS_PQ, CT_LOAD_ALL_P, CT_LOAD_FIX_P, ...
    CT_LOAD_DIS_P, CT_TGENCOST, CT_TAREAGENCOST, CT_MODCOST_F, ...
    CT_MODCOST_X] = idx_ct;

windprofile = struct( ...
    'type', 'mpcData', ...
    'table', CT_TGEN, ...
    'rows', [1:45], ...
    'col', PMAX, ...
    'chgtype', 1, ...
    'values', [] );
windprofile.values(:,1,:) = [
	3.5631 48.1458 87.1967 111.0634 14.4339 12.1895 14.6474 17.6239 26.8352 25.7735 47.642 71.0724 106.9992 4.8721 22.2499 8.3825 10.4005 11.0215 12.0715 27.8787 4.8825 28.4421 64.0341 86.2078 100.1466 72.7122 7.8679 615.1105 366.6639 366.6639 196.6321 37.2744 40.2382 71.7597 15.2747 156.4433 481.6945 56.0408 312.7082 268.2498 17.9744 135.222 105.7032 219.6696 486.7121;
	3.6135 48.8266 90.7036 111.6406 14.6889 15.51 13.3171 18.3661 27.054 25.5449 47.2194 70.4421 106.0501 4.6961 13.7347 5.1745 6.4202 6.8035 8.9201 14.1077 4.439 36.1901 67.9795 88.0437 102.5059 75.5439 8.026 679.8655 362.2718 362.2718 160.2311 31.8761 29.7336 36.3132 14.7229 154.5693 483.4888 49.1737 293.0357 274.5693 18.1417 172.058 103.2316 225.9388 488.5251;
	3.1224 42.1908 90.4645 108.9545 14.322 11.6912 12.2059 18.1172 27.061 24.6106 45.4924 67.8656 102.1714 4.8333 13.7391 5.1761 6.4222 6.8057 16.432 21.533 4.0686 27.2796 68.4886 87.4186 99.8113 75.7235 8.9334 586.2529 311.8607 311.8607 131.7822 30.5641 54.7733 55.426 15.1531 133.0606 376.6478 35.2426 223.1325 267.3517 57.552 129.6949 77.2804 206.8642 380.5712;
	2.9206 39.4635 87.5979 98.1794 14.3605 11.8576 12.5595 16.3046 27.1217 24.8436 45.9231 68.5082 103.1388 8.077 11.0602 4.1669 5.17 5.4786 10.298 21.2907 4.1865 27.6678 70.3411 83.8393 96.004 73.7611 9.039 496.9284 273.3889 273.3889 157.4331 26.5838 34.3268 54.8023 25.3226 116.6459 321.0014 33.255 184.3852 257.1536 20.9267 131.5406 75.3418 205.4675 324.3452;
	2.508 33.8881 88.5964 105.6695 14.1756 13.9767 10.3429 16.8506 17.1193 21.8341 40.36 60.2092 90.6447 13.413 14.8929 5.6108 6.9616 7.3772 21.8453 24.9528 3.4476 32.6123 59.1231 83.2915 97.9742 72.6557 9.4511 376.6989 220.9945 220.9945 143.0164 25.4956 72.8176 64.2287 42.0515 94.291 186.136 35.2866 159.2327 262.4308 14.6376 155.0481 83.7404 232.527 188.0749;
	3.1482 42.5394 87.2565 110.2519 14.0562 21.3166 11.195 18.1658 9.8371 18.7089 34.5831 51.5912 77.6703 26.7399 16.4131 6.1836 7.6722 8.1302 29.2725 26.0401 3.7317 49.7388 61.7008 82.8488 96.9723 71.3416 8.3235 316.3125 212.1703 212.1703 139.1045 25.0575 97.5749 67.0273 83.8332 90.526 182.8633 35.6334 165.1427 259.7471 12.4987 236.4723 85.4687 229.3678 184.7681;
	2.5752 34.7961 88.8166 113.4393 13.7697 21.999 11.4061 17.8664 10.8352 24.583 45.4413 67.7894 102.0566 39.1607 24.2778 9.1465 11.3485 12.026 34.0515 34.4732 3.802 51.3311 70.3703 84.7354 99.1328 71.8412 11.1774 237.1404 233.2207 233.2207 101.297 15.0203 113.505 88.7342 122.7742 99.5075 176.05 22.9893 112.6108 265.5343 10.42 244.0425 89.3639 249.6851 177.8839;
	1.8342 24.7837 69.7034 115.8555 14.3277 19.0331 12.5669 18.9562 18.6779 27.9107 51.5925 76.9658 115.8716 46.2925 28.3598 10.6844 13.2566 14.048 52.0364 53.6578 4.189 44.4106 74.7345 86.2548 99.9134 73.8837 13.6836 132.6922 182.9518 182.9518 96.0035 10.2851 173.4548 138.1153 145.1331 78.0594 116.6232 26.2301 155.2058 267.6252 6.5214 211.1407 91.3637 225.8319 117.838;
	2.6173 35.366 81.9916 104.0274 13.6077 22.9857 10.3543 18.7378 19.4524 27.9789 51.7186 77.154 116.1549 43.0975 21.748 8.1934 10.1659 10.7728 62.1184 52.1447 3.4514 53.6333 73.1485 85.459 95.9906 75.051 13.3729 117.272 137.4871 137.4871 85.3178 7.9707 207.0614 134.2205 135.1164 58.6612 101.347 23.8139 104.6942 257.1177 10.0063 254.988 74.5611 240.2933 102.4027;
	2.0824 28.1372 83.9893 111.3546 12.837 14.5304 11.3662 18.7725 26.0415 28.7524 53.1484 79.287 119.3662 44.8015 25.9997 9.7952 12.1533 12.8789 73.242 43.9389 3.7887 33.9043 74.423 84.7217 97.1406 75.5812 13.5191 223.9583 229.1639 229.1639 114.4977 8.6206 244.1399 113.0989 140.4587 97.7766 218.8888 27.7607 0.7918 260.1979 0.0011 161.1907 82.0673 226.2561 221.1689;
	1.6553 22.3672 82.2634 108.994 12.7059 24.9698 14.0165 18.4353 26.6024 29.3469 54.2473 80.9263 121.8341 51.3306 1.4411 0.5429 0.6736 0.7138 67.8032 34.7564 4.6722 58.2628 74.5416 87.8114 95.3537 75.298 13.4642 296.0524 286.3727 286.3727 160.4952 11.9968 226.0107 89.4629 160.9284 122.1857 303.3463 27.498 164.1645 255.4117 0.834 276.9981 96.7788 196.9447 306.5061;
	1.7726 23.9516 86.0074 91.1358 11.5756 29.7273 18.9853 18.424 26.5001 28.5614 52.7952 78.7601 118.5729 51.7685 0.5907 0.2225 0.2761 0.2926 79.0441 42.3731 6.3284 69.3637 74.0338 85.7466 92.6821 73.9971 13.0402 388.4938 348.4603 348.4603 259.6317 14.245 263.4802 109.0684 162.3013 148.6764 387.472 39.6404 172.634 248.2556 3.9042 329.7748 106.6989 192.2409 391.5082;
	2.9739 40.1834 88.1279 87.4567 14.2909 30.7379 18.2696 18.3772 26.4103 28.3326 52.3724 78.1293 117.6233 55.2103 32.3808 12.1993 15.1361 16.0398 79.1258 53.1154 6.0899 71.7218 72.5576 88.2782 98.4219 74.0931 12.8875 528.0704 405.868 405.868 277.3724 20.026 263.7526 136.7192 173.0917 173.1703 479.1357 51.0781 134.7919 263.6301 5.241 340.9859 140.2179 224.2009 484.1267;
	3.6949 49.9267 85.7269 104.4425 14.9613 30.3197 18.829 17.8621 25.574 27.7155 51.2317 76.4276 115.0614 52.3854 56.0734 21.1253 26.211 27.7759 80.6364 49.0882 6.2763 70.7459 65.3121 86.0998 96.2013 72.6597 11.7209 699.0721 539.6512 539.6512 343.9712 23.8323 268.7881 126.3531 164.2352 230.2512 631.4915 66.2051 111.6666 257.6821 0.0 336.3463 141.9825 250.9567 638.0696;
	3.8495 52.0148 87.5004 107.6778 14.9416 31.8535 22.3977 17.5945 26.156 24.5773 45.4308 67.7738 102.0331 57.4873 86.8488 32.7198 40.5968 43.0205 83.1676 48.6352 7.4659 74.3248 45.8703 86.1248 95.9354 69.6697 12.7769 849.864 620.2919 620.2919 425.4597 22.4916 277.2252 125.1872 180.2303 264.6579 814.6028 88.8665 303.5735 256.9698 0.0023 353.3612 153.9921 245.4444 823.0883;
	3.8081 51.4558 88.4747 106.316 15.1045 31.823 25.8014 17.2851 26.1555 17.7329 32.7789 48.8997 73.6183 61.5136 125.0515 47.1124 58.4543 61.9441 80.9457 52.0276 8.6005 74.2537 38.4997 84.5834 96.4689 65.9668 12.1536 877.9823 632.4514 632.4514 503.152 33.8731 269.8188 133.9191 192.8535 269.8459 888.0865 136.3672 276.5201 258.3988 0.0 353.0235 162.1327 260.4005 897.3374;
	3.7765 51.0282 89.2135 109.1751 15.1065 32.2973 27.8467 17.5845 25.8417 10.5119 19.4312 28.9875 43.6405 59.9587 144.8732 54.5801 67.7198 71.7628 82.4318 61.1463 9.2822 75.3603 2.8202 83.7367 98.8575 70.8434 12.7456 865.8067 688.8443 688.8443 569.0067 67.9512 274.7728 157.3908 187.9787 293.9069 929.3011 190.5244 311.8867 264.797 0.0 358.2844 197.9334 276.0293 938.9814;
	3.7115 50.1504 91.5902 113.6201 15.2978 32.9883 29.9893 17.8095 27.9185 7.6075 14.0623 20.9781 31.5825 65.5635 167.5239 63.1136 78.3077 82.9827 84.6427 65.2571 9.9964 76.9727 19.7871 83.6616 100.3718 68.5633 13.2513 994.3655 737.1437 737.1437 662.6364 82.1595 282.1424 167.9719 205.5506 314.5147 1045.4086 238.0322 430.6844 268.8532 93.4295 365.9503 191.0648 259.1319 1056.2983;
	3.6387 49.1665 88.1991 114.7027 14.5387 31.5605 31.2764 12.905 27.9689 17.2906 31.9614 47.6801 71.7821 67.117 163.6934 61.6705 76.5171 81.0853 84.6473 58.882 10.4255 73.6412 40.5066 82.6292 100.2724 51.3522 12.9436 1062.2088 773.3535 773.3535 719.7243 97.4965 282.1577 151.5623 210.4209 329.9642 1105.1712 251.1927 444.406 268.5867 111.4884 350.1113 183.0054 257.2695 1116.6834;
