function solarprofile = ex_solar_profilesh1
%EX_WIND_PROFILE_D  Example wind_load_nyiso profile data for deterministic unit commitment.
% 2022.03.12
% Andres F. Ramirez


%% define constants
[GEN_BUS, PG, QG, QMAX, QMIN, VG, MBASE, GEN_STATUS, PMAX, PMIN, ...
    MU_PMAX, MU_PMIN, MU_QMAX, MU_QMIN, PC1, PC2, QC1MIN, QC1MAX, ...
    QC2MIN, QC2MAX, RAMP_AGC, RAMP_10, RAMP_30, RAMP_Q, APF] = idx_gen;
[CT_LABEL, CT_PROB, CT_TABLE, CT_TBUS, CT_TGEN, CT_TBRCH, CT_TAREABUS, ...
    CT_TAREAGEN, CT_TAREABRCH, CT_ROW, CT_COL, CT_CHGTYPE, CT_REP, ...
    CT_REL, CT_ADD, CT_NEWVAL, CT_TLOAD, CT_TAREALOAD, CT_LOAD_ALL_PQ, ...
    CT_LOAD_FIX_PQ, CT_LOAD_DIS_PQ, CT_LOAD_ALL_P, CT_LOAD_FIX_P, ...
    CT_LOAD_DIS_P, CT_TGENCOST, CT_TAREAGENCOST, CT_MODCOST_F, ...
    CT_MODCOST_X] = idx_ct;

solarprofile = struct( ...
    'type', 'mpcData', ...
    'table', CT_TGEN, ...
    'rows', [1:12], ...
    'col', PMAX, ...
    'chgtype', 1, ...
    'values', [] );
solarprofile.values(:,1,:) = [
	0.0 0.0 0.0 0.0 0.0 0.0 0.0 0.0 0.0 0.0 0.0 0.0;
	0.0 0.0 0.0 0.0 0.0 0.0 0.0 0.0 0.0 0.0 0.0 0.0;
	0.0 0.0 0.0 0.0 0.0 0.0 0.0 0.0 0.0 0.0 0.0 0.0;
	0.0 0.0 0.0 0.0 0.0 0.0 0.0 0.0 0.0 0.0 0.0 0.0;
	0.0 0.0 0.0 0.0 0.0 0.0 0.0 0.0 0.0 0.0 0.0 0.0;
	0.0951 0.0972 0.1101 0.0 0.0 0.1251 0.0156 0.1784 0.0 0.0 0.0 0.0;
	3.7487 2.9274 2.0828 3.127 2.6922 98.1963 12.2745 18.5723 31.0403 37.6301 24.2382 68.1484;
	5.3708 6.0644 4.3548 7.465 9.5205 255.8896 31.9862 44.3166 54.1393 149.0717 76.0855 269.9698;
	7.0364 9.2573 6.4526 9.8224 11.6876 309.4164 38.677 58.7848 92.0284 234.8442 124.7592 425.3042;
	20.7754 16.3036 13.3187 10.7518 10.8345 407.7333 50.9667 73.2328 259.6176 220.1036 128.3038 398.6089;
	23.2689 16.2183 13.2545 10.6731 8.9759 373.7939 46.7242 71.0875 249.568 271.3056 148.0153 491.336;
	23.5098 16.1474 13.2624 9.7124 8.6158 359.223 44.9029 66.6148 230.703 284.2684 157.1517 514.8119;
	23.9681 16.5826 13.6174 6.2303 7.9022 371.8339 46.4792 61.859 211.9634 237.038 156.2786 429.2772;
	19.9644 15.9059 11.5412 7.6481 9.8689 387.8191 48.4774 62.6995 225.986 210.0293 142.1105 380.3644;
	11.2104 11.0085 6.2485 7.2883 10.4999 376.8255 47.1032 61.1906 226.0202 163.9543 133.5847 296.9223;
	1.7712 2.1444 0.9953 6.202 8.8935 193.835 24.2294 40.1874 122.7203 45.357 35.5104 82.1419;
	0.8987 0.7338 0.5349 0.9865 2.2743 57.8256 7.2282 9.4505 27.1621 16.2776 10.1683 29.4788;
	0.0 0.0 0.0 0.0 0.0 0.0 0.0 0.0 0.0 0.0 0.0 0.0;
	0.0 0.0 0.0 0.0 0.0 0.0 0.0 0.0 0.0 0.0 0.0 0.0;
	0.0 0.0 0.0 0.0 0.0 0.0 0.0 0.0 0.0 0.0 0.0 0.0;
	0.0 0.0 0.0 0.0 0.0 0.0 0.0 0.0 0.0 0.0 0.0 0.0;
	0.0 0.0 0.0 0.0 0.0 0.0 0.0 0.0 0.0 0.0 0.0 0.0;
	0.0 0.0 0.0 0.0 0.0 0.0 0.0 0.0 0.0 0.0 0.0 0.0;
	0.0 0.0 0.0 0.0 0.0 0.0 0.0 0.0 0.0 0.0 0.0 0.0;
];
