function solarprofile = ex_solar_profilesh1
%EX_WIND_PROFILE_D  Example wind_load_nyiso profile data for deterministic unit commitment.
% 2022.03.12
% Andres F. Ramirez


%% define constants
[GEN_BUS, PG, QG, QMAX, QMIN, VG, MBASE, GEN_STATUS, PMAX, PMIN, ...
    MU_PMAX, MU_PMIN, MU_QMAX, MU_QMIN, PC1, PC2, QC1MIN, QC1MAX, ...
    QC2MIN, QC2MAX, RAMP_AGC, RAMP_10, RAMP_30, RAMP_Q, APF] = idx_gen;
[CT_LABEL, CT_PROB, CT_TABLE, CT_TBUS, CT_TGEN, CT_TBRCH, CT_TAREABUS, ...
    CT_TAREAGEN, CT_TAREABRCH, CT_ROW, CT_COL, CT_CHGTYPE, CT_REP, ...
    CT_REL, CT_ADD, CT_NEWVAL, CT_TLOAD, CT_TAREALOAD, CT_LOAD_ALL_PQ, ...
    CT_LOAD_FIX_PQ, CT_LOAD_DIS_PQ, CT_LOAD_ALL_P, CT_LOAD_FIX_P, ...
    CT_LOAD_DIS_P, CT_TGENCOST, CT_TAREAGENCOST, CT_MODCOST_F, ...
    CT_MODCOST_X] = idx_ct;

solarprofile = struct( ...
    'type', 'mpcData', ...
    'table', CT_TGEN, ...
    'rows', [1:12], ...
    'col', PMAX, ...
    'chgtype', 1, ...
    'values', [] );
solarprofile.values(:,1,:) = [
	0.0 0.0 0.0 0.0 0.0 0.0 0.0 0.0 0.0 0.0 0.0 0.0;
	0.0 0.0 0.0 0.0 0.0 0.0 0.0 0.0 0.0 0.0 0.0 0.0;
	0.0 0.0 0.0 0.0 0.0 0.0 0.0 0.0 0.0 0.0 0.0 0.0;
	0.0 0.0 0.0 0.0 0.0 0.0 0.0 0.0 0.0 0.0 0.0 0.0;
	0.0 0.0 0.0 0.0 0.0 0.0 0.0 0.0 0.0 0.0 0.0 0.0;
	0.0951 0.0992 0.1068 0.0 0.0 0.1251 0.0156 0.1784 0.0 0.0 0.0 0.0;
	2.9548 1.0256 0.8572 1.8301 7.578 71.878 8.9847 22.7544 15.4853 25.1639 32.1637 45.5721;
	8.4705 6.0092 4.3625 4.3323 13.1793 170.0009 21.2501 39.6575 86.8775 116.779 92.9737 211.4875;
	15.5768 11.9436 7.6335 7.766 13.3615 207.7662 25.9708 36.7867 151.2081 228.5643 147.2047 413.9313;
	24.7801 16.946 13.3548 10.7269 12.1102 390.3292 48.7911 56.2975 263.3273 192.7985 128.6482 349.1592;
	24.2708 16.2508 13.2545 11.1561 10.686 346.5041 43.313 54.8288 251.3991 121.2463 92.7784 219.5777;
	23.713 16.0751 13.2624 11.2056 9.8842 338.9541 42.3693 58.1601 251.4121 69.9118 36.736 126.6107;
	24.4074 16.6821 13.7384 6.2095 7.0584 397.1438 49.643 61.1168 276.969 46.082 0.0 83.4548;
	22.4165 16.737 12.9485 5.2502 7.432 413.3173 51.6647 60.7805 282.8523 27.7235 2.7672 50.2075;
	18.6032 16.0973 9.3009 3.6807 6.7776 403.6411 50.4551 54.1506 275.5617 52.3686 12.8787 94.8398;
	7.6709 7.2159 3.8281 1.946 4.0594 131.8809 16.4851 8.5772 121.7406 33.4082 15.5558 60.5024;
	0.9673 0.9844 0.6355 0.7545 1.5276 39.3912 4.9239 6.7223 37.2088 15.3977 9.6273 27.8854;
	0.0 0.0 0.0 0.0 0.0 0.0 0.0 0.0 0.0 0.0 0.0 0.0;
	0.0 0.0 0.0 0.0 0.0 0.0 0.0 0.0 0.0 0.0 0.0 0.0;
	0.0 0.0 0.0 0.0 0.0 0.0 0.0 0.0 0.0 0.0 0.0 0.0;
	0.0 0.0 0.0 0.0 0.0 0.0 0.0 0.0 0.0 0.0 0.0 0.0;
	0.0 0.0 0.0 0.0 0.0 0.0 0.0 0.0 0.0 0.0 0.0 0.0;
	0.0 0.0 0.0 0.0 0.0 0.0 0.0 0.0 0.0 0.0 0.0 0.0;
	0.0 0.0 0.0 0.0 0.0 0.0 0.0 0.0 0.0 0.0 0.0 0.0;
];
