function windprofile = ex_wind_profilesh1
%EX_WIND_PROFILE_D  Example wind_load_nyiso profile data for deterministic unit commitment.
% 2022.03.12
% Andres F. Ramirez


%% define constants
[GEN_BUS, PG, QG, QMAX, QMIN, VG, MBASE, GEN_STATUS, PMAX, PMIN, ...
    MU_PMAX, MU_PMIN, MU_QMAX, MU_QMIN, PC1, PC2, QC1MIN, QC1MAX, ...
    QC2MIN, QC2MAX, RAMP_AGC, RAMP_10, RAMP_30, RAMP_Q, APF] = idx_gen;
[CT_LABEL, CT_PROB, CT_TABLE, CT_TBUS, CT_TGEN, CT_TBRCH, CT_TAREABUS, ...
    CT_TAREAGEN, CT_TAREABRCH, CT_ROW, CT_COL, CT_CHGTYPE, CT_REP, ...
    CT_REL, CT_ADD, CT_NEWVAL, CT_TLOAD, CT_TAREALOAD, CT_LOAD_ALL_PQ, ...
    CT_LOAD_FIX_PQ, CT_LOAD_DIS_PQ, CT_LOAD_ALL_P, CT_LOAD_FIX_P, ...
    CT_LOAD_DIS_P, CT_TGENCOST, CT_TAREAGENCOST, CT_MODCOST_F, ...
    CT_MODCOST_X] = idx_ct;

windprofile = struct( ...
    'type', 'mpcData', ...
    'table', CT_TGEN, ...
    'rows', [1:45], ...
    'col', PMAX, ...
    'chgtype', 1, ...
    'values', [] );
windprofile.values(:,1,:) = [
	3.6234 48.9595 89.4857 113.9804 14.569 14.684 14.0214 18.8356 26.424 24.8844 45.9985 68.6207 103.308 5.5826 22.2141 8.369 10.3838 11.0037 15.0071 29.6701 4.6738 34.2627 57.9744 87.654 104.8244 71.1619 8.1443 629.2735 381.8171 381.8171 221.0126 32.8861 50.0236 76.371 17.5022 162.9086 493.6887 51.4918 300.1608 280.7796 20.3517 162.8947 118.8593 221.8676 498.8313;
	3.6418 49.2086 89.6884 112.5887 14.4534 15.8779 13.6171 18.5468 26.3547 24.473 45.238 67.4862 101.6 6.0767 7.7854 2.9331 3.6392 3.8565 12.0674 14.9732 4.539 37.0485 61.4451 85.7545 103.673 70.5572 7.8321 632.5257 366.7223 366.7223 187.7165 27.1182 40.2247 38.5411 19.0512 156.4682 481.9164 49.8864 302.8176 277.6957 16.2469 176.1393 111.7043 216.8852 486.9364;
	3.2277 43.6131 89.1114 111.5341 14.5984 12.3344 11.1655 18.1152 26.328 22.5284 41.6433 62.1237 93.5268 8.6236 6.6553 2.5074 3.111 3.2967 18.5185 20.1247 3.7218 28.7803 58.7088 85.0462 102.2982 71.7347 8.5013 557.2739 339.3296 339.3296 143.4299 27.0642 61.7285 51.8009 27.0362 144.7806 390.3258 31.7459 224.1783 274.013 26.6876 136.8298 80.7473 200.0037 394.3917;
	2.8149 38.035 87.1442 105.3781 13.9509 10.316 11.1263 17.7204 26.3368 22.1375 40.9209 61.046 91.9044 10.6549 3.9193 1.4766 1.832 1.9414 7.9404 17.952 3.7088 24.0708 65.986 82.4848 103.2692 74.3368 9.7979 500.6754 264.7344 264.7344 151.1127 27.2164 26.468 46.2085 33.4046 112.9534 303.0636 24.4316 163.0951 276.614 4.9078 114.4393 64.6 200.6821 306.2205;
	2.3152 31.2841 87.6647 107.927 14.3681 13.567 10.6876 17.4651 17.7204 18.4594 34.122 50.9033 76.6346 15.901 4.4621 1.6811 2.0858 2.2103 17.5321 16.0115 3.5625 31.6563 54.8483 83.1783 102.6094 74.774 8.9783 380.5173 222.205 222.205 151.271 26.1821 58.4402 41.2135 49.8519 94.8075 192.8859 31.9775 159.9042 274.8465 12.8759 150.5032 82.7793 208.6854 194.8951;
	2.9434 39.7724 86.7346 108.3611 13.9688 19.5534 11.4916 17.8011 8.4656 9.6712 17.8771 26.6691 40.1502 29.6285 4.7547 1.7913 2.2226 2.3553 24.2248 21.368 3.8305 45.6246 48.8023 85.0686 101.0523 73.414 8.212 293.2153 186.9693 186.9693 124.8569 23.9398 80.7493 55.0012 92.8892 79.7736 146.5564 28.7089 166.0786 270.6758 9.7231 216.9124 84.4434 196.1494 148.083;
	2.3988 32.4136 87.246 107.9677 13.5981 19.9031 12.7567 16.8043 11.8207 23.3614 43.1831 64.4208 96.9851 45.2299 13.403 5.0495 6.2651 6.6392 35.4859 29.3343 4.2522 46.4405 65.168 86.2485 101.6281 72.1128 10.9355 257.3694 209.0985 209.0985 90.8402 13.7319 118.2864 75.5066 141.8018 89.2154 163.2384 18.6814 151.044 272.2181 10.4628 220.7915 87.7335 211.0408 164.9388;
	1.7085 23.0858 61.6783 102.7696 13.7779 18.3945 12.4194 17.2615 17.8518 26.5058 48.9957 73.0919 110.0394 48.0861 18.6912 7.0418 8.737 9.2587 50.0472 47.6309 4.1398 42.9206 69.3544 85.4596 100.0068 70.1495 12.6176 129.2286 176.1084 176.1084 87.6152 8.4198 166.8241 122.6021 150.7565 75.1396 108.1809 22.0477 173.8546 267.8754 10.1891 204.0568 88.9137 175.1855 109.3078;
	2.9017 39.2082 81.9514 104.5279 14.2382 23.3758 11.3921 18.2651 19.5459 28.5728 52.8164 78.7917 118.6204 51.0211 17.5491 6.6115 8.2032 8.6929 61.7711 50.8597 3.7974 54.5436 71.6555 85.146 102.6737 70.4462 13.2832 124.6582 161.0275 161.0275 94.32 6.7201 205.9038 130.913 159.9581 68.7051 137.7964 26.1539 130.2265 275.019 21.137 259.3159 83.1033 221.63 139.2318;
	2.1541 29.1063 78.1308 104.282 12.9539 14.0221 10.9936 16.5713 25.94 29.4364 54.4128 81.1732 122.2058 50.3102 19.7267 7.4319 9.2211 9.7716 68.5326 46.2189 3.6645 32.7182 71.0279 81.027 97.3846 69.7175 12.1049 236.3692 243.7068 243.7068 119.9331 7.5016 228.4421 118.9675 157.7292 103.9816 236.4144 24.6523 40.3568 260.8517 5.7227 155.5515 84.0879 183.5003 238.8771;
	1.8765 25.3554 77.1266 106.8521 12.3693 24.852 15.0251 17.2851 26.0873 28.9862 53.5806 79.9317 120.3368 55.9536 18.1822 6.85 8.4991 9.0065 64.0716 39.5465 5.0084 57.988 70.6718 85.5266 95.1788 73.295 12.4596 380.2917 296.6531 296.6531 162.6578 12.0824 213.5719 101.7928 175.4219 126.572 329.2576 25.7079 180.6049 254.9431 9.0799 275.6914 95.7411 179.5515 332.6874;
	1.8088 24.4403 84.3191 96.7185 12.1516 28.6948 19.4472 17.3252 26.1406 29.0407 53.6814 80.082 120.5631 56.5993 46.81 17.6354 21.881 23.1873 81.1926 52.7449 6.4824 66.9546 71.6866 83.9245 97.7419 71.6596 12.6095 412.3081 365.9773 365.9773 280.4526 16.6333 270.6421 135.7654 177.4465 156.1503 412.561 41.5679 199.0118 261.8086 2.7597 318.3212 108.729 183.6189 416.8585;
	2.9747 40.1949 87.1538 90.9139 14.0251 30.5901 20.4009 16.6446 27.1454 29.4568 54.4504 81.2293 122.2903 57.6664 35.5279 13.3849 16.6072 17.5987 80.2753 59.4835 6.8003 71.3769 72.6499 81.9624 96.3828 70.7003 11.2274 552.617 444.9392 444.9392 301.6259 20.9149 267.5843 153.1107 180.7919 189.8407 551.7432 49.8785 217.8226 258.1681 6.0383 339.3463 140.7006 205.7676 557.4906;
	3.6356 49.1251 86.2604 107.6506 14.7163 30.2127 20.9213 17.8161 26.3436 30.5246 56.4243 84.174 126.7235 54.9001 48.3189 18.2039 22.5863 23.9347 82.9565 55.3264 6.9738 70.4964 70.4665 84.0489 100.347 74.6948 11.8576 699.1973 588.996 588.996 383.1463 25.6078 276.5218 142.4103 172.1192 251.305 679.1764 75.4999 262.2585 268.7866 11.1306 335.16 139.863 240.5853 686.2512;
	3.7067 50.0856 85.4966 112.4766 14.3379 32.422 26.7407 17.8304 27.613 26.7903 49.5214 73.8762 111.2203 62.5564 77.2368 29.0985 36.1037 38.2591 81.9621 55.7136 8.9136 75.6514 51.1173 83.689 101.374 72.9447 12.6654 942.3956 672.9355 672.9355 480.1083 32.3728 273.2069 143.4069 196.1227 287.1192 920.0307 111.5334 428.2668 271.5375 6.5057 359.6686 157.2159 238.4851 929.6143;
	3.6912 49.8765 88.7064 112.6365 14.5096 33.6627 28.5908 17.8738 27.1228 22.2239 41.0805 61.284 92.2627 61.0295 122.3807 46.1062 57.2058 60.6211 85.126 65.7911 9.5303 78.5462 47.0594 86.3083 104.0799 71.5956 12.5143 1092.6054 746.4024 746.4024 635.8467 43.8839 283.7533 169.3466 191.3356 318.465 1069.339 156.7566 389.3487 278.7854 6.0059 373.4311 170.6207 259.4551 1080.4779;
	3.7439 50.5884 87.3528 111.1477 14.0995 32.8788 30.2852 17.6078 25.9381 20.4433 37.7892 56.374 84.8707 65.4574 162.7539 61.3166 76.078 80.62 88.9541 67.5563 10.0951 76.7173 33.1026 84.788 101.5625 72.6258 12.4351 1047.1279 784.3249 784.3249 697.7601 74.3343 296.5136 173.8902 205.2179 334.6453 1035.1826 197.8598 407.9914 272.0423 13.3799 364.736 203.9471 267.009 1045.9658;
	3.8883 52.5396 93.0716 115.7715 14.5811 34.3563 30.7692 18.3999 27.4564 16.6468 30.7714 45.9048 69.1095 65.2327 179.081 67.4677 83.71 88.7076 89.1747 68.7939 10.2564 80.1646 37.7534 86.9299 104.567 71.759 13.1201 1154.9323 817.1054 817.1054 720.2257 93.0916 297.249 177.0758 204.5133 348.6316 1138.1504 234.7585 442.6121 280.0901 112.1933 381.1256 200.125 260.3255 1150.0061;
	3.9194 52.9603 91.0352 118.5637 15.2595 35.1599 31.4909 13.8845 27.755 19.9226 36.8266 54.938 82.7089 61.2058 186.4191 70.2323 87.1401 92.3425 85.1927 67.9823 10.497 82.0399 53.3382 86.5972 104.7369 63.3039 12.8077 1258.7169 823.659 823.659 684.8765 105.2621 283.9757 174.9867 191.8885 351.4278 1191.7025 249.0405 447.033 280.5451 118.1174 390.041 211.418 269.0228 1204.1161;
