function loadprofile = ex_load_profilesh1
%EX_LOAD_PROFILE  Example load profile data file for stochastic unit commitment.
% 2022.03.12
% Andres F. Ramirez

%% define constants
[CT_LABEL, CT_PROB, CT_TABLE, CT_TBUS, CT_TGEN, CT_TBRCH, CT_TAREABUS, ...
    CT_TAREAGEN, CT_TAREABRCH, CT_ROW, CT_COL, CT_CHGTYPE, CT_REP, ...
    CT_REL, CT_ADD, CT_NEWVAL, CT_TLOAD, CT_TAREALOAD, CT_LOAD_ALL_PQ, ...
    CT_LOAD_FIX_PQ, CT_LOAD_DIS_PQ, CT_LOAD_ALL_P, CT_LOAD_FIX_P, ...
    CT_LOAD_DIS_P, CT_TGENCOST, CT_TAREAGENCOST, CT_MODCOST_F, ...
    CT_MODCOST_X] = idx_ct;

loadprofile = struct( ...
    'type', 'mpcData', ...
    'table', CT_TAREALOAD, ...
    'rows', [1:11], ...
    'col', CT_LOAD_ALL_P, ...
    'chgtype', 1, ...
    'values', [] );
loadprofile.values(:,1,:) = [
	1476.8944 933.1823 1530.5801 530.4826 770.71 1116.556 858.424 247.1 512.1 4519.5 1671.5311;
	1479.7207 932.2752 1536.4064 497.5637 775.0 1114.9 822.2359 248.491 487.7245 4387.95 1630.118;
	1473.8 951.4 1579.9 484.7865 798.1833 1126.6937 832.0461 255.5562 495.5784 4418.7705 1638.4684;
	1575.1173 1031.1185 1669.8255 496.2041 855.8 1212.8327 886.2633 277.3179 525.6828 4565.5723 1695.2302;
	1711.6886 1171.109 1892.4598 521.0055 965.4509 1400.0744 1015.066 326.8639 617.3 5175.7554 2000.4742;
	1861.5361 1262.4374 1997.3223 535.2841 993.0796 1477.7081 1076.3 357.7671 668.9217 5654.2924 2121.7211;
	1892.9 1262.8011 1970.7 542.6033 993.2764 1483.1673 1108.5 353.1 694.3 6018.7123 2190.3;
	1930.5215 1230.9 1949.4234 563.7466 968.3686 1479.6761 1113.6 350.8 711.9919 6143.496 2157.1002;
	1935.7 1211.4829 1917.5644 560.9667 950.081 1420.358 1059.5113 341.8954 708.4395 6228.1861 2057.9612;
	1887.9394 1223.7 1948.1766 557.2 976.3148 1423.8608 1026.046 324.9 673.5993 6224.9247 1962.7492;
	1856.9268 1215.9307 1933.0573 557.5603 979.1737 1380.0994 993.5896 317.8 685.7 6174.213 1913.9447;
	1867.1007 1210.3 1881.4947 539.9062 949.4364 1321.6258 992.6191 306.6118 686.1686 6228.8967 1989.8898;
	1829.1356 1191.339 1861.8116 539.9442 952.0 1339.4373 1012.6 304.897 680.6 6273.9 2070.7902;
	1788.1629 1149.7055 1879.3181 537.5 959.9416 1362.5421 1044.5381 303.6144 671.0171 6251.5982 2038.5349;
	1773.181 1149.6925 1877.3648 537.3729 991.4217 1376.898 1040.9745 311.6197 683.8777 6302.7604 2101.1421;
	1774.1155 1171.0743 1861.5043 547.1345 992.3199 1386.0703 1055.9974 321.2 698.7786 6369.5404 2150.7568;
	1734.1226 1175.3899 1858.3467 535.3062 1033.9598 1406.4056 1084.2434 329.4 683.9747 6432.5563 2221.1504;
	1766.569 1214.009 1940.854 542.0396 1065.675 1428.2 1133.2013 328.702 714.8 6356.2018 2338.0879;
	1808.1507 1192.9 1928.6035 531.3828 1037.0917 1392.6119 1112.9293 337.3111 713.7049 6159.2958 2299.571;
	1702.7 1131.6213 1830.7503 549.6661 980.3034 1302.0579 1059.0 311.2466 679.2298 5894.6051 2139.1172;
	1619.4691 1039.5 1724.7612 525.0169 911.6015 1200.4221 991.3616 290.8 621.9923 5678.505 2060.1299;
	1531.2462 954.0422 1644.3 510.6 840.9043 1114.6074 913.8298 268.0503 561.9837 5295.383 1926.755;
	1529.0988 948.5 1653.8993 460.6815 814.8975 1113.0 865.5212 252.351 519.282 4992.5837 1802.5953;
	1474.9101 914.4471 1639.3528 454.3879 800.8722 1102.3032 822.3824 234.4 490.6134 4549.9682 1709.3251;
];
