function solarprofile = ex_solar_profilesh1
%EX_WIND_PROFILE_D  Example wind_load_nyiso profile data for deterministic unit commitment.
% 2022.03.12
% Andres F. Ramirez


%% define constants
[GEN_BUS, PG, QG, QMAX, QMIN, VG, MBASE, GEN_STATUS, PMAX, PMIN, ...
    MU_PMAX, MU_PMIN, MU_QMAX, MU_QMIN, PC1, PC2, QC1MIN, QC1MAX, ...
    QC2MIN, QC2MAX, RAMP_AGC, RAMP_10, RAMP_30, RAMP_Q, APF] = idx_gen;
[CT_LABEL, CT_PROB, CT_TABLE, CT_TBUS, CT_TGEN, CT_TBRCH, CT_TAREABUS, ...
    CT_TAREAGEN, CT_TAREABRCH, CT_ROW, CT_COL, CT_CHGTYPE, CT_REP, ...
    CT_REL, CT_ADD, CT_NEWVAL, CT_TLOAD, CT_TAREALOAD, CT_LOAD_ALL_PQ, ...
    CT_LOAD_FIX_PQ, CT_LOAD_DIS_PQ, CT_LOAD_ALL_P, CT_LOAD_FIX_P, ...
    CT_LOAD_DIS_P, CT_TGENCOST, CT_TAREAGENCOST, CT_MODCOST_F, ...
    CT_MODCOST_X] = idx_ct;

solarprofile = struct( ...
    'type', 'mpcData', ...
    'table', CT_TGEN, ...
    'rows', [1:12], ...
    'col', PMAX, ...
    'chgtype', 1, ...
    'values', [] );
solarprofile.values(:,1,:) = [
	0.0 0.0 0.0 0.0 0.0 0.0 0.0 0.0 0.0 0.0 0.0 0.0;
	0.0 0.0 0.0 0.0 0.0 0.0 0.0 0.0 0.0 0.0 0.0 0.0;
	0.0 0.0 0.0 0.0 0.0 0.0 0.0 0.0 0.0 0.0 0.0 0.0;
	0.0 0.0 0.0 0.0 0.0 0.0 0.0 0.0 0.0 0.0 0.0 0.0;
	0.0 0.0 0.0 0.0 0.0 0.0 0.0 0.0 0.0 0.0 0.0 0.0;
	0.1333 0.1323 0.1305 0.0 0.0 0.1251 0.0156 0.1784 0.0 0.0 0.0 0.0;
	3.7779 2.6832 1.575 1.777 0.9199 15.8036 1.9754 17.1814 17.6657 102.4697 36.9943 185.5732;
	7.7371 6.1426 4.1682 5.87 8.4014 24.5537 3.0692 27.2064 66.2983 247.7101 235.1118 448.6045;
	11.1648 9.0047 6.1302 8.8123 11.8473 32.1676 4.0209 32.1789 92.5152 291.1603 253.4772 527.293;
	20.3504 12.9826 12.0513 6.7005 11.3819 187.1913 23.3989 63.7988 152.7491 254.8111 231.3737 461.4645;
	18.5074 12.3604 12.8848 6.9734 10.3484 142.6959 17.837 63.512 49.4247 252.0288 221.5582 456.4257;
	16.045 11.8615 12.5372 6.2862 8.7172 148.3256 18.5407 62.6745 28.5879 197.5644 196.2649 357.7904;
	18.6047 15.2147 12.66 0.6894 1.0903 279.9406 34.9926 57.0764 53.8102 112.3028 141.6147 203.3811;
	15.1833 11.758 9.8116 0.4094 0.7558 319.9782 39.9973 51.5109 77.1924 123.7462 94.4491 224.1051;
	9.1137 5.8721 5.9816 0.0 0.2782 280.65 35.0812 44.9898 65.5473 110.1082 54.4205 199.4067;
	3.5662 2.1764 3.4552 0.0 0.6157 49.6049 6.2006 10.8262 1.0263 38.0594 7.221 68.9257;
	0.9591 0.8115 0.7539 0.3511 1.3231 34.5674 4.3209 7.1046 20.2353 14.9294 8.1122 27.0372;
	0.0 0.0 0.0 0.0 0.0 0.0 0.0 0.0 0.0 0.0 0.0 0.0;
	0.0 0.0 0.0 0.0 0.0 0.0 0.0 0.0 0.0 0.0 0.0 0.0;
	0.0 0.0 0.0 0.0 0.0 0.0 0.0 0.0 0.0 0.0 0.0 0.0;
	0.0 0.0 0.0 0.0 0.0 0.0 0.0 0.0 0.0 0.0 0.0 0.0;
	0.0 0.0 0.0 0.0 0.0 0.0 0.0 0.0 0.0 0.0 0.0 0.0;
	0.0 0.0 0.0 0.0 0.0 0.0 0.0 0.0 0.0 0.0 0.0 0.0;
	0.0 0.0 0.0 0.0 0.0 0.0 0.0 0.0 0.0 0.0 0.0 0.0;
];
