function windprofile = ex_wind_profilesh1
%EX_WIND_PROFILE_D  Example wind_load_nyiso profile data for deterministic unit commitment.
% 2022.03.12
% Andres F. Ramirez


%% define constants
[GEN_BUS, PG, QG, QMAX, QMIN, VG, MBASE, GEN_STATUS, PMAX, PMIN, ...
    MU_PMAX, MU_PMIN, MU_QMAX, MU_QMIN, PC1, PC2, QC1MIN, QC1MAX, ...
    QC2MIN, QC2MAX, RAMP_AGC, RAMP_10, RAMP_30, RAMP_Q, APF] = idx_gen;
[CT_LABEL, CT_PROB, CT_TABLE, CT_TBUS, CT_TGEN, CT_TBRCH, CT_TAREABUS, ...
    CT_TAREAGEN, CT_TAREABRCH, CT_ROW, CT_COL, CT_CHGTYPE, CT_REP, ...
    CT_REL, CT_ADD, CT_NEWVAL, CT_TLOAD, CT_TAREALOAD, CT_LOAD_ALL_PQ, ...
    CT_LOAD_FIX_PQ, CT_LOAD_DIS_PQ, CT_LOAD_ALL_P, CT_LOAD_FIX_P, ...
    CT_LOAD_DIS_P, CT_TGENCOST, CT_TAREAGENCOST, CT_MODCOST_F, ...
    CT_MODCOST_X] = idx_ct;

windprofile = struct( ...
    'type', 'mpcData', ...
    'table', CT_TGEN, ...
    'rows', [1:45], ...
    'col', PMAX, ...
    'chgtype', 1, ...
    'values', [] );
windprofile.values(:,1,:) = [
	3.3766 45.6246 85.4391 111.6893 13.9559 12.8287 14.6364 17.3162 26.4996 25.9018 47.8792 71.4263 107.5319 5.5769 18.9084 7.1236 8.8386 9.3663 14.9929 23.4828 4.8788 29.9336 61.5826 81.8827 94.64 71.4158 7.44 717.3325 394.9558 394.9558 224.3925 35.6587 49.9764 60.4447 17.4843 168.5145 505.09 53.3779 294.0136 253.4999 15.5681 142.3127 107.3832 209.9968 510.3514;
	3.4603 46.7564 85.5342 110.8153 13.6048 15.5308 13.8469 16.9157 26.2059 25.1485 46.4867 69.349 104.4045 5.7926 13.7926 5.1963 6.4472 6.8321 15.3867 14.8667 4.6156 36.2386 63.4068 81.838 95.0545 70.5312 7.244 710.0152 378.82 378.82 186.0821 27.5385 51.289 38.267 18.1605 161.6299 498.0462 49.0758 297.8382 254.6103 15.9841 172.2887 105.6661 205.3633 503.2341;
	3.2572 44.0119 87.3071 112.7493 13.9978 13.7101 13.2396 16.4756 26.7894 25.7104 47.5253 70.8984 106.7372 7.1923 17.1612 6.4654 8.0219 8.5008 27.2268 15.9111 4.4132 31.9902 66.8598 82.2865 91.9852 71.5642 7.5349 692.5706 351.1855 351.1855 164.5063 33.3752 90.7561 40.9553 22.5489 149.8392 442.1861 38.975 241.2992 246.3889 30.3114 152.0904 90.9177 188.6591 446.7922;
	3.1046 41.9495 89.1347 110.6489 14.2403 13.3062 12.6642 17.1461 26.3405 26.0895 48.226 71.9437 108.3109 8.7766 15.1443 5.7055 7.0791 7.5017 24.5464 18.7612 4.2214 31.0478 70.5143 83.2113 98.4998 73.9809 9.7793 542.1059 289.4483 289.4483 179.6654 29.5816 81.8213 48.2914 27.5157 123.498 348.9397 38.1334 187.2445 263.8389 16.017 147.6102 80.1907 194.8704 352.5744;
	2.4627 33.2769 89.5575 115.3526 14.4802 15.5494 11.4084 17.3591 17.3071 24.7893 45.8226 68.3583 102.913 14.0653 21.1405 7.9646 9.882 10.4719 40.555 24.1383 3.8028 36.2818 60.734 82.7571 98.8802 73.2698 9.9379 418.9304 227.3746 227.3746 157.4678 26.5745 135.1834 62.1321 44.0968 97.0132 215.6499 35.2095 172.9352 264.8577 13.6237 172.4942 86.2349 198.2399 217.8962;
	3.1803 42.9728 91.4814 120.4133 14.6201 23.7741 11.4592 17.5812 9.867 21.355 39.4745 58.8881 88.6557 28.2314 21.5926 8.1349 10.0933 10.6958 41.8605 27.5177 3.8197 55.4729 59.6528 85.1879 102.1699 71.8429 8.9795 331.5974 203.4231 203.4231 138.5863 25.1868 139.5349 70.8307 88.5092 86.7939 178.5917 33.058 178.507 273.6693 14.772 263.7341 94.969 195.0927 180.452;
	2.5412 34.3377 88.4426 117.1083 14.3007 23.4079 10.9822 16.7954 10.4353 28.4457 52.5814 78.4411 118.0926 42.5909 29.5636 11.1379 13.8192 14.6443 40.9419 36.7594 3.6607 54.6185 70.2108 84.5724 100.7215 70.8229 11.532 265.319 223.2963 223.2963 100.4251 18.0199 136.4731 94.6188 133.5283 95.2731 189.5984 23.5179 137.4108 269.7899 11.4846 259.6719 92.8809 194.8139 191.5734;
	1.793 24.2268 69.1237 115.7065 14.8588 19.5498 12.8999 16.7598 18.9074 30.5712 56.5104 84.3024 126.9168 46.9192 31.6179 11.9119 14.7795 15.6619 53.7478 56.8511 4.3 45.6162 75.5073 86.3937 99.9027 70.8426 12.6706 145.0178 189.0088 189.0088 96.9404 11.2983 179.1595 146.3349 147.098 80.6438 136.5597 19.3775 170.1936 267.5966 10.0783 216.8726 83.3992 174.8655 137.9822;
	2.7757 37.5058 80.025 101.9668 14.409 24.872 10.5151 17.1639 20.3873 30.3548 56.1103 83.7055 126.0182 48.1987 20.7591 7.8209 9.7037 10.283 64.5849 52.7254 3.505 58.0347 75.1114 84.8115 100.6943 71.9756 12.6596 155.2226 163.8756 163.8756 100.8594 9.0783 215.283 135.7152 151.1094 69.9203 155.4246 31.478 130.8278 269.7168 21.5047 275.9135 78.628 216.0188 157.0436;
	1.9548 26.4143 74.5836 101.4548 12.6041 14.4475 10.3169 16.8409 25.5963 30.6527 56.6611 84.5271 127.2552 46.6805 11.3557 4.2782 5.3081 5.625 74.6364 47.4819 3.439 33.7109 72.0472 83.0951 99.0724 70.1 12.1725 269.7084 243.8706 243.8706 97.4075 8.211 248.788 122.2184 146.3497 104.0515 241.8976 20.1888 2.1566 265.3726 7.4068 160.2712 74.4973 196.255 244.4174;
	1.6191 21.8772 68.8625 101.6335 11.2524 25.6279 14.3189 15.5041 26.4101 29.8245 55.1301 82.2433 123.8168 50.3395 34.6696 13.0616 16.206 17.1736 68.4469 36.1257 4.773 59.7985 70.9962 83.5204 94.6064 70.5268 11.1914 401.25 307.8119 307.8119 151.6202 12.5022 228.1562 92.9877 157.8212 131.3331 343.9275 25.3459 162.7472 253.4101 0.0 284.2991 88.7947 162.2836 347.5101;
	1.8196 24.5862 82.3166 94.6553 11.5355 30.0784 20.1047 16.9147 26.7022 28.8936 53.4094 79.6763 119.9522 54.1832 8.2823 3.1203 3.8715 4.1026 79.2548 46.898 6.7016 70.183 71.4452 87.352 99.1524 73.7847 11.5227 528.7072 391.1337 391.1337 265.9496 20.0439 264.1826 120.7154 169.8718 166.8837 486.3105 44.2262 196.5924 265.5867 0.0 333.6699 109.0571 181.2608 491.3762;
	3.0425 41.1112 82.7758 86.8075 13.2429 30.6949 21.1535 15.5963 27.5947 29.2608 54.0881 80.6888 121.4765 56.8072 31.9689 12.0441 14.9436 15.8357 79.5622 56.6676 7.0512 71.6214 74.5947 85.7237 101.0107 72.1903 10.2176 685.5898 477.0936 477.0936 296.3441 24.9107 265.2075 145.8625 178.0982 203.5599 646.1275 54.4715 213.315 270.5644 0.0 340.5086 140.1429 205.7747 652.858;
	3.7177 50.2343 82.5846 104.4954 14.0681 30.3119 21.417 14.2016 26.4349 28.7142 53.0777 79.1816 119.2074 58.4427 45.6719 17.2066 21.349 22.6235 83.4118 50.8278 7.139 70.7277 69.6496 81.7816 94.1281 70.804 9.1507 891.9581 627.4141 627.4141 384.9137 35.4174 278.0394 130.8308 183.2259 267.6967 813.1393 83.0649 257.0214 252.1288 0.0 336.2597 141.4294 238.8139 821.6095;
	3.8041 51.4015 86.461 107.2104 14.3878 32.4511 26.8341 15.0341 27.5581 26.7669 49.4782 73.8117 111.1232 63.3632 76.5006 28.8211 35.7596 37.8945 78.4013 51.8706 8.9447 75.7192 53.9206 84.3498 96.1785 70.3536 11.3966 1062.7965 672.6209 672.6209 472.8838 37.4319 261.3375 133.515 198.6522 286.9849 994.4985 115.5889 408.2474 257.621 0.0 359.9905 160.9903 241.5802 1004.8578;
	3.8068 51.4384 89.4858 107.6329 14.8902 33.0554 25.9198 16.7298 26.5031 22.5949 41.7663 62.3072 93.8031 62.2246 119.1434 44.8866 55.6926 59.0175 74.6743 51.3071 8.6399 77.1292 53.2254 84.2475 100.7905 71.376 11.6662 1056.4535 695.7349 695.7349 570.9551 46.7054 248.9142 132.0647 195.0824 296.8469 989.0746 150.0858 309.5401 269.9744 0.0 366.6944 172.7233 254.4425 999.3774;
	3.7276 50.3684 90.8738 112.3045 14.6797 32.9386 30.2679 17.3264 28.0195 20.4499 37.8014 56.3922 84.8982 63.8928 153.4046 57.7943 71.7077 75.9888 79.019 67.8265 10.0893 76.8566 36.0864 83.6352 101.3404 73.6043 12.2241 1095.0713 744.3392 744.3392 643.4981 77.6972 263.3968 174.5856 200.3125 317.5847 1041.1003 200.741 381.7529 271.4476 0.016 365.3983 203.2163 267.9653 1051.9451;
	3.7975 51.3122 94.6229 117.1662 15.0205 33.5572 29.4197 18.6438 27.8227 18.7469 34.6533 51.6959 77.8278 64.5271 179.8311 67.7503 84.0606 89.0791 83.6533 69.419 9.8066 78.3001 40.8804 89.0365 105.957 75.9882 13.7046 1185.4139 804.7278 804.7278 697.546 94.8003 278.8444 178.6848 202.301 343.3505 1139.3295 230.8141 422.128 283.8133 104.6823 372.261 195.7005 268.4032 1151.1975;
	3.6888 49.8442 91.8821 116.4818 14.5835 33.3301 29.9913 12.5194 27.8063 18.1355 33.5232 50.0099 75.2897 64.5882 189.0331 71.2171 88.362 93.6373 85.7642 65.4609 9.9971 77.7702 49.9861 84.5247 102.1909 67.0036 12.5469 1218.8865 794.2285 794.2285 703.7923 112.6823 285.8807 168.4965 202.4928 338.8708 1103.8947 254.3655 437.2519 273.7256 114.7122 369.7417 199.0192 273.9614 1115.3936;
