function solarprofile = ex_solar_profilesh1
%EX_WIND_PROFILE_D  Example wind_load_nyiso profile data for deterministic unit commitment.
% 2022.03.12
% Andres F. Ramirez


%% define constants
[GEN_BUS, PG, QG, QMAX, QMIN, VG, MBASE, GEN_STATUS, PMAX, PMIN, ...
    MU_PMAX, MU_PMIN, MU_QMAX, MU_QMIN, PC1, PC2, QC1MIN, QC1MAX, ...
    QC2MIN, QC2MAX, RAMP_AGC, RAMP_10, RAMP_30, RAMP_Q, APF] = idx_gen;
[CT_LABEL, CT_PROB, CT_TABLE, CT_TBUS, CT_TGEN, CT_TBRCH, CT_TAREABUS, ...
    CT_TAREAGEN, CT_TAREABRCH, CT_ROW, CT_COL, CT_CHGTYPE, CT_REP, ...
    CT_REL, CT_ADD, CT_NEWVAL, CT_TLOAD, CT_TAREALOAD, CT_LOAD_ALL_PQ, ...
    CT_LOAD_FIX_PQ, CT_LOAD_DIS_PQ, CT_LOAD_ALL_P, CT_LOAD_FIX_P, ...
    CT_LOAD_DIS_P, CT_TGENCOST, CT_TAREAGENCOST, CT_MODCOST_F, ...
    CT_MODCOST_X] = idx_ct;

solarprofile = struct( ...
    'type', 'mpcData', ...
    'table', CT_TGEN, ...
    'rows', [1:12], ...
    'col', PMAX, ...
    'chgtype', 1, ...
    'values', [] );
solarprofile.values(:,1,:) = [
	0.0 0.0 0.0 0.0 0.0 0.0 0.0 0.0 0.0 0.0 0.0 0.0;
	0.0 0.0 0.0 0.0 0.0 0.0 0.0 0.0 0.0 0.0 0.0 0.0;
	0.0 0.0 0.0 0.0 0.0 0.0 0.0 0.0 0.0 0.0 0.0 0.0;
	0.0 0.0 0.0 0.0 0.0 0.0 0.0 0.0 0.0 0.0 0.0 0.0;
	0.0 0.0 0.0 0.0 0.0 0.0 0.0 0.0 0.0 0.0 0.0 0.0;
	0.1243 0.2366 0.1904 0.0 0.0 0.1251 0.0156 0.1784 0.0 0.0 0.0 0.0;
	4.3344 2.94 2.6364 0.4492 4.4505 105.9452 13.2432 28.195 105.2651 106.2411 38.1988 192.4033;
	7.9115 6.6488 5.3374 2.8291 11.3859 41.0124 5.1265 12.3062 44.6444 292.3589 99.3046 529.4638;
	11.3484 11.1707 7.9806 5.2468 12.2593 29.6936 3.7117 11.1508 38.2898 334.3666 142.6795 605.54;
	21.3878 16.003 13.249 6.632 10.2839 298.9116 37.364 64.1678 239.3764 334.3246 144.2723 605.4639;
	23.6301 16.0537 13.2587 10.0582 9.9141 330.6824 41.3353 63.714 233.9743 337.1955 176.1784 610.6631;
	24.0183 16.0751 13.2647 10.8415 10.2736 350.4303 43.8038 62.5351 233.3985 327.5411 197.5835 593.1789;
	23.9809 16.5824 13.7384 3.2949 4.7927 366.4025 45.8003 65.3133 259.6824 239.1464 160.6034 433.0956;
	16.9525 15.6684 10.6204 2.6128 4.4038 366.7327 45.8416 66.8875 273.3644 192.8792 129.7454 349.3054;
	6.6277 8.3285 4.2993 1.5204 3.8364 341.7582 42.7198 65.8488 270.5937 136.809 97.0871 247.762;
	1.5929 1.9942 1.4117 1.726 4.0345 111.9318 13.9915 21.4062 102.4788 42.5463 21.1462 77.0515;
	0.9236 0.7573 0.5818 1.4981 2.4589 34.6324 4.329 6.2471 20.2353 16.0572 9.7078 29.0796;
	0.0 0.0 0.0 0.0 0.0 0.0 0.0 0.0 0.0 0.0 0.0 0.0;
	0.0 0.0 0.0 0.0 0.0 0.0 0.0 0.0 0.0 0.0 0.0 0.0;
	0.0 0.0 0.0 0.0 0.0 0.0 0.0 0.0 0.0 0.0 0.0 0.0;
	0.0 0.0 0.0 0.0 0.0 0.0 0.0 0.0 0.0 0.0 0.0 0.0;
	0.0 0.0 0.0 0.0 0.0 0.0 0.0 0.0 0.0 0.0 0.0 0.0;
	0.0 0.0 0.0 0.0 0.0 0.0 0.0 0.0 0.0 0.0 0.0 0.0;
	0.0 0.0 0.0 0.0 0.0 0.0 0.0 0.0 0.0 0.0 0.0 0.0;
];
