function loadprofile = ex_load_profilesh1
%EX_LOAD_PROFILE  Example load profile data file for stochastic unit commitment.
% 2022.03.12
% Andres F. Ramirez

%% define constants
[CT_LABEL, CT_PROB, CT_TABLE, CT_TBUS, CT_TGEN, CT_TBRCH, CT_TAREABUS, ...
    CT_TAREAGEN, CT_TAREABRCH, CT_ROW, CT_COL, CT_CHGTYPE, CT_REP, ...
    CT_REL, CT_ADD, CT_NEWVAL, CT_TLOAD, CT_TAREALOAD, CT_LOAD_ALL_PQ, ...
    CT_LOAD_FIX_PQ, CT_LOAD_DIS_PQ, CT_LOAD_ALL_P, CT_LOAD_FIX_P, ...
    CT_LOAD_DIS_P, CT_TGENCOST, CT_TAREAGENCOST, CT_MODCOST_F, ...
    CT_MODCOST_X] = idx_ct;

loadprofile = struct( ...
    'type', 'mpcData', ...
    'table', CT_TAREALOAD, ...
    'rows', [1:11], ...
    'col', CT_LOAD_ALL_P, ...
    'chgtype', 1, ...
    'values', [] );
loadprofile.values(:,1,:) = [
	1496.9 930.0 1611.8211 577.2675 819.867 1139.1803 828.6481 247.6618 538.6254 4560.6491 1744.8117;
	1496.6616 944.1476 1603.5358 589.3 817.4479 1137.0491 838.0249 240.9394 540.2294 4499.5346 1750.341;
	1529.0558 949.8992 1606.0972 591.5125 829.4105 1156.931 826.8342 250.9 533.631 4510.6084 1770.0506;
	1631.7947 1030.7079 1739.3185 604.8 875.8489 1261.2 889.155 273.4265 576.7634 4749.0859 1877.2905;
	1808.2236 1168.6521 1949.9503 623.0 1003.9088 1406.387 991.8411 312.1773 656.0968 5201.0592 2061.7561;
	1912.8563 1261.0455 2073.8649 630.246 1082.909 1494.5171 1080.6 353.3467 762.3624 5815.2142 2243.0417;
	1911.0034 1242.6 2011.5623 633.8193 1060.7246 1464.9784 1075.0506 343.8601 768.9197 6149.3504 2241.1761;
	1922.251 1232.2013 2024.0831 642.9707 1041.6459 1464.6679 1090.0 346.2976 777.7674 6381.6669 2259.7756;
	1935.7 1260.7 2051.3308 651.1522 1047.7818 1475.4625 1081.7949 348.6692 762.3818 6385.2262 2297.0399;
	1958.3156 1248.1722 2022.1472 658.8637 1025.7051 1462.2902 1045.2981 335.3834 741.9874 6328.5334 2245.9086;
	1909.5994 1230.0972 1972.3005 606.6342 1012.7587 1446.2818 1003.8336 334.4555 715.6444 6362.1639 2153.6288;
	1923.6105 1226.0 2000.21 628.835 1015.482 1480.9868 1059.1076 316.6 760.5408 6538.91 2192.8065;
	1926.527 1242.7349 1957.3041 661.2844 1004.5992 1472.0822 1038.1105 329.0807 741.7303 6453.0354 2224.9084;
	1883.2056 1213.3447 1963.9452 609.3417 996.705 1453.4486 1018.4306 317.1154 768.43 6336.5908 2204.9327;
	1836.9233 1185.2224 1877.37 604.3825 982.0535 1401.5006 1019.0768 309.6137 703.2377 6243.9199 2169.7269;
	1870.1278 1189.7152 1891.6196 601.4 990.9035 1437.6529 1056.0899 325.2 722.3 6281.5875 2271.4874;
	1829.3739 1186.0463 1869.9278 587.7 986.4576 1482.169 1075.6 328.6 718.7152 6121.7393 2335.1481;
	1818.4 1234.216 1959.0611 610.1 1023.9 1502.2479 1130.3636 360.5768 730.9 6276.1723 2479.5784;
	1882.798 1224.7828 1964.1 609.2028 990.9678 1454.8744 1123.1 353.7817 733.8 6115.1 2429.0185;
	1873.0133 1172.6897 1898.95 594.2115 948.7808 1381.691 1067.4423 337.9659 696.5828 5915.2299 2350.3;
	1760.8808 1090.8751 1756.4956 581.7903 892.6301 1252.4701 980.5898 313.105 658.168 5542.0266 2138.4097;
	1673.94 1013.5075 1644.3 574.0 850.7847 1192.7679 914.2904 299.1825 609.5165 5200.7 1961.2295;
	1548.1041 957.1384 1583.8188 560.4737 838.2322 1216.2869 888.9636 283.4856 579.3003 4919.363 1822.5849;
	1507.3224 926.8851 1596.8645 550.9 813.5665 1166.5364 844.9222 270.7197 552.261 4674.1846 1691.9295;
];
