function windprofile = ex_wind_profilesh1
%EX_WIND_PROFILE_D  Example wind_load_nyiso profile data for deterministic unit commitment.
% 2022.03.12
% Andres F. Ramirez


%% define constants
[GEN_BUS, PG, QG, QMAX, QMIN, VG, MBASE, GEN_STATUS, PMAX, PMIN, ...
    MU_PMAX, MU_PMIN, MU_QMAX, MU_QMIN, PC1, PC2, QC1MIN, QC1MAX, ...
    QC2MIN, QC2MAX, RAMP_AGC, RAMP_10, RAMP_30, RAMP_Q, APF] = idx_gen;
[CT_LABEL, CT_PROB, CT_TABLE, CT_TBUS, CT_TGEN, CT_TBRCH, CT_TAREABUS, ...
    CT_TAREAGEN, CT_TAREABRCH, CT_ROW, CT_COL, CT_CHGTYPE, CT_REP, ...
    CT_REL, CT_ADD, CT_NEWVAL, CT_TLOAD, CT_TAREALOAD, CT_LOAD_ALL_PQ, ...
    CT_LOAD_FIX_PQ, CT_LOAD_DIS_PQ, CT_LOAD_ALL_P, CT_LOAD_FIX_P, ...
    CT_LOAD_DIS_P, CT_TGENCOST, CT_TAREAGENCOST, CT_MODCOST_F, ...
    CT_MODCOST_X] = idx_ct;

windprofile = struct( ...
    'type', 'mpcData', ...
    'table', CT_TGEN, ...
    'rows', [1:45], ...
    'col', PMAX, ...
    'chgtype', 1, ...
    'values', [] );
windprofile.values(:,1,:) = [
	3.342 45.1581 87.3635 114.9746 13.9287 13.8434 12.5874 17.8796 23.7447 23.1034 42.7064 63.7095 95.9143 2.5098 25.1281 9.4669 11.7459 12.4472 14.2827 28.728 4.1958 32.3013 56.476 83.401 97.1428 69.1649 8.1565 673.2792 394.4682 394.4682 225.1928 35.1149 47.6091 73.946 7.8684 168.3064 489.0335 54.7782 250.7907 260.204 16.1723 153.5695 112.955 220.9674 494.1276;
	3.1863 43.054 86.9838 116.0375 14.019 15.1485 12.6568 17.093 23.9627 21.5931 39.9145 59.5446 89.644 3.7608 12.6935 4.7822 5.9335 6.2877 12.0074 14.7624 4.2189 35.3465 57.2322 83.2234 96.1414 69.4598 7.1408 680.4064 376.47 376.47 191.5339 32.1803 40.0248 37.9986 11.7905 160.6272 477.4819 58.447 250.8621 257.5217 13.658 168.0474 104.4734 215.3959 482.4557;
	3.0558 41.2905 86.0704 113.0668 14.1262 14.5355 12.3459 16.2869 26.452 19.4812 36.0107 53.7209 80.8765 5.2353 13.2818 5.0039 6.2085 6.5791 19.8661 19.0322 4.1153 33.9161 54.5524 82.6183 94.0214 69.3875 7.3476 635.636 349.5616 349.5616 170.4061 29.6908 66.2202 48.9888 16.4135 149.1463 412.9744 46.3461 226.0515 251.843 17.5174 161.2467 89.9437 196.1734 417.2762;
	2.7494 37.1499 84.5972 110.1101 14.1956 13.5513 10.7114 16.9145 25.2735 16.5678 30.6254 45.687 68.7816 4.4757 5.7783 2.1769 2.701 2.8623 10.3062 13.6525 3.5705 31.6197 55.6718 81.6519 95.6164 72.4742 8.0896 497.2949 270.5127 270.5127 178.4891 25.4666 34.3541 35.1416 14.0319 115.4187 319.6097 37.3533 154.328 256.1154 7.0921 150.3292 82.2242 197.8436 322.939;
	2.2672 30.6355 82.254 110.3921 14.0278 14.442 9.5738 16.6621 16.0463 15.3286 28.3346 42.2697 63.6367 5.0327 11.0626 4.1678 5.1711 5.4798 17.1697 14.6147 3.1913 33.6981 40.0222 81.5956 95.089 71.3397 8.0528 343.5264 209.3925 209.3925 141.8267 22.6855 57.2322 37.6183 15.7783 89.3408 181.4613 34.136 132.049 254.7026 14.0528 160.2105 87.1582 206.5067 183.3515;
	2.9651 40.0645 86.6291 116.3831 14.0842 21.8871 10.7806 17.8808 10.3096 19.6404 36.305 54.1599 81.5375 13.6034 14.826 5.5856 6.9303 7.344 29.1249 16.0936 3.5935 51.0698 56.1531 81.6695 96.5517 72.9591 8.0281 322.8908 203.0204 203.0204 128.4342 24.8826 97.083 41.4249 42.6486 86.622 179.5513 34.1018 170.5067 258.6207 11.2139 242.8006 93.1185 219.6011 181.4216;
	2.5014 33.799 84.6806 114.2668 13.7016 22.6744 11.5455 15.9874 12.4764 26.2581 48.5377 72.4087 109.0109 24.6723 17.47 6.5817 8.1662 8.6537 29.0014 19.7791 3.8485 52.9069 63.319 82.0872 97.6564 72.0338 10.2462 270.5241 240.6708 240.6708 105.0454 15.4875 96.6715 50.9113 77.3509 102.6862 188.9434 23.9263 143.7171 261.5797 4.7052 251.5346 95.7112 222.8997 190.9115;
	1.8433 24.9069 63.4033 116.1273 14.1301 20.0695 12.1117 17.6923 18.7132 27.156 50.1974 74.8847 112.7385 23.1409 13.4558 5.0694 6.2898 6.6653 24.355 40.6118 4.0372 46.8288 70.8927 81.9062 98.6342 75.0613 12.1528 145.9815 184.9307 184.9307 87.6157 8.3678 81.1835 104.5349 72.5497 78.9038 128.2254 16.292 161.9167 264.1987 6.1202 222.6374 95.1105 207.6638 129.5611;
	2.6604 35.9472 75.2585 105.5056 14.0699 23.7776 11.0839 16.5142 21.1296 27.4508 50.7423 75.6976 113.9623 39.8519 9.1161 3.4344 4.2612 4.5156 50.6466 34.9512 3.6946 55.481 69.696 81.3481 96.9361 73.564 11.3298 153.5737 154.5214 154.5214 81.2979 7.9814 168.8221 89.9646 124.9412 65.9291 131.2567 17.3297 128.7865 259.6504 0.6162 263.7724 80.2579 224.582 132.6239;
	1.4968 20.2257 56.1912 100.5781 11.9078 12.858 8.8227 16.1792 24.1129 27.5139 50.8591 75.8718 114.2245 41.9182 0.0313 0.0118 0.0147 0.0155 68.206 28.239 2.9409 30.0021 68.4014 72.8587 93.1428 73.1763 11.5975 262.8225 232.3247 232.3247 104.9427 8.77 227.3535 72.6873 131.4193 99.1252 216.015 22.3965 0.0 249.4896 0.0 142.6383 70.6483 196.9604 218.2651;
	1.3631 18.4188 70.5031 103.003 11.882 24.6435 12.6798 16.336 25.1777 28.4244 52.5421 78.3824 118.0043 49.4937 2.4438 0.9207 1.1423 1.2105 68.3716 32.4307 4.2266 57.5015 69.1896 80.8408 92.5991 74.2128 11.6808 394.121 306.1949 306.1949 167.704 12.1258 227.9054 83.4768 155.1696 130.6432 339.5111 27.8201 151.6305 248.0333 0.3311 273.3787 82.1777 173.682 343.0476;
	1.6146 21.8161 82.3317 94.2665 12.5643 31.7265 18.6836 17.8135 26.7479 28.4003 52.4974 78.3158 117.9041 53.3991 0.0 0.0 0.0 0.0 78.4622 42.616 6.2279 74.0285 68.6155 82.0542 97.9497 75.1802 12.611 501.1395 400.0891 400.0891 301.0941 17.1875 261.5405 109.6938 167.4134 170.7047 487.9557 47.2085 193.4588 262.3652 3.8913 351.9527 108.3384 181.9145 493.0386;
	2.7396 37.0187 88.1529 91.002 14.0489 32.1064 18.2494 17.2864 26.9245 28.7328 53.1121 79.2329 119.2847 56.1979 31.4341 11.8426 14.6936 15.5708 82.2836 55.0608 6.0831 74.9149 68.9903 81.781 99.8831 75.8829 11.6837 634.5982 466.0919 466.0919 309.6274 20.0057 274.2786 141.7266 176.1879 198.8659 627.6232 51.3267 212.3285 267.5441 3.8418 356.1666 139.2835 216.915 634.1609;
	3.3659 45.4805 86.5993 107.258 14.0785 29.5883 20.5673 16.5403 26.7378 28.2427 52.2061 77.8813 117.2498 54.4202 28.244 10.6408 13.2024 13.9906 81.9271 48.9493 6.8558 69.0394 65.2061 74.5484 96.755 75.4124 11.1711 785.8042 599.2633 599.2633 401.174 25.7005 273.0902 125.9956 170.6146 255.6857 732.7255 71.0985 278.1254 259.1652 0.0262 328.2332 132.8583 238.3092 740.358;
	3.6416 49.2059 87.7363 106.2648 14.1855 32.3058 25.5737 17.2652 27.1779 24.516 45.3175 67.6049 101.7787 62.6572 69.0468 26.013 32.2753 34.2022 75.0661 47.0718 8.5246 75.3801 47.2455 78.1889 93.6972 75.4105 12.7137 1000.5318 688.7161 688.7161 501.5613 32.4722 250.2203 121.1629 196.4388 293.8522 972.1517 100.6053 414.9578 250.9747 0.0705 358.3786 151.0623 248.9819 982.2783;
	3.8331 51.7935 89.0927 112.1539 14.8307 33.9999 28.0696 18.0122 27.7943 19.4898 36.0266 53.7446 80.9122 61.954 105.5429 39.7627 49.3352 52.2805 83.0063 57.6629 9.3565 79.3331 43.8737 77.5259 98.5993 75.4133 12.9474 1048.5013 719.0536 719.0536 661.1092 42.1032 276.6878 148.4245 194.2342 306.7962 1019.351 156.4373 369.2097 264.1052 4.3474 377.1724 165.2283 259.4245 1029.9692;
	3.7636 50.8545 87.5239 113.1237 14.7464 33.419 30.8475 18.184 28.204 20.2827 37.4922 55.931 84.2038 66.3066 139.4209 52.526 65.1712 69.062 83.9556 67.2912 10.2825 77.9777 31.6079 81.332 97.1822 76.2886 13.0274 1075.387 781.0532 781.0532 737.3096 76.7015 279.8519 173.2077 207.8803 333.2494 1066.4588 199.9339 426.7028 260.3095 3.1501 370.7282 200.7344 272.2914 1077.5678;
	3.8184 51.5951 90.8896 115.0769 14.1372 33.3916 29.5531 18.2776 27.6439 18.4174 34.0443 50.7874 76.4602 63.679 172.6791 65.0558 80.7174 85.5364 84.6177 69.3655 9.851 77.9138 34.8691 82.5801 100.7483 74.9445 13.3688 1170.0538 788.4748 788.4748 743.066 84.824 282.0591 178.5471 199.6422 336.4159 1126.9384 233.0475 451.6009 269.8614 111.761 370.4243 189.2598 261.5042 1138.6773;
	3.7197 50.2617 87.2629 117.2337 13.9577 33.3872 31.4518 12.7414 27.8022 21.7276 40.1631 59.9154 90.2023 64.6358 179.1289 67.4858 83.7323 88.7313 85.1171 66.8876 10.4839 77.9034 52.9104 80.9361 100.4544 67.9397 12.5103 1227.5831 798.6539 798.6539 702.3272 100.0763 283.7237 172.1688 202.6421 340.759 1138.8827 237.4694 461.881 269.0743 118.1346 370.375 202.5185 263.533 1150.746;
