function solarprofile = ex_solar_profilesh1
%EX_WIND_PROFILE_D  Example wind_load_nyiso profile data for deterministic unit commitment.
% 2022.03.12
% Andres F. Ramirez


%% define constants
[GEN_BUS, PG, QG, QMAX, QMIN, VG, MBASE, GEN_STATUS, PMAX, PMIN, ...
    MU_PMAX, MU_PMIN, MU_QMAX, MU_QMIN, PC1, PC2, QC1MIN, QC1MAX, ...
    QC2MIN, QC2MAX, RAMP_AGC, RAMP_10, RAMP_30, RAMP_Q, APF] = idx_gen;
[CT_LABEL, CT_PROB, CT_TABLE, CT_TBUS, CT_TGEN, CT_TBRCH, CT_TAREABUS, ...
    CT_TAREAGEN, CT_TAREABRCH, CT_ROW, CT_COL, CT_CHGTYPE, CT_REP, ...
    CT_REL, CT_ADD, CT_NEWVAL, CT_TLOAD, CT_TAREALOAD, CT_LOAD_ALL_PQ, ...
    CT_LOAD_FIX_PQ, CT_LOAD_DIS_PQ, CT_LOAD_ALL_P, CT_LOAD_FIX_P, ...
    CT_LOAD_DIS_P, CT_TGENCOST, CT_TAREAGENCOST, CT_MODCOST_F, ...
    CT_MODCOST_X] = idx_ct;

solarprofile = struct( ...
    'type', 'mpcData', ...
    'table', CT_TGEN, ...
    'rows', [1:12], ...
    'col', PMAX, ...
    'chgtype', 1, ...
    'values', [] );
solarprofile.values(:,1,:) = [
	0.0 0.0 0.0 0.0 0.0 0.0 0.0 0.0 0.0 0.0 0.0 0.0;
	0.0 0.0 0.0 0.0 0.0 0.0 0.0 0.0 0.0 0.0 0.0 0.0;
	0.0 0.0 0.0 0.0 0.0 0.0 0.0 0.0 0.0 0.0 0.0 0.0;
	0.0 0.0 0.0 0.0 0.0 0.0 0.0 0.0 0.0 0.0 0.0 0.0;
	0.0 0.0 0.0 0.0 0.0 0.0 0.0 0.0 0.0 0.0 0.0 0.0;
	0.0951 0.0972 0.1134 0.0 0.0 0.1251 0.0156 0.6419 0.0496 0.0 0.0 0.0;
	1.2393 0.7177 0.815 3.6911 7.21 118.994 14.8742 34.4626 69.6548 212.1482 39.4086 384.2017;
	1.3071 1.3902 1.0611 5.3077 12.461 122.3398 15.2925 45.9767 75.7052 163.2964 52.0234 295.7307;
	2.3798 2.8186 2.2866 6.2582 13.0652 113.6984 14.2123 57.8262 93.6005 170.255 49.1303 308.3328;
	17.6472 13.9387 13.1516 10.1706 12.0795 357.3628 44.6703 75.7119 251.2757 158.068 60.1686 286.262;
	23.064 15.8644 13.2545 11.1561 11.1548 344.2524 43.0315 71.0071 229.0676 244.0574 102.842 441.9894;
	23.4849 16.0542 13.2358 11.2056 9.6835 351.0832 43.8854 65.97 219.7619 273.8436 136.1228 495.9325;
	23.9 16.5824 13.1714 6.18 1.2111 367.4388 45.9298 66.0301 250.167 231.239 149.5752 418.7753;
	20.1579 15.7662 11.3613 4.7855 0.7722 372.2174 46.5272 68.4141 271.1246 200.3053 133.1781 362.7542;
	14.0743 11.4347 8.5271 2.9325 0.2764 345.8066 43.2258 70.0634 276.3269 155.8158 119.9797 282.1833;
	6.1198 5.344 3.873 1.4803 0.5055 117.6042 14.7005 55.6468 154.5693 34.2137 39.2448 61.9611;
	1.0115 0.8775 0.5819 0.6792 1.1551 43.6985 5.4623 11.4726 26.5624 12.7327 10.1555 23.0589;
	0.0 0.0 0.0 0.0 0.0 0.0 0.0 0.0 0.0 0.0 0.0 0.0;
	0.0 0.0 0.0 0.0 0.0 0.0 0.0 0.0 0.0 0.0 0.0 0.0;
	0.0 0.0 0.0 0.0 0.0 0.0 0.0 0.0 0.0 0.0 0.0 0.0;
	0.0 0.0 0.0 0.0 0.0 0.0 0.0 0.0 0.0 0.0 0.0 0.0;
	0.0 0.0 0.0 0.0 0.0 0.0 0.0 0.0 0.0 0.0 0.0 0.0;
	0.0 0.0 0.0 0.0 0.0 0.0 0.0 0.0 0.0 0.0 0.0 0.0;
	0.0 0.0 0.0 0.0 0.0 0.0 0.0 0.0 0.0 0.0 0.0 0.0;
];
