function windprofile = ex_wind_profilesh1
%EX_WIND_PROFILE_D  Example wind_load_nyiso profile data for deterministic unit commitment.
% 2022.03.12
% Andres F. Ramirez


%% define constants
[GEN_BUS, PG, QG, QMAX, QMIN, VG, MBASE, GEN_STATUS, PMAX, PMIN, ...
    MU_PMAX, MU_PMIN, MU_QMAX, MU_QMIN, PC1, PC2, QC1MIN, QC1MAX, ...
    QC2MIN, QC2MAX, RAMP_AGC, RAMP_10, RAMP_30, RAMP_Q, APF] = idx_gen;
[CT_LABEL, CT_PROB, CT_TABLE, CT_TBUS, CT_TGEN, CT_TBRCH, CT_TAREABUS, ...
    CT_TAREAGEN, CT_TAREABRCH, CT_ROW, CT_COL, CT_CHGTYPE, CT_REP, ...
    CT_REL, CT_ADD, CT_NEWVAL, CT_TLOAD, CT_TAREALOAD, CT_LOAD_ALL_PQ, ...
    CT_LOAD_FIX_PQ, CT_LOAD_DIS_PQ, CT_LOAD_ALL_P, CT_LOAD_FIX_P, ...
    CT_LOAD_DIS_P, CT_TGENCOST, CT_TAREAGENCOST, CT_MODCOST_F, ...
    CT_MODCOST_X] = idx_ct;

windprofile = struct( ...
    'type', 'mpcData', ...
    'table', CT_TGEN, ...
    'rows', [1:45], ...
    'col', PMAX, ...
    'chgtype', 1, ...
    'values', [] );
windprofile.values(:,1,:) = [
	3.7194 50.2572 94.4589 117.7971 14.6499 14.775 13.1523 18.4964 26.2443 24.8748 45.9807 68.5942 103.2682 2.1667 17.3952 6.5535 8.1313 8.6167 8.9939 26.6239 4.3841 34.4751 57.8587 87.372 103.9538 73.6501 8.5689 665.056 373.5516 373.5516 189.4249 36.8651 29.9798 68.5299 6.7929 159.382 454.3478 54.9934 264.6358 278.4476 19.0641 163.9044 129.4287 239.4637 459.0805;
	3.7222 50.2944 94.5405 119.1224 15.0841 18.1033 12.5026 18.0557 26.0835 25.822 47.7315 71.2061 107.2003 5.0401 13.6728 5.1512 6.3913 6.7728 9.9222 14.5482 4.1675 42.2409 66.2723 87.3687 104.6418 72.299 7.6124 680.441 372.8755 372.8755 170.2052 32.1062 33.074 37.4472 15.8014 159.0935 470.2954 50.3722 278.4163 280.2904 16.6316 200.8255 126.1752 231.7018 475.1943;
	3.3975 45.908 93.2659 115.0414 14.9 14.0324 11.4872 17.6851 26.4201 24.7013 45.6599 68.1157 102.5477 5.5945 19.5489 7.3649 9.138 9.6835 19.4692 22.7543 3.8291 32.7423 69.0569 88.799 103.3327 72.2651 8.7858 622.5917 355.3642 355.3642 152.7555 33.794 64.8973 58.5697 17.5395 151.6221 408.083 38.0596 223.8392 276.7841 79.4614 155.666 96.2199 215.7102 412.3338;
	3.0864 41.7038 90.6629 109.4497 14.9121 12.8218 10.1303 17.4028 26.101 24.2566 44.8379 66.8893 100.7015 9.0258 15.4648 5.8263 7.2289 7.6605 11.9501 18.8948 3.3768 29.9175 69.7901 89.3088 104.6801 75.0656 10.1232 515.9477 266.9445 266.9445 161.3574 30.6453 39.8336 48.6353 28.297 113.8963 313.7909 34.8466 143.9679 280.393 12.3758 142.2362 83.6998 216.6345 317.0596;
	2.646 35.7538 91.771 113.8776 14.8818 15.1309 9.9883 18.2104 17.3792 22.5485 41.6806 62.1792 93.6105 10.2935 19.1885 7.2292 8.9695 9.505 20.5995 24.0506 3.3294 35.3055 63.7518 89.2924 105.0999 75.431 10.574 406.8615 200.9858 200.9858 161.6046 30.6296 68.6648 61.9063 32.2716 85.7539 199.3674 38.0302 161.2511 281.5176 15.863 167.8526 89.3635 229.7079 201.4441;
	3.4496 46.6115 91.8698 115.6736 14.6127 24.0062 10.4457 17.7328 9.5814 19.8551 36.7019 54.752 82.4289 18.2456 15.0516 5.6706 7.0357 7.4558 31.5127 23.6141 3.4819 56.0144 62.7035 89.754 103.9878 74.1325 8.375 347.8649 180.5841 180.5841 129.6777 28.0996 105.0423 60.7829 57.2025 77.0492 169.8519 32.0551 158.966 278.5388 14.5455 266.3083 92.7356 227.554 171.6212;
	2.8012 37.8506 90.2909 113.7093 14.1907 23.5237 11.0749 17.0819 9.4703 25.7522 47.6025 71.0136 106.9106 35.7623 17.5387 6.6076 8.1983 8.6878 33.792 32.7424 3.6916 54.8887 71.4175 89.2257 103.1453 73.6383 11.2817 298.5906 208.0427 208.0427 101.928 18.4324 112.64 84.2791 112.1196 88.7649 184.3623 22.8131 133.8254 276.282 11.7213 260.9566 93.5811 244.319 186.2827;
	1.997 26.9843 75.3274 118.156 14.9028 19.5274 11.3665 18.28 16.3389 25.747 47.5929 70.9993 106.8891 31.4495 17.4685 6.5812 8.1655 8.653 48.9756 49.3944 3.7888 45.564 71.8787 89.9282 105.1207 73.7308 13.3862 168.4663 154.9624 154.9624 77.3594 11.0533 163.2519 127.1413 98.5983 66.1173 110.8936 22.2467 150.6941 281.5734 10.4051 216.6244 96.0008 235.0053 112.0487;
	2.9495 39.8547 89.0596 113.5 14.8474 24.7206 9.1039 19.0227 18.6765 27.5232 50.8762 75.8972 114.2629 38.2759 16.5137 6.2215 7.7192 8.1801 64.2915 51.0619 3.0346 57.6813 73.8889 90.1592 106.5507 73.4219 13.594 122.7913 118.0829 118.0829 62.6009 8.2296 214.3049 131.4334 120.0 50.3821 98.7157 21.0277 99.1571 285.4037 21.468 274.2336 79.8879 254.7706 99.744;
	2.0221 27.3226 84.7644 113.8044 13.0501 13.2126 8.3721 18.01 23.3817 27.9254 51.6196 77.0063 115.9326 39.6773 35.4015 13.3373 16.5481 17.5361 72.2862 49.4163 2.7907 30.8295 73.9715 88.609 103.739 70.0752 12.5552 223.4784 224.0611 224.0611 96.8301 9.3542 240.9541 127.1977 124.3938 95.5994 200.9035 21.7644 0.0 277.8723 17.6042 146.5722 78.6753 208.0576 202.9963;
	1.5881 21.458 81.7213 108.3117 12.9605 23.993 12.5408 17.4794 25.0392 28.237 52.1956 77.8656 117.2263 44.5009 22.2312 8.3755 10.3918 11.0122 69.2864 38.151 4.1803 55.9836 72.4336 86.0836 98.1445 70.8035 13.0359 327.6743 277.859 277.859 143.4599 12.1823 230.9548 98.2006 139.5164 118.5532 299.6705 23.023 140.7755 262.8872 8.4574 266.1622 89.0925 184.7608 302.7921;
	1.7088 23.0896 85.4198 95.0258 12.1313 27.6883 18.9852 17.8211 25.2463 28.0718 51.8903 77.4101 116.5404 47.9102 18.4788 6.9618 8.6378 9.1535 80.6507 50.5982 6.3284 64.6061 73.1538 86.4718 98.6391 71.5736 12.8994 454.4539 376.7301 376.7301 271.0989 18.0791 268.8356 130.2398 150.205 160.7382 444.2756 41.3076 171.1031 264.2119 8.7558 307.156 104.0428 186.3329 448.9035;
	2.8684 38.7582 87.7645 90.0239 14.0742 29.3059 19.919 17.6181 25.4077 27.9781 51.7172 77.1519 116.1517 52.1773 45.1872 17.024 21.1224 22.3834 85.8227 61.9064 6.6397 68.3804 70.7883 88.4336 102.8665 72.247 12.0547 587.8774 458.0936 458.0936 303.8224 26.0956 286.0756 159.3471 163.5827 195.4533 591.6392 54.4918 174.8438 275.5351 16.4347 325.1001 128.0333 219.4886 597.8021;
	3.6344 49.109 87.644 105.9247 14.8589 29.0433 21.6393 17.759 25.8664 29.1198 53.8274 80.2999 120.8911 53.9193 58.5437 22.056 27.3658 28.9996 87.9452 54.2515 7.2131 67.7678 69.9256 85.4375 100.6785 72.3376 11.7671 778.6215 595.7936 595.7936 392.6497 31.2499 293.1506 139.6434 169.0442 254.2053 737.6197 76.1741 256.1468 269.6746 1.607 322.1874 135.0427 251.1274 745.3033;
	3.7668 50.8976 87.9836 109.0842 14.7623 32.35 24.3078 17.9952 26.1471 25.4853 47.1092 70.2776 105.8025 62.1002 91.5947 34.5078 42.8152 45.3713 83.9925 51.7073 8.1026 75.4833 50.9003 87.844 100.6172 74.495 12.6891 915.0232 677.1983 677.1983 500.3363 36.1655 279.9751 133.0947 194.6924 288.938 931.434 108.0578 372.5435 269.5103 23.5509 358.8694 152.7786 254.8654 941.1364;
	3.8707 52.301 91.7072 111.1275 14.66 32.7781 27.6075 18.3072 26.3495 22.1478 40.9398 61.0741 91.9467 62.7259 129.6926 48.8609 60.6238 64.2431 89.7347 58.6869 9.2025 76.4822 48.9063 87.877 100.4308 72.8222 13.1163 1036.1407 732.4599 732.4599 667.9569 48.0255 299.1158 151.0602 196.6541 312.5162 1011.5954 162.9498 348.9798 269.0111 17.7697 363.6183 172.0766 269.897 1022.1329;
	3.7884 51.1896 89.0027 113.8934 14.3222 32.7679 29.4384 17.9453 26.1611 18.6157 34.4108 51.3342 77.2834 63.353 150.0595 56.534 70.1441 74.3318 88.3789 64.5912 9.8128 76.4584 25.0797 88.2385 99.2227 71.9871 12.3144 1029.0245 735.6411 735.6411 711.8341 77.7488 294.5964 166.2579 198.6201 313.8736 996.2761 208.8612 371.0638 265.7751 0.7303 363.5052 205.1805 267.4266 1006.654;
	3.7188 50.2498 92.4198 113.7387 14.4076 32.5265 28.8883 17.97 26.124 17.3057 31.9894 47.7218 71.845 62.3752 155.1861 58.4655 72.5405 76.8713 85.4112 67.3127 9.6294 75.8951 33.3554 87.5415 99.7948 71.9466 13.1499 1155.0613 724.9944 724.9944 706.5723 96.6594 284.7041 173.2631 195.5548 309.3309 1028.6702 235.2803 420.3346 267.3074 104.478 360.8272 191.3507 263.2667 1039.3856;
	3.8995 52.6906 93.4549 120.0048 14.8241 33.8522 29.4376 14.0574 26.4373 19.9746 36.9228 55.0816 82.925 60.8794 177.947 67.0405 83.1799 88.1458 88.9415 66.9065 9.8125 78.9885 52.1593 88.8162 102.2968 65.0225 12.9786 1251.263 785.0544 785.0544 711.3476 104.7861 296.4716 172.2174 190.8652 334.9565 1106.4556 237.6052 438.6277 274.0092 116.2507 375.5337 204.7951 276.453 1117.9812;
