function solarprofile = ex_solar_profilesh1
%EX_WIND_PROFILE_D  Example wind_load_nyiso profile data for deterministic unit commitment.
% 2022.03.12
% Andres F. Ramirez


%% define constants
[GEN_BUS, PG, QG, QMAX, QMIN, VG, MBASE, GEN_STATUS, PMAX, PMIN, ...
    MU_PMAX, MU_PMIN, MU_QMAX, MU_QMIN, PC1, PC2, QC1MIN, QC1MAX, ...
    QC2MIN, QC2MAX, RAMP_AGC, RAMP_10, RAMP_30, RAMP_Q, APF] = idx_gen;
[CT_LABEL, CT_PROB, CT_TABLE, CT_TBUS, CT_TGEN, CT_TBRCH, CT_TAREABUS, ...
    CT_TAREAGEN, CT_TAREABRCH, CT_ROW, CT_COL, CT_CHGTYPE, CT_REP, ...
    CT_REL, CT_ADD, CT_NEWVAL, CT_TLOAD, CT_TAREALOAD, CT_LOAD_ALL_PQ, ...
    CT_LOAD_FIX_PQ, CT_LOAD_DIS_PQ, CT_LOAD_ALL_P, CT_LOAD_FIX_P, ...
    CT_LOAD_DIS_P, CT_TGENCOST, CT_TAREAGENCOST, CT_MODCOST_F, ...
    CT_MODCOST_X] = idx_ct;

solarprofile = struct( ...
    'type', 'mpcData', ...
    'table', CT_TGEN, ...
    'rows', [1:12], ...
    'col', PMAX, ...
    'chgtype', 1, ...
    'values', [] );
solarprofile.values(:,1,:) = [
	0.0 0.0 0.0 0.0 0.0 0.0 0.0 0.0 0.0 0.0 0.0 0.0;
	0.0 0.0 0.0 0.0 0.0 0.0 0.0 0.0 0.0 0.0 0.0 0.0;
	0.0 0.0 0.0 0.0 0.0 0.0 0.0 0.0 0.0 0.0 0.0 0.0;
	0.0 0.0 0.0 0.0 0.0 0.0 0.0 0.0 0.0 0.0 0.0 0.0;
	0.0 0.0 0.0 0.0 0.0 0.0 0.0 0.0 0.0 0.0 0.0 0.0;
	0.0951 0.0972 0.1051 0.0 0.0 0.1251 0.0156 0.1784 0.0 0.0 0.0 0.0;
	0.3841 0.0 0.2333 1.0882 3.1766 35.1525 4.3941 8.6156 67.8568 72.1009 38.3609 130.5751;
	4.3148 1.2297 2.3556 5.7427 10.1767 53.6578 6.7072 24.2962 74.1434 240.1224 116.3416 434.8631;
	10.8331 5.3691 5.3772 9.4917 12.1576 76.2279 9.5285 30.8003 87.0325 331.8691 163.2909 601.017;
	21.5825 15.7291 12.8118 10.6743 11.42 376.0217 47.0027 61.8361 246.7238 338.8279 190.0339 613.6194;
	18.5777 14.4027 10.248 11.0986 11.3916 375.2129 46.9016 56.7179 239.151 347.0888 250.7083 628.5798;
	14.163 10.1394 6.2403 11.1053 10.8674 379.1086 47.3886 53.257 240.688 327.5219 259.1624 593.1441;
	20.9388 16.2034 13.4358 4.8252 1.7484 380.6741 47.5843 57.3046 257.1745 89.2214 202.1561 161.5805;
	20.7034 15.9072 13.3497 3.5784 0.6941 386.1298 48.2662 62.0771 264.2564 27.1079 138.4604 49.0927;
	17.803 14.5975 12.8782 1.8921 0.1768 367.6678 45.9585 60.4212 261.753 9.3614 91.2584 16.9536;
	8.8175 6.9749 7.2722 0.7642 0.4099 149.0874 18.6359 23.8977 96.2602 0.0 14.1328 0.0;
	1.1826 0.9467 0.7318 0.6786 1.4155 49.8129 6.2266 6.7264 25.829 11.1121 10.1514 20.124;
	0.0 0.0 0.0 0.0 0.0 0.0 0.0 0.0 0.0 0.0 0.0 0.0;
	0.0 0.0 0.0 0.0 0.0 0.0 0.0 0.0 0.0 0.0 0.0 0.0;
	0.0 0.0 0.0 0.0 0.0 0.0 0.0 0.0 0.0 0.0 0.0 0.0;
	0.0 0.0 0.0 0.0 0.0 0.0 0.0 0.0 0.0 0.0 0.0 0.0;
	0.0 0.0 0.0 0.0 0.0 0.0 0.0 0.0 0.0 0.0 0.0 0.0;
	0.0 0.0 0.0 0.0 0.0 0.0 0.0 0.0 0.0 0.0 0.0 0.0;
	0.0 0.0 0.0 0.0 0.0 0.0 0.0 0.0 0.0 0.0 0.0 0.0;
];
