function windprofile = ex_wind_profilesh1
%EX_WIND_PROFILE_D  Example wind_load_nyiso profile data for deterministic unit commitment.
% 2022.03.12
% Andres F. Ramirez


%% define constants
[GEN_BUS, PG, QG, QMAX, QMIN, VG, MBASE, GEN_STATUS, PMAX, PMIN, ...
    MU_PMAX, MU_PMIN, MU_QMAX, MU_QMIN, PC1, PC2, QC1MIN, QC1MAX, ...
    QC2MIN, QC2MAX, RAMP_AGC, RAMP_10, RAMP_30, RAMP_Q, APF] = idx_gen;
[CT_LABEL, CT_PROB, CT_TABLE, CT_TBUS, CT_TGEN, CT_TBRCH, CT_TAREABUS, ...
    CT_TAREAGEN, CT_TAREABRCH, CT_ROW, CT_COL, CT_CHGTYPE, CT_REP, ...
    CT_REL, CT_ADD, CT_NEWVAL, CT_TLOAD, CT_TAREALOAD, CT_LOAD_ALL_PQ, ...
    CT_LOAD_FIX_PQ, CT_LOAD_DIS_PQ, CT_LOAD_ALL_P, CT_LOAD_FIX_P, ...
    CT_LOAD_DIS_P, CT_TGENCOST, CT_TAREAGENCOST, CT_MODCOST_F, ...
    CT_MODCOST_X] = idx_ct;

windprofile = struct( ...
    'type', 'mpcData', ...
    'table', CT_TGEN, ...
    'rows', [1:45], ...
    'col', PMAX, ...
    'chgtype', 1, ...
    'values', [] );
windprofile.values(:,1,:) = [
	3.6423 49.215 90.6346 115.8854 14.6984 15.7634 14.508 17.7129 27.0295 24.7817 45.8086 68.3373 102.8815 5.6713 26.8593 10.1191 12.5552 13.3047 10.8057 29.6473 4.836 36.7814 60.3999 84.5948 97.6827 69.0779 8.0681 641.8294 387.9905 387.9905 194.9047 34.1167 36.0189 76.3121 17.7802 165.5426 491.4995 48.8211 328.0347 261.6502 11.8716 174.8692 123.5069 243.8624 496.6193;
	3.5874 48.4732 88.8382 113.2748 14.2845 17.3056 13.4228 16.564 26.3809 24.9365 46.0948 68.7643 103.5243 5.3691 17.3889 6.5512 8.1283 8.6135 11.9579 16.1038 4.4743 40.3798 61.3137 83.8072 93.9468 69.992 7.0834 617.25 362.3321 362.3321 158.8968 29.5512 39.8597 41.4513 16.833 154.595 480.1292 49.2712 322.5765 251.6432 5.8156 191.9769 113.2634 222.5866 485.1306;
	3.243 43.8201 87.7895 112.3022 14.0794 13.6861 12.2479 17.1572 26.4237 23.4447 43.3371 64.6505 97.3309 7.2627 21.1051 7.9512 9.8654 10.4544 20.0263 24.1206 4.0826 31.9343 60.374 83.883 93.9073 70.7096 8.2939 559.6112 316.1488 316.1488 89.5679 28.2381 66.7545 62.0865 22.7695 134.8902 371.2148 31.3359 246.9048 251.5374 3.4929 151.8246 87.2957 195.7446 375.0816;
	2.9912 40.4183 89.4953 111.0988 14.0776 14.0825 11.442 17.6601 25.5984 22.8688 42.2727 63.0626 94.9403 8.7016 15.6302 5.8886 7.3062 7.7424 10.5479 22.0655 3.814 32.8591 63.1826 88.7086 101.2313 73.3871 10.1284 371.0783 250.758 250.758 81.7194 24.6654 35.1598 56.7966 27.2808 106.9901 265.8622 20.3125 180.1725 271.1553 4.3956 156.2216 77.7534 195.1189 268.6316;
	2.432 32.8615 89.5277 112.6626 13.6858 15.1352 10.2873 17.6272 15.3421 21.7166 40.1428 59.8852 90.1568 12.723 18.7796 7.0751 8.7784 9.3025 20.4103 24.5733 3.4291 35.3155 55.4581 87.1087 100.7779 72.9464 9.6605 336.9665 210.6023 210.6023 133.7349 27.6526 68.0343 63.2516 39.8884 89.857 174.6666 31.0712 161.6582 269.9408 11.4431 167.9 83.6006 198.6821 176.4861;
	3.2538 43.9665 89.6545 114.3412 14.2781 24.5015 12.9091 17.5748 10.316 21.5077 39.7567 59.3092 89.2896 27.398 20.2947 7.6459 9.4866 10.053 34.8409 28.3602 4.303 57.1702 61.3172 85.1928 98.4775 71.5855 8.2016 286.8484 191.7673 191.7673 115.2255 25.3377 116.1363 72.9992 85.8965 81.8207 142.845 29.5733 189.0187 263.779 10.4852 271.8034 95.09 206.0193 144.333;
	2.6982 36.4582 90.3234 114.389 14.0563 24.2446 12.6223 17.5889 12.4849 28.0688 51.8847 77.4017 116.5279 38.5742 28.1295 10.5976 13.1489 13.9339 37.0729 38.4586 4.2074 56.5708 68.9524 87.5775 103.8595 74.2608 12.0183 245.8577 220.7853 220.7853 79.2508 13.5864 123.5765 98.9926 120.9352 94.2017 168.7232 18.6873 160.9352 278.1951 9.3238 268.9537 102.3953 231.8465 170.4807;
	1.7854 24.125 70.5991 113.4092 14.4387 20.2822 12.9517 18.1435 19.5787 29.0638 53.724 80.1456 120.6588 45.4361 33.7195 12.7036 15.7619 16.7029 53.85 56.9041 4.3172 47.325 71.752 86.3411 102.3847 73.1105 13.137 135.7684 184.3442 184.3442 89.3871 10.7499 179.4999 146.4714 142.4483 78.6535 112.2607 25.4002 170.3369 274.2448 7.1713 224.9967 98.6787 207.2001 113.4301;
	2.7512 37.1746 83.9384 108.5732 13.9459 25.8952 11.9337 17.6234 20.5343 29.114 53.8169 80.2842 120.8674 47.4508 23.4854 8.848 10.978 11.6334 64.3652 51.7981 3.9779 60.4222 68.6901 84.652 102.5129 70.4105 12.7693 101.2692 146.4243 146.4243 86.33 7.6717 214.5508 133.3285 148.7646 62.4744 107.0759 23.0837 144.7975 274.5883 19.0373 287.2643 82.5806 221.7528 108.1913;
	1.7927 24.2227 83.2066 109.8358 12.0908 15.2488 10.3411 17.3678 23.6481 28.8069 53.2491 79.4372 119.5923 46.6471 52.0102 19.5945 24.3117 25.7632 76.3683 44.2106 3.447 35.5806 55.1598 81.5931 99.5328 69.8802 12.3253 211.814 216.3769 216.3769 101.1779 8.0271 254.5609 113.7982 146.2451 92.3208 209.4387 23.304 0.0017 266.6056 14.8503 169.1605 78.393 195.1729 211.6204;
	1.5378 20.7796 78.2402 105.3851 11.8333 27.0121 13.9233 16.9429 24.9777 29.6939 54.8887 81.8831 123.2745 51.0469 41.0621 15.4699 19.1941 20.3401 74.8459 36.197 4.6411 63.0281 66.5636 79.4363 92.1559 69.7979 12.0546 348.8102 287.2635 287.2635 155.6477 11.9484 249.4864 93.1713 160.039 122.5657 308.0175 26.8172 155.6434 246.8461 20.0487 299.6537 93.0911 168.5061 311.226;
	1.6379 22.1319 84.3229 94.7007 11.0255 31.2378 20.2675 17.3161 25.6127 27.2313 50.3366 75.0923 113.051 49.5121 57.5346 21.6758 26.8941 28.4997 82.5646 50.5087 6.7558 72.8882 60.683 79.5626 95.9394 69.4387 12.2437 448.7595 360.8397 360.8397 275.3659 15.4589 275.2153 130.0095 155.2271 153.9583 436.5464 41.2917 183.4323 256.9806 6.5655 346.5312 107.9536 177.1559 441.0937;
	2.9007 39.1947 85.7909 85.4002 13.4676 31.4523 21.5922 15.391 26.189 23.3022 43.0738 64.2576 96.7395 54.3622 49.4879 18.6443 23.1327 24.5138 79.5486 62.3835 7.1974 73.3887 58.2312 79.2236 95.9193 62.7478 10.2223 665.0715 442.4452 442.4452 311.6792 21.1747 265.1621 160.5753 170.4329 188.7766 618.1612 55.8301 226.8332 256.9266 5.0698 348.9109 137.356 194.6826 624.6004;
	3.6024 48.6762 80.4798 103.9274 13.3609 30.7206 23.4021 14.451 26.0405 26.5767 49.1266 73.2873 110.3336 50.4223 65.3459 24.6187 30.5454 32.369 84.443 56.1798 7.8007 71.6814 44.7342 78.0175 91.7198 63.8894 11.2538 790.9058 582.9203 582.9203 386.1642 27.5985 281.4766 144.6069 158.0808 248.7127 738.256 80.9801 286.4274 245.678 2.7744 340.794 138.5404 215.0929 745.9462;
	3.7952 51.2812 87.7781 110.7866 13.8852 34.1424 27.9915 16.4834 27.3142 26.0653 48.1814 71.8771 108.2107 60.5313 99.8047 37.6008 46.6529 49.4381 81.7428 59.7987 9.3305 79.6656 43.3965 82.1896 97.5222 65.9927 12.2796 1031.9372 656.1881 656.1881 475.1004 33.5165 272.476 153.9221 189.7739 279.9736 983.9007 113.1309 433.7472 261.2202 37.2345 378.753 159.4026 189.8698 994.1497;
	3.6512 49.3358 86.5043 109.7238 14.3136 33.2583 28.3723 15.5485 26.5485 19.6264 36.2791 54.1213 81.4794 60.5329 145.3506 54.76 67.943 71.9993 89.9971 69.4696 9.4574 77.6028 28.8282 78.8433 95.1543 63.9681 12.1172 1125.7434 724.419 724.419 642.0918 42.6283 299.9902 178.815 189.7788 309.0854 1072.1288 160.6914 384.9037 254.8776 4.7329 368.9457 164.787 212.3673 1083.2968;
	3.5622 48.1329 83.1215 109.5299 13.8604 32.6389 29.9345 15.4765 26.4747 18.8789 34.8974 52.0601 78.3762 63.4838 174.9947 65.9282 81.7998 86.6834 90.2556 72.0854 9.9782 76.1574 2.818 78.0689 94.414 67.4924 11.5631 1061.6839 756.1467 756.1467 644.7749 76.6636 300.8522 185.5479 199.0304 322.6226 1050.2228 206.9415 403.5837 252.8948 3.6863 362.0739 196.9654 201.7433 1061.1626;
	3.5754 48.3114 87.5297 110.1341 14.1924 32.7301 29.5682 17.4018 26.3205 18.4764 34.1533 50.95 76.7049 64.3897 188.935 71.1802 88.3161 93.5887 91.3697 73.6505 9.8561 76.3703 34.6098 81.749 98.4352 69.5555 12.6759 1134.1951 792.356 792.356 695.9442 90.4149 304.5655 189.5766 201.8704 338.0719 1121.9926 241.4438 436.427 263.6656 106.5349 363.0864 190.3317 233.7023 1133.68;
