function loadprofile = ex_load_profilesh1
%EX_LOAD_PROFILE  Example load profile data file for stochastic unit commitment.
% 2022.03.12
% Andres F. Ramirez

%% define constants
[CT_LABEL, CT_PROB, CT_TABLE, CT_TBUS, CT_TGEN, CT_TBRCH, CT_TAREABUS, ...
    CT_TAREAGEN, CT_TAREABRCH, CT_ROW, CT_COL, CT_CHGTYPE, CT_REP, ...
    CT_REL, CT_ADD, CT_NEWVAL, CT_TLOAD, CT_TAREALOAD, CT_LOAD_ALL_PQ, ...
    CT_LOAD_FIX_PQ, CT_LOAD_DIS_PQ, CT_LOAD_ALL_P, CT_LOAD_FIX_P, ...
    CT_LOAD_DIS_P, CT_TGENCOST, CT_TAREAGENCOST, CT_MODCOST_F, ...
    CT_MODCOST_X] = idx_ct;

loadprofile = struct( ...
    'type', 'mpcData', ...
    'table', CT_TAREALOAD, ...
    'rows', [1:11], ...
    'col', CT_LOAD_ALL_P, ...
    'chgtype', 1, ...
    'values', [] );
loadprofile.values(:,1,:) = [
	1446.6583 922.7931 1567.4265 566.2 832.7036 1171.0251 878.767 259.2 532.5452 4673.1154 1752.7181;
	1461.4611 933.9438 1564.0 570.179 812.8829 1141.2239 877.8209 241.6 517.0984 4620.1335 1729.4588;
	1498.7529 938.4411 1595.9112 567.9506 837.465 1185.4582 912.7226 254.0848 535.08 4719.6261 1788.863;
	1548.458 1010.4888 1691.1329 555.0 882.8165 1250.4107 957.2525 276.2 579.0324 4997.4664 1908.9264;
	1725.9228 1130.4 1869.9522 577.3042 999.6161 1409.1356 1069.8154 305.7287 659.7043 5513.7518 2130.8845;
	1825.9706 1216.4623 2006.2137 601.2895 1049.1063 1486.0438 1130.1504 338.3 708.3494 6108.3808 2267.2218;
	1809.0038 1223.5297 1987.415 615.9 1011.9922 1499.5548 1151.1974 343.0268 726.7422 6454.4293 2332.0298;
	1830.1853 1240.9983 1992.4098 611.041 1015.2013 1494.1335 1197.7156 342.7 727.4 6606.7894 2399.3407;
	1820.0734 1226.0555 1971.6649 601.1 1003.4 1462.1653 1166.4162 351.6207 736.6 6644.7646 2420.9628;
	1799.1313 1221.0 1959.5516 580.5658 973.7 1467.6783 1176.0989 351.1212 734.2603 6904.6414 2389.0004;
	1762.3 1188.6838 1941.0625 561.0642 965.4 1433.9406 1203.7418 328.5162 739.8769 6851.7409 2392.8349;
	1818.2041 1209.3 1941.6982 556.0698 947.7 1428.1999 1246.8391 339.8 714.7448 6819.4654 2420.0474;
	1789.6227 1200.0895 1887.7454 551.7931 930.8657 1404.8338 1218.0594 344.5185 720.1269 6887.9015 2334.6705;
	1725.5 1200.7656 1919.8692 555.5 919.537 1375.7718 1157.9762 323.3 697.9487 6768.3188 2242.2134;
	1729.0838 1190.4 1916.4999 542.4273 889.6968 1371.664 1210.5092 320.3428 706.5 6828.9598 2458.5702;
	1728.9189 1178.6063 1897.1462 525.3569 902.8431 1391.7891 1266.9074 316.8705 723.4056 6755.8009 2409.483;
	1694.6442 1160.8125 1912.6681 531.8919 924.5 1406.4434 1301.603 358.126 727.5667 6705.3877 2582.3;
	1756.2 1187.6691 1976.8229 550.4 968.1627 1474.2933 1344.5459 385.9933 733.5396 6446.0461 2625.228;
	1786.7554 1206.8403 1929.2 548.6242 992.3437 1475.1517 1320.1979 379.9684 746.1116 6369.0766 2533.9652;
	1693.2992 1155.4012 1851.1818 530.6 902.6933 1374.7903 1261.4159 365.8 712.8556 6406.6384 2512.941;
	1619.4229 1054.075 1735.4379 535.6727 830.5887 1262.2 1154.0754 349.4082 659.4 6222.4496 2315.8058;
	1514.9058 973.9 1612.6376 516.1 795.3 1173.4386 1033.7048 298.6449 580.0755 5663.3426 2108.7467;
	1420.1275 905.46 1565.6695 494.5131 770.6817 1150.9129 919.9284 240.2363 510.427 4925.4739 1866.4429;
	1403.3777 890.1264 1539.4247 513.2 770.7874 1126.7 896.1732 233.8 510.1 4791.7182 1872.0167;
];
