function solarprofile = ex_solar_profilesh1
%EX_WIND_PROFILE_D  Example wind_load_nyiso profile data for deterministic unit commitment.
% 2022.03.12
% Andres F. Ramirez


%% define constants
[GEN_BUS, PG, QG, QMAX, QMIN, VG, MBASE, GEN_STATUS, PMAX, PMIN, ...
    MU_PMAX, MU_PMIN, MU_QMAX, MU_QMIN, PC1, PC2, QC1MIN, QC1MAX, ...
    QC2MIN, QC2MAX, RAMP_AGC, RAMP_10, RAMP_30, RAMP_Q, APF] = idx_gen;
[CT_LABEL, CT_PROB, CT_TABLE, CT_TBUS, CT_TGEN, CT_TBRCH, CT_TAREABUS, ...
    CT_TAREAGEN, CT_TAREABRCH, CT_ROW, CT_COL, CT_CHGTYPE, CT_REP, ...
    CT_REL, CT_ADD, CT_NEWVAL, CT_TLOAD, CT_TAREALOAD, CT_LOAD_ALL_PQ, ...
    CT_LOAD_FIX_PQ, CT_LOAD_DIS_PQ, CT_LOAD_ALL_P, CT_LOAD_FIX_P, ...
    CT_LOAD_DIS_P, CT_TGENCOST, CT_TAREAGENCOST, CT_MODCOST_F, ...
    CT_MODCOST_X] = idx_ct;

solarprofile = struct( ...
    'type', 'mpcData', ...
    'table', CT_TGEN, ...
    'rows', [1:12], ...
    'col', PMAX, ...
    'chgtype', 1, ...
    'values', [] );
solarprofile.values(:,1,:) = [
	0.0 0.0 0.0 0.0 0.0 0.0 0.0 0.0 0.0 0.0 0.0 0.0;
	0.0 0.0 0.0 0.0 0.0 0.0 0.0 0.0 0.0 0.0 0.0 0.0;
	0.0 0.0 0.0 0.0 0.0 0.0 0.0 0.0 0.0 0.0 0.0 0.0;
	0.0 0.0 0.0 0.0 0.0 0.0 0.0 0.0 0.0 0.0 0.0 0.0;
	0.0 0.0 0.0 0.0 0.0 0.0 0.0 0.0 0.0 0.0 0.0 0.0;
	0.0951 0.1002 0.1051 0.0 0.0 0.1251 0.0156 0.1899 0.0 0.0 0.0 0.0;
	3.8285 3.1403 3.6976 6.2368 1.5014 96.8533 12.1067 19.2173 37.1232 109.451 61.4358 198.2163;
	6.627 6.5883 5.3785 8.6205 9.6928 172.3086 21.5386 30.7737 93.2754 154.0293 64.1076 278.9479;
	10.8942 12.0061 7.9883 10.2165 12.0569 226.853 28.3566 40.4733 148.6325 191.5412 51.6706 346.8824;
	24.8731 17.0627 14.0716 11.3728 11.0342 411.6064 51.4508 67.8398 259.4395 217.4944 99.5582 393.8836;
	26.8667 17.0752 13.9073 11.2176 9.3359 364.6686 45.5836 62.2925 231.9011 222.4643 166.3992 402.8842;
	26.8413 16.611 13.5229 11.2056 8.1428 302.6719 37.834 58.2857 188.7638 193.6065 190.7137 350.6225;
	24.682 16.5824 13.7384 4.4473 2.3182 342.5287 42.8161 57.9932 56.346 218.2791 208.0828 395.3048;
	20.3946 12.8447 12.0804 3.9544 2.647 374.3427 46.7928 62.5651 66.7979 220.8831 210.5742 400.0205;
	13.0296 5.5825 7.8829 3.5709 2.956 361.6317 45.204 62.0093 101.0986 235.1144 218.9728 425.7936;
	3.891 1.1897 2.5277 3.0635 3.424 114.7503 14.3438 36.2412 37.7371 126.5449 103.9985 229.1735;
	0.8987 0.7338 0.5349 0.7432 1.8728 32.1355 4.0169 7.7149 22.0753 15.4348 20.603 27.9525;
	0.0 0.0 0.0 0.0 0.0 0.0 0.0 0.0 0.0 0.0 0.0 0.0;
	0.0 0.0 0.0 0.0 0.0 0.0 0.0 0.0 0.0 0.0 0.0 0.0;
	0.0 0.0 0.0 0.0 0.0 0.0 0.0 0.0 0.0 0.0 0.0 0.0;
	0.0 0.0 0.0 0.0 0.0 0.0 0.0 0.0 0.0 0.0 0.0 0.0;
	0.0 0.0 0.0 0.0 0.0 0.0 0.0 0.0 0.0 0.0 0.0 0.0;
	0.0 0.0 0.0 0.0 0.0 0.0 0.0 0.0 0.0 0.0 0.0 0.0;
	0.0 0.0 0.0 0.0 0.0 0.0 0.0 0.0 0.0 0.0 0.0 0.0;
];
