function windprofile = ex_wind_profilesh1
%EX_WIND_PROFILE_D  Example wind_load_nyiso profile data for deterministic unit commitment.
% 2022.03.12
% Andres F. Ramirez


%% define constants
[GEN_BUS, PG, QG, QMAX, QMIN, VG, MBASE, GEN_STATUS, PMAX, PMIN, ...
    MU_PMAX, MU_PMIN, MU_QMAX, MU_QMIN, PC1, PC2, QC1MIN, QC1MAX, ...
    QC2MIN, QC2MAX, RAMP_AGC, RAMP_10, RAMP_30, RAMP_Q, APF] = idx_gen;
[CT_LABEL, CT_PROB, CT_TABLE, CT_TBUS, CT_TGEN, CT_TBRCH, CT_TAREABUS, ...
    CT_TAREAGEN, CT_TAREABRCH, CT_ROW, CT_COL, CT_CHGTYPE, CT_REP, ...
    CT_REL, CT_ADD, CT_NEWVAL, CT_TLOAD, CT_TAREALOAD, CT_LOAD_ALL_PQ, ...
    CT_LOAD_FIX_PQ, CT_LOAD_DIS_PQ, CT_LOAD_ALL_P, CT_LOAD_FIX_P, ...
    CT_LOAD_DIS_P, CT_TGENCOST, CT_TAREAGENCOST, CT_MODCOST_F, ...
    CT_MODCOST_X] = idx_ct;

windprofile = struct( ...
    'type', 'mpcData', ...
    'table', CT_TGEN, ...
    'rows', [1:45], ...
    'col', PMAX, ...
    'chgtype', 1, ...
    'values', [] );
windprofile.values(:,1,:) = [
	3.7195 50.2585 92.3196 116.9872 14.7317 14.8387 15.6711 17.8322 27.7807 25.1086 46.4128 69.2388 104.2386 4.7408 21.9029 8.2518 10.2383 10.8496 12.7931 19.0682 5.2237 34.6236 58.7484 82.6134 97.918 70.1984 7.4345 688.8948 382.2487 382.2487 212.6859 36.7602 42.6438 49.0815 14.863 163.0928 511.494 54.2488 274.4371 262.2805 13.8849 164.6103 132.957 244.5081 516.8221;
	3.6826 49.7605 89.7347 114.2801 14.1477 16.4408 13.6366 16.7161 26.4532 24.4783 45.2478 67.5008 101.6221 3.5786 11.7465 4.4254 5.4908 5.8186 11.3108 5.1793 4.5455 38.3619 58.1816 81.5394 93.3522 70.1259 6.5216 709.6604 368.999 368.999 173.022 34.0129 37.7028 13.3314 11.2195 157.4396 494.6863 51.9373 176.3341 250.0504 10.6829 182.3833 122.933 232.156 499.8393;
	3.4154 46.149 89.7007 113.3461 14.5533 14.1196 12.4135 17.6682 26.9585 23.9636 44.2963 66.0814 99.4852 4.0722 11.1096 4.1855 5.1931 5.5031 21.1546 21.4878 4.1378 32.9457 64.616 82.425 92.9436 70.6542 8.0976 637.491 344.2554 344.2554 161.3576 34.8596 70.5154 55.3096 12.7668 146.8823 416.08 39.3052 205.9228 248.956 6.837 156.6333 99.9142 209.8865 420.4141;
	3.0848 41.6829 92.2751 113.6575 14.7018 13.4105 12.4653 17.9143 26.8965 23.7403 43.8836 65.4656 98.5582 8.8259 10.6702 4.0199 4.9877 5.2855 13.061 21.9742 4.1551 31.2911 67.253 83.0476 99.0351 74.9159 9.8471 498.566 264.7718 264.7718 167.2589 27.1518 43.5368 56.5617 27.6705 112.9693 326.5523 33.639 169.3112 265.2727 4.3495 148.7667 89.8479 219.4534 329.9539;
	2.5101 33.9169 92.6435 111.9391 14.4351 14.4544 10.722 17.5701 17.8464 23.2701 43.0145 64.1691 96.6062 12.7102 18.7513 7.0645 8.7652 9.2884 20.5789 25.257 3.574 33.727 58.2716 84.7518 99.3501 72.6353 9.3853 334.1438 197.0934 197.0934 135.2617 27.9637 68.5963 65.0115 39.8483 84.0932 177.5117 31.2547 159.4701 266.1163 13.1799 160.3476 93.876 217.3721 179.3608;
	2.9727 40.1683 92.1128 112.775 14.2194 21.5179 10.7876 17.2149 10.5291 21.17 39.1325 58.378 87.8877 25.062 14.362 5.4108 6.7134 7.1142 32.2081 22.9326 3.5959 50.2085 61.85 85.6053 98.7761 71.8951 7.4053 273.3994 159.511 159.511 123.4661 24.7714 107.3602 59.0286 78.5726 68.058 141.1549 30.5774 165.0063 264.5788 13.7785 238.7053 91.4038 213.3554 142.6253;
	2.2941 30.9988 86.8925 110.0896 13.2732 20.856 11.9464 15.911 12.4456 26.2962 48.6081 72.5138 109.1691 37.2129 26.0383 9.8098 12.1714 12.898 39.7322 38.3543 3.9821 48.6641 69.336 84.1664 97.126 70.5362 10.2415 235.6925 202.4643 202.4643 97.3026 12.1955 132.4406 98.7241 116.6675 86.3848 171.0247 22.4955 141.9964 260.159 10.1278 231.3631 83.1675 224.0274 172.8062;
	1.4634 19.7733 67.1271 110.5307 12.8117 17.6452 11.2523 17.2825 17.1222 24.4003 45.1037 67.2858 101.2984 37.9045 31.0205 11.6868 14.5003 15.3659 51.5456 55.5882 3.7508 41.1722 68.2127 87.1405 98.2158 71.0144 11.5729 122.6437 153.1798 153.1798 89.2279 8.0333 171.8185 143.0841 118.8356 65.3567 93.7168 23.4079 149.7983 263.078 6.3255 195.7446 81.0626 199.4967 94.6931;
	2.5059 33.8603 84.5683 102.9506 13.9313 22.2613 10.1295 17.6937 19.673 26.4297 48.8549 72.8819 109.7233 40.7172 21.7514 8.1947 10.1675 10.7745 65.4025 51.9914 3.3765 51.943 69.2134 88.3115 102.0185 71.2187 10.6732 127.3802 132.3756 132.3756 91.1845 6.8589 218.0083 133.826 127.654 56.4803 107.4504 22.0046 121.7927 273.2639 14.2781 246.952 73.5884 229.5728 108.5696;
	1.9028 25.7116 87.286 111.5739 13.5692 14.5299 10.3361 18.1436 26.1266 28.9361 53.4879 79.7935 120.1286 44.3006 6.204 2.3373 2.9 3.0732 73.0122 44.4851 3.4454 33.9032 71.1777 88.6002 104.6301 71.9806 12.1564 240.5578 211.6718 211.6718 113.052 7.8592 243.374 114.5048 138.8885 90.3133 206.0866 27.8665 19.7659 280.2591 1.725 161.1855 78.2231 223.6899 208.2333;
	1.595 21.552 80.4309 109.9085 12.5855 27.015 14.3276 17.304 26.788 26.8313 49.5973 73.9894 111.3907 49.4617 9.0328 3.4031 4.2223 4.4744 62.3064 35.2334 4.7759 63.035 68.3926 89.2658 99.5965 70.0763 11.6387 369.0845 271.9292 271.9292 166.4729 12.7296 207.688 90.6909 155.0691 116.0231 319.9474 33.5351 171.4048 266.7764 2.2467 299.6866 93.4622 188.8725 323.2802;
	1.7433 23.556 86.7137 94.8873 12.0732 30.2236 19.5984 17.2114 26.9804 26.2988 48.6129 72.5209 109.1799 50.6351 9.862 3.7155 4.6099 4.8851 81.7501 44.776 6.5328 70.5217 69.1428 89.1814 99.6536 69.5273 11.8546 457.4551 346.808 346.808 285.839 15.3636 272.5005 115.2536 158.7477 147.9714 425.0428 49.7941 197.4154 266.9293 5.9118 335.2803 109.4749 193.7249 429.4704;
	2.7561 37.2416 89.0717 86.4686 13.5025 30.3658 19.236 16.8727 26.8702 27.0887 50.0731 74.6993 112.4593 50.4968 45.6773 17.2087 21.3515 22.6262 83.6323 54.0371 6.412 70.8536 70.0616 88.6848 100.9167 69.9524 11.0292 610.0218 418.3069 418.3069 307.519 21.2972 278.7744 139.0917 158.3144 178.4776 599.9622 58.9353 195.928 270.3125 5.076 336.8583 136.3544 222.6477 606.2118;
	3.4977 47.2619 84.7807 96.6849 14.0263 29.0816 20.5418 15.1279 27.2955 28.8239 53.2805 79.484 119.6627 53.9741 63.1575 23.7942 29.5225 31.285 83.4 52.8795 6.8473 67.857 66.4982 84.2711 95.3242 69.2014 10.7474 728.1855 544.9861 544.9861 403.488 25.4229 277.9998 136.112 169.216 232.5274 693.0756 85.2154 275.0692 255.3327 0.2061 322.6117 137.8326 248.9339 700.2952;
	3.7131 50.1715 84.2515 99.1193 13.9579 32.4402 24.0523 16.9087 27.721 24.3604 45.0298 67.1756 101.1326 61.8502 98.8655 37.247 46.2139 48.9729 83.3034 55.0767 8.0174 75.6939 42.0013 84.175 94.5397 67.9878 11.996 865.301 605.5892 605.5892 504.1835 32.824 277.6779 141.7676 193.9086 258.3847 903.2742 120.0768 416.8544 253.2314 0.8852 359.8702 154.7815 246.5937 912.6833;
	3.6189 48.8997 87.3911 102.4678 14.0215 32.2736 24.066 17.2832 27.2108 20.4516 37.8044 56.3967 84.905 57.5058 132.3876 49.8762 61.8835 65.578 85.6445 64.9405 8.022 75.3052 45.1277 84.1477 100.0366 70.843 12.3926 986.3638 669.4296 669.4296 640.4117 45.3336 285.4815 167.1571 180.2885 285.6233 922.8647 159.2442 369.1928 267.9553 4.7306 358.0222 160.6378 260.2782 932.4779;
	3.7403 50.5397 88.3881 103.4577 14.0498 32.5998 28.5949 17.448 26.0646 19.5511 36.1399 53.9136 81.1666 61.2999 171.6655 64.674 80.2436 85.0343 86.5901 69.5866 9.5316 76.0663 33.4793 83.86 98.5904 71.6083 12.557 965.5412 697.5041 697.5041 669.895 76.9864 288.6336 179.1161 192.1836 297.6017 967.9024 202.1371 388.1541 264.0813 2.2233 361.6408 203.787 265.6459 977.9847;
	3.6894 49.8513 89.742 107.2928 14.0981 33.7696 27.7139 17.6979 25.9981 9.5813 17.7108 26.421 39.7767 64.248 176.5451 66.5123 82.5246 87.4514 83.666 68.5258 9.238 78.7957 30.013 83.641 102.212 69.9531 13.1075 1088.8781 722.0585 722.0585 681.6294 88.1697 278.8865 176.3856 201.4262 308.0783 1039.6778 234.0601 435.6608 273.7822 112.1937 374.6172 195.7132 245.9164 1050.5077;
	3.7664 50.8926 89.7521 112.6782 14.1254 33.2394 30.5089 12.7479 26.7263 17.832 32.9622 49.1731 74.0298 66.4009 174.867 65.8801 81.7402 86.6202 81.409 64.882 10.1696 77.5586 47.0163 81.4651 102.9689 56.3198 12.83 1238.5872 768.3105 768.3105 668.7532 100.6962 271.3632 167.0064 208.1759 327.8125 1135.5925 239.0451 465.7954 275.8096 115.1119 368.7357 201.3009 256.686 1147.4216;
