function loadprofile = ex_load_profilesh1
%EX_LOAD_PROFILE  Example load profile data file for stochastic unit commitment.
% 2022.03.12
% Andres F. Ramirez

%% define constants
[CT_LABEL, CT_PROB, CT_TABLE, CT_TBUS, CT_TGEN, CT_TBRCH, CT_TAREABUS, ...
    CT_TAREAGEN, CT_TAREABRCH, CT_ROW, CT_COL, CT_CHGTYPE, CT_REP, ...
    CT_REL, CT_ADD, CT_NEWVAL, CT_TLOAD, CT_TAREALOAD, CT_LOAD_ALL_PQ, ...
    CT_LOAD_FIX_PQ, CT_LOAD_DIS_PQ, CT_LOAD_ALL_P, CT_LOAD_FIX_P, ...
    CT_LOAD_DIS_P, CT_TGENCOST, CT_TAREAGENCOST, CT_MODCOST_F, ...
    CT_MODCOST_X] = idx_ct;

loadprofile = struct( ...
    'type', 'mpcData', ...
    'table', CT_TAREALOAD, ...
    'rows', [1:11], ...
    'col', CT_LOAD_ALL_P, ...
    'chgtype', 1, ...
    'values', [] );
loadprofile.values(:,1,:) = [
	1465.9268 894.6904 1514.8081 559.5008 771.0 1156.3042 887.6943 278.0835 504.7661 4553.4846 1817.1092;
	1474.2576 911.314 1521.938 548.8728 739.4009 1164.3 908.543 285.4059 512.0476 4588.3752 1819.2702;
	1484.8073 918.5039 1566.8915 561.3 779.2086 1190.651 907.0732 276.3659 526.7009 4606.2937 1825.5532;
	1546.624 994.9159 1657.6 566.2623 834.9269 1236.7465 933.3 296.6325 551.7 4789.0692 1898.1831;
	1712.7 1139.5385 1845.8646 582.9 941.1402 1346.2672 1017.8293 326.7887 613.1748 5199.6299 2119.442;
	1819.0452 1199.5933 1901.8122 593.4385 970.3231 1406.4328 1092.1928 363.1533 687.3505 5834.4054 2326.4801;
	1837.3 1211.0101 1932.3891 580.9589 946.1515 1401.875 1094.5224 396.0635 707.3363 6168.9303 2443.4082;
	1835.3005 1195.7675 1949.835 573.496 929.5268 1373.8706 1046.3179 373.775 697.2545 6096.6072 2274.7203;
	1864.0521 1209.289 1937.876 572.9613 954.0181 1373.0837 1071.5862 418.4777 705.2516 6189.1737 2300.7998;
	1887.8171 1201.327 1934.2491 560.6842 986.6283 1390.59 1091.9347 432.5189 683.3453 6235.5378 2265.6008;
	1832.3866 1175.7911 1902.3368 560.2802 948.2146 1361.8389 1091.7 424.0993 682.0752 6217.6822 2253.7602;
	1841.0202 1180.8916 1880.8 539.482 938.9937 1394.4644 1060.9442 419.0242 671.949 6201.3965 2292.0589;
	1801.3044 1190.113 1875.0059 528.4 967.9 1401.9039 1087.589 413.1246 663.4086 6228.2726 2290.7718;
	1760.1425 1179.9526 1826.6045 530.0003 957.1031 1416.6206 1148.6864 404.6221 685.6004 6339.692 2422.3852;
	1765.0 1196.1721 1859.63 527.3249 985.4629 1461.8154 1171.5788 403.5978 662.8419 6326.912 2383.9321;
	1686.6454 1171.3869 1802.8015 537.8011 957.2505 1436.5047 1117.5737 408.3156 655.6289 6196.8731 2316.6509;
	1747.7654 1174.2181 1852.9265 510.1508 1007.8215 1462.2355 1201.9164 413.4735 679.4 6072.304 2451.0003;
	1840.4137 1188.8053 1896.2 529.0301 1055.474 1526.9334 1292.2712 452.1762 724.9897 6209.1122 2568.5979;
	1887.2477 1169.5 1821.5129 503.2214 1013.3423 1484.5955 1226.2485 408.8958 704.4575 5949.3631 2437.1253;
	1802.1464 1121.8094 1733.8614 490.7181 954.3 1419.803 1156.9738 395.6064 648.3187 5811.8714 2308.9092;
	1684.2755 1012.1323 1588.8133 464.3472 872.2727 1292.2337 1030.9074 332.6 579.1319 5445.6 2057.7342;
	1544.5917 934.4 1479.7411 478.1046 810.4 1176.7072 941.5259 301.1293 513.0327 5012.9005 1847.8235;
	1505.2456 901.5221 1438.7687 502.3004 754.3868 1124.9 880.3184 265.633 501.5792 4544.9754 1738.5191;
	1483.3 877.0696 1409.3883 527.1 747.7468 1108.1399 865.1872 281.4468 493.78 4424.8132 1710.3;
];
