function solarprofile = ex_solar_profilesh1
%EX_WIND_PROFILE_D  Example wind_load_nyiso profile data for deterministic unit commitment.
% 2022.03.12
% Andres F. Ramirez


%% define constants
[GEN_BUS, PG, QG, QMAX, QMIN, VG, MBASE, GEN_STATUS, PMAX, PMIN, ...
    MU_PMAX, MU_PMIN, MU_QMAX, MU_QMIN, PC1, PC2, QC1MIN, QC1MAX, ...
    QC2MIN, QC2MAX, RAMP_AGC, RAMP_10, RAMP_30, RAMP_Q, APF] = idx_gen;
[CT_LABEL, CT_PROB, CT_TABLE, CT_TBUS, CT_TGEN, CT_TBRCH, CT_TAREABUS, ...
    CT_TAREAGEN, CT_TAREABRCH, CT_ROW, CT_COL, CT_CHGTYPE, CT_REP, ...
    CT_REL, CT_ADD, CT_NEWVAL, CT_TLOAD, CT_TAREALOAD, CT_LOAD_ALL_PQ, ...
    CT_LOAD_FIX_PQ, CT_LOAD_DIS_PQ, CT_LOAD_ALL_P, CT_LOAD_FIX_P, ...
    CT_LOAD_DIS_P, CT_TGENCOST, CT_TAREAGENCOST, CT_MODCOST_F, ...
    CT_MODCOST_X] = idx_ct;

solarprofile = struct( ...
    'type', 'mpcData', ...
    'table', CT_TGEN, ...
    'rows', [1:12], ...
    'col', PMAX, ...
    'chgtype', 1, ...
    'values', [] );
solarprofile.values(:,1,:) = [
	0.0 0.0 0.0 0.0 0.0 0.0 0.0 0.0 0.0 0.0 0.0 0.0;
	0.0 0.0 0.0 0.0 0.0 0.0 0.0 0.0 0.0 0.0 0.0 0.0;
	0.0 0.0 0.0 0.0 0.0 0.0 0.0 0.0 0.0 0.0 0.0 0.0;
	0.0 0.0 0.0 0.0 0.0 0.0 0.0 0.0 0.0 0.0 0.0 0.0;
	0.0 0.0 0.0 0.0 0.0 0.0 0.0 0.0 0.0 0.0 0.0 0.0;
	0.0951 0.0972 0.1051 0.0 0.0 1.2321 0.154 0.5618 0.0 0.0 0.0 0.0;
	1.5714 2.2515 2.3691 3.8281 2.5376 41.7465 5.2183 19.3623 23.7602 60.2167 7.6889 109.0527;
	8.5187 6.3554 6.6598 6.4683 6.2361 90.839 11.3549 52.9891 43.0151 230.3732 58.9613 417.2072;
	20.2048 12.9255 12.4103 9.3109 9.3677 147.3377 18.4172 65.4369 79.0339 309.3903 144.7271 560.3077;
	26.762 17.3016 14.3793 10.9402 11.4793 401.9803 50.2475 72.2647 253.3233 288.7071 190.952 522.8503;
	24.7089 16.8074 13.9098 11.1561 11.4465 409.0945 51.1368 67.6678 257.5151 312.7838 230.1635 566.4534;
	22.7332 16.0751 13.2624 11.1646 10.976 406.7397 50.8425 63.4995 254.5764 323.4257 243.2756 585.7258;
	11.567 9.9864 10.8278 5.2851 5.2661 363.7027 45.4628 62.5625 231.3612 287.8456 202.7631 521.2902;
	8.5691 5.9739 8.0138 5.3112 5.2856 332.1422 41.5178 62.4695 228.2789 233.0703 168.873 422.0918;
	7.1963 4.4232 6.0468 4.7763 5.4606 255.5522 31.944 57.7974 215.6501 166.9408 133.5463 302.3307;
	3.342 2.1588 2.5237 7.9091 4.5797 66.7233 8.3404 16.058 88.5901 36.9101 27.3252 66.8444;
	0.8987 0.7338 0.5349 1.4441 1.4052 52.8686 6.6086 7.7166 32.9891 15.5407 10.0161 28.1444;
	0.0 0.0 0.0 0.0 0.0 0.0 0.0 0.0 0.0 0.0 0.0 0.0;
	0.0 0.0 0.0 0.0 0.0 0.0 0.0 0.0 0.0 0.0 0.0 0.0;
	0.0 0.0 0.0 0.0 0.0 0.0 0.0 0.0 0.0 0.0 0.0 0.0;
	0.0 0.0 0.0 0.0 0.0 0.0 0.0 0.0 0.0 0.0 0.0 0.0;
	0.0 0.0 0.0 0.0 0.0 0.0 0.0 0.0 0.0 0.0 0.0 0.0;
	0.0 0.0 0.0 0.0 0.0 0.0 0.0 0.0 0.0 0.0 0.0 0.0;
	0.0 0.0 0.0 0.0 0.0 0.0 0.0 0.0 0.0 0.0 0.0 0.0;
];
