function windprofile = ex_wind_profilesh1
%EX_WIND_PROFILE_D  Example wind_load_nyiso profile data for deterministic unit commitment.
% 2022.03.12
% Andres F. Ramirez


%% define constants
[GEN_BUS, PG, QG, QMAX, QMIN, VG, MBASE, GEN_STATUS, PMAX, PMIN, ...
    MU_PMAX, MU_PMIN, MU_QMAX, MU_QMIN, PC1, PC2, QC1MIN, QC1MAX, ...
    QC2MIN, QC2MAX, RAMP_AGC, RAMP_10, RAMP_30, RAMP_Q, APF] = idx_gen;
[CT_LABEL, CT_PROB, CT_TABLE, CT_TBUS, CT_TGEN, CT_TBRCH, CT_TAREABUS, ...
    CT_TAREAGEN, CT_TAREABRCH, CT_ROW, CT_COL, CT_CHGTYPE, CT_REP, ...
    CT_REL, CT_ADD, CT_NEWVAL, CT_TLOAD, CT_TAREALOAD, CT_LOAD_ALL_PQ, ...
    CT_LOAD_FIX_PQ, CT_LOAD_DIS_PQ, CT_LOAD_ALL_P, CT_LOAD_FIX_P, ...
    CT_LOAD_DIS_P, CT_TGENCOST, CT_TAREAGENCOST, CT_MODCOST_F, ...
    CT_MODCOST_X] = idx_ct;

windprofile = struct( ...
    'type', 'mpcData', ...
    'table', CT_TGEN, ...
    'rows', [1:45], ...
    'col', PMAX, ...
    'chgtype', 1, ...
    'values', [] );
windprofile.values(:,1,:) = [
	3.6114 48.7985 90.1481 115.1422 15.2424 14.5728 16.2645 17.0522 26.3198 24.9837 46.182 68.8945 103.7203 6.7351 12.4585 4.6937 5.8236 6.1713 13.159 21.935 5.4215 34.0033 60.7237 85.2253 97.314 69.8842 6.7273 763.501 388.7073 388.7073 207.76 32.1248 43.8634 56.4607 21.1154 165.8485 526.1979 51.9706 316.1335 260.6625 13.9353 161.6614 124.4839 218.2632 531.6791;
	3.545 47.901 91.6759 117.2244 14.8644 16.3023 15.3109 15.7466 26.4859 24.2393 44.806 66.8417 100.6299 6.6496 6.8681 2.5875 3.2104 3.4021 10.2537 13.4418 5.1036 38.0387 61.56 84.376 95.2019 70.7952 4.944 739.9585 375.9433 375.9433 184.454 31.03 34.1791 34.5993 20.8475 160.4025 534.7445 57.2209 311.603 255.005 12.0229 180.847 117.6282 214.6627 540.3147;
	3.0562 41.2961 87.9827 109.5723 14.7329 12.8421 13.8974 17.0526 26.8328 23.4569 43.3597 64.6841 97.3815 8.6165 6.5609 2.4718 3.0668 3.2499 19.6592 18.92 4.6325 29.9649 65.1897 82.8696 94.4275 73.144 6.4964 642.9133 349.2973 349.2973 154.0506 28.3538 65.5307 48.7 27.014 149.0335 432.003 44.0105 256.414 252.9308 4.6261 142.4617 89.7423 186.4468 436.503;
	2.7649 37.3593 87.6895 104.29 14.8196 12.0241 11.8048 17.1738 26.2329 23.382 43.2213 64.4777 97.0708 10.2572 3.9213 1.4773 1.833 1.9424 8.0533 19.8146 3.9349 28.0563 64.389 83.5494 98.2629 74.5251 8.0008 464.735 266.5545 266.5545 150.358 24.8861 26.8442 51.0029 32.1577 113.7299 332.4602 33.3506 188.1001 263.2042 1.0275 133.3879 73.7512 169.8819 335.9234;
	2.1123 28.5412 86.3238 106.3043 14.8839 14.0561 11.1767 16.9136 17.3205 22.5529 41.6887 62.1914 93.6288 13.92 4.7979 1.8076 2.2428 2.3766 17.223 21.6296 3.7256 32.7976 55.6021 82.1634 96.6906 73.1231 8.0703 333.9903 196.8427 196.8427 139.4052 24.4114 57.4099 55.6745 43.6409 83.9862 193.1564 31.5776 177.5528 258.9926 10.1649 155.9292 85.9143 195.5471 195.1685;
	2.8991 39.1728 85.9539 109.4064 14.2192 21.489 11.8076 16.6704 9.3376 15.0183 27.7611 41.4141 62.3486 29.1125 8.6748 3.2682 4.055 4.2971 0.0 22.9583 3.9359 50.141 37.0011 82.4421 96.7346 72.5005 5.7937 282.2252 187.1108 187.1108 129.7315 23.1635 0.0 59.0948 91.2716 79.8339 158.841 28.8656 193.5037 259.1104 8.633 238.3844 90.1515 190.6688 160.4956;
	2.3951 32.3634 87.5246 111.4167 13.5544 21.2203 12.9749 16.7257 11.0769 23.8741 44.1309 65.8346 99.1137 41.1304 12.6297 4.7582 5.9036 6.2561 2.1919 31.0119 4.325 49.5141 46.6074 82.9352 97.9556 74.4696 10.3861 240.5334 203.9067 203.9067 96.6123 14.2008 7.3063 79.8246 128.9494 87.0002 169.9859 16.6096 150.4781 262.3812 8.3798 235.4043 91.8712 220.4196 171.7566;
	1.6539 22.3475 65.2553 113.6208 14.0708 17.5616 15.357 16.852 18.3077 23.773 43.9439 65.5557 98.6938 44.8646 24.3983 9.1919 11.4048 12.0857 45.0578 48.9759 5.119 40.977 50.5287 81.9247 96.9944 71.377 11.7302 131.2871 180.2199 180.2199 98.6048 8.3911 150.1928 126.0641 140.6565 76.8938 116.5497 21.0443 176.9356 259.8064 8.7707 194.8162 88.644 185.867 117.7637;
	2.5752 34.7964 80.6357 101.8095 14.0486 23.3501 13.912 17.674 19.7434 22.7668 42.0841 62.7812 94.5168 47.9107 10.2603 3.8655 4.7961 5.0824 50.8695 43.0952 4.6373 54.4836 52.8713 82.4957 99.1103 70.8654 11.8362 127.0396 145.6808 145.6808 91.6173 6.2318 169.5651 110.9271 150.2065 62.1571 123.0096 17.9226 138.6208 265.474 19.2876 259.0307 75.0854 216.3071 124.2909;
	1.8085 24.437 83.3382 108.9101 13.3294 13.3487 11.1348 18.2261 25.7731 25.2113 46.6027 69.5221 104.6652 48.5448 1.4079 0.5304 0.6581 0.6974 61.5535 40.7056 3.7116 31.1471 63.0311 84.4997 102.1139 73.697 12.233 244.0494 245.4427 245.4427 103.9987 8.2287 205.1782 104.7763 152.1945 104.7222 240.5226 23.9594 57.558 273.5195 7.8985 148.0821 71.1491 200.7019 243.0281;
	1.5958 21.5621 79.6033 106.7874 12.5901 24.6091 14.1912 18.3257 26.7778 27.0954 50.0854 74.7175 112.4868 54.6096 0.0 0.0 0.0 0.0 58.6268 34.3782 4.7304 57.4213 66.2291 89.181 100.6992 75.1197 12.2856 343.2664 280.8299 280.8299 138.1734 10.8064 195.4227 88.4895 171.2086 119.8208 306.2094 22.5869 170.6359 269.73 0.8369 272.9972 88.8341 178.6177 309.399;
	1.6718 22.5902 82.452 87.7213 12.0357 28.3912 20.1533 18.2668 27.4168 26.6123 49.1923 73.3853 110.4812 54.0861 2.395 0.9023 1.1195 1.1864 72.0238 47.1678 6.7178 66.2462 68.7133 86.785 99.0416 74.1207 12.1967 464.0028 366.1192 366.1192 265.2012 13.9887 240.0792 121.4099 169.5671 156.2109 430.0746 38.7405 202.7925 265.2899 0.0001 314.9534 102.4754 169.1307 434.5545;
	2.7967 37.7894 85.1215 81.5817 13.8211 28.6586 20.5492 18.3929 27.5608 26.827 49.5894 73.9776 111.3729 56.4263 43.1144 16.2431 20.1535 21.3567 78.7136 62.1439 6.8497 66.8701 61.4544 86.1348 101.2725 72.7304 12.1528 618.4676 462.7066 462.7066 298.9463 19.6752 262.3787 159.9585 176.9041 197.4215 599.9846 49.1115 210.2917 271.2655 0.0 317.9198 128.7111 203.6813 606.2344;
	3.1987 43.2217 77.4215 95.2035 13.5505 28.2076 21.4714 17.5221 26.4008 27.3401 50.5377 75.3923 113.5027 54.0892 63.5164 23.9294 29.6902 31.4628 84.2822 60.6359 7.1571 65.8178 49.1042 84.1106 95.9232 70.9881 10.7218 749.5948 594.8321 594.8321 391.3014 24.2565 280.9406 156.0771 169.5771 253.795 706.8315 65.5932 276.3693 256.937 0.0 312.9168 124.7192 226.9316 714.1944;
	3.6498 49.3168 84.8166 102.6883 14.2937 30.7425 25.9419 18.0632 26.5489 24.7188 45.6924 68.1641 102.6207 58.1036 94.8642 35.7396 44.3435 46.9909 86.7126 58.2335 8.6473 71.7326 31.1309 84.2292 96.7377 69.7655 11.9897 854.5862 635.2736 635.2736 464.528 31.1103 289.0421 149.8932 182.1625 271.0501 878.1029 90.8306 401.1493 259.119 0.0 341.0371 144.6371 234.5947 887.2498;
	3.3819 45.6972 85.4165 97.3335 13.9517 30.7045 27.7351 17.2532 25.7884 17.0252 31.4708 46.9482 70.6803 57.9322 119.2424 44.9239 55.7389 59.0666 87.3207 66.7914 9.245 71.6439 18.6347 78.9336 91.713 64.2164 11.1031 982.5036 665.1667 665.1667 601.8355 43.2598 291.069 171.9213 181.6252 283.8045 930.8438 137.4732 364.8978 245.6597 0.0 340.6157 144.5129 238.2705 940.5401;
	3.5951 48.5778 88.6727 111.4585 14.2983 32.0374 30.8193 17.9497 26.7858 19.0493 35.2124 52.5299 79.0835 62.7415 155.5261 58.5935 72.6994 77.0397 86.9755 71.1144 10.2731 74.7538 0.9963 83.7203 97.416 71.553 11.1741 1011.7173 749.1184 749.1184 666.26 77.0811 289.9185 183.0485 196.7031 319.6239 986.2168 190.7154 419.6939 260.9357 2.9771 355.4011 202.1552 259.5739 996.4899;
	3.8018 51.3701 93.7825 115.521 14.9109 33.425 30.2667 18.5857 27.0582 19.2754 35.6303 53.1534 80.0222 65.5857 184.5171 69.5158 86.251 91.4004 88.3428 73.6163 10.0889 77.9917 24.8661 86.3516 102.3211 72.18 12.8356 1033.581 772.4484 772.4484 702.268 96.9034 294.4761 189.4885 205.6202 329.578 1045.8761 224.7507 452.0528 274.0745 103.4295 370.7948 200.2215 256.9 1056.7706;
	3.7962 51.2953 92.7818 118.3843 14.8782 34.1102 32.1474 13.7262 28.0625 20.1234 37.1978 55.4919 83.5427 64.989 190.5839 71.8014 89.0869 94.4055 89.1763 72.3299 10.7158 79.5905 42.8725 84.136 102.1238 61.2604 12.0248 1172.9859 791.9315 791.9315 703.6539 110.1151 297.2544 186.1774 203.7494 337.8908 1129.1221 243.6146 467.3766 273.546 117.2898 378.3961 208.6892 265.1165 1140.8838;
