function windprofile = ex_wind_profilesh1
%EX_WIND_PROFILE_D  Example wind_load_nyiso profile data for deterministic unit commitment.
% 2022.03.12
% Andres F. Ramirez


%% define constants
[GEN_BUS, PG, QG, QMAX, QMIN, VG, MBASE, GEN_STATUS, PMAX, PMIN, ...
    MU_PMAX, MU_PMIN, MU_QMAX, MU_QMIN, PC1, PC2, QC1MIN, QC1MAX, ...
    QC2MIN, QC2MAX, RAMP_AGC, RAMP_10, RAMP_30, RAMP_Q, APF] = idx_gen;
[CT_LABEL, CT_PROB, CT_TABLE, CT_TBUS, CT_TGEN, CT_TBRCH, CT_TAREABUS, ...
    CT_TAREAGEN, CT_TAREABRCH, CT_ROW, CT_COL, CT_CHGTYPE, CT_REP, ...
    CT_REL, CT_ADD, CT_NEWVAL, CT_TLOAD, CT_TAREALOAD, CT_LOAD_ALL_PQ, ...
    CT_LOAD_FIX_PQ, CT_LOAD_DIS_PQ, CT_LOAD_ALL_P, CT_LOAD_FIX_P, ...
    CT_LOAD_DIS_P, CT_TGENCOST, CT_TAREAGENCOST, CT_MODCOST_F, ...
    CT_MODCOST_X] = idx_ct;

windprofile = struct( ...
    'type', 'mpcData', ...
    'table', CT_TGEN, ...
    'rows', [1:45], ...
    'col', PMAX, ...
    'chgtype', 1, ...
    'values', [] );
windprofile.values(:,1,:) = [
	3.5934 48.5541 86.3662 112.0684 14.5716 13.9381 15.7191 17.4792 27.636 23.0764 42.6564 63.6349 95.802 5.9883 22.831 8.6015 10.6722 11.3093 14.6357 25.3201 5.2397 32.5222 59.7157 81.7766 93.9641 70.0088 6.7992 703.1868 407.4284 407.4284 230.2821 39.1555 48.7857 65.174 18.7741 173.8361 541.9151 58.508 317.9251 251.6896 14.3401 154.6196 125.5888 230.5979 547.56;
	3.4931 47.1989 88.2769 112.2602 14.3777 15.7445 14.6364 17.8737 26.879 22.6099 41.7941 62.3486 93.8655 5.3829 7.7991 2.9383 3.6456 3.8633 11.5551 10.2402 4.8788 36.7371 61.447 84.1508 97.7234 72.1611 7.2446 686.3678 379.2527 379.2527 179.2058 34.0149 38.5169 26.3582 16.8761 161.8145 502.5137 52.018 305.2741 261.759 12.0604 174.6588 113.1669 223.754 507.7482;
	3.0196 40.8014 87.7565 109.0715 14.6693 12.2897 12.2127 18.2388 26.7066 23.621 43.663 65.1367 98.0629 7.524 13.3399 5.0257 6.2356 6.6079 22.6235 21.4157 4.0709 28.6761 64.7224 84.92 96.8725 73.5224 8.3073 599.1209 341.9017 341.9017 155.7715 33.1823 75.4118 55.124 23.5887 145.8781 414.0964 38.4173 230.8827 259.4799 5.4339 136.3343 88.7141 204.5024 418.41;
	2.8886 39.0311 90.4022 107.4291 14.9524 12.005 11.5018 18.2791 26.4241 24.35 45.0106 67.147 101.0894 10.2272 7.449 2.8064 3.482 3.6899 11.3994 19.9949 3.8339 28.0117 68.2036 86.8775 97.5962 75.6637 9.782 504.8434 264.3548 264.3548 164.4042 28.7989 37.9979 51.467 32.0637 112.7914 326.5219 33.2551 173.4687 261.4184 0.8281 133.1757 77.1133 217.8918 329.9232;
	2.2521 30.4303 89.3482 109.5813 14.5214 13.3007 9.7826 18.2084 17.0889 23.2213 42.9243 64.0346 96.4037 16.4341 17.0777 6.4339 7.9828 8.4594 19.7159 23.6895 3.2609 31.0349 61.4844 87.2577 97.621 74.9349 9.2916 379.311 212.8764 212.8764 146.1755 27.2078 65.7197 60.9769 51.5232 90.8273 201.6076 33.1933 163.4687 261.4849 11.7169 147.549 81.8373 228.4127 203.7077;
	2.7834 37.6097 87.2734 106.7813 14.1304 19.7651 10.4012 17.5023 10.008 19.9013 36.7872 54.8793 82.6205 31.0035 16.1857 6.0979 7.5659 8.0176 35.2877 22.2714 3.4671 46.1185 61.1155 86.0695 95.9956 73.3205 7.4475 326.6885 192.8971 192.8971 121.6337 24.0582 117.6258 57.3268 97.2002 82.3028 167.8445 31.9255 168.3034 257.131 7.5972 219.2607 86.1009 217.2086 169.5929;
	2.1694 29.3137 83.3254 102.259 13.3174 19.1081 10.5241 16.7207 11.5754 27.2898 50.4448 75.2537 113.294 42.9291 23.7317 8.9408 11.0932 11.7555 37.0478 30.4788 3.508 44.5857 71.0051 84.8491 96.4924 72.2732 10.0645 285.3136 217.0264 217.0264 101.6895 16.4348 123.4927 78.4524 134.5886 92.5979 195.5383 25.0011 138.8752 258.4618 5.0244 211.9729 76.9951 212.961 197.5751;
	1.4126 19.0867 54.3267 101.3395 13.7652 16.6312 10.3305 15.5218 16.6288 27.8212 51.427 76.719 115.5 44.6622 24.4196 9.1999 11.4147 12.0962 52.0354 51.153 3.4435 38.8062 72.5621 82.1188 87.613 70.6182 10.7483 171.688 167.5439 167.5439 97.5772 6.5552 173.4512 131.6681 140.0222 71.4854 120.1398 26.8399 160.6227 234.6777 1.0714 184.4957 83.0185 115.0206 121.3913;
	2.1063 28.4602 74.3323 98.7176 12.9578 20.8301 9.4943 17.0546 19.204 27.3422 50.5416 75.3981 113.5115 49.3469 21.6602 8.1603 10.1249 10.7293 65.4719 50.6349 3.1648 48.6035 70.047 82.0669 89.0544 73.0862 10.9671 171.3109 143.2269 143.2269 89.6646 3.6944 218.2396 130.3344 154.7092 61.1101 117.9789 33.4389 132.4735 238.5387 1.1788 231.0747 70.99 177.6031 119.2079;
	1.4419 19.4838 72.602 102.0271 10.551 13.1011 9.3018 16.7217 24.1088 28.1671 52.0665 77.673 116.9363 46.8667 37.8507 14.26 17.693 18.7493 74.0757 41.7392 3.1006 30.5691 69.1013 82.9087 92.7337 72.8119 11.6071 284.516 240.0483 240.0483 102.9563 5.3032 246.9189 107.4367 146.9334 102.4206 225.1071 25.8471 14.7457 248.3938 0.0098 145.3344 69.0694 138.5824 227.4519;
	1.4102 19.0555 67.3141 96.0999 10.4575 22.5026 11.6324 15.346 24.9702 28.2371 52.1959 77.8661 117.227 52.6368 0.0205 0.0077 0.0096 0.0102 64.68 31.9781 3.8775 52.5061 69.3787 81.483 78.7585 71.5902 10.728 377.1444 300.3101 300.3101 158.2037 11.6904 215.5999 82.3118 165.0236 128.1323 318.063 28.6603 146.2152 210.9604 0.0343 249.6288 79.4572 156.2576 321.3762;
	1.699 22.9576 83.8227 87.0727 11.4515 28.8101 17.4372 17.5292 25.9996 27.6774 51.1612 76.3224 114.903 52.1081 15.1339 5.7016 7.0742 7.4965 77.8592 48.1913 5.8124 67.2236 69.3415 86.8111 90.1801 75.8533 11.681 469.6566 360.6627 360.6627 280.8837 15.9584 259.5308 124.0444 163.3661 153.8828 422.3298 41.4319 184.0411 241.5538 0.5257 319.6 99.0115 175.6456 426.729;
	2.8865 39.0026 87.9188 87.7939 13.9777 31.0007 19.4903 17.0918 26.2497 27.9096 51.5905 76.9628 115.8671 55.9072 41.162 15.5075 19.2408 20.3895 80.9529 57.6606 6.4968 72.335 69.2836 86.4465 94.6215 75.4701 11.0173 624.0919 441.1033 441.1033 310.1847 23.6697 269.843 148.4186 175.2766 188.2041 595.7496 54.2765 218.265 253.4504 0.024 343.9014 138.9996 205.134 601.9554;
	3.5259 47.6424 86.1951 102.9048 14.3711 31.7531 21.6221 17.5259 26.4204 27.2089 50.2952 75.0305 112.9581 56.3751 57.1816 21.5428 26.7291 28.3248 82.582 53.4238 7.2074 74.0906 55.3818 84.651 93.0249 75.8428 11.3417 819.0435 589.313 589.313 400.0881 31.0002 275.2735 137.513 176.7435 251.4402 751.1891 80.1533 298.1914 249.1739 0.0 352.2478 143.087 245.1189 759.014;
	3.6197 48.9097 85.825 103.2544 14.3546 33.74 25.0305 16.9562 27.2509 23.0828 42.6682 63.6525 95.8285 62.9743 82.1148 30.9363 38.3839 40.6755 80.9516 52.0833 8.3435 78.7267 40.0501 83.9519 89.3649 74.1994 11.6604 1009.3696 684.9241 684.9241 506.0695 37.5782 269.8388 134.0624 197.433 292.2343 981.7908 113.8242 417.8542 239.3701 0.0 374.2894 153.6603 229.5682 992.0178;
	3.6625 49.488 87.9215 109.673 14.5313 33.988 25.8572 17.3854 26.7361 19.1609 35.4187 52.8378 79.547 67.4657 132.6706 49.9829 62.0158 65.7182 84.3359 63.8433 8.6191 79.3053 46.3546 86.1344 95.9105 74.1004 11.6703 1089.4894 730.4401 730.4401 674.4705 46.0065 281.1196 164.3328 211.514 311.6544 1015.6219 162.6499 368.5497 256.9031 0.0 377.0402 171.9618 252.9118 1026.2013;
	3.5626 48.1383 86.6806 109.6587 14.2374 32.9326 27.7728 17.4029 26.7017 19.0817 35.2722 52.6192 79.218 67.0842 159.4923 60.0878 74.5534 79.0043 84.7202 67.9814 9.2576 76.8427 33.591 84.1595 97.4036 73.7888 12.1262 1053.2162 754.8359 754.8359 694.6 76.6614 282.4007 174.9842 210.3181 322.0633 1020.5265 209.2923 389.1015 260.9025 0.0 365.3323 202.8304 257.5107 1031.157;
	3.7792 51.0659 92.1022 111.4946 14.4903 33.6039 27.5582 18.0459 26.0792 16.9178 31.2723 46.6521 70.2344 68.6019 181.4656 68.3661 84.8246 89.8888 85.506 70.5739 9.1861 78.4091 37.7076 83.6129 100.1388 71.248 12.7545 1173.3331 778.3328 778.3328 751.8589 94.8072 285.0199 181.6574 215.0764 332.0887 1117.4055 250.6455 417.5111 268.2289 86.9812 372.7794 200.2059 255.9213 1129.0452;
	3.7366 50.4894 92.5194 114.3746 14.5957 34.2955 31.2458 13.8646 27.1401 19.6841 36.3858 54.2804 81.7189 66.5993 186.9365 70.4273 87.382 92.5988 88.5769 71.4793 10.4153 80.0229 50.3929 82.4002 102.1584 65.0658 12.9163 1275.1413 803.3434 803.3434 737.8522 107.7997 295.2563 183.9879 208.7977 342.7598 1167.8071 268.0549 450.4761 273.6386 112.7965 380.4518 212.6333 275.5722 1179.9717;
