function loadprofile = ex_load_profilesh1
%EX_LOAD_PROFILE  Example load profile data file for stochastic unit commitment.
% 2022.03.12
% Andres F. Ramirez

%% define constants
[CT_LABEL, CT_PROB, CT_TABLE, CT_TBUS, CT_TGEN, CT_TBRCH, CT_TAREABUS, ...
    CT_TAREAGEN, CT_TAREABRCH, CT_ROW, CT_COL, CT_CHGTYPE, CT_REP, ...
    CT_REL, CT_ADD, CT_NEWVAL, CT_TLOAD, CT_TAREALOAD, CT_LOAD_ALL_PQ, ...
    CT_LOAD_FIX_PQ, CT_LOAD_DIS_PQ, CT_LOAD_ALL_P, CT_LOAD_FIX_P, ...
    CT_LOAD_DIS_P, CT_TGENCOST, CT_TAREAGENCOST, CT_MODCOST_F, ...
    CT_MODCOST_X] = idx_ct;

loadprofile = struct( ...
    'type', 'mpcData', ...
    'table', CT_TAREALOAD, ...
    'rows', [1:11], ...
    'col', CT_LOAD_ALL_P, ...
    'chgtype', 1, ...
    'values', [] );
loadprofile.values(:,1,:) = [
	1484.2357 921.0 1606.9261 573.7 808.7 1123.8081 866.8567 241.2 499.207 4519.5 1735.6464;
	1479.6012 928.5546 1586.2359 579.6089 827.129 1144.2962 875.1809 250.9866 509.6 4460.9891 1732.1439;
	1506.5 948.7153 1625.047 574.8 826.0 1164.8 876.0623 254.6799 499.9 4531.2039 1752.8873;
	1578.1034 1017.3 1724.1273 590.2654 880.0701 1244.1762 941.345 271.1518 542.3978 4686.3441 1872.549;
	1733.9219 1145.4135 1923.2951 601.0 967.2 1382.8075 1041.7941 326.977 618.3753 5261.5261 2100.3;
	1837.1362 1176.7 2007.7 603.1265 1047.2311 1475.2 1098.0 325.9353 669.8767 5626.1322 2201.8843;
	1843.7241 1199.26 2028.8372 575.6429 1060.8 1490.5715 1137.8801 353.641 672.6955 6056.3854 2270.479;
	1826.9605 1208.9497 2025.2509 570.963 1058.5 1472.3241 1150.7365 349.6 685.6219 6134.3404 2263.6015;
	1876.1736 1208.9 2018.2963 580.8 1052.3614 1455.1371 1131.7322 341.7963 692.2588 6215.4923 2207.7496;
	1825.7031 1201.4245 1943.5273 566.5124 1005.6164 1414.455 1141.089 332.2 682.9773 6379.9667 2191.3488;
	1807.1754 1193.4802 1921.3705 567.9684 995.3417 1391.9391 1105.0107 321.0 665.0513 6299.0621 2046.7;
	1790.3 1154.1 1901.7174 566.3689 978.9173 1379.96 1097.638 308.811 663.1223 6287.5978 2080.7247;
	1747.0858 1161.5927 1892.4 561.4669 963.3165 1368.4506 1070.4455 309.6374 664.7628 6237.7381 2046.9528;
	1732.5916 1156.4 1931.024 561.1854 969.5 1394.5614 1078.6194 313.4876 671.8086 6256.7542 2060.7886;
	1746.1729 1147.0 1902.0396 564.2911 968.8701 1360.2517 1075.2 304.2418 671.9 6303.0564 2171.0952;
	1656.9666 1109.3413 1840.8915 566.9015 937.3661 1399.7037 1074.8883 286.6809 667.9423 6232.519 2182.9588;
	1662.3144 1130.7007 1895.0626 573.8 969.0819 1432.5004 1112.5262 300.6637 679.2591 6156.8963 2284.5;
	1715.4894 1166.0804 1952.0506 578.8733 1014.4 1459.2347 1140.3796 312.4798 716.7582 6173.4547 2451.9619;
	1729.5829 1163.7331 1933.5 566.8604 994.0689 1447.2268 1129.7 320.6644 700.0065 5922.5607 2372.5147;
	1673.1793 1074.4081 1831.928 580.3993 938.0057 1383.034 1078.84 306.594 677.0656 5732.5574 2299.444;
	1609.1 1003.3643 1714.1262 565.4525 866.2031 1302.734 992.3258 305.3 626.0183 5397.4628 2111.3415;
	1467.5315 919.727 1602.4 550.5054 822.0082 1234.5511 925.2 268.333 569.4966 5091.024 1929.1973;
	1423.4573 812.3555 1432.4617 536.3 709.1125 1148.3 870.0393 234.6 503.0123 4704.9943 1769.5769;
	1396.1952 785.8779 1433.0233 533.8054 714.2963 1105.2655 837.888 218.3689 470.4513 4563.7016 1709.8256;
];
