function loadprofile = ex_load_profilesh1
%EX_LOAD_PROFILE  Example load profile data file for stochastic unit commitment.
% 2022.03.12
% Andres F. Ramirez

%% define constants
[CT_LABEL, CT_PROB, CT_TABLE, CT_TBUS, CT_TGEN, CT_TBRCH, CT_TAREABUS, ...
    CT_TAREAGEN, CT_TAREABRCH, CT_ROW, CT_COL, CT_CHGTYPE, CT_REP, ...
    CT_REL, CT_ADD, CT_NEWVAL, CT_TLOAD, CT_TAREALOAD, CT_LOAD_ALL_PQ, ...
    CT_LOAD_FIX_PQ, CT_LOAD_DIS_PQ, CT_LOAD_ALL_P, CT_LOAD_FIX_P, ...
    CT_LOAD_DIS_P, CT_TGENCOST, CT_TAREAGENCOST, CT_MODCOST_F, ...
    CT_MODCOST_X] = idx_ct;

loadprofile = struct( ...
    'type', 'mpcData', ...
    'table', CT_TAREALOAD, ...
    'rows', [1:11], ...
    'col', CT_LOAD_ALL_P, ...
    'chgtype', 1, ...
    'values', [] );
loadprofile.values(:,1,:) = [
	1465.2797 938.3 1519.4429 580.8 796.2454 1078.3851 862.5444 240.1 513.1 4470.0185 1706.4999;
	1461.6456 922.9402 1522.8641 584.8 798.9693 1093.1325 860.9632 247.0 498.102 4453.299 1685.3;
	1469.3372 933.3792 1556.0099 586.7514 808.1 1109.8 866.6851 252.1 512.3586 4481.3439 1717.2062;
	1551.3076 1006.5747 1665.8 595.8425 859.0254 1173.2781 913.8752 273.2171 544.0587 4687.3993 1797.4016;
	1739.3324 1159.8602 1865.4071 608.1357 962.6 1344.224 1020.6338 313.4 625.0 5248.0147 2021.2169;
	1832.8938 1246.9073 1970.2938 604.4626 1038.2 1414.5744 1084.7 338.5014 674.9043 5719.7538 2160.3;
	1877.4455 1236.903 1986.2199 604.7 1036.1 1428.9873 1126.6225 345.5212 703.9828 6076.6575 2204.9276;
	1872.8266 1226.014 1985.654 590.0692 1024.3983 1401.7756 1133.0 342.7092 715.2855 6235.9718 2227.4765;
	1905.6677 1220.1121 1994.4 577.3725 1031.9411 1393.6155 1181.3461 351.1105 727.8883 6412.0774 2312.4521;
	1906.8728 1219.7163 1972.0808 570.5577 1038.7 1360.0561 1176.0686 348.7924 707.4 6459.3515 2313.2475;
	1900.2766 1216.0479 1955.9112 574.4871 1007.583 1360.7563 1184.3471 338.678 710.9608 6539.3261 2326.7865;
	1874.8512 1202.4 1961.6241 582.2441 974.2038 1388.5694 1176.0982 317.3 700.4 6533.8649 2263.4618;
	1891.2187 1167.1184 1930.5247 584.5761 966.0 1320.7741 1198.4731 314.4544 738.147 6351.8133 2273.5476;
	1796.8469 1155.8038 1871.2518 576.0089 935.5176 1329.1355 1163.5396 310.7808 711.8514 6288.1 2266.1988;
	1786.5001 1159.6799 1865.5 598.8665 958.4108 1372.8995 1184.7898 326.1292 708.6 6340.7557 2272.5352;
	1807.201 1147.4869 1910.1476 583.3341 982.3572 1401.4422 1247.4023 331.3136 722.3 6477.0356 2403.7348;
	1738.3232 1126.4846 1903.748 593.162 969.1548 1393.1015 1181.4096 349.1 713.9479 6165.6954 2398.422;
	1776.1 1158.3112 1958.5242 591.5548 1008.6044 1448.7212 1192.6 359.3155 745.6645 6223.394 2475.2483;
	1816.0 1192.8 1951.814 585.5218 1003.0116 1419.7559 1175.4318 361.4094 753.6129 6201.0383 2484.2689;
	1748.9402 1126.8958 1875.4854 591.3732 956.1989 1339.7465 1113.1213 349.8 693.1 5896.1 2302.4255;
	1681.4412 1044.7271 1728.0632 579.9076 870.2637 1235.647 1024.6685 304.5722 652.1882 5520.0084 2135.5144;
	1567.2605 981.4 1627.3885 561.2844 822.3 1146.9901 957.4504 276.6 602.8669 5180.4762 1945.5685;
	1535.9496 936.7354 1552.7079 567.739 785.6273 1089.3774 886.8532 251.0284 535.7568 4699.2128 1744.1917;
	1483.5525 891.6546 1527.8 556.487 758.0 1015.3363 839.5022 237.8144 498.231 4444.6893 1666.5616;
];
