function windprofile = ex_wind_profilesh1
%EX_WIND_PROFILE_D  Example wind_load_nyiso profile data for deterministic unit commitment.
% 2022.03.12
% Andres F. Ramirez


%% define constants
[GEN_BUS, PG, QG, QMAX, QMIN, VG, MBASE, GEN_STATUS, PMAX, PMIN, ...
    MU_PMAX, MU_PMIN, MU_QMAX, MU_QMIN, PC1, PC2, QC1MIN, QC1MAX, ...
    QC2MIN, QC2MAX, RAMP_AGC, RAMP_10, RAMP_30, RAMP_Q, APF] = idx_gen;
[CT_LABEL, CT_PROB, CT_TABLE, CT_TBUS, CT_TGEN, CT_TBRCH, CT_TAREABUS, ...
    CT_TAREAGEN, CT_TAREABRCH, CT_ROW, CT_COL, CT_CHGTYPE, CT_REP, ...
    CT_REL, CT_ADD, CT_NEWVAL, CT_TLOAD, CT_TAREALOAD, CT_LOAD_ALL_PQ, ...
    CT_LOAD_FIX_PQ, CT_LOAD_DIS_PQ, CT_LOAD_ALL_P, CT_LOAD_FIX_P, ...
    CT_LOAD_DIS_P, CT_TGENCOST, CT_TAREAGENCOST, CT_MODCOST_F, ...
    CT_MODCOST_X] = idx_ct;

windprofile = struct( ...
    'type', 'mpcData', ...
    'table', CT_TGEN, ...
    'rows', [1:45], ...
    'col', PMAX, ...
    'chgtype', 1, ...
    'values', [] );
windprofile.values(:,1,:) = [
	3.7461 50.6185 87.0737 114.727 14.4543 15.2822 15.167 17.4402 27.767 23.3187 43.1043 64.3032 96.8081 7.5822 24.1915 9.114 11.3081 11.9832 12.9343 30.2961 5.0557 35.6584 36.9433 84.8996 96.5577 70.6706 7.6148 689.0321 398.7376 398.7376 222.2033 37.5901 43.1142 77.9821 23.7714 170.1281 497.6147 64.1196 321.5521 258.6367 19.0451 169.5301 132.9952 222.5091 502.7982;
	3.6956 49.9356 91.4662 114.8286 14.8674 17.4262 13.7609 17.7701 26.3964 23.1067 42.7124 63.7185 95.9278 6.6205 17.599 6.6303 8.2265 8.7176 12.0182 17.2994 4.587 40.6611 36.1404 88.0238 98.892 75.6365 7.2953 695.7133 374.0452 374.0452 174.9708 32.112 40.0607 44.5286 20.7561 159.5926 494.0763 61.6309 303.5242 264.8892 16.2739 193.3146 128.2359 223.0479 499.2229;
	3.5492 47.9576 91.7809 113.4273 14.8958 14.5039 13.8137 18.446 27.031 24.3248 44.9641 67.0775 100.9848 8.9331 18.1843 6.8508 8.5001 9.0076 21.1522 23.4239 4.6046 33.8425 56.181 88.3824 98.8302 75.7151 8.9998 649.7805 372.8447 372.8447 163.2335 34.193 70.5072 60.2931 28.0064 159.0804 459.3812 46.8178 244.7117 264.7238 26.5318 160.897 103.408 213.8223 464.1664;
	3.1406 42.4361 89.2116 105.366 14.87 12.8786 12.4072 16.9613 26.3898 25.0986 46.3943 69.2112 104.1971 9.7395 14.3394 5.4023 6.7028 7.103 11.8778 25.6669 4.1357 30.0501 60.2711 82.6125 96.46 75.7273 9.366 517.196 282.8239 282.8239 163.65 28.4219 39.5928 66.0666 30.5346 120.6715 347.8931 40.0979 187.2744 258.375 10.6146 142.8666 90.1849 218.5222 351.517;
	2.6325 35.5714 90.2882 105.8609 14.8877 13.5907 11.084 17.6784 16.9477 22.0388 40.7384 60.7737 91.4945 14.0719 17.0502 6.4236 7.97 8.4458 19.3863 25.7733 3.6947 31.7117 37.3222 83.0988 97.9591 76.2909 9.4611 379.5568 226.5681 226.5681 147.904 24.5467 64.621 66.3405 44.1174 96.669 217.9 38.9798 183.9843 262.3903 12.3365 150.7663 93.1901 224.3203 220.1698;
	3.3309 45.008 93.8693 113.2275 14.9692 22.3677 11.8201 18.5465 10.0032 20.8256 38.4958 57.4282 86.4578 26.3473 19.1896 7.2296 8.97 9.5056 32.037 31.1953 3.94 52.1914 47.4782 84.5473 102.8574 76.571 8.7686 344.8629 216.6424 216.6424 134.7371 26.1189 106.7901 80.2967 82.6025 92.4341 197.4837 38.6435 200.3782 275.5108 11.5801 248.1327 102.3425 222.9824 199.5408;
	2.9885 40.3806 91.8523 111.2387 14.4747 22.2172 12.3731 18.281 12.4427 26.6496 49.2614 73.4883 110.6362 38.1336 23.6586 8.9133 11.059 11.7193 36.0528 39.8653 4.1244 51.8402 57.398 85.6075 102.1189 76.3182 11.8667 266.3505 218.4195 218.4195 95.6719 15.8661 120.1759 102.6133 119.5539 93.1923 174.7564 23.9996 169.3316 273.5328 7.7956 246.4629 102.4885 242.5385 176.5768;
	2.0456 27.6406 73.7353 113.7859 15.0252 20.0688 11.7875 18.351 18.5182 28.897 53.4157 79.6857 119.9664 39.1321 28.7076 10.8154 13.4191 14.2203 50.8291 57.788 3.9292 46.8272 69.7536 87.415 104.0541 75.1007 12.7084 159.7067 169.8584 169.8584 92.5093 9.4014 169.4302 148.7465 122.6844 72.4729 122.8845 24.3196 172.6947 278.7162 9.2392 222.6298 97.7572 218.8941 124.1645;
	2.9182 39.4311 80.1548 100.9124 14.4137 23.3012 9.2092 17.1464 20.0983 28.7579 53.1585 79.302 119.3888 26.8649 19.5011 7.3469 9.1156 9.6599 58.1557 50.5664 3.0697 54.3695 69.6691 84.0133 98.7975 72.8573 11.9046 133.0983 124.2747 124.2747 78.3988 6.0026 193.8523 130.1579 84.2251 53.0239 110.6256 18.5448 119.9167 264.6362 13.1702 258.4882 77.1265 223.7845 111.778;
	2.0622 27.8655 79.6193 101.3472 13.1046 13.2407 8.6697 17.1231 25.1291 29.2698 54.1047 80.7136 121.5139 18.7441 3.9678 1.4948 1.8547 1.9654 66.3964 47.5817 2.8899 30.8951 70.5019 82.4404 95.7389 71.8632 12.2377 247.7319 210.7753 210.7753 94.7404 7.555 221.3213 122.4755 58.7653 89.9308 214.9785 24.6656 3.3258 256.4436 0.4612 146.884 73.8206 202.8453 217.2178;
	1.6799 22.6998 75.7931 94.6656 12.6647 25.1834 12.5722 17.511 25.8917 28.571 52.8131 78.7868 118.6131 30.1589 9.3544 3.5242 4.3726 4.6337 61.4713 40.362 4.1907 58.7613 68.4989 85.8332 93.2881 74.2362 12.2488 345.5185 300.875 300.875 165.8015 12.9518 204.9044 103.8918 94.5523 128.3733 329.6562 30.1855 163.9018 249.879 5.635 279.3678 91.7641 171.1826 333.0902;
	1.7975 24.2876 85.9507 89.8698 12.2777 30.2068 19.0583 18.2593 26.6307 29.3918 54.3302 81.05 122.0204 43.425 23.5436 8.8699 11.0053 11.6623 81.6279 56.1773 6.3528 70.4826 72.5441 87.0226 99.8495 74.7933 12.9321 473.3165 393.5556 393.5556 288.8606 17.6619 272.0931 144.6006 136.1432 167.9171 467.2045 49.7367 200.1639 267.4539 4.0992 335.0943 112.512 188.9247 472.0713;
	2.9702 40.1341 88.429 87.6245 13.9816 30.7968 20.5317 17.63 26.9451 28.7205 53.0894 79.1989 119.2335 52.3275 46.9317 17.6813 21.9379 23.2476 86.2916 66.2667 6.8439 71.8591 69.2458 84.8535 99.8209 72.3823 12.4139 641.885 479.7448 479.7448 337.704 22.6744 287.6387 170.5708 164.0537 204.6911 629.998 65.2279 217.4707 267.3774 0.7427 341.6387 142.4241 210.209 636.5605;
	3.5213 47.5798 85.8642 101.4473 14.6293 30.0786 21.4913 17.4188 26.0636 29.3876 54.3225 81.0385 122.0031 53.2589 67.6972 25.5045 31.6445 33.5337 87.7914 59.7853 7.1638 70.1835 65.6507 81.2257 93.3425 72.3089 12.0833 766.2477 590.1826 590.1826 399.1908 27.1305 292.6381 153.8875 166.974 251.8112 727.2209 82.2442 287.6745 250.0244 0.0 333.6724 129.6354 243.6045 734.7961;
	3.7992 51.3351 89.0947 108.5284 14.8463 33.5373 27.8227 18.0273 27.7861 27.8521 51.4843 76.8044 115.6286 63.8836 107.3399 40.4397 50.1752 53.1707 89.8068 58.0456 9.2742 78.2538 50.8889 83.7552 98.7338 72.6751 13.6872 987.6536 690.8424 690.8424 511.9077 33.2306 299.3559 149.4096 200.2838 294.7594 968.4765 119.7844 450.399 264.4655 0.0 372.0409 155.0449 243.0533 978.5648;
	3.7655 50.88 90.7619 110.6655 15.1396 33.7426 29.4654 17.6208 26.8824 22.6088 41.792 62.3454 93.8607 64.339 138.3057 52.1059 64.6499 68.5096 91.7519 67.1063 9.8218 78.7327 45.2404 83.0103 99.2423 71.6823 12.952 1056.2292 764.8897 764.8897 678.9513 43.9317 305.8398 172.7318 201.7116 326.353 1025.1221 163.7935 418.1478 265.8277 0.4998 374.318 167.4882 257.9973 1035.8005;
	3.6836 49.7735 90.8335 113.2488 14.8988 33.5087 31.7471 17.8261 26.4604 21.6647 40.0469 59.7421 89.9413 68.9176 170.5329 64.2473 79.7142 84.4733 92.5579 70.4537 10.5824 78.187 30.2386 83.3872 99.0601 73.2436 12.9503 1069.0294 811.118 811.118 777.9021 82.6786 308.5264 181.3479 216.0658 346.077 1100.4158 226.9546 449.638 265.3397 3.3833 371.7236 201.961 268.2042 1111.8785;
	3.7846 51.1383 94.6831 114.3363 14.5265 34.6074 31.1874 18.8161 26.1974 19.3681 35.8017 53.409 80.407 68.5233 185.1661 69.7603 86.5544 91.7218 91.119 71.1455 10.3958 80.7506 34.7529 83.9822 103.4497 75.5458 13.8372 1117.5029 805.0722 805.0722 777.5574 102.1208 303.73 183.1286 214.8297 343.4975 1144.4158 256.2622 465.904 277.0975 110.9154 383.9116 205.672 268.579 1156.3368;
	3.8946 52.6251 93.9949 118.3084 14.4422 34.9972 32.1884 14.6708 26.9984 21.0065 38.8303 57.9271 87.209 67.336 187.7693 70.741 87.7712 93.0113 91.8199 67.7159 10.7295 81.6602 49.2508 82.4079 104.4124 70.561 13.3248 1157.0217 811.38 811.38 737.8472 113.6193 306.0665 174.3008 211.1074 346.1888 1176.7174 266.1154 471.8724 279.676 115.1246 388.236 206.4943 275.8544 1188.9749;
