function solarprofile = ex_solar_profilesh1
%EX_WIND_PROFILE_D  Example wind_load_nyiso profile data for deterministic unit commitment.
% 2022.03.12
% Andres F. Ramirez


%% define constants
[GEN_BUS, PG, QG, QMAX, QMIN, VG, MBASE, GEN_STATUS, PMAX, PMIN, ...
    MU_PMAX, MU_PMIN, MU_QMAX, MU_QMIN, PC1, PC2, QC1MIN, QC1MAX, ...
    QC2MIN, QC2MAX, RAMP_AGC, RAMP_10, RAMP_30, RAMP_Q, APF] = idx_gen;
[CT_LABEL, CT_PROB, CT_TABLE, CT_TBUS, CT_TGEN, CT_TBRCH, CT_TAREABUS, ...
    CT_TAREAGEN, CT_TAREABRCH, CT_ROW, CT_COL, CT_CHGTYPE, CT_REP, ...
    CT_REL, CT_ADD, CT_NEWVAL, CT_TLOAD, CT_TAREALOAD, CT_LOAD_ALL_PQ, ...
    CT_LOAD_FIX_PQ, CT_LOAD_DIS_PQ, CT_LOAD_ALL_P, CT_LOAD_FIX_P, ...
    CT_LOAD_DIS_P, CT_TGENCOST, CT_TAREAGENCOST, CT_MODCOST_F, ...
    CT_MODCOST_X] = idx_ct;

solarprofile = struct( ...
    'type', 'mpcData', ...
    'table', CT_TGEN, ...
    'rows', [1:12], ...
    'col', PMAX, ...
    'chgtype', 1, ...
    'values', [] );
solarprofile.values(:,1,:) = [
	0.0 0.0 0.0 0.0 0.0 0.0 0.0 0.0 0.0 0.0 0.0 0.0;
	0.0 0.0 0.0 0.0 0.0 0.0 0.0 0.0 0.0 0.0 0.0 0.0;
	0.0 0.0 0.0 0.0 0.0 0.0 0.0 0.0 0.0 0.0 0.0 0.0;
	0.0 0.0 0.0 0.0 0.0 0.0 0.0 0.0 0.0 0.0 0.0 0.0;
	0.0 0.0 0.0 0.0 0.0 0.0 0.0 0.0 0.0 0.0 0.0 0.0;
	0.1105 0.0972 0.1213 0.0 0.0 0.1251 0.0156 0.1784 0.4192 0.0 0.0 0.0;
	3.2108 2.6568 1.6437 3.5526 6.4179 90.3346 11.2918 10.3321 86.7114 50.2912 35.962 91.0776;
	4.8622 5.68 3.1134 6.3361 11.057 77.2103 9.6513 20.8051 80.1659 73.0704 116.4213 132.3309;
	7.812 8.6301 5.2586 9.1416 11.9926 57.7803 7.2225 21.9628 90.7677 90.3917 148.5755 163.6999;
	21.9029 16.1229 13.5152 11.0577 10.9754 300.393 37.5491 54.6822 237.5573 52.8227 45.5711 95.6622;
	23.4205 16.1982 13.296 11.1572 10.8784 304.4764 38.0596 55.344 203.4111 66.1194 52.8686 119.7425;
	23.3533 16.2423 13.2624 11.1933 10.3717 343.2337 42.9042 57.5881 198.978 72.8497 65.3219 131.9313;
	24.2501 16.6814 13.7461 3.8934 2.6006 383.7854 47.9732 59.8219 247.1382 56.0003 55.9788 101.4169;
	21.7882 16.4149 13.6891 4.2474 2.0375 391.7912 48.9739 61.2594 261.3732 28.2271 41.9372 51.1194;
	17.4373 15.6506 11.8529 4.4758 2.2095 373.2454 46.6557 58.9635 255.0426 22.3318 30.4415 40.443;
	7.6132 9.4942 5.3529 8.9324 2.9835 148.5893 18.5737 21.4329 55.5064 8.8933 4.8714 16.1059;
	0.9969 1.232 0.6528 1.5586 1.571 55.0226 6.8778 9.2348 20.3963 12.0251 7.91 21.7775;
	0.0 0.0 0.0 0.0 0.0 0.0 0.0 0.0 0.0 0.0 0.0 0.0;
	0.0 0.0 0.0 0.0 0.0 0.0 0.0 0.0 0.0 0.0 0.0 0.0;
	0.0 0.0 0.0 0.0 0.0 0.0 0.0 0.0 0.0 0.0 0.0 0.0;
	0.0 0.0 0.0 0.0 0.0 0.0 0.0 0.0 0.0 0.0 0.0 0.0;
	0.0 0.0 0.0 0.0 0.0 0.0 0.0 0.0 0.0 0.0 0.0 0.0;
	0.0 0.0 0.0 0.0 0.0 0.0 0.0 0.0 0.0 0.0 0.0 0.0;
	0.0 0.0 0.0 0.0 0.0 0.0 0.0 0.0 0.0 0.0 0.0 0.0;
];
