function solarprofile = ex_solar_profilesh1
%EX_WIND_PROFILE_D  Example wind_load_nyiso profile data for deterministic unit commitment.
% 2022.03.12
% Andres F. Ramirez


%% define constants
[GEN_BUS, PG, QG, QMAX, QMIN, VG, MBASE, GEN_STATUS, PMAX, PMIN, ...
    MU_PMAX, MU_PMIN, MU_QMAX, MU_QMIN, PC1, PC2, QC1MIN, QC1MAX, ...
    QC2MIN, QC2MAX, RAMP_AGC, RAMP_10, RAMP_30, RAMP_Q, APF] = idx_gen;
[CT_LABEL, CT_PROB, CT_TABLE, CT_TBUS, CT_TGEN, CT_TBRCH, CT_TAREABUS, ...
    CT_TAREAGEN, CT_TAREABRCH, CT_ROW, CT_COL, CT_CHGTYPE, CT_REP, ...
    CT_REL, CT_ADD, CT_NEWVAL, CT_TLOAD, CT_TAREALOAD, CT_LOAD_ALL_PQ, ...
    CT_LOAD_FIX_PQ, CT_LOAD_DIS_PQ, CT_LOAD_ALL_P, CT_LOAD_FIX_P, ...
    CT_LOAD_DIS_P, CT_TGENCOST, CT_TAREAGENCOST, CT_MODCOST_F, ...
    CT_MODCOST_X] = idx_ct;

solarprofile = struct( ...
    'type', 'mpcData', ...
    'table', CT_TGEN, ...
    'rows', [1:12], ...
    'col', PMAX, ...
    'chgtype', 1, ...
    'values', [] );
solarprofile.values(:,1,:) = [
	0.0 0.0 0.0 0.0 0.0 0.0 0.0 0.0 0.0 0.0 0.0 0.0;
	0.0 0.0 0.0 0.0 0.0 0.0 0.0 0.0 0.0 0.0 0.0 0.0;
	0.0 0.0 0.0 0.0 0.0 0.0 0.0 0.0 0.0 0.0 0.0 0.0;
	0.0 0.0 0.0 0.0 0.0 0.0 0.0 0.0 0.0 0.0 0.0 0.0;
	0.0 0.0 0.0 0.0 0.0 0.0 0.0 0.0 0.0 0.0 0.0 0.0;
	0.0951 0.0972 0.1051 0.0 0.0 1.8572 0.2321 0.1784 1.3037 0.0 0.0 0.0;
	4.876 3.8865 3.0761 1.5126 2.6429 181.4486 22.6811 33.4024 30.8977 52.8829 39.1825 95.7713;
	9.0114 7.7101 6.5106 6.1333 9.7191 144.2514 18.0314 46.054 31.1622 209.2588 143.9743 378.969;
	13.5132 11.14 9.1999 9.5408 11.9353 155.8552 19.4819 48.1752 53.9776 286.8782 172.8774 519.5381;
	24.1557 16.3309 13.5674 10.9217 11.5865 384.195 48.0244 69.402 251.899 235.7619 148.2953 426.9662;
	25.9798 16.2103 13.3883 11.1561 11.0761 394.5214 49.3152 73.1981 260.1511 188.8427 164.4038 341.9953;
	26.2846 16.2742 13.5065 11.2056 10.8339 403.9145 50.4893 76.0281 268.5868 162.7285 167.7399 294.7023;
	27.0134 16.9294 13.8681 6.2489 6.7393 392.3408 49.0426 76.742 280.6305 141.0217 105.8776 255.3912;
	26.163 16.8165 13.8434 5.8184 6.2731 374.0885 46.7611 73.7857 279.1769 173.6935 73.4311 314.56;
	24.8713 15.8244 11.4832 4.2487 5.2004 327.6883 40.961 71.6642 270.1902 129.8425 46.7027 235.1456;
	10.0014 6.1593 4.9542 3.3348 2.3777 89.0912 11.1364 49.9614 147.1213 26.7106 6.9004 48.373;
	1.0908 0.7774 0.6231 1.4074 1.3873 46.816 5.852 11.4649 35.7379 15.3129 7.8196 27.7317;
	0.0 0.0 0.0 0.0 0.0 0.0 0.0 0.0 0.0 0.0 0.0 0.0;
	0.0 0.0 0.0 0.0 0.0 0.0 0.0 0.0 0.0 0.0 0.0 0.0;
	0.0 0.0 0.0 0.0 0.0 0.0 0.0 0.0 0.0 0.0 0.0 0.0;
	0.0 0.0 0.0 0.0 0.0 0.0 0.0 0.0 0.0 0.0 0.0 0.0;
	0.0 0.0 0.0 0.0 0.0 0.0 0.0 0.0 0.0 0.0 0.0 0.0;
	0.0 0.0 0.0 0.0 0.0 0.0 0.0 0.0 0.0 0.0 0.0 0.0;
	0.0 0.0 0.0 0.0 0.0 0.0 0.0 0.0 0.0 0.0 0.0 0.0;
];
