function windprofile = ex_wind_profilesh1
%EX_WIND_PROFILE_D  Example wind_load_nyiso profile data for deterministic unit commitment.
% 2022.03.12
% Andres F. Ramirez


%% define constants
[GEN_BUS, PG, QG, QMAX, QMIN, VG, MBASE, GEN_STATUS, PMAX, PMIN, ...
    MU_PMAX, MU_PMIN, MU_QMAX, MU_QMIN, PC1, PC2, QC1MIN, QC1MAX, ...
    QC2MIN, QC2MAX, RAMP_AGC, RAMP_10, RAMP_30, RAMP_Q, APF] = idx_gen;
[CT_LABEL, CT_PROB, CT_TABLE, CT_TBUS, CT_TGEN, CT_TBRCH, CT_TAREABUS, ...
    CT_TAREAGEN, CT_TAREABRCH, CT_ROW, CT_COL, CT_CHGTYPE, CT_REP, ...
    CT_REL, CT_ADD, CT_NEWVAL, CT_TLOAD, CT_TAREALOAD, CT_LOAD_ALL_PQ, ...
    CT_LOAD_FIX_PQ, CT_LOAD_DIS_PQ, CT_LOAD_ALL_P, CT_LOAD_FIX_P, ...
    CT_LOAD_DIS_P, CT_TGENCOST, CT_TAREAGENCOST, CT_MODCOST_F, ...
    CT_MODCOST_X] = idx_ct;

windprofile = struct( ...
    'type', 'mpcData', ...
    'table', CT_TGEN, ...
    'rows', [1:45], ...
    'col', PMAX, ...
    'chgtype', 1, ...
    'values', [] );
windprofile.values(:,1,:) = [
	3.6104 48.784 90.9553 113.794 14.6936 14.8575 14.7314 17.5524 25.9686 24.8043 45.8503 68.3996 102.9752 6.0962 25.885 9.752 12.0997 12.8221 12.853 23.0928 4.9105 34.6675 57.4075 88.3534 101.5869 71.5883 7.9395 647.0319 367.1997 367.1997 191.8229 36.7217 42.8434 59.4408 19.1124 156.6719 463.8526 53.7678 308.1283 272.1078 16.0934 164.8194 119.6233 224.7289 468.6844;
	3.3799 45.6701 91.4177 111.2899 14.1095 14.9813 13.939 16.4327 26.0406 23.5441 43.5208 64.9245 97.7435 6.1859 20.0926 7.5698 9.3921 9.9528 10.6685 13.4588 4.6463 34.9563 57.7009 83.796 97.1172 71.0303 7.0272 645.3838 347.7099 347.7099 157.3985 30.5646 35.5616 34.643 19.3936 148.3562 472.2622 45.3941 321.721 260.1353 12.7101 166.1924 110.708 211.9129 477.1816;
	3.241 43.7934 92.9535 111.6908 14.7935 13.8136 12.0625 17.9818 26.5159 24.5132 45.3122 67.5969 101.7667 6.4763 21.8647 8.2374 10.2205 10.8306 20.2582 25.0719 4.0208 32.2318 66.0531 86.9121 100.9971 73.1163 8.5246 617.4326 330.2941 330.2941 134.1035 30.6142 67.5275 64.5351 20.3042 140.9255 405.0184 29.9655 249.5017 270.528 8.5693 153.239 90.3838 204.6717 409.2374;
	3.0856 41.6933 94.0941 108.9752 15.0862 13.5967 11.8418 18.213 26.8225 25.3387 46.8383 69.8735 105.1942 10.0223 20.8333 7.8488 9.7384 10.3198 13.98 26.4964 3.9473 31.7256 69.334 89.3086 103.3374 75.8193 10.353 538.5449 276.7564 276.7564 150.9167 27.1949 46.6001 68.2017 31.4212 118.0827 333.6408 25.3939 207.4709 276.7965 0.6057 150.8328 85.5167 214.3799 337.1162;
	2.262 30.5641 92.1525 106.8033 14.3497 13.3067 9.4852 18.0104 16.387 22.4205 41.4439 61.8261 93.0789 11.337 23.3899 8.812 10.9334 11.5862 22.91 28.8405 3.1617 31.0489 59.5017 88.7381 102.0204 75.1532 9.9726 415.902 211.8583 211.8583 145.9789 27.8412 76.3668 74.2354 35.543 90.3929 192.7635 34.067 168.2266 273.2688 7.1161 147.6155 77.5583 212.3545 194.7714;
	3.1541 42.6184 92.1976 109.6613 14.3731 22.3445 11.1503 18.1747 9.5911 19.676 36.3707 54.258 81.6851 25.8209 22.9247 8.6367 10.7159 11.3557 35.4822 27.9854 3.7168 52.1372 51.8573 87.9184 100.7038 75.09 8.4769 350.8654 204.5951 204.5951 131.2227 25.9014 118.2741 72.0344 80.9522 87.2939 177.9265 34.51 195.1498 269.7423 8.9919 247.875 99.2333 219.4466 179.7799;
	2.6862 36.296 93.2861 111.2299 14.0736 23.6104 12.0076 17.5426 12.3989 26.9352 49.7894 74.276 111.8221 42.4588 30.0728 11.3297 14.0573 14.8965 40.729 37.5958 4.0025 55.091 63.392 89.4172 103.8532 75.0432 10.8489 303.5855 225.6351 225.6351 108.5466 18.7583 135.7634 96.7716 133.114 96.271 197.818 25.4227 168.5238 278.1781 10.4282 261.9185 93.9071 238.96 199.8786;
	1.8426 24.8974 73.931 113.933 14.164 19.4983 12.2598 17.8306 18.3254 27.6883 51.1814 76.3526 114.9485 47.1663 35.8719 13.5145 16.768 17.7691 57.0976 54.8893 4.0866 45.496 69.3396 88.9727 102.9668 75.4526 12.3573 165.1054 191.1884 191.1884 96.155 11.8364 190.3253 141.2853 147.8728 81.5737 136.0638 51.7307 186.4118 275.804 7.341 216.3008 90.7203 206.468 137.4811;
	3.0246 40.8692 88.0121 110.072 14.8427 25.5688 10.802 19.0042 22.2051 29.6807 54.8643 81.8467 123.2197 51.6095 24.9454 9.3981 11.6605 12.3567 69.8786 52.7005 3.6007 59.6604 73.2255 89.9443 106.2066 75.8106 12.5726 142.8267 168.4878 168.4878 99.0125 9.771 232.9288 135.6512 161.8027 71.8881 162.2288 56.9675 159.8022 284.4821 18.5563 283.6428 82.581 240.2901 163.9187;
	2.2479 30.3742 90.651 114.8456 13.8441 15.8135 10.1887 18.7548 26.8438 30.4745 56.3316 84.0356 126.5151 49.9283 164.2039 61.8629 76.7558 81.3382 76.0631 47.1815 3.3962 36.8982 74.0626 89.4049 106.1182 75.142 12.4744 273.6421 264.0657 264.0657 115.2056 11.3839 253.5436 121.4452 156.5321 112.668 278.3789 25.0027 155.4354 284.2453 9.1617 175.4244 84.8394 226.4405 281.2787;
	1.7946 24.2497 86.1864 111.7558 13.0876 27.377 13.6413 18.3871 26.8497 29.788 55.0627 82.1427 123.6654 53.2105 105.3841 39.7028 49.2609 52.2019 70.9235 35.5251 4.5471 63.8796 72.7747 89.6869 102.7474 73.9916 12.4291 368.7281 315.2549 315.2549 158.0059 13.4186 236.4115 91.4418 166.822 134.5088 346.9469 24.8627 175.2131 275.2164 9.1027 303.7017 95.0513 195.1074 350.5609;
	1.8314 24.7462 91.8051 102.5096 12.4475 29.9989 19.3195 18.9865 27.4833 29.4868 54.5059 81.3121 122.4149 54.3292 143.7288 54.149 67.1849 71.1959 85.1867 49.0983 6.4398 69.9974 73.515 89.2009 104.4381 74.6094 13.2471 485.0231 378.1155 378.1155 265.759 17.8242 283.9557 126.3793 170.3295 161.3293 479.2344 40.043 200.998 279.7449 24.2255 332.7876 107.2969 192.6139 484.2264;
	2.9213 39.4735 93.6717 98.3659 14.4865 29.6883 20.1857 18.0005 27.3391 29.5635 54.6477 81.5236 122.7333 56.6554 54.7598 20.6304 25.597 27.1252 87.7512 60.7151 6.7286 69.2727 70.6013 89.1982 105.2628 74.7719 11.5841 632.1229 445.7706 445.7706 292.4477 23.6948 292.5039 156.2807 177.6222 190.1954 625.2894 52.6592 218.2321 281.954 8.8072 329.3421 136.6765 231.3554 631.8028;
	3.6319 49.0748 92.5471 110.8276 15.0627 29.0537 21.9575 17.8992 26.8922 29.7293 54.9541 81.9807 123.4215 56.966 91.2477 34.3771 42.653 45.1995 90.6942 56.804 7.3192 67.7919 67.6939 87.3513 101.9698 74.3905 11.0472 791.5538 594.6993 594.6993 400.4959 35.0905 302.3141 146.2135 178.5961 253.7384 733.8865 81.0796 278.9223 273.1334 9.6424 322.3022 141.521 259.8886 741.5312;
	3.687 49.8189 91.2922 110.1765 14.8733 32.0221 26.5886 16.9683 28.0368 27.5748 50.9716 76.0396 114.4773 63.6302 120.7926 45.5079 56.4635 59.8345 89.803 57.0594 8.8629 74.7182 48.7399 87.9801 100.1518 71.2155 11.7835 948.8403 693.6881 693.6881 500.2415 38.2546 299.3434 146.871 199.4894 295.9736 914.9614 107.838 416.6015 268.2638 0.3065 355.2317 153.5055 259.6423 924.4923;
	3.7708 50.9524 93.6364 111.8916 15.2297 32.3165 28.4766 17.5225 28.1202 22.9723 42.464 63.3479 95.3699 64.3 151.2099 56.9674 70.6818 74.9016 91.2204 66.5898 9.4922 75.4051 44.5376 86.1734 102.0435 70.1375 12.4776 1072.5013 721.4782 721.4782 654.4392 50.8261 304.0679 171.4022 201.5892 307.8307 980.9207 152.0857 398.4578 273.3308 0.0247 358.4974 162.3384 260.2836 991.1386;
	3.7474 50.6356 94.5452 117.6581 15.1368 33.248 29.7532 18.7645 27.9035 21.6013 39.9297 59.5673 89.6782 67.3811 183.811 69.2497 85.9209 91.0505 90.3091 71.8384 9.9177 77.5787 32.3276 89.8766 104.8774 73.3232 13.0416 1074.85 740.0293 740.0293 708.9375 82.5033 301.0304 184.9121 211.2487 315.7458 1003.4663 197.9587 410.2302 280.9215 1.307 368.8311 201.6346 274.6623 1013.9191;
	3.7915 51.2308 94.1504 113.5243 15.2591 33.4879 27.1623 17.9897 26.4242 19.2311 35.5484 53.0313 79.8383 67.4072 190.5939 71.8051 89.0915 94.4104 86.1423 73.4732 9.0541 78.1385 38.0434 86.6368 103.9313 69.9833 12.9516 1134.7859 744.7302 744.7302 724.7051 102.3059 287.1409 189.1202 211.3307 317.7516 1070.7319 236.0225 435.6576 278.3874 103.8043 371.493 193.4975 258.62 1081.8853;
