function windprofile = ex_wind_profilesh1
%EX_WIND_PROFILE_D  Example wind_load_nyiso profile data for deterministic unit commitment.
% 2022.03.12
% Andres F. Ramirez


%% define constants
[GEN_BUS, PG, QG, QMAX, QMIN, VG, MBASE, GEN_STATUS, PMAX, PMIN, ...
    MU_PMAX, MU_PMIN, MU_QMAX, MU_QMIN, PC1, PC2, QC1MIN, QC1MAX, ...
    QC2MIN, QC2MAX, RAMP_AGC, RAMP_10, RAMP_30, RAMP_Q, APF] = idx_gen;
[CT_LABEL, CT_PROB, CT_TABLE, CT_TBUS, CT_TGEN, CT_TBRCH, CT_TAREABUS, ...
    CT_TAREAGEN, CT_TAREABRCH, CT_ROW, CT_COL, CT_CHGTYPE, CT_REP, ...
    CT_REL, CT_ADD, CT_NEWVAL, CT_TLOAD, CT_TAREALOAD, CT_LOAD_ALL_PQ, ...
    CT_LOAD_FIX_PQ, CT_LOAD_DIS_PQ, CT_LOAD_ALL_P, CT_LOAD_FIX_P, ...
    CT_LOAD_DIS_P, CT_TGENCOST, CT_TAREAGENCOST, CT_MODCOST_F, ...
    CT_MODCOST_X] = idx_ct;

windprofile = struct( ...
    'type', 'mpcData', ...
    'table', CT_TGEN, ...
    'rows', [1:45], ...
    'col', PMAX, ...
    'chgtype', 1, ...
    'values', [] );
windprofile.values(:,1,:) = [
	3.5291 47.6859 89.7808 111.4411 14.7929 14.9093 14.447 17.3799 27.5658 25.4586 47.0599 70.2041 105.6919 7.2522 25.9872 9.7905 12.1475 12.8727 17.0099 28.9752 4.8157 34.7885 61.7085 85.569 98.3988 70.0351 8.1776 688.8319 365.5237 365.5237 188.9548 36.6111 56.6996 74.5823 22.7365 155.9568 430.9041 49.1046 294.9726 263.5682 15.9268 165.3943 117.5455 228.8907 435.3927;
	3.5078 47.3976 90.854 110.2723 14.8855 16.0771 13.5188 16.3812 26.7468 25.2223 46.6229 69.5523 104.7106 6.6486 18.8801 7.113 8.8254 9.3523 13.329 17.4513 4.5063 37.5132 63.3063 87.5552 101.367 70.3106 7.4055 700.9387 352.3486 352.3486 167.9058 33.4748 44.4298 44.9198 20.8441 150.3354 432.0067 50.7712 298.3743 271.5189 14.6331 178.3483 112.8476 221.5539 436.5068;
	3.0662 41.4306 90.6798 109.8121 14.8342 12.3403 12.4543 17.065 26.6053 24.3363 44.9852 67.1091 101.0323 9.2163 19.9612 7.5203 9.3307 9.8877 24.1302 26.2949 4.1514 28.794 65.0079 87.0537 98.6453 70.5834 8.3883 665.3107 329.9805 329.9805 153.0366 32.264 80.4339 67.6832 28.8944 140.7917 387.4812 39.753 237.0947 264.2284 9.4679 136.8949 85.115 205.781 391.5175;
	2.9059 39.2657 91.069 106.2396 15.1295 12.4489 11.6202 16.8289 26.5543 24.5421 45.3658 67.6768 101.8871 10.5995 14.9168 5.6198 6.9727 7.389 12.7559 24.4928 3.8734 29.0475 66.6156 85.8489 99.3752 73.5287 9.5104 543.4482 251.2626 251.2626 151.0688 29.7535 42.5197 63.0444 33.2309 107.2054 310.1158 29.7906 178.5589 266.1836 2.2224 138.1 74.5443 221.7519 313.3462;
	2.3171 31.3089 90.6033 113.5621 15.2214 13.7113 10.2948 17.5687 16.7464 22.6264 41.8246 62.3941 93.934 14.1769 18.0251 6.7908 8.4257 8.9287 24.2268 25.3205 3.4316 31.993 54.2084 88.3769 101.4344 72.7417 9.7586 381.9094 191.1574 191.1574 130.6264 27.7523 80.756 65.1751 44.4464 81.5605 189.6566 31.9894 165.7781 271.6994 9.3721 152.1041 76.5018 230.7611 191.6322;
	3.0577 41.316 89.4965 114.5798 15.0719 22.1491 10.8513 17.279 10.1988 21.7293 40.1663 59.9201 90.2094 25.8384 16.9985 6.4041 7.9458 8.4202 36.7396 27.2625 3.6171 51.6813 56.9877 88.5444 100.2507 70.5977 8.233 256.9194 110.9036 110.9036 111.8349 24.8439 122.4654 70.1739 81.0067 47.3189 132.0708 27.6439 170.8109 268.5287 9.8419 245.7076 83.9891 216.4278 133.4465;
	2.6471 35.7675 88.7779 111.9179 14.7983 24.1462 11.4788 16.6676 12.6042 27.9394 51.6455 77.0449 115.9907 40.1215 23.881 8.997 11.163 11.8294 42.9004 33.0567 3.8263 56.341 65.265 87.9799 102.3902 70.1452 10.4508 253.6143 200.3001 200.3001 92.195 17.4952 143.0012 85.0879 125.7862 85.4614 177.6578 20.8697 149.6322 274.2595 8.2974 267.8614 93.0183 231.951 179.5084;
	1.8202 24.5945 69.2419 113.5685 14.8598 21.0387 12.2733 17.6566 19.3036 29.1741 53.9279 80.4499 121.1169 40.4141 30.3806 11.4457 14.2012 15.049 57.4045 54.7986 4.0911 49.0903 70.2592 84.1985 99.7168 69.2189 12.0003 135.7779 161.3954 161.3954 82.2718 9.6842 191.3484 141.0517 126.7036 68.8621 113.7539 18.3842 173.2151 267.0986 6.9503 233.3893 92.5075 209.6165 114.9388;
	2.7386 37.0042 85.4588 108.8108 14.8918 26.8621 10.1765 17.8683 20.3945 28.7985 53.2336 79.4141 119.5575 44.0627 24.2961 9.1534 11.357 12.0351 69.659 53.0187 3.3922 62.6782 68.5358 85.4713 99.4903 70.6562 12.2046 141.8081 146.3931 146.3931 91.9347 7.8598 232.1967 136.4703 138.1424 62.461 138.031 21.9849 125.4035 266.4919 20.8961 297.9901 85.5868 244.4619 139.4688;
	1.9353 26.1497 85.4285 110.2792 13.2317 14.3189 9.4239 17.8241 25.0692 28.4225 52.5385 78.3772 117.9964 35.3545 86.498 32.5876 40.4328 42.8467 78.7258 48.1528 3.1413 33.4107 66.4993 82.4701 98.2888 71.3555 12.325 267.0803 227.4273 227.4273 100.4306 10.3696 262.4195 123.9455 110.8412 97.0357 232.877 22.0666 0.0 263.2736 28.3166 158.8439 79.1593 221.8447 235.3028;
	1.6223 21.9214 80.109 108.9569 12.7541 25.1306 12.4626 16.9608 26.325 29.1707 53.9215 80.4403 121.1025 47.0157 32.2351 12.1444 15.068 15.9676 74.4826 36.4252 4.1542 58.638 69.3851 87.095 95.7096 70.6214 11.5577 367.145 254.2377 254.2377 141.0559 12.1309 248.2753 93.7586 147.4006 108.4748 310.3486 24.1412 145.6015 256.365 26.1845 278.7819 88.7397 188.6024 313.5814;
	1.6389 22.1458 86.845 98.1368 12.2613 30.2296 18.0564 17.8205 26.7678 29.3296 54.2153 80.8785 121.7622 51.2806 61.9055 23.3226 28.9372 30.6648 84.6589 52.7421 6.0188 70.5357 71.6566 87.3486 98.989 72.9781 12.4167 461.0813 326.934 326.934 259.9946 17.0494 282.1964 135.7584 160.7717 139.4918 406.1218 37.6461 164.7249 265.1492 62.3133 335.3469 105.2715 193.7271 410.3522;
	2.7779 37.5352 87.6439 93.8979 13.8211 31.2119 19.4025 16.5471 26.7388 28.0809 51.907 77.4351 116.5781 56.4484 46.6407 17.5716 21.8018 23.1034 87.8891 61.1537 6.4675 72.8278 67.9748 83.3593 97.5721 68.7955 10.3919 604.8398 415.6458 415.6458 300.8636 21.0152 292.9635 157.4097 176.9734 177.3422 561.6291 52.0698 193.2637 261.3538 13.5057 346.2444 132.0521 221.7128 567.4794;
	3.5354 47.7708 88.9826 111.4207 14.1805 30.2561 19.87 17.3432 26.1972 29.1196 53.8272 80.2995 120.8905 58.5058 70.0949 26.4078 32.7653 34.7214 88.0965 60.7726 6.6233 70.5976 62.6841 85.7135 100.6197 70.0786 11.1378 768.7993 573.8326 573.8326 392.535 28.2309 293.6551 156.4288 183.4236 244.8353 721.4411 80.4216 255.7944 269.5171 30.4055 335.6411 136.9732 251.4497 728.9561;
	3.5637 48.1528 89.2695 111.0231 14.4184 32.9615 25.1335 17.3617 26.428 25.1023 46.4012 69.2214 104.2125 63.5737 101.6447 38.294 47.513 50.3496 86.5415 57.2486 8.3778 76.9102 34.7362 85.6437 100.2872 71.5516 11.996 884.5109 637.946 637.946 456.826 33.4042 288.4715 147.358 199.3123 272.1903 889.4779 106.4259 385.4282 268.6265 32.0181 365.6529 157.2829 246.9669 898.7433;
	3.5141 47.4837 91.8727 111.3698 14.19 32.3888 26.891 17.4835 26.1735 20.3797 37.6716 56.1986 84.6066 64.6943 139.7317 52.6431 65.3165 69.216 89.1048 65.8799 8.9637 75.5738 42.0109 85.3668 100.8651 71.0314 11.8348 1010.0868 675.4208 675.4208 598.7742 44.0297 297.016 169.575 202.8254 288.1795 956.7144 157.4671 349.6693 270.1743 10.0285 359.2995 162.7249 257.147 966.6802;
	3.5714 48.2568 91.721 113.7158 14.5296 33.1668 29.9714 17.3737 26.2691 20.6986 38.2611 57.078 85.9306 67.2712 164.9033 62.1264 77.0827 81.6847 88.6587 70.9452 9.9905 77.3892 28.995 84.4955 98.9403 70.6828 10.9659 1013.3816 716.4672 716.4672 647.3017 78.6965 295.5289 182.6132 210.9042 305.6927 981.7158 201.2089 397.4843 265.0188 0.5417 367.9304 201.1948 269.1288 991.942;
	3.6603 49.4582 93.6044 116.6193 14.6931 33.3426 31.122 17.9509 27.6698 20.9944 38.8079 57.8937 87.1587 69.6638 190.0908 71.6156 88.8564 94.1613 92.4737 73.7576 10.374 77.7994 39.0555 83.1995 102.1821 69.9769 12.6889 1161.895 774.0116 774.0116 735.9705 93.6141 308.2457 189.8523 218.4055 330.245 1119.8266 234.9228 460.8797 273.702 107.9551 369.8808 197.7916 256.9252 1131.4914;
