function windprofile = ex_wind_profilesh1
%EX_WIND_PROFILE_D  Example wind_load_nyiso profile data for deterministic unit commitment.
% 2022.03.12
% Andres F. Ramirez


%% define constants
[GEN_BUS, PG, QG, QMAX, QMIN, VG, MBASE, GEN_STATUS, PMAX, PMIN, ...
    MU_PMAX, MU_PMIN, MU_QMAX, MU_QMIN, PC1, PC2, QC1MIN, QC1MAX, ...
    QC2MIN, QC2MAX, RAMP_AGC, RAMP_10, RAMP_30, RAMP_Q, APF] = idx_gen;
[CT_LABEL, CT_PROB, CT_TABLE, CT_TBUS, CT_TGEN, CT_TBRCH, CT_TAREABUS, ...
    CT_TAREAGEN, CT_TAREABRCH, CT_ROW, CT_COL, CT_CHGTYPE, CT_REP, ...
    CT_REL, CT_ADD, CT_NEWVAL, CT_TLOAD, CT_TAREALOAD, CT_LOAD_ALL_PQ, ...
    CT_LOAD_FIX_PQ, CT_LOAD_DIS_PQ, CT_LOAD_ALL_P, CT_LOAD_FIX_P, ...
    CT_LOAD_DIS_P, CT_TGENCOST, CT_TAREAGENCOST, CT_MODCOST_F, ...
    CT_MODCOST_X] = idx_ct;

windprofile = struct( ...
    'type', 'mpcData', ...
    'table', CT_TGEN, ...
    'rows', [1:45], ...
    'col', PMAX, ...
    'chgtype', 1, ...
    'values', [] );
windprofile.values(:,1,:) = [
	3.5762 48.3226 89.5751 110.6398 14.1433 13.6278 16.6618 16.7891 25.8172 24.8073 45.8558 68.4079 102.9877 5.6559 20.5752 7.7516 9.6177 10.1919 13.4432 27.6128 5.5539 31.7982 55.925 83.4976 95.953 68.2677 7.2493 678.079 385.3629 385.3629 193.8365 41.84 44.8106 71.0755 17.7321 164.4215 509.2968 54.7708 295.7536 257.0171 11.0064 151.178 123.1519 231.8995 514.602;
	3.6159 48.8585 87.2841 109.7696 14.0994 16.146 15.6014 15.4534 26.2064 25.2421 46.6597 69.6071 104.7932 4.5452 15.8016 5.9532 7.3863 7.8273 12.4423 15.4915 5.2005 37.6739 60.1798 82.4552 92.3643 69.1941 6.2005 686.3234 367.0751 367.0751 157.4157 37.0009 41.4742 39.8753 14.2498 156.6187 496.6613 54.6326 292.3392 247.4043 4.0882 179.1125 118.7843 219.7069 501.8349;
	3.3018 44.6139 89.2785 106.1095 14.3112 13.6952 13.266 17.3062 26.6768 24.0669 44.4874 66.3664 99.9143 7.7381 16.9748 6.3952 7.9347 8.4084 20.9981 23.0731 4.422 31.9555 57.0047 84.5651 95.6843 72.079 7.8793 599.8006 340.7246 340.7246 144.3447 34.6716 69.9936 59.3902 24.2599 145.3758 402.2447 41.8478 235.1758 256.2972 4.371 151.9254 95.1934 213.4013 406.4347;
	3.1204 42.1633 92.3958 109.8806 15.0039 14.3979 15.1338 17.6829 26.7922 24.5722 45.4213 67.7597 102.0118 10.4293 16.8273 6.3396 7.8658 8.3354 13.3539 24.2581 5.0446 33.595 63.0017 86.0051 99.6013 75.5742 9.6468 459.633 278.5693 278.5693 162.7159 34.5317 44.5129 62.4404 32.6973 118.8562 317.2141 37.5262 192.6504 266.7892 12.5254 159.7203 88.959 221.7585 320.5185;
	2.3548 31.8191 92.5306 114.3489 14.7996 15.8014 13.7008 17.8345 18.1222 22.3532 41.3196 61.6407 92.7998 15.368 21.0013 7.9121 9.8169 10.403 21.2371 26.3609 4.5669 36.87 55.4444 85.9548 100.4881 75.0833 9.848 342.6848 211.6511 211.6511 146.6301 32.9788 70.7904 67.8531 48.1807 90.3045 192.5058 38.6878 183.1707 269.1646 10.7815 175.2906 92.1112 226.1363 194.5111;
	2.9494 39.853 91.2896 112.7688 14.1008 23.8029 12.3065 17.3215 10.6785 18.5195 34.2331 51.069 76.8842 28.9553 15.2662 5.7515 7.1361 7.5621 30.5787 23.8575 4.1022 55.5401 50.2962 84.0307 97.0256 72.2516 8.1774 321.2958 195.3269 195.3269 139.1577 29.6296 101.9291 61.4093 90.7789 83.3395 186.5433 37.0376 192.8574 259.8899 3.695 264.0537 91.4082 228.4255 188.4864;
	2.4979 33.7526 90.7598 111.0499 14.2252 24.3736 12.9724 15.2237 12.613 26.4935 48.9727 73.0577 109.988 45.3836 26.7531 10.0791 12.5055 13.2521 34.2901 36.1666 4.3241 56.8716 59.8238 86.9415 96.5403 71.9654 10.2069 256.8118 220.2213 220.2213 108.6247 17.6439 114.3003 93.0928 142.2838 93.9611 176.9601 24.0708 157.4533 258.5901 6.2881 270.384 92.2157 238.8668 178.8035;
	1.6287 22.007 67.4079 111.0549 13.9658 19.3303 11.8783 13.5241 18.2648 26.2456 48.5146 72.3742 108.959 46.5853 33.4153 12.589 15.6197 16.5522 51.657 54.6823 3.9594 45.104 64.2886 85.0574 92.9741 70.7576 10.6086 139.402 181.2498 181.2498 95.2597 11.1386 172.19 140.7523 146.0511 77.3333 124.7577 33.4319 168.2466 249.0378 4.1356 214.4374 82.4661 198.7782 126.0572;
	2.5053 33.8519 80.3618 102.5259 14.1873 23.4176 10.2859 15.7108 20.4696 26.9898 49.8902 74.4264 112.0486 51.9011 25.525 9.6164 11.9314 12.6438 66.6082 55.5708 3.4286 54.6411 69.0323 85.1001 96.2874 69.6641 10.1204 124.5908 140.2289 140.2289 91.5898 9.297 222.0275 143.0393 162.7171 59.831 118.8573 99.6859 134.7321 257.9127 15.7827 259.7795 63.2288 208.2485 120.0954;
	1.9446 26.2764 83.5754 110.6685 12.754 14.3846 9.6143 17.2612 26.4223 28.0082 51.7728 77.2348 116.2766 51.7276 143.8565 54.1971 67.2446 71.2592 72.1306 52.5742 3.2048 33.5642 67.6311 87.5961 98.4473 71.2747 11.5729 238.5305 241.7583 241.7583 116.6347 10.3738 240.4353 135.3261 162.173 103.1502 243.0282 31.5278 87.625 263.6981 17.0157 159.5736 69.091 198.0773 245.5597;
	1.595 21.5524 80.2854 105.804 12.0696 24.9343 13.4153 15.6062 25.9501 28.3784 52.457 78.2555 117.8132 56.4286 47.4798 17.8877 22.194 23.519 64.516 39.777 4.4718 58.1801 69.4785 87.5164 89.5016 72.4023 11.0214 359.5317 305.4871 305.4871 177.9831 15.8689 215.0533 102.3861 176.9114 130.3412 324.5145 34.1605 163.9004 239.7365 19.7421 276.6047 86.466 172.8171 327.8949;
	1.6451 22.2283 83.0488 89.974 11.7717 29.1253 18.5052 16.6837 25.8438 28.8805 53.3852 79.6402 119.8979 57.6693 21.083 7.9429 9.8551 10.4434 78.3353 52.584 6.1684 67.9591 70.5231 84.8738 86.39 71.0428 11.8086 447.3202 361.8276 361.8276 298.3486 19.248 261.1177 135.3514 180.801 154.3798 435.2872 49.2213 194.09 231.4017 5.9288 323.0972 99.4214 169.6441 439.8214;
	2.9152 39.3913 87.8556 85.7556 14.0391 29.3478 19.9597 17.2583 27.1207 30.0253 55.5014 82.7972 124.6507 58.1882 44.2104 16.656 20.6658 21.8996 84.025 61.4738 6.6532 68.4781 70.9112 86.1847 96.9605 73.8064 11.5991 604.7127 451.6482 451.6482 331.7754 26.4794 280.0832 158.2338 182.428 192.7032 599.9762 61.3066 210.1475 259.7157 15.2798 325.5644 129.835 222.3016 606.2259;
	3.4358 46.4259 86.7312 97.5159 14.3824 28.1442 20.2285 17.3813 26.0109 29.3912 54.3291 81.0484 122.0179 56.9432 61.8791 23.3126 28.9249 30.6518 82.2404 63.1534 6.7428 65.6699 68.4299 83.0511 90.0805 71.42 11.3925 758.8309 590.1529 590.1529 416.4949 33.37 274.1347 162.5571 178.5245 251.7985 727.4533 85.6305 255.0106 241.2871 0.6881 312.2135 124.4978 250.8779 735.031;
	3.639 49.1702 86.8391 101.9664 14.8993 30.6919 23.5971 17.7574 26.4099 26.9898 49.8902 74.4263 112.0484 66.4265 93.664 35.2874 43.7825 46.3964 84.1228 61.0129 7.8657 71.6144 50.8193 87.5564 94.9175 71.8249 12.3199 896.1274 677.2007 677.2007 518.261 36.1591 280.4093 157.0473 208.2559 288.939 927.3419 117.4354 405.1608 254.2433 0.0941 340.4753 145.4411 253.6991 937.0018;
	3.6864 49.812 85.1711 98.3878 14.9294 31.0622 26.7055 16.6546 26.2507 20.4961 37.8867 56.5194 85.0897 67.6628 123.6459 46.5829 57.7973 61.2478 85.5548 69.8722 8.9018 72.4784 38.7083 84.3113 87.4301 68.0033 11.9947 977.1304 746.7931 746.7931 727.2835 47.6504 285.1825 179.8513 212.1319 318.6317 995.9817 166.2184 365.9506 234.1877 0.0262 344.5829 162.3445 263.1812 1006.3565;
	3.6026 48.6784 86.5535 104.6158 14.8004 31.4783 29.3209 17.6686 26.9486 19.6704 36.3605 54.2427 81.662 67.1505 145.8142 54.9347 68.1597 72.2289 89.2518 70.8313 9.7736 73.4495 6.1888 86.0374 94.1362 70.3883 12.2624 933.7542 758.1492 758.1492 755.0275 79.8356 297.506 182.32 210.5258 323.477 987.7648 214.4346 413.1468 252.1504 0.0421 349.1998 185.9432 269.7685 998.054;
	3.6904 49.866 92.4027 109.5392 14.5902 31.7462 25.8124 18.1183 26.0966 18.5659 34.3188 51.197 77.0767 65.9182 151.1735 56.9537 70.6648 74.8836 86.8515 69.372 8.6041 74.0744 31.6352 87.398 99.2846 70.0213 12.8062 1027.1454 771.9589 771.9589 746.257 102.1412 289.505 178.5636 206.6623 329.3691 1065.9452 249.4448 435.6669 265.9409 97.5813 352.1709 160.318 257.3247 1077.0488;
	3.6949 49.9266 90.1239 109.8271 14.7326 31.9567 28.2865 13.0182 26.5278 20.4994 37.8928 56.5287 85.1036 65.9574 154.8021 58.3208 72.361 76.681 84.6556 65.4951 9.4288 74.5656 45.4534 86.0274 99.0384 57.0754 12.1408 1167.7239 790.5183 790.5183 694.93 106.9989 282.1853 168.5845 206.7852 337.2878 1137.4036 250.7555 454.8837 265.2814 111.248 354.5064 192.7657 262.2427 1149.2516;
