function solarprofile = ex_solar_profilesh1
%EX_WIND_PROFILE_D  Example wind_load_nyiso profile data for deterministic unit commitment.
% 2022.03.12
% Andres F. Ramirez


%% define constants
[GEN_BUS, PG, QG, QMAX, QMIN, VG, MBASE, GEN_STATUS, PMAX, PMIN, ...
    MU_PMAX, MU_PMIN, MU_QMAX, MU_QMIN, PC1, PC2, QC1MIN, QC1MAX, ...
    QC2MIN, QC2MAX, RAMP_AGC, RAMP_10, RAMP_30, RAMP_Q, APF] = idx_gen;
[CT_LABEL, CT_PROB, CT_TABLE, CT_TBUS, CT_TGEN, CT_TBRCH, CT_TAREABUS, ...
    CT_TAREAGEN, CT_TAREABRCH, CT_ROW, CT_COL, CT_CHGTYPE, CT_REP, ...
    CT_REL, CT_ADD, CT_NEWVAL, CT_TLOAD, CT_TAREALOAD, CT_LOAD_ALL_PQ, ...
    CT_LOAD_FIX_PQ, CT_LOAD_DIS_PQ, CT_LOAD_ALL_P, CT_LOAD_FIX_P, ...
    CT_LOAD_DIS_P, CT_TGENCOST, CT_TAREAGENCOST, CT_MODCOST_F, ...
    CT_MODCOST_X] = idx_ct;

solarprofile = struct( ...
    'type', 'mpcData', ...
    'table', CT_TGEN, ...
    'rows', [1:12], ...
    'col', PMAX, ...
    'chgtype', 1, ...
    'values', [] );
solarprofile.values(:,1,:) = [
	0.0 0.0 0.0 0.0 0.0 0.0 0.0 0.0 0.0 0.0 0.0 0.0;
	0.0 0.0 0.0 0.0 0.0 0.0 0.0 0.0 0.0 0.0 0.0 0.0;
	0.0 0.0 0.0 0.0 0.0 0.0 0.0 0.0 0.0 0.0 0.0 0.0;
	0.0 0.0 0.0 0.0 0.0 0.0 0.0 0.0 0.0 0.0 0.0 0.0;
	0.0 0.0 0.0 0.0 0.0 0.0 0.0 0.0 0.0 0.0 0.0 0.0;
	0.124 0.1241 0.1509 0.0 0.0 0.1251 0.0156 0.1784 0.0 0.0 0.0 0.0;
	3.7599 3.0458 3.1308 2.4151 3.8097 40.4348 5.0544 15.2513 35.5155 19.9996 10.6586 36.2194;
	7.5467 6.837 5.9915 6.411 9.9426 133.9657 16.7457 35.9443 105.9725 135.8218 84.5131 245.974;
	10.3639 10.7986 9.1578 9.7144 12.0052 169.0985 21.1373 49.9917 170.1122 235.6993 152.4271 426.8529;
	16.1797 15.283 13.2873 11.874 12.6965 359.1219 44.8902 70.8285 284.1544 176.2108 156.5831 319.1187;
	15.4702 14.7764 13.2545 11.4874 12.1134 309.1434 38.6429 66.7091 258.6956 136.1052 169.353 246.4873;
	16.0889 13.3828 13.1062 11.2393 11.3961 333.2488 41.6561 64.2348 236.5088 103.1696 171.4104 186.8407;
	21.4461 15.9531 13.5373 6.3915 7.5132 399.9273 49.9909 68.5445 250.1014 102.657 140.9853 185.9124;
	15.5837 12.9021 10.8938 6.4039 8.0381 410.0613 51.2577 69.0856 263.2447 138.5253 110.0638 250.8701;
	5.8996 5.9123 5.4189 4.9168 8.5365 383.6328 47.9541 65.1668 266.0346 145.8307 87.5825 264.1003;
	0.6928 1.4606 1.0239 2.9084 6.9058 116.4285 14.5536 17.1834 102.4756 58.2406 17.7793 105.4741;
	0.8987 0.7338 0.5349 0.6421 1.8401 36.0572 4.5072 6.2838 20.5448 24.1997 9.7162 43.8257;
	0.0 0.0 0.0 0.0 0.0 0.0 0.0 0.0 0.0 0.0 0.0 0.0;
	0.0 0.0 0.0 0.0 0.0 0.0 0.0 0.0 0.0 0.0 0.0 0.0;
	0.0 0.0 0.0 0.0 0.0 0.0 0.0 0.0 0.0 0.0 0.0 0.0;
	0.0 0.0 0.0 0.0 0.0 0.0 0.0 0.0 0.0 0.0 0.0 0.0;
	0.0 0.0 0.0 0.0 0.0 0.0 0.0 0.0 0.0 0.0 0.0 0.0;
	0.0 0.0 0.0 0.0 0.0 0.0 0.0 0.0 0.0 0.0 0.0 0.0;
	0.0 0.0 0.0 0.0 0.0 0.0 0.0 0.0 0.0 0.0 0.0 0.0;
];
