function loadprofile = ex_load_profilesh1
%EX_LOAD_PROFILE  Example load profile data file for stochastic unit commitment.
% 2022.03.12
% Andres F. Ramirez

%% define constants
[CT_LABEL, CT_PROB, CT_TABLE, CT_TBUS, CT_TGEN, CT_TBRCH, CT_TAREABUS, ...
    CT_TAREAGEN, CT_TAREABRCH, CT_ROW, CT_COL, CT_CHGTYPE, CT_REP, ...
    CT_REL, CT_ADD, CT_NEWVAL, CT_TLOAD, CT_TAREALOAD, CT_LOAD_ALL_PQ, ...
    CT_LOAD_FIX_PQ, CT_LOAD_DIS_PQ, CT_LOAD_ALL_P, CT_LOAD_FIX_P, ...
    CT_LOAD_DIS_P, CT_TGENCOST, CT_TAREAGENCOST, CT_MODCOST_F, ...
    CT_MODCOST_X] = idx_ct;

loadprofile = struct( ...
    'type', 'mpcData', ...
    'table', CT_TAREALOAD, ...
    'rows', [1:11], ...
    'col', CT_LOAD_ALL_P, ...
    'chgtype', 1, ...
    'values', [] );
loadprofile.values(:,1,:) = [
	1507.072 941.6079 1586.388 562.5686 879.4184 1168.6 893.8343 320.4479 584.7937 5012.3771 1862.2931;
	1471.1465 937.7284 1566.3 550.1335 848.5783 1163.7966 882.0616 297.4438 547.1482 4701.8765 1814.7636;
	1496.9951 953.9725 1587.909 561.8837 843.8466 1175.1907 891.7777 289.393 545.9069 4741.4066 1838.5013;
	1577.5316 1018.4593 1675.6467 579.5 873.7 1225.1 934.4095 303.3238 562.9758 4898.0372 1889.6601;
	1732.4051 1159.2042 1870.9501 598.161 986.2428 1382.161 1039.8348 331.8494 640.3 5353.9834 2117.7275;
	1873.3001 1245.4048 2007.7 599.2491 1054.9958 1491.1015 1134.3503 358.8356 714.0 5875.5576 2237.5835;
	1924.8571 1275.4112 2043.0 589.0651 1054.3317 1479.2 1166.7374 385.0745 748.8818 6323.9858 2317.9478;
	1922.5689 1266.1821 1988.5632 578.5047 1024.7734 1446.1979 1161.5542 391.4789 730.8546 6330.1548 2333.5579;
	1972.9546 1302.0732 2000.278 582.7 1024.7212 1457.2611 1206.2976 394.4371 746.4754 6643.7317 2372.2895;
	1928.6 1271.0 1971.3637 581.1275 1027.5759 1440.2469 1198.15 412.6636 770.0217 6742.6993 2369.116;
	1903.2472 1243.1161 1967.9576 569.7 1000.7476 1430.8388 1188.3783 390.7411 760.2489 6812.5565 2368.5121;
	1908.5664 1267.2196 1940.521 569.3716 989.6004 1363.5 1235.355 410.3477 781.522 6796.8915 2347.9246;
	1874.335 1264.2886 1949.0657 576.3 992.1114 1365.5252 1220.867 409.5903 784.1382 6622.1261 2409.9663;
	1882.8304 1245.7608 1899.6399 568.9 947.7292 1351.4 1258.462 396.5388 826.4767 6948.7159 2487.2608;
	1825.9057 1225.042 1924.5859 556.0 974.4441 1397.1706 1262.4735 388.5154 803.5128 6950.1416 2512.1581;
	1787.502 1216.2161 1881.2736 574.5 979.6921 1390.4316 1272.8382 349.3 781.4257 6754.9099 2450.1989;
	1805.3718 1228.0783 1888.2838 593.8 1051.7352 1441.6459 1300.6291 350.8465 796.3609 6730.0827 2563.1584;
	1820.8594 1225.3738 1962.0505 592.5 1074.4499 1505.346 1344.6036 368.8127 815.6332 6507.3916 2623.7723;
	1849.215 1234.476 1973.7654 598.3689 1102.6524 1494.0542 1326.2075 368.2039 803.8619 6411.6632 2615.765;
	1761.745 1131.2936 1834.7 586.7888 1034.9668 1396.6762 1241.9834 352.491 761.8489 6164.037 2514.4882;
	1707.9604 1051.863 1739.172 568.1923 978.048 1279.3431 1144.8813 325.2706 698.877 5846.6289 2248.4005;
	1608.9811 972.5246 1622.9 552.6378 902.7977 1168.7 1013.7326 271.4227 621.7509 5354.9649 2031.2162;
	1512.7391 920.8977 1578.064 539.9 855.8488 1164.1403 1031.3756 256.8259 610.9822 5149.8149 2005.4486;
	1453.4876 893.7 1553.1 544.7916 788.7243 1128.9 982.9833 252.4263 583.3734 5072.7548 2029.8448;
];
