function loadprofile = ex_load_profilesh1
%EX_LOAD_PROFILE  Example load profile data file for stochastic unit commitment.
% 2022.03.12
% Andres F. Ramirez

%% define constants
[CT_LABEL, CT_PROB, CT_TABLE, CT_TBUS, CT_TGEN, CT_TBRCH, CT_TAREABUS, ...
    CT_TAREAGEN, CT_TAREABRCH, CT_ROW, CT_COL, CT_CHGTYPE, CT_REP, ...
    CT_REL, CT_ADD, CT_NEWVAL, CT_TLOAD, CT_TAREALOAD, CT_LOAD_ALL_PQ, ...
    CT_LOAD_FIX_PQ, CT_LOAD_DIS_PQ, CT_LOAD_ALL_P, CT_LOAD_FIX_P, ...
    CT_LOAD_DIS_P, CT_TGENCOST, CT_TAREAGENCOST, CT_MODCOST_F, ...
    CT_MODCOST_X] = idx_ct;

loadprofile = struct( ...
    'type', 'mpcData', ...
    'table', CT_TAREALOAD, ...
    'rows', [1:11], ...
    'col', CT_LOAD_ALL_P, ...
    'chgtype', 1, ...
    'values', [] );
loadprofile.values(:,1,:) = [
	1477.7 899.924 1617.3145 560.9068 771.4533 1076.0757 847.7411 239.7052 506.638 4521.1225 1684.1;
	1480.512 894.7279 1616.4358 540.1813 752.7391 1063.5326 831.8385 243.8 503.0371 4453.2241 1673.3205;
	1500.7797 907.4463 1656.0234 537.0762 770.2549 1091.9324 837.9916 246.2705 509.3557 4451.8479 1697.718;
	1572.1209 963.7316 1716.5188 554.5 788.7588 1162.6776 892.8034 252.0753 530.8868 4695.1964 1800.1;
	1711.5814 1095.0367 1953.4261 571.8 931.3468 1346.975 997.6743 301.2741 611.7 5261.9073 2065.4069;
	1841.5012 1176.7127 2069.8491 599.4 990.8092 1435.7728 1052.6893 332.3677 670.5273 5773.2701 2204.9356;
	1858.4025 1130.4205 2040.612 598.3244 1029.3764 1417.9 1044.9619 342.957 703.7 6099.9372 2251.0136;
	1832.0548 1157.2007 2001.7144 603.3958 985.0366 1392.1 1049.1669 349.8121 714.5478 6284.7 2268.6963;
	1767.2527 1133.4314 1946.8 604.2091 980.6435 1362.8164 1037.2872 343.1043 717.5078 6289.5893 2244.6259;
	1758.6472 1139.856 1921.2633 605.6509 997.2032 1322.2 1002.434 339.9 733.3433 6427.6124 2302.0246;
	1740.3699 1110.2575 1883.4428 615.2802 1000.894 1298.37 966.896 340.1 701.6478 6349.3371 2127.5638;
	1716.7717 1106.5631 1903.4205 606.0887 968.9923 1312.1526 968.5066 344.8 688.1719 6357.7324 2114.1313;
	1674.6955 1102.2256 1902.413 601.9 971.0051 1339.3313 1004.3693 371.9374 700.4417 6519.0785 2174.911;
	1618.5103 1012.4776 1809.2913 591.7185 929.6985 1344.6262 994.0412 373.8665 695.3184 6660.7467 2218.0829;
	1580.7277 1039.1718 1874.2617 599.713 1000.2873 1344.7684 977.6499 368.8351 680.7345 6649.903 2304.3062;
	1682.3031 1067.3873 1909.5815 576.8829 1029.7814 1354.8594 973.2285 356.6 667.0119 6353.2947 2242.9733;
	1643.2058 1080.3432 1935.0879 572.7905 1004.5076 1372.0118 967.9442 366.0738 686.9924 6242.6988 2250.6191;
	1710.0683 1138.8267 2015.4528 587.5994 1045.7 1440.4263 1065.2 374.7363 724.9027 6252.6398 2379.0946;
	1710.5619 1145.596 2000.8268 592.1 1058.1351 1447.0155 1057.3626 375.0 705.923 6116.4881 2398.9818;
	1644.3943 1056.3466 1883.9637 583.3293 998.5336 1387.7812 1033.8203 362.1 673.1982 5994.2386 2269.9011;
	1578.2533 1000.1151 1766.7305 568.4199 937.4472 1252.8414 961.2758 324.4835 619.2399 5600.7385 2008.5362;
	1482.0 940.4774 1635.1462 565.9247 857.6276 1132.871 849.3279 289.9 572.9 5208.9173 1833.647;
	1406.6185 917.4228 1571.963 547.535 836.4011 1094.0869 791.1432 271.7502 540.7504 4814.1021 1763.9552;
	1396.4539 906.8868 1570.3942 518.872 821.0128 1104.3307 796.8603 287.2 526.6542 4709.9057 1695.4172;
];
