function windprofile = ex_wind_profilesh1
%EX_WIND_PROFILE_D  Example wind_load_nyiso profile data for deterministic unit commitment.
% 2022.03.12
% Andres F. Ramirez


%% define constants
[GEN_BUS, PG, QG, QMAX, QMIN, VG, MBASE, GEN_STATUS, PMAX, PMIN, ...
    MU_PMAX, MU_PMIN, MU_QMAX, MU_QMIN, PC1, PC2, QC1MIN, QC1MAX, ...
    QC2MIN, QC2MAX, RAMP_AGC, RAMP_10, RAMP_30, RAMP_Q, APF] = idx_gen;
[CT_LABEL, CT_PROB, CT_TABLE, CT_TBUS, CT_TGEN, CT_TBRCH, CT_TAREABUS, ...
    CT_TAREAGEN, CT_TAREABRCH, CT_ROW, CT_COL, CT_CHGTYPE, CT_REP, ...
    CT_REL, CT_ADD, CT_NEWVAL, CT_TLOAD, CT_TAREALOAD, CT_LOAD_ALL_PQ, ...
    CT_LOAD_FIX_PQ, CT_LOAD_DIS_PQ, CT_LOAD_ALL_P, CT_LOAD_FIX_P, ...
    CT_LOAD_DIS_P, CT_TGENCOST, CT_TAREAGENCOST, CT_MODCOST_F, ...
    CT_MODCOST_X] = idx_ct;

windprofile = struct( ...
    'type', 'mpcData', ...
    'table', CT_TGEN, ...
    'rows', [1:45], ...
    'col', PMAX, ...
    'chgtype', 1, ...
    'values', [] );
windprofile.values(:,1,:) = [
	3.504 47.3472 87.5607 115.1971 14.4841 13.1858 13.9496 16.9487 25.4202 17.6203 32.5709 48.5894 73.151 7.1754 17.2195 6.4873 8.0491 8.5297 13.5119 19.0831 4.6499 30.7669 54.6971 86.9826 99.0935 71.1712 7.7736 653.0649 400.5341 400.5341 218.9277 40.9482 45.0398 49.1199 22.4957 170.8945 505.4027 60.655 244.5941 265.4289 7.8948 146.2748 119.9435 217.2202 510.6673;
	3.4083 46.0533 87.8017 114.5839 14.2199 15.3232 12.9467 17.4079 25.645 19.4684 35.987 53.6855 80.8232 5.4361 8.612 3.2445 4.0256 4.2659 8.6541 7.2584 4.3156 35.7541 53.2146 88.5379 102.3603 74.7136 7.3395 678.2922 378.6963 378.6963 170.5224 34.1408 28.8468 18.6831 17.0429 161.5771 491.0246 55.2845 270.7662 274.1793 6.1906 169.9852 113.0183 215.0847 496.1394;
	3.1479 42.5356 90.9603 116.0108 14.5594 14.1996 11.6765 18.3813 25.7778 17.3027 31.9837 47.7134 71.8323 6.3902 13.191 4.9696 6.166 6.5341 20.9064 16.1361 3.8922 33.1325 49.7669 88.2441 101.1969 75.4986 8.7236 641.9604 346.1572 346.1572 152.6443 33.8735 69.6879 41.5345 20.034 147.6938 414.157 45.0746 219.6174 271.0632 20.4525 157.5213 89.1856 212.2651 418.4711;
	2.9745 40.1914 92.0043 117.6134 14.8284 13.9021 11.2542 18.3964 25.8337 19.3481 35.7647 53.3539 80.3241 9.0756 8.2545 3.1098 3.8585 4.0889 12.1779 15.9801 3.7514 32.4383 56.9763 87.5471 103.4905 75.6127 10.1263 517.5877 287.138 287.138 167.2655 29.062 40.5931 41.1328 28.4533 122.5122 322.0511 40.2095 167.0408 277.2067 4.1125 154.2209 79.3817 225.591 325.4058;
	2.4693 33.365 93.3808 117.0732 14.7762 15.1396 10.3429 18.6801 16.5385 17.4595 32.2737 48.146 72.4836 13.8268 18.5099 6.9735 8.6523 9.1688 20.4753 24.6579 3.4476 35.3257 49.2328 87.7939 103.349 75.5544 10.3419 361.0488 222.2005 222.2005 152.9407 25.908 68.251 63.4694 43.349 94.8056 190.6963 37.7048 163.0059 276.8276 11.3847 167.9486 83.7399 236.4206 192.6827;
	3.2234 43.5557 92.896 119.5632 14.8691 24.3908 11.9191 18.48 10.9389 19.3285 35.7285 53.2998 80.2426 29.7523 22.9306 8.639 10.7187 11.3586 37.1195 28.0355 3.973 56.9119 59.61 87.4361 101.1138 73.5222 8.3561 316.19 209.5399 209.5399 148.6752 26.5946 123.7317 72.1634 93.2775 89.4037 179.8154 36.8561 187.3512 270.8406 12.1667 270.5755 96.7468 233.4468 181.6885;
	2.8732 38.8236 92.9588 119.4279 14.5144 26.0339 11.7662 18.0222 13.0695 26.7247 49.4002 73.6953 110.9479 41.6725 26.3109 9.9125 12.2988 13.0331 39.6867 40.4106 3.9221 60.7459 69.8891 87.9274 101.3289 75.0578 11.071 256.364 223.2174 223.2174 117.8801 18.2611 132.2891 104.017 130.649 95.2394 178.0705 23.8771 148.3967 271.4167 9.6032 288.8032 100.1946 245.8345 179.9254;
	1.9594 26.4753 71.6075 116.1716 15.1015 21.9568 12.1201 18.151 18.7925 27.8222 51.4289 76.7218 115.5042 39.6412 29.7804 11.2196 13.9206 14.7517 58.4138 56.3977 4.04 51.2325 71.7242 87.4011 100.7214 74.4053 12.805 136.6818 173.5511 173.5511 104.2543 11.9055 194.7127 145.1679 124.2804 74.0485 115.8346 24.499 167.3784 269.7894 8.8813 243.574 100.5521 221.855 117.0412;
	2.7771 37.5246 80.5252 98.1334 14.3106 25.5127 9.4665 17.5703 19.1487 28.0028 51.7627 77.2198 116.2539 39.5181 16.4184 6.1856 7.6747 8.1329 67.7853 50.6648 3.1555 59.5297 69.5086 83.1033 96.2569 70.9725 11.7499 123.4805 139.8567 139.8567 85.4051 8.5635 225.951 130.4113 123.8947 59.6722 108.9599 18.6796 117.7493 257.8311 19.3058 283.0211 85.0192 233.9845 110.0949;
	1.936 26.1597 77.3986 95.6775 12.0264 13.8781 8.7214 16.5985 23.7516 29.3937 54.3338 81.0554 122.0284 40.0778 12.6781 4.7764 5.9263 6.2801 70.8638 43.1757 2.9071 32.3822 73.1427 73.5312 91.0585 68.9784 11.1839 247.9335 220.3996 220.3996 93.1287 8.5382 236.2128 111.1344 125.6494 94.0372 210.7002 19.1056 0.0 243.9066 0.2668 153.9543 76.3276 200.8142 212.895;
	1.6655 22.5048 76.6283 101.0045 11.8013 26.073 13.2323 16.5847 25.9504 29.7609 55.0126 82.068 123.553 48.4981 11.4544 4.3154 5.3543 5.6739 71.4226 35.3031 4.4108 60.8369 72.0838 80.8721 91.9559 69.6609 11.2805 376.1026 295.6458 295.6458 157.3747 14.1186 238.0754 90.8704 152.0482 126.1422 327.9232 24.9008 161.7143 246.3105 0.0101 289.2362 91.668 177.0062 331.339;
	1.8167 24.5478 85.9678 95.164 12.106 32.1948 18.9518 17.653 26.7499 30.1315 55.6977 83.09 125.0915 53.3761 17.0638 6.4287 7.9764 8.4526 80.6036 51.0533 6.3173 75.1211 74.8157 78.1966 91.5438 70.6059 11.8048 495.1359 375.4578 375.4578 276.0764 18.4584 268.6785 131.4113 167.3412 160.1953 468.2082 44.8076 189.3126 245.2067 1.5438 357.1474 109.6028 174.333 473.0853;
	3.0105 40.678 86.5766 84.9399 13.5168 32.3394 20.352 16.2492 26.3973 28.8428 53.3155 79.5362 119.7413 54.9338 43.1274 16.248 20.1596 21.3631 81.4803 65.5051 6.784 75.4586 73.8848 74.7102 92.5409 69.7967 10.3692 647.9392 456.4054 456.4054 313.7659 26.313 271.6012 168.6103 172.2248 194.733 610.2278 55.9392 207.2237 247.8773 0.03 358.7517 140.4546 199.7974 616.5844;
	3.6703 49.5932 88.9913 108.8899 14.908 34.1493 20.7778 17.5503 25.678 29.6642 54.8339 81.8014 123.1516 55.3833 71.686 27.0073 33.509 35.5096 87.5685 63.4582 6.9259 79.6818 72.7431 82.9236 96.9687 72.8166 11.4035 840.1898 615.8874 615.8874 405.0954 32.1549 291.8952 163.3416 173.6341 262.7786 770.179 82.5874 249.9227 259.7375 0.0055 378.8298 144.769 242.2248 778.2017;
	3.8412 51.9025 89.6019 110.1724 14.8225 35.09 23.9381 17.4375 25.8823 26.428 48.8518 72.8773 109.7163 57.2039 105.3809 39.7016 49.2595 52.2003 87.2296 62.5689 7.9794 81.8766 53.616 81.8246 93.8247 71.0001 11.96 960.7861 672.9664 672.9664 501.7604 37.6278 290.7655 161.0526 179.3419 287.1323 945.4013 112.4311 404.7419 251.3161 0.4776 389.2648 162.7041 237.8048 955.2492;
	3.7802 51.0789 92.9109 112.2975 15.1399 34.9458 26.515 17.5467 26.0104 22.3955 41.3977 61.7572 92.9751 57.9478 139.3625 52.504 65.1439 69.0331 89.1837 68.3266 8.8383 81.5401 47.7998 83.6987 97.7223 71.2784 11.961 1023.9073 707.7794 707.7794 670.2958 47.3749 297.279 175.8728 181.6742 301.9859 977.6161 159.9885 382.2046 261.7561 0.7421 387.6649 177.8886 261.3181 987.7996;
	3.7853 51.1478 93.4542 115.7629 15.3227 34.7388 29.7354 18.4365 27.194 21.2152 39.2159 58.5024 88.075 62.9603 169.9068 64.0114 79.4216 84.1632 91.8864 71.3626 9.9118 81.0573 31.2158 84.2014 99.4541 72.4432 12.8235 982.8566 733.0663 733.0663 711.0774 76.2531 306.288 183.6876 197.389 312.775 980.3301 206.5966 422.6301 266.3948 3.6693 385.3695 214.2375 275.7799 990.5419;
	3.7716 50.9631 95.1332 118.3269 15.0761 34.2813 28.6813 18.9609 27.144 19.2082 35.506 52.9679 79.7429 63.1277 181.6236 68.4256 84.8985 89.967 89.8937 71.5775 9.5604 79.9896 37.9068 88.313 105.8737 72.318 13.6529 1090.1043 743.08 743.08 717.0669 97.0731 299.6455 184.2408 197.914 317.0475 1050.095 246.1571 438.7496 283.5903 113.1205 380.2933 199.9135 271.8353 1061.0334;
	3.6135 48.8257 93.9239 119.4769 15.0579 33.241 29.3998 14.214 26.1511 21.7963 40.29 60.1048 90.4875 61.9825 184.0299 69.3322 86.0233 91.159 88.3808 68.3339 9.7999 77.5624 53.4579 88.3316 105.4829 65.9067 13.6942 1199.1126 759.3394 759.3394 680.5517 109.0585 294.6025 175.8917 194.3236 323.9848 1128.2315 256.3212 442.9398 282.5434 118.6075 368.7537 202.3068 274.2914 1139.9839;
