function solarprofile = ex_solar_profilesh1
%EX_WIND_PROFILE_D  Example wind_load_nyiso profile data for deterministic unit commitment.
% 2022.03.12
% Andres F. Ramirez


%% define constants
[GEN_BUS, PG, QG, QMAX, QMIN, VG, MBASE, GEN_STATUS, PMAX, PMIN, ...
    MU_PMAX, MU_PMIN, MU_QMAX, MU_QMIN, PC1, PC2, QC1MIN, QC1MAX, ...
    QC2MIN, QC2MAX, RAMP_AGC, RAMP_10, RAMP_30, RAMP_Q, APF] = idx_gen;
[CT_LABEL, CT_PROB, CT_TABLE, CT_TBUS, CT_TGEN, CT_TBRCH, CT_TAREABUS, ...
    CT_TAREAGEN, CT_TAREABRCH, CT_ROW, CT_COL, CT_CHGTYPE, CT_REP, ...
    CT_REL, CT_ADD, CT_NEWVAL, CT_TLOAD, CT_TAREALOAD, CT_LOAD_ALL_PQ, ...
    CT_LOAD_FIX_PQ, CT_LOAD_DIS_PQ, CT_LOAD_ALL_P, CT_LOAD_FIX_P, ...
    CT_LOAD_DIS_P, CT_TGENCOST, CT_TAREAGENCOST, CT_MODCOST_F, ...
    CT_MODCOST_X] = idx_ct;

solarprofile = struct( ...
    'type', 'mpcData', ...
    'table', CT_TGEN, ...
    'rows', [1:12], ...
    'col', PMAX, ...
    'chgtype', 1, ...
    'values', [] );
solarprofile.values(:,1,:) = [
	0.0 0.0 0.0 0.0 0.0 0.0 0.0 0.0 0.0 0.0 0.0 0.0;
	0.0 0.0 0.0 0.0 0.0 0.0 0.0 0.0 0.0 0.0 0.0 0.0;
	0.0 0.0 0.0 0.0 0.0 0.0 0.0 0.0 0.0 0.0 0.0 0.0;
	0.0 0.0 0.0 0.0 0.0 0.0 0.0 0.0 0.0 0.0 0.0 0.0;
	0.0 0.0 0.0 0.0 0.0 0.0 0.0 0.0 0.0 0.0 0.0 0.0;
	0.0951 0.1241 0.1211 0.0 0.0 0.1251 0.0156 0.1784 0.0 0.0 0.0 0.0;
	3.7698 12.2285 6.5432 9.7797 8.3554 35.289 4.4111 3.2705 44.8903 49.9387 21.6361 90.4392;
	7.6976 8.9121 7.5701 8.0183 10.189 97.3192 12.1649 14.7252 97.224 108.9009 26.0191 197.2201;
	9.7189 10.3046 8.7291 8.575 10.4324 148.3378 18.5422 31.4239 112.2046 175.9011 30.2493 318.558;
	14.4286 15.7336 12.1977 7.3683 9.6877 394.9866 49.3733 68.2345 243.4151 250.5491 45.6354 453.746;
	19.5279 16.0537 13.2545 9.3584 10.0174 383.5744 47.9468 62.7606 238.0534 286.555 124.4204 518.9528;
	21.897 16.0751 13.2624 8.8847 10.504 376.8881 47.111 61.0057 238.3361 297.817 169.1913 539.3484;
	20.5514 16.4784 13.7003 2.7487 7.1955 367.4294 45.9287 66.6389 227.4816 263.9103 161.9207 477.9431;
	12.2271 10.3056 8.4938 2.6715 6.133 373.182 46.6478 69.7853 229.4194 232.5409 133.2004 421.1329;
	4.3607 4.2763 3.0203 2.7063 5.0191 351.5012 43.9376 68.3729 217.5664 174.3026 89.7044 315.6631;
	1.972 2.0302 1.1123 3.0076 3.5572 131.5268 16.4409 22.1467 78.5187 27.2888 7.4135 49.4202;
	0.9741 0.7421 0.5865 0.9492 1.5618 47.1609 5.8951 6.3963 30.8749 11.327 7.5825 20.5133;
	0.0 0.0 0.0 0.0 0.0 0.0 0.0 0.0 0.0 0.0 0.0 0.0;
	0.0 0.0 0.0 0.0 0.0 0.0 0.0 0.0 0.0 0.0 0.0 0.0;
	0.0 0.0 0.0 0.0 0.0 0.0 0.0 0.0 0.0 0.0 0.0 0.0;
	0.0 0.0 0.0 0.0 0.0 0.0 0.0 0.0 0.0 0.0 0.0 0.0;
	0.0 0.0 0.0 0.0 0.0 0.0 0.0 0.0 0.0 0.0 0.0 0.0;
	0.0 0.0 0.0 0.0 0.0 0.0 0.0 0.0 0.0 0.0 0.0 0.0;
	0.0 0.0 0.0 0.0 0.0 0.0 0.0 0.0 0.0 0.0 0.0 0.0;
];
