function windprofile = ex_wind_profilesh1
%EX_WIND_PROFILE_D  Example wind_load_nyiso profile data for deterministic unit commitment.
% 2022.03.12
% Andres F. Ramirez


%% define constants
[GEN_BUS, PG, QG, QMAX, QMIN, VG, MBASE, GEN_STATUS, PMAX, PMIN, ...
    MU_PMAX, MU_PMIN, MU_QMAX, MU_QMIN, PC1, PC2, QC1MIN, QC1MAX, ...
    QC2MIN, QC2MAX, RAMP_AGC, RAMP_10, RAMP_30, RAMP_Q, APF] = idx_gen;
[CT_LABEL, CT_PROB, CT_TABLE, CT_TBUS, CT_TGEN, CT_TBRCH, CT_TAREABUS, ...
    CT_TAREAGEN, CT_TAREABRCH, CT_ROW, CT_COL, CT_CHGTYPE, CT_REP, ...
    CT_REL, CT_ADD, CT_NEWVAL, CT_TLOAD, CT_TAREALOAD, CT_LOAD_ALL_PQ, ...
    CT_LOAD_FIX_PQ, CT_LOAD_DIS_PQ, CT_LOAD_ALL_P, CT_LOAD_FIX_P, ...
    CT_LOAD_DIS_P, CT_TGENCOST, CT_TAREAGENCOST, CT_MODCOST_F, ...
    CT_MODCOST_X] = idx_ct;

windprofile = struct( ...
    'type', 'mpcData', ...
    'table', CT_TGEN, ...
    'rows', [1:45], ...
    'col', PMAX, ...
    'chgtype', 1, ...
    'values', [] );
windprofile.values(:,1,:) = [
	3.7199 50.2645 92.2847 113.4066 14.1148 14.6768 14.8785 17.9675 26.6618 25.1081 46.4119 69.2374 104.2365 3.7492 20.0629 7.5586 9.3783 9.9382 9.4063 28.9192 4.9595 34.2458 60.3546 88.0212 98.7793 73.3482 8.4417 723.105 398.2187 398.2187 214.9694 36.6843 31.3545 74.438 11.7542 169.9066 545.3851 55.2924 316.3564 264.5874 17.2218 162.8141 129.6448 243.7646 551.0662;
	3.5101 47.4289 88.5999 110.7493 13.5932 15.5735 14.0464 17.4982 26.8113 25.9684 48.0021 71.6097 107.8081 4.5302 13.7309 5.173 6.4184 6.8016 8.7057 17.2414 4.6821 36.3381 67.1236 87.6381 96.7332 72.6962 7.5015 680.7544 382.9209 382.9209 178.352 32.2032 29.0189 44.3793 14.2027 163.3796 524.8581 53.4106 327.6132 259.1067 13.1777 172.7619 120.198 227.5317 530.3253;
	3.3364 45.0815 93.486 115.7915 15.0685 14.3911 11.883 18.5026 27.6073 25.8989 47.8736 71.418 107.5195 6.0024 17.3213 6.5257 8.0967 8.5801 18.3184 26.3046 3.961 33.5793 69.74 89.4256 99.7369 74.7753 8.8969 646.0792 358.3791 358.3791 160.9101 33.1912 61.0614 67.7081 18.8184 152.9084 445.9615 44.4434 256.7315 267.1524 8.6326 159.6455 102.7256 215.7101 450.6069;
	3.0489 41.1976 89.9158 110.7287 14.9132 13.5343 11.5644 17.9486 27.3992 25.7513 47.6008 71.011 106.9067 10.2698 16.2173 6.1098 7.5807 8.0332 10.596 28.964 3.8548 31.5801 72.2429 86.199 97.4836 73.994 9.6602 532.1841 279.5153 279.5153 166.6169 30.8248 35.32 74.5534 32.1971 119.2599 335.2363 35.7366 188.876 261.1168 1.8035 150.141 93.5353 215.1701 338.7284;
	2.4161 32.6468 88.6222 111.9699 14.3982 14.5123 10.5453 18.4211 18.7637 23.7336 43.8711 65.4471 98.5303 14.8206 18.9813 7.1511 8.8727 9.4024 20.3907 34.3936 3.5151 33.862 63.5603 86.0677 98.6133 74.1059 9.9269 410.7594 237.7016 237.7016 151.8313 31.3477 67.969 88.5292 46.4647 101.4194 213.0967 41.1882 183.072 264.1427 9.6296 160.9897 97.358 224.2648 215.3164;
	2.9124 39.353 88.2552 112.481 14.1288 19.6372 11.4061 18.1079 10.5919 19.1611 35.419 52.8381 79.5475 25.1753 13.8366 5.2128 6.4678 6.8539 30.8331 32.6451 3.802 45.8201 59.9698 86.0429 97.9107 72.2954 8.4448 320.2158 207.6001 207.6001 137.6019 26.4875 102.7771 84.0284 78.928 88.576 159.2404 34.0054 194.6258 262.2607 11.4094 217.8416 93.6787 214.517 160.8991;
	2.2512 30.4188 88.0416 107.6129 12.971 15.6267 10.9821 16.6735 11.8512 24.5286 45.3407 67.6394 101.8307 32.5209 22.5103 8.4806 10.5223 11.1505 40.7085 39.8711 3.6607 36.4623 68.1586 83.645 96.4781 70.3082 11.2362 257.3804 216.5418 216.5418 100.4447 17.0345 135.6949 102.6284 101.9574 92.3912 163.653 25.8364 154.0152 258.4234 4.9205 173.3523 89.9557 224.5141 165.3577;
	1.4802 20.0011 67.8946 110.1283 12.7094 13.9227 11.9786 17.6724 17.107 21.5955 39.9189 59.5511 89.6539 37.2368 27.3702 10.3116 12.794 13.5578 53.7541 61.0642 3.9929 32.4864 71.0642 83.2722 96.5807 70.9137 12.9849 156.0699 175.8446 175.8446 92.4187 11.7537 179.1804 157.1795 116.7425 75.027 114.5367 34.4413 167.6043 258.6984 3.4831 154.4497 86.1847 197.3503 115.7298;
	2.6173 35.3657 85.1343 108.7661 13.8284 22.9402 10.5712 18.0306 19.4848 26.7363 49.4217 73.7274 110.9962 42.1343 19.5628 7.3702 9.1445 9.6904 65.0069 59.5257 3.5237 53.5272 72.324 88.2528 101.1801 70.6082 12.8761 148.3342 164.8664 164.8664 91.9877 10.1992 216.6895 153.2194 132.0968 70.343 125.5774 35.5631 128.3177 271.018 18.2813 254.4835 80.8919 229.8035 126.8854;
	1.7468 23.6033 84.5218 109.853 11.1364 12.333 9.5498 17.7545 24.4598 28.6306 52.9232 78.951 118.8604 40.4172 20.4208 7.6934 9.5455 10.1154 73.7141 51.3651 3.1833 28.7771 73.1527 85.3708 98.3892 70.4352 12.9069 254.0857 249.3664 249.3664 104.5046 11.9767 245.7137 132.214 126.7135 106.3964 225.7803 28.8405 0.1984 263.5425 4.8458 136.8146 73.0761 204.7484 228.1322;
	1.6332 22.0687 77.7339 100.9982 11.2957 21.6009 12.7276 17.2793 25.643 28.2624 52.2426 77.9357 117.3318 42.7296 26.1579 9.8549 12.2273 12.9573 63.8664 42.2433 4.2425 50.402 69.8376 85.4341 93.2789 70.5784 11.6642 378.0551 319.8379 319.8379 155.9192 13.9442 212.8878 108.7343 133.963 136.4642 332.4171 31.421 130.7187 249.8541 2.741 239.6256 81.1252 174.1185 335.8797;
	1.7281 23.35 81.0205 90.9664 11.7013 27.6324 18.7086 17.4863 26.1124 28.5601 52.7928 78.7565 118.5675 47.0685 25.7671 9.7076 12.0446 12.7637 79.4284 56.3523 6.2362 64.4755 72.6815 82.9346 92.8668 70.7895 12.0264 466.4723 366.0321 366.0321 249.275 18.0591 264.7614 145.0508 147.566 156.1737 427.3507 40.7241 169.5909 248.7504 0.6277 306.5351 107.5643 168.4824 431.8023;
	2.8704 38.7852 88.2086 92.7392 13.7545 30.9023 20.082 17.5713 26.3379 28.181 52.0921 77.7112 116.9938 54.5866 42.2084 15.9018 19.73 20.9079 80.9402 62.8897 6.694 72.1053 71.3872 85.4469 101.698 73.4633 11.667 579.8929 444.4664 444.4664 296.5461 24.3702 269.8006 161.8781 171.1364 189.639 573.692 59.1768 186.5168 272.4052 4.6653 342.8091 140.685 209.4557 579.668;
	3.5474 47.9333 89.9447 114.2973 14.7004 30.8697 21.3136 17.8625 26.3047 29.8703 55.2147 82.3695 124.0069 57.4282 59.8195 22.5367 27.9621 29.6315 85.0064 60.6374 7.1045 72.0294 70.7938 87.9276 102.8978 73.7908 11.6893 727.8501 576.9596 576.9596 365.4584 29.2126 283.3546 156.0808 180.0453 246.1694 689.6028 78.8188 245.3291 275.619 0.2451 342.4482 140.9118 248.7005 696.7861;
	3.6661 49.5364 91.0736 114.716 14.9688 33.1258 25.8924 18.9147 27.2997 28.1919 52.1124 77.7414 117.0392 66.3262 100.9388 38.0281 47.183 49.9999 85.603 61.8543 8.6308 77.2936 53.6383 88.6787 103.7149 73.1123 14.1115 896.8748 642.0777 642.0777 464.2864 35.7492 285.3433 159.2132 207.9416 273.9532 871.067 109.2709 396.6104 277.8076 4.8403 367.4758 154.0116 259.2666 880.1406;
	3.6811 49.74 94.8287 117.4692 15.3265 33.4824 26.4892 18.9766 27.6649 23.1015 42.7028 63.7041 95.9062 64.9703 139.2981 52.4797 65.1137 69.0011 89.7641 70.015 8.8297 78.1256 50.6923 88.4654 105.0363 74.5634 13.9449 952.938 700.0368 700.0368 588.603 42.0637 299.2137 180.2189 203.6907 298.6824 887.2057 143.4998 342.6556 281.3473 3.5939 371.4314 173.2621 270.6646 896.4474;
	3.5772 48.3358 90.5127 116.4682 14.9913 32.5553 27.8652 18.3453 27.4875 22.0953 40.8427 60.9293 91.7288 63.372 170.3876 64.1926 79.6463 84.4013 89.8573 73.4619 9.2884 75.9623 34.9807 85.6896 102.5342 71.8615 13.4146 935.1558 736.4874 736.4874 652.2956 79.0147 299.5245 189.091 198.6797 314.2346 871.9968 193.1917 351.6221 274.645 0.0587 361.1466 201.6339 274.8123 881.0801;
	3.5811 48.3879 90.3058 114.4765 14.4694 32.3938 26.9517 18.2148 26.5956 19.2181 35.5243 52.9953 79.7842 61.6678 177.5106 66.8761 82.9759 87.9297 86.4037 72.7415 8.9839 75.5855 33.6416 82.7925 101.0643 71.9758 13.4668 1040.2732 772.6483 772.6483 692.9862 90.9616 288.0123 187.2368 193.337 329.6633 992.432 228.2751 417.6874 270.708 104.6046 359.3553 191.6795 263.6336 1002.7699;
	3.809 51.4685 91.1523 118.3248 15.1873 34.4926 30.3963 13.6747 27.2383 20.403 37.7146 56.2628 84.7034 64.6995 188.6176 71.0606 88.1678 93.4315 85.9371 72.6811 10.1321 80.4827 46.0821 82.0696 102.1022 62.0607 12.946 1167.9518 814.1349 814.1349 681.6063 104.503 286.4569 187.0813 202.8417 347.3642 1120.5836 238.1371 441.4461 273.4882 116.3379 382.6379 206.9713 271.1779 1132.2563;
