function solarprofile = ex_solar_profilesh1
%EX_WIND_PROFILE_D  Example wind_load_nyiso profile data for deterministic unit commitment.
% 2022.03.12
% Andres F. Ramirez


%% define constants
[GEN_BUS, PG, QG, QMAX, QMIN, VG, MBASE, GEN_STATUS, PMAX, PMIN, ...
    MU_PMAX, MU_PMIN, MU_QMAX, MU_QMIN, PC1, PC2, QC1MIN, QC1MAX, ...
    QC2MIN, QC2MAX, RAMP_AGC, RAMP_10, RAMP_30, RAMP_Q, APF] = idx_gen;
[CT_LABEL, CT_PROB, CT_TABLE, CT_TBUS, CT_TGEN, CT_TBRCH, CT_TAREABUS, ...
    CT_TAREAGEN, CT_TAREABRCH, CT_ROW, CT_COL, CT_CHGTYPE, CT_REP, ...
    CT_REL, CT_ADD, CT_NEWVAL, CT_TLOAD, CT_TAREALOAD, CT_LOAD_ALL_PQ, ...
    CT_LOAD_FIX_PQ, CT_LOAD_DIS_PQ, CT_LOAD_ALL_P, CT_LOAD_FIX_P, ...
    CT_LOAD_DIS_P, CT_TGENCOST, CT_TAREAGENCOST, CT_MODCOST_F, ...
    CT_MODCOST_X] = idx_ct;

solarprofile = struct( ...
    'type', 'mpcData', ...
    'table', CT_TGEN, ...
    'rows', [1:12], ...
    'col', PMAX, ...
    'chgtype', 1, ...
    'values', [] );
solarprofile.values(:,1,:) = [
	0.0 0.0 0.0 0.0 0.0 0.0 0.0 0.0 0.0 0.0 0.0 0.0;
	0.0 0.0 0.0 0.0 0.0 0.0 0.0 0.0 0.0 0.0 0.0 0.0;
	0.0 0.0 0.0 0.0 0.0 0.0 0.0 0.0 0.0 0.0 0.0 0.0;
	0.0 0.0 0.0 0.0 0.0 0.0 0.0 0.0 0.0 0.0 0.0 0.0;
	0.0 0.0 0.0 0.0 0.0 0.0 0.0 0.0 0.0 0.0 0.0 0.0;
	0.1309 0.1864 0.1916 0.0 0.0 0.1251 0.0156 0.6284 0.0 0.0 0.0 0.0;
	4.1155 3.4514 2.5556 4.5412 7.1127 74.6056 9.3257 13.9594 48.3477 25.3255 19.7562 45.8647;
	8.9068 6.105 5.0913 6.4173 10.8924 137.253 17.1566 22.9421 84.0114 46.1366 69.3949 83.5537;
	14.0346 8.6369 6.6844 8.723 11.76 167.6953 20.9619 28.3246 97.1354 81.8574 118.8028 148.2443;
	22.012 15.6522 13.0422 10.5398 10.1526 386.2648 48.2831 63.3723 233.8972 110.4695 125.2494 200.0609;
	23.9616 16.0546 13.2545 10.9012 8.9199 389.3193 48.6649 64.8436 233.5322 110.8059 145.8708 200.6701;
	24.2962 16.1762 13.2624 10.8604 7.6203 404.0625 50.5078 69.6611 247.2793 110.3392 155.4576 199.825;
	24.7851 16.5824 13.7384 6.7364 3.4421 410.841 51.3551 73.8473 250.2649 166.7571 158.4855 301.9981;
	20.7221 14.7768 11.9882 6.924 4.1861 402.5045 50.3131 72.0611 243.2097 202.2091 150.0551 366.2019;
	13.3725 6.1428 6.4132 5.099 4.5271 364.203 45.5254 65.9695 220.0129 174.4691 150.5662 315.9645;
	4.3336 2.1718 2.2587 2.5973 3.5305 101.6586 12.7073 18.2471 62.0099 56.9747 39.1884 103.1816;
	1.0254 0.8168 0.6003 0.6507 1.3658 53.8955 6.7369 9.5865 34.7484 15.3856 10.0132 27.8633;
	0.0 0.0 0.0 0.0 0.0 0.0 0.0 0.0 0.0 0.0 0.0 0.0;
	0.0 0.0 0.0 0.0 0.0 0.0 0.0 0.0 0.0 0.0 0.0 0.0;
	0.0 0.0 0.0 0.0 0.0 0.0 0.0 0.0 0.0 0.0 0.0 0.0;
	0.0 0.0 0.0 0.0 0.0 0.0 0.0 0.0 0.0 0.0 0.0 0.0;
	0.0 0.0 0.0 0.0 0.0 0.0 0.0 0.0 0.0 0.0 0.0 0.0;
	0.0 0.0 0.0 0.0 0.0 0.0 0.0 0.0 0.0 0.0 0.0 0.0;
	0.0 0.0 0.0 0.0 0.0 0.0 0.0 0.0 0.0 0.0 0.0 0.0;
];
