function solarprofile = ex_solar_profilesh1
%EX_WIND_PROFILE_D  Example wind_load_nyiso profile data for deterministic unit commitment.
% 2022.03.12
% Andres F. Ramirez


%% define constants
[GEN_BUS, PG, QG, QMAX, QMIN, VG, MBASE, GEN_STATUS, PMAX, PMIN, ...
    MU_PMAX, MU_PMIN, MU_QMAX, MU_QMIN, PC1, PC2, QC1MIN, QC1MAX, ...
    QC2MIN, QC2MAX, RAMP_AGC, RAMP_10, RAMP_30, RAMP_Q, APF] = idx_gen;
[CT_LABEL, CT_PROB, CT_TABLE, CT_TBUS, CT_TGEN, CT_TBRCH, CT_TAREABUS, ...
    CT_TAREAGEN, CT_TAREABRCH, CT_ROW, CT_COL, CT_CHGTYPE, CT_REP, ...
    CT_REL, CT_ADD, CT_NEWVAL, CT_TLOAD, CT_TAREALOAD, CT_LOAD_ALL_PQ, ...
    CT_LOAD_FIX_PQ, CT_LOAD_DIS_PQ, CT_LOAD_ALL_P, CT_LOAD_FIX_P, ...
    CT_LOAD_DIS_P, CT_TGENCOST, CT_TAREAGENCOST, CT_MODCOST_F, ...
    CT_MODCOST_X] = idx_ct;

solarprofile = struct( ...
    'type', 'mpcData', ...
    'table', CT_TGEN, ...
    'rows', [1:12], ...
    'col', PMAX, ...
    'chgtype', 1, ...
    'values', [] );
solarprofile.values(:,1,:) = [
	0.0 0.0 0.0 0.0 0.0 0.0 0.0 0.0 0.0 0.0 0.0 0.0;
	0.0 0.0 0.0 0.0 0.0 0.0 0.0 0.0 0.0 0.0 0.0 0.0;
	0.0 0.0 0.0 0.0 0.0 0.0 0.0 0.0 0.0 0.0 0.0 0.0;
	0.0 0.0 0.0 0.0 0.0 0.0 0.0 0.0 0.0 0.0 0.0 0.0;
	0.0 0.0 0.0 0.0 0.0 0.0 0.0 0.0 0.0 0.0 0.0 0.0;
	0.0951 0.0972 0.1051 0.0 0.0 0.6172 0.0772 0.1784 1.04 0.0 0.0 0.0;
	2.7343 2.0231 2.0767 6.4619 5.2926 77.8496 9.7312 36.0649 22.7498 70.2878 24.1916 127.2916;
	6.9284 6.7304 4.4767 8.2657 12.149 126.7464 15.8433 40.1269 56.219 242.549 92.4906 439.2577;
	10.8904 12.2203 6.1143 9.5714 13.1158 156.0643 19.508 39.2397 85.652 287.6598 140.5058 520.9537;
	19.5139 16.2612 12.8114 10.6958 13.2089 384.1531 48.0191 65.1228 217.708 235.766 98.2569 426.9737;
	18.0903 16.0537 13.0178 11.0055 12.9823 371.4501 46.4313 61.4191 199.7413 281.9292 162.1992 510.5755;
	14.3428 16.0062 11.8463 11.0161 13.0574 373.6234 46.7029 60.2488 215.5682 300.2032 182.3523 543.6698;
	13.4148 16.5197 11.2876 6.9518 9.7764 376.1066 47.0133 63.4351 250.1866 250.7994 173.4466 454.1992;
	11.582 15.6038 9.8172 7.3413 9.1967 367.9803 45.9975 65.2206 256.0111 212.6139 138.0531 385.0451;
	8.5052 11.5326 7.9324 5.6057 7.1124 297.6795 37.2099 63.5016 238.0586 155.5896 91.3305 281.7738;
	5.0691 6.0722 5.1087 2.7022 3.6457 22.1509 2.7689 22.7494 68.2772 40.0128 7.8775 72.4634;
	0.9672 0.8246 0.6226 0.6926 1.5807 33.5117 4.189 6.6492 34.5141 23.1755 9.5672 41.971;
	0.0 0.0 0.0 0.0 0.0 0.0 0.0 0.0 0.0 0.0 0.0 0.0;
	0.0 0.0 0.0 0.0 0.0 0.0 0.0 0.0 0.0 0.0 0.0 0.0;
	0.0 0.0 0.0 0.0 0.0 0.0 0.0 0.0 0.0 0.0 0.0 0.0;
	0.0 0.0 0.0 0.0 0.0 0.0 0.0 0.0 0.0 0.0 0.0 0.0;
	0.0 0.0 0.0 0.0 0.0 0.0 0.0 0.0 0.0 0.0 0.0 0.0;
	0.0 0.0 0.0 0.0 0.0 0.0 0.0 0.0 0.0 0.0 0.0 0.0;
	0.0 0.0 0.0 0.0 0.0 0.0 0.0 0.0 0.0 0.0 0.0 0.0;
];
