function windprofile = ex_wind_profilesh1
%EX_WIND_PROFILE_D  Example wind_load_nyiso profile data for deterministic unit commitment.
% 2022.03.12
% Andres F. Ramirez


%% define constants
[GEN_BUS, PG, QG, QMAX, QMIN, VG, MBASE, GEN_STATUS, PMAX, PMIN, ...
    MU_PMAX, MU_PMIN, MU_QMAX, MU_QMIN, PC1, PC2, QC1MIN, QC1MAX, ...
    QC2MIN, QC2MAX, RAMP_AGC, RAMP_10, RAMP_30, RAMP_Q, APF] = idx_gen;
[CT_LABEL, CT_PROB, CT_TABLE, CT_TBUS, CT_TGEN, CT_TBRCH, CT_TAREABUS, ...
    CT_TAREAGEN, CT_TAREABRCH, CT_ROW, CT_COL, CT_CHGTYPE, CT_REP, ...
    CT_REL, CT_ADD, CT_NEWVAL, CT_TLOAD, CT_TAREALOAD, CT_LOAD_ALL_PQ, ...
    CT_LOAD_FIX_PQ, CT_LOAD_DIS_PQ, CT_LOAD_ALL_P, CT_LOAD_FIX_P, ...
    CT_LOAD_DIS_P, CT_TGENCOST, CT_TAREAGENCOST, CT_MODCOST_F, ...
    CT_MODCOST_X] = idx_ct;

windprofile = struct( ...
    'type', 'mpcData', ...
    'table', CT_TGEN, ...
    'rows', [1:45], ...
    'col', PMAX, ...
    'chgtype', 1, ...
    'values', [] );
windprofile.values(:,1,:) = [
	3.6356 49.1253 86.9401 110.294 15.2924 16.0476 15.7418 16.9204 27.6637 24.8799 45.9901 68.6081 103.2891 5.8817 18.3141 6.8997 8.5608 9.0719 11.2002 28.2589 5.2473 37.4444 52.8472 82.7012 97.5607 68.0285 7.6004 673.03 435.3359 435.3359 239.3132 38.2557 37.3341 72.7384 18.4398 185.7433 574.094 55.1788 325.5647 261.3232 9.8686 178.0215 126.1616 224.0913 580.0741;
	3.5622 48.1325 88.2127 112.8094 14.8469 17.1872 15.1769 17.2098 27.5193 25.7251 47.5524 70.9389 106.7981 6.6562 10.8835 4.1003 5.0874 5.3911 6.8807 16.1876 5.059 40.1035 59.5009 84.0531 98.1462 70.9858 7.0265 667.8907 410.3135 410.3135 193.9811 34.5586 22.9358 41.667 20.8682 175.0671 542.0221 48.916 329.0217 262.8916 12.2138 190.6637 114.8685 221.1289 547.6682;
	3.2773 44.2833 86.6926 109.511 14.7056 14.7004 13.9572 17.0896 28.0604 23.6825 43.7767 65.3063 98.3182 7.6063 8.9447 3.3699 4.1811 4.4308 13.8593 21.5279 4.6524 34.3008 53.5009 82.7418 95.8215 70.2795 7.8421 616.6119 382.2884 382.2884 166.2254 34.5788 46.1976 55.4128 23.8468 163.1097 447.8944 37.4087 262.9584 256.6646 4.4941 163.076 91.8662 198.0234 452.56;
	2.8378 38.3448 83.1926 104.2199 14.2878 13.7062 12.2247 16.9359 27.159 24.8603 45.9539 68.5542 103.208 10.0245 11.9096 4.4869 5.567 5.8994 5.8446 23.2284 4.0749 31.9812 62.7998 81.9155 97.6138 73.0903 9.3666 420.7733 288.451 288.451 161.0048 28.1896 19.482 59.79 31.4281 123.0724 317.8825 28.8871 193.8795 261.4655 0.3774 152.0475 77.8648 195.2668 321.1938;
	2.271 30.6864 83.7044 105.6241 14.4411 13.8529 10.5985 17.2093 17.7463 22.365 41.3413 61.6731 92.8485 13.5437 18.3449 6.9113 8.5752 9.0871 18.1205 25.4196 3.5328 32.3235 54.3543 81.8247 98.8871 72.0875 9.0808 337.3103 232.2494 232.2494 148.8249 29.2437 60.4016 65.4301 42.4613 99.0931 203.9211 35.0097 179.9496 264.8763 6.2575 153.6754 83.0352 194.9989 206.0453;
	3.0585 41.3267 86.4941 110.5826 14.7034 20.3099 12.2404 17.9107 11.5802 20.7901 38.4301 57.3302 86.3103 28.4098 19.5227 7.3551 9.1257 9.6706 32.4183 26.5583 4.0801 47.3897 56.8274 83.3736 101.5545 72.1941 7.7003 289.4504 208.4657 208.4657 141.8103 25.7554 108.0612 68.361 89.0685 88.9454 169.3907 32.946 199.6132 272.021 9.8214 225.3044 91.2899 209.0498 171.1552;
	1.9406 26.222 77.6451 102.7003 13.7949 11.3079 11.958 16.2541 12.489 24.8313 45.9002 68.4741 103.0874 41.5862 24.6267 9.278 11.5115 12.1988 34.8438 35.2592 3.986 26.3852 61.3505 82.4586 98.4408 70.8782 9.922 263.6075 222.2916 222.2916 116.7567 16.6917 116.146 90.7573 130.3782 94.8444 194.1564 23.6633 157.776 263.6807 7.5891 125.4427 83.7573 213.0052 196.1789;
	1.4995 20.261 35.0309 65.065 14.299 12.4425 11.9697 15.3779 18.9743 26.7911 49.5229 73.8785 111.2236 42.0993 29.7331 11.2018 13.8985 14.7282 48.9667 54.1241 3.9899 29.0325 69.537 81.4212 89.62 70.26 10.7548 141.2394 180.2532 180.2532 104.4481 11.1193 163.2224 139.3154 131.9871 76.908 131.9706 23.5324 167.7415 240.0536 5.5851 138.0286 87.8366 110.4379 133.3453;
	2.439 32.9565 79.3062 97.1989 14.5631 21.6126 10.5859 17.4286 20.9845 28.244 52.2086 77.885 117.2555 43.7022 18.5677 6.9953 8.6793 9.1975 61.4347 52.7612 3.5286 50.4295 69.683 84.4993 97.8891 70.5254 11.4496 117.5574 151.1366 151.1366 90.1697 9.649 204.7824 135.8074 137.0122 64.485 129.051 24.9981 138.5061 262.2029 17.4621 239.7562 79.7897 202.7943 130.3953;
	1.7182 23.2173 75.1715 91.2079 11.9242 12.1117 9.8832 16.1564 25.9898 27.9593 51.6823 77.0999 116.0734 40.8955 4.1514 1.564 1.9405 2.0564 70.2091 44.7094 3.2944 28.2605 68.8624 76.9799 92.4472 69.4361 10.2417 224.7117 223.0036 223.0036 103.6617 11.1213 234.0302 115.0822 128.213 95.1482 209.988 25.0063 40.1075 247.6263 0.0 134.3587 80.9408 176.0743 212.1754;
	1.362 18.4033 66.4646 90.7813 10.9958 22.9969 13.4016 14.7904 26.4912 27.9058 51.5834 76.9523 115.8512 47.1692 0.0033 0.0012 0.0015 0.0016 60.6478 35.5861 4.4672 53.6594 69.152 78.0989 82.2537 69.2909 9.7381 362.2561 279.2739 279.2739 140.6185 13.5255 202.1592 91.5988 147.8817 119.1568 314.0639 25.4849 156.2649 220.3223 0.0 255.1122 87.3921 155.9632 317.3354;
	1.4095 19.0451 76.4821 85.4483 9.4797 26.0468 19.2575 17.212 26.9053 28.317 52.3436 78.0863 117.5585 46.0041 1.5204 0.5728 0.7107 0.7531 76.8793 52.3457 6.4192 60.7759 70.1289 82.6229 92.1013 69.9392 11.678 433.7478 347.4382 347.4382 252.2021 16.4318 256.2644 134.738 144.2291 148.2403 422.5126 37.8732 181.9465 246.6999 0.0 288.9462 97.9184 168.9462 426.9138;
	2.6263 35.4874 86.0923 84.6036 11.71 27.8352 20.0796 15.8069 27.4387 28.5027 52.6867 78.5982 118.3292 51.2991 35.8327 13.4998 16.7497 17.7497 80.5572 57.3175 6.6932 64.9489 72.5941 83.8759 96.6802 69.4854 10.6389 614.5472 396.4309 396.4309 287.1881 22.4689 268.524 147.5354 160.8297 169.1438 579.5371 51.168 201.6551 258.9648 0.0 308.7857 127.6224 201.6329 585.5739;
	3.4723 46.9189 85.029 101.5495 13.9457 29.5514 21.0748 17.256 26.6895 28.4544 52.5976 78.4653 118.1291 52.7415 59.949 22.5854 28.0227 29.6957 83.3626 56.6166 7.0249 68.9533 66.2797 85.1938 98.473 70.9864 11.718 733.5111 545.1464 545.1464 386.1874 31.9469 277.8754 145.7313 165.3516 232.5958 692.5906 79.7283 273.2663 263.7671 0.0 327.8239 138.3793 245.4282 699.8051;
	3.676 49.6713 88.4798 107.4739 14.9571 32.6064 25.7611 17.5041 28.0022 24.871 45.9736 68.5836 103.2522 61.5101 94.6086 35.6433 44.224 46.8643 85.3583 56.9833 8.587 76.0817 27.445 86.2158 100.9488 71.2009 12.3972 930.8781 634.2568 634.2568 479.8307 36.4991 284.5276 146.6751 192.8424 270.6162 868.1893 105.8142 430.9671 270.3986 0.0011 361.714 158.164 249.1582 877.2329;
	3.595 48.5769 86.8504 106.1921 14.6545 32.6922 27.6532 17.0598 27.811 20.833 38.5096 57.4487 86.4887 59.5726 131.0673 49.3788 61.2663 64.924 87.1341 67.6365 9.2177 76.2817 40.0882 84.3787 99.5042 70.1544 12.0208 1016.8465 671.3353 671.3353 631.742 43.6414 290.447 174.0966 186.7683 286.4364 934.2735 148.7638 378.144 266.529 0.0 362.665 169.9923 248.2595 944.0055;
	3.6853 49.7968 86.9245 110.0065 15.0873 33.0348 28.7998 17.4993 27.1336 21.3838 39.5276 58.9674 88.7751 63.7122 165.989 62.5354 77.5902 82.2225 87.1763 69.1126 9.5999 77.0811 9.991 82.752 97.8968 72.5582 11.6668 938.9336 695.8912 695.8912 621.2109 72.758 290.5878 177.896 199.7463 296.9136 888.75 185.6203 405.0842 262.2236 0.0 366.4658 207.454 264.7794 898.0078;
	3.7934 51.2576 91.448 111.2424 14.877 33.7543 28.6094 18.0326 27.3756 17.3733 32.1142 47.9081 72.1254 62.0705 177.2563 66.7803 82.857 87.8037 86.1001 69.2617 9.5365 78.76 14.3318 84.9742 101.0344 71.702 12.9415 1059.3016 754.7257 754.7257 650.8385 90.07 287.0002 178.2798 194.5994 322.0163 1024.3386 211.195 446.4685 270.6279 91.4175 374.4478 198.5082 261.6307 1035.0088;
	3.8383 51.8636 89.8467 113.3398 15.2231 34.6439 31.2478 13.7221 27.7877 20.734 38.3265 57.1755 86.0774 56.9077 193.5772 72.9291 90.4861 95.8882 86.4069 71.3436 10.4159 80.8357 43.7231 85.2658 101.6007 62.0011 12.9948 1195.3954 781.1109 781.1109 598.2513 99.9609 288.023 183.6387 178.4133 333.274 1129.7876 224.2697 462.3035 272.1447 112.0726 384.316 207.7446 272.1859 1141.5562;
