function solarprofile = ex_solar_profilesh1
%EX_WIND_PROFILE_D  Example wind_load_nyiso profile data for deterministic unit commitment.
% 2022.03.12
% Andres F. Ramirez


%% define constants
[GEN_BUS, PG, QG, QMAX, QMIN, VG, MBASE, GEN_STATUS, PMAX, PMIN, ...
    MU_PMAX, MU_PMIN, MU_QMAX, MU_QMIN, PC1, PC2, QC1MIN, QC1MAX, ...
    QC2MIN, QC2MAX, RAMP_AGC, RAMP_10, RAMP_30, RAMP_Q, APF] = idx_gen;
[CT_LABEL, CT_PROB, CT_TABLE, CT_TBUS, CT_TGEN, CT_TBRCH, CT_TAREABUS, ...
    CT_TAREAGEN, CT_TAREABRCH, CT_ROW, CT_COL, CT_CHGTYPE, CT_REP, ...
    CT_REL, CT_ADD, CT_NEWVAL, CT_TLOAD, CT_TAREALOAD, CT_LOAD_ALL_PQ, ...
    CT_LOAD_FIX_PQ, CT_LOAD_DIS_PQ, CT_LOAD_ALL_P, CT_LOAD_FIX_P, ...
    CT_LOAD_DIS_P, CT_TGENCOST, CT_TAREAGENCOST, CT_MODCOST_F, ...
    CT_MODCOST_X] = idx_ct;

solarprofile = struct( ...
    'type', 'mpcData', ...
    'table', CT_TGEN, ...
    'rows', [1:12], ...
    'col', PMAX, ...
    'chgtype', 1, ...
    'values', [] );
solarprofile.values(:,1,:) = [
	0.0 0.0 0.0 0.0 0.0 0.0 0.0 0.0 0.0 0.0 0.0 0.0;
	0.0 0.0 0.0 0.0 0.0 0.0 0.0 0.0 0.0 0.0 0.0 0.0;
	0.0 0.0 0.0 0.0 0.0 0.0 0.0 0.0 0.0 0.0 0.0 0.0;
	0.0 0.0 0.0 0.0 0.0 0.0 0.0 0.0 0.0 0.0 0.0 0.0;
	0.0 0.0 0.0 0.0 0.0 0.0 0.0 0.0 0.0 0.0 0.0 0.0;
	0.0951 0.0972 0.1051 0.0 0.0 2.0913 0.2614 0.6449 0.2151 0.0 0.0 0.0;
	9.9468 3.4238 3.0729 4.2737 6.4646 217.418 27.1773 58.0919 237.406 80.8676 11.6393 146.4518;
	9.2438 7.8575 8.7714 7.5387 11.7152 296.6815 37.0852 47.5374 148.3121 84.7718 16.529 153.5222;
	11.3278 11.1457 10.7315 9.5435 12.3547 317.7967 39.7246 46.1433 107.5853 74.1151 27.291 134.2229;
	21.2656 15.9284 13.4605 10.1252 11.167 412.0658 51.5082 66.4382 252.4975 66.906 80.4592 121.1671;
	23.7374 16.0537 13.2674 9.3644 9.8369 353.8455 44.2307 61.6848 214.3058 128.0565 113.0419 231.9111;
	24.3586 16.0751 13.3356 8.6313 9.7092 311.1469 38.8934 58.2489 125.2995 188.4931 111.8956 341.3621;
	24.8795 16.6358 14.0271 5.9293 7.0563 397.6601 49.7075 59.5925 125.7521 150.3729 71.3868 272.3263;
	21.5258 16.4587 14.1163 6.5083 7.4887 425.5898 53.1987 60.4439 196.1342 111.4075 71.606 201.7596;
	16.2375 16.0459 13.1034 5.5731 7.2474 419.5471 52.4434 58.4465 218.1762 66.8639 74.3645 121.091;
	9.663 11.56 8.1508 5.5472 6.4466 177.4632 22.1829 20.7215 73.9358 10.9351 18.2164 19.8036;
	1.3318 1.2264 0.8506 1.3058 2.4175 39.4817 4.9352 6.5982 20.2353 12.7218 9.0276 23.0393;
	0.0 0.0 0.0 0.0 0.0 0.0 0.0 0.0 0.0 0.0 0.0 0.0;
	0.0 0.0 0.0 0.0 0.0 0.0 0.0 0.0 0.0 0.0 0.0 0.0;
	0.0 0.0 0.0 0.0 0.0 0.0 0.0 0.0 0.0 0.0 0.0 0.0;
	0.0 0.0 0.0 0.0 0.0 0.0 0.0 0.0 0.0 0.0 0.0 0.0;
	0.0 0.0 0.0 0.0 0.0 0.0 0.0 0.0 0.0 0.0 0.0 0.0;
	0.0 0.0 0.0 0.0 0.0 0.0 0.0 0.0 0.0 0.0 0.0 0.0;
	0.0 0.0 0.0 0.0 0.0 0.0 0.0 0.0 0.0 0.0 0.0 0.0;
];
