function solarprofile = ex_solar_profilesh1
%EX_WIND_PROFILE_D  Example wind_load_nyiso profile data for deterministic unit commitment.
% 2022.03.12
% Andres F. Ramirez


%% define constants
[GEN_BUS, PG, QG, QMAX, QMIN, VG, MBASE, GEN_STATUS, PMAX, PMIN, ...
    MU_PMAX, MU_PMIN, MU_QMAX, MU_QMIN, PC1, PC2, QC1MIN, QC1MAX, ...
    QC2MIN, QC2MAX, RAMP_AGC, RAMP_10, RAMP_30, RAMP_Q, APF] = idx_gen;
[CT_LABEL, CT_PROB, CT_TABLE, CT_TBUS, CT_TGEN, CT_TBRCH, CT_TAREABUS, ...
    CT_TAREAGEN, CT_TAREABRCH, CT_ROW, CT_COL, CT_CHGTYPE, CT_REP, ...
    CT_REL, CT_ADD, CT_NEWVAL, CT_TLOAD, CT_TAREALOAD, CT_LOAD_ALL_PQ, ...
    CT_LOAD_FIX_PQ, CT_LOAD_DIS_PQ, CT_LOAD_ALL_P, CT_LOAD_FIX_P, ...
    CT_LOAD_DIS_P, CT_TGENCOST, CT_TAREAGENCOST, CT_MODCOST_F, ...
    CT_MODCOST_X] = idx_ct;

solarprofile = struct( ...
    'type', 'mpcData', ...
    'table', CT_TGEN, ...
    'rows', [1:12], ...
    'col', PMAX, ...
    'chgtype', 1, ...
    'values', [] );
solarprofile.values(:,1,:) = [
	0.0 0.0 0.0 0.0 0.0 0.0 0.0 0.0 0.0 0.0 0.0 0.0;
	0.0 0.0 0.0 0.0 0.0 0.0 0.0 0.0 0.0 0.0 0.0 0.0;
	0.0 0.0 0.0 0.0 0.0 0.0 0.0 0.0 0.0 0.0 0.0 0.0;
	0.0 0.0 0.0 0.0 0.0 0.0 0.0 0.0 0.0 0.0 0.0 0.0;
	0.0 0.0 0.0 0.0 0.0 0.0 0.0 0.0 0.0 0.0 0.0 0.0;
	0.1004 0.0972 0.1084 0.0 0.0 0.8956 0.112 0.1784 0.0 0.0 0.0 0.0;
	3.7353 1.8747 2.0528 0.3401 5.5186 122.2433 15.2804 13.7336 45.6643 51.1643 21.1308 92.6588;
	6.3495 4.2681 4.8428 6.7627 13.0896 129.1297 16.1412 18.4399 126.7405 153.2459 56.3623 277.5292;
	7.3431 6.4642 6.1158 10.4318 13.7292 128.4589 16.0574 18.6512 158.8309 223.2448 85.0747 404.2977;
	15.6456 13.79 11.2247 10.3154 13.5231 370.0589 46.2574 51.2312 263.9042 111.8647 32.4243 202.5877;
	12.1646 6.4207 8.3926 10.2442 12.206 353.0035 44.1254 54.0272 271.4028 148.3776 33.3443 268.7127;
	11.3018 2.3755 4.7715 10.9812 11.9666 361.7163 45.2145 56.8046 277.0955 163.6354 58.9812 296.3447;
	21.5393 15.8058 11.6552 9.4332 11.0088 391.4676 48.9334 60.4187 279.9387 85.0018 97.9619 153.9387;
	20.3828 15.8945 11.9677 9.6577 12.2134 393.2968 49.1621 61.7913 276.5363 58.3588 95.6571 105.6881;
	15.4731 14.6209 9.3134 5.8252 9.997 364.8431 45.6054 59.3336 262.9713 38.3237 70.3872 69.4045;
	7.779 6.416 4.1451 1.6172 4.5119 108.8569 13.6071 23.4568 122.2151 10.6539 10.9853 19.2943;
	0.9627 0.74 0.5705 1.1895 1.7049 39.3989 4.9249 8.6501 34.93 13.6237 8.1272 24.6727;
	0.0 0.0 0.0 0.0 0.0 0.0 0.0 0.0 0.0 0.0 0.0 0.0;
	0.0 0.0 0.0 0.0 0.0 0.0 0.0 0.0 0.0 0.0 0.0 0.0;
	0.0 0.0 0.0 0.0 0.0 0.0 0.0 0.0 0.0 0.0 0.0 0.0;
	0.0 0.0 0.0 0.0 0.0 0.0 0.0 0.0 0.0 0.0 0.0 0.0;
	0.0 0.0 0.0 0.0 0.0 0.0 0.0 0.0 0.0 0.0 0.0 0.0;
	0.0 0.0 0.0 0.0 0.0 0.0 0.0 0.0 0.0 0.0 0.0 0.0;
	0.0 0.0 0.0 0.0 0.0 0.0 0.0 0.0 0.0 0.0 0.0 0.0;
];
