function loadprofile = ex_load_profilesh1
%EX_LOAD_PROFILE  Example load profile data file for stochastic unit commitment.
% 2022.03.12
% Andres F. Ramirez

%% define constants
[CT_LABEL, CT_PROB, CT_TABLE, CT_TBUS, CT_TGEN, CT_TBRCH, CT_TAREABUS, ...
    CT_TAREAGEN, CT_TAREABRCH, CT_ROW, CT_COL, CT_CHGTYPE, CT_REP, ...
    CT_REL, CT_ADD, CT_NEWVAL, CT_TLOAD, CT_TAREALOAD, CT_LOAD_ALL_PQ, ...
    CT_LOAD_FIX_PQ, CT_LOAD_DIS_PQ, CT_LOAD_ALL_P, CT_LOAD_FIX_P, ...
    CT_LOAD_DIS_P, CT_TGENCOST, CT_TAREAGENCOST, CT_MODCOST_F, ...
    CT_MODCOST_X] = idx_ct;

loadprofile = struct( ...
    'type', 'mpcData', ...
    'table', CT_TAREALOAD, ...
    'rows', [1:11], ...
    'col', CT_LOAD_ALL_P, ...
    'chgtype', 1, ...
    'values', [] );
loadprofile.values(:,1,:) = [
	1449.2935 881.1408 1472.0886 541.9247 779.8295 1117.3265 826.2641 230.8518 456.7523 4620.7 1699.7512;
	1425.203 872.125 1504.7784 554.2921 767.0 1118.0984 822.1298 232.8 467.1963 4423.3223 1689.59;
	1455.3635 889.5437 1531.179 553.0 779.7535 1133.6594 834.5034 231.43 464.6364 4441.1094 1716.2595;
	1515.85 970.1635 1658.9953 587.7694 823.613 1219.5349 890.7705 260.6683 492.3596 4679.0552 1814.9;
	1706.7 1092.3377 1839.1264 596.3687 941.2 1376.8025 1005.5393 300.9703 564.0967 5163.8786 2014.8316;
	1846.416 1188.418 1961.0226 597.0778 1001.4733 1452.2544 1067.1013 333.0 650.9136 5764.2093 2205.3744;
	1902.904 1207.1 1972.1844 569.6 1003.3 1447.6 1105.2596 349.2 659.9753 6071.2149 2247.3;
	1898.9 1207.7799 1963.7546 570.302 984.1 1436.7 1094.9903 344.6211 679.3215 6247.3446 2238.4936;
	1930.7819 1235.1111 1975.9662 565.2993 1015.0716 1468.5482 1113.6769 348.2157 674.5456 6321.4802 2249.6867;
	1923.3221 1237.9184 1996.8648 562.8719 991.8477 1454.344 1099.8907 343.003 660.3 6238.4031 2245.7751;
	1869.1871 1215.9639 1920.8244 571.2514 979.9833 1432.0425 1044.705 343.7954 633.7723 6345.9115 2205.3194;
	1877.9993 1213.8011 1907.1462 580.7359 969.7093 1441.1337 1038.901 349.4248 657.2813 6326.8182 2277.8261;
	1918.8867 1209.7961 1925.432 576.3 983.1524 1493.4536 1074.3515 353.8337 659.2559 6272.3063 2297.6452;
	1857.0346 1204.5094 1906.9402 579.6837 1007.9164 1461.7049 1058.2493 337.7415 664.5444 6247.9 2248.5282;
	1874.3054 1209.9544 1876.4731 586.3797 998.8602 1457.7231 1062.3729 332.9654 653.5045 6244.4 2295.8217;
	1835.4247 1205.6 1893.5 583.7287 986.8 1477.3019 1092.0794 342.0766 646.3797 6285.7603 2354.0812;
	1840.135 1186.0551 1887.8196 588.5745 1018.6195 1510.5115 1122.8826 352.7286 651.211 6081.4887 2381.7805;
	1889.3219 1242.6484 1989.8122 593.2857 1056.3186 1583.5498 1170.1767 366.2567 699.0951 6089.758 2462.3873;
	1948.7804 1234.7534 1985.3008 598.5049 1017.4106 1542.2357 1140.8 327.0 671.2582 5877.3114 2419.2794;
	1894.5498 1173.9753 1911.8702 580.0477 951.7224 1459.7272 1104.0408 310.2114 630.6033 5661.5031 2300.5903;
	1799.2875 1088.5983 1796.2189 572.1942 905.5 1381.8973 1018.7459 282.996 566.697 5306.778 2094.3274;
	1689.9118 1013.2274 1720.0005 556.5567 850.7 1267.8429 930.3149 236.6562 509.4459 4915.1763 1870.1979;
	1649.883 987.4356 1674.0207 556.3516 825.5453 1231.029 891.023 222.7115 509.7 4666.0574 1755.0359;
	1534.8 914.0227 1570.3148 531.2 781.7201 1149.4 838.9918 197.0 496.8492 4370.6046 1655.9666;
];
