function windprofile = ex_wind_profilesh1
%EX_WIND_PROFILE_D  Example wind_load_nyiso profile data for deterministic unit commitment.
% 2022.03.12
% Andres F. Ramirez


%% define constants
[GEN_BUS, PG, QG, QMAX, QMIN, VG, MBASE, GEN_STATUS, PMAX, PMIN, ...
    MU_PMAX, MU_PMIN, MU_QMAX, MU_QMIN, PC1, PC2, QC1MIN, QC1MAX, ...
    QC2MIN, QC2MAX, RAMP_AGC, RAMP_10, RAMP_30, RAMP_Q, APF] = idx_gen;
[CT_LABEL, CT_PROB, CT_TABLE, CT_TBUS, CT_TGEN, CT_TBRCH, CT_TAREABUS, ...
    CT_TAREAGEN, CT_TAREABRCH, CT_ROW, CT_COL, CT_CHGTYPE, CT_REP, ...
    CT_REL, CT_ADD, CT_NEWVAL, CT_TLOAD, CT_TAREALOAD, CT_LOAD_ALL_PQ, ...
    CT_LOAD_FIX_PQ, CT_LOAD_DIS_PQ, CT_LOAD_ALL_P, CT_LOAD_FIX_P, ...
    CT_LOAD_DIS_P, CT_TGENCOST, CT_TAREAGENCOST, CT_MODCOST_F, ...
    CT_MODCOST_X] = idx_ct;

windprofile = struct( ...
    'type', 'mpcData', ...
    'table', CT_TGEN, ...
    'rows', [1:45], ...
    'col', PMAX, ...
    'chgtype', 1, ...
    'values', [] );
windprofile.values(:,1,:) = [
	3.6187 48.8965 88.51 118.9498 14.9432 14.0338 14.6033 17.3918 27.7266 23.7868 43.9695 65.5939 98.7512 0.8014 22.9391 8.6422 10.7227 11.3629 13.8268 27.2801 4.8678 32.7456 57.4471 89.0337 102.5993 70.0789 7.5732 695.693 373.9542 373.9542 192.6507 35.4622 46.0893 70.2189 2.5125 159.5538 494.4591 55.0959 302.6088 274.8195 10.4699 155.6822 115.9451 226.9158 499.6097;
	3.3352 45.0652 83.1045 113.4705 14.3041 15.4208 13.4328 15.1824 26.3369 24.4857 45.2615 67.5213 101.6529 2.7318 12.5309 4.7209 5.8574 6.2071 11.9753 14.9203 4.4776 35.9819 58.4886 84.6947 97.5473 69.9246 4.7194 663.7559 355.6571 355.6571 161.8904 29.8286 39.9177 38.4049 8.5646 151.747 487.2593 48.2166 303.1633 261.2875 9.3141 171.0683 107.6411 202.0877 492.3349;
	2.5177 34.0195 83.2162 110.7571 13.8866 11.4077 11.5295 15.9015 26.2371 22.421 41.4449 61.8276 93.0812 5.0873 16.7969 6.3281 7.8516 8.3203 20.6099 20.944 3.8432 26.618 63.6445 83.2397 93.9168 70.7016 6.0227 618.3312 339.4225 339.4225 141.685 34.3716 68.6996 53.9098 15.9494 144.8203 406.5467 39.9014 233.0767 251.5628 7.8804 126.5497 77.0262 170.5845 410.7816;
	2.8557 38.5866 86.866 110.0927 14.148 10.7159 10.8537 17.372 25.7761 23.5659 43.5611 64.9847 97.834 4.2504 11.5158 4.3385 5.383 5.7043 11.3682 20.8915 3.6179 25.0039 68.9788 86.4558 100.9774 73.9793 9.0237 510.1119 261.4814 261.4814 143.2199 29.5862 37.894 53.7749 13.3256 111.5654 315.4276 33.9004 176.9755 270.4751 3.0918 118.8755 77.1897 199.1901 318.7133;
	2.3509 31.7664 85.4288 109.9376 13.9364 11.6828 9.4443 17.0471 15.6419 21.5884 39.9058 59.5315 89.6244 10.2469 8.7222 3.286 4.0771 4.3205 19.2388 21.1302 3.1481 27.2598 55.4796 84.1345 98.9303 73.5409 7.7758 382.0797 205.9226 205.9226 133.2187 26.6273 64.1294 54.3892 32.1254 87.8603 196.2274 36.0705 149.0777 264.992 14.0622 129.6007 77.0008 204.5909 198.2714;
	2.9821 40.2942 87.7378 114.1912 14.0329 18.9056 10.1864 16.8375 9.6197 20.6623 38.1939 56.9778 85.7798 21.3065 16.0737 6.0557 7.5135 7.9621 33.4266 23.5996 3.3955 44.1131 57.379 84.3276 101.6523 72.2691 6.1108 254.9909 181.9162 181.9162 112.8074 23.7164 111.4222 60.7454 66.7987 77.6176 131.7457 30.3254 174.9786 272.2828 13.5179 209.7265 82.9471 206.6044 133.1181;
	2.6769 36.1704 88.1425 113.9715 14.5487 21.889 11.4404 15.4131 12.6794 27.2009 50.2805 75.0086 112.9251 33.015 21.3644 8.0489 9.9866 10.5828 41.444 31.7764 3.8135 51.0743 64.5963 85.9087 101.976 71.0066 9.0241 254.354 227.3666 227.3666 103.6948 18.1251 138.1467 81.7926 103.5065 97.0098 172.1858 27.7722 156.4079 273.1501 13.9729 242.8217 93.0455 215.4883 173.9794;
	1.794 24.241 68.6074 113.2447 14.9181 17.8421 11.9042 15.943 18.9674 29.1929 53.9626 80.5016 121.1948 38.9049 30.0338 11.3151 14.039 14.8772 57.101 50.7302 3.9681 41.6316 72.1251 85.8966 100.6014 72.8656 10.2988 83.0325 171.0887 171.0887 80.6567 10.0838 190.3367 130.5797 121.9723 72.9978 97.7312 27.1177 165.784 269.468 9.1 197.9287 85.3559 203.6785 98.7492;
	2.9262 39.5398 81.4896 105.0126 15.3056 23.4953 10.4728 16.0854 20.6926 29.3441 54.2422 80.9187 121.8226 42.4461 23.7312 8.9406 11.093 11.7552 70.9539 55.762 3.4909 54.8224 72.5753 82.8276 98.2307 70.7863 10.4036 103.8612 144.0745 144.0745 66.1057 4.8873 236.5131 143.5314 133.0742 61.4718 106.4286 19.8155 143.8729 263.1181 21.1334 260.6413 79.1933 219.9703 107.5372;
	2.2989 31.0635 82.5302 111.8078 14.4281 14.2043 11.4721 17.6304 26.2394 30.0797 55.6018 82.9469 124.8762 41.5947 82.9804 31.2624 38.7885 41.1043 80.1358 50.5731 3.824 33.1434 73.0934 81.7501 99.3469 71.7637 12.0798 249.3615 222.325 222.325 83.5537 7.3732 267.1192 130.1753 130.405 94.8587 218.4215 21.5402 221.4382 266.1077 46.2398 157.5732 79.3125 198.4705 220.6967;
	1.861 25.1462 74.537 103.5355 13.698 25.7016 15.0702 17.1131 26.6315 29.4212 54.3846 81.1312 122.1425 48.3545 14.8966 5.6122 6.9633 7.379 69.9475 39.234 5.0234 59.9704 71.3124 82.0329 94.0933 72.3905 12.1455 348.3699 299.2399 299.2399 121.4922 13.785 233.1582 100.9884 151.598 127.6757 322.6678 25.2627 176.4332 252.0356 17.1278 285.1162 95.4587 173.1631 326.0289;
	1.7513 23.6633 79.0302 90.5684 12.9066 29.4672 20.8037 16.8382 27.0665 28.0974 51.9375 77.4806 116.6466 49.8423 10.1099 3.8089 4.7258 5.0079 80.9917 49.5982 6.9346 68.7567 70.2183 78.1554 90.4629 70.234 11.942 411.0743 361.7997 361.7997 225.7021 15.1681 269.9723 127.666 156.2625 154.3679 417.3383 38.4539 205.1083 242.3114 5.9132 326.8892 106.7521 173.6143 421.6855;
	2.9771 40.2265 84.7922 87.7327 14.7704 31.0662 22.24 16.1487 28.0651 28.7113 53.0723 79.1735 119.1952 50.8174 37.5177 14.1346 17.5373 18.5843 82.8724 60.6604 7.4133 72.4878 71.1759 77.3768 96.6929 66.7023 11.2442 455.9074 414.0722 414.0722 240.2307 17.7878 276.2412 156.1401 159.3194 176.6708 529.3417 43.9805 219.7874 258.9989 29.6127 344.6275 140.6389 192.3262 534.8557;
	3.6329 49.0888 70.3704 98.5108 15.0503 30.8613 23.583 16.727 27.0716 29.2513 54.0705 80.6625 121.437 52.447 55.8555 21.0433 26.1092 27.668 82.324 57.6506 7.861 72.0096 67.5078 68.0589 92.5077 68.8237 11.0977 659.4311 551.7571 551.7571 351.0143 25.8391 274.4133 148.3927 164.4284 235.4164 671.9075 66.1485 279.4195 247.7884 5.3984 342.3542 137.7327 221.0177 678.9066;
	3.7672 50.9026 80.8815 107.0321 15.3283 33.6463 28.0094 16.9737 28.1327 25.9757 48.0157 71.63 107.8386 53.4198 89.5157 33.7245 41.8434 44.3415 79.2808 56.6416 9.3365 78.5081 48.7238 81.0177 96.368 67.8186 12.0731 888.1106 618.0228 618.0228 464.1687 34.7674 264.2695 145.7957 167.4782 263.6897 879.3588 108.4248 411.5152 258.1286 4.4005 373.2501 148.5891 232.9919 888.5188;
	3.6025 48.6782 84.8067 105.1901 14.8925 32.8493 28.5973 15.8576 27.8091 21.7499 40.2043 59.9769 90.2949 58.7205 126.7286 47.7443 59.2382 62.7748 82.3374 68.228 9.5324 76.6484 46.1613 75.721 93.9657 68.5364 12.0518 1084.2595 700.3004 700.3004 607.0045 44.8685 274.4581 175.619 184.0967 298.7948 974.7427 150.7249 369.4776 251.6939 0.3998 364.4084 156.9703 252.425 984.8963;
	3.5846 48.4353 86.7394 113.0754 14.8833 34.0522 30.3431 17.402 27.4024 22.2378 41.1063 61.3225 92.3206 64.6889 156.0618 58.7954 72.9498 77.3051 84.6453 71.327 10.1144 79.4552 35.8129 82.3713 97.3958 70.9908 12.8199 994.7286 732.4261 732.4261 677.7735 75.9727 282.1512 183.5959 202.8084 312.5018 971.0588 194.2959 406.7366 260.8816 3.1499 377.7527 201.4569 269.0658 981.174;
	3.7471 50.6309 90.6977 116.1821 14.7889 34.7358 30.2514 17.9551 27.9011 20.5489 37.9843 56.6652 85.3091 66.6882 180.9469 68.1707 84.5821 89.6318 88.2578 71.6264 10.0838 81.0503 41.2016 85.3556 101.7875 72.0016 13.5818 1108.3611 772.1044 772.1044 670.2778 89.6609 294.1928 184.3664 209.0764 329.4312 1039.8859 220.5222 431.3677 272.6451 113.0773 385.3361 202.0949 269.882 1050.7181;
	3.8279 51.7227 90.141 120.4141 14.8969 34.6094 30.9871 14.1605 28.1972 23.0146 42.5421 63.4644 95.5453 67.2403 186.4628 70.2488 87.1605 92.3642 91.4846 69.4477 10.329 80.7552 58.193 86.0427 103.3382 65.5381 13.5903 1165.3749 776.7866 776.7866 694.3627 99.7485 304.9486 178.7584 210.8075 331.429 1019.3588 247.9361 437.7509 276.7987 122.4149 383.9332 211.095 276.243 1029.9771;
