function loadprofile = ex_load_profilesh1
%EX_LOAD_PROFILE  Example load profile data file for stochastic unit commitment.
% 2022.03.12
% Andres F. Ramirez

%% define constants
[CT_LABEL, CT_PROB, CT_TABLE, CT_TBUS, CT_TGEN, CT_TBRCH, CT_TAREABUS, ...
    CT_TAREAGEN, CT_TAREABRCH, CT_ROW, CT_COL, CT_CHGTYPE, CT_REP, ...
    CT_REL, CT_ADD, CT_NEWVAL, CT_TLOAD, CT_TAREALOAD, CT_LOAD_ALL_PQ, ...
    CT_LOAD_FIX_PQ, CT_LOAD_DIS_PQ, CT_LOAD_ALL_P, CT_LOAD_FIX_P, ...
    CT_LOAD_DIS_P, CT_TGENCOST, CT_TAREAGENCOST, CT_MODCOST_F, ...
    CT_MODCOST_X] = idx_ct;

loadprofile = struct( ...
    'type', 'mpcData', ...
    'table', CT_TAREALOAD, ...
    'rows', [1:11], ...
    'col', CT_LOAD_ALL_P, ...
    'chgtype', 1, ...
    'values', [] );
loadprofile.values(:,1,:) = [
	1488.2509 939.9259 1648.1317 577.2 822.0396 1131.8481 869.7597 257.7204 519.681 4603.8324 1819.4221;
	1489.6 936.9 1644.5031 579.6 827.1425 1099.5876 849.0339 258.8 511.0275 4499.2038 1763.6389;
	1482.9502 960.8661 1690.3208 582.6631 831.1 1135.5 865.5898 249.8919 532.3707 4500.285 1794.2451;
	1568.4454 1018.0685 1780.5948 580.3 897.5099 1216.8471 931.2863 278.2289 560.8994 4752.8794 1893.2125;
	1710.7814 1149.7 1985.9956 597.6848 1005.2387 1398.1 1043.0167 308.876 646.4807 5305.7676 2146.6688;
	1806.6543 1207.5 2040.4581 608.0312 1035.669 1428.6337 1096.4 330.8 692.0317 5776.8542 2240.7213;
	1818.3379 1215.4998 2067.998 591.0592 1057.011 1430.9586 1121.7241 339.5 702.4969 6148.8555 2323.0866;
	1861.9299 1241.8709 2105.5694 615.4374 1085.1645 1463.066 1149.6317 356.4677 710.9586 6525.8437 2390.7942;
	1865.8611 1233.6252 2068.4785 596.0356 1067.2779 1442.9051 1166.1503 336.1675 732.2754 6651.7955 2478.5706;
	1811.8902 1220.9892 2042.2931 574.2345 1038.7 1401.4429 1137.3 313.1 710.9879 6486.8389 2408.0146;
	1812.6004 1223.0202 2065.0061 576.8421 1016.7 1409.5497 1133.1663 309.003 699.1265 6501.3352 2285.5164;
	1816.8093 1203.3285 2055.7785 573.331 1002.7618 1429.6429 1144.5654 317.253 700.3425 6503.3 2304.91;
	1765.049 1177.8064 1996.1093 555.4587 984.5746 1380.06 1123.0111 309.1365 697.2885 6430.14 2413.7943;
	1756.8032 1184.9392 1961.1337 561.4725 967.4535 1397.4286 1155.0968 313.0034 680.3513 6506.8324 2381.8137;
	1776.1716 1228.9257 1965.6616 564.8729 1010.1 1424.7555 1159.8143 342.0544 676.6 6511.8804 2496.2962;
	1816.5586 1225.6478 1973.4853 575.191 1016.6263 1444.0013 1196.4115 327.9318 700.6 6629.5558 2667.0847;
	1809.3785 1247.4047 1991.2146 574.0376 1022.6696 1492.8295 1212.7414 343.4022 701.5257 6831.7948 2702.1389;
	1812.0223 1260.5418 2008.7559 588.0 1062.4734 1553.1 1251.8225 346.6942 754.2081 6938.4208 2751.0659;
	1788.6172 1257.7522 1982.3426 592.9743 1056.0657 1500.2301 1185.8819 349.9083 727.0249 6447.5068 2628.428;
	1744.5242 1181.3 1918.6343 593.5 997.7359 1438.8479 1189.538 336.3238 711.2312 6170.6478 2466.8555;
	1649.0682 1082.1338 1769.7655 575.9954 923.7205 1319.9 1079.8 318.4259 657.6 5801.3032 2234.1653;
	1554.3 1011.3158 1686.4406 566.6 872.1918 1224.4841 986.9668 297.4117 609.1329 5582.6632 2029.4771;
	1563.9236 979.326 1696.9462 564.0647 845.5396 1178.4326 887.6065 285.2943 550.3548 5342.5519 1979.0517;
	1560.7559 953.4005 1697.1567 562.2396 823.397 1168.5847 866.0629 336.5352 556.558 5093.187 2038.1565;
];
