function solarprofile = ex_solar_profilesh1
%EX_WIND_PROFILE_D  Example wind_load_nyiso profile data for deterministic unit commitment.
% 2022.03.12
% Andres F. Ramirez


%% define constants
[GEN_BUS, PG, QG, QMAX, QMIN, VG, MBASE, GEN_STATUS, PMAX, PMIN, ...
    MU_PMAX, MU_PMIN, MU_QMAX, MU_QMIN, PC1, PC2, QC1MIN, QC1MAX, ...
    QC2MIN, QC2MAX, RAMP_AGC, RAMP_10, RAMP_30, RAMP_Q, APF] = idx_gen;
[CT_LABEL, CT_PROB, CT_TABLE, CT_TBUS, CT_TGEN, CT_TBRCH, CT_TAREABUS, ...
    CT_TAREAGEN, CT_TAREABRCH, CT_ROW, CT_COL, CT_CHGTYPE, CT_REP, ...
    CT_REL, CT_ADD, CT_NEWVAL, CT_TLOAD, CT_TAREALOAD, CT_LOAD_ALL_PQ, ...
    CT_LOAD_FIX_PQ, CT_LOAD_DIS_PQ, CT_LOAD_ALL_P, CT_LOAD_FIX_P, ...
    CT_LOAD_DIS_P, CT_TGENCOST, CT_TAREAGENCOST, CT_MODCOST_F, ...
    CT_MODCOST_X] = idx_ct;

solarprofile = struct( ...
    'type', 'mpcData', ...
    'table', CT_TGEN, ...
    'rows', [1:12], ...
    'col', PMAX, ...
    'chgtype', 1, ...
    'values', [] );
solarprofile.values(:,1,:) = [
	0.0 0.0 0.0 0.0 0.0 0.0 0.0 0.0 0.0 0.0 0.0 0.0;
	0.0 0.0 0.0 0.0 0.0 0.0 0.0 0.0 0.0 0.0 0.0 0.0;
	0.0 0.0 0.0 0.0 0.0 0.0 0.0 0.0 0.0 0.0 0.0 0.0;
	0.0 0.0 0.0 0.0 0.0 0.0 0.0 0.0 0.0 0.0 0.0 0.0;
	0.0 0.0 0.0 0.0 0.0 0.0 0.0 0.0 0.0 0.0 0.0 0.0;
	0.0951 0.0972 0.1051 0.0 0.0 0.1251 0.0156 0.3822 0.0 0.0 0.0 0.0;
	0.3823 0.4931 0.6365 4.1608 5.423 34.187 4.2734 4.3128 0.4298 68.4524 40.1797 123.9677;
	2.5741 3.3423 4.3567 6.4121 11.6909 53.3272 6.6659 5.2262 10.4081 190.877 162.6167 345.6795;
	5.6941 6.5026 6.844 9.306 13.0259 91.5725 11.4466 7.929 26.1592 259.6852 195.8304 470.2915;
	14.6178 9.8628 12.1067 10.8256 13.7127 381.1428 47.6428 44.5735 194.7706 263.0068 215.9714 476.3068;
	14.1707 10.3459 12.8818 10.9684 13.2926 376.6647 47.0831 47.3782 187.7747 285.466 244.8978 516.9807;
	16.3415 12.2175 12.9917 9.5347 12.455 375.3138 46.9142 48.6351 175.3563 287.4126 243.6404 520.5059;
	23.2235 16.1151 13.7196 2.6168 8.1222 371.5634 46.4454 44.1353 72.1019 232.0875 206.2095 420.3118;
	20.6033 15.2696 12.9907 2.9414 7.5415 369.0176 46.1272 42.1272 71.6167 211.3681 171.7497 382.7889;
	15.8169 11.4254 9.7608 2.9324 6.6723 339.0102 42.3763 24.6673 88.9371 166.6764 118.8771 301.8519;
	8.5505 6.4663 6.2724 2.2849 3.9107 93.0456 11.6307 3.5412 35.0567 38.8904 13.4153 70.4308;
	1.3239 1.2575 0.9339 0.6798 1.3699 39.6176 4.9522 6.4293 28.0975 14.1262 7.4927 25.5826;
	0.0 0.0 0.0 0.0 0.0 0.0 0.0 0.0 0.0 0.0 0.0 0.0;
	0.0 0.0 0.0 0.0 0.0 0.0 0.0 0.0 0.0 0.0 0.0 0.0;
	0.0 0.0 0.0 0.0 0.0 0.0 0.0 0.0 0.0 0.0 0.0 0.0;
	0.0 0.0 0.0 0.0 0.0 0.0 0.0 0.0 0.0 0.0 0.0 0.0;
	0.0 0.0 0.0 0.0 0.0 0.0 0.0 0.0 0.0 0.0 0.0 0.0;
	0.0 0.0 0.0 0.0 0.0 0.0 0.0 0.0 0.0 0.0 0.0 0.0;
	0.0 0.0 0.0 0.0 0.0 0.0 0.0 0.0 0.0 0.0 0.0 0.0;
];
