function loadprofile = ex_load_profilesh1
%EX_LOAD_PROFILE  Example load profile data file for stochastic unit commitment.
% 2022.03.12
% Andres F. Ramirez

%% define constants
[CT_LABEL, CT_PROB, CT_TABLE, CT_TBUS, CT_TGEN, CT_TBRCH, CT_TAREABUS, ...
    CT_TAREAGEN, CT_TAREABRCH, CT_ROW, CT_COL, CT_CHGTYPE, CT_REP, ...
    CT_REL, CT_ADD, CT_NEWVAL, CT_TLOAD, CT_TAREALOAD, CT_LOAD_ALL_PQ, ...
    CT_LOAD_FIX_PQ, CT_LOAD_DIS_PQ, CT_LOAD_ALL_P, CT_LOAD_FIX_P, ...
    CT_LOAD_DIS_P, CT_TGENCOST, CT_TAREAGENCOST, CT_MODCOST_F, ...
    CT_MODCOST_X] = idx_ct;

loadprofile = struct( ...
    'type', 'mpcData', ...
    'table', CT_TAREALOAD, ...
    'rows', [1:11], ...
    'col', CT_LOAD_ALL_P, ...
    'chgtype', 1, ...
    'values', [] );
loadprofile.values(:,1,:) = [
	1468.5523 906.9423 1552.3332 587.9736 759.6298 1135.0 825.7799 252.2653 465.07 4441.1667 1674.6574;
	1476.7295 908.3 1565.5473 576.5 775.9513 1141.27 822.2025 257.4899 467.6624 4443.5 1697.5057;
	1506.2797 934.6203 1605.1479 579.0 789.6 1158.878 840.5323 252.6858 472.9683 4470.6193 1704.8656;
	1579.4809 997.3 1691.0553 590.2283 822.6 1210.1653 880.3402 279.9 489.4703 4679.8179 1816.3;
	1744.813 1127.8684 1916.5404 599.4864 970.4279 1374.5 1016.3466 317.5032 592.3522 5257.8899 2066.4622;
	1854.2553 1204.4614 2029.6371 596.3218 1034.1782 1450.7328 1089.6 343.8 651.8 5834.8533 2226.3;
	1853.4425 1217.1 2012.8568 607.0263 998.7028 1455.8657 1106.6357 351.2 684.8337 6056.1601 2277.3127;
	1848.1965 1207.6785 1999.35 616.6634 956.489 1429.8039 1104.2265 340.9491 685.38 6235.7 2279.0105;
	1843.1 1205.1 1949.364 605.6109 953.8369 1370.1993 1083.9624 351.8714 687.7 6288.8245 2260.0898;
	1812.9049 1180.2104 1871.3 587.2374 907.6955 1314.7438 1029.1185 336.0575 659.8972 6223.992 2219.2819;
	1792.0271 1174.5848 1860.284 581.4 891.2332 1329.8542 1108.3423 341.0 688.2 6321.6011 2287.0322;
	1781.7506 1193.3512 1843.9753 577.6719 925.5568 1363.6774 1113.0812 355.7578 683.5372 6293.1418 2296.398;
	1748.0908 1172.6809 1850.4 577.6 906.65 1330.0176 1107.2 379.5984 691.4218 6244.3762 2280.4072;
	1707.5 1142.3478 1846.8153 578.3772 909.0955 1321.2625 1065.5 372.3651 668.5333 6198.8736 2137.7541;
	1742.3205 1149.4236 1875.4973 580.6404 917.7 1337.737 1082.7564 363.8 681.4598 6208.5664 2212.059;
	1764.5981 1135.1324 1842.8782 569.56 942.271 1330.2169 1088.5531 384.1029 656.3832 6158.1279 2246.2382;
	1738.5234 1119.882 1880.4479 581.3213 966.3598 1386.0737 1112.6388 391.9216 652.9084 6084.9138 2309.76;
	1759.3137 1147.6712 1939.5355 590.6169 1017.5251 1450.5088 1134.5255 389.7033 673.079 6141.9421 2452.1086;
	1821.5731 1162.5693 1936.4144 579.9987 1005.9056 1427.1867 1124.5844 386.939 662.592 6062.6525 2423.7939;
	1805.9461 1105.4 1822.7693 552.8959 949.0335 1341.5224 1083.3403 365.9 647.4759 5851.0734 2313.4266;
	1701.4951 1045.1797 1711.7758 549.1 888.6633 1244.4 1006.3 341.3331 590.6074 5537.4165 2164.6087;
	1577.2675 965.5639 1628.406 530.6082 862.5872 1145.2298 899.0823 301.0564 560.4462 5072.716 1937.6273;
	1587.2206 931.9834 1580.3921 529.8431 852.4851 1131.9 848.7291 258.1 506.0563 4519.7335 1768.4379;
	1545.6254 915.5 1558.5404 524.9854 820.6116 1133.6451 842.594 246.0053 499.5996 4503.2535 1703.8456;
];
