function windprofile = ex_wind_profilesh1
%EX_WIND_PROFILE_D  Example wind_load_nyiso profile data for deterministic unit commitment.
% 2022.03.12
% Andres F. Ramirez


%% define constants
[GEN_BUS, PG, QG, QMAX, QMIN, VG, MBASE, GEN_STATUS, PMAX, PMIN, ...
    MU_PMAX, MU_PMIN, MU_QMAX, MU_QMIN, PC1, PC2, QC1MIN, QC1MAX, ...
    QC2MIN, QC2MAX, RAMP_AGC, RAMP_10, RAMP_30, RAMP_Q, APF] = idx_gen;
[CT_LABEL, CT_PROB, CT_TABLE, CT_TBUS, CT_TGEN, CT_TBRCH, CT_TAREABUS, ...
    CT_TAREAGEN, CT_TAREABRCH, CT_ROW, CT_COL, CT_CHGTYPE, CT_REP, ...
    CT_REL, CT_ADD, CT_NEWVAL, CT_TLOAD, CT_TAREALOAD, CT_LOAD_ALL_PQ, ...
    CT_LOAD_FIX_PQ, CT_LOAD_DIS_PQ, CT_LOAD_ALL_P, CT_LOAD_FIX_P, ...
    CT_LOAD_DIS_P, CT_TGENCOST, CT_TAREAGENCOST, CT_MODCOST_F, ...
    CT_MODCOST_X] = idx_ct;

windprofile = struct( ...
    'type', 'mpcData', ...
    'table', CT_TGEN, ...
    'rows', [1:45], ...
    'col', PMAX, ...
    'chgtype', 1, ...
    'values', [] );
windprofile.values(:,1,:) = [
	3.6107 48.7883 87.9274 110.1008 14.5162 13.3277 14.1799 18.1373 25.8521 22.8081 42.1603 62.8949 94.688 6.1911 23.1985 8.7399 10.8439 11.4913 7.4212 29.7743 4.7266 31.098 48.4068 82.8163 98.5208 71.1211 8.4216 665.3134 381.6897 381.6897 198.8918 29.5723 24.7374 76.639 19.41 162.8543 487.3473 51.1075 277.2139 263.895 6.109 147.8488 112.6984 246.5784 492.4238;
	3.4201 46.2132 88.5774 110.3948 14.5584 13.3332 13.4471 18.3538 25.9268 22.8248 42.1914 62.9412 94.7577 5.8262 12.6879 4.7801 5.9309 6.2849 6.1411 14.5967 4.4824 31.1108 45.9485 81.8354 98.0548 72.1603 7.5398 662.3316 354.5411 354.5411 160.9928 22.228 20.4703 37.572 18.2659 151.2709 464.5618 46.2525 293.9335 262.6467 1.6 147.9096 107.6488 243.2657 469.401;
	3.0563 41.297 87.8865 110.4184 14.7962 10.1162 11.38 18.2148 25.8187 21.962 40.5965 60.562 91.1757 7.3953 16.2737 6.131 7.607 8.0612 18.3041 22.1119 3.7933 23.6044 45.5176 81.6108 94.8275 71.7252 8.5945 615.3249 329.84 329.84 134.9336 27.0461 61.0137 56.9161 23.1854 140.7317 379.7362 32.0852 208.1403 254.0022 4.3549 112.2221 86.3675 231.4487 383.6918;
	2.7734 37.4749 89.0328 108.0463 14.6652 11.8572 11.6759 18.2547 25.3472 22.0988 40.8492 60.939 91.7434 8.7523 12.553 4.7293 5.8678 6.2181 6.9139 21.2233 3.892 27.6667 55.7797 82.699 101.6043 74.6349 10.1288 464.7867 252.2395 252.2395 136.5895 25.2691 23.0462 54.629 27.4398 107.6222 283.7676 21.4474 154.2231 272.1545 0.0144 131.5354 77.2845 221.7382 286.7235;
	2.1728 29.3591 90.2695 111.8347 14.2217 12.9643 9.8712 18.2288 16.0411 17.7093 32.7354 48.8348 73.5205 14.091 14.6928 5.5354 6.868 7.2781 17.3715 24.1808 3.2904 30.2501 31.6506 84.2935 101.6125 74.0069 10.5333 390.5671 205.0198 205.0198 126.5631 23.274 57.9049 62.2415 44.1773 87.4751 190.1285 24.8786 157.4307 272.1763 9.0247 143.8175 80.541 235.815 192.1091;
	2.9069 39.2788 90.2115 113.9778 13.9876 18.1301 10.4243 18.29 2.7121 16.5846 30.6563 45.7332 68.8511 26.8779 15.0744 5.6792 7.0464 7.4671 31.6777 25.2421 3.4748 42.3036 34.2861 83.1816 101.3016 73.1302 8.8978 287.1565 178.8866 178.8866 105.1708 22.0759 105.5925 64.9731 84.2659 76.325 142.8508 22.1899 167.9848 271.3435 7.4038 201.1233 88.1538 233.1702 144.3388;
	2.4439 33.0219 88.7794 110.3555 14.093 15.6824 11.502 17.6716 10.77 22.8273 42.196 62.9481 94.768 37.025 19.0217 7.1663 8.8916 9.4224 36.349 31.8188 3.834 36.5923 41.4975 82.7572 100.6915 73.8849 11.5019 245.3608 194.9708 194.9708 75.3106 11.6963 121.1635 81.9017 116.0785 83.1876 153.4403 16.3795 137.6908 269.7093 7.7929 173.9703 90.2858 232.7866 155.0387;
	1.7645 23.8418 70.6051 115.7777 14.8642 16.3627 12.165 18.0124 18.9187 27.6982 51.1997 76.3799 114.9895 43.6781 16.4649 6.2031 7.6964 8.1559 54.4856 50.1027 4.055 38.1796 65.4492 85.4254 101.3098 72.745 12.9783 141.9075 161.2508 161.2508 88.3314 8.5823 181.6185 128.9646 136.9368 68.8003 113.1605 15.064 159.396 271.3655 5.1866 181.5169 88.8454 201.0707 114.3393;
	2.6467 35.7626 82.1161 105.3487 14.9871 22.7762 9.5993 17.5923 18.6965 23.8672 44.1182 65.8156 99.0851 42.121 6.4913 2.4456 3.0343 3.2155 61.5131 45.1796 3.1998 53.1446 35.1386 84.6468 98.7776 69.4696 12.5705 140.645 116.0474 116.0474 76.0721 5.2647 205.0437 116.2923 132.055 49.5136 117.2036 15.6026 109.6192 264.5829 14.9685 252.6645 80.447 214.3692 118.4244;
	1.9331 26.1208 83.1868 107.7106 13.7821 13.3736 8.7312 15.9916 24.7688 26.7528 49.4522 73.7729 111.0648 41.9125 0.2843 0.1071 0.1329 0.1408 65.257 34.4399 2.9104 31.205 54.6458 78.1628 95.0179 69.2693 11.4092 231.7805 216.9053 216.9053 94.0427 8.0134 217.5234 88.6485 131.4015 92.5462 222.0643 19.8158 0.0 254.5122 0.0 148.3575 77.6542 197.5072 224.3774;
	1.6241 21.9452 79.4041 105.4441 13.0806 23.7965 11.4881 16.1681 26.4584 28.1264 51.9912 77.5607 116.7672 37.7346 8.864 3.3395 4.1434 4.3908 67.4345 32.3613 3.8294 55.5251 55.312 82.5449 89.9145 70.0666 11.8208 363.6925 279.3458 279.3458 150.1884 12.6868 224.7815 83.2981 118.303 119.1875 322.6475 25.2578 132.3463 240.8424 0.0 263.9821 90.4122 185.7769 326.0085;
	1.7065 23.0579 85.1334 96.9606 12.9462 27.4227 14.2872 17.5945 26.0243 27.285 50.4359 75.2405 113.2741 29.1308 6.505 2.4507 3.0407 3.2223 77.1491 43.2465 4.7624 63.9863 52.6614 83.5161 95.7428 69.6491 11.9432 404.6617 301.7428 301.7428 243.1778 13.7824 257.1636 111.3165 91.3291 128.7436 383.6801 36.6882 151.6858 256.4541 0.0 304.2093 107.2445 182.8503 387.6767;
	2.9777 40.2349 88.0117 95.6329 14.7526 29.7981 17.8875 17.0283 26.435 27.2628 50.3949 75.1792 113.1819 43.4582 35.3965 13.3354 16.5458 17.5336 81.6577 55.2325 5.9625 69.5289 58.1387 82.6815 98.4674 68.7668 11.0442 554.3467 404.1114 404.1114 291.7278 21.1137 272.1924 142.1685 136.2472 172.4209 539.0682 50.5755 175.2189 263.7519 0.0 330.5603 139.0286 224.6825 544.6835;
	3.6811 49.7396 88.3089 108.5742 14.8556 28.7626 20.4857 17.0527 26.3474 28.3596 52.4222 78.2037 117.7352 44.3292 59.4338 22.3914 27.7819 29.4405 86.7739 55.2178 6.8286 67.1127 55.8856 82.1146 99.0835 69.4131 10.9918 677.4626 552.793 552.793 382.6133 28.1955 289.2463 142.1308 138.9781 235.8583 678.8075 75.2146 269.6323 265.4022 0.0 319.0731 138.1719 265.5841 685.8784;
	3.8832 52.4702 91.5261 113.8135 14.9586 32.1757 25.0708 17.3651 27.52 25.7472 47.5933 70.9998 106.8898 55.2885 91.7956 34.5835 42.9091 45.4709 87.2662 55.4286 8.3569 75.0766 43.1189 83.9643 98.8974 70.5258 12.465 920.6204 626.7905 626.7905 464.5156 33.0411 290.8873 142.6735 173.337 267.4306 875.5364 97.3363 405.0819 264.9037 0.3131 356.9357 163.3503 268.8713 884.6566;
	3.7635 50.8533 89.0271 107.6818 14.3296 31.665 27.065 16.6846 26.4777 18.9273 34.9868 52.1934 78.5769 58.2527 132.6684 49.982 62.0148 65.7171 92.5377 59.3207 9.0217 73.885 26.3315 79.086 95.2567 69.8587 12.5349 982.8402 663.0739 663.0739 641.4693 44.0045 308.459 152.6916 182.6302 282.9115 878.2323 150.2595 358.1538 255.1518 0.2941 351.2702 169.5116 268.4255 887.3806;
	3.6506 49.3283 88.5276 106.4295 14.2592 29.9454 29.5033 16.3492 26.0569 13.9713 25.8257 38.5269 58.002 61.1412 163.8464 61.7282 76.5887 81.1611 90.2136 67.2809 9.8344 69.8727 11.1588 81.6649 92.9175 70.4349 11.9362 971.9537 723.9137 723.9137 660.5798 73.3978 300.7121 173.1813 191.6858 308.8699 890.2857 188.0121 402.1707 248.8862 0.034 332.1948 195.8498 281.1956 899.5595;
	3.819 51.6031 93.6656 111.231 14.9904 33.1592 29.5158 17.854 27.4153 17.6865 32.6932 48.7719 73.4258 63.9489 181.0792 68.2205 84.644 89.6974 88.8166 70.1768 9.8386 77.3715 31.6866 83.5705 98.6938 70.7296 13.2079 1074.3684 742.652 742.652 692.172 90.0946 296.0555 180.6351 200.4886 316.8649 1036.3164 222.9595 442.8686 264.3583 103.7811 367.8464 198.4777 274.7598 1047.1113;
	3.8892 52.5514 91.6835 115.1941 14.9569 33.6662 31.5698 12.0647 28.0558 20.3074 37.5378 55.9991 84.3063 65.1389 191.3456 72.0883 89.4429 94.7828 90.4911 71.7298 10.5233 78.5545 51.248 84.2468 98.9296 55.6245 12.2115 1169.3275 773.9657 773.9657 670.1589 99.8437 301.6371 184.6327 204.2191 330.2254 1068.8526 234.9541 465.7808 264.9901 113.9987 373.4705 206.6235 276.7793 1079.9865;
