function windprofile = ex_wind_profilesh1
%EX_WIND_PROFILE_D  Example wind_load_nyiso profile data for deterministic unit commitment.
% 2022.03.12
% Andres F. Ramirez


%% define constants
[GEN_BUS, PG, QG, QMAX, QMIN, VG, MBASE, GEN_STATUS, PMAX, PMIN, ...
    MU_PMAX, MU_PMIN, MU_QMAX, MU_QMIN, PC1, PC2, QC1MIN, QC1MAX, ...
    QC2MIN, QC2MAX, RAMP_AGC, RAMP_10, RAMP_30, RAMP_Q, APF] = idx_gen;
[CT_LABEL, CT_PROB, CT_TABLE, CT_TBUS, CT_TGEN, CT_TBRCH, CT_TAREABUS, ...
    CT_TAREAGEN, CT_TAREABRCH, CT_ROW, CT_COL, CT_CHGTYPE, CT_REP, ...
    CT_REL, CT_ADD, CT_NEWVAL, CT_TLOAD, CT_TAREALOAD, CT_LOAD_ALL_PQ, ...
    CT_LOAD_FIX_PQ, CT_LOAD_DIS_PQ, CT_LOAD_ALL_P, CT_LOAD_FIX_P, ...
    CT_LOAD_DIS_P, CT_TGENCOST, CT_TAREAGENCOST, CT_MODCOST_F, ...
    CT_MODCOST_X] = idx_ct;

windprofile = struct( ...
    'type', 'mpcData', ...
    'table', CT_TGEN, ...
    'rows', [1:45], ...
    'col', PMAX, ...
    'chgtype', 1, ...
    'values', [] );
windprofile.values(:,1,:) = [
	3.4113 46.0944 81.7493 109.3657 14.0301 12.8594 13.8207 10.9284 25.3165 25.7642 47.6247 71.0467 106.9604 0.0 24.1889 9.113 11.3069 11.9819 15.9035 29.2117 4.6069 30.0053 55.9765 77.3869 87.929 64.1055 5.4793 707.9321 338.1159 338.1159 196.2306 39.7612 53.0116 75.1909 0.0 144.2628 468.4131 54.4442 266.6888 235.524 1.9352 142.6539 106.2228 203.4468 473.2924;
	2.978 40.2389 83.0013 108.1839 14.0411 14.9714 14.0936 13.623 25.9967 25.2458 46.6665 69.6173 104.8084 4.7946 16.8603 6.352 7.8812 8.3517 13.37 16.0189 4.6979 34.9332 60.2421 78.5935 86.0504 68.9202 6.0121 684.3723 362.073 362.073 172.1087 33.6031 44.5668 41.2327 15.0316 154.4845 473.4222 51.2519 298.1504 230.492 2.009 166.0822 100.0189 201.4547 478.3536;
	2.8073 37.9329 80.9289 100.0798 14.0444 11.4043 12.7418 9.8775 26.2587 24.3361 44.985 67.1087 101.0318 5.1446 16.5716 6.2432 7.7462 8.2087 20.001 22.724 4.2473 26.61 63.5254 78.6469 83.1269 65.6029 4.1032 623.5458 320.9371 320.9371 142.801 31.3718 66.67 58.4917 16.129 136.9332 388.0322 35.1997 224.6919 222.6614 2.095 126.5115 75.1053 147.5481 392.0742;
	2.6939 36.4003 78.193 85.071 14.1893 11.0856 11.9025 14.6666 26.2329 22.8117 42.1671 62.9051 94.7033 8.3472 11.5772 4.3616 5.4117 5.7348 10.2903 21.9613 3.9675 25.8664 67.6409 79.255 93.5289 71.4053 7.988 505.8707 265.468 265.468 163.3759 29.7284 34.3009 56.5283 26.1697 113.2663 316.9187 33.1876 174.6003 250.5239 0.0 122.9764 64.4317 183.8333 320.2199;
	2.049 27.6868 85.4476 105.9862 13.5127 13.0485 10.8607 16.0024 17.3878 20.7021 38.2675 57.0875 85.945 12.1659 15.7136 5.92 7.3452 7.7837 18.9498 24.967 3.6202 30.4464 56.4335 81.5631 96.0712 71.6712 9.1097 375.2848 196.9811 196.9811 143.3956 28.4469 63.1659 64.2651 38.1416 84.0453 182.3572 30.1198 149.3857 257.3335 11.5205 144.7508 77.7491 197.6004 184.2567;
	2.8419 38.3998 81.4352 105.2578 13.6302 20.6529 10.5813 16.5172 8.0 19.5651 36.1657 53.9521 81.2247 25.3014 8.191 3.0859 3.8288 4.0574 25.1784 21.5677 3.5271 48.1902 59.368 82.0196 96.2034 70.7239 7.1735 308.9077 178.1284 178.1284 120.1921 23.4773 83.9281 55.5154 79.3232 76.0014 148.0315 28.1477 21.7979 257.6877 11.2975 229.1099 84.7284 198.8922 149.5735;
	2.427 32.7945 83.7199 106.6955 13.6756 20.4404 11.9755 15.1653 11.6236 26.8729 49.6742 74.1041 111.5633 36.9808 13.2724 5.0003 6.2041 6.5745 25.2532 21.9682 3.9918 47.6943 69.1926 84.7699 97.8977 70.1391 10.6649 263.457 207.9229 207.9229 95.6984 15.8576 84.1774 56.5463 115.9397 88.7138 166.4287 22.4324 123.9412 262.226 8.0326 226.7523 89.9983 216.7711 168.1624;
	1.7311 23.3913 53.6101 102.0258 14.2206 17.0377 11.4938 13.34 17.6772 27.6925 51.1891 76.364 114.9656 37.0933 11.6165 4.3765 5.4301 5.7542 43.0934 45.6757 3.8313 39.7546 70.7444 82.445 94.0351 69.9138 11.5214 151.3163 168.0368 168.0368 83.6879 8.8566 143.6445 117.5693 116.2924 71.6957 112.3116 17.4706 131.6966 251.8796 3.408 189.0047 85.4061 157.7888 113.4816;
	2.6456 35.7483 79.0634 93.5945 13.9997 22.1526 10.7129 15.8164 19.1465 28.7878 53.2139 79.3846 119.5131 44.183 20.7465 7.8161 9.6978 10.2767 63.965 52.9022 3.571 51.6894 72.5066 82.7795 96.7207 71.4789 11.826 144.1592 134.392 134.392 82.215 5.4641 213.2168 136.1705 138.5197 57.3406 116.3024 27.1366 120.6784 259.0734 14.8424 245.746 76.7806 214.3661 117.5138;
	1.79 24.1866 77.5808 96.1858 11.9136 7.0655 9.6143 17.061 24.0696 29.2943 54.1501 80.7813 121.6158 44.2699 30.8751 11.632 14.4323 15.2939 72.5822 49.5905 3.2048 16.4861 72.9379 78.7162 96.5132 73.7298 12.0045 215.2882 217.4914 217.4914 95.1977 5.5871 241.9408 127.6461 138.792 92.7964 209.6941 23.7092 0.0 258.5174 0.0914 78.3798 69.5969 190.9724 211.8784;
	1.7765 24.0038 77.7339 101.4932 12.8318 23.5795 14.2814 17.9911 25.5986 29.8103 55.1038 82.2041 123.7578 52.582 4.8828 1.8396 2.2824 2.4187 68.3166 36.597 4.7605 55.0189 74.3433 85.0436 98.3751 76.3101 13.027 304.9037 291.7893 291.7893 157.5462 11.4324 227.7219 94.2008 164.8516 124.4968 294.2484 30.1138 139.2996 263.5046 1.0125 261.5755 91.8412 193.13 297.3135;
	1.6986 22.9523 82.2517 89.4354 12.367 27.9986 18.953 18.0267 25.5707 28.8867 53.3967 79.6573 119.9237 53.4585 19.2957 7.2695 9.0196 9.5581 81.234 47.7635 6.3177 65.33 72.962 85.4839 98.5748 75.8547 12.9472 437.2615 359.2524 359.2524 267.5075 14.1464 270.7801 122.9434 167.5996 153.281 409.0955 42.2333 157.0743 264.0398 0.2308 310.5975 98.1525 189.6203 413.3569;
	2.8509 38.5213 86.6002 88.0193 14.0304 29.7677 20.1359 17.8108 26.1072 29.8149 55.1123 82.2167 123.7768 56.8278 50.5397 19.0406 23.6244 25.0348 84.4079 65.2064 6.712 69.4579 74.0996 87.4986 103.1628 75.4747 12.2495 582.5593 440.3734 440.3734 308.1857 20.6344 281.3598 167.8414 178.1629 187.8926 570.3463 54.209 171.8507 276.3289 1.3162 330.2229 130.3104 221.1138 576.2874;
	3.5603 48.107 83.6931 101.5413 14.4963 29.2697 20.1411 17.817 23.4686 29.1723 53.9246 80.4449 121.1093 56.2779 67.1189 25.2866 31.3742 33.2473 87.2367 60.7329 6.7137 68.2959 69.0079 83.9533 98.6369 74.6642 12.3315 756.3095 572.2266 572.2266 384.0567 25.7807 290.7891 156.3266 176.439 244.15 698.6574 71.0986 219.7743 264.2061 4.5173 324.6983 137.0242 253.1787 705.935;
	3.7097 50.1267 84.8186 107.0292 14.8083 31.7297 23.2506 17.5114 22.8441 27.77 51.3324 76.5779 115.2876 63.6301 100.8794 38.0057 47.1553 49.9705 86.4922 61.028 7.7502 74.0361 51.3247 88.2592 100.625 72.9838 13.0093 978.2456 653.8593 653.8593 491.0301 31.3386 288.3073 157.0863 199.489 278.98 922.3646 102.7925 342.3248 269.5313 11.3424 351.9886 154.5695 246.583 931.9726;
	3.7434 50.5819 87.4176 105.5559 14.7864 32.1946 25.7585 17.4325 25.8436 22.8305 42.2018 62.9568 94.7812 65.5857 134.8627 50.8087 63.0405 66.8041 90.8169 68.0417 8.5862 75.1207 50.1974 86.1409 99.9648 73.4068 12.8011 1048.5085 711.1112 711.1112 658.9111 45.3801 302.7231 175.1394 205.6201 303.4075 995.0957 138.5013 351.2792 267.763 25.1776 357.1452 169.1454 256.601 1005.4613;
	3.7459 50.6156 87.7874 109.6771 14.8511 32.2807 27.4012 18.1803 25.5692 20.1375 37.2239 55.5307 83.6012 65.952 152.9131 57.6091 71.478 75.7453 90.5845 67.5546 9.1337 75.3215 30.7415 86.1926 99.8221 76.1442 12.8938 1055.9657 742.7805 742.7805 717.418 79.404 301.9484 173.8857 206.7683 316.9197 1010.4147 199.5725 363.1991 267.3806 3.699 358.1002 202.6113 274.7071 1020.9398;
	3.7146 50.193 92.5265 113.2587 15.05 32.8383 25.9807 18.5622 25.4859 18.5036 34.2037 51.0252 76.8181 64.1416 172.1586 64.8597 80.4741 85.2786 89.9083 70.6773 8.6602 76.6228 40.0732 88.9049 103.8804 76.0858 13.6646 1143.8249 746.7518 746.7518 729.6147 96.9408 299.6943 181.9236 201.0925 318.6141 1087.4288 223.792 364.5123 278.251 112.3328 364.2866 196.7814 262.4191 1098.7562;
	3.7791 51.0645 94.6527 118.0542 15.2897 34.1522 29.437 14.8981 26.7694 21.4641 39.676 59.1888 89.1083 62.9055 187.561 70.6625 87.6738 92.9081 90.8728 69.2981 9.8123 79.6886 58.6833 89.2302 105.6214 72.7198 13.7498 1249.0063 793.0443 793.0443 707.082 104.0813 302.9094 178.3736 197.2173 338.3656 1162.5966 227.673 434.6061 282.9144 119.3922 378.8623 211.8938 281.0941 1174.707;
