function solarprofile = ex_solar_profilesh1
%EX_WIND_PROFILE_D  Example wind_load_nyiso profile data for deterministic unit commitment.
% 2022.03.12
% Andres F. Ramirez


%% define constants
[GEN_BUS, PG, QG, QMAX, QMIN, VG, MBASE, GEN_STATUS, PMAX, PMIN, ...
    MU_PMAX, MU_PMIN, MU_QMAX, MU_QMIN, PC1, PC2, QC1MIN, QC1MAX, ...
    QC2MIN, QC2MAX, RAMP_AGC, RAMP_10, RAMP_30, RAMP_Q, APF] = idx_gen;
[CT_LABEL, CT_PROB, CT_TABLE, CT_TBUS, CT_TGEN, CT_TBRCH, CT_TAREABUS, ...
    CT_TAREAGEN, CT_TAREABRCH, CT_ROW, CT_COL, CT_CHGTYPE, CT_REP, ...
    CT_REL, CT_ADD, CT_NEWVAL, CT_TLOAD, CT_TAREALOAD, CT_LOAD_ALL_PQ, ...
    CT_LOAD_FIX_PQ, CT_LOAD_DIS_PQ, CT_LOAD_ALL_P, CT_LOAD_FIX_P, ...
    CT_LOAD_DIS_P, CT_TGENCOST, CT_TAREAGENCOST, CT_MODCOST_F, ...
    CT_MODCOST_X] = idx_ct;

solarprofile = struct( ...
    'type', 'mpcData', ...
    'table', CT_TGEN, ...
    'rows', [1:12], ...
    'col', PMAX, ...
    'chgtype', 1, ...
    'values', [] );
solarprofile.values(:,1,:) = [
	0.0 0.0 0.0 0.0 0.0 0.0 0.0 0.0 0.0 0.0 0.0 0.0;
	0.0 0.0 0.0 0.0 0.0 0.0 0.0 0.0 0.0 0.0 0.0 0.0;
	0.0 0.0 0.0 0.0 0.0 0.0 0.0 0.0 0.0 0.0 0.0 0.0;
	0.0 0.0 0.0 0.0 0.0 0.0 0.0 0.0 0.0 0.0 0.0 0.0;
	0.0 0.0 0.0 0.0 0.0 0.0 0.0 0.0 0.0 0.0 0.0 0.0;
	0.1109 0.1179 0.1183 0.0 0.0 0.2629 0.0329 0.5855 0.0 0.0 0.0 0.0;
	4.3293 5.0685 2.6903 4.3695 7.5991 72.8217 9.1027 22.9517 111.0593 34.8363 20.2385 63.0888;
	10.5222 8.9991 5.4715 8.5635 11.0564 134.3615 16.7952 40.1704 150.0457 156.3705 92.4166 283.188;
	17.5728 12.5065 8.567 9.8803 11.7087 171.3972 21.4247 52.4301 143.5045 251.8579 149.5757 456.1162;
	24.6198 16.7254 13.5297 9.5619 3.8222 381.9098 47.7387 73.6461 238.4973 262.9748 146.7634 476.249;
	23.6523 16.0537 13.2545 6.5952 1.3329 341.0395 42.6299 67.9781 223.7671 283.3743 149.3619 513.1926;
	22.8828 15.0376 12.7003 4.6522 1.1033 319.0112 39.8764 62.6828 222.8117 292.7311 152.3835 530.1378;
	24.0865 16.5824 13.7384 2.4911 0.1711 365.7116 45.714 66.4687 228.2797 319.8049 155.3203 579.1686;
	22.0363 16.0247 13.3394 3.0602 0.3702 374.72 46.84 70.191 227.8662 297.2386 136.6872 538.301;
	19.2932 15.6905 11.8573 2.6497 0.1597 345.5555 43.1944 72.7024 202.4467 222.009 102.9298 402.0596;
	8.1297 7.7175 5.6664 1.6389 0.8142 86.0369 10.7546 55.3719 33.1325 26.3148 11.7027 47.6562;
	0.9582 0.7477 0.5935 0.744 1.8953 32.8129 4.1016 9.5775 21.636 12.0916 7.5742 21.898;
	0.0 0.0 0.0 0.0 0.0 0.0 0.0 0.0 0.0 0.0 0.0 0.0;
	0.0 0.0 0.0 0.0 0.0 0.0 0.0 0.0 0.0 0.0 0.0 0.0;
	0.0 0.0 0.0 0.0 0.0 0.0 0.0 0.0 0.0 0.0 0.0 0.0;
	0.0 0.0 0.0 0.0 0.0 0.0 0.0 0.0 0.0 0.0 0.0 0.0;
	0.0 0.0 0.0 0.0 0.0 0.0 0.0 0.0 0.0 0.0 0.0 0.0;
	0.0 0.0 0.0 0.0 0.0 0.0 0.0 0.0 0.0 0.0 0.0 0.0;
	0.0 0.0 0.0 0.0 0.0 0.0 0.0 0.0 0.0 0.0 0.0 0.0;
];
