function windprofile = ex_wind_profilesh1
%EX_WIND_PROFILE_D  Example wind_load_nyiso profile data for deterministic unit commitment.
% 2022.03.12
% Andres F. Ramirez


%% define constants
[GEN_BUS, PG, QG, QMAX, QMIN, VG, MBASE, GEN_STATUS, PMAX, PMIN, ...
    MU_PMAX, MU_PMIN, MU_QMAX, MU_QMIN, PC1, PC2, QC1MIN, QC1MAX, ...
    QC2MIN, QC2MAX, RAMP_AGC, RAMP_10, RAMP_30, RAMP_Q, APF] = idx_gen;
[CT_LABEL, CT_PROB, CT_TABLE, CT_TBUS, CT_TGEN, CT_TBRCH, CT_TAREABUS, ...
    CT_TAREAGEN, CT_TAREABRCH, CT_ROW, CT_COL, CT_CHGTYPE, CT_REP, ...
    CT_REL, CT_ADD, CT_NEWVAL, CT_TLOAD, CT_TAREALOAD, CT_LOAD_ALL_PQ, ...
    CT_LOAD_FIX_PQ, CT_LOAD_DIS_PQ, CT_LOAD_ALL_P, CT_LOAD_FIX_P, ...
    CT_LOAD_DIS_P, CT_TGENCOST, CT_TAREAGENCOST, CT_MODCOST_F, ...
    CT_MODCOST_X] = idx_ct;

windprofile = struct( ...
    'type', 'mpcData', ...
    'table', CT_TGEN, ...
    'rows', [1:45], ...
    'col', PMAX, ...
    'chgtype', 1, ...
    'values', [] );
windprofile.values(:,1,:) = [
	3.746 50.6167 92.9518 117.984 15.0939 16.6335 16.3501 17.427 27.0867 25.2455 46.6659 69.6163 104.807 3.4628 22.8616 8.613 10.6865 11.3245 13.5322 28.9638 5.45 38.8114 58.017 88.3167 101.3114 72.711 7.0669 678.8355 357.149 357.149 203.8222 37.6912 45.1072 74.553 10.8564 152.3836 460.8344 55.3583 308.3655 271.3698 11.0544 184.5207 131.9337 235.7934 465.6348;
	3.6097 48.7747 92.843 114.2543 14.9349 17.1493 15.5743 16.8796 26.893 24.3825 45.0707 67.2367 101.2244 5.4952 7.5361 2.8392 3.5227 3.733 10.5217 15.4093 5.1914 40.0151 61.2417 88.0239 100.0596 72.8167 6.3817 658.7644 348.0766 348.0766 181.723 34.3198 35.0725 39.6634 17.2283 148.5127 446.5834 55.2842 302.1904 268.0167 11.6593 190.2432 119.6859 224.8582 451.2353;
	3.4917 47.1799 93.7182 114.0809 15.2984 16.7662 13.0849 17.7173 27.6743 24.5271 45.3379 67.6352 101.8245 8.0476 7.2813 2.7432 3.4036 3.6068 9.4054 22.2702 4.3616 39.1211 64.2017 87.185 100.9478 74.4799 7.844 620.0109 327.2723 327.2723 151.3315 33.9166 31.3514 57.3236 25.2305 139.6362 384.7861 37.2277 240.7307 270.3959 4.3549 185.993 97.7219 216.595 388.7943;
	3.3365 45.084 94.3659 109.0837 15.3166 16.747 12.1043 17.6862 27.0038 24.1733 44.684 66.6597 100.3558 10.1827 6.4828 2.4424 3.0304 3.2113 5.6173 21.342 4.0348 39.0763 59.8803 88.4427 102.6343 75.2147 9.6834 505.6354 258.1844 258.1844 154.2742 28.3928 18.7242 54.9344 31.9242 110.1587 292.9617 29.676 188.8954 274.9133 0.1453 185.78 91.6378 219.2703 296.0134;
	3.0189 40.7914 92.321 110.1589 14.9715 16.4747 11.1195 17.4037 17.7073 21.3173 39.4046 58.784 88.499 14.8203 10.0372 3.7815 4.6918 4.9719 17.2985 23.5082 3.7065 38.4409 38.2353 84.2825 98.6336 73.6254 9.5549 401.0643 198.8598 198.8598 154.2948 28.9852 57.6616 60.5101 46.4638 84.8469 186.6593 32.5094 178.3335 264.197 9.6809 182.7592 97.883 216.1643 188.6037;
	3.4027 45.9785 93.6135 110.992 14.8093 22.7153 11.984 17.7504 10.4095 17.241 31.8697 47.5433 71.5762 30.7138 9.7973 3.6911 4.5797 4.8531 27.9395 23.1629 3.9947 53.0023 43.9466 83.257 98.7116 74.9427 8.1738 346.9344 188.0184 188.0184 129.9266 27.2703 93.1316 59.6213 96.292 80.2212 153.3603 31.575 197.9288 264.4061 3.7143 251.9882 100.757 221.4651 154.9578;
	2.8151 38.0386 90.8321 108.6932 14.2904 23.9045 12.4333 15.7193 11.1933 22.4877 41.5682 62.0115 93.358 45.3198 19.1602 7.2185 8.9563 9.491 36.1496 30.6648 4.1444 55.7772 49.0458 81.9146 94.9974 71.932 9.4477 312.2936 223.9175 223.9175 104.2448 18.8155 120.4987 78.9313 142.0838 95.5381 191.1951 23.1694 166.0214 254.4573 0.0 265.1807 104.4858 222.5265 193.1867;
	1.8711 25.2828 73.3166 113.2295 14.3549 19.7175 12.6612 15.6764 19.0865 27.1129 50.1178 74.766 112.5597 47.8298 20.1322 7.5847 9.4106 9.9725 49.4691 50.0765 4.2204 46.0075 68.7667 82.4364 95.3211 71.8187 11.2733 176.7169 176.639 176.639 92.1951 10.7839 164.897 128.8971 149.9529 75.366 126.9545 19.0862 176.7676 255.3243 1.634 218.7329 96.4908 206.4169 128.277;
	2.8247 38.1674 83.2598 102.8354 14.4224 25.6798 10.4083 10.4363 19.5902 27.7596 51.3132 76.5492 115.2443 47.7595 13.3807 5.0411 6.2547 6.6281 63.9582 47.3714 3.4694 59.9196 64.2865 81.9458 93.7212 69.2098 7.6714 155.6049 144.7995 144.7995 79.4244 7.7477 213.1941 121.9342 149.7325 61.7811 131.0881 21.9299 134.7143 251.0391 0.0 284.8747 87.9139 227.2528 132.4536;
	1.8508 25.0087 78.0156 100.6315 11.5292 14.3501 9.5215 9.8588 25.7628 28.4565 52.6014 78.4709 118.1375 44.2653 0.963 0.3628 0.4501 0.477 70.491 41.6654 3.1738 33.4836 62.471 68.0402 84.6327 69.6098 7.6333 251.8802 221.4309 221.4309 95.495 7.0925 234.97 107.2469 138.7778 94.4772 207.8156 21.5832 5.3033 226.6946 0.0 159.1905 83.1759 197.5481 209.9803;
	1.5675 21.1807 74.6355 100.4192 11.3565 24.7867 13.9243 11.2128 26.3181 29.1729 53.9257 80.4465 121.1118 50.9485 0.718 0.2705 0.3356 0.3557 67.8048 33.1134 4.6414 57.8357 68.5804 81.5295 87.9743 70.3119 9.3079 342.5101 292.5178 292.5178 151.6071 10.4066 226.0161 85.2339 159.7305 124.8076 301.6641 30.635 152.926 235.6454 0.0 274.9673 94.736 174.1229 304.8064;
	1.715 23.1736 81.2115 90.348 11.6487 29.5996 18.9905 14.1529 25.8921 28.0393 51.8303 77.3206 116.4057 50.3657 0.1493 0.0563 0.0698 0.074 80.7432 48.7554 6.3302 69.0657 68.1006 82.4201 91.0612 70.3353 10.6173 433.6972 351.6966 351.6966 270.4579 14.2083 269.1441 125.4966 157.9033 150.0572 405.1346 46.594 179.5465 243.9138 0.0 328.358 107.5724 177.2995 409.3547;
	2.8345 38.3002 81.6844 88.6334 13.8652 29.1274 19.3605 14.0163 25.5709 27.3023 50.4679 75.2882 113.3459 51.9901 29.0439 10.9421 13.5763 14.3868 81.3096 56.3395 6.4535 67.964 58.2026 82.7296 92.8393 70.4976 8.1741 608.2514 438.358 438.358 309.9642 20.3329 271.032 145.018 162.9959 187.0328 570.339 56.9188 189.2958 248.6768 0.0 323.1205 139.3357 200.229 576.28;
	3.535 47.7653 85.8535 105.8438 14.4281 28.9697 19.9867 16.4397 25.5731 28.6781 53.011 79.082 119.0575 58.6531 55.0995 20.7584 25.7558 27.2935 83.0765 56.5117 6.6622 67.5959 64.2244 85.1455 98.079 73.6714 10.3914 764.2928 603.2073 603.2073 414.4064 26.1789 276.9216 145.4612 183.8855 257.3684 710.0218 81.178 287.6595 262.7115 0.0012 321.3703 140.5157 246.4699 717.4179;
	3.7666 50.8949 89.8338 110.4228 14.5783 32.5334 25.1615 17.7293 26.5822 26.2649 48.5502 72.4273 109.039 66.0058 95.7212 36.0624 44.7441 47.4154 83.9412 61.6506 8.3872 75.9112 46.2195 89.3151 103.5724 74.8036 12.4781 981.8392 694.6289 694.6289 539.5945 34.146 279.8041 158.6889 206.9371 296.375 942.4409 119.7651 429.616 277.4261 0.334 360.9034 165.1711 261.2069 952.258;
	3.7408 50.5465 92.6023 110.2034 15.1774 32.9973 28.458 16.7069 27.6974 21.741 40.1879 59.9524 90.2581 67.3627 126.881 47.8017 59.3095 62.8504 89.1381 67.5011 9.486 76.9936 47.1833 88.2929 102.5294 71.8022 11.898 1023.5383 722.02 722.02 706.8423 44.2315 297.1269 173.7481 211.1911 308.0618 973.6511 165.7797 407.8843 274.6324 0.6597 366.0495 178.3512 266.6891 983.7933;
	3.7506 50.6784 93.782 111.8084 14.7198 32.4923 30.0273 17.4275 27.4288 19.3098 35.6938 53.2482 80.1648 68.4294 162.8751 61.3623 76.1347 80.68 90.0371 70.4888 10.0091 75.8154 31.6782 86.4898 101.692 73.6163 12.127 931.7541 741.5355 741.5355 746.7898 74.4201 300.1235 181.4383 214.5354 316.3885 931.0344 214.5293 427.6414 272.3893 0.4769 360.4479 209.2976 275.2403 940.7327;
	3.6728 49.6279 93.5676 112.3293 14.2653 32.1944 30.2977 18.1968 27.6911 17.7005 32.7191 48.8104 73.4838 67.559 181.0349 68.2038 84.6233 89.6754 87.741 72.1951 10.0992 75.1203 32.306 87.3379 105.2855 74.7492 13.2718 1037.1999 734.0736 734.0736 700.3318 85.7888 292.47 185.8304 211.8065 313.2048 995.2637 228.9534 456.023 282.0147 102.149 357.1434 199.8433 268.6554 1005.631;
	3.7798 51.0732 94.2526 118.5607 14.6444 33.4429 31.6609 13.8311 27.872 21.0909 38.9863 58.1599 87.5593 65.3938 188.8111 71.1335 88.2582 93.5273 86.8742 70.3733 10.5536 78.0334 48.2771 88.0514 105.185 67.2071 13.0133 1169.4382 744.1187 744.1187 663.6747 101.6844 289.5806 181.1411 205.0183 317.4906 1071.8236 247.181 459.7897 281.7455 117.4374 370.9931 214.1019 271.5579 1082.9884;
