function solarprofile = ex_solar_profilesh1
%EX_WIND_PROFILE_D  Example wind_load_nyiso profile data for deterministic unit commitment.
% 2022.03.12
% Andres F. Ramirez


%% define constants
[GEN_BUS, PG, QG, QMAX, QMIN, VG, MBASE, GEN_STATUS, PMAX, PMIN, ...
    MU_PMAX, MU_PMIN, MU_QMAX, MU_QMIN, PC1, PC2, QC1MIN, QC1MAX, ...
    QC2MIN, QC2MAX, RAMP_AGC, RAMP_10, RAMP_30, RAMP_Q, APF] = idx_gen;
[CT_LABEL, CT_PROB, CT_TABLE, CT_TBUS, CT_TGEN, CT_TBRCH, CT_TAREABUS, ...
    CT_TAREAGEN, CT_TAREABRCH, CT_ROW, CT_COL, CT_CHGTYPE, CT_REP, ...
    CT_REL, CT_ADD, CT_NEWVAL, CT_TLOAD, CT_TAREALOAD, CT_LOAD_ALL_PQ, ...
    CT_LOAD_FIX_PQ, CT_LOAD_DIS_PQ, CT_LOAD_ALL_P, CT_LOAD_FIX_P, ...
    CT_LOAD_DIS_P, CT_TGENCOST, CT_TAREAGENCOST, CT_MODCOST_F, ...
    CT_MODCOST_X] = idx_ct;

solarprofile = struct( ...
    'type', 'mpcData', ...
    'table', CT_TGEN, ...
    'rows', [1:12], ...
    'col', PMAX, ...
    'chgtype', 1, ...
    'values', [] );
solarprofile.values(:,1,:) = [
	0.0 0.0 0.0 0.0 0.0 0.0 0.0 0.0 0.0 0.0 0.0 0.0;
	0.0 0.0 0.0 0.0 0.0 0.0 0.0 0.0 0.0 0.0 0.0 0.0;
	0.0 0.0 0.0 0.0 0.0 0.0 0.0 0.0 0.0 0.0 0.0 0.0;
	0.0 0.0 0.0 0.0 0.0 0.0 0.0 0.0 0.0 0.0 0.0 0.0;
	0.0 0.0 0.0 0.0 0.0 0.0 0.0 0.0 0.0 0.0 0.0 0.0;
	0.0951 0.0972 0.1077 0.0 0.0 0.1251 0.0156 0.2191 0.0 0.0 0.0 0.0;
	1.3825 1.1599 0.7501 1.4297 6.0679 74.7643 9.3455 20.6239 29.4258 224.6345 82.6303 406.8144;
	2.8479 2.6632 4.1507 3.0008 10.6444 48.0054 6.0007 7.3371 23.7292 346.8726 166.9029 628.1883;
	6.6953 6.2488 7.467 5.3936 11.7571 55.6173 6.9522 6.015 38.8686 339.934 162.4883 615.6225;
	21.736 15.9355 13.1794 10.666 10.9734 370.1577 46.2697 59.5836 245.4448 261.6871 146.2799 473.9169;
	20.9253 16.0537 12.6381 11.1561 10.0195 353.0325 44.1291 59.5108 256.2488 274.756 172.141 497.5848;
	16.3583 15.756 10.6392 11.1888 9.7685 303.8391 37.9799 53.5181 252.1212 286.2151 196.3772 518.3372;
	21.2537 16.5568 13.2145 5.3706 6.7334 216.7327 27.0916 27.0969 222.4208 273.5414 184.8101 495.3852;
	20.6095 15.819 12.9026 5.3508 7.5838 240.5336 30.0667 32.5996 205.145 256.9714 146.3683 465.3768;
	18.4934 12.831 9.9974 4.5165 8.7778 256.6329 32.0791 41.6074 199.0307 207.3923 102.7425 375.5888;
	10.1888 6.6749 5.4768 5.5071 8.9424 102.6452 12.8306 18.8139 74.7981 49.8306 13.6102 90.2435;
	0.9971 0.8094 0.7407 0.9766 2.3464 34.8838 4.3605 6.3721 29.521 16.2241 9.003 29.382;
	0.0 0.0 0.0 0.0 0.0 0.0 0.0 0.0 0.0 0.0 0.0 0.0;
	0.0 0.0 0.0 0.0 0.0 0.0 0.0 0.0 0.0 0.0 0.0 0.0;
	0.0 0.0 0.0 0.0 0.0 0.0 0.0 0.0 0.0 0.0 0.0 0.0;
	0.0 0.0 0.0 0.0 0.0 0.0 0.0 0.0 0.0 0.0 0.0 0.0;
	0.0 0.0 0.0 0.0 0.0 0.0 0.0 0.0 0.0 0.0 0.0 0.0;
	0.0 0.0 0.0 0.0 0.0 0.0 0.0 0.0 0.0 0.0 0.0 0.0;
	0.0 0.0 0.0 0.0 0.0 0.0 0.0 0.0 0.0 0.0 0.0 0.0;
];
