function loadprofile = ex_load_profilesh1
%EX_LOAD_PROFILE  Example load profile data file for stochastic unit commitment.
% 2022.03.12
% Andres F. Ramirez

%% define constants
[CT_LABEL, CT_PROB, CT_TABLE, CT_TBUS, CT_TGEN, CT_TBRCH, CT_TAREABUS, ...
    CT_TAREAGEN, CT_TAREABRCH, CT_ROW, CT_COL, CT_CHGTYPE, CT_REP, ...
    CT_REL, CT_ADD, CT_NEWVAL, CT_TLOAD, CT_TAREALOAD, CT_LOAD_ALL_PQ, ...
    CT_LOAD_FIX_PQ, CT_LOAD_DIS_PQ, CT_LOAD_ALL_P, CT_LOAD_FIX_P, ...
    CT_LOAD_DIS_P, CT_TGENCOST, CT_TAREAGENCOST, CT_MODCOST_F, ...
    CT_MODCOST_X] = idx_ct;

loadprofile = struct( ...
    'type', 'mpcData', ...
    'table', CT_TAREALOAD, ...
    'rows', [1:11], ...
    'col', CT_LOAD_ALL_P, ...
    'chgtype', 1, ...
    'values', [] );
loadprofile.values(:,1,:) = [
	1503.2959 931.7 1569.1009 561.4 865.6378 1160.212 833.5047 211.9497 478.3974 4364.4577 1773.0453;
	1490.5059 932.6419 1577.0259 546.3377 864.214 1160.6 839.1211 218.9447 487.3 4291.2891 1741.2;
	1522.0613 939.5606 1598.7055 543.7106 855.7578 1171.6226 834.8739 220.9049 482.2 4347.0132 1823.9646;
	1558.8 1015.3851 1716.5112 553.5458 913.7516 1246.4986 887.8018 233.1512 530.3843 4572.4989 1921.6632;
	1730.9292 1149.0 1912.4134 583.196 1036.5727 1400.5989 1003.7 288.3789 615.1498 5116.7145 2139.5815;
	1806.3935 1217.4 2021.6362 590.4697 1098.4699 1510.9158 1035.5 322.2552 669.8948 5659.2093 2266.7184;
	1805.2498 1230.5 2035.9272 598.3051 1102.4024 1479.2 1055.0667 320.032 679.4231 5964.2283 2282.65;
	1825.2 1225.734 1995.3131 595.5183 1053.5428 1453.0654 1046.0284 318.3206 683.442 6066.5323 2264.9859;
	1812.0534 1228.2652 1977.8 583.4939 1020.0528 1453.694 1007.6079 318.0 668.1855 6020.4589 2180.7644;
	1784.4114 1235.8106 1978.8706 577.4 1012.3378 1419.7398 1026.5353 321.1019 673.8873 6189.5131 2239.0901;
	1746.4706 1204.4 1904.8888 572.9197 997.3423 1357.6137 978.7377 316.6 650.6544 6108.4486 2189.7266;
	1722.0177 1168.302 1889.6223 555.3134 997.0708 1339.235 1020.32 307.4894 634.1683 6128.7082 2211.7759;
	1697.2915 1169.9106 1790.1533 538.7 950.536 1299.6177 980.7089 299.4161 633.1318 6115.6527 2207.3703;
	1724.6363 1193.2053 1817.5548 534.0507 966.9 1306.5073 996.5704 291.2434 627.7332 6109.0334 2179.3785;
	1730.4609 1191.2397 1828.8694 535.5522 972.3904 1348.9853 1010.6386 298.2703 627.5181 6186.5409 2317.7624;
	1719.4049 1179.2657 1847.9453 547.7 992.5584 1349.239 1007.4408 303.5 575.5965 6226.1908 2317.3666;
	1684.788 1188.3052 1851.2112 545.0653 996.1548 1332.1291 1020.022 337.8106 598.9693 6322.0448 2394.6026;
	1767.7575 1242.5945 1886.9029 545.2301 992.4087 1408.8047 1047.7109 332.2816 539.5612 6210.093 2462.9141;
	1836.6293 1272.0627 1954.5399 548.4217 1012.0418 1435.2492 1064.092 328.4394 583.1452 6086.3287 2429.4621;
	1792.2604 1216.9401 1871.7697 537.5 975.2225 1348.4181 1032.687 335.2943 565.7194 5949.9535 2352.7492;
	1709.5528 1127.9016 1757.4146 527.0338 913.2 1278.7386 976.8611 300.7 540.1327 5608.7018 2164.3039;
	1590.3164 1039.2985 1614.1106 519.3245 850.7952 1185.0 899.7182 250.9718 492.2274 5163.3256 1970.9358;
	1457.3 930.1731 1531.1296 484.028 835.4 1219.2979 892.73 246.4506 503.1234 5104.6464 2057.8964;
	1468.775 937.6564 1537.61 463.6407 808.7895 1204.3589 884.8829 239.5096 468.2208 4846.3297 1983.0822;
];
