function windprofile = ex_wind_profilesh1
%EX_WIND_PROFILE_D  Example wind_load_nyiso profile data for deterministic unit commitment.
% 2022.03.12
% Andres F. Ramirez


%% define constants
[GEN_BUS, PG, QG, QMAX, QMIN, VG, MBASE, GEN_STATUS, PMAX, PMIN, ...
    MU_PMAX, MU_PMIN, MU_QMAX, MU_QMIN, PC1, PC2, QC1MIN, QC1MAX, ...
    QC2MIN, QC2MAX, RAMP_AGC, RAMP_10, RAMP_30, RAMP_Q, APF] = idx_gen;
[CT_LABEL, CT_PROB, CT_TABLE, CT_TBUS, CT_TGEN, CT_TBRCH, CT_TAREABUS, ...
    CT_TAREAGEN, CT_TAREABRCH, CT_ROW, CT_COL, CT_CHGTYPE, CT_REP, ...
    CT_REL, CT_ADD, CT_NEWVAL, CT_TLOAD, CT_TAREALOAD, CT_LOAD_ALL_PQ, ...
    CT_LOAD_FIX_PQ, CT_LOAD_DIS_PQ, CT_LOAD_ALL_P, CT_LOAD_FIX_P, ...
    CT_LOAD_DIS_P, CT_TGENCOST, CT_TAREAGENCOST, CT_MODCOST_F, ...
    CT_MODCOST_X] = idx_ct;

windprofile = struct( ...
    'type', 'mpcData', ...
    'table', CT_TGEN, ...
    'rows', [1:45], ...
    'col', PMAX, ...
    'chgtype', 1, ...
    'values', [] );
windprofile.values(:,1,:) = [
	3.5242 47.6191 58.7293 112.4204 14.6774 15.2786 15.3331 17.3806 27.9784 23.4934 43.4271 64.7848 97.5331 6.8194 22.5988 8.514 10.5636 11.1943 11.1236 29.9583 5.111 35.6501 40.3578 84.3801 92.6185 69.6736 7.9487 669.0185 423.0531 423.0531 241.3208 32.7081 37.0786 77.1127 21.3797 180.5027 532.0994 59.6949 314.8329 248.0853 13.4192 169.4909 120.1037 209.9589 537.6421;
	3.569 48.2251 83.4926 111.4366 14.769 17.1192 14.2068 16.9695 27.3648 24.9943 46.2016 68.9237 103.7643 8.18 17.0886 6.438 7.9879 8.4648 12.2937 17.5372 4.7356 39.9448 58.5491 86.3653 96.7025 70.8491 7.0106 705.0698 403.0926 403.0926 203.7857 28.2676 40.9791 45.1408 25.6453 171.9862 529.2704 53.9329 309.4194 259.0245 11.5755 189.9089 109.5023 206.8686 534.7837;
	3.3089 44.7103 83.0858 109.6119 14.8061 14.4066 12.9492 15.2458 27.944 24.9625 46.1429 68.8361 103.6324 8.8823 18.181 6.8496 8.4985 9.0059 22.4132 26.2674 4.3164 33.6154 60.197 84.2363 90.102 69.7295 7.0886 664.2405 372.5046 372.5046 173.3042 28.8118 74.7107 67.6124 27.8471 158.9353 458.543 35.48 253.139 241.3447 4.3565 159.817 92.5588 186.8744 463.3195;
	3.0525 41.2458 76.2577 99.8712 15.0289 13.8197 11.4979 9.076 27.2634 24.3643 45.037 67.1864 101.1487 11.8994 14.3923 5.4222 6.7275 7.1292 13.5984 25.0792 3.8326 32.2459 65.0404 82.3349 92.3738 70.9826 5.3239 547.2497 305.416 305.416 201.2906 29.3002 45.3282 64.5539 37.3063 130.3108 368.6375 30.2893 194.1889 247.4298 0.0302 153.3061 83.3661 188.6601 372.4775;
	2.6016 35.153 83.4024 108.5258 14.931 15.6242 10.0764 14.0169 18.0781 21.8031 40.3028 60.1238 90.5161 16.7409 19.7884 7.4552 9.2499 9.8022 20.4538 29.6385 3.3588 36.4564 48.3518 84.2522 96.3494 71.1989 8.0562 395.9424 235.0148 235.0148 162.0485 25.8688 68.1793 76.2895 52.4849 100.273 241.2322 28.2583 174.7546 258.0788 14.2619 173.3241 88.463 213.7895 243.7451;
	2.9993 40.5276 85.9296 110.3603 14.139 22.333 9.523 15.4636 9.1428 20.8602 38.5597 57.5235 86.6013 26.1325 18.205 6.8586 8.5098 9.0178 33.8102 29.8826 3.1743 52.1104 56.732 85.3853 96.844 71.2494 6.3169 300.1565 195.3689 195.3689 132.0307 15.5668 112.7007 76.9178 81.9288 83.3574 171.122 20.9163 174.4494 259.4037 13.3009 247.7477 88.0989 206.151 172.9045;
	2.5265 34.138 83.3094 105.7873 13.75 22.4978 10.6291 13.3152 11.5161 27.8106 51.4074 76.6897 115.456 40.5692 24.3973 9.1916 11.4043 12.0852 35.7073 35.1269 3.543 52.4949 68.7492 83.7119 92.7573 69.605 8.353 258.4336 220.7568 220.7568 104.9419 13.6509 119.0243 90.4168 127.1899 94.1896 191.0981 14.6369 145.362 248.4572 8.2519 249.5759 93.0183 214.9167 193.0887;
	1.7939 24.2395 66.2965 110.3574 14.0207 19.8029 11.1 15.2466 15.3285 28.7094 53.069 79.1685 119.1877 42.2677 30.9481 11.6595 14.4664 15.3301 49.8616 56.4637 3.7 46.2067 71.3277 84.3178 92.0546 69.7185 11.5343 152.7034 187.1257 187.1257 100.2158 8.1775 166.2053 145.3377 132.5148 79.8403 138.0255 16.8332 142.7175 246.575 5.774 219.6799 94.6587 201.0593 139.4633;
	2.7217 36.7761 73.2148 92.6525 13.917 23.3536 10.0921 14.2461 16.6664 28.3264 52.3609 78.1121 117.5974 41.282 25.0088 9.4219 11.6902 12.3881 60.0629 57.867 3.364 54.4917 70.6622 82.7494 86.6924 68.8256 11.2044 116.2657 144.8067 144.8067 79.1968 5.5057 200.2096 148.9498 129.4245 61.7842 122.4845 15.7023 130.6224 232.2118 15.0207 259.0692 81.9977 205.4403 123.7604;
	1.8965 25.6257 62.9586 94.0448 12.0483 11.2163 9.6802 10.8231 23.8701 29.4032 54.3514 81.0815 122.0678 34.5968 73.2413 27.5932 34.236 36.28 70.274 46.8137 3.2267 26.1713 72.6195 78.6688 84.2389 67.5272 10.9915 240.1785 215.3477 215.3477 75.8935 7.691 234.2467 120.4987 108.4657 91.8817 213.0874 16.5025 80.5202 225.64 0.2716 124.4257 77.3815 177.865 215.3071;
	1.6651 22.4986 71.5943 94.6373 12.2903 23.9323 14.0676 14.4719 25.4962 27.9731 51.7078 77.1379 116.1307 37.7902 67.285 25.3492 31.4518 33.3296 65.2514 32.4247 4.6892 55.842 67.1476 84.6815 80.0226 69.1475 10.8923 390.5367 298.9155 298.9155 148.7551 12.7101 217.5046 83.4612 118.4774 127.5373 332.45 24.9458 169.9567 214.3462 5.1221 265.4889 93.0812 181.0127 335.913;
	1.6058 21.6978 72.5417 81.308 10.986 28.068 18.9185 13.6116 25.0451 24.6762 45.6136 68.0465 102.4437 39.0774 32.8342 12.3701 15.3481 16.2644 78.7029 39.7323 6.3062 65.4919 57.1414 80.458 80.6583 65.1583 10.1904 454.2215 337.7311 337.7311 252.3233 17.1523 262.343 102.2711 122.5129 144.0986 405.8592 34.852 189.6219 216.0489 0.4102 311.3674 100.8889 172.7215 410.0869;
	3.0105 40.678 81.063 83.9921 13.3076 30.7762 20.026 15.1884 25.9534 24.7675 45.7823 68.2982 102.8226 34.7252 41.1146 15.4897 19.2187 20.366 83.3588 43.6471 6.6753 71.8111 56.5355 83.2105 93.8431 63.0987 9.8541 668.8304 412.7196 412.7196 241.0839 20.0837 277.8626 112.3477 108.8683 176.0937 579.9652 43.7405 213.5523 251.3654 0.2413 341.4107 141.168 202.659 586.0065;
	3.6096 48.7733 78.6527 99.4228 13.9716 29.3787 21.6125 15.8552 26.0953 23.7559 43.9125 65.5087 98.6231 46.4992 54.9745 20.7113 25.6974 27.2315 85.6281 35.8141 7.2042 68.5503 45.4358 81.8217 91.5603 69.007 10.1013 817.4476 553.9453 553.9453 335.6573 26.9371 285.427 92.1855 145.7811 236.35 690.198 69.193 274.209 245.2508 1.9575 325.9077 141.4556 240.5007 697.3875;
	3.8087 51.4641 85.5704 108.1931 14.4617 32.8138 26.1376 16.5435 27.0666 20.2068 37.352 55.7218 83.8889 44.0098 84.9251 31.9951 39.6976 42.0676 85.2631 41.4146 8.7125 76.5655 21.1857 84.2649 97.66 69.3793 11.0598 1068.7291 661.6102 661.6102 468.4816 35.505 284.2103 106.6012 137.9766 282.287 918.5737 105.1719 413.1911 261.5894 14.0514 364.0142 165.8543 238.899 928.1422;
	3.7185 50.2445 86.766 110.6392 14.7183 32.6771 27.7878 16.2135 27.875 19.1998 35.4905 52.9449 79.7083 59.7064 127.6511 48.0918 59.6695 63.2318 90.6977 62.8793 9.2626 76.2465 20.2314 83.4345 96.7678 69.7368 11.5239 1134.5683 706.6989 706.6989 601.3998 45.7778 302.3257 161.8516 187.1877 301.5249 975.6889 152.7135 383.7917 259.1994 8.4379 362.4978 174.7904 251.4307 985.8523;
	3.7768 51.0333 86.8219 111.962 15.097 33.1191 29.8181 16.6525 27.6608 10.6412 19.6701 29.3439 44.177 63.179 173.8091 65.4816 81.2457 86.0961 87.5572 69.3352 9.9394 77.2779 0.0 83.6198 97.1227 70.6318 11.5634 1027.794 768.2036 768.2036 675.2338 76.5827 291.8575 178.4689 198.0749 327.7669 979.776 204.2804 401.1102 260.15 32.2104 367.401 211.3399 271.5921 989.982;
	3.7913 51.2283 91.083 112.7095 15.2968 33.1377 28.7779 17.8529 26.8805 17.8813 33.0534 49.3091 74.2346 65.0762 188.8071 71.132 88.2564 93.5254 90.8318 71.784 9.5926 77.3212 11.8543 86.7709 101.9209 70.8804 12.8294 1149.0195 767.7652 767.7652 689.8364 91.7118 302.7727 184.7722 204.0227 327.5798 1028.8123 242.9168 406.2729 273.0025 114.8731 367.6072 205.1424 268.989 1039.5291;
	3.8642 52.214 89.8105 116.557 15.3846 34.6414 30.2318 13.4063 27.3235 20.1203 37.1921 55.4833 83.5298 67.3867 198.6083 74.8245 92.8378 98.3804 90.8831 72.4583 10.0773 80.83 42.5449 87.6054 102.8874 61.9582 12.7726 1164.4123 780.3461 780.3461 646.863 98.5454 302.9438 186.5078 211.2666 332.9477 1069.108 231.1723 439.2704 275.5913 122.7427 384.2888 215.3538 277.8174 1080.2446;
