function windprofile = ex_wind_profilesh1
%EX_WIND_PROFILE_D  Example wind_load_nyiso profile data for deterministic unit commitment.
% 2022.03.12
% Andres F. Ramirez


%% define constants
[GEN_BUS, PG, QG, QMAX, QMIN, VG, MBASE, GEN_STATUS, PMAX, PMIN, ...
    MU_PMAX, MU_PMIN, MU_QMAX, MU_QMIN, PC1, PC2, QC1MIN, QC1MAX, ...
    QC2MIN, QC2MAX, RAMP_AGC, RAMP_10, RAMP_30, RAMP_Q, APF] = idx_gen;
[CT_LABEL, CT_PROB, CT_TABLE, CT_TBUS, CT_TGEN, CT_TBRCH, CT_TAREABUS, ...
    CT_TAREAGEN, CT_TAREABRCH, CT_ROW, CT_COL, CT_CHGTYPE, CT_REP, ...
    CT_REL, CT_ADD, CT_NEWVAL, CT_TLOAD, CT_TAREALOAD, CT_LOAD_ALL_PQ, ...
    CT_LOAD_FIX_PQ, CT_LOAD_DIS_PQ, CT_LOAD_ALL_P, CT_LOAD_FIX_P, ...
    CT_LOAD_DIS_P, CT_TGENCOST, CT_TAREAGENCOST, CT_MODCOST_F, ...
    CT_MODCOST_X] = idx_ct;

windprofile = struct( ...
    'type', 'mpcData', ...
    'table', CT_TGEN, ...
    'rows', [1:45], ...
    'col', PMAX, ...
    'chgtype', 1, ...
    'values', [] );
windprofile.values(:,1,:) = [
	3.4134 46.1229 86.2773 116.2037 13.8854 12.1243 14.5182 16.2078 27.1544 24.445 45.1863 67.4091 101.484 6.4312 20.5237 7.7322 9.5936 10.1664 15.1703 23.2157 4.8394 28.29 52.1838 82.4492 92.1445 64.0809 6.7238 663.3472 339.2721 339.2721 202.591 38.5781 50.5677 59.7573 20.1627 144.7561 480.9585 52.2412 279.3038 246.8157 10.2426 134.4986 125.4561 227.9762 485.9684;
	3.112 42.0502 89.5167 115.9671 14.0075 14.2329 12.5976 17.2943 26.1248 22.3222 41.2622 61.5551 92.6709 5.6332 9.3157 3.5096 4.3545 4.6145 11.9513 6.904 4.1992 33.2102 51.31 85.4766 97.121 70.9323 6.9221 665.2061 331.3716 331.3716 157.7806 33.2365 39.8375 17.7709 17.661 141.3852 460.127 47.8787 267.2827 260.1456 13.3849 157.8907 110.708 226.8134 464.92;
	3.0914 41.7711 91.1765 117.74 14.5512 13.5805 11.6203 17.6654 26.5216 23.0273 42.5655 63.4994 95.598 7.0526 11.0886 4.1776 5.1833 5.4927 18.4615 11.0882 3.8734 31.6877 53.5041 88.6874 99.5803 72.0756 7.9389 614.5275 321.3026 321.3026 146.6111 33.3908 61.5383 28.5411 22.1107 137.0891 375.8388 37.9249 217.8812 266.7329 5.3027 150.6526 93.1256 218.8941 379.7537;
	2.5715 34.7462 90.8197 113.0004 14.1673 11.9488 10.3225 17.7321 25.9471 22.627 41.8257 62.3956 93.9363 9.0998 8.5735 3.23 4.0076 4.2469 7.7686 8.7302 3.4408 27.8806 51.669 89.3045 102.6382 74.3664 9.719 478.9502 253.3048 253.3048 156.0405 29.6026 25.8953 22.4714 28.5292 108.0767 274.3119 30.2078 152.7423 274.9237 5.3955 132.5525 72.9249 225.1814 277.1693;
	2.2903 30.9472 91.8699 115.7671 14.3845 13.3062 9.9752 17.9647 17.4715 21.3416 39.4495 58.8509 88.5998 11.4947 17.5201 6.6006 8.1896 8.6786 19.6414 18.1869 3.3251 31.0478 49.0169 88.5116 104.6395 74.6278 9.8214 360.0253 205.2686 205.2686 144.6712 28.2696 65.4715 46.8132 36.0374 87.5813 176.4488 34.4619 163.3147 280.2843 13.5844 147.6103 79.1654 238.8794 178.2868;
	2.8424 38.4074 92.4066 118.4273 14.1718 20.8712 10.5231 18.1148 10.0382 19.6487 36.3204 54.1829 81.572 22.5639 12.6087 4.7503 5.8938 6.2457 26.9216 16.1162 3.5077 48.6994 52.2245 88.2 103.6145 71.3555 8.5831 262.4267 185.1772 185.1772 123.6428 25.4525 89.7386 41.4831 70.741 79.009 137.3982 34.7449 178.4634 277.5389 15.8894 231.531 87.5038 242.4629 138.8295;
	2.5044 33.8406 90.7928 118.891 14.0952 22.7268 11.2527 18.0323 12.3591 26.8882 49.7024 74.1461 111.6266 35.9705 25.3023 9.5325 11.8274 12.5335 33.6866 28.4838 3.7509 53.0292 64.5465 87.9272 102.7706 72.6113 12.0613 220.5717 220.52 220.52 97.1137 14.665 112.2887 73.3175 112.7723 94.0886 168.9043 27.233 161.7904 275.2783 13.503 252.1159 93.8801 255.2496 170.6637;
	1.9386 26.1948 74.5652 119.4552 14.8659 19.4985 11.0082 18.4312 18.5308 28.6045 52.875 78.879 118.7519 39.6394 25.6544 9.6651 11.9919 12.7079 47.9987 44.993 3.6694 45.4965 71.858 88.9227 104.2259 72.2655 12.9564 89.5988 170.3221 170.3221 87.6206 7.979 159.9957 115.8122 124.2748 72.6708 108.5719 27.9489 173.999 279.1767 12.3463 216.3036 92.2227 228.3981 109.7028;
	2.9495 39.8546 85.5993 109.6872 14.7505 24.0905 10.1555 18.5539 19.977 28.6181 52.9002 78.9167 118.8087 44.4914 20.6208 7.7688 9.639 10.2145 61.0306 45.3748 3.3852 56.2112 70.9808 87.0791 103.3747 71.1115 12.6091 77.163 147.7094 147.7094 80.0251 7.2684 203.4354 116.7949 139.4865 63.0227 110.9307 38.9522 132.4768 276.8964 21.0137 267.244 83.8323 238.0148 112.0862;
	2.3698 32.0218 88.2275 115.8938 13.813 15.4791 10.0049 18.7802 25.0765 29.4025 54.3501 81.0797 122.065 48.194 88.6351 33.3928 41.4318 43.9053 74.4914 48.3413 3.335 36.118 72.6457 89.1729 105.0512 73.1936 13.3282 204.176 234.6724 234.6724 95.6624 8.201 248.3045 124.4305 151.0946 100.1269 213.0835 28.775 126.5455 281.387 51.3663 171.7153 81.7456 231.8735 215.3032;
	1.9228 25.9819 81.8338 112.1662 13.5915 27.1409 14.4463 18.5598 26.6453 29.509 54.547 81.3734 122.5072 53.0829 40.1039 15.1089 18.7462 19.8654 67.9903 36.8125 4.8154 63.3288 72.8919 89.5908 101.3366 72.8141 13.2363 330.7886 311.5571 311.5571 179.4666 13.4652 226.6345 94.7554 166.422 132.931 331.1543 38.7582 182.339 271.4374 84.7865 301.0832 99.4543 203.4264 334.6038;
	1.8754 25.3403 88.1191 98.8965 13.2211 31.8991 19.314 19.031 26.598 29.8789 55.2307 82.3933 124.0427 52.2257 104.1511 39.2383 48.6846 51.5911 82.5597 52.7364 6.438 74.4312 74.3802 88.9711 102.8407 72.1735 13.4918 440.0964 371.5556 371.5556 283.1294 16.3992 275.199 135.7435 163.7345 158.5304 445.4488 51.3039 222.8045 275.4662 80.3975 353.8671 113.1705 192.4669 450.0889;
	3.0761 41.5653 92.1352 95.6805 14.5837 31.6512 19.5303 18.7043 26.6598 29.1102 53.8098 80.2737 120.8516 53.6719 52.0412 19.6062 24.3263 25.7786 85.8357 64.9697 6.5101 73.8528 72.2988 89.7593 106.2092 73.635 13.0351 574.7887 447.521 447.521 304.4569 24.1184 286.1191 167.2321 168.2685 190.9423 592.9682 61.5448 220.092 284.489 85.6873 351.1172 145.1575 228.1956 599.145;
	3.5481 47.9429 91.321 112.163 14.7361 30.7525 20.6674 18.7721 26.2043 30.2725 55.9582 83.4786 125.6766 54.0084 65.3183 24.6083 30.5325 32.3553 86.6907 61.1966 6.8891 71.7558 71.0007 90.056 105.0684 76.1904 13.1692 662.9311 540.0479 540.0479 369.1085 26.2123 288.9689 157.5201 169.3236 230.4204 679.0114 75.0466 275.8684 281.4331 69.7068 341.1473 137.8596 262.6547 686.0844;
	3.5849 48.4397 90.7715 112.5292 15.0792 32.7706 25.7561 18.8813 27.5517 25.9746 48.0137 71.627 107.8341 63.472 94.9375 35.7672 44.3778 47.0272 84.9811 57.709 8.5854 76.4646 47.1551 89.6854 104.2704 75.2697 13.8191 774.3851 642.2574 642.2574 474.2399 30.8004 283.2705 148.5431 198.9934 274.0298 887.2234 105.521 431.9118 279.2957 48.0893 363.5346 152.1928 246.2433 896.4653;
	3.7775 51.0426 92.3747 114.1369 15.2857 33.4813 29.0951 18.8111 27.6106 21.4283 39.6099 59.0902 88.96 63.9964 136.8018 51.5393 63.9469 67.7646 89.5978 68.8503 9.6984 78.1231 43.3096 88.2941 103.9617 75.4215 13.4952 986.7382 743.3737 743.3737 669.8015 47.2795 298.6594 177.2208 200.6373 317.1728 1050.0032 161.5087 409.8439 278.4688 89.6289 371.4195 171.2037 264.3113 1060.9408;
	3.8393 51.8768 92.2628 117.7535 15.2645 34.3052 31.2422 18.8486 27.9699 21.2954 39.3642 58.7236 88.408 67.0714 169.4468 63.8381 79.2065 83.9353 87.8906 70.0356 10.4141 80.0454 27.954 88.9443 103.8032 74.7294 13.3547 1078.8206 811.5038 811.5038 753.406 78.9047 292.9687 180.2717 210.2778 346.2416 1097.092 211.3711 437.8625 278.0443 92.3336 380.5585 207.9292 279.1372 1108.52;
	3.8696 52.2874 93.825 114.5981 14.8038 34.0922 29.5855 18.3715 27.3833 18.7436 34.6473 51.687 77.8145 65.9336 182.8152 68.8746 85.4555 90.5573 89.1041 71.9728 9.8618 79.5485 31.5424 87.5858 103.0294 72.4694 13.5299 1119.283 805.5898 805.5898 748.1729 93.9068 297.0135 185.2583 206.7109 343.7183 1115.3562 227.2778 460.7474 275.9716 119.4233 378.1962 201.0763 272.9524 1126.9745;
	3.8801 52.4287 92.993 119.0396 15.1479 35.0036 31.3035 12.8671 28.2797 21.3261 39.4209 58.8083 88.5355 64.9021 195.2329 73.5529 91.26 96.7084 88.9371 68.9613 10.4345 81.675 46.6815 86.8648 101.8875 63.8457 12.7895 1173.0386 796.6403 796.6403 715.248 100.5607 296.4568 177.5066 203.4768 339.8999 1142.1419 234.3991 476.7551 272.9129 121.7441 388.3062 209.5613 276.4149 1154.0393;
