function loadprofile = ex_load_profilesh1
%EX_LOAD_PROFILE  Example load profile data file for stochastic unit commitment.
% 2022.03.12
% Andres F. Ramirez

%% define constants
[CT_LABEL, CT_PROB, CT_TABLE, CT_TBUS, CT_TGEN, CT_TBRCH, CT_TAREABUS, ...
    CT_TAREAGEN, CT_TAREABRCH, CT_ROW, CT_COL, CT_CHGTYPE, CT_REP, ...
    CT_REL, CT_ADD, CT_NEWVAL, CT_TLOAD, CT_TAREALOAD, CT_LOAD_ALL_PQ, ...
    CT_LOAD_FIX_PQ, CT_LOAD_DIS_PQ, CT_LOAD_ALL_P, CT_LOAD_FIX_P, ...
    CT_LOAD_DIS_P, CT_TGENCOST, CT_TAREAGENCOST, CT_MODCOST_F, ...
    CT_MODCOST_X] = idx_ct;

loadprofile = struct( ...
    'type', 'mpcData', ...
    'table', CT_TAREALOAD, ...
    'rows', [1:11], ...
    'col', CT_LOAD_ALL_P, ...
    'chgtype', 1, ...
    'values', [] );
loadprofile.values(:,1,:) = [
	1417.7286 914.1881 1552.8898 564.5 755.7219 1104.8 850.0833 197.8746 477.8988 4356.2344 1811.6172;
	1438.8 914.0572 1549.0222 567.9692 743.4889 1121.6435 862.6258 213.536 480.682 4387.8769 1746.7706;
	1462.7476 944.5 1606.2141 573.5298 732.1012 1146.449 856.7256 213.5645 495.5513 4398.7291 1788.6017;
	1521.1172 1012.4539 1696.1854 572.533 815.0686 1228.0088 905.1189 245.0 522.2031 4597.398 1889.5083;
	1648.4542 1132.5054 1870.3961 590.2728 918.5412 1340.9 1020.9 293.1173 625.4869 5196.4808 2125.8521;
	1754.8941 1216.0244 1978.643 587.352 1012.5451 1443.2805 1097.4015 315.6468 694.3126 5591.4587 2235.5123;
	1755.113 1219.5851 1955.0564 582.9599 1011.6 1441.1304 1129.2313 339.7829 709.1012 6031.3274 2312.2573;
	1806.9085 1238.6523 1990.1858 577.4659 1031.0739 1409.8229 1131.5858 328.3161 713.0258 6187.7821 2267.0448;
	1828.8065 1265.2762 2012.6833 555.9931 1042.1642 1425.8137 1172.9 340.7714 704.9 6215.4751 2266.8102;
	1832.9217 1271.5922 1978.2465 555.7 1012.5872 1381.2376 1136.0054 341.4925 697.2 6351.9907 2254.2376;
	1831.26 1242.408 1955.704 564.7832 1002.4 1358.5211 1148.1 319.8703 682.5691 6314.2288 2279.727;
	1809.353 1241.2761 1965.3553 544.8 979.1374 1382.8975 1204.5116 329.8606 683.5578 6312.1522 2266.7364;
	1747.3809 1236.969 1931.2396 543.4 940.5314 1366.0737 1208.7217 319.0 679.4285 6265.107 2279.5957;
	1760.6905 1293.2004 1972.6339 547.9 959.2 1414.5944 1248.8768 336.203 702.0874 6486.2771 2456.2991;
	1697.0 1226.8543 1896.6586 535.9959 945.9611 1427.7524 1257.2694 339.0701 693.7524 6469.2491 2530.2414;
	1680.0698 1167.9691 1869.0818 540.3868 943.9 1412.6 1218.9833 330.0001 696.5821 6228.289 2406.9656;
	1692.5507 1173.9 1870.581 551.5368 990.8475 1414.5117 1229.2197 330.5921 722.7255 6144.3161 2494.6888;
	1750.7499 1221.9666 1911.9413 554.0706 1046.3471 1485.463 1215.4131 354.7322 714.8 6080.6572 2471.8269;
	1817.4 1244.9279 1942.2388 564.7903 1055.0661 1466.9359 1287.5905 346.5309 738.4006 6011.9847 2655.433;
	1770.6901 1181.326 1886.5998 561.3 997.7455 1396.7074 1213.6069 331.4 691.8708 5848.1312 2440.5306;
	1705.1 1103.8947 1754.3933 549.5014 911.794 1300.5033 1078.5 296.5678 627.747 5454.6109 2169.4;
	1571.1009 1000.5146 1630.6949 529.0 836.6259 1203.9093 1000.2719 277.0 581.7816 5149.5208 2042.7;
	1488.3075 953.2198 1572.9791 504.7 822.6537 1237.1083 992.338 266.2036 537.9995 4710.1901 1951.6979;
	1468.2 922.2371 1523.659 528.9761 780.8 1166.1889 915.7516 238.5875 510.8101 4457.8928 1814.1155;
];
