function windprofile = ex_wind_profilesh1
%EX_WIND_PROFILE_D  Example wind_load_nyiso profile data for deterministic unit commitment.
% 2022.03.12
% Andres F. Ramirez


%% define constants
[GEN_BUS, PG, QG, QMAX, QMIN, VG, MBASE, GEN_STATUS, PMAX, PMIN, ...
    MU_PMAX, MU_PMIN, MU_QMAX, MU_QMIN, PC1, PC2, QC1MIN, QC1MAX, ...
    QC2MIN, QC2MAX, RAMP_AGC, RAMP_10, RAMP_30, RAMP_Q, APF] = idx_gen;
[CT_LABEL, CT_PROB, CT_TABLE, CT_TBUS, CT_TGEN, CT_TBRCH, CT_TAREABUS, ...
    CT_TAREAGEN, CT_TAREABRCH, CT_ROW, CT_COL, CT_CHGTYPE, CT_REP, ...
    CT_REL, CT_ADD, CT_NEWVAL, CT_TLOAD, CT_TAREALOAD, CT_LOAD_ALL_PQ, ...
    CT_LOAD_FIX_PQ, CT_LOAD_DIS_PQ, CT_LOAD_ALL_P, CT_LOAD_FIX_P, ...
    CT_LOAD_DIS_P, CT_TGENCOST, CT_TAREAGENCOST, CT_MODCOST_F, ...
    CT_MODCOST_X] = idx_ct;

windprofile = struct( ...
    'type', 'mpcData', ...
    'table', CT_TGEN, ...
    'rows', [1:45], ...
    'col', PMAX, ...
    'chgtype', 1, ...
    'values', [] );
windprofile.values(:,1,:) = [
	3.6654 49.5278 93.6888 119.9928 15.3083 14.5064 15.1003 18.3185 26.8824 25.8884 47.8544 71.3894 107.4763 6.4622 14.7792 5.568 6.9084 7.3209 5.3269 28.9639 5.0334 33.8483 65.217 88.8879 102.3812 67.8473 8.5534 641.7852 353.9142 353.9142 182.2738 36.4189 17.7563 74.5531 20.2599 151.0034 484.1539 49.4884 317.5762 274.2353 16.7295 160.9246 128.4891 222.8174 489.1972;
	3.616 48.8605 92.7376 114.8219 15.1746 15.355 13.8261 17.0839 26.2186 25.2692 46.7097 69.6817 104.9054 6.7911 5.8185 2.1921 2.7198 2.8822 6.0596 15.8162 4.6087 35.8283 64.689 88.0416 97.7192 68.4137 7.4202 575.3368 333.3605 333.3605 155.7141 30.7889 20.1988 40.7108 21.2909 142.2338 460.6546 44.5957 310.0281 261.7478 14.0342 170.338 114.4867 210.5163 465.4531;
	3.3567 45.3569 91.5538 113.8665 14.5025 12.0696 12.5189 18.1076 26.6053 24.7075 45.6714 68.1327 102.5734 7.8161 10.9308 4.1181 5.1095 5.4146 18.257 22.8419 4.173 28.1625 65.5372 87.6711 98.1714 70.2918 8.5086 603.2837 318.435 318.435 143.6379 30.0985 60.8565 58.795 24.5045 135.8656 414.8109 37.0484 244.2858 262.959 5.2705 133.8926 86.9517 190.3985 419.1318;
	3.0082 40.6478 90.9396 110.6392 14.4488 12.8701 12.5224 17.9484 26.5163 23.5053 43.4492 64.8176 97.5825 9.4027 13.0909 4.9319 6.1192 6.4845 9.3441 23.0268 4.1741 30.0302 63.8598 85.6412 97.6517 73.5364 10.3567 519.2982 258.1746 258.1746 143.3142 25.1235 31.147 59.271 29.4787 110.1545 332.5824 30.6334 195.0401 261.567 0.2393 142.7723 79.6049 199.5711 336.0468;
	2.461 33.2538 89.0047 111.2476 14.1386 14.6631 11.3463 18.0548 17.8403 23.1237 42.7438 63.7653 95.9984 12.9147 14.5591 5.4851 6.8055 7.2118 15.8736 22.5075 3.7821 34.214 54.3178 84.5496 98.1258 73.0301 10.2969 388.7325 204.0973 204.0973 135.408 26.9099 52.912 57.9344 40.4895 87.0815 201.7361 34.2256 181.5609 262.8371 10.7848 162.6631 82.6165 215.5861 203.8375;
	3.018 40.7797 91.9041 115.7026 14.0898 22.0009 12.8154 17.5853 10.6044 20.1045 37.1629 55.4397 83.4641 25.0777 13.6765 5.1525 6.393 6.7746 30.7267 23.3275 4.2718 51.3354 48.6526 82.983 96.9621 71.9948 8.4461 359.7673 196.3637 196.3637 134.2024 26.3387 102.4222 60.0452 78.6221 83.7818 174.7416 37.8378 199.6056 259.7199 11.236 244.0632 88.0778 216.1234 176.5618;
	2.4892 33.6346 89.5632 115.0526 13.8044 23.0164 14.2297 15.5068 13.3243 26.0034 48.0669 71.7064 107.9536 39.7875 22.4571 8.4606 10.4974 11.1241 31.3422 27.215 4.7432 53.7049 51.2207 82.6217 98.0859 70.1484 11.1569 312.2904 232.6065 232.6065 112.0575 19.6289 104.4741 70.0516 124.739 99.2454 192.8705 29.093 172.6131 262.7302 5.634 255.3282 93.0408 221.74 194.8795;
	1.807 24.416 65.0582 111.068 14.0233 18.5055 12.9463 15.8644 18.5298 27.6556 51.1209 76.2624 114.8126 37.648 28.6686 10.8007 13.4009 14.2009 48.9611 48.5981 4.3154 43.1794 60.7369 82.0299 96.7668 70.8758 11.7722 165.4858 170.1163 170.1163 96.8842 9.8837 163.2037 125.0915 118.0315 72.5829 113.5512 36.0663 172.8426 259.1967 7.1733 205.2873 94.0442 188.566 114.734;
	2.7361 36.9705 81.9876 104.9908 14.2889 23.8029 11.6675 16.8773 21.1935 27.6119 51.0402 76.1419 114.6312 39.7798 19.1632 7.2196 8.9577 9.4925 64.55 41.8252 3.8892 55.54 68.4871 83.3487 97.8731 71.3645 11.9984 130.212 131.1486 131.1486 81.197 5.8911 215.1667 107.6582 124.7151 55.9567 100.7716 26.0038 140.0212 262.1601 21.0327 264.053 78.6136 226.6385 101.8213;
	1.9647 26.5472 83.3412 103.8801 13.4308 13.6437 10.5462 17.4972 25.7733 28.5985 52.8639 78.8626 118.7272 27.5619 0.1757 0.0662 0.0821 0.087 58.8037 34.9893 3.5154 31.8354 67.2253 82.4881 97.6678 69.9813 12.3746 226.7854 160.5719 160.5719 84.9755 7.5941 196.0124 90.0625 86.4103 68.5107 130.6749 19.3699 55.3978 261.6101 1.2634 151.3544 75.4848 184.2224 132.0361;
	1.5435 20.8559 75.792 98.3477 12.031 23.7231 13.6215 17.257 25.7612 28.0376 51.8271 77.3159 116.3987 43.8066 0.0 0.0 0.0 0.0 58.9409 24.7686 4.5405 55.3538 60.6853 81.2817 89.0185 70.1629 12.0117 350.8623 264.1469 264.1469 152.06 14.384 196.4698 63.7543 137.3397 112.7027 285.7321 26.1618 152.2685 238.4424 0.8441 263.168 87.2248 178.9293 288.7085;
	1.7003 22.9743 78.0801 81.2786 11.9731 28.9322 19.2341 15.3393 25.857 27.809 51.4045 76.6855 115.4495 49.8603 0.0 0.0 0.0 0.0 68.3458 31.0878 6.4114 67.5085 56.6372 72.1786 84.5514 64.9149 10.8591 414.1376 306.7885 306.7885 257.5295 16.4211 227.8195 80.0201 156.3188 130.8964 379.4738 38.4277 186.3943 226.477 0.3056 320.9548 106.429 167.574 383.4267;
	2.7993 37.8251 85.1286 85.6508 13.4326 29.5424 19.7526 16.02 26.4642 28.1375 52.0118 77.5913 116.8133 55.2742 23.4763 8.8446 10.9738 11.629 68.0569 41.6182 6.5842 68.9323 66.3052 83.5722 97.6042 65.6016 10.703 566.1924 387.3831 387.3831 288.7922 23.9046 226.8562 107.1252 173.2921 165.2834 567.273 50.9674 201.7011 261.4399 4.548 327.7239 134.503 201.5731 573.1821;
	3.5078 47.3983 81.6516 98.4272 13.6567 28.1329 20.8725 13.7071 26.0786 28.1291 51.9962 77.5681 116.7784 57.3979 43.9304 16.5505 20.5349 21.7609 78.3966 48.573 6.9575 65.6435 51.3984 81.0447 93.9263 61.1034 9.5739 733.9362 544.3987 544.3987 373.1653 32.152 261.322 125.027 179.9502 232.2768 696.989 75.8805 279.3516 251.5882 0.8905 312.0879 131.6485 202.9679 704.2493;
	3.7841 51.1313 86.9916 106.2553 14.2674 32.5061 25.0227 15.1568 26.274 24.8695 45.9708 68.5794 103.2459 61.8943 78.8524 29.7072 36.8589 39.0595 82.6056 55.4449 8.3409 75.8476 25.3086 82.2394 92.0383 57.6774 11.6376 906.0431 639.075 639.075 485.0928 39.5108 275.3519 142.7154 194.0468 272.672 887.0579 110.0671 403.3377 246.5312 4.5522 360.601 156.3162 224.4082 896.298;
	3.6878 49.8307 89.9768 110.0695 14.1612 32.847 27.4794 16.0513 27.2248 21.4142 39.5838 59.0512 88.9013 64.2751 132.1359 49.7814 61.7658 65.4533 89.2098 66.4516 9.1598 76.6431 36.5322 84.0893 97.1195 61.0855 11.7817 954.1536 684.5062 684.5062 670.8273 52.7826 297.366 171.0465 201.511 292.056 967.9024 162.1205 386.8698 260.1414 4.2812 364.3831 164.0252 246.9706 977.9847;
	3.7848 51.1408 91.5788 115.4766 14.1337 34.0874 29.582 18.0731 27.5924 20.9604 38.7451 57.8 87.0176 60.1982 170.2095 64.1254 79.563 84.3131 89.4676 68.2159 9.8607 79.5372 29.3753 86.4254 101.2634 70.6055 12.7075 889.1156 651.8646 651.8646 702.8281 82.4165 298.2254 175.5879 188.7295 278.1289 928.1881 208.154 397.5364 271.2413 10.0698 378.1424 200.6793 272.962 937.8567;
	3.6583 49.4313 92.9718 113.4274 13.9381 32.7256 28.7338 18.2971 26.8716 18.498 34.1933 51.0096 76.7947 62.2396 182.5533 68.7759 85.333 90.4276 90.6036 70.1821 9.5779 76.3596 34.3178 85.9993 102.4411 70.7409 13.3943 1017.5145 667.9366 667.9366 704.4841 91.4151 302.0121 180.6489 195.1295 284.9863 1003.2246 227.6155 431.9871 274.3959 110.5108 363.0356 156.2242 263.8418 1013.6748;
	3.67 49.5895 90.944 111.8048 13.9478 33.0974 28.2056 12.1407 25.9038 20.5263 37.9426 56.603 85.2154 62.3726 185.3296 69.8218 86.6308 91.8028 85.5958 68.1419 9.4019 77.2272 52.9298 82.0689 99.5757 56.3443 12.5445 1054.4364 646.2924 646.2924 633.5345 101.7044 285.3192 175.3973 195.5465 275.7514 1011.2697 227.8162 413.3718 266.7205 113.8096 367.16 186.4365 264.7522 1021.8038;
