function solarprofile = ex_solar_profilesh1
%EX_WIND_PROFILE_D  Example wind_load_nyiso profile data for deterministic unit commitment.
% 2022.03.12
% Andres F. Ramirez


%% define constants
[GEN_BUS, PG, QG, QMAX, QMIN, VG, MBASE, GEN_STATUS, PMAX, PMIN, ...
    MU_PMAX, MU_PMIN, MU_QMAX, MU_QMIN, PC1, PC2, QC1MIN, QC1MAX, ...
    QC2MIN, QC2MAX, RAMP_AGC, RAMP_10, RAMP_30, RAMP_Q, APF] = idx_gen;
[CT_LABEL, CT_PROB, CT_TABLE, CT_TBUS, CT_TGEN, CT_TBRCH, CT_TAREABUS, ...
    CT_TAREAGEN, CT_TAREABRCH, CT_ROW, CT_COL, CT_CHGTYPE, CT_REP, ...
    CT_REL, CT_ADD, CT_NEWVAL, CT_TLOAD, CT_TAREALOAD, CT_LOAD_ALL_PQ, ...
    CT_LOAD_FIX_PQ, CT_LOAD_DIS_PQ, CT_LOAD_ALL_P, CT_LOAD_FIX_P, ...
    CT_LOAD_DIS_P, CT_TGENCOST, CT_TAREAGENCOST, CT_MODCOST_F, ...
    CT_MODCOST_X] = idx_ct;

solarprofile = struct( ...
    'type', 'mpcData', ...
    'table', CT_TGEN, ...
    'rows', [1:12], ...
    'col', PMAX, ...
    'chgtype', 1, ...
    'values', [] );
solarprofile.values(:,1,:) = [
	0.0 0.0 0.0 0.0 0.0 0.0 0.0 0.0 0.0 0.0 0.0 0.0;
	0.0 0.0 0.0 0.0 0.0 0.0 0.0 0.0 0.0 0.0 0.0 0.0;
	0.0 0.0 0.0 0.0 0.0 0.0 0.0 0.0 0.0 0.0 0.0 0.0;
	0.0 0.0 0.0 0.0 0.0 0.0 0.0 0.0 0.0 0.0 0.0 0.0;
	0.0 0.0 0.0 0.0 0.0 0.0 0.0 0.0 0.0 0.0 0.0 0.0;
	0.0951 0.0972 0.1051 0.0 0.0 0.1251 0.0156 0.1784 0.0 0.0 0.0 0.0;
	4.0401 3.8865 2.5179 2.5513 4.2497 30.0836 3.7604 14.5515 16.4925 63.0197 14.0324 114.129;
	8.2162 6.3833 5.0979 4.5452 7.717 117.3939 14.6742 33.4684 56.1017 149.1875 37.8294 270.1794;
	11.3628 8.3844 5.1208 7.15 9.4645 162.2326 20.2791 44.0259 70.4535 229.8642 92.4158 416.2854;
	19.699 12.8285 5.0594 9.941 8.5133 346.2111 43.2764 63.9607 63.7544 263.6505 143.1774 477.4727;
	21.3339 14.452 10.7444 10.7133 7.5973 273.2953 34.1619 61.8595 20.676 287.7669 162.8042 521.1477;
	19.5306 13.2148 11.4365 10.1988 7.3062 251.4915 31.4364 60.0451 18.6306 281.2324 166.695 509.3135;
	8.7478 7.9479 3.3321 2.2403 2.5209 298.8308 37.3539 41.8091 58.7317 232.6866 155.3362 421.3968;
	2.5524 3.6874 0.9204 1.8807 2.2222 323.7502 40.4688 35.2056 166.9555 221.0377 146.8133 400.3006;
	2.7102 2.4207 0.5218 1.5289 1.8699 258.3018 32.2877 27.5052 169.1085 239.0894 168.9196 432.9923;
	3.2605 2.0846 1.1042 2.572 1.575 25.8429 3.2304 9.1151 21.3583 200.5718 93.558 363.2368;
	0.9249 0.7526 0.6101 1.1909 1.3868 32.2561 4.032 7.8309 20.372 16.6623 20.4524 30.1755;
	0.0 0.0 0.0 0.0 0.0 0.0 0.0 0.0 0.0 0.0 0.0 0.0;
	0.0 0.0 0.0 0.0 0.0 0.0 0.0 0.0 0.0 0.0 0.0 0.0;
	0.0 0.0 0.0 0.0 0.0 0.0 0.0 0.0 0.0 0.0 0.0 0.0;
	0.0 0.0 0.0 0.0 0.0 0.0 0.0 0.0 0.0 0.0 0.0 0.0;
	0.0 0.0 0.0 0.0 0.0 0.0 0.0 0.0 0.0 0.0 0.0 0.0;
	0.0 0.0 0.0 0.0 0.0 0.0 0.0 0.0 0.0 0.0 0.0 0.0;
	0.0 0.0 0.0 0.0 0.0 0.0 0.0 0.0 0.0 0.0 0.0 0.0;
];
