function loadprofile = ex_load_profilesh1
%EX_LOAD_PROFILE  Example load profile data file for stochastic unit commitment.
% 2022.03.12
% Andres F. Ramirez

%% define constants
[CT_LABEL, CT_PROB, CT_TABLE, CT_TBUS, CT_TGEN, CT_TBRCH, CT_TAREABUS, ...
    CT_TAREAGEN, CT_TAREABRCH, CT_ROW, CT_COL, CT_CHGTYPE, CT_REP, ...
    CT_REL, CT_ADD, CT_NEWVAL, CT_TLOAD, CT_TAREALOAD, CT_LOAD_ALL_PQ, ...
    CT_LOAD_FIX_PQ, CT_LOAD_DIS_PQ, CT_LOAD_ALL_P, CT_LOAD_FIX_P, ...
    CT_LOAD_DIS_P, CT_TGENCOST, CT_TAREAGENCOST, CT_MODCOST_F, ...
    CT_MODCOST_X] = idx_ct;

loadprofile = struct( ...
    'type', 'mpcData', ...
    'table', CT_TAREALOAD, ...
    'rows', [1:11], ...
    'col', CT_LOAD_ALL_P, ...
    'chgtype', 1, ...
    'values', [] );
loadprofile.values(:,1,:) = [
	1408.8536 885.7939 1534.9606 474.6779 781.0 1127.1 820.0352 254.585 502.3727 4026.7316 1425.9942;
	1374.7143 865.2568 1517.4986 543.2 777.1443 1126.2165 820.6788 240.0 487.3258 4077.4767 1456.095;
	1423.087 904.3726 1575.6877 553.9 811.1372 1164.2464 837.5869 253.0949 513.4762 4280.308 1569.0346;
	1535.7856 989.2965 1708.5829 552.9108 872.4701 1231.4509 903.2848 281.5 551.0175 4616.5338 1752.2905;
	1676.1 1123.7759 1903.1288 581.0469 978.2173 1390.1363 1011.6 333.1 635.9909 5113.4 1993.1872;
	1781.823 1208.7798 1997.184 594.2 1054.1442 1475.2 1097.5631 363.6839 698.9609 5674.8702 2118.08;
	1781.6085 1213.5318 1993.8 579.9586 1043.1 1513.5697 1114.921 365.6724 709.2 6036.7998 2151.2081;
	1820.4532 1225.4 1996.3 577.3399 1033.4434 1506.3522 1119.5822 366.9465 702.1744 6335.9856 2202.9979;
	1809.1924 1240.454 2001.9739 577.0 1047.3997 1505.7465 1140.1001 376.3525 704.86 6589.0908 2233.0468;
	1787.8587 1207.6682 1983.8045 572.7213 1054.451 1497.8519 1137.7937 358.0955 719.2535 6471.1762 2242.9072;
	1784.3 1179.6498 1937.5996 560.8 1051.2537 1510.0072 1159.1921 332.8804 711.5075 6459.0759 2277.8363;
	1785.4205 1166.8569 1928.1 561.7 1025.7508 1479.9836 1147.8074 326.9744 701.999 6315.3113 2201.8665;
	1743.5323 1165.5885 1901.398 574.5508 1010.5687 1492.9706 1117.1376 317.0821 667.6 6268.1043 2126.2444;
	1719.4876 1153.6649 1853.5218 559.1173 959.2936 1424.8061 1104.3023 326.1801 656.8182 6238.192 2062.1888;
	1715.5451 1174.8076 1877.8648 553.9575 956.9345 1409.4053 1083.7468 342.1 678.4763 6234.485 2092.9629;
	1733.8579 1164.3429 1839.8822 546.4186 921.377 1413.7963 1076.2957 332.8906 678.2012 6345.7697 2162.9189;
	1722.2314 1162.7259 1839.9357 555.1302 915.3597 1448.8512 1077.1876 322.8794 686.0547 6064.9372 2214.7023;
	1713.0783 1206.0811 1879.009 552.6694 957.9783 1499.1678 1140.0522 339.7996 725.5444 6087.8811 2328.6003;
	1790.1373 1206.3 1905.0025 568.2 974.9785 1455.8672 1140.7016 338.2245 720.3047 6044.7839 2332.648;
	1727.2211 1138.8675 1790.4522 565.1884 909.0 1350.3703 1073.6642 321.7382 674.9904 5809.0042 2251.1606;
	1634.8175 1073.3101 1699.6491 566.8 846.845 1258.9718 998.2 319.0097 632.3275 5597.0808 2110.7;
	1470.0081 985.8017 1552.6 560.0928 799.6904 1167.7 937.4884 286.8277 581.3959 5127.0897 1969.9729;
	1487.8218 959.1 1534.0448 540.2 739.0684 1133.7646 845.3427 249.7 533.5 4599.7144 1766.8684;
	1483.729 920.4 1503.7634 529.4 751.4749 1121.1891 832.7522 232.2277 511.0958 4225.9722 1663.3948;
];
