function solarprofile = ex_solar_profilesh1
%EX_WIND_PROFILE_D  Example wind_load_nyiso profile data for deterministic unit commitment.
% 2022.03.12
% Andres F. Ramirez


%% define constants
[GEN_BUS, PG, QG, QMAX, QMIN, VG, MBASE, GEN_STATUS, PMAX, PMIN, ...
    MU_PMAX, MU_PMIN, MU_QMAX, MU_QMIN, PC1, PC2, QC1MIN, QC1MAX, ...
    QC2MIN, QC2MAX, RAMP_AGC, RAMP_10, RAMP_30, RAMP_Q, APF] = idx_gen;
[CT_LABEL, CT_PROB, CT_TABLE, CT_TBUS, CT_TGEN, CT_TBRCH, CT_TAREABUS, ...
    CT_TAREAGEN, CT_TAREABRCH, CT_ROW, CT_COL, CT_CHGTYPE, CT_REP, ...
    CT_REL, CT_ADD, CT_NEWVAL, CT_TLOAD, CT_TAREALOAD, CT_LOAD_ALL_PQ, ...
    CT_LOAD_FIX_PQ, CT_LOAD_DIS_PQ, CT_LOAD_ALL_P, CT_LOAD_FIX_P, ...
    CT_LOAD_DIS_P, CT_TGENCOST, CT_TAREAGENCOST, CT_MODCOST_F, ...
    CT_MODCOST_X] = idx_ct;

solarprofile = struct( ...
    'type', 'mpcData', ...
    'table', CT_TGEN, ...
    'rows', [1:12], ...
    'col', PMAX, ...
    'chgtype', 1, ...
    'values', [] );
solarprofile.values(:,1,:) = [
	0.0 0.0 0.0 0.0 0.0 0.0 0.0 0.0 0.0 0.0 0.0 0.0;
	0.0 0.0 0.0 0.0 0.0 0.0 0.0 0.0 0.0 0.0 0.0 0.0;
	0.0 0.0 0.0 0.0 0.0 0.0 0.0 0.0 0.0 0.0 0.0 0.0;
	0.0 0.0 0.0 0.0 0.0 0.0 0.0 0.0 0.0 0.0 0.0 0.0;
	0.0 0.0 0.0 0.0 0.0 0.0 0.0 0.0 0.0 0.0 0.0 0.0;
	0.0951 0.0972 0.1068 0.0 0.0 0.1251 0.0156 0.1784 0.0 0.0 0.0 0.0;
	2.4464 2.8407 1.0372 3.888 7.1136 230.6691 28.8336 17.8897 69.7582 38.9219 28.4457 70.4878;
	9.1362 10.7746 5.9227 4.693 10.9777 123.4456 15.4307 9.6213 73.4951 38.5942 29.2511 69.8944;
	18.152 15.4376 11.8794 5.4132 11.9552 61.4581 7.6823 7.3683 86.316 62.1611 36.4119 112.5742;
	23.576 16.4764 14.1562 10.4316 11.3721 273.9597 34.245 55.6924 240.9538 168.3683 53.0149 304.9161;
	24.9789 16.2442 13.7441 11.1561 10.9368 324.0129 40.5016 61.355 229.8273 270.8643 161.9181 490.5369;
	24.6381 16.1245 13.4848 11.2056 10.298 355.5896 44.4487 62.0896 219.4091 289.3081 175.2669 523.9386;
	21.7928 16.5184 13.7384 6.6082 4.118 335.4666 41.9333 54.7522 179.1059 250.6848 95.8927 453.9917;
	13.6241 13.8207 11.8754 5.5478 3.6631 305.9921 38.249 48.3435 182.2989 219.729 23.0962 397.9305;
	5.6721 8.0432 6.8938 4.1185 3.5053 248.7294 31.0912 47.4295 180.7634 169.9281 14.6427 307.7408;
	3.8125 5.6835 3.3079 3.4964 3.0066 61.2905 7.6613 16.825 46.7445 38.5512 0.5916 69.8165;
	1.1927 1.1998 0.7758 1.0092 1.4021 35.8375 4.4797 6.5996 23.8066 11.6742 7.3186 21.142;
	0.0 0.0 0.0 0.0 0.0 0.0 0.0 0.0 0.0 0.0 0.0 0.0;
	0.0 0.0 0.0 0.0 0.0 0.0 0.0 0.0 0.0 0.0 0.0 0.0;
	0.0 0.0 0.0 0.0 0.0 0.0 0.0 0.0 0.0 0.0 0.0 0.0;
	0.0 0.0 0.0 0.0 0.0 0.0 0.0 0.0 0.0 0.0 0.0 0.0;
	0.0 0.0 0.0 0.0 0.0 0.0 0.0 0.0 0.0 0.0 0.0 0.0;
	0.0 0.0 0.0 0.0 0.0 0.0 0.0 0.0 0.0 0.0 0.0 0.0;
	0.0 0.0 0.0 0.0 0.0 0.0 0.0 0.0 0.0 0.0 0.0 0.0;
];
