function loadprofile = ex_load_profilesh1
%EX_LOAD_PROFILE  Example load profile data file for stochastic unit commitment.
% 2022.03.12
% Andres F. Ramirez

%% define constants
[CT_LABEL, CT_PROB, CT_TABLE, CT_TBUS, CT_TGEN, CT_TBRCH, CT_TAREABUS, ...
    CT_TAREAGEN, CT_TAREABRCH, CT_ROW, CT_COL, CT_CHGTYPE, CT_REP, ...
    CT_REL, CT_ADD, CT_NEWVAL, CT_TLOAD, CT_TAREALOAD, CT_LOAD_ALL_PQ, ...
    CT_LOAD_FIX_PQ, CT_LOAD_DIS_PQ, CT_LOAD_ALL_P, CT_LOAD_FIX_P, ...
    CT_LOAD_DIS_P, CT_TGENCOST, CT_TAREAGENCOST, CT_MODCOST_F, ...
    CT_MODCOST_X] = idx_ct;

loadprofile = struct( ...
    'type', 'mpcData', ...
    'table', CT_TAREALOAD, ...
    'rows', [1:11], ...
    'col', CT_LOAD_ALL_P, ...
    'chgtype', 1, ...
    'values', [] );
loadprofile.values(:,1,:) = [
	1405.6533 946.4063 1689.9387 578.1305 816.1467 1213.9061 887.7361 266.8 488.776 4576.9567 1718.5;
	1419.0 948.3283 1668.3924 580.4 829.3368 1193.72 895.646 275.8081 491.1 4599.4807 1710.0751;
	1464.3474 972.3277 1726.0221 582.1452 830.9675 1241.0033 889.5154 276.0071 489.1557 4515.2626 1718.8;
	1547.29 1032.1 1806.6373 605.4804 891.7164 1307.7136 934.874 295.6833 516.8119 4765.6716 1813.1133;
	1719.9725 1154.8061 2003.4511 631.1594 1040.5843 1470.2816 1042.9433 339.029 586.0817 5256.4527 2057.7;
	1817.7236 1214.6958 2063.2336 635.7126 1082.9162 1517.1233 1089.9 355.0766 657.1611 5853.6809 2226.3;
	1836.1484 1219.6731 2077.9735 618.6266 1056.691 1505.5 1108.0184 353.0 688.2532 6145.4156 2251.165;
	1839.4098 1220.4 2097.2245 601.4429 1020.9017 1495.7 1120.9018 337.3103 667.6647 6266.7278 2179.7;
	1834.1663 1205.1 2032.9798 586.1 1009.0544 1521.5777 1117.7223 328.1289 684.6304 6255.7964 2096.3581;
	1810.6441 1201.8 2004.9 575.8025 1006.4501 1528.482 1095.7291 319.4 697.2 6244.6 2096.0473;
	1806.8645 1151.471 1980.4958 559.4 985.7529 1508.4774 1077.4229 320.8133 694.4452 6301.8801 2121.5417;
	1807.1763 1149.9 2025.7152 544.3 983.6833 1471.382 1049.8983 307.1 675.3634 6276.7013 2130.0689;
	1742.0808 1119.0781 1960.3419 548.9341 966.8043 1453.0126 1067.5 312.2719 698.6855 6289.047 2152.8952;
	1697.438 1109.1894 1916.6037 542.3871 959.2 1408.262 1036.4272 301.8 676.1558 6225.786 2105.5632;
	1738.9244 1153.7681 1946.3547 535.3401 978.1313 1419.6156 1051.1834 311.039 686.6942 6244.5125 2151.4345;
	1725.3458 1142.9433 1902.4763 541.0522 970.1091 1423.9338 1022.0051 301.0083 680.8633 6131.33 2091.7132;
	1623.0381 1113.4325 1912.0371 552.4574 984.5912 1416.9797 968.1234 328.6469 670.1 5995.9906 2207.117;
	1655.0351 1143.9064 1958.1079 565.816 1033.9569 1496.8 1078.8123 353.9113 712.8055 6040.8382 2332.3913;
	1660.0185 1130.3385 1919.6407 546.6 1018.9983 1434.3445 1082.2858 346.4 705.6172 5907.4094 2343.0962;
	1645.8639 1061.0658 1816.0394 551.8 964.2 1405.4563 1081.4943 334.4 680.7618 5771.8736 2270.8;
	1562.7 973.2528 1696.2335 531.9521 909.7104 1289.4819 991.1741 301.3903 612.3897 5383.4232 2027.3455;
	1459.5692 921.7493 1617.5057 525.9361 829.7715 1195.9227 922.2848 275.2201 575.5 4968.6133 1899.7132;
	1452.643 922.53 1602.9 537.3275 805.9791 1131.6369 885.2647 244.0588 531.0934 4682.1668 1795.4035;
	1380.0947 883.1672 1570.3185 540.9587 752.5785 1120.0319 839.4 236.9924 503.5 4345.1091 1664.4672;
];
