function solarprofile = ex_solar_profilesh1
%EX_WIND_PROFILE_D  Example wind_load_nyiso profile data for deterministic unit commitment.
% 2022.03.12
% Andres F. Ramirez


%% define constants
[GEN_BUS, PG, QG, QMAX, QMIN, VG, MBASE, GEN_STATUS, PMAX, PMIN, ...
    MU_PMAX, MU_PMIN, MU_QMAX, MU_QMIN, PC1, PC2, QC1MIN, QC1MAX, ...
    QC2MIN, QC2MAX, RAMP_AGC, RAMP_10, RAMP_30, RAMP_Q, APF] = idx_gen;
[CT_LABEL, CT_PROB, CT_TABLE, CT_TBUS, CT_TGEN, CT_TBRCH, CT_TAREABUS, ...
    CT_TAREAGEN, CT_TAREABRCH, CT_ROW, CT_COL, CT_CHGTYPE, CT_REP, ...
    CT_REL, CT_ADD, CT_NEWVAL, CT_TLOAD, CT_TAREALOAD, CT_LOAD_ALL_PQ, ...
    CT_LOAD_FIX_PQ, CT_LOAD_DIS_PQ, CT_LOAD_ALL_P, CT_LOAD_FIX_P, ...
    CT_LOAD_DIS_P, CT_TGENCOST, CT_TAREAGENCOST, CT_MODCOST_F, ...
    CT_MODCOST_X] = idx_ct;

solarprofile = struct( ...
    'type', 'mpcData', ...
    'table', CT_TGEN, ...
    'rows', [1:12], ...
    'col', PMAX, ...
    'chgtype', 1, ...
    'values', [] );
solarprofile.values(:,1,:) = [
	0.0 0.0 0.0 0.0 0.0 0.0 0.0 0.0 0.0 0.0 0.0 0.0;
	0.0 0.0 0.0 0.0 0.0 0.0 0.0 0.0 0.0 0.0 0.0 0.0;
	0.0 0.0 0.0 0.0 0.0 0.0 0.0 0.0 0.0 0.0 0.0 0.0;
	0.0 0.0 0.0 0.0 0.0 0.0 0.0 0.0 0.0 0.0 0.0 0.0;
	0.0 0.0 0.0 0.0 0.0 0.0 0.0 0.0 0.0 0.0 0.0 0.0;
	0.0951 0.0972 0.1051 0.0 0.0 0.1251 0.0156 0.1784 0.0 0.0 0.0 0.0;
	2.9318 2.0452 1.8581 2.4559 5.0185 187.7967 23.4746 7.923 19.5954 27.6262 0.0 50.0312;
	5.1385 3.0372 3.8513 4.5509 10.7798 230.7947 28.8493 13.948 19.884 40.5823 28.5081 73.4948;
	7.4034 4.8087 4.6809 7.3088 12.1356 224.8122 28.1015 18.5031 32.6446 61.2963 115.7636 111.008;
	18.1323 15.0465 11.0702 10.5981 11.4272 398.851 49.8564 51.8429 222.8076 57.7353 142.2379 104.559;
	20.4222 16.0217 12.2577 11.1561 11.4044 390.6025 48.8253 55.6171 225.9967 81.2948 118.7941 147.2254;
	19.1464 15.2201 10.4652 11.1223 11.2089 387.1652 48.3956 58.2875 224.3946 136.4181 68.57 247.054;
	12.5282 9.0627 4.9537 3.0515 4.5435 378.0485 47.2561 57.8605 211.993 173.7691 39.9519 314.6969;
	9.0767 6.013 2.4337 1.9935 2.8457 368.9954 46.1244 53.74 204.3685 145.2462 52.466 263.0417;
	7.1886 5.8379 3.8745 1.1477 1.9647 330.3971 41.2996 39.2349 183.1683 81.9134 68.7883 148.3457;
	4.9943 5.5899 4.6307 0.884 1.8849 78.3216 9.7902 3.3481 31.8016 14.4104 19.8965 26.0973;
	0.9588 0.8043 0.6283 0.6985 1.7017 33.6147 4.2018 6.3721 20.615 15.0513 9.3059 27.258;
	0.0 0.0 0.0 0.0 0.0 0.0 0.0 0.0 0.0 0.0 0.0 0.0;
	0.0 0.0 0.0 0.0 0.0 0.0 0.0 0.0 0.0 0.0 0.0 0.0;
	0.0 0.0 0.0 0.0 0.0 0.0 0.0 0.0 0.0 0.0 0.0 0.0;
	0.0 0.0 0.0 0.0 0.0 0.0 0.0 0.0 0.0 0.0 0.0 0.0;
	0.0 0.0 0.0 0.0 0.0 0.0 0.0 0.0 0.0 0.0 0.0 0.0;
	0.0 0.0 0.0 0.0 0.0 0.0 0.0 0.0 0.0 0.0 0.0 0.0;
	0.0 0.0 0.0 0.0 0.0 0.0 0.0 0.0 0.0 0.0 0.0 0.0;
];
