function loadprofile = ex_load_profilesh1
%EX_LOAD_PROFILE  Example load profile data file for stochastic unit commitment.
% 2022.03.12
% Andres F. Ramirez

%% define constants
[CT_LABEL, CT_PROB, CT_TABLE, CT_TBUS, CT_TGEN, CT_TBRCH, CT_TAREABUS, ...
    CT_TAREAGEN, CT_TAREABRCH, CT_ROW, CT_COL, CT_CHGTYPE, CT_REP, ...
    CT_REL, CT_ADD, CT_NEWVAL, CT_TLOAD, CT_TAREALOAD, CT_LOAD_ALL_PQ, ...
    CT_LOAD_FIX_PQ, CT_LOAD_DIS_PQ, CT_LOAD_ALL_P, CT_LOAD_FIX_P, ...
    CT_LOAD_DIS_P, CT_TGENCOST, CT_TAREAGENCOST, CT_MODCOST_F, ...
    CT_MODCOST_X] = idx_ct;

loadprofile = struct( ...
    'type', 'mpcData', ...
    'table', CT_TAREALOAD, ...
    'rows', [1:11], ...
    'col', CT_LOAD_ALL_P, ...
    'chgtype', 1, ...
    'values', [] );
loadprofile.values(:,1,:) = [
	1447.77 907.4 1529.7657 565.0 759.3773 1090.1039 880.2 239.6187 461.3482 4540.3541 1704.6;
	1422.36 910.7 1536.3821 564.267 751.8416 1098.9766 862.7052 236.6026 467.584 4462.8523 1681.9748;
	1449.701 925.0462 1543.8246 578.0 754.4378 1108.6469 886.2843 240.0 489.0777 4497.6606 1740.3732;
	1539.1239 1007.0689 1647.5 594.1658 815.4287 1223.9343 932.6957 266.7788 531.6 4748.8026 1890.5836;
	1695.8152 1130.2228 1854.8092 616.7098 925.7 1342.7214 1026.9176 299.5 601.6 5232.6812 2075.0602;
	1832.68 1243.3521 2006.8829 622.8186 983.1226 1435.9899 1107.6881 325.322 661.9975 5764.277 2244.1603;
	1860.7161 1217.1535 1965.0864 603.7105 968.8292 1394.4263 1122.2218 316.5195 664.4684 6083.6696 2252.7;
	1845.5277 1212.0368 1952.5 598.5832 913.7829 1331.6361 1093.7815 310.8081 652.2128 6175.9159 2182.8042;
	1817.9175 1208.9488 1916.0979 591.9 866.5441 1256.1277 1110.0421 295.4704 670.9372 6251.0918 2162.0488;
	1820.4206 1218.6848 1908.7 562.7349 867.7363 1300.6816 1086.0901 280.7753 646.9538 6283.6989 2184.8088;
	1805.4182 1178.7721 1872.1754 563.5 893.241 1298.8643 1045.4614 263.8908 620.4951 6195.6831 2165.4;
	1817.963 1183.7416 1851.7717 539.8799 847.6816 1269.7244 1054.8 274.1622 622.7633 6162.219 2178.7176;
	1759.6596 1135.8579 1765.011 547.6961 836.8841 1208.9676 1048.7944 294.6317 623.5721 6177.1761 2160.5675;
	1759.8588 1128.5517 1724.4799 556.3506 840.1054 1259.6885 1037.3263 302.7 612.6468 6099.1246 2219.4417;
	1713.2044 1137.4062 1724.4619 550.083 858.3 1259.7301 1011.7 283.5596 609.0254 5975.4329 2187.6299;
	1689.8612 1122.5867 1724.757 542.0745 871.5264 1301.1095 1041.1668 311.3316 636.2388 5866.8307 2266.8058;
	1653.984 1097.218 1746.0344 555.6 898.0186 1347.4448 1076.1387 342.5938 668.8494 5850.47 2334.5;
	1673.5808 1139.2682 1823.3526 564.2511 940.9056 1402.865 1117.7363 355.0126 674.586 5732.5342 2393.4;
	1750.2 1184.82 1838.4774 557.0299 912.0765 1397.2898 1122.409 348.0 662.66 5642.9137 2402.7348;
	1693.5977 1109.6038 1750.2375 547.2473 884.6196 1350.2286 1066.1724 324.3325 629.75 5537.5035 2301.7695;
	1616.1146 1026.0721 1659.205 540.2816 835.8 1258.5257 984.1511 295.5196 578.1575 5262.6795 2118.4957;
	1515.3334 932.1482 1494.5565 521.5166 773.3614 1160.179 911.7 274.0519 539.5 4837.8175 1925.1294;
	1527.4 896.5722 1441.4245 528.9262 760.8 1140.1063 880.3367 230.4947 504.7057 4607.0736 1860.2915;
	1489.6354 856.6152 1431.2645 506.2347 729.7999 1099.3613 836.589 226.8412 490.7 4407.2902 1766.1687;
];
