function loadprofile = ex_load_profilesh1
%EX_LOAD_PROFILE  Example load profile data file for stochastic unit commitment.
% 2022.03.12
% Andres F. Ramirez

%% define constants
[CT_LABEL, CT_PROB, CT_TABLE, CT_TBUS, CT_TGEN, CT_TBRCH, CT_TAREABUS, ...
    CT_TAREAGEN, CT_TAREABRCH, CT_ROW, CT_COL, CT_CHGTYPE, CT_REP, ...
    CT_REL, CT_ADD, CT_NEWVAL, CT_TLOAD, CT_TAREALOAD, CT_LOAD_ALL_PQ, ...
    CT_LOAD_FIX_PQ, CT_LOAD_DIS_PQ, CT_LOAD_ALL_P, CT_LOAD_FIX_P, ...
    CT_LOAD_DIS_P, CT_TGENCOST, CT_TAREAGENCOST, CT_MODCOST_F, ...
    CT_MODCOST_X] = idx_ct;

loadprofile = struct( ...
    'type', 'mpcData', ...
    'table', CT_TAREALOAD, ...
    'rows', [1:11], ...
    'col', CT_LOAD_ALL_P, ...
    'chgtype', 1, ...
    'values', [] );
loadprofile.values(:,1,:) = [
	1484.3969 921.4 1562.6571 617.9659 850.2747 1136.079 837.8347 279.5884 477.119 4467.1317 1666.8267;
	1454.1522 914.895 1548.6589 598.478 844.0271 1098.8474 828.9971 269.614 458.4921 4359.7985 1616.6402;
	1457.9257 930.5205 1599.885 599.8789 876.5635 1151.1403 847.7225 281.2708 474.7832 4336.5124 1596.3417;
	1559.815 990.8632 1694.5362 619.941 925.412 1214.5 888.2 297.3629 483.8074 4363.3126 1672.1786;
	1705.5125 1104.9387 1861.9093 628.9018 1008.8962 1347.8981 998.4292 326.836 553.2373 4810.7051 1899.5174;
	1837.0277 1199.2052 1988.9095 639.3446 1064.9067 1443.6402 1069.3841 346.9629 624.343 5387.566 2023.2;
	1884.2064 1232.3988 2000.4069 622.5727 1040.0603 1437.7782 1104.4123 360.3697 678.0 5862.3724 2099.48;
	1841.0 1225.0569 1963.3113 601.8186 1052.6 1434.5059 1118.6834 364.2688 695.1 6097.9929 2046.1392;
	1836.5039 1230.8857 1947.6365 598.6624 1046.4682 1399.9634 1119.9427 355.8936 697.9495 6208.157 2036.1715;
	1849.3165 1249.5423 1945.3107 563.3 1033.2828 1365.0785 1069.1238 348.891 676.0 6196.3058 1981.3707;
	1821.739 1237.6322 1891.6522 554.5633 1029.3218 1337.4652 1033.0828 326.9048 682.5693 5961.8766 1820.7165;
	1816.7456 1235.8786 1854.7213 557.0083 1014.1797 1340.8213 1020.5494 325.9517 663.3849 6049.3828 1802.0446;
	1758.6943 1197.4864 1813.2173 558.6 995.4565 1318.0692 1006.4972 329.2 662.591 5973.742 1700.6602;
	1727.7116 1180.1888 1765.3967 561.8248 956.6229 1309.167 970.0719 312.1852 651.9211 5948.5648 1702.1505;
	1742.7198 1188.5647 1746.2945 566.0439 949.5188 1377.0138 1007.3091 335.0912 666.1545 6079.8168 1981.9347;
	1729.9712 1194.94 1782.0589 549.7 956.9095 1384.6483 1024.9593 339.6813 689.4649 6108.8764 2068.0423;
	1713.981 1182.3651 1817.6462 558.2156 978.0228 1391.6698 1032.864 333.4945 684.844 5851.0334 2136.9928;
	1778.0077 1228.4679 1906.7198 584.9053 1013.8108 1456.3628 1114.0265 363.0 727.6361 5875.522 2346.2488;
	1789.7284 1226.4817 1927.3491 577.0835 975.0138 1429.9557 1129.16 338.7919 713.0471 5924.9566 2396.2526;
	1761.5961 1179.5347 1875.6978 568.3692 949.4 1415.8658 1103.5437 338.2635 689.6815 5697.4818 2328.1643;
	1677.6961 1086.4116 1763.8301 559.1897 889.812 1272.4841 1017.2406 311.1789 637.3637 5375.7888 2169.4;
	1602.1029 1014.9292 1683.1122 547.0 811.5122 1141.0 917.9 293.5399 570.8434 4985.2078 1972.6402;
	1573.2327 968.2722 1620.6649 540.387 784.7 1153.7 900.5631 284.2181 526.515 4695.9552 1792.5004;
	1489.7702 914.2 1566.1572 536.1292 756.0323 1107.0 836.8928 251.6736 481.3802 4469.1 1675.2;
];
