function windprofile = ex_wind_profilesh1
%EX_WIND_PROFILE_D  Example wind_load_nyiso profile data for deterministic unit commitment.
% 2022.03.12
% Andres F. Ramirez


%% define constants
[GEN_BUS, PG, QG, QMAX, QMIN, VG, MBASE, GEN_STATUS, PMAX, PMIN, ...
    MU_PMAX, MU_PMIN, MU_QMAX, MU_QMIN, PC1, PC2, QC1MIN, QC1MAX, ...
    QC2MIN, QC2MAX, RAMP_AGC, RAMP_10, RAMP_30, RAMP_Q, APF] = idx_gen;
[CT_LABEL, CT_PROB, CT_TABLE, CT_TBUS, CT_TGEN, CT_TBRCH, CT_TAREABUS, ...
    CT_TAREAGEN, CT_TAREABRCH, CT_ROW, CT_COL, CT_CHGTYPE, CT_REP, ...
    CT_REL, CT_ADD, CT_NEWVAL, CT_TLOAD, CT_TAREALOAD, CT_LOAD_ALL_PQ, ...
    CT_LOAD_FIX_PQ, CT_LOAD_DIS_PQ, CT_LOAD_ALL_P, CT_LOAD_FIX_P, ...
    CT_LOAD_DIS_P, CT_TGENCOST, CT_TAREAGENCOST, CT_MODCOST_F, ...
    CT_MODCOST_X] = idx_ct;

windprofile = struct( ...
    'type', 'mpcData', ...
    'table', CT_TGEN, ...
    'rows', [1:45], ...
    'col', PMAX, ...
    'chgtype', 1, ...
    'values', [] );
windprofile.values(:,1,:) = [
	2.8044 37.8941 84.8332 109.375 9.8524 2.4305 12.6987 15.512 25.9114 23.0986 42.6974 63.6962 95.8942 4.9911 20.454 7.7059 9.561 10.1318 15.4147 29.9545 4.2329 5.6713 54.365 81.6552 88.7613 67.4302 6.6278 655.01 360.8625 360.8625 193.8017 28.8037 51.3824 77.1029 15.6477 153.968 452.7946 47.3644 274.3782 237.7535 13.4383 26.9628 104.198 183.5127 457.5112;
	3.3 44.5897 89.6637 117.3842 13.9855 13.7769 12.6697 17.4077 26.3543 25.0462 46.2976 69.0669 103.9799 5.4353 9.2229 3.4747 4.3112 4.5686 11.947 16.307 4.2232 32.1461 62.8989 86.8275 98.0847 73.7624 7.4055 677.4705 365.8913 365.8913 163.9784 22.3952 39.8233 41.9741 17.0404 156.1136 447.2369 45.3696 299.4062 262.7269 14.4189 152.8319 108.9336 207.7023 451.8957;
	3.2945 44.5162 92.6709 114.9692 14.3361 12.7662 11.9083 18.1335 26.9612 24.5662 45.4103 67.7432 101.9871 8.6867 10.7467 4.0488 5.0235 5.3234 22.5215 23.1749 3.9694 29.7878 64.7314 89.0798 102.1353 74.9947 8.3816 591.203 342.3399 342.3399 144.166 22.6666 75.0717 59.6522 27.234 146.065 379.3652 34.0926 257.8017 273.5766 16.4849 141.6197 92.3824 204.6743 383.317;
	2.8806 38.9235 88.5243 109.8243 14.0763 11.1564 12.0349 17.665 26.4301 23.6316 43.6826 65.1658 98.1068 10.7171 3.9207 1.4771 1.8327 1.9421 13.448 20.5565 4.0116 26.0317 64.4638 86.8292 102.3305 74.5497 9.2537 475.9198 267.5435 267.5435 162.5127 19.1744 44.8266 52.9125 33.5996 114.1519 289.065 32.2822 193.3789 274.0995 2.1398 123.762 80.8156 191.5397 292.0761;
	2.2949 31.0087 90.979 113.1572 14.1561 13.5315 10.5629 18.6611 16.5674 21.1601 39.114 58.3504 87.8463 15.2205 11.4115 4.2992 5.3342 5.6527 23.6492 21.8731 3.521 31.5734 50.7596 87.7345 103.0614 75.255 9.3197 339.4418 206.1755 206.1755 140.3136 24.2536 78.8307 56.3014 47.7184 87.9682 176.4218 29.43 176.6277 276.0572 12.0631 150.1091 84.6366 207.1254 178.2595;
	2.8322 38.2696 87.2831 110.2034 14.1149 20.327 10.4526 18.5189 5.991 18.1469 33.5442 50.0413 75.3369 25.8494 12.1485 4.5769 5.6787 6.0177 35.8009 19.9542 3.4842 47.4297 51.1494 86.2565 99.3582 75.1052 7.8147 268.1163 179.4435 179.4435 125.7787 23.6342 119.3364 51.3622 81.0413 76.5626 120.7557 27.7402 176.025 266.1381 12.2784 225.4941 89.3728 205.9037 122.0136;
	2.384 32.2134 86.8917 104.3395 13.9482 19.631 11.3087 17.9214 11.4004 26.3756 48.7549 72.7327 109.4987 37.7809 22.5108 8.4808 10.5225 11.1507 41.4956 32.3892 3.7696 45.8057 64.616 84.7447 98.7217 74.2605 10.7441 219.1573 210.2571 210.2571 99.0221 18.2011 138.3187 83.37 118.4482 89.7097 144.6906 21.8718 147.0448 264.4331 9.5287 217.7733 87.3969 227.4757 146.1978;
	1.545 20.8768 64.4712 98.9751 13.9929 15.7284 11.0474 18.3784 16.4032 28.4174 52.5292 78.3632 117.9753 41.7909 27.3721 10.3123 12.7948 13.5587 54.595 53.4768 3.6825 36.6996 73.3277 85.9073 99.7098 74.7044 12.021 108.5758 180.1312 180.1312 102.2562 11.755 181.9834 137.6494 131.0201 76.856 110.2679 29.5272 157.4889 267.0799 8.8967 174.4803 86.018 203.2975 111.4165;
	2.738 36.9967 80.0572 98.941 13.9999 22.7521 9.5748 18.7374 19.149 29.4723 54.4792 81.2722 122.3549 46.8226 20.0552 7.5557 9.3746 9.9343 65.8795 52.2524 3.1916 53.0883 72.2535 87.8511 102.5079 75.1951 12.4023 76.257 149.7103 149.7103 90.8863 7.7611 219.5985 134.4977 146.7952 63.8764 106.35 28.8625 135.3446 274.5748 18.4335 252.3968 76.6697 217.4231 107.4578;
	2.0407 27.5746 83.9189 111.3156 12.7775 14.0743 10.3202 18.5526 25.7843 29.5685 54.657 81.5374 122.7542 48.0531 1.4087 0.5307 0.6585 0.6978 63.2266 45.4767 3.4401 32.8401 70.6536 86.1413 102.511 74.3035 11.8001 234.9736 233.8947 233.8947 103.1814 9.2609 210.7553 117.057 150.6529 99.7951 218.0382 19.5595 71.9575 274.5831 19.8796 156.1314 83.7294 198.9904 220.3094;
	1.7404 23.5171 75.2981 104.7815 12.239 28.4711 14.0198 17.7203 26.2572 29.543 54.6097 81.4669 122.648 52.293 10.2212 3.8508 4.7778 5.0631 56.953 40.3562 4.6733 66.4326 70.8142 84.4615 95.668 73.38 11.6715 393.3435 301.5255 301.5255 154.0082 14.8529 189.8434 103.877 163.9455 128.6509 333.1042 23.3269 171.8799 256.2535 43.6891 315.8395 102.7635 166.408 336.574;
	1.8094 24.4496 78.5801 87.5782 12.0842 32.2782 18.7468 17.8479 26.1049 28.0652 51.8781 77.3919 116.5131 52.3671 0.531 0.2001 0.2482 0.263 64.6153 50.1278 6.2489 75.3157 67.9791 81.9777 91.149 71.0418 11.6735 467.308 379.5553 379.5553 269.8157 18.3928 215.3844 129.0292 164.1779 161.9436 454.0239 40.8539 200.7918 244.1491 4.1693 358.0723 117.7948 155.1589 458.7534;
	2.8028 37.8726 80.0963 86.7547 12.8954 31.9299 20.2781 16.226 26.5722 28.6815 53.0173 79.0914 119.0717 55.4839 41.6128 15.6774 19.4516 20.6129 78.2163 63.5707 6.7594 74.5031 68.8774 79.8836 91.9059 68.5554 10.1725 594.6155 442.9001 442.9001 301.8544 24.899 260.7211 163.6311 173.9496 188.9707 615.4994 55.522 201.6683 246.1765 2.8744 354.2092 144.494 149.9516 621.9108;
	3.5106 47.4365 78.9476 101.5207 13.2813 30.5811 20.9557 17.0809 26.1255 30.0777 55.5981 82.9414 124.8679 56.005 60.8914 22.9405 28.4632 30.1625 76.0555 55.9962 6.9852 71.3559 60.8424 78.6706 92.1334 70.3038 11.1753 683.6409 604.6244 604.6244 413.9122 28.6654 253.5184 144.1344 175.5832 257.9731 717.7233 84.1321 268.8851 246.786 5.6294 339.2465 141.1401 221.6666 725.1996;
	3.7287 50.383 87.0347 108.9783 14.0919 32.8865 24.1004 18.0652 26.7838 25.6073 47.3347 70.6141 106.3091 61.9275 84.9411 32.0011 39.705 42.0755 77.9475 50.7262 8.0335 76.7352 26.7577 84.0487 96.5971 71.3777 12.9858 867.5851 707.2626 707.2626 521.8202 34.322 259.8251 130.5693 194.1512 301.7654 922.6042 114.0981 405.6136 258.7421 2.7676 364.8212 157.6118 235.9135 932.2147;
	3.7558 50.7488 89.927 112.0153 14.0579 33.6109 27.5579 17.5616 28.2406 21.0674 38.9428 58.095 87.4617 65.7792 111.069 41.8446 51.9183 55.0179 83.658 61.2634 9.186 78.4255 41.3673 82.7146 96.5246 69.789 12.5113 1015.3696 760.9884 760.9884 686.7498 42.8052 278.8599 157.6921 206.2268 324.6884 1027.847 161.0996 388.3954 258.5481 0.6347 372.8574 179.0327 246.3421 1038.5538;
	3.6373 49.1482 89.963 117.6534 13.8374 33.3962 29.6653 18.4888 27.6361 21.0255 38.8652 57.9793 87.2875 64.7414 149.032 56.1469 69.6638 73.8228 89.0748 69.9316 9.8884 77.9246 28.1154 87.1626 103.0242 73.4344 13.114 940.724 756.7244 756.7244 722.5308 75.9429 296.9161 180.0041 202.9731 322.8691 993.9048 207.9435 414.5407 275.9578 2.6585 370.4756 199.0504 263.6394 1004.258;
	3.8291 51.7401 94.372 119.8513 14.4188 34.5526 29.9405 18.8969 28.036 20.6305 38.1351 56.89 85.6476 66.7993 163.3895 61.556 76.3751 80.9348 90.3091 71.7449 9.9802 80.6227 36.526 89.0256 105.9812 72.8951 13.7068 1027.9191 786.8759 786.8759 738.065 92.2747 301.0304 184.6717 209.4249 335.7337 1078.7449 227.2182 455.1126 283.8782 113.2989 383.3033 195.3574 263.3292 1089.9818;
	3.7745 51.0015 94.1599 120.7591 14.7719 34.9413 30.7131 13.8738 28.0873 21.8777 40.4406 60.3294 90.8255 65.4155 180.7848 68.1096 84.5064 89.5515 92.3537 70.6614 10.2377 81.5296 50.7653 88.817 105.5915 64.3677 13.2337 1117.8785 765.5719 765.5719 681.5859 108.4111 307.8457 181.8826 205.0866 326.644 1105.0721 248.423 461.1667 282.8342 116.9412 387.6152 203.7292 269.1602 1116.5833;
