function loadprofile = ex_load_profilesh1
%EX_LOAD_PROFILE  Example load profile data file for stochastic unit commitment.
% 2022.03.12
% Andres F. Ramirez

%% define constants
[CT_LABEL, CT_PROB, CT_TABLE, CT_TBUS, CT_TGEN, CT_TBRCH, CT_TAREABUS, ...
    CT_TAREAGEN, CT_TAREABRCH, CT_ROW, CT_COL, CT_CHGTYPE, CT_REP, ...
    CT_REL, CT_ADD, CT_NEWVAL, CT_TLOAD, CT_TAREALOAD, CT_LOAD_ALL_PQ, ...
    CT_LOAD_FIX_PQ, CT_LOAD_DIS_PQ, CT_LOAD_ALL_P, CT_LOAD_FIX_P, ...
    CT_LOAD_DIS_P, CT_TGENCOST, CT_TAREAGENCOST, CT_MODCOST_F, ...
    CT_MODCOST_X] = idx_ct;

loadprofile = struct( ...
    'type', 'mpcData', ...
    'table', CT_TAREALOAD, ...
    'rows', [1:11], ...
    'col', CT_LOAD_ALL_P, ...
    'chgtype', 1, ...
    'values', [] );
loadprofile.values(:,1,:) = [
	1491.8 885.6054 1528.3221 574.5 790.2 1076.0008 734.3665 225.6114 532.2 4265.9538 1651.9315;
	1496.0692 907.593 1527.2868 570.917 797.5 1104.5 782.3331 233.6989 549.0564 4348.2991 1649.5256;
	1503.6966 920.7516 1544.9102 566.2368 818.0 1100.0269 744.7986 232.8473 532.0 4244.3811 1646.3283;
	1582.951 1006.2795 1667.0266 585.7999 867.7 1187.5996 851.9667 254.6478 576.0037 4578.5101 1762.6371;
	1725.1668 1122.6856 1833.9577 606.9385 949.65 1299.5113 906.6511 283.406 652.4472 5054.4176 1965.3521;
	1850.9893 1210.3205 1998.7616 606.6524 1053.3042 1435.9066 1015.2158 332.5 746.4091 5750.2915 2160.7917;
	1833.5023 1226.7463 2012.5576 596.3 1063.1509 1436.5137 1072.7548 345.4 776.461 6184.0694 2200.8696;
	1855.4554 1220.5487 1959.8964 598.6405 1040.0 1398.6688 1070.4755 327.04 809.3666 6391.0254 2137.8302;
	1858.0277 1213.6741 1932.9732 598.3 1019.1945 1367.0307 1036.3879 316.7298 772.4846 6377.4055 2098.8;
	1861.7098 1227.5625 1929.1416 579.4854 957.5 1295.7 1029.117 309.6 751.3909 6390.4454 2034.9706;
	1828.3818 1214.7048 1956.8909 574.2 933.959 1295.5378 1042.9681 311.63 721.8553 6389.3534 2053.7369;
	1804.9203 1210.3 1944.3027 581.2972 923.6769 1329.7916 1035.4 313.2351 688.3231 6299.5195 2002.488;
	1765.2693 1164.0193 1834.1887 578.2662 865.2607 1263.5878 974.6 305.1648 670.0 6143.5238 1887.3885;
	1737.0316 1145.5667 1812.1284 580.5 840.2311 1289.4486 990.3145 308.0893 672.8257 6093.0281 1984.9547;
	1734.2604 1135.7189 1777.6741 574.2974 869.7768 1274.8928 966.6601 311.6387 677.6423 6091.5662 2076.41;
	1707.1463 1147.1 1748.8455 578.0 881.7499 1319.1 965.4608 312.4188 672.9285 6078.1374 2139.4525;
	1702.4663 1167.541 1773.8116 579.5 899.8298 1363.7391 1051.5 355.447 698.5485 6120.8539 2272.5387;
	1782.7359 1242.7738 1940.1279 596.7247 951.6152 1429.4076 1130.967 370.7728 733.5264 6131.6 2437.2483;
	1860.1601 1222.5111 1913.7541 597.1 925.7557 1397.0 1127.4 362.6 696.7 6016.5584 2370.3039;
	1852.9423 1160.3 1831.4561 586.5817 873.439 1330.3 1080.0 356.4815 652.5754 5758.6329 2255.0232;
	1712.1296 1070.1735 1699.8 574.934 800.588 1235.0 997.6 318.5546 593.9681 5428.0554 2068.6632;
	1624.8147 1027.0606 1635.3234 555.6 786.2817 1160.1969 921.821 290.7228 562.4632 5092.3916 1906.4418;
	1519.0409 919.508 1551.4208 521.7224 778.3704 1097.2536 830.2466 259.0899 525.6647 4657.4459 1762.5985;
	1488.7925 925.2207 1527.9686 504.3061 769.3286 1071.4701 807.479 238.8777 538.2683 4502.8143 1723.9098;
];
