function windprofile = ex_wind_profilesh1
%EX_WIND_PROFILE_D  Example wind_load_nyiso profile data for deterministic unit commitment.
% 2022.03.12
% Andres F. Ramirez


%% define constants
[GEN_BUS, PG, QG, QMAX, QMIN, VG, MBASE, GEN_STATUS, PMAX, PMIN, ...
    MU_PMAX, MU_PMIN, MU_QMAX, MU_QMIN, PC1, PC2, QC1MIN, QC1MAX, ...
    QC2MIN, QC2MAX, RAMP_AGC, RAMP_10, RAMP_30, RAMP_Q, APF] = idx_gen;
[CT_LABEL, CT_PROB, CT_TABLE, CT_TBUS, CT_TGEN, CT_TBRCH, CT_TAREABUS, ...
    CT_TAREAGEN, CT_TAREABRCH, CT_ROW, CT_COL, CT_CHGTYPE, CT_REP, ...
    CT_REL, CT_ADD, CT_NEWVAL, CT_TLOAD, CT_TAREALOAD, CT_LOAD_ALL_PQ, ...
    CT_LOAD_FIX_PQ, CT_LOAD_DIS_PQ, CT_LOAD_ALL_P, CT_LOAD_FIX_P, ...
    CT_LOAD_DIS_P, CT_TGENCOST, CT_TAREAGENCOST, CT_MODCOST_F, ...
    CT_MODCOST_X] = idx_ct;

windprofile = struct( ...
    'type', 'mpcData', ...
    'table', CT_TGEN, ...
    'rows', [1:45], ...
    'col', PMAX, ...
    'chgtype', 1, ...
    'values', [] );
windprofile.values(:,1,:) = [
	3.7541 50.7262 92.0091 119.2476 15.0225 15.3341 16.0204 16.6461 28.3883 24.0536 44.4627 66.3296 99.8589 5.4961 24.883 9.3745 11.6314 12.3258 14.6043 28.3393 5.3401 35.7795 58.8515 87.6981 97.6044 68.6258 7.9731 659.439 374.1325 374.1325 214.5354 36.0063 48.6811 72.9455 17.231 159.6299 491.7751 59.0377 324.1707 261.4403 15.9033 170.1061 131.5343 229.2737 496.8977;
	3.5389 47.8184 90.0079 116.5147 14.2913 15.8158 14.3636 17.1288 27.7174 23.3337 43.132 64.3445 96.8703 4.5259 16.3504 6.1599 7.6429 8.0992 13.0541 17.5348 4.7879 36.9036 62.1675 85.3826 93.9262 70.9086 7.401 676.9832 365.5663 365.5663 183.7396 30.7931 43.5138 45.1346 14.1894 155.975 487.3525 56.2305 305.8053 251.5879 12.0254 175.4501 114.4836 208.1023 492.429;
	3.2554 43.988 91.3761 114.5592 14.4727 13.5381 12.8248 17.3375 28.116 22.6281 41.8277 62.3987 93.941 6.0247 13.9399 5.2518 6.5161 6.9051 21.9539 23.5772 4.2749 31.5889 60.5949 86.2269 95.6399 72.1703 8.4019 609.2889 335.0792 335.0792 148.9646 30.6965 73.1798 60.6879 18.8883 142.9671 395.7981 41.2882 235.177 256.1783 4.6482 150.1828 90.8602 197.9586 399.921;
	2.9745 40.1917 90.2621 112.2402 14.6182 13.2962 11.3436 17.214 27.4218 19.0388 35.193 52.501 79.0399 7.7967 7.5195 2.8329 3.5149 3.7248 10.3669 22.1412 3.7812 31.0245 51.0888 84.0745 97.3242 73.3079 9.7859 468.8855 263.3192 263.3192 151.5811 28.7187 34.5564 56.9916 24.4437 112.3495 299.4019 36.8539 177.716 260.6898 1.3643 147.4995 80.7404 208.3432 302.5207;
	2.1648 29.2516 88.4155 113.8347 14.3169 13.053 9.4897 17.4982 17.7039 19.3576 35.7823 53.3802 80.3636 7.0714 15.7451 5.9319 7.3599 7.7993 18.9398 26.044 3.1632 30.4569 50.7541 86.0018 99.5844 73.0092 9.3178 352.8083 189.3888 189.3888 121.9311 25.176 63.1328 67.0372 22.1698 80.8059 161.04 31.2446 155.4783 266.744 5.7061 144.8009 78.2747 214.4596 162.7175;
	2.9238 39.5065 87.0645 115.6843 14.2524 19.1222 9.971 17.8372 10.5873 20.3499 37.6165 56.1165 84.4831 10.8741 17.1874 6.4752 8.0341 8.5137 29.615 29.1735 3.3237 44.6185 56.2341 84.6745 98.1821 71.4365 8.1502 326.4458 184.2892 184.2892 96.807 24.7996 98.7165 75.0927 34.0917 78.63 152.9302 30.8059 176.0064 262.9877 9.7996 212.1291 89.4614 223.2993 154.5232;
	2.2947 31.0062 85.7312 113.7157 13.8684 19.5918 10.5268 16.895 12.1406 26.4936 48.9729 73.058 109.9884 16.2941 20.8092 7.8397 9.7271 10.3078 30.9317 36.7165 3.5089 45.7143 68.4723 84.6999 96.7513 70.8811 10.9977 259.1357 157.4977 157.4977 28.3138 15.9974 103.1057 94.5084 51.0843 67.199 160.8507 18.0341 138.2213 259.1554 9.2354 217.3389 90.3065 226.9462 162.5262;
	1.6372 22.1219 63.9565 115.3176 14.0805 15.5357 10.1039 17.7041 17.9153 27.9483 51.6621 77.0696 116.0279 23.5674 18.4491 6.9506 8.6239 9.1388 45.658 52.5141 3.368 36.2499 72.9587 85.1903 97.2344 74.6887 12.3429 102.6362 70.3946 70.3946 10.0924 8.5212 152.1934 135.1713 73.8869 30.035 90.5856 14.7952 150.0295 260.4493 7.0714 172.3425 84.317 208.0401 91.5292;
	2.407 32.524 74.7326 103.9305 14.2632 21.2552 9.285 17.3079 19.9673 27.394 50.6374 75.541 113.7266 19.0965 15.044 5.6678 7.0322 7.452 60.3198 52.9167 3.095 49.5955 70.5968 83.6985 96.5471 72.7089 11.1621 117.4356 64.3434 64.3434 44.9054 6.0939 201.0658 136.2076 59.8701 27.4532 100.285 15.7279 135.7092 258.6084 16.7441 235.7913 67.4568 221.8419 101.3296;
	1.4571 19.6891 56.1546 99.4826 10.6355 10.4342 8.4599 15.2045 21.7319 26.9957 49.9011 74.4427 112.073 19.5514 3.4203 1.2886 1.5988 1.6942 64.5296 49.7998 2.82 24.3464 70.062 76.2943 84.7802 69.9701 10.1114 228.5488 165.3127 165.3127 61.6657 7.518 215.0986 128.1849 61.2964 70.5334 192.7804 17.644 0.0 227.0898 0.0 115.7499 61.5347 187.1247 194.7885;
	1.4153 19.1234 67.9412 102.2282 11.4156 22.9124 12.5527 15.9143 24.9123 27.1183 50.1278 74.7808 112.5821 38.5075 1.061 0.3997 0.4959 0.5256 59.3494 35.754 4.1842 53.4623 68.5628 78.219 79.2946 69.4707 10.464 333.0811 266.2152 266.2152 135.8477 12.7241 197.8315 92.0308 120.7261 113.5851 285.7825 22.6102 151.9725 212.3961 0.0 254.1751 72.268 158.639 288.7594;
	1.3251 17.9045 74.2403 88.6769 11.0258 27.3442 17.8728 16.2831 25.5023 27.2183 50.3127 75.0566 112.9973 35.9382 1.6236 0.6117 0.7589 0.8043 67.9941 50.1298 5.9576 63.8032 69.3292 80.1837 81.3307 68.8765 11.1717 431.6412 314.6383 314.6383 232.1265 17.1812 226.6471 129.0342 112.6712 134.2457 374.8157 37.3905 163.3821 217.8501 0.0 303.3388 83.2323 164.6123 378.72;
	2.3066 31.1675 77.944 82.9741 12.0861 24.4754 19.4336 15.06 26.1341 26.839 49.6116 74.0107 111.4227 39.2855 31.3635 11.816 14.6606 15.5359 73.0084 58.0239 6.4779 57.1093 70.5201 76.055 84.5651 68.6546 9.3829 577.6131 337.8574 337.8574 238.8173 21.3227 243.3612 149.3536 123.1653 144.1525 529.1966 48.7611 187.1566 226.5136 0.0 271.5138 102.0026 183.8997 534.709;
	3.436 46.4281 82.791 107.8371 14.1619 29.4354 21.6244 17.051 26.4809 28.7261 53.0998 79.2145 119.257 41.253 41.4095 15.6008 19.3565 20.5122 78.3254 50.8057 7.2081 68.6826 67.3174 82.9601 93.4258 69.6763 10.1569 731.7581 509.7629 509.7629 356.5851 28.8083 261.0845 130.7739 129.3336 217.4988 682.4595 76.333 265.8278 250.2476 0.0 326.5366 130.5466 235.797 689.5684;
	3.4155 46.1512 80.0144 103.7062 14.3237 30.7452 25.7358 16.6382 27.3182 24.1133 44.5731 66.4944 100.1069 57.294 75.8724 28.5845 35.4659 37.5833 79.7873 49.6964 8.5786 71.7389 47.4532 82.3667 86.6024 67.3002 11.0825 881.0464 613.9984 613.9984 472.1523 36.2468 265.9577 127.9187 179.6246 261.9727 903.8073 109.9131 391.4715 231.9708 0.0 341.0673 148.3215 210.0059 913.2219;
	3.2468 43.8712 82.6378 105.5167 14.3049 31.5092 27.4565 16.7749 26.9855 19.8568 36.7049 54.7565 82.4356 53.075 110.7786 41.7352 51.7825 54.874 83.2632 58.8957 9.1522 73.5214 45.6107 81.8567 87.3514 66.6104 11.5125 918.7039 666.5193 666.5193 601.2436 43.6414 277.544 151.5978 166.3974 284.3815 923.113 149.8685 345.6039 233.977 0.0 349.5418 157.6443 211.1211 932.7288;
	3.5933 48.5537 85.8794 113.4404 14.3484 32.1994 29.6033 17.4413 26.8519 20.5812 38.044 56.7542 85.4431 55.363 156.246 58.8648 73.0359 77.3963 85.2555 70.9965 9.8678 75.132 33.0151 83.3093 94.0409 72.9192 12.0444 903.3169 706.0657 706.0657 622.9424 74.874 284.1849 182.7452 173.5706 301.2547 923.0174 197.8948 389.381 251.8953 0.0 357.1992 198.7955 261.2561 932.6321;
	3.6679 49.5607 89.1634 111.367 14.5214 32.0167 28.878 17.8515 26.5696 18.1777 33.6012 50.1263 75.4649 58.4628 168.9656 63.6568 78.9816 83.6969 85.5771 70.814 9.626 74.7056 38.6686 84.3564 94.5809 71.2136 12.8198 1115.5807 750.4968 750.4968 699.7396 93.4327 285.2571 182.2755 183.2887 320.2119 1044.1189 244.3557 414.1027 253.3417 92.788 355.1718 183.427 260.3692 1054.9951;
	3.7243 50.3238 88.6916 115.3915 14.5561 32.746 29.8511 12.4722 27.0046 19.5102 36.0643 53.8009 80.9969 55.77 178.4942 67.2466 83.4356 88.4169 87.8611 69.5952 9.9504 76.4073 51.0709 83.072 97.6719 59.3944 12.2885 1214.7458 747.8238 747.8238 674.5121 104.21 292.8702 179.1382 174.8464 319.0715 1060.4404 252.3301 445.0892 261.6211 113.1087 363.2619 189.5972 271.7056 1071.4867;
