function solarprofile = ex_solar_profilesh1
%EX_WIND_PROFILE_D  Example wind_load_nyiso profile data for deterministic unit commitment.
% 2022.03.12
% Andres F. Ramirez


%% define constants
[GEN_BUS, PG, QG, QMAX, QMIN, VG, MBASE, GEN_STATUS, PMAX, PMIN, ...
    MU_PMAX, MU_PMIN, MU_QMAX, MU_QMIN, PC1, PC2, QC1MIN, QC1MAX, ...
    QC2MIN, QC2MAX, RAMP_AGC, RAMP_10, RAMP_30, RAMP_Q, APF] = idx_gen;
[CT_LABEL, CT_PROB, CT_TABLE, CT_TBUS, CT_TGEN, CT_TBRCH, CT_TAREABUS, ...
    CT_TAREAGEN, CT_TAREABRCH, CT_ROW, CT_COL, CT_CHGTYPE, CT_REP, ...
    CT_REL, CT_ADD, CT_NEWVAL, CT_TLOAD, CT_TAREALOAD, CT_LOAD_ALL_PQ, ...
    CT_LOAD_FIX_PQ, CT_LOAD_DIS_PQ, CT_LOAD_ALL_P, CT_LOAD_FIX_P, ...
    CT_LOAD_DIS_P, CT_TGENCOST, CT_TAREAGENCOST, CT_MODCOST_F, ...
    CT_MODCOST_X] = idx_ct;

solarprofile = struct( ...
    'type', 'mpcData', ...
    'table', CT_TGEN, ...
    'rows', [1:12], ...
    'col', PMAX, ...
    'chgtype', 1, ...
    'values', [] );
solarprofile.values(:,1,:) = [
	0.0 0.0 0.0 0.0 0.0 0.0 0.0 0.0 0.0 0.0 0.0 0.0;
	0.0 0.0 0.0 0.0 0.0 0.0 0.0 0.0 0.0 0.0 0.0 0.0;
	0.0 0.0 0.0 0.0 0.0 0.0 0.0 0.0 0.0 0.0 0.0 0.0;
	0.0 0.0 0.0 0.0 0.0 0.0 0.0 0.0 0.0 0.0 0.0 0.0;
	0.0 0.0 0.0 0.0 0.0 0.0 0.0 0.0 0.0 0.0 0.0 0.0;
	0.1058 0.1075 0.1188 0.0 0.0 0.1251 0.0156 0.1784 0.0 0.0 0.0 0.0;
	7.3207 3.6525 2.6976 0.9578 2.0214 41.4638 5.183 14.6709 44.1517 62.9776 38.2995 114.0528;
	11.3984 8.2618 6.2666 6.1089 10.3836 61.8698 7.7337 51.8581 68.9649 167.5043 93.7362 303.3512;
	13.1407 10.8456 8.8849 9.5327 11.9311 57.8868 7.2359 64.3958 80.8306 246.4977 139.2958 446.4088;
	17.8412 14.5561 12.8076 10.0907 7.9968 247.8126 30.9766 73.1784 234.1785 258.6296 146.9674 468.3798;
	21.2632 15.5998 13.2472 9.9283 6.3694 308.9239 38.6155 71.7025 235.5763 278.7335 168.7293 504.788;
	23.6441 16.0751 13.2624 9.978 8.0594 373.7602 46.72 72.9794 250.798 288.5656 177.5832 522.594;
	26.8537 16.9373 14.2154 4.5533 5.5912 408.7498 51.0937 76.9593 259.1611 290.7567 163.5135 526.5621;
	24.3819 16.6857 14.1418 4.3898 5.5732 399.5832 49.9479 75.4362 248.6095 282.651 142.4575 511.8826;
	16.5537 12.5165 11.0485 2.826 3.773 358.7512 44.8439 70.2677 213.7362 238.5236 116.0108 431.9676;
	2.823 2.3025 1.8275 1.6069 1.2502 110.3794 13.7974 21.4263 21.7668 40.6685 25.5866 73.6509;
	0.9118 0.7414 0.5599 1.2801 1.5392 59.5898 7.4487 8.5132 21.5812 13.4503 9.4377 24.3586;
	0.0 0.0 0.0 0.0 0.0 0.0 0.0 0.0 0.0 0.0 0.0 0.0;
	0.0 0.0 0.0 0.0 0.0 0.0 0.0 0.0 0.0 0.0 0.0 0.0;
	0.0 0.0 0.0 0.0 0.0 0.0 0.0 0.0 0.0 0.0 0.0 0.0;
	0.0 0.0 0.0 0.0 0.0 0.0 0.0 0.0 0.0 0.0 0.0 0.0;
	0.0 0.0 0.0 0.0 0.0 0.0 0.0 0.0 0.0 0.0 0.0 0.0;
	0.0 0.0 0.0 0.0 0.0 0.0 0.0 0.0 0.0 0.0 0.0 0.0;
	0.0 0.0 0.0 0.0 0.0 0.0 0.0 0.0 0.0 0.0 0.0 0.0;
];
