function solarprofile = ex_solar_profilesh1
%EX_WIND_PROFILE_D  Example wind_load_nyiso profile data for deterministic unit commitment.
% 2022.03.12
% Andres F. Ramirez


%% define constants
[GEN_BUS, PG, QG, QMAX, QMIN, VG, MBASE, GEN_STATUS, PMAX, PMIN, ...
    MU_PMAX, MU_PMIN, MU_QMAX, MU_QMIN, PC1, PC2, QC1MIN, QC1MAX, ...
    QC2MIN, QC2MAX, RAMP_AGC, RAMP_10, RAMP_30, RAMP_Q, APF] = idx_gen;
[CT_LABEL, CT_PROB, CT_TABLE, CT_TBUS, CT_TGEN, CT_TBRCH, CT_TAREABUS, ...
    CT_TAREAGEN, CT_TAREABRCH, CT_ROW, CT_COL, CT_CHGTYPE, CT_REP, ...
    CT_REL, CT_ADD, CT_NEWVAL, CT_TLOAD, CT_TAREALOAD, CT_LOAD_ALL_PQ, ...
    CT_LOAD_FIX_PQ, CT_LOAD_DIS_PQ, CT_LOAD_ALL_P, CT_LOAD_FIX_P, ...
    CT_LOAD_DIS_P, CT_TGENCOST, CT_TAREAGENCOST, CT_MODCOST_F, ...
    CT_MODCOST_X] = idx_ct;

solarprofile = struct( ...
    'type', 'mpcData', ...
    'table', CT_TGEN, ...
    'rows', [1:12], ...
    'col', PMAX, ...
    'chgtype', 1, ...
    'values', [] );
solarprofile.values(:,1,:) = [
	0.0 0.0 0.0 0.0 0.0 0.0 0.0 0.0 0.0 0.0 0.0 0.0;
	0.0 0.0 0.0 0.0 0.0 0.0 0.0 0.0 0.0 0.0 0.0 0.0;
	0.0 0.0 0.0 0.0 0.0 0.0 0.0 0.0 0.0 0.0 0.0 0.0;
	0.0 0.0 0.0 0.0 0.0 0.0 0.0 0.0 0.0 0.0 0.0 0.0;
	0.0 0.0 0.0 0.0 0.0 0.0 0.0 0.0 0.0 0.0 0.0 0.0;
	0.0951 0.0972 0.1051 0.0 0.0 0.1251 0.0156 0.607 0.4646 0.0 0.0 0.0;
	1.1775 0.8067 1.0251 3.591 9.4133 8.4299 1.0537 22.0113 18.3346 61.0418 28.1153 110.5471;
	1.2097 1.5356 2.2578 8.7593 14.5559 129.7848 16.2231 25.2448 61.9291 143.0613 87.0338 259.0849;
	2.3191 4.3066 4.1789 10.74 14.2429 241.7466 30.2183 30.4675 106.5001 230.8359 132.1029 418.0451;
	20.5609 15.8999 13.2753 11.3558 13.3236 413.8771 51.7346 67.174 265.0061 292.0106 121.4017 528.8329;
	23.2844 16.0537 13.2684 11.1762 11.6718 392.9888 49.1236 69.4029 257.5074 303.6069 129.9489 549.834;
	23.4423 16.0751 13.2653 11.2056 10.7176 393.8396 49.2299 69.7563 259.3929 296.3997 97.0717 536.7817;
	23.8774 16.5824 13.7384 3.8907 5.5216 411.482 51.4352 66.431 285.12 240.8747 50.4064 436.2255;
	20.0068 15.093 12.9896 3.3854 6.3431 410.9906 51.3738 63.844 287.7906 225.3702 67.7351 408.1468;
	12.5063 9.732 8.7325 2.9749 7.214 369.5373 46.1922 58.3594 277.962 224.8618 92.9159 407.2261;
	2.524 3.3144 1.842 2.1809 8.0476 66.3739 8.2967 15.0476 95.192 118.5063 33.0936 214.6157;
	0.8987 0.74 0.5349 0.7535 2.411 36.4446 4.5556 6.5304 28.7934 15.9999 10.3714 28.9759;
	0.0 0.0 0.0 0.0 0.0 0.0 0.0 0.0 0.0 0.0 0.0 0.0;
	0.0 0.0 0.0 0.0 0.0 0.0 0.0 0.0 0.0 0.0 0.0 0.0;
	0.0 0.0 0.0 0.0 0.0 0.0 0.0 0.0 0.0 0.0 0.0 0.0;
	0.0 0.0 0.0 0.0 0.0 0.0 0.0 0.0 0.0 0.0 0.0 0.0;
	0.0 0.0 0.0 0.0 0.0 0.0 0.0 0.0 0.0 0.0 0.0 0.0;
	0.0 0.0 0.0 0.0 0.0 0.0 0.0 0.0 0.0 0.0 0.0 0.0;
	0.0 0.0 0.0 0.0 0.0 0.0 0.0 0.0 0.0 0.0 0.0 0.0;
];
