function loadprofile = ex_load_profilesh1
%EX_LOAD_PROFILE  Example load profile data file for stochastic unit commitment.
% 2022.03.12
% Andres F. Ramirez

%% define constants
[CT_LABEL, CT_PROB, CT_TABLE, CT_TBUS, CT_TGEN, CT_TBRCH, CT_TAREABUS, ...
    CT_TAREAGEN, CT_TAREABRCH, CT_ROW, CT_COL, CT_CHGTYPE, CT_REP, ...
    CT_REL, CT_ADD, CT_NEWVAL, CT_TLOAD, CT_TAREALOAD, CT_LOAD_ALL_PQ, ...
    CT_LOAD_FIX_PQ, CT_LOAD_DIS_PQ, CT_LOAD_ALL_P, CT_LOAD_FIX_P, ...
    CT_LOAD_DIS_P, CT_TGENCOST, CT_TAREAGENCOST, CT_MODCOST_F, ...
    CT_MODCOST_X] = idx_ct;

loadprofile = struct( ...
    'type', 'mpcData', ...
    'table', CT_TAREALOAD, ...
    'rows', [1:11], ...
    'col', CT_LOAD_ALL_P, ...
    'chgtype', 1, ...
    'values', [] );
loadprofile.values(:,1,:) = [
	1538.6678 918.5034 1561.3725 567.0439 734.1585 1082.0804 782.6391 225.3967 428.4082 3420.8979 1618.0803;
	1531.1583 930.531 1564.8638 576.3395 758.8002 1097.1202 800.8174 232.9409 442.0462 3549.585 1649.8553;
	1535.7817 935.6228 1580.8046 575.5277 720.6989 1086.5805 794.0586 241.2765 452.6 3675.3334 1658.6278;
	1641.6137 1018.3862 1711.6535 593.2359 831.0 1185.1134 854.9453 263.6 493.0135 4026.815 1781.2669;
	1795.7475 1164.3337 1929.7549 616.3418 951.7128 1365.3201 968.6987 307.2 621.3 4972.4105 2022.0;
	1907.0816 1246.3469 2039.9384 639.6148 1021.53 1432.0607 1007.0182 325.1 678.1 5321.7582 2130.3939;
	1921.2465 1241.044 2061.713 644.7636 1017.8 1442.9971 1024.8121 320.2713 681.6795 5653.7071 2121.4617;
	1919.7239 1248.2434 2005.248 638.2971 994.7956 1422.7076 1012.5657 314.7794 707.905 5815.63 2170.0113;
	1945.9762 1226.6374 1988.4143 625.118 979.5036 1377.5 1011.9056 324.0768 714.8994 5882.7121 2155.1195;
	1942.903 1225.1138 1988.4842 611.1276 989.0209 1398.6416 1012.3181 315.3192 701.214 5722.817 2104.6239;
	1865.6415 1168.8783 1907.6416 596.8 929.8221 1328.0743 962.6283 315.8 666.47 5221.6064 1960.0669;
	1889.6187 1186.8657 1887.7303 610.1152 951.2476 1316.2 974.6 322.0 687.6775 5823.6258 2042.0851;
	1833.3945 1149.773 1861.3632 600.1176 929.3405 1271.2366 950.3279 301.7258 667.4411 5385.4631 1971.6462;
	1864.4037 1136.078 1850.9358 593.7589 901.0769 1286.7435 959.2753 292.3236 659.3493 5483.5318 2067.1127;
	1856.4113 1130.9567 1861.7996 595.7927 916.7872 1285.5704 969.9884 293.2696 646.5316 5557.9102 2132.4143;
	1841.7346 1127.5746 1790.5483 586.3 884.0078 1288.0481 880.5339 273.7225 613.1844 4606.4277 2127.4;
	1827.1717 1116.7311 1839.4949 570.6986 927.9612 1359.3455 969.1298 296.0809 631.264 4621.4871 2216.0678;
	1801.0047 1156.9924 1905.2308 580.1093 996.8564 1440.5814 1056.0377 330.8423 677.2667 4746.2776 2327.5;
	1807.1 1167.4579 1941.0256 582.5 1003.564 1421.6265 1050.8216 338.1769 665.9 4719.342 2371.1406;
	1739.5 1117.1 1866.9962 574.2107 967.9 1352.1919 1031.8563 326.3 615.3383 5235.2888 2279.7488;
	1656.6869 1042.3 1749.7787 551.4027 895.653 1252.9 949.6726 316.6 600.5376 4935.2325 2123.2126;
	1554.3 971.8949 1637.3738 529.2488 832.9911 1146.5883 879.9001 276.9 560.4066 4571.3947 1949.5406;
	1586.3756 898.7036 1524.6652 515.3 708.2188 1077.2068 808.1566 259.2 507.6659 3614.0623 1733.2336;
	1572.51 875.7676 1511.4341 516.4353 678.4066 1047.9796 797.9711 245.0267 482.0559 3903.4611 1642.1398;
];
