function windprofile = ex_wind_profilesh1
%EX_WIND_PROFILE_D  Example wind_load_nyiso profile data for deterministic unit commitment.
% 2022.03.12
% Andres F. Ramirez


%% define constants
[GEN_BUS, PG, QG, QMAX, QMIN, VG, MBASE, GEN_STATUS, PMAX, PMIN, ...
    MU_PMAX, MU_PMIN, MU_QMAX, MU_QMIN, PC1, PC2, QC1MIN, QC1MAX, ...
    QC2MIN, QC2MAX, RAMP_AGC, RAMP_10, RAMP_30, RAMP_Q, APF] = idx_gen;
[CT_LABEL, CT_PROB, CT_TABLE, CT_TBUS, CT_TGEN, CT_TBRCH, CT_TAREABUS, ...
    CT_TAREAGEN, CT_TAREABRCH, CT_ROW, CT_COL, CT_CHGTYPE, CT_REP, ...
    CT_REL, CT_ADD, CT_NEWVAL, CT_TLOAD, CT_TAREALOAD, CT_LOAD_ALL_PQ, ...
    CT_LOAD_FIX_PQ, CT_LOAD_DIS_PQ, CT_LOAD_ALL_P, CT_LOAD_FIX_P, ...
    CT_LOAD_DIS_P, CT_TGENCOST, CT_TAREAGENCOST, CT_MODCOST_F, ...
    CT_MODCOST_X] = idx_ct;

windprofile = struct( ...
    'type', 'mpcData', ...
    'table', CT_TGEN, ...
    'rows', [1:45], ...
    'col', PMAX, ...
    'chgtype', 1, ...
    'values', [] );
windprofile.values(:,1,:) = [
	2.3276 31.4512 84.9648 110.721 13.948 13.1869 14.6304 17.3704 25.7673 24.93 46.0827 68.7464 103.4973 0.7835 20.2237 7.6192 9.4534 10.0178 14.0103 28.6037 4.8768 30.7693 61.0717 83.9938 97.1768 66.9633 7.6719 576.7428 365.3687 365.3687 199.8725 29.9681 46.7009 73.626 2.4564 155.8906 429.429 51.4338 294.6161 260.295 9.3052 146.2863 97.0247 188.1139 433.9022;
	3.286 44.4014 87.1886 110.0514 14.0327 15.774 13.4603 15.9478 25.4899 23.0998 42.6996 63.6994 95.8991 2.9959 12.2307 4.6078 5.7171 6.0584 11.871 15.3225 4.4868 36.8061 57.8106 83.3061 95.5527 68.2355 6.908 628.8843 359.4286 359.4286 168.9494 30.702 39.5699 39.4401 9.3924 153.3562 454.1803 52.879 287.1352 255.9448 7.6086 174.9867 100.636 190.6963 458.9114;
	3.0169 40.7653 85.916 103.2064 13.2683 11.6771 11.3064 14.8504 23.6778 17.4107 32.1833 48.0112 72.2806 1.3345 5.4639 2.0585 2.554 2.7065 19.6637 16.1041 3.7688 27.2465 58.2188 83.9051 96.1291 69.1647 7.7738 566.6593 328.7906 328.7906 145.1123 27.5561 65.5455 41.4521 4.1839 140.284 368.3293 38.2497 192.4862 257.4886 4.3549 129.5376 72.5833 169.5141 372.1661;
	2.4969 33.7392 83.6931 100.2959 13.1939 9.3656 10.8477 15.3558 21.5023 20.423 37.7517 56.318 84.7865 1.2625 2.2651 0.8534 1.0588 1.122 10.8712 15.5514 3.6159 21.8531 54.5397 84.1706 98.1384 72.5311 9.3164 496.9925 249.993 249.993 154.907 24.8529 36.2372 40.0294 3.9583 106.6637 291.1569 32.0017 161.4702 262.8708 1.5508 103.8959 63.7173 184.5347 294.1898;
	1.8539 25.0504 84.1768 100.8526 13.7925 10.6028 9.8982 15.6351 14.0509 17.8969 33.0822 49.3521 74.2993 2.8838 0.0 0.0 0.0 0.0 16.2118 11.9593 3.2994 24.74 32.5868 82.5299 97.5817 71.5317 8.3077 362.9302 204.1149 204.1149 140.9547 26.4788 54.0394 30.7832 9.0412 87.089 179.511 36.9228 145.4586 261.3796 10.4477 117.6209 53.7686 199.1475 181.3809;
	2.6499 35.8057 83.6243 102.6791 13.1658 15.2421 10.9121 13.2721 3.6098 18.5116 34.2185 51.0472 76.8513 2.0326 0.3136 0.1181 0.1466 0.1553 30.0609 21.09 3.6374 35.565 42.8794 83.337 96.4754 70.1052 6.2747 255.4824 169.6298 169.6298 120.0472 20.7992 100.2031 54.2858 6.3724 72.3754 129.0663 26.724 182.2478 258.4163 10.8537 169.086 61.7842 191.8344 130.4107;
	2.2073 29.8255 82.5503 107.9017 13.4529 19.5069 10.5255 15.2253 2.4838 24.033 44.4247 66.2729 99.7735 30.5388 12.0165 4.5271 5.617 5.9523 35.4956 36.3617 3.5085 45.516 55.6306 87.4878 100.64 70.4772 10.4227 228.7136 192.314 192.314 88.0411 14.6345 118.3185 93.5951 95.7432 82.054 137.6628 20.2879 138.8112 269.5714 11.1643 216.3961 72.2271 210.1833 139.0968;
	1.7264 23.3274 62.8956 109.1907 13.8648 18.0356 12.4206 16.9 16.7757 27.0859 50.068 74.6915 112.4477 39.2253 3.671 1.383 1.716 1.8184 49.4752 51.3847 4.1402 42.083 68.3059 85.6056 98.59 69.25 12.5155 133.5241 176.3698 176.3698 94.8014 7.517 164.9175 132.2643 122.9765 75.2511 115.4092 18.0092 176.3594 264.0804 9.297 200.0747 82.7032 195.5205 116.6114;
	2.3579 31.8608 78.72 100.2272 13.1578 20.1498 9.609 17.5857 19.3903 27.6672 51.1423 76.2943 114.8607 40.6651 12.1063 4.561 5.659 5.9968 61.9703 53.8461 3.203 47.0163 68.6185 88.6334 105.0325 69.8974 12.3097 84.1334 131.2424 131.2424 79.5145 7.7669 206.5677 138.5999 127.4907 55.9968 101.788 19.9415 117.69 281.337 21.1236 223.529 57.9798 224.5032 102.8483;
	1.8091 24.4446 83.1744 111.03 12.0267 13.4179 9.8794 18.0554 25.954 28.6832 53.0205 79.0961 119.0788 37.4542 3.024 1.1393 1.4135 1.4979 68.0668 44.4799 3.2931 31.3085 68.7555 88.4485 105.6676 69.6472 12.8005 244.9319 223.1862 223.1862 89.6698 8.4742 226.8893 114.4914 117.4241 95.2261 209.6288 23.9972 8.8094 283.0382 68.8359 148.8495 68.8096 201.4549 211.8124;
	1.4245 19.2488 78.4252 106.1607 11.8786 23.0713 12.8411 18.1834 26.6194 28.1706 52.073 77.6827 116.9508 40.4769 23.5817 8.8843 11.0231 11.6812 64.6841 39.6208 4.2804 53.8331 66.3335 88.5725 102.5792 70.8202 12.826 330.881 288.6865 288.6865 138.374 10.4416 215.6135 101.9839 126.9005 123.1729 297.5476 27.2727 147.1839 274.7656 46.2932 255.9378 66.8384 179.0382 300.647;
	1.5127 20.4405 86.2315 94.8297 11.5181 27.8415 18.4651 18.3898 27.1721 27.2646 50.3981 75.1841 113.1893 43.1099 24.6465 9.2854 11.5208 12.2086 80.3552 53.2595 6.155 64.9635 61.5642 87.929 101.6175 70.3413 13.4589 404.6609 343.3159 343.3159 254.6928 16.0666 267.8507 137.0901 135.1553 146.4815 395.8317 39.1094 177.7646 272.1898 95.6407 308.855 89.1218 183.5881 399.9549;
	2.4546 33.1671 89.1932 92.3503 12.9707 28.1934 19.883 18.0353 27.8186 28.1143 51.9689 77.5273 116.7169 53.4446 41.5969 15.6714 19.4441 20.605 80.8325 60.9878 6.6277 65.7846 68.5975 88.2795 104.2365 70.4423 12.3219 580.0884 419.7075 419.7075 291.2325 21.8481 269.4418 156.9828 167.5561 179.0752 579.0598 52.6219 194.4062 279.205 80.9435 312.7587 112.2444 216.3387 585.0917;
	3.4604 46.7577 87.0313 108.5729 13.8664 29.0363 22.4322 17.4591 27.1535 28.3792 52.4586 78.2579 117.8169 38.5441 60.8312 22.9178 28.435 30.1326 84.7822 54.3946 7.4774 67.7515 61.1476 85.6975 99.6417 70.8177 11.6758 744.7328 559.6769 559.6769 389.4978 31.6388 282.6074 140.012 120.8409 238.7955 694.7996 81.9801 259.653 266.8974 26.2173 322.1098 131.6941 244.2131 702.0371;
	3.6147 48.8421 87.4719 110.1861 14.0767 31.9392 25.8254 17.8405 27.2738 23.2891 43.0495 64.2214 96.685 53.8159 87.7937 33.0758 41.0384 43.4885 80.0067 55.5531 8.6085 74.5248 37.5063 86.1466 101.2534 69.6536 13.0543 906.2748 633.5717 633.5717 470.0708 36.6206 266.6888 142.9938 168.72 270.3239 869.3331 109.9491 387.7806 271.2146 21.961 354.3124 152.0983 248.2073 878.3887;
	3.6266 49.0039 88.8707 111.0537 14.395 32.934 27.8561 17.3305 26.9777 15.4087 28.4828 42.4907 63.9695 55.6308 120.3545 45.3429 56.2588 59.6175 84.9001 63.2115 9.2854 76.8461 36.3737 86.7965 101.0871 68.5452 12.4923 992.2476 700.5404 700.5404 643.0274 49.2922 283.0004 162.7066 174.4101 298.8973 936.9145 156.0119 334.7562 270.7689 20.7799 365.3481 165.826 255.5857 946.674;
	3.7296 50.3957 92.987 117.2579 14.7989 32.8592 31.0236 18.1936 27.9724 19.1437 35.3868 52.7901 79.4752 63.7109 154.9918 58.3923 72.4497 76.775 85.1667 68.9859 10.3412 76.6714 26.4802 89.274 104.0867 72.6176 13.2587 961.9061 762.5285 762.5285 735.6071 88.2983 283.8892 177.57 199.7424 325.3455 1001.2435 219.3998 407.3144 278.8038 19.7246 364.518 206.1766 274.1529 1011.6731;
	3.6988 49.9791 94.8399 119.1454 14.3252 32.9557 30.6552 18.5638 28.4169 17.8326 32.9633 49.1748 74.0324 64.7886 173.55 65.384 81.1245 85.9678 86.4339 70.8613 10.2184 76.8965 37.5096 89.8675 106.067 74.523 13.8822 1028.6273 774.3376 774.3376 747.3715 101.2458 288.1131 182.3972 203.1211 330.384 1031.6828 249.3322 437.0051 284.1081 114.5606 365.5881 193.2432 266.6717 1042.4295;
	3.613 48.8199 94.0587 120.1558 14.4336 32.6382 31.5698 14.2062 28.4538 20.9301 38.689 57.7163 86.8916 64.7779 184.7577 69.6064 86.3635 91.5195 88.1894 69.3666 10.5233 76.1558 56.4223 90.0249 106.3961 69.2183 13.328 1020.2088 778.2347 778.2347 688.2572 109.5082 293.9645 178.5498 203.0875 332.0468 1045.4942 238.3303 435.6324 284.9895 121.7986 362.0663 198.85 269.8341 1056.3847;
