function loadprofile = ex_load_profilesh1
%EX_LOAD_PROFILE  Example load profile data file for stochastic unit commitment.
% 2022.03.12
% Andres F. Ramirez

%% define constants
[CT_LABEL, CT_PROB, CT_TABLE, CT_TBUS, CT_TGEN, CT_TBRCH, CT_TAREABUS, ...
    CT_TAREAGEN, CT_TAREABRCH, CT_ROW, CT_COL, CT_CHGTYPE, CT_REP, ...
    CT_REL, CT_ADD, CT_NEWVAL, CT_TLOAD, CT_TAREALOAD, CT_LOAD_ALL_PQ, ...
    CT_LOAD_FIX_PQ, CT_LOAD_DIS_PQ, CT_LOAD_ALL_P, CT_LOAD_FIX_P, ...
    CT_LOAD_DIS_P, CT_TGENCOST, CT_TAREAGENCOST, CT_MODCOST_F, ...
    CT_MODCOST_X] = idx_ct;

loadprofile = struct( ...
    'type', 'mpcData', ...
    'table', CT_TAREALOAD, ...
    'rows', [1:11], ...
    'col', CT_LOAD_ALL_P, ...
    'chgtype', 1, ...
    'values', [] );
loadprofile.values(:,1,:) = [
	1506.2086 939.8996 1567.2107 577.0 803.4707 1170.229 875.7 223.9298 496.6548 3985.7137 1473.0809;
	1495.411 948.1217 1553.4325 574.8654 802.4151 1167.6677 851.5419 222.5 465.25 4087.3555 1427.2968;
	1490.7998 959.0511 1597.6253 579.0 806.1938 1175.1262 852.4 226.2 474.0746 3996.6206 1426.8618;
	1570.9196 1026.8 1687.1871 580.0 852.7 1254.3 915.275 251.0976 531.9867 4366.799 1617.0635;
	1718.0 1153.9942 1900.0184 588.8 979.9597 1413.2536 1010.3647 278.3074 590.2737 4814.7024 1802.8261;
	1819.5934 1241.8657 2028.3435 613.9048 1028.0 1514.6414 1082.8334 311.7917 648.8653 5428.8406 2019.9923;
	1823.305 1239.5139 2014.7843 595.1 1000.5127 1487.2479 1090.5837 286.0481 661.3723 5563.9256 1942.3265;
	1841.0644 1222.7098 2011.1 572.0 973.0304 1444.0729 1079.1782 305.6234 663.9 5855.5285 1937.0894;
	1809.5353 1219.1 1966.0 525.6001 958.3742 1400.1 1063.0301 306.253 683.5296 6066.3497 1892.5271;
	1786.6 1226.6003 1906.8163 523.6034 956.9162 1356.8 1030.2059 309.6667 667.2155 6102.8616 1810.4465;
	1812.3802 1230.4448 1927.4507 526.9293 980.7213 1354.5135 1033.9451 305.7574 664.5769 6101.9694 1851.3568;
	1833.5664 1255.1884 1957.7136 534.313 965.6596 1379.8703 1070.6186 302.3 651.3479 6130.0271 1760.9627;
	1808.3326 1283.9374 1954.445 528.9 971.1969 1419.6965 1069.7084 296.4 652.882 6113.2588 1937.6983;
	1736.7159 1234.4045 1913.2194 523.0612 935.7473 1406.2135 1080.0971 299.3095 644.5 6126.9444 1969.999;
	1713.529 1201.9726 1878.7133 524.5346 917.7 1397.2069 1051.0738 301.9 648.7953 6050.248 1750.6772;
	1746.8021 1223.2352 1918.352 547.0663 949.2565 1407.5085 1067.3147 315.8761 653.2 6105.6993 1852.4621;
	1773.9305 1223.0661 1959.9353 561.4369 974.5589 1454.7598 1104.2 318.3011 657.4155 6023.8648 2108.9151;
	1815.4055 1250.0934 2036.6847 583.8 1054.1117 1499.1262 1149.6733 349.4565 676.4 5973.5463 2077.5801;
	1883.3394 1296.8591 2033.2015 575.0952 1009.2163 1489.4625 1143.8357 343.5913 673.6988 5807.1579 1983.8059;
	1755.635 1190.4706 1922.614 564.8698 946.5892 1387.0216 1068.3571 325.4 616.0455 5306.1834 1855.341;
	1701.428 1131.8 1841.4923 545.5863 909.9391 1272.436 976.2584 287.1236 564.8476 5177.8402 1874.5746;
	1576.1475 1041.6676 1696.1502 541.0524 852.8514 1187.1303 897.7161 253.378 516.787 4670.4228 1702.063;
	1594.4935 947.5025 1570.8977 531.5 792.8286 1133.3 840.2521 228.142 478.7149 4263.1398 1648.5512;
	1522.418 916.6492 1535.6478 525.4 776.2984 1082.3275 812.2767 216.9975 426.0055 3932.6528 1521.1431;
];
