function solarprofile = ex_solar_profilesh1
%EX_WIND_PROFILE_D  Example wind_load_nyiso profile data for deterministic unit commitment.
% 2022.03.12
% Andres F. Ramirez


%% define constants
[GEN_BUS, PG, QG, QMAX, QMIN, VG, MBASE, GEN_STATUS, PMAX, PMIN, ...
    MU_PMAX, MU_PMIN, MU_QMAX, MU_QMIN, PC1, PC2, QC1MIN, QC1MAX, ...
    QC2MIN, QC2MAX, RAMP_AGC, RAMP_10, RAMP_30, RAMP_Q, APF] = idx_gen;
[CT_LABEL, CT_PROB, CT_TABLE, CT_TBUS, CT_TGEN, CT_TBRCH, CT_TAREABUS, ...
    CT_TAREAGEN, CT_TAREABRCH, CT_ROW, CT_COL, CT_CHGTYPE, CT_REP, ...
    CT_REL, CT_ADD, CT_NEWVAL, CT_TLOAD, CT_TAREALOAD, CT_LOAD_ALL_PQ, ...
    CT_LOAD_FIX_PQ, CT_LOAD_DIS_PQ, CT_LOAD_ALL_P, CT_LOAD_FIX_P, ...
    CT_LOAD_DIS_P, CT_TGENCOST, CT_TAREAGENCOST, CT_MODCOST_F, ...
    CT_MODCOST_X] = idx_ct;

solarprofile = struct( ...
    'type', 'mpcData', ...
    'table', CT_TGEN, ...
    'rows', [1:12], ...
    'col', PMAX, ...
    'chgtype', 1, ...
    'values', [] );
solarprofile.values(:,1,:) = [
	0.0 0.0 0.0 0.0 0.0 0.0 0.0 0.0 0.0 0.0 0.0 0.0;
	0.0 0.0 0.0 0.0 0.0 0.0 0.0 0.0 0.0 0.0 0.0 0.0;
	0.0 0.0 0.0 0.0 0.0 0.0 0.0 0.0 0.0 0.0 0.0 0.0;
	0.0 0.0 0.0 0.0 0.0 0.0 0.0 0.0 0.0 0.0 0.0 0.0;
	0.0 0.0 0.0 0.0 0.0 0.0 0.0 0.0 0.0 0.0 0.0 0.0;
	0.0951 0.0972 0.1051 0.0 0.0 0.1251 0.0156 0.1784 0.0 0.0 0.0 0.0;
	2.6226 1.3626 1.3817 1.923 6.8092 94.5787 11.8223 13.7551 64.8038 23.2917 20.585 42.1815;
	7.6705 5.2789 5.4413 6.4348 12.8175 223.0993 27.8874 56.8569 128.6868 120.824 107.051 218.8129;
	12.5214 9.2288 9.2825 9.0089 12.5741 241.8281 30.2285 70.6484 126.188 218.615 161.6884 395.9131;
	22.4861 15.9968 13.6331 6.2861 9.6536 373.1 46.6375 68.1264 191.8197 176.7239 149.1742 320.048;
	24.3514 16.1268 13.6486 6.5585 8.9013 301.3935 37.6742 60.454 53.7877 208.5963 166.2243 377.7692;
	24.7957 16.2076 13.7256 9.4861 9.4334 273.7067 34.2133 55.6901 42.8897 227.1138 172.178 411.3045;
	25.3734 16.6166 13.7631 6.6534 6.9164 330.4636 41.3079 56.8059 128.1579 126.1911 148.9805 228.5329;
	22.8189 16.0158 13.1638 6.5105 7.3689 345.4461 43.1808 59.4722 191.8016 115.3341 115.3972 208.8708;
	17.4058 11.9254 9.3147 3.8728 7.1702 285.3054 35.6632 53.9098 190.0235 104.3696 91.0533 189.014;
	7.8164 6.3522 4.4428 0.9632 6.5721 30.1589 3.7699 9.2793 29.2208 47.7178 17.6927 86.4173;
	1.2551 1.1134 0.8144 0.6507 2.491 32.1325 4.0166 6.3874 20.3087 26.15 9.9971 47.3579;
	0.0 0.0 0.0 0.0 0.0 0.0 0.0 0.0 0.0 0.0 0.0 0.0;
	0.0 0.0 0.0 0.0 0.0 0.0 0.0 0.0 0.0 0.0 0.0 0.0;
	0.0 0.0 0.0 0.0 0.0 0.0 0.0 0.0 0.0 0.0 0.0 0.0;
	0.0 0.0 0.0 0.0 0.0 0.0 0.0 0.0 0.0 0.0 0.0 0.0;
	0.0 0.0 0.0 0.0 0.0 0.0 0.0 0.0 0.0 0.0 0.0 0.0;
	0.0 0.0 0.0 0.0 0.0 0.0 0.0 0.0 0.0 0.0 0.0 0.0;
	0.0 0.0 0.0 0.0 0.0 0.0 0.0 0.0 0.0 0.0 0.0 0.0;
];
