function loadprofile = ex_load_profilesh1
%EX_LOAD_PROFILE  Example load profile data file for stochastic unit commitment.
% 2022.03.12
% Andres F. Ramirez

%% define constants
[CT_LABEL, CT_PROB, CT_TABLE, CT_TBUS, CT_TGEN, CT_TBRCH, CT_TAREABUS, ...
    CT_TAREAGEN, CT_TAREABRCH, CT_ROW, CT_COL, CT_CHGTYPE, CT_REP, ...
    CT_REL, CT_ADD, CT_NEWVAL, CT_TLOAD, CT_TAREALOAD, CT_LOAD_ALL_PQ, ...
    CT_LOAD_FIX_PQ, CT_LOAD_DIS_PQ, CT_LOAD_ALL_P, CT_LOAD_FIX_P, ...
    CT_LOAD_DIS_P, CT_TGENCOST, CT_TAREAGENCOST, CT_MODCOST_F, ...
    CT_MODCOST_X] = idx_ct;

loadprofile = struct( ...
    'type', 'mpcData', ...
    'table', CT_TAREALOAD, ...
    'rows', [1:11], ...
    'col', CT_LOAD_ALL_P, ...
    'chgtype', 1, ...
    'values', [] );
loadprofile.values(:,1,:) = [
	1535.3415 906.6087 1567.6 570.5943 759.062 1111.9 820.3494 273.0584 495.1327 4299.7059 1621.7611;
	1550.267 910.7 1591.7 572.6225 778.1967 1123.7803 835.1 273.8633 499.5608 4333.917 1638.154;
	1570.9539 931.9 1621.8595 581.9085 779.3 1157.4545 859.163 274.7335 510.9 4360.9021 1670.0879;
	1655.2373 1003.1669 1722.5169 586.5 846.5532 1223.824 906.9 281.5 555.6312 4583.3087 1777.6744;
	1796.6004 1154.9 1951.5566 611.4608 973.2737 1415.2 1020.6245 337.1811 647.754 5211.4146 2029.093;
	1931.078 1230.9192 2024.2148 603.1 1034.9 1490.1797 1120.2069 359.0866 725.7854 5820.8661 2211.3;
	1898.1742 1198.3696 1972.3 574.1 1017.4464 1458.9746 1118.0147 350.3 707.5702 6004.9092 2198.6552;
	1917.4728 1202.542 1968.554 573.1041 1021.936 1469.8425 1162.7215 354.2599 711.5858 6236.2558 2188.3817;
	1945.7372 1224.2 1976.5406 568.2918 1037.0627 1513.4925 1183.6 356.4053 707.6715 6264.7483 2224.724;
	1873.3928 1206.8245 1915.1557 569.5 1016.1946 1485.166 1124.1 351.3199 691.9 6244.6 2126.7367;
	1866.9664 1207.7558 1936.3934 579.1264 985.1 1430.2376 1120.4844 337.4 680.35 6256.3169 2092.0197;
	1853.1129 1198.1 1905.388 570.6352 981.9377 1441.2549 1142.9771 329.3 691.7 6211.011 2065.5713;
	1838.733 1200.1819 1930.1432 565.2121 970.356 1405.3688 1120.8 332.2148 679.7 6193.407 2119.198;
	1769.233 1192.2879 1874.281 566.0 941.7314 1388.386 1090.6 339.2035 683.1155 6212.2454 2090.6926;
	1786.9222 1173.3098 1877.1743 549.226 967.1874 1412.8078 1211.0734 345.9 724.0314 6430.3971 2230.0488;
	1772.1811 1144.6 1867.1238 547.6497 966.7 1477.8558 1247.4195 355.4422 738.1021 6454.673 2246.3895;
	1744.6575 1174.2 1883.8173 562.1054 973.5697 1507.8115 1210.4852 365.854 726.5573 6286.3939 2406.4507;
	1779.3872 1187.0 1888.1174 547.6729 979.0 1537.3124 1190.0643 370.5 740.5695 6290.0322 2471.0836;
	1794.6161 1209.3 1912.2352 548.9463 947.2 1500.8084 1167.2361 348.7347 722.6694 6170.1175 2423.7833;
	1767.7327 1149.1315 1858.3707 550.9 924.2528 1414.2354 1105.7013 362.1 689.7191 5939.2239 2337.1991;
	1626.0342 1046.8015 1695.7779 543.3954 867.2305 1307.1285 1040.4094 313.0758 644.867 5620.9 2161.3302;
	1512.0 979.7352 1567.5432 510.8865 790.3895 1205.3048 978.5987 294.9 595.7977 5443.3476 1990.8989;
	1489.5502 938.4198 1538.4 516.5447 793.9534 1228.1549 927.9098 281.3133 538.3 5241.5212 1932.0201;
	1438.8076 906.4 1509.4 514.9009 769.6 1196.2175 875.9709 261.598 526.5089 5024.4356 1761.9685;
];
