function windprofile = ex_wind_profilesh1
%EX_WIND_PROFILE_D  Example wind_load_nyiso profile data for deterministic unit commitment.
% 2022.03.12
% Andres F. Ramirez


%% define constants
[GEN_BUS, PG, QG, QMAX, QMIN, VG, MBASE, GEN_STATUS, PMAX, PMIN, ...
    MU_PMAX, MU_PMIN, MU_QMAX, MU_QMIN, PC1, PC2, QC1MIN, QC1MAX, ...
    QC2MIN, QC2MAX, RAMP_AGC, RAMP_10, RAMP_30, RAMP_Q, APF] = idx_gen;
[CT_LABEL, CT_PROB, CT_TABLE, CT_TBUS, CT_TGEN, CT_TBRCH, CT_TAREABUS, ...
    CT_TAREAGEN, CT_TAREABRCH, CT_ROW, CT_COL, CT_CHGTYPE, CT_REP, ...
    CT_REL, CT_ADD, CT_NEWVAL, CT_TLOAD, CT_TAREALOAD, CT_LOAD_ALL_PQ, ...
    CT_LOAD_FIX_PQ, CT_LOAD_DIS_PQ, CT_LOAD_ALL_P, CT_LOAD_FIX_P, ...
    CT_LOAD_DIS_P, CT_TGENCOST, CT_TAREAGENCOST, CT_MODCOST_F, ...
    CT_MODCOST_X] = idx_ct;

windprofile = struct( ...
    'type', 'mpcData', ...
    'table', CT_TGEN, ...
    'rows', [1:45], ...
    'col', PMAX, ...
    'chgtype', 1, ...
    'values', [] );
windprofile.values(:,1,:) = [
	3.7084 50.1088 92.6031 120.0136 15.4169 17.6437 14.4316 17.4337 28.0087 25.5294 47.1907 70.3993 105.9857 5.1719 15.3185 5.7712 7.1605 7.588 15.2676 24.3511 4.8105 41.1686 60.712 89.0971 99.3614 70.8366 6.9129 691.9098 398.2081 398.2081 214.8053 36.9133 50.8921 62.6799 16.2146 169.9021 487.7785 57.5301 301.9183 266.1466 15.804 195.7275 127.096 232.7966 492.8595;
	3.5797 48.37 92.1379 118.2538 15.3483 18.1059 13.4027 17.2012 27.615 25.4618 47.0658 70.2129 105.7051 5.675 12.4095 4.6752 5.8007 6.147 13.8786 12.3261 4.4676 42.2471 66.7442 89.3211 100.2922 72.0177 6.7401 692.8727 382.3007 382.3007 185.1117 33.9316 46.262 31.7275 17.792 163.115 494.0145 55.4697 297.8408 268.6399 13.3172 200.8546 123.5577 226.3287 499.1605;
	3.4465 46.5692 92.4963 117.7276 15.3805 16.9414 11.6073 17.6539 27.7092 25.3078 46.781 69.7881 105.0656 7.436 16.4224 6.187 7.6765 8.1348 26.4295 22.8232 3.8691 39.5298 69.2666 89.9171 101.1868 72.5706 7.4934 641.2803 344.2504 344.2504 157.5172 35.4853 88.0984 58.747 23.3129 146.8802 402.4069 40.8593 221.5425 271.0362 19.4044 187.9361 99.2128 221.6923 406.5987;
	3.0305 40.9484 92.773 112.8164 15.3805 15.8863 10.8206 17.9763 26.769 24.7675 45.7824 68.2983 102.8227 8.8344 11.0675 4.1696 5.1734 5.4823 13.4488 22.9688 3.6069 37.068 69.7614 89.6388 100.6296 74.1101 9.516 508.3708 265.3484 265.3484 166.6371 33.1654 44.8292 59.1217 27.6971 113.2153 311.0531 38.9207 168.7382 269.5436 27.8684 176.2318 86.4594 224.9605 314.2932;
	2.5183 34.0283 92.1528 116.6435 15.3719 18.6091 9.615 18.116 17.7898 23.7009 43.8108 65.3572 98.3948 13.9729 17.4366 6.5692 8.1506 8.6372 23.1585 24.4867 3.205 43.4212 64.3101 88.3938 99.1331 73.3363 9.2493 380.8766 214.9472 214.9472 150.9167 30.749 77.1949 63.0289 43.8069 91.7108 182.7993 36.8458 161.7247 265.5351 15.5435 206.437 93.2029 221.2599 184.7035;
	3.3386 45.1118 92.4121 117.1055 15.3765 27.1931 12.1573 17.8429 10.6059 22.2045 41.0448 61.2307 92.1825 31.5186 21.9318 8.2627 10.2518 10.8639 36.7254 29.264 4.0524 63.4505 67.2035 88.0915 98.7201 70.8467 7.7356 308.2276 217.4633 217.4633 148.0153 25.2037 122.418 75.3257 98.8152 92.7844 161.8531 35.2051 194.0661 264.4289 15.2038 301.6618 102.3986 221.1995 163.5391;
	2.963 40.0363 90.7336 115.946 14.864 26.3141 11.5159 17.5756 12.3472 27.4981 50.8299 75.8282 114.1589 44.1289 30.6314 11.5402 14.3184 15.1732 42.3033 40.302 3.8386 61.3995 71.0855 88.7284 101.8693 71.1063 10.9776 269.9847 241.2821 241.2821 120.6308 16.3671 141.0111 103.7374 138.35 102.947 184.9104 24.7871 148.417 272.8641 14.4112 291.9106 113.0545 241.6529 186.8366;
	2.3909 32.3066 73.8428 117.4328 15.3531 22.2167 12.0007 18.4573 18.9049 27.8932 51.5601 76.9175 115.7989 47.9482 30.9851 11.6735 14.4838 15.3485 54.1789 54.2519 4.0002 51.8389 71.5377 89.5269 103.7168 73.9625 12.8601 135.4642 193.0651 193.0651 115.2888 9.6525 180.5965 139.6446 150.324 82.3744 116.4009 64.2104 163.1015 277.813 10.9984 246.4568 105.1933 228.0627 117.6134;
	2.9024 39.2181 87.8025 112.1602 15.3196 26.3172 10.5305 18.4559 20.6548 28.2316 52.1857 77.8508 117.204 50.5954 21.0481 7.9297 9.8388 10.4261 66.4772 53.5334 3.5102 61.4068 72.8216 90.0727 103.9681 71.4791 12.3464 108.6286 157.1253 157.1253 105.6475 7.2407 221.5906 137.795 158.6236 67.0401 107.5523 32.538 130.226 278.4859 21.9548 291.9453 89.5158 252.7427 108.6726;
	2.0896 28.2346 88.2348 113.7798 14.0315 14.7659 9.521 18.0824 25.0175 28.1668 52.0658 77.6719 116.9347 48.2067 9.6907 3.6509 4.5298 4.8003 72.7604 46.8031 3.1737 34.4537 69.8582 89.5203 104.1496 71.9304 11.8579 224.6609 230.149 230.149 112.5185 8.4978 242.5347 120.4714 151.1346 98.1969 208.9836 24.9152 15.3157 278.972 63.5194 163.8026 82.0318 222.0667 211.1605;
	1.7103 23.1105 85.9209 112.3323 13.6754 26.5862 13.6948 17.7061 26.5906 27.54 50.9073 75.9437 114.3329 53.8647 18.9857 7.1528 8.8747 9.4046 70.0259 38.1368 4.5649 62.0345 70.0191 89.7741 100.7445 74.4887 12.1569 268.0206 286.7411 286.7411 160.6296 12.823 233.4197 98.1643 168.8731 122.3429 275.807 29.4811 166.4862 269.8514 39.0186 294.9299 92.268 202.4555 278.68;
	1.7703 23.9203 90.7335 101.7151 13.0605 30.12 18.9815 18.607 27.1482 27.5491 50.924 75.9686 114.3703 56.5523 19.1039 7.1973 8.9299 9.4631 83.7679 51.2266 6.3272 70.2801 69.7104 89.4089 102.1304 74.242 12.8337 412.0871 349.2724 349.2724 279.5154 16.7278 279.2264 131.8573 177.299 149.0229 398.386 43.0924 196.7304 273.5635 38.8023 334.1317 103.6077 197.3488 402.5358;
	2.9654 40.0688 91.4382 100.0043 14.2549 31.7273 21.1657 17.7629 27.7956 28.7045 53.0599 79.1549 119.1673 58.5947 39.1958 14.7668 18.3218 19.4156 81.8834 59.2346 7.0552 74.0305 72.1749 89.5776 103.5913 72.2543 11.5196 598.3913 422.9295 422.9295 312.6905 22.0149 272.9445 152.4701 183.7022 180.4499 560.6922 58.1755 229.6725 277.4767 41.1172 351.9619 132.3227 223.2105 566.5328;
	3.5796 48.3678 91.1631 114.4693 14.7105 29.895 20.4364 18.1905 26.5697 28.3386 52.3834 78.1457 117.648 52.5223 48.2027 18.1601 22.5319 23.8771 80.3496 56.293 6.8121 69.755 67.314 88.8169 101.6846 73.5595 11.6805 744.224 550.8404 550.8404 406.4687 30.15 267.8321 144.8984 164.6645 235.0252 688.612 81.4648 275.5003 272.3694 39.9285 331.6353 140.6529 255.037 695.785;
	3.7271 50.3614 90.8013 116.7301 14.5177 32.5646 25.0495 17.9069 27.1554 24.6091 45.4896 67.8615 102.1651 61.673 79.6109 29.993 37.2135 39.4352 73.8187 58.8567 8.3498 75.9841 47.0317 89.017 98.8833 71.8208 12.1348 861.447 626.7615 626.7615 504.8465 33.2914 246.0624 151.4972 193.3532 267.4182 865.8594 109.9517 422.8223 264.866 38.5486 361.2502 153.9976 255.5507 874.8787;
	3.7594 50.7975 93.725 117.4588 14.7799 32.5683 26.0735 17.557 27.3785 20.1475 37.2423 55.5582 83.6425 68.1587 131.0855 49.3857 61.2749 64.9331 73.0631 70.3456 8.6912 75.9928 44.6206 88.3986 99.0904 72.8589 11.865 927.9143 701.6643 701.6643 681.4688 43.582 243.5437 181.0697 213.6868 299.3768 970.9844 152.3849 392.6535 265.4208 12.4584 361.2915 169.5572 272.8146 981.0988;
	3.7563 50.7562 91.7348 116.7803 14.6969 32.512 28.3473 17.4235 25.7549 19.9184 36.8189 54.9265 82.6916 68.5128 166.3815 62.6833 77.7737 82.4169 85.0058 71.5916 9.4491 75.8613 22.8477 88.808 99.4029 73.2942 12.2355 855.1372 700.1734 700.1734 710.1226 75.9722 283.3528 184.277 214.7968 298.7406 924.2736 203.3303 398.2778 266.2578 9.1616 360.6662 195.1582 278.7599 933.9015;
	3.726 50.3459 93.7841 118.6437 14.6625 32.4933 27.0899 18.4989 26.0744 18.6823 34.534 51.518 77.56 67.2281 174.2248 65.6382 81.44 86.302 87.0285 71.1786 9.03 75.8176 36.6527 88.2759 103.6089 73.1987 13.371 1053.4303 749.8343 749.8343 754.3185 92.3216 290.0952 183.2139 210.7692 319.9293 1037.4737 240.5232 425.5125 277.5238 110.395 360.4587 184.4821 274.9202 1048.2808;
	3.9013 52.7157 93.4695 120.8611 14.739 34.7467 30.5265 14.013 26.7019 21.5494 39.8337 59.4241 89.4626 68.9683 189.5931 71.4281 88.6237 93.9147 87.6593 73.379 10.1755 81.0756 48.2927 88.5008 104.6071 64.8869 12.7551 1201.0195 810.7836 810.7836 737.8071 108.5662 292.1976 188.8777 216.2251 345.9343 1181.6918 261.8455 448.926 280.1977 116.8558 385.4564 208.5168 282.8954 1194.0011;
