function solarprofile = ex_solar_profilesh1
%EX_WIND_PROFILE_D  Example wind_load_nyiso profile data for deterministic unit commitment.
% 2022.03.12
% Andres F. Ramirez


%% define constants
[GEN_BUS, PG, QG, QMAX, QMIN, VG, MBASE, GEN_STATUS, PMAX, PMIN, ...
    MU_PMAX, MU_PMIN, MU_QMAX, MU_QMIN, PC1, PC2, QC1MIN, QC1MAX, ...
    QC2MIN, QC2MAX, RAMP_AGC, RAMP_10, RAMP_30, RAMP_Q, APF] = idx_gen;
[CT_LABEL, CT_PROB, CT_TABLE, CT_TBUS, CT_TGEN, CT_TBRCH, CT_TAREABUS, ...
    CT_TAREAGEN, CT_TAREABRCH, CT_ROW, CT_COL, CT_CHGTYPE, CT_REP, ...
    CT_REL, CT_ADD, CT_NEWVAL, CT_TLOAD, CT_TAREALOAD, CT_LOAD_ALL_PQ, ...
    CT_LOAD_FIX_PQ, CT_LOAD_DIS_PQ, CT_LOAD_ALL_P, CT_LOAD_FIX_P, ...
    CT_LOAD_DIS_P, CT_TGENCOST, CT_TAREAGENCOST, CT_MODCOST_F, ...
    CT_MODCOST_X] = idx_ct;

solarprofile = struct( ...
    'type', 'mpcData', ...
    'table', CT_TGEN, ...
    'rows', [1:12], ...
    'col', PMAX, ...
    'chgtype', 1, ...
    'values', [] );
solarprofile.values(:,1,:) = [
	0.0 0.0 0.0 0.0 0.0 0.0 0.0 0.0 0.0 0.0 0.0 0.0;
	0.0 0.0 0.0 0.0 0.0 0.0 0.0 0.0 0.0 0.0 0.0 0.0;
	0.0 0.0 0.0 0.0 0.0 0.0 0.0 0.0 0.0 0.0 0.0 0.0;
	0.0 0.0 0.0 0.0 0.0 0.0 0.0 0.0 0.0 0.0 0.0 0.0;
	0.0 0.0 0.0 0.0 0.0 0.0 0.0 0.0 0.0 0.0 0.0 0.0;
	0.1116 0.1215 0.1596 0.0 0.0 0.1251 0.0156 0.1784 0.0 0.0 0.0 0.0;
	4.7092 3.8867 3.4786 7.5998 4.7672 100.1831 12.5229 29.2702 113.4703 20.9718 26.053 37.98;
	8.2217 6.512 5.8967 10.3284 10.4026 237.1958 29.6495 50.9879 162.0319 17.498 33.2883 31.6889;
	11.9331 9.6721 8.3982 10.7413 11.9864 260.8477 32.606 55.657 166.1094 60.0491 53.2018 108.7493;
	21.8942 16.0008 13.1237 10.8467 11.9023 382.2274 47.7784 70.8471 260.3027 207.8434 115.5556 376.4056;
	24.1876 16.2491 13.2549 11.1561 11.299 340.3944 42.5493 70.7911 255.9944 273.3309 164.3704 495.0039;
	25.1051 16.4332 13.4545 11.2056 10.9594 299.0144 37.3768 71.7174 242.5619 273.1217 169.2832 494.625;
	25.6336 16.775 13.8073 6.9668 7.7479 239.8932 29.9867 73.2988 198.3457 158.9399 91.6183 287.8411;
	21.4456 15.9658 12.974 6.1551 8.0106 280.8531 35.1066 72.9767 176.7458 149.3291 49.6907 270.4359;
	12.11 9.9051 5.3673 4.0529 7.3911 264.0328 33.0041 69.2852 151.5831 148.4265 42.0855 268.8013;
	0.7348 1.3569 0.0291 1.9713 4.5543 85.659 10.7074 24.318 36.1607 61.5638 9.9898 111.4924;
	0.8987 0.7345 0.5349 0.7533 1.4538 36.1581 4.5198 6.7486 22.9796 16.3817 7.7805 29.6673;
	0.0 0.0 0.0 0.0 0.0 0.0 0.0 0.0 0.0 0.0 0.0 0.0;
	0.0 0.0 0.0 0.0 0.0 0.0 0.0 0.0 0.0 0.0 0.0 0.0;
	0.0 0.0 0.0 0.0 0.0 0.0 0.0 0.0 0.0 0.0 0.0 0.0;
	0.0 0.0 0.0 0.0 0.0 0.0 0.0 0.0 0.0 0.0 0.0 0.0;
	0.0 0.0 0.0 0.0 0.0 0.0 0.0 0.0 0.0 0.0 0.0 0.0;
	0.0 0.0 0.0 0.0 0.0 0.0 0.0 0.0 0.0 0.0 0.0 0.0;
	0.0 0.0 0.0 0.0 0.0 0.0 0.0 0.0 0.0 0.0 0.0 0.0;
];
