function solarprofile = ex_solar_profilesh1
%EX_WIND_PROFILE_D  Example wind_load_nyiso profile data for deterministic unit commitment.
% 2022.03.12
% Andres F. Ramirez


%% define constants
[GEN_BUS, PG, QG, QMAX, QMIN, VG, MBASE, GEN_STATUS, PMAX, PMIN, ...
    MU_PMAX, MU_PMIN, MU_QMAX, MU_QMIN, PC1, PC2, QC1MIN, QC1MAX, ...
    QC2MIN, QC2MAX, RAMP_AGC, RAMP_10, RAMP_30, RAMP_Q, APF] = idx_gen;
[CT_LABEL, CT_PROB, CT_TABLE, CT_TBUS, CT_TGEN, CT_TBRCH, CT_TAREABUS, ...
    CT_TAREAGEN, CT_TAREABRCH, CT_ROW, CT_COL, CT_CHGTYPE, CT_REP, ...
    CT_REL, CT_ADD, CT_NEWVAL, CT_TLOAD, CT_TAREALOAD, CT_LOAD_ALL_PQ, ...
    CT_LOAD_FIX_PQ, CT_LOAD_DIS_PQ, CT_LOAD_ALL_P, CT_LOAD_FIX_P, ...
    CT_LOAD_DIS_P, CT_TGENCOST, CT_TAREAGENCOST, CT_MODCOST_F, ...
    CT_MODCOST_X] = idx_ct;

solarprofile = struct( ...
    'type', 'mpcData', ...
    'table', CT_TGEN, ...
    'rows', [1:12], ...
    'col', PMAX, ...
    'chgtype', 1, ...
    'values', [] );
solarprofile.values(:,1,:) = [
	0.0 0.0 0.0 0.0 0.0 0.0 0.0 0.0 0.0 0.0 0.0 0.0;
	0.0 0.0 0.0 0.0 0.0 0.0 0.0 0.0 0.0 0.0 0.0 0.0;
	0.0 0.0 0.0 0.0 0.0 0.0 0.0 0.0 0.0 0.0 0.0 0.0;
	0.0 0.0 0.0 0.0 0.0 0.0 0.0 0.0 0.0 0.0 0.0 0.0;
	0.0 0.0 0.0 0.0 0.0 0.0 0.0 0.0 0.0 0.0 0.0 0.0;
	0.0951 0.1179 0.1134 0.0 0.0 0.1251 0.0156 0.1784 0.0 0.0 0.0 0.0;
	3.5321 4.6309 5.4638 3.0061 6.4983 13.2556 1.657 9.9738 15.6845 55.9146 33.0622 101.2617;
	7.8975 7.3072 6.5546 5.5586 10.7815 33.3846 4.1731 22.7286 48.4308 131.7072 105.2565 238.5225;
	13.1106 12.1307 9.2802 6.7971 11.6039 78.0551 9.7569 29.0635 100.5944 204.2628 150.471 369.9211;
	22.9527 16.8845 14.0165 5.87 8.564 343.6129 42.9516 61.0119 236.5973 187.7806 82.5498 340.0718;
	23.7816 16.3405 13.3845 9.295 7.3031 296.5981 37.0748 60.3326 196.3384 201.9828 62.3489 365.792;
	23.0595 16.0751 13.2624 10.6989 6.8991 169.1751 21.1469 59.6021 76.1229 197.9167 64.3991 358.4283;
	13.8111 11.904 10.7036 3.8754 2.1179 60.9614 7.6202 50.4674 15.4708 139.1141 69.8758 251.9365;
	11.5975 9.0582 8.3539 2.1431 1.9869 63.1549 7.8944 46.4945 17.4674 103.7573 53.3893 187.9052;
	12.5031 9.4491 8.7105 0.7405 1.9578 64.8795 8.1099 41.4202 3.2916 60.5354 35.4228 109.6299;
	10.4076 8.1364 8.0338 0.3945 2.242 5.0102 0.6263 10.721 0.0 5.755 1.0969 10.4223;
	1.37 1.0828 0.8064 0.6794 1.3213 32.1117 4.014 6.6461 20.2353 9.9243 6.7022 17.9729;
	0.0 0.0 0.0 0.0 0.0 0.0 0.0 0.0 0.0 0.0 0.0 0.0;
	0.0 0.0 0.0 0.0 0.0 0.0 0.0 0.0 0.0 0.0 0.0 0.0;
	0.0 0.0 0.0 0.0 0.0 0.0 0.0 0.0 0.0 0.0 0.0 0.0;
	0.0 0.0 0.0 0.0 0.0 0.0 0.0 0.0 0.0 0.0 0.0 0.0;
	0.0 0.0 0.0 0.0 0.0 0.0 0.0 0.0 0.0 0.0 0.0 0.0;
	0.0 0.0 0.0 0.0 0.0 0.0 0.0 0.0 0.0 0.0 0.0 0.0;
	0.0 0.0 0.0 0.0 0.0 0.0 0.0 0.0 0.0 0.0 0.0 0.0;
];
