function windprofile = ex_wind_profilesh1
%EX_WIND_PROFILE_D  Example wind_load_nyiso profile data for deterministic unit commitment.
% 2022.03.12
% Andres F. Ramirez


%% define constants
[GEN_BUS, PG, QG, QMAX, QMIN, VG, MBASE, GEN_STATUS, PMAX, PMIN, ...
    MU_PMAX, MU_PMIN, MU_QMAX, MU_QMIN, PC1, PC2, QC1MIN, QC1MAX, ...
    QC2MIN, QC2MAX, RAMP_AGC, RAMP_10, RAMP_30, RAMP_Q, APF] = idx_gen;
[CT_LABEL, CT_PROB, CT_TABLE, CT_TBUS, CT_TGEN, CT_TBRCH, CT_TAREABUS, ...
    CT_TAREAGEN, CT_TAREABRCH, CT_ROW, CT_COL, CT_CHGTYPE, CT_REP, ...
    CT_REL, CT_ADD, CT_NEWVAL, CT_TLOAD, CT_TAREALOAD, CT_LOAD_ALL_PQ, ...
    CT_LOAD_FIX_PQ, CT_LOAD_DIS_PQ, CT_LOAD_ALL_P, CT_LOAD_FIX_P, ...
    CT_LOAD_DIS_P, CT_TGENCOST, CT_TAREAGENCOST, CT_MODCOST_F, ...
    CT_MODCOST_X] = idx_ct;

windprofile = struct( ...
    'type', 'mpcData', ...
    'table', CT_TGEN, ...
    'rows', [1:45], ...
    'col', PMAX, ...
    'chgtype', 1, ...
    'values', [] );
windprofile.values(:,1,:) = [
	3.3393 45.1208 87.0654 110.8417 14.863 14.7389 15.9994 17.0131 26.9442 22.1497 40.9435 61.0796 91.955 5.7165 21.1826 7.9804 9.9017 10.4928 8.9932 26.0504 5.3331 34.3907 57.0448 82.3595 89.6371 71.3736 7.2038 663.6406 346.4478 346.4478 181.7247 34.1127 29.9772 67.0538 17.9221 147.8177 466.6663 55.1714 316.3209 240.0993 5.7207 163.5031 123.0225 218.2972 471.5274;
	3.4447 46.5454 86.9074 110.2109 14.6702 16.4397 15.2037 14.7639 26.8811 22.4374 41.4752 61.8729 93.1492 5.6147 13.7244 5.1706 6.4154 6.7984 7.1972 14.0119 5.0679 38.3593 62.8082 82.5636 89.3077 69.203 6.162 630.1059 332.3199 332.3199 160.0658 29.7059 23.9906 36.0668 17.6029 141.7898 468.5516 51.8792 312.0298 239.2171 4.4093 182.3708 120.6387 206.7993 473.4324;
	3.2424 43.8122 90.1159 112.1302 14.9529 14.4318 13.7746 17.0722 27.1784 22.741 42.0364 62.71 94.4095 8.1801 14.6962 5.5367 6.8696 7.2798 17.4831 20.5137 4.5915 33.6742 65.7546 84.5162 94.872 69.9669 7.2313 589.7042 335.4484 335.4484 142.7352 31.7771 58.2769 52.8023 25.6459 143.1246 395.6356 41.6333 258.0793 254.1214 3.3933 160.0967 101.0966 198.5697 399.7568;
	2.9683 40.1086 91.8462 106.8735 14.8571 13.5786 11.7115 16.8787 26.4504 21.4311 39.6151 59.0979 88.9716 8.9836 10.1742 3.8331 4.7559 5.0398 10.6787 20.5244 3.9038 31.6835 67.9645 86.3637 96.4312 72.6058 8.8579 393.4779 247.8648 247.8648 146.0405 25.8289 35.5958 52.8299 28.1649 105.7557 276.4676 33.9507 182.7967 258.298 0.0 150.6324 84.7795 203.8417 279.3474;
	2.3456 31.694 91.1343 112.184 14.5206 14.8416 10.4239 17.6366 17.9975 21.6633 40.0444 59.7383 89.9357 13.6274 16.6326 6.2662 7.7748 8.2389 18.1586 22.0644 3.4746 34.6305 60.4364 87.8145 99.9615 72.318 9.2873 309.8544 211.3071 211.3071 152.4031 27.9153 60.5287 56.794 42.7238 90.1577 167.8037 37.4261 167.1754 267.754 12.3335 164.6433 87.1506 199.4056 169.5516;
	3.2014 43.2583 93.2277 115.6311 14.0411 21.5231 12.199 18.0961 11.0949 20.0424 37.048 55.2684 83.2062 30.8308 19.5222 7.3549 9.1255 9.6703 30.0015 25.8317 4.0663 50.2206 58.4527 87.4848 99.656 72.811 8.1766 284.9056 210.1787 210.1787 149.785 26.2732 100.0051 66.4908 96.6588 89.6763 154.9655 35.1922 200.1113 266.9357 8.6931 238.7629 93.2424 223.1762 156.5797;
	2.5969 35.0897 86.6452 109.5721 13.4199 20.6089 12.3731 17.342 11.9422 23.6742 43.7614 65.2834 98.2838 43.6571 24.4588 9.2147 11.4331 12.1156 35.2027 33.666 4.1244 48.0874 58.2806 85.5073 97.2085 72.5928 11.2163 237.8756 233.1955 233.1955 114.7243 17.8487 117.3423 86.6564 136.8708 99.4967 164.0412 25.0014 155.3912 260.3798 8.999 228.6211 94.1152 227.2775 165.7499;
	1.8738 25.3196 68.897 111.8897 13.8543 17.8088 12.3866 17.9132 19.2098 26.0187 48.0952 71.7486 108.0172 50.0546 28.9755 10.9163 13.5443 14.353 49.6717 54.5994 4.1289 41.5539 69.2011 87.6922 102.1985 75.0381 12.7736 136.8894 193.7856 193.7856 112.1674 11.5514 165.5725 140.539 156.9279 82.6818 123.0684 26.3636 180.1277 273.746 7.1134 197.5591 89.1096 211.4413 124.3503;
	2.9922 40.4307 88.0132 109.494 14.2438 24.6229 11.5853 17.9783 22.7885 28.2564 52.2316 77.9193 117.307 53.8112 27.222 10.2557 12.7247 13.4844 67.2162 56.8042 3.8618 57.4534 72.3162 88.8099 102.7667 74.9147 13.1772 130.9377 167.2636 167.2636 117.5783 7.9755 224.0539 146.2142 168.7054 71.3658 139.0241 42.5362 157.8845 275.268 19.0018 273.1501 87.9187 248.4406 140.4723;
	1.9116 25.83 84.173 106.1195 11.7937 12.347 10.0983 17.327 26.0491 29.0268 53.6556 80.0435 120.5051 53.1679 157.0883 59.1821 73.4296 77.8135 67.6772 47.5357 3.3661 28.8097 71.2941 84.8876 99.43 73.5464 12.3762 243.6632 241.7234 241.7234 109.2546 7.4084 225.5906 122.357 166.6886 103.1353 234.8215 21.1589 81.5222 266.3305 0.0 136.9697 75.9315 213.7575 237.2676;
	1.4998 20.2662 76.5094 98.9105 9.9035 22.4583 15.0828 16.3861 26.7466 29.8402 55.1592 82.2866 123.882 58.317 100.83 37.9871 47.1322 49.946 62.9223 38.5739 5.0276 52.4027 70.719 82.9261 84.5027 71.8027 11.2574 395.2686 320.3291 320.3291 178.5826 11.4358 209.741 99.2894 182.8316 136.6737 355.5065 29.4489 175.0235 226.3465 0.0 249.1373 86.7349 175.8562 359.2097;
	1.6066 21.7082 83.9793 86.1772 10.688 26.1359 20.7875 15.9706 27.2847 29.3567 54.2655 80.9535 121.875 58.7957 22.3146 8.4069 10.4308 11.0535 71.823 48.2166 6.9292 60.9838 69.3583 81.3351 86.6571 74.0407 11.1585 486.9299 390.1911 390.1911 286.974 17.2135 239.4101 124.1097 184.3326 166.4815 464.1351 43.5356 207.2906 232.1173 0.0 289.9344 102.2463 182.0957 468.9699;
	2.4886 33.6265 81.702 75.2188 11.6883 23.4369 21.6183 14.3313 27.4935 28.2983 52.309 78.0348 117.4809 60.6864 44.464 16.7516 20.7843 22.0252 81.0641 62.8531 7.2061 54.6862 66.0151 76.4306 90.126 70.159 9.7673 609.9657 453.0633 453.0633 318.5693 21.9386 270.2137 161.784 190.26 193.307 603.1437 57.456 213.6881 241.4088 0.0 259.9937 118.989 196.9781 609.4265;
	3.277 44.28 83.9776 93.1585 13.3989 27.6083 21.9683 16.1801 26.8869 29.3318 54.2194 80.8846 121.7714 62.3341 64.88 24.4432 30.3276 32.1382 85.1297 60.1377 7.3228 64.4193 62.2138 81.186 87.8827 71.2983 10.803 782.8769 596.4593 596.4593 411.1579 28.0781 283.7655 154.7946 195.426 254.4893 725.0009 85.2251 281.4555 235.4 0.0 306.2677 136.2707 243.7685 732.553;
	3.6262 48.9981 85.8883 104.3629 14.0433 32.3939 26.9284 16.2057 27.7902 26.1442 48.3271 72.0945 108.5379 66.3972 99.2854 37.4052 46.4102 49.1809 84.723 58.9158 8.9761 75.5857 39.0832 83.2773 94.9302 69.4453 11.9622 1000.6048 667.645 667.645 516.3983 35.3749 282.4101 151.6495 208.1643 284.8618 940.5514 120.7296 411.0815 254.2773 0.0 359.356 159.9425 249.3174 950.3489;
	3.7004 50.0011 88.15 102.6394 14.6106 33.2678 27.0675 15.5998 27.6411 22.0441 40.7482 60.7882 91.5164 65.6332 128.6931 48.4844 60.1565 63.748 89.9907 66.0942 9.0225 77.6249 42.3936 81.1219 91.2618 63.8452 11.4812 1069.0041 720.9411 720.9411 673.944 46.3473 299.969 170.1266 205.7688 307.6015 999.6934 158.5353 362.0559 244.4512 0.0 369.0511 174.8182 263.9062 1010.1068;
	3.791 51.2244 88.9759 111.7342 14.9641 34.4758 29.7166 17.2953 27.5887 22.1018 40.8548 60.9474 91.7559 68.3841 162.3545 61.1661 75.8913 80.4221 91.4245 67.4893 9.9055 80.4436 31.701 84.4905 97.8371 70.5789 12.0272 1083.8722 738.2201 738.2201 718.4664 82.1146 304.7483 173.7177 214.3933 314.9739 1016.4574 208.8543 409.497 262.0638 0.01 382.452 209.0739 270.7723 1027.0455;
	3.8742 52.349 92.713 113.3585 14.8019 33.7538 28.9135 17.9052 26.7984 21.3367 39.4406 58.8376 88.5797 66.4802 179.3087 67.5535 83.8164 88.8204 91.2406 70.2728 9.6378 78.7588 38.8256 84.2165 101.2567 72.1141 12.952 1158.4549 716.256 716.256 696.6628 92.7457 304.1354 180.8825 208.4244 305.6026 1042.7254 230.506 428.1145 271.2233 106.4913 374.4417 200.1777 265.6331 1053.5871;
	3.9205 52.9748 92.5624 118.9908 15.2244 34.736 31.1623 14.2604 27.4652 22.7577 42.0673 62.7561 94.479 65.9926 188.9656 71.1917 88.3304 93.6039 92.3566 69.6934 10.3874 81.0507 53.4519 87.0115 103.5329 68.1167 13.112 1224.9461 732.2902 732.2902 652.5155 99.871 307.8553 179.391 206.8956 312.4438 1090.8388 228.967 453.046 277.3201 118.7892 385.3383 212.3148 270.5025 1102.2017;
