function solarprofile = ex_solar_profilesh1
%EX_WIND_PROFILE_D  Example wind_load_nyiso profile data for deterministic unit commitment.
% 2022.03.12
% Andres F. Ramirez


%% define constants
[GEN_BUS, PG, QG, QMAX, QMIN, VG, MBASE, GEN_STATUS, PMAX, PMIN, ...
    MU_PMAX, MU_PMIN, MU_QMAX, MU_QMIN, PC1, PC2, QC1MIN, QC1MAX, ...
    QC2MIN, QC2MAX, RAMP_AGC, RAMP_10, RAMP_30, RAMP_Q, APF] = idx_gen;
[CT_LABEL, CT_PROB, CT_TABLE, CT_TBUS, CT_TGEN, CT_TBRCH, CT_TAREABUS, ...
    CT_TAREAGEN, CT_TAREABRCH, CT_ROW, CT_COL, CT_CHGTYPE, CT_REP, ...
    CT_REL, CT_ADD, CT_NEWVAL, CT_TLOAD, CT_TAREALOAD, CT_LOAD_ALL_PQ, ...
    CT_LOAD_FIX_PQ, CT_LOAD_DIS_PQ, CT_LOAD_ALL_P, CT_LOAD_FIX_P, ...
    CT_LOAD_DIS_P, CT_TGENCOST, CT_TAREAGENCOST, CT_MODCOST_F, ...
    CT_MODCOST_X] = idx_ct;

solarprofile = struct( ...
    'type', 'mpcData', ...
    'table', CT_TGEN, ...
    'rows', [1:12], ...
    'col', PMAX, ...
    'chgtype', 1, ...
    'values', [] );
solarprofile.values(:,1,:) = [
	0.0 0.0 0.0 0.0 0.0 0.0 0.0 0.0 0.0 0.0 0.0 0.0;
	0.0 0.0 0.0 0.0 0.0 0.0 0.0 0.0 0.0 0.0 0.0 0.0;
	0.0 0.0 0.0 0.0 0.0 0.0 0.0 0.0 0.0 0.0 0.0 0.0;
	0.0 0.0 0.0 0.0 0.0 0.0 0.0 0.0 0.0 0.0 0.0 0.0;
	0.0 0.0 0.0 0.0 0.0 0.0 0.0 0.0 0.0 0.0 0.0 0.0;
	0.0951 0.0972 0.1051 0.0 0.0 0.1251 0.0156 0.1785 0.0 0.0 0.0 0.0;
	3.4378 1.5393 1.4994 3.9169 4.8291 32.9474 4.1184 8.5373 23.5148 62.318 13.533 112.8582;
	4.8564 4.4987 4.0284 5.4056 7.5854 25.1519 3.144 11.1498 52.1949 200.2905 87.6733 362.7273;
	7.3076 8.5557 5.9975 6.8459 9.4092 32.3509 4.0439 15.5437 92.6818 296.2707 153.4823 536.548;
	21.518 16.0243 13.0103 10.1167 9.969 354.6403 44.33 62.1047 260.4678 330.048 193.4423 597.7189;
	23.9876 16.1662 13.2545 10.974 9.1861 344.6994 43.0874 60.8352 251.5615 320.8899 199.7292 581.1335;
	24.1339 16.1545 13.2624 11.1213 8.591 358.8571 44.8571 61.6499 251.264 321.721 190.6631 582.6386;
	23.3071 16.5824 13.5853 6.6493 4.5768 402.3113 50.2889 69.4521 282.0546 336.3504 159.5701 609.1326;
	15.1635 14.7541 9.8649 5.8181 4.4011 412.9598 51.62 69.8262 285.2348 328.7807 149.8862 595.4237;
	6.6826 7.5162 3.8759 3.8876 3.204 402.4521 50.3065 63.5457 272.5084 310.8566 166.7197 562.9632;
	2.089 2.4393 0.7754 1.6323 0.7936 130.182 16.2728 7.7688 45.9669 80.0109 84.8161 144.9002;
	0.8987 0.7619 0.5349 0.6788 0.4504 38.8524 4.8566 6.2471 20.4785 16.2781 16.0426 29.4798;
	0.0 0.0 0.0 0.0 0.0 0.0 0.0 0.0 0.0 0.0 0.0 0.0;
	0.0 0.0 0.0 0.0 0.0 0.0 0.0 0.0 0.0 0.0 0.0 0.0;
	0.0 0.0 0.0 0.0 0.0 0.0 0.0 0.0 0.0 0.0 0.0 0.0;
	0.0 0.0 0.0 0.0 0.0 0.0 0.0 0.0 0.0 0.0 0.0 0.0;
	0.0 0.0 0.0 0.0 0.0 0.0 0.0 0.0 0.0 0.0 0.0 0.0;
	0.0 0.0 0.0 0.0 0.0 0.0 0.0 0.0 0.0 0.0 0.0 0.0;
	0.0 0.0 0.0 0.0 0.0 0.0 0.0 0.0 0.0 0.0 0.0 0.0;
];
