function solarprofile = ex_solar_profilesh1
%EX_WIND_PROFILE_D  Example wind_load_nyiso profile data for deterministic unit commitment.
% 2022.03.12
% Andres F. Ramirez


%% define constants
[GEN_BUS, PG, QG, QMAX, QMIN, VG, MBASE, GEN_STATUS, PMAX, PMIN, ...
    MU_PMAX, MU_PMIN, MU_QMAX, MU_QMIN, PC1, PC2, QC1MIN, QC1MAX, ...
    QC2MIN, QC2MAX, RAMP_AGC, RAMP_10, RAMP_30, RAMP_Q, APF] = idx_gen;
[CT_LABEL, CT_PROB, CT_TABLE, CT_TBUS, CT_TGEN, CT_TBRCH, CT_TAREABUS, ...
    CT_TAREAGEN, CT_TAREABRCH, CT_ROW, CT_COL, CT_CHGTYPE, CT_REP, ...
    CT_REL, CT_ADD, CT_NEWVAL, CT_TLOAD, CT_TAREALOAD, CT_LOAD_ALL_PQ, ...
    CT_LOAD_FIX_PQ, CT_LOAD_DIS_PQ, CT_LOAD_ALL_P, CT_LOAD_FIX_P, ...
    CT_LOAD_DIS_P, CT_TGENCOST, CT_TAREAGENCOST, CT_MODCOST_F, ...
    CT_MODCOST_X] = idx_ct;

solarprofile = struct( ...
    'type', 'mpcData', ...
    'table', CT_TGEN, ...
    'rows', [1:12], ...
    'col', PMAX, ...
    'chgtype', 1, ...
    'values', [] );
solarprofile.values(:,1,:) = [
	0.0 0.0 0.0 0.0 0.0 0.0 0.0 0.0 0.0 0.0 0.0 0.0;
	0.0 0.0 0.0 0.0 0.0 0.0 0.0 0.0 0.0 0.0 0.0 0.0;
	0.0 0.0 0.0 0.0 0.0 0.0 0.0 0.0 0.0 0.0 0.0 0.0;
	0.0 0.0 0.0 0.0 0.0 0.0 0.0 0.0 0.0 0.0 0.0 0.0;
	0.0 0.0 0.0 0.0 0.0 0.0 0.0 0.0 0.0 0.0 0.0 0.0;
	0.0951 0.0972 0.1051 0.0 0.0 0.1264 0.0158 0.1784 0.0 0.0 0.0 0.0;
	3.7831 2.8885 2.4378 2.5601 3.2097 0.0 0.0 9.2453 12.9775 14.6872 0.0 26.5986;
	3.8578 3.4615 2.4951 6.5369 10.5855 0.0 0.0 13.4413 36.7981 0.0639 14.262 0.1157;
	3.7832 3.048 1.9923 9.3827 12.2984 17.2939 2.1617 15.5667 68.91 45.6011 78.8698 82.5838;
	20.4201 10.3155 9.5948 10.3383 12.4083 279.5685 34.9461 51.4715 224.3938 154.5895 153.3981 279.9626;
	24.1296 16.0537 13.2545 10.6734 12.095 307.5039 38.438 59.8297 227.353 199.4788 169.5966 361.2573;
	25.381 16.1512 13.3906 10.9838 11.9057 356.0983 44.5123 62.6867 242.0275 188.1893 167.9978 340.812;
	25.2404 16.5824 13.7917 8.328 8.3041 381.5281 47.691 64.0123 259.2361 137.8451 65.3926 249.6384;
	22.3009 15.7881 13.199 8.7987 7.542 381.0941 47.6368 62.7099 256.674 137.8828 41.1352 249.7066;
	18.8459 11.4932 9.6102 5.7133 6.1008 341.2858 42.6607 57.1125 229.2342 110.6296 29.2202 200.3509;
	13.237 7.4686 5.5704 2.0806 3.121 77.8737 9.7342 16.8251 41.9023 22.988 0.0567 41.6315;
	1.448 1.4659 0.9104 0.8286 1.5682 53.2502 6.6563 10.1031 33.2466 10.9704 4.9139 19.8674;
	0.0 0.0 0.0 0.0 0.0 0.0 0.0 0.0 0.0 0.0 0.0 0.0;
	0.0 0.0 0.0 0.0 0.0 0.0 0.0 0.0 0.0 0.0 0.0 0.0;
	0.0 0.0 0.0 0.0 0.0 0.0 0.0 0.0 0.0 0.0 0.0 0.0;
	0.0 0.0 0.0 0.0 0.0 0.0 0.0 0.0 0.0 0.0 0.0 0.0;
	0.0 0.0 0.0 0.0 0.0 0.0 0.0 0.0 0.0 0.0 0.0 0.0;
	0.0 0.0 0.0 0.0 0.0 0.0 0.0 0.0 0.0 0.0 0.0 0.0;
	0.0 0.0 0.0 0.0 0.0 0.0 0.0 0.0 0.0 0.0 0.0 0.0;
];
