function loadprofile = ex_load_profilesh1
%EX_LOAD_PROFILE  Example load profile data file for stochastic unit commitment.
% 2022.03.12
% Andres F. Ramirez

%% define constants
[CT_LABEL, CT_PROB, CT_TABLE, CT_TBUS, CT_TGEN, CT_TBRCH, CT_TAREABUS, ...
    CT_TAREAGEN, CT_TAREABRCH, CT_ROW, CT_COL, CT_CHGTYPE, CT_REP, ...
    CT_REL, CT_ADD, CT_NEWVAL, CT_TLOAD, CT_TAREALOAD, CT_LOAD_ALL_PQ, ...
    CT_LOAD_FIX_PQ, CT_LOAD_DIS_PQ, CT_LOAD_ALL_P, CT_LOAD_FIX_P, ...
    CT_LOAD_DIS_P, CT_TGENCOST, CT_TAREAGENCOST, CT_MODCOST_F, ...
    CT_MODCOST_X] = idx_ct;

loadprofile = struct( ...
    'type', 'mpcData', ...
    'table', CT_TAREALOAD, ...
    'rows', [1:11], ...
    'col', CT_LOAD_ALL_P, ...
    'chgtype', 1, ...
    'values', [] );
loadprofile.values(:,1,:) = [
	1502.2213 939.9814 1657.2852 575.5 836.5967 1162.7327 909.948 279.6659 568.6368 4643.9318 1840.9109;
	1496.3322 943.995 1654.4246 567.6 839.4957 1171.2138 894.6401 287.7085 546.8513 4578.1409 1910.5934;
	1513.2252 944.2 1647.7 554.8473 827.6 1185.2006 899.2545 272.7079 564.2189 4471.4398 1820.6327;
	1585.8375 1018.6298 1715.5763 571.3324 881.8138 1247.0336 933.1941 292.8213 590.7 4744.1151 1929.0846;
	1710.6205 1139.6132 1908.0 582.9 998.4931 1398.5381 1040.2 349.7 642.9003 5238.7437 2110.0355;
	1799.3075 1206.118 1994.5177 592.1 1027.5545 1430.0743 1085.3483 356.8 692.4021 5726.0889 2258.6178;
	1768.7452 1199.2534 1958.5618 583.4997 1005.8911 1424.134 1073.7627 348.6303 690.4377 5964.8261 2255.2157;
	1737.0237 1173.4109 1912.9761 566.1986 965.1416 1404.7646 1066.5135 344.7161 689.1 6135.3219 2223.2365;
	1742.7122 1171.7501 1927.6708 555.8794 958.5195 1360.7409 1039.7227 336.3673 678.2438 6196.9558 2258.6092;
	1711.4324 1181.9257 1901.9782 559.5971 945.9761 1367.6626 1065.5458 331.6773 653.8 6128.2888 2109.1284;
	1702.6557 1169.398 1893.9 554.053 936.1692 1365.9365 1046.9114 333.9747 624.7506 6102.0007 2141.928;
	1669.5873 1130.3103 1825.3287 552.7 957.4265 1341.4251 1040.5 324.5 622.8011 6131.9646 2090.425;
	1747.4355 1176.9707 1816.3019 558.7613 944.6525 1374.3775 1062.0951 326.8 644.1286 6054.2054 2143.2622;
	1699.9051 1143.9124 1823.8341 557.3368 944.7551 1415.7055 1050.4 327.3634 649.7126 6155.9 2104.7;
	1653.0074 1095.9111 1798.1425 555.5 930.2 1392.451 1052.5186 330.0296 649.0517 6168.6484 2200.978;
	1674.2954 1131.9663 1814.4632 567.7496 956.4163 1447.3964 1123.2082 338.5 671.0915 6236.0849 2336.7281;
	1692.1 1139.5582 1846.3987 566.7697 922.7 1442.2395 1092.3268 352.1792 683.1226 6037.1114 2334.6426;
	1737.4638 1172.4 1887.3959 592.6732 950.508 1490.8 1150.6001 356.3704 717.3237 6021.0351 2433.3;
	1731.8688 1171.2868 1896.4669 582.5 967.4196 1503.5307 1166.6883 380.0073 713.0 6053.8546 2405.4692;
	1709.4881 1130.6573 1821.1 580.4458 917.0415 1417.1397 1138.8659 358.3072 679.4735 5789.9394 2290.9177;
	1655.1811 1054.6045 1721.8327 561.8467 868.9 1341.9484 1051.8677 331.4833 637.6 5490.3792 2124.6712;
	1568.8059 973.6929 1612.7281 553.8485 792.5035 1227.1912 957.4675 290.991 599.7 5031.0644 1956.1184;
	1504.8019 924.4906 1614.8706 549.9513 775.7278 1208.0512 900.2591 273.6553 559.5844 4721.0677 1889.9788;
	1487.6 896.4183 1614.0721 540.489 763.1342 1196.4395 873.9749 241.2691 548.6296 4370.4106 1762.248;
];
