function solarprofile = ex_solar_profilesh1
%EX_WIND_PROFILE_D  Example wind_load_nyiso profile data for deterministic unit commitment.
% 2022.03.12
% Andres F. Ramirez


%% define constants
[GEN_BUS, PG, QG, QMAX, QMIN, VG, MBASE, GEN_STATUS, PMAX, PMIN, ...
    MU_PMAX, MU_PMIN, MU_QMAX, MU_QMIN, PC1, PC2, QC1MIN, QC1MAX, ...
    QC2MIN, QC2MAX, RAMP_AGC, RAMP_10, RAMP_30, RAMP_Q, APF] = idx_gen;
[CT_LABEL, CT_PROB, CT_TABLE, CT_TBUS, CT_TGEN, CT_TBRCH, CT_TAREABUS, ...
    CT_TAREAGEN, CT_TAREABRCH, CT_ROW, CT_COL, CT_CHGTYPE, CT_REP, ...
    CT_REL, CT_ADD, CT_NEWVAL, CT_TLOAD, CT_TAREALOAD, CT_LOAD_ALL_PQ, ...
    CT_LOAD_FIX_PQ, CT_LOAD_DIS_PQ, CT_LOAD_ALL_P, CT_LOAD_FIX_P, ...
    CT_LOAD_DIS_P, CT_TGENCOST, CT_TAREAGENCOST, CT_MODCOST_F, ...
    CT_MODCOST_X] = idx_ct;

solarprofile = struct( ...
    'type', 'mpcData', ...
    'table', CT_TGEN, ...
    'rows', [1:12], ...
    'col', PMAX, ...
    'chgtype', 1, ...
    'values', [] );
solarprofile.values(:,1,:) = [
	0.0 0.0 0.0 0.0 0.0 0.0 0.0 0.0 0.0 0.0 0.0 0.0;
	0.0 0.0 0.0 0.0 0.0 0.0 0.0 0.0 0.0 0.0 0.0 0.0;
	0.0 0.0 0.0 0.0 0.0 0.0 0.0 0.0 0.0 0.0 0.0 0.0;
	0.0 0.0 0.0 0.0 0.0 0.0 0.0 0.0 0.0 0.0 0.0 0.0;
	0.0 0.0 0.0 0.0 0.0 0.0 0.0 0.0 0.0 0.0 0.0 0.0;
	0.0951 0.0972 0.1068 0.0 0.0 0.1251 0.0156 0.2106 0.0 0.0 0.0 0.0;
	3.4005 3.1295 2.1114 2.3202 7.1348 31.5478 3.9435 7.6058 13.119 70.3322 38.6254 127.3719;
	8.6709 10.0438 8.3901 6.22 11.3967 59.3776 7.4222 19.6031 13.0058 277.8722 146.2245 503.2283;
	14.2926 12.659 11.7121 9.7508 12.5788 78.3455 9.7932 24.9516 23.1571 332.4273 178.6268 602.0278;
	21.9936 15.9233 13.17 11.6569 13.5221 316.102 39.5128 54.1132 208.1806 268.6895 151.6197 486.5983;
	23.7914 16.0537 13.2545 11.5493 12.5029 304.9213 38.1152 58.7975 200.0923 274.8337 169.6524 497.7254;
	23.9932 16.0751 13.2624 11.2841 11.2608 331.7164 41.4646 61.1263 198.7001 234.9492 175.5527 425.4945;
	23.924 16.5699 13.7384 3.2651 6.0139 351.4892 43.9361 61.3697 210.8351 143.2029 144.6919 259.3414;
	19.7128 15.2968 13.1753 1.8892 5.8632 351.0179 43.8772 56.9507 229.4087 146.657 97.4917 265.5967;
	12.5713 11.1687 9.4954 1.0244 5.4513 284.1079 35.5135 43.3448 230.2127 131.5998 67.8658 238.328;
	6.1361 6.3566 4.819 1.0574 3.8391 37.0736 4.6342 8.1909 93.4345 47.7028 18.0402 86.3901;
	1.3306 1.2016 0.9631 0.7025 1.4111 35.8605 4.4826 9.9657 26.9895 16.0404 9.6914 29.0492;
	0.0 0.0 0.0 0.0 0.0 0.0 0.0 0.0 0.0 0.0 0.0 0.0;
	0.0 0.0 0.0 0.0 0.0 0.0 0.0 0.0 0.0 0.0 0.0 0.0;
	0.0 0.0 0.0 0.0 0.0 0.0 0.0 0.0 0.0 0.0 0.0 0.0;
	0.0 0.0 0.0 0.0 0.0 0.0 0.0 0.0 0.0 0.0 0.0 0.0;
	0.0 0.0 0.0 0.0 0.0 0.0 0.0 0.0 0.0 0.0 0.0 0.0;
	0.0 0.0 0.0 0.0 0.0 0.0 0.0 0.0 0.0 0.0 0.0 0.0;
	0.0 0.0 0.0 0.0 0.0 0.0 0.0 0.0 0.0 0.0 0.0 0.0;
];
