function loadprofile = ex_load_profilesh1
%EX_LOAD_PROFILE  Example load profile data file for stochastic unit commitment.
% 2022.03.12
% Andres F. Ramirez

%% define constants
[CT_LABEL, CT_PROB, CT_TABLE, CT_TBUS, CT_TGEN, CT_TBRCH, CT_TAREABUS, ...
    CT_TAREAGEN, CT_TAREABRCH, CT_ROW, CT_COL, CT_CHGTYPE, CT_REP, ...
    CT_REL, CT_ADD, CT_NEWVAL, CT_TLOAD, CT_TAREALOAD, CT_LOAD_ALL_PQ, ...
    CT_LOAD_FIX_PQ, CT_LOAD_DIS_PQ, CT_LOAD_ALL_P, CT_LOAD_FIX_P, ...
    CT_LOAD_DIS_P, CT_TGENCOST, CT_TAREAGENCOST, CT_MODCOST_F, ...
    CT_MODCOST_X] = idx_ct;

loadprofile = struct( ...
    'type', 'mpcData', ...
    'table', CT_TAREALOAD, ...
    'rows', [1:11], ...
    'col', CT_LOAD_ALL_P, ...
    'chgtype', 1, ...
    'values', [] );
loadprofile.values(:,1,:) = [
	1416.5841 889.1 1585.7287 570.8912 789.0036 1188.6817 870.1134 228.6557 534.2179 4557.1497 1686.9361;
	1389.2419 872.2 1565.7238 576.3873 775.9328 1157.184 855.0025 228.273 528.2 4502.1189 1690.9331;
	1418.9503 890.4525 1602.3492 573.7 763.5163 1186.1894 837.4459 214.6244 517.4241 4453.9263 1681.9565;
	1473.2583 948.0193 1688.5146 589.0681 832.2 1225.5017 877.6 237.5548 542.0249 4675.9323 1779.3973;
	1622.507 1051.0337 1878.3 614.0346 930.9505 1342.8 983.5858 285.5534 631.9543 5167.1896 2024.5;
	1776.0862 1143.613 2018.3 615.1673 990.603 1440.0852 1076.0281 319.2 692.4 5712.6436 2202.0655;
	1760.7411 1155.6958 2027.893 613.3 1028.4532 1442.8076 1088.4753 328.9268 705.2439 6013.1531 2235.9505;
	1788.4081 1199.3822 2026.1667 597.1782 1027.4768 1423.6566 1103.0406 322.4271 703.9885 6281.7457 2293.4428;
	1782.0582 1213.439 2047.746 597.9701 1043.7252 1442.099 1112.9654 320.3615 731.2253 6400.3 2412.737;
	1737.4868 1201.1809 2046.3408 585.4769 1035.9647 1422.4766 1083.6583 328.5468 704.9125 6394.895 2320.3364;
	1730.7583 1186.9977 1984.924 570.5 997.7769 1402.0159 1056.6779 320.3 709.4 6390.4937 2261.418;
	1729.4967 1183.7905 1951.5579 566.8291 971.6571 1365.4134 1058.1047 319.518 740.9494 6373.3739 2274.7445;
	1730.9861 1180.8986 1954.574 580.9162 988.9892 1407.4252 1070.5526 326.8 736.7838 6366.2 2328.25;
	1661.6841 1155.5545 1889.514 581.1559 971.0485 1378.1 1066.6719 327.8662 712.5599 6450.9869 2423.1992;
	1654.0916 1154.4911 1881.7475 580.4679 961.3977 1406.9204 1067.627 324.5 727.0133 6379.5473 2308.4027;
	1684.784 1144.8138 1898.6 574.4974 946.6403 1427.7037 1097.4318 344.4846 726.0242 6436.7409 2582.0273;
	1668.7467 1109.7636 1858.2371 577.6 949.3806 1407.4449 1102.8508 361.2016 725.8781 6116.6996 2421.7803;
	1740.5937 1145.3703 1896.2861 569.8831 996.3182 1474.9274 1168.3612 348.0474 747.7747 6072.0745 2470.9939;
	1745.8532 1170.9818 1915.0204 576.0113 999.4588 1475.6695 1139.4 332.3566 726.9521 6035.4826 2453.8153;
	1713.7708 1085.7825 1844.0666 576.6 931.1267 1343.5059 1047.2947 316.2956 672.7 5614.3236 2274.7049;
	1600.4858 1029.913 1750.773 550.8004 877.3832 1265.0 1014.5274 302.6969 631.0 5367.1639 2165.0171;
	1506.5026 944.0757 1609.0609 547.0 783.4715 1148.6 917.9873 281.8 578.3 5022.0763 1946.3462;
	1384.6319 874.1912 1545.1351 533.2 750.9302 1131.9 836.2 231.9 507.4458 4455.3155 1676.9624;
	1337.9268 845.8 1484.4511 531.6528 710.6176 1079.9452 797.4016 233.6503 467.8272 4397.1934 1564.3579;
];
