function windprofile = ex_wind_profilesh1
%EX_WIND_PROFILE_D  Example wind_load_nyiso profile data for deterministic unit commitment.
% 2022.03.12
% Andres F. Ramirez


%% define constants
[GEN_BUS, PG, QG, QMAX, QMIN, VG, MBASE, GEN_STATUS, PMAX, PMIN, ...
    MU_PMAX, MU_PMIN, MU_QMAX, MU_QMIN, PC1, PC2, QC1MIN, QC1MAX, ...
    QC2MIN, QC2MAX, RAMP_AGC, RAMP_10, RAMP_30, RAMP_Q, APF] = idx_gen;
[CT_LABEL, CT_PROB, CT_TABLE, CT_TBUS, CT_TGEN, CT_TBRCH, CT_TAREABUS, ...
    CT_TAREAGEN, CT_TAREABRCH, CT_ROW, CT_COL, CT_CHGTYPE, CT_REP, ...
    CT_REL, CT_ADD, CT_NEWVAL, CT_TLOAD, CT_TAREALOAD, CT_LOAD_ALL_PQ, ...
    CT_LOAD_FIX_PQ, CT_LOAD_DIS_PQ, CT_LOAD_ALL_P, CT_LOAD_FIX_P, ...
    CT_LOAD_DIS_P, CT_TGENCOST, CT_TAREAGENCOST, CT_MODCOST_F, ...
    CT_MODCOST_X] = idx_ct;

windprofile = struct( ...
    'type', 'mpcData', ...
    'table', CT_TGEN, ...
    'rows', [1:45], ...
    'col', PMAX, ...
    'chgtype', 1, ...
    'values', [] );
windprofile.values(:,1,:) = [
	3.2934 44.5011 85.2664 110.5512 13.9509 13.2777 13.7735 17.3971 25.7824 24.218 44.7667 66.7831 100.5416 3.7682 10.2767 3.8717 4.8038 5.0906 10.8665 27.0751 4.5912 30.9813 56.8822 82.1193 92.049 65.4207 6.7282 614.6755 381.3626 381.3626 219.9339 34.0761 36.2217 69.6915 11.8139 162.7147 489.7258 62.2011 232.5291 246.5599 14.1648 147.2939 111.1269 219.6129 494.8271;
	3.572 48.2658 88.945 114.1149 14.3163 15.8422 12.6575 18.0086 25.4541 24.8172 45.8742 68.4352 103.0289 6.4974 6.9574 2.6212 3.2522 3.4463 6.1053 14.9202 4.2192 36.9652 60.6538 87.7407 95.9824 70.2581 7.4153 667.9066 371.01 371.01 187.7507 30.3017 20.3511 38.4046 20.3701 158.2976 488.2456 56.64 268.0397 257.0958 13.3615 175.7433 116.4548 226.8306 493.3315;
	3.2173 43.473 89.2883 113.8426 14.1553 13.1203 12.7867 17.3195 26.1304 25.8977 47.8716 71.415 107.5149 7.6285 10.3382 3.8948 4.8325 5.121 14.1526 21.5961 4.2622 30.6141 66.7566 84.5389 92.229 70.2103 7.1046 632.8168 340.1971 340.1971 164.5 32.1582 47.1754 55.5885 23.9163 145.1508 405.4282 42.5616 228.4842 247.042 9.9591 145.5479 88.114 204.1121 409.6514;
	2.9963 40.4869 87.5389 107.137 14.087 12.1867 11.8939 17.1853 25.7257 24.3595 45.0281 67.1731 101.1287 7.8322 4.9355 1.8594 2.3071 2.4448 6.6581 19.8195 3.9646 28.4357 63.5676 83.4712 96.9788 71.8622 9.0242 496.928 259.7041 259.7041 159.2331 25.9056 22.1935 51.0154 24.555 110.8071 306.5735 34.6724 172.4955 259.7647 2.2705 135.1914 78.7076 200.3532 309.767;
	2.2279 30.1039 87.8856 109.5256 13.6316 12.0233 8.7615 17.9446 13.7432 21.7713 40.244 60.0361 90.384 6.448 13.2523 4.9927 6.1947 6.5645 12.4671 21.9877 2.9205 28.0544 53.6156 83.4028 98.2966 72.3819 9.6116 349.6279 193.7883 193.7883 147.1907 26.4846 41.5571 56.5963 20.2153 82.683 163.2006 33.5579 120.158 263.2944 14.0577 133.3787 73.455 208.2386 164.9006;
	3.162 42.7258 91.4991 116.9633 13.2824 21.3957 10.4028 18.8747 8.5272 20.0889 37.134 55.3966 83.3993 20.9744 10.3203 3.8881 4.8241 5.1122 7.3569 23.5998 3.4676 49.9232 56.247 86.4363 103.3442 73.9915 8.9722 306.1066 183.1877 183.1877 125.0814 21.539 24.5229 60.746 65.7577 78.1601 152.7607 29.4672 176.0151 276.8147 15.0763 237.3494 87.522 231.4929 154.352;
	2.756 37.2397 90.8606 114.9385 13.5599 23.0497 11.6139 18.0822 11.6217 26.9463 49.8099 74.3065 111.8681 32.9048 17.9513 6.7631 8.3912 8.8922 25.8487 32.1135 3.8713 53.7827 67.7566 86.6973 102.7285 74.4678 11.2799 260.9022 216.0678 216.0678 102.8658 13.731 86.1624 82.6602 103.1611 92.1889 170.1986 22.3926 153.4974 275.1655 12.7624 255.6985 90.4603 235.3348 171.9715;
	1.7704 23.9218 72.0068 113.3508 14.089 18.3451 12.0768 18.0362 18.3096 29.397 54.3399 81.0644 122.0421 23.1426 20.5861 7.7557 9.6228 10.1973 41.8529 44.9717 4.0256 42.8053 73.6991 84.0403 99.3115 73.9068 12.0619 148.48 181.4261 181.4261 90.375 5.9439 139.5096 115.7573 72.5552 77.4085 120.3457 23.4487 159.5756 266.013 10.198 203.5088 80.7442 214.0296 121.5993;
	2.8048 37.8989 87.5884 110.161 14.2315 23.6266 11.7251 18.7825 21.7626 30.3415 56.0859 83.6691 125.9633 40.6304 22.1627 8.3497 10.3598 10.9783 58.7736 51.894 3.9084 55.1288 75.0402 86.9892 103.3301 72.8685 12.4164 131.436 157.769 157.769 85.8827 6.9797 195.9119 133.5753 127.3817 67.3148 123.555 29.606 157.7501 276.777 20.6305 262.0981 77.8683 245.1378 124.842;
	2.0422 27.5941 87.6313 111.5293 12.2762 13.5815 10.2989 18.7514 26.3057 30.7174 56.7807 84.7056 127.5238 42.6488 87.3892 32.9234 40.8494 43.2881 68.4336 47.5522 3.433 31.6903 74.0834 85.0341 105.578 74.2887 12.9727 230.0563 242.8391 242.8391 103.6611 9.4044 228.112 122.3996 133.7097 103.6113 217.01 26.8687 245.3503 282.7981 80.9814 150.6646 76.2312 236.9996 219.2705;
	1.6654 22.5027 81.7734 108.6138 11.9912 24.5204 13.0187 18.5627 25.924 29.1447 53.8734 80.3686 120.9945 41.5502 34.2217 12.8928 15.9966 16.9517 63.6552 35.7563 4.3396 57.2143 70.7349 87.7769 102.7873 74.2787 13.2068 383.8483 308.9809 308.9809 175.1546 15.3737 212.1841 92.0367 130.2656 131.8319 326.3327 34.8032 154.3371 275.3231 91.4085 272.0134 91.3307 196.6653 329.732;
	1.6568 22.3869 84.3359 88.7639 11.1038 29.2679 18.3763 18.8275 25.7069 27.8333 51.4494 76.7523 115.5502 47.6007 20.3022 7.6487 9.4901 10.0567 74.7081 51.8729 6.1254 68.2918 68.8958 87.1294 102.8259 73.7786 13.5363 488.3883 376.4873 376.4873 287.9651 17.6409 249.0268 133.5211 149.2345 160.6346 433.4009 45.2705 181.0795 275.4266 30.1369 324.6787 98.4448 188.1786 437.9155;
	2.8833 38.9594 88.3684 88.5636 14.1614 30.6024 18.2727 18.3128 26.3619 28.3477 52.4003 78.1709 117.6859 54.637 46.4486 17.4993 21.712 23.0083 79.1275 62.7111 6.0909 71.4056 69.7767 88.887 104.6926 74.505 12.6897 647.587 434.1905 434.1905 297.3404 22.4073 263.7584 161.4185 171.2943 185.2546 587.5993 51.3775 194.2149 280.4266 36.3821 339.4827 132.8652 228.6772 593.7202;
	3.5175 47.5297 89.1478 106.9136 14.7935 30.5972 20.1448 18.5729 26.5329 28.6133 52.8913 78.9034 118.7886 55.4098 62.9442 23.7138 29.4227 31.1793 80.9526 59.7027 6.7149 71.3934 66.2677 89.5762 103.3036 76.1349 12.106 790.7044 590.7559 590.7559 372.3248 25.2231 269.8418 153.6749 173.7173 252.0559 714.4464 70.9138 253.8585 276.706 9.6027 339.4245 135.7536 261.4177 721.8886;
	3.6902 49.8628 89.2985 103.2271 14.7709 32.428 24.2513 17.9161 27.2539 25.136 46.4635 69.3144 104.3524 62.2743 69.6023 26.2223 32.535 34.4774 74.2414 50.9076 8.0838 75.6654 40.5687 89.4715 102.6155 74.6582 12.2915 970.4766 706.0126 706.0126 481.7924 26.8524 247.4714 131.0364 195.2384 301.232 931.3027 102.5312 414.7371 274.8629 0.7582 359.7351 154.946 258.9436 941.0038;
	3.5934 48.5545 90.2229 105.4158 14.7256 32.7196 26.7973 17.7422 27.3923 21.1062 39.0144 58.2018 87.6225 61.6534 107.653 40.5576 50.3215 53.3258 85.8353 67.1274 8.9324 76.3458 42.5765 88.3138 101.6106 72.2433 12.6255 1049.0517 740.9339 740.9339 620.3349 33.7092 286.1176 172.7862 193.2918 316.1318 958.7128 142.431 377.5395 272.1712 0.407 362.9697 169.7007 270.4903 968.6994;
	3.7073 50.0941 90.4374 110.4871 15.1227 33.4681 29.4369 18.9516 26.5851 20.2769 37.4815 55.9151 84.1798 62.6766 153.0807 57.6723 71.5563 75.8283 84.7974 70.5723 9.8123 78.0921 29.6136 87.9992 101.3479 75.5578 13.1188 1025.3073 734.4606 734.4606 618.5459 66.3414 282.658 181.6534 196.4995 313.3699 941.8806 187.6005 402.1333 271.4677 6.3281 371.2723 208.4374 276.181 951.6919;
	3.666 49.5363 93.1776 113.3592 14.7519 33.3287 28.3918 18.7974 25.8293 18.2588 33.7511 50.35 75.8016 64.2515 167.3959 63.0654 78.2478 82.9194 85.1323 69.5529 9.4639 77.7671 31.0487 85.1434 101.9281 75.6878 13.4802 1038.9528 732.0871 732.0871 635.1502 73.1265 283.7742 179.0295 201.437 312.3572 975.0763 210.7423 427.2189 273.0216 112.1986 369.7269 194.9242 268.3611 985.2333;
	3.8399 51.885 91.7013 115.2932 15.2034 34.6832 31.0384 14.1492 27.1547 21.0664 38.9408 58.0921 87.4573 63.056 180.5377 68.0165 84.3909 89.4291 85.7879 67.745 10.3461 80.9275 44.3515 84.1054 102.5349 67.3369 13.1034 1132.6502 762.5296 762.5296 608.5813 87.4456 285.9595 174.3758 197.689 325.346 1046.9157 223.5317 455.9501 274.6469 119.2156 384.7525 211.0918 272.746 1057.8211;
