function solarprofile = ex_solar_profilesh1
%EX_WIND_PROFILE_D  Example wind_load_nyiso profile data for deterministic unit commitment.
% 2022.03.12
% Andres F. Ramirez


%% define constants
[GEN_BUS, PG, QG, QMAX, QMIN, VG, MBASE, GEN_STATUS, PMAX, PMIN, ...
    MU_PMAX, MU_PMIN, MU_QMAX, MU_QMIN, PC1, PC2, QC1MIN, QC1MAX, ...
    QC2MIN, QC2MAX, RAMP_AGC, RAMP_10, RAMP_30, RAMP_Q, APF] = idx_gen;
[CT_LABEL, CT_PROB, CT_TABLE, CT_TBUS, CT_TGEN, CT_TBRCH, CT_TAREABUS, ...
    CT_TAREAGEN, CT_TAREABRCH, CT_ROW, CT_COL, CT_CHGTYPE, CT_REP, ...
    CT_REL, CT_ADD, CT_NEWVAL, CT_TLOAD, CT_TAREALOAD, CT_LOAD_ALL_PQ, ...
    CT_LOAD_FIX_PQ, CT_LOAD_DIS_PQ, CT_LOAD_ALL_P, CT_LOAD_FIX_P, ...
    CT_LOAD_DIS_P, CT_TGENCOST, CT_TAREAGENCOST, CT_MODCOST_F, ...
    CT_MODCOST_X] = idx_ct;

solarprofile = struct( ...
    'type', 'mpcData', ...
    'table', CT_TGEN, ...
    'rows', [1:12], ...
    'col', PMAX, ...
    'chgtype', 1, ...
    'values', [] );
solarprofile.values(:,1,:) = [
	0.0 0.0 0.0 0.0 0.0 0.0 0.0 0.0 0.0 0.0 0.0 0.0;
	0.0 0.0 0.0 0.0 0.0 0.0 0.0 0.0 0.0 0.0 0.0 0.0;
	0.0 0.0 0.0 0.0 0.0 0.0 0.0 0.0 0.0 0.0 0.0 0.0;
	0.0 0.0 0.0 0.0 0.0 0.0 0.0 0.0 0.0 0.0 0.0 0.0;
	0.0 0.0 0.0 0.0 0.0 0.0 0.0 0.0 0.0 0.0 0.0 0.0;
	0.1123 0.1131 0.1688 0.0 0.0 1.5183 0.1898 0.2361 0.8477 0.0 0.0 0.0;
	0.0 0.0 0.0 0.7001 1.9253 235.4029 29.4254 7.3119 64.4571 25.3286 37.2062 45.8703;
	1.3147 1.0247 0.9571 3.908 11.5075 341.0995 42.6374 20.7816 130.1541 131.699 64.1062 238.5076;
	9.9874 7.6954 5.9603 8.4028 13.5543 346.5075 43.3134 28.6292 168.0336 235.5897 88.962 426.6544;
	23.4322 16.1506 13.5769 10.5188 14.2627 406.669 50.8336 57.605 256.4107 253.4118 130.801 458.9303;
	22.8056 16.029 13.1437 10.7359 13.8091 364.8839 45.6105 44.2514 227.4053 269.9928 172.9364 488.9585;
	14.339 13.4928 8.8609 10.5196 13.7476 346.6683 43.3335 39.9842 198.8551 258.807 186.5874 468.701;
	12.4673 13.1201 5.4779 5.4142 13.5298 383.9644 47.9955 55.044 196.1728 238.6933 151.9342 432.2749;
	13.9624 12.6175 4.994 5.6302 13.3784 398.6803 49.835 61.2295 210.7133 224.3935 110.0686 406.378;
	12.021 8.0964 4.0908 4.5143 13.2577 383.5774 47.9472 59.8562 206.429 200.129 97.4926 362.4349;
	5.7127 3.1375 1.7362 3.8462 11.9899 165.5195 20.6899 24.3222 56.8645 69.3459 30.087 125.5859;
	1.026 0.8444 0.5882 1.316 2.6367 52.7613 6.5952 9.4481 26.1547 15.7404 10.3639 28.506;
	0.0 0.0 0.0 0.0 0.0 0.0 0.0 0.0 0.0 0.0 0.0 0.0;
	0.0 0.0 0.0 0.0 0.0 0.0 0.0 0.0 0.0 0.0 0.0 0.0;
	0.0 0.0 0.0 0.0 0.0 0.0 0.0 0.0 0.0 0.0 0.0 0.0;
	0.0 0.0 0.0 0.0 0.0 0.0 0.0 0.0 0.0 0.0 0.0 0.0;
	0.0 0.0 0.0 0.0 0.0 0.0 0.0 0.0 0.0 0.0 0.0 0.0;
	0.0 0.0 0.0 0.0 0.0 0.0 0.0 0.0 0.0 0.0 0.0 0.0;
	0.0 0.0 0.0 0.0 0.0 0.0 0.0 0.0 0.0 0.0 0.0 0.0;
];
