function loadprofile = ex_load_profilesh1
%EX_LOAD_PROFILE  Example load profile data file for stochastic unit commitment.
% 2022.03.12
% Andres F. Ramirez

%% define constants
[CT_LABEL, CT_PROB, CT_TABLE, CT_TBUS, CT_TGEN, CT_TBRCH, CT_TAREABUS, ...
    CT_TAREAGEN, CT_TAREABRCH, CT_ROW, CT_COL, CT_CHGTYPE, CT_REP, ...
    CT_REL, CT_ADD, CT_NEWVAL, CT_TLOAD, CT_TAREALOAD, CT_LOAD_ALL_PQ, ...
    CT_LOAD_FIX_PQ, CT_LOAD_DIS_PQ, CT_LOAD_ALL_P, CT_LOAD_FIX_P, ...
    CT_LOAD_DIS_P, CT_TGENCOST, CT_TAREAGENCOST, CT_MODCOST_F, ...
    CT_MODCOST_X] = idx_ct;

loadprofile = struct( ...
    'type', 'mpcData', ...
    'table', CT_TAREALOAD, ...
    'rows', [1:11], ...
    'col', CT_LOAD_ALL_P, ...
    'chgtype', 1, ...
    'values', [] );
loadprofile.values(:,1,:) = [
	1494.0561 889.455 1536.886 542.0 763.5215 1090.8447 853.0 253.349 569.7447 4393.263 1704.2209;
	1510.8534 891.7239 1539.7107 549.5 758.8 1083.3423 843.5775 244.3948 556.6098 4318.1044 1681.2892;
	1536.6486 908.1327 1573.9277 553.8491 762.6928 1102.5369 847.4857 255.5531 566.5903 4406.8894 1726.1077;
	1618.6815 1009.8 1698.2436 577.6656 832.3264 1173.8999 911.8125 273.7225 599.4558 4584.9501 1852.054;
	1792.9015 1143.1071 1896.103 594.7 955.5 1325.6422 1005.0591 317.1011 657.0316 5145.4706 2062.6991;
	1882.3555 1210.4913 1987.0468 580.3157 983.754 1357.4434 1049.964 336.3747 709.1047 5588.1838 2170.8;
	1924.1749 1235.5011 1999.9 566.8514 1020.2592 1332.367 1058.3 343.9938 705.6 5788.0747 2149.6202;
	1873.1306 1219.5824 1970.1 567.4891 1025.7 1255.4036 1046.0357 325.5514 693.9497 5984.5433 2024.433;
	1888.6145 1230.1628 1987.5372 573.0487 998.0489 1270.5366 1033.8278 321.8465 705.1448 6014.9127 1942.178;
	1851.2998 1222.85 1948.9593 560.7 945.1314 1205.4095 1013.3901 297.3861 690.4314 6050.8116 1941.6214;
	1842.2492 1207.1948 1958.0423 560.6697 927.1 1188.2 1041.6452 306.065 710.2108 6145.0025 1950.4662;
	1829.37 1158.0327 1909.6586 575.3167 894.6814 1141.6804 991.3184 298.4 682.3 6058.0135 1904.4569;
	1750.1306 1159.0947 1859.167 579.7063 895.337 1131.9711 973.894 294.8684 667.1657 5780.9969 1885.0577;
	1718.8646 1134.1171 1802.7992 582.5123 862.2675 1158.8761 978.215 299.7293 671.3 5940.6182 1948.3361;
	1707.4404 1074.0154 1775.8 576.7 856.3546 1186.2546 930.2016 276.1254 660.8434 5722.448 1920.3744;
	1695.3355 1146.4392 1828.3858 584.7187 894.7935 1305.2402 995.201 275.4 658.4327 5539.3422 1989.7552;
	1678.205 1116.6866 1801.0001 588.2 886.1409 1277.5893 1019.184 299.7587 675.2047 5496.651 1870.2825;
	1763.9861 1174.779 1911.0724 612.7021 942.6068 1386.4135 1110.5557 322.3525 712.2188 5706.2013 2293.5126;
	1819.9172 1194.1923 1900.0239 603.1351 945.5036 1357.4183 1092.9379 335.0002 686.3 5430.5813 2080.5854;
	1767.993 1134.0617 1823.2264 588.6647 890.5735 1238.5482 1013.6148 306.9823 632.9037 5229.115 2041.5267;
	1683.3 1040.1 1699.31 555.9 816.6639 1153.2514 919.0763 281.7 595.8 4841.3659 1826.9183;
	1599.2786 958.473 1570.9639 543.0551 765.9196 1088.2492 848.8058 243.4598 546.889 4703.8807 1713.3862;
	1608.0627 926.4719 1555.8447 529.7074 727.8455 1065.1 866.1592 223.8629 553.3034 4276.6191 1760.2182;
	1491.1129 885.9679 1471.8454 511.2307 678.5301 1000.7509 803.3158 194.0211 519.802 3876.9913 1642.4112;
];
