function loadprofile = ex_load_profilesh1
%EX_LOAD_PROFILE  Example load profile data file for stochastic unit commitment.
% 2022.03.12
% Andres F. Ramirez

%% define constants
[CT_LABEL, CT_PROB, CT_TABLE, CT_TBUS, CT_TGEN, CT_TBRCH, CT_TAREABUS, ...
    CT_TAREAGEN, CT_TAREABRCH, CT_ROW, CT_COL, CT_CHGTYPE, CT_REP, ...
    CT_REL, CT_ADD, CT_NEWVAL, CT_TLOAD, CT_TAREALOAD, CT_LOAD_ALL_PQ, ...
    CT_LOAD_FIX_PQ, CT_LOAD_DIS_PQ, CT_LOAD_ALL_P, CT_LOAD_FIX_P, ...
    CT_LOAD_DIS_P, CT_TGENCOST, CT_TAREAGENCOST, CT_MODCOST_F, ...
    CT_MODCOST_X] = idx_ct;

loadprofile = struct( ...
    'type', 'mpcData', ...
    'table', CT_TAREALOAD, ...
    'rows', [1:11], ...
    'col', CT_LOAD_ALL_P, ...
    'chgtype', 1, ...
    'values', [] );
loadprofile.values(:,1,:) = [
	1494.0631 905.7339 1555.4925 549.7 806.1561 1097.699 865.0397 246.5924 520.934 4456.0883 1725.2945;
	1476.6598 904.4 1572.8655 543.2 794.7 1099.7 868.7531 235.8308 509.0 4391.7845 1710.0086;
	1499.3337 923.7527 1624.1742 555.21 810.9 1140.825 878.7943 253.0902 514.6 4452.0761 1720.9467;
	1567.2227 986.39 1689.4 555.0184 863.5 1223.0568 939.0229 269.314 551.4722 4697.2 1850.0603;
	1684.8461 1070.6915 1843.0731 591.9577 977.1 1337.1563 1024.8 317.296 631.5589 5242.8301 2076.3565;
	1808.8596 1154.9822 1950.6781 593.2648 1028.3553 1384.487 1063.4833 346.4817 702.1 5746.1407 2208.2608;
	1830.1 1164.6507 1953.6434 587.5653 1032.6784 1398.2882 1103.1 346.5856 701.2821 6079.8164 2230.4854;
	1841.0 1167.7091 1938.5682 573.4 1019.1 1366.0 1081.505 330.2571 707.4383 6332.8745 2234.6654;
	1850.8831 1159.7675 1942.3744 568.3 998.8098 1324.1728 1045.2 327.7 688.3308 6420.7078 2220.1405;
	1833.5295 1150.2658 1944.9233 577.5084 999.4 1363.0018 1056.2229 317.3342 670.8 6476.9103 2154.9938;
	1774.6733 1109.4555 1861.0742 567.2 957.5329 1292.3189 1043.0033 309.0573 654.598 6417.4197 2105.2592;
	1815.7 1152.1288 1898.0132 587.2078 960.1759 1301.4552 1047.0657 286.7396 664.9 6373.279 2123.5862;
	1794.657 1144.2102 1867.8911 598.8512 954.0279 1328.3 1060.6809 294.979 680.596 6389.969 2180.5302;
	1756.5571 1153.2409 1851.5345 591.7042 924.3415 1279.425 1053.4634 292.4847 680.4 6493.1863 2176.5508;
	1810.2126 1184.9523 1875.9838 566.4108 941.287 1304.1362 1089.4171 305.9 686.6354 6498.1889 2296.2385;
	1746.3222 1141.0673 1858.7971 561.7403 955.9435 1356.3874 1061.8115 322.1354 681.5773 6351.809 2388.6316;
	1721.1692 1143.1464 1846.2312 582.0 961.713 1401.8207 1133.5931 336.2093 709.9075 6372.5525 2621.0758;
	1748.5773 1172.4 1905.4584 589.8 1033.1233 1494.3107 1223.2824 343.4823 789.7313 6432.5287 2695.4147;
	1805.4718 1186.5339 1909.9824 589.3672 1036.7032 1449.6395 1184.2598 345.7253 744.1492 6204.1984 2610.8498;
	1708.0148 1122.3031 1815.7796 575.289 962.0 1360.3322 1139.7797 313.8 713.5345 5927.8878 2488.2144;
	1602.2225 1033.5702 1678.2349 562.6948 881.6 1238.6828 1055.3 292.9862 658.3802 5652.169 2205.889;
	1505.4279 931.0097 1558.6561 525.4227 828.2631 1136.6375 929.0851 241.1292 579.6 5091.8447 1946.4809;
	1464.6757 876.3221 1545.8446 487.1304 770.4 1146.2456 887.0833 224.0657 585.7381 4792.1058 1860.5009;
	1436.0293 800.3708 1454.7374 461.7906 706.9358 1059.7873 834.9234 219.2 566.5026 4464.4353 1756.5656;
];
