function loadprofile = ex_load_profilesh1
%EX_LOAD_PROFILE  Example load profile data file for stochastic unit commitment.
% 2022.03.12
% Andres F. Ramirez

%% define constants
[CT_LABEL, CT_PROB, CT_TABLE, CT_TBUS, CT_TGEN, CT_TBRCH, CT_TAREABUS, ...
    CT_TAREAGEN, CT_TAREABRCH, CT_ROW, CT_COL, CT_CHGTYPE, CT_REP, ...
    CT_REL, CT_ADD, CT_NEWVAL, CT_TLOAD, CT_TAREALOAD, CT_LOAD_ALL_PQ, ...
    CT_LOAD_FIX_PQ, CT_LOAD_DIS_PQ, CT_LOAD_ALL_P, CT_LOAD_FIX_P, ...
    CT_LOAD_DIS_P, CT_TGENCOST, CT_TAREAGENCOST, CT_MODCOST_F, ...
    CT_MODCOST_X] = idx_ct;

loadprofile = struct( ...
    'type', 'mpcData', ...
    'table', CT_TAREALOAD, ...
    'rows', [1:11], ...
    'col', CT_LOAD_ALL_P, ...
    'chgtype', 1, ...
    'values', [] );
loadprofile.values(:,1,:) = [
	1501.9919 889.1 1551.3638 578.1 769.3143 1095.2 813.0427 244.8637 493.4152 4428.8 1693.9282;
	1504.3516 885.2 1547.0185 575.1132 766.1332 1095.1087 816.7305 248.3215 487.5868 4371.7529 1685.2628;
	1520.4637 903.7 1552.8157 583.0083 758.9451 1089.3666 795.2226 248.8239 488.4006 4303.5691 1688.4072;
	1608.7187 955.6218 1648.1298 597.2063 820.2318 1173.2155 862.2102 264.0517 533.7794 4619.7352 1804.269;
	1766.0345 1091.4444 1852.1053 616.4 928.6972 1343.6622 974.8229 309.4696 610.6627 5134.9256 1995.7237;
	1864.9072 1175.8027 1963.8274 613.5516 987.6935 1446.2685 1054.8 352.0102 665.0449 5718.1736 2176.1933;
	1938.1496 1192.5 1983.4612 612.6 1002.7017 1455.5154 1090.5927 371.2022 682.4 6239.648 2255.2676;
	1852.4609 1158.0 1949.9611 612.5101 1021.6681 1438.0507 1095.7 353.166 679.1264 6405.5548 2244.9716;
	1881.4072 1184.2097 1908.5754 610.7346 1015.8415 1433.6644 1083.5528 369.076 684.2227 6501.849 2224.7943;
	1885.8209 1185.8518 1880.5 610.6296 1008.5859 1434.3058 1065.5664 350.2558 667.1064 6564.0197 2224.2026;
	1873.2054 1152.1593 1837.0389 609.4973 982.944 1373.4957 1038.5403 358.9958 649.7473 6416.983 2178.5225;
	1854.9994 1142.7699 1808.9807 598.099 968.5075 1354.7252 999.7429 363.3233 641.7 6457.4495 2131.5409;
	1826.821 1112.3627 1769.4845 613.5 921.8751 1337.3907 985.1261 342.9 646.8061 6374.7285 2086.3259;
	1776.0918 1066.8784 1739.0329 610.8791 920.3084 1335.5949 993.4453 346.3 644.5391 6340.4093 2120.2988;
	1762.7753 1066.7551 1774.4804 623.1637 962.6768 1355.5885 1010.4635 361.4144 629.6438 6332.7435 2141.4184;
	1718.5685 1019.3244 1726.6958 605.6593 960.4651 1354.2051 1028.7707 363.9114 642.0919 6254.5042 2247.4121;
	1714.3957 1032.6148 1801.9651 593.8 986.4171 1414.3762 1092.9301 366.1632 651.3301 6311.1299 2391.8772;
	1764.2187 1095.9174 1858.4496 598.5055 1004.7381 1484.8535 1136.4 363.0 705.3466 6255.1061 2411.8799;
	1847.2451 1170.7399 1914.8 608.3768 1002.9662 1434.4692 1136.0046 369.5 707.2 6321.1882 2446.1273;
	1769.8796 1106.2298 1811.0403 598.4344 963.2244 1339.6084 1080.0 342.7 670.1736 5959.4866 2318.7277;
	1665.3313 1034.0 1725.6401 583.1216 885.3397 1241.007 987.54 325.3 616.2371 5561.0928 2087.7747;
	1521.1937 956.6444 1601.8 563.4057 829.3808 1142.7 914.2855 282.7 575.6124 5116.082 1908.2;
	1481.551 894.7693 1535.9054 564.402 801.8072 1190.2236 878.9 277.8225 526.082 4664.3841 1743.4832;
	1443.0998 866.3101 1484.0246 556.8348 775.1595 1126.9 816.0053 268.0574 508.0722 4456.2042 1690.2065;
];
