function windprofile = ex_wind_profilesh1
%EX_WIND_PROFILE_D  Example wind_load_nyiso profile data for deterministic unit commitment.
% 2022.03.12
% Andres F. Ramirez


%% define constants
[GEN_BUS, PG, QG, QMAX, QMIN, VG, MBASE, GEN_STATUS, PMAX, PMIN, ...
    MU_PMAX, MU_PMIN, MU_QMAX, MU_QMIN, PC1, PC2, QC1MIN, QC1MAX, ...
    QC2MIN, QC2MAX, RAMP_AGC, RAMP_10, RAMP_30, RAMP_Q, APF] = idx_gen;
[CT_LABEL, CT_PROB, CT_TABLE, CT_TBUS, CT_TGEN, CT_TBRCH, CT_TAREABUS, ...
    CT_TAREAGEN, CT_TAREABRCH, CT_ROW, CT_COL, CT_CHGTYPE, CT_REP, ...
    CT_REL, CT_ADD, CT_NEWVAL, CT_TLOAD, CT_TAREALOAD, CT_LOAD_ALL_PQ, ...
    CT_LOAD_FIX_PQ, CT_LOAD_DIS_PQ, CT_LOAD_ALL_P, CT_LOAD_FIX_P, ...
    CT_LOAD_DIS_P, CT_TGENCOST, CT_TAREAGENCOST, CT_MODCOST_F, ...
    CT_MODCOST_X] = idx_ct;

windprofile = struct( ...
    'type', 'mpcData', ...
    'table', CT_TGEN, ...
    'rows', [1:45], ...
    'col', PMAX, ...
    'chgtype', 1, ...
    'values', [] );
windprofile.values(:,1,:) = [
	3.6527 49.3555 88.6952 113.6832 14.5266 16.115 14.9321 18.6651 27.7511 25.5677 47.2615 70.5049 106.1448 6.5877 8.7227 3.2862 4.0773 4.3208 10.2086 16.8225 4.9774 37.6017 55.8533 81.7822 95.4798 70.8399 8.3449 716.8562 395.9059 395.9059 210.5545 35.9818 34.0286 43.3013 20.6535 168.9198 516.9123 55.082 306.5342 255.7494 15.3699 178.7692 131.4865 228.7473 522.2968;
	3.578 48.3469 88.8269 112.0705 14.0566 17.6353 14.4895 18.1531 26.8526 24.9312 46.0849 68.7495 103.5021 3.3279 3.9664 1.4943 1.8541 1.9647 8.9842 7.2417 4.8298 41.1491 53.8867 78.553 93.8896 70.3966 8.0709 736.5997 349.5917 349.5917 167.1461 30.7297 29.9473 18.6402 10.4336 149.1591 486.1395 51.7716 303.2787 251.4901 13.6572 195.6348 126.2891 229.3065 491.2035;
	3.4991 47.281 89.7071 112.6619 14.2944 14.571 12.1921 18.4984 26.6998 24.275 44.872 66.9402 100.778 5.0736 10.3375 3.8946 4.8322 5.1207 20.9779 20.2845 4.064 33.999 64.3907 77.172 96.4407 69.6691 9.1785 618.9566 321.9162 321.9162 131.486 29.1198 69.9262 52.2123 15.9064 137.3509 375.4143 35.7018 221.8407 258.3234 22.9285 161.6409 100.6337 204.0519 379.3248;
	2.9717 40.1538 85.4334 100.7489 13.9311 12.4151 10.4388 18.2197 25.5708 18.9021 34.9403 52.124 78.4724 6.9862 8.3901 3.1609 3.9219 4.156 12.7581 21.6756 3.4796 28.9686 54.4578 73.0482 96.1607 72.462 10.2156 467.7935 243.7119 243.7119 145.2649 27.6645 42.5272 55.7932 21.9028 103.9837 280.7628 33.3487 146.3783 257.5732 2.6186 137.7252 82.6511 203.7358 283.6874;
	2.4769 33.4683 89.6057 111.4422 14.3601 13.9676 9.0157 18.9977 14.9572 13.1756 24.355 36.3328 54.6988 12.8738 5.7543 2.1679 2.6898 2.8504 21.2237 23.6438 3.0052 32.5912 43.2526 82.4548 97.9966 73.0972 10.6878 357.0022 200.326 200.326 136.3819 24.917 70.7456 60.8593 40.361 85.4724 163.8175 32.8214 129.4204 262.4909 13.3399 154.9477 87.3851 222.5575 165.5239;
	3.1581 42.6723 92.6085 114.8286 14.2569 21.523 10.4373 19.0914 9.7223 12.6862 23.4502 34.9831 52.6669 26.7499 9.2995 3.5036 4.347 4.6065 34.9527 24.6786 3.4791 50.2204 47.5794 84.5621 102.0817 72.0698 9.8907 302.6979 186.6771 186.6771 140.1939 23.5978 116.5089 63.5228 83.8647 79.6489 148.683 35.2561 163.9149 273.4332 14.1893 238.7621 94.7284 234.3557 150.2318;
	2.6393 35.6626 92.1982 116.6003 13.875 20.8146 10.8644 18.4633 12.0384 24.0528 44.4613 66.3275 99.8556 37.7368 21.3841 8.0563 9.9958 10.5926 40.5684 33.0898 3.6215 48.5674 58.878 84.7244 102.9571 72.355 12.9714 272.8862 210.0843 210.0843 112.8841 15.4796 135.2281 85.1731 118.31 89.636 167.9976 24.745 133.2641 275.7779 10.5501 230.9035 97.4189 244.4127 169.7476;
	1.8926 25.5736 72.0462 116.0812 13.9928 17.9199 10.2472 18.5938 16.9927 26.1711 48.3768 72.1687 108.6495 41.972 24.6217 9.2761 11.5092 12.1963 53.3464 47.1353 3.4157 41.8131 69.2454 85.4961 101.952 73.3749 13.7766 159.6728 168.4938 168.4938 93.042 8.5281 177.8213 121.3265 131.5879 71.8907 111.131 16.628 157.3898 273.0858 10.773 198.7913 92.0451 225.8132 112.2886;
	2.8654 38.718 84.1293 108.4582 13.9974 23.1567 9.5862 19.0401 19.3499 27.3399 50.5373 75.3918 113.5019 43.8758 12.8381 4.8367 6.001 6.3593 62.2291 48.4178 3.1954 54.0323 69.2111 82.7008 99.5529 74.562 14.006 129.7533 137.77 137.77 87.3272 5.3142 207.4304 124.6276 137.5566 58.7819 109.1225 19.8996 120.9263 266.6595 18.0938 256.8848 82.5783 242.3032 110.2592;
	2.1175 28.6117 84.4854 110.4551 11.679 13.0444 8.3806 19.0627 24.6884 26.4695 48.9284 72.9916 109.8885 43.0792 0.2411 0.0908 0.1127 0.1194 69.1568 45.6885 2.7935 30.4369 68.7602 82.6121 98.2286 75.4814 14.1322 240.1357 215.4673 215.4673 98.2913 7.3003 230.5227 117.6024 135.0592 91.9327 201.7049 21.4584 1.895 263.1124 2.7546 144.7058 77.2623 218.1441 203.806;
	1.7106 23.1141 79.8 108.2173 11.5252 23.4702 12.3285 18.5602 26.1904 28.3661 52.4344 78.2218 117.7625 50.1945 0.0361 0.0136 0.0169 0.0179 54.1554 34.2287 4.1095 54.7638 70.78 85.603 96.9709 74.5383 13.6334 307.6504 264.9776 264.9776 137.2297 12.2299 180.5179 88.1046 157.3665 113.0571 260.2064 21.8964 156.3767 259.7435 5.702 260.3626 93.4938 195.2947 262.9168;
	2.105 28.4433 87.0765 96.629 10.792 29.5055 17.2593 19.0233 25.7907 28.543 52.7613 78.7095 118.4967 49.5203 4.5604 1.7181 2.1317 2.259 71.1711 47.3935 5.7531 68.8462 71.1691 84.2551 100.3153 75.02 14.0069 461.2087 351.1631 351.1631 272.6633 16.6514 237.2371 121.9909 155.2528 149.8296 407.2881 39.9317 188.0863 268.7017 43.2222 327.3143 108.6692 199.4129 411.5307;
	3.0321 40.9701 86.8753 89.2074 13.7471 30.8345 19.2372 17.9288 27.5387 29.2528 54.0733 80.6667 121.4433 54.5941 37.2047 14.0166 17.391 18.4293 75.3921 60.6245 6.4124 71.9471 72.2548 82.0576 99.1601 73.2171 12.6838 602.5351 437.4184 437.4184 306.9859 23.6189 251.307 156.0476 171.1597 186.6319 582.7531 59.0293 214.1705 265.6075 39.3067 342.057 144.2366 215.9418 588.8235;
	3.7154 50.2031 88.7657 109.8045 14.1498 31.7519 21.3288 18.3812 26.1898 28.1032 51.9483 77.4966 116.6707 51.8593 49.4582 18.6331 23.1188 24.4991 76.6089 52.9823 7.1096 74.0879 67.3153 86.7229 101.3765 75.5778 13.1278 757.9212 580.156 580.156 388.5001 28.043 255.3631 136.3765 162.5858 247.5332 714.3871 83.924 285.6345 271.5442 75.4861 352.2348 150.4972 259.1297 721.8287;
	3.8482 51.9979 91.2556 112.8075 14.5563 32.5017 26.2694 18.4015 28.1257 24.8443 45.9244 68.5101 103.1416 59.0075 77.7006 29.2732 36.3205 38.4889 81.1654 55.51 8.7565 75.8372 49.4692 86.5596 101.1841 76.4272 13.8378 931.4763 611.306 611.306 468.4544 33.1495 270.5512 142.8829 184.9965 260.8239 909.5766 114.6521 435.3579 271.0288 7.0863 360.5517 164.5135 262.9033 919.0514;
	3.7468 50.627 91.4746 110.5712 14.19 32.2181 26.6905 18.0512 26.8424 19.3383 35.7466 53.3269 80.2834 56.2313 118.0457 44.473 55.1795 58.4738 84.9905 62.5065 8.8968 75.1755 46.3657 84.0913 99.8396 73.7258 13.4737 1005.0331 666.8767 666.8767 617.8032 33.8178 283.3016 160.892 176.2926 284.534 950.5368 153.0957 386.0388 267.4276 0.9515 357.4056 168.7188 271.0045 960.4382;
	3.8382 51.8619 92.5159 114.3786 14.0983 33.0478 29.9032 18.5213 26.836 19.4318 35.9194 53.5846 80.6714 60.0434 137.1603 51.6744 64.1145 67.9422 86.6839 68.0881 9.9677 77.1116 31.8853 84.1986 101.8882 73.952 13.4621 969.3952 727.1984 727.1984 683.3869 62.7573 288.9464 175.2591 188.244 310.2713 970.6596 201.2722 403.4028 272.9148 6.1148 366.6106 205.3525 281.9142 980.7706;
	3.9303 53.1068 95.3528 120.4635 14.2315 34.6496 29.9627 18.9003 27.8927 17.0966 31.6028 47.1452 70.9769 59.7589 152.6543 57.5116 71.357 75.6171 85.049 68.5021 9.9876 80.8491 37.4329 88.6893 106.3239 75.3677 14.1531 990.8413 693.9227 693.9227 653.5135 75.8424 283.4967 176.3246 187.3522 296.0737 953.7067 217.7278 451.0881 284.7962 108.9227 384.3798 202.2134 281.8952 963.6411;
	3.9004 52.7033 95.0015 119.9632 14.9011 34.3679 30.6041 14.4337 28.0983 19.323 35.7183 53.2847 80.2198 57.0967 162.9205 61.3793 76.1558 80.7025 86.6207 68.0008 10.2014 80.1919 53.9739 88.9338 105.4997 71.5188 13.7843 1070.3067 713.5095 713.5095 595.3318 96.0469 288.7357 175.0343 179.0059 304.4307 963.9517 222.0498 454.2703 282.5884 113.2389 381.2551 205.5573 284.1727 973.9929;
