function loadprofile = ex_load_profilesh1
%EX_LOAD_PROFILE  Example load profile data file for stochastic unit commitment.
% 2022.03.12
% Andres F. Ramirez

%% define constants
[CT_LABEL, CT_PROB, CT_TABLE, CT_TBUS, CT_TGEN, CT_TBRCH, CT_TAREABUS, ...
    CT_TAREAGEN, CT_TAREABRCH, CT_ROW, CT_COL, CT_CHGTYPE, CT_REP, ...
    CT_REL, CT_ADD, CT_NEWVAL, CT_TLOAD, CT_TAREALOAD, CT_LOAD_ALL_PQ, ...
    CT_LOAD_FIX_PQ, CT_LOAD_DIS_PQ, CT_LOAD_ALL_P, CT_LOAD_FIX_P, ...
    CT_LOAD_DIS_P, CT_TGENCOST, CT_TAREAGENCOST, CT_MODCOST_F, ...
    CT_MODCOST_X] = idx_ct;

loadprofile = struct( ...
    'type', 'mpcData', ...
    'table', CT_TAREALOAD, ...
    'rows', [1:11], ...
    'col', CT_LOAD_ALL_P, ...
    'chgtype', 1, ...
    'values', [] );
loadprofile.values(:,1,:) = [
	1526.6443 942.1283 1586.4 560.6359 778.963 1111.5881 837.6019 235.2261 459.4633 4471.7292 1669.699;
	1507.0722 934.4666 1594.8962 543.2 759.8352 1128.2862 847.5537 242.9 458.161 4492.882 1721.0035;
	1521.2149 948.2082 1656.1224 559.6 773.0 1130.5376 857.9073 240.8 460.3709 4481.1269 1719.293;
	1610.0872 1031.3506 1819.358 555.3541 867.8131 1218.2757 920.8397 263.8 517.5986 4703.3628 1862.6388;
	1793.4669 1176.4389 2007.4635 586.113 978.1448 1369.6157 1028.8787 321.5762 603.6 5209.7257 2072.6943;
	1851.2 1233.0 2056.7247 584.2355 1017.1176 1446.4 1082.4684 325.9 649.8268 5629.9569 2161.1997;
	1860.0691 1222.5697 2023.5338 569.6 994.6384 1386.0187 1090.0 308.5279 661.9225 5739.263 2161.5807;
	1871.3089 1219.4482 1993.0535 563.6703 1036.7349 1387.9 1097.3022 289.206 642.3911 5854.3537 2148.2503;
	1856.3811 1235.4928 2027.9735 535.5721 1065.9138 1391.3001 1139.1214 296.0322 663.8213 6204.1368 2157.5929;
	1872.4108 1221.4106 2016.9528 541.5665 1041.6358 1322.2 1130.5797 296.3 669.3819 6243.49 2196.0569;
	1837.7 1237.8483 2057.8539 533.9108 1016.3623 1358.6543 1132.6818 279.8224 647.9477 6223.7133 2119.2273;
	1857.4468 1224.6508 2003.6742 522.8219 1009.1057 1309.6498 1091.8725 275.8781 627.5185 6153.343 2134.7077;
	1803.9 1219.1127 1967.1316 512.0973 977.2806 1395.2 1118.2118 273.865 638.1601 6157.3702 2204.9127;
	1757.2246 1240.6039 1971.5013 515.2884 926.8255 1324.1055 1043.0741 267.8161 624.2092 6127.1127 2176.2566;
	1717.4614 1244.2003 1989.6506 535.1285 940.5089 1344.9498 1018.1 266.3428 639.3165 6145.2 2212.0503;
	1728.3283 1232.1647 1950.7135 533.0 909.4374 1366.8467 1040.8796 276.8499 641.4467 6096.9481 2283.8551;
	1729.9899 1236.2584 2028.095 554.7701 969.8 1423.5 1067.7 293.0123 628.2812 5986.1338 2328.2061;
	1754.694 1268.5529 2107.7669 552.5272 1004.348 1482.1859 1119.5431 319.2911 677.3592 6042.7198 2475.2748;
	1787.0 1267.5211 2050.9806 545.5219 986.6024 1448.781 1102.5 315.1 665.9 5814.207 2407.4738;
	1762.8974 1204.6632 1952.7819 541.3497 930.0 1391.6445 1079.9 319.9821 635.523 5730.7263 2329.8759;
	1684.8138 1136.2072 1859.0999 552.8447 891.1663 1294.3211 1008.8995 296.2753 578.386 5473.6536 2145.3382;
	1590.66 1060.6822 1750.6031 554.1698 803.2971 1194.2752 929.709 269.2 532.3 5092.9988 1920.9741;
	1601.5819 1099.6457 1793.0873 535.2301 813.8298 1167.2731 888.1183 257.0107 470.8293 4791.9865 1804.5;
	1514.1881 991.5452 1652.7416 526.5 758.431 1125.9178 835.7666 238.0347 438.4795 4549.9833 1712.6602;
];
