function solarprofile = ex_solar_profilesh1
%EX_WIND_PROFILE_D  Example wind_load_nyiso profile data for deterministic unit commitment.
% 2022.03.12
% Andres F. Ramirez


%% define constants
[GEN_BUS, PG, QG, QMAX, QMIN, VG, MBASE, GEN_STATUS, PMAX, PMIN, ...
    MU_PMAX, MU_PMIN, MU_QMAX, MU_QMIN, PC1, PC2, QC1MIN, QC1MAX, ...
    QC2MIN, QC2MAX, RAMP_AGC, RAMP_10, RAMP_30, RAMP_Q, APF] = idx_gen;
[CT_LABEL, CT_PROB, CT_TABLE, CT_TBUS, CT_TGEN, CT_TBRCH, CT_TAREABUS, ...
    CT_TAREAGEN, CT_TAREABRCH, CT_ROW, CT_COL, CT_CHGTYPE, CT_REP, ...
    CT_REL, CT_ADD, CT_NEWVAL, CT_TLOAD, CT_TAREALOAD, CT_LOAD_ALL_PQ, ...
    CT_LOAD_FIX_PQ, CT_LOAD_DIS_PQ, CT_LOAD_ALL_P, CT_LOAD_FIX_P, ...
    CT_LOAD_DIS_P, CT_TGENCOST, CT_TAREAGENCOST, CT_MODCOST_F, ...
    CT_MODCOST_X] = idx_ct;

solarprofile = struct( ...
    'type', 'mpcData', ...
    'table', CT_TGEN, ...
    'rows', [1:12], ...
    'col', PMAX, ...
    'chgtype', 1, ...
    'values', [] );
solarprofile.values(:,1,:) = [
	0.0 0.0 0.0 0.0 0.0 0.0 0.0 0.0 0.0 0.0 0.0 0.0;
	0.0 0.0 0.0 0.0 0.0 0.0 0.0 0.0 0.0 0.0 0.0 0.0;
	0.0 0.0 0.0 0.0 0.0 0.0 0.0 0.0 0.0 0.0 0.0 0.0;
	0.0 0.0 0.0 0.0 0.0 0.0 0.0 0.0 0.0 0.0 0.0 0.0;
	0.0 0.0 0.0 0.0 0.0 0.0 0.0 0.0 0.0 0.0 0.0 0.0;
	0.103 0.1025 0.133 0.0 0.0 0.1251 0.0156 0.1784 0.0 0.0 0.0 0.0;
	9.0466 3.3761 7.5335 1.8576 7.3191 38.2276 4.7784 9.9918 13.5844 131.1291 50.4586 237.4757;
	7.6659 5.3965 5.6493 7.4677 13.8585 64.4777 8.0597 22.8892 21.801 304.1787 188.4479 550.8696;
	6.2905 5.3685 5.7285 10.623 14.2435 99.2286 12.4036 27.7352 39.6771 331.887 196.0025 601.0494;
	9.5498 10.2367 8.586 11.3959 14.2667 379.2002 47.4 57.0842 235.0452 306.0269 173.8053 554.2166;
	19.6347 16.0537 13.1132 11.1561 13.2382 395.51 49.4387 58.5362 228.6418 306.6376 187.3376 555.3225;
	23.12 16.1366 13.2624 11.2056 12.7839 405.9882 50.7485 59.4299 222.1661 304.6603 197.6048 551.7416;
	19.532 16.5824 13.5593 9.5077 13.1533 373.0868 46.6358 55.6552 173.341 243.5789 167.4208 441.1229;
	8.8313 13.8622 7.0027 9.9691 13.3645 353.3791 44.1724 49.3882 176.9632 210.6133 137.995 381.4219;
	3.4224 5.8744 1.7119 8.1491 12.5265 299.7803 37.4725 38.3666 168.2388 160.4884 97.8975 290.6455;
	3.2911 3.2518 0.6246 2.4801 6.2167 94.5895 11.8237 5.3432 30.7616 37.1345 8.4709 67.2508;
	1.1694 1.1855 0.5864 0.6507 1.4972 51.5384 6.4423 6.4469 20.4228 15.3721 8.262 27.839;
	0.0 0.0 0.0 0.0 0.0 0.0 0.0 0.0 0.0 0.0 0.0 0.0;
	0.0 0.0 0.0 0.0 0.0 0.0 0.0 0.0 0.0 0.0 0.0 0.0;
	0.0 0.0 0.0 0.0 0.0 0.0 0.0 0.0 0.0 0.0 0.0 0.0;
	0.0 0.0 0.0 0.0 0.0 0.0 0.0 0.0 0.0 0.0 0.0 0.0;
	0.0 0.0 0.0 0.0 0.0 0.0 0.0 0.0 0.0 0.0 0.0 0.0;
	0.0 0.0 0.0 0.0 0.0 0.0 0.0 0.0 0.0 0.0 0.0 0.0;
	0.0 0.0 0.0 0.0 0.0 0.0 0.0 0.0 0.0 0.0 0.0 0.0;
];
