function loadprofile = ex_load_profilesh1
%EX_LOAD_PROFILE  Example load profile data file for stochastic unit commitment.
% 2022.03.12
% Andres F. Ramirez

%% define constants
[CT_LABEL, CT_PROB, CT_TABLE, CT_TBUS, CT_TGEN, CT_TBRCH, CT_TAREABUS, ...
    CT_TAREAGEN, CT_TAREABRCH, CT_ROW, CT_COL, CT_CHGTYPE, CT_REP, ...
    CT_REL, CT_ADD, CT_NEWVAL, CT_TLOAD, CT_TAREALOAD, CT_LOAD_ALL_PQ, ...
    CT_LOAD_FIX_PQ, CT_LOAD_DIS_PQ, CT_LOAD_ALL_P, CT_LOAD_FIX_P, ...
    CT_LOAD_DIS_P, CT_TGENCOST, CT_TAREAGENCOST, CT_MODCOST_F, ...
    CT_MODCOST_X] = idx_ct;

loadprofile = struct( ...
    'type', 'mpcData', ...
    'table', CT_TAREALOAD, ...
    'rows', [1:11], ...
    'col', CT_LOAD_ALL_P, ...
    'chgtype', 1, ...
    'values', [] );
loadprofile.values(:,1,:) = [
	1503.9527 933.6353 1587.0812 585.5 760.4281 1131.5 855.3 251.4 526.0605 4494.527 1772.6273;
	1494.0405 932.9958 1602.9473 582.4412 776.9846 1114.2275 841.1777 260.9698 518.025 4401.5457 1731.8323;
	1479.0 947.0813 1618.4474 572.6734 795.8 1117.1446 848.5487 276.55 536.6 4412.2581 1765.4648;
	1566.0863 1015.6 1717.8707 582.3743 848.2637 1201.3824 893.7789 295.6 552.9 4624.2 1845.2818;
	1715.0262 1149.8033 1899.2027 604.3869 962.2694 1333.6067 991.8795 322.8 643.3249 5191.727 2065.8743;
	1810.7875 1219.5174 1998.8 604.4152 1013.7642 1395.6669 1049.7578 350.6 696.674 5632.2187 2158.1581;
	1839.0873 1231.8857 2011.7245 612.7392 1017.0 1407.7085 1083.7277 330.7246 712.6252 5979.208 2233.9242;
	1885.3656 1223.6 1992.3952 610.695 980.0029 1452.7 1093.141 329.5012 698.483 6248.3 2177.0562;
	1873.8614 1205.1 1900.4752 601.3 959.4137 1407.9382 1051.7956 333.225 700.3 6240.477 2085.4084;
	1876.054 1187.8 1853.2525 599.9051 911.7907 1358.9208 1050.6686 309.8 668.5045 6170.3604 1951.9473;
	1902.1602 1179.835 1825.4634 595.0889 910.2 1380.3517 1069.2983 317.5 664.6881 6182.5481 1981.6437;
	1960.5823 1188.8036 1837.9591 585.1197 900.1922 1350.6649 1060.9816 305.1 666.9804 6204.545 2035.8404;
	1893.2474 1168.0 1774.2292 568.365 863.4903 1293.6616 1038.2422 302.4824 655.7 6074.256 1935.76;
	1914.6325 1199.8867 1837.5101 580.1 859.6609 1271.9016 1008.9245 303.4637 658.2922 6127.0 1961.3462;
	1877.6793 1201.2616 1858.4044 587.6301 862.2304 1312.5449 1036.3882 285.4122 659.2906 6183.4619 2049.781;
	1805.2922 1171.106 1839.4149 570.1 857.5276 1330.3904 1028.4275 260.2309 644.2249 6041.5827 1997.59;
	1746.9685 1181.7006 1849.149 562.4811 890.3975 1350.9014 1075.9481 248.934 653.7013 6026.4791 2152.1617;
	1794.0005 1220.1904 1903.0241 579.3 903.8319 1408.0595 1115.6687 312.4252 694.8 6077.4885 2295.7543;
	1807.5012 1201.8 1930.1065 577.5826 909.5782 1396.7 1100.7987 295.4347 681.1863 5898.0366 2203.213;
	1774.9 1148.8616 1853.6383 562.4631 870.9539 1343.5423 1073.405 311.1155 642.8043 5747.5018 2137.9859;
	1684.38 1093.7 1732.508 553.4306 792.2484 1240.039 1001.9786 286.3352 566.6924 5479.7578 2055.663;
	1560.3697 986.6 1580.1 544.8454 723.41 1139.3 923.5179 261.2936 538.3429 5052.1174 1844.7529;
	1463.863 915.4 1496.3869 534.092 710.6838 1175.4834 890.2518 263.1292 494.2039 4707.5615 1794.5265;
	1463.0311 893.7 1532.5 512.9 742.4779 1151.4392 846.6038 244.7348 476.7806 4467.1786 1742.7;
];
