function loadprofile = ex_load_profilesh1
%EX_LOAD_PROFILE  Example load profile data file for stochastic unit commitment.
% 2022.03.12
% Andres F. Ramirez

%% define constants
[CT_LABEL, CT_PROB, CT_TABLE, CT_TBUS, CT_TGEN, CT_TBRCH, CT_TAREABUS, ...
    CT_TAREAGEN, CT_TAREABRCH, CT_ROW, CT_COL, CT_CHGTYPE, CT_REP, ...
    CT_REL, CT_ADD, CT_NEWVAL, CT_TLOAD, CT_TAREALOAD, CT_LOAD_ALL_PQ, ...
    CT_LOAD_FIX_PQ, CT_LOAD_DIS_PQ, CT_LOAD_ALL_P, CT_LOAD_FIX_P, ...
    CT_LOAD_DIS_P, CT_TGENCOST, CT_TAREAGENCOST, CT_MODCOST_F, ...
    CT_MODCOST_X] = idx_ct;

loadprofile = struct( ...
    'type', 'mpcData', ...
    'table', CT_TAREALOAD, ...
    'rows', [1:11], ...
    'col', CT_LOAD_ALL_P, ...
    'chgtype', 1, ...
    'values', [] );
loadprofile.values(:,1,:) = [
	1479.7119 936.2714 1545.9645 562.154 764.513 1014.9793 769.8034 256.0836 495.2727 4024.2774 1713.4908;
	1445.7443 921.3887 1504.3784 550.131 750.6115 1009.5454 742.5838 245.7633 479.7152 3513.6485 1673.7;
	1439.4934 933.6284 1543.9208 560.5 768.7071 1031.8564 759.9431 251.2 489.2488 3548.8622 1695.3881;
	1546.7645 1023.7 1669.3151 573.967 828.2064 1129.1022 860.0859 279.1093 525.704 4228.1934 1807.7041;
	1715.1816 1144.345 1851.9033 591.1774 915.8951 1247.3937 960.588 307.2 601.4244 4814.7081 2003.0918;
	1836.0 1243.3313 1994.9818 591.9 972.7365 1344.7767 1036.0248 348.9 668.8253 5650.1469 2158.1871;
	1868.3309 1220.6515 1962.7353 574.7568 973.5874 1264.1862 1020.9933 332.1101 676.1195 5647.5362 2159.9808;
	1837.7317 1209.5623 1967.448 563.7 955.7282 1224.5677 1024.2025 331.5619 674.5762 5837.6617 2125.1296;
	1791.892 1206.7027 1960.8437 575.6 988.5 1302.9927 1033.9 328.1 640.4349 5902.8648 2098.9441;
	1846.2738 1216.4436 1934.9489 574.0845 1013.1483 1229.0466 1001.7723 319.1339 657.2357 5984.0989 2007.7661;
	1846.9371 1212.4194 1932.8576 555.6389 985.6 1217.8153 982.6315 315.0634 665.8775 6078.9345 2077.2757;
	1819.433 1200.6 1856.0015 539.8333 953.2351 1211.2844 940.685 296.4722 649.9 5896.3 1975.7026;
	1798.5 1196.5107 1834.5154 540.8 938.8858 1208.5127 983.7699 327.5 668.0638 6003.1143 2047.7;
	1752.4471 1173.8653 1823.4724 538.3484 936.6659 1229.8 1033.7131 330.1274 666.1271 6110.0836 2101.8;
	1681.3192 1140.1719 1819.1201 490.2449 928.9093 1220.4995 984.6633 317.5 651.5 5869.415 2106.0329;
	1723.4114 1151.7 1874.1297 523.241 976.4393 1316.1649 1002.6596 352.1 643.5616 5945.3442 2175.7953;
	1692.7 1164.1582 1922.3369 548.0995 987.2 1336.8317 1044.0 374.3915 657.0946 5928.9787 2258.55;
	1761.3708 1196.9246 1960.2169 562.7332 996.6461 1391.3108 1085.9758 376.9036 695.8683 5929.123 2369.9681;
	1803.448 1236.8616 1963.7792 565.6587 983.6112 1374.0015 1127.8778 367.0 699.9306 5812.7642 2382.7141;
	1733.9759 1160.216 1887.8 559.6945 919.6716 1302.075 1067.3808 351.8 678.5365 5503.2532 2254.6438;
	1631.8393 1080.8544 1803.756 548.6028 909.6691 1194.5081 990.2825 314.3 618.4007 5151.586 2061.7388;
	1575.4702 1005.344 1639.9899 536.6028 813.4094 1108.7347 904.6896 285.9843 556.3786 4790.9181 1881.1093;
	1510.558 927.5159 1582.1 518.759 777.4918 1100.3017 827.7991 249.7 520.0 4075.4614 1741.2879;
	1376.1705 862.9336 1536.5439 525.5552 752.0042 1057.0 778.5638 225.5094 478.3478 3825.3105 1638.1594;
];
