function windprofile = ex_wind_profilesh1
%EX_WIND_PROFILE_D  Example wind_load_nyiso profile data for deterministic unit commitment.
% 2022.03.12
% Andres F. Ramirez


%% define constants
[GEN_BUS, PG, QG, QMAX, QMIN, VG, MBASE, GEN_STATUS, PMAX, PMIN, ...
    MU_PMAX, MU_PMIN, MU_QMAX, MU_QMIN, PC1, PC2, QC1MIN, QC1MAX, ...
    QC2MIN, QC2MAX, RAMP_AGC, RAMP_10, RAMP_30, RAMP_Q, APF] = idx_gen;
[CT_LABEL, CT_PROB, CT_TABLE, CT_TBUS, CT_TGEN, CT_TBRCH, CT_TAREABUS, ...
    CT_TAREAGEN, CT_TAREABRCH, CT_ROW, CT_COL, CT_CHGTYPE, CT_REP, ...
    CT_REL, CT_ADD, CT_NEWVAL, CT_TLOAD, CT_TAREALOAD, CT_LOAD_ALL_PQ, ...
    CT_LOAD_FIX_PQ, CT_LOAD_DIS_PQ, CT_LOAD_ALL_P, CT_LOAD_FIX_P, ...
    CT_LOAD_DIS_P, CT_TGENCOST, CT_TAREAGENCOST, CT_MODCOST_F, ...
    CT_MODCOST_X] = idx_ct;

windprofile = struct( ...
    'type', 'mpcData', ...
    'table', CT_TGEN, ...
    'rows', [1:45], ...
    'col', PMAX, ...
    'chgtype', 1, ...
    'values', [] );
windprofile.values(:,1,:) = [
	3.5203 47.5663 88.9075 113.3806 14.0315 13.1862 14.6563 17.4071 26.3174 23.9401 44.2528 66.0165 99.3875 6.9927 24.1541 9.0999 11.2907 11.9647 11.4362 29.2118 4.8854 30.7678 60.1902 85.1641 99.5889 69.8845 7.9255 580.3609 365.2712 365.2712 189.8054 35.0956 38.1207 75.1911 21.923 155.849 449.7592 51.6332 256.588 266.7559 19.1268 146.279 115.0392 231.9224 454.4442;
	3.4769 46.9806 89.1676 113.6116 13.7176 15.7367 13.5675 15.7463 25.4445 23.5046 43.448 64.8158 97.5798 7.0229 15.3836 5.7957 7.1909 7.6202 11.1316 15.2047 4.5225 36.719 60.888 85.052 99.2111 69.5425 7.0601 606.8559 323.6816 323.6816 162.8368 31.4268 37.1054 39.1368 22.0176 138.1042 435.6981 51.6683 203.125 265.7441 14.8065 174.5726 109.6047 229.9869 440.2366;
	3.0548 41.2764 88.2936 112.5634 13.9533 12.5326 11.8136 15.7038 25.2969 22.7812 42.1106 62.8208 94.5763 7.348 13.8721 5.2262 6.4844 6.8715 18.4427 19.7689 3.9379 29.2427 63.9131 85.0432 96.8232 69.4529 7.4436 543.7754 299.2182 299.2182 127.6257 28.7521 61.4756 50.8851 23.0369 127.6664 350.9635 34.5253 194.8215 259.3478 9.4312 139.0279 85.7832 202.3434 354.6193;
	2.7995 37.8269 86.3875 102.2379 13.3763 10.4836 11.1546 10.6264 21.461 21.7479 40.2006 59.9714 90.2867 8.8977 11.4867 4.3275 5.3693 5.6899 8.4137 22.304 3.7182 24.4616 61.6657 81.4776 94.5508 69.8144 5.9113 432.9673 196.1752 196.1752 136.3965 25.2137 28.0458 57.4105 27.8956 83.7014 262.6062 26.5604 34.493 253.2609 1.6322 116.2976 71.1629 188.6295 265.3416;
	2.2019 29.7527 86.2587 107.3596 10.8208 12.0905 9.9759 10.1349 9.0815 17.6987 32.7158 48.8056 73.4765 12.0789 14.5498 5.4816 6.8012 7.2072 18.2395 24.6322 3.3253 28.2112 53.2465 81.5668 96.6193 68.1886 5.2645 335.2077 183.5003 183.5003 138.217 17.681 60.7983 63.4032 37.8689 78.2935 159.4232 28.529 125.7889 258.8016 13.233 134.1242 73.5867 196.418 161.0838;
	3.0104 40.6767 87.2871 112.855 13.1482 20.5582 11.9866 14.5927 2.0062 17.6408 32.6088 48.6459 73.2361 27.9598 20.2527 7.6301 9.467 10.0322 32.4049 27.0298 3.9955 47.969 53.9106 82.14 99.2382 68.1541 2.6791 299.4948 175.0211 175.0211 133.9817 21.317 108.0164 69.5749 87.6579 74.6757 159.2612 30.5051 187.7238 265.8167 13.0957 228.0585 85.6514 211.457 160.9202;
	2.4241 32.7553 87.1148 112.3343 12.2357 21.2968 11.4658 13.9932 2.4906 24.4968 45.2819 67.5517 101.6987 37.3608 25.8098 9.7237 12.0646 12.7849 38.419 37.2804 3.8219 49.6925 68.4986 82.209 99.3284 68.3429 6.7333 245.4731 179.3349 179.3349 96.0318 11.3138 128.0635 95.9598 117.131 76.5162 162.7329 17.6828 131.5426 266.0582 9.0446 236.2525 82.1562 227.2308 164.428;
	1.7929 24.2254 67.0156 115.3224 14.1239 18.5033 12.5038 16.775 18.4966 27.1209 50.1325 74.7879 112.5927 37.2948 28.7391 10.8273 13.4339 14.2359 49.0952 56.0711 4.1679 43.1744 72.2877 82.3003 100.4879 69.1527 11.2537 138.6928 153.4101 153.4101 95.2752 8.3631 163.6505 144.3271 116.9243 65.455 108.5842 17.4297 150.6263 269.1639 8.4221 205.2634 88.1221 208.5152 109.7153;
	2.7453 37.0953 82.7867 106.055 14.1033 23.2161 11.9817 17.0649 20.6767 27.0963 50.0871 74.72 112.4906 43.2744 23.8041 8.9681 11.127 11.7913 62.725 54.4494 3.9939 54.171 72.2442 81.8265 100.068 68.7162 9.9468 147.9203 140.3385 140.3385 95.6884 7.766 209.0834 140.1528 135.6711 59.8777 129.0464 22.6744 129.1497 268.0393 16.166 257.5443 77.1658 228.2698 130.3906;
	1.9065 25.7606 82.8287 104.0808 12.2412 13.301 10.6371 16.6721 25.0557 25.9151 47.9037 71.4629 107.587 45.3056 19.7518 7.4414 9.2328 9.7841 69.5755 43.5058 3.5457 31.0357 70.4931 78.9452 97.8215 68.9686 10.1088 254.1897 216.6807 216.6807 105.2542 8.4935 231.9182 111.984 142.0392 92.4504 222.6444 24.4085 0.0 262.0218 0.0456 147.5527 71.4603 213.4435 224.9636;
	1.6586 22.4108 76.4534 102.5364 12.0134 24.8758 14.2978 15.7187 26.0413 27.6499 51.1104 76.2467 114.7889 50.5945 10.7575 4.0528 5.0285 5.3287 67.3381 33.2915 4.7659 58.0436 72.4098 81.9835 92.6051 68.4108 10.2453 369.0398 287.3794 287.3794 160.835 13.4211 224.4604 85.6925 158.6206 122.6152 326.4145 24.7696 152.5505 248.0493 0.0206 275.9557 87.1603 182.7739 329.8147;
	1.6871 22.7964 79.7522 86.5787 10.9691 28.5553 19.0311 15.404 26.0869 28.0363 51.8246 77.3122 116.393 47.1969 21.4143 8.0677 10.0099 10.6075 78.0718 44.9957 6.3437 66.6291 73.5892 80.1987 85.2494 66.3101 10.835 462.8165 331.9221 331.9221 269.1977 17.395 260.2394 115.819 147.9685 141.6201 409.0267 44.1529 137.5944 228.3465 0.0507 316.7736 96.9959 177.563 413.2874;
	2.8505 38.5171 83.279 82.9564 13.1387 29.5007 17.9006 14.0865 25.8812 26.9784 49.8691 74.3949 112.001 49.8643 28.8298 10.8615 13.4763 14.2808 79.1794 52.6781 5.9669 68.835 70.4166 78.5876 90.3034 57.866 9.2554 645.1308 401.0075 401.0075 295.5466 24.9326 263.9312 135.5936 156.3313 171.0965 567.9563 59.2033 127.3436 241.8841 0.0079 327.2612 125.6547 201.4261 573.8725;
	3.5309 47.7107 84.9336 97.5351 13.9469 28.5939 20.1111 14.9231 26.4712 29.6116 54.7366 81.6562 122.933 54.3532 58.3556 21.9851 27.2779 28.9064 81.8547 49.3908 6.7037 66.7191 71.6229 76.6789 86.3636 66.9985 9.4137 760.7198 539.4539 539.4539 365.5146 27.77 272.8491 127.132 170.4045 230.167 673.2553 74.2753 233.3322 231.3311 0.0 317.2015 132.0767 248.1197 680.2684;
	3.7312 50.4164 87.9959 106.3485 14.343 31.8339 23.1898 16.5724 26.9928 23.6331 43.6855 65.1701 98.1133 61.3793 82.5547 31.102 38.5895 40.8934 79.1629 51.9007 7.7299 74.2791 50.0735 82.152 87.3596 67.5182 11.9981 907.083 646.8601 646.8601 465.9816 35.3155 263.8762 133.5926 192.4324 275.9936 886.0095 104.5964 337.6389 233.999 0.0907 353.1441 155.352 248.7755 895.2388;
	3.7157 50.2077 89.3007 111.5858 14.185 31.5366 24.946 16.7293 27.2641 18.3635 33.9447 50.6388 76.2364 61.8068 124.0835 46.7477 58.0018 61.4646 80.6214 58.4334 8.3153 73.5854 46.4356 82.9801 95.9107 68.176 12.1059 954.001 677.0665 677.0665 592.1442 48.326 268.738 150.4078 193.7728 288.8817 914.6792 147.1782 278.0621 256.9038 0.0609 349.8461 164.7805 267.8388 924.2071;
	3.8259 51.6964 91.7541 118.5164 14.9819 32.9617 28.3574 18.1897 27.4257 16.8421 31.1324 46.4435 69.9204 61.9188 160.7512 60.5621 75.1418 79.6279 80.0684 67.6013 9.4525 76.9107 32.0633 84.0801 99.132 71.8306 12.7499 982.0733 702.955 702.955 601.9414 78.9707 266.8945 174.006 194.1238 299.9275 944.5352 187.6552 282.7135 265.5321 3.4336 365.6554 206.6877 281.6819 954.3741;
	3.6507 49.329 91.5164 114.2162 14.1122 32.5415 27.6081 18.0851 27.0951 18.3576 33.9338 50.6225 76.2119 60.3754 181.6052 68.4187 84.8899 89.9579 85.2929 69.5403 9.2027 75.9301 38.4304 82.4523 100.6825 71.5393 13.03 1031.9645 734.0107 734.0107 669.0929 95.4878 284.3097 178.997 189.285 313.1779 984.0485 220.7088 378.0482 269.6852 107.2019 360.9935 192.3339 264.552 994.299;
	3.5708 48.25 88.8786 114.8605 13.9722 32.7964 29.6685 12.8007 27.6578 20.83 38.504 57.4404 86.4762 58.9925 187.5715 70.6665 87.6788 92.9133 85.2445 67.8984 9.8895 76.5249 53.9073 82.9858 101.9139 63.3835 12.6655 1069.4102 721.8014 721.8014 604.7828 109.5876 284.1484 174.7706 184.9496 307.9686 987.0651 225.847 420.4875 272.9836 112.1346 363.821 196.5058 269.8821 997.347;
