function windprofile = ex_wind_profilesh1
%EX_WIND_PROFILE_D  Example wind_load_nyiso profile data for deterministic unit commitment.
% 2022.03.12
% Andres F. Ramirez


%% define constants
[GEN_BUS, PG, QG, QMAX, QMIN, VG, MBASE, GEN_STATUS, PMAX, PMIN, ...
    MU_PMAX, MU_PMIN, MU_QMAX, MU_QMIN, PC1, PC2, QC1MIN, QC1MAX, ...
    QC2MIN, QC2MAX, RAMP_AGC, RAMP_10, RAMP_30, RAMP_Q, APF] = idx_gen;
[CT_LABEL, CT_PROB, CT_TABLE, CT_TBUS, CT_TGEN, CT_TBRCH, CT_TAREABUS, ...
    CT_TAREAGEN, CT_TAREABRCH, CT_ROW, CT_COL, CT_CHGTYPE, CT_REP, ...
    CT_REL, CT_ADD, CT_NEWVAL, CT_TLOAD, CT_TAREALOAD, CT_LOAD_ALL_PQ, ...
    CT_LOAD_FIX_PQ, CT_LOAD_DIS_PQ, CT_LOAD_ALL_P, CT_LOAD_FIX_P, ...
    CT_LOAD_DIS_P, CT_TGENCOST, CT_TAREAGENCOST, CT_MODCOST_F, ...
    CT_MODCOST_X] = idx_ct;

windprofile = struct( ...
    'type', 'mpcData', ...
    'table', CT_TGEN, ...
    'rows', [1:45], ...
    'col', PMAX, ...
    'chgtype', 1, ...
    'values', [] );
windprofile.values(:,1,:) = [
	3.552 47.9956 91.0336 114.4995 14.7099 14.1954 14.7441 17.8024 27.5205 22.1384 40.9225 61.0483 91.9079 5.7023 19.4903 7.3429 9.1106 9.6545 12.6354 27.5157 4.9147 33.1225 55.9046 85.1022 99.2558 74.9927 7.864 658.0367 388.0756 388.0756 215.4142 40.7198 42.1181 70.8255 17.8774 165.5789 499.5014 55.3648 322.1953 265.8638 15.6751 157.474 118.7389 244.0399 504.7045;
	3.5611 48.1188 88.232 110.3026 14.5122 15.4946 13.9749 17.3337 26.9221 22.9873 42.4917 63.3893 95.4322 7.2702 11.5849 4.3646 5.4153 5.7386 9.8639 14.1894 4.6583 36.154 56.5858 82.3737 95.0495 73.3279 7.2081 668.2144 368.863 368.863 180.965 35.6529 32.8795 36.5237 22.7931 157.3815 492.6021 50.9027 312.4354 254.5968 13.8292 171.8866 114.5174 225.7299 497.7334;
	3.2577 44.0186 89.2224 111.4706 14.6484 12.909 12.4715 17.8466 27.2301 23.7257 43.8566 65.4254 98.4976 6.8588 14.8132 5.5808 6.9243 7.3377 16.97 22.7511 4.1572 30.121 65.6816 83.7117 96.6156 75.3101 8.0018 576.2443 329.2167 329.2167 143.6601 33.6985 56.5667 58.5613 21.5032 140.4658 389.5095 34.9098 227.0369 258.7918 6.9698 143.2038 89.1802 212.5526 393.5669;
	2.9457 39.8032 85.5323 105.6237 14.4999 10.3394 10.5405 16.3436 26.62 22.5203 41.6285 62.1015 93.4935 9.2284 5.2509 1.9782 2.4545 2.601 4.5112 22.1311 3.5135 24.1253 63.6085 81.4817 95.2536 73.7084 7.9887 498.8924 261.3804 261.3804 157.9786 28.6609 15.0372 56.9655 28.9322 111.5223 323.0713 30.2976 163.7468 255.1435 14.6259 114.6987 79.6171 203.0972 326.4366;
	2.3042 31.1344 85.903 109.721 14.0734 12.7806 9.7965 17.1469 17.4734 21.3823 39.5248 58.9632 88.7688 14.6549 10.2018 3.8435 4.7687 5.0534 16.7958 24.6576 3.2655 29.8213 53.1729 82.5684 97.5671 73.9472 8.276 391.5031 213.8438 213.8438 155.7396 26.6971 55.9862 63.4686 45.9452 91.24 206.5465 31.9973 172.7968 261.3404 12.1648 141.779 84.9289 207.7808 208.698;
	2.8425 38.4083 87.1659 111.6955 13.2565 18.0723 10.658 17.7135 9.5176 19.152 35.4021 52.813 79.5097 27.3805 11.6055 4.3723 5.4249 5.7488 29.8736 26.5704 3.5527 42.1687 52.2992 83.2191 98.8574 73.2098 7.5945 304.455 180.933 180.933 131.6432 22.9549 99.5786 68.3923 85.8414 77.1981 170.8443 29.9672 183.5882 264.7967 13.7801 200.4822 81.2369 208.13 172.6239;
	2.1722 29.3514 83.7569 107.2002 11.976 19.2837 10.0611 15.1347 11.1814 25.6095 47.3387 70.62 106.3181 36.3506 16.3315 6.1528 7.634 8.0898 35.9989 36.0553 3.3537 44.9953 64.5232 85.0751 97.4132 71.9532 8.6234 251.3765 203.5301 203.5301 100.6479 17.1006 119.9963 92.8064 113.9639 86.8395 187.58 21.5112 142.1304 260.9283 9.3304 213.9204 79.897 204.4602 189.534;
	1.6307 22.0342 61.7042 104.2322 10.6662 12.0043 9.065 15.6837 15.3876 26.0179 48.0937 71.7464 108.0138 34.3597 15.676 5.9059 7.3276 7.7651 48.4709 50.2294 3.0217 28.0101 68.8585 85.0873 97.3427 71.6628 10.8516 123.3534 164.2714 164.2714 87.3205 11.4747 161.5697 129.2906 107.7224 70.0891 118.8803 23.4337 147.4479 260.7395 8.8495 133.1679 75.1506 193.5417 120.1187;
	2.5019 33.8067 75.68 93.8064 12.2932 20.4072 9.2321 13.3744 18.6981 26.8941 49.7134 74.1626 111.6514 41.18 14.0364 5.2881 6.5612 6.9529 59.2122 51.7119 3.0774 47.6169 68.551 84.7902 96.2963 69.4703 8.8932 128.635 150.3703 150.3703 88.722 8.533 197.374 133.1066 129.1047 64.158 133.6155 23.0223 129.2885 257.9366 18.3668 226.3843 60.6155 218.5718 135.0073;
	1.7449 23.577 81.5298 103.0753 12.0757 13.2131 9.6608 16.4713 25.7963 28.9339 53.4838 79.7873 120.1193 41.6903 0.0 0.0 0.0 0.0 60.6417 41.664 3.2203 30.8306 68.7035 82.9614 99.3387 69.9648 10.0724 236.3094 233.0292 233.0292 97.3311 8.7113 202.1389 107.2433 130.7048 99.4258 229.0577 18.9584 102.5091 266.0857 0.0226 146.5776 66.1498 200.3478 231.4437;
	1.3713 18.5295 68.9156 85.3927 11.1974 24.3308 12.952 14.2912 26.2703 29.0499 53.6983 80.1072 120.601 47.5904 0.0683 0.0257 0.0319 0.0338 46.8595 33.2265 4.3173 56.7718 69.8413 76.7297 86.4688 69.4751 9.8317 369.1369 281.3037 281.3037 165.0929 13.0515 156.1982 85.5252 149.2022 120.0229 332.1363 29.3679 155.0116 231.6129 0.0 269.9096 82.5212 165.363 335.5961;
	1.5026 20.3039 74.9912 78.874 10.6003 29.1528 17.858 15.7783 25.9612 27.7095 51.2206 76.4111 115.0365 49.5601 0.031 0.0117 0.0145 0.0154 56.8648 42.9866 5.9527 68.0231 69.6193 76.0525 87.6549 69.618 10.0269 458.4154 342.2062 342.2062 262.6495 16.6303 189.5495 110.6476 155.3776 146.008 413.875 42.1921 166.3675 234.7898 0.0 323.4013 105.4057 164.4067 418.1862;
	2.9415 39.7459 87.9554 88.6564 14.1421 30.4863 19.5595 16.0778 26.1925 26.9367 49.7921 74.28 111.8281 52.0306 28.8045 10.8519 13.4644 14.2683 69.8457 54.9097 6.5198 71.1348 69.3054 81.7583 98.8451 70.9251 10.1477 664.2742 431.7104 431.7104 314.0378 24.0508 232.8189 141.3377 163.123 184.1964 609.5018 59.2962 194.6008 264.7637 0.0008 338.1951 134.351 210.6276 615.8508;
	3.5708 48.249 88.2479 101.4993 14.8886 31.6977 20.3533 17.3242 26.5073 28.7439 53.1326 79.2634 119.3306 51.1396 43.0918 16.2346 20.1429 21.3455 68.5316 46.5384 6.7844 73.9614 67.1783 82.8043 99.7643 73.0382 10.6711 784.8122 551.6092 551.6092 390.0407 23.9423 228.4387 119.7901 160.3295 235.3532 710.4387 75.8338 272.8014 267.2258 0.0062 351.6334 125.8821 253.896 717.8391;
	3.7374 50.5003 86.2845 102.5633 14.8048 32.6847 25.1882 16.6095 27.8973 24.8867 46.0027 68.627 103.3175 55.5439 74.9718 28.2452 35.045 37.1372 78.5086 49.499 8.3961 76.2644 47.282 82.2225 96.5302 68.409 10.3656 949.251 642.7449 642.7449 483.6071 32.6798 261.6953 127.4105 174.1378 274.2378 906.3607 108.9462 416.7645 258.5629 0.0301 362.5826 148.0116 245.165 915.802;
	3.6804 49.7302 87.0818 97.1542 14.6899 32.9027 27.6189 15.0371 27.4606 19.8495 36.6915 54.7366 82.4056 59.6163 123.5213 46.5359 57.739 61.1861 84.4478 65.5674 9.2063 76.773 42.577 81.8182 94.3854 61.9388 9.9918 1035.3308 705.6625 705.6625 652.7627 45.8813 281.4925 168.7706 186.9051 301.0827 992.6993 162.6458 388.3314 252.8181 0.0 365.0007 154.0009 255.2329 1003.0399;
	3.5781 48.3477 86.3098 103.5505 13.7005 32.2968 29.8199 14.655 27.4699 18.9726 35.0706 52.3185 78.7652 66.1251 161.8131 60.9622 75.6382 80.1539 87.8456 67.9378 9.94 75.3593 31.8834 76.3696 94.4086 67.3146 7.7203 1045.6903 750.9587 750.9587 719.3735 78.1689 292.8187 174.872 207.3111 320.409 1065.2174 209.2977 413.881 252.8802 0.0 358.2795 190.87 264.96 1076.3134;
	3.6188 48.8973 92.2803 111.2228 14.3222 32.7273 28.9625 17.8937 26.2776 17.5994 32.5322 48.5316 73.064 68.7214 178.3626 67.1971 83.3741 88.3517 88.4152 68.7665 9.6542 76.3638 35.3564 83.9563 99.6221 71.2614 12.7714 1207.364 810.2318 810.2318 768.8152 100.6571 294.7174 177.0052 215.4509 345.6989 1163.3642 249.3159 435.2477 266.845 82.8673 363.0552 188.0242 268.1079 1175.4826;
	3.5965 48.5972 87.0989 110.2979 14.2893 33.9209 31.7115 10.3663 27.8605 20.2328 37.4 55.7934 83.9967 67.2497 187.5785 70.6691 87.682 92.9168 88.5706 64.7262 10.5705 79.1488 47.7737 81.7372 95.4111 42.8371 10.7145 1267.8017 830.421 830.421 742.1803 108.0122 295.2354 166.6054 210.837 354.313 1194.8124 259.6595 457.9663 255.5655 109.7499 376.296 198.733 268.0552 1207.2583;
