function solarprofile = ex_solar_profilesh1
%EX_WIND_PROFILE_D  Example wind_load_nyiso profile data for deterministic unit commitment.
% 2022.03.12
% Andres F. Ramirez


%% define constants
[GEN_BUS, PG, QG, QMAX, QMIN, VG, MBASE, GEN_STATUS, PMAX, PMIN, ...
    MU_PMAX, MU_PMIN, MU_QMAX, MU_QMIN, PC1, PC2, QC1MIN, QC1MAX, ...
    QC2MIN, QC2MAX, RAMP_AGC, RAMP_10, RAMP_30, RAMP_Q, APF] = idx_gen;
[CT_LABEL, CT_PROB, CT_TABLE, CT_TBUS, CT_TGEN, CT_TBRCH, CT_TAREABUS, ...
    CT_TAREAGEN, CT_TAREABRCH, CT_ROW, CT_COL, CT_CHGTYPE, CT_REP, ...
    CT_REL, CT_ADD, CT_NEWVAL, CT_TLOAD, CT_TAREALOAD, CT_LOAD_ALL_PQ, ...
    CT_LOAD_FIX_PQ, CT_LOAD_DIS_PQ, CT_LOAD_ALL_P, CT_LOAD_FIX_P, ...
    CT_LOAD_DIS_P, CT_TGENCOST, CT_TAREAGENCOST, CT_MODCOST_F, ...
    CT_MODCOST_X] = idx_ct;

solarprofile = struct( ...
    'type', 'mpcData', ...
    'table', CT_TGEN, ...
    'rows', [1:12], ...
    'col', PMAX, ...
    'chgtype', 1, ...
    'values', [] );
solarprofile.values(:,1,:) = [
	0.0 0.0 0.0 0.0 0.0 0.0 0.0 0.0 0.0 0.0 0.0 0.0;
	0.0 0.0 0.0 0.0 0.0 0.0 0.0 0.0 0.0 0.0 0.0 0.0;
	0.0 0.0 0.0 0.0 0.0 0.0 0.0 0.0 0.0 0.0 0.0 0.0;
	0.0 0.0 0.0 0.0 0.0 0.0 0.0 0.0 0.0 0.0 0.0 0.0;
	0.0 0.0 0.0 0.0 0.0 0.0 0.0 0.0 0.0 0.0 0.0 0.0;
	0.0951 0.1075 0.1118 0.0 0.0 0.1251 0.0156 0.1784 0.0 0.0 0.0 0.0;
	3.4758 4.8972 3.2893 4.8387 7.224 138.0378 17.2547 21.9116 102.8821 135.294 28.4815 245.0183;
	7.88 6.5392 6.2848 10.3214 12.0042 115.6408 14.4551 9.1377 143.8248 193.1226 83.6212 349.7461;
	11.025 8.574 8.3803 11.0878 12.7093 103.7844 12.9731 5.9997 141.2494 268.1286 143.1407 485.5825;
	17.6131 14.6967 11.9018 11.0759 13.2818 372.8085 46.6011 44.2956 251.9755 342.604 176.7352 620.458;
	16.8696 15.488 12.5717 11.1561 12.6353 328.2837 41.0355 48.8095 232.9039 354.942 193.2297 642.8021;
	17.7934 15.5147 13.1291 11.2056 11.8286 259.6186 32.4523 35.651 227.49 346.357 188.0835 627.2547;
	23.8658 16.5824 13.7388 5.8266 5.6604 254.9516 31.8689 5.997 248.8536 322.9967 162.4903 584.9491;
	20.8742 15.5989 13.43 5.2766 4.9083 321.243 40.1554 6.6002 258.2592 282.7472 149.797 512.0568;
	15.0455 10.7415 9.5927 4.0288 4.3948 334.9856 41.8732 3.6049 250.6825 283.0092 154.1521 512.5313;
	4.2294 3.3319 2.4328 4.1572 3.2717 110.3231 13.7904 4.1296 68.6399 186.7309 64.1053 338.1707;
	0.9475 0.7641 0.5915 1.3582 1.3699 32.1117 4.014 6.2554 20.3932 16.1901 10.2937 29.3204;
	0.0 0.0 0.0 0.0 0.0 0.0 0.0 0.0 0.0 0.0 0.0 0.0;
	0.0 0.0 0.0 0.0 0.0 0.0 0.0 0.0 0.0 0.0 0.0 0.0;
	0.0 0.0 0.0 0.0 0.0 0.0 0.0 0.0 0.0 0.0 0.0 0.0;
	0.0 0.0 0.0 0.0 0.0 0.0 0.0 0.0 0.0 0.0 0.0 0.0;
	0.0 0.0 0.0 0.0 0.0 0.0 0.0 0.0 0.0 0.0 0.0 0.0;
	0.0 0.0 0.0 0.0 0.0 0.0 0.0 0.0 0.0 0.0 0.0 0.0;
	0.0 0.0 0.0 0.0 0.0 0.0 0.0 0.0 0.0 0.0 0.0 0.0;
];
