function solarprofile = ex_solar_profilesh1
%EX_WIND_PROFILE_D  Example wind_load_nyiso profile data for deterministic unit commitment.
% 2022.03.12
% Andres F. Ramirez


%% define constants
[GEN_BUS, PG, QG, QMAX, QMIN, VG, MBASE, GEN_STATUS, PMAX, PMIN, ...
    MU_PMAX, MU_PMIN, MU_QMAX, MU_QMIN, PC1, PC2, QC1MIN, QC1MAX, ...
    QC2MIN, QC2MAX, RAMP_AGC, RAMP_10, RAMP_30, RAMP_Q, APF] = idx_gen;
[CT_LABEL, CT_PROB, CT_TABLE, CT_TBUS, CT_TGEN, CT_TBRCH, CT_TAREABUS, ...
    CT_TAREAGEN, CT_TAREABRCH, CT_ROW, CT_COL, CT_CHGTYPE, CT_REP, ...
    CT_REL, CT_ADD, CT_NEWVAL, CT_TLOAD, CT_TAREALOAD, CT_LOAD_ALL_PQ, ...
    CT_LOAD_FIX_PQ, CT_LOAD_DIS_PQ, CT_LOAD_ALL_P, CT_LOAD_FIX_P, ...
    CT_LOAD_DIS_P, CT_TGENCOST, CT_TAREAGENCOST, CT_MODCOST_F, ...
    CT_MODCOST_X] = idx_ct;

solarprofile = struct( ...
    'type', 'mpcData', ...
    'table', CT_TGEN, ...
    'rows', [1:12], ...
    'col', PMAX, ...
    'chgtype', 1, ...
    'values', [] );
solarprofile.values(:,1,:) = [
	0.0 0.0 0.0 0.0 0.0 0.0 0.0 0.0 0.0 0.0 0.0 0.0;
	0.0 0.0 0.0 0.0 0.0 0.0 0.0 0.0 0.0 0.0 0.0 0.0;
	0.0 0.0 0.0 0.0 0.0 0.0 0.0 0.0 0.0 0.0 0.0 0.0;
	0.0 0.0 0.0 0.0 0.0 0.0 0.0 0.0 0.0 0.0 0.0 0.0;
	0.0 0.0 0.0 0.0 0.0 0.0 0.0 0.0 0.0 0.0 0.0 0.0;
	0.0951 0.0972 0.1051 0.0 0.0 1.6026 0.2003 0.6156 0.6023 0.0 0.0 0.0;
	2.0782 2.691 0.9466 1.6464 5.948 106.0573 13.2572 27.8725 28.8385 248.495 151.925 450.026;
	5.9313 4.35 3.7702 6.7165 12.0268 74.7742 9.3468 29.2486 25.6656 200.7888 178.4516 363.6297;
	11.6985 7.5595 7.3939 9.6853 12.6655 90.9878 11.3735 30.1814 39.3013 241.1579 164.3926 436.7384;
	23.4422 16.15 13.6307 10.4311 12.2578 392.8389 49.1049 54.8732 229.682 265.0749 151.3285 480.0523;
	23.5937 16.0537 13.2545 10.6852 12.2589 378.955 47.3694 46.191 195.2903 292.3177 168.9091 529.3891;
	21.319 15.3105 12.6951 11.0737 12.9052 359.2179 44.9022 39.7277 147.5318 302.1838 173.9727 547.2566;
	16.1099 12.4099 8.6434 10.2689 10.2395 341.3993 42.6749 31.5704 174.2692 328.0475 156.522 594.0959;
	13.5645 10.7624 6.4509 10.209 10.0106 356.8542 44.6068 42.1685 213.9235 304.3055 126.8743 551.0991;
	9.7509 9.7628 5.9831 8.346 9.3727 350.1066 43.7633 44.0689 228.4313 253.9641 92.1724 459.9306;
	4.5018 6.1277 3.9021 2.5316 8.6434 160.9716 20.1215 22.3398 161.4717 44.6498 14.7408 80.8611;
	0.8987 0.74 0.5614 0.9496 2.628 41.5684 5.196 10.7205 33.3735 11.6894 7.8787 21.1696;
	0.0 0.0 0.0 0.0 0.0 0.0 0.0 0.0 0.0 0.0 0.0 0.0;
	0.0 0.0 0.0 0.0 0.0 0.0 0.0 0.0 0.0 0.0 0.0 0.0;
	0.0 0.0 0.0 0.0 0.0 0.0 0.0 0.0 0.0 0.0 0.0 0.0;
	0.0 0.0 0.0 0.0 0.0 0.0 0.0 0.0 0.0 0.0 0.0 0.0;
	0.0 0.0 0.0 0.0 0.0 0.0 0.0 0.0 0.0 0.0 0.0 0.0;
	0.0 0.0 0.0 0.0 0.0 0.0 0.0 0.0 0.0 0.0 0.0 0.0;
	0.0 0.0 0.0 0.0 0.0 0.0 0.0 0.0 0.0 0.0 0.0 0.0;
];
