function windprofile = ex_wind_profilesh1
%EX_WIND_PROFILE_D  Example wind_load_nyiso profile data for deterministic unit commitment.
% 2022.03.12
% Andres F. Ramirez


%% define constants
[GEN_BUS, PG, QG, QMAX, QMIN, VG, MBASE, GEN_STATUS, PMAX, PMIN, ...
    MU_PMAX, MU_PMIN, MU_QMAX, MU_QMIN, PC1, PC2, QC1MIN, QC1MAX, ...
    QC2MIN, QC2MAX, RAMP_AGC, RAMP_10, RAMP_30, RAMP_Q, APF] = idx_gen;
[CT_LABEL, CT_PROB, CT_TABLE, CT_TBUS, CT_TGEN, CT_TBRCH, CT_TAREABUS, ...
    CT_TAREAGEN, CT_TAREABRCH, CT_ROW, CT_COL, CT_CHGTYPE, CT_REP, ...
    CT_REL, CT_ADD, CT_NEWVAL, CT_TLOAD, CT_TAREALOAD, CT_LOAD_ALL_PQ, ...
    CT_LOAD_FIX_PQ, CT_LOAD_DIS_PQ, CT_LOAD_ALL_P, CT_LOAD_FIX_P, ...
    CT_LOAD_DIS_P, CT_TGENCOST, CT_TAREAGENCOST, CT_MODCOST_F, ...
    CT_MODCOST_X] = idx_ct;

windprofile = struct( ...
    'type', 'mpcData', ...
    'table', CT_TGEN, ...
    'rows', [1:45], ...
    'col', PMAX, ...
    'chgtype', 1, ...
    'values', [] );
windprofile.values(:,1,:) = [
	3.4789 47.0077 84.7714 110.2532 14.4001 11.3882 10.7392 15.0149 26.0749 19.5518 36.1412 53.9156 81.1696 3.7571 20.8329 7.8487 9.7382 10.3195 14.2767 27.1016 3.5797 26.5724 43.2043 80.7115 91.8918 63.4426 6.3066 667.3825 385.2138 385.2138 174.998 26.3983 47.589 69.7597 11.7789 164.3579 435.878 41.7534 271.7425 246.1386 7.2726 126.333 98.1686 207.3476 440.4184;
	3.5549 48.034 86.6091 111.5421 14.7553 14.9197 13.2892 15.7415 26.9558 21.0117 38.8399 57.9414 87.2305 6.3358 14.8983 5.6128 6.9641 7.3798 11.9494 15.8005 4.4297 34.8125 50.9674 81.4518 93.3537 69.2434 6.6108 693.598 383.609 383.609 153.6999 32.7964 39.8312 40.6706 19.8636 163.6732 456.0436 45.6532 309.1589 250.0546 8.9483 165.5087 107.3461 207.858 460.7941;
	3.0639 41.3994 86.978 110.5889 14.5984 10.9719 12.4048 17.5224 27.4245 23.0949 42.6906 63.686 95.8788 7.0448 13.9829 5.268 6.5362 6.9264 18.6501 22.2584 4.1349 25.6011 63.5862 82.8206 95.8207 70.3961 8.2298 570.458 354.6198 354.6198 125.7587 31.1937 62.1671 57.2932 22.0863 151.3045 335.5976 22.9143 239.7149 256.6625 4.5333 121.7148 80.8928 206.5828 339.0934;
	2.7202 36.7563 87.3434 106.7555 14.1529 7.0675 11.9234 17.5048 27.2789 23.8041 44.0015 65.6417 98.8231 8.752 10.3655 3.9051 4.8453 5.1345 10.0683 24.2056 3.9745 16.4908 67.4993 84.727 97.6149 72.7146 9.4941 478.6216 271.8832 271.8832 147.1022 24.852 33.5611 62.3052 27.4388 116.0035 275.4501 23.6376 194.6424 261.4686 0.2375 78.4021 66.2423 208.4852 278.3194;
	2.2559 30.4826 88.2111 110.319 14.487 10.8626 10.0114 17.297 17.7352 21.7397 40.1854 59.9487 90.2525 10.7924 18.4936 6.9674 8.6447 9.1608 20.7306 27.8201 3.3371 25.346 59.3136 84.1053 98.2088 72.057 9.4976 384.3681 200.0303 200.0303 142.0457 27.6782 69.102 71.6091 33.8356 85.3463 173.9366 28.1843 172.7538 263.0594 6.275 120.5021 79.4572 214.6733 175.7485;
	2.9962 40.4852 88.0773 113.31 14.442 20.7498 12.1276 16.9886 10.4415 19.6028 36.2354 54.0561 81.3812 27.0714 21.4735 8.09 10.0376 10.6369 34.8188 29.4291 4.0425 48.4161 60.5414 85.5774 99.8885 70.5721 7.5655 338.611 202.4628 202.4628 130.5257 23.6569 116.0626 75.7507 84.8725 86.3841 163.838 28.0588 198.998 267.5586 8.4015 230.184 90.7994 216.1837 165.5446;
	2.5725 34.7598 92.3668 117.5199 14.5097 21.8139 13.5902 17.5029 13.5273 26.7803 49.503 73.8487 111.1788 43.5775 27.7279 10.4463 12.9612 13.735 38.8684 40.3315 4.5301 50.8991 68.8653 88.7694 104.5535 73.6322 11.3514 312.079 236.4859 236.4859 116.2689 17.689 129.5615 103.8135 136.6213 100.9007 210.5788 24.9969 174.9575 280.0539 10.2802 241.9891 93.8396 236.4867 212.7723;
	1.7209 23.2534 71.9033 117.3747 14.8067 18.2771 12.9781 17.4158 19.6278 26.5974 49.1649 73.3444 110.4195 41.0692 28.4473 10.7174 13.2975 14.0913 51.6256 54.0054 4.326 42.6466 70.2108 88.9968 102.1666 71.9309 11.9551 168.055 175.1825 175.1825 89.6097 7.7338 172.0852 139.01 128.7574 74.7445 131.1115 19.8094 173.8714 273.6604 6.7402 202.7542 90.3353 206.3749 132.4772;
	2.7498 37.1563 85.8871 110.2217 15.1676 23.3675 11.3421 18.8942 22.0729 27.0783 50.0538 74.6704 112.4159 44.1936 23.7392 8.9436 11.0967 11.7592 60.3578 52.0211 3.7807 54.5241 69.418 89.5781 101.9249 74.9795 12.8885 171.0383 139.916 139.916 90.8689 5.7984 201.1926 133.9023 138.5529 59.6975 139.7098 24.8801 130.8401 273.0132 18.8641 259.2232 77.4934 243.6104 141.1651;
	1.9817 26.7776 87.8764 114.3387 13.9152 13.5116 10.22 18.7417 27.2734 29.037 53.6745 80.0718 120.5476 46.5531 138.6431 52.233 64.8076 68.6767 71.4425 49.823 3.4067 31.527 70.6689 89.5397 103.304 74.339 13.2636 262.8108 224.3455 224.3455 105.3129 9.8859 238.1417 128.2446 145.9504 95.7207 241.5215 24.406 6.7648 276.7071 5.9493 149.8885 76.1132 225.4397 244.0373;
	1.655 22.3628 84.911 111.465 13.4705 24.643 14.4951 17.8541 27.4542 28.4342 52.5602 78.4094 118.045 52.8654 101.376 38.1928 47.3874 50.2165 66.467 38.7619 4.8317 57.5003 70.1826 88.6495 95.6212 73.3431 11.7512 339.0854 298.7328 298.7328 178.3341 14.6279 221.5568 99.7733 165.7402 127.4593 326.7162 33.0803 168.707 256.1281 3.3482 273.3728 89.8224 194.8298 330.1195;
	1.5246 20.6013 83.8693 87.3501 12.6545 26.5255 19.5533 17.0915 27.1959 27.9455 51.6569 77.0619 116.0162 51.3092 23.9428 9.0203 11.1919 11.8601 77.4152 48.7153 6.5178 61.8928 67.6897 83.1418 81.3763 70.0175 11.6725 422.6314 347.5733 347.5733 285.0004 16.6095 258.0505 125.3932 160.8612 148.298 410.6998 45.2314 186.6003 217.9722 0.0 294.256 99.0174 185.1605 414.9779;
	2.7894 37.6907 84.2191 88.6236 14.6548 29.0683 19.8353 15.5904 27.4139 29.2984 54.1576 80.7925 121.6326 58.9816 47.0702 17.7334 22.0026 23.3162 78.722 61.9454 6.6118 67.826 70.2244 82.9725 87.0049 69.3567 10.6609 615.5797 445.9361 445.9361 316.9724 23.3948 262.4067 159.4476 184.9152 190.266 581.048 61.0237 200.1844 233.0488 0.4056 322.4639 134.4728 208.788 587.1005;
	3.5535 48.0161 87.1332 108.972 15.1947 29.1432 21.9676 16.5759 27.7998 30.2738 55.9607 83.4824 125.6823 60.7554 67.6507 25.487 31.6227 33.5107 83.0695 62.7799 7.3225 68.0009 68.5467 86.639 91.7272 72.315 11.0372 783.8204 602.6375 602.6375 418.4033 29.4207 276.8984 161.5955 190.4764 257.1253 734.8619 86.8629 285.9237 245.6978 0.4176 323.2958 136.3557 253.5996 742.5167;
	3.8097 51.4779 87.7549 109.6647 15.2442 33.2339 25.7558 17.7596 28.2744 26.7009 49.3561 73.6296 110.849 68.394 92.8283 34.9725 43.3918 45.9824 83.7525 59.8076 8.5853 77.5458 43.1192 86.136 95.8341 72.6858 12.5532 985.1936 687.8785 687.8785 517.1016 35.0488 279.175 153.945 214.4246 293.4948 928.5069 117.6361 442.4967 256.6985 1.7779 368.6749 152.7261 254.4708 938.1788;
	3.7958 51.2891 90.4749 114.4029 15.3029 33.1052 27.8529 17.4941 28.3704 21.4025 39.5622 59.019 88.8527 68.2636 130.417 49.1338 60.9624 64.6019 88.9492 68.0886 9.2843 77.2454 43.0922 85.8668 97.6282 68.8402 12.524 1086.8567 730.4634 730.4634 683.7255 45.4265 296.4974 175.2602 214.0155 311.6644 978.4411 157.4424 415.0636 261.5042 0.0166 367.2465 169.2488 266.5697 988.6332;
	3.8806 52.4357 92.5061 117.7464 15.3344 34.3988 29.7455 18.1945 28.4265 20.9015 38.6361 57.6374 86.7728 67.802 167.8578 63.2395 78.4638 83.1482 89.9425 72.9781 9.9152 80.2639 31.4903 87.6241 99.0002 74.338 12.8222 1091.558 766.5904 766.5904 734.7912 76.8295 299.8082 187.8459 212.5683 327.0786 1020.8299 208.0398 438.5693 265.1792 0.0 381.5974 207.6635 275.3415 1031.4636;
	3.7053 50.067 94.8366 120.096 15.1971 33.9863 29.1008 19.0333 28.023 18.8202 34.7889 51.8982 78.1324 68.2983 179.078 67.4666 83.7086 88.7061 90.8827 72.5754 9.7003 79.3015 37.33 88.8952 104.3017 76.3326 13.803 1063.6049 752.6683 752.6683 735.8873 97.9066 302.9422 186.8093 214.1243 321.1385 1002.3894 239.6816 452.9574 279.3795 103.8319 377.0219 193.707 279.7302 1012.831;
	3.5838 48.425 91.0355 119.527 15.1747 33.6717 30.3116 14.9016 26.7745 18.119 33.4927 49.9645 75.2213 67.3989 178.7411 67.3397 83.551 88.5392 85.5138 67.496 10.1039 78.5672 49.3334 85.8314 103.5867 71.0411 13.6332 1132.2595 780.3375 780.3375 684.4831 113.1793 285.0459 173.735 211.3046 332.944 1067.5706 249.062 449.7502 277.4644 113.2996 373.531 198.9874 279.7633 1078.6912;
