function loadprofile = ex_load_profilesh1
%EX_LOAD_PROFILE  Example load profile data file for stochastic unit commitment.
% 2022.03.12
% Andres F. Ramirez

%% define constants
[CT_LABEL, CT_PROB, CT_TABLE, CT_TBUS, CT_TGEN, CT_TBRCH, CT_TAREABUS, ...
    CT_TAREAGEN, CT_TAREABRCH, CT_ROW, CT_COL, CT_CHGTYPE, CT_REP, ...
    CT_REL, CT_ADD, CT_NEWVAL, CT_TLOAD, CT_TAREALOAD, CT_LOAD_ALL_PQ, ...
    CT_LOAD_FIX_PQ, CT_LOAD_DIS_PQ, CT_LOAD_ALL_P, CT_LOAD_FIX_P, ...
    CT_LOAD_DIS_P, CT_TGENCOST, CT_TAREAGENCOST, CT_MODCOST_F, ...
    CT_MODCOST_X] = idx_ct;

loadprofile = struct( ...
    'type', 'mpcData', ...
    'table', CT_TAREALOAD, ...
    'rows', [1:11], ...
    'col', CT_LOAD_ALL_P, ...
    'chgtype', 1, ...
    'values', [] );
loadprofile.values(:,1,:) = [
	1492.2297 922.3 1527.11 570.2337 764.9523 1065.3752 838.0364 240.0615 497.7588 4446.2168 1756.5252;
	1461.6421 916.1026 1528.2249 567.8932 778.3438 1097.7915 842.6675 250.669 484.4698 4431.2512 1722.9317;
	1500.8 941.0111 1565.0 581.8 780.9085 1088.4966 845.6 240.7 497.5647 4416.3818 1745.8298;
	1591.659 1015.6 1686.2 588.4 851.1793 1183.3956 912.3163 276.6 529.1783 4652.1209 1857.4322;
	1706.4235 1135.801 1819.5897 601.6 942.4268 1347.8018 1027.4786 295.986 591.6938 5138.1372 2071.9;
	1822.8 1221.254 1929.0151 611.0071 999.5525 1419.6033 1099.1913 311.9452 667.3749 5590.1438 2220.4159;
	1827.2814 1207.1071 1942.1 604.9 993.1 1408.7066 1147.2309 339.0391 691.7958 5953.2552 2260.8206;
	1825.2 1190.2448 1906.2492 596.6 944.9497 1392.1 1155.1761 333.6829 696.8593 6156.4528 2304.1;
	1842.3227 1183.3341 1903.3515 592.3 957.7201 1385.571 1175.2064 329.1085 728.1897 6309.8 2352.2537;
	1853.0425 1181.3545 1861.864 585.7 948.4276 1303.4049 1136.8894 294.9013 714.295 6203.3272 2307.8153;
	1822.6955 1150.8759 1828.2307 576.6805 911.5437 1315.4875 1132.7563 281.3549 678.355 6092.4714 2299.0429;
	1831.7117 1137.7432 1791.6472 582.4466 893.9434 1310.7725 1094.2 270.3355 657.9979 6024.8095 2217.3643;
	1822.5207 1165.6183 1795.1645 575.9068 898.3932 1302.1713 1106.0907 286.1 680.3745 6031.6 2203.1886;
	1728.86 1126.6228 1783.1955 583.6208 882.9151 1320.5356 1086.7032 294.6778 671.7825 5886.0207 2200.0913;
	1764.2098 1159.4216 1815.4953 569.5 894.4948 1337.5843 1089.3 315.5702 662.1182 6036.0695 2165.7773;
	1792.8909 1155.8 1793.5105 559.7219 908.0 1343.015 1086.0569 312.075 662.9058 6040.1679 2216.6936;
	1763.4898 1163.7644 1877.0149 568.6672 907.1224 1370.72 1116.2437 328.9739 658.1968 5821.181 2278.5195;
	1760.8858 1197.2 1931.3 578.4585 958.917 1429.0055 1133.3913 323.6663 689.9873 5731.8834 2388.9842;
	1829.3727 1254.7972 1950.5785 583.2028 947.2 1450.9199 1161.9109 347.5807 688.1085 5867.9713 2415.8715;
	1759.3794 1165.7745 1842.593 570.2809 895.4386 1347.4227 1105.215 327.4517 649.8 5620.1869 2268.1799;
	1675.8654 1097.0503 1741.0399 557.4408 847.3335 1258.6925 1046.5958 306.3482 599.2609 5352.405 2114.1309;
	1576.1 1011.0862 1587.9391 542.3452 766.321 1152.3851 929.4463 277.8641 530.7706 4960.8918 1943.688;
	1555.7911 904.5312 1496.6686 536.3 711.4378 1082.3728 845.5 242.4848 468.3131 4438.3946 1803.5197;
	1562.1341 888.3 1531.0589 549.0568 750.4 1096.4 830.3337 252.3 445.8348 4426.8198 1756.0959;
];
