function loadprofile = ex_load_profilesh1
%EX_LOAD_PROFILE  Example load profile data file for stochastic unit commitment.
% 2022.03.12
% Andres F. Ramirez

%% define constants
[CT_LABEL, CT_PROB, CT_TABLE, CT_TBUS, CT_TGEN, CT_TBRCH, CT_TAREABUS, ...
    CT_TAREAGEN, CT_TAREABRCH, CT_ROW, CT_COL, CT_CHGTYPE, CT_REP, ...
    CT_REL, CT_ADD, CT_NEWVAL, CT_TLOAD, CT_TAREALOAD, CT_LOAD_ALL_PQ, ...
    CT_LOAD_FIX_PQ, CT_LOAD_DIS_PQ, CT_LOAD_ALL_P, CT_LOAD_FIX_P, ...
    CT_LOAD_DIS_P, CT_TGENCOST, CT_TAREAGENCOST, CT_MODCOST_F, ...
    CT_MODCOST_X] = idx_ct;

loadprofile = struct( ...
    'type', 'mpcData', ...
    'table', CT_TAREALOAD, ...
    'rows', [1:11], ...
    'col', CT_LOAD_ALL_P, ...
    'chgtype', 1, ...
    'values', [] );
loadprofile.values(:,1,:) = [
	1507.6902 927.4976 1557.5502 582.8204 796.0 1095.0536 823.4915 233.8 495.1274 4549.4442 1674.6542;
	1511.8831 920.0 1554.8 587.4251 790.5 1101.0974 819.2858 237.4469 491.7 4501.5801 1652.6579;
	1563.6982 954.6 1606.492 578.6185 795.609 1122.2 851.878 248.8778 487.74 4534.9716 1698.5444;
	1647.0488 1028.6464 1729.2496 590.9021 863.4 1209.8968 910.1 260.1268 537.91 4744.0709 1809.0;
	1805.2241 1149.3692 1906.3186 607.6363 986.3487 1350.7742 1014.8 306.7233 620.7987 5295.9832 2057.1614;
	1866.854 1225.1052 2000.8399 624.3189 1032.3057 1447.386 1087.4 322.6937 691.454 5857.3963 2231.8867;
	1837.1973 1231.4 2021.7079 646.9419 1030.0693 1456.1132 1093.6021 339.5953 713.6649 6089.6803 2233.5558;
	1841.0 1236.9895 2023.7882 667.1821 998.9372 1447.6524 1100.8154 335.2855 703.1154 6226.019 2222.8535;
	1850.3176 1247.6043 2026.0363 601.1 1015.6524 1456.2454 1112.5534 336.0326 701.5105 6339.2197 2243.5648;
	1843.6868 1250.1153 1989.3119 594.4318 987.7 1385.9675 1089.7933 328.8428 686.9273 6365.0704 2232.2252;
	1832.2639 1241.3755 1954.3571 570.5 993.7554 1387.1418 1082.8524 321.0628 674.2 6307.7589 2166.4;
	1820.0734 1249.5528 1915.0857 569.5 949.0768 1371.5 1048.163 311.2 681.2456 6301.4504 2199.4395;
	1793.0676 1217.6155 1941.8872 568.2 942.7871 1319.1552 1039.1953 306.1 684.3835 6228.3788 2225.4014;
	1753.6162 1207.4 1861.7174 561.5553 901.637 1301.7587 1038.3451 270.6733 672.9516 6192.102 2183.9587;
	1747.0318 1175.1629 1889.2428 558.7 911.0 1355.8344 1030.0622 266.3 666.8 6192.1104 2276.939;
	1728.4036 1184.4588 1918.2386 561.0288 946.1992 1370.0 1035.5715 272.7132 660.933 6167.9298 2288.615;
	1708.1126 1146.1072 1897.4967 563.4 945.6922 1373.1864 1043.4663 299.8703 667.4362 6043.7634 2304.7;
	1806.3253 1204.2 1957.567 571.7227 976.9491 1439.3 1095.667 342.5 696.9783 6023.7036 2396.446;
	1933.6973 1224.4917 1987.1159 578.4845 1005.0267 1430.7492 1139.4 358.4645 718.0403 6058.4 2435.5978;
	1865.606 1140.4229 1875.9021 561.1162 945.5046 1340.7993 1100.8 333.7363 690.6598 5860.0 2354.577;
	1755.2038 1063.2798 1762.0862 550.2 859.1011 1240.6535 1023.5 304.3 654.309 5559.9531 2167.296;
	1659.7598 985.2144 1652.6 543.7 820.8025 1153.2928 933.0 276.0842 576.6316 5196.0379 1961.4;
	1651.5334 933.3199 1660.3503 522.4765 777.0 1146.1 892.7619 239.9063 537.7 4835.247 1802.1798;
	1610.8408 918.4122 1640.8947 512.7093 791.2993 1151.8594 836.4448 224.4905 497.3747 4596.4832 1698.0059;
];
