function windprofile = ex_wind_profilesh1
%EX_WIND_PROFILE_D  Example wind_load_nyiso profile data for deterministic unit commitment.
% 2022.03.12
% Andres F. Ramirez


%% define constants
[GEN_BUS, PG, QG, QMAX, QMIN, VG, MBASE, GEN_STATUS, PMAX, PMIN, ...
    MU_PMAX, MU_PMIN, MU_QMAX, MU_QMIN, PC1, PC2, QC1MIN, QC1MAX, ...
    QC2MIN, QC2MAX, RAMP_AGC, RAMP_10, RAMP_30, RAMP_Q, APF] = idx_gen;
[CT_LABEL, CT_PROB, CT_TABLE, CT_TBUS, CT_TGEN, CT_TBRCH, CT_TAREABUS, ...
    CT_TAREAGEN, CT_TAREABRCH, CT_ROW, CT_COL, CT_CHGTYPE, CT_REP, ...
    CT_REL, CT_ADD, CT_NEWVAL, CT_TLOAD, CT_TAREALOAD, CT_LOAD_ALL_PQ, ...
    CT_LOAD_FIX_PQ, CT_LOAD_DIS_PQ, CT_LOAD_ALL_P, CT_LOAD_FIX_P, ...
    CT_LOAD_DIS_P, CT_TGENCOST, CT_TAREAGENCOST, CT_MODCOST_F, ...
    CT_MODCOST_X] = idx_ct;

windprofile = struct( ...
    'type', 'mpcData', ...
    'table', CT_TGEN, ...
    'rows', [1:45], ...
    'col', PMAX, ...
    'chgtype', 1, ...
    'values', [] );
windprofile.values(:,1,:) = [
	3.5885 48.4887 87.0304 112.8466 15.0994 13.6486 14.1266 17.4997 25.8905 25.4583 47.0592 70.2031 105.6904 5.4987 23.2363 8.7541 10.8616 11.5101 15.0149 32.0185 4.7089 31.8467 60.9626 84.8748 96.4688 69.382 8.0413 631.5617 357.7067 357.7067 204.8333 35.5046 50.0497 82.4158 17.2391 152.6215 427.7591 50.9342 268.8999 258.3985 14.6985 151.4083 114.7825 216.7539 432.2149;
	3.6154 48.8515 88.088 113.057 14.8479 15.8075 13.1834 16.6348 25.595 26.0544 48.1611 71.8469 108.1651 6.2508 16.8226 6.3378 7.8636 8.333 12.3344 18.1121 4.3945 36.8841 66.1523 84.2239 93.2817 69.2388 7.4116 651.6005 342.6382 342.6382 169.4217 30.1744 41.1147 46.6206 19.5973 146.1923 410.8941 48.5327 280.8332 249.8617 12.1584 175.3574 113.4601 191.2032 415.1742;
	3.4594 46.7447 90.6586 115.3205 14.8006 13.5681 11.5838 18.2206 25.8698 26.281 48.5801 72.472 109.1061 8.381 12.8539 4.8426 6.0085 6.3672 20.476 25.8288 3.8613 31.6589 69.0039 84.5327 97.5773 70.8553 8.9472 634.4611 333.1716 333.1716 146.436 29.1109 68.2534 66.4835 26.2756 142.1532 379.4717 35.0183 231.8327 261.3679 6.2353 150.5154 97.1805 174.8842 383.4245;
	3.3374 45.0954 91.303 113.1838 15.055 12.9984 10.9598 18.5648 25.8231 26.4246 48.8454 72.8677 109.7019 10.1016 11.0533 4.1643 5.1668 5.4752 14.085 27.944 3.6533 30.3296 72.7245 85.0269 100.734 73.7986 10.5379 511.2212 264.7234 264.7234 155.5201 28.4928 46.9499 71.9279 31.6699 112.9486 297.8125 34.0011 179.0386 269.8233 2.3748 144.1957 90.3978 188.3391 300.9147;
	2.6269 35.4959 85.5423 109.153 14.6695 13.8823 8.8536 17.7339 10.914 22.2461 41.1216 61.3453 92.3551 13.7949 9.314 3.509 4.3537 4.6137 20.1736 28.2465 2.9512 32.392 56.9982 82.1404 96.5511 72.4179 9.8473 398.563 195.0458 195.0458 115.5455 26.9868 67.2453 72.7067 43.249 83.2195 169.9321 29.2895 149.7095 258.619 12.3455 154.0008 96.3853 190.9571 171.7022;
	3.252 43.9415 86.1927 109.7428 14.2681 21.916 10.2859 18.1824 7.8082 20.0633 37.0868 55.3261 83.2932 25.9769 10.3491 3.899 4.8376 5.1264 30.2599 29.8514 3.4286 51.1372 57.2619 83.2154 97.938 71.0832 8.365 310.4875 181.7293 181.7293 102.2594 25.9526 100.8665 76.8375 81.441 77.5378 153.2772 28.9948 181.5024 262.334 11.8366 243.121 98.2293 183.7274 154.8738;
	2.6419 35.6972 84.0057 110.3033 13.3121 21.8092 11.8673 17.3604 12.0401 25.8201 47.7281 71.2009 107.1926 40.2681 13.0615 4.9208 6.1055 6.47 35.0121 35.8795 3.9558 50.8881 68.933 82.677 98.3137 69.5357 11.105 251.2362 217.5125 217.5125 96.7063 17.2607 116.7072 92.3539 126.2459 92.8053 172.1714 22.9214 155.366 263.3403 10.8283 241.9367 101.5349 209.9364 173.9648;
	2.3734 32.0701 70.0911 115.3115 14.4985 21.0548 12.7625 18.4127 18.1767 28.6868 53.0272 79.1061 119.0938 44.7843 12.6947 4.7827 5.934 6.2883 47.3975 54.4657 4.2542 49.1279 72.5323 86.7101 102.3866 71.0286 13.2643 149.1758 175.7829 175.7829 96.4695 9.8195 157.9917 140.1948 140.4049 75.0007 120.3935 24.2804 187.2343 274.2498 9.7724 233.5683 106.497 197.3277 121.6476;
	2.9182 39.4319 80.7473 99.2335 14.0947 24.9321 10.6024 18.2199 19.8122 28.0457 51.8421 77.3382 116.4322 48.7035 0.2472 0.0931 0.1155 0.1224 51.5108 52.9618 3.5341 58.175 71.3663 87.5948 98.9597 70.391 12.1901 116.5176 133.6884 133.6884 81.7752 6.219 171.7028 136.3238 152.6921 57.0404 107.1087 19.3193 139.121 265.0707 15.91 276.5805 85.0295 227.129 108.2244;
	2.0139 27.2126 81.2793 101.4764 12.0294 13.8583 9.5829 18.0897 25.235 28.5619 52.7963 78.7617 118.5753 43.7491 0.0624 0.0235 0.0292 0.0309 63.3355 50.1942 3.1943 32.336 71.3315 87.592 100.1942 69.8773 12.1502 217.4811 210.8474 210.8474 90.7654 5.9971 211.1185 129.2 137.1593 89.9616 200.4928 19.8434 27.3509 268.3774 0.2956 153.7348 75.2818 192.6538 202.5813;
	1.6655 22.5041 75.6352 99.3992 11.9657 25.6072 11.4059 17.6929 25.6911 28.615 52.8944 78.908 118.7956 49.6933 0.0 0.0 0.0 0.0 61.9952 39.8403 3.802 59.7502 74.1585 89.2876 96.7553 72.6678 12.1482 341.8643 262.862 262.862 137.5871 8.5651 206.6507 102.549 155.7951 112.1544 295.6624 23.9745 137.7739 259.1659 0.0031 284.0697 88.0907 174.1642 298.7422;
	1.862 25.1592 86.8929 93.3133 12.2918 30.7671 18.2206 18.4986 26.1887 29.1981 53.9723 80.516 121.2164 53.7586 1.0122 0.3813 0.4731 0.5014 81.5731 55.7733 6.0735 71.7898 75.4116 89.3356 100.6781 73.2695 12.8472 466.5159 358.5294 358.5294 266.2659 15.6021 271.9105 143.5606 168.5404 152.9726 420.0918 40.6817 194.5788 269.6735 8.0444 341.3093 108.7808 183.1148 424.4677;
	2.9545 39.9223 89.6161 92.8181 14.0011 30.8007 19.3746 18.2664 26.5199 29.1336 53.8529 80.338 120.9484 57.9329 35.4174 13.3433 16.5556 17.544 81.4462 65.7793 6.4582 71.8684 74.193 89.6572 102.7243 74.5209 12.7806 590.7882 423.9981 423.9981 309.7382 26.3097 271.4874 169.3161 181.6275 180.9059 587.9511 58.4637 225.5073 275.1545 14.1563 341.6829 136.6186 219.9697 594.0756;
	3.5853 48.4447 88.6429 104.5635 14.1977 28.5165 20.3378 18.2791 24.5179 29.0789 53.7519 80.1872 120.7214 56.9329 59.0265 22.2379 27.5915 29.2387 79.5474 61.279 6.7793 66.5385 68.0974 87.579 98.7294 75.6781 12.7182 707.5051 563.568 563.568 409.7771 33.1528 265.1579 157.7323 178.4925 240.4557 705.9803 86.3112 281.6855 264.4537 4.3354 316.3431 131.6494 262.988 713.3343;
	3.7768 51.0329 91.7746 111.4397 14.6184 32.3035 25.7562 18.482 25.7702 27.1053 50.1037 74.7448 112.5279 64.8652 87.7358 33.054 41.0114 43.4598 77.3703 57.0329 8.5854 75.3748 50.0633 88.4224 100.2145 75.4775 13.3935 873.2488 650.8165 650.8165 514.5862 39.0808 257.9009 146.8028 203.3611 277.6817 905.6626 120.5713 433.6004 268.4317 1.7153 358.3531 156.6814 257.7496 915.0965;
	3.7239 50.3176 91.7244 111.1569 14.8282 32.8901 27.0537 18.0263 26.1153 21.9305 40.5382 60.4751 91.0449 66.5115 121.1348 45.6368 56.6235 60.004 83.6307 68.7965 9.0179 76.7436 48.7675 86.6595 99.5222 70.5944 12.3529 926.3422 711.0299 711.0299 669.2778 52.6046 278.769 177.0825 208.5227 303.3728 953.7742 172.261 396.6239 266.5773 0.9683 364.8611 170.11 262.7504 963.7094;
	3.8716 52.3142 92.4407 115.5373 15.2948 34.7761 30.0573 19.0936 26.8361 21.8403 40.3714 60.2262 90.6703 68.7384 162.6892 61.2922 76.0478 80.5879 87.8978 72.3409 10.0191 81.1443 34.0329 87.052 103.7 74.8675 13.1719 971.1574 723.1599 723.1599 706.481 83.1808 292.9927 186.2056 215.5042 308.5482 985.3432 220.3742 430.9848 277.7679 10.2356 385.7833 214.5684 286.4406 995.6072;
	3.879 52.4144 93.7082 117.0974 15.4091 34.6083 29.7557 18.9011 27.957 20.9616 38.7472 57.8032 87.0224 65.5048 185.5326 69.8983 86.7257 91.9033 90.4008 73.5091 9.9186 80.7526 38.5557 84.8836 104.141 72.8767 13.4418 1111.1366 735.2202 735.2202 721.8397 95.8003 301.3361 189.2127 205.3665 313.6939 1073.5368 253.0266 452.044 278.9491 114.091 383.9211 210.514 270.5939 1084.7195;
	3.9177 52.9368 92.002 118.5557 15.2808 34.6678 30.4899 13.3953 27.9009 21.6073 39.9407 59.5837 89.7029 62.9664 191.8014 72.2601 89.656 95.0086 90.5982 72.4454 10.1633 80.8914 52.9863 84.787 103.4408 61.9224 12.7865 1220.5477 764.1819 764.1819 690.7979 108.206 301.994 186.4747 197.4083 326.051 1113.4015 258.5475 466.8783 277.0735 119.2659 384.581 216.0603 280.9657 1124.9994;
