function windprofile = ex_wind_profilesh1
%EX_WIND_PROFILE_D  Example wind_load_nyiso profile data for deterministic unit commitment.
% 2022.03.12
% Andres F. Ramirez


%% define constants
[GEN_BUS, PG, QG, QMAX, QMIN, VG, MBASE, GEN_STATUS, PMAX, PMIN, ...
    MU_PMAX, MU_PMIN, MU_QMAX, MU_QMIN, PC1, PC2, QC1MIN, QC1MAX, ...
    QC2MIN, QC2MAX, RAMP_AGC, RAMP_10, RAMP_30, RAMP_Q, APF] = idx_gen;
[CT_LABEL, CT_PROB, CT_TABLE, CT_TBUS, CT_TGEN, CT_TBRCH, CT_TAREABUS, ...
    CT_TAREAGEN, CT_TAREABRCH, CT_ROW, CT_COL, CT_CHGTYPE, CT_REP, ...
    CT_REL, CT_ADD, CT_NEWVAL, CT_TLOAD, CT_TAREALOAD, CT_LOAD_ALL_PQ, ...
    CT_LOAD_FIX_PQ, CT_LOAD_DIS_PQ, CT_LOAD_ALL_P, CT_LOAD_FIX_P, ...
    CT_LOAD_DIS_P, CT_TGENCOST, CT_TAREAGENCOST, CT_MODCOST_F, ...
    CT_MODCOST_X] = idx_ct;

windprofile = struct( ...
    'type', 'mpcData', ...
    'table', CT_TGEN, ...
    'rows', [1:45], ...
    'col', PMAX, ...
    'chgtype', 1, ...
    'values', [] );
windprofile.values(:,1,:) = [
	3.0709 41.495 87.3639 109.9857 14.1139 13.2811 14.779 16.9828 27.5415 25.5564 47.2407 70.4738 106.0979 4.7366 22.3853 8.4335 10.4638 11.0885 16.4385 27.8872 4.9263 30.9893 56.3109 83.2226 91.5435 60.309 7.6479 629.9959 384.2355 384.2355 215.7519 33.3969 54.7951 71.7818 14.85 163.9405 515.3501 55.8068 309.9014 245.2059 17.4191 147.332 113.7915 198.6502 520.7183;
	3.2983 44.5669 88.9259 110.8153 14.207 15.8149 14.0279 17.4634 27.1885 24.5821 45.4397 67.7871 102.0531 6.5453 10.9534 4.1266 5.1201 5.4258 13.1473 15.6042 4.676 36.9015 60.5153 84.2559 95.9676 69.358 7.2327 686.8962 381.9741 381.9741 189.7328 33.2364 43.8245 40.1653 20.5204 162.9756 529.7717 56.1363 310.9834 257.0561 11.2656 175.4404 112.9561 206.2166 535.2901;
	3.1719 42.8599 90.7551 110.8622 15.0174 13.7616 12.4575 18.301 27.5633 25.1845 46.5531 69.448 104.5536 7.4238 9.8538 3.7123 4.6061 4.881 20.8635 20.4378 4.1525 32.1103 63.2307 86.1755 98.6295 70.7662 8.948 619.9392 346.154 346.154 167.6877 31.6503 69.5451 52.6069 23.2745 147.6924 418.7501 40.4327 238.4362 264.1862 7.5125 152.6615 93.7751 197.8261 423.1121;
	2.8424 38.4077 91.4054 109.4496 14.2482 12.65 11.6441 17.8895 26.8445 24.4728 45.2376 67.4856 101.5992 10.1586 13.4765 5.0772 6.2995 6.6755 13.6123 20.5667 3.8814 29.5166 65.5982 82.4574 99.2189 72.6595 9.7104 493.6489 280.8944 280.8944 169.9475 26.282 45.3744 52.9386 31.8487 119.8483 328.9801 31.8694 177.2594 265.7648 2.7371 140.3303 81.9646 202.6232 332.4069;
	2.2242 30.0542 90.9923 109.2325 13.9321 13.1986 10.0765 18.232 16.8367 23.2468 42.9714 64.1049 96.5096 13.0864 17.8152 6.7118 8.3276 8.8248 19.0261 22.9412 3.3588 30.7968 54.8614 82.6801 100.5413 73.4728 9.7582 356.8313 219.7512 219.7512 158.7059 19.0695 63.4203 59.0508 41.0277 93.7605 198.5018 28.7774 152.8639 269.3071 14.172 146.4169 82.0964 214.5265 200.5695;
	2.937 39.6856 89.2075 107.7569 12.9398 19.8414 11.326 18.4147 10.1072 19.4588 35.9693 53.6591 80.7835 26.7615 15.6187 5.8843 7.3009 7.7367 32.1412 20.5008 3.7753 46.2965 56.0687 81.8539 99.7044 71.541 8.2362 320.0209 192.0885 192.0885 140.4748 12.317 107.1373 52.7691 83.9009 81.9578 162.6979 25.2057 178.4384 267.0653 12.9088 220.1068 85.6346 205.7462 164.3927;
	2.4324 32.8668 86.1299 103.5586 11.4303 20.2925 12.0534 17.4467 12.4497 25.9114 47.8967 71.4525 107.5714 38.4666 25.2052 9.4959 11.7819 12.4853 36.8853 32.4125 4.0178 47.3493 61.9178 75.7206 97.1469 69.9886 10.8848 273.9104 229.5263 229.5263 113.8485 11.1193 122.9511 83.4299 120.5981 97.9312 189.8052 18.8838 154.0529 260.2148 5.7368 225.1119 88.9289 218.3959 191.7824;
	1.8313 24.7453 70.2945 112.5082 13.7519 17.5314 12.586 18.9754 18.987 28.0682 51.8837 77.4003 116.5257 43.2602 35.5812 13.405 16.6321 17.6251 51.8844 56.314 4.1953 40.9066 70.3301 82.7478 102.5628 72.8945 13.309 134.2034 175.1141 175.1141 98.7303 4.8063 172.948 144.9523 135.6267 74.7154 117.84 15.2186 175.8215 274.7218 9.2188 194.4816 86.2896 208.5279 119.0675;
	2.7055 36.5567 81.0772 101.5737 13.8482 21.4482 10.7609 19.1226 21.5061 27.3874 50.6252 75.5228 113.6992 47.2411 25.3905 9.5657 11.8686 12.5772 63.4633 52.9078 3.587 50.0459 65.0396 82.0057 101.3775 72.2897 13.5174 149.7893 142.547 142.547 93.3354 4.0814 211.5445 136.1847 148.1073 60.8201 126.1044 20.4228 133.044 271.5468 19.6185 237.9323 75.6368 221.518 127.418;
	2.0874 28.2055 83.5229 103.2597 11.9111 12.8087 10.5385 18.8769 26.278 29.5049 54.5394 81.362 122.4901 46.4807 127.1304 47.8956 59.4261 62.9739 73.7774 47.9495 3.5128 29.8869 70.4909 78.4443 101.4966 71.3681 13.2814 280.054 240.2211 240.2211 113.2686 3.506 245.9245 123.4222 145.7233 102.4943 237.6928 21.4709 51.332 271.8659 38.0442 142.0908 76.9874 193.3365 240.1687;
	1.6693 22.5562 80.0439 101.7668 11.761 24.0613 14.5001 18.0467 27.1195 28.5895 52.8473 78.8378 118.6898 53.2926 41.3219 15.5678 19.3156 20.4687 65.9915 35.5766 4.8334 56.143 71.1546 82.0069 97.4484 69.6852 12.0537 381.8549 310.421 310.421 176.8941 11.3876 219.9715 91.5741 167.0796 132.4463 345.3661 31.1226 171.945 261.0225 8.9229 266.92 87.1504 172.4687 348.9636;
	1.8985 25.6532 87.5195 93.4812 11.9034 29.5097 19.3979 17.8811 26.647 28.0659 51.8795 77.394 116.5162 50.1466 43.5459 16.4057 20.3552 21.5704 76.6395 50.7625 6.466 68.8559 70.2766 82.4091 97.5146 67.8721 12.2486 460.0117 357.9958 357.9958 280.9805 17.029 255.465 130.6629 157.2163 152.7449 415.5795 49.4649 201.0303 261.1999 4.0417 327.3609 106.7484 176.2518 419.9084;
	3.116 42.1044 91.594 90.5496 14.6333 32.0908 21.2911 17.7589 27.4135 28.0862 51.9168 77.4497 116.6001 58.8906 51.4012 19.3651 24.0271 25.4615 80.8273 63.6159 7.097 74.8785 69.7703 84.3026 99.0669 69.5665 11.4309 617.2027 454.4395 454.4395 318.6618 23.7964 269.4244 163.7476 184.6299 193.8942 603.6895 63.2481 230.9761 265.3579 2.0766 355.9938 137.8088 217.9777 609.978;
	3.7185 50.2449 87.6976 105.0432 14.828 30.2844 21.6811 17.2212 26.2482 28.3555 52.4147 78.1924 117.7182 54.9968 67.4144 25.398 31.5123 33.3936 83.728 55.6019 7.227 70.6636 67.6908 74.8954 93.3561 68.5796 10.1504 774.5923 571.3395 571.3395 394.8585 27.8825 279.0933 143.1194 172.4225 243.7715 722.7794 87.1033 286.3167 250.0609 0.0855 335.955 137.7766 236.7213 730.3084;
	3.8322 51.7815 86.2578 102.3009 14.3767 31.8649 25.9307 16.9063 27.1299 24.1006 44.5496 66.4593 100.0541 65.6359 96.9714 36.5334 45.3285 48.0347 83.8948 60.5925 8.6436 74.3514 47.0805 81.5871 90.9908 58.5258 11.7894 953.9133 649.019 649.019 505.9477 31.0184 279.6492 155.9652 205.7773 276.9148 925.7322 114.0156 426.1218 243.7254 0.046 353.4879 153.6076 222.2507 935.3753;
	3.8199 51.6148 90.9099 108.7943 14.6648 32.6407 28.844 16.6764 27.3169 19.5683 36.1716 53.9609 81.2379 63.7276 126.7947 47.7692 59.2691 62.8076 87.3785 64.6383 9.6147 76.1617 44.9328 82.6812 97.4761 54.0106 11.8963 1048.0736 705.6575 705.6575 671.932 44.1071 291.2617 166.3792 199.7947 301.0805 988.1488 164.3547 387.0435 261.0966 0.2314 362.0946 174.7436 254.1716 998.442;
	3.7738 50.9917 90.7007 113.7246 14.5205 32.2869 30.1227 17.4483 27.6777 20.1706 37.2851 55.6221 83.7388 62.732 159.0427 59.9184 74.3432 78.7816 87.9093 68.293 10.0409 75.3361 31.3678 83.413 99.1512 69.2897 12.476 1013.9569 691.2751 691.2751 663.1276 67.0615 293.0312 175.7865 196.6732 294.9441 919.7107 197.2432 403.4023 265.5836 0.6133 358.1694 204.7947 264.5359 929.291;
	3.8547 52.0859 91.3073 112.2012 14.5502 31.9512 29.6342 17.8542 27.3831 18.3176 33.8597 50.5121 76.0456 64.5193 171.8166 64.7309 80.3143 85.1091 89.4048 69.1588 9.8781 74.5529 35.4346 84.2854 100.9617 68.7597 12.9555 1106.4257 719.7718 719.7718 674.143 86.789 298.016 178.015 202.2767 307.1026 1005.1871 217.6569 432.3889 270.4333 107.6921 354.4457 197.1209 261.2464 1015.6578;
