function windprofile = ex_wind_profilesh1
%EX_WIND_PROFILE_D  Example wind_load_nyiso profile data for deterministic unit commitment.
% 2022.03.12
% Andres F. Ramirez


%% define constants
[GEN_BUS, PG, QG, QMAX, QMIN, VG, MBASE, GEN_STATUS, PMAX, PMIN, ...
    MU_PMAX, MU_PMIN, MU_QMAX, MU_QMIN, PC1, PC2, QC1MIN, QC1MAX, ...
    QC2MIN, QC2MAX, RAMP_AGC, RAMP_10, RAMP_30, RAMP_Q, APF] = idx_gen;
[CT_LABEL, CT_PROB, CT_TABLE, CT_TBUS, CT_TGEN, CT_TBRCH, CT_TAREABUS, ...
    CT_TAREAGEN, CT_TAREABRCH, CT_ROW, CT_COL, CT_CHGTYPE, CT_REP, ...
    CT_REL, CT_ADD, CT_NEWVAL, CT_TLOAD, CT_TAREALOAD, CT_LOAD_ALL_PQ, ...
    CT_LOAD_FIX_PQ, CT_LOAD_DIS_PQ, CT_LOAD_ALL_P, CT_LOAD_FIX_P, ...
    CT_LOAD_DIS_P, CT_TGENCOST, CT_TAREAGENCOST, CT_MODCOST_F, ...
    CT_MODCOST_X] = idx_ct;

windprofile = struct( ...
    'type', 'mpcData', ...
    'table', CT_TGEN, ...
    'rows', [1:45], ...
    'col', PMAX, ...
    'chgtype', 1, ...
    'values', [] );
windprofile.values(:,1,:) = [
	3.6905 49.8667 91.8721 116.1953 14.8117 14.9112 15.01 17.9275 26.9144 24.5753 45.4271 67.7684 102.0249 4.1458 24.7438 9.3221 11.5663 12.2568 14.9654 24.606 5.0033 34.7927 55.3152 86.2974 101.8684 69.6036 7.5371 703.2706 381.0575 381.0575 202.4298 36.4674 49.8846 63.3359 12.9977 162.5845 512.8332 53.295 305.6117 272.8617 12.1708 165.4144 117.8362 231.2227 518.1752;
	3.5794 48.3655 91.4586 115.2795 14.4186 16.5758 13.4485 17.9783 25.8461 25.9655 47.9968 71.6017 107.796 2.2554 17.6414 6.6463 8.2463 8.7386 13.3457 11.7808 4.4828 38.6768 61.6215 86.0919 104.4064 71.6444 7.2778 692.9558 360.4517 360.4517 166.9498 30.3543 44.4858 30.3238 7.0711 153.7927 487.6365 47.9587 293.8249 279.6601 10.5451 183.8807 107.3761 213.2659 492.716;
	3.2576 44.0169 93.3187 115.7545 15.112 14.9264 12.8129 17.9365 27.2476 25.8525 47.788 71.2904 107.3272 4.1412 16.7704 6.3182 7.8392 8.3072 21.5471 22.7014 4.271 34.8283 64.5896 87.6725 103.7467 72.2705 8.2324 643.015 332.4653 332.4653 142.8621 31.4087 71.8236 58.4334 12.9831 141.8519 405.234 34.2786 239.7092 277.8929 4.919 165.5838 91.5816 200.2262 409.4552;
	2.9594 39.9877 94.4345 112.4591 14.7655 15.2897 11.3284 18.2221 26.2994 25.9315 47.934 71.508 107.655 7.5432 13.7157 5.1673 6.4113 6.7941 13.4862 22.8838 3.7761 35.6759 66.2083 87.7917 105.0604 74.9518 10.0066 510.679 268.7174 268.7174 161.5306 30.5957 44.9541 58.9031 23.6489 114.6527 306.3552 31.6402 179.2812 281.4118 2.4832 169.6132 79.5229 216.3434 309.5464;
	2.4081 32.5393 94.3862 114.3635 14.9708 15.1266 9.6369 18.7046 16.8721 23.9388 44.2505 66.013 99.3823 11.4202 16.306 6.1432 7.6221 8.0772 21.8036 24.6516 3.2123 35.2954 55.9935 88.8279 104.8898 75.4931 10.404 371.4267 190.7552 190.7552 143.0091 27.2178 72.6788 63.4534 35.8038 81.3889 176.19 29.8591 164.3286 280.9547 13.029 167.8042 80.1214 222.5209 178.0254;
	3.1534 42.6094 94.4604 117.3897 14.8949 22.7893 10.46 18.7879 8.8622 20.6715 38.2109 57.0032 85.818 25.9921 18.1736 6.8468 8.4951 9.0023 31.9736 26.7324 3.4867 53.1751 58.8181 89.4471 103.8199 75.8548 9.075 325.1122 186.6778 186.6778 131.4189 24.6048 106.5785 68.8094 81.4888 79.6492 156.1487 29.7581 196.1055 278.089 13.856 252.8094 84.8079 232.0578 157.7752;
	2.3958 32.372 92.3035 111.7512 14.1113 21.989 10.7824 18.0769 9.1217 26.0533 48.1591 71.844 108.1607 39.5151 20.2309 7.6219 9.4568 10.0213 28.3476 37.9471 3.5941 51.3076 67.0886 87.0468 102.7699 74.2614 11.7406 260.665 206.1412 206.1412 98.135 15.7133 94.492 97.6759 123.8851 87.9536 156.064 17.8781 155.7974 275.2766 10.5761 243.9308 85.4862 240.7253 157.6897;
	1.6347 22.0889 75.6809 113.768 14.3877 17.954 12.3672 18.8638 18.3755 26.916 49.7538 74.2228 111.742 42.8532 24.5051 9.2322 11.4547 12.1386 45.6643 56.7832 4.1224 41.8927 68.553 88.6223 102.9231 75.4942 13.3023 174.5137 169.7128 169.7128 98.7691 11.8776 152.2144 146.1601 134.3507 72.4108 110.0061 20.3378 174.0461 275.687 11.0573 199.1699 79.4429 219.3247 111.152;
	2.6472 35.7692 88.178 105.0411 14.2291 21.7451 10.4747 19.0404 21.2886 28.1225 51.984 77.55 116.751 46.9558 19.0404 7.1733 8.9003 9.4316 62.6279 58.3631 3.4916 50.7386 70.1461 88.1596 102.196 75.3556 13.482 178.1662 144.7921 144.7921 87.8934 9.047 208.7597 150.2266 147.2128 61.778 124.04 19.5636 136.0541 273.7393 23.6697 241.2256 66.9372 236.5905 125.3321;
	1.9901 26.8912 85.6874 109.7398 12.4833 14.1518 10.4592 18.4613 25.8626 27.355 50.5652 75.4334 113.5645 46.098 6.4824 2.4422 3.0301 3.211 71.9729 49.5866 3.4864 33.021 61.2558 83.7834 97.9967 73.7905 12.9339 300.9965 237.5518 237.5518 108.917 11.1342 239.9096 127.6362 144.5234 101.3554 251.1083 24.6697 46.7399 262.4913 25.484 156.9911 81.0077 217.1974 253.724;
	1.6749 22.6317 80.0262 105.8893 12.4679 26.6552 13.4748 17.5681 25.508 28.2717 52.2598 77.9613 117.3704 51.758 11.2849 4.2515 5.275 5.5899 66.1327 35.5846 4.4916 62.1954 66.1165 85.0023 93.2806 73.8564 11.7194 403.714 297.4886 297.4886 162.4149 13.9426 220.4424 91.5949 162.2684 126.9285 338.216 25.6976 159.7765 249.8587 22.168 295.6946 96.4041 187.5265 341.7391;
	1.7091 23.094 87.8845 94.6379 11.773 31.8579 18.2975 18.1146 25.8367 28.2868 52.2878 78.0031 117.4332 52.0159 34.6856 13.0676 16.2135 17.1815 83.0414 54.2493 6.0992 74.3351 69.7274 86.053 97.2474 72.9719 12.1669 483.1983 342.471 342.471 272.8416 18.6044 276.8048 139.6378 163.0768 146.121 417.3987 43.0032 183.1128 260.4841 20.5874 353.4105 116.3692 185.8964 421.7466;
	2.8291 38.228 90.7333 92.7664 13.3691 31.8701 20.084 17.5529 26.5214 28.3883 52.4754 78.283 117.8547 53.7553 47.5725 17.9227 22.2374 23.565 87.1849 65.765 6.6947 74.3635 67.0839 83.9215 96.7321 72.8712 11.0043 630.4427 401.8415 401.8415 293.8424 23.7181 290.6163 169.2793 168.5301 171.4524 570.1399 55.0879 209.5561 259.1038 37.2522 353.5453 143.6573 221.4972 576.0789;
	3.4998 47.2901 89.3433 106.3916 14.0473 31.6159 21.77 17.702 26.6183 28.9867 53.5815 79.9331 120.3389 53.3234 64.8522 24.4327 30.3146 32.1245 85.9963 61.8299 7.2567 73.7703 64.9443 81.9149 91.9103 74.1219 11.0604 760.9359 523.9276 523.9276 373.5331 29.3799 286.6543 159.1504 167.176 223.5424 668.7952 76.2241 266.2997 246.1882 22.4746 350.7253 146.2033 249.7203 675.7619;
	3.6524 49.3515 90.7584 110.0978 14.155 33.2235 26.4592 17.3375 28.0969 25.7944 47.6806 71.1301 107.0859 60.4974 93.5198 35.233 43.7151 46.3249 84.925 58.1094 8.8197 77.5216 44.3945 82.1869 94.1255 71.8684 12.0763 954.1198 612.6699 612.6699 485.8112 37.8728 283.0834 149.5737 189.6675 261.4058 862.6744 108.1446 425.9325 252.1218 8.1499 368.5598 158.6085 252.4819 871.6606;
	3.7422 50.5651 91.3875 110.4374 14.3663 33.3275 27.8712 17.4744 27.2945 20.9488 38.7235 57.7679 86.9692 61.7875 129.5302 48.7998 60.5478 64.1626 88.6427 65.9987 9.2904 77.7642 42.7405 81.721 97.8022 71.2757 12.1458 1063.6534 625.5896 625.5896 640.3532 47.4122 295.4755 169.8808 193.7121 266.9182 918.424 155.5633 375.2976 261.9702 14.8107 369.7131 173.8819 252.6802 927.9909;
	3.8217 51.6391 91.2446 112.8034 14.1417 33.2474 29.6975 17.5558 27.246 21.2955 39.3644 58.7239 88.4085 60.4919 134.3638 50.6208 62.8073 66.557 85.4094 68.9836 9.8992 77.5772 33.4253 82.1431 98.99 72.3944 11.6683 1024.4031 667.7105 667.7105 677.5867 78.9643 284.698 177.564 189.6502 284.8898 952.6634 196.2947 387.4331 265.1518 3.3442 368.8244 205.2505 269.8661 962.587;
	3.7797 51.0714 91.5864 112.9586 14.5575 32.1732 29.5488 17.9675 27.3197 19.0294 35.1756 52.475 79.0009 59.5035 126.2208 47.5529 59.0009 62.5233 84.4294 69.6808 9.8496 75.0709 38.0447 83.7032 99.9438 70.6991 12.9994 1071.1416 661.3904 661.3904 669.6351 96.4528 281.4314 179.3585 186.5514 282.1932 978.5328 223.6688 424.3134 267.7067 109.5474 356.9084 196.2153 251.9053 988.7259;
	3.8819 52.4533 92.5103 116.5397 14.8242 33.441 30.9506 13.6921 27.1254 20.1778 37.2983 55.6417 83.7683 58.677 167.2197 62.999 78.1655 82.8321 86.0371 67.4551 10.3169 78.029 43.9361 85.6309 103.5864 62.3677 12.6801 1162.2643 724.6841 724.6841 651.6282 108.7936 286.7903 173.6297 183.9603 309.1986 1042.1952 239.9793 442.0178 277.4637 116.6843 370.972 208.2821 268.7858 1053.0514;
