function solarprofile = ex_solar_profilesh1
%EX_WIND_PROFILE_D  Example wind_load_nyiso profile data for deterministic unit commitment.
% 2022.03.12
% Andres F. Ramirez


%% define constants
[GEN_BUS, PG, QG, QMAX, QMIN, VG, MBASE, GEN_STATUS, PMAX, PMIN, ...
    MU_PMAX, MU_PMIN, MU_QMAX, MU_QMIN, PC1, PC2, QC1MIN, QC1MAX, ...
    QC2MIN, QC2MAX, RAMP_AGC, RAMP_10, RAMP_30, RAMP_Q, APF] = idx_gen;
[CT_LABEL, CT_PROB, CT_TABLE, CT_TBUS, CT_TGEN, CT_TBRCH, CT_TAREABUS, ...
    CT_TAREAGEN, CT_TAREABRCH, CT_ROW, CT_COL, CT_CHGTYPE, CT_REP, ...
    CT_REL, CT_ADD, CT_NEWVAL, CT_TLOAD, CT_TAREALOAD, CT_LOAD_ALL_PQ, ...
    CT_LOAD_FIX_PQ, CT_LOAD_DIS_PQ, CT_LOAD_ALL_P, CT_LOAD_FIX_P, ...
    CT_LOAD_DIS_P, CT_TGENCOST, CT_TAREAGENCOST, CT_MODCOST_F, ...
    CT_MODCOST_X] = idx_ct;

solarprofile = struct( ...
    'type', 'mpcData', ...
    'table', CT_TGEN, ...
    'rows', [1:12], ...
    'col', PMAX, ...
    'chgtype', 1, ...
    'values', [] );
solarprofile.values(:,1,:) = [
	0.0 0.0 0.0 0.0 0.0 0.0 0.0 0.0 0.0 0.0 0.0 0.0;
	0.0 0.0 0.0 0.0 0.0 0.0 0.0 0.0 0.0 0.0 0.0 0.0;
	0.0 0.0 0.0 0.0 0.0 0.0 0.0 0.0 0.0 0.0 0.0 0.0;
	0.0 0.0 0.0 0.0 0.0 0.0 0.0 0.0 0.0 0.0 0.0 0.0;
	0.0 0.0 0.0 0.0 0.0 0.0 0.0 0.0 0.0 0.0 0.0 0.0;
	0.0951 0.1055 0.1068 0.0 0.0 1.439 0.1799 0.1784 0.1148 0.0 0.0 0.0;
	3.4731 3.0525 2.343 6.9345 6.1768 121.9346 15.2418 30.4084 54.3763 68.5096 53.8769 124.0713;
	8.8885 8.1542 5.7466 6.5777 10.1758 144.7731 18.0966 14.2305 86.941 146.5072 37.3974 265.3254;
	14.4895 12.8686 8.9409 7.8232 11.237 166.994 20.8743 14.4608 113.4585 204.7128 33.2855 370.7362;
	21.7415 16.2751 12.8485 10.1607 11.0038 376.6233 47.0779 66.4169 264.3057 246.4911 66.6523 446.3969;
	23.1602 16.0571 13.2545 10.9699 10.7121 392.2042 49.0255 71.685 260.7217 285.438 110.4396 516.9299;
	22.6841 16.0751 13.255 10.9737 10.5396 421.5045 52.6881 70.89 259.2422 291.7732 112.6986 528.4031;
	21.5528 15.9226 11.7923 5.0949 6.4468 432.0651 54.0081 64.2988 274.3761 219.9322 85.1107 398.2985;
	18.7922 13.2061 7.5948 4.6477 5.9378 401.0155 50.1269 64.0439 279.0431 189.4321 63.2486 343.0626;
	14.6644 9.9756 5.7973 3.9049 5.1068 340.7172 42.5897 64.4761 273.1479 139.7405 56.8708 253.0708;
	9.326 7.15 5.3334 4.7058 3.3242 42.3698 5.2962 55.7241 158.8979 39.0469 12.8867 70.7141;
	1.3981 1.1888 1.0853 0.8112 1.3668 40.008 5.001 9.5916 33.5647 12.7464 4.906 23.0838;
	0.0 0.0 0.0 0.0 0.0 0.0 0.0 0.0 0.0 0.0 0.0 0.0;
	0.0 0.0 0.0 0.0 0.0 0.0 0.0 0.0 0.0 0.0 0.0 0.0;
	0.0 0.0 0.0 0.0 0.0 0.0 0.0 0.0 0.0 0.0 0.0 0.0;
	0.0 0.0 0.0 0.0 0.0 0.0 0.0 0.0 0.0 0.0 0.0 0.0;
	0.0 0.0 0.0 0.0 0.0 0.0 0.0 0.0 0.0 0.0 0.0 0.0;
	0.0 0.0 0.0 0.0 0.0 0.0 0.0 0.0 0.0 0.0 0.0 0.0;
	0.0 0.0 0.0 0.0 0.0 0.0 0.0 0.0 0.0 0.0 0.0 0.0;
];
