function windprofile = ex_wind_profilesh1
%EX_WIND_PROFILE_D  Example wind_load_nyiso profile data for deterministic unit commitment.
% 2022.03.12
% Andres F. Ramirez


%% define constants
[GEN_BUS, PG, QG, QMAX, QMIN, VG, MBASE, GEN_STATUS, PMAX, PMIN, ...
    MU_PMAX, MU_PMIN, MU_QMAX, MU_QMIN, PC1, PC2, QC1MIN, QC1MAX, ...
    QC2MIN, QC2MAX, RAMP_AGC, RAMP_10, RAMP_30, RAMP_Q, APF] = idx_gen;
[CT_LABEL, CT_PROB, CT_TABLE, CT_TBUS, CT_TGEN, CT_TBRCH, CT_TAREABUS, ...
    CT_TAREAGEN, CT_TAREABRCH, CT_ROW, CT_COL, CT_CHGTYPE, CT_REP, ...
    CT_REL, CT_ADD, CT_NEWVAL, CT_TLOAD, CT_TAREALOAD, CT_LOAD_ALL_PQ, ...
    CT_LOAD_FIX_PQ, CT_LOAD_DIS_PQ, CT_LOAD_ALL_P, CT_LOAD_FIX_P, ...
    CT_LOAD_DIS_P, CT_TGENCOST, CT_TAREAGENCOST, CT_MODCOST_F, ...
    CT_MODCOST_X] = idx_ct;

windprofile = struct( ...
    'type', 'mpcData', ...
    'table', CT_TGEN, ...
    'rows', [1:45], ...
    'col', PMAX, ...
    'chgtype', 1, ...
    'values', [] );
windprofile.values(:,1,:) = [
	3.3498 45.263 90.415 111.2433 14.6433 14.4137 14.8818 17.3099 27.0369 25.5337 47.1987 70.4112 106.0037 4.5748 18.9367 7.1343 8.8518 9.3803 9.5692 25.4961 4.9606 33.632 61.0611 84.5618 98.1331 72.2902 7.5201 688.6624 409.6557 409.6557 217.0197 37.3218 31.8974 65.6271 14.3426 174.7864 532.8348 54.7476 327.4852 262.8564 17.3986 159.8961 115.8475 215.3274 538.3852;
	3.2999 44.5887 92.6685 112.1064 14.3995 16.2507 14.6674 17.2028 27.3944 26.5365 49.0523 73.1763 110.1665 3.3959 9.6155 3.6226 4.4947 4.763 3.3508 11.667 4.8891 37.9182 66.2473 88.2853 100.4104 74.0447 7.22 699.7682 399.1222 399.1222 184.5431 31.2029 11.1692 30.0309 10.6465 170.2921 520.6919 53.5021 339.9217 268.9565 15.4135 180.274 104.2539 215.1727 526.1157;
	3.0517 41.2355 90.2278 110.5892 14.6058 13.1645 13.3278 17.0652 27.3085 26.7123 49.3772 73.6611 110.8963 5.4321 16.5581 6.2382 7.7399 8.202 12.6294 21.4091 4.4426 30.7172 70.8051 84.7307 97.3682 71.983 7.837 627.5522 361.4936 361.4936 163.7906 31.7867 42.0981 55.1072 17.0305 154.2373 421.4186 38.759 275.3353 260.8076 7.5825 146.0383 86.0892 202.337 425.8084;
	2.6392 35.662 88.5728 103.0787 14.0488 12.2574 12.3424 16.2068 25.6861 25.3825 46.9191 69.994 105.3756 6.4932 11.6158 4.3762 5.4297 5.7538 6.515 20.1978 4.1141 28.6006 68.6421 83.0662 97.2795 73.2575 9.0889 523.6493 262.7272 262.7272 159.8533 28.4737 21.7168 51.9891 20.3569 112.0969 318.4701 32.4405 196.4432 260.5702 3.5651 135.9753 75.6718 198.9686 321.7875;
	2.2949 31.0089 91.2698 113.6586 14.1138 15.1678 11.8618 17.9698 16.9453 23.1784 42.8449 63.9162 96.2255 13.5207 15.2238 5.7355 7.1162 7.5411 18.8201 22.5623 3.9539 35.3916 58.3042 86.0953 103.0583 72.7882 10.4057 417.6221 212.804 212.804 154.4267 27.4266 62.7337 58.0753 42.3893 90.7964 204.1717 34.4943 194.8449 276.0489 12.4101 168.262 80.0877 224.0309 206.2985;
	2.937 39.6855 91.8713 113.4718 13.7913 24.3243 12.3022 18.3421 9.9311 20.0611 37.0826 55.3199 83.2838 27.1022 13.585 5.1181 6.3502 6.7293 27.7058 21.478 4.1007 56.7568 57.9332 84.3898 102.1861 73.1221 8.8579 338.457 199.4479 199.4479 141.5966 25.1554 92.3528 55.2845 84.9692 85.0978 177.5063 34.7427 203.861 273.7127 12.5249 269.8379 93.0282 224.5438 179.3553;
	2.5913 35.0143 91.1049 115.8034 14.0431 24.6057 12.9375 17.9158 12.7506 27.2148 50.3062 75.0469 112.9827 41.2319 26.9095 10.138 12.5786 13.3296 36.5736 31.7142 4.3125 57.4134 68.8281 85.5783 103.4558 72.3979 11.8155 274.7998 220.9046 220.9046 111.8963 15.027 121.9121 81.6326 129.2677 94.2526 196.5102 25.6454 175.3692 277.1138 9.6488 272.9596 97.2518 240.5862 198.5572;
	1.8148 24.5215 62.6398 112.809 14.141 18.2221 12.5353 17.8504 18.3108 28.2922 52.2978 78.018 117.4556 38.7445 27.6364 10.4119 12.9184 13.6897 52.4025 46.6129 4.1784 42.5182 70.8593 81.9283 97.4766 71.8733 12.4923 167.5982 170.6029 170.6029 98.2326 9.6701 174.6749 119.9817 121.4693 72.7906 135.8745 34.0048 182.5941 261.0981 6.3454 202.1437 91.7098 216.4415 137.2898;
	3.0346 41.0039 85.8585 111.6425 14.4452 24.6915 11.1008 18.4082 21.1335 29.0441 53.6876 80.0914 120.5771 45.0528 20.6794 7.7909 9.6664 10.2435 64.3621 41.7096 3.7003 57.6135 73.3228 82.9074 99.8913 71.1611 12.6708 187.4603 152.175 152.175 104.7099 8.9009 214.5402 107.3606 141.2466 64.928 164.0809 32.2495 159.0125 267.566 21.472 273.911 85.7847 244.4571 165.7901;
	2.1321 28.8088 86.1429 113.2104 12.3025 13.619 10.5966 18.2505 26.1815 29.6349 54.7797 81.7205 123.0297 47.3606 1.4437 0.5439 0.6749 0.7152 73.1937 35.8672 3.5322 31.7776 71.9167 81.7046 98.2712 71.8881 12.6448 302.9187 246.3401 246.3401 125.334 10.9663 243.9792 92.3222 148.4818 105.1051 277.6548 28.3868 327.1292 263.2264 23.1403 151.0797 77.7182 210.9009 280.5471;
	1.5827 21.386 77.8133 109.8459 11.6031 23.8212 15.1855 17.6772 26.8493 30.0752 55.5936 82.9347 124.8578 55.4513 14.8484 5.594 6.9407 7.3551 68.5846 29.4276 5.0618 55.5829 73.3226 83.0888 93.6758 70.4571 12.8265 423.1637 305.3044 305.3044 173.9052 14.5843 228.6155 75.7466 173.8474 130.2632 341.0934 31.1426 188.1175 250.9174 11.2186 264.2568 88.4422 174.453 344.6464;
	1.735 23.4434 84.5345 98.4126 11.6777 29.2787 20.3415 17.9113 26.7004 30.1456 55.7237 83.1288 125.15 54.3222 16.2207 6.111 7.5822 8.0349 81.8199 45.7806 6.7805 68.3169 72.164 82.0102 92.5911 70.077 12.8855 522.2329 366.8939 366.8939 282.8545 19.0953 272.733 117.8394 170.3074 156.5414 450.2047 41.7598 220.6039 248.0119 0.8621 324.798 105.3262 178.5329 454.8944;
	3.1143 42.0809 88.4771 100.0571 14.4316 32.6499 22.5079 17.9164 28.2173 30.5939 56.5524 84.3651 127.0112 57.9607 49.7036 18.7255 23.2335 24.6206 86.4989 59.8778 7.5026 76.1832 73.935 85.6112 101.1945 70.731 12.6574 731.2094 461.8439 461.8439 323.6349 27.3598 288.3295 154.1255 181.7147 197.0534 653.7214 61.5518 255.0981 271.0567 17.9342 362.1967 147.2309 211.153 660.531;
	3.6004 48.6489 88.3045 116.4303 14.6652 32.1959 22.8673 18.2891 27.711 31.266 57.7948 86.2184 129.8014 57.104 70.3699 26.5115 32.8938 34.8577 88.9068 58.691 7.6224 75.1238 71.9606 86.0623 101.6862 70.1435 12.6859 895.2653 619.9014 619.9014 418.255 30.4541 296.356 151.0707 179.0289 264.4913 806.5655 85.9653 300.6263 272.3737 15.8737 357.1602 145.7849 232.885 814.9672;
	3.764 50.8601 89.1889 111.5574 14.6261 33.3599 27.4794 17.6779 27.855 26.7019 49.358 73.6325 110.8533 62.7344 97.8143 36.851 45.7225 48.4522 84.8866 52.1176 9.1598 77.8398 48.8472 82.3453 96.7824 69.1219 12.365 1090.5557 664.8285 664.8285 494.7725 35.4722 282.9553 134.151 196.6809 283.6601 994.8288 115.4138 442.9481 259.2385 7.149 370.0728 158.0574 238.833 1005.1916;
	3.8558 52.1009 92.3018 115.355 14.6894 34.2975 29.2603 18.205 28.215 21.2666 39.3111 58.6444 88.2888 64.1583 133.369 50.246 62.3422 66.0642 87.3878 67.0748 9.7534 80.0275 42.2099 82.9746 97.6409 71.8193 12.704 1173.4067 753.0264 753.0264 671.7155 45.675 291.2925 172.6506 201.1449 321.2912 1081.221 152.7021 416.2741 261.5381 5.1967 380.4736 177.2421 253.1664 1092.4837;
	3.7162 50.2142 90.1288 116.1904 14.3064 33.1074 29.6851 18.6446 27.9348 20.8736 38.5845 57.5605 86.657 67.7892 161.2638 60.7552 75.3814 79.8818 86.3485 67.7888 9.895 77.2506 29.758 82.6134 100.2598 73.4485 12.8198 1070.4 758.4575 758.4575 640.9322 77.7813 287.8283 174.4886 212.5282 323.6085 1051.579 198.6537 434.4338 268.553 4.7148 367.2717 203.4195 270.187 1062.5329;
	3.6734 49.6355 93.0677 114.8892 14.1868 32.6072 28.7572 19.0225 25.8124 17.25 31.8863 47.5681 71.6135 63.4654 167.9513 63.2747 78.5075 83.1945 86.4045 69.0535 9.5857 76.0836 25.8293 83.1892 103.0573 72.8473 13.5838 1119.1333 758.7565 758.7565 614.5555 91.6222 288.0149 177.7438 198.9726 323.7361 1069.6761 211.6748 446.6923 276.0462 104.6698 361.7231 182.3076 259.2401 1080.8185;
	3.7403 50.5397 90.94 117.5325 14.0778 34.0763 30.6942 14.0122 26.6713 20.3626 37.6399 56.1513 84.5355 63.2023 171.4738 64.6017 80.154 84.9393 89.1764 67.1334 10.2314 79.5114 37.1923 81.9692 101.5887 61.3064 12.9765 1184.4075 744.2349 744.2349 611.7286 105.2227 297.2546 172.8016 198.1476 317.5402 1080.9438 221.0794 466.8707 272.1127 111.3567 378.0199 201.9063 264.9878 1092.2037;
