function solarprofile = ex_solar_profilesh1
%EX_WIND_PROFILE_D  Example wind_load_nyiso profile data for deterministic unit commitment.
% 2022.03.12
% Andres F. Ramirez


%% define constants
[GEN_BUS, PG, QG, QMAX, QMIN, VG, MBASE, GEN_STATUS, PMAX, PMIN, ...
    MU_PMAX, MU_PMIN, MU_QMAX, MU_QMIN, PC1, PC2, QC1MIN, QC1MAX, ...
    QC2MIN, QC2MAX, RAMP_AGC, RAMP_10, RAMP_30, RAMP_Q, APF] = idx_gen;
[CT_LABEL, CT_PROB, CT_TABLE, CT_TBUS, CT_TGEN, CT_TBRCH, CT_TAREABUS, ...
    CT_TAREAGEN, CT_TAREABRCH, CT_ROW, CT_COL, CT_CHGTYPE, CT_REP, ...
    CT_REL, CT_ADD, CT_NEWVAL, CT_TLOAD, CT_TAREALOAD, CT_LOAD_ALL_PQ, ...
    CT_LOAD_FIX_PQ, CT_LOAD_DIS_PQ, CT_LOAD_ALL_P, CT_LOAD_FIX_P, ...
    CT_LOAD_DIS_P, CT_TGENCOST, CT_TAREAGENCOST, CT_MODCOST_F, ...
    CT_MODCOST_X] = idx_ct;

solarprofile = struct( ...
    'type', 'mpcData', ...
    'table', CT_TGEN, ...
    'rows', [1:12], ...
    'col', PMAX, ...
    'chgtype', 1, ...
    'values', [] );
solarprofile.values(:,1,:) = [
	0.0 0.0 0.0 0.0 0.0 0.0 0.0 0.0 0.0 0.0 0.0 0.0;
	0.0 0.0 0.0 0.0 0.0 0.0 0.0 0.0 0.0 0.0 0.0 0.0;
	0.0 0.0 0.0 0.0 0.0 0.0 0.0 0.0 0.0 0.0 0.0 0.0;
	0.0 0.0 0.0 0.0 0.0 0.0 0.0 0.0 0.0 0.0 0.0 0.0;
	0.0 0.0 0.0 0.0 0.0 0.0 0.0 0.0 0.0 0.0 0.0 0.0;
	0.1135 0.1257 0.1201 0.0 0.0 0.1251 0.0156 0.1784 0.0 0.0 0.0 0.0;
	18.9373 14.5815 9.0809 0.4786 1.4807 153.9184 19.2398 13.9543 149.0578 63.9821 0.0 115.8719;
	12.1225 6.8794 5.4462 5.4199 7.061 226.6255 28.3282 27.0425 171.118 149.4452 7.4715 270.6461;
	13.0861 8.3334 5.6773 9.6319 10.1236 229.3701 28.6713 37.7663 168.8116 206.8942 16.5848 374.6867;
	23.5495 15.987 13.1251 11.0567 10.9685 391.9866 48.9983 74.707 274.9778 229.5752 91.923 415.7621;
	24.5274 16.0537 13.2545 11.1561 11.2296 368.8087 46.1011 73.2248 262.8722 285.3276 165.1518 516.7301;
	24.6621 16.0751 13.2624 11.2062 11.5571 344.9364 43.117 69.6592 246.9727 309.9589 181.8938 561.3374;
	27.0104 16.8473 13.907 7.0084 7.3457 275.5036 34.438 65.4899 229.9975 325.7546 162.758 589.9435;
	26.3049 16.7754 13.8985 5.8174 5.6817 280.257 35.0321 68.1924 229.6768 297.4745 140.4546 538.7281;
	24.9842 16.0831 11.8374 3.1721 3.2587 252.4588 31.5574 69.0421 212.2511 267.3128 118.6883 484.1051;
	9.1616 6.3529 4.5785 0.6541 0.9722 66.4577 8.3072 38.8796 28.6686 124.2525 31.6813 225.022;
	0.9422 0.7359 0.5485 0.6357 1.3085 35.1691 4.3961 6.438 20.2353 31.9733 15.7435 57.9038;
	0.0 0.0 0.0 0.0 0.0 0.0 0.0 0.0 0.0 0.0 0.0 0.0;
	0.0 0.0 0.0 0.0 0.0 0.0 0.0 0.0 0.0 0.0 0.0 0.0;
	0.0 0.0 0.0 0.0 0.0 0.0 0.0 0.0 0.0 0.0 0.0 0.0;
	0.0 0.0 0.0 0.0 0.0 0.0 0.0 0.0 0.0 0.0 0.0 0.0;
	0.0 0.0 0.0 0.0 0.0 0.0 0.0 0.0 0.0 0.0 0.0 0.0;
	0.0 0.0 0.0 0.0 0.0 0.0 0.0 0.0 0.0 0.0 0.0 0.0;
	0.0 0.0 0.0 0.0 0.0 0.0 0.0 0.0 0.0 0.0 0.0 0.0;
];
