function loadprofile = ex_load_profilesh1
%EX_LOAD_PROFILE  Example load profile data file for stochastic unit commitment.
% 2022.03.12
% Andres F. Ramirez

%% define constants
[CT_LABEL, CT_PROB, CT_TABLE, CT_TBUS, CT_TGEN, CT_TBRCH, CT_TAREABUS, ...
    CT_TAREAGEN, CT_TAREABRCH, CT_ROW, CT_COL, CT_CHGTYPE, CT_REP, ...
    CT_REL, CT_ADD, CT_NEWVAL, CT_TLOAD, CT_TAREALOAD, CT_LOAD_ALL_PQ, ...
    CT_LOAD_FIX_PQ, CT_LOAD_DIS_PQ, CT_LOAD_ALL_P, CT_LOAD_FIX_P, ...
    CT_LOAD_DIS_P, CT_TGENCOST, CT_TAREAGENCOST, CT_MODCOST_F, ...
    CT_MODCOST_X] = idx_ct;

loadprofile = struct( ...
    'type', 'mpcData', ...
    'table', CT_TAREALOAD, ...
    'rows', [1:11], ...
    'col', CT_LOAD_ALL_P, ...
    'chgtype', 1, ...
    'values', [] );
loadprofile.values(:,1,:) = [
	1485.8564 917.3068 1556.1811 556.7 758.0021 1151.7186 863.0 234.9951 593.2242 4999.4728 1830.2874;
	1482.4854 909.9 1549.3337 550.301 746.1978 1157.844 849.8267 228.3422 559.6212 4797.9336 1751.3402;
	1506.3127 938.1 1618.6697 557.6873 766.7201 1168.1 858.2025 255.8177 573.3915 4978.5538 1856.4436;
	1572.9573 1001.9034 1697.2774 567.3049 831.0 1224.1 905.7315 267.5516 590.8309 5146.0202 1873.1885;
	1748.1221 1146.8309 1895.8131 585.3512 956.9768 1391.4 1027.212 310.7386 686.5163 5579.3491 2107.7924;
	1825.1 1221.2207 2002.387 605.2118 1032.4277 1470.2522 1092.0156 339.3502 739.3174 6076.8245 2225.908;
	1842.8905 1244.4101 1970.7 572.953 1032.3555 1476.5465 1098.8593 345.8921 738.1756 6163.1652 2245.8562;
	1825.4486 1220.2545 1952.4785 570.9573 985.9 1456.7759 1101.9977 328.5 744.1455 6349.1048 2241.7707;
	1855.6956 1227.8543 1925.5424 567.9419 1007.9684 1496.6101 1115.268 339.5475 750.9013 6338.8394 2206.4401;
	1842.0547 1223.7532 1910.7245 562.9 998.1108 1450.3691 1099.9336 328.3 739.7686 6326.4638 2066.8613;
	1835.9932 1211.3391 1920.0079 558.1 999.2357 1488.3643 1132.3066 328.8684 744.2436 6258.7 2055.1556;
	1808.8484 1221.9581 1891.431 562.1528 980.3299 1470.2298 1125.1667 311.1 731.7706 6287.6756 2041.9808;
	1778.1306 1198.3197 1872.7917 547.4 981.1258 1441.6073 1128.1771 312.8815 768.9331 6345.7088 2110.3604;
	1725.5 1170.2264 1783.7683 549.0706 949.7055 1428.7726 1111.8878 324.1 779.1831 6422.0811 2098.7829;
	1717.4594 1159.5797 1806.1174 534.9381 968.8742 1401.4766 1072.4243 321.3 771.2307 6327.7716 2124.065;
	1757.001 1183.2638 1848.7 525.8622 981.049 1429.6852 1111.7652 340.3553 754.0 6369.4535 2187.6593;
	1751.9993 1170.4793 1852.4617 522.7884 968.0382 1415.5885 1109.6869 361.7554 795.3657 6258.5874 2307.6212;
	1770.6864 1201.7511 1945.6801 551.2362 1030.2029 1469.1889 1162.2667 376.9 811.0083 6362.1081 2413.9856;
	1780.0 1232.9043 1931.3061 537.6712 1013.5924 1446.8741 1148.734 371.144 778.2 6316.2175 2398.581;
	1713.6011 1162.275 1851.9 547.6786 954.3177 1333.7 1083.9294 368.4076 732.6438 6029.3297 2265.0238;
	1625.2132 1067.5733 1699.8 522.2677 905.3324 1252.971 1006.8863 335.572 694.1196 5627.8133 2120.5924;
	1549.8727 988.0 1597.5 491.8631 853.617 1174.4 912.9188 326.5572 602.5 5321.4299 1964.9975;
	1482.0802 920.7661 1532.0445 496.7666 793.5792 1131.2951 844.9097 280.3656 553.0358 4822.5264 1830.6235;
	1427.1675 891.6043 1476.4077 487.1925 768.1375 1108.3857 828.526 268.0027 536.1474 4608.91 1748.5123;
];
