function loadprofile = ex_load_profilesh1
%EX_LOAD_PROFILE  Example load profile data file for stochastic unit commitment.
% 2022.03.12
% Andres F. Ramirez

%% define constants
[CT_LABEL, CT_PROB, CT_TABLE, CT_TBUS, CT_TGEN, CT_TBRCH, CT_TAREABUS, ...
    CT_TAREAGEN, CT_TAREABRCH, CT_ROW, CT_COL, CT_CHGTYPE, CT_REP, ...
    CT_REL, CT_ADD, CT_NEWVAL, CT_TLOAD, CT_TAREALOAD, CT_LOAD_ALL_PQ, ...
    CT_LOAD_FIX_PQ, CT_LOAD_DIS_PQ, CT_LOAD_ALL_P, CT_LOAD_FIX_P, ...
    CT_LOAD_DIS_P, CT_TGENCOST, CT_TAREAGENCOST, CT_MODCOST_F, ...
    CT_MODCOST_X] = idx_ct;

loadprofile = struct( ...
    'type', 'mpcData', ...
    'table', CT_TAREALOAD, ...
    'rows', [1:11], ...
    'col', CT_LOAD_ALL_P, ...
    'chgtype', 1, ...
    'values', [] );
loadprofile.values(:,1,:) = [
	1483.8895 942.9247 1574.5 577.7766 830.3695 1111.1437 843.1703 267.2506 506.5003 4535.2474 1706.4659;
	1510.1759 940.8 1569.0 577.796 861.3264 1120.4043 848.6808 277.6806 501.0 4603.5861 1713.4;
	1530.1149 946.9547 1585.8742 570.3 856.2948 1131.1 850.9953 275.8722 497.4483 4531.3472 1711.7;
	1634.5221 1030.5097 1702.3512 574.1 892.9582 1203.8941 896.961 288.2569 544.4 4749.2454 1801.37;
	1748.4311 1157.1449 1912.2504 580.5 1002.5666 1358.9433 1019.9176 316.6847 618.2178 5281.5302 2030.146;
	1848.2556 1241.7304 1976.1053 572.4418 1027.8341 1423.7995 1062.2985 330.3005 642.8161 5707.5525 2104.1519;
	1859.2279 1251.6104 1970.7 537.3944 1024.4311 1435.5814 1103.9 333.1425 691.8854 6100.4589 2171.0985;
	1892.9918 1283.0015 1951.3705 568.5288 1004.6851 1412.2 1114.4134 354.7248 682.8794 6270.9802 2176.6;
	1885.7488 1240.3137 1913.9128 571.5 980.1 1400.1 1095.5199 357.9192 685.321 6312.2761 2191.2991;
	1857.8 1221.0 1857.5469 578.4 992.1 1450.617 1083.7884 346.7549 668.5096 6304.567 2156.0814;
	1828.2188 1199.5247 1823.2997 577.8 951.2 1396.4421 1104.4 355.1929 668.2587 6326.0712 2189.586;
	1857.2559 1200.6 1872.2235 581.0368 980.4768 1472.7793 1114.8636 354.8663 670.7664 6346.2633 2136.8214;
	1832.1599 1181.4 1815.9107 577.225 940.7619 1405.2758 1076.4092 353.6473 670.5498 6320.5593 2102.7143;
	1802.6759 1162.3782 1808.8122 576.0687 936.922 1378.2568 1082.9701 333.9 661.2843 6236.7359 2062.1828;
	1794.3241 1151.7696 1783.1053 569.5 901.9145 1367.5091 1040.8 336.9163 646.4123 6159.9091 1990.7772;
	1833.2 1154.6281 1778.6887 562.0 924.0888 1385.9 1058.4702 346.0 651.4609 6186.5174 2127.4;
	1760.7318 1160.4859 1858.2 563.4 976.5804 1464.7059 1094.9766 358.2196 652.5397 6020.668 2264.7812;
	1793.1822 1208.3591 1938.0309 574.1998 1029.6379 1547.1744 1145.796 379.1469 682.9351 6079.3613 2383.4308;
	1868.0165 1224.5741 1949.9795 575.9105 1002.9017 1544.6366 1149.9935 371.4179 671.4467 6030.0 2379.7131;
	1777.4811 1148.5575 1887.8 569.0 946.077 1426.1998 1112.6 362.9041 637.7683 5815.8303 2253.8549;
	1685.8481 1049.9857 1744.4147 558.7597 882.35 1309.0332 1020.7192 325.0868 589.3705 5446.17 2073.6992;
	1593.8572 967.2896 1606.3907 531.6918 811.7 1197.1652 937.7418 293.5442 547.3841 5059.5563 1898.9;
	1563.52 906.4 1549.2512 491.6098 815.1538 1163.6138 882.6859 276.191 523.2704 4874.1323 1831.9175;
	1556.9369 878.211 1553.3 513.2789 836.4475 1184.5434 860.4 259.9898 493.8 4585.6866 1755.6;
];
