function windprofile = ex_wind_profilesh1
%EX_WIND_PROFILE_D  Example wind_load_nyiso profile data for deterministic unit commitment.
% 2022.03.12
% Andres F. Ramirez


%% define constants
[GEN_BUS, PG, QG, QMAX, QMIN, VG, MBASE, GEN_STATUS, PMAX, PMIN, ...
    MU_PMAX, MU_PMIN, MU_QMAX, MU_QMIN, PC1, PC2, QC1MIN, QC1MAX, ...
    QC2MIN, QC2MAX, RAMP_AGC, RAMP_10, RAMP_30, RAMP_Q, APF] = idx_gen;
[CT_LABEL, CT_PROB, CT_TABLE, CT_TBUS, CT_TGEN, CT_TBRCH, CT_TAREABUS, ...
    CT_TAREAGEN, CT_TAREABRCH, CT_ROW, CT_COL, CT_CHGTYPE, CT_REP, ...
    CT_REL, CT_ADD, CT_NEWVAL, CT_TLOAD, CT_TAREALOAD, CT_LOAD_ALL_PQ, ...
    CT_LOAD_FIX_PQ, CT_LOAD_DIS_PQ, CT_LOAD_ALL_P, CT_LOAD_FIX_P, ...
    CT_LOAD_DIS_P, CT_TGENCOST, CT_TAREAGENCOST, CT_MODCOST_F, ...
    CT_MODCOST_X] = idx_ct;

windprofile = struct( ...
    'type', 'mpcData', ...
    'table', CT_TGEN, ...
    'rows', [1:45], ...
    'col', PMAX, ...
    'chgtype', 1, ...
    'values', [] );
windprofile.values(:,1,:) = [
	2.3934 32.3398 87.5998 113.7408 14.0475 11.9763 13.3543 18.0351 26.3231 23.116 42.7296 63.7441 95.9664 4.8402 10.6453 4.0106 4.9761 5.2731 15.1543 22.0435 4.4514 27.9448 53.8836 83.2629 97.1681 70.2483 7.8318 691.3417 329.0262 329.0262 177.2447 33.5683 50.5144 56.7401 15.1746 140.3845 471.5463 42.7622 266.9274 260.2717 13.5788 132.8576 110.226 217.5735 476.4583;
	2.9001 39.1872 88.8409 110.4097 14.1115 12.5195 11.5218 17.7092 25.7392 22.8437 42.2262 62.9932 94.8359 5.7271 1.079 0.4065 0.5044 0.5345 12.1651 11.1516 3.8406 29.2122 51.2126 83.6332 97.5762 70.9212 7.4059 658.5161 271.861 271.861 145.7167 28.8939 40.5504 28.7042 17.9552 115.994 444.6512 35.8954 276.0552 261.3648 12.1256 138.8832 105.463 215.3929 449.283;
	2.7649 37.3592 87.7913 110.2173 14.2408 10.9259 10.2817 17.6945 26.4041 22.2831 41.19 61.4474 92.5088 7.1761 15.4332 5.8144 7.2141 7.6448 18.8945 22.2127 3.4272 25.4937 58.5635 82.503 93.9292 71.6434 7.4292 629.0287 281.6771 281.6771 136.0374 31.6413 62.9817 57.1756 22.4979 120.1822 378.8177 29.589 208.6722 251.5962 5.9178 121.2044 85.5149 196.4358 382.7637;
	2.6223 35.4326 89.0612 108.0888 14.0959 10.0008 10.0271 17.4518 26.1674 23.6249 43.6703 65.1475 98.0793 9.8008 8.5096 3.206 3.9778 4.2152 9.6863 21.3533 3.3424 23.3353 64.4697 85.7858 100.0026 74.4807 8.6343 480.9744 222.7273 222.7273 149.2872 29.5866 32.2878 54.9636 30.7269 95.0303 298.9367 27.0065 166.6414 267.8641 0.0234 110.9427 66.2596 202.2167 302.0506;
	2.3038 31.13 92.8829 114.3396 14.3333 13.7121 8.6211 18.8201 15.3471 21.4046 39.5661 59.0248 88.8616 11.4543 14.2287 5.3606 6.6511 7.0482 17.7408 22.9412 2.8737 31.9948 56.6382 88.6923 105.6124 75.0262 10.318 368.6547 184.6065 184.6065 125.8965 27.2077 59.1359 59.0507 35.9107 78.7654 182.4375 24.8291 150.1091 282.8904 11.7474 152.1126 79.7246 225.6427 184.3379;
	2.6213 35.4201 90.4094 112.2331 13.6567 20.1573 10.2377 18.8727 9.8365 21.2404 39.2626 58.572 88.1799 25.5691 16.0145 6.0334 7.4859 7.9328 31.4829 26.0535 3.4126 47.0336 62.5639 86.7867 102.934 75.1462 8.6842 293.0302 134.8719 134.8719 92.5989 21.0337 104.943 67.0617 80.1627 57.5453 150.679 14.2496 179.2654 275.7161 12.368 223.6113 81.9411 213.4078 152.2486;
	2.2451 30.3362 92.0183 115.1613 13.8188 22.1706 10.4424 18.0805 11.7139 26.7813 49.5048 73.8515 111.183 38.7969 17.2484 6.4982 8.0626 8.544 31.3148 34.1121 3.4808 51.7313 71.5093 85.3095 103.2377 74.9238 11.7294 248.1625 181.3093 181.3093 91.9342 13.5308 104.3827 87.8046 121.6334 77.3587 174.5041 12.4352 138.9572 276.5295 10.7801 245.9453 89.7147 221.3299 176.3218;
	1.6556 22.3708 71.575 112.9682 13.8364 18.8328 10.6821 18.4562 17.1066 27.959 51.6819 77.0992 116.0724 41.4176 14.5829 5.494 6.8167 7.2236 42.8296 43.5415 3.5607 43.9431 74.4034 83.5844 100.5466 73.6129 12.9813 138.4279 150.1574 150.1574 66.8478 5.684 142.7654 112.076 129.8498 64.0672 114.5119 8.8499 133.8748 269.3212 6.5477 208.9182 87.2469 206.1294 115.7048;
	2.5041 33.8361 84.6064 104.4683 14.2281 23.4335 10.5419 18.4488 21.0566 28.7377 53.1212 79.2464 119.3051 40.3133 0.0 0.0 0.0 0.0 43.4636 38.4626 3.514 54.6781 75.0463 82.6915 98.6083 74.832 12.5295 116.5844 133.2778 133.2778 78.1737 4.0393 144.8786 99.0027 126.3876 56.8652 123.6342 15.5974 98.8837 264.1294 14.9746 259.9555 72.8848 232.6991 124.9221;
	1.7901 24.1887 84.5333 110.6125 13.0097 13.2134 9.667 18.4848 24.0261 29.3108 54.1807 80.8269 121.6844 41.7099 0.0 0.0 0.0 0.0 48.7899 35.3091 3.2223 30.8314 74.5531 82.0108 100.1137 73.3839 12.2672 241.2002 217.6427 217.6427 96.7783 4.0189 162.6331 90.8857 130.7663 92.8609 222.6517 17.1944 0.0 268.1618 2.3096 146.5811 71.0109 214.0541 224.9709;
	1.593 21.5252 83.8568 116.7671 12.7491 25.6471 13.5005 18.565 25.9215 28.4788 52.6425 78.5323 118.23 48.2321 0.0 0.0 0.0 0.0 52.5764 32.3096 4.5002 59.8432 70.5233 87.7727 101.3101 76.2114 12.9123 329.7267 284.0572 284.0572 156.1794 9.2548 175.2547 83.1651 151.2142 121.1978 311.6734 21.5095 141.247 271.3662 28.1082 284.5118 91.9985 194.6874 314.92;
	1.6066 21.7083 88.0647 101.7362 12.8923 30.3594 17.8833 18.8293 26.2335 27.7247 51.2486 76.4529 115.0994 45.7696 12.837 4.8363 6.0006 6.3588 66.763 52.2351 5.9611 70.8386 68.8407 86.1362 99.4013 76.1764 13.1994 422.8222 355.2764 355.2764 269.2956 14.2982 222.5432 134.4534 143.4938 151.5846 416.5419 35.309 166.3512 266.2536 64.2679 336.7871 104.9303 193.5979 420.8809;
	2.7688 37.412 88.0965 96.2763 14.5304 31.5804 18.2187 17.851 26.8211 28.3529 52.4099 78.1852 117.7074 46.1904 41.6258 15.6823 19.4576 20.6193 78.36 61.3279 6.0729 73.6875 68.4976 84.2942 102.0818 75.3035 12.0911 575.767 424.699 424.699 298.6382 20.5057 261.2001 157.8581 144.8132 181.2049 553.2362 45.0709 189.0626 273.4334 26.5359 350.3314 136.3542 203.6333 558.9991;
	3.5107 47.4369 88.2862 112.1854 14.9392 31.4736 18.1001 18.0575 25.9153 28.1052 51.952 77.5022 116.6792 40.8605 58.6644 22.1015 27.4222 29.0594 81.5418 56.5272 6.0334 73.4384 57.8044 84.2781 99.2281 74.6995 12.0315 726.438 570.3955 570.3955 392.6722 26.6155 271.8062 145.5012 128.1033 243.3687 675.001 67.2633 251.567 265.7895 61.5342 349.1472 137.0424 241.2643 682.0323;
	3.6062 48.7271 87.1874 110.7454 14.4595 32.4049 17.492 18.0549 25.8506 22.7817 42.1117 62.8223 94.5787 43.002 68.8991 25.9573 32.2063 34.1291 68.8067 46.0443 5.8307 75.6114 42.4353 86.0005 98.5658 72.7842 12.9786 915.8843 622.37 622.37 468.5463 32.0782 229.3558 118.5183 134.8171 265.5446 826.4732 94.1722 338.572 264.0155 24.8085 359.4784 147.2118 234.3381 835.0823;
	3.7215 50.2863 90.7604 115.79 15.3295 34.6546 24.1612 18.8874 27.1086 20.0177 37.0025 55.2004 83.1039 58.8719 105.9502 39.9161 49.5255 52.4823 82.2899 59.5339 8.0537 80.8607 42.5588 87.4143 101.6208 75.6307 13.7115 1000.073 710.259 710.259 644.8689 40.0534 274.2996 153.2404 184.5715 303.0438 939.1724 142.1741 357.0561 272.1985 57.0132 384.4348 176.4023 261.6618 948.9555;
	3.7903 51.2151 90.966 119.2861 15.2564 34.4606 29.5729 18.352 27.8581 19.0852 35.2787 52.629 79.2326 63.4238 156.275 58.8757 73.0495 77.4106 86.9527 68.854 9.8576 80.4081 18.2977 85.1192 101.8587 75.7717 13.0447 1023.9152 813.8278 813.8278 748.7014 72.1071 289.8423 177.2304 198.842 347.2332 1030.5976 195.5861 412.9355 272.8359 38.2283 382.2833 207.4297 274.6055 1041.333;
	3.8575 52.1234 91.2764 113.8065 15.1272 34.6733 27.7482 18.1872 27.0219 17.5387 32.4199 48.3642 72.812 63.1355 178.8216 67.37 83.5887 88.5791 87.7574 69.4287 9.2494 80.9044 34.1098 83.2969 101.4884 75.2585 13.624 1122.6577 805.087 805.087 733.8205 89.3589 292.5245 178.7098 197.9382 343.5038 1086.9548 224.7966 427.1317 271.8439 112.3993 384.6428 198.4074 268.207 1098.2772;
	3.7975 51.312 90.7751 116.7636 14.9268 34.9682 29.8868 13.006 26.8148 19.2984 35.6728 53.2167 80.1175 65.7869 191.3305 72.0826 89.4359 94.7753 86.8289 71.5678 9.9623 81.5924 49.0978 82.2786 101.8872 67.1895 13.0456 1239.1275 811.0324 811.0324 657.1249 85.9619 289.4297 184.2156 206.2509 346.0405 1117.1319 223.6355 445.2851 272.9121 117.6743 387.9136 209.3972 272.7852 1128.7687;
