function solarprofile = ex_solar_profilesh1
%EX_WIND_PROFILE_D  Example wind_load_nyiso profile data for deterministic unit commitment.
% 2022.03.12
% Andres F. Ramirez


%% define constants
[GEN_BUS, PG, QG, QMAX, QMIN, VG, MBASE, GEN_STATUS, PMAX, PMIN, ...
    MU_PMAX, MU_PMIN, MU_QMAX, MU_QMIN, PC1, PC2, QC1MIN, QC1MAX, ...
    QC2MIN, QC2MAX, RAMP_AGC, RAMP_10, RAMP_30, RAMP_Q, APF] = idx_gen;
[CT_LABEL, CT_PROB, CT_TABLE, CT_TBUS, CT_TGEN, CT_TBRCH, CT_TAREABUS, ...
    CT_TAREAGEN, CT_TAREABRCH, CT_ROW, CT_COL, CT_CHGTYPE, CT_REP, ...
    CT_REL, CT_ADD, CT_NEWVAL, CT_TLOAD, CT_TAREALOAD, CT_LOAD_ALL_PQ, ...
    CT_LOAD_FIX_PQ, CT_LOAD_DIS_PQ, CT_LOAD_ALL_P, CT_LOAD_FIX_P, ...
    CT_LOAD_DIS_P, CT_TGENCOST, CT_TAREAGENCOST, CT_MODCOST_F, ...
    CT_MODCOST_X] = idx_ct;

solarprofile = struct( ...
    'type', 'mpcData', ...
    'table', CT_TGEN, ...
    'rows', [1:12], ...
    'col', PMAX, ...
    'chgtype', 1, ...
    'values', [] );
solarprofile.values(:,1,:) = [
	0.0 0.0 0.0 0.0 0.0 0.0 0.0 0.0 0.0 0.0 0.0 0.0;
	0.0 0.0 0.0 0.0 0.0 0.0 0.0 0.0 0.0 0.0 0.0 0.0;
	0.0 0.0 0.0 0.0 0.0 0.0 0.0 0.0 0.0 0.0 0.0 0.0;
	0.0 0.0 0.0 0.0 0.0 0.0 0.0 0.0 0.0 0.0 0.0 0.0;
	0.0 0.0 0.0 0.0 0.0 0.0 0.0 0.0 0.0 0.0 0.0 0.0;
	0.0951 0.0972 0.1068 0.0 0.0 0.1251 0.0156 0.1784 0.0 0.0 0.0 0.0;
	1.4065 1.2447 1.586 3.6442 6.107 54.3581 6.7948 17.7844 17.8054 29.9504 17.0074 54.2404;
	2.732 3.0123 3.378 3.8273 9.4954 141.4295 17.6787 9.2895 55.9888 117.8518 37.1964 213.4303;
	4.4658 6.3005 5.1753 2.9844 10.0222 153.6054 19.2007 5.9745 101.3538 221.9175 77.6893 401.8939;
	16.945 15.9383 13.2712 5.991 6.5789 274.859 34.3574 54.3901 254.3629 267.1958 128.8567 483.8931;
	22.8022 16.0915 13.345 6.1911 5.5689 297.9992 37.2499 65.8478 255.7692 291.652 161.1859 528.1835;
	23.5854 16.1724 13.4911 5.898 4.7287 358.8746 44.8593 72.737 248.3195 291.3744 163.186 527.6809;
	24.1979 16.7715 13.8268 3.0952 0.6017 378.235 47.2794 70.6766 191.5872 209.6259 116.5453 379.6338;
	20.6163 16.3784 13.422 3.4453 0.6102 372.2756 46.5344 64.8615 123.7021 201.9725 95.6098 365.7734;
	14.3039 12.833 9.5621 3.2149 0.2582 328.8106 41.1013 57.5154 64.3923 160.046 64.6234 289.8444;
	4.8793 4.4067 3.3037 2.175 0.6091 110.544 13.818 10.0006 5.6301 22.578 4.8472 40.8889;
	1.0143 0.7631 0.5833 0.7232 0.7125 61.4077 7.676 6.4534 20.2684 8.0244 3.8111 14.5321;
	0.0 0.0 0.0 0.0 0.0 0.0 0.0 0.0 0.0 0.0 0.0 0.0;
	0.0 0.0 0.0 0.0 0.0 0.0 0.0 0.0 0.0 0.0 0.0 0.0;
	0.0 0.0 0.0 0.0 0.0 0.0 0.0 0.0 0.0 0.0 0.0 0.0;
	0.0 0.0 0.0 0.0 0.0 0.0 0.0 0.0 0.0 0.0 0.0 0.0;
	0.0 0.0 0.0 0.0 0.0 0.0 0.0 0.0 0.0 0.0 0.0 0.0;
	0.0 0.0 0.0 0.0 0.0 0.0 0.0 0.0 0.0 0.0 0.0 0.0;
	0.0 0.0 0.0 0.0 0.0 0.0 0.0 0.0 0.0 0.0 0.0 0.0;
];
