function loadprofile = ex_load_profilesh1
%EX_LOAD_PROFILE  Example load profile data file for stochastic unit commitment.
% 2022.03.12
% Andres F. Ramirez

%% define constants
[CT_LABEL, CT_PROB, CT_TABLE, CT_TBUS, CT_TGEN, CT_TBRCH, CT_TAREABUS, ...
    CT_TAREAGEN, CT_TAREABRCH, CT_ROW, CT_COL, CT_CHGTYPE, CT_REP, ...
    CT_REL, CT_ADD, CT_NEWVAL, CT_TLOAD, CT_TAREALOAD, CT_LOAD_ALL_PQ, ...
    CT_LOAD_FIX_PQ, CT_LOAD_DIS_PQ, CT_LOAD_ALL_P, CT_LOAD_FIX_P, ...
    CT_LOAD_DIS_P, CT_TGENCOST, CT_TAREAGENCOST, CT_MODCOST_F, ...
    CT_MODCOST_X] = idx_ct;

loadprofile = struct( ...
    'type', 'mpcData', ...
    'table', CT_TAREALOAD, ...
    'rows', [1:11], ...
    'col', CT_LOAD_ALL_P, ...
    'chgtype', 1, ...
    'values', [] );
loadprofile.values(:,1,:) = [
	1479.2805 951.1077 1642.074 601.9096 762.5312 1219.44 854.4948 231.9125 520.1833 4560.4844 1674.8191;
	1464.3176 940.8601 1616.123 594.9694 750.5409 1205.7513 855.1 224.0 505.0835 4473.4386 1651.6652;
	1468.6 970.7447 1671.2355 593.0055 788.9 1187.5122 861.3321 234.1964 525.0864 4484.1996 1695.3166;
	1554.8935 1049.7239 1776.0605 598.9 851.9614 1276.2714 911.4 251.2979 545.2 4674.9424 1777.6591;
	1704.5779 1165.2816 2010.2495 608.3395 1028.3535 1439.0809 1015.0 280.0467 621.3926 5164.4704 1989.9486;
	1837.3951 1256.7611 2153.7119 606.8605 1083.0712 1510.7015 1084.8697 324.4834 682.0 5736.1444 2168.0491;
	1873.4484 1274.7191 2160.0191 604.9023 1081.1414 1470.3232 1119.149 330.6 701.8436 6062.9851 2200.8326;
	1873.9373 1253.2782 2071.7491 596.4 1011.1583 1465.3008 1149.9292 327.1075 716.8568 6223.9 2175.1528;
	1873.661 1242.1 2109.7 584.186 976.0175 1514.7691 1170.8 334.7756 717.1994 6311.137 2155.101;
	1908.2877 1242.3749 2038.3083 586.2802 944.6135 1467.7 1129.8 322.4 714.2953 6325.4915 2173.2619;
	1874.1229 1217.3168 2009.3481 577.8 925.6585 1441.3591 1083.8494 310.9 706.8077 6267.7415 2088.1661;
	1851.298 1209.918 1985.3097 558.9875 905.936 1400.6 1019.1068 317.3 680.4626 6172.2222 2027.1479;
	1832.761 1190.4204 1934.4444 559.5325 884.6013 1413.057 1057.7886 323.0531 671.6 6024.2754 1985.0535;
	1788.3338 1214.3419 1907.6 553.4345 865.4003 1437.5826 1044.4977 325.7773 667.9 6071.056 2027.7986;
	1767.2822 1188.4557 1865.7 548.5176 865.8893 1414.506 1030.3 319.7742 674.4354 6125.0373 2121.143;
	1796.4178 1174.4931 1807.0322 548.6 864.8789 1431.0874 1042.569 325.1156 679.1 6205.1812 2156.4884;
	1790.2863 1170.9952 1849.7421 558.4822 894.8694 1496.3135 1100.8562 353.033 712.3367 6153.3192 2264.7248;
	1877.6693 1234.5696 1957.606 587.9763 947.6217 1590.0422 1147.6481 362.9 736.9029 6141.8764 2387.8013;
	1817.7 1207.0655 1948.0 589.6107 956.2881 1529.6639 1153.4269 359.6193 723.1179 6010.431 2350.2443;
	1750.1269 1131.2482 1832.1167 584.3483 908.83 1472.682 1092.6607 359.1319 679.6367 5817.5359 2273.0137;
	1652.6333 1033.6774 1719.2339 566.8 835.5633 1382.6769 1034.4845 324.4469 639.6 5524.6254 2084.5173;
	1565.9998 965.8236 1608.3232 567.2239 784.3371 1283.355 915.3 294.9 563.2 5060.6518 1820.5093;
	1512.5 921.1711 1558.9251 553.2328 792.1608 1269.506 865.3 280.672 501.3466 4607.9422 1734.0634;
	1472.2594 906.2029 1527.9129 547.772 782.0517 1172.7544 807.8577 260.4015 434.5122 4200.9374 1638.2219;
];
