function loadprofile = ex_load_profilesh1
%EX_LOAD_PROFILE  Example load profile data file for stochastic unit commitment.
% 2022.03.12
% Andres F. Ramirez

%% define constants
[CT_LABEL, CT_PROB, CT_TABLE, CT_TBUS, CT_TGEN, CT_TBRCH, CT_TAREABUS, ...
    CT_TAREAGEN, CT_TAREABRCH, CT_ROW, CT_COL, CT_CHGTYPE, CT_REP, ...
    CT_REL, CT_ADD, CT_NEWVAL, CT_TLOAD, CT_TAREALOAD, CT_LOAD_ALL_PQ, ...
    CT_LOAD_FIX_PQ, CT_LOAD_DIS_PQ, CT_LOAD_ALL_P, CT_LOAD_FIX_P, ...
    CT_LOAD_DIS_P, CT_TGENCOST, CT_TAREAGENCOST, CT_MODCOST_F, ...
    CT_MODCOST_X] = idx_ct;

loadprofile = struct( ...
    'type', 'mpcData', ...
    'table', CT_TAREALOAD, ...
    'rows', [1:11], ...
    'col', CT_LOAD_ALL_P, ...
    'chgtype', 1, ...
    'values', [] );
loadprofile.values(:,1,:) = [
	1366.5754 905.3214 1562.1 527.2378 755.4655 1167.4737 830.8619 269.4676 508.0294 4444.6459 1658.422;
	1350.3144 898.0085 1552.0 530.8112 756.9584 1169.8592 840.068 276.9061 499.3725 4386.9184 1649.6082;
	1373.3735 920.8674 1599.4783 513.6468 783.7 1191.315 831.0 279.515 500.9686 4421.8426 1647.4;
	1421.9835 974.0577 1660.7957 510.5908 831.0 1259.1296 878.7766 297.8348 525.542 4589.2374 1665.7014;
	1585.6008 1109.9266 1862.3819 556.2099 932.4959 1439.2921 998.4781 348.0809 615.9904 5121.1956 1946.3206;
	1713.0945 1209.0642 1988.7145 569.1366 1001.7299 1518.4307 1101.5 378.8485 692.6 5746.5156 2139.9168;
	1692.9966 1192.7 1921.4528 561.1016 970.7903 1481.7633 1089.1381 367.7032 689.4466 6006.0377 2139.7238;
	1678.1806 1172.9618 1849.2033 567.7262 932.7294 1457.9187 1075.4 344.3 702.3 6166.9215 2163.9762;
	1690.2799 1164.8424 1912.0193 556.8349 954.7 1426.1369 1078.7215 343.2 697.7 6265.8288 2113.1457;
	1663.2808 1157.1921 1891.9735 561.9828 946.5826 1397.6137 1042.9044 326.9004 694.7 6299.8796 2057.1916;
	1630.5489 1185.0197 1928.0092 558.6589 910.3923 1354.0652 1011.7442 325.6129 674.9 6245.277 2058.7438;
	1528.4288 1181.0337 1941.8169 540.7147 908.9831 1357.177 1008.2797 329.5601 665.981 6282.7 2060.1126;
	1511.2536 1191.9302 1903.3113 533.3474 911.6375 1318.4949 1030.6395 319.5229 666.9991 6314.1159 2092.412;
	1505.845 1190.0176 1917.3075 540.5 901.3084 1312.9054 1003.3233 319.2854 650.2101 6260.3159 2106.6433;
	1539.1244 1192.6 1899.6106 536.8 913.8981 1289.8856 995.8 319.9808 646.5 6181.9775 2149.5847;
	1562.1804 1190.0755 1944.6268 530.7547 911.2 1317.6342 1014.0186 311.3961 645.0756 6080.7696 2216.7049;
	1578.8738 1200.7794 1991.2768 522.9749 922.2262 1380.8578 1035.0109 322.966 677.1826 5947.985 2242.0095;
	1640.6624 1247.3252 2055.7048 533.6792 949.4873 1466.3534 1130.8839 340.5 697.2315 6095.501 2401.8275;
	1688.742 1249.2359 2056.9702 505.018 926.1363 1451.343 1129.4719 331.0189 707.9292 6016.2395 2399.3646;
	1642.2206 1142.3847 1897.6615 508.4606 872.3674 1361.661 1069.1523 323.753 685.3482 5824.1681 2289.5629;
	1591.0683 1083.7295 1767.6435 503.161 798.0946 1230.0925 978.1927 303.1058 629.1001 5473.8975 2086.0811;
	1470.7744 997.2689 1663.5174 499.0715 786.3977 1152.3436 908.2384 274.2363 578.3949 5076.6952 1895.2458;
	1410.1502 953.1967 1638.4733 442.0735 796.5529 1113.0691 866.6026 266.6 529.685 4830.0958 1777.0971;
	1385.0896 925.1365 1594.8211 432.4758 769.6 1099.4585 809.0 232.0017 500.6 4530.5804 1681.646;
];
