function windprofile = ex_wind_profilesh1
%EX_WIND_PROFILE_D  Example wind_load_nyiso profile data for deterministic unit commitment.
% 2022.03.12
% Andres F. Ramirez


%% define constants
[GEN_BUS, PG, QG, QMAX, QMIN, VG, MBASE, GEN_STATUS, PMAX, PMIN, ...
    MU_PMAX, MU_PMIN, MU_QMAX, MU_QMIN, PC1, PC2, QC1MIN, QC1MAX, ...
    QC2MIN, QC2MAX, RAMP_AGC, RAMP_10, RAMP_30, RAMP_Q, APF] = idx_gen;
[CT_LABEL, CT_PROB, CT_TABLE, CT_TBUS, CT_TGEN, CT_TBRCH, CT_TAREABUS, ...
    CT_TAREAGEN, CT_TAREABRCH, CT_ROW, CT_COL, CT_CHGTYPE, CT_REP, ...
    CT_REL, CT_ADD, CT_NEWVAL, CT_TLOAD, CT_TAREALOAD, CT_LOAD_ALL_PQ, ...
    CT_LOAD_FIX_PQ, CT_LOAD_DIS_PQ, CT_LOAD_ALL_P, CT_LOAD_FIX_P, ...
    CT_LOAD_DIS_P, CT_TGENCOST, CT_TAREAGENCOST, CT_MODCOST_F, ...
    CT_MODCOST_X] = idx_ct;

windprofile = struct( ...
    'type', 'mpcData', ...
    'table', CT_TGEN, ...
    'rows', [1:45], ...
    'col', PMAX, ...
    'chgtype', 1, ...
    'values', [] );
windprofile.values(:,1,:) = [
	3.6454 49.2575 90.2113 115.1621 15.0747 15.8019 15.7859 17.4553 26.8159 25.2368 46.6499 69.5925 104.7711 6.6922 26.3807 9.9388 12.3314 13.0676 21.0889 31.9738 5.262 36.8711 59.3456 83.3935 95.2587 71.392 7.9206 677.1647 383.5953 383.5953 203.5882 34.1886 70.2963 82.3006 20.981 163.6673 502.9301 51.5092 312.1858 255.1573 14.9073 175.2959 135.3584 213.4793 508.169;
	3.5643 48.1616 89.842 115.5261 15.0047 17.3947 15.0355 16.5735 26.7607 24.8903 46.0093 68.6368 103.3324 4.9545 16.7517 6.3111 7.8304 8.2979 19.9592 17.3244 5.0118 40.5876 60.3917 85.1564 95.0595 70.7866 6.9935 703.2798 360.2355 360.2355 168.1533 28.9889 66.5306 44.5929 15.533 153.7005 485.7077 43.7825 318.7254 254.6236 8.2157 192.9652 126.1265 182.2351 490.7672;
	3.2805 44.3274 88.9729 111.1268 15.0986 14.534 13.0853 17.2252 26.9271 23.7487 43.8991 65.4889 98.5931 7.6026 16.8152 6.335 7.8601 8.3294 26.7939 22.7497 4.3618 33.9126 58.7004 85.9853 91.7748 72.1918 7.118 650.733 343.1342 343.1342 158.2956 30.8526 89.3128 58.5579 23.8351 146.4039 431.0719 36.1472 257.7838 245.8253 4.9882 161.2301 97.0381 193.1134 435.5622;
	2.8895 39.0432 89.692 102.3907 14.8945 13.7719 11.3987 15.4467 26.4648 23.8828 44.147 65.8586 99.1498 10.5908 13.6221 5.1321 6.3676 6.7477 13.8623 24.0456 3.7996 32.1344 68.1601 84.4648 92.4843 73.062 7.8975 546.0218 269.4745 269.4745 158.6297 26.4008 46.2077 61.8934 33.2037 114.9758 341.9876 29.098 201.6143 247.7259 0.2404 152.7763 85.5757 190.8365 345.55;
	2.3898 32.2913 89.6968 108.7759 14.8158 15.0909 9.7311 16.7524 15.8129 20.4636 37.8266 56.4298 84.9547 14.1704 18.3345 6.9074 8.5703 9.082 22.8172 25.7726 3.2437 35.2121 53.5472 86.9502 95.1302 73.4945 8.9632 398.7245 209.4775 209.4775 137.8622 25.0712 76.0572 66.3387 44.426 89.3771 198.151 31.392 172.5364 254.813 13.3894 167.4083 85.8701 184.9247 200.2151;
	3.0599 41.3454 91.5108 111.1643 14.4608 23.0432 10.8872 17.5901 10.1468 17.739 32.7903 48.9166 73.6437 28.5253 18.039 6.7961 8.4322 8.9356 33.7467 27.3803 3.6291 53.7675 48.6497 87.2738 96.6442 73.3162 8.1699 309.9626 186.5681 186.5681 126.8495 21.8742 112.4889 70.4768 89.4305 79.6024 163.2628 27.9357 191.8179 258.8684 15.2501 255.6262 88.2136 184.4054 164.9635;
	2.59 34.9968 90.2115 112.0499 14.06 23.1328 11.7318 15.7046 13.1659 24.7144 45.6842 68.1519 102.6023 40.5963 21.0837 7.9432 9.8554 10.4438 37.4278 35.6451 3.9106 53.9766 64.3079 87.8459 97.4121 72.2518 10.4493 262.6645 220.4174 220.4174 114.468 13.6478 124.7593 91.7506 127.275 94.0447 186.1615 20.7078 161.551 260.9254 14.2314 256.6202 93.2906 203.9791 188.1006;
	1.365 18.4437 67.7741 106.2973 13.3834 17.8485 11.9413 16.2135 18.6805 24.4535 45.202 67.4325 101.5192 40.8714 14.6544 5.521 6.8501 7.2591 50.5923 49.8394 3.9804 41.6466 66.9399 88.5357 95.4223 72.094 11.8871 139.7303 145.0244 145.0244 85.4162 7.4228 168.641 128.2868 128.1373 61.8771 103.935 14.5516 169.323 255.5954 9.2723 197.9997 82.4333 176.282 105.0177;
	2.4851 33.5788 84.8063 100.1293 13.5475 23.3708 9.8632 17.6494 20.0516 25.8494 47.7823 71.2817 107.3142 45.2831 14.0366 5.2882 6.5613 6.953 63.1693 47.442 3.2877 54.5319 68.5979 89.2811 96.3955 73.6609 11.9944 143.2377 105.4441 105.4441 77.8353 6.394 210.5644 122.1157 141.9685 44.9895 107.8049 16.8507 131.4383 258.2023 21.1109 259.2603 75.8634 196.0003 108.9278;
	1.8718 25.2921 86.4474 107.8421 12.3946 14.8281 10.2074 17.4183 25.0285 26.6996 49.3537 73.6261 110.8437 42.0206 0.3184 0.12 0.1489 0.1577 70.8068 34.9614 3.4025 34.5989 66.3529 86.6238 97.869 71.095 11.7384 264.4794 200.3205 200.3205 90.503 7.0404 236.0226 89.9906 131.7403 85.4701 205.1361 20.2994 57.8891 262.1491 50.4923 164.4933 73.8481 178.314 207.273;
	1.6217 21.9133 81.5918 103.5107 12.0163 26.587 14.6794 17.005 26.5866 27.5695 50.9617 76.0248 114.455 48.4883 6.5355 2.4622 3.0549 3.2373 67.8029 32.0776 4.8931 62.0363 69.0779 86.4803 88.1892 73.8589 11.8405 428.0292 285.4348 285.4348 168.1568 11.3966 226.0097 82.5679 152.0173 121.7855 322.9985 27.227 173.6335 236.2212 49.9852 294.9383 89.0896 163.7077 326.3631;
	1.74 23.5109 86.8932 94.2328 11.7487 31.3128 21.4031 16.2141 27.1769 29.5501 54.6228 81.4865 122.6775 47.7061 18.8924 7.1176 8.8311 9.3583 82.0296 47.9177 7.1344 73.0632 72.212 83.7551 87.1962 72.3896 11.5089 479.9837 347.6601 347.6601 271.9013 14.5057 273.4322 123.3403 149.565 148.335 405.1364 39.0995 202.3688 233.5614 24.6325 347.3635 104.9282 154.6506 409.3566;
	2.8907 39.0601 90.9574 91.7679 13.972 32.0119 20.511 16.6301 26.9323 28.3885 52.4757 78.2835 117.8554 54.78 39.8803 15.0247 18.6417 19.7547 83.5688 58.8575 6.837 74.6943 69.7612 87.1136 97.8033 73.0838 11.0378 639.157 406.7252 406.7252 283.4751 21.6457 278.5626 151.4993 171.7429 173.5361 541.2092 50.3254 219.4477 261.9731 80.3117 355.1182 131.7677 203.628 546.8468;
	3.6231 48.956 92.5587 111.4419 14.7781 32.157 20.6716 17.2239 26.3069 29.2865 54.1356 80.7597 121.5832 56.8299 55.4699 20.898 25.9289 27.4769 86.3926 58.3668 6.8905 75.033 69.5328 89.2101 100.0367 75.0285 11.5368 834.8781 555.109 555.109 382.443 26.9689 287.9755 150.2362 178.1693 236.8465 680.3004 67.5866 293.7478 267.9555 85.9208 356.7282 141.2037 249.2756 687.3869;
	3.8157 51.5584 93.8708 115.0384 15.2623 34.7228 26.4734 17.9209 28.1038 26.185 48.4026 72.2071 108.7074 63.1487 96.5046 36.3575 45.1103 47.8034 87.3225 55.8815 8.8245 81.0198 51.3415 89.6583 101.1327 75.2108 12.6975 1068.7617 652.277 652.277 501.7751 29.1655 291.0749 143.8392 197.9796 278.3048 894.4666 100.6537 441.1581 270.891 109.514 385.1913 169.88 254.3191 903.784;
	3.9264 53.0549 95.1616 116.4462 15.4022 35.1616 29.893 17.4569 28.4541 22.3856 41.3795 61.73 92.9342 66.218 140.8923 53.0804 65.859 69.7909 91.0563 65.8802 9.9643 82.0437 45.7794 90.1232 103.6797 72.2287 12.9801 1170.9189 731.6518 731.6518 682.9484 36.22 303.521 169.5759 207.6025 312.1714 986.4932 145.0125 414.2937 277.7135 108.8407 390.0591 195.303 256.446 996.7691;
	3.9112 52.8487 94.2698 116.824 15.2656 35.1498 30.1256 17.7801 27.4723 20.2805 37.4882 55.9251 84.1949 64.5759 164.7691 62.0758 77.02 81.6182 88.4211 68.0265 10.0419 82.0161 31.8256 90.0359 104.4576 74.1672 12.7041 1167.3039 756.3058 756.3058 744.8558 75.6297 294.7369 175.1004 202.4541 322.6905 1024.1639 200.3277 422.1957 279.797 73.5007 389.9282 211.5955 268.0895 1034.8323;
	3.8572 52.1198 93.7206 114.828 15.2644 34.996 29.0787 18.2389 27.2934 19.0267 35.1705 52.4675 78.9895 63.6842 190.4009 71.7324 89.0014 94.3149 88.4515 70.8437 9.6929 81.6574 31.3312 87.6792 102.6442 75.3584 13.0245 1220.5596 786.1516 786.1516 766.3103 93.708 294.8384 182.3517 199.6585 335.4247 1131.4496 235.3339 432.0102 274.9399 119.6408 388.2227 201.7952 259.7833 1143.2355;
	3.9018 52.7219 91.9793 116.6213 15.2206 35.0966 30.3778 14.0111 26.3739 21.4682 39.6836 59.2001 89.1254 55.2477 194.8725 73.4171 91.0916 96.5299 85.0101 70.8501 10.1259 81.892 50.7412 86.082 102.6166 65.7592 12.7205 1298.3887 808.743 808.743 719.9751 106.3213 283.3669 182.3683 173.2091 345.0637 1164.3581 238.7328 434.564 274.8659 119.4673 389.3377 209.2875 268.4952 1176.4868;
