function windprofile = ex_wind_profilesh1
%EX_WIND_PROFILE_D  Example wind_load_nyiso profile data for deterministic unit commitment.
% 2022.03.12
% Andres F. Ramirez


%% define constants
[GEN_BUS, PG, QG, QMAX, QMIN, VG, MBASE, GEN_STATUS, PMAX, PMIN, ...
    MU_PMAX, MU_PMIN, MU_QMAX, MU_QMIN, PC1, PC2, QC1MIN, QC1MAX, ...
    QC2MIN, QC2MAX, RAMP_AGC, RAMP_10, RAMP_30, RAMP_Q, APF] = idx_gen;
[CT_LABEL, CT_PROB, CT_TABLE, CT_TBUS, CT_TGEN, CT_TBRCH, CT_TAREABUS, ...
    CT_TAREAGEN, CT_TAREABRCH, CT_ROW, CT_COL, CT_CHGTYPE, CT_REP, ...
    CT_REL, CT_ADD, CT_NEWVAL, CT_TLOAD, CT_TAREALOAD, CT_LOAD_ALL_PQ, ...
    CT_LOAD_FIX_PQ, CT_LOAD_DIS_PQ, CT_LOAD_ALL_P, CT_LOAD_FIX_P, ...
    CT_LOAD_DIS_P, CT_TGENCOST, CT_TAREAGENCOST, CT_MODCOST_F, ...
    CT_MODCOST_X] = idx_ct;

windprofile = struct( ...
    'type', 'mpcData', ...
    'table', CT_TGEN, ...
    'rows', [1:45], ...
    'col', PMAX, ...
    'chgtype', 1, ...
    'values', [] );
windprofile.values(:,1,:) = [
	1.6738 22.6174 86.7198 110.7707 13.963 13.0804 8.6435 17.0997 24.428 25.5645 47.2555 70.496 106.1313 6.501 17.4222 6.5637 8.1439 8.6301 13.738 27.0978 2.8812 30.5209 65.689 81.4782 94.8399 70.4946 7.0952 672.8854 366.7154 366.7154 223.9634 35.5709 45.7935 69.7499 20.3817 156.4652 488.942 52.2494 203.3259 254.0353 8.0222 145.1053 95.126 211.1161 494.0351;
	2.6467 35.7622 87.4985 109.8911 14.3729 12.6278 12.3175 16.9165 23.8075 24.43 45.1585 67.3677 101.4216 6.9516 7.6494 2.8819 3.5757 3.7891 11.8489 13.6519 4.1058 29.4649 67.6215 83.3159 96.0873 74.3423 7.01 693.5226 365.105 365.105 191.7763 30.5179 39.4962 35.14 21.7941 155.7781 496.4858 52.8347 240.939 257.3766 11.4834 140.0844 92.0671 218.2281 501.6576;
	2.9474 39.8259 87.9591 110.1892 14.5568 12.5274 10.2013 17.6075 25.4992 23.0299 42.5704 63.5067 95.609 7.7647 7.5901 2.8595 3.5479 3.7598 20.2157 15.2568 3.4004 29.2307 69.8281 83.9225 99.0528 74.6233 8.3236 633.5044 344.9513 344.9513 171.8877 33.4829 67.3857 39.2711 24.3433 147.1792 413.4889 40.4694 210.5065 265.32 36.962 138.9709 77.0739 211.4522 417.7961;
	2.8328 38.2767 91.2281 108.9439 14.466 12.1469 11.0065 17.8203 25.5738 23.5811 43.5893 65.0266 97.8972 9.8769 2.2244 0.838 1.0398 1.1018 9.4197 16.5217 3.6688 28.3427 69.8928 84.6766 101.5907 74.4972 9.7874 517.3356 272.576 272.576 177.2067 28.0684 31.3991 42.527 30.9656 116.2991 314.8032 33.2398 177.5657 272.1181 23.1706 134.7493 75.7116 218.5752 318.0824;
	2.2505 30.4093 89.4302 110.1598 14.3008 14.516 9.5953 17.03 15.3506 20.3466 37.6105 56.1074 84.4694 14.0717 15.3915 5.7987 7.1946 7.6242 18.2393 22.3158 3.1984 33.8707 57.3282 82.3732 100.0554 72.4194 8.5693 396.0898 212.4455 212.4455 168.1894 26.7229 60.7976 57.4411 44.1167 90.6434 186.6035 32.5677 171.6229 268.0054 14.613 161.031 81.8832 233.491 188.5473;
	2.8756 38.8563 88.4361 111.9596 14.1246 21.3617 10.3897 18.3311 9.3591 19.7644 36.5341 54.5017 82.052 26.7704 18.5619 6.9931 8.6766 9.1946 31.7767 24.9484 3.4632 49.844 59.6642 82.6975 100.8175 72.6797 8.3159 296.5157 195.1105 195.1105 148.8075 25.4501 105.9224 64.2173 83.929 83.2471 153.8212 34.0556 196.029 270.0469 14.089 236.9725 86.7832 235.7599 155.4235;
	2.251 30.416 85.3118 107.1694 13.8319 22.1193 10.9817 17.1801 11.1116 25.5064 47.1482 70.3359 105.8903 38.3692 19.1608 7.2187 8.9566 9.4913 33.6085 27.8066 3.6606 51.6118 69.0146 82.6841 98.7197 71.713 10.74 261.9862 209.9741 209.9741 97.4516 15.869 112.0282 71.5742 120.2925 89.5889 167.8584 19.0517 157.5821 264.4279 10.778 245.3773 87.9229 235.0993 169.6069;
	1.5706 21.2223 67.405 113.2593 14.1745 19.166 12.2043 18.3485 18.0045 27.0863 50.0685 74.6924 112.449 41.3306 26.5747 10.0118 12.4221 13.1637 51.099 48.5061 4.0681 44.7207 71.3945 85.4306 102.8288 73.7896 13.3336 149.7793 174.158 174.158 82.812 9.7358 170.3301 124.8549 129.577 74.3074 122.6986 14.9579 173.4118 275.4343 11.0782 212.6149 88.2553 220.1019 123.9767;
	2.1819 29.4825 79.9377 103.7388 13.5941 23.7686 10.6101 17.6373 19.0843 25.7512 47.6007 71.0108 106.9064 42.8384 21.6146 8.1432 10.1036 10.7068 64.159 45.441 3.5367 55.4601 69.3606 81.7283 98.239 69.2686 12.5973 155.6021 150.3927 150.3927 81.7975 7.92 213.8633 116.9653 134.3041 64.1675 131.3631 21.9327 138.0234 263.1403 20.8331 263.6734 76.8101 242.3138 132.7314;
	1.7931 24.2286 82.7841 111.3257 11.5768 14.7492 10.3593 17.2455 24.5402 26.9998 49.9087 74.454 112.0901 40.8709 1.1863 0.4469 0.5545 0.5876 69.9481 41.1722 3.4531 34.4148 68.5625 78.5855 99.8326 66.7495 12.251 241.3735 214.792 214.792 88.2874 9.7263 233.1602 105.9774 128.1358 91.6446 220.6413 21.7631 21.1051 267.4088 21.2697 163.6179 76.2732 226.9484 222.9396;
	1.4872 20.0957 83.5177 116.0277 11.7065 27.9993 15.0828 18.1957 26.814 28.0542 51.8578 77.3616 116.4675 48.9096 0.3626 0.1366 0.1695 0.1796 63.5382 29.5259 5.0276 65.3318 70.2341 86.8829 101.1781 72.2663 12.6534 365.2485 264.134 264.134 122.6026 13.045 211.7939 75.9996 153.3383 112.6972 314.4789 22.5047 172.7029 271.0128 43.0994 310.606 92.5377 201.8994 317.7548;
	1.6171 21.8508 86.8839 97.1695 10.0658 32.1158 20.9305 18.263 26.585 27.881 51.5376 76.884 115.7484 53.53 15.9852 6.0223 7.4721 7.9182 75.577 44.5815 6.9768 74.9369 72.762 83.3319 99.0483 70.4446 12.5406 458.785 333.6433 333.6433 234.0965 17.5915 251.9234 114.753 167.8238 142.3545 410.6013 35.2998 205.0847 265.308 29.6985 356.2713 112.832 198.9236 414.8784;
	2.7802 37.566 85.0519 90.1604 12.0416 32.2106 21.7786 17.4961 27.4688 28.1128 51.966 77.5231 116.7106 58.784 42.0306 15.8348 19.6469 20.8198 84.3673 53.4803 7.2595 75.1581 70.1031 79.1676 97.836 69.4855 11.3648 600.625 431.8262 431.8262 293.5681 22.9209 281.2244 137.6583 184.2956 184.2458 574.3383 51.3505 228.5811 262.0607 4.4317 357.3231 143.2545 229.5203 580.321;
	3.2893 44.4454 79.0755 99.0339 11.4979 30.5162 21.8654 16.7915 26.6461 28.7144 53.0781 79.1821 119.2083 60.1433 64.8799 24.4431 30.3276 32.1382 89.0441 52.0909 7.2885 71.2046 64.6571 76.4015 92.9738 65.9025 10.943 763.8629 571.426 571.426 368.3871 28.3418 296.8137 134.0821 188.5573 243.8084 711.0322 74.4002 294.4422 249.0369 0.7605 338.5268 133.4699 251.2675 718.4388;
	3.565 48.171 85.9139 107.8575 13.156 31.8672 25.0692 18.4243 27.3709 25.5134 47.1611 70.3551 105.9192 63.7892 92.9477 35.0175 43.4477 46.0416 86.0376 52.1212 8.3564 74.3568 45.5118 81.9821 99.5188 69.4878 12.9177 918.8007 647.756 647.756 456.6963 34.753 286.7921 134.1602 199.9877 276.3759 900.3986 111.9506 412.4555 266.5681 5.2594 353.5136 153.4133 254.3804 909.7778;
	3.5538 48.0198 86.1617 110.1499 13.6174 32.0669 27.0674 17.2545 26.126 21.2792 39.3342 58.6789 88.3408 63.9237 119.3014 44.9461 55.7665 59.0958 86.9088 55.3441 9.0225 74.8228 44.4661 79.7477 97.3186 65.8696 11.9241 971.7237 704.9482 704.9482 607.7735 47.0736 289.696 142.4559 200.4094 300.7779 916.9319 157.3555 332.1735 260.6748 0.1095 355.7287 162.24 260.4911 926.4832;
	3.2527 43.9509 85.7537 109.8939 14.002 32.0402 30.661 17.2058 27.6206 20.2913 37.5082 55.9548 84.2396 66.0606 171.0927 64.4582 79.9759 84.7506 87.0932 69.1631 10.2203 74.7604 31.4155 81.4853 97.3795 69.4093 11.1322 1040.3155 753.3541 753.3541 684.0669 78.0628 290.3108 178.0259 207.1088 321.4311 990.2603 209.5607 401.7473 260.838 0.0 355.4321 190.182 269.8559 1000.5755;
	3.1629 42.7374 91.1044 112.9179 14.0717 32.1789 28.4276 18.2415 26.4234 18.4713 34.1439 50.936 76.6839 63.6259 179.0495 67.4558 83.6952 88.6919 85.2818 69.5335 9.4759 75.084 40.5387 84.7488 101.9256 71.837 12.9536 1044.3003 727.7992 727.7992 663.155 89.9559 284.2725 178.9794 199.4759 310.5276 959.9802 230.1487 421.0422 273.015 96.3186 356.971 174.2749 263.4068 969.98;
	2.0153 27.231 87.7906 111.6419 14.0035 32.0145 29.1717 13.1004 26.7582 21.6868 40.0878 59.8031 90.0332 61.3262 179.1655 67.4996 83.7495 88.7494 83.9079 67.2607 9.7239 74.7005 58.117 83.5739 100.1299 60.0525 12.0221 1144.0762 709.9017 709.9017 615.8774 99.349 279.693 173.1293 192.2659 302.8914 1005.5119 220.8272 435.1118 268.2051 111.8121 355.1477 176.4819 264.1703 1015.986;
