function solarprofile = ex_solar_profilesh1
%EX_WIND_PROFILE_D  Example wind_load_nyiso profile data for deterministic unit commitment.
% 2022.03.12
% Andres F. Ramirez


%% define constants
[GEN_BUS, PG, QG, QMAX, QMIN, VG, MBASE, GEN_STATUS, PMAX, PMIN, ...
    MU_PMAX, MU_PMIN, MU_QMAX, MU_QMIN, PC1, PC2, QC1MIN, QC1MAX, ...
    QC2MIN, QC2MAX, RAMP_AGC, RAMP_10, RAMP_30, RAMP_Q, APF] = idx_gen;
[CT_LABEL, CT_PROB, CT_TABLE, CT_TBUS, CT_TGEN, CT_TBRCH, CT_TAREABUS, ...
    CT_TAREAGEN, CT_TAREABRCH, CT_ROW, CT_COL, CT_CHGTYPE, CT_REP, ...
    CT_REL, CT_ADD, CT_NEWVAL, CT_TLOAD, CT_TAREALOAD, CT_LOAD_ALL_PQ, ...
    CT_LOAD_FIX_PQ, CT_LOAD_DIS_PQ, CT_LOAD_ALL_P, CT_LOAD_FIX_P, ...
    CT_LOAD_DIS_P, CT_TGENCOST, CT_TAREAGENCOST, CT_MODCOST_F, ...
    CT_MODCOST_X] = idx_ct;

solarprofile = struct( ...
    'type', 'mpcData', ...
    'table', CT_TGEN, ...
    'rows', [1:12], ...
    'col', PMAX, ...
    'chgtype', 1, ...
    'values', [] );
solarprofile.values(:,1,:) = [
	0.0 0.0 0.0 0.0 0.0 0.0 0.0 0.0 0.0 0.0 0.0 0.0;
	0.0 0.0 0.0 0.0 0.0 0.0 0.0 0.0 0.0 0.0 0.0 0.0;
	0.0 0.0 0.0 0.0 0.0 0.0 0.0 0.0 0.0 0.0 0.0 0.0;
	0.0 0.0 0.0 0.0 0.0 0.0 0.0 0.0 0.0 0.0 0.0 0.0;
	0.0 0.0 0.0 0.0 0.0 0.0 0.0 0.0 0.0 0.0 0.0 0.0;
	0.1064 0.1327 0.1193 0.0 0.0 0.1251 0.0156 0.1784 0.0 0.0 0.0 0.0;
	1.8091 2.9384 1.3705 2.6381 1.8465 32.5273 4.0659 5.3208 18.3374 58.3077 8.2851 105.5956;
	6.9844 6.7158 5.1029 5.8464 11.5325 105.0955 13.1369 20.7476 42.5356 232.1563 71.8255 420.4364;
	13.178 11.7024 8.3762 9.2243 13.2916 171.548 21.4435 35.978 73.0197 319.8292 121.5579 579.2127;
	22.1199 16.2292 13.1005 10.8013 13.1177 421.2461 52.6558 71.5765 234.9924 316.8614 37.0149 573.838;
	23.2317 16.0546 12.5929 11.1561 12.7993 385.5506 48.1938 72.9537 218.0888 293.6691 36.4338 531.8366;
	21.1477 16.0751 10.6282 11.2056 12.1237 357.2528 44.6566 72.7289 224.2008 292.2788 96.2472 529.3187;
	18.0861 16.2507 11.3427 2.4518 4.9682 377.8847 47.2356 69.7221 251.0248 297.453 191.4764 538.6892;
	13.2178 12.0347 9.5207 1.2653 3.8941 402.2886 50.2861 68.2669 257.9097 323.2187 210.6389 585.351;
	6.5613 5.8413 6.2361 0.9497 3.3029 410.1235 51.2654 63.4133 237.9723 330.0708 217.3129 597.7602;
	2.7822 2.3187 3.1129 1.4146 3.9342 203.5058 25.4382 21.6587 35.8561 240.6774 84.153 435.8682;
	0.9171 0.7433 0.5929 0.7644 2.1964 36.6322 4.579 6.8531 20.3797 40.4515 26.5927 73.2578;
	0.0 0.0 0.0 0.0 0.0 0.0 0.0 0.0 0.0 0.0 0.0 0.0;
	0.0 0.0 0.0 0.0 0.0 0.0 0.0 0.0 0.0 0.0 0.0 0.0;
	0.0 0.0 0.0 0.0 0.0 0.0 0.0 0.0 0.0 0.0 0.0 0.0;
	0.0 0.0 0.0 0.0 0.0 0.0 0.0 0.0 0.0 0.0 0.0 0.0;
	0.0 0.0 0.0 0.0 0.0 0.0 0.0 0.0 0.0 0.0 0.0 0.0;
	0.0 0.0 0.0 0.0 0.0 0.0 0.0 0.0 0.0 0.0 0.0 0.0;
	0.0 0.0 0.0 0.0 0.0 0.0 0.0 0.0 0.0 0.0 0.0 0.0;
];
