function loadprofile = ex_load_profilesh1
%EX_LOAD_PROFILE  Example load profile data file for stochastic unit commitment.
% 2022.03.12
% Andres F. Ramirez

%% define constants
[CT_LABEL, CT_PROB, CT_TABLE, CT_TBUS, CT_TGEN, CT_TBRCH, CT_TAREABUS, ...
    CT_TAREAGEN, CT_TAREABRCH, CT_ROW, CT_COL, CT_CHGTYPE, CT_REP, ...
    CT_REL, CT_ADD, CT_NEWVAL, CT_TLOAD, CT_TAREALOAD, CT_LOAD_ALL_PQ, ...
    CT_LOAD_FIX_PQ, CT_LOAD_DIS_PQ, CT_LOAD_ALL_P, CT_LOAD_FIX_P, ...
    CT_LOAD_DIS_P, CT_TGENCOST, CT_TAREAGENCOST, CT_MODCOST_F, ...
    CT_MODCOST_X] = idx_ct;

loadprofile = struct( ...
    'type', 'mpcData', ...
    'table', CT_TAREALOAD, ...
    'rows', [1:11], ...
    'col', CT_LOAD_ALL_P, ...
    'chgtype', 1, ...
    'values', [] );
loadprofile.values(:,1,:) = [
	1505.409 945.6711 1632.4712 546.4399 810.2034 1089.9656 844.5709 252.5022 506.2 4287.7 1678.1;
	1510.7384 948.4267 1676.986 528.8202 807.9404 1078.8821 852.522 260.1476 508.1349 4364.356 1694.7745;
	1533.9823 963.3151 1658.7828 554.719 802.0 1090.0247 877.448 251.4431 514.6 4428.6309 1764.6;
	1587.9 1043.0499 1819.3488 552.7525 893.105 1168.7811 917.5973 272.8876 541.4576 4615.9833 1863.9653;
	1724.3128 1155.4676 1989.3602 583.2 989.9778 1330.3674 1013.7 308.7559 612.492 5153.1255 2074.2166;
	1814.4424 1218.7154 2091.2769 604.3431 1061.2392 1442.0013 1090.0711 346.626 681.9182 5692.8475 2198.2229;
	1815.7561 1225.3 2038.2204 592.5 1058.5343 1431.041 1133.4724 353.1 681.9 6039.5194 2227.4459;
	1846.7461 1204.4535 1996.0699 584.3992 1038.5496 1378.5302 1136.8084 342.2 694.4618 6231.483 2182.7078;
	1865.1003 1227.0992 2019.418 581.3746 1026.7565 1338.3 1158.4138 352.0 687.4001 6228.9864 2135.4679;
	1859.3 1230.8433 2019.7463 565.306 1029.4387 1335.2385 1162.3413 360.3 681.4118 6327.8671 2131.6903;
	1830.3989 1207.1101 2023.3644 567.221 1019.5722 1334.2421 1150.2683 365.101 686.0 6348.0624 2163.918;
	1815.323 1178.8805 1976.7604 552.19 958.9609 1273.7436 1110.7564 341.4401 676.6 6254.3536 2068.4763;
	1810.5346 1162.4296 1941.7577 556.026 925.7556 1251.9421 1097.7456 351.7822 662.8405 6224.0666 2020.6266;
	1775.0587 1150.2328 1929.9437 547.6 943.8031 1199.765 1067.9391 362.8209 663.0522 6204.8347 2050.0526;
	1749.6175 1167.318 1936.5869 533.1712 902.1584 1257.3117 1055.0 353.0526 667.3 6164.644 2095.7728;
	1692.2233 1141.6641 1898.0612 530.0579 894.7117 1257.456 1030.5 342.0067 656.5161 6094.6536 2086.617;
	1728.1868 1157.8412 1885.0573 558.8074 900.2178 1324.0968 1068.0 360.0102 680.8 6020.1484 2253.0451;
	1769.3 1204.2 1973.1 579.7099 984.8643 1433.9149 1141.9489 388.592 725.0233 6095.198 2387.0952;
	1819.2318 1206.6787 1990.8874 575.2638 966.225 1425.9 1185.751 403.2533 720.9679 6082.0046 2380.1183;
	1709.6557 1123.4693 1884.5468 561.5 930.3865 1332.2 1102.0767 377.1711 686.3054 5789.1862 2233.0031;
	1609.8651 1039.9415 1757.1808 538.6969 895.3003 1229.765 1017.9039 340.6875 629.8303 5466.7317 2036.4015;
	1530.9467 983.7 1655.6023 546.6272 835.2 1162.4334 967.4186 314.3603 576.7685 5105.1378 1895.0533;
	1510.5714 933.3842 1620.745 529.8 792.1009 1121.7546 914.3496 277.0112 506.9 4846.4661 1768.5855;
	1427.0663 894.9258 1552.5973 543.8643 740.4834 1102.5516 853.3252 244.1 476.7914 4498.9644 1674.6543;
];
