function loadprofile = ex_load_profilesh1
%EX_LOAD_PROFILE  Example load profile data file for stochastic unit commitment.
% 2022.03.12
% Andres F. Ramirez

%% define constants
[CT_LABEL, CT_PROB, CT_TABLE, CT_TBUS, CT_TGEN, CT_TBRCH, CT_TAREABUS, ...
    CT_TAREAGEN, CT_TAREABRCH, CT_ROW, CT_COL, CT_CHGTYPE, CT_REP, ...
    CT_REL, CT_ADD, CT_NEWVAL, CT_TLOAD, CT_TAREALOAD, CT_LOAD_ALL_PQ, ...
    CT_LOAD_FIX_PQ, CT_LOAD_DIS_PQ, CT_LOAD_ALL_P, CT_LOAD_FIX_P, ...
    CT_LOAD_DIS_P, CT_TGENCOST, CT_TAREAGENCOST, CT_MODCOST_F, ...
    CT_MODCOST_X] = idx_ct;

loadprofile = struct( ...
    'type', 'mpcData', ...
    'table', CT_TAREALOAD, ...
    'rows', [1:11], ...
    'col', CT_LOAD_ALL_P, ...
    'chgtype', 1, ...
    'values', [] );
loadprofile.values(:,1,:) = [
	1463.4879 882.8421 1514.9839 559.1435 700.9009 1123.9085 864.9785 272.4166 508.8855 4463.8138 1723.5968;
	1449.1571 903.0013 1526.4537 558.2347 746.1273 1146.4411 854.3777 288.7 504.3 4453.1326 1735.3381;
	1484.1831 926.1731 1565.8916 563.9361 743.0542 1165.1 881.4936 281.1125 514.2 4540.607 1762.6783;
	1572.6077 1002.5931 1684.7937 570.796 827.8054 1257.9981 928.9603 305.4616 548.401 4742.3867 1857.4032;
	1764.9078 1152.4436 1925.5393 590.2271 956.5329 1415.7811 1046.1269 336.8209 639.3991 5288.0 2106.8763;
	1843.0862 1212.5 2018.9144 581.504 1004.2885 1495.5557 1112.3187 363.6298 693.3 5804.8 2243.1119;
	1891.6192 1248.6 2066.5566 601.7 1011.2806 1465.9226 1137.1034 363.9 705.6172 6114.7702 2327.5413;
	1927.7 1274.064 2030.3449 583.5566 1013.0636 1435.7916 1139.1321 358.5064 709.2703 6264.9825 2352.4384;
	1945.9949 1263.6 2014.6506 572.0 988.2 1397.1279 1139.1827 363.3269 711.7337 6296.3048 2347.6401;
	1915.113 1276.8289 1978.9198 564.3013 965.101 1319.1973 1124.9567 351.8888 702.1854 6334.9278 2293.0143;
	1888.458 1262.6954 1991.3616 558.8 995.0546 1385.7489 1138.859 359.3122 696.7327 6348.8987 2241.2209;
	1892.295 1224.4064 1957.6725 551.5215 907.2178 1307.7922 1109.5692 336.6781 691.7 6254.0 2145.3326;
	1876.9354 1191.9 1914.7628 559.3894 926.0559 1308.6661 1085.1245 339.7948 671.3255 6205.5563 2108.902;
	1803.0583 1128.5861 1838.6724 561.4131 870.3652 1293.1 1142.6487 338.326 703.4994 6264.4272 2236.4307;
	1772.0586 1103.5172 1825.1043 550.2379 902.1 1273.8293 1085.4 348.4336 668.7 6277.9981 2174.1879;
	1774.1803 1122.9472 1830.6657 565.7168 926.5 1316.554 1135.6953 381.3755 691.4743 6241.6534 2227.8256;
	1761.9523 1118.2495 1811.3544 583.1789 952.0 1374.4726 1149.9982 367.1587 686.799 6255.0833 2303.6905;
	1764.1494 1154.0532 1846.3392 592.5589 996.2306 1428.2 1202.6477 373.1 712.6 6217.5283 2427.6849;
	1782.6132 1170.9 1879.0789 582.0 989.3807 1427.3582 1155.1334 358.6133 704.5806 6002.5916 2367.4267;
	1730.6 1118.2526 1783.7 581.5289 926.1726 1346.4342 1112.9644 351.8 683.9142 5817.3123 2271.0682;
	1615.6611 1012.3786 1659.814 561.7098 858.4708 1250.7265 1043.9729 323.3924 639.6589 5547.0 2137.7009;
	1498.582 930.0062 1513.5492 545.4841 774.3924 1160.073 958.0836 292.3121 577.1 5146.1377 1961.4;
	1426.4328 884.7375 1509.8973 540.7294 774.3963 1129.8697 863.9 277.576 534.1 4681.0585 1784.7525;
	1413.9767 855.242 1480.5118 553.5401 738.0 1091.0629 844.4972 254.6 533.5 4531.3173 1719.4464;
];
