function windprofile = ex_wind_profilesh1
%EX_WIND_PROFILE_D  Example wind_load_nyiso profile data for deterministic unit commitment.
% 2022.03.12
% Andres F. Ramirez


%% define constants
[GEN_BUS, PG, QG, QMAX, QMIN, VG, MBASE, GEN_STATUS, PMAX, PMIN, ...
    MU_PMAX, MU_PMIN, MU_QMAX, MU_QMIN, PC1, PC2, QC1MIN, QC1MAX, ...
    QC2MIN, QC2MAX, RAMP_AGC, RAMP_10, RAMP_30, RAMP_Q, APF] = idx_gen;
[CT_LABEL, CT_PROB, CT_TABLE, CT_TBUS, CT_TGEN, CT_TBRCH, CT_TAREABUS, ...
    CT_TAREAGEN, CT_TAREABRCH, CT_ROW, CT_COL, CT_CHGTYPE, CT_REP, ...
    CT_REL, CT_ADD, CT_NEWVAL, CT_TLOAD, CT_TAREALOAD, CT_LOAD_ALL_PQ, ...
    CT_LOAD_FIX_PQ, CT_LOAD_DIS_PQ, CT_LOAD_ALL_P, CT_LOAD_FIX_P, ...
    CT_LOAD_DIS_P, CT_TGENCOST, CT_TAREAGENCOST, CT_MODCOST_F, ...
    CT_MODCOST_X] = idx_ct;

windprofile = struct( ...
    'type', 'mpcData', ...
    'table', CT_TGEN, ...
    'rows', [1:45], ...
    'col', PMAX, ...
    'chgtype', 1, ...
    'values', [] );
windprofile.values(:,1,:) = [
	3.6085 48.7594 87.2901 112.0422 15.2596 14.622 14.4631 17.6548 27.4459 26.8949 49.7149 74.1648 111.6547 7.2132 18.7162 7.0512 8.7487 9.271 9.8624 30.3429 4.821 34.118 63.992 84.024 96.5438 73.1344 8.1457 666.5525 395.4966 395.4966 201.6221 33.4636 32.8746 78.1026 22.6145 168.7452 500.2783 52.329 309.091 258.5994 13.0905 162.2066 128.4908 235.8215 505.4896;
	3.5387 47.8151 87.2609 112.6729 15.2697 15.7567 13.8473 17.1191 27.1697 25.7899 47.6722 71.1175 107.067 8.4008 9.7107 3.6585 4.5392 4.8102 8.3818 16.938 4.6158 36.7657 65.289 83.1724 97.4682 72.2295 7.5564 615.8784 359.4715 359.4715 169.013 27.8359 27.9394 43.5984 26.3376 153.3745 470.595 49.2745 320.2316 261.0755 11.5663 174.7948 120.7693 229.428 475.497;
	3.3865 45.7594 91.577 115.281 15.3263 13.4093 12.0555 17.8902 27.5288 25.1812 46.5471 69.4391 104.5401 8.7478 12.0906 4.5551 5.6517 5.9891 17.5066 24.2866 4.0185 31.2884 68.059 86.1472 101.2549 75.5586 8.7317 606.9757 343.1337 343.1337 155.8987 29.0194 58.3552 62.5137 27.4256 146.4037 408.1138 38.0498 235.3579 271.2186 25.124 148.7539 92.6229 222.9157 412.3649;
	2.9853 40.3384 89.6404 109.7693 15.2774 13.0653 10.992 17.4082 26.3396 24.4015 45.1059 67.2891 101.3034 10.3172 5.4456 2.0516 2.5455 2.6975 7.5784 23.3319 3.664 30.4856 67.2647 83.6645 97.993 75.8604 9.7104 463.0808 245.5722 245.5722 144.0764 19.3124 25.2615 60.0565 32.3457 104.7775 286.1768 28.9877 184.8388 262.4813 5.1793 144.9374 85.7019 218.9208 289.1578;
	2.4622 33.2695 90.0086 113.4418 15.0109 15.2154 10.1501 17.0269 16.8735 22.5557 41.6938 62.199 93.6403 15.5187 9.8444 3.7088 4.6017 4.8764 16.7959 25.8232 3.3834 35.5026 61.6448 82.4634 97.7381 75.5613 9.776 371.2241 210.6024 210.6024 141.8313 17.1624 55.9863 66.4689 48.6533 89.857 177.3952 28.3528 170.9392 261.7986 14.7732 168.7897 89.1217 227.4093 179.2431;
	3.0969 41.8453 89.9098 115.9144 14.6324 22.5391 10.4635 17.4367 9.8708 20.6542 38.179 56.9556 85.7463 28.6504 7.6777 2.8925 3.5889 3.8031 25.7564 26.507 3.4878 52.5912 63.2831 83.4297 99.8196 75.1331 8.483 312.1528 192.9163 192.9163 128.8967 23.2336 85.8546 68.229 89.8228 82.3109 153.7262 28.5105 183.2866 267.3741 12.7397 250.0334 91.686 235.8533 155.3275;
	2.6435 35.7189 89.7786 113.9384 14.4957 21.9846 11.4514 16.8681 12.0319 26.6937 49.343 73.61 110.8195 37.7786 11.3755 4.2856 5.3174 5.6348 24.546 33.2369 3.8171 51.2974 69.7266 83.9246 99.7694 74.6992 11.2317 227.1321 204.1494 204.1494 78.1163 13.4468 81.8199 85.5518 118.4411 87.1038 147.1561 15.8599 149.4356 267.2393 10.8714 243.8823 98.2338 246.9212 148.6889;
	1.9652 26.5539 71.7327 113.6689 14.8595 18.7134 11.6233 17.5575 18.7908 28.0865 51.9174 77.4506 116.6014 39.2747 19.5703 7.373 9.148 9.6941 48.8251 53.9654 3.8744 43.6647 71.8847 85.6867 102.2166 75.891 12.8829 91.0573 153.8311 153.8311 73.4231 6.7623 162.7504 138.9071 123.1314 65.6346 87.2207 14.6477 160.9124 273.7945 7.801 207.5944 96.0834 234.3313 88.1293;
	2.9097 39.3167 85.6714 107.9337 15.1296 24.2419 10.3556 18.1431 21.3732 28.7524 53.1484 79.2869 119.3661 44.0201 9.4616 3.5646 4.4227 4.6868 65.0432 54.7265 3.4519 56.5644 73.7021 87.978 101.7548 75.7512 13.234 96.0546 123.0437 123.0437 62.84 4.8135 216.8108 140.8662 138.009 52.4987 79.5749 15.7245 129.8452 272.5575 15.8271 268.9235 85.0697 256.0244 80.4038;
	2.0399 27.5641 83.1285 109.667 13.911 12.993 9.4541 17.6566 26.519 29.2612 54.089 80.6901 121.4785 47.2742 0.8459 0.3187 0.3954 0.419 76.6524 50.1611 3.1514 30.317 73.1334 85.5455 100.9336 74.4389 12.8367 213.8852 195.7623 195.7623 94.0708 8.0335 255.5081 129.1148 148.2109 83.5252 152.5878 23.2839 2.3281 270.3578 0.1208 144.1355 80.1458 224.1224 154.1772;
	1.6068 21.7112 79.2516 106.6961 13.0806 22.9032 12.3859 17.7496 26.4484 29.6522 54.8116 81.7682 123.1015 48.6495 0.2288 0.0862 0.107 0.1134 63.0969 36.6567 4.1286 53.4408 73.2448 88.3909 98.7772 76.0994 12.6846 319.0649 240.7881 240.7881 153.3696 12.5 210.323 94.3545 152.5228 102.7363 267.4704 24.6964 145.6859 264.5817 0.0726 254.0728 83.2618 203.6083 270.2565;
	1.6917 22.8592 84.4111 96.0598 12.8993 28.0015 19.4977 17.8429 27.1192 28.4804 52.6456 78.5369 118.2369 52.5236 1.5291 0.5761 0.7147 0.7574 78.9306 50.6499 6.4992 65.3369 71.3621 86.2676 98.6544 72.8303 12.4721 431.8109 345.6306 345.6306 271.5667 16.9051 263.1021 130.3731 164.6687 147.4691 409.7644 40.8092 213.8468 264.2528 0.3603 310.6301 103.6558 188.21 414.0328;
	2.8346 38.3012 89.6716 90.5222 14.4845 28.3603 19.5323 17.4101 26.7641 28.337 52.3805 78.1414 117.6415 52.7786 38.9562 14.6765 18.2097 19.2969 82.0469 59.3629 6.5108 66.1741 72.1071 85.6293 101.9624 75.4758 11.6463 561.8594 410.2717 410.2717 287.7626 22.2829 273.4897 152.8002 165.468 175.0493 561.183 51.0115 221.2927 273.1135 1.5441 314.6108 126.7371 223.7423 567.0287;
	3.4016 45.9624 86.5667 106.6137 14.8111 28.1845 19.9334 16.3168 24.8142 28.7843 53.2073 79.3748 119.4983 44.4843 42.6097 16.053 19.9176 21.1067 79.81 52.672 6.6445 65.7639 68.7668 84.8564 96.7139 74.5125 10.6564 702.7764 530.7392 530.7392 357.3318 25.2424 266.0333 135.578 139.4644 226.4487 652.0803 73.7696 255.0542 259.0551 0.0117 312.6602 113.7453 251.1361 658.8728;
	3.6503 49.324 87.6493 109.5421 14.9467 32.182 25.0045 16.9536 26.1572 25.9228 47.9179 71.484 107.6188 48.6942 69.1133 26.038 32.3065 34.2352 78.289 50.0636 8.3348 75.0914 50.9262 83.9541 96.4977 73.4135 11.8743 906.0453 603.01 603.01 441.937 32.435 260.9632 128.8638 152.6628 257.2843 861.7625 101.2403 396.4388 258.4759 0.6579 357.006 149.2039 253.8074 870.7391;
	3.72 50.2655 88.5148 107.3268 14.7003 33.1607 27.1343 17.4837 26.4475 21.2162 39.2177 58.5052 88.0792 54.9337 117.6831 44.3364 55.01 58.2942 86.9365 67.4619 9.0448 77.3749 46.6252 81.5456 96.5546 72.1141 12.695 993.7085 690.9315 690.9315 622.5092 46.8313 289.7885 173.6472 172.2245 294.7974 931.9558 148.7541 364.5529 258.6283 0.8634 367.8622 162.1763 257.8926 941.6637;
	3.6518 49.3442 89.1042 113.8515 14.4279 33.8366 29.055 17.966 26.5556 20.2672 37.4637 55.8885 84.1398 50.0558 131.1909 49.4254 61.3241 64.9853 84.779 67.4679 9.685 78.9521 29.7862 81.8901 98.023 73.6529 12.5093 952.3158 705.0426 705.0426 631.2834 76.4496 282.5967 173.6626 156.9317 300.8182 945.9584 185.6598 389.006 262.5616 6.4433 375.3609 199.8024 267.8006 955.8121;
	3.6607 49.464 93.9657 114.8688 14.8008 33.4016 28.4475 18.1022 26.9977 18.8138 34.7771 51.8806 78.1059 58.9163 159.5831 60.122 74.5958 79.0493 86.3544 71.1197 9.4825 77.9372 34.5169 82.8912 101.7506 74.0195 13.0251 1031.8404 714.0336 714.0336 643.354 90.0298 287.8479 183.0624 184.7106 304.6543 991.9472 215.273 434.9382 272.5463 113.359 370.5355 188.3335 257.3348 1002.28;
	3.7069 50.0884 92.3778 117.025 14.7826 32.5895 29.9272 11.5098 27.4878 21.4001 39.5578 59.0125 88.843 59.6762 176.1962 66.3809 82.3615 87.2786 84.7419 70.0035 9.9757 76.0421 51.6899 82.7699 101.3796 63.711 11.8212 1148.6404 698.0353 698.0353 633.2718 109.0445 282.4731 180.1891 187.093 297.8284 1038.0187 236.5757 451.9793 271.5525 113.8907 361.5259 197.2725 261.5268 1048.8314;
