function windprofile = ex_wind_profilesh1
%EX_WIND_PROFILE_D  Example wind_load_nyiso profile data for deterministic unit commitment.
% 2022.03.12
% Andres F. Ramirez


%% define constants
[GEN_BUS, PG, QG, QMAX, QMIN, VG, MBASE, GEN_STATUS, PMAX, PMIN, ...
    MU_PMAX, MU_PMIN, MU_QMAX, MU_QMIN, PC1, PC2, QC1MIN, QC1MAX, ...
    QC2MIN, QC2MAX, RAMP_AGC, RAMP_10, RAMP_30, RAMP_Q, APF] = idx_gen;
[CT_LABEL, CT_PROB, CT_TABLE, CT_TBUS, CT_TGEN, CT_TBRCH, CT_TAREABUS, ...
    CT_TAREAGEN, CT_TAREABRCH, CT_ROW, CT_COL, CT_CHGTYPE, CT_REP, ...
    CT_REL, CT_ADD, CT_NEWVAL, CT_TLOAD, CT_TAREALOAD, CT_LOAD_ALL_PQ, ...
    CT_LOAD_FIX_PQ, CT_LOAD_DIS_PQ, CT_LOAD_ALL_P, CT_LOAD_FIX_P, ...
    CT_LOAD_DIS_P, CT_TGENCOST, CT_TAREAGENCOST, CT_MODCOST_F, ...
    CT_MODCOST_X] = idx_ct;

windprofile = struct( ...
    'type', 'mpcData', ...
    'table', CT_TGEN, ...
    'rows', [1:45], ...
    'col', PMAX, ...
    'chgtype', 1, ...
    'values', [] );
windprofile.values(:,1,:) = [
	3.3172 44.822 67.9516 110.2715 12.7599 10.8121 13.2754 14.6508 26.382 21.8103 40.3159 60.1434 90.5456 1.0603 18.4471 6.9498 8.6229 9.1377 14.821 20.1918 4.4251 25.2282 38.4888 80.7956 85.3291 60.7654 5.9727 625.5272 386.0181 386.0181 211.5862 39.9614 49.4033 51.9738 3.3243 164.701 465.3672 53.974 278.8251 228.56 7.4148 119.9422 104.069 158.4905 470.2148;
	3.6066 48.7333 84.2898 114.4021 14.0259 13.3521 11.86 13.8667 26.1136 23.1672 42.8242 63.8853 96.179 2.0083 14.944 5.63 6.9854 7.4025 14.2073 14.4434 3.9533 31.1549 46.7881 82.9319 88.6712 68.7178 5.4684 647.6914 378.2951 378.2951 174.9376 32.61 47.3578 37.1774 6.2963 161.4059 465.3858 48.5461 252.2099 237.5123 9.9509 148.1195 103.2362 193.2349 470.2335;
	3.1612 42.7151 87.3065 113.3364 14.5875 11.7666 11.868 17.2178 26.2046 23.5228 43.4815 64.8659 97.6552 5.0892 16.5747 6.2444 7.7477 8.2102 22.1974 22.767 3.956 27.4554 59.4682 86.9586 94.6783 70.9406 8.1872 586.5886 352.6308 352.6308 149.9606 34.219 73.9912 58.6022 15.9553 150.4558 405.6244 36.6284 228.3445 253.6027 4.3606 130.5308 83.584 196.4758 409.8497;
	2.8927 39.0872 87.0938 111.2095 14.0214 11.1351 11.2097 17.3065 26.2791 24.8472 45.9297 68.518 103.1535 9.5107 13.2851 5.0051 6.21 6.5808 13.1021 24.0094 3.7366 25.9819 64.636 85.6682 98.0282 73.4198 9.6869 479.6663 269.7921 269.7921 150.6933 29.1841 43.6736 61.8002 29.8173 115.1113 315.3536 26.8185 182.7646 262.5755 0.0001 123.5251 74.0 207.2534 318.6385;
	2.1411 28.9309 86.1735 111.7617 13.6304 11.6181 9.8577 17.018 16.6893 23.2203 42.9224 64.0318 96.3995 14.1461 21.586 8.1324 10.0902 10.6926 23.9379 27.775 3.2859 27.1088 55.7472 83.0195 96.5422 73.4815 9.6437 334.2786 203.7651 203.7651 134.0885 28.3824 79.7931 71.493 44.35 86.9398 182.8656 28.2451 168.994 258.5952 3.454 128.8831 78.6395 220.1399 184.7705;
	2.9806 40.275 86.9679 113.5857 13.9236 20.0374 10.1985 16.2034 2.8763 18.6578 34.4887 51.4503 77.4582 28.5332 19.1599 7.2184 8.9561 9.4908 35.4326 29.1414 3.3995 46.754 47.5914 82.7598 96.6384 70.1048 7.1834 237.7842 168.2164 168.2164 106.2069 24.3101 118.1087 75.0101 89.4554 71.7723 141.0974 26.9544 183.5298 258.8528 3.1147 222.282 83.987 218.9659 142.5672;
	2.5691 34.7137 83.8203 110.3262 13.6802 20.1899 12.0705 14.4466 6.876 25.5596 47.2466 70.4826 106.1111 40.5295 24.6524 9.2876 11.5236 12.2115 37.817 36.4783 4.0235 47.1099 53.6286 82.6611 95.0632 69.2157 9.0251 247.6774 209.9044 209.9044 88.8904 19.1594 126.0565 93.8953 127.0654 89.5592 176.1078 21.4075 153.2807 254.6336 0.0 223.9738 90.1771 218.2371 177.9422;
	1.8186 24.5732 65.9907 114.4941 14.2369 18.5741 12.374 16.6277 16.8135 28.189 52.1069 77.7332 117.0269 45.5066 25.4895 9.603 11.9148 12.6262 52.7547 53.652 4.1247 43.3396 70.0176 83.407 97.9285 70.6725 11.2268 121.6438 175.0397 175.0397 80.0916 10.9247 175.8491 138.1004 142.6693 74.6836 116.6495 18.3695 177.4732 262.3086 0.0 206.049 92.4895 193.4671 117.8646;
	2.936 39.672 80.7655 108.5654 14.5164 24.6239 10.2912 17.7658 14.7494 28.3519 52.4081 78.1826 117.7035 46.8593 19.5148 7.3521 9.1221 9.6667 63.3456 48.5513 3.4304 57.4559 70.0887 84.4019 100.6817 70.9894 11.9595 116.5782 145.1229 145.1229 76.3532 8.9149 211.1521 124.9711 146.9103 61.9191 130.4227 26.7469 132.56 269.6832 0.0 273.1617 81.9468 218.7615 131.7813;
	1.9224 25.9763 73.9498 104.835 11.6071 12.6396 8.6304 16.8361 22.4153 29.0766 53.7476 80.1809 120.7119 41.9352 12.7897 4.8184 5.9784 6.3354 74.4884 43.262 2.8768 29.4924 70.7022 79.1375 99.7416 69.8804 11.8204 240.6085 208.1784 208.1784 73.7758 10.6727 248.2947 111.3566 131.4726 88.8228 218.5492 19.0393 3.9392 267.1649 0.0 140.2152 73.0719 184.2651 220.8257;
	1.5107 20.4125 69.4633 96.3673 10.0297 20.3474 11.1502 14.7937 23.4722 28.6857 53.025 79.1029 119.089 50.038 24.6092 9.2714 11.5034 12.1901 67.0253 36.9336 3.7167 47.4772 71.3996 81.5562 86.4624 70.7914 11.3005 355.7203 270.055 270.055 139.8469 15.8865 223.4176 95.0672 156.876 115.2235 318.4116 27.0647 151.7327 231.5958 0.0 225.7201 79.3512 162.5927 321.7284;
	1.5906 21.4931 76.9045 75.428 9.2183 23.8737 16.1834 16.1915 24.4923 27.7775 51.3463 76.5985 115.3187 48.5694 41.5546 15.6555 19.4244 20.584 82.0557 49.7565 5.3945 55.7053 69.2267 80.2643 92.089 70.6041 11.6072 448.5487 328.8402 328.8402 251.8872 18.9793 273.5189 128.0735 152.2715 140.3052 419.4142 38.931 178.9256 246.6669 0.0 264.8388 89.282 155.6259 423.7831;
	2.9001 39.1864 85.6048 76.4373 12.2182 28.5954 18.3875 16.9627 25.8771 28.0303 51.8135 77.2956 116.368 50.7984 47.5992 17.9327 22.2499 23.5782 86.055 59.8539 6.1292 66.7226 66.2853 84.2131 99.382 72.2128 11.5024 598.0792 413.1437 413.1437 287.8996 25.7784 286.8502 154.064 159.2598 176.2747 581.5244 52.1836 197.9251 266.2018 0.0 317.2182 123.8531 200.7367 587.5819;
	3.5243 47.6216 83.7856 93.4369 13.8633 28.0698 20.5916 16.5157 26.6503 28.7842 53.2072 79.3747 119.4981 42.0183 69.5183 26.1906 32.4958 34.4358 89.4446 55.0828 6.8639 65.4963 64.6286 84.8593 96.969 71.5252 11.1882 696.6394 560.529 560.529 367.553 30.566 298.1487 141.7834 131.733 239.159 731.1052 80.8264 269.5903 259.7383 0.0 311.3879 127.6534 231.0517 738.7209;
	3.6064 48.7299 84.1145 98.5973 13.9306 31.1485 25.3724 16.7585 27.0023 25.0055 46.2223 68.9546 103.8108 59.4586 103.6888 39.0642 48.4685 51.3621 89.2287 60.5322 8.4575 72.6799 40.5756 86.3202 98.3267 70.2424 12.2038 917.6981 641.9742 641.9742 484.4487 36.7734 297.4289 155.81 186.4108 273.909 959.507 109.5989 407.1995 263.3752 0.0 345.541 150.3387 231.7403 969.5019;
	3.5591 48.0909 86.6999 97.9459 14.383 32.0633 27.5353 16.5769 27.3683 20.5771 38.0365 56.743 85.4263 59.6382 144.9171 54.5967 67.7403 71.7845 92.4845 68.2025 9.1784 74.8143 38.9589 85.6471 98.6549 69.6664 12.4624 1010.2031 694.7944 694.7944 647.0062 48.0064 308.2817 175.5535 186.974 296.4456 1012.7848 158.919 367.7451 264.2541 0.0 355.6886 162.3448 253.2001 1023.3346;
	3.5072 47.3903 86.1368 107.2638 13.9981 30.9522 28.1984 17.3644 25.9529 20.4477 37.7973 56.3861 84.889 58.7503 170.489 64.2307 79.6937 84.4515 89.8888 68.3863 9.3995 72.2217 32.1547 84.956 98.3716 71.5889 12.4357 960.142 663.3107 663.3107 653.4254 79.895 299.6292 176.0265 184.1902 283.0126 981.6494 203.6525 393.6928 263.4953 0.0 343.3628 179.1603 262.3335 991.8749;
	3.5573 48.0673 83.4553 104.1637 13.9281 31.8301 27.1964 17.3374 25.7861 18.1737 33.5939 50.1155 75.4485 60.8146 175.401 66.0813 81.9898 86.8847 86.2883 69.0976 9.0655 74.2703 37.6323 82.1759 97.1037 68.5175 12.4915 1057.5911 692.011 692.011 653.9703 89.1323 287.6276 177.8573 190.662 295.258 1043.8436 220.5397 432.5321 260.0992 79.8947 353.1024 180.3833 243.6141 1054.717;
	3.7476 50.6387 86.3285 103.0507 13.7163 31.9414 29.133 10.2136 26.2812 20.1257 37.2021 55.4983 83.5523 65.2185 189.9581 71.5656 88.7944 94.0955 88.3317 68.2315 9.711 74.5298 50.4048 80.7568 93.6476 43.5494 11.5424 1136.454 733.0275 733.0275 676.3504 104.3939 294.439 175.628 204.4689 312.7584 1085.6208 246.2521 439.2945 250.8418 94.9508 354.3362 198.5177 257.781 1096.9294;
