function solarprofile = ex_solar_profilesh1
%EX_WIND_PROFILE_D  Example wind_load_nyiso profile data for deterministic unit commitment.
% 2022.03.12
% Andres F. Ramirez


%% define constants
[GEN_BUS, PG, QG, QMAX, QMIN, VG, MBASE, GEN_STATUS, PMAX, PMIN, ...
    MU_PMAX, MU_PMIN, MU_QMAX, MU_QMIN, PC1, PC2, QC1MIN, QC1MAX, ...
    QC2MIN, QC2MAX, RAMP_AGC, RAMP_10, RAMP_30, RAMP_Q, APF] = idx_gen;
[CT_LABEL, CT_PROB, CT_TABLE, CT_TBUS, CT_TGEN, CT_TBRCH, CT_TAREABUS, ...
    CT_TAREAGEN, CT_TAREABRCH, CT_ROW, CT_COL, CT_CHGTYPE, CT_REP, ...
    CT_REL, CT_ADD, CT_NEWVAL, CT_TLOAD, CT_TAREALOAD, CT_LOAD_ALL_PQ, ...
    CT_LOAD_FIX_PQ, CT_LOAD_DIS_PQ, CT_LOAD_ALL_P, CT_LOAD_FIX_P, ...
    CT_LOAD_DIS_P, CT_TGENCOST, CT_TAREAGENCOST, CT_MODCOST_F, ...
    CT_MODCOST_X] = idx_ct;

solarprofile = struct( ...
    'type', 'mpcData', ...
    'table', CT_TGEN, ...
    'rows', [1:12], ...
    'col', PMAX, ...
    'chgtype', 1, ...
    'values', [] );
solarprofile.values(:,1,:) = [
	0.0 0.0 0.0 0.0 0.0 0.0 0.0 0.0 0.0 0.0 0.0 0.0;
	0.0 0.0 0.0 0.0 0.0 0.0 0.0 0.0 0.0 0.0 0.0 0.0;
	0.0 0.0 0.0 0.0 0.0 0.0 0.0 0.0 0.0 0.0 0.0 0.0;
	0.0 0.0 0.0 0.0 0.0 0.0 0.0 0.0 0.0 0.0 0.0 0.0;
	0.0 0.0 0.0 0.0 0.0 0.0 0.0 0.0 0.0 0.0 0.0 0.0;
	0.1011 0.1149 0.1134 0.0 0.0 0.1251 0.0156 0.1784 0.1154 0.0 0.0 0.0;
	3.0493 4.1972 2.3896 3.4777 4.875 30.8299 3.8537 0.1431 16.1796 21.0287 7.7623 38.0831;
	7.5433 10.3026 5.5499 8.9442 10.6149 93.2234 11.6529 4.7722 43.9514 30.8739 18.8373 55.9128;
	11.3818 12.2446 8.5765 11.1422 12.0863 136.608 17.076 15.4076 76.9555 81.0222 40.321 146.7317;
	21.338 15.5332 13.0136 11.5041 11.2541 301.9799 37.7475 61.0423 183.6469 224.1671 99.1542 405.968;
	18.8394 14.2579 13.1772 11.1727 10.278 224.5857 28.0732 58.8211 138.4678 263.9911 122.5939 478.0895;
	15.8525 13.026 13.2056 11.1424 9.186 156.168 19.521 53.7438 139.8167 254.22 84.0736 460.3939;
	23.0016 16.5824 13.7384 3.0878 3.1679 87.0277 10.8785 24.104 70.5433 238.395 23.3174 431.7348;
	20.6291 15.9741 13.4838 2.1194 2.7025 75.6693 9.4587 24.8428 50.4099 232.6169 25.247 421.2707;
	15.8916 13.4542 11.1537 1.1887 2.4932 66.0047 8.2506 19.494 31.5339 240.0866 66.7291 434.7983;
	7.7844 6.6729 5.2825 0.9708 1.9029 0.0 0.0 5.3126 0.0 111.5253 41.6522 201.9731;
	0.9692 0.9086 0.7549 0.7063 1.3694 32.1117 4.014 6.4377 20.2766 16.0589 20.4351 29.0827;
	0.0 0.0 0.0 0.0 0.0 0.0 0.0 0.0 0.0 0.0 0.0 0.0;
	0.0 0.0 0.0 0.0 0.0 0.0 0.0 0.0 0.0 0.0 0.0 0.0;
	0.0 0.0 0.0 0.0 0.0 0.0 0.0 0.0 0.0 0.0 0.0 0.0;
	0.0 0.0 0.0 0.0 0.0 0.0 0.0 0.0 0.0 0.0 0.0 0.0;
	0.0 0.0 0.0 0.0 0.0 0.0 0.0 0.0 0.0 0.0 0.0 0.0;
	0.0 0.0 0.0 0.0 0.0 0.0 0.0 0.0 0.0 0.0 0.0 0.0;
	0.0 0.0 0.0 0.0 0.0 0.0 0.0 0.0 0.0 0.0 0.0 0.0;
];
