function solarprofile = ex_solar_profilesh1
%EX_WIND_PROFILE_D  Example wind_load_nyiso profile data for deterministic unit commitment.
% 2022.03.12
% Andres F. Ramirez


%% define constants
[GEN_BUS, PG, QG, QMAX, QMIN, VG, MBASE, GEN_STATUS, PMAX, PMIN, ...
    MU_PMAX, MU_PMIN, MU_QMAX, MU_QMIN, PC1, PC2, QC1MIN, QC1MAX, ...
    QC2MIN, QC2MAX, RAMP_AGC, RAMP_10, RAMP_30, RAMP_Q, APF] = idx_gen;
[CT_LABEL, CT_PROB, CT_TABLE, CT_TBUS, CT_TGEN, CT_TBRCH, CT_TAREABUS, ...
    CT_TAREAGEN, CT_TAREABRCH, CT_ROW, CT_COL, CT_CHGTYPE, CT_REP, ...
    CT_REL, CT_ADD, CT_NEWVAL, CT_TLOAD, CT_TAREALOAD, CT_LOAD_ALL_PQ, ...
    CT_LOAD_FIX_PQ, CT_LOAD_DIS_PQ, CT_LOAD_ALL_P, CT_LOAD_FIX_P, ...
    CT_LOAD_DIS_P, CT_TGENCOST, CT_TAREAGENCOST, CT_MODCOST_F, ...
    CT_MODCOST_X] = idx_ct;

solarprofile = struct( ...
    'type', 'mpcData', ...
    'table', CT_TGEN, ...
    'rows', [1:12], ...
    'col', PMAX, ...
    'chgtype', 1, ...
    'values', [] );
solarprofile.values(:,1,:) = [
	0.0 0.0 0.0 0.0 0.0 0.0 0.0 0.0 0.0 0.0 0.0 0.0;
	0.0 0.0 0.0 0.0 0.0 0.0 0.0 0.0 0.0 0.0 0.0 0.0;
	0.0 0.0 0.0 0.0 0.0 0.0 0.0 0.0 0.0 0.0 0.0 0.0;
	0.0 0.0 0.0 0.0 0.0 0.0 0.0 0.0 0.0 0.0 0.0 0.0;
	0.0 0.0 0.0 0.0 0.0 0.0 0.0 0.0 0.0 0.0 0.0 0.0;
	0.0951 0.1084 0.1051 0.0 0.0 0.1254 0.0157 0.1784 0.4363 0.0 0.0 0.0;
	10.0539 6.492 3.2113 2.4102 7.1371 79.0741 9.8843 4.2043 68.0377 82.005 15.206 148.5115;
	15.2065 10.5681 6.2869 6.1821 13.234 60.496 7.562 7.8155 78.4873 319.8099 85.2381 579.1776;
	17.5495 12.1319 8.7186 9.4619 13.586 56.2035 7.0254 14.6213 100.7667 345.4015 149.5291 625.5242;
	22.7347 15.9958 13.136 11.5052 13.1273 322.8396 40.355 63.9513 254.5075 342.4026 181.1754 620.0931;
	25.3696 16.2532 13.2545 11.2496 12.0791 287.7488 35.9686 64.2136 240.3296 342.2874 176.4133 619.8846;
	26.4789 16.6081 13.2787 11.2056 11.0012 273.4396 34.1799 63.4367 232.7217 340.3937 173.4634 616.455;
	27.006 17.0792 13.857 6.7412 4.9847 343.0254 42.8782 63.4703 251.3798 338.415 160.5555 612.8716;
	24.2463 16.6426 13.6243 7.3291 5.3998 368.8101 46.1013 65.0817 260.7434 331.4857 164.4231 600.3227;
	19.0841 13.9941 9.6842 6.6275 6.2824 358.7266 44.8408 66.6334 262.8019 327.166 192.3304 592.4996;
	8.3642 6.4911 3.1911 4.9179 7.5339 151.0056 18.8757 53.7947 138.663 190.5219 59.9054 345.0362;
	1.3445 1.1115 0.582 0.724 2.3179 40.5013 5.0627 11.5044 28.1408 24.4003 10.1526 44.189;
	0.0 0.0 0.0 0.0 0.0 0.0 0.0 0.0 0.0 0.0 0.0 0.0;
	0.0 0.0 0.0 0.0 0.0 0.0 0.0 0.0 0.0 0.0 0.0 0.0;
	0.0 0.0 0.0 0.0 0.0 0.0 0.0 0.0 0.0 0.0 0.0 0.0;
	0.0 0.0 0.0 0.0 0.0 0.0 0.0 0.0 0.0 0.0 0.0 0.0;
	0.0 0.0 0.0 0.0 0.0 0.0 0.0 0.0 0.0 0.0 0.0 0.0;
	0.0 0.0 0.0 0.0 0.0 0.0 0.0 0.0 0.0 0.0 0.0 0.0;
	0.0 0.0 0.0 0.0 0.0 0.0 0.0 0.0 0.0 0.0 0.0 0.0;
];
