function loadprofile = ex_load_profilesh1
%EX_LOAD_PROFILE  Example load profile data file for stochastic unit commitment.
% 2022.03.12
% Andres F. Ramirez

%% define constants
[CT_LABEL, CT_PROB, CT_TABLE, CT_TBUS, CT_TGEN, CT_TBRCH, CT_TAREABUS, ...
    CT_TAREAGEN, CT_TAREABRCH, CT_ROW, CT_COL, CT_CHGTYPE, CT_REP, ...
    CT_REL, CT_ADD, CT_NEWVAL, CT_TLOAD, CT_TAREALOAD, CT_LOAD_ALL_PQ, ...
    CT_LOAD_FIX_PQ, CT_LOAD_DIS_PQ, CT_LOAD_ALL_P, CT_LOAD_FIX_P, ...
    CT_LOAD_DIS_P, CT_TGENCOST, CT_TAREAGENCOST, CT_MODCOST_F, ...
    CT_MODCOST_X] = idx_ct;

loadprofile = struct( ...
    'type', 'mpcData', ...
    'table', CT_TAREALOAD, ...
    'rows', [1:11], ...
    'col', CT_LOAD_ALL_P, ...
    'chgtype', 1, ...
    'values', [] );
loadprofile.values(:,1,:) = [
	1527.9855 1001.4422 1640.3818 569.7643 811.1006 1139.0763 852.55 244.658 525.3437 4404.5799 1688.6953;
	1516.0835 1012.8006 1665.736 558.5 827.8821 1144.5539 863.327 256.447 517.5071 4421.0642 1703.2623;
	1547.6192 1022.2865 1692.6365 563.5645 840.2282 1193.8 873.0717 267.5119 531.6691 4453.7946 1728.2606;
	1610.5787 1099.9572 1835.0707 574.0897 908.9905 1282.4503 932.6535 301.3711 566.1923 4664.9765 1841.8324;
	1781.3735 1222.5912 2024.399 588.76 1022.268 1436.8633 1033.8 343.2135 639.4 5187.2981 2065.4765;
	1834.504 1275.6971 2129.5307 592.8357 1064.4166 1494.5688 1070.9 363.6405 679.1159 5714.9248 2202.8491;
	1809.9073 1250.3 2088.278 568.5728 1080.7648 1470.9 1071.7301 350.5329 674.9513 6020.9 2229.2403;
	1867.0 1254.8 2113.4539 559.3161 1056.4576 1460.7002 1095.6903 347.163 702.154 6298.4956 2271.6618;
	1845.6997 1241.5794 2106.0411 550.166 1072.8274 1422.2 1086.515 344.7603 704.0548 6322.547 2243.8365;
	1847.0914 1246.8095 2050.794 547.1 1037.6034 1349.1894 1061.0 330.0634 700.4 6381.2663 2186.3629;
	1846.9 1221.9449 2017.9352 558.0234 1035.8653 1315.4153 1039.3948 336.6 683.0 6471.6921 2186.6664;
	1819.7882 1178.987 1959.6486 536.0033 986.5 1205.0125 979.1039 328.0 669.5412 6304.1403 2060.688;
	1755.8797 1139.1036 1914.3465 521.5425 992.1699 1166.0249 947.0757 309.3742 650.7 6145.8067 2013.5033;
	1773.7531 1161.9239 1937.2404 533.9537 951.2027 1165.275 970.0097 321.1078 654.2582 6252.2117 2083.9224;
	1751.822 1145.3 1933.777 527.778 967.4656 1105.2587 965.1429 343.5712 662.6864 6156.2587 2082.9;
	1755.2 1160.1431 1978.9002 535.6954 990.1458 1175.183 914.8375 346.8643 645.9232 6096.7617 2057.0483;
	1786.0573 1182.2831 1943.4368 542.0145 1018.7 1289.5146 1044.0 361.8904 679.7664 6055.7528 2190.9515;
	1845.3737 1225.2366 1966.0895 563.8247 1073.8957 1371.9465 1104.8143 379.3098 711.5258 6101.1947 2327.4437;
	1876.7453 1245.1694 1951.0873 561.3997 1042.8532 1358.4009 1104.8313 357.2551 708.8017 5954.0514 2268.8369;
	1796.6 1155.4423 1829.6897 550.9 977.5508 1278.6824 997.5486 340.265 672.7 5681.9429 2061.6986;
	1736.4465 1086.3917 1727.8266 537.5 890.8674 1179.3397 938.1465 306.8 624.4146 5162.8146 1768.6719;
	1678.9256 1041.9233 1618.7341 537.8512 830.3793 1108.7931 877.5905 276.3635 576.334 4964.0238 1696.9082;
	1563.6888 954.2945 1573.3 514.6917 805.6189 1117.1 825.7754 254.8174 533.9979 4616.3479 1532.97;
	1499.1009 913.8152 1506.9717 506.164 775.1 1061.5344 791.9921 227.8 506.0076 4370.4789 1537.0234;
];
