function solarprofile = ex_solar_profilesh1
%EX_WIND_PROFILE_D  Example wind_load_nyiso profile data for deterministic unit commitment.
% 2022.03.12
% Andres F. Ramirez


%% define constants
[GEN_BUS, PG, QG, QMAX, QMIN, VG, MBASE, GEN_STATUS, PMAX, PMIN, ...
    MU_PMAX, MU_PMIN, MU_QMAX, MU_QMIN, PC1, PC2, QC1MIN, QC1MAX, ...
    QC2MIN, QC2MAX, RAMP_AGC, RAMP_10, RAMP_30, RAMP_Q, APF] = idx_gen;
[CT_LABEL, CT_PROB, CT_TABLE, CT_TBUS, CT_TGEN, CT_TBRCH, CT_TAREABUS, ...
    CT_TAREAGEN, CT_TAREABRCH, CT_ROW, CT_COL, CT_CHGTYPE, CT_REP, ...
    CT_REL, CT_ADD, CT_NEWVAL, CT_TLOAD, CT_TAREALOAD, CT_LOAD_ALL_PQ, ...
    CT_LOAD_FIX_PQ, CT_LOAD_DIS_PQ, CT_LOAD_ALL_P, CT_LOAD_FIX_P, ...
    CT_LOAD_DIS_P, CT_TGENCOST, CT_TAREAGENCOST, CT_MODCOST_F, ...
    CT_MODCOST_X] = idx_ct;

solarprofile = struct( ...
    'type', 'mpcData', ...
    'table', CT_TGEN, ...
    'rows', [1:12], ...
    'col', PMAX, ...
    'chgtype', 1, ...
    'values', [] );
solarprofile.values(:,1,:) = [
	0.0 0.0 0.0 0.0 0.0 0.0 0.0 0.0 0.0 0.0 0.0 0.0;
	0.0 0.0 0.0 0.0 0.0 0.0 0.0 0.0 0.0 0.0 0.0 0.0;
	0.0 0.0 0.0 0.0 0.0 0.0 0.0 0.0 0.0 0.0 0.0 0.0;
	0.0 0.0 0.0 0.0 0.0 0.0 0.0 0.0 0.0 0.0 0.0 0.0;
	0.0 0.0 0.0 0.0 0.0 0.0 0.0 0.0 0.0 0.0 0.0 0.0;
	0.1253 0.1075 0.1825 0.0 0.0 0.1251 0.0156 0.1784 0.0 0.0 0.0 0.0;
	4.9459 2.8846 2.4927 2.7739 3.6072 90.7364 11.342 4.3018 37.9968 61.901 12.1365 112.1032;
	3.0557 1.3078 2.2612 6.1565 9.0113 126.7064 15.8383 9.6586 43.47 147.7882 90.2408 267.6453;
	3.1653 1.1059 2.5927 8.9796 10.7153 135.6664 16.9583 9.3777 69.5838 203.8221 147.5065 369.1231;
	20.9499 14.7083 13.118 10.706 10.7832 379.361 47.4201 24.4362 255.8139 154.6115 137.8403 280.0023;
	23.2633 16.0537 13.2566 11.0491 9.9048 340.8012 42.6001 36.3768 255.8799 155.5474 161.9107 281.6972;
	22.9039 16.0751 13.2658 10.8567 9.2024 284.8771 35.6096 48.5688 246.3042 147.0669 169.9627 266.3391;
	20.9401 16.2575 13.7384 4.0392 3.3478 237.8696 29.7337 57.2748 227.37 111.3204 156.4487 201.6019;
	15.8522 10.8627 12.7861 4.3972 3.4589 324.6525 40.5816 60.1928 233.4547 127.4993 140.5883 230.902;
	10.9221 5.721 8.5155 3.8118 3.5555 355.9875 44.4984 58.0206 237.7859 110.0955 129.7718 199.3836;
	3.9246 1.6075 2.3379 2.4894 3.4728 260.5832 32.5729 24.0627 145.6105 36.2659 39.421 65.6777;
	0.8987 0.7338 0.5592 0.7246 1.5905 59.217 7.4021 11.6041 30.1449 14.9888 15.6514 27.1448;
	0.0 0.0 0.0 0.0 0.0 0.0 0.0 0.0 0.0 0.0 0.0 0.0;
	0.0 0.0 0.0 0.0 0.0 0.0 0.0 0.0 0.0 0.0 0.0 0.0;
	0.0 0.0 0.0 0.0 0.0 0.0 0.0 0.0 0.0 0.0 0.0 0.0;
	0.0 0.0 0.0 0.0 0.0 0.0 0.0 0.0 0.0 0.0 0.0 0.0;
	0.0 0.0 0.0 0.0 0.0 0.0 0.0 0.0 0.0 0.0 0.0 0.0;
	0.0 0.0 0.0 0.0 0.0 0.0 0.0 0.0 0.0 0.0 0.0 0.0;
	0.0 0.0 0.0 0.0 0.0 0.0 0.0 0.0 0.0 0.0 0.0 0.0;
];
