function windprofile = ex_wind_profilesh1
%EX_WIND_PROFILE_D  Example wind_load_nyiso profile data for deterministic unit commitment.
% 2022.03.12
% Andres F. Ramirez


%% define constants
[GEN_BUS, PG, QG, QMAX, QMIN, VG, MBASE, GEN_STATUS, PMAX, PMIN, ...
    MU_PMAX, MU_PMIN, MU_QMAX, MU_QMIN, PC1, PC2, QC1MIN, QC1MAX, ...
    QC2MIN, QC2MAX, RAMP_AGC, RAMP_10, RAMP_30, RAMP_Q, APF] = idx_gen;
[CT_LABEL, CT_PROB, CT_TABLE, CT_TBUS, CT_TGEN, CT_TBRCH, CT_TAREABUS, ...
    CT_TAREAGEN, CT_TAREABRCH, CT_ROW, CT_COL, CT_CHGTYPE, CT_REP, ...
    CT_REL, CT_ADD, CT_NEWVAL, CT_TLOAD, CT_TAREALOAD, CT_LOAD_ALL_PQ, ...
    CT_LOAD_FIX_PQ, CT_LOAD_DIS_PQ, CT_LOAD_ALL_P, CT_LOAD_FIX_P, ...
    CT_LOAD_DIS_P, CT_TGENCOST, CT_TAREAGENCOST, CT_MODCOST_F, ...
    CT_MODCOST_X] = idx_ct;

windprofile = struct( ...
    'type', 'mpcData', ...
    'table', CT_TGEN, ...
    'rows', [1:45], ...
    'col', PMAX, ...
    'chgtype', 1, ...
    'values', [] );
windprofile.values(:,1,:) = [
	3.5857 48.4513 86.4436 109.55 14.6775 13.4237 12.251 17.3905 25.7506 24.0541 44.4636 66.3309 99.8609 4.2718 15.7735 5.9426 7.3732 7.8134 12.9228 21.2005 4.0837 31.3219 37.5002 84.2292 97.5493 70.1395 8.0543 620.7227 374.2779 374.2779 186.0697 36.3476 43.0759 54.5703 13.3927 159.6919 420.9221 55.915 281.1177 261.2927 16.3912 148.9133 116.2418 217.5978 425.3067;
	3.455 46.684 84.8648 105.6665 14.1012 14.7608 10.0418 17.1989 23.3416 22.9408 42.4058 63.2611 95.2392 4.7137 8.6222 3.2484 4.0304 4.271 10.9342 7.4928 3.3473 34.4419 42.8792 84.7336 97.3141 69.2659 7.3834 677.938 362.6938 362.6938 155.1653 34.71 36.4473 19.2864 14.7782 154.7494 452.0345 54.6778 293.9674 260.6626 15.3366 163.7466 106.23 205.8205 456.7432;
	3.2087 43.3562 83.0928 103.6655 14.1103 12.2893 9.1119 17.5191 24.032 23.4053 43.2643 64.5418 97.1673 4.2397 11.0189 4.1513 5.1507 5.4582 20.0568 14.8321 3.0373 28.6751 42.7927 82.8917 94.869 69.2672 8.5634 610.0275 347.5947 347.5947 147.7535 33.1748 66.8561 38.1778 13.292 148.3071 372.6284 41.1119 226.026 254.1133 10.5872 136.3295 88.7684 188.3677 376.5099;
	2.9764 40.2177 86.2616 107.2982 14.4217 12.6098 7.6065 17.7293 25.306 23.755 43.9108 65.5062 98.6192 8.1573 5.4602 2.0571 2.5523 2.7047 10.4151 12.1808 2.5355 29.4229 53.4437 86.2696 102.2602 72.3194 10.6254 502.6849 264.6455 264.6455 165.5541 29.0561 34.717 31.3534 25.5741 112.9154 299.3894 36.1109 166.5731 273.9114 35.1236 139.8849 81.1403 204.4405 302.508;
	2.4975 33.7467 84.942 106.27 14.4705 14.1094 8.0575 17.3501 14.9117 22.7959 42.138 62.8616 94.6377 10.547 8.2982 3.1263 3.8789 4.1105 20.1747 19.2814 2.6858 32.9218 53.7934 83.0925 99.4329 71.064 9.9558 384.8024 196.0351 196.0351 142.3666 26.1196 67.2489 49.6303 33.0662 83.6417 170.3758 33.6215 155.6027 266.3382 15.4615 156.5199 90.714 206.4489 172.1505;
	3.0974 41.8532 87.3577 112.3884 14.9346 22.4911 10.6006 16.8091 10.5076 20.6497 38.1706 56.943 85.7274 24.8447 10.1396 3.82 4.7397 5.0226 32.2592 24.3583 3.5335 52.4792 57.1868 83.7775 99.383 69.5441 8.1692 327.3682 186.9632 186.9632 128.5433 23.927 107.5305 62.6984 77.8916 79.771 147.3169 34.6945 181.8587 266.2043 13.2167 249.5011 94.9195 207.6779 148.8514;
	2.468 33.3487 83.8316 107.5733 14.5173 22.3628 10.2782 13.4342 11.1411 26.8661 49.6616 74.0853 111.535 37.0807 17.6395 6.6456 8.2455 8.7377 38.076 32.6062 3.4261 52.1799 68.2096 82.1939 94.9472 68.0694 9.554 254.848 176.9618 176.9618 90.7553 14.5713 126.92 83.9286 116.253 75.5037 145.1252 21.7094 117.3182 254.3228 9.8867 248.0782 94.2544 206.1765 146.6369;
	1.721 23.2539 68.4395 112.7317 15.0874 19.7626 10.5632 17.4521 17.7865 29.1774 53.934 80.4589 121.1305 39.6479 23.4278 8.8263 10.9511 11.6049 50.9402 51.2813 3.5211 46.1128 72.8431 85.861 99.7031 70.086 12.2709 134.1742 150.1493 150.1493 86.9408 7.6887 169.8006 131.9983 124.3016 64.0637 91.4929 22.9006 142.9108 267.062 11.9339 219.2333 97.8393 200.4673 92.4459;
	2.6264 35.4883 79.2864 95.7095 14.8143 24.8931 8.0515 16.7518 19.7289 28.2973 52.3072 78.0321 117.4769 29.7479 19.0669 7.1833 8.9127 9.4448 63.8977 52.0134 2.6838 58.0839 71.9928 82.4132 98.8598 69.2501 10.9138 122.5997 117.3049 117.3049 83.7562 4.7756 212.9924 133.8827 93.2637 50.0501 92.9651 17.0122 84.0732 264.8032 20.9374 276.1477 83.644 214.3681 93.9335;
	1.9029 25.7118 84.2426 108.3765 13.5424 14.7089 8.6262 18.3067 24.9542 29.4205 54.3833 81.1291 122.1395 38.4987 104.9858 39.5528 49.0747 52.0046 74.1245 51.7365 2.8754 34.3209 71.6012 87.5401 104.6644 74.0378 12.7553 235.8575 209.6762 209.6762 103.9995 6.1761 247.0816 133.1699 120.6985 89.4619 192.8624 19.1621 0.0 280.3511 22.5782 163.1711 83.4401 212.4008 194.8714;
	1.5284 20.6518 79.9927 104.9572 13.0806 26.237 11.4211 18.4588 25.3957 29.2079 53.9903 80.5429 121.2569 45.8151 32.2233 12.1399 15.0625 15.9618 67.6074 40.6007 3.807 61.2198 72.1521 89.3904 101.3642 72.7116 13.1117 351.2245 274.3305 274.3305 154.4096 9.8401 225.3579 104.5064 143.6367 117.0477 294.323 20.5683 140.9458 271.5113 24.445 291.0562 93.569 188.0947 297.3889;
	1.7086 23.087 88.4511 97.3921 13.0605 32.4129 17.402 18.7912 26.2852 28.4604 52.6087 78.4818 118.1539 48.386 54.46 20.5175 25.4569 26.9767 81.417 53.6224 5.8007 75.6301 70.2433 88.6394 101.0488 70.4476 13.5721 448.7497 347.4251 347.4251 260.7478 15.0908 271.39 138.0242 151.6968 148.2347 401.6036 34.7302 174.9313 270.6664 73.9346 359.5673 112.5527 182.3722 405.7869;
	2.8046 37.8963 92.051 97.1948 14.4246 32.6428 19.6086 18.3937 26.6949 29.4881 54.5083 81.3157 122.4203 52.6571 46.8582 17.6535 21.9035 23.2111 88.5555 66.3165 6.5362 76.1666 71.6824 89.759 105.6381 72.139 12.7018 570.019 396.5871 396.5871 296.7246 17.2518 295.185 170.6988 165.0872 169.2105 543.0995 47.1622 204.5711 282.9592 73.966 362.118 134.289 217.3923 548.7568;
	3.4586 46.7327 91.4087 111.0978 14.8681 31.2032 20.5123 18.6018 26.2332 30.1106 55.6589 83.0322 125.0045 52.328 66.8239 25.1755 31.2363 33.1012 88.7279 58.1054 6.8374 72.8075 66.1703 89.4093 104.7532 71.0864 12.0701 718.957 555.1029 555.1029 389.6427 27.6055 295.7595 149.5634 164.0553 236.8439 665.8927 71.3117 266.886 280.5888 99.9983 346.1475 135.5922 250.8412 672.8291;
	3.6462 49.2681 91.7989 113.5094 14.5015 33.681 25.3946 18.3458 26.6948 27.0654 50.03 74.6349 112.3625 62.7455 90.6175 34.1396 42.3584 44.8873 87.944 56.6615 8.4649 78.589 45.4384 88.5685 103.9342 69.4244 13.5169 906.1261 653.6799 653.6799 516.5607 35.1188 293.1467 145.8469 196.7156 278.9034 899.8871 108.2996 420.2383 278.3951 51.4915 373.6343 158.0589 249.6347 909.2609;
	3.7989 51.3311 93.3042 114.1153 15.0178 33.8567 26.6347 18.0346 26.1665 21.9296 40.5365 60.4724 91.0409 65.9573 127.5927 48.0698 59.6421 63.2029 90.5898 64.363 8.8782 78.999 46.1419 85.6488 103.3454 68.0668 13.046 1027.3726 710.9187 710.9187 639.4334 45.2121 301.9661 165.6704 206.785 303.3253 943.9042 153.7259 380.947 276.8181 57.9768 375.584 174.7906 267.851 953.7365;
	3.8206 51.6243 89.8497 113.4813 15.0088 33.2967 29.5282 17.7388 26.9062 21.8258 40.3446 60.1862 90.6101 66.2179 164.007 61.7887 76.6637 81.2407 91.036 67.4914 9.8427 77.6924 32.3562 84.8725 100.718 70.5495 12.8864 944.5672 728.7098 728.7098 697.1778 76.9836 303.4535 173.7231 207.6019 310.9162 906.4578 197.0422 421.3892 269.7804 20.7803 369.3719 204.5753 267.9401 915.9001;
	3.915 52.9003 93.2237 116.391 15.0989 34.1037 29.4469 17.8783 28.0033 19.7362 36.4821 54.4241 81.9351 67.3239 179.062 67.4606 83.7011 88.6982 90.9812 70.5515 9.8156 79.5752 40.4212 85.823 100.7869 70.3074 13.2443 994.3629 797.9289 797.9289 726.5049 90.4438 303.2708 181.5996 211.0696 340.4497 979.1822 223.834 456.1725 269.9649 116.0142 378.3235 197.8075 262.2282 989.382;
	3.9291 53.0902 92.334 117.7895 15.3739 34.8048 30.6359 13.3414 27.6716 21.5725 39.8764 59.4877 89.5585 64.1553 187.3832 70.5955 87.5908 92.8201 91.0655 68.4501 10.212 81.2112 54.787 87.3374 102.6325 57.9207 12.7167 1122.2838 803.0421 803.0421 669.654 106.875 303.5518 176.1909 201.1356 342.6313 1031.6497 249.1245 440.1783 274.9084 122.224 386.1012 209.5358 273.8806 1042.3961;
