function windprofile = ex_wind_profilesh1
%EX_WIND_PROFILE_D  Example wind_load_nyiso profile data for deterministic unit commitment.
% 2022.03.12
% Andres F. Ramirez


%% define constants
[GEN_BUS, PG, QG, QMAX, QMIN, VG, MBASE, GEN_STATUS, PMAX, PMIN, ...
    MU_PMAX, MU_PMIN, MU_QMAX, MU_QMIN, PC1, PC2, QC1MIN, QC1MAX, ...
    QC2MIN, QC2MAX, RAMP_AGC, RAMP_10, RAMP_30, RAMP_Q, APF] = idx_gen;
[CT_LABEL, CT_PROB, CT_TABLE, CT_TBUS, CT_TGEN, CT_TBRCH, CT_TAREABUS, ...
    CT_TAREAGEN, CT_TAREABRCH, CT_ROW, CT_COL, CT_CHGTYPE, CT_REP, ...
    CT_REL, CT_ADD, CT_NEWVAL, CT_TLOAD, CT_TAREALOAD, CT_LOAD_ALL_PQ, ...
    CT_LOAD_FIX_PQ, CT_LOAD_DIS_PQ, CT_LOAD_ALL_P, CT_LOAD_FIX_P, ...
    CT_LOAD_DIS_P, CT_TGENCOST, CT_TAREAGENCOST, CT_MODCOST_F, ...
    CT_MODCOST_X] = idx_ct;

windprofile = struct( ...
    'type', 'mpcData', ...
    'table', CT_TGEN, ...
    'rows', [1:45], ...
    'col', PMAX, ...
    'chgtype', 1, ...
    'values', [] );
windprofile.values(:,1,:) = [
	3.5743 48.2966 87.4838 109.4765 14.373 15.2593 15.2818 17.1824 26.6524 24.9755 46.1668 68.8718 103.686 7.783 26.3686 9.9342 12.3258 13.0617 13.1793 27.6307 5.0939 35.605 66.5195 83.0937 98.1573 66.7009 7.0663 737.2548 406.4807 406.4807 223.1896 39.5077 43.931 71.1214 24.4009 173.4318 529.5679 53.0249 302.5873 262.9213 10.9979 169.2762 115.3023 212.3439 535.0842;
	3.5568 48.0606 86.144 100.9724 14.1684 16.573 14.2712 16.8537 26.0001 25.3309 46.8238 69.8518 105.1616 8.8112 18.0432 6.7977 8.4342 8.9377 11.9346 15.4773 4.7571 38.6703 67.3854 80.9278 96.8777 69.9391 6.4804 692.4136 369.3113 369.3113 166.8205 34.1498 39.7821 39.8386 27.6244 157.5728 480.7632 50.8091 302.1208 259.494 5.942 183.8498 112.813 196.3171 485.7712;
	3.0166 40.7613 88.2144 102.2924 14.1558 13.2302 11.9904 17.6196 25.9792 25.1648 46.5168 69.3939 104.4721 8.9366 18.1686 6.8449 8.4928 8.9998 21.1486 22.4849 3.9968 30.8705 69.6435 84.611 98.8629 71.6021 7.485 620.0873 338.9525 338.9525 151.1162 35.2166 70.4952 57.8761 28.0175 144.6198 410.8091 37.3864 245.7859 264.8113 4.3549 146.7673 84.1558 193.465 415.0884;
	2.2747 30.7363 87.211 92.1423 13.7935 10.4706 10.1216 17.0112 25.6594 25.3957 46.9436 70.0306 105.4307 13.4493 14.054 5.2948 6.5694 6.9617 11.7797 23.6187 3.3739 24.4313 72.4637 83.9969 98.4831 73.2928 8.6612 496.2396 256.0522 256.0522 163.9845 31.7662 39.2658 60.7946 42.1655 109.2489 323.3833 34.7055 179.0346 263.7941 0.0 116.1535 70.1322 185.013 326.7519;
	1.8387 24.8452 87.9029 99.4226 14.2238 11.8314 8.1826 17.0624 14.9382 22.9498 42.4223 63.2858 95.2764 17.9632 17.7953 6.7043 8.3183 8.8149 21.5917 25.0364 2.7275 27.6066 61.8655 84.9017 98.1833 72.6413 9.1699 386.7712 201.0624 201.0624 136.2793 27.7197 71.9722 64.4437 56.317 85.7866 191.1949 29.3006 149.6389 262.9911 8.195 131.2498 73.2637 197.3719 193.1865;
	2.7668 37.3852 92.4237 107.1221 14.2035 18.0796 10.4764 17.1588 10.432 21.9099 40.5002 60.4183 90.9594 34.2722 17.484 6.587 8.1727 8.6607 32.9277 28.7931 3.4921 42.1857 65.2092 85.7037 99.6043 71.5289 7.656 334.4954 190.5352 190.5352 121.6337 23.676 109.759 74.1135 107.448 81.295 168.9201 23.8378 177.1027 266.7971 9.5417 200.5629 81.8573 203.4261 170.6797;
	2.1589 29.1721 87.7013 106.2858 13.7668 20.2894 11.8396 15.1887 12.6948 27.8668 51.5114 76.8449 115.6895 46.633 23.9515 9.0236 11.1959 11.8643 38.9069 37.809 3.9465 47.3419 70.7875 84.2578 97.308 71.8285 10.1792 277.4358 217.7964 217.7964 98.4117 14.3236 129.6897 97.3206 146.2006 92.9265 183.6577 17.6342 154.4307 260.6463 8.9859 225.0771 88.3939 221.0129 185.5708;
	1.5629 21.1182 67.5442 106.2241 14.5576 17.7574 12.4426 14.6895 18.9954 28.582 52.8334 78.817 118.6585 47.8809 16.798 6.3285 7.8521 8.3209 53.7387 54.3075 4.1475 41.4339 74.3223 83.3401 94.5529 70.7553 11.7008 175.765 179.6866 179.6866 95.9907 8.8377 179.129 139.7875 150.113 76.6663 139.6598 14.5653 169.5457 253.2667 6.5503 196.9888 85.4054 197.9642 141.1146;
	2.7141 36.674 86.6437 105.5871 15.13 24.2882 10.4412 17.7909 21.1468 29.1777 53.9346 80.4598 121.1318 49.7655 14.4431 5.4413 6.7513 7.1544 64.1523 52.7071 3.4804 56.6726 74.2302 88.6691 101.9258 72.1754 12.2305 178.1052 163.7835 163.7835 85.9846 6.5942 213.8411 135.6683 156.0215 69.8809 169.2803 14.4279 136.1485 273.0156 21.6093 269.4375 78.4553 240.684 171.0436;
	1.8335 24.7751 82.5332 98.0021 12.8298 12.7816 9.5807 17.0429 25.3923 30.0553 55.5568 82.8799 124.7752 44.9826 1.6815 0.6335 0.786 0.8329 72.3614 49.4328 3.1936 29.8236 75.0313 82.8848 96.8458 69.9218 12.0583 260.9347 231.7105 231.7105 90.2748 6.8708 241.2047 127.2401 141.0265 98.8632 233.1946 14.7167 32.333 259.4084 5.1916 141.7901 69.124 215.6775 235.6237;
	1.6162 21.838 80.5561 102.1926 12.0819 22.8842 14.0797 17.2086 26.4184 29.5225 54.5719 81.4106 122.5632 49.9387 15.6051 5.8791 7.2945 7.7299 67.9934 41.355 4.6932 53.3965 74.2064 87.3494 95.6528 71.213 11.7183 396.9215 303.4484 303.4484 146.9116 7.4855 226.6447 106.4479 156.5644 129.4713 348.7799 16.9243 156.965 256.2129 12.666 253.8623 77.0009 192.7456 352.413;
	1.6449 22.2264 86.0236 88.7395 11.8599 26.7234 18.5164 17.7556 26.0827 28.6971 53.0462 79.1345 119.1366 48.7398 0.0 0.0 0.0 0.0 81.7373 49.121 6.1721 62.3546 71.1735 85.3466 97.0588 70.7941 11.8385 426.0022 361.8448 361.8448 259.1227 14.0736 272.4578 126.4377 152.8057 154.3871 410.2505 24.9435 174.3842 259.9789 9.1626 296.4514 95.4362 180.6079 414.524;
	2.7862 37.648 84.6074 75.5843 13.4546 26.0359 19.5205 16.6364 25.9539 28.7925 53.2224 79.3974 119.5323 53.9311 30.4793 11.4829 14.2473 15.0979 83.3173 60.0194 6.5068 60.7505 69.6894 81.4393 94.7903 69.8298 11.151 559.597 423.3293 423.3293 272.4677 17.8861 277.7242 154.4901 169.0811 180.6205 558.8411 33.956 190.9948 253.9027 7.9742 288.825 121.1611 201.6941 564.6623;
	3.5218 47.5874 84.4571 95.5812 14.3523 28.6086 21.0577 16.619 25.6053 29.222 54.0163 80.5817 121.3154 53.2785 34.4207 12.9678 16.0897 17.0503 81.613 53.6591 7.0192 66.7534 64.462 82.6663 95.5963 71.0551 11.2179 744.6074 575.8757 575.8757 368.6411 25.8329 272.0435 138.1187 167.0354 245.707 727.5237 62.0799 268.5561 256.0615 14.6543 317.3646 134.1245 224.6222 735.102;
	3.743 50.5758 88.3449 102.4089 14.8079 32.2343 25.2659 17.9098 25.7996 23.6815 43.7749 65.3035 98.3141 55.6725 51.725 19.4871 24.1784 25.6219 64.8644 46.9392 8.422 75.2134 37.2482 85.5022 98.6792 71.1597 12.4635 954.3381 652.9818 652.9818 456.1166 32.3035 216.2148 120.8217 174.5408 278.6056 941.2106 81.7954 398.2468 264.3194 23.272 357.5861 154.5194 239.5429 951.0149;
	3.815 51.5493 91.4536 110.1487 15.1163 33.1876 26.8816 17.4976 25.8006 18.6463 34.4673 51.4184 77.4102 55.8165 107.3195 40.432 50.1656 53.1606 83.6014 62.2252 8.9605 77.4378 19.805 86.8246 103.0009 69.4409 12.2166 1042.1039 713.7082 713.7082 613.6348 46.0266 278.6715 160.1679 174.9922 304.5155 1007.9503 137.8891 338.2423 275.8954 28.3079 368.1613 174.9801 258.5411 1018.4497;
	3.8662 52.2403 92.4877 109.9839 15.0902 33.9182 30.3797 17.5081 26.717 18.545 34.2801 51.1392 76.9898 63.0579 130.1092 49.0179 60.8185 64.4494 84.5516 67.5467 10.1266 79.1426 4.6793 85.0413 101.9956 70.28 12.3102 1014.8362 721.7249 721.7249 652.3902 76.7541 281.8387 173.8654 197.6951 307.9359 976.9497 187.4466 388.2507 273.2025 8.7439 376.2664 209.7274 266.9096 987.1263;
	3.8882 52.5378 93.4588 112.9174 14.8907 34.4438 30.2933 18.1965 27.8543 17.8981 33.0844 49.3555 74.3044 61.0128 169.427 63.8306 79.1973 83.9255 88.4744 68.6334 10.0978 80.3689 31.7791 85.6447 104.3369 69.6404 13.0823 1109.1435 726.7674 726.7674 661.1259 95.5801 294.9148 176.6625 191.2833 310.0874 1054.1947 215.8267 438.7924 279.4738 107.5346 382.0967 202.5739 253.3903 1065.1759;
	3.9151 52.9019 93.9779 118.7235 14.9758 34.8517 31.3298 14.0684 28.0815 21.4329 39.6184 59.1029 88.9791 60.6639 180.4509 67.9838 84.3503 89.3862 89.3694 66.4169 10.4433 81.3206 51.9218 87.405 105.6858 65.2286 12.8399 1193.3091 764.1716 764.1716 679.2624 98.919 297.8979 170.9573 190.1896 326.0466 1113.3995 226.6516 452.55 283.0868 117.2028 386.6213 211.1482 281.3399 1124.9974;
