function loadprofile = ex_load_profilesh1
%EX_LOAD_PROFILE  Example load profile data file for stochastic unit commitment.
% 2022.03.12
% Andres F. Ramirez

%% define constants
[CT_LABEL, CT_PROB, CT_TABLE, CT_TBUS, CT_TGEN, CT_TBRCH, CT_TAREABUS, ...
    CT_TAREAGEN, CT_TAREABRCH, CT_ROW, CT_COL, CT_CHGTYPE, CT_REP, ...
    CT_REL, CT_ADD, CT_NEWVAL, CT_TLOAD, CT_TAREALOAD, CT_LOAD_ALL_PQ, ...
    CT_LOAD_FIX_PQ, CT_LOAD_DIS_PQ, CT_LOAD_ALL_P, CT_LOAD_FIX_P, ...
    CT_LOAD_DIS_P, CT_TGENCOST, CT_TAREAGENCOST, CT_MODCOST_F, ...
    CT_MODCOST_X] = idx_ct;

loadprofile = struct( ...
    'type', 'mpcData', ...
    'table', CT_TAREALOAD, ...
    'rows', [1:11], ...
    'col', CT_LOAD_ALL_P, ...
    'chgtype', 1, ...
    'values', [] );
loadprofile.values(:,1,:) = [
	1506.4951 925.8442 1568.8537 559.7479 829.0 1089.3584 842.7228 232.0786 534.3094 4455.5334 1692.5;
	1477.4041 905.1 1559.7433 554.8 820.4832 1092.6969 829.0 221.5398 510.9 4357.0969 1653.5;
	1479.8333 925.7832 1595.1307 564.721 824.46 1106.418 839.9089 223.5795 519.0231 4352.9297 1674.8;
	1571.9427 1012.1 1730.1154 587.5742 883.241 1224.9659 914.9 246.1618 554.9263 4630.7663 1826.1091;
	1745.0884 1159.6707 1931.0482 619.6647 998.0972 1350.0035 1006.6 278.0456 628.8 5191.4 2067.9326;
	1871.7748 1240.072 2042.0399 619.1139 1055.9692 1448.8069 1068.005 304.7886 665.6903 5623.8626 2159.639;
	1872.8 1251.8788 2107.8008 620.581 1067.0686 1485.0203 1079.0337 308.3599 681.1709 5779.7583 2177.8012;
	1881.847 1281.6185 2064.638 629.5335 1045.0315 1505.4523 1114.1457 303.0 681.3734 6081.3632 2176.9273;
	1876.6464 1273.1111 2000.4755 613.4 991.9762 1492.1015 1105.776 266.8259 688.4533 6076.9855 2110.0083;
	1877.1 1273.2512 1987.1467 603.6 970.9 1489.0261 1098.2819 243.8801 663.1763 6195.0849 2063.9277;
	1823.1926 1277.8308 1969.2487 611.076 994.4758 1483.4913 1122.2087 253.4445 669.7351 6324.5572 2091.5148;
	1888.0226 1342.8618 1999.9292 616.9227 1012.0071 1501.9 1154.8433 273.2235 669.4 6352.0531 2150.1702;
	1868.3102 1338.6073 1950.0046 610.7365 1009.6492 1480.0026 1204.5858 280.1127 667.9029 6270.7 2049.3352;
	1767.3221 1246.368 1890.3237 607.3013 983.7091 1444.4451 1152.246 255.0637 664.8103 6152.5309 1998.7188;
	1739.2 1292.2559 1935.292 583.3 1005.6774 1478.7253 1209.7416 289.8 698.1985 6266.7006 2158.0279;
	1720.8111 1248.082 1952.6352 573.3435 1030.6059 1465.8475 1186.08 287.8427 681.9596 6183.6453 2191.2399;
	1726.6532 1233.8492 1937.9747 564.3729 999.6424 1468.6951 1177.5 298.6756 690.5 6064.5466 2216.8752;
	1745.7312 1239.8 1954.2422 575.4 1014.4 1482.3013 1147.8262 313.634 714.9755 5843.5435 2164.2012;
	1794.9456 1228.9907 1936.857 583.5072 1003.4774 1461.0124 1141.731 322.0676 696.0 5746.8244 2155.5164;
	1735.8852 1152.3818 1827.1827 558.0553 927.4168 1345.1068 1063.9 290.3 645.7483 5616.8816 2078.6595;
	1656.7688 1069.164 1740.8447 540.4797 870.7122 1257.1818 1035.2727 283.5209 616.6 5248.0788 1896.7386;
	1521.8039 966.7 1612.276 525.0151 827.3468 1169.1195 939.0301 251.5762 563.3088 4981.3051 1833.4796;
	1512.5 922.6884 1551.273 499.5036 795.6094 1112.6904 854.6595 203.7496 510.4879 4577.5331 1729.7595;
	1530.5989 915.4 1569.2149 522.2 804.5166 1109.3 846.2992 217.4368 487.7766 4397.4901 1647.2868;
];
