function loadprofile = ex_load_profilesh1
%EX_LOAD_PROFILE  Example load profile data file for stochastic unit commitment.
% 2022.03.12
% Andres F. Ramirez

%% define constants
[CT_LABEL, CT_PROB, CT_TABLE, CT_TBUS, CT_TGEN, CT_TBRCH, CT_TAREABUS, ...
    CT_TAREAGEN, CT_TAREABRCH, CT_ROW, CT_COL, CT_CHGTYPE, CT_REP, ...
    CT_REL, CT_ADD, CT_NEWVAL, CT_TLOAD, CT_TAREALOAD, CT_LOAD_ALL_PQ, ...
    CT_LOAD_FIX_PQ, CT_LOAD_DIS_PQ, CT_LOAD_ALL_P, CT_LOAD_FIX_P, ...
    CT_LOAD_DIS_P, CT_TGENCOST, CT_TAREAGENCOST, CT_MODCOST_F, ...
    CT_MODCOST_X] = idx_ct;

loadprofile = struct( ...
    'type', 'mpcData', ...
    'table', CT_TAREALOAD, ...
    'rows', [1:11], ...
    'col', CT_LOAD_ALL_P, ...
    'chgtype', 1, ...
    'values', [] );
loadprofile.values(:,1,:) = [
	1458.8615 930.4368 1570.7368 602.9239 805.7561 1138.6141 874.022 275.3273 532.2 4505.9 1760.5853;
	1457.8 928.596 1551.9429 599.9191 791.2 1142.9 853.4 261.8834 512.4905 4389.5995 1723.9739;
	1493.8 960.4 1621.8851 600.7036 808.0261 1184.716 881.0232 282.9526 538.2138 4493.614 1781.3401;
	1577.8001 1027.4093 1721.5525 604.6365 874.755 1254.5517 932.3 298.3 551.8222 4664.657 1883.8185;
	1729.7276 1150.4468 1929.0478 614.5569 974.6041 1414.6369 1038.1 331.9859 623.4 5284.6917 2088.3193;
	1818.334 1234.6458 2044.8834 620.9546 1039.6 1496.397 1096.6176 365.1 690.6 5799.5912 2242.7743;
	1842.8273 1241.3044 2033.5422 622.4792 1062.8944 1482.5681 1118.5664 376.0382 701.5697 6077.1987 2281.4262;
	1847.0571 1255.3148 2003.0 625.5622 1052.6 1478.6553 1121.7296 364.4 721.5677 6320.4616 2265.018;
	1845.8 1248.367 1999.2 603.6359 1037.5 1488.9506 1118.2335 354.2122 723.6444 6369.9921 2206.6431;
	1830.2 1252.4951 1982.083 605.624 1026.9606 1500.67 1132.2497 362.884 746.1436 6462.293 2237.741;
	1785.9 1235.4929 1928.2048 597.9619 1002.0056 1448.0268 1111.2148 346.8848 768.5846 6405.1517 2217.9187;
	1816.4486 1277.3201 1929.4744 591.3935 986.5 1456.8375 1114.4817 326.9969 746.5445 6399.0058 2191.3388;
	1787.7611 1252.7016 1848.5203 579.1256 940.6541 1417.7155 1094.1 353.975 718.7281 6325.5016 2209.9039;
	1731.7689 1198.9027 1831.9 574.8426 939.5428 1398.199 1083.0075 349.0077 710.8428 6453.1627 2198.9161;
	1787.7261 1202.4466 1819.29 587.7321 955.8081 1424.6608 1088.8475 348.9094 700.5716 6365.3816 2251.7027;
	1789.6714 1201.9714 1835.8992 592.0 959.8557 1414.2965 1100.3045 338.9017 710.078 6309.4 2264.7339;
	1766.3823 1177.1599 1819.3 585.6628 950.8345 1440.77 1101.041 358.1549 676.1019 6078.1592 2274.9818;
	1786.7444 1228.9117 1885.5972 571.9 1014.3898 1484.2988 1140.6904 373.4 694.8 6056.423 2374.8035;
	1830.3499 1251.2284 1885.4447 586.0707 1002.8702 1473.1485 1136.9917 356.0001 709.9573 6009.531 2374.9771;
	1700.4114 1169.3 1786.8973 561.5 968.8696 1379.547 1062.4 339.9 660.6044 5739.5355 2224.9285;
	1634.1192 1099.0644 1688.9451 555.708 868.9 1285.8418 980.0934 309.5829 628.3666 5449.8922 2091.3741;
	1504.8457 1020.4891 1574.6969 540.3687 797.0689 1209.1298 892.3702 278.2455 573.6 5060.3928 1922.8836;
	1547.4574 950.5028 1545.6004 526.6553 816.9241 1200.7945 877.2451 229.4 543.5728 4614.5205 1799.4;
	1508.4667 908.5703 1487.7762 531.4 764.7265 1148.9914 836.1 225.6538 507.2739 4526.4 1702.8323;
];
