function solarprofile = ex_solar_profilesh1
%EX_WIND_PROFILE_D  Example wind_load_nyiso profile data for deterministic unit commitment.
% 2022.03.12
% Andres F. Ramirez


%% define constants
[GEN_BUS, PG, QG, QMAX, QMIN, VG, MBASE, GEN_STATUS, PMAX, PMIN, ...
    MU_PMAX, MU_PMIN, MU_QMAX, MU_QMIN, PC1, PC2, QC1MIN, QC1MAX, ...
    QC2MIN, QC2MAX, RAMP_AGC, RAMP_10, RAMP_30, RAMP_Q, APF] = idx_gen;
[CT_LABEL, CT_PROB, CT_TABLE, CT_TBUS, CT_TGEN, CT_TBRCH, CT_TAREABUS, ...
    CT_TAREAGEN, CT_TAREABRCH, CT_ROW, CT_COL, CT_CHGTYPE, CT_REP, ...
    CT_REL, CT_ADD, CT_NEWVAL, CT_TLOAD, CT_TAREALOAD, CT_LOAD_ALL_PQ, ...
    CT_LOAD_FIX_PQ, CT_LOAD_DIS_PQ, CT_LOAD_ALL_P, CT_LOAD_FIX_P, ...
    CT_LOAD_DIS_P, CT_TGENCOST, CT_TAREAGENCOST, CT_MODCOST_F, ...
    CT_MODCOST_X] = idx_ct;

solarprofile = struct( ...
    'type', 'mpcData', ...
    'table', CT_TGEN, ...
    'rows', [1:12], ...
    'col', PMAX, ...
    'chgtype', 1, ...
    'values', [] );
solarprofile.values(:,1,:) = [
	0.0 0.0 0.0 0.0 0.0 0.0 0.0 0.0 0.0 0.0 0.0 0.0;
	0.0 0.0 0.0 0.0 0.0 0.0 0.0 0.0 0.0 0.0 0.0 0.0;
	0.0 0.0 0.0 0.0 0.0 0.0 0.0 0.0 0.0 0.0 0.0 0.0;
	0.0 0.0 0.0 0.0 0.0 0.0 0.0 0.0 0.0 0.0 0.0 0.0;
	0.0 0.0 0.0 0.0 0.0 0.0 0.0 0.0 0.0 0.0 0.0 0.0;
	0.1219 0.1251 0.1621 0.0 0.0 1.1587 0.1448 0.2121 0.0 0.0 0.0 0.0;
	1.572 0.7611 0.5071 0.7357 2.1912 34.7648 4.3456 35.8984 16.1316 53.8853 36.6314 97.5865;
	4.9993 2.6684 3.2236 5.664 10.106 109.7227 13.7153 43.258 60.9211 117.9939 122.6095 213.6877;
	10.8919 6.8874 7.0718 9.7315 11.981 151.1952 18.8994 45.1454 97.2726 228.7649 174.4723 414.2947;
	22.1211 15.6494 13.1293 11.0625 10.9368 358.0963 44.762 64.9651 234.0562 294.8502 181.3295 533.9756;
	20.8151 14.8468 10.4866 11.1561 11.5 349.8983 43.7373 60.8381 226.0993 303.4377 199.0881 549.5275;
	17.7043 12.0633 5.4172 11.063 12.0415 364.4857 45.5607 58.3881 229.5768 290.3681 197.4985 525.8584;
	24.6767 16.5678 13.606 2.8236 5.1779 365.6507 45.7063 61.8248 225.8337 209.1797 160.3079 378.8257;
	24.4472 15.8925 13.3323 2.4551 2.9353 353.8273 44.2284 63.3869 218.6925 202.4999 134.0419 366.7285;
	24.8856 12.7721 11.8919 1.6826 1.7639 293.4996 36.6875 60.4228 175.6912 175.3089 103.9621 317.4855;
	11.9439 6.1282 5.3649 1.5451 2.2186 86.4856 10.8107 19.2846 21.4356 104.9235 28.5538 190.0171;
	1.059 0.8286 0.6167 0.8604 2.3464 62.4576 7.8072 6.4349 28.7858 16.6526 11.9837 30.158;
	0.0 0.0 0.0 0.0 0.0 0.0 0.0 0.0 0.0 0.0 0.0 0.0;
	0.0 0.0 0.0 0.0 0.0 0.0 0.0 0.0 0.0 0.0 0.0 0.0;
	0.0 0.0 0.0 0.0 0.0 0.0 0.0 0.0 0.0 0.0 0.0 0.0;
	0.0 0.0 0.0 0.0 0.0 0.0 0.0 0.0 0.0 0.0 0.0 0.0;
	0.0 0.0 0.0 0.0 0.0 0.0 0.0 0.0 0.0 0.0 0.0 0.0;
	0.0 0.0 0.0 0.0 0.0 0.0 0.0 0.0 0.0 0.0 0.0 0.0;
	0.0 0.0 0.0 0.0 0.0 0.0 0.0 0.0 0.0 0.0 0.0 0.0;
];
