function loadprofile = ex_load_profilesh1
%EX_LOAD_PROFILE  Example load profile data file for stochastic unit commitment.
% 2022.03.12
% Andres F. Ramirez

%% define constants
[CT_LABEL, CT_PROB, CT_TABLE, CT_TBUS, CT_TGEN, CT_TBRCH, CT_TAREABUS, ...
    CT_TAREAGEN, CT_TAREABRCH, CT_ROW, CT_COL, CT_CHGTYPE, CT_REP, ...
    CT_REL, CT_ADD, CT_NEWVAL, CT_TLOAD, CT_TAREALOAD, CT_LOAD_ALL_PQ, ...
    CT_LOAD_FIX_PQ, CT_LOAD_DIS_PQ, CT_LOAD_ALL_P, CT_LOAD_FIX_P, ...
    CT_LOAD_DIS_P, CT_TGENCOST, CT_TAREAGENCOST, CT_MODCOST_F, ...
    CT_MODCOST_X] = idx_ct;

loadprofile = struct( ...
    'type', 'mpcData', ...
    'table', CT_TAREALOAD, ...
    'rows', [1:11], ...
    'col', CT_LOAD_ALL_P, ...
    'chgtype', 1, ...
    'values', [] );
loadprofile.values(:,1,:) = [
	1372.2998 889.2056 1569.797 542.4 804.6517 1141.6826 854.8006 266.809 523.3 4499.8067 1716.3;
	1376.4135 898.3662 1582.8848 554.4583 804.3667 1142.7656 841.1744 251.6 512.7 4416.6101 1686.1146;
	1448.2354 930.6407 1629.5738 554.2 824.4267 1172.0441 860.4 265.566 525.8529 4506.1573 1736.676;
	1490.8792 991.9885 1722.2933 574.1 878.9 1251.6413 910.0985 271.1981 564.5096 4710.8626 1849.7829;
	1662.1 1129.2154 1933.0 599.6696 1001.0212 1396.9368 1021.0666 311.7737 639.8599 5152.0441 2066.7204;
	1765.8406 1210.9242 2063.0796 607.3 1086.2 1473.3529 1100.2221 346.6 722.6332 5772.957 2249.7697;
	1799.2431 1221.0331 2038.5 602.0181 1061.2893 1467.3 1137.5941 352.7108 744.4022 6035.7 2295.2981;
	1758.9866 1206.9 2024.2 579.4 1042.0375 1468.4 1142.8622 353.0405 745.8322 6244.747 2288.4641;
	1777.7591 1217.4 1999.2 569.9082 1030.6486 1489.8258 1141.9808 347.5161 740.4502 6295.2931 2289.5181;
	1724.7 1184.8569 1967.9065 569.2 1002.6273 1374.1571 1083.6 323.3 714.4543 6307.9964 2250.1044;
	1673.7384 1137.7424 1891.1023 572.7 965.1877 1297.9056 1042.9392 317.5757 695.3555 6199.498 2193.42;
	1690.2086 1133.2341 1901.5531 575.855 989.2011 1330.1252 1083.0534 309.8134 705.2832 6181.9723 2204.3762;
	1709.6327 1133.5508 1895.7834 563.9 968.3263 1318.7591 1054.3993 299.9453 679.7186 6136.9209 2228.1363;
	1689.638 1120.9 1851.2715 553.1849 935.6488 1301.6352 1051.2902 296.1372 685.3 6198.6866 2308.85;
	1706.9063 1109.8238 1890.3893 548.6936 967.9504 1296.3546 1058.1872 307.9722 680.5349 6202.9513 2374.9415;
	1646.9469 1028.4005 1820.8 553.4636 937.3393 1323.5784 1094.0834 317.1213 700.6 6195.4564 2444.9611;
	1643.179 1055.9933 1835.3332 547.1254 941.8 1358.8916 1106.6243 339.6797 722.9 6109.9799 2605.8673;
	1737.0508 1131.7749 1913.6646 546.8443 953.2022 1414.202 1165.4 354.9162 747.2795 6087.7865 2511.0789;
	1771.013 1171.3485 1959.9389 542.6 965.0332 1404.5 1173.4107 356.8396 736.0723 6061.8461 2622.785;
	1703.6325 1098.2688 1858.4413 526.8384 925.7836 1341.0907 1126.7483 343.8 707.0 5874.6352 2445.3181;
	1612.0523 1004.1579 1718.9784 512.1902 844.4978 1246.7901 1071.2279 316.4911 651.1074 5499.5386 2256.0325;
	1532.1213 931.7689 1594.7157 508.5784 770.4572 1141.5365 959.2304 299.3413 620.5753 5096.0998 2058.8589;
	1467.5119 879.0252 1565.8113 522.3 728.0045 1130.7914 898.4767 264.5 545.4299 4863.9859 1928.6916;
	1409.7933 844.5005 1555.9602 516.2148 747.6036 1106.4774 875.7347 258.9574 522.9671 4743.0291 1875.0981;
];
