function solarprofile = ex_solar_profilesh1
%EX_WIND_PROFILE_D  Example wind_load_nyiso profile data for deterministic unit commitment.
% 2022.03.12
% Andres F. Ramirez


%% define constants
[GEN_BUS, PG, QG, QMAX, QMIN, VG, MBASE, GEN_STATUS, PMAX, PMIN, ...
    MU_PMAX, MU_PMIN, MU_QMAX, MU_QMIN, PC1, PC2, QC1MIN, QC1MAX, ...
    QC2MIN, QC2MAX, RAMP_AGC, RAMP_10, RAMP_30, RAMP_Q, APF] = idx_gen;
[CT_LABEL, CT_PROB, CT_TABLE, CT_TBUS, CT_TGEN, CT_TBRCH, CT_TAREABUS, ...
    CT_TAREAGEN, CT_TAREABRCH, CT_ROW, CT_COL, CT_CHGTYPE, CT_REP, ...
    CT_REL, CT_ADD, CT_NEWVAL, CT_TLOAD, CT_TAREALOAD, CT_LOAD_ALL_PQ, ...
    CT_LOAD_FIX_PQ, CT_LOAD_DIS_PQ, CT_LOAD_ALL_P, CT_LOAD_FIX_P, ...
    CT_LOAD_DIS_P, CT_TGENCOST, CT_TAREAGENCOST, CT_MODCOST_F, ...
    CT_MODCOST_X] = idx_ct;

solarprofile = struct( ...
    'type', 'mpcData', ...
    'table', CT_TGEN, ...
    'rows', [1:12], ...
    'col', PMAX, ...
    'chgtype', 1, ...
    'values', [] );
solarprofile.values(:,1,:) = [
	0.0 0.0 0.0 0.0 0.0 0.0 0.0 0.0 0.0 0.0 0.0 0.0;
	0.0 0.0 0.0 0.0 0.0 0.0 0.0 0.0 0.0 0.0 0.0 0.0;
	0.0 0.0 0.0 0.0 0.0 0.0 0.0 0.0 0.0 0.0 0.0 0.0;
	0.0 0.0 0.0 0.0 0.0 0.0 0.0 0.0 0.0 0.0 0.0 0.0;
	0.0 0.0 0.0 0.0 0.0 0.0 0.0 0.0 0.0 0.0 0.0 0.0;
	0.1004 0.1131 0.1118 0.0 0.0 0.1251 0.0156 0.265 0.1048 0.0 0.0 0.0;
	3.5652 2.9632 2.4774 3.3167 9.4225 75.1411 9.3926 8.3253 76.1852 262.1367 38.4571 474.7312;
	3.9333 3.8519 3.1734 3.5536 11.6251 97.329 12.1661 9.3686 70.5287 278.503 84.9831 504.3705;
	5.1687 4.5978 3.7847 3.0355 12.1762 97.8094 12.2262 9.6565 71.7053 282.6028 122.7279 511.7954;
	17.5703 14.0621 12.8978 6.6297 11.4553 348.651 43.5814 40.1497 210.7598 264.6928 151.1767 479.3603;
	19.9474 15.7383 13.2545 10.273 10.8883 328.5097 41.0637 40.0975 215.6568 283.5127 168.3434 513.4432;
	17.7204 15.0463 12.9736 10.8988 10.8059 322.0821 40.2603 38.9952 219.2517 287.6233 175.8405 520.8876;
	14.3939 12.8571 10.7149 5.3153 8.3966 318.2061 39.7758 27.0887 202.4319 290.7796 204.8668 526.6037;
	10.5235 8.1499 6.7931 4.1998 8.086 339.2985 42.4123 31.3626 200.7743 292.6953 227.575 530.0729;
	8.3577 5.7445 5.688 2.7765 7.1838 320.8995 40.1124 31.4704 195.1195 300.9321 239.2178 544.9899;
	5.3059 3.7662 3.6955 1.7113 4.7722 104.4207 13.0526 12.1169 76.6565 159.6677 99.7443 289.1592;
	0.9394 0.7649 0.5774 0.9168 1.9718 39.4294 4.9287 9.0293 36.3149 16.644 10.517 30.1424;
	0.0 0.0 0.0 0.0 0.0 0.0 0.0 0.0 0.0 0.0 0.0 0.0;
	0.0 0.0 0.0 0.0 0.0 0.0 0.0 0.0 0.0 0.0 0.0 0.0;
	0.0 0.0 0.0 0.0 0.0 0.0 0.0 0.0 0.0 0.0 0.0 0.0;
	0.0 0.0 0.0 0.0 0.0 0.0 0.0 0.0 0.0 0.0 0.0 0.0;
	0.0 0.0 0.0 0.0 0.0 0.0 0.0 0.0 0.0 0.0 0.0 0.0;
	0.0 0.0 0.0 0.0 0.0 0.0 0.0 0.0 0.0 0.0 0.0 0.0;
	0.0 0.0 0.0 0.0 0.0 0.0 0.0 0.0 0.0 0.0 0.0 0.0;
];
