function windprofile = ex_wind_profilesh1
%EX_WIND_PROFILE_D  Example wind_load_nyiso profile data for deterministic unit commitment.
% 2022.03.12
% Andres F. Ramirez


%% define constants
[GEN_BUS, PG, QG, QMAX, QMIN, VG, MBASE, GEN_STATUS, PMAX, PMIN, ...
    MU_PMAX, MU_PMIN, MU_QMAX, MU_QMIN, PC1, PC2, QC1MIN, QC1MAX, ...
    QC2MIN, QC2MAX, RAMP_AGC, RAMP_10, RAMP_30, RAMP_Q, APF] = idx_gen;
[CT_LABEL, CT_PROB, CT_TABLE, CT_TBUS, CT_TGEN, CT_TBRCH, CT_TAREABUS, ...
    CT_TAREAGEN, CT_TAREABRCH, CT_ROW, CT_COL, CT_CHGTYPE, CT_REP, ...
    CT_REL, CT_ADD, CT_NEWVAL, CT_TLOAD, CT_TAREALOAD, CT_LOAD_ALL_PQ, ...
    CT_LOAD_FIX_PQ, CT_LOAD_DIS_PQ, CT_LOAD_ALL_P, CT_LOAD_FIX_P, ...
    CT_LOAD_DIS_P, CT_TGENCOST, CT_TAREAGENCOST, CT_MODCOST_F, ...
    CT_MODCOST_X] = idx_ct;

windprofile = struct( ...
    'type', 'mpcData', ...
    'table', CT_TGEN, ...
    'rows', [1:45], ...
    'col', PMAX, ...
    'chgtype', 1, ...
    'values', [] );
windprofile.values(:,1,:) = [
	3.64 49.1841 86.8868 111.3359 14.9213 14.2581 16.0865 16.4977 27.2909 22.4116 41.4275 61.8016 93.042 5.8869 12.664 4.7711 5.9197 6.2731 12.4233 27.2717 5.3622 33.2689 57.487 82.5764 97.5401 68.7176 6.7811 657.7532 412.3632 412.3632 220.8191 37.6484 41.4111 70.1975 18.4563 175.9416 503.6812 59.0266 334.4981 261.2682 15.036 158.17 115.0514 216.6968 508.9279;
	3.6132 48.8227 89.8632 111.8926 14.8316 16.7895 14.9367 15.9872 26.7834 21.9938 40.6553 60.6496 91.3077 6.7768 9.9892 3.7634 4.6694 4.9481 12.2814 16.644 4.9789 39.1755 61.8199 87.0313 99.7716 69.3919 6.6623 700.981 395.6744 395.6744 177.1823 33.0438 40.9379 42.8416 21.246 168.8211 498.0465 51.8016 324.1108 267.2454 14.2886 186.2514 110.694 217.9085 503.2345;
	3.302 44.6175 92.4598 115.3012 14.7835 14.553 13.7859 16.8496 26.4789 21.2227 39.2298 58.5231 88.1063 7.429 9.7445 3.6712 4.555 4.8269 20.3498 22.315 4.5953 33.9571 64.707 85.8866 98.6925 69.7676 7.4259 670.8241 361.7319 361.7319 155.1389 35.0352 67.8327 57.439 23.291 154.339 427.0032 42.2297 244.862 264.355 42.6764 161.4416 87.1982 206.4737 431.4511;
	3.016 40.7526 92.2167 111.2888 14.4698 12.9155 12.6233 17.1085 25.8574 20.4859 37.8679 56.4915 85.0476 9.6856 2.8873 1.0878 1.3496 1.4302 10.4933 20.4173 4.2078 30.1361 60.55 85.6123 102.7193 72.3535 9.0315 529.0296 278.5931 278.5931 154.8389 29.0519 34.9777 52.5541 30.3657 118.8664 316.7297 32.6782 172.3155 275.141 18.44 143.2755 73.949 214.8313 320.0289;
	2.2259 30.0764 89.2791 111.2771 13.9083 13.2021 10.4955 17.1443 16.0923 18.8819 34.903 52.0684 78.3887 14.2897 0.0 0.0 0.0 0.0 17.2511 9.5803 3.4985 30.805 41.7924 84.9776 100.5719 71.6902 7.6538 409.7832 218.0265 218.0265 145.1887 26.3516 57.5037 24.6597 44.8002 93.0247 195.5605 32.8441 141.1384 269.3891 13.4989 146.4558 68.1951 214.4912 197.5976;
	2.9058 39.264 90.8739 116.8236 14.4252 20.7743 12.306 17.3401 10.079 15.8064 29.2179 43.5874 65.6206 28.6885 0.0 0.0 0.0 0.0 25.5422 10.035 4.102 48.4734 33.7606 87.4007 101.1877 70.0404 7.3205 342.2467 198.7092 198.7092 132.3418 23.1524 85.1407 25.8302 89.9422 84.7826 172.5404 31.4489 170.5919 271.0384 13.6208 230.4565 80.3643 213.2059 174.3377;
	2.3027 31.1143 86.7773 111.7833 14.0236 21.2334 12.0085 15.6928 12.4457 26.159 48.3544 72.1353 108.5993 46.1766 1.1491 0.4329 0.5371 0.5692 35.8286 27.189 4.0028 49.5446 55.6292 86.2441 98.4411 69.5423 8.2577 312.2514 224.2462 224.2462 107.3098 15.9521 119.4287 69.9845 144.77 95.6784 202.546 20.7942 153.4694 263.6816 7.4921 235.5492 82.6881 220.9799 204.6558;
	1.5699 21.2126 67.7838 110.4197 14.1711 16.2316 10.9936 16.9262 17.1088 27.6085 51.034 76.1326 114.6172 41.9201 2.5595 0.9643 1.1964 1.2678 49.0425 39.375 3.6645 37.8737 64.4568 85.9065 100.0675 70.794 11.8325 174.1163 147.9417 147.9417 76.4131 9.417 163.4751 101.3514 131.4252 63.1218 117.0156 16.3863 149.9737 268.038 6.5103 180.0624 84.7307 198.5284 118.2345;
	2.5615 34.6115 84.1318 106.7953 13.9999 21.7438 9.538 17.6493 18.7166 28.1282 51.9945 77.5656 116.7745 44.058 4.0523 1.5267 1.8942 2.0073 56.8985 44.7483 3.1793 50.7355 64.9258 86.873 102.8108 71.2754 11.6652 150.6932 134.3242 134.3242 78.595 7.7699 189.6617 115.1821 138.1277 57.3117 122.4577 18.7165 115.9831 275.3861 19.6977 241.2113 67.5592 228.9297 123.7333;
	1.8408 24.8738 82.8613 104.7448 12.7341 12.2983 10.1317 16.8788 25.7203 28.9921 53.5915 79.948 120.3613 47.3726 0.0 0.0 0.0 0.0 69.2813 36.234 3.3772 28.696 65.0558 81.8625 99.2791 69.344 11.5994 261.144 218.304 218.304 101.5597 8.4624 230.9375 93.2665 148.5195 93.1431 233.4544 22.456 108.2636 265.9263 8.9294 136.4288 74.1195 208.7125 235.8862;
	1.6296 22.0192 79.0029 101.2362 12.9644 24.3862 14.2929 17.6841 26.2684 28.5603 52.7933 78.7573 118.5687 51.2289 0.4346 0.1637 0.2032 0.2153 64.973 29.1813 4.7643 56.9011 66.1425 84.4166 94.1677 71.8185 11.8919 401.3917 281.9499 281.9499 168.9558 11.6278 216.5767 75.1128 160.6096 120.2986 335.449 29.8737 170.4347 252.2349 1.0948 270.5239 93.8105 191.5455 338.9433;
	1.9576 26.4518 85.3475 93.5155 13.3602 30.8241 19.5036 18.1817 26.5663 27.919 51.6078 76.9887 115.906 52.7527 0.0 0.0 0.0 0.0 80.3121 43.474 6.5012 71.9229 68.1624 83.789 97.4272 72.6824 12.7854 547.6443 350.8945 350.8945 271.1048 17.107 267.7069 111.9021 165.3867 149.715 447.2029 41.9136 189.6202 260.9658 2.7211 341.942 117.668 206.5118 451.8613;
	3.1157 42.0994 86.7108 85.1808 14.6821 31.5431 22.2385 17.4351 27.3289 28.1057 51.9529 77.5035 116.6811 57.3989 28.6525 10.7947 13.3934 14.193 79.0935 43.1912 7.4128 73.6006 64.9293 80.347 96.1337 71.7538 11.5397 678.5626 425.7982 425.7982 294.7483 20.3649 263.6449 111.1744 179.9533 181.6739 593.8913 55.6035 220.6845 257.5011 0.2968 349.9182 152.5154 225.2869 600.0776;
	3.8023 51.3772 87.5749 107.3789 15.0242 31.0319 22.3999 17.8622 26.6318 28.75 53.144 79.2804 119.3561 57.4064 51.211 19.2935 23.9382 25.3673 82.1104 48.4287 7.4666 72.4077 62.3172 81.0415 96.5481 73.0261 11.7371 799.2889 541.9623 541.9623 373.3789 24.8586 273.7013 124.6556 179.9767 231.2372 686.6159 74.4282 281.5328 258.611 0.0 344.2468 147.4984 257.985 693.7682;
	3.8604 52.1629 86.6223 103.9718 14.7905 33.7873 27.4027 17.9701 27.8168 25.7252 47.5527 70.9393 106.7987 61.0655 80.0113 30.1438 37.4006 39.6335 82.0116 50.3139 9.1342 78.8369 42.4432 81.7361 96.7824 71.498 12.571 1011.9163 639.7203 639.7203 465.212 31.0193 273.372 129.508 191.4487 272.9473 891.3071 107.4698 428.8608 259.2386 4.4828 374.8133 158.0595 250.5177 900.5915;
	3.8481 51.9957 89.4087 112.2132 15.1564 33.8958 29.6169 18.1168 28.048 22.0112 40.6874 60.6976 91.3799 62.1341 131.2912 49.4632 61.371 65.0349 90.72 65.1809 9.8723 79.0902 43.521 85.0406 99.9575 73.1492 12.9565 1054.1076 708.5802 708.5802 650.8265 40.3244 302.4001 167.7758 194.7989 302.3276 967.1452 154.6841 388.2724 267.7432 16.3657 376.0175 169.506 262.2973 977.2196;
	3.8799 52.4258 87.4805 110.6898 14.9907 33.3005 30.5113 17.3266 27.1889 19.1204 35.3438 52.726 79.3787 63.0554 151.9228 57.236 71.0151 75.2548 87.6953 67.5538 10.1704 77.7012 3.1424 82.0023 97.2291 72.4087 12.5553 1094.0083 759.4914 759.4914 721.173 72.1198 292.3176 173.8836 197.6871 324.0497 1030.9483 209.2971 401.2636 260.4351 1.1674 369.4135 209.1442 265.7572 1041.6874;
	3.5907 48.5184 88.7253 110.3903 14.6015 32.6056 28.1738 18.3711 25.8361 15.6921 29.0066 43.2721 65.1459 59.5464 163.3388 61.5369 76.3514 80.9097 89.5082 69.2671 9.3913 76.0798 14.2179 83.7662 100.6798 71.6386 13.8056 1110.3371 778.0583 778.0583 740.12 88.7109 298.3608 178.2936 186.686 331.9715 1089.8353 240.684 399.6546 269.678 105.9911 361.7053 194.9368 253.7609 1101.1877;
	3.2764 44.2711 86.776 111.349 14.375 32.5193 29.839 13.1168 26.1018 17.5989 32.5313 48.5303 73.0622 58.7204 167.4068 63.0695 78.2529 82.9248 88.1197 65.9898 9.9463 75.8784 43.5271 82.7223 99.9253 60.4842 13.2101 1150.6761 796.636 796.636 698.9592 98.3879 293.7323 169.8578 184.0965 339.898 1070.6312 246.612 432.255 267.657 113.1358 360.7476 198.6208 264.5075 1081.7836;
