function loadprofile = ex_load_profilesh1
%EX_LOAD_PROFILE  Example load profile data file for stochastic unit commitment.
% 2022.03.12
% Andres F. Ramirez

%% define constants
[CT_LABEL, CT_PROB, CT_TABLE, CT_TBUS, CT_TGEN, CT_TBRCH, CT_TAREABUS, ...
    CT_TAREAGEN, CT_TAREABRCH, CT_ROW, CT_COL, CT_CHGTYPE, CT_REP, ...
    CT_REL, CT_ADD, CT_NEWVAL, CT_TLOAD, CT_TAREALOAD, CT_LOAD_ALL_PQ, ...
    CT_LOAD_FIX_PQ, CT_LOAD_DIS_PQ, CT_LOAD_ALL_P, CT_LOAD_FIX_P, ...
    CT_LOAD_DIS_P, CT_TGENCOST, CT_TAREAGENCOST, CT_MODCOST_F, ...
    CT_MODCOST_X] = idx_ct;

loadprofile = struct( ...
    'type', 'mpcData', ...
    'table', CT_TAREALOAD, ...
    'rows', [1:11], ...
    'col', CT_LOAD_ALL_P, ...
    'chgtype', 1, ...
    'values', [] );
loadprofile.values(:,1,:) = [
	1487.4181 1015.4466 1590.168 562.334 791.1692 1170.246 874.9 257.1254 553.0986 4620.7 1773.608;
	1462.9 965.8528 1585.5751 551.8576 777.0 1125.3515 851.4 250.3 533.0964 4498.3704 1726.0096;
	1503.4588 1041.7446 1640.6009 560.9127 795.7854 1173.4245 872.2 270.8625 547.5125 4674.6816 1762.5321;
	1552.8376 1049.8152 1709.3 559.6553 843.9892 1239.242 902.4745 280.977 565.4 4780.6753 1841.9119;
	1714.5773 1179.1663 1893.8513 576.1731 965.6 1391.4894 1009.9572 326.5278 636.8661 5296.5537 2066.7508;
	1809.5486 1256.6546 1978.6246 595.0668 1049.6028 1475.2 1089.8 349.0321 705.1131 5749.7952 2218.692;
	1830.1 1250.4402 1965.1637 590.5346 1077.2269 1447.2869 1142.0419 360.5066 730.9789 6181.8141 2287.3323;
	1828.6813 1257.8724 1986.1007 596.4 1067.8405 1464.8396 1142.1477 341.2437 753.3748 6332.9721 2306.9247;
	1854.4206 1270.5417 1989.3966 584.4976 1046.4555 1431.2134 1142.6584 348.2368 742.4 6394.1643 2330.5555;
	1859.3 1267.6721 1995.2045 575.8337 1037.7094 1416.9407 1172.8133 337.9815 760.7161 6586.8209 2422.8616;
	1830.7908 1257.9234 1970.4432 567.3821 1029.3261 1357.3123 1170.4216 344.9679 751.7763 6585.9303 2342.7889;
	1837.6 1220.3565 1952.1358 576.3232 985.0902 1369.0489 1142.9468 332.7162 733.3179 6475.9833 2282.4647;
	1797.4885 1205.6785 1928.8334 577.8726 959.1 1327.3 1123.3167 350.0641 706.8408 6500.0763 2285.5048;
	1781.021 1238.5524 1952.9837 574.4397 980.5556 1338.0785 1078.194 354.663 712.5213 6464.6739 2251.6737;
	1702.1796 1188.9784 1880.8719 576.0924 951.68 1359.8046 1069.3 377.5445 708.7457 6554.9171 2284.4015;
	1737.2668 1172.2355 1890.4188 580.6225 944.8773 1354.9992 1053.951 395.9069 686.7006 6483.2846 2217.2246;
	1701.0071 1174.2 1894.5 579.2378 945.5561 1374.3068 1068.4778 395.6282 695.7859 6336.7904 2258.0;
	1776.1291 1230.669 1985.3208 588.6 969.3929 1417.415 1102.299 389.693 723.7836 6273.5512 2362.1269;
	1787.782 1223.0 1961.1665 585.5205 945.2 1393.8654 1098.8077 368.0969 708.828 6097.284 2286.3704;
	1718.0 1159.8954 1892.9578 567.6657 916.7934 1318.3987 1041.1107 345.5583 682.7602 5875.3498 2225.3506;
	1654.5122 1066.2 1776.1146 561.7882 876.3 1255.1583 998.0 322.0833 641.6746 5591.3612 2063.7571;
	1554.2253 1010.7501 1685.8502 543.7249 813.5 1174.7224 937.9994 288.1526 589.777 5232.6841 1892.5806;
	1537.0476 999.6942 1660.9405 548.627 786.8073 1153.0644 881.4541 252.1319 562.805 4829.5417 1762.4612;
	1457.1 932.1196 1597.1563 542.007 752.4865 1116.1 796.3006 229.7339 516.9742 4594.3229 1637.8711;
];
