function windprofile = ex_wind_profilesh1
%EX_WIND_PROFILE_D  Example wind_load_nyiso profile data for deterministic unit commitment.
% 2022.03.12
% Andres F. Ramirez


%% define constants
[GEN_BUS, PG, QG, QMAX, QMIN, VG, MBASE, GEN_STATUS, PMAX, PMIN, ...
    MU_PMAX, MU_PMIN, MU_QMAX, MU_QMIN, PC1, PC2, QC1MIN, QC1MAX, ...
    QC2MIN, QC2MAX, RAMP_AGC, RAMP_10, RAMP_30, RAMP_Q, APF] = idx_gen;
[CT_LABEL, CT_PROB, CT_TABLE, CT_TBUS, CT_TGEN, CT_TBRCH, CT_TAREABUS, ...
    CT_TAREAGEN, CT_TAREABRCH, CT_ROW, CT_COL, CT_CHGTYPE, CT_REP, ...
    CT_REL, CT_ADD, CT_NEWVAL, CT_TLOAD, CT_TAREALOAD, CT_LOAD_ALL_PQ, ...
    CT_LOAD_FIX_PQ, CT_LOAD_DIS_PQ, CT_LOAD_ALL_P, CT_LOAD_FIX_P, ...
    CT_LOAD_DIS_P, CT_TGENCOST, CT_TAREAGENCOST, CT_MODCOST_F, ...
    CT_MODCOST_X] = idx_ct;

windprofile = struct( ...
    'type', 'mpcData', ...
    'table', CT_TGEN, ...
    'rows', [1:45], ...
    'col', PMAX, ...
    'chgtype', 1, ...
    'values', [] );
windprofile.values(:,1,:) = [
	3.6363 49.1339 92.1936 116.9243 15.2391 14.0812 15.8514 18.6689 27.9789 25.3557 46.8697 69.9204 105.2647 6.9542 27.4205 10.3305 12.8175 13.5827 18.1998 30.0158 5.2838 32.856 62.2182 87.7909 99.0465 74.7275 8.1676 720.4197 369.5244 369.5244 188.6372 32.2585 60.666 77.2609 21.8023 157.6638 512.8726 51.5042 322.3023 265.3031 13.9611 156.207 120.4841 217.9398 518.215;
	3.6663 49.5392 92.9562 115.927 15.3539 16.0837 14.3124 18.3375 26.9524 25.7251 47.5525 70.939 106.7983 7.5589 20.7704 7.8251 9.709 10.2886 15.8162 14.7192 4.7708 37.5286 63.5032 87.6195 98.286 73.8433 7.6308 715.3353 359.0879 359.0879 163.9884 31.9798 52.7207 37.8872 23.6981 153.2108 498.2125 56.2131 304.7557 263.2661 8.8582 178.4215 120.1845 210.3587 503.4022;
	3.2878 44.426 91.1301 112.5902 14.8915 12.9523 12.4533 18.3816 26.4769 24.1526 44.6457 66.6026 100.2698 9.0995 15.8498 5.9713 7.4089 7.8512 21.3835 22.4872 4.1511 30.222 60.825 86.0809 98.2982 73.8439 8.6422 618.0117 321.8964 321.8964 137.4805 29.7224 71.2783 57.8821 28.5282 137.3425 387.0261 36.2198 234.224 263.2987 4.3559 143.6841 92.503 190.0486 391.0576;
	3.1131 42.0644 93.7013 111.346 15.3258 13.0659 12.4503 17.9734 27.1745 24.2991 44.9165 67.0065 100.878 13.7465 17.1568 6.4637 8.0198 8.4986 15.8576 24.6557 4.1501 30.4871 66.2744 86.228 101.9032 75.225 10.0513 546.0296 280.6959 280.6959 160.2628 26.6575 52.8586 63.4637 43.0971 119.7636 348.9313 33.9097 190.4809 272.9549 1.2564 144.9444 87.5203 205.8833 352.566;
	2.4591 33.228 91.1925 108.4154 14.8998 13.099 9.2732 17.7554 16.0361 21.7788 40.2578 60.0568 90.4151 15.8439 20.8573 7.8579 9.7496 10.3316 20.9582 27.8727 3.0911 30.5644 53.271 86.5193 101.849 73.1335 9.6914 398.1156 209.3836 209.3836 150.917 23.2264 69.8608 71.7443 49.6726 89.337 201.0978 29.4558 159.2082 272.8098 7.0986 145.3121 83.9854 214.6638 203.1926;
	2.9183 39.4327 90.0535 107.6194 14.6047 19.5426 9.8796 17.3676 9.1373 20.3703 37.6543 56.1728 84.5678 30.8384 25.34 9.5467 11.845 12.5522 34.8033 29.7192 3.2932 45.5995 57.3437 83.2424 98.0494 72.716 7.5233 319.9312 199.5925 199.5925 140.7316 23.2828 116.0109 76.4973 96.6824 85.1595 166.9901 33.5979 173.8768 262.6323 8.0641 216.7929 87.655 200.8401 168.7296;
	2.5619 34.6173 87.6488 111.1283 14.5041 22.5573 11.0322 16.8596 11.8888 25.1027 46.4021 69.2227 104.2144 43.3768 29.5397 11.1289 13.8081 14.6324 38.076 37.0348 3.6774 52.6338 61.0458 83.8479 99.8795 73.0407 11.0296 264.5872 224.8954 224.8954 103.4679 14.564 126.9199 95.3278 135.9922 95.9554 188.8924 26.5946 159.0434 267.5342 6.671 250.2359 97.5705 224.8409 190.86;
	1.7173 23.204 67.8952 110.6389 15.1031 18.3518 12.1214 16.8373 19.6159 27.2435 50.3592 75.1261 113.1019 46.9184 34.9089 13.1517 16.3179 17.2921 52.862 59.2626 4.0405 42.8209 69.8069 84.8983 98.4629 72.0278 12.4988 110.0809 187.7372 187.7372 101.3396 6.1571 176.2065 152.5421 147.0955 80.1012 117.8886 36.8656 184.1786 263.74 5.9512 203.5829 90.5713 205.0437 119.1166;
	2.7284 36.867 84.1313 97.4535 14.9046 22.2995 10.1995 16.8772 21.1443 27.999 51.7558 77.2094 116.2384 49.0373 21.2187 7.994 9.9185 10.5106 66.1179 53.6623 3.3998 52.0321 69.1979 82.828 97.8098 72.2944 11.9319 93.3529 154.1547 154.1547 93.5527 0.1126 220.3929 138.1268 153.7387 65.7727 108.452 32.9755 135.7084 261.9906 19.317 247.3756 78.1842 232.9469 109.5817;
	2.0666 27.9248 86.0584 108.9056 13.5161 14.8333 9.9608 17.4683 26.6183 27.9285 51.6253 77.0148 115.9454 45.9978 22.3116 8.4058 10.4294 11.052 72.0604 48.8695 3.3203 34.6111 68.6748 82.8201 101.043 74.7541 12.426 240.7602 247.3605 247.3605 105.1957 5.2144 240.2012 125.7902 144.2094 105.5405 227.4992 27.427 56.0054 270.6508 21.9777 164.5511 86.9009 216.793 229.869;
	1.4411 19.4721 75.4906 96.6888 12.5291 23.2251 13.3297 16.068 26.5565 27.2241 50.3233 75.0724 113.0211 50.8045 16.0715 6.0549 7.5125 7.961 65.3332 36.7777 4.4432 54.1919 61.2933 82.8572 92.6957 74.98 11.0371 317.3259 286.4344 286.4344 138.8545 10.2529 217.7772 94.6659 159.2789 122.212 299.8381 31.7905 160.5569 248.292 2.0787 257.6437 89.5415 182.3643 302.9614;
	1.6698 22.5622 82.2107 83.6226 12.5124 28.0405 18.3911 16.4405 26.026 26.6303 49.2257 73.435 110.556 51.7604 14.0489 5.2928 6.567 6.9591 74.834 52.4524 6.1304 65.4278 67.6967 80.4781 95.3402 74.1741 11.7291 391.0943 357.5902 357.5902 256.3658 16.0666 249.4468 135.0126 162.2757 152.5718 407.9351 48.5243 176.9682 255.3755 2.3677 311.0625 102.763 188.9595 412.1844;
	2.9109 39.3328 89.1392 90.1405 14.5888 31.0006 18.6394 17.512 27.0146 28.2176 52.1599 77.8122 117.1459 54.9328 47.4426 17.8737 22.1767 23.5007 80.7281 66.5549 6.2131 72.3346 70.7415 84.9331 101.023 75.5828 11.3711 554.2527 435.6275 435.6275 292.9172 25.4976 269.0936 171.3125 172.2219 185.8677 565.9801 62.2948 188.6563 270.5973 11.23 343.8995 138.3679 219.8467 571.8757;
	3.5358 47.7765 88.296 105.4552 14.4113 30.9503 20.5578 16.3324 26.2037 28.7265 53.1005 79.2155 119.2585 55.58 64.0899 24.1455 29.9583 31.7469 83.2918 58.212 6.8526 72.2173 62.8337 82.4008 96.0453 75.1455 9.8918 712.0822 564.4943 564.4943 387.2226 30.209 277.6393 149.8379 174.2507 240.8509 689.8733 85.1618 262.7795 257.2642 0.9884 343.3417 140.9718 256.9104 697.0595;
	3.6659 49.5343 89.6904 108.8169 14.3932 32.7488 23.9862 17.6412 26.8528 25.1124 46.4198 69.2492 104.2543 64.0084 96.9879 36.5396 45.3362 48.0428 85.3324 56.0198 7.9954 76.4139 44.7265 84.4556 97.829 73.3145 11.4915 892.5939 649.4045 649.4045 498.5415 35.4002 284.4412 144.1952 200.6749 277.0793 914.9907 115.1947 393.0233 262.0419 0.6861 363.2935 158.1312 250.4382 924.5219;
	3.6814 49.7435 91.4785 110.996 14.7252 33.073 25.1227 17.443 26.6768 19.5191 36.0808 53.8254 81.0339 65.6136 131.846 49.6722 61.6303 65.3098 84.5586 67.673 8.3742 77.1704 45.2731 85.4087 99.2674 72.2015 12.013 978.1392 696.3007 696.3007 660.5461 44.1814 281.8619 174.1904 205.7075 297.0883 1000.7951 157.0692 346.2993 265.8949 0.008 366.8903 174.4175 258.9965 1011.2201;
	3.7711 50.9562 93.1256 117.4494 15.0286 33.3086 28.2697 18.1514 27.7339 20.5887 38.0579 56.775 85.4744 69.2381 164.7691 62.0758 77.02 81.6182 85.3969 68.0446 9.4232 77.72 32.7894 87.3346 100.2462 72.456 12.8101 980.6703 755.3247 755.3247 718.1059 74.3786 284.6562 175.1469 217.0706 322.2719 1050.1894 201.8769 396.2597 268.5167 0.0018 369.5029 204.3574 271.7128 1061.1289;
	3.561 48.1167 93.4371 117.0112 14.2717 31.8476 27.0475 18.3424 26.8398 18.5685 34.3236 51.2041 77.0875 67.5813 172.012 64.8045 80.4056 85.2059 84.7133 69.1121 9.0158 74.3111 35.9702 86.6064 102.8777 73.2265 13.693 1030.1395 760.5613 760.5613 712.2449 92.2246 282.3777 177.8948 211.8764 324.5061 1063.2759 232.4735 410.2567 275.5653 99.7799 353.2962 187.2092 261.4702 1074.3517;
	3.5645 48.1635 93.2696 119.4303 14.9807 32.6558 29.3218 14.3962 26.6404 19.6541 36.3302 54.1975 81.5941 66.2954 176.0029 66.3081 82.2711 87.1829 81.5465 68.2142 9.7739 76.1969 46.7031 87.49 104.2607 67.6569 13.6813 1107.7361 759.8952 759.8952 656.3214 96.4332 271.8216 175.5836 207.8452 324.2219 1061.0592 236.4262 437.4879 279.2699 116.2454 362.2618 198.9936 268.7991 1072.1119;
