function windprofile = ex_wind_profilesh1
%EX_WIND_PROFILE_D  Example wind_load_nyiso profile data for deterministic unit commitment.
% 2022.03.12
% Andres F. Ramirez


%% define constants
[GEN_BUS, PG, QG, QMAX, QMIN, VG, MBASE, GEN_STATUS, PMAX, PMIN, ...
    MU_PMAX, MU_PMIN, MU_QMAX, MU_QMIN, PC1, PC2, QC1MIN, QC1MAX, ...
    QC2MIN, QC2MAX, RAMP_AGC, RAMP_10, RAMP_30, RAMP_Q, APF] = idx_gen;
[CT_LABEL, CT_PROB, CT_TABLE, CT_TBUS, CT_TGEN, CT_TBRCH, CT_TAREABUS, ...
    CT_TAREAGEN, CT_TAREABRCH, CT_ROW, CT_COL, CT_CHGTYPE, CT_REP, ...
    CT_REL, CT_ADD, CT_NEWVAL, CT_TLOAD, CT_TAREALOAD, CT_LOAD_ALL_PQ, ...
    CT_LOAD_FIX_PQ, CT_LOAD_DIS_PQ, CT_LOAD_ALL_P, CT_LOAD_FIX_P, ...
    CT_LOAD_DIS_P, CT_TGENCOST, CT_TAREAGENCOST, CT_MODCOST_F, ...
    CT_MODCOST_X] = idx_ct;

windprofile = struct( ...
    'type', 'mpcData', ...
    'table', CT_TGEN, ...
    'rows', [1:45], ...
    'col', PMAX, ...
    'chgtype', 1, ...
    'values', [] );
windprofile.values(:,1,:) = [
	3.3601 45.4023 78.044 105.6187 14.1281 11.1215 12.2439 16.2497 23.7165 22.0759 40.8069 60.8758 91.6483 3.8546 8.7239 3.2867 4.0779 4.3214 14.8098 15.2374 4.0813 25.9502 55.2498 71.2176 84.3066 64.4225 6.9276 648.4768 386.7488 386.7488 217.712 39.6079 49.3661 39.2212 12.0848 165.0128 507.6453 59.8745 272.7149 225.8214 17.8307 123.3747 106.8205 203.7216 512.9333;
	3.3136 44.7734 77.0717 103.976 14.0191 13.7767 11.9049 15.6437 24.9691 23.7315 43.8674 65.4415 98.5218 2.8477 6.9234 2.6083 3.2363 3.4295 12.7688 6.5352 3.9683 32.1457 61.2362 78.3029 85.6363 67.2463 6.3872 654.3323 373.9595 373.9595 189.1026 34.7049 42.5626 16.8217 8.9281 159.556 491.0774 56.697 275.9733 229.3831 16.0229 152.8299 107.5581 180.4672 496.1928;
	3.0199 40.805 82.2163 102.2155 14.1395 10.0194 11.4389 15.9375 25.8152 24.119 44.5835 66.5099 100.1302 6.3829 14.5435 5.4792 6.7982 7.2041 22.6224 19.9431 3.813 23.3785 64.3283 80.9764 83.074 68.7334 7.0884 591.9408 344.9234 344.9234 167.1205 35.9128 75.4079 51.3335 20.0112 147.1673 420.7218 41.444 215.602 222.5196 27.1257 111.1483 85.1521 168.033 425.1044;
	2.7995 37.8273 87.3085 108.0129 14.5739 11.1109 11.1174 17.4448 25.982 23.8627 44.1099 65.8033 99.0665 6.3369 9.0033 3.3919 4.2085 4.4598 13.1972 19.4509 3.7058 25.9254 67.4947 83.9163 97.4539 73.9831 9.9074 454.0432 270.1207 270.1207 159.098 29.8068 43.9906 50.0666 19.867 115.2515 304.0897 28.7377 141.9586 261.0373 7.056 123.2565 75.8072 198.47 307.2573;
	2.1868 29.5481 86.9952 109.9075 14.3995 11.453 10.3047 17.6622 16.2983 21.1389 39.0749 58.2921 87.7584 10.1897 18.2271 6.867 8.5201 9.0288 23.0416 24.5446 3.4349 26.7237 52.6306 85.1805 99.2875 73.5401 10.3983 371.6636 223.1887 223.1887 147.7159 30.766 76.8052 63.1779 31.946 95.2272 197.8273 30.8106 159.0687 265.9487 14.6834 127.0522 80.3097 210.1848 199.888;
	2.835 38.3066 87.0666 111.8495 13.8752 19.003 11.8699 17.8197 9.5984 18.3638 33.9451 50.6395 76.2374 15.4169 15.8522 5.9722 7.41 7.8523 35.4375 23.3292 3.9566 44.3404 55.2576 84.5786 99.7358 74.5796 8.6131 290.6254 185.7405 185.7405 112.1863 27.6255 118.1251 60.0494 48.3342 79.2493 142.1557 25.2968 182.4014 267.1496 16.9424 210.807 80.324 211.4081 143.6365;
	2.2818 30.8318 85.4021 110.8395 12.7924 19.0136 11.2469 17.4338 10.1084 26.3126 48.6384 72.5589 109.237 31.8762 20.08 7.565 9.3862 9.9466 38.5616 34.5224 3.749 44.365 67.235 84.508 102.2917 73.8337 11.852 216.2056 195.0132 195.0132 64.3724 16.973 128.5386 88.8608 99.9363 83.2056 147.094 10.8517 133.9383 273.9956 13.3405 210.9239 89.7268 226.2431 148.6263;
	1.8631 25.1744 71.493 114.8296 14.3972 18.8484 12.5081 18.4289 19.8908 28.8947 53.4114 79.6793 119.9567 37.1136 29.571 11.1407 13.8227 14.648 55.0992 55.8735 4.1694 43.9796 72.4852 85.6061 102.9524 74.0795 13.8326 90.4339 157.8103 157.8103 76.4148 10.1744 183.6642 143.8186 116.3563 67.3324 105.1415 14.5858 166.1358 275.7654 11.3851 209.0915 91.7304 211.7308 106.2368;
	2.9057 39.262 85.7313 111.2211 14.5625 23.7316 11.0076 18.9116 20.8746 28.3951 52.4879 78.3017 117.8827 44.1859 25.2458 9.5112 11.8009 12.5055 67.7149 53.5004 3.6692 55.3737 71.78 87.1529 103.146 75.5502 13.9043 96.1702 117.6939 117.6939 81.4082 8.8059 225.7164 137.7102 138.5288 50.2161 107.1046 21.0354 123.5332 276.2839 21.5953 263.2622 83.9241 234.7979 108.2203;
	2.292 30.9704 84.2371 111.2181 12.7806 13.753 10.4295 18.7545 25.9908 29.0395 53.679 80.0786 120.5578 45.9947 17.6088 6.634 8.2311 8.7225 73.7772 40.723 3.4765 32.0903 72.1642 85.413 103.6593 76.0404 13.9502 199.6391 210.4217 210.4217 90.198 8.5315 245.9241 104.8211 144.1996 89.7799 203.3072 20.8549 11.5072 277.6588 10.8707 152.5663 82.0453 215.1451 205.425;
	1.7893 24.1768 80.6118 105.8285 12.1263 24.8067 14.443 18.2592 27.0584 29.2608 54.0882 80.689 121.4768 52.0347 1.5752 0.5934 0.7363 0.7803 68.2163 26.3785 4.8143 57.8823 72.0159 86.7224 98.9824 74.5549 13.1012 312.8561 276.7094 276.7094 154.5964 12.7932 227.3876 67.8983 163.1359 118.0627 321.7551 24.4112 175.5886 265.1315 20.7785 275.1891 91.8549 184.7853 325.1067;
	1.7967 24.2778 82.5216 86.1878 11.2063 29.4939 19.7854 17.8032 26.6787 29.1597 53.9013 80.4101 121.057 57.1696 8.2799 3.1194 3.8704 4.1014 79.1136 42.5215 6.5951 68.8192 72.3184 81.1097 96.3522 74.7955 12.1414 367.1242 368.5824 368.5824 277.4779 18.0354 263.7121 109.4504 179.2343 157.2618 437.1343 44.3645 211.8126 258.0861 4.5198 327.1861 104.9333 171.7329 441.6878;
	3.0737 41.5327 88.7002 88.7227 13.9602 32.1419 20.3022 17.091 27.2517 28.6202 52.904 78.9224 118.8173 58.6161 43.1055 16.2397 20.1493 21.3522 83.9586 53.9058 6.7674 74.9978 70.7791 81.55 99.4724 72.5946 11.1013 513.9049 432.5424 432.5424 301.3997 24.7051 279.8621 138.7536 183.7694 184.5514 575.4823 56.5069 227.8988 266.4438 1.8163 356.5609 140.2642 210.2597 581.4769;
	3.5553 48.0397 86.1593 97.2345 13.996 30.2029 21.0606 16.6777 26.7211 28.7441 53.1331 79.2641 119.3316 58.7584 54.365 20.4817 25.4125 26.9296 84.967 54.9172 7.0202 70.4733 67.8102 78.5565 96.4374 69.3614 11.1846 755.3503 587.8722 587.8722 388.7727 27.2766 283.2233 141.3571 184.2156 250.8255 723.9412 78.7512 292.8128 258.3146 0.4887 335.0504 136.3496 243.9641 731.4823;
	3.7782 51.0515 89.8112 104.0486 14.5132 32.6156 24.6387 17.5807 28.0473 26.6523 49.2663 73.4956 110.6473 66.6062 101.7793 38.3448 47.5759 50.4163 87.527 61.484 8.2129 76.1032 52.4226 83.5319 96.5976 69.3746 12.5943 949.3003 680.4354 680.4354 471.4843 32.418 291.7567 158.26 208.8194 290.3191 940.8569 107.3913 434.9154 258.7436 1.1427 361.8161 153.2438 253.952 950.6575;
	3.7339 50.453 91.4847 108.8605 14.6173 33.0217 27.3602 18.0599 28.3208 21.1616 39.117 58.3548 87.8528 64.6034 140.1485 52.8001 65.5113 69.4224 92.5988 71.0482 9.1201 77.0506 45.3873 86.3578 100.3032 69.8981 13.0904 1042.6098 708.3387 708.3387 644.3037 45.9928 308.6626 182.8782 202.5404 302.2245 972.9422 151.9467 401.5944 268.6692 4.0441 366.3205 161.7007 260.7551 983.077;
	3.8573 52.1202 91.23 111.5968 15.0496 33.4341 28.9076 18.0622 28.0484 20.0138 36.9951 55.1895 83.0874 63.2772 176.8428 66.6245 82.6637 87.5989 92.1888 73.5582 9.6359 78.0129 31.8852 87.7907 99.1743 72.9103 12.7925 1070.4804 715.8329 715.8329 628.4603 72.9907 307.2959 189.3389 198.3825 305.4221 981.1568 190.6707 418.3111 265.6454 2.2435 370.8955 201.634 272.0974 991.3772;
	3.8349 51.8178 90.3037 111.0599 14.8649 33.5192 28.8273 18.2783 27.6114 17.4656 32.2849 48.1627 72.5086 67.6017 202.0991 76.1397 94.4696 100.1096 91.9399 73.5087 9.6091 78.2115 37.5448 85.6302 101.8888 71.7826 13.4296 1129.448 743.8746 743.8746 661.0912 88.0853 306.4665 189.2117 211.9406 317.3865 1049.9982 224.8078 451.5801 272.9165 108.9783 371.8396 190.7851 263.6315 1060.9356;
	3.7268 50.357 87.325 111.341 14.7616 33.3721 29.0669 11.8395 25.9614 20.0633 37.0867 55.3261 83.2932 61.7314 200.428 75.5101 93.6884 99.2818 87.965 72.5251 9.689 77.8683 52.295 84.4926 100.7105 56.274 12.4987 1187.2503 723.734 723.734 588.7614 98.1836 293.2167 186.6797 193.5363 308.7932 1035.0894 232.3334 434.0747 269.7604 116.2503 370.208 199.9905 265.8296 1045.8716;
