function windprofile = ex_wind_profilesh1
%EX_WIND_PROFILE_D  Example wind_load_nyiso profile data for deterministic unit commitment.
% 2022.03.12
% Andres F. Ramirez


%% define constants
[GEN_BUS, PG, QG, QMAX, QMIN, VG, MBASE, GEN_STATUS, PMAX, PMIN, ...
    MU_PMAX, MU_PMIN, MU_QMAX, MU_QMIN, PC1, PC2, QC1MIN, QC1MAX, ...
    QC2MIN, QC2MAX, RAMP_AGC, RAMP_10, RAMP_30, RAMP_Q, APF] = idx_gen;
[CT_LABEL, CT_PROB, CT_TABLE, CT_TBUS, CT_TGEN, CT_TBRCH, CT_TAREABUS, ...
    CT_TAREAGEN, CT_TAREABRCH, CT_ROW, CT_COL, CT_CHGTYPE, CT_REP, ...
    CT_REL, CT_ADD, CT_NEWVAL, CT_TLOAD, CT_TAREALOAD, CT_LOAD_ALL_PQ, ...
    CT_LOAD_FIX_PQ, CT_LOAD_DIS_PQ, CT_LOAD_ALL_P, CT_LOAD_FIX_P, ...
    CT_LOAD_DIS_P, CT_TGENCOST, CT_TAREAGENCOST, CT_MODCOST_F, ...
    CT_MODCOST_X] = idx_ct;

windprofile = struct( ...
    'type', 'mpcData', ...
    'table', CT_TGEN, ...
    'rows', [1:45], ...
    'col', PMAX, ...
    'chgtype', 1, ...
    'values', [] );
windprofile.values(:,1,:) = [
	3.6503 49.3233 90.9812 112.6655 14.497 14.1753 16.6528 16.2501 27.1188 23.5519 43.5353 64.9461 97.7761 4.6999 23.039 8.6798 10.7694 11.4124 13.4878 32.4211 5.5509 33.0756 37.1471 85.5102 97.1505 71.0376 7.6488 637.6978 380.486 380.486 207.6387 33.4633 44.9593 83.4521 14.735 162.3407 471.5656 50.7773 318.1588 260.2246 16.3125 157.251 119.0275 224.207 476.4777;
	3.6052 48.7142 91.1207 114.0243 14.9035 16.2511 16.2505 16.2728 26.8914 24.7852 45.8151 68.3472 102.8963 5.4642 16.8303 6.3407 7.8672 8.3369 12.7265 19.373 5.4168 37.9193 58.1595 86.4025 96.1466 70.9111 7.4978 595.6212 370.2991 370.2991 169.1056 30.795 42.4215 49.8661 17.131 157.9943 454.7281 48.0492 319.554 257.5356 15.4547 180.279 118.9673 213.0016 459.4649;
	3.3889 45.791 92.9088 113.8655 14.5138 13.9236 14.286 17.4375 28.0016 25.2978 46.7625 69.7605 105.024 7.4302 19.8815 7.4903 9.2935 9.8483 20.2271 28.0325 4.762 32.4885 60.2448 86.5982 97.1095 70.7724 8.9895 522.1072 342.2459 342.2459 150.0939 31.888 67.4235 72.1557 23.2947 146.0249 366.9214 34.9423 251.2802 260.1148 13.3565 154.4596 93.1063 204.2634 370.7435;
	3.0955 41.8267 93.211 114.9416 14.7796 13.1114 12.2054 17.2399 26.8999 25.6868 47.4816 70.8332 106.6391 9.1643 13.4592 5.0707 6.2914 6.667 10.4187 27.9061 4.0685 30.5934 65.828 86.503 100.6074 72.5801 10.3608 439.6239 276.9629 276.9629 168.1754 27.5658 34.7289 71.8304 28.7312 118.1708 296.2497 27.7669 179.4086 269.484 6.0882 145.4496 81.5019 204.6889 299.3356;
	2.465 33.3073 88.765 114.9706 14.1702 14.4503 9.9844 17.7337 15.7061 23.012 42.5374 63.4574 95.5347 12.8246 18.528 6.9803 8.6608 9.1778 19.5829 29.7645 3.3281 33.7173 54.4181 86.552 99.795 71.8261 10.3983 337.0695 219.9462 219.9462 159.9301 27.7446 65.2764 76.6139 40.2068 93.8437 164.8171 34.3605 158.4023 267.308 12.4568 160.3015 88.4751 204.114 166.5339;
	3.1549 42.6301 90.1796 115.5628 13.9716 22.2271 11.4106 17.1464 2.1879 19.5629 36.1617 53.9461 81.2155 26.269 18.588 7.0029 8.6888 9.2075 28.4653 31.2887 3.8035 51.8633 52.6212 87.7986 98.5905 69.7354 8.4909 274.512 213.8048 213.8048 152.4015 26.2531 94.8844 80.5372 82.3567 91.2234 145.9453 35.1258 183.7557 264.0817 13.6906 246.573 94.6562 213.2248 147.4655;
	2.7264 36.8393 89.6367 112.048 13.5544 22.1766 11.9638 15.4988 11.1098 26.9489 49.8145 74.3135 111.8786 41.0444 26.6244 10.0306 12.4454 13.1884 32.4231 39.8653 3.9879 51.7453 65.5312 87.0646 98.1845 69.5323 10.7656 215.4876 243.3668 243.3668 124.0781 17.4636 108.077 102.6133 128.6799 103.8365 166.3482 28.2425 149.9148 262.9941 9.3111 246.012 97.0522 227.7311 168.081;
	1.821 24.6055 72.9507 111.676 14.7324 17.7219 11.931 16.5112 18.4552 28.4947 52.672 78.5763 118.2961 39.799 28.2361 10.6378 13.1987 13.9867 50.7541 53.7176 3.977 41.3511 70.6862 88.0218 101.0685 71.5717 12.315 104.1927 189.2544 189.2544 110.5982 11.4734 169.1802 138.2692 124.7752 80.7485 110.4032 121.9985 160.1446 270.7193 6.2565 196.5948 88.4554 208.399 111.5533;
	3.0035 40.584 87.8858 106.2002 15.1293 24.1364 9.8651 17.0651 20.9087 28.078 51.9018 77.4272 116.5663 40.2661 14.809 5.5792 6.9224 7.3356 60.8153 48.6634 3.2884 56.3182 67.3065 87.7766 101.6093 71.7481 11.7729 88.2889 146.5734 146.5734 92.8543 8.081 202.7176 125.2596 126.2397 62.538 109.2575 80.1671 136.6591 272.1678 16.3653 267.753 83.4676 244.2723 110.3956;
	2.0503 27.7035 83.7235 108.4486 13.8405 13.1851 8.7498 17.2708 25.2133 29.4937 54.5187 81.3312 122.4436 38.7891 0.0 0.0 0.0 0.0 59.1558 41.8984 2.9166 30.7652 67.943 86.242 102.673 70.3921 11.7054 92.9178 201.5363 201.5363 91.2977 7.881 197.186 107.8465 121.6089 85.9888 161.2312 27.267 19.4026 275.017 3.1495 146.2666 76.9961 205.9729 162.9107;
	1.7585 23.7611 79.9908 106.9319 13.0755 24.6384 13.4297 16.6966 26.1104 29.6788 54.8609 81.8416 123.2121 45.0568 0.0 0.0 0.0 0.0 62.3544 29.7 4.4766 57.4895 69.0393 86.4279 97.181 70.0493 11.4484 255.3124 273.4462 273.4462 149.5214 12.3794 207.8481 76.4479 141.2592 116.6704 275.8715 28.9192 170.8415 260.3062 6.8842 273.3216 95.5422 178.546 278.7452;
	1.7638 23.8335 82.6291 90.751 12.676 29.5569 19.4386 15.7757 27.0507 29.3646 54.2801 80.9752 121.9077 50.1428 0.0 0.0 0.0 0.0 75.7418 46.2252 6.4795 68.9661 67.9888 81.4673 95.2384 69.2643 11.2222 432.031 350.9889 350.9889 273.3844 15.7379 252.4726 118.9838 157.2046 149.7553 424.8063 43.1069 207.3903 255.1028 6.0237 327.8846 110.178 168.4956 429.2314;
	2.8475 38.4766 86.3818 90.8988 14.171 29.9548 20.9836 16.2282 26.9304 28.9806 53.5701 79.9161 120.3133 49.83 34.4055 12.9621 16.0826 17.0427 82.0421 55.4313 6.9945 69.8946 68.6766 83.702 101.1599 68.4527 10.84 511.3069 421.201 421.201 296.9634 21.3386 273.4736 142.6803 156.2239 179.7124 545.5997 57.453 207.1919 270.964 13.9532 332.2988 143.5499 194.6909 551.283;
	3.5606 48.111 85.2566 106.2716 15.1016 29.8987 22.214 17.0168 26.1016 29.9248 55.3154 82.5198 124.2331 50.8494 59.0069 22.2305 27.5823 29.229 87.9228 53.3317 7.4047 69.7636 66.1024 85.1015 101.2966 69.2222 11.32 733.6067 574.1595 574.1595 391.7896 30.197 293.076 137.2759 159.4197 244.9747 692.8689 85.9085 297.2117 271.3301 12.9241 331.6763 147.4266 219.2968 700.0863;
	3.604 48.6983 83.806 106.3509 14.5689 31.6897 26.4672 15.8698 27.4304 26.5079 48.9994 73.0975 110.0478 48.5558 78.4414 29.5523 36.6668 38.8559 87.448 48.6265 8.8224 73.9426 46.3113 86.0481 98.0742 67.8965 11.6985 823.9952 592.5927 592.5927 451.4057 34.9788 291.4932 125.1648 152.229 252.8395 813.3625 110.8271 428.9937 262.6987 4.0864 351.5442 155.2152 222.9715 821.835;
	3.5754 48.3119 88.5807 109.0798 14.4294 32.2612 28.6943 16.0435 27.6197 20.2159 37.3687 55.7468 83.9265 62.7274 110.2508 41.5363 51.5358 54.6126 89.3359 55.8274 9.5648 75.2762 43.9408 86.4731 101.2814 66.2164 11.7523 966.2836 690.9543 690.9543 643.7869 48.8271 297.7864 143.6999 196.6588 294.8072 970.909 161.5572 390.452 271.2894 0.3713 357.8848 170.1429 249.8129 981.0226;
	3.6198 48.9112 89.6969 114.328 14.5984 32.5664 31.6782 17.3874 28.2997 19.0858 35.2799 52.6307 79.2352 66.7045 151.0114 56.8927 70.5891 74.8033 90.7475 67.0335 10.5594 75.9882 29.2933 88.2843 101.0913 70.8434 12.4215 922.9391 744.5192 744.5192 720.5859 79.9198 302.4918 172.5444 209.1275 317.6615 972.3332 203.6805 437.8572 270.7803 0.4691 361.2698 204.3346 265.3728 982.4616;
	3.6195 48.9068 92.6988 113.387 14.5739 32.1141 29.9114 18.1014 27.935 17.8326 32.9634 49.1749 74.0325 64.9336 155.9276 58.7448 72.8871 77.2386 87.0141 67.1027 9.9705 74.933 28.9833 89.5813 104.936 70.4848 13.6547 1010.08 702.9515 702.9515 632.6022 92.8034 290.0471 172.7226 203.5756 299.926 900.5742 212.7783 441.1623 281.0786 105.9938 356.2528 191.2504 258.6495 909.9552;
	3.6406 49.1924 91.3767 115.8321 14.1759 32.5262 31.2876 12.9827 27.7625 21.9248 40.5276 60.4592 91.0211 64.1596 163.3136 61.5275 76.3396 80.8972 84.0965 60.8737 10.4292 75.8945 50.5235 87.403 105.0316 57.1183 12.9356 1153.1362 774.1058 774.1058 662.3703 105.3456 280.3217 156.689 201.1489 330.2852 1028.4584 234.1626 455.9153 281.3346 113.6281 360.8241 201.6489 268.7553 1039.1715;
