function windprofile = ex_wind_profilesh1
%EX_WIND_PROFILE_D  Example wind_load_nyiso profile data for deterministic unit commitment.
% 2022.03.12
% Andres F. Ramirez


%% define constants
[GEN_BUS, PG, QG, QMAX, QMIN, VG, MBASE, GEN_STATUS, PMAX, PMIN, ...
    MU_PMAX, MU_PMIN, MU_QMAX, MU_QMIN, PC1, PC2, QC1MIN, QC1MAX, ...
    QC2MIN, QC2MAX, RAMP_AGC, RAMP_10, RAMP_30, RAMP_Q, APF] = idx_gen;
[CT_LABEL, CT_PROB, CT_TABLE, CT_TBUS, CT_TGEN, CT_TBRCH, CT_TAREABUS, ...
    CT_TAREAGEN, CT_TAREABRCH, CT_ROW, CT_COL, CT_CHGTYPE, CT_REP, ...
    CT_REL, CT_ADD, CT_NEWVAL, CT_TLOAD, CT_TAREALOAD, CT_LOAD_ALL_PQ, ...
    CT_LOAD_FIX_PQ, CT_LOAD_DIS_PQ, CT_LOAD_ALL_P, CT_LOAD_FIX_P, ...
    CT_LOAD_DIS_P, CT_TGENCOST, CT_TAREAGENCOST, CT_MODCOST_F, ...
    CT_MODCOST_X] = idx_ct;

windprofile = struct( ...
    'type', 'mpcData', ...
    'table', CT_TGEN, ...
    'rows', [1:45], ...
    'col', PMAX, ...
    'chgtype', 1, ...
    'values', [] );
windprofile.values(:,1,:) = [
	3.6328 49.0868 88.1904 105.3689 14.0416 13.7935 14.6972 16.9164 27.188 25.1095 46.4144 69.2412 104.2423 7.5475 27.3859 10.3175 12.8013 13.5656 19.4288 34.536 4.8991 32.1848 59.6171 80.7305 95.9097 67.3859 7.4451 694.9277 402.3561 402.3561 219.2323 39.6107 64.7628 88.8957 23.6625 171.6719 508.9386 54.7372 300.6517 256.901 15.9223 153.0156 117.9186 232.999 514.24;
	3.4892 47.1463 83.0016 78.3733 13.669 13.8152 12.7165 14.2893 26.7273 24.4047 45.1116 67.2977 101.3163 6.0947 13.368 5.0363 6.2488 6.6218 13.6655 17.5981 4.2388 32.2355 62.7322 81.579 93.3488 67.2368 5.487 715.1964 393.8069 393.8069 182.6611 33.9973 45.5516 45.2976 19.1078 168.0243 509.8868 47.5064 276.6882 250.0416 9.6538 153.257 104.356 209.0294 515.1981;
	3.1421 42.4564 77.4297 80.1701 13.9835 11.5435 11.2635 15.4103 26.1519 17.6811 32.6833 48.757 73.4034 7.6276 14.8653 5.6004 6.9486 7.3635 20.37 27.5944 3.7545 26.9348 53.6848 80.6599 86.7691 68.5509 7.1311 670.804 345.5236 345.5236 159.9252 34.573 67.9 71.028 23.9137 147.4234 421.2154 36.1811 209.4386 232.4172 7.0894 128.0557 82.9012 197.7475 425.6031;
	2.8526 38.5447 83.8268 93.6199 13.9695 11.8599 10.7326 16.6695 25.9993 16.1965 29.939 44.6631 67.2401 11.4439 8.1096 3.0553 3.7908 4.0171 10.314 26.0786 3.5775 27.6732 57.6815 81.0642 95.2272 72.4031 9.1134 538.6278 291.5204 291.5204 177.4452 32.1903 34.38 67.1265 35.8781 124.382 341.9235 36.7762 170.0375 255.0728 6.2377 131.5661 77.1988 198.5562 345.4852;
	2.3708 32.0347 83.1149 101.4024 14.1753 14.438 9.8242 16.1939 17.1644 19.6663 36.3529 54.2314 81.645 17.0542 13.2977 5.0098 6.2159 6.587 20.1945 27.8866 3.2747 33.6886 53.1794 81.6555 94.6507 71.487 8.678 397.8893 250.4846 250.4846 159.1615 31.7221 67.3149 71.7803 53.4672 106.8734 226.4856 37.1972 158.6083 253.5288 12.6712 160.1651 83.1811 200.9492 228.8448;
	3.1232 42.201 87.5954 110.6232 14.2182 24.2686 11.6893 18.0402 10.8219 17.6176 32.5659 48.5819 73.1398 31.3296 10.3376 3.8946 4.8322 5.1207 32.0036 29.3179 3.8964 56.6268 52.1663 83.0481 97.3011 71.044 8.1976 331.1589 240.9585 240.9585 155.052 28.6521 106.6787 75.4644 98.2224 102.809 194.3903 39.256 182.144 260.6281 13.5242 269.2198 93.621 221.8612 196.4152;
	2.7809 37.5767 88.7784 112.7168 14.2853 24.9876 11.513 17.6066 11.3987 25.1249 46.443 69.2839 104.3065 41.086 21.3857 8.0569 9.9966 10.5934 35.9562 40.029 3.8377 58.3043 64.3385 85.4667 101.1185 70.7497 11.5183 266.0063 258.5335 258.5335 125.6144 21.3482 119.8539 103.0348 128.8102 110.3076 212.304 29.4614 134.9066 270.8532 13.5034 277.1952 100.3597 240.6105 214.5155;
	1.9583 26.4611 67.7046 111.3738 14.8419 19.9824 11.5919 17.4874 16.7538 27.5801 50.9814 76.0542 114.4991 45.0519 27.0405 10.1873 12.6399 13.3945 57.5337 61.6035 3.864 46.6256 70.7146 84.1903 98.1247 72.3135 12.2961 142.7005 210.4727 210.4727 113.8102 12.9859 191.7789 158.5675 141.2439 89.8017 144.6922 112.3333 167.9635 262.8339 9.8527 221.6714 93.8928 222.6049 146.1994;
	2.7879 37.6707 84.67 103.9291 14.7813 24.8638 9.3305 17.1901 19.3226 26.1325 48.3056 72.0624 108.4895 46.0957 15.8062 5.9549 7.3885 7.8296 66.6252 55.5118 3.1102 58.0155 68.6127 84.7104 97.2856 70.9152 11.7509 128.4941 158.5364 158.5364 94.4097 9.4182 222.0839 142.8876 144.5162 67.6422 142.7539 41.764 117.8082 260.5864 21.4662 275.8222 80.244 242.6737 144.241;
	2.1351 28.8493 83.6319 109.5205 14.0537 14.3518 9.1243 17.4955 25.5653 27.8035 51.3943 76.6703 115.4266 47.1603 1.0109 0.3809 0.4725 0.5008 67.8487 47.1007 3.0414 33.4876 68.9666 84.0468 99.2385 69.7573 11.9042 246.3071 253.5389 253.5389 117.9881 9.4282 226.1624 121.2373 147.8538 108.1766 249.9476 26.1748 0.0 265.8173 48.1881 159.2095 82.7745 214.9315 252.5512;
	1.6501 22.2959 77.5385 104.675 13.0806 25.1363 12.6473 15.9852 25.9604 26.1491 48.3362 72.1082 108.5585 53.6283 9.059 3.4129 4.2345 4.4874 65.9314 37.7767 4.2158 58.6514 67.1169 81.6371 91.1264 69.282 10.9749 410.9662 324.0402 324.0402 188.8292 15.9375 219.7714 97.2373 168.1319 138.2572 373.4054 33.8016 147.2209 244.0885 15.8108 278.8457 92.5349 179.1194 377.295;
	1.7065 23.0579 83.7191 91.763 12.6883 30.3634 18.0314 17.0447 26.077 25.8884 47.8544 71.3893 107.4762 52.4604 4.51 1.6991 2.1081 2.234 74.8624 47.8868 6.0105 70.848 65.4193 83.6558 95.3038 72.677 11.7016 480.5814 371.3006 371.3006 285.5643 18.437 249.5413 123.2608 164.4705 158.4216 472.688 45.3412 163.3136 255.2779 47.9302 336.8315 104.3794 185.8926 477.6118;
	2.8873 39.0144 87.2117 90.9021 14.4251 31.8566 20.1006 17.0605 26.522 26.436 48.8666 72.8993 109.7495 58.8843 42.5817 16.0424 19.9045 21.0928 80.0906 59.829 6.7002 74.332 66.5782 82.9871 98.6685 71.8422 10.7238 642.8539 470.9628 470.9628 318.618 24.9953 266.9685 154.0 184.6102 200.9441 643.9279 61.6695 166.2782 264.2906 2.1944 353.3955 137.2447 209.011 650.6355;
	3.4623 46.7836 85.3114 107.016 14.6275 30.6163 21.2296 16.8412 26.1018 27.8339 51.4506 76.7542 115.553 56.8283 58.0766 21.88 27.1474 28.7682 79.0831 58.9952 7.0765 71.438 68.18 83.0584 96.4552 73.1922 11.0481 775.7229 592.2613 592.2613 383.4499 28.7836 263.6102 151.8538 178.1644 252.6982 750.8064 80.6069 227.4785 258.3621 6.9198 339.6366 134.1489 239.1929 758.6273;
	3.8606 52.165 90.36 115.1177 14.5488 33.927 26.3314 17.8409 27.6305 25.851 47.7851 71.286 107.3207 63.3615 87.6335 33.0154 40.9636 43.4092 84.721 52.2234 8.7771 79.1631 48.6259 86.639 100.9825 73.6755 12.3977 937.8858 677.9387 677.9387 486.1613 34.0754 282.4034 134.4232 198.6468 289.2538 965.6479 113.5213 378.2898 270.4889 11.799 376.3638 156.424 252.7594 975.7067;
	3.8758 52.3709 87.9235 110.6651 14.3787 34.3952 28.1878 17.5899 27.2288 20.4917 37.8785 56.5073 85.0714 65.2996 133.0688 50.1329 62.2019 65.9155 88.9867 64.2829 9.3959 80.2555 43.8442 82.5178 100.2161 71.5902 11.967 1088.8823 766.2433 766.2433 656.8335 48.1822 296.6223 165.4644 204.7232 326.9305 1066.7707 159.8643 351.2344 268.4359 0.3604 381.5576 168.8684 258.6295 1077.8829;
	3.8964 52.6495 91.2211 116.1796 14.2095 35.0109 30.2828 18.5277 27.5475 18.8982 34.933 52.1131 78.456 66.3918 152.7614 57.552 71.4071 75.6702 87.1325 66.912 10.0943 81.6922 24.0579 85.2447 101.4541 74.3804 12.4083 1115.3212 775.3122 775.3122 654.7515 83.1935 290.4418 172.2316 208.1473 330.7999 1047.8399 207.6965 384.0115 271.7522 2.8373 388.388 203.505 274.9521 1058.7549;
	3.816 51.5623 92.7685 115.7285 14.8915 34.6237 28.8267 18.385 27.3527 16.2166 29.9761 44.7184 67.3233 66.8929 166.5753 62.7563 77.8643 82.5129 88.2681 68.0995 9.6089 80.7886 8.1427 85.6437 103.3137 74.6971 12.8315 1196.3394 808.7215 808.7215 700.3394 100.8754 294.2269 175.2883 209.7183 345.0545 1137.4349 244.5276 429.3397 276.7332 111.2193 384.092 186.6347 268.5491 1149.2832;
	3.8375 51.8526 91.2124 115.9585 15.1113 34.8269 30.3685 13.6324 27.0681 19.4211 35.8995 53.5551 80.6269 63.2967 158.1419 59.5791 73.9222 78.3354 83.8368 63.7631 10.1228 81.2627 42.722 84.0861 103.3303 64.799 12.0082 1237.4807 795.3983 795.3983 668.6838 111.9461 279.4561 164.1265 198.4436 339.3699 1102.8976 244.0447 437.7447 276.7776 117.1825 386.3461 199.5614 269.8944 1114.3861;
