function loadprofile = ex_load_profilesh1
%EX_LOAD_PROFILE  Example load profile data file for stochastic unit commitment.
% 2022.03.12
% Andres F. Ramirez

%% define constants
[CT_LABEL, CT_PROB, CT_TABLE, CT_TBUS, CT_TGEN, CT_TBRCH, CT_TAREABUS, ...
    CT_TAREAGEN, CT_TAREABRCH, CT_ROW, CT_COL, CT_CHGTYPE, CT_REP, ...
    CT_REL, CT_ADD, CT_NEWVAL, CT_TLOAD, CT_TAREALOAD, CT_LOAD_ALL_PQ, ...
    CT_LOAD_FIX_PQ, CT_LOAD_DIS_PQ, CT_LOAD_ALL_P, CT_LOAD_FIX_P, ...
    CT_LOAD_DIS_P, CT_TGENCOST, CT_TAREAGENCOST, CT_MODCOST_F, ...
    CT_MODCOST_X] = idx_ct;

loadprofile = struct( ...
    'type', 'mpcData', ...
    'table', CT_TAREALOAD, ...
    'rows', [1:11], ...
    'col', CT_LOAD_ALL_P, ...
    'chgtype', 1, ...
    'values', [] );
loadprofile.values(:,1,:) = [
	1483.0955 920.3415 1442.0299 564.4 752.0814 1132.7983 869.9 263.1881 509.5 4714.6377 1749.009;
	1471.8408 909.6428 1422.084 560.4966 724.2793 1104.5 859.6 251.3914 505.5253 4701.8376 1741.2;
	1468.6 935.3538 1479.5216 553.0 758.3222 1140.3462 869.2045 258.1 523.2 4780.9426 1781.1727;
	1618.8857 1022.6181 1589.2489 587.3168 839.4851 1224.2739 926.1185 281.7904 556.4 5070.9248 1905.3275;
	1732.5296 1139.2303 1809.6242 601.4 933.6889 1363.6782 1023.5555 320.3805 624.4 5322.6503 2092.8069;
	1874.0 1227.5953 1907.0478 602.5838 1014.1875 1473.3 1119.4828 359.7839 704.5081 5902.3631 2294.8398;
	1893.2228 1208.9047 1879.6418 604.9 1000.8 1497.2716 1126.1829 367.9133 708.7044 6100.7603 2285.8811;
	1907.0033 1194.4605 1856.5314 611.0371 983.8051 1416.4399 1137.5 351.8501 714.3484 6336.7545 2278.5325;
	1892.1174 1157.9584 1829.7042 593.6 954.6498 1391.1461 1097.5891 351.9669 713.0142 6375.8581 2236.6;
	1849.8995 1166.4209 1824.3324 595.8082 954.0197 1317.0692 1094.5174 339.3505 699.7684 6354.2597 2254.2505;
	1868.6735 1179.192 1844.0372 577.7 953.8263 1285.659 1047.2403 342.4623 683.6 6375.9983 2210.8377;
	1796.1513 1151.2541 1817.2357 577.7143 922.5374 1247.9954 1009.2127 323.4435 659.0987 6356.7778 2148.7231;
	1799.8299 1161.6929 1795.3576 574.523 930.9972 1255.1637 1040.8103 328.6079 676.8693 6332.1492 2245.5386;
	1766.2455 1150.9765 1786.9187 563.6 912.6906 1300.8281 1065.49 302.3 690.0877 6422.7 2281.2137;
	1686.8394 1118.4758 1784.5578 563.2428 911.0191 1312.9354 1053.0698 313.2781 675.0223 6331.2561 2263.6733;
	1691.4027 1113.7241 1800.3129 582.9111 930.1578 1357.1701 1072.0508 329.8 669.4 6343.0583 2278.7915;
	1658.5588 1098.3011 1780.4345 583.0503 910.9072 1356.9383 1084.698 333.9 676.0663 6298.373 2349.1935;
	1680.7261 1130.8595 1817.0339 577.7 932.04 1425.1539 1128.4011 347.2455 694.9473 6252.4554 2511.1289;
	1726.673 1162.8309 1824.4007 582.4119 941.3 1412.617 1132.464 353.4263 676.3052 6154.9393 2439.5895;
	1656.5311 1094.6734 1742.5233 574.3641 890.3018 1331.1834 1091.1415 342.3191 670.3716 6087.6739 2350.3;
	1594.0287 1052.1027 1688.5073 552.3002 840.864 1260.6 1036.1 321.1 617.6692 5704.6232 2177.3044;
	1567.6359 1007.0094 1596.6306 548.7232 773.5938 1170.6716 955.5848 289.9257 572.2 5582.0331 2108.9958;
	1495.1834 892.546 1532.7938 543.4763 728.3454 1094.0311 873.4288 250.6857 529.968 4845.8181 1804.2849;
	1491.8823 869.9161 1522.2 547.0261 701.1926 1068.1383 837.9 240.2249 495.6722 4641.7924 1718.9424;
];
