function solarprofile = ex_solar_profilesh1
%EX_WIND_PROFILE_D  Example wind_load_nyiso profile data for deterministic unit commitment.
% 2022.03.12
% Andres F. Ramirez


%% define constants
[GEN_BUS, PG, QG, QMAX, QMIN, VG, MBASE, GEN_STATUS, PMAX, PMIN, ...
    MU_PMAX, MU_PMIN, MU_QMAX, MU_QMIN, PC1, PC2, QC1MIN, QC1MAX, ...
    QC2MIN, QC2MAX, RAMP_AGC, RAMP_10, RAMP_30, RAMP_Q, APF] = idx_gen;
[CT_LABEL, CT_PROB, CT_TABLE, CT_TBUS, CT_TGEN, CT_TBRCH, CT_TAREABUS, ...
    CT_TAREAGEN, CT_TAREABRCH, CT_ROW, CT_COL, CT_CHGTYPE, CT_REP, ...
    CT_REL, CT_ADD, CT_NEWVAL, CT_TLOAD, CT_TAREALOAD, CT_LOAD_ALL_PQ, ...
    CT_LOAD_FIX_PQ, CT_LOAD_DIS_PQ, CT_LOAD_ALL_P, CT_LOAD_FIX_P, ...
    CT_LOAD_DIS_P, CT_TGENCOST, CT_TAREAGENCOST, CT_MODCOST_F, ...
    CT_MODCOST_X] = idx_ct;

solarprofile = struct( ...
    'type', 'mpcData', ...
    'table', CT_TGEN, ...
    'rows', [1:12], ...
    'col', PMAX, ...
    'chgtype', 1, ...
    'values', [] );
solarprofile.values(:,1,:) = [
	0.0 0.0 0.0 0.0 0.0 0.0 0.0 0.0 0.0 0.0 0.0 0.0;
	0.0 0.0 0.0 0.0 0.0 0.0 0.0 0.0 0.0 0.0 0.0 0.0;
	0.0 0.0 0.0 0.0 0.0 0.0 0.0 0.0 0.0 0.0 0.0 0.0;
	0.0 0.0 0.0 0.0 0.0 0.0 0.0 0.0 0.0 0.0 0.0 0.0;
	0.0 0.0 0.0 0.0 0.0 0.0 0.0 0.0 0.0 0.0 0.0 0.0;
	0.0951 0.0972 0.1051 0.0 0.0 0.1251 0.0156 0.265 0.596 0.0 0.0 0.0;
	1.2061 0.9701 0.479 4.1275 5.6774 0.2749 0.0344 5.2434 42.6871 72.6909 44.3573 131.6437;
	7.7442 6.3565 5.2702 6.4281 11.0393 25.4124 3.1766 21.9803 57.9007 136.8489 89.6449 247.8341;
	15.25 12.4613 9.4521 9.4754 12.3783 65.4222 8.1778 34.244 70.387 209.8644 120.7677 380.0658;
	22.8365 16.7686 13.3142 11.715 12.4818 302.3678 37.796 62.6355 223.3665 280.6209 127.2921 508.2061;
	23.9641 16.3297 13.2545 11.9433 12.5435 256.9412 32.1177 60.4862 228.6091 306.5497 146.0623 555.1633;
	23.912 16.1756 13.2624 11.925 12.1584 249.5078 31.1885 60.5128 240.3874 300.7501 155.7926 544.6602;
	23.9992 16.5833 13.6433 6.5029 6.0273 277.494 34.6868 62.8435 259.6265 243.8688 163.1095 441.6478;
	20.3796 16.1611 11.3366 4.3157 4.0433 281.6288 35.2036 63.0427 258.2831 212.0952 149.6967 384.1056;
	14.0159 13.9504 6.2473 2.5413 2.4892 196.273 24.5341 57.9541 246.6843 164.4051 118.6898 297.7387;
	6.5258 6.7244 2.7649 1.8064 1.0672 24.7272 3.0909 13.955 100.9027 25.9916 14.7497 47.0709;
	1.3416 1.1115 0.7836 0.7437 1.3697 34.8831 4.3604 8.4232 36.8714 10.6451 5.8911 19.2784;
	0.0 0.0 0.0 0.0 0.0 0.0 0.0 0.0 0.0 0.0 0.0 0.0;
	0.0 0.0 0.0 0.0 0.0 0.0 0.0 0.0 0.0 0.0 0.0 0.0;
	0.0 0.0 0.0 0.0 0.0 0.0 0.0 0.0 0.0 0.0 0.0 0.0;
	0.0 0.0 0.0 0.0 0.0 0.0 0.0 0.0 0.0 0.0 0.0 0.0;
	0.0 0.0 0.0 0.0 0.0 0.0 0.0 0.0 0.0 0.0 0.0 0.0;
	0.0 0.0 0.0 0.0 0.0 0.0 0.0 0.0 0.0 0.0 0.0 0.0;
	0.0 0.0 0.0 0.0 0.0 0.0 0.0 0.0 0.0 0.0 0.0 0.0;
];
