function windprofile = ex_wind_profilesh1
%EX_WIND_PROFILE_D  Example wind_load_nyiso profile data for deterministic unit commitment.
% 2022.03.12
% Andres F. Ramirez


%% define constants
[GEN_BUS, PG, QG, QMAX, QMIN, VG, MBASE, GEN_STATUS, PMAX, PMIN, ...
    MU_PMAX, MU_PMIN, MU_QMAX, MU_QMIN, PC1, PC2, QC1MIN, QC1MAX, ...
    QC2MIN, QC2MAX, RAMP_AGC, RAMP_10, RAMP_30, RAMP_Q, APF] = idx_gen;
[CT_LABEL, CT_PROB, CT_TABLE, CT_TBUS, CT_TGEN, CT_TBRCH, CT_TAREABUS, ...
    CT_TAREAGEN, CT_TAREABRCH, CT_ROW, CT_COL, CT_CHGTYPE, CT_REP, ...
    CT_REL, CT_ADD, CT_NEWVAL, CT_TLOAD, CT_TAREALOAD, CT_LOAD_ALL_PQ, ...
    CT_LOAD_FIX_PQ, CT_LOAD_DIS_PQ, CT_LOAD_ALL_P, CT_LOAD_FIX_P, ...
    CT_LOAD_DIS_P, CT_TGENCOST, CT_TAREAGENCOST, CT_MODCOST_F, ...
    CT_MODCOST_X] = idx_ct;

windprofile = struct( ...
    'type', 'mpcData', ...
    'table', CT_TGEN, ...
    'rows', [1:45], ...
    'col', PMAX, ...
    'chgtype', 1, ...
    'values', [] );
windprofile.values(:,1,:) = [
	3.4976 47.2603 87.4041 111.3928 15.0033 11.4134 13.759 15.7253 25.9011 24.1165 44.5791 66.5032 100.1202 3.75 7.3411 2.7657 3.4315 3.6364 10.0337 23.7562 4.5863 26.6313 58.1223 87.7775 94.8488 66.7538 3.1259 689.5502 383.628 383.628 203.2613 34.0803 33.4457 61.1486 11.7567 163.6813 492.0203 52.9341 315.6047 254.0592 7.4367 126.613 121.1479 227.1026 497.1455;
	3.4701 46.8891 87.4436 110.4011 14.6124 10.8399 12.0437 15.1935 25.9745 25.1325 46.4571 69.3049 104.3381 5.1894 7.4201 2.7955 3.4685 3.6756 9.1768 13.8523 4.0146 25.293 63.5105 85.8479 97.3073 69.1554 4.5681 645.8712 356.9311 356.9311 154.1947 26.1354 30.5893 35.6558 16.2693 152.2906 452.2203 44.34 314.8179 260.6447 12.9442 120.2503 106.4243 223.7558 456.9309;
	3.0877 41.7217 87.3763 109.6766 14.554 9.5424 10.3028 15.2204 25.9176 24.3055 44.9283 67.0242 100.9045 6.9543 9.0783 3.4202 4.2436 4.4969 15.9914 20.7145 3.4343 22.2657 64.4193 82.6034 93.4313 69.3262 4.1109 607.5547 331.3811 331.3811 118.9259 28.2328 53.3045 53.3193 21.8028 141.3893 384.0169 34.4786 235.1495 250.2624 4.7121 105.8575 87.6805 206.3307 388.0171;
	2.8591 38.6326 87.3337 109.569 14.6746 10.8125 10.3184 16.3588 25.7576 24.0328 44.4243 66.2723 99.7726 8.6308 9.6242 3.6258 4.4987 4.7673 9.936 24.2295 3.4395 25.2292 68.7332 84.2251 98.3223 73.3774 6.934 507.3018 255.0525 255.0525 145.6123 24.5162 33.1201 62.3667 27.0587 108.8224 313.6116 31.6597 183.4282 263.3633 1.8749 119.9469 82.7503 203.5017 316.8784;
	2.3606 31.8966 87.2336 111.2621 14.1915 12.279 10.1587 17.3506 16.3992 20.8163 38.4786 57.4026 86.4192 14.1284 6.0236 2.2693 2.8157 2.9838 15.787 24.559 3.3862 28.6509 54.8397 84.0246 98.3673 73.0901 7.8083 382.6989 206.7297 206.7297 140.5419 27.1354 52.6234 63.215 44.2943 88.2047 201.3523 37.4147 172.9339 263.4839 10.4151 136.2146 89.4888 211.1251 203.4498;
	2.9937 40.4509 88.2273 110.5839 14.4246 19.7076 11.7169 17.4949 6.2745 18.7839 34.7218 51.7981 77.9818 27.9003 12.508 4.7123 5.8468 6.1958 29.3942 29.4345 3.9056 45.9843 57.2298 83.4098 97.0776 70.9777 6.4689 324.2816 184.3195 184.3195 127.4422 25.085 97.9806 75.7645 87.4713 78.643 165.8597 33.6786 180.4263 260.0293 11.5437 218.6225 94.9507 199.1991 167.5874;
	2.5312 34.202 87.6333 111.5865 13.8492 21.1967 11.8803 17.5714 10.4186 26.6995 49.3536 73.6259 110.8434 40.4822 21.9576 8.2724 10.2639 10.8767 33.7083 38.4317 3.9601 49.459 69.459 83.5322 98.4555 70.5328 10.4408 250.5705 204.2497 204.2497 102.3159 18.3238 112.361 98.9234 126.9171 87.1465 166.4962 25.701 156.2211 263.7202 11.9681 235.1424 102.1248 217.6135 168.2306;
	1.7579 23.7537 67.4125 111.1443 14.3086 17.4171 12.8483 18.5941 18.1599 28.0859 51.9164 77.4491 116.5992 43.8454 21.71 8.1791 10.1482 10.754 46.4641 58.2973 4.2828 40.6398 73.2851 84.1139 100.5678 73.3148 12.2712 127.3143 153.7891 153.7891 82.2699 11.1265 154.8802 150.0574 137.4613 65.6167 96.1786 19.8097 183.2698 269.3779 11.9798 193.2134 97.9753 207.7194 97.1805;
	2.7498 37.1563 83.5341 104.0143 13.8197 22.1733 10.7207 18.4982 18.6957 26.6818 49.321 73.5772 110.77 49.3299 17.9094 6.7473 8.3716 8.8714 62.0136 56.6013 3.5736 51.7377 68.6079 85.5083 103.0249 73.686 12.2335 108.709 103.1525 103.1525 71.7283 8.6397 206.7119 145.6919 154.6558 44.0117 94.839 22.4373 147.5634 275.9595 23.0356 245.9756 87.3052 230.1649 95.8269;
	1.9641 26.5388 81.2889 106.2144 12.1992 12.2524 9.9136 18.2569 24.3522 27.813 51.4119 76.6964 115.4661 46.0811 0.2246 0.0846 0.105 0.1112 70.6866 49.3629 3.3045 28.5889 69.5094 82.9801 99.256 72.9236 12.3737 220.8831 192.9569 192.9569 89.2351 8.9517 235.622 127.0602 144.4705 82.3283 169.6743 19.5883 180.4861 265.8643 28.0948 135.9199 78.8989 198.912 171.4417;
	1.4488 19.5769 74.0811 102.2284 10.2337 21.4317 13.8874 17.7064 25.7534 25.0281 46.264 69.0168 103.9044 50.8806 0.0 0.0 0.0 0.0 62.5258 34.1719 4.6291 50.0074 67.6518 81.5242 89.0225 72.2846 12.3611 333.5985 215.8137 215.8137 147.9966 13.9353 208.4193 87.9585 159.5176 92.0805 299.8034 21.2085 172.9644 238.453 18.8856 237.7495 85.2771 174.5877 302.9264;
	1.648 22.2682 83.3498 90.8896 10.8266 27.886 19.7137 18.5904 25.7976 27.9492 51.6637 77.072 116.0315 51.0167 0.0106 0.004 0.005 0.0053 78.4643 49.0463 6.5712 65.0672 70.4099 84.5239 96.9449 71.9826 12.6926 452.7792 336.4886 336.4886 273.6621 18.4535 261.5478 126.2453 159.9442 143.5685 423.3466 38.2653 201.5794 259.6739 3.4379 309.3483 102.7011 170.1178 427.7565;
	2.8855 38.9895 86.9802 88.7962 13.6413 30.0488 20.9604 17.9368 26.4963 28.2914 52.2962 78.0157 117.4522 57.7419 42.0809 15.8537 19.6704 20.8447 81.6463 60.4575 6.9868 70.1138 69.8044 84.6875 98.4479 72.0851 11.4994 646.1639 440.6911 440.6911 303.9118 23.6802 272.1544 155.6176 181.0286 188.0282 632.2016 50.0546 213.5974 263.6997 0.0165 333.3412 139.4428 206.7368 638.787;
	3.4544 46.6759 85.8851 104.2321 14.4101 28.5242 21.3636 17.9746 26.0647 27.559 50.9424 75.9961 114.4116 55.3816 66.4905 25.0499 31.0804 32.936 86.4626 55.6409 7.1212 66.5564 65.5461 84.7386 96.1049 72.2547 11.2964 763.9952 576.1788 576.1788 398.2278 32.0995 288.2086 143.2199 173.6287 245.8363 719.3788 78.9078 283.6346 257.4237 0.0 316.4282 130.7891 237.7548 726.8723;
	3.5092 47.4167 86.1698 103.2854 14.6145 30.8792 25.3976 17.4939 26.7152 24.1837 44.7032 66.6884 100.399 62.6003 97.3293 36.6682 45.4958 48.212 82.6191 58.1665 8.4659 72.0514 44.1289 83.0695 91.4219 70.0797 11.7635 980.9597 652.1314 652.1314 504.3005 36.2232 275.3969 149.7208 196.2605 278.2427 971.0614 107.8508 423.2798 244.8802 0.0 342.5531 151.7856 240.9862 981.1767;
	3.6495 49.313 91.6959 110.9712 14.3639 32.9039 28.6863 17.9668 27.1369 17.444 32.245 48.1032 72.419 65.2889 141.2671 53.2216 66.0341 69.9765 90.5836 67.8596 9.5621 76.7758 40.1689 82.0986 97.4841 70.133 12.4245 1121.7375 731.5893 731.5893 687.9751 49.9712 301.9454 174.6707 204.6895 312.1448 1067.0172 162.3552 398.0788 261.1181 11.2119 365.0143 167.6904 258.4107 1078.1319;
	3.6462 49.2683 91.9189 116.268 14.56 32.8811 29.199 18.677 26.0851 15.7362 29.0881 43.3937 65.329 63.8681 169.5706 63.8847 79.2644 83.9966 87.8547 70.8874 9.733 76.7226 28.4212 85.98 102.5149 73.8969 13.0343 1078.1521 753.2177 753.2177 719.0398 81.7725 292.849 182.4643 200.235 321.3729 1021.3768 202.8896 401.1542 274.5934 52.2392 364.7612 206.2674 272.5179 1032.0161;
	3.5966 48.5983 94.0598 114.0897 14.7324 33.488 28.818 18.9595 26.7369 17.654 32.6331 48.6822 73.2908 63.0944 179.6082 67.6663 83.9564 88.9687 90.5737 72.2229 9.606 78.1387 37.2454 88.1662 104.1236 74.0471 13.8116 1117.988 759.0343 759.0343 730.2851 100.3155 301.9123 185.902 197.8093 323.8546 1061.527 240.6822 435.9268 278.9025 114.4491 371.4936 198.4162 268.027 1072.5845;
	3.7123 50.1619 93.4781 117.5834 15.0537 34.7714 30.7428 14.6257 27.9198 20.4705 37.8395 56.449 84.9837 61.957 187.5155 70.6454 87.6526 92.8856 91.4665 70.8216 10.2476 81.1334 53.9969 88.3681 105.8708 66.1561 13.3729 1203.9772 786.6146 786.6146 701.7937 107.6841 304.8882 182.2949 194.2435 335.6222 1126.8532 248.6306 452.5476 283.5825 123.5982 385.7312 211.6051 274.6134 1138.5913;
