function windprofile = ex_wind_profilesh1
%EX_WIND_PROFILE_D  Example wind_load_nyiso profile data for deterministic unit commitment.
% 2022.03.12
% Andres F. Ramirez


%% define constants
[GEN_BUS, PG, QG, QMAX, QMIN, VG, MBASE, GEN_STATUS, PMAX, PMIN, ...
    MU_PMAX, MU_PMIN, MU_QMAX, MU_QMIN, PC1, PC2, QC1MIN, QC1MAX, ...
    QC2MIN, QC2MAX, RAMP_AGC, RAMP_10, RAMP_30, RAMP_Q, APF] = idx_gen;
[CT_LABEL, CT_PROB, CT_TABLE, CT_TBUS, CT_TGEN, CT_TBRCH, CT_TAREABUS, ...
    CT_TAREAGEN, CT_TAREABRCH, CT_ROW, CT_COL, CT_CHGTYPE, CT_REP, ...
    CT_REL, CT_ADD, CT_NEWVAL, CT_TLOAD, CT_TAREALOAD, CT_LOAD_ALL_PQ, ...
    CT_LOAD_FIX_PQ, CT_LOAD_DIS_PQ, CT_LOAD_ALL_P, CT_LOAD_FIX_P, ...
    CT_LOAD_DIS_P, CT_TGENCOST, CT_TAREAGENCOST, CT_MODCOST_F, ...
    CT_MODCOST_X] = idx_ct;

windprofile = struct( ...
    'type', 'mpcData', ...
    'table', CT_TGEN, ...
    'rows', [1:45], ...
    'col', PMAX, ...
    'chgtype', 1, ...
    'values', [] );
windprofile.values(:,1,:) = [
	2.9094 39.3126 82.2209 110.1758 12.7349 8.4633 14.4709 16.4585 25.3146 21.8509 40.3911 60.2556 90.7145 6.6775 19.1933 7.231 8.9718 9.5074 10.762 25.5084 4.8236 19.7477 51.2158 80.6002 89.2106 68.2164 7.6413 678.318 375.4037 375.4037 176.6672 36.3279 35.8733 65.6588 20.9348 160.1722 508.2791 50.9142 301.3582 238.9571 15.1171 93.8861 101.4759 208.48 513.5737;
	2.918 39.4284 82.2815 109.2272 13.2678 13.548 14.9248 14.8046 25.5741 22.2112 41.057 61.249 92.2101 7.2283 12.6226 4.7555 5.9003 6.2526 9.5672 13.2147 4.9749 31.612 54.5523 80.3004 90.2467 69.4728 6.4437 730.4226 372.3308 372.3308 165.8378 34.8604 31.8907 34.0147 22.6617 158.8612 524.0881 55.285 309.2603 241.7322 12.6333 150.2923 103.3358 185.9533 529.5474;
	2.5148 33.9802 83.6245 110.0707 13.3908 11.2041 13.1194 17.6701 25.9604 22.8739 42.282 63.0765 94.9613 7.956 8.667 3.2652 4.0513 4.2932 18.5389 20.1744 4.3731 26.1428 55.7557 85.3197 96.9829 71.7814 8.1919 662.5378 340.7132 340.7132 131.3886 35.7469 61.7962 51.9289 24.943 145.371 425.6013 37.9361 244.1733 259.7757 7.3296 124.2904 65.9081 176.0659 430.0347;
	2.6617 35.9657 87.0687 109.4282 14.216 12.2651 12.1241 17.6575 25.9317 23.1339 42.7626 63.7934 96.0406 11.1793 14.2073 5.3525 6.6411 7.0376 11.9964 25.4095 4.0414 28.6186 65.5774 86.9235 102.9839 75.0271 10.1164 530.1535 264.0828 264.0828 146.1989 31.7242 39.9881 65.4042 35.0488 112.6753 332.3438 34.3367 187.6498 275.8496 7.4285 136.0612 66.641 198.2855 335.8057;
	2.3391 31.6059 92.4828 114.1612 14.6284 14.0217 11.0495 18.6761 17.7723 16.5983 30.6817 45.7711 68.9081 19.8832 18.9459 7.1377 8.8561 9.3848 17.4494 29.3333 3.6832 32.7172 49.9685 88.9949 105.3066 75.6473 10.7548 407.7058 217.2283 217.2283 136.5935 30.526 58.1648 75.5039 62.3366 92.6841 214.1789 36.6818 178.7907 282.0713 14.2544 155.5471 81.2687 225.8042 216.4099;
	2.9891 40.3887 89.9523 114.0382 14.3409 20.3001 12.2135 18.1167 10.6912 18.6441 34.4634 51.4126 77.4013 31.3892 21.144 7.9659 9.8836 10.4737 25.3042 29.0103 4.0712 47.3669 54.4232 87.2403 100.8184 73.4152 8.7679 348.6122 204.1128 204.1128 134.3148 26.5267 84.3472 74.6726 98.4095 87.0881 191.536 36.7624 197.2659 270.0493 11.9534 225.1956 84.8149 205.9328 193.5312;
	2.2828 30.8452 87.8448 113.0103 13.825 20.1053 12.0072 17.5467 11.587 25.1611 46.51 69.3838 104.4569 44.0394 26.6299 10.0327 12.4479 13.1911 25.8486 36.3599 4.0024 46.9124 65.5211 88.6462 103.1481 71.794 11.4522 279.9821 224.1844 224.1844 102.8799 15.4012 86.1621 93.5905 138.0694 95.652 192.027 22.1156 164.5099 276.2895 8.6994 223.0349 84.5441 230.2842 194.0273;
	1.7667 23.8715 67.1163 114.031 14.3026 18.1879 12.2525 17.9697 18.7404 25.6508 47.4151 70.734 106.4897 43.5398 28.826 10.86 13.4745 14.2789 43.3769 52.921 4.0842 42.4384 68.9702 87.0926 102.3002 72.1898 12.5939 172.4458 178.3988 178.3988 98.1563 10.2477 144.5897 136.2188 136.5032 76.1168 147.7578 19.954 180.1883 274.0185 8.5935 201.7641 91.3833 209.1169 149.297;
	2.5989 35.1171 82.0228 103.7602 14.3059 21.8563 11.0345 17.0218 20.4164 24.6031 45.4785 67.845 102.1403 49.4801 20.5062 7.7256 9.5855 10.1577 55.1429 52.5788 3.6782 50.998 68.6782 84.3175 97.1262 70.1592 11.6088 125.421 154.1574 154.1574 95.5091 8.3231 183.8098 135.3379 155.1268 65.7738 139.2997 39.0083 142.6846 260.1594 17.8585 242.4593 79.4915 224.7717 140.7507;
	1.8129 24.4964 80.5362 104.736 12.9677 12.6666 10.1416 17.543 25.3077 28.5217 52.7219 78.6507 118.4083 47.2046 11.6583 4.3922 5.4496 5.7749 67.0775 45.4671 3.3805 29.5553 71.3624 83.7951 95.9913 70.252 12.2555 249.7758 241.6898 241.6898 107.581 9.5199 223.5917 117.0325 147.9927 103.121 238.6086 26.2849 36.7891 257.1196 0.0 140.5146 75.0215 211.7463 241.0941;
	1.4608 19.7384 64.6633 99.3487 11.8816 21.5891 13.0079 16.0975 24.0113 28.6415 52.9433 78.981 118.9055 50.95 7.2447 2.7294 3.3865 3.5887 64.9702 35.8714 4.336 50.3746 72.1562 81.572 81.8787 69.2501 11.2909 356.4928 302.3188 302.3188 165.4072 15.8633 216.5673 92.3332 159.735 128.9894 339.4445 28.6335 165.9636 219.3179 0.0 239.4954 87.3189 159.9694 342.9804;
	1.4186 19.168 77.4457 90.1876 12.0848 25.1284 16.5083 17.7371 21.8651 27.8405 51.4627 76.7723 115.5802 50.3844 4.006 1.5092 1.8726 1.9844 67.0358 48.7889 5.5028 58.633 72.4769 83.4236 89.9021 71.5833 12.2006 417.8629 359.2828 359.2828 264.5445 18.1316 223.4528 125.5828 157.9618 153.294 417.4854 39.794 152.0436 240.8092 0.0 278.7579 95.6813 175.7465 421.8342;
	2.723 36.7938 84.9959 86.7964 13.8115 28.1846 18.2215 17.0123 24.7284 27.9807 51.7218 77.1588 116.1621 53.2954 42.5521 16.0313 19.8906 21.0781 76.7892 57.2101 6.0738 65.7642 71.1766 82.0231 91.574 70.5634 11.5205 561.8749 424.7108 424.7108 299.1813 23.8406 255.964 147.259 167.0883 181.2099 549.4786 52.6997 188.9995 245.2875 0.0 312.6617 133.6932 202.3773 555.2023;
	3.4458 46.5603 86.5235 105.8492 14.9954 30.0073 20.969 16.9486 25.7579 28.7386 53.1228 79.2487 119.3085 52.1304 59.3627 22.3646 27.7486 29.4053 82.2329 47.63 6.9897 70.0171 67.8987 83.998 90.9777 69.6809 11.2556 710.6294 544.1626 544.1626 365.1906 26.6446 274.1095 122.5997 163.436 232.176 658.5095 69.1745 279.4391 243.6902 0.0006 332.8814 135.6787 244.9279 665.369;
	3.6813 49.7424 89.2708 110.7965 15.2178 32.2502 26.229 18.3147 27.057 25.4257 46.9989 70.1132 105.555 63.5874 90.2605 34.0051 42.1915 44.7104 80.818 50.6106 8.743 75.2504 46.1886 86.55 97.977 69.3996 13.2497 924.6069 660.8644 660.8644 489.9271 34.9431 269.3934 130.2718 199.355 281.9688 906.8413 105.5612 438.2784 262.4384 4.0163 357.7619 155.442 252.9732 916.2875;
	3.6624 49.4875 89.0616 106.5934 15.3243 32.4381 26.82 17.2946 26.6745 16.6398 30.7584 45.8855 69.0804 59.5018 108.5381 40.8911 50.7352 53.7642 84.461 63.144 8.94 75.6888 28.7708 86.087 94.1772 66.457 12.4226 973.1098 667.7701 667.7701 596.2105 43.3917 281.5366 162.5329 186.5461 284.9153 923.3952 144.0435 392.5098 252.2604 0.0714 359.8464 162.1671 258.6692 933.0139;
	3.7875 51.177 91.0678 116.1623 15.3831 33.7034 29.9681 18.3914 26.6567 18.862 34.8661 52.0134 78.3058 63.1022 161.037 60.6698 75.2754 79.7695 89.8725 71.4528 9.9894 78.6412 28.6682 87.7433 99.6502 72.0882 13.1626 1047.9066 743.2614 743.2614 742.2653 80.9739 299.5748 183.9196 197.8339 317.1249 1048.0126 209.5263 439.7101 266.9202 4.5997 373.8826 203.6084 274.2845 1058.9294;
	3.8756 52.3678 91.3568 115.2451 15.402 34.4149 30.711 18.2771 27.2873 17.3156 32.0077 47.7491 71.8861 64.708 175.3912 66.0776 81.9852 86.8798 90.0584 70.2429 10.237 80.3014 34.6709 85.1543 102.2765 71.2291 13.3272 1110.413 774.2897 774.2897 719.7986 86.9487 300.1947 180.8053 202.8682 330.3636 1060.4883 217.5738 469.1077 273.955 114.3945 381.776 201.7092 262.1552 1071.5351;
	3.8214 51.635 88.6411 116.2694 15.3671 34.2876 31.1396 13.3809 26.485 18.0995 33.4566 49.9107 75.1403 64.6739 171.0563 64.4445 79.9589 84.7326 89.7868 67.3392 10.3799 80.0044 46.2127 83.0443 103.5999 63.0621 12.822 1170.7542 786.2039 786.2039 689.139 99.1722 299.2894 173.3312 202.7614 335.447 1090.4049 225.5091 464.6509 277.4998 118.1897 380.3637 206.385 265.4242 1101.7633;
