function loadprofile = ex_load_profilesh1
%EX_LOAD_PROFILE  Example load profile data file for stochastic unit commitment.
% 2022.03.12
% Andres F. Ramirez

%% define constants
[CT_LABEL, CT_PROB, CT_TABLE, CT_TBUS, CT_TGEN, CT_TBRCH, CT_TAREABUS, ...
    CT_TAREAGEN, CT_TAREABRCH, CT_ROW, CT_COL, CT_CHGTYPE, CT_REP, ...
    CT_REL, CT_ADD, CT_NEWVAL, CT_TLOAD, CT_TAREALOAD, CT_LOAD_ALL_PQ, ...
    CT_LOAD_FIX_PQ, CT_LOAD_DIS_PQ, CT_LOAD_ALL_P, CT_LOAD_FIX_P, ...
    CT_LOAD_DIS_P, CT_TGENCOST, CT_TAREAGENCOST, CT_MODCOST_F, ...
    CT_MODCOST_X] = idx_ct;

loadprofile = struct( ...
    'type', 'mpcData', ...
    'table', CT_TAREALOAD, ...
    'rows', [1:11], ...
    'col', CT_LOAD_ALL_P, ...
    'chgtype', 1, ...
    'values', [] );
loadprofile.values(:,1,:) = [
	1457.9653 945.2229 1477.4118 572.8332 792.5 1168.8 864.9973 261.1898 538.4 4529.354 1795.4741;
	1462.8338 948.8049 1503.3703 577.1 787.4654 1155.5269 841.4 243.8 525.7 4428.0346 1733.1985;
	1482.718 960.8777 1568.9762 576.6136 827.4483 1186.2186 875.6143 250.3686 539.5716 4450.3838 1768.3251;
	1590.4735 1051.5837 1683.0037 590.429 893.1402 1254.7853 924.7 279.1298 567.1898 4744.1296 1908.8289;
	1712.7551 1166.7897 1883.3181 619.5451 1030.1451 1404.0167 1032.9977 329.1368 647.9517 5286.6918 2150.5668;
	1840.6948 1252.3538 1984.065 608.0 1068.6693 1481.006 1093.0399 350.063 700.0818 5706.786 2252.3521;
	1844.7319 1259.6776 1963.5667 589.2 1085.3792 1462.9665 1127.1 358.0 699.8479 6034.0299 2314.9374;
	1867.0503 1254.6 1940.6353 592.3946 1057.7982 1408.8731 1113.6 378.958 697.8 6183.019 2286.3753;
	1867.9679 1242.0392 1896.3308 559.7563 1053.4868 1427.9284 1091.263 402.9426 685.4868 6244.5876 2311.3063;
	1838.6581 1227.0531 1884.4784 575.1179 1053.2635 1448.1284 1083.5698 376.7232 681.3 6208.3591 2258.0567;
	1831.8918 1246.3973 1879.7266 575.828 1020.2289 1444.7801 1093.0013 375.711 674.2974 6177.0054 2196.1476;
	1788.8399 1214.7199 1855.4904 575.9809 1022.7165 1434.2889 1098.4853 373.9783 682.1101 6291.5728 2236.7151;
	1742.5192 1207.9024 1848.6732 571.9627 1004.0435 1403.8141 1065.0092 356.0107 670.5929 6227.7777 2180.4602;
	1686.6985 1181.5204 1732.3488 551.0123 947.1289 1373.6609 1069.3265 365.6767 684.8871 6199.5305 2221.5692;
	1657.4439 1167.6992 1748.1272 543.9696 942.5495 1394.9442 1069.4691 353.0181 688.1989 6177.7733 2300.3766;
	1560.4322 1137.3127 1745.3547 529.6365 930.0 1390.5411 1061.4 351.9 675.7475 6151.0412 2267.2953;
	1477.9325 1112.7931 1778.4596 556.3 950.8795 1423.0452 1132.6735 370.7337 739.2012 6165.7722 2465.9839;
	1637.0024 1144.9197 1813.6661 564.9023 976.8756 1459.795 1134.4966 400.1748 728.8684 6020.9701 2430.6725;
	1671.267 1145.7636 1804.3589 553.2375 984.1353 1439.6061 1105.4553 373.0091 716.072 5899.2926 2368.849;
	1663.2062 1114.2495 1751.5015 555.8369 934.6957 1400.6444 1075.9 363.828 692.224 5760.1452 2282.7938;
	1548.783 1020.4433 1619.6608 549.5172 868.962 1266.7258 983.9859 323.6 635.3899 5388.0413 2094.5727;
	1452.1819 934.4 1535.5423 529.1 800.7 1189.3523 931.5 304.3346 595.8582 5060.8955 1931.5383;
	1414.6638 879.9143 1473.4837 522.4019 779.8647 1215.5621 855.791 282.5093 532.9152 4685.911 1784.9534;
	1384.7762 852.8147 1429.8147 534.4 755.8685 1158.1609 774.4794 252.3 501.5 4400.6759 1656.6108;
];
