function loadprofile = ex_load_profilesh1
%EX_LOAD_PROFILE  Example load profile data file for stochastic unit commitment.
% 2022.03.12
% Andres F. Ramirez

%% define constants
[CT_LABEL, CT_PROB, CT_TABLE, CT_TBUS, CT_TGEN, CT_TBRCH, CT_TAREABUS, ...
    CT_TAREAGEN, CT_TAREABRCH, CT_ROW, CT_COL, CT_CHGTYPE, CT_REP, ...
    CT_REL, CT_ADD, CT_NEWVAL, CT_TLOAD, CT_TAREALOAD, CT_LOAD_ALL_PQ, ...
    CT_LOAD_FIX_PQ, CT_LOAD_DIS_PQ, CT_LOAD_ALL_P, CT_LOAD_FIX_P, ...
    CT_LOAD_DIS_P, CT_TGENCOST, CT_TAREAGENCOST, CT_MODCOST_F, ...
    CT_MODCOST_X] = idx_ct;

loadprofile = struct( ...
    'type', 'mpcData', ...
    'table', CT_TAREALOAD, ...
    'rows', [1:11], ...
    'col', CT_LOAD_ALL_P, ...
    'chgtype', 1, ...
    'values', [] );
loadprofile.values(:,1,:) = [
	1487.4884 925.2 1577.6525 583.7388 744.4808 1102.2922 810.8909 253.1607 490.4638 4401.4215 1666.8;
	1441.9115 916.7 1550.6713 584.7024 750.61 1078.9 791.6702 239.7872 482.2372 4278.1943 1627.0421;
	1446.253 929.996 1572.9478 578.7 781.0188 1109.5079 804.494 248.7591 492.8362 4335.9459 1664.054;
	1529.8811 1001.2 1694.4307 592.2055 844.3095 1150.9307 851.7678 265.3214 519.604 4486.1354 1689.6851;
	1677.4518 1122.6293 1887.6371 610.8 967.2 1331.7754 974.5582 316.8 605.0843 5001.1409 1963.9811;
	1751.869 1182.8321 1975.4471 617.1 1011.6 1397.0584 1036.0916 357.0036 673.6 5665.4687 2104.0173;
	1728.5379 1153.8148 1942.5 603.1776 923.3112 1263.6711 1009.1725 359.2629 672.0 5965.3556 2139.3386;
	1727.5285 1174.1227 1974.6264 610.308 958.2381 1286.0741 1054.495 349.8199 676.7807 6177.4249 2147.623;
	1740.3507 1179.4205 1979.5992 600.9017 932.5198 1279.9634 1086.5845 346.3179 691.9 6226.9892 2133.73;
	1756.1975 1174.8803 1931.139 603.5506 940.5413 1252.8102 1079.8694 357.0984 684.9351 6300.8015 2008.7748;
	1727.0772 1135.4008 1931.3592 598.4727 945.0955 1244.7536 1094.8121 349.5891 683.5 6316.2436 1954.772;
	1763.8127 1183.8 1962.5753 579.5034 974.631 1283.0393 1121.3963 368.8019 689.9 6312.7 1974.2773;
	1749.9798 1142.5033 1914.0 587.4737 920.2822 1252.0 1115.98 343.6948 676.4 6208.7755 1937.2771;
	1756.2406 1155.6367 1854.9823 596.9776 914.5083 1268.4915 1154.0593 361.7191 698.0207 6263.6885 1995.7066;
	1692.9395 1140.0427 1838.8231 580.0215 918.1934 1269.3856 1091.8947 361.9798 706.5 6162.583 2016.7894;
	1673.2025 1110.0954 1782.3024 573.2594 906.0412 1288.5487 1104.0494 351.9 713.9452 6155.3949 2149.6563;
	1719.5435 1153.2998 1889.9666 596.6282 947.3659 1392.4547 1195.4497 345.5122 710.099 6122.3976 2260.2537;
	1792.2205 1204.184 1944.748 610.1 991.5518 1466.8195 1270.9496 367.3 743.9 6257.061 2387.7664;
	1811.4148 1225.385 1918.9371 603.446 982.5 1468.9519 1285.5281 360.3661 735.534 6093.5771 2358.2621;
	1765.251 1130.2234 1851.2731 587.4641 930.4979 1364.7221 1158.4951 360.2557 701.2413 5787.8778 2246.2;
	1705.351 1063.1164 1740.8989 567.0488 831.7736 1244.7995 1038.6394 306.2 637.7436 5409.3091 2063.6357;
	1564.6198 980.6193 1628.0698 567.9106 785.9673 1186.0 985.1328 276.4856 598.1237 5151.5273 1912.1322;
	1535.1705 948.4699 1579.7354 557.5588 788.9669 1142.0809 974.1174 280.7247 566.4906 4897.9447 1803.332;
	1491.2913 901.8258 1551.5328 551.4386 756.0389 1082.9644 881.3635 291.5921 526.5896 4710.3509 1723.6;
];
