function loadprofile = ex_load_profilesh1
%EX_LOAD_PROFILE  Example load profile data file for stochastic unit commitment.
% 2022.03.12
% Andres F. Ramirez

%% define constants
[CT_LABEL, CT_PROB, CT_TABLE, CT_TBUS, CT_TGEN, CT_TBRCH, CT_TAREABUS, ...
    CT_TAREAGEN, CT_TAREABRCH, CT_ROW, CT_COL, CT_CHGTYPE, CT_REP, ...
    CT_REL, CT_ADD, CT_NEWVAL, CT_TLOAD, CT_TAREALOAD, CT_LOAD_ALL_PQ, ...
    CT_LOAD_FIX_PQ, CT_LOAD_DIS_PQ, CT_LOAD_ALL_P, CT_LOAD_FIX_P, ...
    CT_LOAD_DIS_P, CT_TGENCOST, CT_TAREAGENCOST, CT_MODCOST_F, ...
    CT_MODCOST_X] = idx_ct;

loadprofile = struct( ...
    'type', 'mpcData', ...
    'table', CT_TAREALOAD, ...
    'rows', [1:11], ...
    'col', CT_LOAD_ALL_P, ...
    'chgtype', 1, ...
    'values', [] );
loadprofile.values(:,1,:) = [
	1471.6 921.0 1553.5 572.7151 837.3413 1085.6438 834.6973 234.4 497.9342 4347.9062 1690.5656;
	1476.7562 915.1647 1554.0539 567.2303 853.9851 1086.2499 839.9 212.7604 492.276 4300.5386 1665.4071;
	1511.7215 945.1129 1586.2309 579.3573 882.6993 1121.6173 830.465 228.6442 504.1151 4313.2487 1697.7082;
	1573.5955 1014.9211 1705.0672 587.3463 921.9449 1201.7091 871.389 245.1551 519.5969 4484.4423 1782.7661;
	1704.6376 1140.6908 1914.4819 596.2171 1045.6079 1371.1 989.0203 292.3683 589.7704 5169.0132 2024.7112;
	1776.8 1209.1 2034.2 610.6915 1082.2382 1428.4 1048.6836 287.7248 659.1001 5662.9732 2123.528;
	1783.3303 1218.3313 2019.5 602.2 1072.0121 1439.4848 1064.6403 306.09 701.0 6059.5 2210.0892;
	1738.5841 1222.2427 2021.8619 599.1 1061.7248 1415.788 1045.643 298.6722 690.4 6315.7301 2225.2778;
	1729.0163 1222.0876 2026.6372 601.0521 1042.3801 1427.5962 1043.8239 311.8169 700.3 6386.087 2240.5369;
	1713.231 1220.0884 2009.9293 589.5 1006.8648 1386.678 1046.5318 317.8873 686.9995 6440.6782 2291.5292;
	1700.0458 1219.0497 1932.5283 592.7071 982.5264 1418.3258 1033.9761 314.9327 715.7992 6503.2677 2376.7598;
	1626.8417 1170.5 1852.7093 561.9 939.0 1359.5 1015.4946 312.3277 714.7949 6543.5178 2419.5764;
	1599.8666 1141.1901 1796.8275 572.3628 904.4422 1343.7395 973.7793 296.4 666.8 6271.2614 2208.5357;
	1508.5061 1100.0194 1745.83 549.1612 887.3 1291.9 973.5288 285.2 673.517 6238.6272 2301.7151;
	1581.1227 1125.6192 1825.189 558.4 917.3168 1268.6695 984.9997 283.46 689.5162 6376.4414 2547.3888;
	1612.8386 1130.5369 1827.873 556.6006 917.1723 1335.4633 1033.9943 307.3513 678.4826 6335.1727 2553.7933;
	1643.1125 1133.529 1849.6854 554.1 953.319 1338.809 1059.6215 309.0973 709.8865 6233.9754 2812.286;
	1647.5541 1137.6438 1895.1254 560.9879 979.2191 1412.7409 1120.4918 323.0535 731.1467 6207.2894 2703.1006;
	1728.9574 1178.4183 1881.8082 570.1161 952.8661 1376.3529 1109.9577 304.6935 709.9203 6030.0955 2545.6424;
	1642.0581 1121.8 1819.9291 566.5 929.3212 1314.7877 1080.9 283.3011 681.8071 5790.6112 2453.8301;
	1532.6 990.8627 1636.9864 535.0 812.9264 1154.7864 958.5346 209.9592 608.1939 5360.5631 2174.8748;
	1459.7446 940.7947 1562.4721 521.1787 773.2833 1111.8599 875.2384 217.9547 563.6738 4973.3094 2009.0231;
	1488.2348 938.1455 1555.2 528.8578 804.7624 1092.5766 842.8 219.633 525.4239 4633.7821 1933.7;
	1472.2005 907.4287 1532.6877 524.1 751.7689 1036.7964 759.7065 185.7804 496.9257 4068.2998 1710.5679;
];
