function solarprofile = ex_solar_profilesh1
%EX_WIND_PROFILE_D  Example wind_load_nyiso profile data for deterministic unit commitment.
% 2022.03.12
% Andres F. Ramirez


%% define constants
[GEN_BUS, PG, QG, QMAX, QMIN, VG, MBASE, GEN_STATUS, PMAX, PMIN, ...
    MU_PMAX, MU_PMIN, MU_QMAX, MU_QMIN, PC1, PC2, QC1MIN, QC1MAX, ...
    QC2MIN, QC2MAX, RAMP_AGC, RAMP_10, RAMP_30, RAMP_Q, APF] = idx_gen;
[CT_LABEL, CT_PROB, CT_TABLE, CT_TBUS, CT_TGEN, CT_TBRCH, CT_TAREABUS, ...
    CT_TAREAGEN, CT_TAREABRCH, CT_ROW, CT_COL, CT_CHGTYPE, CT_REP, ...
    CT_REL, CT_ADD, CT_NEWVAL, CT_TLOAD, CT_TAREALOAD, CT_LOAD_ALL_PQ, ...
    CT_LOAD_FIX_PQ, CT_LOAD_DIS_PQ, CT_LOAD_ALL_P, CT_LOAD_FIX_P, ...
    CT_LOAD_DIS_P, CT_TGENCOST, CT_TAREAGENCOST, CT_MODCOST_F, ...
    CT_MODCOST_X] = idx_ct;

solarprofile = struct( ...
    'type', 'mpcData', ...
    'table', CT_TGEN, ...
    'rows', [1:12], ...
    'col', PMAX, ...
    'chgtype', 1, ...
    'values', [] );
solarprofile.values(:,1,:) = [
	0.0 0.0 0.0 0.0 0.0 0.0 0.0 0.0 0.0 0.0 0.0 0.0;
	0.0 0.0 0.0 0.0 0.0 0.0 0.0 0.0 0.0 0.0 0.0 0.0;
	0.0 0.0 0.0 0.0 0.0 0.0 0.0 0.0 0.0 0.0 0.0 0.0;
	0.0 0.0 0.0 0.0 0.0 0.0 0.0 0.0 0.0 0.0 0.0 0.0;
	0.0 0.0 0.0 0.0 0.0 0.0 0.0 0.0 0.0 0.0 0.0 0.0;
	0.1249 0.2595 0.1932 0.0 0.0 0.1251 0.0156 0.1784 0.0 0.0 0.0 0.0;
	7.0662 6.5566 2.4994 1.6462 7.5832 114.6796 14.335 47.0499 91.602 25.3968 22.1587 45.9938;
	8.5134 8.0232 5.1851 4.7125 11.1313 131.8664 16.4833 35.917 137.3492 90.9508 94.1634 164.7125;
	12.2579 12.0367 8.572 7.7913 11.9869 146.7813 18.3477 31.0642 160.8281 188.5898 149.0677 341.5373;
	23.5627 16.8615 14.2104 10.4304 11.4411 381.7901 47.7238 61.829 262.0574 238.9306 146.4027 432.7048;
	26.0344 16.9384 14.4139 9.6915 11.1457 368.9818 46.1227 60.7602 260.6832 285.4331 161.8086 516.9211;
	26.1274 16.9163 14.1913 6.5757 10.8712 363.3792 45.4224 60.0684 250.9954 292.4039 157.4753 529.5452;
	25.1994 16.8482 13.8084 2.5184 6.4308 370.3472 46.2934 61.7431 202.5378 189.6059 125.9137 343.3775;
	21.7939 16.1457 13.275 3.5134 5.9496 368.3715 46.0464 61.5314 160.3598 141.8891 117.9554 256.962;
	16.2121 12.003 9.7372 3.3581 5.2469 325.7525 40.7191 58.3216 89.7556 95.1202 106.6354 172.2633;
	8.834 6.1914 5.368 1.3294 3.3237 43.9221 5.4903 16.8987 9.7595 34.9624 35.8645 63.3171;
	1.28 0.9479 0.7549 0.382 1.1961 32.1265 4.0158 6.3448 20.3696 15.2143 10.09 27.5532;
	0.0 0.0 0.0 0.0 0.0 0.0 0.0 0.0 0.0 0.0 0.0 0.0;
	0.0 0.0 0.0 0.0 0.0 0.0 0.0 0.0 0.0 0.0 0.0 0.0;
	0.0 0.0 0.0 0.0 0.0 0.0 0.0 0.0 0.0 0.0 0.0 0.0;
	0.0 0.0 0.0 0.0 0.0 0.0 0.0 0.0 0.0 0.0 0.0 0.0;
	0.0 0.0 0.0 0.0 0.0 0.0 0.0 0.0 0.0 0.0 0.0 0.0;
	0.0 0.0 0.0 0.0 0.0 0.0 0.0 0.0 0.0 0.0 0.0 0.0;
	0.0 0.0 0.0 0.0 0.0 0.0 0.0 0.0 0.0 0.0 0.0 0.0;
];
