function loadprofile = ex_load_profilesh1
%EX_LOAD_PROFILE  Example load profile data file for stochastic unit commitment.
% 2022.03.12
% Andres F. Ramirez

%% define constants
[CT_LABEL, CT_PROB, CT_TABLE, CT_TBUS, CT_TGEN, CT_TBRCH, CT_TAREABUS, ...
    CT_TAREAGEN, CT_TAREABRCH, CT_ROW, CT_COL, CT_CHGTYPE, CT_REP, ...
    CT_REL, CT_ADD, CT_NEWVAL, CT_TLOAD, CT_TAREALOAD, CT_LOAD_ALL_PQ, ...
    CT_LOAD_FIX_PQ, CT_LOAD_DIS_PQ, CT_LOAD_ALL_P, CT_LOAD_FIX_P, ...
    CT_LOAD_DIS_P, CT_TGENCOST, CT_TAREAGENCOST, CT_MODCOST_F, ...
    CT_MODCOST_X] = idx_ct;

loadprofile = struct( ...
    'type', 'mpcData', ...
    'table', CT_TAREALOAD, ...
    'rows', [1:11], ...
    'col', CT_LOAD_ALL_P, ...
    'chgtype', 1, ...
    'values', [] );
loadprofile.values(:,1,:) = [
	1484.4941 948.4073 1621.837 573.7 883.7662 1150.1928 857.4877 234.7139 470.6038 4601.1957 1726.8426;
	1448.911 936.9782 1609.7148 576.6549 896.2054 1162.8404 861.7989 227.4579 478.4802 4531.4733 1703.348;
	1492.6131 964.8677 1652.8466 577.6 906.6485 1166.4402 869.3 227.4 503.9736 4575.2129 1753.5725;
	1533.0953 1028.6154 1760.6517 585.611 937.5116 1236.1887 922.6567 246.2097 541.5005 4780.825 1857.7502;
	1734.0873 1173.0444 1983.4575 606.0986 1060.8687 1378.1818 1031.1 294.3 622.8934 5347.6574 2088.4146;
	1864.4225 1255.7756 2077.1014 617.2373 1128.8277 1460.1866 1098.005 327.4369 674.7 5917.4197 2262.4968;
	1859.4511 1259.3841 2140.9363 605.6115 1133.1728 1487.1061 1126.9137 348.617 689.8 6289.0621 2328.8525;
	1846.803 1268.9496 2155.9827 583.7585 1121.1476 1506.8959 1152.9027 364.2806 709.4103 6541.1087 2414.5901;
	1820.9144 1244.3 2111.9776 583.2811 1100.4473 1472.989 1147.9184 362.003 707.8 6390.3641 2317.9435;
	1871.6642 1250.3603 2132.3289 569.8614 1094.1157 1441.721 1116.4283 369.0116 690.0184 6430.6868 2304.5077;
	1861.7962 1232.5719 2079.5373 553.4239 1065.767 1416.5527 1092.2387 351.2849 687.8745 6373.1039 2280.2288;
	1871.6 1240.0375 2070.7141 555.0844 1054.7798 1359.5 1069.072 363.7687 662.0 6408.9757 2173.7256;
	1833.4704 1257.403 2018.3192 556.0935 1052.752 1357.595 1038.13 357.6219 640.5918 6452.7203 2197.3118;
	1786.8618 1236.2 1968.6438 541.4 1014.6993 1312.9045 999.7135 342.7965 638.0946 6323.9477 2120.8452;
	1788.4 1229.4874 1916.6 512.2677 999.4279 1334.1878 1042.9557 364.7537 644.7148 6340.6027 2187.8647;
	1823.7318 1237.2902 1957.2853 488.958 980.7 1359.7233 1072.2709 354.3575 661.444 6372.9622 2246.3689;
	1857.0708 1243.3094 1956.463 526.0 997.2599 1400.0229 1111.5472 371.0491 679.2 6206.8086 2322.1619;
	1839.3044 1272.4533 2025.6052 511.8943 1022.3513 1447.6189 1166.9321 418.9763 712.3775 6261.7935 2510.6291;
	1830.9343 1271.9605 1959.9066 534.5213 1015.4266 1435.4791 1176.0955 396.0616 710.4 6063.9051 2427.372;
	1795.05 1204.7723 1907.2 526.8321 969.2329 1357.563 1127.092 377.5217 668.0065 5921.9778 2340.6248;
	1697.1334 1087.0554 1766.7847 488.2709 916.7257 1300.2008 1077.6817 330.8173 618.9 5628.0381 2154.7978;
	1602.1566 988.8481 1657.585 486.7645 844.008 1188.6 971.9716 285.1 561.9 5160.6553 1929.3394;
	1513.4404 929.3949 1659.1861 497.0406 819.4936 1116.8467 872.4925 233.6817 500.1486 4727.9935 1824.8833;
	1461.6819 896.4 1585.4 513.0563 802.0033 1075.2883 852.7 237.5 464.2645 4500.6417 1714.2548;
];
