function solarprofile = ex_solar_profilesh1
%EX_WIND_PROFILE_D  Example wind_load_nyiso profile data for deterministic unit commitment.
% 2022.03.12
% Andres F. Ramirez


%% define constants
[GEN_BUS, PG, QG, QMAX, QMIN, VG, MBASE, GEN_STATUS, PMAX, PMIN, ...
    MU_PMAX, MU_PMIN, MU_QMAX, MU_QMIN, PC1, PC2, QC1MIN, QC1MAX, ...
    QC2MIN, QC2MAX, RAMP_AGC, RAMP_10, RAMP_30, RAMP_Q, APF] = idx_gen;
[CT_LABEL, CT_PROB, CT_TABLE, CT_TBUS, CT_TGEN, CT_TBRCH, CT_TAREABUS, ...
    CT_TAREAGEN, CT_TAREABRCH, CT_ROW, CT_COL, CT_CHGTYPE, CT_REP, ...
    CT_REL, CT_ADD, CT_NEWVAL, CT_TLOAD, CT_TAREALOAD, CT_LOAD_ALL_PQ, ...
    CT_LOAD_FIX_PQ, CT_LOAD_DIS_PQ, CT_LOAD_ALL_P, CT_LOAD_FIX_P, ...
    CT_LOAD_DIS_P, CT_TGENCOST, CT_TAREAGENCOST, CT_MODCOST_F, ...
    CT_MODCOST_X] = idx_ct;

solarprofile = struct( ...
    'type', 'mpcData', ...
    'table', CT_TGEN, ...
    'rows', [1:12], ...
    'col', PMAX, ...
    'chgtype', 1, ...
    'values', [] );
solarprofile.values(:,1,:) = [
	0.0 0.0 0.0 0.0 0.0 0.0 0.0 0.0 0.0 0.0 0.0 0.0;
	0.0 0.0 0.0 0.0 0.0 0.0 0.0 0.0 0.0 0.0 0.0 0.0;
	0.0 0.0 0.0 0.0 0.0 0.0 0.0 0.0 0.0 0.0 0.0 0.0;
	0.0 0.0 0.0 0.0 0.0 0.0 0.0 0.0 0.0 0.0 0.0 0.0;
	0.0 0.0 0.0 0.0 0.0 0.0 0.0 0.0 0.0 0.0 0.0 0.0;
	0.0951 0.0989 0.1066 0.0 0.0 0.9497 0.1187 0.1784 0.0878 0.0 0.0 0.0;
	2.5049 2.8651 2.4681 4.3024 12.2281 138.061 17.2576 8.9468 59.2434 60.58 27.1965 109.7108;
	3.9623 4.2906 3.8243 7.9182 14.5639 187.3244 23.4155 28.7657 47.5784 212.8123 129.1244 385.4044;
	5.7835 4.736 4.1851 9.5968 14.1889 184.4336 23.0542 42.7941 61.371 318.5014 194.6599 576.808;
	19.7164 13.9082 13.1276 10.4229 13.5938 371.6132 46.4517 64.8093 241.641 336.2404 197.9359 608.9335;
	23.4026 15.9886 13.2624 10.5638 12.5881 370.1979 46.2747 61.8632 238.5454 311.6214 194.8227 564.3482;
	23.7214 16.0751 13.2704 10.1247 11.8222 386.4104 48.3013 60.6108 238.0761 289.4935 174.4118 524.2745;
	23.9807 16.5824 13.7384 4.8865 7.4989 392.8966 49.1121 60.4273 249.3271 160.0588 48.7968 289.8674;
	20.5412 15.8714 12.909 5.3182 8.0789 375.9358 46.992 61.6959 248.5053 166.4073 38.4232 301.3645;
	15.281 12.2378 9.6483 4.3445 9.4086 306.0311 38.2539 59.1487 233.193 138.9651 52.0498 251.6667;
	8.9392 6.7253 6.3908 3.335 10.8892 43.345 5.4181 24.0293 62.2087 36.1574 25.1889 65.4814;
	1.3565 1.1114 0.8682 0.7131 2.5033 39.4253 4.9282 10.0136 20.9592 11.9788 9.7871 21.6937;
	0.0 0.0 0.0 0.0 0.0 0.0 0.0 0.0 0.0 0.0 0.0 0.0;
	0.0 0.0 0.0 0.0 0.0 0.0 0.0 0.0 0.0 0.0 0.0 0.0;
	0.0 0.0 0.0 0.0 0.0 0.0 0.0 0.0 0.0 0.0 0.0 0.0;
	0.0 0.0 0.0 0.0 0.0 0.0 0.0 0.0 0.0 0.0 0.0 0.0;
	0.0 0.0 0.0 0.0 0.0 0.0 0.0 0.0 0.0 0.0 0.0 0.0;
	0.0 0.0 0.0 0.0 0.0 0.0 0.0 0.0 0.0 0.0 0.0 0.0;
	0.0 0.0 0.0 0.0 0.0 0.0 0.0 0.0 0.0 0.0 0.0 0.0;
];
