function loadprofile = ex_load_profilesh1
%EX_LOAD_PROFILE  Example load profile data file for stochastic unit commitment.
% 2022.03.12
% Andres F. Ramirez

%% define constants
[CT_LABEL, CT_PROB, CT_TABLE, CT_TBUS, CT_TGEN, CT_TBRCH, CT_TAREABUS, ...
    CT_TAREAGEN, CT_TAREABRCH, CT_ROW, CT_COL, CT_CHGTYPE, CT_REP, ...
    CT_REL, CT_ADD, CT_NEWVAL, CT_TLOAD, CT_TAREALOAD, CT_LOAD_ALL_PQ, ...
    CT_LOAD_FIX_PQ, CT_LOAD_DIS_PQ, CT_LOAD_ALL_P, CT_LOAD_FIX_P, ...
    CT_LOAD_DIS_P, CT_TGENCOST, CT_TAREAGENCOST, CT_MODCOST_F, ...
    CT_MODCOST_X] = idx_ct;

loadprofile = struct( ...
    'type', 'mpcData', ...
    'table', CT_TAREALOAD, ...
    'rows', [1:11], ...
    'col', CT_LOAD_ALL_P, ...
    'chgtype', 1, ...
    'values', [] );
loadprofile.values(:,1,:) = [
	1457.114 930.0739 1578.7656 575.806 810.6595 1083.0625 830.0948 234.4 475.6921 4440.8326 1696.0;
	1473.956 942.4 1591.2123 570.9273 811.7322 1087.3299 839.9119 245.7837 474.5491 4387.8242 1674.2804;
	1503.6605 952.484 1614.588 586.7531 804.4857 1102.0238 850.6315 248.1741 483.3593 4413.5498 1711.9187;
	1566.4667 1023.3386 1725.3736 581.2008 867.9087 1150.6312 905.4 257.6685 528.3474 4700.0085 1816.8886;
	1731.8784 1165.0778 1955.6751 615.4235 989.2834 1327.4077 1024.1045 302.5 619.5438 5209.8396 2066.0987;
	1841.3968 1235.4468 2047.2822 623.1158 1059.0996 1419.7063 1089.9 348.9 665.9896 5740.2929 2188.8917;
	1832.23 1248.6846 2046.5 621.4868 1050.2733 1422.7727 1113.2325 339.916 664.7115 6096.0865 2233.2;
	1843.5 1262.9242 2113.4695 594.5808 1065.2326 1425.6441 1137.5469 344.113 701.9375 6278.5454 2251.7501;
	1885.2 1249.2604 2096.7754 586.0101 1037.0991 1405.3058 1090.3606 327.6792 688.4343 6215.3018 2097.2271;
	1849.1862 1268.1 2056.0307 594.2491 1012.0363 1386.6795 1082.2747 330.9 674.3625 6257.0709 2066.1543;
	1845.8448 1246.7101 2022.3 573.9229 1002.4 1374.8227 1072.1 330.6 675.8748 6253.985 2127.491;
	1839.6844 1223.1147 1966.529 559.2012 965.9435 1303.8202 1032.5553 310.2249 652.2 6120.8897 1982.5137;
	1776.9831 1181.5454 1957.8687 576.9872 940.1428 1255.9189 1022.9326 298.4325 666.1438 6058.353 2003.3468;
	1762.4687 1163.4625 1907.2951 572.9 923.5228 1252.3 1008.6935 281.4198 662.7714 6022.2864 1997.1209;
	1757.9459 1143.0142 1915.3167 563.7 947.6 1325.2887 1063.3216 289.5205 678.6294 6099.1156 2113.4694;
	1754.6521 1151.7106 1969.2717 561.367 1003.5277 1352.8 1124.6006 323.153 696.5044 6132.4601 2172.18;
	1749.5 1152.1339 1995.3567 583.8966 1013.8084 1396.1242 1129.8144 321.7 699.3261 6042.3658 2252.244;
	1816.6539 1221.7 2094.2042 601.8 1071.897 1449.3565 1179.8189 347.701 728.4245 6111.4839 2374.4;
	1834.7523 1248.5701 2089.8292 611.4445 1051.3226 1422.7616 1169.6909 343.8497 723.3335 6031.2584 2380.2;
	1775.0365 1172.0499 1943.269 603.5193 994.1375 1369.7157 1143.8873 360.2278 691.6317 5836.5462 2311.9739;
	1653.3087 1095.8159 1880.7306 594.2 940.0933 1265.1549 1083.7341 336.8 645.6268 5606.8685 2170.8436;
	1585.3512 1022.9626 1776.2264 595.4918 885.5711 1181.2117 1014.4208 336.0208 595.2131 5509.9497 2069.6073;
	1534.5085 969.6183 1676.7257 566.7191 830.0969 1114.4 911.5146 299.5 551.1252 5135.255 1850.9142;
	1462.5497 940.6755 1610.5246 553.6757 781.8583 1061.6632 866.6225 264.4 514.4 4751.7446 1717.3;
];
