function loadprofile = ex_load_profilesh1
%EX_LOAD_PROFILE  Example load profile data file for stochastic unit commitment.
% 2022.03.12
% Andres F. Ramirez

%% define constants
[CT_LABEL, CT_PROB, CT_TABLE, CT_TBUS, CT_TGEN, CT_TBRCH, CT_TAREABUS, ...
    CT_TAREAGEN, CT_TAREABRCH, CT_ROW, CT_COL, CT_CHGTYPE, CT_REP, ...
    CT_REL, CT_ADD, CT_NEWVAL, CT_TLOAD, CT_TAREALOAD, CT_LOAD_ALL_PQ, ...
    CT_LOAD_FIX_PQ, CT_LOAD_DIS_PQ, CT_LOAD_ALL_P, CT_LOAD_FIX_P, ...
    CT_LOAD_DIS_P, CT_TGENCOST, CT_TAREAGENCOST, CT_MODCOST_F, ...
    CT_MODCOST_X] = idx_ct;

loadprofile = struct( ...
    'type', 'mpcData', ...
    'table', CT_TAREALOAD, ...
    'rows', [1:11], ...
    'col', CT_LOAD_ALL_P, ...
    'chgtype', 1, ...
    'values', [] );
loadprofile.values(:,1,:) = [
	1513.7155 943.3344 1564.145 567.4684 771.8 1129.6427 866.1877 205.0 465.1 4499.0941 1657.0796;
	1478.3938 938.1278 1559.8 565.7139 793.7193 1149.4796 851.1 208.4865 472.5746 4391.0917 1604.1007;
	1526.6484 963.3506 1592.5368 576.7 810.6405 1163.7657 865.7195 215.5512 485.0249 4433.4801 1668.293;
	1565.8536 1027.8964 1689.4 572.3 861.8928 1232.2263 912.7619 225.7561 522.8195 4625.5217 1696.3846;
	1723.5245 1157.9 1878.3031 585.4 958.9765 1363.2676 1024.0099 266.6434 598.3627 5154.7753 1971.9813;
	1834.1135 1234.2821 1935.4851 605.0353 997.7327 1435.7737 1096.4 300.6162 659.8124 5693.8558 2145.9041;
	1866.4064 1234.7755 1945.8163 598.5 997.4768 1422.9658 1116.9111 302.0948 668.1 6040.3719 2231.1;
	1876.7664 1244.5766 1941.8789 604.8088 995.1935 1451.2869 1149.7177 298.6239 689.0523 6295.0676 2325.3087;
	1883.2779 1251.6888 1938.7376 593.6 1031.9027 1456.0413 1247.3659 320.82 715.4 6398.6501 2371.9483;
	1895.9536 1268.1 1917.2416 595.8 1012.3458 1428.7977 1276.0297 317.4 706.1 6365.0502 2308.0608;
	1874.5006 1238.723 1863.7 582.4387 986.1364 1417.0701 1240.3767 312.4905 701.2881 6306.8776 2308.6352;
	1925.1485 1275.6473 1870.6733 593.0792 957.5617 1421.7398 1223.5225 317.3 684.3 6305.2 2296.2428;
	1891.017 1260.0956 1806.4602 583.8 928.3524 1398.6046 1207.9944 315.1803 666.739 6190.1111 2280.3365;
	1842.523 1237.0051 1806.8943 566.0372 898.093 1364.6891 1222.689 294.8445 666.8642 6169.9403 2218.1505;
	1803.2688 1193.0327 1830.2279 584.6603 930.2359 1353.6704 1214.3255 296.2091 681.1962 6194.5253 2211.0168;
	1825.8923 1189.0285 1856.4414 586.3613 963.9929 1400.116 1224.8752 306.5643 672.4892 6204.7124 2220.0329;
	1760.3674 1171.5202 1825.6623 597.8689 969.8 1397.4 1196.8452 318.4455 681.872 6020.1594 2282.5021;
	1811.2641 1211.9176 1896.7223 610.1 1011.3 1454.9 1238.3929 345.8248 718.3588 6181.7006 2398.5;
	1861.4 1238.8213 1883.0421 594.4935 1012.5813 1423.7473 1201.6084 351.6008 713.0 6028.494 2366.0739;
	1753.9839 1169.2294 1824.3419 593.9233 955.4316 1348.7401 1172.6 341.9045 686.7026 5907.4544 2287.7301;
	1715.6877 1094.8373 1699.8 575.9392 880.9937 1223.7304 1040.369 312.6965 641.5612 5537.1466 2086.3911;
	1593.3231 1013.09 1607.2 549.4836 832.6767 1161.751 953.8684 282.7065 589.0155 5175.6364 1888.9846;
	1519.0136 902.3014 1491.3278 524.5 751.3745 1092.305 873.432 218.6834 504.6687 4688.9516 1735.2469;
	1471.1828 877.6376 1469.3565 526.0094 754.0674 1073.1 843.4233 195.7495 476.3782 4546.5172 1679.027;
];
