function solarprofile = ex_solar_profilesh1
%EX_WIND_PROFILE_D  Example wind_load_nyiso profile data for deterministic unit commitment.
% 2022.03.12
% Andres F. Ramirez


%% define constants
[GEN_BUS, PG, QG, QMAX, QMIN, VG, MBASE, GEN_STATUS, PMAX, PMIN, ...
    MU_PMAX, MU_PMIN, MU_QMAX, MU_QMIN, PC1, PC2, QC1MIN, QC1MAX, ...
    QC2MIN, QC2MAX, RAMP_AGC, RAMP_10, RAMP_30, RAMP_Q, APF] = idx_gen;
[CT_LABEL, CT_PROB, CT_TABLE, CT_TBUS, CT_TGEN, CT_TBRCH, CT_TAREABUS, ...
    CT_TAREAGEN, CT_TAREABRCH, CT_ROW, CT_COL, CT_CHGTYPE, CT_REP, ...
    CT_REL, CT_ADD, CT_NEWVAL, CT_TLOAD, CT_TAREALOAD, CT_LOAD_ALL_PQ, ...
    CT_LOAD_FIX_PQ, CT_LOAD_DIS_PQ, CT_LOAD_ALL_P, CT_LOAD_FIX_P, ...
    CT_LOAD_DIS_P, CT_TGENCOST, CT_TAREAGENCOST, CT_MODCOST_F, ...
    CT_MODCOST_X] = idx_ct;

solarprofile = struct( ...
    'type', 'mpcData', ...
    'table', CT_TGEN, ...
    'rows', [1:12], ...
    'col', PMAX, ...
    'chgtype', 1, ...
    'values', [] );
solarprofile.values(:,1,:) = [
	0.0 0.0 0.0 0.0 0.0 0.0 0.0 0.0 0.0 0.0 0.0 0.0;
	0.0 0.0 0.0 0.0 0.0 0.0 0.0 0.0 0.0 0.0 0.0 0.0;
	0.0 0.0 0.0 0.0 0.0 0.0 0.0 0.0 0.0 0.0 0.0 0.0;
	0.0 0.0 0.0 0.0 0.0 0.0 0.0 0.0 0.0 0.0 0.0 0.0;
	0.0 0.0 0.0 0.0 0.0 0.0 0.0 0.0 0.0 0.0 0.0 0.0;
	0.1115 0.1117 0.125 0.0 0.0 0.1251 0.0156 0.1784 0.0 0.0 0.0 0.0;
	2.898 2.0303 0.4666 0.4354 3.8114 0.0 0.0 0.0 15.7063 16.6182 12.7221 30.0957;
	4.9245 3.915 1.6659 1.6142 10.2734 0.0 0.0 0.183 26.4699 0.031 12.2363 0.0561;
	8.7081 6.5604 4.0915 1.7494 10.5923 0.0 0.0 1.3575 20.2112 33.1327 15.3177 60.0035;
	22.0309 15.6256 13.1514 3.5238 5.7833 71.6222 8.9528 6.2818 25.1374 98.1925 80.87 177.8272;
	23.7224 16.0537 13.2672 3.9638 6.5047 151.2357 18.9045 15.6686 20.2813 227.1365 162.6918 411.3456;
	23.7196 16.0751 13.3718 8.017 8.9338 333.1231 41.6404 32.5041 56.7043 270.4036 175.8431 489.7026;
	24.1819 16.5824 13.7529 5.8524 5.1313 351.0722 43.884 39.821 161.0764 191.9021 158.6464 347.5359;
	20.6926 15.6416 13.1317 5.4151 4.5298 298.2654 37.2832 27.7315 131.7244 173.6968 129.3377 314.566;
	14.7263 10.2569 8.6709 3.0843 3.3763 127.5025 15.9378 6.5909 63.0425 130.2656 87.6958 235.9118;
	5.3016 3.0971 2.3543 0.6105 2.2316 6.1304 0.7663 0.0 0.0 40.5983 7.4341 73.5238;
	0.9669 0.7755 0.6202 0.6384 1.8249 38.8468 4.8559 6.3079 20.4683 15.5031 5.8223 28.0762;
	0.0 0.0 0.0 0.0 0.0 0.0 0.0 0.0 0.0 0.0 0.0 0.0;
	0.0 0.0 0.0 0.0 0.0 0.0 0.0 0.0 0.0 0.0 0.0 0.0;
	0.0 0.0 0.0 0.0 0.0 0.0 0.0 0.0 0.0 0.0 0.0 0.0;
	0.0 0.0 0.0 0.0 0.0 0.0 0.0 0.0 0.0 0.0 0.0 0.0;
	0.0 0.0 0.0 0.0 0.0 0.0 0.0 0.0 0.0 0.0 0.0 0.0;
	0.0 0.0 0.0 0.0 0.0 0.0 0.0 0.0 0.0 0.0 0.0 0.0;
	0.0 0.0 0.0 0.0 0.0 0.0 0.0 0.0 0.0 0.0 0.0 0.0;
];
