function windprofile = ex_wind_profilesh1
%EX_WIND_PROFILE_D  Example wind_load_nyiso profile data for deterministic unit commitment.
% 2022.03.12
% Andres F. Ramirez


%% define constants
[GEN_BUS, PG, QG, QMAX, QMIN, VG, MBASE, GEN_STATUS, PMAX, PMIN, ...
    MU_PMAX, MU_PMIN, MU_QMAX, MU_QMIN, PC1, PC2, QC1MIN, QC1MAX, ...
    QC2MIN, QC2MAX, RAMP_AGC, RAMP_10, RAMP_30, RAMP_Q, APF] = idx_gen;
[CT_LABEL, CT_PROB, CT_TABLE, CT_TBUS, CT_TGEN, CT_TBRCH, CT_TAREABUS, ...
    CT_TAREAGEN, CT_TAREABRCH, CT_ROW, CT_COL, CT_CHGTYPE, CT_REP, ...
    CT_REL, CT_ADD, CT_NEWVAL, CT_TLOAD, CT_TAREALOAD, CT_LOAD_ALL_PQ, ...
    CT_LOAD_FIX_PQ, CT_LOAD_DIS_PQ, CT_LOAD_ALL_P, CT_LOAD_FIX_P, ...
    CT_LOAD_DIS_P, CT_TGENCOST, CT_TAREAGENCOST, CT_MODCOST_F, ...
    CT_MODCOST_X] = idx_ct;

windprofile = struct( ...
    'type', 'mpcData', ...
    'table', CT_TGEN, ...
    'rows', [1:45], ...
    'col', PMAX, ...
    'chgtype', 1, ...
    'values', [] );
windprofile.values(:,1,:) = [
	3.6938 49.9108 92.0952 116.1836 14.9597 14.6748 14.6616 19.0669 26.6758 23.4545 43.3552 64.6775 97.3716 4.5297 14.3799 5.4176 6.7218 7.1231 13.3786 27.0711 4.8872 34.2412 30.9829 87.7887 102.3933 75.8259 9.1621 681.3272 378.8178 378.8178 195.9915 36.3302 44.5954 69.681 14.2013 161.6289 500.387 53.0253 295.2087 274.2677 18.7712 162.7926 120.066 238.2001 505.5993;
	3.6351 49.1186 93.5338 116.3153 15.1335 16.5496 13.9654 18.6912 26.4454 22.5511 41.6854 62.1864 93.6213 5.0168 8.1226 3.0602 3.7969 4.0235 8.9092 15.1362 4.6551 38.6158 39.9967 89.6665 103.7538 76.4658 8.8022 669.3255 370.837 370.837 161.7248 26.6157 29.6974 38.9605 15.7283 158.2238 486.5769 42.5312 305.4632 277.912 17.3053 183.5905 113.9653 243.1685 491.6454;
	3.4047 46.0054 95.1772 120.7008 15.351 14.405 13.1843 19.0646 27.7025 22.8751 42.2844 63.08 94.9665 6.8613 17.9573 6.7653 8.394 8.8951 17.1641 24.2112 4.3948 33.6116 55.392 89.7767 104.8516 76.0868 9.7213 637.5 339.9681 339.9681 133.0543 29.714 57.2138 62.3197 21.511 145.0531 395.4744 24.175 246.443 280.8526 29.3183 159.7992 93.3328 236.5703 399.5939;
	3.1871 43.0646 95.2006 118.5204 15.256 13.9327 13.0315 18.6896 26.6857 21.118 39.0363 58.2344 87.6716 11.0008 15.0705 5.6777 7.0446 7.4652 10.4278 23.8299 4.3438 32.5096 44.2779 88.6916 105.8281 75.8826 10.6239 552.7703 286.3599 286.3599 160.2595 26.7835 34.7594 61.3382 34.4889 122.1802 340.473 22.3143 191.3604 283.4683 23.1074 154.56 89.4374 238.7317 344.0195;
	2.533 34.2259 94.6536 116.9853 15.0461 14.4372 10.8265 18.6958 17.1203 17.5486 32.4383 48.3916 72.8533 13.8495 12.8173 4.8289 5.9914 6.3491 15.747 24.2314 3.6088 33.6867 30.9772 88.0176 105.5106 75.7224 10.6167 426.4466 216.8011 216.8011 145.2239 27.8986 52.49 62.3718 43.4201 92.5018 219.2582 25.0527 162.6371 282.6176 13.3264 160.1563 87.7486 239.6626 221.5421;
	2.9821 40.2941 93.9662 117.7756 14.5391 21.2058 11.1815 19.0138 10.626 19.1102 35.3248 52.6977 79.3361 28.0158 18.4627 6.9557 8.6302 9.1455 31.9963 27.3997 3.7272 49.4801 39.7729 85.8249 103.9968 73.8262 9.1247 335.6972 205.5355 205.5355 142.6485 25.983 106.6543 70.5268 87.8334 87.6951 172.8058 25.4018 184.0216 278.563 11.3342 235.2425 93.4547 229.9624 174.6059;
	2.7395 37.0171 93.8595 116.8286 14.5524 23.5344 12.5253 18.5815 13.4238 26.9399 49.7979 74.2887 111.8412 38.843 27.6222 10.4065 12.9118 13.6826 39.1492 39.8776 4.1751 54.9137 65.2949 88.3658 106.1377 74.2495 12.2845 280.7907 241.3536 241.3536 122.215 18.3585 130.4973 102.6452 121.7782 102.9776 193.733 21.2576 149.2586 284.2974 12.3393 261.0755 99.5295 255.877 195.7511;
	1.8777 25.3714 75.3764 116.3787 14.8511 19.2651 12.2149 18.6396 18.721 27.3934 50.6362 75.5393 113.724 39.2295 21.7029 8.1764 10.1448 10.7505 50.5633 50.1075 4.0716 44.952 68.7476 89.5036 105.662 72.3088 13.3164 127.174 171.1189 171.1189 85.4826 9.4865 168.5442 128.9769 122.9899 73.0107 100.1826 14.7109 158.113 283.0232 7.1161 213.7146 93.5222 230.1911 101.2261;
	2.7948 37.7643 85.5947 101.537 14.8947 23.2765 10.6646 17.6147 19.6284 26.699 49.3527 73.6244 110.8412 47.3723 10.9451 4.1235 5.1162 5.4216 54.3991 45.3162 3.5549 54.3119 65.873 88.2164 102.2962 69.6787 11.8787 111.9213 136.6944 136.6944 87.6912 7.2683 181.3304 116.644 148.5186 58.3229 105.5461 19.7378 119.3145 274.0076 4.1788 258.2145 82.845 236.286 106.6456;
	1.8594 25.1246 84.0674 102.2243 13.185 11.42 10.3562 17.3144 25.7636 28.7114 53.0726 79.1739 119.1959 47.9027 0.1113 0.0419 0.052 0.0551 60.2362 45.8652 3.4521 26.6467 70.3903 83.4565 97.67 69.9575 11.3993 213.2814 218.5812 218.5812 101.0653 10.8749 200.7872 118.0572 150.1813 93.2613 210.5167 22.1392 38.1371 261.6161 0.0 126.686 73.7695 206.8283 212.7096;
	1.3748 18.576 74.9138 94.0451 12.0048 21.0512 13.9205 16.9102 25.761 28.8865 53.3963 79.6568 119.9228 54.9439 7.829 2.9495 3.6596 3.8781 62.1802 39.5289 4.6402 49.1196 69.4547 83.6798 93.0909 70.1456 11.1919 290.0918 292.2573 292.2573 158.245 16.539 207.2672 101.7474 172.2567 124.6965 320.8423 25.3834 161.6333 249.3507 0.0 233.5284 86.2556 158.4777 324.1844;
	1.7131 23.1476 83.9256 93.3914 12.754 28.9712 20.6017 18.2423 26.9339 30.0132 55.479 82.7638 124.6004 52.6209 9.0635 3.4146 4.2367 4.4896 80.2946 53.2923 6.8672 67.5995 72.9045 87.1819 99.788 72.912 12.5431 443.8384 357.3602 357.3602 266.3744 19.3839 267.6486 137.1746 164.9737 152.4737 425.4999 37.3929 198.8142 267.2893 0.0459 321.3874 108.5667 180.9188 429.9322;
	2.7758 37.507 86.699 90.5982 14.3499 30.6862 21.936 17.627 27.2964 30.1206 55.6775 83.0598 125.0461 51.3048 45.4076 17.1071 21.2254 22.4926 84.5879 66.7575 7.312 71.6011 75.5041 87.0944 101.3616 74.3614 11.5243 573.1618 445.7713 445.7713 310.8883 25.1957 281.9595 171.834 160.8476 190.1958 591.325 49.984 222.8209 271.5043 0.2891 340.4123 132.4104 208.6185 597.4846;
	3.5859 48.4529 85.6792 103.6644 14.6435 30.7025 23.2015 17.2784 26.5053 30.2566 55.9288 83.4348 125.6106 55.1525 64.7764 24.4041 30.2792 32.0869 84.4492 60.1198 7.7338 71.6392 69.8936 83.652 97.1785 71.4706 11.9959 701.2015 587.0502 587.0502 398.7888 30.1551 281.4973 154.7484 172.9106 250.4748 718.4231 73.3159 272.5561 260.2997 0.9638 340.5931 144.7478 239.4671 725.9067;
	3.7256 50.3416 87.4367 107.2051 14.7464 32.4349 27.4617 17.3385 26.7231 26.4874 48.9616 73.0411 109.963 57.5936 97.8314 36.8574 45.7305 48.4607 85.4958 61.3886 9.1539 75.6815 48.2713 85.9013 94.7222 72.0917 12.7122 926.2761 642.7864 642.7864 476.8599 30.723 284.9859 158.0145 180.5636 274.2555 926.0956 94.6578 410.4018 253.7201 0.9531 359.8114 156.1281 236.0048 935.7424;
	3.7131 50.1725 90.3469 108.7078 14.4662 33.5587 28.5239 17.4734 26.8423 19.4084 35.8762 53.5202 80.5743 54.7047 123.4432 46.5065 57.7025 61.1475 85.0076 66.7993 9.508 78.3036 25.3255 85.5265 98.1132 69.9264 12.7961 1033.2632 701.9264 701.9264 616.6849 42.7677 283.3585 171.9416 171.5066 299.4886 1022.6691 136.5694 361.245 262.8032 0.5862 372.2778 171.0831 257.6712 1033.3219;
	3.7278 50.3709 91.8619 115.8286 14.4056 32.9613 30.2386 18.4392 26.5951 20.8255 38.4956 57.4278 86.4573 63.3574 166.3102 62.6564 77.7403 82.3816 91.0358 70.947 10.0795 76.9098 33.5628 86.7947 101.933 73.9314 13.7026 1021.0874 736.5093 736.5093 657.6235 73.29 303.4527 182.6177 198.634 314.244 1012.686 184.5 401.4707 273.0348 10.2665 365.651 205.1189 275.7795 1023.2348;
	3.6375 49.1511 92.473 113.7346 14.3911 32.1803 28.7429 18.399 27.1546 18.2117 33.6641 50.2203 75.6063 61.6024 172.2647 64.8997 80.5237 85.3311 91.1291 70.0909 9.581 75.0873 37.3592 84.7063 103.7007 71.5677 13.5134 1094.9357 773.855 773.855 709.0208 83.9924 303.7638 180.4143 193.1317 330.1781 1069.6824 212.1138 429.3893 277.7696 109.6985 356.9864 193.1903 264.0768 1080.825;
	3.7019 50.0214 88.9719 111.2436 14.4161 32.579 29.9849 13.4757 27.5004 19.9221 36.8258 54.9368 82.7071 61.2277 185.6639 69.9478 86.7871 91.9684 91.4845 67.9416 9.995 76.0178 54.4589 83.6607 104.3914 64.919 13.2511 1205.8859 792.7982 792.7982 683.1163 97.6815 304.9484 174.8819 191.9572 338.2606 1123.5202 226.9847 447.0298 279.6199 115.1213 361.4102 197.1293 273.5402 1135.2235;
