function solarprofile = ex_solar_profilesh1
%EX_WIND_PROFILE_D  Example wind_load_nyiso profile data for deterministic unit commitment.
% 2022.03.12
% Andres F. Ramirez


%% define constants
[GEN_BUS, PG, QG, QMAX, QMIN, VG, MBASE, GEN_STATUS, PMAX, PMIN, ...
    MU_PMAX, MU_PMIN, MU_QMAX, MU_QMIN, PC1, PC2, QC1MIN, QC1MAX, ...
    QC2MIN, QC2MAX, RAMP_AGC, RAMP_10, RAMP_30, RAMP_Q, APF] = idx_gen;
[CT_LABEL, CT_PROB, CT_TABLE, CT_TBUS, CT_TGEN, CT_TBRCH, CT_TAREABUS, ...
    CT_TAREAGEN, CT_TAREABRCH, CT_ROW, CT_COL, CT_CHGTYPE, CT_REP, ...
    CT_REL, CT_ADD, CT_NEWVAL, CT_TLOAD, CT_TAREALOAD, CT_LOAD_ALL_PQ, ...
    CT_LOAD_FIX_PQ, CT_LOAD_DIS_PQ, CT_LOAD_ALL_P, CT_LOAD_FIX_P, ...
    CT_LOAD_DIS_P, CT_TGENCOST, CT_TAREAGENCOST, CT_MODCOST_F, ...
    CT_MODCOST_X] = idx_ct;

solarprofile = struct( ...
    'type', 'mpcData', ...
    'table', CT_TGEN, ...
    'rows', [1:12], ...
    'col', PMAX, ...
    'chgtype', 1, ...
    'values', [] );
solarprofile.values(:,1,:) = [
	0.0 0.0 0.0 0.0 0.0 0.0 0.0 0.0 0.0 0.0 0.0 0.0;
	0.0 0.0 0.0 0.0 0.0 0.0 0.0 0.0 0.0 0.0 0.0 0.0;
	0.0 0.0 0.0 0.0 0.0 0.0 0.0 0.0 0.0 0.0 0.0 0.0;
	0.0 0.0 0.0 0.0 0.0 0.0 0.0 0.0 0.0 0.0 0.0 0.0;
	0.0 0.0 0.0 0.0 0.0 0.0 0.0 0.0 0.0 0.0 0.0 0.0;
	0.0951 0.0972 0.1051 0.0 0.0 0.1251 0.0156 0.1784 0.0 0.0 0.0 0.0;
	3.2493 2.683 1.8448 2.5285 8.102 152.9944 19.1243 42.8333 33.8692 17.319 7.5544 31.3649;
	6.3857 4.4766 4.9584 10.0999 13.7679 354.7548 44.3444 59.7252 75.7864 118.2775 31.7921 214.2013;
	11.7934 8.5282 8.507 11.7583 14.112 386.4543 48.3068 63.2235 96.7557 250.9252 125.205 454.427;
	26.2595 17.0505 14.3474 12.0544 13.6274 424.5737 53.0717 69.654 231.7164 331.2801 168.3427 599.9503;
	26.7541 17.0197 14.3479 11.3428 12.0069 401.7766 50.2221 67.3546 206.7607 307.7447 169.3035 557.3274;
	26.0716 16.6522 13.7442 11.2056 10.4752 395.2775 49.4097 67.2754 211.917 289.2282 153.8572 523.7941;
	25.5149 16.6761 13.7631 5.8925 4.4091 369.3637 46.1705 68.9409 231.7796 190.6758 86.6774 345.315;
	23.5083 16.2223 13.7424 6.0711 4.5469 353.1714 44.1464 67.6646 240.2063 191.0834 86.1711 346.0532;
	20.5559 14.149 12.234 5.1011 4.5851 267.7775 33.4722 61.2706 225.1282 147.2081 83.9571 266.5947;
	7.7592 6.2859 5.4288 5.2177 3.7432 26.8215 3.3527 10.8262 51.3734 28.6129 16.4336 51.8182;
	0.9022 0.74 0.5601 1.4738 1.5168 36.1357 4.517 6.3705 24.9635 11.3284 7.7879 20.5159;
	0.0 0.0 0.0 0.0 0.0 0.0 0.0 0.0 0.0 0.0 0.0 0.0;
	0.0 0.0 0.0 0.0 0.0 0.0 0.0 0.0 0.0 0.0 0.0 0.0;
	0.0 0.0 0.0 0.0 0.0 0.0 0.0 0.0 0.0 0.0 0.0 0.0;
	0.0 0.0 0.0 0.0 0.0 0.0 0.0 0.0 0.0 0.0 0.0 0.0;
	0.0 0.0 0.0 0.0 0.0 0.0 0.0 0.0 0.0 0.0 0.0 0.0;
	0.0 0.0 0.0 0.0 0.0 0.0 0.0 0.0 0.0 0.0 0.0 0.0;
	0.0 0.0 0.0 0.0 0.0 0.0 0.0 0.0 0.0 0.0 0.0 0.0;
];
