function windprofile = ex_wind_profilesh1
%EX_WIND_PROFILE_D  Example wind_load_nyiso profile data for deterministic unit commitment.
% 2022.03.12
% Andres F. Ramirez


%% define constants
[GEN_BUS, PG, QG, QMAX, QMIN, VG, MBASE, GEN_STATUS, PMAX, PMIN, ...
    MU_PMAX, MU_PMIN, MU_QMAX, MU_QMIN, PC1, PC2, QC1MIN, QC1MAX, ...
    QC2MIN, QC2MAX, RAMP_AGC, RAMP_10, RAMP_30, RAMP_Q, APF] = idx_gen;
[CT_LABEL, CT_PROB, CT_TABLE, CT_TBUS, CT_TGEN, CT_TBRCH, CT_TAREABUS, ...
    CT_TAREAGEN, CT_TAREABRCH, CT_ROW, CT_COL, CT_CHGTYPE, CT_REP, ...
    CT_REL, CT_ADD, CT_NEWVAL, CT_TLOAD, CT_TAREALOAD, CT_LOAD_ALL_PQ, ...
    CT_LOAD_FIX_PQ, CT_LOAD_DIS_PQ, CT_LOAD_ALL_P, CT_LOAD_FIX_P, ...
    CT_LOAD_DIS_P, CT_TGENCOST, CT_TAREAGENCOST, CT_MODCOST_F, ...
    CT_MODCOST_X] = idx_ct;

windprofile = struct( ...
    'type', 'mpcData', ...
    'table', CT_TGEN, ...
    'rows', [1:45], ...
    'col', PMAX, ...
    'chgtype', 1, ...
    'values', [] );
windprofile.values(:,1,:) = [
	3.5262 47.6462 90.1531 117.5842 14.0562 11.9031 13.5634 17.9129 26.4649 22.4007 41.4074 61.7717 92.9969 4.1433 21.9643 8.2749 10.267 10.88 13.5633 25.869 4.5211 27.7738 56.5216 87.8121 102.1023 65.8857 7.9934 696.2382 394.2236 394.2236 211.998 35.2826 45.2111 66.5869 12.99 168.2021 525.7107 55.3912 290.1725 273.4883 16.1473 132.0445 117.5772 213.1638 531.1868;
	3.4957 47.2349 91.5496 117.2976 14.02 14.5786 11.6825 18.0963 26.2404 24.5597 45.3983 67.7254 101.9602 3.4188 15.1023 5.6897 7.0595 7.4809 12.2624 14.282 3.8942 34.0167 67.166 89.8982 104.3586 70.6904 7.5046 674.7387 346.1308 346.1308 155.971 29.4483 40.8747 36.7619 10.7183 147.6825 485.8698 47.5897 271.7167 279.532 13.5618 161.7252 107.5318 211.0267 490.9309;
	3.3924 45.8388 94.0733 119.6784 14.516 13.3326 12.005 18.3699 27.0804 25.526 47.1845 70.39 105.9717 6.2965 14.9051 5.6154 6.9673 7.3832 19.1708 23.329 4.0017 31.1095 69.4249 89.7747 102.9438 72.2088 8.5058 615.3778 335.3768 335.3768 140.5909 31.1244 63.9028 60.0488 19.7405 143.0941 401.3639 38.4998 232.9717 275.7423 34.9426 147.9035 95.5001 202.7066 405.5447;
	2.9851 40.3357 91.5315 112.4594 14.3208 11.6943 9.9597 17.9636 25.9385 24.1853 44.7061 66.6928 100.4056 9.2188 8.5133 3.2073 3.9795 4.2171 11.124 23.4206 3.3199 27.2866 69.1988 88.2907 102.5333 72.7579 9.9218 498.7144 244.846 244.846 137.6518 27.9591 37.0799 60.2848 28.9022 104.4676 295.6777 30.4531 170.0757 274.6429 4.5076 129.7282 80.2459 199.4573 298.7577;
	2.4148 32.6287 90.9233 115.8374 14.1848 12.2059 9.7681 18.5668 16.7668 22.3495 41.3127 61.6304 92.7842 14.1509 4.2534 1.6024 1.9882 2.1069 15.7657 24.2704 3.256 28.4804 59.3415 88.4519 104.8862 73.4836 10.4081 345.9339 194.4475 194.4475 130.651 29.0444 52.5522 62.4721 44.3651 82.9643 166.0193 35.5898 177.4171 280.9452 11.0666 135.4037 84.9766 199.4562 167.7487;
	2.937 39.6851 90.2308 113.3743 13.9191 18.9122 11.4393 18.5343 11.35 19.7496 36.5068 54.461 81.9908 28.402 11.4627 4.3185 5.3582 5.678 28.6222 26.789 3.8131 44.1284 63.0645 86.934 103.138 72.3635 9.1539 269.555 174.0244 174.0244 111.4555 23.4622 95.4072 68.955 89.0442 74.2504 138.5056 30.2793 210.2239 276.2626 11.2373 209.7989 86.1246 208.6748 139.9483;
	2.5741 34.7811 90.5817 115.6403 14.0509 19.9288 12.8139 17.9867 13.8216 25.8508 47.7848 71.2855 107.32 41.385 16.8621 6.3527 7.8821 8.3526 36.0214 34.005 4.2713 46.5006 69.545 85.9103 102.5702 71.5769 12.4431 255.6717 199.1072 199.1072 91.9777 17.1478 120.0715 87.5289 129.7475 84.9524 172.1397 25.1632 174.0185 274.7417 9.7607 221.0769 90.9555 225.2874 173.9328;
	1.8655 25.2077 70.231 115.8718 14.5423 18.8332 13.9128 18.012 18.8948 27.7148 51.2303 76.4256 115.0583 45.4696 28.2208 10.632 13.1916 13.9792 50.5988 56.9915 4.6376 43.9441 71.9156 84.1655 100.1648 72.1996 12.7724 157.2633 186.5562 186.5562 95.8546 10.8038 168.6627 146.6962 142.5534 79.5973 138.9907 77.4172 206.1219 268.2985 8.7693 208.9228 93.2863 214.5051 140.4386;
	2.8036 37.8824 85.0786 108.6657 14.8962 23.5153 13.6401 17.7069 22.2984 28.4252 52.5436 78.3847 118.0077 49.2097 22.8826 8.6209 10.6963 11.3349 61.1862 56.8785 4.5467 54.8691 71.0755 82.6958 97.1165 70.6199 11.7817 162.0505 150.3829 150.3829 89.1402 8.0826 203.9541 146.4055 154.279 64.1634 144.2175 43.2831 164.0263 260.1335 17.6703 260.8635 84.4287 238.0245 145.7198;
	1.9805 26.7613 85.5132 109.7894 13.4306 14.1379 16.1837 17.7805 27.4328 29.2821 54.1275 80.7475 121.565 48.1996 61.9609 23.3434 28.9631 30.6923 69.4777 52.9798 5.3946 32.9884 72.1233 82.3993 98.8121 70.8293 12.1 285.5988 241.4056 241.4056 108.3705 8.4954 231.5924 136.3701 151.1124 102.9997 262.5465 25.9795 453.7651 264.6751 3.6692 156.8362 84.0596 203.3062 265.2813;
	1.7009 22.9828 82.1638 106.5717 12.4459 24.4811 17.7701 17.3967 27.6545 27.6936 51.1912 76.3672 114.9703 51.9959 52.713 19.8593 24.6403 26.1113 66.3435 39.439 5.9234 57.1225 70.9974 81.8045 93.7977 72.7959 11.9411 423.3436 313.3078 313.3078 180.5937 11.9228 221.145 101.516 163.0141 133.678 367.0282 32.5894 196.13 251.2438 11.7759 271.5767 96.1913 179.7746 370.8515;
	1.781 24.0653 88.3385 95.1622 11.8854 29.6322 21.9159 17.9407 26.7499 27.2216 50.3187 75.0655 113.0108 53.4943 2.5785 0.9714 1.2053 1.2773 80.6125 49.2561 7.3053 69.1418 68.774 82.5245 95.1523 72.7827 12.2265 517.8072 377.1333 377.1333 294.3259 15.6585 268.7082 126.7853 167.7119 160.9102 470.7339 46.6139 214.42 254.8724 40.2666 328.7199 109.9495 186.6453 475.6374;
	3.1863 43.0534 91.4749 93.0367 14.269 31.3719 24.1147 17.5546 27.4189 28.1766 52.084 77.6991 116.9755 55.278 41.6553 15.6934 19.4714 20.6339 86.0765 61.4669 8.0382 73.201 66.6491 84.2418 100.0496 70.0907 11.0688 678.5119 454.0174 454.0174 335.9145 22.0429 286.9217 158.216 173.3039 193.7141 617.0857 57.4629 224.0909 267.9899 30.1558 348.0185 143.645 226.2049 623.5136;
	3.6404 49.1891 87.2711 105.9372 14.5788 29.9739 24.4761 18.0533 26.5306 27.0116 49.9306 74.4866 112.1392 53.0797 57.6481 21.7186 26.9472 28.5559 85.1184 50.8161 8.1587 69.9391 54.265 81.1182 96.0786 71.2532 11.4635 828.2808 588.8322 588.8322 435.2103 26.684 283.7281 130.8008 166.4119 251.2351 723.4971 76.1751 293.2392 257.3535 6.2177 332.5103 140.3228 254.8122 731.0335;
	3.8443 51.9456 90.7222 111.7889 15.1313 33.9933 28.2807 18.017 27.7906 25.0295 46.2666 69.0206 103.9102 62.6725 92.001 34.6609 43.0051 45.5726 83.732 53.8787 9.4269 79.3177 39.5165 84.7374 99.5671 69.8622 12.2463 1063.665 661.6102 661.6102 516.3105 32.3926 279.1065 138.6839 196.4867 282.287 929.2772 105.8258 442.2718 266.6977 4.2556 377.0989 163.3659 264.6862 938.9572;
	3.7744 50.9998 89.2937 111.6771 14.8387 33.9039 29.3696 17.1045 28.0225 13.2044 24.4081 36.412 54.8181 58.8802 121.0723 45.6133 56.5942 59.973 85.1108 63.3153 9.7899 79.109 36.7573 81.2287 97.5589 65.2 11.7422 1138.509 723.1359 723.1359 679.0478 48.5316 283.7026 162.9737 184.5975 308.538 1035.2475 151.7257 404.4551 261.3186 0.0 376.1067 171.721 262.1142 1046.0314;
	3.8492 52.0109 92.3842 116.8508 14.6059 34.0686 31.4815 18.5897 27.6578 17.2728 31.9285 47.6311 71.7083 62.9204 162.1729 61.0977 75.8064 80.3321 88.3907 68.5029 10.4938 79.4935 25.8762 82.7489 101.5483 72.4564 12.8413 1167.8238 751.1563 751.1563 712.8913 82.5328 294.6356 176.3266 197.2641 320.4933 1036.4603 204.523 432.9473 272.0044 0.0 377.9347 207.7093 277.8097 1047.2568;
	3.8474 51.9873 93.3694 115.7412 14.1128 33.276 30.2331 18.8068 27.3891 9.6918 17.9151 26.7258 40.2355 64.504 175.2972 66.0422 81.9412 86.8333 87.2567 69.2047 10.0777 77.644 33.1176 83.6691 103.4075 71.3166 13.2028 1228.4239 762.2946 762.2946 742.7405 95.3724 290.8558 178.133 202.2288 325.2457 1110.2564 231.1609 447.0461 276.9843 95.7854 369.142 192.7043 268.8705 1121.8216;
	3.9001 52.6989 89.4976 114.1536 14.0861 34.3841 31.0424 13.7046 26.4866 11.5954 21.434 31.9753 48.1386 65.8378 178.5168 67.2552 83.4462 88.4281 84.3037 67.411 10.3475 80.2296 33.3027 83.8047 102.7503 60.3864 12.5642 1309.999 771.5804 771.5804 732.9999 106.9584 281.0123 173.5161 206.4104 329.2076 1107.9646 236.0986 454.1519 275.224 112.0668 381.4346 207.0368 274.8146 1119.5059;
