function loadprofile = ex_load_profilesh1
%EX_LOAD_PROFILE  Example load profile data file for stochastic unit commitment.
% 2022.03.12
% Andres F. Ramirez

%% define constants
[CT_LABEL, CT_PROB, CT_TABLE, CT_TBUS, CT_TGEN, CT_TBRCH, CT_TAREABUS, ...
    CT_TAREAGEN, CT_TAREABRCH, CT_ROW, CT_COL, CT_CHGTYPE, CT_REP, ...
    CT_REL, CT_ADD, CT_NEWVAL, CT_TLOAD, CT_TAREALOAD, CT_LOAD_ALL_PQ, ...
    CT_LOAD_FIX_PQ, CT_LOAD_DIS_PQ, CT_LOAD_ALL_P, CT_LOAD_FIX_P, ...
    CT_LOAD_DIS_P, CT_TGENCOST, CT_TAREAGENCOST, CT_MODCOST_F, ...
    CT_MODCOST_X] = idx_ct;

loadprofile = struct( ...
    'type', 'mpcData', ...
    'table', CT_TAREALOAD, ...
    'rows', [1:11], ...
    'col', CT_LOAD_ALL_P, ...
    'chgtype', 1, ...
    'values', [] );
loadprofile.values(:,1,:) = [
	1404.8785 918.5 1572.4 591.6378 781.7 1060.1029 787.2826 244.3 523.1714 4345.4998 1674.6371;
	1422.5905 901.9202 1559.1042 589.3 782.6 1043.0134 786.7456 228.4 503.1076 4325.7718 1669.2166;
	1422.4577 925.0746 1578.1 598.5168 794.3132 1091.2141 818.2773 240.0 518.5382 4358.9988 1704.3241;
	1509.0899 976.5208 1687.8257 604.6777 854.9218 1153.6566 872.39 262.8 549.5137 4625.829 1826.5071;
	1669.2685 1116.9 1890.9027 625.4897 966.0928 1322.0435 976.2366 311.0996 626.6918 5117.5792 2033.603;
	1774.6914 1208.0 2024.963 638.4007 1034.584 1407.1674 1049.9409 331.2683 676.4781 5636.6218 2178.5166;
	1789.1847 1200.1198 2005.054 606.917 1015.8369 1407.3954 1076.2059 330.6 690.6 5909.5753 2228.016;
	1771.9974 1203.1799 1996.327 608.6486 1001.4276 1424.745 1052.261 330.2 689.0179 6118.023 2154.1404;
	1766.8192 1214.9653 1985.7036 613.4 961.0151 1358.8206 1054.1263 307.9659 687.0454 6165.2 2130.0441;
	1815.1168 1234.4158 1989.0 602.6007 999.3582 1343.4 1026.4601 310.125 675.2 6082.1456 2057.1238;
	1783.8442 1206.2831 1944.2722 590.4673 948.1413 1310.9742 988.7362 300.5288 651.3964 6037.6263 1912.8854;
	1723.9083 1164.7038 1851.7842 568.8 924.971 1257.5368 946.7998 292.1568 631.6108 5826.1678 1864.8569;
	1717.6848 1159.5819 1814.6812 561.9 897.2254 1252.9223 957.5006 287.1744 615.2348 5665.6569 1875.7236;
	1674.0781 1130.4287 1759.9185 572.6 891.993 1252.6451 894.7725 279.7 543.4368 5434.0392 1858.4202;
	1653.4134 1131.455 1711.4826 574.5357 890.9065 1279.9301 969.8244 244.9665 597.711 5163.3384 1982.1072;
	1645.8423 1141.4 1744.9019 579.5869 901.8587 1323.5227 946.8502 275.1531 574.1217 5462.7353 2115.7446;
	1667.1 1177.2011 1846.4776 584.1255 929.4642 1370.2139 1028.0052 288.3737 615.961 5678.4079 2233.0601;
	1736.0307 1229.6018 1944.7528 579.5 964.2041 1440.0751 1106.6 322.8145 679.2395 5857.8399 2383.8434;
	1798.5849 1234.3458 1969.4878 592.1 951.8043 1430.8807 1124.0 327.7494 680.5028 5677.1171 2362.4589;
	1744.4163 1168.0 1868.2259 567.3915 864.6582 1366.8187 1050.536 302.3 645.3 5467.6273 2265.707;
	1627.3739 1086.6878 1786.6112 558.2597 832.1684 1262.4252 976.5415 276.9774 604.0882 5377.9899 2113.1436;
	1511.9478 999.2091 1694.747 554.1343 792.8283 1176.1521 908.2506 253.8646 561.9432 4999.6833 1942.7555;
	1420.1911 932.3958 1563.5 553.2164 818.0 1146.8177 842.8 241.2461 521.3402 4742.5647 1798.9;
	1434.5155 899.6026 1535.6704 553.5863 775.1271 1125.7268 819.4274 225.4 504.6864 4512.8573 1712.787;
];
