function solarprofile = ex_solar_profilesh1
%EX_WIND_PROFILE_D  Example wind_load_nyiso profile data for deterministic unit commitment.
% 2022.03.12
% Andres F. Ramirez


%% define constants
[GEN_BUS, PG, QG, QMAX, QMIN, VG, MBASE, GEN_STATUS, PMAX, PMIN, ...
    MU_PMAX, MU_PMIN, MU_QMAX, MU_QMIN, PC1, PC2, QC1MIN, QC1MAX, ...
    QC2MIN, QC2MAX, RAMP_AGC, RAMP_10, RAMP_30, RAMP_Q, APF] = idx_gen;
[CT_LABEL, CT_PROB, CT_TABLE, CT_TBUS, CT_TGEN, CT_TBRCH, CT_TAREABUS, ...
    CT_TAREAGEN, CT_TAREABRCH, CT_ROW, CT_COL, CT_CHGTYPE, CT_REP, ...
    CT_REL, CT_ADD, CT_NEWVAL, CT_TLOAD, CT_TAREALOAD, CT_LOAD_ALL_PQ, ...
    CT_LOAD_FIX_PQ, CT_LOAD_DIS_PQ, CT_LOAD_ALL_P, CT_LOAD_FIX_P, ...
    CT_LOAD_DIS_P, CT_TGENCOST, CT_TAREAGENCOST, CT_MODCOST_F, ...
    CT_MODCOST_X] = idx_ct;

solarprofile = struct( ...
    'type', 'mpcData', ...
    'table', CT_TGEN, ...
    'rows', [1:12], ...
    'col', PMAX, ...
    'chgtype', 1, ...
    'values', [] );
solarprofile.values(:,1,:) = [
	0.0 0.0 0.0 0.0 0.0 0.0 0.0 0.0 0.0 0.0 0.0 0.0;
	0.0 0.0 0.0 0.0 0.0 0.0 0.0 0.0 0.0 0.0 0.0 0.0;
	0.0 0.0 0.0 0.0 0.0 0.0 0.0 0.0 0.0 0.0 0.0 0.0;
	0.0 0.0 0.0 0.0 0.0 0.0 0.0 0.0 0.0 0.0 0.0 0.0;
	0.0 0.0 0.0 0.0 0.0 0.0 0.0 0.0 0.0 0.0 0.0 0.0;
	0.0951 0.0972 0.1051 0.0 0.0 0.1251 0.0156 0.1784 0.1115 0.0 0.0 0.0;
	3.3273 2.4596 1.7015 2.7106 4.4424 13.3743 1.6718 0.0 47.3213 65.7442 19.0429 119.0631;
	5.8105 4.4971 1.5583 3.4887 6.1679 0.0 0.0 0.0 11.1337 116.6033 37.2314 211.1693;
	5.8562 5.3679 1.0178 4.6477 8.0513 0.0 0.0 0.9725 7.1324 186.6311 109.018 337.99;
	7.037 13.4287 5.7344 10.42 10.1639 170.8581 21.3573 36.1709 113.3108 259.802 169.2721 470.503;
	17.1195 16.0537 13.2511 11.1561 10.873 263.9442 32.993 36.5843 202.258 284.1491 179.0072 514.5958;
	23.3303 16.1716 13.4595 11.1786 9.6617 299.9591 37.4949 35.9383 226.3068 234.1216 168.592 423.9957;
	24.6766 16.6753 14.0631 3.2646 1.0166 330.3876 41.2985 52.1909 217.0318 62.7702 60.2336 113.6773;
	21.0443 16.08 13.858 2.7094 0.7417 332.5942 41.5743 61.0922 185.5168 41.0091 61.1205 74.2677;
	14.7742 12.5258 10.7715 2.5649 1.312 285.8932 35.7366 61.5562 144.7903 60.539 74.1825 109.6366;
	6.7394 6.9995 5.1021 2.5876 4.8481 58.4554 7.3069 40.354 30.4192 36.1853 18.4366 65.5319;
	1.3667 1.2726 0.8682 0.7883 1.9133 33.2609 4.1576 10.702 25.412 12.7216 6.2675 23.0388;
	0.0 0.0 0.0 0.0 0.0 0.0 0.0 0.0 0.0 0.0 0.0 0.0;
	0.0 0.0 0.0 0.0 0.0 0.0 0.0 0.0 0.0 0.0 0.0 0.0;
	0.0 0.0 0.0 0.0 0.0 0.0 0.0 0.0 0.0 0.0 0.0 0.0;
	0.0 0.0 0.0 0.0 0.0 0.0 0.0 0.0 0.0 0.0 0.0 0.0;
	0.0 0.0 0.0 0.0 0.0 0.0 0.0 0.0 0.0 0.0 0.0 0.0;
	0.0 0.0 0.0 0.0 0.0 0.0 0.0 0.0 0.0 0.0 0.0 0.0;
	0.0 0.0 0.0 0.0 0.0 0.0 0.0 0.0 0.0 0.0 0.0 0.0;
];
