function loadprofile = ex_load_profilesh1
%EX_LOAD_PROFILE  Example load profile data file for stochastic unit commitment.
% 2022.03.12
% Andres F. Ramirez

%% define constants
[CT_LABEL, CT_PROB, CT_TABLE, CT_TBUS, CT_TGEN, CT_TBRCH, CT_TAREABUS, ...
    CT_TAREAGEN, CT_TAREABRCH, CT_ROW, CT_COL, CT_CHGTYPE, CT_REP, ...
    CT_REL, CT_ADD, CT_NEWVAL, CT_TLOAD, CT_TAREALOAD, CT_LOAD_ALL_PQ, ...
    CT_LOAD_FIX_PQ, CT_LOAD_DIS_PQ, CT_LOAD_ALL_P, CT_LOAD_FIX_P, ...
    CT_LOAD_DIS_P, CT_TGENCOST, CT_TAREAGENCOST, CT_MODCOST_F, ...
    CT_MODCOST_X] = idx_ct;

loadprofile = struct( ...
    'type', 'mpcData', ...
    'table', CT_TAREALOAD, ...
    'rows', [1:11], ...
    'col', CT_LOAD_ALL_P, ...
    'chgtype', 1, ...
    'values', [] );
loadprofile.values(:,1,:) = [
	1520.9 964.6524 1571.4 527.8246 824.7281 1211.5826 881.5535 275.8624 500.3106 4652.0072 1716.1;
	1517.2079 975.8983 1590.6399 538.7677 811.8858 1216.1052 874.6266 265.8478 492.2604 4598.3624 1701.4197;
	1538.3156 981.5567 1629.1612 540.3175 828.1 1250.7007 911.7213 289.6114 521.2168 4656.6977 1726.7245;
	1592.6135 1062.6952 1749.1551 553.5211 903.5058 1305.467 946.5396 303.0414 554.2379 4836.9069 1840.4772;
	1757.5781 1180.5412 1956.1 572.7431 1039.143 1421.7871 1065.862 363.7264 641.1025 5430.8398 2118.9713;
	1874.6794 1260.8643 2090.2 594.2 1110.9924 1520.6079 1121.3231 388.772 705.829 5920.1593 2226.0926;
	1908.2234 1274.2942 2074.6321 569.4 1103.5918 1510.269 1132.3096 384.0856 737.7997 6159.0069 2264.7334;
	1936.3258 1275.2186 2075.3519 545.926 1086.8686 1508.2713 1136.8117 369.0024 738.6549 6360.9171 2293.538;
	1936.1998 1297.7371 2046.1479 539.6966 1064.7657 1499.0022 1155.901 378.3 742.5107 6693.8916 2331.2274;
	1955.307 1303.6163 1989.1272 531.0591 1033.1181 1461.7 1132.0489 367.0 714.6126 6546.3958 2251.2446;
	1887.6518 1231.1023 1944.1842 533.84 1006.1394 1375.5483 1105.9206 357.7728 702.5709 6550.1107 2191.8;
	1876.8015 1238.0606 1916.4567 535.9025 1007.2299 1443.0826 1126.9185 348.6114 706.4966 6612.1216 2225.7606;
	1832.4166 1238.9152 1935.208 528.7245 1002.5321 1380.4926 1066.3191 334.3604 669.5562 6366.2 2194.1868;
	1887.5642 1236.6781 1933.8278 523.3798 1009.5583 1357.7833 1083.4621 357.1277 677.6434 6808.7286 2278.6209;
	1880.0617 1325.1124 1989.8586 536.9575 1020.0347 1372.0099 1125.7 365.7367 704.9379 6956.2906 2442.4593;
	1826.4811 1321.6905 2035.8112 531.7935 995.4775 1381.9212 1160.2332 376.8747 719.1956 7080.4716 2402.7655;
	1832.9389 1336.1044 2059.5692 538.5 997.0584 1424.9201 1271.7041 388.8178 747.9964 6963.1077 2495.0698;
	1812.5697 1323.9855 2100.0961 551.0048 1035.3055 1471.3903 1301.3701 412.9411 809.4389 6950.3506 2686.4464;
	1866.0503 1340.8402 2056.9495 554.7784 1006.7 1456.0609 1228.1847 382.1211 800.4437 6450.7735 2483.7586;
	1774.9876 1230.5709 1932.6002 534.3509 946.16 1369.7563 1137.6295 352.3373 747.452 6173.3237 2392.5118;
	1704.5962 1130.2648 1786.5653 511.3553 867.9507 1282.7029 1058.9117 308.5874 703.1067 5872.4447 2206.141;
	1557.5546 1038.6803 1696.2475 488.9531 816.2587 1200.8418 964.5818 291.6124 637.6 5416.2962 1994.8295;
	1468.8236 930.3 1589.2 439.5271 777.5 1173.5691 883.8369 255.3 588.2971 4809.6544 1807.5758;
	1424.8954 910.7 1590.4 475.6236 781.6052 1188.5979 874.5402 239.3268 578.9588 4622.118 1766.1021;
];
