function loadprofile = ex_load_profilesh1
%EX_LOAD_PROFILE  Example load profile data file for stochastic unit commitment.
% 2022.03.12
% Andres F. Ramirez

%% define constants
[CT_LABEL, CT_PROB, CT_TABLE, CT_TBUS, CT_TGEN, CT_TBRCH, CT_TAREABUS, ...
    CT_TAREAGEN, CT_TAREABRCH, CT_ROW, CT_COL, CT_CHGTYPE, CT_REP, ...
    CT_REL, CT_ADD, CT_NEWVAL, CT_TLOAD, CT_TAREALOAD, CT_LOAD_ALL_PQ, ...
    CT_LOAD_FIX_PQ, CT_LOAD_DIS_PQ, CT_LOAD_ALL_P, CT_LOAD_FIX_P, ...
    CT_LOAD_DIS_P, CT_TGENCOST, CT_TAREAGENCOST, CT_MODCOST_F, ...
    CT_MODCOST_X] = idx_ct;

loadprofile = struct( ...
    'type', 'mpcData', ...
    'table', CT_TAREALOAD, ...
    'rows', [1:11], ...
    'col', CT_LOAD_ALL_P, ...
    'chgtype', 1, ...
    'values', [] );
loadprofile.values(:,1,:) = [
	1536.7168 921.4286 1521.1857 585.8256 778.7 1189.2136 895.5 267.0313 509.9258 4490.8961 1718.5;
	1545.8736 918.9303 1549.3916 585.5938 779.2527 1218.5024 897.5387 270.5576 515.0914 4473.2077 1730.858;
	1547.7344 941.077 1602.2138 596.7071 826.0 1250.0312 924.7187 298.9091 537.1802 4525.1997 1790.1952;
	1638.742 1006.568 1714.3231 603.0865 894.4714 1328.1754 974.5227 324.4098 552.4327 4756.8906 1893.1965;
	1802.0489 1139.7 1892.203 622.9648 996.9329 1468.058 1074.1241 349.3009 635.1859 5265.1208 2139.5045;
	1905.4174 1230.1 2004.0 621.4 1054.4512 1528.3211 1134.2801 365.8404 698.5202 5778.358 2225.9123;
	1925.93 1259.3594 2003.5226 604.1831 1033.3721 1529.7 1124.2231 370.6481 706.7594 6000.2904 2270.2447;
	1889.9723 1252.3131 1981.017 604.8566 1039.1828 1511.7493 1151.7883 359.7 709.4 6223.7061 2239.8657;
	1838.6498 1212.2 1890.0808 573.3006 988.9243 1409.9998 1095.9788 345.0258 669.2231 6145.1624 2087.148;
	1828.854 1226.3551 1884.8 575.9 930.579 1343.4 1069.4128 323.7753 650.8665 6197.1442 2088.5339;
	1819.5761 1203.893 1875.4408 563.9 944.4045 1359.7162 1055.1866 320.3 653.8947 6154.547 1941.6385;
	1844.5071 1211.8742 1893.2709 540.9467 965.9 1357.7786 1060.7 342.2603 657.6793 6187.7491 2000.4954;
	1818.8105 1219.1434 1894.2122 548.4768 973.9116 1359.9271 1039.5701 351.8154 632.5657 6182.9103 2019.9963;
	1791.5884 1192.2362 1885.6903 554.0 986.9165 1398.0951 979.1891 318.9 583.2487 6052.544 1993.9141;
	1826.2285 1223.3106 1897.6924 559.8479 983.8576 1399.455 984.7499 321.3 563.9937 6103.544 2031.9275;
	1794.4558 1208.5 1917.8274 572.499 1002.4105 1408.2414 1022.2763 341.6118 630.6429 6191.6443 2138.4928;
	1785.5755 1218.4932 1843.5183 582.1723 990.6012 1403.226 1012.8837 338.3 631.8474 6049.0141 2193.9843;
	1796.8 1230.187 1874.5124 582.5616 1041.2842 1468.5 1058.8607 341.9524 651.4645 6079.3919 2265.3153;
	1782.2198 1214.7254 1896.8034 572.5387 1057.6508 1482.0 1073.9559 318.5737 651.6708 5934.2632 2232.9619;
	1734.638 1147.8 1811.7802 567.0962 986.5917 1417.9817 1039.9154 315.4 616.6232 5638.6461 2169.1727;
	1626.0722 1047.8176 1656.248 532.2064 919.7667 1318.6116 969.3918 302.4012 578.608 5381.6407 2070.6076;
	1508.403 957.7397 1551.9114 535.6546 852.7432 1205.4 877.3268 269.7 533.6143 5005.4497 1836.2142;
	1501.7825 920.3 1526.9176 533.8521 817.0129 1161.1307 854.3489 240.4 451.0269 4678.51 1758.836;
	1484.2998 896.557 1537.3005 532.1 811.6235 1169.4645 836.8 227.8 462.1138 4506.7449 1677.8244;
];
