function solarprofile = ex_solar_profilesh1
%EX_WIND_PROFILE_D  Example wind_load_nyiso profile data for deterministic unit commitment.
% 2022.03.12
% Andres F. Ramirez


%% define constants
[GEN_BUS, PG, QG, QMAX, QMIN, VG, MBASE, GEN_STATUS, PMAX, PMIN, ...
    MU_PMAX, MU_PMIN, MU_QMAX, MU_QMIN, PC1, PC2, QC1MIN, QC1MAX, ...
    QC2MIN, QC2MAX, RAMP_AGC, RAMP_10, RAMP_30, RAMP_Q, APF] = idx_gen;
[CT_LABEL, CT_PROB, CT_TABLE, CT_TBUS, CT_TGEN, CT_TBRCH, CT_TAREABUS, ...
    CT_TAREAGEN, CT_TAREABRCH, CT_ROW, CT_COL, CT_CHGTYPE, CT_REP, ...
    CT_REL, CT_ADD, CT_NEWVAL, CT_TLOAD, CT_TAREALOAD, CT_LOAD_ALL_PQ, ...
    CT_LOAD_FIX_PQ, CT_LOAD_DIS_PQ, CT_LOAD_ALL_P, CT_LOAD_FIX_P, ...
    CT_LOAD_DIS_P, CT_TGENCOST, CT_TAREAGENCOST, CT_MODCOST_F, ...
    CT_MODCOST_X] = idx_ct;

solarprofile = struct( ...
    'type', 'mpcData', ...
    'table', CT_TGEN, ...
    'rows', [1:12], ...
    'col', PMAX, ...
    'chgtype', 1, ...
    'values', [] );
solarprofile.values(:,1,:) = [
	0.0 0.0 0.0 0.0 0.0 0.0 0.0 0.0 0.0 0.0 0.0 0.0;
	0.0 0.0 0.0 0.0 0.0 0.0 0.0 0.0 0.0 0.0 0.0 0.0;
	0.0 0.0 0.0 0.0 0.0 0.0 0.0 0.0 0.0 0.0 0.0 0.0;
	0.0 0.0 0.0 0.0 0.0 0.0 0.0 0.0 0.0 0.0 0.0 0.0;
	0.0 0.0 0.0 0.0 0.0 0.0 0.0 0.0 0.0 0.0 0.0 0.0;
	0.0951 0.0972 0.1068 0.0 0.0 0.1251 0.0156 0.5803 0.0 0.0 0.0 0.0;
	3.1228 2.2131 2.1582 0.0 0.3051 0.0 0.0 18.694 16.3121 25.8509 0.0 46.8161;
	4.4185 4.5137 4.5387 1.4863 5.5767 15.5933 1.9492 13.3804 41.6196 56.9905 14.3536 103.2102;
	5.7664 6.5044 5.498 5.3742 10.0371 46.2665 5.7833 15.9291 66.9029 178.7801 78.4387 323.7718;
	15.2671 13.7817 11.8037 10.7542 9.2204 308.4972 38.5622 60.1508 184.6475 320.7162 146.5924 580.8189;
	23.3008 16.0537 13.2548 11.1561 9.3324 321.0243 40.128 62.3443 180.4816 333.033 167.2175 603.1247;
	24.0723 16.0751 13.4884 11.2056 9.4218 326.0104 40.7513 61.7612 189.3494 318.6764 168.5399 577.1249;
	21.7242 15.8043 13.6691 4.0025 2.3923 223.3129 27.9141 44.5186 112.3702 239.4934 79.0699 433.724;
	10.5625 7.4452 8.1512 3.2217 1.8982 171.4559 21.432 27.6656 61.9963 202.7434 54.6147 367.1695;
	3.5459 3.6766 3.7569 2.6739 1.3368 115.1396 14.3924 16.5381 54.3822 157.2168 37.6693 284.7207;
	3.1031 4.6352 3.3832 2.0413 1.415 26.8526 3.3566 4.0967 7.1797 37.4639 1.3629 67.8474;
	1.12 1.2763 0.9953 0.7428 1.5994 42.6897 5.3362 6.4018 23.982 12.7168 2.3728 23.0302;
	0.0 0.0 0.0 0.0 0.0 0.0 0.0 0.0 0.0 0.0 0.0 0.0;
	0.0 0.0 0.0 0.0 0.0 0.0 0.0 0.0 0.0 0.0 0.0 0.0;
	0.0 0.0 0.0 0.0 0.0 0.0 0.0 0.0 0.0 0.0 0.0 0.0;
	0.0 0.0 0.0 0.0 0.0 0.0 0.0 0.0 0.0 0.0 0.0 0.0;
	0.0 0.0 0.0 0.0 0.0 0.0 0.0 0.0 0.0 0.0 0.0 0.0;
	0.0 0.0 0.0 0.0 0.0 0.0 0.0 0.0 0.0 0.0 0.0 0.0;
	0.0 0.0 0.0 0.0 0.0 0.0 0.0 0.0 0.0 0.0 0.0 0.0;
];
