function loadprofile = ex_load_profilesh1
%EX_LOAD_PROFILE  Example load profile data file for stochastic unit commitment.
% 2022.03.12
% Andres F. Ramirez

%% define constants
[CT_LABEL, CT_PROB, CT_TABLE, CT_TBUS, CT_TGEN, CT_TBRCH, CT_TAREABUS, ...
    CT_TAREAGEN, CT_TAREABRCH, CT_ROW, CT_COL, CT_CHGTYPE, CT_REP, ...
    CT_REL, CT_ADD, CT_NEWVAL, CT_TLOAD, CT_TAREALOAD, CT_LOAD_ALL_PQ, ...
    CT_LOAD_FIX_PQ, CT_LOAD_DIS_PQ, CT_LOAD_ALL_P, CT_LOAD_FIX_P, ...
    CT_LOAD_DIS_P, CT_TGENCOST, CT_TAREAGENCOST, CT_MODCOST_F, ...
    CT_MODCOST_X] = idx_ct;

loadprofile = struct( ...
    'type', 'mpcData', ...
    'table', CT_TAREALOAD, ...
    'rows', [1:11], ...
    'col', CT_LOAD_ALL_P, ...
    'chgtype', 1, ...
    'values', [] );
loadprofile.values(:,1,:) = [
	1449.9 927.8847 1615.2812 568.5 864.7884 1124.1622 852.8 204.6747 514.3022 4368.3361 1738.8765;
	1435.3713 941.6 1628.6241 565.0341 863.1947 1133.638 851.2381 200.4217 509.0 4387.0455 1728.1695;
	1438.9 951.4809 1639.8139 568.0 850.2475 1147.2 859.0263 206.0404 508.3 4403.6138 1750.1346;
	1537.2644 1025.5 1730.5991 584.4876 888.8764 1186.9213 898.2602 217.4424 533.4155 4641.9738 1825.0956;
	1703.6445 1164.0987 1931.8762 598.9109 994.7756 1335.3331 991.0412 245.7434 631.0 5160.6599 2065.8;
	1851.2 1264.5758 2057.829 614.5686 1040.0 1460.3724 1064.8311 248.573 690.7 5677.0031 2218.6715;
	1826.7 1272.0003 2034.4383 612.6 1056.6313 1445.0754 1109.3 293.1633 708.8226 6085.3375 2252.7;
	1840.7921 1228.8 2032.2025 606.3817 1061.466 1446.7 1136.899 281.8114 702.2452 6243.3259 2250.1993;
	1835.1 1251.0884 2020.2957 598.0144 1012.0508 1415.6319 1120.4117 247.6558 700.3 6308.5951 2228.9339;
	1810.6658 1215.5196 1980.6447 577.7168 992.3151 1372.7301 1107.9788 241.5183 677.1 6216.8667 2191.5;
	1764.1543 1163.3785 1864.086 580.4 896.2661 1273.9743 1043.2306 221.2486 664.4912 6085.4377 2139.0777;
	1740.6535 1157.2001 1876.7384 573.3043 900.7553 1313.1335 1031.9481 225.0929 657.5824 6120.9366 2077.9447;
	1701.7008 1138.0774 1845.1742 558.8864 887.9675 1296.7907 1008.8105 249.7508 634.8 6069.1302 2074.859;
	1676.5749 1120.5378 1776.3 561.1424 860.9832 1265.7379 993.7365 241.8552 643.281 5971.2114 2020.1129;
	1701.6244 1139.7 1865.5 562.7465 865.8153 1345.0 1057.2015 259.3732 649.3818 6024.2996 2095.7423;
	1730.8464 1157.4838 1867.3197 568.3 907.9245 1413.7994 1070.1141 297.0973 647.1872 6113.6602 2220.0081;
	1690.5843 1157.774 1913.9694 582.6 974.4056 1449.1641 1088.1641 318.5959 654.0058 6016.7253 2271.5885;
	1748.5316 1198.2 1926.5196 590.1337 969.7041 1484.2 1131.3322 323.2 687.9221 6158.179 2430.51;
	1778.9792 1201.9457 1960.0569 594.9434 1027.7416 1495.0594 1131.6952 335.0612 689.4593 6040.6162 2435.9572;
	1748.5357 1135.4874 1884.536 574.1696 977.2054 1444.9864 1076.3781 312.0717 633.3961 5800.9013 2338.3348;
	1681.8418 1047.0122 1749.7781 566.4678 881.0113 1319.9 993.0354 275.4633 604.2923 5520.1132 2169.4;
	1540.7713 952.1053 1637.8625 547.4 811.7105 1201.7952 895.7 257.143 537.5195 5038.9591 1967.5347;
	1456.7607 879.5195 1565.3414 531.5 722.7815 1113.0 838.5515 234.2599 494.308 4604.0499 1735.0469;
	1480.2011 854.6709 1545.8736 544.6615 748.5478 1115.5041 805.4752 212.2861 466.937 4424.4625 1637.7106;
];
