function solarprofile = ex_solar_profilesh1
%EX_WIND_PROFILE_D  Example wind_load_nyiso profile data for deterministic unit commitment.
% 2022.03.12
% Andres F. Ramirez


%% define constants
[GEN_BUS, PG, QG, QMAX, QMIN, VG, MBASE, GEN_STATUS, PMAX, PMIN, ...
    MU_PMAX, MU_PMIN, MU_QMAX, MU_QMIN, PC1, PC2, QC1MIN, QC1MAX, ...
    QC2MIN, QC2MAX, RAMP_AGC, RAMP_10, RAMP_30, RAMP_Q, APF] = idx_gen;
[CT_LABEL, CT_PROB, CT_TABLE, CT_TBUS, CT_TGEN, CT_TBRCH, CT_TAREABUS, ...
    CT_TAREAGEN, CT_TAREABRCH, CT_ROW, CT_COL, CT_CHGTYPE, CT_REP, ...
    CT_REL, CT_ADD, CT_NEWVAL, CT_TLOAD, CT_TAREALOAD, CT_LOAD_ALL_PQ, ...
    CT_LOAD_FIX_PQ, CT_LOAD_DIS_PQ, CT_LOAD_ALL_P, CT_LOAD_FIX_P, ...
    CT_LOAD_DIS_P, CT_TGENCOST, CT_TAREAGENCOST, CT_MODCOST_F, ...
    CT_MODCOST_X] = idx_ct;

solarprofile = struct( ...
    'type', 'mpcData', ...
    'table', CT_TGEN, ...
    'rows', [1:12], ...
    'col', PMAX, ...
    'chgtype', 1, ...
    'values', [] );
solarprofile.values(:,1,:) = [
	0.0 0.0 0.0 0.0 0.0 0.0 0.0 0.0 0.0 0.0 0.0 0.0;
	0.0 0.0 0.0 0.0 0.0 0.0 0.0 0.0 0.0 0.0 0.0 0.0;
	0.0 0.0 0.0 0.0 0.0 0.0 0.0 0.0 0.0 0.0 0.0 0.0;
	0.0 0.0 0.0 0.0 0.0 0.0 0.0 0.0 0.0 0.0 0.0 0.0;
	0.0 0.0 0.0 0.0 0.0 0.0 0.0 0.0 0.0 0.0 0.0 0.0;
	0.0951 0.0972 0.1051 0.0 0.0 0.1251 0.0156 0.1784 0.4063 0.0 0.0 0.0;
	0.6562 0.427 0.6444 1.5743 4.4579 23.6036 2.9505 19.8427 24.283 12.6806 10.4253 22.9647;
	8.2401 6.2739 5.4899 5.0059 10.9933 95.7538 11.9692 45.9758 43.0301 19.9813 23.002 36.1863;
	18.1142 12.0843 9.9153 7.9089 12.4614 132.8736 16.6092 47.8928 55.9217 71.8963 43.3128 130.2046;
	21.9842 15.764 13.2086 9.8861 12.4779 262.497 32.8121 57.7142 134.6277 181.7682 96.1504 329.1834;
	23.6155 16.0537 13.2707 11.1312 12.1434 162.522 20.3153 49.4683 58.9546 274.2236 163.0078 496.6206;
	24.1621 16.395 13.4396 11.2056 11.4111 133.867 16.7334 52.8814 57.9637 292.085 174.3019 528.9678;
	24.5811 16.7219 13.7384 6.2498 4.5105 62.8178 7.8522 60.1466 80.1599 239.5134 151.8016 433.7601;
	20.666 15.9321 11.7828 4.9143 3.3039 64.4508 8.0564 60.4032 109.8662 188.7771 106.0156 341.8765;
	12.2529 9.5709 5.6808 2.9746 2.5902 65.0487 8.1311 50.8888 96.5665 75.9608 62.6588 137.5655;
	3.5221 3.0964 2.719 2.3289 1.9061 1.3539 0.1692 3.4032 21.88 0.0 8.6867 0.0;
	1.3431 1.2637 1.066 1.4847 1.3929 36.0498 4.5062 6.3123 28.5466 5.9641 7.5046 10.801;
	0.0 0.0 0.0 0.0 0.0 0.0 0.0 0.0 0.0 0.0 0.0 0.0;
	0.0 0.0 0.0 0.0 0.0 0.0 0.0 0.0 0.0 0.0 0.0 0.0;
	0.0 0.0 0.0 0.0 0.0 0.0 0.0 0.0 0.0 0.0 0.0 0.0;
	0.0 0.0 0.0 0.0 0.0 0.0 0.0 0.0 0.0 0.0 0.0 0.0;
	0.0 0.0 0.0 0.0 0.0 0.0 0.0 0.0 0.0 0.0 0.0 0.0;
	0.0 0.0 0.0 0.0 0.0 0.0 0.0 0.0 0.0 0.0 0.0 0.0;
	0.0 0.0 0.0 0.0 0.0 0.0 0.0 0.0 0.0 0.0 0.0 0.0;
];
