function solarprofile = ex_solar_profilesh1
%EX_WIND_PROFILE_D  Example wind_load_nyiso profile data for deterministic unit commitment.
% 2022.03.12
% Andres F. Ramirez


%% define constants
[GEN_BUS, PG, QG, QMAX, QMIN, VG, MBASE, GEN_STATUS, PMAX, PMIN, ...
    MU_PMAX, MU_PMIN, MU_QMAX, MU_QMIN, PC1, PC2, QC1MIN, QC1MAX, ...
    QC2MIN, QC2MAX, RAMP_AGC, RAMP_10, RAMP_30, RAMP_Q, APF] = idx_gen;
[CT_LABEL, CT_PROB, CT_TABLE, CT_TBUS, CT_TGEN, CT_TBRCH, CT_TAREABUS, ...
    CT_TAREAGEN, CT_TAREABRCH, CT_ROW, CT_COL, CT_CHGTYPE, CT_REP, ...
    CT_REL, CT_ADD, CT_NEWVAL, CT_TLOAD, CT_TAREALOAD, CT_LOAD_ALL_PQ, ...
    CT_LOAD_FIX_PQ, CT_LOAD_DIS_PQ, CT_LOAD_ALL_P, CT_LOAD_FIX_P, ...
    CT_LOAD_DIS_P, CT_TGENCOST, CT_TAREAGENCOST, CT_MODCOST_F, ...
    CT_MODCOST_X] = idx_ct;

solarprofile = struct( ...
    'type', 'mpcData', ...
    'table', CT_TGEN, ...
    'rows', [1:12], ...
    'col', PMAX, ...
    'chgtype', 1, ...
    'values', [] );
solarprofile.values(:,1,:) = [
	0.0 0.0 0.0 0.0 0.0 0.0 0.0 0.0 0.0 0.0 0.0 0.0;
	0.0 0.0 0.0 0.0 0.0 0.0 0.0 0.0 0.0 0.0 0.0 0.0;
	0.0 0.0 0.0 0.0 0.0 0.0 0.0 0.0 0.0 0.0 0.0 0.0;
	0.0 0.0 0.0 0.0 0.0 0.0 0.0 0.0 0.0 0.0 0.0 0.0;
	0.0 0.0 0.0 0.0 0.0 0.0 0.0 0.0 0.0 0.0 0.0 0.0;
	0.0951 0.0972 0.1051 0.0 0.0 0.1251 0.0156 0.1784 0.0 0.0 0.0 0.0;
	2.2455 1.7918 0.7406 2.7707 0.3907 7.4623 0.9328 7.8202 16.3614 16.8169 22.361 30.4555;
	4.1627 3.6779 1.6596 7.017 5.6555 23.703 2.9629 20.5089 34.1866 60.3032 89.183 109.2094;
	6.3956 5.7923 2.5972 10.2051 10.0934 33.0279 4.1285 29.0496 46.2247 124.1251 131.8535 224.7913;
	18.0477 15.3237 11.654 11.4416 10.2048 232.1493 29.0187 63.8572 197.5848 87.0197 47.1004 157.5932;
	20.3429 16.0537 13.2376 11.213 9.8532 323.1687 40.3961 63.6104 227.3237 104.6637 72.283 189.5466;
	21.165 16.0751 13.2624 11.2056 9.5332 384.6098 48.0762 66.4994 254.9203 105.9855 78.0385 191.9403;
	23.698 16.5824 13.7384 6.2095 3.5827 409.8236 51.2279 71.9017 278.2859 50.3117 29.2894 91.1148;
	20.4724 15.3715 12.9896 5.6016 3.3411 391.1135 48.8892 71.1501 274.4755 22.0575 23.9223 39.9462;
	14.8757 9.9837 9.3216 4.3061 3.0553 318.4438 39.8055 66.1854 250.2406 13.6187 54.1301 24.6636;
	5.9753 2.6929 3.4545 3.4928 3.4751 23.0902 2.8863 19.0412 78.4768 21.4884 66.59 38.9156;
	0.9524 0.7359 0.577 0.7306 1.9488 39.3487 4.9186 6.6804 36.7279 16.5555 27.1728 29.9822;
	0.0 0.0 0.0 0.0 0.0 0.0 0.0 0.0 0.0 0.0 0.0 0.0;
	0.0 0.0 0.0 0.0 0.0 0.0 0.0 0.0 0.0 0.0 0.0 0.0;
	0.0 0.0 0.0 0.0 0.0 0.0 0.0 0.0 0.0 0.0 0.0 0.0;
	0.0 0.0 0.0 0.0 0.0 0.0 0.0 0.0 0.0 0.0 0.0 0.0;
	0.0 0.0 0.0 0.0 0.0 0.0 0.0 0.0 0.0 0.0 0.0 0.0;
	0.0 0.0 0.0 0.0 0.0 0.0 0.0 0.0 0.0 0.0 0.0 0.0;
	0.0 0.0 0.0 0.0 0.0 0.0 0.0 0.0 0.0 0.0 0.0 0.0;
];
