function loadprofile = ex_load_profilesh1
%EX_LOAD_PROFILE  Example load profile data file for stochastic unit commitment.
% 2022.03.12
% Andres F. Ramirez

%% define constants
[CT_LABEL, CT_PROB, CT_TABLE, CT_TBUS, CT_TGEN, CT_TBRCH, CT_TAREABUS, ...
    CT_TAREAGEN, CT_TAREABRCH, CT_ROW, CT_COL, CT_CHGTYPE, CT_REP, ...
    CT_REL, CT_ADD, CT_NEWVAL, CT_TLOAD, CT_TAREALOAD, CT_LOAD_ALL_PQ, ...
    CT_LOAD_FIX_PQ, CT_LOAD_DIS_PQ, CT_LOAD_ALL_P, CT_LOAD_FIX_P, ...
    CT_LOAD_DIS_P, CT_TGENCOST, CT_TAREAGENCOST, CT_MODCOST_F, ...
    CT_MODCOST_X] = idx_ct;

loadprofile = struct( ...
    'type', 'mpcData', ...
    'table', CT_TAREALOAD, ...
    'rows', [1:11], ...
    'col', CT_LOAD_ALL_P, ...
    'chgtype', 1, ...
    'values', [] );
loadprofile.values(:,1,:) = [
	1369.3957 891.7 1549.9206 528.3396 750.9381 1061.1131 834.2898 257.82 512.1 4418.1425 1730.2323;
	1353.8787 889.5664 1550.6929 487.5188 780.4104 1055.7723 823.2688 261.9291 496.3 4371.8081 1694.1511;
	1391.7619 906.9054 1591.3239 545.4859 796.8969 1068.6954 838.1768 246.5 503.6882 4315.6679 1719.7546;
	1479.9224 985.4801 1696.6952 531.4341 821.5318 1140.9016 882.3949 264.315 537.1047 4603.6221 1816.2;
	1632.7326 1117.6419 1918.7265 560.3466 949.3385 1328.7675 992.9321 306.8353 622.2125 5114.2036 2033.6753;
	1716.5797 1187.6108 2012.5021 565.0413 1027.1442 1432.3175 1056.0344 352.9 684.8 5638.256 2219.2776;
	1709.6423 1202.9 2031.2474 573.1579 1016.3 1455.5002 1083.8319 350.4102 686.0029 5985.6909 2241.2796;
	1744.8158 1199.813 2042.775 573.0274 1019.4941 1438.4283 1104.382 356.2906 695.1609 6097.9971 2259.3806;
	1734.0254 1172.5134 1977.6506 555.0663 983.7318 1390.2661 1086.5087 357.9946 679.7396 6058.276 2234.5377;
	1713.2872 1147.5475 1979.1336 542.6381 975.1287 1354.3858 1078.64 381.0143 678.7329 6166.5076 2242.0655;
	1722.3256 1138.5755 1924.5567 533.0503 924.3874 1339.7584 1058.6387 364.2211 674.9 5998.4908 2175.1122;
	1719.7761 1091.0396 1880.8 525.2938 921.0509 1288.1253 1022.4944 344.0742 655.8866 5824.8755 2077.8298;
	1729.8678 1129.6183 1899.0641 527.9761 940.8926 1360.0484 1064.7601 362.2047 659.4818 5972.31 2111.4;
	1689.3951 1135.4118 1874.3156 532.4 916.5683 1359.4416 1076.7179 344.5787 658.8618 6043.6076 2124.9608;
	1652.1307 1105.8517 1877.5346 540.7358 959.0259 1370.5468 1112.6557 350.2359 698.1297 6101.2906 2176.8072;
	1595.026 1131.6715 1885.1385 546.3993 963.6124 1392.7894 1102.3791 359.7933 674.7 6017.9393 2186.4502;
	1671.8947 1125.9371 1926.7691 560.8297 991.1173 1426.5129 1117.5051 367.7 687.4704 5847.5374 2286.4098;
	1737.6305 1187.6 1977.3928 579.1211 996.3958 1493.3 1179.9455 392.1373 725.6955 6015.1541 2484.591;
	1759.5246 1186.1385 1951.0382 564.8468 970.3 1480.7247 1149.046 404.5421 704.2948 5873.9087 2400.3261;
	1658.1984 1098.5063 1837.6531 551.3761 931.7731 1391.9661 1094.5858 371.3817 654.7908 5527.2831 2258.0;
	1557.9985 1005.7174 1719.823 546.9162 894.4752 1310.5275 1055.265 367.2847 603.5273 5321.6442 2090.5347;
	1459.3219 934.7093 1636.9547 536.4 835.5861 1209.3306 978.9925 315.2371 551.5572 4847.6428 1934.2835;
	1364.1549 872.0001 1551.085 513.2199 757.1602 1156.1583 926.971 283.322 521.3 3905.5313 1792.6326;
	1353.9034 870.7958 1586.0 527.7619 780.1201 1130.9082 882.1344 267.4571 502.137 3920.2865 1708.9558;
];
