function loadprofile = ex_load_profilesh1
%EX_LOAD_PROFILE  Example load profile data file for stochastic unit commitment.
% 2022.03.12
% Andres F. Ramirez

%% define constants
[CT_LABEL, CT_PROB, CT_TABLE, CT_TBUS, CT_TGEN, CT_TBRCH, CT_TAREABUS, ...
    CT_TAREAGEN, CT_TAREABRCH, CT_ROW, CT_COL, CT_CHGTYPE, CT_REP, ...
    CT_REL, CT_ADD, CT_NEWVAL, CT_TLOAD, CT_TAREALOAD, CT_LOAD_ALL_PQ, ...
    CT_LOAD_FIX_PQ, CT_LOAD_DIS_PQ, CT_LOAD_ALL_P, CT_LOAD_FIX_P, ...
    CT_LOAD_DIS_P, CT_TGENCOST, CT_TAREAGENCOST, CT_MODCOST_F, ...
    CT_MODCOST_X] = idx_ct;

loadprofile = struct( ...
    'type', 'mpcData', ...
    'table', CT_TAREALOAD, ...
    'rows', [1:11], ...
    'col', CT_LOAD_ALL_P, ...
    'chgtype', 1, ...
    'values', [] );
loadprofile.values(:,1,:) = [
	1485.6478 895.3205 1561.5 561.1 764.6653 1146.4407 859.439 259.4906 517.0133 4538.4473 1721.4733;
	1477.5638 905.1 1568.6203 554.5935 764.5661 1134.5062 854.0671 257.5 513.4 4465.8954 1751.04;
	1493.1 915.19 1573.9418 552.1522 781.0754 1135.066 853.8374 251.1211 510.5 4435.6227 1750.7247;
	1571.9888 986.3185 1695.7 559.2115 857.3323 1187.5969 891.722 263.3 541.251 4633.237 1829.4;
	1712.3798 1134.0716 1915.3837 597.3038 987.9 1363.3026 1003.7 319.5154 612.528 5134.8067 2024.7893;
	1823.1021 1206.0 1980.3142 626.6268 1022.0342 1451.6599 1040.2644 333.1 679.2811 5587.6151 2158.3789;
	1837.1028 1222.5318 1996.0448 616.376 1000.0729 1418.007 1060.9822 349.3 696.2875 6059.4461 2224.18;
	1851.2 1227.9457 2016.0764 606.5 1019.1 1402.126 1075.496 342.2 682.7387 6233.6035 2211.8472;
	1862.0058 1228.967 2015.2621 581.0713 999.8223 1399.3 1060.9511 335.8398 679.9275 6318.9401 2239.2509;
	1872.3255 1231.7865 2012.5222 577.4686 996.2659 1406.7298 1074.8842 330.991 665.9927 6372.7632 2299.725;
	1839.929 1214.7037 1988.7699 588.2803 984.9189 1418.5944 1100.2516 353.3 682.2899 6405.2764 2270.4276;
	1854.5897 1228.2016 1942.235 591.2 985.4432 1403.205 1078.7303 341.5677 667.2581 6368.3825 2163.2961;
	1838.7608 1209.6357 1892.3857 581.4244 943.3426 1334.0736 1051.8341 335.9 657.4067 6182.0579 2151.9979;
	1760.0076 1188.6756 1838.2434 572.0789 949.1 1312.3842 1038.5732 324.9021 658.9307 6157.3663 2101.7284;
	1765.0305 1194.95 1873.8557 570.0977 975.823 1360.1758 1058.6385 312.7597 679.7156 6183.4455 2151.2161;
	1769.0911 1170.3 1853.8234 564.7725 954.2833 1355.3 1049.8061 306.1749 704.7992 6133.1361 2203.767;
	1807.8196 1176.3082 1875.9607 559.5548 996.0295 1368.5751 1107.5236 333.7 740.9394 6190.0041 2389.1;
	1808.1696 1207.8074 1919.3007 573.1507 982.9972 1413.212 1133.6 358.811 738.8793 6191.9956 2471.0435;
	1804.2 1192.0031 1877.5461 569.4 941.2034 1358.4937 1122.5 343.9 711.8251 5939.8518 2396.7682;
	1749.7 1121.8 1796.839 560.0224 890.2175 1301.9169 1079.7064 330.7048 687.1685 5674.6625 2286.8563;
	1684.3 1042.7222 1713.1943 533.5372 872.4 1227.2318 1010.2903 304.4326 628.3224 5428.9521 2114.4158;
	1551.3 933.533 1584.266 518.2678 821.8 1146.5867 953.7306 277.8138 572.1506 5060.5789 1934.4744;
	1445.1929 872.0413 1576.5266 509.7676 817.2312 1101.5 898.9 258.1 539.1 4685.0 1821.2534;
	1389.1675 844.0326 1512.5565 522.7534 769.3845 1027.1067 840.9816 233.6232 502.6 4407.1816 1703.3013;
];
