function windprofile = ex_wind_profilesh1
%EX_WIND_PROFILE_D  Example wind_load_nyiso profile data for deterministic unit commitment.
% 2022.03.12
% Andres F. Ramirez


%% define constants
[GEN_BUS, PG, QG, QMAX, QMIN, VG, MBASE, GEN_STATUS, PMAX, PMIN, ...
    MU_PMAX, MU_PMIN, MU_QMAX, MU_QMIN, PC1, PC2, QC1MIN, QC1MAX, ...
    QC2MIN, QC2MAX, RAMP_AGC, RAMP_10, RAMP_30, RAMP_Q, APF] = idx_gen;
[CT_LABEL, CT_PROB, CT_TABLE, CT_TBUS, CT_TGEN, CT_TBRCH, CT_TAREABUS, ...
    CT_TAREAGEN, CT_TAREABRCH, CT_ROW, CT_COL, CT_CHGTYPE, CT_REP, ...
    CT_REL, CT_ADD, CT_NEWVAL, CT_TLOAD, CT_TAREALOAD, CT_LOAD_ALL_PQ, ...
    CT_LOAD_FIX_PQ, CT_LOAD_DIS_PQ, CT_LOAD_ALL_P, CT_LOAD_FIX_P, ...
    CT_LOAD_DIS_P, CT_TGENCOST, CT_TAREAGENCOST, CT_MODCOST_F, ...
    CT_MODCOST_X] = idx_ct;

windprofile = struct( ...
    'type', 'mpcData', ...
    'table', CT_TGEN, ...
    'rows', [1:45], ...
    'col', PMAX, ...
    'chgtype', 1, ...
    'values', [] );
windprofile.values(:,1,:) = [
	3.5759 48.3188 87.1966 109.7665 15.0256 13.5172 15.493 16.874 26.759 22.8257 42.1929 62.9436 94.7612 0.352 17.5286 6.6038 8.1936 8.6828 13.9267 25.1967 5.1643 31.5402 54.5888 81.0705 94.7413 69.5968 6.9287 643.3893 379.0809 379.0809 191.1869 36.6971 46.4222 64.8565 1.1036 161.7412 486.6696 47.9832 318.805 253.7712 16.8566 149.9509 123.8456 224.4884 491.7391;
	3.3495 45.2586 86.9223 110.2414 14.7435 15.0958 14.5583 16.2151 26.257 22.7239 42.0048 62.6629 94.3386 3.4746 12.3145 4.6394 5.7563 6.1 12.6705 16.2343 4.8528 35.2234 53.9874 82.0858 97.3347 71.1884 6.1243 684.3819 368.5052 368.5052 167.9227 32.3517 42.2349 41.787 10.8934 157.2289 479.0858 49.6802 319.7984 260.7181 14.6409 167.4622 115.1212 211.7626 484.0763;
	3.1947 43.1672 88.2551 110.5698 14.8218 13.1005 13.2396 17.401 26.8769 21.8272 40.3472 60.1901 90.6159 4.331 16.9722 6.3942 7.9335 8.4072 24.7049 23.6733 4.4132 30.5679 55.3508 83.3286 96.8653 74.1159 7.8884 635.9908 340.724 340.724 145.3649 32.1916 82.3498 60.935 13.5783 145.3756 407.2172 38.5671 251.6089 259.4608 27.6524 145.3287 91.634 202.3231 411.459;
	2.8711 38.7947 87.687 107.0616 14.6101 12.259 11.754 17.0858 26.5657 22.0019 40.6702 60.672 91.3413 6.2855 8.7608 3.3006 4.0952 4.3397 13.4699 22.2913 3.918 28.6043 57.7769 82.113 99.0815 75.0878 9.0379 497.4935 270.2447 270.2447 156.2861 28.2223 44.8995 57.3779 19.7058 115.3044 315.8552 32.2632 195.1923 265.397 5.3571 135.9928 80.9178 207.3845 319.1453;
	2.1567 29.1422 82.575 108.1918 13.7769 12.0999 9.9501 15.7986 15.3976 15.9562 29.4947 44.0003 66.2422 10.1535 9.3739 3.5316 4.3818 4.6434 20.7452 22.3155 3.3167 28.2331 35.6002 82.0056 98.6238 73.0687 8.3005 377.9367 206.31 206.31 137.2982 26.8122 69.1508 57.4402 31.8325 88.0256 173.365 30.6898 175.4035 264.1708 13.0049 134.2281 85.8879 206.3868 175.1709;
	2.6453 35.7434 81.9635 105.3887 12.9126 14.7669 11.9958 15.5224 10.3175 12.027 22.2317 33.1653 49.9302 22.1505 10.0218 3.7757 4.6846 4.9643 29.0796 24.2165 3.9986 34.4561 36.0593 70.3624 90.6642 71.2217 6.3621 286.8891 201.4017 201.4017 127.597 23.5034 96.9319 62.3332 69.4447 85.9314 147.2024 30.637 209.4389 242.8506 12.8944 163.8142 86.0795 200.5314 148.7358;
	2.1698 29.3184 75.3035 102.3504 13.2929 15.8324 12.6321 14.9964 12.1776 19.2728 35.6255 53.1462 80.0113 30.6376 24.2881 9.1504 11.3533 12.0311 36.2974 36.3589 4.2107 36.9423 44.8545 80.3433 94.9482 71.1968 9.6524 257.7474 228.8084 228.8084 106.7393 16.53 120.9913 93.5878 96.0531 97.6249 161.9385 25.3266 163.4155 254.3256 8.2836 175.6343 92.789 212.0915 163.6253;
	1.4158 19.1305 54.7096 108.7581 14.1984 12.4622 11.6272 14.2341 18.871 24.8902 46.0091 68.6365 103.3319 34.4507 28.6554 10.7957 13.3947 14.1944 50.4023 56.6301 3.8757 29.0784 54.5319 81.4178 92.9118 71.0473 10.9098 120.748 179.5046 179.5046 88.7802 8.1772 168.0077 145.7661 108.0075 76.5886 100.9205 23.4148 172.0394 248.8709 8.8836 138.2469 89.1843 195.0645 101.9717;
	2.1067 28.4666 75.2764 98.2392 14.1 20.7804 10.9504 16.3832 20.1848 25.0348 46.2765 69.0354 103.9325 43.0501 21.0952 7.9475 9.8608 10.4495 59.3009 55.9947 3.6501 48.4876 50.0021 81.8798 93.7267 69.8728 11.6177 141.6004 162.6213 162.6213 83.066 7.2582 197.6698 144.1305 134.968 69.3851 120.1827 24.6529 141.8198 251.0536 16.4175 230.5241 77.3656 232.9947 121.4346;
	1.6483 22.2716 75.241 108.4195 13.0005 12.4348 9.3034 15.5054 24.8054 27.8811 51.5378 76.8842 115.7487 43.5507 1.9924 0.7506 0.9313 0.9869 61.8229 44.5943 3.1011 29.0146 56.613 78.8404 94.7723 69.5194 11.7327 261.9416 234.658 234.658 92.2837 8.5275 206.0763 114.7859 136.5372 100.1207 245.5138 25.8598 99.5619 253.8545 1.256 137.9436 73.9942 201.3137 248.0712;
	1.2184 16.4626 57.5242 98.5229 11.9082 22.5323 12.9568 15.7111 26.1457 27.9054 51.5827 76.9512 115.8496 51.5282 0.5459 0.2057 0.2552 0.2704 54.9511 35.3604 4.3189 52.5754 67.9847 77.4408 82.3466 70.4837 11.4501 401.9692 296.4206 296.4206 149.0749 13.4867 183.1705 91.0177 161.548 126.4728 343.3099 28.951 176.2324 220.5711 3.5587 249.9586 80.798 160.6008 346.8861;
	1.5016 20.2902 74.8748 91.1872 11.5772 28.8995 17.9414 17.2014 26.9348 28.4867 52.6572 78.5541 118.2628 52.7073 0.0716 0.027 0.0335 0.0355 74.8792 44.6327 5.9805 67.4322 68.5983 76.7322 87.9768 72.9428 11.9991 485.1483 359.2527 359.2527 270.2187 17.6693 249.5974 114.8847 165.2444 153.2811 452.529 43.8471 204.9508 235.6521 6.3723 320.592 102.4503 174.3452 457.2429;
	2.6567 35.8977 83.1416 85.9471 13.9975 30.7748 17.385 16.6978 26.3588 27.9322 51.6322 77.0251 115.9609 54.9367 29.4579 11.0981 13.7699 14.5919 81.5032 53.0533 5.795 71.8079 66.617 80.8237 94.0907 71.7154 10.6605 673.8717 439.628 439.628 320.9238 22.9432 271.6775 136.5592 172.2341 187.5746 631.9571 62.3253 214.033 252.0286 0.5706 341.3952 129.6733 201.8171 638.54;
	3.6445 49.2455 88.2481 110.4545 15.0491 32.7624 22.0161 16.6359 26.8536 29.2155 54.0043 80.5638 121.2884 57.4286 67.7004 25.5057 31.646 33.5353 88.2336 58.8838 7.3387 76.4455 66.5154 84.5457 97.18 73.1641 10.6919 893.3195 637.2721 637.2721 438.8098 27.2286 294.1122 151.5669 180.0466 271.9028 813.1168 87.065 307.2458 260.3035 3.3318 363.4439 142.7689 252.2781 821.5868;
	3.7666 50.8948 86.8308 108.2937 14.7884 34.2448 25.8852 16.7325 26.8099 25.4999 47.1361 70.3178 105.8631 63.2493 99.7808 37.5918 46.6417 49.4263 88.389 59.2662 8.6284 79.9046 44.4136 83.4408 96.4666 69.863 11.7496 1108.716 710.5433 710.5433 520.3006 38.3344 294.6299 152.5512 198.295 303.1651 1043.4513 126.6178 438.3062 258.3928 0.0369 379.8895 159.8957 244.965 1054.3205;
	3.5824 48.4059 86.2243 106.5599 14.4229 34.3169 26.9576 16.8863 26.1145 18.3489 33.9177 50.5985 76.1758 59.5636 138.6045 52.2184 64.7895 68.6576 89.1655 69.5696 8.9859 80.0727 36.5412 81.2577 94.4313 69.8036 11.8207 1170.64 715.2349 715.2349 633.4157 49.0295 297.2184 179.0722 186.7399 305.1669 1059.3772 165.6483 385.0362 252.941 6.2844 380.6887 164.476 244.827 1070.4123;
	3.7767 51.0319 87.2449 109.7839 14.3908 33.481 30.5827 17.2829 27.0995 15.9233 29.4339 43.9096 66.1057 61.8912 169.9386 64.0234 79.4364 84.1789 92.7875 71.9333 10.1942 78.1223 2.5013 81.6437 96.5537 71.411 11.4461 1104.9718 739.5511 739.5511 689.2111 80.9229 309.2916 185.1566 194.0372 315.5418 1041.175 217.4604 430.9438 258.6261 0.663 371.416 203.1245 266.7247 1052.0206;
	3.6665 49.5419 90.4348 112.6385 14.8848 33.9859 30.0889 18.2514 26.3887 18.1706 33.588 50.1067 75.4354 59.7768 188.846 71.1466 88.2745 93.5446 90.5848 71.8556 10.0296 79.3004 36.5909 82.2046 99.8925 72.1991 12.8538 1101.6883 721.7192 721.7192 669.9343 99.8233 301.9493 184.9565 187.4084 307.9335 1048.6849 242.116 442.1549 267.5691 108.6124 377.0166 191.6784 261.8017 1059.6087;
	3.5653 48.1756 89.0913 114.8212 14.3052 32.2327 31.1519 13.8892 26.8448 21.9697 40.6106 60.583 91.2074 60.2992 196.5157 74.0362 91.8597 97.3438 88.9866 70.8064 10.384 75.2097 55.1292 81.5174 101.1705 65.599 12.5471 1191.649 741.9245 741.9245 635.6696 110.1704 296.6219 182.2557 189.0462 316.5544 1115.767 252.1758 443.9017 270.9924 113.5203 357.5684 196.1294 268.801 1127.3896;
