function loadprofile = ex_load_profilesh1
%EX_LOAD_PROFILE  Example load profile data file for stochastic unit commitment.
% 2022.03.12
% Andres F. Ramirez

%% define constants
[CT_LABEL, CT_PROB, CT_TABLE, CT_TBUS, CT_TGEN, CT_TBRCH, CT_TAREABUS, ...
    CT_TAREAGEN, CT_TAREABRCH, CT_ROW, CT_COL, CT_CHGTYPE, CT_REP, ...
    CT_REL, CT_ADD, CT_NEWVAL, CT_TLOAD, CT_TAREALOAD, CT_LOAD_ALL_PQ, ...
    CT_LOAD_FIX_PQ, CT_LOAD_DIS_PQ, CT_LOAD_ALL_P, CT_LOAD_FIX_P, ...
    CT_LOAD_DIS_P, CT_TGENCOST, CT_TAREAGENCOST, CT_MODCOST_F, ...
    CT_MODCOST_X] = idx_ct;

loadprofile = struct( ...
    'type', 'mpcData', ...
    'table', CT_TAREALOAD, ...
    'rows', [1:11], ...
    'col', CT_LOAD_ALL_P, ...
    'chgtype', 1, ...
    'values', [] );
loadprofile.values(:,1,:) = [
	1535.2395 889.1 1554.2761 558.444 776.6 1132.2264 839.0 233.0 494.0 4265.3194 1665.3047;
	1488.6457 886.6426 1562.1081 550.9 807.6834 1140.4863 851.3 233.5 503.8154 4290.9759 1657.5708;
	1521.6048 900.1147 1580.6674 573.7 827.2381 1149.7616 847.3 230.2263 508.3 4202.8729 1668.466;
	1612.9 969.4709 1675.6843 574.6228 872.0 1220.7054 882.5135 254.7 529.5233 4482.351 1753.8409;
	1749.7697 1090.8866 1854.046 583.0136 971.9845 1305.4695 988.7717 290.0085 596.694 4973.262 1962.219;
	1875.4578 1184.1375 1986.0316 587.3435 1060.7 1392.1951 1071.2041 339.4382 689.7957 5732.0395 2185.8634;
	1903.7813 1191.6453 1987.394 570.7896 1043.3087 1371.2514 1035.7322 345.0 678.1669 5971.2459 2164.6804;
	1912.9543 1207.6905 2001.7941 590.0279 1033.4312 1373.5 1050.3 348.7 681.3 6152.7172 2149.2279;
	1935.7 1190.2671 1949.9224 588.6 1012.6324 1357.0493 1079.4 339.9162 686.3369 6274.4011 2153.292;
	1895.8 1170.0405 1915.0627 581.587 940.3955 1309.6877 1102.8591 331.735 669.5156 6195.6854 2015.6471;
	1902.0568 1172.8683 1890.0229 593.5011 935.213 1358.5287 1110.9 325.8 664.8 6313.857 2093.1;
	1897.1041 1168.8129 1906.1548 590.879 929.9083 1307.8 1147.3054 322.0771 675.9213 6270.8 2151.1811;
	1865.654 1142.5194 1857.3471 581.5222 913.0103 1251.6137 1107.2 322.7567 663.6913 6228.3389 2128.2183;
	1896.7507 1130.666 1818.1525 588.9621 917.2967 1196.1321 1043.2508 321.2122 648.1164 6207.5608 2094.6017;
	1854.1211 1140.6509 1822.1676 588.2625 916.5852 1277.9749 1054.8135 321.3349 651.8467 6197.2808 2158.0013;
	1825.7199 1123.0339 1786.8727 568.3267 955.9376 1258.3166 1030.4548 331.2242 654.5975 6151.6306 2217.1505;
	1838.7964 1136.8196 1846.7802 581.832 975.648 1303.0637 1055.8784 350.0252 668.2437 6009.5 2279.0253;
	1864.0554 1175.4665 1922.4991 592.5038 1014.5326 1394.1318 1127.4171 348.1757 712.6 5944.0959 2358.5;
	1875.9505 1173.3189 1904.8091 588.0224 970.3 1386.5451 1087.1886 350.5443 706.3526 5637.3349 2277.2885;
	1818.4356 1117.185 1813.462 578.6417 922.6 1306.5708 1062.4 332.2552 666.5 5665.5532 2235.7919;
	1702.5137 1021.1993 1688.7303 565.4282 850.2287 1173.8016 966.6569 293.002 616.2224 5192.37 2032.5503;
	1558.5436 935.2766 1565.2615 550.2187 781.6766 1083.6812 876.4973 258.8467 539.9726 4650.3528 1804.9372;
	1505.4 904.2427 1495.508 531.5 769.7839 1078.491 838.7195 219.2742 533.4903 4456.1936 1765.6042;
	1488.8467 891.7 1498.1641 532.9279 752.5094 1055.5287 815.6541 216.4416 520.7 4458.0199 1712.0062;
];
