function windprofile = ex_wind_profilesh1
%EX_WIND_PROFILE_D  Example wind_load_nyiso profile data for deterministic unit commitment.
% 2022.03.12
% Andres F. Ramirez


%% define constants
[GEN_BUS, PG, QG, QMAX, QMIN, VG, MBASE, GEN_STATUS, PMAX, PMIN, ...
    MU_PMAX, MU_PMIN, MU_QMAX, MU_QMIN, PC1, PC2, QC1MIN, QC1MAX, ...
    QC2MIN, QC2MAX, RAMP_AGC, RAMP_10, RAMP_30, RAMP_Q, APF] = idx_gen;
[CT_LABEL, CT_PROB, CT_TABLE, CT_TBUS, CT_TGEN, CT_TBRCH, CT_TAREABUS, ...
    CT_TAREAGEN, CT_TAREABRCH, CT_ROW, CT_COL, CT_CHGTYPE, CT_REP, ...
    CT_REL, CT_ADD, CT_NEWVAL, CT_TLOAD, CT_TAREALOAD, CT_LOAD_ALL_PQ, ...
    CT_LOAD_FIX_PQ, CT_LOAD_DIS_PQ, CT_LOAD_ALL_P, CT_LOAD_FIX_P, ...
    CT_LOAD_DIS_P, CT_TGENCOST, CT_TAREAGENCOST, CT_MODCOST_F, ...
    CT_MODCOST_X] = idx_ct;

windprofile = struct( ...
    'type', 'mpcData', ...
    'table', CT_TGEN, ...
    'rows', [1:45], ...
    'col', PMAX, ...
    'chgtype', 1, ...
    'values', [] );
windprofile.values(:,1,:) = [
	3.569 48.2247 86.1893 111.6851 15.179 14.7761 15.1797 18.2005 25.8763 23.3449 43.1527 64.3754 96.9168 3.1259 22.7294 8.5632 10.6247 11.259 14.5429 24.3456 5.0599 34.4776 59.715 86.3023 100.3474 76.3695 8.2746 692.1838 395.6485 395.6485 210.5682 42.5418 48.4762 62.6655 9.8 168.81 542.1991 62.9462 302.4703 268.7878 14.209 163.9163 118.5075 232.6612 547.847;
	3.4125 46.1099 87.4449 114.1399 14.3078 15.7971 14.8533 17.8748 25.9671 24.9357 46.0932 68.762 103.5209 4.8309 9.6815 3.6475 4.5256 4.7957 12.4025 6.5942 4.9511 36.8599 65.3312 86.5101 100.8313 75.7905 7.9716 641.0049 378.4477 378.4477 187.4243 36.3982 41.3417 16.9736 15.1454 161.471 514.4836 60.708 305.6685 270.0839 14.3708 175.2425 111.4401 226.0428 519.8428;
	3.1423 42.4588 92.5194 118.0122 15.1513 13.1112 13.7754 18.9893 27.3235 23.9389 44.2508 66.0135 99.3829 5.8304 17.2937 6.5153 8.0838 8.5664 22.2338 18.172 4.5918 30.5928 66.2909 90.0869 105.1185 76.5513 9.7031 601.3998 344.6627 344.6627 155.419 33.6639 74.1125 46.7747 18.2789 147.0561 420.7302 40.4664 239.711 281.5675 36.1597 145.4469 90.9285 223.1143 425.1128;
	2.9272 39.5524 93.2955 118.2457 15.3252 13.9482 12.8648 18.9363 27.5377 23.9516 44.2742 66.0484 99.4355 8.4268 15.1696 5.715 7.0909 7.5142 12.8729 21.3418 4.2883 32.5457 66.7658 90.0734 106.4912 76.5951 11.2418 498.7071 271.9873 271.9873 169.2762 30.5219 42.9098 54.9338 26.4191 116.0479 329.2101 38.6713 186.6281 285.2442 27.3898 154.7316 86.7996 226.3164 332.6394;
	2.3808 32.1699 89.9747 116.6453 15.024 14.6629 14.3641 17.8714 19.0542 21.2605 39.2997 58.6274 88.2632 13.6382 20.8612 7.8593 9.7514 10.3336 23.1382 25.0354 4.788 34.2135 54.9287 87.5209 105.2544 74.5553 10.213 341.959 228.9535 228.9535 155.3532 28.0303 77.1272 64.4412 42.7575 97.6868 202.1278 36.7309 180.2533 281.9315 13.8976 162.6608 90.4187 228.6647 204.2333;
	2.9371 39.6863 87.1799 113.1257 15.0294 21.4942 11.9199 17.4346 10.431 16.571 30.6313 45.6959 68.7949 26.3093 14.3815 5.4182 6.7225 7.1239 30.8119 26.9879 3.9733 50.1532 52.9411 85.8797 101.957 72.0014 8.1767 286.8215 201.9021 201.9021 124.7817 25.1628 102.7063 69.467 82.4832 86.1449 161.2491 32.663 181.2786 273.0991 10.4186 238.4428 95.0052 220.2585 162.9288;
	2.3325 31.5177 87.0569 114.2671 14.671 21.7062 12.459 15.7001 13.0123 23.8741 44.131 65.8347 99.1138 37.8836 19.956 7.5183 9.3283 9.8852 36.7696 34.0639 4.153 50.6478 67.2113 85.137 101.7136 70.7117 10.3763 198.1958 215.2912 215.2912 88.3693 13.652 122.5655 87.6806 118.7702 91.8576 170.366 22.0674 146.152 272.4471 10.405 240.794 94.8339 234.8923 172.1406;
	1.6891 22.8232 66.6882 113.209 14.809 17.903 12.0012 17.2747 17.7474 23.7721 43.9424 65.5535 98.6904 39.2403 17.6425 6.6467 8.2469 8.7392 49.9607 50.0856 4.0004 41.7736 69.3317 85.3569 101.6509 70.5132 11.8834 88.5573 167.4423 167.4423 80.255 8.2842 166.5357 128.9204 123.0238 71.442 109.6651 17.4261 146.2125 272.2791 10.2927 198.6039 93.4299 211.8809 110.8075;
	2.646 35.7532 81.4805 106.9819 14.8035 22.9603 10.5805 18.0036 20.4948 25.5641 47.2549 70.4949 106.1297 44.1224 19.8725 7.4868 9.2892 9.8438 61.6658 54.4489 3.5268 53.574 70.2161 85.528 103.1512 70.3318 11.8159 99.8276 130.6612 130.6612 80.0204 6.6736 205.5526 140.1516 138.3298 55.7488 110.4028 16.0905 117.6287 276.2979 23.6931 254.7062 80.7187 232.6257 111.5529;
	1.8544 25.0565 82.9265 109.6846 12.8379 13.8011 9.6093 17.7646 25.0088 26.6646 49.2891 73.5296 110.6984 43.9473 28.7525 10.8323 13.4401 14.2425 69.6264 45.7839 3.2031 32.2026 69.7168 84.6793 102.9747 69.1242 11.5116 216.007 224.2459 224.2459 100.1292 7.694 232.0881 117.8478 137.7806 95.6783 208.0118 21.5149 54.1978 275.8252 66.6267 153.1005 78.1145 202.9575 210.1786;
	1.6211 21.9041 71.5554 99.5138 12.368 24.1015 12.0732 17.1584 25.4971 27.0105 49.9285 74.4836 112.1346 45.8455 12.7105 4.7886 5.9414 6.2961 60.8066 35.6994 4.0244 56.2368 70.055 83.8617 93.5077 69.0884 11.2554 298.5989 279.1781 279.1781 149.5018 11.3975 202.6887 91.8905 143.7319 119.116 297.7513 23.5203 163.3435 250.4672 20.1457 267.3656 91.5477 172.0697 300.8529;
	1.7409 23.5228 83.5702 85.872 11.9838 28.9565 17.5656 17.642 25.1418 21.4721 39.6908 59.2109 89.1417 47.8402 1.0596 0.3992 0.4953 0.5249 69.1973 43.4314 5.8552 67.5651 69.3506 82.9254 99.0336 68.4836 11.7975 331.9585 343.3504 343.3504 257.548 14.2462 230.6575 111.7924 149.9856 146.4962 404.3125 36.8429 183.4425 265.2687 39.5543 321.2236 105.7924 191.384 408.5241;
	2.9186 39.4365 86.9142 89.9118 14.0164 30.3434 18.0278 17.6146 26.1201 23.4348 43.3189 64.6232 97.2899 49.939 38.1377 14.3682 17.8272 18.8915 75.5005 56.4495 6.0093 70.8013 68.909 87.9467 104.0095 69.3276 11.369 453.8806 419.4441 419.4441 297.6695 19.7729 251.6684 145.3012 156.5656 178.9628 536.7819 50.1664 192.0394 278.597 21.8618 336.6098 131.7771 217.8646 542.3734;
	3.4765 46.9756 81.1528 100.368 13.9509 27.0727 17.3961 16.6784 23.9827 22.4983 41.5878 62.0408 93.402 43.1469 60.0519 22.6242 28.0708 29.7466 77.0942 55.3146 5.7987 63.1696 67.7817 84.8154 98.0288 68.4126 10.4797 636.6121 573.6912 573.6912 385.7336 27.4609 256.9807 142.38 135.2713 244.7749 650.731 75.7836 217.3604 262.5772 8.9125 300.3266 128.0189 231.194 657.5094;
	3.6764 49.6762 84.7574 106.0514 13.9781 30.3323 22.2101 17.4583 25.8817 18.0454 33.3567 49.7616 74.9158 54.0455 83.717 31.5399 39.1328 41.4691 75.4484 51.7073 7.4034 70.7753 44.1428 85.8686 99.6289 69.4058 12.2893 916.8093 659.5321 659.5321 490.4132 34.8562 251.4948 133.0947 169.44 281.4004 904.9546 104.8702 337.1019 266.863 25.2967 336.4859 138.5563 241.4098 914.3812;
	3.7184 50.2431 88.9381 110.8856 14.6483 31.7102 25.4809 17.9569 26.3661 10.1265 18.7186 27.9245 42.0401 50.9818 115.4519 43.4959 53.9671 57.189 82.2271 57.6969 8.4936 73.9905 22.9449 86.4653 101.7537 71.0386 12.7222 926.7496 708.2882 708.2882 650.9279 43.092 274.0904 148.5119 159.8349 302.203 897.6151 144.0933 334.497 272.5546 48.289 351.7721 155.8871 265.9348 906.9653;
	3.6386 49.1656 87.2788 115.295 14.2158 31.885 28.5829 18.0395 26.677 18.049 33.3632 49.7714 74.9305 58.6556 169.8943 64.0067 79.4157 84.1569 86.6969 67.2018 9.5276 74.3983 29.6145 83.5647 98.7578 72.0652 12.813 884.3873 753.2255 753.2255 710.1589 77.0474 288.9896 172.9777 183.8932 321.3762 918.9666 194.76 347.1709 264.5298 8.1717 353.7107 200.7054 277.131 928.5392;
	3.6604 49.4595 89.2354 115.6771 14.1602 31.9946 27.9485 17.9279 26.3213 8.396 15.52 23.1527 34.8563 62.7974 187.6138 70.6824 87.6985 92.9343 88.3117 69.739 9.3162 74.6542 23.5885 84.0776 101.6229 71.3765 13.1057 1072.1451 800.0819 800.0819 756.061 97.6519 294.3724 179.5083 196.8782 341.3683 1041.7506 230.5491 430.2935 272.2043 110.7206 354.9272 197.3371 268.1896 1052.6022;
	3.696 49.9409 88.3305 117.5281 14.6531 31.9088 29.3024 12.672 25.1113 9.7416 18.0073 26.8633 40.4426 56.369 188.0167 70.8342 87.8869 93.1338 87.4858 66.3484 9.7675 74.4539 25.8341 82.776 102.4833 61.833 12.481 1171.3979 812.0455 812.0455 754.7576 116.4699 291.6192 170.7809 176.7243 346.4728 1090.0403 245.351 433.0593 274.5089 118.7613 353.9751 201.5606 274.8156 1101.3949;
