function loadprofile = ex_load_profilesh1
%EX_LOAD_PROFILE  Example load profile data file for stochastic unit commitment.
% 2022.03.12
% Andres F. Ramirez

%% define constants
[CT_LABEL, CT_PROB, CT_TABLE, CT_TBUS, CT_TGEN, CT_TBRCH, CT_TAREABUS, ...
    CT_TAREAGEN, CT_TAREABRCH, CT_ROW, CT_COL, CT_CHGTYPE, CT_REP, ...
    CT_REL, CT_ADD, CT_NEWVAL, CT_TLOAD, CT_TAREALOAD, CT_LOAD_ALL_PQ, ...
    CT_LOAD_FIX_PQ, CT_LOAD_DIS_PQ, CT_LOAD_ALL_P, CT_LOAD_FIX_P, ...
    CT_LOAD_DIS_P, CT_TGENCOST, CT_TAREAGENCOST, CT_MODCOST_F, ...
    CT_MODCOST_X] = idx_ct;

loadprofile = struct( ...
    'type', 'mpcData', ...
    'table', CT_TAREALOAD, ...
    'rows', [1:11], ...
    'col', CT_LOAD_ALL_P, ...
    'chgtype', 1, ...
    'values', [] );
loadprofile.values(:,1,:) = [
	1527.9608 956.3292 1570.5534 525.012 738.5586 1105.7208 838.9883 252.6 464.8855 4287.7 1700.4308;
	1496.4042 947.8376 1574.8787 531.0133 746.2758 1078.9 828.6 243.8526 469.0965 4297.4024 1695.855;
	1522.0 963.6634 1607.9401 528.1189 773.8051 1074.1574 820.1304 253.4 461.5892 4352.9029 1727.0914;
	1599.1341 1041.5348 1690.9417 526.469 819.8058 1129.1842 860.6038 271.1 485.4241 4508.349 1826.8456;
	1710.9328 1165.0876 1902.6 560.5 919.096 1292.9145 977.7 313.456 601.5901 5082.5813 2055.4299;
	1840.0768 1239.5003 2012.2 558.4029 970.0006 1340.2196 1051.0988 337.1494 660.0823 5695.1151 2204.2305;
	1844.2997 1241.975 2012.4491 555.6 957.5678 1348.716 1075.6282 345.4 668.0101 6031.4 2232.528;
	1819.8033 1248.7219 2001.9 567.2029 948.0643 1296.3917 1067.4191 311.375 655.1327 6230.7 2179.9997;
	1816.9916 1258.802 2022.1 554.6501 976.4952 1324.0 1080.5061 307.0241 677.9759 6347.9628 2170.2818;
	1836.9628 1248.2942 2021.4853 553.4803 957.5 1323.2179 1058.2276 275.5 682.2549 6304.4841 2097.5877;
	1812.5 1230.9252 1994.736 548.474 961.7651 1305.3472 1072.1 289.2288 686.3812 6454.4463 2124.7931;
	1817.9117 1220.0974 1986.7687 544.2646 1000.7005 1283.0922 1098.7368 287.1205 696.6625 6371.1908 2178.7868;
	1789.3451 1228.5099 1960.8893 543.4 955.6838 1289.9441 1099.8105 273.5037 680.9518 6357.2275 2138.8167;
	1753.8314 1210.3577 1957.4656 541.9538 965.3223 1293.6357 1076.7626 289.802 686.0873 6596.9192 2158.9038;
	1729.8646 1201.0781 1962.1293 558.5 971.0425 1349.7954 1088.5615 280.8272 676.6 6321.3262 2185.4302;
	1740.5592 1202.7904 2019.648 574.4248 966.6361 1346.2412 1086.5882 280.6 667.5 6287.1549 2249.4929;
	1679.1386 1167.9065 1926.4587 563.6984 963.4305 1376.462 1098.9964 305.2409 673.7 6101.4552 2282.7926;
	1706.1966 1190.0624 1977.4 550.3061 1004.1524 1428.2 1140.8 307.5189 715.6 6080.6709 2404.0937;
	1754.4 1193.4802 1947.5712 547.8334 984.3 1398.8807 1118.7753 248.4556 670.6507 5945.3996 2325.359;
	1684.9995 1134.8 1841.7523 532.5287 916.7636 1345.2722 1122.4883 286.3146 683.7299 5859.541 2268.0437;
	1609.776 1061.0886 1733.131 511.104 810.6511 1245.1563 1040.6853 244.9038 618.9 5499.9636 2084.6153;
	1487.6953 960.1979 1627.8822 522.3264 772.7208 1167.6776 973.1778 236.0109 565.1464 5117.4867 1865.6632;
	1452.338 909.8631 1538.4 497.334 756.0499 1083.8832 897.4097 224.1336 504.5513 4650.8455 1708.5097;
	1430.8271 896.1575 1524.6693 504.5 766.5 1060.8 868.0441 237.5 496.1031 4499.7031 1680.5869;
];
