function solarprofile = ex_solar_profilesh1
%EX_WIND_PROFILE_D  Example wind_load_nyiso profile data for deterministic unit commitment.
% 2022.03.12
% Andres F. Ramirez


%% define constants
[GEN_BUS, PG, QG, QMAX, QMIN, VG, MBASE, GEN_STATUS, PMAX, PMIN, ...
    MU_PMAX, MU_PMIN, MU_QMAX, MU_QMIN, PC1, PC2, QC1MIN, QC1MAX, ...
    QC2MIN, QC2MAX, RAMP_AGC, RAMP_10, RAMP_30, RAMP_Q, APF] = idx_gen;
[CT_LABEL, CT_PROB, CT_TABLE, CT_TBUS, CT_TGEN, CT_TBRCH, CT_TAREABUS, ...
    CT_TAREAGEN, CT_TAREABRCH, CT_ROW, CT_COL, CT_CHGTYPE, CT_REP, ...
    CT_REL, CT_ADD, CT_NEWVAL, CT_TLOAD, CT_TAREALOAD, CT_LOAD_ALL_PQ, ...
    CT_LOAD_FIX_PQ, CT_LOAD_DIS_PQ, CT_LOAD_ALL_P, CT_LOAD_FIX_P, ...
    CT_LOAD_DIS_P, CT_TGENCOST, CT_TAREAGENCOST, CT_MODCOST_F, ...
    CT_MODCOST_X] = idx_ct;

solarprofile = struct( ...
    'type', 'mpcData', ...
    'table', CT_TGEN, ...
    'rows', [1:12], ...
    'col', PMAX, ...
    'chgtype', 1, ...
    'values', [] );
solarprofile.values(:,1,:) = [
	0.0 0.0 0.0 0.0 0.0 0.0 0.0 0.0 0.0 0.0 0.0 0.0;
	0.0 0.0 0.0 0.0 0.0 0.0 0.0 0.0 0.0 0.0 0.0 0.0;
	0.0 0.0 0.0 0.0 0.0 0.0 0.0 0.0 0.0 0.0 0.0 0.0;
	0.0 0.0 0.0 0.0 0.0 0.0 0.0 0.0 0.0 0.0 0.0 0.0;
	0.0 0.0 0.0 0.0 0.0 0.0 0.0 0.0 0.0 0.0 0.0 0.0;
	0.0951 0.0972 0.1051 0.0 0.0 0.1251 0.0156 0.1784 0.0 0.0 0.0 0.0;
	2.676 2.4725 2.1555 3.4527 9.4248 120.4863 15.0608 16.8318 35.6083 55.8949 30.1575 101.2261;
	4.7931 4.6196 2.4729 5.4901 11.9355 112.8138 14.1017 19.0957 14.8244 155.0089 113.3111 280.722;
	7.5005 6.505 2.9397 7.5214 12.3638 128.2355 16.0294 20.219 16.5277 263.409 193.5926 477.0353;
	19.8216 13.8247 11.6673 8.3128 11.7515 406.0891 50.7611 62.379 194.9182 341.6005 246.3103 618.6406;
	23.4263 16.0537 13.2545 7.8836 11.6327 415.9938 51.9992 62.063 220.9938 351.6858 253.1945 636.9051;
	23.6599 16.0751 13.2624 5.7237 11.4112 404.9743 50.6218 62.0675 226.3121 346.1858 234.9545 626.9445;
	18.5897 16.5289 10.7165 1.0241 6.0917 360.4908 45.0614 62.9121 222.3818 296.1837 180.3999 536.3904;
	6.6004 10.9614 3.7745 0.8002 4.4206 338.8282 42.3535 63.4926 211.5768 237.5568 172.4248 430.2167;
	1.4754 2.6924 1.1498 0.6965 2.9593 302.0419 37.7552 60.6765 186.0275 175.6481 194.7591 318.0997;
	0.4072 0.4178 0.4976 1.3285 2.1382 105.3191 13.1649 22.6521 27.8844 40.5323 81.7897 73.4043;
	0.8987 0.7348 0.5349 0.7126 1.5277 36.1591 4.5199 6.5804 20.2353 13.3757 9.7056 24.2235;
	0.0 0.0 0.0 0.0 0.0 0.0 0.0 0.0 0.0 0.0 0.0 0.0;
	0.0 0.0 0.0 0.0 0.0 0.0 0.0 0.0 0.0 0.0 0.0 0.0;
	0.0 0.0 0.0 0.0 0.0 0.0 0.0 0.0 0.0 0.0 0.0 0.0;
	0.0 0.0 0.0 0.0 0.0 0.0 0.0 0.0 0.0 0.0 0.0 0.0;
	0.0 0.0 0.0 0.0 0.0 0.0 0.0 0.0 0.0 0.0 0.0 0.0;
	0.0 0.0 0.0 0.0 0.0 0.0 0.0 0.0 0.0 0.0 0.0 0.0;
	0.0 0.0 0.0 0.0 0.0 0.0 0.0 0.0 0.0 0.0 0.0 0.0;
];
