function windprofile = ex_wind_profilesh1
%EX_WIND_PROFILE_D  Example wind_load_nyiso profile data for deterministic unit commitment.
% 2022.03.12
% Andres F. Ramirez


%% define constants
[GEN_BUS, PG, QG, QMAX, QMIN, VG, MBASE, GEN_STATUS, PMAX, PMIN, ...
    MU_PMAX, MU_PMIN, MU_QMAX, MU_QMIN, PC1, PC2, QC1MIN, QC1MAX, ...
    QC2MIN, QC2MAX, RAMP_AGC, RAMP_10, RAMP_30, RAMP_Q, APF] = idx_gen;
[CT_LABEL, CT_PROB, CT_TABLE, CT_TBUS, CT_TGEN, CT_TBRCH, CT_TAREABUS, ...
    CT_TAREAGEN, CT_TAREABRCH, CT_ROW, CT_COL, CT_CHGTYPE, CT_REP, ...
    CT_REL, CT_ADD, CT_NEWVAL, CT_TLOAD, CT_TAREALOAD, CT_LOAD_ALL_PQ, ...
    CT_LOAD_FIX_PQ, CT_LOAD_DIS_PQ, CT_LOAD_ALL_P, CT_LOAD_FIX_P, ...
    CT_LOAD_DIS_P, CT_TGENCOST, CT_TAREAGENCOST, CT_MODCOST_F, ...
    CT_MODCOST_X] = idx_ct;

windprofile = struct( ...
    'type', 'mpcData', ...
    'table', CT_TGEN, ...
    'rows', [1:45], ...
    'col', PMAX, ...
    'chgtype', 1, ...
    'values', [] );
windprofile.values(:,1,:) = [
	3.5128 47.466 86.9884 111.5848 14.6924 12.1885 14.3887 16.5211 25.923 20.218 37.3727 55.7527 83.9354 6.5848 20.9086 7.8772 9.7736 10.3571 12.1111 20.9291 4.7962 28.4398 55.7488 84.7253 97.0713 68.6672 6.4195 668.0333 385.7223 385.7223 208.7067 37.7373 40.3703 53.8715 20.6443 164.5749 537.539 52.1743 278.9564 260.0123 14.3382 135.211 114.477 209.4617 543.1383;
	3.4148 46.1419 87.1549 109.1277 14.5598 12.0207 14.3148 16.538 25.6768 15.957 29.4962 44.0025 66.2456 6.1879 10.5336 3.9685 4.9238 5.2178 8.0131 4.6565 4.7716 28.0483 46.9127 82.6152 94.1113 69.9807 6.5544 674.8985 370.1696 370.1696 161.3771 28.2067 26.7105 11.9858 19.3999 157.939 531.5905 42.0385 273.5731 252.084 11.9632 133.3496 105.4933 205.2362 537.1279;
	3.1861 43.0518 89.3209 110.0823 15.0163 8.461 13.5357 17.4024 26.7994 22.0423 40.7448 60.7833 91.5089 9.0117 15.7907 5.9491 7.3813 7.8219 18.4985 15.9015 4.5119 19.7422 59.3478 81.8757 93.8927 70.4948 8.1885 657.0984 358.484 358.484 142.7141 29.2394 61.6616 40.9305 28.2527 152.9532 449.0109 24.7543 239.6362 251.4984 9.1945 93.8603 86.9773 192.4832 453.6881;
	2.8819 38.9403 89.739 103.9742 14.6608 10.2592 12.1573 17.621 25.5893 21.4285 39.6102 59.0906 88.9606 10.0589 14.3897 5.4212 6.7263 7.1279 12.3531 18.3303 4.0524 23.9381 61.9783 81.8865 98.2803 74.5485 9.4988 538.477 287.6606 287.6606 155.4232 26.8431 41.177 47.1821 31.5361 122.7352 354.9478 21.6358 166.3755 263.2508 3.3094 113.8087 79.2195 200.1131 358.6451;
	2.5403 34.3256 91.6044 109.7016 14.2043 13.2428 11.5976 17.7807 16.7467 20.3333 37.5857 56.0705 84.4139 14.1254 18.628 7.018 8.7075 9.2274 19.9854 22.4197 3.8659 30.8998 50.2937 83.6438 98.9558 72.895 9.5554 415.536 230.3169 230.3169 144.4164 23.9375 66.6179 57.7084 44.2851 98.2685 224.4918 27.0878 171.1376 265.0601 14.3334 146.9067 90.3818 216.7643 226.8303;
	3.0573 41.3104 89.5368 108.7609 14.3378 19.2521 11.6652 17.581 9.8829 18.932 34.9955 52.2065 78.5966 27.4879 23.5804 8.8838 11.0225 11.6805 35.4827 25.9321 3.8884 44.9217 54.6135 82.3091 96.0883 71.5675 7.1942 338.3831 203.3945 203.3945 121.8317 22.8692 118.2757 66.7493 86.1783 86.7816 188.8614 24.0976 189.627 257.3795 12.9976 213.5704 89.6361 212.0727 190.8287;
	2.5909 35.0091 87.1542 107.1938 14.2933 21.1132 11.8194 17.2727 9.0635 24.1283 44.6008 66.5356 100.169 38.1673 30.059 11.3246 14.0508 14.8897 39.1496 33.7375 3.9398 49.2641 65.3133 81.8769 98.0527 70.9755 10.6065 285.6951 223.331 223.331 93.7887 15.3756 130.4987 86.8403 119.6595 95.2879 203.6253 14.5511 140.8752 262.6413 12.8386 234.2154 94.9467 228.0357 205.7464;
	1.7536 23.6949 66.3689 110.9616 14.3212 17.4889 12.8996 17.4814 17.167 26.1585 48.3536 72.1341 108.5974 41.8381 29.2316 11.0128 13.6641 14.4798 51.996 48.6083 4.2999 40.8074 66.8727 81.6012 95.8295 71.2192 11.8854 179.1877 185.6237 185.6237 82.1525 7.0467 173.3201 125.118 131.1681 79.1994 145.0958 12.7556 160.5875 256.6862 11.4341 194.01 94.134 204.1327 146.6072;
	2.7531 37.2009 83.7259 106.7259 14.3611 23.2484 11.0342 17.6003 18.5931 27.3453 50.5474 75.4067 113.5244 40.9217 25.4494 9.5879 11.8961 12.6064 63.7384 47.3784 3.6781 54.2462 69.509 81.5535 96.0973 70.1916 11.5937 185.0302 149.2499 149.2499 68.2121 5.9378 212.4614 121.9521 128.295 63.6799 127.4771 15.6971 119.4859 257.4034 23.712 257.902 88.0723 234.5439 128.805;
	1.9374 26.179 86.9756 110.0166 13.1911 14.3819 10.6562 18.6708 25.6757 29.2479 54.0644 80.6534 121.4233 38.8636 109.595 41.2893 51.2293 54.2877 76.0155 43.2162 3.5521 33.5578 70.3753 83.7149 100.507 71.2558 12.4265 260.361 231.5914 231.5914 95.5477 7.0931 253.3849 111.2385 121.8427 98.8123 220.3947 17.992 11.7928 269.2153 32.363 159.5435 85.1388 221.9856 222.6905;
	1.6172 21.8518 81.0683 105.1363 13.0043 25.1862 14.1949 17.6962 25.7963 28.5247 52.7274 78.6589 118.4206 44.8402 133.4842 50.2894 62.3961 66.1212 69.093 34.7216 4.7316 58.7677 69.6103 83.4179 94.5575 71.5787 11.6386 410.9853 292.2575 292.2575 150.9205 11.6914 230.3101 89.3735 140.5802 124.6965 355.418 23.9459 147.6918 253.279 7.2045 279.3984 94.6796 194.309 359.1202;
	1.7726 23.9521 87.3132 97.3226 12.5632 30.9308 19.3437 18.2687 25.7642 27.5871 50.9943 76.0734 114.5281 41.2563 108.566 40.9016 50.7483 53.778 79.258 49.5856 6.4479 72.1718 70.5497 84.8986 98.3461 69.4857 12.0235 484.5594 348.1642 348.1642 243.9908 14.502 264.1933 127.6334 129.344 148.55 447.6258 37.6525 162.3018 263.427 18.4262 343.1252 113.1323 189.8987 452.2886;
	3.0222 40.836 89.4743 88.6602 14.395 31.1716 20.5038 16.7744 26.6857 28.0859 51.9165 77.4491 116.5992 46.8378 46.7724 17.6212 21.8634 23.1687 83.6815 58.9377 6.8346 72.7338 70.4436 82.6518 97.8399 69.628 10.838 639.8672 419.358 419.358 262.3959 21.6058 278.9382 151.7059 146.8428 178.9261 611.7295 50.0033 196.7815 262.0712 33.4772 345.7974 146.5243 225.8813 618.1017;
	3.7248 50.3302 88.4624 102.9614 15.0693 30.8765 22.1363 16.5154 26.2095 27.8943 51.5622 76.9206 115.8035 41.6734 65.1041 24.5276 30.4324 32.2492 82.7972 57.308 7.3788 72.0451 67.906 82.92 96.1051 69.7361 10.9777 742.0902 563.2855 563.2855 368.5709 25.9143 275.9905 147.5108 130.6517 240.3351 725.9153 74.9014 249.0645 257.4243 22.483 342.5232 145.6504 254.3835 733.477;
	3.8047 51.4105 88.3494 104.0098 14.9262 31.7056 25.8059 15.96 26.484 24.866 45.9644 68.5698 103.2315 52.5924 91.9723 34.65 42.9917 45.5584 84.2867 55.5284 8.602 73.9797 48.285 84.3418 96.3879 69.3752 11.233 921.0824 627.852 627.852 461.5389 34.9455 280.9555 142.9302 164.8842 267.8835 907.8544 110.0259 369.7137 258.1818 14.0415 351.7207 156.7111 263.4909 917.3112;
	3.7863 51.1615 90.6606 111.063 15.1365 33.3066 27.7857 16.8351 26.56 19.8377 36.6697 54.704 82.3565 54.2005 132.7349 50.0071 62.0459 65.7501 84.6571 62.8851 9.2619 77.7154 38.4104 86.053 99.5109 71.5899 11.8986 1010.6916 695.3503 695.3503 611.3517 43.7708 282.1904 161.8665 169.9259 296.6828 972.2408 155.6965 335.7368 266.5469 9.6099 369.4814 174.2588 265.8128 982.3683;
	3.8021 51.3742 90.5572 114.2122 15.2337 33.609 29.6922 17.5501 27.1026 18.9387 35.008 52.225 78.6244 63.1098 167.7066 63.1825 78.3931 83.0733 84.8396 68.9846 9.8974 78.421 6.4821 87.4352 99.2219 74.1342 12.8222 1037.6242 734.8308 734.8308 659.7069 81.4237 282.7985 177.5664 197.8579 313.5278 1011.3746 208.4307 359.0602 265.7728 11.9324 372.8358 203.8827 280.1471 1021.9097;
	3.6663 49.5398 91.0713 113.387 14.6869 32.9396 29.2497 18.0193 26.4649 16.8099 31.0728 46.3546 69.7866 63.9855 182.7385 68.8457 85.4196 90.5193 84.2496 68.5175 9.7499 76.8591 19.2167 88.0608 102.045 75.2638 13.2995 1138.6424 745.8728 745.8728 669.4539 92.2244 280.8321 176.3642 200.6033 318.2391 1084.192 225.9089 418.819 273.3348 109.7249 365.4102 192.3204 270.992 1095.4856;
	3.7264 50.3524 89.698 118.4039 14.08 33.5824 30.5096 12.8758 26.4398 17.0841 31.5797 47.1106 70.9248 62.1351 180.7551 68.0984 84.4925 89.5368 71.4162 65.3801 10.1699 78.3589 27.8497 86.5038 102.5134 66.8979 12.7756 1235.6618 755.8686 755.8686 607.0067 103.8161 238.054 168.2886 194.8019 322.5039 1102.2368 227.2523 440.3736 274.5894 119.4209 372.5404 201.9089 270.2397 1113.7185;
