function loadprofile = ex_load_profilesh1
%EX_LOAD_PROFILE  Example load profile data file for stochastic unit commitment.
% 2022.03.12
% Andres F. Ramirez

%% define constants
[CT_LABEL, CT_PROB, CT_TABLE, CT_TBUS, CT_TGEN, CT_TBRCH, CT_TAREABUS, ...
    CT_TAREAGEN, CT_TAREABRCH, CT_ROW, CT_COL, CT_CHGTYPE, CT_REP, ...
    CT_REL, CT_ADD, CT_NEWVAL, CT_TLOAD, CT_TAREALOAD, CT_LOAD_ALL_PQ, ...
    CT_LOAD_FIX_PQ, CT_LOAD_DIS_PQ, CT_LOAD_ALL_P, CT_LOAD_FIX_P, ...
    CT_LOAD_DIS_P, CT_TGENCOST, CT_TAREAGENCOST, CT_MODCOST_F, ...
    CT_MODCOST_X] = idx_ct;

loadprofile = struct( ...
    'type', 'mpcData', ...
    'table', CT_TAREALOAD, ...
    'rows', [1:11], ...
    'col', CT_LOAD_ALL_P, ...
    'chgtype', 1, ...
    'values', [] );
loadprofile.values(:,1,:) = [
	1475.7569 922.2233 1567.7897 561.2579 780.3328 1126.2249 851.3086 247.0275 507.5344 4487.779 1707.6782;
	1468.0078 920.1588 1565.2115 560.6745 778.045 1124.3677 848.0866 245.5102 502.0208 4435.8327 1696.2188;
	1488.6933 938.9493 1597.1203 564.3959 792.2484 1145.8423 859.0726 250.321 509.8895 4461.0482 1723.1122;
	1564.4889 1009.1424 1701.9212 574.1092 850.7042 1217.7082 910.2591 271.9267 544.9244 4689.7715 1831.5382;
	1717.477 1136.8648 1898.5448 592.8821 963.9371 1369.8755 1015.8281 311.5884 621.9884 5217.075 2057.262;
	1826.7321 1215.7235 2004.2676 599.1874 1020.7257 1449.2911 1080.9795 338.9885 685.0028 5742.1552 2200.4232;
	1837.8938 1220.2396 2000.5653 591.45 1016.4022 1441.613 1098.7682 342.0624 696.047 6046.9604 2228.998;
	1839.7107 1219.3324 1988.8254 584.1168 1007.0377 1426.5551 1100.8173 339.1303 700.1569 6222.3277 2216.9064;
	1841.7554 1220.4007 1978.7534 576.3812 995.8926 1410.7434 1097.9653 336.8601 700.7063 6278.8263 2201.4996;
	1833.275 1216.8566 1959.1619 571.0989 981.2206 1389.1699 1088.7257 332.1404 693.0722 6292.6128 2158.6365;
	1810.8162 1202.6992 1934.1061 566.8383 963.8434 1366.4458 1072.1901 327.4466 685.3277 6283.6342 2127.9355;
	1806.6133 1194.8762 1917.2521 561.8845 950.4235 1351.193 1063.19 323.0998 680.4733 6264.0961 2112.1378;
	1779.2934 1179.8404 1885.6584 559.5665 933.822 1333.9798 1055.2118 319.7854 674.4626 6219.1947 2112.6487;
	1748.0093 1169.465 1862.9143 557.7056 923.3535 1324.1867 1049.098 319.1793 671.3805 6211.7873 2129.332;
	1738.6504 1165.8371 1863.2829 557.6859 927.0967 1339.6968 1054.6572 320.1131 672.9016 6226.4952 2174.2604;
	1734.4333 1167.3956 1870.8684 561.053 938.4887 1367.8632 1069.9437 325.6232 676.6527 6220.8838 2233.9298;
	1725.5445 1165.4171 1882.7597 565.3732 953.6355 1398.4139 1090.4168 337.7297 686.9848 6105.9771 2309.6713;
	1774.5705 1205.733 1945.7998 574.0718 992.4003 1459.9575 1147.4973 354.5877 721.2124 6127.5555 2431.0081;
	1796.4292 1213.5442 1942.1805 572.7811 985.3682 1445.0058 1142.8352 351.3673 711.3838 6022.5261 2406.0675;
	1740.5067 1144.6005 1849.8001 561.6527 930.1401 1364.9816 1089.0456 334.488 676.7259 5802.6094 2291.8042;
	1650.0375 1057.1802 1728.0717 547.025 865.2935 1263.7566 1011.2136 305.4821 626.1623 5495.7863 2116.3239;
	1548.1203 977.3929 1613.5205 535.4184 805.6325 1172.8882 930.4882 275.4233 572.181 5116.317 1932.1343;
	1508.8335 922.9006 1561.5116 524.5873 777.8658 1138.0727 875.5574 253.7246 529.031 4719.7092 1799.9634;
	1471.6235 893.3756 1528.4137 523.9448 754.0438 1107.3635 840.2733 241.7225 503.5829 4498.8175 1714.7377;
];
