function windprofile = ex_wind_profilesh1
%EX_WIND_PROFILE_D  Example wind_load_nyiso profile data for deterministic unit commitment.
% 2022.03.12
% Andres F. Ramirez


%% define constants
[GEN_BUS, PG, QG, QMAX, QMIN, VG, MBASE, GEN_STATUS, PMAX, PMIN, ...
    MU_PMAX, MU_PMIN, MU_QMAX, MU_QMIN, PC1, PC2, QC1MIN, QC1MAX, ...
    QC2MIN, QC2MAX, RAMP_AGC, RAMP_10, RAMP_30, RAMP_Q, APF] = idx_gen;
[CT_LABEL, CT_PROB, CT_TABLE, CT_TBUS, CT_TGEN, CT_TBRCH, CT_TAREABUS, ...
    CT_TAREAGEN, CT_TAREABRCH, CT_ROW, CT_COL, CT_CHGTYPE, CT_REP, ...
    CT_REL, CT_ADD, CT_NEWVAL, CT_TLOAD, CT_TAREALOAD, CT_LOAD_ALL_PQ, ...
    CT_LOAD_FIX_PQ, CT_LOAD_DIS_PQ, CT_LOAD_ALL_P, CT_LOAD_FIX_P, ...
    CT_LOAD_DIS_P, CT_TGENCOST, CT_TAREAGENCOST, CT_MODCOST_F, ...
    CT_MODCOST_X] = idx_ct;

windprofile = struct( ...
    'type', 'mpcData', ...
    'table', CT_TGEN, ...
    'rows', [1:45], ...
    'col', PMAX, ...
    'chgtype', 1, ...
    'values', [] );
windprofile.values(:,1,:) = [
	3.6175 48.8807 92.9071 118.5118 14.4842 12.3772 14.0519 17.0052 26.4036 15.6338 28.8988 43.1113 64.9038 6.6518 13.6755 5.1522 6.3925 6.7742 12.1658 23.8374 4.684 28.8801 55.1493 84.737 96.2549 71.2013 7.7605 686.2035 381.8264 381.8264 200.5333 34.7537 40.5527 61.3575 20.8543 162.9126 523.7679 50.0999 293.2443 257.8257 13.783 137.3044 109.4197 234.0014 529.2238;
	3.5795 48.3669 92.1706 116.0405 14.4183 14.2271 13.684 16.98 26.2408 13.3601 24.696 36.8416 55.4649 7.1465 12.682 4.7779 5.9281 6.282 12.5782 15.7853 4.5613 33.1965 52.0909 83.6838 95.8164 73.5879 7.2809 694.6984 380.0292 380.0292 168.6367 26.8982 41.9275 40.6314 22.4051 162.1458 505.3712 48.8928 286.5379 256.651 10.1328 157.8257 101.6463 223.482 510.6355;
	3.3838 45.7229 92.9714 117.404 14.7632 12.4076 12.5646 17.8778 26.1239 20.5124 37.9168 56.5645 85.1575 8.0468 15.4125 5.8066 7.2045 7.6346 20.4064 24.469 4.1882 28.9511 58.7662 86.9115 97.6329 75.296 8.5008 673.8782 352.3053 352.3053 143.4691 31.5512 68.0213 62.9833 25.2277 150.3169 447.8142 37.0415 224.5916 261.5166 8.6265 137.6418 81.1749 217.0507 452.4789;
	3.0081 40.6458 91.9103 114.3219 14.5846 12.0078 11.886 17.8408 25.936 18.5842 34.3526 51.2473 77.1525 11.1633 11.9044 4.4849 5.5646 5.8968 12.4651 23.046 3.962 28.0181 55.5095 87.5583 99.9482 75.3812 9.976 527.8913 281.2855 281.2855 152.1718 28.6557 41.5503 59.3204 34.9985 120.0152 350.3802 34.6352 171.4153 267.7184 6.4451 133.206 71.0442 220.7373 354.03;
	2.5196 34.045 93.5554 116.2667 14.9432 14.0476 10.7842 18.2123 16.9789 20.2283 37.3918 55.7812 83.9782 16.4869 12.2255 4.6059 5.7147 6.0559 20.5835 25.0359 3.5947 32.7778 54.4176 85.2403 100.9547 75.0087 10.5304 390.1197 220.0277 220.0277 139.0737 28.2306 68.6115 64.4426 51.6887 93.8785 223.1235 36.4648 172.3795 270.4145 14.0637 155.8349 77.1486 226.4233 225.4477;
	3.2849 44.3856 93.0002 113.6004 14.8379 23.1634 12.3059 18.5924 10.6901 19.7532 36.5136 54.4711 82.0059 31.5712 16.9957 6.403 7.9445 8.4188 36.2343 27.9384 4.102 54.0479 59.2043 85.65 101.3565 75.2135 9.0405 323.4594 210.445 210.445 138.2175 26.9282 120.781 71.9136 98.98 89.7899 197.7563 38.3185 203.7404 271.4906 14.9664 256.959 90.6106 234.4621 199.8162;
	2.6114 35.2857 90.075 110.1523 14.039 22.4386 12.9507 17.7816 12.616 25.4131 46.9757 70.0785 105.5028 42.8316 16.9499 6.3858 7.9231 8.3961 41.4348 34.8477 4.3169 52.3568 66.9326 83.8761 99.4837 75.1642 11.2425 305.9881 245.2355 245.2355 118.3691 18.6583 138.1161 89.698 134.2827 104.6338 242.6175 28.5458 159.2412 266.4741 10.7502 248.9193 87.8317 241.3671 245.1448;
	1.9584 26.4622 71.6002 113.897 14.7845 20.5002 13.4062 18.5716 19.7347 27.9505 51.6661 77.0756 116.0369 46.9273 26.7754 10.0875 12.516 13.2632 56.1888 51.8375 4.4687 47.8339 69.4954 84.3666 102.3393 76.0505 12.4743 188.0688 199.7878 199.7878 117.5074 9.6682 187.2959 133.4298 147.1233 85.2428 189.1448 81.0548 183.2998 274.1231 9.2767 227.416 93.1348 218.596 191.1151;
	2.6995 36.4766 83.2335 104.6075 14.5307 24.9341 12.1505 18.8157 20.9681 27.3539 50.5633 75.4305 113.5602 48.1497 20.6343 7.7739 9.6454 10.2212 67.3569 44.7719 4.0502 58.1797 69.4283 83.5592 99.7231 75.5026 12.4843 146.4067 170.2262 170.2262 103.6176 6.9213 224.5231 115.2429 150.9559 72.6298 171.6335 31.9547 143.1707 267.1155 21.2237 276.6028 83.2445 246.1596 173.4214;
	1.87 25.2673 84.9104 110.2892 12.6529 14.8479 11.4091 18.878 26.4383 28.4469 52.5837 78.4446 118.0978 46.2044 11.6148 4.3758 5.4292 5.7534 78.0153 39.6139 3.803 34.6451 67.336 86.4742 104.2195 76.3855 13.3283 269.8765 262.5874 262.5874 122.711 8.9582 260.0511 101.9663 144.8569 112.0373 285.9727 26.9255 149.4658 279.1595 29.738 164.7128 81.9136 234.7594 288.9516;
	1.6547 22.3587 84.2939 108.0067 12.7304 27.8379 14.4819 18.5604 27.5756 29.3759 54.3008 81.0061 121.9543 53.167 8.9292 3.364 4.1739 4.4231 71.0402 33.2355 4.8273 64.955 71.2643 87.6623 100.4642 76.4643 12.3302 393.0346 320.1462 320.1462 176.4333 12.6377 236.8008 85.5482 166.6856 136.5957 373.3751 28.6336 174.9615 269.1005 26.3239 308.8149 97.5762 214.9983 377.2644;
	1.8338 24.7789 90.4422 97.8421 12.674 31.8965 19.4457 18.8443 27.955 28.7078 53.0658 79.1638 119.1807 52.2247 16.5338 6.229 7.7286 8.19 82.3268 47.08 6.4819 74.4253 70.5285 88.4199 99.5708 76.2108 12.9078 463.5656 388.3427 388.3427 298.0872 17.8719 274.4227 121.1841 163.7315 165.6929 469.044 50.0478 197.4064 266.7076 24.9988 353.839 113.716 210.9182 473.9299;
	2.9168 39.4126 92.3623 93.6628 14.1536 32.2944 20.2152 17.971 27.8286 29.5621 54.6452 81.5199 122.7277 55.1999 44.7451 16.8575 20.9157 22.1644 87.8651 60.1655 6.7384 75.3537 71.7743 87.6005 102.3409 74.8124 11.6808 598.5513 453.7796 453.7796 335.3773 23.0068 292.8835 154.8662 173.0591 193.6126 603.999 61.7828 216.6745 274.1275 12.3853 358.2531 147.251 233.8378 610.2906;
	3.6055 48.7186 89.8993 109.0721 14.5691 31.3736 21.4383 17.9748 27.2751 29.9721 55.4029 82.6503 124.4296 57.4284 63.5334 23.9358 29.6982 31.4712 87.7812 57.1006 7.1461 73.205 68.3807 88.5827 100.8465 73.5237 11.255 762.8677 595.8163 595.8163 415.7152 30.6237 292.6041 146.977 180.0457 254.2149 740.9666 86.2525 291.631 270.1247 34.141 348.0376 143.98 261.2738 748.685;
	3.538 47.8063 87.999 106.0887 14.0221 32.6852 25.5866 18.1578 27.7708 25.385 46.9237 70.001 105.3861 61.0415 93.5379 35.2398 43.7235 46.3339 86.2589 57.4913 8.5289 76.2654 45.7133 84.7234 99.8115 72.9343 12.5446 942.2204 688.173 688.173 546.5139 38.806 287.5298 147.9828 191.3735 293.6205 951.348 119.1508 423.0383 267.3524 9.704 362.5875 152.4123 245.4502 961.2579;
	3.6613 49.4718 89.7712 109.5955 14.4427 33.7277 27.9184 16.925 28.3115 21.6381 39.9976 59.6686 89.8307 64.9981 134.5672 50.6974 62.9023 66.6577 91.0323 67.577 9.3061 78.6981 45.1042 81.258 97.5098 69.2577 12.2802 1061.0923 760.0856 760.0856 730.3276 50.7832 303.4409 173.9433 203.7778 324.3032 1036.6603 172.9561 408.2467 261.1869 0.6108 374.1531 173.7999 245.5603 1047.4588;
	3.8127 51.5184 91.4153 114.8285 14.4493 34.1946 30.5926 18.4068 28.3798 20.4965 37.8875 56.5207 85.0916 64.6945 162.7263 61.3062 76.0651 80.6063 91.7105 70.4566 10.1975 79.7874 31.4288 82.3663 100.8148 73.3206 13.268 1085.3516 764.3252 764.3252 770.6865 86.1467 305.7018 181.3555 202.8259 326.1121 1049.0313 221.3454 448.7633 270.0395 5.2086 379.3323 209.7307 272.6249 1059.9587;
	3.7499 50.6691 94.3156 116.176 14.6623 33.9185 31.0319 18.7508 28.4397 20.3188 37.559 56.0306 84.3538 63.4721 180.8064 68.1178 84.5165 89.5622 92.3695 71.5861 10.344 79.1431 40.5831 83.383 103.6595 73.6846 13.7315 1185.8822 775.9916 775.9916 771.1587 100.0809 307.8982 184.2629 198.9935 331.0897 1110.7884 249.8403 463.9126 277.6594 112.9399 376.2687 199.0258 262.3267 1122.3591;
	3.6556 49.3959 91.4141 116.9513 14.6142 34.444 31.2123 13.6073 28.1678 22.3038 41.2282 61.5044 92.5945 60.7099 187.9578 70.812 87.8594 93.1047 92.3551 70.371 10.4041 80.3693 57.0863 81.577 102.5812 64.7405 13.6336 1157.1908 754.9049 754.9049 690.3276 108.1968 307.8503 181.1351 190.3337 322.0928 1069.546 256.2692 454.0443 274.771 114.6569 382.0985 208.8779 271.5924 1080.6871;
