function solarprofile = ex_solar_profilesh1
%EX_WIND_PROFILE_D  Example wind_load_nyiso profile data for deterministic unit commitment.
% 2022.03.12
% Andres F. Ramirez


%% define constants
[GEN_BUS, PG, QG, QMAX, QMIN, VG, MBASE, GEN_STATUS, PMAX, PMIN, ...
    MU_PMAX, MU_PMIN, MU_QMAX, MU_QMIN, PC1, PC2, QC1MIN, QC1MAX, ...
    QC2MIN, QC2MAX, RAMP_AGC, RAMP_10, RAMP_30, RAMP_Q, APF] = idx_gen;
[CT_LABEL, CT_PROB, CT_TABLE, CT_TBUS, CT_TGEN, CT_TBRCH, CT_TAREABUS, ...
    CT_TAREAGEN, CT_TAREABRCH, CT_ROW, CT_COL, CT_CHGTYPE, CT_REP, ...
    CT_REL, CT_ADD, CT_NEWVAL, CT_TLOAD, CT_TAREALOAD, CT_LOAD_ALL_PQ, ...
    CT_LOAD_FIX_PQ, CT_LOAD_DIS_PQ, CT_LOAD_ALL_P, CT_LOAD_FIX_P, ...
    CT_LOAD_DIS_P, CT_TGENCOST, CT_TAREAGENCOST, CT_MODCOST_F, ...
    CT_MODCOST_X] = idx_ct;

solarprofile = struct( ...
    'type', 'mpcData', ...
    'table', CT_TGEN, ...
    'rows', [1:12], ...
    'col', PMAX, ...
    'chgtype', 1, ...
    'values', [] );
solarprofile.values(:,1,:) = [
	0.0 0.0 0.0 0.0 0.0 0.0 0.0 0.0 0.0 0.0 0.0 0.0;
	0.0 0.0 0.0 0.0 0.0 0.0 0.0 0.0 0.0 0.0 0.0 0.0;
	0.0 0.0 0.0 0.0 0.0 0.0 0.0 0.0 0.0 0.0 0.0 0.0;
	0.0 0.0 0.0 0.0 0.0 0.0 0.0 0.0 0.0 0.0 0.0 0.0;
	0.0 0.0 0.0 0.0 0.0 0.0 0.0 0.0 0.0 0.0 0.0 0.0;
	0.0951 0.0972 0.1051 0.0 0.0 0.1251 0.0156 0.1784 0.0 0.0 0.0 0.0;
	3.775 4.1401 2.7108 6.9238 9.0326 90.5994 11.3249 9.2163 45.7231 63.7311 7.448 115.4174;
	9.5702 13.0573 8.8093 10.4251 12.0142 246.7818 30.8477 27.8928 118.0425 166.3114 29.7265 301.191;
	13.7968 15.2886 10.1385 11.0807 12.369 305.1072 38.1384 41.4813 159.2577 242.827 75.2719 439.7611;
	19.5039 15.8348 12.2451 11.7858 12.4312 412.0879 51.511 67.6896 264.2869 217.1975 62.9975 393.346;
	22.3091 16.0537 13.2545 11.7248 12.9284 370.5693 46.3212 62.7582 249.5922 194.4704 82.7084 352.1871;
	23.5032 16.2152 13.2806 11.7587 13.0557 338.2294 42.2787 59.622 230.5562 167.1702 114.3244 302.7462;
	24.4063 16.8421 13.7874 9.7692 9.0167 337.2733 42.1592 53.0316 202.3119 145.8338 145.1076 264.1059;
	20.8317 16.213 13.2645 8.9282 7.7975 368.8624 46.1078 56.1797 208.7529 182.1382 116.5511 329.8533;
	13.6322 11.4432 9.2799 6.9174 7.093 354.171 44.2714 52.4637 201.9823 164.2974 87.1047 297.5436;
	3.5698 2.767 3.5132 5.8579 6.0864 102.6724 12.834 6.6363 47.3345 50.6838 14.0639 91.7887;
	1.1539 1.0798 0.9036 1.5385 2.2865 33.6537 4.2067 6.2471 21.1415 16.3018 10.1514 29.5226;
	0.0 0.0 0.0 0.0 0.0 0.0 0.0 0.0 0.0 0.0 0.0 0.0;
	0.0 0.0 0.0 0.0 0.0 0.0 0.0 0.0 0.0 0.0 0.0 0.0;
	0.0 0.0 0.0 0.0 0.0 0.0 0.0 0.0 0.0 0.0 0.0 0.0;
	0.0 0.0 0.0 0.0 0.0 0.0 0.0 0.0 0.0 0.0 0.0 0.0;
	0.0 0.0 0.0 0.0 0.0 0.0 0.0 0.0 0.0 0.0 0.0 0.0;
	0.0 0.0 0.0 0.0 0.0 0.0 0.0 0.0 0.0 0.0 0.0 0.0;
	0.0 0.0 0.0 0.0 0.0 0.0 0.0 0.0 0.0 0.0 0.0 0.0;
];
