function solarprofile = ex_solar_profilesh1
%EX_WIND_PROFILE_D  Example wind_load_nyiso profile data for deterministic unit commitment.
% 2022.03.12
% Andres F. Ramirez


%% define constants
[GEN_BUS, PG, QG, QMAX, QMIN, VG, MBASE, GEN_STATUS, PMAX, PMIN, ...
    MU_PMAX, MU_PMIN, MU_QMAX, MU_QMIN, PC1, PC2, QC1MIN, QC1MAX, ...
    QC2MIN, QC2MAX, RAMP_AGC, RAMP_10, RAMP_30, RAMP_Q, APF] = idx_gen;
[CT_LABEL, CT_PROB, CT_TABLE, CT_TBUS, CT_TGEN, CT_TBRCH, CT_TAREABUS, ...
    CT_TAREAGEN, CT_TAREABRCH, CT_ROW, CT_COL, CT_CHGTYPE, CT_REP, ...
    CT_REL, CT_ADD, CT_NEWVAL, CT_TLOAD, CT_TAREALOAD, CT_LOAD_ALL_PQ, ...
    CT_LOAD_FIX_PQ, CT_LOAD_DIS_PQ, CT_LOAD_ALL_P, CT_LOAD_FIX_P, ...
    CT_LOAD_DIS_P, CT_TGENCOST, CT_TAREAGENCOST, CT_MODCOST_F, ...
    CT_MODCOST_X] = idx_ct;

solarprofile = struct( ...
    'type', 'mpcData', ...
    'table', CT_TGEN, ...
    'rows', [1:12], ...
    'col', PMAX, ...
    'chgtype', 1, ...
    'values', [] );
solarprofile.values(:,1,:) = [
	0.0 0.0 0.0 0.0 0.0 0.0 0.0 0.0 0.0 0.0 0.0 0.0;
	0.0 0.0 0.0 0.0 0.0 0.0 0.0 0.0 0.0 0.0 0.0 0.0;
	0.0 0.0 0.0 0.0 0.0 0.0 0.0 0.0 0.0 0.0 0.0 0.0;
	0.0 0.0 0.0 0.0 0.0 0.0 0.0 0.0 0.0 0.0 0.0 0.0;
	0.0 0.0 0.0 0.0 0.0 0.0 0.0 0.0 0.0 0.0 0.0 0.0;
	0.1642 0.1241 0.1884 0.0 0.0 0.1251 0.0156 0.4243 0.0 0.0 0.0 0.0;
	3.6547 3.1417 2.9697 2.4209 7.6176 0.0 0.0 2.9461 52.5224 12.5678 0.3992 22.7603;
	7.7103 7.4319 5.4508 4.58 9.633 11.763 1.4704 3.1787 74.9782 22.8049 19.5245 41.2998;
	12.528 11.9044 7.9214 7.2326 10.0858 19.5162 2.4395 5.709 73.1191 58.3124 41.89 105.6041;
	23.61 16.0942 13.1445 10.2851 9.5533 154.2665 19.2833 44.6496 153.0741 63.7925 88.2956 115.5285;
	24.2949 16.0537 13.1536 11.0284 10.876 236.2734 29.5342 52.6917 175.354 79.4077 105.5895 143.8078;
	24.1386 16.0751 12.9865 10.8312 10.8247 327.2806 40.9101 58.3039 212.5051 92.2259 125.3095 167.0216;
	25.8675 16.8581 13.7384 1.1811 2.7697 362.9862 45.3733 64.0069 229.2189 95.2906 151.7535 172.5719;
	24.3817 17.0739 13.8281 0.6004 1.5472 361.6984 45.2123 64.0739 226.3537 77.7272 136.7789 140.7645;
	22.4769 17.1208 12.5145 0.2442 1.3127 314.7607 39.3451 58.9602 189.9136 57.9549 111.5507 104.9567;
	10.8073 10.8016 7.3006 0.8703 2.9507 93.0963 11.637 11.0226 28.6898 9.1929 17.9662 16.6483;
	1.2413 1.0788 0.7748 0.7136 1.8331 60.113 7.5141 7.0893 28.9178 11.8091 7.5801 21.3864;
	0.0 0.0 0.0 0.0 0.0 0.0 0.0 0.0 0.0 0.0 0.0 0.0;
	0.0 0.0 0.0 0.0 0.0 0.0 0.0 0.0 0.0 0.0 0.0 0.0;
	0.0 0.0 0.0 0.0 0.0 0.0 0.0 0.0 0.0 0.0 0.0 0.0;
	0.0 0.0 0.0 0.0 0.0 0.0 0.0 0.0 0.0 0.0 0.0 0.0;
	0.0 0.0 0.0 0.0 0.0 0.0 0.0 0.0 0.0 0.0 0.0 0.0;
	0.0 0.0 0.0 0.0 0.0 0.0 0.0 0.0 0.0 0.0 0.0 0.0;
	0.0 0.0 0.0 0.0 0.0 0.0 0.0 0.0 0.0 0.0 0.0 0.0;
];
