function windprofile = ex_wind_profilesh1
%EX_WIND_PROFILE_D  Example wind_load_nyiso profile data for deterministic unit commitment.
% 2022.03.12
% Andres F. Ramirez


%% define constants
[GEN_BUS, PG, QG, QMAX, QMIN, VG, MBASE, GEN_STATUS, PMAX, PMIN, ...
    MU_PMAX, MU_PMIN, MU_QMAX, MU_QMIN, PC1, PC2, QC1MIN, QC1MAX, ...
    QC2MIN, QC2MAX, RAMP_AGC, RAMP_10, RAMP_30, RAMP_Q, APF] = idx_gen;
[CT_LABEL, CT_PROB, CT_TABLE, CT_TBUS, CT_TGEN, CT_TBRCH, CT_TAREABUS, ...
    CT_TAREAGEN, CT_TAREABRCH, CT_ROW, CT_COL, CT_CHGTYPE, CT_REP, ...
    CT_REL, CT_ADD, CT_NEWVAL, CT_TLOAD, CT_TAREALOAD, CT_LOAD_ALL_PQ, ...
    CT_LOAD_FIX_PQ, CT_LOAD_DIS_PQ, CT_LOAD_ALL_P, CT_LOAD_FIX_P, ...
    CT_LOAD_DIS_P, CT_TGENCOST, CT_TAREAGENCOST, CT_MODCOST_F, ...
    CT_MODCOST_X] = idx_ct;

windprofile = struct( ...
    'type', 'mpcData', ...
    'table', CT_TGEN, ...
    'rows', [1:45], ...
    'col', PMAX, ...
    'chgtype', 1, ...
    'values', [] );
windprofile.values(:,1,:) = [
	3.7277 50.3688 93.8108 118.0224 15.3606 14.2445 17.6872 18.3558 27.0312 25.8435 47.7714 71.2655 107.2899 5.6385 18.4032 6.9333 8.6024 9.116 12.5327 27.1041 5.8957 33.2372 65.6475 88.1357 102.742 75.1563 8.5562 656.0043 394.7892 394.7892 216.5623 36.3502 41.7756 69.766 17.6775 168.4434 498.998 51.2722 339.5847 275.2018 10.2694 158.0193 127.8559 239.3417 504.1958;
	3.6612 49.4713 93.9193 116.6355 15.1233 15.3791 16.2711 17.5666 26.4862 26.0998 48.2452 71.9723 108.3539 6.9188 6.9177 2.6062 3.2336 3.4267 10.1392 14.9785 5.4237 35.8845 70.72 87.8187 101.9403 73.2088 7.7262 683.244 383.351 383.351 180.9577 32.3329 33.7972 38.5546 21.6913 163.5631 500.9916 50.8306 334.8254 273.0545 10.6089 170.6052 120.7667 225.5465 506.2102;
	3.3979 45.9137 94.5015 115.6152 15.1574 11.8231 14.9504 17.9417 26.8784 24.631 45.53 67.9218 102.2559 7.6206 11.0778 4.1735 5.1782 5.4874 19.3663 20.5764 4.9835 27.5871 68.8753 85.959 101.7904 73.7653 8.6773 582.4473 320.133 320.133 140.5948 32.2904 64.5543 52.9637 23.8916 136.5901 399.0021 35.9764 260.7936 272.6528 4.3549 131.1571 94.314 209.8485 403.1584;
	2.9205 39.4619 92.1989 111.1096 14.8352 9.5319 12.4528 16.9512 26.0167 23.7343 43.8725 65.4492 98.5334 9.542 10.6166 3.9997 4.9626 5.2589 10.88 20.3432 4.1509 22.241 68.3506 81.8268 99.1331 73.252 9.426 447.3066 245.6788 245.6788 161.3438 25.5686 36.2666 52.3633 29.9155 104.8229 312.7826 33.2295 195.1778 265.535 0.7511 105.7401 79.823 205.2197 316.0408;
	2.4899 33.6445 91.7539 111.281 14.7192 13.0085 10.6786 17.5645 15.8062 21.1936 39.176 58.4429 87.9854 13.9357 13.2795 5.003 6.2074 6.578 20.9627 20.881 3.5595 30.3533 57.6098 83.1107 99.7294 73.1505 9.6853 378.6854 207.4008 207.4008 148.3847 26.3176 69.8756 53.7478 43.6904 88.491 208.9452 33.998 173.4753 267.1324 9.01 144.3081 80.3085 225.9389 211.1217;
	3.2904 44.4601 93.5583 116.49 14.9143 22.2379 12.177 18.0149 10.3224 20.2709 37.4704 55.8985 84.1548 27.8724 12.8161 4.8284 5.9908 6.3484 30.0987 22.5006 4.059 51.8884 60.5008 85.612 99.3303 73.2131 8.2119 284.8638 185.029 185.029 130.2558 21.5269 100.329 57.9167 87.3836 78.9457 153.1544 27.1072 221.6884 266.0633 10.3648 246.6921 91.4467 227.7907 154.7498;
	2.6513 35.8249 88.3417 115.1073 14.2664 21.5989 13.408 17.3416 12.5407 26.3054 48.6252 72.5392 109.2074 42.6826 21.0843 7.9434 9.8557 10.4441 31.7671 27.8274 4.4693 50.3974 69.7224 84.0773 99.8888 73.0148 11.1526 257.4268 222.7162 222.7162 104.611 14.2752 105.8904 71.6277 133.8159 95.0256 180.8884 20.6813 190.1524 267.5593 9.7282 239.6038 94.1939 231.7654 182.7726;
	1.8951 25.6066 69.5925 115.5348 14.597 17.9033 13.8475 17.1319 18.8865 28.141 52.0182 77.6009 116.8277 42.4977 23.0485 8.6834 10.7738 11.417 49.8407 49.2245 4.6158 41.7743 72.8032 85.9041 98.8975 71.3779 12.391 143.8042 178.9138 178.9138 87.5671 6.3347 166.1356 126.7041 133.2361 76.3366 131.8454 15.7837 187.1102 264.904 8.9828 198.6068 91.7104 210.8862 133.2188;
	2.7798 37.5613 86.0668 109.5579 14.8067 23.6166 12.135 17.4119 22.2694 28.296 52.3047 78.0283 117.4711 42.8219 16.3762 6.1696 7.6549 8.1119 67.1976 52.3392 4.045 55.1053 74.9982 87.1822 98.9904 70.8705 12.0258 100.0238 137.8313 137.8313 81.9128 5.9987 223.9921 134.7211 134.2524 58.808 109.9377 17.5761 157.6626 265.1529 17.7953 261.9865 79.2832 233.5939 111.0828;
	2.1572 29.1485 86.7053 115.9123 13.5783 14.2041 13.3995 18.3848 26.6939 29.7144 54.9266 81.9397 123.3598 42.9966 21.7961 8.2116 10.1884 10.7967 73.9761 47.1465 4.4665 33.1429 74.1653 86.4975 100.3432 72.7382 12.9073 229.9821 214.0871 214.0871 92.5692 6.6412 246.5871 121.3553 134.8003 91.3439 217.5547 21.4058 311.8417 268.7765 11.1822 157.571 77.7189 222.0014 219.8208;
	1.5965 21.5718 79.01 103.5326 12.1207 24.9131 15.2444 17.3825 26.4059 28.8517 53.3319 79.5607 119.7782 50.3918 31.7838 11.9744 14.8571 15.7441 69.8342 34.6779 5.0815 58.1305 69.5795 83.6895 92.4008 70.6407 12.4546 371.0456 284.6055 284.6055 155.844 10.8893 232.7808 89.261 157.9851 121.4317 332.8863 29.3666 181.4742 247.502 12.8377 276.369 88.568 184.2695 336.3539;
	1.6066 21.7081 85.3774 93.0986 11.37 29.5059 21.6665 17.5162 27.1055 29.1558 53.894 80.3993 121.0407 49.4693 41.3471 15.5773 19.3273 20.4812 82.1168 49.0737 7.2222 68.847 70.3152 84.217 92.0994 71.2263 12.1649 451.4312 338.5978 338.5978 256.0208 4.9702 273.7227 126.3158 155.0928 144.4684 412.2838 34.7235 220.7999 246.6949 1.7387 327.3185 102.7153 185.8792 416.5785;
	2.8445 38.4354 87.581 86.6435 11.9504 30.4237 21.1749 17.0102 27.279 28.5957 52.8586 78.8547 118.7153 51.3082 50.442 19.0037 23.5787 24.9864 86.4184 62.1516 7.0583 70.9885 73.1359 78.3052 93.3028 67.1019 11.1285 621.3946 427.2339 427.2339 298.7825 14.4793 288.0612 159.9784 160.8581 182.2864 608.3469 50.368 226.4984 249.9183 0.3137 337.4997 127.7384 213.8887 614.6839;
	3.5604 48.1093 88.1943 104.4452 13.9028 30.1764 21.7942 17.4539 26.6796 30.0309 55.5117 82.8126 124.6738 50.0387 71.1761 26.8152 33.2707 35.257 88.736 59.0648 7.2647 70.4116 70.4853 83.4488 94.4322 72.3437 11.676 778.0161 587.3741 587.3741 400.4909 27.0435 295.7867 152.0329 156.878 250.6129 712.1668 74.0201 293.5986 252.9433 2.1892 334.7569 130.3811 244.1545 719.5852;
	3.7332 50.4437 87.4456 102.0079 13.7085 31.9818 24.2511 17.477 26.5226 24.7504 45.7508 68.2512 102.7518 60.2572 97.4306 36.7064 45.5431 48.2621 83.1492 56.8054 8.0837 74.6243 45.9323 81.9247 90.844 71.7946 12.5285 916.2099 646.674 646.674 496.6974 35.5197 277.1641 146.2174 188.9144 275.9142 906.7982 109.3833 416.9106 243.332 0.0386 354.785 146.3788 235.8446 916.244;
	3.7208 50.2761 88.9728 108.4894 14.2667 32.3144 26.5144 17.4349 27.4072 20.4996 37.8931 56.5291 85.1043 62.1475 145.69 54.8879 68.1016 72.1674 88.8202 67.7167 8.8381 75.4003 46.8187 84.0191 94.9336 72.0311 12.1492 1039.4085 740.084 740.084 688.1806 46.6352 296.0673 174.303 194.8409 315.7692 1042.4172 155.1885 375.4427 254.2865 1.5248 358.4745 165.1081 257.1887 1053.2758;
	3.7866 51.1654 90.0674 114.4716 14.5158 33.5132 29.018 18.0431 27.8685 19.895 36.7756 54.8619 82.5943 63.5184 181.282 68.2969 84.7388 89.7978 89.2527 70.3251 9.6727 78.1975 31.2522 86.7501 98.1251 73.3728 12.2498 991.9921 766.4185 766.4185 717.7217 77.8176 297.509 181.017 199.1388 327.0052 1020.595 205.526 405.0378 262.8352 0.0324 371.7732 207.5339 271.6589 1031.2262;
	3.8238 51.6685 92.4728 114.5984 15.0314 33.818 27.0886 17.9916 27.4228 17.2177 31.8266 47.479 71.4794 63.1366 188.9664 71.192 88.3308 93.6043 88.9155 69.9863 9.0295 78.9087 35.9648 87.16 101.97 72.1565 12.7912 1058.6651 748.9315 748.9315 757.0499 99.9769 296.3849 180.145 197.9419 319.5441 1075.7984 238.5142 412.6752 273.134 110.7638 375.1545 199.4562 256.3838 1087.0046;
	3.8882 52.5385 94.4934 119.6353 15.3372 34.8605 29.7065 14.7206 26.4356 19.7882 36.5782 54.5675 82.151 63.6138 192.4931 72.5207 89.9793 95.3512 88.938 68.7246 9.9022 81.3412 52.1241 88.8746 104.472 69.6453 13.0163 1152.8974 770.9338 770.9338 735.8606 116.8247 296.46 176.8972 199.438 328.9318 1114.1664 250.3979 441.6038 279.8357 120.5401 386.7192 211.8129 266.9557 1125.7723;
