function solarprofile = ex_solar_profilesh1
%EX_WIND_PROFILE_D  Example wind_load_nyiso profile data for deterministic unit commitment.
% 2022.03.12
% Andres F. Ramirez


%% define constants
[GEN_BUS, PG, QG, QMAX, QMIN, VG, MBASE, GEN_STATUS, PMAX, PMIN, ...
    MU_PMAX, MU_PMIN, MU_QMAX, MU_QMIN, PC1, PC2, QC1MIN, QC1MAX, ...
    QC2MIN, QC2MAX, RAMP_AGC, RAMP_10, RAMP_30, RAMP_Q, APF] = idx_gen;
[CT_LABEL, CT_PROB, CT_TABLE, CT_TBUS, CT_TGEN, CT_TBRCH, CT_TAREABUS, ...
    CT_TAREAGEN, CT_TAREABRCH, CT_ROW, CT_COL, CT_CHGTYPE, CT_REP, ...
    CT_REL, CT_ADD, CT_NEWVAL, CT_TLOAD, CT_TAREALOAD, CT_LOAD_ALL_PQ, ...
    CT_LOAD_FIX_PQ, CT_LOAD_DIS_PQ, CT_LOAD_ALL_P, CT_LOAD_FIX_P, ...
    CT_LOAD_DIS_P, CT_TGENCOST, CT_TAREAGENCOST, CT_MODCOST_F, ...
    CT_MODCOST_X] = idx_ct;

solarprofile = struct( ...
    'type', 'mpcData', ...
    'table', CT_TGEN, ...
    'rows', [1:12], ...
    'col', PMAX, ...
    'chgtype', 1, ...
    'values', [] );
solarprofile.values(:,1,:) = [
	0.0 0.0 0.0 0.0 0.0 0.0 0.0 0.0 0.0 0.0 0.0 0.0;
	0.0 0.0 0.0 0.0 0.0 0.0 0.0 0.0 0.0 0.0 0.0 0.0;
	0.0 0.0 0.0 0.0 0.0 0.0 0.0 0.0 0.0 0.0 0.0 0.0;
	0.0 0.0 0.0 0.0 0.0 0.0 0.0 0.0 0.0 0.0 0.0 0.0;
	0.0 0.0 0.0 0.0 0.0 0.0 0.0 0.0 0.0 0.0 0.0 0.0;
	0.1056 0.1265 0.1512 0.0 0.0 0.3973 0.0497 0.1784 0.0 0.0 0.0 0.0;
	2.8567 2.7206 2.3229 2.8602 5.2493 35.0243 4.378 10.2505 3.5378 64.2508 36.685 116.3586;
	5.0967 5.0231 4.3762 6.0389 10.5509 54.6447 6.8306 20.5191 31.0565 189.8228 125.961 343.7702;
	8.9952 8.4553 6.7332 9.0231 12.0032 108.1801 13.5225 26.9651 72.7833 306.1647 177.0014 554.4661;
	22.1228 16.207 13.6167 10.6962 11.554 391.0655 48.8832 64.854 234.8997 351.8063 186.2534 637.1232;
	24.0066 16.2298 13.5507 10.9941 11.0139 363.6778 45.4597 68.9275 229.5469 351.0928 175.8128 635.8311;
	24.1395 16.206 13.5441 10.7263 9.8937 302.3395 37.7924 71.7249 228.3686 340.2103 177.8834 616.1228;
	25.1118 16.7811 13.8502 4.3938 2.3642 194.0601 24.2575 71.5713 202.2035 331.0889 202.2449 599.604;
	22.747 16.4744 13.5794 4.4254 1.9962 243.4203 30.4275 69.9369 204.1228 312.782 208.7461 566.4501;
	18.7397 15.4408 10.4011 3.7296 2.3884 270.9135 33.8642 67.6931 211.4603 292.8099 179.9447 530.2805;
	8.8094 8.4095 5.0633 2.2406 3.1453 122.8018 15.3502 37.9976 165.6752 58.9183 17.9323 106.7013;
	1.0949 1.015 0.6088 0.6809 1.4762 47.9625 5.9953 11.4713 41.3302 13.6508 5.1078 24.7217;
	0.0 0.0 0.0 0.0 0.0 0.0 0.0 0.0 0.0 0.0 0.0 0.0;
	0.0 0.0 0.0 0.0 0.0 0.0 0.0 0.0 0.0 0.0 0.0 0.0;
	0.0 0.0 0.0 0.0 0.0 0.0 0.0 0.0 0.0 0.0 0.0 0.0;
	0.0 0.0 0.0 0.0 0.0 0.0 0.0 0.0 0.0 0.0 0.0 0.0;
	0.0 0.0 0.0 0.0 0.0 0.0 0.0 0.0 0.0 0.0 0.0 0.0;
	0.0 0.0 0.0 0.0 0.0 0.0 0.0 0.0 0.0 0.0 0.0 0.0;
	0.0 0.0 0.0 0.0 0.0 0.0 0.0 0.0 0.0 0.0 0.0 0.0;
];
