function windprofile = ex_wind_profilesh1
%EX_WIND_PROFILE_D  Example wind_load_nyiso profile data for deterministic unit commitment.
% 2022.03.12
% Andres F. Ramirez


%% define constants
[GEN_BUS, PG, QG, QMAX, QMIN, VG, MBASE, GEN_STATUS, PMAX, PMIN, ...
    MU_PMAX, MU_PMIN, MU_QMAX, MU_QMIN, PC1, PC2, QC1MIN, QC1MAX, ...
    QC2MIN, QC2MAX, RAMP_AGC, RAMP_10, RAMP_30, RAMP_Q, APF] = idx_gen;
[CT_LABEL, CT_PROB, CT_TABLE, CT_TBUS, CT_TGEN, CT_TBRCH, CT_TAREABUS, ...
    CT_TAREAGEN, CT_TAREABRCH, CT_ROW, CT_COL, CT_CHGTYPE, CT_REP, ...
    CT_REL, CT_ADD, CT_NEWVAL, CT_TLOAD, CT_TAREALOAD, CT_LOAD_ALL_PQ, ...
    CT_LOAD_FIX_PQ, CT_LOAD_DIS_PQ, CT_LOAD_ALL_P, CT_LOAD_FIX_P, ...
    CT_LOAD_DIS_P, CT_TGENCOST, CT_TAREAGENCOST, CT_MODCOST_F, ...
    CT_MODCOST_X] = idx_ct;

windprofile = struct( ...
    'type', 'mpcData', ...
    'table', CT_TGEN, ...
    'rows', [1:45], ...
    'col', PMAX, ...
    'chgtype', 1, ...
    'values', [] );
windprofile.values(:,1,:) = [
	3.6753 49.6619 89.3703 117.0399 15.1787 16.1037 14.5304 17.4646 27.627 25.4576 47.0579 70.2012 105.6875 5.6837 23.1238 8.7118 10.8091 11.4544 14.7908 29.3401 4.8435 37.5752 60.613 83.5536 99.7866 69.3443 8.1123 642.3658 389.5672 389.5672 218.9313 34.2107 49.3027 75.5216 17.8191 166.2153 485.0609 52.0155 319.5958 267.2856 14.9074 178.6432 117.7865 236.3257 490.1136;
	3.569 48.2244 87.2624 112.1597 14.921 16.5885 13.2595 17.7574 26.6606 25.1576 46.5034 69.3739 104.442 6.4009 17.2004 6.4802 8.0402 8.5202 14.1162 17.1427 4.4198 38.7066 63.5065 82.8405 99.4561 70.8945 7.8197 632.9773 373.5539 373.5539 177.9006 30.6906 47.054 44.1253 20.0677 159.383 463.1843 47.8061 316.303 266.4002 13.5162 184.0222 105.7636 216.051 468.0091;
	3.1385 42.4085 89.0515 112.2949 15.0215 13.6906 11.7184 18.0938 27.6731 24.0677 44.4887 66.3684 99.9173 7.3646 15.8947 5.9882 7.4299 7.8734 21.9105 21.4897 3.9061 31.9448 55.5454 84.3369 99.9492 71.2301 8.6083 592.6613 349.0713 349.0713 153.0371 31.7519 73.0351 55.3144 23.0891 148.9371 379.472 37.8956 255.4967 267.7211 8.7022 151.8746 88.9781 205.3702 383.4248;
	2.8097 37.9647 87.645 105.5236 14.5632 12.1548 11.3913 17.6854 26.7198 24.0063 44.3752 66.1991 99.6624 8.8629 14.2226 5.3583 6.6482 7.0451 13.5617 22.0628 3.7971 28.3612 57.1319 83.45 102.62 73.9453 9.7605 507.2261 268.2131 268.2131 158.4005 29.8425 45.2057 56.7897 27.7864 114.4376 308.6286 30.146 193.9302 274.8749 0.3168 134.8373 76.0693 205.3565 311.8435;
	2.3519 31.7797 89.5199 109.8206 14.9094 13.9461 9.7697 18.5386 17.4264 22.6378 41.8456 62.4254 93.981 14.1995 19.7886 7.4553 9.25 9.8023 22.4922 26.0481 3.2566 32.541 45.2681 85.8475 104.5523 73.4771 10.2001 392.5144 217.8148 217.8148 152.212 30.6264 74.974 67.0478 44.5173 92.9343 190.8071 38.5887 178.1379 280.0509 13.3869 154.7092 82.1671 216.6903 192.7947;
	3.022 40.8342 91.7948 115.7297 14.8661 23.2896 11.4784 18.8587 11.2894 21.8144 40.3235 60.1548 90.5627 26.2318 23.3653 8.8027 10.9219 11.574 36.3845 25.9587 3.8261 54.3424 54.0522 88.6614 105.8562 73.2591 9.1615 316.119 193.874 193.874 141.516 26.592 121.2818 66.8177 82.2403 82.7196 157.8185 35.3432 209.1588 283.5434 13.9703 258.3592 93.2081 223.3694 159.4625;
	2.6043 35.1892 91.5848 115.9423 14.4645 24.0686 12.1733 18.6527 12.9619 28.4665 52.6198 78.4984 118.179 41.1364 29.2294 11.012 13.6631 14.4788 44.1586 36.0551 4.0578 56.16 69.2678 88.9486 106.3871 74.394 12.5654 311.4781 229.6558 229.6558 128.3952 20.056 147.1953 92.806 128.9682 97.9865 195.2501 30.193 173.5079 284.9655 12.8047 267.0006 97.6841 240.2 197.284;
	1.9612 26.4999 70.6215 113.4266 15.1494 20.7415 13.1299 17.9131 18.7699 29.5449 54.6133 81.4723 122.6561 45.9114 29.3971 11.0752 13.7414 14.5618 57.4313 53.8332 4.3766 48.3969 70.8264 86.5638 102.4475 69.5578 12.1848 176.1772 206.1575 206.1575 114.0818 10.9699 191.4376 138.5667 143.9383 87.9605 151.2821 70.9078 205.1771 274.4129 10.0551 230.0926 105.2608 210.4868 152.8579;
	2.7079 36.5898 76.8049 98.6239 14.3368 24.6222 10.6643 17.4892 20.8701 29.6705 54.8455 81.8186 123.1775 48.1871 22.1711 8.3528 10.3637 10.9824 67.0824 50.6318 3.5548 57.4519 69.8883 82.7115 99.819 68.7588 11.5647 162.7147 161.9136 161.9136 107.6388 8.2006 223.608 130.3263 151.073 69.0831 142.1431 26.5448 143.9025 267.3723 18.4127 273.1426 87.5401 219.7828 143.6237;
	1.7577 23.75 56.0091 86.8601 11.5781 11.8804 9.0652 16.4248 23.1558 28.9669 53.5449 79.8785 120.2567 42.1164 11.287 4.2523 5.276 5.591 73.0253 44.2393 3.0217 27.721 67.1533 68.2759 92.5475 65.4156 11.0855 247.8353 241.6704 241.6704 130.5927 8.9576 243.4177 113.8722 132.0405 103.1127 228.1883 25.45 21.0155 247.8951 0.8419 131.7934 76.1152 190.8652 230.5653;
	1.5006 20.2769 68.2386 93.5266 11.4743 23.743 13.5526 16.9551 25.4085 28.5744 52.8193 78.7961 118.627 50.2326 49.9311 18.8112 23.3399 24.7333 68.041 35.2367 4.5175 55.4003 67.9822 79.2547 90.4948 69.1516 11.4034 383.5717 321.4857 321.4857 194.1644 12.9541 226.8033 90.6993 157.4859 137.1672 342.6395 27.8429 170.5524 242.3969 21.2492 263.3889 91.8786 181.3319 346.2087;
	1.6596 22.4255 77.0377 86.1026 11.4709 29.7592 19.7585 17.917 26.4293 28.7467 53.1379 79.2713 119.3425 48.6469 20.5853 7.7554 9.6224 10.1969 76.2392 49.8934 6.5862 69.4381 69.1586 76.8803 95.9464 69.6458 12.584 475.7453 388.3519 388.3519 312.0674 13.9887 254.1306 128.4258 152.5147 165.6968 444.6392 41.6755 197.8715 256.9994 47.699 330.1286 105.7973 186.0806 449.2709;
	2.7939 37.7513 80.5074 81.9879 13.5934 31.4416 20.5785 17.2327 26.334 28.9164 53.4516 79.7393 120.0471 57.2422 40.0881 15.1029 18.7388 19.8576 77.6444 57.6569 6.8595 73.3638 67.6811 80.0397 98.2488 69.126 11.8219 651.4294 462.7865 462.7865 312.2463 20.6672 258.8148 148.409 179.462 197.4556 616.3516 48.8006 214.0458 263.1664 45.1778 348.7926 140.6862 213.1264 622.772;
	3.5509 47.9803 84.9101 103.3821 14.1833 30.7994 21.902 17.1865 25.7552 30.0285 55.5072 82.8059 124.6638 53.7496 62.2224 23.4419 29.0854 30.8218 84.4199 57.6199 7.3007 71.8654 65.4879 79.1277 97.1937 68.8976 11.2254 829.6663 587.8364 587.8364 416.4667 23.7155 281.3998 148.3139 168.5122 250.8102 745.6604 76.5851 275.6949 260.3402 20.0693 341.6684 141.0139 246.4172 753.4277;
	3.5993 48.6348 87.5524 107.4267 14.6137 32.8186 26.8955 17.309 27.4404 27.0132 49.9336 74.4911 112.1459 61.9238 95.223 35.8747 44.5112 47.1686 83.7448 60.7972 8.9652 76.5768 48.0861 84.2083 100.3028 71.8098 12.7648 1056.3318 677.4257 677.4257 513.7244 31.1782 279.1493 156.4921 194.1395 289.035 940.6421 109.2444 440.2276 268.6681 6.0073 364.068 153.311 237.0602 950.4405;
	3.8151 51.5508 92.8748 112.2012 15.1561 34.6984 28.6533 18.122 27.5266 23.4885 43.4181 64.7712 97.5127 63.4148 126.8268 47.7812 59.2841 62.8235 86.8279 69.1289 9.5511 80.9629 49.0862 86.4755 105.0376 74.9125 13.5584 1166.1972 742.522 742.522 701.1708 44.5157 289.4263 177.9379 198.814 316.8094 1021.68 156.1511 398.075 281.3508 25.1936 384.9206 173.4173 263.7473 1032.3225;
	3.8263 51.7018 90.8239 117.3158 14.8748 34.7758 30.2615 18.3662 27.1052 22.3882 41.3842 61.7371 92.9449 66.2152 155.5947 58.6194 72.7315 77.0736 89.8098 71.5967 10.0872 81.1436 35.0444 85.157 105.671 74.6548 13.2648 1176.5507 768.7004 768.7004 756.8198 78.1513 299.3661 184.2901 207.5936 327.9788 1069.2042 210.644 409.7284 283.0473 27.2086 385.7798 207.7117 276.0899 1080.3417;
	3.7851 51.145 95.0622 119.0986 14.157 34.7071 29.7137 18.9915 27.3704 18.7515 34.6619 51.7087 77.8472 65.4731 164.6007 62.0124 76.9413 81.5348 86.8573 70.3544 9.9046 80.9832 37.0515 85.921 106.4303 74.5984 14.0595 1228.7313 772.7274 772.7274 766.4304 93.6504 289.5244 181.0923 205.2669 329.697 1100.2889 238.2745 444.6226 285.0813 111.7729 385.0173 196.8209 274.8608 1111.7502;
