function windprofile = ex_wind_profilesh1
%EX_WIND_PROFILE_D  Example wind_load_nyiso profile data for deterministic unit commitment.
% 2022.03.12
% Andres F. Ramirez


%% define constants
[GEN_BUS, PG, QG, QMAX, QMIN, VG, MBASE, GEN_STATUS, PMAX, PMIN, ...
    MU_PMAX, MU_PMIN, MU_QMAX, MU_QMIN, PC1, PC2, QC1MIN, QC1MAX, ...
    QC2MIN, QC2MAX, RAMP_AGC, RAMP_10, RAMP_30, RAMP_Q, APF] = idx_gen;
[CT_LABEL, CT_PROB, CT_TABLE, CT_TBUS, CT_TGEN, CT_TBRCH, CT_TAREABUS, ...
    CT_TAREAGEN, CT_TAREABRCH, CT_ROW, CT_COL, CT_CHGTYPE, CT_REP, ...
    CT_REL, CT_ADD, CT_NEWVAL, CT_TLOAD, CT_TAREALOAD, CT_LOAD_ALL_PQ, ...
    CT_LOAD_FIX_PQ, CT_LOAD_DIS_PQ, CT_LOAD_ALL_P, CT_LOAD_FIX_P, ...
    CT_LOAD_DIS_P, CT_TGENCOST, CT_TAREAGENCOST, CT_MODCOST_F, ...
    CT_MODCOST_X] = idx_ct;

windprofile = struct( ...
    'type', 'mpcData', ...
    'table', CT_TGEN, ...
    'rows', [1:45], ...
    'col', PMAX, ...
    'chgtype', 1, ...
    'values', [] );
windprofile.values(:,1,:) = [
	3.587 48.4688 87.9399 117.0625 14.6147 15.6424 13.8236 18.3948 26.5902 24.6492 45.5636 67.972 102.3315 7.2124 27.3608 10.308 12.7896 13.5531 11.5242 29.9668 4.6079 36.499 55.9451 88.7401 101.7855 72.7526 8.1391 607.8547 371.2388 371.2388 192.5992 32.7077 38.4142 77.1347 22.612 158.3952 432.9946 43.7471 293.6325 272.6396 15.1256 173.5269 120.1501 232.2208 437.5049;
	3.5592 48.0927 88.8146 115.5284 14.526 16.9843 13.1465 17.9895 26.6644 25.2466 46.6679 69.6193 104.8115 6.0445 18.6297 7.0186 8.7083 9.2282 10.9167 15.6866 4.3822 39.63 59.9764 87.6849 101.0556 73.9106 7.604 606.1953 383.2833 383.2833 180.1016 30.7115 36.3891 40.3774 18.9505 163.5342 467.5145 49.2823 293.9649 270.6846 14.1334 188.4122 110.3677 228.5912 472.3844;
	2.9734 40.177 89.0556 112.1463 14.4716 12.5959 11.6202 18.1093 27.4247 24.4504 45.1963 67.4239 101.5063 7.3903 19.5939 7.3819 9.159 9.7058 18.054 22.076 3.8734 29.3905 61.3988 88.7642 102.0259 72.9312 8.608 538.8081 338.3704 338.3704 152.132 30.5617 60.18 56.8237 23.1695 144.3714 342.1678 34.3922 230.503 273.2836 8.2962 139.7308 81.3673 213.1128 345.732;
	2.682 36.2397 88.7262 108.7865 14.2432 11.5762 11.0343 17.9298 26.4731 23.6717 43.7568 65.2765 98.2735 9.5896 17.4154 6.5612 8.1407 8.6267 10.4946 23.8832 3.6781 27.0112 59.749 86.5954 103.0371 74.784 10.524 375.5484 263.1962 263.1962 151.2126 26.1686 34.9821 61.4754 30.0648 112.2971 245.796 28.0534 173.2503 275.9921 29.2119 128.4188 67.8644 215.6795 248.3564;
	2.4104 32.5695 89.0564 110.3347 13.9094 14.0324 10.2644 17.9696 17.1423 23.7899 43.9753 65.6025 98.7642 14.9828 23.2114 8.7448 10.85 11.4977 22.8771 28.97 3.4215 32.7423 55.3546 83.0409 102.894 74.3934 9.1785 221.8723 215.8346 215.8346 154.4776 25.6138 76.257 74.569 46.9731 92.0894 149.0271 32.6372 156.5814 275.609 16.3808 155.6661 77.5087 229.1681 150.5795;
	3.0216 40.8281 87.4083 110.4121 13.9483 22.1488 12.0344 17.227 9.8843 21.5744 39.88 59.4931 89.5665 30.8707 23.2273 8.7508 10.8574 11.5056 32.6386 30.2641 4.0115 51.6805 57.06 82.3043 99.9045 70.6172 7.1517 190.7496 193.3351 193.3351 135.9057 24.8809 108.7953 77.8999 96.7838 82.4896 132.1728 30.2855 189.3464 267.6014 15.838 245.7039 90.9777 224.5009 133.5496;
	2.6114 35.2854 89.2247 113.7767 13.7692 24.6676 17.4274 16.902 14.0313 28.6543 52.9671 79.0165 118.9589 46.6382 26.953 10.1544 12.599 13.3511 35.3813 39.8377 5.8091 57.5578 68.7077 84.0798 102.4552 70.7859 10.5104 243.0716 233.3923 233.3923 116.0067 17.3269 117.9376 102.5423 146.2172 99.5807 177.0243 24.021 174.4501 274.4337 14.5912 273.6462 94.864 241.4304 178.8683;
	1.7047 23.0348 67.6383 111.7917 14.1084 20.2633 12.6905 16.8778 19.7486 28.039 51.8296 77.3196 116.4042 45.6947 30.9361 11.655 14.4608 15.3242 52.5168 61.8917 4.2302 47.281 70.0427 85.648 99.6332 69.9818 11.8133 134.784 183.5324 183.5324 96.2425 9.4893 175.0559 159.3093 143.2589 78.3072 113.1923 19.533 183.7185 266.8746 10.049 224.7872 87.0319 221.8587 114.3714;
	2.3767 32.1148 75.6643 101.425 13.7553 23.7327 10.8545 17.3791 21.4911 28.1947 52.1175 77.749 117.0508 46.5771 22.8213 8.5978 10.6677 11.3045 63.0817 55.5343 3.6182 55.3763 70.3257 83.1667 98.818 69.444 11.9016 126.8081 144.7111 144.7111 92.6428 7.8043 210.2722 142.9453 146.0256 61.7434 120.1796 24.4472 153.0483 264.6912 18.0313 263.2745 75.0835 232.6294 121.4314;
	1.7861 24.1343 81.8353 104.6121 12.8521 14.0785 10.5768 17.3676 27.069 29.2384 54.0467 80.627 121.3835 46.5615 59.0932 22.263 27.6226 29.2717 73.1307 51.466 3.5256 32.8499 71.638 81.8779 99.1793 70.6913 12.2573 200.1884 235.0804 235.0804 124.8693 9.4958 243.7691 132.4737 145.9765 100.301 210.5508 25.5924 116.7944 265.6588 4.0789 156.1776 69.3527 227.2554 212.744;
	1.4653 19.7993 76.1511 101.3567 12.3342 24.9221 14.2975 16.6896 27.901 28.7864 53.2113 79.3807 119.5072 51.952 9.4877 3.5744 4.435 4.6997 65.0465 37.3162 4.7658 58.1515 69.9678 82.1075 94.1119 69.7945 12.099 322.181 306.0996 306.0996 189.3858 12.7789 216.8215 96.052 162.8764 130.6025 305.5065 32.7791 167.4296 252.0855 20.2909 276.4688 77.3756 195.313 308.6889;
	1.5147 20.4663 84.7337 90.1827 11.6967 29.5557 20.5212 17.5257 27.8763 28.7363 53.1186 79.2425 119.2992 52.05 1.7978 0.6773 0.8404 0.8905 76.3764 48.1752 6.8404 68.9634 71.9962 83.7367 98.1608 69.7232 12.5648 431.4727 384.1383 384.1383 307.4423 17.3741 254.5882 124.003 163.1838 163.899 425.2966 49.1464 195.156 262.9307 8.7185 327.8715 92.5753 198.207 429.7268;
	2.6255 35.4761 86.0834 85.3377 13.4346 29.2729 20.8435 15.5716 27.6454 28.9728 53.5558 79.8947 120.2811 57.1915 44.6619 16.8261 20.8768 22.1232 83.2589 61.4032 6.9478 68.3035 73.3691 84.8442 100.0291 64.4503 10.488 592.4862 453.7627 453.7627 342.0733 22.1569 277.5295 158.0521 179.3032 193.6054 566.5611 58.2648 206.3165 267.9351 11.0904 324.7344 124.1549 218.6732 572.4628;
	2.9222 39.4848 82.2941 99.0337 13.6411 29.6205 20.3712 16.0513 26.1369 29.0487 53.6961 80.104 120.5961 55.8313 61.1692 23.0451 28.593 30.3001 84.8948 56.3233 6.7904 69.1144 67.8215 83.343 95.5916 69.2375 11.0593 781.5655 586.8007 586.8007 444.325 29.0298 282.9827 144.9763 175.0386 250.3683 712.299 83.5566 272.2349 256.0489 2.2056 328.5898 127.4562 250.4779 719.7188;
	3.4043 46.0 85.1448 97.291 13.612 32.1644 24.7928 13.7244 27.2566 25.6429 47.4005 70.7122 106.4568 59.5499 88.8719 33.482 41.5425 44.0226 80.9885 57.7517 8.2643 75.0503 46.1644 82.4234 96.4123 62.6662 10.7665 1000.9999 650.9876 650.9876 515.7341 34.5988 269.9615 148.653 186.6969 277.7547 924.9981 114.1923 418.2429 258.2471 0.0004 356.8105 149.139 254.7086 934.6335;
	3.6028 48.6817 92.5546 112.0446 14.1776 33.4261 25.463 16.6501 26.2116 16.8614 31.168 46.4965 70.0002 61.1235 125.044 47.1096 58.4508 61.9404 84.9008 68.7076 8.4877 77.9942 34.4832 86.4147 102.4362 66.2143 12.1249 1119.1643 730.7299 730.7299 696.8912 42.2442 283.0025 176.8534 191.6305 311.7781 1009.4084 163.3555 380.0153 274.3826 0.2474 370.8066 163.2037 266.2598 1019.9231;
	3.6433 49.2285 92.9262 118.2139 14.4353 33.9129 29.5784 17.8976 27.6675 19.5341 36.1085 53.8668 81.0962 65.2192 171.6917 64.6838 80.2559 85.0473 87.6768 72.3362 9.8595 79.13 25.2037 89.5785 105.683 73.0148 12.9526 1126.3253 800.8762 800.8762 775.4728 75.5517 292.256 186.1937 204.4711 341.7072 1077.1785 208.91 429.987 283.0794 25.1753 376.2068 204.1252 279.1248 1088.3991;
	3.6193 48.9043 94.2144 117.6316 14.9085 34.1302 29.3613 18.2184 27.4385 17.43 32.2192 48.0646 72.3611 64.8017 182.8116 68.8732 85.4538 90.5555 90.8476 72.3435 9.7871 79.6372 28.7642 89.2863 105.7548 71.3767 13.4119 1214.6138 832.6596 832.6596 781.566 93.4887 302.8254 186.2125 203.1622 355.2681 1156.3281 243.9893 452.0474 283.2718 112.1091 378.618 193.3504 272.5001 1168.3732;
	3.8081 51.4559 91.5572 118.8476 15.1592 34.443 31.0179 12.8846 28.2791 20.7546 38.3646 57.2324 86.1631 63.9861 188.1016 70.8662 87.9266 93.1759 91.3602 71.8921 10.3393 80.367 44.2621 87.8212 105.0348 60.5324 13.1608 1316.4393 838.2643 838.2643 766.154 109.7303 304.5339 185.0505 200.6052 357.6594 1210.2838 263.4183 465.4555 281.3433 115.4962 382.0877 210.0366 283.0399 1222.8909;
