function windprofile = ex_wind_profilesh1
%EX_WIND_PROFILE_D  Example wind_load_nyiso profile data for deterministic unit commitment.
% 2022.03.12
% Andres F. Ramirez


%% define constants
[GEN_BUS, PG, QG, QMAX, QMIN, VG, MBASE, GEN_STATUS, PMAX, PMIN, ...
    MU_PMAX, MU_PMIN, MU_QMAX, MU_QMIN, PC1, PC2, QC1MIN, QC1MAX, ...
    QC2MIN, QC2MAX, RAMP_AGC, RAMP_10, RAMP_30, RAMP_Q, APF] = idx_gen;
[CT_LABEL, CT_PROB, CT_TABLE, CT_TBUS, CT_TGEN, CT_TBRCH, CT_TAREABUS, ...
    CT_TAREAGEN, CT_TAREABRCH, CT_ROW, CT_COL, CT_CHGTYPE, CT_REP, ...
    CT_REL, CT_ADD, CT_NEWVAL, CT_TLOAD, CT_TAREALOAD, CT_LOAD_ALL_PQ, ...
    CT_LOAD_FIX_PQ, CT_LOAD_DIS_PQ, CT_LOAD_ALL_P, CT_LOAD_FIX_P, ...
    CT_LOAD_DIS_P, CT_TGENCOST, CT_TAREAGENCOST, CT_MODCOST_F, ...
    CT_MODCOST_X] = idx_ct;

windprofile = struct( ...
    'type', 'mpcData', ...
    'table', CT_TGEN, ...
    'rows', [1:45], ...
    'col', PMAX, ...
    'chgtype', 1, ...
    'values', [] );
windprofile.values(:,1,:) = [
	3.3593 45.3918 86.2768 111.2837 13.9744 12.0396 13.8207 15.5063 26.2908 25.2019 46.5853 69.4961 104.626 3.8403 23.5191 8.8607 10.9938 11.6501 14.7205 31.6632 4.6069 28.0924 59.5399 82.5844 93.8798 68.5692 7.0795 656.836 338.8377 338.8377 176.0089 28.3349 49.0683 81.5012 12.04 144.5708 451.5477 49.0089 271.9165 251.4637 6.3748 133.5591 113.4845 214.854 456.2513;
	3.2095 43.3673 82.9682 109.0499 13.816 14.3683 12.1563 15.5177 25.979 25.7641 47.6246 71.0466 106.9602 4.837 15.1084 5.692 7.0623 7.4839 12.2577 18.3903 4.0521 33.5259 63.5517 81.7721 91.6329 69.7592 6.8376 627.7978 328.3956 328.3956 98.1653 22.5796 40.859 47.3366 15.1647 140.1155 417.7938 46.1959 267.6892 245.4452 3.1885 159.3918 109.9646 209.2709 422.1458;
	2.6121 35.2957 79.7056 101.8695 13.1974 10.7765 11.5212 14.832 26.1233 25.5588 47.245 70.4802 106.1076 4.8584 21.2709 8.0137 9.9429 10.5365 20.8927 25.0882 3.8404 25.1451 66.8507 74.8941 83.164 69.8172 6.8133 538.3984 302.4412 302.4412 102.6178 22.067 69.6425 64.5771 15.2318 129.0416 345.3217 32.4896 219.2283 222.7608 4.3549 119.5468 79.7049 182.2633 348.9188;
	2.688 36.3203 82.326 99.5381 11.9207 10.9655 11.3687 15.3393 26.5896 25.757 47.6114 71.0269 106.9305 7.4075 16.5215 6.2244 7.7229 8.1839 15.4289 24.7346 3.7896 25.5861 68.3717 71.6276 90.691 71.8361 7.5345 409.6132 243.288 243.288 130.3939 26.0165 51.4297 63.667 23.2235 103.8029 243.4366 30.6547 170.3263 242.9223 0.0 121.6434 74.6336 154.9466 245.9724;
	1.9312 26.0945 80.515 100.1459 11.1444 13.3896 10.1763 15.5495 17.3124 23.8106 44.0136 65.6596 98.8501 14.558 22.4929 8.4741 10.5141 11.1418 24.6247 28.4999 3.3921 31.2424 56.7844 78.0754 94.8637 71.1493 7.8475 235.4366 179.7995 179.7995 78.5017 24.2924 82.0822 73.3587 45.6414 76.7144 99.178 26.2713 159.6734 254.0992 10.1761 148.5352 75.9672 154.877 100.2111;
	2.9056 39.261 81.948 109.4429 12.9218 20.9012 10.1736 13.4225 10.2443 19.446 35.9456 53.6238 80.7303 25.8181 16.8539 6.3496 7.8782 8.3486 34.6827 26.0513 3.3912 48.7694 51.6729 73.8052 89.6151 69.0128 3.2938 254.7462 159.6894 159.6894 85.5821 22.0654 115.6089 67.0562 80.9432 68.1342 69.9639 23.4916 182.1193 240.0405 5.0418 231.8637 80.13 166.7739 70.6927;
	2.6665 36.0308 86.9025 116.8816 13.8312 24.3892 11.649 16.7602 14.0185 28.012 51.7797 77.2451 116.2921 44.5676 28.3263 10.6718 13.2409 14.0314 46.2998 38.0904 3.883 56.9082 69.7274 83.3447 98.8068 70.587 9.688 246.1208 214.0002 214.0002 91.9832 16.0183 154.3328 98.0447 139.7254 91.3067 156.25 20.2748 167.194 264.6611 7.0199 270.5581 92.0004 216.9977 157.8776;
	1.9127 25.8442 65.2631 115.4026 13.6748 20.6555 11.9292 16.2441 20.2008 28.1676 52.0674 77.6744 116.9384 41.8312 31.2526 11.7742 14.6088 15.4809 60.1114 53.8372 3.9764 48.1963 71.2629 81.7317 96.4153 69.9015 9.3447 143.7617 174.1157 174.1157 104.6477 7.9789 200.3715 138.577 131.1466 74.2894 119.0996 18.8984 179.4485 258.2552 8.8832 229.1388 96.3756 200.7867 120.3402;
	2.9495 39.8547 81.5742 108.2473 14.4397 26.8676 11.3639 17.3996 22.3444 28.8285 53.289 79.4968 119.6819 45.2733 20.8381 7.8506 9.7406 10.3221 65.8422 51.6121 3.788 62.6911 70.3586 82.2008 97.6753 70.1014 10.4629 162.8152 157.4661 157.4661 103.421 4.8626 219.4739 132.8496 141.938 67.1855 133.924 19.6227 153.1833 261.6302 20.8457 298.0513 87.4421 232.7618 135.3191;
	2.1277 28.7505 80.736 106.6644 13.1058 17.2912 11.5564 16.9451 26.1762 29.5185 54.5646 81.3996 122.5467 45.2173 80.7794 30.4332 37.7597 40.014 75.0768 48.3104 3.8521 40.3462 69.0922 76.6592 91.7952 69.1939 10.2935 279.4728 260.3213 260.3213 129.3761 8.2121 250.256 124.3512 141.7623 111.0704 255.7262 25.3198 90.2167 245.8801 9.3729 191.8174 91.598 214.1824 258.39;
	1.6325 22.0589 72.186 101.2588 11.6758 27.8921 15.0506 17.0489 26.583 28.9017 53.4243 79.6986 119.9858 49.8412 52.3583 19.7257 24.4745 25.9356 63.8272 36.7531 5.0169 65.0815 69.3983 82.0961 91.5961 69.4751 11.0366 382.4223 311.6551 311.6551 187.4966 10.8896 212.7572 94.6025 156.259 132.9728 337.3544 27.2526 169.0968 245.3466 3.6357 309.4161 96.7925 181.1348 340.8685;
	1.7427 23.5478 78.8109 90.8179 11.5633 32.3798 20.516 17.499 26.5107 27.9055 51.5829 76.9515 115.8501 51.2692 7.5194 2.8329 3.5149 3.7247 77.3495 46.103 6.8387 75.5528 71.6223 73.1214 90.5383 69.1285 11.0237 437.6151 375.5788 375.5788 302.1107 17.5014 257.8316 118.6693 160.736 160.2469 425.2927 44.157 190.6234 242.5133 1.0219 359.1995 114.6219 175.4792 429.7229;
	2.963 40.0364 80.028 86.7967 13.9342 32.4782 20.9382 16.5613 26.6997 27.9206 51.6107 76.9931 115.9127 52.6578 41.187 15.517 19.2525 20.4019 82.5727 62.1385 6.9794 75.7824 70.3868 74.6732 94.5507 65.8153 10.0831 590.7372 454.4882 454.4882 334.3043 23.6652 275.2422 159.9447 165.0895 193.915 601.5726 60.167 202.2138 253.2609 4.9056 360.2914 151.7909 186.2209 607.839;
	3.5782 48.3488 83.0535 100.3358 13.8931 30.8701 22.7486 16.4449 26.9462 28.8284 53.2889 79.4966 119.6816 53.0269 63.9816 24.1047 29.9077 31.6932 87.0654 57.4748 7.5829 72.0302 65.4267 79.8299 91.1575 65.331 9.7541 746.2105 587.8729 587.8729 430.0154 29.2437 290.218 147.9403 166.2466 250.8258 718.7392 82.8016 266.3087 244.1718 8.2783 342.4523 141.5251 232.7685 726.2261;
	3.8427 51.9234 90.2794 110.7626 14.3582 34.2344 26.8398 17.5189 27.8528 25.568 47.262 70.5056 106.1458 61.0601 100.7968 37.9746 47.1166 49.9296 87.2787 62.03 8.9466 79.8803 44.818 82.2676 96.5309 68.3971 11.9171 938.009 667.8403 667.8403 539.8414 34.6053 290.9291 159.6653 191.4316 284.9452 977.4742 114.8052 431.6387 258.5648 4.2122 379.7737 161.0847 251.9951 987.6562;
	3.842 51.9137 89.1089 110.5229 14.3806 33.2581 28.0588 17.4963 26.5483 20.2275 37.3902 55.7788 83.9747 60.9052 125.8713 47.4213 58.8375 62.3502 89.9908 67.6702 9.3529 77.6022 38.9155 80.4932 97.9936 66.4634 11.8104 991.6153 724.6482 724.6482 688.6267 36.5811 299.9693 174.1833 190.946 309.1833 1006.8633 149.2852 359.2237 262.4829 0.3391 368.9433 169.9918 266.1611 1017.3515;
	3.8982 52.6734 91.0609 116.2421 14.3414 33.7124 30.7423 17.791 27.8743 20.743 38.3431 57.2004 86.1149 65.8517 164.9178 62.1318 77.0895 81.6919 91.3043 70.4654 10.2474 78.6623 31.1357 82.8812 98.037 71.8956 12.1642 992.0383 774.9251 774.9251 755.0894 69.6751 304.3477 181.378 206.4541 330.6347 1037.8351 204.583 404.9412 262.5992 0.2927 373.9831 205.9502 281.0668 1048.6458;
	3.7697 50.937 91.683 112.5323 14.1183 32.8351 30.0654 18.0096 27.8464 18.4671 34.1362 50.9245 76.6665 65.8818 174.8269 65.865 81.7214 86.6003 89.11 70.4929 10.0218 76.6153 30.5376 84.6854 100.5962 69.8866 12.9308 1014.8114 766.1858 766.1858 725.4899 88.4648 297.0332 181.4488 206.5483 326.9059 1049.4969 230.4852 442.2193 269.4541 103.7503 364.2509 193.5385 259.9615 1060.4292;
	3.7786 51.0575 91.7585 113.8179 14.108 33.5532 31.3051 13.4372 27.3936 20.0209 37.0083 55.2091 83.117 62.2498 174.5101 65.7457 81.5733 86.4434 84.7489 67.3422 10.435 78.2909 27.6689 84.2719 99.6509 63.3596 12.6803 1098.1973 782.0222 782.0222 674.5978 95.4135 282.4962 173.339 195.1614 333.6628 1064.2349 218.9869 450.6533 266.9222 112.3059 372.2173 204.9362 268.7768 1075.3206;
