function windprofile = ex_wind_profilesh1
%EX_WIND_PROFILE_D  Example wind_load_nyiso profile data for deterministic unit commitment.
% 2022.03.12
% Andres F. Ramirez


%% define constants
[GEN_BUS, PG, QG, QMAX, QMIN, VG, MBASE, GEN_STATUS, PMAX, PMIN, ...
    MU_PMAX, MU_PMIN, MU_QMAX, MU_QMIN, PC1, PC2, QC1MIN, QC1MAX, ...
    QC2MIN, QC2MAX, RAMP_AGC, RAMP_10, RAMP_30, RAMP_Q, APF] = idx_gen;
[CT_LABEL, CT_PROB, CT_TABLE, CT_TBUS, CT_TGEN, CT_TBRCH, CT_TAREABUS, ...
    CT_TAREAGEN, CT_TAREABRCH, CT_ROW, CT_COL, CT_CHGTYPE, CT_REP, ...
    CT_REL, CT_ADD, CT_NEWVAL, CT_TLOAD, CT_TAREALOAD, CT_LOAD_ALL_PQ, ...
    CT_LOAD_FIX_PQ, CT_LOAD_DIS_PQ, CT_LOAD_ALL_P, CT_LOAD_FIX_P, ...
    CT_LOAD_DIS_P, CT_TGENCOST, CT_TAREAGENCOST, CT_MODCOST_F, ...
    CT_MODCOST_X] = idx_ct;

windprofile = struct( ...
    'type', 'mpcData', ...
    'table', CT_TGEN, ...
    'rows', [1:45], ...
    'col', PMAX, ...
    'chgtype', 1, ...
    'values', [] );
windprofile.values(:,1,:) = [
	3.4459 46.5622 88.6974 113.7259 13.9503 14.2833 14.1449 18.0706 27.0866 25.6104 47.3405 70.6227 106.3221 8.7196 14.3351 5.4007 6.7008 7.1009 14.2077 19.1439 4.715 33.3276 58.659 82.058 96.5721 70.0261 8.0987 709.3613 346.8618 346.8618 196.1692 34.6038 47.359 49.2765 27.3371 147.9943 491.453 53.9762 292.2601 258.6753 14.4381 158.4491 118.2104 214.8547 496.5723;
	3.408 46.0497 90.175 113.9602 14.0964 15.8903 13.7816 17.6676 27.1458 25.9664 47.9985 71.6043 107.7998 7.5566 11.9552 4.5041 5.5884 5.922 11.7127 11.7273 4.5939 37.0773 62.0707 84.31 98.5375 71.7566 7.1998 709.9612 314.4322 314.4322 160.5786 28.8653 39.0424 30.1862 23.6908 134.1578 459.6216 50.3974 311.1974 263.9396 14.6104 176.2759 114.6391 215.0817 464.4094;
	3.1861 43.0511 85.9107 109.7007 14.1384 12.8653 11.99 16.5728 27.052 25.5062 47.1478 70.3352 105.8893 7.991 12.3407 4.6493 5.7686 6.1129 17.8125 20.7121 3.9967 30.0191 64.6957 81.5561 92.6538 69.8199 7.0259 628.9757 252.6945 252.6945 137.5019 29.0325 59.3751 53.3131 25.0528 107.8163 363.5034 33.4847 230.4498 248.1798 5.2261 142.7193 94.3144 189.0413 367.2899;
	2.8762 38.8635 86.65 105.8967 13.8749 12.1415 10.3703 16.2955 26.4681 25.929 47.9294 71.5013 107.6448 10.5899 8.4658 3.1895 3.9573 4.1935 5.6531 21.0118 3.4568 28.3303 68.738 80.3801 94.7893 71.3102 8.1581 504.0227 241.8283 241.8283 145.8434 26.0028 18.8436 54.0843 33.2009 103.1801 283.9886 29.0991 159.7644 253.8998 3.0914 134.6903 81.8734 181.3068 286.9468;
	2.4535 33.1524 88.8933 112.5862 14.0949 13.6596 9.1502 17.6402 18.6899 23.5021 43.4434 64.809 97.5695 14.7394 10.1214 3.8132 4.7312 5.0136 9.051 18.6434 3.0501 31.8724 56.2093 83.8754 98.8734 71.8186 9.7194 396.354 189.5084 189.5084 125.1007 24.8897 30.1699 47.9882 46.21 80.8569 173.8437 30.028 160.8719 264.8395 14.6916 151.5305 85.7592 215.1471 175.6546;
	3.1298 42.2906 87.8133 114.6778 13.999 21.2078 10.3843 18.2402 10.7443 20.3762 37.6651 56.189 84.5922 29.4808 11.5262 4.3424 5.3878 5.7095 24.3152 21.5731 3.4614 49.4848 54.1612 82.3613 100.5342 71.2969 8.6887 294.3086 195.2545 195.2545 125.0591 21.149 81.0506 55.5293 92.4262 83.3086 150.9637 30.9133 187.1553 269.2881 13.2685 235.265 88.6081 210.3524 152.5363;
	2.6023 35.1625 90.7039 116.1616 13.7298 21.5083 10.6179 17.3929 11.8653 27.9487 51.6627 77.0706 116.0293 42.8159 10.1358 3.8186 4.7379 5.0207 26.1683 29.5677 3.5393 50.186 67.5895 85.6225 103.5228 72.6788 11.355 235.6135 218.5151 218.5151 100.6548 8.8953 87.2275 76.1072 134.2336 93.2331 168.2233 19.6651 138.2222 277.2933 9.6602 238.5987 89.2636 228.2446 169.9756;
	1.7184 23.2188 71.5771 115.6621 14.1951 17.1107 11.1192 17.7296 18.409 28.4597 52.6074 78.4798 118.1509 45.0541 26.5785 10.0133 12.4239 13.1656 48.0236 50.9444 3.7064 39.9249 70.2453 83.4587 99.333 73.8499 12.9041 166.0227 187.7308 187.7308 92.4905 2.8292 160.0787 131.131 141.2508 80.0985 125.9244 19.0557 166.412 266.0706 7.3357 189.8144 82.0604 201.6694 127.2361;
	2.8067 37.9246 84.0681 105.5929 14.487 23.5184 10.8679 16.6817 21.8593 28.9702 53.551 79.8876 120.2704 46.6847 22.6414 8.53 10.5835 11.2154 62.246 50.5752 3.6226 54.8763 70.5719 78.9914 96.2805 70.4218 12.1126 148.4105 162.5055 162.5055 94.7738 6.7037 207.4866 130.1808 146.3627 69.3357 128.7029 34.7266 144.5577 257.8941 16.1042 260.8975 79.8642 231.2955 130.0436;
	1.9783 26.7313 78.0987 101.0674 11.8658 12.4736 9.5217 16.3051 25.9573 29.8623 55.2001 82.3476 123.9739 46.2275 33.2331 12.5204 15.5346 16.462 66.144 44.2866 3.1739 29.105 69.0293 64.6014 93.8388 69.3631 11.8352 268.4321 234.4245 234.4245 102.9002 6.6354 220.4802 113.9938 144.9294 100.0211 228.1885 21.3732 10.7792 251.3541 0.0384 138.3733 72.0608 196.1601 230.5655;
	1.7883 24.1632 80.2446 103.9394 12.386 24.9244 13.6495 16.6908 27.3814 29.8122 55.1074 82.2094 123.7658 53.4584 60.3096 22.7213 28.1912 29.8743 64.6412 37.9962 4.5498 58.157 69.4789 81.8764 94.449 70.2444 11.8438 373.4366 321.2032 321.2032 166.1977 11.9617 215.4708 97.8023 167.5993 137.0467 334.4108 26.9301 164.2579 252.9884 0.1985 276.4948 91.7216 181.4917 337.8942;
	1.8041 24.3779 86.3093 94.9814 12.6065 29.0014 18.6205 17.4268 27.5142 29.6147 54.7424 81.6649 122.946 50.889 25.161 9.4792 11.7613 12.4635 76.4529 50.5976 6.2068 67.67 69.9604 84.2388 97.955 70.3373 12.4511 468.3428 376.4679 376.4679 272.4811 13.9559 254.843 130.2383 159.544 160.6263 448.5148 37.7521 192.2758 262.3794 2.5355 321.7226 103.1516 188.4141 453.1868;
	2.9365 39.6788 85.0515 88.9659 13.9817 29.9781 18.8543 16.3869 27.6582 29.5709 54.6613 81.5439 122.7639 52.3297 46.5733 17.5462 21.7703 23.07 84.5718 60.0899 6.2848 69.949 70.4879 82.3334 98.4273 67.4847 11.3736 579.291 462.5762 462.5762 321.9836 21.5776 281.9059 154.6715 164.0607 197.3659 585.597 53.6271 219.2849 263.6446 4.0986 332.5573 136.4032 193.5019 591.697;
	3.2462 43.8631 84.4674 103.766 13.9716 28.7262 20.3552 15.2695 27.7994 30.4758 56.334 84.0393 126.5207 52.6483 66.8781 25.1959 31.2616 33.128 84.1009 56.8065 6.7851 67.0278 69.374 83.277 96.2261 64.0856 11.1036 731.4981 599.2128 599.2128 393.0001 26.9082 280.3363 146.22 165.0596 255.6641 713.8606 72.9417 285.5195 257.7484 0.8445 318.6695 121.6518 229.5408 721.2966;
	3.2566 44.004 84.9912 98.0178 14.0222 32.0204 23.4177 15.5774 28.0521 27.4404 50.7232 75.669 113.9192 57.2254 101.5089 38.2429 47.4495 50.2823 84.0519 56.9647 7.8059 74.7143 48.6799 82.1153 92.5565 60.8821 11.43 941.5973 676.3237 676.3237 508.6691 31.6653 280.1729 146.6273 179.4093 288.5648 911.3064 112.2636 418.243 247.9192 0.0002 355.2133 146.4652 224.7648 920.7992;
	3.1202 42.1611 84.3462 100.6553 13.7077 31.9676 26.2801 15.05 26.8205 21.3781 39.517 58.9516 88.7513 57.135 136.6513 51.4826 63.8765 67.6901 90.2244 65.1812 8.76 74.5911 43.9034 82.4377 96.601 62.6025 11.516 966.4331 696.4461 696.4461 643.5739 36.2304 300.7479 167.7765 179.126 297.1504 920.9121 153.6057 372.9577 258.7528 0.0064 354.6276 156.8437 230.0286 930.5049;
	3.6 48.6441 86.3846 110.3686 14.4227 33.2064 29.7527 17.8843 28.1182 21.6968 40.1063 59.8307 90.0747 65.9333 161.7971 60.9561 75.6307 80.146 88.179 66.9582 9.9176 77.4816 34.0307 85.1503 100.8685 70.2979 12.6679 1050.2572 768.6052 768.6052 706.5034 61.5455 293.93 172.3506 206.7099 327.9382 997.6021 199.1855 430.0017 270.1834 0.375 368.3699 205.2293 257.6594 1007.9938;
	3.6278 49.02 87.886 110.5838 14.0013 31.9224 28.3669 18.5542 26.2666 18.2499 33.7346 50.3254 75.7646 63.0628 182.5545 68.7764 85.3336 90.4282 87.2073 69.0812 9.4556 74.4857 35.5184 83.2395 101.4655 69.5505 13.1761 1170.5166 793.3466 793.3466 722.5114 78.817 290.691 177.8151 197.7104 338.4946 1081.6429 226.1959 430.8156 271.7827 106.537 354.1262 188.5221 249.4142 1092.91;
	3.8183 51.5942 87.7408 112.7491 14.3504 32.6982 30.0242 14.3293 25.9628 20.2559 37.4427 55.8572 84.0927 58.4185 178.7434 67.3405 83.5522 88.5403 82.7112 66.4123 10.0081 76.2957 49.3398 83.0126 103.0497 57.4476 12.9707 1236.4929 800.9641 800.9641 694.5408 95.8044 275.7039 170.9453 183.1499 341.7447 1143.7819 237.3515 449.9006 276.0261 116.9421 362.7318 202.4113 269.1624 1155.6962;
