function solarprofile = ex_solar_profilesh1
%EX_WIND_PROFILE_D  Example wind_load_nyiso profile data for deterministic unit commitment.
% 2022.03.12
% Andres F. Ramirez


%% define constants
[GEN_BUS, PG, QG, QMAX, QMIN, VG, MBASE, GEN_STATUS, PMAX, PMIN, ...
    MU_PMAX, MU_PMIN, MU_QMAX, MU_QMIN, PC1, PC2, QC1MIN, QC1MAX, ...
    QC2MIN, QC2MAX, RAMP_AGC, RAMP_10, RAMP_30, RAMP_Q, APF] = idx_gen;
[CT_LABEL, CT_PROB, CT_TABLE, CT_TBUS, CT_TGEN, CT_TBRCH, CT_TAREABUS, ...
    CT_TAREAGEN, CT_TAREABRCH, CT_ROW, CT_COL, CT_CHGTYPE, CT_REP, ...
    CT_REL, CT_ADD, CT_NEWVAL, CT_TLOAD, CT_TAREALOAD, CT_LOAD_ALL_PQ, ...
    CT_LOAD_FIX_PQ, CT_LOAD_DIS_PQ, CT_LOAD_ALL_P, CT_LOAD_FIX_P, ...
    CT_LOAD_DIS_P, CT_TGENCOST, CT_TAREAGENCOST, CT_MODCOST_F, ...
    CT_MODCOST_X] = idx_ct;

solarprofile = struct( ...
    'type', 'mpcData', ...
    'table', CT_TGEN, ...
    'rows', [1:12], ...
    'col', PMAX, ...
    'chgtype', 1, ...
    'values', [] );
solarprofile.values(:,1,:) = [
	0.0 0.0 0.0 0.0 0.0 0.0 0.0 0.0 0.0 0.0 0.0 0.0;
	0.0 0.0 0.0 0.0 0.0 0.0 0.0 0.0 0.0 0.0 0.0 0.0;
	0.0 0.0 0.0 0.0 0.0 0.0 0.0 0.0 0.0 0.0 0.0 0.0;
	0.0 0.0 0.0 0.0 0.0 0.0 0.0 0.0 0.0 0.0 0.0 0.0;
	0.0 0.0 0.0 0.0 0.0 0.0 0.0 0.0 0.0 0.0 0.0 0.0;
	0.0951 0.0972 0.1051 0.0 0.0 0.1251 0.0156 0.1784 0.0 0.0 0.0 0.0;
	14.61 5.6406 9.0694 0.1404 1.4386 19.6704 2.4588 2.4834 49.7729 39.5335 46.306 71.5953;
	10.7357 6.4565 8.5623 5.7119 11.156 138.9675 17.3709 15.4534 169.38 214.6498 190.6243 388.732;
	13.7719 8.9821 9.5371 9.8077 12.7839 223.8307 27.9788 29.8788 217.8644 300.6222 193.168 544.4286;
	24.6444 16.6507 14.075 10.8432 12.3764 393.5481 49.1935 64.8849 286.6096 267.5325 154.0408 484.5031;
	25.5415 16.4387 13.7062 11.0407 11.0173 365.001 45.6251 62.7723 257.5132 281.1097 169.6212 509.0914;
	24.6551 16.2757 13.5222 11.0434 10.5034 367.8293 45.9787 63.2899 232.3803 277.3267 177.2511 502.2403;
	24.6831 16.7603 13.9054 6.4186 7.8397 396.5094 49.5637 68.4516 236.4603 239.737 156.8966 434.1651;
	22.4526 16.7548 14.0232 7.3673 9.7009 402.3682 50.296 70.347 256.6189 232.5518 135.2326 421.1527;
	21.0901 16.8874 13.1056 5.9888 10.2699 371.4366 46.4296 68.4844 266.4268 218.5533 109.9948 395.8014;
	12.9162 10.8424 6.2741 4.7394 8.2169 105.8206 13.2276 24.2939 172.2566 75.7875 31.4589 137.2516;
	1.0932 0.8168 0.5982 1.4964 2.3399 43.9939 5.4992 9.2277 31.2657 16.0762 14.4935 29.114;
	0.0 0.0 0.0 0.0 0.0 0.0 0.0 0.0 0.0 0.0 0.0 0.0;
	0.0 0.0 0.0 0.0 0.0 0.0 0.0 0.0 0.0 0.0 0.0 0.0;
	0.0 0.0 0.0 0.0 0.0 0.0 0.0 0.0 0.0 0.0 0.0 0.0;
	0.0 0.0 0.0 0.0 0.0 0.0 0.0 0.0 0.0 0.0 0.0 0.0;
	0.0 0.0 0.0 0.0 0.0 0.0 0.0 0.0 0.0 0.0 0.0 0.0;
	0.0 0.0 0.0 0.0 0.0 0.0 0.0 0.0 0.0 0.0 0.0 0.0;
	0.0 0.0 0.0 0.0 0.0 0.0 0.0 0.0 0.0 0.0 0.0 0.0;
];
