function windprofile = ex_wind_profilesh1
%EX_WIND_PROFILE_D  Example wind_load_nyiso profile data for deterministic unit commitment.
% 2022.03.12
% Andres F. Ramirez


%% define constants
[GEN_BUS, PG, QG, QMAX, QMIN, VG, MBASE, GEN_STATUS, PMAX, PMIN, ...
    MU_PMAX, MU_PMIN, MU_QMAX, MU_QMIN, PC1, PC2, QC1MIN, QC1MAX, ...
    QC2MIN, QC2MAX, RAMP_AGC, RAMP_10, RAMP_30, RAMP_Q, APF] = idx_gen;
[CT_LABEL, CT_PROB, CT_TABLE, CT_TBUS, CT_TGEN, CT_TBRCH, CT_TAREABUS, ...
    CT_TAREAGEN, CT_TAREABRCH, CT_ROW, CT_COL, CT_CHGTYPE, CT_REP, ...
    CT_REL, CT_ADD, CT_NEWVAL, CT_TLOAD, CT_TAREALOAD, CT_LOAD_ALL_PQ, ...
    CT_LOAD_FIX_PQ, CT_LOAD_DIS_PQ, CT_LOAD_ALL_P, CT_LOAD_FIX_P, ...
    CT_LOAD_DIS_P, CT_TGENCOST, CT_TAREAGENCOST, CT_MODCOST_F, ...
    CT_MODCOST_X] = idx_ct;

windprofile = struct( ...
    'type', 'mpcData', ...
    'table', CT_TGEN, ...
    'rows', [1:45], ...
    'col', PMAX, ...
    'chgtype', 1, ...
    'values', [] );
windprofile.values(:,1,:) = [
	3.5754 48.3113 89.7944 116.442 15.2486 15.0147 13.6888 17.6714 26.9698 24.7836 45.8121 68.3427 102.8895 6.2097 22.0294 8.2994 10.2975 10.9122 14.0206 24.5571 4.5629 35.0344 58.7283 86.8921 101.2079 68.3402 7.185 681.5326 387.2899 387.2899 202.1652 36.201 46.7354 63.2101 19.4682 165.2437 501.6014 53.7433 286.5415 271.0926 8.0008 166.5636 118.5792 220.7441 506.8264;
	3.5643 48.1617 92.7929 116.4583 15.1807 17.0059 13.0908 17.4032 26.0163 24.7461 45.7428 68.2393 102.7338 6.6563 14.3276 5.3978 6.6973 7.0971 12.7633 16.0243 4.3636 39.6805 65.2681 88.4421 101.784 71.0415 6.5856 617.0408 355.1341 355.1341 163.3675 32.0015 42.5445 41.2466 20.8685 151.5239 462.0897 50.8089 293.181 272.6358 6.9595 188.6526 110.0148 220.9084 466.9032;
	3.2295 43.6377 91.7029 112.8872 15.091 14.0357 11.5668 18.3882 26.5766 24.2748 44.8716 66.9396 100.7772 6.1851 15.9142 5.9956 7.439 7.8831 22.6285 22.7468 3.8556 32.75 67.9478 89.647 103.3327 71.768 8.3418 477.8973 318.8493 318.8493 142.707 30.6003 75.4283 58.5503 19.3912 136.0424 355.3732 37.3864 224.3805 276.7841 6.9055 155.703 83.1842 210.3531 359.075;
	2.8365 38.3276 89.8738 111.6985 15.0311 15.1019 11.6553 18.269 26.7025 25.3957 46.9436 70.0306 105.4306 10.0346 13.0105 4.9016 6.0817 6.4447 13.429 25.0869 3.8851 35.2378 72.5495 86.9157 103.0362 73.6622 10.0108 478.7726 260.2101 260.2101 147.2682 28.0452 44.7633 64.5737 31.4598 111.023 305.7919 31.1965 181.4611 275.9897 0.821 167.5305 79.3893 207.3084 308.9772;
	2.4431 33.012 91.1438 116.7257 15.1099 17.7285 11.1864 18.5741 18.1158 24.2031 44.739 66.7419 100.4795 12.7229 16.8986 6.3664 7.8991 8.3707 23.6561 26.2487 3.7288 41.3665 63.7485 87.2968 104.6201 74.3812 9.8983 334.2458 208.6102 208.6102 141.4198 26.6193 78.8536 67.5642 39.8881 89.007 179.8208 33.7894 176.5947 280.2323 8.3467 196.6682 87.6518 233.3969 181.694;
	2.8956 39.1263 89.9211 112.3372 14.1332 23.8049 12.0761 17.6118 10.7273 20.9509 38.7273 57.7736 86.9778 25.5602 14.4024 5.426 6.7323 7.1342 31.2678 25.9027 4.0254 55.5447 62.3365 83.4129 98.404 73.2651 7.9879 300.073 182.9884 182.9884 118.8621 22.9606 104.2261 66.6735 80.1347 78.075 151.5642 30.0993 191.1307 263.5821 7.2462 264.0753 90.3191 220.8667 153.143;
	2.3835 32.2062 87.0501 109.8341 13.7728 24.0676 11.961 16.2614 11.6772 25.9941 48.0497 71.6806 107.9148 20.8198 20.8731 7.8638 9.757 10.3395 28.4385 34.3281 3.987 56.1578 69.5938 85.0732 96.9333 71.2641 10.5659 240.5564 188.0756 188.0756 80.5309 15.3451 94.7951 88.3606 65.2728 80.2456 142.2927 18.5334 140.8296 259.6429 6.5026 266.9903 88.9377 220.6005 143.7749;
	1.7091 23.0933 67.8287 110.6988 13.9842 20.0166 12.6048 17.8391 18.325 28.0851 51.9149 77.4468 116.5957 36.9682 23.9185 9.0112 11.1805 11.848 26.0403 56.3354 4.2016 46.7053 69.0565 82.8594 97.5278 72.8322 12.4104 125.4622 159.6446 159.6446 72.1314 8.3502 86.801 145.0074 115.9004 68.115 104.0774 16.5647 167.3362 261.2351 6.2517 222.0504 90.4745 213.1273 105.1616;
	2.6915 36.3678 84.4765 103.5236 14.4183 26.2057 11.1965 18.6079 20.5846 27.9201 51.6098 76.9917 115.9105 39.5865 13.4185 5.0553 6.2724 6.6468 40.5489 48.9684 3.7322 61.1467 68.8415 85.7258 99.0297 72.8847 12.6078 149.08 131.451 131.451 79.4492 6.9217 135.1631 126.0449 124.109 56.0858 115.2555 21.787 130.6186 265.2581 18.5664 290.7089 82.7428 231.2398 116.4561;
	1.8868 25.4944 85.6626 105.9576 13.2522 16.1369 10.8236 18.3027 25.9504 27.8118 51.4097 76.6931 115.4611 35.246 12.6825 4.7781 5.9283 6.2823 60.7513 48.104 3.6079 37.6527 64.8032 84.1276 100.1598 73.0909 12.3863 271.2807 224.4363 224.4363 103.8295 8.1866 202.5044 123.8198 110.5009 95.7595 227.8674 23.4073 35.601 268.2851 59.6404 179.0117 83.4244 210.3679 230.2411;
	1.5037 20.3176 81.8086 105.4411 12.2442 26.3005 13.5106 17.5529 26.6275 27.8468 51.4744 76.7897 115.6064 29.2305 4.2735 1.61 1.9976 2.1169 59.5203 34.5139 4.5035 61.3679 65.5907 87.1995 94.4189 70.2362 11.7638 370.9209 301.8893 301.8893 168.7452 12.0044 198.4009 88.8388 91.6414 128.8061 320.7049 28.2207 142.1624 252.9079 16.1112 291.7604 84.6994 177.7015 324.0455;
	1.6901 22.8375 86.0704 94.3703 12.0607 31.2683 17.7145 18.2092 26.2154 25.5167 47.1672 70.3641 105.9328 40.024 13.5896 5.1198 6.3524 6.7316 74.4802 52.4829 5.9048 72.9594 68.5068 84.7395 93.2225 69.6005 12.5648 455.0264 370.7399 370.7399 300.2143 15.0622 248.2674 135.0912 125.4806 158.1824 441.8345 45.8205 169.5921 249.7032 10.2287 346.8697 103.5658 189.4598 446.4369;
	2.7789 37.5492 87.6638 87.3019 13.9994 31.4793 17.8368 17.2513 25.8741 26.8671 49.6634 74.088 111.5391 46.1937 45.6949 17.2153 21.3597 22.6349 81.0621 60.6715 5.9456 73.4517 68.8429 83.1645 96.1234 69.695 11.4225 568.9898 419.7791 419.7791 306.759 19.6478 270.2069 156.1686 144.8235 179.1058 536.9381 51.4796 181.1438 257.4734 8.2498 349.2102 126.5083 211.4235 542.5312;
	3.4198 46.2092 86.97 103.5909 14.521 30.6356 17.5657 16.462 24.1912 26.821 49.5782 73.9609 111.3477 40.9116 60.1541 22.6627 28.1186 29.7973 82.2743 57.8808 5.8552 71.4831 62.8595 82.8043 93.494 69.871 11.1026 700.9213 514.743 514.743 375.6414 25.6281 274.2477 148.9853 128.2633 219.6237 668.2529 72.8951 227.4815 250.4304 24.3577 339.8512 124.9497 241.7102 675.2139;
	3.5716 48.2605 87.8919 101.9512 14.7593 32.6061 19.1431 16.1931 25.3049 24.2319 44.7923 66.8214 100.5992 53.624 88.1683 33.2169 41.2136 43.6741 83.7124 52.2402 6.381 76.0808 44.6054 83.5464 96.4705 68.1587 11.8834 914.7721 592.3347 592.3347 464.8426 32.1695 279.0412 134.4664 168.1184 252.7295 850.9269 102.8121 324.7 258.4031 6.3699 361.71 137.3664 238.4955 859.7907;
	3.6314 49.0685 89.3482 107.2563 15.0513 33.676 25.1706 16.5792 26.2186 21.3904 39.5399 58.9857 88.8027 49.5606 131.3274 49.4768 61.3879 65.0529 87.2852 65.7904 8.3902 78.5772 46.1615 83.4063 97.1324 64.3635 12.177 1040.5912 642.8657 642.8657 649.2234 46.5626 290.9505 169.3447 155.3792 274.2894 963.927 157.0565 345.4734 260.176 15.3938 373.5785 164.8299 251.4157 973.9679;
	3.6434 49.2304 87.4823 106.9544 14.8723 33.3694 27.5901 17.6074 25.8518 18.7746 34.7046 51.7724 77.943 60.8133 160.5537 60.4877 75.0495 79.5301 85.2437 68.3919 9.1967 77.862 25.3829 82.1168 96.7201 70.8499 12.8434 1045.3855 703.3566 703.3566 699.8744 79.6043 284.1457 176.0408 190.658 300.0988 957.8154 193.4706 357.8706 259.0718 0.0002 370.1781 198.7408 265.9752 967.7926;
	3.6652 49.5255 93.0822 109.7413 14.9973 33.4972 26.9683 18.7556 25.8371 18.8684 34.878 52.0311 78.3325 58.0783 165.238 62.2525 77.2392 81.8505 84.9343 69.6139 8.9894 78.1602 35.1341 86.4312 103.595 72.1308 13.7313 1130.714 749.5312 749.5312 717.7917 93.4911 283.1145 179.1864 182.0834 319.8 1030.5486 221.6915 384.3203 277.4865 103.6879 371.5959 192.8715 263.1687 1041.2835;
	3.5702 48.2411 86.7641 82.8851 14.5729 31.0944 28.1922 12.8818 25.7582 20.3376 37.5937 56.0825 84.4318 60.6002 176.4708 66.4843 82.4898 87.4146 82.6903 67.4345 9.3974 72.5537 50.3298 82.6802 100.9793 64.9507 12.8675 1205.6175 761.1846 761.1846 683.3367 106.3159 275.6342 173.5765 189.9897 324.7721 1064.5351 228.2017 397.4923 270.4802 112.2345 344.9409 187.7027 260.4673 1075.624;
