function solarprofile = ex_solar_profilesh1
%EX_WIND_PROFILE_D  Example wind_load_nyiso profile data for deterministic unit commitment.
% 2022.03.12
% Andres F. Ramirez


%% define constants
[GEN_BUS, PG, QG, QMAX, QMIN, VG, MBASE, GEN_STATUS, PMAX, PMIN, ...
    MU_PMAX, MU_PMIN, MU_QMAX, MU_QMIN, PC1, PC2, QC1MIN, QC1MAX, ...
    QC2MIN, QC2MAX, RAMP_AGC, RAMP_10, RAMP_30, RAMP_Q, APF] = idx_gen;
[CT_LABEL, CT_PROB, CT_TABLE, CT_TBUS, CT_TGEN, CT_TBRCH, CT_TAREABUS, ...
    CT_TAREAGEN, CT_TAREABRCH, CT_ROW, CT_COL, CT_CHGTYPE, CT_REP, ...
    CT_REL, CT_ADD, CT_NEWVAL, CT_TLOAD, CT_TAREALOAD, CT_LOAD_ALL_PQ, ...
    CT_LOAD_FIX_PQ, CT_LOAD_DIS_PQ, CT_LOAD_ALL_P, CT_LOAD_FIX_P, ...
    CT_LOAD_DIS_P, CT_TGENCOST, CT_TAREAGENCOST, CT_MODCOST_F, ...
    CT_MODCOST_X] = idx_ct;

solarprofile = struct( ...
    'type', 'mpcData', ...
    'table', CT_TGEN, ...
    'rows', [1:12], ...
    'col', PMAX, ...
    'chgtype', 1, ...
    'values', [] );
solarprofile.values(:,1,:) = [
	0.0 0.0 0.0 0.0 0.0 0.0 0.0 0.0 0.0 0.0 0.0 0.0;
	0.0 0.0 0.0 0.0 0.0 0.0 0.0 0.0 0.0 0.0 0.0 0.0;
	0.0 0.0 0.0 0.0 0.0 0.0 0.0 0.0 0.0 0.0 0.0 0.0;
	0.0 0.0 0.0 0.0 0.0 0.0 0.0 0.0 0.0 0.0 0.0 0.0;
	0.0 0.0 0.0 0.0 0.0 0.0 0.0 0.0 0.0 0.0 0.0 0.0;
	0.0951 0.0972 0.1051 0.0 0.0 0.1251 0.0156 0.1784 0.0 0.0 0.0 0.0;
	2.1126 4.0349 4.5614 5.2023 6.8578 99.9792 12.4974 47.0685 100.3441 6.3061 23.8326 11.4203;
	6.7149 8.3441 9.0082 8.5516 11.4171 130.0069 16.2509 43.2573 94.6381 93.5889 91.5977 169.49;
	12.6176 12.6288 11.8571 9.8935 12.285 177.4812 22.1851 49.2158 99.254 239.5168 149.4536 433.7663;
	25.0869 17.1043 14.3407 10.8526 12.2867 448.1487 56.0186 77.9736 252.4966 281.1444 152.5396 509.1542;
	24.6774 16.5886 13.9272 11.2135 12.404 453.0412 56.6302 82.8082 275.4614 300.28 166.2316 543.8089;
	23.5672 16.1133 13.324 11.4047 12.7731 435.5147 54.4393 82.3491 282.7693 292.3854 151.7693 529.5118;
	23.9008 16.5824 13.7384 9.8361 9.8368 383.6681 47.9585 67.5302 274.9574 173.8765 29.6837 314.8913;
	22.0669 16.0268 13.8804 8.7923 9.5977 374.7104 46.8388 61.7486 256.6937 166.5991 22.8889 301.712;
	22.1263 15.7893 13.4303 5.5094 8.8558 346.6355 43.3294 55.886 227.4385 146.9579 44.465 266.1416;
	13.3176 11.3205 8.4767 3.6659 7.3778 105.5202 13.19 20.0276 58.4386 56.9449 27.2535 103.1276;
	1.0279 0.9445 0.5827 1.1434 2.0786 38.9421 4.8678 7.7184 28.7948 16.4086 10.1558 29.716;
	0.0 0.0 0.0 0.0 0.0 0.0 0.0 0.0 0.0 0.0 0.0 0.0;
	0.0 0.0 0.0 0.0 0.0 0.0 0.0 0.0 0.0 0.0 0.0 0.0;
	0.0 0.0 0.0 0.0 0.0 0.0 0.0 0.0 0.0 0.0 0.0 0.0;
	0.0 0.0 0.0 0.0 0.0 0.0 0.0 0.0 0.0 0.0 0.0 0.0;
	0.0 0.0 0.0 0.0 0.0 0.0 0.0 0.0 0.0 0.0 0.0 0.0;
	0.0 0.0 0.0 0.0 0.0 0.0 0.0 0.0 0.0 0.0 0.0 0.0;
	0.0 0.0 0.0 0.0 0.0 0.0 0.0 0.0 0.0 0.0 0.0 0.0;
];
