function solarprofile = ex_solar_profilesh1
%EX_WIND_PROFILE_D  Example wind_load_nyiso profile data for deterministic unit commitment.
% 2022.03.12
% Andres F. Ramirez


%% define constants
[GEN_BUS, PG, QG, QMAX, QMIN, VG, MBASE, GEN_STATUS, PMAX, PMIN, ...
    MU_PMAX, MU_PMIN, MU_QMAX, MU_QMIN, PC1, PC2, QC1MIN, QC1MAX, ...
    QC2MIN, QC2MAX, RAMP_AGC, RAMP_10, RAMP_30, RAMP_Q, APF] = idx_gen;
[CT_LABEL, CT_PROB, CT_TABLE, CT_TBUS, CT_TGEN, CT_TBRCH, CT_TAREABUS, ...
    CT_TAREAGEN, CT_TAREABRCH, CT_ROW, CT_COL, CT_CHGTYPE, CT_REP, ...
    CT_REL, CT_ADD, CT_NEWVAL, CT_TLOAD, CT_TAREALOAD, CT_LOAD_ALL_PQ, ...
    CT_LOAD_FIX_PQ, CT_LOAD_DIS_PQ, CT_LOAD_ALL_P, CT_LOAD_FIX_P, ...
    CT_LOAD_DIS_P, CT_TGENCOST, CT_TAREAGENCOST, CT_MODCOST_F, ...
    CT_MODCOST_X] = idx_ct;

solarprofile = struct( ...
    'type', 'mpcData', ...
    'table', CT_TGEN, ...
    'rows', [1:12], ...
    'col', PMAX, ...
    'chgtype', 1, ...
    'values', [] );
solarprofile.values(:,1,:) = [
	0.0 0.0 0.0 0.0 0.0 0.0 0.0 0.0 0.0 0.0 0.0 0.0;
	0.0 0.0 0.0 0.0 0.0 0.0 0.0 0.0 0.0 0.0 0.0 0.0;
	0.0 0.0 0.0 0.0 0.0 0.0 0.0 0.0 0.0 0.0 0.0 0.0;
	0.0 0.0 0.0 0.0 0.0 0.0 0.0 0.0 0.0 0.0 0.0 0.0;
	0.0 0.0 0.0 0.0 0.0 0.0 0.0 0.0 0.0 0.0 0.0 0.0;
	0.1416 0.1864 0.1334 0.0 0.0 0.1251 0.0156 0.1784 0.1455 0.0 0.0 0.0;
	2.8417 1.9723 1.2607 2.4475 3.5345 41.0882 5.136 21.6699 38.2082 68.6671 43.8633 124.3565;
	7.7369 7.4602 4.9366 6.7722 10.8466 63.317 7.9146 31.0972 82.3468 178.1893 138.2234 322.702;
	13.2331 15.1493 8.1443 9.6859 12.3615 69.8975 8.7372 24.6934 102.8309 251.3892 172.5528 455.2674;
	21.7691 16.6747 13.1776 10.7821 11.3726 269.6024 33.7003 20.4399 208.023 253.4997 158.5756 459.0894;
	20.823 16.0537 12.7813 11.1388 9.9025 218.0871 27.2609 18.3282 146.651 266.4222 183.1902 482.4922;
	17.839 15.7609 11.3077 11.0929 8.9513 234.2858 29.2857 25.9677 129.0881 225.0584 188.1101 407.5822;
	20.2891 16.5198 13.437 4.9507 2.9055 306.983 38.3729 48.6883 110.0935 103.1463 151.9517 186.7985;
	16.8123 15.4733 12.2176 3.9836 2.4748 316.3693 39.5462 55.14 80.6577 80.313 98.8808 145.4473;
	10.4964 10.0256 7.8745 2.2594 1.7746 234.004 29.2505 51.8149 43.9186 62.2989 59.5077 112.8237;
	3.2934 2.3418 1.547 0.8322 1.1818 10.4245 1.3031 10.8673 0.0 15.6211 11.6189 28.2899;
	0.9792 0.7669 0.5614 0.6316 1.3981 32.1322 4.0165 8.4905 20.2353 12.7916 7.8289 23.1658;
	0.0 0.0 0.0 0.0 0.0 0.0 0.0 0.0 0.0 0.0 0.0 0.0;
	0.0 0.0 0.0 0.0 0.0 0.0 0.0 0.0 0.0 0.0 0.0 0.0;
	0.0 0.0 0.0 0.0 0.0 0.0 0.0 0.0 0.0 0.0 0.0 0.0;
	0.0 0.0 0.0 0.0 0.0 0.0 0.0 0.0 0.0 0.0 0.0 0.0;
	0.0 0.0 0.0 0.0 0.0 0.0 0.0 0.0 0.0 0.0 0.0 0.0;
	0.0 0.0 0.0 0.0 0.0 0.0 0.0 0.0 0.0 0.0 0.0 0.0;
	0.0 0.0 0.0 0.0 0.0 0.0 0.0 0.0 0.0 0.0 0.0 0.0;
];
