function solarprofile = ex_solar_profilesh1
%EX_WIND_PROFILE_D  Example wind_load_nyiso profile data for deterministic unit commitment.
% 2022.03.12
% Andres F. Ramirez


%% define constants
[GEN_BUS, PG, QG, QMAX, QMIN, VG, MBASE, GEN_STATUS, PMAX, PMIN, ...
    MU_PMAX, MU_PMIN, MU_QMAX, MU_QMIN, PC1, PC2, QC1MIN, QC1MAX, ...
    QC2MIN, QC2MAX, RAMP_AGC, RAMP_10, RAMP_30, RAMP_Q, APF] = idx_gen;
[CT_LABEL, CT_PROB, CT_TABLE, CT_TBUS, CT_TGEN, CT_TBRCH, CT_TAREABUS, ...
    CT_TAREAGEN, CT_TAREABRCH, CT_ROW, CT_COL, CT_CHGTYPE, CT_REP, ...
    CT_REL, CT_ADD, CT_NEWVAL, CT_TLOAD, CT_TAREALOAD, CT_LOAD_ALL_PQ, ...
    CT_LOAD_FIX_PQ, CT_LOAD_DIS_PQ, CT_LOAD_ALL_P, CT_LOAD_FIX_P, ...
    CT_LOAD_DIS_P, CT_TGENCOST, CT_TAREAGENCOST, CT_MODCOST_F, ...
    CT_MODCOST_X] = idx_ct;

solarprofile = struct( ...
    'type', 'mpcData', ...
    'table', CT_TGEN, ...
    'rows', [1:12], ...
    'col', PMAX, ...
    'chgtype', 1, ...
    'values', [] );
solarprofile.values(:,1,:) = [
	0.0 0.0 0.0 0.0 0.0 0.0 0.0 0.0 0.0 0.0 0.0 0.0;
	0.0 0.0 0.0 0.0 0.0 0.0 0.0 0.0 0.0 0.0 0.0 0.0;
	0.0 0.0 0.0 0.0 0.0 0.0 0.0 0.0 0.0 0.0 0.0 0.0;
	0.0 0.0 0.0 0.0 0.0 0.0 0.0 0.0 0.0 0.0 0.0 0.0;
	0.0 0.0 0.0 0.0 0.0 0.0 0.0 0.0 0.0 0.0 0.0 0.0;
	0.1135 0.1034 0.1051 0.0 0.0 1.1973 0.1497 0.5866 1.1157 0.0 0.0 0.0;
	2.495 1.7885 1.1916 1.9512 2.3117 40.9607 5.1201 42.4401 46.2971 24.1041 13.937 43.6527;
	1.9739 3.136 2.2878 5.8172 10.5513 30.3939 3.7992 51.0199 27.4136 37.6143 77.3612 68.1198;
	2.395 4.1621 2.2554 8.3737 12.3191 45.2383 5.6548 51.5789 24.0398 72.7507 148.8608 131.752;
	10.6948 5.7747 2.5852 8.3015 10.9048 313.8153 39.2269 67.3348 65.4718 175.2126 186.654 317.3112;
	13.8801 4.5308 5.8636 10.5181 9.3557 352.023 44.0029 70.789 177.3268 262.4988 198.9592 475.3869;
	12.8779 3.2345 8.1391 10.7851 7.9589 370.9539 46.3692 74.9974 221.7339 289.3398 186.8068 523.9961;
	8.8844 2.283 10.5162 2.298 0.972 362.23 45.2787 75.0918 222.4385 283.2716 136.2187 513.0065;
	2.5672 1.366 6.9493 1.8363 0.6101 311.0403 38.88 70.6077 182.598 279.6044 115.6152 506.3652;
	2.3986 1.2181 4.2036 1.2005 0.3111 155.9348 19.4919 62.1301 92.533 251.0792 104.9862 454.706;
	2.4955 1.3152 2.0002 1.9912 1.6708 3.3137 0.4142 14.6197 12.8921 58.1985 36.3935 105.3979;
	0.9586 0.7563 0.6037 1.7038 2.3453 32.139 4.0174 8.1952 28.1565 16.057 12.0375 29.0793;
	0.0 0.0 0.0 0.0 0.0 0.0 0.0 0.0 0.0 0.0 0.0 0.0;
	0.0 0.0 0.0 0.0 0.0 0.0 0.0 0.0 0.0 0.0 0.0 0.0;
	0.0 0.0 0.0 0.0 0.0 0.0 0.0 0.0 0.0 0.0 0.0 0.0;
	0.0 0.0 0.0 0.0 0.0 0.0 0.0 0.0 0.0 0.0 0.0 0.0;
	0.0 0.0 0.0 0.0 0.0 0.0 0.0 0.0 0.0 0.0 0.0 0.0;
	0.0 0.0 0.0 0.0 0.0 0.0 0.0 0.0 0.0 0.0 0.0 0.0;
	0.0 0.0 0.0 0.0 0.0 0.0 0.0 0.0 0.0 0.0 0.0 0.0;
];
