function windprofile = ex_wind_profilesh1
%EX_WIND_PROFILE_D  Example wind_load_nyiso profile data for deterministic unit commitment.
% 2022.03.12
% Andres F. Ramirez


%% define constants
[GEN_BUS, PG, QG, QMAX, QMIN, VG, MBASE, GEN_STATUS, PMAX, PMIN, ...
    MU_PMAX, MU_PMIN, MU_QMAX, MU_QMIN, PC1, PC2, QC1MIN, QC1MAX, ...
    QC2MIN, QC2MAX, RAMP_AGC, RAMP_10, RAMP_30, RAMP_Q, APF] = idx_gen;
[CT_LABEL, CT_PROB, CT_TABLE, CT_TBUS, CT_TGEN, CT_TBRCH, CT_TAREABUS, ...
    CT_TAREAGEN, CT_TAREABRCH, CT_ROW, CT_COL, CT_CHGTYPE, CT_REP, ...
    CT_REL, CT_ADD, CT_NEWVAL, CT_TLOAD, CT_TAREALOAD, CT_LOAD_ALL_PQ, ...
    CT_LOAD_FIX_PQ, CT_LOAD_DIS_PQ, CT_LOAD_ALL_P, CT_LOAD_FIX_P, ...
    CT_LOAD_DIS_P, CT_TGENCOST, CT_TAREAGENCOST, CT_MODCOST_F, ...
    CT_MODCOST_X] = idx_ct;

windprofile = struct( ...
    'type', 'mpcData', ...
    'table', CT_TGEN, ...
    'rows', [1:45], ...
    'col', PMAX, ...
    'chgtype', 1, ...
    'values', [] );
windprofile.values(:,1,:) = [
	3.6433 49.2286 93.2394 120.4161 15.121 15.292 16.0987 19.1561 26.5693 23.6638 43.7421 65.2546 98.2405 1.9377 23.8448 8.9834 11.1461 11.8115 14.9507 32.0894 5.3662 35.6814 57.462 89.1899 106.2992 76.2928 9.4646 729.8521 385.2316 385.2316 213.945 37.8996 49.8357 82.5982 6.075 164.3655 501.0735 60.0165 309.9939 284.7299 19.09 169.6394 114.5721 245.3641 506.293;
	3.5612 48.1191 92.9401 118.9319 14.6851 16.9246 15.475 18.8206 26.0104 23.0002 42.5155 63.4247 95.4855 2.2849 15.9347 6.0033 7.4485 7.8932 12.2014 18.8927 5.1583 39.4906 60.8846 87.157 105.0648 75.4959 8.2752 720.6935 358.7636 358.7636 172.3812 32.928 40.6715 48.6299 7.1636 153.0725 473.367 57.9441 309.2479 281.4235 15.753 187.7497 108.9337 233.8862 478.2979;
	3.2225 43.5436 91.2184 114.2288 14.4189 13.3485 13.2902 19.0549 26.1996 23.6699 43.7534 65.2714 98.2658 3.5661 14.9483 5.6317 6.9874 7.4046 21.646 26.0062 4.4301 31.1466 65.853 85.2166 104.33 72.4781 8.7692 629.0725 318.7522 318.7522 140.0341 29.7411 72.1534 66.94 11.1802 136.001 384.2069 40.4868 224.9694 279.4553 16.1159 148.0798 86.877 213.9164 388.2091;
	2.8379 38.3469 89.3027 108.0098 13.9059 12.2813 11.9286 18.0739 25.5034 23.7048 43.8179 65.3677 98.4106 6.4891 12.1805 4.5889 5.6937 6.0336 11.6542 25.1407 3.9762 28.6563 67.0909 82.1634 102.747 72.3469 9.3333 516.4346 247.8018 247.8018 138.7457 25.291 38.8473 64.7123 20.3443 105.7288 302.7578 34.62 169.9242 275.2151 0.3063 136.2402 76.1855 209.3839 305.9115;
	2.2604 30.5432 88.2561 113.1491 13.9919 13.3998 11.5964 18.1061 14.8517 19.4021 35.8644 53.5027 80.548 10.1102 12.9611 4.883 6.0585 6.4202 19.5974 25.8954 3.8655 31.2662 53.0173 82.5347 101.9263 71.2786 9.6764 397.1543 201.0286 201.0286 133.3593 24.7603 65.3246 66.6547 31.6969 85.7722 192.5093 35.0004 155.5961 273.0168 10.4711 148.6486 87.1374 212.352 194.5146;
	3.0102 40.6747 87.1513 111.4014 13.9572 20.0263 12.1751 17.9597 0.0 9.472 17.5089 26.1199 39.3233 24.1322 8.8008 3.3156 4.1139 4.3595 28.2675 25.8817 4.0584 46.7279 42.6455 81.8649 99.9094 69.0199 8.1778 349.3874 185.7953 185.7953 124.2875 23.1649 94.2249 66.6195 75.6576 79.2726 172.4662 32.5558 175.8931 267.6144 11.7024 222.158 91.8174 205.9213 174.2627;
	2.4423 33.0006 83.688 105.9296 13.6132 20.394 12.2287 16.945 0.6174 19.8445 36.6822 54.7226 82.3846 36.4816 17.4976 6.5921 8.1791 8.6674 31.4693 34.5744 4.0762 47.5859 51.2163 76.6449 96.5415 66.9271 10.2211 298.1842 220.0247 220.0247 100.3684 16.402 104.8977 88.9947 114.3749 93.8772 196.2552 26.4759 129.6726 258.5934 8.0583 226.237 91.6475 209.2229 198.2995;
	1.7577 23.7499 72.0608 114.0179 14.2478 17.9901 12.5098 18.4237 9.1092 27.3387 50.5353 75.3887 113.4972 38.5139 21.687 8.1704 10.1374 10.7426 48.5114 48.9535 4.1699 41.9768 70.1757 83.1742 101.605 69.9582 12.7189 181.4883 165.8797 165.8797 88.9362 7.4002 161.7046 126.0064 120.7464 70.7753 132.8682 19.1797 158.042 272.1562 8.667 199.5699 91.3891 215.4337 134.2522;
	2.8239 38.1566 85.0199 103.9975 14.5791 24.3003 10.6286 18.8087 8.1747 26.9339 49.7868 74.2721 111.8163 39.8382 9.9671 3.7551 4.659 4.9372 60.6766 48.48 3.5429 56.7008 69.7328 84.0219 100.8992 70.8667 12.6874 166.0443 149.4719 149.4719 88.929 5.4456 202.2552 124.7875 124.8981 63.7747 148.51 20.7187 124.6725 270.2658 16.6137 269.5718 79.864 248.8907 150.057;
	2.1289 28.7664 83.8418 108.2276 13.5161 14.783 11.3568 18.7194 22.814 27.8651 51.5082 76.8401 115.6823 44.3049 0.3523 0.1327 0.1647 0.1745 71.3411 38.5176 3.7856 34.4936 71.8155 83.0984 103.9378 70.3891 12.6013 270.4726 228.2192 228.2192 97.5534 9.1652 237.8037 99.1444 138.9018 97.3735 248.6688 24.3434 51.4039 278.4048 6.2168 163.9925 81.9468 224.1063 251.2591;
	1.7976 24.2901 81.146 97.7988 13.2325 27.3706 14.7031 17.878 25.1966 26.5988 49.1674 73.3481 110.4251 47.8207 0.2309 0.087 0.1079 0.1144 65.3001 31.6548 4.901 63.8647 67.0534 83.8032 98.1424 69.4389 11.6431 399.0003 298.3634 298.3634 151.9048 13.2868 217.6669 81.4795 149.9244 127.3017 351.622 26.3891 156.3876 262.8814 16.4544 303.6311 93.8311 201.8929 355.2848;
	1.7875 24.1528 87.2655 86.8058 13.3775 30.6251 19.0436 17.8234 24.7891 27.7906 51.3705 76.6346 115.373 48.4533 0.0 0.0 0.0 0.0 75.1638 46.9968 6.3479 71.4585 71.8946 83.0065 98.5725 70.5728 11.3395 472.0041 353.6692 353.6692 251.7857 17.0223 250.546 120.97 151.9078 150.8988 435.9827 36.493 172.4182 264.0334 16.5111 339.734 108.3082 208.6308 440.5242;
	2.9041 39.2409 88.6362 87.1256 14.3956 31.8988 20.509 17.7081 25.8058 27.5687 50.9603 76.0228 114.4519 32.0909 24.6648 9.2923 11.5293 12.2177 69.0008 54.0649 6.8363 74.4306 70.1519 82.965 104.1097 71.7679 11.0409 639.9544 440.3765 440.3765 268.5142 22.7577 230.0028 139.1631 100.6092 187.894 608.9492 51.0407 183.8612 278.8653 11.81 353.8643 136.6309 235.0246 615.2925;
	3.6047 48.7074 87.7139 102.7435 14.5615 30.3005 21.5424 17.5385 25.7646 26.7752 49.4935 73.8345 111.1574 38.5467 41.9999 15.8232 19.6325 20.8046 55.6099 46.4196 7.1808 70.7012 63.7723 83.3497 100.5072 70.1218 10.6979 829.9293 589.0436 589.0436 355.0717 24.6437 185.3662 119.4842 120.849 251.3253 728.1906 72.7109 249.357 269.2157 1.1446 336.1339 140.8088 258.0419 735.7759;
	3.5223 47.5943 84.2378 82.9027 14.0395 31.0155 24.2028 15.6882 24.9494 22.0102 40.6855 60.6948 91.3757 61.2125 71.2883 26.8574 33.3231 35.3126 60.4144 47.3037 8.0676 72.3694 44.0837 79.3978 93.1747 65.3155 11.0213 941.8469 631.8774 631.8774 436.1296 30.8189 201.3815 121.7599 191.9095 269.601 868.4065 105.7961 332.1002 249.5751 0.0 344.0648 151.1957 232.6488 877.4524;
	3.5743 48.2968 88.156 86.4471 14.5199 32.2107 25.676 16.7821 25.3315 16.2352 30.0106 44.7699 67.4008 65.2891 114.8619 43.2735 53.6913 56.8967 68.2485 59.7277 8.5587 75.1584 41.9976 80.406 96.1837 66.8545 11.5242 1064.9156 702.2141 702.2141 549.4071 44.6902 227.4952 153.7392 204.69 299.6114 967.9224 149.9438 330.6869 257.635 0.0319 357.3245 161.2894 242.5562 978.005;
	3.5865 48.4613 84.1709 37.2123 14.2888 31.8908 28.2644 16.9889 23.6446 16.4905 30.4825 45.4739 68.4607 66.702 144.4246 54.4111 67.5101 71.5405 77.4677 66.8489 9.4215 74.4118 11.2634 74.704 93.5952 69.3665 11.4927 1027.808 718.1428 718.1428 621.0217 79.0427 258.2255 172.0693 209.1198 306.4076 961.19 201.2339 365.521 250.7015 0.0 353.775 199.5389 235.0899 971.2024;
	3.6291 49.0377 87.8915 79.4931 14.3854 32.0154 26.388 17.5554 23.4841 11.476 21.2132 31.6459 47.6427 64.4856 173.5157 65.371 81.1085 85.9508 85.5119 71.1292 8.796 74.7026 34.21 81.2376 98.6536 69.6701 12.8199 1069.0576 692.3909 692.3909 562.5242 95.5916 285.0398 183.0868 202.171 295.4201 987.6857 229.1334 367.7892 264.2508 108.9507 355.1574 197.3326 255.7801 997.9741;
	3.6694 49.5822 82.7303 82.3042 14.1284 32.4253 28.7511 9.0354 24.1753 18.1994 33.6413 50.1862 75.5551 64.2285 176.2761 66.411 82.3988 87.3181 84.3927 66.7863 9.5837 75.659 41.3726 69.86 97.6719 49.3823 10.6926 1156.1847 719.933 719.933 541.6748 106.0078 281.309 171.908 201.365 307.1714 1030.7856 236.1264 421.9943 261.6211 112.8082 359.7046 203.8079 255.1067 1041.5229;
