function solarprofile = ex_solar_profilesh1
%EX_WIND_PROFILE_D  Example wind_load_nyiso profile data for deterministic unit commitment.
% 2022.03.12
% Andres F. Ramirez


%% define constants
[GEN_BUS, PG, QG, QMAX, QMIN, VG, MBASE, GEN_STATUS, PMAX, PMIN, ...
    MU_PMAX, MU_PMIN, MU_QMAX, MU_QMIN, PC1, PC2, QC1MIN, QC1MAX, ...
    QC2MIN, QC2MAX, RAMP_AGC, RAMP_10, RAMP_30, RAMP_Q, APF] = idx_gen;
[CT_LABEL, CT_PROB, CT_TABLE, CT_TBUS, CT_TGEN, CT_TBRCH, CT_TAREABUS, ...
    CT_TAREAGEN, CT_TAREABRCH, CT_ROW, CT_COL, CT_CHGTYPE, CT_REP, ...
    CT_REL, CT_ADD, CT_NEWVAL, CT_TLOAD, CT_TAREALOAD, CT_LOAD_ALL_PQ, ...
    CT_LOAD_FIX_PQ, CT_LOAD_DIS_PQ, CT_LOAD_ALL_P, CT_LOAD_FIX_P, ...
    CT_LOAD_DIS_P, CT_TGENCOST, CT_TAREAGENCOST, CT_MODCOST_F, ...
    CT_MODCOST_X] = idx_ct;

solarprofile = struct( ...
    'type', 'mpcData', ...
    'table', CT_TGEN, ...
    'rows', [1:12], ...
    'col', PMAX, ...
    'chgtype', 1, ...
    'values', [] );
solarprofile.values(:,1,:) = [
	0.0 0.0 0.0 0.0 0.0 0.0 0.0 0.0 0.0 0.0 0.0 0.0;
	0.0 0.0 0.0 0.0 0.0 0.0 0.0 0.0 0.0 0.0 0.0 0.0;
	0.0 0.0 0.0 0.0 0.0 0.0 0.0 0.0 0.0 0.0 0.0 0.0;
	0.0 0.0 0.0 0.0 0.0 0.0 0.0 0.0 0.0 0.0 0.0 0.0;
	0.0 0.0 0.0 0.0 0.0 0.0 0.0 0.0 0.0 0.0 0.0 0.0;
	0.1004 0.0992 0.1153 0.0 0.0 0.1251 0.0156 0.1784 0.0 0.0 0.0 0.0;
	1.7647 2.1299 2.3962 1.2566 5.8876 57.3644 7.1705 18.6313 57.3547 70.2462 38.0857 127.2162;
	8.1129 6.3785 5.4205 4.3773 10.5383 235.3173 29.4147 31.1763 103.5174 260.7144 201.317 472.1554;
	14.7681 10.0423 8.3835 8.6895 11.7496 348.772 43.5965 33.4892 148.9326 323.0127 198.9792 584.978;
	21.3739 14.5508 13.1818 10.9369 10.8743 453.7102 56.7138 61.7632 282.2274 294.9114 139.8918 534.0863;
	19.5079 10.8974 13.2545 11.1561 11.254 437.9946 54.7493 60.8346 281.2251 305.7529 150.2954 553.7204;
	17.7199 9.4778 13.2191 11.1326 11.5209 430.1288 53.7661 62.4082 272.7149 295.7948 167.9791 535.6861;
	22.9336 16.5824 13.7384 4.5142 5.7294 404.4539 50.5567 69.1197 246.5079 131.268 155.5304 237.7271;
	20.3372 15.9502 12.9486 3.9858 3.966 400.149 50.0186 69.7359 240.9065 106.25 134.2379 192.4194;
	14.6964 12.9849 9.3871 2.5678 2.7319 372.4736 46.5592 66.4661 225.1359 108.7064 104.8598 196.868;
	6.743 6.1723 4.7459 0.8982 2.2117 133.7869 16.7234 22.9878 61.5584 66.0892 29.4908 119.6879;
	1.2002 0.8334 0.6155 0.6507 1.934 49.5681 6.196 7.7614 22.0493 33.5695 21.1874 60.7946;
	0.0 0.0 0.0 0.0 0.0 0.0 0.0 0.0 0.0 0.0 0.0 0.0;
	0.0 0.0 0.0 0.0 0.0 0.0 0.0 0.0 0.0 0.0 0.0 0.0;
	0.0 0.0 0.0 0.0 0.0 0.0 0.0 0.0 0.0 0.0 0.0 0.0;
	0.0 0.0 0.0 0.0 0.0 0.0 0.0 0.0 0.0 0.0 0.0 0.0;
	0.0 0.0 0.0 0.0 0.0 0.0 0.0 0.0 0.0 0.0 0.0 0.0;
	0.0 0.0 0.0 0.0 0.0 0.0 0.0 0.0 0.0 0.0 0.0 0.0;
	0.0 0.0 0.0 0.0 0.0 0.0 0.0 0.0 0.0 0.0 0.0 0.0;
];
