function loadprofile = ex_load_profilesh1
%EX_LOAD_PROFILE  Example load profile data file for stochastic unit commitment.
% 2022.03.12
% Andres F. Ramirez

%% define constants
[CT_LABEL, CT_PROB, CT_TABLE, CT_TBUS, CT_TGEN, CT_TBRCH, CT_TAREABUS, ...
    CT_TAREAGEN, CT_TAREABRCH, CT_ROW, CT_COL, CT_CHGTYPE, CT_REP, ...
    CT_REL, CT_ADD, CT_NEWVAL, CT_TLOAD, CT_TAREALOAD, CT_LOAD_ALL_PQ, ...
    CT_LOAD_FIX_PQ, CT_LOAD_DIS_PQ, CT_LOAD_ALL_P, CT_LOAD_FIX_P, ...
    CT_LOAD_DIS_P, CT_TGENCOST, CT_TAREAGENCOST, CT_MODCOST_F, ...
    CT_MODCOST_X] = idx_ct;

loadprofile = struct( ...
    'type', 'mpcData', ...
    'table', CT_TAREALOAD, ...
    'rows', [1:11], ...
    'col', CT_LOAD_ALL_P, ...
    'chgtype', 1, ...
    'values', [] );
loadprofile.values(:,1,:) = [
	1353.1935 913.4108 1498.7343 526.3797 712.4229 1092.5 832.5896 223.8 554.3527 4384.8497 1539.7388;
	1317.9482 906.1387 1444.0431 537.0383 701.2442 1108.2766 829.0 227.8715 549.2864 4397.1301 1604.8407;
	1367.6886 920.4076 1486.5517 550.8302 723.9284 1124.5059 828.2 234.9 564.1833 4363.719 1632.545;
	1454.6086 994.9621 1587.4213 567.1921 787.8315 1188.7062 880.3372 258.6 584.5679 4566.2799 1717.3614;
	1614.4807 1119.5593 1795.8033 589.8232 942.4215 1337.7221 988.6131 297.5 644.1 5049.5014 1941.4647;
	1718.1368 1226.1592 1931.4341 599.8 994.3889 1422.4921 1060.5789 324.3964 702.1306 5708.3949 2130.4176;
	1712.643 1203.0891 1908.4465 604.7199 964.2193 1375.2149 1039.6282 333.3538 699.8953 5806.2338 2105.2568;
	1717.1944 1194.4652 1932.4594 566.42 949.6418 1354.0911 1041.145 339.6882 705.0627 6097.9046 2111.7593;
	1700.9835 1162.6764 1918.1457 559.0 944.0277 1341.0576 999.516 326.8 685.3795 6114.7761 2014.9088;
	1709.7011 1175.0587 1919.451 551.3643 947.8466 1252.7098 965.1523 319.4253 686.1509 6065.2631 1939.6025;
	1691.9709 1180.025 1920.9405 543.0095 927.6011 1314.9314 974.211 315.928 684.3626 6155.2337 1975.8419;
	1588.1673 1129.8691 1866.9081 541.1843 939.9 1250.7654 930.557 301.7782 673.2951 5993.4232 1882.4888;
	1593.2899 1121.2584 1835.0514 530.3982 941.1052 1252.7964 958.5303 306.1 685.43 6072.0418 1984.7332;
	1614.081 1094.0501 1831.488 539.0956 940.3284 1247.8405 970.1598 313.2222 686.3168 6139.5 2104.7;
	1629.6213 1016.7262 1828.2592 529.9975 916.1659 1309.5422 1018.6781 318.1414 720.3 6271.6395 2200.9149;
	1609.7439 1101.8974 1854.394 534.8199 918.4 1338.8936 1041.3 301.7314 701.9937 6190.777 2267.1506;
	1646.8811 1098.7 1831.8091 526.0 931.8955 1368.2186 1062.1308 321.7 721.2775 6084.6699 2351.2722;
	1689.1918 1186.6955 1935.8 550.4 963.8941 1446.3452 1141.5199 362.4971 755.0869 6125.0257 2469.1176;
	1746.9963 1175.7219 1888.7577 547.6567 929.5919 1385.5815 1113.4754 343.8488 732.6555 5981.1615 2403.8584;
	1663.7444 1116.8584 1767.2412 542.1551 890.1344 1332.3852 1072.9086 316.5699 701.4 5787.449 2336.1927;
	1567.7348 1032.8633 1665.4269 535.6763 847.5213 1223.7515 1003.485 290.8 648.2935 5429.4007 2142.7095;
	1489.7131 952.7146 1562.5757 542.518 805.6625 1119.8863 929.4622 264.6268 576.6739 5023.3883 1960.007;
	1483.288 900.2 1476.2504 533.4 690.7483 1026.8162 836.1472 217.1242 507.9749 4269.5123 1733.6021;
	1420.8453 871.1823 1469.8264 527.7 639.3691 1022.6657 809.0 218.9334 490.2106 4213.2079 1593.7383;
];
