function solarprofile = ex_solar_profilesh1
%EX_WIND_PROFILE_D  Example wind_load_nyiso profile data for deterministic unit commitment.
% 2022.03.12
% Andres F. Ramirez


%% define constants
[GEN_BUS, PG, QG, QMAX, QMIN, VG, MBASE, GEN_STATUS, PMAX, PMIN, ...
    MU_PMAX, MU_PMIN, MU_QMAX, MU_QMIN, PC1, PC2, QC1MIN, QC1MAX, ...
    QC2MIN, QC2MAX, RAMP_AGC, RAMP_10, RAMP_30, RAMP_Q, APF] = idx_gen;
[CT_LABEL, CT_PROB, CT_TABLE, CT_TBUS, CT_TGEN, CT_TBRCH, CT_TAREABUS, ...
    CT_TAREAGEN, CT_TAREABRCH, CT_ROW, CT_COL, CT_CHGTYPE, CT_REP, ...
    CT_REL, CT_ADD, CT_NEWVAL, CT_TLOAD, CT_TAREALOAD, CT_LOAD_ALL_PQ, ...
    CT_LOAD_FIX_PQ, CT_LOAD_DIS_PQ, CT_LOAD_ALL_P, CT_LOAD_FIX_P, ...
    CT_LOAD_DIS_P, CT_TGENCOST, CT_TAREAGENCOST, CT_MODCOST_F, ...
    CT_MODCOST_X] = idx_ct;

solarprofile = struct( ...
    'type', 'mpcData', ...
    'table', CT_TGEN, ...
    'rows', [1:12], ...
    'col', PMAX, ...
    'chgtype', 1, ...
    'values', [] );
solarprofile.values(:,1,:) = [
	0.0 0.0 0.0 0.0 0.0 0.0 0.0 0.0 0.0 0.0 0.0 0.0;
	0.0 0.0 0.0 0.0 0.0 0.0 0.0 0.0 0.0 0.0 0.0 0.0;
	0.0 0.0 0.0 0.0 0.0 0.0 0.0 0.0 0.0 0.0 0.0 0.0;
	0.0 0.0 0.0 0.0 0.0 0.0 0.0 0.0 0.0 0.0 0.0 0.0;
	0.0 0.0 0.0 0.0 0.0 0.0 0.0 0.0 0.0 0.0 0.0 0.0;
	0.1048 0.1034 0.1051 0.0 0.0 0.1251 0.0156 0.2035 0.0 0.0 0.0 0.0;
	4.353 6.9956 3.3116 4.6719 7.7971 48.3891 6.0486 20.0842 20.6611 156.5505 74.4626 283.5138;
	6.0054 6.356 5.0265 7.6229 12.9331 59.8094 7.4762 25.6522 46.7094 182.0211 122.7735 329.6414;
	7.1476 8.3383 4.8776 9.8091 13.5524 69.7305 8.7163 32.2869 70.9288 251.7761 170.5488 455.9681;
	20.7751 15.8815 12.9302 11.2202 14.0317 369.7677 46.221 68.9619 200.8658 330.7278 210.1879 598.9501;
	23.37 16.0537 13.2545 11.4882 13.7756 329.0137 41.1267 63.6596 75.7359 306.6773 182.955 555.3945;
	23.606 16.0751 13.2624 11.5473 13.1917 302.0054 37.7507 59.2485 51.6538 285.8694 147.752 517.7112;
	23.8627 16.5005 13.6116 6.5005 5.7495 362.6221 45.3278 54.5381 107.909 233.2583 85.7996 422.4321;
	18.7649 14.1848 11.4645 4.3778 4.087 388.9464 48.6183 60.7795 188.5891 216.7519 120.9033 392.539;
	10.3626 8.0942 7.2422 2.0446 3.3295 385.1992 48.1499 61.934 201.8955 201.5206 141.8243 364.955;
	2.8237 2.0187 2.6538 1.0633 2.7908 163.752 20.469 45.6053 42.5909 61.507 85.1248 111.3895;
	0.9087 0.7338 0.5541 0.712 1.3871 35.6727 4.4591 8.4591 20.5786 12.5887 9.7163 22.7983;
	0.0 0.0 0.0 0.0 0.0 0.0 0.0 0.0 0.0 0.0 0.0 0.0;
	0.0 0.0 0.0 0.0 0.0 0.0 0.0 0.0 0.0 0.0 0.0 0.0;
	0.0 0.0 0.0 0.0 0.0 0.0 0.0 0.0 0.0 0.0 0.0 0.0;
	0.0 0.0 0.0 0.0 0.0 0.0 0.0 0.0 0.0 0.0 0.0 0.0;
	0.0 0.0 0.0 0.0 0.0 0.0 0.0 0.0 0.0 0.0 0.0 0.0;
	0.0 0.0 0.0 0.0 0.0 0.0 0.0 0.0 0.0 0.0 0.0 0.0;
	0.0 0.0 0.0 0.0 0.0 0.0 0.0 0.0 0.0 0.0 0.0 0.0;
];
