function loadprofile = ex_load_profilesh1
%EX_LOAD_PROFILE  Example load profile data file for stochastic unit commitment.
% 2022.03.12
% Andres F. Ramirez

%% define constants
[CT_LABEL, CT_PROB, CT_TABLE, CT_TBUS, CT_TGEN, CT_TBRCH, CT_TAREABUS, ...
    CT_TAREAGEN, CT_TAREABRCH, CT_ROW, CT_COL, CT_CHGTYPE, CT_REP, ...
    CT_REL, CT_ADD, CT_NEWVAL, CT_TLOAD, CT_TAREALOAD, CT_LOAD_ALL_PQ, ...
    CT_LOAD_FIX_PQ, CT_LOAD_DIS_PQ, CT_LOAD_ALL_P, CT_LOAD_FIX_P, ...
    CT_LOAD_DIS_P, CT_TGENCOST, CT_TAREAGENCOST, CT_MODCOST_F, ...
    CT_MODCOST_X] = idx_ct;

loadprofile = struct( ...
    'type', 'mpcData', ...
    'table', CT_TAREALOAD, ...
    'rows', [1:11], ...
    'col', CT_LOAD_ALL_P, ...
    'chgtype', 1, ...
    'values', [] );
loadprofile.values(:,1,:) = [
	1452.6576 863.8577 1446.6591 585.5 742.9504 1117.8038 835.3025 231.6 455.8641 4346.4 1538.2426;
	1432.4981 863.909 1440.7382 580.2 721.4199 1127.7018 834.6 229.2622 458.361 4301.8966 1550.0519;
	1459.6569 887.0591 1485.2155 580.9761 719.0181 1159.0476 856.8 231.4 479.8409 4303.9354 1576.6267;
	1546.5 963.4424 1602.0989 584.4386 818.9278 1233.8 908.7 245.1601 529.0703 4504.8482 1689.529;
	1699.9413 1092.3642 1837.1893 605.06 956.7 1377.9843 1018.9964 278.6124 608.316 4977.8563 1802.7232;
	1793.4147 1154.4824 1958.6711 625.4747 1061.0569 1457.1876 1096.4 306.2976 655.3315 5448.3915 2023.7749;
	1866.4623 1199.8253 1984.0 621.2693 1060.797 1476.638 1142.1671 335.0886 665.164 6025.841 2148.4225;
	1852.6847 1203.7195 1942.5919 615.4716 1025.2523 1494.6973 1181.2108 329.9528 662.4 6211.7835 2075.145;
	1835.6078 1196.8574 1972.6902 604.5412 1017.8124 1489.3221 1245.6055 343.7 666.6415 6321.6254 2174.7943;
	1864.9864 1200.1722 1946.7681 594.2 977.1558 1489.7998 1246.1949 344.6398 672.2833 6363.111 2144.6612;
	1811.7336 1193.2072 1921.5051 595.2 995.3522 1513.5674 1217.6746 357.0981 636.0005 6329.3272 2045.6062;
	1828.9 1182.4694 1900.8301 586.7552 949.6689 1473.4759 1125.186 316.6 613.5422 6205.6 1920.5177;
	1817.901 1185.8898 1895.7151 603.6292 973.2313 1439.7633 1130.2024 326.7774 625.0831 6166.6359 1941.3572;
	1805.5002 1206.7107 1876.3371 607.8969 949.1 1403.1302 1118.0061 316.6 637.7936 6119.4673 1927.4976;
	1819.3249 1177.2847 1882.5761 598.9976 937.3559 1397.5393 1107.4447 304.1988 633.8434 6022.2985 1845.3282;
	1771.343 1222.8696 1955.9292 605.4403 987.5 1493.0152 1111.4877 325.8192 654.5564 6046.1229 1865.7562;
	1738.6439 1193.1355 1896.0 604.5266 1002.445 1551.4363 1185.8393 318.347 668.3549 5989.6818 2143.8147;
	1780.6118 1187.0 1943.6902 602.5023 1021.3955 1576.1775 1176.7392 345.2611 697.3362 6015.0912 2262.3539;
	1805.4587 1218.9464 1965.1889 612.5501 1014.0814 1568.6213 1182.1435 345.2818 696.0 5984.1892 2221.5776;
	1756.2835 1153.2293 1841.7266 597.0346 942.1236 1489.4268 1101.9109 337.3802 656.948 5756.1925 2066.683;
	1704.5997 1091.677 1739.9768 584.5 881.7518 1382.8965 1043.4037 309.0739 610.4 5458.9437 2004.5667;
	1556.3 996.2926 1600.7522 583.672 813.4948 1298.4809 938.5 266.1369 560.5104 5080.3261 1805.3032;
	1553.6782 947.7215 1566.9856 569.5515 774.3829 1230.0249 872.5216 246.8006 498.6556 4681.4035 1755.2408;
	1487.6 911.9212 1540.7679 566.8475 732.6612 1158.2406 843.2278 220.7254 490.4938 4427.5669 1679.2672;
];
