function loadprofile = ex_load_profilesh1
%EX_LOAD_PROFILE  Example load profile data file for stochastic unit commitment.
% 2022.03.12
% Andres F. Ramirez

%% define constants
[CT_LABEL, CT_PROB, CT_TABLE, CT_TBUS, CT_TGEN, CT_TBRCH, CT_TAREABUS, ...
    CT_TAREAGEN, CT_TAREABRCH, CT_ROW, CT_COL, CT_CHGTYPE, CT_REP, ...
    CT_REL, CT_ADD, CT_NEWVAL, CT_TLOAD, CT_TAREALOAD, CT_LOAD_ALL_PQ, ...
    CT_LOAD_FIX_PQ, CT_LOAD_DIS_PQ, CT_LOAD_ALL_P, CT_LOAD_FIX_P, ...
    CT_LOAD_DIS_P, CT_TGENCOST, CT_TAREAGENCOST, CT_MODCOST_F, ...
    CT_MODCOST_X] = idx_ct;

loadprofile = struct( ...
    'type', 'mpcData', ...
    'table', CT_TAREALOAD, ...
    'rows', [1:11], ...
    'col', CT_LOAD_ALL_P, ...
    'chgtype', 1, ...
    'values', [] );
loadprofile.values(:,1,:) = [
	1477.7 946.714 1605.5426 561.4 790.7 1090.8843 840.1 225.2 509.5 4287.7 1704.0733;
	1469.2 935.8 1592.3298 569.4495 771.4517 1111.0965 844.2 222.5 506.9579 4202.4178 1694.0;
	1493.3211 968.28 1646.3415 564.2877 809.3 1154.6 863.3016 234.7789 514.6 4237.0041 1719.1299;
	1552.4 1022.1786 1719.7537 580.7 853.4966 1186.9579 905.0121 250.3739 542.6 4516.129 1814.9;
	1714.3088 1117.8635 1869.2 585.5 962.6 1292.4761 976.498 280.4 623.7392 4887.9705 2026.0443;
	1794.8398 1174.1801 1944.8519 569.6041 1008.8716 1370.2277 1027.1201 305.9053 686.3 5504.5193 2173.8674;
	1766.963 1160.6146 1980.4014 547.4762 1036.1 1380.888 1047.5103 308.886 705.4953 5973.7367 2200.3885;
	1778.7732 1207.3 2036.262 566.0 1047.4158 1364.8262 1069.987 306.2 706.2661 6134.8571 2222.3974;
	1788.1872 1200.147 2041.0977 564.3021 1041.1938 1315.1575 1071.3555 311.4288 697.7104 6177.8 2167.2818;
	1780.5832 1195.395 2022.4538 566.6 1036.0 1284.9578 1066.0787 304.2181 703.0357 6246.2728 2066.0145;
	1776.3 1206.7 2029.6304 564.7 1040.0114 1275.476 1102.5313 311.3937 713.719 6338.5005 2053.7706;
	1753.4456 1158.1521 1984.0424 562.2411 1014.1363 1218.9448 1046.2799 304.2491 736.8393 6278.1263 2022.3;
	1757.2521 1159.5298 1997.6791 560.0 992.4122 1201.7477 1059.3678 305.0 720.1223 6286.9561 1985.007;
	1713.03 1170.261 1988.8073 565.9 1012.5449 1252.5484 1044.5437 303.9608 744.8474 6281.6873 2041.8992;
	1696.149 1186.241 1999.22 569.3286 1004.4687 1231.8846 1021.3585 320.2625 697.3633 6228.7526 2087.6478;
	1700.3818 1170.3 1974.5258 568.4 990.0 1286.6987 1049.4983 331.1208 725.923 6203.8151 2135.5199;
	1652.3969 1140.1629 1913.8158 563.3099 988.3739 1316.2834 1093.1118 367.6697 744.4373 6085.8504 2271.9053;
	1703.9122 1192.0604 1958.9314 572.6808 1031.1879 1402.1011 1177.2448 370.5 778.453 6161.3555 2400.9356;
	1677.048 1180.3507 1969.7 569.6319 1027.8562 1385.5593 1180.7327 385.5613 792.9004 6254.4859 2404.1836;
	1656.1355 1135.9202 1909.2164 571.1856 975.2 1332.1718 1133.8387 360.0199 729.2645 5961.152 2298.8871;
	1566.5604 1020.8651 1731.219 575.3583 874.4918 1239.4538 1031.2417 321.7206 677.2128 5657.3488 2169.4;
	1479.6483 926.2842 1575.1301 553.2204 781.7002 1139.3584 889.1602 269.7517 585.8 5148.9536 1907.6;
	1422.9935 885.4 1568.8678 539.7 813.97 1139.6499 860.9035 224.958 501.745 4765.1359 1785.9537;
	1403.7961 869.0741 1590.624 536.1 800.0789 1145.6979 843.2944 216.1 517.8216 4575.5887 1733.1391;
];
