function loadprofile = ex_load_profilesh1
%EX_LOAD_PROFILE  Example load profile data file for stochastic unit commitment.
% 2022.03.12
% Andres F. Ramirez

%% define constants
[CT_LABEL, CT_PROB, CT_TABLE, CT_TBUS, CT_TGEN, CT_TBRCH, CT_TAREABUS, ...
    CT_TAREAGEN, CT_TAREABRCH, CT_ROW, CT_COL, CT_CHGTYPE, CT_REP, ...
    CT_REL, CT_ADD, CT_NEWVAL, CT_TLOAD, CT_TAREALOAD, CT_LOAD_ALL_PQ, ...
    CT_LOAD_FIX_PQ, CT_LOAD_DIS_PQ, CT_LOAD_ALL_P, CT_LOAD_FIX_P, ...
    CT_LOAD_DIS_P, CT_TGENCOST, CT_TAREAGENCOST, CT_MODCOST_F, ...
    CT_MODCOST_X] = idx_ct;

loadprofile = struct( ...
    'type', 'mpcData', ...
    'table', CT_TAREALOAD, ...
    'rows', [1:11], ...
    'col', CT_LOAD_ALL_P, ...
    'chgtype', 1, ...
    'values', [] );
loadprofile.values(:,1,:) = [
	1456.6013 939.8021 1572.8807 547.3757 768.3 1159.4856 856.5179 234.7795 528.3927 4751.5215 1741.7;
	1446.4 937.5147 1608.5639 549.5834 778.038 1170.6426 869.0483 233.5 530.7979 4584.0732 1746.5813;
	1450.5849 947.0471 1603.4556 555.9426 804.4218 1193.8 882.1156 257.089 551.0962 4597.569 1753.9;
	1496.3488 1003.7 1716.9875 578.0 879.9578 1260.3606 933.3 277.645 580.199 4882.4785 1893.2295;
	1684.8055 1131.6928 1922.4001 593.119 984.5963 1398.9872 1037.9 321.7 644.9 5307.78 2150.1461;
	1817.2053 1230.9197 2043.6 578.0098 1047.4623 1464.6819 1110.8 360.1047 746.68 5974.9681 2478.8028;
	1859.8802 1233.2392 2060.8652 577.8597 1038.8405 1441.5612 1132.1 363.9 761.3209 6293.8842 2449.6961;
	1865.1 1291.1977 2057.2248 579.5 1049.6922 1432.245 1148.8 364.305 763.6186 6399.338 2456.199;
	1866.1 1298.7515 2045.3907 581.3003 1038.2173 1379.7114 1113.685 372.4569 752.6009 6499.1282 2482.3766;
	1824.2696 1251.7 2000.6377 569.2469 1009.0104 1346.1 1082.0259 368.8903 776.0321 6485.3492 2451.2938;
	1788.7631 1257.045 1971.4356 567.274 978.29 1341.6 1090.5143 383.3363 778.8242 6673.6522 2456.6004;
	1801.0886 1266.7492 1958.2302 567.1114 916.8925 1316.8499 1046.4466 369.5225 743.2465 6531.6741 2384.5779;
	1741.2 1241.4478 1904.197 558.6 905.1339 1326.9792 1050.8023 387.2599 786.7626 6590.6139 2486.3906;
	1674.039 1175.1847 1823.093 554.0 866.3565 1294.9079 1017.6846 334.7997 770.9494 6459.5657 2358.1098;
	1663.4501 1173.1874 1843.6388 563.473 899.0 1325.2859 1030.458 333.5807 747.1149 6349.1607 2274.558;
	1680.4 1159.7402 1866.987 565.0873 916.806 1316.4641 1032.403 336.5958 700.6197 6353.1442 2264.1346;
	1715.8186 1174.2 1885.6393 562.9765 921.9532 1367.6681 1064.1504 339.386 698.7152 6102.1528 2309.8217;
	1840.7808 1233.9 1965.2384 592.1 989.3379 1415.9695 1162.2 369.0222 733.7194 6141.8072 2475.3283;
	1876.1024 1250.0084 2006.7 580.7 993.2639 1444.2149 1152.9298 354.0 754.8965 6042.2468 2491.5181;
	1765.8948 1158.7 1897.5502 570.0705 916.245 1364.6061 1114.1701 345.9 714.5904 5860.8443 2365.3081;
	1698.5199 1077.1766 1795.2149 552.9479 844.3931 1277.5304 1041.295 315.5 686.925 5661.426 2285.3985;
	1599.6433 994.7079 1678.716 531.8 791.2614 1166.4 945.0201 284.1 620.7637 5225.7616 2047.7597;
	1573.9 944.2481 1579.1474 526.6 789.3806 1153.7 910.0242 249.049 564.7207 4727.73 1850.8576;
	1568.4309 917.8535 1592.6537 522.2 786.771 1190.824 921.3776 254.7795 556.5992 4548.5835 1805.4243;
];
