function loadprofile = ex_load_profilesh1
%EX_LOAD_PROFILE  Example load profile data file for stochastic unit commitment.
% 2022.03.12
% Andres F. Ramirez

%% define constants
[CT_LABEL, CT_PROB, CT_TABLE, CT_TBUS, CT_TGEN, CT_TBRCH, CT_TAREABUS, ...
    CT_TAREAGEN, CT_TAREABRCH, CT_ROW, CT_COL, CT_CHGTYPE, CT_REP, ...
    CT_REL, CT_ADD, CT_NEWVAL, CT_TLOAD, CT_TAREALOAD, CT_LOAD_ALL_PQ, ...
    CT_LOAD_FIX_PQ, CT_LOAD_DIS_PQ, CT_LOAD_ALL_P, CT_LOAD_FIX_P, ...
    CT_LOAD_DIS_P, CT_TGENCOST, CT_TAREAGENCOST, CT_MODCOST_F, ...
    CT_MODCOST_X] = idx_ct;

loadprofile = struct( ...
    'type', 'mpcData', ...
    'table', CT_TAREALOAD, ...
    'rows', [1:11], ...
    'col', CT_LOAD_ALL_P, ...
    'chgtype', 1, ...
    'values', [] );
loadprofile.values(:,1,:) = [
	1433.0505 916.586 1543.9081 570.5347 765.0981 1168.9528 860.0746 198.1982 522.2 4552.7399 1796.2643;
	1404.4039 902.13 1554.8 580.0802 769.603 1185.6622 856.6473 211.123 514.8514 4493.3075 1800.412;
	1429.8268 920.4404 1564.3124 573.39 773.044 1211.9076 861.4756 226.2 508.919 4540.7727 1820.3465;
	1481.3626 991.2642 1660.7991 582.5197 848.2144 1285.3101 901.4976 236.0041 539.3 4717.2901 1892.5367;
	1622.5067 1122.407 1887.6703 615.9 975.6 1473.4853 1014.8 281.8695 634.8217 5298.8793 2173.3963;
	1750.5591 1197.2541 2033.9463 629.3866 1041.5987 1520.4831 1058.8946 287.9014 680.5451 5770.4094 2220.7577;
	1809.9742 1225.3 2047.691 617.9282 1068.6164 1615.5016 1109.724 304.048 706.0 6079.289 2249.4047;
	1787.8367 1234.9038 2048.6719 607.6 1062.5391 1580.6082 1126.9486 310.0 710.3483 6272.4088 2251.2;
	1763.9659 1220.3706 2013.8782 618.18 1019.4828 1596.2136 1132.7972 311.4178 704.2539 6301.9783 2186.2909;
	1789.0815 1230.6627 2069.1313 615.7932 1037.2547 1593.8227 1191.709 313.0903 730.6398 6427.1683 2222.8034;
	1763.9746 1210.8352 2055.2086 608.9067 982.4094 1551.2721 1172.3657 312.501 702.2742 6439.9497 2219.599;
	1719.5604 1200.3 2026.4056 606.5083 970.7335 1550.4469 1168.3182 316.6222 698.6 6454.8581 2274.7576;
	1715.9357 1182.2 1950.1098 601.9 914.7949 1513.7593 1117.4202 297.2 665.7711 6281.7512 2195.13;
	1653.4561 1157.1069 1931.7362 581.9186 908.629 1506.7979 1087.0505 287.7988 643.8874 6321.0808 2219.8431;
	1658.0756 1162.7335 1924.6153 602.4248 938.5205 1472.9141 1093.0262 275.9 651.5885 6273.9964 2308.4383;
	1633.2399 1157.4155 1949.8235 580.9247 942.4384 1485.8311 1113.0885 290.0373 647.6606 6309.2609 2315.7537;
	1647.2976 1160.8725 1945.5178 584.9274 965.1 1540.6905 1140.2193 330.1845 656.6147 6249.5326 2481.7909;
	1698.5443 1191.6241 2007.2 586.353 1001.2293 1577.1131 1182.6434 341.7 697.4 6229.4249 2565.3926;
	1721.6557 1192.9 2011.6159 590.9737 1023.6342 1522.2314 1149.8 311.0984 668.5288 6117.3047 2494.0541;
	1606.7656 1102.6023 1894.2659 556.4759 955.7412 1422.6576 1098.5676 311.2 628.584 5891.832 2354.5;
	1537.7002 1042.3524 1812.4868 558.6164 883.0375 1306.0146 1016.7834 278.1617 576.8094 5520.2437 2163.5152;
	1459.3347 952.169 1695.7603 528.4 817.8504 1184.2731 942.4 265.9991 539.9034 5188.5893 1941.835;
	1410.9076 901.0384 1638.9993 531.5 804.2451 1228.0757 915.3858 259.1076 532.9226 4853.7658 1978.2965;
	1365.587 874.5572 1590.8652 543.3 781.4037 1171.573 884.9357 240.501 536.9536 4920.2643 1957.8149;
];
