function solarprofile = ex_solar_profilesh1
%EX_WIND_PROFILE_D  Example wind_load_nyiso profile data for deterministic unit commitment.
% 2022.03.12
% Andres F. Ramirez


%% define constants
[GEN_BUS, PG, QG, QMAX, QMIN, VG, MBASE, GEN_STATUS, PMAX, PMIN, ...
    MU_PMAX, MU_PMIN, MU_QMAX, MU_QMIN, PC1, PC2, QC1MIN, QC1MAX, ...
    QC2MIN, QC2MAX, RAMP_AGC, RAMP_10, RAMP_30, RAMP_Q, APF] = idx_gen;
[CT_LABEL, CT_PROB, CT_TABLE, CT_TBUS, CT_TGEN, CT_TBRCH, CT_TAREABUS, ...
    CT_TAREAGEN, CT_TAREABRCH, CT_ROW, CT_COL, CT_CHGTYPE, CT_REP, ...
    CT_REL, CT_ADD, CT_NEWVAL, CT_TLOAD, CT_TAREALOAD, CT_LOAD_ALL_PQ, ...
    CT_LOAD_FIX_PQ, CT_LOAD_DIS_PQ, CT_LOAD_ALL_P, CT_LOAD_FIX_P, ...
    CT_LOAD_DIS_P, CT_TGENCOST, CT_TAREAGENCOST, CT_MODCOST_F, ...
    CT_MODCOST_X] = idx_ct;

solarprofile = struct( ...
    'type', 'mpcData', ...
    'table', CT_TGEN, ...
    'rows', [1:12], ...
    'col', PMAX, ...
    'chgtype', 1, ...
    'values', [] );
solarprofile.values(:,1,:) = [
	0.0 0.0 0.0 0.0 0.0 0.0 0.0 0.0 0.0 0.0 0.0 0.0;
	0.0 0.0 0.0 0.0 0.0 0.0 0.0 0.0 0.0 0.0 0.0 0.0;
	0.0 0.0 0.0 0.0 0.0 0.0 0.0 0.0 0.0 0.0 0.0 0.0;
	0.0 0.0 0.0 0.0 0.0 0.0 0.0 0.0 0.0 0.0 0.0 0.0;
	0.0 0.0 0.0 0.0 0.0 0.0 0.0 0.0 0.0 0.0 0.0 0.0;
	0.0951 0.0992 0.1051 0.0 0.0 1.1964 0.1495 0.5489 0.0 0.0 0.0 0.0;
	0.407 0.6858 0.3088 1.7186 5.092 169.2915 21.1614 30.2395 35.4285 191.7849 64.0542 347.3236;
	6.4305 6.0645 3.8469 6.1985 11.4628 215.9894 26.9987 38.0829 74.3198 351.6381 173.8171 636.8187;
	13.8103 12.0247 7.5092 9.0157 12.369 222.1193 27.7649 38.4978 91.1343 349.674 166.8413 633.2618;
	21.7425 16.119 12.6894 7.132 11.7925 395.7532 49.4691 63.8392 221.3448 246.4331 109.0144 446.2917;
	23.0346 16.0537 13.1284 8.6058 11.715 371.5727 46.4466 63.3887 224.9342 258.3638 122.4865 467.8983;
	23.0795 16.0751 13.1085 7.8802 11.9639 356.5238 44.5655 63.408 228.2039 276.3644 151.1235 500.4977;
	23.8696 16.5824 13.2944 1.3976 8.7849 320.0096 40.0012 62.9472 220.0389 231.5526 145.8853 419.3432;
	20.5399 15.4487 11.2854 1.1671 8.5833 328.4749 41.0594 62.8681 220.1424 166.4833 102.0135 301.5023;
	14.8611 10.841 7.5585 0.7996 8.0125 309.6686 38.7086 59.56 206.5679 56.8414 50.4488 102.94;
	8.0419 6.3522 5.0645 0.9119 7.2079 120.632 15.079 27.241 78.108 0.0 0.0 0.0;
	1.443 1.2819 1.0367 0.6796 2.2807 58.7214 7.3402 11.4823 38.4555 10.9165 3.1377 19.7699;
	0.0 0.0 0.0 0.0 0.0 0.0 0.0 0.0 0.0 0.0 0.0 0.0;
	0.0 0.0 0.0 0.0 0.0 0.0 0.0 0.0 0.0 0.0 0.0 0.0;
	0.0 0.0 0.0 0.0 0.0 0.0 0.0 0.0 0.0 0.0 0.0 0.0;
	0.0 0.0 0.0 0.0 0.0 0.0 0.0 0.0 0.0 0.0 0.0 0.0;
	0.0 0.0 0.0 0.0 0.0 0.0 0.0 0.0 0.0 0.0 0.0 0.0;
	0.0 0.0 0.0 0.0 0.0 0.0 0.0 0.0 0.0 0.0 0.0 0.0;
	0.0 0.0 0.0 0.0 0.0 0.0 0.0 0.0 0.0 0.0 0.0 0.0;
];
