function windprofile = ex_wind_profilesh1
%EX_WIND_PROFILE_D  Example wind_load_nyiso profile data for deterministic unit commitment.
% 2022.03.12
% Andres F. Ramirez


%% define constants
[GEN_BUS, PG, QG, QMAX, QMIN, VG, MBASE, GEN_STATUS, PMAX, PMIN, ...
    MU_PMAX, MU_PMIN, MU_QMAX, MU_QMIN, PC1, PC2, QC1MIN, QC1MAX, ...
    QC2MIN, QC2MAX, RAMP_AGC, RAMP_10, RAMP_30, RAMP_Q, APF] = idx_gen;
[CT_LABEL, CT_PROB, CT_TABLE, CT_TBUS, CT_TGEN, CT_TBRCH, CT_TAREABUS, ...
    CT_TAREAGEN, CT_TAREABRCH, CT_ROW, CT_COL, CT_CHGTYPE, CT_REP, ...
    CT_REL, CT_ADD, CT_NEWVAL, CT_TLOAD, CT_TAREALOAD, CT_LOAD_ALL_PQ, ...
    CT_LOAD_FIX_PQ, CT_LOAD_DIS_PQ, CT_LOAD_ALL_P, CT_LOAD_FIX_P, ...
    CT_LOAD_DIS_P, CT_TGENCOST, CT_TAREAGENCOST, CT_MODCOST_F, ...
    CT_MODCOST_X] = idx_ct;

windprofile = struct( ...
    'type', 'mpcData', ...
    'table', CT_TGEN, ...
    'rows', [1:45], ...
    'col', PMAX, ...
    'chgtype', 1, ...
    'values', [] );
windprofile.values(:,1,:) = [
	3.5644 48.1632 89.9248 116.8738 14.2913 14.4403 15.9023 16.8638 26.371 23.411 43.275 64.5577 97.1913 0.0415 19.7513 7.4412 9.2326 9.7838 12.0629 16.5975 5.3008 33.694 51.7623 83.6558 95.2781 72.2831 7.5601 657.1706 362.0637 362.0637 192.4823 37.7285 40.2095 42.722 0.13 154.4805 429.8697 51.2627 271.3125 255.2093 14.9448 160.1909 116.0792 233.0793 434.3475;
	3.4619 46.7774 91.6899 117.4123 14.3002 15.6507 14.9264 16.9772 25.4649 24.1385 44.6196 66.5637 100.2113 2.2637 10.5336 3.9685 4.9238 5.2178 11.884 9.5551 4.9755 36.5183 53.582 84.3276 94.9517 70.7109 7.0169 680.3514 365.916 365.916 152.3566 33.479 39.6133 24.5947 7.097 156.1242 457.2093 46.5477 279.1988 254.3349 13.2119 173.6185 109.0572 210.6623 461.9719;
	3.2706 44.1933 91.6046 116.6572 14.725 13.5214 13.7464 17.9445 26.4462 24.0696 44.4922 66.3736 99.9251 3.0602 14.9448 5.6304 6.9858 7.4029 23.8716 15.5349 4.5821 31.55 58.4685 85.9661 97.6821 71.3482 8.1765 583.251 330.4844 330.4844 145.6903 33.1235 79.572 39.9868 9.5941 141.0067 360.8041 33.7109 230.7382 261.6485 38.7446 149.9975 87.5074 205.4451 364.5625;
	2.869 38.767 92.3987 114.3003 14.8058 12.2532 12.5728 18.005 26.5242 24.4311 45.1605 67.3706 101.4261 6.5649 13.0436 4.9141 6.0971 6.4611 12.9083 19.1421 4.1909 28.5908 58.7225 86.6312 100.1144 73.7821 9.9074 492.2873 249.4177 249.4177 136.0774 24.8196 43.0276 49.2718 20.5817 106.4182 256.1796 27.9257 177.2878 268.1636 28.3496 135.9288 73.1062 202.9433 258.8481;
	2.4128 32.6025 93.131 117.0886 14.9915 13.8321 10.7651 18.473 17.6405 21.3998 39.5572 59.0116 88.8417 9.6078 19.0172 7.1646 8.8894 9.4201 18.995 22.9861 3.5884 32.275 50.0444 87.4073 100.5724 72.5601 9.5861 376.7343 197.8167 197.8167 136.2001 26.2383 63.3167 59.1664 30.1217 84.4018 152.7778 27.7404 149.6882 269.3904 13.4119 153.4445 80.5412 212.3695 154.3692;
	3.2213 43.5264 94.073 118.88 14.7977 22.9155 11.8154 18.8701 11.2793 19.7621 36.53 54.4955 82.0427 27.7254 13.9265 5.2467 6.5098 6.8985 29.7117 22.3672 3.9385 53.4696 53.3529 87.8317 103.1409 71.8208 8.9821 269.1196 189.1228 189.1228 139.3509 24.6886 99.039 57.5733 86.923 80.6924 128.9912 31.2793 169.0906 276.2704 15.2344 254.2095 86.8898 217.9025 130.3349;
	2.7554 37.2317 92.96 115.2989 14.433 22.9384 11.8569 18.1727 11.8011 26.1879 48.408 72.2152 108.7196 36.4289 16.9475 6.3849 7.922 8.3949 30.3952 32.3821 3.9523 53.5228 65.7742 87.7244 103.8622 71.9833 12.5624 241.2427 215.8744 215.8744 113.7007 18.6889 101.3172 83.3516 114.2096 92.1064 166.1722 21.7812 115.9853 278.2022 12.7691 254.4629 94.0655 239.0203 167.9032;
	1.8622 25.1625 72.9495 112.9557 14.4439 18.1136 11.3072 18.3529 17.9385 27.5243 50.8782 75.9003 114.2674 39.0522 3.7314 1.4058 1.7442 1.8483 31.0048 41.6094 3.7691 42.265 70.1892 86.2532 102.8746 73.3711 13.4894 139.2497 177.0454 177.0454 106.1685 12.225 103.3495 107.1027 122.434 75.5394 117.1981 21.9209 114.2207 275.557 10.6911 200.94 90.2198 208.2477 118.4189;
	2.6659 36.0221 79.0508 99.2309 14.2513 22.082 9.4286 17.4273 19.78 27.5604 50.9449 75.9998 114.4172 42.1293 12.3857 4.6663 5.7896 6.1353 53.915 45.3613 3.1429 51.5246 69.6415 82.9158 100.3252 70.942 12.5019 130.0829 146.3372 146.3372 107.2302 9.9529 179.7167 116.7602 132.0811 62.4372 124.1345 22.2321 80.8358 268.7283 21.2365 244.9625 71.635 224.7137 125.4276;
	1.9586 26.4655 76.9674 101.1094 13.0481 12.8974 8.461 16.4291 24.0837 28.7977 53.2322 79.4119 119.5542 39.1839 0.0313 0.0118 0.0146 0.0155 65.5167 42.6876 2.8203 30.0939 71.3717 78.863 97.5287 69.2925 11.4316 243.6632 233.3145 233.3145 113.7748 10.0147 218.389 109.8779 122.847 99.5475 220.7112 18.9679 0.0 261.2376 19.7429 143.0752 73.5452 197.1419 223.0103;
	1.5827 21.3863 74.8114 101.3449 12.947 23.9019 11.4668 16.0647 25.3006 28.7462 53.1368 79.2697 119.3401 45.1167 0.0 0.0 0.0 0.0 60.8418 30.5567 3.8223 55.771 70.4064 81.5132 94.3283 69.51 10.9226 348.9216 297.3086 297.3086 165.4796 13.2572 202.8061 78.653 141.447 126.8517 309.1592 23.6101 139.1384 252.665 27.0229 265.1513 85.461 179.0719 312.3796;
	1.8989 25.6584 84.1183 93.3426 13.4849 31.2682 17.1962 17.8015 26.1578 28.4266 52.5462 78.3886 118.0136 42.7149 0.0 0.0 0.0 0.0 71.5241 42.3225 5.7321 72.959 70.195 79.6997 97.7911 70.991 11.8412 425.9421 361.1202 361.1202 277.7479 17.4641 238.4137 108.9382 133.9169 154.078 406.167 37.2242 178.0672 261.9405 28.8652 346.8681 109.828 185.0196 410.3979;
	3.0103 40.6761 84.4 87.9972 14.7044 31.1481 18.7719 16.8129 26.8702 29.932 55.3289 82.5398 124.2633 54.1476 24.4702 9.219 11.4384 12.1213 79.8114 55.4129 6.2573 72.679 73.1007 80.9307 99.7201 69.9131 11.1075 589.6765 452.0691 452.0691 309.2317 24.202 266.0379 142.6329 169.7601 192.8828 561.4021 49.8933 213.5143 267.1074 58.7173 345.5367 137.2376 213.489 567.2501;
	3.6232 48.9575 84.4918 106.1583 14.7228 30.9267 19.8464 16.2112 26.3658 28.8608 53.3488 79.586 119.8162 54.6109 31.8884 12.0138 14.906 15.7959 77.0835 50.8097 6.6155 72.1624 65.5169 74.8755 95.5674 69.2854 11.2521 714.877 590.7411 590.7411 396.0598 28.5357 256.9452 130.7843 171.2125 252.0495 676.9892 69.9308 271.5553 255.9842 61.8606 343.0806 147.2676 243.7276 684.0411;
	3.6102 48.7819 84.276 109.7262 14.5279 32.7599 24.3637 15.5756 26.8594 25.59 47.3027 70.5663 106.2371 62.5501 72.4016 27.2769 33.8435 35.864 77.8917 58.3823 8.1212 76.4398 46.9834 79.4592 87.473 67.4221 11.9505 899.4442 624.4108 624.4108 469.4161 32.8985 259.6389 150.2763 196.103 266.4153 863.5262 96.3629 416.9322 234.3026 42.2875 363.4167 162.8427 236.8721 872.5212;
	3.5938 48.5603 86.3329 112.0983 14.9673 32.83 27.8755 16.3947 28.0921 19.5923 36.2161 54.0274 81.3379 65.2773 108.5981 40.9137 50.7633 53.794 85.572 65.836 9.2918 76.6034 43.7393 82.0065 94.0266 60.7372 12.0805 1023.5434 730.8464 730.8464 645.0559 47.615 285.24 169.4619 204.6532 311.8278 984.5211 152.385 398.424 251.857 18.0422 364.1943 170.7242 248.8055 994.7765;
	3.5933 48.5531 86.3039 111.209 14.9866 33.1351 29.7395 16.876 27.5346 18.5717 34.3295 51.2129 77.1007 62.49 141.7516 53.4041 66.2606 70.2165 86.5308 67.8039 9.9132 77.3152 32.062 81.6363 95.9958 69.3581 12.4345 961.1241 734.1937 734.1937 698.6077 81.3381 288.4359 174.5275 195.9145 313.256 980.6454 201.5886 406.3088 257.1317 31.6361 367.5787 204.0541 258.182 990.8605;
	3.7014 50.0146 91.1335 111.2645 15.2733 32.5265 29.6934 17.9283 27.0434 16.2845 30.1016 44.9056 67.6052 63.5301 178.5323 67.261 83.4535 88.4358 90.5423 70.8781 9.8978 75.8951 35.1758 83.6295 100.8996 70.0819 13.5029 1124.8882 758.0348 758.0348 691.6001 95.6803 301.8076 182.4404 199.1755 323.4282 1091.2399 227.0694 428.1235 270.2667 115.8339 360.8268 202.0626 254.4363 1102.607;
	3.7171 50.2268 89.1573 116.9101 14.8291 32.6991 30.4323 13.0774 27.0045 18.8694 34.8797 52.0337 78.3364 63.7613 190.8969 71.9193 89.2332 94.5606 89.4862 72.4288 10.1441 76.2979 51.9221 83.6219 102.2764 65.6906 13.5144 1142.6252 775.1511 775.1511 616.0006 100.788 298.2873 186.432 199.9004 330.7311 1082.3894 224.9636 449.5616 273.9547 121.9216 362.7418 205.8325 260.583 1093.6643;
