function windprofile = ex_wind_profilesh1
%EX_WIND_PROFILE_D  Example wind_load_nyiso profile data for deterministic unit commitment.
% 2022.03.12
% Andres F. Ramirez


%% define constants
[GEN_BUS, PG, QG, QMAX, QMIN, VG, MBASE, GEN_STATUS, PMAX, PMIN, ...
    MU_PMAX, MU_PMIN, MU_QMAX, MU_QMIN, PC1, PC2, QC1MIN, QC1MAX, ...
    QC2MIN, QC2MAX, RAMP_AGC, RAMP_10, RAMP_30, RAMP_Q, APF] = idx_gen;
[CT_LABEL, CT_PROB, CT_TABLE, CT_TBUS, CT_TGEN, CT_TBRCH, CT_TAREABUS, ...
    CT_TAREAGEN, CT_TAREABRCH, CT_ROW, CT_COL, CT_CHGTYPE, CT_REP, ...
    CT_REL, CT_ADD, CT_NEWVAL, CT_TLOAD, CT_TAREALOAD, CT_LOAD_ALL_PQ, ...
    CT_LOAD_FIX_PQ, CT_LOAD_DIS_PQ, CT_LOAD_ALL_P, CT_LOAD_FIX_P, ...
    CT_LOAD_DIS_P, CT_TGENCOST, CT_TAREAGENCOST, CT_MODCOST_F, ...
    CT_MODCOST_X] = idx_ct;

windprofile = struct( ...
    'type', 'mpcData', ...
    'table', CT_TGEN, ...
    'rows', [1:45], ...
    'col', PMAX, ...
    'chgtype', 1, ...
    'values', [] );
windprofile.values(:,1,:) = [
	3.6163 48.864 84.8151 111.3656 14.6565 13.0186 14.3533 15.0621 26.6223 24.3665 45.0412 67.1926 101.1581 4.5919 23.619 8.8983 11.0405 11.6996 12.3616 27.5019 4.7844 30.3768 58.6284 75.5381 84.6131 71.8193 7.1426 734.5305 375.8012 375.8012 192.8658 39.117 41.2054 70.7899 14.3962 160.3418 498.3449 51.4269 305.3144 226.6422 14.9239 144.4198 118.8384 220.0645 503.536;
	3.6101 48.78 86.3942 110.2314 14.9054 15.0572 13.83 13.6364 26.1557 23.514 43.4653 64.8417 97.6188 1.9236 14.2113 5.354 6.643 7.0396 8.5601 15.4681 4.61 35.1336 66.2504 78.6554 87.9109 70.8136 2.9513 686.7848 339.1893 339.1893 142.7042 33.7057 28.5338 39.815 6.0308 144.7208 468.114 48.6144 305.6671 235.4756 13.1258 167.035 115.1019 216.0406 472.9901;
	3.2355 43.7185 86.13 109.7345 14.6252 11.6275 12.2052 16.0923 26.1442 22.5464 41.6766 62.1733 93.6016 6.2488 14.0102 5.2782 6.5489 6.9399 17.2899 22.2127 4.0684 27.1309 65.8541 81.4565 89.1304 71.9149 7.4589 637.1708 330.1528 330.1528 136.0982 33.6041 57.6331 57.1756 19.5907 140.8652 385.7717 35.0625 226.7399 238.7421 5.1555 128.9879 86.4972 200.6772 389.7902;
	3.0915 41.7727 86.0334 105.0944 14.9281 10.7118 10.955 16.1244 25.7406 23.838 44.0641 65.735 98.9637 9.0882 12.1977 4.5954 5.7017 6.0421 10.7721 23.7361 3.6517 24.9942 69.2863 80.9593 91.0137 72.9545 8.7897 521.8997 268.8926 268.8926 157.7083 30.4783 35.907 61.0969 28.4926 114.7275 302.6743 29.3541 170.8224 243.7867 10.3847 118.8295 76.4301 194.9067 305.8272;
	2.5963 35.0817 86.162 109.4709 14.7859 13.1198 9.2024 16.0939 14.6916 21.8993 40.4805 60.3889 90.9152 12.8757 13.6627 5.1473 6.3865 6.7678 18.9336 24.5806 3.0675 30.6129 60.0978 81.4116 94.4046 72.4568 7.8405 382.3308 203.9533 203.9533 136.6051 28.7483 63.1121 63.2705 40.367 87.0201 156.6817 30.3163 152.1455 252.8694 14.2766 145.5426 85.5907 205.1336 158.3138;
	2.9651 40.0646 81.9904 104.7366 14.1933 18.3861 10.1608 15.3443 9.0102 18.8776 34.895 52.0564 78.3707 27.3736 20.0279 7.5454 9.3619 9.9208 31.4872 28.1559 3.3869 42.9008 60.4821 71.8993 89.5429 70.2499 6.453 297.9147 186.6318 186.6318 124.6339 24.2283 104.9574 72.4734 85.82 79.6296 132.1798 25.7218 175.0803 239.8471 14.0288 203.9628 83.6871 188.9325 133.5567;
	2.6318 35.562 84.1569 105.7212 13.8827 20.1025 11.167 15.8388 12.3443 24.931 46.0845 68.749 103.5012 40.0987 28.8896 10.884 13.5042 14.3104 36.6407 39.8369 3.7223 46.9059 68.4501 81.6199 94.2267 71.6855 9.9147 267.2736 225.0451 225.0451 102.9726 15.572 122.1357 102.5403 125.7148 96.0193 158.5606 16.9069 154.6508 252.393 13.7951 223.0039 91.5953 220.7117 160.2122;
	1.9581 26.4586 66.6883 110.4232 14.7962 17.6766 12.3635 17.7022 19.3985 26.3672 48.7394 72.7096 109.4638 45.1062 30.8644 11.628 14.4273 15.2886 52.6824 58.7866 4.1212 41.2454 71.9622 81.7304 95.3681 72.793 12.3589 171.5618 189.866 189.866 98.2201 10.0912 175.6081 151.3168 141.4139 81.0095 115.7991 15.9365 176.6287 255.4502 12.0035 196.0926 89.5913 209.5538 117.0053;
	2.9633 40.0411 84.4412 101.9323 14.7174 23.899 10.068 16.8809 21.1418 27.4948 50.8237 75.8189 114.1449 45.6054 24.1926 9.1144 11.3087 11.9838 63.4035 57.838 3.356 55.7644 71.2978 81.6931 96.6792 71.3434 11.165 136.1608 154.4942 154.4942 79.4676 6.8418 211.3451 148.8751 142.9791 65.9175 103.4274 15.5478 120.4291 258.962 21.9477 265.1198 79.1854 229.663 104.5047;
	2.2411 30.2821 81.8187 107.3396 13.4072 14.3687 8.0301 16.273 25.5203 25.5049 47.1455 70.3317 105.884 43.4113 12.7072 4.7874 5.9399 6.2945 68.5602 47.0985 2.6767 33.527 61.2371 81.7045 94.4631 69.8851 11.166 268.1862 237.8212 237.8212 89.4764 9.6888 228.5339 121.2316 136.1003 101.4704 213.9102 13.0381 0.0 253.0261 17.9455 159.3971 78.6145 197.82 216.1384;
	1.7295 23.3699 77.8757 103.6624 12.9822 25.577 12.1818 15.5355 26.0682 26.8272 49.5897 73.978 111.3735 48.7275 24.9089 9.3843 11.6435 12.3386 61.8169 37.8959 4.0606 59.6797 69.1901 83.8938 88.2466 70.0114 10.4962 418.1091 321.151 321.151 151.774 16.1353 206.0563 97.5442 152.7675 137.0244 330.7629 21.045 146.8974 236.3748 44.8505 283.7341 91.7698 179.6312 334.2084;
	1.7737 23.9663 84.3313 90.06 12.797 31.2 17.8834 15.5014 26.1049 25.8745 47.8286 71.3509 107.4184 50.451 20.1692 7.5986 9.4279 9.9908 74.8988 52.4455 5.9611 72.8001 68.691 80.1955 86.7981 69.4782 10.6127 495.1557 383.9417 383.9417 265.213 18.6688 249.6625 134.9948 158.1706 163.8151 439.7285 32.5621 186.2165 232.495 96.5118 346.1125 109.1178 170.6174 444.309;
	2.9141 39.3758 87.7047 85.1088 14.3304 31.9102 19.1716 15.0245 26.4741 28.1254 51.9894 77.558 116.7632 54.5515 43.5224 16.3968 20.3442 21.5588 81.6227 64.2208 6.3905 74.4571 72.0407 80.6409 89.1838 66.7886 9.2179 630.6431 458.1479 458.1479 310.1926 24.8404 272.0756 165.3045 171.0264 195.4765 582.7489 50.1785 201.6516 238.8852 15.3956 353.9903 141.7974 207.9153 588.8192;
	3.5738 48.2893 85.4256 97.109 15.0655 31.2685 20.5386 16.1068 26.1905 28.6953 53.0428 79.1294 119.1288 55.3938 67.0844 25.2737 31.3581 33.2302 83.0055 62.3132 6.8462 72.9599 69.1047 76.5089 84.9237 70.8964 10.1411 778.6401 571.0238 571.0238 388.4552 27.2947 276.6851 160.3944 173.6671 243.6368 686.6537 67.9557 258.7474 227.4741 27.5228 346.8721 145.3425 249.624 693.8063;
	3.7264 50.3519 85.5523 102.5266 15.003 33.3447 25.0724 16.7048 26.868 25.5215 47.1761 70.3775 105.9529 62.1819 112.3745 42.3364 52.5285 55.6646 84.7597 62.5135 8.3575 77.8043 52.5982 82.1446 92.591 69.3505 12.0582 938.6726 661.7799 661.7799 478.4458 34.461 282.5322 160.9099 194.9487 282.3594 896.0701 101.1679 422.345 248.0117 19.5247 369.904 160.667 244.194 905.4041;
	3.5809 48.386 86.3119 94.7871 14.4138 32.0652 24.7371 15.1177 25.0262 16.6519 30.7808 45.9189 69.1307 57.5008 137.2798 51.7194 64.1703 68.0014 89.3353 67.952 8.2457 74.8188 44.5357 81.7193 89.7894 66.2413 11.4805 986.8829 701.9554 701.9554 634.871 45.8976 297.7842 174.9086 180.2729 299.501 911.1671 149.2125 360.2658 240.5074 8.9674 355.71 155.0228 249.905 920.6584;
	3.7554 50.7433 87.981 109.189 14.4177 33.0942 28.0206 16.8388 24.4557 19.3045 35.684 53.2336 80.1429 60.6308 163.2966 61.521 76.3316 80.8888 86.7939 71.9318 9.3402 77.2199 31.8845 82.1007 95.8102 70.135 11.5377 932.5895 742.5858 742.5858 699.3205 75.2741 289.313 185.1526 190.0859 316.8366 908.9994 191.8509 393.7933 256.6344 37.4544 367.1255 207.2688 271.67 918.4682;
	3.7747 51.0048 94.1722 113.1881 14.7568 34.6475 28.4197 17.6907 24.3977 19.0299 35.1764 52.4763 79.0028 61.514 185.5475 69.9039 86.7327 91.9107 86.7241 72.6517 9.4732 80.8441 38.568 86.6672 103.05 70.3298 13.0822 1076.1455 795.6927 795.6927 754.5659 93.4927 289.0804 187.0057 192.8547 339.4956 1015.0979 234.6232 427.4394 276.0267 115.926 384.3559 205.9426 275.3008 1025.6719;
	3.7365 50.4885 90.4456 115.4106 14.3351 34.9312 30.7265 13.2904 26.0744 20.4986 37.8914 56.5265 85.1003 65.4186 197.491 74.4036 92.3155 97.8269 87.4436 72.9783 10.2422 81.5061 53.6115 86.0389 102.5809 61.3091 12.743 1172.2484 822.4147 822.4147 727.3773 108.0502 291.4785 187.8464 205.0962 350.8969 1122.7537 255.8004 446.6269 274.7702 116.2162 387.5034 210.2872 275.5536 1134.4491;
