function windprofile = ex_wind_profilesh1
%EX_WIND_PROFILE_D  Example wind_load_nyiso profile data for deterministic unit commitment.
% 2022.03.12
% Andres F. Ramirez


%% define constants
[GEN_BUS, PG, QG, QMAX, QMIN, VG, MBASE, GEN_STATUS, PMAX, PMIN, ...
    MU_PMAX, MU_PMIN, MU_QMAX, MU_QMIN, PC1, PC2, QC1MIN, QC1MAX, ...
    QC2MIN, QC2MAX, RAMP_AGC, RAMP_10, RAMP_30, RAMP_Q, APF] = idx_gen;
[CT_LABEL, CT_PROB, CT_TABLE, CT_TBUS, CT_TGEN, CT_TBRCH, CT_TAREABUS, ...
    CT_TAREAGEN, CT_TAREABRCH, CT_ROW, CT_COL, CT_CHGTYPE, CT_REP, ...
    CT_REL, CT_ADD, CT_NEWVAL, CT_TLOAD, CT_TAREALOAD, CT_LOAD_ALL_PQ, ...
    CT_LOAD_FIX_PQ, CT_LOAD_DIS_PQ, CT_LOAD_ALL_P, CT_LOAD_FIX_P, ...
    CT_LOAD_DIS_P, CT_TGENCOST, CT_TAREAGENCOST, CT_MODCOST_F, ...
    CT_MODCOST_X] = idx_ct;

windprofile = struct( ...
    'type', 'mpcData', ...
    'table', CT_TGEN, ...
    'rows', [1:45], ...
    'col', PMAX, ...
    'chgtype', 1, ...
    'values', [] );
windprofile.values(:,1,:) = [
	3.6288 49.0335 88.0785 110.9501 15.1632 13.7088 14.054 17.226 27.2914 23.7246 43.8545 65.4223 98.4929 1.5111 22.0761 8.3171 10.3193 10.9354 14.6012 31.6643 4.6847 31.9872 57.9652 82.4797 94.9908 68.4771 6.9157 594.4899 409.0642 409.0642 231.7764 36.1008 48.6707 81.5039 4.7375 174.5341 531.0475 66.0565 305.6678 254.4397 11.5231 152.0762 115.3709 235.6175 536.5792;
	3.661 49.4677 88.2826 109.9743 14.8449 15.8189 14.2781 15.4777 27.1306 24.7563 45.7616 68.2673 102.776 0.2234 17.2336 6.4927 8.0557 8.5366 13.7595 18.1017 4.7594 36.9107 62.4794 81.7417 93.6051 69.5725 5.4609 669.7755 389.9597 389.9597 206.3668 32.503 45.8649 46.5939 0.7005 166.3828 530.4417 63.1597 323.2317 250.7281 9.9178 175.484 111.8443 230.848 535.9672;
	3.1777 42.9374 86.2762 109.269 14.6602 12.1771 13.4476 16.1381 27.2496 24.7654 45.7784 68.2924 102.8139 1.8244 13.8917 5.2336 6.4936 6.8812 20.4734 25.7238 4.4825 28.4131 63.4398 82.1624 90.7609 69.724 7.1263 618.0782 346.1587 346.1587 166.2778 32.6412 68.2445 66.2132 5.7197 147.6944 429.4514 48.4908 257.7987 243.1096 4.3549 135.0842 87.372 195.5135 433.9248;
	2.7767 37.5192 77.2612 97.9114 14.3675 9.2369 11.9361 10.8134 26.1658 22.9247 42.3759 63.2166 95.1722 0.8853 12.2557 4.6173 5.7288 6.0709 11.8828 23.4068 3.9787 21.5528 61.2858 81.4936 89.0061 71.8645 5.2794 488.9686 267.1396 267.1396 167.2037 28.4108 39.6095 60.2492 2.7756 113.9795 321.2857 39.4704 196.6036 238.4092 0.0 102.4681 77.1689 187.518 324.6324;
	2.3409 31.6309 84.8239 105.8623 14.2501 11.6017 10.6752 15.7531 16.7492 20.6322 38.1383 56.8949 85.6549 3.5154 12.0031 4.5221 5.6108 5.9457 21.5842 25.0223 3.5584 27.0706 50.8188 83.579 95.6137 72.207 8.053 360.2247 211.4766 211.4766 151.5764 29.0426 71.9475 64.4074 11.0213 90.23 195.5603 42.3955 179.3524 256.1082 2.6796 128.7012 87.0366 196.9354 197.5974;
	3.029 40.9284 83.6471 106.0996 14.0752 15.4054 13.0056 16.2056 10.489 18.9878 35.0987 52.3603 78.8282 21.8259 6.4906 2.4453 3.034 3.2151 28.3412 26.2434 4.3352 35.9459 56.0207 82.6135 94.3446 71.3094 6.921 290.68 193.5822 193.5822 134.1463 25.3904 94.4706 67.5506 68.4271 82.5951 156.1284 36.8822 229.6061 252.7087 4.2782 170.8972 88.8861 199.3416 157.7548;
	2.4757 33.4526 80.9904 105.0451 13.8768 17.3293 13.563 15.56 13.4152 26.8881 49.7023 74.1461 111.6265 37.1057 15.8096 5.9562 7.3901 7.8313 37.4037 36.7785 4.521 40.435 68.4391 82.626 95.6951 69.9329 10.1831 238.727 227.3271 227.3271 112.538 18.3953 124.6789 94.668 116.3315 96.9929 171.4624 31.8951 190.0947 256.3262 6.2879 192.2394 94.1169 207.8142 173.2484;
	1.7137 23.1563 57.3274 108.9163 13.942 14.7215 12.6932 17.6534 19.1733 28.0226 51.7994 77.2745 116.3363 37.2838 11.5982 4.3695 5.4215 5.7451 44.1943 54.3349 4.2311 34.3501 70.9626 82.4206 96.3626 70.9883 12.324 134.5686 175.5322 175.5322 90.472 8.5226 147.3143 139.8581 116.8898 74.8938 115.0976 53.6762 189.1928 258.114 4.946 163.31 88.7876 196.4217 116.2966;
	2.7173 36.7166 78.5022 99.7416 13.7291 23.1649 12.1723 17.5849 21.1812 28.4375 52.5663 78.4186 118.0587 45.7472 14.5361 5.4764 6.7948 7.2004 62.0033 57.8432 4.0574 54.0514 71.7959 83.2463 95.7469 69.7185 11.8788 142.8269 159.7912 159.7912 103.2749 6.8008 206.6775 148.8886 143.4235 68.1776 131.9478 53.0488 160.1487 256.465 14.5325 256.976 84.3072 222.2344 133.3223;
	1.9901 26.89 76.052 103.1019 11.7362 13.9454 11.3294 16.5903 25.9434 28.8535 53.3353 79.5657 119.7858 43.4541 11.2406 4.2348 5.2543 5.568 73.6794 49.7703 3.7765 32.5394 71.8878 78.5412 90.8695 66.4874 11.8086 247.9247 244.811 244.811 118.2338 7.3875 245.5979 128.1089 136.2344 104.4527 250.2123 27.4556 304.3823 243.4004 0.0089 154.7014 82.6393 203.2343 252.8187;
	1.6235 21.9377 74.4404 96.6728 10.9072 24.231 15.3846 15.4485 25.6177 28.8934 53.4091 79.6758 119.9515 49.5017 13.2102 4.9769 6.175 6.5436 69.112 35.3081 5.1282 56.539 72.1459 74.2983 76.7339 65.1963 11.3528 370.6418 314.7787 314.7787 182.285 11.1555 230.3732 90.8832 155.1944 134.3056 342.0536 31.0147 181.8017 205.5371 3.6597 268.8026 90.5721 174.1379 345.6167;
	1.6183 21.8669 78.5684 84.3423 10.7524 27.8417 20.1796 16.5791 24.4449 28.2455 52.2114 77.8892 117.2617 49.1745 0.2871 0.1081 0.1342 0.1422 79.7497 45.983 6.7265 64.9639 69.7894 74.6797 83.7652 69.0617 12.1947 424.0504 378.2599 378.2599 280.438 11.4837 265.8323 118.3604 154.1686 161.3909 443.674 42.2932 187.7325 224.3711 2.7997 308.857 105.0811 166.2349 448.2956;
	2.8145 38.0307 76.4645 73.4429 13.0083 28.5159 21.1089 14.3854 26.1329 28.1777 52.0861 77.7022 116.9802 53.2259 40.5715 15.2851 18.9648 20.0971 83.6336 55.3471 7.0363 66.5371 69.8721 67.783 86.6302 67.9261 10.6644 595.3119 471.7146 471.7146 318.6356 20.1027 278.7786 142.4636 166.8702 201.2649 608.3403 51.0542 201.618 232.0452 0.0 316.3366 128.3983 192.3349 614.6772;
	3.3902 45.8085 78.8933 97.7811 13.9961 27.2296 21.995 14.8716 26.3242 27.8796 51.535 76.8801 115.7426 51.7762 51.084 19.2456 23.8788 25.3044 86.8075 47.9476 7.3317 63.5357 63.181 77.5231 90.3281 71.94 10.9582 744.9446 615.8615 615.8615 402.6198 20.5301 289.3583 123.4172 162.3253 262.7676 720.6069 68.1608 266.0899 241.9503 0.0 302.0668 128.5065 235.648 728.1132;
	3.6217 48.9373 85.4254 102.1216 14.7192 32.028 26.0596 14.8405 27.4262 23.4281 43.3065 64.6048 97.2622 59.6675 82.371 31.0328 38.5037 40.8024 84.7384 50.7394 8.6865 74.732 43.4065 80.3449 91.0402 71.473 11.0822 995.5524 686.1109 686.1109 508.4816 30.826 282.4613 130.6034 187.0657 292.7407 945.6348 102.7372 404.9157 243.8577 0.1425 355.2974 153.6578 240.39 955.4851;
	3.7155 50.2048 88.7962 107.8676 14.812 32.4438 28.4546 14.4535 27.8682 16.5042 30.5078 45.5117 68.5176 64.6257 122.2223 46.0465 57.1318 60.5427 89.1918 63.1791 9.4849 75.7023 41.3511 80.3673 96.5204 69.2977 11.2094 1065.8404 728.6666 728.6666 664.0156 40.3784 297.3062 162.6231 202.6104 310.8978 969.0268 144.2747 375.7114 258.5368 0.0 359.9102 159.1009 248.6465 979.1209;
	3.5541 48.0233 86.7446 110.3673 14.0008 30.8152 27.6331 13.4169 25.8358 9.9846 18.4563 27.5332 41.4511 60.4825 149.2488 56.2286 69.7651 73.9302 86.1521 67.1638 9.211 71.9021 20.4219 81.4785 96.6692 71.4204 9.5952 1016.1988 728.6871 728.6871 703.0589 66.4675 287.1735 172.8797 189.6207 310.9065 941.0508 187.4152 296.7556 258.9354 0.0 341.8432 184.1186 263.4367 950.8535;
	3.5343 47.7558 89.3506 111.1809 13.9632 31.713 27.07 14.8885 25.8029 7.3699 13.6231 20.3231 30.5962 61.4828 173.2674 65.2775 80.9924 85.8278 87.5236 70.2879 9.0233 73.997 9.8862 82.0014 99.1185 69.4518 12.2471 1200.2501 755.1311 755.1311 744.4276 96.5597 291.7452 180.9213 192.7568 322.1893 1066.4922 234.0298 372.3873 265.4959 100.9415 351.8027 178.6855 252.7486 1077.6015;
	3.7433 50.5807 91.774 116.9779 14.39 32.8022 29.8884 10.0339 27.2079 12.8885 23.8242 35.541 53.5068 65.0097 178.3445 67.1903 83.3657 88.3427 88.0569 69.0462 9.9628 76.5384 25.7552 82.3918 102.9484 58.3863 11.8261 1285.5578 798.5041 798.5041 730.8733 105.5787 293.5231 177.7251 203.8143 340.6951 1152.6086 245.9933 430.7798 275.7547 112.059 363.8853 200.831 270.3731 1164.6149;
