function loadprofile = ex_load_profilesh1
%EX_LOAD_PROFILE  Example load profile data file for stochastic unit commitment.
% 2022.03.12
% Andres F. Ramirez

%% define constants
[CT_LABEL, CT_PROB, CT_TABLE, CT_TBUS, CT_TGEN, CT_TBRCH, CT_TAREABUS, ...
    CT_TAREAGEN, CT_TAREABRCH, CT_ROW, CT_COL, CT_CHGTYPE, CT_REP, ...
    CT_REL, CT_ADD, CT_NEWVAL, CT_TLOAD, CT_TAREALOAD, CT_LOAD_ALL_PQ, ...
    CT_LOAD_FIX_PQ, CT_LOAD_DIS_PQ, CT_LOAD_ALL_P, CT_LOAD_FIX_P, ...
    CT_LOAD_DIS_P, CT_TGENCOST, CT_TAREAGENCOST, CT_MODCOST_F, ...
    CT_MODCOST_X] = idx_ct;

loadprofile = struct( ...
    'type', 'mpcData', ...
    'table', CT_TAREALOAD, ...
    'rows', [1:11], ...
    'col', CT_LOAD_ALL_P, ...
    'chgtype', 1, ...
    'values', [] );
loadprofile.values(:,1,:) = [
	1502.5442 941.6264 1586.6124 566.9329 819.1842 1173.4405 874.0218 251.3494 489.8 4617.8407 1688.9797;
	1461.782 918.4842 1573.3768 567.5631 824.0369 1185.7585 878.971 250.4107 486.7 4561.4963 1685.3;
	1493.1045 943.5768 1606.6635 564.3 802.2545 1194.8004 878.4963 240.8835 496.2964 4580.2579 1679.1122;
	1555.8 1011.2812 1710.698 581.2158 875.8 1270.6907 947.7558 266.5106 539.2 4809.5275 1809.3371;
	1726.659 1137.767 1920.7 604.2272 975.2814 1409.1587 1045.7616 297.2994 613.658 5276.0949 1980.0569;
	1809.9894 1204.799 2040.3871 595.8579 971.8226 1467.9915 1098.0892 313.7 671.1916 5741.5868 2097.5075;
	1809.1 1180.3648 1987.3326 600.9718 960.6659 1407.5658 1084.9476 320.841 664.688 6000.5785 2098.2853;
	1779.9206 1188.2989 1964.4678 573.208 974.8334 1411.301 1087.8173 313.0946 647.721 6064.4436 1935.3859;
	1759.127 1144.7209 1930.0616 568.3 980.608 1370.6408 1051.3 329.9116 610.994 6047.6948 1877.8911;
	1735.3379 1147.3773 1898.3724 560.8177 973.5134 1395.1783 1027.239 333.0 629.7605 6193.0298 1885.2554;
	1749.1812 1095.5959 1863.4664 542.8146 937.0739 1381.3945 1050.7608 311.3111 619.9572 6131.4929 1910.3;
	1726.2948 1051.7276 1841.9027 544.8 906.2102 1331.0343 1013.7183 294.3379 617.9662 6047.24 1887.3403;
	1678.7786 990.749 1772.5367 537.049 883.9159 1275.5057 989.8705 301.3897 593.0578 5959.4784 1935.8232;
	1680.1416 1051.4436 1821.1145 530.6018 897.2425 1294.3857 1019.5675 309.4905 628.4267 6059.4573 1948.217;
	1673.8457 1039.3443 1797.7874 534.8002 896.6009 1325.1837 1052.2066 311.6 638.8 6070.2249 2105.1639;
	1652.2292 1027.3155 1794.4561 545.2989 908.606 1316.1015 1069.4 306.4347 629.3388 6111.3645 2209.6102;
	1678.483 1035.4051 1789.3997 548.3587 937.9118 1351.2025 1090.3067 328.8984 658.7978 6079.5933 2315.3157;
	1744.1757 1135.1909 1871.1275 574.7 1007.1405 1459.3446 1174.7248 336.826 699.0175 6120.4152 2402.7271;
	1807.8792 1145.2362 1837.1975 565.719 1013.2821 1441.2822 1143.9759 326.2599 704.6308 5992.6395 2360.0458;
	1732.7 1089.115 1778.7775 561.7 962.2392 1403.0 1081.9165 306.4419 667.5531 5749.4385 2272.5876;
	1627.9506 997.1553 1636.9661 531.3351 844.8544 1267.9779 983.9638 284.2322 612.0 5448.1 2069.3982;
	1509.1053 902.7836 1491.4997 505.3993 787.0 1173.3162 889.4 249.1099 550.2959 5050.8896 1895.2848;
	1500.3211 882.1504 1487.1407 513.3381 797.7113 1133.3 866.5122 264.4805 498.1673 4643.9895 1780.1721;
	1444.25 875.1661 1472.3536 517.3601 785.168 1128.9 847.4382 252.4557 465.4912 4467.5803 1702.7;
];
