function loadprofile = ex_load_profilesh1
%EX_LOAD_PROFILE  Example load profile data file for stochastic unit commitment.
% 2022.03.12
% Andres F. Ramirez

%% define constants
[CT_LABEL, CT_PROB, CT_TABLE, CT_TBUS, CT_TGEN, CT_TBRCH, CT_TAREABUS, ...
    CT_TAREAGEN, CT_TAREABRCH, CT_ROW, CT_COL, CT_CHGTYPE, CT_REP, ...
    CT_REL, CT_ADD, CT_NEWVAL, CT_TLOAD, CT_TAREALOAD, CT_LOAD_ALL_PQ, ...
    CT_LOAD_FIX_PQ, CT_LOAD_DIS_PQ, CT_LOAD_ALL_P, CT_LOAD_FIX_P, ...
    CT_LOAD_DIS_P, CT_TGENCOST, CT_TAREAGENCOST, CT_MODCOST_F, ...
    CT_MODCOST_X] = idx_ct;

loadprofile = struct( ...
    'type', 'mpcData', ...
    'table', CT_TAREALOAD, ...
    'rows', [1:11], ...
    'col', CT_LOAD_ALL_P, ...
    'chgtype', 1, ...
    'values', [] );
loadprofile.values(:,1,:) = [
	1394.9791 872.5378 1560.4 542.75 774.0644 1118.8777 853.1005 247.192 495.7 4437.4581 1677.6899;
	1392.0824 889.9859 1577.8395 556.1456 788.2061 1128.6839 843.5344 250.0168 500.4548 4413.9267 1678.1053;
	1431.9448 906.5047 1621.8863 549.1326 812.2508 1147.4976 864.3238 267.0576 515.1 4446.6147 1709.2429;
	1509.7917 977.1028 1713.0607 561.1508 862.0 1243.249 911.4 285.4947 538.9396 4650.9 1814.8065;
	1662.3612 1111.4264 1895.9503 594.756 988.4061 1415.5 1020.4841 333.7 622.1 5255.3672 2057.7;
	1748.1811 1152.5973 1967.213 613.7059 1074.3452 1514.7982 1103.3944 363.742 676.3969 5822.4248 2182.2883;
	1770.0699 1134.4161 1976.125 615.3728 1021.6585 1448.5 1096.8725 359.2836 664.7492 6020.3673 2189.0638;
	1765.0236 1157.9568 1963.3273 607.8 1034.6305 1402.212 1072.1 361.4266 678.4229 6301.474 2192.7053;
	1773.9125 1124.3967 1939.2393 618.7264 1023.406 1335.1813 1038.8162 343.8163 646.1648 6259.2724 2061.4152;
	1762.0352 1134.1301 1948.3927 617.7598 1014.0235 1305.7423 1018.0273 360.3 670.2183 6266.5159 2030.1785;
	1724.8 1139.9843 1897.3355 606.342 951.2 1273.0456 1033.112 344.1727 663.5615 6280.7838 1991.9993;
	1714.2468 1091.0571 1871.0318 603.5585 966.0616 1246.5845 1020.7423 345.1976 653.6959 6290.8087 1960.1705;
	1710.6644 1130.4373 1895.845 611.1024 975.7907 1299.6486 1076.9618 337.5 672.0687 6288.331 2077.3691;
	1701.2655 1156.236 1882.5578 590.5726 983.7746 1302.7 1036.5641 333.5678 663.3 6234.2259 2083.3928;
	1718.8594 1117.3618 1862.5063 586.0433 984.2832 1359.5034 1060.3 311.5243 663.4772 6159.4232 2115.9436;
	1713.0071 1081.9955 1805.7313 569.208 962.6008 1338.9003 1030.4627 321.2 645.7831 6068.9987 2134.5508;
	1692.7 1069.5043 1793.6959 561.9044 965.1 1335.1114 1047.3202 349.0 668.8581 5985.5307 2115.2119;
	1764.2423 1145.0698 1836.3084 556.0906 1011.3887 1400.0415 1134.02 362.7 705.118 5983.7441 2306.7907;
	1807.1 1158.3148 1838.6958 577.4 1017.9945 1400.1 1146.723 346.6 682.3724 6001.0223 2334.2;
	1752.6147 1085.3466 1783.6313 571.3447 978.7792 1306.5857 1069.9669 315.725 659.6394 5768.094 2182.5274;
	1665.0513 997.3314 1662.1282 542.5497 905.5 1206.875 991.1472 292.4681 613.5994 5535.3924 2021.6416;
	1556.5012 954.3279 1580.4 554.5306 844.7438 1142.103 913.6135 277.8 577.1 5134.2722 1898.9;
	1489.1458 893.7297 1562.0062 541.1 823.0871 1094.4307 842.0193 266.1262 514.0322 4636.1082 1755.4125;
	1437.377 868.1067 1530.9446 519.8 818.2565 1086.0251 835.8906 262.7709 483.3571 4446.6996 1666.6067;
];
