function loadprofile = ex_load_profilesh1
%EX_LOAD_PROFILE  Example load profile data file for stochastic unit commitment.
% 2022.03.12
% Andres F. Ramirez

%% define constants
[CT_LABEL, CT_PROB, CT_TABLE, CT_TBUS, CT_TGEN, CT_TBRCH, CT_TAREABUS, ...
    CT_TAREAGEN, CT_TAREABRCH, CT_ROW, CT_COL, CT_CHGTYPE, CT_REP, ...
    CT_REL, CT_ADD, CT_NEWVAL, CT_TLOAD, CT_TAREALOAD, CT_LOAD_ALL_PQ, ...
    CT_LOAD_FIX_PQ, CT_LOAD_DIS_PQ, CT_LOAD_ALL_P, CT_LOAD_FIX_P, ...
    CT_LOAD_DIS_P, CT_TGENCOST, CT_TAREAGENCOST, CT_MODCOST_F, ...
    CT_MODCOST_X] = idx_ct;

loadprofile = struct( ...
    'type', 'mpcData', ...
    'table', CT_TAREALOAD, ...
    'rows', [1:11], ...
    'col', CT_LOAD_ALL_P, ...
    'chgtype', 1, ...
    'values', [] );
loadprofile.values(:,1,:) = [
	1462.2184 914.1 1600.7922 549.9324 825.1596 1149.0039 856.6766 217.2019 514.1 4429.9149 1747.1903;
	1449.7857 912.6 1600.1005 569.1759 803.7936 1151.4498 865.9335 215.5092 518.9114 4482.7737 1762.281;
	1466.5679 926.2 1614.4201 565.8007 833.9089 1144.2364 865.764 218.8708 511.1296 4453.0384 1764.6;
	1540.5565 998.8982 1717.6 571.3645 872.0 1206.4894 906.9 223.2785 544.1448 4692.3163 1861.0716;
	1693.4458 1131.7976 1913.4744 589.3 994.9288 1344.5998 1017.2409 271.1557 621.1 5179.1985 2078.176;
	1810.3006 1218.9538 2007.7 599.2168 1038.2 1435.9513 1087.0677 312.2809 663.2 5658.6369 2211.3;
	1817.5292 1241.1637 2038.6105 610.1737 1064.5 1462.7799 1127.3833 309.908 702.6382 6130.5 2312.6713;
	1845.7064 1223.402 2038.7604 589.5529 1050.8762 1456.7237 1162.7021 322.2327 707.685 6313.0317 2331.5179;
	1824.3593 1204.7672 1978.2889 567.1 1006.0303 1428.6165 1140.3938 304.2741 707.0 6340.9256 2253.8907;
	1813.8 1214.1782 2017.7629 556.7673 997.1457 1463.457 1167.2 304.5713 705.3145 6439.8 2250.5758;
	1828.0 1201.5644 1980.495 549.9176 963.1936 1380.3923 1175.1282 297.5425 709.7466 6541.736 2408.038;
	1764.2772 1173.7 1977.6685 560.0259 926.1661 1363.4818 1120.4733 276.7958 677.0512 6393.5755 2163.4232;
	1740.6708 1168.2286 1955.0253 549.6 931.3264 1356.9294 1156.6502 268.4277 677.9476 6293.1703 2180.5928;
	1701.819 1162.1001 1939.1343 551.3393 939.5045 1392.9063 1085.3096 272.4223 683.6742 6267.9895 2155.2485;
	1696.799 1163.7544 1929.9905 552.2 990.8106 1395.4564 1075.2 266.3266 692.6558 6254.7565 2211.1296;
	1685.0069 1154.7134 1958.0745 541.515 1015.8017 1366.9393 1084.7 289.9088 684.3775 6166.5877 2207.7378;
	1733.0622 1187.1744 2015.2485 548.0326 1055.646 1419.7 1139.4046 302.9718 726.0991 6144.1731 2366.8145;
	1785.4994 1247.4013 2038.9621 567.2712 1074.3646 1496.8 1211.2187 323.1057 752.101 6078.0565 2549.5722;
	1824.1784 1245.4947 2022.0801 570.3829 1057.319 1477.6 1176.1437 322.0263 725.3891 6027.9852 2525.4097;
	1762.1577 1153.8183 1895.6238 559.3736 971.495 1384.6839 1101.4646 290.3 688.7882 5666.8826 2341.0;
	1643.8567 1067.1419 1798.47 557.0555 905.5969 1293.5915 1020.7112 266.7217 635.2 5479.8771 2157.3818;
	1531.2105 986.5881 1630.2359 547.543 835.8532 1184.934 938.6975 227.5687 574.0207 5095.4378 1984.8379;
	1492.093 916.9582 1565.1352 522.2949 812.7178 1148.856 880.5939 201.1589 566.4032 4682.7042 1869.9494;
	1483.7623 900.8 1552.3 501.9974 766.5 1116.1 886.9433 208.9181 526.6139 4486.94 1765.9635;
];
