function solarprofile = ex_solar_profilesh1
%EX_WIND_PROFILE_D  Example wind_load_nyiso profile data for deterministic unit commitment.
% 2022.03.12
% Andres F. Ramirez


%% define constants
[GEN_BUS, PG, QG, QMAX, QMIN, VG, MBASE, GEN_STATUS, PMAX, PMIN, ...
    MU_PMAX, MU_PMIN, MU_QMAX, MU_QMIN, PC1, PC2, QC1MIN, QC1MAX, ...
    QC2MIN, QC2MAX, RAMP_AGC, RAMP_10, RAMP_30, RAMP_Q, APF] = idx_gen;
[CT_LABEL, CT_PROB, CT_TABLE, CT_TBUS, CT_TGEN, CT_TBRCH, CT_TAREABUS, ...
    CT_TAREAGEN, CT_TAREABRCH, CT_ROW, CT_COL, CT_CHGTYPE, CT_REP, ...
    CT_REL, CT_ADD, CT_NEWVAL, CT_TLOAD, CT_TAREALOAD, CT_LOAD_ALL_PQ, ...
    CT_LOAD_FIX_PQ, CT_LOAD_DIS_PQ, CT_LOAD_ALL_P, CT_LOAD_FIX_P, ...
    CT_LOAD_DIS_P, CT_TGENCOST, CT_TAREAGENCOST, CT_MODCOST_F, ...
    CT_MODCOST_X] = idx_ct;

solarprofile = struct( ...
    'type', 'mpcData', ...
    'table', CT_TGEN, ...
    'rows', [1:12], ...
    'col', PMAX, ...
    'chgtype', 1, ...
    'values', [] );
solarprofile.values(:,1,:) = [
	0.0 0.0 0.0 0.0 0.0 0.0 0.0 0.0 0.0 0.0 0.0 0.0;
	0.0 0.0 0.0 0.0 0.0 0.0 0.0 0.0 0.0 0.0 0.0 0.0;
	0.0 0.0 0.0 0.0 0.0 0.0 0.0 0.0 0.0 0.0 0.0 0.0;
	0.0 0.0 0.0 0.0 0.0 0.0 0.0 0.0 0.0 0.0 0.0 0.0;
	0.0 0.0 0.0 0.0 0.0 0.0 0.0 0.0 0.0 0.0 0.0 0.0;
	0.1388 0.2736 0.188 0.0 0.0 0.5314 0.0664 0.6198 0.0233 0.0 0.0 0.0;
	3.5204 4.2856 2.5453 4.9348 2.4061 43.3644 5.4206 14.5779 19.5342 16.5554 8.389 29.9819;
	3.8961 4.8502 3.1824 5.1969 3.7037 51.2201 6.4025 27.2166 19.3324 35.6084 20.5762 64.4871;
	5.6887 5.8122 3.201 5.2471 4.8635 90.8647 11.3581 31.4988 41.8165 54.5174 26.2542 98.7313;
	19.5044 15.6471 11.2488 8.4107 7.1829 394.0029 49.2504 57.1997 246.0771 54.6228 23.0103 98.9221;
	17.6662 16.0537 11.3803 10.0705 8.9982 368.3866 46.0483 45.0562 231.9738 86.0213 79.6391 155.7852;
	14.1622 16.0276 10.6681 10.5189 9.542 344.7457 43.0932 44.2915 218.0812 177.6163 143.2389 321.6642;
	23.2643 16.5824 13.7384 6.0578 4.6611 371.3642 46.4205 62.4965 207.068 180.979 109.8423 327.754;
	20.9722 15.9651 13.4349 5.7835 4.137 386.1542 48.2693 64.695 216.2718 177.8745 85.7036 322.1318;
	19.4399 13.1457 12.2739 4.4091 3.7759 372.5273 46.5659 62.488 206.3921 127.3527 83.9674 230.6365;
	11.364 6.7223 8.0186 2.8069 3.6198 131.1768 16.3971 26.7211 39.9895 39.0669 31.4088 70.7504;
	1.1526 0.8347 0.7477 0.7555 1.5936 33.8301 4.2288 9.4461 20.2353 16.4151 21.4451 29.7278;
	0.0 0.0 0.0 0.0 0.0 0.0 0.0 0.0 0.0 0.0 0.0 0.0;
	0.0 0.0 0.0 0.0 0.0 0.0 0.0 0.0 0.0 0.0 0.0 0.0;
	0.0 0.0 0.0 0.0 0.0 0.0 0.0 0.0 0.0 0.0 0.0 0.0;
	0.0 0.0 0.0 0.0 0.0 0.0 0.0 0.0 0.0 0.0 0.0 0.0;
	0.0 0.0 0.0 0.0 0.0 0.0 0.0 0.0 0.0 0.0 0.0 0.0;
	0.0 0.0 0.0 0.0 0.0 0.0 0.0 0.0 0.0 0.0 0.0 0.0;
	0.0 0.0 0.0 0.0 0.0 0.0 0.0 0.0 0.0 0.0 0.0 0.0;
];
