function solarprofile = ex_solar_profilesh1
%EX_WIND_PROFILE_D  Example wind_load_nyiso profile data for deterministic unit commitment.
% 2022.03.12
% Andres F. Ramirez


%% define constants
[GEN_BUS, PG, QG, QMAX, QMIN, VG, MBASE, GEN_STATUS, PMAX, PMIN, ...
    MU_PMAX, MU_PMIN, MU_QMAX, MU_QMIN, PC1, PC2, QC1MIN, QC1MAX, ...
    QC2MIN, QC2MAX, RAMP_AGC, RAMP_10, RAMP_30, RAMP_Q, APF] = idx_gen;
[CT_LABEL, CT_PROB, CT_TABLE, CT_TBUS, CT_TGEN, CT_TBRCH, CT_TAREABUS, ...
    CT_TAREAGEN, CT_TAREABRCH, CT_ROW, CT_COL, CT_CHGTYPE, CT_REP, ...
    CT_REL, CT_ADD, CT_NEWVAL, CT_TLOAD, CT_TAREALOAD, CT_LOAD_ALL_PQ, ...
    CT_LOAD_FIX_PQ, CT_LOAD_DIS_PQ, CT_LOAD_ALL_P, CT_LOAD_FIX_P, ...
    CT_LOAD_DIS_P, CT_TGENCOST, CT_TAREAGENCOST, CT_MODCOST_F, ...
    CT_MODCOST_X] = idx_ct;

solarprofile = struct( ...
    'type', 'mpcData', ...
    'table', CT_TGEN, ...
    'rows', [1:12], ...
    'col', PMAX, ...
    'chgtype', 1, ...
    'values', [] );
solarprofile.values(:,1,:) = [
	0.0 0.0 0.0 0.0 0.0 0.0 0.0 0.0 0.0 0.0 0.0 0.0;
	0.0 0.0 0.0 0.0 0.0 0.0 0.0 0.0 0.0 0.0 0.0 0.0;
	0.0 0.0 0.0 0.0 0.0 0.0 0.0 0.0 0.0 0.0 0.0 0.0;
	0.0 0.0 0.0 0.0 0.0 0.0 0.0 0.0 0.0 0.0 0.0 0.0;
	0.0 0.0 0.0 0.0 0.0 0.0 0.0 0.0 0.0 0.0 0.0 0.0;
	0.0951 0.1034 0.1168 0.0 0.0 0.1251 0.0156 0.1784 0.0 0.0 0.0 0.0;
	3.5435 2.7474 2.3896 1.0291 2.8811 222.076 27.7595 21.0785 49.6155 72.8185 16.0466 131.8747;
	8.7235 5.7889 5.3091 1.8265 6.9788 379.8192 47.4774 46.2418 56.7843 88.4844 33.5061 160.2457;
	15.2846 8.8955 8.3887 2.2106 9.4654 390.2499 48.7812 53.4015 85.057 110.9593 74.8625 200.948;
	23.5713 16.1161 13.4414 7.756 11.3663 432.4506 54.0563 69.1684 264.2823 208.9186 121.8101 378.3528;
	24.891 16.1581 13.2891 8.6678 10.5008 409.7589 51.2199 65.9303 278.1831 210.18 138.903 380.6372;
	24.2936 16.0751 13.2624 7.8772 9.7558 392.76 49.095 63.1597 273.8994 142.236 118.3355 257.5902;
	22.5466 16.2665 13.5402 5.045 7.0972 289.5877 36.1985 62.3617 242.1594 77.6968 116.246 140.7094;
	16.0549 12.4137 10.6492 6.2072 8.7778 236.9936 29.6242 62.622 235.1116 97.9395 128.4078 177.369;
	10.5249 7.722 6.345 6.6226 10.3377 148.2935 18.5367 58.6235 230.2031 148.3567 127.2148 268.6749;
	7.2378 5.625 3.8375 7.5175 10.077 39.6763 4.9595 13.3122 122.1466 69.2979 76.6092 125.4989;
	1.2026 0.8427 0.6099 1.1915 2.1329 36.1287 4.5161 6.4282 29.4207 15.2058 19.1779 27.5377;
	0.0 0.0 0.0 0.0 0.0 0.0 0.0 0.0 0.0 0.0 0.0 0.0;
	0.0 0.0 0.0 0.0 0.0 0.0 0.0 0.0 0.0 0.0 0.0 0.0;
	0.0 0.0 0.0 0.0 0.0 0.0 0.0 0.0 0.0 0.0 0.0 0.0;
	0.0 0.0 0.0 0.0 0.0 0.0 0.0 0.0 0.0 0.0 0.0 0.0;
	0.0 0.0 0.0 0.0 0.0 0.0 0.0 0.0 0.0 0.0 0.0 0.0;
	0.0 0.0 0.0 0.0 0.0 0.0 0.0 0.0 0.0 0.0 0.0 0.0;
	0.0 0.0 0.0 0.0 0.0 0.0 0.0 0.0 0.0 0.0 0.0 0.0;
];
