function solarprofile = ex_solar_profilesh1
%EX_WIND_PROFILE_D  Example wind_load_nyiso profile data for deterministic unit commitment.
% 2022.03.12
% Andres F. Ramirez


%% define constants
[GEN_BUS, PG, QG, QMAX, QMIN, VG, MBASE, GEN_STATUS, PMAX, PMIN, ...
    MU_PMAX, MU_PMIN, MU_QMAX, MU_QMIN, PC1, PC2, QC1MIN, QC1MAX, ...
    QC2MIN, QC2MAX, RAMP_AGC, RAMP_10, RAMP_30, RAMP_Q, APF] = idx_gen;
[CT_LABEL, CT_PROB, CT_TABLE, CT_TBUS, CT_TGEN, CT_TBRCH, CT_TAREABUS, ...
    CT_TAREAGEN, CT_TAREABRCH, CT_ROW, CT_COL, CT_CHGTYPE, CT_REP, ...
    CT_REL, CT_ADD, CT_NEWVAL, CT_TLOAD, CT_TAREALOAD, CT_LOAD_ALL_PQ, ...
    CT_LOAD_FIX_PQ, CT_LOAD_DIS_PQ, CT_LOAD_ALL_P, CT_LOAD_FIX_P, ...
    CT_LOAD_DIS_P, CT_TGENCOST, CT_TAREAGENCOST, CT_MODCOST_F, ...
    CT_MODCOST_X] = idx_ct;

solarprofile = struct( ...
    'type', 'mpcData', ...
    'table', CT_TGEN, ...
    'rows', [1:12], ...
    'col', PMAX, ...
    'chgtype', 1, ...
    'values', [] );
solarprofile.values(:,1,:) = [
	0.0 0.0 0.0 0.0 0.0 0.0 0.0 0.0 0.0 0.0 0.0 0.0;
	0.0 0.0 0.0 0.0 0.0 0.0 0.0 0.0 0.0 0.0 0.0 0.0;
	0.0 0.0 0.0 0.0 0.0 0.0 0.0 0.0 0.0 0.0 0.0 0.0;
	0.0 0.0 0.0 0.0 0.0 0.0 0.0 0.0 0.0 0.0 0.0 0.0;
	0.0 0.0 0.0 0.0 0.0 0.0 0.0 0.0 0.0 0.0 0.0 0.0;
	0.0951 0.0972 0.1051 0.0 0.0 0.1251 0.0156 0.1784 0.0 0.0 0.0 0.0;
	3.3197 2.5261 1.5277 1.2224 8.3745 6.2656 0.7832 8.6 13.0935 134.9945 88.1094 244.4759;
	7.8352 5.6621 4.5103 5.8532 12.4547 38.7175 4.8397 13.4269 24.4836 189.4441 91.3695 343.0843;
	12.0565 8.3103 6.6956 9.1494 12.3873 57.1246 7.1406 12.2271 41.7613 242.2455 91.7722 438.7081;
	22.0926 15.6948 13.3088 9.9481 10.2032 238.6782 29.8348 46.7501 236.5074 260.5536 110.8701 471.8642;
	23.5888 16.0537 13.2545 10.8066 9.1756 268.4362 33.5545 49.7973 226.0314 290.8871 174.0835 526.7982;
	23.7625 16.0751 13.2624 11.1899 9.5407 359.2228 44.9029 58.9417 229.4889 303.4248 207.3496 549.5042;
	25.3423 16.6426 13.7674 8.4362 8.0627 424.6692 53.0837 71.8469 262.0162 298.8903 186.0713 541.2922;
	23.5693 16.5176 13.7343 8.2403 8.101 425.7449 53.2181 74.3585 276.4693 280.2561 146.3569 507.5455;
	19.0963 15.7382 11.1317 4.5233 6.939 382.5173 47.8147 74.0268 266.2857 260.0649 119.8359 470.9791;
	6.3355 6.6473 3.6693 1.2447 3.4431 94.6352 11.8294 25.0182 55.5012 121.291 48.6111 219.6588;
	0.9118 0.8168 0.5412 0.7698 1.4063 57.909 7.2386 6.5745 20.2636 23.096 20.451 41.8269;
	0.0 0.0 0.0 0.0 0.0 0.0 0.0 0.0 0.0 0.0 0.0 0.0;
	0.0 0.0 0.0 0.0 0.0 0.0 0.0 0.0 0.0 0.0 0.0 0.0;
	0.0 0.0 0.0 0.0 0.0 0.0 0.0 0.0 0.0 0.0 0.0 0.0;
	0.0 0.0 0.0 0.0 0.0 0.0 0.0 0.0 0.0 0.0 0.0 0.0;
	0.0 0.0 0.0 0.0 0.0 0.0 0.0 0.0 0.0 0.0 0.0 0.0;
	0.0 0.0 0.0 0.0 0.0 0.0 0.0 0.0 0.0 0.0 0.0 0.0;
	0.0 0.0 0.0 0.0 0.0 0.0 0.0 0.0 0.0 0.0 0.0 0.0;
];
