function windprofile = ex_wind_profilesh1
%EX_WIND_PROFILE_D  Example wind_load_nyiso profile data for deterministic unit commitment.
% 2022.03.12
% Andres F. Ramirez


%% define constants
[GEN_BUS, PG, QG, QMAX, QMIN, VG, MBASE, GEN_STATUS, PMAX, PMIN, ...
    MU_PMAX, MU_PMIN, MU_QMAX, MU_QMIN, PC1, PC2, QC1MIN, QC1MAX, ...
    QC2MIN, QC2MAX, RAMP_AGC, RAMP_10, RAMP_30, RAMP_Q, APF] = idx_gen;
[CT_LABEL, CT_PROB, CT_TABLE, CT_TBUS, CT_TGEN, CT_TBRCH, CT_TAREABUS, ...
    CT_TAREAGEN, CT_TAREABRCH, CT_ROW, CT_COL, CT_CHGTYPE, CT_REP, ...
    CT_REL, CT_ADD, CT_NEWVAL, CT_TLOAD, CT_TAREALOAD, CT_LOAD_ALL_PQ, ...
    CT_LOAD_FIX_PQ, CT_LOAD_DIS_PQ, CT_LOAD_ALL_P, CT_LOAD_FIX_P, ...
    CT_LOAD_DIS_P, CT_TGENCOST, CT_TAREAGENCOST, CT_MODCOST_F, ...
    CT_MODCOST_X] = idx_ct;

windprofile = struct( ...
    'type', 'mpcData', ...
    'table', CT_TGEN, ...
    'rows', [1:45], ...
    'col', PMAX, ...
    'chgtype', 1, ...
    'values', [] );
windprofile.values(:,1,:) = [
	3.7247 50.3293 90.6022 111.526 14.5689 14.4632 15.1307 17.4054 27.6737 24.733 45.7186 68.2032 102.6795 6.701 15.8019 5.9533 7.3864 7.8274 10.2831 23.8462 5.0436 33.7474 56.3279 83.707 94.9938 66.8581 8.2231 691.6289 378.2133 378.2133 199.8444 26.2951 34.2771 61.3801 21.0086 161.371 509.379 42.7527 301.2083 254.4476 15.8779 160.4447 131.6409 219.4819 514.685;
	3.7083 50.1079 87.5368 109.9728 14.245 16.6328 14.2436 16.3472 26.744 25.545 47.2196 70.4424 106.0506 6.7533 5.0984 1.9208 2.3832 2.5255 6.0614 11.9502 4.7479 38.8099 62.1655 83.8287 91.0764 67.2399 7.528 646.3113 367.467 367.467 161.5138 22.8688 20.2045 30.7598 21.1725 156.7859 486.7562 39.9044 309.8007 243.9548 11.9342 184.5134 124.3382 208.1001 491.8266;
	3.4014 45.96 86.6251 105.0748 14.3418 13.4842 13.2396 16.8015 26.8173 24.5485 45.3775 67.6944 101.9135 6.3079 7.8832 2.97 3.685 3.9049 18.4251 14.3449 4.4132 31.4631 60.1742 82.9417 90.6699 69.3337 8.4132 588.6201 336.5015 336.5015 138.5249 22.5568 61.4171 36.9239 19.7763 143.574 395.1103 29.429 241.807 242.8659 17.032 149.5845 95.0883 197.7404 399.2261;
	3.0112 40.688 89.8836 108.7051 13.6845 12.2862 12.2954 18.033 26.8442 24.875 45.9811 68.5947 103.269 8.6894 10.8515 4.0883 5.0725 5.3753 11.8635 22.1263 4.0985 28.6679 67.1712 86.714 100.8072 73.1459 10.5758 424.9714 258.1786 258.1786 138.3903 17.3228 39.545 56.9531 27.2423 110.1562 286.232 23.2389 172.2424 270.0193 44.8425 136.2952 78.3218 208.317 289.2135;
	2.6423 35.7038 92.2453 113.5552 14.2411 14.8599 11.595 19.0631 18.0969 23.2887 43.0488 64.2203 96.6833 14.8308 11.5288 4.3434 5.389 5.7108 20.1622 21.9935 3.865 34.673 57.0602 88.9039 105.1788 74.3119 11.2661 341.9875 208.5917 208.5917 141.7877 16.5763 67.2073 56.6113 46.4965 88.9991 169.3048 26.007 179.7078 281.729 17.1038 164.8455 86.6549 223.0372 171.0684;
	3.1143 42.0816 89.4297 112.9599 13.4274 21.3898 13.2567 18.7096 10.1988 21.5972 39.9221 59.5559 89.6611 32.0397 17.6746 6.6588 8.2618 8.7551 31.6747 24.6891 4.4189 49.9096 55.0646 85.1709 99.9188 72.7844 8.9196 286.9019 204.2755 204.2755 135.1143 16.2473 105.5824 63.5498 100.4488 87.1575 147.8888 25.3436 201.7091 267.6396 14.4391 237.2847 88.136 218.8634 149.4293;
	2.6713 36.0954 90.4196 115.9141 14.0006 22.4988 13.6789 18.338 12.8528 27.7677 51.3281 76.5714 115.2778 43.3008 26.0318 9.8073 12.1684 12.8948 40.0835 34.6886 4.5596 52.4971 65.8957 88.7049 101.3693 72.8817 12.0789 241.6039 230.2933 230.2933 102.6002 13.101 133.6116 89.2886 135.7539 98.2585 179.2268 18.6511 163.9292 271.5249 11.7258 249.5863 94.8785 237.2986 181.0937;
	1.8713 25.286 70.327 114.9543 13.9834 18.4988 12.6354 18.4015 17.8813 28.5942 52.856 78.8508 118.7094 43.0841 28.4476 10.7174 13.2976 14.0915 55.1113 52.9106 4.2118 43.164 70.5414 88.6633 101.3085 72.1086 13.1398 113.9228 178.076 178.076 88.4163 5.9581 183.7045 136.1921 135.0745 75.9791 112.971 17.9712 173.0137 271.362 10.4461 205.2139 90.7023 216.3242 114.1478;
	2.6391 35.6596 85.0295 105.2668 13.9997 23.2467 12.0311 18.7551 20.0253 29.1629 53.9072 80.419 121.0703 43.0385 15.3951 5.8 7.1963 7.6259 59.0151 53.5275 4.0104 54.2423 69.188 88.1057 100.5787 72.0918 12.9892 115.6722 152.4744 152.4744 79.1925 7.0977 196.7169 137.78 134.9314 65.0557 111.7334 19.9707 140.1416 269.4073 18.915 257.8832 77.5564 225.8097 112.8973;
	1.9369 26.1718 85.5533 110.7669 12.9355 13.8393 11.4821 18.2105 25.9313 29.5691 54.6581 81.5391 122.7567 44.2546 0.607 0.2287 0.2837 0.3007 66.5232 43.2499 3.8274 32.2917 68.8564 87.073 99.7104 71.3105 12.757 229.4182 231.4506 231.4506 84.3601 7.3073 221.7439 111.3252 138.7441 98.7523 210.7201 17.4597 95.703 267.0816 13.6174 153.524 79.5554 197.5466 212.9152;
	1.6846 22.7629 77.8676 103.6791 12.2452 24.926 14.9889 17.7336 26.1183 29.4239 54.3896 81.1385 122.1536 47.5065 0.0188 0.0071 0.0088 0.0093 66.1416 35.7525 4.9963 58.1607 70.4998 84.4175 90.2062 70.8748 12.5322 339.7312 303.0568 303.0568 150.605 12.4024 220.472 92.027 148.9393 129.3042 313.3048 26.993 180.3066 241.6236 4.6662 276.5126 92.6659 164.4711 316.5684;
	2.0385 27.5449 87.5284 95.2574 12.539 31.1016 20.1182 18.8274 26.6771 29.9833 55.4237 82.6812 124.4762 52.8707 10.8233 4.0776 5.0593 5.3613 77.6566 52.0047 6.7061 72.5703 74.1183 87.116 98.4426 73.489 13.5891 446.224 380.399 380.399 252.7173 15.8158 258.8552 133.8602 165.7568 162.3036 431.23 39.7283 222.8088 263.6856 10.311 345.0199 114.9871 174.3687 435.7219;
	3.0235 40.8547 87.9471 87.656 13.9421 30.8047 21.6174 17.9569 27.3414 29.5956 54.707 81.6121 122.8665 56.9894 40.9614 15.432 19.1471 20.2902 78.1822 62.8201 7.2058 71.8776 73.8676 83.881 96.9268 72.5857 12.7995 567.8879 447.0061 447.0061 295.0537 23.3827 260.6074 161.699 178.6695 190.7226 598.1967 50.6692 225.7207 259.6252 24.0293 341.7266 138.8179 203.5524 604.428;
	3.6441 49.24 87.4668 107.9339 14.5392 31.377 22.0919 18.2675 26.4867 29.6614 54.8286 81.7935 123.1397 54.3856 52.0394 19.6055 24.3254 25.7776 83.8134 56.7929 7.364 73.213 68.7481 83.1697 96.9579 73.2015 12.8184 766.7827 605.5122 605.5122 387.3648 28.6819 279.378 146.185 170.5062 258.3519 760.6088 75.4749 298.9005 259.7086 44.9352 348.0756 133.6485 235.6708 768.5318;
	3.7081 50.1041 87.6106 107.1948 14.5762 32.4042 24.6122 17.5831 27.5623 27.2833 50.4327 75.2356 113.2668 63.2616 76.6413 28.8742 35.8254 37.9642 75.2317 54.7782 8.2041 75.6099 50.1016 84.8376 92.5125 70.2798 12.9138 946.0813 672.9323 672.9323 464.5186 36.1421 250.7724 140.9993 198.3338 287.1178 951.7398 110.4019 431.2979 247.8013 24.5031 359.471 146.1637 236.7032 961.6538;
	3.7944 51.2709 92.918 111.8076 14.7876 32.8239 28.5442 17.713 27.4162 21.0822 38.9701 58.1358 87.5231 65.9624 113.5482 42.7786 53.0772 56.2459 83.212 64.7244 9.5147 76.5891 43.6963 84.2482 94.7409 72.9238 13.3634 1053.0335 733.5053 733.5053 654.0347 44.862 277.3733 166.6007 206.801 312.9623 1017.8427 159.9499 407.6671 253.7703 41.1599 364.1263 163.0652 249.8742 1028.4452;
	3.8175 51.5825 94.0314 117.8183 14.8331 32.9563 30.1891 18.8757 27.1414 17.2783 31.9387 47.6463 71.7313 66.7003 161.8433 60.9735 75.6523 80.1689 84.4141 68.7328 10.063 76.898 2.6484 88.0413 99.2484 75.3366 13.3554 910.1711 754.0092 754.0092 690.7307 75.0846 281.3804 176.9185 209.1144 321.7106 970.1444 202.3153 411.4682 265.8438 67.0902 365.595 189.0813 266.4758 980.2501;
	3.9301 53.1039 94.9529 119.28 15.3292 34.1034 29.7844 18.9905 27.4945 17.2356 31.8597 47.5284 71.5537 67.1358 175.2845 66.0374 81.9353 86.827 84.0483 71.0945 9.9281 79.5746 31.2516 89.9267 105.2927 75.4966 13.8211 1035.2611 766.8526 766.8526 727.4387 93.1634 280.1611 182.9976 210.4799 327.1904 1043.5907 233.5803 447.5337 282.034 121.2554 378.3206 195.5999 260.122 1054.4614;
	3.9178 52.9377 92.7266 117.7984 15.1482 33.5911 31.5449 14.8497 27.721 11.9311 22.0544 32.9009 49.5321 63.8466 181.532 68.3911 84.8556 89.9217 82.683 67.9471 10.515 78.3792 28.4668 88.5137 106.1357 69.1661 13.7496 1165.1326 744.2269 744.2269 662.0066 105.3559 275.6101 174.8961 200.1679 317.5368 1067.8132 243.95 448.4853 284.2921 122.4451 372.637 202.5101 268.4509 1078.9363;
