function windprofile = ex_wind_profilesh1
%EX_WIND_PROFILE_D  Example wind_load_nyiso profile data for deterministic unit commitment.
% 2022.03.12
% Andres F. Ramirez


%% define constants
[GEN_BUS, PG, QG, QMAX, QMIN, VG, MBASE, GEN_STATUS, PMAX, PMIN, ...
    MU_PMAX, MU_PMIN, MU_QMAX, MU_QMIN, PC1, PC2, QC1MIN, QC1MAX, ...
    QC2MIN, QC2MAX, RAMP_AGC, RAMP_10, RAMP_30, RAMP_Q, APF] = idx_gen;
[CT_LABEL, CT_PROB, CT_TABLE, CT_TBUS, CT_TGEN, CT_TBRCH, CT_TAREABUS, ...
    CT_TAREAGEN, CT_TAREABRCH, CT_ROW, CT_COL, CT_CHGTYPE, CT_REP, ...
    CT_REL, CT_ADD, CT_NEWVAL, CT_TLOAD, CT_TAREALOAD, CT_LOAD_ALL_PQ, ...
    CT_LOAD_FIX_PQ, CT_LOAD_DIS_PQ, CT_LOAD_ALL_P, CT_LOAD_FIX_P, ...
    CT_LOAD_DIS_P, CT_TGENCOST, CT_TAREAGENCOST, CT_MODCOST_F, ...
    CT_MODCOST_X] = idx_ct;

windprofile = struct( ...
    'type', 'mpcData', ...
    'table', CT_TGEN, ...
    'rows', [1:45], ...
    'col', PMAX, ...
    'chgtype', 1, ...
    'values', [] );
windprofile.values(:,1,:) = [
	3.5986 48.625 89.6047 112.5287 15.1125 14.9136 15.9957 17.613 27.9244 23.3433 43.1496 64.3708 96.9099 7.0619 21.2247 7.9963 9.9213 10.5136 12.5058 24.3103 5.3319 34.7985 54.4921 84.8334 97.8659 73.5312 8.0722 683.7114 394.6102 394.6102 226.9094 36.9166 41.686 62.5748 22.1401 168.367 494.5399 57.5536 319.6174 262.1407 15.2666 165.4419 119.644 244.8945 499.6914;
	3.5655 48.1778 89.9725 113.3205 15.2678 16.7333 15.4543 17.8895 27.2559 23.2879 43.0474 64.2183 96.6802 7.1415 17.399 6.555 8.133 8.6186 12.2928 16.8276 5.1514 39.0443 59.4802 85.0331 99.7511 72.8646 7.4114 691.8131 372.8761 372.8761 193.5952 31.4881 40.9761 43.3142 22.3895 159.0938 491.1789 50.8194 323.1089 267.1905 13.367 185.6278 116.3705 225.4145 496.2953;
	3.1648 42.7636 89.8189 111.1215 14.6182 13.0162 13.938 18.2117 27.447 20.4134 37.7339 56.2915 84.7465 8.3059 17.6655 6.6554 8.2576 8.7506 21.1006 19.1912 4.646 30.371 61.8019 83.1584 96.577 72.5199 8.5032 582.4875 328.9871 328.9871 150.546 29.3949 70.3354 49.3983 26.0401 140.3678 379.2561 34.4385 250.8284 258.6883 5.146 144.3925 91.8939 208.7702 383.2067;
	2.9404 39.7319 89.4007 109.9007 14.5635 11.7664 12.8161 18.0857 26.4703 19.5502 36.1383 53.9112 81.163 11.6247 14.3462 5.4049 6.706 7.1064 12.208 18.9171 4.272 27.4549 61.2684 82.5056 99.1329 74.3596 9.8819 473.169 263.3124 263.3124 175.2225 26.448 40.6933 48.6928 36.4449 112.3466 288.4333 33.1826 205.1693 265.5346 0.0055 130.5284 82.21 213.757 291.4378;
	2.3737 32.0737 93.2481 114.2438 14.9861 14.6269 15.3885 18.8719 18.3802 21.9492 40.5727 60.5265 91.1223 14.7745 22.2748 8.3919 10.4122 11.0338 21.4067 22.9226 5.1295 34.1295 55.4829 84.4118 104.4105 76.4648 10.213 372.2892 222.4346 222.4346 172.3232 25.0406 71.3556 59.0029 46.32 94.9054 189.2103 35.3809 205.9818 279.671 10.1352 162.2612 95.2568 247.3033 191.1812;
	3.1546 42.626 94.8433 119.018 15.2059 23.4116 13.2126 19.092 11.5361 20.1209 37.1931 55.4848 83.532 29.6709 22.9091 8.6309 10.7087 11.348 34.3927 26.1422 4.4042 54.6271 60.0269 86.6545 105.1969 76.5372 9.1325 300.3325 193.3391 193.3391 144.3707 23.5745 114.6423 67.2902 93.0224 82.4913 153.9038 30.3164 210.1366 281.7774 12.6099 259.7126 99.4162 241.7453 155.507;
	2.7587 37.2759 93.1534 117.2735 14.95 24.2161 12.8455 18.0875 12.6117 26.6102 49.1886 73.3797 110.4727 41.5828 30.06 11.3249 14.0513 14.8902 41.7079 36.3619 4.2818 56.5042 67.5354 86.6971 104.4223 75.6625 11.7407 248.7486 216.985 216.985 107.2954 15.6485 139.0264 93.5957 130.3677 92.5803 165.3471 22.9179 163.1027 279.7026 9.3497 268.6372 105.2055 242.6806 167.0694;
	1.8251 24.6612 69.8848 111.8838 14.8029 18.2773 12.7752 17.5314 19.1152 28.0606 51.8697 77.3793 116.4942 39.9535 29.5003 11.1141 13.7897 14.6129 53.007 51.1597 4.2584 42.647 71.5278 83.3017 97.8414 72.4412 11.902 98.3442 165.4678 165.4678 92.9179 9.9796 176.6898 131.6851 125.2597 70.5996 99.0201 29.8953 179.1025 262.0752 4.0482 202.7562 95.1797 213.3237 100.0516;
	2.6114 35.2862 81.0005 100.9924 14.4291 22.8597 11.0418 16.6886 20.8759 29.2002 53.9762 80.5219 121.2252 44.6246 23.0894 8.6988 10.7929 11.4373 63.4474 48.9613 3.6806 53.3394 73.1486 82.4537 96.2769 71.4291 10.1673 108.4206 140.5781 140.5781 95.4076 7.8181 211.4913 126.0265 139.9043 59.98 106.8055 32.8481 134.3685 257.8847 16.9607 253.5907 77.1265 240.4573 107.9181;
	2.0145 27.2207 78.9489 97.1446 13.1089 12.5071 10.3215 16.8125 25.789 27.8828 51.541 76.889 115.756 45.3439 18.9135 7.1256 8.841 9.3688 64.5108 44.2622 3.4405 29.1833 66.9555 75.0207 88.1031 70.1771 10.4104 249.3787 228.3401 228.3401 106.9079 9.5281 215.0361 113.9311 142.1592 97.4251 214.9271 27.3555 40.8909 235.9904 0.0733 138.7456 77.2506 221.5672 217.1659;
	1.6218 21.9135 78.5211 97.7929 12.7211 25.4864 14.8342 16.67 26.9471 27.8638 51.5058 76.8365 115.677 50.7485 3.1669 1.1931 1.4803 1.5687 59.8115 33.9375 4.9447 59.4683 62.5628 81.5434 88.0388 73.4054 10.6523 390.2788 302.4139 302.4139 177.6 14.1112 199.3717 87.3551 159.1035 129.03 332.5754 34.0169 176.5755 235.8181 0.0 282.7293 93.3552 200.3198 336.0398;
	1.7837 24.1011 84.1985 86.1239 12.8618 29.2066 20.3932 17.9472 26.7596 27.625 51.0643 76.1779 114.6854 51.9957 9.8939 3.7275 4.6248 4.9009 74.8987 47.1799 6.7977 68.1486 69.2543 77.797 93.5512 72.7097 11.6106 434.395 365.2371 365.2371 295.8324 17.6693 249.6623 121.4413 163.0135 155.8345 405.1215 50.6283 191.285 250.5837 0.0 323.9981 109.3792 201.9625 409.3416;
	2.9133 39.3648 89.1649 87.0408 14.7748 30.8461 20.2774 16.9026 26.4128 27.6032 51.0241 76.1178 114.595 51.8686 41.6467 15.6902 19.4674 20.6297 78.7745 59.3575 6.7591 71.9743 69.9501 81.0787 97.035 73.4764 10.638 602.3722 414.6303 414.6303 303.0894 23.0623 262.5816 152.7864 162.6149 176.9089 534.6631 54.3849 219.7894 259.9153 0.0 342.1864 140.5381 227.5159 540.2325;
	3.5604 48.109 87.5606 105.4465 15.1136 28.4176 20.7477 15.9637 26.0543 28.3422 52.3902 78.1559 117.6633 56.0537 62.0081 23.3612 28.9852 30.7156 84.0648 55.6882 6.9159 66.3077 67.717 82.7412 95.4594 72.104 10.1465 761.516 552.7924 552.7924 387.086 26.2617 280.2158 143.3416 175.7359 235.8581 653.5307 78.8073 294.0728 255.6949 0.0 315.2458 140.7618 249.5144 660.3383;
	3.5755 48.3128 86.1377 102.9354 15.1079 31.4473 24.2479 15.049 25.9787 23.9073 44.1922 65.9261 99.2513 61.5058 89.1277 33.5783 41.662 44.1493 84.1003 55.7499 8.0826 73.3771 44.7063 81.9025 89.6432 71.4998 10.3558 1018.8542 629.855 629.855 496.6334 34.787 280.3345 143.5004 192.8289 268.7381 899.6647 115.5864 428.559 240.1156 0.0 348.8555 154.856 244.3367 909.0362;
	3.7731 50.9831 93.6209 114.4264 15.2932 34.253 27.6387 17.2378 26.2267 19.5186 36.0799 53.8241 81.0319 61.5995 136.8684 51.5644 63.978 67.7976 91.6424 64.0214 9.2129 79.9237 43.5596 84.0033 96.8697 73.0762 12.1469 1072.3277 690.9862 690.9862 660.7389 46.7053 305.4746 164.7913 193.1227 294.8208 965.8481 170.3377 389.3491 259.4723 0.0 379.9802 177.2833 266.1076 975.909;
	3.7807 51.0852 91.4307 114.797 15.1327 33.6649 28.9402 17.3327 25.8351 17.3642 32.0975 47.8831 72.0877 62.9605 176.5152 66.5011 82.5106 87.4366 91.7019 69.1483 9.6467 78.5515 27.2505 82.6523 96.477 72.8559 11.9065 1081.7837 727.1948 727.1948 673.7397 77.7825 305.6729 177.9879 197.3896 310.2698 1010.8233 210.1439 408.9247 258.4205 0.0 373.4561 208.2707 272.7672 1021.3527;
	3.9071 52.7931 95.0632 118.192 14.9622 33.8134 27.9214 18.3274 27.0564 16.6794 30.8315 45.9946 69.2446 61.5586 182.1097 68.6088 85.1257 90.2078 91.2473 70.2434 9.3071 78.8979 35.115 88.5526 102.9681 73.2638 12.9306 1199.6934 766.9772 766.9772 735.8964 93.5145 304.1575 180.8068 192.9944 327.2436 1105.6293 243.1473 439.0838 275.8073 104.1785 375.1029 199.1117 269.7785 1117.1463;
	3.8608 52.1685 93.4567 116.8125 14.8324 33.4304 29.7682 14.0963 26.6444 17.5112 32.3691 48.2884 72.6979 58.7287 174.1632 65.615 81.4112 86.2715 88.3307 67.3202 9.9227 78.0042 43.3126 88.1551 104.6061 64.0602 12.9689 1234.9879 767.7173 767.7173 664.0986 104.5531 294.4357 173.2824 184.1223 327.5594 1103.2421 237.1912 441.5977 280.195 115.1737 370.8543 205.2843 279.7766 1114.7342;
