function solarprofile = ex_solar_profilesh1
%EX_WIND_PROFILE_D  Example wind_load_nyiso profile data for deterministic unit commitment.
% 2022.03.12
% Andres F. Ramirez


%% define constants
[GEN_BUS, PG, QG, QMAX, QMIN, VG, MBASE, GEN_STATUS, PMAX, PMIN, ...
    MU_PMAX, MU_PMIN, MU_QMAX, MU_QMIN, PC1, PC2, QC1MIN, QC1MAX, ...
    QC2MIN, QC2MAX, RAMP_AGC, RAMP_10, RAMP_30, RAMP_Q, APF] = idx_gen;
[CT_LABEL, CT_PROB, CT_TABLE, CT_TBUS, CT_TGEN, CT_TBRCH, CT_TAREABUS, ...
    CT_TAREAGEN, CT_TAREABRCH, CT_ROW, CT_COL, CT_CHGTYPE, CT_REP, ...
    CT_REL, CT_ADD, CT_NEWVAL, CT_TLOAD, CT_TAREALOAD, CT_LOAD_ALL_PQ, ...
    CT_LOAD_FIX_PQ, CT_LOAD_DIS_PQ, CT_LOAD_ALL_P, CT_LOAD_FIX_P, ...
    CT_LOAD_DIS_P, CT_TGENCOST, CT_TAREAGENCOST, CT_MODCOST_F, ...
    CT_MODCOST_X] = idx_ct;

solarprofile = struct( ...
    'type', 'mpcData', ...
    'table', CT_TGEN, ...
    'rows', [1:12], ...
    'col', PMAX, ...
    'chgtype', 1, ...
    'values', [] );
solarprofile.values(:,1,:) = [
	0.0 0.0 0.0 0.0 0.0 0.0 0.0 0.0 0.0 0.0 0.0 0.0;
	0.0 0.0 0.0 0.0 0.0 0.0 0.0 0.0 0.0 0.0 0.0 0.0;
	0.0 0.0 0.0 0.0 0.0 0.0 0.0 0.0 0.0 0.0 0.0 0.0;
	0.0 0.0 0.0 0.0 0.0 0.0 0.0 0.0 0.0 0.0 0.0 0.0;
	0.0 0.0 0.0 0.0 0.0 0.0 0.0 0.0 0.0 0.0 0.0 0.0;
	0.0951 0.0972 0.1051 0.0 0.0 0.1251 0.0156 0.1784 0.0 0.0 0.0 0.0;
	2.4118 2.737 2.3682 6.6607 6.5447 68.1524 8.5191 17.4064 26.0572 72.8921 32.8124 132.0081;
	7.9004 6.3515 6.0821 6.9818 9.0141 141.5615 17.6952 48.4374 39.5061 139.938 22.7614 253.4285;
	14.2103 10.3033 9.8093 7.8779 9.0874 168.7463 21.0933 53.6869 55.0242 180.8527 23.3966 327.5254;
	23.5397 16.1887 13.8582 6.7111 6.5536 375.1677 46.896 68.4433 205.9911 247.0728 69.3453 447.4503;
	25.4921 16.1984 13.7516 10.4627 6.9474 346.0509 43.2564 69.5998 136.8616 263.6884 60.8225 477.5413;
	26.362 16.1903 13.9898 11.0262 8.2211 350.7587 43.8448 72.8852 82.9486 233.5191 43.6117 422.9045;
	27.0055 16.5824 13.9815 5.8985 5.334 389.5549 48.6944 76.4356 127.6192 227.1676 101.6843 411.4018;
	23.9921 15.8119 13.5116 4.7038 4.7427 405.2576 50.6572 73.2478 191.2965 221.382 132.2405 400.9241;
	16.0053 10.8292 9.4129 3.1218 3.5017 397.008 49.626 66.6465 209.345 219.9494 140.3357 398.3297;
	3.3372 3.6607 2.5644 2.3518 1.5607 153.1222 19.1403 12.8569 78.5895 67.0554 38.7688 121.4377;
	0.9171 0.741 0.5811 1.2849 1.4037 37.1868 4.6483 6.5975 28.0325 15.0188 7.8494 27.1991;
	0.0 0.0 0.0 0.0 0.0 0.0 0.0 0.0 0.0 0.0 0.0 0.0;
	0.0 0.0 0.0 0.0 0.0 0.0 0.0 0.0 0.0 0.0 0.0 0.0;
	0.0 0.0 0.0 0.0 0.0 0.0 0.0 0.0 0.0 0.0 0.0 0.0;
	0.0 0.0 0.0 0.0 0.0 0.0 0.0 0.0 0.0 0.0 0.0 0.0;
	0.0 0.0 0.0 0.0 0.0 0.0 0.0 0.0 0.0 0.0 0.0 0.0;
	0.0 0.0 0.0 0.0 0.0 0.0 0.0 0.0 0.0 0.0 0.0 0.0;
	0.0 0.0 0.0 0.0 0.0 0.0 0.0 0.0 0.0 0.0 0.0 0.0;
];
