function windprofile = ex_wind_profilesh1
%EX_WIND_PROFILE_D  Example wind_load_nyiso profile data for deterministic unit commitment.
% 2022.03.12
% Andres F. Ramirez


%% define constants
[GEN_BUS, PG, QG, QMAX, QMIN, VG, MBASE, GEN_STATUS, PMAX, PMIN, ...
    MU_PMAX, MU_PMIN, MU_QMAX, MU_QMIN, PC1, PC2, QC1MIN, QC1MAX, ...
    QC2MIN, QC2MAX, RAMP_AGC, RAMP_10, RAMP_30, RAMP_Q, APF] = idx_gen;
[CT_LABEL, CT_PROB, CT_TABLE, CT_TBUS, CT_TGEN, CT_TBRCH, CT_TAREABUS, ...
    CT_TAREAGEN, CT_TAREABRCH, CT_ROW, CT_COL, CT_CHGTYPE, CT_REP, ...
    CT_REL, CT_ADD, CT_NEWVAL, CT_TLOAD, CT_TAREALOAD, CT_LOAD_ALL_PQ, ...
    CT_LOAD_FIX_PQ, CT_LOAD_DIS_PQ, CT_LOAD_ALL_P, CT_LOAD_FIX_P, ...
    CT_LOAD_DIS_P, CT_TGENCOST, CT_TAREAGENCOST, CT_MODCOST_F, ...
    CT_MODCOST_X] = idx_ct;

windprofile = struct( ...
    'type', 'mpcData', ...
    'table', CT_TGEN, ...
    'rows', [1:45], ...
    'col', PMAX, ...
    'chgtype', 1, ...
    'values', [] );
windprofile.values(:,1,:) = [
	3.6084 48.7573 86.1996 115.2324 14.4131 13.7644 14.5027 17.7575 27.2909 25.0874 46.3737 69.1805 104.1509 6.0307 23.3832 8.8095 10.9303 11.5829 14.8126 28.3345 4.8342 32.1169 57.6074 83.3569 99.3608 72.8555 7.443 644.3497 381.3771 381.3771 218.2513 37.5667 49.3753 72.9331 18.9071 162.7209 502.4021 53.7542 311.0141 266.145 15.398 152.6928 119.4614 221.3816 507.6354;
	3.5537 48.0188 85.5109 114.0408 14.2294 15.6655 12.9882 18.129 26.3543 23.7306 43.8657 65.439 98.518 5.6391 12.7976 4.8214 5.9821 6.3393 12.2248 11.0379 4.3294 36.5528 56.7794 85.0114 100.289 74.4404 7.426 625.2927 358.198 358.198 170.9376 32.0855 40.7494 28.4116 17.6793 152.8312 454.5755 47.2575 302.0475 268.6313 11.89 173.7825 114.9729 215.6075 459.3107;
	3.303 44.6307 84.4451 113.8861 14.1526 12.7788 12.1484 18.6007 27.2256 23.3527 43.167 64.3967 96.9489 8.3234 21.255 8.0077 9.9355 10.5286 23.641 20.65 4.0495 29.8172 62.2026 85.8019 100.0276 75.7979 8.8463 621.7526 356.4737 356.4737 151.852 31.9922 78.8034 53.1532 26.095 152.0954 405.9023 34.2561 250.0492 267.931 4.7485 141.7593 95.1324 195.9338 410.1305;
	3.0166 40.7605 87.4966 111.2978 14.0671 12.2627 10.4393 19.0067 25.8534 23.6408 43.6996 65.1912 98.145 10.648 16.7471 6.3094 7.8283 8.2957 12.3823 22.3432 3.4798 28.6129 62.4359 88.2747 103.1301 76.4652 10.7307 487.3086 271.1497 271.1497 154.1628 27.6766 41.2744 57.5115 33.383 115.6905 308.5401 26.9665 188.31 276.2414 3.2824 136.034 80.0639 208.5141 311.7541;
	2.3576 31.8568 88.954 113.9275 13.8979 13.7121 8.8214 19.0726 15.1206 19.4624 35.976 53.669 80.7984 14.2896 16.8755 6.3578 7.8883 8.3593 19.243 21.3894 2.9405 31.9949 48.1254 87.944 105.2449 76.1443 10.3983 366.2568 210.0256 210.0256 144.8365 26.888 64.1435 55.0564 44.7997 89.6109 183.0162 32.8379 160.1503 281.9059 11.5066 152.1127 84.8566 214.4255 184.9227;
	3.0582 41.3227 91.0559 116.2371 14.425 23.2907 12.3057 19.0155 10.4449 19.9057 36.7954 54.8915 82.6389 29.0143 20.6207 7.7687 9.639 10.2144 31.1293 26.2581 4.1019 54.345 52.9445 88.7652 104.1813 76.0455 8.8547 300.0174 220.1746 220.1746 153.6762 27.066 103.7643 67.5884 90.9638 93.9411 183.9137 36.0915 207.7432 279.057 11.3212 258.3715 95.0594 209.3307 185.8295;
	2.5205 34.0569 88.0095 112.5081 14.0253 22.7361 12.3943 18.5841 12.027 25.7932 47.6783 71.1266 107.0807 40.3189 24.4596 9.215 11.4335 12.1161 30.779 31.4003 4.1314 53.051 65.798 88.3792 105.1827 75.4732 11.931 230.7961 234.6212 234.6212 101.8632 17.0656 102.5966 80.8245 126.4051 100.105 181.3257 22.4806 155.9051 281.7393 11.468 252.2196 95.743 225.2001 183.2145;
	1.8168 24.5484 68.4622 114.9381 14.4654 20.7487 12.505 19.0783 18.2891 27.0525 50.0061 74.5992 112.3087 41.3395 26.8437 10.1132 12.5479 13.297 48.3684 44.982 4.1683 48.4137 69.2616 85.0262 103.1656 76.2459 13.586 144.1013 202.2931 202.2931 95.9993 9.5032 161.2278 115.7837 129.6048 86.3117 146.2203 21.3673 172.7026 276.3365 10.9928 230.1725 93.5234 207.1085 147.7434;
	2.6288 35.5212 76.9984 101.4257 14.3137 25.0057 10.8987 18.6371 20.0155 27.4327 50.7089 75.6478 113.8873 42.2255 21.8614 8.2362 10.2189 10.829 60.7926 48.9682 3.6329 58.3466 60.1881 82.8058 99.6231 74.9398 12.6861 125.675 162.6225 162.6225 82.4981 7.4998 202.6421 126.0442 132.3827 69.3856 133.9549 26.2808 141.8412 266.8477 22.8017 277.3962 80.5045 209.9301 135.3502;
	2.1097 28.506 79.5643 107.643 12.71 15.6253 10.4568 18.7695 25.8364 28.6629 52.9829 79.0401 118.9944 42.4798 26.9799 10.1645 12.6115 13.3644 72.4088 43.5577 3.4856 36.4591 53.5851 80.668 99.671 75.8453 12.8222 249.4477 249.428 249.428 108.3902 9.2451 241.3628 112.1176 133.18 106.4226 242.2381 27.5379 92.2226 266.976 72.728 173.3369 84.1508 197.7504 244.7614;
	1.7506 23.654 74.2871 100.7441 12.462 27.3664 15.0841 17.8739 26.8172 28.4641 52.6155 78.4919 118.1692 47.9014 22.7539 8.5724 10.6361 11.2711 67.5883 37.6724 5.028 63.855 53.9248 80.6575 91.2468 72.6165 11.9401 378.1298 319.7351 319.7351 164.4007 13.0971 225.2942 96.9689 150.1772 136.4203 332.9265 31.3474 173.6899 244.4111 33.6263 303.5851 97.9807 169.8226 336.3945;
	1.7662 23.8648 79.4905 89.5469 11.5693 30.3342 20.839 17.8525 27.1582 28.0658 51.8792 77.3935 116.5155 49.4492 8.6696 3.2662 4.0525 4.2945 77.2212 47.5207 6.9463 70.7799 59.4135 77.8185 90.1399 71.6899 11.9405 467.8439 375.7282 375.7282 276.8735 18.1357 257.4041 122.3185 155.0298 160.3107 442.8925 45.3166 209.8742 241.4462 37.2121 336.5079 114.2243 173.2467 447.506;
	2.8409 38.3868 82.062 80.1872 13.2317 30.6295 21.9729 16.8154 26.8365 28.6126 52.8899 78.9014 118.7856 51.8389 40.0865 15.1024 18.7381 19.8568 79.3812 60.174 7.3243 71.4689 60.651 76.7354 88.5438 69.2546 10.6402 590.4847 435.5974 435.5974 298.4809 23.8071 264.6042 154.888 162.5221 185.8549 573.4133 51.3421 221.4249 237.171 0.7002 339.7833 134.8405 184.5751 579.3864;
	3.3018 44.6151 81.5723 94.6096 13.6455 28.398 22.2577 16.6354 26.1112 29.149 53.8815 80.3805 121.0124 51.8563 57.985 21.8455 27.1046 28.7228 83.2252 54.463 7.4192 66.2619 52.3587 69.9657 86.1962 71.5306 10.8821 625.8573 567.0387 567.0387 380.9886 26.4074 277.4173 140.1879 162.5766 241.9365 668.3744 75.0564 279.52 230.8826 0.0 315.028 124.2182 212.8031 675.3366;
	3.6382 49.1597 84.5157 100.566 14.2186 31.4557 26.585 16.2099 26.3789 24.3684 45.0447 67.1978 101.1659 55.9969 87.2097 32.8557 40.7654 43.1992 79.3537 49.2476 8.8617 73.3966 24.9222 79.5194 88.5635 71.1489 11.9274 842.2845 608.03 608.03 447.9451 33.4874 264.5124 126.7634 175.5579 259.4261 809.6701 101.2402 423.2908 237.2236 0.0 348.9484 146.0801 233.5219 818.1041;
	3.6227 48.9505 86.3568 98.6855 14.3097 30.1562 28.0727 15.1871 26.0617 18.5629 34.3132 51.1885 77.064 59.531 111.095 41.8544 51.9305 55.0308 85.3669 56.1272 9.3576 70.3644 23.6539 79.4522 91.2327 66.9951 11.7488 883.4305 621.2025 621.2025 539.6614 39.5005 284.5564 144.4716 186.6377 265.0464 815.6451 128.0994 387.9204 244.3734 0.0 334.5324 152.8723 235.3466 824.1414;
	3.5759 48.3189 77.6673 66.9957 13.6485 24.4837 30.0152 13.0746 25.8641 10.6915 19.7631 29.4827 44.386 63.7753 149.5318 56.3352 69.8974 74.0704 79.4551 67.1012 10.0051 57.1287 0.7222 66.9641 67.8061 69.2338 10.6047 884.0825 662.9045 662.9045 531.6566 72.9904 264.8504 172.7187 199.9441 282.8392 838.4825 172.4307 408.8639 181.6235 0.0 271.6061 170.6108 218.3901 847.2167;
	3.6903 49.8647 78.4416 77.1877 13.8305 29.0535 29.055 15.6627 23.5739 7.3589 13.6028 20.2927 30.5506 63.5459 152.0594 57.2875 71.0789 75.3224 83.7769 68.1319 9.685 67.7915 23.0092 65.7343 85.3579 69.2224 12.6369 1008.155 737.918 737.918 645.3732 88.4561 279.2562 175.3718 199.2251 314.845 963.0791 200.4184 437.7025 228.6373 82.2985 322.3 178.6856 239.5186 973.1112;
	3.6475 49.2854 75.0055 82.4047 13.3368 31.054 29.7439 10.2171 25.4712 11.1066 20.5304 30.6273 46.1093 63.5486 164.3225 61.9075 76.8112 81.3969 79.9664 64.1086 9.9146 72.4593 39.2381 72.2436 96.0127 54.0025 12.622 1125.4588 746.8264 746.8264 598.2233 104.5712 266.5548 165.0158 199.2333 318.6459 1012.2235 225.3753 444.1113 257.1768 104.473 344.492 161.5932 253.4833 1022.7675;
