function loadprofile = ex_load_profilesh1
%EX_LOAD_PROFILE  Example load profile data file for stochastic unit commitment.
% 2022.03.12
% Andres F. Ramirez

%% define constants
[CT_LABEL, CT_PROB, CT_TABLE, CT_TBUS, CT_TGEN, CT_TBRCH, CT_TAREABUS, ...
    CT_TAREAGEN, CT_TAREABRCH, CT_ROW, CT_COL, CT_CHGTYPE, CT_REP, ...
    CT_REL, CT_ADD, CT_NEWVAL, CT_TLOAD, CT_TAREALOAD, CT_LOAD_ALL_PQ, ...
    CT_LOAD_FIX_PQ, CT_LOAD_DIS_PQ, CT_LOAD_ALL_P, CT_LOAD_FIX_P, ...
    CT_LOAD_DIS_P, CT_TGENCOST, CT_TAREAGENCOST, CT_MODCOST_F, ...
    CT_MODCOST_X] = idx_ct;

loadprofile = struct( ...
    'type', 'mpcData', ...
    'table', CT_TAREALOAD, ...
    'rows', [1:11], ...
    'col', CT_LOAD_ALL_P, ...
    'chgtype', 1, ...
    'values', [] );
loadprofile.values(:,1,:) = [
	1478.5589 916.7835 1500.3659 563.6052 716.9667 1107.231 791.2663 221.4825 424.0208 4373.4218 1540.5349;
	1494.087 917.2792 1511.0922 556.3939 740.5884 1101.8039 809.2446 222.3995 416.7878 4324.4729 1593.2;
	1502.0643 940.6398 1545.7658 560.1874 748.5082 1157.2587 839.6241 231.1777 441.5472 4391.9548 1655.1325;
	1583.1 1002.4662 1628.1421 570.529 814.5 1225.304 885.8802 245.9129 483.6795 4599.1241 1777.2951;
	1722.2012 1125.9647 1801.5508 578.7 907.9884 1365.7368 988.097 280.4 563.5936 5148.8 1974.8767;
	1819.0277 1176.1 1871.0067 605.0948 952.861 1435.1243 1027.068 310.668 622.149 5570.4856 2110.9728;
	1804.4 1154.8475 1869.9378 591.5843 964.0169 1414.5784 1040.9706 304.0701 632.2382 5801.3903 2140.2781;
	1752.4208 1149.7569 1850.1509 579.4 935.3176 1366.6046 1046.3608 298.0353 618.9429 5812.3509 2069.9164;
	1805.2805 1192.3626 1935.6961 579.7705 926.7692 1350.7391 1049.8076 311.6855 629.5051 5820.8898 2044.4053;
	1815.2 1179.2486 1914.5093 581.9467 916.8923 1315.0 1026.7599 304.0895 617.4401 6136.9131 1966.0595;
	1785.2324 1161.2918 1870.8111 575.9 887.1989 1264.0683 984.6377 279.6961 602.8899 6118.9208 1943.6257;
	1848.9076 1178.7 1880.8 583.2 884.1348 1287.3757 1008.7174 273.8582 641.2279 6143.5748 2042.0361;
	1811.1719 1146.2694 1860.6516 574.3383 911.0089 1286.8368 1006.4621 261.2132 645.7132 6148.9518 2127.6;
	1773.2392 1133.6292 1843.8887 561.0209 914.5576 1288.6084 1004.829 251.0114 617.9972 6170.941 2147.4219;
	1748.3 1145.1255 1860.9943 580.7584 936.1 1343.0568 1029.8844 287.4059 646.8057 6268.3001 2261.4674;
	1710.0704 1152.1541 1873.3458 593.9 970.1321 1338.3 1044.9171 277.7556 645.6218 6161.9777 2335.6845;
	1684.7408 1136.5435 1865.0532 587.7827 970.7788 1374.9924 1060.7 291.5658 630.1917 6005.1451 2335.267;
	1789.1156 1194.8619 1977.3611 593.4 1006.6771 1473.5862 1141.0781 335.0656 679.1922 6111.4 2501.1105;
	1780.3017 1197.1541 1989.4539 599.9058 1028.4 1470.4108 1168.9741 342.1 699.7223 6137.4538 2485.8711;
	1767.318 1140.3603 1893.5174 590.4174 967.7183 1389.5025 1098.0329 319.0109 666.3642 5941.8491 2328.1561;
	1693.9057 1057.9807 1777.6001 568.5514 903.8811 1285.6202 1011.9468 276.3219 605.4455 5492.4511 2144.5634;
	1600.6 978.2821 1663.8743 563.3908 844.0381 1207.4 958.7925 268.8779 542.7 5019.4923 1961.383;
	1575.1241 926.7101 1636.3 532.0379 796.9975 1165.3677 888.4447 249.7054 478.7807 4685.0 1830.9998;
	1516.2035 890.8411 1617.7519 510.8 760.7054 1146.2723 848.5698 245.7 469.9277 4467.0067 1709.5964;
];
