function loadprofile = ex_load_profilesh1
%EX_LOAD_PROFILE  Example load profile data file for stochastic unit commitment.
% 2022.03.12
% Andres F. Ramirez

%% define constants
[CT_LABEL, CT_PROB, CT_TABLE, CT_TBUS, CT_TGEN, CT_TBRCH, CT_TAREABUS, ...
    CT_TAREAGEN, CT_TAREABRCH, CT_ROW, CT_COL, CT_CHGTYPE, CT_REP, ...
    CT_REL, CT_ADD, CT_NEWVAL, CT_TLOAD, CT_TAREALOAD, CT_LOAD_ALL_PQ, ...
    CT_LOAD_FIX_PQ, CT_LOAD_DIS_PQ, CT_LOAD_ALL_P, CT_LOAD_FIX_P, ...
    CT_LOAD_DIS_P, CT_TGENCOST, CT_TAREAGENCOST, CT_MODCOST_F, ...
    CT_MODCOST_X] = idx_ct;

loadprofile = struct( ...
    'type', 'mpcData', ...
    'table', CT_TAREALOAD, ...
    'rows', [1:11], ...
    'col', CT_LOAD_ALL_P, ...
    'chgtype', 1, ...
    'values', [] );
loadprofile.values(:,1,:) = [
	1405.0 926.0651 1533.724 568.1 807.316 1152.4775 871.3159 261.9697 491.8 4361.2865 1694.8061;
	1373.1335 905.8506 1519.2206 572.8976 818.5492 1142.3516 865.8179 260.9596 497.638 4373.6594 1699.7974;
	1392.8447 926.4643 1547.2522 568.7788 813.2995 1162.3 859.7493 260.8073 507.5835 4353.8533 1721.6471;
	1482.0064 999.9579 1646.5136 583.4 893.6922 1228.2 904.6582 275.2 536.3549 4574.9521 1829.4;
	1632.0448 1131.2603 1836.9132 582.9 998.9273 1382.9746 1011.8938 321.6439 602.3493 5071.2936 2071.9;
	1776.8 1228.6326 1963.3374 599.1412 1065.6783 1470.1675 1094.4557 356.6 683.3196 5599.8945 2244.7602;
	1773.9557 1214.6205 1932.7668 573.8772 1017.8 1427.9542 1100.003 356.2 683.3999 5919.2193 2260.3324;
	1801.4287 1223.0745 1949.4589 592.6 995.0787 1415.3909 1075.3564 347.7158 681.8965 6041.3871 2180.2;
	1765.7129 1213.4727 1900.7953 578.9528 963.404 1350.0073 1033.3197 339.6364 681.1188 6096.8819 2101.6722;
	1821.742 1227.0427 1880.5 567.4564 972.1216 1384.7511 1047.7221 346.8307 681.5 6219.2567 2083.934;
	1827.4086 1224.8 1839.9991 556.7067 954.7317 1417.2612 1023.2493 339.5176 674.151 6168.254 2121.9155;
	1797.9224 1206.6645 1794.1803 561.7 925.5568 1356.6 989.7612 306.2988 648.79 6041.3466 1977.023;
	1803.9467 1193.4209 1764.8392 549.6221 912.3489 1346.0616 992.3235 300.5587 646.7742 6020.6165 1983.581;
	1716.7163 1154.8558 1711.9991 540.8548 887.6014 1291.5685 986.9027 301.7872 644.5 6020.444 2042.1449;
	1671.3903 1149.5766 1715.7427 550.8567 904.6305 1318.6329 1012.2337 319.6425 653.1522 6089.2655 2131.094;
	1691.6698 1159.9 1769.0929 556.9131 964.0 1332.2926 1049.7703 332.191 656.3625 6136.5096 2210.2767;
	1691.3783 1138.928 1797.0661 564.1426 984.3632 1337.2863 1077.1498 334.8 667.4293 6055.4137 2218.6685;
	1738.9737 1208.8 1931.3 575.8827 1007.8855 1444.1094 1159.1 345.6083 722.7137 6091.657 2401.2266;
	1803.2801 1231.395 1943.7105 585.4 1018.2894 1435.6215 1154.3448 361.2131 740.6932 6029.3846 2409.3173;
	1774.4962 1191.1925 1912.5726 575.906 1011.2374 1401.9112 1139.029 352.7692 712.0978 5882.0735 2382.378;
	1671.596 1094.9 1751.9427 555.3778 932.2793 1262.4455 1046.6847 311.3 686.8527 5549.747 2177.423;
	1555.2842 989.6436 1605.4315 536.8 863.098 1190.0 984.1636 273.9676 623.2741 5161.9653 2058.3414;
	1510.9935 926.5526 1561.8881 535.1196 838.4815 1137.271 967.7318 269.359 606.6725 5147.3824 1931.6235;
	1474.4811 883.2 1516.3512 528.9297 813.4563 1057.8022 882.0312 255.6724 538.5426 4622.0019 1809.7702;
];
