function solarprofile = ex_solar_profilesh1
%EX_WIND_PROFILE_D  Example wind_load_nyiso profile data for deterministic unit commitment.
% 2022.03.12
% Andres F. Ramirez


%% define constants
[GEN_BUS, PG, QG, QMAX, QMIN, VG, MBASE, GEN_STATUS, PMAX, PMIN, ...
    MU_PMAX, MU_PMIN, MU_QMAX, MU_QMIN, PC1, PC2, QC1MIN, QC1MAX, ...
    QC2MIN, QC2MAX, RAMP_AGC, RAMP_10, RAMP_30, RAMP_Q, APF] = idx_gen;
[CT_LABEL, CT_PROB, CT_TABLE, CT_TBUS, CT_TGEN, CT_TBRCH, CT_TAREABUS, ...
    CT_TAREAGEN, CT_TAREABRCH, CT_ROW, CT_COL, CT_CHGTYPE, CT_REP, ...
    CT_REL, CT_ADD, CT_NEWVAL, CT_TLOAD, CT_TAREALOAD, CT_LOAD_ALL_PQ, ...
    CT_LOAD_FIX_PQ, CT_LOAD_DIS_PQ, CT_LOAD_ALL_P, CT_LOAD_FIX_P, ...
    CT_LOAD_DIS_P, CT_TGENCOST, CT_TAREAGENCOST, CT_MODCOST_F, ...
    CT_MODCOST_X] = idx_ct;

solarprofile = struct( ...
    'type', 'mpcData', ...
    'table', CT_TGEN, ...
    'rows', [1:12], ...
    'col', PMAX, ...
    'chgtype', 1, ...
    'values', [] );
solarprofile.values(:,1,:) = [
	0.0 0.0 0.0 0.0 0.0 0.0 0.0 0.0 0.0 0.0 0.0 0.0;
	0.0 0.0 0.0 0.0 0.0 0.0 0.0 0.0 0.0 0.0 0.0 0.0;
	0.0 0.0 0.0 0.0 0.0 0.0 0.0 0.0 0.0 0.0 0.0 0.0;
	0.0 0.0 0.0 0.0 0.0 0.0 0.0 0.0 0.0 0.0 0.0 0.0;
	0.0 0.0 0.0 0.0 0.0 0.0 0.0 0.0 0.0 0.0 0.0 0.0;
	0.0951 0.0972 0.1068 0.0 0.0 1.3467 0.1683 0.6423 0.7299 0.0 0.0 0.0;
	3.2386 1.7802 1.3603 5.2059 9.016 43.5829 5.4479 42.9881 55.6507 55.3168 46.6235 100.179;
	8.2059 6.4895 5.6977 8.8552 12.1704 82.8634 10.3579 45.0862 70.7497 158.9788 135.0462 287.9116;
	12.5339 10.2524 9.0063 9.8181 12.5259 127.1327 15.8916 44.2012 97.0228 270.9212 175.571 490.6398;
	18.0795 13.8038 11.6665 10.4731 12.8747 385.1309 48.1414 64.9463 256.5617 337.6485 206.696 611.4835;
	19.5258 14.6254 12.9845 10.9909 12.9186 346.4319 43.304 64.9161 240.0121 343.3696 209.7289 621.8444;
	20.8974 15.8147 13.2624 11.1753 13.0235 311.1062 38.8883 66.7435 229.3863 332.0126 190.6046 601.2769;
	23.8151 16.5824 13.7504 7.4245 10.9849 354.1414 44.2677 70.4812 240.3593 264.7848 179.5118 479.5268;
	19.7216 15.8975 13.1601 7.0555 12.0785 373.0071 46.6259 69.0241 250.3594 234.3504 210.0779 424.41;
	9.7862 10.355 7.5613 4.7123 11.1655 351.5354 43.9419 65.5723 243.5649 223.6149 250.6873 404.9679;
	1.6075 2.0462 1.2259 2.4383 8.2426 101.2746 12.6593 30.7251 68.592 187.8274 192.0669 340.1565;
	0.9144 0.8057 0.6157 0.7947 1.9494 38.8414 4.8552 11.4584 22.8904 37.4082 25.6386 67.7465;
	0.0 0.0 0.0 0.0 0.0 0.0 0.0 0.0 0.0 0.0 0.0 0.0;
	0.0 0.0 0.0 0.0 0.0 0.0 0.0 0.0 0.0 0.0 0.0 0.0;
	0.0 0.0 0.0 0.0 0.0 0.0 0.0 0.0 0.0 0.0 0.0 0.0;
	0.0 0.0 0.0 0.0 0.0 0.0 0.0 0.0 0.0 0.0 0.0 0.0;
	0.0 0.0 0.0 0.0 0.0 0.0 0.0 0.0 0.0 0.0 0.0 0.0;
	0.0 0.0 0.0 0.0 0.0 0.0 0.0 0.0 0.0 0.0 0.0 0.0;
	0.0 0.0 0.0 0.0 0.0 0.0 0.0 0.0 0.0 0.0 0.0 0.0;
];
