function loadprofile = ex_load_profilesh1
%EX_LOAD_PROFILE  Example load profile data file for stochastic unit commitment.
% 2022.03.12
% Andres F. Ramirez

%% define constants
[CT_LABEL, CT_PROB, CT_TABLE, CT_TBUS, CT_TGEN, CT_TBRCH, CT_TAREABUS, ...
    CT_TAREAGEN, CT_TAREABRCH, CT_ROW, CT_COL, CT_CHGTYPE, CT_REP, ...
    CT_REL, CT_ADD, CT_NEWVAL, CT_TLOAD, CT_TAREALOAD, CT_LOAD_ALL_PQ, ...
    CT_LOAD_FIX_PQ, CT_LOAD_DIS_PQ, CT_LOAD_ALL_P, CT_LOAD_FIX_P, ...
    CT_LOAD_DIS_P, CT_TGENCOST, CT_TAREAGENCOST, CT_MODCOST_F, ...
    CT_MODCOST_X] = idx_ct;

loadprofile = struct( ...
    'type', 'mpcData', ...
    'table', CT_TAREALOAD, ...
    'rows', [1:11], ...
    'col', CT_LOAD_ALL_P, ...
    'chgtype', 1, ...
    'values', [] );
loadprofile.values(:,1,:) = [
	1558.8427 927.9169 1586.7219 592.5 829.9727 1111.551 859.0884 241.7775 513.2173 4496.5834 1692.3223;
	1525.1477 932.0889 1605.1023 598.8742 848.0798 1130.7531 862.8 240.7 514.1 4529.3369 1708.9206;
	1566.2394 964.8671 1670.7596 601.5618 885.4942 1165.6638 882.7 247.8537 514.9552 4554.3503 1740.9475;
	1655.0152 1038.3838 1772.7149 609.7161 953.8314 1225.3 938.1278 263.1 552.1521 4801.7 1886.7874;
	1803.7886 1172.5839 1996.8865 631.5267 1040.1743 1377.6302 1035.622 307.9579 621.8573 5395.2775 2089.1083;
	1887.7759 1234.0 2082.5645 617.0031 1083.4003 1448.8 1089.8578 345.7171 679.9 5852.6512 2212.3308;
	1912.7051 1238.285 2074.5777 613.7937 1081.3507 1456.2 1117.9216 336.7542 687.4091 6098.3218 2194.718;
	1906.8865 1225.8131 2030.3928 616.4652 1071.8 1425.2773 1102.8483 325.8493 674.7454 6265.211 2146.7315;
	1871.0104 1217.2242 2023.5123 602.7141 1040.5578 1435.5103 1138.466 323.5246 701.9116 6356.534 2155.9;
	1839.1332 1190.7656 2019.8746 588.6 1028.0462 1433.9347 1137.1424 342.8338 688.7757 6366.2598 2082.7147;
	1826.5437 1160.7 1976.982 568.2252 1015.3 1441.2472 1135.0149 347.0722 692.8857 6333.0886 2165.0576;
	1797.8 1132.2754 1994.7698 572.4335 1004.8246 1429.1528 1142.8572 339.8 689.9 6306.7688 2086.1;
	1833.9214 1160.946 1998.8738 564.7 1022.8553 1466.6757 1173.0007 327.6 696.1686 6310.0296 2111.4;
	1781.0489 1126.3673 1933.7591 568.6142 1008.1696 1385.5601 1093.9575 314.5705 680.3261 6253.002 2041.2358;
	1793.792 1107.2313 1917.8373 573.2042 988.0585 1378.3568 1085.3868 303.8279 676.6 6308.7649 2056.4103;
	1810.1782 1146.8272 1968.8658 580.5896 1003.1604 1392.896 1141.2905 334.6 698.5682 6388.3245 2245.0015;
	1721.0763 1131.0472 1956.8105 587.6482 988.7541 1396.1674 1094.981 345.1607 684.0 6116.5504 2311.5805;
	1782.1 1178.4 2048.0149 593.883 1016.6972 1461.0221 1179.6216 346.7 710.8897 6181.8091 2426.5924;
	1806.0455 1176.4497 2018.7358 595.4753 1016.5709 1430.1 1168.9585 357.7818 704.5489 6029.0216 2377.7258;
	1748.3753 1136.072 1969.7652 593.5841 971.0618 1391.4258 1154.6599 343.8 697.3864 5921.5438 2311.7653;
	1685.738 1052.0485 1797.3347 579.8226 912.7728 1268.7437 1043.149 324.7 633.0053 5558.7 2144.032;
	1570.3373 965.5786 1662.8986 574.6629 835.2683 1160.2139 953.2527 294.1427 581.4174 5144.7 1943.7598;
	1441.8849 866.66 1617.2743 566.8794 823.5247 1143.8 919.163 281.5013 539.1248 4663.3992 1775.1289;
	1427.8187 829.5768 1546.864 556.7316 795.5931 1108.3203 855.9231 275.4007 509.825 4446.0041 1689.5;
];
