function loadprofile = ex_load_profilesh1
%EX_LOAD_PROFILE  Example load profile data file for stochastic unit commitment.
% 2022.03.12
% Andres F. Ramirez

%% define constants
[CT_LABEL, CT_PROB, CT_TABLE, CT_TBUS, CT_TGEN, CT_TBRCH, CT_TAREABUS, ...
    CT_TAREAGEN, CT_TAREABRCH, CT_ROW, CT_COL, CT_CHGTYPE, CT_REP, ...
    CT_REL, CT_ADD, CT_NEWVAL, CT_TLOAD, CT_TAREALOAD, CT_LOAD_ALL_PQ, ...
    CT_LOAD_FIX_PQ, CT_LOAD_DIS_PQ, CT_LOAD_ALL_P, CT_LOAD_FIX_P, ...
    CT_LOAD_DIS_P, CT_TGENCOST, CT_TAREAGENCOST, CT_MODCOST_F, ...
    CT_MODCOST_X] = idx_ct;

loadprofile = struct( ...
    'type', 'mpcData', ...
    'table', CT_TAREALOAD, ...
    'rows', [1:11], ...
    'col', CT_LOAD_ALL_P, ...
    'chgtype', 1, ...
    'values', [] );
loadprofile.values(:,1,:) = [
	1461.7948 912.585 1557.3102 580.653 752.8678 1163.9561 886.4225 244.3 527.8623 4535.0858 1758.6847;
	1443.6927 909.9172 1565.7564 582.4324 757.0645 1169.8325 873.0037 236.6135 509.0899 4430.7 1710.5407;
	1477.9778 945.1447 1627.797 590.7354 787.8611 1187.3838 878.209 246.5 508.3657 4451.1249 1748.5557;
	1531.0941 1025.2 1728.1 605.6459 814.6601 1256.3677 930.2368 275.2717 549.5668 4769.1259 1862.8674;
	1680.622 1162.2 1926.4756 625.1283 928.2684 1419.6096 1038.407 324.5841 631.9 5245.7642 2047.4241;
	1801.7792 1231.3939 2021.5712 625.4159 963.328 1477.6109 1110.6 339.4829 687.2115 5790.0002 2170.5397;
	1868.4679 1237.1 2014.5868 615.4925 973.1602 1475.2955 1141.8014 347.9581 693.7747 6059.325 2200.9;
	1857.7058 1208.1474 1994.4213 624.3447 972.9749 1425.2878 1150.9467 335.2794 708.2017 6289.1866 2241.7131;
	1840.3188 1219.92 1952.7 619.5325 948.9267 1413.9876 1180.107 335.7 697.9395 6326.3772 2233.0357;
	1830.2 1217.9029 1915.0 622.1601 916.5155 1348.2084 1140.6412 320.7882 678.5 6273.4358 2172.9264;
	1812.1571 1207.8024 1874.7771 648.697 874.1518 1252.7615 1106.8263 327.504 654.1683 6203.5 2100.5755;
	1814.8205 1187.2758 1825.3319 618.4734 847.7613 1259.0233 1117.7732 309.8 652.1531 6151.9473 2062.4091;
	1816.2988 1206.1939 1838.7307 615.3636 836.6225 1282.9992 1120.8 325.9632 641.189 6260.6264 2117.9693;
	1800.4849 1229.1805 1872.4596 617.6828 853.8516 1297.0177 1136.4098 319.4324 635.4236 6221.9318 2071.2848;
	1767.2632 1220.9279 1869.8184 623.1019 893.8783 1271.9632 1085.4 330.4 628.4366 6183.4191 2025.0013;
	1784.5496 1221.5333 1838.4452 662.2582 908.523 1328.6215 1107.2493 340.2 630.5855 6279.8838 2153.2621;
	1760.9163 1199.0462 1846.8 671.6177 887.6422 1343.8325 1100.7 349.1 629.7474 6166.5624 2226.5;
	1803.3333 1250.0 1951.6301 699.4915 931.2087 1426.0794 1143.7154 367.5042 666.0689 6160.4419 2332.5007;
	1768.7728 1214.8034 1888.7372 629.6949 904.8994 1422.5003 1158.852 376.2324 680.9 6014.0893 2365.9593;
	1753.4796 1165.0204 1812.4598 616.1128 859.7215 1345.0528 1110.8185 346.0847 654.5149 5825.3829 2253.5744;
	1670.8489 1080.626 1673.9317 582.5821 796.6227 1251.7 1017.4397 317.5277 605.7586 5459.8001 2095.6;
	1592.4663 1000.0779 1556.4211 580.5892 716.7959 1152.8 920.6438 270.7 548.1537 5037.5263 1875.3508;
	1529.0814 932.401 1536.2 556.7 761.0161 1130.3095 851.5075 250.4965 519.6 4661.2265 1760.6764;
	1523.8566 900.2 1475.1069 540.139 714.325 1074.3 827.7996 231.8285 486.43 4425.1818 1691.5742;
];
