function solarprofile = ex_solar_profilesh1
%EX_WIND_PROFILE_D  Example wind_load_nyiso profile data for deterministic unit commitment.
% 2022.03.12
% Andres F. Ramirez


%% define constants
[GEN_BUS, PG, QG, QMAX, QMIN, VG, MBASE, GEN_STATUS, PMAX, PMIN, ...
    MU_PMAX, MU_PMIN, MU_QMAX, MU_QMIN, PC1, PC2, QC1MIN, QC1MAX, ...
    QC2MIN, QC2MAX, RAMP_AGC, RAMP_10, RAMP_30, RAMP_Q, APF] = idx_gen;
[CT_LABEL, CT_PROB, CT_TABLE, CT_TBUS, CT_TGEN, CT_TBRCH, CT_TAREABUS, ...
    CT_TAREAGEN, CT_TAREABRCH, CT_ROW, CT_COL, CT_CHGTYPE, CT_REP, ...
    CT_REL, CT_ADD, CT_NEWVAL, CT_TLOAD, CT_TAREALOAD, CT_LOAD_ALL_PQ, ...
    CT_LOAD_FIX_PQ, CT_LOAD_DIS_PQ, CT_LOAD_ALL_P, CT_LOAD_FIX_P, ...
    CT_LOAD_DIS_P, CT_TGENCOST, CT_TAREAGENCOST, CT_MODCOST_F, ...
    CT_MODCOST_X] = idx_ct;

solarprofile = struct( ...
    'type', 'mpcData', ...
    'table', CT_TGEN, ...
    'rows', [1:12], ...
    'col', PMAX, ...
    'chgtype', 1, ...
    'values', [] );
solarprofile.values(:,1,:) = [
	0.0 0.0 0.0 0.0 0.0 0.0 0.0 0.0 0.0 0.0 0.0 0.0;
	0.0 0.0 0.0 0.0 0.0 0.0 0.0 0.0 0.0 0.0 0.0 0.0;
	0.0 0.0 0.0 0.0 0.0 0.0 0.0 0.0 0.0 0.0 0.0 0.0;
	0.0 0.0 0.0 0.0 0.0 0.0 0.0 0.0 0.0 0.0 0.0 0.0;
	0.0 0.0 0.0 0.0 0.0 0.0 0.0 0.0 0.0 0.0 0.0 0.0;
	0.1056 0.1117 0.1099 0.0 0.0 1.2421 0.1553 0.1784 1.1825 0.0 0.0 0.0;
	3.0169 1.9853 0.7301 5.7696 2.3283 199.1032 24.8879 15.6293 112.4798 0.0 9.453 0.0;
	7.6444 6.9006 2.4438 6.5562 6.908 247.3414 30.9177 40.4891 137.4651 44.3172 84.9639 80.2588;
	12.5337 13.2435 4.3734 9.3527 10.0398 280.8785 35.1098 51.6579 168.0546 161.5291 148.4128 292.5301;
	22.8355 16.6162 12.6051 11.7694 11.8926 420.072 52.509 69.0025 265.0499 211.4754 92.8586 382.9832;
	24.4844 16.5421 13.2545 11.6152 11.2864 409.0703 51.1338 66.8411 230.7285 219.4475 133.8129 397.4208;
	24.6191 16.5641 13.2761 11.4235 10.7869 399.023 49.8779 64.7432 163.0239 206.8992 155.2556 374.6957;
	24.409 16.5849 13.7384 9.5099 7.5324 371.1249 46.3906 62.8606 71.8721 161.8308 62.3087 293.0766;
	20.4517 15.6978 12.7212 9.5039 7.8755 356.3549 44.5444 63.1899 112.1627 130.5522 18.6733 236.4308;
	12.5027 8.9438 7.4137 8.5724 7.1875 312.9141 39.1143 59.9119 166.3241 50.7799 3.0101 91.9627;
	3.3506 3.0689 2.7227 5.8344 3.5908 108.112 13.514 24.3169 61.3355 0.0 0.0 0.0;
	0.9711 0.9456 0.731 0.6794 1.3058 44.0515 5.5064 9.0983 20.4228 1.6429 7.5258 2.9753;
	0.0 0.0 0.0 0.0 0.0 0.0 0.0 0.0 0.0 0.0 0.0 0.0;
	0.0 0.0 0.0 0.0 0.0 0.0 0.0 0.0 0.0 0.0 0.0 0.0;
	0.0 0.0 0.0 0.0 0.0 0.0 0.0 0.0 0.0 0.0 0.0 0.0;
	0.0 0.0 0.0 0.0 0.0 0.0 0.0 0.0 0.0 0.0 0.0 0.0;
	0.0 0.0 0.0 0.0 0.0 0.0 0.0 0.0 0.0 0.0 0.0 0.0;
	0.0 0.0 0.0 0.0 0.0 0.0 0.0 0.0 0.0 0.0 0.0 0.0;
	0.0 0.0 0.0 0.0 0.0 0.0 0.0 0.0 0.0 0.0 0.0 0.0;
];
