function loadprofile = ex_load_profilesh1
%EX_LOAD_PROFILE  Example load profile data file for stochastic unit commitment.
% 2022.03.12
% Andres F. Ramirez

%% define constants
[CT_LABEL, CT_PROB, CT_TABLE, CT_TBUS, CT_TGEN, CT_TBRCH, CT_TAREABUS, ...
    CT_TAREAGEN, CT_TAREABRCH, CT_ROW, CT_COL, CT_CHGTYPE, CT_REP, ...
    CT_REL, CT_ADD, CT_NEWVAL, CT_TLOAD, CT_TAREALOAD, CT_LOAD_ALL_PQ, ...
    CT_LOAD_FIX_PQ, CT_LOAD_DIS_PQ, CT_LOAD_ALL_P, CT_LOAD_FIX_P, ...
    CT_LOAD_DIS_P, CT_TGENCOST, CT_TAREAGENCOST, CT_MODCOST_F, ...
    CT_MODCOST_X] = idx_ct;

loadprofile = struct( ...
    'type', 'mpcData', ...
    'table', CT_TAREALOAD, ...
    'rows', [1:11], ...
    'col', CT_LOAD_ALL_P, ...
    'chgtype', 1, ...
    'values', [] );
loadprofile.values(:,1,:) = [
	1466.7131 869.2493 1564.1 537.5042 799.8086 1138.2145 854.6499 251.9804 517.5687 4443.1481 1667.503;
	1416.5026 853.664 1551.6771 529.1134 784.1183 1131.6 851.0443 247.8659 500.1 4341.7862 1605.0963;
	1459.7636 874.3482 1613.9914 538.9256 798.5491 1153.8 858.1376 257.0338 502.7299 4426.2426 1668.6969;
	1509.6511 924.621 1711.7 531.9397 862.0 1245.6336 914.9 265.1205 545.1826 4686.5865 1793.701;
	1657.6997 1018.0194 1852.8083 566.6051 940.3912 1370.013 1010.351 314.5958 613.0 5175.3917 1993.4836;
	1775.1397 1087.0699 1970.5917 592.3415 1013.5433 1471.562 1077.1984 352.7823 681.5953 5725.4899 2132.3538;
	1774.7251 1100.4544 1976.9677 575.7958 977.2538 1482.986 1100.1408 363.3 698.4225 6040.2749 2200.9;
	1764.4196 1101.0434 1968.2133 567.9002 972.8681 1502.5965 1129.0118 378.4491 710.9 6321.3187 2192.0534;
	1735.1879 1107.3271 1951.9644 554.7 932.7698 1449.6604 1138.7776 347.7214 700.7 6419.125 2188.2014;
	1758.6993 1109.7916 1905.2156 549.8508 921.2025 1424.0276 1150.1027 340.5455 692.3296 6492.1547 2251.7586;
	1727.7511 1093.8351 1910.8848 554.5 903.0298 1368.1854 1124.6808 343.5289 692.113 6436.6524 2232.0382;
	1759.1882 1069.7684 1904.318 552.7 913.0922 1349.4224 1114.1091 344.3953 679.7462 6454.8552 2274.7387;
	1720.2158 1054.062 1887.5767 577.8083 898.56 1344.0631 1087.5938 342.9475 670.5347 6364.1947 2249.2755;
	1749.2161 1096.7348 1925.1506 581.441 939.0696 1378.3741 1089.8824 330.2 675.2787 6303.1008 2225.0416;
	1764.211 1134.5241 1962.3785 575.4736 946.6 1396.5656 1094.1598 307.4 700.5802 6271.5813 2293.3816;
	1780.6163 1130.3 1954.8093 573.3951 981.1637 1455.7289 1126.8542 338.9911 721.0855 6319.1808 2403.1258;
	1730.9539 1136.7839 1916.7107 574.5763 989.3657 1468.2443 1077.2 328.4778 698.9836 6163.3015 2386.585;
	1794.969 1135.9229 1934.5166 554.304 1021.8159 1505.2 1164.901 366.5505 725.6087 6272.5779 2578.1788;
	1781.8 1174.4 1945.409 554.0945 1003.4894 1525.5368 1172.1379 356.4329 712.5516 6083.0036 2477.9136;
	1718.0 1097.3867 1850.197 565.7178 953.4 1419.9 1103.2446 344.9 686.4 5916.6813 2482.9462;
	1595.3386 1007.9716 1739.1028 549.4451 889.032 1306.8293 1021.9897 314.2 637.6 5557.0588 2235.1145;
	1520.0 960.2134 1635.2541 538.1463 855.2125 1224.0159 932.5298 289.9 570.8893 5197.5129 2011.7486;
	1478.9 908.557 1583.0727 527.1155 833.8124 1168.0422 864.3 241.629 520.7936 4649.4652 1785.2596;
	1384.8934 867.8307 1518.8427 512.1843 790.1 1110.6 835.353 242.6 505.6746 4461.2345 1714.7465;
];
