function solarprofile = ex_solar_profilesh1
%EX_WIND_PROFILE_D  Example wind_load_nyiso profile data for deterministic unit commitment.
% 2022.03.12
% Andres F. Ramirez


%% define constants
[GEN_BUS, PG, QG, QMAX, QMIN, VG, MBASE, GEN_STATUS, PMAX, PMIN, ...
    MU_PMAX, MU_PMIN, MU_QMAX, MU_QMIN, PC1, PC2, QC1MIN, QC1MAX, ...
    QC2MIN, QC2MAX, RAMP_AGC, RAMP_10, RAMP_30, RAMP_Q, APF] = idx_gen;
[CT_LABEL, CT_PROB, CT_TABLE, CT_TBUS, CT_TGEN, CT_TBRCH, CT_TAREABUS, ...
    CT_TAREAGEN, CT_TAREABRCH, CT_ROW, CT_COL, CT_CHGTYPE, CT_REP, ...
    CT_REL, CT_ADD, CT_NEWVAL, CT_TLOAD, CT_TAREALOAD, CT_LOAD_ALL_PQ, ...
    CT_LOAD_FIX_PQ, CT_LOAD_DIS_PQ, CT_LOAD_ALL_P, CT_LOAD_FIX_P, ...
    CT_LOAD_DIS_P, CT_TGENCOST, CT_TAREAGENCOST, CT_MODCOST_F, ...
    CT_MODCOST_X] = idx_ct;

solarprofile = struct( ...
    'type', 'mpcData', ...
    'table', CT_TGEN, ...
    'rows', [1:12], ...
    'col', PMAX, ...
    'chgtype', 1, ...
    'values', [] );
solarprofile.values(:,1,:) = [
	0.0 0.0 0.0 0.0 0.0 0.0 0.0 0.0 0.0 0.0 0.0 0.0;
	0.0 0.0 0.0 0.0 0.0 0.0 0.0 0.0 0.0 0.0 0.0 0.0;
	0.0 0.0 0.0 0.0 0.0 0.0 0.0 0.0 0.0 0.0 0.0 0.0;
	0.0 0.0 0.0 0.0 0.0 0.0 0.0 0.0 0.0 0.0 0.0 0.0;
	0.0 0.0 0.0 0.0 0.0 0.0 0.0 0.0 0.0 0.0 0.0 0.0;
	0.1179 0.1338 0.1799 0.0 0.0 1.0859 0.1357 0.582 0.0 0.0 0.0 0.0;
	4.3033 4.903 3.1804 2.7709 2.0159 77.9204 9.74 11.8307 22.1606 172.062 124.2653 311.6053;
	9.5783 11.5044 9.2784 7.587 11.4396 127.6595 15.9574 21.924 55.3645 330.0669 133.6847 597.7532;
	14.8047 15.29 13.216 10.7391 13.267 138.231 17.2789 29.9318 78.718 344.6962 152.459 624.2469;
	21.6726 16.3316 13.5296 11.8207 13.4792 317.6205 39.7026 64.2015 204.815 345.8544 190.963 626.3444;
	22.7013 16.0537 13.2545 11.3705 11.978 283.3633 35.4204 60.5048 183.0407 344.8652 215.2479 624.5529;
	21.3289 16.0751 13.2624 11.2056 10.9309 287.7525 35.9691 58.546 195.8623 326.4898 205.5935 591.275;
	21.8051 16.5824 13.7384 3.4945 7.175 307.4921 38.4365 63.4884 216.3913 220.1919 154.337 398.7688;
	17.0517 15.8413 12.8015 3.042 7.7353 304.5476 38.0685 65.8198 216.1642 192.8135 129.3709 349.1864;
	10.1459 11.5762 7.8936 2.5257 6.9949 235.2968 29.4121 64.3448 182.0831 165.5403 111.6403 299.7945;
	3.7161 5.4237 2.0223 1.7833 3.5297 42.7261 5.3408 22.7887 23.1224 67.4002 37.1869 122.0621;
	0.9651 0.8325 0.5873 0.6401 1.3684 39.7847 4.9731 7.6934 22.9094 15.378 9.8039 27.8496;
	0.0 0.0 0.0 0.0 0.0 0.0 0.0 0.0 0.0 0.0 0.0 0.0;
	0.0 0.0 0.0 0.0 0.0 0.0 0.0 0.0 0.0 0.0 0.0 0.0;
	0.0 0.0 0.0 0.0 0.0 0.0 0.0 0.0 0.0 0.0 0.0 0.0;
	0.0 0.0 0.0 0.0 0.0 0.0 0.0 0.0 0.0 0.0 0.0 0.0;
	0.0 0.0 0.0 0.0 0.0 0.0 0.0 0.0 0.0 0.0 0.0 0.0;
	0.0 0.0 0.0 0.0 0.0 0.0 0.0 0.0 0.0 0.0 0.0 0.0;
	0.0 0.0 0.0 0.0 0.0 0.0 0.0 0.0 0.0 0.0 0.0 0.0;
];
