function solarprofile = ex_solar_profilesh1
%EX_WIND_PROFILE_D  Example wind_load_nyiso profile data for deterministic unit commitment.
% 2022.03.12
% Andres F. Ramirez


%% define constants
[GEN_BUS, PG, QG, QMAX, QMIN, VG, MBASE, GEN_STATUS, PMAX, PMIN, ...
    MU_PMAX, MU_PMIN, MU_QMAX, MU_QMIN, PC1, PC2, QC1MIN, QC1MAX, ...
    QC2MIN, QC2MAX, RAMP_AGC, RAMP_10, RAMP_30, RAMP_Q, APF] = idx_gen;
[CT_LABEL, CT_PROB, CT_TABLE, CT_TBUS, CT_TGEN, CT_TBRCH, CT_TAREABUS, ...
    CT_TAREAGEN, CT_TAREABRCH, CT_ROW, CT_COL, CT_CHGTYPE, CT_REP, ...
    CT_REL, CT_ADD, CT_NEWVAL, CT_TLOAD, CT_TAREALOAD, CT_LOAD_ALL_PQ, ...
    CT_LOAD_FIX_PQ, CT_LOAD_DIS_PQ, CT_LOAD_ALL_P, CT_LOAD_FIX_P, ...
    CT_LOAD_DIS_P, CT_TGENCOST, CT_TAREAGENCOST, CT_MODCOST_F, ...
    CT_MODCOST_X] = idx_ct;

solarprofile = struct( ...
    'type', 'mpcData', ...
    'table', CT_TGEN, ...
    'rows', [1:12], ...
    'col', PMAX, ...
    'chgtype', 1, ...
    'values', [] );
solarprofile.values(:,1,:) = [
	0.0 0.0 0.0 0.0 0.0 0.0 0.0 0.0 0.0 0.0 0.0 0.0;
	0.0 0.0 0.0 0.0 0.0 0.0 0.0 0.0 0.0 0.0 0.0 0.0;
	0.0 0.0 0.0 0.0 0.0 0.0 0.0 0.0 0.0 0.0 0.0 0.0;
	0.0 0.0 0.0 0.0 0.0 0.0 0.0 0.0 0.0 0.0 0.0 0.0;
	0.0 0.0 0.0 0.0 0.0 0.0 0.0 0.0 0.0 0.0 0.0 0.0;
	0.0951 0.0972 0.1051 0.0 0.0 0.1251 0.0156 0.1784 0.0 0.0 0.0 0.0;
	5.8628 4.9502 7.0363 2.862 2.4526 35.4662 4.4333 11.3315 37.1808 85.2982 16.0447 154.4755;
	8.3607 6.3417 6.8534 8.3246 9.1562 100.8632 12.6079 27.0867 69.5661 211.7173 96.3953 383.4214;
	11.0062 6.6513 7.5512 9.8075 9.9498 112.7039 14.088 29.6042 60.7572 268.0371 149.7038 485.4168;
	20.7105 9.1008 11.3818 6.9018 1.516 315.1518 39.394 59.615 146.8386 261.3612 91.6036 473.3267;
	20.5834 13.3858 12.7338 5.7893 1.1163 331.2812 41.4101 59.648 152.6884 204.9664 30.4258 371.1954;
	19.8788 15.1872 13.0255 7.1046 1.034 378.1323 47.2665 62.9195 211.3461 138.1345 26.5266 250.1624;
	22.1149 16.5702 13.7287 6.4745 1.5895 436.0199 54.5025 72.728 248.2565 217.4532 94.1253 393.8091;
	19.9539 15.0858 12.5564 6.8093 2.1292 433.5073 54.1884 73.385 253.3466 243.2446 133.1844 440.5174;
	14.7863 9.6252 8.6002 4.2991 1.897 389.113 48.6391 71.4382 238.0414 269.4931 128.6697 488.0536;
	7.1809 3.4808 2.6697 1.4605 1.4363 102.0484 12.756 40.4661 71.3378 108.009 30.8698 195.6049;
	0.9798 0.813 0.5762 0.7438 1.5171 49.558 6.1948 11.9125 29.8613 15.6133 11.7582 28.2757;
	0.0 0.0 0.0 0.0 0.0 0.0 0.0 0.0 0.0 0.0 0.0 0.0;
	0.0 0.0 0.0 0.0 0.0 0.0 0.0 0.0 0.0 0.0 0.0 0.0;
	0.0 0.0 0.0 0.0 0.0 0.0 0.0 0.0 0.0 0.0 0.0 0.0;
	0.0 0.0 0.0 0.0 0.0 0.0 0.0 0.0 0.0 0.0 0.0 0.0;
	0.0 0.0 0.0 0.0 0.0 0.0 0.0 0.0 0.0 0.0 0.0 0.0;
	0.0 0.0 0.0 0.0 0.0 0.0 0.0 0.0 0.0 0.0 0.0 0.0;
	0.0 0.0 0.0 0.0 0.0 0.0 0.0 0.0 0.0 0.0 0.0 0.0;
];
