function windprofile = ex_wind_profilesh1
%EX_WIND_PROFILE_D  Example wind_load_nyiso profile data for deterministic unit commitment.
% 2022.03.12
% Andres F. Ramirez


%% define constants
[GEN_BUS, PG, QG, QMAX, QMIN, VG, MBASE, GEN_STATUS, PMAX, PMIN, ...
    MU_PMAX, MU_PMIN, MU_QMAX, MU_QMIN, PC1, PC2, QC1MIN, QC1MAX, ...
    QC2MIN, QC2MAX, RAMP_AGC, RAMP_10, RAMP_30, RAMP_Q, APF] = idx_gen;
[CT_LABEL, CT_PROB, CT_TABLE, CT_TBUS, CT_TGEN, CT_TBRCH, CT_TAREABUS, ...
    CT_TAREAGEN, CT_TAREABRCH, CT_ROW, CT_COL, CT_CHGTYPE, CT_REP, ...
    CT_REL, CT_ADD, CT_NEWVAL, CT_TLOAD, CT_TAREALOAD, CT_LOAD_ALL_PQ, ...
    CT_LOAD_FIX_PQ, CT_LOAD_DIS_PQ, CT_LOAD_ALL_P, CT_LOAD_FIX_P, ...
    CT_LOAD_DIS_P, CT_TGENCOST, CT_TAREAGENCOST, CT_MODCOST_F, ...
    CT_MODCOST_X] = idx_ct;

windprofile = struct( ...
    'type', 'mpcData', ...
    'table', CT_TGEN, ...
    'rows', [1:45], ...
    'col', PMAX, ...
    'chgtype', 1, ...
    'values', [] );
windprofile.values(:,1,:) = [
	3.5045 47.3537 87.656 111.7443 14.3383 11.657 14.1338 17.584 25.9838 23.5833 43.5933 65.0326 97.9062 4.2363 11.7842 4.4396 5.5084 5.8373 14.3792 27.257 4.7113 27.1996 50.505 83.5683 100.5773 69.3953 7.6454 641.5125 386.8354 386.8354 190.2346 36.9908 47.9306 70.1597 13.2813 165.0498 492.0559 57.0215 272.5324 269.4034 12.5406 129.3148 110.5099 214.0103 497.1815;
	3.556 48.0496 86.9888 110.1717 14.5771 15.1497 13.5689 17.3402 25.7588 23.4673 43.3789 64.7129 97.4248 6.797 6.6215 2.4946 3.0952 3.28 12.1052 13.9201 4.523 35.3494 50.5191 82.5023 97.54 70.0801 6.9952 677.4512 379.665 379.665 159.6388 35.5561 40.3506 35.8303 21.3096 161.9904 485.7894 59.0012 291.7391 261.2679 13.553 168.061 110.1958 205.8252 490.8498;
	3.2225 43.5437 87.9413 109.7307 14.5613 12.0678 11.7888 17.8077 26.3396 23.5866 43.5995 65.0419 97.9202 7.0045 2.2416 0.8445 1.0478 1.1104 20.8711 17.731 3.9296 28.1582 57.5913 84.0455 99.1666 70.18 8.3463 596.1094 337.9412 337.9412 134.5735 33.2089 69.5705 45.6395 21.9601 144.1882 359.5422 41.8036 209.0827 265.6247 5.8814 133.872 88.5743 197.5023 363.2874;
	3.0294 40.9332 88.3158 108.2985 14.4649 11.9103 11.0204 18.0456 25.8211 24.4388 45.1748 67.3919 101.4581 11.0372 0.0 0.0 0.0 0.0 12.4639 18.4228 3.6735 27.7908 64.3631 86.9944 102.7614 73.2886 9.7682 500.6063 252.6123 252.6123 132.9385 27.8369 41.5464 47.4202 34.6032 107.7812 282.577 31.5276 155.6738 275.2537 0.0305 132.1255 78.9798 202.4248 285.5205;
	2.4815 33.5308 86.5907 108.4291 14.2048 13.592 9.6396 18.05 14.6914 22.5048 41.5998 62.0587 93.4291 16.0378 4.4315 1.6695 2.0715 2.1951 24.5503 24.3818 3.2132 31.7148 55.1314 85.9922 101.0523 73.6018 9.7259 409.9742 218.5667 218.5667 138.5369 29.6322 81.8343 62.7589 50.2806 93.2551 187.693 36.7096 152.7682 270.6757 13.344 150.7811 85.6835 212.2671 189.6481;
	3.069 41.4694 90.4916 111.6253 14.4965 22.0099 10.2449 17.3685 7.3465 18.5365 34.2644 51.1157 76.9545 28.95 5.3081 1.9998 2.4812 2.6294 34.8036 24.7168 3.415 51.3564 54.5684 86.115 102.3352 71.8425 6.5336 329.3131 202.2327 202.2327 129.3154 27.2399 116.0119 63.621 90.762 86.2859 160.4685 35.4249 151.6375 274.1121 12.1687 244.163 89.3983 226.8507 162.14;
	2.6318 35.562 91.4991 112.5984 14.2284 23.0222 10.4353 17.8475 9.1566 26.1046 48.254 71.9854 108.3737 42.2851 20.0406 7.5502 9.3678 9.9271 38.8996 39.9497 3.4784 53.7185 64.9587 87.6778 104.9077 74.8394 10.8164 257.3859 216.603 216.603 104.8212 16.2242 129.6652 102.8307 132.5694 92.4173 168.8075 22.2414 125.8767 281.0028 12.1941 255.393 91.1926 237.1889 170.5659;
	1.9704 26.6249 73.1561 112.4235 14.9374 18.8309 9.683 18.594 17.2759 27.934 51.6356 77.0302 115.9685 44.9002 18.6477 7.0254 8.7167 9.2371 53.7301 55.5471 3.2277 43.9389 70.8045 88.1877 102.9858 74.612 12.4392 122.7644 166.73 166.73 89.6685 10.4664 179.1003 142.9783 140.7683 71.1381 110.0525 20.0152 119.8811 275.8548 10.9576 208.898 89.3403 226.5212 111.1989;
	2.832 38.2662 84.3825 102.8523 14.1161 23.8843 9.0982 18.7071 17.5154 27.711 51.2234 76.4153 115.0428 46.4341 17.9313 6.7555 8.3818 8.8822 62.7592 57.9182 3.0327 55.73 73.1151 87.3419 102.8092 72.0554 12.4248 128.0322 137.265 137.265 79.019 6.6019 209.1973 149.0815 145.5773 58.5664 110.6203 23.2269 82.1111 275.3817 24.2072 264.9562 76.5371 233.8728 111.7726;
	1.9831 26.7966 87.7373 113.5797 12.9464 14.4166 8.2246 18.8273 22.9236 29.2997 54.1601 80.7962 121.6382 44.8574 0.0 0.0 0.0 0.0 65.4281 48.1227 2.7415 33.6387 72.7128 89.3278 105.7778 73.7308 13.1284 218.0608 210.5304 210.5304 84.5641 2.1311 218.0937 123.8679 140.6339 89.8263 192.822 18.1643 0.0 283.3335 80.9623 159.9278 76.4912 221.5008 194.8305;
	1.7299 23.375 82.4688 109.8922 12.8316 27.0811 10.3997 18.538 25.0942 30.1903 55.8064 83.2522 125.3357 50.9114 0.0 0.0 0.0 0.0 59.2264 36.3357 3.4666 63.1893 74.1625 89.3146 100.8175 75.312 13.2845 313.9877 275.2694 275.2694 135.8695 1.7968 197.4213 93.5283 159.614 117.4483 253.8894 20.1061 128.3485 270.047 28.2377 300.42 92.5139 202.0412 256.5341;
	1.6771 22.6615 85.8939 91.3387 12.1306 30.0423 15.9577 17.6824 24.9937 29.5172 54.5621 81.3959 122.541 50.6626 0.0 0.0 0.0 0.0 68.6732 53.4273 5.3192 70.0987 72.5129 85.4481 95.9857 70.745 12.5401 428.1365 333.2598 333.2598 231.0336 3.4668 228.9108 137.5221 158.834 142.1909 354.999 31.8311 118.9399 257.1046 9.0901 333.2694 100.1334 196.3338 358.6969;
	2.8686 38.7607 88.0406 86.4576 13.5166 29.6509 18.1864 16.7633 26.5208 29.776 55.0404 82.1094 123.6153 54.7047 27.8101 10.4773 12.9996 13.7757 80.914 62.13 6.0621 69.1854 73.4538 85.826 98.9542 70.5323 11.1144 630.3301 423.378 423.378 293.6628 19.0819 269.7134 159.9228 171.5067 180.6413 557.4719 52.8704 192.338 265.056 9.6574 328.9271 128.4043 228.1922 563.2789;
	3.4491 46.6051 86.6084 101.554 13.7553 29.0883 20.1078 16.5463 25.5771 29.4794 54.4922 81.2916 122.3841 52.0175 36.4789 13.7432 17.0517 18.0698 83.7365 56.1458 6.7026 67.8728 67.7715 86.9141 97.2272 69.5366 10.8928 788.4739 559.5833 559.5833 382.6074 21.8136 279.1216 144.5195 163.0819 238.7555 704.9208 75.1203 249.8241 260.4301 5.2953 322.6865 124.1882 249.5142 712.2637;
	3.5841 48.4289 86.2918 106.2102 13.746 30.777 21.5104 14.573 26.6405 24.8699 45.9717 68.5807 103.2479 56.3093 66.638 25.1055 31.1494 33.009 79.129 54.1126 7.1701 71.813 47.6182 84.8593 94.9875 65.5123 11.406 942.7112 605.5683 605.5683 448.3547 24.3925 263.7633 139.2861 176.5371 258.3758 822.3619 104.0207 362.1542 254.4308 0.1276 341.4194 129.583 242.3756 830.9282;
	3.6056 48.72 90.2641 109.8214 13.9523 32.7277 26.2301 15.9569 26.6058 18.7356 34.6325 51.6649 77.7812 59.7935 107.3508 40.4438 50.1803 53.1761 84.0726 63.4702 8.7434 76.3647 40.102 86.5992 97.7957 64.0397 11.7672 1103.9201 717.486 717.486 639.1757 41.0513 280.242 163.3725 187.4606 306.1274 973.4973 157.766 334.4483 261.9527 13.4795 363.0595 162.127 254.8932 983.6379;
	3.7298 50.3973 87.5705 111.4858 13.6631 32.6628 29.0146 17.1036 26.3539 11.8842 21.9678 32.7717 49.3376 60.9869 123.0213 46.3475 57.5053 60.9384 82.5699 66.7048 9.6715 76.2133 8.296 85.7192 102.2272 71.8567 12.3679 1084.8107 744.783 744.783 737.8851 74.2898 275.233 171.6983 191.2021 317.7741 1004.5449 215.0136 285.0767 273.8227 31.9205 362.3397 185.9179 263.4985 1015.0089;
	3.6845 49.7861 88.8155 110.7894 13.9368 32.8369 27.5103 17.4228 26.7532 9.5294 17.6149 26.278 39.5614 64.8821 148.6634 56.0081 69.4915 73.6402 85.4484 67.0871 9.1701 76.6195 16.467 84.9827 103.0187 71.3784 12.5602 1195.9206 793.131 793.131 747.2128 88.081 284.8279 172.6824 203.4141 338.4026 1124.2974 237.5972 397.7836 275.943 112.5313 364.2709 176.0769 258.5274 1136.0088;
	3.6376 49.1513 86.8273 109.737 13.9938 33.0391 29.7396 10.6457 27.4971 18.3344 33.8909 50.5586 76.1157 63.52 166.2696 62.6411 77.7214 82.3615 83.9398 65.6272 9.9132 77.0913 46.0222 82.3459 102.7631 57.4592 10.7185 1226.6712 828.1958 828.1958 705.6616 104.7831 279.7993 168.9246 199.1438 353.3635 1164.3322 246.8935 433.3504 275.2582 114.1327 366.5139 187.2746 256.994 1176.4607;
