function windprofile = ex_wind_profilesh1
%EX_WIND_PROFILE_D  Example wind_load_nyiso profile data for deterministic unit commitment.
% 2022.03.12
% Andres F. Ramirez


%% define constants
[GEN_BUS, PG, QG, QMAX, QMIN, VG, MBASE, GEN_STATUS, PMAX, PMIN, ...
    MU_PMAX, MU_PMIN, MU_QMAX, MU_QMIN, PC1, PC2, QC1MIN, QC1MAX, ...
    QC2MIN, QC2MAX, RAMP_AGC, RAMP_10, RAMP_30, RAMP_Q, APF] = idx_gen;
[CT_LABEL, CT_PROB, CT_TABLE, CT_TBUS, CT_TGEN, CT_TBRCH, CT_TAREABUS, ...
    CT_TAREAGEN, CT_TAREABRCH, CT_ROW, CT_COL, CT_CHGTYPE, CT_REP, ...
    CT_REL, CT_ADD, CT_NEWVAL, CT_TLOAD, CT_TAREALOAD, CT_LOAD_ALL_PQ, ...
    CT_LOAD_FIX_PQ, CT_LOAD_DIS_PQ, CT_LOAD_ALL_P, CT_LOAD_FIX_P, ...
    CT_LOAD_DIS_P, CT_TGENCOST, CT_TAREAGENCOST, CT_MODCOST_F, ...
    CT_MODCOST_X] = idx_ct;

windprofile = struct( ...
    'type', 'mpcData', ...
    'table', CT_TGEN, ...
    'rows', [1:45], ...
    'col', PMAX, ...
    'chgtype', 1, ...
    'values', [] );
windprofile.values(:,1,:) = [
	3.671 49.6038 88.1214 112.6403 14.6115 15.3113 15.3308 17.8983 26.5345 25.4303 47.0075 70.1259 105.5742 7.19 7.4418 2.8037 3.4786 3.6863 15.0738 17.4029 5.1103 35.7263 55.8413 83.511 100.8123 70.9076 8.2453 707.4618 387.1251 387.1251 195.9891 34.6739 50.2461 44.7952 22.5416 165.1734 490.7784 51.2604 305.2799 270.0331 15.7197 169.853 117.859 233.5603 495.8907;
	3.607 48.7387 86.8573 110.0611 14.5333 16.2572 13.1417 17.6924 25.4896 25.8164 47.7211 71.1905 107.177 6.347 7.3173 2.7568 3.4204 3.6246 13.4982 10.3101 4.3806 37.9334 64.6308 84.4823 101.5256 71.7866 8.2537 682.2437 370.6266 370.6266 168.7329 29.4243 44.9942 26.5382 19.8988 158.134 469.0847 51.1303 287.1007 271.9436 11.4858 180.3462 110.363 226.8516 473.971;
	3.1932 43.1476 87.3407 113.3996 14.3947 12.66 12.6314 18.4369 26.385 25.0905 46.3794 69.189 104.1637 7.8709 3.2598 1.2281 1.5238 1.6147 19.9052 17.5257 4.2105 29.54 68.0002 87.2524 100.9517 74.8276 9.1091 627.8898 329.2034 329.2034 147.2737 30.1759 66.3506 45.1113 24.6763 140.4601 386.2141 38.5684 238.3179 270.4064 16.1566 140.4417 89.6849 212.9444 390.2372;
	2.7525 37.1924 85.488 108.5213 13.9401 11.6455 11.7193 18.0139 25.8454 23.8364 44.0613 65.7308 98.9573 9.3133 9.0224 3.3991 4.2174 4.4692 10.7694 18.2063 3.9064 27.1729 66.9645 84.739 99.7029 75.5953 10.0989 511.5606 263.0125 263.0125 162.3902 28.6011 35.898 46.8629 29.1985 112.2187 310.1265 31.1145 173.4131 267.0613 10.1638 129.1875 76.3162 213.4669 313.357;
	2.0224 27.3271 77.3722 109.1293 13.3287 13.1638 10.0983 18.0224 14.9897 21.9236 40.5255 60.456 91.0162 12.8544 14.2651 5.3743 6.6681 7.0662 17.1559 21.4402 3.3661 30.7156 54.6133 84.0869 98.6588 73.878 10.1117 378.8498 189.9494 189.9494 146.7162 26.4373 57.1864 55.1871 40.3003 81.0451 186.1285 29.3817 158.8539 264.2647 13.4359 146.0308 78.9665 211.932 188.0674;
	2.8874 39.015 84.3436 110.9153 13.2008 21.3368 11.0518 17.9194 9.5896 18.887 34.9123 52.0823 78.4096 26.1057 13.6421 5.1396 6.3769 6.7576 27.7037 16.0936 3.6839 49.7859 51.1181 84.1773 97.2801 72.267 8.5321 290.0574 171.3828 171.3828 124.3304 24.7603 92.3458 41.4249 81.8449 73.1233 143.52 27.8776 182.5957 260.5717 11.7292 236.6965 85.693 210.9153 145.015;
	2.2708 30.6833 77.2083 109.6569 11.4481 20.353 11.491 16.3514 11.2107 25.7669 47.6296 71.0541 106.9715 34.6556 24.4975 9.2293 11.4512 12.1348 34.3225 24.2937 3.8303 47.4902 55.3717 81.771 95.1589 70.8609 10.7267 190.4554 171.7685 171.7685 80.3381 15.4882 114.4084 62.532 108.65 73.2879 154.2957 16.3664 138.224 254.89 6.814 225.7822 87.33 210.9006 155.9029;
	1.7596 23.7761 66.0995 113.2724 13.9362 18.9183 11.4857 17.098 16.3983 27.4919 50.8183 75.8109 114.133 41.9104 18.7344 7.0581 8.7572 9.28 51.3096 41.2834 3.8286 44.1428 68.5903 83.1573 98.1104 70.6787 12.3735 76.8771 150.0074 150.0074 69.2746 8.2505 171.032 106.2636 131.3949 64.0031 98.912 14.5731 161.1244 262.7956 8.4682 209.8674 93.5213 205.1971 99.9424;
	2.653 35.8478 79.0382 99.6974 14.1621 23.473 10.2734 15.5483 19.0714 27.9139 51.5984 76.9747 115.8849 43.3147 18.0434 6.7977 8.4342 8.9378 67.1129 44.3929 3.4245 54.7704 69.336 82.3402 96.9425 68.7504 11.6611 119.8035 132.5614 132.5614 85.2372 6.2539 223.7096 114.2675 135.7976 56.5595 112.4435 17.672 121.3127 259.6673 19.247 260.3942 84.2429 230.488 113.6147;
	1.8764 25.3547 76.227 101.352 12.6642 14.1165 9.0345 15.6946 24.5276 28.5492 52.7728 78.7266 118.5224 42.5444 0.0 0.0 0.0 0.0 69.1757 28.0079 3.0115 32.9386 68.9023 79.1261 95.8597 68.1357 11.5707 214.1278 212.3413 212.3413 92.0035 7.4321 230.5858 72.0925 133.3825 90.599 207.2141 17.7459 0.0 256.7671 7.0598 156.5995 80.198 210.419 209.3726;
	1.5925 21.5184 69.4073 98.941 11.5316 24.8034 13.5686 15.8853 25.855 28.5114 52.7028 78.6222 118.3653 48.1814 0.0 0.0 0.0 0.0 60.8117 23.9456 4.5229 57.8747 68.2752 80.1243 88.7608 69.5058 11.0214 349.0899 278.8211 278.8211 162.2475 13.0644 202.7056 61.6361 151.0552 118.9637 322.3444 23.7381 149.8079 237.7522 3.3452 275.1528 92.0858 179.7119 325.7021;
	1.5304 20.6785 72.7981 85.3068 11.0427 29.4676 18.8352 15.981 26.2308 28.5313 52.7396 78.6772 118.448 51.8192 0.0 0.0 0.0 0.0 72.2428 39.7358 6.2784 68.7578 68.688 79.4363 93.9178 69.7732 11.3641 425.8506 355.787 355.787 265.4802 11.9551 240.8095 102.2802 162.4603 151.8025 434.4286 36.9235 187.014 251.5656 55.139 326.8943 99.6152 175.5049 438.9539;
	2.748 37.1317 80.9694 87.9027 13.0338 29.9605 20.1285 13.977 26.347 28.9168 53.4523 79.7403 120.0486 55.4105 20.3632 7.6717 9.5186 10.0869 75.4213 53.2892 6.7095 69.9079 70.1494 78.5967 94.3405 66.5232 10.3717 604.8581 443.53 443.53 308.6648 20.3938 251.4044 137.1666 173.7195 189.2395 605.379 49.2685 217.5423 252.6977 21.8405 332.3623 127.8283 208.316 611.685;
	3.2463 43.8644 77.7459 103.9019 12.9665 29.2472 22.0065 13.4275 26.0957 28.9802 53.5694 79.915 120.3116 57.8522 45.9954 17.3285 21.5002 22.7838 85.224 50.886 7.3355 68.2435 64.6257 76.9719 87.8226 66.7119 9.1578 748.0109 586.3202 586.3202 409.777 25.8494 284.0801 130.9806 181.3745 250.1633 724.4898 80.2526 291.9969 235.2391 17.0263 324.4491 120.001 248.9624 732.0366;
	3.5903 48.5125 83.9464 104.6718 13.3328 31.826 25.1651 13.8158 26.5578 25.6281 47.3731 70.6714 106.3954 60.6006 74.9509 28.2373 35.0352 37.1268 81.5507 45.7081 8.3884 74.2607 41.6779 82.2672 90.9181 69.1005 11.3713 940.2892 653.5798 653.5798 508.6289 30.7326 271.8356 117.6528 189.9911 278.8607 903.8744 113.8388 422.936 243.5307 27.1017 353.0566 140.7048 260.8055 913.2898;
	3.6494 49.3109 86.5247 106.5017 14.1432 32.1711 28.2619 13.6041 26.7225 20.2152 37.3676 55.7451 83.9239 61.4817 119.2873 44.9408 55.7599 59.0888 86.201 47.176 9.4206 75.066 39.9751 80.2405 90.233 64.3894 11.1905 1033.8955 707.7005 707.7005 699.2265 45.269 287.3367 121.4311 192.7533 301.9522 973.5878 165.0303 387.3792 241.6955 8.9305 356.8851 152.0667 266.0016 983.7293;
	3.565 48.1706 86.782 109.9728 14.0532 31.9136 30.3025 16.4862 26.6289 20.5796 38.041 56.7497 85.4364 65.9741 158.0794 59.5555 73.8929 78.3045 88.9167 67.2749 10.1008 74.4651 28.9995 81.8389 92.9162 71.1909 11.8888 1013.743 735.7193 735.7193 719.3263 75.0866 296.389 173.1658 206.8377 313.9069 964.9246 211.1506 415.6378 248.8826 29.6133 354.0284 193.1404 273.5182 974.9759;
	3.7703 50.945 91.4511 114.7371 14.7362 32.0299 29.7861 17.6566 26.0849 19.7686 36.5419 54.5133 82.0695 66.8161 179.9088 67.7796 84.0969 89.1176 91.6147 69.626 9.9287 74.7365 38.1018 83.1727 98.3425 72.6384 13.05 1089.8713 757.159 757.159 723.541 89.1935 305.3824 179.2174 209.4776 323.0545 1003.2157 229.5406 445.8885 263.4173 115.9643 355.3187 181.1864 267.0886 1013.6659;
	3.7134 50.1765 90.199 116.9035 14.7628 32.1237 31.5698 11.6357 25.9169 20.163 37.2709 55.6009 83.7069 67.1393 184.3573 69.4555 86.1763 91.3212 90.6158 66.8023 10.5233 74.9554 47.6428 82.0326 99.6274 60.6182 12.4547 1173.5515 791.2246 791.2246 688.8036 100.9527 302.0526 171.9492 210.4907 337.5892 1091.558 237.9139 456.7723 266.859 122.0673 356.3593 193.3163 276.3615 1102.9284;
