function loadprofile = ex_load_profilesh1
%EX_LOAD_PROFILE  Example load profile data file for stochastic unit commitment.
% 2022.03.12
% Andres F. Ramirez

%% define constants
[CT_LABEL, CT_PROB, CT_TABLE, CT_TBUS, CT_TGEN, CT_TBRCH, CT_TAREABUS, ...
    CT_TAREAGEN, CT_TAREABRCH, CT_ROW, CT_COL, CT_CHGTYPE, CT_REP, ...
    CT_REL, CT_ADD, CT_NEWVAL, CT_TLOAD, CT_TAREALOAD, CT_LOAD_ALL_PQ, ...
    CT_LOAD_FIX_PQ, CT_LOAD_DIS_PQ, CT_LOAD_ALL_P, CT_LOAD_FIX_P, ...
    CT_LOAD_DIS_P, CT_TGENCOST, CT_TAREAGENCOST, CT_MODCOST_F, ...
    CT_MODCOST_X] = idx_ct;

loadprofile = struct( ...
    'type', 'mpcData', ...
    'table', CT_TAREALOAD, ...
    'rows', [1:11], ...
    'col', CT_LOAD_ALL_P, ...
    'chgtype', 1, ...
    'values', [] );
loadprofile.values(:,1,:) = [
	1519.4946 891.8218 1521.6342 580.8 800.3285 1218.7492 854.8096 248.0829 498.4 4482.3584 1700.9127;
	1508.8182 909.6399 1526.6076 580.5767 794.5 1185.7836 862.355 256.2334 515.0298 4461.0753 1705.3;
	1523.9365 921.3 1547.5874 585.9634 810.5222 1179.4 864.2 256.6 523.6 4526.7697 1744.4887;
	1598.9 982.2 1640.9158 589.6806 865.3939 1236.9 909.6 266.5987 556.4 4728.0162 1839.8521;
	1740.9151 1107.3717 1850.5266 603.4761 1002.8915 1398.1282 1036.5395 308.2 635.5189 5305.1428 2082.3953;
	1876.2758 1187.6325 1967.5865 594.9923 1055.5879 1479.9369 1072.7 332.9094 690.6 5781.8555 2182.7203;
	1868.4603 1201.6825 2005.1201 577.8949 1085.5724 1463.4783 1104.294 350.4289 707.5 6103.5236 2244.981;
	1847.0323 1201.5375 1986.0027 588.6484 1052.3638 1446.8827 1118.7281 351.269 696.8997 6294.4407 2226.9;
	1816.1 1214.842 2000.8582 579.9213 1086.6172 1451.6687 1138.0081 364.1982 711.9811 6403.7495 2336.0487;
	1771.3769 1208.043 1949.5889 565.9255 1038.0064 1387.1533 1089.8864 374.1933 691.8802 6446.0657 2285.2172;
	1814.851 1224.3 1959.7742 555.5 1021.4634 1354.0577 1097.9492 367.1737 689.0479 6446.5829 2299.6469;
	1808.5196 1189.1 1947.5985 542.0854 1016.8931 1329.7787 1057.7993 375.8058 681.2873 6389.2651 2227.7332;
	1778.1456 1171.1303 1880.6892 547.6331 994.1381 1318.1592 1039.5081 357.444 679.5977 6473.7698 2271.6929;
	1683.7028 1128.1798 1814.2632 541.9709 967.0 1324.7669 1038.1702 330.2 679.039 6315.5328 2238.2526;
	1638.6313 1093.2336 1805.2445 545.3 964.0693 1374.798 1033.0795 332.2 667.4 6270.7908 2208.1939;
	1566.3593 1062.8063 1746.5904 548.2 954.2476 1397.4511 1043.5669 325.9244 679.9414 6248.9486 2231.0603;
	1578.8567 1094.887 1780.3365 559.1792 974.7 1424.2753 1040.9183 332.4608 676.9315 6037.8 2282.5326;
	1691.6184 1161.8886 1899.2883 564.1933 1064.4786 1523.8663 1128.3043 358.8591 728.1079 6019.9945 2412.439;
	1786.6 1176.4517 1960.0472 559.5783 1090.5405 1508.7062 1132.0049 368.7985 723.7 5966.9239 2432.5017;
	1709.7 1123.5699 1887.8871 563.4709 1026.4797 1458.7104 1097.3186 349.2775 711.4695 5811.8781 2338.2347;
	1626.3833 1022.5952 1736.4083 533.2 963.5796 1348.7482 1012.015 325.5475 639.8 5520.7858 2173.9897;
	1514.8471 953.5139 1646.2841 535.1 885.3086 1241.8664 925.9 281.1413 577.9322 5156.0021 1961.6838;
	1528.5492 916.935 1608.3402 534.2481 857.0286 1200.0698 888.7125 243.4 537.7989 4750.7241 1829.4;
	1454.0465 874.9955 1532.6961 531.0445 824.3405 1167.037 833.0597 226.239 511.0105 4528.2217 1756.1415;
];
