function loadprofile = ex_load_profilesh1
%EX_LOAD_PROFILE  Example load profile data file for stochastic unit commitment.
% 2022.03.12
% Andres F. Ramirez

%% define constants
[CT_LABEL, CT_PROB, CT_TABLE, CT_TBUS, CT_TGEN, CT_TBRCH, CT_TAREABUS, ...
    CT_TAREAGEN, CT_TAREABRCH, CT_ROW, CT_COL, CT_CHGTYPE, CT_REP, ...
    CT_REL, CT_ADD, CT_NEWVAL, CT_TLOAD, CT_TAREALOAD, CT_LOAD_ALL_PQ, ...
    CT_LOAD_FIX_PQ, CT_LOAD_DIS_PQ, CT_LOAD_ALL_P, CT_LOAD_FIX_P, ...
    CT_LOAD_DIS_P, CT_TGENCOST, CT_TAREAGENCOST, CT_MODCOST_F, ...
    CT_MODCOST_X] = idx_ct;

loadprofile = struct( ...
    'type', 'mpcData', ...
    'table', CT_TAREALOAD, ...
    'rows', [1:11], ...
    'col', CT_LOAD_ALL_P, ...
    'chgtype', 1, ...
    'values', [] );
loadprofile.values(:,1,:) = [
	1505.8995 933.7534 1567.4697 567.078 824.7 1134.882 875.7907 272.3727 526.1266 4542.1135 1677.8865;
	1502.1576 932.7167 1555.4 569.6467 818.5006 1133.5216 851.963 288.7 517.0272 4500.7 1660.6894;
	1547.1 947.0224 1580.8441 574.7502 800.6314 1145.3252 865.7538 298.4484 533.6 4525.9181 1702.6;
	1620.2077 1010.1 1662.651 588.2 847.4 1215.9651 914.1 295.6 553.7852 4752.6243 1790.3532;
	1765.1628 1127.9 1820.9616 610.792 946.7393 1346.6229 995.0761 311.2646 621.0441 5155.3471 2002.825;
	1873.6869 1207.5 1932.4611 611.5 996.0 1451.9931 1084.7 336.9055 686.1008 5714.9833 2188.604;
	1873.4651 1213.4174 1925.4477 597.3 951.5263 1447.4454 1097.9794 333.0185 701.6932 6028.9366 2224.1424;
	1892.9897 1213.6508 1873.1393 574.8017 918.4253 1373.756 1084.0247 314.7765 717.5371 6147.5223 2196.2568;
	1935.7 1240.6 1881.1146 566.0 915.3908 1355.5562 1077.3135 312.2179 704.136 6287.5958 2205.1311;
	1991.1364 1267.4385 1940.012 557.1716 928.5534 1324.4802 1062.6264 307.137 705.745 6319.5768 2237.7879;
	1956.3394 1243.4547 1863.9896 553.4865 910.059 1301.1968 1102.3536 303.9023 699.1 6299.2459 2205.0413;
	1930.2642 1226.0975 1844.4726 546.063 887.379 1322.2971 1094.4656 300.9414 693.9488 6194.2617 2106.358;
	1890.9918 1204.0683 1830.8191 549.7729 887.6111 1320.7454 1075.8943 291.4641 679.0224 6088.8531 2114.7523;
	1845.4461 1197.8419 1761.6247 561.8 831.8995 1363.187 1038.5543 279.0245 692.7242 6038.5104 2126.2;
	1814.9243 1196.9617 1784.3739 569.6665 858.3666 1354.7614 1039.1601 287.2163 683.4321 6145.2 2122.5826;
	1805.3453 1184.9927 1834.3492 565.3778 887.8 1383.7634 1089.3039 310.7278 693.3988 6192.5994 2234.5085;
	1789.1351 1182.3336 1841.9008 577.6 912.1344 1412.7308 1075.3231 319.0868 678.5073 6029.682 2250.3;
	1867.9894 1281.5207 1973.0722 586.7 968.1619 1490.8 1178.4231 323.7497 716.3 6079.9335 2385.2487;
	1940.5371 1266.809 1919.1137 591.9485 906.4354 1446.6 1180.9159 317.4993 717.5367 5850.4661 2330.1651;
	1805.9935 1168.9063 1819.1449 568.3733 846.4585 1364.8542 1100.0097 276.5885 681.4067 5507.2745 2198.9781;
	1706.7054 1087.0259 1686.0444 556.508 759.4159 1256.3389 1000.2336 244.9345 616.7 5036.835 1945.0024;
	1625.9672 1012.9358 1589.1652 556.2 745.4739 1161.1911 911.4 224.5419 570.7701 4738.0117 1805.9122;
	1614.679 945.3 1558.5249 550.7077 766.5676 1160.9254 840.3612 205.5811 545.3163 4064.5705 1694.7658;
	1542.827 912.7 1511.0826 552.7 736.4312 1125.3 796.1157 206.7654 499.7621 3892.6563 1532.6929;
];
