function loadprofile = ex_load_profilesh1
%EX_LOAD_PROFILE  Example load profile data file for stochastic unit commitment.
% 2022.03.12
% Andres F. Ramirez

%% define constants
[CT_LABEL, CT_PROB, CT_TABLE, CT_TBUS, CT_TGEN, CT_TBRCH, CT_TAREABUS, ...
    CT_TAREAGEN, CT_TAREABRCH, CT_ROW, CT_COL, CT_CHGTYPE, CT_REP, ...
    CT_REL, CT_ADD, CT_NEWVAL, CT_TLOAD, CT_TAREALOAD, CT_LOAD_ALL_PQ, ...
    CT_LOAD_FIX_PQ, CT_LOAD_DIS_PQ, CT_LOAD_ALL_P, CT_LOAD_FIX_P, ...
    CT_LOAD_DIS_P, CT_TGENCOST, CT_TAREAGENCOST, CT_MODCOST_F, ...
    CT_MODCOST_X] = idx_ct;

loadprofile = struct( ...
    'type', 'mpcData', ...
    'table', CT_TAREALOAD, ...
    'rows', [1:11], ...
    'col', CT_LOAD_ALL_P, ...
    'chgtype', 1, ...
    'values', [] );
loadprofile.values(:,1,:) = [
	1479.3972 881.7631 1550.1626 529.2 818.6902 1168.6 868.5254 261.2246 497.1 4605.9199 1723.8272;
	1486.0842 890.3 1591.7 550.8799 821.9951 1204.2823 878.0 271.885 481.2025 4564.6725 1716.9747;
	1500.2133 905.2379 1627.4043 535.7 836.0187 1217.6 898.9309 283.884 500.2106 4640.0388 1767.5939;
	1535.5 963.1338 1714.8245 552.5936 888.087 1254.7115 931.9367 286.543 519.4544 4773.0781 1856.1;
	1662.195 1090.179 1928.9155 586.1944 1007.611 1421.1 1047.0701 319.9933 575.2504 5260.6 2088.3706;
	1799.165 1153.8626 2007.9704 569.676 1038.2 1484.9291 1103.8512 347.0022 654.8129 5735.1581 2214.3511;
	1818.4 1192.5 2025.169 577.729 1061.2319 1470.4396 1142.535 360.7587 673.3737 6020.7989 2281.8942;
	1860.8858 1212.7817 2048.9732 571.3688 1056.4 1437.5 1206.9605 353.2133 688.454 6241.3099 2310.9372;
	1881.3065 1215.1819 2047.3859 570.4 1044.8852 1415.744 1212.4767 346.26 696.5532 6276.3365 2345.6783;
	1872.5883 1207.1447 2006.8334 545.4973 1020.4123 1410.1741 1204.7032 347.3591 687.007 6322.9068 2326.5612;
	1859.3536 1184.8464 2009.1079 543.2744 985.6 1413.5645 1215.9018 356.8595 680.7641 6387.0891 2368.5786;
	1816.9971 1144.1107 1943.6638 522.8114 949.8265 1346.1887 1174.4487 343.2227 665.0469 6318.9439 2304.0;
	1780.0625 1136.002 1900.9795 528.6522 942.4565 1339.439 1221.0288 331.5742 674.0102 6351.3615 2299.961;
	1707.6568 1063.2684 1829.8825 512.9642 900.2361 1301.9354 1178.3392 324.1 666.6438 6333.7353 2286.7091;
	1715.8971 1015.4939 1780.4575 510.3656 857.2987 1319.9622 1135.8924 318.8258 662.8 6306.6378 2188.0534;
	1640.9754 1006.3786 1751.4532 514.9763 860.0595 1350.2941 1155.9853 321.5398 659.7086 6303.9483 2206.7641;
	1641.6257 1071.4649 1804.0223 523.2444 911.5959 1406.0922 1134.3803 354.2472 679.5514 6221.4906 2313.5491;
	1691.309 1118.0454 1856.1294 529.0911 953.9729 1425.9402 1251.5149 383.587 729.2107 6424.6636 2455.6666;
	1681.0 1115.74 1847.3695 551.5986 954.4866 1405.2657 1212.8248 365.5983 718.5 6109.1307 2412.3343;
	1665.083 1074.7656 1762.399 547.197 931.4076 1347.3926 1175.6302 357.5494 673.1733 6031.6506 2314.4402;
	1576.4508 997.0785 1660.9762 522.1 879.4693 1269.1371 1080.5099 324.8154 629.4 5692.9213 2173.8553;
	1463.1952 914.2144 1565.5161 497.8912 823.5 1178.6838 978.5188 279.7 551.2903 5150.9697 1942.1321;
	1457.4316 856.9532 1523.2483 512.2566 801.2457 1139.5 907.4329 258.7 470.9687 4741.0424 1738.8968;
	1479.2889 860.5226 1534.0391 512.9599 813.5191 1173.416 926.7911 286.4632 487.2054 4592.097 1688.7;
];
