function solarprofile = ex_solar_profilesh1
%EX_WIND_PROFILE_D  Example wind_load_nyiso profile data for deterministic unit commitment.
% 2022.03.12
% Andres F. Ramirez


%% define constants
[GEN_BUS, PG, QG, QMAX, QMIN, VG, MBASE, GEN_STATUS, PMAX, PMIN, ...
    MU_PMAX, MU_PMIN, MU_QMAX, MU_QMIN, PC1, PC2, QC1MIN, QC1MAX, ...
    QC2MIN, QC2MAX, RAMP_AGC, RAMP_10, RAMP_30, RAMP_Q, APF] = idx_gen;
[CT_LABEL, CT_PROB, CT_TABLE, CT_TBUS, CT_TGEN, CT_TBRCH, CT_TAREABUS, ...
    CT_TAREAGEN, CT_TAREABRCH, CT_ROW, CT_COL, CT_CHGTYPE, CT_REP, ...
    CT_REL, CT_ADD, CT_NEWVAL, CT_TLOAD, CT_TAREALOAD, CT_LOAD_ALL_PQ, ...
    CT_LOAD_FIX_PQ, CT_LOAD_DIS_PQ, CT_LOAD_ALL_P, CT_LOAD_FIX_P, ...
    CT_LOAD_DIS_P, CT_TGENCOST, CT_TAREAGENCOST, CT_MODCOST_F, ...
    CT_MODCOST_X] = idx_ct;

solarprofile = struct( ...
    'type', 'mpcData', ...
    'table', CT_TGEN, ...
    'rows', [1:12], ...
    'col', PMAX, ...
    'chgtype', 1, ...
    'values', [] );
solarprofile.values(:,1,:) = [
	0.0 0.0 0.0 0.0 0.0 0.0 0.0 0.0 0.0 0.0 0.0 0.0;
	0.0 0.0 0.0 0.0 0.0 0.0 0.0 0.0 0.0 0.0 0.0 0.0;
	0.0 0.0 0.0 0.0 0.0 0.0 0.0 0.0 0.0 0.0 0.0 0.0;
	0.0 0.0 0.0 0.0 0.0 0.0 0.0 0.0 0.0 0.0 0.0 0.0;
	0.0 0.0 0.0 0.0 0.0 0.0 0.0 0.0 0.0 0.0 0.0 0.0;
	0.0951 0.0972 0.1051 0.0 0.0 1.9773 0.2472 0.6284 0.6597 0.0 0.0 0.0;
	3.8268 1.7636 2.2779 2.4595 4.2651 39.8112 4.9764 15.8324 16.3009 14.1585 0.0 25.6411;
	6.4231 3.0071 3.6885 5.6105 7.1099 53.4553 6.6819 16.4224 12.7728 75.7323 22.906 137.1517;
	6.0557 2.4687 2.4836 9.0362 9.326 62.9595 7.8699 16.287 20.8578 206.7083 64.6864 374.35;
	8.6503 1.9603 1.6881 10.8455 11.365 284.9184 35.6148 53.3085 188.5038 258.9795 121.5317 469.0135;
	12.8937 4.8541 2.9963 11.0843 11.0637 242.0603 30.2575 60.3527 163.9214 274.451 144.3456 497.0324;
	19.951 13.1557 8.9093 10.8127 10.4967 286.7713 35.8464 64.572 182.9497 248.6348 113.2378 450.279;
	24.83 16.6286 13.7384 4.7247 5.6005 378.108 47.2635 68.5891 233.0357 171.5157 62.23 310.616;
	22.9471 16.4965 13.8537 4.983 6.1561 381.7354 47.7169 65.3155 245.3284 180.5082 95.5059 326.9014;
	19.1132 14.81 11.876 3.873 7.1703 338.1729 42.2716 59.1423 236.5823 134.54 102.3706 243.6527;
	8.3513 6.6009 5.161 2.1672 7.3644 34.0237 4.253 12.4875 67.8148 22.5886 28.6386 40.908;
	1.268 1.1934 0.7344 0.711 2.0052 37.4639 4.683 10.4089 25.8414 10.8732 8.0071 19.6914;
	0.0 0.0 0.0 0.0 0.0 0.0 0.0 0.0 0.0 0.0 0.0 0.0;
	0.0 0.0 0.0 0.0 0.0 0.0 0.0 0.0 0.0 0.0 0.0 0.0;
	0.0 0.0 0.0 0.0 0.0 0.0 0.0 0.0 0.0 0.0 0.0 0.0;
	0.0 0.0 0.0 0.0 0.0 0.0 0.0 0.0 0.0 0.0 0.0 0.0;
	0.0 0.0 0.0 0.0 0.0 0.0 0.0 0.0 0.0 0.0 0.0 0.0;
	0.0 0.0 0.0 0.0 0.0 0.0 0.0 0.0 0.0 0.0 0.0 0.0;
	0.0 0.0 0.0 0.0 0.0 0.0 0.0 0.0 0.0 0.0 0.0 0.0;
];
