function solarprofile = ex_solar_profilesh1
%EX_WIND_PROFILE_D  Example wind_load_nyiso profile data for deterministic unit commitment.
% 2022.03.12
% Andres F. Ramirez


%% define constants
[GEN_BUS, PG, QG, QMAX, QMIN, VG, MBASE, GEN_STATUS, PMAX, PMIN, ...
    MU_PMAX, MU_PMIN, MU_QMAX, MU_QMIN, PC1, PC2, QC1MIN, QC1MAX, ...
    QC2MIN, QC2MAX, RAMP_AGC, RAMP_10, RAMP_30, RAMP_Q, APF] = idx_gen;
[CT_LABEL, CT_PROB, CT_TABLE, CT_TBUS, CT_TGEN, CT_TBRCH, CT_TAREABUS, ...
    CT_TAREAGEN, CT_TAREABRCH, CT_ROW, CT_COL, CT_CHGTYPE, CT_REP, ...
    CT_REL, CT_ADD, CT_NEWVAL, CT_TLOAD, CT_TAREALOAD, CT_LOAD_ALL_PQ, ...
    CT_LOAD_FIX_PQ, CT_LOAD_DIS_PQ, CT_LOAD_ALL_P, CT_LOAD_FIX_P, ...
    CT_LOAD_DIS_P, CT_TGENCOST, CT_TAREAGENCOST, CT_MODCOST_F, ...
    CT_MODCOST_X] = idx_ct;

solarprofile = struct( ...
    'type', 'mpcData', ...
    'table', CT_TGEN, ...
    'rows', [1:12], ...
    'col', PMAX, ...
    'chgtype', 1, ...
    'values', [] );
solarprofile.values(:,1,:) = [
	0.0 0.0 0.0 0.0 0.0 0.0 0.0 0.0 0.0 0.0 0.0 0.0;
	0.0 0.0 0.0 0.0 0.0 0.0 0.0 0.0 0.0 0.0 0.0 0.0;
	0.0 0.0 0.0 0.0 0.0 0.0 0.0 0.0 0.0 0.0 0.0 0.0;
	0.0 0.0 0.0 0.0 0.0 0.0 0.0 0.0 0.0 0.0 0.0 0.0;
	0.0 0.0 0.0 0.0 0.0 0.0 0.0 0.0 0.0 0.0 0.0 0.0;
	0.1034 0.1184 0.1257 0.0 0.0 0.1662 0.0208 0.6284 0.0 0.0 0.0 0.0;
	2.4466 1.9744 3.0972 1.832 4.5189 48.4274 6.0534 9.625 2.3165 25.2115 4.7058 45.6582;
	7.1071 6.1653 5.6673 5.7859 10.7815 65.8092 8.2262 6.3949 18.5873 61.6288 37.8364 111.6102;
	10.7242 9.54 7.5125 9.5023 12.3123 93.1911 11.6489 7.7328 60.6782 153.7052 100.7008 278.3611;
	14.0638 11.9946 10.6154 11.4883 13.1717 376.6111 47.0764 61.3287 261.4069 256.9486 91.2214 465.3355;
	11.6177 11.9453 12.0061 11.3741 12.9514 394.991 49.3739 62.4798 276.9715 303.5661 152.1617 549.76;
	15.6782 14.3464 12.9883 11.2079 12.3763 410.4179 51.3022 63.4816 279.7247 312.3093 168.6752 565.594;
	23.9809 16.5824 13.7384 3.9599 7.4946 393.212 49.1515 66.0345 269.9556 248.9944 123.3057 450.9304;
	20.4882 15.8232 13.1175 2.8947 6.6714 373.3719 46.6715 65.2717 256.9923 222.0585 92.4354 402.1493;
	11.9546 8.443 7.9351 1.9989 6.1446 310.8253 38.8532 61.343 226.2795 216.9885 81.1666 392.9675;
	1.3677 0.827 1.2252 1.4365 4.2982 60.2729 7.5341 21.7148 36.714 198.6633 27.1623 359.7805;
	0.8987 0.7338 0.5349 0.6763 1.5585 48.0743 6.0093 8.0717 25.8879 36.5177 12.1262 66.1339;
	0.0 0.0 0.0 0.0 0.0 0.0 0.0 0.0 0.0 0.0 0.0 0.0;
	0.0 0.0 0.0 0.0 0.0 0.0 0.0 0.0 0.0 0.0 0.0 0.0;
	0.0 0.0 0.0 0.0 0.0 0.0 0.0 0.0 0.0 0.0 0.0 0.0;
	0.0 0.0 0.0 0.0 0.0 0.0 0.0 0.0 0.0 0.0 0.0 0.0;
	0.0 0.0 0.0 0.0 0.0 0.0 0.0 0.0 0.0 0.0 0.0 0.0;
	0.0 0.0 0.0 0.0 0.0 0.0 0.0 0.0 0.0 0.0 0.0 0.0;
	0.0 0.0 0.0 0.0 0.0 0.0 0.0 0.0 0.0 0.0 0.0 0.0;
];
