function solarprofile = ex_solar_profilesh1
%EX_WIND_PROFILE_D  Example wind_load_nyiso profile data for deterministic unit commitment.
% 2022.03.12
% Andres F. Ramirez


%% define constants
[GEN_BUS, PG, QG, QMAX, QMIN, VG, MBASE, GEN_STATUS, PMAX, PMIN, ...
    MU_PMAX, MU_PMIN, MU_QMAX, MU_QMIN, PC1, PC2, QC1MIN, QC1MAX, ...
    QC2MIN, QC2MAX, RAMP_AGC, RAMP_10, RAMP_30, RAMP_Q, APF] = idx_gen;
[CT_LABEL, CT_PROB, CT_TABLE, CT_TBUS, CT_TGEN, CT_TBRCH, CT_TAREABUS, ...
    CT_TAREAGEN, CT_TAREABRCH, CT_ROW, CT_COL, CT_CHGTYPE, CT_REP, ...
    CT_REL, CT_ADD, CT_NEWVAL, CT_TLOAD, CT_TAREALOAD, CT_LOAD_ALL_PQ, ...
    CT_LOAD_FIX_PQ, CT_LOAD_DIS_PQ, CT_LOAD_ALL_P, CT_LOAD_FIX_P, ...
    CT_LOAD_DIS_P, CT_TGENCOST, CT_TAREAGENCOST, CT_MODCOST_F, ...
    CT_MODCOST_X] = idx_ct;

solarprofile = struct( ...
    'type', 'mpcData', ...
    'table', CT_TGEN, ...
    'rows', [1:12], ...
    'col', PMAX, ...
    'chgtype', 1, ...
    'values', [] );
solarprofile.values(:,1,:) = [
	0.0 0.0 0.0 0.0 0.0 0.0 0.0 0.0 0.0 0.0 0.0 0.0;
	0.0 0.0 0.0 0.0 0.0 0.0 0.0 0.0 0.0 0.0 0.0 0.0;
	0.0 0.0 0.0 0.0 0.0 0.0 0.0 0.0 0.0 0.0 0.0 0.0;
	0.0 0.0 0.0 0.0 0.0 0.0 0.0 0.0 0.0 0.0 0.0 0.0;
	0.0 0.0 0.0 0.0 0.0 0.0 0.0 0.0 0.0 0.0 0.0 0.0;
	0.1232 0.1241 0.1151 0.0 0.0 0.1251 0.0156 0.1784 0.0 0.0 0.0 0.0;
	3.1505 2.821 2.4379 2.426 4.8313 0.0 0.0 0.5919 30.5277 14.0901 17.1508 25.5173;
	4.9772 5.4891 3.5462 6.5117 12.8989 15.5969 1.9496 2.4743 34.9236 82.7313 89.6931 149.8269;
	7.8301 8.5899 4.0757 9.0308 14.03 26.0678 3.2585 4.4707 41.8722 237.4838 153.7178 430.0847;
	20.7142 15.9205 12.8236 10.1553 14.2355 152.8809 19.1101 44.2338 180.1113 303.0369 167.7247 548.8017;
	23.0033 16.0537 13.2545 11.0937 13.0182 153.4882 19.186 44.7006 149.5247 288.8018 167.4095 523.0218;
	23.0325 16.0751 13.2624 11.2056 11.2845 234.2115 29.2764 47.1035 161.9496 254.4529 152.5298 460.8157;
	22.3223 16.5202 13.7384 7.6376 6.1915 308.1865 38.5233 53.5153 179.918 162.734 98.2793 294.7122;
	16.6415 14.0197 12.5882 7.5972 5.9169 323.4076 40.426 58.3464 185.541 180.4088 101.0002 326.7215;
	9.964 8.0256 8.9997 5.2267 4.8039 254.6277 31.8285 58.1531 177.5007 158.1977 93.0795 286.497;
	4.5094 3.4738 4.4208 4.3109 2.2328 35.6203 4.4525 23.4594 40.4031 42.7045 17.9703 77.3382;
	0.9993 0.808 0.6082 1.4737 1.3684 35.5071 4.4384 9.1459 22.9082 15.0019 8.4796 27.1686;
	0.0 0.0 0.0 0.0 0.0 0.0 0.0 0.0 0.0 0.0 0.0 0.0;
	0.0 0.0 0.0 0.0 0.0 0.0 0.0 0.0 0.0 0.0 0.0 0.0;
	0.0 0.0 0.0 0.0 0.0 0.0 0.0 0.0 0.0 0.0 0.0 0.0;
	0.0 0.0 0.0 0.0 0.0 0.0 0.0 0.0 0.0 0.0 0.0 0.0;
	0.0 0.0 0.0 0.0 0.0 0.0 0.0 0.0 0.0 0.0 0.0 0.0;
	0.0 0.0 0.0 0.0 0.0 0.0 0.0 0.0 0.0 0.0 0.0 0.0;
	0.0 0.0 0.0 0.0 0.0 0.0 0.0 0.0 0.0 0.0 0.0 0.0;
];
