function loadprofile = ex_load_profilesh1
%EX_LOAD_PROFILE  Example load profile data file for stochastic unit commitment.
% 2022.03.12
% Andres F. Ramirez

%% define constants
[CT_LABEL, CT_PROB, CT_TABLE, CT_TBUS, CT_TGEN, CT_TBRCH, CT_TAREABUS, ...
    CT_TAREAGEN, CT_TAREABRCH, CT_ROW, CT_COL, CT_CHGTYPE, CT_REP, ...
    CT_REL, CT_ADD, CT_NEWVAL, CT_TLOAD, CT_TAREALOAD, CT_LOAD_ALL_PQ, ...
    CT_LOAD_FIX_PQ, CT_LOAD_DIS_PQ, CT_LOAD_ALL_P, CT_LOAD_FIX_P, ...
    CT_LOAD_DIS_P, CT_TGENCOST, CT_TAREAGENCOST, CT_MODCOST_F, ...
    CT_MODCOST_X] = idx_ct;

loadprofile = struct( ...
    'type', 'mpcData', ...
    'table', CT_TAREALOAD, ...
    'rows', [1:11], ...
    'col', CT_LOAD_ALL_P, ...
    'chgtype', 1, ...
    'values', [] );
loadprofile.values(:,1,:) = [
	1559.975 970.84 1573.7383 592.2875 848.0563 1106.2367 843.0705 233.4508 523.3 4585.3353 1811.8913;
	1532.8072 1009.3716 1591.7 587.1523 840.6032 1117.9 833.5857 227.4361 512.0544 4485.5312 1754.0993;
	1541.1964 978.9974 1580.5636 589.3643 829.0412 1106.9115 847.7425 229.9007 516.3656 4465.5593 1808.8181;
	1602.0304 1049.8748 1681.675 600.6028 890.8761 1176.026 908.7959 248.5779 553.3 4695.1115 1883.9848;
	1730.8074 1149.5191 1870.3794 626.0 1001.5545 1311.8626 1012.9358 278.5794 625.1033 5080.8016 2066.8988;
	1809.9128 1220.5639 1986.6896 617.4844 1047.1371 1422.1581 1097.5467 329.5219 706.0649 5725.9611 2297.5931;
	1808.8241 1223.6892 1975.3262 612.6 1066.1782 1425.0464 1092.9377 329.5577 702.3 5901.7832 2257.5766;
	1804.7011 1232.0358 1995.73 587.9212 1046.1003 1421.9489 1113.7604 330.2 707.2 6224.0869 2280.4186;
	1836.875 1242.6528 2013.2131 573.4882 1020.9247 1448.2751 1097.1487 305.9904 695.6 6275.8826 2263.9935;
	1859.843 1273.3782 2022.317 558.1589 1008.8564 1439.9716 1048.6975 314.4826 697.2411 6224.873 2231.7239;
	1795.0423 1244.9991 2001.6639 558.1 1007.8242 1356.1927 998.1893 321.4 683.5671 6216.1776 2150.5819;
	1743.2154 1205.264 1964.4341 563.4182 971.1668 1324.9807 990.3418 307.5205 674.7872 6181.9651 2148.3299;
	1727.3737 1188.8923 1953.3953 556.1948 979.5515 1355.5 1005.3694 304.0 680.412 6145.6189 2101.1586;
	1692.0175 1186.2929 1920.0924 554.0 986.6299 1343.2763 1003.7026 296.3 668.1238 6232.5915 2132.6123;
	1688.3772 1211.825 1969.8278 568.9048 1023.7923 1400.1743 1046.1386 323.8 707.4125 6378.402 2299.3719;
	1693.2798 1207.9 1914.4361 566.4295 1016.8128 1383.2269 1034.3395 322.7654 727.2331 6314.3225 2342.1915;
	1713.0379 1185.1043 1945.4432 564.2655 1017.933 1408.8935 1083.5511 352.5485 759.4918 6242.2009 2497.275;
	1788.8511 1242.7535 1986.212 574.1203 1068.9124 1468.7914 1134.612 364.6 777.4936 6252.1461 2563.7988;
	1853.174 1254.9748 1990.1697 577.2803 1044.0026 1463.2728 1136.0 350.6249 763.1667 6423.8574 2544.8337;
	1790.8502 1218.6261 1896.222 551.0989 991.4 1385.5495 1099.6208 332.7203 714.5027 6147.6264 2486.4247;
	1697.1249 1124.7393 1765.5626 533.8 913.2 1285.8872 1043.416 309.6868 696.5608 6062.6986 2416.2194;
	1640.3459 1056.5427 1661.991 520.7154 864.7714 1183.0515 975.4335 281.3907 648.9411 5551.1077 2193.3787;
	1591.7652 992.4337 1582.0085 520.1123 822.5543 1109.1081 891.7298 247.6 568.9651 4924.7583 1965.3771;
	1554.2 954.1843 1545.5851 509.2328 799.8139 1072.4284 839.5 231.432 520.7427 4558.1538 1774.7032;
];
