function solarprofile = ex_solar_profilesh1
%EX_WIND_PROFILE_D  Example wind_load_nyiso profile data for deterministic unit commitment.
% 2022.03.12
% Andres F. Ramirez


%% define constants
[GEN_BUS, PG, QG, QMAX, QMIN, VG, MBASE, GEN_STATUS, PMAX, PMIN, ...
    MU_PMAX, MU_PMIN, MU_QMAX, MU_QMIN, PC1, PC2, QC1MIN, QC1MAX, ...
    QC2MIN, QC2MAX, RAMP_AGC, RAMP_10, RAMP_30, RAMP_Q, APF] = idx_gen;
[CT_LABEL, CT_PROB, CT_TABLE, CT_TBUS, CT_TGEN, CT_TBRCH, CT_TAREABUS, ...
    CT_TAREAGEN, CT_TAREABRCH, CT_ROW, CT_COL, CT_CHGTYPE, CT_REP, ...
    CT_REL, CT_ADD, CT_NEWVAL, CT_TLOAD, CT_TAREALOAD, CT_LOAD_ALL_PQ, ...
    CT_LOAD_FIX_PQ, CT_LOAD_DIS_PQ, CT_LOAD_ALL_P, CT_LOAD_FIX_P, ...
    CT_LOAD_DIS_P, CT_TGENCOST, CT_TAREAGENCOST, CT_MODCOST_F, ...
    CT_MODCOST_X] = idx_ct;

solarprofile = struct( ...
    'type', 'mpcData', ...
    'table', CT_TGEN, ...
    'rows', [1:12], ...
    'col', PMAX, ...
    'chgtype', 1, ...
    'values', [] );
solarprofile.values(:,1,:) = [
	0.0 0.0 0.0 0.0 0.0 0.0 0.0 0.0 0.0 0.0 0.0 0.0;
	0.0 0.0 0.0 0.0 0.0 0.0 0.0 0.0 0.0 0.0 0.0 0.0;
	0.0 0.0 0.0 0.0 0.0 0.0 0.0 0.0 0.0 0.0 0.0 0.0;
	0.0 0.0 0.0 0.0 0.0 0.0 0.0 0.0 0.0 0.0 0.0 0.0;
	0.0 0.0 0.0 0.0 0.0 0.0 0.0 0.0 0.0 0.0 0.0 0.0;
	0.1921 0.3008 0.1884 0.0 0.0 0.7759 0.097 0.1784 0.0 0.0 0.0 0.0;
	8.8523 13.1098 6.1424 3.4567 9.9853 171.4872 21.4359 25.9605 73.4622 287.3492 46.2603 520.3912;
	12.5701 11.8749 9.2476 7.9098 12.2837 109.7129 13.7141 28.707 65.0533 358.8195 197.1408 649.8243;
	15.6074 13.8464 11.6878 9.7807 12.1853 86.6683 10.8335 29.4778 70.8894 356.9361 198.8154 646.4134;
	21.7424 15.9821 13.3639 10.3836 10.7619 324.4339 40.5542 61.6728 239.8909 338.4989 160.566 613.0235;
	23.3271 16.0537 13.2545 11.0117 11.425 309.5987 38.6998 61.1302 234.569 321.8834 168.9118 582.9327;
	23.2248 16.0751 13.2624 11.1273 12.0117 276.8237 34.603 60.6809 232.718 316.6098 170.7304 573.3823;
	21.9729 15.5521 13.2943 4.4836 6.9241 168.4035 21.0504 57.4553 234.3048 327.6916 153.4046 593.4515;
	15.6596 7.5079 9.6831 3.2623 5.1162 159.3929 19.9241 56.3375 243.2475 310.0839 137.3931 561.5639;
	9.7321 3.447 5.7065 2.0979 3.879 167.2878 20.911 56.2496 249.6773 290.6881 129.7262 526.4378;
	6.6075 2.4385 4.2046 1.6648 3.8938 95.5435 11.9429 23.1167 180.1915 120.5063 49.4741 218.2377;
	1.3318 0.8113 0.7747 0.9406 2.1359 37.0544 4.6318 7.1221 34.5128 16.2794 11.9457 29.4821;
	0.0 0.0 0.0 0.0 0.0 0.0 0.0 0.0 0.0 0.0 0.0 0.0;
	0.0 0.0 0.0 0.0 0.0 0.0 0.0 0.0 0.0 0.0 0.0 0.0;
	0.0 0.0 0.0 0.0 0.0 0.0 0.0 0.0 0.0 0.0 0.0 0.0;
	0.0 0.0 0.0 0.0 0.0 0.0 0.0 0.0 0.0 0.0 0.0 0.0;
	0.0 0.0 0.0 0.0 0.0 0.0 0.0 0.0 0.0 0.0 0.0 0.0;
	0.0 0.0 0.0 0.0 0.0 0.0 0.0 0.0 0.0 0.0 0.0 0.0;
	0.0 0.0 0.0 0.0 0.0 0.0 0.0 0.0 0.0 0.0 0.0 0.0;
];
