function solarprofile = ex_solar_profilesh1
%EX_WIND_PROFILE_D  Example wind_load_nyiso profile data for deterministic unit commitment.
% 2022.03.12
% Andres F. Ramirez


%% define constants
[GEN_BUS, PG, QG, QMAX, QMIN, VG, MBASE, GEN_STATUS, PMAX, PMIN, ...
    MU_PMAX, MU_PMIN, MU_QMAX, MU_QMIN, PC1, PC2, QC1MIN, QC1MAX, ...
    QC2MIN, QC2MAX, RAMP_AGC, RAMP_10, RAMP_30, RAMP_Q, APF] = idx_gen;
[CT_LABEL, CT_PROB, CT_TABLE, CT_TBUS, CT_TGEN, CT_TBRCH, CT_TAREABUS, ...
    CT_TAREAGEN, CT_TAREABRCH, CT_ROW, CT_COL, CT_CHGTYPE, CT_REP, ...
    CT_REL, CT_ADD, CT_NEWVAL, CT_TLOAD, CT_TAREALOAD, CT_LOAD_ALL_PQ, ...
    CT_LOAD_FIX_PQ, CT_LOAD_DIS_PQ, CT_LOAD_ALL_P, CT_LOAD_FIX_P, ...
    CT_LOAD_DIS_P, CT_TGENCOST, CT_TAREAGENCOST, CT_MODCOST_F, ...
    CT_MODCOST_X] = idx_ct;

solarprofile = struct( ...
    'type', 'mpcData', ...
    'table', CT_TGEN, ...
    'rows', [1:12], ...
    'col', PMAX, ...
    'chgtype', 1, ...
    'values', [] );
solarprofile.values(:,1,:) = [
	0.0 0.0 0.0 0.0 0.0 0.0 0.0 0.0 0.0 0.0 0.0 0.0;
	0.0 0.0 0.0 0.0 0.0 0.0 0.0 0.0 0.0 0.0 0.0 0.0;
	0.0 0.0 0.0 0.0 0.0 0.0 0.0 0.0 0.0 0.0 0.0 0.0;
	0.0 0.0 0.0 0.0 0.0 0.0 0.0 0.0 0.0 0.0 0.0 0.0;
	0.0 0.0 0.0 0.0 0.0 0.0 0.0 0.0 0.0 0.0 0.0 0.0;
	0.0951 0.1075 0.1356 0.0 0.0 0.1251 0.0156 0.5618 0.0302 0.0 0.0 0.0;
	3.6861 2.962 3.0834 2.1887 4.0989 21.2095 2.6512 3.6164 14.4095 63.3424 10.4996 114.7134;
	5.1383 4.9313 4.9101 3.7443 11.1173 18.7438 2.343 5.2661 0.0 112.7746 24.3515 204.2355;
	6.9898 6.4413 4.8542 3.0641 12.4841 22.0992 2.7624 12.1318 4.8393 146.4793 54.4948 265.2748;
	21.2661 15.7176 12.3991 5.2669 12.0804 177.026 22.1282 64.2262 119.4907 164.7986 103.5188 298.4512;
	22.9888 16.0537 13.2395 10.0425 12.5794 263.2492 32.9062 71.5095 159.0534 288.2968 169.5966 522.1073;
	22.7767 16.0751 13.2624 11.1888 13.0597 333.0021 41.6253 75.5858 191.8943 317.9468 187.2924 575.8035;
	24.0021 16.6312 13.9374 6.5007 7.7875 356.9449 44.6181 72.3685 220.2909 248.0133 113.8312 449.1536;
	21.296 16.5146 14.036 5.0871 5.4773 339.1626 42.3953 68.5882 228.842 186.3036 41.1635 337.3969;
	18.5685 16.0101 12.5018 2.7842 3.3075 255.7748 31.9718 64.1924 222.2334 113.0959 29.7253 204.8173;
	9.4312 7.3795 5.1642 1.5079 2.0582 44.019 5.5024 39.9869 90.7283 57.0259 17.9239 103.2743;
	1.026 0.8187 0.6092 1.234 1.95 48.278 6.0347 12.4612 31.5028 42.247 15.7696 76.5095;
	0.0 0.0 0.0 0.0 0.0 0.0 0.0 0.0 0.0 0.0 0.0 0.0;
	0.0 0.0 0.0 0.0 0.0 0.0 0.0 0.0 0.0 0.0 0.0 0.0;
	0.0 0.0 0.0 0.0 0.0 0.0 0.0 0.0 0.0 0.0 0.0 0.0;
	0.0 0.0 0.0 0.0 0.0 0.0 0.0 0.0 0.0 0.0 0.0 0.0;
	0.0 0.0 0.0 0.0 0.0 0.0 0.0 0.0 0.0 0.0 0.0 0.0;
	0.0 0.0 0.0 0.0 0.0 0.0 0.0 0.0 0.0 0.0 0.0 0.0;
	0.0 0.0 0.0 0.0 0.0 0.0 0.0 0.0 0.0 0.0 0.0 0.0;
];
