function loadprofile = ex_load_profilesh1
%EX_LOAD_PROFILE  Example load profile data file for stochastic unit commitment.
% 2022.03.12
% Andres F. Ramirez

%% define constants
[CT_LABEL, CT_PROB, CT_TABLE, CT_TBUS, CT_TGEN, CT_TBRCH, CT_TAREABUS, ...
    CT_TAREAGEN, CT_TAREABRCH, CT_ROW, CT_COL, CT_CHGTYPE, CT_REP, ...
    CT_REL, CT_ADD, CT_NEWVAL, CT_TLOAD, CT_TAREALOAD, CT_LOAD_ALL_PQ, ...
    CT_LOAD_FIX_PQ, CT_LOAD_DIS_PQ, CT_LOAD_ALL_P, CT_LOAD_FIX_P, ...
    CT_LOAD_DIS_P, CT_TGENCOST, CT_TAREAGENCOST, CT_MODCOST_F, ...
    CT_MODCOST_X] = idx_ct;

loadprofile = struct( ...
    'type', 'mpcData', ...
    'table', CT_TAREALOAD, ...
    'rows', [1:11], ...
    'col', CT_LOAD_ALL_P, ...
    'chgtype', 1, ...
    'values', [] );
loadprofile.values(:,1,:) = [
	1478.2857 899.7989 1529.4022 573.8325 761.6624 1079.7492 787.3748 221.352 526.2345 4407.1414 1713.6;
	1513.5517 908.5281 1528.1776 584.5635 786.7861 1098.3972 789.6113 232.9752 522.2429 4363.0955 1700.2;
	1525.3007 937.5 1545.9488 578.2483 785.71 1101.0891 798.507 231.7687 515.675 4320.1245 1712.27;
	1610.4882 1003.7 1682.7367 602.4708 850.0573 1178.9295 873.959 258.2424 552.9 4612.0185 1851.4114;
	1767.1419 1155.0345 1936.318 629.6734 989.31 1374.8939 1006.6 299.5204 643.2114 5196.1003 2104.9236;
	1873.3 1231.0408 2054.0 632.2436 1025.3218 1474.3979 1096.7754 346.6 712.5319 5741.9807 2258.1041;
	1903.841 1232.807 2075.9804 627.4159 1045.2869 1470.9121 1109.2176 344.8024 735.5581 6045.9014 2263.8581;
	1858.7669 1230.6862 2073.0004 615.5061 1050.5375 1457.1 1105.2 342.7057 725.5552 6218.9951 2274.308;
	1849.6598 1214.1905 1979.5384 601.5578 1030.8475 1405.1818 1080.4856 317.2 707.02 6128.7606 2179.679;
	1836.4517 1197.4909 1940.0868 594.2 1006.297 1394.9 1065.5519 314.676 684.4853 6036.341 2044.3864;
	1812.9812 1182.2697 1923.9437 584.7203 973.6635 1415.1121 1013.9633 310.8681 660.4612 5849.0 1910.3;
	1798.2543 1145.7052 1886.2685 589.2142 976.157 1396.1845 1029.4899 305.3934 658.8 5698.0549 1931.2509;
	1731.8594 1139.3169 1868.0732 589.6061 949.4382 1408.6792 1056.0995 302.3533 666.4053 5664.3877 1975.2502;
	1712.9068 1121.0541 1833.6945 576.441 909.6006 1366.5356 1026.5715 293.8327 650.1067 5640.5069 1988.3629;
	1699.2967 1130.4913 1857.5869 575.788 929.9424 1385.5 1006.5735 290.3648 644.8 5480.1969 1963.8475;
	1719.3212 1122.4377 1830.709 580.4362 918.9074 1401.0101 1010.5424 295.6536 653.9 5532.6122 2149.4758;
	1747.4551 1133.1102 1849.2667 592.1375 937.7142 1443.0289 1012.9663 309.9301 661.2249 5474.7005 2207.9923;
	1776.8521 1162.2162 1924.9479 600.8033 943.5 1504.6961 1105.1 354.0915 711.9 5865.9225 2413.5629;
	1755.3 1145.2051 1900.8478 593.3 945.5529 1450.2907 1072.8468 343.9183 695.8491 5571.9496 2330.5;
	1721.9891 1103.1612 1859.0103 581.4113 886.893 1366.7015 1035.9225 326.5983 682.7 5563.0622 2230.1;
	1582.9138 1013.856 1735.2589 555.5597 832.6815 1233.8183 978.7424 312.5966 617.913 5248.4675 2089.9385;
	1537.3613 943.9635 1592.9342 552.9 768.5104 1126.091 863.2333 285.886 555.7514 4792.8581 1920.5371;
	1518.1534 896.7 1562.8295 517.2512 791.8485 1156.6048 843.3904 248.3342 498.9317 4460.177 1806.803;
	1482.0133 851.8108 1502.3553 524.078 759.8627 1103.346 798.8451 228.873 461.6502 4180.6929 1675.0727;
];
