function windprofile = ex_wind_profilesh1
%EX_WIND_PROFILE_D  Example wind_load_nyiso profile data for deterministic unit commitment.
% 2022.03.12
% Andres F. Ramirez


%% define constants
[GEN_BUS, PG, QG, QMAX, QMIN, VG, MBASE, GEN_STATUS, PMAX, PMIN, ...
    MU_PMAX, MU_PMIN, MU_QMAX, MU_QMIN, PC1, PC2, QC1MIN, QC1MAX, ...
    QC2MIN, QC2MAX, RAMP_AGC, RAMP_10, RAMP_30, RAMP_Q, APF] = idx_gen;
[CT_LABEL, CT_PROB, CT_TABLE, CT_TBUS, CT_TGEN, CT_TBRCH, CT_TAREABUS, ...
    CT_TAREAGEN, CT_TAREABRCH, CT_ROW, CT_COL, CT_CHGTYPE, CT_REP, ...
    CT_REL, CT_ADD, CT_NEWVAL, CT_TLOAD, CT_TAREALOAD, CT_LOAD_ALL_PQ, ...
    CT_LOAD_FIX_PQ, CT_LOAD_DIS_PQ, CT_LOAD_ALL_P, CT_LOAD_FIX_P, ...
    CT_LOAD_DIS_P, CT_TGENCOST, CT_TAREAGENCOST, CT_MODCOST_F, ...
    CT_MODCOST_X] = idx_ct;

windprofile = struct( ...
    'type', 'mpcData', ...
    'table', CT_TGEN, ...
    'rows', [1:45], ...
    'col', PMAX, ...
    'chgtype', 1, ...
    'values', [] );
windprofile.values(:,1,:) = [
	3.6417 49.2068 87.9481 112.0449 14.0463 14.9153 14.685 17.3295 26.8659 22.5806 41.7399 62.2676 93.7436 7.6496 23.578 8.8829 11.0214 11.6794 13.2984 26.7779 4.895 34.8024 61.1575 84.8944 91.8257 71.0719 7.533 684.147 400.337 400.337 224.3934 38.7098 44.3281 68.9263 23.9825 170.8104 523.4743 58.5606 311.2209 245.9618 15.6551 165.4606 118.4251 226.6463 528.9272;
	3.3928 45.8445 87.2645 109.0069 12.6604 14.5797 13.6764 14.0921 25.9367 22.3515 41.3164 61.636 92.7926 6.1716 14.136 5.3256 6.6077 7.0022 9.4176 15.3851 4.5588 34.0193 57.7405 82.3956 84.3724 69.6608 4.5558 578.4374 358.2499 358.2499 170.1338 31.5564 31.3921 39.6013 19.3487 152.8533 467.5312 52.4924 300.334 225.9974 12.7177 161.7373 109.5204 212.0758 472.4013;
	3.1015 41.9083 87.5784 106.7817 12.9938 11.2116 12.6878 16.7712 26.4514 19.708 36.4299 54.3463 81.8181 9.924 9.6612 3.6398 4.516 4.7856 19.333 19.6379 4.2293 26.1605 59.9652 82.1529 87.505 70.1859 6.8989 530.0709 331.4009 331.4009 141.5829 30.1017 64.4435 50.5479 31.1132 141.3977 391.0795 37.619 258.9312 234.3884 18.5361 124.3745 85.0991 196.4288 395.1532;
	2.9537 39.9111 89.0901 108.0808 14.0893 12.654 12.5056 17.8499 26.1857 20.5311 37.9515 56.6162 85.2353 12.2103 5.392 2.0314 2.5204 2.6709 11.6725 22.5765 4.1685 29.526 64.1855 83.2131 95.2324 73.6038 9.7375 441.8301 254.7752 254.7752 147.8305 27.3518 38.9085 58.112 38.2809 108.7041 310.6723 31.6575 214.5385 255.0869 16.1113 140.3751 79.6362 215.0296 313.9085;
	2.5569 34.5492 91.5138 111.0505 14.9442 14.8732 11.5981 17.8815 19.3806 21.7173 40.144 59.887 90.1596 16.7017 11.611 4.3744 5.4274 5.7515 19.3065 24.6582 3.866 34.7041 55.8998 85.1333 96.3746 72.8949 9.7199 335.0494 197.6569 197.6569 145.1404 28.5366 64.355 63.4702 52.362 84.3336 187.6382 36.0635 201.5543 258.1463 14.3348 164.9932 91.2868 224.943 189.5927;
	3.0667 41.4373 92.9071 113.0643 14.3587 21.769 12.0946 18.1769 12.2596 20.7062 38.2751 57.099 85.9622 31.8009 18.6159 7.0134 8.7018 9.2214 32.4529 29.2959 4.0315 50.7943 63.4615 84.4125 96.0076 73.4194 8.369 276.0406 182.5984 182.5984 130.0559 23.5396 108.1765 75.4077 99.7001 77.9087 161.2575 31.6715 219.9974 257.1632 11.7152 241.4907 92.0506 228.2091 162.9373;
	2.6444 35.7316 91.5597 113.9174 13.705 22.5036 12.4504 17.3346 13.1743 26.4319 48.8591 72.8881 109.7326 48.5279 26.2213 9.8787 12.2569 12.9887 38.7435 37.0198 4.1501 52.5084 70.3308 84.9259 98.8308 71.8853 11.2792 263.7226 222.8953 222.8953 111.3142 16.0209 129.1451 95.2891 152.1416 95.102 200.7726 25.4098 171.4325 264.7254 8.4519 249.6398 98.2338 234.0272 202.864;
	1.6634 22.4765 71.1284 111.626 13.6831 18.8054 12.0591 17.9504 17.6403 26.5745 49.1225 73.2811 110.3243 42.9815 23.5987 8.8907 11.031 11.6896 49.637 52.691 4.0197 43.8793 69.1085 83.3678 97.743 72.4734 12.5221 120.7042 171.2885 171.2885 94.1163 9.9259 165.4568 135.6266 134.7529 73.0831 126.2784 22.1863 178.7571 261.8116 9.3592 208.615 91.9145 205.2559 127.5938;
	2.6853 36.2846 83.1066 101.2144 13.7138 23.7348 11.5518 17.4985 20.3557 27.2086 50.2948 75.0299 112.9571 47.626 19.249 7.2519 8.9978 9.5349 63.6169 51.2137 3.8506 55.3812 64.236 82.3662 96.8943 71.8063 12.4427 133.6291 147.166 147.166 91.5552 7.4327 212.0564 131.8241 149.314 62.7908 142.5052 36.6996 154.8811 259.5383 18.2528 263.298 80.4165 224.4837 143.9897;
	1.8257 24.6693 79.6671 96.8385 11.3741 13.111 10.7991 17.0301 25.3986 25.3822 46.9186 69.9933 105.3746 48.6991 0.0141 0.0053 0.0066 0.007 64.4991 41.8986 3.5997 30.5923 51.6766 71.5099 86.7191 70.5598 11.7249 232.1111 230.9507 230.9507 98.6782 6.4914 214.9972 107.847 152.6783 98.539 236.2188 27.6645 228.9171 232.2832 1.4117 145.4444 72.6849 195.6587 238.6795;
	1.5072 20.3661 77.04 91.2146 11.2707 23.3519 15.0403 15.563 25.9915 26.3554 48.7175 72.6769 109.4146 53.5602 2.1379 0.8055 0.9994 1.059 61.6059 34.3785 5.0134 54.4878 60.574 78.7905 78.5733 68.5773 11.1665 327.5252 299.2397 299.2397 157.1872 9.3059 205.3529 88.4903 167.9184 127.6756 324.9988 28.4164 170.6401 210.4641 0.0016 259.0504 82.1204 171.5419 328.3842;
	1.6241 21.9457 82.0521 76.6589 10.9982 27.284 20.5171 16.186 26.7884 26.6058 49.1805 73.3676 110.4545 54.5801 26.0029 9.7964 12.1548 12.8805 74.1602 49.6198 6.839 63.6627 60.2645 79.4936 85.0471 69.1323 11.2185 414.7999 352.7122 352.7122 280.7371 15.6108 247.2008 127.7216 171.1161 150.4905 417.2541 48.6087 207.3459 227.8047 0.0 302.6708 98.0786 169.6298 421.6005;
	2.6679 36.0492 83.3354 66.5866 13.5177 26.2881 20.491 16.9488 26.8062 27.2348 50.3431 75.1021 113.0657 54.1116 46.3149 17.4489 21.6495 22.942 75.911 59.0233 6.8303 61.339 58.9564 76.0006 91.6046 67.532 11.0713 513.0827 418.148 418.148 303.7182 21.5084 253.0367 151.9262 169.6472 178.4098 560.33 58.3219 213.7084 245.3694 0.0 291.6231 124.4861 196.049 566.1668;
	3.1135 42.0705 82.4604 93.5671 13.9397 27.5306 22.5472 16.9417 26.0681 27.4213 50.6879 75.6164 113.84 45.5519 66.3413 24.9937 31.0107 32.8621 77.0581 55.8116 7.5157 64.238 62.3291 80.7045 95.1161 69.4159 11.0585 583.0521 554.3718 554.3718 397.1413 27.6919 256.8604 143.6593 142.8113 236.532 676.9046 84.9433 285.4018 254.7752 7.9313 305.406 127.076 232.5844 683.9557;
	3.482 47.0497 85.5283 95.4954 14.0857 30.8887 26.4855 16.5464 26.8061 22.4067 41.4184 61.7882 93.0217 52.5904 90.2683 34.0081 42.1952 44.7143 80.1224 53.6133 8.8285 72.0735 32.605 79.7151 92.8001 64.9997 11.925 878.2824 640.6146 640.6146 481.6076 35.7049 267.0746 138.0008 164.878 273.3289 854.3533 112.952 425.3971 248.5717 0.8048 342.6581 145.1734 238.4042 863.2528;
	3.6734 49.6351 92.3247 107.9022 15.1161 33.1017 28.285 18.3526 27.826 19.2172 35.5228 52.993 79.7807 58.3207 126.8231 47.7799 59.2824 62.8217 83.8363 62.6991 9.4283 77.2373 41.2181 83.5757 100.7186 70.2676 12.9633 986.195 704.6045 704.6045 675.8436 44.7283 279.4544 161.3877 182.8433 300.6312 972.4019 157.9286 389.6015 269.7821 8.9903 367.2083 162.3878 267.803 982.5311;
	3.7667 50.8965 93.1855 114.5028 15.0512 33.3741 30.441 19.0981 26.8242 18.8569 34.8567 51.9994 78.2848 64.1353 159.2475 59.9956 74.4389 78.8831 86.6221 67.4678 10.147 77.8729 31.1703 87.8883 104.7757 74.0441 13.2574 926.8151 718.6626 718.6626 702.933 78.153 288.7403 173.6622 201.0729 306.6294 942.9804 194.0854 427.6259 280.6493 19.2216 370.2299 201.157 284.0102 952.8031;
	3.8588 52.1408 95.301 118.173 15.3843 34.0025 30.6967 19.0106 27.9197 17.2188 31.8287 47.4821 71.484 64.7481 170.2687 64.1478 79.5907 84.3424 84.3016 67.8405 10.2322 79.3393 34.2103 87.4846 105.5958 74.2647 13.8529 1027.917 776.4824 776.4824 750.8914 91.6156 281.0054 174.6217 202.994 331.2991 1031.7007 231.0615 463.7809 282.8459 115.9655 377.2015 196.3012 279.1902 1042.4476;
	3.8269 51.7099 95.166 119.8531 15.3063 34.3041 31.4814 14.5376 27.3876 16.8901 31.221 46.5756 70.1194 63.4855 167.2179 62.9984 78.1646 82.8312 77.5779 58.5526 10.4938 80.0428 47.0962 87.0155 105.8888 68.4885 13.0106 1170.122 830.6651 830.6651 733.8893 103.1455 258.5929 150.7145 199.0355 354.4171 1082.151 231.173 463.8186 283.6308 118.3164 380.5465 205.5026 284.3255 1093.4234;
