function solarprofile = ex_solar_profilesh1
%EX_WIND_PROFILE_D  Example wind_load_nyiso profile data for deterministic unit commitment.
% 2022.03.12
% Andres F. Ramirez


%% define constants
[GEN_BUS, PG, QG, QMAX, QMIN, VG, MBASE, GEN_STATUS, PMAX, PMIN, ...
    MU_PMAX, MU_PMIN, MU_QMAX, MU_QMIN, PC1, PC2, QC1MIN, QC1MAX, ...
    QC2MIN, QC2MAX, RAMP_AGC, RAMP_10, RAMP_30, RAMP_Q, APF] = idx_gen;
[CT_LABEL, CT_PROB, CT_TABLE, CT_TBUS, CT_TGEN, CT_TBRCH, CT_TAREABUS, ...
    CT_TAREAGEN, CT_TAREABRCH, CT_ROW, CT_COL, CT_CHGTYPE, CT_REP, ...
    CT_REL, CT_ADD, CT_NEWVAL, CT_TLOAD, CT_TAREALOAD, CT_LOAD_ALL_PQ, ...
    CT_LOAD_FIX_PQ, CT_LOAD_DIS_PQ, CT_LOAD_ALL_P, CT_LOAD_FIX_P, ...
    CT_LOAD_DIS_P, CT_TGENCOST, CT_TAREAGENCOST, CT_MODCOST_F, ...
    CT_MODCOST_X] = idx_ct;

solarprofile = struct( ...
    'type', 'mpcData', ...
    'table', CT_TGEN, ...
    'rows', [1:12], ...
    'col', PMAX, ...
    'chgtype', 1, ...
    'values', [] );
solarprofile.values(:,1,:) = [
	0.0 0.0 0.0 0.0 0.0 0.0 0.0 0.0 0.0 0.0 0.0 0.0;
	0.0 0.0 0.0 0.0 0.0 0.0 0.0 0.0 0.0 0.0 0.0 0.0;
	0.0 0.0 0.0 0.0 0.0 0.0 0.0 0.0 0.0 0.0 0.0 0.0;
	0.0 0.0 0.0 0.0 0.0 0.0 0.0 0.0 0.0 0.0 0.0 0.0;
	0.0 0.0 0.0 0.0 0.0 0.0 0.0 0.0 0.0 0.0 0.0 0.0;
	0.0951 0.0972 0.1051 0.0 0.0 0.1251 0.0156 0.1784 0.0 0.0 0.0 0.0;
	2.82 2.6875 1.6341 6.4693 10.0118 94.9638 11.8705 5.1057 61.1437 63.9626 17.9072 115.8367;
	7.4362 6.1224 5.3509 7.5285 10.6483 167.4848 20.9356 18.3662 85.2873 177.4845 99.6068 321.4256;
	11.0748 8.8008 8.3384 8.9315 9.9981 188.4367 23.5546 27.2849 102.2342 276.8567 177.7444 501.3892;
	21.4787 15.6101 13.1281 7.2459 7.889 390.9712 48.8714 62.323 255.4381 308.3869 208.9176 558.4905;
	23.1651 16.0529 13.2441 9.6939 7.3392 372.2424 46.5303 58.8339 260.4681 311.2046 211.2812 563.5935;
	23.4648 16.0751 13.1755 10.8116 8.1482 367.5227 45.9403 58.8133 260.082 313.0376 197.4846 566.913;
	25.0558 16.5824 13.7384 7.6322 6.7866 373.0957 46.637 65.1532 250.4526 291.9161 168.0037 528.6617;
	23.4257 16.0563 13.1586 8.4774 7.5705 378.2995 47.2874 69.5297 249.7574 259.5224 165.4714 469.9966;
	20.1386 14.444 10.3864 7.6371 7.8614 348.1016 43.5127 69.5371 246.9469 218.6432 194.8435 395.9641;
	8.4346 9.395 5.464 10.2528 6.4565 86.1454 10.7682 36.6116 151.3821 66.7598 111.6025 120.9024;
	1.1264 1.1977 0.7988 1.7316 1.6293 32.4236 4.053 7.7145 34.3669 22.4066 22.715 40.5785;
	0.0 0.0 0.0 0.0 0.0 0.0 0.0 0.0 0.0 0.0 0.0 0.0;
	0.0 0.0 0.0 0.0 0.0 0.0 0.0 0.0 0.0 0.0 0.0 0.0;
	0.0 0.0 0.0 0.0 0.0 0.0 0.0 0.0 0.0 0.0 0.0 0.0;
	0.0 0.0 0.0 0.0 0.0 0.0 0.0 0.0 0.0 0.0 0.0 0.0;
	0.0 0.0 0.0 0.0 0.0 0.0 0.0 0.0 0.0 0.0 0.0 0.0;
	0.0 0.0 0.0 0.0 0.0 0.0 0.0 0.0 0.0 0.0 0.0 0.0;
	0.0 0.0 0.0 0.0 0.0 0.0 0.0 0.0 0.0 0.0 0.0 0.0;
];
