function windprofile = ex_wind_profilesh1
%EX_WIND_PROFILE_D  Example wind_load_nyiso profile data for deterministic unit commitment.
% 2022.03.12
% Andres F. Ramirez


%% define constants
[GEN_BUS, PG, QG, QMAX, QMIN, VG, MBASE, GEN_STATUS, PMAX, PMIN, ...
    MU_PMAX, MU_PMIN, MU_QMAX, MU_QMIN, PC1, PC2, QC1MIN, QC1MAX, ...
    QC2MIN, QC2MAX, RAMP_AGC, RAMP_10, RAMP_30, RAMP_Q, APF] = idx_gen;
[CT_LABEL, CT_PROB, CT_TABLE, CT_TBUS, CT_TGEN, CT_TBRCH, CT_TAREABUS, ...
    CT_TAREAGEN, CT_TAREABRCH, CT_ROW, CT_COL, CT_CHGTYPE, CT_REP, ...
    CT_REL, CT_ADD, CT_NEWVAL, CT_TLOAD, CT_TAREALOAD, CT_LOAD_ALL_PQ, ...
    CT_LOAD_FIX_PQ, CT_LOAD_DIS_PQ, CT_LOAD_ALL_P, CT_LOAD_FIX_P, ...
    CT_LOAD_DIS_P, CT_TGENCOST, CT_TAREAGENCOST, CT_MODCOST_F, ...
    CT_MODCOST_X] = idx_ct;

windprofile = struct( ...
    'type', 'mpcData', ...
    'table', CT_TGEN, ...
    'rows', [1:45], ...
    'col', PMAX, ...
    'chgtype', 1, ...
    'values', [] );
windprofile.values(:,1,:) = [
	3.6256 48.9896 89.7784 116.1245 15.1653 14.6837 13.9769 17.3813 27.097 20.6385 38.15 56.9123 85.6811 4.8254 0.0 0.0 0.0 0.0 14.0049 21.007 4.659 34.262 44.1875 84.7146 97.2674 69.6093 7.8284 636.5517 364.4051 364.4051 196.8406 36.6258 46.683 54.0722 15.1284 155.4795 452.3473 53.9135 287.8491 260.5376 10.9019 162.8914 117.8861 233.5868 457.0593;
	3.534 47.7525 89.2672 114.7999 14.1578 15.3359 14.3634 17.3844 26.7679 21.9417 40.5589 60.5059 91.0913 5.3004 1.1255 0.424 0.5261 0.5575 13.9898 12.2597 4.7878 35.7838 55.3243 83.3275 97.405 70.7853 7.5382 683.5661 352.7958 352.7958 166.9771 32.3553 46.6328 31.5564 16.6173 150.5262 471.1518 51.4122 312.2003 260.9064 10.3455 170.1262 102.194 219.3921 476.0597;
	3.2013 43.2569 88.012 111.5682 14.2989 11.206 12.5085 17.8462 27.2552 21.4354 39.6231 59.1098 88.9895 6.9306 4.3831 1.6513 2.0489 2.1712 18.6911 17.5938 4.1695 26.1472 44.3856 82.2429 94.4846 71.5594 8.3786 621.032 318.7056 318.7056 136.3816 32.4633 62.3036 45.2866 21.7283 135.9811 380.2746 36.5011 244.1757 253.0838 8.6969 124.3113 70.6715 209.0316 384.2358;
	2.9629 40.0351 86.9771 107.9174 14.1635 11.5765 12.3827 17.6656 27.262 21.968 40.6075 60.5784 91.2004 9.4957 4.7081 1.7737 2.2007 2.3321 9.6646 16.0489 4.1276 27.0118 51.4378 82.3499 96.9051 73.734 10.0865 547.2514 252.7825 252.7825 139.7793 28.0844 32.2154 41.3098 29.7704 107.8539 315.0961 27.9228 187.677 259.5673 0.3589 128.422 69.955 205.1368 318.3783;
	2.1727 29.3575 80.9307 104.7917 13.8012 8.1267 9.2907 16.9007 16.7465 13.78 25.4721 37.9994 57.2079 13.3439 3.4463 1.2984 1.6109 1.7071 15.8256 14.6462 3.0969 18.9624 34.8755 80.4983 95.5921 72.3155 9.4184 399.4546 169.1831 169.1831 133.4603 26.0903 52.752 37.6994 41.835 72.1848 173.3868 25.8944 149.6402 256.0502 5.0678 90.1525 61.1702 202.7484 175.1929;
	2.7667 37.3846 82.5631 104.5242 13.8403 17.4028 10.1523 16.8322 10.5875 17.8129 32.9269 49.1205 73.9507 27.4745 8.9889 3.3865 4.2018 4.4526 31.1254 19.7501 3.3841 40.6065 51.4801 80.3889 92.7002 70.9929 7.2753 343.4003 184.4469 184.4469 129.113 25.0576 103.7513 50.8369 86.1363 78.6974 169.2206 30.0054 167.9201 248.3041 5.6217 193.0551 60.7181 201.3007 170.9833;
	2.1676 29.2897 82.7941 107.0826 13.1709 14.2605 10.2735 17.4381 11.8213 24.6897 45.6386 68.0838 102.4998 41.5353 8.0841 3.0456 3.7788 4.0044 35.2824 26.8295 3.4245 33.2744 62.6642 82.5929 97.4071 71.6858 10.9185 288.0542 211.9852 211.9852 92.6611 16.7335 117.6082 69.0591 130.2187 90.447 187.8805 20.4238 133.6677 260.912 6.044 158.1962 56.8894 213.4389 189.8376;
	1.4922 20.1628 65.9906 110.4251 13.9809 15.0611 10.5594 17.9131 17.1373 27.8977 51.5685 76.93 115.8177 42.5101 15.9083 5.9933 7.4362 7.8801 52.7555 43.9751 3.5198 35.1426 71.8264 85.7225 100.3804 72.5029 12.6711 137.9111 163.6819 163.6819 80.0187 9.3603 175.8517 113.1921 133.275 69.8376 121.4976 14.8551 124.6276 268.8761 7.7585 167.0781 67.1466 201.5786 122.7632;
	2.5495 34.4498 76.2958 91.8267 14.1538 20.4074 9.1006 17.0161 19.8096 28.3643 52.4309 78.2167 117.7547 44.8087 16.2764 6.132 7.6083 8.0625 61.0549 49.3345 3.0335 47.6173 69.8889 82.3094 96.8984 70.1738 11.7345 118.215 139.2592 139.2592 79.4103 7.801 203.5163 126.9872 140.4812 59.4173 116.0514 18.3321 105.1778 259.5492 12.608 226.3862 65.4282 216.4011 117.2603;
	1.7404 23.5173 79.8794 98.4193 12.9393 7.9019 8.8229 16.4919 25.6068 29.1862 53.9503 80.4833 121.1671 44.7985 13.8356 5.2125 6.4673 6.8535 69.2003 45.4783 2.941 18.4377 73.7868 80.106 94.2803 69.5135 11.5702 232.5865 227.4031 227.4031 103.5433 11.301 230.6678 117.0614 140.4494 97.0253 212.5679 25.2443 0.0 252.5364 0.5036 87.658 62.3288 191.0235 214.7821;
	1.4728 19.9013 74.2795 97.9899 12.0326 22.6226 13.7955 16.9834 26.0435 26.8776 49.6828 74.117 111.5827 51.601 18.9685 7.1463 8.8667 9.396 65.9257 34.6417 4.5985 52.7861 69.1259 82.2922 85.1323 70.9983 11.6455 364.486 294.431 294.431 158.0059 15.309 219.7523 89.1677 161.776 125.6239 330.5763 29.5975 157.7145 228.0328 0.0018 250.9603 71.5336 164.935 334.0198;
	1.4838 20.0489 77.4809 68.551 11.5747 27.4565 19.5029 17.6471 25.7956 27.679 51.1642 76.3269 114.9097 52.5275 7.4498 2.8067 3.4824 3.6903 80.1503 47.3104 6.501 64.0651 69.1736 80.6956 83.1572 69.9165 11.8736 452.4832 360.5734 360.5734 277.4849 19.4086 267.1678 121.777 164.6809 153.8446 425.2995 48.8393 181.0486 222.7425 0.0 304.5836 82.5684 164.3657 429.7297;
	2.6352 35.6071 81.3663 73.1666 14.0176 29.1384 20.1005 16.8074 26.3855 27.4791 50.7946 75.7756 114.0798 57.1647 40.1584 15.1294 18.7717 19.8924 83.2747 57.6241 6.7002 67.9895 65.986 81.9754 92.2188 71.8393 11.1409 625.3536 444.5789 444.5789 310.0872 24.844 277.5824 148.3246 179.219 189.687 582.7508 61.0407 206.0003 247.0147 0.0 323.2417 109.0422 189.7029 588.8211;
	3.1343 42.3507 80.5459 88.3849 13.5642 28.3122 20.3074 16.5137 25.5471 28.7026 53.0563 79.1495 119.1592 56.5609 60.0704 22.6312 28.0794 29.7558 83.0687 51.1663 6.7691 66.0619 61.6282 80.4202 86.3676 69.7139 11.0906 760.1485 594.7033 594.7033 414.5319 31.6466 276.8958 131.7022 177.3259 253.7401 717.3444 89.4303 261.9284 231.3419 0.07 314.0769 114.7735 236.4479 724.8167;
	3.3406 45.1386 86.3183 90.869 14.0964 30.3035 24.7963 17.1986 26.8521 24.232 44.7925 66.8216 100.5996 63.818 84.2127 31.7267 39.3645 41.7147 79.7668 55.1063 8.2654 70.7082 41.2962 84.5675 92.4622 72.576 11.9528 909.4161 658.33 658.33 493.635 37.5517 265.8892 141.8439 200.0781 280.8875 905.1101 117.3038 401.7817 247.6666 1.3108 336.1672 126.3829 243.9036 914.5384;
	3.4122 46.106 86.7336 101.1306 14.1781 30.2912 27.2762 17.1121 26.65 18.0631 33.3894 49.8104 74.9892 65.8262 121.7745 45.8778 56.9225 60.3209 84.5197 61.2797 9.0921 70.6795 35.1261 82.8419 90.2208 69.4118 11.8842 1037.371 699.7258 699.7258 664.1158 46.0749 281.7325 157.7341 206.3742 298.5497 992.552 167.2013 368.1105 241.6628 0.0876 336.0307 135.2843 249.3743 1002.8911;
	3.7065 50.0834 87.9925 107.918 14.5609 32.2046 29.1606 17.8523 27.055 18.8381 34.822 51.9476 78.2068 67.9822 165.2306 62.2497 77.2357 81.8468 84.8618 67.4718 9.7202 75.1441 28.7773 83.8797 96.369 72.855 12.4603 1043.5442 755.0234 755.0234 716.233 77.2012 282.8727 173.6727 213.1332 322.1433 1039.1053 216.7346 408.9207 258.1313 0.8226 357.2567 194.8602 274.5157 1049.9293;
	3.6059 48.7242 89.7848 108.2177 14.2051 28.711 27.603 17.9473 25.7995 17.4274 32.2142 48.0573 72.35 65.2791 172.684 65.0577 80.7198 85.5388 85.9051 70.0645 9.201 66.9924 38.4485 84.8359 98.6672 70.9379 12.8721 1148.4088 770.7916 770.7916 724.2894 94.1163 286.3502 180.3462 204.6587 328.8711 1076.9344 244.0065 418.3881 264.2871 98.1272 318.5012 138.7952 265.2269 1088.1524;
	3.5883 48.4854 88.2926 105.671 14.3739 32.007 29.3158 12.2458 25.7473 18.2045 33.6508 50.2004 75.5764 64.191 186.9099 70.4172 87.3695 92.5856 85.467 71.4144 9.7719 74.6831 51.3641 86.4896 98.9142 62.2894 12.101 1201.3618 743.6397 743.6397 693.2969 101.1158 284.8901 183.821 201.2476 317.2863 1073.1061 248.3741 424.8174 264.9487 109.5828 355.0646 196.8713 269.109 1084.2843;
