function loadprofile = ex_load_profilesh1
%EX_LOAD_PROFILE  Example load profile data file for stochastic unit commitment.
% 2022.03.12
% Andres F. Ramirez

%% define constants
[CT_LABEL, CT_PROB, CT_TABLE, CT_TBUS, CT_TGEN, CT_TBRCH, CT_TAREABUS, ...
    CT_TAREAGEN, CT_TAREABRCH, CT_ROW, CT_COL, CT_CHGTYPE, CT_REP, ...
    CT_REL, CT_ADD, CT_NEWVAL, CT_TLOAD, CT_TAREALOAD, CT_LOAD_ALL_PQ, ...
    CT_LOAD_FIX_PQ, CT_LOAD_DIS_PQ, CT_LOAD_ALL_P, CT_LOAD_FIX_P, ...
    CT_LOAD_DIS_P, CT_TGENCOST, CT_TAREAGENCOST, CT_MODCOST_F, ...
    CT_MODCOST_X] = idx_ct;

loadprofile = struct( ...
    'type', 'mpcData', ...
    'table', CT_TAREALOAD, ...
    'rows', [1:11], ...
    'col', CT_LOAD_ALL_P, ...
    'chgtype', 1, ...
    'values', [] );
loadprofile.values(:,1,:) = [
	1427.4375 927.1061 1600.5 537.2 838.5285 1157.7769 891.994 261.2199 516.5 4748.4656 1815.0281;
	1409.914 914.7 1573.5149 524.9603 822.1512 1135.7105 867.5383 257.3327 503.1247 4600.1271 1745.7652;
	1449.6968 949.609 1647.8073 540.5372 869.6854 1189.0678 886.8 268.8475 522.3334 4690.8509 1783.4544;
	1522.0551 1023.8384 1738.9 555.9998 883.1 1255.9072 934.6809 279.8 551.7 4847.1703 1859.8855;
	1649.4537 1147.1355 1925.0772 586.2 965.3055 1415.4465 1035.7552 316.5475 645.2066 5395.7168 2084.7779;
	1717.6291 1215.8 2046.8329 578.4485 1024.6212 1474.2017 1095.0 354.0454 705.8558 5857.3717 2257.9762;
	1781.4617 1208.2 2021.8522 586.2678 1004.7984 1475.4 1110.3831 359.1905 711.3806 6156.9768 2288.5375;
	1827.1053 1228.209 2020.4423 594.7479 1007.312 1466.5443 1121.5 361.0061 727.5992 6301.1195 2293.1795;
	1835.6581 1249.7402 2023.322 577.7593 996.1405 1473.3868 1190.9191 336.0228 732.7517 6418.3552 2355.044;
	1828.2269 1248.4915 2021.4238 565.9 947.859 1418.9915 1161.8102 319.4 705.6791 6394.0252 2340.9094;
	1784.3 1253.6921 2021.4577 557.5169 987.1212 1452.3004 1185.8109 313.0065 693.8082 6349.5915 2349.8262;
	1787.3 1231.7746 2038.5252 552.7 966.3 1403.1982 1207.2342 305.1 688.0448 6353.7022 2272.2178;
	1718.0923 1224.053 2004.3487 558.6 936.2013 1363.9 1135.3568 297.3834 689.4 6259.1832 2191.8239;
	1705.352 1201.8628 1953.0228 553.4221 925.9628 1372.2581 1131.2785 303.0838 680.8538 6320.8897 2223.2357;
	1729.6699 1211.55 1927.1679 548.5935 927.5227 1354.3673 1146.3684 305.9 678.4323 6352.2388 2216.4901;
	1694.067 1166.8 1898.3248 549.4882 919.9885 1356.1 1122.6957 305.8596 680.9 6259.197 2219.0402;
	1671.2301 1175.1861 1918.0022 569.394 934.7 1358.109 1141.0768 312.3317 698.5493 6183.0473 2327.3492;
	1774.952 1211.9895 2012.3463 559.3621 983.8461 1446.6889 1192.6 310.9877 726.1 6122.1406 2392.0518;
	1794.1715 1229.1795 2006.7239 578.3539 1015.3242 1408.3931 1228.3506 339.537 743.3976 6172.0433 2474.5318;
	1749.4972 1164.5725 1935.7764 569.7 975.8021 1351.8073 1137.517 318.008 683.8143 5989.0554 2351.6097;
	1684.4169 1064.707 1788.9916 546.8621 888.3336 1230.8265 1057.4252 307.3 632.2568 5722.0872 2169.4;
	1568.6901 983.4 1671.6272 529.0 816.0265 1160.1694 969.2325 268.6 575.5955 5342.0086 2039.5769;
	1572.1583 935.9935 1636.3 515.5111 801.2728 1130.0036 881.0819 241.5927 517.1054 4800.5718 1880.0946;
	1505.9279 923.2 1597.0532 527.3744 756.2486 1125.814 873.7876 225.4 512.1251 4642.4158 1863.3817;
];
