function loadprofile = ex_load_profilesh1
%EX_LOAD_PROFILE  Example load profile data file for stochastic unit commitment.
% 2022.03.12
% Andres F. Ramirez

%% define constants
[CT_LABEL, CT_PROB, CT_TABLE, CT_TBUS, CT_TGEN, CT_TBRCH, CT_TAREABUS, ...
    CT_TAREAGEN, CT_TAREABRCH, CT_ROW, CT_COL, CT_CHGTYPE, CT_REP, ...
    CT_REL, CT_ADD, CT_NEWVAL, CT_TLOAD, CT_TAREALOAD, CT_LOAD_ALL_PQ, ...
    CT_LOAD_FIX_PQ, CT_LOAD_DIS_PQ, CT_LOAD_ALL_P, CT_LOAD_FIX_P, ...
    CT_LOAD_DIS_P, CT_TGENCOST, CT_TAREAGENCOST, CT_MODCOST_F, ...
    CT_MODCOST_X] = idx_ct;

loadprofile = struct( ...
    'type', 'mpcData', ...
    'table', CT_TAREALOAD, ...
    'rows', [1:11], ...
    'col', CT_LOAD_ALL_P, ...
    'chgtype', 1, ...
    'values', [] );
loadprofile.values(:,1,:) = [
	1497.1 918.5 1493.5376 585.7893 820.6389 1105.8 841.9 234.6 472.0 4295.9548 1712.1382;
	1488.1377 920.645 1499.5483 575.3 793.6332 1094.2 819.1683 243.1479 453.8333 4258.5897 1688.3181;
	1485.6799 932.5021 1514.0957 571.7009 811.1806 1117.9887 847.3 244.4699 464.5306 4345.9657 1703.6641;
	1559.3317 1000.1 1610.7244 591.1595 864.3355 1174.344 895.6667 260.1 496.6152 4506.9813 1793.4742;
	1682.1486 1134.3886 1815.6929 616.4 968.3921 1335.4991 1007.2092 302.2867 591.3166 4994.9365 2039.9547;
	1837.1431 1212.4676 1905.4639 620.0686 1039.6369 1452.4383 1095.0417 349.0295 661.16 5584.8036 2208.0026;
	1834.7388 1221.5591 1865.829 605.0959 1035.9945 1423.5 1091.0074 338.0453 676.8493 5820.6502 2238.9822;
	1782.3357 1211.9 1851.0297 592.6 1019.4672 1378.0608 1064.891 317.5322 656.4846 5536.3843 2252.5538;
	1784.8068 1217.1103 1861.1074 571.3143 1019.7 1428.7188 1102.5665 316.6 671.8 5660.3091 2214.9996;
	1811.4 1212.4981 1838.0239 557.3619 995.4247 1416.8462 1095.1701 313.1 679.3695 5679.8867 2186.8037;
	1790.6053 1224.9865 1825.404 561.2 991.7 1435.6714 1100.6374 311.4 661.6 5287.5654 2208.1841;
	1832.6 1253.3821 1829.3619 563.9653 983.2363 1443.098 1098.0529 323.5 662.8806 5934.4117 2302.5454;
	1751.9483 1226.8845 1811.7278 564.3367 977.2767 1444.1 1097.7041 331.2 672.1197 5911.8836 2289.2388;
	1765.845 1236.2 1807.013 566.5 969.1619 1410.0231 1118.6641 324.2571 683.1 5926.3519 2288.0434;
	1731.0025 1201.8746 1809.372 577.9906 954.4825 1406.8023 1104.7246 305.0869 666.3821 5570.4798 2199.8;
	1751.4438 1246.037 1858.352 573.9695 980.9152 1427.3255 1086.6 307.4861 661.1821 5525.3284 2249.9152;
	1738.1317 1252.7585 1894.9939 567.8736 1051.8577 1487.449 1138.6266 354.9389 683.4208 5925.8113 2412.7029;
	1784.1 1290.5938 1977.0 583.0639 1078.7071 1522.4981 1146.3865 363.7 706.736 5973.6219 2443.7807;
	1804.0481 1293.2451 1960.2922 581.0 1030.1248 1478.6805 1134.6 348.0 691.6169 5840.834 2377.2622;
	1727.205 1181.7263 1832.9921 568.7373 978.2496 1350.4998 1060.9212 323.3723 645.6779 5367.6582 2254.6661;
	1627.4663 1063.4 1712.3 534.3031 901.892 1249.5391 983.6417 294.2342 603.7414 5043.8037 2020.9895;
	1555.4944 988.233 1606.0261 533.317 860.4294 1167.2899 888.7013 268.6 517.7468 4693.0682 1718.791;
	1493.0845 909.8449 1492.9456 537.3 814.0678 1139.5 801.9835 252.5183 411.4371 3037.1178 1273.5169;
	1436.4647 883.2 1451.0514 547.5857 757.5246 1132.1198 789.4 225.4 468.8 3855.4472 1620.6461;
];
