function solarprofile = ex_solar_profilesh1
%EX_WIND_PROFILE_D  Example wind_load_nyiso profile data for deterministic unit commitment.
% 2022.03.12
% Andres F. Ramirez


%% define constants
[GEN_BUS, PG, QG, QMAX, QMIN, VG, MBASE, GEN_STATUS, PMAX, PMIN, ...
    MU_PMAX, MU_PMIN, MU_QMAX, MU_QMIN, PC1, PC2, QC1MIN, QC1MAX, ...
    QC2MIN, QC2MAX, RAMP_AGC, RAMP_10, RAMP_30, RAMP_Q, APF] = idx_gen;
[CT_LABEL, CT_PROB, CT_TABLE, CT_TBUS, CT_TGEN, CT_TBRCH, CT_TAREABUS, ...
    CT_TAREAGEN, CT_TAREABRCH, CT_ROW, CT_COL, CT_CHGTYPE, CT_REP, ...
    CT_REL, CT_ADD, CT_NEWVAL, CT_TLOAD, CT_TAREALOAD, CT_LOAD_ALL_PQ, ...
    CT_LOAD_FIX_PQ, CT_LOAD_DIS_PQ, CT_LOAD_ALL_P, CT_LOAD_FIX_P, ...
    CT_LOAD_DIS_P, CT_TGENCOST, CT_TAREAGENCOST, CT_MODCOST_F, ...
    CT_MODCOST_X] = idx_ct;

solarprofile = struct( ...
    'type', 'mpcData', ...
    'table', CT_TGEN, ...
    'rows', [1:12], ...
    'col', PMAX, ...
    'chgtype', 1, ...
    'values', [] );
solarprofile.values(:,1,:) = [
	0.0 0.0 0.0 0.0 0.0 0.0 0.0 0.0 0.0 0.0 0.0 0.0;
	0.0 0.0 0.0 0.0 0.0 0.0 0.0 0.0 0.0 0.0 0.0 0.0;
	0.0 0.0 0.0 0.0 0.0 0.0 0.0 0.0 0.0 0.0 0.0 0.0;
	0.0 0.0 0.0 0.0 0.0 0.0 0.0 0.0 0.0 0.0 0.0 0.0;
	0.0 0.0 0.0 0.0 0.0 0.0 0.0 0.0 0.0 0.0 0.0 0.0;
	0.1059 0.1034 0.1326 0.0 0.0 0.1251 0.0156 0.1784 0.012 0.0 0.0 0.0;
	2.7765 2.2126 2.398 2.9148 5.4263 98.8008 12.3501 6.4434 40.9778 68.3423 37.8538 123.7682;
	4.8733 6.0049 4.871 5.6437 10.635 141.3513 17.6689 25.0624 34.9301 152.999 102.3934 277.0821;
	8.5657 10.1178 7.0797 7.3387 12.0587 167.8359 20.9795 42.6545 53.2605 205.1754 147.9699 371.5739;
	21.7413 16.2962 13.4717 9.1993 11.4694 390.1544 48.7693 72.2759 242.1387 99.0675 124.924 179.4119;
	23.7168 16.5213 13.5265 10.8239 11.8323 392.7586 49.0948 73.8587 242.4616 188.7951 163.9311 341.9091;
	23.7655 16.5351 13.4616 10.843 11.4203 400.9111 50.1139 72.6822 236.4735 218.269 167.938 395.2865;
	23.9348 16.5824 13.7384 2.0806 2.1691 388.603 48.5754 66.0297 218.9063 68.082 34.152 123.2968;
	19.8437 14.5314 11.5178 1.7397 0.8141 377.1222 47.1403 64.1064 202.9275 22.8224 13.0053 41.3316;
	12.8907 6.789 6.2468 1.2267 0.244 329.611 41.2014 59.2295 170.7614 7.4653 12.8731 13.5197;
	5.0427 3.1833 2.5287 1.8149 0.8185 48.732 6.0915 16.2634 18.8358 0.0 9.0765 0.0;
	0.9948 0.8495 0.6053 0.9809 1.7076 38.852 4.8565 7.7896 20.4107 16.0661 10.1459 29.0959;
	0.0 0.0 0.0 0.0 0.0 0.0 0.0 0.0 0.0 0.0 0.0 0.0;
	0.0 0.0 0.0 0.0 0.0 0.0 0.0 0.0 0.0 0.0 0.0 0.0;
	0.0 0.0 0.0 0.0 0.0 0.0 0.0 0.0 0.0 0.0 0.0 0.0;
	0.0 0.0 0.0 0.0 0.0 0.0 0.0 0.0 0.0 0.0 0.0 0.0;
	0.0 0.0 0.0 0.0 0.0 0.0 0.0 0.0 0.0 0.0 0.0 0.0;
	0.0 0.0 0.0 0.0 0.0 0.0 0.0 0.0 0.0 0.0 0.0 0.0;
	0.0 0.0 0.0 0.0 0.0 0.0 0.0 0.0 0.0 0.0 0.0 0.0;
];
