function windprofile = ex_wind_profilesh1
%EX_WIND_PROFILE_D  Example wind_load_nyiso profile data for deterministic unit commitment.
% 2022.03.12
% Andres F. Ramirez


%% define constants
[GEN_BUS, PG, QG, QMAX, QMIN, VG, MBASE, GEN_STATUS, PMAX, PMIN, ...
    MU_PMAX, MU_PMIN, MU_QMAX, MU_QMIN, PC1, PC2, QC1MIN, QC1MAX, ...
    QC2MIN, QC2MAX, RAMP_AGC, RAMP_10, RAMP_30, RAMP_Q, APF] = idx_gen;
[CT_LABEL, CT_PROB, CT_TABLE, CT_TBUS, CT_TGEN, CT_TBRCH, CT_TAREABUS, ...
    CT_TAREAGEN, CT_TAREABRCH, CT_ROW, CT_COL, CT_CHGTYPE, CT_REP, ...
    CT_REL, CT_ADD, CT_NEWVAL, CT_TLOAD, CT_TAREALOAD, CT_LOAD_ALL_PQ, ...
    CT_LOAD_FIX_PQ, CT_LOAD_DIS_PQ, CT_LOAD_ALL_P, CT_LOAD_FIX_P, ...
    CT_LOAD_DIS_P, CT_TGENCOST, CT_TAREAGENCOST, CT_MODCOST_F, ...
    CT_MODCOST_X] = idx_ct;

windprofile = struct( ...
    'type', 'mpcData', ...
    'table', CT_TGEN, ...
    'rows', [1:45], ...
    'col', PMAX, ...
    'chgtype', 1, ...
    'values', [] );
windprofile.values(:,1,:) = [
	3.513 47.4679 87.3975 110.0329 15.0025 13.7331 13.962 16.433 26.5326 24.9497 46.1191 68.8006 103.579 4.9673 19.2191 7.2407 8.9838 9.5201 11.8308 25.7682 4.654 32.0439 59.9247 82.0642 96.213 68.9314 7.4269 662.2832 376.575 376.575 201.9241 40.9943 39.436 66.3274 15.5732 160.672 487.4402 48.864 300.3584 257.7133 9.7677 152.3461 125.5023 226.8003 492.5177;
	3.2624 44.0824 90.5719 111.7053 14.5721 12.9672 13.4666 14.9944 26.4979 24.8868 46.0028 68.6272 103.3178 3.7565 12.788 4.8178 5.9777 6.3345 9.0201 13.2458 4.4889 30.2569 60.1147 83.7793 97.3086 71.4923 6.0413 651.0039 342.2235 342.2235 164.3325 32.919 30.067 34.0948 11.7773 146.0154 461.8586 46.5058 306.5836 260.6481 7.579 143.85 113.5434 220.6441 466.6696;
	1.9879 26.8611 86.4451 103.0868 13.9723 0.0 10.7666 14.8536 25.9987 23.7238 43.8531 65.4201 98.4897 2.9399 12.8383 4.8368 6.0012 6.3594 16.4447 22.6021 3.5889 0.0 64.0378 82.0256 93.9092 70.8361 6.7089 572.7727 290.0209 290.0209 128.6455 31.0709 54.8155 58.1778 9.2171 123.7423 349.8765 28.5952 217.623 251.5425 2.0374 0.0 75.2131 196.3165 353.521;
	2.1747 29.3855 86.2987 94.5301 14.0417 2.7138 10.6943 10.6906 26.1988 22.7617 42.0746 62.7671 94.4955 2.697 5.0244 1.8929 2.3486 2.4888 4.6641 21.7444 3.5648 6.3322 63.8282 81.4868 95.0806 73.617 6.0809 400.2527 164.482 164.482 113.5521 27.0589 15.5471 55.9702 8.4555 70.179 196.5995 20.4177 160.7859 254.6801 0.0 30.105 66.0237 200.8802 198.6474;
	1.9505 26.3561 88.6372 104.3524 14.2851 12.1848 9.0432 16.0924 15.0121 20.757 38.369 57.239 86.173 5.0826 11.5366 4.3464 5.3927 5.7147 13.8331 22.6023 3.0144 28.4312 54.6475 84.3523 98.3682 75.298 8.6964 303.2491 117.636 117.636 122.0465 25.9034 46.1105 58.1783 15.9347 50.1914 38.7391 25.5417 149.1876 263.4861 9.6182 135.17 76.8831 226.2509 39.1426;
	2.6189 35.3866 87.3519 105.0229 13.3894 18.9877 9.2734 15.0122 9.5253 19.3765 35.8172 53.4322 80.4419 0.1446 15.8975 5.9893 7.4311 7.8748 19.85 26.9571 3.0911 44.3046 57.5164 81.5501 94.0665 71.5061 6.9336 257.3455 159.4516 159.4516 113.3351 27.368 66.1667 69.3876 0.4535 68.0327 66.8555 24.6311 137.9396 251.9637 7.1602 210.6367 80.0987 212.2165 67.552;
	2.3183 31.325 89.2063 109.224 13.1173 19.4051 10.053 14.8029 11.0513 25.913 47.8997 71.457 107.5781 14.4707 23.6588 8.9133 11.0591 11.7194 15.1276 35.2148 3.351 45.2785 67.8604 83.1761 97.835 72.1171 9.7074 213.6646 183.6265 183.6265 90.3873 16.3375 50.4255 90.6431 45.3677 78.3473 101.1056 15.8542 103.3948 262.0582 5.4707 215.2668 80.4627 227.7009 102.1588;
	1.2334 16.6661 67.6459 107.4557 13.585 16.368 10.5064 16.0506 17.0093 26.9831 49.8779 74.408 112.0209 23.5901 16.7881 6.3248 7.8475 8.316 29.9581 53.0905 3.5021 38.1919 69.6839 82.253 96.5841 71.4277 11.8309 88.2692 160.9553 160.9553 84.4092 10.0834 99.8604 136.655 73.9583 68.6742 63.4309 14.8064 142.9757 258.7074 2.5573 181.5752 74.2831 200.6738 64.0916;
	2.4253 32.7712 82.1442 101.71 13.7494 22.414 9.6398 17.6734 18.3193 28.6121 52.8891 78.9001 118.7837 42.9012 17.2503 6.499 8.0635 8.5449 54.7865 52.6382 3.2133 52.2994 71.1156 83.2022 97.1696 75.0957 12.4063 131.4068 147.9984 147.9984 91.9202 7.6294 182.6217 135.4907 134.501 63.146 108.9901 15.6609 116.2067 260.2756 13.7451 248.6462 65.135 232.3736 110.1254;
	1.7794 24.0437 83.6723 107.5791 12.114 12.2049 8.4424 18.3527 23.6791 28.6304 52.9229 78.9506 118.8597 41.8798 0.0 0.0 0.0 0.0 56.5458 46.6221 2.8141 28.4782 71.2442 84.8286 101.4693 76.3298 13.3462 255.2672 233.4202 233.4202 108.5557 9.7764 188.4858 120.0054 131.2987 99.5926 212.0361 20.5021 0.0 271.7928 0.6616 135.3933 64.7427 211.3695 214.2449;
	1.5372 20.7709 74.0656 98.9756 11.6368 22.3719 10.4084 17.8073 25.0697 29.0962 53.784 80.2351 120.7935 48.6235 0.5729 0.2158 0.2678 0.2838 61.4702 38.7302 3.4695 52.2011 71.0186 82.0951 92.97 75.4577 12.5762 347.8553 288.4815 288.4815 161.1662 14.1462 204.9008 99.6916 152.4412 123.0854 297.1421 24.6923 110.6425 249.0268 0.0302 248.1791 85.2013 179.3725 300.2374;
	1.7148 23.1709 77.8952 89.5893 11.7678 28.2602 16.5874 18.5447 24.963 27.1646 50.2133 74.9083 112.7741 46.0041 0.0 0.0 0.0 0.0 71.1063 48.523 5.5291 65.9405 65.0056 83.306 96.7548 75.8962 13.0611 453.7603 355.0788 355.0788 277.9411 17.2824 237.021 124.8982 144.2292 151.5003 393.6912 38.832 160.2696 259.1646 15.3957 313.5 101.0642 186.6533 397.7921;
	2.8459 38.4548 85.2555 86.615 13.9671 30.1563 18.6773 17.3258 25.7828 26.5365 49.0523 73.1764 110.1667 52.1478 19.5759 7.3751 9.1506 9.6969 69.4148 55.9052 6.2258 70.3647 62.7646 81.6923 101.5373 71.6887 11.6794 608.0059 424.506 424.506 312.4484 23.2627 231.3828 143.9001 163.4904 181.1226 558.7279 51.2645 183.5153 271.975 15.7017 334.5338 133.3129 217.436 564.5479;
	3.2664 44.1362 80.3879 100.534 14.0094 24.0872 18.6546 17.0537 21.0914 21.7706 40.2427 60.0341 90.3811 39.0048 45.4343 17.1171 21.2379 22.5058 76.4897 56.358 6.2182 56.2036 42.6497 81.5746 96.4614 70.8923 11.0586 777.8788 532.5909 532.5909 398.6764 28.809 254.9657 145.0656 122.2854 227.2388 681.1547 76.6937 212.8726 258.3788 3.7083 267.2078 122.7797 244.0378 688.2501;
	3.5571 48.0638 86.1624 106.4912 14.3474 30.8938 20.4485 15.8481 19.3483 17.9254 33.1347 49.4305 74.4174 56.8856 51.7491 19.4962 24.1897 25.6338 79.1142 50.0865 6.8162 72.0855 12.5346 83.1957 97.3835 71.5265 11.6982 917.8945 597.6025 597.6025 472.1408 31.9911 263.714 128.9229 178.3439 254.9771 871.4799 102.2738 357.1679 260.8487 0.5122 342.715 148.5928 249.635 880.5578;
	3.6156 48.855 87.3705 105.3134 14.6782 31.6909 24.4596 15.3729 23.6085 16.1716 29.893 44.5945 67.1367 52.6101 108.4525 40.8589 50.6952 53.7218 85.5213 59.6738 8.1532 73.9455 11.0826 82.1645 94.9632 66.8565 11.697 1046.8293 637.0192 637.0192 621.4153 42.7403 285.0709 153.6004 164.9398 271.7948 924.8823 146.8681 334.554 254.3656 0.0788 351.558 163.5848 259.8642 934.5165;
	3.6346 49.1117 86.3112 109.2712 14.7469 32.2717 26.6696 16.2424 24.8427 9.8353 18.1805 27.1217 40.8315 52.5479 137.8712 51.9422 64.4468 68.2943 88.6348 68.474 8.8899 75.3005 0.8282 82.0056 96.4826 70.7212 12.1245 987.4321 668.8476 668.8476 682.2306 75.4053 295.4493 176.2522 164.7447 285.375 876.8492 189.888 352.8203 258.4355 0.0 358.0002 200.8885 267.6281 885.9831;
	3.7213 50.2832 93.3272 112.8616 15.3322 33.145 28.1256 17.1192 26.2461 14.9048 27.5513 41.1012 61.8776 54.0221 149.8112 56.4405 70.028 74.2088 86.5491 70.0998 9.3752 77.3382 3.3815 84.0671 100.591 70.0466 11.9068 1073.3511 705.49 705.49 691.548 88.3164 288.4969 180.4372 169.3666 301.0091 964.4412 226.94 398.5957 269.4402 84.792 367.688 192.1945 262.3642 974.4874;
	3.5582 48.0792 88.2738 110.3732 14.7712 33.213 29.3946 8.8756 25.9665 19.1441 35.3876 52.7914 79.4771 47.372 154.7942 58.3178 72.3573 76.6771 76.3362 67.6904 9.7982 77.4969 27.6427 81.8152 99.5642 61.8787 10.5211 1121.4226 669.7233 669.7233 607.386 101.1063 254.4541 174.2353 148.5176 285.7486 943.5886 225.1657 415.677 266.6898 108.2136 368.4424 187.7584 262.2802 953.4177;
