function loadprofile = ex_load_profilesh1
%EX_LOAD_PROFILE  Example load profile data file for stochastic unit commitment.
% 2022.03.12
% Andres F. Ramirez

%% define constants
[CT_LABEL, CT_PROB, CT_TABLE, CT_TBUS, CT_TGEN, CT_TBRCH, CT_TAREABUS, ...
    CT_TAREAGEN, CT_TAREABRCH, CT_ROW, CT_COL, CT_CHGTYPE, CT_REP, ...
    CT_REL, CT_ADD, CT_NEWVAL, CT_TLOAD, CT_TAREALOAD, CT_LOAD_ALL_PQ, ...
    CT_LOAD_FIX_PQ, CT_LOAD_DIS_PQ, CT_LOAD_ALL_P, CT_LOAD_FIX_P, ...
    CT_LOAD_DIS_P, CT_TGENCOST, CT_TAREAGENCOST, CT_MODCOST_F, ...
    CT_MODCOST_X] = idx_ct;

loadprofile = struct( ...
    'type', 'mpcData', ...
    'table', CT_TAREALOAD, ...
    'rows', [1:11], ...
    'col', CT_LOAD_ALL_P, ...
    'chgtype', 1, ...
    'values', [] );
loadprofile.values(:,1,:) = [
	1396.8991 938.8173 1544.0134 590.8604 738.5142 1122.5315 849.126 223.1729 520.2236 4371.1401 1748.5845;
	1377.9493 936.4 1553.6346 576.1569 737.1625 1115.1438 843.5922 227.9986 513.0 4389.5182 1740.3957;
	1422.9005 955.4795 1585.634 589.3 757.0435 1114.3265 843.937 228.6529 522.8 4372.9889 1748.4809;
	1499.8796 1011.405 1653.4621 596.1 785.4991 1160.7935 873.3191 205.2572 548.2 4599.8538 1862.9346;
	1629.5969 1153.1 1867.2279 619.055 933.3 1321.7305 998.7113 225.2679 639.8827 5179.9112 2101.4803;
	1782.588 1239.7878 1998.4541 628.2 975.9915 1428.5516 1050.0258 244.4345 725.4286 5692.8226 2238.2811;
	1818.9262 1255.439 1994.7 616.7473 977.8164 1434.8979 1040.8531 243.1279 721.2784 6102.6713 2321.4;
	1841.4408 1281.5262 1984.9 604.89 983.7569 1426.766 1072.9191 258.159 722.4937 6283.3188 2360.8591;
	1807.808 1270.0988 1948.4343 596.0522 959.0584 1419.0877 1061.9136 254.1564 718.8 6342.5296 2354.9688;
	1761.7 1226.9364 1914.4144 591.444 898.3676 1391.1995 1012.661 271.3839 683.7 6331.7105 2250.4;
	1746.2402 1215.7 1904.8184 592.9154 917.2774 1401.0679 1028.173 270.4756 678.1196 6389.1876 2222.5662;
	1739.8511 1175.6772 1841.8497 586.3028 864.8777 1340.4528 1001.6265 240.8119 692.0573 6369.484 2212.1848;
	1712.9315 1170.9992 1842.6797 593.575 891.2244 1355.7468 1002.2273 244.6075 676.9662 6289.8745 2237.5519;
	1670.7796 1167.6587 1825.8463 601.081 891.7762 1341.0059 997.0279 241.4487 683.1 6409.3547 2265.4644;
	1636.0098 1154.427 1830.1742 580.481 911.5665 1345.0 1017.3207 240.8631 672.3 6293.4333 2278.4957;
	1504.3001 1122.5665 1790.8013 576.9187 927.5 1378.5789 1015.8562 261.406 651.4351 6204.3 2347.4538;
	1486.0505 1114.3321 1809.6591 582.0 927.8793 1408.6623 1046.3779 281.076 672.5 6137.29 2466.0242;
	1552.1632 1131.4559 1837.9565 564.9 938.1291 1434.0788 1081.027 295.8878 720.1026 6130.7678 2459.0857;
	1611.7765 1164.5276 1873.9 564.8 943.819 1429.804 1064.7092 267.7663 708.0862 5952.1974 2381.9356;
	1614.6993 1095.2562 1751.0976 552.9562 893.7675 1356.0 1040.7027 277.9232 675.4146 5756.4366 2305.8427;
	1567.7228 1014.9302 1681.6985 542.6138 820.6546 1262.1 962.712 256.6446 612.5553 5438.2056 2123.8328;
	1471.8147 956.3 1579.7326 532.0 769.0 1150.305 883.7112 223.5749 558.1553 5078.877 1980.2258;
	1447.9269 905.9486 1482.2762 537.3365 747.8122 1133.691 831.5722 157.1376 506.6779 4726.5964 1802.758;
	1420.4294 873.2539 1413.8967 554.7 709.094 1088.4525 826.6791 162.8852 491.7 4486.9 1732.0128;
];
