function windprofile = ex_wind_profilesh1
%EX_WIND_PROFILE_D  Example wind_load_nyiso profile data for deterministic unit commitment.
% 2022.03.12
% Andres F. Ramirez


%% define constants
[GEN_BUS, PG, QG, QMAX, QMIN, VG, MBASE, GEN_STATUS, PMAX, PMIN, ...
    MU_PMAX, MU_PMIN, MU_QMAX, MU_QMIN, PC1, PC2, QC1MIN, QC1MAX, ...
    QC2MIN, QC2MAX, RAMP_AGC, RAMP_10, RAMP_30, RAMP_Q, APF] = idx_gen;
[CT_LABEL, CT_PROB, CT_TABLE, CT_TBUS, CT_TGEN, CT_TBRCH, CT_TAREABUS, ...
    CT_TAREAGEN, CT_TAREABRCH, CT_ROW, CT_COL, CT_CHGTYPE, CT_REP, ...
    CT_REL, CT_ADD, CT_NEWVAL, CT_TLOAD, CT_TAREALOAD, CT_LOAD_ALL_PQ, ...
    CT_LOAD_FIX_PQ, CT_LOAD_DIS_PQ, CT_LOAD_ALL_P, CT_LOAD_FIX_P, ...
    CT_LOAD_DIS_P, CT_TGENCOST, CT_TAREAGENCOST, CT_MODCOST_F, ...
    CT_MODCOST_X] = idx_ct;

windprofile = struct( ...
    'type', 'mpcData', ...
    'table', CT_TGEN, ...
    'rows', [1:45], ...
    'col', PMAX, ...
    'chgtype', 1, ...
    'values', [] );
windprofile.values(:,1,:) = [
	3.8018 51.3706 94.4129 119.6268 15.2971 16.6274 15.3822 18.2361 28.1247 24.6793 45.6193 68.055 102.4564 2.3183 25.8302 9.7314 12.0741 12.795 13.9265 27.8407 5.1274 38.7973 62.2334 84.8127 101.7144 74.4171 7.9973 706.3754 378.5177 378.5177 196.6317 35.5086 46.4216 71.6621 7.2683 161.5009 478.0979 52.2847 322.2049 272.4492 10.3781 184.4536 119.6897 248.916 483.0781;
	3.7997 51.3425 94.79 119.2785 15.0762 22.0862 15.3358 18.2679 27.8488 24.8472 45.9297 68.5181 103.1536 4.1803 15.5676 5.865 7.277 7.7114 10.6687 12.4197 5.1119 51.5344 63.1987 88.1101 102.92 75.4406 8.1067 713.0514 373.3974 373.3974 163.8614 31.9336 35.5624 31.9683 13.1058 159.3162 486.1204 53.5759 331.1328 275.6786 12.1323 245.0094 118.5331 242.6368 491.1841;
	3.6271 49.0107 95.1359 119.8104 15.1727 17.7246 14.3302 19.0327 28.2974 24.9951 46.203 68.9258 103.7674 7.5763 15.7929 5.9499 7.3823 7.823 19.8154 21.0613 4.7767 41.3575 67.0109 89.7771 103.9226 76.382 9.5863 670.7989 360.4428 360.4428 152.0768 30.9283 66.0513 54.212 23.7528 153.7889 427.5856 39.7697 275.9864 278.3642 5.0952 196.6253 93.5467 236.5258 432.0396;
	3.1114 42.0425 93.8077 113.63 14.5637 16.44 12.5581 18.2808 27.411 23.8345 44.0577 65.7255 98.9493 8.998 10.5451 3.9728 4.9292 5.2235 7.0541 13.0577 4.186 38.3599 66.2429 89.602 103.1729 75.4625 10.34 563.6599 287.9021 287.9021 174.757 26.5469 23.5135 33.6105 28.2101 122.8382 349.1114 35.6311 205.8107 276.356 0.1297 182.3742 79.5054 225.452 352.748;
	2.5807 34.871 94.2732 118.8231 14.8695 18.0394 10.8393 18.7996 19.3739 23.2364 42.9521 64.0761 96.4662 14.8239 20.8557 7.8573 9.7488 10.3309 20.2728 24.8265 3.6131 42.092 58.1835 89.6255 105.1982 74.9943 10.6689 450.6998 238.0918 238.0918 157.5433 27.1352 67.5761 63.9035 46.4748 101.5858 242.7857 35.3777 185.2538 281.781 10.9467 200.1174 83.3531 239.8068 245.3147;
	3.2064 43.3249 94.2858 118.158 14.6314 24.1226 11.4669 18.6827 10.5255 20.0272 37.0199 55.2265 83.1431 26.3451 16.8955 6.3653 7.8977 8.3692 29.2993 23.0223 3.8223 56.286 56.2497 89.5857 104.4893 75.0785 9.079 367.5757 204.8853 204.8853 136.7011 21.5166 97.6644 59.2595 82.5953 87.4177 172.0152 30.6297 196.0063 279.8821 11.2359 267.5995 85.5277 237.8254 173.807;
	2.7182 36.7283 94.3888 118.4098 14.7178 24.8615 11.7683 18.0854 14.0756 25.9932 48.0481 71.6783 107.9113 31.8147 22.9632 8.6512 10.7339 11.3748 35.0693 31.7352 3.9228 58.0102 65.2947 89.8828 105.984 75.5837 12.5536 318.778 232.4594 232.4594 113.9181 14.5547 116.8978 81.6865 99.7432 99.1827 201.2717 21.3749 167.169 283.8856 7.629 275.7972 88.2918 250.6487 203.3683;
	1.8739 25.3204 79.7656 118.0258 14.7254 21.056 11.7791 18.1842 20.2636 29.0046 53.6145 79.9824 120.413 34.8056 27.8936 10.5087 13.0386 13.8171 50.9994 51.8265 3.9264 49.1306 72.444 89.9673 105.0267 75.5527 13.087 158.2041 184.2471 184.2471 95.2726 6.6841 169.9978 133.4016 109.1203 78.6121 116.1768 18.1028 185.7158 281.3214 1.0258 233.581 81.4424 234.6282 117.387;
	2.8041 37.8896 89.8197 113.6294 14.7922 26.2139 10.3605 19.1018 21.8046 28.5804 52.8305 78.8127 118.6521 41.1181 21.6684 8.1634 10.1287 10.7334 59.3211 51.0547 3.4535 61.1659 69.4991 89.7652 104.9857 75.7368 13.2289 140.1759 153.2808 153.2808 88.6755 5.5772 197.7371 131.415 128.9108 65.3998 117.9077 22.1255 159.1184 281.2116 8.2089 290.8001 75.2028 247.6942 119.1359;
	2.1863 29.5413 89.6519 115.1454 13.8252 17.3859 10.8199 19.0585 27.4768 29.6811 54.8651 81.8479 123.2216 43.41 32.4046 12.2083 15.1473 16.0516 74.1419 43.5634 3.6066 40.5671 69.1881 87.7253 104.1505 75.4474 13.5085 275.3792 242.9995 242.9995 105.3858 8.0759 247.1398 112.1323 136.0963 103.6798 238.2704 24.3859 453.4028 278.9746 0.0181 192.8674 73.1795 229.417 240.7524;
	1.6781 22.6754 81.0809 107.4493 13.1066 28.0033 14.4269 18.3291 27.6733 29.3428 54.2397 80.9149 121.8169 47.5006 11.6187 4.3773 5.431 5.7553 64.9655 32.4497 4.809 65.3409 71.8113 86.2472 97.4448 75.1869 13.0764 386.2543 296.9089 296.9089 154.4708 11.6895 216.5516 83.5255 148.9209 126.6811 325.2674 24.046 209.9006 261.0127 0.0217 310.6495 86.0769 195.3179 328.6556;
	1.7232 23.2841 87.1541 96.6747 12.8758 30.9344 20.1823 18.0333 28.0118 28.2513 52.2221 77.905 117.2856 50.0164 24.927 9.3911 11.6519 12.3476 79.1619 47.0681 6.7274 72.1803 70.0589 88.1451 99.802 74.5579 12.1242 440.1582 366.6945 366.6945 282.0753 17.3692 263.8732 121.1535 156.8081 156.4563 409.4242 38.9863 255.426 267.3269 0.0011 343.1656 104.7549 196.5367 413.689;
	2.9385 39.7058 87.4985 91.2643 14.1473 31.6851 22.2736 16.8006 28.2471 27.9376 51.6422 77.04 115.9833 55.7567 39.2205 14.7761 18.3333 19.4278 80.6557 55.6161 7.4245 73.9318 69.7713 85.9015 96.7999 70.4954 10.925 628.6684 454.3214 454.3214 331.3256 25.2506 268.8524 143.1559 174.8048 193.8438 608.2926 58.3138 255.2854 259.2854 0.0 351.4931 134.5029 212.5183 614.629;
	3.5444 47.8927 83.2525 99.8096 14.4777 30.2161 23.647 16.7068 27.8674 28.4969 52.6761 78.5824 118.3053 58.2642 53.348 20.0986 24.9371 26.4259 82.1892 52.6831 7.8823 70.5043 64.2589 81.942 90.0603 69.8658 10.8686 805.5499 592.7735 592.7735 415.6302 31.5316 273.9641 135.6065 182.666 252.9167 742.1243 79.3325 327.3536 241.233 0.0 335.1975 132.6718 240.9912 749.8548;
	3.7902 51.2138 80.7945 84.9461 14.7247 32.5106 27.7142 14.4887 27.9405 24.4842 45.2586 67.5169 101.6463 64.3504 90.9368 34.2599 42.5077 45.0454 79.0114 53.0764 9.2381 75.8582 44.5671 76.4187 84.9376 62.5953 11.3716 981.7883 683.6473 683.6473 532.3715 37.2492 263.3713 136.6188 201.7473 291.6895 941.4362 115.4663 451.1465 227.5115 0.0 360.6515 151.9978 241.4289 951.2428;
	3.6975 49.9617 86.2686 98.6511 14.7876 32.7882 29.5047 16.2882 27.0899 18.1292 33.5116 49.9927 75.2638 63.8358 124.0723 46.7435 57.9966 61.4591 81.7854 64.3635 9.8349 76.5057 35.2013 78.7074 93.093 66.2692 12.1389 1104.4699 746.5013 746.5013 707.0362 50.0054 272.6179 165.6719 200.1338 318.5072 1046.0966 163.8283 412.25 249.3562 0.0 363.7299 162.116 255.5628 1056.9934;
	3.6894 49.8521 77.8409 51.8929 14.9113 32.7335 30.8209 16.0177 26.1035 11.7851 21.7845 32.4982 48.9259 61.917 148.976 56.1258 69.6376 73.7951 82.8934 66.6264 10.2736 76.3783 0.931 80.8722 96.2737 69.7238 11.4851 1078.1912 752.7257 752.7257 753.7133 83.169 276.3113 171.4966 194.1182 321.163 1019.9804 211.1137 412.4051 257.8761 0.0 363.1241 198.5166 256.6612 1030.6052;
	3.5979 48.6153 80.5454 84.2243 14.1855 32.5676 29.6504 17.4962 27.6252 16.8861 31.2136 46.5646 70.1027 64.4969 175.3091 66.0467 81.9468 86.8392 84.293 70.0645 9.8835 75.991 33.1141 73.7129 97.1351 69.9284 12.738 1055.6457 719.0081 719.0081 728.8777 94.5374 280.9766 180.3461 202.2065 306.7768 976.8531 223.2659 438.1643 260.1834 81.6115 361.2827 160.48 245.6254 987.0286;
	3.6489 49.3042 75.8534 97.1252 14.2373 33.2403 31.1653 11.29 26.5536 19.1576 35.4126 52.8287 79.5332 59.0948 181.8771 68.5211 85.017 90.0926 84.1902 69.2768 10.3884 77.5607 46.3933 73.2971 90.2326 55.6917 11.3954 1129.7434 750.8639 750.8639 667.6689 104.15 280.634 178.3187 185.2703 320.3686 991.8311 230.7931 436.3093 241.6944 109.489 368.7458 182.9214 255.2127 1002.1626;
