function solarprofile = ex_solar_profilesh1
%EX_WIND_PROFILE_D  Example wind_load_nyiso profile data for deterministic unit commitment.
% 2022.03.12
% Andres F. Ramirez


%% define constants
[GEN_BUS, PG, QG, QMAX, QMIN, VG, MBASE, GEN_STATUS, PMAX, PMIN, ...
    MU_PMAX, MU_PMIN, MU_QMAX, MU_QMIN, PC1, PC2, QC1MIN, QC1MAX, ...
    QC2MIN, QC2MAX, RAMP_AGC, RAMP_10, RAMP_30, RAMP_Q, APF] = idx_gen;
[CT_LABEL, CT_PROB, CT_TABLE, CT_TBUS, CT_TGEN, CT_TBRCH, CT_TAREABUS, ...
    CT_TAREAGEN, CT_TAREABRCH, CT_ROW, CT_COL, CT_CHGTYPE, CT_REP, ...
    CT_REL, CT_ADD, CT_NEWVAL, CT_TLOAD, CT_TAREALOAD, CT_LOAD_ALL_PQ, ...
    CT_LOAD_FIX_PQ, CT_LOAD_DIS_PQ, CT_LOAD_ALL_P, CT_LOAD_FIX_P, ...
    CT_LOAD_DIS_P, CT_TGENCOST, CT_TAREAGENCOST, CT_MODCOST_F, ...
    CT_MODCOST_X] = idx_ct;

solarprofile = struct( ...
    'type', 'mpcData', ...
    'table', CT_TGEN, ...
    'rows', [1:12], ...
    'col', PMAX, ...
    'chgtype', 1, ...
    'values', [] );
solarprofile.values(:,1,:) = [
	0.0 0.0 0.0 0.0 0.0 0.0 0.0 0.0 0.0 0.0 0.0 0.0;
	0.0 0.0 0.0 0.0 0.0 0.0 0.0 0.0 0.0 0.0 0.0 0.0;
	0.0 0.0 0.0 0.0 0.0 0.0 0.0 0.0 0.0 0.0 0.0 0.0;
	0.0 0.0 0.0 0.0 0.0 0.0 0.0 0.0 0.0 0.0 0.0 0.0;
	0.0 0.0 0.0 0.0 0.0 0.0 0.0 0.0 0.0 0.0 0.0 0.0;
	0.0951 0.0972 0.1051 0.0 0.0 0.1251 0.0156 0.1784 0.0 0.0 0.0 0.0;
	8.4139 3.4798 3.0358 4.6308 4.2897 40.7372 5.0922 40.6781 26.8893 84.8025 12.9128 153.5779;
	4.2988 2.2979 3.0632 5.3197 9.2284 135.7611 16.9701 55.6052 65.0615 164.7993 14.1687 298.4526;
	2.9384 1.3221 2.1949 4.6167 10.2157 169.2404 21.1551 59.6283 91.9489 206.5332 15.8098 374.0329;
	16.3805 8.6411 9.9073 5.8611 8.6576 380.5206 47.5651 70.284 246.0388 77.7585 34.8765 140.8212;
	22.2851 14.7613 12.9451 9.303 8.5694 381.9555 47.7444 71.6351 243.2414 64.8026 66.7591 117.3579;
	21.5869 15.1035 13.0071 10.6191 8.9797 393.9165 49.2396 71.458 239.1886 73.6655 97.1277 133.4087;
	15.4972 14.6717 12.2658 3.5232 4.7902 382.3228 47.7904 64.3505 219.8983 201.9564 132.7993 365.7442;
	10.2445 10.9244 8.4279 2.2742 4.3112 383.8975 47.9872 63.1564 213.6547 212.6318 110.8925 385.0775;
	7.7928 7.5083 5.6812 1.0938 3.1399 361.8387 45.2298 59.4644 186.4054 166.9737 90.7915 302.3903;
	5.1044 4.3145 2.467 0.7223 1.5036 171.7104 21.4638 28.8015 25.5792 32.1708 11.5926 58.2615;
	0.8987 0.74 0.5456 0.6823 1.3368 61.9261 7.7408 11.5113 20.6731 15.2236 7.4767 27.57;
	0.0 0.0 0.0 0.0 0.0 0.0 0.0 0.0 0.0 0.0 0.0 0.0;
	0.0 0.0 0.0 0.0 0.0 0.0 0.0 0.0 0.0 0.0 0.0 0.0;
	0.0 0.0 0.0 0.0 0.0 0.0 0.0 0.0 0.0 0.0 0.0 0.0;
	0.0 0.0 0.0 0.0 0.0 0.0 0.0 0.0 0.0 0.0 0.0 0.0;
	0.0 0.0 0.0 0.0 0.0 0.0 0.0 0.0 0.0 0.0 0.0 0.0;
	0.0 0.0 0.0 0.0 0.0 0.0 0.0 0.0 0.0 0.0 0.0 0.0;
	0.0 0.0 0.0 0.0 0.0 0.0 0.0 0.0 0.0 0.0 0.0 0.0;
];
