function loadprofile = ex_load_profilesh1
%EX_LOAD_PROFILE  Example load profile data file for stochastic unit commitment.
% 2022.03.12
% Andres F. Ramirez

%% define constants
[CT_LABEL, CT_PROB, CT_TABLE, CT_TBUS, CT_TGEN, CT_TBRCH, CT_TAREABUS, ...
    CT_TAREAGEN, CT_TAREABRCH, CT_ROW, CT_COL, CT_CHGTYPE, CT_REP, ...
    CT_REL, CT_ADD, CT_NEWVAL, CT_TLOAD, CT_TAREALOAD, CT_LOAD_ALL_PQ, ...
    CT_LOAD_FIX_PQ, CT_LOAD_DIS_PQ, CT_LOAD_ALL_P, CT_LOAD_FIX_P, ...
    CT_LOAD_DIS_P, CT_TGENCOST, CT_TAREAGENCOST, CT_MODCOST_F, ...
    CT_MODCOST_X] = idx_ct;

loadprofile = struct( ...
    'type', 'mpcData', ...
    'table', CT_TAREALOAD, ...
    'rows', [1:11], ...
    'col', CT_LOAD_ALL_P, ...
    'chgtype', 1, ...
    'values', [] );
loadprofile.values(:,1,:) = [
	1465.318 907.9032 1498.7182 535.5401 674.5195 1105.8 833.8391 173.4994 490.2182 4481.3324 1676.5878;
	1414.6575 886.864 1473.7985 522.0751 678.2059 1096.0008 839.4755 175.7694 488.7 4427.707 1647.8457;
	1457.8561 910.2239 1532.039 531.9 697.5069 1110.8446 842.2 189.1983 503.1035 4449.4296 1681.7379;
	1558.4083 998.7 1633.5249 550.4421 753.8342 1197.0499 885.2483 228.9939 533.0879 4628.9135 1790.5434;
	1749.4762 1117.0798 1849.7003 575.6256 854.8258 1335.249 1000.6639 271.3824 624.3 5241.9518 2021.9345;
	1879.6545 1187.626 1934.2868 572.4838 934.0247 1460.7593 1076.2242 274.6943 668.6 5651.0091 2023.2;
	1921.7063 1222.3708 1936.3037 527.1763 931.7323 1451.8118 1088.8239 308.6814 651.6764 5914.3231 2107.7315;
	1959.0519 1212.9765 1918.4894 541.8362 920.24 1457.4683 1107.0263 298.6893 666.2388 6107.1678 1969.669;
	1919.423 1224.1 1907.4387 515.7722 915.095 1436.2841 1112.106 292.4731 665.965 6115.3143 1952.6909;
	1866.9076 1222.4921 1864.1224 490.3002 883.5747 1417.5138 1091.0781 261.7853 662.4528 6063.9092 1931.154;
	1827.1412 1209.7601 1890.2823 510.4688 869.6041 1353.4958 1094.5482 263.4374 672.0 6222.171 2005.755;
	1829.212 1179.3236 1820.2686 502.6587 851.7267 1345.9 1078.5842 282.5 667.9538 6257.1943 1959.2207;
	1787.8377 1190.502 1790.4217 506.7748 849.1082 1330.6675 1117.1801 272.4008 665.1322 6259.1773 2027.1577;
	1773.6674 1173.8162 1775.9584 506.8498 835.8551 1330.9403 1079.4641 285.0027 664.2985 6113.5592 2046.6288;
	1804.5228 1186.0 1772.3517 515.5979 801.5373 1291.4535 1046.3913 257.4231 674.1062 6198.3762 2109.8033;
	1777.4772 1178.2495 1789.664 542.2 818.5882 1345.3116 1082.8088 284.0277 699.6472 6197.4949 2194.8;
	1768.8405 1170.4891 1849.4726 537.6 867.7617 1368.2585 1115.873 305.2411 709.9 6242.1287 2284.5029;
	1782.6923 1208.8435 1912.5 538.6244 892.1911 1424.3024 1164.6883 314.8895 748.0516 6210.3401 2393.4005;
	1747.066 1231.9361 1908.5965 537.5058 885.8929 1402.6241 1154.257 317.5187 713.1312 6091.3715 2384.636;
	1704.5199 1178.3913 1826.8596 496.1968 844.9866 1328.37 1104.3 316.2722 686.6055 5921.9368 2279.9287;
	1634.0673 1095.0421 1740.8 488.5347 800.554 1247.2066 1036.4346 281.7096 641.1869 5644.6444 2134.1301;
	1524.0342 1011.8042 1595.0603 453.9605 747.3808 1149.9767 930.5 247.3345 569.5 5175.8813 1897.8407;
	1415.5 911.4149 1452.3427 489.7994 694.9731 1057.2121 842.8 232.9384 529.2106 4690.41 1726.4487;
	1391.3305 882.2271 1408.1183 500.3 636.0262 1020.8732 793.46 227.7272 496.1246 4440.3291 1657.2319;
];
