function solarprofile = ex_solar_profilesh1
%EX_WIND_PROFILE_D  Example wind_load_nyiso profile data for deterministic unit commitment.
% 2022.03.12
% Andres F. Ramirez


%% define constants
[GEN_BUS, PG, QG, QMAX, QMIN, VG, MBASE, GEN_STATUS, PMAX, PMIN, ...
    MU_PMAX, MU_PMIN, MU_QMAX, MU_QMIN, PC1, PC2, QC1MIN, QC1MAX, ...
    QC2MIN, QC2MAX, RAMP_AGC, RAMP_10, RAMP_30, RAMP_Q, APF] = idx_gen;
[CT_LABEL, CT_PROB, CT_TABLE, CT_TBUS, CT_TGEN, CT_TBRCH, CT_TAREABUS, ...
    CT_TAREAGEN, CT_TAREABRCH, CT_ROW, CT_COL, CT_CHGTYPE, CT_REP, ...
    CT_REL, CT_ADD, CT_NEWVAL, CT_TLOAD, CT_TAREALOAD, CT_LOAD_ALL_PQ, ...
    CT_LOAD_FIX_PQ, CT_LOAD_DIS_PQ, CT_LOAD_ALL_P, CT_LOAD_FIX_P, ...
    CT_LOAD_DIS_P, CT_TGENCOST, CT_TAREAGENCOST, CT_MODCOST_F, ...
    CT_MODCOST_X] = idx_ct;

solarprofile = struct( ...
    'type', 'mpcData', ...
    'table', CT_TGEN, ...
    'rows', [1:12], ...
    'col', PMAX, ...
    'chgtype', 1, ...
    'values', [] );
solarprofile.values(:,1,:) = [
	0.0 0.0 0.0 0.0 0.0 0.0 0.0 0.0 0.0 0.0 0.0 0.0;
	0.0 0.0 0.0 0.0 0.0 0.0 0.0 0.0 0.0 0.0 0.0 0.0;
	0.0 0.0 0.0 0.0 0.0 0.0 0.0 0.0 0.0 0.0 0.0 0.0;
	0.0 0.0 0.0 0.0 0.0 0.0 0.0 0.0 0.0 0.0 0.0 0.0;
	0.0 0.0 0.0 0.0 0.0 0.0 0.0 0.0 0.0 0.0 0.0 0.0;
	0.103 0.1131 0.1256 0.0 0.0 0.1251 0.0156 0.1784 0.4505 0.0 0.0 0.0;
	2.8057 2.2787 1.3302 7.2537 4.3678 79.3676 9.921 15.4403 110.4802 190.0464 143.0011 344.1752;
	6.0577 4.5702 4.0281 9.1634 9.5704 169.7296 21.2162 50.6975 150.3756 221.2684 187.5548 400.7184;
	10.9682 7.6152 7.2494 10.7223 11.5882 213.7806 26.7226 55.4133 148.6954 225.6777 155.3538 408.7036;
	22.8829 15.8998 13.6097 11.9227 11.2176 411.7869 51.4734 62.6858 251.2617 56.4564 76.7906 102.2429;
	23.885 16.0625 13.3499 11.9524 9.8137 381.6451 47.7056 58.4111 234.004 35.7016 31.9051 64.6557;
	23.6595 16.1471 13.2795 11.9725 8.964 371.7147 46.4643 59.2713 229.9482 59.4528 30.2664 107.6695;
	24.2791 16.7293 13.7391 8.9386 5.1321 400.2949 50.0369 65.1026 238.9782 207.3341 105.949 375.4834;
	21.3262 16.1449 13.3046 6.151 5.5178 426.5273 53.3159 67.7573 252.1413 213.0625 131.0734 385.8574;
	15.7398 11.7099 9.8165 3.7449 5.2522 435.978 54.4973 64.6227 256.3632 165.6324 115.6123 299.9613;
	6.8736 4.0743 5.0217 1.7111 3.6311 335.3932 41.9242 22.8666 173.0899 23.6142 27.1805 42.7655;
	0.9171 0.7592 0.6099 0.6873 1.3843 63.1617 7.8952 10.4529 39.9713 11.3275 8.0886 20.5142;
	0.0 0.0 0.0 0.0 0.0 0.0 0.0 0.0 0.0 0.0 0.0 0.0;
	0.0 0.0 0.0 0.0 0.0 0.0 0.0 0.0 0.0 0.0 0.0 0.0;
	0.0 0.0 0.0 0.0 0.0 0.0 0.0 0.0 0.0 0.0 0.0 0.0;
	0.0 0.0 0.0 0.0 0.0 0.0 0.0 0.0 0.0 0.0 0.0 0.0;
	0.0 0.0 0.0 0.0 0.0 0.0 0.0 0.0 0.0 0.0 0.0 0.0;
	0.0 0.0 0.0 0.0 0.0 0.0 0.0 0.0 0.0 0.0 0.0 0.0;
	0.0 0.0 0.0 0.0 0.0 0.0 0.0 0.0 0.0 0.0 0.0 0.0;
];
