function loadprofile = ex_load_profilesh1
%EX_LOAD_PROFILE  Example load profile data file for stochastic unit commitment.
% 2022.03.12
% Andres F. Ramirez

%% define constants
[CT_LABEL, CT_PROB, CT_TABLE, CT_TBUS, CT_TGEN, CT_TBRCH, CT_TAREABUS, ...
    CT_TAREAGEN, CT_TAREABRCH, CT_ROW, CT_COL, CT_CHGTYPE, CT_REP, ...
    CT_REL, CT_ADD, CT_NEWVAL, CT_TLOAD, CT_TAREALOAD, CT_LOAD_ALL_PQ, ...
    CT_LOAD_FIX_PQ, CT_LOAD_DIS_PQ, CT_LOAD_ALL_P, CT_LOAD_FIX_P, ...
    CT_LOAD_DIS_P, CT_TGENCOST, CT_TAREAGENCOST, CT_MODCOST_F, ...
    CT_MODCOST_X] = idx_ct;

loadprofile = struct( ...
    'type', 'mpcData', ...
    'table', CT_TAREALOAD, ...
    'rows', [1:11], ...
    'col', CT_LOAD_ALL_P, ...
    'chgtype', 1, ...
    'values', [] );
loadprofile.values(:,1,:) = [
	1478.5446 920.0335 1585.9 573.7 820.3827 1147.3 894.5581 253.5 538.4 4527.3444 1777.5776;
	1484.4295 920.6555 1594.5817 579.628 801.3246 1148.0568 898.1614 245.1372 529.5082 4461.26 1748.5484;
	1533.9813 950.7646 1641.8329 588.5 824.9062 1187.283 907.6383 258.011 553.4856 4541.6243 1808.6407;
	1605.3 1017.8449 1730.2418 600.8201 889.4179 1245.3932 955.4582 269.3812 575.0279 4677.3274 1842.0;
	1785.5811 1139.9988 1920.5448 615.7074 1010.2017 1389.3 1056.5092 302.641 643.62 5235.5713 2048.7405;
	1907.9324 1218.2426 2055.558 622.9229 1062.1435 1461.1088 1124.2 340.6633 700.0 5807.8749 2220.2111;
	1921.1181 1207.1 1989.1468 626.5417 1052.3809 1428.8241 1114.8574 341.0 708.2 6019.5594 2192.5287;
	1927.7996 1196.8024 1983.8854 616.3384 1012.7241 1424.7022 1125.7963 360.6279 740.0044 6264.7176 2249.528;
	1874.0349 1202.7263 1982.2976 618.17 1026.6904 1431.2 1168.2884 346.2 724.1204 6344.0753 2218.5419;
	1857.9652 1200.96 1971.8753 614.5396 991.4 1397.4129 1172.879 360.3 737.2 6395.4196 2239.3323;
	1871.4258 1189.4596 1968.3 613.494 955.8378 1357.4742 1173.4898 344.2022 772.1714 6405.8677 2185.9887;
	1848.2 1175.2641 1939.5871 641.3855 915.1421 1331.3021 1143.2416 337.6049 719.424 6354.7156 2109.595;
	1864.0666 1153.3589 1917.3376 612.9131 885.9677 1289.9077 1109.2498 321.7574 737.8568 6336.8806 2124.9651;
	1890.5908 1176.8126 1942.4224 614.5923 927.3507 1334.0527 1133.1286 318.2116 699.9886 6303.469 2140.7907;
	1932.4639 1163.4332 1939.7598 626.4745 914.0628 1379.2577 1267.1538 333.0906 726.334 6485.7 2280.0486;
	1869.8979 1150.8848 1908.8109 676.8653 927.2524 1372.4354 1207.4439 331.6555 702.1854 6472.01 2262.434;
	1842.4623 1174.4241 1912.0101 684.8484 944.4143 1388.2747 1292.3 361.8707 755.4846 6643.6933 2422.6631;
	1868.8 1215.8702 1947.6245 641.3218 990.7985 1451.5459 1294.5107 389.4473 763.0382 6499.3598 2510.583;
	1890.547 1201.3131 1949.9962 634.5379 984.3 1427.5073 1249.8534 396.8747 729.014 6194.1526 2407.643;
	1804.718 1138.8915 1853.8172 617.3373 933.5326 1344.6337 1226.6896 365.9 717.6667 5955.2876 2316.55;
	1726.8017 1034.9585 1734.6199 585.1 862.6 1252.7864 1123.7652 333.3803 655.7807 5718.9116 2150.0906;
	1654.3205 964.9526 1640.3112 574.4475 802.5223 1164.3 1034.501 289.9 600.4 5308.2767 1985.028;
	1609.5255 938.4992 1538.2803 562.2423 767.4788 1144.0693 938.7819 244.7 551.0625 4760.7899 1858.4892;
	1596.9242 914.5 1541.7 559.6038 763.046 1133.8471 922.262 249.3928 543.1052 4608.9899 1797.2852;
];
