function loadprofile = ex_load_profilesh1
%EX_LOAD_PROFILE  Example load profile data file for stochastic unit commitment.
% 2022.03.12
% Andres F. Ramirez

%% define constants
[CT_LABEL, CT_PROB, CT_TABLE, CT_TBUS, CT_TGEN, CT_TBRCH, CT_TAREABUS, ...
    CT_TAREAGEN, CT_TAREABRCH, CT_ROW, CT_COL, CT_CHGTYPE, CT_REP, ...
    CT_REL, CT_ADD, CT_NEWVAL, CT_TLOAD, CT_TAREALOAD, CT_LOAD_ALL_PQ, ...
    CT_LOAD_FIX_PQ, CT_LOAD_DIS_PQ, CT_LOAD_ALL_P, CT_LOAD_FIX_P, ...
    CT_LOAD_DIS_P, CT_TGENCOST, CT_TAREAGENCOST, CT_MODCOST_F, ...
    CT_MODCOST_X] = idx_ct;

loadprofile = struct( ...
    'type', 'mpcData', ...
    'table', CT_TAREALOAD, ...
    'rows', [1:11], ...
    'col', CT_LOAD_ALL_P, ...
    'chgtype', 1, ...
    'values', [] );
loadprofile.values(:,1,:) = [
	1492.5 936.6641 1574.4077 545.2504 741.9524 1100.3703 813.0888 231.3426 511.9 4308.9695 1681.8264;
	1462.8591 939.2 1587.7197 551.1 744.2287 1105.4274 816.2 237.501 497.5186 4270.9173 1660.4254;
	1462.6234 956.3553 1633.0162 553.0 752.4 1122.6445 825.3598 241.0 495.2894 4329.9739 1685.7296;
	1533.5512 1017.9079 1724.3 572.0088 815.6087 1201.3237 878.7756 255.6 538.962 4547.9187 1787.5607;
	1693.7493 1136.7 1907.6809 580.6634 911.8392 1339.162 987.8597 307.8708 620.7537 5073.5675 1972.4664;
	1819.1047 1231.9 2046.393 586.4 982.5627 1473.4687 1079.498 353.1764 685.7 5689.6421 2110.4349;
	1830.8546 1238.0869 2019.5 561.8 973.6 1461.4176 1077.633 353.1001 679.4641 6009.9397 2109.9357;
	1805.9795 1220.4 1974.1125 550.8008 978.5389 1471.5751 1065.6082 344.7942 682.0169 6153.5635 2106.4566;
	1835.1 1223.8617 1963.6155 548.6179 959.4623 1453.6913 1033.8709 346.2 681.2071 6038.3541 2041.7;
	1771.1409 1200.1071 1899.0337 540.5944 951.9327 1425.5857 1018.0391 324.6499 671.132 5947.8837 1971.5477;
	1819.9382 1187.8 1863.7 533.8878 940.0952 1409.2802 1000.894 331.4617 659.4 6081.2087 1990.6467;
	1797.557 1184.8681 1901.9855 543.6884 926.6413 1352.3 945.0871 295.6639 630.3946 6040.2273 1904.4087;
	1811.4 1180.2906 1848.8273 531.3042 902.2579 1289.2031 948.1763 294.2179 648.9742 5920.7371 1865.6087;
	1796.5637 1174.6833 1848.1099 538.0 891.4818 1262.4416 905.0998 287.8041 623.8 5800.5104 1828.5211;
	1813.0371 1188.7 1890.6656 533.3 900.9569 1327.306 952.5893 284.0824 616.526 6009.0883 1839.7026;
	1782.5253 1158.2863 1822.6 532.8888 882.2887 1322.4836 890.1207 291.4025 578.5317 5698.1738 1979.9682;
	1784.3683 1156.8453 1863.5822 553.978 896.5165 1393.1051 999.4991 311.1026 599.0213 5949.3779 2216.0328;
	1806.8438 1207.6077 1934.2952 549.721 948.7807 1459.7036 1076.3889 336.6717 643.6263 5935.7948 2322.4886;
	1831.2242 1180.2 1905.4445 552.7712 935.9508 1459.8038 1077.0802 321.7927 636.5399 5671.2989 2115.489;
	1768.4687 1110.1839 1815.9255 531.1471 884.0984 1375.1 1015.3264 320.5 638.1963 5666.5 2208.6;
	1643.0401 1020.4857 1675.8045 515.4549 817.7096 1258.3351 935.4681 296.182 578.8666 5241.2817 1982.9269;
	1502.076 960.2813 1630.6115 509.7 792.6 1137.6053 872.075 272.0 532.8762 4983.8615 1805.135;
	1416.5678 918.9559 1559.1362 491.9047 752.9194 1101.5 853.8839 250.3443 533.4 4713.3639 1804.5872;
	1417.5538 873.2112 1528.3433 492.8234 721.2182 1101.2315 811.1916 257.4 515.4564 4497.8286 1703.4;
];
