function windprofile = ex_wind_profilesh1
%EX_WIND_PROFILE_D  Example wind_load_nyiso profile data for deterministic unit commitment.
% 2022.03.12
% Andres F. Ramirez


%% define constants
[GEN_BUS, PG, QG, QMAX, QMIN, VG, MBASE, GEN_STATUS, PMAX, PMIN, ...
    MU_PMAX, MU_PMIN, MU_QMAX, MU_QMIN, PC1, PC2, QC1MIN, QC1MAX, ...
    QC2MIN, QC2MAX, RAMP_AGC, RAMP_10, RAMP_30, RAMP_Q, APF] = idx_gen;
[CT_LABEL, CT_PROB, CT_TABLE, CT_TBUS, CT_TGEN, CT_TBRCH, CT_TAREABUS, ...
    CT_TAREAGEN, CT_TAREABRCH, CT_ROW, CT_COL, CT_CHGTYPE, CT_REP, ...
    CT_REL, CT_ADD, CT_NEWVAL, CT_TLOAD, CT_TAREALOAD, CT_LOAD_ALL_PQ, ...
    CT_LOAD_FIX_PQ, CT_LOAD_DIS_PQ, CT_LOAD_ALL_P, CT_LOAD_FIX_P, ...
    CT_LOAD_DIS_P, CT_TGENCOST, CT_TAREAGENCOST, CT_MODCOST_F, ...
    CT_MODCOST_X] = idx_ct;

windprofile = struct( ...
    'type', 'mpcData', ...
    'table', CT_TGEN, ...
    'rows', [1:45], ...
    'col', PMAX, ...
    'chgtype', 1, ...
    'values', [] );
windprofile.values(:,1,:) = [
	3.5144 47.4867 87.3264 115.3511 13.8977 15.9049 15.5022 18.0366 26.9279 24.3681 45.044 67.1968 101.1644 6.9386 24.0022 9.0427 11.2196 11.8895 16.4294 31.0358 5.1674 37.1115 55.1459 84.6555 99.3059 70.5329 7.8155 682.5841 379.0254 379.0254 214.2962 36.1692 54.7646 79.8863 21.7534 161.7175 495.6798 56.7931 286.9711 265.9981 15.5894 176.4387 107.8514 208.6629 500.8431;
	3.6267 49.0045 94.2321 120.2214 14.2656 18.2021 14.6981 18.5677 26.6324 24.7144 45.6842 68.1519 102.6023 7.2603 20.4567 7.7069 9.5623 10.1332 13.9863 17.1164 4.8994 42.4716 59.4674 88.5203 104.4958 74.2252 7.991 702.5403 360.8021 360.8021 179.2673 31.0489 46.621 44.0576 22.762 153.9422 502.4269 52.61 303.2884 279.8994 15.4354 201.9223 107.4055 221.1898 507.6605;
	3.335 45.063 91.5385 114.8693 14.1034 14.2027 13.1194 18.179 26.085 23.2898 43.0509 64.2235 96.6882 8.4581 19.5794 7.3764 9.1522 9.6986 22.2338 22.7461 4.3731 33.1397 58.8536 84.3392 99.4906 70.1192 8.3806 633.0851 337.312 337.312 158.8544 33.1157 74.1127 58.5485 26.5171 143.9198 432.9671 37.5191 230.0124 266.4927 12.1158 157.5557 86.0837 191.2172 437.4772;
	2.9632 40.04 90.1965 112.5637 14.0772 15.3277 12.4921 18.0539 26.0605 23.3502 43.1625 64.3899 96.9386 10.0902 15.5832 5.8709 7.2842 7.7191 12.8647 25.8678 4.164 35.7646 64.9385 85.4163 102.3959 74.8069 10.1519 497.0454 268.5931 268.5931 172.734 28.8101 42.8822 66.5839 31.6341 114.5997 323.1433 30.4554 177.7535 274.2748 6.1396 170.0349 80.2431 191.928 326.5093;
	2.429 32.8213 87.3073 112.5857 13.5101 16.6363 10.8276 18.1536 14.6949 18.9423 35.0146 52.235 78.6394 14.2718 19.0133 7.1632 8.8876 9.4182 20.5217 27.2446 3.6092 38.818 52.3597 83.5711 102.3516 72.9127 9.8403 384.5876 210.5625 210.5625 155.7701 26.4179 68.4057 70.1278 44.7439 89.84 202.613 31.5769 164.8905 274.156 12.6704 184.5517 86.4684 204.3342 204.7236;
	2.8676 38.7473 89.9408 115.6921 13.2514 23.7538 10.7798 18.2378 7.2625 18.867 34.8753 52.0271 78.3265 28.7416 18.9619 7.1438 8.8636 9.3927 34.2205 28.4705 3.5933 55.4256 59.2997 85.4792 103.8059 71.0955 8.4494 297.1997 195.452 195.452 146.9932 22.7799 114.0684 73.2832 90.1089 83.3928 164.8368 35.665 174.8105 278.0515 9.8732 263.5089 90.3376 210.3502 166.5539;
	2.3513 31.7716 86.3918 110.2136 12.1286 22.8975 11.0402 16.4559 9.2067 24.1681 44.6744 66.6454 100.3344 39.2447 23.3313 8.7899 10.906 11.5571 37.3642 34.676 3.6801 53.4274 64.4997 82.8649 98.9827 69.3806 10.7252 235.0177 204.4013 204.4013 108.8419 13.7605 124.5473 89.2561 123.0375 87.2112 167.63 23.2475 125.593 265.1321 8.1851 254.0093 87.5552 211.1296 169.3761;
	1.7056 23.0467 64.1848 110.7836 13.1772 19.5572 11.8923 17.22 17.8204 27.2988 50.4614 75.2785 113.3314 40.8407 27.7523 10.4555 12.9726 13.7471 54.9729 55.622 3.9641 45.6335 72.7259 83.0011 99.9535 69.5219 12.4296 139.3936 175.4281 175.4281 109.9155 9.7459 183.243 143.1712 128.041 74.8493 114.0339 21.8297 161.4824 267.7325 7.5177 216.9546 89.4634 196.4275 115.2217;
	2.6737 36.1274 81.8856 102.7814 13.9469 25.5689 11.0145 17.5321 20.3651 28.3919 52.4819 78.2927 117.8693 46.5381 21.3219 8.0329 9.9667 10.5618 68.9604 56.391 3.6715 59.6608 71.8271 82.4156 98.6796 68.3999 11.9136 151.919 163.1469 163.1469 110.873 7.2901 229.8679 145.1506 145.9031 69.6094 144.7551 51.8101 138.8132 264.3202 15.6319 283.6444 81.6627 225.852 146.2629;
	1.8925 25.5716 77.528 104.3855 11.4955 14.9617 9.654 17.3249 24.2508 28.3178 52.3451 78.0886 117.5619 43.0249 29.2956 11.037 13.694 14.5115 73.7189 57.1568 3.218 34.9107 69.5236 82.7127 99.0992 68.0874 11.8822 268.6635 246.0148 246.0148 134.5616 8.3197 245.7297 147.1217 134.8888 104.9663 251.359 25.2931 33.5054 265.4443 0.3605 165.9753 77.6621 196.7228 253.9773;
	1.6131 21.7959 71.5203 101.562 10.9587 28.3209 13.4537 16.2619 25.3951 26.029 48.1141 71.7768 108.0596 49.2093 28.4787 10.7292 13.3121 14.1069 67.9507 42.0535 4.4846 66.0822 58.3015 82.9252 92.064 69.3102 11.6386 382.1112 304.5124 304.5124 182.3049 12.2303 226.5022 108.2459 154.2778 129.9253 332.794 29.389 164.4275 246.6 2.3531 314.1734 91.7916 182.929 336.2606;
	1.8661 25.2148 83.8867 94.647 11.5433 32.3854 19.5485 17.007 25.861 27.7001 51.2032 76.3851 114.9974 49.915 29.8326 11.2393 13.945 14.7776 81.9965 59.7639 6.5162 75.566 69.4055 86.5834 98.1934 69.6491 12.1357 476.4039 376.728 376.728 296.4573 16.4017 273.3217 153.8325 156.4902 160.7373 436.4397 42.8325 209.3999 263.0181 27.3352 359.2622 107.9857 193.3596 440.9859;
	3.0206 40.8152 89.6185 94.6941 13.6949 33.3184 20.3631 17.1227 26.0385 27.6468 51.1046 76.2381 114.776 54.301 41.9151 15.7913 19.5929 20.7626 86.4432 67.297 6.7877 77.743 73.2287 88.2784 103.5969 69.2505 11.3225 615.9252 449.201 449.201 313.7007 23.8367 288.1439 173.2227 170.241 191.6591 591.9088 58.6036 214.513 277.4917 28.8041 369.6126 141.0755 211.2141 598.0745;
	3.6779 49.696 86.8494 110.4145 14.4577 33.0321 22.2946 17.6175 26.0899 29.6447 54.7978 81.7475 123.0704 53.7417 63.5972 23.9599 29.728 31.5028 87.9476 61.6183 7.4315 77.0748 70.4695 88.8122 102.9936 70.3286 11.9547 789.1116 586.9873 586.9873 395.0048 28.8105 293.1588 158.6056 168.4874 250.4479 719.3678 81.8386 288.8339 275.8756 36.8012 366.4356 147.0065 247.3106 726.8612;
	3.728 50.3738 88.1793 109.9576 13.9844 34.4809 25.5692 17.5355 25.9937 25.9343 47.9391 71.5157 107.6665 61.1846 99.7028 37.5625 46.6053 49.3877 86.9555 62.0321 8.5231 80.4554 48.4601 88.6103 103.1252 69.4135 12.3656 930.2512 661.2966 661.2966 486.9479 34.461 289.8517 159.6708 191.8219 282.1532 905.5461 111.2529 410.9858 276.2282 50.5545 382.5079 155.0725 245.4859 914.9789;
	3.751 50.6847 91.4681 114.169 14.729 33.6429 26.9767 18.0507 26.4595 20.151 37.2488 55.5678 83.6571 62.5847 136.0018 51.2379 63.5729 67.3683 87.9965 69.1092 8.9922 78.5 44.1025 90.1198 105.781 71.1602 12.6608 986.7429 719.0353 719.0353 645.5077 46.6028 293.3217 177.8873 196.2114 306.7884 942.4905 156.5205 362.1322 283.342 99.9843 373.2114 162.7251 266.7837 952.3081;
	3.796 51.2923 92.0277 117.0421 15.0674 34.6845 29.9653 18.6251 26.7793 21.3458 39.4574 58.8627 88.6174 65.6869 171.7239 64.696 80.271 85.0633 86.9198 70.9761 9.9884 80.9305 31.6075 90.0625 106.0221 72.9684 12.9566 1022.1833 760.8342 760.8342 676.6029 78.6799 289.7328 182.6927 205.9374 324.6226 982.4946 199.4121 414.726 283.9877 53.4045 384.7666 203.3132 276.3829 992.7289;
	3.7506 50.6782 93.1119 115.7407 14.8047 34.1761 27.7277 18.1561 26.1022 18.657 34.4871 51.448 77.4547 64.7671 188.4223 70.987 88.0765 93.3348 88.2912 71.8033 9.2426 79.7442 36.831 89.9118 105.6936 73.431 13.178 1124.3641 769.2191 769.2191 704.4936 91.9223 294.3039 184.8219 203.0537 328.2002 1029.9173 226.8134 410.459 283.1078 115.8739 379.1268 192.6649 267.4566 1040.6456;
	3.6985 49.9745 92.0967 115.8412 14.3719 33.9539 29.3417 13.4912 26.0168 20.0239 37.0139 55.2175 83.1297 65.4248 185.5758 69.9146 86.7459 91.9247 87.5076 68.252 9.7806 79.2257 51.5314 88.8976 105.1343 66.0502 13.028 1121.7164 749.2572 749.2572 638.3917 102.3429 291.692 175.6809 205.1155 319.6831 1007.0356 227.6267 419.7413 281.6098 120.4949 376.6618 198.7659 272.1181 1017.5255;
