function windprofile = ex_wind_profilesh1
%EX_WIND_PROFILE_D  Example wind_load_nyiso profile data for deterministic unit commitment.
% 2022.03.12
% Andres F. Ramirez


%% define constants
[GEN_BUS, PG, QG, QMAX, QMIN, VG, MBASE, GEN_STATUS, PMAX, PMIN, ...
    MU_PMAX, MU_PMIN, MU_QMAX, MU_QMIN, PC1, PC2, QC1MIN, QC1MAX, ...
    QC2MIN, QC2MAX, RAMP_AGC, RAMP_10, RAMP_30, RAMP_Q, APF] = idx_gen;
[CT_LABEL, CT_PROB, CT_TABLE, CT_TBUS, CT_TGEN, CT_TBRCH, CT_TAREABUS, ...
    CT_TAREAGEN, CT_TAREABRCH, CT_ROW, CT_COL, CT_CHGTYPE, CT_REP, ...
    CT_REL, CT_ADD, CT_NEWVAL, CT_TLOAD, CT_TAREALOAD, CT_LOAD_ALL_PQ, ...
    CT_LOAD_FIX_PQ, CT_LOAD_DIS_PQ, CT_LOAD_ALL_P, CT_LOAD_FIX_P, ...
    CT_LOAD_DIS_P, CT_TGENCOST, CT_TAREAGENCOST, CT_MODCOST_F, ...
    CT_MODCOST_X] = idx_ct;

windprofile = struct( ...
    'type', 'mpcData', ...
    'table', CT_TGEN, ...
    'rows', [1:45], ...
    'col', PMAX, ...
    'chgtype', 1, ...
    'values', [] );
windprofile.values(:,1,:) = [
	3.7114 50.1491 90.8814 113.9562 15.2713 16.1276 14.9562 17.9909 27.2591 24.2635 44.8507 66.9084 100.7303 6.2163 22.4458 8.4563 10.4921 11.1185 13.1616 27.3225 4.9854 37.631 54.6272 83.4853 98.7445 70.6742 7.978 696.6199 408.9864 408.9864 241.4715 36.314 43.8721 70.3283 19.4889 174.5009 523.327 56.1725 303.037 264.4942 15.0347 178.9084 127.9424 218.9781 528.7783;
	3.7274 50.3652 91.7579 115.7195 15.0814 17.9057 15.474 17.9496 27.1057 23.649 43.7148 65.2139 98.1792 7.1004 9.9622 3.7532 4.6568 4.9348 10.0639 13.04 5.158 41.78 59.8627 86.1984 98.7214 71.2774 7.6695 697.7959 395.9976 395.9976 197.521 34.226 33.5462 33.565 22.2606 168.959 532.7895 55.7692 319.9001 264.4324 13.9278 198.634 125.2852 221.0229 538.3394;
	3.4895 47.151 91.4155 114.5242 15.2154 15.3914 14.3906 18.3785 27.4593 23.4984 43.4364 64.7986 97.5539 8.6673 18.4221 6.9404 8.6113 9.1254 21.4179 24.6268 4.7969 35.9133 64.9221 86.3207 98.5645 72.5927 8.8955 590.4498 347.2449 347.2449 175.6547 29.6479 71.3929 63.3894 27.1733 148.1578 415.7048 41.767 265.6986 264.0121 26.6827 170.7421 100.7467 212.7544 420.035;
	3.2714 44.2042 93.5809 114.5767 15.3081 15.9332 12.7669 18.2853 27.1249 23.3264 43.1185 64.3244 96.84 11.0452 14.7822 5.5691 6.9098 7.3224 13.2912 23.2277 4.2556 37.1776 65.7576 87.0201 100.7216 74.3369 10.3298 502.5909 275.3786 275.3786 181.7241 25.1771 44.3041 59.7882 34.6282 117.4949 317.6851 31.0794 201.532 269.7901 17.2246 176.7528 93.4772 207.4823 320.9944;
	2.6788 36.1969 92.7819 113.7378 15.0143 16.4144 11.4714 17.9577 17.3771 21.0851 38.9755 58.1439 87.5352 15.5185 15.8016 5.9531 7.3863 7.8273 19.8613 21.5323 3.8238 38.3002 54.3586 83.9873 98.5457 72.9532 9.8379 360.7788 203.9158 203.9158 155.8953 23.8133 66.2042 55.4241 48.6524 87.0041 183.3824 27.8435 183.8713 263.9617 14.6696 182.0899 97.2132 214.4366 185.2927;
	3.4325 46.3812 91.9068 115.48 14.7455 24.5607 11.8124 18.0212 10.6617 21.1669 39.1267 58.3694 87.8748 29.9067 18.8467 7.1004 8.8098 9.3357 35.4548 28.617 3.9375 57.3083 62.5629 82.5917 96.5797 72.4057 8.5859 318.9291 200.516 200.516 153.7412 21.8997 118.1828 73.6603 93.7615 85.5535 181.1598 29.1363 196.4968 258.6957 15.5008 272.46 101.2031 212.8952 183.0469;
	2.802 37.8616 88.5227 110.0166 13.7082 23.9692 13.0821 16.4548 13.0133 26.2214 48.4699 72.3076 108.8587 39.7363 25.7936 9.7176 12.057 12.7768 36.0094 39.9736 4.3607 55.9281 67.6434 81.6875 94.6912 70.7486 10.9511 268.0723 226.8397 226.8397 116.3305 12.8893 120.0315 102.8921 124.5785 96.7849 198.2487 20.3131 166.1133 253.6371 10.0008 265.8981 102.1818 226.9317 200.3137;
	2.1704 29.3273 69.6363 111.135 14.4657 20.6293 13.3456 17.1794 20.8722 27.6762 51.1591 76.3193 114.8983 38.4562 25.3342 9.5445 11.8422 12.5492 48.7956 55.1604 4.4485 48.135 71.5781 82.1471 92.9472 71.2685 12.4234 151.2037 189.2619 189.2619 104.3047 7.9819 162.652 141.9831 120.5655 80.7517 138.8399 17.4897 185.2293 248.9657 9.9434 228.8474 98.6934 208.526 140.2862;
	3.0208 40.8176 85.3533 107.1584 14.3154 25.2125 13.8656 17.636 23.7085 28.2277 52.1784 77.84 117.1876 43.6852 21.1822 7.9803 9.9015 10.4926 63.1386 57.3898 4.6219 58.8291 71.2617 81.796 94.7987 69.8963 11.9655 138.1129 162.3115 162.3115 92.4341 5.5145 210.462 147.7214 136.959 69.2529 147.137 19.109 150.5343 253.925 19.2156 279.6902 92.7471 238.9394 148.6697;
	2.2982 31.0535 88.2578 115.9233 13.6566 15.6392 14.9718 18.3999 27.7381 30.4945 56.3686 84.0908 126.5982 44.4865 87.0702 32.8032 40.7002 43.1301 77.9829 54.2814 4.9906 36.4914 74.1624 83.9441 99.3114 74.996 12.5079 231.5943 253.208 253.208 111.7116 7.3296 259.9431 139.7204 139.4713 108.0354 243.3953 26.8519 251.8477 266.0127 11.9063 173.4904 89.548 227.3 245.9306;
	1.7738 23.9675 82.1155 109.9316 13.0101 27.4399 16.1527 18.3175 28.2734 30.3378 56.0789 83.6586 125.9476 51.56 22.159 8.3483 10.358 10.9764 65.9918 39.4033 5.3842 64.0264 72.7692 84.2975 92.961 73.6466 12.1417 298.3715 301.6633 301.6633 159.2704 9.9924 219.9727 101.4241 161.6475 128.7097 326.9713 26.6724 185.383 249.0025 4.6185 304.3998 102.2433 198.2934 330.3772;
	1.6387 22.1426 86.2138 93.4363 11.9014 29.6536 19.6231 18.2373 27.8277 29.8403 55.1593 82.2868 123.8823 47.382 10.9433 4.1228 5.1154 5.4208 76.7201 52.3001 6.541 69.1918 73.3552 80.9895 89.8487 71.8543 12.7588 366.2867 353.562 353.562 251.0106 9.6137 255.7336 134.6207 148.549 150.8531 431.0964 36.1139 195.9755 240.6661 1.0388 328.9578 106.0336 186.2878 435.587;
	2.9603 40.0003 90.1562 95.084 14.0247 31.562 21.7979 18.1791 28.2002 30.8457 57.0179 85.0595 128.0566 56.1601 40.1646 15.1318 18.7746 19.8955 80.3829 63.578 7.266 73.6447 74.7082 83.8983 98.8704 73.7664 12.8665 579.6295 422.0956 422.0956 272.0667 12.5292 267.943 163.6498 176.0696 180.0941 601.6405 46.3577 228.916 264.8313 26.16 350.1278 135.0372 220.9057 607.9076;
	3.5873 48.472 87.6786 112.9723 14.367 30.8962 23.259 18.5193 28.1997 31.05 57.3954 85.6226 128.9044 57.1064 63.4746 23.9137 29.6707 31.442 86.1694 58.9929 7.753 72.0911 71.5416 83.8095 99.7582 74.4835 13.1047 736.2822 566.2852 566.2852 371.7351 21.9827 287.2314 151.8478 179.0364 241.615 754.2208 75.5778 296.2343 267.2094 9.708 342.7418 144.9108 252.2031 762.0773;
	3.7722 50.971 89.1654 113.4689 14.7468 33.1478 28.4107 18.2391 28.4975 27.5762 50.9742 76.0435 114.483 63.7362 95.8095 36.0957 44.7854 47.4591 84.2864 56.3632 9.4702 77.3449 52.0799 85.9238 98.7102 72.5093 13.6895 896.9082 657.0189 657.0189 478.4725 28.5798 280.9547 145.0789 199.8217 280.328 963.5462 108.2525 442.9461 264.4022 5.5374 367.7196 159.9946 257.7109 973.5831;
	3.8367 51.842 92.2368 115.4671 14.8075 34.8114 30.1595 18.8659 28.4775 23.0313 42.5729 63.5104 95.6146 64.7237 141.3744 53.262 66.0843 70.0297 86.0903 67.2697 10.0532 81.2266 48.3125 87.7285 103.9553 74.9746 13.719 1024.9168 714.2735 714.2735 656.8227 42.3312 286.9676 173.1523 202.9175 304.7567 1045.0826 156.4821 412.8163 278.4518 48.5485 386.1747 185.6211 266.1688 1055.9689;
	3.6696 49.5843 91.5379 114.7223 14.2719 34.3487 30.4171 17.8111 28.279 20.874 38.5853 57.5617 86.6588 64.2811 179.8243 67.7477 84.0574 89.0757 83.9577 71.9368 10.139 80.147 31.8831 86.2458 98.7242 75.6398 12.4201 925.6168 731.0544 731.0544 707.3589 75.2866 279.8589 185.1654 201.5298 311.9166 1012.458 203.4154 426.3575 264.4398 0.2031 381.0416 211.683 275.9913 1023.0044;
	3.7843 51.1343 93.6279 113.8563 14.256 34.0915 30.7213 17.9801 28.3181 18.4384 34.0831 50.8453 76.5473 63.8287 183.6315 69.1821 85.8371 90.9617 78.6931 70.0867 10.2404 79.5468 31.7558 85.356 102.0173 74.5818 12.9982 1047.4188 776.692 776.692 731.0208 93.3796 262.3103 180.4035 200.1115 331.3886 1101.6639 231.1551 455.8035 273.2607 103.0337 378.1882 205.8734 272.4967 1113.1395;
	3.9093 52.8232 93.0536 117.6107 15.0011 34.9345 31.8459 13.7315 28.2797 22.0895 40.8322 60.9136 91.7051 65.8801 192.2138 72.4154 89.8488 95.2129 72.6675 66.7985 10.6153 81.5139 52.7136 86.0417 104.1775 61.889 12.8062 1163.4138 808.4539 808.4539 725.4064 104.6589 242.225 171.9395 206.543 344.9403 1152.3582 248.2127 466.8458 279.0469 115.2796 387.5402 215.9921 275.2956 1164.3619;
