function windprofile = ex_wind_profilesh1
%EX_WIND_PROFILE_D  Example wind_load_nyiso profile data for deterministic unit commitment.
% 2022.03.12
% Andres F. Ramirez


%% define constants
[GEN_BUS, PG, QG, QMAX, QMIN, VG, MBASE, GEN_STATUS, PMAX, PMIN, ...
    MU_PMAX, MU_PMIN, MU_QMAX, MU_QMIN, PC1, PC2, QC1MIN, QC1MAX, ...
    QC2MIN, QC2MAX, RAMP_AGC, RAMP_10, RAMP_30, RAMP_Q, APF] = idx_gen;
[CT_LABEL, CT_PROB, CT_TABLE, CT_TBUS, CT_TGEN, CT_TBRCH, CT_TAREABUS, ...
    CT_TAREAGEN, CT_TAREABRCH, CT_ROW, CT_COL, CT_CHGTYPE, CT_REP, ...
    CT_REL, CT_ADD, CT_NEWVAL, CT_TLOAD, CT_TAREALOAD, CT_LOAD_ALL_PQ, ...
    CT_LOAD_FIX_PQ, CT_LOAD_DIS_PQ, CT_LOAD_ALL_P, CT_LOAD_FIX_P, ...
    CT_LOAD_DIS_P, CT_TGENCOST, CT_TAREAGENCOST, CT_MODCOST_F, ...
    CT_MODCOST_X] = idx_ct;

windprofile = struct( ...
    'type', 'mpcData', ...
    'table', CT_TGEN, ...
    'rows', [1:45], ...
    'col', PMAX, ...
    'chgtype', 1, ...
    'values', [] );
windprofile.values(:,1,:) = [
	3.6592 49.4437 89.8737 114.3567 14.7507 15.4819 14.8356 18.3381 27.2993 25.0199 46.2489 68.9942 103.8704 5.6657 26.5201 9.9913 12.3966 13.1367 14.4915 28.9653 4.9452 36.1243 59.4068 86.8513 102.4903 74.7667 8.4451 651.8062 403.39 403.39 218.3099 36.7143 48.3051 74.5569 17.7628 172.1131 529.34 54.437 319.6167 274.5277 15.0905 171.7454 120.947 242.1943 534.8539;
	3.4632 46.7952 87.3469 111.1027 14.1443 16.1889 13.2928 17.271 26.1592 24.312 44.9404 67.0423 100.9318 3.5793 16.8112 6.3335 7.8583 8.3274 13.0434 15.5836 4.4309 37.7741 59.993 85.667 97.5611 73.7202 7.5988 644.7241 369.6242 369.6242 183.8097 32.7069 43.4781 40.1122 11.2217 157.7063 504.5187 55.4706 302.1979 261.3245 12.6323 179.5889 104.5067 225.4357 509.7741;
	3.1946 43.1655 90.734 112.1544 14.7251 14.0331 11.5384 17.6214 26.3944 24.3824 45.0705 67.2363 101.2239 5.0286 10.0892 3.8011 4.7161 4.9977 18.2655 16.0299 3.8461 32.7439 65.1577 88.0018 98.7806 74.1648 8.875 596.0899 342.7038 342.7038 155.3182 33.5311 60.8849 41.2609 15.7654 146.2203 419.4933 39.7716 215.5603 264.591 15.5625 155.6739 88.3537 217.4954 423.8631;
	3.0298 40.939 90.089 110.1862 15.0821 13.9565 11.4933 17.3099 26.074 24.7228 45.6997 68.1749 102.637 10.022 7.8046 2.9404 3.6482 3.866 9.8266 19.9477 3.8311 32.5652 65.0906 87.8056 100.2585 75.2629 9.8103 494.8461 270.8392 270.8392 166.5207 30.5312 32.7552 51.3455 31.4204 115.5581 327.577 31.1793 171.6452 268.5496 11.7785 154.824 79.0111 216.8961 330.9892;
	2.3274 31.4477 89.5594 109.9434 14.6151 14.3476 10.2844 17.552 16.7606 21.7886 40.2759 60.0838 90.4558 15.127 10.1268 3.8152 4.7337 5.0163 20.9773 22.6456 3.4281 33.4777 56.7375 87.7535 99.6302 75.3092 9.8812 399.3623 214.9593 214.9593 152.2759 27.5514 69.9242 58.2897 47.4253 91.716 205.6157 32.765 166.5474 266.8667 12.2765 159.1625 80.0698 224.827 207.7575;
	2.8654 38.7179 90.3868 110.9635 14.2202 22.3335 12.0423 17.4635 10.7557 19.2262 35.5394 53.0177 79.8179 27.5473 16.6061 6.2563 7.7624 8.2258 33.3128 25.6575 4.0141 52.1115 57.2658 87.2158 97.7446 74.2885 8.1306 359.1333 203.011 203.011 146.4289 27.3261 111.0427 66.0426 86.3645 86.618 181.3786 36.546 197.9478 261.816 10.3806 247.7531 84.7113 234.3636 183.2679;
	2.3507 31.763 91.5209 110.4433 14.2908 23.1975 12.0497 17.6258 11.7589 25.4349 47.0161 70.1387 105.5935 41.868 19.0467 7.1757 8.9032 9.4348 39.0558 34.7689 4.0166 54.1276 64.6623 88.3771 100.4147 74.7312 11.2271 284.4682 234.2371 234.2371 125.7156 17.2989 130.1861 89.4952 131.2619 99.9412 196.2738 26.7385 159.2554 268.9679 10.4208 257.3379 91.3694 249.6818 198.3184;
	1.7156 23.1818 71.6291 106.2539 14.8399 19.323 12.3451 17.3948 17.3174 24.9873 46.1886 68.9043 103.7351 38.1279 15.6262 5.8871 7.3044 7.7404 51.7968 49.3332 4.115 45.087 65.2697 86.3579 97.3707 72.9896 12.0172 155.4359 182.0176 182.0176 100.6415 9.2468 172.656 126.9838 119.536 77.6608 118.4829 28.9721 172.5315 260.8143 3.7149 214.3564 92.1046 217.0742 119.7171;
	2.7214 36.7726 89.3542 105.9766 14.8957 24.7011 11.523 18.4473 20.6932 26.2483 48.5197 72.3818 108.9704 41.8779 13.1723 4.9626 6.1573 6.5249 61.7229 53.9667 3.841 57.636 68.9573 89.0097 102.3355 74.3414 12.4157 135.9299 155.7189 155.7189 93.3421 6.4956 205.7432 138.9105 131.293 66.4401 121.3644 23.9544 144.9381 274.1131 14.5721 274.018 82.8494 244.0808 122.6286;
	1.8123 24.4888 85.2319 106.1892 13.062 13.8839 10.4274 18.0961 25.7029 27.5981 51.0147 76.1039 114.574 38.375 10.0715 3.7944 4.7078 4.9889 74.6191 49.0371 3.4758 32.3957 69.156 86.0151 98.498 73.804 13.0255 237.1535 222.8765 222.8765 96.6769 6.5688 248.7303 126.2216 120.3109 95.094 214.6792 22.2245 24.3332 263.8339 18.4459 154.0183 76.1691 214.1816 216.9154;
	1.4835 20.0455 79.3586 101.4408 12.2689 24.8501 13.8905 17.8815 26.3608 25.2235 46.6252 69.5557 104.7157 36.8544 6.312 2.378 2.9505 3.1267 70.0137 37.0433 4.6302 57.9835 68.3899 88.0968 97.0853 75.2148 12.9484 350.1336 269.2916 269.2916 142.3486 6.079 233.3791 95.3496 115.5434 114.8977 310.1004 21.0448 149.8142 260.0499 4.7012 275.67 80.4438 186.9536 313.3306;
	1.6983 22.9482 84.8833 94.2478 11.5213 31.2266 19.9767 18.5178 26.9903 27.231 50.3362 75.0917 113.0501 41.8979 1.2813 0.4827 0.599 0.6347 81.8753 52.156 6.6589 72.8621 69.6475 86.7496 100.6498 73.4133 13.8429 452.2915 333.4632 333.4632 256.4654 13.5999 272.9177 134.2496 131.3556 142.2776 412.297 37.5416 183.9678 269.5977 9.7391 346.4074 97.8546 187.5148 416.5918;
	3.0182 40.7827 88.0493 90.8027 13.4658 32.5242 20.0426 17.7628 27.681 28.4898 52.6629 78.5627 118.2757 52.6529 43.2724 16.3026 20.2273 21.4349 86.055 62.7115 6.6809 75.8897 69.2756 85.1817 100.7523 71.6895 12.6104 602.7559 428.5245 428.5245 297.3657 22.3411 286.85 161.4195 165.074 182.8371 577.3534 53.2364 196.5975 269.8723 7.2065 360.8015 126.3413 218.5248 583.3675;
	3.4396 46.4766 87.3282 107.6997 13.6199 30.2898 20.3542 17.0513 26.8517 28.6932 53.039 79.1238 119.1204 49.8384 53.6053 20.1955 25.0574 26.5533 87.7805 57.0907 6.7847 70.6763 64.9658 84.7718 98.9539 72.487 11.2692 656.5839 491.9509 491.9509 359.13 25.23 292.6017 146.9515 156.25 209.8991 627.9223 68.8124 236.0827 265.0551 0.1447 336.0151 115.1385 247.6748 634.4631;
	3.6699 49.5888 85.3495 105.3678 13.286 31.7515 24.6288 15.3258 27.8048 25.5966 47.3148 70.5844 106.2645 58.8973 78.7327 29.6621 36.803 39.0002 83.6272 56.2288 8.2096 74.0867 44.9662 82.0002 90.0435 70.927 11.861 836.4189 592.2599 592.2599 444.1874 27.072 278.7575 144.733 184.651 252.6975 800.7832 93.7231 390.9108 241.1879 0.3221 352.2295 131.0728 237.6792 809.1246;
	3.81 51.4817 88.9245 107.7451 14.1439 32.8478 25.9454 16.0795 26.587 20.7924 38.4343 57.3365 86.3198 49.6653 114.6609 43.1978 53.5973 56.7971 89.0711 68.7533 8.6485 76.6448 40.7503 80.3846 91.1547 69.8094 12.2485 964.4459 616.7961 616.7961 607.4144 44.1244 296.9037 176.9713 155.7073 263.1664 860.0465 148.4252 350.5721 244.1643 0.092 364.3915 153.9967 257.0926 869.0053;
	3.6786 49.706 89.5143 111.4859 13.8908 32.4869 28.7388 16.5121 26.1608 17.3545 32.0795 47.8563 72.0473 58.6456 148.5042 55.9481 69.4171 73.5614 85.2982 70.5677 9.5796 75.8027 1.6095 82.387 93.4446 70.2523 12.2183 979.2672 677.3173 677.3173 632.5623 73.1921 284.3275 181.6414 183.8619 288.9887 911.6054 195.3226 370.4324 250.2981 0.0 360.3877 163.093 265.1433 921.1013;
	3.8117 51.504 93.1175 113.3616 14.2758 32.361 29.4084 18.0323 27.1019 16.3248 30.1761 45.0168 67.7725 59.0522 157.9252 59.4974 73.8209 78.2281 87.5565 68.1758 9.8028 75.509 9.8143 84.837 99.9925 70.1212 13.2258 1042.5179 690.8124 690.8124 645.1496 89.2479 291.855 175.4846 185.1367 294.7466 987.4712 221.4513 425.7344 267.837 104.6683 358.9912 183.2085 267.6896 997.7574;
	3.6748 49.6547 88.0787 112.1966 14.1033 31.7824 29.8759 11.6381 26.1627 15.5477 28.7397 42.8739 64.5464 58.0639 164.4525 61.9565 76.872 81.4614 88.5526 65.2646 9.9586 74.1588 26.9889 81.6268 99.8086 38.9509 12.0006 1177.7663 719.1796 719.1796 614.5115 103.9035 295.1754 167.9911 182.0382 306.85 1044.9525 230.2833 417.9272 267.3445 113.6033 352.5723 194.4664 266.0463 1055.8374;
