function loadprofile = ex_load_profilesh1
%EX_LOAD_PROFILE  Example load profile data file for stochastic unit commitment.
% 2022.03.12
% Andres F. Ramirez

%% define constants
[CT_LABEL, CT_PROB, CT_TABLE, CT_TBUS, CT_TGEN, CT_TBRCH, CT_TAREABUS, ...
    CT_TAREAGEN, CT_TAREABRCH, CT_ROW, CT_COL, CT_CHGTYPE, CT_REP, ...
    CT_REL, CT_ADD, CT_NEWVAL, CT_TLOAD, CT_TAREALOAD, CT_LOAD_ALL_PQ, ...
    CT_LOAD_FIX_PQ, CT_LOAD_DIS_PQ, CT_LOAD_ALL_P, CT_LOAD_FIX_P, ...
    CT_LOAD_DIS_P, CT_TGENCOST, CT_TAREAGENCOST, CT_MODCOST_F, ...
    CT_MODCOST_X] = idx_ct;

loadprofile = struct( ...
    'type', 'mpcData', ...
    'table', CT_TAREALOAD, ...
    'rows', [1:11], ...
    'col', CT_LOAD_ALL_P, ...
    'chgtype', 1, ...
    'values', [] );
loadprofile.values(:,1,:) = [
	1429.6453 861.2337 1398.4919 552.1538 690.4052 1068.187 790.6428 176.0498 465.3019 4368.6367 1679.8544;
	1424.0455 864.2175 1442.9016 540.0329 717.6533 1076.1578 805.4 199.4604 469.0429 4347.467 1634.9036;
	1398.7769 880.8032 1429.8901 546.8982 720.9863 1107.9519 810.4008 196.5989 481.9685 4367.4272 1647.9648;
	1461.8053 923.3724 1539.919 554.3355 764.0178 1154.2647 846.8757 186.63 493.1636 4481.6162 1722.0941;
	1607.1888 1061.8555 1774.5896 534.9241 878.2687 1294.7858 932.3717 250.8172 607.3703 5096.1413 1988.1704;
	1713.4174 1157.8015 1900.0841 543.9053 930.597 1383.8435 979.5977 308.9687 668.9383 5666.9069 2136.0529;
	1676.4053 1133.9842 1941.2952 504.8733 931.4218 1385.8049 973.3766 304.8818 676.4932 5878.1915 2121.2901;
	1698.2771 1146.707 1952.7 503.7306 972.7897 1346.0228 996.5362 310.6419 653.1067 5983.7918 2041.482;
	1762.0407 1202.4 1968.8023 523.2333 963.1128 1317.3245 981.5077 321.51 665.0674 6157.6668 2044.4593;
	1768.4114 1207.7 1974.0 526.3911 972.9534 1266.1385 960.4464 307.5 660.9518 6184.4283 2028.9805;
	1770.0302 1211.9409 1978.875 530.4083 961.6115 1215.784 959.2561 303.989 656.3584 6255.0218 2043.1088;
	1781.8323 1194.1729 1983.2771 523.0 976.6056 1180.8244 951.5547 296.5849 646.1434 6192.912 1991.1982;
	1797.3736 1190.931 1967.9171 522.7601 945.3887 1216.9419 947.3579 294.0671 620.3421 6125.3253 2031.5659;
	1689.0 1143.721 1931.3179 504.2766 899.9814 1197.3236 943.4504 281.7569 622.7146 6084.5271 1961.3884;
	1643.2644 1106.5828 1865.6909 485.3409 885.3035 1262.8502 964.8 293.0 644.164 6060.8415 2020.9538;
	1697.8765 1161.6242 1861.1844 503.1902 905.8592 1278.3745 1003.2855 303.2522 627.1202 6119.8847 2139.2886;
	1666.3919 1156.5171 1883.8642 537.5475 927.1089 1341.1281 1040.7405 324.8822 688.3 5985.1204 2257.6916;
	1691.4588 1193.6012 1899.0933 547.4565 966.636 1422.7812 1074.1012 340.5 722.5 5948.9103 2375.7153;
	1737.4608 1221.7 1895.8 548.5002 974.3836 1425.1603 1089.3814 351.6721 707.7909 5836.7191 2366.9099;
	1673.2167 1159.8 1838.0857 531.1 911.3584 1354.96 1041.9755 347.4217 683.9 5641.6955 2250.4705;
	1604.8735 1061.7107 1713.6496 514.8856 842.5228 1235.8583 949.9486 326.3577 621.3498 5396.9564 2074.6998;
	1439.5227 952.7 1534.4405 518.439 755.3908 1127.315 835.5437 284.9106 560.7 4979.6126 1835.0809;
	1408.9384 893.1885 1472.7601 513.5479 713.309 1122.5394 749.6143 246.8581 516.2162 4570.1801 1595.8901;
	1349.7988 841.7472 1417.3906 507.5963 678.4846 1091.479 697.0335 226.0793 496.8 4290.8895 1599.7207;
];
