function loadprofile = ex_load_profilesh1
%EX_LOAD_PROFILE  Example load profile data file for stochastic unit commitment.
% 2022.03.12
% Andres F. Ramirez

%% define constants
[CT_LABEL, CT_PROB, CT_TABLE, CT_TBUS, CT_TGEN, CT_TBRCH, CT_TAREABUS, ...
    CT_TAREAGEN, CT_TAREABRCH, CT_ROW, CT_COL, CT_CHGTYPE, CT_REP, ...
    CT_REL, CT_ADD, CT_NEWVAL, CT_TLOAD, CT_TAREALOAD, CT_LOAD_ALL_PQ, ...
    CT_LOAD_FIX_PQ, CT_LOAD_DIS_PQ, CT_LOAD_ALL_P, CT_LOAD_FIX_P, ...
    CT_LOAD_DIS_P, CT_TGENCOST, CT_TAREAGENCOST, CT_MODCOST_F, ...
    CT_MODCOST_X] = idx_ct;

loadprofile = struct( ...
    'type', 'mpcData', ...
    'table', CT_TAREALOAD, ...
    'rows', [1:11], ...
    'col', CT_LOAD_ALL_P, ...
    'chgtype', 1, ...
    'values', [] );
loadprofile.values(:,1,:) = [
	1495.818 911.4276 1560.2326 509.016 761.0103 1105.7419 816.2582 243.4206 520.6595 4551.5423 1748.8385;
	1499.9675 912.6 1554.8922 525.3168 762.5587 1073.74 790.4318 243.3002 513.7385 4459.2844 1714.5924;
	1543.7842 939.5522 1602.2167 520.112 792.2997 1124.247 820.7241 251.1 527.2632 4530.1043 1751.4375;
	1608.6671 1007.5 1701.1616 549.8959 823.745 1187.3833 884.2152 287.4605 558.4 4747.1277 1869.1966;
	1768.3692 1142.7 1906.6837 534.9268 946.8873 1334.63 986.8774 328.3 626.2 5232.54 2087.2077;
	1919.5602 1209.5 1999.1939 560.9866 1017.1063 1428.0829 1050.6736 358.6365 693.1428 5773.4986 2195.6119;
	1857.1605 1210.2309 1999.4311 574.0846 1016.6346 1421.2435 1058.3857 364.5596 718.0531 6142.5193 2220.8611;
	1841.0794 1191.0004 2024.1519 575.4482 1028.9276 1347.7348 1045.3509 363.5 714.7406 6328.4575 2190.2242;
	1873.6 1204.3 2008.308 580.947 1037.4085 1302.9226 1048.958 360.6634 735.8695 6372.7849 2217.2471;
	1877.7456 1209.9998 2013.8432 588.4933 1023.3995 1262.5191 1015.6405 346.6626 714.2 6374.1135 2208.942;
	1806.9955 1175.4484 1985.9693 580.9119 1000.0629 1218.8929 993.8 328.8 729.3 6374.063 2222.7312;
	1808.6027 1166.0073 1928.9919 564.1 1006.5707 1182.3609 987.2529 312.3071 729.4844 6351.3371 2163.9085;
	1764.751 1154.4468 1929.1933 555.3105 969.9356 1170.5445 1009.1008 297.8 748.4719 6291.4903 2126.6325;
	1685.6411 1120.5242 1850.3889 552.2959 937.7601 1163.2968 982.7047 296.4 716.3891 6195.2345 2105.7291;
	1714.0613 1106.1172 1872.6 547.0 967.809 1265.2658 1030.4231 314.3457 725.7302 6238.6743 2208.0909;
	1743.8956 1120.6489 1856.4957 538.0297 961.8 1284.2151 1021.3777 323.2 693.1625 6262.293 2317.4203;
	1746.6 1126.2229 1885.3849 551.1242 997.1641 1347.798 1031.9548 355.8001 693.5421 6231.0209 2410.6631;
	1828.0 1191.0798 1960.3878 555.596 1019.1388 1401.0121 1091.3371 384.1178 753.4461 6409.7046 2685.8138;
	1909.9354 1206.3 1950.7798 577.2809 991.0898 1385.0 1098.3902 388.1914 716.5707 6161.8257 2617.2409;
	1779.53 1131.7 1841.4762 551.1607 944.9772 1320.4993 1048.3787 359.5089 678.2943 6129.4295 2447.3274;
	1711.3012 1070.2 1734.0 553.37 904.7569 1223.5052 979.4194 328.6014 618.6767 5975.5631 2261.509;
	1592.8851 995.6289 1630.6883 535.9152 839.5805 1133.1798 912.6466 307.7862 558.6949 5387.4612 1987.037;
	1593.9015 942.8603 1584.8515 525.4166 785.1772 1073.3158 830.2587 264.9979 533.5 4803.375 1814.8;
	1542.4405 885.7 1554.2306 530.0815 754.5 1029.9807 793.1 230.3063 505.9459 4596.3086 1730.555;
];
