function solarprofile = ex_solar_profilesh1
%EX_WIND_PROFILE_D  Example wind_load_nyiso profile data for deterministic unit commitment.
% 2022.03.12
% Andres F. Ramirez


%% define constants
[GEN_BUS, PG, QG, QMAX, QMIN, VG, MBASE, GEN_STATUS, PMAX, PMIN, ...
    MU_PMAX, MU_PMIN, MU_QMAX, MU_QMIN, PC1, PC2, QC1MIN, QC1MAX, ...
    QC2MIN, QC2MAX, RAMP_AGC, RAMP_10, RAMP_30, RAMP_Q, APF] = idx_gen;
[CT_LABEL, CT_PROB, CT_TABLE, CT_TBUS, CT_TGEN, CT_TBRCH, CT_TAREABUS, ...
    CT_TAREAGEN, CT_TAREABRCH, CT_ROW, CT_COL, CT_CHGTYPE, CT_REP, ...
    CT_REL, CT_ADD, CT_NEWVAL, CT_TLOAD, CT_TAREALOAD, CT_LOAD_ALL_PQ, ...
    CT_LOAD_FIX_PQ, CT_LOAD_DIS_PQ, CT_LOAD_ALL_P, CT_LOAD_FIX_P, ...
    CT_LOAD_DIS_P, CT_TGENCOST, CT_TAREAGENCOST, CT_MODCOST_F, ...
    CT_MODCOST_X] = idx_ct;

solarprofile = struct( ...
    'type', 'mpcData', ...
    'table', CT_TGEN, ...
    'rows', [1:12], ...
    'col', PMAX, ...
    'chgtype', 1, ...
    'values', [] );
solarprofile.values(:,1,:) = [
	0.0 0.0 0.0 0.0 0.0 0.0 0.0 0.0 0.0 0.0 0.0 0.0;
	0.0 0.0 0.0 0.0 0.0 0.0 0.0 0.0 0.0 0.0 0.0 0.0;
	0.0 0.0 0.0 0.0 0.0 0.0 0.0 0.0 0.0 0.0 0.0 0.0;
	0.0 0.0 0.0 0.0 0.0 0.0 0.0 0.0 0.0 0.0 0.0 0.0;
	0.0 0.0 0.0 0.0 0.0 0.0 0.0 0.0 0.0 0.0 0.0 0.0;
	0.1004 0.0992 0.1068 0.0 0.0 0.1251 0.0156 0.1784 0.0 0.0 0.0 0.0;
	3.3413 3.551 3.1567 0.4131 2.6928 120.001 15.0001 46.2976 31.034 66.52 28.023 120.4681;
	1.9688 2.5288 2.6855 1.2469 10.3162 162.1764 20.2721 57.0191 106.2515 176.6503 68.76 319.9147;
	0.7878 1.5586 1.1151 1.9451 12.2307 176.5333 22.0667 55.533 158.5581 261.5793 124.7804 473.7216;
	5.6227 6.7383 1.6007 10.1373 12.2168 381.3671 47.6709 63.3222 261.1369 259.5189 111.0629 469.9902;
	15.1054 15.6237 8.0801 10.8188 11.5561 346.4417 43.3052 62.7633 217.701 249.7204 104.8827 452.2452;
	21.605 16.0751 12.1078 10.6503 10.8261 339.1682 42.396 63.9525 149.8136 156.9849 58.2172 284.3006;
	23.9773 15.7494 13.7384 4.0262 4.2096 384.867 48.1084 62.9399 207.5044 57.7083 0.0 104.5101;
	19.5738 6.8463 11.4468 4.1204 3.789 400.5119 50.064 60.2262 247.547 43.64 0.0 79.0322;
	10.8207 2.3104 5.6743 3.4688 3.6465 385.5833 48.1979 46.2461 269.7795 62.3578 0.0 112.9303;
	3.2843 1.1555 1.3623 2.1783 3.6307 134.1614 16.7702 4.2042 185.6536 31.6213 0.0 57.2663;
	0.9568 0.7338 0.5411 0.7651 1.7024 38.7688 4.8461 6.3102 29.6759 12.8074 4.6915 23.1942;
	0.0 0.0 0.0 0.0 0.0 0.0 0.0 0.0 0.0 0.0 0.0 0.0;
	0.0 0.0 0.0 0.0 0.0 0.0 0.0 0.0 0.0 0.0 0.0 0.0;
	0.0 0.0 0.0 0.0 0.0 0.0 0.0 0.0 0.0 0.0 0.0 0.0;
	0.0 0.0 0.0 0.0 0.0 0.0 0.0 0.0 0.0 0.0 0.0 0.0;
	0.0 0.0 0.0 0.0 0.0 0.0 0.0 0.0 0.0 0.0 0.0 0.0;
	0.0 0.0 0.0 0.0 0.0 0.0 0.0 0.0 0.0 0.0 0.0 0.0;
	0.0 0.0 0.0 0.0 0.0 0.0 0.0 0.0 0.0 0.0 0.0 0.0;
];
