function solarprofile = ex_solar_profilesh1
%EX_WIND_PROFILE_D  Example wind_load_nyiso profile data for deterministic unit commitment.
% 2022.03.12
% Andres F. Ramirez


%% define constants
[GEN_BUS, PG, QG, QMAX, QMIN, VG, MBASE, GEN_STATUS, PMAX, PMIN, ...
    MU_PMAX, MU_PMIN, MU_QMAX, MU_QMIN, PC1, PC2, QC1MIN, QC1MAX, ...
    QC2MIN, QC2MAX, RAMP_AGC, RAMP_10, RAMP_30, RAMP_Q, APF] = idx_gen;
[CT_LABEL, CT_PROB, CT_TABLE, CT_TBUS, CT_TGEN, CT_TBRCH, CT_TAREABUS, ...
    CT_TAREAGEN, CT_TAREABRCH, CT_ROW, CT_COL, CT_CHGTYPE, CT_REP, ...
    CT_REL, CT_ADD, CT_NEWVAL, CT_TLOAD, CT_TAREALOAD, CT_LOAD_ALL_PQ, ...
    CT_LOAD_FIX_PQ, CT_LOAD_DIS_PQ, CT_LOAD_ALL_P, CT_LOAD_FIX_P, ...
    CT_LOAD_DIS_P, CT_TGENCOST, CT_TAREAGENCOST, CT_MODCOST_F, ...
    CT_MODCOST_X] = idx_ct;

solarprofile = struct( ...
    'type', 'mpcData', ...
    'table', CT_TGEN, ...
    'rows', [1:12], ...
    'col', PMAX, ...
    'chgtype', 1, ...
    'values', [] );
solarprofile.values(:,1,:) = [
	0.0 0.0 0.0 0.0 0.0 0.0 0.0 0.0 0.0 0.0 0.0 0.0;
	0.0 0.0 0.0 0.0 0.0 0.0 0.0 0.0 0.0 0.0 0.0 0.0;
	0.0 0.0 0.0 0.0 0.0 0.0 0.0 0.0 0.0 0.0 0.0 0.0;
	0.0 0.0 0.0 0.0 0.0 0.0 0.0 0.0 0.0 0.0 0.0 0.0;
	0.0 0.0 0.0 0.0 0.0 0.0 0.0 0.0 0.0 0.0 0.0 0.0;
	0.0951 0.0972 0.1051 0.0 0.0 1.7209 0.2151 0.5819 0.0313 0.0 0.0 0.0;
	0.5704 0.8182 0.5623 3.2049 8.7279 17.368 2.171 10.5177 11.8615 35.7449 20.2643 64.7343;
	1.1262 1.2992 1.7451 4.9855 11.9835 30.6903 3.8363 27.5726 20.9366 92.12 35.7075 166.8298;
	2.0839 1.7101 2.6665 5.05 12.2351 61.0619 7.6327 37.8109 32.0867 187.0806 54.506 338.8041;
	15.5522 5.0471 7.7809 6.6604 11.5131 354.3138 44.2892 67.3787 158.6224 250.5234 56.8282 453.6993;
	21.874 12.172 12.4334 9.6984 10.6342 335.4075 41.9259 65.8525 141.1136 284.2272 145.9873 514.7371;
	23.1856 15.188 13.21 10.811 10.602 362.5291 45.3161 69.1357 184.9718 291.8752 169.9699 528.5877;
	21.0361 16.4512 13.6629 6.3449 9.9953 423.0517 52.8815 78.4309 231.9548 239.603 139.6365 433.9225;
	15.3917 14.135 11.345 6.5061 11.5124 429.0398 53.63 78.8099 241.0452 211.2604 85.0187 382.5938;
	9.7467 8.0673 6.2624 5.0259 10.7992 406.4722 50.809 76.2109 227.8674 166.8394 58.6921 302.1471;
	6.1025 4.2231 2.865 4.3051 6.8117 133.6254 16.7032 43.1278 71.2515 56.9705 18.7021 103.1739;
	1.1037 0.9151 0.6474 1.1897 1.9498 58.7421 7.3428 10.5629 34.525 37.5336 15.6901 67.9736;
	0.0 0.0 0.0 0.0 0.0 0.0 0.0 0.0 0.0 0.0 0.0 0.0;
	0.0 0.0 0.0 0.0 0.0 0.0 0.0 0.0 0.0 0.0 0.0 0.0;
	0.0 0.0 0.0 0.0 0.0 0.0 0.0 0.0 0.0 0.0 0.0 0.0;
	0.0 0.0 0.0 0.0 0.0 0.0 0.0 0.0 0.0 0.0 0.0 0.0;
	0.0 0.0 0.0 0.0 0.0 0.0 0.0 0.0 0.0 0.0 0.0 0.0;
	0.0 0.0 0.0 0.0 0.0 0.0 0.0 0.0 0.0 0.0 0.0 0.0;
	0.0 0.0 0.0 0.0 0.0 0.0 0.0 0.0 0.0 0.0 0.0 0.0;
];
