function loadprofile = ex_load_profilesh1
%EX_LOAD_PROFILE  Example load profile data file for stochastic unit commitment.
% 2022.03.12
% Andres F. Ramirez

%% define constants
[CT_LABEL, CT_PROB, CT_TABLE, CT_TBUS, CT_TGEN, CT_TBRCH, CT_TAREABUS, ...
    CT_TAREAGEN, CT_TAREABRCH, CT_ROW, CT_COL, CT_CHGTYPE, CT_REP, ...
    CT_REL, CT_ADD, CT_NEWVAL, CT_TLOAD, CT_TAREALOAD, CT_LOAD_ALL_PQ, ...
    CT_LOAD_FIX_PQ, CT_LOAD_DIS_PQ, CT_LOAD_ALL_P, CT_LOAD_FIX_P, ...
    CT_LOAD_DIS_P, CT_TGENCOST, CT_TAREAGENCOST, CT_MODCOST_F, ...
    CT_MODCOST_X] = idx_ct;

loadprofile = struct( ...
    'type', 'mpcData', ...
    'table', CT_TAREALOAD, ...
    'rows', [1:11], ...
    'col', CT_LOAD_ALL_P, ...
    'chgtype', 1, ...
    'values', [] );
loadprofile.values(:,1,:) = [
	1447.3325 886.2076 1556.6999 534.6654 688.8692 1078.6651 806.418 268.6062 471.8692 4390.2862 1728.3552;
	1442.9 892.151 1547.4008 524.4655 713.5695 1088.3137 800.2606 256.5 476.7759 4303.8992 1717.7155;
	1473.8 920.3569 1569.0563 520.5922 737.9524 1125.7545 827.9507 272.5927 488.9533 4403.2766 1794.1035;
	1544.7115 1003.1777 1724.3572 532.3151 799.097 1187.5175 878.4012 277.7173 525.1972 4627.6265 1856.1;
	1684.9174 1111.9721 1908.0106 556.445 915.7563 1325.7349 963.2046 314.1 611.6013 5185.8892 2089.6;
	1798.3317 1184.7278 1958.9933 540.8976 952.2958 1416.1281 1014.1936 331.3725 680.3444 5665.5269 2188.3107;
	1847.537 1189.1448 1883.1064 536.324 921.7 1401.3689 1026.5721 309.8423 676.2764 5842.9839 2200.3829;
	1812.6 1181.2 1909.335 550.3074 946.2 1396.564 1048.0112 291.3 687.108 6130.8919 2195.5484;
	1801.4494 1193.6272 1873.0847 535.4555 916.9742 1378.7512 1033.8072 291.4268 697.5364 6229.374 2255.2402;
	1787.8467 1177.2915 1858.1441 504.9569 936.8042 1391.3774 1002.8943 307.5 683.6546 6190.532 2218.2537;
	1782.5248 1192.9021 1858.2773 495.9542 911.7398 1388.8168 997.3175 325.7172 688.1652 6289.91 2281.7303;
	1778.4695 1198.8107 1865.9 525.3232 938.7731 1436.1758 1019.3973 328.0 701.1166 6383.7675 2415.4428;
	1732.3191 1152.9 1768.9534 521.5904 848.1167 1302.5 987.605 308.8 680.0048 6244.6926 2273.4524;
	1647.47 1114.9375 1722.0899 530.2163 820.0148 1245.962 970.1073 294.5445 659.4611 6128.5175 2190.879;
	1610.6864 1089.6492 1719.5185 539.2277 826.2 1253.07 927.235 283.6123 648.0 6126.7 2146.3909;
	1633.2833 1101.4469 1708.2364 547.1191 852.4642 1245.1236 987.2347 287.9 658.8942 6089.2737 2219.7162;
	1631.336 1071.08 1719.6235 538.5 879.3413 1343.9172 1044.0 308.4983 674.0661 5986.3643 2297.727;
	1701.4818 1153.3717 1814.9547 548.3439 927.1729 1401.1162 1086.0627 348.6034 699.7565 6005.4547 2432.5926;
	1750.6956 1187.1494 1873.7674 545.4241 927.5529 1397.5889 1087.2449 344.6121 693.6141 5966.097 2408.3295;
	1677.4944 1110.5088 1785.7314 526.1633 894.4163 1327.8277 1040.2846 334.0015 681.4773 5738.7565 2308.5944;
	1612.2854 996.7014 1605.3939 507.5466 774.1115 1215.3448 931.4279 293.3 628.3624 5394.428 2081.2356;
	1514.3606 936.6684 1502.2502 483.9264 732.0 1102.7673 873.9666 277.8 575.1134 5024.4 1885.7884;
	1467.51 894.8172 1493.9623 479.451 720.9493 1077.9319 825.9019 255.3785 533.0 4674.4638 1773.9788;
	1403.5772 858.8403 1428.1107 493.5333 661.6848 1061.3842 807.1665 227.4 514.4 4414.2543 1713.6108;
];
