function loadprofile = ex_load_profilesh1
%EX_LOAD_PROFILE  Example load profile data file for stochastic unit commitment.
% 2022.03.12
% Andres F. Ramirez

%% define constants
[CT_LABEL, CT_PROB, CT_TABLE, CT_TBUS, CT_TGEN, CT_TBRCH, CT_TAREABUS, ...
    CT_TAREAGEN, CT_TAREABRCH, CT_ROW, CT_COL, CT_CHGTYPE, CT_REP, ...
    CT_REL, CT_ADD, CT_NEWVAL, CT_TLOAD, CT_TAREALOAD, CT_LOAD_ALL_PQ, ...
    CT_LOAD_FIX_PQ, CT_LOAD_DIS_PQ, CT_LOAD_ALL_P, CT_LOAD_FIX_P, ...
    CT_LOAD_DIS_P, CT_TGENCOST, CT_TAREAGENCOST, CT_MODCOST_F, ...
    CT_MODCOST_X] = idx_ct;

loadprofile = struct( ...
    'type', 'mpcData', ...
    'table', CT_TAREALOAD, ...
    'rows', [1:11], ...
    'col', CT_LOAD_ALL_P, ...
    'chgtype', 1, ...
    'values', [] );
loadprofile.values(:,1,:) = [
	1503.7245 931.7387 1585.7046 549.7 820.5377 1132.1074 877.6 267.9033 534.9061 4692.4337 1759.5109;
	1473.3346 922.3 1606.9621 543.2796 811.0451 1108.882 865.2725 271.7 545.279 4599.9739 1741.1129;
	1502.4946 954.2 1624.0839 539.3911 819.6826 1131.1 859.1 268.6 521.2016 4578.9814 1750.0;
	1598.0505 1025.5 1724.3 564.4741 891.0716 1205.9475 924.0 298.3 582.5506 4890.8088 1871.1938;
	1764.1433 1152.418 1925.3016 561.0902 1012.9 1360.6 1053.6976 351.9 691.7619 5418.5148 2140.6758;
	1875.9997 1235.942 2017.9461 556.2657 1047.2183 1450.4212 1139.2693 371.7229 760.8652 5895.2618 2303.4256;
	1889.4224 1230.5286 1969.1295 563.0331 1038.0641 1423.392 1151.6563 385.1999 771.0101 6387.5068 2321.5701;
	1859.6596 1223.0979 1925.6774 565.9146 1012.7619 1424.1033 1166.1641 387.966 765.6746 6419.9933 2325.0785;
	1822.4475 1192.8906 1871.024 563.5023 976.3946 1411.6303 1184.0552 372.4 789.1506 6654.8275 2409.6735;
	1828.4392 1212.5896 1838.7426 558.8405 905.3716 1333.9511 1152.0012 360.5084 762.0126 6609.7552 2329.4932;
	1782.0873 1200.9557 1838.1585 553.5278 892.0756 1288.4444 1134.2742 341.3489 761.576 6618.6902 2286.8785;
	1779.5227 1179.3 1809.4299 556.2647 889.9461 1257.9442 1143.2 324.5 737.277 6495.0234 2219.6371;
	1776.839 1168.0 1769.0652 553.8 898.3212 1274.3268 1171.7629 314.5863 740.2189 6501.9318 2290.7812;
	1759.243 1149.1065 1726.1157 561.1 890.368 1259.4423 1160.6646 317.0917 754.371 6575.6162 2302.4426;
	1783.1198 1162.7034 1740.0586 577.9 894.321 1303.1872 1148.1376 307.4 753.5 6486.7994 2278.3492;
	1749.6225 1180.4 1793.5772 580.4736 900.6713 1340.1398 1176.5026 297.8677 810.4443 6590.7531 2375.9372;
	1817.6827 1228.405 1871.0615 589.5207 915.9691 1404.727 1219.428 332.4942 810.9342 6662.5134 2450.5129;
	1845.7471 1231.2963 1881.3308 590.2 950.3787 1440.7929 1205.512 335.3886 808.8206 6442.8834 2408.7277;
	1884.8408 1220.7292 1884.0722 595.2313 944.128 1469.2134 1266.6656 351.2 796.9818 6376.5204 2432.497;
	1860.5299 1165.384 1804.0153 586.0213 856.2781 1351.7934 1150.6428 326.561 725.6618 5943.0561 2305.1276;
	1749.3655 1091.8869 1748.1734 576.0 799.2451 1253.576 1068.5539 318.9622 685.9357 5712.8839 2157.1682;
	1632.2952 998.6595 1580.1894 554.3687 737.8172 1142.1 977.2 282.2 585.8 5192.1993 1946.1844;
	1531.1842 917.4 1524.7653 536.3 700.7295 1116.9073 913.3612 240.4 556.1079 4772.6905 1789.8;
	1497.9521 885.381 1495.4134 531.1493 680.6551 1060.8 871.4 216.1 533.5717 4541.1 1710.7392;
];
