function windprofile = ex_wind_profilesh1
%EX_WIND_PROFILE_D  Example wind_load_nyiso profile data for deterministic unit commitment.
% 2022.03.12
% Andres F. Ramirez


%% define constants
[GEN_BUS, PG, QG, QMAX, QMIN, VG, MBASE, GEN_STATUS, PMAX, PMIN, ...
    MU_PMAX, MU_PMIN, MU_QMAX, MU_QMIN, PC1, PC2, QC1MIN, QC1MAX, ...
    QC2MIN, QC2MAX, RAMP_AGC, RAMP_10, RAMP_30, RAMP_Q, APF] = idx_gen;
[CT_LABEL, CT_PROB, CT_TABLE, CT_TBUS, CT_TGEN, CT_TBRCH, CT_TAREABUS, ...
    CT_TAREAGEN, CT_TAREABRCH, CT_ROW, CT_COL, CT_CHGTYPE, CT_REP, ...
    CT_REL, CT_ADD, CT_NEWVAL, CT_TLOAD, CT_TAREALOAD, CT_LOAD_ALL_PQ, ...
    CT_LOAD_FIX_PQ, CT_LOAD_DIS_PQ, CT_LOAD_ALL_P, CT_LOAD_FIX_P, ...
    CT_LOAD_DIS_P, CT_TGENCOST, CT_TAREAGENCOST, CT_MODCOST_F, ...
    CT_MODCOST_X] = idx_ct;

windprofile = struct( ...
    'type', 'mpcData', ...
    'table', CT_TGEN, ...
    'rows', [1:45], ...
    'col', PMAX, ...
    'chgtype', 1, ...
    'values', [] );
windprofile.values(:,1,:) = [
	3.3246 44.9232 87.9196 116.7403 14.2552 12.751 14.981 17.543 27.2204 24.9481 46.1161 68.7961 103.5722 4.7654 22.7733 8.5797 10.6452 11.2807 9.1065 27.7964 4.9937 29.7524 63.1089 87.539 96.8955 72.335 7.9266 550.9298 393.9801 393.9801 204.3087 37.1244 30.355 71.5481 14.9401 168.0982 460.181 60.7006 295.9324 259.5415 16.3126 141.4515 114.4766 213.4502 464.9746;
	3.3054 44.6627 89.0427 112.2146 14.29 12.8823 14.3219 16.4686 27.1325 25.1451 46.4803 69.3394 104.3901 5.9379 16.3488 6.1593 7.6421 8.0984 9.1626 16.9465 4.774 30.0587 67.2443 85.591 90.6248 71.7546 6.9685 557.6325 382.2882 382.2882 173.3361 30.8463 30.542 43.6204 18.616 163.1096 463.1149 57.5118 289.4978 242.7449 9.9103 142.9075 108.8572 215.2644 467.939;
	3.162 42.7249 89.2788 113.0848 14.7227 12.1637 12.3909 17.3368 27.4879 24.9223 46.0685 68.7252 103.4654 7.6772 15.1488 5.7072 7.0812 7.5039 19.2801 21.7202 4.1303 28.3819 70.5405 88.2017 95.2109 70.4798 8.2306 539.3207 363.4025 363.4025 155.1516 34.7291 64.267 55.9078 24.0691 155.0517 390.5683 45.2663 231.7829 255.0291 6.9023 134.9355 92.4879 206.7835 394.6368;
	2.8549 38.5754 87.6522 109.851 14.8673 11.8617 11.3991 16.0765 27.0193 25.9265 47.9248 71.4944 107.6344 10.3628 10.8029 4.0699 5.0497 5.3512 11.2361 20.9902 3.7997 27.6773 72.8529 83.8454 94.6775 71.8527 8.7917 468.7933 282.0076 282.0076 154.0973 31.6393 37.4535 54.0289 32.4887 120.3233 302.1806 36.1538 190.4617 253.6005 7.2699 131.586 83.9615 198.4123 305.3283;
	2.2824 30.8404 86.2811 103.2825 14.6563 12.0881 9.7449 16.469 16.9862 24.7564 45.7618 68.2676 102.7765 15.6801 19.3931 7.3062 9.0651 9.6063 20.9548 24.966 3.2483 28.2055 64.1645 83.2773 95.5292 71.1707 8.5544 397.1709 217.3164 217.3164 126.8892 28.4448 69.8493 64.2627 49.1591 92.7217 191.0096 35.6217 170.5695 255.8819 10.0369 134.0971 82.2498 200.243 192.9993;
	2.8586 38.6257 87.422 109.7362 14.4265 19.4135 10.1768 17.1464 1.2403 21.597 39.9217 59.5553 89.6602 28.7442 19.9821 7.5281 9.3405 9.8981 33.5577 27.6894 3.3923 45.2981 64.107 83.5701 94.5075 70.4258 7.9195 338.4531 189.3586 189.3586 120.7317 27.0309 111.8589 71.2726 90.1168 80.793 154.0223 33.3855 169.8165 253.1451 7.8815 215.3603 88.0037 203.9393 155.6267;
	2.5529 34.4954 87.7834 110.5167 14.6015 21.5339 11.2747 16.3852 11.3253 28.8467 53.3227 79.547 119.7575 42.2981 23.8725 8.9938 11.159 11.8252 40.255 32.9394 3.7582 50.2457 72.2879 85.189 97.1197 70.8782 10.4423 287.8203 211.4214 211.4214 106.1273 17.5364 134.1835 84.7862 132.6103 90.2065 171.2029 27.1911 144.5091 260.1419 8.519 238.8822 90.6623 221.0312 172.9863;
	1.7609 23.7932 72.3084 109.6391 14.8127 18.0426 11.4293 16.9066 17.7632 30.5524 56.4756 84.2505 126.8387 49.8194 33.1804 12.5005 15.5099 16.4359 60.6835 56.386 3.8098 42.0995 75.6552 87.1068 99.2058 70.7951 11.699 153.0267 168.7694 168.7694 96.1543 11.8644 202.2784 145.1378 156.1905 72.0083 109.0575 49.3029 168.4842 265.7299 5.2934 200.1529 83.7611 199.1452 110.1935;
	2.4958 33.7239 82.2116 99.3637 14.5379 22.272 9.9791 16.5426 20.393 30.0244 55.4996 82.7944 124.6466 47.6071 30.2534 11.3978 14.1417 14.986 75.2865 56.7886 3.3264 51.968 75.6924 86.921 98.2012 69.2243 10.9907 137.3457 130.5426 130.5426 80.6624 10.2227 250.9548 146.1739 149.2548 55.6982 109.1852 35.5594 130.2024 263.0388 13.3597 247.0708 72.3795 204.1079 110.3225;
	1.8665 25.2209 77.8421 96.9114 13.1908 12.6675 9.7027 16.2703 25.6731 30.719 56.7835 84.7098 127.5302 44.6673 80.4361 30.3038 37.5992 39.8439 80.3547 44.1311 3.2342 29.5576 74.4794 81.6921 97.4888 68.7067 10.2401 234.415 215.3744 215.3744 98.6829 11.3785 267.8491 113.5936 140.0379 91.8931 205.8337 28.2856 12.0253 261.1308 0.1128 140.5251 75.1826 191.7508 207.9778;
	1.5706 21.2217 74.594 97.4274 12.2355 23.5822 13.3731 15.0008 24.9893 29.9104 55.2889 82.4802 124.1735 46.1403 21.466 8.0872 10.0341 10.6331 69.2346 29.635 4.4577 55.0252 73.3405 81.6362 84.6268 69.2907 8.5101 379.4887 272.6549 272.6549 149.0805 16.1523 230.7822 76.2806 144.656 116.3327 309.2998 32.0758 154.5655 226.679 0.0 261.6054 86.7016 158.997 312.5216;
	1.7717 23.9394 81.1735 87.1372 11.9888 29.3401 19.2632 15.6226 25.7747 29.74 54.974 82.0104 123.4662 49.2452 10.0059 3.7697 4.6772 4.9564 79.6041 45.5493 6.4211 68.4603 74.6825 81.4868 89.1282 68.4372 7.7501 474.2795 352.9118 352.9118 265.0544 18.8918 265.3468 117.2441 154.3903 150.5757 412.1847 41.4691 182.7751 238.7364 2.901 325.4797 106.8268 168.0301 416.4783;
	2.8298 38.2364 84.8149 76.2142 13.7225 29.4252 18.8934 15.2966 25.242 29.6354 54.7806 81.7219 123.0318 44.0959 52.6014 19.8173 24.5881 26.056 83.9985 61.9402 6.2978 68.6588 74.6032 81.5508 93.8705 63.9573 8.3362 628.6698 421.1256 421.1256 292.7561 24.3456 279.9951 159.4343 138.2466 179.6803 573.6783 52.0754 183.4554 251.4387 12.4895 326.4237 135.3642 173.9194 579.6541;
	3.5298 47.6953 83.5833 90.2216 13.9428 28.9263 20.9794 15.4105 25.2731 30.191 55.8076 83.254 125.3384 48.0325 67.324 25.3639 31.4701 33.3489 85.4407 58.4357 6.9931 67.4948 70.9326 78.9629 90.4981 65.4293 9.8854 747.7828 537.1334 537.1334 380.7904 28.979 284.8022 150.4136 150.5883 229.1769 673.0053 75.8602 266.2704 242.4055 29.5076 320.8896 137.0812 232.3123 680.0158;
	3.3888 45.7908 81.8263 86.3847 13.3304 30.3492 24.2211 15.6241 22.2393 27.7259 51.2509 76.4562 115.1044 44.8753 96.9971 36.5431 45.3405 48.0474 84.4403 55.6471 8.0737 70.8148 54.0636 77.7891 86.1503 60.7284 11.3092 900.7786 626.0893 626.0893 484.4323 34.4535 281.4677 143.2358 140.6901 267.1314 869.5726 103.8873 365.8299 230.7596 6.2158 336.6739 151.1813 194.918 878.6306;
	3.4467 46.5723 85.9895 94.8954 14.1437 31.6111 26.6593 14.4345 25.611 22.4144 41.4326 61.8093 93.0535 48.7322 126.2375 47.5593 59.0087 62.5316 88.3016 63.6017 8.8864 73.7592 49.6944 77.0643 89.6989 59.2282 10.2966 941.7252 682.9239 682.9239 673.6147 47.4535 294.3385 163.7108 152.782 291.3809 938.548 154.6737 337.5705 240.2648 0.8943 350.6721 159.3059 229.5414 948.3245;
	3.6495 49.3133 87.3803 110.1167 14.2266 28.6585 28.6988 17.3895 25.8171 22.2509 41.1304 61.3585 92.3748 59.5084 168.2414 63.384 78.6431 83.3382 88.1669 68.8775 9.5663 66.8699 35.3289 83.0773 97.5039 70.6963 11.4546 923.9396 704.7644 704.7644 708.8864 80.5368 293.8897 177.2908 186.567 300.6995 931.0481 204.2806 380.1134 261.1712 2.9587 317.9185 196.1322 272.6382 940.7465;
	3.6222 48.9436 89.3516 110.0181 14.3645 26.5256 28.9217 17.8537 25.9236 19.6407 36.3056 54.1608 81.5388 60.9854 180.7744 68.1057 84.5015 89.5464 90.8319 71.514 9.6406 61.8931 37.2451 83.439 100.3608 69.7095 12.5987 1068.0854 722.5241 722.5241 710.968 95.256 302.7731 184.0773 191.1973 308.2769 1032.1864 234.7295 430.4419 268.8236 105.9807 294.2574 173.0643 252.7464 1042.9383;
	3.7976 51.3133 88.0864 110.0729 14.4621 33.3365 30.4948 13.108 26.1558 21.6833 40.0813 59.7934 90.0186 56.9495 184.5588 69.5314 86.2705 91.421 88.6158 69.0411 10.1649 77.7851 47.6963 82.1429 99.8911 55.9908 12.4025 1249.2514 786.7777 786.7777 720.2988 110.44 295.3861 177.712 178.5443 335.6918 1157.2299 264.6863 440.231 267.5655 115.1284 369.8126 199.025 264.4192 1169.2843;
