function loadprofile = ex_load_profilesh1
%EX_LOAD_PROFILE  Example load profile data file for stochastic unit commitment.
% 2022.03.12
% Andres F. Ramirez

%% define constants
[CT_LABEL, CT_PROB, CT_TABLE, CT_TBUS, CT_TGEN, CT_TBRCH, CT_TAREABUS, ...
    CT_TAREAGEN, CT_TAREABRCH, CT_ROW, CT_COL, CT_CHGTYPE, CT_REP, ...
    CT_REL, CT_ADD, CT_NEWVAL, CT_TLOAD, CT_TAREALOAD, CT_LOAD_ALL_PQ, ...
    CT_LOAD_FIX_PQ, CT_LOAD_DIS_PQ, CT_LOAD_ALL_P, CT_LOAD_FIX_P, ...
    CT_LOAD_DIS_P, CT_TGENCOST, CT_TAREAGENCOST, CT_MODCOST_F, ...
    CT_MODCOST_X] = idx_ct;

loadprofile = struct( ...
    'type', 'mpcData', ...
    'table', CT_TAREALOAD, ...
    'rows', [1:11], ...
    'col', CT_LOAD_ALL_P, ...
    'chgtype', 1, ...
    'values', [] );
loadprofile.values(:,1,:) = [
	1425.908 906.3094 1580.664 578.2753 763.6 1132.4416 865.0356 237.2 541.2082 4595.3534 1803.8108;
	1397.6222 884.3642 1550.4121 568.6 763.7 1133.0989 851.1408 244.2 519.6506 4512.3824 1758.7851;
	1421.6594 911.0117 1574.4 574.1 761.667 1125.2184 839.8659 245.0897 519.5 4485.0287 1740.1539;
	1510.6337 996.2172 1690.9 579.5 833.0271 1196.8 901.3 278.2715 558.416 4763.2533 1887.8599;
	1681.3997 1132.2155 1879.5922 577.9 928.1776 1343.4743 998.8 326.6948 622.1 5288.1474 2076.8541;
	1795.8958 1214.7159 2004.2159 588.6213 1004.5569 1435.955 1075.6643 369.9639 700.0436 5835.3 2250.461;
	1808.563 1223.8245 2040.8469 570.4 995.1008 1401.1478 1094.5529 368.5082 718.385 6163.5268 2311.8556;
	1770.8471 1214.1 2021.7979 550.3827 978.4586 1394.3357 1093.7383 358.6833 721.6652 6244.2915 2264.0553;
	1764.864 1218.8429 2012.1733 556.0411 994.9669 1379.7175 1130.4 372.4 746.047 6423.7617 2329.1107;
	1775.6562 1259.6046 2052.0747 554.6 1009.5705 1402.9122 1162.9605 413.4904 786.4514 6653.9068 2428.9816;
	1754.4428 1242.8448 2013.7689 562.3373 990.9 1368.1808 1152.9372 380.0127 798.7712 6584.4666 2295.7764;
	1781.0772 1222.4246 1977.5125 555.6255 949.1 1331.3 1118.5887 394.5523 756.3078 6598.014 2199.7;
	1749.914 1183.9 1919.9 564.2292 912.0801 1264.0 1091.768 356.135 759.0767 6472.7698 2126.1396;
	1719.0618 1156.4 1887.2343 567.0549 900.1698 1275.2234 1096.2 340.8 751.6965 6528.7863 2185.4533;
	1704.9675 1147.0 1887.489 564.5205 892.0562 1320.2184 1086.919 335.859 745.3863 6463.1997 2200.9402;
	1725.0775 1146.4516 1902.6152 565.5 899.7 1339.4615 1074.5176 343.9472 701.9366 6482.9733 2322.3171;
	1698.2656 1112.8356 1913.7 566.8022 952.0 1403.1813 1117.9195 388.5446 717.199 6252.8443 2392.2282;
	1750.6942 1139.291 1980.275 578.9438 1031.3006 1446.2455 1174.6197 392.1326 773.8239 6354.2442 2546.2685;
	1801.2326 1171.0556 1995.2848 575.8 1050.9717 1435.9532 1161.0 378.5617 709.3 6154.5099 2438.3576;
	1718.1 1084.8898 1893.5843 553.3 967.9 1340.1921 1097.733 368.0467 695.0572 6129.4244 2350.7942;
	1620.7169 999.6859 1803.8 541.7589 901.3171 1244.2 1016.267 331.5766 631.8534 5763.3775 2155.3;
	1531.1 919.4621 1681.7 524.7231 825.6238 1184.8882 921.2 289.5598 573.1172 5375.0555 1958.8223;
	1483.0646 890.3714 1640.1683 512.9 752.5918 1115.5833 877.35 263.1665 538.1857 4880.0456 1860.2271;
	1414.0429 842.1463 1575.9837 524.0 748.5013 1103.1 832.7628 262.7 514.1711 4548.1808 1735.9977;
];
