function windprofile = ex_wind_profilesh1
%EX_WIND_PROFILE_D  Example wind_load_nyiso profile data for deterministic unit commitment.
% 2022.03.12
% Andres F. Ramirez


%% define constants
[GEN_BUS, PG, QG, QMAX, QMIN, VG, MBASE, GEN_STATUS, PMAX, PMIN, ...
    MU_PMAX, MU_PMIN, MU_QMAX, MU_QMIN, PC1, PC2, QC1MIN, QC1MAX, ...
    QC2MIN, QC2MAX, RAMP_AGC, RAMP_10, RAMP_30, RAMP_Q, APF] = idx_gen;
[CT_LABEL, CT_PROB, CT_TABLE, CT_TBUS, CT_TGEN, CT_TBRCH, CT_TAREABUS, ...
    CT_TAREAGEN, CT_TAREABRCH, CT_ROW, CT_COL, CT_CHGTYPE, CT_REP, ...
    CT_REL, CT_ADD, CT_NEWVAL, CT_TLOAD, CT_TAREALOAD, CT_LOAD_ALL_PQ, ...
    CT_LOAD_FIX_PQ, CT_LOAD_DIS_PQ, CT_LOAD_ALL_P, CT_LOAD_FIX_P, ...
    CT_LOAD_DIS_P, CT_TGENCOST, CT_TAREAGENCOST, CT_MODCOST_F, ...
    CT_MODCOST_X] = idx_ct;

windprofile = struct( ...
    'type', 'mpcData', ...
    'table', CT_TGEN, ...
    'rows', [1:45], ...
    'col', PMAX, ...
    'chgtype', 1, ...
    'values', [] );
windprofile.values(:,1,:) = [
	3.5169 47.5204 86.7185 109.8879 13.8149 13.8957 14.4733 17.0157 26.9297 22.5926 41.7621 62.3009 93.7937 3.4332 19.1959 7.2319 8.973 9.5087 8.2397 27.214 4.8244 32.4233 47.0164 84.05 95.3884 69.927 7.0644 658.0426 364.8039 364.8039 209.8432 38.6397 27.4655 70.0488 10.7636 155.6497 486.9548 51.8712 299.2379 255.5047 3.8241 154.1497 108.3502 218.3341 492.0272;
	3.1436 42.4771 87.7272 109.1369 12.1582 15.7547 13.3285 15.4002 26.3829 23.3187 43.1042 64.303 96.8079 0.8872 5.0914 1.9181 2.3799 2.522 8.3682 12.6057 4.4428 36.7609 55.7807 85.5107 95.117 70.6559 6.064 616.6868 340.2389 340.2389 165.9698 32.541 27.8941 32.4472 2.7814 145.1686 453.1487 43.368 266.4082 254.7776 3.8885 174.7716 96.3075 201.2702 457.869;
	2.7118 36.6421 90.7081 110.084 14.1084 13.2069 11.4316 17.152 27.15 21.2678 39.3132 58.6476 88.2937 4.4687 7.098 2.6741 3.3179 3.516 14.9986 18.5629 3.8105 30.8161 50.7923 84.6115 94.0917 71.0975 7.2326 625.1192 315.1788 315.1788 143.0208 31.8283 49.9953 47.7811 14.0101 134.4763 402.2202 32.9097 215.9227 252.0314 0.0201 146.5086 78.0684 194.8822 406.41;
	2.8378 38.3448 90.4173 109.7594 14.8124 13.991 10.8516 17.4888 26.4863 22.1768 40.9934 61.1541 92.0672 6.2188 2.6039 0.981 1.2172 1.2898 5.8374 17.4239 3.6172 32.6458 48.013 87.2311 99.0477 74.5642 9.0838 494.8604 246.5893 246.5893 156.3123 27.6134 19.458 44.8491 19.4967 105.2114 304.5408 27.4175 174.4888 265.3064 0.0 155.2074 72.9012 202.2569 307.7131;
	2.4151 32.6338 88.7247 112.6516 14.1442 15.738 8.9373 17.3696 15.348 20.8198 38.485 57.4121 86.4336 11.232 8.431 3.1763 3.941 4.1763 9.2071 18.4939 2.9791 36.722 41.8579 83.2688 97.2804 72.6086 8.9598 359.1538 191.5219 191.5219 141.9838 26.3486 30.6903 47.6034 35.2137 81.716 172.1732 28.1777 150.3348 260.5726 4.8368 174.5867 81.8374 210.3099 173.9666;
	2.964 40.0506 88.5698 110.3205 14.0334 22.484 10.4541 16.1011 9.3436 16.7711 31.0012 46.2477 69.6256 27.3093 14.613 5.5054 6.8307 7.2385 24.1472 23.4492 3.4847 52.4626 50.8884 80.6734 94.2092 70.7993 6.6913 288.8956 196.5916 196.5916 139.6155 25.6466 80.4907 60.3584 85.6183 83.8791 154.9715 32.8053 172.8883 252.346 4.5622 249.422 85.8114 198.8556 156.5858;
	2.4732 33.4184 87.7652 110.9572 14.0626 23.1782 11.8793 15.8122 13.4286 25.3081 46.7817 69.7891 105.0671 41.3615 24.1847 9.1114 11.3049 11.9798 31.8166 37.9073 3.9598 54.0826 64.4077 82.1356 94.9686 70.5914 10.1078 245.0304 223.3899 223.3899 107.2735 17.1955 106.0552 97.5736 129.6738 95.313 174.5576 25.2961 168.6482 254.3802 5.6566 257.1239 91.7457 217.7505 176.3759;
	1.6381 22.1337 64.4094 110.3467 14.4931 18.2238 11.927 16.5835 19.3113 27.1891 50.2586 74.9759 112.8758 39.6848 24.5615 9.2534 11.4811 12.1665 47.9332 50.9944 3.9757 42.5222 69.4958 81.5864 89.5488 71.0243 11.8274 115.4547 177.621 177.621 88.103 8.6604 159.7774 131.2596 124.4173 75.785 105.1267 21.9347 180.7043 239.8629 6.5482 202.1625 87.2724 186.3753 106.2218;
	2.4566 33.1946 62.6123 95.3565 14.2235 22.799 11.1007 16.6644 23.0343 27.5934 51.0059 76.0908 114.5543 40.8657 16.3629 6.1646 7.6487 8.1053 42.5902 50.9011 3.7002 53.1978 70.011 71.8874 86.2686 66.1043 11.2111 120.6999 144.1534 144.1534 87.6721 6.5698 141.9674 131.0195 128.1196 61.5054 116.8912 37.2209 159.1742 231.0766 11.1268 252.9173 75.1286 160.9848 118.1088;
	1.6837 22.7506 71.8652 99.1409 13.152 13.6598 12.8459 17.1663 27.0608 29.2055 53.9859 80.5363 121.2469 41.8846 7.5218 2.8338 3.516 3.7259 63.695 49.6985 4.282 31.8728 72.45 65.7208 85.6195 68.0867 11.7115 240.7896 249.3453 249.3453 114.2278 8.1942 212.3165 127.924 131.3137 106.3873 241.507 28.5073 325.7132 229.3381 0.0119 151.5324 79.22 132.7957 244.0227;
	1.5187 20.5203 63.8203 92.6255 12.2025 23.7086 15.256 16.2854 27.1089 26.7235 49.398 73.6921 110.9431 46.6543 0.1895 0.0714 0.0886 0.0938 51.7105 37.276 5.0853 55.3202 64.1373 68.0941 78.0052 68.0303 11.0253 375.7197 306.9046 306.9046 163.5939 14.1208 172.3682 95.9486 146.2675 130.946 325.4146 27.0921 187.9463 208.9426 0.0006 263.0079 89.0954 162.6805 328.8043;
	1.7252 23.3108 78.555 84.1691 11.6461 30.4846 20.8549 17.047 27.0507 25.4287 47.0045 70.1215 105.5676 51.4868 1.876 0.7068 0.8769 0.9293 70.3498 54.0446 6.9516 71.1307 61.7117 69.6289 81.4259 67.2258 11.6791 481.3023 388.5058 388.5058 298.4398 18.0182 234.4994 139.1109 161.4181 165.7625 456.2493 45.5797 222.0142 218.1052 0.0224 338.1758 107.9138 164.6326 461.0019;
	2.8231 38.1469 80.044 78.5811 13.4877 29.7286 19.5328 15.9009 26.4229 21.5047 39.7512 59.301 89.2773 50.727 33.9405 12.7869 15.8652 16.8124 74.8676 60.5692 6.5109 69.3667 58.0511 72.9998 89.1382 64.6368 9.7077 609.0531 433.0323 433.0323 308.8401 27.431 249.5586 155.9052 159.036 184.7605 577.1654 60.0457 209.5467 238.7631 0.0 329.7891 132.2653 184.6807 583.1775;
	3.4471 46.5783 80.0663 93.8284 13.929 30.2874 20.6398 15.9573 25.8882 25.7335 47.568 70.9621 106.8331 52.1113 56.6228 21.3323 26.4679 28.048 79.1712 57.8077 6.8799 70.6707 49.7181 68.0753 86.3652 67.1626 10.3773 782.9516 593.9395 593.9395 407.5135 31.9573 263.904 148.7973 163.3758 253.4142 741.525 83.6728 264.9099 231.3354 0.0 335.9886 137.0384 232.7623 749.2493;
	3.493 47.1976 81.5924 101.1424 14.0406 31.7402 24.6272 15.5611 26.1299 22.7345 42.0244 62.6921 94.3826 58.957 87.3611 32.9128 40.8362 43.2742 77.4864 58.2899 8.2091 74.0605 40.2834 72.618 90.974 64.7218 11.134 961.8884 675.8995 675.8995 510.0093 39.4072 258.2881 150.0384 184.838 288.3838 932.2355 116.4394 414.0677 243.6804 0.0 352.1046 151.0448 236.7758 941.9463;
	3.5532 48.0113 86.4864 102.4723 14.5887 31.6637 25.9722 16.4423 25.7623 17.075 31.5629 47.0856 70.8871 61.7051 124.4708 46.8937 58.1829 61.6565 81.5158 65.6123 8.6574 73.882 27.6653 77.8278 96.2206 67.9176 11.4318 1048.7658 716.7008 716.7008 669.5304 50.5831 271.7193 168.8863 193.4538 305.7924 982.1065 166.4504 366.4505 257.7338 0.3675 351.2562 161.2986 249.8413 992.3368;
	3.4999 47.2918 85.6681 104.6276 14.8736 31.989 28.4502 16.5079 24.444 18.5696 34.3257 51.2072 77.0922 59.7162 159.7988 60.2033 74.6966 79.1561 84.4051 68.7727 9.4834 74.641 26.1703 81.6997 96.756 69.6577 9.3275 1017.3501 735.6694 735.6694 647.4545 80.3729 281.3503 177.021 187.2182 313.8856 970.9111 196.8346 386.8567 259.1678 0.4852 354.8648 200.7876 264.571 981.0247;
	3.561 48.1166 89.7937 110.677 14.4713 32.3607 29.2489 17.4217 27.0765 18.0535 33.3716 49.7839 74.9494 59.8018 176.2648 66.4067 82.3936 87.3126 85.305 69.4026 9.7496 75.5084 36.5529 82.7098 100.354 69.3782 11.8852 1126.1278 742.4149 742.4149 678.3785 94.5812 284.35 178.6424 187.4867 316.7637 1039.319 227.0769 434.8485 268.8055 108.5972 358.9886 191.1776 259.2489 1050.1453;
	2.4639 33.2928 82.2629 96.1138 13.9673 28.3948 29.6568 6.9944 25.8852 18.6939 34.5554 51.5499 77.6081 56.3146 180.761 68.1007 84.4953 89.5398 83.6343 66.5434 9.8856 66.2546 42.9484 79.4993 95.5477 29.3043 7.9173 1083.3021 740.9144 740.9144 656.2893 102.4935 278.7811 171.2828 176.5538 316.1235 1007.1367 224.8825 422.9451 255.9314 112.8695 314.9933 182.7882 239.5873 1017.6277;
