function solarprofile = ex_solar_profilesh1
%EX_WIND_PROFILE_D  Example wind_load_nyiso profile data for deterministic unit commitment.
% 2022.03.12
% Andres F. Ramirez


%% define constants
[GEN_BUS, PG, QG, QMAX, QMIN, VG, MBASE, GEN_STATUS, PMAX, PMIN, ...
    MU_PMAX, MU_PMIN, MU_QMAX, MU_QMIN, PC1, PC2, QC1MIN, QC1MAX, ...
    QC2MIN, QC2MAX, RAMP_AGC, RAMP_10, RAMP_30, RAMP_Q, APF] = idx_gen;
[CT_LABEL, CT_PROB, CT_TABLE, CT_TBUS, CT_TGEN, CT_TBRCH, CT_TAREABUS, ...
    CT_TAREAGEN, CT_TAREABRCH, CT_ROW, CT_COL, CT_CHGTYPE, CT_REP, ...
    CT_REL, CT_ADD, CT_NEWVAL, CT_TLOAD, CT_TAREALOAD, CT_LOAD_ALL_PQ, ...
    CT_LOAD_FIX_PQ, CT_LOAD_DIS_PQ, CT_LOAD_ALL_P, CT_LOAD_FIX_P, ...
    CT_LOAD_DIS_P, CT_TGENCOST, CT_TAREAGENCOST, CT_MODCOST_F, ...
    CT_MODCOST_X] = idx_ct;

solarprofile = struct( ...
    'type', 'mpcData', ...
    'table', CT_TGEN, ...
    'rows', [1:12], ...
    'col', PMAX, ...
    'chgtype', 1, ...
    'values', [] );
solarprofile.values(:,1,:) = [
	0.0 0.0 0.0 0.0 0.0 0.0 0.0 0.0 0.0 0.0 0.0 0.0;
	0.0 0.0 0.0 0.0 0.0 0.0 0.0 0.0 0.0 0.0 0.0 0.0;
	0.0 0.0 0.0 0.0 0.0 0.0 0.0 0.0 0.0 0.0 0.0 0.0;
	0.0 0.0 0.0 0.0 0.0 0.0 0.0 0.0 0.0 0.0 0.0 0.0;
	0.0 0.0 0.0 0.0 0.0 0.0 0.0 0.0 0.0 0.0 0.0 0.0;
	0.0951 0.0972 0.1051 0.0 0.0 0.4516 0.0564 0.1784 0.0 0.0 0.0 0.0;
	3.7936 3.0108 5.1303 3.2814 1.5304 164.2798 20.535 42.7518 104.3486 42.3804 20.9361 76.7512;
	7.4421 5.8224 5.6677 6.742 7.6746 161.2688 20.1586 55.1004 77.7047 110.0686 52.8327 199.3349;
	10.8286 7.9429 6.8196 9.3379 9.9898 181.942 22.7427 53.3521 64.0295 173.3116 102.6749 313.8684;
	22.2427 15.9227 13.0052 10.4362 8.4832 420.7227 52.5903 64.7022 189.6955 218.3054 98.9428 395.3525;
	25.8789 16.4165 13.2947 11.1207 8.9855 409.4773 51.1847 65.0306 192.6368 285.2246 161.4874 516.5434;
	26.0975 16.5021 13.3489 11.2056 10.0201 413.9913 51.7489 67.5674 215.5141 305.5631 172.9504 553.3767;
	23.6828 16.3625 13.5913 7.4873 7.0061 444.8558 55.607 67.6773 232.2428 287.7999 152.1502 521.2074;
	14.6501 9.1563 9.9254 6.8204 6.3384 442.1472 55.2684 64.9208 229.4241 253.7686 106.5847 459.5765;
	7.0523 4.5279 5.9978 4.5312 4.9673 425.2145 53.1518 59.0218 192.8743 219.186 59.3308 396.9472;
	4.3641 3.5784 4.336 3.0507 2.7119 125.3187 15.6648 11.0623 11.5821 83.1106 7.1473 150.5139;
	1.07 0.855 0.621 1.424 1.6334 32.2145 4.0268 6.8205 20.2353 22.9963 7.8859 41.6465;
	0.0 0.0 0.0 0.0 0.0 0.0 0.0 0.0 0.0 0.0 0.0 0.0;
	0.0 0.0 0.0 0.0 0.0 0.0 0.0 0.0 0.0 0.0 0.0 0.0;
	0.0 0.0 0.0 0.0 0.0 0.0 0.0 0.0 0.0 0.0 0.0 0.0;
	0.0 0.0 0.0 0.0 0.0 0.0 0.0 0.0 0.0 0.0 0.0 0.0;
	0.0 0.0 0.0 0.0 0.0 0.0 0.0 0.0 0.0 0.0 0.0 0.0;
	0.0 0.0 0.0 0.0 0.0 0.0 0.0 0.0 0.0 0.0 0.0 0.0;
	0.0 0.0 0.0 0.0 0.0 0.0 0.0 0.0 0.0 0.0 0.0 0.0;
];
