function solarprofile = ex_solar_profilesh1
%EX_WIND_PROFILE_D  Example wind_load_nyiso profile data for deterministic unit commitment.
% 2022.03.12
% Andres F. Ramirez


%% define constants
[GEN_BUS, PG, QG, QMAX, QMIN, VG, MBASE, GEN_STATUS, PMAX, PMIN, ...
    MU_PMAX, MU_PMIN, MU_QMAX, MU_QMIN, PC1, PC2, QC1MIN, QC1MAX, ...
    QC2MIN, QC2MAX, RAMP_AGC, RAMP_10, RAMP_30, RAMP_Q, APF] = idx_gen;
[CT_LABEL, CT_PROB, CT_TABLE, CT_TBUS, CT_TGEN, CT_TBRCH, CT_TAREABUS, ...
    CT_TAREAGEN, CT_TAREABRCH, CT_ROW, CT_COL, CT_CHGTYPE, CT_REP, ...
    CT_REL, CT_ADD, CT_NEWVAL, CT_TLOAD, CT_TAREALOAD, CT_LOAD_ALL_PQ, ...
    CT_LOAD_FIX_PQ, CT_LOAD_DIS_PQ, CT_LOAD_ALL_P, CT_LOAD_FIX_P, ...
    CT_LOAD_DIS_P, CT_TGENCOST, CT_TAREAGENCOST, CT_MODCOST_F, ...
    CT_MODCOST_X] = idx_ct;

solarprofile = struct( ...
    'type', 'mpcData', ...
    'table', CT_TGEN, ...
    'rows', [1:12], ...
    'col', PMAX, ...
    'chgtype', 1, ...
    'values', [] );
solarprofile.values(:,1,:) = [
	0.0 0.0 0.0 0.0 0.0 0.0 0.0 0.0 0.0 0.0 0.0 0.0;
	0.0 0.0 0.0 0.0 0.0 0.0 0.0 0.0 0.0 0.0 0.0 0.0;
	0.0 0.0 0.0 0.0 0.0 0.0 0.0 0.0 0.0 0.0 0.0 0.0;
	0.0 0.0 0.0 0.0 0.0 0.0 0.0 0.0 0.0 0.0 0.0 0.0;
	0.0 0.0 0.0 0.0 0.0 0.0 0.0 0.0 0.0 0.0 0.0 0.0;
	0.1424 0.2799 0.1996 0.0 0.0 0.1251 0.0156 0.2143 0.0 0.0 0.0 0.0;
	3.3754 6.1996 2.4495 0.9554 3.9045 47.3394 5.9174 6.0711 35.4232 34.539 17.0031 62.5504;
	4.8384 4.2608 4.0557 1.5664 8.3564 127.2961 15.912 14.2876 73.4808 69.0307 29.5984 125.0151;
	7.037 2.7872 4.5701 1.7253 9.9936 143.7867 17.9733 24.442 86.7329 157.9048 87.5269 285.9665;
	19.7234 9.0315 11.4686 5.6259 10.7211 339.2485 42.4061 62.4515 211.7117 246.4221 156.1377 446.2719;
	23.9709 16.0537 13.2545 10.3838 11.2751 321.8284 40.2285 61.0968 231.0234 281.1483 177.7585 509.1613;
	25.5127 16.4598 13.5188 11.1201 11.6587 352.9871 44.1234 61.7017 244.0987 274.8825 174.1142 497.8139;
	25.0311 16.7241 13.8268 3.4726 6.7191 381.5291 47.6911 66.2166 227.5683 158.6975 97.2808 287.4022;
	20.3916 15.5788 13.0281 1.5322 5.5485 381.5848 47.6981 66.6777 204.6045 133.2887 63.4279 241.3866;
	10.739 6.4482 7.3824 0.3851 4.9101 339.4635 42.4329 62.469 153.1068 111.8073 51.2842 202.4838;
	4.2304 2.506 2.5866 0.0826 4.3911 59.5747 7.4468 22.1622 25.7038 40.2466 10.9907 72.8868;
	1.374 1.0495 0.8638 0.6978 1.7986 36.1605 4.5201 8.8009 26.4353 14.6838 5.9715 26.5924;
	0.0 0.0 0.0 0.0 0.0 0.0 0.0 0.0 0.0 0.0 0.0 0.0;
	0.0 0.0 0.0 0.0 0.0 0.0 0.0 0.0 0.0 0.0 0.0 0.0;
	0.0 0.0 0.0 0.0 0.0 0.0 0.0 0.0 0.0 0.0 0.0 0.0;
	0.0 0.0 0.0 0.0 0.0 0.0 0.0 0.0 0.0 0.0 0.0 0.0;
	0.0 0.0 0.0 0.0 0.0 0.0 0.0 0.0 0.0 0.0 0.0 0.0;
	0.0 0.0 0.0 0.0 0.0 0.0 0.0 0.0 0.0 0.0 0.0 0.0;
	0.0 0.0 0.0 0.0 0.0 0.0 0.0 0.0 0.0 0.0 0.0 0.0;
];
