function loadprofile = ex_load_profilesh1
%EX_LOAD_PROFILE  Example load profile data file for stochastic unit commitment.
% 2022.03.12
% Andres F. Ramirez

%% define constants
[CT_LABEL, CT_PROB, CT_TABLE, CT_TBUS, CT_TGEN, CT_TBRCH, CT_TAREABUS, ...
    CT_TAREAGEN, CT_TAREABRCH, CT_ROW, CT_COL, CT_CHGTYPE, CT_REP, ...
    CT_REL, CT_ADD, CT_NEWVAL, CT_TLOAD, CT_TAREALOAD, CT_LOAD_ALL_PQ, ...
    CT_LOAD_FIX_PQ, CT_LOAD_DIS_PQ, CT_LOAD_ALL_P, CT_LOAD_FIX_P, ...
    CT_LOAD_DIS_P, CT_TGENCOST, CT_TAREAGENCOST, CT_MODCOST_F, ...
    CT_MODCOST_X] = idx_ct;

loadprofile = struct( ...
    'type', 'mpcData', ...
    'table', CT_TAREALOAD, ...
    'rows', [1:11], ...
    'col', CT_LOAD_ALL_P, ...
    'chgtype', 1, ...
    'values', [] );
loadprofile.values(:,1,:) = [
	1446.643 951.2804 1518.0928 618.334 798.7 1109.2959 904.0338 194.8336 586.4267 4447.1608 1754.8107;
	1443.4607 946.4821 1549.8657 619.9417 777.9685 1128.3895 911.7938 213.7648 555.0678 4461.9435 1786.8946;
	1472.6978 960.3958 1585.2195 624.6086 802.1225 1158.4 902.478 212.6178 555.9375 4422.3644 1787.3957;
	1546.5 1027.4 1668.9419 625.3813 853.1106 1231.6715 952.2978 231.1323 584.1832 4752.254 1929.5987;
	1678.3568 1161.3427 1860.5898 625.8225 933.3 1377.896 1054.1214 262.2726 646.1322 5284.808 2123.9607;
	1813.5414 1233.8691 1997.3 648.7803 994.827 1455.2 1106.6579 311.8062 697.6 5788.8275 2250.2416;
	1789.332 1254.1 2012.9083 670.3263 1012.2509 1461.3496 1131.725 319.3 713.3336 6181.3573 2314.9797;
	1858.8272 1269.6414 2011.7826 645.2845 988.796 1460.6308 1142.1353 334.6016 715.1875 6389.8422 2390.3356;
	1895.4576 1304.9401 2038.2825 626.5561 936.5457 1438.4345 1138.7292 335.5384 714.3018 6460.8886 2447.9273;
	1923.4616 1333.4348 2038.5309 608.982 947.5527 1462.247 1101.7846 335.7666 699.0961 6493.2407 2377.1311;
	1903.0201 1283.8222 1998.221 597.0475 911.6485 1366.7405 1077.4257 334.7253 688.9415 6429.3748 2342.2062;
	1899.1646 1307.8616 1990.2678 579.9388 913.7 1383.9 1080.2976 343.0459 679.1655 6381.3549 2341.4711;
	1981.3002 1313.2574 1976.4624 583.1052 933.1855 1407.2577 1104.5854 356.1399 674.2 6521.4354 2457.1539;
	1805.5019 1233.2716 1895.8647 571.5857 867.9546 1344.334 1016.359 335.5819 652.0865 6324.024 2264.3254;
	1824.9862 1231.073 1890.6949 567.7127 864.1976 1374.749 1043.6589 318.8434 654.3012 6286.2779 2244.1464;
	1777.5498 1194.3949 1938.4561 565.5 916.9783 1431.9197 1087.368 333.5839 665.8001 6353.3506 2356.0627;
	1746.5518 1174.3292 1913.7469 566.2551 918.057 1435.6477 1090.0231 318.7 679.243 6202.5315 2552.8029;
	1776.1 1208.2424 1934.8 582.9 962.3698 1470.2558 1138.9826 345.5348 717.2983 6202.2668 2694.9706;
	1794.7 1217.5 1944.6421 583.4 968.1672 1486.3305 1146.7738 354.4 709.9635 6097.2927 2608.4912;
	1743.4363 1159.2644 1850.046 567.5 895.5407 1384.759 1102.9018 326.4 672.3661 6007.5367 2519.4687;
	1637.6103 1059.8921 1729.3313 559.1216 829.2239 1271.7129 1012.0002 301.1074 619.1305 5628.8354 2290.5979;
	1477.479 962.6 1591.8161 548.7 752.8419 1216.4589 941.0805 270.2 578.0 5382.9874 2246.8043;
	1462.6263 926.5763 1546.8138 550.3773 734.713 1174.2579 901.5 250.4885 535.9 5038.8309 2020.4599;
	1410.0497 884.1443 1500.2 538.0533 726.8 1115.7881 858.1148 232.7429 518.1732 4656.918 1803.5901;
];
