function solarprofile = ex_solar_profilesh1
%EX_WIND_PROFILE_D  Example wind_load_nyiso profile data for deterministic unit commitment.
% 2022.03.12
% Andres F. Ramirez


%% define constants
[GEN_BUS, PG, QG, QMAX, QMIN, VG, MBASE, GEN_STATUS, PMAX, PMIN, ...
    MU_PMAX, MU_PMIN, MU_QMAX, MU_QMIN, PC1, PC2, QC1MIN, QC1MAX, ...
    QC2MIN, QC2MAX, RAMP_AGC, RAMP_10, RAMP_30, RAMP_Q, APF] = idx_gen;
[CT_LABEL, CT_PROB, CT_TABLE, CT_TBUS, CT_TGEN, CT_TBRCH, CT_TAREABUS, ...
    CT_TAREAGEN, CT_TAREABRCH, CT_ROW, CT_COL, CT_CHGTYPE, CT_REP, ...
    CT_REL, CT_ADD, CT_NEWVAL, CT_TLOAD, CT_TAREALOAD, CT_LOAD_ALL_PQ, ...
    CT_LOAD_FIX_PQ, CT_LOAD_DIS_PQ, CT_LOAD_ALL_P, CT_LOAD_FIX_P, ...
    CT_LOAD_DIS_P, CT_TGENCOST, CT_TAREAGENCOST, CT_MODCOST_F, ...
    CT_MODCOST_X] = idx_ct;

solarprofile = struct( ...
    'type', 'mpcData', ...
    'table', CT_TGEN, ...
    'rows', [1:12], ...
    'col', PMAX, ...
    'chgtype', 1, ...
    'values', [] );
solarprofile.values(:,1,:) = [
	0.0 0.0 0.0 0.0 0.0 0.0 0.0 0.0 0.0 0.0 0.0 0.0;
	0.0 0.0 0.0 0.0 0.0 0.0 0.0 0.0 0.0 0.0 0.0 0.0;
	0.0 0.0 0.0 0.0 0.0 0.0 0.0 0.0 0.0 0.0 0.0 0.0;
	0.0 0.0 0.0 0.0 0.0 0.0 0.0 0.0 0.0 0.0 0.0 0.0;
	0.0 0.0 0.0 0.0 0.0 0.0 0.0 0.0 0.0 0.0 0.0 0.0;
	0.1109 0.0992 0.1134 0.0 0.0 0.22 0.0275 0.2979 0.0 0.0 0.0 0.0;
	3.4373 2.7228 1.7173 1.1453 3.2944 189.4104 23.6763 18.091 68.0232 104.5204 24.0385 189.2871;
	4.0542 3.4725 2.1169 4.2372 11.0765 249.7996 31.225 33.587 74.8914 165.0448 52.3239 298.8971;
	4.6158 3.7359 2.0169 8.3314 12.4764 259.7012 32.4626 34.7895 81.1781 205.3031 74.3871 371.8051;
	15.958 10.8684 6.576 10.7141 11.443 393.633 49.2041 49.646 211.2826 125.5173 30.7637 227.3125;
	22.3976 15.6523 12.13 11.1561 10.4352 385.6729 48.2091 44.0244 196.236 143.359 34.0601 259.624;
	23.7487 16.0751 13.2624 11.2056 9.7194 377.246 47.1557 45.5033 187.8308 194.5804 39.0663 352.3863;
	26.122 16.8559 13.834 5.1745 4.0135 336.0089 42.0011 50.4565 171.9431 250.3313 20.6422 453.3514;
	23.5664 16.4776 13.601 3.2686 3.6057 309.5187 38.6898 50.8835 170.5365 242.9597 16.9863 440.0015;
	17.4892 12.5331 9.6408 1.5578 3.0119 270.4711 33.8089 43.853 151.2422 193.5356 24.0793 350.4941;
	6.082 3.4764 3.3622 0.7977 2.3774 120.6023 15.0753 10.5101 27.719 38.5495 7.0641 69.8133;
	1.0445 0.7732 0.6208 0.7291 1.5245 58.0534 7.2567 8.4629 21.1415 15.2554 8.5587 27.6276;
	0.0 0.0 0.0 0.0 0.0 0.0 0.0 0.0 0.0 0.0 0.0 0.0;
	0.0 0.0 0.0 0.0 0.0 0.0 0.0 0.0 0.0 0.0 0.0 0.0;
	0.0 0.0 0.0 0.0 0.0 0.0 0.0 0.0 0.0 0.0 0.0 0.0;
	0.0 0.0 0.0 0.0 0.0 0.0 0.0 0.0 0.0 0.0 0.0 0.0;
	0.0 0.0 0.0 0.0 0.0 0.0 0.0 0.0 0.0 0.0 0.0 0.0;
	0.0 0.0 0.0 0.0 0.0 0.0 0.0 0.0 0.0 0.0 0.0 0.0;
	0.0 0.0 0.0 0.0 0.0 0.0 0.0 0.0 0.0 0.0 0.0 0.0;
];
