function solarprofile = ex_solar_profilesh1
%EX_WIND_PROFILE_D  Example wind_load_nyiso profile data for deterministic unit commitment.
% 2022.03.12
% Andres F. Ramirez


%% define constants
[GEN_BUS, PG, QG, QMAX, QMIN, VG, MBASE, GEN_STATUS, PMAX, PMIN, ...
    MU_PMAX, MU_PMIN, MU_QMAX, MU_QMIN, PC1, PC2, QC1MIN, QC1MAX, ...
    QC2MIN, QC2MAX, RAMP_AGC, RAMP_10, RAMP_30, RAMP_Q, APF] = idx_gen;
[CT_LABEL, CT_PROB, CT_TABLE, CT_TBUS, CT_TGEN, CT_TBRCH, CT_TAREABUS, ...
    CT_TAREAGEN, CT_TAREABRCH, CT_ROW, CT_COL, CT_CHGTYPE, CT_REP, ...
    CT_REL, CT_ADD, CT_NEWVAL, CT_TLOAD, CT_TAREALOAD, CT_LOAD_ALL_PQ, ...
    CT_LOAD_FIX_PQ, CT_LOAD_DIS_PQ, CT_LOAD_ALL_P, CT_LOAD_FIX_P, ...
    CT_LOAD_DIS_P, CT_TGENCOST, CT_TAREAGENCOST, CT_MODCOST_F, ...
    CT_MODCOST_X] = idx_ct;

solarprofile = struct( ...
    'type', 'mpcData', ...
    'table', CT_TGEN, ...
    'rows', [1:12], ...
    'col', PMAX, ...
    'chgtype', 1, ...
    'values', [] );
solarprofile.values(:,1,:) = [
	0.0 0.0 0.0 0.0 0.0 0.0 0.0 0.0 0.0 0.0 0.0 0.0;
	0.0 0.0 0.0 0.0 0.0 0.0 0.0 0.0 0.0 0.0 0.0 0.0;
	0.0 0.0 0.0 0.0 0.0 0.0 0.0 0.0 0.0 0.0 0.0 0.0;
	0.0 0.0 0.0 0.0 0.0 0.0 0.0 0.0 0.0 0.0 0.0 0.0;
	0.0 0.0 0.0 0.0 0.0 0.0 0.0 0.0 0.0 0.0 0.0 0.0;
	0.0951 0.0972 0.1051 0.0 0.0 0.1251 0.0156 0.1784 0.0 0.0 0.0 0.0;
	1.4342 0.9689 0.2938 5.3642 8.6939 93.9443 11.743 19.6202 128.7363 135.3478 66.0862 245.1157;
	0.6355 0.7355 0.3056 8.0202 10.78 255.0708 31.8838 35.7204 107.9463 149.7045 74.1697 271.1157;
	0.6795 0.5442 0.416 9.8288 10.6311 316.8343 39.6043 40.2688 101.3467 176.8267 59.3216 320.2342;
	11.311 5.1861 6.4838 10.995 8.3402 417.1329 52.1416 64.3695 247.2656 211.8516 45.5192 383.6646;
	14.0545 8.8798 8.8089 11.1561 9.8493 374.9719 46.8715 64.1831 235.8386 287.6352 127.1803 520.909;
	16.4565 12.5793 10.2674 11.2056 10.8313 342.8969 42.8621 65.9232 230.7074 300.9645 154.8628 545.0486;
	23.8783 16.5824 13.7384 4.3332 5.1772 346.3934 43.2992 67.8736 237.4706 216.2871 60.7406 391.6972;
	20.8784 15.9045 13.7303 3.1587 2.7845 373.15 46.6437 67.8487 246.0289 130.0869 26.3038 235.5882;
	15.293 11.5656 11.8524 2.4303 1.4301 360.0168 45.0021 65.0927 247.6967 71.3457 37.3577 129.2075;
	5.0696 2.7976 4.7761 1.8649 1.014 138.7143 17.3393 31.557 123.0763 25.2425 24.5238 45.7144;
	0.8987 0.7338 0.5377 0.7215 1.4227 38.8982 4.8623 10.5495 27.006 15.9937 12.1197 28.9646;
	0.0 0.0 0.0 0.0 0.0 0.0 0.0 0.0 0.0 0.0 0.0 0.0;
	0.0 0.0 0.0 0.0 0.0 0.0 0.0 0.0 0.0 0.0 0.0 0.0;
	0.0 0.0 0.0 0.0 0.0 0.0 0.0 0.0 0.0 0.0 0.0 0.0;
	0.0 0.0 0.0 0.0 0.0 0.0 0.0 0.0 0.0 0.0 0.0 0.0;
	0.0 0.0 0.0 0.0 0.0 0.0 0.0 0.0 0.0 0.0 0.0 0.0;
	0.0 0.0 0.0 0.0 0.0 0.0 0.0 0.0 0.0 0.0 0.0 0.0;
	0.0 0.0 0.0 0.0 0.0 0.0 0.0 0.0 0.0 0.0 0.0 0.0;
];
