function loadprofile = ex_load_profilesh1
%EX_LOAD_PROFILE  Example load profile data file for stochastic unit commitment.
% 2022.03.12
% Andres F. Ramirez

%% define constants
[CT_LABEL, CT_PROB, CT_TABLE, CT_TBUS, CT_TGEN, CT_TBRCH, CT_TAREABUS, ...
    CT_TAREAGEN, CT_TAREABRCH, CT_ROW, CT_COL, CT_CHGTYPE, CT_REP, ...
    CT_REL, CT_ADD, CT_NEWVAL, CT_TLOAD, CT_TAREALOAD, CT_LOAD_ALL_PQ, ...
    CT_LOAD_FIX_PQ, CT_LOAD_DIS_PQ, CT_LOAD_ALL_P, CT_LOAD_FIX_P, ...
    CT_LOAD_DIS_P, CT_TGENCOST, CT_TAREAGENCOST, CT_MODCOST_F, ...
    CT_MODCOST_X] = idx_ct;

loadprofile = struct( ...
    'type', 'mpcData', ...
    'table', CT_TAREALOAD, ...
    'rows', [1:11], ...
    'col', CT_LOAD_ALL_P, ...
    'chgtype', 1, ...
    'values', [] );
loadprofile.values(:,1,:) = [
	1466.7476 885.2853 1565.2924 560.5398 797.172 1084.6558 803.0557 224.1933 493.0097 4288.6338 1600.9377;
	1455.2722 879.4595 1540.0677 549.5278 794.5 1063.6792 776.7679 216.1585 479.6965 3759.2725 1580.6591;
	1492.752 884.8243 1564.3881 556.7946 816.2098 1107.5418 797.1404 228.0054 483.7355 3861.836 1545.7676;
	1558.8 957.9584 1660.9824 574.0749 867.8855 1150.5087 861.2528 256.7 526.8121 4242.3525 1668.5287;
	1713.9171 1096.9168 1870.9599 593.2131 947.2726 1331.2318 940.2392 280.2608 603.5625 4244.3929 1831.1214;
	1848.245 1208.4301 1994.6 588.4051 1035.3409 1423.0792 1027.0504 331.6411 674.9 5354.0801 2103.5713;
	1874.7 1239.312 2014.6325 599.4412 1038.4203 1436.1795 1024.1238 297.4099 681.5504 5793.2423 2098.4007;
	1852.0246 1222.8571 1950.6237 605.2656 1021.2363 1441.5956 1050.3 324.8657 699.8 6209.4277 2191.9851;
	1835.1701 1210.7 1941.5347 601.9476 1040.1804 1470.5659 1106.0534 329.9187 728.3628 6335.6974 2245.3558;
	1826.5277 1201.9 1917.3363 601.2721 994.2053 1461.9559 1108.3629 332.4 714.8079 6387.8853 2146.4825;
	1790.1556 1198.2677 1958.699 607.7 1000.6074 1461.9408 1076.2389 306.1367 709.7329 6312.7462 2102.0706;
	1771.549 1183.8799 1925.4759 600.1693 979.8 1437.6068 1076.7575 315.3082 687.6 6301.445 2097.8368;
	1796.4382 1185.5999 1886.8062 584.7112 940.7116 1412.7706 1098.9099 323.0 691.3039 6284.547 2138.1009;
	1775.6 1185.4842 1854.8579 586.3537 948.7475 1385.1647 1048.5569 323.4268 699.5447 6317.8 2175.1777;
	1803.3509 1196.2 1863.8333 580.3585 948.1293 1352.8736 1030.0636 311.2956 692.6669 6330.6837 2180.2349;
	1843.3 1226.2478 1882.9469 576.1936 964.3774 1417.1 1096.6606 323.9925 719.9796 6236.4365 2244.6374;
	1840.4785 1244.527 1923.6436 600.6465 993.0 1413.7536 1090.6491 332.4971 739.5778 6141.959 2317.9372;
	1787.8347 1290.5682 1982.994 603.3159 1032.8154 1457.8547 1165.077 344.1968 780.5462 6202.8042 2473.209;
	1813.9 1295.6449 1956.236 603.6198 1046.2002 1421.7 1185.9592 349.2 741.7 6002.8999 2445.8157;
	1766.5804 1229.5127 1872.438 588.1287 986.6363 1337.9562 1097.9978 337.6706 699.3932 5750.0669 2333.7807;
	1664.5 1097.5187 1698.888 577.3631 922.0722 1240.9027 1004.7222 316.0749 635.2074 5474.316 2139.7;
	1543.3013 1018.5787 1626.5772 557.9857 867.2821 1143.998 911.7 285.5867 583.4205 5072.6721 1944.7;
	1561.9 977.8 1572.4858 541.8 813.0186 1099.7 843.1785 249.2316 529.6616 4662.4591 1813.8305;
	1519.1774 942.2007 1535.5 530.4888 756.0 1067.92 800.4262 224.8811 492.4876 4385.4383 1696.6981;
];
