function loadprofile = ex_load_profilesh1
%EX_LOAD_PROFILE  Example load profile data file for stochastic unit commitment.
% 2022.03.12
% Andres F. Ramirez

%% define constants
[CT_LABEL, CT_PROB, CT_TABLE, CT_TBUS, CT_TGEN, CT_TBRCH, CT_TAREABUS, ...
    CT_TAREAGEN, CT_TAREABRCH, CT_ROW, CT_COL, CT_CHGTYPE, CT_REP, ...
    CT_REL, CT_ADD, CT_NEWVAL, CT_TLOAD, CT_TAREALOAD, CT_LOAD_ALL_PQ, ...
    CT_LOAD_FIX_PQ, CT_LOAD_DIS_PQ, CT_LOAD_ALL_P, CT_LOAD_FIX_P, ...
    CT_LOAD_DIS_P, CT_TGENCOST, CT_TAREAGENCOST, CT_MODCOST_F, ...
    CT_MODCOST_X] = idx_ct;

loadprofile = struct( ...
    'type', 'mpcData', ...
    'table', CT_TAREALOAD, ...
    'rows', [1:11], ...
    'col', CT_LOAD_ALL_P, ...
    'chgtype', 1, ...
    'values', [] );
loadprofile.values(:,1,:) = [
	1483.8 956.6279 1535.3816 582.1 763.4313 1142.4781 916.4547 235.0157 515.715 4489.4301 1879.648;
	1454.3342 949.2376 1522.1105 581.5173 749.9 1160.6 920.7067 244.5118 517.1 4466.109 1889.1461;
	1511.8277 966.194 1560.9755 595.2 767.4123 1184.2804 907.7835 235.258 523.5404 4451.6233 1877.343;
	1571.1877 1031.1171 1665.6528 597.9355 834.9746 1255.7798 968.1671 263.6158 558.2047 4750.3247 1978.9917;
	1674.3575 1148.0708 1873.2763 614.5 919.0078 1407.4884 1051.2504 299.3851 620.2481 5231.7061 2121.6919;
	1765.8119 1209.2277 1987.1 616.8 987.9928 1506.2351 1149.0027 326.4 690.6 5725.6961 2235.7547;
	1823.7 1217.6242 1992.9846 620.3055 1003.3 1534.2299 1186.7712 343.2156 701.7659 6061.8094 2254.3904;
	1823.0677 1204.5 1964.4941 604.6711 971.9739 1513.8222 1166.0045 334.5264 716.2535 6387.6995 2246.4949;
	1830.4969 1165.8359 1967.757 583.4842 954.2463 1462.159 1174.4097 349.0 739.5484 6451.4565 2289.8957;
	1846.0803 1193.3904 1948.6224 583.7724 949.9309 1440.1251 1168.7154 351.0052 766.7649 6556.3409 2478.1733;
	1791.0679 1162.3 1920.807 589.6843 936.1336 1461.3073 1151.4653 337.8 722.9468 6456.8661 2433.9461;
	1806.3 1164.7922 1943.7212 588.7 948.5296 1494.2935 1132.1839 350.1024 703.0893 6432.8039 2347.9728;
	1750.8903 1161.5221 1895.724 579.6876 905.001 1421.6162 1128.7 346.4604 702.5 6275.1439 2289.0303;
	1755.9381 1157.7 1932.0104 591.5133 922.6659 1433.6272 1147.4555 340.8104 680.5077 6267.3589 2307.2253;
	1682.6992 1113.4526 1893.5 591.0809 917.7 1380.772 1166.0627 341.0411 688.6818 6256.4545 2396.4266;
	1752.0 1135.5937 1950.7532 607.0824 952.6221 1441.5393 1264.1826 359.6 679.5099 6222.448 2403.3972;
	1746.4 1132.4 1930.128 597.3838 983.8166 1440.681 1283.342 367.8395 690.872 6123.8953 2582.3;
	1800.9209 1183.2171 1936.735 595.6719 1024.657 1511.4853 1305.9511 386.7 717.246 6069.0765 2655.0421;
	1772.1 1211.3485 1960.055 582.3185 999.6863 1505.9431 1333.7011 390.5999 727.5273 6082.3675 2724.6143;
	1710.3141 1135.7019 1815.9023 575.2603 919.4687 1406.8001 1223.0738 360.1062 700.3454 5808.6549 2488.774;
	1644.1437 1064.7901 1714.7285 563.1351 877.0385 1299.8166 1113.5078 331.4 654.6 5536.7256 2342.9821;
	1514.2122 951.0157 1594.1122 558.5516 795.9 1225.2268 1012.2023 296.9024 584.6297 5092.7734 2063.3964;
	1469.1612 904.1981 1531.3885 552.7388 758.5451 1229.8 923.5 276.1 531.9 4706.0378 1851.19;
	1433.538 869.9958 1444.0714 550.4278 736.8524 1198.2 857.8758 238.0 498.5979 4386.5349 1762.8887;
];
