function loadprofile = ex_load_profilesh1
%EX_LOAD_PROFILE  Example load profile data file for stochastic unit commitment.
% 2022.03.12
% Andres F. Ramirez

%% define constants
[CT_LABEL, CT_PROB, CT_TABLE, CT_TBUS, CT_TGEN, CT_TBRCH, CT_TAREABUS, ...
    CT_TAREAGEN, CT_TAREABRCH, CT_ROW, CT_COL, CT_CHGTYPE, CT_REP, ...
    CT_REL, CT_ADD, CT_NEWVAL, CT_TLOAD, CT_TAREALOAD, CT_LOAD_ALL_PQ, ...
    CT_LOAD_FIX_PQ, CT_LOAD_DIS_PQ, CT_LOAD_ALL_P, CT_LOAD_FIX_P, ...
    CT_LOAD_DIS_P, CT_TGENCOST, CT_TAREAGENCOST, CT_MODCOST_F, ...
    CT_MODCOST_X] = idx_ct;

loadprofile = struct( ...
    'type', 'mpcData', ...
    'table', CT_TAREALOAD, ...
    'rows', [1:11], ...
    'col', CT_LOAD_ALL_P, ...
    'chgtype', 1, ...
    'values', [] );
loadprofile.values(:,1,:) = [
	1549.9821 912.1 1555.1885 539.7567 791.255 1135.6015 862.0266 219.1564 518.2 4474.5758 1772.4611;
	1532.6809 908.5044 1551.6947 548.8178 788.2367 1155.0857 876.143 222.4999 506.0303 4471.8807 1822.3162;
	1541.1295 929.4096 1587.2129 544.8655 802.9535 1164.8 876.5954 229.3575 514.0846 4512.293 1838.7767;
	1621.1 997.2912 1682.4715 555.8801 860.0903 1231.5501 926.1505 249.9243 548.2 4723.7352 1877.2919;
	1787.4257 1124.2344 1891.0557 598.891 973.32 1410.4402 1033.8 311.2104 625.5938 5309.3172 2088.7692;
	1841.7629 1178.0 2006.1901 616.0871 1037.3 1475.3382 1097.7498 332.8908 692.4394 5815.1687 2259.3318;
	1822.0134 1202.9461 2024.8387 625.8391 1059.1278 1475.4027 1111.8451 347.0994 708.5746 6163.1 2321.3352;
	1876.1403 1231.9637 2024.0797 623.2426 1044.8919 1454.802 1113.6 345.829 711.2378 6519.0846 2298.3415;
	1861.2 1238.2 2028.8361 601.1 1005.1171 1470.2932 1119.3117 347.8385 713.0627 6656.7936 2391.7703;
	1821.3281 1223.5 2003.7175 584.0379 1008.3743 1494.1619 1143.1946 355.5198 718.5998 6752.2991 2369.4533;
	1825.4752 1241.809 2021.2694 569.6 1024.7447 1511.1149 1154.5661 359.6077 711.7567 6590.5514 2393.5034;
	1811.8946 1237.0053 1981.4 554.9859 965.9736 1408.4867 1075.5675 341.7383 676.3691 6466.7985 2235.092;
	1776.8581 1210.2572 1955.4251 554.5341 940.2034 1420.3715 1076.3 350.0752 690.4035 6428.4201 2265.4224;
	1759.5978 1192.8 1948.538 549.1752 904.2188 1365.1496 1043.6875 342.5574 686.0652 6282.6484 2176.5665;
	1696.4026 1177.9975 1889.3298 546.4789 889.9654 1355.8699 1034.0 318.8461 671.9 6271.6422 2200.7792;
	1681.3929 1147.7676 1852.3967 552.8577 871.343 1342.5494 1022.9512 312.169 652.8785 6212.863 2202.2;
	1666.5335 1132.9635 1846.8 584.9444 894.2069 1375.3421 1067.1206 311.043 671.6438 6186.2625 2271.6661;
	1747.6637 1195.2862 1918.1219 594.8687 964.0787 1472.0876 1126.8192 337.6742 702.1731 6141.3352 2389.4994;
	1803.3371 1206.3211 1945.7611 591.5 972.6435 1458.4149 1138.9837 336.2956 733.458 6120.8145 2420.2;
	1711.8969 1102.9845 1852.1398 583.325 902.556 1401.1 1087.2639 325.4 683.7803 5819.2631 2261.8;
	1614.3636 1024.8906 1701.7349 562.3 831.7915 1269.1166 1012.302 289.1829 624.4991 5373.8527 2039.2079;
	1560.3232 962.0697 1623.6382 540.1317 793.4806 1170.7 941.3569 269.2 551.5239 5064.9 1906.5967;
	1592.7212 940.2018 1545.6277 542.766 779.148 1119.5602 891.1146 266.0 524.7949 4709.0427 1826.5758;
	1534.8 895.0515 1475.7251 531.1539 777.3 1117.3742 871.4 262.1784 501.3481 4517.7995 1770.7167;
];
