function loadprofile = ex_load_profilesh1
%EX_LOAD_PROFILE  Example load profile data file for stochastic unit commitment.
% 2022.03.12
% Andres F. Ramirez

%% define constants
[CT_LABEL, CT_PROB, CT_TABLE, CT_TBUS, CT_TGEN, CT_TBRCH, CT_TAREABUS, ...
    CT_TAREAGEN, CT_TAREABRCH, CT_ROW, CT_COL, CT_CHGTYPE, CT_REP, ...
    CT_REL, CT_ADD, CT_NEWVAL, CT_TLOAD, CT_TAREALOAD, CT_LOAD_ALL_PQ, ...
    CT_LOAD_FIX_PQ, CT_LOAD_DIS_PQ, CT_LOAD_ALL_P, CT_LOAD_FIX_P, ...
    CT_LOAD_DIS_P, CT_TGENCOST, CT_TAREAGENCOST, CT_MODCOST_F, ...
    CT_MODCOST_X] = idx_ct;

loadprofile = struct( ...
    'type', 'mpcData', ...
    'table', CT_TAREALOAD, ...
    'rows', [1:11], ...
    'col', CT_LOAD_ALL_P, ...
    'chgtype', 1, ...
    'values', [] );
loadprofile.values(:,1,:) = [
	1483.8 900.9429 1501.6803 523.6231 768.4248 1115.4426 798.6739 261.1 477.9802 4456.2539 1760.7269;
	1505.2 922.9 1543.0799 525.0646 750.6866 1113.0123 791.2327 255.1471 481.2 4442.8838 1740.0608;
	1524.4163 936.7 1567.7722 557.2806 762.0345 1121.8517 815.2592 256.604 500.2378 4497.5594 1816.8552;
	1603.614 1006.6 1689.1417 552.5961 824.1738 1210.7772 875.8 281.369 538.9825 4719.2036 1919.8521;
	1749.8 1144.558 1902.404 576.9126 932.0 1377.9111 990.5458 317.5 616.6365 5269.2468 2177.2293;
	1843.4 1246.6588 2012.2 573.2041 1009.6 1457.1427 1055.6505 322.3892 692.4 5783.8917 2324.9257;
	1855.5469 1247.1299 1979.9865 591.5045 993.2497 1440.8513 1068.7938 318.4523 699.8857 6072.1517 2304.2923;
	1884.4167 1229.6385 1954.7795 573.1653 932.7638 1404.5589 1071.3287 325.5127 721.5 6238.203 2295.5607;
	1839.7817 1190.6 1898.9578 574.1887 912.8362 1363.8866 1086.8606 316.6183 730.5753 6353.427 2289.5463;
	1856.9493 1184.4396 1909.9881 559.4292 916.4017 1355.976 1077.2791 307.0304 718.4997 6322.8106 2240.7181;
	1769.7248 1161.4945 1931.3 543.1281 924.5548 1287.7027 1029.1749 299.3044 693.6394 6176.8189 2177.1549;
	1746.6704 1138.1026 1904.3 537.535 900.0266 1315.4471 1063.0178 291.0186 697.1281 6194.0167 2178.622;
	1726.2895 1153.0998 1849.2269 529.6982 875.9407 1289.5712 1024.0532 297.8 663.8468 6174.5674 2083.8161;
	1688.9169 1152.1 1812.274 531.138 840.8801 1272.365 1065.9962 303.0335 658.9234 6260.2961 2151.0701;
	1656.7941 1145.2685 1807.0 526.8484 845.8585 1266.373 1013.5798 315.4415 667.3 6219.2422 2096.4827;
	1679.4601 1118.009 1809.3035 535.3 850.4534 1297.6364 1037.6253 315.0853 664.0094 6077.9498 2084.0998;
	1724.5 1114.2532 1779.8074 537.3358 882.5162 1333.4028 1047.7916 336.3429 672.744 5907.6517 2041.9957;
	1740.2 1136.2345 1849.7295 554.5495 905.7385 1407.9 1111.3099 346.2967 699.4497 5840.725 2161.6923;
	1787.2504 1145.4594 1838.6836 564.7592 911.3607 1386.6832 1115.0 347.4979 682.9817 5805.3944 2232.997;
	1655.8811 1087.9898 1770.5304 547.2 870.9044 1324.0198 1080.2651 342.9 674.6603 5729.9206 2182.8066;
	1609.2671 1003.312 1685.9 545.3 824.4 1239.3556 1017.4 308.3361 630.049 5501.7361 2072.8258;
	1520.4249 919.1317 1552.5727 519.5 778.6557 1148.7507 937.4354 288.8 583.0 5131.2968 1875.0775;
	1533.7084 895.4327 1547.7 504.3152 761.9552 1123.5167 885.2848 251.0 530.2872 4760.6786 1791.388;
	1473.7993 865.5 1510.3323 495.0234 736.2311 1090.5949 878.8301 227.7985 516.6613 4688.3166 1745.3956;
];
