function loadprofile = ex_load_profilesh1
%EX_LOAD_PROFILE  Example load profile data file for stochastic unit commitment.
% 2022.03.12
% Andres F. Ramirez

%% define constants
[CT_LABEL, CT_PROB, CT_TABLE, CT_TBUS, CT_TGEN, CT_TBRCH, CT_TAREABUS, ...
    CT_TAREAGEN, CT_TAREABRCH, CT_ROW, CT_COL, CT_CHGTYPE, CT_REP, ...
    CT_REL, CT_ADD, CT_NEWVAL, CT_TLOAD, CT_TAREALOAD, CT_LOAD_ALL_PQ, ...
    CT_LOAD_FIX_PQ, CT_LOAD_DIS_PQ, CT_LOAD_ALL_P, CT_LOAD_FIX_P, ...
    CT_LOAD_DIS_P, CT_TGENCOST, CT_TAREAGENCOST, CT_MODCOST_F, ...
    CT_MODCOST_X] = idx_ct;

loadprofile = struct( ...
    'type', 'mpcData', ...
    'table', CT_TAREALOAD, ...
    'rows', [1:11], ...
    'col', CT_LOAD_ALL_P, ...
    'chgtype', 1, ...
    'values', [] );
loadprofile.values(:,1,:) = [
	1503.0222 916.6992 1588.339 583.3 830.8753 1209.082 856.6668 242.5148 536.482 4389.4552 1640.2134;
	1521.6618 927.6979 1584.5066 584.459 815.0531 1169.968 846.5086 244.4437 521.7139 4359.786 1642.8435;
	1524.0524 935.8189 1616.612 589.281 834.9463 1197.445 852.1361 245.7245 520.449 4368.3702 1652.6325;
	1593.9295 1008.8749 1724.0413 590.9161 914.303 1247.6827 898.5 273.7 545.8193 4618.004 1780.9203;
	1732.1862 1140.2207 1924.5832 601.9 1027.1284 1398.1 1007.5 311.6856 610.7 5028.9792 1999.3165;
	1800.2205 1217.0052 2012.2 611.8428 1054.4748 1461.0 1068.3383 329.0617 671.64 5591.6987 2123.7674;
	1821.1872 1231.4 2015.4116 612.5892 1056.4867 1436.5534 1077.6508 339.5 676.9364 5996.6553 2176.2355;
	1834.7439 1216.3994 2030.3402 595.8 1024.2 1401.3045 1082.8096 351.6 682.9 6156.3169 2108.0594;
	1854.0218 1203.4251 2013.8 567.8259 1005.3613 1368.0753 1068.1852 349.4 681.3394 6228.3483 2076.4229;
	1856.4541 1218.1252 2038.6763 562.5156 1016.7693 1345.3618 1078.4375 319.4311 674.4452 6197.1671 2047.3335;
	1829.6512 1178.9347 2007.9697 567.4196 979.7974 1311.7 1078.2688 331.3946 683.6 6306.1513 2051.9972;
	1831.6078 1160.0314 1936.3373 549.5915 952.7937 1203.6 1035.3428 322.0 674.7898 6174.5 1969.6554;
	1804.5955 1160.8602 1924.8083 542.4 917.4 1188.7652 995.2518 312.3996 666.5 6115.7582 1967.7479;
	1775.5174 1170.2133 1904.4929 549.4718 897.8 1207.6775 1004.7429 296.3 666.7019 6039.4555 1970.911;
	1729.9306 1144.8 1848.3546 534.8314 893.5 1254.3243 1007.596 305.7062 657.9926 6010.5612 2040.1298;
	1730.1541 1152.8213 1866.6989 525.3981 919.6549 1329.2583 1041.185 315.564 703.9629 6046.8948 2188.1948;
	1726.4478 1144.1743 1834.2359 545.6392 926.502 1374.9658 1040.687 314.3134 697.0977 5985.8403 2225.0921;
	1810.9955 1190.2404 1965.4722 553.1567 989.4757 1460.9809 1145.7802 329.463 736.5154 6067.803 2392.1013;
	1833.0896 1205.6335 2004.0704 572.177 968.9558 1494.8306 1144.5 328.0712 723.9247 6011.2023 2379.8;
	1748.4024 1130.0 1894.0 558.382 900.668 1385.5477 1100.8 313.8 688.7 5844.2685 2286.7109;
	1691.8443 1054.4338 1790.498 549.5914 881.0072 1304.8108 1036.3013 272.2114 618.64 5543.2459 2118.9028;
	1608.9977 988.2655 1671.5 548.7 835.4168 1214.1621 989.6 260.336 589.0691 5203.2235 1962.4159;
	1586.9277 938.9663 1655.4592 509.7 782.0921 1136.1 878.9 252.6332 534.635 4781.7 1803.747;
	1496.8346 890.3847 1617.2928 520.54 750.8735 1088.7169 829.0538 237.0109 502.9 4415.0719 1699.1193;
];
