function windprofile = ex_wind_profilesh1
%EX_WIND_PROFILE_D  Example wind_load_nyiso profile data for deterministic unit commitment.
% 2022.03.12
% Andres F. Ramirez


%% define constants
[GEN_BUS, PG, QG, QMAX, QMIN, VG, MBASE, GEN_STATUS, PMAX, PMIN, ...
    MU_PMAX, MU_PMIN, MU_QMAX, MU_QMIN, PC1, PC2, QC1MIN, QC1MAX, ...
    QC2MIN, QC2MAX, RAMP_AGC, RAMP_10, RAMP_30, RAMP_Q, APF] = idx_gen;
[CT_LABEL, CT_PROB, CT_TABLE, CT_TBUS, CT_TGEN, CT_TBRCH, CT_TAREABUS, ...
    CT_TAREAGEN, CT_TAREABRCH, CT_ROW, CT_COL, CT_CHGTYPE, CT_REP, ...
    CT_REL, CT_ADD, CT_NEWVAL, CT_TLOAD, CT_TAREALOAD, CT_LOAD_ALL_PQ, ...
    CT_LOAD_FIX_PQ, CT_LOAD_DIS_PQ, CT_LOAD_ALL_P, CT_LOAD_FIX_P, ...
    CT_LOAD_DIS_P, CT_TGENCOST, CT_TAREAGENCOST, CT_MODCOST_F, ...
    CT_MODCOST_X] = idx_ct;

windprofile = struct( ...
    'type', 'mpcData', ...
    'table', CT_TGEN, ...
    'rows', [1:45], ...
    'col', PMAX, ...
    'chgtype', 1, ...
    'values', [] );
windprofile.values(:,1,:) = [
	3.4794 47.014 89.3399 111.0466 14.5627 12.2573 13.2823 17.919 26.0602 24.509 45.3045 67.5854 101.7494 5.6557 14.4295 5.4362 6.745 7.1476 10.7682 25.9407 4.4274 28.6003 52.4412 85.495 100.517 70.9307 8.565 664.2042 347.9475 347.9475 194.0899 36.7664 35.894 66.7715 17.7313 148.4576 482.1208 51.9789 271.2597 269.2419 18.3506 135.9738 106.8504 238.3135 487.1429;
	2.9029 39.2249 81.7671 71.6334 12.1347 1.6726 10.8593 16.2355 24.5116 23.7096 43.8269 65.3811 98.4309 4.5155 13.8551 5.2198 6.4764 6.8631 9.9381 16.5939 3.6198 3.9028 51.8226 80.4149 92.4003 69.3648 7.0137 593.6497 260.2215 260.2215 138.6368 28.1352 33.127 42.7127 14.1567 111.0278 405.0867 44.9748 191.8985 247.5009 13.9667 18.5548 91.3358 204.6874 409.3064;
	2.2704 30.6779 85.6442 98.4923 12.312 0.0 10.3273 17.5409 24.7545 21.5686 39.8693 59.4771 89.5425 5.9128 10.9259 4.1163 5.1072 5.4121 15.0128 22.7684 3.4424 0.0 42.6035 84.0126 93.4633 70.711 8.8088 477.5963 292.223 292.223 128.2861 31.3685 50.0426 58.6059 18.5374 124.6818 314.5806 32.9603 175.3403 250.3483 10.3611 0.0 48.3715 192.3378 317.8574;
	2.1747 29.3846 86.3665 99.4833 12.1986 0.0 7.6996 17.6539 22.9705 22.2709 41.1673 61.4136 92.4578 8.6065 14.4826 5.4562 6.7698 7.1739 10.6179 24.4068 2.5665 0.0 46.3125 87.2009 98.2624 72.7145 10.2032 396.4366 231.8463 231.8463 126.1876 25.7265 35.3932 62.8231 26.9825 98.9211 257.3444 26.378 132.3409 263.2029 28.7866 0.0 60.0938 192.2041 260.0251;
	1.6967 22.9261 86.2247 99.8634 12.1176 0.15 8.0503 17.9173 8.3391 13.1745 24.3528 36.3297 54.6941 12.0765 12.8555 4.8432 6.0092 6.3679 17.7367 26.4407 2.6834 0.3499 32.2007 84.1875 98.3277 74.2049 10.473 322.2723 179.8996 179.8996 120.0023 24.6503 59.1222 68.0585 37.8614 76.7571 153.9789 28.8856 145.0147 263.3777 14.3322 1.6636 65.9573 213.0013 155.5828;
	2.7432 37.066 89.5795 111.7318 12.8835 14.6243 9.441 18.1558 3.2693 16.9064 31.2513 46.6208 70.1874 28.2805 16.163 6.0893 7.5553 8.0063 29.2762 27.6089 3.147 34.1233 55.5659 86.3238 99.8185 73.5593 8.6234 237.1341 170.8235 170.8235 110.8092 23.3162 97.5874 71.0654 88.6631 72.8847 127.4549 29.375 169.716 267.3709 13.8395 162.2318 75.5123 213.776 128.7826;
	2.3317 31.5068 86.2854 110.0552 12.2117 12.1548 10.3412 18.2174 10.77 25.6716 47.4535 70.7913 106.576 38.1781 22.517 8.4832 10.5254 11.1538 34.2117 34.6737 3.4471 28.3611 70.1204 85.4821 101.5126 75.2964 12.5012 133.7126 196.2885 196.2885 78.7451 13.2112 114.0391 89.2501 119.6936 83.7498 136.3411 19.912 143.6597 271.9087 12.4628 134.8368 81.2407 230.8621 137.7613;
	1.5023 20.3 63.3203 104.8888 13.3927 10.6162 9.8709 18.1036 16.308 27.207 50.2918 75.0255 112.9504 38.4744 27.736 10.4494 12.965 13.739 49.6294 52.8264 3.2903 24.7711 72.936 87.3836 102.2951 75.4985 13.0095 92.2264 97.5118 97.5118 30.4676 8.2548 165.4312 135.9753 120.6223 41.605 86.8096 15.6451 157.0198 274.0047 10.4449 117.7691 76.4408 203.0333 87.7139;
	2.5387 34.3036 79.6033 101.8843 14.0112 19.375 8.929 18.8144 19.7687 27.3191 50.499 75.3346 113.4158 40.2578 17.9746 6.7718 8.4021 8.9037 60.6585 49.2247 2.9763 45.2084 73.4226 86.9245 102.2211 75.246 13.239 74.6289 135.6719 135.6719 66.3502 6.8601 202.1949 126.7044 126.2137 57.8867 109.1778 20.1261 124.6718 273.8065 22.7802 214.9338 70.0938 230.1702 110.3151;
	1.7998 24.3199 80.7348 109.467 11.6771 10.8292 7.5693 19.1093 21.2636 27.3702 50.5934 75.4754 113.6279 36.71 3.2205 1.2133 1.5054 1.5953 63.3193 44.1325 2.5231 25.2681 69.5546 87.6356 105.089 76.0158 13.9461 116.6763 219.9105 219.9105 84.5623 8.8274 211.0643 113.5972 115.0907 93.8285 201.2645 23.3602 0.0 281.4884 110.6907 120.1317 59.9838 214.2753 203.361;
	1.4752 19.9336 73.041 107.4225 10.8006 22.3065 11.6795 18.3198 23.8909 27.7113 51.2239 76.4161 115.044 44.2513 6.6324 2.4987 3.1003 3.2854 59.7461 36.1544 3.8932 52.0484 69.6277 87.5739 98.0991 74.5105 12.8189 210.6983 273.4483 273.4483 138.9652 14.4405 199.1536 93.0615 138.7338 116.6713 289.7584 28.6468 151.7618 262.7655 66.4017 247.453 74.2165 177.5981 292.7768;
	1.4592 19.7174 84.0464 98.1932 10.4465 27.7009 17.7571 19.0699 25.0441 27.5471 50.9203 75.9631 114.362 39.0184 1.402 0.5282 0.6554 0.6945 68.0007 43.3454 5.919 64.6354 67.9722 87.9199 100.7992 75.2892 13.9754 275.6762 339.9032 339.9032 263.1949 18.8536 226.6689 111.5711 122.3281 145.0254 365.3566 46.0483 183.4283 269.9979 55.6301 307.2952 95.5204 183.6082 369.1624;
	2.6288 35.5203 86.4046 90.0169 12.8735 29.2086 19.132 18.3528 26.1684 25.4913 47.1203 70.2941 105.8275 42.7581 34.1537 12.8672 15.9649 16.918 77.7464 58.0142 6.3773 68.1534 58.1283 86.4235 100.0836 73.4745 12.2508 513.728 427.881 427.881 305.1843 25.4955 259.1547 149.3286 134.0524 182.5626 540.7477 61.6785 209.8155 268.081 69.6858 324.0208 127.8529 215.4827 546.3805;
	3.317 44.8196 86.2122 107.7483 13.956 27.5669 20.5417 18.5252 26.0104 25.5813 47.2866 70.5423 106.2011 36.765 54.2368 20.4334 25.3526 26.8662 82.5838 53.5616 6.8472 64.3229 49.7782 87.167 98.6904 73.3344 12.8189 707.1993 541.9977 541.9977 396.2905 30.2795 275.2793 137.8676 115.2633 231.2524 670.3683 87.2429 264.9092 264.3494 44.9145 305.8092 129.8038 247.7945 677.3513;
	3.547 47.9283 86.5475 106.3488 14.2492 31.6962 24.7898 18.7915 27.4334 25.1127 46.4205 69.2503 104.256 48.5215 76.0111 28.6367 35.5308 37.652 80.8001 56.9291 8.2633 73.9578 41.6819 87.0516 99.6376 74.3674 13.4888 807.2401 572.5689 572.5689 470.0452 34.1161 269.3337 146.5356 152.1215 244.2961 785.0743 112.4804 417.8324 266.8865 9.8578 351.6167 140.4036 255.0017 793.2521;
	3.4487 46.6001 87.0393 100.3051 14.0156 32.2874 26.978 18.6978 27.7457 19.7695 36.5436 54.5159 82.0734 45.6585 123.0404 46.3547 57.5142 60.9479 91.1299 64.0879 8.9927 75.3373 31.3563 81.949 99.9717 73.0487 13.5178 961.7162 599.4223 599.4223 572.2254 43.9738 303.7665 164.9624 143.1455 255.7535 875.8095 154.5686 370.7145 267.7814 14.7947 358.1752 140.9453 262.8762 884.9325;
	3.5826 48.4091 87.1441 109.7827 13.394 32.8995 29.9032 18.9386 28.2993 19.0289 35.1746 52.4736 78.9988 60.2784 156.2869 58.8802 73.0551 77.4166 92.0331 71.3262 9.9677 76.7654 26.9404 81.9576 99.6566 73.6783 13.3662 925.9736 625.695 625.695 533.6063 73.7985 306.7772 183.5937 188.9808 266.9632 869.3993 189.3592 406.9525 266.9374 26.2162 364.9648 194.2007 276.2205 878.4556;
	3.6902 49.8623 92.4739 109.811 14.5433 34.5467 29.1037 18.9355 27.9858 16.9411 31.3154 46.7164 70.3313 60.076 170.35 64.1784 79.6287 84.3827 88.8872 70.0264 9.7012 80.609 33.3538 83.5025 102.0213 72.6293 13.8826 1085.1982 717.2024 717.2024 666.8921 91.4304 296.2907 180.2481 188.3465 306.0064 1044.8516 223.1519 440.7196 273.2714 114.3224 383.2381 201.4888 267.6147 1055.7355;
	3.6766 49.6792 92.8821 112.1179 14.2218 34.233 30.398 13.2349 27.6056 20.0333 37.0312 55.2432 83.1684 61.9588 182.6771 68.8225 85.3909 90.4889 87.0378 70.5648 10.1327 79.8769 50.775 82.704 101.8045 64.5499 12.9783 1121.8323 742.9097 742.9097 622.0033 102.1576 290.126 181.6339 194.2493 316.9748 1068.7309 235.1751 453.1025 272.6907 116.7993 379.7578 203.1905 269.7667 1079.8635;
