function windprofile = ex_wind_profilesh1
%EX_WIND_PROFILE_D  Example wind_load_nyiso profile data for deterministic unit commitment.
% 2022.03.12
% Andres F. Ramirez


%% define constants
[GEN_BUS, PG, QG, QMAX, QMIN, VG, MBASE, GEN_STATUS, PMAX, PMIN, ...
    MU_PMAX, MU_PMIN, MU_QMAX, MU_QMIN, PC1, PC2, QC1MIN, QC1MAX, ...
    QC2MIN, QC2MAX, RAMP_AGC, RAMP_10, RAMP_30, RAMP_Q, APF] = idx_gen;
[CT_LABEL, CT_PROB, CT_TABLE, CT_TBUS, CT_TGEN, CT_TBRCH, CT_TAREABUS, ...
    CT_TAREAGEN, CT_TAREABRCH, CT_ROW, CT_COL, CT_CHGTYPE, CT_REP, ...
    CT_REL, CT_ADD, CT_NEWVAL, CT_TLOAD, CT_TAREALOAD, CT_LOAD_ALL_PQ, ...
    CT_LOAD_FIX_PQ, CT_LOAD_DIS_PQ, CT_LOAD_ALL_P, CT_LOAD_FIX_P, ...
    CT_LOAD_DIS_P, CT_TGENCOST, CT_TAREAGENCOST, CT_MODCOST_F, ...
    CT_MODCOST_X] = idx_ct;

windprofile = struct( ...
    'type', 'mpcData', ...
    'table', CT_TGEN, ...
    'rows', [1:45], ...
    'col', PMAX, ...
    'chgtype', 1, ...
    'values', [] );
windprofile.values(:,1,:) = [
	2.8751 38.8494 87.1988 111.3466 14.5415 13.226 14.9889 17.375 26.8849 23.949 44.2694 66.0413 99.4248 3.8335 17.0109 6.4087 7.9516 8.4263 12.2497 19.137 4.9963 30.8606 59.341 86.7877 98.6975 72.3411 7.6821 641.9574 360.8636 360.8636 194.2641 33.4848 40.8324 49.2586 12.0184 153.9685 495.1748 49.8159 309.1532 264.3683 14.9218 146.7202 109.7949 220.1698 500.3329;
	3.429 46.3329 90.4544 113.2106 14.7619 16.5083 13.1268 17.72 26.6581 22.5799 41.7386 62.2658 93.7408 1.0634 12.63 4.7583 5.9038 6.2563 11.1175 11.4373 4.3756 38.5194 60.0057 87.5011 99.4916 74.1069 7.4282 634.6688 347.3546 347.3546 160.9163 30.0825 37.0583 29.4398 3.3339 148.2046 468.4811 47.4466 283.7458 266.4954 13.4478 183.1324 112.9702 225.192 473.3611;
	3.1505 42.5699 91.7962 114.0959 14.9469 13.2074 11.9253 18.1118 26.8285 22.362 41.3359 61.665 92.8363 1.8204 11.4618 4.3182 5.3577 5.6776 21.3963 18.1066 3.9751 30.8172 61.5158 89.0313 100.3011 72.3893 8.5383 565.1304 300.4089 300.4089 128.8888 24.1791 71.3209 46.6064 5.7073 128.1745 381.0845 30.0691 237.4489 268.6636 30.8022 146.514 86.4128 213.8922 385.0542;
	2.9686 40.1116 94.122 117.8759 14.9509 13.5141 12.6688 17.4119 26.9614 23.6607 43.7364 65.2461 98.2276 7.6683 13.4312 5.0601 6.2783 6.6531 13.2895 22.1546 4.2229 31.5329 67.0611 89.9978 103.5631 73.9738 9.7043 483.8706 251.5808 251.5808 144.829 24.971 44.2984 57.0259 24.0413 107.3411 318.2637 27.6702 202.9182 277.4012 107.9636 149.9163 82.0109 218.5779 321.5789;
	2.3806 32.1677 94.6136 119.8885 14.6194 15.6338 11.5368 17.9024 16.8384 21.7344 40.1757 59.9343 90.2308 9.4712 17.9351 6.7569 8.3836 8.8841 23.9488 24.1468 3.8456 36.4789 53.8078 89.6346 103.0207 74.5233 10.2606 370.484 195.3734 195.3734 140.3485 23.3962 79.8292 62.1539 29.6935 83.3593 190.6924 32.5869 175.3667 275.9482 18.4239 173.431 87.0508 223.0886 192.6788;
	3.1164 42.1088 93.9809 118.2673 14.3633 24.1338 11.4292 17.8986 9.8017 19.8172 36.6318 54.6474 82.2714 22.9203 20.8262 7.8462 9.7351 10.3163 37.6608 27.9975 3.8097 56.3122 58.8991 89.4324 101.655 73.8218 8.7564 315.7734 184.5074 184.5074 136.6058 22.5049 125.5361 72.0655 71.8584 78.7231 164.0183 33.5397 189.2779 272.2901 15.891 267.7245 91.1574 231.5749 165.7269;
	2.4409 32.9822 94.1274 117.5371 13.9878 22.9452 12.1875 17.6433 11.126 24.0792 44.5101 66.4003 99.9653 39.0036 26.0193 9.8026 12.1625 12.8886 43.2746 35.0394 4.0625 53.5389 66.273 89.2674 104.0546 73.3103 11.9958 268.7447 208.4245 208.4245 106.2853 14.8182 144.2488 90.1916 122.2815 88.9278 169.7019 22.6117 155.5906 278.7177 13.273 254.5393 96.2148 237.9978 171.4696;
	1.6873 22.7989 74.1398 115.5163 13.9703 18.8076 11.9309 18.1063 15.9729 26.6176 49.2023 73.4002 110.5035 33.6365 24.1726 9.1069 11.2993 11.9739 53.119 53.4813 3.977 43.8845 71.6787 88.838 102.9537 73.9885 13.0381 115.8002 113.2654 113.2654 84.964 7.692 177.0634 137.6609 105.455 48.3265 66.4036 14.9909 155.345 275.7689 11.2879 208.6395 87.9246 214.8652 67.0953;
	2.6204 35.4075 90.2736 108.9707 14.1495 24.7912 9.8321 18.676 18.8575 28.1626 52.0581 77.6604 116.9173 41.5446 17.4517 6.5748 8.1577 8.6447 68.0509 53.8317 3.2774 57.8461 72.2104 90.0713 103.6979 75.7834 13.8752 102.7893 79.6029 79.6029 76.0959 5.2866 226.8363 138.5628 130.248 33.9639 78.3304 16.4209 102.5659 277.7622 22.3989 275.0171 76.9153 239.8351 79.1464;
	1.9115 25.8288 88.1495 108.9559 12.9046 13.8787 9.1637 18.0234 24.6087 28.4827 52.6498 78.5431 118.2462 40.0349 0.8003 0.3015 0.3741 0.3964 75.8598 44.7075 3.0546 32.3837 71.2919 89.0869 100.9924 73.1739 13.347 167.6542 177.7685 177.7685 87.5958 7.5898 252.8661 115.0771 125.5149 75.8479 67.993 17.3551 0.0 270.5154 65.1717 153.9612 75.5796 216.8532 68.7013;
	1.6285 22.0047 81.7855 103.1253 12.094 25.182 13.654 16.4221 25.886 28.1674 52.067 77.6737 116.9374 50.1155 17.2218 6.4882 8.0502 8.5308 74.753 38.394 4.5513 58.758 68.5945 89.0161 93.2839 69.6639 12.5336 327.3069 285.4725 285.4725 153.7774 12.4757 249.1765 98.8262 157.1188 121.8016 284.1159 22.4933 149.5669 249.8675 39.0293 279.3524 90.5264 184.8618 287.0754;
	1.7054 23.0432 87.8042 91.7646 11.8321 30.331 17.7135 17.5332 26.0905 28.9309 53.4784 79.7793 120.1072 47.5203 8.1247 3.0609 3.7978 4.0246 83.9083 51.7678 5.9045 70.7724 72.43 88.3414 94.0359 72.3397 13.2007 432.9299 345.168 345.168 261.4144 19.2222 279.6944 133.2505 148.9826 147.2717 389.7147 41.1417 158.9597 251.882 33.1816 336.4724 102.8462 185.5173 393.7743;
	2.7806 37.5724 89.6221 89.4964 14.0217 30.5578 19.5694 16.7922 27.0777 29.5436 54.6109 81.4687 122.6506 50.7248 44.423 16.7361 20.7652 22.0049 85.016 63.4853 6.5231 71.3015 74.4733 88.0416 97.8463 70.315 11.4708 593.7289 410.133 410.133 294.3616 24.7699 283.3866 163.4113 159.029 174.9901 532.6474 55.2046 198.3945 262.0883 3.9967 338.9877 130.1603 197.9612 538.1958;
	3.2486 43.8957 88.3487 102.3836 14.164 29.1382 20.879 16.0077 25.9997 29.3397 54.234 80.9064 121.8042 52.148 67.3735 25.3826 31.4932 33.3734 89.3585 58.6875 6.9597 67.9892 69.6671 87.3886 93.6664 69.491 11.079 744.1572 557.0861 557.0861 389.2208 31.4028 297.8618 151.0619 163.4909 237.6901 694.8051 80.1453 255.7211 250.8921 10.2682 323.2399 128.7332 234.3442 702.0426;
	3.5876 48.4765 90.5331 110.3121 14.719 32.0602 25.6732 17.6524 27.4413 25.8126 47.7142 71.1802 107.1615 61.3547 103.5789 39.0227 48.4171 51.3077 86.614 59.7314 8.5577 74.8072 49.4027 87.7868 98.3837 71.2982 12.163 905.7592 638.0998 638.0998 499.7193 36.6207 288.7133 153.7487 192.3554 272.2559 908.5866 113.8032 413.3805 263.5278 27.3275 355.6546 151.3715 245.4165 918.051;
	3.5622 48.133 92.1356 110.1836 14.1956 32.5862 27.261 17.3712 26.5396 21.1653 39.1238 58.3649 87.8681 60.6401 136.5617 51.4488 63.8347 67.6457 90.101 66.2751 9.087 76.0346 47.5535 86.8327 99.2798 69.8522 12.2948 1000.6472 694.4283 694.4283 666.9405 46.4375 300.3367 170.5922 190.115 296.2894 957.6053 148.5555 357.3715 265.928 24.3169 361.4901 164.2506 235.3906 967.5804;
	3.8182 51.5929 94.9395 119.2531 15.024 34.2051 31.3752 18.8946 28.363 20.5015 37.8968 56.5345 85.1124 64.2876 165.7181 62.4333 77.4636 82.0883 89.6472 68.5818 10.4584 79.812 33.1414 89.9374 104.9638 75.1402 13.3467 982.0684 758.7365 758.7365 732.7401 80.4511 298.8241 176.5298 201.5502 323.7276 1007.9756 202.4923 419.3511 281.153 32.0753 379.4488 207.0982 273.5154 1018.4754;
	3.8708 52.3025 95.4554 120.5779 15.3454 34.9242 30.5724 19.0984 28.0043 17.315 32.0065 47.7474 71.8834 62.91 178.7895 67.3579 83.5737 88.5632 88.3473 69.5471 10.1908 81.4898 35.7524 90.0408 106.2397 74.3307 13.841 1097.7831 785.7048 785.7048 770.96 92.6583 294.4909 179.0144 197.2312 335.234 1098.2085 234.622 439.1666 284.5707 120.3067 387.4256 213.5115 274.4942 1109.6481;
	3.9071 52.7936 94.9 120.8901 15.2431 35.142 32.1881 13.7758 28.388 21.1261 39.0512 58.2568 87.7052 61.6872 189.8222 71.5144 88.7309 94.0282 91.1947 70.1395 10.7294 81.998 50.1623 88.3321 104.8675 64.4246 12.9387 1220.4746 827.8029 827.8029 758.0981 106.3476 303.9823 180.5392 193.3978 353.1959 1192.3881 253.0555 469.3368 280.8951 122.8873 389.8417 216.1669 280.016 1204.8088;
