function windprofile = ex_wind_profilesh1
%EX_WIND_PROFILE_D  Example wind_load_nyiso profile data for deterministic unit commitment.
% 2022.03.12
% Andres F. Ramirez


%% define constants
[GEN_BUS, PG, QG, QMAX, QMIN, VG, MBASE, GEN_STATUS, PMAX, PMIN, ...
    MU_PMAX, MU_PMIN, MU_QMAX, MU_QMIN, PC1, PC2, QC1MIN, QC1MAX, ...
    QC2MIN, QC2MAX, RAMP_AGC, RAMP_10, RAMP_30, RAMP_Q, APF] = idx_gen;
[CT_LABEL, CT_PROB, CT_TABLE, CT_TBUS, CT_TGEN, CT_TBRCH, CT_TAREABUS, ...
    CT_TAREAGEN, CT_TAREABRCH, CT_ROW, CT_COL, CT_CHGTYPE, CT_REP, ...
    CT_REL, CT_ADD, CT_NEWVAL, CT_TLOAD, CT_TAREALOAD, CT_LOAD_ALL_PQ, ...
    CT_LOAD_FIX_PQ, CT_LOAD_DIS_PQ, CT_LOAD_ALL_P, CT_LOAD_FIX_P, ...
    CT_LOAD_DIS_P, CT_TGENCOST, CT_TAREAGENCOST, CT_MODCOST_F, ...
    CT_MODCOST_X] = idx_ct;

windprofile = struct( ...
    'type', 'mpcData', ...
    'table', CT_TGEN, ...
    'rows', [1:45], ...
    'col', PMAX, ...
    'chgtype', 1, ...
    'values', [] );
windprofile.values(:,1,:) = [
	3.4841 47.0776 90.4094 117.6671 15.3131 13.4207 14.9801 18.1509 26.8405 23.9541 44.2787 66.0551 99.4457 7.1385 14.1898 5.3459 6.6329 7.0289 13.9264 22.5783 4.9934 31.315 49.8727 85.3734 96.9963 73.5056 8.1742 683.3914 402.7439 402.7439 212.2607 37.4022 46.4213 58.1167 22.38 171.8374 534.407 57.8985 299.58 259.8115 15.1877 148.8803 109.8924 227.8568 539.9737;
	3.1886 43.0849 87.8259 112.782 15.109 13.7659 13.3983 17.9085 26.2235 24.9489 46.1176 68.7984 103.5756 6.7946 7.9126 2.981 3.6987 3.9195 12.555 13.7671 4.4661 32.1204 65.0396 84.1628 95.075 73.9334 7.433 606.3575 353.7383 353.7383 172.8244 34.1003 41.8501 35.4367 21.3018 150.9284 476.3219 53.167 304.7674 254.6652 12.1436 152.7095 102.4251 207.2686 481.2836;
	3.0186 40.7874 91.9357 114.7125 15.2424 12.7704 13.086 18.171 27.6244 25.2474 46.6693 69.6215 104.8148 9.2375 12.2044 4.5979 5.7049 6.0454 21.6983 21.6143 4.362 29.7977 67.0144 85.658 96.9782 72.3015 8.4703 602.8529 341.9182 341.9182 152.9515 33.7446 72.3277 55.6353 28.9608 145.8851 419.4243 40.1085 247.59 259.7629 5.1758 141.6665 89.7173 204.2823 423.7933;
	2.8531 38.5511 90.9517 111.8228 14.6129 11.6147 11.9316 18.4371 26.1156 23.4995 43.4384 64.8016 97.5584 10.6032 6.266 2.3607 2.929 3.1038 11.416 22.4135 3.9772 27.101 64.852 86.5486 98.2957 74.5437 10.3551 472.6677 264.7921 264.7921 153.4187 25.5682 38.0532 57.6924 33.2424 112.9779 306.8724 30.3243 181.7454 263.2921 10.1922 128.8458 76.3173 212.7805 310.069;
	2.4503 33.1093 93.9227 116.3051 14.6225 14.525 13.4188 19.1478 18.7633 22.6716 41.9081 62.5187 94.1215 17.0082 10.2805 3.8731 4.8055 5.0924 20.8626 25.0668 4.4729 33.8916 59.9127 89.2327 103.9241 76.1926 11.0155 381.4612 215.9721 215.9721 150.8625 23.8833 69.5421 64.5219 53.3231 92.1481 192.8446 29.8363 192.122 278.3681 15.5312 161.1301 80.2193 224.1431 194.8534;
	3.0222 40.8364 90.4601 114.0148 14.0165 20.0253 13.428 18.8598 11.5849 20.6527 38.1761 56.9513 85.7399 30.157 11.4312 4.3066 5.3434 5.6624 32.7252 25.9242 4.476 46.7257 63.2359 87.1624 99.0941 75.4957 9.1563 323.7471 207.7147 207.7147 128.259 24.0156 109.0839 66.7291 94.5462 88.6249 182.0052 29.4989 209.1587 265.4306 14.3381 222.1474 80.1777 216.8669 183.9011;
	2.6599 35.9417 90.1288 112.9099 14.054 21.5092 13.6891 17.8676 13.5236 27.7305 51.2594 76.4689 115.1235 44.374 16.026 6.0377 7.4912 7.9385 32.9708 35.719 4.563 50.188 72.9958 87.1631 97.8888 74.912 11.5794 261.5476 233.6696 233.6696 101.073 13.727 109.9028 91.9407 139.1185 99.699 203.632 17.7152 174.9909 262.2022 10.7748 238.6082 93.1752 227.6966 205.7531;
	1.7201 23.2423 65.4066 104.1627 13.5976 12.0569 13.4871 17.8584 18.7628 28.6277 52.918 78.9432 118.8485 42.9818 23.5656 8.8782 11.0156 11.6732 46.5341 55.5128 4.4957 28.1329 74.3598 84.0452 92.6363 73.6068 12.7195 169.8067 182.7483 182.7483 96.5007 8.1772 155.1138 142.89 134.7537 77.9726 140.9395 16.9619 179.8784 248.1328 6.4454 133.7517 83.6394 198.071 142.4076;
	2.7306 36.8967 79.6551 92.6238 13.9455 19.3946 11.1845 18.0799 21.1262 29.0351 53.671 80.0666 120.5398 45.4377 10.5392 3.9706 4.9265 5.2206 54.2642 55.3646 3.7282 45.2541 74.9974 82.754 94.0031 73.8876 12.4293 185.2982 162.0508 162.0508 99.8585 7.8413 180.8805 142.5085 142.4534 69.1417 159.1933 23.387 142.8948 251.794 15.4022 215.1509 73.8188 233.4271 160.8516;
	1.9117 25.8308 74.6827 94.4988 12.5189 8.4651 10.6295 17.7415 25.9778 29.5171 54.562 81.3957 122.5408 44.6252 0.0 0.0 0.0 0.0 61.1889 44.5837 3.5432 19.7518 73.7883 79.8793 94.051 73.436 12.6323 275.255 219.7132 219.7132 108.4807 8.9015 203.9629 114.7586 139.906 93.7443 219.4429 19.1993 108.3893 251.9224 0.0 93.9058 68.6189 205.1259 221.7288;
	1.5029 20.3079 71.5815 96.6981 12.2698 20.8877 13.4157 17.3441 26.0392 28.3446 52.3945 78.1623 117.6729 48.7223 0.0 0.0 0.0 0.0 41.7716 34.118 4.4719 48.7379 69.7614 83.1614 88.3106 71.847 12.421 407.4731 285.7355 285.7355 160.5065 11.9443 139.2387 87.8199 152.7511 121.9138 329.6824 20.2554 163.7126 236.5463 0.0 231.7141 74.7914 171.1014 333.1166;
	1.6479 22.2666 80.8961 87.2467 12.3266 27.1345 18.3917 18.1037 26.1653 27.7907 51.3708 76.6351 115.3737 49.8368 0.0 0.0 0.0 0.0 62.6797 44.9933 6.1306 63.3138 71.5348 83.3422 95.9469 72.3713 12.8968 491.7293 306.0337 306.0337 249.9613 15.8559 208.9323 115.8129 156.2451 130.5744 416.3784 35.5543 187.3778 257.0005 0.1863 301.0119 96.9141 180.7609 420.7157;
	2.6527 35.8433 75.4116 80.3275 13.6418 28.8161 19.6015 16.2747 26.5119 28.4866 52.6571 78.5541 118.2628 53.3469 28.4966 10.7359 13.3205 14.1158 58.428 50.5118 6.5338 67.2376 73.1366 80.3457 94.2275 69.2589 11.0558 632.366 412.785 412.785 290.2518 22.317 194.7601 130.0174 167.2498 176.1216 588.2789 51.4271 209.9469 252.3952 0.1436 319.6668 123.1925 179.2188 594.4068;
	3.3513 45.2832 76.5104 98.0375 13.9447 29.0564 21.069 16.8081 26.0994 28.4779 52.6409 78.5299 118.2263 56.1425 59.9322 22.5791 28.0148 29.6873 74.5582 54.9436 7.023 67.7983 69.6611 81.5795 95.8866 71.452 11.3686 755.9864 575.8441 575.8441 388.4223 25.4979 248.5272 141.425 176.0143 245.6935 710.6598 73.1083 273.7829 256.839 0.7327 322.3323 122.4737 188.713 718.0625;
	3.7559 50.7498 87.1536 109.7722 14.7715 32.8364 25.7438 17.9842 27.617 25.582 47.2879 70.5443 106.204 65.9605 87.3285 32.9005 40.821 43.2581 75.1823 54.7413 8.5813 76.6183 49.5796 85.5764 101.1651 74.2242 13.1567 935.8028 642.2138 642.2138 471.344 33.4597 250.6076 140.9042 206.795 274.0112 914.7389 107.3204 434.3403 270.9779 36.5665 364.2654 152.4118 235.1192 924.2675;
	3.8541 52.0772 89.0658 109.8551 15.2003 33.6428 29.0862 17.8136 27.7691 21.0056 38.8286 57.9246 87.2052 68.6423 126.6649 47.7203 59.2085 62.7433 82.2436 67.2312 9.6954 78.4999 46.6699 81.2484 99.714 72.7694 12.5553 982.3737 698.8571 698.8571 604.56 41.984 274.1454 173.0533 215.2027 298.179 953.0234 148.2665 407.7976 267.091 4.2102 373.211 169.7374 241.9979 962.9507;
	3.707 50.0898 90.7523 111.8688 15.2571 33.4006 30.711 17.5084 28.364 20.6982 38.2603 57.0768 85.9289 68.7603 165.3935 62.311 77.3118 81.9275 83.752 71.4481 10.237 77.9347 33.545 83.0422 98.1817 74.6592 12.6217 944.4652 725.5146 725.5146 640.3568 67.2537 279.1732 183.9077 215.5728 309.5529 952.6823 193.0592 431.5967 262.9867 4.2877 370.5239 204.7915 262.7761 962.6061;
	3.7979 51.3186 93.1846 111.7188 15.3293 33.0499 29.8553 17.9428 28.4486 19.6138 36.2558 54.0866 81.427 69.6641 179.294 67.548 83.8095 88.8131 79.2549 70.4958 9.9518 77.1165 42.9451 86.3816 102.3747 74.4637 13.3241 987.4026 744.1247 744.1247 679.8321 80.5508 264.1831 181.4564 218.4063 317.4932 959.6227 230.3633 455.6156 274.2178 108.8787 366.6339 191.8609 260.4826 969.6187;
	3.7532 50.7139 91.9903 112.5265 15.3634 33.3699 31.6338 12.0564 28.4628 20.2858 37.4979 55.9395 84.2167 68.7379 186.7181 70.345 87.2799 92.4906 83.56 67.6428 10.5446 77.8632 52.3868 85.9786 101.2724 63.3966 12.5034 1156.9503 795.7701 795.7701 674.4917 96.8578 278.5333 174.1129 215.5025 339.5286 1063.9891 242.8516 469.1401 271.2654 116.7126 370.1838 204.9437 268.4987 1075.0723;
