function loadprofile = ex_load_profilesh1
%EX_LOAD_PROFILE  Example load profile data file for stochastic unit commitment.
% 2022.03.12
% Andres F. Ramirez

%% define constants
[CT_LABEL, CT_PROB, CT_TABLE, CT_TBUS, CT_TGEN, CT_TBRCH, CT_TAREABUS, ...
    CT_TAREAGEN, CT_TAREABRCH, CT_ROW, CT_COL, CT_CHGTYPE, CT_REP, ...
    CT_REL, CT_ADD, CT_NEWVAL, CT_TLOAD, CT_TAREALOAD, CT_LOAD_ALL_PQ, ...
    CT_LOAD_FIX_PQ, CT_LOAD_DIS_PQ, CT_LOAD_ALL_P, CT_LOAD_FIX_P, ...
    CT_LOAD_DIS_P, CT_TGENCOST, CT_TAREAGENCOST, CT_MODCOST_F, ...
    CT_MODCOST_X] = idx_ct;

loadprofile = struct( ...
    'type', 'mpcData', ...
    'table', CT_TAREALOAD, ...
    'rows', [1:11], ...
    'col', CT_LOAD_ALL_P, ...
    'chgtype', 1, ...
    'values', [] );
loadprofile.values(:,1,:) = [
	1437.4608 936.2 1556.1497 564.8 816.9 1124.1124 893.219 262.9493 562.5452 4681.6586 1814.0188;
	1454.149 946.4644 1568.5403 565.4725 814.8 1138.992 899.2056 254.3789 558.4774 4582.814 1781.0097;
	1473.4681 940.1624 1571.2 554.4 808.7669 1154.1025 896.5611 252.8635 548.0447 4591.9359 1808.9228;
	1529.3066 1010.6031 1670.5 560.9244 896.5387 1256.8465 970.1875 275.1403 603.9748 4873.6503 1912.0349;
	1699.597 1144.9108 1850.9381 579.5194 1018.0487 1416.6831 1078.2068 324.8612 697.3533 5379.4762 2113.713;
	1781.7115 1197.7473 1926.2489 579.5905 1059.8222 1486.6966 1127.0297 358.8393 708.5115 5834.4312 2244.5188;
	1798.5071 1143.2604 1860.6918 568.9323 1011.6707 1462.4069 1121.1981 351.5151 700.9548 6131.1693 2233.4608;
	1810.8941 1165.8631 1846.4312 574.0704 993.9637 1487.8746 1122.5013 343.9358 707.4077 6294.2683 2227.4376;
	1839.7558 1211.7836 1886.0116 568.7 1016.8079 1492.1007 1156.5652 344.1 742.3165 6357.9684 2345.9174;
	1813.3 1204.1199 1838.8497 558.786 964.5228 1467.7 1153.922 337.281 732.104 6387.8899 2280.3326;
	1777.9627 1207.0338 1871.2449 560.7858 982.3133 1512.3794 1137.4954 356.9564 713.2 6453.2932 2256.9987;
	1740.3641 1208.2719 1863.8245 565.8391 948.3145 1490.9005 1127.4421 348.5 709.851 6423.6709 2305.9642;
	1708.0568 1192.2473 1831.2784 558.7067 938.7371 1439.239 1113.0398 355.9079 680.5695 6326.4337 2293.634;
	1703.5888 1201.7715 1830.3115 547.6 929.472 1431.0881 1144.9797 374.2294 699.3 6334.4097 2290.0874;
	1652.0857 1179.0084 1835.0198 539.2142 942.6 1368.6579 1125.7 370.2394 726.2948 6327.497 2256.4055;
	1612.2846 1188.8567 1842.8028 546.7397 942.9436 1394.6496 1086.6 356.8637 720.5366 6252.5716 2236.2993;
	1646.7502 1173.723 1854.1791 550.8114 977.0961 1410.1 1080.2762 372.4186 726.3881 6070.3547 2273.3712;
	1717.6807 1209.5 1893.151 555.8 1004.4405 1449.0818 1130.1866 387.0873 770.3783 6102.3084 2426.2329;
	1722.0485 1201.821 1846.4379 528.2612 1012.9853 1404.3335 1131.9843 376.5165 746.0739 6052.1 2415.1705;
	1685.3774 1143.6 1765.2056 539.5085 942.1876 1306.0452 1059.613 363.0678 707.0787 5817.3644 2256.8923;
	1589.9491 1044.943 1666.1565 527.0 901.4762 1217.5879 998.5635 332.6936 645.2903 5611.1254 2092.3486;
	1507.291 992.247 1588.4235 516.9951 845.9986 1119.7397 932.7745 285.4 597.3009 5230.4139 1939.6802;
	1476.4148 941.6923 1553.4637 530.2442 831.0619 1086.8025 898.8295 287.7178 544.6494 4905.6823 1868.9735;
	1403.0837 902.5178 1472.1347 525.4 774.8888 1053.2744 863.3254 258.5 526.5674 4661.8187 1733.5195;
];
