function solarprofile = ex_solar_profilesh1
%EX_WIND_PROFILE_D  Example wind_load_nyiso profile data for deterministic unit commitment.
% 2022.03.12
% Andres F. Ramirez


%% define constants
[GEN_BUS, PG, QG, QMAX, QMIN, VG, MBASE, GEN_STATUS, PMAX, PMIN, ...
    MU_PMAX, MU_PMIN, MU_QMAX, MU_QMIN, PC1, PC2, QC1MIN, QC1MAX, ...
    QC2MIN, QC2MAX, RAMP_AGC, RAMP_10, RAMP_30, RAMP_Q, APF] = idx_gen;
[CT_LABEL, CT_PROB, CT_TABLE, CT_TBUS, CT_TGEN, CT_TBRCH, CT_TAREABUS, ...
    CT_TAREAGEN, CT_TAREABRCH, CT_ROW, CT_COL, CT_CHGTYPE, CT_REP, ...
    CT_REL, CT_ADD, CT_NEWVAL, CT_TLOAD, CT_TAREALOAD, CT_LOAD_ALL_PQ, ...
    CT_LOAD_FIX_PQ, CT_LOAD_DIS_PQ, CT_LOAD_ALL_P, CT_LOAD_FIX_P, ...
    CT_LOAD_DIS_P, CT_TGENCOST, CT_TAREAGENCOST, CT_MODCOST_F, ...
    CT_MODCOST_X] = idx_ct;

solarprofile = struct( ...
    'type', 'mpcData', ...
    'table', CT_TGEN, ...
    'rows', [1:12], ...
    'col', PMAX, ...
    'chgtype', 1, ...
    'values', [] );
solarprofile.values(:,1,:) = [
	0.0 0.0 0.0 0.0 0.0 0.0 0.0 0.0 0.0 0.0 0.0 0.0;
	0.0 0.0 0.0 0.0 0.0 0.0 0.0 0.0 0.0 0.0 0.0 0.0;
	0.0 0.0 0.0 0.0 0.0 0.0 0.0 0.0 0.0 0.0 0.0 0.0;
	0.0 0.0 0.0 0.0 0.0 0.0 0.0 0.0 0.0 0.0 0.0 0.0;
	0.0 0.0 0.0 0.0 0.0 0.0 0.0 0.0 0.0 0.0 0.0 0.0;
	0.0951 0.1034 0.1101 0.0 0.0 0.1251 0.0156 0.1784 0.0 0.0 0.0 0.0;
	5.1684 3.6472 3.1908 0.8469 7.1338 22.1474 2.7684 10.3926 32.9113 21.2362 37.02 38.459;
	7.4317 5.9909 6.1636 1.9498 12.1137 12.7087 1.5886 12.7544 33.5139 185.2238 102.1477 335.4415;
	8.0043 6.9124 8.6241 2.7189 12.5913 20.4275 2.5534 17.442 49.3438 321.3668 149.2503 581.9973;
	20.7915 14.232 12.9142 6.6511 11.5502 331.0333 41.3792 59.515 241.5954 319.5646 149.1045 578.7334;
	23.5154 15.9818 13.2493 7.0123 10.88 327.6668 40.9583 56.8293 240.2625 285.8072 161.652 517.5985;
	23.9128 16.0751 13.2613 5.2127 10.0693 313.6582 39.2073 53.313 234.9258 254.2318 163.1843 460.4154;
	24.668 16.5824 13.7384 1.1237 3.2645 329.7539 41.2192 50.6345 228.1731 207.1901 163.5627 375.2225;
	21.331 15.9679 12.8968 1.8403 3.1587 351.573 43.9466 55.5391 232.7064 215.8006 161.9599 390.8161;
	16.5308 11.7318 9.319 2.7115 3.5005 343.2841 42.9105 56.8748 231.3479 194.823 167.1375 352.8256;
	9.3056 5.404 4.9 4.6638 4.4474 129.869 16.2336 22.3145 116.489 62.4651 38.136 113.1248;
	1.1753 0.7774 0.6231 1.2904 2.1399 36.126 4.5158 6.7948 26.9987 15.725 9.7087 28.478;
	0.0 0.0 0.0 0.0 0.0 0.0 0.0 0.0 0.0 0.0 0.0 0.0;
	0.0 0.0 0.0 0.0 0.0 0.0 0.0 0.0 0.0 0.0 0.0 0.0;
	0.0 0.0 0.0 0.0 0.0 0.0 0.0 0.0 0.0 0.0 0.0 0.0;
	0.0 0.0 0.0 0.0 0.0 0.0 0.0 0.0 0.0 0.0 0.0 0.0;
	0.0 0.0 0.0 0.0 0.0 0.0 0.0 0.0 0.0 0.0 0.0 0.0;
	0.0 0.0 0.0 0.0 0.0 0.0 0.0 0.0 0.0 0.0 0.0 0.0;
	0.0 0.0 0.0 0.0 0.0 0.0 0.0 0.0 0.0 0.0 0.0 0.0;
];
