function solarprofile = ex_solar_profilesh1
%EX_WIND_PROFILE_D  Example wind_load_nyiso profile data for deterministic unit commitment.
% 2022.03.12
% Andres F. Ramirez


%% define constants
[GEN_BUS, PG, QG, QMAX, QMIN, VG, MBASE, GEN_STATUS, PMAX, PMIN, ...
    MU_PMAX, MU_PMIN, MU_QMAX, MU_QMIN, PC1, PC2, QC1MIN, QC1MAX, ...
    QC2MIN, QC2MAX, RAMP_AGC, RAMP_10, RAMP_30, RAMP_Q, APF] = idx_gen;
[CT_LABEL, CT_PROB, CT_TABLE, CT_TBUS, CT_TGEN, CT_TBRCH, CT_TAREABUS, ...
    CT_TAREAGEN, CT_TAREABRCH, CT_ROW, CT_COL, CT_CHGTYPE, CT_REP, ...
    CT_REL, CT_ADD, CT_NEWVAL, CT_TLOAD, CT_TAREALOAD, CT_LOAD_ALL_PQ, ...
    CT_LOAD_FIX_PQ, CT_LOAD_DIS_PQ, CT_LOAD_ALL_P, CT_LOAD_FIX_P, ...
    CT_LOAD_DIS_P, CT_TGENCOST, CT_TAREAGENCOST, CT_MODCOST_F, ...
    CT_MODCOST_X] = idx_ct;

solarprofile = struct( ...
    'type', 'mpcData', ...
    'table', CT_TGEN, ...
    'rows', [1:12], ...
    'col', PMAX, ...
    'chgtype', 1, ...
    'values', [] );
solarprofile.values(:,1,:) = [
	0.0 0.0 0.0 0.0 0.0 0.0 0.0 0.0 0.0 0.0 0.0 0.0;
	0.0 0.0 0.0 0.0 0.0 0.0 0.0 0.0 0.0 0.0 0.0 0.0;
	0.0 0.0 0.0 0.0 0.0 0.0 0.0 0.0 0.0 0.0 0.0 0.0;
	0.0 0.0 0.0 0.0 0.0 0.0 0.0 0.0 0.0 0.0 0.0 0.0;
	0.0 0.0 0.0 0.0 0.0 0.0 0.0 0.0 0.0 0.0 0.0 0.0;
	0.1117 0.1255 0.1136 0.0 0.0 0.1251 0.0156 0.1784 0.0 0.0 0.0 0.0;
	3.4065 2.14 0.9516 3.5703 8.8985 42.2505 5.2813 5.9602 14.434 104.3754 90.9639 189.0245;
	3.5156 1.4823 0.5913 7.7075 11.8771 49.1741 6.1468 7.2127 8.3781 222.3255 114.5399 402.6329;
	4.1888 1.7916 0.8503 9.8272 12.4002 65.062 8.1327 10.3525 17.4754 266.4444 142.7837 482.5324;
	14.8915 10.1608 4.9204 10.786 12.4041 377.6422 47.2053 55.8471 197.5055 267.7613 149.9227 484.9173;
	15.8897 12.6074 9.1518 11.2514 13.4223 363.4848 45.4356 48.1088 199.6846 336.8883 195.067 610.1067;
	14.9103 10.3392 10.6351 11.4325 13.7405 343.8628 42.9828 42.6143 198.5123 347.503 229.3368 629.3301;
	17.7493 11.0687 12.9562 6.4707 7.1935 317.0087 39.6261 51.7587 180.0459 271.7895 208.0671 492.2124;
	13.4199 6.0575 10.0743 4.1936 3.4806 343.8355 42.9794 58.2878 180.6082 198.9073 168.6396 360.2223;
	6.8919 2.3422 4.5812 1.7884 1.3371 333.868 41.7335 56.4644 154.5273 106.7019 123.4605 193.2379;
	1.8048 0.3813 0.7719 1.0337 0.8213 101.7494 12.7187 8.7661 22.99 38.4579 25.4626 69.6475;
	0.8987 0.7338 0.5349 0.778 1.4076 33.6504 4.2063 6.2471 21.1415 16.5088 9.9142 29.8975;
	0.0 0.0 0.0 0.0 0.0 0.0 0.0 0.0 0.0 0.0 0.0 0.0;
	0.0 0.0 0.0 0.0 0.0 0.0 0.0 0.0 0.0 0.0 0.0 0.0;
	0.0 0.0 0.0 0.0 0.0 0.0 0.0 0.0 0.0 0.0 0.0 0.0;
	0.0 0.0 0.0 0.0 0.0 0.0 0.0 0.0 0.0 0.0 0.0 0.0;
	0.0 0.0 0.0 0.0 0.0 0.0 0.0 0.0 0.0 0.0 0.0 0.0;
	0.0 0.0 0.0 0.0 0.0 0.0 0.0 0.0 0.0 0.0 0.0 0.0;
	0.0 0.0 0.0 0.0 0.0 0.0 0.0 0.0 0.0 0.0 0.0 0.0;
];
