function loadprofile = ex_load_profilesh1
%EX_LOAD_PROFILE  Example load profile data file for stochastic unit commitment.
% 2022.03.12
% Andres F. Ramirez

%% define constants
[CT_LABEL, CT_PROB, CT_TABLE, CT_TBUS, CT_TGEN, CT_TBRCH, CT_TAREABUS, ...
    CT_TAREAGEN, CT_TAREABRCH, CT_ROW, CT_COL, CT_CHGTYPE, CT_REP, ...
    CT_REL, CT_ADD, CT_NEWVAL, CT_TLOAD, CT_TAREALOAD, CT_LOAD_ALL_PQ, ...
    CT_LOAD_FIX_PQ, CT_LOAD_DIS_PQ, CT_LOAD_ALL_P, CT_LOAD_FIX_P, ...
    CT_LOAD_DIS_P, CT_TGENCOST, CT_TAREAGENCOST, CT_MODCOST_F, ...
    CT_MODCOST_X] = idx_ct;

loadprofile = struct( ...
    'type', 'mpcData', ...
    'table', CT_TAREALOAD, ...
    'rows', [1:11], ...
    'col', CT_LOAD_ALL_P, ...
    'chgtype', 1, ...
    'values', [] );
loadprofile.values(:,1,:) = [
	1431.2099 932.3448 1648.2 571.5906 747.5684 1119.6001 867.6239 252.6 490.6925 4585.4149 1779.7423;
	1427.4884 937.1534 1619.0812 561.5484 726.7401 1145.3 865.6 245.1066 461.5 4494.2744 1762.2571;
	1449.9 940.1859 1662.6727 566.5 742.4764 1147.2753 878.534 252.1847 464.758 4468.3472 1753.9;
	1530.2045 1021.1 1778.4247 582.3 819.5065 1228.2 940.0225 283.6 498.0636 4722.1925 1887.6532;
	1646.3788 1132.1585 1933.3526 588.8 911.8847 1365.9297 1035.5139 326.4588 574.8 5241.1398 2079.1201;
	1760.7384 1214.3877 2050.5745 609.0 971.0286 1435.7021 1114.7714 335.7857 648.8317 5764.8161 2234.2275;
	1777.488 1230.1196 2090.5501 608.0499 968.0564 1423.1 1141.4027 337.1 686.5 6063.9314 2278.4799;
	1810.5455 1256.1602 2118.7077 607.1771 992.0243 1416.007 1176.5 326.9656 689.5815 6240.9952 2224.1197;
	1826.6031 1259.293 2103.9299 592.6081 941.2718 1373.7948 1166.0888 329.2567 703.7554 6321.6314 2224.6828;
	1787.3723 1228.219 2026.9106 599.4862 945.5292 1321.8571 1132.0582 318.2392 691.8137 6330.7541 2173.3372;
	1739.0626 1204.9966 2005.1487 580.9 940.1765 1274.2989 1108.7256 311.2 672.0 6218.0758 2116.0324;
	1779.7847 1203.536 1943.6899 593.886 906.0874 1238.4925 1094.1349 301.9072 672.3891 6310.0389 2178.9723;
	1718.2541 1187.2987 1912.047 588.0243 890.1357 1264.057 1099.1254 287.8575 666.1222 6259.1111 2182.9129;
	1703.6017 1198.2708 1896.8278 574.6057 896.0517 1273.3 1063.2973 286.7969 671.8889 6226.093 2113.7074;
	1691.8891 1214.8 1882.5021 575.3194 893.9895 1299.3564 1082.738 293.0354 674.4873 6272.1471 2214.7482;
	1675.5907 1209.1994 1865.6978 575.0685 887.8 1319.1 1097.3943 294.62 673.8 6237.5645 2246.4471;
	1648.3324 1183.497 1857.7 558.9725 927.0943 1344.7496 1075.4571 295.8247 664.0 5961.6836 2284.1564;
	1702.6551 1205.2 1933.4495 586.5 952.8535 1450.3036 1146.4276 329.3627 675.4429 6004.3633 2385.2267;
	1682.687 1197.2003 1912.4473 559.1552 954.5613 1416.7862 1139.9677 334.9554 665.8738 5961.9 2384.7755;
	1673.9505 1145.7032 1818.4 551.8 886.6 1291.8401 1069.1 327.4488 623.6089 5825.1271 2290.9152;
	1552.7334 1054.763 1706.8316 546.3301 850.2 1192.2122 1000.1 307.88 577.2915 5502.2 2100.3856;
	1488.4746 1000.082 1635.2667 535.5723 800.7 1129.4602 937.4232 296.5675 543.6917 5299.4797 1980.5595;
	1512.0555 960.2259 1630.3424 507.1 777.8296 1115.4318 901.5 274.8934 525.5529 4808.5026 1840.2306;
	1410.7323 910.7 1558.6153 528.9864 766.0358 1071.2962 854.5518 250.6578 500.9616 4652.4944 1813.2779;
];
