function solarprofile = ex_solar_profilesh1
%EX_WIND_PROFILE_D  Example wind_load_nyiso profile data for deterministic unit commitment.
% 2022.03.12
% Andres F. Ramirez


%% define constants
[GEN_BUS, PG, QG, QMAX, QMIN, VG, MBASE, GEN_STATUS, PMAX, PMIN, ...
    MU_PMAX, MU_PMIN, MU_QMAX, MU_QMIN, PC1, PC2, QC1MIN, QC1MAX, ...
    QC2MIN, QC2MAX, RAMP_AGC, RAMP_10, RAMP_30, RAMP_Q, APF] = idx_gen;
[CT_LABEL, CT_PROB, CT_TABLE, CT_TBUS, CT_TGEN, CT_TBRCH, CT_TAREABUS, ...
    CT_TAREAGEN, CT_TAREABRCH, CT_ROW, CT_COL, CT_CHGTYPE, CT_REP, ...
    CT_REL, CT_ADD, CT_NEWVAL, CT_TLOAD, CT_TAREALOAD, CT_LOAD_ALL_PQ, ...
    CT_LOAD_FIX_PQ, CT_LOAD_DIS_PQ, CT_LOAD_ALL_P, CT_LOAD_FIX_P, ...
    CT_LOAD_DIS_P, CT_TGENCOST, CT_TAREAGENCOST, CT_MODCOST_F, ...
    CT_MODCOST_X] = idx_ct;

solarprofile = struct( ...
    'type', 'mpcData', ...
    'table', CT_TGEN, ...
    'rows', [1:12], ...
    'col', PMAX, ...
    'chgtype', 1, ...
    'values', [] );
solarprofile.values(:,1,:) = [
	0.0 0.0 0.0 0.0 0.0 0.0 0.0 0.0 0.0 0.0 0.0 0.0;
	0.0 0.0 0.0 0.0 0.0 0.0 0.0 0.0 0.0 0.0 0.0 0.0;
	0.0 0.0 0.0 0.0 0.0 0.0 0.0 0.0 0.0 0.0 0.0 0.0;
	0.0 0.0 0.0 0.0 0.0 0.0 0.0 0.0 0.0 0.0 0.0 0.0;
	0.0 0.0 0.0 0.0 0.0 0.0 0.0 0.0 0.0 0.0 0.0 0.0;
	0.1044 0.1055 0.1084 0.0 0.0 0.1251 0.0156 0.1857 0.0 0.0 0.0 0.0;
	1.7657 1.5102 1.4974 3.3617 8.6564 5.4825 0.6853 13.0996 0.0 27.618 26.1762 50.0164;
	5.086 4.4495 3.6827 5.5338 11.8272 0.0 0.0 29.9549 0.0 95.3181 96.4404 172.6216;
	8.6245 6.9163 4.5973 7.5912 12.484 0.0 0.0 44.0229 2.867 203.0641 148.6642 367.7504;
	13.1143 10.3538 10.4432 10.7218 13.2547 263.8173 32.9772 69.3632 64.6718 253.7602 146.6646 459.5613;
	15.8973 13.1985 13.075 11.1561 13.2056 264.3016 33.0377 66.8363 78.6245 293.5796 169.6793 531.6744;
	17.1119 13.5509 13.2525 11.2056 12.8443 283.1257 35.3907 64.5635 153.9624 307.4964 180.6101 556.8779;
	12.3505 12.4716 12.0501 8.2627 7.8498 365.7547 45.7193 64.5263 231.6977 250.1466 156.4287 453.017;
	3.9193 6.1171 5.1899 8.8224 6.4981 392.58 49.0725 65.6344 248.5332 212.1594 129.292 384.2219;
	1.4626 2.4705 2.094 7.3229 5.9227 402.2151 50.2769 64.5662 238.7264 159.2528 93.9959 288.4079;
	0.7994 1.4589 1.227 4.5189 4.6485 245.2253 30.6532 37.0049 65.8005 38.4519 16.8043 69.6366;
	0.9954 0.8172 0.6132 0.8005 1.5275 58.27 7.2838 10.489 26.5692 15.8676 9.0396 28.7363;
	0.0 0.0 0.0 0.0 0.0 0.0 0.0 0.0 0.0 0.0 0.0 0.0;
	0.0 0.0 0.0 0.0 0.0 0.0 0.0 0.0 0.0 0.0 0.0 0.0;
	0.0 0.0 0.0 0.0 0.0 0.0 0.0 0.0 0.0 0.0 0.0 0.0;
	0.0 0.0 0.0 0.0 0.0 0.0 0.0 0.0 0.0 0.0 0.0 0.0;
	0.0 0.0 0.0 0.0 0.0 0.0 0.0 0.0 0.0 0.0 0.0 0.0;
	0.0 0.0 0.0 0.0 0.0 0.0 0.0 0.0 0.0 0.0 0.0 0.0;
	0.0 0.0 0.0 0.0 0.0 0.0 0.0 0.0 0.0 0.0 0.0 0.0;
];
