function loadprofile = ex_load_profilesh1
%EX_LOAD_PROFILE  Example load profile data file for stochastic unit commitment.
% 2022.03.12
% Andres F. Ramirez

%% define constants
[CT_LABEL, CT_PROB, CT_TABLE, CT_TBUS, CT_TGEN, CT_TBRCH, CT_TAREABUS, ...
    CT_TAREAGEN, CT_TAREABRCH, CT_ROW, CT_COL, CT_CHGTYPE, CT_REP, ...
    CT_REL, CT_ADD, CT_NEWVAL, CT_TLOAD, CT_TAREALOAD, CT_LOAD_ALL_PQ, ...
    CT_LOAD_FIX_PQ, CT_LOAD_DIS_PQ, CT_LOAD_ALL_P, CT_LOAD_FIX_P, ...
    CT_LOAD_DIS_P, CT_TGENCOST, CT_TAREAGENCOST, CT_MODCOST_F, ...
    CT_MODCOST_X] = idx_ct;

loadprofile = struct( ...
    'type', 'mpcData', ...
    'table', CT_TAREALOAD, ...
    'rows', [1:11], ...
    'col', CT_LOAD_ALL_P, ...
    'chgtype', 1, ...
    'values', [] );
loadprofile.values(:,1,:) = [
	1529.3105 938.9037 1588.9577 587.7251 708.5685 1127.8235 860.5333 250.9 510.5725 4678.8405 1690.4;
	1548.7784 944.2 1577.0014 595.4205 700.9896 1139.0248 840.7634 245.2545 503.5368 4533.7106 1690.3182;
	1560.0964 968.5785 1636.761 607.4979 715.7261 1189.1555 877.2136 256.4967 524.3 4636.0896 1735.3243;
	1631.6028 1021.7 1731.9468 602.1 755.2087 1241.7 915.211 274.4684 548.4 4735.2659 1799.3191;
	1791.9828 1161.8668 1996.2521 622.5 918.5105 1403.1683 1016.7903 327.5 619.5599 5284.1205 1999.3;
	1920.1023 1226.7589 2038.8301 621.6 915.1752 1452.0 1072.315 347.2761 662.5411 5774.4398 2102.2928;
	1951.3791 1235.5913 2050.5977 613.3545 919.752 1463.9153 1096.7809 346.4 680.1407 6041.4984 2164.3422;
	1945.0883 1242.4164 2049.7015 584.6 908.58 1436.2 1106.2322 344.2656 673.6749 6177.7844 2194.2448;
	1927.7257 1244.2688 2060.8305 575.6 893.0524 1370.2557 1102.9155 347.1664 675.9616 6200.9277 2129.7909;
	1895.4947 1217.8722 2023.8861 575.0999 887.6 1316.8158 1091.9 349.8157 657.4205 6174.8133 2048.5941;
	1895.183 1215.4743 2004.2444 552.5117 866.6933 1309.6477 1109.8324 357.8309 671.0052 6191.1297 2108.0697;
	1941.6533 1204.7879 1991.5515 552.7143 859.8372 1290.1591 1086.5211 346.5 652.5 6173.4108 2049.2599;
	1933.6667 1200.5089 1976.9371 565.3 831.6156 1259.9739 1090.4001 363.9141 651.6389 6197.2395 2056.6883;
	1885.4566 1191.939 1946.9043 580.2441 833.2372 1246.1554 1079.8536 353.9935 650.9769 6279.5367 2130.1658;
	1874.4014 1173.4885 1947.9907 578.9992 880.4516 1299.7186 1107.5918 389.6626 690.4242 6379.3727 2265.2339;
	1745.4683 1142.9186 1954.8157 587.7466 919.5221 1366.7134 1111.3897 403.6142 694.0002 6273.3021 2280.3187;
	1708.2299 1143.5005 1937.8919 589.8178 910.0649 1388.1494 1081.8394 389.3902 684.758 6088.9609 2351.7889;
	1745.0254 1172.2401 1961.6104 610.1704 919.1895 1437.4805 1140.7015 386.9609 717.7296 6171.0322 2437.0;
	1762.2956 1163.7538 1910.2334 589.1939 898.8531 1396.0985 1117.1562 392.131 705.1669 5986.1961 2397.7895;
	1719.2502 1108.5206 1854.2004 586.225 867.6147 1364.6873 1098.1652 396.3 682.7 5863.0125 2327.2877;
	1604.7 1022.9 1728.2937 570.8922 795.59 1245.1823 1028.2185 356.1006 625.8756 5565.9162 2148.6349;
	1551.1618 960.7951 1645.604 580.55 776.2856 1181.4674 998.1879 333.7078 577.1 5151.7053 1933.6;
	1587.0 915.4 1616.8767 564.3734 729.7 1160.8767 989.5824 295.553 534.8735 4822.1046 1806.4623;
	1523.7288 871.5625 1544.8165 553.5374 651.3669 1092.06 880.4832 270.2809 482.6101 4538.1666 1679.2642;
];
