function loadprofile = ex_load_profilesh1
%EX_LOAD_PROFILE  Example load profile data file for stochastic unit commitment.
% 2022.03.12
% Andres F. Ramirez

%% define constants
[CT_LABEL, CT_PROB, CT_TABLE, CT_TBUS, CT_TGEN, CT_TBRCH, CT_TAREABUS, ...
    CT_TAREAGEN, CT_TAREABRCH, CT_ROW, CT_COL, CT_CHGTYPE, CT_REP, ...
    CT_REL, CT_ADD, CT_NEWVAL, CT_TLOAD, CT_TAREALOAD, CT_LOAD_ALL_PQ, ...
    CT_LOAD_FIX_PQ, CT_LOAD_DIS_PQ, CT_LOAD_ALL_P, CT_LOAD_FIX_P, ...
    CT_LOAD_DIS_P, CT_TGENCOST, CT_TAREAGENCOST, CT_MODCOST_F, ...
    CT_MODCOST_X] = idx_ct;

loadprofile = struct( ...
    'type', 'mpcData', ...
    'table', CT_TAREALOAD, ...
    'rows', [1:11], ...
    'col', CT_LOAD_ALL_P, ...
    'chgtype', 1, ...
    'values', [] );
loadprofile.values(:,1,:) = [
	1488.5256 916.6739 1585.9 546.8451 834.219 1049.9883 835.3 293.952 502.4 4470.7 1674.7934;
	1487.3007 910.3545 1565.2088 556.3539 802.3454 1012.3964 832.3 288.1864 496.9 4419.8708 1673.6084;
	1482.6996 921.3 1574.3825 556.5596 824.5 1034.5395 836.9747 271.6658 497.759 4441.7856 1689.0821;
	1551.1773 998.8894 1691.2174 555.8869 881.6322 1135.1964 903.9207 298.3824 545.8994 4635.7126 1786.314;
	1727.6787 1124.214 1925.51 580.5 979.6895 1291.9767 998.8 342.2958 626.2 5189.2242 2012.2911;
	1872.5364 1232.9553 2086.1813 592.8 1062.519 1330.1727 1059.5353 378.9684 696.7062 5778.4108 2176.9768;
	1898.4065 1230.0 2047.2919 584.4927 1051.7515 1304.6954 1084.1178 368.9502 706.5597 6052.485 2179.7;
	1849.0257 1205.3761 1996.1387 557.2076 1042.4678 1254.4676 1091.9474 373.3107 711.2541 6294.722 2181.0797;
	1849.6 1216.5228 1964.3815 555.4186 1043.6752 1308.5691 1065.3035 356.9783 700.8348 6250.367 2084.423;
	1849.5808 1213.4145 1920.6283 540.5187 1009.7727 1305.9739 1101.1 367.1688 701.2712 6309.459 2008.352;
	1804.7871 1208.0225 1884.2057 539.319 1015.0 1287.9266 1087.2765 346.8042 676.0188 6177.0207 1966.4033;
	1809.2727 1192.3395 1842.3261 517.4052 963.4752 1215.576 1098.2884 363.402 669.4244 6308.9601 2019.5511;
	1744.8 1174.2438 1818.14 533.4283 946.405 1228.1601 1086.9171 361.2919 657.8861 6256.4945 2044.624;
	1755.4213 1156.5 1774.4376 531.9972 955.0702 1222.7777 1045.364 356.8737 653.0539 6256.7127 2088.1145;
	1739.2454 1158.3127 1793.9896 526.9 946.015 1218.0716 1035.1 340.5254 652.9428 6321.7077 2111.0351;
	1721.3141 1164.1075 1826.1213 532.8838 986.1347 1303.5481 1091.1939 337.2476 680.9605 6487.3383 2263.177;
	1719.6006 1173.703 1870.0738 557.1775 1004.368 1336.0 1089.5978 363.624 713.4453 6485.651 2439.4172;
	1747.0 1164.9073 1863.3333 553.9112 1014.2843 1408.3443 1130.7292 358.4 728.6141 6364.8779 2440.0399;
	1813.9255 1206.3 1893.1092 557.3494 991.1068 1402.4611 1129.7 362.3294 722.3 6294.5191 2462.5595;
	1760.0533 1147.8 1815.8139 544.0828 960.7114 1344.8 1080.4014 345.0488 671.3082 6126.1537 2392.3;
	1658.3179 1067.4 1748.1092 544.4 914.4291 1231.0974 1015.6774 320.4915 618.5268 5944.6 2190.4667;
	1536.0342 971.2956 1601.4932 545.5233 863.2385 1127.6741 929.8216 288.0217 562.6178 5384.3703 2003.8504;
	1489.3873 938.4725 1537.2633 537.7031 839.7265 1105.3 873.8 284.3744 528.3465 5174.936 1851.3438;
	1458.0753 906.9764 1524.7321 538.7872 812.1041 1063.9934 847.6345 268.8964 504.5929 4925.55 1756.1673;
];
