function loadprofile = ex_load_profilesh1
%EX_LOAD_PROFILE  Example load profile data file for stochastic unit commitment.
% 2022.03.12
% Andres F. Ramirez

%% define constants
[CT_LABEL, CT_PROB, CT_TABLE, CT_TBUS, CT_TGEN, CT_TBRCH, CT_TAREABUS, ...
    CT_TAREAGEN, CT_TAREABRCH, CT_ROW, CT_COL, CT_CHGTYPE, CT_REP, ...
    CT_REL, CT_ADD, CT_NEWVAL, CT_TLOAD, CT_TAREALOAD, CT_LOAD_ALL_PQ, ...
    CT_LOAD_FIX_PQ, CT_LOAD_DIS_PQ, CT_LOAD_ALL_P, CT_LOAD_FIX_P, ...
    CT_LOAD_DIS_P, CT_TGENCOST, CT_TAREAGENCOST, CT_MODCOST_F, ...
    CT_MODCOST_X] = idx_ct;

loadprofile = struct( ...
    'type', 'mpcData', ...
    'table', CT_TAREALOAD, ...
    'rows', [1:11], ...
    'col', CT_LOAD_ALL_P, ...
    'chgtype', 1, ...
    'values', [] );
loadprofile.values(:,1,:) = [
	1495.7625 964.4963 1674.0858 570.2 828.8498 1168.4644 838.7186 227.0618 493.3 4480.385 1691.8616;
	1498.9606 977.8894 1690.7406 569.2807 831.3451 1168.5588 852.5397 231.5314 504.7352 4508.8698 1709.2164;
	1515.1891 970.7834 1692.5416 570.4943 843.7784 1178.8871 842.9448 239.9902 502.5002 4499.7846 1704.9;
	1572.1689 1027.3922 1741.6074 572.3 878.9276 1243.237 895.9291 257.6636 526.6043 4702.8909 1812.2118;
	1745.6 1141.085 1924.9305 570.6 973.5532 1397.8 991.6 302.3713 600.9226 5228.5081 2050.7434;
	1864.3781 1211.1 2016.2277 575.7225 1028.8464 1458.0668 1083.1764 334.0539 681.5392 5853.5632 2262.558;
	1869.9319 1185.2679 2036.2933 571.6344 1020.2486 1457.3368 1094.6 327.0063 670.3684 6116.6098 2262.0488;
	1841.0 1178.5131 2015.4975 553.0111 977.9171 1427.1 1066.2039 316.6 669.0376 6260.1625 2258.0852;
	1897.4115 1206.384 2045.6137 532.0009 980.7004 1427.8886 1060.671 320.5677 666.0451 6326.1156 2273.388;
	1875.2664 1224.5214 2069.2486 539.2729 1008.6939 1451.2596 1093.8436 337.1 659.5285 6470.2748 2370.3406;
	1857.1411 1203.1944 1990.4491 556.5757 980.0975 1430.0877 1113.856 325.6393 660.2258 6405.7545 2370.5306;
	1826.0227 1192.3781 1967.6491 539.0 960.3167 1404.1 1137.3399 338.7994 675.8982 6494.6519 2566.5334;
	1824.3239 1177.88 1954.7278 533.8415 944.166 1346.0347 1094.4905 341.3133 682.627 6356.988 2486.2995;
	1756.2378 1142.5431 1906.6322 525.5506 921.2355 1308.1969 1078.088 328.6268 653.9047 6294.841 2356.5452;
	1776.1772 1186.0 1919.9108 549.3 925.1651 1333.3458 1077.8033 322.9968 634.3418 6263.748 2373.9107;
	1824.9644 1177.3244 1934.4296 569.8825 909.5461 1365.1956 1057.9664 329.8 574.7613 6279.0861 2290.6223;
	1780.1 1142.6648 1941.6297 568.0 952.0 1387.828 1081.8401 350.7429 625.0164 6079.2247 2419.2909;
	1843.2091 1187.7079 2025.6932 572.9949 967.8208 1440.0204 1113.0842 351.1205 657.4263 6015.8782 2453.1612;
	1768.8816 1167.1154 1955.7362 585.2393 969.9531 1418.1592 1127.7493 363.2457 649.7675 5953.8049 2421.0353;
	1749.5971 1126.6495 1881.8122 567.4 921.7595 1345.2332 1082.6354 341.3 630.8294 5742.7346 2311.7699;
	1670.3931 1061.2826 1792.0587 556.3449 883.0337 1262.9554 1013.2221 327.4 586.7107 5455.2327 2166.3721;
	1575.4191 983.7 1674.2878 540.1108 832.0996 1167.5939 911.3809 294.6824 536.6679 5097.7238 1969.5323;
	1532.6 905.6008 1627.1472 545.7464 805.9376 1141.4951 855.7728 269.0829 509.7 4835.1451 1792.5734;
	1464.4648 871.6 1651.5285 546.6678 797.1911 1145.8898 829.2952 240.1 497.0 4696.0404 1726.428;
];
