function windprofile = ex_wind_profilesh1
%EX_WIND_PROFILE_D  Example wind_load_nyiso profile data for deterministic unit commitment.
% 2022.03.12
% Andres F. Ramirez


%% define constants
[GEN_BUS, PG, QG, QMAX, QMIN, VG, MBASE, GEN_STATUS, PMAX, PMIN, ...
    MU_PMAX, MU_PMIN, MU_QMAX, MU_QMIN, PC1, PC2, QC1MIN, QC1MAX, ...
    QC2MIN, QC2MAX, RAMP_AGC, RAMP_10, RAMP_30, RAMP_Q, APF] = idx_gen;
[CT_LABEL, CT_PROB, CT_TABLE, CT_TBUS, CT_TGEN, CT_TBRCH, CT_TAREABUS, ...
    CT_TAREAGEN, CT_TAREABRCH, CT_ROW, CT_COL, CT_CHGTYPE, CT_REP, ...
    CT_REL, CT_ADD, CT_NEWVAL, CT_TLOAD, CT_TAREALOAD, CT_LOAD_ALL_PQ, ...
    CT_LOAD_FIX_PQ, CT_LOAD_DIS_PQ, CT_LOAD_ALL_P, CT_LOAD_FIX_P, ...
    CT_LOAD_DIS_P, CT_TGENCOST, CT_TAREAGENCOST, CT_MODCOST_F, ...
    CT_MODCOST_X] = idx_ct;

windprofile = struct( ...
    'type', 'mpcData', ...
    'table', CT_TGEN, ...
    'rows', [1:45], ...
    'col', PMAX, ...
    'chgtype', 1, ...
    'values', [] );
windprofile.values(:,1,:) = [
	3.1971 43.1993 86.0173 106.8836 14.0166 13.5323 15.9023 16.7807 26.4748 23.1594 42.8098 63.8637 96.1465 5.5762 21.7897 8.2091 10.1854 10.7935 12.4709 23.3979 5.3008 31.5753 49.16 77.353 96.5277 69.766 7.4262 674.2516 403.9779 403.9779 208.9506 34.0251 41.5698 60.2262 17.4821 172.3639 539.7174 50.6494 306.8616 258.5564 9.6567 150.1182 107.8061 226.2145 545.3394;
	3.3669 45.4947 89.2568 111.2609 13.9636 16.3113 15.8224 17.7933 26.5868 24.3682 45.0443 67.1972 101.165 4.957 6.976 2.6282 3.2609 3.4555 10.1911 11.7781 5.2741 38.0598 50.0892 81.6922 96.8949 73.9399 7.5407 666.8269 382.069 382.069 166.7717 28.9927 33.9705 30.3168 15.541 163.0161 515.7463 45.5745 309.0407 259.5398 10.4962 180.947 103.1114 226.7284 521.1186;
	3.2697 44.1807 89.103 108.653 14.0467 13.5802 15.2975 17.035 27.2485 24.5134 45.3126 67.5975 101.7677 7.5648 9.8702 3.7186 4.6138 4.8892 18.4187 21.1643 5.0992 31.6872 58.2579 79.9046 90.4983 71.0287 8.1009 610.322 363.4993 363.4993 151.1191 28.1423 61.3957 54.4768 23.7167 155.0931 412.4851 31.951 265.6369 242.4063 4.1576 150.6498 81.5573 203.5877 416.7819;
	2.9339 39.6433 88.6908 98.9075 14.2806 12.4632 13.7156 15.6546 26.566 24.7158 45.6867 68.1556 102.6079 10.0232 4.23 1.5936 1.9773 2.0953 4.495 20.4118 4.5719 29.0807 62.035 79.1154 93.6723 73.5804 9.1015 504.6909 290.7622 290.7622 168.1806 26.4799 14.9835 52.54 31.424 124.0586 340.5529 30.2806 193.3155 250.9079 0.0 138.258 75.3949 200.7631 344.1004;
	2.4969 33.7389 87.3986 104.3128 14.0849 13.9815 12.3557 16.8019 17.0781 21.6916 40.0965 59.8161 90.0528 15.3596 13.2903 5.007 6.2124 6.5833 14.4822 24.9551 4.1186 32.6234 48.5538 81.0377 95.5127 72.9367 9.0425 376.0856 240.8806 240.8806 156.9005 27.499 48.274 64.2345 48.1546 102.7757 222.9742 31.1242 182.1259 255.8375 4.2756 155.1009 80.7643 213.851 225.2968;
	3.0966 41.8422 87.9531 110.2479 14.2211 21.5915 13.348 17.523 10.6892 21.0444 38.9002 58.0314 87.366 29.0806 18.2043 6.8584 8.5094 9.0175 28.1248 27.9801 4.4493 50.3803 52.7872 81.4355 95.7952 72.0343 7.5657 314.3922 208.1423 208.1423 131.7986 21.8084 93.7493 72.0209 91.1715 88.8074 172.0407 31.0251 206.488 256.5944 11.878 239.5222 90.2398 214.0621 173.8328;
	2.7514 37.1771 89.7822 111.0096 14.3986 22.8808 14.8042 16.8703 13.1662 27.7795 51.3501 76.6042 115.3272 42.4 23.4996 8.8533 10.9847 11.6405 26.1514 35.107 4.9347 53.3885 54.3538 82.3119 97.208 71.5167 10.3863 259.8727 241.916 241.916 109.0146 15.4899 87.1713 90.3655 132.9296 103.2175 182.153 21.703 172.6683 260.3786 8.5801 253.8242 97.4244 230.3833 184.0504;
	1.8844 25.463 65.5523 110.0264 14.2851 18.8106 13.5957 16.4588 17.9263 27.6282 51.0703 76.1868 114.6988 44.7581 26.3215 9.9165 12.3038 13.0383 43.8349 55.5865 4.5319 43.8913 54.607 80.0219 95.386 70.4454 11.5162 139.4936 193.8116 193.8116 97.1365 9.6442 146.1164 143.0798 140.3226 82.6929 127.8291 24.1394 173.6583 255.4981 8.0825 208.672 95.2467 200.095 129.1607;
	2.7251 36.8225 70.3362 98.3721 13.6092 22.6739 10.9765 14.595 20.5838 28.4882 52.6599 78.5582 118.269 44.8877 20.873 7.8638 9.7569 10.3394 64.4342 52.9681 3.6588 52.9058 63.568 72.0768 88.4997 66.7549 10.4218 130.7746 157.5899 157.5899 87.5028 7.7906 214.7806 136.3399 140.729 67.2383 129.0172 23.0574 133.317 237.0527 17.3026 251.5292 79.41 170.5893 130.3612;
	2.0218 27.3191 73.0838 102.5334 11.5292 14.1653 10.1592 16.0849 24.6898 30.0347 55.5186 82.8229 124.6894 49.736 29.9677 11.2901 14.0081 14.8445 72.8992 48.6234 3.3864 33.0525 69.353 65.8838 88.3737 68.7279 11.5702 255.8973 239.1206 239.1206 104.6701 7.3146 242.9974 125.1568 155.9291 102.0248 237.317 21.6072 18.0881 236.7154 0.2882 157.1409 81.8862 156.3912 239.7891;
	1.6488 22.2784 71.4433 98.2539 11.145 24.8765 13.5688 15.8826 25.7973 30.3189 56.044 83.6067 125.8694 54.865 101.4127 38.2067 47.4046 50.2347 72.1313 41.1292 4.5229 58.0451 72.7976 70.6322 81.4209 68.4959 11.229 393.1277 309.5782 309.5782 170.279 11.8888 240.4377 105.8666 172.0093 132.0867 339.6303 27.0551 163.6995 218.0916 0.6581 275.9628 89.3874 146.1298 343.1682;
	1.6862 22.7845 80.166 84.9618 11.3528 28.9557 18.2274 17.1934 25.5087 29.2037 53.9826 80.5314 121.2395 56.5611 37.1876 14.0102 17.383 18.4208 76.7936 55.9303 6.0758 67.5633 72.569 66.9953 82.4885 70.1061 11.7965 443.6004 353.4054 353.4054 265.0411 14.4849 255.9788 143.9647 177.3266 150.7863 405.7068 38.9506 183.2367 220.9514 0.0028 321.2151 102.477 161.4089 409.9329;
	2.8129 38.0087 85.6987 84.3414 13.1765 28.1245 18.3524 16.877 25.8816 29.8412 55.1611 82.2895 123.8863 57.982 45.4513 17.1235 21.2458 22.5143 83.3055 64.738 6.1175 65.6238 73.2263 67.4314 92.5685 70.9609 11.2906 567.4558 416.2007 416.2007 292.6807 22.6712 277.6851 166.6357 181.7813 177.579 529.5724 51.8382 189.0279 247.9514 0.3065 311.9944 129.9941 184.4293 535.0888;
	3.4317 46.3695 83.6943 95.4965 13.9574 28.8187 19.3594 15.7403 25.7201 29.5591 54.6396 81.5115 122.7151 58.4833 62.1043 23.3974 29.0301 30.7633 85.1444 60.3299 6.4531 67.2437 71.2463 69.2293 85.7287 69.3182 10.6964 731.5132 539.4277 539.4277 375.7121 30.4839 283.8146 155.2894 183.353 230.1558 669.9464 73.6753 265.0719 229.6304 0.2965 319.6959 119.6837 219.8309 676.925;
	3.5729 48.2771 86.584 105.3336 13.3433 31.6073 25.3061 17.4564 26.0634 26.357 48.7206 72.6815 109.4216 64.1797 100.0867 37.7071 46.7847 49.5778 86.0361 57.5364 8.4354 73.7503 52.9974 78.1316 90.9139 69.5937 12.1324 895.6371 632.6714 632.6714 475.5319 35.0026 286.7868 148.0987 201.2119 269.9398 887.6228 106.7599 417.3199 243.5193 2.6079 350.6299 135.776 239.387 896.8689;
	3.7116 50.1519 90.318 110.5504 14.6836 32.837 27.1103 18.1721 25.8791 22.3955 41.3977 61.7573 92.9752 62.9443 149.9993 56.5114 70.116 74.302 90.1665 69.3914 9.0368 76.6196 50.5655 81.4617 99.4283 70.5961 12.7147 987.0362 693.4845 693.4845 660.0567 46.6526 300.5549 178.6136 197.3388 295.8867 968.9241 156.2736 382.2172 266.3258 3.5612 364.2714 156.4746 254.2314 979.0171;
	3.6871 49.8203 88.0675 110.1523 14.3266 32.6823 29.5338 18.238 25.9463 21.3159 39.4022 58.7803 88.4934 63.9492 183.4013 69.0954 85.7294 90.8476 88.2475 71.9482 9.8446 76.2587 35.5139 81.43 97.0855 72.167 12.4864 1008.0948 717.4841 717.4841 682.6216 75.5126 294.1583 185.195 200.4893 306.1265 966.4937 195.5595 408.9233 260.0503 1.6733 362.5558 179.1781 266.4775 976.5614;
	3.643 49.2243 90.1775 110.0246 14.165 31.8605 26.4026 18.1185 23.383 19.135 35.3707 52.7662 79.4392 63.5403 187.947 70.8079 87.8543 93.0993 89.2084 72.5296 8.8009 74.3411 39.2092 78.1605 99.0095 70.8438 12.8958 1104.4337 724.0964 724.0964 680.0781 78.5556 297.3613 186.6915 199.2074 308.9478 1028.9673 210.6001 424.0786 265.2041 107.4986 353.4389 139.7295 254.9248 1039.6857;
	3.8272 51.7141 91.3384 112.455 14.5635 32.4233 28.0853 13.129 25.7997 20.1136 37.1797 55.4649 83.5021 64.5601 191.3448 72.088 89.4426 94.7824 89.7226 72.9785 9.3618 75.6543 49.35 81.1711 101.1705 62.8049 12.4353 1187.3238 740.32 740.32 638.3878 92.2473 299.0752 187.8469 202.4046 315.8699 1091.982 203.6344 438.4988 270.9924 111.6495 359.6821 193.8866 271.2165 1103.3569;
