function solarprofile = ex_solar_profilesh1
%EX_WIND_PROFILE_D  Example wind_load_nyiso profile data for deterministic unit commitment.
% 2022.03.12
% Andres F. Ramirez


%% define constants
[GEN_BUS, PG, QG, QMAX, QMIN, VG, MBASE, GEN_STATUS, PMAX, PMIN, ...
    MU_PMAX, MU_PMIN, MU_QMAX, MU_QMIN, PC1, PC2, QC1MIN, QC1MAX, ...
    QC2MIN, QC2MAX, RAMP_AGC, RAMP_10, RAMP_30, RAMP_Q, APF] = idx_gen;
[CT_LABEL, CT_PROB, CT_TABLE, CT_TBUS, CT_TGEN, CT_TBRCH, CT_TAREABUS, ...
    CT_TAREAGEN, CT_TAREABRCH, CT_ROW, CT_COL, CT_CHGTYPE, CT_REP, ...
    CT_REL, CT_ADD, CT_NEWVAL, CT_TLOAD, CT_TAREALOAD, CT_LOAD_ALL_PQ, ...
    CT_LOAD_FIX_PQ, CT_LOAD_DIS_PQ, CT_LOAD_ALL_P, CT_LOAD_FIX_P, ...
    CT_LOAD_DIS_P, CT_TGENCOST, CT_TAREAGENCOST, CT_MODCOST_F, ...
    CT_MODCOST_X] = idx_ct;

solarprofile = struct( ...
    'type', 'mpcData', ...
    'table', CT_TGEN, ...
    'rows', [1:12], ...
    'col', PMAX, ...
    'chgtype', 1, ...
    'values', [] );
solarprofile.values(:,1,:) = [
	0.0 0.0 0.0 0.0 0.0 0.0 0.0 0.0 0.0 0.0 0.0 0.0;
	0.0 0.0 0.0 0.0 0.0 0.0 0.0 0.0 0.0 0.0 0.0 0.0;
	0.0 0.0 0.0 0.0 0.0 0.0 0.0 0.0 0.0 0.0 0.0 0.0;
	0.0 0.0 0.0 0.0 0.0 0.0 0.0 0.0 0.0 0.0 0.0 0.0;
	0.0 0.0 0.0 0.0 0.0 0.0 0.0 0.0 0.0 0.0 0.0 0.0;
	0.103 0.1075 0.1094 0.0 0.0 0.1251 0.0156 0.1784 0.0 0.0 0.0 0.0;
	3.3044 2.6046 2.4684 2.3186 5.8978 2.3475 0.2934 9.0846 11.0139 33.5386 14.4471 60.7386;
	8.1105 6.6016 5.5191 6.2381 10.1774 10.8693 1.3587 22.0664 17.9778 157.5117 104.1849 285.2546;
	13.1217 10.3045 7.6671 9.3007 11.5954 29.775 3.7219 34.5046 36.9085 263.2164 183.3038 476.6865;
	21.5123 14.5626 11.4511 10.827 11.6571 308.2822 38.5353 70.0381 239.7165 296.5297 195.1861 537.017;
	23.6686 16.0537 13.2544 11.2261 12.3982 309.6961 38.712 66.7746 255.8348 341.8314 237.3234 619.0587;
	24.3437 16.1846 13.2624 11.4313 12.4946 325.4611 40.6826 62.0615 272.5943 343.5777 237.9373 622.2213;
	24.7033 16.5849 13.7384 9.7146 6.0643 321.9339 40.2417 58.7483 275.3545 228.1697 156.1907 413.2168;
	20.3418 15.0975 12.3806 8.6462 4.0248 332.2876 41.5359 60.7421 265.1924 130.9473 106.5581 237.1463;
	8.4729 4.9279 4.5401 5.2515 2.7923 282.3105 35.2888 59.3959 245.5815 78.4223 78.9259 142.0233;
	1.1638 0.9008 0.6081 2.7827 2.0517 61.6995 7.7124 22.5453 69.4925 41.8804 26.8526 75.8457;
	0.9171 0.8225 0.5491 0.7592 1.1971 39.8787 4.9848 6.5554 27.0359 18.0055 12.1353 32.608;
	0.0 0.0 0.0 0.0 0.0 0.0 0.0 0.0 0.0 0.0 0.0 0.0;
	0.0 0.0 0.0 0.0 0.0 0.0 0.0 0.0 0.0 0.0 0.0 0.0;
	0.0 0.0 0.0 0.0 0.0 0.0 0.0 0.0 0.0 0.0 0.0 0.0;
	0.0 0.0 0.0 0.0 0.0 0.0 0.0 0.0 0.0 0.0 0.0 0.0;
	0.0 0.0 0.0 0.0 0.0 0.0 0.0 0.0 0.0 0.0 0.0 0.0;
	0.0 0.0 0.0 0.0 0.0 0.0 0.0 0.0 0.0 0.0 0.0 0.0;
	0.0 0.0 0.0 0.0 0.0 0.0 0.0 0.0 0.0 0.0 0.0 0.0;
];
