function windprofile = ex_wind_profilesh1
%EX_WIND_PROFILE_D  Example wind_load_nyiso profile data for deterministic unit commitment.
% 2022.03.12
% Andres F. Ramirez


%% define constants
[GEN_BUS, PG, QG, QMAX, QMIN, VG, MBASE, GEN_STATUS, PMAX, PMIN, ...
    MU_PMAX, MU_PMIN, MU_QMAX, MU_QMIN, PC1, PC2, QC1MIN, QC1MAX, ...
    QC2MIN, QC2MAX, RAMP_AGC, RAMP_10, RAMP_30, RAMP_Q, APF] = idx_gen;
[CT_LABEL, CT_PROB, CT_TABLE, CT_TBUS, CT_TGEN, CT_TBRCH, CT_TAREABUS, ...
    CT_TAREAGEN, CT_TAREABRCH, CT_ROW, CT_COL, CT_CHGTYPE, CT_REP, ...
    CT_REL, CT_ADD, CT_NEWVAL, CT_TLOAD, CT_TAREALOAD, CT_LOAD_ALL_PQ, ...
    CT_LOAD_FIX_PQ, CT_LOAD_DIS_PQ, CT_LOAD_ALL_P, CT_LOAD_FIX_P, ...
    CT_LOAD_DIS_P, CT_TGENCOST, CT_TAREAGENCOST, CT_MODCOST_F, ...
    CT_MODCOST_X] = idx_ct;

windprofile = struct( ...
    'type', 'mpcData', ...
    'table', CT_TGEN, ...
    'rows', [1:45], ...
    'col', PMAX, ...
    'chgtype', 1, ...
    'values', [] );
windprofile.values(:,1,:) = [
	3.5925 48.5424 89.2126 111.7401 14.0557 14.0438 14.7066 17.053 26.4033 26.8064 49.5512 73.9206 111.2871 3.4803 24.1457 9.0968 11.2867 11.9606 13.3619 24.1553 4.9022 32.7689 61.186 82.769 97.7951 71.2693 8.176 591.828 374.1647 374.1647 205.9598 37.9604 44.5398 62.1758 10.9111 159.6436 464.7028 56.9491 299.5175 261.9513 13.6849 155.7925 107.3124 225.5108 469.5435;
	3.7461 50.6175 90.735 112.0042 14.4089 17.3938 15.021 17.7706 27.1015 27.131 50.1512 74.8158 112.6347 5.1906 17.6091 6.6341 8.2312 8.7227 13.8447 13.883 5.007 40.5854 61.7478 83.7729 99.7975 74.1919 8.0283 683.2206 372.6717 372.6717 194.2091 34.4941 46.1491 35.735 16.2732 159.0066 506.5486 58.6373 322.3895 267.3147 13.2455 192.9548 117.6885 234.4052 511.8252;
	3.5537 48.0178 90.3078 112.0639 14.4023 13.86 13.8592 18.111 27.0616 27.1441 50.1754 74.8519 112.6891 7.2342 19.7662 7.4468 9.2395 9.7912 26.8834 20.2733 4.6197 32.3399 60.3886 83.6824 97.559 73.3991 9.0561 634.4434 352.0098 352.0098 167.1275 32.8279 89.6114 52.1835 22.6802 150.1908 420.7306 44.7734 258.2326 261.3188 9.8947 153.7531 93.1388 217.3531 425.1132;
	3.1622 42.7278 93.3958 114.2526 14.282 12.8923 14.7341 18.382 26.8479 27.0107 49.9289 74.4841 112.1355 10.9428 17.967 6.769 8.3985 8.9 16.6568 22.8663 4.9114 30.0821 66.0004 83.3606 100.1602 74.1429 10.3425 479.7231 277.4742 277.4742 178.7725 32.4704 55.5226 58.8579 34.307 118.389 311.3623 38.853 194.876 268.2862 33.0217 143.0191 81.5029 221.7056 314.6057;
	2.6051 35.2006 92.153 114.0264 14.1439 13.5083 11.6131 18.2018 16.9837 25.5781 47.2808 70.5337 106.1881 15.0303 19.387 7.304 9.0623 9.6034 21.8407 22.4157 3.871 31.5193 55.0875 84.7412 100.4263 73.3251 10.0962 351.263 223.3208 223.3208 154.7851 28.656 72.8024 57.698 47.1219 95.2835 194.0665 37.4875 175.2813 268.999 12.444 149.8517 83.6691 227.558 196.088;
	3.1502 42.5659 94.6429 118.1253 13.9267 22.7594 10.8731 18.6803 10.0012 23.3232 43.1126 64.3156 96.8268 28.0267 20.3467 7.6655 9.5109 10.0787 32.6525 27.3343 3.6244 53.1052 56.9057 88.6615 104.2537 73.0766 8.459 284.8521 217.836 217.836 149.4793 25.8438 108.8417 70.3586 87.8675 92.9434 171.5304 36.7911 188.7741 279.2509 12.0908 252.4771 92.0621 227.2259 173.3172;
	2.6561 35.8891 94.1303 116.8627 13.3543 22.8046 12.4501 17.9516 12.8285 29.5236 54.574 81.4136 122.5677 40.7762 27.9818 10.542 13.0799 13.8607 41.1903 38.3552 4.15 53.2106 69.7417 87.9391 105.831 74.6524 11.4567 232.2762 223.311 223.311 102.1159 17.274 137.3009 98.7265 127.8388 95.2794 166.6213 24.2833 153.5883 283.476 10.8766 252.9785 95.8959 245.3477 168.3569;
	1.7714 23.9358 74.2023 112.6123 14.3357 18.1992 11.9146 18.1754 18.9815 30.7484 56.8379 84.791 127.6523 42.5857 28.9504 10.9069 13.5326 14.3405 54.4862 57.8404 3.9715 42.4648 74.3229 86.6933 104.6715 75.8743 12.6775 68.7918 168.7018 168.7018 90.7584 10.2732 181.6206 148.8814 133.5118 71.9794 95.8875 21.8983 160.9975 280.3702 9.224 201.8898 86.1678 226.7235 96.8864;
	2.7503 37.162 87.4703 104.2298 14.3415 23.4186 10.4853 18.2343 21.1341 30.3558 56.1122 83.7084 126.0225 47.2754 21.3237 8.0336 9.9676 10.5627 67.0806 55.4029 3.4951 54.6434 74.2564 88.6746 104.8574 74.5122 12.7206 81.9578 146.6486 146.6486 95.432 8.2047 223.6021 142.6072 148.2146 62.5701 95.0838 34.3802 128.8071 280.8681 17.579 259.7906 77.6665 245.1416 96.0742;
	1.9305 26.0848 83.7913 99.1137 11.5786 11.3326 9.5422 15.7866 24.4072 29.5148 54.5578 81.3894 122.5313 46.6203 0.0 0.0 0.0 0.0 72.2618 44.596 3.1807 26.4426 69.5707 82.0302 95.683 70.0818 12.1128 140.862 218.5811 218.5811 99.3034 9.5725 240.8727 114.7903 146.1609 93.2613 181.9494 21.1349 0.0 256.2939 0.0436 125.7158 73.8046 212.323 183.8448;
	1.6549 22.361 81.1793 98.5628 12.0209 21.6503 13.8877 16.8263 25.8802 29.3349 54.2251 80.8932 121.7843 51.1102 1.6655 0.6275 0.7785 0.825 67.1652 35.5361 4.6292 50.5173 69.3928 86.1683 93.1746 70.9516 12.0696 289.6635 279.8013 279.8013 144.9072 14.1604 223.8839 91.4701 160.2374 119.3819 259.0414 21.4922 154.1223 249.5748 8.683 240.1735 88.1688 186.4745 261.7397;
	1.7356 23.4513 84.5696 81.2085 11.1305 25.0142 18.3992 17.6562 24.2385 27.5132 50.8578 75.8698 114.2215 47.8695 5.8977 2.2219 2.7568 2.9214 81.1888 49.6406 6.1331 58.3665 69.1 85.1324 93.521 73.2741 12.5147 346.8388 345.2847 345.2847 255.7172 18.1226 270.6293 127.7749 150.0774 147.3215 293.7719 38.3099 159.5237 250.5026 7.1499 277.491 104.2102 182.1003 296.832;
	2.9319 39.6167 87.013 81.0885 13.431 27.7166 18.6393 16.0844 23.2707 25.5783 47.2811 70.534 106.1886 44.1685 24.645 9.2849 11.5201 12.2079 79.2786 54.2515 6.2131 64.6721 67.3351 84.4654 94.8739 71.2957 10.9967 521.6919 420.5157 420.5157 269.7292 21.3341 264.2621 139.6436 138.4743 179.42 500.616 48.9533 177.7438 254.1265 0.4104 307.4696 135.4234 208.2962 505.8308;
	3.583 48.4147 86.195 97.489 14.1029 27.5125 19.5542 16.5468 21.7358 23.6014 43.6267 65.0825 97.9814 51.0292 36.4201 13.721 17.0243 18.0406 84.9018 50.8302 6.5181 64.1959 47.4483 82.87 92.7506 73.0065 11.2796 679.0595 551.7662 551.7662 351.2064 26.4831 283.0061 130.8371 159.9836 235.4203 653.8504 72.7612 260.1614 248.4391 0.0102 305.2055 138.0149 237.7394 660.6613;
	3.7975 51.3132 90.9313 106.2834 14.2114 32.1762 24.0774 17.874 25.6394 22.7918 42.1304 62.8503 94.6207 61.5451 63.2422 23.8261 29.562 31.3269 81.6226 49.029 8.0258 75.0779 24.8646 89.0106 99.9222 74.687 12.9247 874.338 667.8626 667.8626 476.858 31.9004 272.0752 126.2007 192.9521 284.9547 895.76 103.2333 373.2151 267.6488 2.398 356.9416 155.8115 245.0378 905.0909;
	3.7184 50.2432 91.7471 109.9822 14.3028 32.0763 26.2992 17.7499 25.7966 19.2896 35.6566 53.1927 80.0812 60.7516 107.5961 40.5362 50.2949 53.2976 85.25 58.1884 8.7664 74.8447 42.4932 89.4167 101.1009 73.6686 13.5026 987.8222 730.3257 730.3257 673.6303 47.4287 284.1668 149.7771 190.4644 311.6056 1006.0245 160.8403 345.3079 270.806 1.5134 355.8329 159.222 256.2789 1016.504;
	3.6992 49.9845 91.707 110.2775 14.1981 32.4819 30.3305 17.8241 26.1366 19.6042 36.2381 54.0602 81.3873 63.8053 142.1008 53.5357 66.4239 70.3895 84.1927 69.2151 10.1102 75.7911 28.6675 89.1325 101.2133 75.3247 13.2651 962.8045 744.545 744.545 712.9989 81.4866 280.6422 178.1599 200.0382 317.6725 991.05 217.6933 399.4393 271.1071 0.0001 360.3327 199.0454 270.7368 1001.3734;
	3.793 51.2516 93.6416 112.8692 14.345 33.4249 29.4911 17.9956 27.3854 18.3279 33.8788 50.5405 76.0884 65.5954 172.6748 65.0542 80.7154 85.5343 88.3421 70.7823 9.8304 77.9915 34.8545 89.165 104.0784 74.2361 13.7973 1074.869 776.9074 776.9074 742.0037 97.5404 294.4737 182.1939 205.6505 331.4805 1106.218 244.3492 440.9335 278.7813 100.6775 370.7937 196.4546 264.6583 1117.7411;
	3.703 50.0363 90.8236 116.1255 13.9378 33.62 30.6439 12.2505 27.0264 19.4254 35.9076 53.5671 80.645 68.4085 168.8215 63.6025 78.9142 83.6255 84.7854 66.1462 10.2146 78.4467 41.0902 85.3107 102.7246 64.6748 12.8354 1166.3356 808.4149 808.4149 720.8222 104.0103 282.6181 170.2606 214.47 344.9237 1115.3079 251.5115 461.9148 275.1551 108.6313 372.9578 202.4842 267.2309 1126.9257;
