function windprofile = ex_wind_profilesh1
%EX_WIND_PROFILE_D  Example wind_load_nyiso profile data for deterministic unit commitment.
% 2022.03.12
% Andres F. Ramirez


%% define constants
[GEN_BUS, PG, QG, QMAX, QMIN, VG, MBASE, GEN_STATUS, PMAX, PMIN, ...
    MU_PMAX, MU_PMIN, MU_QMAX, MU_QMIN, PC1, PC2, QC1MIN, QC1MAX, ...
    QC2MIN, QC2MAX, RAMP_AGC, RAMP_10, RAMP_30, RAMP_Q, APF] = idx_gen;
[CT_LABEL, CT_PROB, CT_TABLE, CT_TBUS, CT_TGEN, CT_TBRCH, CT_TAREABUS, ...
    CT_TAREAGEN, CT_TAREABRCH, CT_ROW, CT_COL, CT_CHGTYPE, CT_REP, ...
    CT_REL, CT_ADD, CT_NEWVAL, CT_TLOAD, CT_TAREALOAD, CT_LOAD_ALL_PQ, ...
    CT_LOAD_FIX_PQ, CT_LOAD_DIS_PQ, CT_LOAD_ALL_P, CT_LOAD_FIX_P, ...
    CT_LOAD_DIS_P, CT_TGENCOST, CT_TAREAGENCOST, CT_MODCOST_F, ...
    CT_MODCOST_X] = idx_ct;

windprofile = struct( ...
    'type', 'mpcData', ...
    'table', CT_TGEN, ...
    'rows', [1:45], ...
    'col', PMAX, ...
    'chgtype', 1, ...
    'values', [] );
windprofile.values(:,1,:) = [
	3.4932 47.2014 88.6366 116.9326 14.7889 8.1675 15.3609 18.762 27.2769 25.9782 48.0203 71.6368 107.8488 5.6559 27.5509 10.3796 12.8784 13.6473 17.4728 28.3375 5.1203 19.0575 64.6933 87.0511 103.8091 75.1521 8.7934 649.728 401.0204 401.0204 212.3807 35.6745 58.2427 72.9408 17.7319 171.102 487.7826 51.5596 308.3135 278.0601 16.8688 90.6046 116.1964 220.925 492.8637;
	3.4455 46.5564 90.2393 116.7375 14.7726 14.8938 15.3117 18.4693 27.4474 25.6362 47.3882 70.6938 106.4291 6.6324 16.7009 6.2919 7.8067 8.2727 14.5098 16.0909 5.1039 34.7523 66.2416 88.9713 103.2344 76.2918 8.1582 605.3693 365.5289 365.5289 159.5515 30.3909 48.3661 41.418 20.7934 155.959 446.7668 46.6387 318.7707 276.5207 14.7891 165.2222 107.3444 215.59 451.4207;
	3.0291 40.9297 91.1993 116.5371 14.8322 12.296 13.3582 19.0657 27.4612 24.868 45.9682 68.5755 103.24 7.0276 17.4673 6.5807 8.1649 8.6524 22.6133 21.8096 4.4527 28.6907 68.1671 89.8383 104.4295 76.5895 9.7755 596.0989 340.5578 340.5578 139.1505 31.3077 75.3775 56.1381 22.0325 145.3047 390.3686 34.6427 241.1133 279.7219 39.8583 136.4037 79.3212 202.9141 394.4349;
	2.7015 36.5031 89.8 116.4723 14.6446 11.6165 12.5309 19.085 26.7746 25.2115 46.6031 69.5227 104.6661 10.375 17.468 6.581 8.1653 8.6527 23.9206 24.7378 4.177 27.1053 71.5336 89.8718 105.8258 76.5236 11.2702 513.9955 274.036 274.036 152.5047 24.3128 79.7352 63.6752 32.5272 116.922 315.4026 31.2945 199.7615 283.462 54.1955 128.8662 69.6191 192.7385 318.688;
	2.1262 28.7293 89.6977 118.5752 14.6398 13.6994 10.5377 19.0514 17.7346 23.712 43.8313 65.3877 98.4408 16.2723 21.0756 7.9401 9.8516 10.4398 22.9135 28.6192 3.5126 31.9652 63.4492 89.1761 105.256 76.4986 11.0942 386.4867 227.1177 227.1177 135.0526 21.1604 76.3783 73.6658 51.0157 96.9035 204.6592 28.582 192.16 281.9358 14.3938 151.9717 73.7698 206.8238 206.791;
	2.9534 39.9063 89.7833 117.7639 14.5947 20.5231 10.3877 18.964 10.0046 21.931 40.5391 60.4764 91.0469 31.7254 17.9136 6.7489 8.3736 8.8735 33.2527 26.9173 3.4626 47.8872 68.4153 89.2917 103.7476 76.2594 9.3209 327.259 211.5071 211.5071 123.0447 23.7929 110.8422 69.2852 99.4633 90.243 173.7003 28.6261 192.8487 277.8953 14.622 227.6693 80.8376 207.329 175.5097;
	2.5048 33.8449 91.8412 117.6482 14.4569 20.7161 11.302 17.9716 12.0742 28.5133 52.7065 78.6277 118.3736 43.4712 29.0209 10.9335 13.5656 14.3755 43.1635 39.4615 3.7673 48.3376 74.865 89.5584 103.4311 75.0295 11.7796 294.7795 235.6954 235.6954 105.3198 17.0533 143.8784 101.5741 136.2881 100.5634 192.666 22.9966 170.3618 277.0475 12.5314 229.811 85.3272 225.3359 194.6729;
	1.7197 23.2376 72.6095 115.0533 14.1739 14.6108 11.9523 18.7922 17.8878 29.5287 54.5833 81.4275 122.5887 46.1927 32.3945 12.2044 15.1425 16.0466 58.1458 58.8355 3.9841 34.0919 75.7808 88.5696 100.3458 75.1614 13.3166 176.234 191.8737 191.8737 99.9744 10.9963 193.8194 151.4428 144.8202 81.8661 127.4839 21.0558 210.0927 268.7833 10.9247 162.0826 83.3989 209.0938 128.8118;
	2.6802 36.2148 84.5443 106.561 14.2286 20.794 10.634 18.7049 20.3685 29.3095 54.1782 80.8232 121.6789 48.5004 25.3862 9.5641 11.8666 12.575 73.6695 55.7641 3.5447 48.5193 75.0283 87.5897 102.0753 73.0944 12.6723 156.7009 158.5936 158.5936 88.2868 5.4625 245.5651 143.5369 152.0552 67.6666 126.0052 17.5688 159.5873 273.4161 22.5973 230.6746 70.5484 249.2723 127.3177;
	1.8058 24.4004 81.7652 108.8961 12.6634 9.7772 9.6687 18.3636 25.4545 29.7685 55.0267 82.089 123.5845 45.8663 108.5187 40.8838 50.7262 53.7546 79.0718 50.8564 3.2229 22.8135 74.3537 84.6549 99.5138 71.5968 12.6707 249.7958 241.1676 241.1676 98.372 6.2023 263.5725 130.9045 143.7969 102.8982 222.6488 21.9283 176.4008 266.5548 20.3445 108.4619 63.9369 216.1279 224.9681;
	1.5664 21.1653 76.6695 105.6115 12.0698 22.7661 13.2045 17.9917 25.9275 29.1537 53.8903 80.3937 121.0322 51.9719 75.6045 28.4836 35.3407 37.4506 70.6985 38.2172 4.4015 53.1209 72.2774 86.7913 96.8027 72.2884 12.8963 389.6824 312.8475 312.8475 158.4628 11.1517 235.6617 98.3711 162.9388 133.4816 331.8503 27.2738 169.2212 259.2929 30.5365 252.5521 87.636 197.8715 335.307;
	1.4161 19.1352 79.539 89.7877 11.1291 27.7622 19.5819 18.1107 25.5743 29.4926 54.5166 81.328 122.4389 55.8511 196.1644 73.9038 91.6955 97.1698 86.6229 59.5716 6.5273 64.7784 71.5496 84.6704 97.8497 72.837 13.2086 502.5176 370.3007 370.3007 253.4347 12.9711 288.7431 153.3374 175.1008 157.9949 446.7185 39.0661 194.6087 262.0973 5.6167 307.9751 98.4711 187.8433 451.3719;
	2.8459 38.4542 85.8641 88.4512 13.7588 30.0867 21.1745 18.0813 26.7437 30.073 55.5894 82.9285 124.8484 57.9455 55.7453 21.0017 26.0577 27.6134 88.5804 68.774 7.0582 70.2024 74.126 86.8041 101.9377 71.7914 12.7268 640.0275 441.2838 441.2838 294.1146 19.3765 295.2679 177.0244 181.6669 188.2811 577.4393 52.3376 211.9731 273.0474 4.2342 333.7622 135.429 228.1437 583.4543;
	3.4176 46.1787 88.295 112.4106 14.7459 30.2668 21.8002 18.6956 26.3853 29.1615 53.9046 80.4151 121.0645 56.3915 83.2601 31.3678 38.9193 41.2428 90.8402 60.6482 7.2667 70.6226 68.609 89.3019 101.9981 75.9972 13.1014 799.2731 572.454 572.454 374.8435 28.689 302.8006 156.1087 176.7951 244.247 709.1446 76.283 274.0626 273.2092 43.3033 335.7601 136.3977 266.0787 716.5316;
	3.4027 45.9779 87.335 112.2377 14.153 30.4497 23.368 18.6759 26.5194 26.3476 48.7031 72.6555 109.3824 64.1037 112.7577 42.4808 52.7076 55.8544 89.4232 61.9597 7.7893 71.0494 48.1798 88.9254 103.3165 76.1972 13.4338 943.494 634.2557 634.2557 468.0695 34.4742 298.0775 159.4845 200.9738 270.6158 881.4581 103.2221 401.5702 276.7406 12.3897 337.7891 143.1478 259.4283 890.64;
	3.5934 48.5546 90.9045 113.4626 14.8487 32.3646 26.324 17.8808 27.8708 22.739 42.0326 62.7044 94.4012 67.6167 139.3659 52.5053 65.1455 69.0348 91.6581 69.2673 8.7747 75.5174 47.3677 87.3962 103.1778 74.4893 12.7321 1075.825 708.1177 708.1177 630.2427 44.7904 305.5271 178.2941 211.9876 302.1302 963.5721 155.4614 381.6035 276.3691 7.5668 359.0311 161.3664 267.787 973.6093;
	3.5988 48.6271 89.0451 112.8755 14.7699 32.3896 29.605 17.9461 28.332 20.7142 38.29 57.1211 85.9955 68.9025 161.7813 60.9502 75.6234 80.1382 88.7757 70.6522 9.8683 75.5757 32.2947 87.6277 100.1275 72.9922 12.7775 1053.0677 745.0609 745.0609 700.4446 73.6903 295.919 181.859 216.0188 317.8926 989.5461 207.4026 421.0872 268.1988 2.792 359.3086 192.433 274.4914 999.8538;
	3.5867 48.4642 93.8665 115.2578 14.6907 33.891 28.0739 18.6381 27.981 19.835 36.6647 54.6966 82.3454 65.6619 183.7414 69.2235 85.8884 91.0161 90.5044 72.9402 9.358 79.0789 39.0227 89.9178 104.304 73.9191 13.7058 1154.0145 744.8431 744.8431 709.9636 92.2633 301.6815 187.7481 205.859 317.7997 1037.9659 235.2948 442.2087 279.3857 113.9194 375.9639 197.3298 268.1215 1048.7781;
