function solarprofile = ex_solar_profilesh1
%EX_WIND_PROFILE_D  Example wind_load_nyiso profile data for deterministic unit commitment.
% 2022.03.12
% Andres F. Ramirez


%% define constants
[GEN_BUS, PG, QG, QMAX, QMIN, VG, MBASE, GEN_STATUS, PMAX, PMIN, ...
    MU_PMAX, MU_PMIN, MU_QMAX, MU_QMIN, PC1, PC2, QC1MIN, QC1MAX, ...
    QC2MIN, QC2MAX, RAMP_AGC, RAMP_10, RAMP_30, RAMP_Q, APF] = idx_gen;
[CT_LABEL, CT_PROB, CT_TABLE, CT_TBUS, CT_TGEN, CT_TBRCH, CT_TAREABUS, ...
    CT_TAREAGEN, CT_TAREABRCH, CT_ROW, CT_COL, CT_CHGTYPE, CT_REP, ...
    CT_REL, CT_ADD, CT_NEWVAL, CT_TLOAD, CT_TAREALOAD, CT_LOAD_ALL_PQ, ...
    CT_LOAD_FIX_PQ, CT_LOAD_DIS_PQ, CT_LOAD_ALL_P, CT_LOAD_FIX_P, ...
    CT_LOAD_DIS_P, CT_TGENCOST, CT_TAREAGENCOST, CT_MODCOST_F, ...
    CT_MODCOST_X] = idx_ct;

solarprofile = struct( ...
    'type', 'mpcData', ...
    'table', CT_TGEN, ...
    'rows', [1:12], ...
    'col', PMAX, ...
    'chgtype', 1, ...
    'values', [] );
solarprofile.values(:,1,:) = [
	0.0 0.0 0.0 0.0 0.0 0.0 0.0 0.0 0.0 0.0 0.0 0.0;
	0.0 0.0 0.0 0.0 0.0 0.0 0.0 0.0 0.0 0.0 0.0 0.0;
	0.0 0.0 0.0 0.0 0.0 0.0 0.0 0.0 0.0 0.0 0.0 0.0;
	0.0 0.0 0.0 0.0 0.0 0.0 0.0 0.0 0.0 0.0 0.0 0.0;
	0.0 0.0 0.0 0.0 0.0 0.0 0.0 0.0 0.0 0.0 0.0 0.0;
	0.1056 0.1055 0.1151 0.0 0.0 0.1251 0.0156 0.191 0.0 0.0 0.0 0.0;
	2.3546 1.5782 1.2434 3.7785 5.228 71.3692 8.9212 42.8053 82.9523 5.1963 6.5087 9.4105;
	2.5359 2.5122 1.1107 6.7564 11.5287 90.8252 11.3531 54.1491 92.8442 49.0584 26.9171 88.8451;
	4.591 4.2372 1.5844 9.4905 12.3985 104.998 13.1247 53.4001 107.8639 139.745 72.5332 253.079;
	21.7544 15.586 12.035 10.6474 11.0357 379.1104 47.3888 67.39 262.3833 109.28 74.2028 197.9067;
	23.732 16.0537 13.2545 11.0054 10.3724 362.6008 45.3251 65.6866 257.484 63.145 30.7084 114.3559;
	23.8228 16.0751 13.2624 10.9674 10.1019 347.6331 43.4541 65.6291 249.3503 49.0994 32.358 88.9194;
	24.823 16.5824 13.793 5.3867 4.3394 342.7137 42.8392 68.4836 241.7922 147.8502 154.8959 267.7577;
	22.0169 15.937 13.6453 4.6438 3.4819 356.9432 44.6179 68.2727 242.8471 210.6173 163.4348 381.4292;
	16.3265 11.9706 10.5799 2.9067 2.6191 334.7273 41.8409 65.1352 226.4924 174.2346 180.561 315.5399;
	6.1041 5.7616 3.6301 1.1425 1.7602 81.8556 10.2319 24.3267 46.7218 34.9797 37.0008 63.3485;
	0.9075 0.8106 0.5591 0.6776 1.3908 32.2328 4.0291 7.2405 20.2353 11.6765 9.6085 21.1462;
	0.0 0.0 0.0 0.0 0.0 0.0 0.0 0.0 0.0 0.0 0.0 0.0;
	0.0 0.0 0.0 0.0 0.0 0.0 0.0 0.0 0.0 0.0 0.0 0.0;
	0.0 0.0 0.0 0.0 0.0 0.0 0.0 0.0 0.0 0.0 0.0 0.0;
	0.0 0.0 0.0 0.0 0.0 0.0 0.0 0.0 0.0 0.0 0.0 0.0;
	0.0 0.0 0.0 0.0 0.0 0.0 0.0 0.0 0.0 0.0 0.0 0.0;
	0.0 0.0 0.0 0.0 0.0 0.0 0.0 0.0 0.0 0.0 0.0 0.0;
	0.0 0.0 0.0 0.0 0.0 0.0 0.0 0.0 0.0 0.0 0.0 0.0;
];
