function solarprofile = ex_solar_profilesh1
%EX_WIND_PROFILE_D  Example wind_load_nyiso profile data for deterministic unit commitment.
% 2022.03.12
% Andres F. Ramirez


%% define constants
[GEN_BUS, PG, QG, QMAX, QMIN, VG, MBASE, GEN_STATUS, PMAX, PMIN, ...
    MU_PMAX, MU_PMIN, MU_QMAX, MU_QMIN, PC1, PC2, QC1MIN, QC1MAX, ...
    QC2MIN, QC2MAX, RAMP_AGC, RAMP_10, RAMP_30, RAMP_Q, APF] = idx_gen;
[CT_LABEL, CT_PROB, CT_TABLE, CT_TBUS, CT_TGEN, CT_TBRCH, CT_TAREABUS, ...
    CT_TAREAGEN, CT_TAREABRCH, CT_ROW, CT_COL, CT_CHGTYPE, CT_REP, ...
    CT_REL, CT_ADD, CT_NEWVAL, CT_TLOAD, CT_TAREALOAD, CT_LOAD_ALL_PQ, ...
    CT_LOAD_FIX_PQ, CT_LOAD_DIS_PQ, CT_LOAD_ALL_P, CT_LOAD_FIX_P, ...
    CT_LOAD_DIS_P, CT_TGENCOST, CT_TAREAGENCOST, CT_MODCOST_F, ...
    CT_MODCOST_X] = idx_ct;

solarprofile = struct( ...
    'type', 'mpcData', ...
    'table', CT_TGEN, ...
    'rows', [1:12], ...
    'col', PMAX, ...
    'chgtype', 1, ...
    'values', [] );
solarprofile.values(:,1,:) = [
	0.0 0.0 0.0 0.0 0.0 0.0 0.0 0.0 0.0 0.0 0.0 0.0;
	0.0 0.0 0.0 0.0 0.0 0.0 0.0 0.0 0.0 0.0 0.0 0.0;
	0.0 0.0 0.0 0.0 0.0 0.0 0.0 0.0 0.0 0.0 0.0 0.0;
	0.0 0.0 0.0 0.0 0.0 0.0 0.0 0.0 0.0 0.0 0.0 0.0;
	0.0 0.0 0.0 0.0 0.0 0.0 0.0 0.0 0.0 0.0 0.0 0.0;
	0.1096 0.1163 0.1334 0.0 0.0 0.1251 0.0156 0.1784 0.0 0.0 0.0 0.0;
	3.4708 2.7171 1.8121 1.1043 1.1413 46.7088 5.8386 13.7437 17.7564 36.7527 14.9628 66.5594;
	5.7049 3.8766 2.8634 5.8488 10.7575 116.3459 14.5432 12.1388 25.9773 222.3636 99.89 402.7018;
	7.6082 5.7894 3.625 9.819 13.08 164.8642 20.608 13.1136 52.7795 333.6548 169.1636 604.2508;
	17.6176 15.8066 11.0834 11.3298 13.877 407.142 50.8928 60.2196 248.4806 347.3745 176.983 629.0974;
	21.6016 16.0612 13.2545 11.2213 13.3261 403.1476 50.3934 59.8307 252.4698 347.5244 201.9656 629.3689;
	22.0001 16.1093 13.2624 11.2056 12.8086 406.8568 50.8571 59.8625 254.3558 344.1858 210.9401 623.3225;
	19.2188 16.5824 13.6845 4.314 7.3683 412.9647 51.6206 63.5861 253.6562 337.7026 167.4064 611.5814;
	13.5924 15.7456 10.3332 2.7458 6.152 410.7073 51.3384 65.2866 252.3596 329.4551 140.337 596.6451;
	8.4702 11.4986 5.4649 1.1089 4.2855 383.5232 47.9404 64.6496 237.6416 324.9792 109.341 588.5392;
	6.3333 6.4857 3.5696 0.0991 1.2988 121.305 15.1631 30.9673 70.7749 195.8931 27.0795 354.7636;
	1.3364 1.1157 0.8617 0.6332 1.2981 39.3005 4.9126 7.2883 24.8359 36.6788 11.1458 66.4256;
	0.0 0.0 0.0 0.0 0.0 0.0 0.0 0.0 0.0 0.0 0.0 0.0;
	0.0 0.0 0.0 0.0 0.0 0.0 0.0 0.0 0.0 0.0 0.0 0.0;
	0.0 0.0 0.0 0.0 0.0 0.0 0.0 0.0 0.0 0.0 0.0 0.0;
	0.0 0.0 0.0 0.0 0.0 0.0 0.0 0.0 0.0 0.0 0.0 0.0;
	0.0 0.0 0.0 0.0 0.0 0.0 0.0 0.0 0.0 0.0 0.0 0.0;
	0.0 0.0 0.0 0.0 0.0 0.0 0.0 0.0 0.0 0.0 0.0 0.0;
	0.0 0.0 0.0 0.0 0.0 0.0 0.0 0.0 0.0 0.0 0.0 0.0;
];
