function loadprofile = ex_load_profilesh1
%EX_LOAD_PROFILE  Example load profile data file for stochastic unit commitment.
% 2022.03.12
% Andres F. Ramirez

%% define constants
[CT_LABEL, CT_PROB, CT_TABLE, CT_TBUS, CT_TGEN, CT_TBRCH, CT_TAREABUS, ...
    CT_TAREAGEN, CT_TAREABRCH, CT_ROW, CT_COL, CT_CHGTYPE, CT_REP, ...
    CT_REL, CT_ADD, CT_NEWVAL, CT_TLOAD, CT_TAREALOAD, CT_LOAD_ALL_PQ, ...
    CT_LOAD_FIX_PQ, CT_LOAD_DIS_PQ, CT_LOAD_ALL_P, CT_LOAD_FIX_P, ...
    CT_LOAD_DIS_P, CT_TGENCOST, CT_TAREAGENCOST, CT_MODCOST_F, ...
    CT_MODCOST_X] = idx_ct;

loadprofile = struct( ...
    'type', 'mpcData', ...
    'table', CT_TAREALOAD, ...
    'rows', [1:11], ...
    'col', CT_LOAD_ALL_P, ...
    'chgtype', 1, ...
    'values', [] );
loadprofile.values(:,1,:) = [
	1537.2571 901.1327 1495.9472 559.8 719.3408 1123.661 858.5 248.1172 513.5122 4514.0511 1820.1634;
	1518.7673 890.3 1489.9387 547.0837 732.468 1108.8246 833.633 235.8408 486.2609 4412.0506 1713.187;
	1547.1 917.8339 1538.2 556.0535 775.6674 1145.3529 848.24 240.0 494.1812 4442.3572 1736.6;
	1612.677 985.2617 1639.3692 569.9963 821.6 1213.9063 904.6922 262.8912 536.0 4707.5326 1845.4;
	1775.7181 1113.8326 1822.9564 593.246 932.6 1373.8 1012.0079 315.9415 602.4 5219.2055 2102.9937;
	1887.1345 1189.75 1878.0332 586.7084 970.3093 1423.6367 1083.1244 338.3 676.9095 5816.0502 2232.9994;
	1929.58 1206.508 1863.6525 580.9512 960.6884 1418.2675 1101.7057 344.9687 692.9789 6136.7421 2314.8947;
	1927.9796 1195.0328 1926.2 568.5821 1008.3437 1423.1902 1150.0452 355.2127 692.5776 6497.6193 2382.9223;
	1965.9906 1164.8943 1903.6004 568.4937 1003.5471 1432.184 1186.5184 344.1 691.9223 6570.01 2391.4597;
	1953.8082 1180.0839 1870.0002 553.9 956.5709 1379.1326 1153.7163 339.1821 673.5012 6431.9904 2304.3358;
	1957.8041 1157.2 1807.9295 541.0 932.5337 1324.1765 1144.1481 341.0 663.8261 6447.5261 2287.8815;
	1997.6163 1154.1 1845.5873 534.0691 918.7635 1314.6812 1098.6704 348.576 647.6691 6452.52 2234.7611;
	1988.6256 1133.0526 1806.6626 532.3177 886.2951 1274.7 1087.8549 356.2416 647.5032 6377.5825 2207.8415;
	1935.3611 1117.9005 1753.4748 530.963 866.2295 1292.9726 1051.8018 363.8367 644.5729 6279.7 2227.1;
	1951.6021 1121.3388 1751.7115 532.3 889.4 1347.3041 1086.2934 361.4474 623.4264 6341.7632 2317.55;
	1942.1375 1130.6153 1761.863 529.2447 906.204 1363.455 1113.7996 354.4106 646.4 6345.8 2490.725;
	1849.1097 1069.9838 1712.9363 529.1372 896.0037 1375.3976 1124.5147 357.4307 659.4081 6121.3566 2563.1474;
	1910.07 1137.0773 1835.089 521.3593 949.799 1412.7009 1185.4718 368.3342 697.8018 6158.0685 2625.1131;
	1934.6795 1150.5721 1793.2842 528.6781 932.4332 1393.1422 1148.3 363.0729 670.6472 6003.4 2445.7642;
	1860.5904 1105.4 1755.327 530.7926 892.4681 1321.9 1091.4128 334.4739 652.3482 5846.5902 2341.0264;
	1785.9895 1034.775 1646.8721 508.7753 821.0642 1244.2 1033.9496 315.4456 616.5939 5660.8183 2194.3144;
	1675.9126 952.342 1544.6754 505.9057 747.4604 1150.5532 929.3978 276.0142 561.434 5195.3929 1921.8606;
	1615.3619 874.3106 1493.9432 507.4881 708.6172 1077.984 881.7618 250.5731 514.2306 4818.8794 1804.5;
	1576.8688 869.269 1487.7847 497.4195 710.7246 1076.0698 864.2008 251.4567 483.7539 4522.955 1747.973;
];
