function windprofile = ex_wind_profilesh1
%EX_WIND_PROFILE_D  Example wind_load_nyiso profile data for deterministic unit commitment.
% 2022.03.12
% Andres F. Ramirez


%% define constants
[GEN_BUS, PG, QG, QMAX, QMIN, VG, MBASE, GEN_STATUS, PMAX, PMIN, ...
    MU_PMAX, MU_PMIN, MU_QMAX, MU_QMIN, PC1, PC2, QC1MIN, QC1MAX, ...
    QC2MIN, QC2MAX, RAMP_AGC, RAMP_10, RAMP_30, RAMP_Q, APF] = idx_gen;
[CT_LABEL, CT_PROB, CT_TABLE, CT_TBUS, CT_TGEN, CT_TBRCH, CT_TAREABUS, ...
    CT_TAREAGEN, CT_TAREABRCH, CT_ROW, CT_COL, CT_CHGTYPE, CT_REP, ...
    CT_REL, CT_ADD, CT_NEWVAL, CT_TLOAD, CT_TAREALOAD, CT_LOAD_ALL_PQ, ...
    CT_LOAD_FIX_PQ, CT_LOAD_DIS_PQ, CT_LOAD_ALL_P, CT_LOAD_FIX_P, ...
    CT_LOAD_DIS_P, CT_TGENCOST, CT_TAREAGENCOST, CT_MODCOST_F, ...
    CT_MODCOST_X] = idx_ct;

windprofile = struct( ...
    'type', 'mpcData', ...
    'table', CT_TGEN, ...
    'rows', [1:45], ...
    'col', PMAX, ...
    'chgtype', 1, ...
    'values', [] );
windprofile.values(:,1,:) = [
	3.3329 45.035 90.4206 118.1559 14.4236 14.5496 15.3822 18.0723 27.8643 21.1621 39.1177 58.356 87.8546 4.12 20.0352 7.5482 9.3653 9.9244 8.4234 30.8421 5.1274 33.949 59.0276 86.5081 102.394 69.7411 7.8926 689.0775 380.3242 380.3242 199.2569 36.3542 28.0778 79.3877 12.9168 162.2717 488.0826 48.5333 303.5355 274.2696 7.2586 161.4031 114.4309 222.5991 493.1668;
	3.431 46.3608 87.5135 113.5245 14.3948 15.6558 13.836 18.0885 26.9097 21.0751 38.957 58.1163 87.4937 6.2825 14.9817 5.6443 7.0031 7.4212 10.4955 17.8519 4.612 36.5301 62.5822 86.8091 103.1771 70.656 7.6303 665.7231 371.4954 371.4954 175.4214 32.8861 34.9848 45.9508 19.6964 158.5047 469.2334 49.1875 307.0758 276.3672 6.1294 173.6746 112.3638 212.9731 474.1212;
	2.9729 40.171 86.2133 109.9443 14.0555 11.4059 11.6174 17.5914 26.7204 16.4542 30.4154 45.3738 68.31 6.0625 12.0426 4.537 5.6292 5.9653 18.0832 22.8815 3.8725 26.6139 62.2312 84.0304 97.559 70.7216 8.758 544.563 323.6708 323.6708 139.0841 33.0652 60.2772 58.897 19.0067 138.0995 352.0227 29.6491 222.2196 261.3187 4.3674 126.5299 84.3274 185.4422 355.6896;
	2.7549 37.2252 86.8293 103.2829 14.2564 12.0229 10.284 16.9977 26.2988 21.4494 39.6489 59.1484 89.0476 8.5381 12.7923 4.8194 5.9797 6.3367 11.2884 25.4388 3.428 28.0535 68.7866 83.1825 100.606 74.4473 9.7121 451.8247 245.3862 245.3862 145.1888 28.5433 37.6281 65.4795 26.7681 104.6981 239.9135 25.7481 165.4768 269.4804 0.0305 133.3743 76.5767 198.3294 242.4125;
	2.1647 29.2504 85.4353 101.4306 13.9923 13.1873 9.2623 16.1852 16.7466 22.1546 40.9524 61.093 91.9752 13.9643 16.6332 6.2665 7.775 8.2392 19.4122 29.3975 3.0874 30.7703 61.0412 82.2151 96.9667 72.7279 9.2304 353.0295 203.6171 203.6171 146.1171 26.3578 64.7073 75.6691 43.78 86.8766 154.4417 30.7551 163.7937 259.7323 4.7255 146.2908 82.9778 190.7628 156.0504;
	2.6509 35.8201 83.0592 98.3483 13.9319 19.2516 9.3156 15.7963 1.6975 20.141 37.2304 55.5405 83.6159 23.2059 15.93 6.0015 7.4463 7.8909 33.3761 30.8264 3.1052 44.9205 65.8026 81.6652 97.0424 70.0986 7.0934 280.3201 184.4979 184.4979 130.8746 24.9354 111.2537 79.3473 72.7537 78.7191 127.3155 27.0419 159.392 259.9351 8.0775 213.565 84.4603 162.8865 128.6417;
	2.2787 30.7903 85.0874 107.6625 13.9879 21.9843 11.2154 15.0973 11.3984 27.6386 51.0896 76.2156 114.7422 33.9836 23.3848 8.8101 10.931 11.5836 35.8789 40.0059 3.7385 51.2967 71.5994 84.3212 100.1231 70.7579 10.5955 218.9113 204.7828 204.7828 109.017 16.9532 119.5964 102.9753 106.5432 87.374 134.2798 17.1426 160.7625 268.1868 11.4664 243.8789 94.7849 218.384 135.6786;
	1.5914 21.5032 68.856 110.8954 14.5599 19.0841 11.2737 17.1611 17.9776 28.4639 52.6151 78.4913 118.1683 18.2275 21.5356 8.1134 10.0666 10.6676 39.0841 58.8319 3.7579 44.5296 75.1126 88.3756 102.7475 73.6426 12.1448 110.502 154.044 154.044 88.9362 9.0704 130.2802 151.4335 57.1455 65.7254 86.1779 11.1251 168.2923 275.2165 8.3004 211.7064 89.7343 207.736 87.0756;
	2.5774 34.8267 85.8118 105.7956 14.7684 24.8046 9.773 17.6373 19.5887 28.8981 53.4178 79.6888 119.9711 25.3207 17.6886 6.6641 8.2684 8.762 58.4117 58.3078 3.2577 57.8773 74.4557 89.11 102.0638 73.1945 12.4512 130.7527 136.5848 136.5848 92.0764 7.6984 194.7057 150.0845 79.3838 58.2762 104.8301 15.7835 125.6682 273.3851 19.5215 275.1652 86.2741 236.1408 105.9221;
	2.1563 29.1357 85.4777 109.6568 14.1048 15.0907 9.6209 17.9458 25.3421 29.0517 53.7016 80.1123 120.6086 34.9931 14.9352 5.6267 6.9813 7.3981 70.6838 52.1974 3.207 35.2115 73.0357 86.2559 103.4018 72.1175 12.6149 268.0146 234.7335 234.7335 114.4447 9.4305 235.6128 134.3562 109.7081 100.153 232.3895 22.9299 55.4758 276.9691 22.9001 167.4056 88.0211 213.0941 234.8102;
	1.9598 26.4806 82.6616 110.0067 13.9225 28.5109 13.5092 18.2796 26.645 29.3514 54.2557 80.9388 121.8529 42.3923 141.1237 53.1675 65.9671 69.9055 68.7751 42.7116 4.5031 66.5254 73.0265 87.939 99.5637 74.6441 13.0338 396.6348 308.554 308.554 167.2434 14.1749 229.2502 109.9399 132.9056 131.6497 339.7063 24.7114 181.7827 266.6885 38.2599 316.2807 110.8714 191.4465 343.2449;
	1.8153 24.5292 85.762 96.3304 13.4053 31.5104 19.5437 17.9346 26.4645 28.6841 53.022 79.0985 119.0823 50.0307 108.1504 40.745 50.554 53.5722 83.6152 55.813 6.5146 73.5243 73.2796 84.0059 98.7967 70.8002 12.8644 476.0077 366.604 366.604 290.305 16.7246 278.7172 143.6629 156.8531 156.4177 432.7361 41.1175 200.2617 264.6339 83.0138 349.5554 121.3121 186.9876 437.2438;
	2.9471 39.8213 89.2695 90.0891 14.4927 31.9361 21.62 16.2791 27.2283 29.1804 53.9395 80.4671 121.1428 50.3767 47.8168 18.0147 22.3516 23.686 85.8087 64.0682 7.2067 74.5177 70.8522 82.9202 96.6802 69.4192 11.288 614.5369 443.5411 443.5411 316.2765 21.3617 286.0292 164.9116 157.9377 189.2442 589.1602 54.2116 226.4576 258.9647 9.0015 354.2784 150.3967 214.251 595.2973;
	3.6519 49.3447 91.533 112.0538 15.2367 32.0871 22.9919 17.4118 26.9998 30.2228 55.8664 83.3417 125.4705 53.6937 71.1292 26.7975 33.2487 35.2337 89.1831 60.0881 7.664 74.8698 69.6879 87.7105 101.5242 72.2228 11.8801 823.072 591.631 591.631 430.2704 28.5493 297.277 154.6669 168.3371 252.4292 741.878 83.6793 296.5156 271.9397 16.5836 355.9527 149.7728 249.2725 749.6059;
	3.7492 50.6604 92.1267 112.5293 15.1677 33.9246 26.6538 17.7591 27.0651 26.0369 48.1288 71.7987 108.0926 56.3105 101.1457 38.1061 47.2798 50.1024 84.2012 58.1909 8.8846 79.1574 44.6236 88.7975 102.2778 72.7646 12.5052 961.2318 645.6117 645.6117 507.9286 33.2565 280.6705 149.7835 176.541 275.461 914.755 115.5665 419.4171 273.9585 18.2883 376.3369 164.6419 255.3496 924.2837;
	3.7331 50.4419 94.133 115.5198 15.3681 33.7291 29.6864 17.9377 27.9072 22.7547 42.0617 62.7478 94.4665 61.2661 131.6771 49.6086 61.5514 65.2261 89.1461 66.3975 9.8955 78.7012 45.0057 88.3754 104.7721 72.9265 12.5946 1086.796 729.2556 729.2556 685.6607 45.776 297.1536 170.9073 192.0776 311.1491 1027.5994 165.7517 391.0809 280.6395 34.0029 374.1679 181.8644 260.3232 1038.3035;
	3.7356 50.4766 91.9775 115.4407 15.1976 32.9242 31.4356 18.0112 28.3092 21.4769 39.6997 59.2241 89.1615 62.836 180.8096 68.119 84.518 89.5638 91.1331 70.8122 10.4785 76.8231 33.5321 87.4121 102.6799 73.959 12.3105 1028.2012 784.3384 784.3384 778.4472 77.829 303.7768 182.2707 196.9995 334.6511 1037.1879 220.3775 427.6267 275.0355 4.0513 365.2391 207.6166 271.3563 1047.992;
	3.7379 50.5067 93.526 115.6108 15.1324 32.8252 29.1729 18.426 27.6235 18.9451 35.0198 52.2426 78.651 58.0913 190.2405 71.672 88.9264 94.2354 87.075 69.4698 9.7243 76.592 35.7448 84.941 102.2124 71.7084 13.4096 1095.5386 775.163 775.163 756.2448 96.2588 290.2501 178.8155 182.124 330.7362 1078.792 239.0621 435.6052 273.7832 108.7466 364.1403 198.9057 255.9829 1090.0295;
	3.6948 49.9243 91.9595 118.016 14.9802 32.0141 30.3373 13.4336 26.5156 20.1075 37.1683 55.4478 83.4764 58.2035 197.6894 74.4783 92.4083 97.9252 90.145 68.4974 10.1124 74.6996 46.7348 86.3265 103.0083 63.7549 13.2118 1172.3059 800.9265 800.9265 732.8916 105.2258 300.4832 176.3126 182.4758 341.7286 1088.7503 236.412 430.3833 275.9151 116.5142 355.1433 201.2459 263.0639 1100.0915;
