function loadprofile = ex_load_profilesh1
%EX_LOAD_PROFILE  Example load profile data file for stochastic unit commitment.
% 2022.03.12
% Andres F. Ramirez

%% define constants
[CT_LABEL, CT_PROB, CT_TABLE, CT_TBUS, CT_TGEN, CT_TBRCH, CT_TAREABUS, ...
    CT_TAREAGEN, CT_TAREABRCH, CT_ROW, CT_COL, CT_CHGTYPE, CT_REP, ...
    CT_REL, CT_ADD, CT_NEWVAL, CT_TLOAD, CT_TAREALOAD, CT_LOAD_ALL_PQ, ...
    CT_LOAD_FIX_PQ, CT_LOAD_DIS_PQ, CT_LOAD_ALL_P, CT_LOAD_FIX_P, ...
    CT_LOAD_DIS_P, CT_TGENCOST, CT_TAREAGENCOST, CT_MODCOST_F, ...
    CT_MODCOST_X] = idx_ct;

loadprofile = struct( ...
    'type', 'mpcData', ...
    'table', CT_TAREALOAD, ...
    'rows', [1:11], ...
    'col', CT_LOAD_ALL_P, ...
    'chgtype', 1, ...
    'values', [] );
loadprofile.values(:,1,:) = [
	1380.6868 908.9715 1541.9 599.8894 747.8516 1172.6176 949.0644 260.907 523.2 4732.637 1873.1758;
	1370.0394 901.6602 1517.0162 603.2107 736.7773 1155.7191 910.2082 249.8 499.7155 4542.6026 1783.2751;
	1396.6145 923.1831 1573.3571 602.0299 781.2 1182.6456 943.3626 273.0959 523.4 4815.7229 1926.1456;
	1468.8197 976.4123 1667.7808 612.5277 828.4658 1246.4377 958.2905 289.5 548.2 4969.0172 1927.0526;
	1664.4518 1117.6647 1912.3435 622.8874 960.2322 1426.2651 1075.6405 349.7 629.4276 5592.5072 2228.5513;
	1792.328 1233.8807 2055.5702 644.3058 1061.2033 1520.75 1155.2545 376.5778 700.386 6125.5513 2354.6022;
	1815.9639 1234.5462 2036.3904 631.2172 1044.6609 1501.0398 1137.7 359.1146 709.2 6443.2986 2337.7235;
	1820.2595 1207.3311 1995.4281 609.8 998.9 1438.3184 1125.7 346.7305 712.6 6445.9747 2288.3563;
	1832.0305 1214.2151 1939.8814 613.4 1010.3088 1457.2905 1147.876 346.7868 746.1211 6700.4778 2412.2821;
	1842.6719 1210.878 1948.8804 603.4173 969.1968 1428.4766 1143.1753 338.1 742.7778 6740.1421 2365.5205;
	1821.8397 1189.6446 1933.121 584.9094 973.2083 1404.2044 1127.5836 340.9562 738.7133 6799.1105 2446.434;
	1823.476 1185.8037 1938.5482 579.7 958.0499 1379.2564 1141.645 348.4862 756.2276 6910.1992 2467.6743;
	1765.4035 1152.9 1848.602 577.4547 918.0303 1346.4507 1124.3842 344.403 811.0188 6832.7109 2486.1244;
	1703.4776 1170.5 1856.4393 589.7889 914.2929 1351.1659 1147.2722 380.6021 803.8279 6746.1118 2528.3235;
	1681.7314 1155.8152 1845.4092 580.3477 894.4563 1381.5125 1160.462 352.7 785.8956 6915.4505 2337.2618;
	1700.4666 1167.0712 1876.3717 599.2149 914.5386 1440.1431 1175.0463 355.4959 748.9672 6762.5915 2388.4725;
	1672.9263 1145.9072 1832.1 601.3887 911.4 1450.1127 1180.5623 364.7421 759.6668 6648.6552 2497.5684;
	1737.4993 1188.9573 1901.2859 602.3428 947.5354 1498.1918 1221.0119 376.802 784.1 6565.1263 2557.3103;
	1746.9 1202.1633 1887.6704 612.3641 930.4741 1468.8101 1264.0498 360.3119 799.9791 6679.4151 2698.9377;
	1667.367 1139.4008 1797.3503 607.2826 874.4839 1396.0682 1190.5762 345.9 741.6484 6468.7186 2603.078;
	1617.3 1045.0 1678.5439 585.0799 820.7505 1281.6549 1070.227 301.3853 644.7694 5906.5254 2287.2672;
	1562.7755 995.6525 1575.5609 574.2366 778.6277 1204.9993 1002.9251 283.9819 598.1 5435.6819 2095.274;
	1484.1001 906.291 1512.9415 555.2564 711.3583 1106.3379 863.6231 246.5512 531.1473 4761.5771 1804.5;
	1463.9 890.5 1454.5925 557.7442 722.2 1056.1301 830.188 237.0355 506.2024 4548.4533 1712.0847;
];
