function loadprofile = ex_load_profilesh1
%EX_LOAD_PROFILE  Example load profile data file for stochastic unit commitment.
% 2022.03.12
% Andres F. Ramirez

%% define constants
[CT_LABEL, CT_PROB, CT_TABLE, CT_TBUS, CT_TGEN, CT_TBRCH, CT_TAREABUS, ...
    CT_TAREAGEN, CT_TAREABRCH, CT_ROW, CT_COL, CT_CHGTYPE, CT_REP, ...
    CT_REL, CT_ADD, CT_NEWVAL, CT_TLOAD, CT_TAREALOAD, CT_LOAD_ALL_PQ, ...
    CT_LOAD_FIX_PQ, CT_LOAD_DIS_PQ, CT_LOAD_ALL_P, CT_LOAD_FIX_P, ...
    CT_LOAD_DIS_P, CT_TGENCOST, CT_TAREAGENCOST, CT_MODCOST_F, ...
    CT_MODCOST_X] = idx_ct;

loadprofile = struct( ...
    'type', 'mpcData', ...
    'table', CT_TAREALOAD, ...
    'rows', [1:11], ...
    'col', CT_LOAD_ALL_P, ...
    'chgtype', 1, ...
    'values', [] );
loadprofile.values(:,1,:) = [
	1474.7734 920.1865 1580.0208 547.2308 828.3086 1104.8 835.2532 170.3234 521.8611 4430.2411 1721.94;
	1521.5242 929.3 1585.2622 561.3712 846.8849 1126.4 849.2 186.4347 533.2419 4397.5976 1736.3758;
	1541.0442 939.9332 1611.1 542.0013 845.8 1153.8 848.2851 211.36 525.0665 4441.2979 1746.7742;
	1631.0127 1019.0976 1695.5 562.4215 888.9011 1240.0538 904.0848 226.9818 563.9444 4676.0778 1856.4425;
	1797.8219 1149.0 1941.959 586.7983 1025.1625 1407.0647 1016.2641 285.2952 632.6 5208.069 2104.3585;
	1897.4871 1224.1 2041.837 587.7039 1058.1285 1453.7361 1069.0 293.2203 685.5 5673.8359 2222.9118;
	1887.8214 1210.2352 2010.8279 587.3973 1058.3126 1440.7517 1087.6443 303.1568 682.4 5852.0362 2158.6959;
	1842.4539 1177.1448 1990.3612 577.1225 1023.7962 1432.2 1097.2149 321.6 696.7444 5891.1603 2123.3603;
	1835.6321 1180.535 1995.8956 556.1769 1007.8732 1400.188 1071.4221 311.6602 690.3631 6055.1331 2086.0637;
	1840.968 1195.6825 2015.6319 553.3 990.3 1467.6079 1095.7781 320.3276 693.734 6165.0988 2071.2881;
	1794.1296 1185.0 2007.3762 556.4864 969.2522 1457.2 1094.4529 320.0002 664.9236 6111.3464 1990.6988;
	1769.2691 1148.4781 1973.4676 547.7703 972.8335 1405.3058 1085.0471 296.9196 663.8 6086.6988 1941.386;
	1754.4819 1147.2119 1948.0908 548.5385 967.7452 1367.5354 1077.3977 299.9885 666.6597 6149.5 2044.422;
	1686.4265 1078.7683 1878.1909 549.6637 947.0877 1370.4858 1080.0761 303.8 650.9094 6093.5619 2087.9983;
	1675.9938 1101.4281 1885.2368 538.6 943.4994 1306.7684 1068.1769 315.6064 654.4063 6114.9545 2118.2813;
	1716.3529 1122.1728 1887.0 536.1471 956.632 1342.2859 1069.1346 325.1 683.3 6201.8428 2201.8931;
	1710.4529 1077.4383 1880.8433 531.8205 959.209 1372.0701 1132.6281 339.6997 712.6821 6145.79 2313.0182;
	1736.5848 1110.0261 1901.4745 539.1428 968.9143 1412.8 1163.3201 353.6 720.2167 6088.895 2348.6609;
	1730.2358 1142.4246 1884.5598 549.1 961.1091 1398.0026 1137.6254 346.4 710.1522 5983.0047 2308.9668;
	1685.0194 1097.3773 1823.5371 495.0574 941.0126 1340.3705 1091.1278 315.5 681.5424 5746.5406 2232.1309;
	1613.8813 1017.3968 1728.8138 489.5096 894.944 1240.6521 1001.9927 287.6 616.9019 5397.4755 2028.7299;
	1491.5305 947.9829 1635.1775 503.9644 827.046 1135.6763 939.7083 280.7 576.2772 5095.3855 1907.3529;
	1508.3229 921.4121 1597.2078 497.0186 843.0128 1113.4479 890.2 272.9964 533.4 4742.5948 1794.2338;
	1478.8702 910.8 1593.3072 543.8202 794.2108 1084.9814 865.8718 242.5 514.0153 4496.4789 1740.293;
];
