function windprofile = ex_wind_profilesh1
%EX_WIND_PROFILE_D  Example wind_load_nyiso profile data for deterministic unit commitment.
% 2022.03.12
% Andres F. Ramirez


%% define constants
[GEN_BUS, PG, QG, QMAX, QMIN, VG, MBASE, GEN_STATUS, PMAX, PMIN, ...
    MU_PMAX, MU_PMIN, MU_QMAX, MU_QMIN, PC1, PC2, QC1MIN, QC1MAX, ...
    QC2MIN, QC2MAX, RAMP_AGC, RAMP_10, RAMP_30, RAMP_Q, APF] = idx_gen;
[CT_LABEL, CT_PROB, CT_TABLE, CT_TBUS, CT_TGEN, CT_TBRCH, CT_TAREABUS, ...
    CT_TAREAGEN, CT_TAREABRCH, CT_ROW, CT_COL, CT_CHGTYPE, CT_REP, ...
    CT_REL, CT_ADD, CT_NEWVAL, CT_TLOAD, CT_TAREALOAD, CT_LOAD_ALL_PQ, ...
    CT_LOAD_FIX_PQ, CT_LOAD_DIS_PQ, CT_LOAD_ALL_P, CT_LOAD_FIX_P, ...
    CT_LOAD_DIS_P, CT_TGENCOST, CT_TAREAGENCOST, CT_MODCOST_F, ...
    CT_MODCOST_X] = idx_ct;

windprofile = struct( ...
    'type', 'mpcData', ...
    'table', CT_TGEN, ...
    'rows', [1:45], ...
    'col', PMAX, ...
    'chgtype', 1, ...
    'values', [] );
windprofile.values(:,1,:) = [
	3.5721 48.2667 87.7104 110.134 15.0637 11.492 15.0118 17.8121 26.8652 25.7237 47.5499 70.9351 106.7923 0.0 7.4374 2.802 3.4765 3.6841 14.7485 16.5519 5.0039 26.8146 61.3002 86.4912 97.2959 69.0255 7.633 680.5768 357.9123 357.9123 189.8657 31.83 49.1616 42.6046 0.0 152.7092 455.9187 46.1404 274.4821 260.6139 12.5335 127.4841 110.8884 215.918 460.6678;
	3.3725 45.5693 86.2628 106.3063 14.3717 1.6894 13.4159 16.3715 26.1765 24.9726 46.1615 68.8638 103.6741 0.0 0.6929 0.261 0.3239 0.3432 13.1004 10.7608 4.472 3.9419 65.1305 83.7177 91.3705 70.2542 5.7423 685.3779 303.7638 303.7638 161.9037 29.9517 43.6679 27.6984 0.0 129.6059 446.7683 46.3347 273.6043 244.7425 12.3195 18.741 98.1684 197.5426 451.4222;
	2.9305 39.5977 86.4608 107.8767 14.1127 3.3363 12.1935 16.6792 25.973 24.7062 45.669 68.1292 102.5681 0.0 2.5161 0.9479 1.1761 1.2464 19.9454 18.4255 4.0645 7.7848 66.3985 84.9298 94.4095 70.3349 4.7866 585.0733 246.0596 246.0596 139.0813 28.7145 66.4847 47.4272 0.0 104.9854 371.2933 36.5288 211.1191 252.8826 5.7943 37.0111 75.7828 178.6736 375.161;
	2.8075 37.9355 89.921 107.2898 14.3009 9.5051 10.8503 15.809 26.0537 23.4989 43.4374 64.8001 97.5561 3.8861 2.9781 1.122 1.3921 1.4752 11.0131 20.3953 3.6168 22.1785 65.1998 85.1862 97.8436 71.7852 6.9058 435.3124 240.0907 240.0907 146.5288 17.9788 36.7102 52.4975 12.1836 102.4387 286.2687 26.2911 165.687 262.081 0.0922 105.4429 73.6778 191.8115 289.2507;
	2.1797 29.4519 89.9318 106.4269 14.2224 11.7911 9.263 16.9826 16.7664 21.2205 39.2258 58.5171 88.0972 2.2536 8.308 3.13 3.8835 4.1154 19.4061 23.2043 3.0877 27.5125 55.5973 86.7009 99.6627 71.813 7.4865 319.8472 156.658 156.658 132.6195 17.8054 64.687 59.7278 7.0654 66.8407 126.6809 27.3451 131.4494 266.9537 9.4877 130.8024 75.7487 210.0085 128.0005;
	2.9801 40.2674 91.4996 113.4831 14.0361 20.9254 11.1023 17.3301 10.313 20.6034 38.0851 56.8155 85.5355 1.9841 10.1689 3.8311 4.7534 5.0372 31.9443 23.8385 3.7008 48.826 58.4141 88.4179 99.7978 70.6198 6.0251 191.2821 112.9674 112.9674 121.4449 22.0074 106.4811 61.3603 6.2204 48.1994 36.6129 23.3506 181.5253 267.3155 10.2597 232.1327 87.5414 205.1811 36.9943;
	2.466 33.3216 90.9777 114.5739 14.0197 22.8352 12.6761 16.6341 14.3225 28.2063 52.139 77.7811 117.099 32.5135 22.5281 8.4873 10.5306 11.1593 31.6436 35.2443 4.2254 53.2822 71.4166 86.8257 98.8869 70.625 9.9249 225.7372 195.15 195.15 104.2557 14.0162 105.4787 90.7188 101.9343 83.264 128.1656 15.4414 167.5346 264.8755 8.1801 253.3189 93.0183 219.619 129.5007;
	1.7347 23.4402 70.1736 114.6446 14.3086 17.8565 12.8744 17.3625 20.5211 27.9033 51.5788 76.9454 115.8409 16.8956 22.5159 8.4827 10.5249 11.1532 43.6537 52.4912 4.2915 41.6652 72.9318 85.4639 98.4317 70.6282 11.4601 129.942 137.9554 137.9554 91.9518 7.9123 145.5122 135.1125 52.97 58.861 85.1782 14.5516 173.4798 263.6562 3.9331 198.0882 85.1623 200.793 86.0655;
	2.788 37.6721 88.5826 111.181 14.7816 23.8993 11.0258 18.1318 23.2555 27.1885 50.2575 74.9744 112.8735 40.6663 18.2089 6.8601 8.5116 9.0197 59.427 53.8688 3.6753 55.765 72.0354 89.5312 104.6326 71.774 12.1701 128.4321 74.0212 74.0212 79.4691 6.5004 198.0901 138.6584 127.4944 31.5824 87.1428 15.5347 138.6153 280.266 15.6726 265.1228 77.1108 239.9975 88.0505;
	2.0719 27.9956 85.3297 112.2611 13.1616 14.5907 10.2804 17.102 27.0676 25.3692 46.8945 69.9574 105.3205 41.5686 2.2252 0.8383 1.0402 1.1022 67.3298 45.7393 3.4268 34.045 66.4476 85.7737 100.2155 69.539 11.5896 258.666 221.4279 221.4279 109.547 7.8027 224.4327 117.7331 130.3233 94.4759 223.5308 17.5658 10.7939 268.4344 3.3817 161.8597 81.8367 207.24 225.8593;
	1.7389 23.4967 78.6355 102.4494 13.118 24.2671 13.5109 14.4789 28.0297 28.4599 52.6077 78.4804 118.1518 49.856 33.3105 12.5496 15.5707 16.5003 61.6421 39.6042 4.5036 56.6233 70.8675 85.6841 87.8071 67.5015 10.7314 382.0033 298.8285 298.8285 160.5491 12.3131 205.4738 101.9413 156.3052 127.5002 326.3317 23.365 169.2011 235.1976 1.0366 269.2035 93.8232 165.3613 329.731;
	1.7834 24.0977 78.1896 78.4655 12.8975 29.0607 18.6647 14.5091 27.3353 27.7065 51.2151 76.4028 115.024 50.5931 19.5711 7.3733 9.1483 9.6945 72.8225 51.0127 6.2216 67.8084 69.9761 80.2532 82.5385 64.7779 10.7552 491.5714 349.7112 349.7112 278.6192 18.3126 242.7418 131.3067 158.6163 149.2101 422.3329 44.0695 183.033 221.0853 0.0 322.3804 105.4905 166.9564 426.7322;
	2.9317 39.6143 76.5518 74.3562 14.2015 28.6049 18.7607 13.4594 27.2963 26.4902 48.9668 73.0489 109.9747 51.6087 40.5891 15.2917 18.973 20.1058 81.2378 58.6691 6.2536 66.7447 68.438 71.9372 82.8328 54.8091 8.4482 670.7771 415.4011 415.4011 300.4999 27.6597 270.7925 151.0145 161.8004 177.2378 583.1979 60.1585 186.366 221.8735 0.0 317.3232 136.4995 193.1863 589.2729;
	3.5698 48.2364 76.8267 89.3977 14.3144 23.5688 20.2259 14.1215 25.7479 26.2741 48.5673 72.4529 109.0774 38.8053 56.2959 21.2092 26.3151 27.8861 82.447 51.52 6.742 54.9938 65.4059 67.6455 75.1465 65.2632 9.7509 801.0782 530.2275 530.2275 398.9151 32.1959 274.8234 132.6126 121.66 226.2304 707.1566 85.935 237.8298 201.2853 0.0 261.4561 127.1862 233.7095 714.5228;
	3.7484 50.6486 78.728 97.0547 14.1303 30.221 25.8795 13.1941 27.9448 23.351 43.164 64.3922 96.9421 54.4323 86.1236 32.4466 40.2578 42.6612 83.7146 49.5942 8.6265 70.5157 45.4808 76.0458 78.5966 59.3422 10.8047 1034.9508 629.2662 629.2662 504.2538 38.3958 279.0485 127.6557 170.6527 268.4869 942.5049 120.7186 397.1038 210.5266 0.0 335.252 146.1158 207.6846 952.3226;
	3.7988 51.3298 86.9082 107.0264 14.6977 31.9611 27.2913 15.9744 27.7801 20.6842 38.2344 57.0381 85.8706 64.6309 135.8445 51.1786 63.4994 67.2904 87.6924 66.99 9.0971 74.5758 46.3644 81.5148 93.9921 65.5635 11.4979 1136.2705 725.4025 725.4025 689.3494 50.7687 292.3079 172.4324 202.6266 309.5051 1027.1654 167.3711 378.6021 251.7646 0.0001 354.5548 159.2966 254.8531 1037.8651;
	3.7508 50.6819 86.8025 110.6353 14.433 32.3524 29.5781 16.9829 28.0107 20.2399 37.4132 55.8132 84.0265 64.5994 163.5395 61.6125 76.4452 81.0091 90.3856 70.0069 9.8594 75.4888 33.8716 83.479 96.7831 72.2827 11.4436 1108.5694 759.1487 759.1487 701.5444 80.8603 301.2855 180.1979 202.528 323.9035 1047.5746 200.6447 385.0443 259.2405 0.0084 358.8954 199.0077 268.1425 1058.4869;
	3.6656 49.53 91.3842 109.5414 14.4656 32.2812 27.7305 17.4698 27.1539 15.1319 27.9712 41.7275 62.8205 65.1536 174.829 65.8658 81.7224 86.6014 90.0885 70.4817 9.2435 75.3228 36.5252 84.8288 100.7415 72.5008 12.7933 1224.4913 774.8412 774.8412 729.5369 98.9728 300.2949 181.4201 204.2653 330.5989 1111.6339 237.4214 421.0778 269.8432 105.8661 358.106 181.0468 257.7033 1123.2134;
	3.7176 50.2324 90.0599 113.596 14.2943 33.2173 30.1633 12.2451 28.2088 19.0173 35.1532 52.4417 78.9506 68.6729 186.9161 70.4195 87.3724 92.5887 89.0369 72.0627 10.0544 77.507 51.9938 84.2066 102.089 62.6524 12.8278 1291.2879 781.0866 781.0866 698.5662 112.6787 296.7895 185.4897 215.2987 333.2636 1181.1651 255.4217 441.8377 273.4526 112.813 368.4907 182.6759 262.2624 1193.4689;
