function solarprofile = ex_solar_profilesh1
%EX_WIND_PROFILE_D  Example wind_load_nyiso profile data for deterministic unit commitment.
% 2022.03.12
% Andres F. Ramirez


%% define constants
[GEN_BUS, PG, QG, QMAX, QMIN, VG, MBASE, GEN_STATUS, PMAX, PMIN, ...
    MU_PMAX, MU_PMIN, MU_QMAX, MU_QMIN, PC1, PC2, QC1MIN, QC1MAX, ...
    QC2MIN, QC2MAX, RAMP_AGC, RAMP_10, RAMP_30, RAMP_Q, APF] = idx_gen;
[CT_LABEL, CT_PROB, CT_TABLE, CT_TBUS, CT_TGEN, CT_TBRCH, CT_TAREABUS, ...
    CT_TAREAGEN, CT_TAREABRCH, CT_ROW, CT_COL, CT_CHGTYPE, CT_REP, ...
    CT_REL, CT_ADD, CT_NEWVAL, CT_TLOAD, CT_TAREALOAD, CT_LOAD_ALL_PQ, ...
    CT_LOAD_FIX_PQ, CT_LOAD_DIS_PQ, CT_LOAD_ALL_P, CT_LOAD_FIX_P, ...
    CT_LOAD_DIS_P, CT_TGENCOST, CT_TAREAGENCOST, CT_MODCOST_F, ...
    CT_MODCOST_X] = idx_ct;

solarprofile = struct( ...
    'type', 'mpcData', ...
    'table', CT_TGEN, ...
    'rows', [1:12], ...
    'col', PMAX, ...
    'chgtype', 1, ...
    'values', [] );
solarprofile.values(:,1,:) = [
	0.0 0.0 0.0 0.0 0.0 0.0 0.0 0.0 0.0 0.0 0.0 0.0;
	0.0 0.0 0.0 0.0 0.0 0.0 0.0 0.0 0.0 0.0 0.0 0.0;
	0.0 0.0 0.0 0.0 0.0 0.0 0.0 0.0 0.0 0.0 0.0 0.0;
	0.0 0.0 0.0 0.0 0.0 0.0 0.0 0.0 0.0 0.0 0.0 0.0;
	0.0 0.0 0.0 0.0 0.0 0.0 0.0 0.0 0.0 0.0 0.0 0.0;
	0.0951 0.0972 0.1051 0.0 0.0 0.1251 0.0156 0.1784 0.0 0.0 0.0 0.0;
	0.0 0.1937 0.0 9.396 6.8924 15.0288 1.8786 10.2397 21.5895 71.9348 20.6135 130.2743;
	1.1816 1.6573 0.8033 9.7134 10.9936 18.2571 2.2821 13.6293 32.3559 152.3644 39.6033 275.9328;
	3.7265 3.5903 2.7191 9.8297 11.8108 32.7186 4.0898 17.2618 54.8159 186.8255 87.7525 338.3421;
	14.4745 7.3162 10.5993 10.6981 9.8891 366.3356 45.7919 62.4286 242.1982 191.3461 121.4316 346.529;
	17.9374 8.4023 11.1303 10.8245 9.4205 335.0416 41.8802 61.8987 229.276 261.7188 154.4375 473.9743;
	19.9868 9.5613 10.7366 9.7268 9.5982 302.4013 37.8002 62.2153 224.8923 279.4677 152.0251 506.1178;
	20.6106 15.9639 12.8233 3.7743 6.012 348.2939 43.5367 64.4937 240.8614 255.0958 70.6086 461.98;
	18.9238 15.6687 12.7885 4.4801 6.0161 378.6727 47.3341 67.0447 254.0904 243.4228 64.9054 440.8402;
	14.9457 13.1089 10.9747 4.0758 5.5425 369.4555 46.1819 68.44 249.944 226.3099 79.1151 409.8486;
	13.2454 11.5258 11.1641 3.4176 4.3171 122.1359 15.267 46.9517 71.6018 102.9986 29.8604 186.5311;
	1.8619 1.5023 1.1123 0.6832 1.8475 32.137 4.0171 10.2695 20.5674 16.2628 10.3641 29.4521;
	0.0 0.0 0.0 0.0 0.0 0.0 0.0 0.0 0.0 0.0 0.0 0.0;
	0.0 0.0 0.0 0.0 0.0 0.0 0.0 0.0 0.0 0.0 0.0 0.0;
	0.0 0.0 0.0 0.0 0.0 0.0 0.0 0.0 0.0 0.0 0.0 0.0;
	0.0 0.0 0.0 0.0 0.0 0.0 0.0 0.0 0.0 0.0 0.0 0.0;
	0.0 0.0 0.0 0.0 0.0 0.0 0.0 0.0 0.0 0.0 0.0 0.0;
	0.0 0.0 0.0 0.0 0.0 0.0 0.0 0.0 0.0 0.0 0.0 0.0;
	0.0 0.0 0.0 0.0 0.0 0.0 0.0 0.0 0.0 0.0 0.0 0.0;
];
