function windprofile = ex_wind_profilesh1
%EX_WIND_PROFILE_D  Example wind_load_nyiso profile data for deterministic unit commitment.
% 2022.03.12
% Andres F. Ramirez


%% define constants
[GEN_BUS, PG, QG, QMAX, QMIN, VG, MBASE, GEN_STATUS, PMAX, PMIN, ...
    MU_PMAX, MU_PMIN, MU_QMAX, MU_QMIN, PC1, PC2, QC1MIN, QC1MAX, ...
    QC2MIN, QC2MAX, RAMP_AGC, RAMP_10, RAMP_30, RAMP_Q, APF] = idx_gen;
[CT_LABEL, CT_PROB, CT_TABLE, CT_TBUS, CT_TGEN, CT_TBRCH, CT_TAREABUS, ...
    CT_TAREAGEN, CT_TAREABRCH, CT_ROW, CT_COL, CT_CHGTYPE, CT_REP, ...
    CT_REL, CT_ADD, CT_NEWVAL, CT_TLOAD, CT_TAREALOAD, CT_LOAD_ALL_PQ, ...
    CT_LOAD_FIX_PQ, CT_LOAD_DIS_PQ, CT_LOAD_ALL_P, CT_LOAD_FIX_P, ...
    CT_LOAD_DIS_P, CT_TGENCOST, CT_TAREAGENCOST, CT_MODCOST_F, ...
    CT_MODCOST_X] = idx_ct;

windprofile = struct( ...
    'type', 'mpcData', ...
    'table', CT_TGEN, ...
    'rows', [1:45], ...
    'col', PMAX, ...
    'chgtype', 1, ...
    'values', [] );
windprofile.values(:,1,:) = [
	3.6045 48.7044 88.0052 110.8543 14.4628 14.7201 15.743 15.8987 26.747 23.966 44.3009 66.0882 99.4954 3.8586 14.0165 5.2806 6.5519 6.9431 14.8374 24.7497 5.2477 34.3469 60.5417 83.4 98.5609 69.6886 6.7983 679.7902 395.579 395.579 202.1639 38.4935 49.4582 63.7057 12.0973 168.7804 501.3392 50.7774 310.8367 264.0025 6.9196 163.295 123.1074 226.185 506.5615;
	3.4824 47.0549 88.5043 108.7632 14.4414 16.6332 14.9446 16.8779 26.9142 22.6108 41.7957 62.351 93.869 3.7507 14.2003 5.3499 6.6378 7.0341 13.9213 14.0186 4.9815 38.8107 61.4444 83.1386 97.7079 71.9955 6.8294 735.5025 382.824 382.824 185.3713 35.9633 46.4042 36.0839 11.7589 163.3383 500.1081 55.2454 328.2501 261.7177 8.3043 184.5173 114.6402 218.5373 505.3176;
	3.1476 42.5307 88.576 98.6496 13.9587 13.0691 12.8939 16.369 26.6143 21.7416 40.1889 59.954 90.2604 4.7459 13.862 5.2224 6.4797 6.8665 22.3531 22.7535 4.298 30.4945 57.8342 81.6413 92.7605 70.8535 7.2053 647.3011 353.7787 353.7787 163.1671 34.4489 74.5104 58.5677 14.8789 150.9456 403.2142 40.47 246.7527 248.4655 4.3549 144.9798 89.0567 203.9665 407.4143;
	2.9322 39.6209 90.3652 108.3738 14.4747 13.063 12.5097 17.1488 26.418 23.5183 43.4732 64.8535 97.6366 8.5745 15.4211 5.8098 7.2085 7.6388 13.9084 24.8718 4.1699 30.4804 62.6403 82.4845 98.1936 74.5497 9.3832 532.9332 294.1734 294.1734 173.2931 29.4362 46.3613 64.02 26.8821 125.514 330.9925 36.3269 198.0114 263.0186 1.4819 144.9124 83.2992 206.1803 334.4403;
	2.3559 31.8332 91.0073 111.4506 14.343 14.7783 10.7706 17.319 16.1579 21.6812 40.0774 59.7876 90.01 13.9266 19.6115 7.3885 9.1672 9.7145 20.591 28.897 3.5902 34.4826 55.7784 84.6957 99.6303 74.0388 8.72 394.983 219.2894 219.2894 151.3853 25.6876 68.6366 74.381 43.6616 93.5635 188.7409 32.2775 177.1976 266.867 10.5881 163.9402 93.2321 221.2015 190.7069;
	2.7422 37.0529 90.0822 112.4873 13.8146 21.0885 10.7625 16.3104 9.3363 19.2987 35.6733 53.2176 80.1188 21.7234 21.6715 8.1646 10.1302 10.735 31.765 29.6803 3.5875 49.2064 54.0864 83.8638 98.9575 73.7323 6.1103 301.8331 193.8743 193.8743 130.7406 25.5588 105.8832 76.397 68.1058 82.7197 152.9009 32.6181 184.8951 265.0646 8.4058 233.9413 90.0691 217.1827 154.4936;
	2.4258 32.778 88.3763 110.244 13.8175 20.4609 10.8766 16.0513 9.0818 25.6233 47.3642 70.6581 106.3754 36.4149 25.2139 9.4992 11.786 12.4897 32.742 38.3785 3.6255 47.7422 67.3901 83.7016 99.8697 72.1319 9.3494 219.2258 199.6088 199.6088 94.0539 15.3967 109.1399 98.7864 114.1657 85.1664 151.1564 20.7745 144.6505 267.508 3.3907 226.9799 94.503 234.706 152.731;
	1.6338 22.0766 67.6223 110.4298 14.1358 13.8252 11.3738 16.8822 17.9269 27.7223 51.2442 76.4463 115.0895 38.4287 19.9588 7.5194 9.3296 9.8866 37.2903 51.8269 3.7913 32.2587 70.176 82.4759 98.059 71.1878 12.1287 95.8425 163.6315 163.6315 83.5125 7.5752 124.3009 133.4025 120.4793 69.8161 87.8091 22.769 149.3943 262.658 5.5669 153.367 86.1991 213.435 88.7238;
	2.5968 35.0884 83.6567 104.2463 14.3524 21.5149 11.0175 18.1872 21.1484 27.331 50.5209 75.3673 113.465 39.9323 8.705 3.2795 4.0691 4.312 54.0646 50.7252 3.6725 50.2015 69.8009 83.3025 98.0738 75.363 12.2787 106.9319 132.6222 132.6222 65.0456 4.728 180.2152 130.5668 125.1932 56.5855 92.6103 16.307 130.2259 262.6976 18.907 238.6722 74.3608 245.4142 93.575;
	2.0147 27.223 83.4384 109.4015 12.6947 13.3522 10.9489 17.3518 27.4238 28.4445 52.5793 78.4379 118.0879 40.197 0.0 0.0 0.0 0.0 60.9786 43.7092 3.6496 31.155 70.2906 81.0595 96.4321 73.6041 11.6908 238.5809 219.9914 219.9914 84.7485 7.6329 203.262 112.5077 126.0231 93.863 207.9303 18.4005 42.1609 258.3003 3.6692 148.1199 77.5236 212.8597 210.0962;
	1.6152 21.8252 75.536 99.0481 10.2046 23.4878 14.0711 16.7636 26.9987 26.6916 49.339 73.604 110.8105 41.7667 0.0 0.0 0.0 0.0 45.3729 32.462 4.6904 54.8048 68.9371 77.7237 87.9708 73.3568 11.1371 389.0957 275.1656 275.1656 138.1584 12.6385 151.2428 83.5573 130.9443 117.404 313.5686 24.9222 157.5276 235.6361 7.9949 260.5577 88.7687 185.4078 316.835;
	1.8537 25.0469 87.1822 95.5279 11.6775 29.3405 19.3011 18.0136 26.9818 27.6946 51.1931 76.37 114.9746 46.5247 1.381 0.5203 0.6455 0.6841 78.9484 51.0764 6.4337 68.4613 71.8734 83.9601 98.685 75.858 12.5407 510.8199 346.6676 346.6676 250.9619 17.1878 263.1615 131.4708 145.8612 147.9115 435.8341 40.2347 192.1092 264.3349 44.8016 325.4844 109.3931 199.0705 440.374;
	2.9805 40.2727 89.0246 92.1121 12.7391 29.7542 20.7543 16.8059 27.5267 27.6876 51.1801 76.3506 114.9454 51.0419 35.2058 13.2636 16.4567 17.4391 80.004 59.2759 6.9181 69.4265 71.0712 81.0305 97.8143 72.2144 10.6847 648.7245 419.4441 419.4441 281.7798 22.1405 266.6799 152.5763 160.0233 178.9628 583.2922 50.2854 204.7742 262.0027 2.4187 330.0732 141.7987 208.7178 589.3681;
	3.6418 49.2086 91.6024 111.3778 13.9206 30.1454 22.0739 17.6828 27.5214 28.7666 53.1746 79.326 119.4248 54.3468 44.272 16.6792 20.6946 21.9301 84.2753 52.0836 7.358 70.3393 67.2609 83.8089 100.5435 75.3279 11.8569 859.7262 567.0992 567.0992 373.3499 28.8629 280.9178 134.0632 170.3847 241.9623 745.2317 73.9658 288.9996 269.3129 17.3255 334.4129 145.7999 257.3808 752.9945;
	3.7992 51.3353 91.4743 112.6484 14.0222 32.3816 25.9491 17.4387 28.0444 25.9412 47.9519 71.5348 107.6952 64.3192 67.3144 25.3603 31.4656 33.3441 79.5818 50.0839 8.6497 75.5571 45.9313 83.2679 99.732 73.4969 12.4055 981.0461 607.9129 607.9129 474.5175 35.0588 265.2725 128.916 201.6492 259.3762 914.719 105.8111 421.4389 267.1393 35.5035 359.22 165.1636 254.1357 924.2473;
	3.7294 50.3927 90.4085 112.5754 14.2348 32.7213 29.2517 17.839 28.2655 20.962 38.748 57.8043 87.0241 66.5311 110.6299 41.6792 51.7131 54.8004 87.281 62.468 9.7506 76.3496 45.0045 82.6776 100.9985 73.5274 13.0099 1084.925 696.1859 696.1859 674.8242 46.706 290.9367 160.7928 208.5839 297.0393 1008.3111 150.5545 364.8877 270.5318 26.9494 362.9879 177.4642 264.1037 1018.8143;
	3.8336 51.801 88.732 114.1498 14.2681 32.6236 30.5741 17.441 27.6827 19.0697 35.25 52.5861 79.168 68.4211 146.1172 55.0488 68.3013 72.379 89.1825 69.9442 10.1914 76.1218 31.3215 82.6291 99.3704 73.216 12.3675 1051.0523 752.6779 752.6779 686.5795 75.9211 297.2749 180.0364 214.5095 321.1426 1022.4575 187.0715 382.221 266.1708 10.7676 361.9048 212.5407 273.987 1033.1081;
	3.9033 52.7418 93.7524 119.4456 14.5805 33.3671 30.563 18.6621 28.2917 17.6144 32.5599 48.5729 73.1263 69.3592 168.8982 63.6314 78.9501 83.6635 90.9648 70.3068 10.1877 77.8566 37.483 88.7211 105.5972 75.5528 13.3434 1139.0317 784.8539 784.8539 721.1618 90.5486 303.2161 180.97 217.4504 334.871 1096.8361 211.0783 431.398 282.8496 113.9137 370.1524 210.8141 275.4508 1108.2615;
	3.9243 53.0261 94.276 120.8211 15.2443 34.7755 31.4675 14.5297 28.0796 14.2033 26.2545 39.1666 58.965 67.1229 182.6754 68.8219 85.3901 90.488 91.1463 69.8652 10.4892 81.1429 50.0992 89.5792 106.5748 69.0847 13.2213 1171.9074 775.6908 775.6908 608.4151 95.294 303.8212 179.8332 210.4392 330.9614 1068.2344 205.5741 440.8829 285.4682 119.4379 385.7765 215.1745 284.1798 1079.3619;
