function solarprofile = ex_solar_profilesh1
%EX_WIND_PROFILE_D  Example wind_load_nyiso profile data for deterministic unit commitment.
% 2022.03.12
% Andres F. Ramirez


%% define constants
[GEN_BUS, PG, QG, QMAX, QMIN, VG, MBASE, GEN_STATUS, PMAX, PMIN, ...
    MU_PMAX, MU_PMIN, MU_QMAX, MU_QMIN, PC1, PC2, QC1MIN, QC1MAX, ...
    QC2MIN, QC2MAX, RAMP_AGC, RAMP_10, RAMP_30, RAMP_Q, APF] = idx_gen;
[CT_LABEL, CT_PROB, CT_TABLE, CT_TBUS, CT_TGEN, CT_TBRCH, CT_TAREABUS, ...
    CT_TAREAGEN, CT_TAREABRCH, CT_ROW, CT_COL, CT_CHGTYPE, CT_REP, ...
    CT_REL, CT_ADD, CT_NEWVAL, CT_TLOAD, CT_TAREALOAD, CT_LOAD_ALL_PQ, ...
    CT_LOAD_FIX_PQ, CT_LOAD_DIS_PQ, CT_LOAD_ALL_P, CT_LOAD_FIX_P, ...
    CT_LOAD_DIS_P, CT_TGENCOST, CT_TAREAGENCOST, CT_MODCOST_F, ...
    CT_MODCOST_X] = idx_ct;

solarprofile = struct( ...
    'type', 'mpcData', ...
    'table', CT_TGEN, ...
    'rows', [1:12], ...
    'col', PMAX, ...
    'chgtype', 1, ...
    'values', [] );
solarprofile.values(:,1,:) = [
	0.0 0.0 0.0 0.0 0.0 0.0 0.0 0.0 0.0 0.0 0.0 0.0;
	0.0 0.0 0.0 0.0 0.0 0.0 0.0 0.0 0.0 0.0 0.0 0.0;
	0.0 0.0 0.0 0.0 0.0 0.0 0.0 0.0 0.0 0.0 0.0 0.0;
	0.0 0.0 0.0 0.0 0.0 0.0 0.0 0.0 0.0 0.0 0.0 0.0;
	0.0 0.0 0.0 0.0 0.0 0.0 0.0 0.0 0.0 0.0 0.0 0.0;
	0.1367 0.2646 0.1938 0.0 0.0 0.1251 0.0156 0.1784 0.0 0.0 0.0 0.0;
	3.0592 2.8403 2.4954 1.0276 3.966 36.1161 4.5145 3.5346 30.6949 46.1134 10.4281 83.5116;
	5.2092 3.417 4.3639 2.1251 5.8976 57.8525 7.2316 24.9499 35.9331 63.2222 19.472 114.4958;
	8.5359 4.1348 5.4706 2.8932 5.671 64.9532 8.1192 25.9545 56.86 106.9572 44.236 193.7001;
	21.2271 13.7866 13.0121 6.1581 2.0489 284.8931 35.6116 26.7452 240.9741 177.6219 146.5833 321.6743;
	19.9547 15.1144 13.1599 6.2003 5.2695 249.2278 31.1535 36.3484 237.9421 253.7101 174.0607 459.4705;
	18.7116 15.5503 13.0025 6.357 6.8686 270.7553 33.8444 58.3906 233.0621 264.762 179.4649 479.4857;
	23.938 16.5824 13.7384 4.5467 1.3299 335.0443 41.8805 69.682 225.5247 175.2005 149.0755 317.2892;
	21.2157 16.1955 13.4763 5.4011 0.8117 348.8822 43.6103 69.3436 225.6283 135.9518 114.2843 246.2096;
	16.7382 14.0117 11.5246 4.1452 0.4309 300.807 37.6009 60.3534 211.5436 89.1783 100.8543 161.5024;
	7.648 6.4694 5.1524 2.4421 1.2811 42.7333 5.3417 4.2551 64.7856 23.8723 27.8999 43.2329;
	1.0345 0.9507 0.64 0.729 1.3689 34.4675 4.3084 6.6804 26.1994 15.0582 10.4724 27.2704;
	0.0 0.0 0.0 0.0 0.0 0.0 0.0 0.0 0.0 0.0 0.0 0.0;
	0.0 0.0 0.0 0.0 0.0 0.0 0.0 0.0 0.0 0.0 0.0 0.0;
	0.0 0.0 0.0 0.0 0.0 0.0 0.0 0.0 0.0 0.0 0.0 0.0;
	0.0 0.0 0.0 0.0 0.0 0.0 0.0 0.0 0.0 0.0 0.0 0.0;
	0.0 0.0 0.0 0.0 0.0 0.0 0.0 0.0 0.0 0.0 0.0 0.0;
	0.0 0.0 0.0 0.0 0.0 0.0 0.0 0.0 0.0 0.0 0.0 0.0;
	0.0 0.0 0.0 0.0 0.0 0.0 0.0 0.0 0.0 0.0 0.0 0.0;
];
