function windprofile = ex_wind_profilesh1
%EX_WIND_PROFILE_D  Example wind_load_nyiso profile data for deterministic unit commitment.
% 2022.03.12
% Andres F. Ramirez


%% define constants
[GEN_BUS, PG, QG, QMAX, QMIN, VG, MBASE, GEN_STATUS, PMAX, PMIN, ...
    MU_PMAX, MU_PMIN, MU_QMAX, MU_QMIN, PC1, PC2, QC1MIN, QC1MAX, ...
    QC2MIN, QC2MAX, RAMP_AGC, RAMP_10, RAMP_30, RAMP_Q, APF] = idx_gen;
[CT_LABEL, CT_PROB, CT_TABLE, CT_TBUS, CT_TGEN, CT_TBRCH, CT_TAREABUS, ...
    CT_TAREAGEN, CT_TAREABRCH, CT_ROW, CT_COL, CT_CHGTYPE, CT_REP, ...
    CT_REL, CT_ADD, CT_NEWVAL, CT_TLOAD, CT_TAREALOAD, CT_LOAD_ALL_PQ, ...
    CT_LOAD_FIX_PQ, CT_LOAD_DIS_PQ, CT_LOAD_ALL_P, CT_LOAD_FIX_P, ...
    CT_LOAD_DIS_P, CT_TGENCOST, CT_TAREAGENCOST, CT_MODCOST_F, ...
    CT_MODCOST_X] = idx_ct;

windprofile = struct( ...
    'type', 'mpcData', ...
    'table', CT_TGEN, ...
    'rows', [1:45], ...
    'col', PMAX, ...
    'chgtype', 1, ...
    'values', [] );
windprofile.values(:,1,:) = [
	3.7131 50.1717 93.6242 120.5389 15.064 15.6856 15.4323 17.6994 27.8597 24.4604 45.2146 67.4513 101.5476 7.4411 27.6807 10.4286 12.9391 13.7116 14.3489 30.8179 5.1441 36.5998 61.1859 88.1358 100.7848 70.6512 7.7223 673.0976 472.0636 472.0636 255.3875 41.9606 47.8296 79.3253 23.3289 201.4138 569.8587 62.5764 330.0613 269.9593 8.9363 174.0059 120.7759 244.5315 575.7947;
	3.7007 50.0049 94.0824 120.3331 15.0391 17.9053 14.8748 17.686 27.152 24.1516 44.6439 66.6 100.2659 6.3402 19.1235 7.2047 8.9391 9.4728 10.5509 16.8294 4.9583 41.779 60.0922 88.2642 99.1628 70.7308 7.2111 703.5619 437.3836 437.3836 213.579 38.7987 35.1696 43.3188 19.8773 186.617 555.0462 58.8473 320.0398 265.6148 9.1589 198.6291 114.3872 237.0365 560.828;
	3.5369 47.7919 94.2299 119.6848 15.3142 16.3793 14.3731 17.4128 28.1742 23.5231 43.4821 64.8667 97.6565 8.2266 21.8887 8.2464 10.2317 10.8425 19.6904 23.5017 4.791 38.2183 64.7173 86.4348 96.1291 71.3393 7.0878 639.9353 414.4483 414.4483 187.7427 38.2229 65.6346 60.4934 25.7914 176.8313 466.1432 44.0686 275.0662 257.4887 4.6491 181.7009 94.153 218.5873 470.9988;
	3.2293 43.6356 94.0062 116.2533 15.3334 15.9049 12.3075 17.5256 27.3764 23.1607 42.8122 63.8674 96.1519 10.9343 15.7231 5.9236 7.3496 7.7884 9.9143 23.5557 4.1025 37.1113 69.9847 86.5999 99.5831 73.0568 8.9908 552.1483 334.3478 334.3478 186.7389 32.6041 33.0477 60.6325 34.2804 142.6551 366.6475 32.4959 208.3095 266.7404 0.4946 176.4379 86.3655 215.9882 370.4668;
	2.5278 34.1558 92.9808 115.0754 14.8545 15.6793 10.8159 17.1231 18.9101 21.7867 40.2725 60.0786 90.448 17.3507 19.3706 7.2978 9.0547 9.5952 19.7239 26.8329 3.6053 36.5851 59.1227 83.6424 99.8387 71.3144 8.2788 427.9708 253.4304 253.4304 164.0181 30.0955 65.7462 69.0678 54.3967 108.1303 223.3652 37.1965 185.8401 267.4252 7.5801 173.936 92.935 207.8714 225.6919;
	3.1282 42.2683 90.988 110.6715 14.4257 23.0778 12.3576 17.3548 10.8274 16.7764 31.0109 46.2621 69.6474 30.9308 15.9968 6.0267 7.4776 7.924 30.8014 27.4197 4.1192 53.8482 55.2709 81.896 97.6511 70.38 6.4343 327.5287 238.7206 238.7206 153.025 25.4504 102.6714 70.5783 96.9723 101.8541 192.3089 30.8599 218.8306 261.5653 11.8811 256.0096 91.9186 202.8709 194.3121;
	2.7205 36.7605 92.7254 112.5917 14.586 24.6103 12.7356 16.9328 11.8786 25.5184 47.1704 70.369 105.9401 45.6472 22.7757 8.5806 10.6463 11.2819 35.1726 36.8455 4.2452 57.4241 67.9765 85.2802 101.4438 70.3665 9.7224 275.7602 231.8385 231.8385 116.554 16.3882 117.2419 94.8405 143.11 98.9178 194.1948 20.9013 172.0162 271.7245 8.558 273.0107 92.8957 218.8111 196.2176;
	2.0627 27.872 76.8589 115.8687 15.1411 21.0494 13.1658 17.2181 18.8811 27.504 50.8408 75.8445 114.1834 46.6444 20.5561 7.7444 9.6088 10.1824 49.8837 54.2492 4.3886 49.1153 69.4696 88.6623 101.8574 70.3868 11.1603 152.9321 191.9129 191.9129 121.6474 8.7876 166.2791 139.6376 146.2366 81.8828 139.8617 32.728 200.7225 272.8324 6.1034 233.5079 96.6059 205.7662 141.3186;
	3.1872 43.0662 89.5643 110.2337 15.2424 27.2696 10.8214 18.1902 20.181 28.3407 52.3874 78.1517 117.657 47.0989 17.7994 6.7058 8.3202 8.8169 61.4625 58.2064 3.6071 63.6291 70.372 89.0381 104.9285 71.1773 11.6645 146.4793 165.3433 165.3433 107.903 8.0808 204.8749 149.8235 147.6614 70.5465 147.3296 58.6581 148.1051 281.0584 19.6417 302.511 87.915 245.1795 148.8643;
	2.3761 32.106 89.689 113.7799 14.0405 16.9907 10.8042 18.258 25.6038 28.5336 52.7439 78.6836 118.4577 47.1887 1.6493 0.6214 0.771 0.817 71.7656 50.5737 3.6014 39.6449 69.6853 84.3562 103.6067 73.6589 12.3125 248.6412 265.1038 265.1038 125.7493 8.9249 239.2188 130.1767 147.9428 113.111 250.1066 25.537 269.3046 277.518 2.7839 188.483 88.3966 221.7043 252.7119;
	1.9014 25.6921 85.7326 111.7759 13.2357 27.1701 13.0327 17.8706 25.7844 28.0275 51.8084 77.2879 116.3565 50.6753 0.0 0.0 0.0 0.0 61.8268 37.6241 4.3442 63.397 68.3513 86.5995 98.3311 71.5474 12.0541 326.2804 315.7205 315.7205 164.0494 13.0671 206.0893 96.8445 158.874 134.7074 335.7624 23.03 164.3649 263.3868 2.0741 301.4075 96.0694 184.1738 339.2599;
	2.1124 28.5435 92.1182 102.4223 13.1301 32.4709 19.9712 18.0503 26.3047 26.7876 49.5165 73.8689 111.2092 48.4994 0.0 0.0 0.0 0.0 80.358 47.795 6.6571 75.7654 61.4698 87.9633 101.2324 71.3081 12.172 453.5644 396.6877 396.6877 297.856 17.6095 267.8601 123.0244 152.052 169.2534 466.7781 43.781 220.8855 271.1581 0.5975 360.2104 121.4271 190.317 471.6404;
	3.0873 41.7161 92.1165 95.3316 14.0016 32.4181 19.9195 17.2203 26.4013 25.2061 46.5931 69.5078 104.6436 54.0138 24.1179 9.0863 11.2737 11.9468 74.895 56.0707 6.6398 75.6422 57.1675 86.6211 101.8403 70.1641 11.1144 583.2694 452.1953 452.1953 333.2749 22.4998 249.6501 144.3262 169.3407 192.9367 603.7353 56.276 211.2047 272.7865 3.934 359.6248 147.9452 217.4151 610.0242;
	3.6923 49.8908 94.2807 111.096 15.0137 32.204 20.7749 17.5314 26.4814 27.5337 50.8956 75.9262 114.3065 52.0438 48.9316 18.4347 22.8727 24.2382 80.989 57.8061 6.925 75.1427 47.1979 88.2382 101.5326 70.2178 11.6462 797.2494 607.4086 607.4086 423.0786 29.8221 269.9632 148.7932 163.1644 259.161 752.7991 80.4394 291.2304 271.9623 1.5082 357.25 145.7079 254.6661 760.6408;
	3.8672 52.2549 93.4589 111.3329 14.6885 33.6552 25.0668 17.5245 26.5658 24.7075 45.6714 68.1328 102.5735 59.7287 87.7481 33.0586 41.0172 43.4659 82.939 60.8518 8.3556 78.5288 44.4348 88.4797 101.7679 70.0268 12.9261 1013.7105 682.6414 682.6414 535.2426 40.0571 276.4635 156.6328 187.2575 291.2603 968.5171 111.1319 434.9005 272.5927 3.3535 373.3484 165.6651 254.4268 978.6058;
	3.8877 52.5307 95.1573 114.8779 15.2914 34.7638 29.5256 17.8222 27.6056 21.4672 39.6819 59.1975 89.1216 66.6032 130.0223 48.9851 60.7779 64.4064 87.3729 68.632 9.8419 81.1154 44.7584 87.6579 103.0652 69.7892 12.9454 1117.6958 772.7316 772.7316 727.1286 50.1304 291.2429 176.6591 208.81 329.6988 1041.5202 162.4755 428.7722 276.0674 9.0644 385.6459 189.9783 268.5846 1052.3694;
	3.8996 52.6922 95.0324 117.5336 15.008 34.9919 31.5651 18.8389 27.5996 20.5769 38.0362 56.7425 85.4255 66.9616 164.1252 61.8332 76.719 81.2992 85.8028 70.5811 10.5217 81.6478 31.6104 88.1803 103.4226 72.7887 13.4299 1035.8317 763.0955 763.0955 744.0877 79.6637 286.0095 181.6759 209.9338 325.5874 1022.3541 211.426 443.3708 277.0247 3.9442 388.1768 216.7343 280.3322 1033.0036;
	3.9047 52.7608 95.1094 118.6794 15.2973 34.7943 30.2574 18.9344 27.7361 19.4229 35.9028 53.56 80.6343 67.1176 170.6484 64.2908 79.7682 84.5305 83.4976 69.699 10.0858 81.1868 37.5405 89.2416 105.5576 75.6363 14.0613 1121.4463 762.5563 762.5563 729.3327 94.8844 278.3253 179.4055 210.4227 325.3574 1082.7347 235.5659 463.7017 282.7435 114.8869 385.9851 211.6514 268.4261 1094.0132;
	3.9138 52.8839 95.1724 120.6479 15.2032 34.9718 31.8823 15.057 27.8854 21.461 39.6704 59.1805 89.0958 64.5737 189.3648 71.3421 88.517 93.8016 88.0966 70.9896 10.6274 81.601 52.8762 88.2689 106.1507 71.1688 13.8272 1192.0897 796.5601 796.5601 696.306 108.9456 293.6552 182.7274 202.4473 339.8657 1095.8813 242.1919 469.6452 284.3322 121.0957 387.9543 212.6162 282.229 1107.2968;
