function windprofile = ex_wind_profilesh1
%EX_WIND_PROFILE_D  Example wind_load_nyiso profile data for deterministic unit commitment.
% 2022.03.12
% Andres F. Ramirez


%% define constants
[GEN_BUS, PG, QG, QMAX, QMIN, VG, MBASE, GEN_STATUS, PMAX, PMIN, ...
    MU_PMAX, MU_PMIN, MU_QMAX, MU_QMIN, PC1, PC2, QC1MIN, QC1MAX, ...
    QC2MIN, QC2MAX, RAMP_AGC, RAMP_10, RAMP_30, RAMP_Q, APF] = idx_gen;
[CT_LABEL, CT_PROB, CT_TABLE, CT_TBUS, CT_TGEN, CT_TBRCH, CT_TAREABUS, ...
    CT_TAREAGEN, CT_TAREABRCH, CT_ROW, CT_COL, CT_CHGTYPE, CT_REP, ...
    CT_REL, CT_ADD, CT_NEWVAL, CT_TLOAD, CT_TAREALOAD, CT_LOAD_ALL_PQ, ...
    CT_LOAD_FIX_PQ, CT_LOAD_DIS_PQ, CT_LOAD_ALL_P, CT_LOAD_FIX_P, ...
    CT_LOAD_DIS_P, CT_TGENCOST, CT_TAREAGENCOST, CT_MODCOST_F, ...
    CT_MODCOST_X] = idx_ct;

windprofile = struct( ...
    'type', 'mpcData', ...
    'table', CT_TGEN, ...
    'rows', [1:45], ...
    'col', PMAX, ...
    'chgtype', 1, ...
    'values', [] );
windprofile.values(:,1,:) = [
	3.5817 48.3962 88.7728 116.0605 15.1631 16.1129 14.3323 18.3038 26.7876 25.5193 47.172 70.3714 105.9437 4.0876 21.1685 7.9751 9.895 10.4858 15.0841 27.4213 4.7774 37.5967 62.3948 89.1353 105.3072 72.236 8.5397 723.2262 342.5903 342.5903 189.2069 39.126 50.2804 70.5826 12.8152 146.1718 505.0375 53.738 277.0786 282.0729 16.0959 178.7457 122.2073 224.9164 510.2983;
	3.5968 48.6005 90.6591 117.3038 14.7926 17.332 13.5245 18.0268 26.0746 25.036 46.2787 69.0387 103.9374 0.9878 11.9265 4.4932 5.5749 5.9078 13.1585 15.644 4.5082 40.4412 67.1661 90.0719 104.8761 74.43 7.6073 685.1935 287.2696 287.2696 146.0461 32.9148 43.8618 40.2677 3.0968 122.5683 473.6359 47.7979 286.1611 280.9183 13.4423 192.2691 110.7015 222.216 478.5696;
	3.3262 44.9445 89.5576 116.2165 14.517 14.8015 12.3493 18.1108 27.4847 25.7346 47.5701 70.9652 106.8377 5.0219 18.1815 6.8498 8.4988 9.0062 22.1767 21.7945 4.1164 34.5369 70.2711 89.9463 103.6277 74.8345 8.7881 627.8625 312.6683 312.6683 135.9319 32.1674 73.9224 56.0992 15.7444 133.4051 408.4584 35.1703 235.7608 277.5743 45.9149 164.1983 89.6522 206.9689 412.7132;
	2.9825 40.3005 92.1063 115.281 14.6399 14.9582 12.0338 17.9752 27.8385 26.0328 48.1212 71.7874 108.0756 8.0638 19.2548 7.2541 9.0005 9.5378 13.7609 24.2094 4.0113 34.9025 72.7551 90.0964 106.1041 75.4148 10.4331 474.7803 262.1167 262.1167 136.1644 25.2818 45.8696 62.3151 25.2812 111.8365 316.9163 27.1901 195.2868 284.2073 88.7134 165.9363 78.8114 216.8546 320.2175;
	2.4335 32.8821 91.5441 115.5918 14.648 17.9893 11.7825 18.6781 19.0861 24.4194 45.139 67.3385 101.3777 9.9163 19.8199 7.467 9.2647 9.8178 21.4487 27.0262 3.9275 41.975 61.2102 89.9978 106.0052 74.2593 10.4771 337.6995 204.6072 204.6072 130.6806 25.0001 71.4957 69.5655 31.089 87.2991 189.715 32.4343 195.4211 283.9424 15.9267 199.5609 89.4986 233.2919 191.6912;
	3.1361 42.3756 94.1628 119.9394 14.5754 25.5899 13.263 18.5762 12.4794 22.4393 41.4788 61.8781 93.1572 22.0553 19.8276 7.47 9.2683 9.8216 34.1905 26.6717 4.421 59.7097 65.6642 89.841 105.7327 74.0525 9.1834 264.8733 193.8743 193.8743 122.6909 24.0304 113.9685 68.6531 69.1464 82.7197 160.9468 33.2229 233.2004 283.2125 14.87 283.877 97.5434 229.7116 162.6233;
	2.6598 35.94 91.7339 118.9078 14.1457 26.0254 12.8071 18.3261 13.3883 28.0336 51.8197 77.3048 116.382 37.5766 20.1059 7.5748 9.3984 9.9595 37.6008 34.3315 4.269 60.7258 72.2277 87.8168 103.8829 71.6148 12.2781 256.1785 224.4914 224.4914 100.4785 16.8564 125.336 88.3693 117.8078 95.783 194.1491 28.24 171.1518 278.2577 10.2034 288.708 102.7662 239.7713 196.1715;
	1.958 26.4573 74.143 119.4839 14.806 22.379 14.3941 18.9234 20.8958 29.2658 54.0974 80.7027 121.4975 36.7907 28.9232 10.8967 13.5199 14.3271 51.8067 52.9643 4.798 52.2176 75.0191 89.1368 103.8916 72.8705 13.3182 145.8067 181.4931 181.4931 92.1648 10.22 172.6891 136.3303 115.3438 77.437 134.3421 41.9191 195.8413 278.2811 10.189 248.2572 97.0506 222.8656 135.7415;
	2.8961 39.1321 87.9222 112.745 14.4319 27.9685 12.707 19.0469 22.7552 29.193 53.9627 80.5018 121.195 43.6489 10.5023 3.9567 4.9092 5.2023 60.6752 44.9952 4.2357 65.2598 74.7517 87.6616 102.3903 71.3876 13.1525 157.3627 149.1279 149.1279 85.1596 9.4829 202.2508 115.8178 136.8451 63.6279 147.1757 60.6966 152.1066 274.2598 18.3662 310.2636 93.255 246.1754 148.7088;
	1.9526 26.3838 84.5526 110.0304 12.2602 15.0183 10.7142 17.8647 26.4466 29.1581 53.8983 80.4057 121.0504 42.8087 0.0 0.0 0.0 0.0 72.3383 41.1657 3.5714 35.0428 73.2281 82.8202 98.0157 70.9189 12.2416 277.8297 235.6547 235.6547 105.4974 11.0501 241.1276 105.9605 134.2112 100.546 251.9204 27.0843 85.8244 262.5421 0.07 166.6035 85.2568 206.9744 254.5446;
	1.7796 24.0459 81.0802 109.1275 13.0292 28.244 14.3876 17.7529 26.9426 29.3933 54.333 81.0542 122.0266 46.3147 11.7766 4.4368 5.5049 5.8335 68.2667 34.8606 4.7959 65.9026 73.3892 87.9167 96.7835 71.9919 12.4756 375.2643 314.4366 314.4366 169.0692 15.731 227.5555 89.7313 145.2029 134.1596 352.3083 28.9327 175.3499 259.2416 3.6607 313.3198 100.5025 181.4728 355.9782;
	1.8644 25.1925 88.7965 96.3316 12.8651 31.9635 20.0679 18.4095 27.0517 30.0386 55.5259 82.8338 124.7058 48.5402 8.9036 3.3544 4.1619 4.4104 80.7904 50.1459 6.6893 74.5814 75.0915 87.3364 98.5111 70.2615 12.756 502.2025 370.7833 370.7833 276.5038 18.0227 269.3012 129.0757 152.1802 158.2009 463.788 41.6753 199.45 263.869 14.8425 354.5815 119.5739 186.5666 468.6191;
	2.9739 40.1834 84.7705 86.4644 14.23 31.4937 20.9022 16.7823 27.7874 28.8163 53.2665 79.4631 119.6312 41.9482 35.3941 13.3345 16.5447 17.5325 80.0375 59.1776 6.9674 73.4853 74.2671 84.7433 98.3572 67.0586 10.9307 636.2582 446.9966 446.9966 322.3347 25.9957 266.7916 152.3234 131.5132 190.7186 618.0723 54.2471 220.9961 263.4568 1.5242 349.3699 140.6944 200.988 624.5105;
	3.5604 48.1082 86.6454 103.6008 14.9453 31.3831 22.3785 17.443 28.0504 29.6169 54.7465 81.6709 122.9552 56.5831 63.8175 24.0429 29.8309 31.6119 85.4458 61.7315 7.4595 73.2272 71.5171 85.7701 98.5173 69.3929 11.245 732.5902 591.0482 591.0482 409.1242 29.4555 284.8194 158.8971 177.3957 252.1805 763.6485 77.7344 304.3195 263.8858 8.418 348.1429 140.4992 244.1868 771.6032;
	3.8429 51.9258 89.0854 109.7177 15.176 33.7079 27.2641 17.1892 28.3815 25.7993 47.6896 71.1435 107.1061 64.2436 99.0244 37.3069 46.2881 49.0516 86.3546 61.4541 9.088 78.6518 49.8249 88.2701 97.0072 66.2626 11.4043 885.1611 664.677 664.677 519.5561 36.3798 287.8487 158.183 201.4125 283.5955 986.247 113.7833 434.2751 259.8407 9.7058 373.933 162.006 239.5358 996.5205;
	3.5808 48.3851 90.5351 108.9031 14.3209 32.3696 28.6106 16.8285 27.2366 19.0905 35.2884 52.6434 79.2543 59.9706 128.0972 48.2599 59.878 63.4528 87.8382 67.8957 9.5369 75.5291 43.7986 85.6534 99.3113 67.1394 11.2814 953.2841 720.076 720.076 687.3962 46.7638 292.7941 174.7637 188.0158 307.2324 1024.2733 150.9316 358.5464 266.0123 15.6742 359.0867 170.654 249.3864 1034.9428;
	3.6822 49.754 91.3523 113.4261 14.5199 33.2473 30.3063 17.4607 26.5981 16.628 30.7366 45.8529 69.0313 62.0654 152.9349 57.6173 71.4882 75.7561 88.7628 68.7365 10.1021 77.5771 7.0617 84.9288 98.7982 70.8435 12.1267 1052.2844 752.67 752.67 720.5348 78.9748 295.8761 176.928 194.5834 321.1392 1078.5238 205.7124 404.8474 264.6381 62.9232 368.8239 207.4716 266.0823 1089.7584;
	3.6733 49.6343 94.7358 116.7512 15.2517 34.0012 31.381 18.5624 27.9023 17.5879 32.511 48.5 73.0165 61.5101 175.365 66.0677 81.9729 86.8668 90.8316 68.643 10.4603 79.3361 34.5275 89.3365 105.3085 71.884 13.2496 1178.0503 774.415 774.415 734.9723 94.713 302.7719 176.6874 192.8424 330.4171 1156.2162 237.892 447.9755 282.0764 116.9012 377.1867 197.9992 268.7277 1168.2601;
	3.7046 50.0578 93.1855 117.8463 15.0196 33.4458 32.1453 12.6799 26.9137 18.36 33.9383 50.6292 76.222 59.6661 185.1437 69.7518 86.5439 91.7107 88.424 66.9065 10.7151 78.0401 45.5407 85.8285 101.9237 56.0599 12.7019 1249.13 765.3052 765.3052 691.3871 108.2247 294.7466 172.2175 187.0613 326.5302 1180.5297 259.8572 463.408 273.01 118.0663 371.025 204.4833 265.2596 1192.8269;
