function windprofile = ex_wind_profilesh1
%EX_WIND_PROFILE_D  Example wind_load_nyiso profile data for deterministic unit commitment.
% 2022.03.12
% Andres F. Ramirez


%% define constants
[GEN_BUS, PG, QG, QMAX, QMIN, VG, MBASE, GEN_STATUS, PMAX, PMIN, ...
    MU_PMAX, MU_PMIN, MU_QMAX, MU_QMIN, PC1, PC2, QC1MIN, QC1MAX, ...
    QC2MIN, QC2MAX, RAMP_AGC, RAMP_10, RAMP_30, RAMP_Q, APF] = idx_gen;
[CT_LABEL, CT_PROB, CT_TABLE, CT_TBUS, CT_TGEN, CT_TBRCH, CT_TAREABUS, ...
    CT_TAREAGEN, CT_TAREABRCH, CT_ROW, CT_COL, CT_CHGTYPE, CT_REP, ...
    CT_REL, CT_ADD, CT_NEWVAL, CT_TLOAD, CT_TAREALOAD, CT_LOAD_ALL_PQ, ...
    CT_LOAD_FIX_PQ, CT_LOAD_DIS_PQ, CT_LOAD_ALL_P, CT_LOAD_FIX_P, ...
    CT_LOAD_DIS_P, CT_TGENCOST, CT_TAREAGENCOST, CT_MODCOST_F, ...
    CT_MODCOST_X] = idx_ct;

windprofile = struct( ...
    'type', 'mpcData', ...
    'table', CT_TGEN, ...
    'rows', [1:45], ...
    'col', PMAX, ...
    'chgtype', 1, ...
    'values', [] );
windprofile.values(:,1,:) = [
	3.0447 41.1404 86.6544 107.1244 13.9761 12.409 15.7375 16.0643 26.8556 23.9796 44.3259 66.1256 99.5517 4.0097 22.2662 8.3887 10.4081 11.0295 13.2724 28.4595 5.2458 28.9543 56.7058 74.8448 88.8389 57.3685 7.7704 594.4751 267.5815 267.5815 173.098 32.7968 44.2414 73.2548 12.5711 114.1681 418.2511 49.3671 297.5247 237.9613 12.9788 137.6569 105.4141 217.2777 422.6079;
	3.182 42.9952 83.6352 102.9163 13.166 13.3371 15.3123 14.4864 25.653 23.4545 43.3553 64.6775 97.3717 4.0406 12.8644 4.8466 6.0134 6.3724 10.5025 15.7608 5.1041 31.12 53.2334 78.0526 83.5715 64.3137 6.7171 642.3094 303.8924 303.8924 145.836 28.9855 35.0085 40.5683 12.6677 129.6607 436.2036 43.9956 309.0456 223.8523 10.687 147.9534 98.2256 195.9148 440.7474;
	3.2348 43.7096 88.8641 111.6252 14.3636 11.5332 13.7355 16.9265 27.0513 23.4262 43.303 64.5995 97.2542 5.9144 13.8878 5.2321 6.4917 6.8793 20.1097 24.1069 4.5785 26.9108 63.3876 83.9977 90.7937 67.7 8.4249 662.7704 309.7557 309.7557 128.5928 31.0849 67.0324 62.0513 18.5424 132.1624 398.9951 29.0586 235.1297 243.1973 21.6232 127.9417 85.0223 195.4747 403.1513;
	2.8992 39.1748 89.7267 112.3837 14.516 10.6381 12.4066 17.8567 26.0784 23.3993 43.2533 64.5254 97.1427 9.4951 13.0227 4.9062 6.0873 6.4508 11.6665 23.0184 4.1355 24.8223 67.095 85.7698 97.8447 71.6189 10.2173 516.4557 204.5712 204.5712 108.8968 23.6213 38.8883 59.2494 29.7683 87.2837 296.2641 17.4379 180.5349 262.0841 26.2508 118.0125 77.1933 203.2369 299.3502;
	2.2625 30.5714 85.8385 110.6704 14.3637 8.661 11.3261 17.1674 16.6805 21.4259 39.6054 59.0835 88.9499 12.5943 14.8084 5.579 6.9221 7.3353 20.2938 25.0872 3.7754 20.2089 55.5512 85.9638 96.9989 70.6133 9.5571 336.9567 183.2849 183.2849 73.8667 17.4015 67.6461 64.5746 39.4847 78.2015 176.921 23.7425 164.9829 259.8184 14.2358 96.0791 75.553 205.8158 178.7639;
	2.83 38.2394 86.2773 105.3292 14.1309 18.1211 11.8195 17.3727 9.3567 19.565 36.1656 53.952 81.2244 24.5423 18.3818 6.9253 8.5924 9.1054 32.8891 30.7026 3.9398 42.2826 57.5009 82.8991 96.3357 70.1346 8.1184 305.2126 172.42 172.42 113.7668 21.801 109.6304 79.0286 76.9434 73.5659 150.2859 23.3166 172.8806 258.042 11.1555 201.0234 80.7303 206.1048 151.8514;
	2.5436 34.3702 87.6679 110.3742 14.2309 20.7678 12.9765 17.4017 11.1104 26.6512 49.2644 73.4927 110.6429 41.1239 23.1194 8.7101 10.807 11.4522 34.8724 35.9376 4.3255 48.4581 67.8759 85.0752 98.5699 70.8356 11.9378 265.2417 217.4248 217.4248 95.2386 16.4781 116.2415 92.5035 128.9291 92.7679 188.8442 19.0219 157.461 264.0264 10.5014 230.3836 92.8895 230.84 190.8114;
	1.776 23.9979 68.0119 109.2119 14.7373 13.8153 12.1454 17.3624 18.5258 25.4344 47.0152 70.1374 105.5914 39.94 23.8034 8.9678 11.1267 11.791 46.5154 49.8427 4.0485 32.2358 68.5783 86.8604 98.9847 70.1058 12.4864 151.5414 172.7929 172.7929 89.5008 10.0001 155.0512 128.2952 125.2173 73.725 126.8367 16.8621 164.5839 265.1376 5.2925 153.258 86.413 199.9417 128.1579;
	2.6603 35.9467 82.4758 101.086 14.4533 21.7516 11.044 17.9464 20.4195 24.5543 45.3882 67.7103 101.9374 43.3308 14.5191 5.47 6.7868 7.192 58.7754 50.4395 3.6813 50.7537 63.7147 88.2504 103.0801 70.0298 11.827 127.7385 131.4345 131.4345 78.6938 7.8047 195.9181 129.8314 135.8481 56.0787 115.4965 17.1612 134.0885 276.1075 15.6695 241.2976 70.2165 227.1707 116.6996;
	1.7847 24.1149 79.9349 102.5764 12.2448 9.9772 10.2879 17.5909 25.2782 26.698 49.3509 73.6219 110.8373 43.928 0.0239 0.009 0.0112 0.0118 63.6934 48.1261 3.4293 23.2802 67.9163 86.2683 101.0054 69.1499 11.953 241.3318 184.1273 184.1273 90.5749 9.9518 212.3113 123.8768 137.7201 78.561 216.4687 17.3675 23.9205 270.55 0.8346 110.6807 62.364 207.9251 218.7235;
	1.587 21.444 75.2261 97.4268 12.0161 24.2696 13.107 17.1907 25.2109 27.2217 50.3189 75.0659 113.0113 50.5125 0.011 0.0041 0.0051 0.0055 59.8267 36.1013 4.369 56.6292 59.2528 86.0972 94.1134 68.7809 11.5207 324.212 260.3991 260.3991 141.5649 13.7083 199.4224 92.9248 158.3635 111.1036 314.509 20.3692 152.0282 252.0894 1.3302 269.2312 87.3309 186.6625 317.7852;
	1.6801 22.702 80.8611 89.5815 11.6766 30.1528 19.3987 17.2893 26.3401 28.1556 52.0452 77.6412 116.8883 53.1845 2.4111 0.9084 1.1271 1.1944 74.3654 49.3399 6.4662 70.3566 65.428 85.5048 92.6621 69.3649 11.9152 445.4046 324.9102 324.9102 259.1157 17.7977 247.8848 127.001 166.7406 138.6284 439.3955 36.4576 183.2224 248.202 2.8228 334.4953 103.023 182.7359 443.9725;
	2.8152 38.0398 86.2591 84.1827 13.5906 31.5791 20.0489 16.7984 26.4135 28.6784 53.0116 79.0829 119.0589 55.8276 33.4683 12.609 15.6445 16.5785 77.7056 57.6643 6.683 73.6846 64.7744 85.7676 98.1268 70.373 11.3574 567.8983 398.1755 398.1755 289.5384 26.361 259.0187 148.428 175.027 169.8882 568.6328 50.4684 184.1109 262.8396 0.763 350.3175 132.876 223.2099 574.5561;
	3.5999 48.6427 82.6326 103.5955 14.3308 32.0052 22.0218 17.6985 26.8242 30.0303 55.5105 82.8107 124.6711 56.5245 58.3771 21.9932 27.2879 28.917 82.1799 55.9012 7.3406 74.6789 64.7783 85.154 97.424 71.31 11.8367 768.4806 559.2916 559.2916 397.1303 32.5053 273.9329 143.8897 177.2118 238.6311 739.2696 80.2749 253.4141 260.9573 0.6381 355.0448 141.4706 254.5627 746.9703;
	3.7633 50.8504 86.1895 108.6451 14.4589 33.6346 24.5785 18.0374 26.1856 24.7444 45.7396 68.2345 102.7267 64.0588 76.4787 28.8129 35.7494 37.8836 78.1752 49.5812 8.1928 78.4807 25.1566 83.3539 96.8395 69.0098 13.0968 984.6858 624.8067 624.8067 496.4681 39.7069 260.5841 127.6222 200.833 266.5842 961.3261 112.9838 345.0528 259.3916 1.1218 373.1198 157.2272 252.0101 971.3399;
	3.7126 50.1652 89.537 109.5798 14.5019 33.6441 26.824 17.177 26.2851 20.1194 37.1903 55.4807 83.5258 65.7384 124.9313 47.0671 58.3981 61.8846 85.6822 64.0189 8.9413 78.503 20.2109 83.2815 97.1259 69.9203 12.6561 1099.4837 697.6381 697.6381 683.7237 50.5956 285.6074 164.7848 206.0989 297.6589 1027.3204 164.9196 338.6197 260.1586 8.185 373.2258 170.6057 264.8598 1038.0217;
	3.6089 48.7643 87.3626 109.0738 14.1389 32.9033 27.6069 17.462 25.8278 15.9393 29.4636 43.9539 66.1724 65.5696 137.1925 51.6865 64.1295 67.9581 84.162 66.7781 9.2023 76.7743 0.9962 82.4789 96.8392 70.8934 12.0075 1074.1551 722.9858 722.9858 728.5931 83.6017 280.54 171.8869 205.5694 308.4739 1023.1962 219.2045 295.112 259.3908 0.0455 365.0069 186.7115 271.4452 1033.8545;
	3.7814 51.0945 92.2588 110.3795 14.3941 33.7272 27.6687 18.2246 25.9457 16.0068 29.5883 44.1399 66.4524 65.6584 170.3099 64.1633 79.61 84.3628 87.6472 68.7844 9.2229 78.6968 3.3294 84.1967 101.4881 71.8176 12.9764 1104.3131 742.3133 742.3133 710.9324 99.3067 292.1573 177.0511 205.848 316.7204 1056.8026 244.5657 368.1251 271.8431 108.9596 374.1472 182.214 267.0991 1067.8109;
	3.7367 50.4916 92.7582 116.1438 15.1473 34.4934 31.1687 14.7823 27.419 20.064 37.088 55.328 83.2961 67.1383 175.2443 66.0223 81.9165 86.8071 87.4491 66.6424 10.3896 80.4847 23.1481 84.7862 101.7251 67.7359 12.9868 1223.0307 779.4313 779.4313 686.6125 107.4673 291.4968 171.5377 210.4875 332.5573 1134.5452 251.6194 441.4871 272.4779 117.1358 382.6472 201.5425 280.5134 1146.3633;
