function solarprofile = ex_solar_profilesh1
%EX_WIND_PROFILE_D  Example wind_load_nyiso profile data for deterministic unit commitment.
% 2022.03.12
% Andres F. Ramirez


%% define constants
[GEN_BUS, PG, QG, QMAX, QMIN, VG, MBASE, GEN_STATUS, PMAX, PMIN, ...
    MU_PMAX, MU_PMIN, MU_QMAX, MU_QMIN, PC1, PC2, QC1MIN, QC1MAX, ...
    QC2MIN, QC2MAX, RAMP_AGC, RAMP_10, RAMP_30, RAMP_Q, APF] = idx_gen;
[CT_LABEL, CT_PROB, CT_TABLE, CT_TBUS, CT_TGEN, CT_TBRCH, CT_TAREABUS, ...
    CT_TAREAGEN, CT_TAREABRCH, CT_ROW, CT_COL, CT_CHGTYPE, CT_REP, ...
    CT_REL, CT_ADD, CT_NEWVAL, CT_TLOAD, CT_TAREALOAD, CT_LOAD_ALL_PQ, ...
    CT_LOAD_FIX_PQ, CT_LOAD_DIS_PQ, CT_LOAD_ALL_P, CT_LOAD_FIX_P, ...
    CT_LOAD_DIS_P, CT_TGENCOST, CT_TAREAGENCOST, CT_MODCOST_F, ...
    CT_MODCOST_X] = idx_ct;

solarprofile = struct( ...
    'type', 'mpcData', ...
    'table', CT_TGEN, ...
    'rows', [1:12], ...
    'col', PMAX, ...
    'chgtype', 1, ...
    'values', [] );
solarprofile.values(:,1,:) = [
	0.0 0.0 0.0 0.0 0.0 0.0 0.0 0.0 0.0 0.0 0.0 0.0;
	0.0 0.0 0.0 0.0 0.0 0.0 0.0 0.0 0.0 0.0 0.0 0.0;
	0.0 0.0 0.0 0.0 0.0 0.0 0.0 0.0 0.0 0.0 0.0 0.0;
	0.0 0.0 0.0 0.0 0.0 0.0 0.0 0.0 0.0 0.0 0.0 0.0;
	0.0 0.0 0.0 0.0 0.0 0.0 0.0 0.0 0.0 0.0 0.0 0.0;
	0.103 0.0972 0.1051 0.0 0.0 0.1251 0.0156 0.4689 0.0 0.0 0.0 0.0;
	6.6307 9.7598 3.8683 1.2241 5.2911 45.4842 5.6855 13.0812 26.174 54.5668 35.0933 98.8208;
	9.5997 11.8915 9.2622 5.3336 10.9159 100.8686 12.6086 22.0157 67.7275 121.7347 86.5779 220.4623;
	15.2805 14.8522 13.1642 8.0004 12.1745 128.805 16.1006 29.8691 95.2953 206.871 142.8447 374.6446;
	25.1911 17.0327 14.2118 5.7588 11.5197 379.3442 47.418 63.9542 231.6888 256.7358 187.0468 464.9501;
	26.1172 17.0363 13.8463 2.8869 10.8562 314.7343 39.3418 61.1283 144.4552 289.7814 232.8784 524.7959;
	24.8577 16.8649 13.4254 2.8399 10.8732 275.6099 34.4512 59.4733 87.4869 297.2377 230.9625 538.2993;
	24.8789 16.6992 13.7384 1.5689 9.0829 368.8695 46.1087 61.5952 199.8053 250.8387 155.3662 454.2705;
	22.9209 16.1565 13.2559 2.4485 9.2571 401.7709 50.2214 62.9589 234.2171 220.8823 106.3066 400.0192;
	21.8472 14.4723 11.7455 2.0115 7.4856 413.8069 51.7259 60.3314 243.5631 175.6107 85.7055 318.0321;
	15.818 10.5409 8.8584 1.8918 4.0073 243.1092 30.3886 23.8964 103.393 49.7572 25.9037 90.1105;
	1.1307 1.1037 0.778 1.4421 2.2621 55.4213 6.9277 8.0595 29.03 16.0718 10.3958 29.1062;
	0.0 0.0 0.0 0.0 0.0 0.0 0.0 0.0 0.0 0.0 0.0 0.0;
	0.0 0.0 0.0 0.0 0.0 0.0 0.0 0.0 0.0 0.0 0.0 0.0;
	0.0 0.0 0.0 0.0 0.0 0.0 0.0 0.0 0.0 0.0 0.0 0.0;
	0.0 0.0 0.0 0.0 0.0 0.0 0.0 0.0 0.0 0.0 0.0 0.0;
	0.0 0.0 0.0 0.0 0.0 0.0 0.0 0.0 0.0 0.0 0.0 0.0;
	0.0 0.0 0.0 0.0 0.0 0.0 0.0 0.0 0.0 0.0 0.0 0.0;
	0.0 0.0 0.0 0.0 0.0 0.0 0.0 0.0 0.0 0.0 0.0 0.0;
];
