function windprofile = ex_wind_profilesh1
%EX_WIND_PROFILE_D  Example wind_load_nyiso profile data for deterministic unit commitment.
% 2022.03.12
% Andres F. Ramirez


%% define constants
[GEN_BUS, PG, QG, QMAX, QMIN, VG, MBASE, GEN_STATUS, PMAX, PMIN, ...
    MU_PMAX, MU_PMIN, MU_QMAX, MU_QMIN, PC1, PC2, QC1MIN, QC1MAX, ...
    QC2MIN, QC2MAX, RAMP_AGC, RAMP_10, RAMP_30, RAMP_Q, APF] = idx_gen;
[CT_LABEL, CT_PROB, CT_TABLE, CT_TBUS, CT_TGEN, CT_TBRCH, CT_TAREABUS, ...
    CT_TAREAGEN, CT_TAREABRCH, CT_ROW, CT_COL, CT_CHGTYPE, CT_REP, ...
    CT_REL, CT_ADD, CT_NEWVAL, CT_TLOAD, CT_TAREALOAD, CT_LOAD_ALL_PQ, ...
    CT_LOAD_FIX_PQ, CT_LOAD_DIS_PQ, CT_LOAD_ALL_P, CT_LOAD_FIX_P, ...
    CT_LOAD_DIS_P, CT_TGENCOST, CT_TAREAGENCOST, CT_MODCOST_F, ...
    CT_MODCOST_X] = idx_ct;

windprofile = struct( ...
    'type', 'mpcData', ...
    'table', CT_TGEN, ...
    'rows', [1:45], ...
    'col', PMAX, ...
    'chgtype', 1, ...
    'values', [] );
windprofile.values(:,1,:) = [
	3.637 49.144 89.5849 115.6147 14.554 12.4967 14.9144 18.191 27.2471 24.3973 45.098 67.2774 101.2858 6.9584 18.9243 7.1296 8.846 9.3741 10.0009 27.0986 4.9715 29.159 54.82 87.0737 100.8323 75.1529 8.1123 693.3835 370.7731 370.7731 197.3595 39.0607 33.3363 69.7519 21.8155 158.1965 500.9487 54.3531 299.5487 270.0866 15.1127 138.6303 121.6258 217.6178 506.1669;
	3.6524 49.3515 88.9255 111.2149 14.553 14.8977 14.9279 16.5848 26.7488 24.1645 44.6677 66.6354 100.3192 7.6095 13.417 5.0548 6.2717 6.6461 10.5443 15.4527 4.976 34.7612 53.9078 84.9067 91.7555 72.2343 7.0144 699.1959 369.1748 369.1748 168.6614 36.0635 35.1476 39.7752 23.8568 157.5146 499.1972 54.4999 292.1037 245.7737 10.6387 165.2647 114.5988 213.5336 504.3971;
	3.4624 46.7845 90.3434 114.2593 14.6628 12.7152 13.7504 18.2882 27.8481 24.4477 45.1911 67.4163 101.4949 9.9359 17.5909 6.6273 8.2227 8.7136 18.6759 23.5444 4.5835 29.6687 67.048 87.9881 99.0452 75.0369 8.5009 634.8055 349.7025 349.7025 149.5396 33.8858 62.253 60.6033 31.1504 149.2064 408.9676 39.4668 246.5184 265.2996 13.0048 141.0534 92.7105 207.2511 413.2277;
	2.9799 40.2646 90.4636 112.1763 14.1292 10.9402 12.5631 18.101 27.6722 24.877 45.9847 68.6002 103.2772 12.5584 9.6165 3.623 4.4951 4.7635 9.4197 23.0262 4.1877 25.5272 66.6803 87.2866 100.1324 75.5691 9.8167 493.6249 264.2703 264.2703 157.524 30.978 31.399 59.2696 39.3723 112.7553 297.5026 33.8459 190.5795 268.2119 12.8736 121.3637 81.7645 214.3501 300.6016;
	2.2043 29.7856 88.3318 112.6691 13.5833 12.1967 10.8604 18.39 17.3567 22.6273 41.8261 62.3964 93.9374 13.8884 17.9554 6.7646 8.3931 8.8942 19.0105 26.051 3.6201 28.4589 55.9639 87.8926 101.7143 75.2179 9.8687 395.118 208.9146 208.9146 127.8326 27.3059 63.3682 67.0554 43.5421 89.1369 190.295 33.5428 175.3281 272.4491 13.0502 135.3017 83.2718 217.5686 192.2772;
	2.9389 39.7109 89.5282 115.8947 13.7608 19.5512 11.56 18.3182 10.0354 21.5902 39.9091 59.5365 89.6319 28.0532 18.4787 6.9617 8.6377 9.1534 31.97 25.072 3.8533 45.6194 59.1609 88.9176 102.285 74.4463 8.3952 332.9929 188.5384 188.5384 118.5953 23.8268 106.5667 64.5354 87.9505 80.4431 165.8966 31.7675 191.1688 273.9777 12.1638 216.8878 94.6933 220.8573 167.6247;
	2.6148 35.3319 90.1365 116.0348 14.4645 22.09 12.3478 17.6327 12.3091 28.4306 52.5536 78.3997 118.0303 39.9315 24.2237 9.1261 11.3232 11.9992 35.0728 34.2637 4.1159 51.5433 69.0689 88.8471 101.999 73.0504 11.2226 265.6086 215.6908 215.6908 96.7726 17.1348 116.9093 88.1948 125.1905 92.0281 176.0911 25.1582 171.4094 273.2115 11.7748 245.0515 100.9433 231.0524 177.9253;
	1.7734 23.9631 67.1371 111.6751 14.3978 17.1104 12.9571 17.5905 19.144 28.7903 53.2184 79.3914 119.5233 37.4617 24.11 9.0833 11.27 11.9429 49.2743 50.9909 4.319 39.9242 71.7112 84.0184 98.19 72.0921 12.6301 150.1898 166.1953 166.1953 82.7305 12.0918 164.2478 131.2507 117.4474 70.91 126.8047 24.804 187.0796 263.0091 10.4442 189.8111 94.854 192.4441 128.1256;
	2.55 34.4555 83.1764 102.3427 14.3548 20.7605 10.1821 18.2047 19.5425 29.2905 54.143 80.7707 121.5998 41.2525 16.2059 6.1055 7.5753 8.0276 57.8164 50.7967 3.394 48.4411 71.6163 88.1341 99.241 72.4673 12.7413 96.0672 117.6329 117.6329 67.5749 9.2494 192.7212 130.7509 129.3323 50.19 109.2838 22.7184 130.9283 265.824 19.1682 230.3029 76.5304 222.0822 110.4222;
	1.9101 25.8097 83.1184 107.6447 13.1893 13.0675 10.1865 17.5521 25.9443 29.6765 54.8566 81.8352 123.2025 44.3652 0.0 0.0 0.0 0.0 63.6976 41.2093 3.3955 30.4909 73.0074 86.3198 98.3001 73.3832 11.9054 242.8186 222.3236 222.3236 96.5413 10.9892 212.3253 106.0729 139.0909 94.8581 201.553 25.8331 269.3087 263.3039 5.4862 144.9626 77.6492 206.0777 203.6525;
	1.6618 22.4549 77.527 107.239 13.2569 24.8123 14.5236 17.1335 27.3372 30.2786 55.9696 83.4956 125.7021 48.631 8.9972 3.3896 4.2057 4.4568 62.5643 33.5802 4.8412 57.8953 72.8631 86.862 94.1679 70.8922 10.9096 347.9443 288.5106 288.5106 149.4128 13.4106 208.5478 86.4356 152.4647 123.0978 300.2467 28.4356 175.1667 252.2354 17.893 275.2509 97.5762 170.8294 303.3742;
	1.5779 21.3213 84.5856 93.1527 12.6799 27.8637 19.5049 17.616 26.7273 29.6137 54.7405 81.662 122.9417 48.4533 1.1662 0.4394 0.5451 0.5777 73.9354 42.9794 6.5016 65.0153 71.2747 85.9997 97.0917 73.1426 11.5987 398.9239 315.8013 315.8013 250.1424 16.5849 246.4515 110.629 151.9075 134.7419 373.0844 41.6441 194.7765 260.067 5.4424 309.1013 102.5142 170.2785 376.9707;
	2.8394 38.3669 88.0955 91.7461 14.3913 29.3408 21.565 17.4046 27.1124 28.6167 52.8976 78.9128 118.8029 54.7737 24.9129 9.3858 11.6453 12.3406 76.0206 45.0061 7.1883 68.4619 69.3463 87.5629 99.8729 70.9812 10.8832 606.7793 422.9051 422.9051 299.1806 24.5268 253.4021 115.8457 171.7231 180.4395 577.5562 59.4366 214.3678 267.5167 3.0568 325.4873 137.5709 209.2158 583.5724;
	3.4908 47.1687 88.2473 108.5711 14.8392 28.4062 22.6445 17.3977 26.6016 27.8658 51.5095 76.8421 115.6854 51.7666 28.2521 10.6438 13.2062 13.9946 74.7131 33.696 7.5482 66.2811 59.4022 87.3562 101.2923 72.0298 10.7019 790.6603 562.3709 562.3709 369.2642 27.8413 249.0437 86.7335 162.2953 239.9449 714.1936 84.4399 293.2518 271.3187 2.396 315.1191 130.7214 245.3411 721.6332;
	3.555 48.0359 88.0279 110.9701 15.028 32.2465 26.3279 17.8129 27.0878 24.8486 45.9322 68.5218 103.1592 61.3182 72.2241 27.21 33.7606 35.7761 76.6207 47.4523 8.776 75.2419 43.1253 87.2228 100.9043 73.168 12.3401 997.2523 611.296 611.296 462.3859 34.0781 255.4024 122.1423 192.2409 260.8196 911.1286 110.1468 400.1605 270.2793 0.0 357.7216 151.6667 246.7509 920.6196;
	3.6048 48.709 86.7125 103.6855 14.8486 32.1679 27.7104 16.8895 26.5482 18.2043 33.6504 50.1998 75.5755 55.6227 106.5438 40.1398 49.803 52.7764 74.6564 55.4845 9.2368 75.0585 30.0409 84.5204 97.6198 68.6292 11.9244 1086.3863 711.7511 711.7511 654.4524 47.057 248.8548 142.8171 174.3848 303.6805 1008.4923 162.0284 366.182 261.4816 0.0 356.8494 165.8257 260.1159 1018.9974;
	3.7598 50.8031 91.9191 116.1244 14.655 33.0393 30.1031 18.8919 27.2659 20.2471 37.4264 55.8328 84.056 61.3961 137.2562 51.7105 64.1593 67.9897 84.1225 67.2075 10.0344 77.0918 31.5544 89.6657 104.9947 76.1522 13.3491 1050.483 727.6484 727.6484 689.2205 80.7978 280.4083 172.9923 192.4851 310.4633 990.5057 206.157 369.5967 281.2358 0.1457 366.5163 204.4311 277.3662 1000.8235;
	3.632 49.0766 92.9534 115.0631 14.1472 32.2236 28.891 18.5558 26.1187 17.5875 32.5103 48.4989 73.0149 60.5816 163.1202 61.4546 76.2492 80.8014 85.0933 67.9726 9.6303 75.1884 33.4233 87.4998 102.03 74.2765 13.467 1094.5188 743.0364 743.0364 685.9641 91.3166 283.6444 174.9617 189.9315 317.0289 1046.8667 227.2074 411.0228 273.2946 110.0281 357.4669 193.0804 263.151 1057.7716;
	3.7349 50.4661 90.0646 115.8347 13.9842 32.8586 30.3686 13.4075 25.8056 20.6775 38.222 57.0196 85.8428 56.1605 169.8014 63.9717 79.3723 84.1109 83.9154 67.3396 10.1229 76.6701 49.8037 87.3448 102.4844 67.9582 12.9367 1153.9482 727.5109 727.5109 640.855 99.7216 279.7181 173.3323 176.0706 310.4046 1048.587 229.4219 430.6448 274.5119 118.0885 364.5117 203.7698 267.6254 1059.5098;
