function solarprofile = ex_solar_profilesh1
%EX_WIND_PROFILE_D  Example wind_load_nyiso profile data for deterministic unit commitment.
% 2022.03.12
% Andres F. Ramirez


%% define constants
[GEN_BUS, PG, QG, QMAX, QMIN, VG, MBASE, GEN_STATUS, PMAX, PMIN, ...
    MU_PMAX, MU_PMIN, MU_QMAX, MU_QMIN, PC1, PC2, QC1MIN, QC1MAX, ...
    QC2MIN, QC2MAX, RAMP_AGC, RAMP_10, RAMP_30, RAMP_Q, APF] = idx_gen;
[CT_LABEL, CT_PROB, CT_TABLE, CT_TBUS, CT_TGEN, CT_TBRCH, CT_TAREABUS, ...
    CT_TAREAGEN, CT_TAREABRCH, CT_ROW, CT_COL, CT_CHGTYPE, CT_REP, ...
    CT_REL, CT_ADD, CT_NEWVAL, CT_TLOAD, CT_TAREALOAD, CT_LOAD_ALL_PQ, ...
    CT_LOAD_FIX_PQ, CT_LOAD_DIS_PQ, CT_LOAD_ALL_P, CT_LOAD_FIX_P, ...
    CT_LOAD_DIS_P, CT_TGENCOST, CT_TAREAGENCOST, CT_MODCOST_F, ...
    CT_MODCOST_X] = idx_ct;

solarprofile = struct( ...
    'type', 'mpcData', ...
    'table', CT_TGEN, ...
    'rows', [1:12], ...
    'col', PMAX, ...
    'chgtype', 1, ...
    'values', [] );
solarprofile.values(:,1,:) = [
	0.0 0.0 0.0 0.0 0.0 0.0 0.0 0.0 0.0 0.0 0.0 0.0;
	0.0 0.0 0.0 0.0 0.0 0.0 0.0 0.0 0.0 0.0 0.0 0.0;
	0.0 0.0 0.0 0.0 0.0 0.0 0.0 0.0 0.0 0.0 0.0 0.0;
	0.0 0.0 0.0 0.0 0.0 0.0 0.0 0.0 0.0 0.0 0.0 0.0;
	0.0 0.0 0.0 0.0 0.0 0.0 0.0 0.0 0.0 0.0 0.0 0.0;
	0.0951 0.1055 0.1118 0.0 0.0 0.1251 0.0156 0.1784 0.0 0.0 0.0 0.0;
	2.0108 1.7938 1.1816 1.7193 4.0227 11.1745 1.3968 7.8882 0.012 15.394 6.7662 27.8787;
	8.2083 6.6099 4.9671 6.3321 8.2736 31.5875 3.9484 36.1795 12.6133 41.4354 5.5719 75.0398;
	14.2718 10.3049 7.0768 9.5657 10.233 48.6526 6.0816 46.935 24.8357 100.0019 11.9291 181.104;
	21.1483 10.7471 11.6462 10.7943 11.0256 147.3597 18.42 61.78 65.6676 186.1958 51.3709 337.2018;
	22.7375 11.2507 13.1137 11.1561 11.2989 167.4038 20.9255 59.5143 124.6871 210.5024 94.489 381.2211;
	23.5199 14.7971 13.2624 11.1196 10.9131 271.6878 33.961 61.1369 188.4575 215.4194 107.6219 390.1259;
	24.7383 16.5824 13.7925 3.6707 1.8523 285.0908 35.6363 66.1428 183.515 191.3261 115.835 346.4928;
	21.211 15.8525 13.2857 2.7446 0.7713 237.4572 29.6821 65.6249 144.328 198.7874 106.4737 360.0052;
	13.8041 9.3301 8.2028 1.62 0.2421 112.0843 14.0105 59.2941 71.1205 165.6037 98.8957 299.9094;
	2.671 1.1813 0.8033 1.2483 0.6842 8.9358 1.117 8.0546 8.3704 51.2053 24.7207 92.7332;
	1.0116 0.8106 0.5936 0.7436 1.3938 36.4352 4.5544 6.726 23.054 16.5842 9.5768 30.0342;
	0.0 0.0 0.0 0.0 0.0 0.0 0.0 0.0 0.0 0.0 0.0 0.0;
	0.0 0.0 0.0 0.0 0.0 0.0 0.0 0.0 0.0 0.0 0.0 0.0;
	0.0 0.0 0.0 0.0 0.0 0.0 0.0 0.0 0.0 0.0 0.0 0.0;
	0.0 0.0 0.0 0.0 0.0 0.0 0.0 0.0 0.0 0.0 0.0 0.0;
	0.0 0.0 0.0 0.0 0.0 0.0 0.0 0.0 0.0 0.0 0.0 0.0;
	0.0 0.0 0.0 0.0 0.0 0.0 0.0 0.0 0.0 0.0 0.0 0.0;
	0.0 0.0 0.0 0.0 0.0 0.0 0.0 0.0 0.0 0.0 0.0 0.0;
];
