function solarprofile = ex_solar_profilesh1
%EX_WIND_PROFILE_D  Example wind_load_nyiso profile data for deterministic unit commitment.
% 2022.03.12
% Andres F. Ramirez


%% define constants
[GEN_BUS, PG, QG, QMAX, QMIN, VG, MBASE, GEN_STATUS, PMAX, PMIN, ...
    MU_PMAX, MU_PMIN, MU_QMAX, MU_QMIN, PC1, PC2, QC1MIN, QC1MAX, ...
    QC2MIN, QC2MAX, RAMP_AGC, RAMP_10, RAMP_30, RAMP_Q, APF] = idx_gen;
[CT_LABEL, CT_PROB, CT_TABLE, CT_TBUS, CT_TGEN, CT_TBRCH, CT_TAREABUS, ...
    CT_TAREAGEN, CT_TAREABRCH, CT_ROW, CT_COL, CT_CHGTYPE, CT_REP, ...
    CT_REL, CT_ADD, CT_NEWVAL, CT_TLOAD, CT_TAREALOAD, CT_LOAD_ALL_PQ, ...
    CT_LOAD_FIX_PQ, CT_LOAD_DIS_PQ, CT_LOAD_ALL_P, CT_LOAD_FIX_P, ...
    CT_LOAD_DIS_P, CT_TGENCOST, CT_TAREAGENCOST, CT_MODCOST_F, ...
    CT_MODCOST_X] = idx_ct;

solarprofile = struct( ...
    'type', 'mpcData', ...
    'table', CT_TGEN, ...
    'rows', [1:12], ...
    'col', PMAX, ...
    'chgtype', 1, ...
    'values', [] );
solarprofile.values(:,1,:) = [
	0.0 0.0 0.0 0.0 0.0 0.0 0.0 0.0 0.0 0.0 0.0 0.0;
	0.0 0.0 0.0 0.0 0.0 0.0 0.0 0.0 0.0 0.0 0.0 0.0;
	0.0 0.0 0.0 0.0 0.0 0.0 0.0 0.0 0.0 0.0 0.0 0.0;
	0.0 0.0 0.0 0.0 0.0 0.0 0.0 0.0 0.0 0.0 0.0 0.0;
	0.0 0.0 0.0 0.0 0.0 0.0 0.0 0.0 0.0 0.0 0.0 0.0;
	0.1135 0.1034 0.1299 0.0 0.0 0.1251 0.0156 0.1784 0.4932 0.0 0.0 0.0;
	3.4999 2.6831 3.097 7.2526 3.5141 139.691 17.4614 18.8315 143.3782 66.1807 16.0782 119.8537;
	9.1335 7.3746 8.1706 11.2987 9.7467 203.0733 25.3842 30.5748 222.4113 154.4335 48.9366 279.6801;
	15.5243 12.2044 11.6798 11.2866 11.2478 196.4115 24.5514 32.5316 201.0541 202.724 95.9136 367.1343;
	23.1124 16.168 14.1478 10.8021 9.1854 392.723 49.0904 61.7922 251.8789 157.3138 88.9597 284.8963;
	23.5747 16.0537 13.4274 11.0214 10.1028 379.6541 47.4568 60.2762 239.5208 206.014 84.2907 373.0926;
	23.8364 16.0751 13.303 11.0198 10.5938 395.3035 49.4129 60.9773 254.5157 247.9359 84.5373 449.0134;
	27.3923 17.1145 14.2041 5.9564 3.6322 439.7517 54.969 67.3256 292.0535 207.1796 117.811 375.2036;
	27.4659 17.2453 14.3428 5.3045 2.3497 442.1672 55.2709 70.191 298.2682 193.4409 118.2866 350.3226;
	25.279 17.0039 13.4969 3.6399 1.7613 431.7925 53.9741 71.661 293.4277 154.1371 99.3319 279.1433;
	7.6692 6.1153 5.1183 1.6923 2.5073 169.7583 21.2198 59.3729 212.6331 40.3785 14.7036 73.1257;
	0.9244 0.7581 0.5599 0.7538 2.139 45.4653 5.6832 12.2508 40.8362 15.7541 7.4922 28.5307;
	0.0 0.0 0.0 0.0 0.0 0.0 0.0 0.0 0.0 0.0 0.0 0.0;
	0.0 0.0 0.0 0.0 0.0 0.0 0.0 0.0 0.0 0.0 0.0 0.0;
	0.0 0.0 0.0 0.0 0.0 0.0 0.0 0.0 0.0 0.0 0.0 0.0;
	0.0 0.0 0.0 0.0 0.0 0.0 0.0 0.0 0.0 0.0 0.0 0.0;
	0.0 0.0 0.0 0.0 0.0 0.0 0.0 0.0 0.0 0.0 0.0 0.0;
	0.0 0.0 0.0 0.0 0.0 0.0 0.0 0.0 0.0 0.0 0.0 0.0;
	0.0 0.0 0.0 0.0 0.0 0.0 0.0 0.0 0.0 0.0 0.0 0.0;
];
