function solarprofile = ex_solar_profilesh1
%EX_WIND_PROFILE_D  Example wind_load_nyiso profile data for deterministic unit commitment.
% 2022.03.12
% Andres F. Ramirez


%% define constants
[GEN_BUS, PG, QG, QMAX, QMIN, VG, MBASE, GEN_STATUS, PMAX, PMIN, ...
    MU_PMAX, MU_PMIN, MU_QMAX, MU_QMIN, PC1, PC2, QC1MIN, QC1MAX, ...
    QC2MIN, QC2MAX, RAMP_AGC, RAMP_10, RAMP_30, RAMP_Q, APF] = idx_gen;
[CT_LABEL, CT_PROB, CT_TABLE, CT_TBUS, CT_TGEN, CT_TBRCH, CT_TAREABUS, ...
    CT_TAREAGEN, CT_TAREABRCH, CT_ROW, CT_COL, CT_CHGTYPE, CT_REP, ...
    CT_REL, CT_ADD, CT_NEWVAL, CT_TLOAD, CT_TAREALOAD, CT_LOAD_ALL_PQ, ...
    CT_LOAD_FIX_PQ, CT_LOAD_DIS_PQ, CT_LOAD_ALL_P, CT_LOAD_FIX_P, ...
    CT_LOAD_DIS_P, CT_TGENCOST, CT_TAREAGENCOST, CT_MODCOST_F, ...
    CT_MODCOST_X] = idx_ct;

solarprofile = struct( ...
    'type', 'mpcData', ...
    'table', CT_TGEN, ...
    'rows', [1:12], ...
    'col', PMAX, ...
    'chgtype', 1, ...
    'values', [] );
solarprofile.values(:,1,:) = [
	0.0 0.0 0.0 0.0 0.0 0.0 0.0 0.0 0.0 0.0 0.0 0.0;
	0.0 0.0 0.0 0.0 0.0 0.0 0.0 0.0 0.0 0.0 0.0 0.0;
	0.0 0.0 0.0 0.0 0.0 0.0 0.0 0.0 0.0 0.0 0.0 0.0;
	0.0 0.0 0.0 0.0 0.0 0.0 0.0 0.0 0.0 0.0 0.0 0.0;
	0.0 0.0 0.0 0.0 0.0 0.0 0.0 0.0 0.0 0.0 0.0 0.0;
	0.0951 0.0972 0.1051 0.0 0.0 0.1251 0.0156 0.1784 0.0 0.0 0.0 0.0;
	13.3716 7.6082 3.7939 4.0386 8.3685 104.5731 13.0716 22.7568 148.6262 64.1892 38.2102 116.2469;
	7.8968 5.5598 5.389 6.4964 11.4485 62.9822 7.8728 21.9829 108.5185 160.3311 91.9814 290.3606;
	7.7497 4.1396 5.856 9.306 12.0679 49.7194 6.2149 19.6521 93.8653 255.8338 145.7043 463.3166;
	20.5414 14.1704 11.9092 10.8347 10.1302 313.9775 39.2472 55.961 220.1302 337.6653 192.8205 611.5139;
	23.6495 16.0537 13.2545 11.1561 9.8704 251.0123 31.3765 54.4384 207.9922 347.3338 237.5955 629.0236;
	23.744 16.0751 13.2624 11.2056 9.5352 234.5752 29.3219 54.2891 200.7645 343.4446 229.4323 621.9803;
	20.5414 16.559 11.3533 4.1853 2.7537 370.3145 46.2893 60.3496 188.326 320.6706 151.8187 580.7365;
	13.3123 14.7178 6.7207 2.8716 1.8462 390.2495 48.7812 61.7891 182.2668 284.4486 94.9903 515.1382;
	8.4619 10.9497 5.3726 1.8034 1.2033 371.4751 46.4344 58.6957 161.8951 269.6871 72.7488 488.4051;
	6.0339 6.2816 3.7039 1.2042 1.1976 86.1532 10.7692 14.5567 26.3343 120.0086 20.8588 217.3363;
	0.9171 0.7455 0.5745 0.6507 1.3684 32.1117 4.014 6.3734 20.2353 15.8149 7.8765 28.6409;
	0.0 0.0 0.0 0.0 0.0 0.0 0.0 0.0 0.0 0.0 0.0 0.0;
	0.0 0.0 0.0 0.0 0.0 0.0 0.0 0.0 0.0 0.0 0.0 0.0;
	0.0 0.0 0.0 0.0 0.0 0.0 0.0 0.0 0.0 0.0 0.0 0.0;
	0.0 0.0 0.0 0.0 0.0 0.0 0.0 0.0 0.0 0.0 0.0 0.0;
	0.0 0.0 0.0 0.0 0.0 0.0 0.0 0.0 0.0 0.0 0.0 0.0;
	0.0 0.0 0.0 0.0 0.0 0.0 0.0 0.0 0.0 0.0 0.0 0.0;
	0.0 0.0 0.0 0.0 0.0 0.0 0.0 0.0 0.0 0.0 0.0 0.0;
];
