function loadprofile = ex_load_profilesh1
%EX_LOAD_PROFILE  Example load profile data file for stochastic unit commitment.
% 2022.03.12
% Andres F. Ramirez

%% define constants
[CT_LABEL, CT_PROB, CT_TABLE, CT_TBUS, CT_TGEN, CT_TBRCH, CT_TAREABUS, ...
    CT_TAREAGEN, CT_TAREABRCH, CT_ROW, CT_COL, CT_CHGTYPE, CT_REP, ...
    CT_REL, CT_ADD, CT_NEWVAL, CT_TLOAD, CT_TAREALOAD, CT_LOAD_ALL_PQ, ...
    CT_LOAD_FIX_PQ, CT_LOAD_DIS_PQ, CT_LOAD_ALL_P, CT_LOAD_FIX_P, ...
    CT_LOAD_DIS_P, CT_TGENCOST, CT_TAREAGENCOST, CT_MODCOST_F, ...
    CT_MODCOST_X] = idx_ct;

loadprofile = struct( ...
    'type', 'mpcData', ...
    'table', CT_TAREALOAD, ...
    'rows', [1:11], ...
    'col', CT_LOAD_ALL_P, ...
    'chgtype', 1, ...
    'values', [] );
loadprofile.values(:,1,:) = [
	1580.6331 1080.6931 1711.9755 596.7368 785.6896 1133.4413 860.1973 246.7308 504.9565 4454.5381 1706.8458;
	1553.5965 1049.8021 1696.4073 592.5914 777.0198 1122.7947 847.4075 250.3 503.7992 4427.6294 1700.2679;
	1573.9031 1049.032 1674.0518 589.6707 795.2219 1151.1 856.2 250.0482 504.8166 4473.9032 1726.6139;
	1633.0971 1074.035 1753.2768 600.0 828.2582 1206.9137 895.4 266.4933 549.306 4635.6785 1840.1405;
	1799.6874 1196.7862 1933.5456 612.2 933.3 1331.897 998.8 302.3762 621.9 5180.4886 2053.3991;
	1882.6042 1264.2013 2041.1181 624.7984 994.365 1414.0704 1042.3131 330.7044 682.2459 5664.6573 2122.3301;
	1873.0723 1281.0797 2042.2095 614.5 1013.4245 1401.8583 1072.4232 335.7607 697.8704 6099.9755 2190.3;
	1937.2208 1312.5136 2071.6257 611.0756 995.2476 1405.6 1101.741 337.2978 709.6076 6345.8988 2176.3683;
	1927.9159 1319.9077 2040.4929 609.7716 958.7 1431.4844 1119.884 339.6323 706.9042 6512.5265 2199.4086;
	1888.0685 1312.304 2021.497 614.3696 917.1386 1413.1636 1137.5275 348.6066 705.6412 6563.7039 2138.175;
	1837.7 1335.5606 2014.1363 597.4 937.5 1408.0792 1150.6965 357.1849 706.1668 6714.2516 2213.2189;
	1787.2292 1292.4873 1964.8953 582.7733 909.5 1364.1063 1086.0974 327.7529 673.7645 6545.6985 2085.8919;
	1791.1643 1261.8912 1919.9 583.5816 895.1694 1368.9086 1086.7509 347.5407 688.6482 6523.0593 2185.766;
	1746.8936 1251.1808 1864.8818 578.6194 881.1094 1351.492 1082.3436 340.6157 671.3041 6496.1494 2218.5672;
	1664.2813 1263.3452 1889.5802 586.2057 894.6548 1351.7292 1112.2334 352.7 672.6189 6622.0899 2319.1293;
	1744.9501 1286.0882 1896.7758 588.0429 898.9624 1379.6123 1136.0887 374.9259 680.4 6492.4019 2322.3357;
	1711.8689 1255.3186 1939.7 604.5991 899.934 1425.8665 1164.9809 370.9931 681.3 6431.4347 2438.086;
	1754.1041 1289.1582 1974.9 603.4103 927.7945 1459.1462 1196.9306 362.9 720.6666 6344.3051 2533.7712;
	1808.7884 1315.318 1966.6608 598.7489 969.6233 1470.2688 1226.2043 373.2279 718.9 6116.8839 2487.6009;
	1742.9245 1229.801 1923.3791 583.174 911.2264 1401.1289 1184.9764 375.5099 690.8 5885.2026 2481.7919;
	1657.1138 1126.1801 1791.7815 580.0838 831.8837 1250.7779 1059.043 347.6116 632.9 5547.0517 2243.6149;
	1566.7116 1027.0082 1686.0918 568.5 806.0361 1175.8848 989.5357 301.507 570.1598 5192.5132 2039.4941;
	1529.595 985.0376 1653.5778 561.5316 768.6441 1137.5713 963.8114 265.9 533.0996 4890.7155 1833.5;
	1473.1463 939.2105 1563.6 555.0 740.5123 1109.3 889.5993 263.8825 503.4226 4588.9145 1773.1911;
];
