function solarprofile = ex_solar_profilesh1
%EX_WIND_PROFILE_D  Example wind_load_nyiso profile data for deterministic unit commitment.
% 2022.03.12
% Andres F. Ramirez


%% define constants
[GEN_BUS, PG, QG, QMAX, QMIN, VG, MBASE, GEN_STATUS, PMAX, PMIN, ...
    MU_PMAX, MU_PMIN, MU_QMAX, MU_QMIN, PC1, PC2, QC1MIN, QC1MAX, ...
    QC2MIN, QC2MAX, RAMP_AGC, RAMP_10, RAMP_30, RAMP_Q, APF] = idx_gen;
[CT_LABEL, CT_PROB, CT_TABLE, CT_TBUS, CT_TGEN, CT_TBRCH, CT_TAREABUS, ...
    CT_TAREAGEN, CT_TAREABRCH, CT_ROW, CT_COL, CT_CHGTYPE, CT_REP, ...
    CT_REL, CT_ADD, CT_NEWVAL, CT_TLOAD, CT_TAREALOAD, CT_LOAD_ALL_PQ, ...
    CT_LOAD_FIX_PQ, CT_LOAD_DIS_PQ, CT_LOAD_ALL_P, CT_LOAD_FIX_P, ...
    CT_LOAD_DIS_P, CT_TGENCOST, CT_TAREAGENCOST, CT_MODCOST_F, ...
    CT_MODCOST_X] = idx_ct;

solarprofile = struct( ...
    'type', 'mpcData', ...
    'table', CT_TGEN, ...
    'rows', [1:12], ...
    'col', PMAX, ...
    'chgtype', 1, ...
    'values', [] );
solarprofile.values(:,1,:) = [
	0.0 0.0 0.0 0.0 0.0 0.0 0.0 0.0 0.0 0.0 0.0 0.0;
	0.0 0.0 0.0 0.0 0.0 0.0 0.0 0.0 0.0 0.0 0.0 0.0;
	0.0 0.0 0.0 0.0 0.0 0.0 0.0 0.0 0.0 0.0 0.0 0.0;
	0.0 0.0 0.0 0.0 0.0 0.0 0.0 0.0 0.0 0.0 0.0 0.0;
	0.0 0.0 0.0 0.0 0.0 0.0 0.0 0.0 0.0 0.0 0.0 0.0;
	0.0951 0.1062 0.1068 0.0 0.0 0.1251 0.0156 0.1784 0.0 0.0 0.0 0.0;
	3.3248 2.4658 2.3419 1.5755 5.9629 3.9375 0.4922 1.6919 7.3128 62.9762 33.7632 114.0502;
	7.3712 4.2591 3.7147 5.1919 11.1689 23.0371 2.8796 5.4582 43.4685 192.7065 159.9492 348.9927;
	8.4091 4.678 2.9675 8.3098 12.0036 45.7677 5.721 8.8881 85.2658 307.0327 195.1201 556.038;
	12.8702 8.1836 5.1109 8.9643 10.1006 304.8733 38.1092 31.8039 236.6166 336.1959 178.698 608.8529;
	12.5295 10.8995 6.7729 11.0081 11.1833 306.1812 38.2727 23.868 229.439 317.5917 199.3583 575.1606;
	18.4575 15.0504 8.992 11.2056 12.0387 343.372 42.9215 28.2533 240.9493 292.4387 205.4503 529.6082;
	25.6119 16.6422 13.7384 3.3427 7.1378 375.8516 46.9815 49.0778 272.6623 134.8449 158.4841 244.205;
	25.142 16.426 13.2985 1.1585 5.0014 382.9189 47.8649 56.296 277.8799 114.3596 128.6234 207.106;
	23.4979 13.922 11.4005 0.0838 3.0558 356.3122 44.539 51.9798 264.5402 103.4429 92.0846 187.3357;
	8.5167 5.6802 5.6029 0.0 2.3514 113.9233 14.2404 7.5838 83.2431 39.2842 17.9204 71.1439;
	1.2148 0.8522 0.7955 0.642 1.7082 48.195 6.0244 6.4342 30.1899 15.3712 9.7562 27.8374;
	0.0 0.0 0.0 0.0 0.0 0.0 0.0 0.0 0.0 0.0 0.0 0.0;
	0.0 0.0 0.0 0.0 0.0 0.0 0.0 0.0 0.0 0.0 0.0 0.0;
	0.0 0.0 0.0 0.0 0.0 0.0 0.0 0.0 0.0 0.0 0.0 0.0;
	0.0 0.0 0.0 0.0 0.0 0.0 0.0 0.0 0.0 0.0 0.0 0.0;
	0.0 0.0 0.0 0.0 0.0 0.0 0.0 0.0 0.0 0.0 0.0 0.0;
	0.0 0.0 0.0 0.0 0.0 0.0 0.0 0.0 0.0 0.0 0.0 0.0;
	0.0 0.0 0.0 0.0 0.0 0.0 0.0 0.0 0.0 0.0 0.0 0.0;
];
