function solarprofile = ex_solar_profilesh1
%EX_WIND_PROFILE_D  Example wind_load_nyiso profile data for deterministic unit commitment.
% 2022.03.12
% Andres F. Ramirez


%% define constants
[GEN_BUS, PG, QG, QMAX, QMIN, VG, MBASE, GEN_STATUS, PMAX, PMIN, ...
    MU_PMAX, MU_PMIN, MU_QMAX, MU_QMIN, PC1, PC2, QC1MIN, QC1MAX, ...
    QC2MIN, QC2MAX, RAMP_AGC, RAMP_10, RAMP_30, RAMP_Q, APF] = idx_gen;
[CT_LABEL, CT_PROB, CT_TABLE, CT_TBUS, CT_TGEN, CT_TBRCH, CT_TAREABUS, ...
    CT_TAREAGEN, CT_TAREABRCH, CT_ROW, CT_COL, CT_CHGTYPE, CT_REP, ...
    CT_REL, CT_ADD, CT_NEWVAL, CT_TLOAD, CT_TAREALOAD, CT_LOAD_ALL_PQ, ...
    CT_LOAD_FIX_PQ, CT_LOAD_DIS_PQ, CT_LOAD_ALL_P, CT_LOAD_FIX_P, ...
    CT_LOAD_DIS_P, CT_TGENCOST, CT_TAREAGENCOST, CT_MODCOST_F, ...
    CT_MODCOST_X] = idx_ct;

solarprofile = struct( ...
    'type', 'mpcData', ...
    'table', CT_TGEN, ...
    'rows', [1:12], ...
    'col', PMAX, ...
    'chgtype', 1, ...
    'values', [] );
solarprofile.values(:,1,:) = [
	0.0 0.0 0.0 0.0 0.0 0.0 0.0 0.0 0.0 0.0 0.0 0.0;
	0.0 0.0 0.0 0.0 0.0 0.0 0.0 0.0 0.0 0.0 0.0 0.0;
	0.0 0.0 0.0 0.0 0.0 0.0 0.0 0.0 0.0 0.0 0.0 0.0;
	0.0 0.0 0.0 0.0 0.0 0.0 0.0 0.0 0.0 0.0 0.0 0.0;
	0.0 0.0 0.0 0.0 0.0 0.0 0.0 0.0 0.0 0.0 0.0 0.0;
	0.124 0.1893 0.1886 0.0 0.0 0.6594 0.0824 0.1784 0.0854 0.0 0.0 0.0;
	1.3462 1.3166 1.0966 5.2465 3.9057 138.0412 17.2552 20.8802 79.4994 71.918 35.2525 130.2439;
	3.5102 3.0449 4.4049 9.2164 11.1371 294.6737 36.8342 36.588 173.2507 165.845 104.9254 300.3462;
	9.9571 7.5811 8.5523 9.9559 12.4873 350.7224 43.8403 40.9087 206.6876 236.634 146.2657 428.5456;
	24.7337 16.3975 13.9232 10.6443 11.8473 413.7716 51.7214 62.8406 263.7118 176.4626 69.49 319.5748;
	25.3709 16.4161 13.4845 11.0931 10.9689 390.8468 48.8559 61.6291 234.9232 240.3439 83.523 435.2643;
	24.1735 16.2762 13.28 11.2056 10.1271 377.7906 47.2238 60.7589 219.4325 263.8258 109.1161 477.79;
	24.2688 16.5824 13.7384 10.7391 4.4739 366.7076 45.8384 56.0238 218.8049 193.9399 124.5716 351.2263;
	21.7389 15.819 12.8308 10.2396 4.4985 353.9473 44.2434 54.5327 228.1061 150.6744 106.8079 272.8722;
	19.2205 11.7185 9.2133 9.1085 4.1447 285.6739 35.7092 52.2392 217.9864 94.0623 97.6013 170.3473;
	13.203 7.4507 4.9743 4.6994 2.9006 60.169 7.5211 19.0995 67.9934 37.8556 30.9328 68.5567;
	1.3557 1.2294 0.7549 0.9634 1.4052 36.0976 4.5122 6.9977 26.2035 16.0676 20.453 29.0985;
	0.0 0.0 0.0 0.0 0.0 0.0 0.0 0.0 0.0 0.0 0.0 0.0;
	0.0 0.0 0.0 0.0 0.0 0.0 0.0 0.0 0.0 0.0 0.0 0.0;
	0.0 0.0 0.0 0.0 0.0 0.0 0.0 0.0 0.0 0.0 0.0 0.0;
	0.0 0.0 0.0 0.0 0.0 0.0 0.0 0.0 0.0 0.0 0.0 0.0;
	0.0 0.0 0.0 0.0 0.0 0.0 0.0 0.0 0.0 0.0 0.0 0.0;
	0.0 0.0 0.0 0.0 0.0 0.0 0.0 0.0 0.0 0.0 0.0 0.0;
	0.0 0.0 0.0 0.0 0.0 0.0 0.0 0.0 0.0 0.0 0.0 0.0;
];
