function windprofile = ex_wind_profilesh1
%EX_WIND_PROFILE_D  Example wind_load_nyiso profile data for deterministic unit commitment.
% 2022.03.12
% Andres F. Ramirez


%% define constants
[GEN_BUS, PG, QG, QMAX, QMIN, VG, MBASE, GEN_STATUS, PMAX, PMIN, ...
    MU_PMAX, MU_PMIN, MU_QMAX, MU_QMIN, PC1, PC2, QC1MIN, QC1MAX, ...
    QC2MIN, QC2MAX, RAMP_AGC, RAMP_10, RAMP_30, RAMP_Q, APF] = idx_gen;
[CT_LABEL, CT_PROB, CT_TABLE, CT_TBUS, CT_TGEN, CT_TBRCH, CT_TAREABUS, ...
    CT_TAREAGEN, CT_TAREABRCH, CT_ROW, CT_COL, CT_CHGTYPE, CT_REP, ...
    CT_REL, CT_ADD, CT_NEWVAL, CT_TLOAD, CT_TAREALOAD, CT_LOAD_ALL_PQ, ...
    CT_LOAD_FIX_PQ, CT_LOAD_DIS_PQ, CT_LOAD_ALL_P, CT_LOAD_FIX_P, ...
    CT_LOAD_DIS_P, CT_TGENCOST, CT_TAREAGENCOST, CT_MODCOST_F, ...
    CT_MODCOST_X] = idx_ct;

windprofile = struct( ...
    'type', 'mpcData', ...
    'table', CT_TGEN, ...
    'rows', [1:45], ...
    'col', PMAX, ...
    'chgtype', 1, ...
    'values', [] );
windprofile.values(:,1,:) = [
	3.7391 50.5228 94.985 120.1912 15.3177 16.3159 16.2424 19.0799 27.8057 20.9876 38.7952 57.8748 87.1302 5.7081 18.7405 7.0604 8.7601 9.2831 13.8781 30.3426 5.4141 38.0703 56.2616 89.3835 106.0743 74.9918 9.4944 709.2216 412.9691 412.9691 240.8813 39.3545 46.2602 78.1018 17.8957 176.2002 518.0821 62.0697 327.4843 284.1275 17.446 180.9972 131.533 238.6258 523.4788;
	3.7617 50.8282 94.7815 118.8218 15.2506 18.8823 15.3067 18.8564 27.5572 21.6832 40.081 59.7929 90.0179 4.0207 5.9286 2.2336 2.7713 2.9367 12.207 16.5831 5.1022 44.0587 57.7149 89.0401 106.0794 75.2684 9.0342 740.3066 382.2118 382.2118 184.642 32.0205 40.6901 42.685 12.6056 163.077 524.7911 49.4705 325.7416 284.1413 12.9347 209.4676 127.0595 229.2264 530.2577;
	3.3567 45.3562 94.679 117.2891 15.2948 14.5493 13.4292 19.1003 26.7547 19.2791 35.6371 53.1635 80.0373 6.5425 10.5679 3.9814 4.9399 5.2348 19.5944 25.8201 4.4764 33.9483 60.3613 88.4901 104.3337 75.1014 9.7924 672.6056 359.4818 359.4818 168.8814 32.108 65.3146 66.4611 20.5116 153.3789 442.1201 41.1118 253.8411 279.4652 5.1844 161.3997 100.0747 204.4912 446.7256;
	3.0714 41.5012 94.0914 114.6022 15.1818 13.8126 12.3843 19.0927 25.4883 20.0132 36.9941 55.1879 83.0851 8.535 9.9415 3.7454 4.6471 4.9245 11.1229 24.6101 4.1281 32.2294 64.1307 88.6299 105.1949 75.0894 11.2891 563.4032 276.9857 276.9857 174.4302 28.6315 37.0765 63.3465 26.7582 118.1806 345.9133 33.8453 188.5884 281.7721 2.5794 153.2277 88.3042 202.7755 349.5166;
	2.5422 34.35 94.9577 118.312 15.2599 17.0935 10.2831 19.0666 15.342 20.9339 38.696 57.7268 86.9074 12.5071 17.8721 6.7332 8.3541 8.8529 21.3681 29.7413 3.4277 39.8849 58.355 89.2294 106.3016 74.0424 11.0347 422.6811 216.1456 216.1456 163.0173 28.5144 71.2269 76.5542 39.2113 92.2221 218.5624 41.4271 172.5884 284.7364 13.8026 189.6241 94.9638 211.8424 220.8391;
	3.0831 41.6594 93.3458 117.2075 14.8618 24.3943 11.4117 18.6855 10.0343 18.1036 33.4642 49.922 75.1573 27.7358 17.2591 6.5023 8.0676 8.5493 29.4554 26.5975 3.8039 56.9201 56.4756 88.0 104.3402 72.2389 9.1416 372.6427 198.064 198.064 145.3191 24.8767 98.1848 68.4621 86.9554 84.5073 182.5012 38.5569 200.4762 279.4828 12.3486 270.6146 95.3917 199.3985 184.4022;
	2.5196 34.0455 89.9798 112.7321 14.3045 24.3875 12.8378 16.8484 12.6908 25.238 46.6521 69.5957 104.776 41.9734 19.7638 7.4459 9.2384 9.79 37.2055 32.8956 4.2793 56.9041 63.3537 85.3124 101.7522 70.8048 10.918 294.1241 225.8109 225.8109 118.7393 16.376 124.0184 84.6734 131.5922 96.346 199.4985 29.7159 183.399 272.5505 6.6846 270.5384 101.0734 207.929 201.5766;
	1.7606 23.7897 68.8947 114.4447 14.7561 20.9765 12.0421 17.83 19.3103 27.898 51.5691 76.931 115.8191 43.7279 30.9655 11.6661 14.4746 15.3387 51.3344 57.7413 4.014 48.9452 72.0896 83.6255 101.5602 72.1905 12.6165 158.7425 167.6175 167.6175 93.7853 8.3865 171.1146 148.6262 137.0928 71.5168 123.8561 53.5301 184.0994 272.0363 4.0773 232.6997 99.4164 176.2742 125.1463;
	2.7942 37.7557 82.9156 105.9223 14.8526 25.9889 10.2613 17.98 20.4204 27.1563 50.198 74.8856 112.7399 45.4762 22.4372 8.4531 10.4881 11.1143 65.2078 54.3199 3.4204 60.6408 71.3585 82.0904 99.3 70.8649 12.6509 170.7258 147.2706 147.2706 85.3912 7.2567 217.3594 139.8195 142.5739 62.8354 146.2787 47.4213 137.3798 265.982 14.8996 288.3036 89.1856 213.8728 147.8024;
	2.0763 28.0554 84.2633 110.0262 14.0022 14.8483 10.4547 17.1126 26.1558 27.8237 51.4316 76.7259 115.5103 47.4497 26.9625 10.158 12.6034 13.3558 74.2168 45.7412 3.4849 34.646 70.81 74.077 97.0162 70.1856 12.0429 298.3064 264.0303 264.0303 119.9913 8.0463 247.3894 117.7379 148.7612 112.6529 286.5248 29.9224 150.9105 259.8649 3.3352 164.717 88.5535 187.5932 289.5094;
	1.7057 23.0474 79.9705 107.8738 13.7304 26.308 13.841 18.0703 26.2914 27.8174 51.42 76.7085 115.4842 51.7953 3.6691 1.3823 1.7151 1.8175 64.635 35.7544 4.6137 61.3854 68.4021 82.4324 97.5263 73.2799 12.6435 399.9625 325.7865 325.7865 179.0553 11.1216 215.4499 92.0318 162.3851 139.0022 379.0625 36.4506 171.4231 261.2312 4.0683 291.8435 99.4946 176.0213 383.011;
	1.8122 24.4866 86.7138 97.7752 12.9307 30.2138 19.0242 17.828 26.9954 29.2029 53.981 80.5291 121.2361 52.2578 4.2388 1.5969 1.9814 2.0997 78.9626 50.0701 6.3414 70.4989 73.0318 83.4294 97.954 70.6277 12.4966 484.2171 387.6715 387.6715 290.1333 16.2278 263.2086 128.8805 163.8352 165.4065 480.1372 50.8055 213.2558 262.3769 1.0345 335.1719 111.4189 174.3505 485.1387;
	3.1242 42.2149 92.7675 98.33 14.8941 31.5171 19.9329 17.9271 27.6643 28.6479 52.9552 78.9987 118.9322 53.3647 34.7701 13.0994 16.253 17.2233 80.7299 60.7239 6.6443 73.5398 72.2411 84.3703 102.1342 74.2089 11.8247 610.6173 449.725 449.725 323.2677 21.9932 269.0996 156.3036 167.3055 191.8827 611.3975 61.6577 222.4559 273.5736 2.5874 349.6292 147.327 218.8402 617.7662;
	3.6619 49.481 89.6758 110.6889 14.7201 31.2032 20.9644 17.5438 26.7797 28.7144 53.0782 79.1822 119.2084 56.564 63.5671 23.9485 29.7139 31.4879 84.4412 59.3727 6.9881 72.8075 69.2507 81.7466 99.2824 72.8894 11.4853 775.851 578.5416 578.5416 412.3142 28.7999 281.4707 152.8255 177.3358 246.8444 744.5016 87.2541 264.0233 265.935 15.6086 346.1479 145.2406 243.7209 752.2568;
	3.7901 51.2119 90.7831 113.9257 15.1583 33.3971 25.7679 18.2303 28.0325 25.1945 46.5717 69.4758 104.5954 63.4763 93.1759 35.1035 43.5543 46.1546 84.3647 58.916 8.5893 77.9265 47.5492 84.4666 99.4128 72.5741 12.734 925.4857 659.1718 659.1718 503.6056 33.139 281.2156 151.6499 199.0068 281.2466 916.1005 116.8085 428.089 266.2843 0.0 370.4848 158.7132 256.0366 925.6432;
	3.7844 51.1359 92.2594 116.1525 15.4114 33.7895 28.1863 17.9858 28.1499 19.1495 35.3976 52.8063 79.4996 65.1412 124.7588 47.0022 58.3175 61.7991 88.4898 65.9566 9.3954 78.8421 45.1106 87.3718 101.1435 72.6931 12.3833 1064.3091 699.1408 699.1408 683.8626 44.1239 294.9661 169.7724 204.2266 298.3001 1000.8 164.8829 379.986 270.92 0.6631 374.8378 176.8584 260.7412 1011.225;
	3.8365 51.8395 92.6347 118.0204 15.124 34.2544 30.1571 17.8415 28.0188 17.8676 33.028 49.2713 74.1777 67.0226 168.0556 63.314 78.5562 83.2462 87.1183 69.5473 10.0524 79.927 23.1456 86.3577 99.7827 72.5184 12.3188 1059.024 742.9117 742.9117 697.1657 72.9739 290.3943 179.0149 210.125 316.9757 1022.7083 207.473 399.8169 267.2751 0.1153 379.9957 206.4389 268.117 1033.3615;
	3.7249 50.3319 93.6048 117.0209 15.028 33.8744 29.2495 18.1384 27.8223 16.6882 30.8478 46.0189 69.2812 63.9023 182.3151 68.6861 85.2217 90.3096 87.1466 72.72 9.7498 79.0403 25.557 85.0543 100.6058 70.0971 12.8774 1074.2886 722.519 722.519 683.7906 74.166 290.4887 187.1816 200.3423 308.2748 1013.05 226.2193 435.2513 269.4798 95.7991 375.7801 198.1656 247.5156 1023.6026;
	3.7279 50.3722 87.6607 115.1878 14.848 32.5836 29.8981 13.0563 27.4155 18.7482 34.6558 51.6996 77.8335 63.7622 183.7591 69.2302 85.8967 91.0248 85.1557 70.0893 9.966 76.0283 46.3284 81.584 94.1129 51.4334 12.5926 1212.9069 767.4463 767.4463 673.1146 92.4256 283.8522 180.4102 199.903 327.4437 1116.5306 233.5941 428.0649 252.088 111.8871 361.4604 205.3925 250.5531 1128.1612;
