function windprofile = ex_wind_profilesh1
%EX_WIND_PROFILE_D  Example wind_load_nyiso profile data for deterministic unit commitment.
% 2022.03.12
% Andres F. Ramirez


%% define constants
[GEN_BUS, PG, QG, QMAX, QMIN, VG, MBASE, GEN_STATUS, PMAX, PMIN, ...
    MU_PMAX, MU_PMIN, MU_QMAX, MU_QMIN, PC1, PC2, QC1MIN, QC1MAX, ...
    QC2MIN, QC2MAX, RAMP_AGC, RAMP_10, RAMP_30, RAMP_Q, APF] = idx_gen;
[CT_LABEL, CT_PROB, CT_TABLE, CT_TBUS, CT_TGEN, CT_TBRCH, CT_TAREABUS, ...
    CT_TAREAGEN, CT_TAREABRCH, CT_ROW, CT_COL, CT_CHGTYPE, CT_REP, ...
    CT_REL, CT_ADD, CT_NEWVAL, CT_TLOAD, CT_TAREALOAD, CT_LOAD_ALL_PQ, ...
    CT_LOAD_FIX_PQ, CT_LOAD_DIS_PQ, CT_LOAD_ALL_P, CT_LOAD_FIX_P, ...
    CT_LOAD_DIS_P, CT_TGENCOST, CT_TAREAGENCOST, CT_MODCOST_F, ...
    CT_MODCOST_X] = idx_ct;

windprofile = struct( ...
    'type', 'mpcData', ...
    'table', CT_TGEN, ...
    'rows', [1:45], ...
    'col', PMAX, ...
    'chgtype', 1, ...
    'values', [] );
windprofile.values(:,1,:) = [
	3.5696 48.2331 86.6392 109.703 14.0416 13.3308 14.859 16.3568 27.2383 24.3322 44.9778 67.098 101.0156 3.2911 21.8233 8.2218 10.2011 10.8102 9.1347 26.4725 4.953 31.1053 55.1516 81.3823 95.9034 70.4961 7.2048 647.8775 391.4885 391.4885 208.673 33.9511 30.4489 68.1404 10.3179 167.0351 511.4866 52.2138 299.9733 256.8842 5.6107 147.8833 107.3223 227.856 516.8146;
	3.5277 47.6673 87.2189 107.0816 13.8455 15.4233 13.7317 16.7193 26.6617 25.5384 47.2074 70.4241 106.0232 4.1731 13.4579 5.0702 6.2908 6.6663 11.3378 16.5337 4.5772 35.9878 55.2834 82.9821 97.262 71.6013 6.5024 586.543 362.0378 362.0378 162.4934 30.25 37.7925 42.5577 13.0832 154.4695 471.4028 47.9804 305.6893 260.5231 6.0704 171.0962 107.3458 221.7676 476.3132;
	3.1668 42.7905 87.3312 101.859 14.2622 12.4546 12.2956 16.2848 26.644 24.8214 45.882 68.4469 103.0465 3.901 12.9915 4.8945 6.0728 6.4353 19.526 20.591 4.0985 29.0607 56.2272 81.8183 89.0785 71.6545 6.9304 546.5077 331.3584 331.3584 134.1973 27.5118 65.0865 53.0012 12.2302 141.3796 386.1118 32.8926 225.5042 238.603 2.8185 138.1627 86.2242 196.4212 390.1338;
	2.9106 39.3282 88.8515 103.5237 14.5465 12.0017 12.2823 16.2078 26.0539 23.9386 44.2501 66.0125 99.3814 8.8215 14.1725 5.3394 6.6248 7.0203 13.5669 24.5796 4.0941 28.0039 48.6391 81.5637 92.8313 73.9954 8.7558 478.5956 277.5077 277.5077 159.1075 28.7739 45.2229 63.2678 27.6565 118.4033 324.3107 31.1358 194.1778 248.6553 0.0 133.1385 77.4872 200.5303 327.6889;
	2.1963 29.6763 87.643 103.8594 14.3198 12.6301 9.7083 16.9326 9.4796 20.2064 37.3512 55.7206 83.887 13.0861 18.354 6.9148 8.5794 9.0917 21.6025 27.2865 3.2361 29.4703 32.2542 82.3184 96.561 74.7454 9.3667 241.9544 202.3861 202.3861 135.7049 27.5081 72.0082 70.2354 41.0268 86.3514 158.808 29.203 159.0835 258.6456 4.4504 140.1101 78.0927 213.9181 160.4622;
	2.9338 39.6419 87.1553 105.6773 14.239 19.0584 9.8401 17.2196 0.0 19.7895 36.5806 54.5711 82.1565 26.6548 15.3696 5.7904 7.1844 7.6133 30.962 31.3472 3.28 44.4695 48.71 81.7683 95.8077 72.3519 8.1053 279.5422 172.0924 172.0924 105.2835 23.2664 103.2067 80.6877 83.5664 73.4261 148.076 27.6648 171.9863 256.6278 6.8495 211.4207 83.6191 205.7453 149.6185;
	2.3832 32.2017 84.4953 97.6501 13.9627 18.6748 10.6271 17.3355 9.112 25.8247 47.7367 71.2137 107.2118 40.586 20.9293 7.885 9.7832 10.3673 35.618 37.6 3.5424 43.5746 57.3473 82.5415 96.7634 74.101 11.0949 213.5105 202.3613 202.3613 87.3492 14.7192 118.7267 96.7824 127.2426 86.3408 161.9391 17.2093 138.0915 259.1877 4.5793 207.1662 73.7503 233.9062 163.626;
	1.7184 23.2189 66.5651 106.1012 14.5596 16.8667 11.7218 17.9292 16.855 27.3692 50.5915 75.4726 113.6236 38.7872 24.2768 9.1461 11.348 12.0255 47.2477 58.3271 3.9073 39.3557 68.8688 82.47 97.2426 71.7758 12.6314 148.0037 186.4254 186.4254 83.2848 9.6838 157.4924 150.1342 121.6032 79.5415 130.3238 19.4672 144.8131 260.4713 0.284 187.1082 89.2118 210.2698 131.6814;
	2.8037 37.8845 81.8865 102.3352 14.7022 23.0905 12.1895 17.3929 21.4735 29.4284 54.398 81.1511 122.1726 47.3325 23.032 8.6772 10.7661 11.4089 61.2929 54.8365 4.0632 53.8779 72.3214 82.5936 97.6658 69.8148 11.5448 155.252 170.4341 170.4341 94.3188 9.6571 204.3097 141.1494 148.3938 72.7185 148.9887 45.8774 135.3422 261.6048 6.2776 256.1509 81.7832 241.0005 150.5406;
	2.0199 27.2928 83.8961 106.2616 13.4677 13.21 12.3743 17.3465 26.4034 29.6461 54.8003 81.7513 123.0762 46.4713 38.9027 14.6564 18.1848 19.2704 68.6627 47.1812 4.1248 30.8234 73.8226 84.4077 100.3623 69.9379 11.5687 251.3261 249.4356 249.4356 104.3769 10.5719 228.8755 121.4446 145.6937 106.4259 261.6895 25.2748 126.5485 268.8277 0.0 146.5433 78.1242 214.819 264.4155;
	1.8388 24.8469 79.9681 107.2285 13.5774 26.0839 16.4599 17.2959 27.4774 30.0442 55.5363 82.8492 124.7291 49.0664 17.8339 6.7188 8.3363 8.834 60.2104 33.8608 5.4866 60.8624 73.3863 85.5236 98.9991 70.0836 11.3523 388.976 333.7388 333.7388 177.1937 16.7062 200.7012 87.1579 153.8299 142.3952 378.5666 33.5087 181.3274 265.1761 3.5007 289.3574 95.4751 187.5891 382.51;
	1.8373 24.8265 87.1709 94.7841 12.4957 30.2862 21.4326 18.0865 26.5821 29.6166 54.7458 81.6699 122.9536 50.5144 12.8177 4.829 5.9915 6.3492 77.0102 47.0825 7.1442 70.6678 73.7361 84.3152 101.8058 71.5125 12.3103 476.5258 387.5919 387.5919 283.223 19.5918 256.7007 121.1906 158.3694 165.3726 454.8409 47.4354 197.5108 272.6942 0.113 335.9751 107.2968 193.7061 459.5789;
	2.9483 39.838 88.3578 90.3217 14.1839 30.3798 21.5061 17.641 27.2467 29.7936 55.073 82.1581 123.6886 54.2098 37.5271 14.1381 17.5418 18.589 80.9992 52.4973 7.1687 70.8863 72.5579 83.28 103.353 71.8181 11.2653 601.5702 438.3466 438.3466 309.768 24.8395 269.9973 135.1282 169.9549 187.0279 591.846 58.6238 209.5409 276.8383 0.0 337.0137 134.8261 224.2102 598.0111;
	3.635 49.1166 87.6128 107.2333 14.4392 29.8237 23.1653 18.0452 26.7061 30.3825 56.1616 83.7821 126.1334 54.4575 45.2949 17.0646 21.1727 22.4368 76.9156 48.8835 7.7218 69.5886 68.7551 82.6719 100.3401 70.529 11.6629 746.9154 558.3975 558.3975 379.806 28.7328 256.3854 125.8261 170.7317 238.2496 718.7417 79.4426 271.6466 268.7682 0.0 330.8442 137.8615 248.5888 726.2286;
	3.729 50.3865 86.5504 103.4142 14.1857 31.7066 25.9061 17.4992 26.5157 25.9016 47.8788 71.4257 107.531 59.2242 62.5017 23.5471 29.2159 30.9601 61.0699 41.7389 8.6354 73.982 42.6261 82.6806 96.5087 66.4006 12.167 960.1301 614.1682 614.1682 446.4927 32.3729 203.5664 107.436 185.676 262.0451 866.8151 106.3783 412.4392 258.5055 0.0 351.7315 150.6133 238.355 875.8444;
	3.815 51.5485 88.6102 105.8823 14.1227 32.447 27.7134 17.24 25.7636 20.6732 38.2142 57.008 85.8253 58.7388 102.9464 38.7844 48.1214 50.9944 80.7101 55.3567 9.2378 75.7097 41.4183 82.5214 97.7121 66.0083 12.28 1044.7787 682.7908 682.7908 611.2672 42.6842 269.0337 142.4884 184.154 291.3241 957.0399 155.2577 343.0864 261.7289 0.0 359.9454 166.8069 255.7833 967.0091;
	3.7751 51.0103 89.0044 109.2941 14.3483 33.117 30.5874 18.0883 27.0829 19.2753 35.63 53.153 80.0215 63.8788 139.2801 52.473 65.1053 68.9922 84.2321 67.0911 10.1958 77.273 15.7474 84.0363 98.0678 70.7863 12.6062 1055.7921 705.4353 705.4353 674.7283 74.5298 280.7736 172.6927 200.2687 300.9857 1011.3001 203.3266 409.6926 262.6815 0.0172 367.3779 202.9631 272.1914 1021.8344;
	3.6513 49.3371 91.4604 110.7695 14.181 32.1361 30.1478 18.7227 26.6227 17.0604 31.536 47.0454 70.8267 62.3262 148.8406 56.0748 69.5743 73.728 85.07 68.0834 10.0493 74.9843 14.5293 84.7076 102.676 69.7892 13.3007 1081.4323 741.7773 741.7773 733.109 85.9808 283.5667 175.2469 195.4012 316.4916 1065.8271 234.0625 431.0399 275.0251 108.3713 356.4967 188.3106 258.6911 1076.9294;
	3.786 51.1572 91.0361 116.9713 14.8731 32.7502 30.5492 15.062 26.3955 19.9608 36.8973 55.0435 82.8677 57.7663 161.1525 60.7133 75.3294 79.8267 83.5645 66.5344 10.1831 76.4172 48.3769 89.0484 106.2635 61.8323 13.1238 1153.004 745.2083 745.2083 689.1457 96.4567 278.5484 171.2598 181.1051 317.9555 1095.8841 248.6678 441.9968 284.6343 113.9802 363.3092 199.8557 276.1408 1107.2995;
