function solarprofile = ex_solar_profilesh1
%EX_WIND_PROFILE_D  Example wind_load_nyiso profile data for deterministic unit commitment.
% 2022.03.12
% Andres F. Ramirez


%% define constants
[GEN_BUS, PG, QG, QMAX, QMIN, VG, MBASE, GEN_STATUS, PMAX, PMIN, ...
    MU_PMAX, MU_PMIN, MU_QMAX, MU_QMIN, PC1, PC2, QC1MIN, QC1MAX, ...
    QC2MIN, QC2MAX, RAMP_AGC, RAMP_10, RAMP_30, RAMP_Q, APF] = idx_gen;
[CT_LABEL, CT_PROB, CT_TABLE, CT_TBUS, CT_TGEN, CT_TBRCH, CT_TAREABUS, ...
    CT_TAREAGEN, CT_TAREABRCH, CT_ROW, CT_COL, CT_CHGTYPE, CT_REP, ...
    CT_REL, CT_ADD, CT_NEWVAL, CT_TLOAD, CT_TAREALOAD, CT_LOAD_ALL_PQ, ...
    CT_LOAD_FIX_PQ, CT_LOAD_DIS_PQ, CT_LOAD_ALL_P, CT_LOAD_FIX_P, ...
    CT_LOAD_DIS_P, CT_TGENCOST, CT_TAREAGENCOST, CT_MODCOST_F, ...
    CT_MODCOST_X] = idx_ct;

solarprofile = struct( ...
    'type', 'mpcData', ...
    'table', CT_TGEN, ...
    'rows', [1:12], ...
    'col', PMAX, ...
    'chgtype', 1, ...
    'values', [] );
solarprofile.values(:,1,:) = [
	0.0 0.0 0.0 0.0 0.0 0.0 0.0 0.0 0.0 0.0 0.0 0.0;
	0.0 0.0 0.0 0.0 0.0 0.0 0.0 0.0 0.0 0.0 0.0 0.0;
	0.0 0.0 0.0 0.0 0.0 0.0 0.0 0.0 0.0 0.0 0.0 0.0;
	0.0 0.0 0.0 0.0 0.0 0.0 0.0 0.0 0.0 0.0 0.0 0.0;
	0.0 0.0 0.0 0.0 0.0 0.0 0.0 0.0 0.0 0.0 0.0 0.0;
	0.1123 0.1174 0.1239 0.0 0.0 0.1251 0.0156 0.1784 0.0 0.0 0.0 0.0;
	11.6335 11.0175 7.7178 2.3328 7.974 105.636 13.2045 5.3522 26.3313 102.7012 37.4488 185.9925;
	17.0204 11.914 9.2993 7.5827 11.4588 142.7228 17.8403 27.3587 78.0045 229.8746 145.8485 416.3044;
	18.7942 12.7199 9.9769 9.8259 12.0527 169.2033 21.1504 35.6763 124.7082 251.3322 190.5924 455.164;
	21.6218 15.3524 12.8499 10.7889 11.5692 375.3254 46.9157 53.6521 256.0681 242.5933 195.6784 439.3379;
	23.3447 16.0537 13.2545 11.124 11.9795 367.6322 45.954 44.1932 248.3823 279.0646 185.063 505.3877;
	23.5502 16.0751 13.3254 11.2056 12.408 362.7286 45.3411 47.3259 242.15 297.1564 181.833 538.152;
	23.3493 16.5824 13.7927 8.2243 9.6193 305.5837 38.198 54.7191 226.0403 301.5355 193.4195 546.0825;
	15.1811 12.8351 13.1195 9.2361 9.5226 265.1544 33.1443 56.3476 205.3635 285.9074 191.2114 517.78;
	5.0965 4.4189 7.6598 7.1832 8.3995 139.9434 17.4929 47.8272 126.2328 242.2739 181.6997 438.7594;
	1.3468 1.2904 1.6906 2.5216 5.6874 10.6598 1.3325 6.8543 0.0 52.9941 26.4977 95.9727;
	0.9305 0.7993 0.6226 0.7318 1.8721 32.1607 4.0201 6.8533 20.2353 15.2126 7.4664 27.5502;
	0.0 0.0 0.0 0.0 0.0 0.0 0.0 0.0 0.0 0.0 0.0 0.0;
	0.0 0.0 0.0 0.0 0.0 0.0 0.0 0.0 0.0 0.0 0.0 0.0;
	0.0 0.0 0.0 0.0 0.0 0.0 0.0 0.0 0.0 0.0 0.0 0.0;
	0.0 0.0 0.0 0.0 0.0 0.0 0.0 0.0 0.0 0.0 0.0 0.0;
	0.0 0.0 0.0 0.0 0.0 0.0 0.0 0.0 0.0 0.0 0.0 0.0;
	0.0 0.0 0.0 0.0 0.0 0.0 0.0 0.0 0.0 0.0 0.0 0.0;
	0.0 0.0 0.0 0.0 0.0 0.0 0.0 0.0 0.0 0.0 0.0 0.0;
];
