function loadprofile = ex_load_profilesh1
%EX_LOAD_PROFILE  Example load profile data file for stochastic unit commitment.
% 2022.03.12
% Andres F. Ramirez

%% define constants
[CT_LABEL, CT_PROB, CT_TABLE, CT_TBUS, CT_TGEN, CT_TBRCH, CT_TAREABUS, ...
    CT_TAREAGEN, CT_TAREABRCH, CT_ROW, CT_COL, CT_CHGTYPE, CT_REP, ...
    CT_REL, CT_ADD, CT_NEWVAL, CT_TLOAD, CT_TAREALOAD, CT_LOAD_ALL_PQ, ...
    CT_LOAD_FIX_PQ, CT_LOAD_DIS_PQ, CT_LOAD_ALL_P, CT_LOAD_FIX_P, ...
    CT_LOAD_DIS_P, CT_TGENCOST, CT_TAREAGENCOST, CT_MODCOST_F, ...
    CT_MODCOST_X] = idx_ct;

loadprofile = struct( ...
    'type', 'mpcData', ...
    'table', CT_TAREALOAD, ...
    'rows', [1:11], ...
    'col', CT_LOAD_ALL_P, ...
    'chgtype', 1, ...
    'values', [] );
loadprofile.values(:,1,:) = [
	1537.5883 937.6612 1549.4 570.5 816.3775 1099.6988 873.0855 279.3886 555.8176 4927.4847 1728.3322;
	1492.8594 935.0 1544.3779 582.1114 812.0272 1120.1453 868.342 260.4618 558.7208 4751.7663 1708.2212;
	1549.211 948.6518 1574.8 560.8066 807.6295 1117.437 872.2388 275.295 574.7009 4731.88 1729.0;
	1600.6143 1026.8 1701.1319 583.7885 883.1 1223.6 925.7792 288.4 590.4974 4952.8932 1819.4896;
	1777.2683 1176.6028 1920.1625 606.8061 1002.1725 1396.5 1046.8526 327.0582 696.2453 5690.4534 2105.5;
	1907.5068 1262.0884 2025.9158 614.091 1039.4376 1454.0745 1087.9653 355.4 734.0032 6088.3385 2253.6494;
	1890.2199 1226.7888 1990.055 611.362 984.759 1431.6547 1105.959 363.9864 758.5065 6334.7621 2280.7692;
	1884.4903 1239.207 2015.2745 599.9421 1013.3108 1446.2363 1128.5 377.288 777.2673 6637.5713 2327.2053;
	1885.2465 1226.4417 1982.2 590.7767 1015.0857 1406.5593 1100.9231 367.1283 772.2072 6647.704 2243.9736;
	1924.7913 1250.3181 1997.4963 590.7 1006.2697 1459.2 1117.8408 371.8097 744.5568 6618.7039 2241.5453;
	1954.7351 1234.9982 1969.0835 589.0 994.2002 1430.4667 1097.2127 375.7637 712.2362 6663.2351 2198.9476;
	1941.4069 1227.2519 1978.538 592.4824 984.5 1434.6453 1083.0382 363.7426 725.3 6563.9253 2219.1904;
	1923.0134 1199.3986 1986.2653 593.9443 992.1862 1460.4217 1126.088 368.1601 702.972 6625.2682 2254.829;
	1824.7043 1158.0883 1864.9079 587.3078 951.8541 1351.7 1081.5 322.0114 693.2945 6355.3909 2236.69;
	1817.9727 1154.8044 1857.971 576.7 939.8859 1357.4421 1075.6828 320.0549 685.0968 6319.3443 2212.1974;
	1825.4682 1137.2101 1858.3214 580.194 956.0384 1379.6189 1089.3079 329.623 683.3 6265.5626 2229.4006;
	1857.7816 1164.6283 1890.2795 571.1234 946.7688 1377.0743 1077.9345 355.795 687.625 6028.3485 2282.5772;
	1868.8 1186.9917 1896.2 566.1929 954.3562 1378.796 1105.9964 363.7234 701.337 5996.0999 2367.4945;
	1912.2367 1200.1576 1850.4608 578.4735 905.9098 1347.2526 1093.3171 353.9843 653.2572 5871.4584 2345.569;
	1806.3382 1136.6985 1756.7972 556.5674 882.4342 1306.5998 1058.5398 339.683 644.5014 5591.4377 2234.1162;
	1673.5254 1056.7803 1682.1033 530.067 831.9356 1217.6563 1006.3 320.025 621.7302 5448.3748 2100.5;
	1596.5413 986.4995 1551.6549 532.2 744.1883 1132.9913 919.351 275.0 575.5 5103.0687 1915.3237;
	1544.3281 947.4 1533.2 534.7596 752.0284 1132.3423 895.8485 300.0533 566.1958 4789.5254 1843.4694;
	1526.1985 917.6426 1503.5178 537.5867 730.9 1079.5 858.0465 313.4876 566.7962 4849.0835 1885.5505;
];
