function windprofile = ex_wind_profilesh1
%EX_WIND_PROFILE_D  Example wind_load_nyiso profile data for deterministic unit commitment.
% 2022.03.12
% Andres F. Ramirez


%% define constants
[GEN_BUS, PG, QG, QMAX, QMIN, VG, MBASE, GEN_STATUS, PMAX, PMIN, ...
    MU_PMAX, MU_PMIN, MU_QMAX, MU_QMIN, PC1, PC2, QC1MIN, QC1MAX, ...
    QC2MIN, QC2MAX, RAMP_AGC, RAMP_10, RAMP_30, RAMP_Q, APF] = idx_gen;
[CT_LABEL, CT_PROB, CT_TABLE, CT_TBUS, CT_TGEN, CT_TBRCH, CT_TAREABUS, ...
    CT_TAREAGEN, CT_TAREABRCH, CT_ROW, CT_COL, CT_CHGTYPE, CT_REP, ...
    CT_REL, CT_ADD, CT_NEWVAL, CT_TLOAD, CT_TAREALOAD, CT_LOAD_ALL_PQ, ...
    CT_LOAD_FIX_PQ, CT_LOAD_DIS_PQ, CT_LOAD_ALL_P, CT_LOAD_FIX_P, ...
    CT_LOAD_DIS_P, CT_TGENCOST, CT_TAREAGENCOST, CT_MODCOST_F, ...
    CT_MODCOST_X] = idx_ct;

windprofile = struct( ...
    'type', 'mpcData', ...
    'table', CT_TGEN, ...
    'rows', [1:45], ...
    'col', PMAX, ...
    'chgtype', 1, ...
    'values', [] );
windprofile.values(:,1,:) = [
	3.7446 50.5984 92.54 118.3207 15.3201 16.5337 16.653 18.7102 28.4453 25.0829 46.3653 69.1679 104.1319 21.6524 16.9671 6.3922 7.9311 8.4046 13.4279 28.3257 5.551 38.5786 57.2309 83.8448 101.5812 69.752 8.2232 794.8711 424.7451 424.7451 246.8618 39.4317 44.7596 72.9105 67.8832 181.2246 588.1756 66.0875 325.9312 272.0924 15.9932 183.4135 132.8204 236.0422 594.3024;
	3.7453 50.6072 93.12 119.3377 15.3754 18.7788 15.3586 18.4106 28.0538 25.9722 48.0092 71.6203 107.8239 19.1754 14.6244 5.5097 6.8361 7.2442 12.1034 18.9961 5.1195 43.8171 61.2362 87.2036 101.6021 71.8167 7.8634 794.5782 409.9552 409.9552 204.632 32.2364 40.3446 48.8961 60.1176 174.9142 570.3265 60.3591 309.7315 272.1485 16.3057 208.319 130.2878 234.0671 576.2674;
	3.5829 48.4133 92.9831 117.9027 15.3543 16.3641 13.7772 18.8582 28.3031 25.8953 47.8671 71.4083 107.5048 16.6154 12.8389 4.837 6.0015 6.3597 23.9055 24.8817 4.5924 38.183 65.8015 89.7734 104.5311 72.2268 9.104 725.5228 395.7356 395.7356 187.2442 29.8265 79.685 64.0455 52.0914 168.8472 470.9017 45.5441 248.2834 279.9939 93.4623 181.5327 103.5645 230.7981 475.8069;
	3.3082 44.7006 93.6107 116.2502 15.3868 15.9026 13.0638 18.7428 27.962 26.0343 48.124 71.7916 108.0819 12.5642 11.5162 4.3387 5.3831 5.7045 13.6573 26.5069 4.3546 37.1061 67.7778 89.6624 105.0914 73.7899 10.5653 576.3683 294.1721 294.1721 181.7766 27.6518 45.5244 68.2289 39.3905 125.5134 354.415 37.5455 173.2841 281.4947 89.0867 176.4132 90.1667 225.8154 358.1068;
	2.4869 33.6039 92.9864 115.4561 15.1596 15.2491 10.4351 18.7073 17.9269 24.1897 44.7144 66.7051 100.4241 16.0294 18.7487 7.0634 8.7639 9.2871 22.9125 29.5062 3.4784 35.5812 59.6754 89.8595 104.7218 73.6614 10.4227 439.0302 225.1735 225.1735 163.7266 27.9153 76.3749 75.9489 50.2545 96.074 213.5709 38.4788 150.3344 280.5049 15.881 169.163 86.2946 231.5555 215.7956;
	3.1853 43.0405 93.7242 117.7694 15.0233 24.3885 10.5895 18.9924 10.6041 20.2055 37.3495 55.7182 83.8834 31.3833 16.1622 6.089 7.5549 8.0059 32.6139 32.2958 3.5298 56.9065 56.8729 89.7256 104.3291 72.28 9.1494 404.4864 214.8745 214.8745 147.2817 26.4043 108.7129 83.1294 98.3909 91.6798 197.431 36.3851 170.7277 279.4528 15.2509 270.5496 92.3854 227.4738 199.4875;
	2.6832 36.2559 88.4091 114.6407 14.2587 23.4482 10.2658 17.9846 12.0673 27.4223 50.6897 75.6191 113.8441 45.6524 22.0485 8.3067 10.3064 10.9217 35.2241 40.7276 3.4219 54.7125 67.9163 87.7559 103.4365 70.1483 11.654 354.4131 247.1546 247.1546 115.1071 18.378 117.4137 104.833 143.1264 105.4526 214.9718 23.0414 134.2268 277.0619 11.4148 260.1189 90.1252 235.3794 217.2111;
	1.8288 24.7114 68.1543 110.757 14.5663 18.612 10.3276 18.0126 18.1993 28.0485 51.8473 77.3459 116.4439 42.4142 22.7277 8.5625 10.6239 11.2581 48.8911 56.7715 3.4425 43.428 70.642 88.8912 100.7323 71.3625 12.7628 191.7265 202.8094 202.8094 106.3202 10.0508 162.9705 146.13 132.9742 86.532 143.5025 17.8536 136.3241 269.8186 10.6628 206.469 87.2789 205.2274 144.9974;
	2.7303 36.8925 82.2083 102.2522 14.7403 23.6035 9.8501 18.6 21.6187 28.2601 52.2383 77.9292 117.322 46.5503 20.5358 7.7368 9.5993 10.1724 67.1995 58.0716 3.2834 55.0748 71.2768 89.6765 101.7354 73.444 12.7357 193.7614 176.0506 176.0506 96.424 9.3089 223.9984 149.4763 145.9414 75.1149 158.3689 24.3254 122.7427 272.5055 22.5558 261.8412 79.3936 232.0762 160.0186;
	2.0274 27.3948 85.4533 110.884 13.8674 13.8036 9.1869 18.9002 25.6775 30.0265 55.5034 82.8002 124.6553 51.9215 61.571 23.1965 28.7808 30.4991 72.1303 53.1711 3.0623 32.2085 71.2214 89.5182 104.8927 73.9883 13.5988 322.9581 284.5568 284.5568 115.9654 10.8096 240.4342 136.8625 162.7809 121.4109 293.7726 27.4439 11.448 280.9625 96.1334 153.1284 85.3268 206.0713 296.8327;
	1.7513 23.6641 80.6043 107.1238 13.5346 25.2877 12.4403 18.1042 26.8172 30.1797 55.7867 83.2227 125.2913 56.8324 90.335 34.0332 42.2264 44.7473 65.7556 42.9288 4.1468 59.0046 74.5982 89.7831 98.411 71.892 12.9877 427.3206 338.9006 338.9006 173.4444 12.4458 219.1853 110.4988 178.1774 144.5976 391.0152 32.5292 162.2498 263.601 69.2542 280.5248 95.8821 168.62 395.0882;
	1.8314 24.7463 86.4941 93.0175 13.3986 29.7937 17.9453 17.8428 26.5391 28.0907 51.9253 77.4623 116.6191 54.8815 24.5764 9.259 11.488 12.1739 75.5811 54.9708 5.9818 69.5185 70.6692 87.3874 97.4695 69.6797 12.6379 495.5718 388.0682 388.0682 290.1606 16.2153 251.9369 141.4949 172.061 165.5758 468.2077 48.6785 187.7477 261.079 54.1735 330.5109 113.5884 175.2818 473.0849;
	3.1113 42.0401 88.9387 85.2043 14.826 32.0701 19.6932 16.7425 26.5704 27.5032 50.8393 75.8422 114.1801 58.5567 50.1854 18.9071 23.4588 24.8593 78.762 67.2677 6.5644 74.8303 68.368 86.5697 99.2036 69.3578 11.515 671.7938 468.5802 468.5802 322.0876 22.4868 262.54 173.1472 183.5831 199.9275 622.1871 58.9282 193.8682 265.7238 19.964 355.7646 145.2404 198.4732 628.6682;
	3.7716 50.9629 89.4783 103.5489 15.1716 31.7673 20.3958 17.3818 26.5034 28.6976 53.0471 79.1358 119.1386 57.1044 65.2776 24.593 30.5135 32.3352 83.8967 63.064 6.7986 74.1237 67.1199 87.8654 99.8939 70.4273 11.8049 809.6735 595.7015 595.7015 389.6495 24.1149 279.6557 162.327 179.0301 254.166 720.8045 72.2314 259.6537 267.5729 24.244 352.4051 152.3657 240.6706 728.3129;
	3.881 52.4408 90.7794 109.4514 15.1732 33.0488 25.0083 17.7463 26.9811 23.6759 43.7645 65.2881 98.2908 64.422 97.6067 36.7728 45.6255 48.3494 83.9506 64.1297 8.3361 77.1139 45.1393 89.0183 100.988 68.9988 12.5519 1005.764 664.8731 664.8731 486.9199 24.2267 279.8353 165.07 201.9718 283.6792 911.457 102.2188 415.1526 270.5037 85.6643 366.6215 168.0828 241.3425 920.9513;
	3.7434 50.5816 86.5053 105.693 14.6279 32.2824 26.496 15.1612 26.4785 18.7306 34.6233 51.6511 77.7605 64.9944 135.2009 50.9362 63.1986 66.9716 85.3459 70.6329 8.832 75.3256 42.0105 84.4014 96.3363 55.9861 11.4949 1136.9071 712.1556 712.1556 642.0291 37.7527 284.4864 181.8092 203.7664 303.8531 1021.3967 149.9015 368.8675 258.0435 21.8568 358.1192 173.7092 240.0934 1032.0362;
	3.8887 52.5446 87.3333 110.3368 14.9007 33.2634 30.0371 15.3589 26.9952 12.2063 22.5632 33.6599 50.6748 68.4051 162.3372 61.1596 75.8832 80.4136 82.888 71.5951 10.0124 77.6146 28.1881 82.8072 96.72 67.2485 11.7824 1126.2751 754.3491 754.3491 683.634 66.2132 276.2932 184.286 214.4593 321.8556 1031.5305 193.2146 414.1628 259.0713 39.4681 369.0021 208.4004 265.4995 1042.2756;
	3.9048 52.7628 89.738 110.443 14.6208 33.229 29.4673 15.1518 26.8391 8.0233 14.8309 22.1248 33.3088 67.9311 185.1057 69.7375 86.5261 91.6919 88.8527 73.0891 9.8224 77.5344 31.7035 80.1506 98.4752 65.3479 12.2828 1213.8014 796.3851 796.3851 657.751 80.4146 296.1758 188.1315 212.9731 339.791 1110.9819 219.7183 434.5273 263.7728 114.8775 368.6208 200.8063 252.7177 1122.5547;
