function windprofile = ex_wind_profilesh1
%EX_WIND_PROFILE_D  Example wind_load_nyiso profile data for deterministic unit commitment.
% 2022.03.12
% Andres F. Ramirez


%% define constants
[GEN_BUS, PG, QG, QMAX, QMIN, VG, MBASE, GEN_STATUS, PMAX, PMIN, ...
    MU_PMAX, MU_PMIN, MU_QMAX, MU_QMIN, PC1, PC2, QC1MIN, QC1MAX, ...
    QC2MIN, QC2MAX, RAMP_AGC, RAMP_10, RAMP_30, RAMP_Q, APF] = idx_gen;
[CT_LABEL, CT_PROB, CT_TABLE, CT_TBUS, CT_TGEN, CT_TBRCH, CT_TAREABUS, ...
    CT_TAREAGEN, CT_TAREABRCH, CT_ROW, CT_COL, CT_CHGTYPE, CT_REP, ...
    CT_REL, CT_ADD, CT_NEWVAL, CT_TLOAD, CT_TAREALOAD, CT_LOAD_ALL_PQ, ...
    CT_LOAD_FIX_PQ, CT_LOAD_DIS_PQ, CT_LOAD_ALL_P, CT_LOAD_FIX_P, ...
    CT_LOAD_DIS_P, CT_TGENCOST, CT_TAREAGENCOST, CT_MODCOST_F, ...
    CT_MODCOST_X] = idx_ct;

windprofile = struct( ...
    'type', 'mpcData', ...
    'table', CT_TGEN, ...
    'rows', [1:45], ...
    'col', PMAX, ...
    'chgtype', 1, ...
    'values', [] );
windprofile.values(:,1,:) = [
	3.6453 49.2559 91.0246 116.3581 15.2197 14.9097 15.8419 17.8575 27.5916 24.1305 44.6048 66.5416 100.178 8.6151 20.8282 7.8469 9.736 10.3172 15.0759 28.2326 5.2806 34.7894 47.6101 89.0495 101.0238 69.8843 7.9304 667.4338 381.1536 381.1536 199.5618 35.4352 50.253 72.6708 27.0096 162.6255 477.5099 51.263 329.6289 270.5995 15.5358 165.3987 121.3575 229.3559 482.484;
	3.6343 49.1069 91.6167 115.7198 15.3292 16.1586 15.6015 16.8804 27.211 24.7415 45.7343 68.2265 102.7147 8.3137 16.3459 6.1582 7.6407 8.0969 13.7717 17.4994 5.2005 37.7033 57.1307 89.2825 101.111 71.0686 6.8045 704.819 378.92 378.92 170.8985 31.7582 45.9058 45.0436 26.0646 161.6725 486.9599 51.9887 337.5543 270.833 9.9506 179.2524 113.9583 220.1084 492.0324;
	3.3252 44.9306 92.7344 116.6114 15.2121 13.1475 15.0677 18.0184 27.488 25.0963 46.3902 69.205 104.1878 8.9872 17.4102 6.5592 8.1383 8.6241 22.6167 24.1071 5.0226 30.6774 64.4988 89.4966 101.6722 73.8279 8.0924 589.9028 349.3849 349.3849 147.5365 32.4798 75.389 62.0519 28.1762 149.0709 398.5577 37.5089 276.0306 272.3363 12.2083 145.8492 89.0121 206.7117 402.7093;
	2.9535 39.9085 91.2589 114.0862 14.9324 13.4118 13.4113 18.229 26.6338 25.5011 47.1384 70.3212 105.8682 11.5956 18.9577 7.1422 8.8616 9.3907 14.0566 24.5458 4.4704 31.2943 67.3626 89.1689 104.0911 75.9502 9.5272 504.6877 263.6824 263.6824 156.5159 26.1039 46.8554 63.181 36.3537 112.5045 295.9157 26.3791 210.2785 278.8155 5.4001 148.7819 79.6556 215.7099 298.9981;
	2.3758 32.1022 93.9672 115.4569 15.0107 15.0433 13.7071 19.0512 17.587 23.7873 43.9705 65.5954 98.7534 16.0491 23.4041 8.8173 10.94 11.5932 22.9631 27.2281 4.569 35.1011 53.8035 88.2803 104.7921 76.3023 10.1251 396.6688 218.9299 218.9299 154.5452 24.3543 76.5438 70.0852 50.3161 93.4101 199.8646 29.652 213.211 280.6931 12.3761 166.8808 85.6531 239.547 201.9465;
	3.0781 41.5925 93.6529 117.3275 14.8321 22.4896 16.9295 18.2866 11.009 20.7677 38.3887 57.2684 86.2173 33.0855 22.6793 8.5443 10.6013 11.2342 36.3413 27.5583 5.6432 52.4757 50.3902 87.8988 101.8715 74.3018 8.1211 324.2894 204.7169 204.7169 145.8368 22.8752 121.1375 70.9352 103.7274 87.3459 162.2455 32.3479 237.6733 272.8701 8.0455 249.4847 89.0015 227.7225 163.9356;
	2.7429 37.0628 91.9501 118.1989 14.7195 25.186 17.1151 17.7205 12.1793 27.9627 51.6887 77.1093 116.0877 45.6439 33.1291 12.4812 15.4859 16.4105 45.4685 37.2241 5.705 58.7674 61.9094 88.6155 103.6669 72.1338 11.1778 283.9898 237.633 237.633 120.6217 14.6615 151.5618 95.815 143.0998 101.3901 203.3354 24.2325 229.286 277.6791 8.7927 279.3972 103.2644 243.0874 205.4534;
	1.9282 26.054 71.1788 116.1751 14.6907 20.5004 17.5635 17.7042 18.3227 28.7453 53.1352 79.2672 119.3364 45.5072 33.3154 12.5514 15.573 16.5028 59.6346 53.8265 5.8545 47.8342 68.544 85.5191 100.4702 71.2469 12.4787 162.667 185.0656 185.0656 107.1587 7.6223 198.782 138.5497 142.6713 78.9613 131.886 19.2807 211.3501 269.1166 8.4211 227.4176 97.9217 214.7215 133.2598;
	2.7515 37.1786 85.0446 109.1852 14.5751 24.9964 13.6387 18.2845 20.3185 28.4494 52.5882 78.4512 118.1079 45.7486 22.8176 8.5964 10.6659 11.3027 62.6366 47.9175 4.5462 58.325 68.3624 88.1906 100.5866 74.7251 11.9998 133.0184 136.7872 136.7872 83.0854 4.7292 208.7886 123.3398 143.4281 58.3625 117.5776 15.7695 158.9778 269.4284 16.683 277.2936 79.6774 235.6183 118.8024;
	1.7153 23.1773 84.7121 109.6267 13.4268 13.4599 9.6731 17.8015 24.8136 28.5334 52.7436 78.6831 118.457 40.3152 18.0546 6.802 8.4395 8.9433 65.3646 42.942 3.2244 31.4064 65.644 85.9687 98.2422 75.0418 12.0109 230.0761 210.4298 210.4298 84.7763 5.7463 217.8819 110.5328 126.3938 89.7834 211.5161 15.0663 27.9627 263.1486 0.0089 149.3152 66.6332 206.8387 213.7194;
	1.4113 19.0702 78.7432 101.4227 12.547 23.4702 13.3088 17.099 24.9472 28.2227 52.1692 77.8262 117.167 47.1163 12.3166 4.6402 5.7573 6.101 56.4593 35.3478 4.4363 54.7637 62.2613 84.2203 88.5807 74.5448 11.6079 318.8574 261.4718 261.4718 139.8486 11.2481 188.1978 90.9853 147.716 111.5613 300.2381 19.834 162.6611 237.2697 0.0731 260.3624 83.0481 185.8303 303.3655;
	1.2482 16.8657 84.4166 92.3746 12.5756 29.8169 18.4105 17.8305 25.7085 27.5139 50.859 75.8716 114.2243 47.5989 8.6326 3.2523 4.0352 4.2761 74.9075 48.7758 6.1368 69.5728 69.1223 84.9865 89.7565 75.2601 12.1669 404.5923 328.5874 328.5874 248.8885 15.4821 249.6916 125.5491 149.2288 140.1973 400.5353 37.2247 188.7007 240.4192 3.7795 330.7691 90.9311 191.8066 404.7076;
	2.4476 33.0721 86.2349 88.079 14.1869 29.4939 21.412 17.6155 26.3222 27.9388 51.6444 77.0433 115.9883 56.2744 41.785 15.7422 19.532 20.6981 78.6574 62.3643 7.1373 68.8191 71.1558 84.695 95.0192 75.5649 10.7995 582.5304 432.3815 432.3815 297.7958 19.292 262.1912 160.5259 176.4279 184.4828 580.4244 52.2824 225.5255 254.5157 0.0151 327.1855 124.3216 221.7851 586.4705;
	3.3421 45.1585 85.2329 104.0929 14.6937 28.647 22.2573 17.2492 26.2281 28.881 53.3861 79.6415 119.8999 54.887 55.7513 21.004 26.0605 27.6163 84.4265 59.6441 7.4191 66.8431 68.4098 85.9371 93.617 75.1904 10.2354 765.2168 599.4497 599.4497 391.8964 27.4054 281.4215 153.524 172.078 255.7652 732.1832 78.2477 285.3919 250.7597 0.0094 317.7913 133.5748 257.4437 739.8101;
	3.6896 49.8548 91.7778 111.6467 14.9911 31.7517 24.4294 18.8979 26.4477 25.8438 47.772 71.2664 107.2911 64.0212 88.9665 33.5176 41.5867 44.0695 83.7146 55.4845 8.1431 74.0873 49.0923 89.1963 100.8977 76.4747 12.6907 947.2635 666.9828 666.9828 504.2686 32.6004 279.0488 142.8171 200.715 284.5793 942.3708 116.7437 408.8298 270.2617 3.8824 352.2322 155.2808 267.62 952.1872;
	3.6097 48.7746 92.2822 112.1995 14.9702 31.9697 25.5145 18.4599 26.5224 20.6834 38.233 57.0361 85.8675 65.8452 132.2132 49.8106 61.802 65.4917 89.18 67.4375 8.5048 74.596 47.1666 88.644 103.4973 74.745 11.9612 973.6158 709.8887 709.8887 662.3072 48.3724 297.2667 173.5843 206.4336 302.8858 982.6933 162.3591 369.0614 277.2249 0.0 354.6505 163.4789 265.3327 992.9297;
	3.6242 48.9713 92.7692 117.8825 15.2824 32.2281 29.5827 18.893 27.3544 20.1985 37.3366 55.6989 83.8544 67.1127 159.5246 60.1 74.5685 79.0203 87.9536 67.5751 9.8609 75.199 32.7137 90.0676 104.8749 75.9159 12.659 1001.5809 767.8725 767.8725 743.4705 83.6667 293.1788 173.9384 210.4075 327.6256 1012.5342 216.6385 414.2683 280.9148 0.0151 357.5176 200.4165 285.3134 1023.0815;
	3.6175 48.8805 94.0415 117.5271 15.372 31.3544 29.9545 18.5363 27.4658 18.8507 34.8451 51.9821 78.2588 65.4917 168.4841 63.4754 78.7565 83.4584 85.079 68.8378 9.9848 73.1604 37.2406 90.0533 104.395 74.5033 13.0429 1189.8179 800.1705 800.1705 773.65 97.4986 283.5968 177.1887 205.3254 341.4061 1137.086 237.5271 447.3615 279.6295 104.5719 347.8253 185.8469 272.3793 1148.9306;
	3.6509 49.3323 93.9212 117.6948 15.3193 32.2735 31.6108 13.5597 27.3227 21.6061 39.9385 59.5804 89.698 66.213 176.4892 66.4913 82.4984 87.4237 86.1117 67.5897 10.5369 75.3049 53.1959 88.5592 102.5772 68.4087 12.2555 1276.4303 828.095 828.095 745.9961 111.523 287.039 173.9762 207.5869 353.3205 1197.3718 246.5851 463.8974 274.7603 107.4764 358.021 200.435 279.7779 1209.8444;
