function windprofile = ex_wind_profilesh1
%EX_WIND_PROFILE_D  Example wind_load_nyiso profile data for deterministic unit commitment.
% 2022.03.12
% Andres F. Ramirez


%% define constants
[GEN_BUS, PG, QG, QMAX, QMIN, VG, MBASE, GEN_STATUS, PMAX, PMIN, ...
    MU_PMAX, MU_PMIN, MU_QMAX, MU_QMIN, PC1, PC2, QC1MIN, QC1MAX, ...
    QC2MIN, QC2MAX, RAMP_AGC, RAMP_10, RAMP_30, RAMP_Q, APF] = idx_gen;
[CT_LABEL, CT_PROB, CT_TABLE, CT_TBUS, CT_TGEN, CT_TBRCH, CT_TAREABUS, ...
    CT_TAREAGEN, CT_TAREABRCH, CT_ROW, CT_COL, CT_CHGTYPE, CT_REP, ...
    CT_REL, CT_ADD, CT_NEWVAL, CT_TLOAD, CT_TAREALOAD, CT_LOAD_ALL_PQ, ...
    CT_LOAD_FIX_PQ, CT_LOAD_DIS_PQ, CT_LOAD_ALL_P, CT_LOAD_FIX_P, ...
    CT_LOAD_DIS_P, CT_TGENCOST, CT_TAREAGENCOST, CT_MODCOST_F, ...
    CT_MODCOST_X] = idx_ct;

windprofile = struct( ...
    'type', 'mpcData', ...
    'table', CT_TGEN, ...
    'rows', [1:45], ...
    'col', PMAX, ...
    'chgtype', 1, ...
    'values', [] );
windprofile.values(:,1,:) = [
	3.8046 51.408 92.3731 116.6681 15.1708 16.0851 15.722 17.6987 26.8774 25.1819 46.5484 69.441 104.5431 8.1675 23.897 9.0031 11.1705 11.8374 14.7004 29.8101 5.2407 37.532 60.747 78.8524 96.1075 70.0267 7.2219 650.9621 394.2038 394.2038 223.9906 38.7315 49.0013 76.7313 25.6062 168.1936 519.6454 58.085 324.7162 257.4307 13.8552 178.4378 128.6331 241.6453 525.0584;
	3.6053 48.7153 90.2768 113.9378 14.5662 16.0142 13.9235 16.9882 26.4573 23.4723 43.3882 64.7267 97.4456 6.0167 15.1337 5.7015 7.0741 7.4964 11.9523 16.1864 4.6412 37.3664 64.5859 80.9548 94.0481 70.0029 6.2372 664.1127 372.8769 372.8769 178.6658 33.7628 39.8411 41.6637 18.8632 159.0942 486.6176 50.0844 292.9999 251.9146 9.6855 177.6507 113.0618 223.4454 491.6865;
	3.2627 44.0864 91.8662 111.9627 14.626 13.7791 10.9773 18.2083 26.3564 23.0501 42.6077 63.5623 95.6927 7.1735 17.8779 6.7354 8.3569 8.8558 20.4774 24.2902 3.6591 32.1513 65.2445 82.7473 98.6275 72.2788 8.3801 595.0885 328.6566 328.6566 153.0906 34.2482 68.258 62.523 22.49 140.2268 388.0031 38.36 207.7183 264.1808 4.3658 152.8566 88.2929 215.8365 392.0448;
	2.8552 38.5802 88.7274 105.066 14.3707 11.7041 10.6453 17.5512 25.9467 20.9482 38.7224 57.7662 86.9667 8.4909 12.474 4.6995 5.8309 6.179 7.5957 22.7995 3.5484 27.3097 60.6505 82.0801 99.4913 73.8357 9.5293 492.2146 263.8755 263.8755 173.4969 30.0521 25.3191 58.686 26.62 112.5869 307.2965 36.5261 151.0667 266.4946 3.2699 129.8379 73.7187 209.6371 310.4975;
	2.3333 31.5286 86.4461 105.905 13.7852 10.568 10.0729 16.904 15.3418 21.3689 39.5001 58.9264 88.7133 10.0575 14.784 5.5698 6.9107 7.3232 19.43 25.0117 3.3576 24.6587 56.113 81.4519 97.2947 73.1301 8.4399 372.0073 213.4769 213.4769 151.0557 27.6137 64.7666 64.3802 31.5318 91.0835 188.151 35.9918 152.884 260.6108 8.5537 117.2345 67.5122 216.0616 190.1109;
	2.6388 35.6564 85.1752 107.3219 13.659 14.1387 11.891 16.5163 7.6246 19.0509 35.2152 52.5342 79.0899 19.7241 14.8426 5.5919 6.9381 7.3523 34.382 25.304 3.9637 32.9904 56.3479 78.7021 96.4754 71.5436 6.2707 299.9683 184.4506 184.4506 127.5648 23.9083 114.6067 65.1325 61.8378 78.6989 146.4561 32.8108 146.72 258.4162 6.8175 156.8456 61.9397 213.2013 147.9816;
	2.2363 30.2172 84.2241 107.9022 13.7549 11.2928 12.478 15.5232 11.8664 26.1976 48.4259 72.242 108.7599 35.6859 19.3744 7.2992 9.0564 9.5971 37.5753 33.9737 4.1593 26.3498 65.2989 81.3887 95.1052 70.2226 9.627 203.6389 204.4293 204.4293 90.3807 14.7998 125.2508 87.4483 111.8801 87.2232 145.2812 21.052 137.6541 254.746 3.2762 125.2743 60.6189 226.3454 146.7945;
	1.7667 23.8723 66.3965 109.4201 14.5289 13.9104 12.3507 16.4646 17.0245 27.0547 50.0102 74.6054 112.318 39.6677 24.214 9.1225 11.3186 11.9944 54.4857 47.3626 4.1169 32.4576 68.8326 80.9732 93.438 70.0318 11.1639 126.0039 171.0183 171.0183 91.9776 8.0894 181.619 121.9114 124.3636 72.9678 115.6528 48.3302 153.504 250.2804 3.7974 154.3128 83.6766 213.0786 116.8576;
	2.582 34.8891 84.0422 104.0254 14.3816 20.1984 10.2085 17.7699 20.0959 25.5592 47.2458 70.4815 106.1095 39.9475 20.7559 7.8197 9.7022 10.2814 62.9202 50.8359 3.4028 47.1297 66.5764 83.7753 96.7248 70.0456 12.0319 114.4547 131.4967 131.4967 78.6527 5.8211 209.734 130.8517 125.2409 56.1053 106.4055 29.7924 128.8896 259.0843 18.8047 224.0681 71.7742 236.1029 107.5139;
	1.7374 23.4766 76.5232 104.7494 12.0359 11.2431 10.1933 16.9883 25.83 27.5372 50.9021 75.9359 114.3211 41.6963 25.7737 9.7101 12.0477 12.767 67.0442 43.6306 3.3978 26.2338 64.1431 78.1609 91.8774 68.8505 11.5702 234.8222 213.2753 213.2753 91.1989 4.0629 223.4807 112.3052 130.7234 90.9975 208.1267 24.2157 18.2576 246.1001 0.2866 124.7231 68.2743 190.8625 210.2947;
	1.4207 19.1968 67.4232 97.9849 11.311 21.5233 14.0164 15.7319 25.7217 27.7889 51.3673 76.6299 115.3659 47.408 36.1136 13.6056 16.881 17.8888 60.2195 37.071 4.6721 50.2209 68.6371 82.0212 86.9319 69.7888 11.2508 350.7526 276.0593 276.0593 153.6239 9.3053 200.7317 95.4209 148.6306 117.7853 303.0376 28.2508 159.7525 232.8533 0.4858 238.7647 80.8768 171.8522 306.1942;
	1.6647 22.4935 77.2661 87.9876 11.095 27.2043 19.0647 15.8011 25.7137 24.4224 45.1444 67.3465 101.3898 46.4666 1.1347 0.4275 0.5304 0.5621 67.2459 46.8224 6.3549 63.4766 55.3354 81.9999 85.8504 69.16 11.4498 450.1411 345.2956 345.2956 263.1956 15.6575 224.1529 120.5211 145.679 147.3261 411.1134 42.6678 171.942 229.9564 0.0 301.7861 98.4522 169.4731 415.3958;
	2.7682 37.4039 83.208 85.1204 13.6785 28.3127 19.7004 14.7074 26.5221 26.5111 49.0054 73.1063 110.0612 48.4243 35.9139 13.5304 16.7877 17.7899 71.5224 53.0565 6.5668 66.0631 56.2854 81.4948 88.5606 68.6552 10.7725 644.6753 411.8247 411.8247 282.5939 22.7577 238.4082 136.5677 151.8167 175.7119 572.916 51.6901 200.1015 237.2159 0.8638 314.0827 132.6217 201.235 578.8839;
	3.5753 48.3102 80.9798 102.1648 14.0922 29.5916 21.1613 16.8885 26.6108 25.7025 47.5107 70.8766 106.7043 49.9106 55.107 20.7612 25.7593 27.2972 69.4134 52.8651 7.0538 69.047 47.1493 82.7456 92.06 69.6315 11.0733 737.2142 533.5673 533.5673 352.8823 25.8694 231.3782 136.0749 156.4764 227.6554 664.0128 73.3587 262.3346 246.5892 1.74 328.2694 133.0139 245.8801 670.9296;
	3.6672 49.5524 83.6621 108.0635 14.3974 30.8172 25.3702 16.8578 27.4885 23.3483 43.159 64.3847 96.9308 59.0861 75.9436 28.6113 35.4992 37.6186 70.0122 51.1722 8.4567 71.9068 20.0214 83.9777 91.451 69.5758 12.332 849.7596 608.9552 608.9552 444.2608 28.6334 233.374 131.7174 185.243 259.8209 834.0708 102.0839 403.2244 244.9579 1.6199 341.8653 153.2573 239.8187 842.7591;
	3.8056 51.4222 90.4237 111.9671 14.9807 32.0589 27.2781 17.4245 27.2981 18.5642 34.3156 51.1921 77.0694 58.3213 110.238 41.5315 51.5299 54.6063 82.9853 60.5204 9.0927 74.8042 24.0619 85.7841 98.1662 70.1996 12.3989 861.7172 650.5599 650.5599 549.3419 37.2421 276.6175 155.7797 182.8452 277.5722 887.7837 145.6555 359.8331 262.9451 3.3119 355.6406 165.1988 262.7278 897.0315;
	3.7465 50.624 88.6945 112.0699 14.5609 32.5947 28.5406 17.3393 26.2439 11.8902 21.9788 32.7881 49.3622 63.1794 137.7292 51.8887 64.3804 68.224 86.7094 66.4395 9.5135 76.0543 5.9153 84.875 99.8965 71.3576 12.1246 965.5087 712.869 712.869 661.8403 74.4057 289.0312 171.0154 198.0761 304.1575 987.6396 193.718 358.8123 267.5799 4.8408 361.584 202.1576 272.1913 997.9275;
	3.654 49.3735 90.308 110.0485 14.0024 32.1755 28.4848 17.6677 27.0326 7.6076 14.0625 20.9785 31.5831 63.2348 166.6646 62.7899 77.906 82.5571 87.4159 68.6794 9.4949 75.0762 28.9293 85.6076 101.5934 70.6673 12.8707 1062.2188 754.486 754.486 716.238 95.915 291.3863 176.7809 198.2495 321.914 1100.554 235.9481 420.6897 272.1251 108.2305 356.9339 188.2031 261.2366 1112.0181;
	3.7272 50.3622 91.399 115.9593 14.2369 33.0343 29.7947 12.9385 26.8434 9.0428 16.7155 24.9362 37.5413 61.4343 172.6428 65.0422 80.7005 85.5184 87.4492 67.3454 9.9316 77.08 28.09 87.3431 104.4721 57.7272 12.5443 1149.3525 780.606 780.606 700.9502 105.1733 291.4973 173.3472 192.6048 333.0586 1138.1532 231.7028 421.9362 279.8361 113.3119 366.4602 204.2411 269.8644 1150.0089;
