function solarprofile = ex_solar_profilesh1
%EX_WIND_PROFILE_D  Example wind_load_nyiso profile data for deterministic unit commitment.
% 2022.03.12
% Andres F. Ramirez


%% define constants
[GEN_BUS, PG, QG, QMAX, QMIN, VG, MBASE, GEN_STATUS, PMAX, PMIN, ...
    MU_PMAX, MU_PMIN, MU_QMAX, MU_QMIN, PC1, PC2, QC1MIN, QC1MAX, ...
    QC2MIN, QC2MAX, RAMP_AGC, RAMP_10, RAMP_30, RAMP_Q, APF] = idx_gen;
[CT_LABEL, CT_PROB, CT_TABLE, CT_TBUS, CT_TGEN, CT_TBRCH, CT_TAREABUS, ...
    CT_TAREAGEN, CT_TAREABRCH, CT_ROW, CT_COL, CT_CHGTYPE, CT_REP, ...
    CT_REL, CT_ADD, CT_NEWVAL, CT_TLOAD, CT_TAREALOAD, CT_LOAD_ALL_PQ, ...
    CT_LOAD_FIX_PQ, CT_LOAD_DIS_PQ, CT_LOAD_ALL_P, CT_LOAD_FIX_P, ...
    CT_LOAD_DIS_P, CT_TGENCOST, CT_TAREAGENCOST, CT_MODCOST_F, ...
    CT_MODCOST_X] = idx_ct;

solarprofile = struct( ...
    'type', 'mpcData', ...
    'table', CT_TGEN, ...
    'rows', [1:12], ...
    'col', PMAX, ...
    'chgtype', 1, ...
    'values', [] );
solarprofile.values(:,1,:) = [
	0.0 0.0 0.0 0.0 0.0 0.0 0.0 0.0 0.0 0.0 0.0 0.0;
	0.0 0.0 0.0 0.0 0.0 0.0 0.0 0.0 0.0 0.0 0.0 0.0;
	0.0 0.0 0.0 0.0 0.0 0.0 0.0 0.0 0.0 0.0 0.0 0.0;
	0.0 0.0 0.0 0.0 0.0 0.0 0.0 0.0 0.0 0.0 0.0 0.0;
	0.0 0.0 0.0 0.0 0.0 0.0 0.0 0.0 0.0 0.0 0.0 0.0;
	0.0951 0.1077 0.1051 0.0 0.0 0.1251 0.0156 0.5816 0.1456 0.0 0.0 0.0;
	5.1731 4.0712 2.4149 2.2654 8.3823 32.5263 4.0658 15.5198 38.4679 88.9028 76.0917 161.0036;
	11.1759 7.0487 5.9708 6.4092 11.871 172.0036 21.5004 26.0497 109.9324 323.4852 160.0445 585.8337;
	16.3807 11.3352 9.4409 9.3789 12.13 315.887 39.4859 32.7556 167.8159 349.7607 182.4274 633.4188;
	24.7869 16.9105 13.8225 10.9368 10.668 446.1833 55.7729 66.4171 266.0095 342.6674 198.1135 620.5728;
	26.3339 16.8303 13.502 11.1561 10.4285 422.5924 52.824 71.0324 257.4532 347.2471 244.6622 628.8665;
	26.4811 16.8443 13.6662 11.2056 10.7304 404.7797 50.5975 74.2789 242.0538 348.8358 250.4257 631.7437;
	27.0043 17.2403 14.2165 7.5334 7.0274 396.8848 49.6106 71.4946 214.392 355.8598 214.329 644.4643;
	24.3915 17.076 14.2605 8.1228 6.6184 393.6727 49.2091 67.1487 200.8533 346.0891 191.2607 626.7694;
	19.4639 16.4745 13.0654 6.2052 6.4064 358.6241 44.828 61.0981 180.3844 329.8427 165.7173 597.3471;
	6.5906 6.4844 5.1028 3.5012 5.5086 93.775 11.7219 22.5264 51.2585 116.8359 35.0654 211.5904;
	0.959 0.8106 0.6099 0.6943 1.9493 36.1364 4.5171 10.7304 26.5652 16.2587 10.2626 29.4445;
	0.0 0.0 0.0 0.0 0.0 0.0 0.0 0.0 0.0 0.0 0.0 0.0;
	0.0 0.0 0.0 0.0 0.0 0.0 0.0 0.0 0.0 0.0 0.0 0.0;
	0.0 0.0 0.0 0.0 0.0 0.0 0.0 0.0 0.0 0.0 0.0 0.0;
	0.0 0.0 0.0 0.0 0.0 0.0 0.0 0.0 0.0 0.0 0.0 0.0;
	0.0 0.0 0.0 0.0 0.0 0.0 0.0 0.0 0.0 0.0 0.0 0.0;
	0.0 0.0 0.0 0.0 0.0 0.0 0.0 0.0 0.0 0.0 0.0 0.0;
	0.0 0.0 0.0 0.0 0.0 0.0 0.0 0.0 0.0 0.0 0.0 0.0;
];
