function solarprofile = ex_solar_profilesh1
%EX_WIND_PROFILE_D  Example wind_load_nyiso profile data for deterministic unit commitment.
% 2022.03.12
% Andres F. Ramirez


%% define constants
[GEN_BUS, PG, QG, QMAX, QMIN, VG, MBASE, GEN_STATUS, PMAX, PMIN, ...
    MU_PMAX, MU_PMIN, MU_QMAX, MU_QMIN, PC1, PC2, QC1MIN, QC1MAX, ...
    QC2MIN, QC2MAX, RAMP_AGC, RAMP_10, RAMP_30, RAMP_Q, APF] = idx_gen;
[CT_LABEL, CT_PROB, CT_TABLE, CT_TBUS, CT_TGEN, CT_TBRCH, CT_TAREABUS, ...
    CT_TAREAGEN, CT_TAREABRCH, CT_ROW, CT_COL, CT_CHGTYPE, CT_REP, ...
    CT_REL, CT_ADD, CT_NEWVAL, CT_TLOAD, CT_TAREALOAD, CT_LOAD_ALL_PQ, ...
    CT_LOAD_FIX_PQ, CT_LOAD_DIS_PQ, CT_LOAD_ALL_P, CT_LOAD_FIX_P, ...
    CT_LOAD_DIS_P, CT_TGENCOST, CT_TAREAGENCOST, CT_MODCOST_F, ...
    CT_MODCOST_X] = idx_ct;

solarprofile = struct( ...
    'type', 'mpcData', ...
    'table', CT_TGEN, ...
    'rows', [1:12], ...
    'col', PMAX, ...
    'chgtype', 1, ...
    'values', [] );
solarprofile.values(:,1,:) = [
	0.0 0.0 0.0 0.0 0.0 0.0 0.0 0.0 0.0 0.0 0.0 0.0;
	0.0 0.0 0.0 0.0 0.0 0.0 0.0 0.0 0.0 0.0 0.0 0.0;
	0.0 0.0 0.0 0.0 0.0 0.0 0.0 0.0 0.0 0.0 0.0 0.0;
	0.0 0.0 0.0 0.0 0.0 0.0 0.0 0.0 0.0 0.0 0.0 0.0;
	0.0 0.0 0.0 0.0 0.0 0.0 0.0 0.0 0.0 0.0 0.0 0.0;
	0.1368 0.1864 0.1874 0.0 0.0 0.1251 0.0156 0.2923 0.0 0.0 0.0 0.0;
	2.7271 0.8128 0.9419 3.357 4.3688 67.9019 8.4877 26.3603 115.6969 55.4008 16.6055 100.3312;
	4.1188 2.4905 3.4987 4.6058 8.8037 124.0333 15.5042 23.5492 190.3547 114.4281 41.4497 207.2301;
	6.8911 5.8226 5.7607 5.0549 10.649 137.4643 17.183 18.0667 173.51 157.5771 100.3265 285.3731;
	18.2515 14.7215 11.4745 10.0482 11.8263 355.8418 44.4802 46.7621 238.0198 196.1465 135.4791 355.2225;
	23.5854 16.0537 13.2545 11.1561 13.1536 345.3427 43.1678 54.9003 229.4577 284.0444 168.4634 514.4062;
	24.0497 16.1709 13.2624 11.2745 13.1459 351.4948 43.9369 59.3556 230.7058 300.3439 173.7392 543.9247;
	19.9936 16.5824 13.6885 7.5036 5.1227 324.0729 40.5091 62.8488 212.1293 227.1876 88.7454 411.4382;
	7.1081 13.8159 9.0996 6.2123 2.4078 315.3087 39.4136 61.5148 200.7485 182.3093 49.6861 330.1633;
	2.7213 5.8377 3.871 3.9383 1.3214 269.8975 33.7372 53.2154 177.0414 130.6328 48.0527 236.5768;
	4.2282 4.011 2.6078 1.8051 1.2997 81.5874 10.1984 6.4994 48.6014 42.5309 19.1499 77.0237;
	1.4367 1.4958 1.092 0.6789 1.3822 49.5524 6.194 6.4064 33.7372 15.7916 9.9606 28.5987;
	0.0 0.0 0.0 0.0 0.0 0.0 0.0 0.0 0.0 0.0 0.0 0.0;
	0.0 0.0 0.0 0.0 0.0 0.0 0.0 0.0 0.0 0.0 0.0 0.0;
	0.0 0.0 0.0 0.0 0.0 0.0 0.0 0.0 0.0 0.0 0.0 0.0;
	0.0 0.0 0.0 0.0 0.0 0.0 0.0 0.0 0.0 0.0 0.0 0.0;
	0.0 0.0 0.0 0.0 0.0 0.0 0.0 0.0 0.0 0.0 0.0 0.0;
	0.0 0.0 0.0 0.0 0.0 0.0 0.0 0.0 0.0 0.0 0.0 0.0;
	0.0 0.0 0.0 0.0 0.0 0.0 0.0 0.0 0.0 0.0 0.0 0.0;
];
