function loadprofile = ex_load_profilesh1
%EX_LOAD_PROFILE  Example load profile data file for stochastic unit commitment.
% 2022.03.12
% Andres F. Ramirez

%% define constants
[CT_LABEL, CT_PROB, CT_TABLE, CT_TBUS, CT_TGEN, CT_TBRCH, CT_TAREABUS, ...
    CT_TAREAGEN, CT_TAREABRCH, CT_ROW, CT_COL, CT_CHGTYPE, CT_REP, ...
    CT_REL, CT_ADD, CT_NEWVAL, CT_TLOAD, CT_TAREALOAD, CT_LOAD_ALL_PQ, ...
    CT_LOAD_FIX_PQ, CT_LOAD_DIS_PQ, CT_LOAD_ALL_P, CT_LOAD_FIX_P, ...
    CT_LOAD_DIS_P, CT_TGENCOST, CT_TAREAGENCOST, CT_MODCOST_F, ...
    CT_MODCOST_X] = idx_ct;

loadprofile = struct( ...
    'type', 'mpcData', ...
    'table', CT_TAREALOAD, ...
    'rows', [1:11], ...
    'col', CT_LOAD_ALL_P, ...
    'chgtype', 1, ...
    'values', [] );
loadprofile.values(:,1,:) = [
	1474.052 890.7756 1493.7034 566.8 747.8304 1113.2 850.6879 244.9149 510.3 4465.1977 1587.8528;
	1448.2471 884.8999 1446.0198 573.8941 701.1851 1078.8981 816.7016 243.2587 495.9119 4357.6134 1485.0958;
	1460.5359 898.8271 1500.8524 562.7 720.9211 1094.3024 831.0 243.6 488.6476 4302.6948 1490.8208;
	1564.8591 970.9512 1607.7752 578.3413 784.3214 1157.7028 871.468 265.4 523.2623 4552.9775 1592.5548;
	1732.4871 1098.628 1808.3215 603.7736 919.1915 1323.785 993.6273 310.2864 601.478 5184.6936 1879.3704;
	1856.8523 1186.0153 1944.3134 615.9 987.9 1380.8508 1062.802 339.5585 664.6411 5663.8498 2079.2573;
	1769.5547 1184.179 1948.2974 605.6252 997.2822 1382.4148 1087.865 339.3686 676.3646 6031.4 2058.5792;
	1758.4859 1149.3621 1986.7274 616.526 991.9737 1340.3524 1078.5068 327.3373 697.2698 6131.4926 2018.839;
	1767.974 1153.7582 2000.4102 602.743 999.8942 1302.3564 1079.5957 320.3 673.6718 6096.4122 1902.2315;
	1758.4362 1154.4756 1969.556 598.8433 990.4326 1304.1361 1062.3871 323.651 669.6 6225.6999 1849.1559;
	1782.5135 1105.3076 1883.6105 567.1982 970.6 1207.68 1034.1 331.8846 670.1 6160.5642 1810.9054;
	1778.0 1086.7922 1923.9669 569.9182 973.5854 1215.1631 1010.0324 334.3602 670.7 6219.7273 1874.4171;
	1768.9474 1051.6873 1867.8368 580.2242 939.7038 1194.6894 995.5292 346.7869 668.9 6219.2359 1874.6158;
	1724.2543 1014.3755 1826.2214 558.6273 911.9 1151.0735 985.5544 349.9106 656.4663 6157.7594 1818.9245;
	1728.758 1012.2302 1817.1946 566.3917 896.892 1167.2724 985.4914 348.2897 661.8332 6208.5359 1916.7567;
	1702.4067 1110.4634 1859.0149 560.6359 918.0245 1269.0316 1027.5944 336.9467 666.1153 6294.5694 1999.142;
	1693.8082 1122.9044 1898.2882 579.8747 948.759 1361.3231 1077.2817 380.1083 669.8 6409.6847 2237.6479;
	1738.7664 1125.6465 1899.0522 586.7 985.4656 1418.9653 1126.0831 398.9855 672.7716 6317.21 2342.6;
	1730.0281 1145.591 1909.0418 593.2826 972.5332 1418.3 1160.8771 394.3 680.0141 6201.1947 2323.9797;
	1718.0112 1087.3928 1833.1 584.4316 915.7413 1350.348 1089.6493 385.9347 648.0018 6168.9871 2263.4146;
	1626.0038 1004.8771 1703.0151 568.7757 883.828 1228.2453 986.441 352.0901 582.0759 5590.8381 2022.2338;
	1551.3755 952.7948 1579.0216 561.1292 800.1369 1181.3743 920.6 314.2427 523.8 5194.3679 1898.8676;
	1487.4398 860.9508 1513.8071 550.7828 748.6022 1046.5013 814.0325 242.4061 449.1677 4542.3201 1398.5951;
	1512.2553 844.157 1501.3501 529.9716 758.2518 1042.5798 810.8517 245.8424 344.7173 4406.0754 1374.0617;
];
