function solarprofile = ex_solar_profilesh1
%EX_WIND_PROFILE_D  Example wind_load_nyiso profile data for deterministic unit commitment.
% 2022.03.12
% Andres F. Ramirez


%% define constants
[GEN_BUS, PG, QG, QMAX, QMIN, VG, MBASE, GEN_STATUS, PMAX, PMIN, ...
    MU_PMAX, MU_PMIN, MU_QMAX, MU_QMIN, PC1, PC2, QC1MIN, QC1MAX, ...
    QC2MIN, QC2MAX, RAMP_AGC, RAMP_10, RAMP_30, RAMP_Q, APF] = idx_gen;
[CT_LABEL, CT_PROB, CT_TABLE, CT_TBUS, CT_TGEN, CT_TBRCH, CT_TAREABUS, ...
    CT_TAREAGEN, CT_TAREABRCH, CT_ROW, CT_COL, CT_CHGTYPE, CT_REP, ...
    CT_REL, CT_ADD, CT_NEWVAL, CT_TLOAD, CT_TAREALOAD, CT_LOAD_ALL_PQ, ...
    CT_LOAD_FIX_PQ, CT_LOAD_DIS_PQ, CT_LOAD_ALL_P, CT_LOAD_FIX_P, ...
    CT_LOAD_DIS_P, CT_TGENCOST, CT_TAREAGENCOST, CT_MODCOST_F, ...
    CT_MODCOST_X] = idx_ct;

solarprofile = struct( ...
    'type', 'mpcData', ...
    'table', CT_TGEN, ...
    'rows', [1:12], ...
    'col', PMAX, ...
    'chgtype', 1, ...
    'values', [] );
solarprofile.values(:,1,:) = [
	0.0 0.0 0.0 0.0 0.0 0.0 0.0 0.0 0.0 0.0 0.0 0.0;
	0.0 0.0 0.0 0.0 0.0 0.0 0.0 0.0 0.0 0.0 0.0 0.0;
	0.0 0.0 0.0 0.0 0.0 0.0 0.0 0.0 0.0 0.0 0.0 0.0;
	0.0 0.0 0.0 0.0 0.0 0.0 0.0 0.0 0.0 0.0 0.0 0.0;
	0.0 0.0 0.0 0.0 0.0 0.0 0.0 0.0 0.0 0.0 0.0 0.0;
	0.103 0.1004 0.1184 0.0 0.0 0.1251 0.0156 0.1784 0.0 0.0 0.0 0.0;
	4.2847 4.4153 2.5755 3.5509 6.094 34.5721 4.3215 3.4211 80.0758 15.065 4.456 27.2828;
	8.1743 7.2857 5.704 6.1808 10.8013 122.8843 15.3605 13.22 44.9431 149.6039 36.1832 270.9336;
	12.2685 10.9495 9.2088 7.6644 11.7637 177.4047 22.1756 28.3391 42.9196 267.9038 121.6723 485.1754;
	21.9944 15.9954 13.5992 8.4144 10.4528 383.816 47.977 65.3401 208.0423 289.6707 154.5532 524.5954;
	23.6243 16.0537 13.2545 10.769 9.8499 363.244 45.4055 66.7625 192.7585 282.3572 167.9332 511.3505;
	23.5551 16.0751 13.2624 11.0318 10.4861 347.5707 43.4463 65.9569 175.369 263.4099 170.7618 477.0369;
	23.2579 16.5025 13.6785 4.2675 9.0631 293.4801 36.685 61.1884 165.6441 236.2085 164.4728 427.775;
	17.6611 14.4891 12.0522 3.0655 9.7015 277.8413 34.7302 58.5311 179.5102 226.6825 164.4986 410.5234;
	12.018 9.5692 7.5415 2.0211 9.2313 174.8275 21.8534 53.3301 169.7986 190.8254 172.0624 345.5859;
	5.2476 4.3536 2.1436 1.8898 6.6913 14.3458 1.7932 16.1642 27.2086 42.2239 41.6542 76.4677;
	0.9764 0.7557 0.544 1.2186 2.3464 32.8152 4.1019 8.6576 20.2353 14.9333 10.1501 27.0444;
	0.0 0.0 0.0 0.0 0.0 0.0 0.0 0.0 0.0 0.0 0.0 0.0;
	0.0 0.0 0.0 0.0 0.0 0.0 0.0 0.0 0.0 0.0 0.0 0.0;
	0.0 0.0 0.0 0.0 0.0 0.0 0.0 0.0 0.0 0.0 0.0 0.0;
	0.0 0.0 0.0 0.0 0.0 0.0 0.0 0.0 0.0 0.0 0.0 0.0;
	0.0 0.0 0.0 0.0 0.0 0.0 0.0 0.0 0.0 0.0 0.0 0.0;
	0.0 0.0 0.0 0.0 0.0 0.0 0.0 0.0 0.0 0.0 0.0 0.0;
	0.0 0.0 0.0 0.0 0.0 0.0 0.0 0.0 0.0 0.0 0.0 0.0;
];
