function loadprofile = ex_load_profilesh1
%EX_LOAD_PROFILE  Example load profile data file for stochastic unit commitment.
% 2022.03.12
% Andres F. Ramirez

%% define constants
[CT_LABEL, CT_PROB, CT_TABLE, CT_TBUS, CT_TGEN, CT_TBRCH, CT_TAREABUS, ...
    CT_TAREAGEN, CT_TAREABRCH, CT_ROW, CT_COL, CT_CHGTYPE, CT_REP, ...
    CT_REL, CT_ADD, CT_NEWVAL, CT_TLOAD, CT_TAREALOAD, CT_LOAD_ALL_PQ, ...
    CT_LOAD_FIX_PQ, CT_LOAD_DIS_PQ, CT_LOAD_ALL_P, CT_LOAD_FIX_P, ...
    CT_LOAD_DIS_P, CT_TGENCOST, CT_TAREAGENCOST, CT_MODCOST_F, ...
    CT_MODCOST_X] = idx_ct;

loadprofile = struct( ...
    'type', 'mpcData', ...
    'table', CT_TAREALOAD, ...
    'rows', [1:11], ...
    'col', CT_LOAD_ALL_P, ...
    'chgtype', 1, ...
    'values', [] );
loadprofile.values(:,1,:) = [
	1376.8299 922.9314 1633.7794 542.8 790.6388 1114.7898 873.057 233.656 509.5 4484.8718 1687.6543;
	1349.4361 907.6845 1628.6382 548.3564 784.7216 1115.5697 870.3 236.7086 501.191 4483.995 1655.8372;
	1387.2 916.0485 1624.6938 545.4973 775.3036 1142.8189 879.126 240.9791 517.328 4520.3 1690.1935;
	1461.5114 982.0911 1741.2528 547.4732 839.6285 1203.9297 941.9319 263.1 550.5044 4731.8728 1784.6416;
	1625.9707 1110.7732 1927.7018 557.5621 964.9907 1361.6855 1045.9352 313.8 621.1 5194.961 2025.2;
	1716.6368 1187.5566 2043.1858 561.92 1025.3 1456.7814 1124.6621 341.9 689.2224 5740.2288 2230.8145;
	1683.2816 1204.7 2043.2531 557.4484 1041.4256 1444.4 1154.394 339.2461 713.5571 6118.4826 2283.3956;
	1699.7248 1186.5805 2023.7601 562.7745 1024.0229 1410.6967 1162.6554 358.5862 740.8613 6241.8025 2286.1933;
	1708.7782 1191.0 2027.6 552.5484 993.1 1413.0498 1123.2715 345.6641 752.5943 6312.1042 2307.3634;
	1751.3213 1197.7 2007.219 547.2451 953.1187 1400.8857 1095.7704 335.6296 751.2028 6311.7937 2274.9624;
	1726.2993 1212.14 1997.4053 564.6322 949.0948 1380.6597 1074.9709 341.6996 719.4086 6230.7416 2272.8649;
	1709.4877 1179.462 1960.0022 552.4414 924.535 1364.6625 1009.4542 336.4 712.3887 6161.1615 2120.1875;
	1652.0668 1129.8193 1898.2455 540.8 895.3236 1292.7393 971.5216 322.9 682.5187 6068.6148 2052.0745;
	1641.7672 1135.8627 1885.1 539.5358 884.1886 1320.2697 985.5967 321.7124 710.7061 6109.3748 2132.4895;
	1631.22 1161.4227 1916.1741 542.2652 939.4883 1363.828 1011.7 326.7 681.4 6089.3533 2187.8872;
	1690.5795 1165.9489 1893.5975 558.3431 951.7547 1334.8298 1011.2936 325.2379 669.4 6116.2584 2167.2683;
	1649.6695 1120.7703 1902.6291 552.4226 952.222 1353.7741 1050.882 337.8667 659.0935 5973.1009 2246.5247;
	1653.2794 1151.9117 1940.4187 544.6178 965.4273 1407.9 1117.9201 364.6 709.8 6014.8981 2367.8375;
	1684.7747 1201.8977 1960.1 559.8484 997.8957 1393.5014 1125.0451 357.7952 697.9999 5986.6251 2364.8283;
	1641.7912 1153.2 1834.9209 539.5055 932.1 1318.2232 1064.4385 344.5548 667.3679 5852.9401 2289.1618;
	1550.7343 1049.3966 1700.1993 527.0 840.8874 1216.8115 979.4898 311.4 622.5866 5502.2 2104.0037;
	1467.8986 976.2464 1601.195 516.1 820.7215 1145.2876 925.2 270.7013 565.4191 5192.2276 1926.1741;
	1421.5972 916.2339 1577.1632 503.5744 770.8583 1116.2 874.4088 261.6 507.0838 4993.2297 1829.4;
	1382.67 917.9906 1583.878 497.2375 760.696 1083.739 867.6192 245.6487 500.3721 4636.8039 1703.6445;
];
