function solarprofile = ex_solar_profilesh1
%EX_WIND_PROFILE_D  Example wind_load_nyiso profile data for deterministic unit commitment.
% 2022.03.12
% Andres F. Ramirez


%% define constants
[GEN_BUS, PG, QG, QMAX, QMIN, VG, MBASE, GEN_STATUS, PMAX, PMIN, ...
    MU_PMAX, MU_PMIN, MU_QMAX, MU_QMIN, PC1, PC2, QC1MIN, QC1MAX, ...
    QC2MIN, QC2MAX, RAMP_AGC, RAMP_10, RAMP_30, RAMP_Q, APF] = idx_gen;
[CT_LABEL, CT_PROB, CT_TABLE, CT_TBUS, CT_TGEN, CT_TBRCH, CT_TAREABUS, ...
    CT_TAREAGEN, CT_TAREABRCH, CT_ROW, CT_COL, CT_CHGTYPE, CT_REP, ...
    CT_REL, CT_ADD, CT_NEWVAL, CT_TLOAD, CT_TAREALOAD, CT_LOAD_ALL_PQ, ...
    CT_LOAD_FIX_PQ, CT_LOAD_DIS_PQ, CT_LOAD_ALL_P, CT_LOAD_FIX_P, ...
    CT_LOAD_DIS_P, CT_TGENCOST, CT_TAREAGENCOST, CT_MODCOST_F, ...
    CT_MODCOST_X] = idx_ct;

solarprofile = struct( ...
    'type', 'mpcData', ...
    'table', CT_TGEN, ...
    'rows', [1:12], ...
    'col', PMAX, ...
    'chgtype', 1, ...
    'values', [] );
solarprofile.values(:,1,:) = [
	0.0 0.0 0.0 0.0 0.0 0.0 0.0 0.0 0.0 0.0 0.0 0.0;
	0.0 0.0 0.0 0.0 0.0 0.0 0.0 0.0 0.0 0.0 0.0 0.0;
	0.0 0.0 0.0 0.0 0.0 0.0 0.0 0.0 0.0 0.0 0.0 0.0;
	0.0 0.0 0.0 0.0 0.0 0.0 0.0 0.0 0.0 0.0 0.0 0.0;
	0.0 0.0 0.0 0.0 0.0 0.0 0.0 0.0 0.0 0.0 0.0 0.0;
	0.0951 0.0972 0.1051 0.0 0.0 0.1251 0.0156 0.1784 0.0 0.0 0.0 0.0;
	6.1765 2.9078 4.2101 1.5459 3.6405 61.232 7.654 7.5717 24.0553 41.953 33.0226 75.9771;
	7.9671 5.4227 5.3099 1.9573 7.367 141.9482 17.7435 26.4259 42.5952 163.2893 94.1272 295.718;
	11.0775 7.0129 6.2786 2.8194 8.7019 178.7644 22.3456 32.9558 62.4909 277.6116 140.8085 502.7563;
	22.2379 14.8368 13.3034 10.159 9.269 382.0862 47.7608 57.597 236.9863 330.0674 118.5522 597.754;
	24.1594 16.0389 13.3364 11.1561 11.0661 389.1378 48.6422 57.9934 252.757 321.52 151.5442 582.2747;
	23.5727 15.7704 13.2624 11.2056 11.8183 398.7552 49.8444 59.4215 271.3665 319.2308 171.3977 578.1289;
	11.7404 8.6218 9.6397 5.8409 6.6238 381.6314 47.7039 61.8918 266.269 325.5439 187.665 589.5619;
	2.6495 2.8658 2.7265 4.7377 5.3081 376.5761 47.072 61.7419 257.0626 322.0116 172.1015 583.165;
	2.7096 2.078 1.807 3.8077 5.1737 354.8035 44.3504 57.2723 244.4866 320.1563 147.2844 579.8051;
	2.5208 1.4711 0.8413 5.1265 7.015 222.1212 27.7651 18.7195 138.7242 230.2681 31.3399 417.0169;
	0.8987 0.74 0.5349 1.6183 2.5393 63.8524 7.9816 9.6961 40.9553 38.0843 12.0915 68.971;
	0.0 0.0 0.0 0.0 0.0 0.0 0.0 0.0 0.0 0.0 0.0 0.0;
	0.0 0.0 0.0 0.0 0.0 0.0 0.0 0.0 0.0 0.0 0.0 0.0;
	0.0 0.0 0.0 0.0 0.0 0.0 0.0 0.0 0.0 0.0 0.0 0.0;
	0.0 0.0 0.0 0.0 0.0 0.0 0.0 0.0 0.0 0.0 0.0 0.0;
	0.0 0.0 0.0 0.0 0.0 0.0 0.0 0.0 0.0 0.0 0.0 0.0;
	0.0 0.0 0.0 0.0 0.0 0.0 0.0 0.0 0.0 0.0 0.0 0.0;
	0.0 0.0 0.0 0.0 0.0 0.0 0.0 0.0 0.0 0.0 0.0 0.0;
];
