function solarprofile = ex_solar_profilesh1
%EX_WIND_PROFILE_D  Example wind_load_nyiso profile data for deterministic unit commitment.
% 2022.03.12
% Andres F. Ramirez


%% define constants
[GEN_BUS, PG, QG, QMAX, QMIN, VG, MBASE, GEN_STATUS, PMAX, PMIN, ...
    MU_PMAX, MU_PMIN, MU_QMAX, MU_QMIN, PC1, PC2, QC1MIN, QC1MAX, ...
    QC2MIN, QC2MAX, RAMP_AGC, RAMP_10, RAMP_30, RAMP_Q, APF] = idx_gen;
[CT_LABEL, CT_PROB, CT_TABLE, CT_TBUS, CT_TGEN, CT_TBRCH, CT_TAREABUS, ...
    CT_TAREAGEN, CT_TAREABRCH, CT_ROW, CT_COL, CT_CHGTYPE, CT_REP, ...
    CT_REL, CT_ADD, CT_NEWVAL, CT_TLOAD, CT_TAREALOAD, CT_LOAD_ALL_PQ, ...
    CT_LOAD_FIX_PQ, CT_LOAD_DIS_PQ, CT_LOAD_ALL_P, CT_LOAD_FIX_P, ...
    CT_LOAD_DIS_P, CT_TGENCOST, CT_TAREAGENCOST, CT_MODCOST_F, ...
    CT_MODCOST_X] = idx_ct;

solarprofile = struct( ...
    'type', 'mpcData', ...
    'table', CT_TGEN, ...
    'rows', [1:12], ...
    'col', PMAX, ...
    'chgtype', 1, ...
    'values', [] );
solarprofile.values(:,1,:) = [
	0.0 0.0 0.0 0.0 0.0 0.0 0.0 0.0 0.0 0.0 0.0 0.0;
	0.0 0.0 0.0 0.0 0.0 0.0 0.0 0.0 0.0 0.0 0.0 0.0;
	0.0 0.0 0.0 0.0 0.0 0.0 0.0 0.0 0.0 0.0 0.0 0.0;
	0.0 0.0 0.0 0.0 0.0 0.0 0.0 0.0 0.0 0.0 0.0 0.0;
	0.0 0.0 0.0 0.0 0.0 0.0 0.0 0.0 0.0 0.0 0.0 0.0;
	0.103 0.0972 0.1122 0.0 0.0 0.1251 0.0156 0.1784 0.0 0.0 0.0 0.0;
	4.1227 2.8733 1.8594 6.0176 6.0956 35.5199 4.44 33.4211 71.0902 288.4836 96.639 522.4456;
	7.626 4.0192 3.9071 9.9639 12.0309 77.8465 9.7308 41.6626 114.0116 357.0303 189.3571 646.584;
	10.3751 4.9009 5.6831 10.8928 12.7971 123.435 15.4294 36.8623 124.7128 353.7411 193.6398 640.6273;
	20.92 14.517 13.0705 10.931 11.5592 392.3417 49.0427 61.0542 241.9348 340.8874 195.279 617.3491;
	23.3653 16.0537 13.2545 11.1125 9.8132 360.9402 45.1175 42.8387 226.0961 333.2324 198.8488 603.486;
	23.5487 16.0751 13.2624 10.9035 8.3055 318.2323 39.779 40.0246 216.494 335.345 196.4968 607.3119;
	21.7995 16.3903 12.9177 3.7895 2.4384 299.0925 37.3866 69.1354 203.0539 356.0881 191.5965 644.8777;
	14.4853 12.8204 8.4201 3.1187 2.2284 347.9451 43.4931 77.1736 214.2707 346.9369 161.814 628.3048;
	7.175 6.7974 4.7641 2.3619 1.7641 344.519 43.0649 79.1727 207.6488 308.4128 123.8254 558.5374;
	3.3709 4.4012 2.3544 1.7292 1.0454 121.8692 15.2336 50.4518 64.036 26.0344 15.6597 47.1484;
	0.9591 0.8186 0.5928 0.7363 1.3124 35.7522 4.469 6.7474 25.8941 11.3316 7.5817 20.5215;
	0.0 0.0 0.0 0.0 0.0 0.0 0.0 0.0 0.0 0.0 0.0 0.0;
	0.0 0.0 0.0 0.0 0.0 0.0 0.0 0.0 0.0 0.0 0.0 0.0;
	0.0 0.0 0.0 0.0 0.0 0.0 0.0 0.0 0.0 0.0 0.0 0.0;
	0.0 0.0 0.0 0.0 0.0 0.0 0.0 0.0 0.0 0.0 0.0 0.0;
	0.0 0.0 0.0 0.0 0.0 0.0 0.0 0.0 0.0 0.0 0.0 0.0;
	0.0 0.0 0.0 0.0 0.0 0.0 0.0 0.0 0.0 0.0 0.0 0.0;
	0.0 0.0 0.0 0.0 0.0 0.0 0.0 0.0 0.0 0.0 0.0 0.0;
];
