function loadprofile = ex_load_profilesh1
%EX_LOAD_PROFILE  Example load profile data file for stochastic unit commitment.
% 2022.03.12
% Andres F. Ramirez

%% define constants
[CT_LABEL, CT_PROB, CT_TABLE, CT_TBUS, CT_TGEN, CT_TBRCH, CT_TAREABUS, ...
    CT_TAREAGEN, CT_TAREABRCH, CT_ROW, CT_COL, CT_CHGTYPE, CT_REP, ...
    CT_REL, CT_ADD, CT_NEWVAL, CT_TLOAD, CT_TAREALOAD, CT_LOAD_ALL_PQ, ...
    CT_LOAD_FIX_PQ, CT_LOAD_DIS_PQ, CT_LOAD_ALL_P, CT_LOAD_FIX_P, ...
    CT_LOAD_DIS_P, CT_TGENCOST, CT_TAREAGENCOST, CT_MODCOST_F, ...
    CT_MODCOST_X] = idx_ct;

loadprofile = struct( ...
    'type', 'mpcData', ...
    'table', CT_TAREALOAD, ...
    'rows', [1:11], ...
    'col', CT_LOAD_ALL_P, ...
    'chgtype', 1, ...
    'values', [] );
loadprofile.values(:,1,:) = [
	1429.6539 896.4153 1550.5326 572.3709 782.7164 1089.1748 832.9734 226.2806 475.2804 4467.7315 1654.5514;
	1428.5896 900.0269 1548.7 584.7306 777.0 1109.0703 841.4 224.0325 492.3643 4491.8757 1660.6866;
	1459.5463 924.0887 1591.6633 581.1527 806.1929 1123.7543 856.2 227.4 501.623 4471.2276 1662.5396;
	1553.466 986.2297 1697.2521 607.6857 852.4536 1187.5554 921.8 241.5943 548.3845 4731.6463 1807.7119;
	1672.5809 1107.9464 1919.7439 618.2693 959.8 1320.6751 1024.3 284.3644 625.0463 5304.0177 2025.7576;
	1806.6877 1217.2098 2054.5309 618.5 975.1596 1411.8076 1052.8529 299.3057 689.1969 5835.6499 2172.5;
	1843.069 1224.6 2033.0673 607.0155 995.335 1393.741 1086.4833 309.6323 686.5 6178.7113 2200.9;
	1850.9117 1242.9616 2036.6249 607.7024 1016.6219 1390.4553 1101.7326 297.9482 700.5581 6348.6087 2183.2302;
	1885.2 1244.5584 2052.2618 602.7026 1011.8 1325.092 1080.9243 306.2256 697.7747 6459.3174 2141.452;
	1866.0681 1253.4033 2034.9003 609.7705 996.3342 1283.9581 1063.544 306.9 702.0 6491.6392 2126.174;
	1837.483 1231.1725 2005.5396 607.7 986.3789 1239.232 1066.4266 302.8825 686.0 6466.8736 2127.3281;
	1808.6 1227.5427 1991.2137 607.6062 942.4 1232.2824 1025.9329 270.8742 675.1 6270.7371 2049.7457;
	1731.0229 1190.5 1930.3786 611.1642 946.166 1189.0667 1000.2663 258.0926 666.0 6222.2643 2017.5362;
	1720.2 1195.2846 1911.3076 612.249 942.5763 1164.0571 1033.355 295.1 659.4466 6236.3678 2038.3748;
	1730.4761 1187.4329 1934.4817 615.0026 894.2169 1259.7288 1042.9419 286.9784 659.9576 6269.1267 2107.8534;
	1710.4884 1182.5906 1948.4895 609.044 961.9527 1318.2575 1074.1297 311.9 663.49 6340.9087 2199.1;
	1663.1 1165.1189 1894.0135 610.6236 944.4716 1365.7914 1069.6588 325.4656 670.0867 6141.8152 2240.0902;
	1762.1931 1213.1 1948.7168 616.2152 992.7078 1435.8179 1159.4952 347.3 707.7488 6215.2865 2385.6535;
	1794.7074 1235.3188 1927.3602 607.5702 997.9668 1413.6641 1168.7 352.8452 705.6863 6031.9936 2382.3176;
	1765.7 1175.8273 1864.258 586.652 948.6 1331.5966 1099.6968 334.4 674.0665 5877.4565 2251.4139;
	1670.764 1130.4817 1761.9 572.5052 889.777 1233.0627 1028.3209 312.6 613.2 5599.0735 2100.4;
	1555.9504 1039.3996 1632.379 557.9671 803.2687 1117.1 952.9095 281.8538 555.0755 5158.4338 1882.4179;
	1485.746 922.0 1561.6073 533.4 774.2 1096.246 885.3256 263.7526 507.8166 4784.2484 1702.5778;
	1413.9684 898.6769 1519.4 541.3314 752.2762 1081.3883 858.3933 250.5 492.7955 4575.8922 1652.5462;
];
