function loadprofile = ex_load_profilesh1
%EX_LOAD_PROFILE  Example load profile data file for stochastic unit commitment.
% 2022.03.12
% Andres F. Ramirez

%% define constants
[CT_LABEL, CT_PROB, CT_TABLE, CT_TBUS, CT_TGEN, CT_TBRCH, CT_TAREABUS, ...
    CT_TAREAGEN, CT_TAREABRCH, CT_ROW, CT_COL, CT_CHGTYPE, CT_REP, ...
    CT_REL, CT_ADD, CT_NEWVAL, CT_TLOAD, CT_TAREALOAD, CT_LOAD_ALL_PQ, ...
    CT_LOAD_FIX_PQ, CT_LOAD_DIS_PQ, CT_LOAD_ALL_P, CT_LOAD_FIX_P, ...
    CT_LOAD_DIS_P, CT_TGENCOST, CT_TAREAGENCOST, CT_MODCOST_F, ...
    CT_MODCOST_X] = idx_ct;

loadprofile = struct( ...
    'type', 'mpcData', ...
    'table', CT_TAREALOAD, ...
    'rows', [1:11], ...
    'col', CT_LOAD_ALL_P, ...
    'chgtype', 1, ...
    'values', [] );
loadprofile.values(:,1,:) = [
	1477.6458 927.2157 1516.7 582.7892 744.0764 1073.0469 836.9 216.6 506.2 4559.6172 1717.5524;
	1493.8115 934.9215 1551.42 580.6674 756.1328 1083.5 848.8 227.3641 496.3 4525.9407 1725.3886;
	1506.3698 936.8 1580.8511 570.5 759.7738 1106.4146 848.74 231.2069 492.9086 4509.5671 1744.5;
	1572.1727 1003.8973 1669.7296 577.7075 827.3 1161.8031 881.0 239.7423 529.5508 4640.0264 1833.6777;
	1732.5181 1141.0701 1852.1274 604.1208 921.1102 1337.3819 981.2829 298.0462 622.8 5231.7047 2050.6991;
	1843.4483 1214.2682 1932.1371 599.4446 963.1743 1390.8548 1028.3275 316.9269 670.6291 5693.527 2152.6933;
	1866.9034 1222.6 1917.3131 581.8853 981.0581 1394.8981 1081.2328 330.5718 689.7154 6059.2767 2198.8624;
	1867.0192 1226.8351 1921.5916 572.0724 982.1366 1427.8559 1121.2825 342.4266 708.0858 6298.1552 2241.9019;
	1846.1115 1218.1213 1879.9943 557.9 977.7674 1367.9712 1114.3566 313.3076 692.1671 6310.5616 2229.4186;
	1840.2 1178.8062 1850.7793 545.7941 941.3426 1304.9776 1106.3031 283.6119 681.7233 6252.0547 2141.5634;
	1821.9306 1150.8418 1800.7119 535.9081 945.0412 1237.4835 1047.6711 270.1359 669.8 6246.2057 2008.6087;
	1832.6 1149.7353 1770.7633 542.0529 944.121 1239.0748 1060.262 271.8347 667.0247 6252.8326 2013.0507;
	1800.4786 1124.5324 1774.0002 551.8947 925.8142 1277.5631 1057.7447 260.0616 668.1062 6187.5009 2016.3815;
	1812.3093 1156.4 1756.0777 558.7936 929.2991 1278.0292 1043.9052 268.2109 662.9567 6235.6124 2105.6013;
	1803.1842 1137.9021 1789.5362 561.1669 934.4671 1307.4928 1069.8146 271.1385 663.6 6252.6538 2171.8947;
	1767.8191 1129.0 1794.8554 546.8 940.0067 1323.7668 1086.4522 274.6516 666.0674 6268.7638 2236.0113;
	1796.5336 1126.3834 1810.5675 542.8736 947.8863 1336.9812 1068.0 306.349 669.7 6081.7512 2289.8787;
	1820.756 1145.0368 1882.3 564.2 985.5347 1415.7698 1133.2959 307.7194 724.8131 6022.2399 2403.0;
	1857.3 1150.4233 1868.5248 566.7334 965.5209 1393.2049 1105.8 309.9919 709.5 5983.102 2429.0125;
	1770.0837 1077.8192 1728.6413 564.0004 895.0606 1307.1329 1039.9178 276.6 680.6817 5731.3978 2286.793;
	1702.3539 977.8909 1591.1346 541.7501 831.5219 1177.5618 955.6406 254.9163 614.2162 5366.2305 2105.2117;
	1609.0243 895.5248 1494.1761 531.8582 790.4389 1109.8225 904.6259 235.4308 570.0146 4991.3474 1978.4431;
	1607.9698 877.5 1502.8411 516.2331 782.128 1110.3663 877.6344 231.6735 530.8047 4610.1294 1822.1435;
	1510.0288 850.0061 1503.1 528.0498 755.5677 1092.3133 839.4885 205.8586 500.3147 4282.9505 1714.7262;
];
