function loadprofile = ex_load_profilesh1
%EX_LOAD_PROFILE  Example load profile data file for stochastic unit commitment.
% 2022.03.12
% Andres F. Ramirez

%% define constants
[CT_LABEL, CT_PROB, CT_TABLE, CT_TBUS, CT_TGEN, CT_TBRCH, CT_TAREABUS, ...
    CT_TAREAGEN, CT_TAREABRCH, CT_ROW, CT_COL, CT_CHGTYPE, CT_REP, ...
    CT_REL, CT_ADD, CT_NEWVAL, CT_TLOAD, CT_TAREALOAD, CT_LOAD_ALL_PQ, ...
    CT_LOAD_FIX_PQ, CT_LOAD_DIS_PQ, CT_LOAD_ALL_P, CT_LOAD_FIX_P, ...
    CT_LOAD_DIS_P, CT_TGENCOST, CT_TAREAGENCOST, CT_MODCOST_F, ...
    CT_MODCOST_X] = idx_ct;

loadprofile = struct( ...
    'type', 'mpcData', ...
    'table', CT_TAREALOAD, ...
    'rows', [1:11], ...
    'col', CT_LOAD_ALL_P, ...
    'chgtype', 1, ...
    'values', [] );
loadprofile.values(:,1,:) = [
	1453.0293 923.4327 1587.6079 581.1 792.3381 1115.6137 856.4326 237.5959 566.0856 4548.8229 1677.5139;
	1494.5458 943.3453 1594.1 585.7555 811.7669 1158.3 860.3 249.9754 540.1706 4527.6165 1677.5702;
	1537.1928 963.0483 1641.7281 582.5141 816.5943 1176.5509 871.9212 261.3252 554.2831 4599.4333 1723.5854;
	1591.6281 1036.9803 1763.2211 600.884 907.17 1274.1898 929.4844 286.7 598.3251 4842.1713 1852.0;
	1739.2 1154.2442 1944.0606 612.2889 1033.9724 1424.6309 1032.1601 314.1 680.4496 5392.1591 2063.961;
	1865.5251 1244.0232 2116.9739 623.9991 1103.2419 1483.7739 1083.9558 352.0794 708.3911 5910.3762 2221.2903;
	1856.8729 1264.4 2126.3933 613.728 1100.2091 1478.5032 1109.8 341.3337 723.2307 6335.0531 2268.3952;
	1857.8569 1245.8712 2122.4403 594.4007 1077.8902 1479.7308 1081.3293 355.2394 727.9713 6494.3486 2246.0213;
	1861.5692 1239.5889 2052.3607 575.7 1033.8416 1431.3906 1075.6731 346.2513 737.8172 6687.5706 2250.9039;
	1895.6616 1242.9247 2028.3149 564.2 1033.7 1430.5392 1073.4102 339.1506 707.1754 6740.7523 2173.368;
	1901.5042 1241.5741 2038.6708 558.1 1017.4 1476.7798 1075.3379 355.739 722.5635 6612.2117 2126.4918;
	1850.1548 1239.0349 2003.3515 560.8229 997.7 1441.5491 1035.4 357.5954 714.6115 6794.2398 2135.2382;
	1858.5642 1233.4536 2015.9028 558.1 964.6498 1396.1455 1059.8597 332.4732 703.9451 6545.9541 2097.7244;
	1845.8151 1218.7803 1986.7138 563.6 974.5 1360.7 1079.8337 349.4394 712.0266 6437.0236 2132.947;
	1776.2 1191.7137 1984.2668 561.2489 974.833 1365.3059 1060.9039 353.1877 708.8294 6429.7359 2211.0459;
	1826.3854 1197.6652 2021.7867 569.4566 987.5 1403.3197 1118.4525 359.6 739.5701 6793.71 2371.3453;
	1807.868 1170.7288 1957.0343 569.294 989.9859 1425.6998 1153.9351 348.8611 749.1044 6445.2199 2353.6951;
	1918.9309 1230.4366 1977.6979 581.4618 1011.3 1484.568 1178.533 357.0388 807.0991 6316.7985 2411.7036;
	1904.7673 1234.5438 1967.9 580.6504 1010.223 1441.4049 1201.6546 367.0 794.5486 6258.7713 2397.7002;
	1899.7762 1164.7528 1908.3606 565.1 959.2885 1394.1025 1151.5498 354.9411 764.62 6266.1934 2350.512;
	1799.21 1108.2639 1796.2363 547.2 901.864 1282.1394 1042.6 325.3096 709.3841 5944.6 2164.5031;
	1689.9179 996.7055 1654.3689 536.4285 829.5491 1192.7 953.9392 301.4982 653.1132 5509.5272 1995.7488;
	1566.0834 903.9667 1546.1499 513.0555 784.6224 1185.0542 854.1143 263.3 546.8636 4810.7629 1735.0;
	1545.4385 875.7457 1517.4104 526.548 760.8337 1152.3119 846.2083 257.4916 564.6623 4596.3768 1697.5936;
];
