function loadprofile = ex_load_profilesh1
%EX_LOAD_PROFILE  Example load profile data file for stochastic unit commitment.
% 2022.03.12
% Andres F. Ramirez

%% define constants
[CT_LABEL, CT_PROB, CT_TABLE, CT_TBUS, CT_TGEN, CT_TBRCH, CT_TAREABUS, ...
    CT_TAREAGEN, CT_TAREABRCH, CT_ROW, CT_COL, CT_CHGTYPE, CT_REP, ...
    CT_REL, CT_ADD, CT_NEWVAL, CT_TLOAD, CT_TAREALOAD, CT_LOAD_ALL_PQ, ...
    CT_LOAD_FIX_PQ, CT_LOAD_DIS_PQ, CT_LOAD_ALL_P, CT_LOAD_FIX_P, ...
    CT_LOAD_DIS_P, CT_TGENCOST, CT_TAREAGENCOST, CT_MODCOST_F, ...
    CT_MODCOST_X] = idx_ct;

loadprofile = struct( ...
    'type', 'mpcData', ...
    'table', CT_TAREALOAD, ...
    'rows', [1:11], ...
    'col', CT_LOAD_ALL_P, ...
    'chgtype', 1, ...
    'values', [] );
loadprofile.values(:,1,:) = [
	1504.4861 905.6388 1517.3413 582.6313 746.6587 1079.5798 792.0639 212.4903 446.6692 4037.6119 1713.6295;
	1498.7474 929.7387 1553.7573 588.8221 772.129 1107.9768 802.124 224.0 455.0989 4205.2947 1728.088;
	1537.0282 938.1542 1600.202 588.4326 785.7915 1147.381 824.3471 223.5366 462.5143 4289.7349 1764.6964;
	1592.6971 1015.7968 1701.9037 609.0994 827.7581 1218.2537 874.8009 253.7276 496.5446 4587.7475 1905.3809;
	1751.7965 1157.9 1913.16 622.5924 951.1774 1381.8 976.9544 295.5642 563.5205 5196.7 2168.1566;
	1845.3919 1227.8228 2037.4824 621.0153 987.8407 1467.2677 1073.4454 343.6764 661.9649 5783.5405 2517.2115;
	1872.5581 1231.1445 2031.5969 614.5 992.7536 1475.1229 1102.0298 333.9647 686.3842 6082.2053 2454.4329;
	1864.4708 1235.7338 2017.2849 590.1417 974.6 1492.6034 1095.1703 317.6124 649.8757 6180.7997 2347.7083;
	1833.3168 1210.7 1992.5035 584.4753 953.6685 1447.9029 1066.7796 317.8217 667.7397 6175.3663 2293.4;
	1837.6051 1218.5268 2011.9 595.5829 962.273 1392.4957 1072.7406 309.5243 671.5805 6107.5435 2224.5387;
	1792.7942 1190.1215 1942.5284 578.9207 931.5334 1363.6302 1080.8007 300.6667 644.9 6103.9137 2141.9747;
	1806.0508 1191.0012 1938.5225 573.088 926.8271 1363.2265 1088.5313 288.6239 653.1564 6068.556 2143.5437;
	1740.224 1162.1941 1892.1089 560.0 892.3875 1301.4326 1024.4337 275.6969 653.219 6026.0337 2139.488;
	1760.9428 1171.1603 1931.1303 580.5601 897.9576 1304.7 1016.761 293.4935 649.5 6048.9566 2139.9645;
	1767.251 1178.4088 1922.6369 580.2834 889.2516 1337.6894 1026.4487 283.2939 636.1513 6038.3961 2132.5387;
	1737.0131 1165.5734 1893.8106 567.6726 905.5756 1356.1 1041.3 284.8475 632.4174 5974.2512 2149.2478;
	1730.6004 1191.4432 1917.4274 593.4727 939.4586 1410.3721 1063.5587 260.674 666.5803 5696.4966 2227.5529;
	1763.163 1204.2 1939.181 601.1929 983.953 1440.7213 1113.8046 309.1432 703.0131 5752.0665 2322.2856;
	1775.2216 1204.0336 1948.5683 611.2326 981.1 1404.9368 1102.4421 292.3596 682.9589 5436.2754 2252.7223;
	1702.944 1146.0309 1873.2 593.7876 903.6362 1359.4774 1065.2036 288.528 669.8752 5263.2011 2216.6577;
	1624.2987 1064.8713 1758.9611 575.1 832.4877 1257.2144 978.9699 264.2655 609.8668 4848.8202 2048.042;
	1533.1404 995.791 1653.0048 558.8823 769.2005 1176.3307 903.0065 245.2278 539.6995 4275.0375 1867.6;
	1563.0855 927.1531 1598.4989 530.3 752.144 1139.5 836.2 202.6577 460.6785 3443.9712 1677.2437;
	1545.2792 931.3983 1644.443 550.9653 758.3107 1121.9011 832.4391 205.3586 455.5256 3856.7804 1671.4997;
];
