function windprofile = ex_wind_profilesh1
%EX_WIND_PROFILE_D  Example wind_load_nyiso profile data for deterministic unit commitment.
% 2022.03.12
% Andres F. Ramirez


%% define constants
[GEN_BUS, PG, QG, QMAX, QMIN, VG, MBASE, GEN_STATUS, PMAX, PMIN, ...
    MU_PMAX, MU_PMIN, MU_QMAX, MU_QMIN, PC1, PC2, QC1MIN, QC1MAX, ...
    QC2MIN, QC2MAX, RAMP_AGC, RAMP_10, RAMP_30, RAMP_Q, APF] = idx_gen;
[CT_LABEL, CT_PROB, CT_TABLE, CT_TBUS, CT_TGEN, CT_TBRCH, CT_TAREABUS, ...
    CT_TAREAGEN, CT_TAREABRCH, CT_ROW, CT_COL, CT_CHGTYPE, CT_REP, ...
    CT_REL, CT_ADD, CT_NEWVAL, CT_TLOAD, CT_TAREALOAD, CT_LOAD_ALL_PQ, ...
    CT_LOAD_FIX_PQ, CT_LOAD_DIS_PQ, CT_LOAD_ALL_P, CT_LOAD_FIX_P, ...
    CT_LOAD_DIS_P, CT_TGENCOST, CT_TAREAGENCOST, CT_MODCOST_F, ...
    CT_MODCOST_X] = idx_ct;

windprofile = struct( ...
    'type', 'mpcData', ...
    'table', CT_TGEN, ...
    'rows', [1:45], ...
    'col', PMAX, ...
    'chgtype', 1, ...
    'values', [] );
windprofile.values(:,1,:) = [
	2.953 39.9018 81.7841 110.7685 14.0086 12.6458 15.61 15.7896 27.1816 24.4957 45.2799 67.5487 101.6942 6.4034 25.9655 9.7823 12.1374 12.862 15.1593 29.8756 5.2033 29.507 48.8313 81.3801 92.4606 66.9924 7.0621 593.0172 394.0983 394.0983 198.4174 32.5068 50.5311 76.8999 20.0756 168.1486 479.5653 47.4667 340.3659 247.6624 15.6708 140.2845 110.4319 176.0266 484.5608;
	3.1623 42.7295 86.6707 108.5991 14.0182 15.7733 14.0373 16.4261 26.8516 25.6542 47.4213 70.7433 106.5036 6.5937 17.7335 6.681 8.2894 8.7843 13.8722 17.4124 4.6791 36.8044 59.7298 80.8381 91.8634 69.9783 6.5387 636.4209 388.0671 388.0671 183.3357 30.4605 46.2407 44.8195 20.6722 165.5753 478.91 46.7851 340.1877 246.0627 14.722 174.9788 109.3291 200.2188 483.8986;
	2.5525 34.49 84.297 103.5365 13.4027 11.7743 11.8817 16.6003 26.2926 23.6191 43.6596 65.1316 98.0552 6.6273 21.2217 7.9952 9.9199 10.5121 23.3645 24.3627 3.9606 27.4734 62.0698 81.554 90.4953 70.7147 7.3188 556.3566 330.3615 330.3615 148.798 31.5043 77.8818 62.7096 20.7774 140.9542 371.1572 32.2613 265.268 242.398 11.874 130.6162 83.7502 194.2164 375.0234;
	2.7071 36.5789 87.9347 110.6485 14.2671 12.8829 11.0094 17.951 26.5223 24.0002 44.3641 66.1825 99.6374 10.2868 16.4516 6.198 7.6902 8.1493 13.4475 23.9307 3.6698 30.0602 67.8834 85.0772 99.4469 74.8886 9.7418 412.6748 254.7189 254.7189 158.0054 29.3778 44.825 61.5977 32.2504 108.6801 276.2445 28.8411 201.4282 266.3755 14.1913 142.9148 79.6035 209.1419 279.1221;
	2.2072 29.8242 88.4259 110.2594 14.5068 14.9863 9.5844 18.1827 16.5623 22.8871 42.3064 63.1128 95.016 14.0528 21.2003 7.9871 9.9099 10.5015 20.9262 29.6591 3.1948 34.9681 56.6823 83.6756 98.1513 74.6709 9.3859 351.2058 223.1139 223.1139 157.9039 27.6153 69.7538 76.3425 44.0574 95.1953 174.6118 34.1255 179.0933 262.9053 15.346 166.2486 83.294 224.7424 176.4306;
	2.8201 38.1059 87.5255 113.4498 14.4067 22.8146 10.7047 18.2396 9.7137 21.5084 39.758 59.3112 89.2926 27.7573 23.9508 9.0233 11.1956 11.864 31.2045 32.3012 3.5682 53.2342 62.4492 84.5755 98.2509 72.5582 8.1024 273.4415 199.4805 199.4805 129.2153 23.8069 104.0149 83.1435 87.0229 85.1117 134.9375 27.8215 194.9499 263.172 14.4925 253.0905 90.1733 220.0984 136.3431;
	2.2809 30.8206 86.1454 112.2598 13.8264 21.8643 11.3418 17.3461 12.0797 27.0858 50.0676 74.6911 112.447 37.8073 28.596 10.7734 13.367 14.165 35.7618 39.9039 3.7806 51.0168 69.4598 82.2955 97.962 70.845 10.8355 226.0645 216.7259 216.7259 105.979 15.4797 119.2061 102.7126 118.5308 92.4697 145.1296 19.6066 162.7308 262.3983 11.9897 242.5485 91.7429 219.1015 146.6414;
	1.6478 22.2654 68.673 112.5954 14.0807 19.152 11.6224 17.8128 17.854 27.9804 51.7214 77.1582 116.1612 39.9369 22.7074 8.5549 10.6144 11.2481 47.5669 56.5026 3.8741 44.6881 71.7937 84.155 98.2787 72.1087 12.3088 65.6406 154.6018 154.6018 71.6623 8.0335 158.5562 145.4378 125.2076 65.9634 70.4727 13.191 156.0431 263.2465 10.3346 212.46 91.9037 208.3905 71.2068;
	2.7224 36.7856 84.7684 105.9072 14.8517 26.2554 10.0577 18.6012 19.2159 28.8254 53.2833 79.4882 119.6691 43.2745 22.1056 8.3282 10.3331 10.95 63.5668 55.0158 3.3526 61.2625 72.9049 86.5594 101.6137 70.9528 12.4845 65.013 138.3361 138.3361 78.2769 8.4302 211.8893 141.6108 135.6716 59.0234 101.2912 17.8035 133.2367 272.1796 18.5962 291.2595 82.1192 230.5183 102.3464;
	1.8924 25.5707 86.4672 110.104 13.8166 15.4797 9.8277 18.6856 26.4422 29.5245 54.5755 81.4159 122.5712 47.9409 10.7005 4.0314 5.0019 5.3005 65.1315 46.698 3.2759 36.1193 73.5668 85.2316 102.7544 72.0359 12.7735 216.0568 222.762 222.762 96.1257 8.3791 217.105 120.2009 150.3011 95.0451 189.8742 19.8356 100.7509 275.235 2.4788 171.7216 83.3461 202.3557 191.8521;
	1.5834 21.3952 81.0825 104.4193 12.5361 28.2194 14.1857 17.5521 26.5145 28.4344 52.5606 78.41 118.0458 51.0537 0.0716 0.027 0.0335 0.0355 54.648 33.6713 4.7286 65.8452 71.6793 82.7905 95.8135 71.9244 11.8911 351.0563 287.2686 287.2686 151.6035 12.683 182.16 86.6701 160.0603 122.568 309.0094 23.1381 175.585 256.6433 3.7823 313.0467 102.3393 182.4497 312.2282;
	1.5575 21.0448 86.9815 93.5654 12.2753 30.661 19.5521 18.7085 26.4539 27.359 50.5727 75.4445 113.5812 50.47 0.0 0.0 0.0 0.0 71.1329 42.6526 6.5174 71.5424 69.9002 82.2093 99.7915 73.1567 13.5269 438.3006 324.8945 324.8945 251.0005 16.4307 237.1096 109.7878 158.2301 138.6217 378.7367 37.7572 195.6244 267.2987 10.0286 340.1332 109.695 178.4246 382.6818;
	2.719 36.7399 88.4846 93.1296 13.6867 31.9371 20.1721 17.6746 26.9093 27.7704 51.3332 76.5791 115.2894 50.3547 31.6807 11.9355 14.8089 15.693 68.4444 45.9074 6.724 74.52 69.5282 81.6459 102.0353 72.8715 11.7667 595.52 416.3844 416.3844 298.4393 23.458 228.1481 118.1656 157.8688 177.6573 562.775 49.2174 213.1601 273.3089 32.2425 354.2892 138.3079 206.0753 568.6372;
	2.923 39.496 85.7821 105.848 14.1482 30.0463 19.5837 17.8178 25.9747 28.2188 52.162 77.8155 117.1508 50.4522 57.1609 21.5351 26.7194 28.3146 69.3038 50.819 6.5279 70.1081 63.5512 83.7756 101.0147 72.9427 11.6369 712.6729 501.678 501.678 360.5253 28.557 231.0128 130.8082 158.1743 214.0493 677.2848 65.6064 260.3105 270.5752 1.1466 333.314 132.8222 241.6719 684.3398;
	3.5642 48.1603 88.0245 107.4235 14.7146 32.1397 25.3218 17.6498 26.9174 24.3926 45.0893 67.2643 101.2661 60.6595 92.8265 34.9718 43.391 45.9815 65.4628 48.5974 8.4406 74.9926 48.4781 82.4908 99.5184 70.7897 12.7371 884.5872 619.013 619.013 473.2822 35.7287 218.2093 125.0898 190.1759 264.1122 885.6478 98.8574 436.0459 266.5672 0.7313 356.5362 151.4332 248.9234 894.8733;
	3.6756 49.6649 90.3282 110.4357 15.2683 33.4222 25.9301 18.0193 26.9227 19.6926 36.4015 54.3039 81.7542 57.9767 121.2138 45.6666 56.6604 60.0431 84.0322 56.7684 8.6434 77.9851 46.749 84.8231 102.6084 71.5748 13.1075 926.7936 654.3502 654.3502 587.823 42.7343 280.1074 146.122 181.7649 279.1894 915.4353 131.2661 375.064 274.844 2.7852 370.7633 157.0571 262.6877 924.971;
	3.6797 49.7215 88.6799 113.7775 14.9749 34.3128 28.6791 18.0987 27.5117 18.7181 34.6001 51.6165 77.7084 60.8276 150.5572 56.7216 70.3767 74.5783 85.895 66.7524 9.5597 80.0632 33.4295 83.6541 101.6451 72.7297 13.034 1006.7108 704.3952 704.3952 643.7953 78.6176 286.3167 171.8208 190.7026 300.542 952.3594 184.1688 395.2595 272.2636 4.1882 380.6432 200.348 266.7748 962.2798;
	3.6906 49.8674 90.1945 114.1599 14.7569 34.1504 28.6187 18.6337 27.6235 19.028 35.1729 52.471 78.9949 62.7989 172.0447 64.8168 80.4209 85.2221 88.1559 68.3998 9.5396 79.6843 37.3377 85.1744 103.2782 71.2469 13.4845 1113.9113 745.9019 745.9019 727.7441 99.2162 293.8529 176.0612 196.883 318.2515 1046.0686 233.0666 436.9501 276.638 113.3317 378.8421 188.5166 254.9901 1056.9652;
	3.6873 49.8231 89.6963 114.7242 15.0362 35.0223 30.9107 13.4371 27.674 22.8824 42.2977 63.0999 94.9966 64.9955 177.2734 66.7867 82.865 87.8122 85.7366 66.771 10.3036 81.7187 55.026 82.1483 101.1036 60.1797 12.6443 1206.8494 759.6759 759.6759 683.8689 107.768 285.7888 171.8688 203.7695 324.1284 1074.6841 243.8671 453.912 270.8132 119.4426 388.5139 198.5281 263.5692 1085.8787;
