function loadprofile = ex_load_profilesh1
%EX_LOAD_PROFILE  Example load profile data file for stochastic unit commitment.
% 2022.03.12
% Andres F. Ramirez

%% define constants
[CT_LABEL, CT_PROB, CT_TABLE, CT_TBUS, CT_TGEN, CT_TBRCH, CT_TAREABUS, ...
    CT_TAREAGEN, CT_TAREABRCH, CT_ROW, CT_COL, CT_CHGTYPE, CT_REP, ...
    CT_REL, CT_ADD, CT_NEWVAL, CT_TLOAD, CT_TAREALOAD, CT_LOAD_ALL_PQ, ...
    CT_LOAD_FIX_PQ, CT_LOAD_DIS_PQ, CT_LOAD_ALL_P, CT_LOAD_FIX_P, ...
    CT_LOAD_DIS_P, CT_TGENCOST, CT_TAREAGENCOST, CT_MODCOST_F, ...
    CT_MODCOST_X] = idx_ct;

loadprofile = struct( ...
    'type', 'mpcData', ...
    'table', CT_TAREALOAD, ...
    'rows', [1:11], ...
    'col', CT_LOAD_ALL_P, ...
    'chgtype', 1, ...
    'values', [] );
loadprofile.values(:,1,:) = [
	1521.736 943.3 1583.8 564.6 766.2255 1102.0247 839.0 246.7 493.0 4548.8002 1664.9398;
	1514.55 942.7504 1592.4868 560.8216 761.353 1104.8747 848.8 256.2925 499.6951 4590.1758 1687.0583;
	1559.7021 970.7157 1614.5244 564.3 763.1888 1132.9368 839.7065 256.6 506.6839 4595.2727 1702.4281;
	1634.384 1036.807 1734.1193 560.0 812.9758 1223.5296 899.3434 267.4648 517.2308 4835.2268 1798.6501;
	1791.3198 1157.8846 1938.2125 577.0934 907.0503 1396.1823 1003.3986 294.0881 585.8778 5303.3239 2021.9234;
	1876.8 1232.1682 2040.0621 577.6669 969.8149 1475.1584 1049.0845 325.1222 657.4172 5879.0274 2190.4681;
	1877.1275 1252.9068 2037.8661 571.003 961.7974 1469.7016 1070.8476 328.5 670.6842 6091.845 2201.4906;
	1869.2 1246.996 1963.4472 557.0 963.4967 1452.7 1066.0705 328.1245 679.1 6268.4183 2160.661;
	1846.7782 1235.6389 1936.1137 547.1196 936.5478 1425.6633 1056.3609 340.0687 692.6168 6319.5469 2145.3086;
	1885.6424 1230.0683 1955.1258 545.9481 903.8367 1379.1754 1038.7082 343.597 688.4 6343.1867 2097.9181;
	1858.466 1232.3 1913.8233 551.8454 888.0047 1314.4091 993.8 331.3539 678.0401 6267.1745 2016.2127;
	1868.5427 1209.3 1897.8302 545.9117 886.4521 1342.9465 1004.4665 313.0777 681.8223 6192.9839 1981.7391;
	1832.3368 1194.4747 1854.9772 537.1871 875.4987 1389.6205 1031.3646 315.8735 680.6 6112.8106 1987.3708;
	1805.4 1179.7 1838.2 538.0 836.3258 1367.3801 1006.9158 324.2 664.0978 6127.0 1990.0;
	1786.5797 1183.0428 1837.9794 549.5272 841.1118 1330.9891 1008.6561 328.0946 651.8373 6079.2918 1992.2791;
	1762.1979 1189.0996 1884.2631 559.8383 886.075 1397.6995 1054.6867 343.7515 668.2171 6179.1636 2133.6641;
	1697.6075 1154.7898 1867.6663 579.5 888.3486 1359.3099 1039.0666 353.0246 666.8299 5926.6431 2205.6799;
	1779.1683 1192.4476 1936.8081 587.5871 950.9395 1411.267 1104.5309 354.9968 680.4029 6015.2 2293.2783;
	1764.5487 1177.9074 1910.398 594.1 920.9892 1402.7556 1115.1835 347.8 665.9597 5777.288 2202.1907;
	1703.62 1113.5666 1811.1 572.0723 860.974 1284.3616 1060.4911 334.1927 633.9073 5611.9266 2123.753;
	1644.1825 1034.7183 1688.5152 553.4 841.4321 1234.9829 989.6267 321.0947 607.1505 5216.7323 1953.6403;
	1544.5695 944.2733 1568.6194 548.9832 764.5569 1141.1055 914.5022 298.8681 556.2 5041.3314 1814.5572;
	1550.4462 911.9372 1575.5593 562.1353 665.1262 1092.3981 860.078 290.0037 497.2352 4720.9409 1671.9731;
	1518.6588 894.7836 1584.6127 547.9927 644.4774 1044.0874 803.4 260.3209 482.2109 4483.1958 1522.1921;
];
