function solarprofile = ex_solar_profilesh1
%EX_WIND_PROFILE_D  Example wind_load_nyiso profile data for deterministic unit commitment.
% 2022.03.12
% Andres F. Ramirez


%% define constants
[GEN_BUS, PG, QG, QMAX, QMIN, VG, MBASE, GEN_STATUS, PMAX, PMIN, ...
    MU_PMAX, MU_PMIN, MU_QMAX, MU_QMIN, PC1, PC2, QC1MIN, QC1MAX, ...
    QC2MIN, QC2MAX, RAMP_AGC, RAMP_10, RAMP_30, RAMP_Q, APF] = idx_gen;
[CT_LABEL, CT_PROB, CT_TABLE, CT_TBUS, CT_TGEN, CT_TBRCH, CT_TAREABUS, ...
    CT_TAREAGEN, CT_TAREABRCH, CT_ROW, CT_COL, CT_CHGTYPE, CT_REP, ...
    CT_REL, CT_ADD, CT_NEWVAL, CT_TLOAD, CT_TAREALOAD, CT_LOAD_ALL_PQ, ...
    CT_LOAD_FIX_PQ, CT_LOAD_DIS_PQ, CT_LOAD_ALL_P, CT_LOAD_FIX_P, ...
    CT_LOAD_DIS_P, CT_TGENCOST, CT_TAREAGENCOST, CT_MODCOST_F, ...
    CT_MODCOST_X] = idx_ct;

solarprofile = struct( ...
    'type', 'mpcData', ...
    'table', CT_TGEN, ...
    'rows', [1:12], ...
    'col', PMAX, ...
    'chgtype', 1, ...
    'values', [] );
solarprofile.values(:,1,:) = [
	0.0 0.0 0.0 0.0 0.0 0.0 0.0 0.0 0.0 0.0 0.0 0.0;
	0.0 0.0 0.0 0.0 0.0 0.0 0.0 0.0 0.0 0.0 0.0 0.0;
	0.0 0.0 0.0 0.0 0.0 0.0 0.0 0.0 0.0 0.0 0.0 0.0;
	0.0 0.0 0.0 0.0 0.0 0.0 0.0 0.0 0.0 0.0 0.0 0.0;
	0.0 0.0 0.0 0.0 0.0 0.0 0.0 0.0 0.0 0.0 0.0 0.0;
	0.0951 0.0972 0.1051 0.0 0.0 2.1134 0.2642 0.1784 0.0 0.0 0.0 0.0;
	1.1317 1.1977 0.9405 7.2067 6.164 103.0003 12.875 7.1457 60.5039 108.3849 72.4435 196.2857;
	1.9738 3.2701 2.825 8.3008 10.8902 129.2762 16.1595 9.552 67.7986 195.2712 125.8671 353.6373;
	4.4681 6.6595 5.7455 9.5614 11.9712 152.5184 19.0648 11.6474 87.8176 263.2545 157.9553 476.7554;
	21.4672 16.0003 14.0142 10.8895 11.1486 371.518 46.4398 50.3648 254.9651 273.9069 163.4794 496.047;
	23.5956 16.0537 13.7604 11.1571 10.6913 331.37 41.4212 47.6688 261.4681 306.2848 176.3218 554.6837;
	23.6881 16.0751 13.5529 11.2069 9.7631 302.4737 37.8092 51.3551 256.3202 307.014 171.5153 556.0043;
	23.9759 16.5824 13.7523 7.4913 2.3974 332.2372 41.5297 62.0568 226.1374 232.2031 99.7133 420.5212;
	20.8772 16.2743 13.827 6.9823 1.9573 334.7068 41.8384 63.9651 223.9753 180.3232 78.881 326.5664;
	17.3987 15.7984 13.0529 5.1884 2.0474 278.3787 34.7973 61.2091 218.1323 113.4864 78.0483 205.5246;
	10.1818 8.8744 11.2862 3.7844 2.9368 46.3136 5.7892 21.7425 126.8961 35.9637 21.0829 65.1305;
	1.1706 0.8765 0.8131 0.7538 1.4194 33.8685 4.2336 7.7518 35.522 15.7898 7.8877 28.5954;
	0.0 0.0 0.0 0.0 0.0 0.0 0.0 0.0 0.0 0.0 0.0 0.0;
	0.0 0.0 0.0 0.0 0.0 0.0 0.0 0.0 0.0 0.0 0.0 0.0;
	0.0 0.0 0.0 0.0 0.0 0.0 0.0 0.0 0.0 0.0 0.0 0.0;
	0.0 0.0 0.0 0.0 0.0 0.0 0.0 0.0 0.0 0.0 0.0 0.0;
	0.0 0.0 0.0 0.0 0.0 0.0 0.0 0.0 0.0 0.0 0.0 0.0;
	0.0 0.0 0.0 0.0 0.0 0.0 0.0 0.0 0.0 0.0 0.0 0.0;
	0.0 0.0 0.0 0.0 0.0 0.0 0.0 0.0 0.0 0.0 0.0 0.0;
];
