function solarprofile = ex_solar_profilesh1
%EX_WIND_PROFILE_D  Example wind_load_nyiso profile data for deterministic unit commitment.
% 2022.03.12
% Andres F. Ramirez


%% define constants
[GEN_BUS, PG, QG, QMAX, QMIN, VG, MBASE, GEN_STATUS, PMAX, PMIN, ...
    MU_PMAX, MU_PMIN, MU_QMAX, MU_QMIN, PC1, PC2, QC1MIN, QC1MAX, ...
    QC2MIN, QC2MAX, RAMP_AGC, RAMP_10, RAMP_30, RAMP_Q, APF] = idx_gen;
[CT_LABEL, CT_PROB, CT_TABLE, CT_TBUS, CT_TGEN, CT_TBRCH, CT_TAREABUS, ...
    CT_TAREAGEN, CT_TAREABRCH, CT_ROW, CT_COL, CT_CHGTYPE, CT_REP, ...
    CT_REL, CT_ADD, CT_NEWVAL, CT_TLOAD, CT_TAREALOAD, CT_LOAD_ALL_PQ, ...
    CT_LOAD_FIX_PQ, CT_LOAD_DIS_PQ, CT_LOAD_ALL_P, CT_LOAD_FIX_P, ...
    CT_LOAD_DIS_P, CT_TGENCOST, CT_TAREAGENCOST, CT_MODCOST_F, ...
    CT_MODCOST_X] = idx_ct;

solarprofile = struct( ...
    'type', 'mpcData', ...
    'table', CT_TGEN, ...
    'rows', [1:12], ...
    'col', PMAX, ...
    'chgtype', 1, ...
    'values', [] );
solarprofile.values(:,1,:) = [
	0.0 0.0 0.0 0.0 0.0 0.0 0.0 0.0 0.0 0.0 0.0 0.0;
	0.0 0.0 0.0 0.0 0.0 0.0 0.0 0.0 0.0 0.0 0.0 0.0;
	0.0 0.0 0.0 0.0 0.0 0.0 0.0 0.0 0.0 0.0 0.0 0.0;
	0.0 0.0 0.0 0.0 0.0 0.0 0.0 0.0 0.0 0.0 0.0 0.0;
	0.0 0.0 0.0 0.0 0.0 0.0 0.0 0.0 0.0 0.0 0.0 0.0;
	0.0951 0.0972 0.1157 0.0 0.0 0.1251 0.0156 0.3 0.0 0.0 0.0 0.0;
	2.0815 1.0517 0.9975 0.9141 6.4019 77.2707 9.6588 13.5393 23.7474 62.8143 32.7315 113.7572;
	5.3771 5.7282 2.8097 3.0847 10.8993 113.0293 14.1287 20.4303 26.9918 245.5402 122.1483 444.6748;
	8.9341 9.6465 5.3319 6.0078 11.6597 157.5265 19.6908 22.8934 58.849 309.3917 159.9742 560.3102;
	17.477 14.8654 13.1136 10.5963 8.6534 410.5516 51.319 55.3504 266.8249 208.1843 130.8233 377.0231;
	15.3952 14.1957 13.2545 11.1666 7.6341 406.0453 50.7557 46.3347 286.3616 124.7919 117.4898 225.999;
	11.2503 11.9783 13.061 11.2373 6.9453 385.9144 48.2393 40.7448 282.6305 86.0438 117.4166 155.8258;
	11.7738 14.6225 13.5245 5.4828 1.1549 289.467 36.1834 44.3261 231.7096 84.9471 151.4353 153.8398;
	11.5432 13.9556 12.6686 4.5415 1.0085 243.5281 30.441 53.4536 204.6253 113.4901 135.2435 205.5313;
	11.0021 10.8596 9.6528 3.7238 1.6892 197.7494 24.7187 57.7341 180.7099 109.2488 112.9406 197.8502;
	7.7999 6.7569 8.0915 3.9847 3.5203 49.8426 6.2303 34.8803 55.3592 40.1929 29.8616 72.7896;
	1.1073 1.2126 0.9531 0.99 1.526 34.7076 4.3385 10.5869 26.0174 15.9994 10.6093 28.975;
	0.0 0.0 0.0 0.0 0.0 0.0 0.0 0.0 0.0 0.0 0.0 0.0;
	0.0 0.0 0.0 0.0 0.0 0.0 0.0 0.0 0.0 0.0 0.0 0.0;
	0.0 0.0 0.0 0.0 0.0 0.0 0.0 0.0 0.0 0.0 0.0 0.0;
	0.0 0.0 0.0 0.0 0.0 0.0 0.0 0.0 0.0 0.0 0.0 0.0;
	0.0 0.0 0.0 0.0 0.0 0.0 0.0 0.0 0.0 0.0 0.0 0.0;
	0.0 0.0 0.0 0.0 0.0 0.0 0.0 0.0 0.0 0.0 0.0 0.0;
	0.0 0.0 0.0 0.0 0.0 0.0 0.0 0.0 0.0 0.0 0.0 0.0;
];
