function loadprofile = ex_load_profilesh1
%EX_LOAD_PROFILE  Example load profile data file for stochastic unit commitment.
% 2022.03.12
% Andres F. Ramirez

%% define constants
[CT_LABEL, CT_PROB, CT_TABLE, CT_TBUS, CT_TGEN, CT_TBRCH, CT_TAREABUS, ...
    CT_TAREAGEN, CT_TAREABRCH, CT_ROW, CT_COL, CT_CHGTYPE, CT_REP, ...
    CT_REL, CT_ADD, CT_NEWVAL, CT_TLOAD, CT_TAREALOAD, CT_LOAD_ALL_PQ, ...
    CT_LOAD_FIX_PQ, CT_LOAD_DIS_PQ, CT_LOAD_ALL_P, CT_LOAD_FIX_P, ...
    CT_LOAD_DIS_P, CT_TGENCOST, CT_TAREAGENCOST, CT_MODCOST_F, ...
    CT_MODCOST_X] = idx_ct;

loadprofile = struct( ...
    'type', 'mpcData', ...
    'table', CT_TAREALOAD, ...
    'rows', [1:11], ...
    'col', CT_LOAD_ALL_P, ...
    'chgtype', 1, ...
    'values', [] );
loadprofile.values(:,1,:) = [
	1429.1422 929.0677 1584.0 575.5 789.2422 1124.1705 860.5 211.7921 517.6 4520.8369 1708.2413;
	1413.4891 934.5093 1564.9046 582.408 771.8439 1110.871 839.3084 210.1701 497.1145 4388.6792 1681.9;
	1450.3683 944.8331 1580.7389 571.5 788.0013 1140.114 837.0153 207.7765 512.137 4415.5616 1697.8989;
	1569.9095 1035.5336 1706.5488 584.5356 885.4322 1232.202 906.4947 202.055 554.5968 4651.9465 1832.273;
	1711.242 1153.8 1892.5788 602.1261 1012.9902 1371.5314 998.8 251.1761 628.2737 5152.0706 2039.7776;
	1831.4444 1248.1563 2051.2883 621.6222 1091.6 1475.2 1087.7471 288.3721 694.3 5723.0154 2192.5488;
	1837.1665 1251.1937 2034.518 604.4106 1072.4014 1450.3091 1100.4029 303.0503 702.2015 6073.0144 2206.0098;
	1834.2985 1226.5436 1985.7193 584.838 1027.04 1432.2699 1075.6034 287.1696 703.7604 6182.1992 2081.1442;
	1851.5347 1240.2772 1991.1761 584.6193 1035.1865 1439.9844 1091.2572 271.6839 719.0 6241.2707 2122.7976;
	1842.9748 1243.3238 2027.227 577.519 1035.2106 1390.6156 1050.8502 275.1772 711.1 6224.9028 2005.4218;
	1781.7864 1230.1938 1966.9 573.2205 999.3323 1308.1 1000.1 281.5969 707.9563 6321.3965 2057.6096;
	1770.1543 1189.1 1903.0549 572.372 975.4259 1258.4554 948.2058 269.6835 697.7916 6215.5268 2009.7223;
	1788.6754 1179.9325 1837.5641 557.9 952.8355 1277.8266 952.078 274.9594 692.3801 6230.4963 1985.0957;
	1759.4815 1137.124 1774.2506 554.9456 932.9019 1245.9115 944.424 245.2093 681.9692 6221.7172 2025.2048;
	1713.2656 1139.779 1777.697 559.0 941.298 1249.3214 874.3152 218.3488 674.1573 6077.1616 2022.8086;
	1774.3429 1166.2297 1800.0006 563.897 956.6255 1297.054 946.074 206.3288 660.7 6020.3432 2125.8744;
	1781.7725 1139.1771 1808.0109 562.025 974.5 1289.2539 1010.5927 215.4973 678.1594 5950.3467 2205.4026;
	1868.4348 1179.5863 1864.1162 586.5 1016.9155 1389.6194 1077.3356 263.3464 731.0 6003.5691 2387.7797;
	1822.3583 1155.6569 1826.4666 576.1646 988.7191 1343.8568 1041.8146 228.7626 712.6 5844.1916 2343.095;
	1749.716 1098.3838 1714.2346 556.4 923.7756 1254.067 1005.2915 210.5186 680.1248 5674.1661 2247.8535;
	1623.0323 1007.6262 1594.1892 546.3404 853.2878 1177.5051 917.9587 194.4011 635.3651 5385.8112 2096.3;
	1542.6531 945.005 1517.7471 533.05 787.3928 1112.8875 878.3548 205.2095 602.0981 4932.7249 1945.8378;
	1548.462 913.6632 1488.9842 489.9978 777.2486 1065.7194 818.2251 198.6348 538.3 4545.0708 1774.3037;
	1498.2715 898.6527 1462.0436 511.3617 737.3897 959.0871 758.8111 192.1268 490.6751 4402.4397 1675.0;
];
