function loadprofile = ex_load_profilesh1
%EX_LOAD_PROFILE  Example load profile data file for stochastic unit commitment.
% 2022.03.12
% Andres F. Ramirez

%% define constants
[CT_LABEL, CT_PROB, CT_TABLE, CT_TBUS, CT_TGEN, CT_TBRCH, CT_TAREABUS, ...
    CT_TAREAGEN, CT_TAREABRCH, CT_ROW, CT_COL, CT_CHGTYPE, CT_REP, ...
    CT_REL, CT_ADD, CT_NEWVAL, CT_TLOAD, CT_TAREALOAD, CT_LOAD_ALL_PQ, ...
    CT_LOAD_FIX_PQ, CT_LOAD_DIS_PQ, CT_LOAD_ALL_P, CT_LOAD_FIX_P, ...
    CT_LOAD_DIS_P, CT_TGENCOST, CT_TAREAGENCOST, CT_MODCOST_F, ...
    CT_MODCOST_X] = idx_ct;

loadprofile = struct( ...
    'type', 'mpcData', ...
    'table', CT_TAREALOAD, ...
    'rows', [1:11], ...
    'col', CT_LOAD_ALL_P, ...
    'chgtype', 1, ...
    'values', [] );
loadprofile.values(:,1,:) = [
	1526.7739 919.3036 1540.9821 579.4702 749.2711 1104.8206 801.5866 228.6 495.2808 4413.369 1581.4292;
	1513.5036 918.5797 1537.2873 584.6 750.1824 1101.909 791.2884 232.6901 494.0979 4348.3632 1607.9944;
	1511.8946 939.5706 1567.3917 587.024 794.0647 1130.6327 828.562 239.6411 503.3623 4402.9153 1674.8;
	1602.607 1015.2 1677.1164 592.2 840.5471 1212.8475 869.9074 255.6 521.6219 4571.4004 1769.6899;
	1738.8 1141.1735 1858.8412 603.5 963.3664 1351.0721 958.9591 306.745 568.4993 4994.9792 1958.0911;
	1825.2 1211.2684 1945.9823 596.8 1025.3 1423.7326 1026.0982 336.6065 641.4337 5491.5572 2104.4702;
	1892.0879 1206.7 1983.4543 591.2 1035.6029 1440.3475 1057.7 315.8615 671.9394 5829.5855 2137.1127;
	1912.0919 1197.6123 1953.9594 568.5 1008.4075 1407.5891 1030.5719 306.5464 679.8108 5871.9225 2136.3742;
	1876.045 1194.2862 1916.7171 575.8 1050.5345 1415.8855 1026.2924 319.1645 664.0552 5968.6701 2049.7505;
	1877.1 1188.1 1846.21 580.7353 1009.2 1356.8844 978.9117 304.1 665.7561 5891.4987 2059.5258;
	1836.0835 1165.9952 1778.9729 580.4648 969.2037 1356.2686 960.8885 302.8803 657.691 6001.5987 1958.9684;
	1851.4643 1168.8 1760.8113 577.4 921.6803 1324.3841 942.0631 291.0606 641.4825 5965.6874 1951.826;
	1823.9951 1168.3897 1765.344 581.7045 898.3328 1278.9534 947.1006 268.1801 615.0962 6063.5656 2000.4921;
	1764.1 1131.46 1703.1815 559.3 882.7759 1285.0871 948.8 281.8027 619.8201 5885.0327 2030.9;
	1697.0 1103.2078 1692.2775 545.9 895.0591 1261.4139 954.7108 266.3493 599.2528 5951.7115 2094.0708;
	1704.5081 1116.5056 1682.1876 556.5 885.8 1297.3837 946.8412 273.7791 578.8412 5860.2294 2164.9473;
	1686.3251 1122.3 1684.4811 554.9888 900.1565 1345.3058 956.5264 285.2124 600.8284 5747.0086 2261.9567;
	1756.2 1157.3805 1771.5708 564.8561 953.8 1421.8897 1059.4689 327.129 672.934 5706.4337 2398.779;
	1765.5821 1147.5712 1815.2846 562.2239 941.6076 1421.7 1087.1987 335.0675 664.407 5729.675 2376.3252;
	1677.2975 1084.0916 1704.4397 548.8101 878.4357 1326.5 967.7429 300.4262 619.5481 5380.4956 2197.267;
	1592.9094 1007.2416 1611.5137 538.7 817.1323 1229.0876 898.6096 271.3959 599.8631 5074.0848 2065.7739;
	1474.9934 919.7991 1519.1341 515.8981 738.3387 1139.0397 824.4293 235.4739 531.741 4725.7924 1854.4429;
	1490.8955 885.4 1494.4692 526.6 711.431 1113.5 708.2142 249.7 451.4879 4706.2137 1735.4393;
	1531.9065 873.2899 1488.2046 552.7 714.582 1074.9082 704.2709 234.4 453.2009 4541.6991 1665.8719;
];
