function solarprofile = ex_solar_profilesh1
%EX_WIND_PROFILE_D  Example wind_load_nyiso profile data for deterministic unit commitment.
% 2022.03.12
% Andres F. Ramirez


%% define constants
[GEN_BUS, PG, QG, QMAX, QMIN, VG, MBASE, GEN_STATUS, PMAX, PMIN, ...
    MU_PMAX, MU_PMIN, MU_QMAX, MU_QMIN, PC1, PC2, QC1MIN, QC1MAX, ...
    QC2MIN, QC2MAX, RAMP_AGC, RAMP_10, RAMP_30, RAMP_Q, APF] = idx_gen;
[CT_LABEL, CT_PROB, CT_TABLE, CT_TBUS, CT_TGEN, CT_TBRCH, CT_TAREABUS, ...
    CT_TAREAGEN, CT_TAREABRCH, CT_ROW, CT_COL, CT_CHGTYPE, CT_REP, ...
    CT_REL, CT_ADD, CT_NEWVAL, CT_TLOAD, CT_TAREALOAD, CT_LOAD_ALL_PQ, ...
    CT_LOAD_FIX_PQ, CT_LOAD_DIS_PQ, CT_LOAD_ALL_P, CT_LOAD_FIX_P, ...
    CT_LOAD_DIS_P, CT_TGENCOST, CT_TAREAGENCOST, CT_MODCOST_F, ...
    CT_MODCOST_X] = idx_ct;

solarprofile = struct( ...
    'type', 'mpcData', ...
    'table', CT_TGEN, ...
    'rows', [1:12], ...
    'col', PMAX, ...
    'chgtype', 1, ...
    'values', [] );
solarprofile.values(:,1,:) = [
	0.0 0.0 0.0 0.0 0.0 0.0 0.0 0.0 0.0 0.0 0.0 0.0;
	0.0 0.0 0.0 0.0 0.0 0.0 0.0 0.0 0.0 0.0 0.0 0.0;
	0.0 0.0 0.0 0.0 0.0 0.0 0.0 0.0 0.0 0.0 0.0 0.0;
	0.0 0.0 0.0 0.0 0.0 0.0 0.0 0.0 0.0 0.0 0.0 0.0;
	0.0 0.0 0.0 0.0 0.0 0.0 0.0 0.0 0.0 0.0 0.0 0.0;
	0.0951 0.0972 0.1051 0.0 0.0 0.1251 0.0156 0.1784 0.0 0.0 0.0 0.0;
	3.1335 2.7829 2.3954 2.3561 6.121 26.8011 3.3501 4.7865 35.5449 5.5829 14.3414 10.1107;
	6.6064 6.0032 5.1858 8.3196 11.8782 93.5327 11.6916 7.0969 76.836 67.3953 29.7112 122.0533;
	8.3684 7.2452 6.2891 11.1514 12.3755 136.076 17.0095 14.5269 100.802 219.4322 75.1491 397.3931;
	20.3947 14.2707 12.9652 12.0585 11.4224 382.3942 47.7993 67.1427 257.3201 238.9501 92.2425 432.7401;
	23.8652 16.0537 13.3696 11.8636 10.8662 396.6066 49.5758 70.3946 280.9251 200.0125 110.4975 362.2238;
	25.6612 16.5505 14.0024 11.5996 10.7851 419.4313 52.4289 70.9431 290.8491 113.9161 87.4883 206.3027;
	26.7529 17.3247 14.1949 9.4423 8.1159 407.6895 50.9612 69.9615 285.7077 63.0111 40.3067 114.1134;
	23.6994 16.8427 13.9191 9.2385 9.0529 393.4113 49.1764 69.3339 277.9233 70.0573 25.5719 126.8742;
	18.1705 13.4742 10.5872 7.5721 9.7058 349.1963 43.6495 67.6954 247.9339 81.825 31.5751 148.1855;
	7.532 4.442 4.8487 6.2313 10.1687 82.2348 10.2793 32.5905 59.4265 39.7659 10.9179 72.0162;
	1.1803 0.832 0.8053 1.5005 2.5392 39.4541 4.9318 7.1221 28.8586 16.0343 8.2792 29.0383;
	0.0 0.0 0.0 0.0 0.0 0.0 0.0 0.0 0.0 0.0 0.0 0.0;
	0.0 0.0 0.0 0.0 0.0 0.0 0.0 0.0 0.0 0.0 0.0 0.0;
	0.0 0.0 0.0 0.0 0.0 0.0 0.0 0.0 0.0 0.0 0.0 0.0;
	0.0 0.0 0.0 0.0 0.0 0.0 0.0 0.0 0.0 0.0 0.0 0.0;
	0.0 0.0 0.0 0.0 0.0 0.0 0.0 0.0 0.0 0.0 0.0 0.0;
	0.0 0.0 0.0 0.0 0.0 0.0 0.0 0.0 0.0 0.0 0.0 0.0;
	0.0 0.0 0.0 0.0 0.0 0.0 0.0 0.0 0.0 0.0 0.0 0.0;
];
