function windprofile = ex_wind_profilesh1
%EX_WIND_PROFILE_D  Example wind_load_nyiso profile data for deterministic unit commitment.
% 2022.03.12
% Andres F. Ramirez


%% define constants
[GEN_BUS, PG, QG, QMAX, QMIN, VG, MBASE, GEN_STATUS, PMAX, PMIN, ...
    MU_PMAX, MU_PMIN, MU_QMAX, MU_QMIN, PC1, PC2, QC1MIN, QC1MAX, ...
    QC2MIN, QC2MAX, RAMP_AGC, RAMP_10, RAMP_30, RAMP_Q, APF] = idx_gen;
[CT_LABEL, CT_PROB, CT_TABLE, CT_TBUS, CT_TGEN, CT_TBRCH, CT_TAREABUS, ...
    CT_TAREAGEN, CT_TAREABRCH, CT_ROW, CT_COL, CT_CHGTYPE, CT_REP, ...
    CT_REL, CT_ADD, CT_NEWVAL, CT_TLOAD, CT_TAREALOAD, CT_LOAD_ALL_PQ, ...
    CT_LOAD_FIX_PQ, CT_LOAD_DIS_PQ, CT_LOAD_ALL_P, CT_LOAD_FIX_P, ...
    CT_LOAD_DIS_P, CT_TGENCOST, CT_TAREAGENCOST, CT_MODCOST_F, ...
    CT_MODCOST_X] = idx_ct;

windprofile = struct( ...
    'type', 'mpcData', ...
    'table', CT_TGEN, ...
    'rows', [1:45], ...
    'col', PMAX, ...
    'chgtype', 1, ...
    'values', [] );
windprofile.values(:,1,:) = [
	0.6788 9.172 56.2845 67.174 7.9721 0.044 1.202 7.5528 5.0976 20.442 37.7868 56.3705 84.8654 1.7699 150.9504 56.8697 70.5605 74.7731 81.2198 70.0829 0.4007 0.1027 67.7846 69.4533 42.2701 45.3898 4.0827 153.5015 329.9656 329.9656 208.8009 48.7431 270.7326 180.3936 5.549 140.7853 374.6426 83.0609 74.4831 113.2234 61.1862 0.4884 0.0 62.6324 378.5451;
	0.4804 6.4917 51.5931 62.6407 7.016 0.3133 1.3013 9.9178 5.0621 13.8406 25.5842 38.1666 57.4597 1.8202 132.5457 49.9358 61.9574 65.6563 81.6305 73.2252 0.4338 0.7311 37.3409 64.9131 40.7236 46.0935 6.0154 62.039 221.2743 221.2743 148.1073 33.5009 272.1018 188.4819 5.7064 94.4104 293.7466 91.8651 124.7885 109.0812 78.7498 3.4759 0.0 82.0747 296.8064;
	0.3747 5.0625 56.1723 59.9244 6.3208 0.0661 8.4056 9.9643 13.3421 10.2704 18.9847 28.3214 42.6377 0.1248 89.4802 33.7111 41.8268 44.3239 72.8209 72.5815 2.8019 0.1542 24.549 65.9396 43.0965 49.0184 6.196 0.1287 78.6984 78.6984 56.921 18.8631 242.7362 186.825 0.3912 33.578 169.8528 11.8687 171.861 115.4372 69.8648 0.7331 0.0027 99.409 171.6221;
	0.4637 6.2661 62.6904 68.0924 8.1246 0.0446 8.931 11.4948 19.063 15.9726 29.5252 44.0458 66.3107 0.21 104.4775 39.3613 48.8372 51.7528 55.7759 72.262 2.977 0.104 46.8815 65.1472 48.945 56.9103 6.9828 3.5226 108.7129 108.7129 19.0392 20.1811 185.9198 186.0027 0.6584 46.3842 20.8498 8.7764 194.9719 131.1028 72.6315 0.4943 0.0 134.9706 21.0669;
	0.6009 8.12 72.137 72.1864 10.0363 1.3568 6.4697 12.7264 14.3751 16.4187 30.3498 45.2759 68.1626 0.0026 137.6647 51.8644 64.3503 68.1921 64.1331 73.0635 2.1566 3.1658 48.1376 64.0967 64.3481 61.9707 7.6683 31.1313 85.778 85.778 8.938 10.8617 213.7771 188.0658 0.0081 36.5986 10.389 2.0697 240.8235 172.3609 62.9202 15.0513 3.0866 144.5348 10.4972;
	0.5409 7.3084 74.8619 60.8418 10.2679 3.6775 2.6097 11.3837 8.2021 8.9432 16.5314 24.6615 37.1278 0.0966 156.5202 58.9681 73.1641 77.5321 86.7115 73.272 0.8699 8.5808 34.6423 65.7775 44.8644 64.694 6.5927 26.0307 52.3427 52.3427 10.7572 12.1077 289.0383 188.6023 0.3029 22.3329 8.8238 3.4902 98.6547 120.1724 46.2504 40.7957 23.847 141.4291 8.9157;
	0.5291 7.1488 55.2213 40.9529 9.7192 2.8115 4.1906 7.2583 5.9074 7.6609 14.161 21.1255 31.8043 2.6542 119.9252 45.1811 56.0581 59.4048 70.6373 68.4371 1.3969 6.5602 21.7659 44.8813 26.9959 59.8713 3.1386 27.3574 21.1143 21.1143 35.0764 15.5995 235.4577 176.1573 8.3213 9.0088 2.0954 6.2872 184.1412 72.3103 27.014 31.1892 35.4636 136.828 2.1172;
	0.5176 6.9934 33.0186 27.7366 4.2144 2.5132 5.176 6.4155 7.0486 5.7409 10.612 15.831 23.8335 0.5229 69.0523 26.0151 32.2779 34.205 21.9013 49.3545 1.7253 5.8641 14.1254 31.7776 27.3074 60.6326 3.9096 14.3057 10.0806 10.0806 14.949 12.849 73.0043 127.0386 1.6392 4.3011 12.848 4.7168 359.8038 73.1447 9.7717 27.8794 10.962 101.2788 12.9819;
	0.5519 7.4578 27.1604 26.0773 3.4103 0.2187 8.5898 5.7786 3.0689 14.3035 26.4398 39.443 59.3813 2.2812 23.7615 8.952 11.1071 11.7702 69.243 19.7619 2.8633 0.5102 6.2615 33.8507 28.6023 55.6322 4.4485 4.5572 20.1723 20.1723 50.7893 80.1615 230.8099 50.8673 7.1518 8.6068 6.0871 14.3505 212.5986 76.6133 0.811 2.4258 3.1472 72.579 6.1505;
	0.607 8.2021 31.8986 26.9247 7.2281 0.4891 9.2658 4.8187 3.4285 10.4656 19.3456 28.8598 43.4483 5.4617 15.3689 5.7901 7.1841 7.613 25.5577 14.6897 3.0886 1.1413 11.3908 37.7492 30.1041 48.1281 3.5997 25.109 29.1847 29.1847 22.6887 33.3242 85.1923 37.8114 17.1233 12.4521 0.0 1.4203 146.7548 80.636 0.1074 5.4259 47.9533 87.081 0.0;
	0.8914 12.0452 45.6329 45.6301 11.1634 3.9891 21.3674 4.3328 8.1329 15.658 28.9435 43.178 65.0042 21.8346 147.0317 55.3933 68.7287 72.832 71.8425 13.5429 7.1225 9.308 34.7717 44.4028 47.2921 52.9172 1.7403 55.7743 66.818 66.818 66.0861 104.4936 239.4751 34.8594 68.4544 28.509 48.8726 17.349 287.6468 126.6753 0.9632 44.2529 9.5466 95.2632 49.3817;
	1.7604 23.7867 64.2531 69.3179 13.5798 7.594 17.3048 11.3749 12.3805 21.1943 39.1774 58.445 87.9886 15.8484 56.8912 21.4334 26.5933 28.181 29.1651 10.6518 5.7683 17.7194 57.876 58.5264 19.0835 51.8734 11.3784 163.5872 99.7292 99.7292 49.7903 13.8519 97.2169 27.4179 49.6868 42.5511 112.9977 6.2902 372.853 51.1165 4.2187 84.2431 15.3681 129.3601 114.1747;
	2.5086 33.8972 83.9687 86.6723 14.6866 17.85 13.1766 5.1286 26.0295 26.1329 48.3062 72.0634 108.491 8.1541 75.5805 28.4745 35.3295 37.4387 26.0345 11.3695 4.3922 41.6499 38.7843 69.8063 65.0074 55.6757 5.9595 243.4377 162.8809 162.8809 54.0408 12.0702 86.7816 29.2651 25.5642 69.4959 170.9138 11.7776 380.2836 174.1268 2.8191 198.0155 118.5212 168.726 172.6941;
	1.9052 25.7429 19.3307 85.0146 14.5403 20.81 5.5929 3.3153 9.4069 9.1087 16.8373 25.1179 37.8149 19.8459 125.0496 47.1117 58.4534 61.9432 60.1686 10.0593 1.8643 48.5566 47.5314 71.503 14.477 35.5638 3.0494 197.9748 204.6217 204.6217 33.1875 6.6113 200.5619 25.8927 62.2196 87.3052 171.0233 11.2261 279.0805 38.7777 10.9227 230.8518 85.4717 138.5772 172.8047;
	2.1277 28.7496 1.7032 7.8422 9.854 5.0836 18.3157 0.2312 25.8565 8.088 14.9506 22.3033 33.5775 33.4949 72.0131 27.1305 33.662 35.6716 38.7757 9.8092 6.1052 11.8618 32.1229 2.3114 0.1195 0.0 0.6614 311.7954 258.3501 258.3501 102.4988 6.9909 129.2523 25.2488 105.0109 110.2294 256.4813 11.7232 335.4954 0.3202 20.9858 56.3943 85.031 93.3741 259.153;
	3.1731 42.8761 83.7114 7.8517 13.5978 0.205 8.5879 0.0005 11.3031 8.843 16.3461 24.3852 36.7118 10.9481 40.9196 15.4162 19.1275 20.2695 4.1153 6.7899 2.8626 0.4784 52.2908 0.0494 0.0 0.0 0.2004 413.15 287.2446 287.2446 167.5713 12.2677 13.7176 17.4772 34.3237 122.5577 297.384 34.5153 337.9997 0.0 21.7277 2.2742 14.2318 168.6473 300.4818;
	3.4251 46.2807 0.0245 0.4625 13.8188 0.0076 5.3809 0.0 11.5497 2.9603 5.4721 8.1633 12.2898 32.504 10.5944 3.9914 4.9523 5.2479 12.4836 8.7725 1.7936 0.0177 6.5353 0.0 0.0 0.0 0.004 415.4599 383.7404 383.7404 172.3193 26.1142 41.612 22.5803 101.9045 163.7292 446.0103 71.5158 242.4739 0.0 0.3955 0.084 128.7677 210.2259 450.6562;
	2.8526 38.5453 2.7171 0.4894 14.1655 18.9678 15.2618 0.0873 7.6307 15.209 28.1136 41.94 63.1405 11.0703 0.0504 0.019 0.0236 0.025 25.2088 14.8373 5.0873 44.2582 17.9649 0.0 0.0 0.0131 0.2614 563.246 507.9023 507.9023 321.9667 36.2075 84.0292 38.1913 34.7069 216.705 544.516 96.2874 314.0996 0.0 0.4056 210.4162 113.1532 214.326 550.1881;
	3.1378 42.3981 80.2765 0.3437 14.0396 24.669 6.6593 0.9766 7.7104 7.3368 13.562 20.2319 30.459 9.0149 0.7348 0.2768 0.3435 0.364 4.2749 42.5463 2.2198 57.561 23.9788 0.0 0.0655 57.1537 0.7064 775.5275 458.1414 458.1414 370.0112 46.2091 14.2496 109.5143 28.2631 195.4737 577.8048 79.362 200.9546 0.1755 0.048 273.6615 107.9936 197.9836 583.8236;
	2.8587 38.627 0.0003 0.0336 13.7395 0.0001 18.9602 0.2778 25.9246 12.6021 23.2948 34.7513 52.3179 7.3334 7.6883 2.8965 3.5938 3.8084 10.74 22.3602 6.3201 0.0002 42.179 0.0 0.0 43.9672 0.0004 746.1367 441.6635 441.6635 346.5137 46.0204 35.8001 57.5553 22.9911 188.4431 537.7436 84.2555 48.5317 0.0 0.0 0.001 104.8685 158.7431 543.3451;
