function loadprofile = ex_load_profilesh1
%EX_LOAD_PROFILE  Example load profile data file for stochastic unit commitment.
% 2022.03.12
% Andres F. Ramirez

%% define constants
[CT_LABEL, CT_PROB, CT_TABLE, CT_TBUS, CT_TGEN, CT_TBRCH, CT_TAREABUS, ...
    CT_TAREAGEN, CT_TAREABRCH, CT_ROW, CT_COL, CT_CHGTYPE, CT_REP, ...
    CT_REL, CT_ADD, CT_NEWVAL, CT_TLOAD, CT_TAREALOAD, CT_LOAD_ALL_PQ, ...
    CT_LOAD_FIX_PQ, CT_LOAD_DIS_PQ, CT_LOAD_ALL_P, CT_LOAD_FIX_P, ...
    CT_LOAD_DIS_P, CT_TGENCOST, CT_TAREAGENCOST, CT_MODCOST_F, ...
    CT_MODCOST_X] = idx_ct;

loadprofile = struct( ...
    'type', 'mpcData', ...
    'table', CT_TAREALOAD, ...
    'rows', [1:11], ...
    'col', CT_LOAD_ALL_P, ...
    'chgtype', 1, ...
    'values', [] );
loadprofile.values(:,1,:) = [
	1599.3998 976.1398 1704.5583 571.1283 898.0106 1169.4104 926.1602 278.4 528.4 4620.5175 1761.5;
	1585.4633 988.677 1713.527 574.9 900.1849 1212.002 956.6771 301.198 540.2 4686.1588 1812.3;
	1628.3918 1016.6 1762.3803 594.8027 927.6749 1240.6616 949.1601 305.5798 547.8526 4691.1265 1841.4835;
	1679.077 1086.0784 1866.697 606.3 974.2 1317.9 1003.1785 316.9619 577.7899 4909.3458 1952.1666;
	1801.8204 1208.2 2035.6168 623.7 1091.1758 1447.5 1099.4008 363.6365 660.0451 5518.0221 2200.5185;
	1929.3616 1296.6508 2191.7288 640.7 1148.703 1563.5614 1171.9882 385.4 716.6232 6111.3549 2367.4064;
	1946.3611 1316.1971 2127.9273 643.0 1141.8066 1486.5013 1177.9771 372.1834 708.8172 6387.0546 2355.7904;
	1976.421 1354.3187 2167.465 648.1185 1155.5184 1539.272 1207.8914 353.6214 719.0943 6611.8558 2367.357;
	1979.0457 1344.4782 2089.3069 634.3364 1126.1384 1497.6158 1177.5811 347.1935 718.8 6762.2818 2367.8117;
	1964.6631 1336.4198 2074.5929 631.0598 1123.6872 1508.5945 1197.7641 346.2765 700.3639 6765.5073 2321.1906;
	1941.3864 1364.2629 2102.3421 621.3864 1106.2223 1475.793 1173.5788 347.788 692.5342 6807.7474 2277.9702;
	1970.4363 1351.3501 2056.0304 616.6764 1105.0682 1399.4374 1097.2148 326.1371 666.3 6665.6767 2090.2814;
	1972.6039 1347.2661 2040.2015 607.178 1067.291 1373.8532 1109.5073 335.5909 673.3966 6668.835 2176.7814;
	1965.4316 1329.1109 1967.8987 595.7275 1032.9192 1380.0128 1107.5135 328.991 684.3889 6439.7192 2128.9782;
	1995.2831 1290.6241 2002.558 600.1 1054.1802 1379.0 1151.1634 327.6252 688.698 6500.9642 2246.5222;
	1900.3055 1265.4764 1996.9 587.4189 1068.4273 1423.5637 1180.6772 331.1 705.5818 6546.4933 2314.4324;
	1909.0671 1273.6987 1989.153 588.7007 1074.086 1478.0383 1155.6114 351.7958 697.7 6425.3741 2441.3521;
	1915.5795 1266.4892 2028.3236 599.8798 1108.5642 1504.1073 1202.3501 354.6228 740.0567 6372.6507 2535.3268;
	1954.9669 1258.323 2022.2608 605.6 1087.6 1480.2822 1155.5728 355.5 720.4006 6146.138 2458.1004;
	1854.358 1176.219 1898.0568 588.5 1023.2 1401.3689 1106.0083 340.4901 682.6624 5835.5 2303.9848;
	1815.166 1115.521 1805.4396 574.1328 992.3802 1306.6987 1046.3 308.4447 628.2828 5598.0424 2120.2599;
	1694.7349 1032.9675 1706.9 541.8121 905.9445 1203.3076 967.9 265.0461 557.0 5184.2932 1914.907;
	1549.3 969.9993 1627.7895 540.1 857.6134 1107.7468 891.5698 256.3735 541.0911 4776.5478 1807.3018;
	1447.1501 917.3842 1557.5333 512.9778 820.8437 1064.9102 830.0606 234.7173 509.9 4526.9423 1725.0969;
];
