function loadprofile = ex_load_profilesh1
%EX_LOAD_PROFILE  Example load profile data file for stochastic unit commitment.
% 2022.03.12
% Andres F. Ramirez

%% define constants
[CT_LABEL, CT_PROB, CT_TABLE, CT_TBUS, CT_TGEN, CT_TBRCH, CT_TAREABUS, ...
    CT_TAREAGEN, CT_TAREABRCH, CT_ROW, CT_COL, CT_CHGTYPE, CT_REP, ...
    CT_REL, CT_ADD, CT_NEWVAL, CT_TLOAD, CT_TAREALOAD, CT_LOAD_ALL_PQ, ...
    CT_LOAD_FIX_PQ, CT_LOAD_DIS_PQ, CT_LOAD_ALL_P, CT_LOAD_FIX_P, ...
    CT_LOAD_DIS_P, CT_TGENCOST, CT_TAREAGENCOST, CT_MODCOST_F, ...
    CT_MODCOST_X] = idx_ct;

loadprofile = struct( ...
    'type', 'mpcData', ...
    'table', CT_TAREALOAD, ...
    'rows', [1:11], ...
    'col', CT_LOAD_ALL_P, ...
    'chgtype', 1, ...
    'values', [] );
loadprofile.values(:,1,:) = [
	1545.3 942.8652 1659.8915 566.1898 891.6786 1201.4511 916.556 270.3 545.5463 4591.881 1754.8662;
	1561.1297 945.6388 1664.9206 576.5 919.9115 1238.1718 913.2 269.3748 546.0645 4556.3921 1761.8;
	1561.6 959.8809 1685.3946 556.9 906.1502 1237.8 920.7492 273.6 563.9104 4581.4023 1776.2559;
	1652.117 1015.1202 1788.2 576.7495 979.7174 1317.6765 978.5 295.032 590.8599 4831.4032 1893.4305;
	1753.2914 1140.7229 1970.265 608.0798 1097.732 1483.6 1100.9535 353.6186 668.2135 5437.0443 2146.6511;
	1846.651 1217.9084 2067.8 638.1507 1119.0272 1562.6083 1167.3 377.5584 749.7103 6067.3931 2290.25;
	1852.7019 1214.1888 2054.3418 635.7491 1103.0 1538.8499 1185.7 379.1515 733.5996 6432.7999 2331.0152;
	1841.6 1152.7506 2012.1367 635.0945 1037.9499 1459.2893 1172.4443 368.5022 731.307 6583.2654 2269.4023;
	1838.6983 1145.936 2004.0422 626.6652 1023.1 1412.5949 1195.6464 357.1 731.2 6695.4709 2187.3824;
	1853.2636 1128.6265 1963.962 611.5 985.3369 1365.0006 1171.9001 340.3 731.8262 6615.6457 2154.4303;
	1764.6889 1087.4667 1904.5601 603.3096 959.7183 1395.0778 1205.2789 344.8118 733.6483 6611.6722 2163.2687;
	1743.9706 1078.3348 1882.9921 602.4 930.5018 1357.6458 1173.928 346.5 732.5972 6582.8152 2151.3519;
	1738.4909 1089.978 1856.6155 602.6424 940.1162 1359.5393 1180.5539 352.2039 708.0286 6578.5648 2063.465;
	1737.5089 1060.5946 1837.2386 597.5518 931.226 1360.204 1173.3117 344.2141 689.2 6399.7804 2070.1914;
	1727.4391 1020.9322 1835.1931 591.0 954.7539 1346.5464 1138.496 343.3 683.8181 6414.3868 2148.0166;
	1704.5743 1036.739 1906.1428 600.1212 949.5381 1403.6748 1143.6 342.703 685.9871 6435.6592 2222.0225;
	1738.5287 1040.7605 1898.6523 609.2845 1001.7 1444.3309 1201.6263 388.2 720.4088 6307.1 2368.8363;
	1808.7565 1122.127 1986.413 605.2265 1062.9319 1523.635 1244.4911 384.6717 747.0781 6304.4177 2468.2672;
	1857.7129 1139.1453 1954.9371 623.2428 1057.9123 1507.4563 1177.5 388.8083 735.3718 6211.0 2451.3072;
	1832.002 1124.5395 1902.8712 614.414 1007.3195 1408.5986 1123.7 388.4579 721.1975 5992.6077 2308.1799;
	1708.2668 1021.7512 1808.3156 608.2523 951.666 1306.4 1060.8559 355.6551 679.3459 5692.0345 2162.0437;
	1628.3834 960.6217 1705.3957 605.6544 907.6841 1201.1 972.0112 318.0124 610.0 5200.4089 1939.8898;
	1541.8349 912.8652 1627.3976 588.2382 838.5683 1163.4442 912.0282 274.6181 582.2 4427.2183 1757.3344;
	1463.2319 903.6197 1603.0983 589.7 836.6026 1185.3352 872.8809 272.5461 565.9706 4586.6098 1711.1493;
];
