function loadprofile = ex_load_profilesh1
%EX_LOAD_PROFILE  Example load profile data file for stochastic unit commitment.
% 2022.03.12
% Andres F. Ramirez

%% define constants
[CT_LABEL, CT_PROB, CT_TABLE, CT_TBUS, CT_TGEN, CT_TBRCH, CT_TAREABUS, ...
    CT_TAREAGEN, CT_TAREABRCH, CT_ROW, CT_COL, CT_CHGTYPE, CT_REP, ...
    CT_REL, CT_ADD, CT_NEWVAL, CT_TLOAD, CT_TAREALOAD, CT_LOAD_ALL_PQ, ...
    CT_LOAD_FIX_PQ, CT_LOAD_DIS_PQ, CT_LOAD_ALL_P, CT_LOAD_FIX_P, ...
    CT_LOAD_DIS_P, CT_TGENCOST, CT_TAREAGENCOST, CT_MODCOST_F, ...
    CT_MODCOST_X] = idx_ct;

loadprofile = struct( ...
    'type', 'mpcData', ...
    'table', CT_TAREALOAD, ...
    'rows', [1:11], ...
    'col', CT_LOAD_ALL_P, ...
    'chgtype', 1, ...
    'values', [] );
loadprofile.values(:,1,:) = [
	1501.4458 963.7 1664.3814 594.7596 898.1351 1116.7032 973.2508 270.3 579.7422 4594.6417 1781.9537;
	1510.7562 966.1 1651.9789 591.1732 883.4276 1133.3 1001.6805 272.3675 585.1585 4554.1352 1797.3;
	1548.5459 982.3491 1675.3698 592.0716 871.7411 1148.1654 978.6684 268.3685 565.997 4512.6549 1795.2689;
	1607.434 1055.3181 1797.7458 602.655 948.0444 1256.7783 1039.49 291.6 604.9169 4798.5224 1941.1893;
	1754.6945 1173.3 1972.565 630.8 1034.1076 1439.1807 1114.084 324.802 663.6846 5214.5693 2125.5619;
	1851.4993 1238.6177 2079.6307 633.6 1077.0693 1522.5901 1163.4195 348.1424 729.0816 5869.0474 2280.9569;
	1854.1 1231.9 2061.542 631.1873 1090.246 1521.3427 1167.3005 348.0067 743.7024 5967.5517 2195.5336;
	1911.2349 1240.4 2060.4293 624.8888 1116.2251 1515.0568 1187.1366 344.5888 764.2226 6367.697 2219.2;
	1886.0 1233.0615 2052.8761 623.279 1091.767 1496.0386 1186.878 350.1515 742.5 6366.9486 2101.5508;
	1862.2 1190.4574 2038.2 621.3496 1071.4051 1470.4289 1195.0291 363.3905 730.5 6370.9433 2126.4306;
	1803.3 1191.0206 1938.3833 613.1252 1044.4369 1458.4339 1156.6779 352.6 713.9 6252.5925 2006.0103;
	1784.0437 1182.642 1916.1 626.4999 981.9623 1418.1859 1160.1238 355.3521 720.4993 6316.7791 2079.5185;
	1815.9345 1178.6162 1858.4794 607.1057 964.8246 1422.7227 1175.9975 347.9741 713.1875 6307.3219 2135.6623;
	1709.2432 1124.7318 1780.0641 599.3524 943.5782 1364.116 1080.9269 339.7686 696.5 6244.2573 2110.3473;
	1682.9439 1136.0639 1828.4 594.5 961.3232 1373.6221 1116.7739 332.5 690.8481 6261.5522 2206.9182;
	1717.8859 1199.0146 1933.179 601.761 1027.0817 1416.0 1193.9466 352.099 704.9746 6404.4006 2298.1758;
	1729.3849 1223.0513 1965.1734 609.0 1047.5303 1451.9021 1197.4164 374.7743 712.3987 6305.6364 2356.6998;
	1806.1733 1296.4853 2057.5652 612.2 1122.3847 1530.584 1307.3362 399.1456 750.4162 6374.2109 2494.5504;
	1824.2712 1267.7694 2026.1659 605.8 1060.3812 1477.5809 1263.92 386.3018 742.4 6302.7209 2496.4871;
	1785.4349 1191.1 1975.2 609.3292 1042.0831 1414.4 1299.6922 381.6164 714.2404 6308.8025 2398.5681;
	1709.4677 1109.4653 1843.29 580.8609 964.6 1281.5783 1189.5741 349.5 659.0953 6017.0897 2232.2898;
	1611.929 1034.3813 1744.3372 570.8103 905.6661 1169.4204 1069.0653 306.0107 613.5318 5636.411 2024.7249;
	1560.4468 973.4 1654.3986 579.724 862.9513 1131.5 1063.7054 279.9498 560.0921 4995.9406 1862.788;
	1480.6889 938.8408 1578.6 567.7074 777.9 1075.2957 940.9733 269.9334 573.5 4707.8972 1778.3018;
];
