function windprofile = ex_wind_profilesh1
%EX_WIND_PROFILE_D  Example wind_load_nyiso profile data for deterministic unit commitment.
% 2022.03.12
% Andres F. Ramirez


%% define constants
[GEN_BUS, PG, QG, QMAX, QMIN, VG, MBASE, GEN_STATUS, PMAX, PMIN, ...
    MU_PMAX, MU_PMIN, MU_QMAX, MU_QMIN, PC1, PC2, QC1MIN, QC1MAX, ...
    QC2MIN, QC2MAX, RAMP_AGC, RAMP_10, RAMP_30, RAMP_Q, APF] = idx_gen;
[CT_LABEL, CT_PROB, CT_TABLE, CT_TBUS, CT_TGEN, CT_TBRCH, CT_TAREABUS, ...
    CT_TAREAGEN, CT_TAREABRCH, CT_ROW, CT_COL, CT_CHGTYPE, CT_REP, ...
    CT_REL, CT_ADD, CT_NEWVAL, CT_TLOAD, CT_TAREALOAD, CT_LOAD_ALL_PQ, ...
    CT_LOAD_FIX_PQ, CT_LOAD_DIS_PQ, CT_LOAD_ALL_P, CT_LOAD_FIX_P, ...
    CT_LOAD_DIS_P, CT_TGENCOST, CT_TAREAGENCOST, CT_MODCOST_F, ...
    CT_MODCOST_X] = idx_ct;

windprofile = struct( ...
    'type', 'mpcData', ...
    'table', CT_TGEN, ...
    'rows', [1:45], ...
    'col', PMAX, ...
    'chgtype', 1, ...
    'values', [] );
windprofile.values(:,1,:) = [
	0.7351 9.9327 49.2336 45.1726 6.9449 0.0 0.0 7.0106 0.0 14.3455 26.5174 39.5588 59.5556 0.7894 136.9925 51.6111 64.036 67.8591 74.2224 68.2334 0.0 0.0 45.2226 67.8545 34.5382 39.5949 3.6031 179.5734 290.8708 290.8708 203.2674 41.0519 247.4081 175.6328 2.475 124.1049 360.4644 83.7824 0.0 92.513 60.9558 0.0 0.0 57.6998 364.2192;
	0.5341 7.2164 47.8841 51.9604 6.4777 0.0 0.2649 8.8069 0.0 10.5796 19.5563 29.1742 43.9215 12.6304 114.3824 43.0929 53.4671 56.6592 68.5276 68.1299 0.0883 0.0 4.0337 65.8649 22.959 44.867 4.8798 75.6483 220.166 220.166 144.8615 28.0958 228.4254 175.3664 39.5981 93.9375 302.4121 91.737 6.8412 61.4973 73.4503 0.0 0.0 78.5068 305.5622;
	0.3544 4.7891 55.2212 57.5587 5.7059 1.1818 2.5744 9.1077 0.1398 8.8232 16.3095 24.3306 36.6296 12.3545 82.1172 30.9372 38.385 40.6766 62.0717 68.7658 0.8581 2.7574 20.4937 70.5012 36.4858 49.0584 5.5064 0.0 22.1891 22.1891 25.6013 15.3748 206.9055 177.0034 38.7329 9.4673 161.1855 13.398 29.8304 97.7299 74.1975 13.1096 0.0179 73.6484 162.8646;
	0.3898 5.267 58.1121 42.7692 7.6724 0.0068 1.9642 10.6259 0.7948 13.0997 24.2146 36.1235 54.3837 10.8859 81.8715 30.8446 38.2702 40.555 42.1898 68.9564 0.6547 0.0158 38.1072 74.3913 45.6258 57.2631 6.1004 0.0 18.4781 18.4781 30.9595 17.0006 140.6326 177.4939 34.1287 7.884 12.1938 8.208 8.7756 122.2119 64.5531 0.0751 0.0 125.205 12.3208;
	0.4285 5.79 71.9116 65.8905 9.5106 0.456 3.8637 11.5303 6.9851 12.6905 23.4582 34.9949 52.6847 3.5812 112.7829 42.4903 52.7194 55.8669 46.6916 67.127 1.2879 1.0641 43.9179 80.7826 71.6379 64.0465 7.2596 0.5891 12.8917 12.8917 7.7674 8.0212 155.6385 172.7851 11.2275 5.5004 13.439 6.3286 99.3828 191.8872 62.7007 5.059 0.0 140.6719 13.579;
	0.4927 6.6572 67.8574 51.2592 9.5356 3.7101 3.6108 9.73 5.7928 7.1106 13.1438 19.6079 29.5196 1.6354 137.4275 51.775 64.2394 68.0746 75.1878 69.9012 1.2036 8.657 32.9143 70.6452 46.5297 59.9168 6.322 0.0 5.9751 5.9751 0.7901 8.0563 250.6261 179.9259 5.1273 2.5494 0.5169 1.1289 18.493 124.6331 52.0295 41.1578 16.607 140.2361 0.5223;
	0.5127 6.928 54.7397 37.8032 9.2001 2.787 4.4267 7.6464 10.7712 6.4783 11.9751 17.8644 26.8948 1.0734 106.1709 39.9993 49.6287 52.5916 60.1835 62.9456 1.4756 6.503 21.0019 53.4795 31.8963 59.3583 4.1164 17.2134 11.4933 11.4933 4.4596 0.5668 200.6116 162.0222 3.3652 4.9038 7.7956 14.7835 7.4135 85.4366 27.9167 30.9169 15.8679 139.941 7.8768;
	0.524 7.0804 27.7109 21.7883 3.4174 2.6946 4.7348 6.8398 2.7099 4.1156 7.6076 11.3491 17.0859 3.833 49.5224 18.6573 23.1489 24.5309 11.0189 44.3061 1.5783 6.2873 11.6697 32.4663 29.4402 57.181 3.8771 7.3434 7.5778 7.5778 3.5846 0.0 36.7295 114.0441 12.0169 3.2332 18.7001 1.9954 2.8827 78.8575 7.3044 29.8918 0.0 103.9907 18.8949;
	0.5742 7.7587 12.8161 15.4718 3.2731 0.0 0.0 5.1649 0.0 0.0068 0.0125 0.0187 0.0281 3.7971 9.2706 3.4926 4.3335 4.5922 0.0 14.7216 0.0 0.0 5.5259 34.8376 24.8216 48.2616 3.4996 0.0 2.3463 2.3463 0.8425 0.0 0.0 37.8934 11.9045 1.0011 0.5158 0.1535 0.0 66.4863 0.2961 0.0 0.0 72.1669 0.5211;
	0.5747 7.765 18.714 19.4426 7.2151 0.0 0.0 3.4156 0.0 5.9611 11.019 16.4381 24.7475 2.8764 10.0712 3.7943 4.7077 4.9888 0.0486 11.6398 0.0 0.0 11.4515 34.2339 26.6437 37.4548 2.3771 0.0 24.8873 24.8873 4.4623 0.0 0.162 29.9609 9.018 10.6186 0.0 1.3488 0.0 71.3671 0.2924 0.0 29.4721 88.0997 0.0;
	0.8504 11.4902 41.187 7.0312 10.9063 0.0 0.0 3.5656 0.0 17.7789 32.864 49.0266 73.8092 3.9911 47.3992 17.8574 22.1564 23.4792 0.2163 12.5853 0.0 0.0 35.6488 45.5151 48.5237 50.7139 1.3957 42.3428 53.809 53.809 6.9574 0.0 0.721 32.3946 12.5126 22.9585 40.3114 2.237 0.0 129.9742 3.9516 0.0 0.0 102.939 40.7313;
	1.6371 22.1205 56.6587 0.0148 13.4932 0.0233 0.0 0.0 0.0694 14.675 27.1265 40.4674 60.9235 9.1731 9.3511 3.523 4.3711 4.6321 0.032 11.1058 0.0 0.0543 54.9809 54.4575 2.3467 39.2248 0.0 118.4404 77.1133 77.1133 1.4155 1.8634 0.1065 28.5863 28.7588 32.9017 95.2461 1.2521 0.0 6.2858 1.5117 0.2582 0.0 130.9824 96.2382;
	2.378 32.1318 73.6668 0.0 14.3101 0.3376 0.0 0.0 2.5052 25.7299 47.5613 70.952 106.8179 19.325 33.15 12.4891 15.4957 16.4208 16.7431 12.1522 0.0 0.7877 37.1484 60.0887 55.9315 36.6842 0.0 183.6523 137.1088 137.1088 0.1255 2.7614 55.8103 31.2799 60.5863 58.4997 130.5434 2.5282 0.0 149.8165 1.6282 3.745 101.2987 165.7261 131.9033;
	1.7589 23.7663 0.0 0.0 13.1683 17.8329 0.0 0.0 8.9501 2.7574 5.0969 7.6036 11.4472 4.0429 11.6203 4.3779 5.4318 5.7561 28.2424 9.3708 0.0 41.6102 44.128 0.0 0.0244 4.0886 0.0 173.1136 192.3759 192.3759 3.181 2.2945 94.1413 24.1205 12.675 82.0804 173.6329 12.1415 22.8189 0.0653 0.0096 197.8266 72.6546 129.4622 175.4416;
	2.231 30.1451 0.0 0.1989 9.2792 1.2828 1.6495 0.0 6.9615 2.8185 5.2099 7.7721 11.7009 1.1951 11.3581 4.2791 5.3093 5.6262 11.6007 6.7519 0.5498 2.9931 13.5304 2.9413 1.7507 0.0653 0.1776 262.6632 249.6381 249.6381 92.5506 5.7749 38.6689 17.3793 3.7468 106.5123 239.5131 21.6449 76.6665 4.6894 0.0 14.2302 78.755 96.216 242.008;
	3.1375 42.3946 79.3917 0.0 13.6807 0.0 2.2788 0.0 0.1927 0.5744 1.0618 1.584 2.3847 2.2779 1.8496 0.6968 0.8646 0.9162 26.2595 9.092 0.7596 0.0 40.5674 6.7604 4.5944 0.0018 0.0802 363.2686 270.7399 270.7399 175.2547 7.9596 87.5318 23.4028 7.1416 115.5157 286.1508 39.8642 55.7697 12.3065 0.4943 0.0 0.0785 181.0164 289.1316;
	3.24 43.7789 0.0 0.0 13.9588 0.0 3.338 0.0 2.2068 2.6237 4.8499 7.2351 10.8924 3.8031 0.0119 0.0045 0.0056 0.0059 1.6804 1.2903 1.1127 0.0 0.1326 0.0 0.0194 0.0574 0.0042 360.255 376.1419 376.1419 179.3619 21.6931 5.6014 3.3211 11.9232 160.4872 458.5758 70.9648 33.7073 0.0519 0.0 0.0 127.3079 213.2633 463.3527;
	2.5299 34.1843 0.0 0.0 13.8443 15.7998 1.9105 0.0 0.0386 2.0245 3.7423 5.5827 8.4047 0.8968 8.1518 3.0712 3.8105 4.038 19.0956 28.11 0.6368 36.8663 13.7869 0.0 0.0 0.0 0.0 566.4266 472.6744 472.6744 338.9763 34.2499 63.652 72.3552 2.8117 201.6744 592.9163 101.11 1.2119 0.0 0.0031 175.2727 99.0612 211.8084 599.0925;
	2.7476 37.1257 69.8146 0.0 13.9447 22.0932 1.4452 0.0 0.1346 8.2543 15.258 22.762 34.268 3.0279 6.4518 2.4307 3.0158 3.1959 29.0025 44.0214 0.4817 51.5507 8.5941 5.7178 0.3629 54.085 0.0286 768.4702 435.2503 435.2503 388.1633 45.0759 96.6751 113.3111 9.4928 185.7068 646.0787 80.9546 13.2408 0.9722 0.3773 245.0869 88.8203 202.4588 652.8087;
	2.6581 35.9163 0.0 0.0 13.4834 0.0 18.9447 0.0 25.9049 19.4237 35.9043 53.5622 80.6376 3.5103 19.0999 7.1958 8.9281 9.4611 31.0478 23.0568 6.3149 0.0 46.1646 1.2922 0.0 31.6245 0.0 734.1723 437.6427 437.6427 358.4793 46.5844 103.4926 59.3484 11.0052 186.7276 570.2346 82.2832 37.119 0.0 0.0 0.0 88.0885 165.6204 576.1745;
	3.1517 42.587 80.7592 0.0 13.6245 0.0 2.9078 0.0 26.4973 22.1218 40.8918 61.0025 91.8389 7.1959 24.9975 9.4177 11.6849 12.3825 30.7105 32.4031 0.9693 0.0 59.492 83.2421 1.1968 53.2069 0.1444 655.1674 392.2223 392.2223 268.5534 58.1421 102.3683 83.4056 22.5602 167.3482 558.3689 80.6775 19.5249 3.2057 1.5601 0.0 98.3893 165.611 564.1853;
