function windprofile = ex_wind_profilesh1
%EX_WIND_PROFILE_D  Example wind_load_nyiso profile data for deterministic unit commitment.
% 2022.03.12
% Andres F. Ramirez


%% define constants
[GEN_BUS, PG, QG, QMAX, QMIN, VG, MBASE, GEN_STATUS, PMAX, PMIN, ...
    MU_PMAX, MU_PMIN, MU_QMAX, MU_QMIN, PC1, PC2, QC1MIN, QC1MAX, ...
    QC2MIN, QC2MAX, RAMP_AGC, RAMP_10, RAMP_30, RAMP_Q, APF] = idx_gen;
[CT_LABEL, CT_PROB, CT_TABLE, CT_TBUS, CT_TGEN, CT_TBRCH, CT_TAREABUS, ...
    CT_TAREAGEN, CT_TAREABRCH, CT_ROW, CT_COL, CT_CHGTYPE, CT_REP, ...
    CT_REL, CT_ADD, CT_NEWVAL, CT_TLOAD, CT_TAREALOAD, CT_LOAD_ALL_PQ, ...
    CT_LOAD_FIX_PQ, CT_LOAD_DIS_PQ, CT_LOAD_ALL_P, CT_LOAD_FIX_P, ...
    CT_LOAD_DIS_P, CT_TGENCOST, CT_TAREAGENCOST, CT_MODCOST_F, ...
    CT_MODCOST_X] = idx_ct;

windprofile = struct( ...
    'type', 'mpcData', ...
    'table', CT_TGEN, ...
    'rows', [1:45], ...
    'col', PMAX, ...
    'chgtype', 1, ...
    'values', [] );
windprofile.values(:,1,:) = [
	0.7623 10.2997 57.7377 64.1741 7.5912 0.7253 5.9377 7.9188 2.8254 18.9771 35.0788 52.3307 78.7836 1.8122 151.1623 56.9495 70.6596 74.8781 74.0504 69.0557 1.9792 1.6924 61.6091 64.2552 42.3132 46.4698 3.9319 168.5073 322.8254 322.8254 216.3383 41.3944 246.8345 177.7496 5.6815 137.7389 362.8441 82.6892 28.0554 113.3388 53.284 8.0462 19.7964 64.0718 366.6237;
	0.4953 6.6921 54.8684 62.7105 6.9568 0.3136 3.1603 10.5279 3.7624 12.1435 22.4471 33.4866 50.4139 0.326 123.5245 46.5371 57.7405 61.1877 67.9235 69.4368 1.0534 0.7317 30.4042 69.4059 50.425 53.3537 5.691 61.2822 214.3892 214.3892 152.8012 30.3804 226.4116 178.7306 1.0221 91.4727 274.6958 89.1602 18.751 135.067 57.9022 3.4786 10.9905 86.3109 277.5572;
	0.3626 4.9 63.2383 67.789 5.8275 0.2052 6.5255 10.1214 14.2401 9.8206 18.1532 27.081 40.7703 13.4917 76.9847 29.0036 35.9859 38.1343 56.136 68.5371 2.1752 0.4788 25.2656 77.7186 51.494 50.7607 5.2512 82.1687 74.425 74.425 50.7787 14.3435 187.1201 176.4146 42.2982 31.7546 183.3248 6.5961 93.3017 137.9303 60.9663 2.2765 7.373 87.4947 185.2344;
	0.4103 5.5434 69.6306 75.6222 7.8271 0.6688 9.3729 12.0402 13.892 15.137 27.9804 41.7413 62.8413 24.5669 88.2154 33.2346 41.2356 43.6974 45.1464 67.0019 3.1243 1.5606 49.744 81.7648 55.1609 62.8343 6.1622 0.5951 21.367 21.367 33.1679 17.8032 150.4879 172.4632 77.0204 9.1166 0.2532 1.8313 226.9375 147.7524 68.8451 7.4195 0.96 115.8344 0.2558;
	0.4626 6.2514 77.7353 73.1931 9.7366 1.5947 13.6677 12.261 24.2413 16.1088 29.7768 44.4212 66.8758 24.698 121.3626 45.7227 56.73 60.1168 55.9083 66.0187 4.5559 3.7209 48.5843 80.5305 71.0565 61.3091 7.2379 9.2862 12.4691 12.4691 57.6715 8.3162 186.3609 169.9324 77.4314 5.3202 0.0 3.4079 387.9131 190.33 63.9008 17.6902 8.5529 126.8146 0.0;
	0.4635 6.2625 75.9117 57.6971 9.2133 3.5285 8.6002 11.2748 10.5694 9.2512 17.1008 25.511 38.4067 22.4305 146.2735 55.1077 68.3743 72.4564 82.0446 66.0447 2.8667 8.2332 38.0451 76.1893 49.9834 63.7996 7.0228 18.6876 4.8847 4.8847 66.0836 10.5156 273.4821 169.9992 70.3226 2.0841 0.4138 36.9484 313.5283 133.8842 46.7603 39.143 25.2693 133.763 0.4181;
	0.4953 6.6928 54.4166 38.2328 9.4767 2.6564 4.6079 7.1388 11.1339 7.0489 13.0299 19.438 29.2638 5.6343 117.3149 44.1977 54.8379 58.1118 62.4003 62.3514 1.536 6.1982 21.6878 53.8602 28.8976 55.3864 3.547 19.9152 2.1372 2.1372 41.9627 3.0307 208.001 160.4927 17.6644 0.9119 3.9495 60.2583 375.4155 77.4042 23.267 29.468 34.3987 132.4397 3.9907;
	0.4543 6.1392 30.4339 23.2173 3.4519 2.5759 5.0728 4.726 3.7324 4.9079 9.0722 13.534 20.3753 3.2872 53.5371 20.1698 25.0255 26.5196 17.8504 42.0041 1.6909 6.0105 11.7337 35.0955 29.8398 54.3583 3.8071 0.0 6.8972 6.8972 33.1179 7.2402 59.5014 108.1188 10.3057 2.9428 14.3183 19.5243 396.9699 79.928 1.8263 28.5757 0.6655 102.2752 14.4674;
	0.5762 7.7852 24.2203 17.767 3.8089 1.1287 0.3214 4.3192 10.1801 5.6807 10.5007 15.665 23.5835 4.5625 14.0583 5.2964 6.5714 6.9638 4.2117 16.9171 0.1071 2.6337 6.1882 35.2481 24.7816 49.463 3.493 0.0 2.1116 2.1116 15.6542 4.9102 14.0391 43.5445 14.3042 0.901 1.3387 5.7571 83.7954 66.3794 0.0 12.5213 1.8642 73.3132 1.3526;
	0.5995 8.1012 29.3573 20.7248 7.8716 10.0514 10.6686 2.7914 7.6465 2.3107 4.2713 6.3719 9.5929 0.2526 7.2375 2.7267 3.3831 3.5851 17.6602 13.6566 3.5562 23.4532 10.8085 30.2118 19.1856 43.5618 2.4125 29.3598 29.8409 29.8409 11.4737 8.9846 58.8674 35.1522 0.792 12.7321 11.3051 5.6602 178.5666 51.3899 0.0 111.5032 55.8583 89.4696 11.4229;
	0.8362 11.2995 38.7716 0.0 11.141 8.0138 15.1408 1.9807 15.2354 10.0957 18.6617 27.8395 41.9123 3.3279 7.2499 2.7314 3.3889 3.5912 0.0002 11.8107 5.0469 18.6989 34.6693 38.46 29.471 48.2358 0.7543 55.3014 68.9553 68.9553 5.9053 13.4757 0.0007 30.4008 10.4334 29.4209 48.8428 4.0102 284.052 78.9402 0.0 88.8999 12.8619 94.1686 49.3515;
	1.7839 24.1038 61.3112 0.0315 14.2502 20.9742 14.2019 0.0721 16.8568 14.052 25.9749 38.7495 58.3372 7.4289 10.3646 3.9048 4.8449 5.1341 0.0013 11.3174 4.734 48.9399 53.2574 53.1493 0.0 49.5305 0.0334 152.9038 110.0828 110.0828 16.6591 2.228 0.0042 29.1311 23.2906 46.9687 121.2422 1.2234 119.1129 0.0 0.0 232.6743 73.8441 140.4757 122.5051;
	2.3825 32.1932 82.8469 6.5967 14.8252 28.9132 9.374 0.1125 7.6917 24.8226 45.8842 68.4502 103.0514 3.1071 11.5506 4.3516 5.3992 5.7216 0.3643 11.5096 3.1247 67.4642 34.1413 68.3415 67.1578 50.2998 0.041 224.9474 159.6568 159.6568 8.7377 3.0893 1.2142 29.6258 9.7411 68.1203 156.5267 2.1299 103.3677 179.8868 0.7811 320.7439 126.5402 178.8904 158.1572;
	1.9494 26.3409 16.6889 20.3106 14.9112 22.4549 10.8546 0.5593 11.8883 6.0792 11.2372 16.7637 25.2377 3.242 27.3853 10.3173 12.801 13.5653 0.6239 10.3235 3.6182 52.3948 45.2202 33.3852 6.4386 33.0604 0.2672 204.7716 205.5756 205.5756 10.8742 5.3195 2.0798 26.5728 10.164 87.7122 183.3037 14.1216 131.1092 17.2462 0.7675 249.0996 96.9167 145.2299 185.2131;
	2.4728 33.4136 27.5827 32.0878 10.8164 26.1789 5.9443 3.4698 18.2893 4.6886 8.6667 12.9291 19.4646 15.0008 15.1276 5.6992 7.0713 7.4934 0.0 2.1163 1.9814 61.0841 29.0231 22.8656 6.2247 4.04 2.8928 309.8466 259.0461 259.0461 97.693 8.316 0.0 5.4473 47.0295 110.5264 266.0534 16.4874 210.6352 16.6734 1.4873 290.4114 100.9717 119.1894 268.8247;
	3.215 43.4419 85.2443 8.0003 14.465 4.8733 5.2117 2.9994 4.2335 6.601 12.2019 18.2028 27.4042 6.5357 43.0814 16.2307 20.1381 21.3403 12.6342 15.8385 1.7372 11.3711 44.1648 26.6226 4.2109 42.8655 0.9815 419.9835 268.946 268.946 172.2431 11.7642 42.1142 40.7684 20.4903 114.7503 313.2651 45.577 78.2708 11.2793 0.0 54.0613 67.0945 199.2191 316.5283;
	3.636 49.1302 23.2366 31.5929 15.1784 12.9806 7.1024 10.127 2.6803 11.8404 21.8869 32.6509 49.1557 23.5736 38.8757 14.6462 18.1721 19.257 4.1003 18.5463 2.3675 30.2881 1.4112 50.6163 25.5669 46.4201 1.4143 384.0625 370.3198 370.3198 195.1627 23.4988 13.6677 47.7381 73.9065 158.0031 461.0143 82.3834 254.3557 68.4828 0.0 143.9985 153.6819 244.03 465.8165;
	3.0782 41.5928 21.5732 37.7351 15.2419 20.6922 2.4554 7.1755 3.4835 11.5663 21.3801 31.8949 48.0176 16.9615 76.6354 28.8719 35.8226 37.9612 69.896 4.6352 0.8185 48.2818 14.1867 17.2491 9.5298 12.4115 1.5208 597.5632 493.6273 493.6273 347.4765 34.4095 232.9867 11.931 53.1766 210.6143 590.0461 106.015 28.1115 25.5262 0.0 229.5455 132.309 236.4118 596.1924;
	3.3425 45.1646 86.5404 23.0441 14.8772 26.3485 0.6345 2.238 1.2085 8.5474 15.7998 23.5701 35.4847 7.1575 54.4708 20.5216 25.462 26.9821 43.7843 39.4478 0.2115 61.4799 27.4928 10.7266 4.863 62.3698 0.438 817.8197 442.4375 442.4375 365.6441 44.9004 145.9478 101.5388 22.4398 188.7733 651.943 84.3558 48.0572 13.0259 0.0 292.2928 127.7102 213.1393 658.734;
	3.2749 44.2512 12.3489 18.6034 14.6175 1.0026 16.9556 3.5524 26.1756 22.4115 41.4272 61.8013 93.0415 14.7029 87.8489 33.0966 41.0642 43.5158 20.7725 21.7632 5.6519 2.3394 61.2382 22.995 16.8446 57.7595 3.6272 808.0391 442.9676 442.9676 351.5191 44.5678 69.2415 56.0186 46.0955 188.9995 586.8908 79.1198 7.0851 45.1194 0.0137 11.1221 117.9154 188.4882 593.0042;
