function loadprofile = ex_load_profilesh1
%EX_LOAD_PROFILE  Example load profile data file for stochastic unit commitment.
% 2022.03.12
% Andres F. Ramirez

%% define constants
[CT_LABEL, CT_PROB, CT_TABLE, CT_TBUS, CT_TGEN, CT_TBRCH, CT_TAREABUS, ...
    CT_TAREAGEN, CT_TAREABRCH, CT_ROW, CT_COL, CT_CHGTYPE, CT_REP, ...
    CT_REL, CT_ADD, CT_NEWVAL, CT_TLOAD, CT_TAREALOAD, CT_LOAD_ALL_PQ, ...
    CT_LOAD_FIX_PQ, CT_LOAD_DIS_PQ, CT_LOAD_ALL_P, CT_LOAD_FIX_P, ...
    CT_LOAD_DIS_P, CT_TGENCOST, CT_TAREAGENCOST, CT_MODCOST_F, ...
    CT_MODCOST_X] = idx_ct;

loadprofile = struct( ...
    'type', 'mpcData', ...
    'table', CT_TAREALOAD, ...
    'rows', [1:11], ...
    'col', CT_LOAD_ALL_P, ...
    'chgtype', 1, ...
    'values', [] );
loadprofile.values(:,1,:) = [
	1473.8584 978.6686 1694.6 630.2818 863.9371 1179.0623 916.8065 266.3 546.6437 4432.7 1819.3479;
	1488.951 974.8491 1688.0157 614.5599 829.5328 1148.9 905.7425 258.9532 527.0368 4267.939 1777.3;
	1513.9841 1004.0961 1725.612 614.0427 835.2853 1184.8048 924.2915 258.8 539.9 4378.596 1795.8857;
	1569.5851 1077.5113 1808.9585 622.7875 888.8117 1249.6484 957.7 269.9695 567.8582 4615.2319 1909.3566;
	1687.0618 1185.7228 1966.1013 630.0 994.5778 1422.8465 1068.6394 316.2222 641.1298 5214.0691 2106.9828;
	1766.5273 1257.6955 2076.8968 642.7148 1101.4595 1495.0417 1132.6459 347.8197 710.581 5680.7972 2225.3655;
	1806.2444 1260.3 2108.6749 639.7204 1130.1731 1500.0192 1104.6927 367.2698 700.6 5971.4172 2225.381;
	1792.8865 1237.5259 2016.8562 643.9613 1104.7646 1417.2354 1045.5924 345.5 697.7437 6089.5927 2112.8501;
	1863.1028 1216.7397 1986.3451 623.9277 1075.9766 1427.0516 1032.3206 330.5404 701.3242 6256.6794 2143.9415;
	1865.2332 1216.3278 1984.9617 618.3634 1064.9921 1437.6588 1018.7752 324.2123 700.1097 6292.9741 2098.8973;
	1842.4873 1214.8413 1941.1218 609.9313 1058.0 1400.6205 982.3746 324.9179 681.3506 6141.5367 2013.3154;
	1807.7267 1204.3 1969.7632 593.0 1023.273 1345.7152 948.025 302.2111 674.165 5949.6864 1975.0615;
	1821.5863 1155.8 1928.0557 594.5509 960.7185 1311.7715 957.645 286.986 661.5465 5770.7596 1913.3847;
	1797.292 1158.3981 1928.0196 616.2045 970.86 1401.2725 980.7139 285.5768 654.9726 5846.5393 1951.0444;
	1792.7323 1145.6223 1857.5229 602.1 962.6 1365.3609 964.0649 309.6181 655.1563 5992.5588 2045.6633;
	1769.1 1101.6225 1861.8729 599.3 956.3302 1413.2078 936.2164 295.8838 612.7474 5793.6677 2147.446;
	1696.9552 1063.662 1844.8801 593.5 951.8872 1437.2288 986.3333 303.0733 655.4232 5852.8423 2197.002;
	1786.7237 1144.1279 1959.2 614.1837 984.7498 1477.6 1091.5154 335.6 715.6238 5790.9235 2375.3733;
	1815.1353 1186.8655 1959.4007 620.8923 998.3441 1481.798 1120.2031 332.5884 706.3 5781.578 2386.6732;
	1809.5631 1145.0826 1903.7172 606.7919 967.8802 1448.7941 1089.2725 318.9503 670.6346 5522.3368 2199.1498;
	1739.3371 1062.7753 1811.3415 598.1 906.2419 1357.735 1031.5696 296.1913 630.2 5405.8749 2111.8516;
	1581.0969 996.4 1664.6571 580.2 860.6374 1259.1919 961.1 286.5157 580.3642 5097.0338 1921.6885;
	1464.9428 941.7133 1617.9 582.9516 792.4331 1208.9423 907.1 283.3017 539.9946 4766.7764 1794.4539;
	1459.5976 933.0359 1623.4283 587.7308 795.0694 1219.6633 887.3564 262.2 535.6887 4664.0587 1767.5189;
];
