function loadprofile = ex_load_profilesh1
%EX_LOAD_PROFILE  Example load profile data file for stochastic unit commitment.
% 2022.03.12
% Andres F. Ramirez

%% define constants
[CT_LABEL, CT_PROB, CT_TABLE, CT_TBUS, CT_TGEN, CT_TBRCH, CT_TAREABUS, ...
    CT_TAREAGEN, CT_TAREABRCH, CT_ROW, CT_COL, CT_CHGTYPE, CT_REP, ...
    CT_REL, CT_ADD, CT_NEWVAL, CT_TLOAD, CT_TAREALOAD, CT_LOAD_ALL_PQ, ...
    CT_LOAD_FIX_PQ, CT_LOAD_DIS_PQ, CT_LOAD_ALL_P, CT_LOAD_FIX_P, ...
    CT_LOAD_DIS_P, CT_TGENCOST, CT_TAREAGENCOST, CT_MODCOST_F, ...
    CT_MODCOST_X] = idx_ct;

loadprofile = struct( ...
    'type', 'mpcData', ...
    'table', CT_TAREALOAD, ...
    'rows', [1:11], ...
    'col', CT_LOAD_ALL_P, ...
    'chgtype', 1, ...
    'values', [] );
loadprofile.values(:,1,:) = [
	1462.0676 925.6171 1629.0718 576.2 858.0209 1149.6281 872.3032 285.2945 519.2 4564.243 1761.6358;
	1443.2722 923.4968 1615.8694 569.1813 845.0251 1176.1939 879.1773 288.583 514.6833 4449.0837 1729.5598;
	1486.2961 962.0191 1684.061 570.4383 886.3 1180.8567 897.4299 306.838 522.8471 4605.17 1793.2524;
	1553.326 1028.6647 1791.4 590.3514 922.3943 1260.8714 962.711 311.802 553.7341 4751.0049 1893.0;
	1683.2278 1148.1 1952.3774 621.642 994.625 1384.1744 1065.5 358.3328 641.5 5366.4995 2133.7664;
	1770.4426 1222.2543 2026.8815 615.361 1064.4914 1454.8725 1121.0135 379.4 704.2929 5899.8198 2254.3508;
	1834.1414 1243.8248 2035.0 600.3713 1085.0944 1481.3974 1155.1147 378.3452 702.7 6254.3073 2271.4673;
	1865.2636 1235.9 2041.511 578.9496 1086.7329 1461.5308 1134.3414 365.0 703.2271 6470.8029 2223.7;
	1860.7778 1246.6685 2082.7 534.1413 1111.3797 1453.339 1121.1721 365.7419 688.9178 6543.3401 2142.1176;
	1845.4408 1222.8651 2019.8 539.96 1089.3334 1407.524 1098.672 344.7529 662.9805 6488.2626 2100.3;
	1817.2609 1183.7796 1956.5 546.7724 1060.0206 1351.3558 1062.0792 326.0438 667.8251 6522.2661 1992.772;
	1800.7374 1190.3 1935.5354 542.5312 1042.0995 1335.3974 1013.7082 320.0129 643.0153 6492.7394 1964.6672;
	1758.1797 1192.4 1928.2559 560.962 1063.6132 1294.2587 1022.5 313.8394 615.3009 6450.0216 1961.5406;
	1746.57 1177.2397 1922.8066 563.036 1029.5587 1345.7 1093.6314 336.1 628.7413 6636.5934 2131.7;
	1718.2389 1149.7 1874.0737 514.8574 1015.6779 1367.1167 1098.014 331.3428 654.1385 6695.8494 2189.4516;
	1677.6385 1155.0105 1887.2544 552.2146 1017.048 1431.3659 1148.5668 328.4 669.5214 6614.6362 2227.0438;
	1696.6873 1174.8499 1918.3951 569.4832 1023.5913 1465.5 1150.4385 355.7728 674.3997 6328.3433 2304.7507;
	1773.6687 1241.2755 1994.3 589.7054 1040.7 1503.708 1196.5358 370.2325 685.2425 6352.5513 2454.6933;
	1731.6484 1219.5682 1972.1715 573.4572 1012.4445 1477.311 1200.2409 378.9998 705.9893 6422.5057 2454.6014;
	1682.2727 1137.3118 1869.8351 569.4963 914.8335 1385.7737 1126.0 350.9314 672.0676 6024.1454 2161.6479;
	1616.7028 1078.3111 1804.7974 554.9805 888.8 1300.9872 1037.5645 326.3 635.6 5778.528 2099.4;
	1508.102 1018.3382 1725.4964 555.7925 839.8 1245.9597 977.6657 301.9086 596.6128 5666.7592 2009.737;
	1409.277 942.148 1642.5775 538.43 822.8074 1207.1612 931.9 285.7067 514.3701 5144.3572 1856.6816;
	1379.431 916.1263 1602.2 536.4 798.0777 1159.7414 873.8516 267.5235 442.7712 4926.8223 1743.2;
];
