function solarprofile = ex_solar_profilesh1
%EX_WIND_PROFILE_D  Example wind_load_nyiso profile data for deterministic unit commitment.
% 2022.03.12
% Andres F. Ramirez


%% define constants
[GEN_BUS, PG, QG, QMAX, QMIN, VG, MBASE, GEN_STATUS, PMAX, PMIN, ...
    MU_PMAX, MU_PMIN, MU_QMAX, MU_QMIN, PC1, PC2, QC1MIN, QC1MAX, ...
    QC2MIN, QC2MAX, RAMP_AGC, RAMP_10, RAMP_30, RAMP_Q, APF] = idx_gen;
[CT_LABEL, CT_PROB, CT_TABLE, CT_TBUS, CT_TGEN, CT_TBRCH, CT_TAREABUS, ...
    CT_TAREAGEN, CT_TAREABRCH, CT_ROW, CT_COL, CT_CHGTYPE, CT_REP, ...
    CT_REL, CT_ADD, CT_NEWVAL, CT_TLOAD, CT_TAREALOAD, CT_LOAD_ALL_PQ, ...
    CT_LOAD_FIX_PQ, CT_LOAD_DIS_PQ, CT_LOAD_ALL_P, CT_LOAD_FIX_P, ...
    CT_LOAD_DIS_P, CT_TGENCOST, CT_TAREAGENCOST, CT_MODCOST_F, ...
    CT_MODCOST_X] = idx_ct;

solarprofile = struct( ...
    'type', 'mpcData', ...
    'table', CT_TGEN, ...
    'rows', [1:12], ...
    'col', PMAX, ...
    'chgtype', 1, ...
    'values', [] );
solarprofile.values(:,1,:) = [
	0.0 0.0 0.0 0.0 0.0 0.0 0.0 0.0 0.0 0.0 0.0 0.0;
	0.0 0.0 0.0 0.0 0.0 0.0 0.0 0.0 0.0 0.0 0.0 0.0;
	0.0 0.0 0.0 0.0 0.0 0.0 0.0 0.0 0.0 0.0 0.0 0.0;
	0.0 0.0 0.0 0.0 0.0 0.0 0.0 0.0 0.0 0.0 0.0 0.0;
	0.0 0.0 0.0 0.0 0.0 0.0 0.0 0.0 0.0 0.0 0.0 0.0;
	0.4731 0.4018 0.4224 0.0 0.0 0.6078 0.076 0.2 0.0 0.0 0.0 0.0;
	8.0751 6.8975 5.502 1.7024 2.451 346.1903 43.2738 69.1277 186.9391 15.1347 9.5213 27.4091;
	15.3621 12.6686 10.9051 3.1018 3.8842 443.3494 55.4187 74.5951 254.3164 91.6574 47.312 165.9922;
	18.8361 16.2718 13.7242 5.722 5.2199 448.5094 56.0637 75.1384 243.254 159.6423 80.8798 289.1131;
	17.0219 10.4409 11.2772 5.3697 4.1192 305.6624 38.2078 56.859 76.8667 148.7614 49.1108 269.4078;
	17.6129 9.7925 11.4578 6.428 5.3345 343.3643 42.9205 57.1485 171.0885 121.189 39.7156 219.474;
	17.2508 8.8838 11.3792 6.3884 5.9372 396.5767 49.5721 56.6976 227.6254 112.6018 31.9799 203.9225;
	4.7234 2.3968 3.373 4.7606 6.4791 334.9895 41.8737 19.4676 241.9519 158.7112 50.6047 287.4269;
	4.9731 1.6945 2.0592 4.4789 5.9111 274.4866 34.3108 14.7479 211.629 158.8092 51.083 287.6043;
	5.4467 2.0047 2.0501 4.192 5.6284 162.2229 20.2779 12.6486 165.0529 130.6603 37.2785 236.6267;
	3.2978 1.3435 1.9544 3.7215 2.0796 53.582 6.6978 5.2021 68.6442 18.22 6.6035 32.9965;
	0.5549 0.3482 0.4834 0.7381 0.7174 33.3037 4.163 1.5448 15.8284 7.216 3.3186 13.0681;
	0.0 0.0 0.0 0.0 0.0 0.0 0.0 0.0 0.0 0.0 0.0 0.0;
	0.0 0.0 0.0 0.0 0.0 0.0 0.0 0.0 0.0 0.0 0.0 0.0;
	0.0 0.0 0.0 0.0 0.0 0.0 0.0 0.0 0.0 0.0 0.0 0.0;
	0.0 0.0 0.0 0.0 0.0 0.0 0.0 0.0 0.0 0.0 0.0 0.0;
	0.0 0.0 0.0 0.0 0.0 0.0 0.0 0.0 0.0 0.0 0.0 0.0;
	0.0 0.0 0.0 0.0 0.0 0.0 0.0 0.0 0.0 0.0 0.0 0.0;
	0.0 0.0 0.0 0.0 0.0 0.0 0.0 0.0 0.0 0.0 0.0 0.0;
];
