function loadprofile = ex_load_profilesh1
%EX_LOAD_PROFILE  Example load profile data file for stochastic unit commitment.
% 2022.03.12
% Andres F. Ramirez

%% define constants
[CT_LABEL, CT_PROB, CT_TABLE, CT_TBUS, CT_TGEN, CT_TBRCH, CT_TAREABUS, ...
    CT_TAREAGEN, CT_TAREABRCH, CT_ROW, CT_COL, CT_CHGTYPE, CT_REP, ...
    CT_REL, CT_ADD, CT_NEWVAL, CT_TLOAD, CT_TAREALOAD, CT_LOAD_ALL_PQ, ...
    CT_LOAD_FIX_PQ, CT_LOAD_DIS_PQ, CT_LOAD_ALL_P, CT_LOAD_FIX_P, ...
    CT_LOAD_DIS_P, CT_TGENCOST, CT_TAREAGENCOST, CT_MODCOST_F, ...
    CT_MODCOST_X] = idx_ct;

loadprofile = struct( ...
    'type', 'mpcData', ...
    'table', CT_TAREALOAD, ...
    'rows', [1:11], ...
    'col', CT_LOAD_ALL_P, ...
    'chgtype', 1, ...
    'values', [] );
loadprofile.values(:,1,:) = [
	1638.0563 982.2 1638.6543 635.1153 874.3173 1127.3965 935.8192 273.9 615.4873 4610.172 1895.262;
	1613.2993 974.0 1629.3475 626.1096 838.4291 1081.731 915.9885 274.1034 605.7481 4524.9179 1825.9735;
	1616.503 990.6697 1678.7725 626.9671 871.1364 1140.7116 938.6602 291.0742 611.3351 4516.6792 1841.9842;
	1706.3293 1065.5 1790.3242 617.6403 919.7015 1230.1348 991.4 315.1971 649.5601 4803.225 1981.6251;
	1807.4945 1179.3484 1952.4091 651.3089 1016.6442 1394.7351 1084.2871 353.7 723.2884 5342.6998 2256.4213;
	1887.3 1259.8634 2037.3837 663.8334 1060.5274 1489.5313 1132.8922 370.6 742.9777 5855.9432 2363.0716;
	1863.9788 1240.6406 2001.3246 652.2881 1054.3 1462.7095 1140.3 377.8262 742.8506 6206.9434 2353.1925;
	1827.6554 1243.282 1990.0884 641.3554 1047.0503 1412.8385 1135.6184 369.5987 756.9586 6492.1536 2375.0488;
	1867.9643 1236.9454 1990.0384 634.5 1032.305 1338.3568 1135.1203 367.58 767.0734 6482.3205 2349.3836;
	1877.3158 1215.4894 1972.125 641.1403 1006.0459 1296.4319 1096.9524 368.1207 735.9596 6478.9483 2342.0404;
	1817.1947 1183.6798 1897.664 647.7705 994.2 1226.2 1028.1 355.787 731.702 6344.5462 2234.6;
	1834.6523 1205.3939 1916.3167 632.9823 994.4316 1217.7927 1057.7392 362.905 742.2987 6518.3846 2329.972;
	1811.1954 1201.145 1925.0182 631.9621 1019.711 1222.1802 1060.3511 390.7007 722.4766 6489.6079 2278.5135;
	1746.2651 1192.8758 1879.2885 633.5263 982.5038 1294.8683 1117.7193 390.7142 787.4787 6544.6458 2326.74;
	1733.1446 1199.7758 1945.1199 624.13 985.0529 1371.9926 1109.3689 379.6146 721.7688 6589.5394 2283.3581;
	1755.1731 1208.6097 1985.8469 631.4951 993.8634 1427.6208 1125.0267 388.8405 739.7484 6900.2348 2505.9481;
	1795.9 1207.0774 2011.8494 622.9284 979.8217 1449.8009 1183.6333 384.8393 781.4623 6771.9478 2593.3702;
	1830.1 1241.6331 2051.1019 628.2621 1009.9921 1486.1553 1213.4941 390.2755 784.0045 6629.995 2753.8185;
	1851.7701 1246.1123 2009.5822 626.185 1010.7413 1464.019 1194.0 414.123 788.8328 6477.0212 2814.0341;
	1801.9655 1172.7601 1929.4878 609.4 969.5899 1404.0702 1116.4 383.0634 727.0 6034.0724 2564.9235;
	1746.4687 1098.47 1799.8514 598.6449 904.9765 1283.8461 1027.9975 353.6261 704.198 5634.9094 2353.7619;
	1626.1303 1004.3 1662.8833 578.9 832.8537 1175.9923 932.6408 303.1 647.3735 5222.9041 2080.5182;
	1563.8081 958.771 1601.778 593.6732 814.5832 1153.3 918.486 257.1 641.9742 5006.0814 2059.6793;
	1513.5571 928.3 1573.9495 593.7076 745.6429 1104.4732 869.4018 241.1432 578.677 4732.1343 1844.1778;
];
