function windprofile = ex_wind_profilesh1
%EX_WIND_PROFILE_D  Example wind_load_nyiso profile data for deterministic unit commitment.
% 2022.03.12
% Andres F. Ramirez


%% define constants
[GEN_BUS, PG, QG, QMAX, QMIN, VG, MBASE, GEN_STATUS, PMAX, PMIN, ...
    MU_PMAX, MU_PMIN, MU_QMAX, MU_QMIN, PC1, PC2, QC1MIN, QC1MAX, ...
    QC2MIN, QC2MAX, RAMP_AGC, RAMP_10, RAMP_30, RAMP_Q, APF] = idx_gen;
[CT_LABEL, CT_PROB, CT_TABLE, CT_TBUS, CT_TGEN, CT_TBRCH, CT_TAREABUS, ...
    CT_TAREAGEN, CT_TAREABRCH, CT_ROW, CT_COL, CT_CHGTYPE, CT_REP, ...
    CT_REL, CT_ADD, CT_NEWVAL, CT_TLOAD, CT_TAREALOAD, CT_LOAD_ALL_PQ, ...
    CT_LOAD_FIX_PQ, CT_LOAD_DIS_PQ, CT_LOAD_ALL_P, CT_LOAD_FIX_P, ...
    CT_LOAD_DIS_P, CT_TGENCOST, CT_TAREAGENCOST, CT_MODCOST_F, ...
    CT_MODCOST_X] = idx_ct;

windprofile = struct( ...
    'type', 'mpcData', ...
    'table', CT_TGEN, ...
    'rows', [1:45], ...
    'col', PMAX, ...
    'chgtype', 1, ...
    'values', [] );
windprofile.values(:,1,:) = [
	0.8065 10.8983 52.0606 63.9016 7.2674 4.9546 6.1875 6.7684 5.1201 20.4036 37.7157 56.2644 84.7057 52.8465 153.8291 57.9542 71.9062 76.1991 75.8196 70.0249 2.0625 11.5608 67.9699 70.6106 36.6965 43.0864 3.8093 192.7253 314.0159 314.0159 238.9149 38.7065 252.7319 180.2442 165.6808 133.9801 369.8802 80.7892 66.8732 98.2943 74.6101 54.9632 47.5145 69.8438 373.7332;
	0.5465 7.385 49.6541 62.054 5.6736 2.0599 3.2412 10.715 1.0066 11.8484 21.9016 32.6729 49.1888 14.34 132.8274 50.0419 62.0891 65.7959 80.1786 72.708 1.0804 4.8065 32.4415 73.0797 48.5125 48.7885 6.1729 94.8972 225.0467 225.0467 159.2536 26.5146 267.2621 187.1506 44.958 96.0199 305.0883 82.0397 55.3601 129.9443 90.945 22.8517 11.6523 90.6495 308.2663;
	0.4212 5.6909 59.4095 66.7271 5.439 3.0186 13.4943 10.8493 8.5345 11.2306 20.7596 30.9692 46.6239 33.9452 93.9793 35.4062 43.9299 46.5526 70.3833 72.5118 4.4981 7.0435 31.1638 80.3803 52.7481 50.6102 5.6576 204.2782 68.8806 68.8806 153.0943 15.7972 234.611 186.6457 106.4227 29.3891 193.0823 7.6614 270.5908 141.2895 81.6701 33.4868 32.0823 105.6207 195.0936;
	0.5281 7.1357 68.6631 76.2808 8.3192 1.687 17.5316 13.5752 1.9557 15.3698 28.4109 42.3835 63.8081 15.1205 96.8018 36.4695 45.2492 47.9507 50.6768 67.539 5.8439 3.9362 49.8803 84.7037 63.8605 64.6202 7.2532 507.0334 92.3721 92.3721 182.2301 18.9364 168.9225 173.8456 47.4048 39.4121 370.8844 19.5253 106.2156 171.0548 80.602 18.714 34.1647 150.1251 374.7478;
	0.5912 7.9884 79.731 74.4673 10.0946 2.3904 16.05 13.7374 10.5084 16.594 30.6738 45.7592 68.8902 24.9802 131.3585 49.4886 61.4025 65.0683 59.2024 70.2706 5.35 5.5776 48.6675 85.2321 78.2092 70.8969 7.9398 442.048 157.8032 157.8032 78.4674 9.0795 197.3412 180.8768 78.3163 67.3294 89.0609 11.1641 141.7097 209.4888 77.6498 26.5175 27.3117 157.547 89.9886;
	0.6004 8.1125 79.0092 59.9591 9.8912 3.9961 8.8334 12.1403 17.0309 10.1369 18.7379 27.9533 42.0835 9.1918 161.0801 60.686 75.2956 79.7909 81.3031 73.1853 2.9445 9.3241 35.8205 82.4709 56.1509 68.9169 7.2134 583.5745 33.8214 33.8214 10.0652 6.6714 271.0104 188.3793 28.8174 14.4305 23.3786 0.1936 185.1359 150.4042 59.6929 44.3296 25.1659 145.4838 23.6221;
	0.5529 7.4704 55.6446 38.9803 9.8786 3.1759 4.0463 7.4381 3.1673 7.9908 14.7708 22.0351 33.1737 6.8801 126.949 47.8273 59.3413 62.8841 65.6808 71.3323 1.3488 7.4105 24.3461 58.9237 33.6431 63.6896 3.5513 156.7235 40.9499 40.9499 13.6501 0.0199 218.9361 183.6095 21.57 17.4719 8.1149 0.0127 70.8461 90.1156 33.2315 35.2315 33.8004 142.4058 8.1995;
	0.5696 7.6961 32.4865 26.7197 3.8126 3.0946 5.0807 6.712 2.5394 5.3684 9.9234 14.8038 22.2871 0.3399 61.9333 23.333 28.9502 30.6786 14.7873 43.209 1.6936 7.2208 11.971 36.7898 30.2828 61.651 3.4576 200.669 16.2687 16.2687 3.4532 1.8806 49.291 111.2201 1.0655 6.9413 9.3199 0.2877 45.7668 81.1147 13.0346 34.3298 28.513 107.3761 9.417;
	0.6849 9.2544 28.0634 25.4021 3.8474 16.6171 12.048 5.1748 22.8017 10.6612 19.707 29.399 44.26 3.6839 13.3805 5.041 6.2546 6.628 3.987 16.099 4.016 38.7733 6.0348 38.6599 29.0091 53.9722 3.1142 130.6623 171.4691 171.4691 48.6853 4.8173 13.2899 41.439 11.5494 73.1602 19.2715 8.7626 170.531 77.7031 29.7277 184.3392 44.5214 75.6878 19.4723;
	0.6513 8.8002 30.6761 26.0672 7.9792 4.7377 8.7458 4.3972 10.0471 10.4926 19.3954 28.9341 43.5602 3.6602 12.212 4.6008 5.7084 6.0492 13.3899 13.6213 2.9153 11.0546 11.3897 41.384 31.7926 51.2979 2.9877 91.4296 175.1126 175.1126 20.4401 10.5475 44.633 35.0613 11.4752 74.7147 22.213 5.1037 95.6579 85.1587 7.1229 52.5566 52.2745 99.0493 22.4443;
	0.8702 11.7589 42.2411 18.2031 11.3573 1.9096 11.6941 3.8567 14.4366 9.6153 17.7737 26.5149 39.918 6.1749 103.555 39.0138 48.406 51.2959 73.4393 12.8974 3.898 4.4556 31.6416 44.5159 50.3992 53.6324 1.3505 75.7161 83.053 83.053 62.9132 21.2785 244.7976 33.198 19.3591 35.436 58.718 38.1818 209.5828 134.9978 31.3226 21.1833 14.6621 109.8892 59.3296;
	1.7293 23.3667 64.0549 30.9095 14.2747 5.5263 11.6271 1.1145 26.7549 12.5817 23.2571 34.695 52.2331 9.9912 71.9758 27.1165 33.6445 35.6531 50.303 13.2803 3.8757 12.8947 55.9535 56.73 55.0971 50.3904 0.0595 190.8304 129.5028 129.5028 112.7925 13.6045 167.6767 34.1834 31.3238 55.2545 144.8527 52.5594 308.0784 147.5816 28.1355 61.3049 65.9621 141.9741 146.3615;
	2.4085 32.5436 83.9477 49.198 14.6147 13.9758 14.1272 0.3881 25.2695 24.196 44.726 66.7223 100.4501 15.3364 17.4387 6.5699 8.1516 8.6382 8.8002 11.464 4.7091 32.6102 34.7999 69.3433 75.4104 53.7014 0.1356 265.2311 191.4238 191.4238 120.4522 13.3822 29.3338 29.5085 48.0817 81.6742 212.2231 21.1207 373.7405 201.9922 24.5019 155.0381 123.6008 186.6819 214.4337;
	1.7676 23.8837 4.4945 11.2374 14.414 19.962 2.699 0.3717 4.9786 3.2713 6.047 9.0209 13.5809 15.8759 24.0179 9.0486 11.227 11.8972 38.9131 9.0411 0.8997 46.578 45.0254 8.23 17.4248 33.6943 0.0952 208.3479 217.7527 217.7527 20.0473 5.7547 129.7103 23.2718 49.7732 92.9078 179.3881 10.6751 197.3199 46.6736 1.6232 221.4451 84.8624 145.1218 181.2567;
	2.1511 29.0666 20.0965 41.9858 9.9232 1.6837 3.3394 2.3348 4.527 0.9383 1.7345 2.5875 3.8954 9.0081 47.3076 17.8229 22.1135 23.4338 24.2811 4.8427 1.1131 3.9286 30.2035 26.7807 22.7809 5.7681 1.248 271.2338 266.368 266.368 92.8529 7.1267 80.9369 12.4652 28.2417 113.6503 252.5078 22.2217 74.5726 61.0203 11.3513 18.6777 81.5398 116.58 255.1381;
	2.8838 38.9664 79.7333 5.5886 12.8871 0.0061 4.9144 0.0736 6.4349 0.2788 0.5154 0.7688 1.1575 12.5691 51.5625 19.4259 24.1025 25.5414 13.2652 4.7492 1.6381 0.0143 45.3087 0.505 0.234 0.4041 0.3302 403.1394 293.3022 293.3022 174.5636 13.0431 44.2174 12.2244 39.4058 125.1423 312.7128 44.3482 318.7086 0.6269 0.1463 0.0681 0.58 173.7786 315.9702;
	3.2781 44.2942 0.0186 0.0 14.0317 0.0038 4.9836 0.0015 5.7624 1.7997 3.3267 4.9627 7.4714 16.4416 41.5333 15.6474 19.4144 20.5735 11.9937 1.537 1.6612 0.0089 8.6963 0.1636 0.1448 0.0 0.0995 383.9207 390.5896 390.5896 187.8672 28.9393 39.9789 3.9562 51.5467 166.6516 435.072 75.6364 358.2931 0.3878 0.0933 0.0422 127.8214 200.1914 439.604;
	2.6785 36.1919 0.0 0.0 13.4903 17.8467 1.1363 0.0001 5.7521 4.9596 9.1678 13.6765 20.59 6.5941 20.8698 7.8626 9.7554 10.3378 2.8752 4.3816 0.3788 41.6423 17.5237 0.0 0.0037 0.0889 0.0855 588.566 498.9419 498.9419 330.7143 40.7524 9.5841 11.2784 20.6734 212.8819 563.512 103.4259 166.3538 0.0098 0.9869 197.9795 109.3809 196.6819 569.3819;
	3.1145 42.0841 76.699 0.0 14.1471 24.0573 0.0 0.0192 0.601 8.2975 15.3378 22.881 34.4472 8.2451 23.2139 8.7457 10.8512 11.499 0.0 39.394 0.0 56.1338 31.6068 0.0 0.1113 56.0862 0.0997 832.6478 444.5753 444.5753 356.224 52.2117 0.0 101.4002 25.8495 189.6855 623.9707 81.5025 8.558 0.298 0.7512 266.876 106.9456 177.4936 630.4704;
	3.0038 40.5879 0.0 0.0 13.9689 0.0002 16.3954 0.0 23.631 20.9804 38.782 57.8551 87.1006 4.3475 27.137 10.2237 12.685 13.4423 0.0378 17.3552 5.4651 0.0004 60.0638 0.0 0.0 31.6614 0.0159 738.8031 420.8017 420.8017 330.0294 46.772 0.1259 44.6725 13.6299 179.5421 563.9068 80.8113 3.6081 0.0 0.0013 0.0021 101.2743 115.919 569.7808;
