function loadprofile = ex_load_profilesh1
%EX_LOAD_PROFILE  Example load profile data file for stochastic unit commitment.
% 2022.03.12
% Andres F. Ramirez

%% define constants
[CT_LABEL, CT_PROB, CT_TABLE, CT_TBUS, CT_TGEN, CT_TBRCH, CT_TAREABUS, ...
    CT_TAREAGEN, CT_TAREABRCH, CT_ROW, CT_COL, CT_CHGTYPE, CT_REP, ...
    CT_REL, CT_ADD, CT_NEWVAL, CT_TLOAD, CT_TAREALOAD, CT_LOAD_ALL_PQ, ...
    CT_LOAD_FIX_PQ, CT_LOAD_DIS_PQ, CT_LOAD_ALL_P, CT_LOAD_FIX_P, ...
    CT_LOAD_DIS_P, CT_TGENCOST, CT_TAREAGENCOST, CT_MODCOST_F, ...
    CT_MODCOST_X] = idx_ct;

loadprofile = struct( ...
    'type', 'mpcData', ...
    'table', CT_TAREALOAD, ...
    'rows', [1:11], ...
    'col', CT_LOAD_ALL_P, ...
    'chgtype', 1, ...
    'values', [] );
loadprofile.values(:,1,:) = [
	1540.954 981.4515 1769.2496 593.255 823.057 1188.9347 881.6741 264.1166 498.0 4161.929 1751.8279;
	1520.1841 971.8 1735.4863 586.1374 819.8998 1135.4959 866.286 267.2 486.8327 4152.5437 1757.3;
	1571.5769 1001.6387 1785.3929 588.3972 828.8537 1178.9374 894.7919 264.7 509.0915 4359.9126 1790.4264;
	1614.7309 1050.7 1831.2304 587.9271 857.836 1222.0949 913.3808 281.5834 526.6661 4341.404 1887.3561;
	1809.3 1196.1204 2033.0083 613.3089 952.3641 1379.2256 1038.2056 319.7045 620.5562 4972.3449 2129.9843;
	1915.3023 1257.7508 2102.2768 620.7754 983.4736 1446.5444 1092.6956 335.331 670.4247 5489.4163 2244.4703;
	1923.718 1265.3732 2081.6334 610.609 995.8581 1455.5941 1110.6968 343.8 700.6676 5817.9528 2267.6173;
	1919.0403 1253.4 2083.2014 585.9219 999.3886 1449.7671 1117.0329 326.0244 703.7512 6133.2009 2245.9199;
	1924.3533 1259.3207 2074.264 575.8528 956.946 1446.888 1097.2021 296.4664 711.3007 6091.8669 2176.1498;
	1883.2868 1241.6808 2048.546 587.722 932.6245 1465.6253 1107.7174 300.5317 708.2996 6130.2763 2175.1691;
	1857.351 1209.8072 1998.0277 584.5415 918.0551 1453.0048 1113.7696 298.4759 682.8121 6234.3775 2186.381;
	1861.0128 1185.0 1982.4584 579.8675 893.8127 1462.0416 1095.484 291.7157 684.3 6178.006 2106.5521;
	1806.0652 1151.4428 1881.032 583.1 893.6423 1444.6 1039.064 305.9588 660.6149 6158.4898 2174.2227;
	1717.436 1132.6117 1911.8357 591.461 882.1012 1464.9844 1065.4 311.1 669.3 6077.8321 2177.9839;
	1718.2127 1136.7928 1928.9274 588.1 870.6343 1420.2304 1060.8651 319.7019 669.4076 6194.3084 2338.2426;
	1709.1012 1087.0418 1968.1093 589.8 898.1452 1438.4632 1072.9916 318.8919 687.1313 6280.0364 2379.6392;
	1716.9218 1138.4783 1991.1342 595.9215 921.8 1461.0135 1093.2367 322.2584 665.562 6160.0894 2450.8608;
	1722.9 1193.3 2058.0877 613.9712 997.8 1516.1 1166.1273 325.3549 727.0794 6220.576 2559.5332;
	1740.3776 1173.6442 2025.6838 614.9942 990.1255 1511.7118 1148.0509 324.109 732.0216 6041.4547 2536.6068;
	1740.7546 1145.9584 1955.4317 594.4 905.5239 1403.8797 1095.9355 312.7156 695.1682 5880.076 2403.6211;
	1658.8238 1071.0991 1865.0386 571.4223 828.686 1318.6332 1029.1302 278.72 635.6 5585.8924 2200.9547;
	1544.9849 996.3833 1758.2233 564.2224 801.8472 1235.0563 957.5548 255.0869 603.9193 5217.9995 2054.2232;
	1550.122 965.0038 1684.379 551.0243 726.0591 1177.5226 934.5 246.1015 580.2003 4942.2 1925.2135;
	1496.2643 929.8137 1669.9687 543.2512 683.1453 1173.6126 886.8672 239.6787 516.4826 4597.5007 1784.9007;
];
