function solarprofile = ex_solar_profilesh1
%EX_WIND_PROFILE_D  Example wind_load_nyiso profile data for deterministic unit commitment.
% 2022.03.12
% Andres F. Ramirez


%% define constants
[GEN_BUS, PG, QG, QMAX, QMIN, VG, MBASE, GEN_STATUS, PMAX, PMIN, ...
    MU_PMAX, MU_PMIN, MU_QMAX, MU_QMIN, PC1, PC2, QC1MIN, QC1MAX, ...
    QC2MIN, QC2MAX, RAMP_AGC, RAMP_10, RAMP_30, RAMP_Q, APF] = idx_gen;
[CT_LABEL, CT_PROB, CT_TABLE, CT_TBUS, CT_TGEN, CT_TBRCH, CT_TAREABUS, ...
    CT_TAREAGEN, CT_TAREABRCH, CT_ROW, CT_COL, CT_CHGTYPE, CT_REP, ...
    CT_REL, CT_ADD, CT_NEWVAL, CT_TLOAD, CT_TAREALOAD, CT_LOAD_ALL_PQ, ...
    CT_LOAD_FIX_PQ, CT_LOAD_DIS_PQ, CT_LOAD_ALL_P, CT_LOAD_FIX_P, ...
    CT_LOAD_DIS_P, CT_TGENCOST, CT_TAREAGENCOST, CT_MODCOST_F, ...
    CT_MODCOST_X] = idx_ct;

solarprofile = struct( ...
    'type', 'mpcData', ...
    'table', CT_TGEN, ...
    'rows', [1:12], ...
    'col', PMAX, ...
    'chgtype', 1, ...
    'values', [] );
solarprofile.values(:,1,:) = [
	0.0 0.0 0.0 0.0 0.0 0.0 0.0 0.0 0.0 0.0 0.0 0.0;
	0.0 0.0 0.0 0.0 0.0 0.0 0.0 0.0 0.0 0.0 0.0 0.0;
	0.0 0.0 0.0 0.0 0.0 0.0 0.0 0.0 0.0 0.0 0.0 0.0;
	0.0 0.0 0.0 0.0 0.0 0.0 0.0 0.0 0.0 0.0 0.0 0.0;
	0.0 0.0 0.0 0.0 0.0 0.0 0.0 0.0 0.0 0.0 0.0 0.0;
	0.4731 0.4018 0.4224 0.0 0.0 0.0 0.0 0.2 0.0 0.0 0.0 0.0;
	9.4834 7.6207 5.0184 1.3452 3.6866 239.5389 29.9424 2.9791 124.2579 0.0 0.0 0.0;
	17.3278 13.6368 8.5259 3.0293 7.6828 440.3543 55.0443 61.862 243.7688 3.3523 0.0 6.071;
	22.1235 16.6042 13.6586 5.7786 9.6162 453.1146 56.6393 72.8394 259.9686 24.6587 6.1135 44.6571;
	24.0358 16.1547 13.6408 4.839 9.8126 313.7313 39.2164 54.8723 153.3794 54.5058 9.1154 98.7103;
	25.1067 16.371 13.7762 5.9624 9.6649 282.5515 35.3189 53.8424 178.3493 41.6809 9.4207 75.4843;
	25.0771 16.3954 13.769 6.0527 8.7813 273.1938 34.1492 52.925 191.204 38.4594 14.5932 69.6502;
	11.5392 9.6365 6.9491 4.8366 6.3678 112.9248 14.1156 14.8389 109.9953 48.9229 42.0171 88.5997;
	8.4009 6.8178 3.5428 4.5417 5.704 102.3787 12.7973 15.8394 86.2128 63.9931 43.1365 115.8918;
	6.2446 6.1323 2.5392 4.3554 5.512 80.1068 10.0133 16.6579 53.3887 58.0661 33.2823 105.1581;
	2.2244 2.6561 1.235 4.8703 2.1987 17.726 2.2158 11.5504 8.9589 15.5766 6.6731 28.2093;
	0.3545 0.3978 0.3127 1.0314 0.2843 11.5226 1.4403 6.3065 3.1636 7.1263 3.6306 12.9057;
	0.0 0.0 0.0 0.0 0.0 0.0 0.0 0.0 0.0 0.0 0.0 0.0;
	0.0 0.0 0.0 0.0 0.0 0.0 0.0 0.0 0.0 0.0 0.0 0.0;
	0.0 0.0 0.0 0.0 0.0 0.0 0.0 0.0 0.0 0.0 0.0 0.0;
	0.0 0.0 0.0 0.0 0.0 0.0 0.0 0.0 0.0 0.0 0.0 0.0;
	0.0 0.0 0.0 0.0 0.0 0.0 0.0 0.0 0.0 0.0 0.0 0.0;
	0.0 0.0 0.0 0.0 0.0 0.0 0.0 0.0 0.0 0.0 0.0 0.0;
	0.0 0.0 0.0 0.0 0.0 0.0 0.0 0.0 0.0 0.0 0.0 0.0;
];
