function windprofile = ex_wind_profilesh1
%EX_WIND_PROFILE_D  Example wind_load_nyiso profile data for deterministic unit commitment.
% 2022.03.12
% Andres F. Ramirez


%% define constants
[GEN_BUS, PG, QG, QMAX, QMIN, VG, MBASE, GEN_STATUS, PMAX, PMIN, ...
    MU_PMAX, MU_PMIN, MU_QMAX, MU_QMIN, PC1, PC2, QC1MIN, QC1MAX, ...
    QC2MIN, QC2MAX, RAMP_AGC, RAMP_10, RAMP_30, RAMP_Q, APF] = idx_gen;
[CT_LABEL, CT_PROB, CT_TABLE, CT_TBUS, CT_TGEN, CT_TBRCH, CT_TAREABUS, ...
    CT_TAREAGEN, CT_TAREABRCH, CT_ROW, CT_COL, CT_CHGTYPE, CT_REP, ...
    CT_REL, CT_ADD, CT_NEWVAL, CT_TLOAD, CT_TAREALOAD, CT_LOAD_ALL_PQ, ...
    CT_LOAD_FIX_PQ, CT_LOAD_DIS_PQ, CT_LOAD_ALL_P, CT_LOAD_FIX_P, ...
    CT_LOAD_DIS_P, CT_TGENCOST, CT_TAREAGENCOST, CT_MODCOST_F, ...
    CT_MODCOST_X] = idx_ct;

windprofile = struct( ...
    'type', 'mpcData', ...
    'table', CT_TGEN, ...
    'rows', [1:45], ...
    'col', PMAX, ...
    'chgtype', 1, ...
    'values', [] );
windprofile.values(:,1,:) = [
	0.7964 10.7604 53.6527 60.0142 7.9729 12.1773 5.7486 8.1972 3.4268 20.8371 38.5171 57.4599 86.5056 65.1968 146.6637 55.2547 68.5567 72.6497 77.4984 66.8933 1.9162 28.4137 67.712 67.5518 47.4487 41.639 4.1127 167.3581 313.6627 313.6627 225.8106 42.4687 258.328 172.1834 204.4007 133.8294 361.2859 83.9458 74.5083 127.0947 65.2118 135.0868 15.3247 67.6047 365.0493;
	0.5811 7.8517 52.8482 62.5089 7.38 10.9175 1.3732 10.1837 0.5847 12.9429 23.9248 35.6911 53.7328 45.5104 109.5965 41.2899 51.23 54.2885 70.4075 66.7946 0.4577 25.4742 33.3815 67.1243 49.804 42.8763 5.7421 61.4241 192.5945 192.5945 131.8513 15.5093 234.6916 171.9295 142.6813 82.1736 263.8641 83.2825 25.9702 133.4035 77.8618 121.1117 63.1045 87.1217 266.6127;
	0.5106 6.8992 61.946 69.2224 6.3335 30.547 8.6188 10.331 8.683 11.1546 20.6191 30.7597 46.3085 60.8903 82.1451 30.9477 38.3981 40.6905 62.1561 63.6675 2.8729 71.2762 29.4743 74.3649 53.7526 40.4829 5.5108 6.4921 3.467 3.467 8.4305 14.3745 207.1869 163.8802 190.8992 1.4793 159.8191 2.8728 155.7539 143.9801 69.0362 338.8675 118.7057 95.3264 161.4838;
	0.5242 7.0831 68.742 75.3396 8.9598 15.2601 0.0 12.7356 0.0 16.4964 30.4933 45.49 68.4849 14.8263 80.7737 30.431 37.757 40.0112 48.2498 57.4172 0.0 35.6069 49.274 80.3417 62.8514 60.0939 6.8432 3.5162 0.0389 0.0389 1.0136 16.3499 160.8325 147.792 46.4824 0.0166 1.0077 0.9858 0.0 168.352 67.9047 169.2852 37.5729 142.6296 1.0182;
	0.6202 8.3799 82.0375 77.5766 10.9798 19.2014 0.7044 13.1194 0.5479 15.7102 29.0401 43.322 65.2211 6.8688 111.3901 41.9656 52.0684 55.177 58.0463 60.5142 0.2348 44.8032 41.7672 82.0358 79.7764 62.4269 7.8952 15.9182 5.3815 5.3815 20.8414 6.5261 193.4877 155.7638 21.5346 2.2961 16.0296 5.3488 17.6837 213.6867 68.2115 213.0073 79.6194 148.1274 16.1966;
	0.5976 8.0743 83.9975 66.2329 10.968 7.6648 0.0625 12.4311 0.2916 9.8949 18.2906 27.2859 41.0788 2.15 143.6739 54.1283 67.1592 71.1687 80.0269 65.8565 0.0208 17.8845 33.4984 80.0669 61.095 64.6814 7.3536 23.9227 26.805 26.805 63.2896 5.4479 266.7564 169.5149 6.7405 11.4368 87.3337 6.1169 1.3612 163.6474 53.1563 85.028 27.8872 151.1665 88.2435;
	0.5679 7.6735 60.4887 43.9292 10.5394 4.4091 3.8183 7.8216 3.1153 8.3293 15.3966 22.9687 34.5793 3.3881 118.4895 44.6402 55.387 58.6937 67.9615 65.1522 1.2728 10.2878 23.2472 57.7679 38.0711 61.1274 3.9033 29.2596 18.3136 18.3136 76.1396 0.0799 226.5383 167.702 10.6222 7.8138 66.8952 8.967 0.0 101.9763 26.8893 48.9112 37.381 143.6401 67.592;
	0.4857 6.5623 34.9398 29.5364 3.8724 2.5691 4.4602 6.7797 2.0871 5.1686 9.554 14.2527 21.4574 3.9163 50.2976 18.9493 23.5112 24.9149 17.3814 41.5556 1.4867 5.9945 11.6716 29.9027 32.7653 55.5139 3.9009 6.8687 10.6954 10.6954 26.9728 0.0123 57.9379 106.9642 12.2781 4.5634 24.5208 0.8909 0.0 87.7642 3.6339 28.4998 6.4399 101.1233 24.7762;
	0.5445 7.3578 27.4679 24.7995 3.8983 0.0071 0.0021 5.6051 1.2783 0.1086 0.2008 0.2995 0.4509 0.0993 9.503 3.5802 4.4421 4.7073 0.8764 15.4888 0.0007 0.0165 4.8392 17.0623 25.7254 52.7686 3.9644 10.7285 3.4555 3.4555 0.8685 1.0383 2.9212 39.8683 0.3114 1.4744 25.7558 0.2549 0.2045 68.9072 0.1374 0.0784 1.0039 73.6473 26.0241;
	0.6244 8.4377 32.1425 25.813 8.2112 0.6893 3.6741 4.9226 8.9235 0.9744 1.8012 2.687 4.0453 4.055 3.9776 1.4985 1.8593 1.9703 2.2971 11.6628 1.2247 1.6085 11.4909 32.4596 30.1572 47.3178 3.0098 29.8731 33.8174 33.8174 2.2563 0.8073 7.6571 30.0201 12.7129 14.4287 10.2175 0.7029 22.0541 80.7783 2.1075 7.6472 50.1428 89.7152 10.3239;
	0.9227 12.4683 48.0775 52.9556 12.2987 7.9333 8.0209 4.161 26.1629 2.3689 4.3788 6.5323 9.8344 6.5316 10.2466 3.8603 4.7897 5.0756 1.8861 11.7201 2.6736 18.511 32.6884 44.0706 52.1222 53.9778 1.2914 75.1881 74.9892 74.9892 6.7999 0.8736 6.287 30.1674 20.4774 31.9954 81.1002 2.0823 108.0625 139.613 32.6708 88.0064 43.6418 101.7605 81.945;
	1.6016 21.6415 65.967 17.014 13.7994 0.6817 1.7016 4.2883 11.2474 1.0637 1.9662 2.9332 4.4159 2.2976 2.06 0.7761 0.9629 1.0204 0.0916 9.2057 0.5672 1.5907 46.8355 61.4728 56.1608 51.8204 0.7788 150.1162 113.0907 113.0907 33.6987 2.0571 0.3053 23.6955 7.2032 48.252 135.2878 6.6238 33.645 150.4306 43.5605 7.5624 2.5501 127.243 136.6971;
	2.208 29.8354 80.4494 14.4133 14.662 1.7861 3.971 4.4229 9.8185 24.9807 46.1765 68.8862 103.7078 1.6687 17.8853 6.7382 8.3603 8.8594 0.1023 10.6261 1.3237 4.1675 36.3027 71.044 75.3979 51.8401 1.1309 240.5693 173.0593 173.0593 36.0387 3.0907 0.341 27.3517 5.2317 73.8387 189.2987 2.6303 95.4916 201.9585 41.3338 19.8136 102.2811 167.4935 191.2706;
	1.6637 22.4808 3.5917 1.7662 14.1498 17.8498 0.5497 0.9758 4.8195 1.1933 2.2058 3.2906 4.954 0.0 29.1312 10.975 13.6172 14.4301 7.9109 9.0236 0.1832 41.6495 45.4945 28.1446 14.3945 31.7314 0.4191 211.3798 214.6416 214.6416 19.2389 7.9927 26.3696 23.2267 0.0 91.5804 194.392 9.5103 14.9715 38.5566 33.956 198.0138 76.5211 138.087 196.4169;
	2.0181 27.2695 5.311 3.6445 10.1921 2.4511 0.6347 1.584 2.8854 0.109 0.2014 0.3004 0.4523 0.5648 10.4323 3.9303 4.8765 5.1676 30.4451 1.9939 0.2116 5.7192 29.0594 26.5391 30.2816 2.9484 1.5022 321.3841 275.0902 275.0902 98.811 8.5055 101.4838 5.1323 1.7707 117.3718 278.6302 19.8678 31.2511 81.1113 50.0652 27.1909 78.0141 99.7582 281.5326;
	3.0199 40.8056 82.8348 2.3788 13.9224 2.8598 0.0171 1.6033 0.1617 0.2417 0.4467 0.6664 1.0033 1.0921 7.2715 2.7395 3.399 3.6019 11.7636 0.8054 0.0057 6.6728 40.5966 4.1871 32.7036 0.7658 1.2158 425.5423 289.021 289.021 175.7548 12.2387 39.2118 2.0732 3.424 123.3156 327.7828 45.8896 8.3083 87.5988 16.1836 31.7246 5.8753 177.8479 331.1972;
	3.4228 46.2495 4.5555 5.3262 14.7269 1.08 1.3566 2.9 1.2405 0.9484 1.7531 2.6153 3.9373 0.0254 0.2835 0.1068 0.1325 0.1404 8.5352 0.0439 0.4522 2.5199 0.0 0.1567 15.6716 1.698 1.0895 400.3766 389.5271 389.5271 179.1923 24.582 28.4507 0.113 0.0798 166.1982 483.3209 74.0794 0.0 41.9776 56.7559 11.9805 141.3238 219.6653 488.3555;
	2.8113 37.9864 1.7864 7.2203 14.655 19.4134 1.5419 1.0816 3.3886 1.0604 1.9601 2.9241 4.4023 0.081 3.6167 1.3626 1.6906 1.7915 25.1714 0.2736 0.514 45.298 8.4956 0.2674 6.2885 1.4901 0.5697 564.4227 477.4925 477.4925 307.4811 34.2998 83.9047 0.7043 0.2538 203.7301 568.9925 91.7572 0.0 16.8443 10.2328 215.3594 115.2288 222.7965 574.9195;
	3.1706 42.8415 87.1277 16.9222 14.8228 25.746 6.2087 2.2666 2.1977 8.4456 15.6116 23.2894 35.062 7.4904 1.3644 0.514 0.6378 0.6759 9.8229 29.2711 2.0696 60.0741 23.514 0.4551 5.5367 63.3844 0.2815 764.3235 448.8615 448.8615 366.1049 47.6644 32.7431 75.3439 23.4834 191.5142 632.6652 65.7318 3.4012 14.8303 42.4922 285.6093 109.3721 221.8474 639.2554;
	3.1106 42.0305 32.7177 4.9828 14.417 1.6614 20.0775 1.5311 26.3574 20.9899 38.7996 57.8813 87.14 9.32 1.3388 0.5044 0.6258 0.6632 12.7522 15.7724 6.6925 3.8766 50.7204 0.0004 9.4736 51.6702 0.2255 777.9513 467.2179 467.2179 351.0185 47.4035 42.5073 40.5982 29.2196 199.3463 596.539 75.4081 17.6827 25.3757 26.4467 18.4307 106.6383 189.7337 602.753;
