function loadprofile = ex_load_profilesh1
%EX_LOAD_PROFILE  Example load profile data file for stochastic unit commitment.
% 2022.03.12
% Andres F. Ramirez

%% define constants
[CT_LABEL, CT_PROB, CT_TABLE, CT_TBUS, CT_TGEN, CT_TBRCH, CT_TAREABUS, ...
    CT_TAREAGEN, CT_TAREABRCH, CT_ROW, CT_COL, CT_CHGTYPE, CT_REP, ...
    CT_REL, CT_ADD, CT_NEWVAL, CT_TLOAD, CT_TAREALOAD, CT_LOAD_ALL_PQ, ...
    CT_LOAD_FIX_PQ, CT_LOAD_DIS_PQ, CT_LOAD_ALL_P, CT_LOAD_FIX_P, ...
    CT_LOAD_DIS_P, CT_TGENCOST, CT_TAREAGENCOST, CT_MODCOST_F, ...
    CT_MODCOST_X] = idx_ct;

loadprofile = struct( ...
    'type', 'mpcData', ...
    'table', CT_TAREALOAD, ...
    'rows', [1:11], ...
    'col', CT_LOAD_ALL_P, ...
    'chgtype', 1, ...
    'values', [] );
loadprofile.values(:,1,:) = [
	1595.0962 989.4356 1697.9268 522.6399 870.9109 1170.8035 896.6047 249.0879 525.7237 4540.1748 1690.4763;
	1585.6004 978.5 1676.1 541.4229 880.8 1175.7555 905.5255 258.4703 524.6982 4469.3328 1686.626;
	1560.4457 991.12 1711.3788 520.1517 899.5 1206.8504 909.5888 258.9844 530.9 4494.6488 1746.5996;
	1650.0197 1063.3894 1790.6019 586.0 950.5 1286.8277 981.1238 284.0473 569.8862 4725.2852 1863.3038;
	1816.781 1206.8135 1998.9504 605.3922 1069.9004 1455.6586 1098.0215 326.1 661.7542 5273.9079 2099.1999;
	1890.3948 1272.1004 2084.3677 584.2493 1142.5615 1537.4733 1148.4 335.4 714.6 5773.657 2203.2231;
	1911.7021 1277.681 2092.2601 580.6 1135.2831 1539.6029 1166.3222 331.9136 723.7007 6032.3648 2261.9195;
	1889.7064 1256.2948 2041.5108 566.2805 1095.0758 1501.0531 1140.7059 305.5751 729.2756 6065.5445 2245.6423;
	1935.1 1274.5365 2024.6365 578.6073 1091.811 1509.6477 1131.7555 310.1795 725.129 6270.301 2197.0153;
	1883.4774 1243.0233 1998.6983 568.1501 1032.6222 1494.1153 1146.1146 302.3906 708.2 6339.3047 2117.824;
	1832.5 1202.0734 1879.0743 560.2483 987.5 1418.9528 1094.8847 279.6079 679.858 6072.3816 2027.4082;
	1870.3465 1205.377 1910.8 564.5314 985.4 1405.6512 1050.3557 274.6464 691.4335 5958.8986 1974.5403;
	1856.0109 1200.9692 1892.1587 557.9898 974.0709 1403.0682 1051.0444 274.0567 677.4804 6076.7982 2094.9842;
	1799.4696 1207.3 1916.7 565.3073 985.9629 1429.1441 1058.7062 305.9681 670.0078 5949.3375 2133.7682;
	1792.3 1225.1281 1909.6 581.5052 971.9951 1425.1482 1042.2822 322.4132 673.1403 6095.3241 2242.0037;
	1778.9664 1239.5432 1922.3943 609.992 971.2262 1442.1231 1054.4185 323.2698 672.4905 6090.8945 2303.7216;
	1804.7096 1278.3 1978.2617 601.1941 997.4293 1471.872 1086.9122 360.8102 703.9854 5854.2457 2419.2323;
	1843.4815 1321.0997 2036.1 604.0142 1023.3815 1531.5741 1162.419 371.9493 733.407 5994.2218 2524.3;
	1863.2 1326.6848 2022.1 595.5796 1043.3114 1515.8016 1188.1327 385.2874 731.059 6023.0448 2504.9639;
	1825.3406 1258.6767 1952.8832 595.5879 998.6491 1431.3775 1116.4 352.1 677.1343 5747.5279 2366.4418;
	1773.309 1174.9872 1838.3 570.8 959.9106 1359.6712 1066.7099 326.2 657.0107 5468.3556 2230.6172;
	1712.5814 1080.9949 1711.3918 561.8243 901.2872 1254.7111 1000.0213 284.2213 592.5 5092.3387 2056.5407;
	1579.3498 989.7989 1609.8839 562.8 804.8 1136.2 918.8117 246.8851 538.3017 4757.6238 1836.7443;
	1513.7128 950.9 1572.2354 545.8 786.2473 1107.7459 887.2217 250.3581 515.8961 4583.8273 1768.9748;
];
