function loadprofile = ex_load_profilesh1
%EX_LOAD_PROFILE  Example load profile data file for stochastic unit commitment.
% 2022.03.12
% Andres F. Ramirez

%% define constants
[CT_LABEL, CT_PROB, CT_TABLE, CT_TBUS, CT_TGEN, CT_TBRCH, CT_TAREABUS, ...
    CT_TAREAGEN, CT_TAREABRCH, CT_ROW, CT_COL, CT_CHGTYPE, CT_REP, ...
    CT_REL, CT_ADD, CT_NEWVAL, CT_TLOAD, CT_TAREALOAD, CT_LOAD_ALL_PQ, ...
    CT_LOAD_FIX_PQ, CT_LOAD_DIS_PQ, CT_LOAD_ALL_P, CT_LOAD_FIX_P, ...
    CT_LOAD_DIS_P, CT_TGENCOST, CT_TAREAGENCOST, CT_MODCOST_F, ...
    CT_MODCOST_X] = idx_ct;

loadprofile = struct( ...
    'type', 'mpcData', ...
    'table', CT_TAREALOAD, ...
    'rows', [1:11], ...
    'col', CT_LOAD_ALL_P, ...
    'chgtype', 1, ...
    'values', [] );
loadprofile.values(:,1,:) = [
	1606.4377 988.7359 1682.0145 601.2466 842.5408 1176.0399 941.5375 280.8 545.9279 4598.5248 1765.9255;
	1613.8597 990.6091 1704.1625 609.394 855.7532 1206.0982 957.7 283.3608 542.9728 4556.2324 1761.8824;
	1639.9585 1018.5351 1725.6798 617.3335 869.0919 1237.9747 967.5703 284.7 553.7148 4586.2174 1792.8732;
	1679.9834 1080.4714 1796.6498 630.0 906.3964 1306.9254 1020.6944 300.5302 603.8268 4847.5722 1921.8074;
	1818.5696 1205.441 1942.0504 649.8842 1014.6018 1469.0011 1113.0436 330.3259 683.8076 5366.4403 2167.7153;
	1970.6473 1311.5641 2101.5399 654.9961 1089.7011 1556.8725 1199.1835 370.9949 734.324 5917.264 2330.2798;
	1924.6326 1308.4335 2100.5345 643.0455 1096.9974 1530.8334 1228.9644 375.3713 773.7133 6193.2918 2381.2298;
	1883.3484 1294.1547 2046.1991 631.8957 1046.8 1496.8037 1213.5634 363.2947 760.5516 6410.8094 2377.1084;
	1838.1279 1246.5362 2004.0354 618.2483 1056.8285 1456.5168 1147.8041 346.7 716.0655 6355.9643 2192.1722;
	1850.726 1243.8829 1991.2397 634.3476 1046.7037 1491.3531 1160.7925 353.2 697.1092 6391.4142 2188.7637;
	1811.5073 1247.9 1989.9382 631.8331 1023.0284 1485.1995 1174.0943 353.8 688.323 6500.3006 2230.2992;
	1796.2531 1249.1418 1991.4057 610.8838 1032.7925 1466.4577 1178.9842 346.6 700.7 6572.1839 2309.3496;
	1725.0572 1220.5154 1965.0377 609.0189 1015.2305 1420.7537 1170.1693 341.0 686.4417 6449.0141 2267.872;
	1657.1547 1199.8891 1935.607 611.3296 992.1313 1375.8111 1068.4715 330.2 653.2859 6245.835 2156.9337;
	1712.3742 1202.4799 1913.4929 608.3 998.384 1365.067 1047.3537 328.4496 626.9657 6271.7884 2142.0278;
	1670.4903 1210.1543 1944.3772 595.8348 1037.8 1415.9448 1080.8 348.2435 652.8725 6402.406 2334.5302;
	1739.952 1268.5686 2002.0708 615.0353 1007.0549 1441.8618 1125.2455 351.0019 680.1559 6439.8547 2552.6837;
	1778.4643 1310.5163 2078.6452 621.3061 1041.7332 1495.7321 1156.9117 374.6468 698.3348 6405.2305 2715.0205;
	1777.0701 1301.2722 2085.3787 609.8 1020.1767 1501.9733 1162.2537 369.0 693.7854 6244.0282 2590.7425;
	1714.73 1245.1798 1987.5 611.6287 973.3 1404.5 1092.5461 348.9874 668.3885 5985.0065 2445.5;
	1671.168 1163.9383 1868.1387 608.2861 930.673 1300.1949 1018.0518 335.6 611.4 5696.3485 2271.2728;
	1562.9911 1078.5648 1748.6284 586.8715 858.7978 1216.1488 956.5865 298.7728 575.591 5275.9954 2150.4434;
	1442.1987 978.1166 1612.1 579.0846 817.9827 1176.2655 935.4262 269.9634 524.6928 4853.2958 1880.0373;
	1448.6755 960.9023 1593.0547 574.7519 803.6107 1157.6191 926.5126 274.4216 510.7473 4734.4977 1864.2499;
];
