function loadprofile = ex_load_profilesh1
%EX_LOAD_PROFILE  Example load profile data file for stochastic unit commitment.
% 2022.03.12
% Andres F. Ramirez

%% define constants
[CT_LABEL, CT_PROB, CT_TABLE, CT_TBUS, CT_TGEN, CT_TBRCH, CT_TAREABUS, ...
    CT_TAREAGEN, CT_TAREABRCH, CT_ROW, CT_COL, CT_CHGTYPE, CT_REP, ...
    CT_REL, CT_ADD, CT_NEWVAL, CT_TLOAD, CT_TAREALOAD, CT_LOAD_ALL_PQ, ...
    CT_LOAD_FIX_PQ, CT_LOAD_DIS_PQ, CT_LOAD_ALL_P, CT_LOAD_FIX_P, ...
    CT_LOAD_DIS_P, CT_TGENCOST, CT_TAREAGENCOST, CT_MODCOST_F, ...
    CT_MODCOST_X] = idx_ct;

loadprofile = struct( ...
    'type', 'mpcData', ...
    'table', CT_TAREALOAD, ...
    'rows', [1:11], ...
    'col', CT_LOAD_ALL_P, ...
    'chgtype', 1, ...
    'values', [] );
loadprofile.values(:,1,:) = [
	1555.6919 999.765 1648.4802 592.2 852.7 1176.9 872.9287 290.0 529.1323 4064.7937 1669.2614;
	1565.1365 1015.4204 1637.5326 603.6 857.9 1162.3508 867.5409 290.5626 516.9609 4088.2726 1653.5819;
	1562.1105 1022.143 1662.3376 591.031 867.0386 1161.4168 887.9492 294.7294 510.5793 3931.9604 1648.1452;
	1653.4 1085.4106 1746.7 603.981 898.1578 1218.0158 917.8054 309.401 527.3249 4320.0527 1698.0406;
	1805.8 1232.3967 1945.4 622.7749 1024.5123 1393.7 1056.4088 371.2565 612.4997 4973.7218 2053.3607;
	1875.104 1331.9798 2068.1071 636.7377 1112.4954 1500.3745 1106.2914 408.9783 688.6259 5690.6292 2254.3139;
	1865.1988 1313.1432 2033.0751 636.763 1097.1516 1491.7761 1124.5205 398.7385 724.6505 6005.3915 2285.8394;
	1928.7755 1308.7838 2010.571 625.5318 1094.9926 1458.4831 1117.952 406.3444 725.9 6264.3329 2237.7087;
	1909.1146 1309.638 1984.3431 606.7 1062.7 1439.9184 1080.619 381.4981 740.3486 6350.1342 2190.7724;
	1858.4066 1277.6195 1936.5 595.8963 1054.3026 1389.1137 1066.0167 355.8 708.0422 6312.2013 2098.398;
	1816.6595 1261.3511 1892.1324 588.4924 1015.62 1346.1 1069.7507 355.2578 707.709 6305.5594 1992.7103;
	1762.2516 1232.9825 1858.4856 598.5619 988.2 1347.1 1034.2532 333.3418 700.9067 6217.7339 1976.5924;
	1731.0751 1175.0025 1799.7958 594.8501 949.4536 1306.6459 992.8284 315.8429 676.955 6009.9884 1867.7736;
	1770.0944 1174.1 1764.8877 609.7519 935.302 1258.8 1009.3472 334.3874 670.0 6167.0319 1969.2856;
	1762.3086 1207.1256 1817.8 605.2227 1006.628 1341.1 1057.8 339.3591 675.466 6266.1548 2100.7591;
	1727.5716 1204.5 1822.7427 605.7475 995.8463 1387.0755 1057.1138 355.0823 674.7 6253.9185 2203.8614;
	1771.6078 1213.8448 1883.8134 599.6171 1047.1738 1419.8214 1098.5595 364.4 689.1 6140.9752 2310.2435;
	1815.7433 1251.9294 1948.0957 610.293 1050.2391 1458.599 1166.2 361.3264 731.6 6262.1164 2499.179;
	1845.5257 1268.634 1950.8453 608.7 1041.0305 1440.7357 1147.4045 363.0568 740.3 6197.531 2513.1;
	1814.681 1213.5325 1855.7681 594.0 994.2274 1380.8131 1102.3184 344.7 724.5953 6025.392 2378.4588;
	1747.5194 1134.1135 1729.3707 556.0723 901.0409 1280.4632 1051.5865 325.5371 671.2477 5745.0723 2183.379;
	1623.2 1032.9 1622.7714 536.6 891.6316 1179.6223 997.6607 295.0 616.8127 5313.6937 2013.5269;
	1581.3878 999.7746 1579.188 518.0409 849.2 1134.3109 925.3855 283.9 548.0005 4770.8771 1827.8294;
	1565.9227 967.195 1586.7058 537.3554 805.0 1095.1 879.6236 261.6605 545.6181 4603.4728 1771.1237;
];
