function loadprofile = ex_load_profilesh1
%EX_LOAD_PROFILE  Example load profile data file for stochastic unit commitment.
% 2022.03.12
% Andres F. Ramirez

%% define constants
[CT_LABEL, CT_PROB, CT_TABLE, CT_TBUS, CT_TGEN, CT_TBRCH, CT_TAREABUS, ...
    CT_TAREAGEN, CT_TAREABRCH, CT_ROW, CT_COL, CT_CHGTYPE, CT_REP, ...
    CT_REL, CT_ADD, CT_NEWVAL, CT_TLOAD, CT_TAREALOAD, CT_LOAD_ALL_PQ, ...
    CT_LOAD_FIX_PQ, CT_LOAD_DIS_PQ, CT_LOAD_ALL_P, CT_LOAD_FIX_P, ...
    CT_LOAD_DIS_P, CT_TGENCOST, CT_TAREAGENCOST, CT_MODCOST_F, ...
    CT_MODCOST_X] = idx_ct;

loadprofile = struct( ...
    'type', 'mpcData', ...
    'table', CT_TAREALOAD, ...
    'rows', [1:11], ...
    'col', CT_LOAD_ALL_P, ...
    'chgtype', 1, ...
    'values', [] );
loadprofile.values(:,1,:) = [
	1485.2345 981.7603 1752.6 601.4288 919.5978 1275.3917 931.84 289.7506 552.2949 4779.2003 1770.0262;
	1510.8586 982.0 1722.0487 591.6 896.2128 1277.2933 921.6581 267.7 544.3989 4738.7512 1775.9206;
	1545.5205 1003.9922 1761.0498 602.2065 933.1697 1323.0623 949.3396 283.1 555.8703 4836.7553 1815.2587;
	1606.0943 1090.5982 1859.557 620.0 979.7628 1396.5411 1011.9129 327.2565 593.7 5117.3213 1904.2642;
	1726.7985 1198.0 2002.0516 644.3355 1083.9486 1579.1864 1131.7977 354.5517 687.9854 5593.4335 2141.4066;
	1805.0003 1280.0715 2099.1105 658.954 1119.4808 1617.91 1200.6577 375.6171 744.1213 6242.3507 2259.4755;
	1792.0241 1289.7395 2071.7753 653.1292 1134.4241 1621.5754 1215.9281 378.7029 730.7589 6516.5798 2302.6963;
	1778.0566 1283.9611 2028.0 639.5474 1108.9725 1578.5306 1192.3972 352.7019 710.2335 6451.6212 2218.1964;
	1792.9308 1302.7995 2014.2971 623.997 1094.9101 1580.7787 1265.1117 335.7685 720.6154 6527.8861 2233.0061;
	1819.6266 1327.2096 2016.0741 624.4189 1099.7679 1573.3183 1210.6351 345.5763 699.4 6510.0762 2146.9376;
	1738.0905 1264.4401 1928.2703 609.1135 1085.0814 1532.7054 1163.7007 346.0 666.3243 6421.5303 2043.9983;
	1740.5816 1233.4244 1904.4093 613.0642 1086.0313 1477.1959 1166.0 338.5618 678.5448 6393.8601 1985.6361;
	1732.8664 1212.404 1861.2613 604.1568 1048.045 1473.9185 1199.8553 325.0806 661.551 6353.9 2008.8628;
	1699.7362 1195.9557 1851.4683 601.3196 1042.7743 1438.222 1229.6868 327.5492 655.3785 6341.4074 2065.5828;
	1694.492 1198.4734 1868.4875 591.1458 1047.8109 1448.3339 1160.8515 332.5 660.5908 6350.4544 2171.2959;
	1672.068 1239.7877 1908.7561 600.2863 1061.6558 1485.8792 1152.4618 348.8 674.7 6418.5013 2317.8855;
	1699.8111 1234.5582 1903.089 600.1026 1057.5465 1530.2375 1177.4236 375.8391 709.993 6403.4713 2493.7633;
	1742.9999 1251.3 1999.7959 615.1142 1118.1171 1593.7 1166.1033 386.0438 738.3 6355.4147 2542.6149;
	1725.0355 1275.5434 2023.568 614.4 1123.0364 1602.4165 1185.7727 389.2461 751.7849 6400.1828 2527.9703;
	1702.3202 1210.3877 1912.385 609.4955 1039.3239 1474.605 1124.2185 362.7 741.2212 6196.6892 2390.8686;
	1565.1445 1106.2445 1758.7903 576.8 949.1793 1368.1383 1058.6791 322.4221 708.5247 5866.4366 2240.1;
	1489.7812 1030.6 1650.8423 557.8 889.1274 1245.2 987.6 295.9869 647.2488 5358.042 2034.7147;
	1385.9872 969.1466 1644.9354 561.6711 886.0212 1161.6811 944.8043 285.1731 560.3566 5298.6795 1854.041;
	1351.6302 908.6 1622.8203 547.699 842.5014 1139.8151 903.1406 260.1359 546.0218 4934.8394 1771.6519;
];
