function windprofile = ex_wind_profilesh1
%EX_WIND_PROFILE_D  Example wind_load_nyiso profile data for deterministic unit commitment.
% 2022.03.12
% Andres F. Ramirez


%% define constants
[GEN_BUS, PG, QG, QMAX, QMIN, VG, MBASE, GEN_STATUS, PMAX, PMIN, ...
    MU_PMAX, MU_PMIN, MU_QMAX, MU_QMIN, PC1, PC2, QC1MIN, QC1MAX, ...
    QC2MIN, QC2MAX, RAMP_AGC, RAMP_10, RAMP_30, RAMP_Q, APF] = idx_gen;
[CT_LABEL, CT_PROB, CT_TABLE, CT_TBUS, CT_TGEN, CT_TBRCH, CT_TAREABUS, ...
    CT_TAREAGEN, CT_TAREABRCH, CT_ROW, CT_COL, CT_CHGTYPE, CT_REP, ...
    CT_REL, CT_ADD, CT_NEWVAL, CT_TLOAD, CT_TAREALOAD, CT_LOAD_ALL_PQ, ...
    CT_LOAD_FIX_PQ, CT_LOAD_DIS_PQ, CT_LOAD_ALL_P, CT_LOAD_FIX_P, ...
    CT_LOAD_DIS_P, CT_TGENCOST, CT_TAREAGENCOST, CT_MODCOST_F, ...
    CT_MODCOST_X] = idx_ct;

windprofile = struct( ...
    'type', 'mpcData', ...
    'table', CT_TGEN, ...
    'rows', [1:45], ...
    'col', PMAX, ...
    'chgtype', 1, ...
    'values', [] );
windprofile.values(:,1,:) = [
	0.8889 12.0114 57.0603 69.6012 7.9598 27.5927 9.4196 8.6848 13.8909 19.872 36.7332 54.7986 82.499 27.779 145.9886 55.0004 68.2412 72.3153 78.1768 68.5456 3.1399 64.383 69.2331 72.7198 53.3454 51.4569 4.5688 187.5518 332.3986 332.3986 234.6992 46.4748 260.5892 176.4366 87.0911 141.8234 404.3689 86.6293 33.3847 142.8895 67.9557 306.0951 156.2867 72.64 408.5811;
	0.8756 11.8316 56.7703 70.999 6.3563 21.6712 11.53 11.8793 11.7426 12.7331 23.5369 35.1124 52.8615 21.156 119.8623 45.1574 56.0287 59.3737 70.9247 68.3792 3.8433 50.5661 36.7691 75.7102 56.5816 53.947 6.7085 77.1701 229.2706 229.2706 164.8459 30.3301 236.4157 176.0083 66.327 97.8221 296.1621 92.8468 70.1739 151.5579 86.1621 240.4057 135.2794 94.4733 299.2472;
	0.4001 5.4065 61.494 71.3318 4.9291 19.6114 6.9808 11.6399 7.3471 11.229 20.7567 30.9649 46.6175 36.4598 73.7157 27.772 34.4578 36.515 60.8366 66.6946 2.3269 45.7598 31.3469 75.4375 57.3552 55.5934 6.5027 8.8451 36.5745 36.5745 67.2881 15.8496 202.7886 171.6722 114.3063 15.6051 165.3533 14.011 59.0959 153.6301 74.2525 217.5553 99.8257 103.6704 167.0757;
	0.4625 6.25 68.6583 78.1313 7.2249 12.4381 16.2365 13.7712 14.3694 16.7304 30.9259 46.1354 69.4566 46.7036 82.9616 31.2553 38.7797 41.0949 43.5897 66.0294 5.4122 29.0223 51.3444 80.9184 66.5394 67.5582 7.9657 13.1561 19.2196 19.2196 42.1134 18.5711 145.2989 169.96 146.422 8.2004 19.3369 11.3417 100.2034 178.2306 75.5457 137.9805 80.212 142.4986 19.5383;
	0.5936 8.0214 81.034 81.6278 8.3598 19.3133 20.649 14.9832 26.9585 16.9182 31.273 46.6531 70.236 55.4948 121.3479 45.7171 56.7231 60.1096 55.5759 68.5943 6.883 45.0644 54.8024 82.3124 83.9591 72.6344 9.2909 36.4405 50.0806 50.0806 81.7458 9.34 185.2529 176.5619 173.9838 21.3677 63.3484 5.4631 144.7854 224.8905 72.9555 214.249 38.3675 154.3636 64.0083;
	0.544 7.3503 81.1871 67.1997 7.6798 5.4773 19.8929 13.7117 26.9327 10.1459 18.7545 27.978 42.1207 66.1287 142.2748 53.6012 66.5052 70.4757 77.9374 68.3755 6.631 12.7804 38.1627 81.7514 65.4191 72.8936 9.084 22.8301 88.6661 88.6661 107.7658 7.1514 259.7914 175.9986 207.3224 37.8309 69.1196 5.9768 132.15 175.2297 57.3659 60.7617 27.0037 148.1638 69.8395;
	0.5207 7.0361 59.7257 42.7863 8.2257 4.1619 4.4262 8.6545 4.9605 7.7127 14.2568 21.2683 32.0193 52.5837 124.1164 46.7601 58.0172 61.4809 60.0486 69.9357 1.4754 9.7112 25.2923 59.5618 39.8955 65.7313 4.6404 0.0 17.1122 17.1122 3.7038 0.0 200.162 180.0148 164.857 7.3012 3.2134 2.6558 40.5654 106.863 27.1864 46.1697 35.0391 148.3203 3.2469;
	0.4896 6.6152 35.5469 28.3525 3.1557 2.9616 5.0678 7.1194 2.4464 4.6903 8.6699 12.9338 19.4718 13.3226 60.2531 22.7 28.1648 29.8463 13.6978 48.553 1.6893 6.9105 12.2579 38.7859 36.0714 61.222 4.7091 0.0 0.021 0.021 0.062 0.0748 45.6594 124.9755 41.7682 0.009 4.7525 0.2598 6.7353 96.6199 10.0679 32.8544 12.0694 108.0611 4.802;
	0.598 8.0803 29.8474 27.5084 3.2707 0.0782 15.375 5.659 16.0911 1.2698 2.3472 3.5016 5.2716 5.7114 13.0105 4.9016 6.0817 6.4447 0.0581 11.4956 5.125 0.1824 5.7631 37.1649 29.6072 54.4823 4.3569 0.0 0.0004 0.0004 0.1339 1.9825 0.1938 29.5897 17.9061 0.0002 0.0854 0.1066 31.1543 79.305 1.1684 0.8673 2.2223 78.6713 0.0863;
	0.5716 7.7232 30.6206 24.4531 6.9743 0.1251 5.3166 4.4004 2.1228 0.0 0.0 0.0 0.0 8.8506 5.733 2.1599 2.6798 2.8398 0.0532 3.089 1.7722 0.2919 7.7324 37.7023 28.7687 48.8167 3.0658 13.9078 14.661 14.661 0.0638 0.5198 0.1774 7.9512 27.7477 6.2553 0.0 0.1338 4.7243 77.059 0.9871 1.3876 46.7548 85.5014 0.0;
	0.8033 10.8543 35.498 0.0 10.2522 0.0 0.8285 2.7786 0.0 0.0084 0.0156 0.0232 0.035 11.233 0.0 0.0 0.0 0.0 0.0 2.4797 0.2762 0.0 20.0489 40.8346 39.5105 48.6779 1.2272 38.9848 47.092 47.092 1.2013 0.5583 0.0 6.3828 35.2171 20.0926 45.9246 1.4724 1.5265 105.8318 0.0793 0.0 0.0 86.085 46.403;
	1.5859 21.4292 60.7114 0.0044 13.3006 0.0026 0.6721 0.0093 0.0 0.0136 0.0252 0.0375 0.0565 10.4237 0.0 0.0 0.0 0.0 0.0 2.856 0.224 0.0061 44.4353 58.5569 0.7496 49.1849 0.0043 129.4016 99.1346 99.1346 18.1677 2.1177 0.0 7.3514 32.6797 42.2974 109.1444 1.7539 0.0 2.0078 5.028 0.0291 0.4062 124.3626 110.2814;
	2.2812 30.8234 79.2704 2.3486 14.0482 0.0 1.3368 0.1963 0.4401 22.5757 41.7309 62.2543 93.7235 3.7123 0.0 0.0 0.0 0.0 0.0 1.7255 0.4456 0.0 30.5363 67.9732 64.3394 55.3211 0.1929 215.4435 167.7318 167.7318 33.6397 2.7968 0.0 4.4414 11.6386 71.5656 168.9471 0.5306 3.6719 172.3377 0.0609 0.0 96.9916 173.381 170.7069;
	1.9057 25.7499 0.4193 1.1895 13.6779 18.6133 3.7568 0.4531 0.0 0.0001 0.0002 0.0003 0.0004 1.149 0.0 0.0 0.0 0.0 0.0 1.8222 1.2523 43.4311 43.0855 49.4199 9.5284 35.1755 1.1029 186.7169 212.9262 212.9262 13.3849 2.5511 0.0 4.6903 3.6021 90.8485 182.1969 7.0835 45.8021 25.5226 5.3403 206.484 81.1276 137.9675 184.0948;
	2.2592 30.527 3.9209 13.8688 9.1905 1.0402 6.0544 2.724 0.2173 1.8993 3.5109 5.2376 7.8851 2.7759 0.0 0.0 0.0 0.0 0.0 0.0083 2.0181 2.4271 29.9949 46.0281 12.822 7.6182 0.5578 256.6014 271.7944 271.7944 99.9265 4.0925 0.0 0.0212 8.7028 115.9656 258.018 11.5169 63.6889 34.3446 24.6733 11.5392 84.6698 115.653 260.7057;
	3.1153 42.0951 83.6304 28.5747 13.099 3.9233 5.2403 1.3111 1.1724 0.0085 0.0156 0.0233 0.0351 2.3308 0.0 0.0 0.0 0.0 0.0 0.0 1.7468 9.1544 41.3104 3.2205 6.8254 2.2171 1.7284 360.9793 309.4916 309.4916 181.967 6.7226 0.0 0.0 7.3073 132.0497 315.4457 38.9193 75.052 18.2822 20.7841 43.5227 5.4364 180.2247 318.7316;
	3.3508 45.2761 0.496 5.6909 14.0034 9.5317 8.256 0.0438 1.7685 0.5707 1.055 1.5739 2.3695 1.8665 0.0 0.0 0.0 0.0 0.0 0.0 2.752 22.2407 0.2734 0.0 0.0 0.0 0.6236 370.3288 406.269 406.269 194.2318 20.6094 0.0 0.0 5.8518 173.3414 469.1517 71.9046 75.1291 0.0 20.6974 105.7385 139.1471 204.3027 474.0387;
	2.5015 33.8005 4.529 1.0899 14.0787 18.5143 1.2361 0.0289 0.0 3.2372 5.9839 8.9268 13.4393 4.2159 0.0 0.0 0.0 0.0 0.0 0.0 0.412 43.2001 14.4088 0.4362 0.0174 0.0 0.0086 543.0717 498.7128 498.7128 339.4821 30.804 0.0 0.0 13.2173 212.7841 571.4848 98.0647 47.9895 0.0467 0.4864 205.3857 106.9833 202.5415 577.4378;
	2.8075 37.9355 83.7298 0.0412 14.3966 23.2098 0.0 0.0447 0.0918 8.2492 15.2486 22.7479 34.2468 6.2436 1.9255 0.7254 0.9001 0.9538 0.0 37.361 0.0 54.1561 27.6209 1.6552 0.0335 53.0316 0.0251 704.0774 444.2414 444.2414 372.5538 41.7722 0.0 96.1674 19.5747 189.543 622.9381 74.5746 24.8605 0.0898 0.0437 257.4737 99.3392 185.8725 629.4271;
	2.857 38.6042 5.8507 5.4669 14.6087 0.0 16.245 0.0002 25.653 20.2439 37.4206 55.8242 84.0431 3.3114 0.023 0.0087 0.0108 0.0114 0.0 13.5248 5.415 0.0 55.3797 11.3749 0.008 45.7322 0.0027 635.7772 425.9236 425.9236 334.3657 41.5902 0.0 34.8128 10.3816 181.7274 550.9737 74.0394 8.9837 0.0215 0.3813 0.0 99.1852 171.7477 556.713;
	3.2999 44.5887 89.4397 35.3878 15.0127 0.0013 0.0 0.4382 26.5784 21.7535 40.211 59.9869 90.3099 8.1534 15.4663 5.8268 7.2296 7.6612 0.0 16.4213 0.0 0.003 68.2569 87.3397 14.5972 58.6147 0.2815 635.5143 389.687 389.687 246.2132 53.9527 0.0 42.2684 25.5619 166.2664 579.7242 77.697 121.7394 39.0996 3.8522 0.0141 102.9009 186.3657 585.763;
