function loadprofile = ex_load_profilesh1
%EX_LOAD_PROFILE  Example load profile data file for stochastic unit commitment.
% 2022.03.12
% Andres F. Ramirez

%% define constants
[CT_LABEL, CT_PROB, CT_TABLE, CT_TBUS, CT_TGEN, CT_TBRCH, CT_TAREABUS, ...
    CT_TAREAGEN, CT_TAREABRCH, CT_ROW, CT_COL, CT_CHGTYPE, CT_REP, ...
    CT_REL, CT_ADD, CT_NEWVAL, CT_TLOAD, CT_TAREALOAD, CT_LOAD_ALL_PQ, ...
    CT_LOAD_FIX_PQ, CT_LOAD_DIS_PQ, CT_LOAD_ALL_P, CT_LOAD_FIX_P, ...
    CT_LOAD_DIS_P, CT_TGENCOST, CT_TAREAGENCOST, CT_MODCOST_F, ...
    CT_MODCOST_X] = idx_ct;

loadprofile = struct( ...
    'type', 'mpcData', ...
    'table', CT_TAREALOAD, ...
    'rows', [1:11], ...
    'col', CT_LOAD_ALL_P, ...
    'chgtype', 1, ...
    'values', [] );
loadprofile.values(:,1,:) = [
	1603.7 1006.8 1712.6783 612.5804 845.5743 1183.1542 892.6114 299.5008 538.2 4705.1684 1766.213;
	1610.502 1008.3243 1712.5971 618.9814 851.815 1177.4559 898.9783 298.3552 541.9171 4706.2407 1764.463;
	1609.6 1022.3 1715.2508 611.8678 863.4907 1198.7469 887.1764 294.8351 549.2711 4659.8811 1752.3507;
	1669.4419 1070.2411 1794.4835 626.5959 891.9539 1274.3898 932.5382 305.0685 576.1652 4860.2455 1838.9844;
	1806.6498 1206.8338 2033.2149 639.5514 1026.5048 1435.4582 1046.8121 346.3722 655.8295 5409.293 2113.4909;
	1879.0 1285.6292 2142.8547 637.4284 1084.0282 1542.9428 1127.3022 384.2 756.8773 6032.4771 2305.9604;
	1901.1695 1287.0595 2133.4218 623.4452 1067.3312 1497.8396 1125.2067 388.9181 769.2427 6408.8123 2356.8789;
	1869.4679 1296.359 2171.5111 619.3852 1031.7297 1491.6238 1116.1388 386.6291 745.9507 6720.5609 2390.7594;
	1838.8793 1279.8102 2144.3115 612.4242 1013.2966 1453.6715 1084.6853 384.6108 731.2 6565.9147 2272.6661;
	1839.9276 1250.6974 2083.7892 589.402 976.7889 1384.6847 1037.4409 359.462 693.2 6547.7461 2174.9379;
	1792.9073 1227.76 2010.0796 586.7922 939.0 1335.7258 962.3924 345.8 706.9666 6413.5833 2153.1507;
	1810.4344 1219.7171 2015.4731 592.4179 947.8198 1289.3507 977.3268 379.7337 698.2026 6502.9821 2229.1698;
	1794.2617 1168.6138 1954.8837 603.2958 919.6379 1280.538 969.4904 362.6029 690.6134 6411.8409 2126.0552;
	1791.1298 1166.7554 1915.9936 595.2364 908.3321 1250.5235 981.1197 360.1 679.7116 6288.5052 2101.3669;
	1795.2 1156.8482 1924.4628 595.6914 963.147 1291.2166 994.9647 379.1 679.5682 6245.161 2130.5278;
	1805.8399 1164.1 1921.9072 593.1 981.1381 1321.3741 1010.8812 371.986 628.902 6149.4377 2169.0131;
	1768.4802 1168.3989 1895.0822 612.2718 994.3235 1386.3508 1043.0872 380.6296 667.543 6234.3832 2276.0153;
	1817.6069 1239.0 2027.3362 620.4564 1044.5465 1490.2616 1117.2171 391.5 706.5139 6328.1051 2409.6756;
	1836.1377 1235.0534 1980.9926 612.6 1020.5279 1454.6459 1082.7541 394.1049 689.4129 6125.4452 2357.1408;
	1747.1558 1158.4324 1855.0875 608.97 952.4822 1385.0541 1032.4439 364.5469 651.0702 5904.6128 2227.2226;
	1716.9115 1074.9399 1748.8426 584.2264 895.2225 1295.2687 968.6382 338.8584 609.2447 5553.3589 1952.6946;
	1600.3058 1001.7 1624.3 564.6824 842.4866 1212.3429 886.9502 312.9 550.7815 5196.9 1761.0653;
	1553.4 1002.0392 1609.0036 545.335 817.4589 1138.9413 862.3753 296.4 521.9 4879.9827 1765.8369;
	1569.2213 975.0904 1599.5607 559.2 799.3851 1092.3046 848.0719 291.2 522.5 4677.1039 1733.9238;
];
