function solarprofile = ex_solar_profilesh1
%EX_WIND_PROFILE_D  Example wind_load_nyiso profile data for deterministic unit commitment.
% 2022.03.12
% Andres F. Ramirez


%% define constants
[GEN_BUS, PG, QG, QMAX, QMIN, VG, MBASE, GEN_STATUS, PMAX, PMIN, ...
    MU_PMAX, MU_PMIN, MU_QMAX, MU_QMIN, PC1, PC2, QC1MIN, QC1MAX, ...
    QC2MIN, QC2MAX, RAMP_AGC, RAMP_10, RAMP_30, RAMP_Q, APF] = idx_gen;
[CT_LABEL, CT_PROB, CT_TABLE, CT_TBUS, CT_TGEN, CT_TBRCH, CT_TAREABUS, ...
    CT_TAREAGEN, CT_TAREABRCH, CT_ROW, CT_COL, CT_CHGTYPE, CT_REP, ...
    CT_REL, CT_ADD, CT_NEWVAL, CT_TLOAD, CT_TAREALOAD, CT_LOAD_ALL_PQ, ...
    CT_LOAD_FIX_PQ, CT_LOAD_DIS_PQ, CT_LOAD_ALL_P, CT_LOAD_FIX_P, ...
    CT_LOAD_DIS_P, CT_TGENCOST, CT_TAREAGENCOST, CT_MODCOST_F, ...
    CT_MODCOST_X] = idx_ct;

solarprofile = struct( ...
    'type', 'mpcData', ...
    'table', CT_TGEN, ...
    'rows', [1:12], ...
    'col', PMAX, ...
    'chgtype', 1, ...
    'values', [] );
solarprofile.values(:,1,:) = [
	0.0 0.0 0.0 0.0 0.0 0.0 0.0 0.0 0.0 0.0 0.0 0.0;
	0.0 0.0 0.0 0.0 0.0 0.0 0.0 0.0 0.0 0.0 0.0 0.0;
	0.0 0.0 0.0 0.0 0.0 0.0 0.0 0.0 0.0 0.0 0.0 0.0;
	0.0 0.0 0.0 0.0 0.0 0.0 0.0 0.0 0.0 0.0 0.0 0.0;
	0.0 0.0 0.0 0.0 0.0 0.0 0.0 0.0 0.0 0.0 0.0 0.0;
	0.5095 0.4323 0.4507 0.0 0.0 0.0 0.0 0.4806 0.1256 0.0 0.0 0.0;
	4.9348 6.9203 4.9936 1.2658 3.836 92.331 11.5414 48.9796 80.8849 15.8791 5.6161 28.7571;
	12.0407 13.6068 11.2919 1.1096 5.2601 298.6909 37.3364 65.196 171.2599 30.9694 4.4708 56.0858;
	21.8981 16.6083 13.8 2.1577 7.714 337.1906 42.1488 69.1662 223.4672 47.197 10.6591 85.474;
	24.9165 16.3863 13.6408 4.7366 8.3755 291.2535 36.4067 62.4779 203.7222 77.6733 32.7288 140.6668;
	25.33 16.4369 13.7627 4.7916 8.6587 322.3288 40.2911 62.891 250.4526 71.6091 36.5867 129.6844;
	25.0771 16.3954 13.6947 3.0995 7.5146 338.6243 42.328 58.4209 268.2012 58.1504 30.4054 105.3107;
	14.1649 11.404 10.4565 2.8759 5.5676 237.763 29.7204 25.7808 241.3035 62.3689 19.6082 112.9505;
	13.5702 10.5554 9.9859 3.7689 4.2632 257.8562 32.232 27.6504 211.0859 68.4273 17.1914 123.9222;
	9.3641 7.0725 6.6414 4.2606 3.4371 256.2028 32.0253 40.6067 182.3383 59.901 12.9363 108.481;
	3.419 2.4322 2.043 3.9788 0.2757 181.034 22.6293 44.9211 82.0785 15.5334 0.853 28.1312;
	0.5145 0.3877 0.321 0.607 0.1767 32.8167 4.1021 5.5411 15.5062 6.5045 1.5664 11.7796;
	0.0 0.0 0.0 0.0 0.0 0.0 0.0 0.0 0.0 0.0 0.0 0.0;
	0.0 0.0 0.0 0.0 0.0 0.0 0.0 0.0 0.0 0.0 0.0 0.0;
	0.0 0.0 0.0 0.0 0.0 0.0 0.0 0.0 0.0 0.0 0.0 0.0;
	0.0 0.0 0.0 0.0 0.0 0.0 0.0 0.0 0.0 0.0 0.0 0.0;
	0.0 0.0 0.0 0.0 0.0 0.0 0.0 0.0 0.0 0.0 0.0 0.0;
	0.0 0.0 0.0 0.0 0.0 0.0 0.0 0.0 0.0 0.0 0.0 0.0;
	0.0 0.0 0.0 0.0 0.0 0.0 0.0 0.0 0.0 0.0 0.0 0.0;
];
