function solarprofile = ex_solar_profilesh1
%EX_WIND_PROFILE_D  Example wind_load_nyiso profile data for deterministic unit commitment.
% 2022.03.12
% Andres F. Ramirez


%% define constants
[GEN_BUS, PG, QG, QMAX, QMIN, VG, MBASE, GEN_STATUS, PMAX, PMIN, ...
    MU_PMAX, MU_PMIN, MU_QMAX, MU_QMIN, PC1, PC2, QC1MIN, QC1MAX, ...
    QC2MIN, QC2MAX, RAMP_AGC, RAMP_10, RAMP_30, RAMP_Q, APF] = idx_gen;
[CT_LABEL, CT_PROB, CT_TABLE, CT_TBUS, CT_TGEN, CT_TBRCH, CT_TAREABUS, ...
    CT_TAREAGEN, CT_TAREABRCH, CT_ROW, CT_COL, CT_CHGTYPE, CT_REP, ...
    CT_REL, CT_ADD, CT_NEWVAL, CT_TLOAD, CT_TAREALOAD, CT_LOAD_ALL_PQ, ...
    CT_LOAD_FIX_PQ, CT_LOAD_DIS_PQ, CT_LOAD_ALL_P, CT_LOAD_FIX_P, ...
    CT_LOAD_DIS_P, CT_TGENCOST, CT_TAREAGENCOST, CT_MODCOST_F, ...
    CT_MODCOST_X] = idx_ct;

solarprofile = struct( ...
    'type', 'mpcData', ...
    'table', CT_TGEN, ...
    'rows', [1:12], ...
    'col', PMAX, ...
    'chgtype', 1, ...
    'values', [] );
solarprofile.values(:,1,:) = [
	0.0 0.0 0.0 0.0 0.0 0.0 0.0 0.0 0.0 0.0 0.0 0.0;
	0.0 0.0 0.0 0.0 0.0 0.0 0.0 0.0 0.0 0.0 0.0 0.0;
	0.0 0.0 0.0 0.0 0.0 0.0 0.0 0.0 0.0 0.0 0.0 0.0;
	0.0 0.0 0.0 0.0 0.0 0.0 0.0 0.0 0.0 0.0 0.0 0.0;
	0.0 0.0 0.0 0.0 0.0 0.0 0.0 0.0 0.0 0.0 0.0 0.0;
	0.481 0.413 0.4241 0.0 0.0 1.1111 0.1389 0.2264 0.0 0.0 0.0 0.0;
	9.2019 6.7923 5.113 2.3561 4.3301 198.3624 24.7953 12.2321 32.5022 3.9039 8.4348 7.0701;
	17.9401 10.1632 6.6959 5.8757 9.4707 421.9152 52.7394 60.0471 217.242 4.539 18.813 8.2202;
	21.5339 13.2224 9.5441 8.1241 10.2696 443.6166 55.4521 69.7832 263.2846 15.7915 24.7518 28.5984;
	11.7992 5.893 1.9568 6.2439 5.5977 318.2719 39.784 45.1406 191.81 23.5277 15.6822 42.6088;
	20.5038 13.9352 6.263 7.0197 4.6381 287.4121 35.9265 36.4605 158.3045 28.808 12.6403 52.1715;
	25.0771 16.3954 10.8647 7.844 4.708 265.5885 33.1986 39.2679 127.2256 28.2643 11.5553 51.1868;
	15.0244 10.8764 4.152 9.1532 5.445 131.9627 16.4953 28.6167 80.7112 5.9455 11.8314 10.7673;
	9.7381 7.0798 1.5644 8.8361 5.4172 122.5203 15.315 29.7134 87.2154 4.5379 13.6181 8.2182;
	3.7912 3.9775 0.7845 7.8966 4.742 87.2292 10.9036 23.4448 57.0171 0.9347 12.9348 1.6928;
	0.8559 1.2945 0.3914 5.004 0.9405 7.1846 0.8981 4.5939 0.0 0.0 3.2681 0.0;
	0.6227 0.6509 0.3513 0.9853 0.8633 5.6072 0.7009 1.4108 2.2574 5.1848 3.4777 9.3897;
	0.0 0.0 0.0 0.0 0.0 0.0 0.0 0.0 0.0 0.0 0.0 0.0;
	0.0 0.0 0.0 0.0 0.0 0.0 0.0 0.0 0.0 0.0 0.0 0.0;
	0.0 0.0 0.0 0.0 0.0 0.0 0.0 0.0 0.0 0.0 0.0 0.0;
	0.0 0.0 0.0 0.0 0.0 0.0 0.0 0.0 0.0 0.0 0.0 0.0;
	0.0 0.0 0.0 0.0 0.0 0.0 0.0 0.0 0.0 0.0 0.0 0.0;
	0.0 0.0 0.0 0.0 0.0 0.0 0.0 0.0 0.0 0.0 0.0 0.0;
	0.0 0.0 0.0 0.0 0.0 0.0 0.0 0.0 0.0 0.0 0.0 0.0;
];
