function windprofile = ex_wind_profilesh1
%EX_WIND_PROFILE_D  Example wind_load_nyiso profile data for deterministic unit commitment.
% 2022.03.12
% Andres F. Ramirez


%% define constants
[GEN_BUS, PG, QG, QMAX, QMIN, VG, MBASE, GEN_STATUS, PMAX, PMIN, ...
    MU_PMAX, MU_PMIN, MU_QMAX, MU_QMIN, PC1, PC2, QC1MIN, QC1MAX, ...
    QC2MIN, QC2MAX, RAMP_AGC, RAMP_10, RAMP_30, RAMP_Q, APF] = idx_gen;
[CT_LABEL, CT_PROB, CT_TABLE, CT_TBUS, CT_TGEN, CT_TBRCH, CT_TAREABUS, ...
    CT_TAREAGEN, CT_TAREABRCH, CT_ROW, CT_COL, CT_CHGTYPE, CT_REP, ...
    CT_REL, CT_ADD, CT_NEWVAL, CT_TLOAD, CT_TAREALOAD, CT_LOAD_ALL_PQ, ...
    CT_LOAD_FIX_PQ, CT_LOAD_DIS_PQ, CT_LOAD_ALL_P, CT_LOAD_FIX_P, ...
    CT_LOAD_DIS_P, CT_TGENCOST, CT_TAREAGENCOST, CT_MODCOST_F, ...
    CT_MODCOST_X] = idx_ct;

windprofile = struct( ...
    'type', 'mpcData', ...
    'table', CT_TGEN, ...
    'rows', [1:45], ...
    'col', PMAX, ...
    'chgtype', 1, ...
    'values', [] );
windprofile.values(:,1,:) = [
	0.7671 10.3656 56.0681 65.2832 8.4034 3.4276 5.073 8.5929 5.3493 20.27 37.4688 55.8961 84.1513 19.2547 157.1573 59.2081 73.4619 77.8477 75.0908 72.5917 1.691 7.9978 69.4684 74.0039 44.676 47.5752 4.3643 226.1391 288.9178 288.9178 197.9775 41.0717 250.3025 186.8512 60.3662 123.2716 426.2289 89.2509 270.2961 119.6679 67.0601 38.0237 49.2216 68.6066 430.6688;
	0.5252 7.0962 49.6681 61.2357 6.9656 2.3966 5.1122 11.125 4.0285 13.1602 24.3264 36.2903 54.6348 10.9432 131.0992 49.3909 61.2812 64.9398 69.3399 73.6722 1.7041 5.5921 36.6814 71.3193 43.851 47.3093 6.2432 86.7335 195.7129 195.7129 123.6463 27.3878 231.133 189.6325 34.3084 83.5042 308.787 91.6549 206.6181 117.4581 82.6939 26.5863 28.1981 80.5061 312.0036;
	0.3443 4.6527 58.7256 70.544 6.6189 9.4399 16.1183 12.2334 17.9615 11.6122 21.465 32.0215 48.2082 4.639 94.8218 35.7236 44.3237 46.9699 58.3011 72.7004 5.3728 22.0264 29.7502 82.1627 56.4379 55.0329 6.8918 19.7927 0.016 0.016 1.0915 15.4919 194.3369 187.131 14.5438 0.0068 174.8784 23.8702 281.0576 151.1729 76.8382 104.7197 52.3665 94.7524 176.7;
	0.4488 6.0637 66.513 75.2858 8.9321 17.0326 21.8891 14.6129 26.7311 17.7778 32.8619 49.0235 73.8046 34.9516 104.772 39.4723 48.9748 51.8987 44.3218 73.1621 7.2964 39.7428 52.9648 83.6052 62.2997 66.78 8.6541 107.7669 18.8315 18.8315 5.8179 20.1179 147.7394 188.3195 109.5779 8.0348 126.6112 40.742 359.1752 166.8743 76.0259 188.9487 51.2201 125.885 127.93;
	0.4969 6.7136 79.2912 78.4479 10.6555 9.388 16.0808 14.6262 22.1588 17.0816 31.5751 47.1038 70.9146 24.2435 126.3117 47.5872 59.0434 62.5683 47.7433 72.9304 5.3603 21.9053 49.4451 84.4477 75.8518 70.3924 9.5314 268.7191 16.7766 16.7766 8.7252 10.6925 159.1442 187.7231 76.0067 7.158 229.8729 14.2996 144.5356 203.1746 71.713 104.1438 30.6232 137.0487 232.2674;
	0.4787 6.4678 75.4665 63.4761 9.9277 4.407 13.1106 13.0902 15.2375 9.7029 17.9357 26.7565 40.2817 25.4709 142.6869 53.7565 66.6978 70.6798 69.5971 72.5025 4.3702 10.283 37.1677 80.1648 54.504 70.3722 8.226 176.8644 7.0694 7.0694 0.7606 10.1163 231.9902 186.6216 79.8547 3.0163 84.3625 6.8847 134.0613 145.9929 56.8679 48.8882 24.2877 129.1778 85.2413;
	0.4589 6.2009 52.4744 41.0744 9.845 2.6997 4.5795 7.7886 2.7128 7.585 14.0207 20.9161 31.489 16.9623 103.1507 38.8614 48.2169 51.0956 38.5091 68.2123 1.5265 6.2994 23.2443 58.3523 31.4698 65.4393 4.278 44.0391 0.8018 0.8018 0.11 2.1264 128.3636 175.5788 53.1792 0.3421 25.0528 5.6983 122.9328 84.2941 29.4851 29.9491 31.089 127.4614 25.3137;
	0.4346 5.8731 32.4371 29.0514 4.3216 2.8138 4.8678 6.3594 2.1996 5.3697 9.9258 14.8073 22.2923 23.5681 52.7213 19.8624 24.6441 26.1154 9.8975 44.8724 1.6226 6.5656 12.9811 38.9034 30.8281 60.1058 4.515 19.4126 22.6861 22.6861 26.2544 6.6786 32.9916 115.5017 73.889 9.6794 25.8247 4.8172 194.2513 82.5752 10.5258 31.2148 6.409 95.0272 26.0937;
	0.5558 7.5096 27.1154 25.5097 3.5958 1.5496 4.1547 3.2267 6.6802 8.986 16.6105 24.7796 37.3055 12.5812 11.6454 4.3873 5.4435 5.7685 0.0 16.8495 1.3849 3.6157 7.4708 35.1279 25.333 45.2649 3.9627 14.5183 11.0431 11.0431 18.9601 14.733 0.0 43.3706 39.4437 4.7117 18.297 9.5702 180.0215 67.8563 0.061 17.1899 8.1076 65.2343 18.4876;
	0.5747 7.7658 32.4363 30.1125 7.5234 2.3936 1.8842 4.5382 7.104 8.6103 15.9159 23.7435 35.7456 19.7969 11.6919 4.4049 5.4653 5.7916 0.0139 13.9732 0.6281 5.5851 12.9832 39.0038 31.7584 43.343 3.4192 25.1116 21.938 21.938 2.4917 10.0402 0.0464 35.9671 62.0661 9.3602 7.8355 13.1066 106.2025 85.0671 1.6243 26.5532 48.3525 87.6933 7.9172;
	0.8592 11.6092 44.0384 63.831 11.894 2.2909 4.876 3.5382 10.91 9.0029 16.6417 24.8261 37.3755 14.3687 0.1674 0.0631 0.0782 0.0829 0.0188 11.304 1.6253 5.3454 34.1958 43.7438 49.3099 46.1031 1.2402 49.6025 56.3754 56.3754 0.1307 4.5036 0.0625 29.0965 45.0478 24.0535 53.5952 6.9263 69.1083 132.08 1.4414 25.4135 14.8151 98.7598 54.1535;
	1.542 20.8352 64.77 50.0311 13.4858 4.3943 6.3943 0.6846 1.3985 2.7953 5.167 7.7082 11.6046 25.9455 0.8527 0.3212 0.3986 0.4224 0.0098 9.3319 2.1314 10.2533 51.372 56.7953 28.8642 43.1532 0.1142 148.9942 96.5554 96.5554 5.029 5.4082 0.0328 24.0203 81.3425 41.197 119.8113 5.044 16.8822 77.3149 0.0346 48.7469 20.8393 128.2826 121.0593;
	2.2323 30.1638 78.5967 5.9011 14.1593 3.461 9.1343 0.9875 7.229 24.2575 44.8395 66.8918 100.7052 4.8185 28.0247 10.5581 13.0999 13.882 0.1842 10.8882 3.0448 8.0757 32.2121 66.0144 66.2123 51.5952 0.3109 217.0905 157.4033 157.4033 12.635 9.4515 0.6141 28.0263 15.1066 67.1588 175.4258 6.7607 83.6403 177.3543 0.1503 38.3943 114.7113 167.5735 177.2531;
	1.7952 24.2566 0.0047 0.9996 14.6998 20.0251 3.2597 0.0005 5.0591 0.1777 0.3285 0.4901 0.7378 0.9651 0.2802 0.1056 0.131 0.1388 0.0 6.6491 1.0866 46.7253 41.2766 0.5136 0.2161 31.0544 0.0033 190.1676 209.3764 209.3764 16.9627 5.9123 0.0 17.1148 3.0259 89.3339 190.1939 10.3133 52.9803 0.5789 0.3527 222.1456 80.2076 128.7779 192.1751;
	2.267 30.6317 3.495 12.3844 10.626 3.5924 3.8634 0.233 2.5131 1.27 2.3476 3.5022 5.2726 0.1135 0.0 0.0 0.0 0.0 0.0 0.0 1.2878 8.3824 30.1986 2.0767 7.2032 0.5206 0.1021 274.8516 257.5886 257.5886 93.6675 8.0301 0.0 0.0 0.3559 109.9045 267.4172 11.5246 54.9467 19.2942 3.031 39.8522 83.6264 104.962 270.2028;
	3.2515 43.9356 82.864 4.6498 14.4585 5.2154 3.0065 0.0255 1.0034 1.7104 3.1617 4.7166 7.1008 0.6116 0.0363 0.0137 0.017 0.018 0.0 0.0 1.0022 12.1692 44.9325 0.1803 0.6142 0.5042 0.0036 380.8732 266.9056 266.9056 170.1464 12.9289 0.0 0.0 1.9174 113.8797 314.4853 36.4688 18.9149 1.6452 2.0739 57.8557 21.8522 169.4588 317.7612;
	3.5988 48.6276 11.5086 18.2824 14.932 6.9444 4.536 1.0239 0.9129 0.6095 1.1267 1.6808 2.5305 1.4857 0.0894 0.0337 0.0418 0.0443 0.0 0.0246 1.512 16.2036 7.0023 0.0339 7.1188 3.0125 0.3277 369.399 365.1894 365.1894 179.476 25.7676 0.0 0.0632 4.658 155.8142 461.0147 68.5903 40.3715 19.0681 0.0068 77.0367 141.442 218.9182 465.817;
	2.9367 39.6813 0.0974 1.6586 14.1144 19.3436 5.0347 1.4697 0.1619 0.5539 1.0238 1.5273 2.2994 2.8931 7.6767 2.8922 3.5884 3.8027 1.8277 1.0252 1.6782 45.1351 16.3432 0.1333 11.0675 0.0343 0.1883 566.6376 467.1396 467.1396 324.0571 36.2677 6.0922 2.6389 9.0702 199.3129 572.6089 94.0759 20.2658 29.6452 3.2128 214.585 113.339 215.9643 578.5736;
	3.3374 45.0957 82.6164 20.7096 14.6579 27.9719 5.025 4.1509 0.0012 6.7049 12.3939 18.4892 27.8354 6.6128 1.2792 0.4819 0.5979 0.6336 0.0 37.9121 1.675 65.2678 26.7828 3.6926 33.6869 58.3705 0.2553 707.7108 415.0208 415.0208 340.018 45.1568 0.0 97.5859 20.7321 177.0756 596.0994 73.5051 48.2638 90.2328 2.9223 310.3017 112.1128 202.4356 602.3088;
	3.2859 44.3993 1.3903 8.5066 14.7051 13.1639 18.5982 4.2976 25.6619 12.9834 23.9997 35.8028 53.9009 3.9935 0.5061 0.1907 0.2366 0.2507 0.0 19.782 6.1994 30.7158 55.1385 12.7727 23.3312 54.4421 1.0034 712.2636 415.4654 415.4654 322.3439 45.4243 0.0 50.9188 12.5201 177.2652 548.8662 72.2936 0.132 62.4942 2.6749 146.0317 108.7511 184.5929 554.5835;
