function windprofile = ex_wind_profilesh1
%EX_WIND_PROFILE_D  Example wind_load_nyiso profile data for deterministic unit commitment.
% 2022.03.12
% Andres F. Ramirez


%% define constants
[GEN_BUS, PG, QG, QMAX, QMIN, VG, MBASE, GEN_STATUS, PMAX, PMIN, ...
    MU_PMAX, MU_PMIN, MU_QMAX, MU_QMIN, PC1, PC2, QC1MIN, QC1MAX, ...
    QC2MIN, QC2MAX, RAMP_AGC, RAMP_10, RAMP_30, RAMP_Q, APF] = idx_gen;
[CT_LABEL, CT_PROB, CT_TABLE, CT_TBUS, CT_TGEN, CT_TBRCH, CT_TAREABUS, ...
    CT_TAREAGEN, CT_TAREABRCH, CT_ROW, CT_COL, CT_CHGTYPE, CT_REP, ...
    CT_REL, CT_ADD, CT_NEWVAL, CT_TLOAD, CT_TAREALOAD, CT_LOAD_ALL_PQ, ...
    CT_LOAD_FIX_PQ, CT_LOAD_DIS_PQ, CT_LOAD_ALL_P, CT_LOAD_FIX_P, ...
    CT_LOAD_DIS_P, CT_TGENCOST, CT_TAREAGENCOST, CT_MODCOST_F, ...
    CT_MODCOST_X] = idx_ct;

windprofile = struct( ...
    'type', 'mpcData', ...
    'table', CT_TGEN, ...
    'rows', [1:45], ...
    'col', PMAX, ...
    'chgtype', 1, ...
    'values', [] );
windprofile.values(:,1,:) = [
	0.7255 9.803 56.9727 67.3163 8.1123 0.0684 2.705 9.982 15.0213 17.5339 32.4112 48.3511 72.7923 1.137 141.4797 53.3016 66.1335 70.0818 78.0302 72.1978 0.9017 0.1597 63.7236 76.2461 52.6741 50.3065 5.102 179.2475 318.0244 318.0244 222.9025 42.2081 260.1006 185.8373 3.5647 135.6904 376.103 84.9619 51.2514 141.0913 62.1859 0.7591 0.0 67.2837 380.0207;
	0.5024 6.7879 50.2185 63.6444 6.6956 0.0 3.3823 12.2893 21.821 11.9462 22.0823 32.9425 49.5948 0.5671 125.4314 47.2556 58.6319 62.1323 73.4234 72.6039 1.1274 0.0 33.164 74.9119 52.8404 48.6214 7.0057 63.6816 212.4859 212.4859 148.7844 27.6095 244.7448 186.8827 1.7779 90.6606 285.9966 87.6479 42.1378 141.5369 67.5874 0.0 0.0 85.173 288.9758;
	0.3637 4.9146 59.7121 66.6615 6.0361 0.1719 7.8503 12.5182 27.1145 10.2381 18.925 28.2324 42.5037 2.6145 84.7179 31.917 39.6007 41.9649 62.3498 71.0784 2.6168 0.4011 26.9974 79.9175 58.1366 52.8129 6.4983 24.6801 83.4788 83.4788 72.3943 16.2226 207.8326 182.9561 8.1969 35.6176 179.2828 18.4359 259.3794 155.7231 53.7829 1.9068 9.9074 97.8219 181.1504;
	0.4765 6.4383 66.5497 72.8956 7.6281 0.9385 11.2088 14.3377 27.0932 15.5021 28.6555 42.7483 64.3573 1.4933 96.436 36.3317 45.0782 47.7695 46.7466 68.3633 3.7363 2.1898 47.2168 83.1218 65.915 64.9726 7.8514 5.1315 37.628 37.628 46.8304 15.6301 155.8221 175.9673 4.6818 16.0546 3.5017 16.2817 152.4327 176.5579 52.9905 10.4108 3.3947 140.4257 3.5382;
	0.5948 8.0375 80.0198 72.4891 10.0774 1.2295 8.3483 14.8573 27.0998 16.3411 30.2063 45.0619 67.8404 14.1642 129.2195 48.6827 60.4026 64.0087 56.1306 67.4502 2.7828 2.8688 47.8717 82.3484 79.8503 69.2407 9.1938 2.8943 98.912 98.912 95.9724 6.9632 187.1018 173.617 44.4067 42.2025 3.6502 34.1689 369.929 213.8847 35.8773 13.6393 6.379 150.1249 3.6883;
	0.5223 7.0576 76.0805 58.2446 9.9423 3.8887 4.7305 12.1953 26.93 9.0777 16.78 25.0324 37.6862 20.9113 143.7362 54.1518 67.1883 71.1996 81.2514 68.1944 1.5768 9.0737 36.3759 77.3384 54.7684 65.6874 7.5024 4.6383 27.2915 27.2915 52.9153 9.9806 270.838 175.5326 65.5598 11.6444 8.2935 30.0411 129.4698 146.7011 25.1491 43.1391 24.2568 133.2931 8.3799;
	0.4261 5.7569 49.2804 31.0288 8.506 1.3649 3.8068 7.582 3.2013 6.3765 11.787 17.5838 26.4723 6.4659 118.8879 44.7903 55.5732 58.891 62.3435 67.2377 1.2689 3.1847 17.7079 52.318 29.6787 56.5774 4.0086 0.0 11.9411 11.9411 40.2568 0.0176 207.8116 173.0701 20.2714 5.0949 0.4231 17.3009 6.1629 79.4965 0.2756 15.1412 25.8607 109.8537 0.4275;
	0.4064 5.4912 30.8676 24.4958 3.3751 1.4903 4.5414 7.0655 4.636 4.3156 7.9774 11.9006 17.9164 11.2379 74.5951 28.1033 34.8689 36.9506 23.4668 51.7941 1.5138 3.4774 9.9569 36.2661 31.8204 60.4903 4.2962 3.5599 14.9178 14.9178 67.3011 0.0458 78.2228 133.3182 35.2324 6.3649 11.3176 19.881 5.416 85.2331 0.0 16.5328 0.0 83.9344 11.4355;
	0.2036 2.7513 20.6589 16.4586 3.0325 0.0 0.0 4.6291 3.5542 3.2676 6.04 9.0105 13.5653 39.623 20.0427 7.551 9.3688 9.9281 79.5674 18.3043 0.0 0.0 3.6715 34.7496 25.4452 47.6422 3.7544 0.0 9.6815 9.6815 9.4965 1.2038 265.2248 47.1153 124.2235 4.1308 0.751 2.925 0.0 68.1568 0.0 0.0 0.0 52.9472 0.7588;
	0.4627 6.2525 25.2194 22.201 7.4686 0.6746 0.1677 3.9449 5.6029 1.2343 2.2816 3.4037 5.1243 7.308 11.7519 4.4275 5.4933 5.8213 57.6054 11.773 0.0559 1.5742 4.828 34.9246 27.7378 37.8654 2.6935 23.2364 24.0227 24.0227 1.8409 0.2635 192.0179 30.3036 22.9116 10.2497 0.233 0.2652 0.0 74.2977 0.4946 7.484 44.6611 81.1193 0.2354;
	0.6843 9.246 37.7536 0.2414 10.4898 0.0 5.2811 3.3696 11.113 1.3725 2.5371 3.7848 5.698 57.1994 8.3673 3.1523 3.9112 4.1447 14.0982 11.1079 1.7604 0.0 26.1998 43.0103 46.1852 48.4337 1.149 61.4311 61.9153 61.9153 6.2048 0.579 46.994 28.5918 179.3277 26.4172 55.6172 1.9183 82.6998 123.7103 0.0 0.0 0.0 83.2697 56.1965;
	0.0 0.0 54.8361 0.1924 12.5684 0.039 0.5296 0.0 0.7301 0.0719 0.1329 0.1983 0.2986 11.1171 2.8945 1.0905 1.353 1.4338 6.5492 8.2038 0.1765 0.0911 35.1519 56.3772 11.5958 43.7021 0.0 122.3563 80.2756 80.2756 1.5885 2.5954 21.8306 21.1166 34.8537 34.2509 106.6898 0.2477 1.8823 31.0601 0.0 0.4329 0.0 100.9065 107.8011;
	1.9964 26.976 77.1834 0.1012 13.9329 0.015 3.3083 0.2557 3.6229 23.6777 43.7678 65.293 98.2982 15.6186 7.5169 2.832 3.5137 3.7235 22.6739 9.9901 1.1028 0.0349 22.5807 67.2221 70.8719 47.1733 0.002 195.3183 154.7972 154.7972 0.9051 4.6816 75.5798 25.7144 48.9663 66.0468 170.0386 5.8588 55.9131 189.8354 0.0727 0.166 101.6013 153.735 171.8098;
	1.6823 22.732 0.0699 0.0 13.5598 18.0131 1.0348 0.3013 5.1785 0.8177 1.5115 2.2548 3.3946 4.3814 13.5795 5.116 6.3476 6.7266 57.7176 9.4992 0.3449 42.0306 40.2884 8.1296 21.6004 29.459 0.3309 173.1488 196.3938 196.3938 1.8898 4.2687 192.3921 24.4509 13.7363 83.7947 168.9351 10.6072 11.26 57.8582 0.0793 199.8254 80.7064 118.2318 170.6949;
	2.1965 29.6799 0.6869 0.1437 9.3289 0.2978 4.6525 0.4134 8.653 0.6935 1.282 1.9125 2.8792 4.9979 9.9479 3.7478 4.6501 4.9277 21.9459 7.5026 1.5508 0.6948 25.6183 7.0701 15.9585 9.9324 2.9032 258.023 248.733 248.733 86.2083 7.5502 73.1531 19.3117 15.6692 106.1261 233.3633 16.7993 39.1515 42.7461 0.2087 3.3034 81.5594 97.9781 235.7942;
	3.1868 43.0604 82.773 0.0 14.2435 0.0028 0.588 0.7587 10.1536 0.7418 1.3713 2.0457 3.0798 3.4285 17.0625 6.4282 7.9757 8.4519 22.235 41.287 0.196 0.0066 47.2985 18.5939 8.2503 8.5429 1.437 365.6077 267.2993 267.2993 157.9609 9.3448 74.1165 106.2728 10.7487 114.0477 292.0618 39.9973 1.9256 22.099 0.0115 0.0312 22.0597 174.4038 295.1041;
	3.5227 47.5997 2.992 0.2484 14.7779 5.1314 0.925 0.2287 15.5342 1.5386 2.8441 4.2428 6.3875 3.1441 14.857 5.5973 6.9448 7.3594 27.3309 26.2586 0.3083 11.9734 10.4485 9.3754 12.0011 0.7679 3.568 353.8388 353.3784 353.3784 178.4505 21.2577 91.1031 67.5897 9.8572 150.7748 429.0791 67.5312 54.0244 32.1459 0.4042 56.9248 138.7394 212.78 433.5487;
	2.7262 36.8366 2.199 1.1199 14.3439 18.0162 0.002 0.1084 7.3761 1.131 2.0906 3.1188 4.6954 0.6285 43.9378 16.5533 20.5384 21.7645 8.5398 26.2483 0.0007 42.0378 16.3991 1.6028 7.8467 0.2585 8.0272 529.0629 419.3542 419.3542 317.2772 32.0958 28.466 67.5631 1.9705 178.9244 515.2267 92.8159 19.3406 21.018 0.0859 199.8597 112.9177 202.4104 520.5937;
	3.1032 41.9311 80.3751 0.4375 14.5316 23.8034 0.8454 0.0532 7.9561 8.2692 15.2856 22.803 34.3298 8.058 60.0831 22.636 28.0854 29.7621 33.7466 43.3092 0.2818 55.5414 30.8685 0.0 0.0 59.7324 1.4634 725.7534 415.832 415.832 359.5185 43.7592 112.4886 111.478 25.2628 177.4216 601.8423 81.5735 33.0301 0.0 0.0001 264.0595 112.7985 183.487 608.1115;
	3.0058 40.6145 0.8727 4.7106 14.0265 0.0 17.2904 1.9686 26.1495 21.0922 38.9886 58.1634 87.5646 3.9449 30.1691 11.366 14.1023 14.9442 7.2349 21.454 5.7635 0.0 60.9156 0.0 4.5111 56.7473 3.9679 719.7023 405.4335 405.4335 325.9791 42.6261 24.1162 55.2226 12.3679 172.985 539.9238 75.0869 14.8757 12.0834 0.0437 0.0 103.066 167.0127 545.548;
