function windprofile = ex_wind_profilesh1
%EX_WIND_PROFILE_D  Example wind_load_nyiso profile data for deterministic unit commitment.
% 2022.03.12
% Andres F. Ramirez


%% define constants
[GEN_BUS, PG, QG, QMAX, QMIN, VG, MBASE, GEN_STATUS, PMAX, PMIN, ...
    MU_PMAX, MU_PMIN, MU_QMAX, MU_QMIN, PC1, PC2, QC1MIN, QC1MAX, ...
    QC2MIN, QC2MAX, RAMP_AGC, RAMP_10, RAMP_30, RAMP_Q, APF] = idx_gen;
[CT_LABEL, CT_PROB, CT_TABLE, CT_TBUS, CT_TGEN, CT_TBRCH, CT_TAREABUS, ...
    CT_TAREAGEN, CT_TAREABRCH, CT_ROW, CT_COL, CT_CHGTYPE, CT_REP, ...
    CT_REL, CT_ADD, CT_NEWVAL, CT_TLOAD, CT_TAREALOAD, CT_LOAD_ALL_PQ, ...
    CT_LOAD_FIX_PQ, CT_LOAD_DIS_PQ, CT_LOAD_ALL_P, CT_LOAD_FIX_P, ...
    CT_LOAD_DIS_P, CT_TGENCOST, CT_TAREAGENCOST, CT_MODCOST_F, ...
    CT_MODCOST_X] = idx_ct;

windprofile = struct( ...
    'type', 'mpcData', ...
    'table', CT_TGEN, ...
    'rows', [1:45], ...
    'col', PMAX, ...
    'chgtype', 1, ...
    'values', [] );
windprofile.values(:,1,:) = [
	0.7931 10.7159 51.4899 61.8111 7.5308 3.2706 0.3038 7.9195 0.0 17.838 32.9732 49.1895 74.0546 2.3846 153.1658 57.7043 71.5961 75.8705 79.7621 70.0908 0.1013 7.6314 61.9048 69.6613 50.4233 45.6449 4.0826 177.6447 322.3263 322.3263 240.5823 50.2214 265.8737 180.4139 7.4762 137.5259 364.1376 90.0911 0.0 135.0623 60.4721 36.2821 29.6222 66.6088 367.9307;
	0.5275 7.1274 48.6614 60.4228 6.8215 1.1365 0.0867 10.374 0.0 10.4455 19.3083 28.8041 43.3645 0.3035 127.7521 48.1298 59.7167 63.2818 78.1689 72.2591 0.0289 2.6517 33.283 71.9136 53.0307 45.5105 5.7904 62.4689 218.5598 218.5598 162.0461 31.8026 260.5628 185.995 0.9514 93.2522 271.583 91.6388 0.0 142.0465 77.2002 12.6071 9.3311 82.733 274.412;
	0.3304 4.4647 60.0954 67.5097 5.9661 0.1366 4.0478 12.2713 0.235 9.4461 17.461 26.0483 39.2156 0.0 84.2269 31.732 39.3712 41.7217 64.576 68.2137 1.3493 0.3187 28.1461 82.4748 62.3761 53.4709 6.7599 0.2016 22.6216 22.6216 88.7829 17.9317 215.2532 175.5822 0.0 9.6519 146.4432 3.3486 0.0 167.0788 68.0214 1.5153 1.2474 95.9386 147.9687;
	0.4089 5.5249 65.4823 73.7136 7.9402 0.0 0.9722 14.2209 0.0 14.3694 26.5616 39.6247 59.6547 0.0 90.5414 34.111 42.3229 44.8496 49.7086 68.937 0.3241 0.0 49.1551 83.7615 67.8513 63.809 7.7885 0.0 31.3622 31.3622 83.015 21.2926 165.6952 177.4441 0.0 13.3812 0.5154 4.8886 0.0 181.7445 64.3598 0.0 0.0013 134.1574 0.5207;
	0.5445 7.3579 79.4469 76.5239 9.732 0.0 0.157 14.743 0.0 10.3714 19.1715 28.6 43.0572 0.0 111.2879 41.9271 52.0206 55.1263 56.1103 67.4904 0.0523 0.0 45.9725 83.5478 82.5251 67.456 9.1867 14.7663 23.3623 23.3623 11.6019 9.9173 187.0343 173.7204 0.0 9.9679 0.0028 0.2729 0.0 221.0494 62.834 0.0 4.259 147.3243 0.0029;
	0.5179 6.9986 77.8895 61.9018 9.8321 2.1443 7.7671 12.5825 0.0 7.3672 13.6182 20.3156 30.585 0.0 137.4785 51.7942 64.2632 68.0998 79.3212 70.8215 2.589 5.0033 31.302 78.3766 57.9913 66.2749 7.8109 8.6262 31.9194 31.9194 37.0115 9.6003 264.4039 182.2947 0.0 13.6189 0.0 0.0061 3.4342 155.3337 45.7957 23.7872 24.7021 131.3584 0.0;
	0.4811 6.5002 54.5824 38.1194 8.537 1.019 4.0446 7.7142 1.2194 5.0956 9.4191 14.0515 21.1544 0.0 118.6525 44.7016 55.4632 58.7744 66.3468 70.2266 1.3482 2.3778 19.1685 57.265 37.1339 64.0423 4.1804 15.3326 23.0308 23.0308 34.4165 0.1021 221.1561 180.7634 0.0 9.8265 0.0 1.2078 0.0 99.4659 14.7599 11.3046 31.7148 130.5456 0.0;
	0.4785 6.4659 34.537 26.5807 3.2961 0.5425 4.989 7.2619 1.9091 3.9091 7.2259 10.7796 16.2287 0.022 63.2379 23.8245 29.56 31.3248 18.9713 51.7399 1.663 1.2659 13.2483 39.7411 35.3433 63.054 4.4648 0.0 10.6793 10.6793 37.6828 0.3324 63.2376 133.1787 0.0689 4.5565 2.2816 3.4996 11.483 94.6696 6.9209 6.0184 0.3678 111.3199 2.3054;
	0.5314 7.1807 27.4547 22.797 1.2484 0.0 0.0 5.6302 0.0 0.1087 0.2009 0.2997 0.4513 0.0 16.4929 6.2136 7.7095 8.1697 21.0657 19.3817 0.0 0.0 5.8522 38.6782 29.3118 53.2854 4.1826 0.0 0.8617 0.8617 12.4908 0.0 70.219 49.8886 0.0 0.3677 0.0 2.8885 0.0 78.5138 0.4052 0.0 0.0 77.5828 0.0;
	0.5874 7.9377 31.5437 22.8545 6.3847 0.0 0.0 4.6438 0.0 0.0 0.0 0.0 0.0 0.0 4.3677 1.6455 2.0416 2.1635 8.9441 13.8036 0.0 0.0 10.3104 33.914 29.8479 46.1004 3.0928 0.0 22.0288 22.0288 63.6308 0.3944 29.8135 35.5305 0.0 9.3989 0.0 1.8454 0.0 79.9497 0.0144 0.0 43.1348 96.7831 0.0;
	0.9577 12.94 49.6135 33.915 10.5477 1.5596 1.6677 4.1049 0.0978 0.3545 0.6553 0.9775 1.4716 0.0 0.0 0.0 0.0 0.0 4.9523 11.1787 0.5559 3.6392 29.1062 44.8488 51.4731 51.4607 1.4405 35.1461 65.2929 65.2929 21.0031 0.0812 16.5076 28.7739 0.0 27.8583 39.0373 0.557 9.6875 137.8745 0.0784 17.3017 2.8938 111.9859 39.4439;
	1.8978 25.6437 66.8234 23.2608 13.142 4.23 1.3635 7.2798 0.0 0.1113 0.2057 0.3069 0.4621 0.0 0.0 0.0 0.0 0.0 4.5841 9.2414 0.4545 9.87 47.4425 60.7012 61.6697 48.561 2.8814 123.7465 91.1229 91.1229 7.451 0.3109 15.2804 23.7874 0.0 38.8791 98.6947 1.654 0.0659 165.1868 1.8586 46.9248 31.9418 144.3584 99.7228;
	2.3709 32.036 80.5672 5.8354 12.9904 0.7484 0.0 4.5715 0.0 22.7058 41.9713 62.613 94.2635 0.0 0.0 0.0 0.0 0.0 6.5263 8.7644 0.0 1.7463 32.5407 67.2991 70.874 55.2955 2.0003 180.4575 151.5173 151.5173 0.9476 0.8826 21.7544 22.5596 0.0 64.6474 140.353 1.2092 0.0 189.841 0.5143 8.3024 108.674 184.8708 141.815;
	2.0951 28.3097 4.0932 5.0798 13.5852 19.5454 0.0385 5.8472 0.4173 2.789 5.1554 7.6909 11.5786 1.5694 0.0 0.0 0.0 0.0 7.8898 7.368 0.0128 45.6059 43.7698 17.694 21.5324 32.1769 2.7534 158.2975 202.7997 202.7997 7.5666 3.4378 26.2994 18.9653 4.9202 86.5279 151.5185 10.9358 4.4445 57.676 4.2633 216.8237 84.9004 144.4341 153.0968;
	2.4126 32.5989 6.8207 12.0604 8.7429 3.1606 3.1949 3.563 1.5408 2.6987 4.9885 7.4418 11.2037 1.466 0.0 0.0 0.0 0.0 8.5341 3.8448 1.065 7.3747 28.0813 10.7348 28.459 0.1252 4.1553 278.5416 271.932 271.932 101.8536 7.5366 28.4471 9.8965 4.5961 116.0243 260.1367 70.7618 119.4733 76.2296 2.8685 35.0614 87.0964 111.1281 262.8464;
	3.3202 44.8636 85.1304 36.9194 13.4836 4.4078 4.5201 2.9926 12.184 4.3866 8.1086 12.0965 18.2112 5.8356 0.0 0.0 0.0 0.0 0.9878 0.2531 1.5067 10.2848 43.5798 35.1307 38.3061 1.0675 3.581 412.0935 289.6733 289.6733 192.0408 12.0147 3.2925 0.6515 18.2954 123.5939 326.1612 51.6035 270.2986 102.6057 4.4323 48.8968 10.2496 185.278 329.5587;
	3.6238 48.9653 8.5435 62.7452 13.9498 4.1004 5.5902 4.1724 2.5652 8.086 14.9468 22.2977 33.5691 14.4272 1.8621 0.7015 0.8704 0.9224 49.4488 1.1638 1.8634 9.5677 2.3451 51.6678 62.6363 2.4324 9.5809 375.3562 367.1506 367.1506 183.0771 24.7976 164.8294 2.9955 45.2314 156.6509 444.68 81.2908 233.9519 167.7757 14.5782 45.4874 142.5698 225.3118 449.3121;
	2.8636 38.6937 10.7597 49.0622 13.9988 19.1174 1.2198 3.0887 1.7939 4.4288 8.1865 12.2127 18.3861 30.0137 0.5729 0.2158 0.2678 0.2838 55.2117 0.106 0.4066 44.6073 12.5882 48.0781 49.9778 0.4862 2.9112 523.2507 418.7531 418.7531 299.9946 33.2293 184.0388 0.2727 94.0971 178.668 486.4442 99.8474 86.1659 133.869 6.4887 212.076 111.9492 233.1423 491.5114;
	3.2602 44.0526 85.2979 60.4934 14.3966 26.6133 0.0 4.4362 1.1895 9.2224 17.0475 25.4316 38.2871 9.1342 3.7202 1.4016 1.739 1.8428 70.4995 35.8501 0.0 62.0976 27.4248 57.1696 32.6316 58.9655 4.0803 663.351 373.0267 373.0267 332.4624 40.2136 234.9982 92.2781 28.637 159.158 487.8884 76.634 32.5819 87.4061 30.0406 295.2298 115.7274 211.7502 492.9706;
	3.2135 43.4208 0.0683 64.7098 14.8372 8.2371 16.9044 1.8349 25.8199 22.6087 41.7918 62.3452 93.8604 28.6662 5.7811 2.178 2.7023 2.8636 20.8862 19.5964 5.6348 19.2199 57.486 43.6298 19.4798 44.9829 2.2007 672.9755 394.5658 394.5658 317.2341 40.5453 69.6208 50.4412 89.8725 168.3481 462.6599 78.9999 94.4272 52.1782 4.1412 91.3767 117.3711 182.2607 467.4792;
	3.4163 46.1619 80.021 2.1772 14.7781 3.9246 0.2532 0.0515 26.0699 22.7552 42.0626 62.7491 94.4684 9.8217 17.4592 6.5777 8.1612 8.6484 47.5256 23.0676 0.0844 9.1575 59.6575 80.3179 0.0 49.508 0.8808 600.7421 360.3489 360.3489 239.1577 55.2351 158.4188 59.3761 30.7924 153.7489 490.326 83.722 172.3994 0.0 5.9409 43.5374 113.5768 160.4153 495.4336;
