function loadprofile = ex_load_profilesh1
%EX_LOAD_PROFILE  Example load profile data file for stochastic unit commitment.
% 2022.03.12
% Andres F. Ramirez

%% define constants
[CT_LABEL, CT_PROB, CT_TABLE, CT_TBUS, CT_TGEN, CT_TBRCH, CT_TAREABUS, ...
    CT_TAREAGEN, CT_TAREABRCH, CT_ROW, CT_COL, CT_CHGTYPE, CT_REP, ...
    CT_REL, CT_ADD, CT_NEWVAL, CT_TLOAD, CT_TAREALOAD, CT_LOAD_ALL_PQ, ...
    CT_LOAD_FIX_PQ, CT_LOAD_DIS_PQ, CT_LOAD_ALL_P, CT_LOAD_FIX_P, ...
    CT_LOAD_DIS_P, CT_TGENCOST, CT_TAREAGENCOST, CT_MODCOST_F, ...
    CT_MODCOST_X] = idx_ct;

loadprofile = struct( ...
    'type', 'mpcData', ...
    'table', CT_TAREALOAD, ...
    'rows', [1:11], ...
    'col', CT_LOAD_ALL_P, ...
    'chgtype', 1, ...
    'values', [] );
loadprofile.values(:,1,:) = [
	1507.4734 969.2365 1575.1859 590.3178 840.6386 1185.2277 880.3632 248.2 468.956 4269.2106 1782.0383;
	1483.6017 962.2377 1606.1958 592.8 852.5207 1181.2 895.9966 251.165 476.1348 4284.0409 1781.9395;
	1511.637 982.8829 1598.6229 599.0 875.4 1206.4075 898.9315 254.2461 489.8557 4203.7023 1783.3;
	1594.1296 1058.1 1691.218 606.4319 919.5 1271.075 945.8923 270.3163 522.9596 3953.3683 1887.4066;
	1688.1835 1180.1175 1884.2872 642.0192 1019.6053 1403.1177 1040.3865 319.1368 611.2143 4854.1807 2146.6986;
	1836.9399 1262.9115 2028.8 645.2311 1089.9 1489.8 1105.4399 365.8951 649.7375 5658.5572 2320.3;
	1843.5067 1279.8783 2022.8758 643.9885 1089.7061 1498.9041 1108.7937 367.4 668.2419 6014.5394 2323.125;
	1777.6133 1262.0767 2002.0 628.5602 1046.8 1455.5444 1107.9 370.1754 689.0309 6327.9646 2309.3285;
	1770.0058 1247.5834 1977.3193 610.7004 1039.2286 1432.2162 1067.0531 360.3 679.1621 6207.2821 2251.8829;
	1801.425 1263.8433 1951.6834 594.8 999.1408 1398.1639 1081.9987 355.1 677.4763 6071.8488 2309.4482;
	1749.6934 1231.3879 1941.9462 586.7059 990.2937 1350.1 1047.6839 380.7973 655.73 6152.2306 2234.6;
	1740.6972 1198.1179 1897.3532 574.7152 992.0 1336.9141 1030.6255 347.2503 664.6397 6115.896 2174.629;
	1736.2022 1191.4 1824.0 570.8376 986.5738 1290.5291 984.1339 331.8627 630.3703 5834.2799 2000.9643;
	1706.2472 1170.2667 1794.1593 567.0209 981.6639 1285.1369 981.4892 319.3037 631.8 5608.6525 2007.1953;
	1718.2411 1160.399 1786.5763 581.0669 979.0082 1352.8 1018.7 333.4487 612.6796 5817.5632 2080.048;
	1766.8825 1172.2942 1825.3076 589.0 984.276 1394.0286 1042.7838 336.4 609.3511 5674.3007 2167.9758;
	1715.0408 1153.1674 1834.7625 585.2056 939.6857 1383.8709 1025.8211 350.4109 553.4985 4708.4115 2223.2013;
	1800.0 1200.2495 1928.3204 601.2 1013.1491 1479.8964 1110.1959 363.0213 632.9007 4898.9434 2412.8884;
	1795.7353 1209.6174 1938.9677 596.0501 1005.1899 1453.1 1111.224 350.9853 674.4752 4890.4194 2392.6724;
	1771.0 1157.634 1812.4457 594.3094 938.2792 1387.6226 1078.4086 325.8339 652.005 5281.0161 2304.2831;
	1683.1985 1100.6 1764.4708 594.1408 876.7159 1295.4741 1026.5 312.3531 616.7568 5315.1635 2160.537;
	1599.3992 1030.0045 1650.2407 582.5225 828.7 1203.0 944.0832 261.4197 531.138 4848.6647 1926.1736;
	1501.5944 934.7806 1564.8725 547.469 812.6946 1116.0353 897.0 254.6777 492.7065 4748.259 1794.8009;
	1425.8 885.7613 1446.4246 570.5477 758.8558 1077.1605 866.3 251.123 498.2625 4429.2133 1728.6187;
];
