function loadprofile = ex_load_profilesh1
%EX_LOAD_PROFILE  Example load profile data file for stochastic unit commitment.
% 2022.03.12
% Andres F. Ramirez

%% define constants
[CT_LABEL, CT_PROB, CT_TABLE, CT_TBUS, CT_TGEN, CT_TBRCH, CT_TAREABUS, ...
    CT_TAREAGEN, CT_TAREABRCH, CT_ROW, CT_COL, CT_CHGTYPE, CT_REP, ...
    CT_REL, CT_ADD, CT_NEWVAL, CT_TLOAD, CT_TAREALOAD, CT_LOAD_ALL_PQ, ...
    CT_LOAD_FIX_PQ, CT_LOAD_DIS_PQ, CT_LOAD_ALL_P, CT_LOAD_FIX_P, ...
    CT_LOAD_DIS_P, CT_TGENCOST, CT_TAREAGENCOST, CT_MODCOST_F, ...
    CT_MODCOST_X] = idx_ct;

loadprofile = struct( ...
    'type', 'mpcData', ...
    'table', CT_TAREALOAD, ...
    'rows', [1:11], ...
    'col', CT_LOAD_ALL_P, ...
    'chgtype', 1, ...
    'values', [] );
loadprofile.values(:,1,:) = [
	1494.2035 948.5085 1564.812 566.3 849.6 1197.2909 842.3828 257.1 473.1061 4600.625 1782.7851;
	1492.344 939.8206 1544.7567 576.5 828.5583 1195.0487 824.8494 252.1821 441.0452 4452.22 1753.2869;
	1562.2201 990.4011 1589.364 577.3457 862.5807 1213.63 822.9375 251.9224 445.2965 4539.8308 1772.0953;
	1631.4647 1058.6678 1689.8089 580.5654 906.4 1280.2201 864.4258 274.0068 476.3749 4751.0377 1878.3349;
	1764.5498 1159.3619 1833.9656 612.5 1017.7 1420.8201 948.5494 294.1392 576.4634 5272.4 2108.6207;
	1869.5598 1230.5051 1953.547 624.953 1042.7025 1483.3348 992.5193 336.0527 652.971 5772.1014 2282.0803;
	1855.184 1249.9 1976.1193 615.5 1070.8 1480.1999 1048.8107 342.6 694.9241 6150.8131 2342.9;
	1858.5286 1229.8211 2002.027 581.1057 1055.23 1444.2205 1074.969 345.5 718.6315 6308.0834 2308.0233;
	1855.2114 1235.0416 2038.6787 603.8 1083.624 1478.7291 1084.0614 359.4212 738.5 6376.8102 2346.8;
	1756.7494 1192.0121 1948.2102 590.3701 1049.4908 1476.2838 1063.7906 357.5 711.5984 6326.8779 2250.7605;
	1764.1237 1189.7862 1951.1 590.559 1051.4 1456.4454 1072.7807 356.1 719.3994 6345.1264 2244.4093;
	1770.8759 1141.7876 1898.0921 588.5932 1021.5993 1439.7 1028.3017 357.3864 705.8107 6222.3766 2161.4546;
	1726.1562 1128.4737 1825.9533 585.8465 974.8746 1369.9692 1007.1834 346.7712 686.5923 6257.4263 2049.3899;
	1588.1708 1110.1038 1780.1407 595.1094 979.7595 1368.9573 994.0312 337.1423 672.6375 6106.0441 1900.1256;
	1469.5344 1102.13 1788.4548 594.5 984.0134 1387.0013 1023.8836 347.1 678.8129 6143.0087 2114.0154;
	1534.8434 1079.6739 1825.0221 583.5 1031.9088 1414.0941 1053.5 346.6504 707.3609 6238.4835 2213.0;
	1626.3837 1108.8325 1784.0263 600.0416 1043.8298 1480.5125 1088.2597 355.2567 718.9 6152.6205 2296.138;
	1702.9493 1190.9476 1883.9447 610.4446 1075.6558 1510.7252 1130.908 380.9936 752.0 6166.348 2424.3984;
	1703.0172 1207.1872 1900.6077 613.8769 1071.784 1517.3448 1118.1918 364.9 738.5 6095.6516 2372.7901;
	1708.7114 1165.4518 1838.9577 592.8 1029.3855 1480.433 1110.6879 347.9 731.0795 5924.6952 2352.3715;
	1597.9207 1065.7741 1732.4229 585.7586 964.4425 1345.4544 1037.5373 308.2068 681.7631 5538.4227 2168.596;
	1510.9 993.9552 1633.2 576.4458 901.8 1285.4836 966.0714 289.424 645.5339 5243.3987 2023.6425;
	1386.3871 927.581 1517.4089 539.2735 832.5 1203.4253 886.9 264.2999 545.3981 4805.2243 1841.9827;
	1351.6352 912.5918 1516.7848 526.6933 830.3313 1203.6969 877.246 257.0719 515.8 4642.0734 1769.9359;
];
