function loadprofile = ex_load_profilesh1
%EX_LOAD_PROFILE  Example load profile data file for stochastic unit commitment.
% 2022.03.12
% Andres F. Ramirez

%% define constants
[CT_LABEL, CT_PROB, CT_TABLE, CT_TBUS, CT_TGEN, CT_TBRCH, CT_TAREABUS, ...
    CT_TAREAGEN, CT_TAREABRCH, CT_ROW, CT_COL, CT_CHGTYPE, CT_REP, ...
    CT_REL, CT_ADD, CT_NEWVAL, CT_TLOAD, CT_TAREALOAD, CT_LOAD_ALL_PQ, ...
    CT_LOAD_FIX_PQ, CT_LOAD_DIS_PQ, CT_LOAD_ALL_P, CT_LOAD_FIX_P, ...
    CT_LOAD_DIS_P, CT_TGENCOST, CT_TAREAGENCOST, CT_MODCOST_F, ...
    CT_MODCOST_X] = idx_ct;

loadprofile = struct( ...
    'type', 'mpcData', ...
    'table', CT_TAREALOAD, ...
    'rows', [1:11], ...
    'col', CT_LOAD_ALL_P, ...
    'chgtype', 1, ...
    'values', [] );
loadprofile.values(:,1,:) = [
	1575.139 962.7 1661.2838 592.5296 883.8835 1193.0256 920.6672 264.3 536.4316 4859.7295 1841.5997;
	1549.991 958.1166 1632.057 600.5791 866.4568 1192.827 919.2178 263.7 529.1923 4784.82 1848.5241;
	1614.6 988.5107 1690.5045 601.0412 875.1943 1234.6907 949.9871 288.6 548.4763 4875.5978 1958.4638;
	1690.4176 1053.5583 1793.2319 610.2 932.8916 1295.1155 988.6 301.6 576.0 5014.3782 2001.355;
	1786.8175 1143.5596 1941.9968 634.906 1012.4778 1415.3 1079.5239 334.1083 645.4233 5575.2623 2212.8512;
	1869.5926 1219.0391 2047.5199 632.6521 1055.4058 1517.2297 1153.5 361.5 697.9618 6154.4044 2338.239;
	1861.1285 1224.1 1997.7529 623.2954 1050.4564 1509.3 1141.9869 367.4 696.9 6315.8 2346.2485;
	1829.7165 1244.2793 2032.1594 610.0896 1018.1 1441.6656 1146.0 358.0201 690.2 6526.459 2244.4681;
	1865.2353 1243.8783 2032.694 598.2729 1025.3361 1426.9142 1161.3296 354.6 689.1311 6629.1796 2238.8004;
	1862.2 1247.0417 2005.1173 589.3114 1012.8719 1389.2936 1149.2157 340.6521 686.3842 6610.0712 2204.1518;
	1788.728 1231.8417 1974.9031 570.9163 1012.8551 1399.2 1137.9069 350.2873 695.7 6564.1089 2206.4;
	1813.2479 1236.8214 1979.1205 561.6507 990.7076 1413.617 1110.8977 356.9226 706.8922 6538.2326 2294.9433;
	1773.8 1203.693 1951.1966 574.9564 999.2929 1384.5607 1119.8116 366.0484 677.9081 6433.3706 2215.1506;
	1751.881 1158.628 1892.1865 582.9377 945.9873 1391.2333 1126.6743 354.4634 672.3627 6556.0599 2251.2549;
	1738.548 1150.4721 1874.2382 583.9804 965.708 1390.0 1084.6772 343.6353 660.5525 6386.2862 2227.3348;
	1732.478 1182.6755 1915.9538 580.2827 968.6008 1452.0721 1085.6249 340.8062 660.9022 6628.382 2320.8;
	1743.0398 1212.5 1983.3042 581.0315 952.7334 1470.5362 1086.8322 356.9974 659.0529 6337.0335 2353.8793;
	1755.6025 1250.8563 2014.0127 593.715 1000.2681 1516.4186 1164.4102 374.0243 701.3156 6384.6557 2433.6;
	1756.156 1238.6669 1989.3756 592.9558 1014.6612 1475.3855 1161.6409 364.2709 716.1451 6256.1896 2460.9656;
	1737.8445 1189.2597 1934.0 594.3502 954.3058 1388.8718 1082.7065 338.1421 678.1 5941.3953 2312.436;
	1695.3849 1112.6148 1823.1008 571.3193 906.2191 1305.7236 1016.4703 328.6835 621.4 5599.2519 2131.2715;
	1560.8919 1040.8318 1729.6 580.6 859.235 1245.2 955.9121 293.2575 577.4314 5278.9865 1973.7521;
	1534.2202 964.0 1646.6568 577.3548 799.5 1118.6048 854.6 277.4043 530.3 5017.1506 1908.6;
	1521.4457 924.1307 1627.4086 583.705 799.0817 1091.551 843.8617 271.3 528.9522 5099.3109 1913.3771;
];
