function solarprofile = ex_solar_profilesh1
%EX_WIND_PROFILE_D  Example wind_load_nyiso profile data for deterministic unit commitment.
% 2022.03.12
% Andres F. Ramirez


%% define constants
[GEN_BUS, PG, QG, QMAX, QMIN, VG, MBASE, GEN_STATUS, PMAX, PMIN, ...
    MU_PMAX, MU_PMIN, MU_QMAX, MU_QMIN, PC1, PC2, QC1MIN, QC1MAX, ...
    QC2MIN, QC2MAX, RAMP_AGC, RAMP_10, RAMP_30, RAMP_Q, APF] = idx_gen;
[CT_LABEL, CT_PROB, CT_TABLE, CT_TBUS, CT_TGEN, CT_TBRCH, CT_TAREABUS, ...
    CT_TAREAGEN, CT_TAREABRCH, CT_ROW, CT_COL, CT_CHGTYPE, CT_REP, ...
    CT_REL, CT_ADD, CT_NEWVAL, CT_TLOAD, CT_TAREALOAD, CT_LOAD_ALL_PQ, ...
    CT_LOAD_FIX_PQ, CT_LOAD_DIS_PQ, CT_LOAD_ALL_P, CT_LOAD_FIX_P, ...
    CT_LOAD_DIS_P, CT_TGENCOST, CT_TAREAGENCOST, CT_MODCOST_F, ...
    CT_MODCOST_X] = idx_ct;

solarprofile = struct( ...
    'type', 'mpcData', ...
    'table', CT_TGEN, ...
    'rows', [1:12], ...
    'col', PMAX, ...
    'chgtype', 1, ...
    'values', [] );
solarprofile.values(:,1,:) = [
	0.0 0.0 0.0 0.0 0.0 0.0 0.0 0.0 0.0 0.0 0.0 0.0;
	0.0 0.0 0.0 0.0 0.0 0.0 0.0 0.0 0.0 0.0 0.0 0.0;
	0.0 0.0 0.0 0.0 0.0 0.0 0.0 0.0 0.0 0.0 0.0 0.0;
	0.0 0.0 0.0 0.0 0.0 0.0 0.0 0.0 0.0 0.0 0.0 0.0;
	0.0 0.0 0.0 0.0 0.0 0.0 0.0 0.0 0.0 0.0 0.0 0.0;
	0.5023 0.4237 0.4435 0.0 0.0 0.0041 0.0005 0.2 0.0 0.0 0.0 0.0;
	2.6256 4.6301 2.0225 6.4624 5.1951 288.4838 36.0605 32.6303 114.1689 15.4176 10.9309 27.9213;
	17.232 13.6213 10.7508 8.4504 5.6168 386.8249 48.3531 71.5996 206.6085 33.9226 23.2253 61.434;
	23.0802 16.6083 13.8 9.7054 6.6728 377.1333 47.1417 74.3323 221.6658 49.1303 32.5927 88.9752;
	22.7649 15.3144 12.8845 6.9968 4.9983 293.4263 36.6783 43.1061 146.1122 42.8348 14.8492 77.574;
	22.1851 12.5205 11.2275 6.7642 4.8574 322.2166 40.2771 26.6203 180.624 36.4559 13.4549 66.0218;
	24.8858 12.1926 11.4263 6.6046 4.1622 335.7642 41.9705 28.6144 189.4686 38.7428 20.6808 70.1635;
	15.287 6.7381 6.7946 5.2435 3.9522 255.0824 31.8853 24.7268 96.2444 64.4052 51.337 116.6382;
	12.0527 4.4877 4.3558 4.3453 3.2398 238.6872 29.8359 26.4531 72.7126 66.6229 46.483 120.6545;
	4.4121 2.2937 1.5811 3.2216 2.8644 186.6918 23.3365 17.1997 44.0698 43.8612 33.6771 79.4329;
	0.0 0.0 0.0 1.3286 0.2788 49.7854 6.2232 0.7823 5.4479 4.7276 3.6491 8.5618;
	0.3557 0.3047 0.2871 0.3585 0.1109 5.6064 0.7008 1.0608 2.2574 2.5011 2.3229 4.5295;
	0.0 0.0 0.0 0.0 0.0 0.0 0.0 0.0 0.0 0.0 0.0 0.0;
	0.0 0.0 0.0 0.0 0.0 0.0 0.0 0.0 0.0 0.0 0.0 0.0;
	0.0 0.0 0.0 0.0 0.0 0.0 0.0 0.0 0.0 0.0 0.0 0.0;
	0.0 0.0 0.0 0.0 0.0 0.0 0.0 0.0 0.0 0.0 0.0 0.0;
	0.0 0.0 0.0 0.0 0.0 0.0 0.0 0.0 0.0 0.0 0.0 0.0;
	0.0 0.0 0.0 0.0 0.0 0.0 0.0 0.0 0.0 0.0 0.0 0.0;
	0.0 0.0 0.0 0.0 0.0 0.0 0.0 0.0 0.0 0.0 0.0 0.0;
];
