function solarprofile = ex_solar_profilesh1
%EX_WIND_PROFILE_D  Example wind_load_nyiso profile data for deterministic unit commitment.
% 2022.03.12
% Andres F. Ramirez


%% define constants
[GEN_BUS, PG, QG, QMAX, QMIN, VG, MBASE, GEN_STATUS, PMAX, PMIN, ...
    MU_PMAX, MU_PMIN, MU_QMAX, MU_QMIN, PC1, PC2, QC1MIN, QC1MAX, ...
    QC2MIN, QC2MAX, RAMP_AGC, RAMP_10, RAMP_30, RAMP_Q, APF] = idx_gen;
[CT_LABEL, CT_PROB, CT_TABLE, CT_TBUS, CT_TGEN, CT_TBRCH, CT_TAREABUS, ...
    CT_TAREAGEN, CT_TAREABRCH, CT_ROW, CT_COL, CT_CHGTYPE, CT_REP, ...
    CT_REL, CT_ADD, CT_NEWVAL, CT_TLOAD, CT_TAREALOAD, CT_LOAD_ALL_PQ, ...
    CT_LOAD_FIX_PQ, CT_LOAD_DIS_PQ, CT_LOAD_ALL_P, CT_LOAD_FIX_P, ...
    CT_LOAD_DIS_P, CT_TGENCOST, CT_TAREAGENCOST, CT_MODCOST_F, ...
    CT_MODCOST_X] = idx_ct;

solarprofile = struct( ...
    'type', 'mpcData', ...
    'table', CT_TGEN, ...
    'rows', [1:12], ...
    'col', PMAX, ...
    'chgtype', 1, ...
    'values', [] );
solarprofile.values(:,1,:) = [
	0.0 0.0 0.0 0.0 0.0 0.0 0.0 0.0 0.0 0.0 0.0 0.0;
	0.0 0.0 0.0 0.0 0.0 0.0 0.0 0.0 0.0 0.0 0.0 0.0;
	0.0 0.0 0.0 0.0 0.0 0.0 0.0 0.0 0.0 0.0 0.0 0.0;
	0.0 0.0 0.0 0.0 0.0 0.0 0.0 0.0 0.0 0.0 0.0 0.0;
	0.0 0.0 0.0 0.0 0.0 0.0 0.0 0.0 0.0 0.0 0.0 0.0;
	0.4731 0.4018 0.4224 0.0 0.0 0.0 0.0 0.321 0.0 0.0 0.0 0.0;
	0.5537 0.4614 1.5961 1.908 3.3286 308.3159 38.5395 56.8467 176.7078 9.0004 7.4788 16.2997;
	9.1537 4.8212 8.8542 5.533 6.0471 435.5684 54.4461 72.2997 268.1353 34.375 21.2266 62.2534;
	19.7212 14.9722 13.8 8.5414 8.5002 448.1457 56.0182 75.04 276.0058 67.0854 36.4363 121.4921;
	20.648 12.7362 13.5902 9.308 11.6491 345.4523 43.1815 71.685 238.2306 98.053 40.9041 177.5745;
	21.267 14.9064 13.7115 9.7349 10.9001 320.3818 40.0477 73.3255 234.6555 97.338 51.9248 176.2797;
	23.0921 15.9967 13.7153 10.0221 10.7802 287.0834 35.8854 72.8651 222.5923 94.4386 57.691 171.029;
	10.0766 6.8631 6.4402 10.5801 12.7672 138.6631 17.3329 55.6467 140.8949 87.5685 51.333 158.5871;
	7.45 3.9503 4.0331 10.2488 12.1027 140.1868 17.5233 44.3343 124.0651 77.8205 42.4998 140.9335;
	4.5008 2.5886 2.7659 7.9934 9.7052 107.4071 13.4259 34.3867 98.1677 61.0562 25.6291 110.5732;
	1.3069 0.9497 1.3073 1.5348 0.6456 1.848 0.231 12.643 22.8826 13.1467 6.2861 23.8088;
	0.4517 0.5183 0.42 0.3565 0.089 3.1588 0.3949 1.4108 5.0923 6.9453 5.7344 12.5781;
	0.0 0.0 0.0 0.0 0.0 0.0 0.0 0.0 0.0 0.0 0.0 0.0;
	0.0 0.0 0.0 0.0 0.0 0.0 0.0 0.0 0.0 0.0 0.0 0.0;
	0.0 0.0 0.0 0.0 0.0 0.0 0.0 0.0 0.0 0.0 0.0 0.0;
	0.0 0.0 0.0 0.0 0.0 0.0 0.0 0.0 0.0 0.0 0.0 0.0;
	0.0 0.0 0.0 0.0 0.0 0.0 0.0 0.0 0.0 0.0 0.0 0.0;
	0.0 0.0 0.0 0.0 0.0 0.0 0.0 0.0 0.0 0.0 0.0 0.0;
	0.0 0.0 0.0 0.0 0.0 0.0 0.0 0.0 0.0 0.0 0.0 0.0;
];
