function solarprofile = ex_solar_profilesh1
%EX_WIND_PROFILE_D  Example wind_load_nyiso profile data for deterministic unit commitment.
% 2022.03.12
% Andres F. Ramirez


%% define constants
[GEN_BUS, PG, QG, QMAX, QMIN, VG, MBASE, GEN_STATUS, PMAX, PMIN, ...
    MU_PMAX, MU_PMIN, MU_QMAX, MU_QMIN, PC1, PC2, QC1MIN, QC1MAX, ...
    QC2MIN, QC2MAX, RAMP_AGC, RAMP_10, RAMP_30, RAMP_Q, APF] = idx_gen;
[CT_LABEL, CT_PROB, CT_TABLE, CT_TBUS, CT_TGEN, CT_TBRCH, CT_TAREABUS, ...
    CT_TAREAGEN, CT_TAREABRCH, CT_ROW, CT_COL, CT_CHGTYPE, CT_REP, ...
    CT_REL, CT_ADD, CT_NEWVAL, CT_TLOAD, CT_TAREALOAD, CT_LOAD_ALL_PQ, ...
    CT_LOAD_FIX_PQ, CT_LOAD_DIS_PQ, CT_LOAD_ALL_P, CT_LOAD_FIX_P, ...
    CT_LOAD_DIS_P, CT_TGENCOST, CT_TAREAGENCOST, CT_MODCOST_F, ...
    CT_MODCOST_X] = idx_ct;

solarprofile = struct( ...
    'type', 'mpcData', ...
    'table', CT_TGEN, ...
    'rows', [1:12], ...
    'col', PMAX, ...
    'chgtype', 1, ...
    'values', [] );
solarprofile.values(:,1,:) = [
	0.0 0.0 0.0 0.0 0.0 0.0 0.0 0.0 0.0 0.0 0.0 0.0;
	0.0 0.0 0.0 0.0 0.0 0.0 0.0 0.0 0.0 0.0 0.0 0.0;
	0.0 0.0 0.0 0.0 0.0 0.0 0.0 0.0 0.0 0.0 0.0 0.0;
	0.0 0.0 0.0 0.0 0.0 0.0 0.0 0.0 0.0 0.0 0.0 0.0;
	0.0 0.0 0.0 0.0 0.0 0.0 0.0 0.0 0.0 0.0 0.0 0.0;
	0.4731 0.4105 0.4257 0.0 0.0 0.0 0.0 0.2 0.0 0.0 0.0 0.0;
	8.3873 7.3528 5.7449 1.9758 2.5559 67.5648 8.4456 30.856 120.3154 12.8057 9.8582 23.1912;
	17.588 15.9074 11.43 6.1156 5.7831 394.8912 49.3614 69.5281 248.8776 34.0195 22.6099 61.6095;
	22.7709 16.701 13.8 10.0341 8.3046 443.8664 55.4833 73.1378 269.6218 72.9544 52.1683 132.1209;
	24.8564 16.1758 13.6408 10.2179 7.9559 397.6801 49.71 54.9176 253.568 246.8287 137.2104 447.0083;
	25.444 16.371 13.7418 8.7335 7.8997 376.123 47.0154 55.0898 239.1818 223.058 92.1229 403.9593;
	25.1951 16.3954 13.7259 6.5921 6.4047 336.9313 42.1164 55.3053 202.0804 139.5055 51.6311 252.6454;
	13.7901 12.5537 9.4949 1.8423 3.1265 143.1794 17.8974 21.6584 103.7031 64.7809 19.6316 117.3187;
	11.9689 12.2954 9.006 1.1476 2.1789 133.2354 16.6544 20.3058 99.8393 55.1189 23.0126 99.8206;
	8.6552 8.0412 6.9269 0.845 1.7917 115.1841 14.398 16.6716 92.37 43.9288 32.9541 79.5554;
	3.9349 2.6748 5.6503 0.4317 0.053 29.7743 3.7218 4.6229 33.2421 11.4587 21.2756 20.7518;
	0.7102 0.406 0.6865 0.2946 0.1617 6.0008 0.7501 2.0481 2.4179 0.498 3.6703 0.9019;
	0.0 0.0 0.0 0.0 0.0 0.0 0.0 0.0 0.0 0.0 0.0 0.0;
	0.0 0.0 0.0 0.0 0.0 0.0 0.0 0.0 0.0 0.0 0.0 0.0;
	0.0 0.0 0.0 0.0 0.0 0.0 0.0 0.0 0.0 0.0 0.0 0.0;
	0.0 0.0 0.0 0.0 0.0 0.0 0.0 0.0 0.0 0.0 0.0 0.0;
	0.0 0.0 0.0 0.0 0.0 0.0 0.0 0.0 0.0 0.0 0.0 0.0;
	0.0 0.0 0.0 0.0 0.0 0.0 0.0 0.0 0.0 0.0 0.0 0.0;
	0.0 0.0 0.0 0.0 0.0 0.0 0.0 0.0 0.0 0.0 0.0 0.0;
];
