function solarprofile = ex_solar_profilesh1
%EX_WIND_PROFILE_D  Example wind_load_nyiso profile data for deterministic unit commitment.
% 2022.03.12
% Andres F. Ramirez


%% define constants
[GEN_BUS, PG, QG, QMAX, QMIN, VG, MBASE, GEN_STATUS, PMAX, PMIN, ...
    MU_PMAX, MU_PMIN, MU_QMAX, MU_QMIN, PC1, PC2, QC1MIN, QC1MAX, ...
    QC2MIN, QC2MAX, RAMP_AGC, RAMP_10, RAMP_30, RAMP_Q, APF] = idx_gen;
[CT_LABEL, CT_PROB, CT_TABLE, CT_TBUS, CT_TGEN, CT_TBRCH, CT_TAREABUS, ...
    CT_TAREAGEN, CT_TAREABRCH, CT_ROW, CT_COL, CT_CHGTYPE, CT_REP, ...
    CT_REL, CT_ADD, CT_NEWVAL, CT_TLOAD, CT_TAREALOAD, CT_LOAD_ALL_PQ, ...
    CT_LOAD_FIX_PQ, CT_LOAD_DIS_PQ, CT_LOAD_ALL_P, CT_LOAD_FIX_P, ...
    CT_LOAD_DIS_P, CT_TGENCOST, CT_TAREAGENCOST, CT_MODCOST_F, ...
    CT_MODCOST_X] = idx_ct;

solarprofile = struct( ...
    'type', 'mpcData', ...
    'table', CT_TGEN, ...
    'rows', [1:12], ...
    'col', PMAX, ...
    'chgtype', 1, ...
    'values', [] );
solarprofile.values(:,1,:) = [
	0.0 0.0 0.0 0.0 0.0 0.0 0.0 0.0 0.0 0.0 0.0 0.0;
	0.0 0.0 0.0 0.0 0.0 0.0 0.0 0.0 0.0 0.0 0.0 0.0;
	0.0 0.0 0.0 0.0 0.0 0.0 0.0 0.0 0.0 0.0 0.0 0.0;
	0.0 0.0 0.0 0.0 0.0 0.0 0.0 0.0 0.0 0.0 0.0 0.0;
	0.0 0.0 0.0 0.0 0.0 0.0 0.0 0.0 0.0 0.0 0.0 0.0;
	0.4731 0.4018 0.4224 0.0 0.0 0.0 0.0 0.2 0.0 0.0 0.0 0.0;
	7.0368 6.9857 3.6808 6.5233 5.1429 129.8711 16.2339 59.6869 135.1049 16.5845 1.094 30.0346;
	19.4067 15.5557 12.3758 10.8406 6.8962 446.604 55.8255 76.2324 269.6171 92.2858 9.8247 167.1302;
	23.3386 16.6806 13.8872 11.4473 7.4475 464.6741 58.0843 77.4747 281.6451 176.6109 22.9483 319.8434;
	24.2858 16.3578 13.7369 7.6757 5.5397 406.6508 50.8314 71.0918 245.053 217.8649 58.124 394.5546;
	25.1707 16.636 13.7851 6.5381 7.8746 424.7067 53.0883 69.4462 272.1233 235.9248 121.9696 427.2612;
	25.3628 16.8686 13.8543 5.3908 8.2587 447.3034 55.9129 69.9493 283.2782 231.3234 122.9083 418.928;
	23.2102 16.4221 13.4831 3.5273 6.0494 400.422 50.0527 66.5621 215.8174 153.5876 49.0034 278.1481;
	22.2039 16.8653 13.4906 3.91 4.3341 370.8693 46.3587 66.4559 128.8681 105.6049 27.701 191.2512;
	15.2872 15.0182 11.2855 3.749 4.2321 272.1481 34.0185 64.8029 75.026 66.8097 15.7533 120.9928;
	3.4607 4.5137 5.1617 4.0284 2.7818 113.2339 14.1542 53.5614 13.122 15.8811 5.498 28.7608;
	0.673 0.7071 0.6693 0.9988 0.8895 34.8764 4.3595 6.2778 10.415 6.5227 2.2671 11.8127;
	0.0 0.0 0.0 0.0 0.0 0.0 0.0 0.0 0.0 0.0 0.0 0.0;
	0.0 0.0 0.0 0.0 0.0 0.0 0.0 0.0 0.0 0.0 0.0 0.0;
	0.0 0.0 0.0 0.0 0.0 0.0 0.0 0.0 0.0 0.0 0.0 0.0;
	0.0 0.0 0.0 0.0 0.0 0.0 0.0 0.0 0.0 0.0 0.0 0.0;
	0.0 0.0 0.0 0.0 0.0 0.0 0.0 0.0 0.0 0.0 0.0 0.0;
	0.0 0.0 0.0 0.0 0.0 0.0 0.0 0.0 0.0 0.0 0.0 0.0;
	0.0 0.0 0.0 0.0 0.0 0.0 0.0 0.0 0.0 0.0 0.0 0.0;
];
