function windprofile = ex_wind_profilesh1
%EX_WIND_PROFILE_D  Example wind_load_nyiso profile data for deterministic unit commitment.
% 2022.03.12
% Andres F. Ramirez


%% define constants
[GEN_BUS, PG, QG, QMAX, QMIN, VG, MBASE, GEN_STATUS, PMAX, PMIN, ...
    MU_PMAX, MU_PMIN, MU_QMAX, MU_QMIN, PC1, PC2, QC1MIN, QC1MAX, ...
    QC2MIN, QC2MAX, RAMP_AGC, RAMP_10, RAMP_30, RAMP_Q, APF] = idx_gen;
[CT_LABEL, CT_PROB, CT_TABLE, CT_TBUS, CT_TGEN, CT_TBRCH, CT_TAREABUS, ...
    CT_TAREAGEN, CT_TAREABRCH, CT_ROW, CT_COL, CT_CHGTYPE, CT_REP, ...
    CT_REL, CT_ADD, CT_NEWVAL, CT_TLOAD, CT_TAREALOAD, CT_LOAD_ALL_PQ, ...
    CT_LOAD_FIX_PQ, CT_LOAD_DIS_PQ, CT_LOAD_ALL_P, CT_LOAD_FIX_P, ...
    CT_LOAD_DIS_P, CT_TGENCOST, CT_TAREAGENCOST, CT_MODCOST_F, ...
    CT_MODCOST_X] = idx_ct;

windprofile = struct( ...
    'type', 'mpcData', ...
    'table', CT_TGEN, ...
    'rows', [1:45], ...
    'col', PMAX, ...
    'chgtype', 1, ...
    'values', [] );
windprofile.values(:,1,:) = [
	0.784 10.5942 58.2625 64.8535 7.4252 4.7296 0.2708 8.8405 1.0778 20.0517 37.0653 55.2941 83.2449 0.0 146.412 55.1599 68.4391 72.525 73.3122 70.1494 0.0903 11.0357 63.3237 77.3814 50.2141 49.0747 4.3307 249.1424 358.1311 358.1311 234.4882 44.4151 244.374 180.5648 0.0 152.8026 428.5207 87.667 24.552 134.5022 59.9849 52.467 20.1918 78.0452 432.9845;
	0.5612 7.5837 55.9656 64.7833 6.9662 3.9392 0.058 11.7145 0.0671 12.5141 23.132 34.5084 51.9523 0.0 119.7619 45.1196 55.9817 59.3239 64.9878 69.58 0.0193 9.1914 27.404 71.8697 52.8707 51.2 6.0365 435.1931 237.5448 237.5448 156.5404 26.7509 216.6259 179.0991 0.0 101.3525 325.7847 86.0365 1.2742 141.6179 69.6043 43.6984 19.7972 97.1115 329.1783;
	0.3863 5.2196 62.0979 69.0033 5.8322 2.3147 0.0 11.9476 0.0 10.0318 18.5436 27.6634 41.6472 0.2938 76.9914 29.0061 35.989 38.1376 58.3077 67.2787 0.0 5.4009 22.8947 79.2885 57.1743 56.7699 6.1771 378.6011 74.4796 74.4796 49.1039 14.4402 194.3589 173.1755 0.9212 31.778 196.3251 4.6378 4.3642 153.1455 65.2136 25.6772 19.962 107.3658 198.3701;
	0.4142 5.5971 67.2815 76.8175 7.3799 0.826 0.4597 12.9724 0.0 15.2397 28.1704 42.0248 63.268 2.2955 69.2988 26.1079 32.3932 34.3271 41.1282 65.0664 0.1532 1.9272 44.607 77.6142 60.4137 66.184 7.1566 200.1679 92.2055 92.2055 23.6935 16.77 137.0941 167.481 7.1966 39.341 211.895 7.0119 8.2544 161.8225 62.4482 9.1625 11.1235 141.8597 214.1023;
	0.4389 5.9302 74.4085 76.7995 8.2317 0.023 0.3217 13.362 0.2088 14.8927 27.529 41.0679 61.8274 21.0298 97.6864 36.8028 45.6627 48.3888 46.9483 64.0177 0.1072 0.0536 45.3203 75.4671 71.9621 67.7062 8.2432 54.2679 102.1953 102.1953 64.9226 8.1459 156.4942 164.7816 65.9311 43.6033 281.2997 44.2621 11.3745 192.7557 56.7029 0.2548 0.0906 141.8596 284.2299;
	0.4152 5.6099 77.6623 66.0541 7.0632 3.8999 0.0 12.4391 0.0 7.9009 14.6046 21.7873 32.8006 30.6983 111.4179 41.976 52.0814 55.1907 76.2099 66.1346 0.0 9.0997 30.7191 80.5431 56.6663 64.0356 7.1776 14.8301 13.5682 13.5682 21.8705 8.0505 254.0331 170.2306 96.2432 5.7891 13.3499 6.3155 27.3568 151.7848 44.2045 43.2624 22.6896 135.2381 13.489;
	0.309 4.1753 54.2012 40.6126 5.8136 2.1357 3.5354 7.7914 1.7429 5.8003 10.7217 15.9947 24.0799 22.1752 101.9983 38.4273 47.6783 50.5247 60.043 66.7611 1.1785 4.9833 18.46 53.4183 34.0289 57.4395 4.0522 29.543 17.0805 17.0805 53.4382 1.7807 200.1433 171.8432 69.5221 7.2877 16.7313 16.574 24.5123 91.1488 20.9886 23.6921 26.6945 138.9769 16.9056;
	0.3612 4.8807 30.0823 26.2722 0.926 1.7943 3.7815 6.3553 1.3412 2.8914 5.3447 7.9732 12.0037 13.4895 45.4668 17.1294 21.2531 22.522 12.0718 45.5063 1.2605 4.1868 3.0278 28.9518 28.5978 52.7087 4.0116 51.1341 12.797 12.797 44.5083 0.8246 40.2395 117.1333 42.2914 5.46 27.0578 14.9302 7.1405 76.6012 3.0896 19.905 0.0 103.1301 27.3396;
	0.4808 6.4963 24.9106 22.4733 1.1395 0.0195 0.0 4.4041 0.3268 0.0739 0.1367 0.2039 0.307 2.9262 10.4165 3.9244 4.8691 5.1598 0.2192 17.5557 0.0 0.0454 0.8829 9.8917 25.986 40.647 3.7715 0.0198 2.193 2.193 6.4961 0.0 0.7307 45.1884 9.1742 0.9357 0.3467 1.7917 19.0036 69.6054 0.0 0.2159 0.0 62.9688 0.3504;
	0.4859 6.5662 14.8988 20.4633 1.6943 0.0 0.1411 2.9344 0.5983 0.0006 0.0011 0.0016 0.0024 5.1065 0.5601 0.211 0.2618 0.2774 0.0018 11.8706 0.047 0.0 0.0 2.5462 20.7113 18.1207 1.3405 27.8676 65.686 65.686 7.3229 0.1527 0.0059 30.5549 16.0094 28.026 24.0961 2.5801 0.9552 55.4767 0.0 0.0 30.4926 53.4738 24.3471;
	0.8115 10.9651 40.742 1.1781 10.1278 0.1557 0.0 2.4764 4.6021 4.1238 7.6228 11.3718 17.1201 8.0034 0.0059 0.0022 0.0028 0.0029 0.0 11.5489 0.0 0.3632 5.8795 39.8749 42.1325 34.2622 0.6872 52.5133 80.6201 80.6201 12.2923 0.1541 0.0 29.7268 25.0917 34.3979 60.9844 0.022 0.4503 112.8548 0.0007 1.7268 0.0 84.2614 61.6196;
	1.5984 21.5981 61.3497 5.0292 13.0924 0.0 0.3219 0.0485 0.9094 0.3298 0.6095 0.9093 1.369 15.3423 0.0 0.0 0.0 0.0 0.3831 8.4138 0.1073 0.0 35.9568 54.5198 5.7817 40.0152 0.0059 131.6948 125.635 125.635 35.0812 3.2056 1.277 21.6571 48.1 53.6043 132.701 1.3364 23.6743 15.4868 0.0 0.0 0.0156 115.2943 134.0833;
	2.1871 29.553 82.5143 12.5355 13.9151 0.6738 0.2195 0.1931 0.0 17.2048 31.8029 47.4436 71.4261 1.1493 0.0 0.0 0.0 0.0 0.0025 4.1557 0.0732 1.5722 4.4143 66.6783 68.1815 48.1432 0.0982 199.4558 174.6355 174.6355 1.4707 1.7549 0.0083 10.6968 3.6033 74.5111 169.9794 0.8765 0.0701 182.6291 0.0873 7.4746 97.3108 151.3929 171.75;
	1.8228 24.6298 9.3623 7.8516 13.812 18.4545 0.2879 0.1464 2.4314 0.0022 0.0041 0.0061 0.0091 8.0417 0.0 0.0 0.0 0.0 1.3053 3.7384 0.096 43.0604 14.3104 18.3746 3.6098 32.3006 0.2731 194.1403 221.2146 221.2146 20.4023 4.7645 4.3511 9.6226 25.212 94.3849 195.246 11.3246 1.3589 9.6691 1.3658 204.7215 75.68 128.0405 197.2798;
	2.368 31.997 22.0504 58.9703 9.2645 6.9058 4.0652 0.1252 8.6453 0.576 1.0647 1.5884 2.3913 17.2772 1.0331 0.3892 0.4829 0.5117 24.8644 0.3568 1.3551 16.1136 3.8731 37.2803 6.02 0.3932 0.6923 279.432 285.6561 285.6561 109.6806 8.8388 82.8813 0.9184 54.1665 121.8799 270.7069 28.0502 134.836 16.1251 19.8972 76.6089 84.0783 98.1236 273.5267;
	3.4349 46.4125 86.1512 3.7682 13.5225 7.0401 8.186 0.4172 4.9683 0.0081 0.015 0.0224 0.0338 34.4751 0.0 0.0 0.0 0.0 4.3683 0.0539 2.7287 16.4268 16.3896 22.8458 3.4392 0.0343 0.4182 402.8296 315.9554 315.9554 184.9036 13.7179 14.5609 0.1388 108.0842 134.8076 340.7433 45.742 55.6494 9.2121 17.2097 78.0979 25.7496 184.6384 344.2927;
	3.6864 49.8111 21.3721 9.7065 14.6982 23.2859 8.4033 2.3654 2.8399 0.3224 0.5959 0.889 1.3383 12.0538 7.7958 2.937 3.6441 3.8617 0.4407 0.5258 2.8011 54.3337 0.0 24.337 12.1492 1.1651 2.2294 411.1401 424.3431 424.3431 201.7042 28.4209 1.4689 1.3534 37.7904 181.0531 518.1003 79.9697 27.9448 32.5424 69.7778 258.318 147.8988 230.2425 523.4971;
	2.9148 39.3849 9.9526 26.7573 14.1919 19.8056 10.9485 1.4429 9.8018 2.1994 4.0656 6.0651 9.131 16.3655 0.0 0.0 0.0 0.0 0.1455 0.3232 3.6495 46.2131 5.9863 34.9613 8.6233 3.4035 0.6748 618.439 547.5972 547.5972 359.098 39.097 0.4851 0.8318 51.308 233.6415 626.2413 108.0312 57.872 23.0981 13.3879 219.7102 119.1515 232.524 632.7646;
	3.2932 44.4981 86.8491 52.9367 14.8356 25.8649 2.8648 6.5431 1.3248 8.1948 15.1479 22.5977 34.0207 8.2388 0.0 0.0 0.0 0.0 0.3185 36.2814 0.9549 60.3515 3.3774 52.4011 31.2533 62.4125 1.7538 789.2466 464.729 464.729 393.5919 46.5157 1.0618 93.3885 25.8298 198.2844 673.3935 85.0097 2.9567 83.7143 51.6836 286.9284 114.2473 221.0006 680.408;
	3.2712 44.2014 18.8224 31.3863 14.3758 7.0261 20.0281 10.5757 26.1207 21.0789 38.964 58.1266 87.5093 45.849 8.8636 3.3393 4.1432 4.3906 0.0898 20.2394 6.676 16.3942 43.6889 46.3704 22.5734 52.1217 2.8629 796.4948 456.6541 456.6541 364.8357 42.3419 0.2993 52.0963 143.7428 194.8391 633.6336 81.5116 114.3957 60.4645 32.4832 77.9426 114.8875 192.6605 640.2339;
