function windprofile = ex_wind_profilesh1
%EX_WIND_PROFILE_D  Example wind_load_nyiso profile data for deterministic unit commitment.
% 2022.03.12
% Andres F. Ramirez


%% define constants
[GEN_BUS, PG, QG, QMAX, QMIN, VG, MBASE, GEN_STATUS, PMAX, PMIN, ...
    MU_PMAX, MU_PMIN, MU_QMAX, MU_QMIN, PC1, PC2, QC1MIN, QC1MAX, ...
    QC2MIN, QC2MAX, RAMP_AGC, RAMP_10, RAMP_30, RAMP_Q, APF] = idx_gen;
[CT_LABEL, CT_PROB, CT_TABLE, CT_TBUS, CT_TGEN, CT_TBRCH, CT_TAREABUS, ...
    CT_TAREAGEN, CT_TAREABRCH, CT_ROW, CT_COL, CT_CHGTYPE, CT_REP, ...
    CT_REL, CT_ADD, CT_NEWVAL, CT_TLOAD, CT_TAREALOAD, CT_LOAD_ALL_PQ, ...
    CT_LOAD_FIX_PQ, CT_LOAD_DIS_PQ, CT_LOAD_ALL_P, CT_LOAD_FIX_P, ...
    CT_LOAD_DIS_P, CT_TGENCOST, CT_TAREAGENCOST, CT_MODCOST_F, ...
    CT_MODCOST_X] = idx_ct;

windprofile = struct( ...
    'type', 'mpcData', ...
    'table', CT_TGEN, ...
    'rows', [1:45], ...
    'col', PMAX, ...
    'chgtype', 1, ...
    'values', [] );
windprofile.values(:,1,:) = [
	0.7706 10.4122 52.5884 64.8372 8.0651 12.5454 0.0302 9.0173 2.7146 19.9741 36.9218 55.08 82.9226 54.8242 160.1305 60.3282 74.8517 79.3204 81.9951 68.4387 0.0101 29.2726 68.9656 74.9612 51.4111 49.4606 4.7004 203.4814 300.406 300.406 223.8086 43.7249 273.317 176.1613 171.8813 128.1732 369.5168 100.251 22.8231 137.7082 68.0893 139.1705 0.2701 61.8912 373.3659;
	0.4311 5.8252 46.4901 61.2493 7.1289 5.4435 1.1311 12.2443 0.1084 10.5919 19.5789 29.2079 43.9723 17.3963 126.446 47.6378 59.1062 62.6349 75.0095 66.8512 0.377 12.7015 29.9852 74.8076 52.0396 49.7245 6.7667 73.541 201.6601 201.6601 143.4008 26.9283 250.0317 172.0753 54.5398 86.0416 264.685 98.0207 41.4663 139.3918 80.3935 60.3865 0.0 69.4131 267.4422;
	0.3046 4.1163 59.47 67.2901 7.0111 18.3749 3.0397 12.7797 2.8383 8.9623 16.5667 24.7142 37.2071 6.9216 92.8549 34.9826 43.4043 45.9956 69.0578 68.7838 1.0132 42.8749 24.6523 80.865 59.7094 56.766 6.8558 100.2369 2.7283 2.7283 12.6719 17.0035 230.1928 177.0497 21.7001 1.1641 153.2194 14.777 54.8778 159.9359 69.2523 203.8394 2.5086 93.9768 154.8154;
	0.3744 5.0584 65.5726 74.706 8.5226 8.4917 0.3544 14.0405 0.7396 5.2918 9.7818 14.5925 21.9689 8.0265 87.2554 32.873 40.7868 43.2219 46.8496 61.8402 0.1181 19.814 33.926 81.9855 67.1507 66.8476 7.3598 125.0535 0.807 0.807 4.6206 17.3562 156.1654 159.1769 25.1642 0.3443 10.7808 6.2839 10.4935 179.8681 63.1266 94.2013 1.4129 131.4488 10.8931;
	0.4899 6.6194 73.8492 72.8358 9.911 2.4898 0.2941 14.3069 0.0423 5.1165 9.4578 14.1092 21.2413 3.2266 117.9045 44.4198 55.1135 58.4038 58.757 62.8087 0.098 5.8094 22.3137 82.0569 80.5096 68.9384 7.9932 76.9323 2.5163 2.5163 4.3965 8.7906 195.8568 161.6698 10.1159 1.0736 16.213 7.3258 0.0557 215.6507 55.9612 27.6197 0.0021 134.57 16.3819;
	0.4663 6.3003 73.8152 61.613 10.2585 4.0074 0.7293 12.1709 0.0 4.7815 8.8385 13.1854 19.8505 2.1121 113.9399 42.9262 53.2603 56.44 73.5429 60.5955 0.2431 9.3506 2.8262 77.9938 58.394 64.6995 6.7109 77.0045 6.7855 6.7855 1.4049 5.8165 245.1431 155.9729 6.6217 2.8952 23.7363 0.7013 0.0 156.4126 45.5383 44.4554 18.4442 124.3886 23.9836;
	0.4917 6.6434 53.2288 40.4547 9.7125 2.9429 3.4219 8.1113 1.6726 6.0007 11.0921 16.5473 24.9119 0.2455 96.0795 36.1974 44.9116 47.5928 60.809 61.3967 1.1406 6.8667 11.8375 56.1713 36.1532 63.1345 3.7161 43.0633 0.0062 0.0062 0.0 0.0 202.6968 158.0353 0.7697 0.0026 7.5711 0.6806 0.0 96.8389 21.8472 32.6465 23.0284 130.1056 7.65;
	0.5389 7.2814 33.8908 27.7685 4.3885 2.9687 4.1129 7.1692 1.9084 4.1407 7.6541 11.4184 17.1904 1.2203 56.8628 21.4227 26.5801 28.1669 18.9603 43.6382 1.371 6.927 8.6753 36.4531 33.861 58.0976 4.3384 17.3517 0.0 0.0 0.0 0.0 63.201 112.3248 3.8257 0.0 6.0196 0.0 0.0 90.6992 9.4261 32.9328 0.1054 105.3415 6.0823;
	0.6326 8.5473 25.7075 24.9866 4.5266 0.0156 0.0 5.4146 0.0077 0.008 0.0148 0.0221 0.0332 0.7925 15.8638 5.9766 7.4154 7.8581 7.1369 12.3443 0.0 0.0364 3.0234 34.6483 28.9498 51.386 4.2152 5.2689 0.0 0.0 0.0 0.0 23.7898 31.7742 2.4847 0.0 1.4306 0.0 0.0 77.544 3.9449 0.173 0.1547 71.0745 1.4455;
	0.6567 8.873 28.7985 25.023 8.565 0.1177 0.0 4.5655 0.0 0.0 0.0 0.0 0.0 1.1813 7.7215 2.909 3.6093 3.8248 0.0027 10.6129 0.0 0.2746 3.6796 36.3617 28.7507 45.5284 3.1311 24.1398 4.8964 4.8964 0.0 0.0418 0.0091 27.3176 3.7036 2.0891 0.0 0.0 0.0 77.0108 11.4489 1.3054 47.3266 87.67 0.0;
	0.8879 11.9975 38.309 0.4606 11.9315 0.4791 0.0 3.324 0.0 0.0 0.0 0.0 0.0 9.1794 6.8076 2.5647 3.1822 3.3722 1.1781 10.8688 0.0 1.1178 21.3784 38.8239 41.7953 43.9114 1.1264 55.7102 41.8475 41.8475 0.067 0.2283 3.9269 27.9764 28.7787 17.8549 45.3306 2.3201 0.0 111.9516 5.5983 5.3145 2.8012 87.3686 45.8028;
	1.6241 21.9446 60.9822 5.4125 13.9691 1.6209 0.0 0.0141 0.0 0.0 0.0 0.0 0.0 11.5649 0.2272 0.0856 0.1062 0.1125 0.0296 6.3594 0.0 3.782 33.1066 57.0543 3.2644 45.4395 0.0066 178.5619 94.8871 94.8871 3.563 6.0229 0.0988 16.3691 36.2575 40.4852 115.6209 1.6197 0.0171 8.7438 0.7597 17.9809 0.0307 124.8717 116.8253;
	2.1274 28.746 81.2408 8.4676 14.4834 0.0947 0.0667 0.3134 0.0 17.7466 32.8044 48.9377 73.6754 7.8196 37.2243 14.024 17.4002 18.439 2.5772 10.1095 0.0222 0.2209 6.6297 70.8811 64.8284 53.1518 0.0299 217.8118 152.6415 152.6415 0.0552 2.5891 8.5907 26.0218 24.5154 65.127 164.6671 0.2542 14.1731 173.6476 4.2316 1.0501 98.4194 161.4221 166.3824;
	1.8696 25.2624 9.6183 8.0831 14.638 19.0316 0.0 0.2378 0.0 0.0 0.0 0.0 0.0 19.682 4.8069 1.811 2.2469 2.3811 0.0445 8.1383 0.0 44.4071 33.9056 58.3809 11.3856 30.8293 0.0016 187.1521 197.4395 197.4395 0.0079 10.328 0.1482 20.9481 61.7056 84.2408 183.0948 6.6681 4.353 30.4972 7.2266 211.1241 73.2413 130.9917 185.0021;
	2.1822 29.4863 0.8288 0.0145 10.116 0.9979 0.001 0.0015 0.0 0.0 0.0 0.0 0.0 5.4323 10.6111 3.9977 4.9601 5.2562 0.7234 0.5143 0.0003 2.3285 0.9958 32.428 9.8597 0.005 0.0 271.9023 265.1027 265.1027 86.8982 9.3013 2.4114 1.3238 17.0309 113.1105 272.8528 11.7917 0.0 26.4099 1.5656 11.0702 76.2292 96.1292 275.695;
	3.1805 42.9756 83.1798 9.0479 14.4903 3.0363 4.0158 0.5712 2.2322 0.0001 0.0003 0.0004 0.0006 10.7079 22.3069 8.404 10.4272 11.0497 5.1089 4.727 1.3386 7.0846 35.7815 11.9122 8.1825 0.2281 0.0024 407.83 309.451 309.451 172.962 12.9582 17.0295 12.1674 33.5709 132.0324 335.7821 38.4628 2.6139 21.9173 15.6072 33.6823 2.1973 169.4391 339.2799;
	3.3907 45.8157 0.0207 0.5051 14.7604 2.1971 2.2312 0.0672 0.6021 0.0 0.0 0.0 0.0 0.1209 3.7519 1.4135 1.7538 1.8585 5.156 0.3554 0.7437 5.1266 0.0 2.9108 2.571 0.0 0.0059 375.4599 376.2384 376.2384 170.8688 24.8364 17.1867 0.9148 0.379 160.5284 442.5204 60.8444 0.6529 6.8866 3.6601 24.3733 132.641 211.8986 447.13;
	2.7838 37.6154 0.0603 1.0928 14.1984 18.4337 1.1776 0.0 0.1209 0.0 0.0 0.0 0.0 3.0683 1.2479 0.4701 0.5833 0.6181 1.6911 0.1996 0.3925 43.012 0.0 0.0284 0.0 0.0 0.0061 591.0204 489.6541 489.6541 306.1805 35.0509 5.6368 0.5139 9.6196 208.9191 571.0678 89.3567 3.4757 0.0 0.0702 204.4916 107.4709 202.8509 577.0164;
	2.9173 39.4191 78.9584 0.0 14.1154 24.3954 0.0 0.0002 0.0 6.5403 12.0897 18.0355 27.1523 8.3635 14.8429 5.592 6.9382 7.3524 13.2897 39.9993 0.0 56.9225 1.566 0.0 0.0 43.8573 0.0061 792.3723 449.2522 449.2522 338.1844 45.5673 44.2991 102.9584 26.2206 191.6809 615.5767 70.6242 31.9406 0.0 0.0088 270.6258 93.2408 194.9808 621.989;
	2.9072 39.2832 0.5852 3.6014 14.3755 0.0794 16.0777 1.0627 24.9363 19.6447 36.3129 54.1717 81.5552 10.8023 58.0167 21.8574 27.1194 28.7385 10.2642 22.7385 5.3592 0.1852 49.9413 0.8931 2.6231 49.107 0.5596 789.9133 455.054 455.054 338.2568 46.9613 34.2141 58.5289 33.8667 194.1564 588.8413 75.1883 53.8478 7.0262 0.0973 0.8803 101.4481 168.0942 594.975;
	3.1859 43.0491 85.3476 16.179 14.5913 1.5244 0.0 1.3905 25.5391 21.7392 40.1847 59.9476 90.2508 8.6646 27.9564 10.5324 13.068 13.8482 14.2041 33.138 0.0 3.557 68.4592 81.2997 11.5039 52.4785 0.0417 631.1179 394.3032 394.3032 234.3926 57.1076 47.347 85.2973 27.1646 168.236 564.8985 75.2594 0.0289 30.8139 4.8394 16.9109 97.7696 165.3662 570.7828;
