function loadprofile = ex_load_profilesh1
%EX_LOAD_PROFILE  Example load profile data file for stochastic unit commitment.
% 2022.03.12
% Andres F. Ramirez

%% define constants
[CT_LABEL, CT_PROB, CT_TABLE, CT_TBUS, CT_TGEN, CT_TBRCH, CT_TAREABUS, ...
    CT_TAREAGEN, CT_TAREABRCH, CT_ROW, CT_COL, CT_CHGTYPE, CT_REP, ...
    CT_REL, CT_ADD, CT_NEWVAL, CT_TLOAD, CT_TAREALOAD, CT_LOAD_ALL_PQ, ...
    CT_LOAD_FIX_PQ, CT_LOAD_DIS_PQ, CT_LOAD_ALL_P, CT_LOAD_FIX_P, ...
    CT_LOAD_DIS_P, CT_TGENCOST, CT_TAREAGENCOST, CT_MODCOST_F, ...
    CT_MODCOST_X] = idx_ct;

loadprofile = struct( ...
    'type', 'mpcData', ...
    'table', CT_TAREALOAD, ...
    'rows', [1:11], ...
    'col', CT_LOAD_ALL_P, ...
    'chgtype', 1, ...
    'values', [] );
loadprofile.values(:,1,:) = [
	1582.4093 963.8 1671.8541 559.5397 860.9826 1171.8 873.1459 274.4 547.4387 4641.7402 1758.7753;
	1608.5 978.2 1684.9038 570.4 875.427 1206.7395 891.2044 272.6 559.0515 4626.5 1779.6182;
	1604.7945 982.569 1701.9999 565.5195 882.79 1227.2154 904.9585 273.8 542.8402 4608.835 1758.8578;
	1685.6308 1060.4 1823.3 587.8609 926.6647 1310.068 962.1 293.2496 579.1202 4923.1189 1904.904;
	1805.8 1188.9118 2021.2185 619.5244 1019.9051 1459.103 1068.2 331.5035 652.0239 5451.7625 2106.333;
	1923.9688 1270.8474 2117.0083 623.8 1079.5801 1531.6556 1149.0698 362.5358 713.7293 5987.2074 2306.5188;
	1912.0175 1264.5092 2063.229 601.217 1051.4658 1507.1 1163.248 347.9044 720.0783 6259.0209 2332.9829;
	1953.3018 1266.0805 2051.7275 585.0 1026.1413 1501.3123 1195.5199 349.0 731.2969 6442.0336 2377.2683;
	1975.7062 1261.2436 2061.3806 581.5676 1007.2129 1501.8585 1205.0232 339.2045 726.8245 6463.3887 2375.8038;
	1927.7273 1247.2076 2055.3294 585.2391 1008.6461 1507.7461 1210.6133 348.4707 746.7358 6561.0139 2384.258;
	1927.1724 1248.6906 1977.9678 570.421 952.3629 1445.6208 1160.7691 342.8902 739.3782 6529.1206 2379.3345;
	1946.0957 1243.7088 1964.9736 564.0905 955.5726 1387.4118 1135.5375 333.2447 734.3 6595.9758 2415.041;
	1901.9744 1209.858 1878.8052 569.3621 938.6501 1356.4456 1105.0916 313.1285 691.2661 6379.7174 2431.4699;
	1913.4896 1198.9751 1853.0372 562.4679 943.5965 1369.0026 1087.3871 301.3 690.7 6371.1763 2457.1239;
	1843.9465 1149.7 1826.6018 557.9628 950.4 1354.0751 1071.3933 302.9275 676.8852 6501.2778 2472.7415;
	1864.2625 1157.6 1823.6658 574.0764 957.8221 1367.3563 1051.3117 284.1934 676.3948 6510.7005 2351.7626;
	1855.4098 1145.8692 1834.7476 570.1 974.3845 1391.0 1040.7971 273.4335 674.9706 6270.2418 2354.6691;
	1890.5174 1208.6195 1901.6281 566.6112 999.3117 1478.072 1127.924 326.8759 733.1488 6318.5097 2566.5341;
	1927.8734 1204.5738 1874.5197 555.6749 975.6495 1480.7989 1124.3877 307.3927 718.6469 6192.1902 2510.4456;
	1844.4971 1124.941 1809.977 537.0392 897.0467 1402.5242 1076.1434 298.3374 685.0 5913.2105 2384.5367;
	1779.7671 1074.9904 1714.7075 535.3712 875.4093 1343.9327 1004.7855 288.5436 643.9 5645.7025 2223.2611;
	1667.5029 993.9156 1575.6666 534.4 772.7863 1209.1443 925.2505 258.1719 592.5756 5232.3842 2013.0365;
	1585.0275 922.3537 1499.3162 530.4293 722.1083 1133.6181 834.336 236.2005 522.7467 4752.384 1791.9141;
	1592.8463 928.7 1495.0622 537.7195 697.2969 1125.789 822.7567 227.1774 519.2 4583.8985 1714.9691;
];
