function loadprofile = ex_load_profilesh1
%EX_LOAD_PROFILE  Example load profile data file for stochastic unit commitment.
% 2022.03.12
% Andres F. Ramirez

%% define constants
[CT_LABEL, CT_PROB, CT_TABLE, CT_TBUS, CT_TGEN, CT_TBRCH, CT_TAREABUS, ...
    CT_TAREAGEN, CT_TAREABRCH, CT_ROW, CT_COL, CT_CHGTYPE, CT_REP, ...
    CT_REL, CT_ADD, CT_NEWVAL, CT_TLOAD, CT_TAREALOAD, CT_LOAD_ALL_PQ, ...
    CT_LOAD_FIX_PQ, CT_LOAD_DIS_PQ, CT_LOAD_ALL_P, CT_LOAD_FIX_P, ...
    CT_LOAD_DIS_P, CT_TGENCOST, CT_TAREAGENCOST, CT_MODCOST_F, ...
    CT_MODCOST_X] = idx_ct;

loadprofile = struct( ...
    'type', 'mpcData', ...
    'table', CT_TAREALOAD, ...
    'rows', [1:11], ...
    'col', CT_LOAD_ALL_P, ...
    'chgtype', 1, ...
    'values', [] );
loadprofile.values(:,1,:) = [
	1671.254 1062.3596 1699.1379 573.4 852.0 1229.2952 925.2111 279.6775 552.4649 4841.4903 1899.6255;
	1662.7158 1050.3168 1703.7631 571.5765 872.9947 1230.4068 924.7451 275.6 540.457 4700.7077 1841.4238;
	1690.4233 1070.796 1737.0654 581.3 876.1573 1238.468 934.154 280.7 550.3 4753.4356 1904.8195;
	1743.2538 1142.9447 1841.3219 607.252 942.8924 1317.9751 972.0 301.6104 589.8385 4923.7939 1955.4957;
	1824.14 1247.0337 2065.9849 628.5806 1074.6 1483.6 1086.8582 345.9279 666.1295 5467.9457 2186.107;
	1921.5923 1304.2137 2094.9922 618.8514 1101.3865 1545.3295 1150.0019 382.4131 722.4575 6116.1 2366.3649;
	1904.342 1290.6465 2070.2142 585.3906 1101.0847 1517.1319 1161.563 374.278 719.0411 6373.521 2378.7098;
	1898.4478 1288.754 2037.0038 571.1545 1066.735 1467.8906 1151.7905 363.2017 733.7433 6495.717 2367.7404;
	1862.3543 1261.0854 1973.85 578.5942 1040.7293 1379.2752 1133.4941 344.7991 710.0024 6529.5311 2317.0577;
	1870.8772 1231.0445 1898.1077 571.1 1036.4 1362.5691 1156.8 343.5276 719.7731 6573.4872 2364.9568;
	1850.1499 1224.1199 1895.4779 574.2063 1038.0794 1354.979 1135.7067 342.9686 695.5261 6513.5096 2231.2301;
	1822.7558 1213.6723 1923.7608 569.1 1001.2 1338.1028 1115.7737 332.0259 675.0 6486.3014 2230.0183;
	1813.4571 1169.6 1846.3699 567.3918 989.6387 1306.5386 1160.3854 331.0633 689.3 6449.7977 2261.6452;
	1756.5 1155.3311 1845.1874 573.9472 1002.1589 1351.1691 1172.2 343.3 697.8586 6534.0888 2324.2082;
	1730.2694 1160.3249 1887.486 560.3174 1011.0634 1370.2 1214.4572 345.0614 733.1087 6525.3639 2414.5254;
	1718.7257 1164.7927 1927.5857 566.7268 1041.4057 1436.9132 1303.7357 359.9571 766.4359 6612.3094 2484.726;
	1735.5621 1163.7493 1936.1871 571.6 1050.0 1460.4112 1268.0899 359.5 750.6 6428.3001 2574.3097;
	1818.3 1208.3947 2011.7589 578.7738 1040.7 1499.4792 1287.6496 349.226 755.438 6397.7291 2623.485;
	1851.8064 1221.7042 1975.1954 560.1761 975.9633 1494.4884 1258.1451 363.1 744.5413 6150.995 2535.9788;
	1822.8193 1152.8256 1857.9984 511.6968 954.5 1421.8225 1187.3766 336.1154 720.3 5928.1 2413.2;
	1728.5 1102.9978 1772.6693 484.8244 874.4855 1340.7 1115.4182 311.8202 653.7 5710.1232 2311.3795;
	1689.5609 1039.567 1649.6849 514.0438 801.5609 1218.0801 1025.7947 298.6488 582.9 5275.529 2060.5507;
	1612.4057 1013.8354 1603.3 496.6404 815.6281 1192.809 972.5738 282.5 543.6979 5155.0909 2065.6656;
	1569.5828 1032.0484 1576.1 475.8002 785.0 1178.4046 934.8 263.4206 511.0999 4897.7698 1982.5253;
];
