function windprofile = ex_wind_profilesh1
%EX_WIND_PROFILE_D  Example wind_load_nyiso profile data for deterministic unit commitment.
% 2022.03.12
% Andres F. Ramirez


%% define constants
[GEN_BUS, PG, QG, QMAX, QMIN, VG, MBASE, GEN_STATUS, PMAX, PMIN, ...
    MU_PMAX, MU_PMIN, MU_QMAX, MU_QMIN, PC1, PC2, QC1MIN, QC1MAX, ...
    QC2MIN, QC2MAX, RAMP_AGC, RAMP_10, RAMP_30, RAMP_Q, APF] = idx_gen;
[CT_LABEL, CT_PROB, CT_TABLE, CT_TBUS, CT_TGEN, CT_TBRCH, CT_TAREABUS, ...
    CT_TAREAGEN, CT_TAREABRCH, CT_ROW, CT_COL, CT_CHGTYPE, CT_REP, ...
    CT_REL, CT_ADD, CT_NEWVAL, CT_TLOAD, CT_TAREALOAD, CT_LOAD_ALL_PQ, ...
    CT_LOAD_FIX_PQ, CT_LOAD_DIS_PQ, CT_LOAD_ALL_P, CT_LOAD_FIX_P, ...
    CT_LOAD_DIS_P, CT_TGENCOST, CT_TAREAGENCOST, CT_MODCOST_F, ...
    CT_MODCOST_X] = idx_ct;

windprofile = struct( ...
    'type', 'mpcData', ...
    'table', CT_TGEN, ...
    'rows', [1:45], ...
    'col', PMAX, ...
    'chgtype', 1, ...
    'values', [] );
windprofile.values(:,1,:) = [
	0.7699 10.4026 61.1205 67.9652 6.9971 17.8517 6.1917 8.2514 5.5479 19.5992 36.2289 54.0463 81.3665 6.2156 144.5004 54.4397 67.5455 71.5781 79.698 71.2009 2.0639 41.6539 60.896 69.8186 46.7794 46.725 4.0663 167.4213 342.5498 342.5498 249.1682 40.5292 265.66 183.2713 19.4868 146.1546 406.5447 86.1938 205.8498 125.3019 66.8723 198.0345 13.9082 69.0621 410.7795;
	0.5084 6.8693 59.1192 63.033 6.3106 9.727 4.4464 10.2096 3.435 11.7271 21.6774 32.3384 48.6853 11.3225 118.5934 44.6794 55.4355 58.7451 71.2226 72.7472 1.4821 22.6964 31.3591 75.2143 51.511 55.7179 6.0248 59.6497 223.9769 223.9769 160.0439 26.2667 237.4087 187.2515 35.4977 95.5635 302.1486 83.2344 51.1318 137.9759 75.452 107.9054 7.0509 96.0695 305.296;
	0.3852 5.2053 67.7021 67.0797 5.9599 23.865 9.645 11.5091 23.4433 10.8626 20.0793 29.9544 45.0961 23.5876 74.6218 28.1133 34.8814 36.9638 61.8016 67.7585 3.215 55.6849 21.8566 80.6562 56.6091 59.583 6.6069 13.7766 27.8293 27.8293 35.9571 14.3325 206.0053 174.4106 73.9504 11.8738 191.6391 3.2611 338.8558 151.6316 70.5627 264.7419 18.8401 111.0664 193.6353;
	0.4469 6.0383 74.0143 76.9665 8.1449 9.9837 13.6715 13.7874 24.0343 14.4113 26.6391 39.7403 59.8288 21.4456 75.3027 28.3698 35.1996 37.3011 42.588 66.2378 4.5572 23.2954 27.6052 82.8066 65.6827 72.6773 7.675 15.5508 43.1071 43.1071 80.7561 20.3345 141.96 170.4963 67.2349 18.3924 65.1329 31.446 288.9898 175.9358 66.2275 110.753 26.1444 148.3124 65.8114;
	0.4649 6.2822 86.0316 78.6074 9.2577 3.7889 8.5155 14.6074 20.2239 15.0026 27.732 41.3707 62.2834 25.8127 112.0819 42.2262 52.3918 55.5197 49.3707 68.7134 2.8385 8.8408 42.6728 83.7102 81.3051 75.2309 9.0324 30.6004 29.6875 29.6875 100.0043 8.6757 164.569 176.8686 80.9264 12.6667 66.78 40.5681 82.3694 217.7816 61.7385 42.0315 9.6034 153.2309 67.4756;
	0.5428 7.3343 85.6376 64.6649 10.4483 4.7429 12.4732 13.1523 26.97 9.2681 17.1319 25.5574 38.4765 21.1104 132.3419 49.859 61.8621 65.5554 75.0154 69.7076 4.1577 11.0667 31.5914 83.2916 67.2545 74.688 7.9257 102.2247 29.6985 29.6985 106.1981 10.3098 250.0512 179.4275 66.1841 12.6714 70.5341 22.1117 249.193 180.1459 53.3608 52.6143 27.2229 154.9784 71.2688;
	0.4588 6.1992 62.5547 38.146 9.3207 2.8702 4.0511 8.4705 4.2446 6.3671 11.7695 17.5578 26.4332 3.988 100.0094 37.678 46.7486 49.5395 59.5555 65.5379 1.3504 6.697 16.9597 60.7131 39.435 70.6393 4.2916 29.7779 1.8756 1.8756 21.8878 3.1285 198.5183 168.6947 12.5028 0.8003 3.8054 1.7021 85.2176 105.6295 25.8402 31.8395 32.5664 144.2363 3.8451;
	0.4949 6.6874 37.5835 26.381 4.0039 3.4263 4.6395 7.9205 2.3442 3.302 6.1038 9.1056 13.7085 6.2101 59.6232 22.4627 27.8704 29.5343 17.4262 43.9891 1.5465 7.9947 8.2996 39.3628 36.4482 65.537 4.6511 27.0434 8.9695 8.9695 21.682 4.0305 58.0873 113.2281 19.4696 3.827 12.6124 4.7038 52.114 97.6292 10.951 38.0091 22.7654 112.1663 12.7437;
	0.5987 8.0892 30.5891 23.8113 3.8018 4.2588 4.5637 6.3224 8.4503 0.0106 0.0197 0.0293 0.0441 24.802 12.4128 4.6764 5.8023 6.1487 0.0009 16.8137 1.5212 9.9373 4.0964 38.4785 29.8526 56.685 4.2626 13.7711 11.5281 11.5281 24.3687 7.4994 0.0028 43.2785 77.7575 4.9187 16.0715 2.5193 34.9562 79.9624 0.9954 47.2446 15.2541 76.4159 16.239;
	0.6433 8.6923 34.1809 24.6845 8.0738 4.1891 11.3818 5.0099 19.5831 7.3564 13.5981 20.2857 30.54 13.3459 4.7477 1.7887 2.2193 2.3518 0.3898 13.5406 3.7939 9.7746 11.5304 39.246 31.7005 49.0531 3.1537 27.4255 44.2628 44.2628 13.8385 4.7375 1.2995 34.8535 41.8413 18.8855 33.6684 9.4003 39.0299 84.9121 9.9502 46.4714 51.8745 89.4524 34.0191;
	0.8923 12.0574 51.6367 10.8887 11.4547 6.7762 3.7583 4.0711 9.7501 1.3866 2.5632 3.8238 5.7566 6.2734 11.2994 4.257 5.2818 5.5971 0.0 9.6745 1.2528 15.8111 27.1229 44.459 49.1982 54.3713 1.5869 41.5358 66.8323 66.8323 16.5851 3.4735 0.0 24.9021 19.668 28.5151 50.0053 9.4797 0.367 131.781 18.8543 75.1703 13.0307 96.2442 50.5262;
	1.6055 21.6937 66.7646 1.7681 13.4782 3.7983 3.1253 2.3692 9.1403 0.2072 0.3829 0.5713 0.86 9.8392 6.3815 2.4042 2.983 3.1611 0.0 8.9952 1.0418 8.8628 43.0742 56.301 17.357 52.0599 3.703 158.6456 107.5395 107.5395 25.9922 4.2478 0.0 23.1537 30.8471 45.8835 124.9777 3.4981 0.0 46.492 2.8711 42.1361 11.6075 121.1874 126.2795;
	2.1741 29.3773 81.1351 0.0 13.9325 3.0987 1.0605 1.608 0.9171 16.8882 31.2176 46.5705 70.1116 5.5608 1.7748 0.6686 0.8296 0.8791 0.0 5.9326 0.3535 7.2304 8.053 64.8022 68.39 54.2399 1.8953 237.7443 160.2673 160.2673 50.2459 16.1127 0.0 15.2706 17.4338 68.3807 177.6246 6.4138 0.0 183.1875 1.1754 34.3754 103.3506 153.4627 179.4749;
	1.6074 21.7197 3.811 0.0025 13.4478 20.0142 0.8321 0.946 0.2469 0.0 0.0 0.0 0.0 2.3037 1.6418 0.6185 0.7675 0.8133 0.0 3.2043 0.2774 46.6998 25.5955 3.9337 4.7793 31.6014 0.4851 179.6229 205.2731 205.2731 74.435 6.4809 0.0 8.2479 7.2224 87.5832 177.0029 8.2896 7.5207 12.8017 0.9624 222.024 76.8422 123.1509 178.8467;
	2.0149 27.2261 16.822 4.5589 8.7551 17.5638 0.004 2.0387 0.1561 0.0 0.0 0.0 0.0 0.0 24.1127 9.0843 11.2713 11.9442 2.4547 0.0 0.0013 40.9823 11.6257 10.2328 13.3053 25.2497 0.3087 264.0031 255.6687 255.6687 100.589 6.9681 8.1824 0.0 0.0 109.0853 247.4648 11.4457 0.0587 35.6392 1.5258 194.8414 84.7893 103.939 250.0426;
	2.8901 39.0518 86.9801 0.1763 13.9541 10.7119 0.7704 0.5553 3.7446 0.1253 0.2316 0.3455 0.5202 0.0 16.1632 6.0894 7.5554 8.0064 14.553 0.4111 0.2568 24.9945 40.4981 11.7894 10.4216 9.3353 0.0004 349.8347 268.9411 268.9411 171.2776 7.7795 48.5099 1.0582 0.0 114.7482 284.3347 25.7209 20.9124 27.9151 0.0005 118.831 20.5735 182.321 287.2965;
	2.738 36.9964 12.6219 0.0 14.0307 0.4689 0.0 0.3259 0.0495 0.0068 0.0126 0.0189 0.0284 0.3426 8.9258 3.3627 4.1723 4.4214 21.5107 0.0841 0.0 1.094 0.8702 1.9359 4.5089 6.4001 0.0023 298.3817 319.5662 319.5662 161.3554 14.7133 71.7023 0.2164 1.0742 136.3482 369.4316 55.357 0.0 12.0775 0.0 5.2013 130.845 213.3848 373.2798;
	2.3083 31.1904 32.7494 0.2881 13.98 18.1708 0.0 0.1067 1.3371 0.0679 0.1255 0.1872 0.2818 7.9125 44.7565 16.8618 20.9211 22.1701 51.0994 0.001 0.0 42.3985 14.3958 1.6326 1.2432 7.7476 0.055 469.0356 447.1094 447.1094 301.8464 28.3921 170.3314 0.0025 24.8066 190.7667 498.889 88.7223 0.0 3.3299 0.0 201.5746 104.4832 222.6771 504.0858;
	2.3727 32.0607 78.8532 0.0 13.6943 22.0624 0.0 0.0 0.0 6.1515 11.3709 16.9632 25.5379 6.6295 6.763 2.5479 3.1613 3.35 83.7343 30.6063 0.0 51.479 24.8822 0.0 0.0 57.3038 0.0 637.428 418.945 418.945 339.4318 43.2123 279.1143 78.7808 20.7845 178.7499 577.4867 71.7279 0.0 0.0 0.0 244.7459 95.642 184.0657 583.5022;
	2.9025 39.2185 2.8772 0.0 14.1543 0.0758 18.5704 0.0 25.9087 19.8659 36.7219 54.7818 82.4737 3.324 14.8902 5.6098 6.9603 7.3758 66.6676 9.8741 6.1901 0.1768 56.7244 0.9244 0.0 52.3839 0.0 609.7719 426.211 426.211 318.4248 46.0682 222.2254 25.416 10.4212 181.85 532.624 73.04 0.0632 0.0 0.008 0.8404 99.1493 172.4019 538.1721;
