function windprofile = ex_wind_profilesh1
%EX_WIND_PROFILE_D  Example wind_load_nyiso profile data for deterministic unit commitment.
% 2022.03.12
% Andres F. Ramirez


%% define constants
[GEN_BUS, PG, QG, QMAX, QMIN, VG, MBASE, GEN_STATUS, PMAX, PMIN, ...
    MU_PMAX, MU_PMIN, MU_QMAX, MU_QMIN, PC1, PC2, QC1MIN, QC1MAX, ...
    QC2MIN, QC2MAX, RAMP_AGC, RAMP_10, RAMP_30, RAMP_Q, APF] = idx_gen;
[CT_LABEL, CT_PROB, CT_TABLE, CT_TBUS, CT_TGEN, CT_TBRCH, CT_TAREABUS, ...
    CT_TAREAGEN, CT_TAREABRCH, CT_ROW, CT_COL, CT_CHGTYPE, CT_REP, ...
    CT_REL, CT_ADD, CT_NEWVAL, CT_TLOAD, CT_TAREALOAD, CT_LOAD_ALL_PQ, ...
    CT_LOAD_FIX_PQ, CT_LOAD_DIS_PQ, CT_LOAD_ALL_P, CT_LOAD_FIX_P, ...
    CT_LOAD_DIS_P, CT_TGENCOST, CT_TAREAGENCOST, CT_MODCOST_F, ...
    CT_MODCOST_X] = idx_ct;

windprofile = struct( ...
    'type', 'mpcData', ...
    'table', CT_TGEN, ...
    'rows', [1:45], ...
    'col', PMAX, ...
    'chgtype', 1, ...
    'values', [] );
windprofile.values(:,1,:) = [
	0.6124 8.2744 49.3215 52.2663 7.0259 0.0 0.6693 7.5719 6.101 18.3149 33.8549 50.5048 76.0347 5.4588 141.4291 53.2826 66.1099 70.0567 78.0329 63.6892 0.2231 0.0 68.5433 61.3099 36.2307 47.7476 4.0878 196.1997 336.1975 336.1975 220.9169 43.0609 260.1096 163.9361 17.1142 143.4443 378.7362 78.4749 0.9483 97.0464 61.4828 0.0 0.0 69.0246 382.6814;
	0.3304 4.4643 36.9931 50.135 4.7458 0.0 0.0 9.584 0.5119 10.0188 18.5196 27.6276 41.5932 18.8607 117.795 44.3786 55.0623 58.3496 74.1169 67.3242 0.0 0.0 33.5871 57.3393 37.6175 45.5515 5.591 81.3844 228.2911 228.2911 154.0838 26.5403 247.0562 173.2926 59.1309 97.4042 279.3859 80.7874 0.7309 100.7613 76.8188 0.0 0.0 72.5017 282.2962;
	0.2081 2.8119 54.2762 58.1972 4.7881 0.0 0.0 10.2022 0.2675 9.8766 18.2567 27.2353 41.0027 8.2665 87.4166 32.9337 40.8622 43.3017 67.3986 66.0014 0.0 0.0 29.6908 72.5441 47.1857 49.1102 5.6468 38.2613 54.4391 54.4391 182.0516 16.1713 224.6621 169.8877 25.9167 23.2274 169.1639 2.9661 8.2463 126.3902 73.601 0.0 0.0 84.6797 170.9261;
	0.3894 5.2622 64.5932 67.7871 7.6945 0.0021 0.4337 12.7735 0.0012 15.0419 27.8047 41.4791 62.4465 12.5212 97.0077 36.5471 45.3454 48.0526 49.3077 64.3257 0.1446 0.0048 49.9345 80.7359 54.551 62.8722 7.3382 10.6954 75.3348 75.3348 204.7474 19.235 164.359 165.5746 39.2556 32.1429 14.6623 9.9897 39.2802 146.1188 65.2452 0.023 0.0006 129.9965 14.8151;
	0.3992 5.3937 79.6949 69.5609 9.3444 0.078 0.0657 14.006 0.0335 16.0867 29.7361 44.3604 66.7843 5.9558 128.7091 48.4904 60.164 63.7559 62.7372 61.3276 0.0219 0.1819 47.179 85.5637 75.7598 68.2292 8.6236 26.589 27.2962 27.2962 32.6714 8.3389 209.1241 157.8574 18.6722 11.6464 5.6842 2.005 3.0402 202.928 70.4792 0.8649 0.0 138.466 5.7434;
	0.2726 3.6835 78.3617 57.6666 9.6143 3.3469 0.0 12.1683 0.0 8.811 16.287 24.2971 36.5791 4.952 145.9854 54.9991 68.2397 72.3137 84.7422 59.6138 0.0 7.8094 32.6675 82.1697 54.9669 65.8904 7.9014 47.9652 72.5521 72.5521 22.9579 10.4142 282.474 153.4461 15.5253 30.9556 10.6159 1.7726 0.0 147.2329 53.9799 37.1283 17.2933 133.8876 10.7265;
	0.3859 5.2144 57.6057 36.9688 9.5723 2.2905 3.1722 7.739 0.6512 7.1625 13.2398 19.7512 29.7353 0.0 119.5967 45.0574 55.9045 59.2421 66.5964 57.631 1.0574 5.3446 20.2869 58.1308 34.0837 60.9483 4.2935 23.1546 4.238 4.238 2.334 0.0498 221.988 148.3424 0.0 1.8082 0.0 0.0 0.0 91.2956 30.2579 25.4095 19.0972 137.0098 0.0;
	0.5096 6.8853 35.5292 25.2885 4.0296 2.9691 3.917 7.1239 1.1634 4.4233 8.1764 12.1976 18.3634 0.0767 64.4968 24.2988 30.1485 31.9484 19.8074 38.73 1.3057 6.9278 8.5361 36.7342 34.2947 58.4876 4.936 7.2294 6.5777 6.5777 7.6149 0.0337 66.0245 99.6912 0.2406 2.8065 5.5134 0.3031 0.0 91.8609 10.4816 32.9367 0.0 112.8205 5.5708;
	0.5875 7.9389 28.5698 23.124 3.6391 4.9951 0.0 5.5173 0.0 2.1104 3.901 5.8195 8.7612 0.2096 14.6891 5.534 6.8663 7.2762 26.6986 12.7738 0.0 11.6552 4.7974 37.3421 31.3865 51.4375 4.4093 0.0962 12.8614 12.8614 12.064 0.0015 88.9952 32.8799 0.6573 5.4875 4.7374 0.0182 0.0 84.0711 3.4546 55.4123 0.698 75.5688 4.7867;
	0.7175 9.6949 34.0789 29.546 8.5574 23.8158 4.8389 4.9838 3.2486 12.936 23.912 35.672 53.704 12.9617 13.5649 5.1105 6.3408 6.7193 42.9638 12.2179 1.613 55.5701 10.9971 45.7328 42.9247 47.8551 3.719 47.8208 347.6524 347.6524 98.0857 0.6166 143.2126 31.4489 40.6367 148.3317 63.1319 0.914 73.7981 114.9768 10.5967 264.1963 50.4506 101.0948 63.7895;
	0.8884 12.0045 43.3259 18.5187 12.1856 7.1177 1.9641 3.8487 0.0049 1.79 3.3087 4.936 7.4311 5.257 51.5547 19.4229 24.0988 25.5376 12.3434 11.0667 0.6547 16.608 26.5516 43.7311 48.0483 49.4318 1.6274 60.0811 83.4675 83.4675 96.2478 0.422 41.1446 28.4857 16.4815 35.6128 77.9176 1.6499 3.0554 128.7008 0.2439 78.9592 14.4412 96.291 78.7293;
	1.692 22.8629 60.2321 10.2099 14.3537 3.3463 1.1363 0.6567 0.0 0.0053 0.0098 0.0146 0.022 0.379 2.9538 1.1128 1.3807 1.4632 3.7976 5.3312 0.3788 7.8081 36.6399 55.1981 6.5939 44.584 4.6828 149.987 120.5257 120.5257 69.8786 1.8318 12.6587 13.7224 1.1883 51.4243 136.2164 4.6377 3.4815 17.6623 0.0217 37.1221 11.9964 128.2747 137.6353;
	2.1955 29.6658 77.3688 0.3271 14.3334 3.1392 0.4129 0.262 0.0 23.6111 43.6447 65.1093 98.0217 1.9843 8.4172 3.1711 3.9345 4.1694 7.4024 7.5174 0.1376 7.3249 25.5203 63.9843 66.0787 54.0021 2.6881 208.4899 169.9464 169.9464 32.6407 0.3423 24.6746 19.3497 6.2212 72.5105 172.8981 0.01 0.0 176.9966 0.0 34.8246 109.3103 164.4366 174.6991;
	2.0027 27.0609 13.2911 39.7885 14.8378 21.2679 4.9302 9.1846 2.8395 14.9146 27.5694 41.1282 61.9182 10.6634 7.0824 2.6682 3.3106 3.5083 8.9073 7.2394 1.6434 49.6251 45.2532 5.1371 27.3403 38.759 6.3275 206.0041 247.8066 247.8066 192.9333 3.3257 29.6909 18.6343 33.4311 105.7308 206.3277 6.6771 34.9573 73.2329 0.0464 235.9321 86.9935 135.1855 208.477;
	2.2782 30.7831 2.7761 7.6723 10.2251 5.0434 0.0 2.1843 0.0123 8.2297 15.2125 22.694 34.1657 11.6095 10.7007 4.0314 5.002 5.3006 1.3969 0.238 0.0 11.7678 29.0723 1.103 13.98 8.3426 2.1251 266.4031 278.5128 278.5128 104.6989 6.1578 4.6565 0.6126 36.3973 118.8321 248.0274 9.85 0.0 37.4465 0.0041 55.9476 82.2199 92.7427 250.611;
	3.2065 43.3274 84.6766 18.768 14.1481 4.1489 3.214 5.7987 3.485 10.4577 19.3309 28.8378 43.4152 21.2775 47.5074 17.8981 22.2069 23.5327 1.952 3.7771 1.0713 9.6808 47.7742 18.2108 28.7606 31.6958 2.0803 434.8816 304.2566 304.2566 180.9747 6.2392 6.5067 9.7223 66.708 129.8161 340.8007 35.681 15.8044 77.0374 0.3632 46.0254 1.8056 170.9413 344.3507;
	3.4872 47.1203 47.6927 31.2827 14.3437 2.6175 0.0 3.465 0.0 0.412 0.7615 1.1361 1.7104 7.752 33.6589 12.6808 15.7336 16.6729 0.0323 0.2119 0.0 6.1075 0.0 32.7477 63.5807 5.9479 2.0855 420.7393 390.2357 390.2357 193.9634 20.6328 0.1078 0.5455 24.3035 166.5006 458.4468 69.1709 0.0 170.3056 6.5811 29.0366 132.5505 204.3979 463.2223;
	2.8007 37.844 32.3418 40.9407 14.8932 19.623 3.4223 5.7957 0.4251 2.6847 4.9625 7.4031 11.1454 1.7728 40.0958 15.1059 18.7425 19.8614 0.0088 0.3502 1.1408 45.7869 14.6116 39.0802 66.1024 21.8156 1.6975 554.5922 483.0344 483.0344 339.1695 31.6219 0.0293 0.9014 5.558 206.0947 547.5827 93.2265 0.0 177.06 20.4759 217.6842 116.5319 216.9596 553.2866;
	3.0352 41.0119 86.6688 35.6766 15.0051 25.5541 0.0 1.6225 0.8366 7.789 14.3978 21.4787 32.3361 5.9951 19.4111 7.313 9.0736 9.6153 0.0 37.1893 0.0 59.6262 26.821 7.4424 11.5911 65.0959 1.3011 764.3404 415.7809 415.7809 358.2261 45.2222 0.0 95.7253 18.7955 177.3999 588.7044 73.2761 0.0 31.0475 1.7027 283.4798 110.7007 192.1308 594.8367;
	2.9101 39.3213 11.108 21.5592 15.0183 3.289 16.8044 2.7845 26.1157 22.1675 40.9763 61.1286 92.0288 4.3204 21.7857 8.2076 10.1835 10.7915 0.0159 19.5774 5.6015 7.6744 57.8403 9.0632 6.0602 57.6469 1.5905 680.8408 414.4194 414.4194 334.5518 41.966 0.053 50.3924 13.545 176.819 496.0221 70.7401 0.0 16.2328 7.4464 36.4863 107.3045 171.5761 501.189;
