function windprofile = ex_wind_profilesh1
%EX_WIND_PROFILE_D  Example wind_load_nyiso profile data for deterministic unit commitment.
% 2022.03.12
% Andres F. Ramirez


%% define constants
[GEN_BUS, PG, QG, QMAX, QMIN, VG, MBASE, GEN_STATUS, PMAX, PMIN, ...
    MU_PMAX, MU_PMIN, MU_QMAX, MU_QMIN, PC1, PC2, QC1MIN, QC1MAX, ...
    QC2MIN, QC2MAX, RAMP_AGC, RAMP_10, RAMP_30, RAMP_Q, APF] = idx_gen;
[CT_LABEL, CT_PROB, CT_TABLE, CT_TBUS, CT_TGEN, CT_TBRCH, CT_TAREABUS, ...
    CT_TAREAGEN, CT_TAREABRCH, CT_ROW, CT_COL, CT_CHGTYPE, CT_REP, ...
    CT_REL, CT_ADD, CT_NEWVAL, CT_TLOAD, CT_TAREALOAD, CT_LOAD_ALL_PQ, ...
    CT_LOAD_FIX_PQ, CT_LOAD_DIS_PQ, CT_LOAD_ALL_P, CT_LOAD_FIX_P, ...
    CT_LOAD_DIS_P, CT_TGENCOST, CT_TAREAGENCOST, CT_MODCOST_F, ...
    CT_MODCOST_X] = idx_ct;

windprofile = struct( ...
    'type', 'mpcData', ...
    'table', CT_TGEN, ...
    'rows', [1:45], ...
    'col', PMAX, ...
    'chgtype', 1, ...
    'values', [] );
windprofile.values(:,1,:) = [
	0.6671 9.0146 56.1416 67.5468 7.0474 1.659 0.9664 8.0742 0.5989 18.4795 34.1591 50.9586 76.7179 6.733 138.4947 52.1771 64.7382 68.6032 69.6347 65.4848 0.3221 3.8709 65.9493 78.1671 54.0092 48.7151 4.226 175.6768 300.3331 300.3331 206.2964 37.5988 232.1156 168.5579 21.1089 128.1421 351.1199 80.4097 13.4224 144.6675 55.4162 18.4035 0.0855 65.1079 354.7774;
	0.5609 7.5784 56.5997 69.687 6.8791 10.2087 3.4795 11.0753 3.9168 11.4339 21.1354 31.5299 47.4681 6.1295 114.2771 43.0532 53.4179 56.607 65.8742 67.7291 1.1598 23.8203 33.0173 81.5779 59.0148 54.6558 6.2432 82.134 215.2657 215.2657 145.1429 20.3064 219.5807 174.3348 19.2168 91.8467 278.0669 82.4573 24.3609 158.0753 79.6801 113.2484 10.297 90.6727 280.9634;
	0.3761 5.0823 64.4381 72.9149 6.0038 10.4471 7.0839 11.8637 2.9827 9.4073 17.3892 25.9413 39.0544 17.9089 86.391 32.5473 40.3828 42.7937 60.8668 66.0418 2.3613 24.3766 25.5114 81.8996 60.885 56.1831 6.5514 5.6481 12.4232 12.4232 42.6864 14.7128 202.8893 169.9918 56.1468 5.3006 157.928 7.6536 70.5012 163.0848 76.1224 115.8932 10.4435 105.7584 159.5731;
	0.4715 6.3709 68.168 77.9061 7.6277 5.8173 4.0176 14.0487 2.9858 14.6136 27.013 40.2981 60.6686 35.4814 96.4146 36.3236 45.0682 47.7588 44.7261 66.0189 1.3392 13.5737 50.019 83.4768 66.4952 66.7372 7.8298 21.0797 6.7079 6.7079 29.7207 15.6165 149.087 169.9329 111.2389 2.862 4.7409 1.8462 1.1053 178.1122 73.9026 64.5333 0.6809 140.5447 4.7903;
	0.5231 7.0683 75.6459 70.1189 9.2065 3.5592 1.0663 13.4893 2.5955 14.217 26.2799 39.2044 59.022 8.7788 125.4497 47.2625 58.6405 62.1414 50.6571 67.0361 0.3554 8.3047 43.9799 81.3383 75.7602 67.9042 8.4569 35.4907 4.7052 4.7052 13.4231 7.7011 168.8571 172.5512 27.5226 2.0076 0.3219 0.0637 0.7527 202.9292 69.8825 39.483 5.256 149.0768 0.3253;
	0.5001 6.7578 76.2774 59.4387 9.6929 3.8369 2.6028 12.01 1.7772 7.7096 14.2512 21.2599 32.0067 10.7547 155.2836 58.5022 72.5861 76.9196 79.9581 70.1205 0.8676 8.9528 31.9906 76.979 56.178 67.5778 7.332 62.0344 9.5365 9.5365 7.6224 6.0273 266.5271 180.4903 33.7175 4.0689 17.847 0.134 14.6088 150.4769 52.9348 42.5641 21.0812 148.6667 18.0329;
	0.5127 6.9282 52.8113 38.124 8.9512 2.705 4.3612 7.4487 4.7913 7.1888 13.2884 19.8237 29.8445 31.3768 130.6684 49.2286 61.0799 64.7264 67.8328 66.7819 1.4537 6.3116 22.7925 47.1011 32.2842 59.0315 4.0373 229.6202 87.2893 87.2893 53.4624 0.1621 226.1094 171.8968 98.3706 37.2434 72.7759 7.8756 188.8522 86.4754 28.3605 30.0074 31.0783 140.48 73.534;
	0.5504 7.4373 31.8735 24.7424 3.2356 2.5302 5.5452 6.4434 12.7498 4.9694 9.1858 13.7035 20.6305 33.5497 74.9028 28.2192 35.0127 37.103 21.5526 45.5 1.8484 5.9039 12.1808 26.4078 32.0127 55.4974 4.2774 150.0463 129.4979 129.4979 27.5994 0.1541 71.842 117.117 105.1827 55.2525 69.4333 3.5695 361.7795 85.7482 12.0784 28.0688 0.8577 113.0832 70.1566;
	0.5608 7.5778 26.1486 19.1472 2.9246 0.0 6.9109 4.5347 9.9688 1.5833 2.9266 4.3659 6.5729 11.5405 23.2015 8.741 10.8453 11.4928 54.3079 17.5508 2.3036 0.0 6.2631 1.7561 24.914 42.2652 4.0021 78.8444 74.3442 74.3442 22.719 0.0 181.0264 45.1757 36.1809 31.7202 85.1675 14.0606 50.7612 66.734 37.18 0.0 7.5589 76.2269 86.0547;
	0.6098 8.2396 30.1712 18.2763 6.9192 0.0 9.8192 4.3484 6.5138 0.9481 1.7526 2.6145 3.9361 3.5519 17.3629 6.5414 8.1161 8.6007 22.2028 13.3201 3.2731 0.0 7.4001 26.5973 28.7034 39.6326 3.2709 42.1729 76.3914 76.3914 12.6767 0.0 74.0093 34.2859 11.1357 32.5937 79.4821 17.3481 73.0881 76.8841 43.9027 0.0 49.6338 94.993 80.3101;
	0.9181 12.4049 40.6516 0.0183 11.4646 0.0 7.3994 2.6422 16.4625 4.0574 7.5001 11.1886 16.8444 32.5012 100.5848 37.8947 47.0176 49.8246 11.3131 11.0986 2.4665 0.0 28.4608 38.8775 44.7988 44.8334 1.2145 162.3898 95.9636 95.9636 227.7226 2.9135 37.7104 28.5677 101.8957 40.9445 327.3286 111.2916 62.7639 119.9967 53.1938 0.0 2.2681 103.7163 330.7383;
	1.5964 21.5712 61.948 0.0 13.554 0.0 1.3664 0.0035 8.0793 1.8795 3.4742 5.1828 7.8026 21.045 46.0354 17.3436 21.5189 22.8036 5.4123 9.4735 0.4555 0.0 33.8117 55.7942 10.442 47.9139 0.634 170.4878 131.4363 131.4363 183.3813 2.175 18.0412 24.3847 65.9789 56.0795 145.3673 67.9151 35.023 27.9697 18.5157 0.0 0.0059 140.1095 146.8815;
	2.2207 30.0071 81.9259 0.0 14.104 0.0 0.8379 1.0499 2.9875 23.5771 43.582 65.0157 97.8808 6.3119 0.0 0.0 0.0 0.0 0.0 0.79 0.2793 0.0 6.6113 70.0425 71.5781 53.7573 4.1529 228.3473 184.2909 184.2909 86.5321 2.5145 0.0 2.0335 19.7888 78.6308 199.3737 51.4661 18.9885 191.7272 28.1476 0.0 103.0544 175.7331 201.4505;
	1.8022 24.351 10.4273 2.2851 14.0278 17.8384 0.0 2.3175 0.6602 1.0219 1.889 2.818 4.2425 3.7067 0.0 0.0 0.0 0.0 0.0 0.7321 0.0 41.623 38.4817 51.8642 32.9482 35.1455 3.8415 195.4881 214.2065 214.2065 93.5577 4.4479 0.0 1.8845 11.6211 91.3948 197.2755 28.2725 0.0 88.2542 18.8823 197.8877 77.0435 138.5784 199.3305;
	2.0995 28.3695 10.7584 8.9864 9.8972 0.607 1.3097 0.2599 1.9319 0.609 1.1258 1.6795 2.5284 16.2765 0.068 0.0256 0.0318 0.0337 1.3281 0.0 0.4366 1.4163 3.5804 22.8281 11.1117 6.1746 2.0975 299.8405 262.9137 262.9137 117.8775 7.6051 4.427 0.0 51.029 112.1765 281.7781 42.8713 7.5545 29.7634 25.2393 6.7337 82.5997 103.3218 284.7133;
	3.0684 41.4609 84.7857 14.4484 13.985 1.9155 0.0 0.6021 0.0 0.0 0.0 0.0001 0.0001 9.7432 0.7765 0.2926 0.363 0.3847 5.9412 0.0 0.0 4.4694 16.8857 20.8687 3.3264 3.152 1.4943 422.2004 289.0192 289.0192 193.7797 10.4645 19.804 0.0 30.5461 123.3148 335.0829 44.3903 0.0 8.9101 14.5674 21.2488 6.9611 180.7471 338.5734;
	3.523 47.6036 19.6852 45.3291 14.9449 21.3633 2.6179 1.9944 6.6146 3.8604 7.1359 10.6454 16.0266 15.6343 2.5047 0.9436 1.1708 1.2407 4.3415 0.0 0.8726 49.8478 0.1237 44.5755 11.9281 4.7377 2.9122 407.118 393.7733 393.7733 208.5377 23.3352 14.4718 0.0 49.0157 168.0099 479.939 74.8558 6.1945 31.9503 3.6031 236.9905 146.182 225.2174 484.9384;
	2.9539 39.9132 79.5001 101.6569 15.079 21.2475 12.4544 17.4538 25.1139 14.8919 27.5275 41.0657 61.8241 11.0885 23.459 8.8381 10.9657 11.6204 13.6106 1.3976 4.1515 49.5775 15.917 66.5063 65.2087 9.9776 13.204 596.5632 523.695 523.695 359.0315 33.6995 45.3688 3.5975 34.7638 223.4432 584.3564 105.7504 229.7187 174.6661 13.6213 235.7057 124.9549 243.924 590.4435;
	3.1428 42.4662 87.2164 34.7168 14.5604 26.5001 12.8189 4.2935 26.1064 10.0693 18.613 27.7669 41.8029 8.3069 47.3888 17.8534 22.1515 23.474 53.099 40.7546 4.273 61.8335 32.1883 35.7022 16.4174 59.3016 8.3115 820.1256 472.4446 472.4446 380.0443 44.3122 176.9968 104.9025 26.0433 201.5764 633.9133 77.7497 156.3635 43.9751 11.8691 293.974 115.5411 209.1189 640.5166;
	3.0716 41.504 13.6546 42.8042 14.2702 2.4558 18.3259 5.7834 26.8995 22.6525 41.8729 62.4661 94.0424 14.0517 18.5355 6.9831 8.6643 9.1815 3.1704 19.5957 6.1086 5.7301 62.1572 15.8729 14.5001 48.2182 3.4371 783.6414 430.5505 430.5505 323.1268 41.5944 10.5679 50.4394 44.0541 183.7016 558.5853 74.1564 5.7445 38.8396 0.2562 27.2425 110.3364 176.2924 564.4039;
