function loadprofile = ex_load_profilesh1
%EX_LOAD_PROFILE  Example load profile data file for stochastic unit commitment.
% 2022.03.12
% Andres F. Ramirez

%% define constants
[CT_LABEL, CT_PROB, CT_TABLE, CT_TBUS, CT_TGEN, CT_TBRCH, CT_TAREABUS, ...
    CT_TAREAGEN, CT_TAREABRCH, CT_ROW, CT_COL, CT_CHGTYPE, CT_REP, ...
    CT_REL, CT_ADD, CT_NEWVAL, CT_TLOAD, CT_TAREALOAD, CT_LOAD_ALL_PQ, ...
    CT_LOAD_FIX_PQ, CT_LOAD_DIS_PQ, CT_LOAD_ALL_P, CT_LOAD_FIX_P, ...
    CT_LOAD_DIS_P, CT_TGENCOST, CT_TAREAGENCOST, CT_MODCOST_F, ...
    CT_MODCOST_X] = idx_ct;

loadprofile = struct( ...
    'type', 'mpcData', ...
    'table', CT_TAREALOAD, ...
    'rows', [1:11], ...
    'col', CT_LOAD_ALL_P, ...
    'chgtype', 1, ...
    'values', [] );
loadprofile.values(:,1,:) = [
	1613.3811 985.2798 1656.8864 566.9018 756.7718 1154.8229 891.4954 270.4012 542.8216 4619.5833 1785.1;
	1613.3983 982.6675 1638.7092 572.0523 757.1776 1161.2563 889.7179 270.5669 530.2171 4627.9724 1750.448;
	1605.747 991.8551 1676.1478 578.4172 780.8946 1174.1521 889.2314 267.2318 519.7787 4522.1207 1750.5069;
	1683.9 1067.5869 1760.6763 588.5303 825.6109 1252.5941 946.2475 283.5925 568.3309 4760.3505 1850.3703;
	1785.1134 1165.6081 1930.7572 607.7194 913.9768 1393.5813 1051.3896 325.1 647.1 5325.9003 2102.7994;
	1856.5247 1197.7956 1969.103 603.0068 970.1819 1462.1095 1093.57 358.364 709.5 5891.5638 2243.3268;
	1872.2306 1209.7328 1958.6635 587.4953 972.342 1442.4314 1090.4015 332.2 709.1465 6129.1032 2241.107;
	1892.6877 1244.8 1986.4936 585.1831 959.8173 1448.386 1090.7306 333.2902 696.2684 6336.6734 2202.6288;
	1905.3105 1269.3497 2014.2952 593.8025 936.3984 1401.4533 1135.0434 354.3802 718.0 6571.3 2309.5838;
	1949.2192 1262.6387 2024.6897 585.6 934.1761 1373.8788 1110.5652 354.8064 694.5899 6514.5191 2309.3531;
	1935.5362 1273.0863 2029.637 577.6045 914.1137 1374.3263 1090.5977 343.8024 711.9879 6518.9194 2239.0919;
	1935.2963 1239.9325 2030.528 588.4 904.3 1443.2956 1135.4302 344.4 723.6634 6482.4688 2224.2945;
	1889.1883 1225.3453 1951.5851 573.4 895.9632 1401.3927 1076.9632 316.7 703.278 6296.6798 2146.7936;
	1831.8273 1183.1781 1860.5253 579.4173 882.4616 1364.8204 1050.52 315.4247 694.5001 6178.7303 2101.3842;
	1845.3055 1206.3202 1897.7105 574.1947 867.6146 1421.6648 1080.2156 310.4946 692.6591 6246.3626 2154.7669;
	1882.6798 1225.5 1959.4 562.4447 924.4305 1476.0667 1104.2965 331.6652 691.2642 6285.1085 2250.147;
	1843.4 1191.0512 1906.1543 572.4435 922.2342 1487.401 1082.5 340.2 692.152 6252.8539 2341.4359;
	1943.4901 1263.0 1994.2261 579.8761 954.0504 1561.4 1148.7689 351.8446 725.9561 6225.8933 2451.4;
	1930.4728 1289.7655 1965.0474 563.5041 942.1 1526.1 1163.5741 350.9939 733.0 6186.6284 2478.4568;
	1866.7223 1212.7 1883.767 587.635 924.4 1473.4345 1123.7 351.5305 711.4401 5967.4912 2388.6461;
	1818.755 1109.8389 1763.2772 553.0 848.2918 1343.7879 1034.0994 297.3161 638.3 5610.8009 2183.4582;
	1670.434 1016.0487 1649.4446 547.1298 818.2459 1262.3309 960.5023 278.3465 617.1697 5170.3528 1972.8672;
	1591.129 960.6335 1622.3585 546.9292 805.0441 1179.8679 905.2 247.0095 549.6 4784.8511 1796.9486;
	1558.8 919.5 1578.9456 558.5003 755.8186 1087.3666 829.4886 242.9165 490.264 4553.5217 1606.0745;
];
