function solarprofile = ex_solar_profilesh1
%EX_WIND_PROFILE_D  Example wind_load_nyiso profile data for deterministic unit commitment.
% 2022.03.12
% Andres F. Ramirez


%% define constants
[GEN_BUS, PG, QG, QMAX, QMIN, VG, MBASE, GEN_STATUS, PMAX, PMIN, ...
    MU_PMAX, MU_PMIN, MU_QMAX, MU_QMIN, PC1, PC2, QC1MIN, QC1MAX, ...
    QC2MIN, QC2MAX, RAMP_AGC, RAMP_10, RAMP_30, RAMP_Q, APF] = idx_gen;
[CT_LABEL, CT_PROB, CT_TABLE, CT_TBUS, CT_TGEN, CT_TBRCH, CT_TAREABUS, ...
    CT_TAREAGEN, CT_TAREABRCH, CT_ROW, CT_COL, CT_CHGTYPE, CT_REP, ...
    CT_REL, CT_ADD, CT_NEWVAL, CT_TLOAD, CT_TAREALOAD, CT_LOAD_ALL_PQ, ...
    CT_LOAD_FIX_PQ, CT_LOAD_DIS_PQ, CT_LOAD_ALL_P, CT_LOAD_FIX_P, ...
    CT_LOAD_DIS_P, CT_TGENCOST, CT_TAREAGENCOST, CT_MODCOST_F, ...
    CT_MODCOST_X] = idx_ct;

solarprofile = struct( ...
    'type', 'mpcData', ...
    'table', CT_TGEN, ...
    'rows', [1:12], ...
    'col', PMAX, ...
    'chgtype', 1, ...
    'values', [] );
solarprofile.values(:,1,:) = [
	0.0 0.0 0.0 0.0 0.0 0.0 0.0 0.0 0.0 0.0 0.0 0.0;
	0.0 0.0 0.0 0.0 0.0 0.0 0.0 0.0 0.0 0.0 0.0 0.0;
	0.0 0.0 0.0 0.0 0.0 0.0 0.0 0.0 0.0 0.0 0.0 0.0;
	0.0 0.0 0.0 0.0 0.0 0.0 0.0 0.0 0.0 0.0 0.0 0.0;
	0.0 0.0 0.0 0.0 0.0 0.0 0.0 0.0 0.0 0.0 0.0 0.0;
	0.4731 0.4018 0.4224 0.0 0.0 0.0 0.0 0.2 0.0 0.0 0.0 0.0;
	5.214 7.395 4.3489 0.8539 1.6014 115.9699 14.4962 9.7578 11.0398 12.6632 4.6264 22.9332;
	12.7313 13.2271 10.9785 3.0364 5.8228 422.4658 52.8082 64.5793 173.9067 31.5672 13.1186 57.1685;
	17.115 15.8446 13.6758 7.4003 8.1135 442.9477 55.3685 72.6868 258.6993 48.341 20.6826 87.5458;
	13.6833 14.1059 9.9479 6.1577 5.9059 290.1477 36.2685 56.8279 185.7532 72.7442 33.9453 131.7402;
	24.7153 16.371 13.5579 6.5968 6.5344 322.6804 40.3351 65.7742 188.8337 93.7962 46.729 169.8655;
	25.5731 16.4752 13.7728 6.4339 6.8477 357.3797 44.6725 72.5356 194.2962 119.2936 54.3192 216.0415;
	19.6292 15.4999 12.9305 3.1374 6.7099 258.5777 32.3222 64.3504 141.4233 150.2998 51.0531 272.1938;
	13.9676 12.5771 9.9861 2.3974 6.1513 213.6009 26.7001 53.6072 137.042 129.298 44.6765 234.1594;
	7.9454 7.5462 5.8028 2.3522 5.5942 150.9943 18.8743 38.9517 114.1163 89.5719 35.3128 162.2153;
	2.8763 2.87 1.8651 1.455 1.9906 87.8153 10.9769 22.2876 49.1312 20.2253 9.8552 36.6281;
	1.1018 1.0436 0.8329 1.0865 1.272 34.9722 4.3715 7.3988 15.6814 14.2272 8.5291 25.7656;
	0.0 0.0 0.0 0.0 0.0 0.0 0.0 0.0 0.0 0.0 0.0 0.0;
	0.0 0.0 0.0 0.0 0.0 0.0 0.0 0.0 0.0 0.0 0.0 0.0;
	0.0 0.0 0.0 0.0 0.0 0.0 0.0 0.0 0.0 0.0 0.0 0.0;
	0.0 0.0 0.0 0.0 0.0 0.0 0.0 0.0 0.0 0.0 0.0 0.0;
	0.0 0.0 0.0 0.0 0.0 0.0 0.0 0.0 0.0 0.0 0.0 0.0;
	0.0 0.0 0.0 0.0 0.0 0.0 0.0 0.0 0.0 0.0 0.0 0.0;
	0.0 0.0 0.0 0.0 0.0 0.0 0.0 0.0 0.0 0.0 0.0 0.0;
];
