function solarprofile = ex_solar_profilesh1
%EX_WIND_PROFILE_D  Example wind_load_nyiso profile data for deterministic unit commitment.
% 2022.03.12
% Andres F. Ramirez


%% define constants
[GEN_BUS, PG, QG, QMAX, QMIN, VG, MBASE, GEN_STATUS, PMAX, PMIN, ...
    MU_PMAX, MU_PMIN, MU_QMAX, MU_QMIN, PC1, PC2, QC1MIN, QC1MAX, ...
    QC2MIN, QC2MAX, RAMP_AGC, RAMP_10, RAMP_30, RAMP_Q, APF] = idx_gen;
[CT_LABEL, CT_PROB, CT_TABLE, CT_TBUS, CT_TGEN, CT_TBRCH, CT_TAREABUS, ...
    CT_TAREAGEN, CT_TAREABRCH, CT_ROW, CT_COL, CT_CHGTYPE, CT_REP, ...
    CT_REL, CT_ADD, CT_NEWVAL, CT_TLOAD, CT_TAREALOAD, CT_LOAD_ALL_PQ, ...
    CT_LOAD_FIX_PQ, CT_LOAD_DIS_PQ, CT_LOAD_ALL_P, CT_LOAD_FIX_P, ...
    CT_LOAD_DIS_P, CT_TGENCOST, CT_TAREAGENCOST, CT_MODCOST_F, ...
    CT_MODCOST_X] = idx_ct;

solarprofile = struct( ...
    'type', 'mpcData', ...
    'table', CT_TGEN, ...
    'rows', [1:12], ...
    'col', PMAX, ...
    'chgtype', 1, ...
    'values', [] );
solarprofile.values(:,1,:) = [
	0.0 0.0 0.0 0.0 0.0 0.0 0.0 0.0 0.0 0.0 0.0 0.0;
	0.0 0.0 0.0 0.0 0.0 0.0 0.0 0.0 0.0 0.0 0.0 0.0;
	0.0 0.0 0.0 0.0 0.0 0.0 0.0 0.0 0.0 0.0 0.0 0.0;
	0.0 0.0 0.0 0.0 0.0 0.0 0.0 0.0 0.0 0.0 0.0 0.0;
	0.0 0.0 0.0 0.0 0.0 0.0 0.0 0.0 0.0 0.0 0.0 0.0;
	0.5001 0.4238 0.4653 0.0 0.0 0.0 0.0 0.3395 0.4372 0.0 0.0 0.0;
	9.4305 8.3389 5.9668 2.2267 4.451 390.7282 48.841 75.7269 165.3479 15.0853 8.8868 27.3196;
	11.8261 14.1194 9.7784 6.6475 8.3409 462.8884 57.8611 79.9959 279.7058 34.0456 31.6784 61.6567;
	15.6011 16.6083 13.5864 9.9475 9.6724 464.9262 58.1158 79.1398 293.7663 51.8973 52.8346 93.9863;
	23.9058 16.1606 13.6408 9.1122 6.0794 412.5196 51.5649 65.2757 284.2229 42.8775 44.5639 77.6514;
	25.6462 16.5373 13.7627 10.1157 5.6613 416.079 52.0099 57.6668 285.5681 37.0953 33.0368 67.1798;
	25.8747 16.593 13.769 9.7606 4.9369 405.1492 50.6437 46.6611 277.3179 34.9363 31.4502 63.2699;
	15.8962 12.0499 9.6277 5.0752 2.934 172.9373 21.6172 0.5828 111.8655 34.1894 45.8957 61.9172;
	11.7798 9.5419 7.6551 2.1085 1.6281 90.1033 11.2629 0.5112 51.0222 40.5203 43.1332 73.3825;
	8.1523 6.5864 5.4195 0.9045 0.6239 24.5214 3.0652 0.0 17.7001 35.8093 33.0976 64.8509;
	3.394 2.516 2.259 0.3325 0.0 0.0 0.0 0.0 0.0 13.3294 7.3964 24.1396;
	0.6001 0.4942 0.3825 0.4089 0.0 3.1588 0.3949 1.0608 2.2574 7.0383 3.8643 12.7464;
	0.0 0.0 0.0 0.0 0.0 0.0 0.0 0.0 0.0 0.0 0.0 0.0;
	0.0 0.0 0.0 0.0 0.0 0.0 0.0 0.0 0.0 0.0 0.0 0.0;
	0.0 0.0 0.0 0.0 0.0 0.0 0.0 0.0 0.0 0.0 0.0 0.0;
	0.0 0.0 0.0 0.0 0.0 0.0 0.0 0.0 0.0 0.0 0.0 0.0;
	0.0 0.0 0.0 0.0 0.0 0.0 0.0 0.0 0.0 0.0 0.0 0.0;
	0.0 0.0 0.0 0.0 0.0 0.0 0.0 0.0 0.0 0.0 0.0 0.0;
	0.0 0.0 0.0 0.0 0.0 0.0 0.0 0.0 0.0 0.0 0.0 0.0;
];
