function loadprofile = ex_load_profilesh1
%EX_LOAD_PROFILE  Example load profile data file for stochastic unit commitment.
% 2022.03.12
% Andres F. Ramirez

%% define constants
[CT_LABEL, CT_PROB, CT_TABLE, CT_TBUS, CT_TGEN, CT_TBRCH, CT_TAREABUS, ...
    CT_TAREAGEN, CT_TAREABRCH, CT_ROW, CT_COL, CT_CHGTYPE, CT_REP, ...
    CT_REL, CT_ADD, CT_NEWVAL, CT_TLOAD, CT_TAREALOAD, CT_LOAD_ALL_PQ, ...
    CT_LOAD_FIX_PQ, CT_LOAD_DIS_PQ, CT_LOAD_ALL_P, CT_LOAD_FIX_P, ...
    CT_LOAD_DIS_P, CT_TGENCOST, CT_TAREAGENCOST, CT_MODCOST_F, ...
    CT_MODCOST_X] = idx_ct;

loadprofile = struct( ...
    'type', 'mpcData', ...
    'table', CT_TAREALOAD, ...
    'rows', [1:11], ...
    'col', CT_LOAD_ALL_P, ...
    'chgtype', 1, ...
    'values', [] );
loadprofile.values(:,1,:) = [
	1518.2215 979.2165 1672.0407 543.8633 903.7029 1203.5936 926.8272 295.2138 555.3161 4669.0598 1789.3603;
	1524.9584 991.4 1676.9628 565.069 906.0984 1222.9 935.2 285.6379 535.0411 4629.5014 1801.8832;
	1531.2104 1003.8995 1711.451 573.7075 916.3223 1248.0429 943.5181 288.5903 547.2606 4597.0967 1835.7782;
	1615.1252 1085.3 1829.4488 579.0 961.8775 1319.6641 1011.3517 308.2 605.9835 4887.0751 1964.5469;
	1790.8339 1210.5965 2024.7801 569.6031 1078.1319 1440.0151 1104.8693 359.3422 691.2536 5431.4545 2219.0287;
	1842.9274 1289.5768 2126.9716 569.0679 1138.1537 1534.1 1159.6 387.6711 731.7874 5986.8951 2363.0335;
	1857.5874 1308.8195 2091.1393 594.4 1131.6597 1542.8591 1177.8 391.6466 750.954 6262.8261 2354.455;
	1883.466 1308.7361 2098.6213 590.0 1136.9076 1514.4 1160.5711 381.3 736.4 6460.065 2297.6904;
	1870.0936 1286.3788 2077.8899 572.5545 1111.6826 1509.7076 1179.8858 403.1084 730.2 6534.3839 2257.1905;
	1833.8711 1251.5872 2026.2013 561.678 1099.6079 1523.947 1157.6664 398.1336 712.4686 6596.3362 2212.9709;
	1769.0294 1219.3 2002.7501 553.0121 1060.3907 1457.295 1121.6284 375.3221 704.5583 6595.5475 2175.0242;
	1771.7007 1217.7449 1979.7005 541.9284 1049.3 1440.1931 1080.9 379.7926 712.4748 6481.1234 2172.8909;
	1747.2418 1198.0616 1959.2965 525.3861 990.9088 1385.5985 1071.1 367.948 709.1372 6450.3272 2107.1828;
	1751.2 1216.8252 1919.5575 553.1089 1013.7 1382.9 1067.3632 367.113 719.5632 6511.6288 2203.864;
	1729.3723 1203.5978 1975.1902 535.4443 1060.007 1387.8775 1052.3307 373.8964 714.1428 6505.8159 2265.5647;
	1749.2727 1225.4719 1969.8934 535.6238 1072.7747 1446.3243 1114.6632 390.2065 704.4837 6535.3123 2377.8883;
	1742.4057 1268.3355 1992.3 570.4935 1099.4093 1514.3762 1125.9207 389.9436 704.8087 6504.4191 2441.3995;
	1747.6984 1286.4113 1994.7338 590.5818 1111.4326 1540.8086 1193.2415 394.4 734.6 6445.2504 2510.1094;
	1797.8385 1309.4259 1997.3809 592.6546 1103.145 1531.0 1182.8441 392.2 721.0071 6284.4878 2519.3512;
	1722.6404 1251.0121 1939.7 568.7647 1080.3921 1462.6047 1139.0145 358.4 706.4 6077.3452 2420.0;
	1677.9501 1153.5753 1811.4562 555.4241 1014.0366 1343.3689 1077.8923 325.2433 673.5963 5757.5257 2222.0489;
	1594.3819 1075.1929 1699.0616 546.8 945.2087 1229.1219 960.2 288.0836 601.5676 5318.7854 1965.2668;
	1486.8018 1019.8 1622.1514 539.7488 898.5518 1194.0923 887.6 268.4581 560.1682 4869.7204 1803.0297;
	1466.6643 999.2174 1587.5341 565.8069 890.9257 1154.1422 851.6818 264.753 518.5038 4558.8637 1676.9112;
];
