function solarprofile = ex_solar_profilesh1
%EX_WIND_PROFILE_D  Example wind_load_nyiso profile data for deterministic unit commitment.
% 2022.03.12
% Andres F. Ramirez


%% define constants
[GEN_BUS, PG, QG, QMAX, QMIN, VG, MBASE, GEN_STATUS, PMAX, PMIN, ...
    MU_PMAX, MU_PMIN, MU_QMAX, MU_QMIN, PC1, PC2, QC1MIN, QC1MAX, ...
    QC2MIN, QC2MAX, RAMP_AGC, RAMP_10, RAMP_30, RAMP_Q, APF] = idx_gen;
[CT_LABEL, CT_PROB, CT_TABLE, CT_TBUS, CT_TGEN, CT_TBRCH, CT_TAREABUS, ...
    CT_TAREAGEN, CT_TAREABRCH, CT_ROW, CT_COL, CT_CHGTYPE, CT_REP, ...
    CT_REL, CT_ADD, CT_NEWVAL, CT_TLOAD, CT_TAREALOAD, CT_LOAD_ALL_PQ, ...
    CT_LOAD_FIX_PQ, CT_LOAD_DIS_PQ, CT_LOAD_ALL_P, CT_LOAD_FIX_P, ...
    CT_LOAD_DIS_P, CT_TGENCOST, CT_TAREAGENCOST, CT_MODCOST_F, ...
    CT_MODCOST_X] = idx_ct;

solarprofile = struct( ...
    'type', 'mpcData', ...
    'table', CT_TGEN, ...
    'rows', [1:12], ...
    'col', PMAX, ...
    'chgtype', 1, ...
    'values', [] );
solarprofile.values(:,1,:) = [
	0.0 0.0 0.0 0.0 0.0 0.0 0.0 0.0 0.0 0.0 0.0 0.0;
	0.0 0.0 0.0 0.0 0.0 0.0 0.0 0.0 0.0 0.0 0.0 0.0;
	0.0 0.0 0.0 0.0 0.0 0.0 0.0 0.0 0.0 0.0 0.0 0.0;
	0.0 0.0 0.0 0.0 0.0 0.0 0.0 0.0 0.0 0.0 0.0 0.0;
	0.0 0.0 0.0 0.0 0.0 0.0 0.0 0.0 0.0 0.0 0.0 0.0;
	0.5033 0.4288 0.4322 0.0 0.0 0.0 0.0 0.3407 0.0 0.0 0.0 0.0;
	6.7373 5.1217 3.0122 2.7235 6.5159 53.0839 6.6355 24.1006 99.5001 29.6672 6.4185 53.7275;
	12.002 8.4157 2.7422 8.2812 8.6897 87.5632 10.9454 46.8984 206.8812 118.2844 46.601 214.2138;
	20.4206 15.4675 10.7638 11.0974 9.1682 214.1564 26.7696 48.3303 220.9861 201.029 117.632 364.0648;
	24.9939 16.1547 13.6408 11.7479 7.5498 191.8898 23.9862 40.2619 92.8988 221.5527 118.2112 401.2333;
	25.5053 16.3991 13.7627 11.9968 8.1635 252.6301 31.5788 50.514 98.54 167.5511 123.2289 303.436;
	25.38 16.4646 13.769 11.8602 7.5291 239.2666 29.9083 54.2833 100.7463 114.6212 124.0187 207.5797;
	19.1973 15.5584 10.3614 7.587 5.736 49.1856 6.1482 18.5594 43.2083 114.1075 86.6572 206.6493;
	18.0066 14.9011 9.3437 5.0653 4.6684 41.9316 5.2414 16.0925 38.6442 129.4392 61.1449 234.4152;
	12.33 11.1211 6.6471 4.4082 4.3954 53.7356 6.7169 16.4088 34.5818 130.6812 41.6294 236.6644;
	3.062 2.9644 2.5275 6.2741 1.4352 46.5824 5.8228 12.433 10.2071 32.3001 14.7079 58.4958;
	0.3677 0.4103 0.3368 1.2811 0.6994 19.2928 2.4116 6.1959 7.5789 6.7961 19.8428 12.3078;
	0.0 0.0 0.0 0.0 0.0 0.0 0.0 0.0 0.0 0.0 0.0 0.0;
	0.0 0.0 0.0 0.0 0.0 0.0 0.0 0.0 0.0 0.0 0.0 0.0;
	0.0 0.0 0.0 0.0 0.0 0.0 0.0 0.0 0.0 0.0 0.0 0.0;
	0.0 0.0 0.0 0.0 0.0 0.0 0.0 0.0 0.0 0.0 0.0 0.0;
	0.0 0.0 0.0 0.0 0.0 0.0 0.0 0.0 0.0 0.0 0.0 0.0;
	0.0 0.0 0.0 0.0 0.0 0.0 0.0 0.0 0.0 0.0 0.0 0.0;
	0.0 0.0 0.0 0.0 0.0 0.0 0.0 0.0 0.0 0.0 0.0 0.0;
];
