function solarprofile = ex_solar_profilesh1
%EX_WIND_PROFILE_D  Example wind_load_nyiso profile data for deterministic unit commitment.
% 2022.03.12
% Andres F. Ramirez


%% define constants
[GEN_BUS, PG, QG, QMAX, QMIN, VG, MBASE, GEN_STATUS, PMAX, PMIN, ...
    MU_PMAX, MU_PMIN, MU_QMAX, MU_QMIN, PC1, PC2, QC1MIN, QC1MAX, ...
    QC2MIN, QC2MAX, RAMP_AGC, RAMP_10, RAMP_30, RAMP_Q, APF] = idx_gen;
[CT_LABEL, CT_PROB, CT_TABLE, CT_TBUS, CT_TGEN, CT_TBRCH, CT_TAREABUS, ...
    CT_TAREAGEN, CT_TAREABRCH, CT_ROW, CT_COL, CT_CHGTYPE, CT_REP, ...
    CT_REL, CT_ADD, CT_NEWVAL, CT_TLOAD, CT_TAREALOAD, CT_LOAD_ALL_PQ, ...
    CT_LOAD_FIX_PQ, CT_LOAD_DIS_PQ, CT_LOAD_ALL_P, CT_LOAD_FIX_P, ...
    CT_LOAD_DIS_P, CT_TGENCOST, CT_TAREAGENCOST, CT_MODCOST_F, ...
    CT_MODCOST_X] = idx_ct;

solarprofile = struct( ...
    'type', 'mpcData', ...
    'table', CT_TGEN, ...
    'rows', [1:12], ...
    'col', PMAX, ...
    'chgtype', 1, ...
    'values', [] );
solarprofile.values(:,1,:) = [
	0.0 0.0 0.0 0.0 0.0 0.0 0.0 0.0 0.0 0.0 0.0 0.0;
	0.0 0.0 0.0 0.0 0.0 0.0 0.0 0.0 0.0 0.0 0.0 0.0;
	0.0 0.0 0.0 0.0 0.0 0.0 0.0 0.0 0.0 0.0 0.0 0.0;
	0.0 0.0 0.0 0.0 0.0 0.0 0.0 0.0 0.0 0.0 0.0 0.0;
	0.0 0.0 0.0 0.0 0.0 0.0 0.0 0.0 0.0 0.0 0.0 0.0;
	0.481 0.4018 0.4224 0.0 0.0 0.0 0.0 0.2 0.0 0.0 0.0 0.0;
	9.0057 7.782 5.5865 3.7451 3.0701 265.3634 33.1704 42.3999 126.1009 14.9579 9.2122 27.0888;
	17.5511 14.2396 10.7065 6.382 8.8648 421.5977 52.6997 66.5931 219.7764 109.791 106.876 198.8322;
	22.3073 16.6083 13.7714 8.3441 10.4112 434.981 54.3726 69.1016 239.5231 184.6753 186.2389 334.448;
	21.5065 15.9546 13.4456 5.6284 6.6853 318.5431 39.8179 52.0467 182.515 109.0397 214.7481 197.4716;
	22.2918 16.0851 13.5467 5.2249 5.2486 332.7519 41.594 53.0822 196.0425 120.9706 158.2393 219.0784;
	22.89 16.0307 13.3209 3.4971 4.204 323.6136 40.4517 52.6957 193.7772 128.6138 125.2167 232.9204;
	9.168 7.8815 5.3737 2.29 3.8934 125.7399 15.7175 25.4896 86.3475 105.9793 124.603 191.9292;
	6.1194 5.6614 3.1386 2.2977 4.2821 115.5939 14.4492 26.7387 76.8126 77.5707 123.2467 140.4811;
	3.5615 4.0177 2.2311 2.7484 4.9481 121.8074 15.2259 26.5576 78.7942 42.5132 89.735 76.9916;
	1.1101 1.0829 0.9467 1.7999 2.5096 99.869 12.4836 16.4534 47.4758 4.7292 12.3511 8.5646;
	0.3729 0.3109 0.3027 0.4401 1.0143 13.9362 1.742 1.5129 7.5665 7.016 9.2854 12.7061;
	0.0 0.0 0.0 0.0 0.0 0.0 0.0 0.0 0.0 0.0 0.0 0.0;
	0.0 0.0 0.0 0.0 0.0 0.0 0.0 0.0 0.0 0.0 0.0 0.0;
	0.0 0.0 0.0 0.0 0.0 0.0 0.0 0.0 0.0 0.0 0.0 0.0;
	0.0 0.0 0.0 0.0 0.0 0.0 0.0 0.0 0.0 0.0 0.0 0.0;
	0.0 0.0 0.0 0.0 0.0 0.0 0.0 0.0 0.0 0.0 0.0 0.0;
	0.0 0.0 0.0 0.0 0.0 0.0 0.0 0.0 0.0 0.0 0.0 0.0;
	0.0 0.0 0.0 0.0 0.0 0.0 0.0 0.0 0.0 0.0 0.0 0.0;
];
