function loadprofile = ex_load_profilesh1
%EX_LOAD_PROFILE  Example load profile data file for stochastic unit commitment.
% 2022.03.12
% Andres F. Ramirez

%% define constants
[CT_LABEL, CT_PROB, CT_TABLE, CT_TBUS, CT_TGEN, CT_TBRCH, CT_TAREABUS, ...
    CT_TAREAGEN, CT_TAREABRCH, CT_ROW, CT_COL, CT_CHGTYPE, CT_REP, ...
    CT_REL, CT_ADD, CT_NEWVAL, CT_TLOAD, CT_TAREALOAD, CT_LOAD_ALL_PQ, ...
    CT_LOAD_FIX_PQ, CT_LOAD_DIS_PQ, CT_LOAD_ALL_P, CT_LOAD_FIX_P, ...
    CT_LOAD_DIS_P, CT_TGENCOST, CT_TAREAGENCOST, CT_MODCOST_F, ...
    CT_MODCOST_X] = idx_ct;

loadprofile = struct( ...
    'type', 'mpcData', ...
    'table', CT_TAREALOAD, ...
    'rows', [1:11], ...
    'col', CT_LOAD_ALL_P, ...
    'chgtype', 1, ...
    'values', [] );
loadprofile.values(:,1,:) = [
	1582.6237 1007.2114 1790.9245 616.5 887.0206 1201.2876 969.5876 317.2506 539.6613 4948.009 1772.119;
	1571.1997 1011.7958 1810.252 634.4025 885.7 1206.5176 960.6199 316.9042 528.9007 4790.2431 1754.4973;
	1593.8588 1033.6425 1830.5564 627.8524 885.2237 1209.4 972.6014 313.9423 533.1 4852.5587 1795.5262;
	1650.6041 1088.0357 1891.0811 638.7568 944.7 1265.0924 1012.602 320.7014 556.6 4961.3579 1870.6228;
	1810.1353 1202.3 2078.8994 672.8753 1047.7477 1429.8013 1109.1956 357.2 651.0 5464.5945 2103.944;
	1903.4214 1262.0 2185.3247 656.1072 1083.3713 1482.3252 1166.1739 371.3543 731.8695 5892.5 2224.9798;
	1872.2397 1241.2207 2094.4426 647.2686 1041.0049 1461.6729 1180.1684 369.0562 728.8242 6259.1078 2292.5;
	1864.0843 1202.7216 2039.9239 629.6757 1043.2092 1423.0825 1165.1369 359.7 725.5636 6364.4113 2260.6;
	1870.2147 1210.8177 2017.7554 615.3659 1036.794 1419.3063 1171.2041 350.8204 720.8 6546.3945 2255.9305;
	1874.7295 1190.388 1985.4474 595.0796 973.5436 1376.639 1174.2145 347.147 713.8363 6420.8292 2261.2944;
	1839.7 1152.7757 1905.7 573.9792 943.1879 1325.0643 1113.1115 352.4204 691.8761 6384.5481 2184.9;
	1859.6217 1155.276 1892.7487 558.8771 906.5312 1237.7588 1066.8094 347.1766 689.5 6289.8404 2055.0149;
	1864.7311 1167.5 1878.5545 527.0819 909.2032 1307.9363 1139.1984 338.9669 704.1496 6384.346 2179.7797;
	1879.3266 1165.2615 1817.6341 533.5962 877.5036 1278.5035 1081.9442 334.218 710.5141 6324.0225 2187.6649;
	1855.0914 1144.947 1823.837 557.1259 875.2 1371.6108 1059.4146 324.2 678.8648 6357.8016 2199.9248;
	1826.2053 1148.7508 1810.0 574.4916 864.4097 1409.4799 1085.299 328.6693 686.0445 6371.0911 2307.7725;
	1769.7627 1133.9763 1815.3529 581.1405 903.7763 1479.4566 1116.8308 355.9 698.5817 6247.9016 2344.9771;
	1841.1069 1204.4 1920.2561 573.0 943.2175 1551.2996 1156.5701 372.7 741.4027 6274.51 2479.8729;
	1873.9529 1226.3225 1918.2148 576.2478 942.1 1480.4327 1160.6991 364.9643 732.9863 6166.9873 2410.4534;
	1792.8206 1164.2736 1836.4662 566.4589 906.7015 1430.0033 1118.406 356.3525 693.2 5958.5342 2250.3037;
	1680.9996 1063.455 1703.1987 548.2602 845.6 1350.9668 1039.7495 313.3 629.6064 5578.5027 2010.8623;
	1568.6534 1005.9 1617.0716 568.1278 778.9037 1228.4 953.1463 286.7388 567.2 5198.1888 1865.5314;
	1538.1888 956.4638 1545.5308 550.927 746.3629 1142.7929 912.5012 261.7469 538.2008 4869.6596 1807.5937;
	1460.8465 923.145 1551.3883 553.8493 734.319 1137.4327 923.881 255.3468 523.6598 4739.7968 1762.0134;
];
