function solarprofile = ex_solar_profilesh1
%EX_WIND_PROFILE_D  Example wind_load_nyiso profile data for deterministic unit commitment.
% 2022.03.12
% Andres F. Ramirez


%% define constants
[GEN_BUS, PG, QG, QMAX, QMIN, VG, MBASE, GEN_STATUS, PMAX, PMIN, ...
    MU_PMAX, MU_PMIN, MU_QMAX, MU_QMIN, PC1, PC2, QC1MIN, QC1MAX, ...
    QC2MIN, QC2MAX, RAMP_AGC, RAMP_10, RAMP_30, RAMP_Q, APF] = idx_gen;
[CT_LABEL, CT_PROB, CT_TABLE, CT_TBUS, CT_TGEN, CT_TBRCH, CT_TAREABUS, ...
    CT_TAREAGEN, CT_TAREABRCH, CT_ROW, CT_COL, CT_CHGTYPE, CT_REP, ...
    CT_REL, CT_ADD, CT_NEWVAL, CT_TLOAD, CT_TAREALOAD, CT_LOAD_ALL_PQ, ...
    CT_LOAD_FIX_PQ, CT_LOAD_DIS_PQ, CT_LOAD_ALL_P, CT_LOAD_FIX_P, ...
    CT_LOAD_DIS_P, CT_TGENCOST, CT_TAREAGENCOST, CT_MODCOST_F, ...
    CT_MODCOST_X] = idx_ct;

solarprofile = struct( ...
    'type', 'mpcData', ...
    'table', CT_TGEN, ...
    'rows', [1:12], ...
    'col', PMAX, ...
    'chgtype', 1, ...
    'values', [] );
solarprofile.values(:,1,:) = [
	0.0 0.0 0.0 0.0 0.0 0.0 0.0 0.0 0.0 0.0 0.0 0.0;
	0.0 0.0 0.0 0.0 0.0 0.0 0.0 0.0 0.0 0.0 0.0 0.0;
	0.0 0.0 0.0 0.0 0.0 0.0 0.0 0.0 0.0 0.0 0.0 0.0;
	0.0 0.0 0.0 0.0 0.0 0.0 0.0 0.0 0.0 0.0 0.0 0.0;
	0.0 0.0 0.0 0.0 0.0 0.0 0.0 0.0 0.0 0.0 0.0 0.0;
	0.4731 0.4018 0.4224 0.0 0.0 0.1197 0.015 0.635 0.0 0.0 0.0 0.0;
	15.8806 14.8458 10.1156 2.3926 3.7631 307.6073 38.4509 63.4334 212.5823 23.124 3.8402 41.8777;
	25.3404 17.2225 14.4221 8.6447 9.7126 419.7432 52.4679 71.6796 274.3904 33.1501 17.3502 60.0349;
	25.8199 17.2957 14.3947 10.3604 11.7525 434.0163 54.252 73.9771 277.6499 44.3711 36.2134 80.3564;
	24.2058 16.1547 13.7524 6.2449 9.9147 356.1905 44.5238 66.0029 202.1026 89.1454 92.4044 161.4429;
	25.136 16.371 13.8133 7.224 9.641 390.8734 48.8592 61.3521 191.0961 150.4838 88.5239 272.5271;
	25.2736 16.3954 13.8629 8.5553 9.5815 395.8249 49.4781 58.4847 190.9964 202.3005 70.9104 366.3675;
	19.6435 14.3463 11.9795 8.4116 9.3416 251.8581 31.4823 44.1009 161.3745 188.732 60.9984 341.7949;
	17.1258 11.561 9.3912 5.367 7.8435 184.3219 23.0402 44.4526 155.6933 152.8509 59.6022 276.814;
	9.878 7.008 5.9114 2.9872 5.7133 130.6048 16.3256 37.1283 127.2276 140.1348 50.8303 253.7849;
	3.5022 2.4963 2.3116 0.8006 0.6145 17.4918 2.1865 3.9845 32.2956 79.5129 12.0616 143.9983;
	0.6916 0.5602 0.5071 0.613 0.3188 3.3461 0.4183 1.0608 7.4372 16.9908 4.1841 30.7705;
	0.0 0.0 0.0 0.0 0.0 0.0 0.0 0.0 0.0 0.0 0.0 0.0;
	0.0 0.0 0.0 0.0 0.0 0.0 0.0 0.0 0.0 0.0 0.0 0.0;
	0.0 0.0 0.0 0.0 0.0 0.0 0.0 0.0 0.0 0.0 0.0 0.0;
	0.0 0.0 0.0 0.0 0.0 0.0 0.0 0.0 0.0 0.0 0.0 0.0;
	0.0 0.0 0.0 0.0 0.0 0.0 0.0 0.0 0.0 0.0 0.0 0.0;
	0.0 0.0 0.0 0.0 0.0 0.0 0.0 0.0 0.0 0.0 0.0 0.0;
	0.0 0.0 0.0 0.0 0.0 0.0 0.0 0.0 0.0 0.0 0.0 0.0;
];
