function loadprofile = ex_load_profilesh1
%EX_LOAD_PROFILE  Example load profile data file for stochastic unit commitment.
% 2022.03.12
% Andres F. Ramirez

%% define constants
[CT_LABEL, CT_PROB, CT_TABLE, CT_TBUS, CT_TGEN, CT_TBRCH, CT_TAREABUS, ...
    CT_TAREAGEN, CT_TAREABRCH, CT_ROW, CT_COL, CT_CHGTYPE, CT_REP, ...
    CT_REL, CT_ADD, CT_NEWVAL, CT_TLOAD, CT_TAREALOAD, CT_LOAD_ALL_PQ, ...
    CT_LOAD_FIX_PQ, CT_LOAD_DIS_PQ, CT_LOAD_ALL_P, CT_LOAD_FIX_P, ...
    CT_LOAD_DIS_P, CT_TGENCOST, CT_TAREAGENCOST, CT_MODCOST_F, ...
    CT_MODCOST_X] = idx_ct;

loadprofile = struct( ...
    'type', 'mpcData', ...
    'table', CT_TAREALOAD, ...
    'rows', [1:11], ...
    'col', CT_LOAD_ALL_P, ...
    'chgtype', 1, ...
    'values', [] );
loadprofile.values(:,1,:) = [
	1583.1498 996.9686 1730.8561 588.6574 867.0 1207.3 861.0821 263.372 524.1045 4573.8 1781.8295;
	1594.6829 1007.7026 1715.1 593.0307 861.7757 1197.537 849.3346 266.9093 524.7786 4551.5422 1788.9153;
	1632.5 1023.9598 1741.2508 598.4609 873.345 1220.2467 890.6751 271.5423 535.8 4586.277 1864.4428;
	1688.69 1089.2777 1895.2769 616.2 931.9 1315.8158 957.7 293.9 575.384 4839.8629 1966.7742;
	1816.8 1208.9893 2012.8312 636.9 996.7775 1442.7032 1052.4881 321.4399 661.8648 5360.6481 2236.0;
	1916.4431 1279.6857 2124.1487 651.7437 1055.5555 1504.8811 1108.5024 348.0 723.34 5861.0785 2357.4841;
	1923.5866 1267.1734 2107.0289 642.476 1033.2737 1477.6278 1120.2355 327.0021 725.4 6090.0491 2356.3;
	1896.9071 1254.5618 2065.0039 625.7 1005.5355 1397.2 1050.2186 320.362 706.5203 6188.879 2295.3331;
	1867.4655 1232.3609 2030.9412 613.9245 1008.6146 1365.9588 991.0875 292.8052 675.1407 5883.3188 2166.1724;
	1831.6695 1187.5364 1963.5086 592.0619 981.3762 1300.1115 941.7332 260.1393 652.5462 5707.3896 2154.2177;
	1836.836 1157.842 1943.786 600.9758 1013.2066 1341.2806 990.1194 286.4905 646.5439 6115.8559 2167.2125;
	1845.2943 1157.6715 1914.9357 601.2 1015.1122 1382.392 973.2419 295.9956 666.3 6038.7644 2140.5932;
	1776.0542 1117.979 1877.0713 595.0908 991.4235 1349.7812 966.5076 297.0944 647.5981 5738.7406 1960.6596;
	1760.1111 1138.0139 1836.2902 591.0928 983.0518 1330.9637 984.991 305.7495 653.1202 6116.5753 2068.5034;
	1764.037 1160.4572 1871.7901 602.1717 1005.4384 1407.0696 1026.8994 323.8231 675.8314 6154.9103 2130.8631;
	1714.4108 1178.9829 1894.4534 621.5 1018.488 1422.1 1026.2792 318.2419 693.3518 6156.6645 2165.6602;
	1742.3 1182.0157 1936.5259 612.1467 1058.1918 1491.1278 1070.2 349.8911 705.6 5865.1615 2307.5934;
	1758.593 1190.9413 1962.4834 621.0331 1105.5795 1584.0815 1145.2 368.8161 735.8901 6045.1218 2434.3096;
	1787.6601 1211.7046 1999.1015 611.9 1114.2071 1556.5848 1144.1959 369.7807 737.0012 5807.6869 2448.8717;
	1752.4 1143.7333 1930.2845 589.8 1016.079 1470.2728 1090.6821 351.6736 709.1196 5577.7661 2333.545;
	1629.661 1043.3252 1764.4083 572.4 945.7005 1336.8 957.8711 327.8637 629.8766 4997.3229 2053.8098;
	1569.0209 959.9698 1628.0167 545.5148 858.7 1232.6 879.2758 284.8667 570.1917 4320.0429 1830.6224;
	1471.3054 920.2847 1558.1101 517.6727 736.9204 1111.4616 714.9515 247.0674 517.5009 3076.6052 1457.7989;
	1413.2 880.7782 1524.441 499.0114 730.0051 1091.7067 692.1208 240.7 496.9 3172.4834 1570.9316;
];
