function windprofile = ex_wind_profilesh1
%EX_WIND_PROFILE_D  Example wind_load_nyiso profile data for deterministic unit commitment.
% 2022.03.12
% Andres F. Ramirez


%% define constants
[GEN_BUS, PG, QG, QMAX, QMIN, VG, MBASE, GEN_STATUS, PMAX, PMIN, ...
    MU_PMAX, MU_PMIN, MU_QMAX, MU_QMIN, PC1, PC2, QC1MIN, QC1MAX, ...
    QC2MIN, QC2MAX, RAMP_AGC, RAMP_10, RAMP_30, RAMP_Q, APF] = idx_gen;
[CT_LABEL, CT_PROB, CT_TABLE, CT_TBUS, CT_TGEN, CT_TBRCH, CT_TAREABUS, ...
    CT_TAREAGEN, CT_TAREABRCH, CT_ROW, CT_COL, CT_CHGTYPE, CT_REP, ...
    CT_REL, CT_ADD, CT_NEWVAL, CT_TLOAD, CT_TAREALOAD, CT_LOAD_ALL_PQ, ...
    CT_LOAD_FIX_PQ, CT_LOAD_DIS_PQ, CT_LOAD_ALL_P, CT_LOAD_FIX_P, ...
    CT_LOAD_DIS_P, CT_TGENCOST, CT_TAREAGENCOST, CT_MODCOST_F, ...
    CT_MODCOST_X] = idx_ct;

windprofile = struct( ...
    'type', 'mpcData', ...
    'table', CT_TGEN, ...
    'rows', [1:45], ...
    'col', PMAX, ...
    'chgtype', 1, ...
    'values', [] );
windprofile.values(:,1,:) = [
	0.6799 9.1876 53.4566 61.2669 6.0417 0.6245 1.0457 4.8953 0.0405 21.2814 39.3383 58.685 88.35 3.9249 158.5739 59.7418 74.1241 78.5494 82.0081 70.4709 0.3486 1.4572 72.9029 65.5427 42.0677 44.9457 3.8484 160.3974 334.083 334.083 233.4842 38.3396 273.3602 181.3922 12.3051 142.5421 384.5618 80.3384 0.0 112.6814 61.9024 6.9279 3.3938 54.1317 388.5676;
	0.4109 5.552 45.4086 55.2727 4.3856 0.0 0.0397 5.3994 0.0 11.7112 21.648 32.2946 48.6193 2.6897 129.9238 48.948 60.7318 64.3576 72.3777 70.8471 0.0132 0.0 35.9048 63.9393 35.3809 45.3329 5.1712 52.1101 225.1767 225.1767 164.0033 25.6065 241.259 182.3606 8.4327 96.0754 276.1299 80.5937 0.0 94.7703 70.2704 0.0 0.0 67.4191 279.0062;
	0.279 3.7699 56.5596 64.1425 5.4223 0.6992 0.1435 11.0512 0.0 10.2954 19.0308 28.3902 42.7413 1.9821 91.3546 34.4173 42.703 45.2524 65.0448 69.9494 0.0478 1.6315 30.2661 80.2949 55.6362 52.7758 6.617 0.0 10.3616 10.3616 40.2359 15.7823 216.8159 180.0499 6.2142 4.4209 143.0329 0.0 0.0 149.0254 72.1112 7.7568 0.0003 92.0144 144.5228;
	0.3382 4.57 64.115 74.0089 8.0591 0.2155 2.128 13.1438 0.0 15.5526 28.7488 42.8876 64.567 1.7702 91.293 34.3941 42.6742 45.2219 43.6512 66.8523 0.7093 0.5028 49.5124 82.9204 62.2834 65.5076 7.8693 0.0 49.0928 49.0928 95.3988 18.2559 145.5039 172.0779 5.5497 20.9463 2.4205 1.1938 1.488 166.8306 64.9102 2.3903 0.16 127.3938 2.4457;
	0.4727 6.3868 80.0434 73.9928 10.028 2.6952 3.5714 14.3718 0.1095 15.53 28.707 42.8251 64.473 11.1045 116.6255 43.938 54.5156 57.7703 51.5477 67.2643 1.1905 6.2889 50.1541 85.7137 77.837 69.5007 8.5744 26.4167 81.439 81.439 79.1622 11.668 171.8257 173.1384 34.8141 34.7473 19.8313 4.569 34.1074 208.4919 66.5031 29.8991 10.9637 141.9583 20.0379;
	0.4308 5.8205 76.2769 59.6755 10.0465 3.5194 5.2509 12.7249 0.0 8.7248 16.1276 24.0592 36.221 11.697 144.9765 54.6191 67.7681 71.8139 81.5798 71.6423 1.7503 8.2119 33.4392 78.9383 53.0489 70.3704 7.8259 14.5205 15.1116 15.1116 68.1889 11.0779 271.9325 184.4074 36.6716 6.4476 4.5725 2.2616 70.2127 142.0952 50.4102 39.0418 24.4584 133.4041 4.6201;
	0.4903 6.6254 54.7099 37.1172 10.0363 2.6949 4.3472 7.4805 2.5296 7.0797 13.0867 19.5228 29.3915 11.2364 128.2132 48.3036 59.9322 63.5102 66.3331 71.8 1.4491 6.2882 22.264 48.6524 19.9468 62.1955 3.918 25.9754 42.0594 42.0594 75.7638 2.9844 221.1105 184.8135 35.2276 17.9453 12.2195 1.1188 238.3842 53.4289 24.3951 29.8957 34.6814 137.3384 12.3468;
	0.5673 7.6657 33.0981 28.2637 4.1558 3.1729 5.4095 7.013 3.6511 5.5628 10.2828 15.3399 23.0941 26.317 72.6509 27.3708 33.9601 35.9875 20.9271 56.8784 1.8032 7.4035 11.9077 36.6446 28.9101 62.4824 4.2785 29.4647 119.969 119.969 76.8412 1.3374 69.757 146.4051 82.5072 51.1868 62.5516 2.533 424.1394 77.4377 10.6508 35.1983 56.3371 109.3924 63.2032;
	0.5946 8.0349 29.1807 25.6587 3.6031 2.2175 5.6509 5.6493 3.951 1.8996 3.5113 5.2382 7.8861 41.9022 18.9681 7.1461 8.8665 9.3958 10.5695 19.2562 1.8836 5.1742 4.6081 36.3333 27.1339 54.3805 4.1622 262.1216 231.5871 231.5871 127.8084 9.2036 35.2316 49.5655 131.369 98.8105 150.7797 18.438 370.5323 72.6802 1.8876 24.5995 13.5706 82.9269 152.3503;
	0.5668 7.6582 28.6642 21.5968 6.618 0.0 19.8896 4.222 13.0304 0.9683 1.79 2.6703 4.0201 56.7333 11.7354 4.4213 5.4856 5.8131 19.7506 14.7002 6.6299 0.0 8.6438 33.8609 25.5072 48.2956 2.8944 68.4763 307.1342 307.1342 186.1629 20.1758 65.8353 37.8383 177.8664 131.0439 171.5265 31.7239 456.9648 68.323 0.0008 0.0 50.4113 95.2148 173.3132;
	0.7952 10.7448 37.5548 0.0 10.2197 0.0 22.7422 2.673 7.5682 0.8299 1.534 2.2884 3.4452 38.7634 2.3437 0.883 1.0955 1.1609 25.9403 12.8616 7.5807 0.0 31.6019 37.4449 39.9507 48.39 0.8082 106.665 89.2673 89.2673 193.2094 18.8474 86.4677 33.1059 121.5284 38.0874 128.4816 10.0736 455.4957 107.0108 0.2482 0.0 8.7655 95.8748 129.8199;
	1.6219 21.9155 62.6837 0.7758 12.9705 0.0486 14.1546 0.7511 2.6451 7.7625 14.3488 21.4056 32.226 21.4609 17.1631 6.4661 8.0227 8.5017 25.5684 11.7224 4.7182 0.1134 56.3246 59.7445 18.0903 50.5477 0.2757 167.4918 127.3805 127.3805 87.9124 7.7564 85.228 30.1736 67.2827 54.349 137.4234 3.4081 446.69 48.4562 11.7765 0.5392 9.5663 130.7106 138.8549;
	2.2717 30.6958 83.4925 0.0395 13.864 0.366 8.8769 1.5528 2.6534 25.9917 48.0453 71.6742 107.9051 9.9003 17.457 6.5768 8.1602 8.6473 40.8835 10.8944 2.959 0.8539 39.894 68.8709 70.0783 57.9491 0.2984 240.8921 181.1288 181.1288 37.7216 4.0502 136.2783 28.0421 31.0389 77.2816 192.9786 2.2068 427.3611 187.7098 16.1413 4.0596 110.4882 178.2444 194.9888;
	1.8603 25.1367 39.0898 11.1241 14.1842 18.8991 4.2881 2.8564 1.2089 4.6701 8.6326 12.8781 19.3879 2.8764 1.5284 0.5758 0.7144 0.7571 5.1979 7.9677 1.4294 44.098 45.4753 46.6379 28.6488 35.6066 0.4967 190.8034 211.3998 211.3998 14.6708 4.4364 17.3264 20.5089 9.0178 90.1973 181.4377 13.7292 242.1165 76.7379 22.8742 209.6545 81.6309 143.3236 183.3277;
	2.3265 31.4365 18.8753 4.6171 9.9744 1.7127 3.3107 2.4074 4.1691 0.4319 0.7984 1.191 1.7931 3.8814 1.687 0.6356 0.7886 0.8357 6.0264 2.8765 1.1036 3.9964 26.0531 30.9923 16.4387 0.9201 1.9317 284.6626 252.7758 252.7758 103.7462 8.5627 20.088 7.4041 12.1688 107.851 253.4271 18.8383 117.3261 44.0323 11.1806 19.0001 85.1765 104.9425 256.067;
	3.1124 42.0556 81.354 14.5069 13.9525 0.1667 4.9842 0.5465 6.308 0.0 0.0 0.0 0.0 7.1596 0.4023 0.1516 0.1881 0.1993 11.6537 0.4686 1.6614 0.3889 23.3749 2.2384 2.4615 0.0395 0.6429 422.0856 281.8633 281.8633 186.8961 14.9774 38.8457 1.2062 22.4462 120.2617 316.711 44.3255 373.8759 6.5932 6.5584 1.8488 7.758 168.4507 320.0101;
	3.4656 46.8284 0.4497 2.5323 14.4461 0.5807 0.0306 1.4064 2.0984 0.0065 0.012 0.0179 0.027 7.3246 0.5124 0.193 0.2395 0.2538 5.3014 0.5043 0.0102 1.355 0.0 26.3306 18.458 1.2346 1.113 360.3048 363.7593 363.7593 174.7632 25.6015 17.6714 1.2981 22.9636 155.204 416.416 69.0522 251.0282 49.4412 1.8504 6.4418 136.2213 213.9717 420.7536;
	2.8639 38.6971 9.644 7.9036 14.2494 19.4822 0.592 0.7845 0.3675 0.0313 0.0579 0.0863 0.1299 5.4917 8.1778 3.0809 3.8226 4.0509 4.245 5.9692 0.1973 45.4586 6.3246 18.946 43.9213 0.1009 2.0668 537.9663 476.3142 476.3142 316.9874 35.1734 14.1499 15.3647 17.2171 203.2274 509.5613 95.5484 109.1091 117.6463 1.7228 216.123 117.8578 220.1574 514.8692;
	3.2307 43.6538 87.1925 34.2921 14.4361 25.4261 4.386 3.9126 0.0 7.3782 13.6384 20.3458 30.6305 8.2627 1.6561 0.6239 0.7741 0.8203 0.1731 39.8514 1.462 59.3276 18.1673 27.7412 42.1478 60.233 10.1016 775.5773 459.7916 459.7916 346.4244 46.7762 0.577 102.5775 25.9046 196.1778 606.8075 75.2922 52.1547 112.896 34.9426 282.0605 116.1016 222.092 613.1284;
	3.2025 43.2725 16.3043 28.5715 14.5146 2.5731 20.0586 1.55 26.6723 20.3415 37.6009 56.0932 84.448 7.6827 0.0054 0.002 0.0025 0.0027 0.0 16.6994 6.6862 6.0038 47.9568 7.3536 9.6708 46.1108 3.4369 754.833 460.5699 460.5699 347.9437 45.3446 0.0 42.9843 24.0864 196.5098 560.6518 79.8208 93.3399 25.9039 20.7107 28.544 111.5659 186.7704 566.4919;
