function windprofile = ex_wind_profilesh1
%EX_WIND_PROFILE_D  Example wind_load_nyiso profile data for deterministic unit commitment.
% 2022.03.12
% Andres F. Ramirez


%% define constants
[GEN_BUS, PG, QG, QMAX, QMIN, VG, MBASE, GEN_STATUS, PMAX, PMIN, ...
    MU_PMAX, MU_PMIN, MU_QMAX, MU_QMIN, PC1, PC2, QC1MIN, QC1MAX, ...
    QC2MIN, QC2MAX, RAMP_AGC, RAMP_10, RAMP_30, RAMP_Q, APF] = idx_gen;
[CT_LABEL, CT_PROB, CT_TABLE, CT_TBUS, CT_TGEN, CT_TBRCH, CT_TAREABUS, ...
    CT_TAREAGEN, CT_TAREABRCH, CT_ROW, CT_COL, CT_CHGTYPE, CT_REP, ...
    CT_REL, CT_ADD, CT_NEWVAL, CT_TLOAD, CT_TAREALOAD, CT_LOAD_ALL_PQ, ...
    CT_LOAD_FIX_PQ, CT_LOAD_DIS_PQ, CT_LOAD_ALL_P, CT_LOAD_FIX_P, ...
    CT_LOAD_DIS_P, CT_TGENCOST, CT_TAREAGENCOST, CT_MODCOST_F, ...
    CT_MODCOST_X] = idx_ct;

windprofile = struct( ...
    'type', 'mpcData', ...
    'table', CT_TGEN, ...
    'rows', [1:45], ...
    'col', PMAX, ...
    'chgtype', 1, ...
    'values', [] );
windprofile.values(:,1,:) = [
	0.7588 10.253 52.3757 59.6571 7.7409 7.8257 9.3617 7.7097 7.2189 20.4355 37.7747 56.3524 84.8383 6.5883 142.4051 53.6503 66.5661 70.5402 81.3755 66.8614 3.1206 18.2599 70.9265 64.9479 48.3991 50.1532 3.8834 167.2707 323.5018 323.5018 232.2891 45.9903 271.2517 172.1014 20.6551 138.0275 351.7175 85.2847 45.2791 129.6405 62.3203 86.813 16.8043 55.7994 355.3812;
	0.4769 6.4435 48.6451 55.7183 6.7257 4.3636 7.4903 9.6884 5.6513 11.37 21.0174 31.3538 47.2029 6.221 127.2303 47.9333 59.4727 63.0234 78.9282 69.5533 2.4968 10.1816 33.6241 58.404 48.5684 49.6645 5.5039 61.356 213.9065 213.9065 151.5796 29.4615 263.0939 179.0304 19.5035 91.2668 277.1449 86.3308 16.488 130.0939 76.2154 48.4064 17.5762 78.0914 280.0318;
	0.3163 4.2743 55.2292 61.7471 6.017 8.5006 4.8687 9.6796 10.645 10.8575 20.0699 29.9403 45.0749 1.4377 85.9605 32.3851 40.1815 42.5804 66.9547 67.4785 1.6229 19.8346 28.7806 65.6328 51.945 52.322 5.5997 7.3121 7.322 7.322 17.87 16.9634 223.1822 173.6898 4.5072 3.1241 154.8888 1.4442 14.3454 139.1385 70.0818 94.2995 10.5835 81.2177 156.5022;
	0.5021 6.7845 64.89 72.5473 8.7231 8.8957 18.2176 12.4483 26.9583 17.0313 31.4822 46.9652 70.7059 3.1038 96.7342 36.444 45.2176 47.9172 52.2987 68.5866 6.0725 20.7565 52.3949 73.7166 61.1065 64.3319 6.6564 0.0 53.8655 53.8655 58.6339 18.7274 174.3288 176.5421 9.7307 22.9826 0.2382 5.3484 102.3039 163.6781 73.8271 98.6826 32.9213 123.3095 0.2407;
	0.4607 6.2246 73.9958 70.8526 9.5242 2.3485 3.2019 13.6719 12.7369 15.9383 29.4617 43.9511 66.1681 2.5847 118.7733 44.7472 55.5196 58.8342 56.333 66.1696 1.0673 5.4799 47.4135 75.1384 75.1565 67.6155 8.1024 14.8744 21.5861 21.5861 17.1251 10.4948 187.7767 170.3208 8.1034 9.2101 0.0 5.4646 67.6991 201.3121 67.582 26.0531 6.1297 128.1988 0.0;
	0.4662 6.2995 78.9301 64.6287 9.9456 4.2265 4.2448 12.7794 19.9609 10.0428 18.564 27.6939 41.693 0.5818 136.7387 51.5155 63.9174 67.7333 80.7906 68.8246 1.4149 9.8618 37.6707 75.0603 58.3195 68.9134 7.1682 0.0 2.7121 2.7121 30.1629 10.9021 269.3019 177.1546 1.824 1.1572 0.0 6.8031 90.5592 156.2131 53.3555 46.8858 23.9339 117.3913 0.0;
	0.4945 6.6817 60.3743 42.7847 10.3611 5.0127 4.9832 7.9074 25.4999 8.6415 15.9738 23.8297 35.8755 1.8088 120.7146 45.4785 56.4271 59.7958 62.3054 71.3997 1.6611 11.6963 25.7784 54.5117 36.3063 61.4581 3.5484 28.2456 34.0619 34.0619 30.3788 3.4615 207.6847 183.7831 5.6709 14.5331 19.7417 11.6883 180.3171 97.249 27.9838 55.6077 33.6004 131.8081 19.9473;
	0.5677 7.6715 36.1684 31.1964 4.8943 4.0903 5.2951 7.0494 20.7903 5.9013 10.9085 16.2733 24.4994 10.9453 63.8288 24.0471 29.8363 31.6175 15.0495 51.5776 1.765 9.544 14.37 36.4604 33.4553 63.1132 4.0236 11.9973 25.9385 25.9385 110.6235 20.9445 50.1649 132.7608 34.3151 11.0671 16.7838 42.1362 82.4707 89.6124 9.6851 45.375 19.0001 104.8162 16.9586;
	0.575 7.7692 28.4019 26.1893 4.0115 7.231 11.9202 5.3108 23.1872 17.3442 32.0604 47.8279 72.0046 4.2264 14.8191 5.583 6.9271 7.3406 1.0658 18.8681 3.9734 16.8723 8.0219 32.138 28.7531 53.1928 3.4856 14.0845 15.0174 15.0174 65.4358 7.9221 3.5527 48.5665 13.2505 6.4074 7.501 57.0201 152.4165 77.0172 3.026 80.2158 1.3515 66.6643 7.5791;
	0.7034 9.505 33.4496 30.2955 8.7021 17.7812 19.8868 4.0143 26.4754 10.9992 20.3319 30.3312 45.6634 1.3811 5.0278 1.8942 2.3502 2.4905 2.8957 13.5335 6.6289 41.4895 11.9782 34.6076 29.7335 47.4429 2.3953 46.7508 69.918 69.918 71.7419 9.1729 9.6525 34.8352 4.3299 29.8317 33.3652 30.4037 137.4454 79.6434 3.1864 197.2531 57.0456 80.9937 33.7127;
	0.9973 13.4753 46.4436 71.0976 11.546 25.9925 16.2089 3.0317 23.7552 7.2272 13.3594 19.9295 30.0038 3.5933 8.8142 3.3207 4.1201 4.3661 20.0766 12.8855 5.403 60.6491 33.0448 40.3567 46.3041 51.1365 0.9089 78.9582 82.3208 82.3208 99.135 19.2329 66.9219 33.1673 11.2654 35.1235 67.8409 15.7299 107.6128 124.0288 7.6981 288.343 69.6775 98.4731 68.5476;
	1.769 23.9031 66.697 36.4375 13.9921 18.0384 13.7301 0.0521 12.5623 11.1187 20.5527 30.6606 46.1594 0.0258 24.1126 9.0843 11.2712 11.9441 3.4423 12.2897 4.5767 42.0896 50.2424 56.4223 16.2278 49.1465 0.0231 141.5578 116.4608 116.4608 39.2261 9.9951 11.4745 31.6338 0.081 49.6899 115.8654 5.7315 66.8963 43.4673 2.9628 200.1062 66.4899 129.5779 117.0723;
	2.6347 35.6005 85.7148 58.4303 14.7612 28.5918 24.2782 0.4193 26.5197 25.4621 47.0663 70.2137 105.7063 10.6391 6.129 2.3091 2.8649 3.036 2.1064 12.0735 8.0927 66.7142 33.4538 64.295 67.3366 52.9438 0.349 225.1053 192.7763 192.7763 192.7443 4.7765 7.0213 31.0771 33.3549 82.2512 195.3168 9.1954 388.614 180.3658 17.1046 317.1784 125.8883 170.2918 197.3514;
	2.2678 30.6432 62.9419 64.6374 15.0513 21.6351 29.4544 2.5735 27.1177 13.6492 25.2303 37.6387 56.6648 31.9326 69.5252 26.1932 32.499 34.4392 7.0433 10.643 9.8181 50.4819 45.3574 0.7738 11.7037 34.7279 1.4033 219.7205 271.0704 271.0704 180.3517 7.9611 23.4775 27.3951 100.1132 115.6567 243.2366 18.7349 440.2343 31.3493 29.077 240.0055 96.2451 148.5671 245.7704;
	2.4212 32.7152 83.7215 73.7415 10.2555 18.2829 14.4883 2.4502 26.7646 24.0112 44.3843 66.2127 99.6828 21.463 56.5193 21.2933 26.4195 27.9967 1.7525 34.8698 4.8294 42.6602 31.3916 1.1145 34.0526 11.8771 0.8067 275.0256 287.429 287.429 114.6666 10.1355 5.8417 89.7549 67.2895 122.6364 280.5475 20.3063 374.7229 91.2124 1.9575 202.8188 93.6328 116.8345 283.4699;
	3.3931 45.8489 87.4609 45.1102 14.383 13.7159 3.2611 0.8309 22.2924 24.6855 45.6308 68.0722 102.4823 8.7274 27.7588 10.458 12.9756 13.7503 4.7686 56.4903 1.087 32.0037 50.0219 0.0383 13.9218 2.5949 0.0766 376.6022 291.4923 291.4923 168.4483 12.6339 15.8954 145.4062 27.3615 124.37 321.1258 37.2337 131.8084 37.2905 1.5995 152.1546 72.8193 183.1642 324.4708;
	3.4649 46.8178 6.8151 0.1012 14.1091 6.0522 0.9157 0.0535 5.7602 17.6813 32.6837 48.7576 73.4043 11.6155 69.7567 26.2804 32.6072 34.5539 33.7341 57.4027 0.3052 14.1218 2.5197 0.0 0.6389 2.3108 0.0154 319.9434 375.0322 375.0322 182.0426 23.644 112.4469 147.7546 36.4163 160.0137 442.2452 72.9123 43.3718 1.7114 0.2885 67.1389 142.5583 208.456 446.8519;
	2.904 39.2392 10.8858 3.2651 14.2116 21.3108 10.9388 2.1599 26.8723 26.9397 49.7976 74.2882 111.8405 11.9891 103.9429 39.1599 48.5873 51.488 29.9983 66.9881 3.6463 49.7253 18.1612 0.0213 1.0611 9.1257 0.8473 439.2948 513.0341 513.0341 332.6206 35.1584 99.9943 172.4276 37.5876 218.8945 539.7835 97.271 415.6453 2.8422 11.3022 236.4082 123.8716 207.3293 545.4062;
	3.3903 45.81 87.981 10.39 15.3093 29.6823 21.6188 3.1709 27.12 10.5253 19.4558 29.0243 43.6959 10.6343 105.3465 39.6887 49.2434 52.1833 79.9264 45.9905 7.2063 69.2588 38.4476 0.3705 5.0062 61.1801 1.2234 624.4065 473.2009 473.2009 388.3948 48.8219 266.4212 118.3796 33.3401 201.899 610.3027 85.8107 398.3854 13.4094 33.1518 329.276 123.6524 209.1538 616.66;
