function windprofile = ex_wind_profilesh1
%EX_WIND_PROFILE_D  Example wind_load_nyiso profile data for deterministic unit commitment.
% 2022.03.12
% Andres F. Ramirez


%% define constants
[GEN_BUS, PG, QG, QMAX, QMIN, VG, MBASE, GEN_STATUS, PMAX, PMIN, ...
    MU_PMAX, MU_PMIN, MU_QMAX, MU_QMIN, PC1, PC2, QC1MIN, QC1MAX, ...
    QC2MIN, QC2MAX, RAMP_AGC, RAMP_10, RAMP_30, RAMP_Q, APF] = idx_gen;
[CT_LABEL, CT_PROB, CT_TABLE, CT_TBUS, CT_TGEN, CT_TBRCH, CT_TAREABUS, ...
    CT_TAREAGEN, CT_TAREABRCH, CT_ROW, CT_COL, CT_CHGTYPE, CT_REP, ...
    CT_REL, CT_ADD, CT_NEWVAL, CT_TLOAD, CT_TAREALOAD, CT_LOAD_ALL_PQ, ...
    CT_LOAD_FIX_PQ, CT_LOAD_DIS_PQ, CT_LOAD_ALL_P, CT_LOAD_FIX_P, ...
    CT_LOAD_DIS_P, CT_TGENCOST, CT_TAREAGENCOST, CT_MODCOST_F, ...
    CT_MODCOST_X] = idx_ct;

windprofile = struct( ...
    'type', 'mpcData', ...
    'table', CT_TGEN, ...
    'rows', [1:45], ...
    'col', PMAX, ...
    'chgtype', 1, ...
    'values', [] );
windprofile.values(:,1,:) = [
	0.7167 9.6842 55.1695 61.984 7.0062 0.0 9.8058 4.8263 1.4912 9.6403 17.8199 26.5838 40.0218 7.0031 150.0657 56.5364 70.147 74.3349 77.3807 69.6107 3.2686 0.0 47.0746 60.8393 42.1027 37.5009 3.4038 192.4018 319.8911 319.8911 225.6068 51.2721 257.9358 179.1781 21.9556 136.4869 384.5314 91.0102 0.0 112.775 57.1437 0.0 0.0011 80.6822 388.5369;
	0.4606 6.2237 51.0878 60.3317 6.5953 0.0 4.7981 9.598 7.8541 10.0483 18.5742 27.709 41.7157 4.0182 126.8955 47.8072 59.3163 62.8576 74.5167 71.0336 1.5994 0.0 12.0444 60.6651 40.8682 45.0334 5.5032 247.2691 233.679 233.679 152.4449 32.5878 248.3891 182.8406 12.5976 99.7031 308.9479 88.0294 0.4038 109.4685 68.7592 0.0 0.0405 96.8103 312.1661;
	0.2937 3.9688 54.7065 58.9998 5.7629 0.154 0.397 10.769 1.2452 8.6308 15.9539 23.8 35.8308 4.3441 89.7579 33.8158 41.9566 44.4615 66.32 67.0686 0.1323 0.3594 23.2556 66.3441 46.4448 53.0779 5.9184 60.9975 51.1879 51.1879 16.5699 19.2543 221.0667 172.6347 13.6194 21.8402 168.3252 4.9129 0.0 124.4057 59.8493 1.7087 0.0 101.8629 170.0785;
	0.4001 5.4057 65.0992 70.7542 8.5202 0.1896 0.6276 14.0971 11.2692 14.1033 26.0697 38.8909 58.55 4.0219 96.4444 36.3349 45.0822 47.7736 47.8706 67.1219 0.2092 0.4424 43.4387 77.7602 59.2321 69.1082 7.4711 19.5699 26.5494 26.5494 26.3579 22.0001 159.5686 172.772 12.6092 11.3277 4.7844 5.1104 0.0 158.6573 68.4612 2.1033 0.0 145.6074 4.8342;
	0.5178 6.9966 74.219 69.9907 9.9114 0.8421 1.7256 14.2651 7.6983 13.6809 25.289 37.7262 56.7966 4.4236 135.0601 50.8831 63.1328 66.9019 58.8375 69.1412 0.5752 1.9649 40.2704 72.1183 69.5901 69.1541 8.1197 40.5348 50.9801 50.9801 11.0671 12.8809 196.125 177.9697 13.8685 21.7515 10.1976 7.2613 0.0 186.4021 62.7146 9.3419 0.0 152.0681 10.3038;
	0.522 7.054 73.1536 57.2286 9.8585 3.3086 0.0711 13.601 1.7953 8.4215 15.5669 23.2228 34.9618 0.2793 155.9519 58.754 72.8985 77.2506 83.5804 67.8209 0.0237 7.7201 34.4744 73.9154 53.5864 67.945 8.0532 19.8936 14.6089 14.6089 14.3625 12.6091 278.6012 174.5712 0.8757 6.2331 1.5327 4.4888 0.0 143.535 53.8204 36.7036 11.0485 150.2385 1.5486;
	0.4958 6.6993 57.4774 40.1742 9.5959 2.925 4.2555 8.2481 2.3317 6.6133 12.2246 18.2367 27.4553 0.0018 132.5488 49.937 61.9589 65.6579 66.0346 66.9405 1.4185 6.825 22.5381 52.4109 33.4115 60.5475 4.3745 20.7223 19.2469 19.2469 5.7131 9.5081 220.1153 172.3049 0.0057 8.212 4.7994 3.8491 33.2399 89.495 27.3017 32.4479 28.2176 148.7619 4.8494;
	0.4704 6.3555 33.6347 28.1639 3.7185 2.697 4.6691 7.0806 1.9084 3.6497 6.7464 10.0643 15.1518 0.0 72.7252 27.3988 33.9948 36.0243 20.9277 47.626 1.5564 6.2929 10.6171 34.09 32.0328 58.4576 4.5976 8.2571 21.8425 21.8425 18.1819 0.2871 69.759 122.5894 0.0 9.3195 5.4705 3.1435 5.7084 85.8022 13.6388 29.9182 0.0 115.773 5.5275;
	0.5898 7.9701 26.9584 25.8159 3.507 4.6802 1.6779 5.4949 0.1419 0.0 0.0 0.0 0.0 0.0004 22.2878 8.3968 10.4183 11.0403 22.1352 13.7642 0.5593 10.9205 0.5884 34.5889 26.5939 48.9233 4.3216 0.6474 29.2617 29.2617 27.4118 0.5754 73.7842 35.429 0.0013 12.485 10.5224 10.0728 0.58 71.2336 57.1939 51.919 0.0 80.8769 10.6321;
	0.6061 8.1897 28.8906 21.4298 7.3165 3.033 0.0 3.5684 0.0 0.0 0.0 0.0 0.0 0.0 9.5641 3.6032 4.4707 4.7376 1.7911 3.9653 0.0 7.077 4.0659 31.8476 23.8402 35.3365 2.7682 31.6344 40.6311 40.6311 14.4189 7.313 5.9704 10.2067 0.0 17.3359 4.9816 17.1491 0.0 63.8576 10.1689 33.6461 38.2358 92.6274 5.0335;
	0.8863 11.9758 41.2547 0.0 11.6389 0.0753 0.6156 1.94 0.2154 0.0 0.0 0.0 0.0 0.1248 86.8725 32.7287 40.6078 43.0322 42.5704 11.2618 0.2052 0.1757 2.6492 35.3972 32.3022 38.8129 0.6896 52.7111 68.3867 68.3867 4.2552 1.7922 141.9014 28.9879 0.3912 29.1783 46.104 13.2511 1.1013 86.5237 14.3423 0.8355 0.0 100.9966 46.5843;
	1.4653 19.7994 60.5939 0.0 13.4845 0.0 4.6001 0.0007 0.562 0.056 0.1036 0.1546 0.2327 0.0 23.7879 8.962 11.1195 11.7833 0.5304 9.4476 1.5334 0.0 44.6876 55.2232 9.2439 39.2638 0.0 163.6489 101.3653 101.3653 30.0968 3.834 1.768 24.318 0.0 43.2492 122.3382 38.2611 6.9193 24.7603 3.6759 0.0 0.0 133.4506 123.6125;
	2.0222 27.3243 79.2501 0.0 14.3333 0.2465 0.0485 0.0074 1.1077 25.2158 46.611 69.5345 104.6838 0.0 19.2406 7.2488 8.9938 9.5308 0.0283 10.1029 0.0162 0.5751 34.735 62.5765 64.0121 47.6683 0.0 206.5887 141.201 141.201 18.6592 2.4327 0.0943 26.0049 0.0 60.2458 143.3425 3.536 28.6938 171.461 3.2204 2.7343 95.6528 189.3006 144.8356;
	1.7267 23.3318 0.0018 0.0 14.2123 18.473 0.0 0.0 1.3899 0.373 0.6895 1.0286 1.5485 0.0 61.4136 23.1372 28.7073 30.4211 0.0943 9.0625 0.0 43.1038 39.7926 0.0 0.0 28.5787 0.0 188.9096 196.9378 196.9378 6.7997 4.3934 0.3142 23.327 0.0 84.0268 170.2324 13.946 10.3187 0.0 1.6357 204.9277 73.5589 144.6083 172.0056;
	2.1761 29.4045 1.607 0.0372 9.8699 0.6742 0.0 0.015 1.5234 0.1229 0.2273 0.339 0.5104 1.0883 53.5598 20.1783 25.0361 26.5308 4.1127 6.7335 0.0 1.5732 28.044 0.0656 0.595 0.0 0.0008 265.4499 249.8723 249.8723 102.6036 7.6995 13.709 17.3319 3.4119 106.6122 240.7304 22.4018 2.8409 1.5938 2.82 7.4797 79.4 105.534 243.238;
	3.17 42.8331 81.8624 0.0 14.3507 1.4178 3.8329 0.0002 10.3118 5.2055 9.6222 14.3545 21.6106 0.7541 105.0855 39.5904 49.1214 52.054 9.6213 51.0679 1.2776 3.3082 46.3139 0.1159 0.0 0.0 0.0 407.8721 292.9842 292.9842 185.4354 11.1846 32.0709 131.4489 2.3641 125.0066 306.1856 46.3531 29.1149 0.0 7.8624 15.728 1.755 180.7228 309.375;
	3.2411 43.7942 0.986 0.351 14.464 0.1239 4.2043 0.0 7.2329 0.655 1.2108 1.8063 2.7193 0.3781 33.3052 12.5475 15.5682 16.4977 10.5253 9.2445 1.4014 0.2892 3.1414 0.58 0.0492 0.0 0.0 369.5704 371.6396 371.6396 186.7617 25.6331 35.0844 23.7954 1.1854 158.5662 455.5071 78.6433 58.6996 0.1318 0.0002 1.375 135.7344 211.2624 460.252;
	2.5761 34.8089 0.526 0.0025 14.4595 18.093 3.3151 0.0 2.9083 4.6273 8.5535 12.7602 19.2104 0.0 16.5649 6.2407 7.7431 8.2054 4.4567 9.7955 1.105 42.2171 14.095 2.4919 0.4266 0.0017 0.0 467.0662 464.9448 464.9448 324.719 32.3678 14.8556 25.2136 0.0 198.3765 540.0834 103.9759 53.2446 1.1427 0.6131 200.7121 109.675 214.9445 545.7093;
	2.6832 36.2556 82.1665 1.6785 15.0055 24.0403 0.1873 0.0 0.0 4.398 8.1297 12.1279 18.2585 2.5593 31.9821 12.0491 14.9498 15.8423 1.2083 41.5935 0.0624 56.0941 0.0 7.5764 9.4704 54.1318 0.0308 675.8761 425.1286 425.1286 354.6001 44.929 4.0276 107.0617 8.0238 181.3882 598.3719 76.4273 21.7571 25.3671 0.0031 266.6873 101.8217 203.0265 604.6049;
	2.8542 38.5671 0.0847 4.1074 15.0943 0.0006 18.6306 0.0 25.943 19.638 36.3005 54.1532 81.5273 3.3675 46.497 17.5175 21.7347 23.0322 7.6621 21.4426 6.2102 0.0015 49.0237 41.3425 8.7139 44.4844 0.0489 583.4851 421.8609 421.8609 334.5415 42.6298 25.5402 55.1934 10.5575 179.994 512.4701 73.817 63.2387 23.3407 0.2947 0.0072 103.1243 170.8626 517.8083;
	3.1534 42.6099 85.9067 3.5669 14.9687 0.0756 1.2881 0.0024 26.7117 22.8021 42.1494 62.8785 94.6633 8.015 26.3092 9.9118 12.298 13.0322 6.0741 32.519 0.4294 0.1765 67.4666 83.356 25.7177 55.5292 0.3623 604.4118 385.6432 385.6432 260.9123 53.7754 20.247 83.7041 25.128 164.5411 536.3957 73.6848 31.9128 68.8868 0.4998 0.8392 102.6327 169.7977 541.9832;
