function loadprofile = ex_load_profilesh1
%EX_LOAD_PROFILE  Example load profile data file for stochastic unit commitment.
% 2022.03.12
% Andres F. Ramirez

%% define constants
[CT_LABEL, CT_PROB, CT_TABLE, CT_TBUS, CT_TGEN, CT_TBRCH, CT_TAREABUS, ...
    CT_TAREAGEN, CT_TAREABRCH, CT_ROW, CT_COL, CT_CHGTYPE, CT_REP, ...
    CT_REL, CT_ADD, CT_NEWVAL, CT_TLOAD, CT_TAREALOAD, CT_LOAD_ALL_PQ, ...
    CT_LOAD_FIX_PQ, CT_LOAD_DIS_PQ, CT_LOAD_ALL_P, CT_LOAD_FIX_P, ...
    CT_LOAD_DIS_P, CT_TGENCOST, CT_TAREAGENCOST, CT_MODCOST_F, ...
    CT_MODCOST_X] = idx_ct;

loadprofile = struct( ...
    'type', 'mpcData', ...
    'table', CT_TAREALOAD, ...
    'rows', [1:11], ...
    'col', CT_LOAD_ALL_P, ...
    'chgtype', 1, ...
    'values', [] );
loadprofile.values(:,1,:) = [
	1553.7929 964.2378 1688.2988 507.264 828.0404 1201.507 873.4555 248.2 541.6018 4599.7685 1912.5085;
	1515.3667 953.2386 1686.7223 507.9087 839.5379 1191.3617 869.2291 245.9259 536.2489 4530.1411 1826.6601;
	1531.9 973.2158 1718.2576 517.2662 844.1859 1197.9868 869.3 255.0841 542.8 4599.539 1850.9396;
	1606.2808 1041.4432 1784.4579 530.6301 887.6967 1263.495 912.1936 268.9543 566.773 4781.3442 1908.007;
	1732.6387 1146.5905 1959.2 569.0403 994.9085 1413.8769 1020.778 308.8351 649.7639 5334.4 2163.0409;
	1802.4851 1193.4604 2077.1 571.3329 1069.2 1524.3255 1112.8809 323.0973 724.1811 5877.9297 2292.9792;
	1783.1821 1164.3612 2031.3405 579.1796 1015.4411 1498.0592 1083.6271 340.6541 745.6073 6057.0495 2247.7037;
	1842.6124 1157.0674 2010.9109 569.255 1014.2686 1465.1418 1109.1131 333.6 762.8621 6326.1627 2274.1426;
	1878.6151 1188.8393 1977.7 566.3488 969.1153 1489.4317 1092.8752 323.1581 755.6643 6368.707 2252.9281;
	1868.2946 1203.653 2020.4972 566.9035 989.1667 1416.9886 1065.6899 323.9 763.0812 6326.4505 2246.6377;
	1765.4906 1162.5905 1966.8481 569.3526 935.0977 1375.3717 1007.4 316.6885 753.993 6235.2406 2154.1075;
	1749.8136 1154.4893 1942.6 557.2266 914.1964 1371.2093 991.8928 328.5124 719.6412 5917.1862 2063.6697;
	1742.0819 1146.3132 1893.099 555.1456 878.9056 1284.6294 966.6521 321.3978 701.7072 6091.262 2101.7;
	1700.2727 1137.6779 1896.7481 574.8404 877.9312 1258.8 1002.98 339.1087 703.3167 6159.1374 2097.8937;
	1714.4 1165.4467 1914.5571 574.2 911.1418 1360.7442 1041.6577 347.1 705.6323 6301.0286 2222.0218;
	1707.0039 1149.5351 1902.1458 573.1518 921.2682 1386.8732 1053.8556 349.9 696.2775 6220.0303 2237.7494;
	1622.6944 1063.72 1815.3631 565.3555 935.0811 1405.4372 1083.7464 375.3586 716.0427 6021.1154 2220.9994;
	1736.78 1195.0628 1962.4496 578.3831 1015.3884 1507.6823 1159.1941 388.5102 764.6296 6205.3818 2412.3924;
	1797.6969 1216.0025 2012.8185 594.1284 998.6122 1518.0406 1173.2 384.5669 751.0985 6233.5101 2448.4915;
	1735.3817 1129.1548 1892.1156 576.2 934.7244 1424.387 1108.0496 358.1015 717.9 5999.9681 2333.5197;
	1652.1923 1053.8037 1760.9867 579.4 885.7943 1316.2 1023.3118 336.3 640.8567 5543.2576 2099.4;
	1555.2357 988.5308 1690.1 563.3 833.6 1240.0 968.7575 296.8293 593.2 5191.0345 1953.3;
	1530.0815 937.9495 1601.6 541.1351 802.8645 1169.7364 905.2 294.9335 549.2197 4869.4063 1831.5651;
	1446.8149 918.7973 1581.165 543.1779 761.5904 1160.7802 857.458 263.1343 534.4634 4696.7098 1768.9631;
];
