function windprofile = ex_wind_profilesh1
%EX_WIND_PROFILE_D  Example wind_load_nyiso profile data for deterministic unit commitment.
% 2022.03.12
% Andres F. Ramirez


%% define constants
[GEN_BUS, PG, QG, QMAX, QMIN, VG, MBASE, GEN_STATUS, PMAX, PMIN, ...
    MU_PMAX, MU_PMIN, MU_QMAX, MU_QMIN, PC1, PC2, QC1MIN, QC1MAX, ...
    QC2MIN, QC2MAX, RAMP_AGC, RAMP_10, RAMP_30, RAMP_Q, APF] = idx_gen;
[CT_LABEL, CT_PROB, CT_TABLE, CT_TBUS, CT_TGEN, CT_TBRCH, CT_TAREABUS, ...
    CT_TAREAGEN, CT_TAREABRCH, CT_ROW, CT_COL, CT_CHGTYPE, CT_REP, ...
    CT_REL, CT_ADD, CT_NEWVAL, CT_TLOAD, CT_TAREALOAD, CT_LOAD_ALL_PQ, ...
    CT_LOAD_FIX_PQ, CT_LOAD_DIS_PQ, CT_LOAD_ALL_P, CT_LOAD_FIX_P, ...
    CT_LOAD_DIS_P, CT_TGENCOST, CT_TAREAGENCOST, CT_MODCOST_F, ...
    CT_MODCOST_X] = idx_ct;

windprofile = struct( ...
    'type', 'mpcData', ...
    'table', CT_TGEN, ...
    'rows', [1:45], ...
    'col', PMAX, ...
    'chgtype', 1, ...
    'values', [] );
windprofile.values(:,1,:) = [
	0.6866 9.277 53.8585 55.0233 6.8487 2.0416 3.1293 8.3816 0.9334 19.8475 36.6878 54.731 82.3972 36.7319 132.9595 50.0917 62.1508 65.8613 77.7018 67.1153 1.0431 4.7637 64.3504 69.8054 46.2691 46.0661 4.2839 191.6529 358.1323 358.1323 254.2552 50.4398 259.0061 172.7551 115.1596 152.8031 411.7531 95.9328 27.0893 123.9351 63.0333 22.648 26.3237 66.2749 416.0422;
	0.3944 5.3287 48.3965 47.6289 5.6074 0.0089 0.0119 10.2994 2.0505 11.6049 21.4514 32.0013 48.1778 22.6227 113.9206 42.9189 53.2513 56.4304 70.8618 65.4162 0.004 0.0207 29.5418 68.5275 49.7347 45.5326 5.8205 86.2457 247.3837 247.3837 178.1607 35.6326 236.2061 168.3815 70.9254 105.5504 331.2626 97.5305 0.1699 133.218 77.8423 0.0983 0.0926 83.7355 334.7133;
	0.1679 2.2692 56.0952 56.063 4.9085 0.0 0.0 10.8292 2.3078 10.7923 19.9494 29.7606 44.8043 10.5211 72.5926 27.3488 33.9328 35.9587 58.7417 62.6531 0.0 0.0 28.5433 76.2333 53.2698 51.7106 6.3789 22.5681 162.2226 162.2226 193.3213 22.843 195.8055 161.2692 32.9851 69.215 197.5129 19.4089 0.0 142.687 73.208 0.0 0.0 91.2707 199.5704;
	0.2035 2.7491 66.9902 68.1612 7.729 0.0051 0.0 13.7877 2.7998 16.4888 30.4793 45.4691 68.4534 23.009 81.4038 30.6684 38.0515 40.3233 43.7451 55.6698 0.0 0.0119 50.2809 83.5863 65.903 67.0452 7.8658 6.7119 131.1478 131.1478 129.57 24.983 145.8171 143.2942 72.1364 55.9564 75.4467 3.9736 0.0559 176.5258 72.9721 0.0567 0.0 136.6021 76.2326;
	0.4107 5.5492 76.7855 65.2688 9.35 0.9465 0.2608 14.381 5.2953 15.6665 28.9592 43.2015 65.0396 7.4784 102.7725 38.7189 48.0401 50.9082 51.5216 63.492 0.0869 2.2086 43.9896 82.1947 77.796 70.7774 8.9857 31.6902 50.4465 50.4465 65.8316 13.263 171.7386 163.4285 23.4458 21.5239 22.0017 2.1213 0.0019 208.3821 70.0411 10.5003 0.0 143.4037 22.2309;
	0.309 4.1751 77.1218 59.0653 9.6081 3.5148 0.0 12.639 2.7109 8.8625 16.3821 24.4389 36.7926 7.1425 117.6826 44.3362 55.0098 58.2939 68.3603 67.5585 0.0 8.2011 32.9598 79.8056 56.8317 69.9297 8.0137 20.9908 74.0391 74.0391 83.1752 12.8905 227.8677 173.8957 22.3928 31.59 16.2935 4.6227 2.0061 152.2277 55.9416 38.9905 19.6188 133.2292 16.4632;
	0.3784 5.1124 54.1271 39.0845 8.4993 2.503 3.3592 7.6434 2.4512 7.2228 13.3512 19.9173 29.9854 2.7386 97.1742 36.6098 45.4233 48.1351 49.5222 64.1834 1.1197 5.8403 22.2637 54.7365 34.4686 60.2332 4.1243 31.2204 74.2113 74.2113 288.2632 26.1689 165.0741 165.2081 8.586 31.6635 15.8847 13.1758 1.016 92.3266 28.8425 27.7664 28.9131 123.422 16.0501;
	0.4735 6.3978 36.8011 29.6347 3.7595 2.6117 4.449 6.932 3.7531 5.6891 10.5161 15.688 23.6182 4.0564 46.955 17.69 21.9487 23.2591 15.0902 45.9106 1.483 6.094 14.673 38.4367 34.1535 64.915 4.5229 6.8382 31.437 31.437 67.3694 7.5121 50.3008 118.1741 12.7175 13.4131 6.2966 5.203 58.9953 91.4826 12.2201 28.9727 0.9297 103.1348 6.3622;
	0.6916 9.3447 32.0622 29.6007 4.5222 5.0854 6.3341 5.9152 25.7625 14.9644 27.6614 41.2654 62.1249 0.2514 10.9227 4.1151 5.1057 5.4105 0.7113 17.03 2.1114 11.866 7.8011 38.7616 31.2054 59.2196 4.3961 2.3025 61.0077 61.0077 59.2101 11.9403 2.3711 43.8353 0.7883 26.0299 5.1767 16.1399 66.074 83.5858 12.796 56.4145 12.1357 82.689 5.2306;
	0.5446 7.3588 31.1581 25.0398 7.4733 0.2071 0.5143 2.814 8.1089 5.3155 9.8256 14.6578 22.0673 0.0502 2.9429 1.1087 1.3756 1.4578 5.1155 11.2316 0.1714 0.4832 11.7566 33.7465 26.0416 46.1814 2.5637 31.1769 43.7658 43.7658 20.8424 0.7586 17.0518 28.91 0.1573 18.6734 6.343 7.5614 0.0 69.7544 0.1124 2.2971 39.5389 80.3169 6.409;
	0.8058 10.8887 41.2656 1.1196 11.1318 1.2294 0.0 3.2346 5.2927 14.5742 26.9401 40.1894 60.5049 0.0553 0.0 0.0 0.0 0.0 2.707 9.2877 0.0 2.8685 34.4756 39.9173 44.3895 53.0777 1.2608 59.083 67.5323 67.5323 53.8519 3.3588 9.0234 23.9066 0.1733 28.8138 46.9336 22.0599 0.0 118.9006 5.9318 13.6377 0.0 83.1645 47.4225;
	1.523 20.5788 58.3715 0.5449 13.9356 1.8363 0.0545 0.1133 7.5503 17.4087 32.1798 48.0059 72.2727 0.0069 1.7772 0.6695 0.8307 0.8803 2.21 9.3881 0.0182 4.2846 57.2996 52.0225 3.578 50.5734 0.2224 176.2602 107.2605 107.2605 18.1858 2.8683 7.3667 24.1651 0.0218 45.7645 120.5234 16.5209 0.0 9.5839 14.8276 20.3702 0.0006 122.3564 121.7789;
	2.1923 29.6234 76.7403 0.0132 14.0496 2.5128 1.5371 0.0 23.4649 25.7659 47.6278 71.0513 106.9674 0.4765 4.1505 1.5637 1.9401 2.056 23.3897 9.3412 0.5124 5.8632 36.9701 54.0518 53.5085 51.854 0.0266 247.3291 176.5523 176.5523 54.4706 4.6327 77.9656 24.0442 1.4939 75.329 178.6255 11.7277 10.8153 143.3264 15.0818 27.8754 102.7757 162.553 180.4862;
	1.8041 24.377 1.701 0.3842 13.8302 20.2972 3.4661 0.0007 8.6524 0.1407 0.2601 0.388 0.5842 2.5741 11.6108 4.3743 5.4274 5.7514 7.5968 7.4998 1.1554 47.3601 40.2743 0.0032 1.1253 34.7801 0.1651 207.5309 214.3723 214.3723 13.4944 5.2507 25.3226 19.3044 8.0701 91.4655 189.7264 23.4981 27.5754 3.0142 3.6827 225.1634 79.6968 136.7885 191.7027;
	2.1799 29.4555 1.8382 0.2185 9.1894 5.7083 0.0562 0.0339 4.879 0.3876 0.7165 1.0688 1.6091 0.0 5.1718 1.9485 2.4175 2.5619 11.5115 0.959 0.0187 13.3193 28.9998 0.677 4.4781 16.5125 0.0232 282.7303 259.7374 259.7374 95.0134 9.2255 38.3717 2.4685 0.0 110.8213 271.7023 64.6765 9.684 11.9949 5.6304 63.3237 84.0177 108.363 274.5325;
	3.2798 44.3167 82.4404 0.9859 14.0131 12.4943 4.6754 0.0821 10.4342 4.05 7.4864 11.1683 16.8138 0.877 20.3563 7.6691 9.5154 10.0835 60.2 1.2105 1.5585 29.1534 46.4856 0.002 0.5148 0.2481 0.0679 409.0337 285.4701 285.4701 168.4946 11.7556 200.6667 3.1159 2.7495 121.8006 315.6694 45.0965 73.2972 1.379 4.6636 138.6035 33.6861 179.3808 318.9576;
	3.5692 48.2273 12.5441 19.1166 15.0151 16.6033 1.691 2.7673 3.6185 1.9915 3.6813 5.4917 8.2678 2.1842 7.7581 2.9228 3.6265 3.843 11.6634 2.6792 0.5637 38.7409 0.6129 25.8004 31.8477 2.9307 0.8311 379.1185 352.2045 352.2045 147.8145 24.1295 38.8778 6.8962 6.8477 150.2739 431.5778 68.4589 39.0341 85.3064 60.1963 184.1854 147.7955 225.4806 436.0734;
	2.7544 37.2179 11.0209 26.4933 14.8304 19.7643 0.3269 2.4017 1.5138 0.8329 1.5397 2.2969 3.4579 0.0826 21.601 8.138 10.0972 10.7 49.7457 0.7759 0.109 46.1166 14.3017 45.9876 18.9075 18.3067 0.8116 538.6824 444.7725 444.7725 308.4724 36.6948 165.819 1.9972 0.2589 189.7696 476.7681 100.9714 0.4595 50.645 20.8068 219.2516 116.0769 222.2252 481.7345;
	2.9544 39.9207 85.1291 19.364 14.8023 26.2137 0.0 5.277 1.052 8.0888 14.9519 22.3054 33.5806 6.0208 28.8231 10.8589 13.4731 14.2775 11.1756 42.4991 0.0 61.1652 26.258 67.4576 23.9074 62.6861 0.5573 735.8453 420.5364 420.5364 362.0189 45.2739 37.2521 109.3927 18.876 179.4289 559.0339 80.3443 6.9358 64.0376 24.2475 290.7968 107.9737 195.5481 564.8572;
	2.92 39.4552 8.5449 14.3027 14.1847 5.3747 17.5942 4.9492 26.3919 20.9899 38.7995 57.8812 87.1399 8.5331 49.3966 18.6099 23.09 24.4685 10.375 21.7545 5.8647 12.5411 55.7484 65.3479 49.8249 54.6679 0.7612 784.0742 433.4535 433.4535 339.7019 44.3881 34.5833 55.9962 26.7524 184.9401 542.6311 81.6003 15.0558 133.4596 14.9843 59.6239 100.7296 180.0682 548.2835;
