function solarprofile = ex_solar_profilesh1
%EX_WIND_PROFILE_D  Example wind_load_nyiso profile data for deterministic unit commitment.
% 2022.03.12
% Andres F. Ramirez


%% define constants
[GEN_BUS, PG, QG, QMAX, QMIN, VG, MBASE, GEN_STATUS, PMAX, PMIN, ...
    MU_PMAX, MU_PMIN, MU_QMAX, MU_QMIN, PC1, PC2, QC1MIN, QC1MAX, ...
    QC2MIN, QC2MAX, RAMP_AGC, RAMP_10, RAMP_30, RAMP_Q, APF] = idx_gen;
[CT_LABEL, CT_PROB, CT_TABLE, CT_TBUS, CT_TGEN, CT_TBRCH, CT_TAREABUS, ...
    CT_TAREAGEN, CT_TAREABRCH, CT_ROW, CT_COL, CT_CHGTYPE, CT_REP, ...
    CT_REL, CT_ADD, CT_NEWVAL, CT_TLOAD, CT_TAREALOAD, CT_LOAD_ALL_PQ, ...
    CT_LOAD_FIX_PQ, CT_LOAD_DIS_PQ, CT_LOAD_ALL_P, CT_LOAD_FIX_P, ...
    CT_LOAD_DIS_P, CT_TGENCOST, CT_TAREAGENCOST, CT_MODCOST_F, ...
    CT_MODCOST_X] = idx_ct;

solarprofile = struct( ...
    'type', 'mpcData', ...
    'table', CT_TGEN, ...
    'rows', [1:12], ...
    'col', PMAX, ...
    'chgtype', 1, ...
    'values', [] );
solarprofile.values(:,1,:) = [
	0.0 0.0 0.0 0.0 0.0 0.0 0.0 0.0 0.0 0.0 0.0 0.0;
	0.0 0.0 0.0 0.0 0.0 0.0 0.0 0.0 0.0 0.0 0.0 0.0;
	0.0 0.0 0.0 0.0 0.0 0.0 0.0 0.0 0.0 0.0 0.0 0.0;
	0.0 0.0 0.0 0.0 0.0 0.0 0.0 0.0 0.0 0.0 0.0 0.0;
	0.0 0.0 0.0 0.0 0.0 0.0 0.0 0.0 0.0 0.0 0.0 0.0;
	0.4731 0.4018 0.4224 0.0 0.0 0.0 0.0 0.2 0.0 0.0 0.0 0.0;
	8.5803 5.5972 5.4987 1.8427 2.7081 239.5195 29.9399 34.6334 85.4178 8.8417 8.7253 16.0123;
	11.308 6.281 4.1294 2.6268 0.9426 404.3335 50.5417 64.5837 198.7337 18.2015 17.7448 32.9631;
	14.6447 9.2789 7.907 4.5964 1.7588 416.2047 52.0256 69.8165 221.5599 21.2971 18.8902 38.5692;
	21.2555 12.7725 12.0462 4.7278 5.8419 159.0884 19.886 46.6969 93.8585 5.9059 7.4671 10.6957;
	25.1821 16.371 13.7627 6.8081 8.0433 115.7306 14.4663 53.5697 143.0212 12.4995 6.7369 22.6366;
	25.2771 16.3954 13.769 7.0984 7.0 83.3693 10.4212 53.3078 146.0083 24.1992 11.1916 43.8249;
	11.5781 8.7602 9.3435 4.0608 2.5158 8.5718 1.0715 9.9457 16.7753 32.7695 16.8235 59.3458;
	6.6709 3.4045 6.6516 2.4613 1.3324 10.0682 1.2585 6.1893 13.2454 23.5546 14.6871 42.6576;
	4.537 2.9419 5.0845 2.2279 1.3185 19.359 2.4199 4.651 11.861 9.9599 7.9738 18.0374;
	2.9831 2.2496 2.4191 1.4807 0.2399 21.7911 2.7239 3.2096 15.963 0.0 0.0 0.0;
	0.4674 0.5747 0.3862 0.4215 0.1602 5.3147 0.6643 1.4108 12.0207 0.0 0.0 0.0;
	0.0 0.0 0.0 0.0 0.0 0.0 0.0 0.0 0.0 0.0 0.0 0.0;
	0.0 0.0 0.0 0.0 0.0 0.0 0.0 0.0 0.0 0.0 0.0 0.0;
	0.0 0.0 0.0 0.0 0.0 0.0 0.0 0.0 0.0 0.0 0.0 0.0;
	0.0 0.0 0.0 0.0 0.0 0.0 0.0 0.0 0.0 0.0 0.0 0.0;
	0.0 0.0 0.0 0.0 0.0 0.0 0.0 0.0 0.0 0.0 0.0 0.0;
	0.0 0.0 0.0 0.0 0.0 0.0 0.0 0.0 0.0 0.0 0.0 0.0;
	0.0 0.0 0.0 0.0 0.0 0.0 0.0 0.0 0.0 0.0 0.0 0.0;
];
