function loadprofile = ex_load_profilesh1
%EX_LOAD_PROFILE  Example load profile data file for stochastic unit commitment.
% 2022.03.12
% Andres F. Ramirez

%% define constants
[CT_LABEL, CT_PROB, CT_TABLE, CT_TBUS, CT_TGEN, CT_TBRCH, CT_TAREABUS, ...
    CT_TAREAGEN, CT_TAREABRCH, CT_ROW, CT_COL, CT_CHGTYPE, CT_REP, ...
    CT_REL, CT_ADD, CT_NEWVAL, CT_TLOAD, CT_TAREALOAD, CT_LOAD_ALL_PQ, ...
    CT_LOAD_FIX_PQ, CT_LOAD_DIS_PQ, CT_LOAD_ALL_P, CT_LOAD_FIX_P, ...
    CT_LOAD_DIS_P, CT_TGENCOST, CT_TAREAGENCOST, CT_MODCOST_F, ...
    CT_MODCOST_X] = idx_ct;

loadprofile = struct( ...
    'type', 'mpcData', ...
    'table', CT_TAREALOAD, ...
    'rows', [1:11], ...
    'col', CT_LOAD_ALL_P, ...
    'chgtype', 1, ...
    'values', [] );
loadprofile.values(:,1,:) = [
	1617.318 1013.6561 1761.9376 497.8386 872.6105 1230.2276 883.3457 230.1346 521.6129 4596.2542 1751.6494;
	1607.4719 981.7105 1736.7537 492.1281 885.1005 1215.2233 861.1412 201.567 491.4849 4498.7063 1704.1176;
	1618.4582 992.5452 1737.9252 512.5867 874.3559 1223.9488 854.9795 202.1367 510.4531 4551.3469 1612.7567;
	1669.4536 1068.6579 1852.8646 515.1494 960.4061 1307.8 909.8151 249.0905 545.9322 4737.1802 1753.0682;
	1799.6683 1194.4617 2057.7173 559.2211 1086.1475 1481.3 998.4388 301.4475 624.2494 5342.5933 2058.7408;
	1950.3446 1281.6134 2158.6575 561.9199 1110.8627 1541.8626 1039.131 323.9908 698.4958 5908.7961 2198.9976;
	1923.9402 1277.7034 2140.8588 550.0196 1102.2587 1523.6306 1068.1457 312.5365 706.6989 6250.8755 2223.9691;
	1907.7177 1259.498 2107.8777 570.1957 1048.2 1459.9492 1035.1159 302.0065 710.315 6413.5357 2190.1524;
	1866.4 1228.0407 2058.4393 564.6385 1018.9507 1460.2 1009.7463 265.0992 682.8 6384.0069 2099.5802;
	1875.6492 1216.2516 2038.1274 580.7703 971.8481 1424.7314 986.5312 290.463 653.2783 6430.5811 2055.5763;
	1888.9036 1200.5579 1976.3178 573.2196 939.4504 1388.8653 951.2043 268.039 634.372 6349.9292 1930.2113;
	1847.2485 1160.729 1896.613 567.8561 904.8894 1281.0312 749.7309 230.862 636.6 6181.4096 1858.979;
	1822.0 1169.6391 1903.6127 575.4354 880.2276 1342.8479 966.8702 276.8136 661.4571 6391.8 2014.375;
	1758.6066 1150.4027 1841.8082 574.8828 854.1742 1296.0005 975.6143 286.8846 664.3 6461.8793 2102.5279;
	1746.9862 1159.254 1868.4267 572.5127 873.5223 1316.1775 1009.5 268.444 653.7003 6554.9495 2141.4228;
	1711.6788 1159.653 1900.1509 585.7081 888.0546 1359.7244 1038.061 282.076 674.76 6768.8217 2291.6799;
	1714.1611 1178.9982 1912.1808 586.2 900.5747 1437.3686 1001.6858 315.5397 691.5 6597.0309 2342.6207;
	1795.0 1224.4683 1994.7306 613.1796 935.8473 1495.0979 1090.4784 334.7563 723.7702 6529.0764 2459.2737;
	1844.9512 1262.3424 2048.9172 593.7 981.8351 1483.1 1083.5094 327.3417 716.0 6401.9831 2433.3437;
	1771.1 1189.0647 1965.7067 588.8575 955.4337 1454.1527 1102.1708 334.6502 699.0288 6516.2846 2376.6997;
	1656.0398 1074.4533 1811.5 568.2743 875.8152 1333.6504 1036.9 300.0429 641.0968 6021.4284 2161.8;
	1571.878 994.0 1713.0878 547.7651 836.6814 1231.0399 944.4176 269.0906 580.9783 5508.6046 1951.2714;
	1493.3701 944.9829 1632.5 528.2019 751.4471 1133.3483 823.4868 211.4829 515.922 4852.4056 1677.6077;
	1480.0237 948.586 1640.0172 545.8 757.7491 1093.8 723.8249 181.5164 482.9937 4515.5919 1433.5783;
];
