function windprofile = ex_wind_profilesh1
%EX_WIND_PROFILE_D  Example wind_load_nyiso profile data for deterministic unit commitment.
% 2022.03.12
% Andres F. Ramirez


%% define constants
[GEN_BUS, PG, QG, QMAX, QMIN, VG, MBASE, GEN_STATUS, PMAX, PMIN, ...
    MU_PMAX, MU_PMIN, MU_QMAX, MU_QMIN, PC1, PC2, QC1MIN, QC1MAX, ...
    QC2MIN, QC2MAX, RAMP_AGC, RAMP_10, RAMP_30, RAMP_Q, APF] = idx_gen;
[CT_LABEL, CT_PROB, CT_TABLE, CT_TBUS, CT_TGEN, CT_TBRCH, CT_TAREABUS, ...
    CT_TAREAGEN, CT_TAREABRCH, CT_ROW, CT_COL, CT_CHGTYPE, CT_REP, ...
    CT_REL, CT_ADD, CT_NEWVAL, CT_TLOAD, CT_TAREALOAD, CT_LOAD_ALL_PQ, ...
    CT_LOAD_FIX_PQ, CT_LOAD_DIS_PQ, CT_LOAD_ALL_P, CT_LOAD_FIX_P, ...
    CT_LOAD_DIS_P, CT_TGENCOST, CT_TAREAGENCOST, CT_MODCOST_F, ...
    CT_MODCOST_X] = idx_ct;

windprofile = struct( ...
    'type', 'mpcData', ...
    'table', CT_TGEN, ...
    'rows', [1:45], ...
    'col', PMAX, ...
    'chgtype', 1, ...
    'values', [] );
windprofile.values(:,1,:) = [
	0.6775 9.1539 49.4971 57.1772 7.6505 0.0 2.1776 8.198 1.2701 16.9676 31.3644 46.7896 70.4414 1.7855 135.6889 51.12 63.4267 67.2133 79.7016 67.4634 0.7259 0.0 65.616 75.6035 47.2568 46.2035 3.5323 186.4472 317.7179 317.7179 236.491 46.8225 265.672 173.651 5.5978 135.5596 365.7754 92.4994 20.1001 126.5806 63.9539 0.0 0.0 65.6267 369.5855;
	0.3898 5.2677 41.9543 46.99 6.5405 0.0 0.0 10.0372 0.0 10.1401 18.7439 27.9622 42.0969 0.0031 113.332 42.6972 52.9761 56.1389 73.3485 67.5968 0.0 0.0 30.4066 72.3234 47.2537 49.7942 5.3201 74.2957 220.15 220.15 164.2435 31.9998 244.4949 173.9943 0.0096 93.9307 286.4039 92.7861 0.0 126.5725 81.1267 0.0 0.0 75.0923 289.3873;
	0.3143 4.2471 53.8248 61.6505 5.4218 0.0 0.0 10.7803 0.0 8.9597 16.5618 24.7069 37.1962 0.0 72.9758 27.4932 34.1119 36.1485 65.6155 67.2401 0.0 0.0 22.9117 82.2119 54.8568 57.3944 6.0278 12.8903 19.2951 19.2951 76.0533 18.7378 218.7183 173.0762 0.0 8.2326 168.9957 36.6427 0.0 146.938 77.3627 0.0 0.0 87.5619 170.7561;
	0.4381 5.919 65.9397 74.1745 8.0652 0.0 0.0 13.8604 0.0 13.4498 24.8618 37.089 55.8372 0.2907 88.9118 33.497 41.5611 44.0424 48.7886 66.7434 0.0 0.0 27.4823 83.7994 61.0564 69.5521 7.5309 19.9437 7.2293 7.2293 128.7211 22.6925 162.6286 171.7976 0.9115 3.0845 22.3697 18.8178 0.0 163.544 75.5919 0.0 0.0 127.892 22.6027;
	0.5641 7.6221 80.5915 79.583 9.9609 0.0932 0.0 15.13 0.0 14.5256 26.8504 40.0555 60.3034 0.0006 114.3558 43.0829 53.4547 56.646 58.3446 67.7097 0.0 0.2175 41.3174 86.1789 82.8368 74.6493 9.1262 29.2818 4.1902 4.1902 66.0886 12.2142 194.4821 174.285 0.002 1.7878 26.2942 2.4416 0.0 221.8842 73.8868 1.034 0.024 151.614 26.5681;
	0.5399 7.2951 81.35 66.0123 9.9506 3.4262 0.0 13.804 0.0 8.1852 15.1303 22.5714 33.9811 0.0237 136.7273 51.5112 63.9121 67.7277 83.3377 66.8887 0.0 7.9945 30.8004 84.5501 62.9725 74.7553 8.6979 33.2643 6.3115 6.3115 20.8421 13.3103 277.7925 172.1718 0.0744 2.6929 23.2503 11.3951 0.0 168.6764 58.0607 38.008 19.2222 143.4424 23.4925;
	0.4853 6.5574 59.3129 41.2223 9.4029 1.9448 3.2418 8.2851 1.9124 5.8602 10.8324 16.1598 24.3285 2.289 110.2453 41.5343 51.5333 54.6099 67.5868 64.4671 1.0806 4.5378 19.6923 61.1879 39.3796 69.73 4.3555 81.6123 39.2017 39.2017 29.0345 22.3831 225.2892 165.9384 7.1762 16.7261 95.11 9.5224 0.0 105.4811 32.2449 21.5742 26.8809 147.1762 96.1007;
	0.4967 6.7109 32.9869 26.2816 3.5293 1.9905 3.6153 7.1816 1.7089 4.3532 8.0469 12.0044 18.0725 4.6641 55.9585 21.0821 26.1574 27.719 19.2354 40.8584 1.2051 4.6446 11.9213 36.4272 33.8526 68.0215 4.1862 62.8667 2.692 2.692 6.4569 19.8305 64.1181 105.1696 14.6225 1.1486 18.5244 2.6662 0.0 90.6765 12.7491 22.0817 0.0084 113.8378 18.7174;
	0.6213 8.3945 27.3086 21.1829 3.2644 0.3148 0.4562 5.2427 0.0 0.091 0.1682 0.251 0.3779 3.8663 8.2752 3.1176 3.8682 4.0991 0.5163 14.5183 0.1521 0.7346 5.4157 30.318 27.5655 55.5291 3.6029 60.0811 20.1782 20.1782 27.996 9.4792 1.721 37.3703 12.1214 8.6094 14.4731 1.3542 0.0 73.8363 8.2344 3.4925 5.8393 79.9049 14.6238;
	0.6418 8.6715 30.6126 24.8536 6.7756 0.6237 0.6349 4.5802 0.0 1.0063 1.8602 2.775 4.1778 0.1056 4.5024 1.6963 2.1046 2.2303 4.1623 10.0831 0.2116 1.4552 8.0969 34.5063 30.7017 48.5277 2.6871 81.5272 23.9276 23.9276 1.464 0.5401 13.8743 25.9538 0.331 10.2091 4.3882 0.2879 0.0 82.2367 2.8691 6.9186 46.1596 90.6769 4.4339;
	0.9312 12.5823 41.5927 1.2537 11.2333 1.8478 0.1113 3.6375 0.0 0.1404 0.2595 0.3872 0.5829 0.0184 0.2225 0.0838 0.104 0.1102 1.5539 8.0436 0.0371 4.3116 26.4902 40.7396 46.7862 51.8032 1.1369 70.2493 71.9966 71.9966 15.7932 1.1173 5.1796 20.7042 0.0577 30.7185 57.274 0.4591 0.0 125.3203 3.7889 20.4987 16.3202 99.5133 57.8706;
	1.721 23.2549 61.4263 2.6855 13.4644 4.0294 1.2273 0.07 0.0 1.6431 3.0372 4.5309 6.8212 1.5746 0.0 0.0 0.0 0.0 0.1811 8.6039 0.4091 9.402 49.8782 53.7958 14.4048 47.409 0.0199 160.3305 112.7237 112.7237 13.585 5.1181 0.6038 22.1463 4.9366 48.0955 133.418 6.3422 0.0 38.5842 14.5036 44.6997 46.7241 134.494 134.8078;
	2.3428 31.6562 79.3154 2.9823 13.9839 1.5303 2.9649 0.0007 0.0 24.5251 45.3343 67.6298 101.8163 2.8345 0.0 0.0 0.0 0.0 0.0 6.8648 0.9883 3.5708 27.4981 64.7407 68.2736 54.8923 0.0052 222.0292 177.1947 177.1947 5.8299 4.6309 0.0 17.67 8.8867 75.6031 175.9449 0.501 0.0323 182.8758 0.6585 16.9765 114.0141 170.4414 177.7777;
	2.0028 27.0619 2.3652 8.1634 14.1665 19.4665 4.4884 0.0094 0.4304 1.144 2.1146 3.1546 4.7493 38.6971 0.2749 0.1036 0.1285 0.1362 6.7499 7.6836 1.4961 45.4218 35.7562 6.1396 7.8484 34.0054 0.0 217.7963 223.2418 223.2418 4.6521 11.3907 22.4996 19.7776 121.3207 95.2498 205.3539 11.5895 17.8678 21.0226 4.2017 215.9483 88.3107 134.1913 207.493;
	2.2871 30.9044 10.9523 3.7593 9.8608 1.3621 0.1368 0.0506 0.0 1.3027 2.4081 3.5924 5.4083 16.4306 0.0 0.0 0.0 0.0 0.0 0.0079 0.0456 3.1781 3.4635 46.1679 13.4118 1.1638 0.0186 270.7351 254.0223 254.0223 76.98 9.0673 0.0 0.0202 51.5122 108.3828 250.0646 20.0112 0.0 35.9245 2.271 15.1097 82.8859 106.3194 252.6694;
	3.1981 43.2138 83.8336 10.83 14.2619 4.2621 4.2747 0.0135 1.0111 22.7985 42.1426 62.8685 94.6482 19.9152 4.6042 1.7346 2.1522 2.2807 2.9536 1.7032 1.4249 9.9449 44.809 35.6952 0.3607 0.0006 0.0206 398.1981 274.41 274.41 157.5792 14.5749 9.8454 4.3841 62.4369 117.0816 312.5937 44.3371 31.3445 0.9662 4.9219 47.2811 6.7347 175.5079 315.8499;
	3.4936 47.2063 19.8779 15.905 14.689 6.3603 9.4097 0.0862 1.4047 11.1773 20.661 30.8222 46.4027 45.7845 0.7064 0.2661 0.3302 0.3499 0.5267 0.3144 3.1366 14.8407 1.7147 51.9013 6.3899 0.0615 0.0202 390.0599 393.0073 393.0073 190.4919 26.228 1.7557 0.8093 143.5407 167.6831 461.964 74.6808 284.5735 17.1159 3.7733 70.5567 139.7081 229.8943 466.7761;
	2.7295 36.8816 16.3537 18.874 14.4496 19.967 9.804 0.0281 1.7833 6.9861 12.9137 19.2647 29.0029 26.0308 8.1252 3.0611 3.7981 4.0248 0.07 1.3142 3.268 46.5897 14.461 53.6505 32.9495 0.014 0.005 566.7224 498.6769 498.6769 346.9956 32.1526 0.2334 3.3827 81.6099 212.7688 560.4498 101.0967 440.9277 88.2576 0.8547 221.5006 118.2947 228.4457 566.2879;
	3.1814 42.9874 84.5894 17.2178 14.4769 26.2179 6.096 0.0005 3.8963 8.0443 14.8697 22.1827 33.3959 8.8111 16.7563 6.3128 7.8326 8.3002 0.0443 43.3319 2.032 61.1752 4.167 30.5143 8.3784 55.7961 0.0012 685.4545 461.6953 461.6953 386.8649 43.4703 0.1477 111.5363 27.6239 196.99 601.164 80.3557 414.485 22.4422 3.4368 290.8444 120.4369 211.0827 607.4262;
	3.1253 42.2301 1.2858 0.7112 14.199 2.6988 17.8071 0.0 26.0629 21.1962 39.1808 58.45 87.9962 7.6277 14.5641 5.487 6.8079 7.2143 0.0 18.3321 5.9357 6.2972 53.6773 6.9237 3.4592 49.4968 0.0018 659.1801 434.7445 434.7445 337.8651 37.5508 0.0 47.1868 23.9138 185.491 516.0971 77.1233 167.1562 9.2658 0.097 29.9388 114.3401 179.912 521.4731;
	3.1483 42.5398 83.5122 0.0089 14.4942 2.2726 0.0 0.0 26.1378 24.0715 44.4958 66.379 99.9332 8.4645 20.8091 7.8397 9.727 10.3078 0.0 26.7533 0.0 5.3026 68.7028 82.0886 1.1187 51.637 0.0 489.7281 375.1358 375.1358 245.292 49.0865 0.0 68.8631 26.5375 160.058 516.079 74.8456 132.0355 2.9966 0.2482 25.2103 102.803 166.7524 521.4548;
