function solarprofile = ex_solar_profilesh1
%EX_WIND_PROFILE_D  Example wind_load_nyiso profile data for deterministic unit commitment.
% 2022.03.12
% Andres F. Ramirez


%% define constants
[GEN_BUS, PG, QG, QMAX, QMIN, VG, MBASE, GEN_STATUS, PMAX, PMIN, ...
    MU_PMAX, MU_PMIN, MU_QMAX, MU_QMIN, PC1, PC2, QC1MIN, QC1MAX, ...
    QC2MIN, QC2MAX, RAMP_AGC, RAMP_10, RAMP_30, RAMP_Q, APF] = idx_gen;
[CT_LABEL, CT_PROB, CT_TABLE, CT_TBUS, CT_TGEN, CT_TBRCH, CT_TAREABUS, ...
    CT_TAREAGEN, CT_TAREABRCH, CT_ROW, CT_COL, CT_CHGTYPE, CT_REP, ...
    CT_REL, CT_ADD, CT_NEWVAL, CT_TLOAD, CT_TAREALOAD, CT_LOAD_ALL_PQ, ...
    CT_LOAD_FIX_PQ, CT_LOAD_DIS_PQ, CT_LOAD_ALL_P, CT_LOAD_FIX_P, ...
    CT_LOAD_DIS_P, CT_TGENCOST, CT_TAREAGENCOST, CT_MODCOST_F, ...
    CT_MODCOST_X] = idx_ct;

solarprofile = struct( ...
    'type', 'mpcData', ...
    'table', CT_TGEN, ...
    'rows', [1:12], ...
    'col', PMAX, ...
    'chgtype', 1, ...
    'values', [] );
solarprofile.values(:,1,:) = [
	0.0 0.0 0.0 0.0 0.0 0.0 0.0 0.0 0.0 0.0 0.0 0.0;
	0.0 0.0 0.0 0.0 0.0 0.0 0.0 0.0 0.0 0.0 0.0 0.0;
	0.0 0.0 0.0 0.0 0.0 0.0 0.0 0.0 0.0 0.0 0.0 0.0;
	0.0 0.0 0.0 0.0 0.0 0.0 0.0 0.0 0.0 0.0 0.0 0.0;
	0.0 0.0 0.0 0.0 0.0 0.0 0.0 0.0 0.0 0.0 0.0 0.0;
	0.5114 0.4974 0.4397 0.0 0.0 0.0 0.0 0.2 0.0 0.0 0.0 0.0;
	9.7396 7.6113 5.6138 3.266 1.6497 295.22 36.9025 46.7172 134.6409 25.639 8.7301 46.4323;
	17.0887 14.0649 10.7116 5.1379 5.6016 415.0086 51.8761 72.9301 245.5994 56.3958 13.0699 102.1331;
	21.4444 16.6083 13.7495 6.8539 8.2091 331.8746 41.4843 74.4334 227.124 66.762 14.0251 120.9063;
	22.4728 16.1547 13.5659 3.8425 6.0756 39.6693 4.9587 32.5467 10.0384 85.0739 28.4754 154.0694;
	24.9012 16.371 13.6209 5.57 5.566 42.6737 5.3342 30.1502 12.2601 93.6622 45.4925 169.6227;
	25.0771 16.3954 13.7507 6.7583 5.1045 42.7813 5.3477 40.6729 12.3396 103.7874 53.3331 187.9596;
	14.4356 13.3685 11.1611 8.7758 4.3792 51.169 6.3961 24.5114 27.2177 132.0648 52.6495 239.1701;
	11.5697 11.1297 10.0047 8.0902 3.5861 81.3045 10.1631 20.9336 63.0999 130.4959 47.4851 236.3289;
	7.1685 6.9546 6.9988 7.8459 2.3668 90.845 11.3556 13.1369 81.1129 128.6749 42.0353 233.031;
	1.9611 2.3887 2.6152 7.346 0.0 26.9582 3.3698 3.4418 41.421 62.2781 15.8868 112.7859;
	0.4249 0.4194 0.4182 1.3906 0.1602 10.8399 1.355 1.8578 15.834 8.4175 4.7379 15.2441;
	0.0 0.0 0.0 0.0 0.0 0.0 0.0 0.0 0.0 0.0 0.0 0.0;
	0.0 0.0 0.0 0.0 0.0 0.0 0.0 0.0 0.0 0.0 0.0 0.0;
	0.0 0.0 0.0 0.0 0.0 0.0 0.0 0.0 0.0 0.0 0.0 0.0;
	0.0 0.0 0.0 0.0 0.0 0.0 0.0 0.0 0.0 0.0 0.0 0.0;
	0.0 0.0 0.0 0.0 0.0 0.0 0.0 0.0 0.0 0.0 0.0 0.0;
	0.0 0.0 0.0 0.0 0.0 0.0 0.0 0.0 0.0 0.0 0.0 0.0;
	0.0 0.0 0.0 0.0 0.0 0.0 0.0 0.0 0.0 0.0 0.0 0.0;
];
