function windprofile = ex_wind_profilesh1
%EX_WIND_PROFILE_D  Example wind_load_nyiso profile data for deterministic unit commitment.
% 2022.03.12
% Andres F. Ramirez


%% define constants
[GEN_BUS, PG, QG, QMAX, QMIN, VG, MBASE, GEN_STATUS, PMAX, PMIN, ...
    MU_PMAX, MU_PMIN, MU_QMAX, MU_QMIN, PC1, PC2, QC1MIN, QC1MAX, ...
    QC2MIN, QC2MAX, RAMP_AGC, RAMP_10, RAMP_30, RAMP_Q, APF] = idx_gen;
[CT_LABEL, CT_PROB, CT_TABLE, CT_TBUS, CT_TGEN, CT_TBRCH, CT_TAREABUS, ...
    CT_TAREAGEN, CT_TAREABRCH, CT_ROW, CT_COL, CT_CHGTYPE, CT_REP, ...
    CT_REL, CT_ADD, CT_NEWVAL, CT_TLOAD, CT_TAREALOAD, CT_LOAD_ALL_PQ, ...
    CT_LOAD_FIX_PQ, CT_LOAD_DIS_PQ, CT_LOAD_ALL_P, CT_LOAD_FIX_P, ...
    CT_LOAD_DIS_P, CT_TGENCOST, CT_TAREAGENCOST, CT_MODCOST_F, ...
    CT_MODCOST_X] = idx_ct;

windprofile = struct( ...
    'type', 'mpcData', ...
    'table', CT_TGEN, ...
    'rows', [1:45], ...
    'col', PMAX, ...
    'chgtype', 1, ...
    'values', [] );
windprofile.values(:,1,:) = [
	0.8517 11.5089 55.3547 60.162 7.302 6.0185 2.3862 8.351 9.78 18.6358 34.4481 51.3897 77.3669 2.6149 135.826 51.1716 63.4907 67.2812 69.996 67.8345 0.7954 14.0432 53.9996 70.7819 50.0663 38.47 4.3893 180.9667 323.7888 323.7888 209.0718 40.7296 233.3199 174.6062 8.198 138.1499 370.0197 79.3729 99.7688 134.1061 67.1385 66.7655 28.1725 70.7322 373.8741;
	0.6114 8.2608 51.1653 57.9097 7.2736 25.3694 5.2561 10.4943 14.4452 11.3217 20.928 31.2205 47.0022 2.7375 112.0259 42.2051 52.3656 55.4919 68.0863 68.1405 1.752 59.1952 5.671 70.3953 55.6847 47.5044 5.9924 67.057 221.4205 221.4205 150.2991 27.3631 226.9543 175.3939 8.5823 94.4727 282.8052 82.4655 144.3894 149.1555 85.4905 281.4307 63.5908 91.325 285.7511;
	0.3939 5.3226 59.0225 63.5421 6.2069 8.7655 6.2359 11.5019 14.709 9.8224 18.1565 27.0859 40.7777 0.4174 61.1138 23.0243 28.5672 30.2727 47.816 61.3546 2.0786 20.4528 20.3198 78.6884 60.091 53.8104 6.4318 6.5815 12.7518 12.7518 4.3088 14.9631 159.3866 157.9269 1.3086 5.4407 164.1093 0.736 43.4865 160.9579 75.8876 97.2384 51.1836 108.6394 165.8187;
	0.4191 5.6631 64.8975 68.3946 7.8569 2.9077 5.057 13.5777 3.2962 14.4874 26.7797 39.9501 60.1446 12.1703 76.4556 28.8042 35.7385 37.8722 34.3065 56.8322 1.6857 6.7846 38.506 81.2172 68.2322 64.9936 7.6227 14.2776 8.3451 8.3451 10.2911 19.4425 114.3551 146.2862 38.1556 3.5606 17.3862 1.8332 5.0281 182.7649 73.5713 32.2558 4.1925 145.5053 17.5673;
	0.5579 7.5388 80.7952 73.5495 10.2724 12.2808 11.3608 14.3636 17.0357 15.9072 29.4042 43.8652 66.0389 13.5369 121.1819 45.6546 56.6455 60.0273 49.468 60.8461 3.7869 28.6552 45.4222 82.2433 81.5295 69.4018 8.9723 19.734 23.6571 23.6571 38.4288 10.2173 164.8932 156.6181 42.4401 10.0937 25.9154 7.4223 86.8195 218.3826 72.3127 136.2351 61.987 165.7717 26.1854;
	0.4658 6.2945 73.1235 53.1035 10.0821 3.7217 5.8298 11.5976 7.5967 9.2678 17.1313 25.5565 38.4752 1.7568 148.0742 55.7861 69.2161 73.3484 78.8147 66.2626 1.9433 8.6841 32.7128 73.8347 53.5287 62.3175 7.2265 14.1969 5.4528 5.4528 26.3538 10.2026 262.7157 170.5601 5.5079 2.3265 14.9943 3.4588 32.1753 143.3804 51.1386 41.2865 25.9417 147.83 15.1505;
	0.4958 6.6994 55.0612 38.5789 9.9971 3.2947 4.1907 8.2035 2.7046 7.5414 13.9402 20.7961 31.3084 3.1419 125.476 47.2724 58.6527 62.1544 66.6157 65.1515 1.3969 7.6877 20.6305 55.0499 36.4511 62.9475 4.0491 2.6021 1.483 1.483 6.5606 0.0 222.0525 167.7001 9.8504 0.6327 0.0052 0.0329 109.0671 97.6368 30.1045 36.5494 36.0809 150.1189 0.0053;
	0.4977 6.7253 33.6972 26.4318 4.2748 3.3285 4.5355 6.9275 2.3773 5.4629 10.0982 15.0645 22.6795 7.8625 59.8291 22.5403 27.9666 29.6363 20.8405 41.2135 1.5118 7.7665 11.9647 35.3906 32.7218 62.9939 4.2786 0.0 3.405 3.405 18.9636 2.5354 69.4683 106.0836 24.6499 1.4528 0.7067 0.8759 37.3885 87.6477 12.1695 36.9242 52.4306 114.5412 0.714;
	0.6247 8.4407 27.9116 24.3062 4.4675 5.5229 1.1761 5.4193 4.5118 5.9816 11.0569 16.4947 24.8326 35.1725 18.5673 6.9951 8.6791 9.1973 54.7281 15.2617 0.392 12.8868 6.8894 29.3209 29.2754 51.0987 4.0915 8.8516 0.284 0.284 21.3419 9.264 182.4268 39.2837 110.2704 0.1212 11.0803 1.7471 77.6075 78.4164 20.7716 61.2677 111.9122 83.7626 11.1957;
	0.668 9.0262 31.2679 26.1778 8.2798 16.464 1.6281 4.4222 5.5394 14.6182 27.0215 40.3107 60.6876 27.6753 13.446 5.0657 6.2852 6.6605 19.672 10.9953 0.5427 38.416 11.8356 35.0432 32.4793 43.9176 3.0958 31.9433 22.7571 22.7571 19.1323 4.1066 65.5733 28.3018 86.7657 9.7097 5.2189 1.4528 89.9086 86.9982 7.3699 182.6405 59.8055 94.5663 5.2733;
	0.9071 12.2562 45.8657 14.9556 12.131 5.0642 0.4208 3.6832 8.8919 7.9163 14.6332 21.8299 32.8648 8.8519 7.5906 2.8597 3.5482 3.76 35.4719 10.4544 0.1403 11.8164 32.9624 41.4649 51.133 49.6922 1.2173 49.4939 52.3936 52.3936 3.9486 0.0072 118.2395 26.9096 27.7519 22.3546 49.0881 2.9908 27.0945 136.9634 3.837 56.1786 46.9582 108.6007 49.5994;
	1.5652 21.1498 65.7207 3.1239 14.2507 4.4216 1.2153 3.7924 1.2935 6.9882 12.9176 19.2705 29.0116 8.8998 38.0228 14.3249 17.7734 18.8345 49.6147 10.1132 0.4051 10.317 56.3361 54.971 66.4239 49.0135 0.5579 112.4849 66.3721 66.3721 0.1308 2.2675 165.3825 26.0315 27.9022 28.3188 100.2353 6.2 4.0764 177.9213 0.0413 49.05 28.1446 143.6022 101.2794;
	2.2208 30.0082 84.4721 3.1585 14.9134 4.6068 0.0 2.8859 0.0144 24.8376 45.9118 68.4914 103.1135 11.0847 73.9916 27.8759 34.5868 36.6517 81.6376 11.5377 0.0 10.7493 38.9114 66.096 74.0316 55.4518 0.4354 210.5586 124.5845 124.5845 2.6384 2.8356 272.1252 29.6981 34.7521 53.156 148.6584 7.218 5.1944 198.2989 2.1578 51.1051 112.6395 175.5094 150.2069;
	1.7889 24.1726 19.9473 15.3744 14.7738 19.7745 1.9353 0.3974 5.3333 18.5489 34.2873 51.1499 77.0059 31.4025 80.4736 30.318 37.6167 39.8625 52.2151 10.5146 0.6451 46.1404 53.2038 5.11 64.5821 35.7129 0.1204 185.3979 205.6308 205.6308 34.5053 6.3288 174.0504 27.0646 98.451 87.7358 179.0357 14.0163 16.3374 172.9878 2.2043 219.3646 87.6881 134.4398 180.9007;
	2.2456 30.3434 25.4672 6.6517 10.4175 3.0147 5.3161 0.5911 10.0403 20.2005 37.3404 55.7045 83.8628 12.0732 137.6627 51.8636 64.3493 68.191 85.6552 26.3605 1.772 7.0342 33.8145 23.2182 42.7861 42.8793 0.4448 240.8037 244.7825 244.7825 102.3563 7.8648 285.5173 67.8521 37.8512 104.4405 237.5788 16.1706 14.8727 114.6055 14.3536 33.4427 86.4042 114.5365 240.0536;
	3.1053 41.9591 86.732 20.7652 14.123 2.8546 5.0091 1.8537 4.4734 8.8285 16.3193 24.3451 36.6515 9.3088 34.6351 13.0486 16.1899 17.1564 31.5938 4.5313 1.6697 6.6608 46.556 40.5088 58.0115 65.1111 0.6436 391.3089 278.9397 278.9397 187.8986 12.011 105.3126 11.6636 29.1845 119.0143 313.7052 44.1973 5.1088 155.388 63.2139 31.6674 10.1355 194.2028 316.9729;
	3.4941 47.2127 44.2094 27.78 14.632 3.1692 3.2092 0.5052 1.1285 6.1299 11.331 16.9036 25.4483 9.5548 23.4978 8.8526 10.9838 11.6396 9.7668 6.1747 1.0697 7.3947 2.0193 45.1043 59.989 18.3255 0.0364 341.4945 327.6561 327.6561 169.8769 20.114 32.5561 15.8938 29.9556 139.7999 422.4217 66.8779 14.7912 160.6849 37.7424 35.1566 138.2782 235.1686 426.8219;
	2.8113 37.9871 32.2762 6.1659 14.1449 18.9069 5.7286 0.0012 6.8319 1.5755 2.9123 4.3446 6.5408 7.5078 8.2295 3.1004 3.8468 4.0765 0.0079 3.8198 1.9095 44.116 15.6171 20.7102 20.4765 5.7503 0.0001 513.3909 421.3994 421.3994 298.7893 30.2024 0.0264 9.8322 23.538 179.7971 498.2058 86.8494 0.0242 54.8479 11.8602 209.7402 115.9346 229.0864 503.3955;
	3.022 40.8345 86.2462 0.1811 14.2525 23.9688 6.6379 0.0 4.8029 8.1432 15.0525 22.4554 33.8065 6.6901 2.8939 1.0902 1.3527 1.4335 0.4182 43.9916 2.2126 55.9273 29.3524 0.8189 4.2818 55.6637 0.0 704.2429 417.8408 417.8408 326.5459 41.1509 1.3939 113.2344 20.9745 178.2788 578.213 66.6694 2.3772 11.469 4.4179 265.8944 106.5855 202.9 584.2361;
	3.0536 41.2602 14.6687 1.8248 14.8514 4.1471 19.7346 0.0 27.0544 22.9136 42.3555 63.1861 95.1263 10.1843 7.8202 2.9462 3.6555 3.8737 2.0346 23.7516 6.5782 9.6765 63.7251 0.1459 0.3543 51.8936 0.0 686.4303 405.7993 405.7993 305.5469 40.4579 6.7821 61.1368 31.9291 173.141 528.4747 64.585 64.4001 0.9489 9.0012 46.0047 109.4378 171.4989 533.9796;
