function loadprofile = ex_load_profilesh1
%EX_LOAD_PROFILE  Example load profile data file for stochastic unit commitment.
% 2022.03.12
% Andres F. Ramirez

%% define constants
[CT_LABEL, CT_PROB, CT_TABLE, CT_TBUS, CT_TGEN, CT_TBRCH, CT_TAREABUS, ...
    CT_TAREAGEN, CT_TAREABRCH, CT_ROW, CT_COL, CT_CHGTYPE, CT_REP, ...
    CT_REL, CT_ADD, CT_NEWVAL, CT_TLOAD, CT_TAREALOAD, CT_LOAD_ALL_PQ, ...
    CT_LOAD_FIX_PQ, CT_LOAD_DIS_PQ, CT_LOAD_ALL_P, CT_LOAD_FIX_P, ...
    CT_LOAD_DIS_P, CT_TGENCOST, CT_TAREAGENCOST, CT_MODCOST_F, ...
    CT_MODCOST_X] = idx_ct;

loadprofile = struct( ...
    'type', 'mpcData', ...
    'table', CT_TAREALOAD, ...
    'rows', [1:11], ...
    'col', CT_LOAD_ALL_P, ...
    'chgtype', 1, ...
    'values', [] );
loadprofile.values(:,1,:) = [
	1612.6449 1006.9814 1679.5 585.2901 863.9384 1212.633 888.0 270.3 529.4609 4841.2968 1759.4206;
	1613.1222 1007.3778 1675.4891 591.3 867.7 1210.9951 879.7716 267.8 533.5878 4851.5913 1758.3968;
	1627.9302 1050.8365 1726.1444 598.4062 891.4402 1234.1662 891.8 283.0749 540.2 4778.4866 1776.4634;
	1687.3529 1126.957 1826.3374 598.11 940.2284 1329.1 972.9 307.2607 574.55 5038.0274 1903.0377;
	1815.5875 1219.9649 1966.9658 612.3962 1067.8737 1466.6294 1053.9405 354.9557 649.4652 5693.1491 2159.0;
	1929.5482 1315.4593 2069.3711 619.3227 1071.9611 1521.7581 1106.0303 377.2592 711.3399 6216.3205 2282.3;
	1923.4944 1329.5269 2054.0046 618.1 1089.1 1516.3039 1154.1524 374.8695 698.6774 6502.9165 2309.5027;
	1925.231 1310.2638 2052.5685 600.3935 1095.8328 1525.1448 1174.655 377.1848 712.4122 6670.5362 2297.6682;
	1978.7594 1353.2394 2090.2789 599.6444 1086.6623 1562.277 1206.4555 397.4945 730.1286 6873.8563 2350.9276;
	1955.496 1345.7938 2072.2931 595.3358 1086.9509 1512.6679 1174.2656 393.1085 699.2079 6817.5884 2224.706;
	1949.5486 1350.4522 2073.4884 578.8 1074.1283 1499.7971 1175.4549 412.1154 701.8716 6942.0923 2311.3838;
	1878.2155 1317.3268 2068.3956 568.0 1062.3938 1488.8001 1114.2019 389.5963 666.477 6749.157 2161.4852;
	1848.7076 1237.8972 1953.7599 564.9 1028.7501 1411.4408 1110.015 369.8046 668.8495 6524.9527 2123.2911;
	1770.0032 1215.921 1890.1016 578.4959 1013.244 1422.8829 1102.0831 376.3571 643.1309 6681.4025 2202.4048;
	1743.917 1215.7602 1885.9685 581.7771 1012.9928 1407.97 1153.6637 388.4078 681.9 7060.7076 2404.574;
	1767.7375 1205.3356 1868.8002 584.0 991.0447 1421.306 1110.7329 367.3536 652.6 6882.1064 2388.2919;
	1763.3194 1246.6 1928.8402 589.4493 1013.3861 1462.0 1125.9303 374.7705 675.4102 6988.3561 2485.145;
	1840.0917 1287.8134 2021.1443 584.4162 1075.8 1551.8 1183.6 374.6 712.1 6998.0361 2575.8797;
	1855.8951 1268.8791 1966.25 589.2426 1061.5069 1516.2652 1187.1647 371.8203 702.5683 6562.1042 2465.5307;
	1733.1355 1170.7 1863.4869 579.8771 1008.7755 1428.6205 1131.6 347.5 668.0168 6175.5859 2312.4461;
	1659.756 1100.6 1771.2699 555.2 989.0831 1373.2 1068.5993 332.6246 630.4545 5770.9 2158.3441;
	1570.6 1019.9004 1654.7091 542.7257 932.7345 1300.8897 1021.7368 318.4029 572.7611 5366.232 1963.2;
	1507.1963 951.4725 1584.6104 547.7169 886.0055 1206.9816 1065.8637 299.5051 552.2 5443.9488 1909.0403;
	1476.1706 917.5505 1545.5485 564.2 838.2383 1147.8898 975.0618 298.5951 547.095 5092.6755 1795.4445;
];
