function windprofile = ex_wind_profilesh1
%EX_WIND_PROFILE_D  Example wind_load_nyiso profile data for deterministic unit commitment.
% 2022.03.12
% Andres F. Ramirez


%% define constants
[GEN_BUS, PG, QG, QMAX, QMIN, VG, MBASE, GEN_STATUS, PMAX, PMIN, ...
    MU_PMAX, MU_PMIN, MU_QMAX, MU_QMIN, PC1, PC2, QC1MIN, QC1MAX, ...
    QC2MIN, QC2MAX, RAMP_AGC, RAMP_10, RAMP_30, RAMP_Q, APF] = idx_gen;
[CT_LABEL, CT_PROB, CT_TABLE, CT_TBUS, CT_TGEN, CT_TBRCH, CT_TAREABUS, ...
    CT_TAREAGEN, CT_TAREABRCH, CT_ROW, CT_COL, CT_CHGTYPE, CT_REP, ...
    CT_REL, CT_ADD, CT_NEWVAL, CT_TLOAD, CT_TAREALOAD, CT_LOAD_ALL_PQ, ...
    CT_LOAD_FIX_PQ, CT_LOAD_DIS_PQ, CT_LOAD_ALL_P, CT_LOAD_FIX_P, ...
    CT_LOAD_DIS_P, CT_TGENCOST, CT_TAREAGENCOST, CT_MODCOST_F, ...
    CT_MODCOST_X] = idx_ct;

windprofile = struct( ...
    'type', 'mpcData', ...
    'table', CT_TGEN, ...
    'rows', [1:45], ...
    'col', PMAX, ...
    'chgtype', 1, ...
    'values', [] );
windprofile.values(:,1,:) = [
	0.6465 8.7355 56.5889 65.8545 7.5625 2.7432 0.7724 7.9004 2.0972 18.7441 34.6481 51.6882 77.8163 7.1471 153.0338 57.6546 71.5344 75.8051 79.1347 68.1967 0.2575 6.4008 69.5781 75.8552 51.0914 47.0617 4.4385 183.855 326.6992 326.6992 225.4539 44.3201 263.7822 175.5386 22.4072 139.3917 383.1193 83.5209 27.1477 136.8519 64.0886 30.4312 0.1295 69.72 387.1101;
	0.472 6.3781 50.1465 62.6694 6.8555 1.506 0.0 9.2686 1.0892 9.4134 17.4006 25.9582 39.08 15.625 132.4106 49.8849 61.8943 65.5894 77.537 69.6299 0.0 3.5141 32.4161 74.101 52.8399 50.527 6.2383 61.0107 220.8421 220.8421 153.4771 28.5657 258.4566 179.2274 48.9864 94.226 287.8361 87.6457 0.8722 141.5355 73.9402 16.707 0.5867 90.7686 290.8343;
	0.2815 3.8043 59.0634 66.9055 6.2627 0.4623 0.0 9.6572 3.7908 7.2938 13.4825 20.1132 30.2804 46.8299 84.1557 31.7052 39.3379 41.6864 64.1723 67.2705 0.0 1.0787 26.3939 79.7726 57.5076 50.7802 6.2576 5.592 36.2186 36.2186 4.8124 17.4282 213.9076 173.1544 146.8182 15.4533 176.1575 9.3313 38.3993 154.0382 68.1208 5.1286 8.9339 99.065 177.9925;
	0.4262 5.7592 65.8472 74.3306 8.7227 8.7363 0.0 10.387 0.3776 14.245 26.3317 39.2817 59.1383 6.9138 84.117 31.6906 39.3198 41.6672 45.144 60.8138 0.0 20.3847 49.9497 81.6734 62.6613 58.4744 6.4199 5.2983 5.184 5.184 7.6134 21.6561 150.4801 156.535 21.6756 2.2118 11.8587 5.4635 10.4224 167.8428 65.3135 96.9149 33.6733 130.6499 11.9823;
	0.5021 6.7839 80.1387 74.787 10.2408 19.3412 0.0 11.9074 0.1995 14.5847 26.9596 40.2184 60.5485 21.8226 121.8483 45.9057 56.957 60.3574 56.1602 66.5076 0.0 45.1294 48.4034 82.6941 78.7969 61.4149 7.9407 39.9189 74.3333 74.3333 18.7844 11.7439 187.2008 171.1908 68.4168 31.7155 41.6467 19.8865 8.0134 211.063 66.7015 214.5582 38.7945 135.4776 42.0805;
	0.5405 7.3039 81.8891 61.9916 9.9605 9.3538 1.3424 9.407 0.1518 9.938 18.3703 27.4048 41.2578 10.8849 152.3321 57.3902 71.2064 75.4575 83.0346 67.7218 0.4475 21.8255 39.9681 78.9675 54.7501 57.5939 5.3506 66.2295 66.0812 66.0812 14.151 12.4306 276.782 174.3161 34.1256 28.1947 92.1646 12.4644 13.2583 146.6519 51.0964 103.7648 27.1968 134.7296 93.1246;
	0.489 6.6074 60.0519 40.8933 9.4712 7.8802 4.0428 6.0983 1.9182 8.2921 15.3278 22.866 34.4247 6.6916 128.2353 48.3119 59.9426 63.5212 69.6564 67.0078 1.3476 18.3871 30.5989 59.9665 36.552 54.5308 3.7037 46.4061 24.5172 24.5172 2.1966 5.8616 232.188 172.4784 20.979 10.4607 73.2878 3.5213 4.1951 97.907 28.1635 87.4175 33.7698 135.8961 74.0512;
	0.4881 6.5952 39.5801 31.4497 3.7672 3.6175 4.1903 6.8473 1.9695 5.6793 10.498 15.661 23.5775 7.1412 67.2481 25.3353 31.4346 33.3113 19.8953 47.5858 1.3968 8.4407 16.0654 43.2686 35.8093 57.0127 4.4324 24.8118 6.8507 6.8507 1.9519 9.4793 66.3178 122.4858 22.3886 2.923 69.9259 0.8815 0.7321 95.9178 7.853 40.1297 18.0655 104.7722 70.6543;
	0.5566 7.5205 29.3377 26.0565 3.2918 12.1791 0.2157 5.6612 0.498 11.6219 21.4829 32.0483 48.2486 0.4688 17.932 6.7558 8.3822 8.8826 4.3804 15.0938 0.0719 28.418 8.5705 41.1624 29.7871 46.2639 4.5458 2.2981 1.6939 1.6939 0.5317 17.4807 14.6012 38.8516 1.4699 0.7227 14.1606 1.3598 6.8643 79.7868 6.4983 135.1073 9.4314 61.2636 14.3081;
	0.5593 7.5578 32.6141 25.3981 7.149 11.5878 0.0 4.7787 0.1095 15.2429 28.1762 42.0334 63.281 0.0 14.218 5.3565 6.6461 7.0429 8.6049 13.0906 0.0 27.0382 14.5199 36.1215 30.153 40.3175 3.4923 10.472 24.7811 24.7811 0.0034 6.8464 28.683 33.6951 0.0 10.5733 1.2196 0.3247 11.9072 80.767 0.1212 128.5473 47.9408 88.6743 1.2323;
	0.7495 10.1275 45.3817 1.7866 10.6085 6.8262 0.0 3.5937 0.0 15.8553 29.3083 43.7222 65.8235 0.0007 122.9002 46.3019 57.4487 60.8785 22.9229 11.8618 0.0 15.9277 38.5954 39.6295 42.2137 44.0283 1.4456 27.8835 53.957 53.957 0.0 1.2445 76.4097 30.5322 0.0022 23.0217 44.6836 0.0 47.1661 113.0725 2.1887 75.725 0.0175 92.1708 45.149;
	1.0661 14.405 61.1296 0.0 12.9703 11.179 0.0 0.6748 0.0111 15.3206 28.32 42.2478 63.6039 0.0 192.3886 72.4813 89.9305 95.2995 61.5594 10.916 0.0 26.0843 58.7846 51.4099 0.406 46.4975 4.0967 81.9481 73.2716 73.2716 0.0 2.396 205.198 28.0977 0.0 31.2625 86.9523 0.0 50.3358 1.0874 1.0934 124.0121 0.0002 127.5826 87.8581;
	1.7796 24.0463 80.3282 0.9453 14.2456 5.9389 0.0 0.0104 0.2114 26.1908 48.4134 72.2232 108.7317 0.0 169.5746 63.8863 79.2663 83.9986 76.0525 11.5966 0.0 13.8573 41.4836 62.2265 63.2786 49.9554 0.6211 166.073 154.0313 154.0313 0.0 3.8663 253.5082 29.8496 0.0 65.72 126.6738 0.0 71.056 169.4962 0.0028 65.8817 103.8401 169.0387 127.9933;
	1.5883 21.4614 6.28 3.8567 14.5187 20.4427 0.3744 0.1025 1.554 13.5765 25.096 37.4383 56.3631 0.6024 137.1284 51.6623 64.0996 67.9264 73.4397 9.1592 0.1248 47.6997 52.1842 4.5544 3.4996 31.9521 0.7045 147.3599 203.0074 203.0074 0.0069 5.5112 244.7989 23.5758 1.8885 86.6165 155.9452 5.5601 150.3763 9.3739 1.262 226.7779 82.4365 130.8837 157.5696;
	1.7173 23.204 2.9945 0.0029 9.7763 0.0046 0.0 0.2367 0.3618 12.6796 23.4381 34.965 52.6396 0.2304 38.8925 14.6525 18.18 19.2654 76.5728 0.5497 0.0 0.0107 34.7533 1.2912 1.7386 0.851 0.0543 169.5117 224.8665 224.8665 66.1629 7.1364 255.2426 1.415 0.7222 95.943 192.2614 11.7858 26.7526 4.6569 0.3084 0.051 72.0911 99.6929 194.2641;
	2.7416 37.0451 80.5631 0.0036 14.0904 0.9397 2.7376 0.0005 2.7174 7.3812 13.644 20.3542 30.6432 4.6945 42.7007 16.0872 19.9601 21.1517 69.0468 7.1102 0.9125 2.1926 46.2612 1.6857 0.5821 0.0 0.0046 321.447 255.562 255.562 163.7605 12.4695 230.1561 18.3018 14.718 109.0398 261.656 38.464 76.0632 1.5593 0.0082 10.4241 10.3211 170.0899 264.3815;
	2.7161 36.7003 0.0003 0.0 14.4848 1.9024 0.6017 0.0024 0.016 3.127 5.7803 8.6231 12.982 3.9914 7.6066 2.8657 3.5556 3.7679 39.4609 0.4022 0.2006 4.439 4.5035 0.0 0.1232 0.0077 0.0574 280.7563 318.0493 318.0493 158.6882 26.0137 131.5362 1.0354 12.5135 135.701 368.5052 67.6811 10.7473 0.33 0.0 21.1044 137.3059 215.8722 372.3438;
	2.0183 27.2713 0.0 4.1083 12.7093 17.5275 0.0 0.0 0.0 0.1728 0.3194 0.4764 0.7172 9.6161 2.2859 0.8612 1.0685 1.1323 24.8182 1.0775 0.0 40.8975 14.3887 0.0 0.0442 0.0878 0.0037 499.2974 456.1775 456.1775 314.8958 38.6292 82.7272 2.7734 30.1478 194.6358 502.7454 104.1999 0.0 0.1184 0.0 194.4386 104.7186 208.4747 507.9824;
	2.6806 36.2206 79.4705 8.3734 12.7862 26.3074 0.2619 0.356 0.0 7.9559 14.7064 21.9391 33.0292 8.1844 3.4815 1.3116 1.6274 1.7246 8.2891 40.2442 0.0873 61.384 29.6832 0.0078 5.8566 60.3962 0.3625 737.3652 423.1815 423.1815 349.9872 47.1305 27.6304 103.5886 25.6592 180.5574 604.2705 84.6592 1.6164 15.6873 0.0 291.8369 104.1308 197.3094 610.565;
	2.7818 37.5881 1.5479 14.8764 13.0182 2.0894 18.0565 1.3947 25.7975 22.4427 41.4849 61.8873 93.171 5.4988 12.1716 4.5856 5.6895 6.0292 39.3232 20.6182 6.0188 4.8752 62.5907 0.0332 10.6956 54.9805 0.1601 785.1061 421.4581 421.4581 335.2148 45.6606 131.0774 53.0713 17.2395 179.8221 581.6372 81.9169 1.279 28.6488 0.2085 23.178 96.8154 171.1822 587.6959;
