function loadprofile = ex_load_profilesh1
%EX_LOAD_PROFILE  Example load profile data file for stochastic unit commitment.
% 2022.03.12
% Andres F. Ramirez

%% define constants
[CT_LABEL, CT_PROB, CT_TABLE, CT_TBUS, CT_TGEN, CT_TBRCH, CT_TAREABUS, ...
    CT_TAREAGEN, CT_TAREABRCH, CT_ROW, CT_COL, CT_CHGTYPE, CT_REP, ...
    CT_REL, CT_ADD, CT_NEWVAL, CT_TLOAD, CT_TAREALOAD, CT_LOAD_ALL_PQ, ...
    CT_LOAD_FIX_PQ, CT_LOAD_DIS_PQ, CT_LOAD_ALL_P, CT_LOAD_FIX_P, ...
    CT_LOAD_DIS_P, CT_TGENCOST, CT_TAREAGENCOST, CT_MODCOST_F, ...
    CT_MODCOST_X] = idx_ct;

loadprofile = struct( ...
    'type', 'mpcData', ...
    'table', CT_TAREALOAD, ...
    'rows', [1:11], ...
    'col', CT_LOAD_ALL_P, ...
    'chgtype', 1, ...
    'values', [] );
loadprofile.values(:,1,:) = [
	1490.0022 955.3 1595.8303 593.9 840.9682 1197.5 872.4539 294.2201 548.2 4761.7815 1810.7;
	1505.4 973.4361 1624.3808 583.1683 832.7776 1208.2549 864.6861 282.8634 540.6427 4636.5359 1767.1519;
	1512.0915 980.3229 1613.1009 579.4 833.1908 1216.1513 885.9284 288.9 567.1843 4671.3845 1811.4444;
	1566.8108 1047.3591 1758.4686 576.9189 912.1682 1284.692 942.0 311.4 603.8104 4900.2996 1909.4456;
	1711.0273 1159.621 1941.015 605.9 1020.8 1427.1967 1045.3466 352.6307 686.4434 5417.2985 2134.6013;
	1858.9539 1255.0094 2052.1834 622.4917 1093.6 1517.4221 1124.7701 395.5648 729.5718 6055.4188 2299.1;
	1857.0485 1259.8768 2071.3656 626.7 1070.7 1481.2892 1123.833 392.5129 729.9008 6367.2961 2254.4452;
	1847.5874 1231.7456 2020.716 624.0704 1031.7484 1409.779 1082.5992 378.8141 720.9 6424.123 2112.3012;
	1824.1759 1203.8869 1935.8094 618.4956 980.3686 1352.5386 1054.6843 365.2 716.767 6398.371 2044.2466;
	1830.8 1221.8907 1939.963 626.2135 947.677 1334.9833 1068.6461 379.0 716.1306 6475.2301 2047.9934;
	1803.0547 1202.6648 1925.3063 621.5608 939.0 1279.1983 1019.2559 348.9 693.0335 6430.985 1946.1436;
	1771.1249 1196.6442 1968.8902 611.9019 941.2 1280.4 991.9 346.4 683.8896 6359.6738 1971.1197;
	1759.2072 1151.2332 1904.6022 609.2949 950.8 1222.7778 955.7606 341.5696 699.3 6354.6605 2060.3325;
	1726.0993 1141.2173 1882.8074 615.8145 970.8292 1276.3181 1008.4546 338.6357 697.4 6376.1318 2186.6681;
	1773.1221 1157.5589 1898.5538 627.1519 1003.0113 1353.3277 1032.5 340.8777 700.6 6365.5442 2214.9098;
	1750.3641 1180.3315 1945.0145 623.8001 998.132 1403.4768 1065.6276 375.6 695.6894 6378.195 2325.5274;
	1761.1727 1210.5217 1970.0013 631.97 980.6191 1429.6621 1102.3664 420.1832 712.1017 6270.885 2401.2442;
	1827.1056 1255.5409 2033.275 623.3134 1016.3596 1494.1619 1139.549 407.5567 751.2719 6264.9002 2526.278;
	1839.885 1242.3759 2001.447 615.9034 993.2 1455.688 1147.901 389.8591 758.1246 6161.2089 2471.0906;
	1818.8 1182.9827 1929.9309 599.6542 927.4968 1395.3455 1101.1 384.6916 745.8659 5975.3 2371.7555;
	1731.7 1110.737 1811.9848 587.8967 883.328 1315.5 1061.4 357.0888 710.235 5708.7 2236.8153;
	1629.3425 1044.958 1726.4177 573.0 853.7672 1209.8 962.292 319.473 639.4371 5306.6316 2032.4208;
	1564.0203 980.4899 1657.641 564.6854 838.8149 1162.5467 876.2854 287.664 595.1846 4908.9993 1908.2695;
	1507.7709 952.5068 1647.4227 569.1 842.9 1179.0262 862.6906 277.8624 589.1488 4777.8211 1894.8126;
];
