function solarprofile = ex_solar_profilesh1
%EX_WIND_PROFILE_D  Example wind_load_nyiso profile data for deterministic unit commitment.
% 2022.03.12
% Andres F. Ramirez


%% define constants
[GEN_BUS, PG, QG, QMAX, QMIN, VG, MBASE, GEN_STATUS, PMAX, PMIN, ...
    MU_PMAX, MU_PMIN, MU_QMAX, MU_QMIN, PC1, PC2, QC1MIN, QC1MAX, ...
    QC2MIN, QC2MAX, RAMP_AGC, RAMP_10, RAMP_30, RAMP_Q, APF] = idx_gen;
[CT_LABEL, CT_PROB, CT_TABLE, CT_TBUS, CT_TGEN, CT_TBRCH, CT_TAREABUS, ...
    CT_TAREAGEN, CT_TAREABRCH, CT_ROW, CT_COL, CT_CHGTYPE, CT_REP, ...
    CT_REL, CT_ADD, CT_NEWVAL, CT_TLOAD, CT_TAREALOAD, CT_LOAD_ALL_PQ, ...
    CT_LOAD_FIX_PQ, CT_LOAD_DIS_PQ, CT_LOAD_ALL_P, CT_LOAD_FIX_P, ...
    CT_LOAD_DIS_P, CT_TGENCOST, CT_TAREAGENCOST, CT_MODCOST_F, ...
    CT_MODCOST_X] = idx_ct;

solarprofile = struct( ...
    'type', 'mpcData', ...
    'table', CT_TGEN, ...
    'rows', [1:12], ...
    'col', PMAX, ...
    'chgtype', 1, ...
    'values', [] );
solarprofile.values(:,1,:) = [
	0.0 0.0 0.0 0.0 0.0 0.0 0.0 0.0 0.0 0.0 0.0 0.0;
	0.0 0.0 0.0 0.0 0.0 0.0 0.0 0.0 0.0 0.0 0.0 0.0;
	0.0 0.0 0.0 0.0 0.0 0.0 0.0 0.0 0.0 0.0 0.0 0.0;
	0.0 0.0 0.0 0.0 0.0 0.0 0.0 0.0 0.0 0.0 0.0 0.0;
	0.0 0.0 0.0 0.0 0.0 0.0 0.0 0.0 0.0 0.0 0.0 0.0;
	0.4784 0.4122 0.4306 0.0 0.0 0.0 0.0 0.2262 0.0 0.0 0.0 0.0;
	5.2608 4.3156 4.2763 4.9123 9.837 202.4461 25.3058 45.1747 171.4833 14.1435 6.8881 25.6139;
	16.9957 11.3605 10.4391 8.5924 11.1231 420.0833 52.5104 72.1871 264.0167 38.5522 19.6077 69.8182;
	22.572 16.5319 13.8 9.8956 10.7405 437.6795 54.7099 75.1372 274.1291 67.2964 36.7026 121.8742;
	23.6836 15.0319 13.5448 8.0705 6.1001 238.6587 29.8323 57.3716 237.6417 111.7557 101.548 202.3902;
	22.1632 12.2607 12.8752 8.893 5.5839 186.0711 23.2589 53.9471 221.2911 145.7394 121.8577 263.935;
	20.2783 9.8684 11.9894 8.1612 4.5568 115.0854 14.3857 46.3787 191.3949 130.2406 127.7212 235.8666;
	4.7779 4.0438 5.7803 5.1204 3.143 17.1625 2.1453 10.3964 46.0096 87.5214 186.8928 158.5019;
	4.5489 3.9426 4.9306 3.8202 2.6397 11.1687 1.3961 10.0349 41.731 73.2294 178.6078 132.6189;
	5.1883 5.495 4.6666 3.1325 2.9866 19.5679 2.446 10.2261 45.9088 57.8889 113.7448 104.8371;
	3.4739 2.7644 2.3338 1.6676 1.1269 22.5813 2.8227 5.378 24.9666 16.5031 12.3373 29.8872;
	0.8269 0.8058 0.4732 0.4302 0.5571 14.4497 1.8062 1.9147 4.8454 6.8903 3.458 12.4783;
	0.0 0.0 0.0 0.0 0.0 0.0 0.0 0.0 0.0 0.0 0.0 0.0;
	0.0 0.0 0.0 0.0 0.0 0.0 0.0 0.0 0.0 0.0 0.0 0.0;
	0.0 0.0 0.0 0.0 0.0 0.0 0.0 0.0 0.0 0.0 0.0 0.0;
	0.0 0.0 0.0 0.0 0.0 0.0 0.0 0.0 0.0 0.0 0.0 0.0;
	0.0 0.0 0.0 0.0 0.0 0.0 0.0 0.0 0.0 0.0 0.0 0.0;
	0.0 0.0 0.0 0.0 0.0 0.0 0.0 0.0 0.0 0.0 0.0 0.0;
	0.0 0.0 0.0 0.0 0.0 0.0 0.0 0.0 0.0 0.0 0.0 0.0;
];
