function windprofile = ex_wind_profilesh1
%EX_WIND_PROFILE_D  Example wind_load_nyiso profile data for deterministic unit commitment.
% 2022.03.12
% Andres F. Ramirez


%% define constants
[GEN_BUS, PG, QG, QMAX, QMIN, VG, MBASE, GEN_STATUS, PMAX, PMIN, ...
    MU_PMAX, MU_PMIN, MU_QMAX, MU_QMIN, PC1, PC2, QC1MIN, QC1MAX, ...
    QC2MIN, QC2MAX, RAMP_AGC, RAMP_10, RAMP_30, RAMP_Q, APF] = idx_gen;
[CT_LABEL, CT_PROB, CT_TABLE, CT_TBUS, CT_TGEN, CT_TBRCH, CT_TAREABUS, ...
    CT_TAREAGEN, CT_TAREABRCH, CT_ROW, CT_COL, CT_CHGTYPE, CT_REP, ...
    CT_REL, CT_ADD, CT_NEWVAL, CT_TLOAD, CT_TAREALOAD, CT_LOAD_ALL_PQ, ...
    CT_LOAD_FIX_PQ, CT_LOAD_DIS_PQ, CT_LOAD_ALL_P, CT_LOAD_FIX_P, ...
    CT_LOAD_DIS_P, CT_TGENCOST, CT_TAREAGENCOST, CT_MODCOST_F, ...
    CT_MODCOST_X] = idx_ct;

windprofile = struct( ...
    'type', 'mpcData', ...
    'table', CT_TGEN, ...
    'rows', [1:45], ...
    'col', PMAX, ...
    'chgtype', 1, ...
    'values', [] );
windprofile.values(:,1,:) = [
	0.666 8.9989 39.6133 52.7079 8.0123 1.0386 0.3655 3.1088 2.8781 20.3115 37.5454 56.0104 84.3234 0.0 137.3882 51.7602 64.221 68.0551 77.7068 71.0624 0.1218 2.4235 68.9473 58.5647 29.8517 38.3576 3.3231 168.9946 291.0282 291.0282 177.221 33.1544 259.0227 182.9148 0.0 124.172 361.5917 82.5071 5.9735 79.9599 58.31 11.522 1.3071 50.4197 365.3583;
	0.4585 6.1956 46.6215 60.4164 7.211 4.307 0.0 10.608 0.2647 12.1518 22.4625 33.5096 50.4485 0.0 114.2165 43.0304 53.3896 56.577 72.1313 70.5472 0.0 10.0497 33.3478 66.9652 47.7921 47.995 6.0055 68.6876 188.7875 188.7875 122.2829 18.8193 240.4378 181.5886 0.0 80.5493 280.4674 90.8643 1.2134 128.0144 76.5705 47.779 7.336 75.6871 283.3889;
	0.3305 4.4656 57.5405 67.4659 6.2559 4.1471 1.9958 10.8158 11.4287 10.0144 18.5114 27.6154 41.5749 0.2828 74.6176 28.1117 34.8794 36.9617 61.4155 66.8519 0.6653 9.6766 24.7264 75.2139 51.9432 54.3987 5.6894 77.7872 1.2827 1.2827 10.1093 13.6285 204.7184 172.0769 0.8866 0.5473 186.8018 21.7497 5.1089 139.1336 69.2821 46.0055 5.7046 91.5757 188.7477;
	0.496 6.7025 69.7034 79.3988 9.5646 2.0871 3.8172 13.5756 8.1475 16.2144 29.972 44.7124 67.3143 3.9935 93.8286 35.3494 43.8594 46.4779 43.1283 65.9449 1.2724 4.8699 47.5698 84.7329 62.8038 65.7785 7.8046 59.6394 9.5886 9.5886 37.6677 18.613 143.7611 169.7424 12.5201 4.0911 54.5523 28.1283 10.1991 168.2244 71.9032 23.1528 5.6027 145.7604 55.1205;
	0.5417 7.3197 82.2773 80.4442 10.5539 3.8675 17.8852 14.5881 23.6047 17.3822 32.1308 47.9328 72.1626 7.057 132.562 49.942 61.965 65.6644 59.6003 66.9509 5.9617 9.0242 45.6977 85.6844 80.3784 72.7146 9.0254 248.1262 37.0526 37.0526 19.7568 9.7465 198.6678 172.3318 22.1248 15.8091 82.6229 15.2924 82.6926 215.2993 68.7776 42.9037 9.823 163.6647 83.4836;
	0.4848 6.5514 80.0754 63.383 10.2878 3.4403 15.6119 12.8513 8.4598 10.2706 18.985 28.3219 42.6384 10.8863 156.3223 58.8935 73.0716 77.4341 82.1077 68.8231 5.204 8.0273 33.7168 83.1264 56.8076 72.1128 8.2089 206.4423 46.893 46.893 10.3801 9.5708 273.6924 177.1507 34.13 20.0077 79.6789 17.3085 116.9743 152.1632 52.7196 38.1643 21.665 151.1532 80.5089;
	0.4627 6.2525 58.3504 41.8316 9.8687 2.4399 4.6322 8.0838 2.7963 7.3992 13.6773 20.4038 30.7179 45.3223 129.2778 48.7047 60.4299 64.0376 66.8887 70.218 1.5441 5.6931 19.39 58.6102 32.5943 66.6362 4.298 219.7387 69.4278 69.4278 58.2193 0.5263 222.9624 180.7413 142.0914 29.6225 66.0478 30.0532 46.111 87.3061 22.7359 27.0666 30.1403 148.3211 66.7358;
	0.4363 5.8951 35.0687 27.9589 3.8469 2.8451 5.4763 7.5377 5.8827 4.7855 8.8459 13.1963 19.867 27.0715 69.3927 26.1433 32.437 34.3736 19.5823 50.1946 1.8254 6.6385 10.2677 37.6427 31.0558 66.9094 4.7126 32.9827 10.3416 10.3416 17.3968 0.0297 65.2744 129.2011 84.8729 4.4124 20.5552 30.3981 99.763 83.1852 8.2858 31.5612 10.2138 108.8987 20.7693;
	0.5566 7.5206 30.0189 26.6342 4.1946 4.7507 4.2503 5.6111 3.6319 2.796 5.1684 7.7102 11.6076 1.6543 17.8854 6.7382 8.3604 8.8595 10.5742 19.2183 1.4168 11.085 3.5346 38.1036 28.0065 54.9934 4.3593 2.7191 4.1485 4.1485 5.8419 0.0 35.2472 49.468 5.1866 1.77 1.9908 4.5948 107.6572 75.0173 0.6075 52.7015 29.7675 71.2125 2.0115;
	0.4868 6.5775 30.1775 23.7012 7.6637 1.6914 1.3686 4.281 1.0559 11.6538 21.5419 32.1363 48.381 23.3536 13.1145 4.9408 6.1303 6.4963 16.5611 16.295 0.4562 3.9466 12.1305 32.8678 26.8557 45.9016 2.9125 41.3622 48.5198 48.5198 51.3339 0.2386 55.2037 41.9433 73.2167 20.7018 8.0039 13.9865 21.048 71.935 0.8446 18.7631 48.3855 77.5821 8.0872;
	0.6884 9.3024 44.9875 14.5128 11.8649 1.8776 6.3143 3.3878 7.7173 18.2413 33.7188 50.3019 75.7292 18.1085 23.1241 8.7119 10.8092 11.4545 10.2257 12.723 2.1048 4.381 35.5791 41.9753 46.2136 52.7201 1.2672 52.9287 61.2966 61.2966 97.026 0.2433 34.0856 32.7491 56.7725 26.1532 49.4763 28.0081 59.5776 123.7864 1.0415 20.8283 3.9207 88.6882 49.9917;
	1.1885 16.0587 65.0873 10.8895 13.7837 2.3429 2.8588 0.5682 1.3819 16.8705 31.1849 46.5217 70.0381 2.384 25.9714 9.7846 12.1401 12.8649 19.4732 11.1009 0.9529 5.4668 56.2988 52.7462 6.9951 48.923 0.4499 147.2639 96.5481 96.5481 27.4297 2.021 64.9106 28.5737 7.4742 41.1939 104.2164 5.9375 11.2399 18.7368 3.0256 25.9906 5.603 129.2561 105.302;
	1.7025 23.0041 81.9292 0.267 14.0088 1.7636 5.2868 0.0 0.9144 24.5198 45.3244 67.6151 101.7942 0.2493 41.4678 15.6228 19.3838 20.541 69.7231 12.295 1.7623 4.115 37.7251 57.4132 61.9246 53.1838 0.0 205.7018 152.5364 152.5364 17.9639 2.9625 232.4103 31.6474 0.7815 65.0822 167.2428 16.5756 4.081 165.8694 2.0183 19.564 107.39 169.0378 168.9849;
	1.4053 18.9888 2.9933 0.0 13.2507 17.4455 6.2135 0.0 1.5268 4.0807 7.5431 11.2528 16.941 0.0 20.4371 7.6995 9.5531 10.1235 27.2046 9.9334 2.0712 40.7063 48.79 0.0 0.0 30.5614 0.0 179.1022 200.8015 200.8015 19.7163 5.7069 90.6822 25.5685 0.0 85.6753 179.2969 11.9377 32.0132 0.0 0.0792 193.5293 66.5826 125.3261 181.1646;
	1.9873 26.8523 27.017 18.7249 9.9536 3.5515 4.2153 0.1146 3.3415 6.0116 11.1124 16.5775 24.9574 5.4196 44.9562 16.937 21.0144 22.269 50.9702 12.0762 1.4051 8.2869 31.6897 20.8862 14.6562 9.704 0.437 271.0189 265.4316 265.4316 97.8154 8.3674 169.9006 31.0841 16.9913 113.2508 263.6353 23.5712 64.0596 39.2576 0.2438 39.3983 73.0249 105.113 266.3815;
	2.3446 31.6813 83.9329 1.8292 13.1212 0.7234 5.0595 0.0 2.8759 2.6849 4.963 7.4039 11.1465 6.9424 27.011 10.1762 12.6261 13.3799 37.2976 14.5955 1.6865 1.6879 45.2921 0.2835 1.5609 0.6077 0.0 362.6233 283.2624 283.2624 173.4401 11.9448 124.3252 37.5689 21.7655 120.8586 308.8932 44.3728 106.1785 4.1811 0.0 8.0247 0.0 166.3371 312.1109;
	3.0644 41.4073 14.7876 58.5472 14.0605 2.2734 18.3993 0.4477 17.5953 9.0068 16.649 24.837 37.392 34.2708 25.0806 9.449 11.7237 12.4236 39.9453 26.3586 6.1331 5.3047 10.1649 0.438 5.42 4.6415 0.1003 401.9139 380.4704 380.4704 188.6313 26.8649 133.151 67.8471 107.4437 162.334 490.1586 82.808 335.6021 14.5179 0.0106 25.2199 129.2199 211.9606 495.2644;
	2.349 31.7406 11.2627 28.5013 13.9415 17.9016 10.074 0.0521 7.7968 7.0041 12.9469 19.3143 29.0776 13.9345 9.316 3.5098 4.3547 4.6147 8.8335 33.3212 3.358 41.7705 16.8169 0.5408 1.5198 1.3631 0.0 574.9718 452.9308 452.9308 317.742 38.7223 29.445 85.7688 43.6866 193.2505 572.576 105.9298 97.9303 4.0708 0.037 198.5888 104.8493 214.4874 578.5403;
	2.8277 38.209 85.3302 8.9377 14.3764 24.9291 4.8575 0.0071 7.6483 9.4258 17.4235 25.9924 39.1314 10.0609 20.3623 7.6714 9.5182 10.0865 27.3197 44.1043 1.6192 58.1679 33.3565 0.7915 0.1463 54.1422 0.0 792.2341 454.0099 454.0099 362.0803 50.9459 91.0658 113.5245 31.5423 193.7109 659.6293 91.6268 99.5479 0.3918 0.8841 276.547 109.176 174.7355 666.5005;
	2.9535 39.9078 22.305 14.2501 14.5728 1.4566 19.365 1.4593 26.6036 23.5625 43.5549 64.9753 97.8199 42.0017 8.8335 3.328 4.1291 4.3757 3.3163 22.0659 6.455 3.3987 61.3841 17.2493 11.2996 52.125 0.4627 770.3903 417.2212 417.2212 329.5506 47.5551 11.0544 56.7978 131.6809 178.0144 581.6983 85.4898 53.6432 30.2667 2.4021 16.1583 103.0878 168.0422 587.7577;
