function solarprofile = ex_solar_profilesh1
%EX_WIND_PROFILE_D  Example wind_load_nyiso profile data for deterministic unit commitment.
% 2022.03.12
% Andres F. Ramirez


%% define constants
[GEN_BUS, PG, QG, QMAX, QMIN, VG, MBASE, GEN_STATUS, PMAX, PMIN, ...
    MU_PMAX, MU_PMIN, MU_QMAX, MU_QMIN, PC1, PC2, QC1MIN, QC1MAX, ...
    QC2MIN, QC2MAX, RAMP_AGC, RAMP_10, RAMP_30, RAMP_Q, APF] = idx_gen;
[CT_LABEL, CT_PROB, CT_TABLE, CT_TBUS, CT_TGEN, CT_TBRCH, CT_TAREABUS, ...
    CT_TAREAGEN, CT_TAREABRCH, CT_ROW, CT_COL, CT_CHGTYPE, CT_REP, ...
    CT_REL, CT_ADD, CT_NEWVAL, CT_TLOAD, CT_TAREALOAD, CT_LOAD_ALL_PQ, ...
    CT_LOAD_FIX_PQ, CT_LOAD_DIS_PQ, CT_LOAD_ALL_P, CT_LOAD_FIX_P, ...
    CT_LOAD_DIS_P, CT_TGENCOST, CT_TAREAGENCOST, CT_MODCOST_F, ...
    CT_MODCOST_X] = idx_ct;

solarprofile = struct( ...
    'type', 'mpcData', ...
    'table', CT_TGEN, ...
    'rows', [1:12], ...
    'col', PMAX, ...
    'chgtype', 1, ...
    'values', [] );
solarprofile.values(:,1,:) = [
	0.0 0.0 0.0 0.0 0.0 0.0 0.0 0.0 0.0 0.0 0.0 0.0;
	0.0 0.0 0.0 0.0 0.0 0.0 0.0 0.0 0.0 0.0 0.0 0.0;
	0.0 0.0 0.0 0.0 0.0 0.0 0.0 0.0 0.0 0.0 0.0 0.0;
	0.0 0.0 0.0 0.0 0.0 0.0 0.0 0.0 0.0 0.0 0.0 0.0;
	0.0 0.0 0.0 0.0 0.0 0.0 0.0 0.0 0.0 0.0 0.0 0.0;
	0.4731 0.4018 0.4224 0.0 0.0 0.0 0.0 0.2 0.0 0.0 0.0 0.0;
	5.8445 3.5692 3.5693 2.8784 8.9667 155.3423 19.4178 38.0669 166.8227 26.4593 26.9037 47.918;
	6.4243 6.8108 7.0079 9.0789 12.4743 423.2455 52.9057 71.9553 279.8513 58.433 34.6318 105.8224;
	10.6385 13.5541 12.6596 10.7175 12.4565 438.8122 54.8515 75.0345 288.6027 66.276 44.9439 120.0262;
	19.9068 16.0045 13.4364 6.3374 8.2359 219.3645 27.4206 60.5147 236.947 60.0253 110.8651 108.7062;
	23.5021 16.2638 13.7627 5.9783 7.9409 303.5259 37.9407 66.8183 241.9535 58.4409 147.0047 105.8368;
	24.7077 16.187 13.769 5.9964 8.0205 338.4408 42.3051 69.4094 229.0233 75.9104 171.277 137.4742;
	11.4611 9.2921 8.3535 5.1701 8.8365 169.0902 21.1363 36.5742 64.597 123.3603 217.3279 223.4063;
	8.7183 8.8214 5.8582 4.3406 7.8399 105.3447 13.1681 24.8741 33.6896 117.3846 185.5788 212.5842;
	6.6454 6.7038 4.6464 2.7931 6.7041 54.5214 6.8152 17.1431 23.863 70.4523 121.8165 127.5895;
	2.3326 2.299 2.3193 1.095 2.1486 17.1695 2.1462 11.3146 16.0591 12.3693 11.7176 22.4008;
	0.4383 0.3482 0.5071 0.4165 0.8907 29.7412 3.7177 6.5092 18.1905 6.0459 3.7437 10.9492;
	0.0 0.0 0.0 0.0 0.0 0.0 0.0 0.0 0.0 0.0 0.0 0.0;
	0.0 0.0 0.0 0.0 0.0 0.0 0.0 0.0 0.0 0.0 0.0 0.0;
	0.0 0.0 0.0 0.0 0.0 0.0 0.0 0.0 0.0 0.0 0.0 0.0;
	0.0 0.0 0.0 0.0 0.0 0.0 0.0 0.0 0.0 0.0 0.0 0.0;
	0.0 0.0 0.0 0.0 0.0 0.0 0.0 0.0 0.0 0.0 0.0 0.0;
	0.0 0.0 0.0 0.0 0.0 0.0 0.0 0.0 0.0 0.0 0.0 0.0;
	0.0 0.0 0.0 0.0 0.0 0.0 0.0 0.0 0.0 0.0 0.0 0.0;
];
