function windprofile = ex_wind_profilesh1
%EX_WIND_PROFILE_D  Example wind_load_nyiso profile data for deterministic unit commitment.
% 2022.03.12
% Andres F. Ramirez


%% define constants
[GEN_BUS, PG, QG, QMAX, QMIN, VG, MBASE, GEN_STATUS, PMAX, PMIN, ...
    MU_PMAX, MU_PMIN, MU_QMAX, MU_QMIN, PC1, PC2, QC1MIN, QC1MAX, ...
    QC2MIN, QC2MAX, RAMP_AGC, RAMP_10, RAMP_30, RAMP_Q, APF] = idx_gen;
[CT_LABEL, CT_PROB, CT_TABLE, CT_TBUS, CT_TGEN, CT_TBRCH, CT_TAREABUS, ...
    CT_TAREAGEN, CT_TAREABRCH, CT_ROW, CT_COL, CT_CHGTYPE, CT_REP, ...
    CT_REL, CT_ADD, CT_NEWVAL, CT_TLOAD, CT_TAREALOAD, CT_LOAD_ALL_PQ, ...
    CT_LOAD_FIX_PQ, CT_LOAD_DIS_PQ, CT_LOAD_ALL_P, CT_LOAD_FIX_P, ...
    CT_LOAD_DIS_P, CT_TGENCOST, CT_TAREAGENCOST, CT_MODCOST_F, ...
    CT_MODCOST_X] = idx_ct;

windprofile = struct( ...
    'type', 'mpcData', ...
    'table', CT_TGEN, ...
    'rows', [1:45], ...
    'col', PMAX, ...
    'chgtype', 1, ...
    'values', [] );
windprofile.values(:,1,:) = [
	0.7149 9.6595 59.2764 70.7976 7.815 4.0999 3.8052 8.8393 13.0884 17.2083 31.8093 47.4533 71.4406 0.0311 151.874 57.2177 70.9923 75.2306 81.3733 69.7959 1.2684 9.5665 66.1453 78.2465 52.0117 45.1684 3.9173 132.0844 320.6162 320.6162 243.7504 46.0289 271.2442 179.6547 0.0974 136.7962 365.0868 99.0374 144.7762 139.3171 53.9871 45.482 4.1521 77.7211 368.8898;
	0.4361 5.8921 52.3306 64.7376 6.5275 2.3789 1.3449 10.5528 6.9648 10.7494 19.8701 29.6422 44.6262 0.0 130.8345 49.2911 61.1575 64.8087 78.0346 70.816 0.4483 5.5507 32.1902 74.3724 51.5885 41.9365 4.2982 66.3737 214.5058 214.5058 159.3469 30.8579 260.1154 182.2805 0.0 91.5225 291.0795 102.1132 39.3418 138.1836 64.5765 26.3897 6.0309 85.744 294.1116;
	0.2919 3.9448 62.3757 70.8748 5.779 3.727 1.7228 11.2494 14.3536 10.2372 18.9233 28.2298 42.4998 0.0333 94.8515 35.7348 44.3376 46.9846 71.1075 69.6156 0.5743 8.6963 28.7652 82.6649 56.15 52.0487 5.685 8.9537 20.1855 20.1855 86.1898 19.4065 237.0251 179.1907 0.1045 8.6125 172.1179 73.4914 101.2804 150.4019 61.5692 41.3448 4.0276 96.1192 173.9108;
	0.4487 6.0631 67.3433 76.8419 8.3886 3.5651 11.6808 13.776 19.4648 16.1736 29.8966 44.5998 67.1448 1.6963 107.2225 40.3954 50.1203 53.1125 55.7732 68.0495 3.8936 8.3186 52.8766 84.6614 64.036 65.8707 6.8598 7.8692 72.8816 72.8816 140.0711 21.9256 185.9106 175.1597 5.318 31.0961 61.5166 78.7223 225.7637 171.5249 58.3939 39.549 22.6483 142.8434 62.1574;
	0.4466 6.035 77.7266 77.2101 9.2991 2.8727 9.7147 13.275 4.9129 14.4827 26.771 39.9371 60.125 2.4354 135.7711 51.151 63.4651 67.2541 60.3902 68.8532 3.2382 6.703 45.1615 85.3536 77.6991 66.6853 7.371 45.501 169.2856 169.2856 144.0876 12.1202 201.3006 177.2284 7.6353 72.2285 90.4567 68.2226 87.4152 208.1227 54.2152 31.8682 18.1432 145.4774 91.399;
	0.4309 5.822 79.7205 64.3186 9.9228 4.0258 2.2767 11.9968 8.4311 9.3598 17.3014 25.8104 38.8574 4.1448 148.0722 55.7853 69.2151 73.3474 83.6848 66.5978 0.7589 9.3936 36.29 84.3552 56.3396 69.9996 7.0698 33.3015 98.7582 98.7582 85.9893 11.9811 278.9494 171.423 12.9946 42.1368 94.3235 63.0208 95.5674 150.9095 44.5917 44.6597 24.2523 140.9417 95.3061;
	0.384 5.1893 58.9427 39.6837 9.5147 2.4489 3.2207 7.9962 1.9182 7.3147 13.5211 20.1709 30.3671 5.6826 105.8062 39.8619 49.4582 52.411 61.1799 64.1966 1.0736 5.7142 24.9949 63.2195 34.3764 63.1378 3.9813 21.5995 14.9093 14.9093 15.011 5.0285 203.933 165.2423 17.8156 6.3613 4.3858 7.3893 24.0121 92.0796 26.8479 27.1668 26.8763 139.6218 4.4315;
	0.4446 6.007 35.9336 29.1309 3.4155 2.4948 4.4687 6.7545 2.6272 5.0719 9.3754 13.9862 21.0562 6.5357 52.5879 19.8122 24.5818 26.0494 17.037 44.3901 1.4896 5.8212 14.662 39.4279 29.6713 61.3204 3.9005 14.0959 37.4018 37.4018 7.7159 9.0816 56.7902 114.2601 20.4904 15.9581 19.2442 1.9143 28.8165 79.4768 8.9728 27.6754 0.0 106.4052 19.4447;
	0.5875 7.939 29.2699 25.085 3.4089 1.6368 0.0 5.3897 1.0376 5.0698 9.3715 13.9804 21.0474 1.1483 10.0895 3.8011 4.7162 4.9978 0.0 17.4482 0.0 3.8192 8.2411 37.8543 27.2621 54.7685 3.745 0.0 26.4509 26.4509 6.1549 6.3394 0.0 44.9117 3.6001 11.2857 6.1054 1.4685 9.5298 73.0235 0.2606 18.1576 1.078 77.2767 6.169;
	0.5959 8.0518 33.065 25.1375 7.0895 1.3744 0.1765 4.4324 4.9974 2.8191 5.211 7.7738 11.7033 1.1879 8.8297 3.3265 4.1274 4.3738 0.0 13.7115 0.0588 3.207 10.9041 39.9396 29.7211 50.1456 3.0227 24.6067 42.6401 42.6401 9.7727 9.922 0.0 35.2935 3.7242 18.1931 13.228 1.034 55.3284 79.61 1.3099 15.2471 45.8563 92.3369 13.3657;
	0.8468 11.4424 46.7223 78.0741 10.8319 5.4248 0.0 3.7637 1.624 0.8648 1.5985 2.3847 3.5901 0.3599 27.3385 10.2996 12.7791 13.5421 0.0 12.4939 0.0 12.6579 25.9751 44.4154 49.2353 52.9265 1.3366 49.2544 74.1296 74.1296 16.2729 15.3535 0.0 32.1593 1.1283 31.6286 62.0064 1.3411 2.7183 131.8801 7.5138 60.1795 4.4572 103.2101 62.6523;
	1.6587 22.4134 65.9723 26.1987 13.6416 6.8258 0.0 1.2883 0.0 0.1424 0.2631 0.3926 0.591 0.0 23.5198 8.8609 10.9941 11.6505 0.0109 11.5701 0.0 15.927 47.0664 59.65 36.6878 49.1896 0.9628 120.8578 103.7626 103.7626 7.3089 19.9126 0.0363 29.7815 0.0 44.272 124.3388 4.2477 49.1981 98.2709 10.4723 75.7214 3.379 135.4262 125.634;
	2.4567 33.196 83.7751 17.1714 14.4722 15.7268 0.0003 0.4017 0.0062 23.2773 43.0277 64.1889 96.636 0.0 5.6821 2.1407 2.6561 2.8146 0.0 10.443 0.0001 36.6959 27.3427 68.0433 74.0076 46.8554 0.1509 205.2377 165.6172 165.6172 0.688 5.7432 0.0 26.8804 0.0 70.6634 178.5723 2.0362 18.4799 198.2346 17.1943 174.4629 113.4372 172.4846 180.4325;
	2.1436 28.9653 45.8162 41.5086 14.9516 21.8481 0.2444 1.2444 2.8503 4.4562 8.2373 12.2884 18.5001 2.4692 9.9988 3.767 4.6738 4.9529 0.9836 8.7393 0.0815 50.979 44.677 46.049 38.3018 31.0554 0.6119 197.9656 211.2235 211.2235 7.0177 5.4594 3.2785 22.4949 7.7413 90.122 206.7808 8.1092 152.0422 102.594 9.5516 242.3686 90.0284 144.1826 208.9347;
	2.2384 30.2452 32.4271 10.9712 9.7584 11.5775 0.8958 0.1506 1.8341 1.8984 3.5092 5.235 7.8813 1.0353 49.8751 18.7902 23.3137 24.7056 19.0978 5.9668 0.2986 27.0141 9.9381 11.2408 21.8028 0.0356 0.2495 276.107 273.8235 273.8235 87.3035 8.8112 63.6592 15.3584 3.2459 116.8314 274.1715 15.4555 189.151 58.4003 14.3817 128.4328 87.3626 107.8596 277.0275;
	3.0448 41.1422 86.2611 10.4834 14.0665 4.9386 1.0423 0.0313 0.0568 5.7563 10.6405 15.8735 23.8974 0.0042 30.474 11.4809 14.2448 15.0953 20.63 3.9782 0.3474 11.5235 44.2342 39.5006 7.7623 0.2684 0.2043 401.3286 273.2388 273.2388 150.0935 12.4323 68.7668 10.2398 0.0132 116.5819 306.2644 35.5679 116.461 20.7918 2.5072 54.7861 25.9131 181.0675 309.4547;
	3.4356 46.423 11.0066 17.6339 14.9976 4.6858 0.002 0.0315 0.0405 1.4955 2.7645 4.124 6.2087 0.0 9.7398 3.6694 4.5528 4.8246 1.9202 0.6365 0.0007 10.9336 0.463 11.6218 0.0424 0.0038 0.2535 374.6568 377.3343 377.3343 178.1402 24.7613 6.4006 1.6384 0.0 160.996 450.4283 71.7092 20.9548 0.1135 23.5755 51.9815 144.4772 222.5594 455.1203;
	2.7077 36.5875 34.8959 29.5938 14.495 18.5032 0.0 1.6011 0.0 0.1068 0.1975 0.2946 0.4435 0.0 19.5873 7.3794 9.1559 9.7026 0.6919 3.6445 0.0 43.1742 14.211 67.5726 13.0518 3.485 1.8398 569.7014 446.5341 446.5341 301.0922 34.5698 2.3062 9.3809 0.0 190.5212 533.6894 93.2632 0.0 34.9602 16.2655 205.2624 115.5787 233.2014 539.2487;
	3.2058 43.3179 90.6566 46.9313 15.2965 25.8683 0.5497 4.2574 1.5519 9.4657 17.4973 26.1025 39.2971 7.6111 20.9252 7.8835 9.7813 10.3653 20.694 42.4624 0.1832 60.3594 32.3939 85.2998 34.0393 64.6902 5.9542 832.1414 459.7264 459.7264 355.1724 45.2083 68.9801 109.2982 23.8618 196.1499 620.1748 76.4354 118.2876 91.1768 24.4989 286.9656 116.0729 230.3177 626.6349;
	3.0408 41.0875 38.4721 24.2272 14.7946 1.2992 18.8087 2.5746 26.6437 22.1158 40.8808 60.9861 91.8143 21.8128 58.7184 22.1218 27.4474 29.0861 24.4482 21.7546 6.2696 3.0314 61.9361 72.2637 15.8741 57.7505 8.0104 819.3013 435.4282 435.4282 337.2648 46.5061 81.494 55.9963 68.3859 185.7827 562.976 77.3875 139.3683 42.5198 29.992 14.412 111.2113 188.6029 568.8403;
