function solarprofile = ex_solar_profilesh1
%EX_WIND_PROFILE_D  Example wind_load_nyiso profile data for deterministic unit commitment.
% 2022.03.12
% Andres F. Ramirez


%% define constants
[GEN_BUS, PG, QG, QMAX, QMIN, VG, MBASE, GEN_STATUS, PMAX, PMIN, ...
    MU_PMAX, MU_PMIN, MU_QMAX, MU_QMIN, PC1, PC2, QC1MIN, QC1MAX, ...
    QC2MIN, QC2MAX, RAMP_AGC, RAMP_10, RAMP_30, RAMP_Q, APF] = idx_gen;
[CT_LABEL, CT_PROB, CT_TABLE, CT_TBUS, CT_TGEN, CT_TBRCH, CT_TAREABUS, ...
    CT_TAREAGEN, CT_TAREABRCH, CT_ROW, CT_COL, CT_CHGTYPE, CT_REP, ...
    CT_REL, CT_ADD, CT_NEWVAL, CT_TLOAD, CT_TAREALOAD, CT_LOAD_ALL_PQ, ...
    CT_LOAD_FIX_PQ, CT_LOAD_DIS_PQ, CT_LOAD_ALL_P, CT_LOAD_FIX_P, ...
    CT_LOAD_DIS_P, CT_TGENCOST, CT_TAREAGENCOST, CT_MODCOST_F, ...
    CT_MODCOST_X] = idx_ct;

solarprofile = struct( ...
    'type', 'mpcData', ...
    'table', CT_TGEN, ...
    'rows', [1:12], ...
    'col', PMAX, ...
    'chgtype', 1, ...
    'values', [] );
solarprofile.values(:,1,:) = [
	0.0 0.0 0.0 0.0 0.0 0.0 0.0 0.0 0.0 0.0 0.0 0.0;
	0.0 0.0 0.0 0.0 0.0 0.0 0.0 0.0 0.0 0.0 0.0 0.0;
	0.0 0.0 0.0 0.0 0.0 0.0 0.0 0.0 0.0 0.0 0.0 0.0;
	0.0 0.0 0.0 0.0 0.0 0.0 0.0 0.0 0.0 0.0 0.0 0.0;
	0.0 0.0 0.0 0.0 0.0 0.0 0.0 0.0 0.0 0.0 0.0 0.0;
	0.5089 0.4644 0.5161 0.0 0.0 1.0418 0.1302 0.6651 0.1854 0.0 0.0 0.0;
	8.1088 6.9498 5.7228 2.0381 3.3757 114.205 14.2756 57.7668 23.9138 11.7933 0.0 21.3577;
	17.1794 13.619 11.1632 4.1634 5.3325 351.4944 43.9368 71.8268 87.1268 112.2663 16.6645 203.3149;
	22.5665 16.6083 13.8 7.08 6.5007 382.6562 47.832 73.9827 177.8204 251.3493 36.0582 455.195;
	23.9766 16.149 13.6408 4.4717 3.9423 65.1409 8.1426 54.9209 31.6566 192.2134 44.0723 348.0997;
	25.0493 16.2884 13.7627 6.369 5.271 64.1634 8.0204 46.7934 59.9159 122.3406 28.3132 221.5596;
	24.9174 15.5409 13.4708 6.815 5.2839 72.7027 9.0878 36.3769 96.3877 94.3481 19.1944 170.8649;
	6.0513 2.4847 3.7368 4.9122 2.3909 24.0719 3.009 11.4829 26.0285 83.4158 20.4857 151.0665;
	3.2166 0.9098 1.9515 2.5742 1.3632 10.8591 1.3574 13.87 15.5302 79.8541 22.9667 144.6162;
	2.4955 1.0848 1.6646 1.2203 1.2768 5.524 0.6905 19.3626 8.9203 84.6672 22.5592 153.3328;
	2.1806 1.4579 1.7686 0.2408 0.4343 0.0 0.0 18.8988 1.2306 69.2615 7.8989 125.433;
	0.6959 0.5265 0.5157 0.3452 0.5928 12.4107 1.5513 4.6186 11.2511 32.6018 4.7805 59.042;
	0.0 0.0 0.0 0.0 0.0 0.0 0.0 0.0 0.0 0.0 0.0 0.0;
	0.0 0.0 0.0 0.0 0.0 0.0 0.0 0.0 0.0 0.0 0.0 0.0;
	0.0 0.0 0.0 0.0 0.0 0.0 0.0 0.0 0.0 0.0 0.0 0.0;
	0.0 0.0 0.0 0.0 0.0 0.0 0.0 0.0 0.0 0.0 0.0 0.0;
	0.0 0.0 0.0 0.0 0.0 0.0 0.0 0.0 0.0 0.0 0.0 0.0;
	0.0 0.0 0.0 0.0 0.0 0.0 0.0 0.0 0.0 0.0 0.0 0.0;
	0.0 0.0 0.0 0.0 0.0 0.0 0.0 0.0 0.0 0.0 0.0 0.0;
];
