function loadprofile = ex_load_profilesh1
%EX_LOAD_PROFILE  Example load profile data file for stochastic unit commitment.
% 2022.03.12
% Andres F. Ramirez

%% define constants
[CT_LABEL, CT_PROB, CT_TABLE, CT_TBUS, CT_TGEN, CT_TBRCH, CT_TAREABUS, ...
    CT_TAREAGEN, CT_TAREABRCH, CT_ROW, CT_COL, CT_CHGTYPE, CT_REP, ...
    CT_REL, CT_ADD, CT_NEWVAL, CT_TLOAD, CT_TAREALOAD, CT_LOAD_ALL_PQ, ...
    CT_LOAD_FIX_PQ, CT_LOAD_DIS_PQ, CT_LOAD_ALL_P, CT_LOAD_FIX_P, ...
    CT_LOAD_DIS_P, CT_TGENCOST, CT_TAREAGENCOST, CT_MODCOST_F, ...
    CT_MODCOST_X] = idx_ct;

loadprofile = struct( ...
    'type', 'mpcData', ...
    'table', CT_TAREALOAD, ...
    'rows', [1:11], ...
    'col', CT_LOAD_ALL_P, ...
    'chgtype', 1, ...
    'values', [] );
loadprofile.values(:,1,:) = [
	1572.6553 964.3917 1684.0 595.3429 823.8885 1184.8576 908.7664 263.183 516.7062 4615.8247 1806.4696;
	1549.2125 952.111 1664.8794 599.0964 820.2516 1191.0256 909.6045 271.7 498.5 4559.0117 1777.8047;
	1579.164 969.7335 1699.6321 585.9583 840.8659 1220.2165 937.2 289.4693 521.8141 4569.4027 1835.1;
	1653.1036 1030.7361 1784.6165 614.2 898.5148 1297.0781 982.4095 317.8023 565.5072 4798.4813 1923.4805;
	1792.6651 1160.6809 1949.8912 637.4762 994.6071 1420.9074 1056.4462 357.8761 624.4176 5340.3327 2168.9887;
	1898.7433 1230.1439 2052.7839 640.2539 1049.3763 1494.5833 1106.8 383.6313 681.4365 5926.9092 2281.2156;
	1896.1127 1250.0469 2035.6409 622.0857 1011.7648 1492.0402 1121.8836 372.0194 703.4559 6262.763 2259.3573;
	1882.5183 1246.4 2000.5721 597.6569 994.2198 1435.848 1064.1161 368.3606 693.9593 6454.5074 2201.187;
	1872.888 1247.728 1972.594 605.4 1018.1013 1389.9985 1068.7727 360.6 682.9009 6566.1397 2176.6293;
	1862.8886 1224.1926 1921.8 592.0581 1018.7 1347.3083 1037.4858 361.4038 685.3135 6742.0133 2204.3856;
	1822.3793 1214.7003 1887.371 579.1 977.4775 1349.9185 1013.7 353.4878 667.5 6703.3063 2210.5059;
	1813.2568 1168.3426 1840.4047 592.9005 925.4028 1317.79 968.2825 345.4691 669.3632 6703.9981 2167.5143;
	1790.3913 1151.5683 1810.547 572.3672 922.3856 1280.4322 985.7256 339.0 674.5725 6607.4827 2176.9307;
	1756.7447 1165.7 1780.091 576.2174 907.8987 1282.3526 975.3957 343.3301 674.8186 6485.0794 2161.9904;
	1730.535 1165.3 1783.0204 586.0069 903.9472 1239.7475 994.8993 347.4215 677.3 6386.9138 2192.83;
	1730.8651 1178.7695 1822.8569 589.8 906.4845 1351.8492 1047.7 357.3565 691.7961 6371.3531 2306.0955;
	1718.5777 1176.2246 1862.3956 605.1892 910.8688 1387.7961 1078.5907 374.7165 677.6 6274.8445 2346.6957;
	1778.387 1217.0441 1929.9047 603.9 950.2049 1447.9717 1148.6 404.4789 716.0267 6436.7488 2512.6876;
	1828.8911 1265.7542 1972.1 595.7 933.4602 1438.8882 1175.8581 406.4543 724.5686 6359.0139 2504.9506;
	1823.3242 1238.4895 1939.5198 594.6182 922.1978 1392.1413 1147.6 387.7305 698.8694 6244.9387 2417.5791;
	1745.7995 1121.424 1809.8776 588.8 854.1773 1290.4145 1077.5945 355.6163 633.3477 5839.4511 2210.5031;
	1578.8682 1010.0808 1699.032 573.8045 799.2748 1215.6252 998.6399 323.9033 565.9668 5360.1381 1984.6713;
	1556.6229 950.1711 1642.887 576.9063 752.4839 1135.2978 892.1381 293.1127 534.0 4861.5777 1802.3592;
	1492.2 913.7786 1599.8468 586.7 768.9883 1135.7039 873.0983 298.5284 528.2294 4713.2565 1768.4029;
];
