function loadprofile = ex_load_profilesh1
%EX_LOAD_PROFILE  Example load profile data file for stochastic unit commitment.
% 2022.03.12
% Andres F. Ramirez

%% define constants
[CT_LABEL, CT_PROB, CT_TABLE, CT_TBUS, CT_TGEN, CT_TBRCH, CT_TAREABUS, ...
    CT_TAREAGEN, CT_TAREABRCH, CT_ROW, CT_COL, CT_CHGTYPE, CT_REP, ...
    CT_REL, CT_ADD, CT_NEWVAL, CT_TLOAD, CT_TAREALOAD, CT_LOAD_ALL_PQ, ...
    CT_LOAD_FIX_PQ, CT_LOAD_DIS_PQ, CT_LOAD_ALL_P, CT_LOAD_FIX_P, ...
    CT_LOAD_DIS_P, CT_TGENCOST, CT_TAREAGENCOST, CT_MODCOST_F, ...
    CT_MODCOST_X] = idx_ct;

loadprofile = struct( ...
    'type', 'mpcData', ...
    'table', CT_TAREALOAD, ...
    'rows', [1:11], ...
    'col', CT_LOAD_ALL_P, ...
    'chgtype', 1, ...
    'values', [] );
loadprofile.values(:,1,:) = [
	1612.5284 973.0 1683.5 566.1273 912.3456 1213.576 955.6043 309.4858 541.2183 4859.9654 1805.2244;
	1613.5689 984.6 1680.7007 587.1 902.7624 1208.4591 948.4376 302.3261 542.1577 4746.6189 1813.2;
	1583.7919 978.9551 1683.172 577.0703 877.866 1199.8721 938.1 315.9028 541.1 4725.5443 1804.9393;
	1674.1027 1053.5573 1793.1978 581.6488 938.8671 1309.7962 1012.3849 333.9971 584.4844 5017.0335 1949.2749;
	1822.6997 1156.6407 1967.6 597.7282 1050.9836 1451.0706 1110.6923 371.5302 667.9355 5466.0533 2180.9604;
	1973.6617 1224.2 2033.9806 617.3805 1077.0312 1498.4235 1162.8 394.0673 735.4762 6030.8387 2358.989;
	1984.8019 1214.9135 1984.6 591.5929 1070.0497 1493.026 1195.596 381.3455 755.3252 6233.4836 2330.3876;
	1925.789 1191.391 1920.1476 589.5959 1000.1152 1426.636 1173.0811 376.3326 734.6319 6298.1639 2190.9784;
	1894.2 1182.5078 1903.4619 571.1583 977.377 1350.2775 1136.1571 385.9188 736.7221 6504.0663 2280.7141;
	1870.4293 1164.9882 1859.9425 570.1431 958.9122 1318.6155 1117.2456 374.4096 700.4 6428.3363 2343.758;
	1810.8604 1140.7438 1811.6791 564.9136 943.0 1269.3279 1065.6184 353.5452 679.9951 6408.0881 2327.4805;
	1801.0593 1160.7068 1839.9205 559.5471 953.3963 1332.8832 1127.4136 350.7957 690.1868 6513.4994 2337.5618;
	1770.1068 1129.1563 1799.1193 550.7328 932.1743 1332.396 1125.1731 345.7 683.8924 6449.0786 2384.0208;
	1720.1495 1149.4872 1780.4164 542.4 957.9 1352.9206 1146.7174 330.8596 697.4584 6606.5456 2394.8126;
	1734.7565 1164.7975 1788.7815 545.2491 960.2069 1352.8616 1106.3 340.7739 729.4263 6747.3903 2510.923;
	1780.0811 1176.9 1837.5179 540.7053 997.6007 1369.5706 1081.1875 371.044 722.7248 6617.6987 2468.6972;
	1740.7334 1203.2 1892.4277 578.7 1006.8435 1425.7734 1133.4771 419.436 774.4179 6771.4655 2518.1291;
	1831.1726 1245.2 1970.0484 575.653 1079.7 1491.1465 1218.765 433.4843 840.3001 6665.7015 2646.1988;
	1845.5841 1282.0367 2005.7698 579.02 1061.599 1489.6194 1248.4737 460.7872 798.2 6623.5845 2673.7333;
	1763.9231 1203.2692 1870.1665 571.3 1005.9005 1419.3035 1190.8431 447.6654 762.8591 6298.4839 2468.1144;
	1652.7198 1111.8202 1761.9 571.4039 931.7054 1277.5968 1057.4 355.2794 666.0 5671.1029 2209.2759;
	1541.4272 1042.4 1677.3975 577.4 895.1447 1201.1192 993.9 331.5877 596.7546 5260.9562 2011.1296;
	1499.3651 961.2732 1631.7874 574.7 841.9646 1130.4798 884.8436 293.8376 534.0 4732.8072 1809.0525;
	1471.4408 933.1 1611.384 573.2632 825.2064 1122.6 874.648 308.099 521.9 4544.6365 1742.5986;
];
