function loadprofile = ex_load_profilesh1
%EX_LOAD_PROFILE  Example load profile data file for stochastic unit commitment.
% 2022.03.12
% Andres F. Ramirez

%% define constants
[CT_LABEL, CT_PROB, CT_TABLE, CT_TBUS, CT_TGEN, CT_TBRCH, CT_TAREABUS, ...
    CT_TAREAGEN, CT_TAREABRCH, CT_ROW, CT_COL, CT_CHGTYPE, CT_REP, ...
    CT_REL, CT_ADD, CT_NEWVAL, CT_TLOAD, CT_TAREALOAD, CT_LOAD_ALL_PQ, ...
    CT_LOAD_FIX_PQ, CT_LOAD_DIS_PQ, CT_LOAD_ALL_P, CT_LOAD_FIX_P, ...
    CT_LOAD_DIS_P, CT_TGENCOST, CT_TAREAGENCOST, CT_MODCOST_F, ...
    CT_MODCOST_X] = idx_ct;

loadprofile = struct( ...
    'type', 'mpcData', ...
    'table', CT_TAREALOAD, ...
    'rows', [1:11], ...
    'col', CT_LOAD_ALL_P, ...
    'chgtype', 1, ...
    'values', [] );
loadprofile.values(:,1,:) = [
	1521.9324 952.035 1626.3355 587.2838 834.6 1235.359 911.2302 255.1946 592.3305 4771.2231 1796.9859;
	1520.8798 965.4 1624.915 586.1987 849.1082 1227.3948 906.2 266.6657 574.4093 4710.0283 1780.8;
	1539.0501 975.8461 1667.9414 598.4989 837.6514 1236.6067 922.8 273.8 612.1978 4815.7658 1800.8255;
	1589.3096 1047.6814 1751.3116 623.489 889.3825 1314.6552 982.8 273.9517 615.5404 4892.1988 1882.685;
	1720.1908 1159.5495 1948.9073 643.6607 985.6553 1466.3587 1071.7 319.1 723.3303 5411.2593 2129.7471;
	1798.8677 1207.4528 2058.0165 654.7681 1018.6758 1539.2 1127.4 347.6639 758.283 5957.7108 2277.1705;
	1792.4777 1236.0458 2037.6163 652.305 1021.3892 1527.12 1121.064 348.2285 761.0348 6317.5 2298.5801;
	1817.8363 1252.4483 2017.1 643.2298 978.2485 1485.3083 1098.3912 324.1712 729.3601 6430.3 2238.0805;
	1839.6752 1263.3175 1977.7196 616.6828 956.7254 1487.4412 1073.606 306.0234 710.9391 6400.3893 2200.7437;
	1803.5226 1247.3 1943.7774 633.2519 973.6751 1490.6347 1100.9855 301.4849 713.7495 6404.245 2156.8306;
	1834.0507 1244.2468 1915.4609 622.7297 946.1696 1490.1376 1093.4501 316.4079 721.8591 6498.5608 2157.8923;
	1832.3 1204.1849 1886.4297 633.722 912.2485 1404.7096 1005.3787 306.7539 678.0996 6284.8988 2122.4;
	1790.4697 1171.1148 1819.1307 630.9707 907.7883 1356.296 966.9974 300.9729 652.6242 6127.9947 1960.9138;
	1786.8001 1186.8061 1865.9 612.9778 884.0143 1371.5844 980.6781 313.6632 666.9633 6177.3649 2022.6973;
	1772.929 1174.9268 1844.7025 606.7677 887.1971 1397.67 1002.1284 294.3936 683.025 6092.1231 2121.5381;
	1750.0264 1191.2879 1832.5442 609.8 901.0597 1423.6895 993.5727 310.5771 679.3872 5831.7422 2224.365;
	1722.0343 1180.5805 1803.3651 610.9985 913.2549 1462.0264 1041.5234 317.9927 693.8047 5990.0401 2312.5413;
	1789.6 1206.8348 1834.993 601.7799 933.8396 1460.3882 1037.5069 300.9429 726.2732 5814.7265 2412.078;
	1844.2863 1242.0284 1900.6031 615.7999 959.6545 1474.8 1080.9902 313.3781 733.7442 5770.6905 2385.7;
	1782.7052 1185.9893 1865.5222 604.1299 948.6228 1414.5244 1060.186 327.2012 720.7771 5780.1768 2295.7521;
	1689.44 1093.8956 1715.0311 576.5624 873.8522 1280.6889 977.5743 310.7357 673.2552 5510.6747 2099.2991;
	1597.1832 1029.0 1646.8096 577.0 843.6471 1201.1167 909.9362 284.1097 617.9979 5146.8883 1966.3869;
	1530.0741 970.6 1572.109 585.8604 815.8099 1163.885 863.2719 267.7 564.4674 4752.1683 1860.1;
	1477.4571 950.3364 1576.4839 571.3735 779.5872 1120.3339 841.1218 251.9594 555.9427 4479.1191 1781.4587;
];
