function solarprofile = ex_solar_profilesh1
%EX_WIND_PROFILE_D  Example wind_load_nyiso profile data for deterministic unit commitment.
% 2022.03.12
% Andres F. Ramirez


%% define constants
[GEN_BUS, PG, QG, QMAX, QMIN, VG, MBASE, GEN_STATUS, PMAX, PMIN, ...
    MU_PMAX, MU_PMIN, MU_QMAX, MU_QMIN, PC1, PC2, QC1MIN, QC1MAX, ...
    QC2MIN, QC2MAX, RAMP_AGC, RAMP_10, RAMP_30, RAMP_Q, APF] = idx_gen;
[CT_LABEL, CT_PROB, CT_TABLE, CT_TBUS, CT_TGEN, CT_TBRCH, CT_TAREABUS, ...
    CT_TAREAGEN, CT_TAREABRCH, CT_ROW, CT_COL, CT_CHGTYPE, CT_REP, ...
    CT_REL, CT_ADD, CT_NEWVAL, CT_TLOAD, CT_TAREALOAD, CT_LOAD_ALL_PQ, ...
    CT_LOAD_FIX_PQ, CT_LOAD_DIS_PQ, CT_LOAD_ALL_P, CT_LOAD_FIX_P, ...
    CT_LOAD_DIS_P, CT_TGENCOST, CT_TAREAGENCOST, CT_MODCOST_F, ...
    CT_MODCOST_X] = idx_ct;

solarprofile = struct( ...
    'type', 'mpcData', ...
    'table', CT_TGEN, ...
    'rows', [1:12], ...
    'col', PMAX, ...
    'chgtype', 1, ...
    'values', [] );
solarprofile.values(:,1,:) = [
	0.0 0.0 0.0 0.0 0.0 0.0 0.0 0.0 0.0 0.0 0.0 0.0;
	0.0 0.0 0.0 0.0 0.0 0.0 0.0 0.0 0.0 0.0 0.0 0.0;
	0.0 0.0 0.0 0.0 0.0 0.0 0.0 0.0 0.0 0.0 0.0 0.0;
	0.0 0.0 0.0 0.0 0.0 0.0 0.0 0.0 0.0 0.0 0.0 0.0;
	0.0 0.0 0.0 0.0 0.0 0.0 0.0 0.0 0.0 0.0 0.0 0.0;
	0.4731 0.4018 0.4224 0.0 0.0 0.0 0.0 0.2985 0.0 0.0 0.0 0.0;
	10.3127 7.089 4.2389 2.3203 2.1112 68.2047 8.5256 40.5534 159.722 5.2189 2.8467 9.4515;
	23.3346 15.0089 11.8986 5.5627 2.2588 434.7689 54.3461 68.8545 281.5185 9.708 6.8079 17.5813;
	24.5556 16.6083 13.8 7.9991 3.4443 452.7072 56.5884 72.2897 288.5094 23.6062 12.2565 42.751;
	24.1397 16.1547 13.6408 5.7414 3.9509 254.2537 31.7817 55.8313 185.6769 56.3365 16.8085 102.0257;
	25.1373 16.371 13.6876 7.391 6.3148 284.1569 35.5196 59.0786 177.6132 64.7159 14.2266 117.2008;
	25.3156 16.3954 13.769 7.7897 6.7782 326.2224 40.7778 62.7477 185.4309 73.272 13.6531 132.696;
	20.1837 13.903 12.9512 4.5915 4.2558 155.4628 19.4329 37.6634 55.4149 88.6849 20.2131 160.6088;
	18.4958 12.4554 12.6275 2.2719 2.4958 91.2504 11.4063 27.913 30.0745 78.496 20.1167 142.1567;
	9.7571 7.4699 8.293 1.1316 1.5658 32.2679 4.0335 20.9339 11.3394 59.0882 13.8251 107.009;
	2.5127 2.2157 2.2831 0.5797 0.0 1.732 0.2165 6.7725 0.0 9.1845 0.0 16.6331;
	0.4507 0.3877 0.384 0.4199 0.2551 31.5793 3.9474 4.0699 9.1353 3.1953 1.63 5.7868;
	0.0 0.0 0.0 0.0 0.0 0.0 0.0 0.0 0.0 0.0 0.0 0.0;
	0.0 0.0 0.0 0.0 0.0 0.0 0.0 0.0 0.0 0.0 0.0 0.0;
	0.0 0.0 0.0 0.0 0.0 0.0 0.0 0.0 0.0 0.0 0.0 0.0;
	0.0 0.0 0.0 0.0 0.0 0.0 0.0 0.0 0.0 0.0 0.0 0.0;
	0.0 0.0 0.0 0.0 0.0 0.0 0.0 0.0 0.0 0.0 0.0 0.0;
	0.0 0.0 0.0 0.0 0.0 0.0 0.0 0.0 0.0 0.0 0.0 0.0;
	0.0 0.0 0.0 0.0 0.0 0.0 0.0 0.0 0.0 0.0 0.0 0.0;
];
