function loadprofile = ex_load_profilesh1
%EX_LOAD_PROFILE  Example load profile data file for stochastic unit commitment.
% 2022.03.12
% Andres F. Ramirez

%% define constants
[CT_LABEL, CT_PROB, CT_TABLE, CT_TBUS, CT_TGEN, CT_TBRCH, CT_TAREABUS, ...
    CT_TAREAGEN, CT_TAREABRCH, CT_ROW, CT_COL, CT_CHGTYPE, CT_REP, ...
    CT_REL, CT_ADD, CT_NEWVAL, CT_TLOAD, CT_TAREALOAD, CT_LOAD_ALL_PQ, ...
    CT_LOAD_FIX_PQ, CT_LOAD_DIS_PQ, CT_LOAD_ALL_P, CT_LOAD_FIX_P, ...
    CT_LOAD_DIS_P, CT_TGENCOST, CT_TAREAGENCOST, CT_MODCOST_F, ...
    CT_MODCOST_X] = idx_ct;

loadprofile = struct( ...
    'type', 'mpcData', ...
    'table', CT_TAREALOAD, ...
    'rows', [1:11], ...
    'col', CT_LOAD_ALL_P, ...
    'chgtype', 1, ...
    'values', [] );
loadprofile.values(:,1,:) = [
	1602.1551 971.2406 1739.6109 584.0639 852.7 1291.2881 962.7367 303.1448 540.1 4792.5883 1897.3375;
	1610.4717 966.047 1707.0301 599.078 850.1 1286.0638 967.5747 299.9115 540.1548 4762.2684 1898.9272;
	1639.5237 998.1115 1783.0245 602.7 885.0024 1299.9788 977.6656 309.9676 550.3 4764.3712 1951.8732;
	1686.4064 1058.4625 1834.2255 610.4549 922.5731 1362.8448 1011.7 328.8868 575.4983 4973.0018 2060.3864;
	1782.1951 1186.238 2015.3459 627.0152 1040.1097 1520.8482 1119.2025 375.1636 668.0487 5555.0742 2306.9891;
	1892.0372 1281.648 2142.6072 641.7592 1104.5837 1616.7884 1223.5377 415.2408 743.0794 6152.8254 2503.5174;
	1855.6345 1253.0 2121.1585 618.6072 1099.6 1577.2554 1231.1222 385.2016 755.4886 6355.647 2464.1296;
	1832.4317 1247.0 2072.4559 597.8147 1105.5 1574.8547 1269.4289 371.3589 740.8611 6582.4213 2475.237;
	1895.1434 1230.3303 2064.3446 602.6 1092.6722 1530.0266 1228.4904 371.7 740.336 6662.4622 2508.2442;
	1888.6173 1216.9574 2023.6239 615.6704 1038.593 1452.8911 1181.9631 354.7 721.2237 6486.1808 2524.4706;
	1870.3281 1217.1389 2028.8224 613.3862 1059.7 1445.5224 1207.4087 382.7334 716.6026 6518.3703 2585.3392;
	1840.1483 1200.1 2011.4 605.0636 1029.5 1384.554 1186.0723 375.7535 689.2399 6512.6707 2463.3493;
	1852.4678 1219.7226 2025.2236 613.9302 1018.453 1384.6287 1167.2022 383.1498 695.7 6639.6153 2475.6734;
	1776.7401 1222.723 2012.4513 618.17 1012.9 1443.5785 1191.7483 394.2306 699.0475 6613.8431 2542.1555;
	1710.9463 1155.4914 1922.4269 624.0691 972.2411 1389.1708 1111.1919 345.102 689.6 6414.2647 2333.4001;
	1731.1021 1150.2617 1938.4798 620.7 960.5166 1417.8715 1095.8321 342.4184 689.8 6421.5054 2383.3583;
	1756.9 1171.624 1987.893 621.0655 1013.1443 1462.8 1170.908 369.3087 707.4784 6368.5834 2495.2674;
	1795.7809 1204.7523 2043.3557 621.9614 1053.0757 1510.4459 1252.0921 395.1664 783.0337 6437.2876 2711.3367;
	1803.0214 1198.2176 2013.6651 611.7932 1051.4238 1455.1571 1214.2376 387.7845 779.0994 6388.398 2640.5747;
	1737.8 1121.0014 1935.5217 613.6681 976.0968 1389.9 1177.5645 356.9744 730.4382 6119.6436 2538.6984;
	1645.2545 1036.0683 1793.9253 583.1 872.9412 1248.8039 1073.2122 351.5424 662.0804 5846.4138 2370.7047;
	1525.6217 958.7533 1694.5867 580.6293 852.5651 1165.7382 962.5264 321.441 594.1156 5394.0677 2167.159;
	1467.2644 914.0787 1592.801 575.8253 832.3078 1132.2338 921.3176 321.28 545.9359 4950.517 1939.6406;
	1415.4917 902.1802 1578.4 558.3674 816.6 1122.6349 906.9279 306.2 533.4 4796.9 1908.7942;
];
