function windprofile = ex_wind_profilesh1
%EX_WIND_PROFILE_D  Example wind_load_nyiso profile data for deterministic unit commitment.
% 2022.03.12
% Andres F. Ramirez


%% define constants
[GEN_BUS, PG, QG, QMAX, QMIN, VG, MBASE, GEN_STATUS, PMAX, PMIN, ...
    MU_PMAX, MU_PMIN, MU_QMAX, MU_QMIN, PC1, PC2, QC1MIN, QC1MAX, ...
    QC2MIN, QC2MAX, RAMP_AGC, RAMP_10, RAMP_30, RAMP_Q, APF] = idx_gen;
[CT_LABEL, CT_PROB, CT_TABLE, CT_TBUS, CT_TGEN, CT_TBRCH, CT_TAREABUS, ...
    CT_TAREAGEN, CT_TAREABRCH, CT_ROW, CT_COL, CT_CHGTYPE, CT_REP, ...
    CT_REL, CT_ADD, CT_NEWVAL, CT_TLOAD, CT_TAREALOAD, CT_LOAD_ALL_PQ, ...
    CT_LOAD_FIX_PQ, CT_LOAD_DIS_PQ, CT_LOAD_ALL_P, CT_LOAD_FIX_P, ...
    CT_LOAD_DIS_P, CT_TGENCOST, CT_TAREAGENCOST, CT_MODCOST_F, ...
    CT_MODCOST_X] = idx_ct;

windprofile = struct( ...
    'type', 'mpcData', ...
    'table', CT_TGEN, ...
    'rows', [1:45], ...
    'col', PMAX, ...
    'chgtype', 1, ...
    'values', [] );
windprofile.values(:,1,:) = [
	0.4012 5.4207 40.2154 38.0527 7.0174 0.0 12.1987 0.1217 1.2405 5.8938 10.8945 16.2525 24.4681 17.0494 106.6544 40.1814 49.8548 52.8312 64.6559 59.1648 4.0662 0.0 44.887 61.5146 4.701 23.7555 0.0 192.2395 336.1247 336.1247 224.9838 44.137 215.5195 152.2903 53.4522 143.4132 407.6765 90.347 250.6384 12.592 58.8914 0.0 0.0 54.11 411.9231;
	0.0242 0.3265 21.8374 25.9311 4.4282 0.0 1.7636 3.8229 0.0 0.0 0.0 0.0 0.0 8.3384 89.479 33.7107 41.8262 44.3233 63.6134 61.1356 0.5879 0.0 2.5492 57.1716 5.3693 39.4975 0.4872 87.0613 223.7139 223.7139 154.566 31.0054 212.0447 157.3632 26.1419 95.4513 304.0853 93.3977 43.3619 14.382 61.2839 0.0 0.0 3.1807 307.2529;
	0.0 0.0 41.6658 46.2708 4.5802 0.0 3.1031 5.0552 0.0044 8.1657 15.0942 22.5176 33.9002 4.155 75.0805 28.2861 35.0958 37.191 60.1659 58.5077 1.0344 0.0 3.3468 68.3413 25.0066 48.7122 0.9213 82.2145 9.4824 9.4824 0.7004 17.1001 200.5531 150.5989 13.0263 4.0458 172.6215 3.7449 152.6219 66.9819 61.2821 0.0 0.0 81.5938 174.4197;
	0.2718 3.6729 60.9067 59.2508 7.6236 0.0169 0.7404 10.4529 0.2412 13.0856 24.1885 36.0845 54.3251 0.4207 80.5455 30.3451 37.6504 39.8981 43.7496 51.0795 0.2468 0.0394 26.9602 77.6404 50.8189 62.5367 5.781 32.4337 2.203 2.203 1.5668 20.8795 145.8319 131.4788 1.319 0.9399 23.3844 4.5658 114.4502 136.1219 66.7886 0.1873 0.0 127.4187 23.628;
	0.3835 5.1817 70.2392 57.5161 9.7703 0.0404 1.3328 10.4964 0.9106 14.5529 26.9009 40.1309 60.4168 3.8141 116.4967 43.8894 54.4554 57.7065 59.366 61.8091 0.4443 0.0942 42.7864 75.7017 60.7022 63.1632 6.7396 46.3766 4.443 4.443 4.9059 11.8876 197.8866 159.0968 11.9577 1.8957 51.5435 13.0742 184.2193 162.5951 64.3022 0.4479 1.5041 134.684 52.0804;
	0.1486 2.0083 71.3536 43.2808 8.9725 2.2186 0.1771 9.0881 0.0061 7.141 13.2001 19.692 29.6462 1.6094 141.5972 53.3459 66.1885 70.14 81.0527 64.953 0.059 5.1767 28.4418 72.1798 45.7293 67.6646 6.136 25.4683 0.0066 0.0066 1.5362 8.3904 270.1755 167.1893 5.0457 0.0028 15.7297 6.4439 81.9065 122.4891 46.3659 24.6115 17.3016 138.5003 15.8936;
	0.4026 5.4405 55.807 35.6366 8.5095 2.2518 3.8706 6.4555 2.0137 5.6681 10.4773 15.6301 23.5311 4.9964 110.6154 41.6737 51.7063 54.7932 63.5351 64.7748 1.2902 5.2542 20.1635 52.4183 30.2893 61.9259 3.1393 64.3978 6.8417 6.8417 7.5709 3.3696 211.7838 166.7306 15.6643 2.9191 39.094 14.3029 194.8398 81.132 28.8379 24.9798 30.1326 139.0394 39.5012;
	0.5061 6.8391 34.0554 23.3942 3.2987 2.7863 4.1351 6.5394 1.099 2.226 4.1147 6.1383 9.2412 0.2527 49.6744 18.7146 23.2199 24.6062 17.0373 41.24 1.3784 6.5014 10.8876 33.6369 29.7545 62.6833 4.0919 13.4837 0.1605 0.1605 8.2843 2.5907 56.7909 106.1519 0.7923 0.0685 30.5827 14.6931 4.9847 79.6996 12.116 30.9097 0.8671 108.4152 30.9012;
	0.5241 7.0815 27.6665 19.8797 2.1237 0.1222 0.7434 5.4524 0.0 0.1839 0.34 0.5072 0.7637 0.8158 9.8364 3.7058 4.598 4.8725 12.4214 15.8503 0.2478 0.285 5.4439 36.0775 27.1268 51.3062 3.9262 0.7386 0.0 0.0 13.3811 5.8461 41.4045 40.7987 2.5575 0.0 7.9064 10.0717 11.8032 72.6611 33.9283 1.3552 0.0 85.1275 7.9887;
	0.4672 6.3134 30.9935 21.8766 6.7343 0.2108 1.7712 4.4355 0.0 3.3918 6.2697 9.3531 14.0811 2.1862 6.4163 2.4173 2.9993 3.1783 1.7353 11.4949 0.5904 0.4919 11.1516 35.4881 30.8267 45.4351 2.7932 31.0623 31.841 31.841 49.4214 9.4673 5.7845 29.5879 6.8539 13.5855 19.8474 3.6929 12.7563 82.5714 10.2659 2.3384 44.6775 98.711 20.0541;
	0.8277 11.1846 45.2881 7.9814 10.9414 0.6613 3.417 2.9801 0.3039 3.7549 6.9408 10.3543 15.5884 7.9861 21.3443 8.0413 9.9772 10.5729 64.0764 11.2108 1.139 1.5431 32.8 40.8289 46.4301 48.1459 0.9325 83.0038 80.4467 80.4467 117.8099 13.0748 213.5879 28.8566 25.0376 34.3239 87.0532 15.0548 75.0616 124.3663 8.7396 7.3365 10.5336 107.0179 87.96;
	1.4014 18.9361 58.3742 0.0401 12.8435 1.1665 9.7704 0.0 1.9082 7.8851 14.5755 21.7438 32.7352 29.1293 3.5068 1.3212 1.6392 1.7371 47.4892 9.1309 3.2568 2.7218 56.9266 46.1135 0.0651 48.3139 0.0 168.1221 121.4219 121.4219 269.2917 10.6271 158.2974 23.5029 91.3244 51.8067 147.5743 25.2634 308.0358 0.1743 1.6207 12.9403 20.5708 124.3738 149.1115;
	1.5571 21.0392 78.8047 1.0538 13.1149 0.0 9.3617 0.0 2.0354 23.5699 43.5686 64.9958 97.8509 33.7223 0.9049 0.3409 0.423 0.4482 72.2261 6.8933 3.1206 0.0 36.3909 60.2963 66.0785 49.4305 0.0242 259.4714 188.5613 188.5613 293.8542 11.3758 240.7536 17.7434 105.7239 80.4528 221.7066 51.4879 188.9546 176.996 0.6382 0.0 108.3514 167.7343 224.0161;
	1.6241 21.9452 0.0 0.0 12.9829 17.5118 9.2126 0.0 2.5531 0.0002 0.0003 0.0005 0.0008 15.62 0.0 0.0 0.0 0.0 47.136 1.3323 3.0709 40.8609 43.3638 0.0 4.3799 29.8001 0.0315 224.7271 228.3198 228.3198 178.0346 16.4913 157.1201 3.4294 48.9709 97.4165 218.6946 62.8804 85.7851 11.732 0.0501 194.2646 82.7545 128.7979 220.9726;
	1.584 21.4029 0.0 0.0 6.7387 0.0 9.0005 0.0 0.7747 0.0 0.0 0.0 0.0 12.5776 0.0 0.0 0.0 0.0 40.4234 0.0 3.0002 0.0 22.0056 0.0 0.0 0.0 0.0 326.1436 280.0108 280.0108 112.6022 10.1403 134.7448 0.0 39.4324 119.4713 294.5897 39.2557 102.6387 0.0 0.1053 0.0 73.8204 46.0645 297.6584;
	2.9673 40.0952 82.182 8.4992 13.2385 0.0623 23.305 0.0 20.9091 0.056 0.1035 0.1544 0.2324 37.9587 10.6 3.9935 4.9549 5.2507 81.6637 0.7422 7.7683 0.1453 43.3186 0.6637 2.0833 0.0 0.0003 446.2287 309.3313 309.3313 203.9683 14.5517 272.2122 1.9105 119.0058 131.9813 363.7714 44.3165 433.466 5.5804 7.6411 0.6907 1.3156 152.6152 367.5607;
	3.2769 44.2777 1.4907 19.6305 13.9414 0.0554 18.1828 0.312 20.9849 0.6159 1.1384 1.6983 2.5567 10.9697 28.2056 10.6263 13.1845 13.9716 72.8552 4.9318 6.0609 0.1294 7.4858 11.9514 7.9128 0.0 1.4459 415.0344 387.4305 387.4305 212.4872 26.0564 242.8507 12.6944 34.3915 165.3037 495.0164 70.1752 283.5166 21.195 13.953 0.615 124.7367 201.5788 500.1728;
	2.597 35.0917 0.0 3.3776 13.6673 18.171 6.318 0.0 4.8026 0.3699 0.6838 1.0201 1.5358 5.9562 8.483 3.1959 3.9653 4.202 36.3408 2.5052 2.106 42.3989 15.456 0.0 0.0 0.0 0.0585 591.0265 501.4037 501.4037 350.8997 32.8468 121.1359 6.4483 18.6736 213.9322 604.9755 92.5782 207.1254 0.0 9.2908 201.5766 109.346 166.2864 611.2773;
	2.3258 31.426 77.2005 0.2641 13.4435 23.0909 0.0 0.0 0.0 6.7814 12.5353 18.7002 28.153 7.9147 0.017 0.0064 0.008 0.0084 5.0256 39.1922 0.0 53.8789 30.0527 0.038 0.0 49.0515 0.0 783.9216 444.7366 444.7366 356.685 43.1543 16.7519 100.8808 24.8137 189.7543 635.1984 77.8792 66.7711 0.0 0.0058 256.1555 101.4803 154.9396 641.8151;
	2.4057 32.5068 2.0749 6.1941 13.9272 0.1015 17.4482 0.0096 25.4497 19.9311 36.8423 54.9614 82.7441 14.4696 7.5906 2.8597 3.5482 3.76 19.3961 19.7805 5.8161 0.2368 61.3057 8.2267 0.0 49.6592 0.0771 808.908 466.8879 466.8879 358.1892 44.6663 64.6538 50.9151 45.3642 199.2055 596.1403 84.1201 28.4955 0.0 0.4779 1.1259 105.7268 173.2275 602.3501;
	2.6387 35.6545 83.6312 0.0 13.4526 1.9279 0.0257 0.2344 25.1203 21.3898 39.5388 58.9841 88.8002 10.0409 25.5351 9.6202 11.9362 12.6488 62.8076 34.5504 0.0086 4.4985 72.4977 82.0473 0.0 59.4972 0.3164 657.7889 404.6268 404.6268 252.7211 55.5043 209.3586 88.9328 31.4797 172.6407 566.9628 79.2988 43.3615 0.0 2.7005 21.3873 105.4147 157.0654 572.8687;
