function solarprofile = ex_solar_profilesh1
%EX_WIND_PROFILE_D  Example wind_load_nyiso profile data for deterministic unit commitment.
% 2022.03.12
% Andres F. Ramirez


%% define constants
[GEN_BUS, PG, QG, QMAX, QMIN, VG, MBASE, GEN_STATUS, PMAX, PMIN, ...
    MU_PMAX, MU_PMIN, MU_QMAX, MU_QMIN, PC1, PC2, QC1MIN, QC1MAX, ...
    QC2MIN, QC2MAX, RAMP_AGC, RAMP_10, RAMP_30, RAMP_Q, APF] = idx_gen;
[CT_LABEL, CT_PROB, CT_TABLE, CT_TBUS, CT_TGEN, CT_TBRCH, CT_TAREABUS, ...
    CT_TAREAGEN, CT_TAREABRCH, CT_ROW, CT_COL, CT_CHGTYPE, CT_REP, ...
    CT_REL, CT_ADD, CT_NEWVAL, CT_TLOAD, CT_TAREALOAD, CT_LOAD_ALL_PQ, ...
    CT_LOAD_FIX_PQ, CT_LOAD_DIS_PQ, CT_LOAD_ALL_P, CT_LOAD_FIX_P, ...
    CT_LOAD_DIS_P, CT_TGENCOST, CT_TAREAGENCOST, CT_MODCOST_F, ...
    CT_MODCOST_X] = idx_ct;

solarprofile = struct( ...
    'type', 'mpcData', ...
    'table', CT_TGEN, ...
    'rows', [1:12], ...
    'col', PMAX, ...
    'chgtype', 1, ...
    'values', [] );
solarprofile.values(:,1,:) = [
	0.0 0.0 0.0 0.0 0.0 0.0 0.0 0.0 0.0 0.0 0.0 0.0;
	0.0 0.0 0.0 0.0 0.0 0.0 0.0 0.0 0.0 0.0 0.0 0.0;
	0.0 0.0 0.0 0.0 0.0 0.0 0.0 0.0 0.0 0.0 0.0 0.0;
	0.0 0.0 0.0 0.0 0.0 0.0 0.0 0.0 0.0 0.0 0.0 0.0;
	0.0 0.0 0.0 0.0 0.0 0.0 0.0 0.0 0.0 0.0 0.0 0.0;
	0.5709 0.5032 0.5001 0.0 0.0 0.0 0.0 0.2 0.0 0.0 0.0 0.0;
	9.037 10.7916 8.7024 1.3664 8.2779 251.0211 31.3776 48.3681 186.1095 13.7264 10.5379 24.8586;
	16.3814 13.6543 10.9063 6.6717 9.3561 418.7381 52.3423 72.5837 254.5817 34.4508 58.6978 62.3907;
	21.8943 16.5977 13.571 9.7454 8.5991 427.8229 53.4779 73.9842 256.3041 71.3215 136.582 129.1636;
	23.9261 16.1547 13.6396 7.1624 5.6057 112.893 14.1116 39.896 112.5273 192.4197 225.1994 348.4732;
	24.916 16.371 13.7627 7.4775 7.7292 213.4798 26.685 46.5193 168.4074 195.1129 156.3964 353.3506;
	23.7898 16.3954 13.769 7.5469 8.8078 264.6733 33.0842 54.4848 185.1075 146.9132 79.1485 266.0607;
	5.4947 5.6616 6.411 6.0335 7.519 49.9517 6.244 22.665 43.81 93.2331 50.9623 168.8457;
	2.6171 1.8472 2.5651 4.6878 5.6963 28.1474 3.5184 16.9425 27.8714 77.5239 44.7244 140.3963;
	1.5519 0.8579 0.8986 3.1052 4.306 17.8221 2.2278 12.439 25.3671 54.7553 33.2824 99.1622;
	0.0 0.0 0.2212 0.8438 0.9309 13.7755 1.7219 5.8392 22.9045 9.0284 3.435 16.3505;
	0.3545 0.3047 0.2871 0.3459 0.5619 22.4997 2.8125 5.6865 15.6385 3.2141 0.168 5.8208;
	0.0 0.0 0.0 0.0 0.0 0.0 0.0 0.0 0.0 0.0 0.0 0.0;
	0.0 0.0 0.0 0.0 0.0 0.0 0.0 0.0 0.0 0.0 0.0 0.0;
	0.0 0.0 0.0 0.0 0.0 0.0 0.0 0.0 0.0 0.0 0.0 0.0;
	0.0 0.0 0.0 0.0 0.0 0.0 0.0 0.0 0.0 0.0 0.0 0.0;
	0.0 0.0 0.0 0.0 0.0 0.0 0.0 0.0 0.0 0.0 0.0 0.0;
	0.0 0.0 0.0 0.0 0.0 0.0 0.0 0.0 0.0 0.0 0.0 0.0;
	0.0 0.0 0.0 0.0 0.0 0.0 0.0 0.0 0.0 0.0 0.0 0.0;
];
