function windprofile = ex_wind_profilesh1
%EX_WIND_PROFILE_D  Example wind_load_nyiso profile data for deterministic unit commitment.
% 2022.03.12
% Andres F. Ramirez


%% define constants
[GEN_BUS, PG, QG, QMAX, QMIN, VG, MBASE, GEN_STATUS, PMAX, PMIN, ...
    MU_PMAX, MU_PMIN, MU_QMAX, MU_QMIN, PC1, PC2, QC1MIN, QC1MAX, ...
    QC2MIN, QC2MAX, RAMP_AGC, RAMP_10, RAMP_30, RAMP_Q, APF] = idx_gen;
[CT_LABEL, CT_PROB, CT_TABLE, CT_TBUS, CT_TGEN, CT_TBRCH, CT_TAREABUS, ...
    CT_TAREAGEN, CT_TAREABRCH, CT_ROW, CT_COL, CT_CHGTYPE, CT_REP, ...
    CT_REL, CT_ADD, CT_NEWVAL, CT_TLOAD, CT_TAREALOAD, CT_LOAD_ALL_PQ, ...
    CT_LOAD_FIX_PQ, CT_LOAD_DIS_PQ, CT_LOAD_ALL_P, CT_LOAD_FIX_P, ...
    CT_LOAD_DIS_P, CT_TGENCOST, CT_TAREAGENCOST, CT_MODCOST_F, ...
    CT_MODCOST_X] = idx_ct;

windprofile = struct( ...
    'type', 'mpcData', ...
    'table', CT_TGEN, ...
    'rows', [1:45], ...
    'col', PMAX, ...
    'chgtype', 1, ...
    'values', [] );
windprofile.values(:,1,:) = [
	0.6179 8.349 53.5805 52.6231 7.4254 0.0 0.0 6.7105 0.0 15.0394 27.8001 41.4722 62.4362 0.0 134.9161 50.8289 63.0654 66.8305 75.5647 66.8928 0.0 0.0 65.0022 68.0486 43.3701 43.311 4.18 174.0701 276.8852 276.8852 134.6461 43.7493 251.8822 172.1821 0.0 118.1377 367.3505 74.9246 0.0 116.17 53.253 0.0 0.0285 61.6862 371.1771;
	0.2942 3.9752 47.044 33.6336 6.657 0.0345 0.0 7.1525 0.0 10.643 19.6735 29.349 44.1847 0.0 111.7073 42.0851 52.2167 55.3341 69.0244 65.263 0.0 0.0806 28.2616 62.9712 39.9145 41.1189 5.3495 78.3038 195.178 195.178 85.1354 28.5899 230.0814 167.9873 0.0 83.276 280.4673 80.4343 0.127 106.9138 70.9154 0.3832 0.0 71.8771 283.3889;
	0.1502 2.0289 42.6286 25.6773 5.6318 0.0184 0.0 5.1792 0.0 9.5928 17.7322 26.4529 39.8248 0.0 67.7511 25.5248 31.6697 33.5604 60.081 63.2478 0.0 0.0428 23.8601 57.753 35.9283 42.9648 4.4078 5.6435 0.1038 0.1038 0.1053 17.3512 200.2701 162.8 0.0 0.0443 161.8829 1.7278 0.1155 96.2365 66.8878 0.2037 0.1478 0.0 163.5692;
	0.0 0.0 25.5187 11.1175 7.5068 0.0 0.0 9.1729 0.0 12.6728 23.4255 34.9462 52.6113 0.0 78.6995 29.6496 36.7875 38.9837 41.262 61.5052 0.0 0.0 38.9526 69.5289 42.9909 60.1531 5.8171 0.0 0.0197 0.0197 1.3397 20.9289 137.5398 158.3147 0.0 0.0084 0.6606 1.9507 0.0 115.1541 62.9485 0.0 0.0 30.0362 0.6675;
	0.0243 0.3282 66.9345 59.7568 9.124 0.0 0.0 11.2862 0.0 14.0771 26.0213 38.8187 58.4414 0.0 111.7319 42.0943 52.2281 55.3462 50.9619 59.0948 0.0 0.0 43.1124 77.0142 69.4502 66.8175 7.7417 0.0 0.0 0.0 0.0 9.6616 169.8731 152.1102 0.0 0.0 0.0 0.2054 0.0 186.0274 63.7793 0.0 0.0 124.9497 0.0;
	0.2689 3.6335 71.0888 34.0932 9.491 2.4099 0.0 9.8793 0.0 7.6096 14.0663 20.9841 31.5915 0.0091 138.0246 52.0 64.5185 68.3703 76.0606 67.1104 0.0 5.623 24.5079 78.1976 50.3149 67.6365 7.0149 0.0 0.0 0.0 0.0 11.5904 253.5353 172.7424 0.0284 0.0 0.0 0.4059 0.0 134.772 48.2188 26.7335 9.0665 124.5547 0.0;
	0.3832 5.1778 46.4452 0.0 8.8043 2.1284 2.9282 0.517 1.682 7.2692 13.4369 20.0452 30.178 0.0 110.3571 41.5764 51.5856 54.6653 52.8079 67.6507 0.9761 4.9664 22.4792 47.5351 23.7021 59.8614 1.9792 0.0 1.4701 1.4701 0.0 0.4777 176.0262 174.133 0.0 0.6272 0.0 0.0345 0.147 63.4877 22.9854 23.6116 25.4368 126.9712 0.0;
	0.4342 5.8674 30.6376 22.9142 2.8974 2.2367 4.3101 3.4706 1.9382 5.7568 10.6413 15.8748 23.8994 0.686 43.1815 16.2684 20.1848 21.3899 7.6149 44.1566 1.4367 5.2189 12.8583 35.3879 30.1422 58.6881 4.0273 0.0 8.079 8.079 0.0 0.1082 25.3831 113.6592 2.1508 3.447 5.319 0.3732 0.6728 80.7381 7.853 24.8123 0.0 95.9859 5.3744;
	0.5357 7.2389 19.3646 18.9392 3.1374 0.0 1.6351 3.8069 0.9001 11.1151 20.5462 30.6509 46.1447 3.7301 1.086 0.4092 0.5077 0.538 0.0 13.3586 0.545 0.0 6.3458 27.431 25.0112 52.0537 3.591 3.6379 17.7063 17.7063 0.0913 8.0706 0.0 34.3851 11.6944 7.5547 13.3689 4.3422 19.7292 66.9943 2.4479 0.0 0.0008 80.5617 13.5082;
	0.5533 7.4768 23.4333 23.2882 6.2894 0.0 1.3012 3.7834 0.0 0.4481 0.8283 1.2356 1.8602 2.585 0.1092 0.0411 0.0511 0.0541 0.0 7.5883 0.4337 0.0 6.8188 30.3339 27.0533 48.1142 3.0147 27.7561 26.4624 26.4624 0.0 1.7254 0.0 19.5323 8.1045 11.2906 7.8396 0.275 0.0978 72.4643 4.5365 0.0 39.3006 91.9969 7.9212;
	0.8804 11.8957 41.7225 7.912 11.2376 1.5222 0.299 3.6379 0.5117 3.5 6.4697 9.6515 14.5303 0.6409 0.0 0.0 0.0 0.0 0.0 9.314 0.0997 3.5518 27.938 42.3384 47.0968 54.3772 1.2894 115.0544 66.6712 66.6712 8.453 7.7483 0.0 23.9742 2.0092 28.4464 57.9326 8.4098 2.1892 126.152 15.6774 16.8864 28.8578 99.0036 58.536;
	1.6308 22.035 61.4935 9.7603 13.7132 1.1418 0.002 0.0795 0.0601 0.4415 0.8161 1.2175 1.8329 0.0011 0.0 0.0 0.0 0.0 0.0014 7.7384 0.0007 2.6641 28.991 55.1906 5.2361 53.0853 0.0546 142.7713 96.7549 96.7549 7.4339 2.2192 0.0048 19.9187 0.0034 41.2821 109.618 3.2637 12.131 14.0252 6.212 12.666 27.3092 127.099 110.7599;
	2.322 31.3752 79.9108 2.2695 14.0627 0.6565 3.7207 0.0021 2.9221 24.7877 45.8196 68.3539 102.9064 6.4837 0.3965 0.1494 0.1853 0.1964 2.2101 8.1989 1.2402 1.5318 33.2655 63.8636 66.4055 57.202 0.0 182.656 165.4669 165.4669 3.8597 3.0558 7.367 21.104 20.3272 70.5992 155.9463 1.9744 119.2153 177.8718 1.2148 7.2828 119.6692 168.7359 157.5707;
	1.7755 23.9908 1.0205 1.8003 13.6266 19.4915 4.6526 0.1002 0.0978 1.4738 2.7243 4.0642 6.1186 1.8639 8.9036 3.3544 4.1619 4.4104 13.7518 7.7898 1.5509 45.4801 44.1508 2.292 2.3695 36.2262 0.0 164.0491 194.8495 194.8495 0.9848 4.9389 45.8393 20.051 5.8437 83.1358 164.5062 12.8557 19.293 6.347 4.7229 216.2252 84.4359 135.2363 166.2198;
	2.0541 27.756 0.9927 3.5115 9.6327 2.6732 1.9586 0.0572 0.0 0.0814 0.1505 0.2245 0.338 0.0 21.2875 8.0199 9.9507 10.5447 7.7926 0.7697 0.6529 6.2375 20.6418 0.6776 4.8456 57.5691 0.017 250.7926 238.3122 238.3122 82.209 7.461 25.9752 1.9813 0.0 101.6799 229.4461 34.5812 0.0 12.9794 5.6346 29.6548 86.4976 110.2497 231.8361;
	2.5235 34.0979 80.8875 0.0 13.6534 0.1286 0.4019 0.0 0.0 0.0 0.0 0.0 0.0 0.0 1.0271 0.3869 0.4801 0.5088 0.1063 0.0026 0.134 0.3 29.8096 0.0 0.0 0.5135 0.0 372.2286 260.613 260.613 152.4253 12.3072 0.3542 0.0068 0.0 111.1949 293.7506 41.8001 0.5265 0.0 1.0164 1.4262 0.7108 164.0656 296.8105;
	2.742 37.0504 0.0766 0.0 13.8136 0.0 0.4242 0.0847 0.0 0.0 0.0 0.0 0.0 0.007 0.5758 0.2169 0.2692 0.2852 1.2323 0.0431 0.1414 0.0 0.0 0.0 3.709 4.646 0.6761 358.0931 324.3118 324.3118 172.0573 23.7012 4.1076 0.1108 0.0221 138.373 430.9808 76.8904 5.1042 9.9348 3.1846 0.0 130.8003 201.5006 435.4702;
	2.5809 34.8734 4.6263 0.0097 14.0637 18.454 0.054 0.0002 0.0 0.1163 0.2149 0.3206 0.4827 0.8153 0.09 0.0339 0.0421 0.0446 2.4467 0.7884 0.018 43.0593 13.3812 0.7197 5.9688 9.0444 0.1356 571.9538 447.1682 447.1682 319.4972 32.1563 8.1557 2.0294 2.556 190.7918 549.5851 102.3799 30.1921 15.9879 44.4682 204.7164 105.2699 212.5783 555.3099;
	2.6177 35.3715 84.9742 2.7777 13.969 23.6325 0.0 0.0223 0.0 7.2743 13.4465 20.0595 30.1994 5.6298 0.0 0.0 0.0 0.0 0.0 32.8219 0.0 55.1425 28.3271 5.1899 17.779 66.8877 0.0952 754.3102 409.8459 409.8459 337.443 43.7585 0.0 84.4836 17.6501 174.8676 581.2022 77.7443 10.2786 47.6224 36.1515 262.1631 102.0622 198.1445 587.2564;
	2.5778 34.8323 3.7533 0.3333 14.0148 0.0999 16.8217 0.0 25.5605 18.339 33.8994 50.5712 76.1346 3.3114 0.0 0.0 0.0 0.0 0.0058 14.9995 5.6072 0.2331 57.0211 0.398 2.0991 55.0712 0.0074 742.3708 410.0294 410.0294 313.141 41.7895 0.0192 38.6087 10.3816 174.9459 548.7732 74.2967 0.0 5.6227 10.2658 1.1083 101.5631 168.7269 554.4896;
	3.0001 40.5378 87.5265 8.6685 13.9467 0.1676 0.0113 0.0 25.9211 21.2453 39.2717 58.5857 88.2004 7.2513 17.7817 6.6991 8.3119 8.8081 0.2462 26.1463 0.0038 0.3912 70.4721 81.5621 3.0107 58.5421 0.0001 638.4382 360.1216 360.1216 241.7535 48.8808 0.8207 67.3007 22.7338 153.6519 542.8952 72.7543 0.1695 8.0643 8.9269 1.8597 98.9696 172.1583 548.5503;
