function solarprofile = ex_solar_profilesh1
%EX_WIND_PROFILE_D  Example wind_load_nyiso profile data for deterministic unit commitment.
% 2022.03.12
% Andres F. Ramirez


%% define constants
[GEN_BUS, PG, QG, QMAX, QMIN, VG, MBASE, GEN_STATUS, PMAX, PMIN, ...
    MU_PMAX, MU_PMIN, MU_QMAX, MU_QMIN, PC1, PC2, QC1MIN, QC1MAX, ...
    QC2MIN, QC2MAX, RAMP_AGC, RAMP_10, RAMP_30, RAMP_Q, APF] = idx_gen;
[CT_LABEL, CT_PROB, CT_TABLE, CT_TBUS, CT_TGEN, CT_TBRCH, CT_TAREABUS, ...
    CT_TAREAGEN, CT_TAREABRCH, CT_ROW, CT_COL, CT_CHGTYPE, CT_REP, ...
    CT_REL, CT_ADD, CT_NEWVAL, CT_TLOAD, CT_TAREALOAD, CT_LOAD_ALL_PQ, ...
    CT_LOAD_FIX_PQ, CT_LOAD_DIS_PQ, CT_LOAD_ALL_P, CT_LOAD_FIX_P, ...
    CT_LOAD_DIS_P, CT_TGENCOST, CT_TAREAGENCOST, CT_MODCOST_F, ...
    CT_MODCOST_X] = idx_ct;

solarprofile = struct( ...
    'type', 'mpcData', ...
    'table', CT_TGEN, ...
    'rows', [1:12], ...
    'col', PMAX, ...
    'chgtype', 1, ...
    'values', [] );
solarprofile.values(:,1,:) = [
	0.0 0.0 0.0 0.0 0.0 0.0 0.0 0.0 0.0 0.0 0.0 0.0;
	0.0 0.0 0.0 0.0 0.0 0.0 0.0 0.0 0.0 0.0 0.0 0.0;
	0.0 0.0 0.0 0.0 0.0 0.0 0.0 0.0 0.0 0.0 0.0 0.0;
	0.0 0.0 0.0 0.0 0.0 0.0 0.0 0.0 0.0 0.0 0.0 0.0;
	0.0 0.0 0.0 0.0 0.0 0.0 0.0 0.0 0.0 0.0 0.0 0.0;
	0.4731 0.4018 0.4224 0.0 0.0 0.0 0.0 0.2 0.0 0.0 0.0 0.0;
	8.6565 4.1874 2.7457 3.149 4.3285 53.2077 6.651 17.6294 103.8715 43.486 4.6582 78.7534;
	17.4259 9.4841 8.6309 7.1297 5.25 129.0749 16.1344 62.625 172.8731 47.1431 15.6725 85.3764;
	22.4179 15.9172 13.7674 9.9954 5.1723 224.8967 28.1121 66.2875 142.1681 64.3139 32.7547 116.4728;
	23.7058 16.1373 13.6141 9.3123 1.6072 68.526 8.5658 19.0744 39.0873 100.9638 55.4694 182.846;
	24.3433 16.2903 13.6967 8.868 2.0048 84.3015 10.5377 34.5527 120.8795 120.9695 56.2385 219.0765;
	23.1167 16.0333 13.5592 7.778 2.2105 85.234 10.6543 45.0337 171.5774 117.7239 56.3143 213.1987;
	9.346 7.8103 5.744 5.5215 1.8406 20.1086 2.5136 10.2506 53.8309 115.9175 49.6522 209.9273;
	7.4285 6.7471 3.9998 4.5564 1.4462 12.0192 1.5024 7.059 27.3763 94.9614 43.5364 171.9757;
	5.5664 6.4101 3.8445 3.8282 1.4521 16.7489 2.0936 4.8028 11.6287 66.81 33.857 120.9934;
	2.116 2.4378 2.3768 2.6953 0.3223 12.6864 1.5858 2.8822 0.0 13.7961 7.8177 24.9848;
	0.3729 0.3279 0.5033 1.1413 0.3696 12.4195 1.5524 3.8456 3.0019 5.1658 4.3136 9.3552;
	0.0 0.0 0.0 0.0 0.0 0.0 0.0 0.0 0.0 0.0 0.0 0.0;
	0.0 0.0 0.0 0.0 0.0 0.0 0.0 0.0 0.0 0.0 0.0 0.0;
	0.0 0.0 0.0 0.0 0.0 0.0 0.0 0.0 0.0 0.0 0.0 0.0;
	0.0 0.0 0.0 0.0 0.0 0.0 0.0 0.0 0.0 0.0 0.0 0.0;
	0.0 0.0 0.0 0.0 0.0 0.0 0.0 0.0 0.0 0.0 0.0 0.0;
	0.0 0.0 0.0 0.0 0.0 0.0 0.0 0.0 0.0 0.0 0.0 0.0;
	0.0 0.0 0.0 0.0 0.0 0.0 0.0 0.0 0.0 0.0 0.0 0.0;
];
