function loadprofile = ex_load_profilesh1
%EX_LOAD_PROFILE  Example load profile data file for stochastic unit commitment.
% 2022.03.12
% Andres F. Ramirez

%% define constants
[CT_LABEL, CT_PROB, CT_TABLE, CT_TBUS, CT_TGEN, CT_TBRCH, CT_TAREABUS, ...
    CT_TAREAGEN, CT_TAREABRCH, CT_ROW, CT_COL, CT_CHGTYPE, CT_REP, ...
    CT_REL, CT_ADD, CT_NEWVAL, CT_TLOAD, CT_TAREALOAD, CT_LOAD_ALL_PQ, ...
    CT_LOAD_FIX_PQ, CT_LOAD_DIS_PQ, CT_LOAD_ALL_P, CT_LOAD_FIX_P, ...
    CT_LOAD_DIS_P, CT_TGENCOST, CT_TAREAGENCOST, CT_MODCOST_F, ...
    CT_MODCOST_X] = idx_ct;

loadprofile = struct( ...
    'type', 'mpcData', ...
    'table', CT_TAREALOAD, ...
    'rows', [1:11], ...
    'col', CT_LOAD_ALL_P, ...
    'chgtype', 1, ...
    'values', [] );
loadprofile.values(:,1,:) = [
	1650.3866 988.7 1622.6959 584.9 774.7596 1097.2762 832.4849 272.1827 449.9031 4491.4 1494.246;
	1645.9145 992.3804 1621.6406 589.3 793.824 1116.1858 860.4 273.6091 470.7753 4440.863 1583.3061;
	1639.0 999.5 1650.2 585.6817 826.557 1131.1666 868.1901 270.5 426.4705 4404.9114 1595.4952;
	1697.5452 1056.7 1727.3868 587.2 836.2685 1168.9356 887.4363 278.6155 490.072 4614.6262 1745.0388;
	1834.7 1170.6215 1899.1596 610.4 936.6269 1340.7214 1021.7 328.4 594.9935 5144.3688 2056.9856;
	1920.9061 1229.2874 1949.2631 628.1296 978.5473 1420.5036 1059.9327 333.9968 650.9388 5597.8317 2143.1562;
	1934.4388 1237.9558 1928.759 637.8662 976.1459 1381.2723 1095.9174 343.6526 695.0155 5758.0592 2149.0107;
	1888.1109 1229.5339 1911.5756 606.5161 962.6206 1355.4043 1086.719 323.2 684.4241 5729.2006 2094.999;
	1866.5269 1221.4033 1941.3626 602.5428 960.4867 1337.1637 1058.6112 309.6891 656.6168 5453.1174 2003.585;
	1848.156 1191.3016 1899.6011 588.1922 943.8767 1305.112 1022.7198 306.5535 610.1765 5654.0149 1891.1743;
	1810.9 1166.1711 1875.8462 588.3492 909.7391 1307.9191 1006.3316 296.0354 633.0988 5929.1427 1958.9408;
	1839.2638 1160.7513 1867.568 569.573 926.7367 1318.1339 988.3351 287.0336 604.2143 5963.6912 1917.6286;
	1798.4242 1151.4158 1853.5303 567.2 888.7726 1247.1 963.8811 287.0 604.446 5860.4503 1905.0672;
	1794.9409 1158.0593 1872.5757 580.5 900.6752 1257.8203 931.5843 299.9564 551.0366 5582.4428 1932.7032;
	1803.471 1160.4144 1865.2484 559.9764 896.1091 1284.7524 981.8 307.5009 600.7201 5786.5573 1917.6631;
	1812.6926 1197.6186 1888.3453 568.9182 924.1647 1343.2 1025.5781 330.9 618.8794 6132.7468 2148.9068;
	1807.3738 1195.1 1963.7971 578.4741 979.5 1378.3705 1029.628 346.6 643.761 5994.9963 2224.6061;
	1890.1968 1259.5 2040.8684 589.4 1003.4468 1450.2625 1053.9029 363.1069 701.6683 6108.5086 2418.4175;
	1868.4613 1214.7 1968.6 579.9653 996.5586 1403.0344 1084.4141 375.882 693.4211 6114.7817 2411.6189;
	1810.2319 1134.7182 1859.1 564.5 955.9649 1303.9362 1003.2143 347.4 647.4153 5884.9 2235.2134;
	1726.4925 1059.4666 1742.0324 552.1088 920.2266 1250.7826 980.0647 311.5451 590.5847 5591.7074 2083.5768;
	1593.5 976.0669 1645.269 543.0256 860.7 1189.5029 917.2687 281.8213 550.8961 5212.9452 1905.6265;
	1641.9434 942.2 1522.4162 530.696 773.6889 1095.1 858.3321 252.7 510.1315 4741.9914 1774.0;
	1516.8574 909.9 1479.4527 549.641 724.9169 1055.9322 844.5126 242.1163 509.9 4442.4731 1715.1208;
];
