function windprofile = ex_wind_profilesh1
%EX_WIND_PROFILE_D  Example wind_load_nyiso profile data for deterministic unit commitment.
% 2022.03.12
% Andres F. Ramirez


%% define constants
[GEN_BUS, PG, QG, QMAX, QMIN, VG, MBASE, GEN_STATUS, PMAX, PMIN, ...
    MU_PMAX, MU_PMIN, MU_QMAX, MU_QMIN, PC1, PC2, QC1MIN, QC1MAX, ...
    QC2MIN, QC2MAX, RAMP_AGC, RAMP_10, RAMP_30, RAMP_Q, APF] = idx_gen;
[CT_LABEL, CT_PROB, CT_TABLE, CT_TBUS, CT_TGEN, CT_TBRCH, CT_TAREABUS, ...
    CT_TAREAGEN, CT_TAREABRCH, CT_ROW, CT_COL, CT_CHGTYPE, CT_REP, ...
    CT_REL, CT_ADD, CT_NEWVAL, CT_TLOAD, CT_TAREALOAD, CT_LOAD_ALL_PQ, ...
    CT_LOAD_FIX_PQ, CT_LOAD_DIS_PQ, CT_LOAD_ALL_P, CT_LOAD_FIX_P, ...
    CT_LOAD_DIS_P, CT_TGENCOST, CT_TAREAGENCOST, CT_MODCOST_F, ...
    CT_MODCOST_X] = idx_ct;

windprofile = struct( ...
    'type', 'mpcData', ...
    'table', CT_TGEN, ...
    'rows', [1:45], ...
    'col', PMAX, ...
    'chgtype', 1, ...
    'values', [] );
windprofile.values(:,1,:) = [
	0.5625 7.6009 39.5711 58.7957 6.6084 0.0 0.0 1.4813 0.4105 11.9202 22.0342 32.8707 49.4867 8.3428 149.6238 56.3699 69.9404 74.116 80.8051 68.2867 0.0 0.0 61.9426 67.3237 38.3986 25.3546 2.7047 163.9861 293.1342 293.1342 206.9503 44.5368 269.3503 175.7701 26.1557 125.0706 348.2047 76.9762 12.2254 102.8533 56.4805 0.0 0.0 50.8127 351.8318;
	0.4485 6.0606 40.6712 64.1977 6.473 0.0 10.3421 7.9403 6.4921 0.033 0.061 0.091 0.137 23.2213 106.9373 40.288 49.987 52.9713 73.7875 66.9018 3.4474 0.0 11.742 61.4937 37.6853 39.2142 5.3167 70.8903 213.6814 213.6814 122.7153 30.0462 245.9585 172.2055 72.8018 91.1707 297.7383 75.8347 288.2889 100.9427 71.0151 0.0 0.047 72.649 300.8397;
	0.2235 3.0199 46.3457 66.4918 5.1424 0.0 0.0098 8.7743 0.0 0.0 0.0 0.0 0.0 10.3354 78.2017 29.462 36.5547 38.7371 63.5334 61.4186 0.0033 0.0 1.5204 73.6048 47.3995 50.4821 6.0139 6.2697 0.3065 0.3065 0.018 17.3501 211.778 158.0916 32.403 0.1308 153.9278 0.7444 28.0302 126.9631 64.9779 0.0 0.0 90.9579 155.5313;
	0.3738 5.0506 51.1315 72.6907 7.4918 0.0 0.0 10.716 0.0 3.458 6.3921 9.5358 14.3561 10.2089 81.5852 30.7368 38.1363 40.4131 41.458 59.2239 0.0 0.0 25.4053 74.7148 49.9499 62.5412 7.121 2.3228 2.0409 2.0409 0.9551 19.7424 138.1934 152.4425 32.0063 0.8708 4.2664 1.0254 19.3552 133.7945 54.1408 0.0 0.0 125.5709 4.3109;
	0.4407 5.9555 68.3022 71.5577 9.0443 0.0011 0.0 10.6034 0.0 13.5602 25.0658 37.3933 56.2954 9.8684 104.7756 39.4736 48.9765 51.9005 53.2792 58.4153 0.0 0.0026 41.6207 76.647 50.2773 66.3757 7.4213 19.1348 12.1081 12.1081 1.2901 9.7842 177.5974 150.3611 30.9389 5.1661 12.1336 1.3971 70.9558 134.6713 53.3552 0.0122 0.0035 136.4174 12.26;
	0.4894 6.6135 75.5401 61.4685 9.5617 3.2541 0.0 11.6122 0.0 6.671 12.3313 18.3959 27.6949 25.0281 130.7127 49.2452 61.1006 64.7484 79.1716 56.6576 0.0 7.5929 27.1608 77.9647 49.3937 70.0204 7.1037 19.9797 70.984 70.984 47.3245 10.2136 263.9054 145.8367 78.4664 30.2865 19.4803 3.9996 10.7151 132.3046 45.0028 36.099 23.3503 151.2073 19.6833;
	0.454 6.1347 54.7902 39.5852 8.8074 2.2051 3.1218 7.2003 1.8238 4.293 7.9355 11.8382 17.8224 19.3342 111.4335 41.9819 52.0887 55.1984 62.0396 61.3909 1.0406 5.1453 11.7019 54.4057 25.304 64.7083 3.139 20.6193 15.6045 15.6045 21.6802 0.2636 206.7988 158.0205 60.6153 6.6579 12.1512 5.183 2.0082 67.7785 27.1526 24.4621 30.2612 142.3915 12.2778;
	0.5581 7.5415 34.898 29.6396 3.7262 2.7857 3.9787 6.5294 1.9084 1.9302 3.568 5.3227 8.0133 27.2258 63.907 24.0766 29.8728 31.6563 18.3473 44.7837 1.3262 6.4999 1.4908 32.2237 27.5205 62.9901 3.6779 15.6026 23.9921 23.9921 50.1698 0.0172 61.1575 115.2733 85.3565 10.2366 21.2219 23.074 53.5264 73.7156 12.5869 30.9026 13.0319 110.7576 21.4429;
	0.6388 8.6317 30.0581 27.8181 3.4883 6.4058 0.0 5.5011 2.7994 0.3372 0.6233 0.9299 1.4 17.9944 16.3836 6.1724 7.6584 8.1156 2.5603 14.2868 0.0 14.9469 3.6169 35.2551 27.6985 58.06 3.981 2.3004 28.0829 28.0829 51.9188 0.7421 8.5342 36.7742 56.4149 11.9821 11.3774 22.327 68.1509 74.1925 30.0448 71.0618 23.6668 88.3155 11.4959;
	0.7059 9.538 31.7592 27.9192 7.8515 11.026 0.0227 4.548 0.0 0.1839 0.34 0.5072 0.7637 7.1402 9.289 3.4996 4.3421 4.6013 8.7683 9.64 0.0076 25.7273 7.4595 34.5189 30.1576 50.054 2.7668 28.7032 50.3072 50.3072 69.1494 0.8198 29.2277 24.8134 22.3855 21.4644 35.0665 14.8237 22.5311 80.7794 3.1299 122.315 52.87 101.9803 35.4318;
	0.9227 12.4683 44.8484 67.7644 11.5678 10.0854 1.3655 3.9819 0.0 1.4997 2.7722 4.1355 6.226 1.4194 1.8953 0.714 0.8859 0.9388 1.7293 7.5174 0.4552 23.5326 24.4636 43.6006 47.3895 56.1131 1.5969 49.4079 72.4023 72.4023 25.8543 0.4188 5.7643 19.3498 4.4499 30.8916 50.123 3.4297 0.0 126.936 32.1401 111.8809 6.7153 111.6536 50.6452;
	1.6501 22.296 64.4268 38.7233 13.1463 12.382 2.6872 8.5393 2.5532 0.2549 0.4712 0.7029 1.0582 6.6539 4.546 1.7127 2.125 2.2519 5.604 8.4228 0.8957 28.8913 50.2031 56.9187 11.4347 51.6958 8.7294 157.3859 120.0016 120.0016 98.3171 2.2966 18.68 21.6803 20.861 51.2007 137.5887 8.7476 9.9305 30.6287 49.1312 137.3574 10.3071 147.0473 139.0219;
	2.2023 29.7576 80.7402 8.9732 13.9133 3.5548 1.8922 1.3746 2.5617 21.0966 38.9968 58.1755 87.5829 5.1452 6.7644 2.5485 3.162 3.3507 1.4018 7.9636 0.6307 8.2946 28.7856 63.2833 64.4895 55.4953 3.4352 200.6948 184.0517 184.0517 139.2326 3.6254 4.6726 20.4984 16.1308 78.5287 175.9455 6.5347 16.3683 172.7398 8.1291 39.4348 113.4296 178.4619 177.7783;
	1.8238 24.644 30.8685 25.847 14.3311 19.893 0.4392 2.4747 4.8048 0.1997 0.3691 0.5507 0.829 1.2517 2.1829 0.8224 1.0204 1.0813 3.2146 6.149 0.1464 46.4171 40.808 9.1239 20.7189 35.8187 3.7282 166.2257 207.366 207.366 4.394 3.4377 10.7154 15.8276 3.9243 88.4761 174.7698 6.5223 9.7856 55.4971 20.0129 220.68 88.8144 144.6376 176.5904;
	2.191 29.6053 25.154 15.573 10.1174 3.9384 0.2628 4.1307 4.784 0.0055 0.0101 0.0151 0.0227 2.3735 45.0466 16.971 21.0567 22.3138 14.8846 1.6963 0.0876 9.1896 25.0392 7.6265 37.7318 28.6845 2.6811 242.8604 253.8834 253.8834 89.7315 7.0845 49.6152 4.3662 7.4412 108.3236 233.3973 11.4942 33.8204 101.0673 13.1624 43.6898 90.3227 111.7525 235.8285;
	3.2146 43.4365 88.5465 49.7833 14.4521 4.6488 0.0 14.73 1.8899 0.0 0.0 0.0 0.0 0.4209 11.2075 4.2224 5.2389 5.5516 15.3869 1.4274 0.0 10.8472 39.4464 24.0849 51.5698 45.6486 9.93 333.3816 261.0464 261.0464 157.604 10.0294 51.2896 3.6742 1.3196 111.3798 285.209 35.3353 5.0857 138.1334 11.7666 51.5705 33.6729 191.4138 288.1799;
	3.5437 47.8837 70.8487 79.6407 14.8387 5.2469 0.0267 5.4554 1.5647 0.0 0.0 0.0 0.0 0.032 0.0716 0.027 0.0335 0.0355 0.0997 0.2069 0.0089 12.2427 0.0 24.0615 19.5517 47.0947 4.8512 331.1202 368.4065 368.4065 177.3968 22.674 0.3325 0.5325 0.1004 157.1868 433.6878 73.1061 0.0016 52.3707 42.6981 58.2053 140.7607 228.2288 438.2054;
	2.9846 40.328 44.7006 11.4879 14.5761 19.8382 2.6815 0.9633 9.4258 0.0 0.0 0.0 0.0 1.3325 1.3066 0.4922 0.6108 0.6472 1.9138 0.478 0.8938 46.2892 12.545 5.7659 8.5981 6.0577 0.9005 516.0408 515.1489 515.1489 326.6615 35.2219 6.3794 1.2303 4.1775 219.7969 570.9144 102.0191 71.0849 23.0305 4.3923 220.0719 119.4975 230.2317 576.8615;
	3.3291 44.984 92.7123 37.9042 15.2588 27.3901 3.9609 4.2902 6.4179 6.7879 12.5474 18.7183 28.1803 5.9293 8.7017 3.2783 4.0675 4.3104 0.161 39.2296 1.3203 63.9102 29.0474 71.6168 82.0192 63.4863 1.026 779.5113 463.812 463.812 357.2589 47.2558 0.5366 100.977 18.5891 197.8931 650.5156 84.4227 80.499 219.6942 0.2642 303.8475 117.3652 232.183 657.2918;
	3.0027 40.5737 79.1857 35.4175 15.1576 8.6686 18.9447 2.2324 26.4781 14.1417 26.1407 38.9968 58.7095 6.3411 3.9257 1.479 1.835 1.9446 0.3185 21.3511 6.3149 20.2266 58.8325 48.0079 15.057 54.264 0.7159 792.3929 449.0171 449.0171 334.9951 44.1963 1.0618 54.9579 19.8802 191.5806 602.8361 79.9929 83.7443 40.3314 0.0 96.1632 114.6696 192.6577 609.1156;
