function loadprofile = ex_load_profilesh1
%EX_LOAD_PROFILE  Example load profile data file for stochastic unit commitment.
% 2022.03.12
% Andres F. Ramirez

%% define constants
[CT_LABEL, CT_PROB, CT_TABLE, CT_TBUS, CT_TGEN, CT_TBRCH, CT_TAREABUS, ...
    CT_TAREAGEN, CT_TAREABRCH, CT_ROW, CT_COL, CT_CHGTYPE, CT_REP, ...
    CT_REL, CT_ADD, CT_NEWVAL, CT_TLOAD, CT_TAREALOAD, CT_LOAD_ALL_PQ, ...
    CT_LOAD_FIX_PQ, CT_LOAD_DIS_PQ, CT_LOAD_ALL_P, CT_LOAD_FIX_P, ...
    CT_LOAD_DIS_P, CT_TGENCOST, CT_TAREAGENCOST, CT_MODCOST_F, ...
    CT_MODCOST_X] = idx_ct;

loadprofile = struct( ...
    'type', 'mpcData', ...
    'table', CT_TAREALOAD, ...
    'rows', [1:11], ...
    'col', CT_LOAD_ALL_P, ...
    'chgtype', 1, ...
    'values', [] );
loadprofile.values(:,1,:) = [
	1568.8171 978.0 1603.2512 575.6434 804.7672 1144.3085 913.3 267.8868 536.5547 4787.6486 1880.2385;
	1549.9 965.4728 1585.8512 564.4747 792.2883 1154.6941 898.9977 271.5434 523.6991 4700.8517 1823.0159;
	1583.8693 991.9 1591.2072 579.5384 817.9514 1167.1339 906.5985 266.546 527.0995 4676.3894 1857.2534;
	1664.6 1056.7 1711.072 578.924 864.2105 1236.1126 970.8 296.1 573.2603 4943.5077 2005.113;
	1812.734 1175.7 1918.5569 610.1 968.6058 1427.9734 1090.5502 339.8936 664.1597 5573.5538 2291.3374;
	1929.76 1257.8775 2033.1919 628.2308 1027.6912 1483.1896 1132.6 352.9147 723.8539 6013.2044 2435.2466;
	1965.1378 1282.9518 2049.3997 623.6811 996.0663 1465.787 1117.299 360.1236 724.2467 6389.4301 2457.6959;
	2004.0 1272.4993 2001.9949 610.305 1006.2615 1402.8972 1075.4394 343.4353 681.342 6475.1122 2368.9247;
	2040.4578 1289.2408 2015.2942 594.4 982.1307 1408.4705 1060.8157 327.013 695.9346 6598.7507 2415.4772;
	1976.4789 1274.8825 1998.8865 579.9062 1025.6711 1440.6359 1063.138 325.1701 693.0478 6698.8741 2421.4723;
	1984.0721 1244.9709 1948.2109 582.1 978.3 1375.4817 999.9603 329.578 690.4319 6781.3855 2475.422;
	1935.2162 1241.2749 1930.9962 586.6766 956.5954 1316.0335 982.1048 314.4339 688.5564 6934.575 2456.249;
	1955.5919 1235.3992 1897.5363 581.8871 962.2441 1282.2774 962.7427 311.3522 678.9648 6764.5652 2431.6035;
	1897.7296 1228.7937 1848.5499 591.523 938.1234 1281.3 956.8646 319.2296 658.662 6956.2794 2442.3131;
	1933.803 1196.7383 1834.5406 584.6 939.8193 1290.7724 938.6651 329.6 661.7478 6653.1991 2392.4877;
	1870.2967 1205.955 1896.7 589.4947 993.0249 1356.5061 979.6688 321.2721 678.0 6766.2968 2444.387;
	1865.631 1210.5992 1875.7777 602.0351 968.0807 1398.873 1013.3341 337.2389 695.9 6505.5471 2577.6472;
	1983.7815 1257.7978 1960.0 597.8 1060.3 1480.6227 1123.0421 335.0022 752.0 6438.6012 2577.4554;
	1991.1228 1272.5841 1987.116 609.2896 1068.9182 1461.0243 1120.2606 347.6782 718.9431 6395.3791 2552.3208;
	1909.0036 1189.9251 1902.8415 606.9296 1019.9 1390.7 1054.0912 331.2 683.0261 5958.0186 2360.1;
	1792.2241 1094.5354 1757.6061 594.0674 930.9801 1295.7869 998.5757 324.3 632.679 5671.2632 2200.796;
	1672.5 1039.6628 1670.8213 575.2455 904.4906 1209.8 938.8032 276.3659 581.261 5330.524 2029.0229;
	1544.4127 959.4 1607.0697 570.0984 837.9527 1181.612 906.1167 278.9 533.5431 4892.4819 1861.3622;
	1548.2246 941.8656 1605.6556 573.5571 838.3361 1172.5094 886.646 268.4626 524.9926 4796.4153 1908.6513;
];
