function solarprofile = ex_solar_profilesh1
%EX_WIND_PROFILE_D  Example wind_load_nyiso profile data for deterministic unit commitment.
% 2022.03.12
% Andres F. Ramirez


%% define constants
[GEN_BUS, PG, QG, QMAX, QMIN, VG, MBASE, GEN_STATUS, PMAX, PMIN, ...
    MU_PMAX, MU_PMIN, MU_QMAX, MU_QMIN, PC1, PC2, QC1MIN, QC1MAX, ...
    QC2MIN, QC2MAX, RAMP_AGC, RAMP_10, RAMP_30, RAMP_Q, APF] = idx_gen;
[CT_LABEL, CT_PROB, CT_TABLE, CT_TBUS, CT_TGEN, CT_TBRCH, CT_TAREABUS, ...
    CT_TAREAGEN, CT_TAREABRCH, CT_ROW, CT_COL, CT_CHGTYPE, CT_REP, ...
    CT_REL, CT_ADD, CT_NEWVAL, CT_TLOAD, CT_TAREALOAD, CT_LOAD_ALL_PQ, ...
    CT_LOAD_FIX_PQ, CT_LOAD_DIS_PQ, CT_LOAD_ALL_P, CT_LOAD_FIX_P, ...
    CT_LOAD_DIS_P, CT_TGENCOST, CT_TAREAGENCOST, CT_MODCOST_F, ...
    CT_MODCOST_X] = idx_ct;

solarprofile = struct( ...
    'type', 'mpcData', ...
    'table', CT_TGEN, ...
    'rows', [1:12], ...
    'col', PMAX, ...
    'chgtype', 1, ...
    'values', [] );
solarprofile.values(:,1,:) = [
	0.0 0.0 0.0 0.0 0.0 0.0 0.0 0.0 0.0 0.0 0.0 0.0;
	0.0 0.0 0.0 0.0 0.0 0.0 0.0 0.0 0.0 0.0 0.0 0.0;
	0.0 0.0 0.0 0.0 0.0 0.0 0.0 0.0 0.0 0.0 0.0 0.0;
	0.0 0.0 0.0 0.0 0.0 0.0 0.0 0.0 0.0 0.0 0.0 0.0;
	0.0 0.0 0.0 0.0 0.0 0.0 0.0 0.0 0.0 0.0 0.0 0.0;
	0.4889 0.4385 0.494 0.0 0.0 0.0221 0.0028 0.2 0.0616 0.0 0.0 0.0;
	8.3875 7.3799 5.9614 1.4822 3.195 270.9669 33.8709 46.184 185.8686 15.0924 7.2639 27.3325;
	16.9555 14.6159 11.9545 5.6737 8.3893 436.7178 54.5897 72.0511 260.979 65.9449 15.6349 119.4266;
	22.3465 16.6083 13.8 8.7812 9.7111 448.2949 56.0369 74.0594 268.1804 80.4423 18.0057 145.6815;
	24.708 16.1988 13.7691 6.7817 6.6904 233.8223 29.2278 54.7621 168.295 71.9509 19.9114 130.3034;
	26.2896 16.7471 14.2213 6.5543 5.386 111.5955 13.9494 52.3993 186.8314 71.2829 16.2185 129.0939;
	26.5266 16.9343 14.2619 6.3848 5.5757 94.8281 11.8535 54.936 194.7224 88.9883 17.1941 161.1584;
	17.445 12.1501 10.4532 4.3568 9.1965 93.5011 11.6876 41.3591 115.7806 106.9164 34.1291 193.6262;
	11.7369 8.2978 7.0918 4.0268 10.3932 109.9587 13.7448 46.3067 96.3317 97.5959 34.031 176.7467;
	6.7675 5.7589 5.0031 3.0687 9.3333 97.7952 12.2244 45.4052 77.4161 62.6988 22.9072 113.5479;
	2.8087 2.7197 3.6081 1.2086 1.2151 18.7332 2.3416 17.4193 28.3662 7.8649 0.0 14.2434;
	0.8039 1.0744 0.8828 0.3873 0.1845 10.2847 1.2856 2.552 13.0612 2.9086 0.0 5.2676;
	0.0 0.0 0.0 0.0 0.0 0.0 0.0 0.0 0.0 0.0 0.0 0.0;
	0.0 0.0 0.0 0.0 0.0 0.0 0.0 0.0 0.0 0.0 0.0 0.0;
	0.0 0.0 0.0 0.0 0.0 0.0 0.0 0.0 0.0 0.0 0.0 0.0;
	0.0 0.0 0.0 0.0 0.0 0.0 0.0 0.0 0.0 0.0 0.0 0.0;
	0.0 0.0 0.0 0.0 0.0 0.0 0.0 0.0 0.0 0.0 0.0 0.0;
	0.0 0.0 0.0 0.0 0.0 0.0 0.0 0.0 0.0 0.0 0.0 0.0;
	0.0 0.0 0.0 0.0 0.0 0.0 0.0 0.0 0.0 0.0 0.0 0.0;
];
