function loadprofile = ex_load_profilesh1
%EX_LOAD_PROFILE  Example load profile data file for stochastic unit commitment.
% 2022.03.12
% Andres F. Ramirez

%% define constants
[CT_LABEL, CT_PROB, CT_TABLE, CT_TBUS, CT_TGEN, CT_TBRCH, CT_TAREABUS, ...
    CT_TAREAGEN, CT_TAREABRCH, CT_ROW, CT_COL, CT_CHGTYPE, CT_REP, ...
    CT_REL, CT_ADD, CT_NEWVAL, CT_TLOAD, CT_TAREALOAD, CT_LOAD_ALL_PQ, ...
    CT_LOAD_FIX_PQ, CT_LOAD_DIS_PQ, CT_LOAD_ALL_P, CT_LOAD_FIX_P, ...
    CT_LOAD_DIS_P, CT_TGENCOST, CT_TAREAGENCOST, CT_MODCOST_F, ...
    CT_MODCOST_X] = idx_ct;

loadprofile = struct( ...
    'type', 'mpcData', ...
    'table', CT_TAREALOAD, ...
    'rows', [1:11], ...
    'col', CT_LOAD_ALL_P, ...
    'chgtype', 1, ...
    'values', [] );
loadprofile.values(:,1,:) = [
	1582.4544 956.2073 1673.142 562.3754 818.1831 1181.4571 894.9 262.1945 519.6366 4664.5 1753.1;
	1553.9247 971.8 1669.6642 556.7 820.6652 1167.5781 887.8682 260.9 507.2 4602.6482 1744.7;
	1561.5889 1001.6 1710.3292 578.0 864.2934 1227.6 915.4723 266.2891 535.7 4612.013 1770.4;
	1616.1064 1063.0268 1803.0329 606.384 903.2 1289.3001 968.0075 283.0904 559.3208 4808.6494 1877.1182;
	1727.8 1166.3288 1998.7204 618.0 1011.3181 1466.4821 1066.3164 330.8882 626.8807 5305.3108 2061.2944;
	1804.7985 1253.2 2090.357 645.5 1072.434 1541.9226 1146.4546 370.4579 709.3079 5845.9735 2199.8773;
	1817.8383 1275.4662 2120.7926 629.6922 1082.1351 1560.3564 1186.422 371.9263 722.458 6276.3117 2270.0006;
	1864.4318 1260.3911 2071.6958 630.5 1069.0083 1575.1316 1214.2368 379.2955 737.9731 6576.7118 2297.1394;
	1868.7 1253.2761 2032.1214 623.3754 1053.9319 1525.9067 1186.7029 375.7924 737.1556 6532.6768 2175.9;
	1867.0987 1244.3524 1964.871 620.0 1035.0578 1537.8069 1197.4465 381.6 741.2967 6504.5199 2032.6252;
	1807.3168 1211.2554 1905.6965 630.2511 1007.7 1524.1533 1180.5 357.0 712.9703 6466.9999 2079.4;
	1806.4557 1170.7777 1871.6102 609.9 986.1952 1465.0946 1158.3944 352.2 709.489 6457.2522 2002.7165;
	1760.7926 1166.8 1824.0 595.3187 976.5101 1373.2854 1119.3765 343.0658 713.2443 6354.7189 2116.6636;
	1721.8 1155.7303 1802.1646 592.7 961.2 1299.984 1059.5355 335.223 706.3624 6313.0114 2134.1592;
	1683.0968 1154.7713 1800.109 583.7 938.4011 1342.2009 1068.2827 337.0756 710.2462 6338.9874 2288.3963;
	1714.0671 1178.3504 1773.4443 583.1407 934.8385 1398.428 1089.7995 337.4 700.4422 6391.4409 2387.1393;
	1715.9257 1186.724 1829.2849 584.2672 990.9895 1495.2773 1188.0731 389.7 745.1804 6406.3122 2644.058;
	1793.7559 1243.4983 1937.1632 583.8 1062.8752 1581.2982 1288.1628 434.6992 757.6887 6457.7178 2795.0131;
	1789.6395 1253.6341 1938.5792 581.4197 1014.8955 1520.4607 1218.7822 392.7337 749.1631 6239.8724 2498.1675;
	1756.66 1171.4945 1842.2286 561.3897 960.9501 1414.466 1172.2225 377.7019 707.6666 6076.3433 2396.106;
	1655.8 1101.3758 1763.2206 548.3033 897.5783 1345.411 1082.2408 338.7247 651.2415 5703.0585 2177.3108;
	1568.1317 1011.8327 1636.8688 535.6719 841.4561 1240.4082 1011.2213 303.4904 593.1 5314.6621 2032.3756;
	1483.8932 920.8215 1614.0188 487.531 822.8529 1173.9232 947.4356 279.6 563.0407 4978.0596 1970.0;
	1474.8193 890.3011 1574.3019 523.3654 817.7131 1138.4 910.9836 274.4657 539.3519 4730.1011 1804.1704;
];
