function loadprofile = ex_load_profilesh1
%EX_LOAD_PROFILE  Example load profile data file for stochastic unit commitment.
% 2022.03.12
% Andres F. Ramirez

%% define constants
[CT_LABEL, CT_PROB, CT_TABLE, CT_TBUS, CT_TGEN, CT_TBRCH, CT_TAREABUS, ...
    CT_TAREAGEN, CT_TAREABRCH, CT_ROW, CT_COL, CT_CHGTYPE, CT_REP, ...
    CT_REL, CT_ADD, CT_NEWVAL, CT_TLOAD, CT_TAREALOAD, CT_LOAD_ALL_PQ, ...
    CT_LOAD_FIX_PQ, CT_LOAD_DIS_PQ, CT_LOAD_ALL_P, CT_LOAD_FIX_P, ...
    CT_LOAD_DIS_P, CT_TGENCOST, CT_TAREAGENCOST, CT_MODCOST_F, ...
    CT_MODCOST_X] = idx_ct;

loadprofile = struct( ...
    'type', 'mpcData', ...
    'table', CT_TAREALOAD, ...
    'rows', [1:11], ...
    'col', CT_LOAD_ALL_P, ...
    'chgtype', 1, ...
    'values', [] );
loadprofile.values(:,1,:) = [
	1603.7 965.9799 1673.1 609.8455 830.2575 1167.7065 888.4008 277.2 545.2752 4571.2487 1884.3426;
	1597.5308 960.3035 1671.8172 612.6396 799.4927 1148.7918 875.241 275.8 536.1275 4530.1521 1839.3043;
	1594.8131 972.9344 1698.1286 627.1026 837.0248 1193.6373 904.2252 290.938 545.9016 4631.6542 1867.2568;
	1668.1114 1057.632 1779.9984 638.534 891.5954 1261.5036 943.3953 306.7359 573.0987 4807.2133 1974.2955;
	1810.1193 1179.6901 1979.7523 646.0863 979.8723 1423.5776 1063.6 351.9655 632.4796 5407.3462 2274.1566;
	1906.2752 1264.1 2073.206 650.8147 1057.2618 1527.4029 1159.5253 400.9884 718.3 5997.557 2617.4162;
	1919.3987 1249.7081 1998.7 622.6846 1016.1384 1493.0381 1135.9462 383.2532 707.6457 6232.8633 2383.6392;
	2004.0 1242.1 2027.2834 610.934 1018.1093 1471.8 1113.4269 381.3568 714.4588 6425.8594 2378.2372;
	1933.061 1229.1624 1961.6173 605.6 1003.167 1422.1534 1066.8617 359.4684 692.6304 6363.4942 2240.296;
	1940.2467 1243.2 1934.8123 605.3586 1007.4032 1361.9561 1036.0221 341.9 691.8641 6267.8255 2182.3885;
	1928.4568 1214.7 1882.8677 606.4 981.0139 1386.4214 1004.2473 348.5449 681.1213 6169.5067 2133.7673;
	1944.7796 1196.5163 1887.5216 595.1892 986.9601 1351.4438 963.6411 320.1859 661.0845 6139.7873 2043.5734;
	1905.9758 1170.8314 1881.9137 583.5524 964.7296 1315.7996 964.5778 337.9169 665.7089 5972.0376 2037.3778;
	1877.6378 1200.992 1919.4866 579.0 961.2 1342.7151 990.8157 319.7429 652.5 6016.2597 2086.8345;
	1820.1515 1184.8277 1859.3995 603.6301 945.9729 1322.1282 1003.0089 338.4 654.0082 5938.8589 2114.2067;
	1850.9545 1195.8 1881.9071 620.7 952.6117 1401.3663 1046.7364 340.8589 671.3663 5872.5993 2185.5499;
	1808.6067 1159.9471 1856.6789 609.0 928.0808 1352.4553 1004.4858 343.7753 681.2 5891.4729 2259.0222;
	1842.9737 1211.2201 1962.5479 640.8833 1012.0146 1471.5259 1135.7096 364.3132 716.3297 6100.8318 2437.4648;
	1799.2 1200.4806 1954.512 622.1177 1030.4617 1449.9272 1127.9273 357.4239 712.2461 6105.9888 2419.0793;
	1774.9668 1143.8035 1879.7416 606.301 971.3708 1382.4423 1094.1465 341.0888 695.9203 5906.8215 2324.154;
	1668.8187 1035.6574 1746.8327 592.4403 889.2241 1277.3148 1021.1069 319.1565 635.7 5550.6827 2131.0322;
	1592.8676 990.0993 1649.6894 580.2 849.1746 1212.5343 938.3 302.1 593.8614 5166.944 1968.5765;
	1529.7361 944.3335 1621.8325 575.1687 821.7735 1143.7563 879.3862 286.7169 517.189 4807.7569 1790.3432;
	1487.3095 910.842 1578.5627 591.2838 828.0655 1138.4 872.7765 278.9827 493.0891 4616.3609 1743.2;
];
