function loadprofile = ex_load_profilesh1
%EX_LOAD_PROFILE  Example load profile data file for stochastic unit commitment.
% 2022.03.12
% Andres F. Ramirez

%% define constants
[CT_LABEL, CT_PROB, CT_TABLE, CT_TBUS, CT_TGEN, CT_TBRCH, CT_TAREABUS, ...
    CT_TAREAGEN, CT_TAREABRCH, CT_ROW, CT_COL, CT_CHGTYPE, CT_REP, ...
    CT_REL, CT_ADD, CT_NEWVAL, CT_TLOAD, CT_TAREALOAD, CT_LOAD_ALL_PQ, ...
    CT_LOAD_FIX_PQ, CT_LOAD_DIS_PQ, CT_LOAD_ALL_P, CT_LOAD_FIX_P, ...
    CT_LOAD_DIS_P, CT_TGENCOST, CT_TAREAGENCOST, CT_MODCOST_F, ...
    CT_MODCOST_X] = idx_ct;

loadprofile = struct( ...
    'type', 'mpcData', ...
    'table', CT_TAREALOAD, ...
    'rows', [1:11], ...
    'col', CT_LOAD_ALL_P, ...
    'chgtype', 1, ...
    'values', [] );
loadprofile.values(:,1,:) = [
	1568.4784 978.8534 1676.4807 585.3796 851.124 1192.2878 909.2616 270.1696 533.5543 4634.3186 1776.9302;
	1564.0046 981.1368 1676.9996 584.6555 850.8288 1194.3218 906.967 269.5292 528.0056 4580.3487 1768.4131;
	1581.8086 1000.9238 1708.9642 589.5418 867.2847 1218.8519 919.8729 274.2643 535.8964 4602.6769 1799.2439;
	1649.4042 1067.1591 1803.5606 600.114 921.6957 1291.6151 971.0672 295.9433 569.8678 4834.5614 1915.1055;
	1784.5647 1185.8222 1980.0631 619.8875 1024.8782 1442.8817 1073.6764 337.6093 647.9333 5377.1139 2153.6151;
	1876.6825 1255.731 2072.9495 626.2868 1075.6837 1520.1732 1132.8648 362.8288 708.5393 5925.2035 2295.0714;
	1882.9586 1255.2468 2058.9886 616.468 1069.4197 1502.6055 1142.704 362.8316 715.8686 6233.8786 2302.5398;
	1878.4346 1247.1779 2035.3569 608.0566 1054.9816 1472.9193 1133.9249 355.9317 714.8848 6404.3608 2261.9335;
	1874.5537 1240.2644 2016.5355 600.417 1038.7375 1444.9198 1118.8698 350.6552 711.5744 6446.8403 2222.3473;
	1865.1 1231.7434 1996.0914 596.127 1026.2482 1429.4453 1116.1039 349.0099 703.9877 6447.8697 2209.8678;
	1837.5767 1215.5968 1965.9757 590.7733 1006.9011 1405.1925 1093.1153 343.3372 695.0656 6427.902 2168.0642;
	1832.8909 1205.9459 1947.2079 586.8877 993.4725 1385.7172 1079.9993 339.0781 689.0395 6395.5285 2143.7453;
	1808.0166 1189.7815 1915.6921 584.5184 977.6858 1363.1899 1069.9435 335.9313 681.0408 6344.9863 2137.3825;
	1778.7858 1179.6831 1896.6598 582.5963 969.2623 1353.5378 1063.7211 335.2892 679.361 6333.1405 2154.8196;
	1768.8477 1175.8713 1900.0704 582.5395 976.0919 1373.9487 1070.63 338.1469 682.7246 6350.704 2209.7309;
	1769.791 1184.1262 1918.876 588.1195 989.5024 1413.1882 1092.4041 344.5122 689.1606 6363.3271 2293.6824;
	1773.3661 1194.2267 1942.9833 592.4043 1006.4973 1453.1109 1120.9144 359.7567 704.8988 6274.4877 2392.5913;
	1822.2657 1237.7078 2008.8728 602.0799 1041.2277 1514.585 1181.3287 375.7681 739.8934 6309.951 2519.4474;
	1845.244 1244.5999 2004.4775 599.7473 1033.2034 1497.7704 1175.906 372.798 731.2111 6204.8934 2493.7231;
	1793.4698 1178.7446 1917.7514 588.6203 982.3146 1418.7627 1124.1374 354.7442 696.7709 5970.6113 2368.3131;
	1710.8842 1096.2837 1804.1749 573.2074 921.1686 1317.6114 1048.1596 325.6905 645.3721 5644.4776 2180.7616;
	1614.1392 1021.5438 1697.8308 561.6872 865.3653 1226.7943 969.5892 293.5101 589.1099 5234.8178 1981.8929;
	1534.8356 965.1222 1630.3308 557.636 821.8692 1168.142 908.7063 272.0063 543.938 4856.3444 1837.0491;
	1495.6778 936.4127 1601.176 561.1167 801.0254 1140.3309 878.5341 260.7465 522.4687 4639.3364 1763.8357;
];
