function loadprofile = ex_load_profilesh1
%EX_LOAD_PROFILE  Example load profile data file for stochastic unit commitment.
% 2022.03.12
% Andres F. Ramirez

%% define constants
[CT_LABEL, CT_PROB, CT_TABLE, CT_TBUS, CT_TGEN, CT_TBRCH, CT_TAREABUS, ...
    CT_TAREAGEN, CT_TAREABRCH, CT_ROW, CT_COL, CT_CHGTYPE, CT_REP, ...
    CT_REL, CT_ADD, CT_NEWVAL, CT_TLOAD, CT_TAREALOAD, CT_LOAD_ALL_PQ, ...
    CT_LOAD_FIX_PQ, CT_LOAD_DIS_PQ, CT_LOAD_ALL_P, CT_LOAD_FIX_P, ...
    CT_LOAD_DIS_P, CT_TGENCOST, CT_TAREAGENCOST, CT_MODCOST_F, ...
    CT_MODCOST_X] = idx_ct;

loadprofile = struct( ...
    'type', 'mpcData', ...
    'table', CT_TAREALOAD, ...
    'rows', [1:11], ...
    'col', CT_LOAD_ALL_P, ...
    'chgtype', 1, ...
    'values', [] );
loadprofile.values(:,1,:) = [
	1693.9354 975.8577 1709.6133 601.0 877.2433 1130.1616 871.1156 268.8864 518.4892 4950.3914 1840.864;
	1654.7877 979.6222 1693.7 605.2903 872.9306 1124.9377 867.5135 261.8 505.444 4854.436 1830.439;
	1706.2113 999.6448 1746.115 612.5 899.5 1146.0444 876.3 266.9596 505.759 4831.0735 1853.9873;
	1748.3181 1055.3 1808.0536 607.5252 934.239 1202.8622 912.4493 275.2841 534.8466 4905.0997 1919.167;
	1888.9724 1180.4717 1989.9414 628.7 1045.7 1372.6481 1005.0253 328.0002 622.2236 5484.3467 2134.6549;
	1987.8733 1233.0909 2043.3 631.5495 1097.1451 1438.7335 1001.7394 349.3234 652.8041 5929.8602 2233.7;
	1978.74 1207.6 2038.1458 619.2411 1089.3918 1478.3 1068.607 346.3 696.7482 6283.5209 2270.8728;
	1990.1708 1152.8981 1988.8552 617.3282 1096.4528 1467.5381 1091.9433 350.5964 717.5 6579.4455 2279.4668;
	1968.9162 1127.874 1942.0206 614.736 1038.9 1427.3 1055.3292 335.6022 689.341 6551.6648 2160.969;
	1977.9843 1128.564 1952.7192 610.9 1015.7 1403.1622 1036.8165 338.2588 677.9579 6687.5119 2205.2999;
	1982.0147 1139.2764 1924.9368 597.4739 1001.2609 1405.9526 1019.7416 353.6869 667.5 6650.4 2271.4035;
	1858.689 1089.0857 1838.2288 584.3252 956.6099 1391.9359 989.4941 330.5797 665.0178 6557.0113 2168.2019;
	1824.5598 1070.6392 1791.9238 589.7 962.2281 1323.7378 979.8625 330.0619 649.4861 6500.3458 2124.6525;
	1795.9457 1112.0 1779.4627 574.5911 970.405 1323.2234 1011.5578 335.1769 663.4475 6523.3983 2246.8863;
	1807.4 1108.1194 1729.451 582.8912 943.4441 1343.073 1024.3842 336.3741 679.1603 6407.4302 2260.471;
	1762.7502 1144.2178 1814.7924 601.5 951.6064 1380.7627 1057.332 347.7 682.894 6397.5 2291.626;
	1779.2174 1159.4177 1862.4005 610.1 963.0256 1405.7283 1117.6682 377.3013 698.7293 6249.7384 2365.7604;
	1796.8484 1193.2373 1921.0968 612.9881 966.2876 1460.0856 1144.3558 365.0707 718.1 6190.0316 2479.8781;
	1845.4571 1193.9408 1915.7852 616.7645 1002.4509 1438.2061 1156.1 382.5112 720.8 6160.9907 2489.5728;
	1775.489 1110.4772 1809.2639 615.6656 947.3155 1312.6249 1086.2311 335.4 673.0862 5851.1362 2340.3279;
	1670.1026 1037.8671 1738.4361 600.1828 899.6403 1263.5353 999.7375 324.176 607.2259 5522.9036 2139.8447;
	1548.2484 963.43 1636.6 581.5621 847.077 1166.9533 919.7336 293.5088 536.0771 5116.9274 1936.1849;
	1466.7975 932.7005 1603.3575 570.7954 851.2376 1107.1598 853.3 285.3336 485.7474 4866.3045 1842.3854;
	1442.0794 898.2099 1561.4 571.4 793.4932 1032.8846 827.4 268.4053 502.5771 4682.348 1770.279;
];
