function loadprofile = ex_load_profilesh1
%EX_LOAD_PROFILE  Example load profile data file for stochastic unit commitment.
% 2022.03.12
% Andres F. Ramirez

%% define constants
[CT_LABEL, CT_PROB, CT_TABLE, CT_TBUS, CT_TGEN, CT_TBRCH, CT_TAREABUS, ...
    CT_TAREAGEN, CT_TAREABRCH, CT_ROW, CT_COL, CT_CHGTYPE, CT_REP, ...
    CT_REL, CT_ADD, CT_NEWVAL, CT_TLOAD, CT_TAREALOAD, CT_LOAD_ALL_PQ, ...
    CT_LOAD_FIX_PQ, CT_LOAD_DIS_PQ, CT_LOAD_ALL_P, CT_LOAD_FIX_P, ...
    CT_LOAD_DIS_P, CT_TGENCOST, CT_TAREAGENCOST, CT_MODCOST_F, ...
    CT_MODCOST_X] = idx_ct;

loadprofile = struct( ...
    'type', 'mpcData', ...
    'table', CT_TAREALOAD, ...
    'rows', [1:11], ...
    'col', CT_LOAD_ALL_P, ...
    'chgtype', 1, ...
    'values', [] );
loadprofile.values(:,1,:) = [
	1502.8493 963.8 1701.3269 626.5114 840.5474 1195.5908 932.7965 275.6352 485.6401 4587.9364 1729.6744;
	1507.4675 964.1634 1706.1757 627.8588 840.5502 1202.7378 924.946 271.0 481.1777 4569.2095 1713.2224;
	1557.6716 980.5 1732.1142 618.1114 834.6198 1209.645 917.2201 267.8954 499.1952 4541.9619 1723.306;
	1615.9249 1056.6967 1837.4688 637.3683 911.0482 1290.1089 971.1 294.4 546.7707 4750.56 1849.7505;
	1766.7729 1172.1883 2021.9024 656.4057 1019.5309 1450.9123 1090.8611 342.8506 609.7392 5299.7088 2056.6258;
	1867.2545 1204.4177 2081.6714 654.7605 1045.9396 1513.1606 1135.8 343.0135 674.0326 5821.7974 2175.9796;
	1900.1886 1221.5734 2088.7488 652.7499 1058.5295 1482.2 1148.2817 354.7 680.3148 6139.4856 2249.6034;
	1927.1269 1235.534 2087.316 650.0058 1062.0503 1448.3805 1135.6096 331.565 678.3966 6089.432 2123.6543;
	1908.995 1223.1199 2076.3135 647.835 1055.4666 1467.7665 1116.307 327.4772 679.0216 6216.6208 2207.7638;
	1914.2367 1194.5344 2020.9231 646.039 1016.2888 1432.5523 1075.6702 320.5964 667.5845 6093.4205 2059.5612;
	1876.7234 1158.1753 1990.6939 631.3689 1000.249 1408.1411 1090.2013 324.2509 673.9082 6169.5404 2084.4136;
	1855.2906 1157.7796 1968.6874 615.8364 976.183 1378.4898 1043.6753 318.2559 622.6461 6169.7012 1935.5352;
	1790.126 1126.7764 1925.8049 588.9295 962.6297 1347.8733 1060.6599 315.4862 645.9774 6216.2976 2039.2696;
	1721.7277 1122.1936 1896.5143 570.2749 970.7138 1322.7578 1049.6417 299.5017 662.6595 6214.176 2085.7179;
	1740.3408 1149.6325 1923.9417 583.6 979.6712 1319.5548 1071.1066 275.6939 664.6761 6246.3363 2162.0686;
	1764.0 1168.7 1938.8293 572.2 952.7 1371.9017 1072.8471 257.4624 646.7564 6191.0816 2228.4396;
	1777.8441 1191.2339 1997.124 591.2018 986.8863 1427.4692 1098.7076 294.0174 683.0 6075.1459 2319.4;
	1818.3858 1240.2715 2077.6263 611.8787 1037.7434 1488.9 1163.5732 307.6711 707.7276 6091.0559 2464.9335;
	1885.5165 1229.536 2114.1276 621.9746 1051.2712 1509.135 1175.5984 320.8115 722.9883 6054.1518 2421.0276;
	1854.6028 1171.9965 2001.3835 614.2 983.7801 1425.0722 1124.6693 308.0172 677.0056 5813.8025 2336.5505;
	1771.6394 1082.2448 1880.5842 592.5386 944.976 1311.7 1044.2161 279.4116 635.9747 5496.8668 2129.8927;
	1646.4394 996.6825 1738.8316 579.1592 876.2463 1230.4235 970.4775 251.9312 551.349 5131.4291 1913.4349;
	1554.9234 924.4889 1626.5326 577.7779 797.3631 1126.9 864.6339 187.2113 531.6663 3838.3129 1444.8775;
	1482.9878 885.9673 1578.2898 574.3 764.2966 1055.8458 790.6647 181.5984 493.818 3893.3369 1430.6227;
];
