function solarprofile = ex_solar_profilesh1
%EX_WIND_PROFILE_D  Example wind_load_nyiso profile data for deterministic unit commitment.
% 2022.03.12
% Andres F. Ramirez


%% define constants
[GEN_BUS, PG, QG, QMAX, QMIN, VG, MBASE, GEN_STATUS, PMAX, PMIN, ...
    MU_PMAX, MU_PMIN, MU_QMAX, MU_QMIN, PC1, PC2, QC1MIN, QC1MAX, ...
    QC2MIN, QC2MAX, RAMP_AGC, RAMP_10, RAMP_30, RAMP_Q, APF] = idx_gen;
[CT_LABEL, CT_PROB, CT_TABLE, CT_TBUS, CT_TGEN, CT_TBRCH, CT_TAREABUS, ...
    CT_TAREAGEN, CT_TAREABRCH, CT_ROW, CT_COL, CT_CHGTYPE, CT_REP, ...
    CT_REL, CT_ADD, CT_NEWVAL, CT_TLOAD, CT_TAREALOAD, CT_LOAD_ALL_PQ, ...
    CT_LOAD_FIX_PQ, CT_LOAD_DIS_PQ, CT_LOAD_ALL_P, CT_LOAD_FIX_P, ...
    CT_LOAD_DIS_P, CT_TGENCOST, CT_TAREAGENCOST, CT_MODCOST_F, ...
    CT_MODCOST_X] = idx_ct;

solarprofile = struct( ...
    'type', 'mpcData', ...
    'table', CT_TGEN, ...
    'rows', [1:12], ...
    'col', PMAX, ...
    'chgtype', 1, ...
    'values', [] );
solarprofile.values(:,1,:) = [
	0.0 0.0 0.0 0.0 0.0 0.0 0.0 0.0 0.0 0.0 0.0 0.0;
	0.0 0.0 0.0 0.0 0.0 0.0 0.0 0.0 0.0 0.0 0.0 0.0;
	0.0 0.0 0.0 0.0 0.0 0.0 0.0 0.0 0.0 0.0 0.0 0.0;
	0.0 0.0 0.0 0.0 0.0 0.0 0.0 0.0 0.0 0.0 0.0 0.0;
	0.0 0.0 0.0 0.0 0.0 0.0 0.0 0.0 0.0 0.0 0.0 0.0;
	0.481 0.4252 0.4312 0.0 0.0 0.0 0.0 0.2 0.5309 0.0 0.0 0.0;
	4.1889 4.371 3.741 9.538 3.2824 386.7265 48.3408 35.9479 197.5128 25.436 9.0412 46.0647;
	11.3093 9.0133 8.024 11.3532 9.2826 446.1479 55.7685 68.1327 268.3339 105.2124 19.9051 190.5403;
	19.1157 15.2227 13.1179 11.6912 10.3619 450.8378 56.3547 69.988 275.3327 131.5862 29.8986 238.3034;
	24.1242 16.1402 13.5508 9.908 3.678 345.6063 43.2008 34.6479 244.8598 87.6923 18.6605 158.8113;
	25.4427 16.371 13.7627 10.5444 1.9598 370.5792 46.3224 45.0912 246.9546 88.6246 24.3173 160.4997;
	25.8773 16.6599 14.0161 10.3744 1.7128 373.3395 46.6674 54.9842 234.4427 74.3773 30.4859 134.6977;
	24.3866 16.3085 13.8242 7.1382 3.4643 171.6216 21.4527 33.136 147.6274 51.7555 25.0236 93.7296;
	22.3971 16.0065 13.3399 4.7963 4.1975 123.7107 15.4638 27.0612 141.0392 49.9905 16.3752 90.533;
	13.6154 9.0057 8.2538 3.4263 4.5154 97.7776 12.2222 19.4781 160.1071 50.1192 10.8404 90.7662;
	2.6094 2.1531 2.2824 2.0374 1.589 33.4043 4.1755 5.5118 141.2521 25.2797 5.0342 45.7817;
	0.4232 0.4055 0.5071 0.8976 1.0547 14.9348 1.8669 4.4104 20.2743 28.3292 4.3071 51.3043;
	0.0 0.0 0.0 0.0 0.0 0.0 0.0 0.0 0.0 0.0 0.0 0.0;
	0.0 0.0 0.0 0.0 0.0 0.0 0.0 0.0 0.0 0.0 0.0 0.0;
	0.0 0.0 0.0 0.0 0.0 0.0 0.0 0.0 0.0 0.0 0.0 0.0;
	0.0 0.0 0.0 0.0 0.0 0.0 0.0 0.0 0.0 0.0 0.0 0.0;
	0.0 0.0 0.0 0.0 0.0 0.0 0.0 0.0 0.0 0.0 0.0 0.0;
	0.0 0.0 0.0 0.0 0.0 0.0 0.0 0.0 0.0 0.0 0.0 0.0;
	0.0 0.0 0.0 0.0 0.0 0.0 0.0 0.0 0.0 0.0 0.0 0.0;
];
