function windprofile = ex_wind_profilesh1
%EX_WIND_PROFILE_D  Example wind_load_nyiso profile data for deterministic unit commitment.
% 2022.03.12
% Andres F. Ramirez


%% define constants
[GEN_BUS, PG, QG, QMAX, QMIN, VG, MBASE, GEN_STATUS, PMAX, PMIN, ...
    MU_PMAX, MU_PMIN, MU_QMAX, MU_QMIN, PC1, PC2, QC1MIN, QC1MAX, ...
    QC2MIN, QC2MAX, RAMP_AGC, RAMP_10, RAMP_30, RAMP_Q, APF] = idx_gen;
[CT_LABEL, CT_PROB, CT_TABLE, CT_TBUS, CT_TGEN, CT_TBRCH, CT_TAREABUS, ...
    CT_TAREAGEN, CT_TAREABRCH, CT_ROW, CT_COL, CT_CHGTYPE, CT_REP, ...
    CT_REL, CT_ADD, CT_NEWVAL, CT_TLOAD, CT_TAREALOAD, CT_LOAD_ALL_PQ, ...
    CT_LOAD_FIX_PQ, CT_LOAD_DIS_PQ, CT_LOAD_ALL_P, CT_LOAD_FIX_P, ...
    CT_LOAD_DIS_P, CT_TGENCOST, CT_TAREAGENCOST, CT_MODCOST_F, ...
    CT_MODCOST_X] = idx_ct;

windprofile = struct( ...
    'type', 'mpcData', ...
    'table', CT_TGEN, ...
    'rows', [1:45], ...
    'col', PMAX, ...
    'chgtype', 1, ...
    'values', [] );
windprofile.values(:,1,:) = [
	0.6499 8.7815 56.29 64.9073 7.4213 0.2163 0.0 8.5893 8.3581 16.7703 30.9997 46.2454 69.6223 2.6034 143.1413 53.9277 66.9102 70.9049 76.9134 68.0913 0.0 0.5047 59.5474 77.5255 51.7987 44.6281 4.4554 150.4488 336.5262 336.5262 233.8285 41.8701 256.3781 175.2672 8.1619 143.5845 382.5373 87.1431 12.9038 138.7466 64.864 2.3996 0.0 68.0262 386.5221;
	0.5503 7.4357 51.6032 64.3206 6.7241 0.2834 0.0 10.7528 5.0385 7.5851 14.0209 20.9165 31.4896 17.4213 120.6929 45.4703 56.4169 59.7851 67.8059 68.6312 0.0 0.6612 15.0885 75.1271 53.9267 49.591 6.2428 60.931 235.923 235.923 156.307 27.5543 226.0198 176.6569 54.6183 100.6605 305.1103 88.6643 36.319 144.4466 78.0151 3.1435 0.0788 92.517 308.2885;
	0.3052 4.124 56.5327 63.1941 5.7756 0.1514 1.2338 10.122 4.3712 8.5226 15.7539 23.5018 35.3818 31.8034 84.4125 31.8019 39.4579 41.8136 63.2297 66.2559 0.4113 0.3533 16.0434 78.0312 52.1901 53.622 5.6526 4.0826 145.4762 145.4762 60.9841 17.251 210.7658 170.543 99.7079 62.0698 193.1558 28.0901 29.7099 139.7949 66.5442 1.6795 0.0293 91.1452 195.1678;
	0.42 5.6757 64.2054 68.2888 8.2471 1.4782 1.2018 12.6647 4.952 12.6282 23.3431 34.8233 52.4263 25.4305 97.494 36.7303 45.5728 48.2935 47.309 66.6592 0.4006 3.4491 25.3941 81.1507 58.8791 63.306 7.3266 15.4866 246.5055 246.5055 100.966 21.6628 157.6967 171.5809 79.7279 105.1757 94.2033 8.71 49.7361 157.712 69.8062 16.3981 0.0471 121.4932 95.1846;
	0.4731 6.3925 77.8398 71.481 9.6103 0.1816 0.0 12.9126 0.0 14.0792 26.0252 38.8244 58.4499 7.939 118.7663 44.7445 55.5163 58.8307 48.1546 68.1289 0.0 0.4237 41.4203 80.9348 74.0218 69.5009 7.7155 13.8448 37.2717 37.2717 16.1055 11.7586 160.5153 175.3639 24.8898 15.9026 2.6538 2.4301 0.0 198.2727 67.4485 2.0144 0.0 135.0106 2.6814;
	0.4409 5.957 76.1016 58.1067 9.2367 2.5073 0.0 10.8299 0.0 8.0628 14.9039 22.2337 33.4727 0.1318 143.0349 53.8876 66.8605 70.8522 76.8267 66.8908 0.0 5.8503 15.0192 73.7759 49.5239 66.9924 6.674 23.3814 6.8967 6.8967 18.9638 10.8576 256.089 172.1771 0.4132 2.9426 1.264 1.8166 0.0 132.6532 49.1722 27.8138 11.7628 136.0537 1.2772;
	0.3817 5.1577 52.6021 35.1381 8.5812 1.8306 2.2203 6.0381 1.1857 6.36 11.7564 17.5383 26.4038 0.9531 114.6383 43.1893 53.5867 56.7859 55.9258 64.5029 0.7401 4.2713 0.1591 54.1225 29.5448 60.2444 3.1294 36.2187 23.3606 23.3606 68.2195 5.5178 186.4193 166.0306 2.988 9.9672 6.4288 18.1903 0.0 79.1379 24.67 20.3072 15.4026 131.1169 6.4958;
	0.3277 4.4279 29.1346 5.4673 3.0203 0.9523 2.3762 0.8063 0.9621 3.2563 6.0193 8.9796 13.5187 0.6412 65.7463 24.7695 30.7326 32.5673 15.4567 43.6292 0.7921 2.2221 1.4164 34.1359 25.5037 56.8699 3.2437 32.5379 57.4387 57.4387 90.058 22.9377 51.5223 112.3018 2.0102 24.5072 48.3864 27.3682 0.0 68.3134 10.6774 10.5644 0.0 104.3517 48.8904;
	0.5098 6.8891 25.8629 14.6483 2.9305 0.0 0.0 4.0688 0.0 0.1995 0.3688 0.5502 0.8283 2.7419 19.5001 7.3465 9.1151 9.6593 4.1465 17.4987 0.0 0.0 3.0188 35.481 24.8132 48.2072 3.6007 10.9533 24.5261 24.5261 94.4622 5.5882 13.8217 45.0418 8.5962 10.4645 19.0536 45.1805 0.0 66.464 8.9148 0.0 0.0 80.5986 19.252;
	0.6068 8.1998 31.1489 24.3893 7.0079 0.1731 0.0 4.3235 2.0758 0.7435 1.3744 2.0504 3.0868 9.0476 10.134 3.8179 4.737 5.0199 12.4848 8.36 0.0 0.4038 6.3989 41.3888 31.8266 47.3029 3.2344 45.7512 56.7994 56.7994 157.11 12.393 41.6161 21.5186 28.3655 24.2344 64.7046 75.7306 0.0 85.2498 13.1685 1.9199 34.1241 100.9437 65.3786;
	0.8287 11.197 42.7138 6.0166 9.2881 0.0 0.0 3.7459 0.0498 0.0055 0.0101 0.0151 0.0227 4.6392 2.4787 0.9339 1.1587 1.2278 2.4201 6.4187 0.0 0.0 1.7095 46.8524 49.6267 54.4402 1.6341 50.3439 75.8125 75.8125 315.6752 31.4086 8.067 16.5217 14.5446 32.3467 58.3511 83.5847 0.0 132.9286 16.4371 0.0002 0.0 106.2628 58.9589;
	1.3454 18.1794 62.337 0.0868 12.2037 0.0 0.002 3.502 0.2114 0.0 0.0 0.0 0.0 30.4072 0.7988 0.3009 0.3734 0.3957 1.3195 6.8962 0.0007 0.0 19.6333 60.5066 59.3887 52.5713 10.6395 131.3367 113.4852 113.4852 167.5104 6.9065 4.3982 17.7508 95.3307 48.4203 131.592 38.9415 0.091 159.0768 63.8638 0.0 0.0 139.8396 132.9627;
	2.2669 30.6303 83.7663 2.9037 14.0202 0.0 0.0 7.8762 0.4241 22.1673 40.9759 61.128 92.0279 8.5975 0.3417 0.1287 0.1597 0.1692 0.9048 6.8711 0.0 0.0 6.0685 74.7523 77.0803 56.3743 10.1383 193.954 174.4199 174.4199 98.3261 3.1919 3.0159 17.6863 26.9542 74.4192 189.4694 18.7984 0.0 206.4651 22.1874 0.0 99.5954 182.2089 191.443;
	2.003 27.0646 17.7891 1.7033 13.8819 18.4864 0.6402 2.6036 6.0354 0.0098 0.0181 0.027 0.0407 55.542 8.4304 3.1761 3.9407 4.176 0.0 7.4878 0.2134 43.1349 23.032 32.898 39.3882 33.4024 7.0442 162.0043 216.2614 216.2614 82.9277 7.6191 0.0 19.2736 174.1317 92.2715 200.6405 42.3173 0.9681 105.5042 27.0331 205.0755 76.9737 146.7219 202.7305;
	2.3464 31.7048 16.8726 0.3392 9.2608 0.4723 0.0138 2.7542 1.6932 0.0 0.0 0.0 0.0 33.4442 0.0623 0.0235 0.0291 0.0309 0.0 0.1465 0.0046 1.102 0.0 15.7321 16.5787 2.3139 2.9937 235.3578 256.5091 256.5091 111.8322 8.9716 0.0 0.377 104.8521 109.4439 257.5703 41.8184 3.2163 44.4072 32.5892 5.2392 78.9323 110.0344 260.2533;
	3.2077 43.3424 82.8858 0.0 13.2667 0.0028 0.3627 0.4392 0.0048 0.0049 0.0091 0.0136 0.0205 11.5793 1.2825 0.4832 0.5995 0.6353 0.1736 0.0968 0.1209 0.0065 20.3449 1.6509 0.1966 0.0541 1.5795 340.5336 279.9424 279.9424 181.8978 12.1685 0.5785 0.2493 36.3026 119.4421 314.9099 42.5829 5.659 0.5266 4.9842 0.0308 0.0 175.2347 318.1902;
	3.4302 46.3491 0.1676 0.0865 14.0016 0.126 0.1727 7.5355 0.0458 0.0 0.0 0.0 0.0 14.7296 0.0 0.0 0.0 0.0 0.0582 0.0 0.0576 0.2941 0.0 0.9485 0.0384 2.4039 4.9435 328.412 377.5477 377.5477 190.0589 26.4331 0.194 0.0 46.1793 161.087 456.2439 77.7637 17.9734 0.1029 24.4246 1.398 115.9978 217.6045 460.9964;
	2.7401 37.0252 0.0 0.0 13.7488 18.1338 0.0 3.144 0.3651 0.0 0.0 0.0 0.0 19.5722 0.037 0.0139 0.0173 0.0183 1.3257 0.0 0.0 42.3122 5.7256 0.2723 1.3605 0.7926 1.7293 496.6725 482.9138 482.9138 349.2452 35.8757 4.419 0.0 61.3614 206.0432 556.7657 101.6094 81.6163 3.6443 11.3284 201.1641 103.4762 212.4716 562.5654;
	3.1491 42.5514 81.2588 4.4759 14.1632 25.2787 0.0623 3.6579 7.1214 6.9095 12.7722 19.0536 28.6851 9.594 0.1935 0.0729 0.0904 0.0958 4.9973 37.3587 0.0208 58.9837 5.8515 1.3808 3.2559 59.2417 1.7585 637.4296 450.8759 450.8759 386.2704 48.4243 16.6578 96.1615 30.0784 192.3737 605.5974 79.6956 198.3447 8.7213 37.7129 280.4253 101.6374 189.2892 611.9057;
	3.1444 42.4872 2.9507 20.0817 14.445 5.2726 17.8079 9.0184 27.1502 20.2073 37.3529 55.7232 83.8909 33.8078 0.0 0.0 0.0 0.0 18.2176 13.922 5.936 12.3028 50.8864 4.1271 10.4701 54.1191 2.6783 693.6732 451.51 451.51 371.532 47.4963 60.7253 35.8352 105.9921 192.6443 581.5267 85.1893 263.9133 28.0448 43.714 58.4909 104.9026 178.5851 587.5843;
	3.436 46.4278 86.5476 20.409 14.6691 11.9191 6.6632 1.5703 28.0094 23.4392 43.3271 64.6355 97.3084 9.8679 21.8784 8.2426 10.2269 10.8375 43.0936 28.5505 2.2211 27.8112 71.271 82.7423 1.9017 60.6153 0.3205 586.5063 394.8485 394.8485 264.2139 57.4659 143.6455 73.4892 30.9372 168.4687 557.4809 82.0315 302.7046 5.0939 45.8197 132.2226 102.7021 175.7649 563.288;
