function solarprofile = ex_solar_profilesh1
%EX_WIND_PROFILE_D  Example wind_load_nyiso profile data for deterministic unit commitment.
% 2022.03.12
% Andres F. Ramirez


%% define constants
[GEN_BUS, PG, QG, QMAX, QMIN, VG, MBASE, GEN_STATUS, PMAX, PMIN, ...
    MU_PMAX, MU_PMIN, MU_QMAX, MU_QMIN, PC1, PC2, QC1MIN, QC1MAX, ...
    QC2MIN, QC2MAX, RAMP_AGC, RAMP_10, RAMP_30, RAMP_Q, APF] = idx_gen;
[CT_LABEL, CT_PROB, CT_TABLE, CT_TBUS, CT_TGEN, CT_TBRCH, CT_TAREABUS, ...
    CT_TAREAGEN, CT_TAREABRCH, CT_ROW, CT_COL, CT_CHGTYPE, CT_REP, ...
    CT_REL, CT_ADD, CT_NEWVAL, CT_TLOAD, CT_TAREALOAD, CT_LOAD_ALL_PQ, ...
    CT_LOAD_FIX_PQ, CT_LOAD_DIS_PQ, CT_LOAD_ALL_P, CT_LOAD_FIX_P, ...
    CT_LOAD_DIS_P, CT_TGENCOST, CT_TAREAGENCOST, CT_MODCOST_F, ...
    CT_MODCOST_X] = idx_ct;

solarprofile = struct( ...
    'type', 'mpcData', ...
    'table', CT_TGEN, ...
    'rows', [1:12], ...
    'col', PMAX, ...
    'chgtype', 1, ...
    'values', [] );
solarprofile.values(:,1,:) = [
	0.0 0.0 0.0 0.0 0.0 0.0 0.0 0.0 0.0 0.0 0.0 0.0;
	0.0 0.0 0.0 0.0 0.0 0.0 0.0 0.0 0.0 0.0 0.0 0.0;
	0.0 0.0 0.0 0.0 0.0 0.0 0.0 0.0 0.0 0.0 0.0 0.0;
	0.0 0.0 0.0 0.0 0.0 0.0 0.0 0.0 0.0 0.0 0.0 0.0;
	0.0 0.0 0.0 0.0 0.0 0.0 0.0 0.0 0.0 0.0 0.0 0.0;
	0.4731 0.4018 0.4224 0.0 0.0 0.0 0.0 0.2 0.0 0.0 0.0 0.0;
	7.5545 2.0478 3.8146 2.2484 4.4482 198.2198 24.7775 33.0976 54.6428 13.2473 6.935 23.9909;
	18.4645 9.923 11.556 5.999 7.1591 422.2805 52.7851 71.4371 179.0097 33.2938 17.4745 60.2953;
	22.9724 16.4332 13.8 9.0685 8.1115 439.2356 54.9045 74.2674 242.4525 64.7856 31.8219 117.3272;
	23.923 16.0409 13.6408 6.995 5.6472 314.1588 39.2699 53.3937 209.7731 123.5687 41.2954 223.7836;
	23.9809 16.2102 13.7627 5.9256 4.7677 312.7946 39.0993 55.9044 238.7193 144.4334 45.9923 261.5698;
	22.0268 16.1496 13.5726 3.1612 4.19 318.9329 39.8666 57.4281 239.2996 95.4042 32.6893 172.7775;
	7.4637 6.4742 7.4456 1.2959 4.7753 192.6252 24.0782 23.4105 138.3303 7.8058 6.391 14.1364;
	7.2354 4.7256 6.9483 1.68 5.6597 181.1151 22.6394 18.166 111.1526 3.5813 3.1614 6.4858;
	6.4148 4.665 5.7041 2.3557 6.4574 135.6699 16.9587 14.9719 89.7706 10.5251 6.2406 19.061;
	3.0338 2.2364 2.4724 1.5637 3.7681 20.4166 2.5521 10.2545 20.0641 17.2483 8.7267 31.2367;
	0.5226 0.5585 0.5071 0.5568 1.1385 3.7038 0.463 6.3101 3.1184 8.4246 9.0574 15.257;
	0.0 0.0 0.0 0.0 0.0 0.0 0.0 0.0 0.0 0.0 0.0 0.0;
	0.0 0.0 0.0 0.0 0.0 0.0 0.0 0.0 0.0 0.0 0.0 0.0;
	0.0 0.0 0.0 0.0 0.0 0.0 0.0 0.0 0.0 0.0 0.0 0.0;
	0.0 0.0 0.0 0.0 0.0 0.0 0.0 0.0 0.0 0.0 0.0 0.0;
	0.0 0.0 0.0 0.0 0.0 0.0 0.0 0.0 0.0 0.0 0.0 0.0;
	0.0 0.0 0.0 0.0 0.0 0.0 0.0 0.0 0.0 0.0 0.0 0.0;
	0.0 0.0 0.0 0.0 0.0 0.0 0.0 0.0 0.0 0.0 0.0 0.0;
];
