function loadprofile = ex_load_profilesh1
%EX_LOAD_PROFILE  Example load profile data file for stochastic unit commitment.
% 2022.03.12
% Andres F. Ramirez

%% define constants
[CT_LABEL, CT_PROB, CT_TABLE, CT_TBUS, CT_TGEN, CT_TBRCH, CT_TAREABUS, ...
    CT_TAREAGEN, CT_TAREABRCH, CT_ROW, CT_COL, CT_CHGTYPE, CT_REP, ...
    CT_REL, CT_ADD, CT_NEWVAL, CT_TLOAD, CT_TAREALOAD, CT_LOAD_ALL_PQ, ...
    CT_LOAD_FIX_PQ, CT_LOAD_DIS_PQ, CT_LOAD_ALL_P, CT_LOAD_FIX_P, ...
    CT_LOAD_DIS_P, CT_TGENCOST, CT_TAREAGENCOST, CT_MODCOST_F, ...
    CT_MODCOST_X] = idx_ct;

loadprofile = struct( ...
    'type', 'mpcData', ...
    'table', CT_TAREALOAD, ...
    'rows', [1:11], ...
    'col', CT_LOAD_ALL_P, ...
    'chgtype', 1, ...
    'values', [] );
loadprofile.values(:,1,:) = [
	1509.632 964.9 1681.8755 605.9491 901.4 1208.9397 936.8 308.7508 523.9939 4858.6525 1755.9158;
	1517.8299 964.6467 1682.4 608.8 885.7 1188.6546 936.4061 287.0317 518.6402 4753.6291 1742.1969;
	1533.6622 989.6155 1713.2509 606.7877 902.599 1223.9686 955.1445 300.6699 531.5325 4740.0976 1758.9;
	1580.1119 1055.3 1831.305 613.5332 951.3869 1270.81 995.5816 303.9 569.502 4944.7 1879.4644;
	1720.6585 1165.2553 1990.4131 622.1629 1062.859 1415.3 1086.6019 336.9 650.1227 5551.2505 2105.4599;
	1813.3259 1223.9748 2075.4154 609.0906 1081.6942 1489.4116 1145.1608 377.9544 712.8 6154.1181 2248.6898;
	1755.4009 1209.4615 2069.7087 591.4 1072.8506 1456.5032 1144.2 365.5 724.9 6340.196 2223.0713;
	1749.6263 1185.417 2028.1872 601.0896 1012.0333 1436.4652 1109.1031 347.2935 706.303 6499.1478 2141.5263;
	1724.0278 1113.4803 1956.1041 606.7 977.5097 1347.963 1065.2153 318.654 692.6 6407.8187 1939.2975;
	1733.5018 1117.8736 1950.1266 611.1796 951.7917 1344.1087 1038.2853 310.8933 680.3092 6261.1967 1685.9635;
	1692.0725 1152.268 1995.3981 619.6607 966.3425 1334.9838 1016.5603 290.3593 671.5298 6294.0004 1721.5186;
	1716.2074 1148.917 1993.0569 616.5855 1001.3992 1363.1297 1038.8 298.5 662.4774 6382.4157 1795.9919;
	1733.3782 1170.6474 1968.5 611.6 983.1069 1334.1664 1015.5416 287.7923 648.1177 6351.0772 1807.5407;
	1674.5433 1146.1654 1924.4416 611.3306 950.9703 1293.8472 984.9143 292.7155 616.1853 6302.1956 1523.1541;
	1674.1665 1123.4744 1854.1456 598.8029 954.655 1334.935 1013.3484 305.4274 576.3267 6278.8797 1922.7624;
	1718.6421 1158.3772 1911.232 598.4926 984.6851 1401.3247 1020.1071 333.2043 531.5222 6318.5368 2114.3264;
	1738.6356 1177.7331 1892.1 598.3 1014.4795 1436.5071 1055.037 350.4911 600.219 6297.3238 2046.6971;
	1784.4161 1209.2382 1991.0462 607.4395 1080.1817 1507.3594 1125.3867 388.3 660.673 6495.1521 2411.5855;
	1796.1274 1216.0 2009.4517 597.9364 1062.2 1483.6516 1095.1427 365.3 670.212 6224.9058 2342.2288;
	1756.0714 1155.8473 1896.3695 583.5023 1005.6645 1409.5 1004.0859 350.2 640.3391 5973.6351 2151.8617;
	1681.0476 1063.5747 1755.3108 558.5933 922.1126 1289.3962 918.9139 324.3 557.4642 5650.513 1911.6004;
	1597.5038 1008.3072 1683.201 558.0154 878.1 1223.5591 892.3961 283.6545 524.7803 5228.2661 1810.4918;
	1471.1476 978.4973 1683.7048 561.1786 875.8125 1161.8024 891.2 284.7255 521.9138 4954.8857 1831.5098;
	1434.0189 947.0146 1654.9703 556.8 870.756 1130.3019 876.0 269.1007 514.4287 4755.9974 1775.6059;
];
