function solarprofile = ex_solar_profilesh1
%EX_WIND_PROFILE_D  Example wind_load_nyiso profile data for deterministic unit commitment.
% 2022.03.12
% Andres F. Ramirez


%% define constants
[GEN_BUS, PG, QG, QMAX, QMIN, VG, MBASE, GEN_STATUS, PMAX, PMIN, ...
    MU_PMAX, MU_PMIN, MU_QMAX, MU_QMIN, PC1, PC2, QC1MIN, QC1MAX, ...
    QC2MIN, QC2MAX, RAMP_AGC, RAMP_10, RAMP_30, RAMP_Q, APF] = idx_gen;
[CT_LABEL, CT_PROB, CT_TABLE, CT_TBUS, CT_TGEN, CT_TBRCH, CT_TAREABUS, ...
    CT_TAREAGEN, CT_TAREABRCH, CT_ROW, CT_COL, CT_CHGTYPE, CT_REP, ...
    CT_REL, CT_ADD, CT_NEWVAL, CT_TLOAD, CT_TAREALOAD, CT_LOAD_ALL_PQ, ...
    CT_LOAD_FIX_PQ, CT_LOAD_DIS_PQ, CT_LOAD_ALL_P, CT_LOAD_FIX_P, ...
    CT_LOAD_DIS_P, CT_TGENCOST, CT_TAREAGENCOST, CT_MODCOST_F, ...
    CT_MODCOST_X] = idx_ct;

solarprofile = struct( ...
    'type', 'mpcData', ...
    'table', CT_TGEN, ...
    'rows', [1:12], ...
    'col', PMAX, ...
    'chgtype', 1, ...
    'values', [] );
solarprofile.values(:,1,:) = [
	0.0 0.0 0.0 0.0 0.0 0.0 0.0 0.0 0.0 0.0 0.0 0.0;
	0.0 0.0 0.0 0.0 0.0 0.0 0.0 0.0 0.0 0.0 0.0 0.0;
	0.0 0.0 0.0 0.0 0.0 0.0 0.0 0.0 0.0 0.0 0.0 0.0;
	0.0 0.0 0.0 0.0 0.0 0.0 0.0 0.0 0.0 0.0 0.0 0.0;
	0.0 0.0 0.0 0.0 0.0 0.0 0.0 0.0 0.0 0.0 0.0 0.0;
	0.5075 0.4288 0.4416 0.0 0.0 0.0 0.0 0.2 0.0 0.0 0.0 0.0;
	12.8968 10.848 8.6842 0.6583 4.7343 249.5883 31.1985 45.4771 189.1515 11.6315 1.3976 21.0647;
	21.0356 14.987 12.4863 3.6217 5.0189 418.1051 52.2631 68.8599 255.7924 14.2837 2.4426 25.8679;
	23.585 16.6083 13.8 8.3595 5.8521 437.7102 54.7138 69.9793 265.9001 26.8558 11.346 48.6359;
	24.8312 16.1547 13.6408 7.9345 5.0126 341.3188 42.6648 46.5227 207.6156 83.5251 41.6438 151.2645;
	25.2352 16.371 13.7627 7.6537 6.2624 320.2473 40.0309 46.1231 180.7496 104.4658 41.2124 189.1881;
	25.0278 16.3954 13.6145 6.684 5.85 238.1728 29.7716 40.6723 100.8014 101.828 26.9324 184.4112;
	10.1204 10.8657 7.9557 2.9409 4.701 60.841 7.6051 6.9239 48.4708 76.1309 15.588 137.8736;
	7.6184 9.9027 7.4428 1.9288 3.9234 93.5734 11.6967 8.5704 84.6927 60.0813 18.3347 108.8076;
	6.8566 7.1239 6.0504 1.6237 3.8864 144.6876 18.0859 10.5315 117.9923 46.429 19.4996 84.0832;
	3.3278 3.5077 4.4694 1.0818 1.3455 194.8988 24.3623 5.5107 96.4284 13.6663 6.9032 24.7497;
	0.4733 0.6568 0.4847 0.5173 0.6805 25.2742 3.1593 1.1849 5.7045 6.6831 2.4179 12.1031;
	0.0 0.0 0.0 0.0 0.0 0.0 0.0 0.0 0.0 0.0 0.0 0.0;
	0.0 0.0 0.0 0.0 0.0 0.0 0.0 0.0 0.0 0.0 0.0 0.0;
	0.0 0.0 0.0 0.0 0.0 0.0 0.0 0.0 0.0 0.0 0.0 0.0;
	0.0 0.0 0.0 0.0 0.0 0.0 0.0 0.0 0.0 0.0 0.0 0.0;
	0.0 0.0 0.0 0.0 0.0 0.0 0.0 0.0 0.0 0.0 0.0 0.0;
	0.0 0.0 0.0 0.0 0.0 0.0 0.0 0.0 0.0 0.0 0.0 0.0;
	0.0 0.0 0.0 0.0 0.0 0.0 0.0 0.0 0.0 0.0 0.0 0.0;
];
