function solarprofile = ex_solar_profilesh1
%EX_WIND_PROFILE_D  Example wind_load_nyiso profile data for deterministic unit commitment.
% 2022.03.12
% Andres F. Ramirez


%% define constants
[GEN_BUS, PG, QG, QMAX, QMIN, VG, MBASE, GEN_STATUS, PMAX, PMIN, ...
    MU_PMAX, MU_PMIN, MU_QMAX, MU_QMIN, PC1, PC2, QC1MIN, QC1MAX, ...
    QC2MIN, QC2MAX, RAMP_AGC, RAMP_10, RAMP_30, RAMP_Q, APF] = idx_gen;
[CT_LABEL, CT_PROB, CT_TABLE, CT_TBUS, CT_TGEN, CT_TBRCH, CT_TAREABUS, ...
    CT_TAREAGEN, CT_TAREABRCH, CT_ROW, CT_COL, CT_CHGTYPE, CT_REP, ...
    CT_REL, CT_ADD, CT_NEWVAL, CT_TLOAD, CT_TAREALOAD, CT_LOAD_ALL_PQ, ...
    CT_LOAD_FIX_PQ, CT_LOAD_DIS_PQ, CT_LOAD_ALL_P, CT_LOAD_FIX_P, ...
    CT_LOAD_DIS_P, CT_TGENCOST, CT_TAREAGENCOST, CT_MODCOST_F, ...
    CT_MODCOST_X] = idx_ct;

solarprofile = struct( ...
    'type', 'mpcData', ...
    'table', CT_TGEN, ...
    'rows', [1:12], ...
    'col', PMAX, ...
    'chgtype', 1, ...
    'values', [] );
solarprofile.values(:,1,:) = [
	0.0 0.0 0.0 0.0 0.0 0.0 0.0 0.0 0.0 0.0 0.0 0.0;
	0.0 0.0 0.0 0.0 0.0 0.0 0.0 0.0 0.0 0.0 0.0 0.0;
	0.0 0.0 0.0 0.0 0.0 0.0 0.0 0.0 0.0 0.0 0.0 0.0;
	0.0 0.0 0.0 0.0 0.0 0.0 0.0 0.0 0.0 0.0 0.0 0.0;
	0.0 0.0 0.0 0.0 0.0 0.0 0.0 0.0 0.0 0.0 0.0 0.0;
	0.4731 0.4018 0.4224 0.0 0.0 0.0 0.0 0.2 0.0 0.0 0.0 0.0;
	8.7044 10.5936 5.9533 1.6233 3.8382 273.2107 34.1513 29.3891 177.5011 11.4376 9.4747 20.7136;
	10.839 13.8077 8.7519 5.5764 6.5563 440.2141 55.0268 60.7698 276.4587 56.9907 83.5983 103.2106;
	12.0142 16.4558 12.7692 8.0483 8.1039 449.7043 56.213 63.5667 278.7398 117.9102 117.2249 213.5361;
	17.526 16.1183 13.5967 4.2416 5.8163 254.2241 31.778 19.9727 136.5711 83.2808 40.8108 150.8221;
	25.0592 16.4187 13.8172 5.8512 6.0289 165.209 20.6511 36.5199 120.9274 51.4616 27.9261 93.1973;
	25.3777 16.6836 13.9371 6.7234 4.8509 152.4796 19.06 42.7606 126.3736 42.7966 26.6287 77.505;
	11.8327 11.3118 7.8197 6.1985 1.8738 93.0947 11.6368 4.2537 45.1998 41.4225 24.823 75.0163;
	4.414 6.4318 2.7265 4.7024 1.3299 103.6082 12.951 1.9068 32.7831 51.2059 20.3063 92.7342;
	2.03 3.1031 1.1224 3.2738 1.6648 105.3942 13.1743 0.5592 21.9763 38.9023 14.2016 70.4522;
	0.635 0.6974 0.9493 1.3995 0.8036 37.9495 4.7437 1.0734 2.9599 10.6657 5.8603 19.3156;
	0.3724 0.3067 0.3508 1.0691 0.8195 15.3186 1.9148 1.6736 3.5294 7.6387 9.9575 13.8338;
	0.0 0.0 0.0 0.0 0.0 0.0 0.0 0.0 0.0 0.0 0.0 0.0;
	0.0 0.0 0.0 0.0 0.0 0.0 0.0 0.0 0.0 0.0 0.0 0.0;
	0.0 0.0 0.0 0.0 0.0 0.0 0.0 0.0 0.0 0.0 0.0 0.0;
	0.0 0.0 0.0 0.0 0.0 0.0 0.0 0.0 0.0 0.0 0.0 0.0;
	0.0 0.0 0.0 0.0 0.0 0.0 0.0 0.0 0.0 0.0 0.0 0.0;
	0.0 0.0 0.0 0.0 0.0 0.0 0.0 0.0 0.0 0.0 0.0 0.0;
	0.0 0.0 0.0 0.0 0.0 0.0 0.0 0.0 0.0 0.0 0.0 0.0;
];
