function solarprofile = ex_solar_profilesh1
%EX_WIND_PROFILE_D  Example wind_load_nyiso profile data for deterministic unit commitment.
% 2022.03.12
% Andres F. Ramirez


%% define constants
[GEN_BUS, PG, QG, QMAX, QMIN, VG, MBASE, GEN_STATUS, PMAX, PMIN, ...
    MU_PMAX, MU_PMIN, MU_QMAX, MU_QMIN, PC1, PC2, QC1MIN, QC1MAX, ...
    QC2MIN, QC2MAX, RAMP_AGC, RAMP_10, RAMP_30, RAMP_Q, APF] = idx_gen;
[CT_LABEL, CT_PROB, CT_TABLE, CT_TBUS, CT_TGEN, CT_TBRCH, CT_TAREABUS, ...
    CT_TAREAGEN, CT_TAREABRCH, CT_ROW, CT_COL, CT_CHGTYPE, CT_REP, ...
    CT_REL, CT_ADD, CT_NEWVAL, CT_TLOAD, CT_TAREALOAD, CT_LOAD_ALL_PQ, ...
    CT_LOAD_FIX_PQ, CT_LOAD_DIS_PQ, CT_LOAD_ALL_P, CT_LOAD_FIX_P, ...
    CT_LOAD_DIS_P, CT_TGENCOST, CT_TAREAGENCOST, CT_MODCOST_F, ...
    CT_MODCOST_X] = idx_ct;

solarprofile = struct( ...
    'type', 'mpcData', ...
    'table', CT_TGEN, ...
    'rows', [1:12], ...
    'col', PMAX, ...
    'chgtype', 1, ...
    'values', [] );
solarprofile.values(:,1,:) = [
	0.0 0.0 0.0 0.0 0.0 0.0 0.0 0.0 0.0 0.0 0.0 0.0;
	0.0 0.0 0.0 0.0 0.0 0.0 0.0 0.0 0.0 0.0 0.0 0.0;
	0.0 0.0 0.0 0.0 0.0 0.0 0.0 0.0 0.0 0.0 0.0 0.0;
	0.0 0.0 0.0 0.0 0.0 0.0 0.0 0.0 0.0 0.0 0.0 0.0;
	0.0 0.0 0.0 0.0 0.0 0.0 0.0 0.0 0.0 0.0 0.0 0.0;
	0.4731 0.4018 0.4224 0.0 0.0 0.0 0.0 0.2 0.0 0.0 0.0 0.0;
	9.2568 6.7592 5.8826 3.5334 9.3212 274.4004 34.3 60.0363 79.2894 15.8516 2.5797 28.7073;
	16.3923 11.7017 9.3349 9.674 9.8493 431.5727 53.9466 75.4488 251.9708 29.3085 1.401 53.0779;
	18.1987 16.2945 12.328 10.7685 8.9802 443.9632 55.4954 76.5641 261.4957 36.7194 0.0 66.4991;
	16.5057 15.9605 9.2348 6.7553 5.9841 308.3589 38.5449 64.7184 34.0607 58.6807 0.0 106.2711;
	19.0365 16.2845 11.8262 5.9579 6.3972 316.9015 39.6127 67.4595 28.7199 85.0115 1.203 153.9564;
	19.5071 16.1755 12.8262 5.6139 6.5605 313.0422 39.1303 68.7281 32.5471 92.4872 6.4672 167.4949;
	4.9372 8.0655 4.5232 5.4657 8.0564 94.7198 11.84 37.784 31.7903 87.6607 11.1285 158.7541;
	3.8184 6.5877 2.3303 5.1099 7.4313 65.2689 8.1586 26.4476 40.6213 72.3245 8.0267 130.9801;
	3.6407 6.3518 1.5824 4.257 6.4232 41.4195 5.1774 19.3058 37.4503 46.5596 4.0993 84.3196;
	2.5706 2.6787 1.4239 1.5319 0.8423 7.8087 0.9761 9.2243 11.6794 9.0268 0.0 16.3476;
	0.4149 0.3877 0.3621 0.4647 0.1091 7.8772 0.9846 4.6031 10.9404 2.6101 2.0502 4.7269;
	0.0 0.0 0.0 0.0 0.0 0.0 0.0 0.0 0.0 0.0 0.0 0.0;
	0.0 0.0 0.0 0.0 0.0 0.0 0.0 0.0 0.0 0.0 0.0 0.0;
	0.0 0.0 0.0 0.0 0.0 0.0 0.0 0.0 0.0 0.0 0.0 0.0;
	0.0 0.0 0.0 0.0 0.0 0.0 0.0 0.0 0.0 0.0 0.0 0.0;
	0.0 0.0 0.0 0.0 0.0 0.0 0.0 0.0 0.0 0.0 0.0 0.0;
	0.0 0.0 0.0 0.0 0.0 0.0 0.0 0.0 0.0 0.0 0.0 0.0;
	0.0 0.0 0.0 0.0 0.0 0.0 0.0 0.0 0.0 0.0 0.0 0.0;
];
