function solarprofile = ex_solar_profilesh1
%EX_WIND_PROFILE_D  Example wind_load_nyiso profile data for deterministic unit commitment.
% 2022.03.12
% Andres F. Ramirez


%% define constants
[GEN_BUS, PG, QG, QMAX, QMIN, VG, MBASE, GEN_STATUS, PMAX, PMIN, ...
    MU_PMAX, MU_PMIN, MU_QMAX, MU_QMIN, PC1, PC2, QC1MIN, QC1MAX, ...
    QC2MIN, QC2MAX, RAMP_AGC, RAMP_10, RAMP_30, RAMP_Q, APF] = idx_gen;
[CT_LABEL, CT_PROB, CT_TABLE, CT_TBUS, CT_TGEN, CT_TBRCH, CT_TAREABUS, ...
    CT_TAREAGEN, CT_TAREABRCH, CT_ROW, CT_COL, CT_CHGTYPE, CT_REP, ...
    CT_REL, CT_ADD, CT_NEWVAL, CT_TLOAD, CT_TAREALOAD, CT_LOAD_ALL_PQ, ...
    CT_LOAD_FIX_PQ, CT_LOAD_DIS_PQ, CT_LOAD_ALL_P, CT_LOAD_FIX_P, ...
    CT_LOAD_DIS_P, CT_TGENCOST, CT_TAREAGENCOST, CT_MODCOST_F, ...
    CT_MODCOST_X] = idx_ct;

solarprofile = struct( ...
    'type', 'mpcData', ...
    'table', CT_TGEN, ...
    'rows', [1:12], ...
    'col', PMAX, ...
    'chgtype', 1, ...
    'values', [] );
solarprofile.values(:,1,:) = [
	0.0 0.0 0.0 0.0 0.0 0.0 0.0 0.0 0.0 0.0 0.0 0.0;
	0.0 0.0 0.0 0.0 0.0 0.0 0.0 0.0 0.0 0.0 0.0 0.0;
	0.0 0.0 0.0 0.0 0.0 0.0 0.0 0.0 0.0 0.0 0.0 0.0;
	0.0 0.0 0.0 0.0 0.0 0.0 0.0 0.0 0.0 0.0 0.0 0.0;
	0.0 0.0 0.0 0.0 0.0 0.0 0.0 0.0 0.0 0.0 0.0 0.0;
	0.4731 0.4018 0.4224 0.0 0.0 0.0 0.0 0.2 0.0 0.0 0.0 0.0;
	18.2276 13.033 7.6176 2.3813 5.0559 128.0072 16.0009 46.8215 155.2913 11.5854 4.6282 20.9812;
	22.212 16.5264 13.1303 4.2594 4.8447 339.8611 42.4826 71.788 260.8547 32.0044 13.1173 57.9601;
	22.9638 16.6875 13.8008 6.935 4.321 368.6497 46.0812 75.1917 269.8956 54.6187 23.6202 98.9148;
	23.8928 16.1547 13.6408 4.2327 2.1824 315.6105 39.4513 73.4815 199.5186 81.8353 48.5402 148.2043;
	25.0276 16.371 13.7627 5.1077 4.2448 389.1363 48.642 77.4486 259.1901 95.7453 121.8741 173.3954;
	24.9751 16.3954 13.6538 5.0243 5.8487 429.0416 53.6302 78.2261 282.982 98.0662 159.4162 177.5985;
	8.6856 9.9783 4.8365 3.4023 6.7089 311.5907 38.9488 63.7999 241.9942 79.6669 51.9086 144.2772;
	6.0749 7.1695 2.5657 2.4809 5.1074 234.0067 29.2508 50.1863 164.3096 69.1403 31.4163 125.2135;
	4.4017 5.6236 1.5967 2.0038 3.4892 152.0963 19.012 33.8663 89.0364 57.4636 17.0675 104.0669;
	2.128 1.4322 1.0166 0.9294 0.2298 44.1973 5.5247 8.5797 16.436 17.7994 5.93 32.2348;
	0.3557 0.3047 0.2996 0.3459 0.1948 20.0699 2.5087 1.6689 11.5535 7.5834 4.0747 13.7336;
	0.0 0.0 0.0 0.0 0.0 0.0 0.0 0.0 0.0 0.0 0.0 0.0;
	0.0 0.0 0.0 0.0 0.0 0.0 0.0 0.0 0.0 0.0 0.0 0.0;
	0.0 0.0 0.0 0.0 0.0 0.0 0.0 0.0 0.0 0.0 0.0 0.0;
	0.0 0.0 0.0 0.0 0.0 0.0 0.0 0.0 0.0 0.0 0.0 0.0;
	0.0 0.0 0.0 0.0 0.0 0.0 0.0 0.0 0.0 0.0 0.0 0.0;
	0.0 0.0 0.0 0.0 0.0 0.0 0.0 0.0 0.0 0.0 0.0 0.0;
	0.0 0.0 0.0 0.0 0.0 0.0 0.0 0.0 0.0 0.0 0.0 0.0;
];
