function loadprofile = ex_load_profilesh1
%EX_LOAD_PROFILE  Example load profile data file for stochastic unit commitment.
% 2022.03.12
% Andres F. Ramirez

%% define constants
[CT_LABEL, CT_PROB, CT_TABLE, CT_TBUS, CT_TGEN, CT_TBRCH, CT_TAREABUS, ...
    CT_TAREAGEN, CT_TAREABRCH, CT_ROW, CT_COL, CT_CHGTYPE, CT_REP, ...
    CT_REL, CT_ADD, CT_NEWVAL, CT_TLOAD, CT_TAREALOAD, CT_LOAD_ALL_PQ, ...
    CT_LOAD_FIX_PQ, CT_LOAD_DIS_PQ, CT_LOAD_ALL_P, CT_LOAD_FIX_P, ...
    CT_LOAD_DIS_P, CT_TGENCOST, CT_TAREAGENCOST, CT_MODCOST_F, ...
    CT_MODCOST_X] = idx_ct;

loadprofile = struct( ...
    'type', 'mpcData', ...
    'table', CT_TAREALOAD, ...
    'rows', [1:11], ...
    'col', CT_LOAD_ALL_P, ...
    'chgtype', 1, ...
    'values', [] );
loadprofile.values(:,1,:) = [
	1517.7452 967.3186 1623.9425 581.3049 820.7915 1184.6 908.8067 282.4094 503.3472 4619.5979 1725.1327;
	1522.6163 988.5007 1617.1888 585.9004 810.5754 1187.9491 896.3423 271.7 478.298 4592.7152 1732.2999;
	1515.5066 983.325 1656.8 584.2168 846.7327 1227.1892 899.875 276.5 490.3464 4567.2102 1746.0158;
	1611.5947 1065.3 1763.1 594.1 884.749 1297.491 956.4753 306.6374 540.6564 4823.8219 1854.9872;
	1747.5541 1180.0 1934.3533 613.6 966.4778 1427.1693 1067.2516 346.8618 628.2887 5404.757 2120.1639;
	1839.366 1261.15 2050.5974 628.5408 1015.4391 1495.0939 1105.5299 366.4986 683.8047 5871.4184 2197.8768;
	1864.2311 1265.9371 2014.8912 608.8 1011.5341 1520.5987 1105.0 377.5744 696.9328 6274.3962 2266.3462;
	1868.387 1239.4728 2001.8541 594.382 977.4 1512.5609 1099.7275 369.2764 714.5389 6519.0532 2222.7975;
	1870.0563 1234.0 1969.0 598.8 962.211 1491.1189 1037.8942 376.861 715.611 6540.0996 2122.1528;
	1853.7999 1235.9217 1935.8815 603.9894 990.3127 1515.4386 1021.9838 368.5269 705.0983 6582.8891 2145.5728;
	1792.9213 1232.4586 1951.9566 601.9085 980.1208 1530.724 1017.8911 353.5958 708.9567 6477.5492 2102.4967;
	1803.5676 1197.1792 1913.128 593.8554 957.4925 1481.4243 995.1426 371.3948 683.8 6479.3335 1979.2255;
	1776.6028 1182.9031 1881.0793 591.4559 956.8584 1461.7154 1001.7848 367.9937 670.246 6480.0212 2001.0833;
	1734.2 1197.546 1885.1674 608.754 944.2147 1481.3155 1011.1469 370.3208 679.5 6486.0869 2096.8335;
	1752.3434 1141.5272 1873.9839 605.1296 965.0343 1441.0462 1018.965 388.5948 675.9757 6398.6547 2069.5887;
	1758.1244 1139.8069 1907.8264 600.1699 1005.3624 1463.1 1018.8384 362.3576 676.9206 6404.3082 1921.6416;
	1715.0581 1160.0 1938.4137 615.5702 1022.8 1531.3953 1060.4712 359.431 682.4552 6212.7552 2160.974;
	1769.7 1231.0791 2047.6 614.5 1032.8619 1574.4634 1136.3003 391.8 731.1101 6313.6 2413.7748;
	1732.3103 1192.787 2000.8864 617.9867 998.428 1521.6501 1106.8799 382.7604 721.3463 6113.4434 2376.8986;
	1739.0 1139.6596 1920.52 611.6211 953.6954 1492.4944 1083.517 372.5376 686.3 5927.5219 2337.0;
	1694.623 1060.0383 1832.6205 591.149 915.7 1346.3178 999.8453 328.6585 619.1858 5524.4493 2122.5499;
	1603.5255 965.5265 1707.9552 575.5411 832.1092 1235.3688 938.7984 303.988 562.1 5054.6848 1896.6108;
	1512.6635 950.0797 1612.1 552.9305 793.7189 1174.9596 879.1754 299.5315 558.7009 4859.8026 1804.3283;
	1481.1 933.1 1603.5533 575.0953 797.8574 1181.292 847.8454 284.8867 538.4355 4720.2566 1711.076;
];
