function solarprofile = ex_solar_profilesh1
%EX_WIND_PROFILE_D  Example wind_load_nyiso profile data for deterministic unit commitment.
% 2022.03.12
% Andres F. Ramirez


%% define constants
[GEN_BUS, PG, QG, QMAX, QMIN, VG, MBASE, GEN_STATUS, PMAX, PMIN, ...
    MU_PMAX, MU_PMIN, MU_QMAX, MU_QMIN, PC1, PC2, QC1MIN, QC1MAX, ...
    QC2MIN, QC2MAX, RAMP_AGC, RAMP_10, RAMP_30, RAMP_Q, APF] = idx_gen;
[CT_LABEL, CT_PROB, CT_TABLE, CT_TBUS, CT_TGEN, CT_TBRCH, CT_TAREABUS, ...
    CT_TAREAGEN, CT_TAREABRCH, CT_ROW, CT_COL, CT_CHGTYPE, CT_REP, ...
    CT_REL, CT_ADD, CT_NEWVAL, CT_TLOAD, CT_TAREALOAD, CT_LOAD_ALL_PQ, ...
    CT_LOAD_FIX_PQ, CT_LOAD_DIS_PQ, CT_LOAD_ALL_P, CT_LOAD_FIX_P, ...
    CT_LOAD_DIS_P, CT_TGENCOST, CT_TAREAGENCOST, CT_MODCOST_F, ...
    CT_MODCOST_X] = idx_ct;

solarprofile = struct( ...
    'type', 'mpcData', ...
    'table', CT_TGEN, ...
    'rows', [1:12], ...
    'col', PMAX, ...
    'chgtype', 1, ...
    'values', [] );
solarprofile.values(:,1,:) = [
	0.0 0.0 0.0 0.0 0.0 0.0 0.0 0.0 0.0 0.0 0.0 0.0;
	0.0 0.0 0.0 0.0 0.0 0.0 0.0 0.0 0.0 0.0 0.0 0.0;
	0.0 0.0 0.0 0.0 0.0 0.0 0.0 0.0 0.0 0.0 0.0 0.0;
	0.0 0.0 0.0 0.0 0.0 0.0 0.0 0.0 0.0 0.0 0.0 0.0;
	0.0 0.0 0.0 0.0 0.0 0.0 0.0 0.0 0.0 0.0 0.0 0.0;
	0.4731 0.408 0.429 0.0 0.0 0.0 0.0 0.2 0.0 0.0 0.0 0.0;
	8.4658 7.0632 4.3785 1.336 1.2332 202.4805 25.3101 38.4927 150.5518 15.7521 13.3567 28.5272;
	20.1021 13.7772 11.8349 4.5576 3.1651 433.4975 54.1872 71.5838 256.1787 22.0694 20.8767 39.9678;
	24.0437 16.6083 13.8505 7.3217 5.948 451.1833 56.3979 74.6689 268.3843 27.6683 32.7012 50.1075;
	24.4242 16.1547 13.6723 1.2938 4.757 371.4538 46.4317 58.5633 190.632 71.3396 47.5937 129.1964;
	23.8408 15.9179 13.7391 1.2426 4.0314 355.405 44.4256 57.8387 186.3018 90.2189 58.9607 163.3869;
	21.0549 15.702 13.1843 0.9486 2.7392 338.5939 42.3242 56.9903 154.4588 91.8522 66.5691 166.345;
	12.8985 11.4076 9.6242 0.6879 1.7129 137.285 17.1606 22.8088 43.4873 70.8154 54.2441 128.2471;
	12.3753 12.0249 9.8235 0.4551 1.4126 117.5501 14.6938 21.8308 42.0938 63.9722 44.4941 115.8541;
	8.4864 8.1835 6.9205 0.1344 1.105 101.565 12.6956 21.0735 44.1239 53.189 33.3001 96.3257;
	1.7968 2.4327 2.0729 0.0 0.0 25.0828 3.1353 13.7492 16.9895 15.1615 7.3216 27.4576;
	0.3545 0.3109 0.2871 0.3165 0.0 9.8994 1.2374 4.0323 2.9908 4.4106 3.1584 7.9877;
	0.0 0.0 0.0 0.0 0.0 0.0 0.0 0.0 0.0 0.0 0.0 0.0;
	0.0 0.0 0.0 0.0 0.0 0.0 0.0 0.0 0.0 0.0 0.0 0.0;
	0.0 0.0 0.0 0.0 0.0 0.0 0.0 0.0 0.0 0.0 0.0 0.0;
	0.0 0.0 0.0 0.0 0.0 0.0 0.0 0.0 0.0 0.0 0.0 0.0;
	0.0 0.0 0.0 0.0 0.0 0.0 0.0 0.0 0.0 0.0 0.0 0.0;
	0.0 0.0 0.0 0.0 0.0 0.0 0.0 0.0 0.0 0.0 0.0 0.0;
	0.0 0.0 0.0 0.0 0.0 0.0 0.0 0.0 0.0 0.0 0.0 0.0;
];
