function windprofile = ex_wind_profilesh1
%EX_WIND_PROFILE_D  Example wind_load_nyiso profile data for deterministic unit commitment.
% 2022.03.12
% Andres F. Ramirez


%% define constants
[GEN_BUS, PG, QG, QMAX, QMIN, VG, MBASE, GEN_STATUS, PMAX, PMIN, ...
    MU_PMAX, MU_PMIN, MU_QMAX, MU_QMIN, PC1, PC2, QC1MIN, QC1MAX, ...
    QC2MIN, QC2MAX, RAMP_AGC, RAMP_10, RAMP_30, RAMP_Q, APF] = idx_gen;
[CT_LABEL, CT_PROB, CT_TABLE, CT_TBUS, CT_TGEN, CT_TBRCH, CT_TAREABUS, ...
    CT_TAREAGEN, CT_TAREABRCH, CT_ROW, CT_COL, CT_CHGTYPE, CT_REP, ...
    CT_REL, CT_ADD, CT_NEWVAL, CT_TLOAD, CT_TAREALOAD, CT_LOAD_ALL_PQ, ...
    CT_LOAD_FIX_PQ, CT_LOAD_DIS_PQ, CT_LOAD_ALL_P, CT_LOAD_FIX_P, ...
    CT_LOAD_DIS_P, CT_TGENCOST, CT_TAREAGENCOST, CT_MODCOST_F, ...
    CT_MODCOST_X] = idx_ct;

windprofile = struct( ...
    'type', 'mpcData', ...
    'table', CT_TGEN, ...
    'rows', [1:45], ...
    'col', PMAX, ...
    'chgtype', 1, ...
    'values', [] );
windprofile.values(:,1,:) = [
	0.8418 11.3744 62.4259 65.2728 7.86 21.7189 9.4715 8.8745 26.5055 20.5957 38.0708 56.7942 85.5033 10.7666 139.7503 52.6501 65.3251 69.2251 76.9802 70.1044 3.1572 50.6774 68.4288 78.299 54.9655 52.2815 4.4588 191.8431 352.3446 352.3446 241.5417 45.4728 256.6008 180.4488 33.7546 150.3337 373.4824 96.1383 285.13 147.2289 69.1355 240.9349 29.2224 85.4786 377.3729;
	0.5617 7.5897 55.4791 64.0104 6.3332 7.9531 11.993 11.0203 25.5381 12.3217 22.7765 33.9781 51.1538 32.4591 118.5631 44.668 55.4214 58.7301 71.4816 71.6467 3.9977 18.5572 33.997 76.5375 56.5703 49.2473 5.9572 67.1689 244.2264 244.2264 174.9875 30.2468 238.2719 184.4188 101.7635 104.2033 286.2754 97.4087 123.5012 151.5275 82.4151 88.2262 8.598 97.8021 289.2575;
	0.3951 5.3393 66.2871 68.9945 6.1022 8.3883 16.2894 12.555 26.6206 10.7923 19.9495 29.7607 44.8045 51.6811 77.2975 29.1214 36.1321 38.2892 58.4 68.912 5.4298 19.5727 26.8359 82.0924 60.9782 55.3904 6.352 2.0622 29.4757 29.4757 37.2645 13.8727 194.6665 177.3797 162.0272 12.5763 156.7104 8.5769 146.5368 163.3345 77.7014 93.0543 13.645 109.8328 158.3428;
	0.4891 6.6088 72.8115 78.8812 8.5864 3.6512 10.3433 14.6977 13.0652 16.0997 29.76 44.3961 66.8381 25.8267 82.258 30.9902 38.4508 40.7464 43.361 67.048 3.4478 8.5194 51.0474 85.3868 71.1151 71.7389 7.9153 0.8458 18.323 18.323 27.48 16.6734 144.5366 172.5817 80.9701 7.8178 0.0 4.3023 91.5954 190.4868 79.3459 40.5039 2.4644 152.2116 0.0;
	0.4551 6.1494 82.5373 77.5799 9.5546 0.6615 2.8592 15.0102 11.7809 16.3226 30.172 45.0107 67.7634 6.7761 119.9192 45.1789 56.0552 59.4018 55.2276 67.4796 0.9531 1.5434 49.8757 84.7764 82.5092 73.2163 9.0414 11.4334 0.0108 0.0108 9.3007 10.4112 184.092 173.6928 21.244 0.0046 0.0 2.9167 21.0261 221.0067 72.9827 7.338 1.2728 160.0744 0.0;
	0.4918 6.6446 81.2081 66.2647 9.9074 3.77 0.004 13.7831 4.8119 10.5933 19.5816 29.2119 43.9783 2.3033 129.8363 48.9151 60.6909 64.3143 70.0685 65.57 0.0013 8.7966 38.059 81.4614 62.1674 73.1605 8.304 12.1051 0.0 0.0 11.7765 9.6341 233.5617 168.7774 7.2212 0.0 0.0 3.8227 1.0911 166.5199 56.91 41.8217 20.9515 149.2009 0.0;
	0.5177 6.9953 60.4277 42.9895 8.8838 2.9115 3.4263 8.6547 2.6671 9.0147 16.6636 24.8588 37.4248 3.0664 113.2389 42.6621 52.9326 56.0928 57.8193 66.6181 1.1421 6.7936 25.5186 60.4086 39.1594 67.8906 4.6707 21.1272 0.0049 0.0049 1.3185 0.0147 192.7309 171.4752 9.6137 0.0021 0.0 0.1224 12.9015 104.8912 30.344 32.2986 28.7151 138.9329 0.0;
	0.4807 6.4955 31.7803 27.1638 2.7555 2.7794 2.4161 7.2818 1.9084 5.9027 10.911 16.2771 24.5051 0.8151 64.4969 24.2988 30.1485 31.9484 18.633 45.6767 0.8054 6.4853 12.9857 37.004 35.6898 62.8309 4.8213 0.0 0.0 0.0 0.5294 0.0 62.1098 117.572 2.5553 0.0 0.0 0.0069 0.0 95.5977 13.6097 30.8329 0.0 101.1261 0.0;
	0.6578 8.8878 26.4173 24.267 3.2882 6.6135 0.0 5.9806 2.4889 14.1554 26.166 39.0345 58.7662 4.5941 19.3826 7.3023 9.0602 9.6011 17.565 18.1666 0.0 15.4314 6.8976 34.5747 30.5031 52.9266 4.7246 13.0523 13.2901 13.2901 55.1306 1.9272 58.5499 46.7609 14.4032 5.6704 12.6223 5.3247 33.9251 81.7047 17.7489 73.3655 0.0899 84.7283 12.7538;
	0.675 9.1209 31.2887 27.0861 7.149 7.2558 0.5172 4.9588 16.8329 1.8663 3.4498 5.1464 7.7479 0.8678 15.609 5.8806 7.2963 7.7319 30.0075 14.6465 0.1724 16.9303 10.3525 38.1084 32.6362 47.4515 3.4197 51.3845 66.1919 66.1919 43.2581 24.9729 100.025 37.7001 2.7208 28.2419 16.8388 5.5999 130.1131 87.4183 17.1941 80.4913 49.4912 99.8804 17.0142;
	0.9219 12.4574 44.1676 19.3085 10.6794 5.3955 4.8743 4.0673 23.0269 5.4164 10.0121 14.9361 22.4863 7.2041 82.3231 31.0147 38.4812 40.7786 15.911 12.9326 1.6248 12.5895 28.4675 43.6224 50.6881 52.5389 1.4978 96.4189 72.3256 72.3256 14.5469 7.037 53.0367 33.2885 22.5857 30.8589 91.626 2.5538 218.2109 135.7718 19.5607 59.8539 19.3449 104.0487 92.5804;
	1.7391 23.4992 66.1108 51.2248 13.0636 7.3713 2.4707 3.8638 15.3011 6.6025 12.2046 18.2068 27.4102 14.9536 34.4255 12.9696 16.0919 17.0526 4.9718 11.3991 0.8236 17.1997 47.4445 57.4212 58.7824 44.8274 6.4165 196.8299 110.9655 110.9655 38.7209 15.376 16.5725 29.3413 46.8817 47.3453 153.6806 2.3672 14.0537 157.4529 10.3145 81.7724 25.7116 138.222 155.2815;
	2.3527 31.79 83.852 27.5346 14.027 5.2728 0.785 0.9691 2.4335 23.4316 43.313 64.6145 97.2767 23.1295 75.501 28.4446 35.2923 37.3994 1.3843 10.5623 0.2617 12.3031 27.56 70.6223 73.4084 48.5093 1.0683 242.2207 171.4337 171.4337 31.8701 10.4313 4.6142 27.1874 72.5141 73.145 196.4013 0.1861 0.0 196.6296 2.8713 58.4925 116.2185 175.3146 198.4471;
	1.927 26.0381 15.6514 63.6587 13.9144 20.0611 0.2114 4.2365 7.8289 0.5659 1.0461 1.5606 2.3495 9.5289 18.039 6.7961 8.4322 8.9356 0.0 9.3254 0.0705 46.8092 42.7105 46.1724 57.1157 33.3652 2.6992 203.3348 217.9798 217.9798 53.4885 20.296 0.0 24.0036 29.8745 93.0047 218.2804 8.6732 0.086 152.9885 25.8186 222.5441 88.1531 135.0288 220.5542;
	2.4684 33.3541 23.6239 60.2831 9.4383 22.1708 7.2899 3.6857 14.0517 14.7805 27.3215 40.7583 61.3614 15.0077 73.187 27.5728 34.2107 36.2531 2.3411 21.3638 2.43 51.7318 31.4909 47.4948 45.0097 6.7656 1.0076 303.5738 276.5132 276.5132 109.9744 10.9372 7.8036 54.9904 47.0513 117.979 307.9842 23.2615 92.9635 120.5617 14.5757 245.9476 93.6298 106.3266 311.1924;
	3.215 43.4411 83.9468 3.5685 13.3052 2.496 0.6583 1.2121 3.3604 7.3964 13.6721 20.3961 30.7062 5.8961 20.1588 7.5947 9.4231 9.9856 7.6962 15.8127 0.2194 5.8241 45.4656 26.8516 45.6846 0.4579 0.1387 398.9835 263.9944 263.9944 178.5703 15.9696 25.6539 40.7019 18.4852 112.6376 324.2917 42.2394 15.0312 122.3694 8.0943 27.6892 26.7567 173.7981 327.6698;
	3.4171 46.1727 6.8869 1.1397 13.7989 6.4493 0.3233 2.9767 4.5575 7.762 14.348 21.4044 32.2242 6.8188 8.3166 3.1332 3.8875 4.1196 2.3395 11.3451 0.1078 15.0484 2.1953 27.5007 39.9391 2.5298 0.1902 386.094 350.5066 350.5066 183.4959 29.7191 7.7984 29.2024 21.3778 149.5495 453.2982 73.9574 14.7543 106.9798 8.7768 71.5446 147.8305 215.5122 458.02;
	2.6748 36.1424 2.8741 1.2261 12.0143 19.3708 0.2705 0.2931 1.1908 7.3462 13.5793 20.2577 30.4978 0.2418 16.693 6.289 7.803 8.2689 5.2021 9.2801 0.0902 45.1985 15.8256 6.8047 7.6979 0.2926 0.0073 532.8744 445.5695 445.5695 326.2916 37.5376 17.3404 23.887 0.7581 190.1096 541.3889 94.2998 0.0934 20.6194 10.0982 214.8867 118.0157 192.9281 547.0284;
	3.1528 42.6007 85.586 9.6355 13.9822 26.4627 3.1532 0.1742 5.156 8.4347 15.5914 23.2592 35.0166 5.0352 2.3324 0.8787 1.0903 1.1554 0.2365 39.4499 1.0511 61.7463 28.8392 3.2299 13.9109 59.2867 0.0463 799.9115 440.9422 440.9422 374.5492 47.5909 0.7884 101.5442 15.786 188.1353 635.5808 78.8736 0.2751 37.2613 2.5665 293.5595 125.57 192.211 642.2015;
	3.0693 41.4735 21.549 15.8437 14.3378 3.3402 19.6747 0.577 27.3865 23.7033 43.8153 65.3638 98.4048 14.0189 14.9154 5.6193 6.9721 7.3883 3.6453 21.4431 6.5582 7.7938 63.5225 6.8331 38.4514 52.8924 0.7359 833.9817 451.5894 451.5894 362.071 44.6282 12.1509 55.1947 43.9511 192.6782 602.6669 80.0111 51.5565 102.9948 5.0771 37.0539 124.7457 172.4151 608.9447;
