function loadprofile = ex_load_profilesh1
%EX_LOAD_PROFILE  Example load profile data file for stochastic unit commitment.
% 2022.03.12
% Andres F. Ramirez

%% define constants
[CT_LABEL, CT_PROB, CT_TABLE, CT_TBUS, CT_TGEN, CT_TBRCH, CT_TAREABUS, ...
    CT_TAREAGEN, CT_TAREABRCH, CT_ROW, CT_COL, CT_CHGTYPE, CT_REP, ...
    CT_REL, CT_ADD, CT_NEWVAL, CT_TLOAD, CT_TAREALOAD, CT_LOAD_ALL_PQ, ...
    CT_LOAD_FIX_PQ, CT_LOAD_DIS_PQ, CT_LOAD_ALL_P, CT_LOAD_FIX_P, ...
    CT_LOAD_DIS_P, CT_TGENCOST, CT_TAREAGENCOST, CT_MODCOST_F, ...
    CT_MODCOST_X] = idx_ct;

loadprofile = struct( ...
    'type', 'mpcData', ...
    'table', CT_TAREALOAD, ...
    'rows', [1:11], ...
    'col', CT_LOAD_ALL_P, ...
    'chgtype', 1, ...
    'values', [] );
loadprofile.values(:,1,:) = [
	1672.2313 972.1 1685.0708 534.4682 845.2078 1140.7488 901.1 263.1 543.6 4677.4485 1782.81;
	1660.0858 971.3462 1663.8201 539.9617 847.3487 1154.958 908.2855 264.8428 542.6778 4551.4454 1812.3;
	1680.8585 989.6 1673.533 545.7552 850.136 1166.6886 917.5854 269.4398 539.7682 4620.4565 1825.7035;
	1739.6971 1067.0876 1768.4654 567.9142 911.0 1248.0717 963.4 290.8109 583.6843 4807.6865 1947.0214;
	1887.775 1207.1 1956.1 588.6 1012.6 1441.9 1079.4689 328.5 663.0659 5354.036 2209.8451;
	1959.7019 1271.9738 2041.4 602.7762 1019.4328 1493.338 1127.6 345.6307 699.9695 5821.755 2293.5549;
	1946.4542 1280.8814 2036.2683 589.3383 1025.3873 1485.1028 1177.852 342.6 725.9247 6223.7787 2388.0818;
	1912.3924 1251.3383 2025.7 583.7542 1007.8439 1483.5 1184.1873 345.5 716.654 6463.3927 2369.5491;
	1919.4 1246.1 2004.0 532.1133 1006.225 1504.8294 1194.9651 332.3271 711.7 6498.1594 2276.6088;
	1955.3343 1248.5271 1985.3 552.8884 1015.7914 1500.2007 1210.2381 335.9178 711.9749 6585.879 2257.4684;
	1883.4758 1202.8311 1893.4393 539.6812 975.9018 1485.7476 1168.8507 322.9509 684.6056 6526.3383 2187.9431;
	1897.6781 1216.9 1935.599 542.2196 961.6361 1432.2121 1164.8496 319.1444 679.7 6425.386 2140.4677;
	1827.4591 1178.0375 1855.2278 522.079 910.2036 1351.3824 1104.9524 302.1 687.6 6350.2816 2108.0652;
	1836.6931 1170.0285 1810.2558 518.3947 880.5589 1324.4928 1051.5654 301.9342 669.2891 6271.6271 2148.4424;
	1807.2 1195.4327 1824.3441 536.9403 885.58 1364.6608 1079.3298 317.0866 684.1 6349.195 2174.4976;
	1788.7607 1219.0332 1869.6439 552.245 877.9289 1416.7325 1095.0327 316.2372 673.678 6314.8212 2200.7584;
	1773.3 1216.7668 1883.4212 572.7524 922.1828 1471.4645 1125.2911 345.0106 699.977 6327.5436 2324.052;
	1845.2457 1260.4489 1948.7633 581.8296 953.7875 1517.3 1194.6 368.7862 755.8773 6500.4435 2516.8522;
	1860.1289 1226.9807 1907.842 580.1228 955.7671 1455.1446 1161.3962 371.8979 745.6 6277.9 2485.4251;
	1802.0345 1167.6437 1861.24 572.4391 930.1387 1395.1961 1132.0159 354.6799 713.1382 6027.7388 2348.9747;
	1717.0516 1080.5777 1768.6008 548.4598 860.8428 1288.2702 1048.4308 339.5872 660.0843 5735.0176 2170.3016;
	1586.2861 1005.3519 1657.3789 530.0535 792.3577 1195.5053 969.5 304.4 595.3 5323.9817 1972.9;
	1512.0292 958.9292 1618.0922 522.8225 741.2527 1139.2644 895.0 267.7 555.9 4867.8859 1807.496;
	1487.0842 941.4803 1599.5016 518.3164 704.0835 1077.1311 852.3847 263.0349 519.6 4633.9 1725.0785;
];
