function solarprofile = ex_solar_profilesh1
%EX_WIND_PROFILE_D  Example wind_load_nyiso profile data for deterministic unit commitment.
% 2022.03.12
% Andres F. Ramirez


%% define constants
[GEN_BUS, PG, QG, QMAX, QMIN, VG, MBASE, GEN_STATUS, PMAX, PMIN, ...
    MU_PMAX, MU_PMIN, MU_QMAX, MU_QMIN, PC1, PC2, QC1MIN, QC1MAX, ...
    QC2MIN, QC2MAX, RAMP_AGC, RAMP_10, RAMP_30, RAMP_Q, APF] = idx_gen;
[CT_LABEL, CT_PROB, CT_TABLE, CT_TBUS, CT_TGEN, CT_TBRCH, CT_TAREABUS, ...
    CT_TAREAGEN, CT_TAREABRCH, CT_ROW, CT_COL, CT_CHGTYPE, CT_REP, ...
    CT_REL, CT_ADD, CT_NEWVAL, CT_TLOAD, CT_TAREALOAD, CT_LOAD_ALL_PQ, ...
    CT_LOAD_FIX_PQ, CT_LOAD_DIS_PQ, CT_LOAD_ALL_P, CT_LOAD_FIX_P, ...
    CT_LOAD_DIS_P, CT_TGENCOST, CT_TAREAGENCOST, CT_MODCOST_F, ...
    CT_MODCOST_X] = idx_ct;

solarprofile = struct( ...
    'type', 'mpcData', ...
    'table', CT_TGEN, ...
    'rows', [1:12], ...
    'col', PMAX, ...
    'chgtype', 1, ...
    'values', [] );
solarprofile.values(:,1,:) = [
	0.0 0.0 0.0 0.0 0.0 0.0 0.0 0.0 0.0 0.0 0.0 0.0;
	0.0 0.0 0.0 0.0 0.0 0.0 0.0 0.0 0.0 0.0 0.0 0.0;
	0.0 0.0 0.0 0.0 0.0 0.0 0.0 0.0 0.0 0.0 0.0 0.0;
	0.0 0.0 0.0 0.0 0.0 0.0 0.0 0.0 0.0 0.0 0.0 0.0;
	0.0 0.0 0.0 0.0 0.0 0.0 0.0 0.0 0.0 0.0 0.0 0.0;
	0.4731 0.4018 0.4224 0.0 0.0 0.0 0.0 0.2 0.0 0.0 0.0 0.0;
	8.5577 6.3589 3.455 3.9818 4.9331 234.8098 29.3512 17.8576 160.1565 8.2478 6.1353 14.9369;
	18.7076 14.6156 11.5529 6.3791 8.1277 412.5776 51.5722 67.7661 248.3184 17.3975 20.0489 31.5069;
	23.2415 16.674 13.8575 8.8026 8.5765 428.7384 53.5923 71.674 261.2662 31.989 37.1596 57.9323;
	25.3017 16.4878 14.0978 7.504 6.0684 250.9354 31.3669 31.7827 201.0737 35.1669 48.2407 63.6874;
	25.6381 16.4043 14.1648 7.7638 6.7868 300.2775 37.5347 30.7697 225.1234 37.306 54.5511 67.5615;
	25.3759 16.3954 14.0599 6.9034 7.5161 311.0043 38.8755 40.2033 227.4257 37.8856 56.0796 68.6111;
	14.1906 11.3123 11.4528 3.2931 8.552 83.5731 10.4466 19.4602 135.564 31.1456 40.7822 56.4049;
	12.876 11.2855 9.1132 1.7976 7.4219 52.412 6.5515 20.1562 117.498 27.3327 28.4229 49.4996;
	8.7599 7.9899 6.0008 0.9584 5.7324 42.0773 5.2597 13.8633 118.2774 22.0322 18.8232 39.9004;
	3.3707 2.9373 2.3154 0.0847 0.4885 20.3211 2.5401 1.9515 91.3641 6.2281 4.1954 11.2792;
	0.5158 0.4198 0.3897 0.2882 0.2112 14.1794 1.7724 1.3616 13.2309 6.5356 3.8753 11.836;
	0.0 0.0 0.0 0.0 0.0 0.0 0.0 0.0 0.0 0.0 0.0 0.0;
	0.0 0.0 0.0 0.0 0.0 0.0 0.0 0.0 0.0 0.0 0.0 0.0;
	0.0 0.0 0.0 0.0 0.0 0.0 0.0 0.0 0.0 0.0 0.0 0.0;
	0.0 0.0 0.0 0.0 0.0 0.0 0.0 0.0 0.0 0.0 0.0 0.0;
	0.0 0.0 0.0 0.0 0.0 0.0 0.0 0.0 0.0 0.0 0.0 0.0;
	0.0 0.0 0.0 0.0 0.0 0.0 0.0 0.0 0.0 0.0 0.0 0.0;
	0.0 0.0 0.0 0.0 0.0 0.0 0.0 0.0 0.0 0.0 0.0 0.0;
];
