function windprofile = ex_wind_profilesh1
%EX_WIND_PROFILE_D  Example wind_load_nyiso profile data for deterministic unit commitment.
% 2022.03.12
% Andres F. Ramirez


%% define constants
[GEN_BUS, PG, QG, QMAX, QMIN, VG, MBASE, GEN_STATUS, PMAX, PMIN, ...
    MU_PMAX, MU_PMIN, MU_QMAX, MU_QMIN, PC1, PC2, QC1MIN, QC1MAX, ...
    QC2MIN, QC2MAX, RAMP_AGC, RAMP_10, RAMP_30, RAMP_Q, APF] = idx_gen;
[CT_LABEL, CT_PROB, CT_TABLE, CT_TBUS, CT_TGEN, CT_TBRCH, CT_TAREABUS, ...
    CT_TAREAGEN, CT_TAREABRCH, CT_ROW, CT_COL, CT_CHGTYPE, CT_REP, ...
    CT_REL, CT_ADD, CT_NEWVAL, CT_TLOAD, CT_TAREALOAD, CT_LOAD_ALL_PQ, ...
    CT_LOAD_FIX_PQ, CT_LOAD_DIS_PQ, CT_LOAD_ALL_P, CT_LOAD_FIX_P, ...
    CT_LOAD_DIS_P, CT_TGENCOST, CT_TAREAGENCOST, CT_MODCOST_F, ...
    CT_MODCOST_X] = idx_ct;

windprofile = struct( ...
    'type', 'mpcData', ...
    'table', CT_TGEN, ...
    'rows', [1:45], ...
    'col', PMAX, ...
    'chgtype', 1, ...
    'values', [] );
windprofile.values(:,1,:) = [
	1.0097 13.6438 67.5348 74.159 8.3813 31.179 1.8205 9.2352 19.6561 20.8371 38.5171 57.4599 86.5056 34.7139 143.1398 53.9271 66.9095 70.9041 75.7674 68.2507 0.6068 72.751 68.3076 82.3446 56.343 54.8948 5.2582 184.1455 332.2241 332.2241 228.0675 46.9413 252.558 175.6775 108.8328 141.7489 389.8765 91.9294 54.9308 150.9187 66.1933 345.8789 38.2341 77.9497 393.9377;
	0.6274 8.4774 56.6417 67.6049 7.1391 10.5751 3.1241 11.7061 15.6294 11.663 21.5589 32.1616 48.4192 28.6366 124.7221 46.9883 58.3003 61.7809 70.6138 67.5389 1.0414 24.6752 27.457 79.0873 57.5673 53.7633 6.9288 82.9892 229.4529 229.4529 152.197 29.354 235.3795 173.8454 89.7797 97.8999 303.6242 90.3902 164.7748 154.198 75.1954 117.3131 9.5161 91.9415 306.7869;
	0.4127 5.5769 64.2249 71.5616 6.2883 18.0311 4.8503 12.1302 18.2171 10.4303 19.2803 28.7624 43.3017 17.4234 81.2811 30.6222 37.9942 40.2625 62.2722 61.85 1.6168 42.0725 23.5225 84.7446 60.856 55.7361 7.1558 12.5504 101.1087 101.1087 4.7031 16.3227 207.574 159.2021 54.6247 43.1397 192.6698 5.0026 153.8257 163.0072 68.6335 200.0249 42.8038 106.713 194.6768;
	0.454 6.1343 68.7969 79.1152 8.2892 16.4739 10.7555 13.12 18.7915 15.3027 28.2868 42.1983 63.5293 18.5356 86.0418 32.4157 40.2195 42.6207 41.4312 60.2765 3.5852 38.4391 44.3362 82.472 61.5364 65.323 7.7335 10.7603 246.4685 246.4685 127.524 20.9178 138.104 155.1519 58.1116 105.1599 157.2606 41.9546 294.1945 164.8298 68.3893 182.7503 43.8633 139.5488 158.8988;
	0.4768 6.4433 78.7198 77.3596 9.3601 6.0201 3.132 13.4241 10.9026 14.9254 27.5894 41.1579 61.963 20.3436 112.4639 42.3701 52.5703 55.7089 46.7059 61.1372 1.044 14.047 41.6702 82.8202 79.3845 67.0464 8.6073 32.4245 80.5453 80.5453 40.3181 10.3213 155.6865 157.3673 63.7799 34.366 75.1428 24.5515 112.276 212.637 61.8318 66.7835 32.6098 145.9104 75.9255;
	0.4349 5.8765 76.0802 64.0515 9.4489 4.4037 8.9508 12.0136 12.2906 8.7925 16.2529 24.2461 36.5024 34.9261 137.3931 51.7621 64.2233 68.0575 76.54 66.8292 2.9836 10.2753 32.9228 82.9739 57.9583 65.0806 8.2007 96.5641 116.1549 116.1549 46.8032 12.7638 255.1332 172.0184 109.4981 49.5594 173.5934 18.1948 64.9443 155.2455 51.9659 48.8517 25.4768 144.0953 175.4017;
	0.433 5.8513 55.5527 43.6334 8.9371 3.0467 4.1227 7.7101 4.2444 7.032 12.9985 19.3912 29.1934 27.0524 116.7165 43.9723 54.5582 57.8154 61.4135 67.169 1.3742 7.1089 19.179 60.539 34.6808 58.8981 4.3546 51.222 16.248 16.248 25.5881 12.3089 204.7116 172.8931 84.8129 6.9325 51.4629 29.9293 134.0759 92.8951 25.8424 33.7975 33.9789 135.711 51.999;
	0.5752 7.7721 35.0513 28.9046 4.0732 3.3468 4.4844 6.6893 2.8946 5.1943 9.6016 14.3236 21.5642 24.0385 59.2584 22.3253 27.6999 29.3536 18.6319 47.3793 1.4948 7.8092 12.0357 41.8272 33.2633 56.8152 4.4065 31.9675 27.2723 27.2723 10.8973 18.4337 62.1065 121.9544 75.3641 11.6362 28.3498 26.8696 25.5351 89.0981 10.719 37.1271 30.3214 113.9387 28.6451;
	0.8671 11.7163 37.0669 33.6967 4.2455 26.0297 15.3693 6.2922 26.1458 21.7888 40.2763 60.0843 90.4565 22.4924 19.8229 7.4682 9.2661 9.8193 22.3308 18.6174 5.1231 60.7359 6.5453 46.1241 37.4333 58.985 4.9851 228.2899 98.688 98.688 46.059 31.677 74.4362 47.9211 70.5169 42.1069 98.4541 51.8884 177.344 100.2678 30.1147 288.7557 74.0795 98.7976 99.4797;
	0.7862 10.6236 39.4153 30.8325 8.0112 11.7681 15.0332 4.9469 27.0585 14.5128 26.8266 40.02 60.2499 40.7144 11.0578 4.166 5.1689 5.4775 16.5079 14.0317 5.0111 27.4589 11.9967 41.8125 34.4185 54.8592 3.8194 238.5638 52.1956 52.1956 6.9617 15.5136 55.0264 36.1175 127.645 22.2701 24.2673 25.6875 206.5177 92.1924 22.2837 130.5473 56.9108 106.7744 24.5201;
	1.0246 13.8449 50.3419 32.6572 11.9396 13.7286 8.5898 4.2941 26.9496 11.9042 22.0048 32.8268 49.4206 27.052 80.6256 30.3752 37.6878 39.9378 11.4972 11.4742 2.8633 32.0335 29.144 45.523 49.3172 57.8771 1.7939 831.6374 78.2852 78.2852 42.2007 10.9082 38.324 29.5347 84.8117 33.4017 80.9409 26.0961 121.1613 132.0996 21.2924 152.2963 110.5733 110.1939 81.784;
	1.6822 22.7304 69.6019 8.9192 13.9549 11.564 8.3263 2.2404 26.3144 10.9518 20.2442 30.2004 45.4665 16.1932 22.7886 8.5855 10.6523 11.2883 5.8831 9.224 2.7754 26.9827 45.1497 60.1833 33.9436 54.0922 7.7985 217.6851 104.2312 104.2312 46.9154 5.3031 19.6104 23.7427 50.7679 44.472 133.3933 22.6721 186.9145 90.9204 61.2885 128.2834 47.4187 145.3117 134.7828;
	2.3827 32.1954 87.1259 12.512 14.4847 5.7535 2.2495 9.9764 18.8784 24.4564 45.2072 67.4403 101.5309 11.213 8.6787 3.2697 4.0568 4.299 0.9008 8.3043 0.7498 13.4249 28.529 70.3923 73.8917 60.3707 11.43 273.2306 157.7957 157.7957 13.4215 5.1259 3.0028 21.3754 35.1542 67.3262 177.4691 21.626 8.0135 197.9242 57.1137 63.8258 121.4311 193.4124 179.3177;
	1.8428 24.9008 59.375 36.8703 14.3265 19.8243 0.159 12.0846 5.0853 0.442 0.817 1.2187 1.8348 6.9834 0.0 0.0 0.0 0.0 0.0 4.0534 0.053 46.2568 41.2775 3.4929 32.7352 36.8186 7.9249 237.7896 189.6199 189.6199 5.3893 8.2119 0.0 10.4333 21.8939 80.9045 193.7086 15.3858 0.0 87.6836 80.7827 219.9179 87.6764 155.0537 195.7264;
	2.1727 29.3574 36.5472 49.897 9.32 3.2307 0.5619 4.7193 5.3178 4.0215 7.4336 11.0895 16.6952 10.7487 0.0644 0.0243 0.0301 0.0319 0.0 0.0912 0.1873 7.5383 25.5358 2.2508 10.4468 14.6205 1.8968 306.483 252.0802 252.0802 100.2875 9.2555 0.0 0.2348 33.6985 107.5542 271.2308 24.6186 19.0205 27.9825 35.1218 35.8392 87.915 120.5438 274.0561;
	2.9433 39.7705 85.6439 6.5121 12.581 0.0021 0.0 3.468 0.0 0.1772 0.3275 0.4885 0.7355 14.0379 0.0 0.0 0.0 0.0 0.0 0.0 0.0 0.005 25.1987 4.1648 21.8017 51.9926 1.536 420.9751 281.2135 281.2135 177.159 13.8649 0.0 0.0 44.0106 119.9844 315.7785 45.6963 0.0 58.3974 14.3535 0.0236 3.6527 194.0136 319.0678;
	3.2158 43.4525 9.6878 1.5477 14.07 1.1244 2.8029 1.0573 0.0072 5.983 11.0594 16.4985 24.8384 18.9707 4.8743 1.8364 2.2785 2.4145 0.0739 0.2357 0.9343 2.6237 0.1908 3.5859 7.7741 5.7485 1.0739 399.6321 368.0281 368.0281 200.2392 26.8886 0.2465 0.6067 59.4756 157.0253 462.7866 76.7357 0.0 20.8234 21.4895 12.4736 138.3153 236.7857 467.6073;
	2.6128 35.3048 8.5472 2.5397 13.9574 17.159 3.0266 0.7485 0.0 17.6826 32.6861 48.7612 73.4098 40.2848 1.0613 0.3998 0.4961 0.5257 1.521 0.0 1.0089 40.0376 15.3057 1.7023 7.493 6.3362 0.832 615.0298 497.9674 497.9674 357.8135 35.7026 5.07 0.0 126.2983 212.4661 579.5119 104.3731 7.1544 20.0704 3.8655 190.3504 110.4059 223.5092 585.5485;
	3.0621 41.3759 83.9366 1.602 14.469 25.6326 0.4688 0.0053 0.0 9.4489 17.4661 26.056 39.2272 8.8819 0.8269 0.3115 0.3865 0.4096 0.2361 33.8727 0.1563 59.8094 30.2466 1.1626 6.5896 61.5278 0.1639 832.0629 448.2202 448.2202 361.4059 44.6891 0.7871 87.1884 27.846 191.2406 611.1469 74.9605 0.0 17.6507 10.614 284.3508 108.9698 211.928 617.513;
	3.202 43.2664 8.4947 3.2394 14.3739 7.8917 18.5418 0.0887 25.6112 21.5328 39.803 59.3782 89.3936 13.3593 3.2299 1.2168 1.5098 1.5999 0.2361 17.4756 6.1806 18.414 60.0938 5.3279 25.1116 53.8246 0.4615 812.7834 446.9528 446.9528 340.2637 44.0307 0.7869 44.9823 41.8831 190.6999 579.6852 81.1715 4.3873 67.2633 0.6776 87.5454 110.9984 180.1967 585.7236;
