function windprofile = ex_wind_profilesh1
%EX_WIND_PROFILE_D  Example wind_load_nyiso profile data for deterministic unit commitment.
% 2022.03.12
% Andres F. Ramirez


%% define constants
[GEN_BUS, PG, QG, QMAX, QMIN, VG, MBASE, GEN_STATUS, PMAX, PMIN, ...
    MU_PMAX, MU_PMIN, MU_QMAX, MU_QMIN, PC1, PC2, QC1MIN, QC1MAX, ...
    QC2MIN, QC2MAX, RAMP_AGC, RAMP_10, RAMP_30, RAMP_Q, APF] = idx_gen;
[CT_LABEL, CT_PROB, CT_TABLE, CT_TBUS, CT_TGEN, CT_TBRCH, CT_TAREABUS, ...
    CT_TAREAGEN, CT_TAREABRCH, CT_ROW, CT_COL, CT_CHGTYPE, CT_REP, ...
    CT_REL, CT_ADD, CT_NEWVAL, CT_TLOAD, CT_TAREALOAD, CT_LOAD_ALL_PQ, ...
    CT_LOAD_FIX_PQ, CT_LOAD_DIS_PQ, CT_LOAD_ALL_P, CT_LOAD_FIX_P, ...
    CT_LOAD_DIS_P, CT_TGENCOST, CT_TAREAGENCOST, CT_MODCOST_F, ...
    CT_MODCOST_X] = idx_ct;

windprofile = struct( ...
    'type', 'mpcData', ...
    'table', CT_TGEN, ...
    'rows', [1:45], ...
    'col', PMAX, ...
    'chgtype', 1, ...
    'values', [] );
windprofile.values(:,1,:) = [
	0.6764 9.14 58.7844 63.5168 7.1942 7.8938 0.0 7.9306 1.105 18.7485 34.6563 51.7003 77.8346 8.849 141.8049 53.4242 66.2856 70.2429 74.1481 67.5509 0.0 18.4189 68.1253 71.04 49.6007 40.2284 3.9188 167.9724 309.353 309.353 221.5891 45.0287 247.1602 173.8763 27.7429 131.9906 361.1406 99.2715 0.4596 132.8589 63.629 87.5686 17.0903 68.44 364.9025;
	0.3905 5.2762 56.0678 64.5269 5.4487 4.9403 0.0 10.5855 0.0 11.036 20.3999 30.4326 45.8161 6.7763 104.7107 39.4491 48.9462 51.8683 61.5806 63.7794 0.0 11.5274 31.8966 73.3142 54.2569 49.8361 5.7547 68.8103 220.3562 220.3562 154.8679 31.196 205.2686 164.1683 21.2445 94.0186 280.4495 98.7025 0.0 145.331 79.9062 54.8043 7.9349 91.766 283.3709;
	0.2346 3.1696 64.015 69.1456 5.1465 2.6761 0.2905 10.2666 1.6171 10.7539 19.8785 29.6548 44.6451 0.8224 69.3694 26.1345 32.4262 34.362 59.1316 57.0821 0.0968 6.2443 30.0287 80.5614 56.199 51.0694 3.7154 0.0 7.6316 7.6316 1.5229 16.2722 197.1053 146.9295 2.5783 3.2561 154.5024 8.1119 0.0 150.5329 71.4783 29.6873 1.8738 100.4753 156.1118;
	0.3943 5.3284 71.8325 80.0479 7.8768 14.0009 0.6816 12.9192 5.7484 16.5187 30.5346 45.5517 68.5778 0.9705 82.412 31.0482 38.5228 40.8227 49.0711 57.7985 0.2272 32.6687 53.1917 82.8927 65.1292 63.371 6.8404 0.0 25.2361 25.2361 7.9319 17.3226 163.5702 148.7736 3.0426 10.7674 4.9768 11.8403 0.0 174.4531 70.0504 155.3165 16.2482 144.214 5.0287;
	0.5295 7.1547 84.2631 81.8208 9.3602 13.7481 4.6179 14.2605 11.5873 17.9221 33.1288 49.4216 74.404 0.0493 114.9714 43.3148 53.7425 56.951 61.7668 61.8606 1.5393 32.0788 52.978 83.9186 81.3497 71.2372 8.576 3.2342 12.6154 12.6154 1.8001 8.6818 205.8894 159.2295 0.1545 5.3826 6.7851 10.6406 37.1411 217.901 70.4421 152.5117 30.7225 162.7586 6.8558;
	0.5204 7.0317 80.3276 65.3114 8.1297 4.0777 0.8388 13.1526 0.0347 9.5476 17.6486 26.3283 39.6371 0.0 135.5553 51.0697 63.3642 67.1471 84.64 64.3671 0.2796 9.5147 36.942 80.7306 59.1775 69.7813 8.0255 10.2014 12.06 12.06 0.5342 6.8515 282.1332 165.6811 0.0 5.1456 8.2711 3.1383 12.1571 158.5111 55.2189 45.2357 22.2458 146.9786 8.3572;
	0.4574 6.1801 57.2721 41.5881 7.8686 2.6352 3.5079 8.0058 1.9182 7.2308 13.3659 19.9394 30.0186 0.0 108.9404 41.0427 50.9233 53.9635 68.1884 64.3332 1.1693 6.1487 23.8098 55.9155 36.459 61.4766 4.2883 15.676 6.3159 6.3159 0.5204 0.0493 227.2947 165.5939 0.0 2.6948 6.2028 0.1138 0.1633 97.658 28.2028 29.2326 30.731 140.3312 6.2674;
	0.5113 6.909 34.854 27.9114 3.0214 2.908 3.8413 6.8543 1.4082 4.3647 8.068 12.0359 18.12 0.0076 50.1174 18.8815 23.427 24.8256 20.059 41.3072 1.2804 6.7852 11.2331 35.3839 34.3538 59.1157 4.3199 4.738 1.8239 1.8239 0.0 1.2652 66.8634 106.3248 0.0238 0.7782 8.3801 0.0836 0.0 92.0191 10.8398 32.259 0.3299 106.9495 8.4674;
	0.5848 7.9017 25.9645 22.8809 2.274 0.191 0.0 5.1427 0.0 0.0837 0.1547 0.2307 0.3473 0.0928 8.1667 3.0768 3.8175 4.0454 5.6326 4.5479 0.0 0.4458 3.1388 20.7038 27.9278 51.6773 3.6736 0.0 11.735 11.735 1.2744 7.1659 18.7752 11.7064 0.2909 5.0069 14.1781 7.6718 0.0 74.8065 6.8859 2.1193 0.0 77.5918 14.3258;
	0.5895 7.9648 30.8374 25.2504 5.8867 0.0522 0.1338 4.16 0.0671 0.0009 0.0017 0.0026 0.0038 0.0 4.7472 1.7885 2.219 2.3515 14.9776 2.2482 0.0446 0.1219 3.0056 30.2424 30.6255 45.751 2.8772 19.6528 24.4866 24.4866 6.035 22.3997 49.9254 5.787 0.0 10.4476 37.7005 36.7804 2.7073 82.0327 8.9102 0.5795 45.2228 89.076 38.0932;
	0.8414 11.3698 43.3246 32.1635 10.6825 0.8488 0.107 2.7217 0.0672 1.2272 2.2685 3.3841 5.0948 0.0 0.8973 0.338 0.4194 0.4445 3.9217 2.7856 0.0357 1.9806 5.1548 39.057 45.1041 45.7643 1.0186 34.8734 59.8394 59.8394 3.0501 33.3819 13.0725 7.1702 0.0 25.5315 61.6998 30.7309 1.0063 120.8146 17.6708 9.4163 26.3798 91.29 62.3425;
	1.5292 20.6626 63.0273 17.2754 12.5394 0.0466 1.1393 0.0016 0.2252 0.0497 0.0919 0.1371 0.2065 0.0 0.5869 0.2211 0.2744 0.2907 13.9078 3.1924 0.3798 0.1088 41.5522 52.851 2.2171 41.6762 0.0 88.4395 94.8442 94.8442 6.2124 29.833 46.3592 8.2172 0.0 40.4668 114.4697 32.5986 4.0133 5.9385 1.4029 0.517 12.6906 126.4575 115.6621;
	2.2208 30.0075 78.174 0.6951 13.1223 0.2218 7.4615 0.0133 8.4929 22.3989 41.404 61.7666 92.9893 0.0 27.3994 10.3226 12.8076 13.5723 35.556 6.9046 2.4872 0.5175 26.8109 63.0292 62.2296 49.7297 0.0001 213.9681 168.4825 168.4825 27.79 33.2317 118.5199 17.7724 0.0 71.8859 198.0351 85.5891 43.4375 166.6864 10.8511 2.4605 116.4394 169.4142 200.098;
	1.7718 23.9408 4.5167 17.3816 13.6927 19.4192 17.2687 0.3772 21.6758 0.6671 1.2332 1.8396 2.7696 0.0 168.8484 63.6126 78.9268 83.6389 53.4001 10.148 5.7562 45.3114 41.5328 1.0389 1.5356 33.5856 0.3595 193.8524 220.9106 220.9106 57.9624 109.7488 178.0004 26.1211 0.0001 94.2552 211.2568 90.6841 128.1778 4.1133 14.2808 215.4235 87.6669 129.5891 213.4574;
	2.2901 30.944 5.0266 0.8153 8.9869 3.0029 5.0605 0.0767 7.0822 3.0795 5.6923 8.4918 12.7844 0.0 109.1833 41.1342 51.0368 54.0838 72.5462 13.5898 1.6868 7.0067 28.3888 0.7058 0.0079 2.1192 0.2157 271.6729 262.8134 262.8134 100.4774 11.1821 241.8207 34.9802 0.0 112.1337 283.2242 33.7792 70.5095 0.0212 8.1858 33.3121 85.9226 95.2415 286.1745;
	3.2905 44.4623 86.7118 19.7563 14.1343 4.3336 1.4187 0.9114 4.9783 8.1751 15.1116 22.5435 33.9391 0.3198 29.4883 11.1095 13.784 14.607 22.1409 4.0109 0.4729 10.1117 45.4819 1.5866 3.1284 4.3307 1.0076 385.7562 282.0864 282.0864 181.7786 15.9244 73.8029 10.324 1.0027 120.3569 348.9144 44.3502 28.2037 8.3796 5.239 48.0737 40.4085 184.1265 352.5489;
	3.6367 49.1401 7.4564 28.2074 14.4137 4.8806 1.3761 0.1137 1.9008 5.2939 9.7857 14.5983 21.9777 6.8932 41.617 15.679 19.4535 20.6149 21.1438 26.6792 0.4587 11.388 0.9495 0.0 1.228 2.5862 0.1001 389.3469 389.4361 389.4361 198.0701 28.2382 70.4795 68.6723 21.6112 166.1594 495.5065 75.6268 8.0009 3.2893 0.0507 54.1419 143.9695 229.3532 500.668;
	3.0269 40.9001 4.0321 10.7574 14.519 19.9711 2.6574 2.9635 13.0091 15.8496 29.2978 43.7065 65.7999 1.725 45.0344 16.9665 21.051 22.3078 28.6653 12.8343 0.8858 46.5991 14.7934 0.1412 6.0195 4.8314 0.263 551.2911 493.966 493.966 332.7717 35.9809 95.5509 33.0355 5.4081 210.7588 582.7164 97.6736 5.6032 16.1235 0.0059 221.5455 119.9942 230.1987 588.7863;
	3.2714 44.204 85.4272 13.1855 15.197 27.6819 0.8644 2.2669 4.6656 9.1668 16.9446 25.2781 38.056 7.5385 34.1498 12.8657 15.963 16.916 42.9557 42.7718 0.2881 64.5911 27.4184 1.0167 0.2625 63.2466 0.1569 782.9473 462.8734 462.8734 370.3491 45.9115 143.1858 110.0948 23.6342 197.4926 646.9814 73.7165 19.7662 0.7032 2.8246 307.0848 118.8326 222.2196 653.7208;
	3.1585 42.6782 6.4406 16.2024 14.7162 7.3509 19.2654 0.5537 26.7192 23.2223 42.9261 64.0374 96.4079 17.3446 18.1609 6.842 8.4892 8.996 3.9891 21.7633 6.4218 17.152 56.7196 0.004 0.0 46.2485 0.0 771.0455 430.6708 430.6708 324.4392 41.6118 13.2969 56.0188 54.3777 183.7529 576.9062 64.8111 108.2764 0.0 6.2787 81.5456 111.4596 182.6016 582.9156;
