function loadprofile = ex_load_profilesh1
%EX_LOAD_PROFILE  Example load profile data file for stochastic unit commitment.
% 2022.03.12
% Andres F. Ramirez

%% define constants
[CT_LABEL, CT_PROB, CT_TABLE, CT_TBUS, CT_TGEN, CT_TBRCH, CT_TAREABUS, ...
    CT_TAREAGEN, CT_TAREABRCH, CT_ROW, CT_COL, CT_CHGTYPE, CT_REP, ...
    CT_REL, CT_ADD, CT_NEWVAL, CT_TLOAD, CT_TAREALOAD, CT_LOAD_ALL_PQ, ...
    CT_LOAD_FIX_PQ, CT_LOAD_DIS_PQ, CT_LOAD_ALL_P, CT_LOAD_FIX_P, ...
    CT_LOAD_DIS_P, CT_TGENCOST, CT_TAREAGENCOST, CT_MODCOST_F, ...
    CT_MODCOST_X] = idx_ct;

loadprofile = struct( ...
    'type', 'mpcData', ...
    'table', CT_TAREALOAD, ...
    'rows', [1:11], ...
    'col', CT_LOAD_ALL_P, ...
    'chgtype', 1, ...
    'values', [] );
loadprofile.values(:,1,:) = [
	1546.8154 938.0966 1623.6527 580.9 873.9139 1128.2294 896.7274 277.66 536.3912 4739.8903 1803.0948;
	1527.0836 942.1217 1629.3323 587.3569 866.6402 1151.2898 886.6 280.4128 528.2487 4724.8397 1798.5534;
	1578.3207 967.8019 1680.9 595.4 867.7146 1180.9236 915.3799 294.8096 540.8 4672.2435 1833.0856;
	1654.9147 1064.9809 1786.6517 610.5 928.8281 1249.375 969.2911 308.2 573.2 4952.1243 1992.5963;
	1806.3846 1185.7381 1998.5786 628.0 1049.5901 1430.4729 1097.5 366.6645 661.3315 5685.9066 2299.3565;
	1901.0309 1255.8937 2087.6921 634.3 1113.093 1491.8961 1143.2596 402.8058 721.1104 6128.572 2419.2175;
	1875.9826 1233.0919 2064.9044 640.9 1108.3359 1490.0842 1150.6 391.3458 719.0 6367.7217 2360.7418;
	1910.1518 1250.5325 2027.2077 627.8146 1089.7143 1503.1 1144.2674 378.1425 723.8091 6517.4915 2312.5;
	1918.2 1233.7146 1945.4676 629.1344 1030.0 1480.9391 1140.8565 369.1053 711.7 6565.5129 2372.2111;
	1952.0499 1216.9306 1873.4487 634.3808 1006.7637 1480.2187 1120.7 367.1626 717.1 6606.9484 2351.4161;
	1898.9975 1167.1803 1832.4962 615.1758 990.2178 1374.5633 1087.9846 345.5057 690.8545 6602.9009 2275.2731;
	1935.158 1182.5268 1832.2759 619.0674 968.3589 1405.4099 1149.4932 355.8 697.434 6565.5698 2276.3122;
	1892.7 1169.4879 1745.0101 616.2616 948.7327 1343.3361 1086.6771 357.1303 669.8344 6518.6337 2290.7814;
	1806.1105 1146.5067 1834.958 609.8038 958.5502 1345.8093 1084.1693 350.8648 672.2702 6470.0296 2263.8705;
	1792.4294 1159.6676 1817.7673 615.7964 965.7551 1308.9777 1097.0011 343.5129 690.6743 6612.3117 2249.9216;
	1729.8 1154.0412 1810.1 620.7 951.057 1341.0373 1109.5485 347.5478 695.8176 6447.3935 2323.3505;
	1800.5399 1173.3212 1870.5885 606.2 992.2383 1431.8 1158.374 374.7925 696.8522 6409.0119 2439.4848;
	1866.4 1228.8887 1974.444 624.8588 1027.4658 1504.6901 1169.9106 384.7 741.5 6375.2339 2527.2908;
	1889.588 1220.9 1970.5941 633.6424 1011.5 1469.0032 1183.1214 396.0 755.3279 6202.9794 2543.3371;
	1814.9341 1165.1463 1870.7532 621.5594 911.7259 1400.8573 1139.9288 365.4943 718.3299 5976.6133 2420.6726;
	1686.3297 1077.7586 1767.3877 596.9216 879.3 1307.5183 1112.5759 340.9 674.8742 5658.5695 2239.9208;
	1580.3041 994.8048 1658.894 594.3411 819.2348 1196.0483 981.4 303.4 614.9601 5269.1323 2149.9041;
	1471.0 930.0382 1589.7119 582.8002 813.9605 1130.4262 939.9604 290.9333 590.3725 4969.9512 2147.4251;
	1423.7121 913.3318 1559.2931 586.7 766.123 1103.1 919.9976 266.6 586.4159 4820.1764 2050.0649;
];
