function loadprofile = ex_load_profilesh1
%EX_LOAD_PROFILE  Example load profile data file for stochastic unit commitment.
% 2022.03.12
% Andres F. Ramirez

%% define constants
[CT_LABEL, CT_PROB, CT_TABLE, CT_TBUS, CT_TGEN, CT_TBRCH, CT_TAREABUS, ...
    CT_TAREAGEN, CT_TAREABRCH, CT_ROW, CT_COL, CT_CHGTYPE, CT_REP, ...
    CT_REL, CT_ADD, CT_NEWVAL, CT_TLOAD, CT_TAREALOAD, CT_LOAD_ALL_PQ, ...
    CT_LOAD_FIX_PQ, CT_LOAD_DIS_PQ, CT_LOAD_ALL_P, CT_LOAD_FIX_P, ...
    CT_LOAD_DIS_P, CT_TGENCOST, CT_TAREAGENCOST, CT_MODCOST_F, ...
    CT_MODCOST_X] = idx_ct;

loadprofile = struct( ...
    'type', 'mpcData', ...
    'table', CT_TAREALOAD, ...
    'rows', [1:11], ...
    'col', CT_LOAD_ALL_P, ...
    'chgtype', 1, ...
    'values', [] );
loadprofile.values(:,1,:) = [
	1534.3689 965.0761 1603.4956 580.1 849.6 1183.1199 924.2 288.643 489.3165 4189.5721 1725.812;
	1544.9625 971.3538 1603.5385 575.0315 823.5 1187.9 914.1 278.2715 475.0949 4236.5905 1706.919;
	1542.2833 987.7476 1623.5627 572.1585 833.1246 1231.3945 927.2303 284.9832 485.7411 4134.3129 1742.3718;
	1601.2909 1057.5857 1700.0587 586.0671 896.5798 1290.0514 978.5897 309.7002 539.1341 4562.4483 1873.9095;
	1732.7911 1183.9985 1924.6651 627.8 1000.6 1441.9 1079.3341 351.6595 591.1671 4702.7885 2082.8644;
	1829.8166 1255.3 2032.7946 637.5907 1055.4464 1507.1824 1133.6 392.0188 654.7 5261.6451 2226.763;
	1921.4352 1276.4698 2063.9896 648.0322 1083.496 1525.8055 1174.9 393.4385 680.8808 5754.0113 2273.3089;
	1912.6767 1297.6899 2092.4099 637.6511 1103.9536 1507.0938 1146.9383 368.5319 689.8 6243.9611 2285.7655;
	1911.1217 1297.9539 2083.3274 625.1 1074.9 1506.8216 1144.6789 350.8915 684.3 6331.0863 2317.8362;
	1894.09 1314.396 2058.2153 615.877 1077.2765 1512.7423 1097.0907 363.0823 667.7698 6336.2711 2381.6412;
	1864.2725 1346.3178 2040.9456 621.4 1064.5583 1537.2572 1087.4614 353.4 667.834 6251.0114 2288.2126;
	1885.7479 1312.7091 2007.0535 604.7 1047.2955 1504.304 1050.6126 364.4678 654.6 6255.1129 2228.0031;
	1862.9421 1323.5544 1990.2216 611.6 1011.2546 1464.2075 1062.3449 363.7333 648.9304 6250.4845 2292.7861;
	1801.7229 1340.7393 1981.7868 613.7303 1006.4709 1428.1186 1097.6221 367.7696 657.5825 6371.6962 2280.0689;
	1807.3001 1351.7165 2001.5686 610.0013 1018.4767 1440.6156 1090.8138 372.266 655.3154 6301.696 2222.1686;
	1812.6772 1288.8085 1998.8096 612.4228 988.4 1466.332 1126.2317 367.5969 653.9563 6276.1888 2286.2253;
	1841.3084 1339.5671 2022.9557 595.9412 1002.4483 1485.4 1181.5801 396.4399 670.2992 6280.0983 2388.9799;
	1834.4 1321.2414 2079.3727 582.0785 1072.1744 1523.5 1258.075 417.3005 707.3696 6365.8061 2497.4055;
	1865.9228 1312.5691 2086.5964 582.1665 1073.9759 1566.6048 1312.7918 430.9598 716.5316 6277.35 2517.7058;
	1802.7994 1252.2898 1988.1658 573.9287 1002.475 1473.7201 1269.8552 410.8179 689.0 6119.6865 2450.2573;
	1695.0616 1163.6318 1829.2554 560.4839 946.239 1339.8945 1149.7426 371.3741 629.5 5753.7641 2241.7805;
	1568.1372 1053.5656 1686.1931 554.7615 863.0209 1210.3142 1028.8829 321.9047 575.8297 5270.6948 1988.9252;
	1502.5262 1000.5407 1635.4443 541.2025 789.9574 1169.7061 948.346 274.7264 541.471 4805.8171 1903.9812;
	1442.2301 947.4696 1579.0711 547.4241 800.5787 1158.9 944.4165 295.2265 541.4454 4611.7365 1852.9601;
];
