function loadprofile = ex_load_profilesh1
%EX_LOAD_PROFILE  Example load profile data file for stochastic unit commitment.
% 2022.03.12
% Andres F. Ramirez

%% define constants
[CT_LABEL, CT_PROB, CT_TABLE, CT_TBUS, CT_TGEN, CT_TBRCH, CT_TAREABUS, ...
    CT_TAREAGEN, CT_TAREABRCH, CT_ROW, CT_COL, CT_CHGTYPE, CT_REP, ...
    CT_REL, CT_ADD, CT_NEWVAL, CT_TLOAD, CT_TAREALOAD, CT_LOAD_ALL_PQ, ...
    CT_LOAD_FIX_PQ, CT_LOAD_DIS_PQ, CT_LOAD_ALL_P, CT_LOAD_FIX_P, ...
    CT_LOAD_DIS_P, CT_TGENCOST, CT_TAREAGENCOST, CT_MODCOST_F, ...
    CT_MODCOST_X] = idx_ct;

loadprofile = struct( ...
    'type', 'mpcData', ...
    'table', CT_TAREALOAD, ...
    'rows', [1:11], ...
    'col', CT_LOAD_ALL_P, ...
    'chgtype', 1, ...
    'values', [] );
loadprofile.values(:,1,:) = [
	1632.8 993.6047 1740.2532 607.1524 914.1406 1218.7461 918.8 296.7663 555.5117 4691.6419 1794.9375;
	1605.5673 1007.0531 1699.026 622.1627 899.0205 1219.4816 907.0232 277.9596 566.0237 4551.4058 1790.5616;
	1649.532 1025.3 1747.224 627.9073 922.1356 1253.454 934.3241 287.6788 576.9476 4653.2249 1838.927;
	1691.9602 1082.3 1850.9 630.9329 979.1571 1335.0216 993.7421 306.829 616.1147 4906.7612 1960.1147;
	1815.5 1198.8579 2020.0408 637.8 1081.7893 1467.1308 1099.5547 350.1479 706.3667 5463.7601 2233.7193;
	1897.315 1264.1 2108.9086 634.8682 1110.662 1532.0153 1160.8005 372.1565 761.8504 6017.4337 2368.3119;
	1903.5401 1277.6 2112.7408 628.6 1119.5947 1516.7708 1136.739 366.9217 734.8108 6224.1382 2342.8554;
	1920.7427 1318.1284 2133.9828 618.6282 1125.9221 1496.6805 1153.8 370.2545 762.913 6512.1418 2441.3684;
	1897.8176 1290.6842 2106.3687 596.2 1107.4663 1506.9885 1187.0704 348.8 785.3124 6629.8103 2466.427;
	1889.8 1269.8372 2074.0387 587.293 1102.8161 1501.578 1200.9712 343.7315 750.0815 6543.8689 2425.4962;
	1901.5 1278.5799 2040.0109 578.34 1038.6067 1485.1039 1206.1037 349.3313 717.2242 6563.3147 2485.839;
	1906.3138 1316.5851 2056.3715 564.1883 1013.6589 1443.9834 1173.5255 341.9988 714.0559 6443.7 2435.5475;
	1871.0365 1266.6287 2041.2111 565.8 1023.7 1410.1186 1179.2579 338.9099 679.5446 6347.2858 2346.1968;
	1819.4123 1217.3234 1932.0832 564.8562 976.6813 1367.0369 1105.6296 343.2375 692.5085 6296.1361 2315.6487;
	1802.8512 1196.2869 1923.9657 570.869 972.1137 1391.5442 1074.5 336.9 682.4999 6272.4287 2322.812;
	1799.1 1209.2492 1959.2914 589.7855 960.7714 1402.1 1085.0153 325.5582 693.4 6196.981 2394.0749;
	1753.3229 1206.1734 1991.5275 606.3 964.481 1456.9381 1113.9752 336.9949 707.2841 6131.6327 2470.3292;
	1890.8936 1268.3274 2060.3826 587.0782 990.4482 1506.2812 1208.4211 365.5786 772.822 6292.2908 2641.8422;
	1945.3971 1300.8736 2053.8609 592.0802 1020.5 1550.6861 1194.0162 369.1762 757.4327 6249.323 2601.9918;
	1883.5805 1263.0349 1952.4264 584.4111 967.7572 1474.2348 1165.6247 352.9255 706.7785 6021.5231 2574.9698;
	1821.6448 1166.5549 1826.5283 582.1 887.8053 1341.5721 1052.1306 325.7745 653.4179 5578.0502 2233.2165;
	1724.918 1073.4607 1747.1312 581.7646 858.5721 1288.5118 963.3904 295.5334 581.8388 5097.019 2000.4729;
	1634.9784 1032.6199 1655.5254 580.2 818.0462 1230.2231 908.3759 248.0263 536.3185 4401.1445 1844.2913;
	1596.3029 965.5017 1617.5706 597.4863 810.5451 1178.3573 857.3195 235.617 515.8 4192.8765 1748.8758;
];
