function loadprofile = ex_load_profilesh1
%EX_LOAD_PROFILE  Example load profile data file for stochastic unit commitment.
% 2022.03.12
% Andres F. Ramirez

%% define constants
[CT_LABEL, CT_PROB, CT_TABLE, CT_TBUS, CT_TGEN, CT_TBRCH, CT_TAREABUS, ...
    CT_TAREAGEN, CT_TAREABRCH, CT_ROW, CT_COL, CT_CHGTYPE, CT_REP, ...
    CT_REL, CT_ADD, CT_NEWVAL, CT_TLOAD, CT_TAREALOAD, CT_LOAD_ALL_PQ, ...
    CT_LOAD_FIX_PQ, CT_LOAD_DIS_PQ, CT_LOAD_ALL_P, CT_LOAD_FIX_P, ...
    CT_LOAD_DIS_P, CT_TGENCOST, CT_TAREAGENCOST, CT_MODCOST_F, ...
    CT_MODCOST_X] = idx_ct;

loadprofile = struct( ...
    'type', 'mpcData', ...
    'table', CT_TAREALOAD, ...
    'rows', [1:11], ...
    'col', CT_LOAD_ALL_P, ...
    'chgtype', 1, ...
    'values', [] );
loadprofile.values(:,1,:) = [
	1574.9303 986.9532 1697.9302 601.0813 901.4 1181.7765 886.3963 264.1983 559.7994 4653.4568 1748.7508;
	1581.0681 984.0109 1673.2561 604.2477 890.4189 1184.9 874.4706 249.9682 551.9128 4548.9402 1732.119;
	1602.6005 1003.7 1701.3063 610.8969 902.6 1194.3317 868.0192 239.5011 545.5 4450.1448 1689.6876;
	1658.0243 1069.6327 1808.3282 622.4388 938.3102 1261.5 938.6 269.1 578.5356 4792.7115 1857.7324;
	1779.603 1179.8436 1932.5869 644.6554 1025.8208 1368.3167 1034.7881 303.5596 647.1 5298.5841 2024.632;
	1864.5699 1240.9049 1958.3776 641.5841 1036.3007 1420.6884 1066.3672 332.964 700.9438 5856.736 2146.6892;
	1864.67 1239.549 1962.7836 634.9804 1013.7775 1425.161 1110.2139 325.0 725.6 6265.1397 2203.1971;
	1860.6282 1252.7544 1987.6105 631.8 1006.6357 1421.4723 1130.9237 331.0316 745.1569 6467.2045 2190.5687;
	1848.051 1260.4989 1996.3733 622.1402 1008.2487 1410.4809 1161.1834 328.0966 730.8797 6567.475 2182.5996;
	1844.6877 1239.0323 1968.7578 628.5434 994.336 1408.3657 1167.0601 311.1005 718.4 6486.9879 2153.4049;
	1802.427 1238.7462 1973.2021 617.4072 935.5484 1418.3178 1145.5781 299.1885 697.8511 6471.0 2156.218;
	1817.4844 1263.3711 1956.7 622.5 943.1816 1404.2229 1160.2 292.4437 693.7747 6483.1686 2093.5001;
	1795.4517 1209.5347 1903.8057 636.1269 900.6989 1394.5745 1114.133 280.3252 678.8573 6476.0424 2077.9835;
	1760.3709 1203.197 1913.5098 632.5357 899.6548 1354.2524 1082.7595 302.2824 673.0 6379.0824 2086.9868;
	1786.4072 1212.8922 1930.4816 621.2861 925.1461 1397.8705 1108.5523 320.5082 672.3454 6448.7718 2142.9479;
	1814.4957 1260.1819 1941.4358 632.8072 965.6851 1436.3154 1152.4318 357.4231 673.2795 6492.0578 2277.3;
	1761.8997 1229.8721 1937.022 631.905 972.1895 1420.025 1129.3476 366.9462 689.0025 6346.7775 2400.8189;
	1817.5124 1282.462 2035.8707 646.3486 992.0063 1501.4405 1210.6846 391.7831 747.6279 6527.0758 2549.2174;
	1847.9969 1274.3146 2028.4028 649.7145 989.2117 1480.7786 1202.1253 396.0942 742.3653 6327.9705 2519.1;
	1751.504 1212.5 1991.1544 625.7 906.6284 1376.9197 1146.6326 364.6995 720.2532 6184.4572 2471.1673;
	1725.4792 1143.7005 1931.6376 607.328 908.5176 1310.6851 1072.1838 339.6143 670.4209 5997.642 2271.5;
	1596.7091 1040.7 1796.3136 598.0791 843.6 1230.1881 992.9 302.9578 619.7166 5493.4987 2080.8813;
	1507.046 995.2718 1652.7913 568.1833 807.5 1146.3788 904.4481 267.7755 561.918 4956.2098 1863.4856;
	1420.9466 944.9141 1602.2 547.196 753.7554 1110.1813 872.4 245.9909 535.7939 4732.6285 1749.2;
];
