function loadprofile = ex_load_profilesh1
%EX_LOAD_PROFILE  Example load profile data file for stochastic unit commitment.
% 2022.03.12
% Andres F. Ramirez

%% define constants
[CT_LABEL, CT_PROB, CT_TABLE, CT_TBUS, CT_TGEN, CT_TBRCH, CT_TAREABUS, ...
    CT_TAREAGEN, CT_TAREABRCH, CT_ROW, CT_COL, CT_CHGTYPE, CT_REP, ...
    CT_REL, CT_ADD, CT_NEWVAL, CT_TLOAD, CT_TAREALOAD, CT_LOAD_ALL_PQ, ...
    CT_LOAD_FIX_PQ, CT_LOAD_DIS_PQ, CT_LOAD_ALL_P, CT_LOAD_FIX_P, ...
    CT_LOAD_DIS_P, CT_TGENCOST, CT_TAREAGENCOST, CT_MODCOST_F, ...
    CT_MODCOST_X] = idx_ct;

loadprofile = struct( ...
    'type', 'mpcData', ...
    'table', CT_TAREALOAD, ...
    'rows', [1:11], ...
    'col', CT_LOAD_ALL_P, ...
    'chgtype', 1, ...
    'values', [] );
loadprofile.values(:,1,:) = [
	1579.9 993.6721 1709.6393 590.6456 845.0154 1359.884 968.9484 255.1952 549.3 4650.6872 1787.7513;
	1553.7979 993.7072 1711.7765 585.8023 866.1934 1310.9773 950.7695 251.7563 544.4761 4558.5659 1767.1865;
	1553.811 1012.3672 1733.4882 586.1966 848.0 1318.0599 951.9722 255.6412 559.6 4593.7096 1803.0887;
	1607.3225 1081.6426 1835.1319 588.5288 904.5212 1378.3503 1000.0 284.6 589.8791 4817.2046 1912.2997;
	1749.6495 1183.3091 1993.523 610.2 1009.4809 1503.4834 1099.6282 330.0821 655.4805 5390.6555 2157.7916;
	1829.6937 1221.4009 2075.6015 622.7256 1026.044 1561.6313 1134.4621 345.3 716.2887 5926.1985 2272.0537;
	1863.4759 1235.6058 2057.1 588.2 1049.0313 1570.5325 1152.0634 337.0202 723.8 6168.8226 2300.1407;
	1845.0772 1222.2281 2011.7729 567.846 1014.8857 1527.1932 1099.7891 345.5 689.8514 6141.5208 2098.4065;
	1844.949 1210.7086 1991.0484 578.8805 1033.2092 1528.3378 1082.9796 344.971 696.1927 6366.588 2062.1028;
	1868.0698 1221.9592 2034.5484 578.3 1022.0296 1529.954 1050.7844 349.3719 686.2 6291.6811 2056.471;
	1832.5 1214.2505 2025.7 569.9953 1038.1545 1510.9615 1062.9064 345.8 693.5 6368.8039 2080.2166;
	1815.4435 1177.8335 1971.3585 582.4 1019.2838 1507.5105 1097.3679 341.624 694.795 6318.2149 2047.682;
	1836.5879 1200.4317 1974.4719 567.4 1010.0877 1488.6447 1143.7 353.3121 683.8006 6391.5069 2125.1501;
	1880.8717 1202.7655 1946.0099 571.3 975.4443 1460.1222 1122.5878 343.6 669.764 6375.6496 2076.2344;
	1834.6 1202.6 2021.0973 565.5199 983.4315 1459.9554 1193.3562 347.3838 675.2813 6397.2467 2194.9642;
	1861.874 1249.1964 2024.694 585.1301 1008.4167 1509.8908 1177.5298 350.1834 672.7668 6378.8561 2279.8572;
	1798.4594 1236.6255 1967.6168 591.6841 997.3006 1498.0002 1176.5369 330.9044 686.7076 6314.8737 2398.0348;
	1875.5354 1260.6606 2021.6108 600.9 1024.6165 1609.7581 1218.8362 353.195 736.8095 6382.3661 2514.6502;
	1886.715 1281.9581 2038.5876 577.0787 1025.1 1576.3356 1199.6849 348.0 731.1695 6351.5242 2489.6011;
	1808.9602 1172.1047 1920.1032 571.3064 942.4856 1454.5895 1126.2365 331.5 679.4 6106.3498 2362.659;
	1721.4598 1093.6484 1775.796 563.5236 873.0619 1332.5324 1055.8 283.2333 642.1371 5692.7699 2168.0;
	1617.946 999.5 1650.7 551.6856 830.8637 1245.517 994.681 252.0116 587.5 5240.9269 1931.0353;
	1536.5291 953.146 1612.5201 535.4539 781.0905 1214.0909 959.9301 250.0014 547.6073 4826.3646 1836.5757;
	1453.6529 928.155 1573.719 525.4729 761.5933 1162.2024 902.3436 233.1202 516.2 4586.8222 1743.7419;
];
