function windprofile = ex_wind_profilesh1
%EX_WIND_PROFILE_D  Example wind_load_nyiso profile data for deterministic unit commitment.
% 2022.03.12
% Andres F. Ramirez


%% define constants
[GEN_BUS, PG, QG, QMAX, QMIN, VG, MBASE, GEN_STATUS, PMAX, PMIN, ...
    MU_PMAX, MU_PMIN, MU_QMAX, MU_QMIN, PC1, PC2, QC1MIN, QC1MAX, ...
    QC2MIN, QC2MAX, RAMP_AGC, RAMP_10, RAMP_30, RAMP_Q, APF] = idx_gen;
[CT_LABEL, CT_PROB, CT_TABLE, CT_TBUS, CT_TGEN, CT_TBRCH, CT_TAREABUS, ...
    CT_TAREAGEN, CT_TAREABRCH, CT_ROW, CT_COL, CT_CHGTYPE, CT_REP, ...
    CT_REL, CT_ADD, CT_NEWVAL, CT_TLOAD, CT_TAREALOAD, CT_LOAD_ALL_PQ, ...
    CT_LOAD_FIX_PQ, CT_LOAD_DIS_PQ, CT_LOAD_ALL_P, CT_LOAD_FIX_P, ...
    CT_LOAD_DIS_P, CT_TGENCOST, CT_TAREAGENCOST, CT_MODCOST_F, ...
    CT_MODCOST_X] = idx_ct;

windprofile = struct( ...
    'type', 'mpcData', ...
    'table', CT_TGEN, ...
    'rows', [1:45], ...
    'col', PMAX, ...
    'chgtype', 1, ...
    'values', [] );
windprofile.values(:,1,:) = [
	0.5823 7.8679 51.8207 63.6465 5.8817 0.0 0.0 7.6517 0.0 9.6984 17.9273 26.7441 40.263 0.0 140.9276 53.0937 65.8755 69.8083 75.7153 71.3078 0.0 0.0 61.1485 72.6979 47.3763 37.8892 0.4121 94.5903 305.5251 305.5251 220.817 45.1877 252.3845 183.5464 0.0 130.3574 323.8103 87.105 0.0 126.9008 61.5521 0.0 0.0 58.1725 327.1833;
	0.4326 5.8458 51.5406 64.3742 5.7282 0.0063 0.0 10.6895 0.0 0.4118 0.7612 1.1356 1.7096 0.0006 117.0294 44.0902 54.7045 57.9704 71.6669 69.0967 0.0 0.0148 32.8969 72.3958 52.153 47.5059 4.466 46.3373 210.4251 210.4251 144.8294 29.357 238.8897 177.8552 0.002 89.7814 223.9818 93.911 0.0 139.6957 69.6611 0.0701 0.0 82.0675 226.3149;
	0.0805 1.0877 51.9165 63.6886 0.1119 0.0 0.0 11.0713 0.0 0.0 0.0 0.0 0.0 0.0 89.8754 33.86 42.0115 44.5197 61.1277 67.7598 0.0 0.0 4.3454 76.158 54.8919 48.8169 2.1857 0.0 4.7927 4.7927 0.2869 16.8101 203.7588 174.4139 0.0 2.0449 113.4846 4.3497 0.0 147.0319 64.6994 0.0 0.0 76.159 114.6667;
	0.346 4.6754 61.9419 72.5142 6.7941 0.0 0.0 13.8589 0.0 3.9374 7.2782 10.8577 16.3461 1.4231 97.5967 36.769 45.6208 48.3444 43.9412 68.2155 0.0 0.0 43.0537 81.7688 65.4284 62.5657 6.3876 0.0 28.1796 28.1796 10.7608 19.4541 146.4707 175.5868 4.4615 12.0233 3.6881 26.0907 0.0 175.2547 65.1324 0.0 0.0 111.633 3.7265;
	0.4434 5.9908 77.2573 79.8071 9.0258 0.0 1.0403 14.8998 6.4018 7.7569 14.3385 21.3902 32.2029 18.2807 115.8451 43.644 54.1509 57.3838 50.0869 69.8879 0.3468 0.0 42.4753 84.0133 81.9962 68.8432 8.4798 17.2059 213.359 213.359 56.7576 10.6021 166.9563 179.8915 57.3123 91.0332 40.3417 24.6569 26.1218 219.6326 64.6725 0.0 0.0 122.5644 40.7619;
	0.5342 7.2176 78.9795 62.9695 9.9167 3.5664 2.7972 13.818 23.6126 8.1102 14.9917 22.3646 33.6698 9.4682 144.5103 54.4434 67.5502 71.583 79.699 71.6072 0.9324 8.3215 36.6605 84.3547 69.4603 70.8591 8.0057 8.1009 29.8635 29.8635 36.5534 10.8383 265.6634 184.3172 29.6842 12.7418 7.6437 10.6493 123.9646 186.0543 52.2589 39.5627 20.3553 139.7133 7.7234;
	0.5206 7.0346 59.3884 41.2024 9.4825 2.8135 3.6563 8.5276 7.4852 6.1268 11.3252 16.895 25.4353 4.7413 116.5158 43.8967 54.4644 57.716 65.1129 72.1579 1.2188 6.5649 21.9682 63.587 45.0859 64.0236 3.8835 22.3153 73.8925 73.8925 55.6609 3.6889 217.043 185.7346 14.8646 31.5275 12.5239 19.8348 67.9406 120.7659 26.5887 31.2114 28.1537 141.3034 12.6544;
	0.5223 7.0574 39.1887 31.6201 4.5853 2.6238 4.4124 8.1852 3.9918 4.5144 8.3448 12.4488 18.7416 3.6572 54.7036 20.6092 25.5707 27.0973 17.1458 47.9862 1.4708 6.1223 12.5439 54.3955 47.3144 68.3817 4.8806 11.4316 14.1277 14.1277 141.1698 7.6083 57.1528 123.5167 11.4659 6.0278 20.333 44.2097 61.9069 126.735 9.6478 29.1071 0.0 115.6703 20.5448;
	0.5375 7.2632 28.7584 25.8162 3.9004 0.0321 0.7977 6.3135 2.1733 0.0 0.0 0.0 0.0 0.0 14.7592 5.5604 6.8991 7.311 19.2799 18.2767 0.2659 0.0748 3.5321 51.0928 33.3005 58.9948 4.6228 0.0 0.4165 0.4165 67.6782 2.2533 64.2662 47.0442 0.0 0.1777 5.7698 17.3476 9.5322 89.1977 0.2615 0.3556 0.0 82.477 5.8299;
	0.607 8.202 30.4231 29.9652 7.644 0.3883 6.3667 5.6811 25.9052 0.0 0.0 0.0 0.0 2.9496 9.9706 3.7564 4.6607 4.9389 24.4932 14.3609 2.1222 0.9059 7.5508 45.942 33.592 55.0068 4.0763 24.5057 48.5254 48.5254 130.8325 1.2216 81.6439 36.9649 9.2474 20.7041 41.7533 37.4963 354.4185 89.9786 18.3643 4.3071 45.6712 97.7059 42.1883;
	0.8503 11.4897 36.1606 26.1161 11.3016 0.0186 1.6219 4.2195 2.7992 0.0 0.0 0.0 0.0 0.4598 0.3209 0.1209 0.15 0.1589 2.85 12.4021 0.5406 0.0434 5.8811 46.0721 47.9833 53.9979 1.7157 49.2159 69.8079 69.8079 56.594 1.0486 9.5002 31.9231 1.4414 29.7847 56.5541 6.5962 86.507 128.5267 8.0985 0.2062 0.0025 98.4343 57.1432;
	1.6243 21.9482 56.4398 8.8499 13.9087 0.9322 3.5037 13.9089 3.3392 0.0 0.0 0.0 0.0 2.2826 0.3684 0.1388 0.1722 0.1825 6.9229 7.6396 1.1679 2.1752 50.2985 61.3691 28.1056 53.9614 8.7942 114.9461 110.2993 110.2993 23.5735 2.5691 23.0764 19.6644 7.1562 47.061 125.2096 11.5906 150.7733 75.2828 5.2258 10.3413 0.4824 132.8935 126.5139;
	2.2074 29.8267 74.2738 1.5074 14.3326 0.0 0.0 2.4311 0.3797 22.2063 41.048 61.2356 92.1898 0.3701 0.0201 0.0076 0.0094 0.01 0.5816 7.601 0.0 0.0 32.493 69.6018 65.2869 56.0066 2.0825 142.168 167.4344 167.4344 57.6363 3.5914 1.9387 19.565 1.1602 71.4387 164.8513 34.5779 137.624 174.8755 12.8748 0.0 101.1174 170.9932 166.5685;
	1.6017 21.6425 0.0 0.0 14.3024 15.5346 0.757 0.459 0.4009 0.0004 0.0007 0.0011 0.0016 1.0005 0.0 0.0 0.0 0.0 1.7923 6.7916 0.2523 36.2475 38.9768 6.1024 0.0029 33.9191 0.9122 135.2364 212.8628 212.8628 32.6576 8.5619 5.9743 17.4816 3.1365 90.8214 173.2455 34.857 192.1421 0.0076 3.0917 172.331 70.3662 133.2947 175.0502;
	1.8309 24.7395 0.0 0.0 10.1282 0.0 0.7535 0.0003 0.0 0.0 0.0 0.0 0.0 2.9608 0.0911 0.0343 0.0426 0.0451 0.1424 0.7316 0.2512 0.0 1.8311 0.0 0.0 0.111 0.0025 223.4123 267.0418 267.0418 104.0995 5.8611 0.4745 1.8831 9.2825 113.9378 248.9916 16.6387 318.7563 0.0 0.6079 0.0 67.835 102.745 251.5853;
	2.5273 34.15 75.2919 0.0 14.1528 0.0 0.813 0.0454 1.7152 0.0 0.0 0.0 0.0 1.8688 0.3379 0.1273 0.158 0.1674 0.0213 1.0833 0.271 0.0 27.3984 1.5776 0.6278 0.0169 0.04 318.1184 279.2438 279.2438 178.3364 7.2216 0.0709 2.7884 5.8588 119.144 293.316 43.1777 197.9155 1.6815 1.9031 0.0 0.0 176.6667 296.3713;
	2.8068 37.9263 0.0 0.0 14.3909 0.0 5.4705 0.0 2.9836 2.2015 4.0694 6.0708 9.1396 1.4849 17.399 6.555 8.133 8.6186 3.7086 6.4606 1.8235 0.0 0.5464 0.0 0.0 0.0 0.0025 308.2758 379.0799 379.0799 178.9536 20.4996 12.3619 16.6297 4.6555 161.7408 449.069 75.8315 362.6172 0.0 7.5284 0.0 127.3226 198.4479 453.7468;
	2.6696 36.0726 0.0 4.3892 14.6257 17.9399 9.6267 0.3917 3.1683 0.0898 0.166 0.2476 0.3728 2.4109 25.5709 9.6337 11.9529 12.6665 2.662 8.6833 3.2089 41.8597 11.1685 5.98 2.9887 2.9333 0.9265 503.7923 497.7673 497.7673 337.367 32.8058 8.8732 22.3508 7.5584 212.3807 558.138 103.4484 314.964 8.0054 5.1396 199.0131 107.9975 214.9438 563.9519;
	2.8474 38.4752 77.4152 8.3636 14.9858 24.8488 8.6245 0.9613 6.9659 7.4283 13.7311 20.4841 30.8387 8.9144 48.4499 18.2532 22.6475 23.9996 2.3435 44.0701 2.8748 57.9805 3.4028 10.5255 7.0023 58.1382 1.1571 803.8655 478.6144 478.6144 383.6258 46.119 7.8116 113.4366 27.9477 204.2088 676.299 86.7233 420.8717 18.756 30.1302 275.6557 103.501 181.0852 683.3438;
	2.4201 32.7008 0.0 0.0 14.1844 0.0 19.0459 0.052 26.7111 18.548 34.2857 51.1475 77.0023 5.5962 15.6625 5.9008 7.3213 7.7584 3.4495 20.9945 6.3486 0.0 45.3218 6.853 2.372 51.1298 0.2015 728.864 449.3339 449.3339 339.4081 43.5855 11.4985 54.04 17.5448 191.7158 570.4223 77.9521 262.7481 6.3536 41.3735 0.0 85.7198 143.4812 576.3642;
	3.2184 43.4874 84.4815 8.1925 15.0805 0.5126 3.3118 6.2139 27.9171 20.3334 37.586 56.0709 84.4145 9.4734 25.6453 9.6617 11.9877 12.7034 7.0393 32.5469 1.1039 1.1961 68.4309 84.7219 44.7321 63.8365 8.0465 636.8299 412.3108 412.3108 260.7211 58.0171 23.4645 83.7758 29.7003 175.9193 580.9032 80.7366 97.7811 119.818 96.6917 5.6865 93.4011 170.7312 586.9543;
