function windprofile = ex_wind_profilesh1
%EX_WIND_PROFILE_D  Example wind_load_nyiso profile data for deterministic unit commitment.
% 2022.03.12
% Andres F. Ramirez


%% define constants
[GEN_BUS, PG, QG, QMAX, QMIN, VG, MBASE, GEN_STATUS, PMAX, PMIN, ...
    MU_PMAX, MU_PMIN, MU_QMAX, MU_QMIN, PC1, PC2, QC1MIN, QC1MAX, ...
    QC2MIN, QC2MAX, RAMP_AGC, RAMP_10, RAMP_30, RAMP_Q, APF] = idx_gen;
[CT_LABEL, CT_PROB, CT_TABLE, CT_TBUS, CT_TGEN, CT_TBRCH, CT_TAREABUS, ...
    CT_TAREAGEN, CT_TAREABRCH, CT_ROW, CT_COL, CT_CHGTYPE, CT_REP, ...
    CT_REL, CT_ADD, CT_NEWVAL, CT_TLOAD, CT_TAREALOAD, CT_LOAD_ALL_PQ, ...
    CT_LOAD_FIX_PQ, CT_LOAD_DIS_PQ, CT_LOAD_ALL_P, CT_LOAD_FIX_P, ...
    CT_LOAD_DIS_P, CT_TGENCOST, CT_TAREAGENCOST, CT_MODCOST_F, ...
    CT_MODCOST_X] = idx_ct;

windprofile = struct( ...
    'type', 'mpcData', ...
    'table', CT_TGEN, ...
    'rows', [1:45], ...
    'col', PMAX, ...
    'chgtype', 1, ...
    'values', [] );
windprofile.values(:,1,:) = [
	1.5083 20.3798 68.9341 80.2284 8.0055 31.1567 15.9705 9.9903 26.4441 20.2155 37.3681 55.7459 83.9251 19.0996 163.0489 61.4277 76.2159 80.7661 80.5011 70.4401 5.3235 72.6991 71.6539 80.8902 55.1783 47.5436 4.9275 182.0058 329.3018 329.3018 221.3285 42.2583 268.3369 181.313 59.8797 140.5021 382.4904 88.5828 84.0481 147.799 70.4848 345.6321 110.1589 80.3141 386.4747;
	0.6836 9.2364 57.8624 70.0099 6.7519 15.1122 3.6361 11.2229 7.7835 12.3246 22.7818 33.9859 51.1657 8.8602 124.3497 46.848 58.1262 61.5965 69.8122 68.4656 1.212 35.2618 36.42 76.1455 56.1291 45.284 6.4483 62.4741 225.0811 225.0811 149.8692 27.9766 232.7075 176.2307 27.7779 96.0346 290.2448 89.9751 10.8154 150.3459 79.1874 167.6447 29.6982 89.5084 293.2682;
	0.5156 6.9664 71.1979 77.2161 5.72 21.7705 2.5145 11.6689 9.3633 11.4892 21.2376 31.6824 47.6976 0.7212 85.2795 32.1286 39.8632 42.2431 61.4299 67.5145 0.8382 50.7979 32.8239 82.5706 64.326 53.7887 6.662 0.8041 8.1405 8.1405 7.5494 15.3356 204.7665 173.7825 2.261 3.4733 155.446 1.771 14.047 172.3019 72.1338 241.5078 18.7648 100.4807 157.0652;
	0.6096 8.2371 74.3594 83.0229 7.9118 14.4007 6.9857 13.8569 7.2276 16.9287 31.2925 46.6823 70.2799 0.774 101.3982 38.2012 47.3978 50.2275 46.2507 68.9354 2.3286 33.6016 56.0839 84.6427 69.4955 64.9862 7.8676 0.9894 13.0719 13.0719 3.4552 20.4827 154.1691 177.4398 2.4267 5.5773 4.0255 3.2624 45.665 186.1487 75.4793 159.7515 6.5922 144.8288 4.0674;
	0.8771 11.8512 86.7853 87.2087 9.2053 17.9582 5.9663 14.7819 10.5805 15.7242 29.066 43.3607 65.2793 0.4996 138.6358 52.2302 64.8042 68.6731 58.8566 71.9127 1.9888 41.9026 50.984 86.4196 85.3017 70.5954 9.1937 18.273 6.205 6.205 15.0045 11.9067 196.1888 185.1035 1.5662 2.6475 6.6414 14.4847 50.8542 228.4867 73.5242 199.2168 1.9657 158.725 6.7106;
	0.6589 8.9037 85.3452 68.4688 8.7095 4.491 7.9871 13.3855 8.3276 8.6882 16.06 23.9584 36.0692 0.2813 160.911 60.6223 75.2165 79.7071 79.0505 70.4088 2.6624 10.479 37.0486 82.9137 64.2558 67.6355 8.4156 31.0242 12.6651 12.6651 19.793 12.06 263.5016 181.2324 0.882 5.4038 14.0672 9.2653 133.8014 172.1136 55.0572 49.8203 22.8133 150.3948 14.2137;
	0.955 12.9036 70.5624 46.6501 9.5829 4.4626 4.2886 9.134 11.718 7.1317 13.1829 19.6662 29.6074 0.0 139.9557 52.7275 65.4212 69.3269 64.1933 71.1978 1.4295 10.4127 24.9144 62.6119 48.2587 64.1514 4.6709 27.327 1.3754 1.3754 0.8941 3.6171 213.9777 183.2634 0.0 0.5869 1.8051 2.8918 184.8981 129.2645 30.2778 49.505 30.7134 155.5779 1.8239;
	0.7573 10.2325 44.2194 32.7306 4.0294 5.2903 4.7459 7.3476 9.4924 4.9041 9.0652 13.5235 20.3595 0.0118 75.9424 28.6109 35.4987 37.618 18.1924 47.8929 1.582 12.3441 13.5361 40.3737 38.4054 61.1758 4.5895 53.8076 3.2937 3.2937 1.9454 1.0517 60.6412 123.2764 0.0369 1.4053 20.5949 2.0764 134.0499 102.8717 11.4514 58.6876 30.1713 113.7983 20.8094;
	0.6844 9.2474 37.0099 28.5778 4.1033 12.2805 6.3039 5.4923 17.1663 6.8049 12.5787 18.7649 28.2505 0.9499 22.3075 8.4042 10.4275 11.05 1.9736 19.3719 2.1013 28.6544 7.2773 35.9144 30.6869 55.0984 4.2114 57.2838 13.9955 13.9955 17.1365 1.2274 6.5787 49.8633 2.9782 5.9714 21.6875 13.3504 177.8607 82.197 14.8044 136.2312 47.9811 84.5077 21.9134;
	0.732 9.8909 37.1827 26.9959 7.4132 20.6968 5.9899 4.5639 26.1274 7.0419 13.0168 19.4185 29.2344 2.2692 13.8155 5.2049 6.4579 6.8435 0.0 13.4295 1.9966 48.2924 12.9555 37.6409 32.146 47.0552 3.1189 89.155 55.6962 55.6962 42.0565 0.2199 0.0 34.5676 7.1143 23.7637 32.2009 8.4108 149.7947 86.1055 2.5589 229.596 54.7546 96.326 32.5364;
	0.9128 12.3341 45.0389 5.6413 10.605 13.3998 7.7416 3.0409 24.015 1.1617 2.1474 3.2036 4.823 0.2904 48.3737 18.2245 22.6119 23.9618 0.0 11.4668 2.5805 31.2663 31.6321 41.2945 45.8655 48.4099 1.0555 62.3191 57.2706 57.2706 66.4463 2.2758 0.0 29.5157 0.9103 24.4355 58.7555 33.967 189.0507 122.8541 0.0 148.6489 30.6484 98.4309 59.3676;
	1.6736 22.6136 69.727 6.8452 13.2661 19.2662 13.4716 0.1898 27.12 12.4236 22.9648 34.259 51.5767 8.8015 82.7832 31.1881 38.6964 41.0066 7.1674 13.3684 4.4905 44.9545 55.0926 57.9089 16.426 49.7348 0.3279 178.4182 112.7242 112.7242 86.3773 2.2157 23.8914 34.4104 27.594 48.0957 136.8642 36.2762 370.5531 43.9982 0.2623 213.7266 62.3323 136.5736 138.2899;
	2.6028 35.169 89.1296 24.2768 14.6322 28.8058 11.0827 1.2912 27.12 26.5327 49.0453 73.1659 110.1509 13.6819 109.2359 41.154 51.0614 54.1099 23.3803 14.7331 3.6942 67.2136 40.7835 69.9259 72.7911 56.1558 1.0289 249.5084 182.7946 182.7946 439.5042 9.8778 77.9344 37.9231 42.8945 77.9924 212.1058 131.9237 448.3004 194.976 0.8638 319.5528 122.74 178.7432 214.3152;
	2.0031 27.0664 52.5181 9.7131 14.6564 22.832 9.3714 0.1956 27.12 18.2944 33.8168 50.4481 75.9493 24.7585 78.0021 29.3868 36.4614 38.6382 44.7995 11.3135 3.1238 53.2747 54.054 31.0383 33.1343 31.0469 0.1134 209.1896 222.5452 222.5452 300.315 8.5385 149.3317 29.1209 77.6213 94.9526 224.5318 52.0924 449.7181 88.7527 1.7029 253.2833 90.0707 131.2347 226.8707;
	2.3347 31.5474 87.3873 13.9633 10.2555 7.8952 1.6518 1.0969 11.9151 11.5616 21.3715 31.8821 47.9983 3.4333 95.3047 35.9055 44.5494 47.2091 4.3293 31.686 0.5506 18.4222 33.0216 70.3642 66.2256 25.8891 0.2149 298.2287 268.522 268.522 126.302 9.1274 14.4309 81.5599 10.7639 114.5694 297.9079 73.5199 244.6872 177.3901 2.1233 87.5845 83.8681 111.7508 301.0111;
	3.4765 46.9758 93.0575 32.0307 14.7911 24.3665 6.8076 12.233 20.935 14.6624 27.1032 40.4327 60.8712 3.5016 96.0937 36.2028 44.9182 47.5999 7.1171 44.0951 2.2692 56.8552 53.5619 85.7882 99.4331 31.445 8.0722 428.722 291.4828 291.4828 207.0068 12.4676 23.7238 113.5009 10.9779 124.366 362.1647 50.8622 375.2276 266.3386 8.8752 270.3058 55.2251 193.9567 365.9372;
	3.6133 48.823 87.0976 18.3448 15.1517 13.9884 11.3103 7.5947 20.4796 14.0082 25.894 38.6288 58.1554 1.9092 75.5806 28.4745 35.3295 37.4387 1.1236 59.2932 3.7701 32.6396 14.3528 85.8096 95.0112 36.2228 1.9232 404.7118 372.8802 372.8802 211.521 23.0916 3.7454 152.6209 5.9857 159.0955 465.8625 74.8396 363.1045 254.4942 26.7729 155.178 143.1832 233.8729 470.7153;
	3.0459 41.1567 83.7727 27.9966 15.0653 21.9907 15.5386 1.1938 26.598 8.4964 15.7055 23.4296 35.2731 2.5428 77.4262 29.1699 36.1922 38.353 6.68 17.0128 5.1795 51.3116 18.1644 85.8095 75.8517 9.7041 0.015 565.7501 469.2393 469.2393 340.8025 33.9474 22.2665 43.791 7.9721 200.2088 571.1095 101.4955 313.9921 203.1743 20.8275 243.9502 122.4858 239.0593 577.0585;
	3.3656 45.4772 89.5914 18.4861 14.9517 26.5729 1.3396 7.0342 2.2888 8.6738 16.0334 23.9187 36.0095 6.0598 100.6655 37.9252 47.0553 49.8646 1.0531 45.2673 0.4465 62.0035 29.9393 78.6013 58.6879 66.0222 0.9771 750.4308 411.5826 411.5826 381.1742 43.9653 3.5104 116.5181 18.9984 175.6086 558.7228 78.4601 47.069 157.1997 4.4104 294.7822 113.7498 212.2816 564.5429;
