function windprofile = ex_wind_profilesh1
%EX_WIND_PROFILE_D  Example wind_load_nyiso profile data for deterministic unit commitment.
% 2022.03.12
% Andres F. Ramirez


%% define constants
[GEN_BUS, PG, QG, QMAX, QMIN, VG, MBASE, GEN_STATUS, PMAX, PMIN, ...
    MU_PMAX, MU_PMIN, MU_QMAX, MU_QMIN, PC1, PC2, QC1MIN, QC1MAX, ...
    QC2MIN, QC2MAX, RAMP_AGC, RAMP_10, RAMP_30, RAMP_Q, APF] = idx_gen;
[CT_LABEL, CT_PROB, CT_TABLE, CT_TBUS, CT_TGEN, CT_TBRCH, CT_TAREABUS, ...
    CT_TAREAGEN, CT_TAREABRCH, CT_ROW, CT_COL, CT_CHGTYPE, CT_REP, ...
    CT_REL, CT_ADD, CT_NEWVAL, CT_TLOAD, CT_TAREALOAD, CT_LOAD_ALL_PQ, ...
    CT_LOAD_FIX_PQ, CT_LOAD_DIS_PQ, CT_LOAD_ALL_P, CT_LOAD_FIX_P, ...
    CT_LOAD_DIS_P, CT_TGENCOST, CT_TAREAGENCOST, CT_MODCOST_F, ...
    CT_MODCOST_X] = idx_ct;

windprofile = struct( ...
    'type', 'mpcData', ...
    'table', CT_TGEN, ...
    'rows', [1:45], ...
    'col', PMAX, ...
    'chgtype', 1, ...
    'values', [] );
windprofile.values(:,1,:) = [
	0.7558 10.2127 52.6631 57.8095 7.0104 1.0356 2.6917 6.5605 0.0431 17.7669 32.8419 48.9937 73.7597 7.0087 138.0435 52.0071 64.5273 68.3797 76.9451 68.3465 0.8972 2.4163 67.4284 67.0712 41.6333 41.4393 3.8323 176.2898 313.3867 313.3867 216.0903 42.6031 256.4837 175.9241 21.9732 133.7116 370.7908 87.369 9.7546 111.5179 58.8495 11.488 0.1088 69.7276 374.6532;
	0.4926 6.6562 37.0705 43.7648 1.9528 0.0021 2.5745 3.8461 0.0 10.7151 19.8068 29.5478 44.4841 16.3759 111.8902 42.154 52.3022 55.4247 72.6335 67.1846 0.8582 0.0048 31.9465 59.4436 24.6176 27.2473 0.7118 97.9982 220.882 220.882 159.2112 29.8739 242.1115 172.9332 51.3406 94.243 302.5644 92.3185 20.2299 65.9399 69.6533 0.0228 17.9313 85.7798 305.7162;
	0.2642 3.5703 55.8759 46.2555 5.3582 0.218 1.4398 7.6541 0.0 9.335 17.2556 25.742 38.7544 3.2219 80.2544 30.2354 37.5142 39.7539 58.1564 65.1608 0.4799 0.5087 26.7177 75.248 49.1167 43.0028 4.7556 11.6658 3.0449 3.0449 9.3022 10.753 193.8548 167.724 10.1011 1.2992 156.8747 0.8798 23.4679 131.5625 64.5916 2.4184 0.0125 102.0499 158.5088;
	0.3579 4.8356 62.1759 66.0859 7.5093 0.0769 0.4425 11.4367 0.0 15.0173 27.7592 41.4113 62.3445 0.412 91.6145 34.5152 42.8245 45.3811 46.7482 62.0863 0.1475 0.1795 43.9026 81.2271 54.1572 56.5093 6.1579 14.5512 9.0104 9.0104 28.7218 17.3232 155.8274 159.8104 1.2917 3.8445 6.8951 2.6615 20.6857 145.0639 68.7138 0.8533 0.0274 139.1009 6.9669;
	0.4246 5.7377 76.1288 68.8725 9.6383 0.0377 1.8324 11.9076 0.2387 14.7942 27.3468 40.7961 61.4183 2.7758 122.2832 46.0695 57.1603 60.5728 56.6673 64.5876 0.6108 0.0879 44.5699 82.7394 72.426 52.4796 6.9042 17.6437 2.3189 2.3189 15.4728 8.2085 188.891 166.2487 8.7024 0.9894 1.1758 10.3036 92.2349 193.9983 66.9922 0.418 0.0181 144.1824 1.188;
	0.4521 6.1086 77.9544 59.487 9.7329 3.7805 6.6671 10.9494 1.3083 9.2441 17.0875 25.4912 38.3769 2.2127 147.7706 55.6717 69.0742 73.198 79.8572 64.5627 2.2224 8.8211 32.7603 78.8952 53.1963 59.9162 5.8427 18.5259 15.5629 15.5629 163.3708 7.9634 266.1905 166.1845 6.937 6.6402 4.6855 22.2811 108.7541 142.49 49.3227 41.9381 21.9441 138.8032 4.7343;
	0.4783 6.4633 57.6058 38.9849 9.8036 2.6807 4.3001 7.1482 1.9182 7.3183 13.5278 20.1808 30.3821 0.129 122.1503 46.0194 57.0981 60.507 61.0667 63.093 1.4334 6.255 23.685 55.093 34.6679 54.5322 2.6215 37.42 20.8736 20.8736 47.4561 0.0 203.5558 162.4016 0.4044 8.9061 7.749 1.4761 25.9673 92.8606 23.1379 29.7381 32.2361 138.245 7.8297;
	0.5217 7.0492 33.7952 26.0165 3.6463 2.6479 5.0837 5.9967 1.6932 4.7764 8.8291 13.1712 19.8292 0.0 62.5501 23.5654 29.2385 30.9841 18.4376 41.6144 1.6946 6.1784 12.4224 36.1539 32.0653 53.2309 0.4679 11.712 40.8693 40.8693 26.4916 0.0 61.4588 107.1155 0.0 17.4376 12.2645 2.5764 8.8888 85.8891 8.9605 29.3737 0.2736 105.7063 12.3923;
	0.606 8.1877 27.4133 23.3709 3.7153 0.2776 5.4851 5.7485 0.2168 7.9166 14.6338 21.8307 32.866 0.0 13.417 5.0548 6.2717 6.6461 1.672 14.2804 1.8284 0.6477 7.7615 39.7185 31.0822 54.0192 3.6305 25.0796 0.3803 0.3803 13.2175 0.0009 5.5733 36.7577 0.0 0.1623 2.6444 16.7142 12.4013 83.2559 6.3009 3.0794 0.0 83.7832 2.6719;
	0.5537 7.4821 30.2418 25.4367 7.5233 0.4654 2.5358 4.6625 0.0 3.1207 5.7686 8.6056 12.9557 0.0 8.8988 3.3526 4.1597 4.408 18.0013 13.6485 0.8453 1.0859 12.0826 37.4384 32.4938 48.7311 2.8755 24.1523 35.0406 35.0406 17.874 0.193 60.0043 35.1312 0.0 14.9506 0.0 4.3487 0.0 87.0369 3.9856 5.1625 39.2939 92.2091 0.0;
	0.7949 10.7407 42.7305 4.7494 11.0731 1.2585 2.2288 3.6739 0.0 1.5408 2.8481 4.2488 6.3966 4.864 7.1402 2.69 3.3376 3.5369 4.2756 10.2941 0.7429 2.9364 33.3187 39.3332 44.6505 52.652 1.334 58.0202 73.5382 73.5382 22.2741 0.0819 14.252 26.497 15.2494 31.3763 45.4729 0.1362 1.4956 119.5994 2.0441 13.9606 0.0 96.6958 45.9466;
	1.4068 19.0088 59.0166 0.0 11.8533 0.0 8.0853 0.3563 0.0 0.1728 0.3193 0.4764 0.7172 2.4304 4.488 1.6908 2.0979 2.2231 3.9799 9.2384 2.6951 0.0 48.7299 47.2287 1.7031 46.9897 0.18 160.0567 104.0997 104.0997 12.5062 2.1255 13.2662 23.7797 7.6195 44.4159 102.5476 1.6185 0.0 4.562 0.006 0.0 0.0 116.6542 103.6158;
	1.9944 26.9491 76.3745 0.0 12.9372 0.1555 8.2982 0.0023 0.0 24.0077 44.3779 66.2031 99.6684 6.2279 9.035 3.4039 4.2233 4.4755 5.1088 10.0154 2.7661 0.3629 30.1023 58.6673 65.2068 50.8076 0.0018 224.4458 169.3232 169.3232 25.2803 2.5563 17.0293 25.7797 19.5254 72.2446 164.7852 1.45 0.0 174.661 0.133 1.7253 97.0821 152.9631 166.5017;
	1.5429 20.8485 0.2387 0.9674 12.4928 18.3734 4.9156 0.0 0.0 0.0587 0.1085 0.1619 0.2437 0.0 18.9391 7.1352 8.8529 9.3815 0.0 8.1014 1.6385 42.8712 41.2829 0.1332 0.6673 30.2977 0.0 196.8437 216.4031 216.4031 28.2034 4.4612 0.0 20.853 0.0 92.332 171.2732 9.0613 0.0 1.7874 0.61 203.8219 67.6552 129.6026 173.0573;
	2.018 27.2674 0.0 0.1449 7.9175 0.2512 0.0731 0.0022 0.0 2.3567 4.3563 6.4987 9.7837 0.2373 8.2876 3.1223 3.874 4.1052 0.0 2.9264 0.0244 0.5861 27.3876 0.0 0.0 0.005 0.0 245.8156 272.6465 272.6465 104.3762 7.8416 0.0 7.5325 0.7439 116.3292 252.2303 17.0628 0.0 0.0 1.1835 2.7864 71.6028 97.0431 254.8577;
	3.0581 41.321 80.7945 9.4758 12.8758 4.1242 3.2386 0.0846 0.0 14.6094 27.0052 40.2865 60.6511 0.4251 71.8565 27.0715 33.5888 35.5941 3.4768 2.8013 1.0795 9.6231 46.7849 0.299 4.0225 0.0544 0.0636 408.1367 304.4176 304.4176 200.3068 13.4444 11.5894 7.2105 1.3328 129.8848 335.929 48.3438 1.3683 10.7746 0.2341 45.7512 1.4853 175.8973 339.4282;
	3.3649 45.4666 2.0141 0.4104 13.6631 1.6832 1.92 0.0363 0.0 5.6027 10.3564 15.4498 23.2595 0.8224 9.4624 3.5649 4.4231 4.6872 0.0 0.331 0.64 3.9275 0.6043 0.3328 2.1773 0.2132 0.0134 397.0767 415.1877 415.1877 214.743 25.2105 0.0 0.8521 2.5783 177.1467 490.124 82.1416 17.1443 5.8322 0.1296 18.6723 133.8552 228.7864 495.2295;
	2.5172 34.0133 0.0605 5.3624 13.2247 18.093 1.399 0.0223 0.1616 7.1855 13.2822 19.8144 29.8305 3.226 0.1309 0.0493 0.0612 0.0649 0.0 0.0 0.4663 42.2169 13.4835 0.6354 2.9618 0.0 0.0 590.1337 522.8592 522.8592 374.7218 34.9402 0.0 0.0 10.1139 223.0866 580.9514 106.1731 9.6817 7.9335 0.8127 200.7113 108.8484 226.1304 587.003;
	3.1092 42.0117 84.5829 8.1039 14.4476 26.7998 11.3867 0.0 1.8437 9.6623 17.8606 26.6444 40.113 6.9557 1.2808 0.4825 0.5987 0.6345 0.0 33.8111 3.7956 62.5328 32.4471 1.3784 0.0 52.8694 0.0 790.6443 486.4959 486.4959 405.8198 48.7699 0.0 87.0298 21.8069 207.5716 658.2682 88.2557 102.5837 0.0 0.4235 297.299 110.5384 195.6217 665.1252;
	3.0916 41.7746 1.6077 4.7808 14.5644 7.4137 18.8056 0.0 26.8957 23.9598 44.2893 66.071 99.4695 4.8454 1.6291 0.6138 0.7615 0.807 0.0 16.7392 6.2685 17.2987 62.6091 1.1687 0.2884 47.7239 0.0 782.717 466.1839 466.1839 365.8953 47.6241 0.0 43.0868 15.191 198.9051 572.976 85.5558 3.0301 0.7725 6.9225 82.243 110.1836 168.0624 578.9445;
	3.2863 44.4046 85.0968 0.6028 14.1746 1.3303 1.95 0.0 27.168 24.74 45.7316 68.2225 102.7086 9.1504 22.9595 8.6499 10.7322 11.373 2.0805 21.444 0.65 3.1041 73.2847 77.929 0.0 54.3449 0.0 685.9103 425.8255 425.8255 265.1441 59.6926 6.9349 55.1969 28.6876 181.6855 584.8092 85.0306 4.3643 0.0 0.2482 14.7579 107.9094 155.6764 590.901;
