function solarprofile = ex_solar_profilesh1
%EX_WIND_PROFILE_D  Example wind_load_nyiso profile data for deterministic unit commitment.
% 2022.03.12
% Andres F. Ramirez


%% define constants
[GEN_BUS, PG, QG, QMAX, QMIN, VG, MBASE, GEN_STATUS, PMAX, PMIN, ...
    MU_PMAX, MU_PMIN, MU_QMAX, MU_QMIN, PC1, PC2, QC1MIN, QC1MAX, ...
    QC2MIN, QC2MAX, RAMP_AGC, RAMP_10, RAMP_30, RAMP_Q, APF] = idx_gen;
[CT_LABEL, CT_PROB, CT_TABLE, CT_TBUS, CT_TGEN, CT_TBRCH, CT_TAREABUS, ...
    CT_TAREAGEN, CT_TAREABRCH, CT_ROW, CT_COL, CT_CHGTYPE, CT_REP, ...
    CT_REL, CT_ADD, CT_NEWVAL, CT_TLOAD, CT_TAREALOAD, CT_LOAD_ALL_PQ, ...
    CT_LOAD_FIX_PQ, CT_LOAD_DIS_PQ, CT_LOAD_ALL_P, CT_LOAD_FIX_P, ...
    CT_LOAD_DIS_P, CT_TGENCOST, CT_TAREAGENCOST, CT_MODCOST_F, ...
    CT_MODCOST_X] = idx_ct;

solarprofile = struct( ...
    'type', 'mpcData', ...
    'table', CT_TGEN, ...
    'rows', [1:12], ...
    'col', PMAX, ...
    'chgtype', 1, ...
    'values', [] );
solarprofile.values(:,1,:) = [
	0.0 0.0 0.0 0.0 0.0 0.0 0.0 0.0 0.0 0.0 0.0 0.0;
	0.0 0.0 0.0 0.0 0.0 0.0 0.0 0.0 0.0 0.0 0.0 0.0;
	0.0 0.0 0.0 0.0 0.0 0.0 0.0 0.0 0.0 0.0 0.0 0.0;
	0.0 0.0 0.0 0.0 0.0 0.0 0.0 0.0 0.0 0.0 0.0 0.0;
	0.0 0.0 0.0 0.0 0.0 0.0 0.0 0.0 0.0 0.0 0.0 0.0;
	0.4731 0.4018 0.4224 0.0 0.0 0.0 0.0 0.2 0.0 0.0 0.0 0.0;
	9.2806 7.0788 5.914 0.0418 6.7502 211.4732 26.4342 44.029 153.3767 12.4208 10.0131 22.4942;
	19.7409 14.4235 11.6673 0.6048 7.8759 419.9899 52.4987 66.6501 264.3524 23.8633 22.6015 43.2166;
	23.0953 16.6083 13.8 2.9819 8.5638 440.7219 55.0902 69.0716 277.7272 41.7641 33.9599 75.635;
	24.0407 16.1547 13.6408 3.6285 6.7903 322.4572 40.3071 49.7587 273.3768 85.4434 28.7943 154.7385;
	24.9011 16.371 13.7627 4.5758 7.9168 334.8921 41.8615 53.8484 277.449 133.6324 55.1933 242.0091;
	24.11 16.3954 13.769 4.821 7.687 324.5074 40.5634 54.8162 267.5356 176.1206 109.401 318.9555;
	8.2868 11.5228 9.3334 3.1672 5.987 98.9748 12.3719 21.9581 138.0874 139.0597 81.0763 251.8379;
	6.9449 10.6476 8.0984 2.4881 4.3008 59.0543 7.3818 16.1692 100.823 83.9429 43.1229 152.0211;
	5.8814 7.2204 5.9727 2.3468 3.6543 32.2878 4.036 10.6348 73.6624 60.7466 21.9392 110.0124;
	3.1655 2.7264 3.0227 1.3863 1.2391 1.7062 0.2133 1.0863 10.5519 15.818 7.3987 28.6465;
	0.4855 0.4043 0.4211 1.0901 1.06 3.1947 0.3993 1.0608 2.2574 8.2469 14.5389 14.9353;
	0.0 0.0 0.0 0.0 0.0 0.0 0.0 0.0 0.0 0.0 0.0 0.0;
	0.0 0.0 0.0 0.0 0.0 0.0 0.0 0.0 0.0 0.0 0.0 0.0;
	0.0 0.0 0.0 0.0 0.0 0.0 0.0 0.0 0.0 0.0 0.0 0.0;
	0.0 0.0 0.0 0.0 0.0 0.0 0.0 0.0 0.0 0.0 0.0 0.0;
	0.0 0.0 0.0 0.0 0.0 0.0 0.0 0.0 0.0 0.0 0.0 0.0;
	0.0 0.0 0.0 0.0 0.0 0.0 0.0 0.0 0.0 0.0 0.0 0.0;
	0.0 0.0 0.0 0.0 0.0 0.0 0.0 0.0 0.0 0.0 0.0 0.0;
];
