function loadprofile = ex_load_profilesh1
%EX_LOAD_PROFILE  Example load profile data file for stochastic unit commitment.
% 2022.03.12
% Andres F. Ramirez

%% define constants
[CT_LABEL, CT_PROB, CT_TABLE, CT_TBUS, CT_TGEN, CT_TBRCH, CT_TAREABUS, ...
    CT_TAREAGEN, CT_TAREABRCH, CT_ROW, CT_COL, CT_CHGTYPE, CT_REP, ...
    CT_REL, CT_ADD, CT_NEWVAL, CT_TLOAD, CT_TAREALOAD, CT_LOAD_ALL_PQ, ...
    CT_LOAD_FIX_PQ, CT_LOAD_DIS_PQ, CT_LOAD_ALL_P, CT_LOAD_FIX_P, ...
    CT_LOAD_DIS_P, CT_TGENCOST, CT_TAREAGENCOST, CT_MODCOST_F, ...
    CT_MODCOST_X] = idx_ct;

loadprofile = struct( ...
    'type', 'mpcData', ...
    'table', CT_TAREALOAD, ...
    'rows', [1:11], ...
    'col', CT_LOAD_ALL_P, ...
    'chgtype', 1, ...
    'values', [] );
loadprofile.values(:,1,:) = [
	1579.9 989.1666 1705.8996 584.8243 851.5351 1193.3921 926.8625 274.4042 521.0808 4642.539 1740.6501;
	1564.9069 986.3358 1682.7781 593.1266 843.4 1191.091 916.0982 269.3921 513.4 4604.6916 1725.5;
	1559.415 988.9622 1701.6 598.7 847.9761 1208.0678 937.2 274.9 526.3 4640.4 1757.4009;
	1640.8 1060.3257 1817.4066 626.0 900.2929 1301.003 976.92 291.8477 554.3609 4824.3288 1870.3908;
	1726.4907 1175.1174 2007.5217 642.2945 1021.6307 1449.9503 1075.4782 348.2606 625.4143 5423.4752 2112.9376;
	1811.3776 1239.8926 2093.9501 648.0936 1051.7311 1539.1 1155.0 383.4276 693.8 5890.6925 2277.4;
	1883.9196 1242.0352 2058.8528 638.4035 1053.0583 1484.0248 1160.2282 374.1 681.3 6186.7393 2273.3247;
	1867.1409 1230.4553 1999.5719 621.5 1039.6598 1418.792 1146.5719 364.9 689.1308 6405.8861 2223.7523;
	1803.302 1210.9246 1942.5105 587.8395 1039.5983 1369.5475 1153.1244 359.6349 693.4561 6629.4179 2195.9358;
	1757.2734 1171.3901 1893.0 571.1 979.5023 1324.3712 1167.4835 336.5916 678.1481 6543.8562 2097.5731;
	1672.2448 1115.7804 1856.2903 566.2 940.6889 1313.8663 1174.2978 344.1336 682.0 6512.3189 2085.9549;
	1674.8152 1089.6437 1798.5964 556.8503 936.7119 1305.1433 1133.0667 321.4499 675.4149 6478.3904 2012.24;
	1621.5115 1046.7918 1733.5698 563.1 879.2159 1255.7661 1080.9827 326.743 681.4826 6385.6464 2030.1129;
	1648.419 1009.6067 1766.3013 570.5 911.5742 1301.1784 1059.6955 323.1997 686.4179 6307.4891 2063.4614;
	1686.9916 1000.3891 1786.4588 580.6843 946.7363 1341.0051 1055.4432 300.7605 687.3046 6268.0855 2089.053;
	1654.5393 1067.8821 1797.1796 585.7006 927.8851 1409.4886 1072.1321 291.7801 682.4 6206.8255 2166.6666;
	1670.3988 1072.3947 1834.3114 591.0926 920.803 1450.7804 1107.2481 302.6992 697.9471 6178.4673 2270.7367;
	1724.0672 1186.34 1923.5806 599.9 973.0063 1494.8371 1161.4625 330.4868 727.2 6262.2209 2453.038;
	1739.0163 1197.8836 1891.9694 601.1925 942.0839 1456.7486 1148.0087 307.1626 724.5125 5990.2091 2362.738;
	1688.079 1111.9 1791.09 588.9053 901.3506 1360.1253 1090.5 295.1191 682.3999 5782.1288 2226.6567;
	1600.7301 1016.4194 1684.3778 572.4 837.6946 1248.3527 1006.5574 284.8318 637.1 5545.7486 2115.4151;
	1525.3653 976.9604 1633.8637 559.7482 782.0351 1167.4182 936.3 253.8047 578.9098 5084.8309 1942.5072;
	1441.5 896.1364 1620.3837 552.7 721.359 1131.9 886.8 238.682 553.1617 4795.1552 1808.0457;
	1421.8944 882.1537 1574.3901 563.4466 728.0 1092.4845 847.4003 229.0026 520.3264 4479.8752 1740.2115;
];
