function loadprofile = ex_load_profilesh1
%EX_LOAD_PROFILE  Example load profile data file for stochastic unit commitment.
% 2022.03.12
% Andres F. Ramirez

%% define constants
[CT_LABEL, CT_PROB, CT_TABLE, CT_TBUS, CT_TGEN, CT_TBRCH, CT_TAREABUS, ...
    CT_TAREAGEN, CT_TAREABRCH, CT_ROW, CT_COL, CT_CHGTYPE, CT_REP, ...
    CT_REL, CT_ADD, CT_NEWVAL, CT_TLOAD, CT_TAREALOAD, CT_LOAD_ALL_PQ, ...
    CT_LOAD_FIX_PQ, CT_LOAD_DIS_PQ, CT_LOAD_ALL_P, CT_LOAD_FIX_P, ...
    CT_LOAD_DIS_P, CT_TGENCOST, CT_TAREAGENCOST, CT_MODCOST_F, ...
    CT_MODCOST_X] = idx_ct;

loadprofile = struct( ...
    'type', 'mpcData', ...
    'table', CT_TAREALOAD, ...
    'rows', [1:11], ...
    'col', CT_LOAD_ALL_P, ...
    'chgtype', 1, ...
    'values', [] );
loadprofile.values(:,1,:) = [
	1570.621 934.4813 1677.4979 605.9 895.6402 1240.5148 907.5433 290.5143 527.3715 4427.3671 1726.0698;
	1538.9 924.9862 1664.5603 593.4 875.5361 1219.1622 895.6999 287.3814 517.332 4432.0579 1725.1712;
	1564.3463 962.1511 1699.9872 600.1076 884.4586 1262.123 923.1454 292.1483 520.9 4513.4291 1745.5588;
	1628.8235 1024.5549 1785.9113 625.6565 936.6328 1349.7777 991.3805 304.2 574.1725 4736.6939 1877.6774;
	1736.1227 1159.2338 1985.5267 648.8981 1052.4283 1497.1628 1078.9425 347.6051 647.1 5210.6484 2098.4672;
	1849.2502 1225.6676 2112.1561 651.6425 1093.2 1537.7711 1144.7707 377.5108 703.9 5495.9302 2183.8962;
	1820.4348 1224.1 2099.6666 621.9 1061.6 1496.3719 1128.4953 375.1 692.0 5821.8724 2115.8697;
	1861.3451 1249.3896 2124.5653 621.2151 1038.134 1525.6597 1174.3103 380.5488 713.6882 6173.6897 2066.4028;
	1881.059 1281.094 2106.1787 606.7 1023.6 1521.6643 1159.7726 377.7123 719.0 6404.4615 2199.7437;
	1850.2515 1240.3855 2042.9632 595.8403 957.8753 1494.8757 1169.7407 362.9729 708.4348 6324.6193 2147.0177;
	1791.1461 1216.1445 1983.8058 596.5364 916.9728 1378.1662 1146.5909 351.347 702.2332 6362.0123 2174.144;
	1810.991 1205.2011 2005.1219 597.6821 930.4921 1398.2 1178.7786 356.9679 711.1027 6246.3391 2133.8209;
	1784.7219 1182.8227 1913.6875 590.1008 913.7207 1373.6497 1115.0 360.3174 677.0 6202.8198 2216.0138;
	1759.9825 1167.1197 1912.0089 605.5221 912.3736 1332.6352 1084.5169 343.2612 678.9937 6129.878 2051.6159;
	1737.8466 1121.2859 1828.9182 598.9089 903.7571 1318.7931 1055.9 335.7779 682.9181 5993.23 1994.3932;
	1706.7603 1117.8208 1881.9807 609.8 899.5087 1386.5497 1085.1323 326.3814 684.406 6177.9027 1929.1951;
	1681.7148 1137.4149 1876.8999 620.8 909.8284 1422.2513 1103.7204 340.3862 684.9 6033.1096 1992.2623;
	1722.9 1185.6974 2012.8622 638.2377 958.3959 1484.6333 1162.7891 359.2349 712.1 6149.3705 2288.5776;
	1755.461 1192.1756 1966.2075 633.1021 954.9986 1446.8276 1148.396 351.0105 686.8637 5999.1702 2279.2741;
	1721.2981 1137.3041 1935.9549 632.056 927.4329 1413.4049 1099.5239 341.5181 687.5644 5914.1355 2276.9462;
	1637.3702 1068.9878 1822.0334 610.9572 846.2694 1325.791 1042.1655 307.791 619.3902 5642.0152 2125.7989;
	1536.6 1013.0998 1754.5 610.8766 850.9689 1262.3713 968.1913 284.5388 585.313 5317.2982 1957.8992;
	1488.6638 981.1488 1691.5578 601.6858 830.2 1223.6846 934.5 281.2 534.1851 4814.1629 1839.0758;
	1477.4189 957.4066 1608.8859 597.1761 817.5014 1222.196 904.7962 271.195 519.6 4666.1469 1747.6;
];
