function windprofile = ex_wind_profilesh1
%EX_WIND_PROFILE_D  Example wind_load_nyiso profile data for deterministic unit commitment.
% 2022.03.12
% Andres F. Ramirez


%% define constants
[GEN_BUS, PG, QG, QMAX, QMIN, VG, MBASE, GEN_STATUS, PMAX, PMIN, ...
    MU_PMAX, MU_PMIN, MU_QMAX, MU_QMIN, PC1, PC2, QC1MIN, QC1MAX, ...
    QC2MIN, QC2MAX, RAMP_AGC, RAMP_10, RAMP_30, RAMP_Q, APF] = idx_gen;
[CT_LABEL, CT_PROB, CT_TABLE, CT_TBUS, CT_TGEN, CT_TBRCH, CT_TAREABUS, ...
    CT_TAREAGEN, CT_TAREABRCH, CT_ROW, CT_COL, CT_CHGTYPE, CT_REP, ...
    CT_REL, CT_ADD, CT_NEWVAL, CT_TLOAD, CT_TAREALOAD, CT_LOAD_ALL_PQ, ...
    CT_LOAD_FIX_PQ, CT_LOAD_DIS_PQ, CT_LOAD_ALL_P, CT_LOAD_FIX_P, ...
    CT_LOAD_DIS_P, CT_TGENCOST, CT_TAREAGENCOST, CT_MODCOST_F, ...
    CT_MODCOST_X] = idx_ct;

windprofile = struct( ...
    'type', 'mpcData', ...
    'table', CT_TGEN, ...
    'rows', [1:45], ...
    'col', PMAX, ...
    'chgtype', 1, ...
    'values', [] );
windprofile.values(:,1,:) = [
	0.8381 11.325 62.5448 69.1908 8.8522 4.8036 19.7613 8.9132 22.0658 21.0639 38.9363 58.0853 87.4471 6.9894 112.6 42.4214 52.6339 55.7763 74.6013 64.6951 6.5871 11.2084 72.2802 77.168 53.5569 52.3583 4.7035 156.4621 342.2758 342.2758 249.0316 44.0117 248.6711 166.5255 21.9127 146.0377 374.4306 90.9957 213.5198 143.456 69.5744 53.2881 62.1066 70.639 378.3309;
	0.5415 7.317 64.0127 68.2828 8.2757 7.4099 15.8462 11.7548 9.1459 13.5296 25.0092 37.3088 56.1682 4.9334 87.1527 32.8343 40.7388 43.171 71.1315 61.0509 5.2821 17.2897 39.9711 78.8184 56.1502 57.2067 6.9941 56.8797 241.1469 241.1469 168.5443 28.6608 237.1049 157.1451 15.4668 102.8893 290.5919 90.5107 153.8223 150.4023 82.044 82.2002 60.3609 94.6368 293.6189;
	0.4109 5.552 67.1216 70.595 7.8148 5.9922 9.8443 11.8581 8.1818 10.6876 19.7559 29.472 44.3699 0.1319 44.0818 16.6076 20.6057 21.8359 61.0383 51.108 3.2814 13.9819 30.4709 82.6086 58.7805 59.6296 6.8896 13.0498 174.2565 174.2565 159.1048 17.6883 203.461 131.552 0.4137 74.3494 169.2222 9.2837 43.3727 157.4477 77.1846 66.4739 71.3081 99.2808 170.9849;
	0.5075 6.8571 74.0125 82.7727 9.1084 5.9985 8.6658 14.4287 22.3969 15.3639 28.4 42.3672 63.7836 2.1508 51.6711 19.4668 24.1532 25.5952 43.1419 60.1724 2.8886 13.9966 51.4548 83.3253 66.0302 69.098 8.4569 5.9572 154.6503 154.6503 265.1438 20.2536 143.8065 154.884 6.7431 65.9841 14.0551 10.6622 120.576 176.8665 79.7495 66.5439 88.2444 132.3351 14.2015;
	0.478 6.459 82.9301 77.2152 10.4717 0.0744 0.8447 14.766 6.0497 15.7914 29.1903 43.5461 65.5584 1.3325 103.7387 39.083 48.4918 51.3869 57.3236 62.9568 0.2816 0.1736 52.1492 83.6945 79.4235 71.3605 9.6905 14.8891 72.5855 72.5855 61.5071 9.8408 191.0787 162.051 4.1776 30.9698 3.9307 5.431 30.6297 212.7416 75.0176 0.8252 7.1567 135.2546 3.9717;
	0.4655 6.2903 80.4307 64.3101 9.7934 3.7125 3.3191 13.435 3.9792 8.8492 16.3576 24.4024 36.7376 1.5122 140.7685 53.0337 65.8011 69.7295 82.1345 66.3213 1.1064 8.6625 37.8044 82.5967 60.4292 70.173 8.6752 24.689 41.7406 41.7406 61.0857 10.1869 273.7816 170.7112 4.7408 17.8093 19.8615 5.7958 44.8952 161.8641 54.3436 41.1841 23.0561 124.9505 20.0683;
	0.4265 5.7625 58.2326 42.8779 8.8075 2.3606 4.2887 8.605 2.8584 7.5193 13.8992 20.7349 31.2163 4.7731 128.0217 48.2314 59.8427 63.4154 66.2626 67.9072 1.4296 5.5081 24.5377 61.4987 38.0293 65.1358 4.6752 45.0285 171.6806 171.6806 93.2865 0.9919 220.8752 174.7933 14.9643 73.2504 121.2505 16.4655 193.2384 101.8641 30.7558 26.1873 29.8886 128.4892 122.5135;
	0.4549 6.1461 34.9397 28.5455 3.5965 1.9563 5.1546 7.4866 2.3677 4.9494 9.1489 13.6484 20.5475 1.3987 69.9724 26.3617 32.708 34.6607 17.9089 46.7733 1.7182 4.5647 13.1937 37.1055 32.2444 63.5901 4.6333 7.7846 91.8283 91.8283 41.151 0.0 59.6963 120.3945 4.385 39.1801 51.0569 1.4702 131.4627 86.3688 12.8578 21.7018 0.0 98.0944 51.5887;
	0.524 7.0804 26.4424 25.5612 3.182 0.0 8.0335 6.0394 0.9877 0.4373 0.8084 1.206 1.8157 4.7935 20.9673 7.8993 9.801 10.3861 4.6513 17.3493 2.6778 0.0 5.6657 36.3159 27.8528 55.1887 4.4813 0.0 141.5414 141.5414 78.1688 0.113 15.5043 44.657 15.0283 60.391 16.3182 3.1104 92.1336 74.6057 7.4669 0.0 0.0 71.0984 16.4882;
	0.4872 6.5836 30.1939 26.7902 7.0047 0.0001 2.5664 4.7098 0.0 0.4137 0.7648 1.1409 1.7176 2.4366 6.4302 2.4225 3.0057 3.1852 0.1246 1.3384 0.8555 0.0002 10.7371 39.1662 30.0475 51.7828 3.2195 0.0 136.9444 136.9444 51.8996 0.0 0.4152 3.445 7.639 58.4296 6.4833 2.6661 33.8125 80.4843 4.7183 0.0009 42.6254 90.8164 6.5508;
	0.7313 9.8809 42.46 1.1211 10.5976 0.0 0.002 3.585 0.0 0.1034 0.1911 0.285 0.4291 0.0018 0.0691 0.026 0.0323 0.0342 0.0 2.2691 0.0007 0.0 21.2502 43.6366 45.8245 51.2611 1.3057 37.558 77.6179 77.6179 93.423 0.0 0.0 5.8406 0.0056 33.117 45.3522 6.1111 0.0 122.7443 0.846 0.0 0.0 99.9249 45.8247;
	1.47 19.8633 57.7281 0.0022 13.0922 0.0 0.0 0.0073 0.0 2.1061 3.8932 5.8078 8.7437 0.0 29.3449 11.0555 13.717 14.5359 0.0 6.6995 0.0 0.0 50.613 51.3401 0.0 43.794 0.0 126.8127 102.1524 102.1524 28.0245 0.1759 0.0 17.2445 0.0 43.585 100.8669 7.3963 0.0 0.0 0.2301 0.0 0.0091 118.6111 101.9176;
	1.9311 26.0927 71.6084 0.0 13.1331 0.0 0.0 0.0015 0.0 23.3481 43.1585 64.384 96.9298 0.096 28.3105 10.6658 13.2335 14.0236 0.0033 9.6626 0.0 0.0 33.8123 60.9567 55.3595 50.8814 0.0 193.0763 158.2215 158.2215 6.5236 0.0 0.011 24.8715 0.3009 67.5079 148.7926 1.033 0.0 148.2843 0.4048 0.0 98.4279 138.5019 150.3425;
	1.7051 23.039 0.0618 0.0426 13.0378 17.4218 0.0 1.4909 0.0 0.4399 0.8131 1.213 1.8261 0.0116 21.866 8.2379 10.2211 10.8313 0.0 8.8973 0.0 40.6509 42.2917 0.19 0.1734 34.668 1.0 164.0996 196.4121 196.4121 12.2137 0.0 0.0 22.9015 0.0364 83.8025 160.3153 8.271 0.0 0.4644 12.2817 193.2659 72.9102 124.8805 161.9853;
	2.1752 29.3912 0.1705 0.0347 8.7549 0.0675 0.0 0.0692 0.0 4.3162 7.9784 11.9022 17.9187 1.5869 73.0757 27.5309 34.1587 36.198 0.8283 26.3168 0.0 0.1575 29.2085 0.0338 0.0 1.291 0.0068 231.7545 256.2186 256.2186 96.4673 2.3143 2.7609 67.7395 4.9752 109.3199 236.7913 11.723 0.0 0.0 1.3064 0.749 77.4672 87.0251 239.2578;
	3.0236 40.8558 82.327 0.2053 13.3516 0.7305 0.0573 0.0 0.1369 6.2858 11.6193 17.3337 26.0958 2.6897 43.2068 16.2779 20.1967 21.4024 0.4432 2.1062 0.0191 1.7045 50.4177 0.0 0.0 2.5531 0.0 391.4173 288.1063 288.1063 183.1205 9.925 1.4773 5.4214 8.4327 122.9254 312.7379 40.1204 0.0 0.0 0.5051 8.1037 0.0 159.7513 315.9956;
	3.3956 45.8815 6.0204 17.6821 14.5277 6.2455 0.9891 0.4979 0.933 25.8739 47.8275 71.3493 107.416 0.844 31.7142 11.9481 14.8245 15.7096 19.6663 1.4283 0.3297 14.5727 71.683 5.5032 3.8134 13.3129 0.5394 383.2658 405.5226 405.5226 210.1275 14.4471 65.5544 3.6765 2.6461 173.023 468.4343 74.4331 10.24 10.2145 16.3428 69.2829 137.0705 213.3501 473.3138;
	2.7562 37.2426 11.3954 10.3855 14.3014 19.6819 1.3787 1.4047 2.0241 21.0211 38.8572 57.9673 87.2695 4.2146 22.3644 8.4256 10.454 11.0782 4.6437 0.4016 0.4596 45.9245 18.828 24.1126 6.2943 4.6449 0.7589 540.3748 486.0152 486.0152 334.9421 29.7819 15.4789 1.0338 13.2133 207.3665 526.2939 92.0212 24.8934 16.8596 11.3594 218.3383 111.1802 216.3563 531.7761;
	2.6134 35.3122 76.8463 0.0 13.9817 22.7817 2.8707 0.0 1.2013 9.1351 16.8862 25.1908 37.9247 5.9074 8.1959 3.0878 3.8311 4.0598 19.7869 35.7455 0.9569 53.1573 33.3289 2.8859 0.0 50.6338 0.0295 685.5262 435.0209 435.0209 356.0242 43.9174 65.9562 92.0091 18.5206 185.6089 554.7669 76.8492 7.2484 0.0 5.5373 252.725 99.629 185.5267 560.5457;
	2.8215 38.1242 0.0 0.9178 13.8285 0.0884 19.7442 0.0053 26.2405 22.7417 42.0376 62.7119 94.4124 3.3468 49.3899 18.6073 23.0869 24.4652 75.6859 19.2295 6.5814 0.2064 60.8738 11.1253 0.8657 47.8939 0.4044 706.845 432.232 432.232 339.3672 46.0927 252.2863 49.4968 10.4928 184.419 521.0797 82.0477 16.1751 2.3188 1.3096 0.9811 101.1374 173.1575 526.5077;
