function windprofile = ex_wind_profilesh1
%EX_WIND_PROFILE_D  Example wind_load_nyiso profile data for deterministic unit commitment.
% 2022.03.12
% Andres F. Ramirez


%% define constants
[GEN_BUS, PG, QG, QMAX, QMIN, VG, MBASE, GEN_STATUS, PMAX, PMIN, ...
    MU_PMAX, MU_PMIN, MU_QMAX, MU_QMIN, PC1, PC2, QC1MIN, QC1MAX, ...
    QC2MIN, QC2MAX, RAMP_AGC, RAMP_10, RAMP_30, RAMP_Q, APF] = idx_gen;
[CT_LABEL, CT_PROB, CT_TABLE, CT_TBUS, CT_TGEN, CT_TBRCH, CT_TAREABUS, ...
    CT_TAREAGEN, CT_TAREABRCH, CT_ROW, CT_COL, CT_CHGTYPE, CT_REP, ...
    CT_REL, CT_ADD, CT_NEWVAL, CT_TLOAD, CT_TAREALOAD, CT_LOAD_ALL_PQ, ...
    CT_LOAD_FIX_PQ, CT_LOAD_DIS_PQ, CT_LOAD_ALL_P, CT_LOAD_FIX_P, ...
    CT_LOAD_DIS_P, CT_TGENCOST, CT_TAREAGENCOST, CT_MODCOST_F, ...
    CT_MODCOST_X] = idx_ct;

windprofile = struct( ...
    'type', 'mpcData', ...
    'table', CT_TGEN, ...
    'rows', [1:45], ...
    'col', PMAX, ...
    'chgtype', 1, ...
    'values', [] );
windprofile.values(:,1,:) = [
	0.7437 10.0486 55.2411 61.9602 7.9826 7.0901 13.7359 8.1689 3.7652 20.3277 37.5755 56.0552 84.3909 3.3232 150.2203 56.5946 70.2193 74.4115 80.1594 70.2302 4.5786 16.5435 70.3143 66.7832 46.8439 45.5893 4.258 182.9501 316.4699 316.4699 220.9811 50.0791 267.1979 180.7726 10.4185 135.0272 363.9298 85.9852 202.7218 125.4747 61.404 78.6525 9.6109 66.7143 367.7208;
	0.4934 6.6664 49.8775 59.8555 6.2203 0.4889 8.1017 11.3171 2.1059 9.6539 17.8451 26.6214 40.0784 0.0899 117.0816 44.1098 54.7289 57.9963 72.2245 67.1732 2.7006 1.1408 31.9139 63.913 49.9521 52.1153 6.7049 62.2725 203.8776 203.8776 139.0462 33.746 240.7484 172.9039 0.282 86.9878 257.2561 90.6425 81.0494 133.8003 77.7728 5.4238 0.0816 88.8123 259.9359;
	0.3073 4.1529 58.3239 65.1791 5.4907 1.5146 0.6569 10.5805 0.0 8.5925 15.8832 23.6946 35.672 0.0 87.6032 33.004 40.9494 43.3941 64.3296 67.0171 0.219 3.534 19.1119 68.1646 53.1328 52.6382 6.4164 11.726 6.3265 6.3265 0.0 16.7232 214.432 172.5023 0.0 2.6993 157.4576 4.6705 0.1899 142.3201 70.0264 16.8014 0.0 86.5819 159.0978;
	0.2656 3.589 60.793 69.9303 6.7503 0.0 0.7036 12.3288 0.0 7.6337 14.1109 21.0506 31.6916 0.025 97.4249 36.7043 45.5405 48.2593 47.924 66.3365 0.2345 0.0 27.0609 68.8071 52.4745 57.3299 7.6902 13.0525 0.2278 0.2278 2.7852 18.1678 159.7466 170.7504 0.0783 0.0972 6.0247 4.5335 0.0 140.5567 60.3992 0.0 0.0 120.4828 6.0874;
	0.2619 3.5384 66.0606 62.8905 8.3272 0.0 0.0 12.4968 0.0 4.2003 7.7642 11.5826 17.4376 0.1692 121.0755 45.6145 56.5957 59.9746 56.3258 65.7233 0.0 0.0 27.1488 67.5762 61.7412 62.1949 8.314 41.639 0.0469 0.0469 3.6269 9.9977 187.7527 169.1719 0.5306 0.02 6.4351 1.8824 0.0 165.3781 59.833 0.0 0.0 114.8209 6.5021;
	0.0321 0.434 66.6925 49.9013 8.7969 1.4484 0.1363 8.5714 0.0 5.6425 10.43 15.5595 23.4248 2.5398 144.8125 54.5573 67.6914 71.7327 84.2175 66.8377 0.0454 3.3796 21.3381 62.968 39.9458 58.3641 7.1869 152.9003 3.3461 3.3461 14.5418 11.5795 280.7251 172.0403 7.9626 1.4277 21.3218 7.4743 0.0 106.9977 47.9307 16.0677 7.1471 114.942 21.5439;
	0.0802 1.0834 49.1426 33.874 9.0318 1.0036 3.2205 6.5193 0.6251 0.0539 0.0997 0.1487 0.2239 0.0352 114.0095 42.9524 53.2928 56.4745 66.3311 63.9531 1.0735 2.3418 0.0 37.8617 24.8313 58.3013 3.98 38.5452 0.0 0.0 0.1423 2.9701 221.1035 164.6154 0.1103 0.0 0.7328 0.5661 0.0 66.5124 27.5225 11.1335 15.0504 127.9112 0.7404;
	0.3665 4.9527 32.1615 28.2309 3.9832 2.5935 4.0409 7.2758 0.9284 0.8817 1.6299 2.4314 3.6605 0.2523 50.4208 18.9957 23.5688 24.9759 19.0375 30.1795 1.347 6.0514 0.0 33.7444 32.4595 64.1825 4.9594 28.7201 3.3576 3.3576 0.2577 4.9324 63.4583 77.682 0.7911 1.4326 12.4125 1.1972 0.0 86.9452 10.9047 28.77 0.0 102.3594 12.5418;
	0.608 8.2159 26.6307 27.5639 4.127 2.0864 12.9497 5.6308 1.5435 0.0 0.0 0.0 0.0 3.2506 7.5912 2.8599 3.5484 3.7603 2.0989 9.7275 4.3166 4.8682 0.0 31.9293 27.2101 55.5759 4.8544 125.9655 19.9325 19.9325 12.3334 5.5157 6.9962 25.0387 10.1911 8.5045 74.1205 8.0721 89.3699 72.8842 3.1489 23.145 0.185 75.1584 74.8926;
	0.6434 8.6943 29.9319 28.483 7.4947 9.7891 9.275 4.4355 0.7431 0.0 0.0 0.0 0.0 20.4669 2.9166 1.0988 1.3633 1.4447 0.5425 5.1117 3.0917 22.8412 3.5498 26.521 25.0916 50.879 3.41 206.2222 53.005 53.005 9.9582 2.7531 1.8082 13.1575 64.1664 22.6155 106.4664 3.5405 124.0749 67.2096 1.1635 108.5935 47.8782 93.0794 107.5755;
	0.9436 12.7505 43.2572 21.5621 12.0637 14.4299 11.7938 3.5858 5.6363 0.0 0.0 0.0 0.0 28.6298 2.3162 0.8726 1.0827 1.1473 19.9838 10.2499 3.9313 33.6697 2.4435 37.7666 37.3467 55.6098 1.4058 387.759 82.0197 82.0197 71.5861 17.9648 66.6128 26.3833 89.7582 34.9951 146.4067 8.7687 146.5765 100.0357 0.1024 160.0753 12.8179 104.0675 147.9318;
	1.7768 24.0089 63.8071 8.2656 14.3729 14.277 18.6446 3.8771 6.9724 0.0 0.0 0.0 0.0 19.1733 0.0375 0.0141 0.0175 0.0186 4.1152 6.6071 6.2149 33.313 22.3361 52.4392 0.0484 55.3256 5.8706 179.9121 127.8691 127.8691 66.1135 13.6135 13.7174 17.0066 60.1108 54.5575 142.1149 8.51 161.2728 0.1297 0.0789 158.3794 21.1778 138.2297 143.5952;
	2.4861 33.5926 84.3437 26.1993 15.2454 9.9409 18.7338 8.6339 13.8447 15.7367 29.089 43.3951 65.3311 5.5466 1.5677 0.5906 0.7328 0.7765 23.954 3.1919 6.2446 23.1955 6.7107 66.4436 65.1003 58.2484 9.0136 232.9034 183.6005 183.6005 57.9611 18.4257 79.8466 8.216 17.3893 78.3362 191.3266 22.19 154.589 174.3759 3.177 110.278 116.855 171.9054 193.3196;
	1.9226 25.9788 15.0214 0.0847 14.7052 19.6829 6.081 3.5902 2.7506 0.0 0.0 0.0 0.0 3.3126 0.0 0.0 0.0 0.0 21.0222 3.4518 2.027 45.9267 20.5022 7.9919 11.8589 36.8153 2.7814 186.1974 218.6958 218.6958 9.8177 8.3698 70.074 8.8849 10.3854 93.3102 182.1266 16.8729 125.1724 31.7649 1.0259 218.3488 86.6531 130.3295 184.0238;
	2.2226 30.0327 9.3814 0.0 9.9705 3.7359 4.2715 3.316 0.0 0.0 0.0 0.0 0.0 1.6186 0.0 0.0 0.0 0.0 18.1251 0.0 1.4238 8.7172 0.6754 4.5208 8.0965 26.2259 2.2507 263.3561 250.9266 250.9266 89.0677 9.5476 60.4172 0.0 5.0745 107.062 234.9554 34.669 4.3614 21.687 2.0888 41.444 85.2913 96.1169 237.4028;
	3.1713 42.8516 86.7604 4.3818 14.37 2.2681 13.0097 3.3451 3.3284 0.0028 0.0051 0.0077 0.0115 4.3455 0.0 0.0 0.0 0.0 8.2625 0.0 4.3366 5.2921 31.928 5.8606 23.3683 18.3295 1.4036 396.3352 265.2886 265.2886 164.2609 13.7851 27.5416 0.0 13.6238 113.1898 303.2216 48.5905 57.946 62.5937 0.0086 25.1603 20.8402 168.4878 306.3802;
	3.5694 48.2299 45.1323 25.1866 14.7379 7.2298 11.5304 3.9078 4.0816 0.069 0.1276 0.1904 0.2866 0.8441 2.111 0.7953 0.9868 1.0457 8.2155 0.8587 3.8435 16.8696 0.0 25.8238 51.2822 6.4896 0.6727 379.6551 323.6016 323.6016 161.257 25.0678 27.385 2.2104 2.6462 138.07 391.9551 72.7982 5.7696 137.3632 3.5255 80.2031 144.4409 218.89 396.038;
	2.7365 36.9759 51.4648 22.3115 14.3044 18.6042 5.183 7.077 0.717 0.0 0.0 0.0 0.0 0.0131 0.594 0.2238 0.2777 0.2943 1.6184 0.0787 1.7277 43.4097 0.8503 33.9545 49.0719 2.852 1.2109 532.7082 415.8924 415.8924 299.2609 40.0272 5.3945 0.2025 0.041 177.4474 490.0592 95.0136 0.1154 131.4427 1.4044 206.3821 112.38 221.7092 495.1639;
	3.1702 42.8361 89.4051 19.681 14.7765 25.2753 5.3693 16.9821 0.8394 7.303 13.4995 20.1385 30.3185 6.1378 3.6472 1.3741 1.7049 1.8066 5.1168 41.5112 1.7898 58.9756 3.4056 65.686 72.6756 60.8975 6.8117 735.6175 419.2715 419.2715 344.6261 50.5383 17.0562 106.8499 19.2429 178.8892 551.0388 79.4725 0.7314 194.6669 0.0793 280.387 113.4885 217.743 556.7788;
	3.2351 43.7139 49.4913 67.2576 14.8567 6.4683 19.1197 8.9995 26.3426 18.7319 34.6257 51.6547 77.7658 4.6323 17.4639 6.5794 8.1634 8.6507 8.3119 21.6402 6.3732 15.0928 33.5438 82.7859 45.965 51.7062 1.4537 684.9228 420.2695 420.2695 324.2423 47.1247 27.7065 55.702 14.5229 179.315 462.5712 75.2843 9.5308 123.1204 4.9925 71.7553 118.2694 191.515 467.3897;
	3.4454 46.5556 91.0523 97.9094 15.1052 7.7467 2.6944 12.2491 26.7063 22.4251 41.4524 61.8388 93.098 9.7601 26.5283 9.9944 12.4004 13.1408 18.7016 31.6585 0.8981 18.0756 67.8089 88.7143 55.101 59.5564 3.1213 614.7176 389.0428 389.0428 250.1892 60.3033 62.3387 81.4892 30.5991 165.9916 475.5691 77.2226 11.5191 147.592 1.0264 85.9367 116.2627 185.6589 480.523;
