function windprofile = ex_wind_profilesh1
%EX_WIND_PROFILE_D  Example wind_load_nyiso profile data for deterministic unit commitment.
% 2022.03.12
% Andres F. Ramirez


%% define constants
[GEN_BUS, PG, QG, QMAX, QMIN, VG, MBASE, GEN_STATUS, PMAX, PMIN, ...
    MU_PMAX, MU_PMIN, MU_QMAX, MU_QMIN, PC1, PC2, QC1MIN, QC1MAX, ...
    QC2MIN, QC2MAX, RAMP_AGC, RAMP_10, RAMP_30, RAMP_Q, APF] = idx_gen;
[CT_LABEL, CT_PROB, CT_TABLE, CT_TBUS, CT_TGEN, CT_TBRCH, CT_TAREABUS, ...
    CT_TAREAGEN, CT_TAREABRCH, CT_ROW, CT_COL, CT_CHGTYPE, CT_REP, ...
    CT_REL, CT_ADD, CT_NEWVAL, CT_TLOAD, CT_TAREALOAD, CT_LOAD_ALL_PQ, ...
    CT_LOAD_FIX_PQ, CT_LOAD_DIS_PQ, CT_LOAD_ALL_P, CT_LOAD_FIX_P, ...
    CT_LOAD_DIS_P, CT_TGENCOST, CT_TAREAGENCOST, CT_MODCOST_F, ...
    CT_MODCOST_X] = idx_ct;

windprofile = struct( ...
    'type', 'mpcData', ...
    'table', CT_TGEN, ...
    'rows', [1:45], ...
    'col', PMAX, ...
    'chgtype', 1, ...
    'values', [] );
windprofile.values(:,1,:) = [
	0.8112 10.9617 56.8176 68.716 7.2073 4.1067 1.6609 8.0174 4.5748 8.8152 16.2948 24.3087 36.5966 0.0075 124.1509 46.7731 58.0333 61.498 76.8162 65.8777 0.5536 9.5822 62.2524 71.5462 44.6449 50.1959 3.0626 174.852 352.0903 352.0903 243.2105 44.4028 256.0541 169.5694 0.0235 150.2252 377.7966 89.4561 92.9286 119.5846 63.8251 45.5565 75.8648 74.3728 381.732;
	0.5103 6.8952 53.1878 68.5657 6.7071 8.9344 0.0 10.4963 0.5907 10.1807 18.8189 28.0741 42.2654 0.0 95.0315 35.8026 44.4217 47.0737 74.7038 66.4625 0.0 20.847 29.5525 75.1508 50.6088 52.6737 5.0051 61.0107 213.488 213.488 133.4049 28.4336 249.0128 171.0747 0.0 91.0882 263.2998 78.4705 6.9322 135.5592 74.2499 99.1127 92.949 90.3718 266.0425;
	0.3375 4.5598 59.928 67.4034 5.4753 4.9418 2.4292 11.3111 2.7202 9.6953 17.9216 26.7354 40.2501 0.0 83.7414 31.5491 39.1442 41.4812 69.4543 70.0663 0.8097 11.531 28.0549 78.5641 50.6437 58.0963 5.3967 9.8421 15.8265 15.8265 0.6996 13.5126 231.5145 180.3509 0.0 6.7526 162.3492 0.0805 45.9616 135.6527 69.7246 54.8215 41.0938 103.6554 164.0404;
	0.4268 5.767 65.3547 73.1578 7.8036 3.7071 4.4969 13.4892 1.9713 14.0491 25.9696 38.7415 58.3251 0.0 89.3002 33.6433 41.7427 44.2348 48.8073 67.7515 1.499 8.6498 47.0066 81.0813 57.8221 67.7258 6.8744 15.0481 4.5176 4.5176 0.0118 14.9612 162.6911 174.3926 0.0 1.9275 15.6884 0.0006 14.1718 154.8805 65.0436 41.1238 43.9206 143.3051 15.8518;
	0.5007 6.7652 79.9661 75.1528 8.7426 4.7831 9.3699 14.0003 2.0961 14.062 25.9934 38.777 58.3786 0.0 106.213 40.0151 49.6484 52.6125 55.9678 66.7321 3.1233 11.1606 41.1599 83.0434 75.7612 72.596 8.2272 151.0093 32.7699 32.7699 38.3574 8.5789 186.5594 171.7685 0.0 13.9818 48.2686 6.1262 61.3638 202.9319 65.0238 53.0609 34.7157 154.5933 48.7714;
	0.4774 6.4506 74.2606 59.5533 9.2695 3.8843 2.0331 12.9171 0.2613 8.1974 15.1528 22.605 34.0318 0.0 134.7929 50.7825 63.0079 66.7695 82.144 69.4552 0.6777 9.0633 32.0761 79.6495 53.3738 71.2387 7.4954 32.5127 6.656 6.656 12.8682 7.8552 273.8134 178.7779 0.0 2.8399 12.1503 3.8176 14.6823 142.9655 44.3137 43.0898 24.6141 145.8555 12.2769;
	0.4711 6.3657 51.9593 35.5883 8.4874 2.9996 4.0761 7.45 2.0275 5.4586 10.0901 15.0525 22.6614 0.0 118.4164 44.6127 55.3528 58.6574 70.617 69.5762 1.3587 6.999 20.0128 53.6072 28.1476 62.9527 3.4528 41.2803 24.1446 24.1446 46.0752 1.2377 235.3901 179.0892 0.0 10.3017 14.0889 9.2832 102.4099 75.3954 23.2673 33.2754 32.3635 138.5986 14.2357;
	0.4928 6.6588 28.4611 17.285 2.6703 2.618 4.561 6.2068 2.2128 3.327 6.15 9.1746 13.8123 0.0 63.5578 23.945 29.7096 31.4833 19.6534 47.9863 1.5203 6.1086 11.0559 29.2417 14.0547 56.5314 2.8706 8.1469 14.6273 14.6273 34.7418 0.0011 65.5115 123.5168 0.0 6.241 15.8468 5.4719 80.6599 37.6464 3.5735 29.0422 0.1587 105.0575 16.0118;
	0.5204 7.0316 21.6143 2.6707 0.8258 0.0 0.6592 4.3835 0.0 0.0 0.0 0.0 0.0 0.0 7.7924 2.9357 3.6425 3.86 9.4987 14.4607 0.2197 0.0 3.5323 18.5065 3.1166 40.5302 2.4572 0.0 7.3628 7.3628 16.0183 0.0 31.6623 37.2219 0.0 3.1415 4.5853 2.5133 28.4126 8.348 0.0321 0.0 0.0 67.1877 4.6331;
	0.6044 8.1661 29.3967 25.0396 6.6549 0.4647 2.6985 4.7171 1.5359 2.6841 4.9615 7.4016 11.143 0.0 0.7215 0.2718 0.3373 0.3574 68.7413 9.6418 0.8995 1.0842 12.309 34.7784 22.7902 47.2654 3.1267 25.6334 32.3204 32.3204 44.4119 0.0 229.1375 24.818 0.0 13.79 9.3881 0.9987 118.9829 61.0451 2.8312 5.1548 48.6188 90.3829 9.4859;
	0.8262 11.1635 41.1082 8.0354 10.5584 0.0555 1.2017 3.5093 2.0137 0.202 0.3734 0.557 0.8386 0.65 3.8129 1.4365 1.7823 1.8887 59.826 10.629 0.4006 0.1295 30.2631 40.3639 40.3792 53.4289 1.2753 54.9855 66.6365 66.6365 104.6278 0.7619 199.4199 27.359 2.0379 28.4316 52.6747 6.2114 28.9916 108.1586 5.3627 0.6156 7.1291 97.6757 53.2234;
	1.5765 21.3022 60.1617 3.5634 12.9889 0.0345 0.4279 1.9846 0.0 0.5587 1.0328 1.5407 2.3196 6.8405 1.054 0.3971 0.4927 0.5221 17.2801 5.1532 0.1426 0.0804 50.1942 54.6486 5.949 50.2975 1.1167 113.5513 106.0268 106.0268 69.4079 3.3588 57.6005 13.2643 21.4458 45.2381 114.9313 4.8082 17.7129 15.9348 17.8654 0.3825 22.2247 130.7098 116.1285;
	2.1876 29.5593 78.8032 3.5667 14.049 0.467 0.0 0.9735 0.0 22.6718 41.9084 62.5191 94.1222 3.6769 0.0 0.0 0.0 0.0 12.4211 5.9935 0.0 1.0898 24.7765 65.8184 65.0373 52.1611 0.9422 188.1958 160.3561 160.3561 115.8461 9.4453 41.4038 15.4272 11.5276 68.4186 143.3247 14.1096 0.0 174.2071 8.7319 5.181 111.2993 165.6691 144.8177;
	1.7052 23.0414 0.0148 0.0 13.3663 18.6737 0.0 0.0005 0.0 0.0 0.0 0.0 0.0 0.9054 0.0 0.0 0.0 0.0 4.1514 7.3383 0.0 43.5719 19.3827 0.0 0.0 12.9882 0.0038 151.459 196.8028 196.8028 20.8489 5.1679 13.8379 18.8889 2.8385 83.9692 154.5734 12.845 1.0165 0.0 1.4105 207.153 82.6343 111.6623 156.1835;
	2.0445 27.6251 0.0015 0.0 8.911 0.0117 0.0 0.0023 0.0 0.1038 0.1919 0.2862 0.4309 1.3304 0.0 0.0 0.0 0.0 0.1002 4.0982 0.0 0.0273 25.7784 0.0024 0.219 0.0454 0.0004 182.1956 240.4047 240.4047 93.5791 6.8359 0.3339 10.5487 4.1709 102.5727 200.8962 14.9874 1.8497 0.5867 0.8634 0.1298 70.4012 90.5928 202.9889;
	3.0021 40.5647 83.5511 0.057 12.9544 0.4799 0.0 0.0 0.0 0.0 0.0 0.0 0.0 4.8053 0.0 0.0 0.0 0.0 2.1097 0.0001 0.0 1.1198 38.2798 0.0067 1.5865 0.0 0.0 320.9159 255.3699 255.3699 174.5805 12.6778 7.0323 0.0002 15.0651 108.9578 257.7078 44.726 17.7904 4.2496 0.9554 5.3239 0.0 168.0741 260.3923;
	3.5031 47.3339 19.92 1.7546 14.7917 2.7897 0.0138 0.0 0.0 0.1975 0.3651 0.5447 0.82 25.8899 0.0171 0.0064 0.008 0.0085 18.7182 0.0 0.0046 6.5094 0.2077 0.0 1.1981 0.0003 0.0 322.4845 346.2749 346.2749 181.713 23.9964 62.3941 0.0 81.1685 147.744 421.2306 76.8856 38.9883 3.2091 3.6912 30.9476 134.6629 206.3656 425.6184;
	2.7071 36.5784 12.7964 0.0 14.8748 18.6749 1.7271 0.0 1.6256 6.0862 11.2503 16.7833 25.2671 10.3328 0.0 0.0 0.0 0.0 8.8164 0.1048 0.5757 43.5747 14.4565 0.011 0.0 0.1029 0.0 524.9486 463.514 463.514 334.3796 35.3663 29.388 0.2697 32.3947 197.766 520.272 101.7974 30.2694 0.0 0.7504 207.1665 110.8271 211.9248 525.6915;
	2.9704 40.1372 84.0613 0.0 14.8056 24.8027 0.0 0.0 0.005 8.5271 15.7622 23.514 35.4003 5.7602 0.0 0.0 0.0 0.0 2.3625 34.9164 0.0 57.8729 26.0982 0.0 0.0 52.8743 0.0 696.9768 411.4588 411.4588 343.9922 42.9762 7.8751 89.8749 18.059 175.5557 523.4957 77.9666 0.0 0.0 0.752 275.1443 103.75 187.9268 528.9488;
	2.9178 39.426 0.089 0.0 14.4253 1.2765 17.3878 0.0 25.4616 21.1684 39.1295 58.3736 87.8811 5.1073 0.0 0.0 0.0 0.0 0.329 16.4262 5.7959 2.9785 51.742 0.0 0.0068 48.3989 0.0001 700.7221 404.3137 404.3137 318.3041 42.098 1.0967 42.281 16.0121 172.5072 509.9674 77.9967 5.9391 0.0182 0.4006 14.1605 94.6295 165.2411 515.2795;
	3.0667 41.4377 86.0754 0.2014 14.5156 1.2451 0.0 0.2978 26.2822 23.0361 42.5818 63.5237 95.6346 8.086 3.3501 1.2621 1.566 1.6595 0.0 21.8916 0.0 2.9052 69.0574 82.7714 6.6904 58.5765 0.1567 580.3804 341.5061 341.5061 203.219 53.9109 0.0 56.349 25.3506 145.7093 507.5725 73.2753 0.2186 17.9207 0.3384 13.8121 96.4472 162.9201 512.8597;
