function solarprofile = ex_solar_profilesh1
%EX_WIND_PROFILE_D  Example wind_load_nyiso profile data for deterministic unit commitment.
% 2022.03.12
% Andres F. Ramirez


%% define constants
[GEN_BUS, PG, QG, QMAX, QMIN, VG, MBASE, GEN_STATUS, PMAX, PMIN, ...
    MU_PMAX, MU_PMIN, MU_QMAX, MU_QMIN, PC1, PC2, QC1MIN, QC1MAX, ...
    QC2MIN, QC2MAX, RAMP_AGC, RAMP_10, RAMP_30, RAMP_Q, APF] = idx_gen;
[CT_LABEL, CT_PROB, CT_TABLE, CT_TBUS, CT_TGEN, CT_TBRCH, CT_TAREABUS, ...
    CT_TAREAGEN, CT_TAREABRCH, CT_ROW, CT_COL, CT_CHGTYPE, CT_REP, ...
    CT_REL, CT_ADD, CT_NEWVAL, CT_TLOAD, CT_TAREALOAD, CT_LOAD_ALL_PQ, ...
    CT_LOAD_FIX_PQ, CT_LOAD_DIS_PQ, CT_LOAD_ALL_P, CT_LOAD_FIX_P, ...
    CT_LOAD_DIS_P, CT_TGENCOST, CT_TAREAGENCOST, CT_MODCOST_F, ...
    CT_MODCOST_X] = idx_ct;

solarprofile = struct( ...
    'type', 'mpcData', ...
    'table', CT_TGEN, ...
    'rows', [1:12], ...
    'col', PMAX, ...
    'chgtype', 1, ...
    'values', [] );
solarprofile.values(:,1,:) = [
	0.0 0.0 0.0 0.0 0.0 0.0 0.0 0.0 0.0 0.0 0.0 0.0;
	0.0 0.0 0.0 0.0 0.0 0.0 0.0 0.0 0.0 0.0 0.0 0.0;
	0.0 0.0 0.0 0.0 0.0 0.0 0.0 0.0 0.0 0.0 0.0 0.0;
	0.0 0.0 0.0 0.0 0.0 0.0 0.0 0.0 0.0 0.0 0.0 0.0;
	0.0 0.0 0.0 0.0 0.0 0.0 0.0 0.0 0.0 0.0 0.0 0.0;
	0.4731 0.408 0.4224 0.0 0.0 0.0008 0.0001 0.2977 0.0 0.0 0.0 0.0;
	4.0787 2.7194 1.0214 0.6062 3.9304 262.4671 32.8084 7.4416 132.8934 0.0 0.1669 0.0;
	16.8839 12.6089 7.1393 0.9521 6.2076 440.2043 55.0255 58.6455 256.3943 21.6594 10.874 39.2254;
	22.438 16.6083 12.9829 2.1499 7.8562 453.7054 56.7132 69.6987 270.3963 63.5544 28.0909 115.0974;
	21.3637 13.502 8.1337 4.3542 7.708 323.3333 40.4167 37.2534 195.2179 157.6216 78.6925 285.4536;
	18.0102 12.1532 8.6162 6.7377 9.6256 276.1714 34.5214 33.58 164.4946 146.6549 109.6353 265.593;
	19.2017 15.512 12.4869 8.2205 9.7661 231.2299 28.9037 40.0446 116.7441 106.7488 83.9043 193.3227;
	13.9533 14.9626 11.0815 9.5689 8.1922 107.7652 13.4707 23.938 70.6992 62.3018 26.0766 112.8289;
	14.6904 15.0524 10.46 8.0629 6.213 98.3566 12.2946 24.199 88.0566 56.3376 14.9257 102.0277;
	9.3711 8.9937 6.5388 6.3656 4.8574 69.9721 8.7465 16.6627 88.873 43.782 11.3411 79.2894;
	2.6841 1.9552 2.2883 2.5604 0.9155 6.8056 0.8507 3.0925 52.4951 11.8993 3.9221 21.5497;
	0.4319 0.4735 0.593 0.542 0.2035 3.5432 0.4429 2.521 7.602 4.333 3.2478 7.847;
	0.0 0.0 0.0 0.0 0.0 0.0 0.0 0.0 0.0 0.0 0.0 0.0;
	0.0 0.0 0.0 0.0 0.0 0.0 0.0 0.0 0.0 0.0 0.0 0.0;
	0.0 0.0 0.0 0.0 0.0 0.0 0.0 0.0 0.0 0.0 0.0 0.0;
	0.0 0.0 0.0 0.0 0.0 0.0 0.0 0.0 0.0 0.0 0.0 0.0;
	0.0 0.0 0.0 0.0 0.0 0.0 0.0 0.0 0.0 0.0 0.0 0.0;
	0.0 0.0 0.0 0.0 0.0 0.0 0.0 0.0 0.0 0.0 0.0 0.0;
	0.0 0.0 0.0 0.0 0.0 0.0 0.0 0.0 0.0 0.0 0.0 0.0;
];
