function solarprofile = ex_solar_profilesh1
%EX_WIND_PROFILE_D  Example wind_load_nyiso profile data for deterministic unit commitment.
% 2022.03.12
% Andres F. Ramirez


%% define constants
[GEN_BUS, PG, QG, QMAX, QMIN, VG, MBASE, GEN_STATUS, PMAX, PMIN, ...
    MU_PMAX, MU_PMIN, MU_QMAX, MU_QMIN, PC1, PC2, QC1MIN, QC1MAX, ...
    QC2MIN, QC2MAX, RAMP_AGC, RAMP_10, RAMP_30, RAMP_Q, APF] = idx_gen;
[CT_LABEL, CT_PROB, CT_TABLE, CT_TBUS, CT_TGEN, CT_TBRCH, CT_TAREABUS, ...
    CT_TAREAGEN, CT_TAREABRCH, CT_ROW, CT_COL, CT_CHGTYPE, CT_REP, ...
    CT_REL, CT_ADD, CT_NEWVAL, CT_TLOAD, CT_TAREALOAD, CT_LOAD_ALL_PQ, ...
    CT_LOAD_FIX_PQ, CT_LOAD_DIS_PQ, CT_LOAD_ALL_P, CT_LOAD_FIX_P, ...
    CT_LOAD_DIS_P, CT_TGENCOST, CT_TAREAGENCOST, CT_MODCOST_F, ...
    CT_MODCOST_X] = idx_ct;

solarprofile = struct( ...
    'type', 'mpcData', ...
    'table', CT_TGEN, ...
    'rows', [1:12], ...
    'col', PMAX, ...
    'chgtype', 1, ...
    'values', [] );
solarprofile.values(:,1,:) = [
	0.0 0.0 0.0 0.0 0.0 0.0 0.0 0.0 0.0 0.0 0.0 0.0;
	0.0 0.0 0.0 0.0 0.0 0.0 0.0 0.0 0.0 0.0 0.0 0.0;
	0.0 0.0 0.0 0.0 0.0 0.0 0.0 0.0 0.0 0.0 0.0 0.0;
	0.0 0.0 0.0 0.0 0.0 0.0 0.0 0.0 0.0 0.0 0.0 0.0;
	0.0 0.0 0.0 0.0 0.0 0.0 0.0 0.0 0.0 0.0 0.0 0.0;
	0.4836 0.4018 0.4224 0.0 0.0 0.0 0.0 0.2 0.0 0.0 0.0 0.0;
	7.2035 5.2321 5.4485 3.8104 6.252 372.803 46.6004 46.5574 238.9354 22.1573 6.999 40.1269;
	17.4545 14.1672 11.0776 9.573 8.6534 440.6125 55.0766 70.6121 278.1032 36.7185 3.9014 66.4974;
	22.5693 16.6083 13.8 10.1172 8.8953 449.2041 56.1505 73.0048 279.485 53.772 1.4471 97.3814;
	23.7605 16.1547 13.6408 4.9037 7.4747 342.3253 42.7907 57.0798 201.0626 65.398 5.6569 118.4362;
	25.0261 16.371 13.7627 6.4773 8.2563 380.9508 47.6189 61.2955 225.2803 92.6641 16.8851 167.8152;
	25.1433 16.3954 13.769 7.2693 8.8196 381.775 47.7219 63.8141 233.6551 107.8379 31.7063 195.2951;
	18.1524 14.7056 9.6844 6.481 9.9168 165.9315 20.7414 33.6395 95.4797 94.5619 48.5426 171.2522;
	15.419 12.7436 8.5943 4.3789 9.7785 90.757 11.3446 27.344 42.0175 76.7659 37.4618 139.0236;
	8.6251 7.6483 5.8649 2.2031 8.9125 53.7407 6.7176 23.7309 18.2281 59.1469 26.9019 107.1154;
	2.168 2.257 2.5027 0.641 3.065 17.0006 2.1251 17.3155 0.0 19.8439 7.7613 35.9373;
	0.5472 0.5136 0.5117 0.4756 0.9136 7.2286 0.9036 5.2733 2.2574 8.271 4.1846 14.9788;
	0.0 0.0 0.0 0.0 0.0 0.0 0.0 0.0 0.0 0.0 0.0 0.0;
	0.0 0.0 0.0 0.0 0.0 0.0 0.0 0.0 0.0 0.0 0.0 0.0;
	0.0 0.0 0.0 0.0 0.0 0.0 0.0 0.0 0.0 0.0 0.0 0.0;
	0.0 0.0 0.0 0.0 0.0 0.0 0.0 0.0 0.0 0.0 0.0 0.0;
	0.0 0.0 0.0 0.0 0.0 0.0 0.0 0.0 0.0 0.0 0.0 0.0;
	0.0 0.0 0.0 0.0 0.0 0.0 0.0 0.0 0.0 0.0 0.0 0.0;
	0.0 0.0 0.0 0.0 0.0 0.0 0.0 0.0 0.0 0.0 0.0 0.0;
];
