function solarprofile = ex_solar_profilesh1
%EX_WIND_PROFILE_D  Example wind_load_nyiso profile data for deterministic unit commitment.
% 2022.03.12
% Andres F. Ramirez


%% define constants
[GEN_BUS, PG, QG, QMAX, QMIN, VG, MBASE, GEN_STATUS, PMAX, PMIN, ...
    MU_PMAX, MU_PMIN, MU_QMAX, MU_QMIN, PC1, PC2, QC1MIN, QC1MAX, ...
    QC2MIN, QC2MAX, RAMP_AGC, RAMP_10, RAMP_30, RAMP_Q, APF] = idx_gen;
[CT_LABEL, CT_PROB, CT_TABLE, CT_TBUS, CT_TGEN, CT_TBRCH, CT_TAREABUS, ...
    CT_TAREAGEN, CT_TAREABRCH, CT_ROW, CT_COL, CT_CHGTYPE, CT_REP, ...
    CT_REL, CT_ADD, CT_NEWVAL, CT_TLOAD, CT_TAREALOAD, CT_LOAD_ALL_PQ, ...
    CT_LOAD_FIX_PQ, CT_LOAD_DIS_PQ, CT_LOAD_ALL_P, CT_LOAD_FIX_P, ...
    CT_LOAD_DIS_P, CT_TGENCOST, CT_TAREAGENCOST, CT_MODCOST_F, ...
    CT_MODCOST_X] = idx_ct;

solarprofile = struct( ...
    'type', 'mpcData', ...
    'table', CT_TGEN, ...
    'rows', [1:12], ...
    'col', PMAX, ...
    'chgtype', 1, ...
    'values', [] );
solarprofile.values(:,1,:) = [
	0.0 0.0 0.0 0.0 0.0 0.0 0.0 0.0 0.0 0.0 0.0 0.0;
	0.0 0.0 0.0 0.0 0.0 0.0 0.0 0.0 0.0 0.0 0.0 0.0;
	0.0 0.0 0.0 0.0 0.0 0.0 0.0 0.0 0.0 0.0 0.0 0.0;
	0.0 0.0 0.0 0.0 0.0 0.0 0.0 0.0 0.0 0.0 0.0 0.0;
	0.0 0.0 0.0 0.0 0.0 0.0 0.0 0.0 0.0 0.0 0.0 0.0;
	0.4731 0.4018 0.4224 0.0 0.0 0.0 0.0 0.2 0.0 0.0 0.0 0.0;
	5.5955 5.9868 4.0592 1.5284 4.0753 238.5599 29.82 36.7117 127.0815 0.0 0.0 0.0;
	17.13 13.7694 10.0014 2.6738 4.3692 419.2861 52.4108 68.0413 243.6779 32.7246 13.8536 59.2645;
	21.763 16.6083 12.3266 4.6853 3.8593 429.3026 53.6628 68.5178 242.7727 93.5981 40.4036 169.5066;
	11.8028 10.0216 1.745 3.7716 2.007 86.3688 10.7961 15.0809 54.4535 136.4993 98.8952 247.2011;
	17.4729 13.0651 3.4589 5.7624 3.9362 115.8169 14.4771 15.4724 121.2735 114.787 121.858 207.8799;
	24.294 16.3609 12.1506 6.641 5.3235 175.1559 21.8945 17.8139 186.7173 115.6984 144.2942 209.5305;
	15.7626 15.2273 11.2368 5.4465 6.3624 36.4737 4.5592 2.5787 119.1882 166.0421 110.9039 300.7033;
	12.8291 13.5279 9.2777 4.2976 5.4618 21.0539 2.6317 2.5235 93.384 172.6876 75.6237 312.7383;
	6.1206 7.3361 5.6544 2.7086 4.5324 9.2013 1.1502 3.2382 55.7158 104.1014 36.7963 188.5283;
	0.8806 1.6323 1.0073 1.0125 0.8359 0.0 0.0 3.2168 9.8244 12.3789 6.3882 22.4182;
	0.5151 0.5286 0.4971 0.4216 0.4955 6.1481 0.7685 4.4496 8.2357 6.652 4.7867 12.0469;
	0.0 0.0 0.0 0.0 0.0 0.0 0.0 0.0 0.0 0.0 0.0 0.0;
	0.0 0.0 0.0 0.0 0.0 0.0 0.0 0.0 0.0 0.0 0.0 0.0;
	0.0 0.0 0.0 0.0 0.0 0.0 0.0 0.0 0.0 0.0 0.0 0.0;
	0.0 0.0 0.0 0.0 0.0 0.0 0.0 0.0 0.0 0.0 0.0 0.0;
	0.0 0.0 0.0 0.0 0.0 0.0 0.0 0.0 0.0 0.0 0.0 0.0;
	0.0 0.0 0.0 0.0 0.0 0.0 0.0 0.0 0.0 0.0 0.0 0.0;
	0.0 0.0 0.0 0.0 0.0 0.0 0.0 0.0 0.0 0.0 0.0 0.0;
];
