function loadprofile = ex_load_profilesh1
%EX_LOAD_PROFILE  Example load profile data file for stochastic unit commitment.
% 2022.03.12
% Andres F. Ramirez

%% define constants
[CT_LABEL, CT_PROB, CT_TABLE, CT_TBUS, CT_TGEN, CT_TBRCH, CT_TAREABUS, ...
    CT_TAREAGEN, CT_TAREABRCH, CT_ROW, CT_COL, CT_CHGTYPE, CT_REP, ...
    CT_REL, CT_ADD, CT_NEWVAL, CT_TLOAD, CT_TAREALOAD, CT_LOAD_ALL_PQ, ...
    CT_LOAD_FIX_PQ, CT_LOAD_DIS_PQ, CT_LOAD_ALL_P, CT_LOAD_FIX_P, ...
    CT_LOAD_DIS_P, CT_TGENCOST, CT_TAREAGENCOST, CT_MODCOST_F, ...
    CT_MODCOST_X] = idx_ct;

loadprofile = struct( ...
    'type', 'mpcData', ...
    'table', CT_TAREALOAD, ...
    'rows', [1:11], ...
    'col', CT_LOAD_ALL_P, ...
    'chgtype', 1, ...
    'values', [] );
loadprofile.values(:,1,:) = [
	1544.7931 915.1672 1658.5198 568.5774 836.1672 1143.5168 917.5 292.0991 545.2796 4603.1229 1758.7565;
	1541.3 932.969 1655.8191 592.7114 859.0006 1177.3 921.7298 295.7 527.2 4550.0545 1766.081;
	1574.9218 947.8054 1686.6168 593.473 866.6 1224.1141 942.468 297.7278 543.344 4624.7888 1835.2602;
	1666.9103 1021.1069 1791.6522 611.7763 896.4277 1306.3639 1004.3 326.9046 581.8 4900.269 1966.14;
	1844.5586 1166.1172 2011.8 635.8951 1015.3749 1487.8566 1103.1613 368.1357 669.1912 5443.8435 2213.1315;
	1984.6024 1246.0879 2091.2802 646.9 1053.3971 1526.6166 1162.7 391.6273 705.4144 5939.8936 2341.5437;
	1981.5133 1265.0 2087.3958 640.8102 1061.3 1492.9423 1152.6481 390.0334 696.6633 6250.1037 2349.627;
	1949.4899 1256.5465 2066.8 650.0048 1058.7623 1487.69 1161.3252 384.1158 707.5654 6571.7605 2402.6582;
	1960.4341 1252.5664 2021.4951 637.4 1002.2524 1476.7 1145.309 352.3682 687.7503 6510.9391 2286.3537;
	1976.6947 1246.8837 2025.4 629.833 1011.1375 1500.4223 1162.5179 351.8675 684.4214 6540.2688 2370.0169;
	1956.6682 1220.5 2000.3 610.4729 980.5789 1484.9875 1123.6717 333.8 673.7118 6422.6884 2309.7222;
	1954.6024 1168.2852 1921.0254 608.2884 955.119 1483.0356 1115.6291 317.9166 650.6723 6303.2907 2185.9024;
	1949.3557 1191.8106 1895.392 614.6049 962.7321 1470.246 1134.6312 318.2268 660.618 6300.2179 2262.7592;
	1913.1845 1182.1113 1887.9997 600.5947 931.0 1423.3084 1096.7054 308.4457 658.7543 6326.6071 2168.0283;
	1868.3393 1161.8303 1867.12 600.9273 959.9203 1472.926 1107.4718 309.6711 675.1438 6329.4944 2268.78;
	1813.4322 1150.3652 1874.5238 619.7566 985.1 1490.7566 1108.4563 341.4783 681.5841 6411.5 2351.892;
	1842.9 1164.1889 1930.1263 649.1482 1043.9 1596.5766 1200.2026 361.4987 727.4198 6347.4708 2448.0156;
	1849.1435 1192.879 1974.9249 638.1 1053.3502 1615.1943 1231.8223 376.3281 778.4587 6376.9285 2504.744;
	1938.308 1220.5486 2024.8153 647.8055 1063.1928 1613.2331 1254.7676 382.3226 776.5693 6310.0079 2529.1047;
	1870.5 1145.9136 1938.3121 628.7518 1001.3455 1541.669 1207.6 364.7739 721.8792 6175.6289 2446.1997;
	1763.9881 1042.2818 1773.463 611.1 901.3008 1386.9701 1063.5525 316.6804 657.4 5606.9053 2167.1132;
	1647.1284 965.1274 1633.5484 598.1164 850.051 1325.4138 983.6599 293.4 589.6 5166.4736 1958.7739;
	1599.9383 908.759 1593.7732 572.9 832.3164 1269.4187 907.7418 276.2975 533.4376 4761.8992 1819.2515;
	1549.2835 904.8062 1607.5 590.8704 817.4382 1272.5665 895.3056 249.1179 511.5 4571.1172 1731.5175;
];
