function solarprofile = ex_solar_profilesh1
%EX_WIND_PROFILE_D  Example wind_load_nyiso profile data for deterministic unit commitment.
% 2022.03.12
% Andres F. Ramirez


%% define constants
[GEN_BUS, PG, QG, QMAX, QMIN, VG, MBASE, GEN_STATUS, PMAX, PMIN, ...
    MU_PMAX, MU_PMIN, MU_QMAX, MU_QMIN, PC1, PC2, QC1MIN, QC1MAX, ...
    QC2MIN, QC2MAX, RAMP_AGC, RAMP_10, RAMP_30, RAMP_Q, APF] = idx_gen;
[CT_LABEL, CT_PROB, CT_TABLE, CT_TBUS, CT_TGEN, CT_TBRCH, CT_TAREABUS, ...
    CT_TAREAGEN, CT_TAREABRCH, CT_ROW, CT_COL, CT_CHGTYPE, CT_REP, ...
    CT_REL, CT_ADD, CT_NEWVAL, CT_TLOAD, CT_TAREALOAD, CT_LOAD_ALL_PQ, ...
    CT_LOAD_FIX_PQ, CT_LOAD_DIS_PQ, CT_LOAD_ALL_P, CT_LOAD_FIX_P, ...
    CT_LOAD_DIS_P, CT_TGENCOST, CT_TAREAGENCOST, CT_MODCOST_F, ...
    CT_MODCOST_X] = idx_ct;

solarprofile = struct( ...
    'type', 'mpcData', ...
    'table', CT_TGEN, ...
    'rows', [1:12], ...
    'col', PMAX, ...
    'chgtype', 1, ...
    'values', [] );
solarprofile.values(:,1,:) = [
	0.0 0.0 0.0 0.0 0.0 0.0 0.0 0.0 0.0 0.0 0.0 0.0;
	0.0 0.0 0.0 0.0 0.0 0.0 0.0 0.0 0.0 0.0 0.0 0.0;
	0.0 0.0 0.0 0.0 0.0 0.0 0.0 0.0 0.0 0.0 0.0 0.0;
	0.0 0.0 0.0 0.0 0.0 0.0 0.0 0.0 0.0 0.0 0.0 0.0;
	0.0 0.0 0.0 0.0 0.0 0.0 0.0 0.0 0.0 0.0 0.0 0.0;
	0.4731 0.4018 0.4224 0.0 0.0 0.0 0.0 0.2 0.0 0.0 0.0 0.0;
	8.5658 7.5837 5.4606 2.2172 4.8395 121.0232 15.1279 48.321 31.2521 15.3036 4.7792 27.7149;
	17.6311 15.4442 12.0533 3.9584 8.8606 390.3425 48.7928 75.0729 235.0725 110.0938 16.8107 199.3805;
	22.7036 16.6262 13.8 6.5543 10.1055 421.088 52.636 76.1832 264.7068 184.4029 25.8046 333.9548;
	24.7092 16.267 13.6408 5.3316 7.9604 299.795 37.4744 55.3495 186.8248 119.5678 24.2137 216.538;
	25.2052 16.4079 13.7102 6.5829 9.6633 326.4633 40.8079 54.7753 199.4058 160.3355 27.2795 290.3686;
	25.0441 16.3954 13.5005 6.6964 9.5183 350.7739 43.8467 56.9392 218.3986 175.6308 29.5502 318.0685;
	11.3719 10.7129 8.6903 5.3281 5.3905 290.6129 36.3266 35.3231 175.9587 88.6952 19.1453 160.6275;
	10.9636 10.076 8.6051 4.6352 3.13 286.702 35.8377 29.7695 150.5362 55.1946 14.6592 99.9577;
	8.6516 7.5877 7.3474 4.2592 2.7706 230.2258 28.7782 21.6831 95.9832 25.7727 8.8837 46.6745;
	4.1901 5.4045 9.5906 4.0574 1.9196 64.0716 8.009 5.138 12.1331 7.1496 0.0 12.9479;
	0.484 0.7754 0.8435 1.0232 1.3022 10.3939 1.2992 3.4952 4.8905 7.7884 2.4303 14.1048;
	0.0 0.0 0.0 0.0 0.0 0.0 0.0 0.0 0.0 0.0 0.0 0.0;
	0.0 0.0 0.0 0.0 0.0 0.0 0.0 0.0 0.0 0.0 0.0 0.0;
	0.0 0.0 0.0 0.0 0.0 0.0 0.0 0.0 0.0 0.0 0.0 0.0;
	0.0 0.0 0.0 0.0 0.0 0.0 0.0 0.0 0.0 0.0 0.0 0.0;
	0.0 0.0 0.0 0.0 0.0 0.0 0.0 0.0 0.0 0.0 0.0 0.0;
	0.0 0.0 0.0 0.0 0.0 0.0 0.0 0.0 0.0 0.0 0.0 0.0;
	0.0 0.0 0.0 0.0 0.0 0.0 0.0 0.0 0.0 0.0 0.0 0.0;
];
