function solarprofile = ex_solar_profilesh1
%EX_WIND_PROFILE_D  Example wind_load_nyiso profile data for deterministic unit commitment.
% 2022.03.12
% Andres F. Ramirez


%% define constants
[GEN_BUS, PG, QG, QMAX, QMIN, VG, MBASE, GEN_STATUS, PMAX, PMIN, ...
    MU_PMAX, MU_PMIN, MU_QMAX, MU_QMIN, PC1, PC2, QC1MIN, QC1MAX, ...
    QC2MIN, QC2MAX, RAMP_AGC, RAMP_10, RAMP_30, RAMP_Q, APF] = idx_gen;
[CT_LABEL, CT_PROB, CT_TABLE, CT_TBUS, CT_TGEN, CT_TBRCH, CT_TAREABUS, ...
    CT_TAREAGEN, CT_TAREABRCH, CT_ROW, CT_COL, CT_CHGTYPE, CT_REP, ...
    CT_REL, CT_ADD, CT_NEWVAL, CT_TLOAD, CT_TAREALOAD, CT_LOAD_ALL_PQ, ...
    CT_LOAD_FIX_PQ, CT_LOAD_DIS_PQ, CT_LOAD_ALL_P, CT_LOAD_FIX_P, ...
    CT_LOAD_DIS_P, CT_TGENCOST, CT_TAREAGENCOST, CT_MODCOST_F, ...
    CT_MODCOST_X] = idx_ct;

solarprofile = struct( ...
    'type', 'mpcData', ...
    'table', CT_TGEN, ...
    'rows', [1:12], ...
    'col', PMAX, ...
    'chgtype', 1, ...
    'values', [] );
solarprofile.values(:,1,:) = [
	0.0 0.0 0.0 0.0 0.0 0.0 0.0 0.0 0.0 0.0 0.0 0.0;
	0.0 0.0 0.0 0.0 0.0 0.0 0.0 0.0 0.0 0.0 0.0 0.0;
	0.0 0.0 0.0 0.0 0.0 0.0 0.0 0.0 0.0 0.0 0.0 0.0;
	0.0 0.0 0.0 0.0 0.0 0.0 0.0 0.0 0.0 0.0 0.0 0.0;
	0.0 0.0 0.0 0.0 0.0 0.0 0.0 0.0 0.0 0.0 0.0 0.0;
	0.4731 0.4018 0.4224 0.0 0.0 0.0 0.0 0.2912 0.0 0.0 0.0 0.0;
	8.0163 5.073 5.9203 1.6807 6.1502 201.7767 25.2221 45.4199 212.873 36.3331 16.0572 65.7995;
	16.7053 12.1318 11.5249 4.3782 4.2518 412.1585 51.5198 68.0019 275.559 28.6639 8.2434 51.9105;
	21.6196 16.5022 13.8 7.3141 2.4871 433.2582 54.1573 69.1975 277.6848 22.8202 0.0 41.3276;
	23.9036 16.1547 13.6408 3.8053 1.7314 347.3861 43.4233 48.2851 201.2312 30.5011 0.0 55.2377;
	25.4006 16.4278 13.8588 6.3192 6.5761 405.7236 50.7155 51.9229 220.0752 64.4116 10.4928 116.6498;
	25.5305 16.752 13.994 7.0257 9.2504 434.9729 54.3716 55.2252 238.5227 100.6957 42.1764 182.3605;
	14.9174 15.731 12.3016 5.0304 6.9785 371.7987 46.4748 34.354 141.3029 224.1569 85.2498 405.9494;
	12.3339 14.0773 10.7816 2.4449 3.4995 341.1872 42.6484 31.0033 96.7239 204.1965 53.3743 369.801;
	8.5995 10.2491 8.1185 1.1029 1.5795 250.2234 31.2779 24.1324 52.3273 136.6923 34.5527 247.5506;
	5.1704 6.4108 6.029 0.5411 0.1549 63.7455 7.9682 8.0984 4.9195 19.343 6.387 35.0302;
	0.8251 1.0679 0.6276 0.4911 0.319 14.9539 1.8692 1.5518 2.6152 9.8494 4.184 17.8373;
	0.0 0.0 0.0 0.0 0.0 0.0 0.0 0.0 0.0 0.0 0.0 0.0;
	0.0 0.0 0.0 0.0 0.0 0.0 0.0 0.0 0.0 0.0 0.0 0.0;
	0.0 0.0 0.0 0.0 0.0 0.0 0.0 0.0 0.0 0.0 0.0 0.0;
	0.0 0.0 0.0 0.0 0.0 0.0 0.0 0.0 0.0 0.0 0.0 0.0;
	0.0 0.0 0.0 0.0 0.0 0.0 0.0 0.0 0.0 0.0 0.0 0.0;
	0.0 0.0 0.0 0.0 0.0 0.0 0.0 0.0 0.0 0.0 0.0 0.0;
	0.0 0.0 0.0 0.0 0.0 0.0 0.0 0.0 0.0 0.0 0.0 0.0;
];
