function loadprofile = ex_load_profilesh1
%EX_LOAD_PROFILE  Example load profile data file for stochastic unit commitment.
% 2022.03.12
% Andres F. Ramirez

%% define constants
[CT_LABEL, CT_PROB, CT_TABLE, CT_TBUS, CT_TGEN, CT_TBRCH, CT_TAREABUS, ...
    CT_TAREAGEN, CT_TAREABRCH, CT_ROW, CT_COL, CT_CHGTYPE, CT_REP, ...
    CT_REL, CT_ADD, CT_NEWVAL, CT_TLOAD, CT_TAREALOAD, CT_LOAD_ALL_PQ, ...
    CT_LOAD_FIX_PQ, CT_LOAD_DIS_PQ, CT_LOAD_ALL_P, CT_LOAD_FIX_P, ...
    CT_LOAD_DIS_P, CT_TGENCOST, CT_TAREAGENCOST, CT_MODCOST_F, ...
    CT_MODCOST_X] = idx_ct;

loadprofile = struct( ...
    'type', 'mpcData', ...
    'table', CT_TAREALOAD, ...
    'rows', [1:11], ...
    'col', CT_LOAD_ALL_P, ...
    'chgtype', 1, ...
    'values', [] );
loadprofile.values(:,1,:) = [
	1603.7 1003.9942 1663.1218 587.2286 899.662 1238.0035 936.913 264.9025 551.3595 4583.6021 1802.6617;
	1590.2331 1010.5848 1663.5441 587.0987 897.1972 1243.1748 927.5108 260.4607 545.1319 4510.4704 1789.8;
	1609.6 1030.1685 1689.2219 581.1536 899.5895 1252.6392 941.2803 272.6937 559.6 4560.182 1825.9513;
	1698.9518 1098.8288 1799.6274 598.1991 965.7207 1352.9429 1004.2878 295.9747 605.9319 4767.2 1939.4911;
	1843.7655 1226.7 1970.5234 614.4 1044.6909 1486.3607 1111.2871 331.1 710.7265 5440.2604 2213.6936;
	1917.6162 1277.1721 2055.249 604.3 1084.2202 1565.8353 1156.6989 339.6098 750.8004 5983.9576 2334.8091;
	1916.8915 1286.1558 2031.1872 596.0261 1063.7948 1551.6554 1189.0529 359.7558 745.0606 6298.4627 2335.1293;
	1927.9513 1291.0821 2017.9258 594.4 1075.4271 1548.8246 1249.2182 354.4841 741.6085 6471.6985 2334.3391;
	1921.4745 1274.1919 2008.927 583.0043 1059.9857 1523.0 1265.9731 359.1 737.0626 6450.1498 2247.1041;
	1913.9848 1268.6874 1934.1656 572.3261 998.9448 1500.6581 1189.3826 339.7075 708.2 6357.5114 2197.8443;
	1901.2947 1247.9 1851.8474 561.7991 974.7829 1397.3 1190.4934 345.8 703.6397 6275.7104 2073.0172;
	1872.2877 1228.1769 1858.9079 544.4629 978.5 1364.6623 1142.6054 346.3469 674.6258 6248.5199 1985.9138;
	1874.9 1215.0512 1807.113 508.6034 981.1832 1293.5354 1109.6898 363.8187 680.0695 6320.1045 2068.2809;
	1836.5636 1202.4843 1811.2507 523.4583 982.5671 1300.8531 1086.9989 369.0918 684.4198 6352.1336 2078.9838;
	1802.5929 1174.0185 1792.0664 509.0616 962.9294 1377.3946 1086.2118 340.0309 733.6373 6338.9189 2106.5971;
	1821.8012 1188.7925 1868.3203 513.6573 967.2571 1400.6145 1125.5603 355.6107 761.4 6343.1 2249.6886;
	1837.7 1210.7044 1912.044 524.6193 1048.5767 1476.6306 1189.912 389.9617 816.6569 6283.5666 2329.8793;
	1840.1745 1251.3 1947.6128 527.8929 1032.4341 1476.7238 1221.467 380.9 811.4384 6248.2933 2393.528;
	1857.4153 1236.0591 1956.1149 530.2046 1051.8314 1474.9844 1191.847 354.6374 818.9202 6058.2698 2293.5247;
	1827.9016 1204.3865 1908.3714 513.7282 1006.494 1432.6149 1172.3 355.3507 783.5627 5927.3308 2281.926;
	1729.1971 1102.4032 1779.775 491.5116 937.6 1316.014 1078.5532 322.5727 678.6915 5599.2792 2074.3;
	1675.8426 1041.7471 1694.887 524.3456 927.4315 1234.9808 975.4444 304.3 619.5487 5272.0157 1923.1764;
	1673.5345 985.8294 1617.9 551.1 886.7041 1196.6194 944.5 285.1 581.204 4901.157 1871.3052;
	1606.1203 964.4816 1610.4231 555.7342 827.0 1180.6 903.3424 264.5 572.2009 4664.4831 1781.5232;
];
