function windprofile = ex_wind_profilesh1
%EX_WIND_PROFILE_D  Example wind_load_nyiso profile data for deterministic unit commitment.
% 2022.03.12
% Andres F. Ramirez


%% define constants
[GEN_BUS, PG, QG, QMAX, QMIN, VG, MBASE, GEN_STATUS, PMAX, PMIN, ...
    MU_PMAX, MU_PMIN, MU_QMAX, MU_QMIN, PC1, PC2, QC1MIN, QC1MAX, ...
    QC2MIN, QC2MAX, RAMP_AGC, RAMP_10, RAMP_30, RAMP_Q, APF] = idx_gen;
[CT_LABEL, CT_PROB, CT_TABLE, CT_TBUS, CT_TGEN, CT_TBRCH, CT_TAREABUS, ...
    CT_TAREAGEN, CT_TAREABRCH, CT_ROW, CT_COL, CT_CHGTYPE, CT_REP, ...
    CT_REL, CT_ADD, CT_NEWVAL, CT_TLOAD, CT_TAREALOAD, CT_LOAD_ALL_PQ, ...
    CT_LOAD_FIX_PQ, CT_LOAD_DIS_PQ, CT_LOAD_ALL_P, CT_LOAD_FIX_P, ...
    CT_LOAD_DIS_P, CT_TGENCOST, CT_TAREAGENCOST, CT_MODCOST_F, ...
    CT_MODCOST_X] = idx_ct;

windprofile = struct( ...
    'type', 'mpcData', ...
    'table', CT_TGEN, ...
    'rows', [1:45], ...
    'col', PMAX, ...
    'chgtype', 1, ...
    'values', [] );
windprofile.values(:,1,:) = [
	0.7933 10.7187 50.4816 58.6197 7.448 0.0 4.3755 8.0595 0.7259 18.9652 35.057 52.2981 78.7345 5.5075 147.422 55.5404 68.9112 73.0253 84.2671 68.8093 1.4585 0.0 65.9912 74.3222 48.3966 47.8999 4.2788 228.2554 355.027 355.027 239.2372 44.1365 280.8903 177.1153 17.2668 151.4782 416.9192 86.6725 87.6683 129.6337 61.7829 0.0 12.7351 54.0435 421.2621;
	0.5274 7.1265 47.4604 53.1341 6.1051 0.4479 1.038 9.4146 0.2058 9.2475 17.0939 25.5008 38.3913 5.5287 109.3655 41.2028 51.122 54.1741 77.7226 67.4138 0.346 1.0452 28.3304 66.8862 45.6851 45.6391 5.2228 363.8017 258.4903 258.4903 160.9844 31.1996 259.0752 173.5232 17.3332 110.2892 325.778 86.7356 101.1555 122.3709 76.1674 4.9691 9.2005 71.2521 329.1715;
	0.3285 4.4394 56.1377 55.1172 2.6897 0.257 1.7847 9.0837 2.2196 5.5906 10.3341 15.4165 23.2094 2.969 76.9646 28.9959 35.9765 38.1243 70.3353 65.8116 0.5949 0.5996 22.8957 67.4047 46.271 50.1222 4.7544 113.6999 241.3368 241.3368 123.9279 18.2729 234.4509 169.3992 9.3083 102.9704 186.0852 7.2835 161.9896 123.9403 71.4112 2.8507 6.4396 91.6657 188.0236;
	0.4428 5.9831 62.9411 55.9903 7.2243 0.1641 1.0731 11.3621 0.1934 14.2065 26.2605 39.1755 58.9785 6.173 82.9616 31.2553 38.7797 41.0949 51.9439 65.7619 0.3577 0.383 47.7522 74.5534 56.5252 57.4503 6.5329 20.8314 137.9455 137.9455 131.0299 17.061 173.1464 169.2714 19.3531 58.8567 24.1678 4.1578 144.3403 151.4069 68.1853 1.8209 10.877 133.4702 24.4196;
	0.4573 6.1791 75.689 66.8628 8.7229 0.4667 1.3845 11.4624 1.8547 13.2265 24.449 36.473 54.91 4.6734 114.7912 43.2469 53.6582 56.8617 63.7724 66.017 0.4615 1.0889 40.8011 78.8574 68.1905 63.8915 7.8908 24.1957 40.661 40.661 56.6829 8.5607 212.5748 169.9278 14.6517 17.3487 3.8321 3.4322 169.7205 182.6531 60.0663 5.177 14.0897 141.8605 3.872;
	0.5235 7.0731 79.4245 57.0353 10.3035 3.711 9.2288 9.9117 22.0681 8.4747 15.6654 23.3698 35.183 0.8497 140.5944 52.9681 65.7197 69.6433 84.2896 67.3416 3.0763 8.6591 32.1794 77.7388 51.004 59.0165 7.178 22.6045 35.3708 35.3708 144.6411 8.2391 280.9653 173.3375 2.6638 15.0916 8.2726 13.0932 431.6758 136.6179 44.4205 41.1676 23.764 136.5367 8.3588;
	0.4969 6.714 55.0138 33.6369 9.7814 2.768 4.5509 7.3938 11.4114 7.2553 13.4112 20.0069 30.1203 1.2826 113.2397 42.6624 52.933 56.0931 63.3615 66.841 1.517 6.4587 22.0143 52.8567 29.8005 61.6993 4.084 33.7158 12.4488 12.4488 198.7386 1.6363 211.2049 172.0488 4.0211 5.3115 14.9726 16.5385 390.2164 79.8228 23.4362 30.7066 32.201 136.6027 15.1285;
	0.5051 6.8255 35.743 26.4281 4.11 2.6922 4.6449 6.8852 2.6085 5.1656 9.5485 14.2446 21.4451 4.007 65.3595 24.6238 30.5517 32.3757 18.1668 44.3403 1.5483 6.2818 12.0726 35.9304 31.8378 58.9193 4.5786 17.6445 5.1543 5.1543 69.5533 0.2318 60.5559 114.132 12.5626 2.1991 7.387 18.5947 214.4352 85.2799 8.1704 29.8653 11.4924 107.6425 7.464;
	0.6193 8.3684 27.5983 22.9863 4.1274 1.5221 4.6186 5.6645 4.1679 1.4757 2.7278 4.0693 6.1264 2.426 14.3678 5.413 6.7161 7.1171 0.9885 14.1097 1.5395 3.5517 3.8112 30.6237 24.7344 49.7999 4.3412 6.0536 3.2508 3.2508 6.8756 0.0 3.2948 36.3185 7.6059 1.387 1.3328 0.9976 375.8349 66.2528 0.3079 16.8857 29.5245 76.8262 1.3466;
	0.6529 8.8219 29.8585 25.3959 7.9947 1.2509 2.6684 4.3907 15.0218 1.76 3.2533 4.8532 7.3065 9.9625 4.5535 1.7155 2.1285 2.2556 0.7332 7.9063 0.8895 2.9187 11.1129 30.7538 27.7415 41.9895 2.9002 29.9132 33.5367 33.5367 20.8451 0.0 2.4439 20.3508 31.2339 14.309 3.2778 1.7465 354.6173 74.3077 0.0039 13.8764 51.288 90.5687 3.3119;
	0.8028 10.8471 35.1366 0.0036 11.3572 1.3367 12.1607 2.5658 25.5802 10.3485 19.129 28.5367 42.9619 7.5484 4.2719 1.6094 1.9969 2.1161 2.5604 8.8424 4.0536 3.119 30.943 30.5254 39.574 31.5574 0.8606 52.5259 80.9807 80.9807 26.4657 0.0 8.5346 22.7604 23.6652 34.5517 53.7741 1.3755 432.7798 106.0018 0.0262 14.8286 6.2624 90.5854 54.3342;
	1.2318 16.6442 49.4486 0.0 13.0142 0.0 4.5617 0.0172 4.4371 7.2666 13.4322 20.0381 30.1673 3.7755 14.7981 5.5751 6.9173 7.3302 4.6029 8.0207 1.5206 0.0 52.1283 47.8703 0.0387 41.3964 0.2474 106.956 122.8907 122.8907 47.0103 0.0003 15.3429 20.6452 11.8367 52.4333 107.8685 0.0336 290.9289 0.1036 3.6021 0.0 0.0 116.672 108.9922;
	2.2168 29.9544 76.9503 0.0 13.9537 0.0706 12.6588 0.0 19.3544 25.3007 46.7679 69.7685 105.0361 7.8363 3.9176 1.4759 1.8313 1.9406 11.1532 7.1883 4.2196 0.1647 35.5523 61.7968 66.3199 46.6082 0.1154 143.3854 178.4405 178.4405 112.8035 2.1085 37.1774 18.5027 24.5679 76.1346 168.5522 1.0541 433.6445 177.6425 5.3173 0.7832 108.4519 163.8182 170.3079;
	1.4994 20.2599 0.0 0.0 12.9557 15.0545 6.4069 0.0 9.7719 9.7206 17.9684 26.8052 40.3551 7.4938 3.7576 1.4157 1.7565 1.8613 12.9177 8.1163 2.1356 35.1271 47.6815 0.0 0.0 23.3346 0.0 150.9027 215.5273 215.5273 15.0817 3.4708 43.0591 20.8915 23.494 91.9583 180.2324 6.5398 277.8346 0.0 1.6602 167.0042 77.3546 120.9209 182.1099;
	2.0199 27.2936 0.0 0.0 8.0233 0.0 1.6765 0.0 5.861 3.7517 6.935 10.3456 15.5752 15.9601 0.1763 0.0664 0.0824 0.0874 4.3097 0.7323 0.5588 0.0 31.3629 0.0 0.0 0.0 0.0026 253.336 275.7227 275.7227 86.4653 5.5359 14.3658 1.8848 50.037 117.6417 255.2679 11.8401 276.4073 0.0 3.1507 0.0 74.2842 93.2484 257.927;
	2.9014 39.2041 78.8965 0.0 12.8237 0.0062 0.5182 0.0136 4.8098 2.6461 4.8912 7.2967 10.9852 11.2716 25.4617 9.5926 11.9019 12.6124 23.6259 6.5146 0.1727 0.0144 49.1826 0.0 0.0 0.0 0.3498 365.3988 292.2866 292.2866 159.8143 4.4329 78.7529 16.7687 35.338 124.7089 305.2927 37.4216 331.5292 0.0 5.258 0.0683 3.3897 172.8674 308.4729;
	3.2893 44.446 0.0001 0.0 13.9668 0.1302 3.2199 0.0024 8.7364 0.5352 0.9894 1.476 2.222 3.5155 1.4968 0.5639 0.6997 0.7415 0.3181 0.3814 1.0733 0.3037 4.5848 0.0 0.0653 0.0 0.0134 389.169 394.5414 394.5414 179.1546 18.6891 1.0604 0.9817 11.0215 168.3377 475.4809 73.1815 207.5047 0.1749 16.1111 1.4439 140.6458 216.9444 480.4338;
	2.72 36.7529 16.8156 0.0044 14.234 18.3337 1.1808 1.2325 13.1108 4.5821 8.4699 12.6354 19.0225 10.7955 1.2014 0.4526 0.5616 0.5951 0.7216 0.1084 0.3936 42.7786 17.1011 11.4167 14.1826 1.3024 0.5663 580.4118 527.8751 527.8751 319.9399 28.1529 2.4052 0.279 33.8453 225.2267 587.6784 93.8782 84.185 37.989 65.5945 203.3817 120.1501 230.0765 593.8;
	3.0471 41.1735 88.1888 5.666 15.0623 24.9405 0.4966 7.1629 4.8717 8.5611 15.8251 23.6079 35.5416 7.7642 15.5593 5.8619 7.2731 7.7073 6.7041 36.9617 0.1655 58.1945 31.3992 48.7845 52.3596 63.5265 6.5044 804.9943 472.1046 472.1046 363.5884 44.7919 22.3471 95.1395 24.3418 201.4313 645.5136 79.7908 29.0356 140.2488 85.6985 276.6732 116.8686 231.2622 652.2377;
	2.9879 40.3734 27.7616 5.5257 14.9706 1.3267 17.4602 8.3199 26.1173 21.6656 40.0486 59.7447 89.9453 10.1885 9.7515 3.6738 4.5582 4.8304 11.115 19.9896 5.8201 3.0955 59.3244 47.4174 65.9845 55.1843 4.8605 760.6851 444.5672 444.5672 326.6956 43.2457 37.0499 51.4533 31.9422 189.682 578.5494 82.26 12.8951 176.7442 66.3063 14.717 114.194 199.8853 584.576;
