function loadprofile = ex_load_profilesh1
%EX_LOAD_PROFILE  Example load profile data file for stochastic unit commitment.
% 2022.03.12
% Andres F. Ramirez

%% define constants
[CT_LABEL, CT_PROB, CT_TABLE, CT_TBUS, CT_TGEN, CT_TBRCH, CT_TAREABUS, ...
    CT_TAREAGEN, CT_TAREABRCH, CT_ROW, CT_COL, CT_CHGTYPE, CT_REP, ...
    CT_REL, CT_ADD, CT_NEWVAL, CT_TLOAD, CT_TAREALOAD, CT_LOAD_ALL_PQ, ...
    CT_LOAD_FIX_PQ, CT_LOAD_DIS_PQ, CT_LOAD_ALL_P, CT_LOAD_FIX_P, ...
    CT_LOAD_DIS_P, CT_TGENCOST, CT_TAREAGENCOST, CT_MODCOST_F, ...
    CT_MODCOST_X] = idx_ct;

loadprofile = struct( ...
    'type', 'mpcData', ...
    'table', CT_TAREALOAD, ...
    'rows', [1:11], ...
    'col', CT_LOAD_ALL_P, ...
    'chgtype', 1, ...
    'values', [] );
loadprofile.values(:,1,:) = [
	1546.1 956.7171 1610.4422 591.0452 840.5 1208.9 909.3075 257.6 510.2039 4313.4133 1751.0;
	1597.0199 986.63 1666.7049 608.5721 876.8028 1259.4507 940.5338 265.6 506.4407 4492.1136 1790.5229;
	1615.6732 992.6439 1673.0138 593.4537 855.1961 1253.5396 928.8043 267.2 513.7525 4288.7443 1763.4817;
	1702.318 1082.3 1807.9984 613.1359 912.0827 1335.6672 975.6464 285.0432 525.9879 4609.8641 1892.6865;
	1846.3 1184.0637 1978.2908 628.0 1008.9951 1489.6085 1077.0545 324.4348 596.706 4853.4043 2123.6894;
	1946.1835 1256.1868 2046.4625 627.1176 1069.1528 1591.1496 1150.467 352.4 688.1994 5576.447 2304.6;
	1899.7 1248.6204 2023.7388 621.0 1080.6241 1548.153 1153.8 340.0211 694.9901 5666.9535 2294.2154;
	1912.3637 1263.4705 2049.9075 611.4283 1067.0447 1511.7229 1142.4632 329.292 693.8 5964.5505 2230.2199;
	1886.0 1238.7 2017.4674 584.0244 1049.1 1487.6367 1112.2744 333.8665 695.3976 6205.1143 2208.4124;
	1847.2 1228.2222 1941.8808 579.402 1030.3142 1457.8896 1090.6545 336.1765 688.1 6188.9977 2212.5283;
	1810.7935 1215.3112 1893.9786 566.7563 979.2326 1450.3737 1023.6932 319.22 680.1 5992.0 2134.372;
	1826.119 1208.4343 1858.5 556.2231 1009.683 1418.0949 1038.8 307.208 674.2941 6027.3 2137.0968;
	1786.4674 1198.1 1845.9078 550.8063 1022.8407 1401.0756 1060.2303 320.9887 673.9494 6115.78 2197.4853;
	1731.1902 1192.3 1804.7664 522.7912 1009.3808 1428.7645 1056.1373 323.8952 690.5023 6238.022 2211.8958;
	1683.1897 1171.6379 1808.8 514.9 978.1934 1427.3 1051.7 324.1052 677.3 6165.389 2212.5936;
	1693.7308 1189.4819 1844.6084 509.6132 1027.134 1454.6667 1072.7 326.1704 687.0004 6215.1461 2262.0115;
	1717.5915 1195.4428 1852.5626 536.5192 1033.4091 1497.6712 1121.3559 333.4177 731.3141 6216.3218 2392.7016;
	1739.3881 1208.4225 1919.1741 556.7022 1075.4794 1539.7165 1184.0076 364.8143 746.1083 6253.3335 2516.9207;
	1879.886 1264.7448 1972.1 568.0669 1060.3034 1565.8006 1288.454 384.2486 758.351 6274.7894 2663.954;
	1836.0223 1209.677 1883.9705 563.7295 993.3177 1507.858 1222.4335 367.1489 717.9 6070.162 2473.5046;
	1749.5861 1114.6 1757.5887 548.1659 961.9646 1393.3921 1128.6858 337.5887 668.9616 5645.9434 2284.2116;
	1627.2621 1009.927 1646.3074 534.2914 892.03 1267.1406 1033.0595 299.8 603.1 5112.5075 2080.6403;
	1556.985 936.0914 1600.7924 540.4 888.7657 1209.3776 960.2382 274.0811 531.0474 4808.4238 1914.3051;
	1529.8 904.8446 1553.1982 549.5602 872.1452 1182.1236 921.7032 247.5826 495.1321 4544.6011 1803.4706;
];
