function windprofile = ex_wind_profilesh1
%EX_WIND_PROFILE_D  Example wind_load_nyiso profile data for deterministic unit commitment.
% 2022.03.12
% Andres F. Ramirez


%% define constants
[GEN_BUS, PG, QG, QMAX, QMIN, VG, MBASE, GEN_STATUS, PMAX, PMIN, ...
    MU_PMAX, MU_PMIN, MU_QMAX, MU_QMIN, PC1, PC2, QC1MIN, QC1MAX, ...
    QC2MIN, QC2MAX, RAMP_AGC, RAMP_10, RAMP_30, RAMP_Q, APF] = idx_gen;
[CT_LABEL, CT_PROB, CT_TABLE, CT_TBUS, CT_TGEN, CT_TBRCH, CT_TAREABUS, ...
    CT_TAREAGEN, CT_TAREABRCH, CT_ROW, CT_COL, CT_CHGTYPE, CT_REP, ...
    CT_REL, CT_ADD, CT_NEWVAL, CT_TLOAD, CT_TAREALOAD, CT_LOAD_ALL_PQ, ...
    CT_LOAD_FIX_PQ, CT_LOAD_DIS_PQ, CT_LOAD_ALL_P, CT_LOAD_FIX_P, ...
    CT_LOAD_DIS_P, CT_TGENCOST, CT_TAREAGENCOST, CT_MODCOST_F, ...
    CT_MODCOST_X] = idx_ct;

windprofile = struct( ...
    'type', 'mpcData', ...
    'table', CT_TGEN, ...
    'rows', [1:45], ...
    'col', PMAX, ...
    'chgtype', 1, ...
    'values', [] );
windprofile.values(:,1,:) = [
	0.7372 9.9616 56.4765 58.4942 6.8382 0.8159 0.5785 8.53 8.2821 21.2027 39.1928 58.468 88.0233 5.9038 149.8953 56.4722 70.0673 74.2505 80.529 72.7599 0.1928 1.9037 70.2291 72.4176 48.8228 48.3922 4.7024 80.427 317.1562 317.1562 236.2296 49.4712 268.4298 187.2841 18.5093 135.32 355.5562 94.7016 0.0 130.7754 56.3545 9.051 0.0263 66.592 359.2599;
	0.46 6.2154 53.0696 54.5343 6.0402 0.9421 0.405 10.3551 1.0538 12.5663 23.2287 34.6526 52.1693 2.7936 111.5236 42.0159 52.1308 55.2431 70.3016 70.2623 0.135 2.1982 31.8867 72.4439 50.547 46.6571 6.3321 45.6435 226.2717 226.2717 162.1413 34.007 234.3388 180.8553 8.7582 96.5426 279.0772 100.7143 0.0 135.3938 71.1578 10.4509 0.3349 81.161 281.9843;
	0.2937 3.9688 65.8627 66.4345 5.6778 0.5428 2.3772 10.4914 2.8489 10.9654 20.2694 30.238 45.5232 9.2646 64.6758 24.3662 30.2322 32.0371 60.032 68.1364 0.7924 1.2665 26.5594 80.5182 55.882 54.9397 6.2103 0.0 18.6641 18.6641 69.7756 19.3475 200.1067 175.3834 29.0459 7.9634 161.5031 50.2723 18.0473 149.684 70.8334 6.0213 7.4404 95.5147 163.1854;
	0.3836 5.1835 70.2237 75.5764 7.8977 0.2109 1.0618 13.0911 1.0578 16.6095 30.7023 45.8019 68.9544 16.7253 89.451 33.7001 41.8131 44.3094 47.2088 69.4379 0.3539 0.4921 46.6698 81.8563 65.5997 67.8629 7.7519 0.0 26.6379 26.6379 63.7305 23.2895 157.3626 178.7333 52.4362 11.3655 6.5046 46.6549 7.7182 175.7136 70.8343 2.3398 7.6202 126.4953 6.5723;
	0.4213 5.6932 79.6011 74.4121 9.0924 0.1154 0.3498 12.3107 0.4585 15.8242 29.2508 43.6365 65.6945 6.9147 120.4677 45.3855 56.3117 59.6736 56.2812 70.185 0.1166 0.2693 42.6738 80.6032 75.9581 68.6969 8.0902 0.0 6.4216 6.4216 62.3042 12.2009 187.604 180.6564 21.6784 2.7399 16.0503 47.8424 0.0 203.4591 66.1525 1.2801 0.6472 126.617 16.2175;
	0.206 2.7833 74.8555 59.3949 8.4403 3.4911 0.0 10.684 0.0 9.1199 16.8581 25.1489 37.8616 14.0324 149.1861 56.205 69.7358 73.8992 78.9423 72.2399 0.0 8.1459 32.9307 72.8555 54.1387 66.9406 7.4784 17.4322 23.0477 23.0477 128.8017 13.0042 263.1411 185.9458 43.9935 9.8337 23.1477 65.9249 0.0 145.0144 43.0299 38.7279 21.9917 108.1443 23.3888;
	0.3089 4.1735 53.7329 38.6954 8.2272 2.492 2.0858 7.5433 1.1558 7.1593 13.2339 19.7424 29.722 0.8686 123.488 46.5234 57.7235 61.1696 59.9594 71.5444 0.6953 5.8148 22.026 50.8563 34.2724 60.4501 4.2937 21.9788 19.9936 19.9936 161.6775 9.4509 199.8647 184.1554 2.7231 8.5306 9.588 29.1856 0.0 91.8012 25.449 27.6451 28.5731 89.3007 9.6878;
	0.4843 6.5435 35.3483 28.4145 3.632 2.9751 3.9805 7.1251 1.8754 4.97 9.187 13.7052 20.6332 0.8157 66.5275 25.0639 31.0978 32.9543 18.6569 47.0975 1.3268 6.942 13.2439 36.1257 35.9678 61.2303 4.7367 17.6191 16.254 16.254 110.8458 14.733 62.1895 121.2292 2.5575 6.9351 23.4028 32.1164 0.0 96.3422 11.1951 33.0042 0.1017 95.0162 23.6466;
	0.5502 7.4346 30.7383 27.802 3.684 5.819 0.08 5.8893 0.3849 4.9532 9.1559 13.6587 20.5631 3.9197 21.5748 8.1282 10.0849 10.687 34.9089 20.1167 0.0267 13.5776 8.4078 37.4719 33.0886 51.4353 4.642 21.9946 34.3713 34.3713 339.9425 2.5755 116.363 51.7805 12.2889 14.6651 33.6232 56.269 0.0 88.6302 5.04 64.5517 1.4549 69.4806 33.9734;
	0.4692 6.34 33.685 26.5776 6.3434 0.5896 0.0 4.9233 0.8235 2.6851 4.9633 7.4043 11.1471 5.6924 11.4423 4.3108 5.3486 5.6679 3.6433 13.7639 0.0 1.3757 13.1905 39.0877 34.2734 44.7581 3.6119 35.9507 38.8502 38.8502 132.6225 3.9922 12.1444 35.4284 17.8465 16.5761 12.3967 48.5653 0.0 91.8038 26.843 6.5404 34.2809 84.2565 12.5259;
	0.6667 9.0093 44.559 11.4306 8.7457 4.3736 0.0 3.7956 8.7466 2.2968 4.2455 6.3335 9.5351 28.1561 52.3976 19.7405 24.4928 25.9551 16.568 11.2538 0.0 10.205 35.503 40.9898 46.2536 48.3864 1.5162 61.8778 70.2853 70.2853 189.7574 8.3691 55.2265 28.9674 88.273 29.9884 52.6292 64.0568 0.0 123.8936 72.9452 48.5176 0.0 95.8808 53.1774;
	0.1075 1.4523 62.1622 3.7238 10.8378 0.122 0.0 0.473 0.934 0.0002 0.0003 0.0004 0.0007 4.8898 38.025 14.3257 17.7745 18.8357 0.3633 8.7139 0.0 0.2847 51.7713 52.7534 9.3003 43.0546 1.0541 134.4925 96.3369 96.3369 90.5093 2.4898 1.2112 22.4296 15.3302 41.1038 92.5331 18.4365 0.0 24.9116 64.2271 1.3537 0.0 122.8586 93.4969;
	1.617 21.8491 79.5575 0.0624 11.4711 2.1929 0.0 2.4326 0.0269 21.625 39.9734 59.6325 89.7763 6.6737 10.6632 4.0173 4.9844 5.282 0.0 5.4397 0.0 5.1168 29.6615 64.3094 69.662 50.014 1.6789 207.2176 167.4877 167.4877 52.0763 8.1064 0.0 14.0018 20.9229 71.4614 164.3216 15.3505 0.0 186.5946 46.0487 24.3266 97.0492 157.2249 166.0332;
	1.317 17.7961 3.2341 0.0 12.1507 19.2284 1.716 1.3958 3.805 15.0452 27.8109 41.4884 62.4605 20.8257 67.1399 25.2946 31.384 33.2577 0.0102 9.2855 0.572 44.8663 48.8507 0.0 0.7484 25.4746 0.132 204.0092 227.505 227.505 267.9353 19.7211 0.0341 23.9009 65.2914 97.0688 191.7336 60.0569 0.2462 2.0048 18.5711 213.307 78.1862 129.7524 193.7308;
	1.6949 22.9013 0.3421 0.0 6.2867 0.0997 0.0 1.3109 0.1407 5.4042 9.9896 14.9026 22.4357 5.3944 77.0189 29.0164 36.0019 38.1512 0.0015 4.2062 0.0 0.2327 30.293 0.1618 2.4311 0.8819 0.8395 274.645 264.2085 264.2085 113.2853 10.1231 0.005 10.8269 16.9121 112.729 252.2528 117.8799 0.0 6.5119 32.3318 1.1065 73.5725 100.7819 254.8804;
	2.4195 32.6928 80.1939 0.0 11.4464 0.1554 0.0 1.441 0.0 11.0095 20.3508 30.3594 45.7059 3.1231 6.5051 2.4508 3.0408 3.2223 2.1157 4.0785 0.0 0.3627 48.0503 3.1101 13.6767 0.3571 1.0486 391.0382 290.045 290.045 192.2793 15.1924 7.0522 10.4982 9.7915 123.7525 304.306 50.6562 0.0 36.6341 38.304 1.7242 0.0 164.936 307.4758;
	3.2358 43.7233 4.2096 12.0046 13.9775 2.3922 2.3411 8.4212 3.2079 16.5037 30.5069 45.5102 68.5154 5.4326 14.4971 5.4617 6.7765 7.1811 26.1592 1.4453 0.7804 5.5817 14.8739 17.3439 35.5099 12.9214 3.8883 385.9032 399.8413 399.8413 206.3588 31.4692 87.1974 3.7201 17.0319 170.5989 462.5558 88.8741 23.3842 95.1159 8.0371 26.537 136.2732 213.0256 467.3741;
	2.6734 36.1237 0.7965 4.676 13.9188 18.5873 0.5279 2.7948 1.3415 8.4945 15.702 23.4243 35.2651 16.3675 4.2948 1.6181 2.0076 2.1274 11.1464 1.6306 0.176 43.3705 16.2443 1.5943 8.3683 0.8218 2.7577 520.9038 518.3864 518.3864 340.8316 36.1406 37.1545 4.1972 51.3143 221.1782 569.1819 108.7155 38.6594 22.4152 11.7772 206.1956 106.4703 209.5437 575.1108;
	2.9487 39.8438 85.5212 23.8566 14.1135 25.9159 0.0008 3.766 0.0 9.4416 17.4527 26.036 39.197 8.2866 33.4211 12.5912 15.6224 16.5551 43.271 39.8141 0.0003 60.4703 30.2517 4.4285 22.8251 51.2922 2.0578 731.1568 481.0714 481.0714 367.652 41.6826 144.2366 102.4815 25.9797 205.2571 623.2576 78.9598 2.4445 61.1388 2.1192 287.4932 102.2578 192.2808 629.7499;
	2.8588 38.6281 11.9668 0.6958 12.5524 1.0797 17.6074 1.4355 24.4284 23.1171 42.7316 63.7472 95.971 11.0601 11.2994 4.257 5.2818 5.5971 0.6633 18.6266 5.8691 2.5193 57.584 1.3751 4.1213 40.1503 2.9029 768.7442 447.5031 447.5031 331.7748 42.2277 2.2109 47.945 34.675 190.9346 584.8509 78.7657 3.594 11.0391 0.0278 11.9774 99.3474 171.4994 590.9431;
