function solarprofile = ex_solar_profilesh1
%EX_WIND_PROFILE_D  Example wind_load_nyiso profile data for deterministic unit commitment.
% 2022.03.12
% Andres F. Ramirez


%% define constants
[GEN_BUS, PG, QG, QMAX, QMIN, VG, MBASE, GEN_STATUS, PMAX, PMIN, ...
    MU_PMAX, MU_PMIN, MU_QMAX, MU_QMIN, PC1, PC2, QC1MIN, QC1MAX, ...
    QC2MIN, QC2MAX, RAMP_AGC, RAMP_10, RAMP_30, RAMP_Q, APF] = idx_gen;
[CT_LABEL, CT_PROB, CT_TABLE, CT_TBUS, CT_TGEN, CT_TBRCH, CT_TAREABUS, ...
    CT_TAREAGEN, CT_TAREABRCH, CT_ROW, CT_COL, CT_CHGTYPE, CT_REP, ...
    CT_REL, CT_ADD, CT_NEWVAL, CT_TLOAD, CT_TAREALOAD, CT_LOAD_ALL_PQ, ...
    CT_LOAD_FIX_PQ, CT_LOAD_DIS_PQ, CT_LOAD_ALL_P, CT_LOAD_FIX_P, ...
    CT_LOAD_DIS_P, CT_TGENCOST, CT_TAREAGENCOST, CT_MODCOST_F, ...
    CT_MODCOST_X] = idx_ct;

solarprofile = struct( ...
    'type', 'mpcData', ...
    'table', CT_TGEN, ...
    'rows', [1:12], ...
    'col', PMAX, ...
    'chgtype', 1, ...
    'values', [] );
solarprofile.values(:,1,:) = [
	0.0 0.0 0.0 0.0 0.0 0.0 0.0 0.0 0.0 0.0 0.0 0.0;
	0.0 0.0 0.0 0.0 0.0 0.0 0.0 0.0 0.0 0.0 0.0 0.0;
	0.0 0.0 0.0 0.0 0.0 0.0 0.0 0.0 0.0 0.0 0.0 0.0;
	0.0 0.0 0.0 0.0 0.0 0.0 0.0 0.0 0.0 0.0 0.0 0.0;
	0.0 0.0 0.0 0.0 0.0 0.0 0.0 0.0 0.0 0.0 0.0 0.0;
	0.4731 0.4018 0.4224 0.0 0.0 0.0 0.0 0.2 0.0 0.0 0.0 0.0;
	4.8832 6.6209 4.9075 3.3187 2.1142 289.3689 36.1711 43.9953 164.4055 97.1929 13.5785 176.0169;
	18.4144 14.0637 12.5094 6.7738 6.0572 437.318 54.6647 62.8615 258.3554 183.9163 30.9382 333.0736;
	23.5813 16.6083 13.8506 8.7711 8.3928 445.9722 55.7465 59.343 270.1013 131.908 36.8566 238.8862;
	24.1386 16.1547 13.6408 5.6506 6.6265 248.7073 31.0884 24.0349 223.9728 65.6097 35.2831 118.8195;
	24.3326 16.371 13.4969 6.6523 5.1694 215.6249 26.9531 30.5506 201.8681 71.2874 33.0488 129.102;
	22.0708 16.378 12.7828 6.6698 4.0905 223.1711 27.8964 38.097 172.2274 84.1725 32.6193 152.4369;
	9.8415 8.3989 7.8403 2.0725 4.6035 91.7856 11.4732 19.9451 89.1137 84.4351 33.7479 152.9125;
	8.9648 6.8008 7.9405 0.751 4.9007 78.7621 9.8453 20.0344 104.5193 74.6228 28.6811 135.1423;
	7.5554 6.2526 6.029 0.2451 4.3641 55.9469 6.9934 15.5897 122.8505 60.5565 21.8252 109.6682;
	3.132 2.5717 3.0025 0.0585 0.2945 7.5718 0.9465 2.9631 83.7092 21.8057 4.3667 39.4903;
	0.6257 0.4844 0.4816 0.3165 0.1105 5.4167 0.6771 1.1235 7.4545 13.983 1.941 25.3233;
	0.0 0.0 0.0 0.0 0.0 0.0 0.0 0.0 0.0 0.0 0.0 0.0;
	0.0 0.0 0.0 0.0 0.0 0.0 0.0 0.0 0.0 0.0 0.0 0.0;
	0.0 0.0 0.0 0.0 0.0 0.0 0.0 0.0 0.0 0.0 0.0 0.0;
	0.0 0.0 0.0 0.0 0.0 0.0 0.0 0.0 0.0 0.0 0.0 0.0;
	0.0 0.0 0.0 0.0 0.0 0.0 0.0 0.0 0.0 0.0 0.0 0.0;
	0.0 0.0 0.0 0.0 0.0 0.0 0.0 0.0 0.0 0.0 0.0 0.0;
	0.0 0.0 0.0 0.0 0.0 0.0 0.0 0.0 0.0 0.0 0.0 0.0;
];
