function windprofile = ex_wind_profilesh1
%EX_WIND_PROFILE_D  Example wind_load_nyiso profile data for deterministic unit commitment.
% 2022.03.12
% Andres F. Ramirez


%% define constants
[GEN_BUS, PG, QG, QMAX, QMIN, VG, MBASE, GEN_STATUS, PMAX, PMIN, ...
    MU_PMAX, MU_PMIN, MU_QMAX, MU_QMIN, PC1, PC2, QC1MIN, QC1MAX, ...
    QC2MIN, QC2MAX, RAMP_AGC, RAMP_10, RAMP_30, RAMP_Q, APF] = idx_gen;
[CT_LABEL, CT_PROB, CT_TABLE, CT_TBUS, CT_TGEN, CT_TBRCH, CT_TAREABUS, ...
    CT_TAREAGEN, CT_TAREABRCH, CT_ROW, CT_COL, CT_CHGTYPE, CT_REP, ...
    CT_REL, CT_ADD, CT_NEWVAL, CT_TLOAD, CT_TAREALOAD, CT_LOAD_ALL_PQ, ...
    CT_LOAD_FIX_PQ, CT_LOAD_DIS_PQ, CT_LOAD_ALL_P, CT_LOAD_FIX_P, ...
    CT_LOAD_DIS_P, CT_TGENCOST, CT_TAREAGENCOST, CT_MODCOST_F, ...
    CT_MODCOST_X] = idx_ct;

windprofile = struct( ...
    'type', 'mpcData', ...
    'table', CT_TGEN, ...
    'rows', [1:45], ...
    'col', PMAX, ...
    'chgtype', 1, ...
    'values', [] );
windprofile.values(:,1,:) = [
	0.7958 10.7532 54.7047 64.1152 7.6077 30.246 0.0 8.4711 1.4687 18.3893 33.9923 50.7099 76.3434 8.3878 144.1138 54.294 67.3648 71.3866 74.3053 70.3907 0.0 70.5741 61.7392 75.3056 48.3703 46.6875 4.2376 212.1218 357.1722 357.1722 237.081 42.2402 247.6842 181.1858 26.2969 152.3935 395.4143 90.674 14.5003 129.5632 63.289 335.5292 77.6084 73.659 399.5332;
	0.439 5.9321 48.6701 59.2442 6.2737 10.9363 0.0 9.4791 0.0318 6.5264 12.064 17.9971 27.0946 12.1765 128.8743 48.5527 60.2413 63.8377 70.1625 70.0805 0.0 25.5181 30.5481 66.0205 44.9163 39.0423 5.6754 100.689 239.7957 239.7957 157.2125 27.6373 233.8748 180.3874 38.1749 102.3128 310.1251 92.33 36.3128 120.3114 75.5187 121.3202 37.603 73.3653 313.3556;
	0.3281 4.4336 61.6152 67.9965 5.8802 25.9955 0.0761 11.0548 2.631 9.6601 17.8565 26.6384 40.1039 11.6091 88.5171 33.3483 41.3766 43.8469 56.9968 69.4371 0.0254 60.6562 31.3839 77.5253 52.2023 48.1447 6.4322 101.5763 79.2061 79.2061 29.7302 15.4419 189.9894 178.7314 36.3962 33.7946 175.7601 16.6749 172.0036 139.8275 66.7434 288.3767 55.2558 98.2232 177.5909;
	0.4368 5.9024 69.6237 79.0277 8.3442 19.1978 0.0 13.899 5.5429 16.3992 30.3136 45.222 68.0815 10.5216 104.682 39.4383 48.9328 51.8541 44.3702 69.6458 0.0 44.7948 56.1055 81.8526 61.2665 65.2968 7.7211 618.6948 167.1489 167.1489 54.6982 17.437 147.9007 179.2685 32.9866 71.3169 136.4421 4.7425 131.8953 164.1066 65.9958 212.9673 36.7907 148.5686 137.8634;
	0.5283 7.1384 82.1042 80.5999 9.7412 15.9144 1.4035 15.124 13.3989 16.9265 31.2884 46.6761 70.2706 6.153 137.076 51.6426 64.0751 67.9004 55.3915 69.5045 0.4678 37.1336 55.4907 86.3288 83.1363 69.2354 9.2898 513.3397 320.4849 320.4849 58.5222 10.0331 184.6383 178.9048 19.2905 136.7402 202.5572 11.6153 277.8717 222.6865 73.539 176.5438 47.2779 154.9703 204.6672;
	0.4809 6.4976 77.7862 61.5763 9.442 4.412 0.3347 12.9032 7.0552 9.5718 17.6934 26.3951 39.7376 3.1814 156.738 59.0501 73.2659 77.64 80.5385 72.748 0.1116 10.2947 41.0045 79.1572 56.7887 67.5772 7.9161 31.2853 50.2881 50.2881 4.3541 6.6018 268.4616 187.2535 9.9742 21.4562 14.6583 8.568 65.2039 152.1125 54.1835 48.9439 25.7739 144.0988 14.811;
	0.4744 6.4095 56.1791 45.1108 9.144 3.3664 4.1542 7.7473 7.8384 7.7546 14.3342 21.3838 32.1932 3.0629 125.7904 47.3908 58.7997 62.3101 63.5243 69.8347 1.3847 7.8549 27.3164 57.9005 35.5242 58.305 4.0119 38.8256 178.8974 178.8974 22.7099 0.4666 211.7478 179.7547 9.6027 76.3296 27.4909 28.4772 90.4745 95.1541 26.4326 37.3446 33.5274 135.7425 27.7773;
	0.4804 6.4908 35.5314 31.3259 3.7654 2.9078 4.7034 7.2339 3.2876 4.6956 8.6797 12.9484 19.4937 0.1459 64.2188 24.1941 30.0186 31.8107 17.5826 51.024 1.5678 6.7849 13.9233 37.8392 32.2068 58.5146 4.4655 7.838 46.8519 46.8519 7.2051 0.1567 58.6087 131.3359 0.4573 19.9901 20.3506 1.8211 27.1251 86.2681 10.9835 32.2573 10.4574 109.3232 20.5626;
	0.6275 8.4785 28.8451 29.0671 3.9931 3.4862 4.4098 5.8128 11.269 5.8194 10.7571 16.0475 24.1595 0.8363 13.1194 4.9427 6.1326 6.4987 3.241 17.0387 1.4699 8.1344 7.6269 34.8617 27.5649 51.62 4.314 39.0132 178.9793 178.9793 56.3836 0.3437 10.8033 43.8577 2.6218 76.3645 79.8288 5.8242 23.6731 73.8347 11.1488 38.6733 26.3605 77.0843 80.6604;
	0.6557 8.8596 31.4598 24.3833 7.6514 0.0001 0.0 4.5045 1.2297 2.9388 5.4324 8.104 12.2006 0.0175 3.0143 1.1356 1.409 1.4931 2.5874 11.2784 0.0 0.0002 11.8084 30.4927 27.5302 44.9115 2.2811 25.4738 48.634 48.634 24.7242 0.0869 8.6246 29.0305 0.0547 20.7505 23.7448 0.2539 0.0 73.7417 12.8473 0.0011 51.8783 90.6628 23.9922;
	0.8472 11.447 42.2916 0.0 10.7524 0.0 0.0593 3.3367 0.6514 1.5654 2.8936 4.3167 6.4988 0.1396 0.0 0.0 0.0 0.0 0.1709 2.1479 0.0198 0.0 28.9475 36.3489 41.1585 46.1845 0.4962 63.6795 68.57 68.57 1.4853 0.0 0.5697 5.5287 0.4377 29.2565 87.0818 0.0776 0.0 110.246 28.0796 0.0 1.31 95.3222 87.9889;
	1.5915 21.5049 65.8952 3.7053 13.9774 0.0 0.0 1.1811 2.842 0.0837 0.1547 0.2307 0.3474 1.2156 0.0 0.0 0.0 0.0 0.0018 3.5427 0.0 0.0 47.7193 54.384 6.5649 49.7056 0.0319 134.1266 96.8166 96.8166 0.0147 0.0 0.0059 9.119 3.8112 41.3084 125.5885 0.0 0.0 17.5845 35.4212 0.0 12.6359 132.5793 126.8967;
	2.3344 31.5428 85.1849 3.911 14.9008 0.091 3.923 0.4162 22.6871 25.0848 46.3689 69.1733 104.14 12.5386 4.812 1.8129 2.2493 2.3836 0.0279 8.6348 1.3077 0.2122 33.0855 65.3739 60.5616 49.7175 0.0 214.7207 157.7754 157.7754 0.0 1.2814 0.0928 22.226 39.3101 67.3175 181.3526 0.0 0.0 162.2184 8.5394 1.009 112.3582 170.9548 183.2417;
	1.9307 26.0886 16.8737 2.1163 14.0374 18.8443 5.4475 0.4612 17.8619 21.4377 39.6273 59.1161 88.9989 36.1428 2.6874 1.0125 1.2562 1.3312 3.4267 6.7911 1.8158 43.9701 48.1682 0.2729 0.0 30.1979 0.0038 166.4985 203.0376 203.0376 0.0 0.4304 11.4223 17.4803 113.3127 86.6294 181.8341 1.4177 23.3471 0.0 3.4298 209.0464 83.5892 134.6011 183.7282;
	2.4213 32.717 27.5533 14.0366 10.1178 4.2572 4.1883 1.6503 6.8262 12.1683 22.493 33.5551 50.517 41.8698 13.7846 5.1933 6.4435 6.8282 0.7052 1.172 1.3961 9.9336 33.8146 5.5951 0.9479 0.3292 0.4144 264.8959 282.4377 282.4377 87.7284 3.9287 2.3507 3.0167 131.2676 120.5068 266.7084 11.4496 56.7876 2.5389 15.6038 47.227 91.9973 102.7987 269.4866;
	3.3806 45.6795 89.3171 22.4889 14.378 1.2981 0.003 3.1705 2.535 12.7086 23.4916 35.0449 52.7599 16.2773 2.2027 0.8299 1.0296 1.0911 17.1457 3.1977 0.001 3.029 51.1239 10.4937 7.1978 0.9613 0.3576 347.4153 296.0813 296.0813 147.9183 0.7715 57.1522 8.2308 51.0315 126.328 293.9541 22.4423 2.3235 19.2799 8.7905 14.4005 56.0676 182.5662 297.0162;
	3.4403 46.4854 32.2596 15.9016 15.0313 0.0536 0.0207 0.0277 2.5615 12.8731 23.7958 35.4986 53.443 31.7203 51.5275 19.4127 24.0861 25.5241 53.4606 44.2212 0.0069 0.1251 12.2857 1.6063 0.5933 0.361 0.0012 329.6104 382.253 382.253 163.136 10.6726 178.2022 113.8256 99.4474 163.0946 438.7828 59.8669 0.5265 1.5893 1.2063 0.5949 139.2977 213.1991 443.3535;
	2.7587 37.2755 21.2102 4.1621 14.655 18.3085 0.8356 0.223 0.7163 8.9451 16.5348 24.6667 37.1355 39.9634 31.4966 11.8662 14.7228 15.6018 48.3983 57.2706 0.2785 42.7198 16.9739 0.384 2.9874 1.6931 0.1153 518.6767 485.5866 485.5866 310.501 30.0512 161.3277 147.4146 125.2907 207.1836 519.8301 84.456 4.1863 8.002 0.3402 203.1021 117.8318 226.6093 525.245;
	3.231 43.6577 86.3891 4.6528 14.827 25.3648 3.8408 0.7857 8.2817 9.1787 16.9667 25.311 38.1055 11.8221 100.8546 37.9964 47.1437 49.9582 72.2767 47.0765 1.2803 59.1845 31.5728 0.0595 2.9387 61.9729 0.1 744.6781 480.9018 480.9018 369.3081 42.972 240.9224 121.175 37.0638 205.1848 615.5706 71.7357 9.8538 7.8714 0.2605 281.3799 117.2753 205.8739 621.9828;
	2.8978 39.1551 1.8944 0.1404 14.1929 0.023 18.3622 2.3113 26.2197 21.6717 40.0598 59.7613 89.9703 58.6103 55.2191 20.8035 25.8117 27.3527 75.3431 23.1561 6.1207 0.0536 60.6706 0.0 0.4649 54.9924 0.7326 680.8081 429.9129 429.9129 342.6331 44.0493 251.1437 59.6038 183.7513 183.4295 555.535 77.3833 18.9453 1.2454 0.0961 0.2549 101.385 174.198 561.3218;
