function solarprofile = ex_solar_profilesh1
%EX_WIND_PROFILE_D  Example wind_load_nyiso profile data for deterministic unit commitment.
% 2022.03.12
% Andres F. Ramirez


%% define constants
[GEN_BUS, PG, QG, QMAX, QMIN, VG, MBASE, GEN_STATUS, PMAX, PMIN, ...
    MU_PMAX, MU_PMIN, MU_QMAX, MU_QMIN, PC1, PC2, QC1MIN, QC1MAX, ...
    QC2MIN, QC2MAX, RAMP_AGC, RAMP_10, RAMP_30, RAMP_Q, APF] = idx_gen;
[CT_LABEL, CT_PROB, CT_TABLE, CT_TBUS, CT_TGEN, CT_TBRCH, CT_TAREABUS, ...
    CT_TAREAGEN, CT_TAREABRCH, CT_ROW, CT_COL, CT_CHGTYPE, CT_REP, ...
    CT_REL, CT_ADD, CT_NEWVAL, CT_TLOAD, CT_TAREALOAD, CT_LOAD_ALL_PQ, ...
    CT_LOAD_FIX_PQ, CT_LOAD_DIS_PQ, CT_LOAD_ALL_P, CT_LOAD_FIX_P, ...
    CT_LOAD_DIS_P, CT_TGENCOST, CT_TAREAGENCOST, CT_MODCOST_F, ...
    CT_MODCOST_X] = idx_ct;

solarprofile = struct( ...
    'type', 'mpcData', ...
    'table', CT_TGEN, ...
    'rows', [1:12], ...
    'col', PMAX, ...
    'chgtype', 1, ...
    'values', [] );
solarprofile.values(:,1,:) = [
	0.0 0.0 0.0 0.0 0.0 0.0 0.0 0.0 0.0 0.0 0.0 0.0;
	0.0 0.0 0.0 0.0 0.0 0.0 0.0 0.0 0.0 0.0 0.0 0.0;
	0.0 0.0 0.0 0.0 0.0 0.0 0.0 0.0 0.0 0.0 0.0 0.0;
	0.0 0.0 0.0 0.0 0.0 0.0 0.0 0.0 0.0 0.0 0.0 0.0;
	0.0 0.0 0.0 0.0 0.0 0.0 0.0 0.0 0.0 0.0 0.0 0.0;
	0.481 0.4018 0.4277 0.0 0.0 0.0 0.0 0.2 0.0 0.0 0.0 0.0;
	3.4875 3.1332 5.3767 1.5279 3.557 153.2468 19.1559 17.8045 112.8584 16.9059 9.2254 30.6168;
	17.3391 12.8777 12.7431 1.9712 2.8395 316.6264 39.5783 46.8974 230.1124 29.3472 21.8783 53.148;
	23.2804 16.6083 13.9902 3.2476 1.1087 293.7995 36.7249 47.1915 244.3883 31.7129 30.9644 57.4323;
	24.7226 16.1547 13.8633 3.7433 0.2439 66.1487 8.2686 36.0704 141.9156 31.9271 9.4333 57.8201;
	24.7339 16.312 13.7627 6.6568 0.0158 60.5845 7.5731 40.7656 139.746 54.7699 16.6017 99.1886;
	22.3299 15.8364 13.6991 7.7553 0.2073 75.1616 9.3952 43.5406 140.2315 84.6046 37.0021 153.2195;
	13.2141 10.0254 9.6159 5.4697 0.9482 66.6371 8.3296 17.0498 77.0001 92.2149 50.6395 167.0018;
	13.2411 10.299 10.001 3.2334 0.5461 85.4864 10.6858 23.0679 72.7632 77.2173 37.648 139.8409;
	9.1145 7.2091 8.3734 1.9377 0.056 76.8749 9.6094 24.2613 43.8086 53.2759 17.6865 96.483;
	2.9531 2.4107 2.9607 0.9102 0.0 11.187 1.3984 21.5663 0.0 12.4278 0.612 22.5068;
	0.4517 0.3854 0.3567 0.4564 0.21 3.3887 0.4236 4.3493 2.2574 6.8342 4.1851 12.3768;
	0.0 0.0 0.0 0.0 0.0 0.0 0.0 0.0 0.0 0.0 0.0 0.0;
	0.0 0.0 0.0 0.0 0.0 0.0 0.0 0.0 0.0 0.0 0.0 0.0;
	0.0 0.0 0.0 0.0 0.0 0.0 0.0 0.0 0.0 0.0 0.0 0.0;
	0.0 0.0 0.0 0.0 0.0 0.0 0.0 0.0 0.0 0.0 0.0 0.0;
	0.0 0.0 0.0 0.0 0.0 0.0 0.0 0.0 0.0 0.0 0.0 0.0;
	0.0 0.0 0.0 0.0 0.0 0.0 0.0 0.0 0.0 0.0 0.0 0.0;
	0.0 0.0 0.0 0.0 0.0 0.0 0.0 0.0 0.0 0.0 0.0 0.0;
];
