function windprofile = ex_wind_profilesh1
%EX_WIND_PROFILE_D  Example wind_load_nyiso profile data for deterministic unit commitment.
% 2022.03.12
% Andres F. Ramirez


%% define constants
[GEN_BUS, PG, QG, QMAX, QMIN, VG, MBASE, GEN_STATUS, PMAX, PMIN, ...
    MU_PMAX, MU_PMIN, MU_QMAX, MU_QMIN, PC1, PC2, QC1MIN, QC1MAX, ...
    QC2MIN, QC2MAX, RAMP_AGC, RAMP_10, RAMP_30, RAMP_Q, APF] = idx_gen;
[CT_LABEL, CT_PROB, CT_TABLE, CT_TBUS, CT_TGEN, CT_TBRCH, CT_TAREABUS, ...
    CT_TAREAGEN, CT_TAREABRCH, CT_ROW, CT_COL, CT_CHGTYPE, CT_REP, ...
    CT_REL, CT_ADD, CT_NEWVAL, CT_TLOAD, CT_TAREALOAD, CT_LOAD_ALL_PQ, ...
    CT_LOAD_FIX_PQ, CT_LOAD_DIS_PQ, CT_LOAD_ALL_P, CT_LOAD_FIX_P, ...
    CT_LOAD_DIS_P, CT_TGENCOST, CT_TAREAGENCOST, CT_MODCOST_F, ...
    CT_MODCOST_X] = idx_ct;

windprofile = struct( ...
    'type', 'mpcData', ...
    'table', CT_TGEN, ...
    'rows', [1:45], ...
    'col', PMAX, ...
    'chgtype', 1, ...
    'values', [] );
windprofile.values(:,1,:) = [
	0.802 10.837 51.1031 60.0006 6.9316 1.58 6.6832 8.7479 2.2756 7.5373 13.9327 20.7848 31.2914 1.1891 140.1812 52.8124 65.5265 69.4386 78.0506 65.8811 2.2277 3.6867 45.3765 73.5048 48.4156 50.3345 4.4389 194.6339 347.2151 347.2151 238.1304 38.8481 260.1686 169.5781 3.7279 148.1451 395.5776 87.0296 201.6472 129.6847 69.4992 17.5277 1.2869 72.9844 399.6982;
	0.5549 7.4984 46.4089 59.4588 6.6318 0.9159 8.033 11.1029 7.519 6.8778 12.7136 18.9661 28.5534 4.6962 111.4483 41.9875 52.0956 55.2058 69.0302 66.7884 2.6777 2.137 20.6179 70.3952 49.5102 48.4472 6.0317 83.8628 244.3449 244.3449 166.5545 26.7471 230.1007 171.9135 14.7231 104.2538 294.2189 91.7255 167.9062 132.6167 75.427 10.1599 7.7005 88.4246 297.2836;
	0.4654 6.2885 61.4265 67.7532 6.1815 6.7952 3.9617 11.5319 15.7954 8.4318 15.5861 23.2514 35.0048 3.3422 63.7057 24.0007 29.7787 31.5565 55.7336 50.8659 1.3206 15.8554 23.8888 83.9158 59.6534 54.1829 6.2346 58.9331 95.3237 95.3237 54.6264 13.8297 185.7788 130.9288 10.4782 40.6715 168.8883 5.7297 185.3372 159.786 72.6256 75.3813 14.5478 102.2102 170.6476;
	0.4983 6.7325 67.5685 76.7372 8.9596 7.1014 2.905 13.858 19.9003 14.9593 27.6521 41.2515 62.1039 3.0964 83.9453 31.6259 39.2396 41.5822 38.4146 60.2647 0.9683 16.5699 45.4836 83.1957 65.4765 62.4329 7.9336 4.9788 34.6947 34.6947 12.2987 17.1445 128.0486 155.1214 9.7075 14.8031 1.926 2.2375 97.9681 175.3834 72.3026 78.7779 51.8738 142.8622 1.9461;
	0.5657 7.6437 77.8275 76.9415 10.3237 4.4806 3.894 13.4394 25.2893 15.2849 28.2539 42.1493 63.4555 1.824 116.3208 43.8232 54.3732 57.6194 33.7843 64.2181 1.298 10.4547 47.287 82.6006 75.3496 63.8375 8.7252 15.0545 56.6761 56.6761 3.8537 7.17 112.6143 165.2975 5.7185 24.1818 0.037 2.8916 82.6123 201.8293 70.7269 49.7045 50.1208 138.4803 0.0374;
	0.5855 7.9107 75.0565 64.6851 10.7162 4.4897 2.5546 10.8671 5.8505 8.675 16.0356 23.9219 36.0143 6.8498 148.7816 56.0526 69.5468 73.6988 72.1511 66.0958 0.8515 10.4759 33.2304 79.6821 51.9082 60.6815 7.8086 11.9213 69.4612 69.4612 17.3134 9.5064 240.5036 170.1308 21.4749 29.6368 0.0059 13.3097 117.3015 139.0399 57.0919 49.8056 30.9684 128.2502 0.006;
	0.5456 7.3725 56.71 40.0861 10.1517 3.0668 4.0629 6.7218 2.6197 6.7808 12.5342 18.6986 28.1507 5.7393 115.9248 43.674 54.1881 57.4232 43.3336 61.25 1.3543 7.1559 20.529 55.7497 33.4389 57.5106 3.76 22.7968 54.1995 54.1995 6.3833 0.1066 144.4452 157.6576 17.9935 23.1251 0.6548 1.0578 21.0556 89.5686 28.2766 34.0213 38.3358 127.6197 0.6616;
	0.4961 6.704 32.1625 26.2082 4.5592 2.9867 4.2535 6.6365 1.9084 2.3195 4.2876 6.3962 9.6295 0.0 39.0473 14.7108 18.2523 19.342 5.5944 33.2107 1.4178 6.9689 2.2711 34.1858 32.068 57.9797 4.3159 0.0 17.8915 17.8915 12.2751 0.0 18.648 85.4846 0.0 7.6337 0.213 0.9187 0.0 85.8963 6.9846 33.132 43.3077 99.8376 0.2152;
	0.6383 8.6254 27.2929 24.7251 4.796 3.2554 3.9557 5.3432 6.5948 0.0061 0.0114 0.0169 0.0255 4.4496 5.632 2.1218 2.6326 2.7898 0.0 2.8735 1.3186 7.596 0.9517 35.3923 28.8793 49.0054 4.197 0.0 33.0242 33.0242 4.8079 0.0 0.0 7.3963 13.9501 14.0903 0.0 0.3227 33.5428 77.3552 0.2877 36.1133 29.8651 71.5809 0.0;
	0.5786 7.8185 26.1169 25.7571 7.9926 1.8331 12.9387 3.9259 10.5828 0.0001 0.0002 0.0002 0.0003 0.1361 1.8214 0.6862 0.8514 0.9022 0.0038 0.0 4.3129 4.2773 5.7609 37.7237 30.9771 40.4953 3.0826 0.0 29.5525 29.5525 14.5463 0.0895 0.0128 0.0 0.4266 12.6091 0.0 0.0561 23.1178 82.9744 8.2035 20.3357 48.8396 74.2726 0.0;
	0.8391 11.3381 41.2663 27.9473 11.5164 5.3444 9.6837 3.9559 7.0782 1.4746 2.7257 4.0663 6.1218 1.0816 0.0 0.0 0.0 0.0 25.6304 2.3141 3.2279 12.4703 27.9417 44.1636 50.1551 50.6419 1.4904 43.6009 78.0967 78.0967 33.6448 0.2279 85.4348 5.9565 3.3911 33.3212 51.2597 1.9506 98.5551 134.344 14.1751 59.2874 24.9123 93.2069 51.7937;
	1.5916 21.5058 60.7117 15.438 13.9094 4.3539 11.5618 2.2427 10.3547 3.8572 7.1301 10.6367 16.0134 0.5479 0.8555 0.3223 0.3999 0.4238 0.0238 1.7869 3.8539 10.1591 50.8318 56.8044 30.2008 47.3737 1.8058 70.1279 101.9588 101.9588 7.4624 2.1204 0.0794 4.5994 1.7177 43.5024 100.2155 0.072 279.6045 80.8949 14.5772 48.2993 23.7018 114.5134 101.2594;
	2.1781 29.4305 71.7052 0.0 14.229 2.8495 8.5914 0.0042 3.947 24.884 45.9978 68.6196 103.3065 0.4996 2.879 1.0846 1.3458 1.4261 0.0 1.1718 2.8638 6.6488 32.9213 61.8556 67.1325 45.9043 0.1071 195.6783 171.8647 171.8647 42.1109 5.5412 0.0 3.0163 1.5662 73.3289 174.2262 6.2752 103.7374 179.8192 2.5825 31.6105 115.6926 137.845 176.0411;
	1.8114 24.4763 0.0 0.0 13.3814 18.0322 13.6427 0.0207 3.6674 3.1057 5.7408 8.5641 12.8933 3.3231 46.9145 17.6748 21.9298 23.2391 1.446 7.5027 4.5476 42.0752 44.5233 0.0073 5.9353 20.2843 0.2275 179.7639 215.1976 215.1976 102.0702 8.0547 4.8198 19.3119 10.4183 91.8176 199.6499 32.0679 197.0842 15.8982 1.1281 200.0374 81.6677 98.4168 201.7296;
	2.1413 28.9343 0.0 0.0 9.1907 1.1498 3.534 0.0 9.712 1.8678 3.4525 5.1505 7.754 3.4759 30.8646 11.6281 14.4274 15.2887 0.2309 0.0796 1.178 2.6829 29.364 0.0 1.1542 0.0 0.0533 261.1991 271.5792 271.5792 110.1812 7.584 0.7698 0.2049 10.8973 115.8738 258.8875 39.847 30.2669 3.0915 0.0087 12.7555 86.3778 80.0867 261.5843;
	3.1982 43.2146 81.6864 0.0028 14.1137 2.8668 16.766 0.0938 6.5218 0.202 0.3734 0.5571 0.8387 6.0312 2.9945 1.1282 1.3998 1.4833 0.0022 0.2079 5.5887 6.6892 46.8378 0.0057 3.1735 0.0 0.8701 410.5887 309.1636 309.1636 208.0314 13.1131 0.0072 0.535 18.9085 131.9098 355.2378 50.0578 157.3919 8.5004 0.0304 31.8023 22.6431 154.3204 358.9382;
	3.5513 47.9857 2.8412 0.1503 14.6975 5.2661 15.1968 0.2063 8.7711 4.8151 8.9006 13.278 19.99 2.2011 3.5835 1.3501 1.6751 1.7751 0.3253 2.7652 5.0656 12.2876 12.3467 0.8849 9.9724 0.0945 1.6669 364.1794 397.1339 397.1339 197.4583 26.2324 1.0845 7.1177 6.9009 169.4438 484.3529 76.9668 170.1298 26.7118 2.136 58.4187 145.7963 201.2351 489.3983;
	2.8736 38.8289 10.7019 12.1212 14.234 19.5369 3.1937 0.3912 2.9871 7.0324 12.9993 19.3924 29.1952 3.9137 5.8867 2.2178 2.7517 2.916 3.6245 10.1488 1.0646 45.5862 15.0734 8.136 7.9011 1.144 2.5654 529.0348 497.4744 497.4744 338.4719 36.7849 12.0817 26.123 12.2699 212.2557 564.6342 101.1264 50.0289 21.1637 0.01 216.7299 119.988 219.9454 570.5158;
	3.1784 42.9475 86.7395 11.3764 13.9722 23.6658 7.6509 1.2136 9.3641 8.4412 15.6034 23.2772 35.0438 6.9976 10.9182 4.1134 5.1036 5.4083 10.4337 44.967 2.5503 55.2203 28.5077 3.4984 5.123 59.8698 3.4705 749.888 455.6554 455.6554 366.1185 48.1399 34.7788 115.7453 21.9384 194.413 634.1885 81.9562 66.2715 13.7224 0.271 262.533 113.0327 211.2654 640.7946;
	3.0335 40.989 5.2996 7.3527 12.8839 0.0 18.2723 0.1948 26.3129 21.3676 39.4978 58.9229 88.7081 4.2738 22.5824 8.5078 10.5559 11.1862 14.6261 24.3051 6.0908 0.0 52.2482 0.5979 3.4256 44.6209 3.047 711.2142 447.8046 447.8046 336.5451 46.5849 48.7538 62.5614 13.3988 191.0633 549.9052 81.4096 0.0 9.1757 0.0249 0.0 114.2544 174.5806 555.6334;
