function windprofile = ex_wind_profilesh1
%EX_WIND_PROFILE_D  Example wind_load_nyiso profile data for deterministic unit commitment.
% 2022.03.12
% Andres F. Ramirez


%% define constants
[GEN_BUS, PG, QG, QMAX, QMIN, VG, MBASE, GEN_STATUS, PMAX, PMIN, ...
    MU_PMAX, MU_PMIN, MU_QMAX, MU_QMIN, PC1, PC2, QC1MIN, QC1MAX, ...
    QC2MIN, QC2MAX, RAMP_AGC, RAMP_10, RAMP_30, RAMP_Q, APF] = idx_gen;
[CT_LABEL, CT_PROB, CT_TABLE, CT_TBUS, CT_TGEN, CT_TBRCH, CT_TAREABUS, ...
    CT_TAREAGEN, CT_TAREABRCH, CT_ROW, CT_COL, CT_CHGTYPE, CT_REP, ...
    CT_REL, CT_ADD, CT_NEWVAL, CT_TLOAD, CT_TAREALOAD, CT_LOAD_ALL_PQ, ...
    CT_LOAD_FIX_PQ, CT_LOAD_DIS_PQ, CT_LOAD_ALL_P, CT_LOAD_FIX_P, ...
    CT_LOAD_DIS_P, CT_TGENCOST, CT_TAREAGENCOST, CT_MODCOST_F, ...
    CT_MODCOST_X] = idx_ct;

windprofile = struct( ...
    'type', 'mpcData', ...
    'table', CT_TGEN, ...
    'rows', [1:45], ...
    'col', PMAX, ...
    'chgtype', 1, ...
    'values', [] );
windprofile.values(:,1,:) = [
	0.7924 10.7067 56.5321 64.0826 7.6707 10.472 0.6831 7.4952 0.0069 17.3294 32.0332 47.7872 71.9433 2.6356 152.8632 57.5903 71.4547 75.7206 81.0761 69.7299 0.2277 24.4348 69.5272 77.2424 48.1126 42.9024 4.4653 195.0989 290.1637 290.1637 206.2208 42.4466 270.2536 179.485 8.2628 123.8032 389.9184 84.9065 2.3523 128.8731 63.8881 116.1699 3.674 87.6715 393.98;
	0.5183 7.0037 52.4257 60.996 5.1824 0.7053 0.0 9.6458 0.0 11.1689 20.6455 30.799 46.3678 0.1799 128.6139 48.4545 60.1195 63.7087 74.8473 69.046 0.0 1.6457 38.459 69.0442 49.5175 42.432 5.9521 78.3763 170.2128 170.2128 143.154 27.5494 249.4911 177.7246 0.5639 72.6241 289.1532 84.9008 3.218 132.6361 76.6527 7.824 0.6733 93.5637 292.1652;
	0.3384 4.5723 56.4529 64.3112 4.509 7.4617 0.0 9.2928 0.0 8.6327 15.9575 23.8054 35.8389 0.0061 93.6934 35.2984 43.7962 46.4109 66.5985 70.4917 0.0 17.4106 27.5365 68.6313 47.4403 44.4909 6.0054 33.527 0.1448 0.1448 7.6231 13.6628 221.9949 181.4458 0.0191 0.0618 164.2759 3.9785 0.0 127.0722 53.3048 82.775 17.8582 97.8454 165.9871;
	0.4956 6.6969 68.6171 76.9796 8.1027 18.6555 0.0 14.3999 0.0 15.1812 28.0622 41.8632 63.0249 0.5983 98.381 37.0645 45.9874 48.7329 48.2145 67.001 0.0 43.5295 51.3633 81.1513 63.7665 65.5033 8.0602 6.0278 0.0049 0.0049 11.289 17.5204 160.7151 172.4606 1.8759 0.0021 12.0704 10.6718 0.0 170.8032 66.944 206.9516 52.2312 148.2786 12.1961;
	0.5558 7.5103 79.9328 76.587 9.1155 10.4753 0.0 14.5065 0.0 15.6254 28.8832 43.0881 64.8689 4.4982 124.3195 46.8366 58.1121 61.5815 55.2954 67.251 0.0 24.4423 50.0754 83.6605 79.8762 70.3627 9.0266 27.9241 4.2724 4.2724 8.2282 6.872 184.3179 173.1044 14.1026 1.8229 52.0566 4.8881 0.03 213.9541 64.505 116.2055 23.7054 163.8215 52.5989;
	0.5579 7.5385 81.9793 65.3938 10.0176 4.605 0.0 13.0518 0.0 9.1652 16.9417 25.2736 38.0493 12.2047 153.0783 57.6714 71.5552 75.8272 81.2136 69.8258 0.0 10.7451 37.0554 83.7679 60.0672 71.8974 8.1899 25.762 6.8648 6.8648 8.1114 9.3102 270.7119 179.7317 38.2633 2.929 45.2172 5.0043 0.0 160.8944 52.9366 51.0851 27.0518 165.1954 45.6882;
	0.5679 7.6738 61.5904 42.7723 9.2776 3.7407 3.1189 8.8305 1.9182 7.3749 13.6323 20.3367 30.6168 5.2203 124.93 47.0667 58.3975 61.8839 67.699 66.7967 1.0396 8.7284 22.6461 61.2973 39.1547 68.7979 4.7987 27.1978 13.623 13.623 34.0387 2.2949 225.6634 171.935 16.3663 5.8125 51.6427 3.0017 0.0 104.8788 29.1141 41.4973 37.3456 150.4274 52.1807;
	0.5038 6.8071 33.0237 26.2189 3.3952 2.4744 3.7499 7.2674 2.1669 4.5362 8.3851 12.5089 18.832 2.5396 64.8751 24.4413 30.3253 32.1358 17.0994 44.9409 1.25 5.7737 10.0613 30.9519 32.2862 62.8438 4.454 9.031 0.0 0.0 0.9862 0.0343 56.9979 115.6781 7.9621 0.0 11.9064 0.0101 0.0 86.4809 9.5604 27.4499 16.4689 105.8723 12.0304;
	0.5257 7.1037 24.5045 19.3549 2.211 0.0 0.0 6.2069 0.0 1.923 3.5546 5.3028 7.9834 0.0 19.8086 7.4628 9.2594 9.8122 3.7976 17.0317 0.0 0.0 5.7305 28.1893 29.5075 55.0344 4.3376 0.0 0.0 0.0 0.039 0.0 12.6586 43.8396 0.0 0.0 0.0 0.1348 0.0 79.0381 1.6499 0.0 0.0009 75.1477 0.0;
	0.5311 7.1764 25.7593 16.9183 1.1299 0.0 0.0039 4.4248 0.5152 2.6173 4.838 7.2174 10.8658 0.4584 10.3932 3.9156 4.8582 5.1483 2.8544 11.6478 0.0013 0.0 11.6319 2.3166 26.8228 44.1621 2.9885 13.7417 20.4062 20.4062 0.0 0.0 9.5146 29.9814 1.4371 8.7067 0.0 0.0008 0.0484 71.8468 0.8818 0.0 45.7232 79.8399 0.0;
	0.7948 10.7401 42.1336 2.7288 10.2199 2.9457 0.3559 4.081 1.0893 4.293 7.9356 11.8384 17.8226 2.5151 13.5721 5.1132 6.3442 6.7229 7.2936 10.419 0.1186 6.8734 33.2149 34.2492 47.4928 52.3345 1.5287 66.0835 67.187 67.187 0.2433 0.1216 24.3119 26.8186 7.885 28.6665 57.4155 0.0052 0.1521 127.213 3.7501 32.6779 17.6844 95.3793 58.0136;
	1.5179 20.5104 62.153 8.8152 13.4434 0.912 0.0 2.0387 2.9557 7.4452 13.7624 20.5307 30.9089 1.4906 33.1955 12.5062 15.517 16.4434 0.6464 10.2933 0.0 2.1279 55.9996 46.7227 6.0372 48.739 0.6881 165.5919 97.8942 97.8942 0.9915 1.9775 2.1547 26.4951 4.6731 41.7682 114.1524 0.0037 0.0638 16.1711 7.3833 10.1167 26.6966 129.5651 115.3415;
	2.054 27.7546 79.5838 2.9982 14.3122 0.2711 0.4965 1.1301 11.9182 25.3348 46.8309 69.8625 105.1777 0.7207 71.3762 26.8906 33.3642 35.3561 7.189 9.794 0.1655 0.6325 38.9576 56.5269 67.5996 55.4517 0.9869 233.656 166.4615 166.4615 8.2717 1.245 23.9633 25.2099 2.2596 71.0236 168.3319 0.0272 2.2274 181.0702 20.2542 3.007 121.8218 179.4059 170.0854;
	1.6947 22.899 8.6571 5.5732 13.9497 18.0718 0.0058 1.4674 5.1721 5.831 10.7785 16.0793 24.2073 0.0 74.2725 27.9817 34.7181 36.7908 13.1779 9.2954 0.0019 42.1676 46.7399 5.3141 36.2992 38.0371 1.2862 186.2092 208.1652 208.1652 25.6015 4.0769 43.9265 23.9265 0.0 88.8171 171.4958 8.1787 20.4556 97.2299 2.9592 200.4767 90.4653 140.6073 173.2823;
	1.9113 25.8261 0.0 0.0 9.0323 0.0 0.0 1.8535 0.6007 0.7579 1.401 2.09 3.1465 5.8589 20.2675 7.6357 9.4739 10.0395 19.8528 0.5144 0.0 0.0 28.2607 17.6858 25.2719 58.3789 1.767 269.3745 259.7406 259.7406 86.8419 7.3025 66.176 1.324 18.3685 110.8226 257.744 11.7287 21.0352 67.6927 1.1368 0.0 86.3087 105.3011 260.4288;
	2.6637 35.9925 75.8085 0.0251 12.4599 0.0252 0.0441 1.0138 0.0 0.0623 0.1151 0.1718 0.2586 4.5498 6.9693 2.6256 3.2577 3.4522 12.7831 2.1063 0.0147 0.0587 38.5562 11.1008 4.5655 18.776 1.1304 386.2466 268.2383 268.2383 152.7277 9.2086 42.6105 5.4216 14.2643 114.4483 308.7215 35.4355 1.1941 12.229 2.8594 0.2791 19.8151 170.3724 311.9374;
	3.3117 44.7481 0.0 0.2447 14.1494 0.27 2.3524 0.7601 3.9186 0.0765 0.1414 0.2109 0.3175 6.1747 76.2831 28.7392 35.6579 37.7867 70.6686 30.885 0.7841 0.63 0.1721 9.1706 1.225 29.3456 0.6817 369.9562 368.8412 368.8412 179.7648 21.8365 235.562 79.4981 19.3584 157.3723 456.1013 69.6584 5.2226 3.2812 0.3047 2.9953 144.9475 231.8585 460.8524;
	2.5451 34.3897 0.0 0.0 14.013 17.1518 0.0 3.5302 0.1928 1.8809 3.4769 5.1868 7.8087 5.457 172.7742 65.0917 80.7619 85.5835 73.868 55.802 0.0 40.0208 14.717 7.2866 1.3899 57.1405 1.5022 540.2373 480.9245 480.9245 328.6191 26.402 246.2265 143.6345 17.1085 205.1944 549.0506 89.9877 0.1656 3.7229 0.0 190.2703 116.5984 235.2899 554.7699;
	2.8167 38.0591 81.8846 0.9242 14.1649 23.5046 0.4478 4.4144 1.1928 7.769 14.3608 21.4235 32.253 7.9073 172.5252 64.9979 80.6455 85.4601 20.6878 44.6085 0.1493 54.844 2.1252 5.2945 4.9102 65.2872 0.9805 759.0749 446.598 446.598 365.135 41.0381 68.9595 114.8224 24.7905 190.5485 599.0359 76.4355 59.0367 13.1524 0.1328 260.7441 110.5141 209.121 605.2759;
	2.7672 37.3914 0.0037 5.7994 13.9541 0.0 16.9305 0.2009 24.2841 21.6559 40.0306 59.7178 89.9049 4.5447 156.2627 58.8711 73.0437 77.4046 22.5094 24.5603 5.6435 0.0 51.9037 1.7731 0.7371 51.2829 0.0266 717.4154 418.0269 418.0269 320.1733 35.3546 75.0314 63.2182 14.2481 178.3582 533.0336 65.7775 4.7369 1.9744 0.0 0.0 104.1809 179.9171 538.5861;
