function loadprofile = ex_load_profilesh1
%EX_LOAD_PROFILE  Example load profile data file for stochastic unit commitment.
% 2022.03.12
% Andres F. Ramirez

%% define constants
[CT_LABEL, CT_PROB, CT_TABLE, CT_TBUS, CT_TGEN, CT_TBRCH, CT_TAREABUS, ...
    CT_TAREAGEN, CT_TAREABRCH, CT_ROW, CT_COL, CT_CHGTYPE, CT_REP, ...
    CT_REL, CT_ADD, CT_NEWVAL, CT_TLOAD, CT_TAREALOAD, CT_LOAD_ALL_PQ, ...
    CT_LOAD_FIX_PQ, CT_LOAD_DIS_PQ, CT_LOAD_ALL_P, CT_LOAD_FIX_P, ...
    CT_LOAD_DIS_P, CT_TGENCOST, CT_TAREAGENCOST, CT_MODCOST_F, ...
    CT_MODCOST_X] = idx_ct;

loadprofile = struct( ...
    'type', 'mpcData', ...
    'table', CT_TAREALOAD, ...
    'rows', [1:11], ...
    'col', CT_LOAD_ALL_P, ...
    'chgtype', 1, ...
    'values', [] );
loadprofile.values(:,1,:) = [
	1531.3049 958.8092 1568.9372 550.2737 828.9212 1193.0945 963.9416 248.484 540.3281 4662.5429 1817.9525;
	1505.4 960.8683 1608.5428 552.8377 829.8 1195.9388 946.6 256.8951 523.2 4575.8191 1786.2886;
	1509.071 952.412 1580.9595 561.0726 828.0813 1206.5989 957.1623 266.9016 540.2 4545.5875 1822.0795;
	1603.1789 1026.098 1713.1073 551.1766 885.5 1297.6158 1016.5942 281.7279 574.3 4817.2169 1989.1828;
	1771.2856 1140.0804 1919.3107 577.2224 992.5 1469.5 1121.8591 344.0301 650.6152 5368.8122 2210.8925;
	1885.8986 1192.6656 1963.8189 609.1 1031.6394 1531.4325 1197.7341 385.4 716.3 5900.9512 2352.3505;
	1863.4568 1189.9719 1985.0014 615.4 1043.1989 1498.6202 1215.4317 368.0528 719.6297 6193.213 2325.3622;
	1869.6611 1210.5446 2002.0393 588.8 1044.4394 1515.8962 1229.2137 363.2 720.6519 6372.1629 2326.4904;
	1835.0 1168.948 1927.7 556.7308 983.8542 1417.8812 1168.8187 343.8276 713.6251 6357.3584 2188.7757;
	1807.6 1135.0266 1905.8801 552.4003 986.3216 1374.7708 1155.091 335.6045 700.3248 6327.1206 2164.0553;
	1764.0885 1122.6086 1856.4889 557.5211 979.7445 1393.0134 1138.8786 339.8424 674.3732 6366.2309 2079.9413;
	1756.137 1087.3907 1781.1238 557.3088 906.6806 1307.7857 1116.2723 321.7434 654.6 6181.5197 1970.631;
	1803.8371 1116.9055 1795.5154 551.9157 909.9146 1323.2997 1120.6492 321.1674 644.6051 6237.9577 2086.513;
	1787.2706 1127.5727 1762.2167 530.8206 896.0672 1288.4895 1092.7903 324.0978 650.6392 6214.8507 2045.1657;
	1738.0223 1129.9157 1762.2183 529.159 901.5946 1360.2526 1129.3602 335.5722 676.2 6318.9818 2142.0148;
	1750.7406 1138.2355 1799.1012 511.8987 926.7 1400.9628 1174.4849 348.8 675.4838 6311.8565 2285.6351;
	1716.562 1141.1395 1842.2756 552.7733 910.1637 1424.0081 1149.7314 364.3 678.3694 6138.5829 2345.1728;
	1758.9526 1192.8143 1917.4904 545.1561 953.9649 1480.3973 1232.9016 398.7 720.6 6114.3453 2465.4814;
	1756.1162 1200.5 1927.2913 530.0683 982.3601 1475.2613 1271.4814 386.5384 732.6 5941.4846 2469.1277;
	1709.3126 1107.7256 1761.112 508.6997 908.6388 1395.0052 1210.7605 364.1948 702.2212 5716.2384 2321.0048;
	1676.9725 1036.5257 1656.7341 480.1733 873.1687 1317.3937 1152.2378 341.554 650.3967 5418.0099 2156.075;
	1584.1679 985.6699 1569.5049 475.6013 792.4014 1219.1454 1042.7163 307.9 580.2 4962.4608 1945.4425;
	1520.1297 970.405 1569.2165 526.5392 807.473 1178.7708 1064.8467 291.0448 558.5 4860.6933 1910.9031;
	1505.5453 949.4 1575.9822 510.2688 813.2366 1175.12 1023.512 287.8005 562.2938 4781.5994 1825.3053;
];
