function windprofile = ex_wind_profilesh1
%EX_WIND_PROFILE_D  Example wind_load_nyiso profile data for deterministic unit commitment.
% 2022.03.12
% Andres F. Ramirez


%% define constants
[GEN_BUS, PG, QG, QMAX, QMIN, VG, MBASE, GEN_STATUS, PMAX, PMIN, ...
    MU_PMAX, MU_PMIN, MU_QMAX, MU_QMIN, PC1, PC2, QC1MIN, QC1MAX, ...
    QC2MIN, QC2MAX, RAMP_AGC, RAMP_10, RAMP_30, RAMP_Q, APF] = idx_gen;
[CT_LABEL, CT_PROB, CT_TABLE, CT_TBUS, CT_TGEN, CT_TBRCH, CT_TAREABUS, ...
    CT_TAREAGEN, CT_TAREABRCH, CT_ROW, CT_COL, CT_CHGTYPE, CT_REP, ...
    CT_REL, CT_ADD, CT_NEWVAL, CT_TLOAD, CT_TAREALOAD, CT_LOAD_ALL_PQ, ...
    CT_LOAD_FIX_PQ, CT_LOAD_DIS_PQ, CT_LOAD_ALL_P, CT_LOAD_FIX_P, ...
    CT_LOAD_DIS_P, CT_TGENCOST, CT_TAREAGENCOST, CT_MODCOST_F, ...
    CT_MODCOST_X] = idx_ct;

windprofile = struct( ...
    'type', 'mpcData', ...
    'table', CT_TGEN, ...
    'rows', [1:45], ...
    'col', PMAX, ...
    'chgtype', 1, ...
    'values', [] );
windprofile.values(:,1,:) = [
	0.6623 8.9489 59.8072 61.388 7.2635 0.0 1.4868 8.1018 1.3946 19.8519 36.696 54.7432 82.4156 2.2052 148.0223 55.7665 69.1918 73.3227 75.0169 67.6273 0.4956 0.0 70.928 74.7077 48.4421 52.3564 4.4652 196.8546 322.9679 322.9679 215.7283 46.3356 250.0563 174.0728 6.9137 137.7997 408.2606 85.4266 134.0614 129.7555 59.8241 0.0 0.0623 72.5801 412.5133;
	0.4846 6.5474 53.5404 57.5858 6.068 0.0 0.4127 9.9734 1.0805 11.3434 20.9681 31.2803 47.0923 1.7702 111.7112 42.0865 52.2185 55.336 65.0986 67.1709 0.1376 0.0 36.5378 70.4194 49.0883 53.5909 6.0462 78.2964 197.4242 197.4242 136.5632 30.1583 216.9955 172.898 5.5499 84.2343 305.1084 87.5815 39.0341 131.4866 72.0181 0.0 0.0 88.4623 308.2867;
	0.3648 4.9299 59.0266 62.5027 4.7365 0.0 0.6724 10.9242 0.6091 9.4458 17.4604 26.0475 39.2143 3.5137 84.4278 31.8077 39.4651 41.8212 57.6809 68.1264 0.2241 0.0 29.6792 72.3707 52.4909 53.9414 6.6264 61.5564 5.5707 5.5707 12.0761 18.2522 192.2697 175.3574 11.0159 2.3768 184.463 22.6085 7.5323 140.6005 58.6471 0.0 0.0 101.4628 186.3845;
	0.449 6.0673 64.0322 63.6226 7.1944 0.0 0.2274 12.4239 0.6508 15.4921 28.6369 42.7207 64.3158 1.2306 90.6948 34.1688 42.3946 44.9256 29.2723 67.2403 0.0758 0.0 53.4831 74.231 54.5257 61.9721 7.3354 35.8319 7.633 7.633 13.4205 19.1805 97.5742 173.0767 3.858 3.2567 32.1224 4.701 8.4911 146.051 54.3961 0.0 0.0 136.2474 32.4571;
	0.4299 5.8092 74.1547 69.6402 7.8853 0.0 0.8436 11.6497 0.0898 15.7773 29.164 43.507 65.4995 0.3869 119.2089 44.9113 55.7232 59.05 48.4849 70.0636 0.2812 0.0 52.1506 75.7803 71.3713 65.105 7.3919 36.7494 2.3475 2.3475 9.1943 11.469 161.6162 180.344 1.2131 1.0016 26.147 6.0045 0.0036 191.1732 44.3131 0.0 0.0004 140.099 26.4193;
	0.5328 7.1996 75.4357 58.2571 8.9681 3.1613 11.6944 11.7412 7.3311 9.5343 17.6239 26.2914 39.5816 30.0327 139.7482 52.6493 65.3242 69.2241 77.2595 69.7111 3.8981 7.3763 38.1962 77.4144 57.1322 65.1521 7.8549 58.8475 72.0231 72.0231 124.6881 11.1325 257.5318 179.4365 94.1565 30.7298 92.5555 38.2498 45.2234 153.0326 31.7658 35.0691 23.779 151.0541 93.5196;
	0.5533 7.4759 56.9148 38.5652 9.0802 2.463 4.5478 7.4952 3.1121 8.2779 15.3016 22.827 34.3659 61.2733 128.7185 48.4939 60.1684 63.7606 64.8822 71.3878 1.5159 5.747 28.7217 55.0371 37.7264 63.3067 4.0645 51.3993 116.6736 116.6736 83.946 0.6476 216.2739 183.7524 192.1001 49.7807 80.1148 23.2198 116.8055 101.0529 25.1629 27.3228 31.6979 149.6876 80.9494;
	0.5778 7.8074 34.0229 27.1203 3.6886 2.5027 4.4571 6.2502 2.1758 5.4537 10.0811 15.039 22.6411 9.7824 61.8204 23.2905 28.8975 30.6227 15.9178 47.2699 1.4857 5.8397 13.1599 32.8707 33.7036 57.8082 4.1854 22.5861 27.7694 27.7694 68.347 8.1756 53.0592 121.6729 30.6692 11.8483 106.0967 28.7798 0.0 90.2775 0.0 27.7635 19.2752 112.7985 107.2018;
	0.6355 8.5875 25.3501 23.0328 3.3169 2.5218 1.5123 5.2657 2.659 10.883 20.1171 30.0108 45.1811 6.549 13.6055 5.1258 6.3598 6.7395 0.0829 16.4924 0.5041 5.8842 6.5658 20.1671 28.034 43.9121 4.3455 12.2343 46.9846 46.9846 160.9542 3.1948 0.2765 42.4515 20.532 20.0468 129.5257 56.8688 15.3136 75.091 0.0 27.9752 10.3292 80.3271 130.8749;
	0.6878 9.2931 29.6534 25.4695 7.8421 3.002 8.3094 4.4867 10.99 22.8645 42.2646 63.0505 94.9222 8.9304 9.8471 3.7098 4.603 4.8778 0.1544 13.5336 2.7698 7.0047 12.8371 28.2422 30.7197 45.878 3.2225 31.5981 48.0446 48.0446 170.2328 10.027 0.5146 34.8356 27.998 20.499 103.2408 42.1725 99.4279 82.285 0.0 33.3022 50.1575 100.0469 104.3162;
	0.9229 12.4706 41.7107 8.7341 11.2744 3.66 8.8497 3.8956 2.2213 14.5868 26.9635 40.2242 60.5573 7.1121 0.4302 0.1621 0.2011 0.2131 0.0 9.1218 2.9499 8.5401 33.3738 39.5686 47.2913 50.1677 1.5292 66.1972 69.2275 69.2275 86.3847 9.5212 0.0 23.4794 22.2973 29.5371 142.9759 6.768 0.0288 126.6732 0.0107 40.6021 0.9258 108.1881 144.4653;
	1.5903 21.488 63.0573 2.2717 13.1036 3.1465 9.496 2.894 2.4096 3.3216 6.1399 9.1595 13.7896 33.7216 0.0 0.0 0.0 0.0 0.0 6.462 3.1653 7.3417 52.7218 58.4803 51.5326 47.0713 1.4122 191.5247 108.4941 108.4941 69.1182 6.7873 0.0 16.6333 105.7217 46.2908 149.8943 26.0848 19.2088 138.0338 0.2968 34.9048 0.0 143.5876 151.4557;
	2.4505 33.1117 85.185 38.3597 14.5109 4.577 23.1091 6.6236 15.8704 25.1339 46.4596 69.3086 104.3437 51.3003 5.6682 2.1355 2.6496 2.8077 0.0 9.0349 7.703 10.6796 33.296 70.3448 78.2265 52.9161 2.3871 253.1486 173.9108 173.9108 44.2149 26.158 0.0 23.2558 160.8333 74.2019 211.0545 31.3944 63.2648 209.5353 0.0793 50.7738 106.8192 189.2792 213.253;
	1.8084 24.4349 3.5044 7.8658 13.6904 20.0503 8.6486 1.5279 4.5179 8.0597 14.8982 22.2252 33.4599 52.6128 0.969 0.3651 0.453 0.48 0.0 6.0221 2.8829 46.7839 45.9534 6.2022 42.4417 31.5113 0.421 239.9229 206.8503 206.8503 18.9562 16.2894 0.0 15.5009 164.9483 88.2561 210.6507 18.4492 2.9566 113.6831 0.0 222.4242 81.5406 140.5962 212.845;
	2.2901 30.9448 12.933 13.9935 9.8381 6.2069 5.9561 0.4967 7.3519 2.8598 5.2862 7.886 11.8723 4.5887 1.6489 0.6212 0.7708 0.8168 0.2975 0.0 1.9854 14.4827 28.0059 4.268 25.1128 1.0393 0.8235 308.9956 259.5757 259.5757 87.0465 9.8695 0.9916 0.0 14.3863 110.7523 283.9398 18.8657 0.0 67.2664 0.0 68.855 84.1589 110.4769 286.8975;
	3.1875 43.0695 83.5179 10.54 14.2281 5.0021 4.3561 0.8152 1.7665 10.6597 19.7042 29.3948 44.2537 9.1363 0.0202 0.0076 0.0095 0.01 9.9165 0.0114 1.452 11.6716 44.8514 3.9824 27.4362 3.443 1.5273 408.0216 269.103 269.103 164.7824 13.0781 33.0549 0.0293 28.6435 114.8173 336.9808 39.7268 0.0 73.4899 0.0 55.4902 5.7333 177.4155 340.491;
	3.39 45.8057 4.4644 11.2327 14.8186 3.3712 6.9511 1.6605 0.534 7.6575 14.1547 21.116 31.7901 0.1954 0.0 0.0 0.0 0.0 7.0253 0.0 2.317 7.8661 0.2895 2.7668 48.1711 3.4901 2.0703 397.7656 342.8282 342.8282 165.8963 22.891 23.4177 0.0 0.6127 146.2734 450.654 69.0479 0.0 129.0297 2.3674 37.3979 135.4328 226.0118 455.3484;
	2.6865 36.2998 1.0859 2.9081 14.2536 18.3624 5.9867 0.0204 1.1036 2.6477 4.8943 7.3013 10.9921 0.0 0.5744 0.2164 0.2685 0.2845 7.1213 0.7757 1.9956 42.8456 10.7101 0.4862 25.1131 1.8974 0.2033 584.1681 455.3131 455.3131 309.6798 30.0351 23.7377 1.9968 0.0 194.2669 550.4574 92.2715 15.1519 67.2673 14.2012 203.7002 110.6827 225.6875 556.1913;
	2.8683 38.7574 80.4936 0.6456 14.6657 25.0109 2.8682 0.0146 2.9544 7.8921 14.5884 21.763 32.7642 5.73 16.5809 6.2467 7.7506 8.2133 0.1262 38.9052 0.9561 58.3588 21.9031 6.1206 20.6165 62.6294 0.2255 824.3262 444.3278 444.3278 344.7091 37.9939 0.4205 100.1421 17.9644 189.5799 639.7352 71.3527 16.278 55.2229 2.041 277.4545 106.3495 202.9503 646.3991;
	2.6592 35.9311 0.0 0.1762 14.2731 0.1812 17.7529 0.2993 25.5774 21.2013 39.1903 58.4642 88.0176 3.3247 2.6945 1.0151 1.2595 1.3347 0.4604 16.7329 5.9176 0.4229 50.2485 0.5234 11.3747 58.636 1.1753 789.3866 409.0362 409.0362 298.189 39.3548 1.5347 43.0705 10.4233 174.5221 550.9432 70.3101 0.4234 30.468 5.7253 2.0105 105.4324 166.5625 556.6822;
