function loadprofile = ex_load_profilesh1
%EX_LOAD_PROFILE  Example load profile data file for stochastic unit commitment.
% 2022.03.12
% Andres F. Ramirez

%% define constants
[CT_LABEL, CT_PROB, CT_TABLE, CT_TBUS, CT_TGEN, CT_TBRCH, CT_TAREABUS, ...
    CT_TAREAGEN, CT_TAREABRCH, CT_ROW, CT_COL, CT_CHGTYPE, CT_REP, ...
    CT_REL, CT_ADD, CT_NEWVAL, CT_TLOAD, CT_TAREALOAD, CT_LOAD_ALL_PQ, ...
    CT_LOAD_FIX_PQ, CT_LOAD_DIS_PQ, CT_LOAD_ALL_P, CT_LOAD_FIX_P, ...
    CT_LOAD_DIS_P, CT_TGENCOST, CT_TAREAGENCOST, CT_MODCOST_F, ...
    CT_MODCOST_X] = idx_ct;

loadprofile = struct( ...
    'type', 'mpcData', ...
    'table', CT_TAREALOAD, ...
    'rows', [1:11], ...
    'col', CT_LOAD_ALL_P, ...
    'chgtype', 1, ...
    'values', [] );
loadprofile.values(:,1,:) = [
	1503.5034 968.4621 1607.5263 607.5412 756.1341 1079.2476 908.755 252.8141 543.9 4628.9417 1816.2821;
	1515.2575 980.3978 1643.2122 606.8862 804.4796 1112.6228 917.4 261.8 530.9541 4630.6376 1818.4544;
	1522.4855 1017.8521 1677.9024 614.1 827.4 1147.9665 935.2924 264.83 536.5 4671.1011 1840.684;
	1620.5645 1078.1817 1763.1308 626.0 885.4 1203.0031 976.8 284.935 566.501 4883.671 1938.2512;
	1785.3493 1208.5916 1968.8386 637.2782 987.8218 1372.7743 1078.4661 306.902 632.2171 5394.7879 2180.7726;
	1875.2 1254.6508 2046.2059 636.0 1000.8 1493.8 1135.8 307.6557 692.6067 5867.0818 2271.0792;
	1887.8566 1237.9829 2012.8328 613.881 1015.3995 1480.2506 1134.7321 305.9943 704.1 6154.0873 2284.0081;
	1850.5622 1236.2677 1999.5 618.6422 1004.0072 1421.5618 1100.987 306.0287 717.5 6282.092 2177.2619;
	1848.4 1245.8309 2008.1577 609.5333 992.6698 1348.3979 1065.5861 322.6161 726.5023 6354.2335 2118.116;
	1833.662 1263.9 1992.7629 613.2336 973.6966 1393.4873 1116.6749 334.4 745.0756 6388.2171 2191.1281;
	1801.7277 1249.2106 1966.0293 593.0985 968.3448 1367.79 1060.2249 316.7 701.305 6335.0911 2184.5752;
	1802.0856 1233.7604 1972.4 601.8 968.7216 1379.7075 1072.7428 307.4 697.0144 6252.1008 2136.9661;
	1789.8227 1219.0346 1947.5549 602.5558 976.9373 1377.7 1020.5086 289.6776 686.8842 6150.5222 2105.2408;
	1767.7921 1208.2814 1932.0046 615.668 964.0597 1379.5927 1021.6914 311.5868 696.2 6170.7115 2146.8475;
	1730.3312 1187.8666 1903.3766 615.4507 945.7759 1376.3994 1031.5617 318.3401 702.5396 6298.8719 2237.8089;
	1731.4742 1222.4971 1928.0846 614.7258 957.0519 1426.8546 1054.6626 322.3137 687.7874 6197.0914 2262.0658;
	1740.7 1240.7844 1993.8813 612.2 976.2149 1509.1 1101.5322 358.4 705.6 6152.9376 2354.9925;
	1765.5343 1277.2075 2045.5432 628.279 1023.5599 1580.6198 1171.659 364.372 746.8739 6202.322 2466.0402;
	1844.2834 1307.6552 2017.9682 629.2 1012.6876 1542.0873 1165.3665 360.8428 768.6678 6192.9944 2504.1862;
	1814.7663 1232.4625 1925.345 614.2 954.4597 1427.5617 1098.9 345.2831 703.8 5871.575 2332.6511;
	1721.3202 1135.7939 1792.1531 579.4 865.5988 1293.4122 1002.5545 301.7 642.5203 5551.8266 2123.526;
	1595.32 1038.8801 1681.7117 569.7 820.1945 1203.0138 929.6131 271.4308 589.1374 5163.656 1949.8087;
	1551.3773 1023.0564 1679.4229 586.4394 805.2045 1187.717 893.6 241.8915 522.6578 4910.0 1810.4;
	1496.3806 971.7232 1626.1 582.1577 765.0291 1125.7152 865.3562 213.7133 493.0966 4573.4112 1724.6322;
];
