function loadprofile = ex_load_profilesh1
%EX_LOAD_PROFILE  Example load profile data file for stochastic unit commitment.
% 2022.03.12
% Andres F. Ramirez

%% define constants
[CT_LABEL, CT_PROB, CT_TABLE, CT_TBUS, CT_TGEN, CT_TBRCH, CT_TAREABUS, ...
    CT_TAREAGEN, CT_TAREABRCH, CT_ROW, CT_COL, CT_CHGTYPE, CT_REP, ...
    CT_REL, CT_ADD, CT_NEWVAL, CT_TLOAD, CT_TAREALOAD, CT_LOAD_ALL_PQ, ...
    CT_LOAD_FIX_PQ, CT_LOAD_DIS_PQ, CT_LOAD_ALL_P, CT_LOAD_FIX_P, ...
    CT_LOAD_DIS_P, CT_TGENCOST, CT_TAREAGENCOST, CT_MODCOST_F, ...
    CT_MODCOST_X] = idx_ct;

loadprofile = struct( ...
    'type', 'mpcData', ...
    'table', CT_TAREALOAD, ...
    'rows', [1:11], ...
    'col', CT_LOAD_ALL_P, ...
    'chgtype', 1, ...
    'values', [] );
loadprofile.values(:,1,:) = [
	1559.4369 964.5674 1669.2248 597.0123 845.0953 1170.8222 918.1185 266.1002 538.1402 4623.6817 1769.9211;
	1553.4059 974.938 1664.1718 595.8454 834.1602 1157.3 903.0483 256.9046 517.7 4566.1942 1738.8044;
	1545.2297 988.0816 1679.4626 601.6489 862.9974 1201.1 918.9576 266.9669 535.7276 4592.9377 1754.3163;
	1628.9615 1056.3998 1784.1345 615.1019 920.0242 1278.9088 972.7647 277.1715 558.7507 4798.4 1864.2;
	1778.5569 1188.7 1977.4678 639.3653 1002.2 1437.6696 1061.39 310.9595 643.295 5330.3808 2098.0253;
	1884.3869 1260.5 2061.4265 648.9 1042.5859 1507.0977 1124.5578 340.9048 695.2623 5878.2824 2246.7355;
	1884.1576 1241.1747 2001.4684 621.9 994.9954 1457.2086 1116.4092 346.3 709.8 6166.8799 2226.817;
	1880.0 1235.8153 1991.5 599.5215 999.6036 1447.0908 1111.699 357.4 726.9195 6406.4188 2206.0633;
	1842.6 1216.7136 1958.8165 591.2 979.3705 1471.0036 1121.2627 352.3754 726.3156 6547.3489 2186.8424;
	1854.9746 1185.9062 1922.2848 587.7011 961.4197 1384.0316 1078.004 344.4609 716.2471 6404.2044 1983.6731;
	1807.2812 1164.2646 1868.7033 592.7152 984.0879 1348.5383 1097.4 343.7203 719.1714 6467.5484 2039.0576;
	1809.3312 1141.5682 1849.2137 575.255 969.7056 1335.2138 1059.1115 339.5165 715.026 6455.7842 1919.3661;
	1791.7488 1141.8673 1798.642 571.3616 948.1527 1305.7158 1037.5007 344.6422 703.4892 6394.7 1867.3651;
	1777.3762 1127.4865 1820.9136 578.9919 931.0843 1302.3 1046.2082 317.8 701.4007 6258.5 1957.8094;
	1798.2703 1126.5 1828.4 579.5125 976.4073 1306.8434 1035.7131 317.1 697.3742 6265.7151 2049.8588;
	1786.0028 1128.6 1858.0576 594.1468 1022.9014 1352.2887 1064.0233 322.2784 752.0143 6266.9785 2214.2629;
	1765.0852 1147.5963 1880.1627 586.9901 1007.919 1372.4643 1064.4727 334.598 766.8078 6250.6172 2331.7318;
	1843.768 1165.7534 1921.0856 593.0 1028.2841 1443.6447 1134.8889 346.6531 761.8848 6362.1229 2470.6839;
	1838.7635 1175.9595 1972.268 591.3722 1037.0032 1444.9755 1146.2 358.1237 740.8 6187.5873 2454.9347;
	1791.0 1106.5133 1859.0816 582.6684 1009.8324 1376.5244 1108.4937 335.8893 720.9149 5881.4524 2311.2413;
	1701.1362 1026.6846 1770.1147 563.6132 972.4722 1268.1059 1050.0462 324.473 671.2232 5728.0626 2184.0046;
	1597.3082 957.8064 1649.359 546.8 912.0726 1186.7528 957.8363 286.7756 623.3269 5214.0888 1962.0675;
	1525.9735 942.3 1592.9017 557.5 841.7659 1135.3907 881.8906 240.9344 557.5824 4898.3285 1828.8;
	1477.4227 923.6 1557.6915 567.6552 795.4516 1117.9517 882.2431 251.7656 530.9061 4707.5 1782.4369;
];
