function loadprofile = ex_load_profilesh1
%EX_LOAD_PROFILE  Example load profile data file for stochastic unit commitment.
% 2022.03.12
% Andres F. Ramirez

%% define constants
[CT_LABEL, CT_PROB, CT_TABLE, CT_TBUS, CT_TGEN, CT_TBRCH, CT_TAREABUS, ...
    CT_TAREAGEN, CT_TAREABRCH, CT_ROW, CT_COL, CT_CHGTYPE, CT_REP, ...
    CT_REL, CT_ADD, CT_NEWVAL, CT_TLOAD, CT_TAREALOAD, CT_LOAD_ALL_PQ, ...
    CT_LOAD_FIX_PQ, CT_LOAD_DIS_PQ, CT_LOAD_ALL_P, CT_LOAD_FIX_P, ...
    CT_LOAD_DIS_P, CT_TGENCOST, CT_TAREAGENCOST, CT_MODCOST_F, ...
    CT_MODCOST_X] = idx_ct;

loadprofile = struct( ...
    'type', 'mpcData', ...
    'table', CT_TAREALOAD, ...
    'rows', [1:11], ...
    'col', CT_LOAD_ALL_P, ...
    'chgtype', 1, ...
    'values', [] );
loadprofile.values(:,1,:) = [
	1576.0789 987.2162 1661.6713 605.5839 888.6357 1158.2076 865.3755 276.7048 523.7 4593.5777 1735.4061;
	1610.5704 994.6467 1684.1348 595.7 901.0745 1191.1025 860.4 277.7603 522.3228 4548.4313 1700.7106;
	1595.4215 997.5298 1689.1336 595.031 902.4609 1194.16 859.5548 274.2825 515.6723 4558.8743 1705.1917;
	1705.317 1073.2 1786.7441 612.1082 936.5363 1264.0891 921.7937 288.3 553.572 4798.6283 1846.7574;
	1869.0731 1217.5311 2008.388 635.0533 1091.1413 1433.009 1018.2 353.5 627.6 5274.3911 2107.9375;
	1936.756 1292.5586 2097.392 636.9304 1142.4526 1510.4 1110.3029 394.9725 696.4226 5916.4867 2291.2;
	1963.7337 1269.8648 2089.1509 623.3202 1122.1842 1463.6151 1117.0456 387.5899 681.3083 6223.9851 2282.8507;
	1959.7191 1276.5611 2041.5097 640.3635 1095.1029 1448.3642 1082.1452 364.8296 688.7422 6338.3374 2254.2498;
	1932.8459 1254.2649 1992.2131 619.9 1030.2651 1376.9418 1011.0808 350.8 659.8895 6430.1 2163.7194;
	1904.0927 1240.2 1951.7027 620.864 981.3062 1361.2141 1013.153 370.7851 610.1964 6454.2127 2107.3896;
	1864.4212 1246.1257 1960.0385 629.5988 969.5939 1344.285 982.8765 348.7404 612.1314 6506.0729 2085.9606;
	1888.3104 1278.0647 1966.8999 618.3282 968.2102 1321.5965 957.7181 361.8566 622.5876 6435.1396 2113.0477;
	1850.0098 1233.8277 1911.6855 607.6451 959.3244 1261.4731 915.0787 357.2225 609.06 6367.9055 2059.6958;
	1763.9669 1216.8272 1843.7507 604.7611 956.3874 1250.7641 944.0113 369.3755 548.0741 6386.4542 2110.7166;
	1700.6162 1188.7128 1827.0634 627.625 971.2771 1296.3815 959.0279 370.722 532.9016 6418.6935 2222.5819;
	1707.7549 1206.0536 1889.7392 621.3892 974.5801 1362.1086 1033.7818 378.6 462.9194 6377.2477 2272.5037;
	1718.7376 1213.2868 1903.5689 620.8 979.731 1387.0495 1066.1592 372.177 516.0419 6248.5729 2347.7;
	1782.7284 1266.0323 1959.5576 642.3 1068.0802 1472.975 1142.4645 377.5 562.5487 6185.2811 2474.9;
	1830.0357 1258.7746 1989.6196 639.8052 1032.5 1453.1 1145.1808 388.7685 595.6348 6142.0772 2449.5551;
	1747.1543 1174.4982 1903.2651 617.1268 993.7175 1380.5 1101.0452 370.1466 563.5625 5940.1235 2353.4996;
	1672.215 1100.2843 1792.4318 617.7415 969.2 1302.5 1027.7703 333.3859 563.384 5523.5906 2166.5;
	1586.7864 1011.8434 1665.4656 597.8161 922.1438 1218.3 945.8678 301.2945 482.3051 5131.3145 1951.566;
	1579.3 977.2682 1652.3782 602.9584 896.1793 1204.2837 903.6555 286.0313 526.1246 5105.0527 1852.0143;
	1493.6769 915.8 1601.9754 597.4558 863.9853 1142.3 844.6 281.7 511.5141 4720.3498 1785.72;
];
