function loadprofile = ex_load_profilesh1
%EX_LOAD_PROFILE  Example load profile data file for stochastic unit commitment.
% 2022.03.12
% Andres F. Ramirez

%% define constants
[CT_LABEL, CT_PROB, CT_TABLE, CT_TBUS, CT_TGEN, CT_TBRCH, CT_TAREABUS, ...
    CT_TAREAGEN, CT_TAREABRCH, CT_ROW, CT_COL, CT_CHGTYPE, CT_REP, ...
    CT_REL, CT_ADD, CT_NEWVAL, CT_TLOAD, CT_TAREALOAD, CT_LOAD_ALL_PQ, ...
    CT_LOAD_FIX_PQ, CT_LOAD_DIS_PQ, CT_LOAD_ALL_P, CT_LOAD_FIX_P, ...
    CT_LOAD_DIS_P, CT_TGENCOST, CT_TAREAGENCOST, CT_MODCOST_F, ...
    CT_MODCOST_X] = idx_ct;

loadprofile = struct( ...
    'type', 'mpcData', ...
    'table', CT_TAREALOAD, ...
    'rows', [1:11], ...
    'col', CT_LOAD_ALL_P, ...
    'chgtype', 1, ...
    'values', [] );
loadprofile.values(:,1,:) = [
	1535.0707 991.6054 1668.1091 580.3514 808.5293 1212.1562 916.0177 272.6078 517.588 4562.3019 1781.1978;
	1537.9894 1013.6171 1730.7097 587.2223 835.7029 1263.2138 924.6 270.1211 508.4048 4529.2639 1753.9353;
	1562.2344 1019.8 1740.9448 590.3676 839.8724 1263.2872 931.4107 282.4914 521.8771 4529.6191 1803.0384;
	1654.4613 1102.1871 1850.9 609.4759 923.1 1350.5488 989.2571 303.8 555.9 4750.7699 1908.1582;
	1796.7633 1219.7389 2071.1012 636.9 1023.6 1520.4517 1090.929 367.736 633.2614 5411.2087 2161.5178;
	1854.139 1301.772 2211.8356 644.9546 1092.3 1584.5842 1165.6232 400.2959 709.0 5969.3108 2318.5798;
	1829.2 1272.1 2077.8791 622.2 1059.5 1531.4 1154.6399 387.9171 715.8634 6277.8483 2320.8324;
	1839.1133 1290.9101 2051.7061 618.1915 1048.012 1555.8087 1172.7211 375.4746 711.7545 6448.524 2259.6281;
	1838.3942 1286.3797 2030.5101 626.8 1035.2774 1549.9706 1177.34 370.0043 711.5099 6473.7286 2246.0587;
	1847.2 1261.3075 2020.0057 643.7911 1045.1104 1501.7616 1177.5238 367.7438 680.9699 6258.8743 2100.7719;
	1760.2263 1237.5685 1944.4975 630.0878 1029.7084 1441.0921 1143.4872 363.5073 669.4234 6258.5711 2080.9456;
	1765.1132 1221.3093 1910.1035 636.0183 982.0 1433.8994 1135.7058 348.3781 681.6654 6251.8094 1965.7797;
	1746.5148 1195.6762 1875.0822 626.9841 989.7014 1381.0562 1127.7964 342.8 685.9887 6274.2573 2020.9062;
	1682.7901 1158.6268 1821.1 615.575 955.8241 1360.2335 1056.7634 341.7 656.9457 6266.0541 1986.6583;
	1678.364 1168.1061 1843.5205 601.0927 971.3408 1430.9679 1067.5958 339.3 654.4939 6272.8341 2106.8245;
	1659.3141 1153.8786 1845.1657 623.2484 946.9 1433.7972 1079.018 344.2 660.2521 6249.343 2200.3105;
	1691.1111 1187.1954 1844.9269 611.7429 940.2645 1517.3652 1119.3685 357.3015 688.8 6207.0874 2317.9774;
	1735.7 1236.7419 1959.5845 617.0 967.5163 1548.1315 1191.9439 376.6407 708.836 6256.7 2527.8546;
	1755.9577 1255.1254 1946.1114 611.5077 954.927 1519.2011 1213.8798 375.1586 711.3217 6136.2593 2464.4337;
	1706.0835 1178.2302 1901.1 598.7 927.3217 1471.5691 1156.6994 347.5165 681.1 5833.5156 2360.1;
	1674.5895 1121.6262 1793.5164 572.1 850.7098 1346.3105 1088.884 326.0 638.6401 5551.7152 2203.308;
	1572.2571 1042.457 1697.598 560.2375 775.0617 1259.4 1023.1459 298.8492 604.7 5209.7007 2060.4359;
	1475.2181 963.4115 1618.124 530.3817 753.6008 1193.7643 921.3592 291.1807 530.4546 4748.9 1861.9757;
	1480.7559 936.3 1636.4011 530.9424 769.9335 1219.5126 909.3473 276.3839 521.853 4657.379 1803.6347;
];
