function windprofile = ex_wind_profilesh1
%EX_WIND_PROFILE_D  Example wind_load_nyiso profile data for deterministic unit commitment.
% 2022.03.12
% Andres F. Ramirez


%% define constants
[GEN_BUS, PG, QG, QMAX, QMIN, VG, MBASE, GEN_STATUS, PMAX, PMIN, ...
    MU_PMAX, MU_PMIN, MU_QMAX, MU_QMIN, PC1, PC2, QC1MIN, QC1MAX, ...
    QC2MIN, QC2MAX, RAMP_AGC, RAMP_10, RAMP_30, RAMP_Q, APF] = idx_gen;
[CT_LABEL, CT_PROB, CT_TABLE, CT_TBUS, CT_TGEN, CT_TBRCH, CT_TAREABUS, ...
    CT_TAREAGEN, CT_TAREABRCH, CT_ROW, CT_COL, CT_CHGTYPE, CT_REP, ...
    CT_REL, CT_ADD, CT_NEWVAL, CT_TLOAD, CT_TAREALOAD, CT_LOAD_ALL_PQ, ...
    CT_LOAD_FIX_PQ, CT_LOAD_DIS_PQ, CT_LOAD_ALL_P, CT_LOAD_FIX_P, ...
    CT_LOAD_DIS_P, CT_TGENCOST, CT_TAREAGENCOST, CT_MODCOST_F, ...
    CT_MODCOST_X] = idx_ct;

windprofile = struct( ...
    'type', 'mpcData', ...
    'table', CT_TGEN, ...
    'rows', [1:45], ...
    'col', PMAX, ...
    'chgtype', 1, ...
    'values', [] );
windprofile.values(:,1,:) = [
	0.7026 9.4939 52.9556 67.2057 7.815 6.6038 2.4464 8.2013 6.4979 17.5995 32.5325 48.532 73.0647 0.0 130.1927 49.0493 60.8575 64.4908 76.7623 69.8066 0.8155 15.4089 67.091 80.3981 55.095 50.3138 4.518 206.2704 310.5823 310.5823 222.9625 44.8752 255.8745 179.6823 0.0 132.5151 404.8913 82.6817 2.448 147.576 64.2253 73.2581 35.4183 77.9619 409.1089;
	0.47 6.3504 50.1817 63.9095 7.3415 2.6109 2.5776 9.7697 5.4391 7.8778 14.562 21.7237 32.7049 0.0 106.4232 40.0943 49.7466 52.7166 70.21 69.0422 0.8592 6.092 34.3798 78.0336 56.7481 51.4281 6.2323 75.5242 208.4427 208.4427 145.9889 29.5003 234.0335 177.7147 0.0 88.9355 302.1975 87.2016 2.4602 152.0039 79.9507 28.9631 17.7617 87.643 305.3454;
	0.2761 3.731 58.6951 67.5421 6.6448 5.5821 9.1954 11.0362 19.6105 9.3894 17.3562 25.892 38.9803 0.0369 75.6068 28.4844 35.3418 37.4517 65.0463 69.4585 3.0651 13.025 30.5899 82.2065 60.8098 58.1387 6.1938 16.4276 37.9248 37.9248 75.7234 16.7615 216.8211 178.7862 0.1158 16.1813 189.4547 21.1608 29.8659 162.8833 75.4596 61.9246 8.2558 101.4512 191.4282;
	0.4385 5.9255 68.9596 76.8531 9.1104 11.7553 2.1538 13.943 3.3323 14.7839 27.3279 40.7678 61.3757 0.5875 75.2968 28.3676 35.1969 37.2982 45.0566 68.6907 0.7179 27.4291 52.4943 87.0936 71.7463 69.6907 7.7464 4.9848 12.6092 12.6092 14.6125 18.5327 150.1888 176.8101 1.8419 5.3799 15.2939 3.1983 4.8039 192.1775 76.4726 130.4058 14.0782 166.1726 15.4532;
	0.4838 6.5376 81.1691 79.1172 11.0345 17.5807 8.6313 14.9522 9.4333 15.8536 29.3051 43.7174 65.8163 1.1653 121.9034 45.9264 56.9828 60.3847 55.5779 70.5328 2.8771 41.0216 53.0789 88.8085 83.6282 74.1778 9.2415 33.6057 107.0567 107.0567 84.4952 11.4371 185.2597 181.5516 3.6533 45.6775 238.8967 5.261 15.5049 224.004 73.5402 195.0286 30.6483 165.5997 241.3852;
	0.3807 5.1437 78.4841 63.9901 10.2797 4.1853 1.5651 14.0367 4.1107 8.7642 16.2005 24.168 36.3848 0.0001 146.4722 55.1826 68.4672 72.5548 77.4418 69.2251 0.5217 9.7656 37.2765 86.9528 69.4449 75.2866 9.1363 14.7173 42.8815 42.8815 18.7605 12.3296 258.1392 178.1857 0.0005 18.2961 51.3481 13.2394 0.1715 186.0132 62.2267 46.4285 24.7374 160.6395 51.883;
	0.4436 5.9936 57.9169 44.1546 9.6571 3.2549 4.1661 8.5003 2.6322 6.9478 12.843 19.1592 28.8441 1.1257 117.0224 44.0875 54.7012 57.9669 59.4439 70.4845 1.3887 7.5948 23.7893 62.2066 37.8997 69.9893 4.3806 30.1482 85.8413 85.8413 60.0915 14.18 198.1463 181.4272 3.5292 36.6256 41.484 10.9671 16.4951 101.5171 28.2765 36.1079 32.808 141.055 41.9161;
	0.661 8.9317 36.3668 33.0386 4.6982 3.2658 4.7928 7.7166 2.6895 3.9086 7.225 10.7783 16.2267 0.0734 52.5186 19.7861 24.5494 26.015 16.2254 44.6318 1.5976 7.6202 11.068 45.7728 38.8859 65.5065 4.7391 20.638 57.8899 57.8899 61.5152 10.1062 54.0846 114.8825 0.2302 24.6997 94.2405 10.8614 0.7427 104.1588 12.343 36.2288 52.5748 111.4345 95.2222;
	0.636 8.5942 28.1478 29.0127 3.8557 2.3557 0.6709 6.9242 2.3941 0.3104 0.5738 0.856 1.2886 0.0 11.3785 4.2868 5.3188 5.6363 0.0 18.51 0.2236 5.4967 3.6415 42.9989 32.7357 57.7168 4.5554 0.4251 16.4798 16.4798 5.0932 7.433 0.0 47.6448 0.0 7.0314 13.7531 1.6951 0.0 87.685 9.1168 26.133 11.0285 83.2574 13.8963;
	0.7535 10.1808 31.2784 29.6703 8.6853 6.8015 5.8654 5.2043 26.2431 2.0851 3.8542 5.7497 8.6562 0.0 5.3206 2.0045 2.4871 2.6355 0.0003 12.6862 1.9551 15.8701 9.9833 42.1449 32.7377 51.1178 3.1568 28.6329 45.4958 45.4958 5.6734 4.1162 0.0011 32.6544 0.0 19.4116 15.9406 1.3964 39.4163 87.6903 14.3538 75.4512 55.6099 96.0124 16.1067;
	0.9042 12.2181 43.908 34.1406 12.1876 8.106 1.2918 3.7378 3.5252 1.3359 2.4694 3.6839 5.546 0.5751 1.1877 0.4475 0.5552 0.5883 5.2457 10.644 0.4306 18.9139 30.7506 43.2892 48.0542 52.1488 1.1614 49.7629 68.6649 68.6649 1.7225 0.731 17.4858 27.3976 1.803 29.297 48.0587 0.5888 10.5659 128.7167 3.0979 89.9222 40.5234 93.2068 48.5593;
	1.7014 22.9891 64.1153 35.4662 14.4086 18.0348 1.0026 0.0064 5.1668 0.3373 0.6234 0.93 1.4001 2.6346 14.7684 5.5639 6.9034 7.3155 2.1847 10.8413 0.3342 42.0811 50.2688 54.7549 5.5355 47.6722 0.0 131.8205 108.4853 108.4853 6.8281 2.8481 7.2825 27.9056 8.2597 46.2871 119.5762 2.5401 62.7574 14.8273 3.2915 200.0657 51.0626 122.7005 120.8218;
	2.3285 31.4626 82.8306 24.2222 14.9163 30.4507 1.3701 0.1706 16.2236 24.536 45.3544 67.6598 101.8614 1.6495 16.7562 6.3128 7.8326 8.3002 11.4962 11.3601 0.4567 71.0516 36.8996 66.6072 69.0867 54.4305 0.0 184.9805 169.3818 169.3818 12.7177 5.1318 38.3205 29.2408 5.1714 72.2695 170.3211 0.2182 70.1723 185.0537 19.8488 337.7994 119.9001 155.4889 172.0953;
	1.7287 23.3592 4.9589 12.5111 14.1612 20.4238 0.0 0.0 1.9635 0.0126 0.0233 0.0347 0.0522 0.1857 1.9266 0.7258 0.9006 0.9543 0.4804 9.1391 0.0 47.6556 35.662 5.1875 0.9769 27.296 0.0 106.0366 199.2485 199.2485 0.4167 8.1604 1.6013 23.5242 0.5823 85.0127 170.2229 6.5613 0.0 2.6167 7.3881 226.5685 83.4865 117.501 171.996;
	2.1548 29.1164 13.6369 8.197 9.9589 18.0979 0.0 0.1257 5.6644 0.8076 1.4929 2.2271 3.353 1.7064 2.0845 0.7853 0.9744 1.0325 3.5946 24.747 0.0 42.2284 27.852 14.4539 2.9381 1.9724 0.005 242.1228 267.9635 267.9635 90.2048 6.4084 11.9821 63.6989 5.3497 114.3311 252.5098 11.4898 11.9037 7.87 49.1229 200.7658 88.2832 88.057 255.1401;
	3.0796 41.6127 84.884 5.6788 13.9873 11.6558 3.0324 0.3055 12.5017 0.0772 0.1428 0.213 0.3207 4.3159 20.5346 7.7363 9.5988 10.1718 12.8749 13.5174 1.0108 27.197 20.5366 26.1329 6.9856 2.1815 0.0 341.8537 282.3087 282.3087 165.0453 8.7461 42.9163 34.7937 13.5311 120.4517 285.6535 32.4828 56.8693 18.7115 28.3185 129.3021 14.0342 163.0123 288.6291;
	3.5317 47.7213 28.9651 22.2692 15.1585 10.47 7.5167 0.6561 9.3926 1.1801 2.1815 3.2543 4.8994 0.3897 12.5747 4.7375 5.8779 6.2289 8.2608 5.9672 2.5056 24.43 0.0008 27.5354 9.2378 3.1591 0.0113 353.7731 387.4664 387.4664 188.5289 24.2769 27.536 15.3597 1.2219 165.319 435.7688 69.0403 87.1582 24.744 18.4936 116.1473 145.3272 213.0294 440.3081;
	2.8221 38.1323 6.3303 13.3854 14.7384 20.0248 3.8698 0.9202 6.0468 2.4827 4.5892 6.8462 10.3069 0.0975 6.7372 2.5382 3.1493 3.3373 8.7468 16.2797 1.2899 46.7246 14.5963 4.7203 3.5142 2.7769 0.5206 541.9414 491.2583 491.2583 328.3087 32.5029 29.1562 41.9039 0.3058 209.6036 544.6829 89.0084 56.6841 9.413 6.4811 222.142 117.0666 224.3623 550.3567;
	2.9605 40.0029 89.2818 59.085 14.8228 25.7661 0.2674 2.573 1.9551 8.7018 16.0851 23.9958 36.1256 1.9945 1.2861 0.4845 0.6012 0.6371 11.2817 39.8476 0.0891 60.1209 4.7498 45.753 18.7535 66.2537 1.2159 748.4543 448.2151 448.2151 364.9922 47.1769 37.6058 102.5677 6.2531 191.2385 600.9749 78.5746 0.0 50.2326 10.3184 285.8318 108.8788 216.7238 607.235;
	3.135 42.3613 86.8837 96.9096 15.0379 3.6444 18.329 5.469 26.0631 21.6391 39.9996 59.6715 89.8351 3.3114 0.0467 0.0176 0.0218 0.0231 0.0539 17.2444 6.1097 8.5037 53.6774 62.7528 38.0082 59.3649 1.2529 734.5504 422.8436 422.8436 333.0076 43.4898 0.1797 44.387 10.3816 180.4133 553.6753 76.6619 0.1599 101.8077 3.023 40.4288 108.0912 210.9255 559.4428;
