function windprofile = ex_wind_profilesh1
%EX_WIND_PROFILE_D  Example wind_load_nyiso profile data for deterministic unit commitment.
% 2022.03.12
% Andres F. Ramirez


%% define constants
[GEN_BUS, PG, QG, QMAX, QMIN, VG, MBASE, GEN_STATUS, PMAX, PMIN, ...
    MU_PMAX, MU_PMIN, MU_QMAX, MU_QMIN, PC1, PC2, QC1MIN, QC1MAX, ...
    QC2MIN, QC2MAX, RAMP_AGC, RAMP_10, RAMP_30, RAMP_Q, APF] = idx_gen;
[CT_LABEL, CT_PROB, CT_TABLE, CT_TBUS, CT_TGEN, CT_TBRCH, CT_TAREABUS, ...
    CT_TAREAGEN, CT_TAREABRCH, CT_ROW, CT_COL, CT_CHGTYPE, CT_REP, ...
    CT_REL, CT_ADD, CT_NEWVAL, CT_TLOAD, CT_TAREALOAD, CT_LOAD_ALL_PQ, ...
    CT_LOAD_FIX_PQ, CT_LOAD_DIS_PQ, CT_LOAD_ALL_P, CT_LOAD_FIX_P, ...
    CT_LOAD_DIS_P, CT_TGENCOST, CT_TAREAGENCOST, CT_MODCOST_F, ...
    CT_MODCOST_X] = idx_ct;

windprofile = struct( ...
    'type', 'mpcData', ...
    'table', CT_TGEN, ...
    'rows', [1:45], ...
    'col', PMAX, ...
    'chgtype', 1, ...
    'values', [] );
windprofile.values(:,1,:) = [
	0.6535 8.83 58.3011 64.5274 7.9362 7.2728 0.2765 8.3876 0.0 18.4831 34.1658 50.9687 76.7331 10.7774 125.9796 47.4621 58.8881 62.4038 65.2135 66.2065 0.0922 16.97 63.0891 77.0641 50.4198 51.2954 4.5664 239.1026 326.9958 326.9958 225.6314 48.6481 217.3785 170.4156 33.7887 139.5182 393.0176 86.9421 2.3372 135.053 65.0268 80.68 52.3636 74.4498 397.1115;
	0.4561 6.1629 54.4458 61.712 7.2643 6.7875 0.3308 10.79 0.0 11.3443 20.9698 31.2828 47.0961 12.1814 107.8078 40.616 50.3939 53.4025 66.0838 66.836 0.1103 15.8374 10.5884 77.9375 54.9306 53.0572 6.2752 116.0195 224.1079 224.1079 155.3742 31.3703 220.2793 172.0361 38.1903 95.6194 288.8139 87.8856 11.5864 147.1356 79.8108 75.2956 42.7928 91.0059 291.8224;
	0.3246 4.3864 62.0192 66.5999 6.4687 5.0144 0.0 10.4014 0.0 9.2803 17.1544 25.5911 38.5272 25.4257 66.7131 25.1338 31.1845 33.0463 56.4767 59.705 0.0 11.7002 15.8328 83.2793 58.1262 55.6743 6.0461 86.2191 47.9349 47.9349 64.4228 17.8065 188.2557 153.6809 79.7131 20.4522 154.0081 4.8519 31.9313 155.6952 73.8728 55.6263 75.1324 101.9871 155.6123;
	0.4514 6.0998 65.7297 73.7779 7.6542 0.766 0.3899 12.9357 0.0 14.4695 26.7467 39.9008 60.0704 12.2653 75.5439 28.4607 35.3124 37.4206 42.7007 53.931 0.13 1.7874 32.7527 85.6816 65.2961 67.8714 7.2377 40.6616 45.0857 45.0857 123.0692 21.5912 142.3356 138.8185 38.4533 19.2366 5.9143 9.916 0.6257 174.9003 72.6182 8.4977 43.2618 147.8113 5.9759;
	0.4932 6.6645 75.4461 74.6939 9.0557 2.4949 0.2744 14.1252 0.8489 14.0382 25.9493 38.7113 58.2797 2.7743 108.8499 41.0086 50.881 53.9187 54.6234 58.2966 0.0915 5.8215 32.6983 86.3613 79.2559 70.7151 8.4753 33.917 84.2395 84.2395 98.7804 13.1057 182.078 150.0555 8.6979 35.9422 10.8451 41.3826 2.0813 212.2925 73.1284 27.6772 50.1199 153.6083 10.9581;
	0.4823 6.5168 73.1511 59.684 9.1697 4.2231 0.0 11.4875 0.3762 7.8269 14.468 21.5834 32.4936 4.2185 142.7893 53.795 66.7457 70.7305 79.2703 66.9699 0.0 9.854 30.9441 81.0286 52.9393 65.4715 6.7916 20.8682 112.5053 112.5053 46.8689 12.5199 264.2343 172.3806 13.2255 48.0023 15.7071 26.5107 0.0 141.8017 56.5594 46.8485 27.6448 144.7893 15.8707;
	0.4142 5.597 51.5715 39.3737 8.3935 2.6124 3.4442 6.8011 1.9182 6.7168 12.4159 18.5221 27.8849 1.8855 114.7851 43.2446 53.6553 56.8587 63.1613 65.6643 1.1481 6.0956 18.7661 57.2303 28.8999 60.5788 2.623 22.1907 11.4218 11.4218 2.3325 2.7232 210.5377 169.02 5.9113 4.8733 1.0096 2.9889 2.8097 77.4105 28.013 28.98 33.1511 133.444 1.0201;
	0.5146 6.9532 33.624 29.3323 3.1502 2.9592 4.3464 6.3855 1.8215 4.6815 8.6536 12.9095 19.4351 0.7603 43.889 16.5349 20.5156 21.7404 18.4021 37.6836 1.4488 6.9049 6.1195 37.1854 27.5243 59.0946 2.9634 0.0 5.9077 5.9077 0.0153 0.7489 61.3402 96.9977 2.3836 2.5206 0.0 1.6924 0.1398 73.7257 13.3135 32.8278 3.8976 107.6376 0.0;
	0.6803 9.192 29.4924 29.3065 3.9048 3.1705 0.0611 6.0712 0.0 2.2472 4.154 6.1969 9.3294 0.0108 8.8154 3.3211 4.1207 4.3667 4.5019 11.6942 0.0204 7.3978 1.588 39.7871 29.8905 55.4089 4.3183 1.2123 3.5856 3.5856 0.1353 0.7777 15.0062 30.1009 0.0338 1.5299 0.3988 12.1551 1.3592 80.0638 71.2292 35.1713 7.7891 79.4906 0.4029;
	0.7581 10.2432 32.6261 30.7963 7.8342 13.2645 1.598 4.9316 0.5995 6.9625 12.8701 19.1997 28.905 7.6815 3.0772 1.1593 1.4384 1.5243 3.7593 10.2878 0.5327 30.9504 8.3474 38.3599 31.7009 48.2127 3.2888 34.9857 115.6117 115.6117 12.2568 3.7329 12.5311 26.4808 24.0825 49.3276 15.49 52.6237 5.6196 84.9132 23.7984 147.1472 50.2252 94.3756 15.6513;
	1.0427 14.0893 45.2812 92.0046 12.1463 11.0361 1.334 4.3048 1.8483 17.4226 32.2053 48.044 72.33 0.7428 3.2924 1.2404 1.539 1.6309 13.708 10.8194 0.4447 25.7509 34.0367 44.0944 51.0389 56.8364 1.5246 83.683 80.0578 80.0578 4.2563 0.475 45.6932 27.8493 2.3287 34.158 55.6774 13.5116 3.1699 136.7113 18.1265 122.4272 42.7877 110.0816 56.2574;
	1.8883 25.5156 67.5338 100.9943 14.3542 5.877 0.4276 17.4162 8.1258 7.0217 12.9795 19.3629 29.1507 1.6433 0.0 0.0 0.0 0.0 4.239 7.1213 0.1425 13.713 51.8626 60.4425 51.0003 53.9725 8.7047 169.6686 119.0409 119.0409 19.5097 3.6606 14.13 18.3304 5.152 50.7908 133.3746 20.7816 92.0703 136.608 34.2548 65.1957 26.765 147.3289 134.7639;
	2.4503 33.109 83.456 83.1173 14.8898 8.8151 7.5698 6.5873 9.7915 25.0136 46.2373 68.9769 103.8443 8.8385 1.7123 0.6451 0.8004 0.8482 5.4434 7.7029 2.5233 20.5685 32.0919 70.4996 75.3084 54.1283 4.8728 239.939 177.7585 177.7585 5.81 5.3632 18.1448 19.8273 27.71 75.8436 210.6442 10.0835 264.9563 201.719 63.7572 97.7885 116.1676 182.268 212.8384;
	1.9681 26.5932 6.3109 42.4301 15.0269 21.2098 6.1037 3.7618 13.0726 14.9611 27.6554 41.2564 62.1112 14.1678 0.109 0.0411 0.051 0.054 3.9236 8.8973 2.0346 49.4896 46.5117 35.51 37.2907 35.7217 4.6241 203.825 223.9735 223.9735 12.893 7.4881 13.0788 22.9016 44.4179 95.562 217.5262 23.2177 290.9338 99.8858 65.6747 235.2877 88.5491 142.7747 219.7921;
	2.3307 31.4927 1.7716 23.3583 10.2944 21.2688 5.0843 0.5556 11.405 9.033 16.6974 24.9093 37.5008 25.2569 0.0088 0.0033 0.0041 0.0043 7.1945 4.4351 1.6948 49.6272 30.3715 6.475 14.4218 7.1598 1.3842 312.3405 297.4467 297.4467 99.7519 8.0699 23.9817 11.416 79.1838 126.9106 311.3772 29.3454 261.4234 38.6299 48.3122 235.9417 88.82 107.8756 314.6207;
	3.2155 43.4489 82.3971 38.9702 14.1924 22.5337 11.3418 3.3079 5.6293 4.0005 7.3949 11.0318 16.6083 25.8248 0.0328 0.0123 0.0153 0.0162 1.5039 3.1644 3.7806 52.5787 42.7483 24.3057 59.3082 25.4948 1.9311 439.0663 322.011 322.011 179.5546 14.0912 5.0131 8.1452 80.9642 137.3914 351.6869 48.8969 169.7352 158.8612 85.5333 249.9743 42.7767 182.4076 355.3503;
	3.5563 48.0535 4.2578 15.9175 14.5139 15.9815 5.4877 5.1285 4.9047 0.6362 1.1759 1.7542 2.641 6.8377 0.0 0.0 0.0 0.0 0.1381 0.0 1.8292 37.2902 0.1855 32.8968 37.6872 12.6003 7.9686 405.6948 396.49 396.49 178.909 27.2835 0.4603 0.0 21.4372 169.1691 458.5858 75.632 103.7589 100.9479 95.0549 177.2882 146.4063 220.4461 463.3627;
	2.8719 38.805 13.1989 12.3608 14.3847 20.6938 0.4873 0.3142 3.8553 0.2638 0.4876 0.7274 1.0951 5.9453 0.0 0.0 0.0 0.0 0.0 0.0306 0.1624 48.2855 12.5023 22.7507 12.9079 1.4101 0.5847 571.6703 475.4825 475.4825 299.1029 37.8248 0.0 0.0789 18.6392 202.8725 543.5493 100.4606 43.8713 34.5747 33.5847 229.5631 121.5717 223.2235 549.2112;
	3.2626 44.0848 86.2027 9.2814 14.8085 26.8515 6.1771 1.0521 10.7243 7.0798 13.0869 19.5231 29.392 6.9017 0.0259 0.0098 0.0121 0.0128 0.4211 39.0118 2.059 62.6535 21.2843 22.4728 40.5679 62.4981 1.7576 831.1343 450.9424 450.9424 347.5011 50.8414 1.4038 100.4164 21.6378 192.4021 629.4118 81.5225 303.785 108.6641 42.9321 297.8728 120.722 212.05 635.9682;
	2.9638 40.0473 0.5516 0.213 14.3988 1.7945 18.5093 0.0331 26.755 17.2422 31.872 47.5467 71.5813 3.6028 0.0 0.0 0.0 0.0 0.0166 16.229 6.1698 4.1871 46.9362 1.379 5.2215 54.2722 0.1314 798.1029 430.5782 430.5782 318.8193 54.8385 0.0553 41.7734 11.2951 183.7134 575.9469 82.4813 176.9921 13.9862 15.3364 19.9066 112.8816 166.6147 581.9464;
