function loadprofile = ex_load_profilesh1
%EX_LOAD_PROFILE  Example load profile data file for stochastic unit commitment.
% 2022.03.12
% Andres F. Ramirez

%% define constants
[CT_LABEL, CT_PROB, CT_TABLE, CT_TBUS, CT_TGEN, CT_TBRCH, CT_TAREABUS, ...
    CT_TAREAGEN, CT_TAREABRCH, CT_ROW, CT_COL, CT_CHGTYPE, CT_REP, ...
    CT_REL, CT_ADD, CT_NEWVAL, CT_TLOAD, CT_TAREALOAD, CT_LOAD_ALL_PQ, ...
    CT_LOAD_FIX_PQ, CT_LOAD_DIS_PQ, CT_LOAD_ALL_P, CT_LOAD_FIX_P, ...
    CT_LOAD_DIS_P, CT_TGENCOST, CT_TAREAGENCOST, CT_MODCOST_F, ...
    CT_MODCOST_X] = idx_ct;

loadprofile = struct( ...
    'type', 'mpcData', ...
    'table', CT_TAREALOAD, ...
    'rows', [1:11], ...
    'col', CT_LOAD_ALL_P, ...
    'chgtype', 1, ...
    'values', [] );
loadprofile.values(:,1,:) = [
	1627.0892 947.0423 1622.6742 599.8615 819.92 1183.9054 905.0548 283.9807 482.6366 4567.8238 1759.5372;
	1612.5831 959.7879 1663.849 596.7764 850.0128 1199.9254 895.9206 274.6904 470.9998 4529.4737 1744.4294;
	1638.2516 985.2258 1657.5289 596.1 855.1839 1224.2807 921.5445 290.4766 483.506 4554.0 1777.3364;
	1670.6099 1040.2 1754.8 611.1 899.7751 1308.6763 974.4951 309.636 512.9292 4705.6402 1883.1;
	1793.3693 1122.7956 1835.4787 612.5793 986.5 1419.1841 1073.24 341.4981 599.5699 5244.0082 2119.7172;
	1925.1774 1227.5696 1958.4131 632.0 1043.4853 1484.8 1110.3836 361.7465 645.4737 5729.7299 2227.725;
	1889.8989 1180.5141 1938.5436 641.0 1011.0146 1467.376 1136.1243 348.6 658.9102 5438.5915 2215.1077;
	1919.1915 1211.181 1985.9323 618.7723 1006.2 1419.6306 1116.1002 346.8127 654.6359 5455.7514 2141.7458;
	1925.3628 1220.1669 1933.9947 605.6 986.7422 1348.4363 1080.5863 334.9533 655.2469 5548.9976 2034.0678;
	1909.1 1175.5955 1920.6349 603.9882 985.2171 1319.5436 1056.0312 336.0226 663.4068 5678.0341 2049.7861;
	1887.9 1191.0897 1908.5417 615.6689 977.2773 1316.5231 1068.2891 349.7586 669.6988 5908.0167 2019.0458;
	1935.0639 1204.8568 1917.8462 600.8 982.3 1412.5196 1099.1361 339.0 659.2812 6057.6075 2092.6134;
	1838.9671 1155.9222 1895.9792 608.1879 965.9214 1359.877 1090.1392 321.2653 644.3468 6220.8677 2137.0559;
	1839.9046 1166.4 1859.2513 605.1024 955.8645 1359.7 1075.4157 319.7771 614.4346 6192.5647 2072.7467;
	1819.7284 1186.0231 1854.096 602.1 960.5 1364.9006 1050.4083 310.9984 567.7471 6168.9404 2103.3425;
	1759.8949 1191.6879 1859.5212 599.8707 957.3269 1401.6 1070.2708 321.1381 619.8 6206.4038 2188.4;
	1789.5492 1179.3375 1892.1 600.8 979.8421 1481.5949 1117.7112 347.1968 577.0032 6048.8697 2238.228;
	1783.4202 1207.5124 1959.257 592.6559 992.4958 1535.0428 1161.5975 342.7904 670.9282 6132.2286 2397.3245;
	1842.5224 1241.7915 1949.9845 607.9382 978.8146 1504.6378 1147.2763 365.3 668.4852 6014.3151 2422.1759;
	1819.304 1160.0915 1859.2867 597.1047 936.7388 1421.3432 1095.1157 348.125 626.1229 5704.5088 2320.9084;
	1699.9411 1045.1988 1722.9125 579.4 868.9447 1310.9432 1022.5223 313.0391 524.0327 5379.4539 2103.1525;
	1605.1801 974.7453 1634.0942 566.6269 839.8091 1216.4652 960.4 282.3647 506.2041 5095.8955 1962.2115;
	1489.803 914.533 1602.2 569.1 756.0461 1166.8 934.5 266.0053 451.9064 4746.5782 1792.1811;
	1482.0276 872.7801 1584.0074 550.148 764.4 1143.6218 901.4451 249.0493 457.1 4614.8747 1718.7311;
];
