function windprofile = ex_wind_profilesh1
%EX_WIND_PROFILE_D  Example wind_load_nyiso profile data for deterministic unit commitment.
% 2022.03.12
% Andres F. Ramirez


%% define constants
[GEN_BUS, PG, QG, QMAX, QMIN, VG, MBASE, GEN_STATUS, PMAX, PMIN, ...
    MU_PMAX, MU_PMIN, MU_QMAX, MU_QMIN, PC1, PC2, QC1MIN, QC1MAX, ...
    QC2MIN, QC2MAX, RAMP_AGC, RAMP_10, RAMP_30, RAMP_Q, APF] = idx_gen;
[CT_LABEL, CT_PROB, CT_TABLE, CT_TBUS, CT_TGEN, CT_TBRCH, CT_TAREABUS, ...
    CT_TAREAGEN, CT_TAREABRCH, CT_ROW, CT_COL, CT_CHGTYPE, CT_REP, ...
    CT_REL, CT_ADD, CT_NEWVAL, CT_TLOAD, CT_TAREALOAD, CT_LOAD_ALL_PQ, ...
    CT_LOAD_FIX_PQ, CT_LOAD_DIS_PQ, CT_LOAD_ALL_P, CT_LOAD_FIX_P, ...
    CT_LOAD_DIS_P, CT_TGENCOST, CT_TAREAGENCOST, CT_MODCOST_F, ...
    CT_MODCOST_X] = idx_ct;

windprofile = struct( ...
    'type', 'mpcData', ...
    'table', CT_TGEN, ...
    'rows', [1:45], ...
    'col', PMAX, ...
    'chgtype', 1, ...
    'values', [] );
windprofile.values(:,1,:) = [
	0.7 9.4586 52.1279 64.3427 7.1814 8.4903 1.4805 8.5619 0.0 20.0752 37.1088 55.359 83.3427 11.2388 145.8726 54.9566 68.1869 72.2578 85.6663 71.9533 0.4935 19.8108 68.7952 70.4966 49.4216 41.7173 4.3557 168.4357 338.9766 338.9766 231.516 47.0655 285.5542 185.2079 35.2352 144.63 374.3342 87.5857 0.0 132.3793 63.8832 94.1862 6.4216 69.4214 378.2335;
	0.5139 6.9434 49.9886 61.6278 5.8783 8.1832 2.336 11.0839 0.0 12.1732 22.502 33.5685 50.5372 8.5049 120.7586 45.4951 56.4476 59.8176 79.2039 71.2526 0.7787 19.0941 34.1444 69.631 52.0009 47.1964 6.3282 96.991 245.5393 245.5393 157.05 32.3874 264.0129 183.4043 26.6639 104.7635 301.1936 91.599 0.0016 139.2881 81.323 90.7786 6.5921 91.462 304.3311;
	0.3073 4.1523 59.0154 64.9659 5.1612 4.1802 1.305 11.7313 0.4083 10.3646 19.1587 28.5811 43.0287 3.5004 89.0314 33.5421 41.617 44.1016 69.0991 67.8618 0.435 9.7539 26.3956 76.7159 56.035 55.3238 6.4944 14.7941 177.7476 177.7476 72.1055 19.2621 230.3302 174.6765 10.9742 75.839 176.5811 26.2813 18.3525 150.0937 77.7156 46.3729 7.3997 103.8441 178.4205;
	0.3276 4.4265 62.7731 69.334 6.4041 1.969 1.5989 13.5942 0.0571 16.3941 30.3043 45.208 68.0604 1.3547 96.4161 36.3242 45.0689 47.7596 47.3199 66.3155 0.533 4.5944 47.1994 77.6835 61.8377 63.2101 7.4093 35.7818 72.9979 72.9979 7.6228 21.4926 157.7331 170.6963 4.2472 31.1458 10.4514 17.9553 0.0 165.6368 72.3434 21.843 1.6354 140.5493 10.5603;
	0.4162 5.6232 77.1091 68.5071 8.835 1.7929 0.2995 14.284 0.8298 16.9121 31.2619 46.6365 70.211 7.9011 125.4563 47.265 58.6435 62.1447 56.2363 66.7304 0.0998 4.1834 51.9282 81.329 77.1072 68.7315 8.3141 68.8723 74.1335 74.1335 6.1684 13.1983 187.4544 171.7642 24.7709 31.6303 10.6768 9.5129 0.0557 206.5371 67.9112 19.8893 0.0071 153.4779 10.788;
	0.4202 5.6781 69.7684 43.8082 8.5878 3.6772 0.2084 11.9983 1.7142 9.6953 17.9217 26.7356 40.2503 4.2822 140.4196 52.9023 65.638 69.5567 79.6825 66.7204 0.0695 8.5801 35.9917 73.1355 50.0223 62.672 7.408 33.2126 62.9958 62.9958 18.2571 12.1846 265.6085 171.7385 13.4251 26.8782 6.9786 5.7607 8.2751 133.9884 49.8505 40.7921 19.6638 138.6226 7.0513;
	0.3518 4.7533 50.9761 33.1884 7.861 2.8087 3.7643 7.1297 2.2736 7.2262 13.3574 19.9267 29.9995 8.1307 122.4077 46.1164 57.2185 60.6345 64.6509 67.1512 1.2548 6.5537 22.0563 51.1038 31.0557 54.5474 3.8353 33.0003 31.7414 31.7414 12.0856 3.8441 215.503 172.8473 25.4908 13.543 0.2262 6.1073 27.6277 83.185 25.7639 31.1579 28.777 136.3716 0.2286;
	0.4129 5.5794 30.8147 25.8604 3.1191 2.7935 4.4119 5.0499 2.5268 5.5806 10.3156 15.3888 23.1678 29.9833 64.0816 24.1424 29.9544 31.7427 20.3394 50.7777 1.4706 6.5182 12.9927 32.6625 28.689 44.6703 3.6027 18.1086 21.3143 21.3143 6.8011 4.3289 67.7982 130.7019 94.0017 9.0941 5.1937 38.0277 49.7542 76.8454 10.0077 30.9893 0.0001 98.3819 5.2478;
	0.5231 7.0681 23.8998 19.1611 3.1823 0.0598 0.4012 3.5347 8.439 14.5635 26.9204 40.1599 60.4605 43.9626 15.6795 5.9072 7.3292 7.7668 33.4111 18.9541 0.1337 0.1395 5.9045 26.4222 18.2371 37.3849 3.257 20.1983 58.8094 58.8094 41.0209 7.0885 111.3703 48.7878 137.8286 25.092 2.7644 57.8638 15.1025 48.8495 2.4711 0.6634 0.0413 73.1677 2.7932;
	0.527 7.1214 26.9153 19.6306 7.1085 0.0 0.0 2.0335 0.0 4.4592 8.2427 12.2965 18.5123 11.6951 8.2063 3.0917 3.836 4.065 45.1326 13.9712 0.0 0.0 10.7212 28.0907 23.8634 40.1669 2.1935 34.6883 68.4279 68.4279 79.8813 16.5384 150.4421 35.9619 36.6659 29.1959 0.2585 71.2431 0.7334 63.9197 1.6528 0.0 45.7119 80.3132 0.2612;
	0.8242 11.1366 36.0354 0.0 11.0733 0.06 0.0 0.5921 1.3252 13.5792 25.101 37.4458 56.3744 10.3331 1.8764 0.7069 0.8771 0.9294 39.7614 12.6492 0.0 0.14 31.9535 27.6982 35.9389 38.859 0.6611 58.1555 73.1931 73.1931 55.9199 12.1865 132.5381 32.5592 32.3956 31.2291 45.5064 31.8625 2.3262 96.2649 3.9477 0.6658 0.0026 81.8718 45.9804;
	1.697 22.9301 63.321 5.1343 14.0609 7.276 1.375 0.0132 26.3128 23.4994 43.4382 64.8013 97.5579 22.3594 27.7588 10.458 12.9756 13.7503 49.3074 11.738 0.4583 16.9772 55.6526 51.2741 4.6161 44.3954 0.0214 178.2959 117.7691 117.7691 104.5687 20.9917 164.3579 30.2136 70.0997 50.2482 129.8185 73.3524 98.4539 12.3646 24.17 80.7147 16.2085 128.3224 131.1708;
	2.1234 28.6915 79.979 1.8367 14.1794 6.826 0.0 0.0 14.4024 26.1298 48.3006 72.055 108.4785 12.0396 17.8312 6.7178 8.335 8.8327 35.1776 9.9188 0.0 15.9274 40.0256 60.089 64.8617 48.1304 0.0 219.5975 171.937 171.937 88.0437 25.3392 117.2585 25.5309 37.7459 73.3598 154.4195 91.209 56.8594 173.7366 4.8934 75.7236 110.0072 170.8961 156.0281;
	1.7952 24.2565 15.6926 23.1456 14.0277 20.3481 0.5421 0.0 4.5912 4.9552 9.1597 13.6644 20.5717 4.6948 9.4691 3.5674 4.4262 4.6905 6.0082 7.9971 0.1807 47.4789 47.7445 0.6645 7.4041 18.1151 0.0 187.0263 210.5072 210.5072 46.8484 33.8594 20.0272 20.5845 14.7188 89.8164 179.3851 117.9436 3.923 19.8323 18.5686 225.7281 83.1565 137.0024 181.2537;
	2.0401 27.5662 4.9913 2.6365 9.07 1.7444 0.0 0.0 0.0 5.1204 9.4649 14.1198 21.2573 3.5922 5.9372 2.2368 2.7753 2.941 1.445 0.1786 0.0 4.0702 32.9084 0.3458 6.8161 0.0 0.0 271.3914 258.0977 258.0977 111.3704 9.9896 4.8168 0.4597 11.2621 110.1217 238.9642 115.8713 0.0 18.2574 31.5768 19.3509 75.3561 101.3085 241.4534;
	2.9928 40.4394 81.1022 1.6864 13.3543 1.1478 0.0 0.0045 0.0 1.8998 3.5118 5.2389 7.8871 10.5545 2.3264 0.8765 1.0874 1.1524 7.2279 0.2127 0.0 2.6782 45.9499 0.0075 5.9434 0.0 0.0 387.1242 274.6486 274.6486 179.0078 13.702 24.093 0.5476 33.0899 117.1834 288.7739 48.2662 0.0 15.9199 13.013 12.7332 0.7226 168.1584 291.782;
	3.4167 46.1671 3.3848 10.3754 14.3235 1.711 1.5057 0.356 6.4962 4.4485 8.2231 12.2672 18.4682 11.5575 29.0297 10.9368 13.5697 14.3798 66.538 0.4907 0.5019 3.9923 5.8228 0.0 7.074 0.0 0.0404 366.4249 356.9402 356.9402 180.8759 24.798 221.7934 1.2631 36.2345 152.2945 408.1373 80.2137 10.6881 18.9482 7.8683 18.9803 132.7154 209.3746 412.3887;
	2.9051 39.2538 51.0994 47.0223 14.6206 19.9182 1.0814 12.2332 0.6525 1.7715 3.2746 4.885 7.3544 8.5948 22.1051 8.328 10.3328 10.9497 85.8129 0.1373 0.3605 46.4757 14.709 21.8095 78.1755 11.1011 6.298 526.1643 477.5714 477.5714 341.2189 37.6931 286.0432 0.3535 26.946 203.7638 541.4126 111.1356 4.4743 209.3986 35.5039 220.9587 114.2637 230.9616 547.0523;
	3.041 41.0902 87.383 9.0945 14.6919 24.9622 0.3709 3.8612 0.0 7.5186 13.8981 20.7332 31.2137 8.0357 0.0 0.0 0.0 0.0 63.4744 29.6758 0.1236 58.2451 28.0081 1.003 12.4016 61.9302 5.4735 730.189 451.7741 451.7741 383.4909 51.0278 211.5814 76.3856 25.193 192.7569 621.6493 83.959 0.0 33.2186 11.8727 276.9139 105.8927 224.7479 628.1248;
	3.1672 42.7954 52.1229 18.6993 14.4097 3.8126 18.1248 3.7249 25.7201 22.6522 41.8722 62.4651 94.0409 11.9044 0.0 0.0 0.0 0.0 33.7355 15.9123 6.0416 8.8961 60.4186 14.0459 44.4626 55.9729 6.4172 716.8252 427.7303 427.7303 334.1986 49.7293 112.4518 40.9582 37.322 182.4983 549.868 78.1405 0.0 119.0962 6.2395 42.2944 105.18 200.7 555.5958;
