function solarprofile = ex_solar_profilesh1
%EX_WIND_PROFILE_D  Example wind_load_nyiso profile data for deterministic unit commitment.
% 2022.03.12
% Andres F. Ramirez


%% define constants
[GEN_BUS, PG, QG, QMAX, QMIN, VG, MBASE, GEN_STATUS, PMAX, PMIN, ...
    MU_PMAX, MU_PMIN, MU_QMAX, MU_QMIN, PC1, PC2, QC1MIN, QC1MAX, ...
    QC2MIN, QC2MAX, RAMP_AGC, RAMP_10, RAMP_30, RAMP_Q, APF] = idx_gen;
[CT_LABEL, CT_PROB, CT_TABLE, CT_TBUS, CT_TGEN, CT_TBRCH, CT_TAREABUS, ...
    CT_TAREAGEN, CT_TAREABRCH, CT_ROW, CT_COL, CT_CHGTYPE, CT_REP, ...
    CT_REL, CT_ADD, CT_NEWVAL, CT_TLOAD, CT_TAREALOAD, CT_LOAD_ALL_PQ, ...
    CT_LOAD_FIX_PQ, CT_LOAD_DIS_PQ, CT_LOAD_ALL_P, CT_LOAD_FIX_P, ...
    CT_LOAD_DIS_P, CT_TGENCOST, CT_TAREAGENCOST, CT_MODCOST_F, ...
    CT_MODCOST_X] = idx_ct;

solarprofile = struct( ...
    'type', 'mpcData', ...
    'table', CT_TGEN, ...
    'rows', [1:12], ...
    'col', PMAX, ...
    'chgtype', 1, ...
    'values', [] );
solarprofile.values(:,1,:) = [
	0.0 0.0 0.0 0.0 0.0 0.0 0.0 0.0 0.0 0.0 0.0 0.0;
	0.0 0.0 0.0 0.0 0.0 0.0 0.0 0.0 0.0 0.0 0.0 0.0;
	0.0 0.0 0.0 0.0 0.0 0.0 0.0 0.0 0.0 0.0 0.0 0.0;
	0.0 0.0 0.0 0.0 0.0 0.0 0.0 0.0 0.0 0.0 0.0 0.0;
	0.0 0.0 0.0 0.0 0.0 0.0 0.0 0.0 0.0 0.0 0.0 0.0;
	0.4731 0.4018 0.4224 0.0 0.0 0.0 0.0 0.2 0.0 0.0 0.0 0.0;
	0.7477 2.4464 0.8373 0.1534 5.3893 257.9724 32.2466 45.4765 140.5842 110.368 45.256 199.8771;
	7.5408 8.5991 7.5928 0.7691 5.6558 422.5255 52.8157 73.7328 247.8929 62.5247 59.1739 113.2326;
	20.2283 16.0473 13.7818 2.8083 5.8909 436.4014 54.5502 76.3661 261.2773 61.5022 46.5739 111.3808;
	24.2465 16.1547 13.6408 3.8947 5.1991 317.3531 39.6691 63.681 190.0455 58.1225 42.5628 105.2602;
	25.0647 16.371 13.1064 5.1083 7.6003 330.221 41.2776 58.4488 213.9405 92.8542 66.0743 168.1595;
	25.0771 16.3954 13.1243 5.878 9.0596 341.5768 42.6971 56.9978 237.116 124.2105 148.2212 224.9459;
	13.8668 11.5132 10.3468 5.5483 9.6819 240.4033 30.0504 37.6874 198.7176 129.2801 202.5283 234.127;
	13.1003 11.6591 11.2204 4.6967 8.3453 239.0646 29.8831 40.405 162.7229 78.9229 111.953 142.9298;
	8.8984 8.9459 8.6093 3.3028 6.4203 202.1551 25.2694 37.0665 114.7078 54.0071 38.2409 97.8072;
	3.2305 3.7068 2.91 1.0487 0.9226 77.2392 9.6549 16.5633 23.397 14.8335 6.346 26.8636;
	0.485 0.4658 0.3782 0.3631 0.3473 11.0365 1.3796 2.1105 3.1369 8.259 4.3196 14.9572;
	0.0 0.0 0.0 0.0 0.0 0.0 0.0 0.0 0.0 0.0 0.0 0.0;
	0.0 0.0 0.0 0.0 0.0 0.0 0.0 0.0 0.0 0.0 0.0 0.0;
	0.0 0.0 0.0 0.0 0.0 0.0 0.0 0.0 0.0 0.0 0.0 0.0;
	0.0 0.0 0.0 0.0 0.0 0.0 0.0 0.0 0.0 0.0 0.0 0.0;
	0.0 0.0 0.0 0.0 0.0 0.0 0.0 0.0 0.0 0.0 0.0 0.0;
	0.0 0.0 0.0 0.0 0.0 0.0 0.0 0.0 0.0 0.0 0.0 0.0;
	0.0 0.0 0.0 0.0 0.0 0.0 0.0 0.0 0.0 0.0 0.0 0.0;
];
