function windprofile = ex_wind_profilesh1
%EX_WIND_PROFILE_D  Example wind_load_nyiso profile data for deterministic unit commitment.
% 2022.03.12
% Andres F. Ramirez


%% define constants
[GEN_BUS, PG, QG, QMAX, QMIN, VG, MBASE, GEN_STATUS, PMAX, PMIN, ...
    MU_PMAX, MU_PMIN, MU_QMAX, MU_QMIN, PC1, PC2, QC1MIN, QC1MAX, ...
    QC2MIN, QC2MAX, RAMP_AGC, RAMP_10, RAMP_30, RAMP_Q, APF] = idx_gen;
[CT_LABEL, CT_PROB, CT_TABLE, CT_TBUS, CT_TGEN, CT_TBRCH, CT_TAREABUS, ...
    CT_TAREAGEN, CT_TAREABRCH, CT_ROW, CT_COL, CT_CHGTYPE, CT_REP, ...
    CT_REL, CT_ADD, CT_NEWVAL, CT_TLOAD, CT_TAREALOAD, CT_LOAD_ALL_PQ, ...
    CT_LOAD_FIX_PQ, CT_LOAD_DIS_PQ, CT_LOAD_ALL_P, CT_LOAD_FIX_P, ...
    CT_LOAD_DIS_P, CT_TGENCOST, CT_TAREAGENCOST, CT_MODCOST_F, ...
    CT_MODCOST_X] = idx_ct;

windprofile = struct( ...
    'type', 'mpcData', ...
    'table', CT_TGEN, ...
    'rows', [1:45], ...
    'col', PMAX, ...
    'chgtype', 1, ...
    'values', [] );
windprofile.values(:,1,:) = [
	0.8581 11.5944 46.5533 44.0529 7.4542 3.5673 0.0 8.0301 1.2405 18.8459 34.8363 51.9689 78.2389 1.13 149.1412 56.1881 69.7148 73.8769 76.6161 67.0593 0.0 8.3238 65.6444 63.6152 40.3483 41.9794 4.1 174.9363 328.9303 328.9303 174.5431 43.3931 255.387 172.6107 3.5426 140.3436 381.2243 79.4676 0.0 108.0757 53.6299 39.5736 14.8755 63.8355 385.1954;
	0.5429 7.3358 44.7249 56.054 6.9686 1.8428 0.5618 10.0894 8.0657 12.5808 23.2555 34.6926 52.2295 0.1401 119.2634 44.9318 55.7487 59.077 73.603 67.4603 0.1873 4.2999 34.202 56.3626 37.3889 45.0977 5.7216 50.1434 219.9916 219.9916 117.1733 28.5573 245.3434 173.6431 0.4392 93.8631 289.7899 80.2767 0.2151 100.1489 69.5151 20.4429 5.8182 84.6543 292.8086;
	0.3223 4.3552 54.146 51.1837 5.4954 0.7647 0.0 10.0894 4.5245 10.0145 18.5117 27.6157 41.5754 1.4858 90.3715 34.0469 42.2434 44.7654 66.4853 68.4608 0.0 1.7842 26.5109 63.7132 45.1877 48.7521 5.9043 0.0 7.189 7.189 0.0 13.5523 221.6177 176.2182 4.6581 3.0673 145.7362 0.0078 28.1287 121.0386 66.8722 8.4825 0.6326 97.2168 147.2543;
	0.4498 6.0775 63.1045 66.269 7.493 2.6236 1.0907 12.7968 7.6937 14.8958 27.5347 41.0763 61.8402 6.2162 96.5752 36.3842 45.1433 47.8384 48.6416 63.9427 0.3636 6.1218 47.9139 74.5597 55.976 58.0044 7.2391 0.7186 30.279 30.279 0.0112 16.9216 162.1386 164.5887 19.4886 12.919 19.7045 0.0104 168.991 149.9357 67.7712 29.1046 7.1827 139.9062 19.9097;
	0.4826 6.5214 70.9504 69.5888 8.8325 4.5668 1.1362 13.902 2.9922 15.1996 28.0963 41.9141 63.1015 1.5221 121.8973 45.9241 56.9799 60.3817 59.7397 64.4331 0.3787 10.6559 43.9851 74.1923 72.3877 62.0797 8.2371 24.1366 24.7841 24.7841 2.4178 8.7918 199.1322 165.8509 4.7719 10.5746 12.0912 0.0 170.7161 193.8957 72.1354 50.661 20.9967 147.3781 12.2172;
	0.4663 6.3002 75.4399 57.8231 10.0211 4.5326 0.0 11.9998 2.6356 8.7797 16.2292 24.2108 36.4492 6.4327 149.328 56.2585 69.8022 73.9695 84.56 67.2265 0.0 10.5761 32.4015 78.1827 54.7484 66.185 7.441 25.7575 9.4192 9.4192 7.7697 7.9322 281.8666 173.0413 20.1674 4.0189 16.7564 2.7067 11.7444 146.6476 58.375 50.2818 27.1559 138.8831 16.9309;
	0.3814 5.1533 52.4764 37.1182 9.1764 2.7596 2.8576 7.5416 1.956 6.4351 11.8952 17.7454 26.7155 0.1435 119.5116 45.0253 55.8647 59.1999 66.6857 60.6938 0.9525 6.439 15.2096 50.8408 31.0065 59.1558 3.9074 22.5834 0.1716 0.1716 0.094 0.05 222.2856 156.2261 0.4497 0.0732 8.2101 1.2095 0.0 83.053 31.713 30.6131 29.6149 135.7086 8.2956;
	0.4597 6.2119 22.0679 23.456 3.4721 3.0059 3.4233 6.9267 1.9094 4.5503 8.4111 12.5477 18.8905 0.0081 65.5142 24.6821 30.6241 32.4524 19.4848 40.4248 1.1411 7.0137 10.4081 3.9589 27.1494 60.118 4.2451 8.5935 0.0 0.0 0.0 0.0 64.9494 104.0535 0.0254 0.0 8.6683 0.1049 0.0632 72.7217 12.1164 33.3452 19.2222 99.5934 8.7586;
	0.5876 7.9397 26.8925 25.4243 3.7265 7.2731 0.0 5.8567 3.7465 0.1114 0.2059 0.3071 0.4624 7.8665 14.4149 5.4307 6.7381 7.1404 0.1066 9.7129 0.0 16.9705 3.228 24.8894 25.6279 55.8432 4.1935 10.8748 1.4629 1.4629 1.4755 0.0 0.3554 25.001 24.6626 0.6242 14.1511 0.2577 100.9268 68.6461 67.066 80.6828 28.8865 77.3643 14.2985;
	0.5556 7.5073 28.5584 23.4607 7.1089 3.4855 0.0 4.7716 1.7311 2.7169 5.0221 7.492 11.2791 6.5116 9.44 3.5565 4.4127 4.6761 0.9099 6.4462 0.0 8.1328 10.3733 24.43 24.3574 50.1684 3.1076 27.6134 24.3919 24.3919 12.1743 0.0 3.0329 16.5925 20.4148 10.4072 10.4097 3.1866 37.4181 65.2431 57.0268 38.6656 48.2535 84.5455 10.5181;
	0.7331 9.906 39.0602 0.041 11.3425 0.5128 0.0 3.5802 0.5977 14.6725 27.1219 40.4605 60.9131 1.9781 47.0416 17.7226 21.9892 23.302 6.5747 10.3923 0.0 1.1965 34.4754 32.9267 40.0536 51.9472 1.2721 56.1575 65.3144 65.3144 14.0501 0.0 21.9157 26.7499 6.2015 27.8675 68.593 2.6854 4.2409 107.2863 66.6193 5.6886 1.7685 93.7471 69.3075;
	1.5732 21.2578 57.9503 1.5653 13.7643 9.1977 0.0 0.361 8.1118 8.6356 15.9628 23.8134 35.8509 2.6712 64.3537 24.2449 30.0816 31.8775 1.4122 9.7259 0.0 21.4612 54.1895 48.1009 1.2594 47.1725 0.1036 161.9848 106.3562 106.3562 8.3067 5.0201 4.7074 25.0344 8.3747 45.3787 134.4024 3.6485 42.5541 3.3734 81.1932 102.0327 19.667 130.2669 135.8024;
	2.2377 30.2366 77.9473 4.4997 14.2371 10.912 0.0 1.0859 0.0227 24.0773 44.5065 66.395 99.9573 0.7725 27.0087 10.1754 12.625 13.3788 12.3438 8.33 0.0 25.4613 35.1201 63.3822 68.1893 56.5529 1.1686 221.2063 161.2293 161.2293 10.5778 5.0234 41.1458 21.4416 2.4218 68.7912 174.1021 4.657 5.085 182.6498 43.7071 121.0504 112.3459 177.8053 175.9157;
	1.8427 24.8992 10.1536 28.5716 15.0914 21.6532 0.3432 15.5031 1.3378 0.1133 0.2094 0.3124 0.4702 2.7639 137.2276 51.6997 64.1459 67.9755 14.5408 8.6153 0.1144 50.5241 45.1987 18.8839 35.2936 40.1471 8.7078 190.7215 215.1539 215.1539 10.1155 4.4924 48.4692 22.1758 8.6653 91.799 181.5281 10.4157 30.2714 94.5364 84.421 240.2059 85.4333 147.1399 183.419;
	2.1048 28.4402 8.7035 18.1711 10.9556 23.4615 0.0 4.1743 2.0736 4.1799 7.7265 11.5264 17.3529 1.0732 122.9073 46.3046 57.452 60.882 19.3873 2.4715 0.0 54.7434 30.1863 1.9976 0.7079 11.8793 1.5421 303.8878 278.3863 278.3863 106.1565 8.5177 64.6244 6.3617 3.3647 118.7782 265.4359 24.4304 0.8676 1.8962 11.1818 260.2658 83.9577 115.0917 268.2008;
	2.9929 40.4408 84.9042 14.9229 14.0857 5.204 0.0 2.3286 0.6199 3.4752 6.4239 9.5832 14.4274 0.2464 123.5245 46.5371 57.7405 61.1877 24.6452 3.4068 0.0 12.1428 45.9411 1.1929 0.1333 3.399 1.6331 435.6663 298.4111 298.4111 178.7346 10.7847 82.1507 8.7691 0.7726 127.3221 339.881 44.3978 0.0 0.3571 20.1216 57.7303 0.1134 187.7776 343.4214;
	3.4249 46.2779 36.8548 25.8234 14.5538 5.7216 0.0 10.1419 1.6283 4.1174 7.6109 11.354 17.0934 0.0 42.408 15.977 19.8233 21.0068 5.848 0.9523 0.0 13.3505 3.8082 39.1958 11.2495 19.3635 1.3489 375.9607 372.0409 372.0409 177.0128 22.9112 19.4934 2.4512 0.0 158.7374 460.2259 71.0948 7.6978 30.1325 85.6455 63.4721 132.3345 223.7845 465.02;
	2.6086 35.2484 7.4402 19.6122 14.0035 19.5311 0.0 6.2286 0.572 2.3335 4.3135 6.4348 9.6876 0.0 103.4233 38.9641 48.3444 51.2306 18.7652 1.0847 0.0 45.5725 16.2622 14.218 1.5466 16.7104 0.9937 517.1351 480.5133 480.5133 315.3583 31.6184 62.5507 2.792 0.0 205.019 555.9093 95.014 43.4459 4.1428 70.9944 216.6647 107.8765 222.0917 561.7;
	3.2247 43.5725 86.6478 19.4263 14.6333 26.1566 0.0 5.5188 0.6066 8.6663 16.0195 23.898 35.9783 6.7691 72.6759 27.3802 33.9718 35.9999 9.8037 42.254 0.0 61.032 33.3289 40.4558 9.1088 66.2989 1.8319 767.1656 444.7375 444.7375 372.2228 46.7101 32.6791 108.762 21.2219 189.7547 651.1534 80.1994 20.0719 24.3986 15.5817 290.1634 112.4921 221.9328 657.9362;
	3.098 41.8609 39.5205 16.729 14.6596 9.4726 17.5344 10.8103 26.4201 22.6504 41.8689 62.4602 94.0335 4.0447 25.9745 9.7858 12.1416 12.8665 14.4505 20.2153 5.8448 22.1028 64.178 41.9325 7.0181 55.6231 2.9249 700.7621 431.9128 431.9128 338.7076 42.9653 48.1682 52.0343 12.6807 184.2828 581.7519 74.685 11.6683 18.7984 55.6423 105.083 114.9486 188.6126 587.8118;
