function loadprofile = ex_load_profilesh1
%EX_LOAD_PROFILE  Example load profile data file for stochastic unit commitment.
% 2022.03.12
% Andres F. Ramirez

%% define constants
[CT_LABEL, CT_PROB, CT_TABLE, CT_TBUS, CT_TGEN, CT_TBRCH, CT_TAREABUS, ...
    CT_TAREAGEN, CT_TAREABRCH, CT_ROW, CT_COL, CT_CHGTYPE, CT_REP, ...
    CT_REL, CT_ADD, CT_NEWVAL, CT_TLOAD, CT_TAREALOAD, CT_LOAD_ALL_PQ, ...
    CT_LOAD_FIX_PQ, CT_LOAD_DIS_PQ, CT_LOAD_ALL_P, CT_LOAD_FIX_P, ...
    CT_LOAD_DIS_P, CT_TGENCOST, CT_TAREAGENCOST, CT_MODCOST_F, ...
    CT_MODCOST_X] = idx_ct;

loadprofile = struct( ...
    'type', 'mpcData', ...
    'table', CT_TAREALOAD, ...
    'rows', [1:11], ...
    'col', CT_LOAD_ALL_P, ...
    'chgtype', 1, ...
    'values', [] );
loadprofile.values(:,1,:) = [
	1579.468 977.2957 1680.0194 604.4 800.8981 1162.3129 881.8161 290.0716 518.852 4705.38 1773.6;
	1588.8175 976.5468 1682.4151 596.5 801.8919 1191.6918 890.1333 289.6228 502.1222 4702.5643 1781.2698;
	1593.8636 977.3155 1682.4324 593.2527 822.9287 1176.5645 891.5459 295.5663 509.4405 4681.594 1796.9387;
	1690.729 1065.2914 1791.3 602.2197 890.1802 1304.4364 960.3767 308.2 575.0206 5006.0047 1921.444;
	1834.7872 1206.4625 2013.9 627.0583 1028.2 1483.037 1080.9031 350.1 654.5 5574.5287 2202.3556;
	1928.9677 1286.7322 2084.0414 624.4211 1090.1 1530.5831 1128.1607 364.7285 712.7981 5905.8118 2306.8032;
	1889.0365 1294.8683 2054.1314 608.8 1053.3923 1499.938 1101.7867 349.9317 709.0602 6139.3675 2277.8678;
	1889.6503 1299.2531 2028.8997 610.1372 1043.1383 1485.1417 1081.6933 354.5483 715.4407 6340.2469 2229.3859;
	1909.0837 1292.9949 2005.835 598.7404 1015.7777 1433.6246 1047.2052 350.8 689.8356 6392.423 2164.8027;
	1877.1354 1275.0488 1950.9668 608.7696 996.9165 1399.7 1010.4186 353.1577 677.8804 6322.4091 2161.1693;
	1829.858 1255.0205 1959.9781 591.083 1016.1168 1362.7008 995.5069 349.0926 667.3993 6300.3205 2016.9682;
	1876.1069 1273.4932 1968.8439 609.5203 998.912 1382.9157 1031.9917 346.7264 664.6599 6440.0221 2109.6945;
	1859.645 1282.213 1964.6108 613.5532 987.6 1361.5334 1039.7722 340.9 662.7 6341.3304 2107.9331;
	1797.3046 1314.6087 1941.4416 609.2 1011.3048 1320.9 1044.5119 333.1827 674.151 6317.2096 2177.936;
	1795.5575 1263.4652 1922.4 601.7215 1002.9109 1372.7277 1038.6717 327.1629 678.0633 6391.7159 2283.3481;
	1805.1581 1271.1086 1904.5628 595.6 994.6548 1403.6172 1045.7121 341.4284 690.6623 6379.0264 2378.3532;
	1743.3781 1229.8503 1841.8723 585.9 1013.7397 1392.2511 1076.2249 364.6422 687.3037 6249.635 2404.8679;
	1818.4531 1285.8744 1920.616 596.9 994.5814 1450.9865 1116.6657 361.3275 713.8 6189.73 2522.66;
	1850.1136 1324.17 1958.2 606.5408 1014.2459 1462.8 1157.7921 378.4577 727.2 6191.6114 2578.1481;
	1777.0871 1259.8977 1861.7939 597.06 983.146 1360.8227 1097.4 356.5214 707.7247 5917.0 2465.88;
	1681.8561 1173.335 1741.7672 579.4 901.348 1232.7676 1017.5565 328.8323 657.1737 5577.9601 2168.8386;
	1619.1035 1097.8222 1619.8418 555.905 820.3515 1150.3396 944.933 282.8886 613.5746 5140.0508 1993.5151;
	1604.7501 984.5164 1523.1538 573.2943 787.2144 1108.2711 885.0715 277.2 612.6098 4778.9 1948.3633;
	1566.245 971.7731 1552.5242 573.8 783.9 1066.1326 850.3 258.4 556.8116 4545.8103 1800.3;
];
