function windprofile = ex_wind_profilesh1
%EX_WIND_PROFILE_D  Example wind_load_nyiso profile data for deterministic unit commitment.
% 2022.03.12
% Andres F. Ramirez


%% define constants
[GEN_BUS, PG, QG, QMAX, QMIN, VG, MBASE, GEN_STATUS, PMAX, PMIN, ...
    MU_PMAX, MU_PMIN, MU_QMAX, MU_QMIN, PC1, PC2, QC1MIN, QC1MAX, ...
    QC2MIN, QC2MAX, RAMP_AGC, RAMP_10, RAMP_30, RAMP_Q, APF] = idx_gen;
[CT_LABEL, CT_PROB, CT_TABLE, CT_TBUS, CT_TGEN, CT_TBRCH, CT_TAREABUS, ...
    CT_TAREAGEN, CT_TAREABRCH, CT_ROW, CT_COL, CT_CHGTYPE, CT_REP, ...
    CT_REL, CT_ADD, CT_NEWVAL, CT_TLOAD, CT_TAREALOAD, CT_LOAD_ALL_PQ, ...
    CT_LOAD_FIX_PQ, CT_LOAD_DIS_PQ, CT_LOAD_ALL_P, CT_LOAD_FIX_P, ...
    CT_LOAD_DIS_P, CT_TGENCOST, CT_TAREAGENCOST, CT_MODCOST_F, ...
    CT_MODCOST_X] = idx_ct;

windprofile = struct( ...
    'type', 'mpcData', ...
    'table', CT_TGEN, ...
    'rows', [1:45], ...
    'col', PMAX, ...
    'chgtype', 1, ...
    'values', [] );
windprofile.values(:,1,:) = [
	0.6625 8.9519 53.2732 64.65 7.0856 2.0427 4.7344 6.5423 4.5823 16.2517 30.0411 44.8154 67.4694 0.0 141.9485 53.4783 66.3527 70.314 74.7017 63.95 1.5781 4.7662 64.9755 64.0599 37.3622 43.542 3.5474 201.0082 319.1609 319.1609 213.5125 45.3858 249.0056 164.6074 0.0 136.1753 388.9422 79.4063 7.2469 100.0773 59.8346 22.6601 0.581 53.2637 392.9937;
	0.5163 6.9767 48.3589 63.4256 6.657 3.8208 1.1859 8.3691 2.2026 8.1344 15.0362 22.4311 33.7699 1.0044 115.8712 43.6538 54.1631 57.3967 67.2453 61.7616 0.3953 8.9153 31.3919 62.8603 45.8819 42.2768 5.1121 74.4581 222.0304 222.0304 151.792 33.049 224.1512 158.9745 3.149 94.733 302.2708 85.8743 43.9118 122.8979 72.6878 42.3859 21.2159 67.1146 305.4194;
	0.2992 4.0429 52.934 67.7212 5.0952 3.0626 12.9017 10.0373 17.0401 9.7477 18.0184 26.8799 40.4676 9.9601 85.8771 32.3537 40.1426 42.5391 62.2456 58.7451 4.3006 7.146 29.3305 72.8449 49.8841 48.4665 5.8468 9.3205 40.9173 40.9173 51.5193 17.0684 207.4853 151.2099 31.2261 17.4581 180.1756 1.8622 290.9237 133.6182 61.8517 33.9741 17.051 79.1429 182.0524;
	0.3687 4.9826 58.5657 74.6524 7.672 2.7999 13.274 12.9299 18.2185 14.8764 27.4989 41.0229 61.7598 4.0273 92.4203 34.8188 43.2011 45.7803 47.7691 60.5618 4.4247 6.5332 50.8437 78.4748 59.092 58.2293 7.2274 1.2146 5.9979 5.9979 14.9925 19.4076 159.2302 155.8862 12.6261 2.5591 37.298 2.5574 307.8996 158.2822 62.9403 31.0607 13.2474 128.6211 37.6865;
	0.4957 6.6976 69.6659 72.8558 9.8889 4.2583 14.129 13.6339 19.5915 14.7756 27.3125 40.7449 61.3413 1.6774 122.1187 46.0075 57.0834 60.4914 56.1213 60.7095 4.7097 9.9361 48.2145 80.8729 77.7962 65.3183 8.3722 14.7561 5.0652 5.0652 32.7084 9.801 187.0709 156.2664 5.2587 2.1612 15.3176 6.1914 386.7668 208.3828 68.0813 47.2393 45.4589 132.9071 15.4772;
	0.5301 7.1624 75.9531 64.0363 10.3401 4.6788 13.763 12.5065 26.5453 8.6836 16.0514 23.9456 36.0499 1.0078 148.9866 56.1298 69.6426 73.8003 79.3015 64.0129 4.5877 10.9171 39.3028 82.4966 59.9347 63.0466 7.6534 9.5469 9.3056 9.3056 20.9504 11.5571 264.3384 164.7693 3.1597 3.9704 9.8396 3.0001 321.0331 160.5393 53.873 51.9031 27.4333 141.0283 9.9421;
	0.5344 7.2209 58.1781 44.6901 9.7129 3.5575 4.9047 8.7444 20.9109 6.5269 12.0648 17.9983 27.0963 0.0225 123.0222 46.3479 57.5057 60.9389 67.3136 63.7796 1.6349 8.3007 28.4445 60.9064 39.1569 63.8204 4.3894 23.7187 23.6368 23.6368 8.7131 2.2808 224.3786 164.1689 0.0707 10.085 9.3116 1.1723 300.9781 104.8844 26.8808 39.4641 33.7276 144.1392 9.4086;
	0.6309 8.5248 37.6442 34.8695 4.8832 6.0053 5.1506 8.1514 13.6462 2.9401 5.4348 8.1076 12.206 0.0916 62.186 23.4282 29.0683 30.8038 19.1666 41.4014 1.7169 14.0124 13.852 43.6085 39.8477 64.5109 5.1095 15.2054 46.8005 46.8005 14.9408 4.7661 63.8887 106.5674 0.287 19.9682 39.9551 3.3456 215.004 106.7348 11.489 66.6189 77.022 118.4421 40.3713;
	0.6829 9.2278 30.5891 30.123 3.8691 14.4004 6.1628 5.9632 22.4756 0.0 0.0 0.0 0.0 0.2935 16.401 6.179 7.6665 8.1242 38.7352 16.8064 2.0543 33.6009 6.7318 37.1568 30.4862 52.953 4.5477 1.4831 18.5132 18.5132 7.6574 1.4237 129.1173 43.2598 0.92 7.899 7.2855 0.5663 221.1328 81.6594 3.9679 159.7485 42.7371 82.6869 7.3614;
	0.6654 8.991 31.1984 27.2905 7.5047 15.9723 4.5979 3.9932 9.1294 0.0002 0.0004 0.0006 0.0009 0.0234 5.6151 2.1154 2.6247 2.7814 46.2491 9.5552 1.5326 37.2686 12.4134 30.7086 28.3915 43.4774 3.2493 36.6909 141.8894 141.8894 56.9511 1.9024 154.1636 24.5951 0.0732 60.5395 165.4116 5.2836 300.4111 76.0487 13.2218 177.1856 54.7455 94.7746 167.1346;
	0.9004 12.1658 40.2064 7.5088 10.8858 4.4259 29.0389 2.8489 25.5846 0.0553 0.1022 0.1525 0.2296 0.1965 0.0052 0.002 0.0024 0.0026 16.3115 10.6738 9.6796 10.3271 34.4257 21.3716 39.3041 36.6739 1.2736 51.4399 76.4052 76.4052 10.6557 0.0 54.3717 27.4743 0.6159 32.5996 81.0103 0.4927 368.0446 105.2788 4.2346 49.0979 80.8994 98.7538 81.8542;
	1.6601 22.4321 56.6547 2.9089 13.0826 2.5707 10.497 0.0222 21.8663 0.3686 0.6813 1.0164 1.5301 0.4221 0.0 0.0 0.0 0.0 3.9367 8.5445 3.499 5.9984 55.6458 43.3431 0.2189 23.6709 0.3053 109.5064 113.1044 113.1044 4.3487 1.14 13.1224 21.9935 1.3234 48.2579 128.3846 0.0 242.5451 0.5864 0.396 28.518 44.7824 130.6819 129.7219;
	2.4497 33.1006 81.8568 15.8991 14.0061 1.6688 13.9547 0.5127 16.3041 24.2427 44.8123 66.8512 100.6441 2.6388 0.0 0.0 0.0 0.0 0.318 8.5161 4.6516 3.894 38.2927 62.0385 67.3703 43.7146 0.4813 190.6764 177.9599 177.9599 44.7982 2.4919 1.0601 21.9205 8.2731 75.9296 189.8499 3.9968 325.3111 180.4563 2.1446 18.5131 119.1527 184.2731 191.8275;
	2.0141 27.2154 9.6429 16.1872 13.7887 18.898 1.0002 2.7871 4.4216 0.5301 0.98 1.4619 2.2009 4.2405 0.0 0.0 0.0 0.0 0.0011 7.8326 0.3334 44.0954 48.5461 5.2952 18.4454 29.835 2.135 137.581 226.4549 226.4549 44.027 3.0123 0.0038 20.1611 13.2944 96.6207 210.3428 12.9593 49.5058 49.4072 0.7177 209.6421 91.1307 148.672 212.5339;
	2.3423 31.6503 32.9225 26.8865 9.2777 2.4618 0.7539 3.1699 8.9313 0.1997 0.3692 0.5507 0.8292 1.6186 0.0 0.0 0.0 0.0 0.0 0.0 0.2513 5.7443 30.4808 50.827 52.2795 2.7378 5.1391 231.0398 267.0561 267.0561 85.6159 4.1204 0.0 0.0 5.0745 113.9439 263.3532 14.5962 76.8199 140.0343 5.4549 27.3101 88.5823 120.4063 266.0965;
	3.367 45.4954 86.3116 11.9922 14.1745 1.3747 4.2272 4.2839 5.9699 1.3098 2.4211 3.6119 5.4377 1.4119 0.0 0.0 0.0 0.0 0.0 0.0 1.4091 3.2076 48.0157 21.8932 30.7707 6.0165 6.7998 392.1579 322.2854 322.2854 186.8009 8.0485 0.0 0.0 4.4265 137.5084 356.83 41.6598 188.352 82.4215 41.4394 15.25 36.849 192.1596 360.547;
	3.4504 46.6221 10.2869 6.3682 14.4528 0.0 1.2162 3.0864 4.9631 0.4713 0.8713 1.2998 1.9568 0.0 0.0 0.0 0.0 0.0 0.0 0.0033 0.4054 0.0 10.8987 38.7881 32.9469 3.043 4.1527 352.3708 383.233 383.233 195.7575 22.7111 0.0 0.0085 0.0 163.5128 452.591 74.1192 38.5759 88.2505 7.8015 0.0 134.9666 229.3437 457.3055;
	2.8009 37.8464 4.8274 28.2046 14.6541 18.1887 7.8856 2.8411 15.7952 5.1152 9.4553 14.1055 21.2357 0.2206 0.1945 0.0733 0.0909 0.0964 0.001 1.2069 2.6285 42.4404 18.1206 59.54 59.0709 2.1762 3.4312 515.4849 501.1275 501.1275 353.9155 35.7544 0.0032 3.1066 0.6915 213.8144 546.5724 98.7259 82.6465 158.2257 20.8561 201.7736 119.0372 224.2695 552.2658;
	3.0925 41.7863 80.5034 2.2744 14.8926 23.749 9.3594 0.0007 10.9973 7.8977 14.5989 21.7786 32.7876 4.6027 0.0 0.0 0.0 0.0 0.0 29.3821 3.1198 55.4143 29.5334 2.5677 1.875 58.8877 0.4048 798.6362 462.7128 462.7128 387.3764 45.9234 0.0 75.6295 14.4302 197.4241 628.7535 81.9723 42.2567 5.0224 8.9202 263.4553 115.7164 197.26 635.303;
	3.0559 41.2921 0.3045 4.3003 14.855 0.0375 20.129 0.0 27.5758 21.8263 40.3455 60.1876 90.6121 3.3302 8.7207 3.2855 4.0764 4.3198 0.8999 20.1017 6.7097 0.0875 60.0779 8.318 5.5731 54.0744 0.0003 799.2323 447.3638 447.3638 349.9184 47.0032 2.9996 51.7418 10.4406 190.8752 562.1957 81.3366 46.4355 14.9278 24.5475 0.4158 117.3217 176.0747 568.0519;
