function loadprofile = ex_load_profilesh1
%EX_LOAD_PROFILE  Example load profile data file for stochastic unit commitment.
% 2022.03.12
% Andres F. Ramirez

%% define constants
[CT_LABEL, CT_PROB, CT_TABLE, CT_TBUS, CT_TGEN, CT_TBRCH, CT_TAREABUS, ...
    CT_TAREAGEN, CT_TAREABRCH, CT_ROW, CT_COL, CT_CHGTYPE, CT_REP, ...
    CT_REL, CT_ADD, CT_NEWVAL, CT_TLOAD, CT_TAREALOAD, CT_LOAD_ALL_PQ, ...
    CT_LOAD_FIX_PQ, CT_LOAD_DIS_PQ, CT_LOAD_ALL_P, CT_LOAD_FIX_P, ...
    CT_LOAD_DIS_P, CT_TGENCOST, CT_TAREAGENCOST, CT_MODCOST_F, ...
    CT_MODCOST_X] = idx_ct;

loadprofile = struct( ...
    'type', 'mpcData', ...
    'table', CT_TAREALOAD, ...
    'rows', [1:11], ...
    'col', CT_LOAD_ALL_P, ...
    'chgtype', 1, ...
    'values', [] );
loadprofile.values(:,1,:) = [
	1489.3442 928.574 1593.2141 601.8578 753.9822 1159.4576 828.764 246.5608 482.8641 4437.2439 1743.5116;
	1482.1333 934.641 1582.8331 614.6 761.0123 1148.7876 820.5131 247.2908 484.0525 4349.8768 1722.1621;
	1486.2337 947.1331 1588.7483 612.6954 787.9661 1173.0831 857.6479 250.2 482.3533 4385.9665 1726.3164;
	1547.0028 1009.9043 1686.6981 614.2325 857.2784 1249.5 874.9452 264.4126 514.9839 4607.1093 1831.4;
	1718.0279 1146.152 1844.3528 623.9318 966.0264 1400.1986 950.3212 306.5 610.1853 5206.1418 2064.7647;
	1773.8886 1211.0331 1939.5648 626.0 1020.0724 1484.2239 1015.5553 339.5973 685.2645 5700.8378 2233.7;
	1793.2538 1218.2411 1896.272 615.0227 995.7584 1486.4821 1048.7373 338.1115 695.1649 5979.1761 2261.6804;
	1778.899 1236.9781 1926.2611 603.5 1025.3118 1506.7671 1051.5633 348.9359 705.4 6313.2288 2254.8045;
	1782.8059 1216.4621 1909.9464 607.2 1053.1733 1465.2 1023.2 348.0415 680.0 6421.0635 2168.7465;
	1733.8206 1184.2277 1883.1405 593.9046 1017.6456 1382.5617 944.7019 334.4 641.5638 6216.9086 2058.6247;
	1756.9043 1206.8144 1894.5208 614.3673 1049.7532 1397.0863 943.6762 348.4112 645.4959 6281.0415 2024.203;
	1760.8301 1182.7338 1886.0516 616.5086 1021.9977 1341.9017 928.0775 332.039 626.4312 6229.8413 1960.7293;
	1663.0571 1155.3447 1886.8105 609.4112 1003.1242 1333.7946 871.6166 333.223 642.2464 6240.0131 1939.4681;
	1671.1084 1179.9 1910.9571 604.9042 1012.9671 1350.1825 902.2689 333.0286 625.9053 6278.0041 1982.1154;
	1661.5212 1206.2 1904.1502 608.3 1014.8293 1401.1077 919.8833 328.2706 625.0798 6343.4184 2103.2318;
	1676.4407 1187.6 1887.7 600.9102 1009.7431 1412.3216 914.8238 329.8815 656.7 6249.6943 2225.8244;
	1715.5353 1231.4855 1962.6614 602.5881 1036.4062 1472.435 1045.2593 356.9194 672.9146 6197.2879 2361.7532;
	1759.5361 1245.2315 1997.8 607.7 1028.1682 1509.4447 1095.544 362.4817 716.3387 6008.1448 2428.5075;
	1755.6344 1266.8787 1977.0044 592.8213 1014.8 1452.7201 1059.4613 353.5366 687.1785 5826.5401 2443.3618;
	1709.2209 1197.7235 1881.7749 567.6244 972.0795 1410.9338 1035.3658 339.2036 677.1279 5762.5 2371.5142;
	1618.2575 1125.6225 1768.6473 560.3967 933.3359 1341.24 961.0399 295.7 650.1 5434.1215 2183.5365;
	1519.4639 1041.2929 1657.3195 561.6386 868.8719 1255.3394 914.5434 245.5763 602.3867 5186.3759 1985.1009;
	1440.6869 953.6834 1571.8164 539.2564 842.0645 1166.8 856.2228 241.9861 545.9 4546.5521 1779.1102;
	1353.1291 926.1551 1528.633 556.4747 756.3842 1103.8415 788.4198 205.082 503.3109 4253.9395 1708.7954;
];
