function loadprofile = ex_load_profilesh1
%EX_LOAD_PROFILE  Example load profile data file for stochastic unit commitment.
% 2022.03.12
% Andres F. Ramirez

%% define constants
[CT_LABEL, CT_PROB, CT_TABLE, CT_TBUS, CT_TGEN, CT_TBRCH, CT_TAREABUS, ...
    CT_TAREAGEN, CT_TAREABRCH, CT_ROW, CT_COL, CT_CHGTYPE, CT_REP, ...
    CT_REL, CT_ADD, CT_NEWVAL, CT_TLOAD, CT_TAREALOAD, CT_LOAD_ALL_PQ, ...
    CT_LOAD_FIX_PQ, CT_LOAD_DIS_PQ, CT_LOAD_ALL_P, CT_LOAD_FIX_P, ...
    CT_LOAD_DIS_P, CT_TGENCOST, CT_TAREAGENCOST, CT_MODCOST_F, ...
    CT_MODCOST_X] = idx_ct;

loadprofile = struct( ...
    'type', 'mpcData', ...
    'table', CT_TAREALOAD, ...
    'rows', [1:11], ...
    'col', CT_LOAD_ALL_P, ...
    'chgtype', 1, ...
    'values', [] );
loadprofile.values(:,1,:) = [
	1655.9055 1005.6384 1684.0 587.3 855.2882 1212.7796 856.5642 297.3727 548.1649 4829.8297 1831.1909;
	1624.0687 1002.2328 1699.1249 589.3558 837.2123 1211.3234 860.4756 301.7397 535.1305 4810.0697 1813.1725;
	1639.0 1025.5911 1748.4858 599.8538 870.9 1245.1387 875.4389 295.641 541.1 4725.5828 1820.597;
	1719.4 1108.3391 1883.8489 600.3537 939.3 1312.0248 924.8301 329.2 566.1466 5015.7055 1949.1;
	1809.3 1188.7 2034.6957 604.9 1013.6674 1448.0696 1018.2 350.2297 632.7596 5414.3445 2151.6423;
	1947.0746 1277.9405 2147.1028 595.1872 1060.7059 1526.4246 1080.6772 368.7892 698.9 6001.5327 2289.4499;
	1905.3255 1281.5273 2169.8869 601.018 1070.0 1506.7106 1114.8185 375.0475 713.9377 6317.9725 2316.8441;
	1915.6578 1267.8894 2177.8612 603.4 1046.9 1449.7652 1105.1 358.7 719.314 6518.0009 2268.1685;
	1914.6159 1259.0847 2146.6399 601.252 1010.8779 1400.5128 1083.789 353.4618 717.1322 6616.4706 2240.1636;
	1921.1933 1267.0284 2171.2297 584.6595 1034.3914 1358.5373 1111.0948 329.8488 691.8277 6646.5678 2308.0104;
	1899.1534 1244.1341 2086.8955 580.2226 1003.5091 1312.1319 1067.9575 327.1406 671.6996 6650.4 2228.7849;
	1896.7483 1238.3588 2042.9764 569.5279 970.8343 1224.8754 1006.1684 308.7219 647.8609 6600.6 2253.6018;
	1901.6321 1239.5707 2040.4072 560.6709 974.8858 1256.006 1028.7244 305.5983 647.5088 6646.3611 2216.0696;
	1856.5547 1208.0753 2026.2135 562.8476 955.8595 1257.6164 1031.5355 295.0926 645.4151 6568.9366 2263.2931;
	1905.5068 1233.1099 2052.3359 556.0594 951.1 1295.674 1029.2 273.4587 659.4 6634.9176 2281.5715;
	1952.6152 1228.8268 2004.3389 576.3507 972.2 1279.9744 1084.4 292.3507 671.6585 6683.4499 2383.6063;
	1947.7847 1200.5616 2017.5374 604.1 1012.634 1312.0695 1106.7194 313.0025 699.8507 6763.0344 2594.275;
	1988.7 1240.5479 2037.539 606.8243 991.5179 1314.6976 1142.2611 350.6429 739.3341 6749.0289 2647.3297;
	1995.627 1219.4424 2004.9 594.0939 982.9294 1330.5901 1116.4794 352.0 714.4522 6517.4838 2512.7739;
	1926.8598 1176.3 1948.47 581.6521 984.1514 1279.3959 1077.3827 326.9 687.8263 6086.7116 2418.7124;
	1797.4062 1125.5183 1874.4631 579.314 950.8697 1233.6796 1029.0206 305.2522 637.1929 5869.3204 2242.5874;
	1664.4581 1045.6458 1767.2565 566.9878 900.966 1162.6009 954.3 278.6 603.3834 5446.8218 2040.9504;
	1569.5123 961.8 1651.1 580.1347 831.0394 1126.8397 907.4 256.547 539.4 4968.9911 1891.1;
	1515.7085 934.9294 1625.8187 574.7433 795.5916 1112.5 872.4 255.3 506.874 4759.4175 1769.2749;
];
