function solarprofile = ex_solar_profilesh1
%EX_WIND_PROFILE_D  Example wind_load_nyiso profile data for deterministic unit commitment.
% 2022.03.12
% Andres F. Ramirez


%% define constants
[GEN_BUS, PG, QG, QMAX, QMIN, VG, MBASE, GEN_STATUS, PMAX, PMIN, ...
    MU_PMAX, MU_PMIN, MU_QMAX, MU_QMIN, PC1, PC2, QC1MIN, QC1MAX, ...
    QC2MIN, QC2MAX, RAMP_AGC, RAMP_10, RAMP_30, RAMP_Q, APF] = idx_gen;
[CT_LABEL, CT_PROB, CT_TABLE, CT_TBUS, CT_TGEN, CT_TBRCH, CT_TAREABUS, ...
    CT_TAREAGEN, CT_TAREABRCH, CT_ROW, CT_COL, CT_CHGTYPE, CT_REP, ...
    CT_REL, CT_ADD, CT_NEWVAL, CT_TLOAD, CT_TAREALOAD, CT_LOAD_ALL_PQ, ...
    CT_LOAD_FIX_PQ, CT_LOAD_DIS_PQ, CT_LOAD_ALL_P, CT_LOAD_FIX_P, ...
    CT_LOAD_DIS_P, CT_TGENCOST, CT_TAREAGENCOST, CT_MODCOST_F, ...
    CT_MODCOST_X] = idx_ct;

solarprofile = struct( ...
    'type', 'mpcData', ...
    'table', CT_TGEN, ...
    'rows', [1:12], ...
    'col', PMAX, ...
    'chgtype', 1, ...
    'values', [] );
solarprofile.values(:,1,:) = [
	0.0 0.0 0.0 0.0 0.0 0.0 0.0 0.0 0.0 0.0 0.0 0.0;
	0.0 0.0 0.0 0.0 0.0 0.0 0.0 0.0 0.0 0.0 0.0 0.0;
	0.0 0.0 0.0 0.0 0.0 0.0 0.0 0.0 0.0 0.0 0.0 0.0;
	0.0 0.0 0.0 0.0 0.0 0.0 0.0 0.0 0.0 0.0 0.0 0.0;
	0.0 0.0 0.0 0.0 0.0 0.0 0.0 0.0 0.0 0.0 0.0 0.0;
	0.4731 0.4018 0.4224 0.0 0.0 0.0 0.0 0.2 0.0 0.0 0.0 0.0;
	1.8014 1.9258 1.2707 2.263 6.0265 288.2214 36.0277 44.5037 243.2062 49.9253 9.484 90.4151;
	8.8686 8.4394 8.5194 3.4263 5.8688 445.5433 55.6929 70.6311 282.6385 115.4614 19.2809 209.1013;
	19.0533 15.9295 13.8 5.989 6.0543 454.2686 56.7836 72.8146 281.8659 149.9128 28.0304 271.493;
	23.8212 16.1174 13.6408 4.8128 4.9264 346.3237 43.2905 55.4128 190.0784 184.5764 37.5848 334.2689;
	25.0496 16.371 13.7627 3.7505 5.6752 336.9136 42.1142 51.9585 212.5211 208.2949 44.2567 377.2234;
	25.0771 16.3954 13.769 2.0254 5.4928 343.4076 42.926 51.6224 242.232 192.9005 49.2029 349.3439;
	11.4564 8.1751 7.9615 1.9595 5.4958 282.2762 35.2845 37.8694 191.1745 99.6325 52.6282 180.4351;
	8.0041 5.6937 6.0054 2.4715 5.4821 282.8957 35.362 48.6002 141.0619 77.5326 58.9359 140.412;
	5.5241 4.498 4.4386 3.3402 6.0052 219.0144 27.3768 51.2129 93.2751 58.3703 63.7273 105.709;
	1.8794 1.5903 1.5264 2.7005 3.48 49.5375 6.1922 21.8539 26.9803 14.5173 39.2436 26.2909;
	0.4674 0.4101 0.3615 0.51 1.1049 13.5571 1.6946 1.2442 8.2561 6.7094 15.1356 12.1507;
	0.0 0.0 0.0 0.0 0.0 0.0 0.0 0.0 0.0 0.0 0.0 0.0;
	0.0 0.0 0.0 0.0 0.0 0.0 0.0 0.0 0.0 0.0 0.0 0.0;
	0.0 0.0 0.0 0.0 0.0 0.0 0.0 0.0 0.0 0.0 0.0 0.0;
	0.0 0.0 0.0 0.0 0.0 0.0 0.0 0.0 0.0 0.0 0.0 0.0;
	0.0 0.0 0.0 0.0 0.0 0.0 0.0 0.0 0.0 0.0 0.0 0.0;
	0.0 0.0 0.0 0.0 0.0 0.0 0.0 0.0 0.0 0.0 0.0 0.0;
	0.0 0.0 0.0 0.0 0.0 0.0 0.0 0.0 0.0 0.0 0.0 0.0;
];
