function windprofile = ex_wind_profilesh1
%EX_WIND_PROFILE_D  Example wind_load_nyiso profile data for deterministic unit commitment.
% 2022.03.12
% Andres F. Ramirez


%% define constants
[GEN_BUS, PG, QG, QMAX, QMIN, VG, MBASE, GEN_STATUS, PMAX, PMIN, ...
    MU_PMAX, MU_PMIN, MU_QMAX, MU_QMIN, PC1, PC2, QC1MIN, QC1MAX, ...
    QC2MIN, QC2MAX, RAMP_AGC, RAMP_10, RAMP_30, RAMP_Q, APF] = idx_gen;
[CT_LABEL, CT_PROB, CT_TABLE, CT_TBUS, CT_TGEN, CT_TBRCH, CT_TAREABUS, ...
    CT_TAREAGEN, CT_TAREABRCH, CT_ROW, CT_COL, CT_CHGTYPE, CT_REP, ...
    CT_REL, CT_ADD, CT_NEWVAL, CT_TLOAD, CT_TAREALOAD, CT_LOAD_ALL_PQ, ...
    CT_LOAD_FIX_PQ, CT_LOAD_DIS_PQ, CT_LOAD_ALL_P, CT_LOAD_FIX_P, ...
    CT_LOAD_DIS_P, CT_TGENCOST, CT_TAREAGENCOST, CT_MODCOST_F, ...
    CT_MODCOST_X] = idx_ct;

windprofile = struct( ...
    'type', 'mpcData', ...
    'table', CT_TGEN, ...
    'rows', [1:45], ...
    'col', PMAX, ...
    'chgtype', 1, ...
    'values', [] );
windprofile.values(:,1,:) = [
	0.7357 9.9416 52.3878 64.0356 7.4493 2.6048 0.0385 7.8313 0.5754 18.1944 33.6321 50.1724 75.5343 6.9976 159.5502 60.1096 74.5804 79.033 71.9445 67.482 0.0128 6.0778 64.8565 68.3167 41.6739 41.2204 3.1035 179.2594 321.7882 321.7882 225.4308 38.4562 239.8149 173.6989 21.9383 137.2963 395.9971 82.699 0.0 111.6265 64.4668 28.8955 52.7828 67.6783 400.1221;
	0.4945 6.6815 51.5632 65.9373 6.8235 2.8804 0.6956 10.1998 3.0865 9.9217 18.3402 27.36 41.1903 16.4721 123.9215 46.6867 57.9261 61.3844 68.0275 68.3358 0.2319 6.721 26.6424 67.8878 48.2841 49.0185 5.2312 100.7463 227.3086 227.3086 157.4039 24.1742 226.7584 175.8965 51.6422 96.985 313.156 87.2764 0.969 129.3325 86.088 31.9537 43.7958 89.0069 316.418;
	0.2959 3.998 59.5721 69.0189 5.8888 6.8414 0.1462 11.1767 11.9228 9.4712 17.5074 26.1176 39.32 2.773 82.3218 31.0143 38.4807 40.778 58.0571 64.202 0.0487 15.9634 25.8913 79.1175 53.0718 55.4548 5.7438 0.2018 11.1126 11.1126 0.5807 9.0731 193.5236 165.256 8.6936 4.7414 159.476 1.1601 0.0 142.1565 77.2509 75.8943 32.1994 95.6189 161.1372;
	0.3296 4.4533 63.4908 75.3902 7.3637 2.5191 0.0 13.0131 4.8252 13.9167 25.7247 38.3763 57.7752 3.2426 91.4468 34.4521 42.7461 45.2981 34.4109 65.1748 0.0 5.878 41.6762 80.249 57.3821 63.8825 6.8822 7.5169 15.6816 15.6816 4.1949 14.6912 114.703 167.7601 10.166 6.6908 11.6402 3.1345 0.0 153.7021 70.9768 27.9457 3.7353 135.2391 11.7614;
	0.4691 6.3391 78.1566 79.2466 9.2424 12.9569 0.0 14.2774 21.8887 14.4803 26.7666 39.9304 60.1151 1.3252 125.3796 47.236 58.6077 62.1066 49.461 65.9918 0.0 30.2327 42.6686 82.5602 71.9565 71.8731 8.0778 25.4872 46.2348 46.2348 26.3582 11.5768 164.8701 169.8631 4.1547 19.7268 35.6105 12.3611 1.939 192.7407 74.1426 143.7348 40.1053 151.8078 35.9815;
	0.4665 6.3031 78.0268 61.1429 9.8913 5.9024 0.1663 12.2963 22.7382 8.1821 15.1246 22.5629 33.9683 1.4714 148.9363 56.1109 69.6191 73.7754 77.7391 68.1245 0.0554 13.7722 29.8531 78.1026 48.3922 70.4317 7.2439 40.3022 68.8896 68.8896 48.3603 11.4532 259.1303 175.3526 4.6131 29.3929 105.7811 5.0967 24.2009 129.6219 57.4068 65.4771 27.7371 146.8604 106.883;
	0.4588 6.1996 57.7612 39.9625 9.2059 5.6372 3.5735 7.7116 5.8078 6.0072 11.1042 16.5653 24.9389 0.642 129.4269 48.7608 60.4995 64.1114 62.1143 69.3276 1.1912 13.1534 16.0786 53.5785 27.8227 62.122 3.9074 178.1311 36.9562 36.9562 13.843 1.0005 207.0478 178.4494 2.0126 15.768 117.3268 2.7511 2.0057 74.5252 29.2823 62.5351 35.0287 141.7014 118.549;
	0.5247 7.0898 34.7824 28.1631 3.8129 6.1545 4.4203 7.5826 3.4564 4.1194 7.6146 11.3594 17.1016 0.0 63.5868 23.956 29.7231 31.4977 12.6669 43.8739 1.4734 14.3606 12.4433 35.4168 31.3475 59.6144 4.4868 205.8284 107.0183 107.0183 28.0604 2.6533 42.2229 112.9314 0.0 45.6611 38.2274 2.2066 12.4654 83.9666 11.4126 68.2744 28.9022 110.8773 38.6256;
	0.5621 7.5947 28.1939 27.8182 3.7969 14.7047 0.7085 5.5707 8.7807 6.2422 11.5387 17.2134 25.9147 0.0 18.4007 6.9324 8.6013 9.1148 0.0 15.8259 0.2362 34.311 6.4886 34.5292 26.4797 50.606 4.1825 93.4503 65.5523 65.5523 19.858 0.4199 0.0 40.7358 0.0 27.969 16.2234 0.145 19.1177 70.9278 0.0539 163.1245 15.4698 79.0037 16.3924;
	0.5738 7.7531 33.4767 30.1252 7.9745 9.8921 1.3665 4.8844 3.8557 6.5654 12.1361 18.1047 27.2566 0.0 5.8732 2.2127 2.7454 2.9093 0.0 10.3756 0.4555 23.0815 12.1724 38.6752 29.8836 50.7269 3.2362 376.4294 160.3595 160.3595 60.4149 0.0494 0.0 26.7069 0.0 68.4201 57.7902 0.3773 0.0859 80.0455 0.0127 109.7361 52.0978 98.4096 58.3922;
	0.8558 11.5636 46.3517 88.6747 11.468 9.8589 3.7453 4.0805 4.1439 0.0 0.0 0.0 0.0 0.0004 0.1719 0.0648 0.0804 0.0852 0.3187 8.0903 1.2484 23.0042 28.3121 42.4544 46.5517 56.6563 1.5034 384.7494 81.7599 81.7599 77.5749 0.0 1.0623 20.8245 0.0012 34.8842 162.5338 1.7874 12.7643 124.6919 0.0 109.3684 20.6686 104.6985 164.2269;
	1.4466 19.5464 62.4611 55.7301 13.4244 0.2424 0.0 2.3745 1.3799 0.0091 0.0169 0.0252 0.038 0.0 0.0023 0.0008 0.0011 0.0011 2.6147 8.7172 0.0 0.5656 42.1525 53.7497 6.9612 53.1166 0.5723 179.4346 110.4692 110.4692 79.6153 1.5365 8.7157 22.4381 0.0 47.1335 135.5245 3.3545 0.0 18.646 0.0 2.6888 0.659 132.8279 136.9362;
	2.1713 29.3391 78.7954 4.7765 14.219 1.4266 0.0 0.3609 1.5377 21.9725 40.6158 60.5908 91.2191 0.0 0.0 0.0 0.0 0.0 0.1453 8.048 0.0 3.3288 28.1499 60.4054 61.2252 52.9965 0.2552 253.7805 179.0939 179.0939 56.9045 2.14 0.4843 20.7155 0.0 76.4134 190.4669 4.9242 4.8395 163.9961 0.0 15.8262 111.3115 175.7139 192.4509;
	1.7285 23.3556 0.4687 0.2241 13.0457 18.7074 0.0 0.4777 0.6902 0.1774 0.3278 0.4891 0.7363 0.0 0.0 0.0 0.0 0.0 0.0 5.4673 0.0 43.6506 36.2835 0.0 0.0 32.7102 0.0478 216.1122 205.6642 205.6642 6.2514 2.1436 0.0 14.0729 0.0 87.7501 202.1134 6.841 1.8072 0.0 0.0 207.5273 85.6079 135.4428 204.2188;
	2.171 29.3355 0.0674 1.4039 9.2621 4.5858 0.0 0.1843 0.6571 0.2081 0.3846 0.5738 0.8638 0.0505 0.0 0.0 0.0 0.0 0.0 0.0 0.0 10.7002 19.5402 0.0 0.0 0.1704 0.0154 311.095 252.4157 252.4157 85.3439 0.0 0.0 0.0 0.1582 107.6973 272.7957 7.0403 13.1999 0.0 0.0 50.8717 93.4323 102.0061 275.6373;
	3.2094 43.3654 82.7499 2.0455 13.8955 4.3653 0.0 0.1669 6.2146 0.6467 1.1955 1.7834 2.685 0.3131 0.0 0.0 0.0 0.0 0.0 0.0 0.0 10.1857 25.8291 0.0 0.0 1.2621 0.2341 421.9755 275.2304 275.2304 164.2619 9.0294 0.0 0.0 0.9816 117.4316 328.7721 36.8799 16.8468 0.0 0.0877 48.4257 73.3989 174.0737 332.1968;
	3.3544 45.325 5.3936 0.2847 14.1945 8.4978 0.0 0.1465 2.8743 0.0 0.0 0.0 0.0 1.448 0.0 0.0 0.0 0.0 7.1833 0.0 0.0 19.8281 0.0 0.9988 0.0 1.8629 0.0048 403.8013 346.5472 346.5472 174.0561 25.7684 23.9444 0.0 4.5396 147.8602 452.8884 73.6029 5.3015 0.0 8.9121 94.2684 147.9133 203.1638 457.606;
	2.7962 37.7831 8.5157 5.5241 14.3658 19.8052 0.0 0.6055 1.5743 0.0002 0.0004 0.0005 0.0008 0.096 0.8574 0.323 0.4008 0.4247 19.3604 0.0005 0.0 46.2121 9.2364 26.7611 5.5735 3.7867 0.4672 540.2855 456.4225 456.4225 309.1684 34.6485 64.5345 0.0012 0.3011 194.7403 540.2793 95.3359 10.2019 14.929 24.9904 219.7057 119.4937 220.0357 545.9072;
	3.1538 42.6149 82.3658 3.3378 14.329 26.18 0.0 0.3661 0.0929 4.5602 8.4295 12.5751 18.9318 8.1755 26.3812 9.939 12.3317 13.0679 26.2057 38.0246 0.0 61.0868 15.7443 6.5417 1.1013 61.5977 0.3331 763.5793 447.049 447.049 356.3382 43.2545 87.3523 97.8754 25.6312 190.7409 640.6131 79.7453 24.9637 2.95 30.076 290.424 120.847 190.1113 647.2862;
	3.2696 44.1791 15.0499 24.8501 14.8352 8.8767 19.1286 1.05 26.7016 13.1806 24.3641 36.3465 54.7194 4.5276 35.2352 13.2747 16.4704 17.4537 17.0174 19.3549 6.3762 20.7122 48.2769 26.4235 8.4545 55.5173 1.806 766.7869 448.2625 448.2625 342.6133 46.1639 56.7246 49.8197 14.1948 191.2587 592.0409 84.1213 254.1013 22.646 29.7163 98.4719 127.8697 191.0346 598.208;
	3.6229 48.953 87.7598 23.2324 14.8837 6.8963 1.8726 2.7716 27.2805 21.3135 39.3976 58.7735 88.4832 7.5046 26.0812 9.8259 12.1914 12.9193 20.1348 31.3349 0.6242 16.0913 69.8744 85.1111 19.076 62.4404 1.7524 600.0566 392.7015 392.7015 252.7712 55.2301 67.1159 80.6562 23.5279 167.5527 543.7649 86.9024 121.9772 51.0963 25.3798 76.5028 122.7333 178.6634 549.4292;
