function solarprofile = ex_solar_profilesh1
%EX_WIND_PROFILE_D  Example wind_load_nyiso profile data for deterministic unit commitment.
% 2022.03.12
% Andres F. Ramirez


%% define constants
[GEN_BUS, PG, QG, QMAX, QMIN, VG, MBASE, GEN_STATUS, PMAX, PMIN, ...
    MU_PMAX, MU_PMIN, MU_QMAX, MU_QMIN, PC1, PC2, QC1MIN, QC1MAX, ...
    QC2MIN, QC2MAX, RAMP_AGC, RAMP_10, RAMP_30, RAMP_Q, APF] = idx_gen;
[CT_LABEL, CT_PROB, CT_TABLE, CT_TBUS, CT_TGEN, CT_TBRCH, CT_TAREABUS, ...
    CT_TAREAGEN, CT_TAREABRCH, CT_ROW, CT_COL, CT_CHGTYPE, CT_REP, ...
    CT_REL, CT_ADD, CT_NEWVAL, CT_TLOAD, CT_TAREALOAD, CT_LOAD_ALL_PQ, ...
    CT_LOAD_FIX_PQ, CT_LOAD_DIS_PQ, CT_LOAD_ALL_P, CT_LOAD_FIX_P, ...
    CT_LOAD_DIS_P, CT_TGENCOST, CT_TAREAGENCOST, CT_MODCOST_F, ...
    CT_MODCOST_X] = idx_ct;

solarprofile = struct( ...
    'type', 'mpcData', ...
    'table', CT_TGEN, ...
    'rows', [1:12], ...
    'col', PMAX, ...
    'chgtype', 1, ...
    'values', [] );
solarprofile.values(:,1,:) = [
	0.0 0.0 0.0 0.0 0.0 0.0 0.0 0.0 0.0 0.0 0.0 0.0;
	0.0 0.0 0.0 0.0 0.0 0.0 0.0 0.0 0.0 0.0 0.0 0.0;
	0.0 0.0 0.0 0.0 0.0 0.0 0.0 0.0 0.0 0.0 0.0 0.0;
	0.0 0.0 0.0 0.0 0.0 0.0 0.0 0.0 0.0 0.0 0.0 0.0;
	0.0 0.0 0.0 0.0 0.0 0.0 0.0 0.0 0.0 0.0 0.0 0.0;
	0.4731 0.4018 0.4224 0.0 0.0 0.0 0.0 0.2 0.0 0.0 0.0 0.0;
	5.2566 4.3206 2.8664 0.0864 1.0566 318.8318 39.854 53.6102 115.9177 14.4006 7.527 26.0796;
	14.4936 13.7926 9.3162 2.161 7.346 448.6304 56.0788 72.9697 250.7843 37.9915 15.3357 68.8028;
	20.2539 16.6083 13.7502 7.4871 9.9486 455.836 56.9795 74.8912 262.1051 61.3063 21.1315 111.026;
	22.1446 16.1601 13.6408 7.1597 4.338 318.2876 39.7859 56.869 129.7676 52.2158 30.6183 94.5632;
	25.0886 16.4363 13.7627 6.9641 2.7934 325.1559 40.6445 54.7282 140.8056 41.3892 40.2858 74.956;
	25.5404 16.6211 13.9526 6.1407 2.2217 328.3821 41.0478 50.3811 171.1848 38.9603 37.266 70.5573;
	20.4677 15.0601 12.9125 1.994 1.4868 149.1548 18.6444 18.4175 116.9008 38.6183 20.1155 69.9379;
	16.9724 12.1594 9.8849 1.622 1.2862 109.9436 13.743 20.3912 106.2188 45.2778 14.6904 81.9985;
	8.6571 6.8537 5.8712 1.9524 1.0761 91.4366 11.4296 21.276 92.5814 35.3608 12.1775 64.0386;
	1.7266 1.5361 1.6389 1.5343 0.0301 68.5342 8.5668 12.3003 61.5032 11.3697 5.8217 20.5905;
	0.438 0.4043 0.4206 0.5377 0.2383 31.6798 3.96 1.5072 14.98 2.6565 2.2988 4.8109;
	0.0 0.0 0.0 0.0 0.0 0.0 0.0 0.0 0.0 0.0 0.0 0.0;
	0.0 0.0 0.0 0.0 0.0 0.0 0.0 0.0 0.0 0.0 0.0 0.0;
	0.0 0.0 0.0 0.0 0.0 0.0 0.0 0.0 0.0 0.0 0.0 0.0;
	0.0 0.0 0.0 0.0 0.0 0.0 0.0 0.0 0.0 0.0 0.0 0.0;
	0.0 0.0 0.0 0.0 0.0 0.0 0.0 0.0 0.0 0.0 0.0 0.0;
	0.0 0.0 0.0 0.0 0.0 0.0 0.0 0.0 0.0 0.0 0.0 0.0;
	0.0 0.0 0.0 0.0 0.0 0.0 0.0 0.0 0.0 0.0 0.0 0.0;
];
