function loadprofile = ex_load_profilesh1
%EX_LOAD_PROFILE  Example load profile data file for stochastic unit commitment.
% 2022.03.12
% Andres F. Ramirez

%% define constants
[CT_LABEL, CT_PROB, CT_TABLE, CT_TBUS, CT_TGEN, CT_TBRCH, CT_TAREABUS, ...
    CT_TAREAGEN, CT_TAREABRCH, CT_ROW, CT_COL, CT_CHGTYPE, CT_REP, ...
    CT_REL, CT_ADD, CT_NEWVAL, CT_TLOAD, CT_TAREALOAD, CT_LOAD_ALL_PQ, ...
    CT_LOAD_FIX_PQ, CT_LOAD_DIS_PQ, CT_LOAD_ALL_P, CT_LOAD_FIX_P, ...
    CT_LOAD_DIS_P, CT_TGENCOST, CT_TAREAGENCOST, CT_MODCOST_F, ...
    CT_MODCOST_X] = idx_ct;

loadprofile = struct( ...
    'type', 'mpcData', ...
    'table', CT_TAREALOAD, ...
    'rows', [1:11], ...
    'col', CT_LOAD_ALL_P, ...
    'chgtype', 1, ...
    'values', [] );
loadprofile.values(:,1,:) = [
	1654.8961 991.7618 1706.3747 587.6903 863.1755 1212.2324 910.928 284.5 543.9 4717.7429 1786.6377;
	1617.4273 980.2731 1695.2 585.1 854.6368 1230.4946 897.6177 291.5121 535.0 4626.5 1767.7;
	1642.1874 994.1644 1735.3026 581.915 869.1163 1236.7304 897.4728 290.3277 536.2462 4595.3334 1772.7412;
	1688.2 1059.5 1808.4721 580.0567 923.1113 1304.5645 949.3979 309.3223 562.3719 4805.3186 1873.4829;
	1825.7321 1172.804 1968.3642 604.3 1012.4142 1450.879 1045.0539 347.2388 632.2159 5315.1694 2056.1155;
	1932.4981 1254.1351 2082.9706 608.9507 1084.194 1535.4333 1126.0 372.9929 723.7 5970.433 2258.8;
	1950.232 1277.9633 2092.1196 601.5739 1074.465 1506.6 1157.6138 349.7749 750.2756 6327.896 2342.5356;
	2006.873 1276.8 2085.0729 598.2 1077.2 1465.7175 1170.1309 348.6713 728.1 6470.997 2279.7669;
	1978.9892 1264.8897 2065.9 595.4236 1050.5 1450.9179 1172.8395 347.1 757.1221 6607.7653 2165.2925;
	1948.4137 1302.4816 2056.6647 579.1 1073.8245 1470.7 1210.3068 339.3058 759.0 6677.4662 2152.5774;
	1939.3967 1268.5036 2038.9442 584.2191 1072.4 1397.7993 1155.7495 326.9 755.1559 6514.0796 2054.1965;
	1979.1538 1343.7558 2029.7423 589.1 1059.4677 1441.336 1154.4587 335.4331 746.4008 6513.8108 2077.612;
	1971.023 1326.5656 2007.1647 591.7457 1091.5219 1382.6321 1133.9745 339.6673 753.5831 6568.2116 2080.4;
	1907.0247 1262.6417 1986.4902 579.0 1059.5627 1389.7922 1109.5539 340.2797 758.2558 6470.0177 2088.7622;
	1828.5872 1244.0466 1992.698 589.0 1054.0597 1373.8209 1069.3404 347.5 741.5645 6664.8867 2172.7529;
	1854.9673 1256.951 2027.8003 605.117 1050.4732 1412.9067 1140.1665 355.5557 765.736 6905.4339 2307.6105;
	1838.4802 1268.8778 2122.8297 604.3914 1068.6605 1458.2969 1134.4174 368.5 739.0961 6436.97 2336.8344;
	1856.714 1352.5389 2187.7895 613.6256 1085.0106 1540.6339 1223.4584 415.5222 771.0012 6596.421 2516.9532;
	1922.4216 1358.4881 2182.195 625.9907 1080.594 1558.9351 1187.8291 397.4993 738.8265 6402.5326 2497.6012;
	1898.5835 1289.3138 2081.2111 606.3109 1019.9 1453.9082 1135.5364 374.4037 701.7198 6365.7418 2367.7611;
	1816.2538 1190.0775 1912.1349 596.4473 935.6376 1319.0179 1052.1066 339.4356 653.3703 5929.7947 2178.846;
	1652.7 1108.4856 1779.3825 578.2 876.1 1204.6577 960.9651 314.2442 589.8168 5359.2975 1982.0836;
	1566.3071 1000.6122 1657.982 550.1137 806.0595 1147.5144 901.8664 266.5824 535.8887 4899.8382 1851.0943;
	1522.1284 957.2 1614.4109 558.9909 792.2915 1123.4 846.5649 235.1 529.705 4583.8065 1779.513;
];
