function solarprofile = ex_solar_profilesh1
%EX_WIND_PROFILE_D  Example wind_load_nyiso profile data for deterministic unit commitment.
% 2022.03.12
% Andres F. Ramirez


%% define constants
[GEN_BUS, PG, QG, QMAX, QMIN, VG, MBASE, GEN_STATUS, PMAX, PMIN, ...
    MU_PMAX, MU_PMIN, MU_QMAX, MU_QMIN, PC1, PC2, QC1MIN, QC1MAX, ...
    QC2MIN, QC2MAX, RAMP_AGC, RAMP_10, RAMP_30, RAMP_Q, APF] = idx_gen;
[CT_LABEL, CT_PROB, CT_TABLE, CT_TBUS, CT_TGEN, CT_TBRCH, CT_TAREABUS, ...
    CT_TAREAGEN, CT_TAREABRCH, CT_ROW, CT_COL, CT_CHGTYPE, CT_REP, ...
    CT_REL, CT_ADD, CT_NEWVAL, CT_TLOAD, CT_TAREALOAD, CT_LOAD_ALL_PQ, ...
    CT_LOAD_FIX_PQ, CT_LOAD_DIS_PQ, CT_LOAD_ALL_P, CT_LOAD_FIX_P, ...
    CT_LOAD_DIS_P, CT_TGENCOST, CT_TAREAGENCOST, CT_MODCOST_F, ...
    CT_MODCOST_X] = idx_ct;

solarprofile = struct( ...
    'type', 'mpcData', ...
    'table', CT_TGEN, ...
    'rows', [1:12], ...
    'col', PMAX, ...
    'chgtype', 1, ...
    'values', [] );
solarprofile.values(:,1,:) = [
	0.0 0.0 0.0 0.0 0.0 0.0 0.0 0.0 0.0 0.0 0.0 0.0;
	0.0 0.0 0.0 0.0 0.0 0.0 0.0 0.0 0.0 0.0 0.0 0.0;
	0.0 0.0 0.0 0.0 0.0 0.0 0.0 0.0 0.0 0.0 0.0 0.0;
	0.0 0.0 0.0 0.0 0.0 0.0 0.0 0.0 0.0 0.0 0.0 0.0;
	0.0 0.0 0.0 0.0 0.0 0.0 0.0 0.0 0.0 0.0 0.0 0.0;
	0.4784 0.4018 0.4307 0.0 0.0 0.0 0.0 0.2 0.0 0.0 0.0 0.0;
	7.1756 6.0115 4.9384 2.8791 4.4335 259.0432 32.3804 11.6601 154.5089 16.673 5.635 30.1949;
	17.3206 13.9185 11.323 5.6563 7.4222 432.2566 54.0321 69.095 239.181 117.9502 33.6532 213.6086;
	22.623 16.6184 13.8 7.9216 9.0962 449.3109 56.1639 74.5004 255.0764 203.0528 78.0836 367.7299;
	23.7724 16.4428 13.6816 4.2058 9.632 371.8891 46.4861 58.9692 169.7444 165.7499 48.5104 300.174;
	25.0494 16.4938 13.7627 5.1297 8.2924 346.7392 43.3424 53.733 125.8661 191.2742 50.3582 346.3987;
	25.0771 16.3954 13.769 5.7461 7.0001 323.3254 40.4157 43.5662 67.7739 193.6846 52.7052 350.764;
	5.9241 6.6733 6.2292 4.4798 6.8203 149.2123 18.6515 8.0437 38.6551 130.0234 51.1363 235.4732;
	2.6411 3.7779 4.403 2.9947 7.1045 153.4913 19.1864 9.4726 58.6141 87.197 44.9848 157.9142;
	2.1345 3.9687 4.4063 1.6484 6.9427 153.7522 19.219 9.1907 82.6283 61.578 31.7884 111.5182;
	1.8311 2.2483 2.4699 0.4057 1.8592 118.3913 14.7989 1.9232 51.5649 13.667 5.497 24.7511;
	0.7981 0.5713 0.5547 0.3195 0.2855 24.6088 3.0761 1.2862 6.8511 8.1509 4.1134 14.7613;
	0.0 0.0 0.0 0.0 0.0 0.0 0.0 0.0 0.0 0.0 0.0 0.0;
	0.0 0.0 0.0 0.0 0.0 0.0 0.0 0.0 0.0 0.0 0.0 0.0;
	0.0 0.0 0.0 0.0 0.0 0.0 0.0 0.0 0.0 0.0 0.0 0.0;
	0.0 0.0 0.0 0.0 0.0 0.0 0.0 0.0 0.0 0.0 0.0 0.0;
	0.0 0.0 0.0 0.0 0.0 0.0 0.0 0.0 0.0 0.0 0.0 0.0;
	0.0 0.0 0.0 0.0 0.0 0.0 0.0 0.0 0.0 0.0 0.0 0.0;
	0.0 0.0 0.0 0.0 0.0 0.0 0.0 0.0 0.0 0.0 0.0 0.0;
];
