function loadprofile = ex_load_profilesh1
%EX_LOAD_PROFILE  Example load profile data file for stochastic unit commitment.
% 2022.03.12
% Andres F. Ramirez

%% define constants
[CT_LABEL, CT_PROB, CT_TABLE, CT_TBUS, CT_TGEN, CT_TBRCH, CT_TAREABUS, ...
    CT_TAREAGEN, CT_TAREABRCH, CT_ROW, CT_COL, CT_CHGTYPE, CT_REP, ...
    CT_REL, CT_ADD, CT_NEWVAL, CT_TLOAD, CT_TAREALOAD, CT_LOAD_ALL_PQ, ...
    CT_LOAD_FIX_PQ, CT_LOAD_DIS_PQ, CT_LOAD_ALL_P, CT_LOAD_FIX_P, ...
    CT_LOAD_DIS_P, CT_TGENCOST, CT_TAREAGENCOST, CT_MODCOST_F, ...
    CT_MODCOST_X] = idx_ct;

loadprofile = struct( ...
    'type', 'mpcData', ...
    'table', CT_TAREALOAD, ...
    'rows', [1:11], ...
    'col', CT_LOAD_ALL_P, ...
    'chgtype', 1, ...
    'values', [] );
loadprofile.values(:,1,:) = [
	1599.8539 980.4254 1694.6 589.6926 866.8937 1215.5924 894.9969 277.0 575.378 4626.1937 1752.826;
	1619.7778 996.8761 1685.0567 587.6 879.078 1220.9436 904.4932 273.9977 584.6332 4585.5 1745.4948;
	1615.9187 1014.7091 1705.5059 589.8 875.9322 1234.7622 917.8 281.4229 578.0267 4575.7296 1770.8204;
	1650.0916 1058.2256 1796.515 601.3696 934.8868 1301.6483 963.8 296.1973 604.6602 4849.9028 1885.1904;
	1785.3 1184.0145 2023.327 617.1737 1028.2 1446.964 1070.7333 340.1042 666.2683 5363.5784 2116.9439;
	1866.2125 1243.3726 2116.3491 634.1995 1059.3354 1513.3484 1112.8285 372.8747 704.1335 5926.521 2244.8;
	1903.1435 1252.048 2096.8386 611.1 1067.5 1508.7063 1125.2204 371.2 731.5574 6221.8298 2292.3168;
	1859.5644 1226.0125 2048.071 597.1911 1011.9384 1471.1105 1094.0836 363.2 724.5273 6244.5517 2223.7;
	1861.9 1200.9305 2015.8 592.7 979.552 1454.404 1111.0309 359.7516 743.2096 6209.2059 2163.987;
	1887.1 1221.7 2018.4018 591.8565 990.6331 1432.5183 1128.1 370.6489 735.0623 6389.7002 2269.7614;
	1841.9 1200.123 1984.57 585.0343 998.407 1399.5665 1126.0396 355.4065 732.1676 6370.0776 2166.7585;
	1878.2445 1195.3898 1966.923 579.0655 955.4079 1337.7 1063.871 349.9448 728.0507 6287.7653 2141.0335;
	1892.7 1169.5516 1924.2926 569.6 936.7675 1311.6109 1091.3312 347.8 714.0155 6368.1539 2176.9625;
	1864.6554 1143.4377 1875.1863 564.2984 909.2005 1300.9391 1092.2039 343.2 713.847 6415.2049 2148.856;
	1917.0424 1159.3491 1924.7 568.8508 893.6626 1299.4478 1102.4 345.1339 718.6 6429.5127 2250.9;
	1909.355 1180.1438 1923.8101 565.7 936.0049 1327.8722 1104.7155 370.9 712.3415 6413.2747 2366.226;
	1914.5806 1214.6311 1963.8307 592.4615 994.4984 1405.8566 1135.251 376.0323 734.9365 6322.4816 2423.4951;
	1979.1609 1267.3 2027.4704 611.1941 1045.9 1462.2764 1156.8867 395.1627 784.4272 6317.0 2523.44;
	1903.2608 1250.6659 2005.3724 595.0273 1036.6 1462.8 1157.0 375.0986 758.2 6169.8572 2489.4103;
	1832.3877 1185.4454 1961.8219 582.6 1006.3124 1431.9291 1116.9054 374.205 730.7897 5927.7146 2353.6034;
	1745.0 1123.1544 1851.8713 578.3591 961.5 1350.7868 1045.6527 331.8215 661.8433 5574.6577 2178.7212;
	1637.5957 1024.8919 1711.0577 563.3 900.9865 1266.5682 957.8 305.4251 596.4278 5150.9229 1994.6834;
	1587.8486 984.2813 1612.4904 554.4219 851.8489 1215.5847 907.4631 283.3964 549.1578 4722.7028 1848.1112;
	1536.4647 947.5285 1545.1115 560.0152 804.2944 1154.9869 879.4698 261.7092 524.8 4499.5408 1762.0739;
];
