function solarprofile = ex_solar_profilesh1
%EX_WIND_PROFILE_D  Example wind_load_nyiso profile data for deterministic unit commitment.
% 2022.03.12
% Andres F. Ramirez


%% define constants
[GEN_BUS, PG, QG, QMAX, QMIN, VG, MBASE, GEN_STATUS, PMAX, PMIN, ...
    MU_PMAX, MU_PMIN, MU_QMAX, MU_QMIN, PC1, PC2, QC1MIN, QC1MAX, ...
    QC2MIN, QC2MAX, RAMP_AGC, RAMP_10, RAMP_30, RAMP_Q, APF] = idx_gen;
[CT_LABEL, CT_PROB, CT_TABLE, CT_TBUS, CT_TGEN, CT_TBRCH, CT_TAREABUS, ...
    CT_TAREAGEN, CT_TAREABRCH, CT_ROW, CT_COL, CT_CHGTYPE, CT_REP, ...
    CT_REL, CT_ADD, CT_NEWVAL, CT_TLOAD, CT_TAREALOAD, CT_LOAD_ALL_PQ, ...
    CT_LOAD_FIX_PQ, CT_LOAD_DIS_PQ, CT_LOAD_ALL_P, CT_LOAD_FIX_P, ...
    CT_LOAD_DIS_P, CT_TGENCOST, CT_TAREAGENCOST, CT_MODCOST_F, ...
    CT_MODCOST_X] = idx_ct;

solarprofile = struct( ...
    'type', 'mpcData', ...
    'table', CT_TGEN, ...
    'rows', [1:12], ...
    'col', PMAX, ...
    'chgtype', 1, ...
    'values', [] );
solarprofile.values(:,1,:) = [
	0.0 0.0 0.0 0.0 0.0 0.0 0.0 0.0 0.0 0.0 0.0 0.0;
	0.0 0.0 0.0 0.0 0.0 0.0 0.0 0.0 0.0 0.0 0.0 0.0;
	0.0 0.0 0.0 0.0 0.0 0.0 0.0 0.0 0.0 0.0 0.0 0.0;
	0.0 0.0 0.0 0.0 0.0 0.0 0.0 0.0 0.0 0.0 0.0 0.0;
	0.0 0.0 0.0 0.0 0.0 0.0 0.0 0.0 0.0 0.0 0.0 0.0;
	0.4731 0.408 0.424 0.0 0.0 0.0 0.0 0.617 0.0 0.0 0.0 0.0;
	6.9699 7.1031 4.8838 1.5831 4.2354 396.268 49.5335 59.3119 217.9679 11.5879 5.3334 20.9858;
	17.0191 13.2942 10.7701 3.6994 6.6945 438.7582 54.8448 73.6665 259.1876 34.5843 10.4293 62.6323;
	22.4733 16.6083 13.8 7.2708 7.2496 449.1819 56.1477 75.0228 265.2702 62.3574 14.2363 112.9297;
	23.9637 16.1547 13.6408 4.5136 2.5867 422.704 52.838 54.666 185.0914 88.6638 26.4809 160.5706;
	21.8686 16.371 13.7627 2.2674 1.7732 433.6418 54.2052 54.4557 191.2577 98.6067 35.8804 178.5774;
	19.208 16.3833 13.5714 1.2289 1.8728 403.544 50.443 55.1844 171.6813 101.2614 46.0159 183.385;
	7.7655 9.3986 6.4582 2.7243 4.926 185.6809 23.2101 30.3938 34.8983 107.8669 50.8963 195.3476;
	9.1424 8.8183 5.8375 4.2424 5.8803 160.7765 20.0971 26.174 28.7142 103.8504 45.1638 188.0738;
	8.5113 6.9712 5.6457 4.316 5.6404 176.0336 22.0042 21.5296 29.9473 74.147 34.7367 134.2806;
	3.6059 3.4466 2.9467 2.8715 0.7806 140.6191 17.5774 11.7657 13.9502 14.5178 7.0817 26.2919;
	0.4674 0.5767 0.488 0.4199 0.1615 7.207 0.9009 4.544 2.3884 5.5383 3.7279 10.0299;
	0.0 0.0 0.0 0.0 0.0 0.0 0.0 0.0 0.0 0.0 0.0 0.0;
	0.0 0.0 0.0 0.0 0.0 0.0 0.0 0.0 0.0 0.0 0.0 0.0;
	0.0 0.0 0.0 0.0 0.0 0.0 0.0 0.0 0.0 0.0 0.0 0.0;
	0.0 0.0 0.0 0.0 0.0 0.0 0.0 0.0 0.0 0.0 0.0 0.0;
	0.0 0.0 0.0 0.0 0.0 0.0 0.0 0.0 0.0 0.0 0.0 0.0;
	0.0 0.0 0.0 0.0 0.0 0.0 0.0 0.0 0.0 0.0 0.0 0.0;
	0.0 0.0 0.0 0.0 0.0 0.0 0.0 0.0 0.0 0.0 0.0 0.0;
];
