function solarprofile = ex_solar_profilesh1
%EX_WIND_PROFILE_D  Example wind_load_nyiso profile data for deterministic unit commitment.
% 2022.03.12
% Andres F. Ramirez


%% define constants
[GEN_BUS, PG, QG, QMAX, QMIN, VG, MBASE, GEN_STATUS, PMAX, PMIN, ...
    MU_PMAX, MU_PMIN, MU_QMAX, MU_QMIN, PC1, PC2, QC1MIN, QC1MAX, ...
    QC2MIN, QC2MAX, RAMP_AGC, RAMP_10, RAMP_30, RAMP_Q, APF] = idx_gen;
[CT_LABEL, CT_PROB, CT_TABLE, CT_TBUS, CT_TGEN, CT_TBRCH, CT_TAREABUS, ...
    CT_TAREAGEN, CT_TAREABRCH, CT_ROW, CT_COL, CT_CHGTYPE, CT_REP, ...
    CT_REL, CT_ADD, CT_NEWVAL, CT_TLOAD, CT_TAREALOAD, CT_LOAD_ALL_PQ, ...
    CT_LOAD_FIX_PQ, CT_LOAD_DIS_PQ, CT_LOAD_ALL_P, CT_LOAD_FIX_P, ...
    CT_LOAD_DIS_P, CT_TGENCOST, CT_TAREAGENCOST, CT_MODCOST_F, ...
    CT_MODCOST_X] = idx_ct;

solarprofile = struct( ...
    'type', 'mpcData', ...
    'table', CT_TGEN, ...
    'rows', [1:12], ...
    'col', PMAX, ...
    'chgtype', 1, ...
    'values', [] );
solarprofile.values(:,1,:) = [
	0.0 0.0 0.0 0.0 0.0 0.0 0.0 0.0 0.0 0.0 0.0 0.0;
	0.0 0.0 0.0 0.0 0.0 0.0 0.0 0.0 0.0 0.0 0.0 0.0;
	0.0 0.0 0.0 0.0 0.0 0.0 0.0 0.0 0.0 0.0 0.0 0.0;
	0.0 0.0 0.0 0.0 0.0 0.0 0.0 0.0 0.0 0.0 0.0 0.0;
	0.0 0.0 0.0 0.0 0.0 0.0 0.0 0.0 0.0 0.0 0.0 0.0;
	0.4836 0.408 0.4307 0.0 0.0 0.0 0.0 0.3406 0.0 0.0 0.0 0.0;
	7.1313 6.3485 4.5747 4.2068 7.0978 247.0091 30.8761 43.0219 134.4352 27.879 4.8993 50.489;
	9.3731 8.254 4.1793 5.6858 6.3094 299.6169 37.4521 67.2604 171.5089 37.3485 17.1871 67.6383;
	13.8696 12.972 9.5223 7.6708 5.4537 287.3406 35.9176 70.7133 127.5207 40.6304 25.1936 73.5819;
	20.7088 15.8933 12.4504 5.1958 2.169 228.4686 28.5586 46.2171 64.893 23.361 22.9759 42.3068;
	24.3933 16.371 13.655 5.4777 1.608 195.6697 24.4587 40.9705 75.9455 24.6046 20.5111 44.5592;
	24.9538 16.4052 13.769 4.9828 1.5498 115.8573 14.4822 37.5085 85.8833 29.708 24.6001 53.8013;
	13.542 14.8243 11.5374 5.1725 4.0046 59.4014 7.4252 14.032 82.8413 58.4705 47.8728 105.8905;
	11.1871 11.858 9.6949 5.1104 5.5294 85.8695 10.7337 14.1763 87.2248 68.3607 46.0626 123.8017;
	8.06 6.9679 6.3339 5.3675 6.5471 119.3965 14.9246 13.8631 78.6985 60.2865 44.987 109.1793;
	2.9495 1.5305 2.3928 3.6126 3.0817 59.5678 7.446 4.3795 20.3732 16.9426 15.9207 30.6832;
	0.4518 0.3118 0.358 0.4836 0.7417 3.1657 0.3957 1.1939 2.2574 7.549 5.6268 13.6713;
	0.0 0.0 0.0 0.0 0.0 0.0 0.0 0.0 0.0 0.0 0.0 0.0;
	0.0 0.0 0.0 0.0 0.0 0.0 0.0 0.0 0.0 0.0 0.0 0.0;
	0.0 0.0 0.0 0.0 0.0 0.0 0.0 0.0 0.0 0.0 0.0 0.0;
	0.0 0.0 0.0 0.0 0.0 0.0 0.0 0.0 0.0 0.0 0.0 0.0;
	0.0 0.0 0.0 0.0 0.0 0.0 0.0 0.0 0.0 0.0 0.0 0.0;
	0.0 0.0 0.0 0.0 0.0 0.0 0.0 0.0 0.0 0.0 0.0 0.0;
	0.0 0.0 0.0 0.0 0.0 0.0 0.0 0.0 0.0 0.0 0.0 0.0;
];
