function loadprofile = ex_load_profilesh1
%EX_LOAD_PROFILE  Example load profile data file for stochastic unit commitment.
% 2022.03.12
% Andres F. Ramirez

%% define constants
[CT_LABEL, CT_PROB, CT_TABLE, CT_TBUS, CT_TGEN, CT_TBRCH, CT_TAREABUS, ...
    CT_TAREAGEN, CT_TAREABRCH, CT_ROW, CT_COL, CT_CHGTYPE, CT_REP, ...
    CT_REL, CT_ADD, CT_NEWVAL, CT_TLOAD, CT_TAREALOAD, CT_LOAD_ALL_PQ, ...
    CT_LOAD_FIX_PQ, CT_LOAD_DIS_PQ, CT_LOAD_ALL_P, CT_LOAD_FIX_P, ...
    CT_LOAD_DIS_P, CT_TGENCOST, CT_TAREAGENCOST, CT_MODCOST_F, ...
    CT_MODCOST_X] = idx_ct;

loadprofile = struct( ...
    'type', 'mpcData', ...
    'table', CT_TAREALOAD, ...
    'rows', [1:11], ...
    'col', CT_LOAD_ALL_P, ...
    'chgtype', 1, ...
    'values', [] );
loadprofile.values(:,1,:) = [
	1466.4531 919.0331 1625.621 601.8525 843.5779 1182.6018 868.0687 275.3225 481.7838 4666.9649 1736.107;
	1496.2265 924.9434 1606.1239 604.2 830.7811 1183.1278 877.4677 268.4 477.6127 4623.0049 1736.2955;
	1488.5991 952.493 1643.5403 598.0165 841.7412 1216.0749 884.5503 271.6 483.5364 4592.5108 1761.4922;
	1553.3414 1002.8885 1709.1793 594.7427 877.6 1266.8233 926.1349 289.9528 523.9811 4791.947 1882.0036;
	1737.7698 1149.9277 1946.4025 637.5359 1017.8936 1441.9 1065.8275 338.3464 610.7027 5373.6455 2146.7913;
	1826.8427 1214.2458 2050.1674 643.4563 1063.9018 1546.2 1137.3999 380.2313 654.7 5856.0997 2277.3435;
	1814.1812 1207.0122 2002.0153 619.8154 1043.8994 1520.0843 1131.1767 372.3408 640.373 6191.2003 2274.1658;
	1809.9082 1226.2135 1968.2548 604.8791 1005.8583 1465.1294 1137.3438 374.8766 656.9089 6485.6902 2252.7754;
	1824.7777 1238.2684 1970.0762 599.6552 1006.0323 1431.7 1122.8583 401.6459 643.5887 6556.6257 2187.3175;
	1828.64 1215.4995 1928.3132 595.4648 975.0665 1400.0 1118.9 403.2391 645.8453 6502.2217 2123.7542;
	1826.6286 1202.6055 1894.6853 586.3269 932.8654 1345.9148 1065.8286 395.2631 646.7243 6497.5851 2073.7019;
	1811.3935 1199.7458 1898.1532 585.4298 959.5768 1405.5 1097.2033 422.0253 652.4793 6504.3731 2120.9;
	1760.8624 1165.7465 1857.4998 595.9663 960.5678 1375.0255 1113.5 388.0624 651.0315 6403.8528 2047.2036;
	1721.8 1145.3029 1794.8104 576.1791 956.0427 1365.9318 1044.5909 383.0455 656.5659 6310.8181 2075.3537;
	1737.4515 1165.2748 1856.8583 559.8 945.5477 1402.0627 1043.3296 367.5532 657.4247 6314.3525 2111.8597;
	1764.4697 1181.5529 1883.4815 576.7 974.4429 1443.1251 1061.1454 370.779 653.3648 6213.6686 2163.1722;
	1794.5716 1175.3991 1902.5416 590.8329 1000.5391 1491.6277 1104.3267 406.811 674.5124 6206.5802 2311.494;
	1800.0703 1213.0 1949.636 611.0406 1010.6598 1531.6103 1163.0809 392.4 691.7694 6214.1107 2413.3497;
	1829.0 1208.3302 1910.3588 618.5 980.5959 1475.3709 1127.2015 397.2984 674.4938 6060.061 2365.9294;
	1775.0641 1168.1014 1865.2369 605.7871 954.5 1423.989 1115.6964 382.1 630.2558 5914.0361 2269.4187;
	1694.8142 1078.9066 1759.7308 598.6091 877.2585 1304.6176 1033.9677 355.6606 588.7637 5507.5453 2081.8975;
	1572.9556 1025.91 1650.9 599.8168 809.1442 1218.3 957.8 317.3689 519.0027 5100.5308 1829.2265;
	1511.2652 975.2213 1558.14 571.6071 843.6749 1196.7979 900.4379 291.1939 502.8631 4798.4432 1779.5515;
	1434.1872 928.3 1489.847 571.6988 801.4 1159.7 884.011 272.5722 497.9042 4663.4256 1746.1;
];
