function solarprofile = ex_solar_profilesh1
%EX_WIND_PROFILE_D  Example wind_load_nyiso profile data for deterministic unit commitment.
% 2022.03.12
% Andres F. Ramirez


%% define constants
[GEN_BUS, PG, QG, QMAX, QMIN, VG, MBASE, GEN_STATUS, PMAX, PMIN, ...
    MU_PMAX, MU_PMIN, MU_QMAX, MU_QMIN, PC1, PC2, QC1MIN, QC1MAX, ...
    QC2MIN, QC2MAX, RAMP_AGC, RAMP_10, RAMP_30, RAMP_Q, APF] = idx_gen;
[CT_LABEL, CT_PROB, CT_TABLE, CT_TBUS, CT_TGEN, CT_TBRCH, CT_TAREABUS, ...
    CT_TAREAGEN, CT_TAREABRCH, CT_ROW, CT_COL, CT_CHGTYPE, CT_REP, ...
    CT_REL, CT_ADD, CT_NEWVAL, CT_TLOAD, CT_TAREALOAD, CT_LOAD_ALL_PQ, ...
    CT_LOAD_FIX_PQ, CT_LOAD_DIS_PQ, CT_LOAD_ALL_P, CT_LOAD_FIX_P, ...
    CT_LOAD_DIS_P, CT_TGENCOST, CT_TAREAGENCOST, CT_MODCOST_F, ...
    CT_MODCOST_X] = idx_ct;

solarprofile = struct( ...
    'type', 'mpcData', ...
    'table', CT_TGEN, ...
    'rows', [1:12], ...
    'col', PMAX, ...
    'chgtype', 1, ...
    'values', [] );
solarprofile.values(:,1,:) = [
	0.0 0.0 0.0 0.0 0.0 0.0 0.0 0.0 0.0 0.0 0.0 0.0;
	0.0 0.0 0.0 0.0 0.0 0.0 0.0 0.0 0.0 0.0 0.0 0.0;
	0.0 0.0 0.0 0.0 0.0 0.0 0.0 0.0 0.0 0.0 0.0 0.0;
	0.0 0.0 0.0 0.0 0.0 0.0 0.0 0.0 0.0 0.0 0.0 0.0;
	0.0 0.0 0.0 0.0 0.0 0.0 0.0 0.0 0.0 0.0 0.0 0.0;
	0.4791 0.4241 0.429 0.0 0.0 0.0 0.0 0.2 0.0 0.0 0.0 0.0;
	5.6266 5.4099 1.3268 0.2808 0.0 341.9082 42.7385 69.382 70.2525 2.9323 0.0 5.3105;
	11.53 12.7564 7.3735 2.5134 0.6689 446.7805 55.8476 76.6573 231.5503 26.0236 3.9233 47.1288;
	18.4476 16.6083 13.7019 7.0123 4.3776 449.9985 56.2498 76.7042 243.9344 62.3413 21.7012 112.9005;
	20.7645 15.8922 12.7247 5.4166 5.9736 145.6462 18.2058 61.9571 33.6166 109.0556 115.1951 197.5004;
	24.0708 16.3608 13.4763 5.9752 4.535 90.8093 11.3512 59.3089 45.2368 92.2717 149.055 167.1046;
	24.6057 16.3954 13.567 6.1368 3.6509 93.5531 11.6941 59.3791 90.8115 86.2917 149.524 156.2747;
	7.6126 8.841 4.5284 5.12 5.1028 45.6716 5.709 45.385 61.9056 95.6969 122.0939 173.3077;
	4.9991 5.6135 1.984 4.5485 6.4702 33.5493 4.1937 42.6017 49.6856 122.9329 112.22 222.6323;
	4.3103 3.9806 1.0873 3.5641 6.5247 22.6979 2.8372 33.8894 28.5962 116.411 86.4046 210.8211;
	3.077 2.1541 1.3732 1.4922 1.1112 7.1864 0.8983 7.4772 2.8643 18.2764 14.1603 33.0987;
	0.7882 0.7727 0.6799 1.0218 0.3647 9.8906 1.2363 1.3691 5.8359 7.2457 4.6199 13.122;
	0.0 0.0 0.0 0.0 0.0 0.0 0.0 0.0 0.0 0.0 0.0 0.0;
	0.0 0.0 0.0 0.0 0.0 0.0 0.0 0.0 0.0 0.0 0.0 0.0;
	0.0 0.0 0.0 0.0 0.0 0.0 0.0 0.0 0.0 0.0 0.0 0.0;
	0.0 0.0 0.0 0.0 0.0 0.0 0.0 0.0 0.0 0.0 0.0 0.0;
	0.0 0.0 0.0 0.0 0.0 0.0 0.0 0.0 0.0 0.0 0.0 0.0;
	0.0 0.0 0.0 0.0 0.0 0.0 0.0 0.0 0.0 0.0 0.0 0.0;
	0.0 0.0 0.0 0.0 0.0 0.0 0.0 0.0 0.0 0.0 0.0 0.0;
];
