function windprofile = ex_wind_profilesh1
%EX_WIND_PROFILE_D  Example wind_load_nyiso profile data for deterministic unit commitment.
% 2022.03.12
% Andres F. Ramirez


%% define constants
[GEN_BUS, PG, QG, QMAX, QMIN, VG, MBASE, GEN_STATUS, PMAX, PMIN, ...
    MU_PMAX, MU_PMIN, MU_QMAX, MU_QMIN, PC1, PC2, QC1MIN, QC1MAX, ...
    QC2MIN, QC2MAX, RAMP_AGC, RAMP_10, RAMP_30, RAMP_Q, APF] = idx_gen;
[CT_LABEL, CT_PROB, CT_TABLE, CT_TBUS, CT_TGEN, CT_TBRCH, CT_TAREABUS, ...
    CT_TAREAGEN, CT_TAREABRCH, CT_ROW, CT_COL, CT_CHGTYPE, CT_REP, ...
    CT_REL, CT_ADD, CT_NEWVAL, CT_TLOAD, CT_TAREALOAD, CT_LOAD_ALL_PQ, ...
    CT_LOAD_FIX_PQ, CT_LOAD_DIS_PQ, CT_LOAD_ALL_P, CT_LOAD_FIX_P, ...
    CT_LOAD_DIS_P, CT_TGENCOST, CT_TAREAGENCOST, CT_MODCOST_F, ...
    CT_MODCOST_X] = idx_ct;

windprofile = struct( ...
    'type', 'mpcData', ...
    'table', CT_TGEN, ...
    'rows', [1:45], ...
    'col', PMAX, ...
    'chgtype', 1, ...
    'values', [] );
windprofile.values(:,1,:) = [
	0.3988 5.388 48.9375 44.3675 4.9001 0.171 1.17 8.4673 9.6794 11.7675 21.7521 32.4499 48.8532 8.0189 136.6372 51.4773 63.8699 67.6831 80.7154 67.5257 0.39 0.399 51.0502 65.6556 43.0333 45.7391 4.2867 194.5854 307.4062 307.4062 215.958 46.0178 269.0512 173.8113 25.1404 131.16 388.9611 87.677 74.2137 115.2678 63.0503 1.8969 0.0 59.7286 393.0128;
	0.2051 2.7712 49.1722 51.0124 5.5075 0.0 0.0 11.443 0.8044 9.9495 18.3915 27.4364 41.3054 51.9815 114.3079 43.0649 53.4323 56.6223 79.4445 67.8174 0.0 0.0 6.2062 70.257 48.0837 50.0553 6.5601 66.3106 206.7733 206.7733 153.4509 30.766 264.815 174.5621 162.9689 88.2233 289.5351 87.6012 18.8172 128.7957 72.1358 0.0 0.0 76.0626 292.5511;
	0.0912 1.2328 54.1975 55.5847 1.5734 0.0 0.0 11.9721 3.0332 7.9499 14.6952 21.9224 33.0041 25.2541 81.3377 30.6435 38.0206 40.2905 66.1398 67.3504 0.0 0.0 16.109 74.7442 50.02 55.32 6.7719 0.1848 0.0 0.0 3.0551 16.3409 220.466 173.36 79.1751 0.0 161.2266 1.9571 12.3648 133.982 65.9635 0.0 0.0 89.6249 162.9061;
	0.1767 2.3875 63.2937 68.9194 6.4426 0.0 0.9485 14.553 2.5433 8.2931 15.3297 22.8688 34.4289 61.3414 94.1081 35.4547 43.9901 46.6164 48.082 68.3462 0.3162 0.0 39.8944 80.3452 58.6546 68.953 7.8385 0.0 0.0 0.0 7.7058 18.4909 160.2735 175.9232 192.3135 0.0 11.3445 0.5199 38.1415 157.1105 70.6331 0.0 0.0 137.942 11.4627;
	0.3413 4.6124 73.7441 69.8457 8.9246 0.0 0.0 14.7079 1.9634 12.9502 23.9383 35.7112 53.763 42.2974 115.9283 43.6753 54.1897 57.4249 55.1721 67.6967 0.0 0.0 42.4005 78.6056 74.9052 72.1484 8.7462 19.318 0.0 0.0 1.8652 10.2413 183.9069 174.2514 132.6082 0.0 11.9204 0.9792 0.1836 200.639 68.9123 0.0 0.0 151.1734 12.0446;
	0.369 4.9856 71.9668 56.2235 8.7654 2.4011 0.0 12.5828 1.4619 7.6485 14.1381 21.0913 31.7528 23.4575 154.1809 58.0867 72.0706 76.3733 80.6799 68.8362 0.0 5.6025 32.0892 72.8521 54.2802 69.089 7.9367 26.5512 5.2282 5.2282 11.4588 12.6256 268.9329 177.1845 73.5425 2.2307 49.1823 3.6407 0.4163 145.3934 54.9444 26.6361 17.1836 130.7029 49.6947;
	0.3681 4.9734 54.5802 38.8879 8.9381 1.6047 3.3008 7.8921 2.0932 6.3015 11.6483 17.377 26.1609 36.2717 127.7805 48.1405 59.7299 63.2959 62.4094 69.4541 1.1003 3.7444 17.233 51.9986 33.9775 64.0852 4.3038 59.8422 16.5957 16.5957 39.733 18.7155 208.0315 178.7751 113.7166 7.0808 170.9704 15.2834 0.2011 91.0111 28.0725 17.8019 28.6892 129.2507 172.7513;
	0.1143 1.5442 28.3709 26.4461 3.3153 0.4578 4.4133 6.5532 2.759 3.8076 7.0383 10.4997 15.8073 25.4519 70.2125 26.4521 32.8203 34.7797 21.8116 47.1212 1.4711 1.0683 5.6934 33.5297 32.4517 59.5871 4.3444 10.4198 16.9383 16.9383 25.256 23.4461 72.7054 121.29 79.7952 7.227 29.7922 17.9551 0.0021 86.9242 7.9576 5.0788 0.0 85.8829 30.1025;
	0.2515 3.3982 24.7815 23.3857 3.4558 0.0 1.0334 4.8574 12.8107 3.9715 7.3413 10.9518 16.4879 10.513 21.3618 8.0479 9.9854 10.5816 85.8881 19.3171 0.3445 0.0 5.4254 34.9155 29.5972 49.4708 4.212 8.612 31.7409 31.7409 34.4853 4.6763 286.2937 49.7223 32.9597 13.5428 53.4068 17.3493 25.6676 79.2782 0.4849 0.0 0.0 65.0086 53.9631;
	0.4607 6.2252 26.9282 23.4974 7.3708 0.0 0.0 3.354 11.1304 0.0308 0.057 0.085 0.128 4.5303 15.4232 5.8106 7.2095 7.6399 40.5476 15.8926 0.0 0.0 8.4179 27.5724 27.2982 40.8463 2.7669 44.4449 207.8148 207.8148 124.2902 13.1658 135.1585 40.9076 14.2032 88.6677 130.5277 43.157 3.0197 73.1201 5.1933 0.0 41.4646 94.2972 131.8874;
	0.69 9.3234 37.6631 0.0112 10.7101 0.0 0.2394 2.25 13.9394 0.2137 0.3951 0.5894 0.8874 5.0576 56.2576 21.1947 26.2972 27.8671 39.0702 12.9967 0.0798 0.0 31.3327 20.5953 39.1124 45.0039 1.0421 72.5336 86.6594 86.6594 206.8002 13.0514 130.2339 33.4536 15.8561 36.9747 146.7462 82.8614 35.0242 104.7652 0.286 0.0 0.0049 96.3611 148.2748;
	1.3541 18.297 55.6194 0.108 13.368 0.0 0.9836 0.0 2.9492 2.1397 3.9552 5.9004 8.8831 0.0 68.55 25.8258 32.0432 33.9562 18.4681 12.6265 0.3279 0.0 52.7752 43.2917 0.0 40.9288 0.0252 169.7472 115.5426 115.5426 88.764 4.9933 61.5602 32.5005 0.0 49.2982 141.7291 14.3762 36.8973 0.0 0.4945 0.0 1.9057 127.246 143.2055;
	2.1279 28.7533 84.5115 37.8915 14.3195 3.2396 2.1979 0.0001 7.6292 26.1904 48.4126 72.222 108.7299 0.0 195.9636 73.8282 91.6016 97.0704 74.1341 17.9338 0.7326 7.5591 38.941 63.9723 67.638 48.8638 0.1044 203.1275 171.3561 171.3561 56.0829 2.7689 247.1137 46.1616 0.0 73.1119 169.8573 1.7755 11.1938 181.1731 5.46 35.938 111.8015 178.4502 171.6267;
	1.6685 22.5445 4.527 10.2359 14.039 18.0735 10.8862 0.0 14.0788 12.7763 23.6167 35.2315 53.0408 0.0 41.4035 15.5985 19.3537 20.5092 21.2529 11.5673 3.6287 42.1714 48.5686 0.0269 0.0001 12.7561 0.0 209.772 205.5242 205.5242 51.4992 4.07 70.8431 29.7741 0.0 87.6903 190.9675 6.7564 60.937 0.0004 0.0 200.4948 81.8713 132.2169 192.9568;
	2.1377 28.8848 27.2063 38.8922 9.6753 2.8954 12.9052 0.0 25.8648 16.793 31.0415 46.3079 69.7162 0.7868 22.175 8.3543 10.3655 10.9844 4.8485 62.9149 4.3017 6.7559 32.7586 3.3607 6.8763 0.0 0.0 303.3909 253.2273 253.2273 100.0849 6.111 16.1615 161.9432 2.4668 108.0436 263.2351 13.8026 171.8761 18.4186 0.0031 32.1196 82.8973 110.957 265.9771;
	3.0597 41.343 87.0235 65.8872 14.2363 2.7802 3.7356 0.0 4.3883 15.5696 28.7801 42.9342 64.6373 0.0 24.6594 9.2903 11.5268 12.215 0.5439 56.1295 1.2452 6.4871 47.7075 1.4649 10.2749 0.0 0.1268 446.6354 268.3012 268.3012 175.0972 11.1524 1.8132 144.4775 0.0 114.4752 321.5073 40.0352 136.4549 27.5222 2.9017 30.8416 6.7686 177.7412 324.8564;
	3.3899 45.8056 61.91 78.0431 14.7328 0.4109 7.9301 0.2554 11.107 12.4116 22.9426 34.2258 51.5268 3.9103 36.2303 13.6496 16.9356 17.9466 1.302 28.1095 2.6434 0.9589 3.9273 4.0461 21.9292 0.2175 2.7613 432.1134 368.0287 368.0287 188.9384 24.998 4.34 72.3538 12.2594 157.0256 480.5341 75.0373 253.3809 58.7389 0.2732 4.5588 136.7574 227.927 485.5396;
	2.7872 37.6617 47.0931 54.1251 14.9832 19.5525 6.2159 0.7795 2.9868 10.4779 19.3682 28.8935 43.499 0.4591 20.9523 7.8937 9.794 10.3787 0.8395 2.8486 2.072 45.6225 15.4309 17.3084 24.7805 2.1761 2.8865 576.9537 452.0351 452.0351 326.4211 34.1139 2.7984 7.3324 1.4393 192.8683 534.1792 94.1705 240.4755 66.3764 1.4593 216.9024 119.6002 236.46 539.7436;
	3.0408 41.0882 88.8484 59.7222 14.7485 25.8998 0.3876 0.4669 0.0158 8.6358 15.9632 23.8139 35.8517 6.2147 24.0995 9.0793 11.2651 11.9376 0.4724 34.8137 0.1292 60.4329 27.3567 6.1728 47.8462 60.1515 1.5847 721.2754 384.9636 384.9636 332.7709 37.9131 1.5745 89.6106 19.4838 164.2511 548.7337 64.2589 53.6114 128.1595 23.3232 287.315 110.9428 217.3223 554.4497;
	2.9242 39.512 5.3932 10.7416 14.7178 0.1653 18.962 0.1665 26.7112 21.8648 40.4168 60.2939 90.7722 9.3061 34.1641 12.8711 15.9697 16.9231 0.0146 14.904 6.3207 0.3858 56.724 0.6302 9.0872 45.1634 4.1092 739.9044 394.3651 394.3651 322.681 41.1785 0.0487 38.363 29.1759 168.2624 505.6234 73.4958 272.3971 24.3407 0.834 1.8342 104.2577 175.3939 510.8903;
