function windprofile = ex_wind_profilesh1
%EX_WIND_PROFILE_D  Example wind_load_nyiso profile data for deterministic unit commitment.
% 2022.03.12
% Andres F. Ramirez


%% define constants
[GEN_BUS, PG, QG, QMAX, QMIN, VG, MBASE, GEN_STATUS, PMAX, PMIN, ...
    MU_PMAX, MU_PMIN, MU_QMAX, MU_QMIN, PC1, PC2, QC1MIN, QC1MAX, ...
    QC2MIN, QC2MAX, RAMP_AGC, RAMP_10, RAMP_30, RAMP_Q, APF] = idx_gen;
[CT_LABEL, CT_PROB, CT_TABLE, CT_TBUS, CT_TGEN, CT_TBRCH, CT_TAREABUS, ...
    CT_TAREAGEN, CT_TAREABRCH, CT_ROW, CT_COL, CT_CHGTYPE, CT_REP, ...
    CT_REL, CT_ADD, CT_NEWVAL, CT_TLOAD, CT_TAREALOAD, CT_LOAD_ALL_PQ, ...
    CT_LOAD_FIX_PQ, CT_LOAD_DIS_PQ, CT_LOAD_ALL_P, CT_LOAD_FIX_P, ...
    CT_LOAD_DIS_P, CT_TGENCOST, CT_TAREAGENCOST, CT_MODCOST_F, ...
    CT_MODCOST_X] = idx_ct;

windprofile = struct( ...
    'type', 'mpcData', ...
    'table', CT_TGEN, ...
    'rows', [1:45], ...
    'col', PMAX, ...
    'chgtype', 1, ...
    'values', [] );
windprofile.values(:,1,:) = [
	0.8827 11.9279 58.505 72.3513 8.7952 15.1101 10.6556 9.9904 25.0999 20.0744 37.1072 55.3566 83.339 17.6011 154.7512 58.3016 72.3372 76.6558 79.0211 72.5314 3.5519 35.2569 67.9338 78.4655 54.1961 49.5488 5.4858 232.9297 358.2979 358.2979 253.5065 43.3644 263.4037 186.696 55.1817 152.8738 432.8302 92.9434 434.2108 145.168 71.2255 167.6214 121.294 73.4202 437.3388;
	0.5784 7.8159 53.0534 66.9817 7.8311 8.0188 5.3572 12.0988 24.4013 13.0876 24.1922 36.0899 54.3332 30.3993 122.3095 46.0794 57.1726 60.5858 77.034 71.7787 1.7857 18.7105 36.0202 77.7484 56.2854 53.8628 6.7351 175.4944 235.9412 235.9412 173.2339 31.0021 256.7799 184.7585 95.306 100.6682 340.7805 98.1083 217.8685 150.7644 86.1405 88.9551 136.3801 90.8217 344.3303;
	0.4722 6.3808 61.9024 71.9567 6.888 20.2234 6.4838 12.0478 26.757 11.5513 21.3524 31.8536 47.9555 40.1055 85.509 32.215 39.9705 42.3568 68.0116 68.1424 2.1613 47.1879 30.5307 83.1782 61.7663 52.1243 6.6418 198.7241 215.5055 215.5055 215.7367 17.7166 226.7052 175.3988 125.7361 91.949 202.1126 53.4523 102.4975 165.4454 79.2875 224.3449 123.5023 101.9307 204.218;
	0.5999 8.1055 70.2838 87.4636 9.0871 28.1183 6.071 14.7381 26.8394 16.4896 30.4809 45.4715 68.457 24.8594 100.7597 37.9606 47.0993 49.9112 49.0711 67.8409 2.0237 65.6094 50.0087 87.0016 74.2195 68.5078 8.2081 313.8067 146.6483 146.6483 124.2655 19.639 163.5704 174.6228 77.9377 62.5699 148.6152 30.1698 315.0261 198.8021 79.2854 311.9257 98.5736 149.0512 150.1633;
	0.6019 8.1326 78.7914 81.1739 10.3651 10.7007 4.2131 14.4163 16.653 16.0062 29.5873 44.1384 66.4501 39.8776 134.0144 50.4891 62.6439 66.3839 63.7358 69.1412 1.4044 24.9684 46.3204 83.9101 81.8856 68.771 8.5643 201.3359 206.3668 206.3668 130.7792 12.2844 212.4528 177.9697 125.0217 88.0498 184.2648 37.4411 212.1618 219.3366 69.8474 118.7068 69.4882 147.2661 186.1842;
	0.5869 7.9301 76.0782 62.1996 10.1619 4.4856 5.0788 12.0798 15.3108 8.9337 16.5137 24.6353 37.0882 7.6582 151.4093 57.0426 70.7751 75.0004 84.5336 72.2269 1.6929 10.4663 33.6279 75.8866 58.5207 66.9171 7.299 36.819 77.2364 77.2364 30.5141 10.0314 281.7787 185.9123 24.0095 32.9542 17.9787 0.887 177.3694 156.752 56.4921 49.7598 26.4444 141.0062 18.166;
	0.5156 6.9672 49.2468 37.2848 9.2191 3.0869 4.723 6.8433 5.0868 6.6492 12.291 18.3358 27.6044 9.7275 123.409 46.4936 57.6865 61.1305 67.7424 68.8724 1.5743 7.2029 22.1507 50.8314 34.6751 60.6704 3.5112 58.5429 73.4714 73.4714 60.0869 1.0326 225.8081 177.2777 30.4971 31.3478 39.1015 4.3541 183.4373 92.8797 29.2895 34.2445 30.7549 131.9363 39.5088;
	0.5008 6.7663 30.6953 27.1588 3.8126 3.0937 4.7549 6.6756 2.8961 4.2054 7.7737 11.5968 17.4589 14.0827 62.9395 23.7121 29.4206 31.177 17.4073 45.7679 1.585 7.2187 12.5878 32.5742 32.688 57.6489 4.136 133.2354 15.7706 15.7706 5.9051 0.3422 58.0244 117.8068 44.1511 6.7288 35.9521 1.3503 138.0645 87.5571 10.9669 34.3198 2.6138 96.6459 36.3266;
	0.5752 7.7726 24.3595 24.1553 3.6025 1.3166 0.0 4.8411 2.4562 3.0806 5.6944 8.495 12.7891 1.3552 10.9281 4.1171 5.1083 5.4132 3.2927 12.9478 0.0 3.072 6.4191 32.2704 29.275 47.2506 3.2842 113.9327 6.7218 6.7218 2.0103 0.3396 10.9756 33.3276 4.2489 2.868 8.2879 1.6394 15.8619 78.4151 2.1353 14.6053 0.0 69.9147 8.3742;
	0.6082 8.2178 28.2121 24.8417 7.412 1.963 2.1528 4.2807 8.2953 1.3128 2.4267 3.6202 5.4502 6.7811 9.7994 3.6919 4.5807 4.8541 1.5418 13.0997 0.7176 4.5803 10.352 27.7355 30.4178 45.0071 2.683 45.8635 29.2214 29.2214 7.044 1.2205 5.1392 33.7185 21.2596 12.4678 4.7255 2.9928 60.9436 81.4762 7.2294 21.7762 47.0804 90.532 4.7748;
	0.8585 11.6002 39.6215 0.058 10.7826 0.1797 1.0601 2.9958 6.857 1.3601 2.5142 3.7506 5.6466 21.9356 10.4815 3.9488 4.8995 5.192 0.6403 11.6325 0.3534 0.4193 30.8561 34.5242 43.7239 48.6822 0.9919 59.4155 58.9016 58.9016 16.5772 0.552 2.1343 29.942 68.7712 25.1313 51.3295 6.2721 0.3171 117.1175 5.7199 1.9933 6.1361 93.8071 51.8642;
	1.4978 20.2391 58.949 0.9975 13.0943 2.1246 0.673 0.0 7.0338 0.2397 0.4431 0.661 0.9951 12.6752 0.9715 0.366 0.4541 0.4812 0.1586 8.8267 0.2243 4.9575 48.9016 46.5615 1.3095 41.0226 0.0 150.3237 97.5551 97.5551 13.5839 2.0347 0.5286 22.72 39.7386 41.6235 124.7833 2.9836 34.2463 3.5076 0.9669 23.5693 0.009 126.0255 126.0831;
	1.9315 26.0986 77.3118 0.1462 13.9523 0.0138 0.7915 0.0 8.6823 24.969 46.1547 68.8538 103.659 5.4325 0.2575 0.097 0.1204 0.1276 0.0213 9.9849 0.2638 0.0321 35.8257 56.4504 60.6275 47.8138 0.0 213.1641 157.3193 157.3193 25.6567 6.0275 0.071 25.7012 17.0315 67.1229 178.459 9.3869 13.0539 162.395 0.0 0.1528 98.8484 160.0467 180.318;
	1.5295 20.6675 0.0 0.0 13.2088 15.0079 0.0082 0.0 5.7658 2.8718 5.3085 7.9192 11.9223 4.6628 0.0201 0.0076 0.0094 0.0099 0.9485 6.6949 0.0027 35.0185 49.1476 0.0 0.0 26.6215 0.0 181.0643 210.2913 210.2913 59.0546 21.3248 3.1617 17.2328 14.6186 89.7243 196.3996 62.5252 4.744 0.0 0.0 166.4879 73.8501 127.3133 198.4455;
	1.7272 23.3387 0.0 0.0 7.5123 0.0 0.0059 0.0009 7.6401 8.1355 15.0384 22.4344 33.7749 4.5882 1.5681 0.5908 0.733 0.7768 0.0 0.5275 0.002 0.0 34.5531 0.0 0.0 0.0 0.0 242.0433 255.6731 255.6731 111.4335 10.7892 0.0 1.3577 14.3846 109.0872 249.9985 70.8567 12.8572 0.0 0.001 0.0 76.7855 86.1476 252.6027;
	2.9033 39.23 80.932 5.3315 13.6007 0.3863 3.57 0.0 25.8818 1.7591 3.2517 4.8508 7.3029 13.9922 12.3974 4.6707 5.7951 6.1411 2.6248 1.4745 1.19 0.9014 52.2278 0.0 0.0 0.1916 0.0 411.3478 298.477 298.477 206.4072 16.8885 8.7494 3.7954 43.8673 127.3502 345.044 50.8586 107.6277 0.0 0.0 4.2856 11.0223 164.1348 348.6382;
	3.2267 43.5998 1.9511 8.1072 14.1262 0.3235 2.2669 0.0 18.0154 2.3344 4.3151 6.4373 9.6914 33.6859 11.5965 4.3689 5.4207 5.7443 1.6442 1.1772 0.7556 0.7548 14.1122 0.0 0.0 0.1474 0.0054 382.8565 386.3047 386.3047 211.2231 29.2531 5.4807 3.0302 105.6099 164.8234 490.3596 83.1293 70.9489 0.0 0.109 3.5884 137.3343 207.814 495.4676;
	2.4453 33.0413 0.0 0.1173 13.8233 17.1815 2.2038 0.0 7.8993 0.1256 0.2322 0.3464 0.5215 15.5326 62.661 23.6072 29.2904 31.0391 4.1009 5.5235 0.7346 40.0901 15.9635 0.0 0.0 0.4111 0.0474 590.4475 483.9817 483.9817 351.8835 40.7985 13.6697 14.2175 48.6967 206.4989 601.3156 108.4008 61.1322 0.0 0.3322 190.5997 105.0718 203.5745 607.5793;
	2.4391 32.9578 82.3418 0.0799 13.4582 20.9716 0.1727 0.0 3.9182 6.1467 11.3621 16.9499 25.518 7.8898 36.7232 13.8353 17.166 18.1908 3.4209 39.5069 0.0576 48.9336 26.0371 0.0 1.1764 53.3452 0.1999 735.2429 456.7029 456.7029 391.5045 50.8357 11.4029 101.6908 24.7357 194.8599 630.7263 84.5585 89.1535 3.1511 0.3065 232.6445 92.9024 190.3416 637.2964;
	2.8576 38.6126 0.0167 0.7406 14.0419 0.2374 18.6423 0.0 26.2765 19.2963 35.6689 53.211 80.1089 16.2837 65.3607 24.6243 30.5523 32.3763 2.2027 22.2731 6.2141 0.5538 51.5392 0.0 0.0 44.4961 0.2723 733.7438 441.6482 441.6482 359.6015 49.4353 7.3424 57.331 51.0517 188.4366 569.568 82.8215 107.038 0.0 3.5628 2.6331 107.4897 158.7944 575.501;
