function windprofile = ex_wind_profilesh1
%EX_WIND_PROFILE_D  Example wind_load_nyiso profile data for deterministic unit commitment.
% 2022.03.12
% Andres F. Ramirez


%% define constants
[GEN_BUS, PG, QG, QMAX, QMIN, VG, MBASE, GEN_STATUS, PMAX, PMIN, ...
    MU_PMAX, MU_PMIN, MU_QMAX, MU_QMIN, PC1, PC2, QC1MIN, QC1MAX, ...
    QC2MIN, QC2MAX, RAMP_AGC, RAMP_10, RAMP_30, RAMP_Q, APF] = idx_gen;
[CT_LABEL, CT_PROB, CT_TABLE, CT_TBUS, CT_TGEN, CT_TBRCH, CT_TAREABUS, ...
    CT_TAREAGEN, CT_TAREABRCH, CT_ROW, CT_COL, CT_CHGTYPE, CT_REP, ...
    CT_REL, CT_ADD, CT_NEWVAL, CT_TLOAD, CT_TAREALOAD, CT_LOAD_ALL_PQ, ...
    CT_LOAD_FIX_PQ, CT_LOAD_DIS_PQ, CT_LOAD_ALL_P, CT_LOAD_FIX_P, ...
    CT_LOAD_DIS_P, CT_TGENCOST, CT_TAREAGENCOST, CT_MODCOST_F, ...
    CT_MODCOST_X] = idx_ct;

windprofile = struct( ...
    'type', 'mpcData', ...
    'table', CT_TGEN, ...
    'rows', [1:45], ...
    'col', PMAX, ...
    'chgtype', 1, ...
    'values', [] );
windprofile.values(:,1,:) = [
	0.7473 10.0971 56.9583 67.1941 6.3839 0.0 0.0 7.8452 0.0 11.4575 21.179 31.5949 47.566 2.3442 131.8065 49.6573 61.6119 65.2902 82.1499 68.7563 0.0 0.0 50.9767 67.3979 47.2792 47.0078 4.286 0.0 289.0458 289.0458 185.3807 41.9501 273.8329 176.9789 7.3493 123.3262 257.1575 73.8477 0.8916 126.6408 59.9398 0.0 0.6634 65.9947 259.8362;
	0.474 6.4054 52.0804 64.9649 6.2047 0.0 0.0 10.4601 0.0 11.4206 21.1109 31.4932 47.4129 6.938 106.95 40.2928 49.9929 52.9776 77.5253 68.8943 0.0 0.0 34.7736 65.6695 47.3333 50.4847 6.2525 0.0 198.122 198.122 102.5588 25.8454 258.4178 177.3342 21.7516 84.5321 174.0725 66.0125 3.6711 126.7857 72.043 0.0 5.8011 80.6505 175.8857;
	0.2431 3.2848 56.9687 66.9343 3.96 0.0 0.0 10.4532 0.0 8.9068 16.464 24.5611 36.9765 21.5311 69.9519 26.354 32.6984 34.6506 67.9894 63.2356 0.0 0.0 25.5618 71.3647 51.581 54.2006 6.0745 0.0 0.1091 0.1091 0.9397 13.8447 226.6313 162.7685 67.5028 0.0465 110.891 0.0023 2.358 138.1634 64.0356 0.0 0.0221 86.9199 112.0461;
	0.3533 4.7732 64.8081 76.5985 7.1944 0.0 0.9628 11.9805 0.1509 15.5455 28.7357 42.868 64.5376 19.2993 90.6903 34.167 42.3924 44.9233 55.898 66.3964 0.3209 0.0 47.2166 78.2881 57.784 66.5264 7.3135 0.0 8.8985 8.8985 8.1295 18.6773 186.3266 170.9046 60.5058 3.7967 1.3387 3.5425 32.4646 154.7786 60.7533 0.0 0.1338 130.1065 1.3526;
	0.463 6.2557 78.13 78.1805 9.313 0.0634 3.3444 12.9974 0.4496 16.7491 30.9605 46.187 69.5343 28.64 127.2993 47.9593 59.505 63.0576 64.3303 66.3865 1.1148 0.148 47.6146 81.8773 76.8576 70.5875 8.467 0.0 51.6891 51.6891 67.5281 8.7421 214.4345 170.8791 89.7904 22.054 0.5592 6.0383 50.2228 205.8684 63.5188 0.7039 1.07 149.1736 0.5651;
	0.4517 6.1035 80.3398 66.5002 9.8236 3.9149 7.4232 12.0079 1.4599 9.491 17.5441 26.1723 39.4022 61.2427 152.4711 57.4426 71.2714 75.5264 87.0968 68.5038 2.4744 9.1348 35.9985 80.4106 56.4349 71.184 8.012 0.0 111.7008 111.7008 24.3318 8.9084 290.3225 176.329 192.0041 47.659 3.9404 6.2746 240.8763 151.1649 52.2378 43.4295 22.9688 138.2821 3.9815;
	0.4269 5.7687 57.5181 41.4577 9.1026 2.6671 4.1818 7.6828 2.2372 7.5374 13.9328 20.785 31.2917 42.2633 122.7223 46.2349 57.3655 60.7903 74.2819 68.1168 1.3939 6.2232 24.0111 56.5968 33.3162 66.9217 4.2509 0.0 109.2146 109.2146 45.4445 0.1434 247.6062 175.3328 132.5012 46.5982 0.2387 16.4952 161.198 89.2397 25.1993 29.5871 30.0249 141.1273 0.2411;
	0.4928 6.659 35.1533 27.4738 3.7254 2.6382 4.9186 7.2507 2.6305 5.1841 9.5828 14.2956 21.522 66.0456 69.1101 26.0368 32.3049 34.2336 31.262 48.6925 1.6395 6.1559 15.0558 37.5895 30.0595 66.1365 4.2514 0.0 33.6699 33.6699 38.3974 0.1737 104.2066 125.3346 207.0619 14.3658 0.5894 8.8273 194.7253 80.5166 9.8129 29.2667 0.2105 107.5109 0.5955;
	0.443 5.9864 25.9162 21.4688 3.1661 0.0251 0.9073 5.5483 0.55 6.5175 12.0475 17.9725 27.0574 63.9769 19.1377 7.21 8.9458 9.4799 72.9197 17.8744 0.3024 0.0586 8.0151 34.3134 25.63 56.6976 4.0918 0.0 28.2552 28.2552 120.7764 1.0079 243.0657 46.0088 200.5763 12.0556 0.4773 22.7353 99.7141 68.6517 0.0963 0.2785 0.0 71.7875 0.4822;
	0.5097 6.887 28.9016 25.0752 6.9619 0.3659 5.4874 3.9228 2.6451 9.9375 18.3693 27.4033 41.2556 62.976 14.7134 5.5432 6.8777 7.2883 64.7801 14.9431 1.8291 0.8537 14.1372 33.7463 25.507 47.595 2.8716 33.6857 54.0803 54.0803 117.9465 9.422 215.9336 38.4636 197.4384 23.0743 3.4369 7.0031 179.6891 68.3223 2.3199 4.0587 48.6244 83.6394 3.4727;
	0.752 10.1613 41.3026 2.9054 10.5193 0.033 15.7561 3.0338 12.3433 17.4992 32.3471 48.2555 72.6483 65.4662 20.8339 7.8491 9.7387 10.3201 19.7631 12.3016 5.252 0.077 34.8112 39.3289 39.4189 51.2453 1.3313 60.9693 73.1325 73.1325 62.2903 3.5375 65.8769 31.6645 205.2453 31.2032 53.6084 16.671 214.4446 105.5863 3.3352 0.366 10.7545 95.7078 54.1669;
	1.5149 20.4701 62.8104 3.3001 13.5459 1.3874 13.6871 0.0179 12.4615 19.5629 36.1617 53.9461 81.2156 30.3803 38.5476 14.5226 18.0187 19.0945 37.8104 10.5289 4.5624 3.2374 54.2279 53.1858 3.4362 53.7654 0.7503 152.6527 101.0739 101.0739 31.3849 2.2502 126.0347 27.1015 95.2463 43.1248 112.7155 2.4884 370.7735 9.204 15.0524 15.3914 20.1612 133.0895 113.8896;
	2.1817 29.4794 81.4582 0.0378 14.1653 0.6385 6.632 0.0 2.0355 25.9212 47.9149 71.4796 107.6121 17.5927 7.4895 2.8216 3.5009 3.7099 13.8106 9.8733 2.2107 1.4899 36.1071 56.9825 57.1952 50.5798 0.0058 224.5766 161.4872 161.4872 4.1116 2.384 46.0354 25.4138 55.1554 68.9012 169.6307 0.2572 160.6186 153.2013 0.8347 7.0832 114.9374 175.7277 171.3977;
	1.7551 23.7153 6.2419 3.9047 13.3213 17.5501 2.5014 0.0 0.0 14.9163 27.5726 41.1328 61.9253 6.2156 8.3993 3.1644 3.9262 4.1606 19.4288 8.7397 0.8338 40.9502 48.5822 0.0 0.0 30.2114 0.0 185.8156 206.2472 206.2472 16.348 4.331 64.7628 22.496 19.4868 87.9988 185.0066 8.2984 31.8751 0.0 0.9719 194.6888 83.1082 130.1285 186.9337;
	1.9118 25.8328 0.0589 0.0 7.7391 0.0 1.1496 0.0 0.0 10.7185 19.8129 29.557 44.4979 3.063 0.0 0.0 0.0 0.0 0.4506 1.0563 0.3832 0.0 33.6722 0.0 0.0 0.105 0.0189 248.772 242.9098 242.9098 88.6077 6.7235 1.502 2.719 9.6029 103.6415 246.5628 11.6058 54.5029 0.0 12.1212 0.0 79.9956 101.6499 249.1312;
	2.9118 39.3451 80.8112 0.0097 13.2905 0.027 1.7856 0.0 0.0 2.0073 3.7105 5.5353 8.3334 2.7386 0.6455 0.2432 0.3017 0.3197 0.1088 2.2892 0.5952 0.0629 43.3768 0.3329 0.0053 0.1467 0.0428 352.2471 258.2349 258.2349 153.6528 10.311 0.3626 5.8923 8.586 110.1802 289.0722 35.4531 63.2632 0.0143 7.1174 0.2991 3.1205 175.7787 292.0834;
	2.7055 36.5567 0.0 0.0 13.9944 0.0336 0.6659 0.0 2.6088 4.3009 7.9501 11.86 17.8552 4.7543 0.0 0.0 0.0 0.0 0.0 0.3085 0.222 0.0783 11.6727 0.2093 0.0 0.1662 0.0812 328.3093 365.5432 365.5432 172.1259 23.1809 0.0 0.7942 14.9054 155.9651 443.3477 71.1979 23.2786 0.0 25.122 0.3722 133.7994 205.2596 447.9659;
	2.5465 34.4087 3.4568 1.919 14.4904 17.742 0.0223 0.0843 3.2576 4.2915 7.9328 11.8342 17.8164 0.2694 0.0 0.0 0.0 0.0 0.0 0.0861 0.0074 41.3981 16.5769 2.8316 5.0752 2.3695 1.2208 437.621 451.7563 451.7563 303.2518 31.5058 0.0 0.2217 0.8445 192.7493 513.3019 93.6784 14.6825 13.5943 15.2679 196.8182 102.3362 214.512 518.6488;
	2.9717 40.1547 86.193 7.6187 14.536 24.7835 1.2145 0.2319 3.8051 9.1163 16.8513 25.1388 37.8464 6.2351 0.146 0.055 0.0683 0.0723 0.0 39.3253 0.4048 57.8282 30.7477 4.5242 5.4437 61.6816 0.792 602.6826 429.0449 429.0449 326.0538 43.4623 0.0 101.2233 19.548 183.0591 577.6608 73.9293 80.9397 14.5814 18.2752 274.9316 100.5927 199.452 583.6781;
	2.991 40.4154 5.1979 0.0 14.3708 0.0759 17.8672 0.3549 25.7848 21.8371 40.3655 60.2174 90.657 4.9801 1.2479 0.4701 0.5833 0.6181 4.7839 17.2249 5.9557 0.1771 61.1555 0.8421 3.4592 52.538 0.1573 601.2356 421.4123 421.4123 304.9622 35.3029 15.9463 44.3369 15.6132 179.8026 509.2389 66.0753 22.4817 9.2657 1.6217 0.8418 100.3237 169.8145 514.5435;
