function windprofile = ex_wind_profilesh1
%EX_WIND_PROFILE_D  Example wind_load_nyiso profile data for deterministic unit commitment.
% 2022.03.12
% Andres F. Ramirez


%% define constants
[GEN_BUS, PG, QG, QMAX, QMIN, VG, MBASE, GEN_STATUS, PMAX, PMIN, ...
    MU_PMAX, MU_PMIN, MU_QMAX, MU_QMIN, PC1, PC2, QC1MIN, QC1MAX, ...
    QC2MIN, QC2MAX, RAMP_AGC, RAMP_10, RAMP_30, RAMP_Q, APF] = idx_gen;
[CT_LABEL, CT_PROB, CT_TABLE, CT_TBUS, CT_TGEN, CT_TBRCH, CT_TAREABUS, ...
    CT_TAREAGEN, CT_TAREABRCH, CT_ROW, CT_COL, CT_CHGTYPE, CT_REP, ...
    CT_REL, CT_ADD, CT_NEWVAL, CT_TLOAD, CT_TAREALOAD, CT_LOAD_ALL_PQ, ...
    CT_LOAD_FIX_PQ, CT_LOAD_DIS_PQ, CT_LOAD_ALL_P, CT_LOAD_FIX_P, ...
    CT_LOAD_DIS_P, CT_TGENCOST, CT_TAREAGENCOST, CT_MODCOST_F, ...
    CT_MODCOST_X] = idx_ct;

windprofile = struct( ...
    'type', 'mpcData', ...
    'table', CT_TGEN, ...
    'rows', [1:45], ...
    'col', PMAX, ...
    'chgtype', 1, ...
    'values', [] );
windprofile.values(:,1,:) = [
	0.7137 9.6443 53.6531 59.255 7.1137 0.6734 0.0 7.845 0.0521 17.8044 32.9111 49.0969 73.9151 0.0488 142.6086 53.727 66.6612 70.641 78.8656 69.18 0.0 1.5714 57.9233 62.9774 48.2741 33.4202 3.6796 180.7439 290.1587 290.1587 215.4581 47.857 262.8854 178.0694 0.1531 123.8011 365.3496 89.9848 0.1672 129.3056 53.9975 7.4708 5.1463 47.367 369.1553;
	0.5477 7.4003 47.5972 57.7724 6.4441 1.2843 0.3307 10.4621 0.0 10.3841 19.1948 28.6348 43.1096 0.4126 112.0663 42.2203 52.3845 55.5119 68.4106 67.1962 0.1102 2.9968 7.6549 61.7737 49.0436 40.4134 5.6892 77.2378 209.5041 209.5041 148.6776 34.0806 228.0352 172.9633 1.2936 89.3884 286.9316 94.5588 0.0 131.3667 67.6145 14.2476 18.2451 77.504 289.9205;
	0.3563 4.814 54.1743 62.161 5.7627 2.3751 0.277 10.3457 0.0 9.0874 16.7979 25.0592 37.7265 0.1182 85.7011 32.2874 40.0603 42.452 64.7426 69.4842 0.0923 5.542 0.0 69.8356 52.7068 46.336 5.6529 1.8969 0.7089 0.7089 15.9115 19.625 215.8085 178.8526 0.3707 0.3025 144.2122 17.6953 1.2766 141.1789 59.7849 26.3483 45.4605 89.8366 145.7144;
	0.4577 6.1845 62.8755 73.2642 7.4754 8.2999 12.2127 13.2648 7.3047 15.411 28.487 42.497 63.979 1.2492 104.9781 39.5499 49.0712 52.0008 48.3896 70.9276 4.0709 19.3664 42.5078 68.9359 57.3803 60.1999 7.4492 9.783 45.6186 45.6186 129.0486 23.3124 161.2987 182.5678 3.9163 19.4639 21.3209 38.9636 121.2704 153.6973 55.0394 92.0736 45.1204 140.5371 21.5429;
	0.5293 7.1525 71.852 73.0266 9.5233 10.3597 15.2345 13.4588 8.8745 14.6533 27.0864 40.4076 60.8335 6.993 128.8248 48.534 60.2181 63.8132 58.9982 70.3369 5.0782 24.1726 41.3495 71.5424 65.7476 63.1118 8.6857 37.7196 140.7511 140.7511 427.219 13.2408 196.6605 181.0474 21.9241 60.0538 139.2051 82.9338 166.3546 176.1095 59.2503 114.9233 52.8217 146.7414 140.6551;
	0.4496 6.0757 71.9361 58.3887 9.2983 4.2557 7.1006 12.2206 7.2154 9.4303 17.4317 26.0047 39.15 0.0186 160.8951 60.6163 75.2091 79.6992 86.1411 72.6003 2.3669 9.93 32.7964 68.7781 51.7511 64.2431 7.6587 50.3856 27.9179 27.9179 243.7563 11.713 287.137 186.8733 0.0584 11.9116 79.6795 18.6111 164.0579 138.6191 50.081 47.2099 24.4115 141.9103 80.5095;
	0.5258 7.1049 45.4697 38.3152 9.0886 3.1029 5.6525 7.2733 5.1873 8.0142 14.8141 22.0997 33.271 0.1196 121.6777 45.8414 56.8772 60.2729 68.9626 69.4067 1.8842 7.2401 22.4078 44.303 27.8272 55.5401 3.4522 30.0011 103.9895 103.9895 119.0678 16.116 229.8754 178.6531 0.3749 44.3689 79.6462 39.7869 373.4777 74.5371 28.801 34.4217 32.6025 134.1998 80.4758;
	0.4578 6.186 0.0 22.7989 2.6792 2.5995 5.6123 6.1713 4.9302 5.1756 9.567 14.272 21.4864 6.0495 64.3033 24.2259 30.0581 31.8526 19.595 49.8672 1.8708 6.0654 10.5988 2.393 19.5545 43.8037 3.5923 122.7358 156.5495 156.5495 275.5162 25.408 65.3167 128.3584 18.9659 66.7945 87.8042 68.8554 410.1904 52.3781 11.6678 28.8369 5.8417 97.0046 88.7188;
	0.5196 7.0207 19.383 22.379 1.0645 0.0655 16.7627 4.859 19.7603 5.4057 9.9923 14.9065 22.4417 11.966 17.8745 6.7341 8.3553 8.8541 20.1597 18.33 5.5876 0.1527 4.5548 0.0 16.568 32.7947 2.6648 150.0961 98.1592 98.1592 215.2355 65.4646 67.1991 47.1815 37.5149 41.8812 79.8446 57.0511 219.8585 44.3786 4.5995 0.7261 0.0848 73.29 80.6763;
	0.5756 7.7779 27.6332 25.3993 6.718 0.2426 8.1668 3.8553 12.5005 9.9059 18.3109 27.3162 41.1244 7.0356 9.4049 3.5432 4.3962 4.6587 28.4182 12.744 2.7223 0.566 11.2096 25.3858 22.7897 29.2742 0.4323 199.6013 121.4383 121.4383 275.5497 40.4913 94.7274 32.8031 22.0576 51.8137 83.1111 63.1147 128.7026 61.0439 1.4746 2.6907 47.8587 91.7808 83.9768;
	0.8568 11.5771 35.3356 0.0136 10.1602 0.8045 5.6809 2.2674 4.3914 7.2584 13.417 20.0155 30.1333 12.9954 72.9905 27.4988 34.1188 36.1558 19.9488 11.9717 1.8936 1.8771 31.9435 28.4254 11.2656 43.4656 0.3849 417.4616 89.2739 89.2739 371.294 21.6558 66.4962 30.8152 40.7424 38.0902 229.7999 43.1561 49.2391 30.1757 15.0736 8.9241 0.0303 98.0081 232.1936;
	1.5197 20.5342 55.3704 3.5655 12.7693 1.0805 4.0612 0.0002 14.1058 11.005 20.3425 30.3471 45.6874 32.068 46.7 17.594 21.8296 23.1328 33.4124 12.3399 1.3537 2.5212 56.4375 50.4963 0.0 43.1736 0.0228 176.2717 113.071 113.071 77.5557 4.23 111.3746 31.763 100.5374 48.2436 135.9478 5.0963 205.5304 0.0 10.6091 11.9867 0.5775 124.1611 137.3639;
	2.2914 30.9621 80.2467 18.2644 14.4044 6.1638 3.6124 0.0377 3.7489 26.3602 48.7265 72.6903 109.4349 7.7961 182.0233 68.5762 85.0853 90.1651 77.9201 14.487 1.2041 14.3821 38.0486 62.5906 62.5092 53.4599 0.0286 248.3117 178.9144 178.9144 99.8596 3.8801 259.7336 37.2897 24.4419 76.3368 190.0904 1.4217 70.4083 167.4353 47.6515 68.3767 113.2137 174.9567 192.0705;
	1.8139 24.5092 6.308 3.9915 14.1982 20.2707 4.3465 0.0017 6.2615 14.6685 27.1145 40.4495 60.8964 13.0079 168.296 63.4046 78.6686 83.3652 44.4687 11.1374 1.4488 47.2983 48.0327 0.0521 0.4172 29.5553 0.042 192.0465 216.6844 216.6844 29.2828 4.2458 148.229 28.6676 40.7814 92.452 187.2631 8.5996 166.8005 1.1176 51.6593 224.8698 80.735 144.5183 189.2138;
	2.357 31.8476 8.5686 5.0704 9.8928 11.3052 19.4362 0.0015 15.4544 22.4457 41.4905 61.8956 93.1835 24.0784 137.7586 51.8998 64.3941 68.2386 66.7444 35.3242 6.4787 26.3788 33.9239 18.9217 8.313 1.0669 0.0757 282.0077 288.873 288.873 116.8796 7.8739 222.4814 90.9245 75.489 123.2525 270.3257 20.0331 372.5898 22.2669 31.6669 125.4123 83.5135 115.312 273.1416;
	3.3553 45.3373 83.8511 23.8763 14.4197 6.3775 22.4695 1.311 27.0999 28.7154 53.08 79.1849 119.2125 30.0191 93.854 35.359 43.8713 46.4905 57.7066 23.2736 7.4898 14.8809 53.7103 31.8199 26.993 12.7104 1.4999 398.1091 322.4375 322.4375 200.1298 13.6455 192.3553 59.9062 94.1139 137.5733 343.7284 42.8362 410.2173 72.3027 59.5052 70.748 7.8035 179.2286 347.3089;
	3.5794 48.366 3.6906 11.1813 14.6483 8.7063 23.6658 0.5994 27.12 27.3615 50.5773 75.4513 113.5916 58.8453 78.1402 29.4388 36.526 38.7066 30.175 15.6777 7.8886 20.3146 45.2565 7.6566 17.2393 5.6448 1.1461 392.9357 421.5104 421.5104 206.6966 27.2836 100.5832 40.3546 184.488 179.8444 500.8014 72.0423 456.9807 46.1767 9.0935 96.5815 141.4734 207.9965 506.018;
	2.8202 38.1073 2.4803 2.5397 14.7457 19.7999 8.6247 0.0716 16.2203 21.1954 39.1795 58.448 87.9932 15.014 177.6796 66.9398 83.0549 88.0134 78.4521 39.5342 2.8749 46.1998 16.7683 35.1774 26.4665 6.6607 0.8483 570.6532 528.9478 528.9478 351.5003 37.4539 261.5071 101.7611 47.071 225.6844 601.8107 94.6222 415.1835 70.8924 4.697 219.6473 112.4537 211.3047 608.0796;
	2.9388 39.71 82.0045 0.1254 14.4734 24.0569 2.8782 0.2803 3.3671 9.1766 16.9629 25.3053 38.0969 6.7661 48.7922 18.3822 22.8075 24.1691 16.6105 41.3075 0.9594 56.1327 29.6012 2.2886 7.3986 59.4964 1.2935 752.0176 437.6272 437.6272 356.9029 46.8404 55.3682 106.3256 21.2126 186.7209 611.941 71.7996 272.011 19.8176 1.5204 266.8708 101.5871 190.3168 618.3154;
