function loadprofile = ex_load_profilesh1
%EX_LOAD_PROFILE  Example load profile data file for stochastic unit commitment.
% 2022.03.12
% Andres F. Ramirez

%% define constants
[CT_LABEL, CT_PROB, CT_TABLE, CT_TBUS, CT_TGEN, CT_TBRCH, CT_TAREABUS, ...
    CT_TAREAGEN, CT_TAREABRCH, CT_ROW, CT_COL, CT_CHGTYPE, CT_REP, ...
    CT_REL, CT_ADD, CT_NEWVAL, CT_TLOAD, CT_TAREALOAD, CT_LOAD_ALL_PQ, ...
    CT_LOAD_FIX_PQ, CT_LOAD_DIS_PQ, CT_LOAD_ALL_P, CT_LOAD_FIX_P, ...
    CT_LOAD_DIS_P, CT_TGENCOST, CT_TAREAGENCOST, CT_MODCOST_F, ...
    CT_MODCOST_X] = idx_ct;

loadprofile = struct( ...
    'type', 'mpcData', ...
    'table', CT_TAREALOAD, ...
    'rows', [1:11], ...
    'col', CT_LOAD_ALL_P, ...
    'chgtype', 1, ...
    'values', [] );
loadprofile.values(:,1,:) = [
	1570.8873 999.4163 1605.436 616.2528 849.8262 1212.6354 873.8071 259.7469 481.1707 4529.1618 1736.5708;
	1596.6101 1015.77 1629.3714 611.2888 847.418 1210.5161 889.731 260.504 479.0199 4572.6499 1748.5891;
	1593.9 1027.1254 1646.9056 599.0 858.3528 1234.2 879.3933 255.0179 479.5468 4585.2717 1766.8676;
	1679.5144 1090.8803 1748.3348 607.7862 919.8004 1306.2097 944.5451 277.8 522.6002 4860.1351 1883.5207;
	1843.0 1220.2556 1919.1988 630.3118 993.6 1485.9392 1069.6 327.2 601.1985 5442.7402 2142.2;
	1917.1183 1281.2 2020.0667 630.2425 1053.0296 1567.4484 1128.1452 351.1188 690.1808 6118.0565 2357.2702;
	1950.508 1282.4756 1967.1839 620.6737 1021.852 1531.6151 1147.9 342.6954 704.3923 6392.5844 2363.4845;
	1976.2014 1275.8922 1999.3626 622.534 1058.48 1487.1282 1139.6653 355.9093 703.9088 6564.1852 2440.6;
	1994.9791 1286.3563 1979.3425 618.5 1016.0753 1442.2564 1100.2826 332.7634 686.8159 6548.819 2333.1;
	1950.4357 1265.0619 1961.577 622.6736 1032.7776 1435.0531 1143.9541 346.3692 683.7639 6582.9797 2288.49;
	1914.2172 1250.4783 1935.0 619.4251 995.9312 1370.6247 1119.4969 342.8 671.0835 6584.0252 2286.2869;
	1915.7833 1237.556 1919.6928 626.2193 967.2143 1322.4859 1076.023 322.757 649.1173 6585.8291 2185.2646;
	1937.3752 1259.028 1924.2623 616.0815 992.8712 1314.8178 1069.2506 324.8 646.0049 6525.9556 2179.1437;
	1917.2921 1246.2703 1900.2688 608.1388 1012.3049 1320.7903 1064.9216 327.439 663.614 6443.3896 2210.9576;
	1859.1093 1269.6139 1933.3198 598.3827 1022.9592 1355.9229 1042.4169 320.9321 649.4 6444.9779 2182.7426;
	1873.7346 1258.2797 1933.3513 590.63 1018.0059 1402.4259 1090.0767 334.1213 689.4739 6456.211 2288.7067;
	1842.9 1267.8531 1945.3819 592.5799 1027.8214 1461.4187 1124.0565 329.1019 693.3124 6315.1003 2375.6601;
	1857.653 1290.7108 1997.7192 611.9918 1062.1428 1486.5502 1199.8224 354.7994 724.1831 6426.4382 2555.6642;
	1856.4303 1271.4933 1983.9891 599.8 1015.6964 1474.7 1183.1656 348.4154 722.1009 6264.611 2544.6253;
	1831.5596 1198.4967 1898.0908 581.0225 962.9478 1386.8979 1113.0083 335.4025 653.9476 6029.3034 2382.4555;
	1727.0308 1125.3751 1813.9598 570.4 913.2771 1302.1961 1031.8172 299.6814 622.6026 5658.4463 2202.582;
	1619.3 1054.7 1723.7637 569.4419 878.1461 1217.9381 959.6204 264.9572 556.98 5356.2296 2024.3735;
	1527.4672 1021.7028 1696.0442 580.8733 808.9222 1154.7351 881.6531 253.3 513.3005 5016.1844 1872.5;
	1464.318 979.1232 1671.0264 587.4151 813.7134 1159.7429 850.9182 263.1 487.8783 4765.7952 1785.5664;
];
