function windprofile = ex_wind_profilesh1
%EX_WIND_PROFILE_D  Example wind_load_nyiso profile data for deterministic unit commitment.
% 2022.03.12
% Andres F. Ramirez


%% define constants
[GEN_BUS, PG, QG, QMAX, QMIN, VG, MBASE, GEN_STATUS, PMAX, PMIN, ...
    MU_PMAX, MU_PMIN, MU_QMAX, MU_QMIN, PC1, PC2, QC1MIN, QC1MAX, ...
    QC2MIN, QC2MAX, RAMP_AGC, RAMP_10, RAMP_30, RAMP_Q, APF] = idx_gen;
[CT_LABEL, CT_PROB, CT_TABLE, CT_TBUS, CT_TGEN, CT_TBRCH, CT_TAREABUS, ...
    CT_TAREAGEN, CT_TAREABRCH, CT_ROW, CT_COL, CT_CHGTYPE, CT_REP, ...
    CT_REL, CT_ADD, CT_NEWVAL, CT_TLOAD, CT_TAREALOAD, CT_LOAD_ALL_PQ, ...
    CT_LOAD_FIX_PQ, CT_LOAD_DIS_PQ, CT_LOAD_ALL_P, CT_LOAD_FIX_P, ...
    CT_LOAD_DIS_P, CT_TGENCOST, CT_TAREAGENCOST, CT_MODCOST_F, ...
    CT_MODCOST_X] = idx_ct;

windprofile = struct( ...
    'type', 'mpcData', ...
    'table', CT_TGEN, ...
    'rows', [1:45], ...
    'col', PMAX, ...
    'chgtype', 1, ...
    'values', [] );
windprofile.values(:,1,:) = [
	0.6254 8.4502 51.0873 61.0683 7.815 0.0 3.7138 8.663 1.3976 16.9869 31.4 46.8426 70.5212 3.8034 157.5671 59.3625 73.6535 78.0507 79.9281 65.8517 1.2379 0.0 69.2671 73.6971 50.8717 46.0912 4.4759 172.3362 292.5656 292.5656 215.2806 42.2598 266.4271 169.5025 11.9243 124.828 347.0221 80.7773 19.2516 136.2634 64.0011 0.0 0.0 58.3103 350.6369;
	0.39 5.2692 50.7293 62.035 6.7786 0.0 8.3166 11.75 2.7241 9.125 16.8674 25.1629 37.8825 2.2819 139.8235 52.6777 65.3594 69.2614 76.2668 68.8518 2.7722 0.0 31.55 76.0716 55.3294 50.0668 6.3601 58.2015 161.8045 161.8045 135.4161 28.4334 254.2228 177.2247 7.154 69.0366 225.7557 85.5352 17.841 148.2038 82.7663 0.0 0.0 86.7989 228.1073;
	0.2991 4.0411 58.6552 68.04 6.8784 0.315 9.369 12.4721 2.2721 7.6883 14.2117 21.201 31.918 3.5203 94.82 35.7229 44.3228 46.969 65.5032 68.5312 3.123 0.7349 25.2451 81.4615 61.7261 57.2493 6.6603 24.8047 0.2859 0.2859 1.7481 16.6407 218.344 176.3995 11.0365 0.122 137.4723 1.0729 24.938 165.3377 77.4338 3.4939 0.864 104.0975 138.9043;
	0.4259 5.7547 65.581 74.2842 8.5173 0.4806 3.7862 14.4181 0.1614 5.2691 9.7398 14.5298 21.8745 0.0392 94.5939 35.6377 44.2171 46.857 45.0674 66.5503 1.2621 1.1213 46.6615 82.4593 67.4083 68.5289 7.4529 8.7826 0.9211 0.9211 2.1591 18.4884 150.2248 171.3008 0.1229 0.393 0.0 0.985 16.3772 180.5579 68.1564 5.3309 4.6134 145.7683 0.0;
	0.4589 6.2008 76.294 73.7248 9.6044 2.4486 6.2551 14.5255 2.0126 5.1888 9.5914 14.3084 21.5412 0.529 129.3542 48.7334 60.4655 64.0754 58.1776 70.1849 2.085 5.7133 44.0178 83.4587 80.9744 71.1903 8.6685 18.6942 11.8072 11.8072 5.3627 8.6806 193.9252 180.6561 1.6584 5.0377 0.3028 0.186 59.6451 216.8958 67.9448 27.1627 9.5834 155.1411 0.3059;
	0.5342 7.2183 78.4371 63.5888 9.8238 4.2555 14.2766 13.131 2.5731 7.3086 13.5099 20.1541 30.3419 3.1462 157.6492 59.3934 73.6918 78.0913 84.534 69.7148 4.7589 9.9294 30.8295 82.4107 61.6117 69.5798 8.2183 35.4509 28.5733 28.5733 61.7179 12.0715 281.7799 179.4462 9.8639 12.1913 11.1287 4.305 200.6319 165.0314 53.3384 47.2073 26.6489 147.6629 11.2446;
	0.5388 7.2807 60.4249 43.8978 9.3159 3.4755 4.8723 8.4421 2.7553 4.93 9.1131 13.5949 20.4671 6.6401 133.9382 50.4605 62.6083 66.3461 69.1739 67.7773 1.6241 8.1095 16.4831 54.4038 36.1386 64.8202 4.4283 55.8041 39.8921 39.8921 89.2035 14.6264 230.5796 174.459 20.8177 17.0206 12.0968 9.3836 445.3464 96.7999 25.566 38.5546 35.0497 158.7799 12.2228;
	0.6197 8.374 41.0449 32.1498 3.9462 3.351 5.5028 8.1926 2.2054 3.9104 7.2284 10.7833 16.2343 2.0915 67.8696 25.5695 31.7251 33.6191 19.8633 47.0978 1.8343 7.819 5.7187 37.4666 39.272 64.278 4.5339 23.5328 10.0746 10.0746 23.1764 10.4308 66.2111 121.2298 6.5572 4.2985 14.9838 13.5314 328.6429 105.193 10.5685 37.1738 34.5861 120.9913 15.1399;
	0.7103 9.5973 36.5784 29.9594 3.8553 12.4789 8.4899 5.9805 0.4596 0.8068 1.4913 2.2247 3.3493 4.6371 17.0223 6.4131 7.957 8.432 25.5569 17.1691 2.83 29.1175 3.5818 36.9393 31.6679 52.9268 4.2285 9.66 21.2371 21.2371 63.4075 3.0005 85.1895 44.1934 14.538 9.0612 5.155 12.1168 343.3537 84.8248 1.4857 138.433 50.6626 89.4087 5.2087;
	0.7183 9.706 36.6051 30.0234 7.6497 6.6335 12.5471 4.2384 0.1188 0.9134 1.6885 2.5189 3.7922 4.5195 7.4118 2.7923 3.4646 3.6714 16.6252 12.704 4.1824 15.4781 8.892 37.6544 31.4544 38.5847 2.871 70.573 36.7118 36.7118 38.8768 5.8192 55.4173 32.7001 14.1693 15.6637 14.6381 5.573 170.7457 84.2527 3.444 73.5871 54.5325 97.954 14.7906;
	0.9149 12.3629 47.4174 49.8722 10.448 1.9787 8.2758 3.4223 0.153 0.145 0.2679 0.3997 0.6018 4.2291 7.8477 2.9566 3.6683 3.8873 1.5669 11.5631 2.7586 4.6169 24.0037 41.0559 45.8587 50.1705 1.2214 87.7491 63.569 63.569 25.602 1.7278 5.2229 29.7634 13.2587 27.1228 54.2558 17.9564 66.8869 122.8359 0.8943 21.9502 15.778 102.7919 54.8209;
	1.6731 22.6069 65.9603 29.2489 13.155 1.2936 6.7087 0.7656 0.6151 0.0079 0.0147 0.0219 0.033 2.1178 23.5434 8.8699 11.0052 11.6622 0.3233 10.3244 2.2362 3.0183 35.9363 50.36 3.5819 46.4028 0.8356 153.2875 98.7226 98.7226 3.2165 2.3299 1.0776 26.5752 6.6396 42.1216 111.1617 2.3649 7.0879 9.5944 17.1783 14.3499 7.2708 131.0756 112.3196;
	2.2376 30.2348 86.7369 80.3224 14.3675 1.5843 8.1823 0.2988 2.028 21.3297 39.4276 58.8182 88.5505 3.283 12.8424 4.8383 6.0031 6.3615 0.0033 9.8879 2.7274 3.6968 25.0306 65.4891 66.0712 53.6385 0.3295 230.7586 168.1311 168.1311 54.2164 18.9896 0.011 25.4516 10.2927 71.7359 175.6313 19.5153 72.0428 176.9763 3.3402 17.5756 110.6741 180.0852 177.4608;
	1.9876 26.8572 73.4498 114.6722 14.7628 20.848 17.6386 5.7716 4.0625 0.0001 0.0002 0.0002 0.0003 6.7923 3.4524 1.3007 1.6138 1.7102 0.3692 6.1001 5.8795 48.6454 42.2924 24.0765 28.4381 33.0262 2.6746 199.9472 213.085 213.085 42.2163 16.6868 1.2307 15.7016 21.2949 90.9163 185.0957 8.2713 269.556 76.1735 9.6854 231.2741 84.683 148.6678 187.0238;
	2.1957 29.669 33.3774 91.1377 9.4215 3.0518 16.2242 2.7048 2.1265 0.0 0.0 0.0 0.0 3.8943 4.1724 1.5719 1.9503 2.0668 7.5625 0.0872 5.4081 7.1209 23.3096 4.8512 10.4484 5.8476 2.9395 295.4624 278.2492 278.2492 107.3752 9.9147 25.2083 0.2244 12.209 118.7197 273.2984 15.8295 81.3706 27.9867 4.0805 33.8549 83.6439 119.0304 276.1452;
	3.3344 45.0545 88.5605 66.3741 14.2039 3.0833 8.3739 2.2501 1.4722 0.0 0.0 0.0 0.0 21.4987 38.3121 14.4339 17.9087 18.9779 27.9815 0.9271 2.7913 7.1943 44.0016 0.9 7.1213 3.5067 1.5498 434.6951 314.9953 314.9953 200.0278 14.8949 93.2716 2.3864 67.4012 134.398 347.057 44.3754 72.0488 19.0749 3.7098 34.2038 19.8238 183.1612 350.6722;
	3.2856 44.3961 4.6755 14.7243 14.0834 0.136 0.5847 1.4188 0.0 0.0 0.0 0.0 0.0 0.0 9.1517 3.4478 4.2779 4.5333 2.4034 0.1083 0.1949 0.3172 0.5691 0.4089 4.6983 5.6437 1.3969 365.5057 382.6608 382.6608 188.7176 26.6707 8.0115 0.2788 0.0 163.2686 459.7781 70.8437 2.0819 12.5848 1.3654 1.5083 129.2977 213.4379 464.5674;
	2.4077 32.5326 2.1787 5.843 13.8282 16.9682 0.0332 0.4205 0.0 1.0068 1.8611 2.7764 4.1799 0.5531 8.1888 3.0851 3.8278 4.0563 0.0 0.0499 0.0111 39.5925 16.3764 9.0344 4.5013 2.8412 0.5199 573.8804 472.0736 472.0736 321.6818 35.253 0.0 0.1285 1.7341 201.4181 565.3486 91.54 15.1646 12.0569 0.1297 188.2342 102.308 214.533 571.2377;
	2.7991 37.8226 85.3308 34.7638 14.1819 23.6317 0.0 0.1509 0.0 8.7933 16.2542 24.2481 36.5054 3.1466 4.5762 1.7241 2.1391 2.2668 0.0 37.3766 0.0 55.1407 30.9528 7.7048 1.7509 57.5309 0.6867 736.8604 398.0989 398.0989 313.4758 44.4378 0.0 96.2074 9.8649 169.8556 578.3863 68.3859 2.4501 4.6898 0.0 262.1546 108.8454 201.4489 584.4112;
	2.8247 38.1685 0.3067 7.5158 14.2918 0.0 17.6261 0.0002 25.5952 22.028 40.7185 60.7439 91.4497 2.4239 0.2226 0.0839 0.1041 0.1103 0.0 12.9951 5.8754 0.0 62.3685 1.8875 0.0 47.6763 0.0102 691.9853 397.4059 397.4059 296.226 41.1387 0.0 33.4495 7.5994 169.5598 510.1936 66.2547 28.7667 0.0 0.0 0.0 101.8561 174.2423 515.5081;
