function windprofile = ex_wind_profilesh1
%EX_WIND_PROFILE_D  Example wind_load_nyiso profile data for deterministic unit commitment.
% 2022.03.12
% Andres F. Ramirez


%% define constants
[GEN_BUS, PG, QG, QMAX, QMIN, VG, MBASE, GEN_STATUS, PMAX, PMIN, ...
    MU_PMAX, MU_PMIN, MU_QMAX, MU_QMIN, PC1, PC2, QC1MIN, QC1MAX, ...
    QC2MIN, QC2MAX, RAMP_AGC, RAMP_10, RAMP_30, RAMP_Q, APF] = idx_gen;
[CT_LABEL, CT_PROB, CT_TABLE, CT_TBUS, CT_TGEN, CT_TBRCH, CT_TAREABUS, ...
    CT_TAREAGEN, CT_TAREABRCH, CT_ROW, CT_COL, CT_CHGTYPE, CT_REP, ...
    CT_REL, CT_ADD, CT_NEWVAL, CT_TLOAD, CT_TAREALOAD, CT_LOAD_ALL_PQ, ...
    CT_LOAD_FIX_PQ, CT_LOAD_DIS_PQ, CT_LOAD_ALL_P, CT_LOAD_FIX_P, ...
    CT_LOAD_DIS_P, CT_TGENCOST, CT_TAREAGENCOST, CT_MODCOST_F, ...
    CT_MODCOST_X] = idx_ct;

windprofile = struct( ...
    'type', 'mpcData', ...
    'table', CT_TGEN, ...
    'rows', [1:45], ...
    'col', PMAX, ...
    'chgtype', 1, ...
    'values', [] );
windprofile.values(:,1,:) = [
	0.6249 8.4436 53.93 65.348 7.0889 0.11 14.8586 8.3414 5.9672 18.4103 34.0311 50.7677 76.4305 10.9966 150.3004 56.6248 70.2567 74.4511 73.9515 69.9126 4.9529 0.2566 62.424 74.8383 53.577 52.0751 4.2147 161.2771 328.0155 328.0155 221.2721 39.4069 246.5049 179.9552 34.4759 139.9533 378.6156 83.2447 152.8065 143.5097 62.3548 1.2201 0.0 61.7549 382.5595;
	0.2155 2.912 44.8852 58.9264 5.8568 0.0 0.8278 9.5999 0.7168 11.0536 20.4324 30.4811 45.8891 3.1553 124.4818 46.8978 58.188 61.6619 65.3203 71.7352 0.2759 0.0 31.1481 70.7954 50.8418 47.4864 5.3657 56.3557 210.345 210.345 143.4965 21.9299 217.7343 184.6465 9.8923 89.7472 272.1788 79.1636 0.2486 136.1833 75.0529 0.0 0.0 62.1803 275.014;
	0.1612 2.1781 60.5466 67.1892 5.6496 0.1069 1.8968 10.4944 4.0357 8.8565 16.3711 24.4224 36.7678 3.5528 86.7229 32.6724 40.5379 42.9581 58.5474 71.0837 0.6323 0.2494 27.2251 81.2132 57.9508 53.4336 5.7525 0.1994 17.1883 17.1883 43.1294 15.1122 195.1581 182.9697 11.1386 7.3337 154.9368 2.2211 27.3378 155.2254 72.5316 1.1857 0.0 87.8043 156.5507;
	0.152 2.0534 65.6806 72.3483 7.6138 0.0006 4.3243 12.7773 4.6329 14.9935 27.7153 41.3457 62.2458 6.1735 96.4365 36.3319 45.0785 47.7697 42.2338 70.7843 1.4414 0.0015 47.4716 82.2439 64.4207 63.2983 6.7624 0.0212 44.7795 44.7795 110.0684 19.9746 140.7793 182.1989 19.3546 19.1059 16.3204 8.8624 21.8477 172.5555 70.3555 0.0069 0.0 130.8599 16.4904;
	0.335 4.5262 76.3386 69.5771 8.9689 0.0 0.6856 13.0523 1.4635 13.7098 25.3423 37.8057 56.9163 8.38 129.9553 48.9599 60.7466 64.3732 55.1022 70.0146 0.2285 0.0 45.1663 82.975 78.5377 66.7403 7.8556 3.2794 5.9976 5.9976 55.944 9.6153 183.6739 180.2178 26.2723 2.559 2.9826 1.6005 4.7182 210.3689 65.2936 0.0 0.0 145.2236 3.0137;
	0.3805 5.1415 71.6023 52.4754 8.3914 1.4294 0.6598 9.9781 1.1787 7.8479 14.5068 21.6413 32.5809 7.4516 154.217 58.1004 72.0875 76.3912 81.3281 71.535 0.2199 3.3352 34.9614 77.1239 56.8366 60.88 6.7526 11.2159 3.5695 3.5695 64.6998 10.8542 271.0937 184.1313 23.3618 1.523 2.2084 1.9539 9.503 152.2408 51.4764 15.8566 16.5481 130.0912 2.2314;
	0.4144 5.5988 50.2934 30.414 8.5593 0.871 4.1592 4.2817 2.1969 6.8244 12.6148 18.8187 28.3315 13.5443 133.502 50.2961 62.4044 66.13 63.8875 71.2612 1.3864 2.0324 23.7437 53.3447 31.1895 60.6432 3.5118 7.1412 11.9897 11.9897 67.4397 11.7161 212.9583 183.4266 42.4632 5.1156 6.0967 1.2507 24.552 83.5433 24.9062 9.6628 30.5022 130.3731 6.1602;
	0.5504 7.4368 31.5749 13.5509 3.6693 2.729 4.9492 5.6727 2.5293 5.1345 9.491 14.1587 21.3158 28.2704 75.2152 28.3369 35.1587 37.2578 18.9082 51.706 1.6497 6.3677 12.8147 32.2018 26.5775 59.5667 3.3699 11.3432 38.0912 38.0912 104.6939 8.3899 63.0272 133.0915 88.6315 16.2523 27.8232 11.411 85.1098 71.1897 10.4024 30.2737 17.5097 98.5405 28.1131;
	0.5667 7.6571 25.0076 13.6834 3.4246 0.0 0.0019 2.4388 0.0 1.442 2.6656 3.9766 5.9867 9.4415 20.2466 7.6278 9.4641 10.0291 0.0344 17.3707 0.0006 0.0 6.673 31.286 24.5553 47.1402 1.6519 63.432 14.1289 14.1289 23.2129 1.6846 0.1146 44.7123 29.6004 6.0283 24.4169 3.9886 2.8347 65.773 0.8937 0.0 5.1583 72.5942 24.6713;
	0.571 7.7159 29.14 23.7256 7.8476 0.0 4.7831 3.7719 1.2406 5.8647 10.8408 16.1723 24.3473 11.6086 14.4481 5.4433 6.7537 7.1569 1.2378 13.906 1.5944 0.0 11.1855 37.677 29.4422 42.6776 2.098 121.0467 200.862 200.862 367.5353 2.9628 4.126 35.794 36.3944 85.7011 60.4994 9.2833 228.8786 78.863 3.5901 0.0 51.661 94.2359 61.1296;
	0.8819 11.9166 44.8733 5.0708 11.5033 0.0038 2.1699 3.3346 0.0412 0.1642 0.3035 0.4528 0.6817 10.2028 58.7128 22.1197 27.4448 29.0833 1.291 12.3711 0.7233 0.009 28.6208 45.5921 49.445 50.651 1.0114 192.1098 85.7166 85.7166 186.32 3.7564 4.3035 31.8431 31.9872 36.5724 73.152 11.6862 82.9223 132.4419 9.9578 0.0426 20.7575 109.1559 73.914;
	1.6223 21.9214 65.4505 0.0823 13.916 0.2268 2.9082 0.0228 2.2621 3.5167 6.5006 9.6976 14.5997 14.2271 38.9698 14.6816 18.2161 19.3036 8.9369 12.2586 0.9694 0.5292 52.9967 55.2518 8.3358 46.5787 0.0421 181.4003 122.3677 122.3677 127.9926 2.3084 29.7897 31.5537 44.604 52.2102 135.3444 2.8888 19.4411 22.3281 2.0478 2.5161 40.2164 144.2351 136.7543;
	2.2225 30.0311 82.3903 3.6447 14.2645 0.2374 1.2897 0.7855 3.914 25.0416 46.2891 69.0542 103.9608 14.7432 33.5364 12.6347 15.6763 16.6122 3.3961 11.4189 0.4299 0.5539 38.3258 66.2179 67.3121 52.1079 0.3798 233.2188 181.7889 181.7889 95.9461 6.9831 11.3202 29.3924 46.222 77.5633 184.6005 5.4601 70.5027 180.3002 0.5215 2.6334 113.51 187.2523 186.5234;
	1.8013 24.3389 71.259 26.5117 14.5113 20.1883 1.9784 5.302 4.6013 10.8698 20.0927 29.9743 45.1261 13.01 10.9196 4.1139 5.1043 5.409 1.6518 10.4454 0.6595 47.106 51.8857 46.135 45.0398 35.9481 1.3571 213.4855 222.6836 222.6836 92.5581 13.836 5.5059 26.8864 40.7881 95.0117 219.6242 12.307 34.3386 120.6423 6.1355 223.9552 86.2762 166.5477 221.912;
	2.0601 27.837 34.9005 7.1364 9.0828 1.9842 2.4513 0.5712 0.5373 11.9969 22.1761 33.0823 49.8053 7.2761 62.0101 23.362 28.9861 30.7166 14.5826 24.7393 0.8171 4.6297 31.7355 25.5494 10.4343 1.0718 0.1006 268.4022 269.925 269.925 104.6392 9.483 48.6086 63.679 22.8117 115.168 259.1474 17.9142 30.2229 27.9491 0.2343 22.011 82.8228 119.9414 261.8469;
	3.1296 42.2882 89.5974 17.1731 13.8523 8.1611 3.2622 1.489 6.402 13.3521 24.6812 36.8194 55.4315 4.3674 17.3023 6.5185 8.0878 8.5707 5.0926 14.7278 1.0874 19.0426 48.8583 46.1588 38.3991 0.6771 0.3491 395.0401 308.5047 308.5047 179.6101 12.836 16.9753 37.9095 13.6924 131.6287 324.3001 37.9321 22.8388 102.8548 3.2592 90.5339 23.9969 206.5281 327.6782;
	3.4013 45.9593 36.1287 30.2338 14.3492 4.3716 4.9287 1.1888 5.4921 3.2115 5.9365 8.8561 13.3328 0.8355 10.7062 4.0335 5.0045 5.3033 8.5756 4.6269 1.6429 10.2003 3.4634 9.9111 17.6027 0.0378 0.5594 381.9179 385.4634 385.4634 188.8572 27.679 28.5853 11.9096 2.6193 164.4644 475.0174 70.8282 44.4572 47.1502 1.4943 48.4952 144.3584 234.4579 479.9655;
	2.469 33.362 10.9379 4.2427 13.4893 18.0381 0.9601 0.0 3.7135 0.1095 0.2025 0.3021 0.4547 1.624 0.0921 0.0347 0.0431 0.0456 1.3504 0.1795 0.32 42.0889 11.7956 0.3006 0.1333 0.0 0.0023 560.7808 456.7029 456.7029 316.8104 34.4301 4.5013 0.4619 5.0914 194.8599 523.7103 94.6774 17.2135 0.3569 0.0088 200.1026 106.4183 216.1622 529.1656;
	2.8722 38.8101 82.4252 2.413 13.9307 25.3604 3.5785 0.2193 2.1576 6.9843 12.9104 19.2597 28.9954 7.3338 0.0 0.0 0.0 0.0 0.0143 29.0728 1.1928 59.1742 2.1011 0.0 0.0126 47.9336 0.1467 771.644 431.1935 431.1935 351.3785 44.3803 0.0475 74.8334 22.9924 183.9759 612.4321 74.88 121.8582 0.0337 4.879 281.3311 109.2153 205.7304 618.8116;
	2.9568 39.9525 6.1004 10.5869 14.1427 2.0841 18.7179 0.0195 25.4795 12.9109 23.8656 35.6028 53.5998 14.0632 0.0 0.0 0.0 0.0 0.4852 9.4019 6.2393 4.8628 38.6878 2.1984 0.0243 45.5534 0.7417 730.2336 409.4135 409.4135 322.6004 40.8385 1.6173 24.2006 44.0901 174.6831 546.5304 69.799 1.8526 0.0652 22.2761 23.1192 111.3384 188.0416 552.2234;
