function solarprofile = ex_solar_profilesh1
%EX_WIND_PROFILE_D  Example wind_load_nyiso profile data for deterministic unit commitment.
% 2022.03.12
% Andres F. Ramirez


%% define constants
[GEN_BUS, PG, QG, QMAX, QMIN, VG, MBASE, GEN_STATUS, PMAX, PMIN, ...
    MU_PMAX, MU_PMIN, MU_QMAX, MU_QMIN, PC1, PC2, QC1MIN, QC1MAX, ...
    QC2MIN, QC2MAX, RAMP_AGC, RAMP_10, RAMP_30, RAMP_Q, APF] = idx_gen;
[CT_LABEL, CT_PROB, CT_TABLE, CT_TBUS, CT_TGEN, CT_TBRCH, CT_TAREABUS, ...
    CT_TAREAGEN, CT_TAREABRCH, CT_ROW, CT_COL, CT_CHGTYPE, CT_REP, ...
    CT_REL, CT_ADD, CT_NEWVAL, CT_TLOAD, CT_TAREALOAD, CT_LOAD_ALL_PQ, ...
    CT_LOAD_FIX_PQ, CT_LOAD_DIS_PQ, CT_LOAD_ALL_P, CT_LOAD_FIX_P, ...
    CT_LOAD_DIS_P, CT_TGENCOST, CT_TAREAGENCOST, CT_MODCOST_F, ...
    CT_MODCOST_X] = idx_ct;

solarprofile = struct( ...
    'type', 'mpcData', ...
    'table', CT_TGEN, ...
    'rows', [1:12], ...
    'col', PMAX, ...
    'chgtype', 1, ...
    'values', [] );
solarprofile.values(:,1,:) = [
	0.0 0.0 0.0 0.0 0.0 0.0 0.0 0.0 0.0 0.0 0.0 0.0;
	0.0 0.0 0.0 0.0 0.0 0.0 0.0 0.0 0.0 0.0 0.0 0.0;
	0.0 0.0 0.0 0.0 0.0 0.0 0.0 0.0 0.0 0.0 0.0 0.0;
	0.0 0.0 0.0 0.0 0.0 0.0 0.0 0.0 0.0 0.0 0.0 0.0;
	0.0 0.0 0.0 0.0 0.0 0.0 0.0 0.0 0.0 0.0 0.0 0.0;
	0.4836 0.4133 0.4564 0.0 0.0 0.0 0.0 0.2 0.0 0.0 0.0 0.0;
	8.6442 7.0638 5.9871 5.6125 2.6812 18.1055 2.2632 44.594 20.7381 4.0579 8.1976 7.3489;
	14.1816 10.4756 11.2599 5.8802 6.2296 307.4116 38.4264 71.9568 234.6788 11.312 22.5078 20.486;
	20.9267 16.2882 13.8 7.1275 7.6598 418.5052 52.3131 74.859 268.0551 30.9101 37.9223 55.9785;
	24.2861 16.2079 13.6408 3.0236 3.0582 307.2069 38.4009 61.6679 186.012 87.4309 48.8763 158.3378;
	25.365 16.4137 13.7627 5.0551 3.3923 336.8535 42.1067 66.7273 183.268 140.6188 53.5698 254.6616;
	25.143 16.3954 13.769 6.5135 4.1567 354.4702 44.3088 68.7295 176.7298 176.2308 62.1542 319.155;
	13.8012 11.5242 9.4978 5.7873 4.5567 184.3193 23.0399 41.111 55.1967 146.9251 178.768 266.0823;
	11.2877 10.9741 7.9188 4.4897 4.0103 155.954 19.4942 26.6308 42.2723 99.2208 179.7686 179.6895;
	8.1718 7.7832 5.5774 3.2328 3.5003 123.6189 15.4524 14.0915 24.8937 61.3609 117.1682 111.125;
	3.0492 2.7659 1.6871 1.5168 0.8387 42.5877 5.3235 1.5445 0.0 10.0842 13.0939 18.2626;
	0.3888 0.3109 0.3121 0.9926 0.9695 20.7806 2.5976 1.1189 2.2574 4.3655 4.5215 7.9059;
	0.0 0.0 0.0 0.0 0.0 0.0 0.0 0.0 0.0 0.0 0.0 0.0;
	0.0 0.0 0.0 0.0 0.0 0.0 0.0 0.0 0.0 0.0 0.0 0.0;
	0.0 0.0 0.0 0.0 0.0 0.0 0.0 0.0 0.0 0.0 0.0 0.0;
	0.0 0.0 0.0 0.0 0.0 0.0 0.0 0.0 0.0 0.0 0.0 0.0;
	0.0 0.0 0.0 0.0 0.0 0.0 0.0 0.0 0.0 0.0 0.0 0.0;
	0.0 0.0 0.0 0.0 0.0 0.0 0.0 0.0 0.0 0.0 0.0 0.0;
	0.0 0.0 0.0 0.0 0.0 0.0 0.0 0.0 0.0 0.0 0.0 0.0;
];
