function solarprofile = ex_solar_profilesh1
%EX_WIND_PROFILE_D  Example wind_load_nyiso profile data for deterministic unit commitment.
% 2022.03.12
% Andres F. Ramirez


%% define constants
[GEN_BUS, PG, QG, QMAX, QMIN, VG, MBASE, GEN_STATUS, PMAX, PMIN, ...
    MU_PMAX, MU_PMIN, MU_QMAX, MU_QMIN, PC1, PC2, QC1MIN, QC1MAX, ...
    QC2MIN, QC2MAX, RAMP_AGC, RAMP_10, RAMP_30, RAMP_Q, APF] = idx_gen;
[CT_LABEL, CT_PROB, CT_TABLE, CT_TBUS, CT_TGEN, CT_TBRCH, CT_TAREABUS, ...
    CT_TAREAGEN, CT_TAREABRCH, CT_ROW, CT_COL, CT_CHGTYPE, CT_REP, ...
    CT_REL, CT_ADD, CT_NEWVAL, CT_TLOAD, CT_TAREALOAD, CT_LOAD_ALL_PQ, ...
    CT_LOAD_FIX_PQ, CT_LOAD_DIS_PQ, CT_LOAD_ALL_P, CT_LOAD_FIX_P, ...
    CT_LOAD_DIS_P, CT_TGENCOST, CT_TAREAGENCOST, CT_MODCOST_F, ...
    CT_MODCOST_X] = idx_ct;

solarprofile = struct( ...
    'type', 'mpcData', ...
    'table', CT_TGEN, ...
    'rows', [1:12], ...
    'col', PMAX, ...
    'chgtype', 1, ...
    'values', [] );
solarprofile.values(:,1,:) = [
	0.0 0.0 0.0 0.0 0.0 0.0 0.0 0.0 0.0 0.0 0.0 0.0;
	0.0 0.0 0.0 0.0 0.0 0.0 0.0 0.0 0.0 0.0 0.0 0.0;
	0.0 0.0 0.0 0.0 0.0 0.0 0.0 0.0 0.0 0.0 0.0 0.0;
	0.0 0.0 0.0 0.0 0.0 0.0 0.0 0.0 0.0 0.0 0.0 0.0;
	0.0 0.0 0.0 0.0 0.0 0.0 0.0 0.0 0.0 0.0 0.0 0.0;
	0.4731 0.4018 0.4224 0.0 0.0 0.0 0.0 0.2 0.0 0.0 0.0 0.0;
	13.2602 7.0638 6.2033 2.0939 4.7389 363.1353 45.3919 45.403 261.4362 0.0 2.9527 0.0;
	21.6473 13.798 13.0839 7.1458 7.1791 443.7733 55.4717 72.8823 287.844 76.2413 22.0213 138.0734;
	23.2197 16.6083 13.8416 10.3443 9.5447 453.1314 56.6414 75.6685 288.4057 261.2114 77.9825 473.0554;
	24.2926 16.1547 13.6813 8.0764 11.768 379.4719 47.434 61.03 217.9857 158.4165 90.004 286.8933;
	25.1747 16.371 13.8062 6.5027 9.3815 341.2771 42.6596 57.0651 171.1856 100.7529 54.9988 182.4641;
	25.0842 16.3954 13.7976 4.2339 5.8835 283.7303 35.4663 52.7595 68.1272 78.6235 43.0519 142.3876;
	16.5008 12.1948 10.5638 2.2406 1.6494 61.6911 7.7114 15.4923 16.4096 34.7671 24.6715 62.9635;
	16.7354 12.2965 9.0301 2.3596 1.4486 70.3784 8.7973 16.1031 28.2086 30.0996 23.5961 54.5105;
	13.4416 10.0425 6.1439 2.6173 2.4578 94.3218 11.7902 16.8853 42.4711 19.0474 24.9163 34.495;
	8.533 4.3499 2.9844 1.3917 0.9845 45.1996 5.65 8.8997 25.7947 2.632 9.4627 4.7666;
	0.6433 0.4374 0.4782 0.4216 0.1603 3.4621 0.4328 2.0863 2.5184 6.7886 6.1966 12.2943;
	0.0 0.0 0.0 0.0 0.0 0.0 0.0 0.0 0.0 0.0 0.0 0.0;
	0.0 0.0 0.0 0.0 0.0 0.0 0.0 0.0 0.0 0.0 0.0 0.0;
	0.0 0.0 0.0 0.0 0.0 0.0 0.0 0.0 0.0 0.0 0.0 0.0;
	0.0 0.0 0.0 0.0 0.0 0.0 0.0 0.0 0.0 0.0 0.0 0.0;
	0.0 0.0 0.0 0.0 0.0 0.0 0.0 0.0 0.0 0.0 0.0 0.0;
	0.0 0.0 0.0 0.0 0.0 0.0 0.0 0.0 0.0 0.0 0.0 0.0;
	0.0 0.0 0.0 0.0 0.0 0.0 0.0 0.0 0.0 0.0 0.0 0.0;
];
