function loadprofile = ex_load_profilesh1
%EX_LOAD_PROFILE  Example load profile data file for stochastic unit commitment.
% 2022.03.12
% Andres F. Ramirez

%% define constants
[CT_LABEL, CT_PROB, CT_TABLE, CT_TBUS, CT_TGEN, CT_TBRCH, CT_TAREABUS, ...
    CT_TAREAGEN, CT_TAREABRCH, CT_ROW, CT_COL, CT_CHGTYPE, CT_REP, ...
    CT_REL, CT_ADD, CT_NEWVAL, CT_TLOAD, CT_TAREALOAD, CT_LOAD_ALL_PQ, ...
    CT_LOAD_FIX_PQ, CT_LOAD_DIS_PQ, CT_LOAD_ALL_P, CT_LOAD_FIX_P, ...
    CT_LOAD_DIS_P, CT_TGENCOST, CT_TAREAGENCOST, CT_MODCOST_F, ...
    CT_MODCOST_X] = idx_ct;

loadprofile = struct( ...
    'type', 'mpcData', ...
    'table', CT_TAREALOAD, ...
    'rows', [1:11], ...
    'col', CT_LOAD_ALL_P, ...
    'chgtype', 1, ...
    'values', [] );
loadprofile.values(:,1,:) = [
	1556.5255 952.7141 1634.6 627.3332 851.5306 1216.5563 936.3431 271.0634 500.2311 4538.2446 1743.5594;
	1561.0077 975.2536 1654.7306 618.928 859.9566 1207.8537 912.7852 274.8999 481.2878 4414.7351 1707.9102;
	1594.6359 992.1411 1690.1 626.7751 889.1601 1230.953 930.3 270.2708 499.9125 4443.9742 1741.1464;
	1639.0379 1044.6552 1753.9592 631.8779 945.2824 1293.6442 969.9145 290.4378 534.0908 4684.9071 1849.3331;
	1786.1189 1170.2628 1928.0147 669.4637 1031.3265 1457.5735 1072.8 332.5269 628.8339 5272.815 2048.8795;
	1868.8806 1221.7389 2014.4718 668.6831 1080.3502 1541.8 1113.8349 354.8 690.8521 5749.9354 2178.2812;
	1867.6838 1229.0281 2018.6696 640.1225 1080.065 1509.1923 1115.6317 368.1 704.1 6109.4878 2162.0372;
	1872.1415 1215.6907 1999.644 643.1403 1094.7 1472.6059 1097.7725 357.8808 705.2416 6325.534 2060.9769;
	1909.1829 1220.3639 1982.3318 629.5253 1042.0401 1468.095 1099.74 359.0048 692.6 6385.7035 2000.1495;
	1865.1883 1222.7911 1977.3254 627.9662 1050.9993 1471.6374 1110.6 373.8373 698.5 6401.9782 2010.2007;
	1848.0501 1231.3719 2000.3 619.2 1058.3 1447.5785 1141.0017 383.9559 698.0705 6345.3599 2021.6144;
	1798.8551 1189.2 1966.7721 614.363 1017.0 1411.527 1144.5802 376.5 693.2929 6291.2779 1944.1023;
	1769.8 1166.1872 1942.2176 602.6 1016.4874 1354.6744 1119.9864 373.1322 681.6381 6245.7303 2010.7615;
	1776.9554 1167.668 1965.223 590.9 1006.1546 1346.3891 1157.2472 409.0526 691.1319 6356.1745 2098.0058;
	1792.5133 1188.3771 1978.218 589.6909 984.5719 1401.6951 1169.5469 381.189 718.8511 6498.5495 2223.2071;
	1813.4308 1187.6 1981.8893 610.452 1024.6135 1407.3661 1179.6111 355.5291 725.735 6506.0029 2297.1378;
	1808.7259 1191.4685 2005.155 613.481 1041.9729 1424.2179 1254.311 381.7534 733.0268 6416.964 2409.6313;
	1885.0864 1210.241 2036.0471 626.2679 1057.1915 1513.4 1315.1874 396.6414 780.9444 6529.9304 2580.8007;
	1900.0168 1208.2 2010.5062 625.3 1022.9944 1511.5815 1260.595 379.3 743.3382 6295.9 2480.3251;
	1852.0672 1136.8421 1896.9091 606.2929 954.7883 1416.7591 1193.9147 364.9652 698.3446 5917.3402 2325.5444;
	1775.1158 1060.1778 1773.8311 602.4 907.7101 1336.8 1107.9798 330.9264 655.4882 5598.1 2151.392;
	1651.4478 984.9203 1686.5215 574.5 856.829 1239.0057 1000.6601 289.9567 592.6088 5171.1838 1927.0983;
	1575.9 967.0 1633.558 572.7 814.4 1206.7366 1021.4205 279.6 508.5575 4979.426 1825.3311;
	1498.5228 934.2739 1582.001 581.4607 791.5302 1161.8381 918.5291 273.5839 471.5068 4690.9202 1746.1;
];
