function loadprofile = ex_load_profilesh1
%EX_LOAD_PROFILE  Example load profile data file for stochastic unit commitment.
% 2022.03.12
% Andres F. Ramirez

%% define constants
[CT_LABEL, CT_PROB, CT_TABLE, CT_TBUS, CT_TGEN, CT_TBRCH, CT_TAREABUS, ...
    CT_TAREAGEN, CT_TAREABRCH, CT_ROW, CT_COL, CT_CHGTYPE, CT_REP, ...
    CT_REL, CT_ADD, CT_NEWVAL, CT_TLOAD, CT_TAREALOAD, CT_LOAD_ALL_PQ, ...
    CT_LOAD_FIX_PQ, CT_LOAD_DIS_PQ, CT_LOAD_ALL_P, CT_LOAD_FIX_P, ...
    CT_LOAD_DIS_P, CT_TGENCOST, CT_TAREAGENCOST, CT_MODCOST_F, ...
    CT_MODCOST_X] = idx_ct;

loadprofile = struct( ...
    'type', 'mpcData', ...
    'table', CT_TAREALOAD, ...
    'rows', [1:11], ...
    'col', CT_LOAD_ALL_P, ...
    'chgtype', 1, ...
    'values', [] );
loadprofile.values(:,1,:) = [
	1642.4921 980.4937 1752.6 549.9991 880.0126 1196.5952 916.6179 264.0473 528.4 4667.7936 1754.4298;
	1624.9949 981.0 1747.8151 559.1144 852.79 1206.4337 909.2384 262.5 514.851 4524.9441 1687.7969;
	1672.5268 1009.6669 1775.6775 555.5968 884.9161 1247.9603 927.5684 273.5 532.5 4569.3273 1777.985;
	1731.8898 1068.0865 1892.515 582.1522 959.4506 1345.6029 987.7068 297.4 573.4 4862.3032 1876.2172;
	1884.7771 1193.1 2095.1166 595.3918 1051.497 1497.8558 1095.9289 335.9 634.7669 5394.4012 2133.5673;
	1936.7558 1243.3474 2198.5361 607.7538 1110.6036 1592.3244 1162.6 362.3 723.1482 5997.7246 2316.4729;
	1925.3042 1252.1 2154.3452 581.0811 1117.9488 1560.3 1175.8377 352.3272 728.8353 6269.5204 2257.9425;
	1910.4982 1257.7866 2161.499 581.7426 1113.023 1534.1957 1200.295 348.9337 733.6613 6492.3 2217.0;
	1926.8787 1283.3213 2136.4539 591.8627 1119.7912 1533.3337 1228.7522 349.9063 744.4 6623.6255 2260.3126;
	1927.136 1288.1986 2126.9504 580.7388 1100.1326 1568.6946 1281.9189 354.4 746.7246 6594.4974 2224.4756;
	1837.2822 1226.7842 2082.9664 577.5732 1082.4686 1507.4469 1177.3871 344.2322 698.8379 6447.0567 2027.0014;
	1791.9575 1201.2423 2055.3074 573.312 1058.9068 1477.4188 1178.4282 324.6865 691.8439 6354.519 1977.936;
	1710.8178 1179.5509 2041.4831 576.5355 1050.5999 1470.9587 1238.9786 339.8 670.4477 6352.9526 2031.3753;
	1711.9695 1173.2293 1975.8478 565.262 1013.861 1437.3688 1182.2107 332.2137 683.2 6338.9325 2087.068;
	1712.3866 1144.1437 1932.9828 549.4568 1019.6988 1494.9591 1188.9289 342.5 688.7598 6377.1257 2222.6282;
	1771.057 1161.7564 1968.4183 557.6481 1031.719 1476.543 1131.5471 321.589 686.9097 6270.8567 2283.0283;
	1810.7801 1192.2445 2017.5959 566.453 1050.8608 1545.5433 1262.9182 349.0 712.1027 6337.5053 2446.5837;
	1888.5972 1232.4 2048.1617 579.2827 1084.4892 1584.8112 1270.4115 355.4 747.2455 6397.9296 2639.3856;
	1853.1515 1214.0 2049.7837 564.1143 1068.5794 1553.6679 1297.8827 359.2033 736.646 6359.0531 2542.1811;
	1817.7521 1161.5514 1987.5456 517.9689 1006.4339 1435.5998 1200.6095 352.4517 693.5401 6022.5665 2392.8135;
	1699.9502 1068.1009 1841.3916 490.3337 918.3462 1304.4311 1075.9 304.1 637.7108 5629.1529 2221.9657;
	1629.1766 996.3566 1737.9767 507.5969 879.097 1255.5834 1000.013 277.0609 560.5 5350.6 1989.0313;
	1617.2742 940.8957 1655.708 473.349 808.259 1230.9072 951.2952 260.7154 546.4 5021.5697 1927.1221;
	1535.5269 922.8803 1648.7435 468.5797 805.8659 1167.9382 907.5425 268.7867 520.386 4827.8545 1770.1963;
];
