function solarprofile = ex_solar_profilesh1
%EX_WIND_PROFILE_D  Example wind_load_nyiso profile data for deterministic unit commitment.
% 2022.03.12
% Andres F. Ramirez


%% define constants
[GEN_BUS, PG, QG, QMAX, QMIN, VG, MBASE, GEN_STATUS, PMAX, PMIN, ...
    MU_PMAX, MU_PMIN, MU_QMAX, MU_QMIN, PC1, PC2, QC1MIN, QC1MAX, ...
    QC2MIN, QC2MAX, RAMP_AGC, RAMP_10, RAMP_30, RAMP_Q, APF] = idx_gen;
[CT_LABEL, CT_PROB, CT_TABLE, CT_TBUS, CT_TGEN, CT_TBRCH, CT_TAREABUS, ...
    CT_TAREAGEN, CT_TAREABRCH, CT_ROW, CT_COL, CT_CHGTYPE, CT_REP, ...
    CT_REL, CT_ADD, CT_NEWVAL, CT_TLOAD, CT_TAREALOAD, CT_LOAD_ALL_PQ, ...
    CT_LOAD_FIX_PQ, CT_LOAD_DIS_PQ, CT_LOAD_ALL_P, CT_LOAD_FIX_P, ...
    CT_LOAD_DIS_P, CT_TGENCOST, CT_TAREAGENCOST, CT_MODCOST_F, ...
    CT_MODCOST_X] = idx_ct;

solarprofile = struct( ...
    'type', 'mpcData', ...
    'table', CT_TGEN, ...
    'rows', [1:12], ...
    'col', PMAX, ...
    'chgtype', 1, ...
    'values', [] );
solarprofile.values(:,1,:) = [
	0.0 0.0 0.0 0.0 0.0 0.0 0.0 0.0 0.0 0.0 0.0 0.0;
	0.0 0.0 0.0 0.0 0.0 0.0 0.0 0.0 0.0 0.0 0.0 0.0;
	0.0 0.0 0.0 0.0 0.0 0.0 0.0 0.0 0.0 0.0 0.0 0.0;
	0.0 0.0 0.0 0.0 0.0 0.0 0.0 0.0 0.0 0.0 0.0 0.0;
	0.0 0.0 0.0 0.0 0.0 0.0 0.0 0.0 0.0 0.0 0.0 0.0;
	0.4731 0.402 0.4224 0.0 0.0 0.0 0.0 0.2 0.0 0.0 0.0 0.0;
	9.841 7.1264 5.6449 4.9706 4.7429 263.7183 32.9648 56.7827 243.9895 14.6401 6.9231 26.5134;
	24.9291 16.7594 14.1868 7.0304 2.8734 428.2942 53.5368 72.6474 283.6059 23.3061 13.455 42.2075;
	25.1363 17.0837 14.2876 8.1729 1.0582 444.5537 55.5692 74.9475 288.1209 34.8947 28.9443 63.1945;
	16.7418 16.1547 13.068 5.2388 0.4691 350.5534 43.8192 66.8449 255.4176 59.9475 99.4381 108.5652;
	17.8641 16.3702 11.6821 6.5328 2.2796 431.2748 53.9093 72.047 282.6538 54.2242 122.6763 98.2004;
	21.0857 16.3954 12.4611 7.0287 4.7795 451.9664 56.4958 72.0561 285.3298 40.4837 100.464 73.3163;
	9.1364 8.9637 5.7828 8.0072 5.0807 237.4471 29.6809 33.5257 135.5443 25.1072 54.3441 45.4693;
	4.1822 4.8069 3.2184 6.8906 3.7055 113.6287 14.2036 19.7582 57.645 22.9627 44.3154 41.5855;
	1.8146 2.4916 1.3355 5.7127 3.2372 37.7269 4.7159 12.6637 24.0061 23.1067 32.4575 41.8464;
	0.5123 1.0624 0.777 2.8002 1.1345 1.8646 0.2331 5.7086 6.7601 9.8016 6.5865 17.7507;
	0.5374 0.6838 0.5896 0.8196 1.1261 15.8358 1.9795 3.3572 7.8528 5.0258 2.7362 9.1018;
	0.0 0.0 0.0 0.0 0.0 0.0 0.0 0.0 0.0 0.0 0.0 0.0;
	0.0 0.0 0.0 0.0 0.0 0.0 0.0 0.0 0.0 0.0 0.0 0.0;
	0.0 0.0 0.0 0.0 0.0 0.0 0.0 0.0 0.0 0.0 0.0 0.0;
	0.0 0.0 0.0 0.0 0.0 0.0 0.0 0.0 0.0 0.0 0.0 0.0;
	0.0 0.0 0.0 0.0 0.0 0.0 0.0 0.0 0.0 0.0 0.0 0.0;
	0.0 0.0 0.0 0.0 0.0 0.0 0.0 0.0 0.0 0.0 0.0 0.0;
	0.0 0.0 0.0 0.0 0.0 0.0 0.0 0.0 0.0 0.0 0.0 0.0;
];
