function solarprofile = ex_solar_profilesh1
%EX_WIND_PROFILE_D  Example wind_load_nyiso profile data for deterministic unit commitment.
% 2022.03.12
% Andres F. Ramirez


%% define constants
[GEN_BUS, PG, QG, QMAX, QMIN, VG, MBASE, GEN_STATUS, PMAX, PMIN, ...
    MU_PMAX, MU_PMIN, MU_QMAX, MU_QMIN, PC1, PC2, QC1MIN, QC1MAX, ...
    QC2MIN, QC2MAX, RAMP_AGC, RAMP_10, RAMP_30, RAMP_Q, APF] = idx_gen;
[CT_LABEL, CT_PROB, CT_TABLE, CT_TBUS, CT_TGEN, CT_TBRCH, CT_TAREABUS, ...
    CT_TAREAGEN, CT_TAREABRCH, CT_ROW, CT_COL, CT_CHGTYPE, CT_REP, ...
    CT_REL, CT_ADD, CT_NEWVAL, CT_TLOAD, CT_TAREALOAD, CT_LOAD_ALL_PQ, ...
    CT_LOAD_FIX_PQ, CT_LOAD_DIS_PQ, CT_LOAD_ALL_P, CT_LOAD_FIX_P, ...
    CT_LOAD_DIS_P, CT_TGENCOST, CT_TAREAGENCOST, CT_MODCOST_F, ...
    CT_MODCOST_X] = idx_ct;

solarprofile = struct( ...
    'type', 'mpcData', ...
    'table', CT_TGEN, ...
    'rows', [1:12], ...
    'col', PMAX, ...
    'chgtype', 1, ...
    'values', [] );
solarprofile.values(:,1,:) = [
	0.0 0.0 0.0 0.0 0.0 0.0 0.0 0.0 0.0 0.0 0.0 0.0;
	0.0 0.0 0.0 0.0 0.0 0.0 0.0 0.0 0.0 0.0 0.0 0.0;
	0.0 0.0 0.0 0.0 0.0 0.0 0.0 0.0 0.0 0.0 0.0 0.0;
	0.0 0.0 0.0 0.0 0.0 0.0 0.0 0.0 0.0 0.0 0.0 0.0;
	0.0 0.0 0.0 0.0 0.0 0.0 0.0 0.0 0.0 0.0 0.0 0.0;
	0.4731 0.4018 0.4224 0.0 0.0 0.0 0.0 0.2 0.0 0.0 0.0 0.0;
	10.521 11.8438 8.2511 8.4721 5.1494 438.535 54.8169 71.9831 281.167 13.734 15.0496 24.8723;
	21.221 16.5144 13.638 11.3182 6.23 476.7218 59.5902 80.3093 295.5865 34.378 23.8103 62.2588;
	23.9876 16.7476 14.0233 11.7252 8.1198 463.3774 57.9222 79.4895 293.7076 52.9644 34.5067 95.9189;
	25.4938 16.2815 13.7318 10.1316 10.5027 341.2007 42.6501 72.8546 241.1935 25.6548 26.9933 46.461;
	25.6853 16.8032 13.8195 9.0509 10.4403 355.7042 44.463 72.1132 246.0904 19.9509 27.8635 36.1312;
	25.1805 16.8995 13.769 8.0785 9.0408 365.2418 45.6552 68.9238 251.8692 14.3156 24.2886 25.9257;
	7.9053 10.9245 5.6808 6.853 6.459 183.1803 22.8975 29.7696 196.747 11.7239 10.3899 21.232;
	5.4176 6.5543 2.943 6.181 5.8921 135.5595 16.9449 18.8839 150.6868 12.3362 6.3684 22.3409;
	4.5569 4.1704 2.3442 5.4238 6.407 92.508 11.5635 10.7025 100.6511 13.1118 3.6853 23.7455;
	2.5812 1.8617 1.6613 3.0137 3.1032 26.8847 3.3606 1.5476 29.6665 5.3951 0.0 9.7705;
	0.4247 0.5161 0.361 0.8251 0.8222 14.6335 1.8292 1.0621 10.2454 7.0433 3.282 12.7554;
	0.0 0.0 0.0 0.0 0.0 0.0 0.0 0.0 0.0 0.0 0.0 0.0;
	0.0 0.0 0.0 0.0 0.0 0.0 0.0 0.0 0.0 0.0 0.0 0.0;
	0.0 0.0 0.0 0.0 0.0 0.0 0.0 0.0 0.0 0.0 0.0 0.0;
	0.0 0.0 0.0 0.0 0.0 0.0 0.0 0.0 0.0 0.0 0.0 0.0;
	0.0 0.0 0.0 0.0 0.0 0.0 0.0 0.0 0.0 0.0 0.0 0.0;
	0.0 0.0 0.0 0.0 0.0 0.0 0.0 0.0 0.0 0.0 0.0 0.0;
	0.0 0.0 0.0 0.0 0.0 0.0 0.0 0.0 0.0 0.0 0.0 0.0;
];
