function loadprofile = ex_load_profilesh1
%EX_LOAD_PROFILE  Example load profile data file for stochastic unit commitment.
% 2022.03.12
% Andres F. Ramirez

%% define constants
[CT_LABEL, CT_PROB, CT_TABLE, CT_TBUS, CT_TGEN, CT_TBRCH, CT_TAREABUS, ...
    CT_TAREAGEN, CT_TAREABRCH, CT_ROW, CT_COL, CT_CHGTYPE, CT_REP, ...
    CT_REL, CT_ADD, CT_NEWVAL, CT_TLOAD, CT_TAREALOAD, CT_LOAD_ALL_PQ, ...
    CT_LOAD_FIX_PQ, CT_LOAD_DIS_PQ, CT_LOAD_ALL_P, CT_LOAD_FIX_P, ...
    CT_LOAD_DIS_P, CT_TGENCOST, CT_TAREAGENCOST, CT_MODCOST_F, ...
    CT_MODCOST_X] = idx_ct;

loadprofile = struct( ...
    'type', 'mpcData', ...
    'table', CT_TAREALOAD, ...
    'rows', [1:11], ...
    'col', CT_LOAD_ALL_P, ...
    'chgtype', 1, ...
    'values', [] );
loadprofile.values(:,1,:) = [
	1553.8372 979.3559 1663.1609 608.3 842.1837 1215.687 924.92 282.2614 549.4519 4734.7238 1781.9179;
	1520.2883 976.8 1627.0099 613.3 851.9 1196.5061 898.9 273.3 535.0 4548.0 1725.9331;
	1548.9155 1015.5 1674.6373 619.5638 876.8357 1222.4272 927.0882 280.9197 545.9904 4649.9895 1796.2532;
	1606.1922 1069.2 1772.3425 624.7 930.071 1289.4473 959.7 289.4537 580.2895 4833.4562 1883.7842;
	1717.7071 1180.1102 1955.8902 649.815 1016.9597 1415.7665 1036.1799 331.9986 658.7 5319.6247 2125.7;
	1801.9816 1245.0 2033.8628 656.4234 1052.7 1479.4283 1110.3673 356.8 724.3196 5905.5011 2272.6621;
	1818.0843 1234.2 1985.2742 641.1623 1054.3 1500.6753 1127.8298 346.3 743.01 6145.6319 2274.4148;
	1807.7514 1198.8814 1901.1639 638.4101 1049.8153 1469.669 1158.9 359.102 759.0102 6408.4994 2277.5166;
	1793.2646 1183.3834 1885.6627 622.7 1030.8214 1433.8 1144.6665 347.5462 732.8249 6459.5011 2254.9762;
	1803.3129 1202.1 1883.0469 621.7032 1018.7 1429.1978 1172.6186 359.1974 703.1777 6455.6086 2298.549;
	1764.167 1172.9195 1850.4313 619.6 1022.6283 1442.6253 1173.822 346.6 704.3057 6401.7 2276.704;
	1778.6931 1181.5 1875.865 616.9176 1025.3 1505.5037 1191.7124 360.8353 727.7721 6458.288 2304.321;
	1778.9689 1167.5 1824.9592 606.6864 1017.0108 1488.2438 1198.2 365.3 698.5 6430.7342 2237.6002;
	1774.5101 1187.1496 1839.8618 591.0 1009.2019 1447.1 1185.8415 394.9343 712.1558 6577.0109 2263.6613;
	1742.6724 1155.3 1783.1324 581.938 1024.3376 1425.2228 1132.3592 356.5158 712.7305 6511.4915 2271.6121;
	1745.9303 1163.4 1826.7017 583.6868 1004.1 1436.6619 1101.7436 357.9604 707.8557 6444.7607 2319.446;
	1720.7775 1183.1614 1844.5453 588.8824 1027.5469 1463.2156 1121.6642 368.8732 730.7933 6328.8105 2447.2376;
	1768.019 1222.7 1960.0 609.5673 1061.5591 1527.0173 1199.077 394.3564 774.4181 6347.8 2571.6355;
	1844.1404 1234.3 1927.7069 607.1354 1041.2819 1483.9261 1181.8173 386.3394 746.9983 6235.1921 2576.3579;
	1790.4057 1194.3949 1896.6784 609.2594 1019.6055 1442.4617 1145.8146 377.6074 717.9 6026.1082 2398.3274;
	1653.8632 1080.3 1750.3374 578.4251 950.7469 1323.0 1051.316 338.8674 650.1 5646.6597 2202.1423;
	1598.931 1024.2433 1679.5963 573.6951 898.405 1252.7192 984.0712 305.2 612.1306 5251.3996 2007.7915;
	1514.7 952.5 1523.9178 564.4439 814.6629 1175.3883 914.0593 276.3144 555.9 4851.6765 1800.3645;
	1507.808 959.6587 1586.923 584.3 803.8887 1149.4 885.0 260.3771 521.3693 4688.0178 1717.8472;
];
