function windprofile = ex_wind_profilesh1
%EX_WIND_PROFILE_D  Example wind_load_nyiso profile data for deterministic unit commitment.
% 2022.03.12
% Andres F. Ramirez


%% define constants
[GEN_BUS, PG, QG, QMAX, QMIN, VG, MBASE, GEN_STATUS, PMAX, PMIN, ...
    MU_PMAX, MU_PMIN, MU_QMAX, MU_QMIN, PC1, PC2, QC1MIN, QC1MAX, ...
    QC2MIN, QC2MAX, RAMP_AGC, RAMP_10, RAMP_30, RAMP_Q, APF] = idx_gen;
[CT_LABEL, CT_PROB, CT_TABLE, CT_TBUS, CT_TGEN, CT_TBRCH, CT_TAREABUS, ...
    CT_TAREAGEN, CT_TAREABRCH, CT_ROW, CT_COL, CT_CHGTYPE, CT_REP, ...
    CT_REL, CT_ADD, CT_NEWVAL, CT_TLOAD, CT_TAREALOAD, CT_LOAD_ALL_PQ, ...
    CT_LOAD_FIX_PQ, CT_LOAD_DIS_PQ, CT_LOAD_ALL_P, CT_LOAD_FIX_P, ...
    CT_LOAD_DIS_P, CT_TGENCOST, CT_TAREAGENCOST, CT_MODCOST_F, ...
    CT_MODCOST_X] = idx_ct;

windprofile = struct( ...
    'type', 'mpcData', ...
    'table', CT_TGEN, ...
    'rows', [1:45], ...
    'col', PMAX, ...
    'chgtype', 1, ...
    'values', [] );
windprofile.values(:,1,:) = [
	0.6859 9.2687 50.3372 54.3475 6.9218 2.9113 9.269 7.516 0.0 15.2745 28.2348 42.1207 63.4125 2.0694 148.1429 55.812 69.2482 73.3824 83.9886 70.6761 3.0897 6.793 45.9624 61.4789 41.6407 43.8851 3.5067 187.9596 319.5109 319.5109 219.4965 43.5915 279.9621 181.9204 6.4878 136.3246 378.5203 90.231 47.9916 111.5376 34.8983 32.2959 2.4365 34.2274 382.4633;
	0.4927 6.6572 46.4502 46.7265 6.6332 2.1117 5.0535 8.9195 0.1971 10.173 18.8046 28.0528 42.2333 1.1062 123.4953 46.5261 57.7269 61.1733 75.438 71.3396 1.6845 4.9273 4.0953 51.0717 26.9734 44.8569 4.2978 60.9092 219.0455 219.0455 150.87 26.7488 251.46 183.6284 3.468 93.4594 271.5146 88.8613 66.2458 72.2501 49.0262 23.4257 12.8731 0.0 274.3429;
	0.2542 3.4341 51.5031 57.9898 4.5684 0.0 2.7188 8.5692 1.3251 8.9113 16.4723 24.5735 36.9952 3.7121 85.653 32.2693 40.0378 42.4281 69.6326 69.3951 0.9063 0.0 23.2558 58.069 40.7285 40.5211 4.414 1.9385 2.2891 2.2891 45.2062 14.7639 232.1087 178.6232 11.638 0.9767 149.8901 3.9245 18.7427 109.0942 48.9575 0.0 3.4372 0.0 151.4515;
	0.3705 5.0065 61.1983 69.9478 7.6278 0.0 2.4312 10.778 0.2059 13.6996 25.3234 37.7776 56.874 0.222 94.8861 35.7478 44.3537 47.0017 51.1466 67.9879 0.8104 0.0 40.3216 73.1071 53.076 52.2662 6.5437 0.0 0.0 0.0 24.2236 18.6477 170.4887 175.0011 0.6961 0.0 2.2688 3.4447 11.1109 142.1679 54.454 0.0 2.2749 60.5856 2.2924;
	0.5253 7.0986 74.2943 70.8655 9.3486 3.8302 7.9953 10.5821 1.4908 14.5648 26.9228 40.1636 60.4661 0.6595 122.291 46.0724 57.1639 60.5767 60.4762 67.5658 2.6651 8.9371 38.7559 70.0813 64.4068 47.6023 7.0459 14.9576 4.3982 4.3982 133.9993 9.891 201.5872 173.9145 2.0676 1.8766 8.8812 14.424 95.8301 172.5183 55.6848 42.4895 20.4862 117.9149 8.9737;
	0.4858 6.5646 77.4739 62.6739 9.4693 4.3537 5.4883 10.5272 2.5437 9.1317 16.8799 25.1814 37.9105 2.637 146.5951 55.2288 68.5247 72.6157 85.0327 67.2312 1.8294 10.1586 32.3677 76.1247 53.1921 52.6738 6.6636 12.2695 5.0667 5.0667 88.8128 9.2752 283.4423 173.0533 8.2675 2.1618 6.566 4.3632 82.3156 142.4788 41.1812 48.2971 24.9667 130.3751 6.6344;
	0.5367 7.2525 57.0276 39.599 9.1765 2.987 4.6009 4.1839 2.6725 7.6233 14.0916 21.0218 31.6482 5.3485 122.2985 46.0752 57.1674 60.5804 70.764 67.1441 1.5336 6.9698 22.5312 54.5033 31.7048 48.8372 3.6265 18.4441 4.2378 4.2378 40.4906 0.0172 235.88 172.8291 16.7683 1.8081 7.7536 0.8536 176.7575 84.9235 20.5835 33.1363 33.5467 135.2602 7.8343;
	0.5676 7.669 34.2782 30.099 3.3937 3.0639 5.3926 6.9715 2.034 5.22 9.6491 14.3945 21.6708 14.4076 63.9268 24.084 29.8821 31.6661 21.5693 47.038 1.7975 7.1492 10.4742 35.0454 32.1966 53.9234 4.5433 9.4293 17.4028 17.4028 32.3672 0.1719 71.8975 121.076 45.1698 7.4252 75.0744 0.5148 209.5608 86.2408 9.6242 33.9893 24.1371 101.0997 75.8564;
	0.5877 7.9417 24.5804 25.4108 2.868 0.5835 2.9468 5.2273 0.0497 12.2977 22.7321 33.9118 51.0541 5.2576 12.8093 4.8258 5.9876 6.3451 14.0372 17.0907 0.9823 1.3614 5.8371 31.6906 23.9512 41.4917 4.214 5.8754 9.8578 9.8578 30.7789 0.0698 46.7906 43.9914 16.4834 4.206 70.5445 0.0459 102.6344 64.1549 0.0544 6.4727 2.183 58.7266 71.2793;
	0.5316 7.1826 26.617 25.0021 6.0328 0.1084 1.2856 4.2598 0.0 6.2352 11.5256 17.194 25.8854 4.1592 0.2287 0.0862 0.1069 0.1133 2.846 10.2775 0.4285 0.2529 8.6326 32.0695 26.4922 37.4481 3.1125 33.3035 35.8539 35.8539 5.7928 0.033 9.4867 26.4543 13.0397 15.2977 117.5621 0.0 19.0978 70.9612 0.376 1.2024 48.9639 84.5503 118.7867;
	0.9111 12.3105 42.0336 15.8452 11.0627 4.0666 2.201 3.8261 0.2172 4.1916 7.7482 11.5587 17.4016 5.7679 0.3028 0.1141 0.1415 0.15 1.4021 9.3737 0.7337 9.4887 30.1885 39.1691 42.7551 47.6042 1.6191 72.1941 64.4211 64.4211 0.6881 0.3376 4.6738 24.1279 18.0833 27.4864 94.3721 0.0 35.7215 114.5225 22.3192 45.112 34.5122 95.8596 95.3551;
	1.7013 22.988 64.3256 28.3856 13.1393 1.6919 0.0109 5.7574 0.1075 5.4713 10.1137 15.0876 22.7143 7.5553 0.0 0.0 0.0 0.0 3.6348 6.1258 0.0036 3.9477 48.8343 58.9939 21.0306 46.6707 11.4849 148.0419 112.5421 112.5421 10.9449 2.0649 12.116 15.7679 23.6867 48.018 150.2287 0.0 39.682 56.3321 25.1949 18.7684 6.7749 136.4784 151.7936;
	2.2577 30.5064 79.1414 2.1884 13.8876 0.0126 1.0348 2.3182 1.2406 24.1795 44.6955 66.6769 100.3817 1.961 0.0142 0.0054 0.0066 0.007 8.9764 4.2446 0.3449 0.0294 27.7217 69.3069 66.0728 42.462 8.1128 225.0991 167.0809 167.0809 13.6652 3.5618 29.9212 10.9256 6.1481 71.2879 204.525 0.003 38.7056 176.9806 3.5981 0.1399 110.4117 159.9457 206.6555;
	1.9167 25.8989 11.7481 23.1097 14.5386 19.4714 1.3516 17.6377 0.5765 1.2033 2.2242 3.3181 4.9954 0.9802 0.0 0.0 0.0 0.0 8.4424 5.2832 0.4505 45.4332 40.4908 41.091 40.6485 32.7247 13.3828 211.0256 213.0164 213.0164 7.5919 4.3584 28.1412 13.599 3.0729 90.887 212.9806 6.5321 92.5991 108.88 40.8589 216.0026 86.8563 142.2438 215.1992;
	2.2213 30.0148 3.0405 7.6406 9.3615 1.2846 3.0568 3.383 2.0976 0.5741 1.0611 1.583 2.3832 0.3164 0.0 0.0 0.0 0.0 13.0721 0.7323 1.0189 2.9974 26.8807 2.1524 0.9759 0.0 5.3418 262.3086 259.5805 259.5805 94.2693 4.6747 43.5737 1.8851 0.9918 110.7543 257.433 11.8869 39.0045 2.614 0.9208 14.2503 85.2608 97.9489 260.1146;
	3.0171 40.7678 79.2709 0.3422 13.3907 0.5568 0.0 1.1899 0.0 0.0943 0.1743 0.26 0.3914 0.0 1.6316 0.6147 0.7627 0.8082 28.7633 0.2372 0.0 1.2991 38.6758 0.083 0.0093 0.0 1.1696 380.0004 251.1493 251.1493 159.56 8.7907 95.8778 0.6106 0.0 107.157 296.245 36.4719 5.3896 0.0249 0.003 6.1764 1.0865 172.4217 299.3309;
	3.4438 46.5331 0.0 3.9037 14.5136 3.9241 0.0 2.0392 0.0 0.1636 0.3023 0.451 0.679 0.8959 18.928 7.131 8.8478 9.376 23.7369 0.7943 0.0 9.1562 0.0 0.1149 0.0022 0.0063 3.2516 335.1113 317.4377 317.4377 165.4608 22.1808 79.1231 2.0445 2.8089 135.4401 420.2708 71.7486 15.1764 0.006 1.9218 43.5311 141.4643 216.9427 424.6487;
	2.7004 36.4877 0.0 0.0 14.3703 18.4757 0.0 1.4515 0.0 0.7695 1.4224 2.1219 3.1945 0.008 12.072 4.548 5.6429 5.9798 0.3869 0.4032 0.0 43.11 12.1835 0.0 0.0643 0.14 1.5551 481.5556 361.8043 361.8043 261.224 31.6376 1.2897 1.0379 0.0251 154.3698 490.2006 86.3071 0.0 0.1723 0.8914 204.9575 108.6318 222.7227 495.3069;
	3.0909 41.7644 83.4971 1.6462 14.8065 26.8505 0.0 5.1059 0.0 9.0812 16.7865 25.0421 37.7007 7.0895 18.9461 7.1378 8.8562 9.3849 0.2445 40.5316 0.0 62.6511 30.8004 0.7534 17.8016 60.2599 8.5235 699.8942 386.0589 386.0589 319.6677 45.8132 0.8151 104.3285 22.2266 164.7185 563.7189 70.1003 0.0 47.6829 14.2341 297.8611 108.2142 218.812 569.5909;
	3.0112 40.6878 0.6 0.9111 14.55 1.8433 17.4182 6.2232 24.6586 21.5538 39.8419 59.4362 89.4809 4.9223 14.8295 5.5869 6.9319 7.3458 0.0221 16.591 5.8061 4.301 56.9404 4.2866 16.6238 54.807 10.182 722.8328 394.5647 394.5647 316.0127 47.5535 0.0737 42.7053 15.4321 168.3476 508.2823 76.9321 0.1101 44.528 13.472 20.4482 107.4141 184.2933 513.5769;
