function loadprofile = ex_load_profilesh1
%EX_LOAD_PROFILE  Example load profile data file for stochastic unit commitment.
% 2022.03.12
% Andres F. Ramirez

%% define constants
[CT_LABEL, CT_PROB, CT_TABLE, CT_TBUS, CT_TGEN, CT_TBRCH, CT_TAREABUS, ...
    CT_TAREAGEN, CT_TAREABRCH, CT_ROW, CT_COL, CT_CHGTYPE, CT_REP, ...
    CT_REL, CT_ADD, CT_NEWVAL, CT_TLOAD, CT_TAREALOAD, CT_LOAD_ALL_PQ, ...
    CT_LOAD_FIX_PQ, CT_LOAD_DIS_PQ, CT_LOAD_ALL_P, CT_LOAD_FIX_P, ...
    CT_LOAD_DIS_P, CT_TGENCOST, CT_TAREAGENCOST, CT_MODCOST_F, ...
    CT_MODCOST_X] = idx_ct;

loadprofile = struct( ...
    'type', 'mpcData', ...
    'table', CT_TAREALOAD, ...
    'rows', [1:11], ...
    'col', CT_LOAD_ALL_P, ...
    'chgtype', 1, ...
    'values', [] );
loadprofile.values(:,1,:) = [
	1572.4645 1070.8485 1739.5334 601.6701 904.1614 1240.2848 932.062 227.2573 531.9911 4771.3164 1783.6832;
	1561.3495 1071.1922 1715.5619 599.3 887.6 1232.1035 924.9 225.0099 525.7 4618.5372 1769.6193;
	1592.3 1109.6348 1802.014 592.7498 922.8798 1268.7131 933.2 231.3667 536.2028 4652.4196 1802.3813;
	1655.8063 1136.1588 1840.9 620.6605 939.4 1315.7 982.8033 221.2291 578.3 4859.7952 1907.0321;
	1785.428 1232.862 1989.8942 628.4217 1009.0 1419.0049 1086.5 277.2959 647.9 5400.6172 2105.3815;
	1892.2708 1324.0091 2102.5113 647.383 1055.3619 1529.8172 1162.7 335.3465 721.6 6080.536 2277.4;
	1900.8026 1316.1793 2109.6222 612.2815 1046.1052 1506.52 1163.8136 343.7032 724.0511 6419.1562 2302.6176;
	1845.151 1302.1176 2094.7817 603.7 995.3749 1446.3331 1149.9326 316.4277 715.3693 6668.4098 2240.2197;
	1879.4176 1322.9316 2145.8119 591.1 999.4025 1419.5004 1131.8512 318.1312 708.5348 6785.7996 2234.8875;
	1831.8889 1320.522 2106.0132 607.7246 992.8 1403.089 1162.6149 326.6057 712.5 6769.9266 2148.4812;
	1789.3 1302.9173 2054.3 590.1 970.8411 1369.5649 1176.8 314.1239 727.5041 7136.5246 2240.3287;
	1815.2208 1361.4986 2090.9553 601.1019 974.42 1398.0581 1179.6344 305.9 733.4409 7080.7802 2218.2118;
	1785.4068 1327.41 2049.6931 601.9746 974.0603 1362.6193 1163.57 296.0699 731.7898 7032.2882 2257.1416;
	1738.8243 1278.6573 2038.5441 611.5 955.8493 1322.8744 1130.975 285.9047 707.8887 6783.0582 2280.2563;
	1732.1 1266.0268 2013.3288 618.4395 963.5574 1360.3895 1099.6001 258.9295 688.9674 6473.779 2266.6554;
	1769.0742 1258.2799 2043.798 620.9 982.5198 1447.0093 1158.7628 273.787 690.032 6483.3 2376.6521;
	1740.0574 1262.4015 2057.1038 606.4022 1004.0427 1490.1157 1193.2992 320.1579 716.2805 6310.7453 2504.3479;
	1783.2274 1272.4711 2081.5306 625.1067 1084.1364 1591.4183 1247.9547 348.2882 774.6819 6317.8221 2654.1188;
	1801.9826 1275.6265 2031.7 625.5106 1043.7787 1544.4873 1248.1699 355.7878 753.8652 6258.9729 2601.1082;
	1772.2319 1199.6949 1954.6333 615.9158 1010.5 1450.5 1145.3765 347.5 722.5753 6024.422 2466.9014;
	1657.7558 1123.7021 1832.4077 607.2737 900.6262 1306.4021 1056.8576 308.7582 676.1314 5645.7242 2279.2502;
	1538.1175 1046.8747 1729.7661 591.4065 860.734 1199.3747 956.8172 279.3 609.7994 5195.1 1997.12;
	1440.9389 984.3 1658.2 595.1802 751.946 1149.2483 868.7067 239.8326 549.4 4801.7132 1810.8426;
	1460.1018 971.6576 1630.1642 596.4675 765.7271 1136.7669 849.7326 243.0252 539.2 4705.2631 1764.7961;
];
