function windprofile = ex_wind_profilesh1
%EX_WIND_PROFILE_D  Example wind_load_nyiso profile data for deterministic unit commitment.
% 2022.03.12
% Andres F. Ramirez


%% define constants
[GEN_BUS, PG, QG, QMAX, QMIN, VG, MBASE, GEN_STATUS, PMAX, PMIN, ...
    MU_PMAX, MU_PMIN, MU_QMAX, MU_QMIN, PC1, PC2, QC1MIN, QC1MAX, ...
    QC2MIN, QC2MAX, RAMP_AGC, RAMP_10, RAMP_30, RAMP_Q, APF] = idx_gen;
[CT_LABEL, CT_PROB, CT_TABLE, CT_TBUS, CT_TGEN, CT_TBRCH, CT_TAREABUS, ...
    CT_TAREAGEN, CT_TAREABRCH, CT_ROW, CT_COL, CT_CHGTYPE, CT_REP, ...
    CT_REL, CT_ADD, CT_NEWVAL, CT_TLOAD, CT_TAREALOAD, CT_LOAD_ALL_PQ, ...
    CT_LOAD_FIX_PQ, CT_LOAD_DIS_PQ, CT_LOAD_ALL_P, CT_LOAD_FIX_P, ...
    CT_LOAD_DIS_P, CT_TGENCOST, CT_TAREAGENCOST, CT_MODCOST_F, ...
    CT_MODCOST_X] = idx_ct;

windprofile = struct( ...
    'type', 'mpcData', ...
    'table', CT_TGEN, ...
    'rows', [1:45], ...
    'col', PMAX, ...
    'chgtype', 1, ...
    'values', [] );
windprofile.values(:,1,:) = [
	0.9008 12.172 55.1793 63.4359 7.8371 24.3241 25.3516 6.3794 27.12 20.4564 37.8134 56.4102 84.9252 18.1108 152.9288 57.615 71.4853 75.7531 79.9674 71.6794 8.4505 56.7562 72.4436 67.5609 38.5104 38.4084 1.6188 206.3079 344.441 344.441 233.8191 48.2119 266.5579 184.503 56.7797 146.9615 409.1508 88.5769 454.0181 103.153 65.5419 269.835 102.0345 53.2786 413.4128;
	0.8094 10.9373 53.455 66.6001 7.8578 31.6078 20.8195 10.0657 26.9181 12.8318 23.7194 35.3846 53.2714 52.6608 126.4759 47.6491 59.1201 62.6497 71.4504 71.4966 6.9398 73.7515 36.7566 66.382 47.3501 45.2282 4.9445 76.4586 231.1199 231.1199 159.4564 28.1863 238.1679 184.0325 165.0987 98.6111 290.602 86.3856 228.5712 126.8306 79.6328 350.6355 71.2803 80.7396 293.6291;
	0.394 5.3242 59.4527 65.8494 6.1794 14.1338 24.9996 8.2557 22.84 10.3889 19.2037 28.6482 43.1297 32.4306 83.9511 31.6281 39.2422 41.5851 61.1312 68.2791 8.3332 32.9789 31.4169 70.3693 45.2401 45.4312 4.4998 5.3458 63.8101 63.8101 136.0674 15.1956 203.7706 175.7507 101.6742 27.2256 168.5188 4.5275 443.4861 121.1789 66.1879 156.7912 21.7288 88.7774 170.2742;
	0.4237 5.7251 62.7303 67.5633 8.5062 6.2214 12.7248 10.3664 6.7983 15.4633 28.5837 42.6412 64.1962 33.4721 92.4068 34.8137 43.1948 45.7736 42.6431 67.5291 4.2416 14.5166 53.2649 77.7813 49.2712 61.0316 6.5994 0.0811 153.814 153.814 248.9662 21.2391 142.1435 173.82 104.9396 65.6273 17.6663 22.3249 254.4101 131.9764 55.7564 69.0162 3.1886 117.1184 17.8503;
	0.5535 7.4787 66.3153 69.0366 9.6293 13.3946 9.726 10.5865 12.7097 16.166 29.8826 44.579 67.1134 30.7372 114.3163 43.068 53.4362 56.6265 55.178 65.0311 3.242 31.254 51.1955 78.216 61.0418 52.4946 7.2428 22.5248 208.3589 208.3589 369.2237 12.2675 183.9267 167.3901 96.3653 88.8998 54.0829 41.05 164.0823 163.505 59.8021 148.5903 38.8869 125.5245 54.6463;
	0.5409 7.3084 67.7863 56.5075 9.9612 4.7103 12.7874 9.1071 15.2038 10.5617 19.5231 29.1247 43.847 14.1997 133.6558 50.354 62.4763 66.2062 78.6586 64.903 4.2625 10.9907 37.8397 71.7616 38.6345 51.0573 6.6227 19.8526 154.5886 154.5886 375.7689 10.1921 262.1952 167.0604 44.5181 65.9578 22.3987 33.4724 249.8139 103.4852 34.9292 52.2529 26.8337 132.255 22.632;
	0.4733 6.3958 49.7935 34.8325 9.4025 2.7025 4.9949 6.1127 2.3785 7.9971 14.7825 22.0525 33.2 23.4805 113.6095 42.8017 53.1058 56.2763 59.8137 67.9971 1.665 6.3057 24.5994 52.0291 24.4095 56.1268 3.8381 24.3221 139.4831 139.4831 293.5024 6.0593 199.379 175.0246 73.6144 59.5128 23.1993 58.7044 91.8905 65.3826 18.3236 29.9792 31.5818 136.2123 23.4409;
	0.5795 7.8307 31.4337 25.1411 4.2304 3.086 8.417 5.585 19.6673 5.3904 9.9641 14.8644 22.3783 33.9201 46.1421 17.3838 21.5687 22.8564 14.6617 43.6068 2.8057 7.2006 12.7787 33.0859 21.2212 48.3399 4.0528 15.325 357.0983 357.0983 488.711 3.8217 48.8725 112.2439 106.344 152.362 75.106 87.0326 196.9959 56.8424 3.5532 34.2337 21.7417 106.0513 75.8883;
	0.6885 9.3028 21.2049 16.5289 3.802 7.5412 28.9561 3.6658 27.12 1.5164 2.8031 4.1816 6.2954 60.4832 10.9541 4.1269 5.1204 5.4261 0.0111 17.5512 9.652 17.5962 5.6471 19.8963 4.2161 36.7364 3.7765 0.7441 383.1214 383.1214 200.3081 5.1283 0.0368 45.1769 189.6231 163.4651 50.8678 35.4938 256.5664 11.2931 0.0 83.6572 17.3079 68.2214 51.3977;
	0.689 9.3098 23.6386 20.0543 8.1403 6.3321 28.9269 1.8734 27.12 16.0885 29.7394 44.3654 66.7918 38.4813 4.0091 1.5104 1.874 1.9859 6.703 12.1667 9.6423 14.7749 11.6781 33.1109 11.2867 35.2398 2.4084 32.4551 236.4308 236.4308 346.8194 3.0752 22.3434 31.317 120.6441 100.8771 95.1257 29.3849 450.2756 30.2321 0.0 70.2443 53.6622 74.3893 96.1166;
	0.8609 11.6329 40.2129 0.0 10.8342 3.9921 13.8089 3.1722 19.7349 7.3322 13.5534 20.2191 30.4397 11.3836 1.0051 0.3787 0.4698 0.4979 5.0151 10.1334 4.603 9.315 32.0388 39.1532 35.8529 49.7069 1.1159 59.2125 76.7318 76.7318 207.3417 6.7841 16.7171 26.0833 35.689 32.7389 63.5633 62.8674 314.1093 96.0347 0.1418 44.2862 1.5869 85.6028 64.2255;
	1.6692 22.5547 60.1242 0.0 14.0139 3.6597 18.4422 1.7884 26.1376 12.7263 23.5243 35.0936 52.8332 7.0465 0.0 0.0 0.0 0.0 0.0069 7.8526 6.1474 8.5393 53.8628 58.7936 0.6847 52.9379 0.5745 154.2345 111.4904 111.4904 187.0165 11.3593 0.0231 20.2126 22.0917 47.5692 128.7165 76.0408 353.7219 1.8341 1.9219 40.5984 1.8393 121.6509 130.0573;
	2.4643 33.2981 81.9483 7.6689 14.4907 7.3497 12.3869 2.3009 19.3845 26.0531 48.1588 71.8435 108.1599 3.3209 0.0 0.0 0.0 0.0 0.1854 2.9454 4.129 17.1494 36.4153 69.2326 65.8676 55.4616 0.8828 193.4586 163.9596 163.9596 164.5596 7.0325 0.6181 7.5815 10.4113 69.9561 144.5519 46.257 64.4632 176.4312 4.433 81.5331 111.4787 163.0863 146.0576;
	1.8545 25.0579 4.1956 0.0 14.1274 20.2967 3.9385 0.9608 8.4996 0.7284 1.3465 2.0087 3.0241 0.0 0.0 0.0 0.0 0.0 0.0009 0.3591 1.3128 47.359 31.7058 4.1144 0.0 35.3247 0.0283 179.7764 190.6427 190.6427 15.8731 7.4364 0.0031 0.9244 0.0 81.3409 149.7213 12.3913 19.9016 0.0 2.901 225.1583 79.5785 126.1392 151.2809;
	2.1961 29.6742 0.6683 0.0274 9.1658 1.6421 1.0404 0.1045 5.7954 1.6489 3.048 4.547 6.8455 0.6247 0.0 0.0 0.0 0.0 3.9866 0.0 0.3468 3.8315 23.3422 0.1427 0.0 6.7344 0.0 278.403 237.9934 237.9934 89.3883 9.174 13.2887 0.0 1.9587 101.5439 221.1458 21.8482 8.8646 0.0 2.96 18.2162 75.457 102.792 223.4494;
	3.1531 42.6054 83.4731 1.7426 14.2205 2.343 11.3723 1.4344 16.6021 5.7511 10.6309 15.8592 23.8759 4.6989 0.0 0.0 0.0 0.0 1.7239 0.7989 3.7908 5.4669 45.0329 7.3557 0.0423 39.3149 0.3309 394.0337 285.7685 285.7685 168.9303 12.7097 5.7463 2.0564 14.7316 121.9279 281.0904 40.8461 71.8145 0.1134 0.2712 25.9914 4.9397 184.4822 284.0184;
	3.3588 45.3852 20.5238 24.2714 15.0555 0.4618 4.4953 1.296 12.8026 0.5765 1.0656 1.5897 2.3932 2.1408 0.0 0.0 0.0 0.0 0.0 0.4461 1.4984 1.0774 0.1724 45.3636 7.9442 67.4622 1.5021 318.8766 359.5238 359.5238 175.5835 23.5383 0.0 1.1483 6.7118 153.3968 376.0281 70.0474 16.1416 21.279 3.0425 5.1225 137.3058 225.8679 379.9451;
	2.8086 37.9498 20.8978 10.6644 14.5808 18.1408 2.5232 0.5087 7.6278 0.0823 0.1521 0.2269 0.3416 3.8627 0.0 0.0 0.0 0.0 0.2783 2.2757 0.8411 42.3286 12.6266 29.0015 0.2429 9.7843 1.513 510.0643 452.6905 452.6905 321.9198 33.6985 0.9277 5.8577 12.1099 193.148 521.456 98.6586 6.3598 0.6506 1.7027 201.2422 117.021 229.9372 526.8879;
	3.3089 44.7109 89.37 32.669 15.2931 25.5971 2.1537 6.2926 21.6772 8.3472 15.4297 23.0181 34.6536 7.0746 0.3077 0.1159 0.1438 0.1524 8.3275 42.0895 0.7179 59.7266 30.2763 80.3006 16.6587 68.4989 9.8826 794.0026 441.9678 441.9678 351.9855 44.2473 27.7584 108.3386 22.1799 188.5729 597.6094 81.1356 7.9519 44.6215 20.3634 283.9575 116.8735 222.9156 603.8345;
	3.1017 41.9105 42.6568 10.1651 15.1026 2.5043 18.5316 13.3654 27.7041 19.9316 36.8432 54.9628 82.7462 5.7484 0.0108 0.0041 0.0051 0.0054 9.6875 21.2291 6.1772 5.8433 58.3723 84.2459 35.8415 62.3383 11.4643 728.821 407.9827 407.9827 324.9918 37.2285 32.2916 54.6438 18.0219 174.0726 526.3799 77.3016 40.3582 96.0039 31.6364 27.7808 115.226 188.5357 531.863;
