function solarprofile = ex_solar_profilesh1
%EX_WIND_PROFILE_D  Example wind_load_nyiso profile data for deterministic unit commitment.
% 2022.03.12
% Andres F. Ramirez


%% define constants
[GEN_BUS, PG, QG, QMAX, QMIN, VG, MBASE, GEN_STATUS, PMAX, PMIN, ...
    MU_PMAX, MU_PMIN, MU_QMAX, MU_QMIN, PC1, PC2, QC1MIN, QC1MAX, ...
    QC2MIN, QC2MAX, RAMP_AGC, RAMP_10, RAMP_30, RAMP_Q, APF] = idx_gen;
[CT_LABEL, CT_PROB, CT_TABLE, CT_TBUS, CT_TGEN, CT_TBRCH, CT_TAREABUS, ...
    CT_TAREAGEN, CT_TAREABRCH, CT_ROW, CT_COL, CT_CHGTYPE, CT_REP, ...
    CT_REL, CT_ADD, CT_NEWVAL, CT_TLOAD, CT_TAREALOAD, CT_LOAD_ALL_PQ, ...
    CT_LOAD_FIX_PQ, CT_LOAD_DIS_PQ, CT_LOAD_ALL_P, CT_LOAD_FIX_P, ...
    CT_LOAD_DIS_P, CT_TGENCOST, CT_TAREAGENCOST, CT_MODCOST_F, ...
    CT_MODCOST_X] = idx_ct;

solarprofile = struct( ...
    'type', 'mpcData', ...
    'table', CT_TGEN, ...
    'rows', [1:12], ...
    'col', PMAX, ...
    'chgtype', 1, ...
    'values', [] );
solarprofile.values(:,1,:) = [
	0.0 0.0 0.0 0.0 0.0 0.0 0.0 0.0 0.0 0.0 0.0 0.0;
	0.0 0.0 0.0 0.0 0.0 0.0 0.0 0.0 0.0 0.0 0.0 0.0;
	0.0 0.0 0.0 0.0 0.0 0.0 0.0 0.0 0.0 0.0 0.0 0.0;
	0.0 0.0 0.0 0.0 0.0 0.0 0.0 0.0 0.0 0.0 0.0 0.0;
	0.0 0.0 0.0 0.0 0.0 0.0 0.0 0.0 0.0 0.0 0.0 0.0;
	0.4731 0.4018 0.4224 0.0 0.0 0.0 0.0 0.2 0.0 0.0 0.0 0.0;
	8.9448 7.3799 5.6343 4.5196 3.9625 300.3228 37.5403 43.6946 151.3894 22.777 5.851 41.2493;
	19.3328 15.7224 11.906 6.9269 4.3299 444.3692 55.5461 71.9592 253.9874 31.353 9.3813 56.7805;
	23.5493 16.6688 13.8007 8.7702 6.3439 455.6046 56.9506 75.4796 265.4385 51.8964 20.4718 93.9846;
	25.9053 16.4143 13.8418 9.4458 10.0144 416.3179 52.0397 70.4055 186.5879 137.9577 98.891 249.8421;
	25.7736 16.6714 13.8504 10.2909 12.6873 378.8141 47.3518 65.4929 158.285 181.1349 126.8481 328.0364;
	25.4536 16.6741 13.7877 10.66 12.704 341.6059 42.7007 57.9946 126.3791 150.937 92.9689 273.3477;
	18.7 12.605 11.4806 10.7805 10.3918 217.3041 27.163 24.3992 74.6694 99.1196 50.0175 179.5062;
	18.1238 10.4797 10.3023 11.1125 8.9977 278.8357 34.8545 27.0637 92.7999 81.9716 43.2094 148.451;
	13.2332 6.8579 8.1948 10.7797 6.4408 283.0797 35.385 28.4816 87.0898 78.0958 34.7957 141.432;
	3.746 2.6165 3.7273 8.6396 0.4506 139.2036 17.4005 12.659 18.4298 37.1521 8.749 67.2827;
	0.4146 0.395 0.3604 1.1518 0.0339 4.5267 0.5658 1.0946 2.2574 6.985 1.6591 12.6498;
	0.0 0.0 0.0 0.0 0.0 0.0 0.0 0.0 0.0 0.0 0.0 0.0;
	0.0 0.0 0.0 0.0 0.0 0.0 0.0 0.0 0.0 0.0 0.0 0.0;
	0.0 0.0 0.0 0.0 0.0 0.0 0.0 0.0 0.0 0.0 0.0 0.0;
	0.0 0.0 0.0 0.0 0.0 0.0 0.0 0.0 0.0 0.0 0.0 0.0;
	0.0 0.0 0.0 0.0 0.0 0.0 0.0 0.0 0.0 0.0 0.0 0.0;
	0.0 0.0 0.0 0.0 0.0 0.0 0.0 0.0 0.0 0.0 0.0 0.0;
	0.0 0.0 0.0 0.0 0.0 0.0 0.0 0.0 0.0 0.0 0.0 0.0;
];
