function solarprofile = ex_solar_profilesh1
%EX_WIND_PROFILE_D  Example wind_load_nyiso profile data for deterministic unit commitment.
% 2022.03.12
% Andres F. Ramirez


%% define constants
[GEN_BUS, PG, QG, QMAX, QMIN, VG, MBASE, GEN_STATUS, PMAX, PMIN, ...
    MU_PMAX, MU_PMIN, MU_QMAX, MU_QMIN, PC1, PC2, QC1MIN, QC1MAX, ...
    QC2MIN, QC2MAX, RAMP_AGC, RAMP_10, RAMP_30, RAMP_Q, APF] = idx_gen;
[CT_LABEL, CT_PROB, CT_TABLE, CT_TBUS, CT_TGEN, CT_TBRCH, CT_TAREABUS, ...
    CT_TAREAGEN, CT_TAREABRCH, CT_ROW, CT_COL, CT_CHGTYPE, CT_REP, ...
    CT_REL, CT_ADD, CT_NEWVAL, CT_TLOAD, CT_TAREALOAD, CT_LOAD_ALL_PQ, ...
    CT_LOAD_FIX_PQ, CT_LOAD_DIS_PQ, CT_LOAD_ALL_P, CT_LOAD_FIX_P, ...
    CT_LOAD_DIS_P, CT_TGENCOST, CT_TAREAGENCOST, CT_MODCOST_F, ...
    CT_MODCOST_X] = idx_ct;

solarprofile = struct( ...
    'type', 'mpcData', ...
    'table', CT_TGEN, ...
    'rows', [1:12], ...
    'col', PMAX, ...
    'chgtype', 1, ...
    'values', [] );
solarprofile.values(:,1,:) = [
	0.0 0.0 0.0 0.0 0.0 0.0 0.0 0.0 0.0 0.0 0.0 0.0;
	0.0 0.0 0.0 0.0 0.0 0.0 0.0 0.0 0.0 0.0 0.0 0.0;
	0.0 0.0 0.0 0.0 0.0 0.0 0.0 0.0 0.0 0.0 0.0 0.0;
	0.0 0.0 0.0 0.0 0.0 0.0 0.0 0.0 0.0 0.0 0.0 0.0;
	0.0 0.0 0.0 0.0 0.0 0.0 0.0 0.0 0.0 0.0 0.0 0.0;
	0.4731 0.4018 0.4224 0.0 0.0 0.0 0.0 0.2 0.0 0.0 0.0 0.0;
	8.7408 7.317 6.4661 2.7052 6.6917 217.8511 27.2314 44.4028 139.2849 37.5172 6.922 67.9438;
	7.8841 11.853 6.8192 4.7592 4.8097 365.3579 45.6697 68.8334 263.7386 62.1334 19.7396 112.524;
	10.6922 16.4463 10.9178 5.2352 2.3479 428.4731 53.5591 72.2841 272.9162 80.2623 37.3605 145.3554;
	24.0047 16.2414 13.6408 0.946 0.4762 394.23 49.2787 58.7837 208.2891 83.219 43.7428 150.7101;
	26.289 17.1693 14.1466 1.4631 1.5211 433.9844 54.248 67.5081 250.1785 73.7765 23.473 133.6096;
	26.7826 17.2365 14.2456 2.0135 3.6073 424.1842 53.023 68.925 267.2282 69.9686 15.0232 126.7136;
	16.9258 11.5352 12.2304 4.9751 6.5301 173.6641 21.708 26.8463 175.2854 88.3063 19.591 159.9232;
	11.5956 6.3511 9.0521 4.4067 4.8045 108.1761 13.522 11.2205 109.0536 77.2327 20.2062 139.8688;
	7.5012 3.5901 5.9522 3.264 3.0338 72.3547 9.0443 4.6545 76.5825 57.5152 14.4852 104.1603;
	3.1107 1.5206 2.4345 1.4331 0.1546 15.5514 1.9439 0.3031 26.6722 13.0231 0.3593 23.5849;
	0.4656 0.3785 0.3288 0.6267 0.1894 3.1863 0.3983 1.0858 15.3063 6.6015 1.9196 11.9554;
	0.0 0.0 0.0 0.0 0.0 0.0 0.0 0.0 0.0 0.0 0.0 0.0;
	0.0 0.0 0.0 0.0 0.0 0.0 0.0 0.0 0.0 0.0 0.0 0.0;
	0.0 0.0 0.0 0.0 0.0 0.0 0.0 0.0 0.0 0.0 0.0 0.0;
	0.0 0.0 0.0 0.0 0.0 0.0 0.0 0.0 0.0 0.0 0.0 0.0;
	0.0 0.0 0.0 0.0 0.0 0.0 0.0 0.0 0.0 0.0 0.0 0.0;
	0.0 0.0 0.0 0.0 0.0 0.0 0.0 0.0 0.0 0.0 0.0 0.0;
	0.0 0.0 0.0 0.0 0.0 0.0 0.0 0.0 0.0 0.0 0.0 0.0;
];
