function windprofile = ex_wind_profilesh1
%EX_WIND_PROFILE_D  Example wind_load_nyiso profile data for deterministic unit commitment.
% 2022.03.12
% Andres F. Ramirez


%% define constants
[GEN_BUS, PG, QG, QMAX, QMIN, VG, MBASE, GEN_STATUS, PMAX, PMIN, ...
    MU_PMAX, MU_PMIN, MU_QMAX, MU_QMIN, PC1, PC2, QC1MIN, QC1MAX, ...
    QC2MIN, QC2MAX, RAMP_AGC, RAMP_10, RAMP_30, RAMP_Q, APF] = idx_gen;
[CT_LABEL, CT_PROB, CT_TABLE, CT_TBUS, CT_TGEN, CT_TBRCH, CT_TAREABUS, ...
    CT_TAREAGEN, CT_TAREABRCH, CT_ROW, CT_COL, CT_CHGTYPE, CT_REP, ...
    CT_REL, CT_ADD, CT_NEWVAL, CT_TLOAD, CT_TAREALOAD, CT_LOAD_ALL_PQ, ...
    CT_LOAD_FIX_PQ, CT_LOAD_DIS_PQ, CT_LOAD_ALL_P, CT_LOAD_FIX_P, ...
    CT_LOAD_DIS_P, CT_TGENCOST, CT_TAREAGENCOST, CT_MODCOST_F, ...
    CT_MODCOST_X] = idx_ct;

windprofile = struct( ...
    'type', 'mpcData', ...
    'table', CT_TGEN, ...
    'rows', [1:45], ...
    'col', PMAX, ...
    'chgtype', 1, ...
    'values', [] );
windprofile.values(:,1,:) = [
	0.6168 8.3338 53.7427 64.6676 7.2402 2.571 1.9229 7.4653 3.0702 16.2519 30.0414 44.8159 67.4701 1.637 131.1453 49.4082 61.3028 64.9627 74.8336 67.521 0.641 5.9989 63.2222 66.8804 47.3898 39.6147 3.6228 206.2039 314.7309 314.7309 226.0385 42.3836 249.4455 173.7993 5.1323 134.2852 400.0798 73.4179 25.4651 126.9371 48.6104 28.5207 4.3056 45.5007 404.2473;
	0.471 6.3642 56.2438 68.3405 6.4589 3.7756 3.5428 11.202 8.0659 11.5707 21.3883 31.9072 48.036 0.7434 106.6222 40.1693 49.8397 52.8152 66.861 69.014 1.1809 8.8098 33.4862 76.0878 56.2781 48.646 6.0471 73.055 215.6762 215.6762 147.3035 27.3787 222.8702 177.6422 2.3306 92.0219 285.6446 71.3746 89.0061 150.745 75.8467 41.8845 5.9148 82.5069 288.6201;
	0.3241 4.3796 63.9972 70.605 6.1074 1.8083 9.928 11.1509 17.3512 9.791 18.0984 26.9993 40.6473 2.784 81.3922 30.6641 38.0461 40.3176 59.6712 66.5664 3.3093 4.2194 26.5235 81.899 58.1009 49.1664 6.1918 0.6021 31.5171 31.5171 52.0434 14.9273 198.9041 171.342 8.7282 13.4473 166.9177 0.6113 329.1176 155.6273 72.5543 20.0601 2.4918 91.2516 168.6564;
	0.4625 6.2498 68.8146 75.1776 7.9661 2.6471 0.1878 13.2197 0.4341 14.8265 27.4066 40.8852 61.5525 0.8691 89.4765 33.7098 41.8251 44.3221 48.3932 62.2234 0.0626 6.1766 44.3167 84.1231 66.0076 62.1305 7.35 1.7273 9.9708 9.9708 13.4078 18.5057 161.3106 160.1632 2.7247 4.2542 5.1531 0.0195 27.6334 176.8061 65.4082 29.3656 20.499 132.5881 5.2068;
	0.5475 7.3984 80.597 75.425 9.9096 6.9783 3.0324 13.7162 5.2011 14.7935 27.3457 40.7943 61.4156 0.0354 113.8481 42.8916 53.2174 56.3945 54.8115 55.6101 1.0108 16.2827 41.8044 85.5998 80.3116 66.1181 7.963 13.0264 20.8737 20.8737 40.3825 7.762 182.705 143.1406 0.1111 8.9061 7.6635 2.9748 12.249 215.1205 61.9391 77.4126 18.8535 145.9489 7.7433;
	0.508 6.8642 77.7921 59.7394 9.4328 4.2013 6.4149 11.4904 1.7125 9.2751 17.1449 25.5768 38.5057 0.8929 140.8653 53.0702 65.8464 69.7775 76.8278 57.8417 2.1383 9.8029 26.7512 78.9027 56.9945 60.687 7.1216 14.1193 56.4335 56.4335 89.5259 9.2735 256.0928 148.8847 2.7993 24.0783 12.4634 3.814 136.4566 152.6639 51.2378 46.606 24.3708 138.0288 12.5932;
	0.4957 6.6985 54.6569 36.1987 8.6097 2.74 3.8068 7.7801 1.8716 7.1328 13.1849 19.6692 29.6119 0.0 120.3455 45.3395 56.2545 59.613 64.1601 63.102 1.2689 6.3934 17.2974 51.9137 33.4188 55.9014 3.7235 27.1678 6.9531 6.9531 46.6903 2.0663 213.867 162.4248 0.0 2.9667 13.7506 7.8874 40.2332 89.5147 25.772 30.3962 34.0471 130.2984 13.8938;
	0.5294 7.153 34.0987 27.159 3.5339 2.9692 4.5063 7.3315 1.9809 4.6586 8.6114 12.8465 19.3403 0.3443 61.8252 23.2923 28.8997 30.6251 18.3659 42.185 1.5021 6.9282 9.4171 30.5485 32.8768 59.1132 4.4586 35.4446 6.0411 6.0411 63.73 6.684 61.2196 108.5844 1.0794 2.5775 21.1279 15.6071 94.41 88.0627 14.0668 32.9385 39.0099 110.7271 21.348;
	0.6027 8.1433 26.6237 24.3813 3.5099 3.1241 2.8173 6.1376 0.7196 0.1093 0.2021 0.3014 0.4538 6.1749 16.183 6.0968 7.5646 8.0162 4.1785 13.7166 0.9391 7.2897 3.7397 21.4067 28.5264 54.4241 4.3896 26.1915 0.6173 0.6173 27.5375 10.0402 13.9283 35.3065 19.3591 0.2634 16.7698 25.9777 143.7855 76.41 51.8407 34.6572 29.4334 68.5914 16.9445;
	0.5556 7.507 29.1493 25.2688 7.2291 0.0996 4.502 4.8741 1.8307 0.0687 0.1269 0.1893 0.285 6.5234 5.0094 1.8873 2.3416 2.4814 0.0 8.7326 1.5007 0.2323 8.9358 34.1602 28.9293 48.308 3.2408 31.3416 22.3607 22.3607 25.3111 0.9815 0.0 22.4776 20.4517 9.5406 2.6435 21.079 41.7553 77.4891 18.8119 1.1044 45.6725 80.0216 2.6711;
	0.6717 9.0765 39.4292 0.2004 10.3598 0.0244 1.8794 3.4214 4.3445 3.8685 7.1508 10.6676 16.06 3.5131 3.3221 1.2516 1.5529 1.6456 3.571 10.6626 0.6265 0.057 30.1437 35.7983 39.4965 47.0681 1.2237 49.6067 57.5791 57.5791 1.6454 0.0678 11.9032 27.4457 11.0141 24.5671 45.0654 1.771 37.1621 105.7941 6.6732 0.2708 0.0 81.1887 45.5349;
	1.4555 19.6668 61.9988 4.9728 13.1133 0.9574 6.7087 1.9944 6.7707 3.1418 5.8075 8.6637 13.0431 11.9925 10.6236 4.0024 4.9659 5.2624 0.8472 9.4483 2.2362 2.234 51.7135 53.393 1.1258 45.1674 1.7533 135.4084 106.2515 106.2515 9.3021 3.2967 2.824 24.3199 37.598 45.334 107.6283 4.5288 109.9137 3.0156 9.0318 10.6211 0.1192 123.3445 108.7495;
	2.1813 29.4744 83.9957 34.7569 14.1984 3.4515 2.9888 3.9213 6.6081 25.3733 46.9022 69.9688 105.3377 24.9712 46.7861 17.6264 21.8698 23.1754 13.6257 11.005 0.9963 8.0535 33.0567 66.9961 68.5167 55.2351 2.0178 214.907 168.8991 168.8991 22.6882 6.7137 45.4189 28.327 78.288 72.0636 170.7358 3.5433 63.3558 183.5269 11.1048 38.2887 108.0383 166.0809 172.5143;
	1.6839 22.753 7.1216 33.4276 13.9369 19.8704 6.7646 3.308 16.345 5.5806 10.3156 15.3889 23.1679 31.9006 40.2063 15.1475 18.7941 19.9161 14.2248 8.6522 2.2549 46.3644 44.5642 4.1028 3.7999 33.8679 2.196 197.793 216.4583 216.4583 17.102 6.8959 47.4162 22.2707 100.0127 92.3556 184.0225 12.8087 254.9465 10.1784 24.1909 220.4295 75.9912 126.2856 185.9394;
	2.1524 29.0838 11.3215 32.8551 9.3009 1.6133 7.5352 1.1089 26.9014 11.6278 21.4939 32.0646 48.2732 37.3467 63.4433 23.9019 29.6561 31.4266 37.7294 6.3634 2.5117 3.7645 31.4342 7.9077 9.2867 0.0266 1.4596 279.6832 284.1196 284.1196 108.2135 8.7393 125.7647 16.3795 117.0868 121.2244 265.3873 20.1378 195.6543 24.875 34.1102 17.8973 82.4599 97.8092 268.1517;
	3.1714 42.8526 87.713 18.9216 13.954 2.6456 20.4647 1.223 27.0996 5.3694 9.9252 14.8065 22.291 29.0807 1.6823 0.6338 0.7864 0.8333 0.5977 0.4891 6.8216 6.1732 46.314 2.438 6.6277 2.4576 2.3498 404.6626 299.0972 299.0972 174.394 10.0997 1.9923 1.2589 91.1719 127.6148 324.7528 38.7382 382.8734 17.7527 67.197 29.349 12.8646 184.8956 328.1356;
	3.2792 44.3086 33.1623 19.9197 14.2333 0.5283 20.0308 1.3663 23.9365 6.3117 11.667 17.4049 26.203 48.3649 9.6764 3.6455 4.5232 4.7932 0.16 4.3513 6.6769 1.2328 1.3535 0.0777 6.642 19.9977 2.7861 368.041 367.301 367.301 174.9164 21.9694 0.5333 11.2002 151.6305 156.7151 453.1876 65.64 155.6113 17.7912 45.907 5.861 134.1024 233.274 457.9083;
	2.6794 36.2044 30.4307 10.4662 14.2682 18.2703 6.3814 1.311 3.8536 0.3151 0.5825 0.869 1.3082 63.0489 0.0654 0.0246 0.0306 0.0324 1.7279 0.2127 2.1271 42.6307 7.1899 0.0651 7.4937 14.0451 0.5421 566.2181 478.3284 478.3284 292.0768 33.1099 5.7596 0.5474 197.6668 204.0868 553.2696 85.3038 93.2365 20.0724 40.6756 202.6787 115.827 235.7715 559.0329;
	2.9251 39.5247 87.4515 5.0705 14.2078 23.6746 4.1044 0.7794 2.0124 6.7325 12.4449 18.5654 27.9501 9.7666 1.0613 0.3998 0.4961 0.5257 1.8202 39.8538 1.3681 55.2408 1.5615 2.4379 6.436 62.2141 0.0685 828.7997 456.7689 456.7689 351.8219 48.3706 6.0673 102.5837 30.6198 194.8881 640.3206 71.6091 99.8483 17.2392 85.1299 262.6304 105.3404 213.7725 646.9906;
	2.8119 37.9951 13.0779 10.7548 13.9126 0.0 18.1852 2.9539 26.0901 20.3483 37.6135 56.1119 84.4762 33.3309 0.0 0.0 0.0 0.0 0.0087 18.2043 6.0617 0.0 43.7946 2.8178 4.0345 57.9895 0.1782 807.967 462.028 462.028 330.7781 47.6244 0.0291 46.858 104.4969 197.132 602.6613 70.9913 21.057 10.8067 88.6806 0.0 96.9154 178.2876 608.939;
