function loadprofile = ex_load_profilesh1
%EX_LOAD_PROFILE  Example load profile data file for stochastic unit commitment.
% 2022.03.12
% Andres F. Ramirez

%% define constants
[CT_LABEL, CT_PROB, CT_TABLE, CT_TBUS, CT_TGEN, CT_TBRCH, CT_TAREABUS, ...
    CT_TAREAGEN, CT_TAREABRCH, CT_ROW, CT_COL, CT_CHGTYPE, CT_REP, ...
    CT_REL, CT_ADD, CT_NEWVAL, CT_TLOAD, CT_TAREALOAD, CT_LOAD_ALL_PQ, ...
    CT_LOAD_FIX_PQ, CT_LOAD_DIS_PQ, CT_LOAD_ALL_P, CT_LOAD_FIX_P, ...
    CT_LOAD_DIS_P, CT_TGENCOST, CT_TAREAGENCOST, CT_MODCOST_F, ...
    CT_MODCOST_X] = idx_ct;

loadprofile = struct( ...
    'type', 'mpcData', ...
    'table', CT_TAREALOAD, ...
    'rows', [1:11], ...
    'col', CT_LOAD_ALL_P, ...
    'chgtype', 1, ...
    'values', [] );
loadprofile.values(:,1,:) = [
	1633.1968 1080.3209 1709.7238 587.3061 878.6153 1215.5518 903.563 268.7 549.0445 4664.5965 1823.1901;
	1640.3358 1107.6682 1721.3531 576.5475 892.7 1211.0096 900.5902 274.2799 559.4461 4623.4695 1812.3986;
	1635.854 1053.7896 1736.3706 576.8 906.1713 1234.4076 922.4 275.4272 549.6613 4671.0202 1822.3983;
	1724.3414 1134.3525 1835.3286 587.5208 943.0825 1278.5033 956.4 308.4684 574.3 4901.4841 1925.0;
	1832.9064 1259.3592 2017.3361 604.7 1040.6021 1455.5847 1053.666 353.7 646.5008 5400.2189 2159.0556;
	1964.1754 1332.1 2147.5431 622.3526 1102.4816 1554.0874 1131.3885 388.7 713.6258 6000.4214 2338.811;
	1918.4856 1276.1086 2092.5441 567.0126 1074.2202 1531.8563 1145.4542 395.5253 723.1388 6368.3 2360.2378;
	1867.2641 1246.5959 2071.2685 559.8942 1069.1104 1471.0139 1102.7883 377.312 701.8695 6483.0077 2257.2262;
	1841.8653 1232.231 2106.4844 534.094 1055.8519 1469.9777 1075.7775 380.2288 729.0064 6601.7548 2185.1424;
	1832.8105 1195.2386 2064.7761 543.723 1079.7081 1507.7 1059.3928 354.7054 711.304 6519.8075 2108.638;
	1775.1642 1114.8348 2002.8391 544.4366 1063.2 1486.6968 1024.923 344.6 684.2 6514.9056 2004.9991;
	1812.964 1160.8582 1994.7303 547.0618 1032.2942 1509.8522 1038.4 359.284 702.0094 6607.9909 2102.7386;
	1724.3633 1125.3281 1957.5 533.5793 995.301 1450.5385 1032.4 328.7382 678.1911 6442.5151 2064.4564;
	1719.8171 1126.9943 1918.7553 558.817 1006.8044 1435.7218 1035.4583 327.1868 676.7373 6409.3368 2095.5088;
	1715.8397 1150.7263 1890.9 543.6984 980.64 1434.2193 1009.5 327.9059 657.1879 6392.6185 2063.3889;
	1622.5706 1139.7016 1890.5267 521.7229 985.0889 1446.8295 1034.2218 359.2 669.5778 6355.0464 2118.4875;
	1698.359 1154.0476 1845.6967 524.0654 987.0354 1401.066 983.5903 352.3 687.4605 6178.5 2103.5;
	1767.7 1188.6308 1902.5171 558.1409 1041.8175 1500.8749 1105.1321 361.5 716.3206 6126.9925 2287.1924;
	1784.3052 1209.741 1922.9758 538.3206 1022.8454 1475.2977 1116.7651 375.1 709.1812 6058.0159 2294.5968;
	1758.3953 1176.2842 1845.7764 549.1534 961.8699 1399.2184 1081.0849 354.4 668.8669 5928.2367 2218.203;
	1687.915 1082.662 1750.2 533.6006 893.9941 1295.0697 1016.19 329.3444 632.2 5695.9052 2085.4085;
	1582.6214 1027.7 1659.713 540.2683 853.9977 1238.8918 946.1743 305.1577 572.8 5305.1749 1931.5111;
	1506.7775 970.9789 1621.6802 537.6652 863.8816 1214.0785 912.2558 271.165 536.3 4892.7973 1769.7585;
	1468.0902 982.6482 1592.6789 537.3 834.6357 1224.0828 891.6436 274.8501 525.7478 4717.4842 1748.6464;
];
