function solarprofile = ex_solar_profilesh1
%EX_WIND_PROFILE_D  Example wind_load_nyiso profile data for deterministic unit commitment.
% 2022.03.12
% Andres F. Ramirez


%% define constants
[GEN_BUS, PG, QG, QMAX, QMIN, VG, MBASE, GEN_STATUS, PMAX, PMIN, ...
    MU_PMAX, MU_PMIN, MU_QMAX, MU_QMIN, PC1, PC2, QC1MIN, QC1MAX, ...
    QC2MIN, QC2MAX, RAMP_AGC, RAMP_10, RAMP_30, RAMP_Q, APF] = idx_gen;
[CT_LABEL, CT_PROB, CT_TABLE, CT_TBUS, CT_TGEN, CT_TBRCH, CT_TAREABUS, ...
    CT_TAREAGEN, CT_TAREABRCH, CT_ROW, CT_COL, CT_CHGTYPE, CT_REP, ...
    CT_REL, CT_ADD, CT_NEWVAL, CT_TLOAD, CT_TAREALOAD, CT_LOAD_ALL_PQ, ...
    CT_LOAD_FIX_PQ, CT_LOAD_DIS_PQ, CT_LOAD_ALL_P, CT_LOAD_FIX_P, ...
    CT_LOAD_DIS_P, CT_TGENCOST, CT_TAREAGENCOST, CT_MODCOST_F, ...
    CT_MODCOST_X] = idx_ct;

solarprofile = struct( ...
    'type', 'mpcData', ...
    'table', CT_TGEN, ...
    'rows', [1:12], ...
    'col', PMAX, ...
    'chgtype', 1, ...
    'values', [] );
solarprofile.values(:,1,:) = [
	0.0 0.0 0.0 0.0 0.0 0.0 0.0 0.0 0.0 0.0 0.0 0.0;
	0.0 0.0 0.0 0.0 0.0 0.0 0.0 0.0 0.0 0.0 0.0 0.0;
	0.0 0.0 0.0 0.0 0.0 0.0 0.0 0.0 0.0 0.0 0.0 0.0;
	0.0 0.0 0.0 0.0 0.0 0.0 0.0 0.0 0.0 0.0 0.0 0.0;
	0.0 0.0 0.0 0.0 0.0 0.0 0.0 0.0 0.0 0.0 0.0 0.0;
	0.4731 0.4018 0.4224 0.0 0.0 0.0 0.0 0.5005 0.0 0.0 0.0 0.0;
	9.0039 7.684 6.3247 6.1098 6.5111 202.489 25.3111 54.7114 180.5269 27.6075 13.9027 49.9973;
	23.1328 16.3551 12.7677 6.3821 6.7526 418.1255 52.2657 74.5391 261.9028 31.433 17.7481 56.9254;
	24.5768 16.6957 13.8 7.8418 7.7292 437.7591 54.7199 77.3672 269.6805 53.0116 23.4882 96.0042;
	23.8337 16.1547 11.2847 4.2835 7.6504 326.657 40.8321 75.0127 197.2766 112.9641 38.121 204.5786;
	24.7593 16.371 13.3619 3.6052 9.3005 347.4611 43.4326 78.7609 216.4921 138.8236 45.4973 251.4103;
	25.0771 16.4168 13.769 2.9316 9.1525 354.0389 44.2549 78.9157 222.8584 95.7107 36.9374 173.3326;
	17.9087 16.0033 11.8657 4.4309 6.8252 180.8659 22.6082 66.3417 112.6931 24.4009 18.5919 44.1902;
	15.9469 15.13 9.3645 4.5057 5.0733 147.5442 18.443 53.1631 88.1611 14.79 12.2588 26.7847;
	9.2896 8.1753 5.7442 3.976 4.1712 106.628 13.3285 41.3711 72.6301 16.5049 10.332 29.8905;
	2.8487 2.0233 1.5431 1.7284 0.9773 17.4678 2.1835 20.7765 32.1117 11.7879 3.5574 21.348;
	0.6154 0.3884 0.467 0.3714 0.3153 9.7405 1.2176 6.2846 11.1727 2.8831 1.8266 5.2212;
	0.0 0.0 0.0 0.0 0.0 0.0 0.0 0.0 0.0 0.0 0.0 0.0;
	0.0 0.0 0.0 0.0 0.0 0.0 0.0 0.0 0.0 0.0 0.0 0.0;
	0.0 0.0 0.0 0.0 0.0 0.0 0.0 0.0 0.0 0.0 0.0 0.0;
	0.0 0.0 0.0 0.0 0.0 0.0 0.0 0.0 0.0 0.0 0.0 0.0;
	0.0 0.0 0.0 0.0 0.0 0.0 0.0 0.0 0.0 0.0 0.0 0.0;
	0.0 0.0 0.0 0.0 0.0 0.0 0.0 0.0 0.0 0.0 0.0 0.0;
	0.0 0.0 0.0 0.0 0.0 0.0 0.0 0.0 0.0 0.0 0.0 0.0;
];
