function windprofile = ex_wind_profilesh1
%EX_WIND_PROFILE_D  Example wind_load_nyiso profile data for deterministic unit commitment.
% 2022.03.12
% Andres F. Ramirez


%% define constants
[GEN_BUS, PG, QG, QMAX, QMIN, VG, MBASE, GEN_STATUS, PMAX, PMIN, ...
    MU_PMAX, MU_PMIN, MU_QMAX, MU_QMIN, PC1, PC2, QC1MIN, QC1MAX, ...
    QC2MIN, QC2MAX, RAMP_AGC, RAMP_10, RAMP_30, RAMP_Q, APF] = idx_gen;
[CT_LABEL, CT_PROB, CT_TABLE, CT_TBUS, CT_TGEN, CT_TBRCH, CT_TAREABUS, ...
    CT_TAREAGEN, CT_TAREABRCH, CT_ROW, CT_COL, CT_CHGTYPE, CT_REP, ...
    CT_REL, CT_ADD, CT_NEWVAL, CT_TLOAD, CT_TAREALOAD, CT_LOAD_ALL_PQ, ...
    CT_LOAD_FIX_PQ, CT_LOAD_DIS_PQ, CT_LOAD_ALL_P, CT_LOAD_FIX_P, ...
    CT_LOAD_DIS_P, CT_TGENCOST, CT_TAREAGENCOST, CT_MODCOST_F, ...
    CT_MODCOST_X] = idx_ct;

windprofile = struct( ...
    'type', 'mpcData', ...
    'table', CT_TGEN, ...
    'rows', [1:45], ...
    'col', PMAX, ...
    'chgtype', 1, ...
    'values', [] );
windprofile.values(:,1,:) = [
	0.6298 8.5106 57.3143 61.6624 6.6444 0.1712 0.0393 7.7344 0.7556 18.2992 33.8258 50.4615 75.9695 4.4393 149.6399 56.376 69.948 74.124 81.3545 70.2467 0.0131 0.3994 69.8908 75.4751 54.0366 47.748 3.2315 181.9291 324.1597 324.1597 218.5327 48.92 271.1817 180.8153 13.918 138.3082 385.0284 93.4635 163.3847 144.7409 61.82 1.899 0.0 60.808 389.0391;
	0.4913 6.6387 53.7625 61.6446 6.3588 1.5351 0.0 10.5511 0.0 6.4941 12.0043 17.9081 26.9605 2.2167 117.5722 44.2946 54.9582 58.2392 70.0213 68.5578 0.0 3.5818 32.4826 75.2525 56.5386 50.177 5.4911 73.9142 223.7203 223.7203 154.7494 30.2984 233.4044 176.4679 6.9497 95.454 294.4939 91.7975 32.6702 151.4426 79.1855 17.0291 1.8061 85.8296 297.5615;
	0.2893 3.9091 60.781 63.5028 5.7838 3.4325 0.0 9.831 0.0 8.2787 15.303 22.8291 34.3691 1.4232 75.5437 28.4606 35.3123 37.4205 61.5142 64.3624 0.0 8.0091 11.0146 78.0783 56.3083 49.8703 3.7204 13.0238 21.8872 21.8872 13.1998 17.2829 205.0474 165.669 4.4619 9.3385 161.756 5.956 11.0264 150.8259 67.4656 38.0776 4.2261 95.5997 163.4409;
	0.4159 5.6197 68.311 73.0816 8.3186 2.3084 2.7849 12.3635 3.3855 13.85 25.6015 38.1925 57.4985 5.4252 93.1473 35.0927 43.541 46.1404 49.834 66.6699 0.9283 5.3863 44.8849 81.1159 64.0222 65.3089 6.2191 15.3733 17.8064 17.8064 58.5849 19.0352 166.1135 171.6085 17.0088 7.5974 6.9029 36.4504 50.413 171.4879 63.5305 25.6081 0.0092 137.8838 6.9748;
	0.4607 6.2253 76.5075 68.9932 10.2433 2.7174 0.132 11.8928 2.068 14.4438 26.6991 39.8299 59.9637 8.0335 123.9988 46.7158 57.9622 61.4227 55.1712 67.1004 0.044 6.3406 43.9895 77.8438 74.8605 68.274 6.7415 23.5798 42.1481 42.1481 82.4067 9.3424 183.9039 172.7166 25.1861 17.9832 3.2935 11.6735 20.9746 200.5191 62.5531 30.145 0.0285 142.2759 3.3278;
	0.4797 6.4821 74.8043 54.7837 9.9958 4.612 1.1828 11.8209 1.7034 8.9125 16.4747 24.577 37.0005 14.4566 151.5993 57.1142 70.8639 75.0946 82.7107 68.1988 0.3943 10.7613 35.6095 70.4987 56.573 66.3991 7.1306 19.5947 55.9282 55.9282 63.2894 9.814 275.7024 175.544 45.3233 23.8627 17.7223 30.5273 45.5435 151.5349 47.8777 51.1625 22.6873 125.1276 17.9069;
	0.4332 5.854 54.299 32.6273 8.7638 3.2194 3.2136 7.2846 1.6995 5.4656 10.103 15.0717 22.6903 1.7471 117.2071 44.1571 54.7875 58.0584 61.2866 66.9184 1.0712 7.5119 19.9916 45.8719 33.1065 59.2311 3.9332 10.1201 58.8825 58.8825 8.4249 0.0 204.2885 172.2481 5.4775 25.1232 7.8702 0.876 0.1849 88.6781 25.5211 35.7136 28.1628 130.8832 7.9522;
	0.4806 6.4939 32.5008 17.133 3.7619 3.2127 3.7822 5.8991 1.8159 3.0921 5.7157 8.5267 12.837 2.3126 66.2017 24.9411 30.9454 32.7929 18.8828 44.7921 1.2607 7.4963 10.8288 16.5627 32.4842 59.8346 3.7683 0.0 24.443 24.443 13.2948 0.0145 62.9425 115.295 7.2504 10.429 6.7927 1.3521 59.0963 87.0112 7.5782 35.6395 5.5052 100.982 6.8634;
	0.5888 7.9557 25.4991 18.8894 3.6389 4.813 0.0267 3.0997 0.0111 0.0 0.0 0.0 0.0 3.9773 18.9423 7.1364 8.8544 9.383 2.9294 15.3766 0.0089 11.2303 5.7672 5.5437 22.9327 48.4976 3.0143 38.1348 44.3846 44.3846 35.6099 1.0522 9.7646 39.5793 12.4695 18.9374 61.9998 7.9574 45.7108 61.427 0.0305 53.3921 7.3518 71.7848 62.6457;
	0.6347 8.5756 29.3214 23.685 7.8125 7.8722 4.1535 2.9754 1.1819 0.059 0.109 0.1626 0.2448 4.0336 13.3998 5.0483 6.2636 6.6376 30.0727 12.6097 1.3845 18.3685 11.2859 32.9833 27.3616 44.1031 2.5637 155.3905 72.5933 72.5933 96.7241 12.2115 100.2424 32.4575 12.6459 30.9731 98.3295 47.6595 227.3717 73.2901 10.2664 87.3293 50.0135 86.173 99.3538;
	0.9129 12.3356 40.7948 0.0 11.7278 3.7138 2.2209 1.3673 1.0571 0.8174 1.5109 2.2539 3.3933 4.5096 72.6914 27.3861 33.979 36.0076 2.7931 11.0918 0.7403 8.6656 33.2948 36.8858 40.9143 48.0808 0.567 145.3312 75.9601 75.9601 54.1901 13.0702 9.3102 28.5503 14.1383 32.4096 82.5948 27.9792 32.5941 109.5918 5.5176 41.1989 12.4406 99.9976 83.4551;
	1.4744 19.9225 58.6249 0.0475 12.8921 1.0365 1.4617 0.0 0.0017 0.5991 1.1074 1.6521 2.4872 2.372 99.1274 37.3457 46.3363 49.1026 27.1 10.1511 0.4872 2.4184 52.7467 44.3499 0.7861 43.1521 0.0 187.3224 123.9825 123.9825 98.0402 33.4429 90.3333 26.1289 7.4366 52.8992 149.8665 67.3229 57.1221 2.1056 14.5907 11.4977 10.6585 134.5352 151.4276;
	2.2222 30.0262 83.6583 14.4111 13.8962 2.4294 5.517 0.0007 2.0297 23.4409 43.3301 64.64 97.3152 15.8799 63.532 23.9353 29.6975 31.4705 6.4851 8.9921 1.839 5.6685 34.5978 61.8556 71.5266 53.4057 0.0 275.7645 185.3242 185.3242 66.0883 25.8816 21.6171 23.1457 49.7857 79.0717 225.2318 44.2425 187.3422 191.5892 8.7884 26.9498 112.3485 181.6692 227.578;
	1.7303 23.3806 11.4629 1.8518 13.9514 19.0574 2.3833 0.0 0.0 0.1795 0.3318 0.495 0.7452 12.5455 36.2164 13.6443 16.9291 17.9398 0.5977 6.3832 0.7944 44.4672 42.5672 0.0 0.0661 31.259 0.0 225.3474 220.9154 220.9154 97.3643 17.6449 1.9925 16.4303 39.332 94.2572 212.9869 38.3148 83.3047 0.1771 0.0683 211.4097 83.8676 138.499 215.2055;
	2.1244 28.7059 11.6901 5.7978 9.6517 3.2705 1.1364 0.1143 0.0 0.1693 0.313 0.4669 0.7029 6.5352 9.0332 3.4032 4.2225 4.4746 7.9686 0.0224 0.3788 7.6311 1.3196 0.0263 3.4394 12.305 0.0068 297.732 263.2106 263.2106 103.3265 8.2659 26.5621 0.0576 20.4886 112.3032 273.8304 28.5941 3.5843 9.2126 0.0374 36.2805 85.5891 109.5664 276.6828;
	2.8836 38.9632 82.6566 0.0 14.0404 0.5093 0.0136 0.0 0.0 0.1989 0.3677 0.5486 0.8259 0.4061 16.4665 6.2036 7.6971 8.1566 1.3293 0.1991 0.0045 1.1884 23.1723 0.0069 0.3407 2.334 0.0 417.6132 271.1045 271.1045 172.3977 10.4836 4.4309 0.5125 1.2733 115.6713 317.0271 47.365 0.0 0.9127 0.4528 5.6502 0.0104 185.9568 320.3295;
	3.2544 43.9745 7.1213 2.1489 14.3563 0.9078 0.0 0.1228 0.0 0.0085 0.0156 0.0233 0.0351 1.7493 49.4211 18.6191 23.1015 24.4807 4.1875 0.5898 0.0 2.1181 0.0 0.3862 1.9595 2.9285 0.0144 385.2052 362.5209 362.5209 185.0718 24.7928 13.9584 1.5181 5.4842 154.6756 468.0908 79.1821 1.317 5.2487 0.5747 10.0702 129.894 229.3571 472.9668;
	2.6929 36.3868 12.2056 2.2139 14.8304 19.2835 0.0 0.0027 0.0005 0.1646 0.3042 0.4538 0.6833 0.0074 1.3156 0.4956 0.6149 0.6517 3.5737 0.0 0.0 44.9948 5.6117 0.8887 0.141 2.2547 0.0023 562.5517 464.8061 464.8061 332.7276 33.8668 11.9123 0.0 0.0232 198.3172 558.6731 100.1189 0.0 0.3776 0.0329 213.9183 109.4006 234.7689 564.4926;
	3.0223 40.8375 87.5574 34.1761 14.4222 25.6352 0.4917 0.0837 1.3001 7.4451 13.7621 20.5304 30.9084 7.2105 3.2459 1.2229 1.5173 1.6079 4.9729 31.9645 0.1639 59.8155 7.3789 35.5354 11.5875 61.303 0.0 742.8381 428.3391 428.3391 372.1499 40.7708 16.5765 82.2766 22.6057 182.758 625.2215 80.997 3.164 31.038 0.749 284.3801 110.6765 219.7172 631.7342;
	2.9841 40.3211 18.148 38.1602 14.2302 0.397 18.8128 0.2767 26.392 22.016 40.6963 60.7109 91.3999 8.3324 2.6634 1.0034 1.245 1.3193 9.4796 17.2361 6.2709 0.9262 50.6226 26.7455 11.7897 51.8991 0.0005 723.0088 418.6522 418.6522 327.2525 39.9038 31.5986 44.3657 26.1232 178.6249 580.2345 73.0914 63.2811 31.5795 11.5524 4.4036 106.6316 189.4864 586.2786;
