function solarprofile = ex_solar_profilesh1
%EX_WIND_PROFILE_D  Example wind_load_nyiso profile data for deterministic unit commitment.
% 2022.03.12
% Andres F. Ramirez


%% define constants
[GEN_BUS, PG, QG, QMAX, QMIN, VG, MBASE, GEN_STATUS, PMAX, PMIN, ...
    MU_PMAX, MU_PMIN, MU_QMAX, MU_QMIN, PC1, PC2, QC1MIN, QC1MAX, ...
    QC2MIN, QC2MAX, RAMP_AGC, RAMP_10, RAMP_30, RAMP_Q, APF] = idx_gen;
[CT_LABEL, CT_PROB, CT_TABLE, CT_TBUS, CT_TGEN, CT_TBRCH, CT_TAREABUS, ...
    CT_TAREAGEN, CT_TAREABRCH, CT_ROW, CT_COL, CT_CHGTYPE, CT_REP, ...
    CT_REL, CT_ADD, CT_NEWVAL, CT_TLOAD, CT_TAREALOAD, CT_LOAD_ALL_PQ, ...
    CT_LOAD_FIX_PQ, CT_LOAD_DIS_PQ, CT_LOAD_ALL_P, CT_LOAD_FIX_P, ...
    CT_LOAD_DIS_P, CT_TGENCOST, CT_TAREAGENCOST, CT_MODCOST_F, ...
    CT_MODCOST_X] = idx_ct;

solarprofile = struct( ...
    'type', 'mpcData', ...
    'table', CT_TGEN, ...
    'rows', [1:12], ...
    'col', PMAX, ...
    'chgtype', 1, ...
    'values', [] );
solarprofile.values(:,1,:) = [
	0.0 0.0 0.0 0.0 0.0 0.0 0.0 0.0 0.0 0.0 0.0 0.0;
	0.0 0.0 0.0 0.0 0.0 0.0 0.0 0.0 0.0 0.0 0.0 0.0;
	0.0 0.0 0.0 0.0 0.0 0.0 0.0 0.0 0.0 0.0 0.0 0.0;
	0.0 0.0 0.0 0.0 0.0 0.0 0.0 0.0 0.0 0.0 0.0 0.0;
	0.0 0.0 0.0 0.0 0.0 0.0 0.0 0.0 0.0 0.0 0.0 0.0;
	0.4731 0.4018 0.4224 0.0 0.0 0.0 0.0 0.2 0.0 0.0 0.0 0.0;
	4.1099 2.2883 3.0018 1.9728 1.0487 194.307 24.2884 36.5363 229.7353 11.9584 5.71 21.6567;
	4.489 9.2082 5.9757 8.1091 6.2728 437.8422 54.7303 71.5196 289.2776 34.0245 19.361 61.6185;
	6.3885 15.6963 11.6128 10.9978 9.1385 452.3707 56.5463 75.3349 290.4989 65.3857 43.2691 118.4139;
	16.4097 16.0109 13.3384 10.5704 6.1031 310.6441 38.8305 71.7201 238.0053 150.6958 115.1921 272.9111;
	20.5057 16.1153 13.7052 9.974 4.872 235.9281 29.491 71.9515 206.2569 169.6449 90.1279 307.228;
	24.7925 16.3954 13.769 9.571 4.0602 248.6007 31.0751 71.9246 198.5391 133.2376 61.0308 241.2941;
	19.6423 16.2122 13.4865 10.0144 4.0085 205.7921 25.724 65.7106 175.9169 91.9123 47.6599 166.4538;
	20.5395 17.0269 13.9915 9.2147 4.2134 251.043 31.3804 60.065 171.3741 79.4651 42.0099 143.9118;
	17.0553 16.4647 13.228 7.0985 4.2889 215.1842 26.898 47.875 150.9796 66.5191 31.808 120.4665;
	6.0035 12.4415 8.9265 1.7597 1.2608 52.8774 6.6097 6.7495 33.3147 19.8984 6.1368 36.0361;
	0.7099 0.8169 0.6777 0.3854 0.535 15.6242 1.953 1.1442 4.2208 6.9616 1.9906 12.6075;
	0.0 0.0 0.0 0.0 0.0 0.0 0.0 0.0 0.0 0.0 0.0 0.0;
	0.0 0.0 0.0 0.0 0.0 0.0 0.0 0.0 0.0 0.0 0.0 0.0;
	0.0 0.0 0.0 0.0 0.0 0.0 0.0 0.0 0.0 0.0 0.0 0.0;
	0.0 0.0 0.0 0.0 0.0 0.0 0.0 0.0 0.0 0.0 0.0 0.0;
	0.0 0.0 0.0 0.0 0.0 0.0 0.0 0.0 0.0 0.0 0.0 0.0;
	0.0 0.0 0.0 0.0 0.0 0.0 0.0 0.0 0.0 0.0 0.0 0.0;
	0.0 0.0 0.0 0.0 0.0 0.0 0.0 0.0 0.0 0.0 0.0 0.0;
];
