function windprofile = ex_wind_profilesh1
%EX_WIND_PROFILE_D  Example wind_load_nyiso profile data for deterministic unit commitment.
% 2022.03.12
% Andres F. Ramirez


%% define constants
[GEN_BUS, PG, QG, QMAX, QMIN, VG, MBASE, GEN_STATUS, PMAX, PMIN, ...
    MU_PMAX, MU_PMIN, MU_QMAX, MU_QMIN, PC1, PC2, QC1MIN, QC1MAX, ...
    QC2MIN, QC2MAX, RAMP_AGC, RAMP_10, RAMP_30, RAMP_Q, APF] = idx_gen;
[CT_LABEL, CT_PROB, CT_TABLE, CT_TBUS, CT_TGEN, CT_TBRCH, CT_TAREABUS, ...
    CT_TAREAGEN, CT_TAREABRCH, CT_ROW, CT_COL, CT_CHGTYPE, CT_REP, ...
    CT_REL, CT_ADD, CT_NEWVAL, CT_TLOAD, CT_TAREALOAD, CT_LOAD_ALL_PQ, ...
    CT_LOAD_FIX_PQ, CT_LOAD_DIS_PQ, CT_LOAD_ALL_P, CT_LOAD_FIX_P, ...
    CT_LOAD_DIS_P, CT_TGENCOST, CT_TAREAGENCOST, CT_MODCOST_F, ...
    CT_MODCOST_X] = idx_ct;

windprofile = struct( ...
    'type', 'mpcData', ...
    'table', CT_TGEN, ...
    'rows', [1:45], ...
    'col', PMAX, ...
    'chgtype', 1, ...
    'values', [] );
windprofile.values(:,1,:) = [
	0.7556 10.2093 52.3882 63.8798 6.2485 4.0973 4.1794 7.0394 7.3412 20.444 37.7904 56.3758 84.8735 7.0568 136.7327 51.5132 63.9146 67.7304 75.5555 68.7898 1.3931 9.5603 68.9867 69.2613 46.9086 34.889 3.6784 182.1368 334.1197 334.1197 225.6241 37.6296 251.8517 177.0652 22.124 142.5577 393.0315 84.6098 83.1215 125.6481 57.2898 45.4524 0.0008 64.0142 397.1256;
	0.5187 7.0091 47.6464 62.7222 4.9616 4.1012 1.5984 9.1146 2.3441 12.6555 23.3936 34.8986 52.5397 11.6871 122.641 46.2043 57.3276 60.7501 74.4833 69.2185 0.5328 9.5695 35.0194 64.755 46.7717 37.6833 5.4933 61.019 234.6463 234.6463 159.4468 26.7427 248.2776 178.1687 36.6406 100.1157 297.6611 89.2021 98.7967 125.2812 67.7938 45.4962 0.2962 85.5006 300.7618;
	0.3702 5.0016 55.1926 67.8116 4.81 15.2924 9.1417 10.3304 6.3983 10.3482 19.1284 28.5358 42.9605 46.973 83.758 31.5553 39.152 41.4894 67.1008 67.4842 3.0472 35.6823 25.424 71.6538 52.5639 36.8769 5.9461 21.3025 219.7717 219.7717 308.048 18.2843 223.6694 173.7045 147.2668 93.7692 197.5341 29.5188 104.9255 140.7962 65.8604 169.6439 25.6348 95.8275 199.5917;
	0.4181 5.649 64.4582 74.4686 7.529 11.0233 10.053 12.7313 6.7034 15.5584 28.7594 42.9033 64.5908 23.4022 91.8751 34.6134 42.9463 45.5102 50.6813 66.107 3.351 25.7211 43.6134 78.6872 59.3964 57.4064 7.4518 9.3675 276.2654 276.2654 240.0422 20.9478 168.9376 170.1596 73.369 117.8732 51.3792 19.2029 162.9617 159.0975 67.2198 122.2856 6.9648 142.8129 51.9144;
	0.5248 7.0907 75.2189 73.9769 9.7321 11.7679 4.9468 12.5531 8.9313 16.711 30.89 46.0818 69.3759 14.6429 120.4521 45.3796 56.3044 59.6658 56.6795 64.2143 1.6489 27.4584 45.6985 78.2168 74.1821 60.2176 8.3406 22.2693 116.5252 116.5252 156.4741 11.0809 188.9316 165.2878 45.9074 49.7174 23.2937 12.0517 79.2341 198.7021 66.267 130.5453 15.0966 151.2172 23.5363;
	0.5439 7.3499 71.1644 59.6756 9.6199 4.4958 9.9722 11.1466 19.6274 9.4459 17.4607 26.0479 39.2149 41.5674 147.3605 55.5172 68.8825 72.9949 85.1489 69.604 3.3241 10.4901 33.3836 75.231 51.8628 56.705 7.3439 24.6146 88.1871 88.1871 158.3746 9.4902 283.8296 179.161 130.3194 37.6265 24.1827 10.5238 352.068 138.9182 52.273 49.873 25.8513 142.102 24.4346;
	0.449 6.0675 47.0789 37.0607 9.1847 2.4813 4.0191 7.4626 2.7199 7.2565 13.4136 20.0104 30.1256 17.7046 117.2743 44.1824 54.8189 58.0917 68.7369 69.0741 1.3397 5.7897 23.1924 47.3803 27.0023 54.2441 3.9465 27.8719 33.8121 33.8121 275.3991 0.0493 229.123 177.7969 55.5064 14.4265 17.0614 43.9902 102.6426 72.3276 25.0745 27.5261 28.1549 126.5834 17.2391;
	0.4885 6.6009 22.833 21.3809 3.6846 2.9691 4.5347 6.1616 2.5595 5.0633 9.3595 13.9625 21.0205 35.1381 65.4936 24.6743 30.6145 32.4422 21.9967 44.0035 1.5116 6.928 13.5346 2.5961 18.3424 53.1834 4.2119 9.5568 27.0012 27.0012 249.7156 1.335 73.3225 113.2651 110.1627 11.5205 20.7315 85.4189 69.413 49.1314 11.2528 32.9378 8.7705 94.6624 20.9474;
	0.6458 8.7258 26.6367 24.3099 4.097 15.0835 16.9653 5.2885 10.7009 0.0461 0.0852 0.1271 0.1914 31.772 20.8259 7.846 9.7349 10.3161 48.3665 17.0349 5.6551 35.1948 5.2053 20.024 26.2037 44.4262 4.2416 13.3459 72.4815 72.4815 320.049 11.6824 161.2216 43.8478 99.6097 30.9254 73.8305 85.2436 334.0566 70.1884 35.9921 167.3264 60.9302 72.1626 74.5996;
	0.5593 7.5573 27.7031 24.4733 7.2415 1.7546 7.9574 4.395 14.1376 0.4139 0.7652 1.1415 1.7185 40.2895 13.3887 5.0441 6.2584 6.6321 74.3055 13.8783 2.6525 4.0941 9.2078 32.7571 26.016 33.4071 3.1057 30.6636 47.7447 47.7447 275.0908 20.9899 247.6848 35.7228 126.3131 20.3711 17.7279 78.8476 426.758 69.6858 12.4751 19.4644 50.3135 84.3251 17.9126;
	0.8025 10.8433 42.0224 3.0899 10.886 3.6072 3.8576 3.61 2.0875 1.8903 3.4941 5.2125 7.8474 43.2439 20.3782 7.6774 9.5256 10.0943 18.7828 10.5368 1.2859 8.4169 17.3052 42.9748 46.9031 42.0223 1.3137 67.0847 80.3957 80.3957 190.0818 6.7161 62.6095 27.1217 135.5756 34.3022 70.3913 63.6653 158.2272 125.6334 10.2776 40.0163 18.3549 96.9987 71.1246;
	1.5899 21.483 66.1665 32.0337 13.61 4.0743 4.6716 12.3211 0.0 0.1596 0.295 0.44 0.6624 16.6812 17.34 6.5327 8.1054 8.5894 34.0776 9.0057 1.5572 9.5068 43.0649 61.1226 62.7473 49.2337 7.3573 173.8988 121.5638 121.5638 441.3686 9.7767 113.5921 23.1806 52.2978 51.8672 144.0816 107.6647 71.2388 168.0731 30.5695 45.198 30.8568 138.0835 145.5824;
	2.1997 29.7234 84.0013 58.6496 14.3711 3.3616 9.2294 2.3191 0.8488 24.1913 44.7173 66.7094 100.4306 6.6866 21.7771 8.2044 10.1796 10.7873 13.7913 5.1539 3.0765 7.8436 33.826 69.9008 74.468 47.6668 1.1061 231.6485 173.459 173.459 268.5852 27.4328 45.9709 13.2662 20.9635 74.0092 195.6295 107.447 126.0806 199.4679 4.9658 37.2908 113.4557 176.9394 197.6673;
	1.8902 25.5403 24.8541 27.3736 14.1532 20.9634 19.345 2.2272 4.314 0.0373 0.069 0.103 0.155 9.0129 16.521 6.2242 7.7226 8.1837 5.1633 4.4584 6.4483 48.9145 38.4982 1.1143 23.0531 25.6841 0.8623 190.6169 215.7649 215.7649 219.1127 54.1594 17.211 11.4759 28.2567 92.0597 205.2433 66.1166 151.2859 61.7493 7.2207 232.5537 87.4166 145.5471 207.3813;
	2.0448 27.63 17.1796 1.4493 10.0128 1.8479 11.5298 0.4384 5.5166 0.0001 0.0001 0.0002 0.0003 3.9013 42.1531 15.8809 19.7041 20.8805 10.5618 0.1302 3.8433 4.3117 3.58 0.0 2.8401 0.0 0.2092 304.1826 256.2249 256.2249 119.0766 9.8108 35.206 0.3352 12.2311 109.3226 278.5539 105.2148 270.7247 7.6075 0.0 20.4991 85.2589 107.8145 281.4555;
	2.8986 39.1658 85.3583 0.1764 13.4119 0.4606 6.989 0.3135 8.6472 1.1671 2.1573 3.2182 4.845 4.9655 59.8287 22.5401 27.9664 29.6361 44.4505 6.8834 2.3297 1.0748 40.5276 0.0 2.9331 0.0 0.3439 367.5152 269.586 269.586 196.9311 13.8922 148.1682 17.7178 15.5676 115.0233 310.0253 48.7046 73.082 7.8566 0.0002 5.1101 4.0552 187.1288 313.2547;
	3.2121 43.4025 4.4999 1.4843 14.2503 5.2713 4.2015 0.4025 14.4404 2.02 3.734 5.5704 8.3862 12.1697 17.1867 6.475 8.0338 8.5134 76.3819 5.0821 1.4005 12.2998 0.0 0.0 0.4072 0.0 0.612 386.1107 374.6296 374.6296 228.085 28.8041 254.6064 13.0814 38.1536 159.8419 489.4708 84.1462 279.0786 1.0906 0.0158 58.4766 142.0745 214.7536 494.5695;
	2.5547 34.5192 0.7973 12.6182 14.2074 19.9074 1.7376 0.0946 1.5663 0.8842 1.6343 2.4381 3.6706 19.8006 73.195 27.5758 34.2144 36.257 75.9789 9.5997 0.5792 46.4506 6.794 0.0 2.5607 0.0 0.1216 563.3787 471.9722 471.9722 367.3686 37.8376 253.263 24.7097 62.0776 201.3748 585.6204 112.2907 361.2345 6.8589 0.0053 220.8395 115.7353 217.4867 591.7206;
	3.0809 41.6301 82.4294 14.3022 15.1104 27.2978 0.3721 0.0003 10.0125 7.1703 13.2541 19.7725 29.7674 7.1249 10.0732 3.795 4.7086 4.9898 86.3415 42.7742 0.124 63.6949 0.0 0.0 0.5121 38.1946 0.0335 743.125 432.3855 432.3855 376.9661 45.8236 287.8051 110.1008 22.3377 184.4845 628.1479 79.876 198.1783 1.3718 0.0 302.8238 111.7129 198.2739 634.6911;
	3.0722 41.5117 5.9397 54.851 14.704 10.6625 18.2387 0.0049 28.0021 17.1122 31.6317 47.1882 71.0416 4.1662 21.108 7.9523 9.8668 10.4558 85.0024 20.8093 6.0796 24.8793 29.5817 0.1137 2.1754 25.5128 0.1192 668.5726 431.3238 431.3238 355.8685 46.2289 283.3412 53.5632 13.0617 184.0315 561.446 81.8332 263.4949 5.827 0.0 118.2832 108.6008 171.7595 567.2944;
