function solarprofile = ex_solar_profilesh1
%EX_WIND_PROFILE_D  Example wind_load_nyiso profile data for deterministic unit commitment.
% 2022.03.12
% Andres F. Ramirez


%% define constants
[GEN_BUS, PG, QG, QMAX, QMIN, VG, MBASE, GEN_STATUS, PMAX, PMIN, ...
    MU_PMAX, MU_PMIN, MU_QMAX, MU_QMIN, PC1, PC2, QC1MIN, QC1MAX, ...
    QC2MIN, QC2MAX, RAMP_AGC, RAMP_10, RAMP_30, RAMP_Q, APF] = idx_gen;
[CT_LABEL, CT_PROB, CT_TABLE, CT_TBUS, CT_TGEN, CT_TBRCH, CT_TAREABUS, ...
    CT_TAREAGEN, CT_TAREABRCH, CT_ROW, CT_COL, CT_CHGTYPE, CT_REP, ...
    CT_REL, CT_ADD, CT_NEWVAL, CT_TLOAD, CT_TAREALOAD, CT_LOAD_ALL_PQ, ...
    CT_LOAD_FIX_PQ, CT_LOAD_DIS_PQ, CT_LOAD_ALL_P, CT_LOAD_FIX_P, ...
    CT_LOAD_DIS_P, CT_TGENCOST, CT_TAREAGENCOST, CT_MODCOST_F, ...
    CT_MODCOST_X] = idx_ct;

solarprofile = struct( ...
    'type', 'mpcData', ...
    'table', CT_TGEN, ...
    'rows', [1:12], ...
    'col', PMAX, ...
    'chgtype', 1, ...
    'values', [] );
solarprofile.values(:,1,:) = [
	0.0 0.0 0.0 0.0 0.0 0.0 0.0 0.0 0.0 0.0 0.0 0.0;
	0.0 0.0 0.0 0.0 0.0 0.0 0.0 0.0 0.0 0.0 0.0 0.0;
	0.0 0.0 0.0 0.0 0.0 0.0 0.0 0.0 0.0 0.0 0.0 0.0;
	0.0 0.0 0.0 0.0 0.0 0.0 0.0 0.0 0.0 0.0 0.0 0.0;
	0.0 0.0 0.0 0.0 0.0 0.0 0.0 0.0 0.0 0.0 0.0 0.0;
	0.4784 0.4018 0.4224 0.0 0.0 0.0 0.0 0.2 0.0 0.0 0.0 0.0;
	7.556 6.8919 4.6002 6.9105 3.2861 173.2321 21.654 21.0481 159.2838 13.4109 7.345 24.2872;
	16.6999 14.2304 11.6795 10.3348 3.3367 339.7808 42.4726 51.5243 247.8914 22.6924 9.4303 41.0961;
	21.6724 16.6083 13.8 11.3343 4.4374 325.0408 40.6301 59.464 250.7545 35.242 14.2393 63.8235;
	20.1031 14.6986 13.5833 10.2336 4.7542 75.8117 9.4765 41.6113 143.0631 93.8782 50.0513 170.014;
	24.8953 16.3357 13.7627 11.688 7.9401 69.6817 8.7102 46.7834 140.1998 205.3975 98.5063 371.9762;
	25.079 16.3954 13.7827 11.7317 8.2423 69.9892 8.7486 49.2796 158.3461 241.8132 110.296 437.9251;
	10.2425 8.8357 9.6336 6.5467 3.5433 47.5345 5.9418 16.404 142.8087 150.4967 78.5212 272.5504;
	4.1839 3.4026 6.4367 2.8368 1.812 67.1739 8.3967 16.8625 156.0991 81.9085 51.8547 148.3367;
	2.1519 1.6276 2.7312 1.4363 2.2786 83.4924 10.4366 16.8917 148.5888 55.4452 40.8871 100.4116;
	1.446 0.8047 0.7777 1.1811 2.734 30.9707 3.8713 7.9486 45.4699 12.099 10.9619 21.9114;
	0.7272 0.5745 0.474 1.3141 1.3724 12.431 1.5539 2.5325 7.6093 4.3164 3.7963 7.8171;
	0.0 0.0 0.0 0.0 0.0 0.0 0.0 0.0 0.0 0.0 0.0 0.0;
	0.0 0.0 0.0 0.0 0.0 0.0 0.0 0.0 0.0 0.0 0.0 0.0;
	0.0 0.0 0.0 0.0 0.0 0.0 0.0 0.0 0.0 0.0 0.0 0.0;
	0.0 0.0 0.0 0.0 0.0 0.0 0.0 0.0 0.0 0.0 0.0 0.0;
	0.0 0.0 0.0 0.0 0.0 0.0 0.0 0.0 0.0 0.0 0.0 0.0;
	0.0 0.0 0.0 0.0 0.0 0.0 0.0 0.0 0.0 0.0 0.0 0.0;
	0.0 0.0 0.0 0.0 0.0 0.0 0.0 0.0 0.0 0.0 0.0 0.0;
];
