function loadprofile = ex_load_profilesh1
%EX_LOAD_PROFILE  Example load profile data file for stochastic unit commitment.
% 2022.03.12
% Andres F. Ramirez

%% define constants
[CT_LABEL, CT_PROB, CT_TABLE, CT_TBUS, CT_TGEN, CT_TBRCH, CT_TAREABUS, ...
    CT_TAREAGEN, CT_TAREABRCH, CT_ROW, CT_COL, CT_CHGTYPE, CT_REP, ...
    CT_REL, CT_ADD, CT_NEWVAL, CT_TLOAD, CT_TAREALOAD, CT_LOAD_ALL_PQ, ...
    CT_LOAD_FIX_PQ, CT_LOAD_DIS_PQ, CT_LOAD_ALL_P, CT_LOAD_FIX_P, ...
    CT_LOAD_DIS_P, CT_TGENCOST, CT_TAREAGENCOST, CT_MODCOST_F, ...
    CT_MODCOST_X] = idx_ct;

loadprofile = struct( ...
    'type', 'mpcData', ...
    'table', CT_TAREALOAD, ...
    'rows', [1:11], ...
    'col', CT_LOAD_ALL_P, ...
    'chgtype', 1, ...
    'values', [] );
loadprofile.values(:,1,:) = [
	1560.7963 977.994 1661.374 564.6 882.0 1213.5564 877.1 280.8581 523.7 4697.0301 1775.2787;
	1555.937 978.2746 1647.8254 572.5722 863.7 1229.4366 866.1 267.7 524.9807 4575.451 1738.4;
	1560.197 1007.9644 1690.4151 572.0856 863.6 1236.3206 875.7193 265.0 524.5641 4601.0478 1765.55;
	1619.5595 1069.7069 1802.4814 577.289 904.8264 1305.4523 924.3 281.5998 545.676 4837.9718 1878.735;
	1729.1 1185.4901 1994.6564 607.2882 1029.8072 1469.1966 1029.4999 317.4109 638.539 5355.7 2118.0;
	1868.7968 1274.8 2140.6327 623.511 1109.7734 1564.7907 1122.9 340.1477 692.6 5886.9441 2241.1171;
	1918.4516 1275.7629 2088.0825 610.3 1077.9 1559.8723 1127.6896 369.8308 695.5 6258.8838 2278.9658;
	1916.3665 1262.1537 2062.9857 626.3 1052.4599 1483.4934 1063.9159 342.858 686.9673 6342.6245 2153.9137;
	1889.5112 1260.8445 2069.0426 621.9258 1051.2203 1439.3173 1034.2651 335.1 691.5217 6414.9578 2142.4692;
	1860.7631 1220.3 2037.1 614.5226 1032.7204 1452.4542 1014.5642 326.6 658.3737 6365.4627 2055.7822;
	1811.0712 1208.4391 2020.2985 610.8135 1049.148 1416.9633 944.1064 323.0074 623.3965 6288.633 1955.1889;
	1799.3234 1182.7874 1969.7862 601.1275 1009.5424 1393.256 816.4844 304.4341 628.7227 6048.9976 1830.4928;
	1775.1812 1162.1378 1911.7178 600.468 960.3293 1323.1144 767.3304 313.4 572.255 5598.5504 1479.369;
	1783.466 1180.077 1946.607 602.4956 971.3031 1326.8638 917.9211 326.7636 639.5119 6151.4201 1925.7326;
	1760.0086 1212.7669 1948.0257 598.4399 989.4177 1367.8498 1000.1534 334.3469 677.3 6282.4165 2126.8842;
	1759.9461 1238.5359 1978.5201 599.8997 990.8486 1399.344 1029.6595 325.9 662.4152 6305.1094 2208.1872;
	1762.4058 1252.1105 1991.1682 593.1553 1025.3802 1447.2241 1091.7 319.528 698.3515 6315.0883 2347.2554;
	1807.5637 1304.1 2028.119 597.5571 1049.8525 1463.7359 1114.4237 342.702 734.5873 6264.7162 2479.3975;
	1856.9996 1294.3083 2073.633 603.8529 1066.9248 1478.9 1154.3395 375.0 742.3 6326.4946 2552.9772;
	1789.1861 1228.578 1942.4203 595.1741 999.9301 1388.8285 1114.8815 356.4 698.3696 6106.0974 2407.3048;
	1685.5 1120.1967 1793.9807 564.7837 897.5068 1316.2 1048.999 337.1353 654.1 5763.7564 2235.4;
	1587.3656 1053.8973 1706.8858 551.9376 860.5792 1270.3291 992.0496 319.0686 600.9 5427.5109 2023.6684;
	1553.2224 1001.1 1634.2614 537.6963 796.254 1188.8294 904.1972 304.1652 559.0991 4919.197 1860.9122;
	1513.9399 994.6701 1608.5 540.7177 732.2352 1187.1789 886.8177 280.6609 550.8256 4760.3005 1815.8001;
];
