function loadprofile = ex_load_profilesh1
%EX_LOAD_PROFILE  Example load profile data file for stochastic unit commitment.
% 2022.03.12
% Andres F. Ramirez

%% define constants
[CT_LABEL, CT_PROB, CT_TABLE, CT_TBUS, CT_TGEN, CT_TBRCH, CT_TAREABUS, ...
    CT_TAREAGEN, CT_TAREABRCH, CT_ROW, CT_COL, CT_CHGTYPE, CT_REP, ...
    CT_REL, CT_ADD, CT_NEWVAL, CT_TLOAD, CT_TAREALOAD, CT_LOAD_ALL_PQ, ...
    CT_LOAD_FIX_PQ, CT_LOAD_DIS_PQ, CT_LOAD_ALL_P, CT_LOAD_FIX_P, ...
    CT_LOAD_DIS_P, CT_TGENCOST, CT_TAREAGENCOST, CT_MODCOST_F, ...
    CT_MODCOST_X] = idx_ct;

loadprofile = struct( ...
    'type', 'mpcData', ...
    'table', CT_TAREALOAD, ...
    'rows', [1:11], ...
    'col', CT_LOAD_ALL_P, ...
    'chgtype', 1, ...
    'values', [] );
loadprofile.values(:,1,:) = [
	1563.3269 989.6079 1708.11 584.5374 826.7042 1208.2 897.0 269.7 516.6987 4591.3446 1730.0167;
	1599.8212 996.8125 1690.1372 587.3731 832.8 1206.0159 892.3309 270.6 506.6908 4555.7 1745.1039;
	1612.1658 1015.5 1721.4854 594.4435 856.3644 1246.3784 907.5 281.0204 523.5 4591.8721 1773.875;
	1655.0285 1063.6564 1792.9 606.0 922.4242 1324.432 954.167 308.9339 548.4314 4786.9213 1884.7815;
	1800.3972 1187.4344 1969.3 637.8 1044.2949 1470.8 1049.6427 358.2204 610.8373 5329.3021 2089.8142;
	1866.2552 1254.6 2037.4002 638.252 1055.5645 1509.0293 1088.4755 382.9067 654.7 5908.879 2223.4516;
	1857.6684 1238.9822 2026.4935 629.3247 1062.7087 1506.3493 1068.6674 378.1214 580.7573 6140.196 2134.8985;
	1847.4 1215.4307 2036.6228 607.7446 1033.9 1490.2584 1056.5142 375.7851 551.5473 6297.8891 2094.9915;
	1803.7812 1203.349 1979.5188 591.931 950.7898 1423.344 1018.7427 365.7465 492.8767 6337.4007 2050.8715;
	1820.9411 1196.5226 1963.7442 594.8 945.4063 1430.4942 1046.331 357.539 478.9204 6266.1303 2154.0133;
	1760.2142 1188.7623 1925.826 617.5 908.384 1343.4 1028.8778 351.6 454.6986 6240.0803 2088.9344;
	1740.4197 1161.8101 1898.1042 606.1288 890.7906 1287.0244 1012.7662 343.6586 441.2575 6042.6039 2029.2266;
	1692.6928 1158.9 1881.7 614.7079 885.1802 1337.3824 1012.0871 340.814 408.8627 6056.1769 2111.3331;
	1629.5137 1110.0437 1806.8705 604.4 883.5287 1304.1023 985.1377 341.2109 410.3258 6003.6218 2049.4741;
	1643.7502 1123.4781 1817.8 600.4 900.4522 1312.9869 997.1001 345.0067 400.4059 5796.8741 2071.6763;
	1677.1849 1159.7277 1896.7 610.0 938.8 1403.0439 1043.5227 344.1709 527.5506 6184.9401 2192.1663;
	1656.9677 1143.464 1866.9333 609.2745 928.6841 1462.0119 1079.0078 359.4114 643.1558 6126.2955 2296.4525;
	1725.6145 1199.6739 1921.9777 623.0 964.404 1493.3872 1140.3121 342.6656 675.2386 6208.4478 2440.7279;
	1768.2782 1216.0297 1986.448 612.6 1000.8093 1522.141 1158.2609 348.726 683.9552 6117.5479 2429.5447;
	1707.4214 1137.7292 1898.292 597.1372 928.6307 1414.6813 1103.3058 332.1875 647.6174 5852.9522 2278.0476;
	1595.2328 1051.2463 1764.9229 590.0554 830.5797 1264.2194 1002.0908 297.0184 575.154 5378.1942 2106.6242;
	1594.9143 1022.9208 1721.6 585.0458 839.7699 1189.7496 936.1455 288.1668 526.5833 5155.807 1954.0959;
	1468.8515 968.1517 1677.5384 589.203 857.5907 1154.1266 899.8188 277.4 494.6932 4820.2834 1828.5919;
	1396.174 908.14 1601.6112 580.8924 812.1 1130.7793 866.3722 280.4614 481.1 4577.6397 1743.265;
];
