function windprofile = ex_wind_profilesh1
%EX_WIND_PROFILE_D  Example wind_load_nyiso profile data for deterministic unit commitment.
% 2022.03.12
% Andres F. Ramirez


%% define constants
[GEN_BUS, PG, QG, QMAX, QMIN, VG, MBASE, GEN_STATUS, PMAX, PMIN, ...
    MU_PMAX, MU_PMIN, MU_QMAX, MU_QMIN, PC1, PC2, QC1MIN, QC1MAX, ...
    QC2MIN, QC2MAX, RAMP_AGC, RAMP_10, RAMP_30, RAMP_Q, APF] = idx_gen;
[CT_LABEL, CT_PROB, CT_TABLE, CT_TBUS, CT_TGEN, CT_TBRCH, CT_TAREABUS, ...
    CT_TAREAGEN, CT_TAREABRCH, CT_ROW, CT_COL, CT_CHGTYPE, CT_REP, ...
    CT_REL, CT_ADD, CT_NEWVAL, CT_TLOAD, CT_TAREALOAD, CT_LOAD_ALL_PQ, ...
    CT_LOAD_FIX_PQ, CT_LOAD_DIS_PQ, CT_LOAD_ALL_P, CT_LOAD_FIX_P, ...
    CT_LOAD_DIS_P, CT_TGENCOST, CT_TAREAGENCOST, CT_MODCOST_F, ...
    CT_MODCOST_X] = idx_ct;

windprofile = struct( ...
    'type', 'mpcData', ...
    'table', CT_TGEN, ...
    'rows', [1:45], ...
    'col', PMAX, ...
    'chgtype', 1, ...
    'values', [] );
windprofile.values(:,1,:) = [
	0.6496 8.777 45.9675 56.5558 7.0664 0.0 0.0145 8.0993 0.0 17.9229 33.1302 49.4238 74.4072 0.0 150.4641 56.6865 70.3332 74.5322 68.8159 68.2611 0.0048 0.0 63.9547 65.9772 46.0606 42.373 3.5503 168.6936 312.872 312.872 213.9104 37.5361 229.3865 175.7044 0.0 133.4921 353.3112 86.9112 0.0 123.3765 53.7062 0.0 5.8202 47.3085 356.9915;
	0.4368 5.9019 46.7868 59.2139 6.4051 0.0588 0.0563 10.6164 0.0 10.1931 18.8418 28.1083 42.3169 0.0 128.3564 48.3575 59.9992 63.5812 63.9461 67.8465 0.0188 0.1372 26.5157 67.3492 50.4843 47.1836 5.4728 34.2364 190.8986 190.8986 138.5944 20.7476 213.1537 174.637 0.0 81.4501 214.084 87.3649 0.0 135.2258 75.2875 0.6522 9.1207 72.4272 216.314;
	0.2655 3.5873 60.4758 67.3989 5.6489 1.4727 0.1736 11.4528 0.045 9.6365 17.8129 26.5734 40.0061 0.0 84.8005 31.9481 39.6393 42.0058 50.4026 62.6339 0.0579 3.4363 25.5739 81.0117 58.349 58.7201 6.1488 0.0 0.0 0.0 1.1424 7.1487 168.0088 161.2198 0.0 0.0 68.2142 0.135 0.0 156.2919 71.9797 16.3372 4.5573 93.9925 68.9247;
	0.3203 4.3275 67.1777 72.6513 7.2047 0.2824 1.6092 12.8836 0.0 15.1395 27.9851 41.7483 62.8518 0.0 92.7619 34.9475 43.3608 45.9495 26.1181 62.0918 0.5364 0.659 49.3943 81.7767 61.6686 67.8617 7.1191 0.0 0.0047 0.0047 1.583 16.4892 87.0604 159.8245 0.0 0.002 0.0 2.9119 0.0 165.1836 67.1402 3.133 0.8163 128.0189 0.0;
	0.2795 3.7763 76.495 72.3401 7.7105 0.0 1.0774 14.0121 0.0078 14.0365 25.9462 38.7066 58.2726 0.0 123.8502 46.6599 57.8928 61.3491 38.6352 66.5388 0.3591 0.0 44.6775 80.5503 72.5643 68.6351 8.457 13.9189 0.0 0.0 1.5397 6.309 128.7841 171.271 0.0 0.0 0.0 0.6713 0.0 194.3685 67.9781 0.0 0.0 138.4087 0.0;
	0.4695 6.3446 80.5666 62.6598 9.839 3.8359 1.1318 13.2517 1.8991 7.8118 14.44 21.5416 32.4308 0.0 148.5804 55.9768 69.4527 73.5991 65.2582 67.3933 0.3773 8.9503 33.7353 81.759 57.1451 70.0136 7.958 17.1005 0.0 0.0 0.2169 7.0159 217.5274 173.4704 0.0 0.0 0.0 0.0 0.0 153.0672 53.5145 42.5525 22.0347 138.2419 0.0;
	0.5209 7.039 60.1272 41.5481 10.0473 3.0036 4.5596 8.2582 2.7894 6.5195 12.0512 17.978 27.0657 0.0 125.8927 47.4293 58.8475 62.3608 42.4588 67.2706 1.5199 7.0084 23.825 60.6378 35.7127 65.9702 4.1148 134.3878 0.3167 0.3167 12.4153 1.0386 141.5294 173.1547 0.0 0.1351 0.7483 0.824 19.8141 95.659 29.359 33.3198 29.0191 142.2219 0.7561;
	0.5798 7.8342 38.8024 28.2539 4.5871 2.9896 5.0346 7.2456 2.7033 4.4229 8.1756 12.1964 18.3617 1.3953 64.1137 24.1545 29.9694 31.7587 8.1474 44.5461 1.6782 6.9757 11.9642 41.2547 35.6167 66.7319 4.2489 42.6282 0.4654 0.4654 25.6699 2.5285 27.1581 114.6618 4.3746 0.1986 6.0434 1.7794 6.483 95.4019 11.6432 33.1646 0.0542 114.9658 6.1063;
	0.5851 7.9062 36.9515 30.4093 4.166 1.9656 0.0 6.1402 0.0 3.3081 6.115 9.1223 13.7336 0.5076 17.9813 6.7744 8.4052 8.907 0.0 15.0879 0.0 4.5865 4.9344 41.4147 35.812 62.3653 4.5349 15.2762 0.0067 0.0067 7.2263 0.5207 0.0 38.8363 1.5913 0.0028 0.0 1.9031 0.0 95.9251 21.3463 21.8055 2.9007 84.5495 0.0;
	0.6301 8.5139 39.4151 28.6919 8.6762 2.8372 0.0 5.3155 0.1017 13.0132 24.0546 35.8848 54.0243 0.0 13.3499 5.0295 6.2403 6.6128 0.0055 13.0571 0.0 6.6201 11.5836 42.4726 36.563 54.776 3.4366 55.6251 21.3689 21.3689 21.582 0.7569 0.0184 33.6091 0.0 9.1174 0.0178 10.2176 0.0 97.9365 3.2199 31.4739 50.4911 104.8334 0.018;
	1.0591 14.311 51.5903 74.1221 12.244 13.0409 3.3856 4.1565 1.3119 9.9594 18.4097 27.4637 41.3464 0.0 45.2303 17.0403 21.1425 22.4048 9.5038 11.8623 1.1285 30.4289 31.0467 47.9731 54.559 56.9069 1.507 87.8757 61.3022 61.3022 67.3963 7.1142 31.6793 30.5335 0.0 26.1556 69.5194 10.6648 2.4159 146.1402 8.4196 144.6675 43.1261 114.621 70.2436;
	1.7838 24.1025 70.0275 98.3978 14.5296 13.6579 1.8585 1.5658 0.8217 6.7051 12.3943 18.4898 27.8363 0.0 14.7796 5.5681 6.9086 7.321 4.6014 9.7395 0.6195 31.8685 50.1856 63.9834 81.5203 56.2581 1.398 159.2778 72.2505 72.2505 0.4826 3.1675 15.338 25.0694 0.0 30.8269 94.6834 2.4481 12.681 218.3578 5.5536 151.5122 49.3093 143.5022 95.6697;
	2.6262 35.4853 89.1683 98.0896 15.3306 10.7131 3.4705 1.9343 2.9912 27.0029 49.9145 74.4626 112.1031 0.0 64.2696 24.2132 30.0423 31.8359 44.0255 11.9485 1.1568 24.9972 37.6705 73.7091 76.274 59.4326 1.9781 240.2565 152.536 152.536 11.403 2.9026 146.7517 30.7554 0.0 65.082 168.0879 3.5474 97.2884 204.3054 3.8456 118.8438 123.4281 182.7987 169.8388;
	2.1269 28.7393 39.1951 39.164 15.2102 20.671 5.9044 0.8431 11.3201 11.6 21.4425 31.988 48.1577 0.0042 168.7316 63.5687 78.8722 83.581 68.0784 10.6204 1.9681 48.2323 47.9924 25.0147 14.7936 35.1109 0.9892 205.0743 197.2482 197.2482 58.7215 4.6239 226.9279 27.3369 0.0132 84.1592 202.324 25.5968 214.7 39.6256 2.9873 229.3104 97.3591 139.616 204.4315;
	2.2975 31.0446 35.1047 57.5368 10.1827 10.7217 4.4364 0.1635 17.4123 22.6396 41.849 62.4305 93.9888 2.5406 90.0236 33.9159 42.0808 44.5931 42.9533 44.0772 1.4788 25.0174 33.329 22.2534 19.7256 16.8116 1.5303 270.5641 236.0706 236.0706 101.5059 8.0544 143.1776 113.4548 7.9652 100.7235 261.9354 41.2029 214.1031 52.8365 7.5259 118.9399 88.2433 110.9407 264.6639;
	3.2269 43.6022 88.6459 80.5285 14.5497 6.784 0.1159 0.5543 1.1394 14.605 26.997 40.2743 60.6327 0.0 28.738 10.8269 13.4333 14.2353 19.932 45.9277 0.0386 15.8294 48.9589 47.4908 55.4598 2.7243 1.7884 353.8919 250.5161 250.5161 164.248 11.153 66.4401 118.218 0.0 106.8869 288.8032 46.6586 33.0081 148.553 3.0918 75.2574 32.0103 188.6359 291.8116;
	3.341 45.1444 10.1279 20.2929 14.9995 6.6454 1.8339 0.8789 6.9206 9.1224 16.8626 25.1557 37.8717 1.4931 103.7352 39.0816 48.4902 51.3851 38.2012 62.97 0.6113 15.5059 23.4702 30.8557 16.5434 1.0844 4.1254 364.9881 334.5334 334.5334 164.7064 23.5223 127.3372 162.085 4.6812 142.7343 412.1914 75.3877 91.4812 44.3127 11.7888 73.7197 147.9474 218.7192 416.4851;
	2.5994 35.1239 11.9622 0.989 14.6101 19.2344 4.9902 0.6173 7.5178 1.2579 2.3252 3.4687 5.2221 0.017 24.6193 9.2752 11.5081 12.1951 41.8164 12.1911 1.6634 44.8803 14.3544 45.3346 23.4471 1.2825 3.4224 541.5452 440.0741 440.0741 288.9623 31.7631 139.3879 31.38 0.0534 187.765 498.8871 96.2476 97.2501 62.8048 24.8423 213.3737 119.3103 217.5308 504.0839;
	2.9173 39.4186 85.0809 0.6018 14.3782 24.6842 4.244 0.1418 2.2073 6.5375 12.0845 18.0277 27.1407 6.4161 33.0431 12.4488 15.4457 16.3678 82.3659 44.2309 1.4147 57.5965 1.604 4.0816 5.7229 61.2092 0.2141 760.0596 427.2693 427.2693 339.8611 40.7304 274.5531 113.8503 20.1152 182.3016 587.0178 78.1888 21.0326 15.3292 28.1133 273.8303 115.3347 197.5622 593.1325;
	2.9445 39.7871 11.0927 2.2675 14.6425 8.4133 18.7335 2.8897 25.9381 19.9785 36.9299 55.0922 82.941 16.7978 16.0252 6.0374 7.4909 7.9381 64.5741 22.2918 6.2445 19.631 46.5115 1.4189 13.287 55.195 5.4205 780.9076 427.1502 427.1502 337.8177 43.2286 215.2468 57.3793 52.6634 182.2507 586.0965 83.6696 29.5002 35.5901 65.0529 93.3312 115.7543 169.9078 592.2017;
