function windprofile = ex_wind_profilesh1
%EX_WIND_PROFILE_D  Example wind_load_nyiso profile data for deterministic unit commitment.
% 2022.03.12
% Andres F. Ramirez


%% define constants
[GEN_BUS, PG, QG, QMAX, QMIN, VG, MBASE, GEN_STATUS, PMAX, PMIN, ...
    MU_PMAX, MU_PMIN, MU_QMAX, MU_QMIN, PC1, PC2, QC1MIN, QC1MAX, ...
    QC2MIN, QC2MAX, RAMP_AGC, RAMP_10, RAMP_30, RAMP_Q, APF] = idx_gen;
[CT_LABEL, CT_PROB, CT_TABLE, CT_TBUS, CT_TGEN, CT_TBRCH, CT_TAREABUS, ...
    CT_TAREAGEN, CT_TAREABRCH, CT_ROW, CT_COL, CT_CHGTYPE, CT_REP, ...
    CT_REL, CT_ADD, CT_NEWVAL, CT_TLOAD, CT_TAREALOAD, CT_LOAD_ALL_PQ, ...
    CT_LOAD_FIX_PQ, CT_LOAD_DIS_PQ, CT_LOAD_ALL_P, CT_LOAD_FIX_P, ...
    CT_LOAD_DIS_P, CT_TGENCOST, CT_TAREAGENCOST, CT_MODCOST_F, ...
    CT_MODCOST_X] = idx_ct;

windprofile = struct( ...
    'type', 'mpcData', ...
    'table', CT_TGEN, ...
    'rows', [1:45], ...
    'col', PMAX, ...
    'chgtype', 1, ...
    'values', [] );
windprofile.values(:,1,:) = [
	0.8096 10.9393 54.9943 63.7433 6.3573 0.0021 4.8679 8.1276 0.09 16.2223 29.9867 44.7343 67.3473 0.1036 141.2808 53.2267 66.0405 69.9833 79.1122 68.2341 1.6226 0.0049 62.9792 66.2075 45.8036 48.063 4.401 226.7925 338.6087 338.6087 216.973 44.2021 263.7073 175.6348 0.3248 144.473 400.1671 79.478 43.3702 122.6883 51.5087 0.0233 18.7616 63.9435 404.3355;
	0.5415 7.3171 51.7529 61.7112 6.1044 3.1988 3.2608 10.5628 1.7718 11.2531 20.8012 31.0314 46.7175 0.0 110.6321 41.68 51.7141 54.8015 76.5576 68.5344 1.0869 7.4639 33.6412 66.6613 50.6103 46.8776 6.5156 104.8724 220.558 220.558 152.1962 28.2084 255.1921 176.4077 0.0 94.1047 299.5742 85.4084 16.5198 135.5633 68.2279 35.4856 68.1465 82.9392 302.6947;
	0.3973 5.3682 61.4348 66.2332 5.381 6.8253 1.172 10.6195 3.5241 9.7703 18.0603 26.9424 40.5616 0.0 81.2828 30.6228 37.995 40.2633 68.87 67.5921 0.3907 15.9258 28.8093 70.2967 54.6475 53.4469 6.6428 13.1847 2.8777 2.8777 8.1522 14.9259 229.5667 173.9822 0.0 1.2278 150.2764 0.001 7.0148 146.3772 64.1378 75.7159 86.1961 97.0225 151.8418;
	0.4373 5.9089 71.2507 72.2278 7.7259 1.5805 0.4592 13.646 0.8761 12.4896 23.0869 34.4411 51.8508 0.0 81.9345 30.8684 38.2996 40.5862 48.9745 62.8787 0.1531 3.6877 48.7247 81.5565 66.3889 69.2255 8.0138 11.8973 6.9322 6.9322 46.3664 17.1872 163.2485 161.8499 0.0 2.9577 0.5633 0.3482 5.1227 177.8273 60.9034 17.5325 53.4824 142.3904 0.5692;
	0.4917 6.6438 80.326 64.8219 8.9268 4.2201 0.8227 12.6735 0.0338 3.8597 7.1346 10.6434 16.0236 0.0 103.9006 39.144 48.5675 51.467 59.3966 61.7496 0.2742 9.847 40.6404 76.5984 74.6006 67.7935 8.264 23.9481 3.2593 3.2593 19.7283 10.7804 197.9888 158.9436 0.0 1.3906 2.6984 2.262 11.7043 199.8231 66.4117 46.8153 49.6135 147.6863 2.7265;
	0.5375 7.2629 77.7296 56.4555 9.7241 4.5455 11.4979 11.137 2.9377 1.0776 1.9919 2.9716 4.4737 0.0028 124.9616 47.0785 58.4123 61.8996 84.6518 64.4943 3.8326 10.6062 6.7393 72.1608 49.6971 65.605 7.6279 128.9957 25.452 25.452 62.0765 12.2019 282.1727 166.0085 0.0087 10.8595 49.2676 5.3725 108.554 133.1173 50.4637 50.4251 27.1116 135.897 49.7808;
	0.5375 7.2635 55.3921 36.7275 9.825 3.3645 4.2538 6.1242 2.777 5.1397 9.5007 14.1732 21.3376 0.0103 111.5723 42.0342 52.1536 55.2672 69.0129 65.9389 1.4179 7.8504 18.5074 52.3102 32.177 60.2322 4.2228 171.0766 20.177 20.177 56.698 6.6925 230.0429 169.727 0.0322 8.6089 56.2877 7.0025 88.7653 86.1883 25.433 37.3233 33.6481 132.4764 56.874;
	0.6206 8.3851 30.9867 25.8221 4.323 3.4388 4.7293 5.5852 3.9757 3.9746 7.347 10.9602 16.5006 1.4868 56.3296 21.2218 26.3308 27.9028 20.8573 43.3612 1.5764 8.0239 9.8948 29.306 29.1584 58.7214 4.1598 24.052 22.6847 22.6847 71.8749 18.3979 69.5243 111.6118 4.6613 9.6788 24.0817 5.7929 108.7654 78.1028 5.8658 38.148 23.7423 103.2102 24.3326;
	0.5865 7.9243 27.1995 22.3922 4.1769 3.8261 2.8612 4.2496 2.2365 1.4896 2.7535 4.1076 6.184 1.8893 8.1087 3.0549 3.7903 4.0166 8.8016 11.6401 0.9537 8.9275 4.8484 29.6713 26.8654 51.5896 3.0638 18.0797 10.4425 10.4425 23.4317 8.3146 29.3385 29.9617 5.9233 4.4555 13.3764 1.1472 35.0297 71.9608 0.0055 42.4439 42.1541 83.4436 13.5157;
	0.5822 7.8673 33.4048 27.2809 8.6988 18.3045 3.4483 4.4517 6.9203 0.3869 0.7153 1.067 1.6064 0.4356 4.836 1.8219 2.2605 2.3955 0.4724 7.5444 1.1494 42.7105 6.4006 35.2045 32.6696 48.6668 2.7824 34.0515 37.276 37.276 97.0395 8.3701 1.5745 19.4192 1.3656 15.9044 21.9043 17.958 82.4609 87.508 0.3772 203.058 53.5198 102.0677 22.1325;
	0.8985 12.1404 47.5608 8.5854 12.0888 4.644 7.625 3.4175 15.2368 0.0351 0.0648 0.0967 0.1455 2.5039 0.1812 0.0683 0.0847 0.0898 0.2361 5.3756 2.5417 10.8361 26.2714 38.3272 49.4857 48.7681 1.1562 60.3787 63.4209 63.4209 100.0437 21.2511 0.7869 13.8369 7.8501 27.0596 59.3548 26.3331 152.5926 132.5511 0.0247 51.5178 21.9238 109.4399 59.973;
	1.7733 23.9615 67.0754 2.9528 14.1862 7.8056 9.3935 0.1668 16.5958 0.7233 1.337 1.9946 3.0028 35.2078 0.007 0.0026 0.0033 0.0035 0.1856 5.0657 3.1312 18.2131 48.3637 55.1973 45.6976 47.2094 0.1906 181.5796 107.1297 107.1297 97.2272 8.3155 0.6185 13.039 110.3812 45.7087 134.0195 2.9452 221.1601 122.4044 0.3276 86.5905 17.3647 138.0577 135.4155;
	2.401 32.4433 84.3682 0.5613 14.5512 14.0288 10.4879 0.9902 15.0125 21.8512 40.3917 60.2564 90.7157 26.7426 0.0 0.0 0.0 0.0 0.0 6.5136 3.496 32.7338 26.3675 63.8918 75.5313 52.1052 0.6882 236.7326 145.3493 145.3493 46.2462 7.5358 0.0 16.766 83.8416 62.0157 166.4383 4.1822 239.3574 202.316 0.0055 155.6259 112.3476 171.6956 168.172;
	1.8966 25.6276 39.0757 3.3522 14.2622 20.1415 2.453 2.9326 4.1452 0.0 0.0 0.0 0.0 10.7426 0.02 0.0075 0.0093 0.0099 0.0 8.205 0.8177 46.9969 38.2275 3.077 79.9087 31.9992 1.5693 219.6116 190.3822 190.3822 45.0123 18.179 0.0 21.1197 33.6796 81.2297 180.668 14.2556 54.9017 214.0411 0.0095 223.4368 82.8885 142.3301 182.55;
	2.1559 29.1304 33.1448 1.5661 7.8401 1.7108 0.0632 2.7108 0.1518 0.0 0.0 0.0 0.0 11.3819 1.0419 0.3925 0.487 0.5161 0.0 3.362 0.0211 3.9919 1.1806 1.8572 70.1821 6.42 1.5958 281.0997 238.4782 238.4782 102.1629 10.012 0.0 8.6538 35.6836 101.7507 233.0182 28.7898 3.7262 187.9877 0.064 18.9789 72.7581 106.9002 235.4455;
	3.1038 41.9393 86.2478 6.9195 12.8266 1.9972 7.9595 2.8415 1.0689 0.8629 1.595 2.3795 3.5823 10.1096 17.1741 6.4702 8.0279 8.5072 0.0 20.7409 2.6532 4.6601 43.8316 0.1064 51.2186 15.6075 2.891 429.7466 287.4118 287.4118 207.5942 14.9334 0.0 53.3872 31.6948 122.629 314.6237 49.3497 76.6681 137.1928 0.8464 22.1553 5.169 180.4053 317.901;
	3.3754 45.6094 8.2316 10.8211 13.4446 0.3988 10.2333 1.0749 16.0545 6.7031 12.3905 18.4842 27.8279 1.0229 51.9452 19.5701 24.2814 25.731 0.0002 18.0595 3.4111 0.9305 0.9647 0.4289 16.5356 14.4802 0.8083 404.0423 387.492 387.492 218.4097 29.0188 0.0007 46.4852 3.207 165.3299 439.5812 79.9048 133.5747 44.2918 2.9663 4.4239 136.7766 213.2367 444.1601;
	2.7094 36.6099 3.5574 0.0302 13.2469 19.1745 8.461 1.0468 4.1318 0.588 1.087 1.6215 2.4412 0.3032 41.8011 15.7483 19.5396 20.7061 0.0 4.4042 2.8203 44.7404 11.8835 0.0 7.9345 4.3396 0.521 597.7121 494.7098 494.7098 366.6109 38.6177 0.0 11.3363 0.9507 211.0762 555.053 105.6849 92.2508 21.2532 1.409 212.7088 116.029 208.6113 560.8348;
	3.4161 46.1589 87.0529 14.2086 14.7282 27.9947 21.1773 7.1923 8.2408 8.2613 15.2709 22.7812 34.2969 7.0234 26.5244 9.9929 12.3986 13.1388 0.0 38.6953 7.0591 65.321 24.2876 0.2784 35.9974 66.3027 1.3613 863.7779 462.853 462.853 401.96 47.9955 0.0 99.6017 22.0193 197.4839 644.6527 83.4677 209.4604 96.4215 1.511 310.5546 122.1027 215.0992 651.3679;
	3.0722 41.5119 11.3664 4.5649 14.4528 10.0365 20.429 3.144 26.233 20.8566 38.5531 57.5137 86.5865 3.9959 3.6415 1.3719 1.7022 1.8038 0.0 18.3309 6.8097 23.4186 45.4723 0.0 14.8805 57.842 0.4633 792.1239 428.3747 428.3747 348.2717 41.7398 0.0 47.1838 12.5277 182.7732 564.0085 79.3959 106.1814 39.8584 0.3758 111.3387 110.9988 186.3427 569.8836;
