function loadprofile = ex_load_profilesh1
%EX_LOAD_PROFILE  Example load profile data file for stochastic unit commitment.
% 2022.03.12
% Andres F. Ramirez

%% define constants
[CT_LABEL, CT_PROB, CT_TABLE, CT_TBUS, CT_TGEN, CT_TBRCH, CT_TAREABUS, ...
    CT_TAREAGEN, CT_TAREABRCH, CT_ROW, CT_COL, CT_CHGTYPE, CT_REP, ...
    CT_REL, CT_ADD, CT_NEWVAL, CT_TLOAD, CT_TAREALOAD, CT_LOAD_ALL_PQ, ...
    CT_LOAD_FIX_PQ, CT_LOAD_DIS_PQ, CT_LOAD_ALL_P, CT_LOAD_FIX_P, ...
    CT_LOAD_DIS_P, CT_TGENCOST, CT_TAREAGENCOST, CT_MODCOST_F, ...
    CT_MODCOST_X] = idx_ct;

loadprofile = struct( ...
    'type', 'mpcData', ...
    'table', CT_TAREALOAD, ...
    'rows', [1:11], ...
    'col', CT_LOAD_ALL_P, ...
    'chgtype', 1, ...
    'values', [] );
loadprofile.values(:,1,:) = [
	1561.1 998.7594 1714.3698 595.2155 937.145 1239.0966 976.4416 274.5013 522.9773 4670.8834 1813.8811;
	1527.9317 996.9537 1712.9472 589.0025 953.3786 1230.5472 995.3531 277.8 535.239 4629.9338 1816.0089;
	1512.6443 1018.0698 1728.5718 585.5 949.3944 1263.0207 1024.0495 292.5029 544.5248 4668.7404 1884.2;
	1580.7361 1067.1 1826.22 590.1535 985.6706 1321.2057 1040.546 301.7062 575.0857 4854.8477 1976.5374;
	1750.9726 1205.5 2027.0348 617.1706 1100.5142 1482.6759 1149.1559 342.8 663.6285 5390.6918 2210.5941;
	1855.0352 1254.6505 2093.6113 626.4565 1131.907 1526.0198 1216.9996 371.2359 725.1371 5900.2952 2338.1374;
	1889.7002 1260.3534 2115.1617 599.6319 1128.5311 1503.1 1210.0899 377.8303 730.677 6187.4113 2333.8479;
	1858.3953 1251.2214 2091.4094 584.8986 1102.3984 1515.6 1228.2604 390.3121 742.0251 6393.218 2295.1466;
	1881.0763 1252.0908 2065.9322 578.4503 1075.8795 1552.0417 1252.5951 391.2244 724.9637 6551.5085 2346.7706;
	1923.2834 1265.1917 2060.4899 580.044 1055.7793 1518.6055 1236.4303 405.7731 714.7937 6597.8588 2464.2198;
	1871.3415 1237.0435 2017.7806 572.6758 1031.4146 1526.0742 1295.412 393.1258 744.4779 6718.7082 2514.3013;
	1863.1458 1233.8453 1995.3478 585.2014 1013.7758 1498.7075 1193.4955 385.0083 696.6284 6585.7882 2302.1188;
	1856.5946 1220.5499 1990.0878 586.5249 1024.9424 1489.4804 1265.6653 394.7026 697.8 6761.9221 2483.1318;
	1806.0776 1197.6038 2000.6852 584.7541 1021.1645 1460.026 1258.1935 409.3164 679.5 6669.5506 2533.9462;
	1774.8 1191.623 1938.7568 574.3 1047.692 1441.3971 1186.545 394.2443 679.6977 6480.2376 2533.8436;
	1800.8427 1189.5424 1975.8429 589.4052 1064.952 1445.794 1220.7768 402.4675 693.4 6433.8979 2522.2248;
	1742.3251 1181.0187 2050.7819 596.9016 1083.4761 1485.9691 1206.0229 404.2273 707.0511 6411.687 2665.3;
	1777.5625 1199.1812 2094.9555 600.9495 1138.3041 1516.1 1249.426 426.7049 748.3095 6305.6715 2686.8348;
	1859.9449 1234.9095 2119.5907 608.1708 1109.0738 1506.9974 1266.7318 408.6798 731.5087 6258.8269 2589.7647;
	1741.2239 1148.0996 2036.796 592.0125 1065.1488 1463.22 1206.8243 414.5435 710.0 6077.9351 2526.4018;
	1669.3435 1066.6139 1912.9667 583.1 995.757 1407.2271 1136.524 394.1784 646.7121 5758.8186 2250.9419;
	1548.0693 1000.7325 1846.1607 579.5713 963.257 1314.1114 1074.0395 337.3768 591.3 5349.6995 2031.9918;
	1553.4 1007.0619 1881.6391 560.5456 932.2383 1249.2074 1021.0614 304.1213 552.2484 4908.6511 1880.5617;
	1496.1058 941.4249 1736.0153 564.7769 900.9885 1219.5374 960.7316 281.7 523.8075 4810.4675 1913.1694;
];
