function solarprofile = ex_solar_profilesh1
%EX_WIND_PROFILE_D  Example wind_load_nyiso profile data for deterministic unit commitment.
% 2022.03.12
% Andres F. Ramirez


%% define constants
[GEN_BUS, PG, QG, QMAX, QMIN, VG, MBASE, GEN_STATUS, PMAX, PMIN, ...
    MU_PMAX, MU_PMIN, MU_QMAX, MU_QMIN, PC1, PC2, QC1MIN, QC1MAX, ...
    QC2MIN, QC2MAX, RAMP_AGC, RAMP_10, RAMP_30, RAMP_Q, APF] = idx_gen;
[CT_LABEL, CT_PROB, CT_TABLE, CT_TBUS, CT_TGEN, CT_TBRCH, CT_TAREABUS, ...
    CT_TAREAGEN, CT_TAREABRCH, CT_ROW, CT_COL, CT_CHGTYPE, CT_REP, ...
    CT_REL, CT_ADD, CT_NEWVAL, CT_TLOAD, CT_TAREALOAD, CT_LOAD_ALL_PQ, ...
    CT_LOAD_FIX_PQ, CT_LOAD_DIS_PQ, CT_LOAD_ALL_P, CT_LOAD_FIX_P, ...
    CT_LOAD_DIS_P, CT_TGENCOST, CT_TAREAGENCOST, CT_MODCOST_F, ...
    CT_MODCOST_X] = idx_ct;

solarprofile = struct( ...
    'type', 'mpcData', ...
    'table', CT_TGEN, ...
    'rows', [1:12], ...
    'col', PMAX, ...
    'chgtype', 1, ...
    'values', [] );
solarprofile.values(:,1,:) = [
	0.0 0.0 0.0 0.0 0.0 0.0 0.0 0.0 0.0 0.0 0.0 0.0;
	0.0 0.0 0.0 0.0 0.0 0.0 0.0 0.0 0.0 0.0 0.0 0.0;
	0.0 0.0 0.0 0.0 0.0 0.0 0.0 0.0 0.0 0.0 0.0 0.0;
	0.0 0.0 0.0 0.0 0.0 0.0 0.0 0.0 0.0 0.0 0.0 0.0;
	0.0 0.0 0.0 0.0 0.0 0.0 0.0 0.0 0.0 0.0 0.0 0.0;
	0.4731 0.4018 0.429 0.0 0.0 0.0028 0.0003 0.2 0.0 0.0 0.0 0.0;
	6.6729 6.7549 5.7952 3.2577 4.5163 263.4867 32.9358 47.2386 139.9846 30.7634 21.9579 55.7127;
	14.0353 12.4882 10.1275 6.7193 9.8214 409.3021 51.1628 71.4217 226.3213 126.8148 29.4886 229.6623;
	18.1182 16.3609 13.1714 9.2285 11.8084 416.8461 52.1058 73.5365 245.1725 189.3309 41.7348 342.8793;
	14.8452 14.9239 11.6834 8.3024 12.8955 243.0613 30.3827 50.6716 189.2589 100.9766 45.2327 182.8692;
	19.4492 15.9407 13.045 8.6463 11.3337 300.6648 37.5831 46.4026 192.5233 71.806 37.2799 130.0411;
	23.023 16.3913 13.7294 7.507 9.6086 319.5767 39.9471 43.9705 188.8379 40.064 22.7813 72.5562;
	13.0696 11.1181 9.6283 3.7679 7.4199 169.4208 21.1776 16.5128 130.1146 26.2709 10.4226 47.5768;
	9.796 9.5875 8.4367 2.5545 7.2825 133.4027 16.6753 19.5334 132.3335 29.2339 7.0908 52.9428;
	6.0802 5.9926 5.6325 2.1941 7.5024 105.6187 13.2023 21.2963 133.9889 30.0039 5.8855 54.3372;
	1.8127 0.8102 1.4414 1.0521 3.6691 31.3793 3.9224 14.7813 57.4092 10.6556 0.3334 19.2974;
	0.4674 0.3145 0.3604 0.3698 1.0321 14.3807 1.7976 4.2669 4.1303 6.7996 3.1262 12.3141;
	0.0 0.0 0.0 0.0 0.0 0.0 0.0 0.0 0.0 0.0 0.0 0.0;
	0.0 0.0 0.0 0.0 0.0 0.0 0.0 0.0 0.0 0.0 0.0 0.0;
	0.0 0.0 0.0 0.0 0.0 0.0 0.0 0.0 0.0 0.0 0.0 0.0;
	0.0 0.0 0.0 0.0 0.0 0.0 0.0 0.0 0.0 0.0 0.0 0.0;
	0.0 0.0 0.0 0.0 0.0 0.0 0.0 0.0 0.0 0.0 0.0 0.0;
	0.0 0.0 0.0 0.0 0.0 0.0 0.0 0.0 0.0 0.0 0.0 0.0;
	0.0 0.0 0.0 0.0 0.0 0.0 0.0 0.0 0.0 0.0 0.0 0.0;
];
