function windprofile = ex_wind_profilesh1
%EX_WIND_PROFILE_D  Example wind_load_nyiso profile data for deterministic unit commitment.
% 2022.03.12
% Andres F. Ramirez


%% define constants
[GEN_BUS, PG, QG, QMAX, QMIN, VG, MBASE, GEN_STATUS, PMAX, PMIN, ...
    MU_PMAX, MU_PMIN, MU_QMAX, MU_QMIN, PC1, PC2, QC1MIN, QC1MAX, ...
    QC2MIN, QC2MAX, RAMP_AGC, RAMP_10, RAMP_30, RAMP_Q, APF] = idx_gen;
[CT_LABEL, CT_PROB, CT_TABLE, CT_TBUS, CT_TGEN, CT_TBRCH, CT_TAREABUS, ...
    CT_TAREAGEN, CT_TAREABRCH, CT_ROW, CT_COL, CT_CHGTYPE, CT_REP, ...
    CT_REL, CT_ADD, CT_NEWVAL, CT_TLOAD, CT_TAREALOAD, CT_LOAD_ALL_PQ, ...
    CT_LOAD_FIX_PQ, CT_LOAD_DIS_PQ, CT_LOAD_ALL_P, CT_LOAD_FIX_P, ...
    CT_LOAD_DIS_P, CT_TGENCOST, CT_TAREAGENCOST, CT_MODCOST_F, ...
    CT_MODCOST_X] = idx_ct;

windprofile = struct( ...
    'type', 'mpcData', ...
    'table', CT_TGEN, ...
    'rows', [1:45], ...
    'col', PMAX, ...
    'chgtype', 1, ...
    'values', [] );
windprofile.values(:,1,:) = [
	0.7074 9.559 54.5192 62.1669 7.5672 0.2428 15.6227 7.9556 5.5981 19.3395 35.7489 53.3303 80.2884 6.4102 153.0281 57.6525 71.5317 75.8023 74.1703 71.9041 5.2076 0.5664 72.0072 75.6914 49.6397 39.2725 4.2701 192.49 328.8774 328.8774 224.3143 40.1192 247.2344 185.0813 20.0968 140.321 393.342 80.3441 300.9996 132.9635 59.5932 2.6931 0.0232 47.4161 397.4394;
	0.4848 6.5508 52.7012 64.3615 7.5622 0.6117 9.6737 10.773 1.3546 12.1327 22.4271 33.4569 50.3691 1.2293 134.1168 50.5277 62.6918 66.4346 69.8707 72.5031 3.2246 1.4274 38.953 73.4901 54.1832 42.1193 6.2085 60.9622 212.6494 212.6494 138.2543 24.4476 232.9022 186.6231 3.8539 90.7304 281.5987 79.2116 251.5187 145.1337 78.8392 6.7862 0.1091 71.1684 284.532;
	0.3388 4.5784 58.9721 62.1272 6.8732 0.0826 7.0029 10.2416 7.1829 9.8632 18.2319 27.1985 40.9472 0.0 92.1943 34.7337 43.0955 45.6683 62.2439 67.7126 2.3343 0.1927 30.6256 80.4796 54.2386 46.8979 6.1982 9.1688 131.1667 131.1667 45.9597 12.8408 207.4797 174.2923 0.0 55.9645 174.059 1.1146 181.4008 145.2819 72.7217 0.916 0.012 88.791 175.8721;
	0.3743 5.0571 63.9171 62.2331 8.1495 0.0 0.8589 12.6929 0.0 12.7181 23.5091 35.071 52.7992 0.0237 92.2716 34.7628 43.1316 45.7066 43.4479 66.5666 0.2863 0.0 50.4894 81.1394 55.5844 61.2965 7.3435 0.1295 37.3993 37.3993 75.78 18.8451 144.8263 171.3425 0.0742 15.957 5.8536 2.8734 3.4808 148.8867 59.5449 0.0 0.0 128.2098 5.9146;
	0.4991 6.7438 75.0883 66.9209 10.4183 0.2136 1.1988 12.8912 0.6003 14.5971 26.9825 40.2526 60.6 0.4242 123.1336 46.3899 57.5578 60.9941 57.0747 67.5468 0.3996 0.4984 46.0555 82.6313 75.7055 59.6425 8.2341 14.7093 39.5997 39.5997 18.5391 9.801 190.249 173.8656 1.3299 16.8959 4.3779 1.808 4.005 202.7825 62.6736 2.3695 0.1804 138.2052 4.4235;
	0.536 7.2422 75.8036 58.7212 10.1157 4.0269 2.3899 12.6875 7.0907 8.9378 16.5214 24.6466 37.1054 4.6468 145.0853 54.6601 67.819 71.8679 85.6561 67.9199 0.7966 9.396 34.0977 82.0069 56.6843 61.1309 7.9334 36.7049 80.2507 80.2507 35.2792 9.2951 285.5202 174.826 14.5683 34.2403 35.939 6.1168 140.9375 151.833 51.2164 44.6714 24.6271 128.0952 36.3133;
	0.5744 7.7613 58.5456 41.4602 10.0562 3.5256 4.5243 8.1168 3.5957 7.1757 13.2641 19.7874 29.7899 10.5143 133.9707 50.4727 62.6235 66.3622 70.6928 70.2341 1.5081 8.2264 22.3487 61.8391 37.8879 57.7924 4.3021 35.9523 233.5852 233.5852 268.667 3.4349 235.6426 180.7827 32.9637 99.663 83.3661 26.5149 291.7032 101.4854 27.4692 39.1107 36.7603 132.5357 84.2345;
	0.5314 7.1807 32.3045 26.3142 3.8007 3.0034 4.9587 6.8249 2.1777 1.6119 2.9796 4.445 6.692 12.4122 70.8894 26.7072 33.1367 35.115 25.0011 47.9862 1.6529 7.008 4.8448 38.4586 34.3923 54.5324 4.3391 66.1433 69.509 69.509 244.1743 5.3804 83.3369 123.5165 38.914 29.6572 62.5087 31.823 92.729 92.1223 9.7052 33.318 1.2249 96.1229 63.1599;
	0.6143 8.3001 29.1077 26.0365 4.2019 4.6187 0.8879 5.4497 5.6401 0.3873 0.716 1.0681 1.608 2.4516 17.831 6.7177 8.3349 8.8326 54.8437 17.6467 0.296 10.7769 3.4575 38.7505 30.406 47.9839 4.2861 6.4515 5.8971 5.8971 10.6045 0.0 182.8124 45.4228 7.6861 2.5161 5.4999 0.3484 35.6983 81.4446 0.7417 51.2367 0.0104 77.7184 5.5572;
	0.5997 8.1037 26.4607 22.2218 7.8124 4.3707 0.0 4.331 12.2351 1.9978 3.6929 5.509 8.2938 0.0762 9.9784 3.7593 4.6643 4.9428 29.5866 14.0668 0.0 10.1983 9.1995 10.1345 27.658 38.466 3.3005 29.766 34.0911 34.0911 36.9682 1.3583 98.6219 36.208 0.239 14.5455 6.3716 7.9634 15.7393 74.0839 0.0 48.4858 47.1165 87.4096 6.4379;
	0.914 12.3505 40.6547 10.664 11.1865 5.7843 0.1921 3.8261 14.1376 11.007 20.3463 30.3526 45.6957 0.0 5.2571 1.9806 2.4574 2.6041 25.1348 11.5569 0.064 13.4966 31.5725 36.6219 46.2446 47.8305 1.4041 40.1222 71.8196 71.8196 44.9907 0.6998 83.7827 29.7474 0.0 30.643 49.6454 4.833 5.2522 123.8695 0.4981 64.1669 0.3908 97.9617 50.1626;
	1.6911 22.8506 62.9987 17.276 13.1798 9.1457 0.8632 2.8812 25.5194 12.7059 23.4866 35.0374 52.7487 1.1802 116.2199 43.7852 54.3261 57.5694 83.0788 11.396 0.2877 21.3399 54.4168 56.154 50.6229 51.4873 4.482 82.9641 102.0439 102.0439 35.9327 2.3714 276.9294 29.3334 3.7001 43.5387 106.872 6.5925 41.23 135.5972 2.7469 101.4561 2.7896 136.0117 107.9853;
	2.3498 31.7505 81.3318 16.7455 14.0576 6.4133 4.8536 2.5164 11.9283 25.0434 46.2923 69.059 103.9679 9.1368 19.0038 7.1596 8.8832 9.4135 66.528 9.6895 1.6179 14.9643 34.0226 65.9675 73.2989 52.8415 3.4813 206.5435 171.9734 171.9734 33.1815 3.0768 221.7601 24.9407 28.6451 73.3753 175.8915 14.4823 43.8935 196.3365 1.1409 71.1445 107.759 168.1218 177.7237;
	1.8144 24.5161 0.554 8.1117 12.3596 19.5291 0.9551 0.9317 0.3982 0.0321 0.0593 0.0885 0.1333 9.2042 19.5764 7.3753 9.1508 9.6972 29.6302 6.2451 0.3184 45.568 39.0172 1.2233 12.905 33.3896 1.3034 144.4493 208.2467 208.2467 7.6826 3.7474 98.7675 16.0749 28.8566 88.8519 171.5908 8.5985 17.8933 34.567 5.2127 216.6432 80.9409 130.3171 173.3782;
	1.8218 24.6163 0.0 0.1013 6.3024 0.0 0.0 0.0 0.0 0.3681 0.6803 1.0149 1.528 4.739 13.2345 4.986 6.1864 6.5557 38.878 1.1352 0.0 0.0 27.3418 0.0 2.1198 0.0 0.0 209.7437 256.2839 256.2839 87.7657 4.3789 129.5932 2.9221 14.8576 109.3478 228.2011 16.269 0.0 5.6779 2.4618 0.0 69.1999 94.7599 230.5782;
	3.0468 41.1692 81.9107 0.0 12.7393 0.0652 0.6612 0.597 4.5097 3.8821 7.176 10.7052 16.1167 22.5119 117.2091 44.1579 54.7885 58.0594 76.0875 2.7646 0.2204 0.1522 45.2892 0.4447 11.7927 1.8861 0.8081 325.6162 291.5567 291.5567 179.0126 10.3114 253.6249 7.116 70.5779 124.3975 296.0978 45.2454 38.5735 31.5876 1.9096 0.7234 0.0033 176.8844 299.1822;
	3.4382 46.4577 4.5597 0.0 13.8229 0.6946 5.3203 0.1216 14.8034 4.9852 9.215 13.747 20.696 36.0859 60.2329 22.6924 28.1554 29.8363 42.1912 0.2694 1.7734 1.6207 1.0961 0.9486 3.7488 0.379 0.287 368.0186 414.2408 414.2408 203.5936 21.529 140.6375 0.6933 113.1343 176.7427 466.9681 81.2982 56.53 10.0414 2.7021 7.7053 134.6291 220.6779 471.8323;
	2.8497 38.5051 5.8486 3.744 14.0966 18.0088 4.1492 1.665 10.7693 10.0369 18.5531 27.6776 41.6685 4.268 26.5126 9.9885 12.3931 13.133 13.5893 0.0361 1.3831 42.0205 16.1154 0.1803 8.1588 0.0 0.947 503.4455 504.4251 504.4251 338.9275 28.7016 45.2978 0.0929 13.3808 215.2214 540.0815 99.9409 33.6504 21.854 1.9517 199.7773 107.7707 234.1499 545.7074;
	3.1115 42.0434 83.8489 1.7135 14.1318 24.3591 9.7199 0.2635 7.4926 8.9957 16.6284 24.8063 37.3458 8.4935 117.4504 44.2488 54.9012 58.1789 73.8013 37.1691 3.24 56.8379 32.4624 0.9376 8.5981 50.447 0.005 742.9323 475.569 475.569 387.0726 44.0466 246.0042 95.6733 26.6282 202.9094 620.0286 82.4617 131.6478 23.0306 2.835 270.2235 111.2328 211.2259 626.4872;
	3.0221 40.8356 0.1217 0.0827 13.3792 0.0 18.7965 0.0052 26.8114 23.4057 43.265 64.5429 97.169 15.3463 45.0479 16.9715 21.0573 22.3144 28.4244 16.8339 6.2655 0.0 63.9465 0.3469 0.2224 28.0653 0.0 727.0487 447.7002 447.7002 358.739 41.6496 94.7479 43.3306 48.1127 191.0188 548.9759 76.2316 185.3418 0.5958 0.0 0.0 100.6552 175.1956 554.6944;
