function solarprofile = ex_solar_profilesh1
%EX_WIND_PROFILE_D  Example wind_load_nyiso profile data for deterministic unit commitment.
% 2022.03.12
% Andres F. Ramirez


%% define constants
[GEN_BUS, PG, QG, QMAX, QMIN, VG, MBASE, GEN_STATUS, PMAX, PMIN, ...
    MU_PMAX, MU_PMIN, MU_QMAX, MU_QMIN, PC1, PC2, QC1MIN, QC1MAX, ...
    QC2MIN, QC2MAX, RAMP_AGC, RAMP_10, RAMP_30, RAMP_Q, APF] = idx_gen;
[CT_LABEL, CT_PROB, CT_TABLE, CT_TBUS, CT_TGEN, CT_TBRCH, CT_TAREABUS, ...
    CT_TAREAGEN, CT_TAREABRCH, CT_ROW, CT_COL, CT_CHGTYPE, CT_REP, ...
    CT_REL, CT_ADD, CT_NEWVAL, CT_TLOAD, CT_TAREALOAD, CT_LOAD_ALL_PQ, ...
    CT_LOAD_FIX_PQ, CT_LOAD_DIS_PQ, CT_LOAD_ALL_P, CT_LOAD_FIX_P, ...
    CT_LOAD_DIS_P, CT_TGENCOST, CT_TAREAGENCOST, CT_MODCOST_F, ...
    CT_MODCOST_X] = idx_ct;

solarprofile = struct( ...
    'type', 'mpcData', ...
    'table', CT_TGEN, ...
    'rows', [1:12], ...
    'col', PMAX, ...
    'chgtype', 1, ...
    'values', [] );
solarprofile.values(:,1,:) = [
	0.0 0.0 0.0 0.0 0.0 0.0 0.0 0.0 0.0 0.0 0.0 0.0;
	0.0 0.0 0.0 0.0 0.0 0.0 0.0 0.0 0.0 0.0 0.0 0.0;
	0.0 0.0 0.0 0.0 0.0 0.0 0.0 0.0 0.0 0.0 0.0 0.0;
	0.0 0.0 0.0 0.0 0.0 0.0 0.0 0.0 0.0 0.0 0.0 0.0;
	0.0 0.0 0.0 0.0 0.0 0.0 0.0 0.0 0.0 0.0 0.0 0.0;
	0.4784 0.4018 0.4224 0.0 0.0 0.0 0.0 0.2 0.0 0.0 0.0 0.0;
	10.6268 9.4774 5.9825 4.6583 4.8594 291.0409 36.3801 46.3566 185.014 33.8032 9.4691 61.2177;
	21.9907 15.7193 12.3788 6.5648 8.579 431.3399 53.9175 73.1863 265.484 82.7792 34.6181 149.9137;
	24.182 16.6083 13.8 8.1599 9.524 437.3663 54.6708 74.6663 270.7862 118.7456 70.2555 215.0491;
	25.127 16.1547 13.6408 6.1894 8.1055 304.7299 38.0912 32.6911 208.7907 148.4445 48.7449 268.8338;
	25.6436 16.4433 13.7627 7.7245 8.2425 326.0226 40.7528 28.7941 205.9795 185.5617 52.4743 336.0534;
	25.5295 16.4812 13.769 8.2712 8.0245 357.5968 44.6996 39.0792 200.211 176.1505 52.6399 319.0096;
	16.4978 10.6545 8.7129 5.8822 8.2459 348.9555 43.6194 16.415 143.5813 125.2067 49.0104 226.7501;
	14.2068 7.2958 6.4856 4.3257 8.3388 363.4527 45.4316 14.0903 163.5821 81.9693 36.712 148.4469;
	8.9298 5.9881 5.0706 2.6793 8.6678 351.9857 43.9982 9.6596 196.7285 61.666 22.6821 111.6774;
	3.3526 2.5926 2.3049 1.1431 4.9683 254.1347 31.7668 2.2123 166.5047 16.2619 6.012 29.4505;
	0.5621 0.6805 0.5071 0.4525 1.299 34.7799 4.3475 2.682 20.7536 7.6076 4.8007 13.7774;
	0.0 0.0 0.0 0.0 0.0 0.0 0.0 0.0 0.0 0.0 0.0 0.0;
	0.0 0.0 0.0 0.0 0.0 0.0 0.0 0.0 0.0 0.0 0.0 0.0;
	0.0 0.0 0.0 0.0 0.0 0.0 0.0 0.0 0.0 0.0 0.0 0.0;
	0.0 0.0 0.0 0.0 0.0 0.0 0.0 0.0 0.0 0.0 0.0 0.0;
	0.0 0.0 0.0 0.0 0.0 0.0 0.0 0.0 0.0 0.0 0.0 0.0;
	0.0 0.0 0.0 0.0 0.0 0.0 0.0 0.0 0.0 0.0 0.0 0.0;
	0.0 0.0 0.0 0.0 0.0 0.0 0.0 0.0 0.0 0.0 0.0 0.0;
];
