function solarprofile = ex_solar_profilesh1
%EX_WIND_PROFILE_D  Example wind_load_nyiso profile data for deterministic unit commitment.
% 2022.03.12
% Andres F. Ramirez


%% define constants
[GEN_BUS, PG, QG, QMAX, QMIN, VG, MBASE, GEN_STATUS, PMAX, PMIN, ...
    MU_PMAX, MU_PMIN, MU_QMAX, MU_QMIN, PC1, PC2, QC1MIN, QC1MAX, ...
    QC2MIN, QC2MAX, RAMP_AGC, RAMP_10, RAMP_30, RAMP_Q, APF] = idx_gen;
[CT_LABEL, CT_PROB, CT_TABLE, CT_TBUS, CT_TGEN, CT_TBRCH, CT_TAREABUS, ...
    CT_TAREAGEN, CT_TAREABRCH, CT_ROW, CT_COL, CT_CHGTYPE, CT_REP, ...
    CT_REL, CT_ADD, CT_NEWVAL, CT_TLOAD, CT_TAREALOAD, CT_LOAD_ALL_PQ, ...
    CT_LOAD_FIX_PQ, CT_LOAD_DIS_PQ, CT_LOAD_ALL_P, CT_LOAD_FIX_P, ...
    CT_LOAD_DIS_P, CT_TGENCOST, CT_TAREAGENCOST, CT_MODCOST_F, ...
    CT_MODCOST_X] = idx_ct;

solarprofile = struct( ...
    'type', 'mpcData', ...
    'table', CT_TGEN, ...
    'rows', [1:12], ...
    'col', PMAX, ...
    'chgtype', 1, ...
    'values', [] );
solarprofile.values(:,1,:) = [
	0.0 0.0 0.0 0.0 0.0 0.0 0.0 0.0 0.0 0.0 0.0 0.0;
	0.0 0.0 0.0 0.0 0.0 0.0 0.0 0.0 0.0 0.0 0.0 0.0;
	0.0 0.0 0.0 0.0 0.0 0.0 0.0 0.0 0.0 0.0 0.0 0.0;
	0.0 0.0 0.0 0.0 0.0 0.0 0.0 0.0 0.0 0.0 0.0 0.0;
	0.0 0.0 0.0 0.0 0.0 0.0 0.0 0.0 0.0 0.0 0.0 0.0;
	0.4731 0.4101 0.4224 0.0 0.0 0.0 0.0 0.2025 0.0 0.0 0.0 0.0;
	7.5563 5.855 2.9276 0.7036 1.7156 234.0018 29.2502 40.3559 194.9273 12.9959 3.1983 23.5357;
	14.228 11.3542 8.677 3.6179 8.3586 435.4219 54.4277 71.4311 272.1618 84.6369 19.1123 153.2779;
	20.9581 16.5059 13.7927 7.6179 10.9668 451.2429 56.4054 74.1222 280.2779 203.1153 53.259 367.843;
	23.161 15.697 13.5155 4.2101 6.8962 350.6701 43.8338 53.5941 255.4587 263.6885 177.8212 477.5415;
	22.4953 13.0512 12.8601 5.0167 5.2044 313.438 39.1798 44.9132 241.9719 234.6729 190.9472 424.994;
	20.2403 8.6629 11.3054 4.7837 4.3828 246.4174 30.8022 46.3908 207.0717 219.1939 123.2565 396.9616;
	2.8349 1.273 3.4773 2.0858 4.2701 93.0356 11.6295 33.1267 76.4639 134.0406 23.6251 242.7483;
	2.1329 1.3607 2.5602 1.2482 4.2497 129.1571 16.1446 35.0857 77.5898 105.4709 11.2661 191.0084;
	2.292 1.8714 2.2124 0.6755 3.7546 140.3215 17.5402 24.2385 86.8701 79.7529 9.5944 144.433;
	1.7293 1.1669 1.2276 0.2659 0.644 101.3049 12.6631 3.2114 64.816 21.1608 5.6456 38.3223;
	0.4125 0.3109 0.3109 0.3165 0.5621 20.099 2.5124 1.1858 10.8183 13.3931 3.7913 24.2549;
	0.0 0.0 0.0 0.0 0.0 0.0 0.0 0.0 0.0 0.0 0.0 0.0;
	0.0 0.0 0.0 0.0 0.0 0.0 0.0 0.0 0.0 0.0 0.0 0.0;
	0.0 0.0 0.0 0.0 0.0 0.0 0.0 0.0 0.0 0.0 0.0 0.0;
	0.0 0.0 0.0 0.0 0.0 0.0 0.0 0.0 0.0 0.0 0.0 0.0;
	0.0 0.0 0.0 0.0 0.0 0.0 0.0 0.0 0.0 0.0 0.0 0.0;
	0.0 0.0 0.0 0.0 0.0 0.0 0.0 0.0 0.0 0.0 0.0 0.0;
	0.0 0.0 0.0 0.0 0.0 0.0 0.0 0.0 0.0 0.0 0.0 0.0;
];
