function windprofile = ex_wind_profilesh1
%EX_WIND_PROFILE_D  Example wind_load_nyiso profile data for deterministic unit commitment.
% 2022.03.12
% Andres F. Ramirez


%% define constants
[GEN_BUS, PG, QG, QMAX, QMIN, VG, MBASE, GEN_STATUS, PMAX, PMIN, ...
    MU_PMAX, MU_PMIN, MU_QMAX, MU_QMIN, PC1, PC2, QC1MIN, QC1MAX, ...
    QC2MIN, QC2MAX, RAMP_AGC, RAMP_10, RAMP_30, RAMP_Q, APF] = idx_gen;
[CT_LABEL, CT_PROB, CT_TABLE, CT_TBUS, CT_TGEN, CT_TBRCH, CT_TAREABUS, ...
    CT_TAREAGEN, CT_TAREABRCH, CT_ROW, CT_COL, CT_CHGTYPE, CT_REP, ...
    CT_REL, CT_ADD, CT_NEWVAL, CT_TLOAD, CT_TAREALOAD, CT_LOAD_ALL_PQ, ...
    CT_LOAD_FIX_PQ, CT_LOAD_DIS_PQ, CT_LOAD_ALL_P, CT_LOAD_FIX_P, ...
    CT_LOAD_DIS_P, CT_TGENCOST, CT_TAREAGENCOST, CT_MODCOST_F, ...
    CT_MODCOST_X] = idx_ct;

windprofile = struct( ...
    'type', 'mpcData', ...
    'table', CT_TGEN, ...
    'rows', [1:45], ...
    'col', PMAX, ...
    'chgtype', 1, ...
    'values', [] );
windprofile.values(:,1,:) = [
	0.7558 10.2127 58.2386 69.7129 8.1354 1.7932 5.4583 8.4739 8.5667 19.6354 36.2957 54.146 81.5165 27.5123 124.2125 46.7963 58.0621 61.5285 76.8138 69.608 1.8194 4.1841 70.0306 76.3405 52.9705 48.2689 4.5584 161.1256 325.1773 325.1773 228.0401 43.2138 256.0459 179.1711 86.2548 138.7423 361.9584 81.9729 391.5875 141.8852 68.7479 19.8925 14.3118 74.8944 365.7288;
	0.5029 6.795 51.5924 64.4112 6.6936 0.5047 5.6227 9.7844 5.0065 11.9072 22.0103 32.835 49.433 1.1881 100.9621 38.0369 47.1939 50.0114 68.3544 67.7571 1.8742 1.1777 33.3015 70.921 50.6159 48.8822 5.5335 66.3153 218.8458 218.8458 141.8781 28.4439 227.848 174.407 3.725 93.3742 276.3105 85.6891 163.9594 135.5782 76.1186 5.5992 19.7966 93.3914 279.1887;
	0.3083 4.1652 58.726 63.8941 6.6283 0.0002 2.7176 10.6275 0.007 9.283 17.1594 25.5985 38.5384 1.4701 74.5709 28.0941 34.8576 36.9386 56.2202 68.0246 0.9059 0.0004 26.137 78.8867 55.2178 56.4063 6.012 5.9426 37.8669 37.8669 42.3046 16.8529 187.4006 175.0955 4.6089 16.1565 161.7528 5.8531 53.5556 147.9048 69.7799 0.0018 21.3158 100.9353 163.4377;
	0.428 5.7834 60.3851 61.7432 8.4972 0.0 1.5526 10.9879 2.124 15.0967 27.906 41.6303 62.6742 1.3903 91.2056 34.3612 42.6333 45.1786 45.9454 66.089 0.5175 0.0 49.8628 77.6116 58.2464 59.0315 6.42 14.3381 46.2522 46.2522 18.1998 19.1386 153.1515 170.1132 4.3586 19.7343 9.6597 7.6455 43.4399 156.017 51.1391 0.0 4.19 140.133 9.7603;
	0.503 6.796 73.673 69.5737 9.7264 0.0162 2.3468 12.8912 6.3908 14.328 26.485 39.5104 59.4827 0.371 125.7971 47.3933 58.8028 62.3134 53.6918 68.5202 0.7823 0.0378 49.4012 78.6192 74.6913 66.8247 8.1366 25.0462 76.0528 76.0528 7.2333 10.4723 178.9728 176.3712 1.1633 32.4492 23.7537 5.5193 6.8733 200.066 48.3776 0.1799 5.049 152.241 24.0011;
	0.5336 7.21 75.6045 58.0496 9.8135 3.499 13.2082 10.3515 19.5551 9.0151 16.6643 24.8598 37.4263 3.0325 142.5401 53.7012 66.6292 70.6071 81.0013 70.2274 4.4027 8.1642 37.1257 76.2908 53.0158 61.3665 6.9665 24.2951 104.1726 104.1726 12.4914 10.7903 270.0043 180.7656 9.5073 44.447 22.5462 2.6131 136.3373 142.0066 31.5855 38.8151 24.8881 146.746 22.781;
	0.5393 7.2868 56.653 38.9432 9.8173 3.0664 4.6064 7.6352 12.205 7.6352 14.1135 21.0545 31.6975 8.2167 118.631 44.6935 55.4531 58.7637 65.1011 70.4526 1.5355 7.1549 25.9876 57.7787 35.6219 61.3444 3.9374 110.2041 205.996 205.996 19.681 7.0519 217.0036 181.3451 25.7603 87.8916 57.7379 1.9743 315.7708 95.4159 24.0181 34.0163 34.9807 148.3208 58.3393;
	0.5635 7.6138 34.6367 26.3265 3.924 3.1391 5.1778 6.9835 2.5995 4.964 9.1758 13.6886 20.608 4.5806 59.7856 22.5239 27.9463 29.6147 15.678 47.098 1.7259 7.3246 13.9078 37.5974 34.514 64.2663 4.2138 40.2159 24.5863 24.5863 4.4793 9.5094 52.2599 121.2303 14.3609 10.4901 17.3963 2.9979 140.0225 92.4482 7.0643 34.8233 49.7349 120.2474 17.5776;
	0.6064 8.1943 27.6719 19.5293 3.3231 2.822 1.1474 5.131 1.3458 1.3119 2.425 3.6176 5.4463 2.556 14.7063 5.5405 6.8744 7.2848 0.0 18.0665 0.3825 6.5846 5.0896 27.4041 26.5955 53.9101 3.4291 151.3706 42.4406 42.4406 14.6232 15.0826 0.0 46.5033 8.0135 18.108 45.5458 4.5477 44.1705 71.2379 0.4613 31.3049 31.6965 85.1131 46.0203;
	0.6499 8.7813 29.4556 23.0775 6.9911 4.1909 1.784 4.2193 4.826 3.1416 5.8071 8.6631 13.0422 17.4241 14.319 5.3946 6.6933 7.0929 2.013 14.4012 0.5947 9.7787 10.9926 7.191 29.8498 48.7888 2.9542 89.0524 106.7642 106.7642 89.1876 32.7207 6.7099 37.0688 54.6271 45.5527 65.321 17.904 63.7282 79.9548 0.3274 46.4908 54.3378 94.9913 66.0014;
	0.8835 11.9379 39.3897 1.7695 10.3114 1.0107 1.5772 2.6065 4.6529 7.9924 14.7739 22.0397 33.1807 12.7322 74.8271 28.1907 34.9773 37.0655 12.8747 12.7552 0.5257 2.3582 32.1701 25.0609 41.1181 46.7746 0.9114 376.1306 68.4559 68.4559 64.8335 65.3062 42.9155 32.832 39.9171 29.2079 125.9379 5.8479 61.4468 110.1377 1.4093 11.2117 41.8274 96.5473 127.2498;
	1.6689 22.5499 61.0595 1.3119 13.5961 0.0458 0.0 0.044 1.1873 21.6857 40.0858 59.8001 90.0287 43.526 87.1272 32.8247 40.7269 43.1583 10.569 12.2232 0.0 0.1068 54.9936 50.7942 9.1067 49.0129 0.0761 202.1734 100.3875 100.3875 50.6106 19.9622 35.23 31.4626 136.46 42.832 139.5205 2.7196 55.0645 24.3928 6.4032 0.5078 49.8276 135.9696 140.9738;
	2.3563 31.8381 79.9667 5.272 14.8187 0.6538 0.003 0.0623 1.8639 25.8083 47.7063 71.1685 107.1437 15.628 67.0827 25.273 31.3572 33.2293 0.0017 12.1267 0.001 1.5256 35.8995 63.3187 67.8298 52.551 0.5428 248.1524 151.8527 151.8527 22.4209 14.8173 0.0056 31.2143 48.996 64.7905 182.9333 0.4682 71.046 181.687 7.9333 7.253 113.9377 172.029 184.8388;
	1.9817 26.7768 0.0998 0.5054 14.5837 18.7102 0.1242 0.0648 1.9556 6.8267 12.6191 18.8253 28.3413 6.4934 6.1474 2.316 2.8736 3.0451 0.0 9.0234 0.0414 43.6571 43.3722 1.1035 3.6757 33.5135 0.2482 233.9137 202.4257 202.4257 20.4479 14.0607 0.0 23.2263 20.3578 86.3683 200.8567 6.943 79.8556 9.8456 1.4881 207.5586 84.77 136.9537 202.9489;
	2.2509 30.4147 0.8641 5.365 9.616 1.3429 0.0 1.2058 3.3172 3.175 5.8689 8.7552 13.1809 5.0039 46.2221 17.4139 21.6061 22.896 8.7726 3.1304 0.0 3.1333 25.1824 1.7163 2.7455 3.6074 1.7704 296.6614 254.9214 254.9214 98.84 10.5073 29.2421 8.0577 15.6879 108.7664 274.4782 12.7934 26.1325 7.3539 2.8183 14.8968 82.915 96.8825 277.3374;
	3.2666 44.1384 81.2458 0.1767 14.3257 1.8766 4.0565 0.7453 18.938 1.2673 2.3426 3.4947 5.2613 6.4622 4.0507 1.5261 1.8935 2.0065 0.5086 0.0461 1.3522 4.3786 41.1722 0.142 2.4331 4.527 0.1432 451.1993 290.9434 290.9434 181.4846 11.9318 1.6954 0.1187 20.2598 124.1358 347.8856 39.6486 150.746 6.5172 0.498 20.8173 30.6264 173.8191 351.5094;
	3.3335 45.0432 8.5417 15.5919 15.0133 7.128 6.3321 15.4164 25.5808 1.4312 2.6456 3.9468 5.9419 20.4974 3.2526 1.2254 1.5204 1.6112 0.2564 0.6425 2.1107 16.632 0.1426 29.0479 55.2532 62.9709 5.9028 422.4411 383.3159 383.3159 207.5835 27.1557 0.8546 1.6537 64.2621 163.5481 466.8061 71.5301 150.3551 147.9995 3.6023 79.0734 141.4601 228.9439 471.6686;
	2.6625 35.9761 16.4479 8.7423 14.7842 20.2814 7.1249 14.276 26.4724 12.5973 23.2859 34.738 52.2979 30.518 51.9098 19.5567 24.2648 25.7135 0.2244 10.2424 2.375 47.3233 15.8648 16.7809 58.5894 53.9475 8.6943 592.8214 476.8417 476.8417 344.3596 36.4534 0.7478 26.3639 95.6779 203.4525 545.0904 99.5425 269.5498 156.9359 14.3535 224.9884 121.8234 230.1938 550.7685;
	3.0166 40.7611 88.0572 17.6958 15.3941 27.8924 10.8092 10.1406 26.8906 8.8179 16.2998 24.3161 36.6078 9.1199 29.5179 11.1207 13.7979 14.6217 0.0318 39.4055 3.6031 65.0824 29.3474 30.5289 73.9065 65.7059 8.7437 784.8189 444.1898 444.1898 374.136 45.2546 0.1059 101.43 28.5922 189.521 609.8627 76.9321 431.1861 197.9639 15.6021 309.4202 123.8943 206.8314 616.2154;
	2.9883 40.3788 24.0354 22.8814 15.2141 5.2711 20.0387 2.4808 28.1121 21.159 39.1122 58.3477 87.8421 20.9009 9.5629 3.6028 4.4701 4.737 0.0 14.97 6.6796 12.2992 54.8431 9.0869 44.7977 53.5442 1.0029 776.2694 446.3373 446.3373 343.3626 46.0567 0.0 38.5329 65.5271 190.4373 582.2564 82.3051 449.6975 119.9937 3.7726 58.4741 118.6882 170.9509 588.3216;
