function windprofile = ex_wind_profilesh1
%EX_WIND_PROFILE_D  Example wind_load_nyiso profile data for deterministic unit commitment.
% 2022.03.12
% Andres F. Ramirez


%% define constants
[GEN_BUS, PG, QG, QMAX, QMIN, VG, MBASE, GEN_STATUS, PMAX, PMIN, ...
    MU_PMAX, MU_PMIN, MU_QMAX, MU_QMIN, PC1, PC2, QC1MIN, QC1MAX, ...
    QC2MIN, QC2MAX, RAMP_AGC, RAMP_10, RAMP_30, RAMP_Q, APF] = idx_gen;
[CT_LABEL, CT_PROB, CT_TABLE, CT_TBUS, CT_TGEN, CT_TBRCH, CT_TAREABUS, ...
    CT_TAREAGEN, CT_TAREABRCH, CT_ROW, CT_COL, CT_CHGTYPE, CT_REP, ...
    CT_REL, CT_ADD, CT_NEWVAL, CT_TLOAD, CT_TAREALOAD, CT_LOAD_ALL_PQ, ...
    CT_LOAD_FIX_PQ, CT_LOAD_DIS_PQ, CT_LOAD_ALL_P, CT_LOAD_FIX_P, ...
    CT_LOAD_DIS_P, CT_TGENCOST, CT_TAREAGENCOST, CT_MODCOST_F, ...
    CT_MODCOST_X] = idx_ct;

windprofile = struct( ...
    'type', 'mpcData', ...
    'table', CT_TGEN, ...
    'rows', [1:45], ...
    'col', PMAX, ...
    'chgtype', 1, ...
    'values', [] );
windprofile.values(:,1,:) = [
	0.7691 10.3926 55.7426 68.0425 7.5481 1.674 0.7846 4.353 2.6246 18.7915 34.7359 51.8191 78.0134 11.7009 152.9294 57.6153 71.4856 75.7534 78.9794 65.8153 0.2615 3.9059 66.9477 70.8715 46.558 44.343 2.5537 174.4072 328.9522 328.9522 225.151 44.3371 263.2648 169.4088 36.6839 140.3529 385.9073 83.9941 10.1777 124.7088 42.671 18.5699 22.668 63.6015 389.9272;
	0.4264 5.7615 49.5232 63.4419 6.7639 0.0292 1.5292 9.6535 2.4315 10.5405 19.4839 29.0662 43.7589 4.816 123.7509 46.6224 57.8463 61.2998 66.4804 68.9037 0.5097 0.0682 17.3019 70.2255 47.2233 50.9914 4.488 62.1532 226.069 226.069 142.9459 27.9999 221.6014 177.3584 15.0987 96.4561 290.8175 82.0458 0.0 126.491 67.4902 0.3243 0.1436 80.0363 293.8468;
	0.2043 2.7609 56.4571 69.9931 5.6599 0.0 2.1979 10.0425 5.2931 9.073 16.7713 25.0194 37.6666 15.9125 81.3279 30.6398 38.0161 40.2857 59.7634 64.4675 0.7326 0.0 4.8074 72.5329 48.4516 51.3141 5.4329 1.525 24.5855 24.5855 1.1258 16.5029 199.2114 165.9394 49.8877 10.4898 160.4653 0.514 0.0 129.781 61.2787 0.0 0.0 94.5884 162.1368;
	0.3251 4.3924 61.5858 75.5509 7.6529 0.0 0.003 10.4027 1.2179 14.5471 26.8901 40.1147 60.3924 5.6348 75.5582 28.4661 35.3191 37.4277 20.7918 60.8926 0.001 0.0 40.0372 75.9984 50.4475 56.7403 5.6756 0.0 5.3643 5.3643 0.0105 18.4233 69.3059 156.7377 17.6658 2.2888 1.7029 0.0281 0.0 135.1273 54.1475 0.0 0.0 126.5288 1.7206;
	0.3477 4.6988 74.4009 74.2536 9.3034 0.0 2.1375 11.8636 1.453 13.7181 25.3576 37.8286 56.9507 1.606 108.1427 40.7421 50.5504 53.5684 46.8082 62.1785 0.7125 0.0 39.1341 80.28 67.8884 62.2332 6.9975 0.0 4.8203 4.8203 0.1399 6.367 156.0272 160.0475 5.035 2.0566 0.1534 0.0 0.0 181.8438 52.689 0.0 0.0 137.2103 0.1549;
	0.4196 5.6694 74.9799 59.8899 9.7043 3.7146 2.2606 10.094 1.1738 8.4558 15.6304 23.3175 35.1044 9.9539 148.0774 55.7873 69.2176 73.35 78.359 63.2958 0.7535 8.6674 33.9011 75.7272 46.7632 60.2393 6.0736 11.128 94.2297 94.2297 32.4094 4.2669 261.1965 162.9237 31.2069 40.2047 6.5701 0.0378 0.0 125.2586 37.3926 41.2071 7.0458 131.6218 6.6385;
	0.4945 6.6812 54.7052 38.9462 9.7992 2.7956 3.7689 7.7266 2.0505 7.1774 13.2673 19.7921 29.797 2.8917 124.7749 47.0082 58.325 61.8071 62.7735 64.1679 1.2563 6.523 22.5298 58.3211 33.2471 61.3868 3.8477 13.5067 29.835 29.835 23.8985 0.0 209.2451 165.1683 9.0659 12.7296 0.0331 1.3962 0.0 89.0547 16.6673 31.0123 14.1423 131.5996 0.0334;
	0.5609 7.5794 33.4 28.3243 4.1369 3.0354 5.3604 7.0882 4.416 5.0983 9.4242 14.059 21.1658 1.6879 65.2627 24.5874 30.5065 32.3278 17.8135 42.1905 1.7868 7.0827 12.0189 35.8397 31.9323 60.2648 4.3839 1.9095 10.4957 10.4957 4.3495 0.0 59.3782 108.5983 5.2919 4.4782 0.0 0.0 48.0187 85.533 8.7573 33.6731 0.0 107.3288 0.0;
	0.6848 9.2529 25.4893 25.14 3.8006 2.6831 15.8002 4.8138 8.0405 8.0565 14.8923 22.2164 33.4466 4.4055 19.6896 7.4179 9.2037 9.7532 9.613 17.801 5.2667 6.2607 7.4051 31.5203 24.1863 46.6206 3.7929 0.0 35.2344 35.2344 28.6974 0.0 32.0435 45.8199 13.8117 15.0333 0.4435 1.3726 37.0187 64.7846 0.211 29.7651 0.0 68.1835 0.4481;
	0.6955 9.3982 29.5279 27.4436 7.5896 2.4251 17.3377 1.7906 9.7739 0.3208 0.593 0.8846 1.3318 9.2221 5.6989 2.147 2.6639 2.823 0.2506 12.4135 5.7792 5.6586 9.3891 27.631 24.3621 28.6707 0.7195 40.9448 37.4994 37.4994 12.603 0.0 0.8352 31.9525 28.9125 15.9998 0.6954 0.8419 98.0315 65.2557 0.0276 26.9026 45.6929 81.3881 0.7027;
	0.8472 11.4479 38.6964 2.6091 10.4613 0.0 16.6802 1.6326 2.9929 0.0002 0.0003 0.0005 0.0008 5.1855 1.8588 0.7003 0.8689 0.9208 3.4985 9.7032 5.5601 0.0 17.3632 24.6892 33.0078 43.4905 0.067 66.7589 61.3433 61.3433 49.258 0.0 11.6616 24.9761 16.2572 26.1731 45.9655 0.1491 141.5369 88.4137 0.0 0.0 0.0 84.4127 46.4443;
	1.656 22.3763 61.6615 30.8874 13.5836 0.5057 14.476 0.0793 13.7581 0.0006 0.0011 0.0016 0.0024 0.0929 0.0009 0.0004 0.0004 0.0005 1.4689 7.2355 4.8253 1.18 45.826 54.5611 10.543 48.0321 0.0 154.7602 96.8002 96.8002 18.8208 0.0 4.8965 18.6242 0.2912 41.3014 108.6714 0.0083 158.0501 28.2403 0.0899 5.61 0.0 124.5507 109.8034;
	2.0551 27.7686 78.5495 7.2127 14.0258 0.1195 6.0781 0.2995 10.9131 22.9828 42.4834 63.3769 95.4136 1.2556 0.0922 0.0347 0.0431 0.0457 5.2463 9.909 2.026 0.2788 33.0876 69.9264 70.869 53.4207 0.0 202.2445 147.8668 147.8668 9.4635 0.0 17.4877 25.5058 3.9365 63.0898 146.2912 0.0001 60.1858 189.8276 0.0 1.3255 86.9007 158.616 147.8151;
	1.7688 23.9009 1.0472 4.6927 14.1044 18.645 8.7499 0.0978 15.7703 0.1114 0.2059 0.3072 0.4625 6.2624 13.3766 5.0396 6.2528 6.6261 13.5558 9.503 2.9166 43.5049 41.0787 9.2182 10.4102 31.5878 0.0028 166.2635 197.664 197.664 12.553 0.0 45.1861 24.4608 19.6335 84.3367 159.5625 6.5617 90.4744 27.8845 2.0481 206.8347 67.8867 114.4224 161.2246;
	2.2693 30.6638 7.447 27.7841 9.6033 1.9343 7.2708 0.395 11.3461 0.0 0.0 0.0 0.0 17.379 14.7924 5.573 6.9146 7.3274 3.7005 3.2244 2.4236 4.5134 3.0228 5.5107 9.6276 0.0 0.04 253.4374 254.4526 254.4526 89.1294 0.0 12.3351 8.2995 54.4856 108.5664 247.2412 11.7779 51.8143 25.7883 3.3163 21.4581 77.5681 85.4419 249.8166;
	3.3042 44.6466 85.4505 61.0476 14.1231 2.0917 14.5753 0.1045 16.5508 0.0 0.0 0.0 0.0 10.4426 31.7639 11.9669 14.8478 15.7342 4.009 7.7633 4.8584 4.8806 36.5081 5.5292 14.1239 0.0143 0.0159 358.2038 273.8911 273.8911 165.4096 8.9227 13.3633 19.9828 32.7389 116.8602 296.4449 37.0955 90.549 37.8318 16.4503 23.2039 0.0054 165.701 299.5329;
	3.5394 47.8246 7.8934 34.3928 14.5142 1.28 3.3003 0.0024 0.2771 0.0 0.0 0.0 0.0 1.6617 7.5281 2.8362 3.519 3.729 0.4527 0.977 1.1001 2.9867 0.0314 5.2293 4.3945 0.0084 0.0002 328.6471 351.5301 351.5301 157.228 11.6413 1.5091 2.5147 5.2096 149.9862 406.4137 60.7349 6.3982 11.7709 5.5341 14.1997 132.2136 206.3129 410.6472;
	2.5913 35.0143 0.9776 12.2174 14.182 16.8831 1.2029 0.0005 0.0 0.0 0.0 0.0 0.0 12.9574 10.4366 3.9319 4.8785 5.1697 1.227 0.9242 0.401 39.394 10.3364 1.6873 0.5414 2.747 0.0002 492.8953 443.5529 443.5529 278.8058 10.3292 4.09 2.379 40.6232 189.2492 511.8584 80.1665 3.903 1.4502 5.3525 187.2902 104.3222 213.7393 517.1902;
	3.1301 42.2949 82.8343 14.0981 14.8531 25.2254 1.9641 0.1147 0.0 7.8078 14.4327 21.5307 32.4143 8.0232 40.2257 15.1548 18.8032 19.9257 13.0344 43.1698 0.6547 58.8593 25.1949 14.0108 0.9634 60.2576 0.1657 713.9643 395.9542 395.9542 333.9159 34.6548 43.4482 111.1192 25.1538 168.9405 583.1271 69.3638 3.2094 2.5806 1.9121 279.8339 101.637 195.0063 589.2013;
	2.9584 39.9741 0.0047 0.5803 14.2143 0.0 17.5343 0.0 25.37 22.6646 41.8951 62.4993 94.0923 5.6869 166.6784 62.7951 77.9124 82.5639 9.6204 23.4732 5.8448 0.0 59.9481 0.063 0.0 48.1037 0.0668 710.4665 392.5805 392.5805 310.0892 32.0824 32.0681 60.4202 17.8291 167.501 505.9282 68.9014 0.0 0.0 0.0084 0.0 86.2115 168.7258 511.1983;
	3.218 43.4821 82.7334 4.2129 14.1962 0.0888 0.2116 0.0019 26.0051 23.6718 43.757 65.2769 98.274 9.0762 30.412 11.4576 14.2159 15.0646 14.3499 34.2018 0.0705 0.2072 70.7373 79.7728 0.0342 57.5424 0.0617 600.3339 365.9555 365.9555 226.5281 46.7821 47.8329 88.0355 28.4552 156.141 518.706 66.2573 20.7246 0.0915 0.0097 0.9851 94.7992 168.4548 524.1092;
