function windprofile = ex_wind_profilesh1
%EX_WIND_PROFILE_D  Example wind_load_nyiso profile data for deterministic unit commitment.
% 2022.03.12
% Andres F. Ramirez


%% define constants
[GEN_BUS, PG, QG, QMAX, QMIN, VG, MBASE, GEN_STATUS, PMAX, PMIN, ...
    MU_PMAX, MU_PMIN, MU_QMAX, MU_QMIN, PC1, PC2, QC1MIN, QC1MAX, ...
    QC2MIN, QC2MAX, RAMP_AGC, RAMP_10, RAMP_30, RAMP_Q, APF] = idx_gen;
[CT_LABEL, CT_PROB, CT_TABLE, CT_TBUS, CT_TGEN, CT_TBRCH, CT_TAREABUS, ...
    CT_TAREAGEN, CT_TAREABRCH, CT_ROW, CT_COL, CT_CHGTYPE, CT_REP, ...
    CT_REL, CT_ADD, CT_NEWVAL, CT_TLOAD, CT_TAREALOAD, CT_LOAD_ALL_PQ, ...
    CT_LOAD_FIX_PQ, CT_LOAD_DIS_PQ, CT_LOAD_ALL_P, CT_LOAD_FIX_P, ...
    CT_LOAD_DIS_P, CT_TGENCOST, CT_TAREAGENCOST, CT_MODCOST_F, ...
    CT_MODCOST_X] = idx_ct;

windprofile = struct( ...
    'type', 'mpcData', ...
    'table', CT_TGEN, ...
    'rows', [1:45], ...
    'col', PMAX, ...
    'chgtype', 1, ...
    'values', [] );
windprofile.values(:,1,:) = [
	0.429 5.7963 49.5997 51.6034 4.267 0.6778 3.9094 5.1011 6.4538 19.6717 36.3629 54.2463 81.6675 11.4125 157.0167 59.1551 73.3962 77.778 77.1585 71.9144 1.3031 1.5815 69.9174 66.3007 36.7551 43.3145 3.6718 167.4709 302.5863 302.5863 212.5272 45.2861 257.1948 185.1079 35.7799 129.1035 349.3261 88.4963 0.6532 98.4511 54.7997 7.5191 0.0 54.2646 352.9649;
	0.1352 1.8265 41.798 43.8243 0.4424 0.1467 3.503 7.9038 6.6402 12.3172 22.7681 33.9655 51.1349 0.7605 120.4728 45.3874 56.314 59.6761 67.3714 69.3342 1.1677 0.3424 34.9808 61.1121 41.0561 42.5562 5.4961 65.3835 206.5777 206.5777 147.542 30.3689 224.5713 178.4665 2.3842 88.1398 268.4287 92.5347 0.7473 109.9718 72.7314 1.6279 0.0 69.4275 271.2249;
	0.1239 1.6735 52.9902 55.8161 0.0 0.6419 4.7823 7.689 7.7856 10.3643 19.1583 28.5804 43.0276 0.0 82.3787 31.0357 38.5072 40.8062 56.677 66.0027 1.5941 1.4979 28.2929 69.4388 47.9548 48.8759 5.2888 11.6868 11.4251 11.4251 7.9045 15.9974 188.9233 169.8911 0.0 4.8747 147.3344 4.1197 0.114 128.4504 69.0662 7.1214 0.0 72.8432 148.8691;
	0.3454 4.6677 66.8936 68.3443 7.4499 3.7278 9.8347 13.1436 25.5441 16.7344 30.9333 46.1464 69.4732 1.1304 98.2164 37.0025 45.9105 48.6514 42.4106 67.9931 3.2782 8.6983 52.3672 81.74 61.0169 65.737 7.4396 0.0 10.6794 10.6794 6.9664 18.7119 141.3685 175.0144 3.5439 4.5565 1.01 19.6533 24.6911 163.438 67.9172 41.3541 0.0 135.4561 1.0205;
	0.33 4.4596 73.819 69.4893 8.8462 0.4128 0.6163 13.0538 6.4331 15.9757 29.5308 44.0542 66.3234 0.0 125.768 47.3824 58.7892 62.299 54.9137 69.9901 0.2054 0.9632 47.8459 81.884 72.3751 69.2374 8.1103 21.0953 0.1446 0.1446 0.2889 9.6832 183.0456 180.1548 0.0 0.0617 0.0 3.2007 21.2606 193.8618 63.8361 4.5792 0.0 138.2101 0.0;
	0.3873 5.2336 74.2163 53.3041 9.8345 3.3936 0.0 11.221 4.7692 10.4064 19.236 28.6964 43.2023 0.6407 140.0262 52.7541 65.4541 69.3618 75.0088 69.7594 0.0 7.9184 37.0816 78.0555 50.6565 63.4531 7.0624 31.9436 0.1469 0.1469 0.8456 10.2333 250.0295 179.561 2.0088 0.0627 2.803 5.1431 9.5695 135.6869 49.481 37.6465 19.9842 138.3575 2.8322;
	0.4058 5.4832 55.526 35.929 9.1121 2.1833 3.5439 5.7066 1.9182 8.0055 14.7981 22.0758 33.235 2.165 124.456 46.8881 58.1759 61.6491 64.5935 71.1745 1.1813 5.0944 24.7883 56.0473 28.1517 55.6479 3.9963 57.0192 8.8406 8.8406 7.3244 1.3016 215.3118 183.2034 6.7877 3.772 13.6798 6.2817 0.0165 75.4064 26.0071 24.2204 29.1837 144.7405 13.8223;
	0.2854 3.8565 30.0768 17.0208 3.0204 0.9638 4.0395 6.175 0.9382 5.058 9.3497 13.9478 20.9984 12.2048 58.7503 22.1338 27.4623 29.1019 18.7854 47.5104 1.3465 2.2488 11.2931 34.1083 25.8698 52.4185 4.2448 28.7171 22.1394 22.1394 2.4188 2.121 62.6181 122.2918 38.2636 9.4461 21.072 1.7502 0.0097 69.2941 9.6934 10.6913 0.006 105.706 21.2915;
	0.4699 6.3497 24.7173 24.3162 2.8166 0.0753 1.9269 5.73 0.0 8.8788 16.4124 24.484 36.8606 10.3274 19.9839 7.5288 9.3413 9.899 6.0744 17.7831 0.6423 0.1757 6.9212 35.4929 28.5456 51.3722 4.3105 85.6123 23.2263 23.2263 8.8483 3.1941 20.2481 45.7738 32.3779 9.9099 44.6512 3.7334 45.6838 76.4613 3.5596 0.8351 0.0 84.4213 45.1163;
	0.5931 8.014 26.1982 23.9647 6.302 1.6005 2.382 3.8504 0.663 9.5559 17.664 26.3512 39.6716 2.8364 14.6644 5.5247 6.8548 7.264 4.9264 13.5349 0.794 3.7346 12.6942 34.5711 29.4446 41.8435 3.0325 26.5354 34.4447 34.4447 3.6214 0.3438 16.4214 34.8387 8.8925 14.6964 3.9998 5.7951 22.8508 78.8693 3.6085 17.7553 41.556 90.9675 4.0415;
	0.9214 12.4508 41.0077 18.3096 10.9081 5.619 5.4679 3.3713 5.6644 12.5591 23.2152 34.6325 52.1391 5.6352 70.9284 26.7219 33.1549 35.1343 9.5076 12.0523 1.8226 13.1111 34.3665 43.8443 48.3132 49.0543 1.3134 70.7675 80.3838 80.3838 9.911 0.8119 31.6919 31.0227 17.6672 34.2971 87.6994 0.4063 72.3956 129.4103 7.1938 62.3339 0.6274 100.3469 88.6129;
	1.6979 22.9428 57.5563 1.4279 13.5088 5.2672 0.3394 0.0076 1.5736 15.8696 29.3347 43.7617 65.883 5.9969 40.4091 15.2239 18.8889 20.0166 6.6807 12.1568 0.1131 12.2901 58.2519 60.9883 23.8657 45.737 0.0468 145.9274 97.0208 97.0208 0.0033 1.9714 22.2688 31.2915 18.801 41.3955 121.423 0.0013 6.869 63.9259 6.7428 58.4306 4.3798 130.212 122.6878;
	2.3711 32.039 76.2375 0.308 14.4171 11.4387 1.8202 0.0049 1.3252 26.8719 49.6724 74.1014 111.5593 3.4937 103.9866 39.1763 48.6077 51.5096 15.7918 17.2776 0.6067 26.6902 42.3648 68.3307 68.3792 48.8757 0.4612 232.3541 157.7968 157.7968 0.4025 3.2097 52.6393 44.4725 10.9531 67.3266 189.3369 0.0755 4.5555 183.1586 10.1985 126.893 113.0598 166.9472 191.3092;
	1.9219 25.9685 0.1561 0.2011 14.4211 20.2225 1.9145 0.0 0.7295 4.1346 7.6428 11.4016 17.165 0.0 83.543 31.4743 39.0515 41.3829 3.9872 11.2764 0.6382 47.1859 46.3635 24.309 13.3536 29.8326 0.0 195.9794 195.8752 195.8752 0.0 2.8159 13.2907 29.0255 0.0 83.5734 186.4371 4.7895 1.3229 35.7687 17.4786 224.335 86.0949 137.4961 188.3791;
	2.3824 32.1911 0.1003 0.5612 9.9854 11.3084 0.3623 0.167 0.7462 6.0679 11.2164 16.7327 25.191 0.017 73.0328 27.5147 34.1386 36.1767 0.7782 39.4873 0.1208 26.3862 30.7331 11.4913 23.2606 3.1343 0.1677 268.3553 246.6003 246.6003 61.9902 5.31 2.594 101.6403 0.0532 105.2161 262.3806 10.9099 2.4172 62.3051 7.2131 125.4476 83.865 115.8395 265.1137;
	3.3446 45.1926 81.4513 0.0665 14.243 15.9211 8.5099 0.342 7.7063 6.0766 11.2326 16.7568 25.2272 3.713 50.6671 19.0885 23.6839 25.0979 1.728 14.6658 2.8366 37.1491 48.5914 23.4817 20.9356 6.3647 0.2427 419.5206 277.2863 277.2863 151.4378 12.2632 5.7599 37.7498 11.6408 118.3088 333.8541 35.0475 163.7107 56.0775 4.9362 176.6176 52.8884 190.3617 337.3318;
	3.5708 48.2498 3.8249 0.3086 15.124 13.6969 5.0231 0.0459 14.7075 4.9454 9.1415 13.6374 20.531 5.5567 16.7482 6.3098 7.8288 8.2962 4.9806 5.5207 1.6744 31.9594 1.7265 35.7183 38.705 3.8126 0.102 405.2677 372.607 372.607 172.525 27.328 16.6021 14.2104 17.4209 158.979 472.3609 75.5698 80.9036 103.6742 3.2615 151.9441 147.6471 236.9361 477.2813;
	2.7398 37.021 0.133 0.0 14.6031 19.5165 12.0484 0.0 6.7739 0.175 0.3235 0.4827 0.7266 7.8037 73.0552 27.5231 34.1491 36.1878 11.0537 30.3124 4.0161 45.5386 13.7509 2.4413 1.5901 0.0006 0.0 592.2742 463.9275 463.9275 301.8518 39.7047 36.8456 78.0241 24.4656 197.9424 556.5176 99.548 134.087 4.2591 0.0051 216.5036 117.979 230.8549 562.3147;
	2.3782 32.1349 80.2662 0.0 14.2586 23.8969 4.8058 0.0 4.5772 7.4175 13.7111 20.4542 30.7937 6.4168 16.009 6.0313 7.4833 7.9301 8.654 38.5305 1.6019 55.7593 21.3277 0.0 0.0 57.3678 0.0 757.3303 418.2297 418.2297 333.755 53.0991 28.8465 99.1775 20.1177 178.4447 606.2336 78.059 103.7697 0.0 0.0 265.0958 107.8264 205.5264 612.5485;
	2.6479 35.7796 0.0 0.0 14.0892 0.0 18.326 0.0 26.361 19.2576 35.5973 53.1042 79.9481 5.9145 8.6678 3.2655 4.0517 4.2936 14.9581 17.8154 6.1087 0.0 54.251 0.0 0.011 47.388 0.0 731.0979 396.9017 396.9017 326.9558 51.9675 49.8603 45.8569 18.5427 169.3447 544.1485 83.3421 36.3096 0.0296 0.0 0.0 104.8789 179.0717 549.8168;
