function loadprofile = ex_load_profilesh1
%EX_LOAD_PROFILE  Example load profile data file for stochastic unit commitment.
% 2022.03.12
% Andres F. Ramirez

%% define constants
[CT_LABEL, CT_PROB, CT_TABLE, CT_TBUS, CT_TGEN, CT_TBRCH, CT_TAREABUS, ...
    CT_TAREAGEN, CT_TAREABRCH, CT_ROW, CT_COL, CT_CHGTYPE, CT_REP, ...
    CT_REL, CT_ADD, CT_NEWVAL, CT_TLOAD, CT_TAREALOAD, CT_LOAD_ALL_PQ, ...
    CT_LOAD_FIX_PQ, CT_LOAD_DIS_PQ, CT_LOAD_ALL_P, CT_LOAD_FIX_P, ...
    CT_LOAD_DIS_P, CT_TGENCOST, CT_TAREAGENCOST, CT_MODCOST_F, ...
    CT_MODCOST_X] = idx_ct;

loadprofile = struct( ...
    'type', 'mpcData', ...
    'table', CT_TAREALOAD, ...
    'rows', [1:11], ...
    'col', CT_LOAD_ALL_P, ...
    'chgtype', 1, ...
    'values', [] );
loadprofile.values(:,1,:) = [
	1603.5433 955.3058 1647.1861 546.8552 767.3658 1169.5512 884.2517 253.8598 504.2973 4507.7702 1720.7971;
	1606.5878 962.3134 1640.3 554.2373 793.589 1176.6266 893.9489 258.4 511.0186 4498.9019 1723.3675;
	1619.0643 988.1864 1674.664 560.9954 790.2939 1213.3 903.2 269.4 510.9013 4516.1795 1729.3947;
	1701.2458 1056.6842 1762.9639 556.1861 834.5469 1283.9 953.2407 282.6 556.3691 4624.3597 1802.0763;
	1823.7259 1175.7 1931.8367 595.8093 966.2155 1455.0902 1061.7 306.8342 629.6 5235.8987 2097.3854;
	1934.7691 1260.6898 2057.9 610.794 1030.8647 1558.5231 1131.9108 339.1232 682.1637 5739.3471 2226.2196;
	1908.2267 1266.4 2025.5026 627.6288 1035.8723 1540.2 1133.8317 326.6481 708.5528 5967.9593 2221.4463;
	1906.0 1275.3186 2034.3781 622.7 1027.503 1521.4108 1127.4414 327.0413 700.7282 6221.6799 2177.3025;
	1886.682 1249.4628 2000.5732 625.2463 1002.43 1522.7388 1103.2291 331.2363 677.4685 6366.5392 2102.9224;
	1881.939 1232.677 1923.4974 614.9 956.3644 1462.0102 1069.2022 324.3092 668.9642 6389.0601 2086.5;
	1856.4977 1244.3928 1941.5417 590.5097 971.2865 1450.5339 1045.476 327.6762 655.63 6356.3706 2132.5422;
	1843.8367 1224.8 1887.8241 596.767 930.5474 1430.0505 1032.5056 310.5798 655.7188 6339.874 2016.5541;
	1839.1 1226.0623 1934.7706 604.1029 934.8256 1405.7298 1022.1795 297.133 596.0559 6189.3301 1961.6;
	1752.6 1175.1489 1858.416 579.0 909.9532 1349.3532 1034.5275 269.6357 624.5128 6157.0582 2061.5647;
	1743.1946 1176.3585 1867.0671 584.7167 900.681 1375.2 1061.368 279.6774 648.9528 6153.71 2111.701;
	1717.2573 1147.7447 1886.5 574.4931 882.8361 1403.5474 1047.8902 307.2712 653.7692 6065.9369 2199.5895;
	1703.6973 1153.0096 1915.3288 583.7911 913.5539 1417.8084 1073.2476 317.3415 691.6 5871.8066 2266.1207;
	1736.5109 1204.5197 1974.2474 597.1479 949.9054 1458.1343 1117.6179 335.8324 707.7403 5793.2692 2412.2149;
	1750.1005 1195.0054 1941.7941 581.4 944.7359 1451.5 1111.1799 353.1934 711.1819 5855.5402 2337.751;
	1708.6778 1122.6952 1859.5961 578.8 903.2972 1336.2543 1068.3132 340.5 683.1349 5828.8731 2287.6;
	1596.8651 1044.6787 1776.9708 568.4119 858.6084 1221.8099 988.6911 309.6218 616.7894 5269.4948 2051.2808;
	1519.6722 1000.9523 1691.8665 553.4 790.7428 1152.6279 917.3883 278.8 567.336 5007.9687 1909.1963;
	1560.2047 980.7891 1632.911 568.173 834.6898 1146.2265 918.1769 270.4992 540.9799 4942.9054 1794.4738;
	1575.4248 949.945 1585.3702 554.947 789.4 1110.1497 872.9885 244.1723 502.3 4605.6863 1691.9203;
];
