function windprofile = ex_wind_profilesh1
%EX_WIND_PROFILE_D  Example wind_load_nyiso profile data for deterministic unit commitment.
% 2022.03.12
% Andres F. Ramirez


%% define constants
[GEN_BUS, PG, QG, QMAX, QMIN, VG, MBASE, GEN_STATUS, PMAX, PMIN, ...
    MU_PMAX, MU_PMIN, MU_QMAX, MU_QMIN, PC1, PC2, QC1MIN, QC1MAX, ...
    QC2MIN, QC2MAX, RAMP_AGC, RAMP_10, RAMP_30, RAMP_Q, APF] = idx_gen;
[CT_LABEL, CT_PROB, CT_TABLE, CT_TBUS, CT_TGEN, CT_TBRCH, CT_TAREABUS, ...
    CT_TAREAGEN, CT_TAREABRCH, CT_ROW, CT_COL, CT_CHGTYPE, CT_REP, ...
    CT_REL, CT_ADD, CT_NEWVAL, CT_TLOAD, CT_TAREALOAD, CT_LOAD_ALL_PQ, ...
    CT_LOAD_FIX_PQ, CT_LOAD_DIS_PQ, CT_LOAD_ALL_P, CT_LOAD_FIX_P, ...
    CT_LOAD_DIS_P, CT_TGENCOST, CT_TAREAGENCOST, CT_MODCOST_F, ...
    CT_MODCOST_X] = idx_ct;

windprofile = struct( ...
    'type', 'mpcData', ...
    'table', CT_TGEN, ...
    'rows', [1:45], ...
    'col', PMAX, ...
    'chgtype', 1, ...
    'values', [] );
windprofile.values(:,1,:) = [
	0.735 9.9308 56.1774 65.4623 7.1128 3.6232 11.4328 7.8088 10.6959 19.1729 35.4409 52.8708 79.5967 19.2481 148.4364 55.9226 69.3854 73.5278 80.1163 66.8867 3.8109 8.454 63.4346 72.6241 47.063 38.9305 3.9581 178.6492 345.7467 345.7467 221.4662 46.9806 267.0543 172.1664 60.3455 147.5186 373.4726 87.148 269.3175 126.0617 59.7272 40.1929 1.5059 68.1191 377.363;
	0.5174 6.9914 49.7652 61.2351 6.1101 4.1356 10.3252 9.654 9.8955 10.4514 19.3192 28.8204 43.389 22.7349 120.8064 45.5131 56.47 59.8413 74.7491 66.714 3.4417 9.6498 20.0192 65.6169 47.3504 45.5777 5.5334 51.5623 233.8903 233.8903 150.1051 27.7357 249.1635 171.7219 71.2771 99.7932 261.0076 85.315 114.1371 126.8313 75.8729 45.8779 0.5061 90.3441 263.7264;
	0.3319 4.485 58.5419 66.4059 4.9697 1.7912 12.4037 10.4093 17.9615 9.1573 16.9272 25.252 38.0168 9.4639 70.9877 26.7442 33.1826 35.1637 61.4696 51.6499 4.1346 4.1796 1.4048 67.5015 47.7836 50.681 5.6538 3.3048 86.5308 86.5308 58.1567 16.7372 204.8985 132.9471 29.6707 36.9198 148.5598 2.2482 138.4603 127.9917 70.5029 19.8709 0.0103 100.6567 150.1073;
	0.3789 5.1194 65.9534 73.8052 6.7938 0.7408 3.5172 12.4387 4.3321 13.9163 25.724 38.3751 57.7736 6.6203 94.0749 35.4422 43.9745 46.5999 48.1742 60.8493 1.1724 1.7286 41.8756 71.3949 55.7555 61.0285 7.1267 0.0 84.6314 84.6314 22.273 18.2887 160.5808 156.6262 20.7557 36.1094 0.0 0.1871 119.6451 149.3451 63.7915 8.2181 0.0727 142.5148 0.0;
	0.4901 6.6223 78.4907 73.7265 9.0865 0.2234 0.9023 13.2974 3.5863 14.751 27.2671 40.6771 61.2392 1.8828 125.1413 47.1462 58.4963 61.9886 56.458 67.0816 0.3008 0.5213 41.7285 76.878 71.9398 67.0542 8.5332 17.5535 24.5188 24.5188 52.5858 9.1588 188.1934 172.6682 5.9027 10.4613 0.1528 0.2605 65.1443 192.6959 56.9178 2.4782 0.8227 146.4871 0.1544;
	0.5081 6.8658 77.4579 62.9005 9.1294 3.3945 4.6556 12.0233 14.7831 8.2361 15.2243 22.7117 34.1924 0.2908 157.6553 59.3957 73.6947 78.0944 83.3279 70.5447 1.5519 7.9205 27.9475 71.5623 52.5635 65.8824 7.6529 14.2292 18.6217 18.6217 50.1342 9.9407 277.7598 181.5821 0.9116 7.9452 0.0415 0.4705 214.434 140.795 47.4651 37.6563 22.8486 135.2416 0.0419;
	0.5812 7.8539 60.3731 41.4681 9.0854 2.9871 4.1473 7.6161 5.9408 6.4477 11.9186 17.7801 26.7679 0.1864 132.2307 49.8172 61.8102 65.5003 64.3929 70.6755 1.3824 6.9699 19.3702 50.8482 33.6845 61.4065 4.1824 6.3206 11.74 11.74 19.7614 0.089 214.643 181.9189 0.5845 5.0091 0.0 0.0004 221.1323 90.2264 26.5255 33.1371 33.9707 133.8821 0.0;
	0.6286 8.4934 35.6489 26.4451 3.8875 3.4471 5.5121 5.1801 5.7103 3.5828 6.6227 9.8797 14.8739 0.0563 71.4047 26.9013 33.3776 35.3702 18.8007 48.0897 1.8374 8.0433 10.5887 29.875 29.8962 58.8394 4.1322 5.1747 11.5768 11.5768 17.6841 0.0 62.6691 123.7829 0.1765 4.9394 4.5276 0.0011 149.2691 80.0791 7.7301 38.2401 64.2554 102.8736 4.5748;
	0.6048 8.1722 27.1338 20.747 3.8821 3.4133 12.1779 0.0053 23.2195 0.0 0.0 0.0 0.0 0.0526 17.734 6.6812 8.2896 8.7845 21.0079 15.8477 4.0593 7.9644 3.7825 27.9766 19.3168 40.1395 2.5379 0.8062 15.403 15.403 1.8096 0.0 70.0263 40.7921 0.165 6.5719 0.0 0.0 188.7955 51.7413 0.0 37.8652 51.4375 60.1846 0.0;
	0.6996 9.4538 32.0853 24.7418 8.0852 3.3134 19.4331 1.216 24.4519 3.2528 6.0128 8.9699 13.5042 4.8469 11.4827 4.326 5.3675 5.6879 10.9615 11.3217 6.4777 7.7313 9.5464 29.2374 25.7626 33.6597 2.196 30.3473 76.4162 76.4162 23.947 0.0143 36.5382 29.1422 15.1957 32.6042 2.4809 0.0 456.2656 69.007 0.0182 36.7566 53.7256 90.7963 2.5068;
	0.9305 12.5726 45.1878 14.1486 11.9227 3.5517 16.2861 0.0194 25.0877 4.2928 7.9352 11.8378 17.8217 17.349 91.2628 34.3827 42.66 45.2069 36.6158 12.7771 5.4287 8.2872 31.8757 40.0291 41.4999 38.6595 0.4876 45.8508 78.3731 78.3731 47.4708 1.0391 122.0525 32.8882 54.3914 33.4392 48.2215 1.4217 432.6661 111.1603 0.0011 39.3999 24.7838 95.8967 48.7238;
	1.6559 22.3745 63.8616 20.7662 13.7527 5.2801 22.2301 0.0003 27.12 8.8939 16.4403 24.5257 36.9233 24.8054 44.8425 16.8941 20.9613 22.2127 85.5282 10.2936 7.41 12.3202 54.9261 51.647 4.2953 42.4073 0.066 152.8917 117.4716 117.4716 96.7619 1.8393 285.0939 26.4958 77.7684 50.1212 123.751 2.8991 457.0 11.5053 2.1857 58.5739 12.4129 132.9032 125.0401;
	2.3691 32.0119 83.6273 45.6924 14.5108 15.11 16.4609 0.4002 25.2917 26.2477 48.5184 72.3799 108.9675 14.687 36.2621 13.6615 16.9504 17.9624 76.3585 10.5236 5.487 35.2567 36.6183 66.2388 72.0322 52.1211 1.2534 208.1772 191.7247 191.7247 58.2532 2.8081 254.5284 27.0877 46.0457 81.8026 176.7002 2.4233 410.1769 192.9435 2.1403 167.6202 113.3914 177.4404 178.5409;
	2.0004 27.0292 16.0937 49.5073 14.3482 20.2153 4.4887 0.4577 10.0352 19.918 36.8181 54.9253 82.6898 11.0071 31.273 11.7819 14.6183 15.491 66.737 9.3372 1.4962 47.169 48.8356 6.8664 23.5305 32.4369 1.0566 172.6177 224.026 224.026 23.9257 4.1133 222.4565 24.034 34.5087 95.5844 158.5587 8.1243 193.0876 63.0281 0.3129 224.2549 89.5029 144.9316 160.2104;
	2.3215 31.3686 3.3923 9.0651 9.1404 4.1058 5.7058 0.0 3.9018 9.2172 17.0378 25.417 38.2652 28.8311 42.2113 15.9029 19.7313 20.9093 86.4988 1.6881 1.9019 9.5802 29.7517 0.1869 7.6261 0.0063 0.0319 253.041 286.4587 286.4587 94.3591 7.0601 288.3292 4.3453 90.3894 122.2224 240.7748 13.36 191.2667 20.427 0.5819 45.5469 89.99 100.6951 243.2829;
	3.2406 43.7881 85.2516 9.1802 14.0519 7.8981 6.3759 0.0172 11.0716 9.878 18.2593 27.2393 41.0086 7.8663 104.5878 39.4029 48.8887 51.8075 88.0366 5.1452 2.1253 18.4288 46.3377 1.0129 5.1532 0.0 0.2485 339.4597 303.4607 303.4607 177.7016 10.2495 293.4554 13.2437 24.6618 129.4766 278.0253 39.7258 208.7451 13.8033 0.0009 87.6159 50.2273 174.4039 280.9214;
	3.5859 48.4536 41.5883 40.1618 14.7451 11.8631 3.3869 0.8798 5.3067 3.9945 7.3839 11.0153 16.5834 13.0324 29.2627 11.0246 13.6786 14.4953 75.3776 12.092 1.129 27.6806 1.6876 5.6583 25.114 0.0799 0.5715 386.4945 413.8289 413.8289 200.4099 25.7677 251.2587 31.125 40.8583 176.567 454.3899 76.3263 229.8039 67.2695 1.4754 131.6015 149.7749 224.3506 459.1231;
	2.8842 38.9718 36.3637 39.2898 14.6486 19.0229 1.2811 2.9948 4.8318 2.165 4.002 5.9702 8.9881 7.8733 100.2041 37.7513 46.8396 49.636 56.8576 33.2756 0.427 44.3867 12.5605 43.9409 62.0098 2.981 2.0276 587.3352 527.9769 527.9769 358.8988 37.4673 189.5252 85.6515 24.6839 225.2701 572.644 104.246 34.6476 166.0976 15.3947 211.027 118.1565 234.6776 578.609;
	3.1105 42.0299 88.5788 12.7137 14.2888 25.2745 0.2306 2.7845 5.7324 9.5578 17.6674 26.3563 39.6792 9.3786 23.7912 8.9632 11.121 11.7849 29.5181 39.8919 0.0769 58.9738 29.7166 9.9626 53.6259 58.4648 2.6368 766.5156 475.8526 475.8526 365.7103 47.0252 98.3935 102.6818 29.4032 203.0304 620.9174 74.4358 14.5681 143.6407 23.2842 280.3782 114.3708 216.13 627.3852;
	3.0298 40.9397 72.3146 17.2753 14.3097 2.4859 19.2725 2.9718 27.6815 23.34 43.1437 64.3619 96.8964 36.5607 20.0357 7.5483 9.3655 9.9247 20.6885 20.6326 6.4242 5.8003 57.2875 4.5796 34.505 51.6258 2.6847 800.5244 472.407 472.407 357.7341 44.0511 68.9616 53.1084 114.6228 201.5603 596.9575 76.2508 180.6598 92.4241 54.8213 27.5764 116.8161 195.621 603.1758;
