function loadprofile = ex_load_profilesh1
%EX_LOAD_PROFILE  Example load profile data file for stochastic unit commitment.
% 2022.03.12
% Andres F. Ramirez

%% define constants
[CT_LABEL, CT_PROB, CT_TABLE, CT_TBUS, CT_TGEN, CT_TBRCH, CT_TAREABUS, ...
    CT_TAREAGEN, CT_TAREABRCH, CT_ROW, CT_COL, CT_CHGTYPE, CT_REP, ...
    CT_REL, CT_ADD, CT_NEWVAL, CT_TLOAD, CT_TAREALOAD, CT_LOAD_ALL_PQ, ...
    CT_LOAD_FIX_PQ, CT_LOAD_DIS_PQ, CT_LOAD_ALL_P, CT_LOAD_FIX_P, ...
    CT_LOAD_DIS_P, CT_TGENCOST, CT_TAREAGENCOST, CT_MODCOST_F, ...
    CT_MODCOST_X] = idx_ct;

loadprofile = struct( ...
    'type', 'mpcData', ...
    'table', CT_TAREALOAD, ...
    'rows', [1:11], ...
    'col', CT_LOAD_ALL_P, ...
    'chgtype', 1, ...
    'values', [] );
loadprofile.values(:,1,:) = [
	1528.938 983.3996 1670.3487 575.0528 788.0616 1169.5224 881.4487 288.0564 541.2473 4672.0 1786.7;
	1518.1284 986.5 1682.342 579.5394 806.9279 1169.7 877.2064 294.8065 545.7445 4630.0873 1785.7395;
	1554.3042 1016.4015 1732.6085 590.2333 824.7717 1195.2 893.5679 296.4105 555.5073 4664.0297 1827.9349;
	1601.3846 1081.1 1833.8363 589.845 898.9689 1304.5 970.6 348.2231 595.7933 4929.3554 1941.5236;
	1715.8003 1189.6915 1992.025 615.0183 965.9744 1413.9138 1065.5 373.3 652.5853 5425.7733 2201.5918;
	1803.074 1247.5 2102.145 620.1793 1032.3054 1519.2715 1112.8913 372.9704 700.6225 5963.2999 2296.4;
	1784.2894 1253.4 2092.2295 631.4 1059.9055 1532.359 1148.4573 367.4336 716.679 6226.9748 2359.9989;
	1793.8758 1240.9448 2108.8 623.8715 1030.3097 1497.3754 1114.8 369.3566 736.4 6417.6248 2371.4757;
	1842.6 1243.8277 2093.3837 618.1851 997.8946 1470.7288 1081.9153 347.7 744.3873 6449.6842 2262.9553;
	1823.84 1229.1893 2069.8 608.3294 961.7506 1472.1703 1050.0035 341.9 726.1276 6389.3272 2274.9499;
	1793.8397 1203.4583 2001.8218 614.9919 923.2021 1341.5 983.6993 331.9617 701.0298 6283.4123 2072.8086;
	1807.5029 1192.3414 1955.3113 606.557 917.8092 1362.7617 947.2344 318.714 670.541 6126.1245 2009.0615;
	1820.3 1203.3209 1942.5001 589.1651 909.9845 1370.7701 971.6219 336.7538 672.1949 6257.8019 2126.3581;
	1795.0106 1171.8178 1917.3623 576.7662 896.8782 1386.7269 1003.0234 341.7 678.7611 6213.0671 2156.7291;
	1819.3884 1197.6354 1911.4332 593.0851 899.8694 1412.2635 1015.4984 349.2 695.7814 6351.1534 2263.4166;
	1778.8884 1164.1 1925.1519 601.0302 952.049 1470.6775 1062.2572 379.1506 685.8525 6377.9435 2276.4;
	1784.5593 1197.8303 1959.4002 595.3716 978.3 1543.8666 1130.6 419.0649 735.2454 6410.2624 2465.1494;
	1860.7 1230.2 2043.4433 620.6157 1014.8095 1612.141 1222.6594 431.3147 791.8333 6445.3864 2592.3606;
	1886.1038 1225.5 2008.9 608.9014 980.3714 1554.2 1173.2 410.0149 771.7303 6274.5097 2576.1215;
	1830.4573 1176.2242 1975.2 592.8182 973.3 1529.7198 1132.8333 400.1918 728.9467 6022.5076 2429.7365;
	1714.4112 1089.1958 1791.6785 592.8 887.9222 1380.8712 1037.9684 355.7661 655.7726 5598.1819 2191.0;
	1599.1538 1001.7 1690.8102 565.3522 836.0347 1300.2568 943.6052 319.5 605.6 5160.5954 1969.4;
	1499.177 955.7938 1603.3829 565.8509 826.9607 1230.7995 908.3782 296.8537 554.906 4869.4195 1932.3547;
	1447.1 923.3303 1596.2909 561.0 783.9 1159.7 877.1975 285.9663 539.1375 4616.5478 1815.1296;
];
