function loadprofile = ex_load_profilesh1
%EX_LOAD_PROFILE  Example load profile data file for stochastic unit commitment.
% 2022.03.12
% Andres F. Ramirez

%% define constants
[CT_LABEL, CT_PROB, CT_TABLE, CT_TBUS, CT_TGEN, CT_TBRCH, CT_TAREABUS, ...
    CT_TAREAGEN, CT_TAREABRCH, CT_ROW, CT_COL, CT_CHGTYPE, CT_REP, ...
    CT_REL, CT_ADD, CT_NEWVAL, CT_TLOAD, CT_TAREALOAD, CT_LOAD_ALL_PQ, ...
    CT_LOAD_FIX_PQ, CT_LOAD_DIS_PQ, CT_LOAD_ALL_P, CT_LOAD_FIX_P, ...
    CT_LOAD_DIS_P, CT_TGENCOST, CT_TAREAGENCOST, CT_MODCOST_F, ...
    CT_MODCOST_X] = idx_ct;

loadprofile = struct( ...
    'type', 'mpcData', ...
    'table', CT_TAREALOAD, ...
    'rows', [1:11], ...
    'col', CT_LOAD_ALL_P, ...
    'chgtype', 1, ...
    'values', [] );
loadprofile.values(:,1,:) = [
	1529.1315 968.4979 1669.932 578.2795 886.2431 1129.7873 850.2578 278.2157 523.5263 4583.1435 1746.2053;
	1550.4973 982.0996 1660.151 564.047 879.9997 1141.3534 861.1447 292.8049 520.5446 4592.8347 1751.1141;
	1550.7696 1002.7947 1700.5525 568.565 903.2345 1177.5027 886.7617 295.7885 528.6941 4675.4718 1800.9264;
	1617.8887 1051.4798 1769.1166 584.3186 954.0027 1221.7213 929.8374 313.5 554.1491 4888.4652 1902.416;
	1745.4108 1163.9 1936.0376 583.2031 1030.4736 1363.0132 1040.6053 358.4533 616.3239 5397.6337 2098.9741;
	1846.1162 1248.1 2053.3896 603.6 1093.5623 1455.3537 1079.2452 368.7 672.853 5905.15 2199.9408;
	1900.7372 1262.3425 2092.5711 585.3043 1128.0124 1487.2314 1095.8169 379.3 700.9194 6270.2609 2255.3531;
	1896.6251 1236.0728 2020.775 592.4375 1131.8787 1469.4326 1075.6634 350.4355 716.087 6514.9873 2220.7428;
	1921.1969 1226.3002 2025.1491 585.9278 1108.993 1420.7006 1072.2118 353.5856 726.5443 6531.0062 2154.0609;
	1892.556 1225.6514 1964.1885 578.9589 1057.7518 1385.9236 1040.2036 351.3886 693.1 6485.0778 2126.6;
	1858.9051 1223.2772 1912.0609 558.8458 1056.8359 1352.4885 1013.7676 326.8175 681.0 6456.1433 2016.775;
	1876.4074 1195.4137 1881.7805 529.7039 1018.6417 1292.7369 970.3434 318.6 664.7776 6425.9889 1953.3283;
	1865.2942 1192.6102 1853.6015 500.3187 1029.1495 1281.0 1022.5 310.2484 679.061 6413.5145 2006.6031;
	1760.611 1166.4 1813.9668 493.1723 1028.8901 1261.7063 1020.5293 317.8866 673.0 6387.5213 2142.6863;
	1748.037 1159.5204 1831.06 514.8818 1058.9235 1324.9073 1037.9688 322.8938 663.4757 6418.9546 2188.9068;
	1813.4869 1185.9084 1864.0105 540.4888 1058.4252 1385.395 1071.3235 336.4 664.3288 6447.7248 2264.2814;
	1853.6405 1203.5343 1911.2618 566.2567 1106.3128 1471.9905 1127.3091 364.1356 705.2336 6411.6117 2365.0234;
	1866.3029 1255.1875 1974.1983 584.3489 1111.0567 1509.3243 1156.2992 374.6 718.1979 6416.2857 2483.7464;
	1892.4001 1283.3704 1950.7009 583.381 1092.2707 1467.8918 1155.1284 387.1881 714.1308 6452.7396 2507.8801;
	1822.8441 1194.501 1872.2179 569.5 1034.3866 1390.7047 1114.9 361.3284 686.5 6109.3787 2365.7752;
	1683.8838 1093.6131 1724.0287 544.1995 959.9959 1283.8847 1013.8919 322.4916 638.1897 5698.1458 2150.9051;
	1642.1516 1019.7739 1616.9993 513.5511 889.444 1191.5326 934.4946 279.4 586.7399 5188.3373 1914.9547;
	1438.1315 924.9764 1486.2881 475.0153 805.2753 1102.5252 809.2828 265.7077 522.6966 4333.2725 1629.5607;
	1447.1618 916.1796 1499.9677 466.8025 813.5 1090.0 826.1671 237.7401 519.0127 4149.7703 1591.2927;
];
