function solarprofile = ex_solar_profilesh1
%EX_WIND_PROFILE_D  Example wind_load_nyiso profile data for deterministic unit commitment.
% 2022.03.12
% Andres F. Ramirez


%% define constants
[GEN_BUS, PG, QG, QMAX, QMIN, VG, MBASE, GEN_STATUS, PMAX, PMIN, ...
    MU_PMAX, MU_PMIN, MU_QMAX, MU_QMIN, PC1, PC2, QC1MIN, QC1MAX, ...
    QC2MIN, QC2MAX, RAMP_AGC, RAMP_10, RAMP_30, RAMP_Q, APF] = idx_gen;
[CT_LABEL, CT_PROB, CT_TABLE, CT_TBUS, CT_TGEN, CT_TBRCH, CT_TAREABUS, ...
    CT_TAREAGEN, CT_TAREABRCH, CT_ROW, CT_COL, CT_CHGTYPE, CT_REP, ...
    CT_REL, CT_ADD, CT_NEWVAL, CT_TLOAD, CT_TAREALOAD, CT_LOAD_ALL_PQ, ...
    CT_LOAD_FIX_PQ, CT_LOAD_DIS_PQ, CT_LOAD_ALL_P, CT_LOAD_FIX_P, ...
    CT_LOAD_DIS_P, CT_TGENCOST, CT_TAREAGENCOST, CT_MODCOST_F, ...
    CT_MODCOST_X] = idx_ct;

solarprofile = struct( ...
    'type', 'mpcData', ...
    'table', CT_TGEN, ...
    'rows', [1:12], ...
    'col', PMAX, ...
    'chgtype', 1, ...
    'values', [] );
solarprofile.values(:,1,:) = [
	0.0 0.0 0.0 0.0 0.0 0.0 0.0 0.0 0.0 0.0 0.0 0.0;
	0.0 0.0 0.0 0.0 0.0 0.0 0.0 0.0 0.0 0.0 0.0 0.0;
	0.0 0.0 0.0 0.0 0.0 0.0 0.0 0.0 0.0 0.0 0.0 0.0;
	0.0 0.0 0.0 0.0 0.0 0.0 0.0 0.0 0.0 0.0 0.0 0.0;
	0.0 0.0 0.0 0.0 0.0 0.0 0.0 0.0 0.0 0.0 0.0 0.0;
	0.4731 0.4018 0.4224 0.0 0.0 0.0 0.0 0.2 0.0 0.0 0.0 0.0;
	0.9295 1.9416 2.3225 3.8702 6.8783 207.3772 25.9222 47.5113 177.6112 66.9825 25.9292 121.3056;
	16.7153 13.801 13.1251 3.1051 7.9637 412.6904 51.5863 70.9939 255.7521 130.7304 41.1946 236.7536;
	23.0762 16.7155 14.2292 3.6201 8.7262 432.5381 54.0673 73.5604 264.5801 121.2791 49.6221 219.6372;
	24.1042 16.3547 13.7161 2.6386 7.8231 277.6749 34.7094 56.5653 173.4 88.6989 60.6497 160.6342;
	20.9176 16.371 13.7617 3.3053 8.0192 182.3003 22.7875 41.8987 150.4139 102.8473 103.4572 186.2571;
	19.3548 16.0894 13.1057 3.7387 6.7039 89.2165 11.1521 20.7401 104.7295 127.3505 163.3046 230.6326;
	11.3351 6.5117 6.801 4.7896 4.5523 22.5918 2.824 8.5642 32.8666 225.6273 228.3219 408.6124;
	13.1993 6.7452 6.9513 4.5027 3.4311 33.0182 4.1273 20.241 37.5094 172.4619 178.6012 312.3295;
	9.7545 6.6208 5.6772 4.0021 3.2303 47.3788 5.9223 34.0878 46.3849 72.7575 81.3553 131.7642;
	3.6646 2.7441 2.3143 2.3694 0.6123 19.8337 2.4792 38.8268 23.4355 5.6584 8.1342 10.2475;
	0.6872 0.5232 0.5071 0.6259 0.1759 3.1649 0.3956 1.9768 2.8579 3.2651 3.9095 5.9131;
	0.0 0.0 0.0 0.0 0.0 0.0 0.0 0.0 0.0 0.0 0.0 0.0;
	0.0 0.0 0.0 0.0 0.0 0.0 0.0 0.0 0.0 0.0 0.0 0.0;
	0.0 0.0 0.0 0.0 0.0 0.0 0.0 0.0 0.0 0.0 0.0 0.0;
	0.0 0.0 0.0 0.0 0.0 0.0 0.0 0.0 0.0 0.0 0.0 0.0;
	0.0 0.0 0.0 0.0 0.0 0.0 0.0 0.0 0.0 0.0 0.0 0.0;
	0.0 0.0 0.0 0.0 0.0 0.0 0.0 0.0 0.0 0.0 0.0 0.0;
	0.0 0.0 0.0 0.0 0.0 0.0 0.0 0.0 0.0 0.0 0.0 0.0;
];
