function solarprofile = ex_solar_profilesh1
%EX_WIND_PROFILE_D  Example wind_load_nyiso profile data for deterministic unit commitment.
% 2022.03.12
% Andres F. Ramirez


%% define constants
[GEN_BUS, PG, QG, QMAX, QMIN, VG, MBASE, GEN_STATUS, PMAX, PMIN, ...
    MU_PMAX, MU_PMIN, MU_QMAX, MU_QMIN, PC1, PC2, QC1MIN, QC1MAX, ...
    QC2MIN, QC2MAX, RAMP_AGC, RAMP_10, RAMP_30, RAMP_Q, APF] = idx_gen;
[CT_LABEL, CT_PROB, CT_TABLE, CT_TBUS, CT_TGEN, CT_TBRCH, CT_TAREABUS, ...
    CT_TAREAGEN, CT_TAREABRCH, CT_ROW, CT_COL, CT_CHGTYPE, CT_REP, ...
    CT_REL, CT_ADD, CT_NEWVAL, CT_TLOAD, CT_TAREALOAD, CT_LOAD_ALL_PQ, ...
    CT_LOAD_FIX_PQ, CT_LOAD_DIS_PQ, CT_LOAD_ALL_P, CT_LOAD_FIX_P, ...
    CT_LOAD_DIS_P, CT_TGENCOST, CT_TAREAGENCOST, CT_MODCOST_F, ...
    CT_MODCOST_X] = idx_ct;

solarprofile = struct( ...
    'type', 'mpcData', ...
    'table', CT_TGEN, ...
    'rows', [1:12], ...
    'col', PMAX, ...
    'chgtype', 1, ...
    'values', [] );
solarprofile.values(:,1,:) = [
	0.0 0.0 0.0 0.0 0.0 0.0 0.0 0.0 0.0 0.0 0.0 0.0;
	0.0 0.0 0.0 0.0 0.0 0.0 0.0 0.0 0.0 0.0 0.0 0.0;
	0.0 0.0 0.0 0.0 0.0 0.0 0.0 0.0 0.0 0.0 0.0 0.0;
	0.0 0.0 0.0 0.0 0.0 0.0 0.0 0.0 0.0 0.0 0.0 0.0;
	0.0 0.0 0.0 0.0 0.0 0.0 0.0 0.0 0.0 0.0 0.0 0.0;
	0.4731 0.4018 0.4224 0.0 0.0 0.0 0.0 0.5375 0.0 0.0 0.0 0.0;
	5.301 6.0089 5.648 3.4662 3.8163 352.4161 44.052 72.1093 186.9624 18.7227 13.1586 33.9069;
	10.7598 7.4665 9.3937 2.2362 7.342 445.4273 55.6784 73.6858 269.5672 36.8526 34.1962 66.7403;
	16.7938 10.0362 13.0008 3.8368 8.4858 448.3772 56.0472 74.4794 272.4602 71.6327 71.203 129.7272;
	23.3879 12.5079 13.0041 5.2038 5.2483 287.479 35.9349 62.6134 188.0184 220.7074 115.1894 399.7024;
	25.3021 16.2691 13.7627 6.563 5.0665 327.3101 40.9138 64.2778 219.0766 235.496 142.1942 426.4846;
	25.7124 16.3954 13.769 6.1217 4.6614 353.4283 44.1785 62.8448 247.4035 177.1573 106.3205 320.8329;
	20.0741 14.237 12.4629 2.9856 3.9832 185.25 23.1562 37.8081 137.1385 83.4973 43.4775 151.2142;
	17.2586 11.451 10.5546 2.2649 3.2972 135.0014 16.8752 31.1508 86.4773 57.1533 21.6318 103.5049;
	10.2787 6.9709 6.2946 2.5586 3.118 84.6969 10.5871 25.7802 41.7285 41.1409 13.2071 74.5063;
	3.8666 2.2028 2.1911 1.7692 0.6256 21.4143 2.6768 9.9348 6.1362 12.4463 3.8521 22.5402;
	0.8605 0.5065 0.4235 0.421 0.2076 15.2063 1.9008 1.2156 6.9007 2.5941 1.9376 4.698;
	0.0 0.0 0.0 0.0 0.0 0.0 0.0 0.0 0.0 0.0 0.0 0.0;
	0.0 0.0 0.0 0.0 0.0 0.0 0.0 0.0 0.0 0.0 0.0 0.0;
	0.0 0.0 0.0 0.0 0.0 0.0 0.0 0.0 0.0 0.0 0.0 0.0;
	0.0 0.0 0.0 0.0 0.0 0.0 0.0 0.0 0.0 0.0 0.0 0.0;
	0.0 0.0 0.0 0.0 0.0 0.0 0.0 0.0 0.0 0.0 0.0 0.0;
	0.0 0.0 0.0 0.0 0.0 0.0 0.0 0.0 0.0 0.0 0.0 0.0;
	0.0 0.0 0.0 0.0 0.0 0.0 0.0 0.0 0.0 0.0 0.0 0.0;
];
