function solarprofile = ex_solar_profilesh1
%EX_WIND_PROFILE_D  Example wind_load_nyiso profile data for deterministic unit commitment.
% 2022.03.12
% Andres F. Ramirez


%% define constants
[GEN_BUS, PG, QG, QMAX, QMIN, VG, MBASE, GEN_STATUS, PMAX, PMIN, ...
    MU_PMAX, MU_PMIN, MU_QMAX, MU_QMIN, PC1, PC2, QC1MIN, QC1MAX, ...
    QC2MIN, QC2MAX, RAMP_AGC, RAMP_10, RAMP_30, RAMP_Q, APF] = idx_gen;
[CT_LABEL, CT_PROB, CT_TABLE, CT_TBUS, CT_TGEN, CT_TBRCH, CT_TAREABUS, ...
    CT_TAREAGEN, CT_TAREABRCH, CT_ROW, CT_COL, CT_CHGTYPE, CT_REP, ...
    CT_REL, CT_ADD, CT_NEWVAL, CT_TLOAD, CT_TAREALOAD, CT_LOAD_ALL_PQ, ...
    CT_LOAD_FIX_PQ, CT_LOAD_DIS_PQ, CT_LOAD_ALL_P, CT_LOAD_FIX_P, ...
    CT_LOAD_DIS_P, CT_TGENCOST, CT_TAREAGENCOST, CT_MODCOST_F, ...
    CT_MODCOST_X] = idx_ct;

solarprofile = struct( ...
    'type', 'mpcData', ...
    'table', CT_TGEN, ...
    'rows', [1:12], ...
    'col', PMAX, ...
    'chgtype', 1, ...
    'values', [] );
solarprofile.values(:,1,:) = [
	0.0 0.0 0.0 0.0 0.0 0.0 0.0 0.0 0.0 0.0 0.0 0.0;
	0.0 0.0 0.0 0.0 0.0 0.0 0.0 0.0 0.0 0.0 0.0 0.0;
	0.0 0.0 0.0 0.0 0.0 0.0 0.0 0.0 0.0 0.0 0.0 0.0;
	0.0 0.0 0.0 0.0 0.0 0.0 0.0 0.0 0.0 0.0 0.0 0.0;
	0.0 0.0 0.0 0.0 0.0 0.0 0.0 0.0 0.0 0.0 0.0 0.0;
	0.4731 0.4018 0.4228 0.0 0.0 0.0 0.0 0.2 0.0 0.0 0.0 0.0;
	8.8128 7.4602 6.0083 1.6073 2.8565 59.1844 7.3981 16.4608 38.2519 17.6093 6.9364 31.8906;
	17.5463 15.0459 13.126 3.1279 6.2888 343.8564 42.982 61.3661 86.6032 56.2251 21.1604 101.824;
	22.4968 16.6084 13.8617 5.0045 7.969 421.469 52.6836 71.2634 177.1665 67.0486 36.188 121.4255;
	24.2057 16.1558 13.6408 3.5482 4.5359 320.8361 40.1045 54.338 131.2488 72.779 40.0934 131.8032;
	25.3653 16.371 13.7627 6.3003 4.5011 343.9825 42.9978 55.7745 135.177 68.6794 30.8046 124.3788;
	25.3462 16.3954 13.7087 7.1305 4.0641 363.5798 45.4475 56.4519 102.8814 70.8139 28.2292 128.2445;
	14.2936 9.3917 9.1548 5.5254 2.485 261.0953 32.6369 23.4429 29.0708 80.4603 29.4487 145.7142;
	11.5314 6.71 7.4115 3.5346 1.9319 234.0044 29.2505 20.0291 39.4973 78.6407 32.9503 142.4188;
	7.4336 4.9262 4.9986 1.821 1.7576 155.5216 19.4402 15.238 58.507 72.1762 28.6964 130.7115;
	2.2782 1.3954 1.1737 0.5636 0.2219 27.7368 3.4671 4.2475 41.1229 32.2003 6.5908 58.315;
	0.4123 0.3109 0.2995 0.423 0.2021 9.7324 1.2166 2.026 7.501 8.3582 3.1354 15.1368;
	0.0 0.0 0.0 0.0 0.0 0.0 0.0 0.0 0.0 0.0 0.0 0.0;
	0.0 0.0 0.0 0.0 0.0 0.0 0.0 0.0 0.0 0.0 0.0 0.0;
	0.0 0.0 0.0 0.0 0.0 0.0 0.0 0.0 0.0 0.0 0.0 0.0;
	0.0 0.0 0.0 0.0 0.0 0.0 0.0 0.0 0.0 0.0 0.0 0.0;
	0.0 0.0 0.0 0.0 0.0 0.0 0.0 0.0 0.0 0.0 0.0 0.0;
	0.0 0.0 0.0 0.0 0.0 0.0 0.0 0.0 0.0 0.0 0.0 0.0;
	0.0 0.0 0.0 0.0 0.0 0.0 0.0 0.0 0.0 0.0 0.0 0.0;
];
