function loadprofile = ex_load_profilesh1
%EX_LOAD_PROFILE  Example load profile data file for stochastic unit commitment.
% 2022.03.12
% Andres F. Ramirez

%% define constants
[CT_LABEL, CT_PROB, CT_TABLE, CT_TBUS, CT_TGEN, CT_TBRCH, CT_TAREABUS, ...
    CT_TAREAGEN, CT_TAREABRCH, CT_ROW, CT_COL, CT_CHGTYPE, CT_REP, ...
    CT_REL, CT_ADD, CT_NEWVAL, CT_TLOAD, CT_TAREALOAD, CT_LOAD_ALL_PQ, ...
    CT_LOAD_FIX_PQ, CT_LOAD_DIS_PQ, CT_LOAD_ALL_P, CT_LOAD_FIX_P, ...
    CT_LOAD_DIS_P, CT_TGENCOST, CT_TAREAGENCOST, CT_MODCOST_F, ...
    CT_MODCOST_X] = idx_ct;

loadprofile = struct( ...
    'type', 'mpcData', ...
    'table', CT_TAREALOAD, ...
    'rows', [1:11], ...
    'col', CT_LOAD_ALL_P, ...
    'chgtype', 1, ...
    'values', [] );
loadprofile.values(:,1,:) = [
	1624.4149 992.2 1709.7528 587.3957 825.7 1201.1159 937.3252 243.5948 590.9892 4719.8973 2018.83;
	1598.0829 979.7 1687.9775 596.625 831.8607 1181.2 930.8632 248.1342 581.9587 4742.1255 2102.9975;
	1609.6546 1007.5385 1739.6441 578.2276 844.9537 1198.1437 944.7001 250.4 579.6879 4716.2214 2080.0609;
	1682.1419 1076.9458 1838.3033 579.3155 892.6 1296.3072 1007.8158 277.4201 643.4173 5035.1173 2315.0415;
	1834.8818 1201.9 1998.7854 615.8 985.485 1439.9559 1113.899 318.8167 727.0188 5538.5498 2550.7064;
	1920.7766 1280.9541 2097.2419 615.7868 1036.1837 1535.095 1179.526 349.1 799.9835 6008.9596 2636.0974;
	1924.7904 1284.5773 2132.9596 622.6378 1070.7 1536.6297 1227.5167 360.4178 832.0851 6492.8191 2715.0362;
	1922.7449 1284.1532 2094.0285 609.9 1068.1366 1503.0011 1242.4343 337.1 825.6604 6611.6105 2539.1084;
	1927.0452 1272.1682 2061.5491 592.2441 1069.2153 1465.3812 1196.9674 323.162 803.3413 6588.877 2519.4725;
	1914.542 1254.7864 2019.8409 595.8207 1052.8977 1496.3697 1194.176 321.1836 820.0905 6705.7535 2534.6749;
	1873.2405 1229.2885 1960.9832 593.7 1015.6496 1423.8074 1159.5442 312.7 787.9872 6636.1235 2507.6438;
	1775.4139 1204.2665 1953.2683 584.475 1005.4471 1423.0 1140.2 313.5155 750.5955 6525.0151 2414.4485;
	1804.1217 1200.9927 1958.8069 599.3722 999.3553 1406.9402 1162.3518 314.3549 809.9075 6469.8352 2479.4714;
	1729.5213 1178.7903 1910.0662 588.0 970.6761 1382.9 1108.4054 314.0243 734.7384 6372.1949 2513.3829;
	1737.814 1169.3092 1902.3391 575.8626 983.5931 1374.8265 1077.2091 320.8 719.0416 6418.6159 2434.5783;
	1762.0638 1187.6744 1919.774 566.6239 985.3758 1402.6435 1124.4535 317.2661 752.2495 6633.8603 2806.3286;
	1740.3092 1184.524 1909.5901 578.5 979.0093 1462.8519 1153.3513 340.207 769.3843 6417.1926 2876.668;
	1743.7973 1201.1015 1959.2 576.1577 1044.4976 1516.1211 1236.8597 354.5246 777.6553 6399.0185 2789.6607;
	1780.8689 1207.3216 1971.3738 557.1167 1069.9063 1481.7 1208.5975 346.8562 783.0633 6383.251 2775.3907;
	1725.8121 1139.4 1861.2221 533.2587 994.4178 1389.9 1156.8302 325.6163 718.9111 6060.6194 2472.7694;
	1658.7 1088.6733 1787.3989 517.6336 939.1215 1306.4194 1132.7437 321.348 677.5941 6003.5741 2401.6168;
	1582.9966 1035.3942 1697.4637 536.6992 883.5 1207.2676 1059.4839 279.4 621.3516 5663.0775 2156.5431;
	1586.8811 991.7 1656.364 540.1313 858.0 1223.5148 985.9398 257.7685 571.0449 5119.9458 2150.1065;
	1569.3924 984.3576 1687.984 551.8628 834.4468 1181.8828 992.0303 262.2 566.1652 5091.8295 2086.3007;
];
