function solarprofile = ex_solar_profilesh1
%EX_WIND_PROFILE_D  Example wind_load_nyiso profile data for deterministic unit commitment.
% 2022.03.12
% Andres F. Ramirez


%% define constants
[GEN_BUS, PG, QG, QMAX, QMIN, VG, MBASE, GEN_STATUS, PMAX, PMIN, ...
    MU_PMAX, MU_PMIN, MU_QMAX, MU_QMIN, PC1, PC2, QC1MIN, QC1MAX, ...
    QC2MIN, QC2MAX, RAMP_AGC, RAMP_10, RAMP_30, RAMP_Q, APF] = idx_gen;
[CT_LABEL, CT_PROB, CT_TABLE, CT_TBUS, CT_TGEN, CT_TBRCH, CT_TAREABUS, ...
    CT_TAREAGEN, CT_TAREABRCH, CT_ROW, CT_COL, CT_CHGTYPE, CT_REP, ...
    CT_REL, CT_ADD, CT_NEWVAL, CT_TLOAD, CT_TAREALOAD, CT_LOAD_ALL_PQ, ...
    CT_LOAD_FIX_PQ, CT_LOAD_DIS_PQ, CT_LOAD_ALL_P, CT_LOAD_FIX_P, ...
    CT_LOAD_DIS_P, CT_TGENCOST, CT_TAREAGENCOST, CT_MODCOST_F, ...
    CT_MODCOST_X] = idx_ct;

solarprofile = struct( ...
    'type', 'mpcData', ...
    'table', CT_TGEN, ...
    'rows', [1:12], ...
    'col', PMAX, ...
    'chgtype', 1, ...
    'values', [] );
solarprofile.values(:,1,:) = [
	0.0 0.0 0.0 0.0 0.0 0.0 0.0 0.0 0.0 0.0 0.0 0.0;
	0.0 0.0 0.0 0.0 0.0 0.0 0.0 0.0 0.0 0.0 0.0 0.0;
	0.0 0.0 0.0 0.0 0.0 0.0 0.0 0.0 0.0 0.0 0.0 0.0;
	0.0 0.0 0.0 0.0 0.0 0.0 0.0 0.0 0.0 0.0 0.0 0.0;
	0.0 0.0 0.0 0.0 0.0 0.0 0.0 0.0 0.0 0.0 0.0 0.0;
	0.4731 0.4018 0.4224 0.0 0.0 0.0 0.0 0.2 0.0 0.0 0.0 0.0;
	1.8909 0.8803 1.7407 0.987 2.451 122.6295 15.3287 48.0357 106.9191 43.1665 3.3845 78.1748;
	18.9133 14.8026 11.9557 4.7564 7.9056 382.8793 47.8599 71.6702 256.1768 57.8358 12.2107 104.741;
	25.0305 16.9723 13.9282 8.1492 10.7398 421.0423 52.6303 74.1875 268.8979 71.6674 28.3728 129.79;
	24.1407 16.1679 13.6659 5.0175 10.0182 283.8116 35.4765 59.5086 179.7577 100.8833 51.6913 182.7003;
	24.7136 16.3367 13.7627 6.3368 9.5776 322.2051 40.2756 63.9838 204.8976 97.8614 54.1879 177.2276;
	24.7988 16.0544 13.769 6.7901 9.4628 341.0604 42.6325 64.1284 233.6337 77.9988 45.7594 141.2563;
	11.4749 8.8932 8.5734 5.3802 10.084 194.46 24.3075 27.2464 143.6569 41.4917 23.0659 75.1416;
	8.1842 8.3087 6.7972 3.2711 9.5275 167.9271 20.9909 17.1309 99.2243 48.3293 18.8853 87.5246;
	4.6348 5.6284 4.8082 1.3525 6.8084 139.7579 17.4697 11.4071 57.2652 52.0654 14.958 94.2907;
	1.2037 0.7618 1.3433 0.3022 0.5196 75.4022 9.4253 3.6984 10.9081 16.8096 5.1579 30.4423;
	0.5048 0.3482 0.3353 0.4192 0.2305 24.7496 3.0937 1.3441 8.6175 4.2919 2.0589 7.7726;
	0.0 0.0 0.0 0.0 0.0 0.0 0.0 0.0 0.0 0.0 0.0 0.0;
	0.0 0.0 0.0 0.0 0.0 0.0 0.0 0.0 0.0 0.0 0.0 0.0;
	0.0 0.0 0.0 0.0 0.0 0.0 0.0 0.0 0.0 0.0 0.0 0.0;
	0.0 0.0 0.0 0.0 0.0 0.0 0.0 0.0 0.0 0.0 0.0 0.0;
	0.0 0.0 0.0 0.0 0.0 0.0 0.0 0.0 0.0 0.0 0.0 0.0;
	0.0 0.0 0.0 0.0 0.0 0.0 0.0 0.0 0.0 0.0 0.0 0.0;
	0.0 0.0 0.0 0.0 0.0 0.0 0.0 0.0 0.0 0.0 0.0 0.0;
];
