function loadprofile = ex_load_profilesh1
%EX_LOAD_PROFILE  Example load profile data file for stochastic unit commitment.
% 2022.03.12
% Andres F. Ramirez

%% define constants
[CT_LABEL, CT_PROB, CT_TABLE, CT_TBUS, CT_TGEN, CT_TBRCH, CT_TAREABUS, ...
    CT_TAREAGEN, CT_TAREABRCH, CT_ROW, CT_COL, CT_CHGTYPE, CT_REP, ...
    CT_REL, CT_ADD, CT_NEWVAL, CT_TLOAD, CT_TAREALOAD, CT_LOAD_ALL_PQ, ...
    CT_LOAD_FIX_PQ, CT_LOAD_DIS_PQ, CT_LOAD_ALL_P, CT_LOAD_FIX_P, ...
    CT_LOAD_DIS_P, CT_TGENCOST, CT_TAREAGENCOST, CT_MODCOST_F, ...
    CT_MODCOST_X] = idx_ct;

loadprofile = struct( ...
    'type', 'mpcData', ...
    'table', CT_TAREALOAD, ...
    'rows', [1:11], ...
    'col', CT_LOAD_ALL_P, ...
    'chgtype', 1, ...
    'values', [] );
loadprofile.values(:,1,:) = [
	1510.0322 953.7085 1586.4179 593.7306 885.2891 1125.0085 893.0478 239.9401 519.5296 4684.7991 1768.466;
	1499.5398 946.2 1557.9231 593.7672 874.2406 1125.5873 868.2298 239.5707 486.0538 4600.331 1743.7609;
	1512.044 982.511 1625.9704 599.3 883.1156 1158.2763 896.4743 254.0616 523.6 4660.0917 1786.5732;
	1618.2393 1043.6885 1661.3932 618.501 925.8009 1222.623 948.4 276.1712 547.3473 4890.968 1899.3;
	1779.7 1178.0537 1868.3134 632.0793 1043.057 1409.5804 1049.7 328.3554 618.8565 5464.6424 2156.5323;
	1849.8203 1226.9641 2002.9988 641.6198 1117.9596 1493.3062 1128.8427 356.5 690.7268 6142.1829 2320.3455;
	1857.9037 1235.8183 2034.9363 631.4 1097.9702 1481.1316 1136.3 362.0732 711.8 6372.4314 2356.9178;
	1919.6704 1250.1512 2025.4599 627.3645 1113.3027 1461.8649 1155.7549 335.0996 727.811 6573.9066 2305.3436;
	1904.4145 1211.7437 1992.8839 616.9771 1059.9 1358.2775 1126.3 336.2 716.4302 6616.2 2213.0049;
	1865.979 1201.6366 1979.1481 600.9 1078.3685 1336.2197 1149.7413 351.3136 706.4844 6895.5386 2246.8669;
	1865.1897 1231.3282 1983.3799 587.8339 1065.777 1324.4095 1132.3472 346.0 713.9754 7057.6911 2244.555;
	1851.9329 1191.9542 1944.4482 579.1 1058.5195 1290.737 1101.0866 339.5176 703.6518 6937.9642 2186.0962;
	1786.3807 1162.8917 1900.1687 574.6 1045.9302 1255.9476 1076.3587 332.0 693.8718 6668.3307 2094.8607;
	1763.5406 1155.6106 1938.2419 557.5533 1005.8984 1250.5903 1011.4261 310.0673 681.1836 6764.6777 2055.9103;
	1780.4935 1142.8198 1896.7479 559.1 980.2406 1257.5362 1039.2468 318.2774 687.9126 6749.1845 2145.6703;
	1778.1 1157.6 1927.0886 552.2 958.3022 1177.2675 1033.6765 307.4287 703.3582 6766.0416 2226.9797;
	1770.6388 1180.2772 1962.8913 559.9497 1000.1 1348.3108 1105.8053 323.2945 713.1537 6605.9871 2344.6376;
	1815.9648 1232.4 2003.4621 555.9099 1012.1 1365.1778 1141.7279 352.0943 743.9996 6445.0512 2424.1723;
	1831.8 1214.5402 1980.7983 557.1229 1005.1247 1329.5535 1115.4392 354.8106 709.2 6263.8237 2390.9243;
	1811.1791 1155.8 1930.8 549.1294 996.5723 1286.9386 1073.7633 348.2403 678.2557 6085.4183 2301.0091;
	1698.5775 1061.2893 1788.5898 492.4728 927.8621 1211.0273 1009.0921 310.2 627.2089 5635.773 2021.1484;
	1631.3958 976.5968 1657.1087 476.4748 854.5084 1132.5025 933.0375 284.2694 574.1294 5259.3069 1918.5187;
	1554.9824 921.4313 1587.8803 505.0549 832.8504 1116.8346 902.8206 268.475 545.8547 5297.6269 1858.362;
	1486.2 910.7456 1577.4428 534.5517 817.9842 1096.3777 875.0635 248.9 528.1675 4815.1901 1752.7;
];
