function solarprofile = ex_solar_profilesh1
%EX_WIND_PROFILE_D  Example wind_load_nyiso profile data for deterministic unit commitment.
% 2022.03.12
% Andres F. Ramirez


%% define constants
[GEN_BUS, PG, QG, QMAX, QMIN, VG, MBASE, GEN_STATUS, PMAX, PMIN, ...
    MU_PMAX, MU_PMIN, MU_QMAX, MU_QMIN, PC1, PC2, QC1MIN, QC1MAX, ...
    QC2MIN, QC2MAX, RAMP_AGC, RAMP_10, RAMP_30, RAMP_Q, APF] = idx_gen;
[CT_LABEL, CT_PROB, CT_TABLE, CT_TBUS, CT_TGEN, CT_TBRCH, CT_TAREABUS, ...
    CT_TAREAGEN, CT_TAREABRCH, CT_ROW, CT_COL, CT_CHGTYPE, CT_REP, ...
    CT_REL, CT_ADD, CT_NEWVAL, CT_TLOAD, CT_TAREALOAD, CT_LOAD_ALL_PQ, ...
    CT_LOAD_FIX_PQ, CT_LOAD_DIS_PQ, CT_LOAD_ALL_P, CT_LOAD_FIX_P, ...
    CT_LOAD_DIS_P, CT_TGENCOST, CT_TAREAGENCOST, CT_MODCOST_F, ...
    CT_MODCOST_X] = idx_ct;

solarprofile = struct( ...
    'type', 'mpcData', ...
    'table', CT_TGEN, ...
    'rows', [1:12], ...
    'col', PMAX, ...
    'chgtype', 1, ...
    'values', [] );
solarprofile.values(:,1,:) = [
	0.0 0.0 0.0 0.0 0.0 0.0 0.0 0.0 0.0 0.0 0.0 0.0;
	0.0 0.0 0.0 0.0 0.0 0.0 0.0 0.0 0.0 0.0 0.0 0.0;
	0.0 0.0 0.0 0.0 0.0 0.0 0.0 0.0 0.0 0.0 0.0 0.0;
	0.0 0.0 0.0 0.0 0.0 0.0 0.0 0.0 0.0 0.0 0.0 0.0;
	0.0 0.0 0.0 0.0 0.0 0.0 0.0 0.0 0.0 0.0 0.0 0.0;
	0.4889 0.4288 0.4342 0.0 0.0 0.2741 0.0343 0.3271 0.4764 0.0 0.0 0.0;
	4.339 6.8747 5.6473 2.2224 5.9414 307.9631 38.4954 62.3352 234.6186 11.0754 8.1216 20.0576;
	12.3379 13.4992 11.9065 8.098 13.4476 435.9421 54.4928 78.2251 272.0729 116.9141 57.4276 211.7322;
	21.9046 16.6083 13.8004 10.5781 13.6 447.879 55.9849 79.4323 270.7838 242.1753 87.6607 438.5809;
	24.1876 16.1547 13.6408 8.2389 10.6707 322.5113 40.3139 75.8265 166.6719 150.4809 48.6189 272.5219;
	25.1183 16.371 13.7627 8.2913 8.0296 303.3764 37.9221 73.7111 189.2784 114.2971 40.48 206.9927;
	25.0771 16.2097 13.5323 7.439 6.0003 289.0263 36.1283 71.8569 204.0303 96.9259 29.8375 175.5334;
	11.4877 7.8368 6.9241 4.5656 4.8216 175.8984 21.9873 56.0333 125.624 85.1139 37.3821 154.1417;
	7.7563 6.3609 5.1136 3.2271 5.4427 157.755 19.7194 51.2888 92.9687 79.1781 43.2978 143.392;
	4.8029 5.7449 3.4377 2.5591 6.1914 121.872 15.234 44.0212 51.2115 71.488 41.23 129.4653;
	1.2642 2.1603 0.6451 1.4776 4.4316 12.6933 1.5867 14.6655 7.3011 45.7212 20.8705 82.8014;
	0.374 0.3841 0.2871 0.6898 1.3027 3.1798 0.3975 1.9358 5.1504 17.387 4.9222 31.488;
	0.0 0.0 0.0 0.0 0.0 0.0 0.0 0.0 0.0 0.0 0.0 0.0;
	0.0 0.0 0.0 0.0 0.0 0.0 0.0 0.0 0.0 0.0 0.0 0.0;
	0.0 0.0 0.0 0.0 0.0 0.0 0.0 0.0 0.0 0.0 0.0 0.0;
	0.0 0.0 0.0 0.0 0.0 0.0 0.0 0.0 0.0 0.0 0.0 0.0;
	0.0 0.0 0.0 0.0 0.0 0.0 0.0 0.0 0.0 0.0 0.0 0.0;
	0.0 0.0 0.0 0.0 0.0 0.0 0.0 0.0 0.0 0.0 0.0 0.0;
	0.0 0.0 0.0 0.0 0.0 0.0 0.0 0.0 0.0 0.0 0.0 0.0;
];
