function loadprofile = ex_load_profilesh1
%EX_LOAD_PROFILE  Example load profile data file for stochastic unit commitment.
% 2022.03.12
% Andres F. Ramirez

%% define constants
[CT_LABEL, CT_PROB, CT_TABLE, CT_TBUS, CT_TGEN, CT_TBRCH, CT_TAREABUS, ...
    CT_TAREAGEN, CT_TAREABRCH, CT_ROW, CT_COL, CT_CHGTYPE, CT_REP, ...
    CT_REL, CT_ADD, CT_NEWVAL, CT_TLOAD, CT_TAREALOAD, CT_LOAD_ALL_PQ, ...
    CT_LOAD_FIX_PQ, CT_LOAD_DIS_PQ, CT_LOAD_ALL_P, CT_LOAD_FIX_P, ...
    CT_LOAD_DIS_P, CT_TGENCOST, CT_TAREAGENCOST, CT_MODCOST_F, ...
    CT_MODCOST_X] = idx_ct;

loadprofile = struct( ...
    'type', 'mpcData', ...
    'table', CT_TAREALOAD, ...
    'rows', [1:11], ...
    'col', CT_LOAD_ALL_P, ...
    'chgtype', 1, ...
    'values', [] );
loadprofile.values(:,1,:) = [
	1581.9402 984.5904 1684.0511 585.1 838.3304 1167.7937 856.7098 253.9859 555.2793 4555.6092 1703.5717;
	1570.0837 975.7 1658.5819 586.0 820.7533 1149.0713 860.4 253.7309 542.9957 4504.4236 1702.6393;
	1569.3625 989.57 1681.3686 589.8 851.1658 1184.2299 880.7573 273.5 556.0602 4471.0928 1690.9078;
	1633.2418 1070.2581 1802.4964 594.6707 926.6 1280.9203 923.6526 295.1 586.2937 4714.6611 1798.8526;
	1769.418 1189.2818 1960.4875 613.6919 1026.0243 1438.6725 1036.7702 331.1065 671.9937 5256.6051 2086.164;
	1850.5703 1232.3207 2026.962 610.5531 1063.8 1489.1753 1076.3565 357.5457 732.4402 5685.2589 2135.1229;
	1894.0146 1283.5216 2057.1 615.0514 1048.4 1466.4139 1088.9835 366.8 753.6082 5844.897 2072.315;
	1877.01 1259.4754 2036.6011 603.3633 1038.7268 1378.2302 1054.068 357.9383 732.1537 5723.9881 1875.6709;
	1879.2213 1256.0966 2012.3472 595.9581 1005.6556 1348.1055 1066.2 362.4205 744.0784 6095.4786 1957.2708;
	1885.3732 1215.0365 1901.0499 585.6 961.5383 1279.5996 1030.0031 357.9595 698.094 5763.1618 1933.0824;
	1796.82 1173.0268 1862.9449 577.0894 954.532 1227.4089 976.0433 349.6201 676.584 5647.6286 1814.7722;
	1816.9995 1160.103 1830.2623 586.0854 948.1611 1251.5423 967.9172 343.2 665.0 5297.1314 1476.0558;
	1790.8631 1152.2963 1804.4203 566.3302 922.0506 1256.7827 956.0905 338.8598 631.44 5545.3363 1390.1985;
	1769.8591 1145.6905 1812.1347 581.0093 920.958 1250.7314 891.8429 336.356 619.4528 5584.9625 1246.2702;
	1740.0266 1162.8511 1788.1632 576.7382 933.6778 1291.9887 916.8286 333.4887 607.4732 4606.0198 1289.5549;
	1767.8526 1158.43 1826.6121 590.8498 960.6419 1344.7418 1017.4229 365.048 589.9329 5677.3412 1471.2566;
	1791.4974 1153.6343 1845.3172 594.8893 966.9798 1343.6921 988.7503 355.6 564.4703 5834.3861 1704.7809;
	1837.9614 1167.6108 1924.329 613.1051 990.5457 1426.6811 1092.9509 355.1374 676.3 5875.2425 1930.1789;
	1816.2354 1168.6807 1957.8 619.4214 1004.8937 1438.0807 1089.6572 364.9 696.3797 5802.4417 1938.901;
	1771.1 1093.8102 1834.3593 613.7044 950.1326 1356.3589 1048.6732 344.5516 668.0833 5293.3046 1827.1459;
	1713.7538 1027.5365 1715.8651 589.4 889.6618 1276.1481 988.0997 326.3919 624.2828 5146.6902 1735.751;
	1599.3258 965.1471 1621.6405 572.9 843.965 1199.3921 929.0506 288.2 571.8941 4887.762 1697.3705;
	1499.2192 917.1808 1558.3974 567.3 779.3884 1146.6139 856.0376 256.8 536.2 4591.3415 1611.8572;
	1493.4475 927.5842 1546.4023 575.1086 765.6032 1145.6919 850.3 260.307 510.7 4547.7407 1674.3054;
];
