function solarprofile = ex_solar_profilesh1
%EX_WIND_PROFILE_D  Example wind_load_nyiso profile data for deterministic unit commitment.
% 2022.03.12
% Andres F. Ramirez


%% define constants
[GEN_BUS, PG, QG, QMAX, QMIN, VG, MBASE, GEN_STATUS, PMAX, PMIN, ...
    MU_PMAX, MU_PMIN, MU_QMAX, MU_QMIN, PC1, PC2, QC1MIN, QC1MAX, ...
    QC2MIN, QC2MAX, RAMP_AGC, RAMP_10, RAMP_30, RAMP_Q, APF] = idx_gen;
[CT_LABEL, CT_PROB, CT_TABLE, CT_TBUS, CT_TGEN, CT_TBRCH, CT_TAREABUS, ...
    CT_TAREAGEN, CT_TAREABRCH, CT_ROW, CT_COL, CT_CHGTYPE, CT_REP, ...
    CT_REL, CT_ADD, CT_NEWVAL, CT_TLOAD, CT_TAREALOAD, CT_LOAD_ALL_PQ, ...
    CT_LOAD_FIX_PQ, CT_LOAD_DIS_PQ, CT_LOAD_ALL_P, CT_LOAD_FIX_P, ...
    CT_LOAD_DIS_P, CT_TGENCOST, CT_TAREAGENCOST, CT_MODCOST_F, ...
    CT_MODCOST_X] = idx_ct;

solarprofile = struct( ...
    'type', 'mpcData', ...
    'table', CT_TGEN, ...
    'rows', [1:12], ...
    'col', PMAX, ...
    'chgtype', 1, ...
    'values', [] );
solarprofile.values(:,1,:) = [
	0.0 0.0 0.0 0.0 0.0 0.0 0.0 0.0 0.0 0.0 0.0 0.0;
	0.0 0.0 0.0 0.0 0.0 0.0 0.0 0.0 0.0 0.0 0.0 0.0;
	0.0 0.0 0.0 0.0 0.0 0.0 0.0 0.0 0.0 0.0 0.0 0.0;
	0.0 0.0 0.0 0.0 0.0 0.0 0.0 0.0 0.0 0.0 0.0 0.0;
	0.0 0.0 0.0 0.0 0.0 0.0 0.0 0.0 0.0 0.0 0.0 0.0;
	0.4809 0.409 0.4256 0.0 0.0 0.0 0.0 0.2 0.0 0.0 0.0 0.0;
	3.4549 2.4614 2.2254 0.8102 2.8548 314.9833 39.3729 36.7919 70.4726 44.837 8.1531 81.2001;
	16.8193 12.6627 10.4754 4.0899 5.7171 446.0562 55.757 71.935 242.5763 46.097 18.8965 83.482;
	22.9348 16.6083 13.8 8.1468 7.831 454.2326 56.7791 75.5811 258.2931 50.9343 25.9783 92.2423;
	24.2888 16.1775 13.7278 5.7115 6.0103 351.7154 43.9644 68.3228 79.6239 29.2572 18.1661 52.985;
	25.4117 16.4782 13.8262 6.2719 5.0474 376.4357 47.0545 65.8051 133.4754 42.6391 29.5571 77.2197;
	25.2852 16.4869 13.769 6.1273 4.4476 375.6628 46.9578 61.206 191.1687 69.1209 39.1599 125.1784;
	8.3724 9.3881 6.3419 3.1363 5.6157 166.6822 20.8353 26.9105 137.0335 79.0442 20.5805 143.1495;
	2.869 3.9805 2.862 1.6486 5.9139 116.1393 14.5174 25.4112 106.114 64.4725 11.6212 116.7601;
	1.3102 1.5557 1.1313 0.6782 5.928 106.6919 13.3365 22.294 76.6686 42.9136 6.3088 77.7169;
	0.3213 0.4035 0.4589 0.0 1.4804 92.6308 11.5789 10.3909 22.9288 12.346 2.7476 22.3586;
	0.4673 0.3814 0.32 0.3764 0.7045 33.2242 4.153 2.8762 17.0098 7.6373 4.21 13.8312;
	0.0 0.0 0.0 0.0 0.0 0.0 0.0 0.0 0.0 0.0 0.0 0.0;
	0.0 0.0 0.0 0.0 0.0 0.0 0.0 0.0 0.0 0.0 0.0 0.0;
	0.0 0.0 0.0 0.0 0.0 0.0 0.0 0.0 0.0 0.0 0.0 0.0;
	0.0 0.0 0.0 0.0 0.0 0.0 0.0 0.0 0.0 0.0 0.0 0.0;
	0.0 0.0 0.0 0.0 0.0 0.0 0.0 0.0 0.0 0.0 0.0 0.0;
	0.0 0.0 0.0 0.0 0.0 0.0 0.0 0.0 0.0 0.0 0.0 0.0;
	0.0 0.0 0.0 0.0 0.0 0.0 0.0 0.0 0.0 0.0 0.0 0.0;
];
