function solarprofile = ex_solar_profilesh1
%EX_WIND_PROFILE_D  Example wind_load_nyiso profile data for deterministic unit commitment.
% 2022.03.12
% Andres F. Ramirez


%% define constants
[GEN_BUS, PG, QG, QMAX, QMIN, VG, MBASE, GEN_STATUS, PMAX, PMIN, ...
    MU_PMAX, MU_PMIN, MU_QMAX, MU_QMIN, PC1, PC2, QC1MIN, QC1MAX, ...
    QC2MIN, QC2MAX, RAMP_AGC, RAMP_10, RAMP_30, RAMP_Q, APF] = idx_gen;
[CT_LABEL, CT_PROB, CT_TABLE, CT_TBUS, CT_TGEN, CT_TBRCH, CT_TAREABUS, ...
    CT_TAREAGEN, CT_TAREABRCH, CT_ROW, CT_COL, CT_CHGTYPE, CT_REP, ...
    CT_REL, CT_ADD, CT_NEWVAL, CT_TLOAD, CT_TAREALOAD, CT_LOAD_ALL_PQ, ...
    CT_LOAD_FIX_PQ, CT_LOAD_DIS_PQ, CT_LOAD_ALL_P, CT_LOAD_FIX_P, ...
    CT_LOAD_DIS_P, CT_TGENCOST, CT_TAREAGENCOST, CT_MODCOST_F, ...
    CT_MODCOST_X] = idx_ct;

solarprofile = struct( ...
    'type', 'mpcData', ...
    'table', CT_TGEN, ...
    'rows', [1:12], ...
    'col', PMAX, ...
    'chgtype', 1, ...
    'values', [] );
solarprofile.values(:,1,:) = [
	0.0 0.0 0.0 0.0 0.0 0.0 0.0 0.0 0.0 0.0 0.0 0.0;
	0.0 0.0 0.0 0.0 0.0 0.0 0.0 0.0 0.0 0.0 0.0 0.0;
	0.0 0.0 0.0 0.0 0.0 0.0 0.0 0.0 0.0 0.0 0.0 0.0;
	0.0 0.0 0.0 0.0 0.0 0.0 0.0 0.0 0.0 0.0 0.0 0.0;
	0.0 0.0 0.0 0.0 0.0 0.0 0.0 0.0 0.0 0.0 0.0 0.0;
	0.4731 0.4212 0.4307 0.0 0.0 0.0 0.0 0.2577 0.5302 0.0 0.0 0.0;
	2.9966 5.597 4.9089 5.3907 6.9857 328.3044 41.0381 36.0599 186.9966 12.4303 8.8768 22.5113;
	12.2984 13.6565 10.9679 10.1744 9.6224 454.2063 56.7758 65.589 269.3813 42.9103 19.195 77.7108;
	19.5964 16.6083 13.7999 11.4817 10.0398 460.6185 57.5773 72.1335 272.4363 88.0389 31.5639 159.4389;
	17.1107 14.1339 11.6872 10.4177 6.4005 391.3125 48.9141 61.85 187.7305 109.4193 45.3295 198.159;
	13.5052 10.7854 10.8337 8.6266 6.7286 360.6289 45.0786 59.5287 128.1076 85.3727 28.5103 154.6105;
	15.9334 13.012 11.9144 7.026 6.433 357.2961 44.662 57.3379 133.3755 59.1409 24.354 107.1046;
	13.5668 10.935 9.4941 5.5356 5.0691 329.0064 41.1258 32.2752 225.373 91.13 75.2196 165.0371;
	14.9489 11.505 8.9981 4.7477 4.1982 347.2079 43.401 40.5672 250.7008 116.5177 118.2695 211.0142;
	11.5433 7.9388 6.0634 3.8726 3.9779 276.9728 34.6216 53.3926 239.69 104.1696 121.5057 188.6517;
	4.4298 2.8765 2.3693 1.5068 1.3067 56.8851 7.1106 49.6388 82.3869 15.3619 20.6364 27.8205;
	0.7877 0.7737 0.5071 0.4947 0.9321 9.8944 1.2368 6.5307 7.3938 2.9091 3.5931 5.2684;
	0.0 0.0 0.0 0.0 0.0 0.0 0.0 0.0 0.0 0.0 0.0 0.0;
	0.0 0.0 0.0 0.0 0.0 0.0 0.0 0.0 0.0 0.0 0.0 0.0;
	0.0 0.0 0.0 0.0 0.0 0.0 0.0 0.0 0.0 0.0 0.0 0.0;
	0.0 0.0 0.0 0.0 0.0 0.0 0.0 0.0 0.0 0.0 0.0 0.0;
	0.0 0.0 0.0 0.0 0.0 0.0 0.0 0.0 0.0 0.0 0.0 0.0;
	0.0 0.0 0.0 0.0 0.0 0.0 0.0 0.0 0.0 0.0 0.0 0.0;
	0.0 0.0 0.0 0.0 0.0 0.0 0.0 0.0 0.0 0.0 0.0 0.0;
];
