function loadprofile = ex_load_profilesh1
%EX_LOAD_PROFILE  Example load profile data file for stochastic unit commitment.
% 2022.03.12
% Andres F. Ramirez

%% define constants
[CT_LABEL, CT_PROB, CT_TABLE, CT_TBUS, CT_TGEN, CT_TBRCH, CT_TAREABUS, ...
    CT_TAREAGEN, CT_TAREABRCH, CT_ROW, CT_COL, CT_CHGTYPE, CT_REP, ...
    CT_REL, CT_ADD, CT_NEWVAL, CT_TLOAD, CT_TAREALOAD, CT_LOAD_ALL_PQ, ...
    CT_LOAD_FIX_PQ, CT_LOAD_DIS_PQ, CT_LOAD_ALL_P, CT_LOAD_FIX_P, ...
    CT_LOAD_DIS_P, CT_TGENCOST, CT_TAREAGENCOST, CT_MODCOST_F, ...
    CT_MODCOST_X] = idx_ct;

loadprofile = struct( ...
    'type', 'mpcData', ...
    'table', CT_TAREALOAD, ...
    'rows', [1:11], ...
    'col', CT_LOAD_ALL_P, ...
    'chgtype', 1, ...
    'values', [] );
loadprofile.values(:,1,:) = [
	1540.5603 985.6284 1644.9284 593.514 838.3122 1171.8 910.5997 263.3124 520.8514 4573.8 1775.4364;
	1529.8558 993.116 1680.3526 587.2 850.0 1172.9019 896.8903 267.4061 502.3011 4493.8354 1753.9793;
	1589.5504 1013.6 1719.8043 578.1825 876.512 1226.8777 921.4 271.7698 514.5235 4577.2404 1810.973;
	1657.2228 1087.0167 1821.452 572.7 920.6297 1304.8684 966.4 300.4379 548.7131 4798.5047 1939.1;
	1811.5718 1209.2 2019.8141 602.756 1045.7403 1469.9067 1077.7763 346.4 636.1956 5414.9932 2201.6046;
	1898.2281 1270.6513 2076.5028 584.005 1087.5572 1530.9278 1116.8611 352.0736 665.4697 5908.8502 2331.7;
	1899.7 1299.4 2106.0295 572.7104 1062.4 1501.7471 1115.0363 381.4415 661.6094 6287.0738 2342.9;
	1868.3469 1264.9644 2080.3028 587.7843 1064.6862 1449.8 1093.9105 361.6001 679.0774 6492.6921 2259.8927;
	1865.0446 1267.904 2054.6281 581.1113 1055.0 1419.1704 1119.8469 347.8565 688.3898 6461.0242 2239.678;
	1843.4 1274.3396 2059.1469 583.835 1047.6196 1448.2132 1137.6274 340.3 682.5488 6449.635 2222.439;
	1789.3 1265.3725 2034.3661 594.0081 1028.0744 1406.1136 1121.6282 334.324 678.569 6459.0347 2259.6224;
	1804.4399 1235.2 1961.0549 600.8476 1017.7974 1368.1981 1087.4758 330.9899 679.9499 6435.4102 2291.9943;
	1833.5781 1226.7427 1952.3189 610.7548 1026.6887 1365.0733 1071.1 333.9264 688.9 6420.8152 2295.4736;
	1812.9772 1216.7586 1913.4 601.7994 1006.4013 1322.6713 1005.9264 327.3437 671.258 6385.7342 2191.7437;
	1779.6421 1195.0 1896.8634 600.5676 1006.1884 1356.6125 1028.4749 327.9883 656.5 6382.7163 2250.6982;
	1834.9435 1214.081 1922.6952 587.4 1023.1651 1399.7039 1086.1612 331.6875 687.8879 6318.0289 2324.9866;
	1816.8 1210.0416 1915.0015 579.1033 1041.6416 1413.7533 1106.8216 338.9273 702.1437 6178.5 2360.0885;
	1864.9669 1265.8745 2026.5431 589.6401 1094.4862 1513.9685 1175.6946 350.6767 736.7 6187.1642 2483.4828;
	1894.2019 1262.9 1989.2835 580.1098 1045.5 1472.4914 1155.5 357.2159 718.6378 6163.6736 2492.9492;
	1854.2409 1215.2658 1927.1335 577.6867 1010.5 1410.3915 1123.4586 351.1994 689.0 5948.5958 2404.0382;
	1747.1235 1140.2245 1825.3343 550.6818 956.3454 1308.054 1049.7557 315.5932 637.9 5689.7112 2308.8439;
	1635.0707 1072.0435 1728.8606 552.8305 885.4121 1232.7548 982.311 287.2 603.5 5291.3325 2076.7628;
	1568.0566 995.3578 1600.3279 560.3 823.1394 1127.3868 898.3 277.2 512.3021 4910.2559 1907.0372;
	1532.1893 958.4 1561.4 560.881 774.3571 1085.3607 883.1685 240.2915 511.2786 4664.0413 1829.6721;
];
