function windprofile = ex_wind_profilesh1
%EX_WIND_PROFILE_D  Example wind_load_nyiso profile data for deterministic unit commitment.
% 2022.03.12
% Andres F. Ramirez


%% define constants
[GEN_BUS, PG, QG, QMAX, QMIN, VG, MBASE, GEN_STATUS, PMAX, PMIN, ...
    MU_PMAX, MU_PMIN, MU_QMAX, MU_QMIN, PC1, PC2, QC1MIN, QC1MAX, ...
    QC2MIN, QC2MAX, RAMP_AGC, RAMP_10, RAMP_30, RAMP_Q, APF] = idx_gen;
[CT_LABEL, CT_PROB, CT_TABLE, CT_TBUS, CT_TGEN, CT_TBRCH, CT_TAREABUS, ...
    CT_TAREAGEN, CT_TAREABRCH, CT_ROW, CT_COL, CT_CHGTYPE, CT_REP, ...
    CT_REL, CT_ADD, CT_NEWVAL, CT_TLOAD, CT_TAREALOAD, CT_LOAD_ALL_PQ, ...
    CT_LOAD_FIX_PQ, CT_LOAD_DIS_PQ, CT_LOAD_ALL_P, CT_LOAD_FIX_P, ...
    CT_LOAD_DIS_P, CT_TGENCOST, CT_TAREAGENCOST, CT_MODCOST_F, ...
    CT_MODCOST_X] = idx_ct;

windprofile = struct( ...
    'type', 'mpcData', ...
    'table', CT_TGEN, ...
    'rows', [1:45], ...
    'col', PMAX, ...
    'chgtype', 1, ...
    'values', [] );
windprofile.values(:,1,:) = [
	0.709 9.5798 51.1101 59.4841 7.2322 0.1205 0.0 8.2584 0.0 19.5855 36.2035 54.0085 81.3095 18.2167 143.8552 54.1966 67.2439 71.2585 82.9765 67.2878 0.0 0.2812 66.0003 62.9219 35.8192 46.7284 4.0911 168.3938 309.7245 309.7245 212.3592 47.7297 276.5883 173.1989 57.1119 132.1491 343.0296 81.775 19.6479 95.9442 64.0194 1.3369 1.3137 61.4066 346.6028;
	0.4399 5.944 39.6821 52.7132 6.0521 0.0 0.357 8.8 1.6957 11.7729 21.7621 32.4647 48.8755 24.7739 128.021 48.2312 59.8424 63.4151 73.4919 68.8213 0.119 0.0 32.9625 42.6964 4.6773 42.7836 3.5821 46.2786 222.3528 222.3528 156.2441 29.0239 244.9729 177.1463 77.6697 94.8705 267.663 85.9509 19.3151 12.5285 71.046 0.0 0.0471 67.4322 270.4512;
	0.337 4.5536 57.8846 60.6521 5.1177 0.0 0.0 9.2544 0.0 9.4099 17.394 25.9485 39.0653 7.7486 82.6918 31.1537 38.6536 40.9613 61.2067 66.7417 0.0 0.0 23.7934 61.6559 35.6386 51.8295 4.5504 0.0 8.2166 8.2166 18.9977 15.919 204.0224 171.7934 24.293 3.5058 139.4046 1.1957 0.0 95.4607 67.1167 0.0 3.547 97.1813 140.8567;
	0.416 5.6204 50.797 35.489 6.3053 0.0 0.0 10.2561 0.0 12.8409 23.7363 35.4099 53.3094 2.3434 89.0594 33.5526 41.6301 44.1155 43.8476 65.0576 0.0 0.0 42.516 46.5062 25.2675 55.3571 5.9852 0.0 0.7305 0.7305 4.841 16.6047 146.1588 167.4585 7.347 0.3117 0.0 0.1012 0.0 67.6808 59.3907 0.0 0.0 122.9936 0.0;
	0.4485 6.0608 63.2416 21.7779 6.3038 0.0 0.0 11.1255 0.0 11.86 21.9231 32.705 49.2371 0.0 110.4192 41.5998 51.6146 54.696 54.3915 64.934 0.0 0.0 25.3025 51.0411 30.2189 53.9314 7.2458 0.0 0.0 0.0 0.3239 5.8793 181.3049 167.1402 0.0 0.0 0.0 0.0 0.0 80.9434 59.0038 0.0 0.0 124.9143 0.0;
	0.4172 5.6371 67.7993 32.7946 6.5116 2.3676 0.0 9.6733 0.0 7.1176 13.1567 19.6272 29.5487 0.0117 122.4256 46.1231 57.2268 60.6434 78.7267 64.9376 0.0 5.5244 4.8643 35.1107 22.0456 59.7679 6.9195 0.0 0.0521 0.0521 4.1079 7.2223 262.4224 167.1496 0.0365 0.0222 0.0 0.0 0.0 59.0506 43.9019 26.2643 9.2673 117.8848 0.0;
	0.462 6.2432 52.3347 28.5416 8.7146 2.2816 2.7668 7.1664 0.6836 3.3985 6.282 9.3715 14.1088 3.0295 98.7637 37.2087 46.1663 48.9225 65.8962 66.2793 0.9223 5.3236 0.0 36.6216 16.6103 60.9132 3.6066 17.3423 5.9001 5.9001 17.8631 0.0 219.6538 170.6031 9.4979 2.5174 1.4468 0.0335 0.0 44.4918 26.038 25.3101 26.3232 132.2995 1.4619;
	0.4107 5.549 23.9722 15.004 2.9965 2.2128 3.7895 6.5403 1.0297 0.2898 0.5357 0.7992 1.2032 4.5126 42.2535 15.9188 19.7511 20.9302 20.8582 44.8245 1.2632 5.1632 0.0 0.0 3.488 57.9797 3.8759 7.1209 6.969 6.969 73.1176 0.8562 69.5274 115.3783 14.1475 2.9734 14.7285 13.9783 0.3166 9.3428 10.6483 24.5473 0.5878 101.0731 14.8819;
	0.5781 7.811 21.1839 5.8101 3.1437 0.0335 0.0845 4.3662 0.0386 0.0 0.0 0.0 0.0 2.6126 11.1339 4.1946 5.2044 5.5152 58.586 17.7895 0.0282 0.0782 3.5246 0.0 4.7156 43.9869 3.582 20.3446 8.9228 8.9228 60.217 2.1316 195.2867 45.7903 8.1908 3.807 28.704 13.1753 1.2305 12.6311 12.3838 0.3719 1.595 77.2941 29.003;
	0.615 8.3097 28.7315 21.6942 7.8449 2.1932 2.0271 4.5423 3.6554 0.0002 0.0004 0.0006 0.0009 16.3553 8.875 3.3436 4.1485 4.3962 33.3679 14.6891 0.6757 5.1175 9.635 30.3414 26.4064 43.2168 3.0778 40.5166 60.491 60.491 30.4909 0.8393 111.2263 37.8097 51.2762 25.8095 210.2114 7.0228 40.4295 70.7315 9.296 24.3302 51.0582 94.538 212.4011;
	0.9217 12.4545 38.4978 0.2238 11.4924 0.4237 2.5651 3.8397 4.0256 0.0 0.0 0.0 0.0 18.0336 0.323 0.1217 0.151 0.16 24.7435 13.1974 0.855 0.9886 15.3356 39.7796 40.0553 50.4798 1.4041 106.834 68.4585 68.4585 39.2324 2.5263 82.4783 33.9702 56.5377 29.2089 282.8958 7.2589 57.7286 107.2911 19.5148 4.7001 6.7483 103.0322 285.8427;
	1.7741 23.9723 59.4545 0.0027 13.6995 0.7614 5.9471 0.6722 13.4216 0.0032 0.0059 0.0088 0.0132 13.9708 4.7221 1.779 2.2073 2.3391 28.4166 14.1955 1.9824 1.7765 45.294 53.0623 3.547 44.6349 0.1685 159.4334 100.4052 100.4052 24.1547 3.4691 94.7219 36.5394 43.8004 42.8396 132.443 0.9753 241.3158 9.501 51.8485 8.4462 16.9518 135.8354 133.8226;
	2.3789 32.1446 81.2664 2.7685 14.0956 3.775 7.2766 0.1177 18.9463 22.0643 40.7854 60.8438 91.6001 16.505 0.0 0.0 0.0 0.0 10.3417 9.8864 2.4255 8.8084 31.4757 64.8025 66.3393 50.3507 0.4814 233.3099 175.7136 175.7136 45.4226 4.9861 34.4723 25.4477 51.7455 74.9711 203.3143 11.5835 200.5909 177.6944 49.9865 41.8775 112.5969 173.1652 205.4322;
	2.1358 28.8597 8.5431 0.863 13.9571 19.4797 0.4731 5.3236 3.9185 0.0 0.0 0.0 0.0 4.829 0.0 0.0 0.0 0.0 14.5411 6.9789 0.1577 45.4527 33.52 2.2832 19.849 32.331 1.7415 212.8407 214.1636 214.1636 32.7148 5.2289 48.4703 17.9637 15.1395 91.3765 211.0075 9.9293 77.2707 53.1669 77.6457 216.0953 81.1219 137.9501 213.2055;
	2.3144 31.2722 0.724 0.0007 8.9182 3.4519 0.9394 0.3893 2.5764 0.0 0.0 0.0 0.0 5.3142 0.0 0.0 0.0 0.0 5.094 0.4966 0.3131 8.0545 23.7856 0.3939 9.1771 0.006 0.3794 288.2474 271.5576 271.5576 101.831 7.178 16.9799 1.2782 16.6607 115.8646 287.054 19.7568 18.9644 24.5815 4.0469 38.2935 85.1825 100.6912 290.0441;
	3.3264 44.9473 84.8016 1.3745 13.4472 2.9615 1.9163 2.2414 1.1682 0.0 0.0 0.0 0.0 2.8345 0.0 0.0 0.0 0.0 0.2147 0.0 0.6388 6.9101 25.3491 0.8973 13.2448 5.9726 1.2876 401.5982 277.532 277.532 178.2879 10.4388 0.7156 0.0 8.8865 118.4136 333.8832 42.2194 170.4244 35.4773 10.5891 32.8526 9.0129 176.3827 337.3612;
	3.5391 47.8213 7.6191 2.8149 14.1901 0.2433 0.1378 0.5934 0.4466 0.0 0.0 0.0 0.0 10.1568 0.0 0.0 0.0 0.0 0.0792 0.0 0.0459 0.5677 0.0 0.8921 10.5271 6.0344 1.5363 348.805 356.8959 356.8959 190.9599 21.5022 0.2641 0.0 31.843 152.2756 448.9464 75.2188 45.3595 28.1975 4.1969 2.699 132.483 228.6564 453.6229;
	2.8894 39.0415 0.3017 0.5427 13.9574 17.7981 0.1794 0.2308 0.0 0.0 0.0 0.0 0.0 18.0131 4.5764 1.7241 2.1392 2.2669 1.2466 0.1758 0.0598 41.5288 2.0348 0.0 1.1654 11.0223 0.2402 517.8251 478.2328 478.2328 332.1019 29.8168 4.1553 0.4526 56.4734 204.046 549.6397 101.2492 0.4148 3.1217 0.3112 197.4398 116.6117 227.4681 555.3651;
	3.003 40.5765 80.2556 0.0 13.9352 22.4689 0.0 0.0 0.2246 2.6947 4.981 7.4307 11.1869 8.4145 5.0139 1.889 2.3437 2.4837 0.0 37.4009 0.0 52.4273 0.5156 0.0 0.0 59.5753 0.0 732.1061 431.9446 431.9446 372.2243 44.3319 0.0 96.27 26.3805 184.2964 616.5219 74.1283 6.5324 0.0 0.0 249.2545 103.8869 212.1829 622.944;
	3.0272 40.9047 0.3986 0.0 13.9363 0.0 16.8245 0.0021 24.6154 10.5478 19.4974 29.0863 43.7893 4.474 9.4511 3.5607 4.4179 4.6816 0.0 17.6113 5.6082 0.0 36.0493 0.0 0.099 51.1115 0.0 717.5007 428.5522 428.5522 341.6853 43.4299 0.0 45.3314 14.0266 182.849 567.1302 71.3494 0.0591 0.2653 0.0609 0.0 102.3521 177.7108 573.0378;
	3.1905 43.1111 86.3088 0.0411 14.128 1.1279 0.2765 0.1295 25.7507 14.8717 27.4901 41.0099 61.7401 10.4115 26.3361 9.922 12.3106 13.0455 0.405 31.2181 0.0922 2.6318 55.0868 78.4748 0.3383 55.8884 0.0374 595.6685 384.9949 384.9949 245.0397 51.736 1.3502 80.3554 32.6415 164.2645 534.8834 70.3155 19.9041 0.9063 10.0552 12.5125 99.2231 169.961 540.4551;
