function loadprofile = ex_load_profilesh1
%EX_LOAD_PROFILE  Example load profile data file for stochastic unit commitment.
% 2022.03.12
% Andres F. Ramirez

%% define constants
[CT_LABEL, CT_PROB, CT_TABLE, CT_TBUS, CT_TGEN, CT_TBRCH, CT_TAREABUS, ...
    CT_TAREAGEN, CT_TAREABRCH, CT_ROW, CT_COL, CT_CHGTYPE, CT_REP, ...
    CT_REL, CT_ADD, CT_NEWVAL, CT_TLOAD, CT_TAREALOAD, CT_LOAD_ALL_PQ, ...
    CT_LOAD_FIX_PQ, CT_LOAD_DIS_PQ, CT_LOAD_ALL_P, CT_LOAD_FIX_P, ...
    CT_LOAD_DIS_P, CT_TGENCOST, CT_TAREAGENCOST, CT_MODCOST_F, ...
    CT_MODCOST_X] = idx_ct;

loadprofile = struct( ...
    'type', 'mpcData', ...
    'table', CT_TAREALOAD, ...
    'rows', [1:11], ...
    'col', CT_LOAD_ALL_P, ...
    'chgtype', 1, ...
    'values', [] );
loadprofile.values(:,1,:) = [
	1618.1793 961.9041 1664.8494 571.2015 832.6064 1181.4835 862.2798 253.5795 513.6552 4613.6732 1754.3436;
	1605.2557 968.4069 1659.7 578.2342 824.6948 1178.4884 856.1873 251.0342 480.9744 4565.7459 1736.7872;
	1608.7028 981.8234 1668.6839 579.8693 830.1218 1198.2133 885.1593 249.5003 485.3882 4573.4793 1763.2455;
	1663.4 1029.1 1754.6908 572.6922 878.6155 1271.1 915.5341 272.7416 514.4761 4746.0347 1839.8428;
	1812.7 1137.6 1930.3577 605.7 982.7954 1431.5366 1019.1993 330.746 621.0123 5320.7716 2115.2631;
	1928.8798 1224.118 2038.1277 618.1615 1055.5702 1555.4865 1098.2741 346.7428 694.0766 5984.6149 2278.1755;
	1942.3986 1227.5 2027.6858 629.1604 1044.0538 1536.7325 1110.7171 353.6594 725.7984 6346.4453 2339.4632;
	1928.5637 1228.5805 1985.1462 601.403 1039.7118 1519.0878 1101.4787 339.395 711.4 6501.2022 2288.7;
	1916.3209 1212.4826 1932.654 582.3 1003.9892 1501.2351 1086.1864 316.2581 702.9 6505.5239 2207.7762;
	1906.3419 1214.7496 1935.3911 594.5 1001.6298 1457.6733 1046.3446 306.7091 682.9 6514.0187 2211.0667;
	1887.396 1175.3386 1887.0997 601.1119 978.269 1440.5868 1041.0 299.3823 674.9749 6409.9617 2214.549;
	1858.662 1171.8729 1859.3184 581.5289 984.8677 1453.4126 1080.9 295.7605 680.6074 6433.1254 2222.229;
	1803.4 1156.0141 1806.6619 572.4 939.7605 1421.5659 1036.7226 295.1084 665.9 6396.3709 2137.602;
	1818.4 1155.2579 1812.4855 566.4 943.447 1380.5101 1058.9352 267.3525 690.2529 6461.2301 2228.7848;
	1778.652 1149.7 1821.6 580.041 928.3774 1365.2059 1028.6281 292.1098 681.3463 6509.4301 2349.9777;
	1801.3385 1161.9634 1842.016 588.3314 951.799 1391.5292 1074.0318 313.4368 699.5242 6774.7364 2452.5342;
	1799.1944 1171.6738 1846.1492 591.4 966.2178 1388.3926 1080.2612 341.4821 700.3 6826.597 2592.1158;
	1808.8626 1213.8586 1945.0885 613.2 1032.7102 1458.5035 1131.6021 361.5 733.8584 6897.1153 2593.0825;
	1786.3834 1214.1223 1946.0075 608.8422 1027.6309 1462.8 1135.9 356.1 721.5224 6723.2976 2539.01;
	1783.5486 1160.6561 1860.7853 604.6 977.5854 1392.7 1111.7894 345.2364 710.6872 6719.1295 2458.7803;
	1728.1143 1069.1052 1773.2685 597.8 932.04 1293.7513 1023.5214 317.4 643.3234 6235.036 2233.6489;
	1589.1727 977.4696 1650.3762 570.5 842.3139 1186.9838 941.9965 292.7225 594.6 5739.6834 1994.7267;
	1491.9172 912.2552 1589.9253 575.1 791.8317 1135.559 861.7269 270.0 540.8842 4959.3132 1833.3595;
	1474.9955 903.9767 1574.8317 584.3 795.1496 1125.7782 850.199 251.4586 521.6 4817.233 1757.6413;
];
