function solarprofile = ex_solar_profilesh1
%EX_WIND_PROFILE_D  Example wind_load_nyiso profile data for deterministic unit commitment.
% 2022.03.12
% Andres F. Ramirez


%% define constants
[GEN_BUS, PG, QG, QMAX, QMIN, VG, MBASE, GEN_STATUS, PMAX, PMIN, ...
    MU_PMAX, MU_PMIN, MU_QMAX, MU_QMIN, PC1, PC2, QC1MIN, QC1MAX, ...
    QC2MIN, QC2MAX, RAMP_AGC, RAMP_10, RAMP_30, RAMP_Q, APF] = idx_gen;
[CT_LABEL, CT_PROB, CT_TABLE, CT_TBUS, CT_TGEN, CT_TBRCH, CT_TAREABUS, ...
    CT_TAREAGEN, CT_TAREABRCH, CT_ROW, CT_COL, CT_CHGTYPE, CT_REP, ...
    CT_REL, CT_ADD, CT_NEWVAL, CT_TLOAD, CT_TAREALOAD, CT_LOAD_ALL_PQ, ...
    CT_LOAD_FIX_PQ, CT_LOAD_DIS_PQ, CT_LOAD_ALL_P, CT_LOAD_FIX_P, ...
    CT_LOAD_DIS_P, CT_TGENCOST, CT_TAREAGENCOST, CT_MODCOST_F, ...
    CT_MODCOST_X] = idx_ct;

solarprofile = struct( ...
    'type', 'mpcData', ...
    'table', CT_TGEN, ...
    'rows', [1:12], ...
    'col', PMAX, ...
    'chgtype', 1, ...
    'values', [] );
solarprofile.values(:,1,:) = [
	0.0 0.0 0.0 0.0 0.0 0.0 0.0 0.0 0.0 0.0 0.0 0.0;
	0.0 0.0 0.0 0.0 0.0 0.0 0.0 0.0 0.0 0.0 0.0 0.0;
	0.0 0.0 0.0 0.0 0.0 0.0 0.0 0.0 0.0 0.0 0.0 0.0;
	0.0 0.0 0.0 0.0 0.0 0.0 0.0 0.0 0.0 0.0 0.0 0.0;
	0.0 0.0 0.0 0.0 0.0 0.0 0.0 0.0 0.0 0.0 0.0 0.0;
	0.4731 0.4018 0.4224 0.0 0.0 0.0 0.0 0.2 0.0 0.0 0.0 0.0;
	7.4566 6.3804 2.4054 9.369 4.8214 302.1247 37.7656 21.4879 186.9381 12.4646 4.9452 22.5735;
	21.5477 16.0678 11.0438 11.9852 10.2039 461.8295 57.7287 73.6098 269.6534 38.7839 18.8948 70.2378;
	24.8511 16.8739 13.8 12.02 10.6518 466.2481 58.281 77.4454 273.2037 71.5991 33.5983 129.6664;
	24.1249 16.1601 13.6408 6.8107 5.2787 379.1251 47.3906 68.2909 178.3285 98.0813 35.4534 177.6258;
	24.8464 16.371 13.7062 6.5563 5.239 335.3602 41.92 62.8973 80.9196 114.2826 40.5625 206.9665;
	24.9952 16.3954 13.7651 6.4724 5.7696 312.4565 39.0571 62.7218 38.312 117.1646 52.185 212.1858;
	13.8013 12.1781 10.7403 2.8572 6.0661 136.6208 17.0776 56.8783 44.3321 106.2506 68.4223 192.4205;
	12.4736 11.0803 10.1219 1.6464 5.696 131.0783 16.3848 61.2032 80.3828 89.5175 54.8657 162.1167;
	8.4992 7.0625 6.8406 1.2657 5.1002 109.4584 13.6823 60.8079 98.8842 67.9363 34.417 123.033;
	3.1772 2.5718 2.3776 1.3064 2.0383 26.4449 3.3056 28.1757 72.5256 19.18 2.9277 34.7351;
	0.795 0.7684 0.4701 1.1551 1.1212 8.0793 1.0099 5.3535 9.2868 8.6469 3.1305 15.6595;
	0.0 0.0 0.0 0.0 0.0 0.0 0.0 0.0 0.0 0.0 0.0 0.0;
	0.0 0.0 0.0 0.0 0.0 0.0 0.0 0.0 0.0 0.0 0.0 0.0;
	0.0 0.0 0.0 0.0 0.0 0.0 0.0 0.0 0.0 0.0 0.0 0.0;
	0.0 0.0 0.0 0.0 0.0 0.0 0.0 0.0 0.0 0.0 0.0 0.0;
	0.0 0.0 0.0 0.0 0.0 0.0 0.0 0.0 0.0 0.0 0.0 0.0;
	0.0 0.0 0.0 0.0 0.0 0.0 0.0 0.0 0.0 0.0 0.0 0.0;
	0.0 0.0 0.0 0.0 0.0 0.0 0.0 0.0 0.0 0.0 0.0 0.0;
];
