function solarprofile = ex_solar_profilesh1
%EX_WIND_PROFILE_D  Example wind_load_nyiso profile data for deterministic unit commitment.
% 2022.03.12
% Andres F. Ramirez


%% define constants
[GEN_BUS, PG, QG, QMAX, QMIN, VG, MBASE, GEN_STATUS, PMAX, PMIN, ...
    MU_PMAX, MU_PMIN, MU_QMAX, MU_QMIN, PC1, PC2, QC1MIN, QC1MAX, ...
    QC2MIN, QC2MAX, RAMP_AGC, RAMP_10, RAMP_30, RAMP_Q, APF] = idx_gen;
[CT_LABEL, CT_PROB, CT_TABLE, CT_TBUS, CT_TGEN, CT_TBRCH, CT_TAREABUS, ...
    CT_TAREAGEN, CT_TAREABRCH, CT_ROW, CT_COL, CT_CHGTYPE, CT_REP, ...
    CT_REL, CT_ADD, CT_NEWVAL, CT_TLOAD, CT_TAREALOAD, CT_LOAD_ALL_PQ, ...
    CT_LOAD_FIX_PQ, CT_LOAD_DIS_PQ, CT_LOAD_ALL_P, CT_LOAD_FIX_P, ...
    CT_LOAD_DIS_P, CT_TGENCOST, CT_TAREAGENCOST, CT_MODCOST_F, ...
    CT_MODCOST_X] = idx_ct;

solarprofile = struct( ...
    'type', 'mpcData', ...
    'table', CT_TGEN, ...
    'rows', [1:12], ...
    'col', PMAX, ...
    'chgtype', 1, ...
    'values', [] );
solarprofile.values(:,1,:) = [
	0.0 0.0 0.0 0.0 0.0 0.0 0.0 0.0 0.0 0.0 0.0 0.0;
	0.0 0.0 0.0 0.0 0.0 0.0 0.0 0.0 0.0 0.0 0.0 0.0;
	0.0 0.0 0.0 0.0 0.0 0.0 0.0 0.0 0.0 0.0 0.0 0.0;
	0.0 0.0 0.0 0.0 0.0 0.0 0.0 0.0 0.0 0.0 0.0 0.0;
	0.0 0.0 0.0 0.0 0.0 0.0 0.0 0.0 0.0 0.0 0.0 0.0;
	0.4784 0.408 0.4224 0.0 0.0 0.2007 0.0251 0.2249 0.0 0.0 0.0 0.0;
	8.8099 7.0661 4.0782 7.7732 4.335 380.9356 47.617 39.5624 189.3323 14.8066 11.0049 26.8149;
	17.9507 13.8681 11.0698 9.7697 6.3425 436.9361 54.617 66.468 260.5216 27.2328 19.5 49.3188;
	22.815 16.6083 13.8 10.7711 8.4233 446.7055 55.8382 71.2696 269.9128 42.7188 28.3082 77.364;
	24.2844 16.1547 12.8152 10.6127 11.6202 335.0322 41.879 49.7576 230.8968 104.5915 44.5676 189.4158;
	24.9497 16.3627 11.4219 10.1026 12.3701 364.6016 45.5752 50.9457 247.2876 197.6243 58.4039 357.8988;
	24.6408 15.8283 11.4309 8.424 11.4657 353.4285 44.1786 49.8963 242.0263 200.347 60.265 362.8297;
	13.6733 8.1355 6.9044 5.8588 11.04 76.9928 9.6241 10.7034 128.0146 100.3631 32.8569 181.7581;
	12.1311 6.7101 5.2124 4.7491 10.9179 25.0361 3.1295 8.8053 97.4943 76.7299 19.4278 138.9583;
	8.3719 5.2079 2.9527 3.9305 10.53 3.1413 0.3927 8.4904 68.1063 56.9111 15.6788 103.0663;
	1.9492 0.8081 0.4328 1.7244 4.7523 0.0 0.0 4.2081 9.9882 13.8682 8.0288 25.1154;
	0.3545 0.3047 0.2871 0.3716 1.1382 3.1588 0.3949 2.5386 2.2574 2.5033 3.7964 4.5334;
	0.0 0.0 0.0 0.0 0.0 0.0 0.0 0.0 0.0 0.0 0.0 0.0;
	0.0 0.0 0.0 0.0 0.0 0.0 0.0 0.0 0.0 0.0 0.0 0.0;
	0.0 0.0 0.0 0.0 0.0 0.0 0.0 0.0 0.0 0.0 0.0 0.0;
	0.0 0.0 0.0 0.0 0.0 0.0 0.0 0.0 0.0 0.0 0.0 0.0;
	0.0 0.0 0.0 0.0 0.0 0.0 0.0 0.0 0.0 0.0 0.0 0.0;
	0.0 0.0 0.0 0.0 0.0 0.0 0.0 0.0 0.0 0.0 0.0 0.0;
	0.0 0.0 0.0 0.0 0.0 0.0 0.0 0.0 0.0 0.0 0.0 0.0;
];
