function loadprofile = ex_load_profilesh1
%EX_LOAD_PROFILE  Example load profile data file for stochastic unit commitment.
% 2022.03.12
% Andres F. Ramirez

%% define constants
[CT_LABEL, CT_PROB, CT_TABLE, CT_TBUS, CT_TGEN, CT_TBRCH, CT_TAREABUS, ...
    CT_TAREAGEN, CT_TAREABRCH, CT_ROW, CT_COL, CT_CHGTYPE, CT_REP, ...
    CT_REL, CT_ADD, CT_NEWVAL, CT_TLOAD, CT_TAREALOAD, CT_LOAD_ALL_PQ, ...
    CT_LOAD_FIX_PQ, CT_LOAD_DIS_PQ, CT_LOAD_ALL_P, CT_LOAD_FIX_P, ...
    CT_LOAD_DIS_P, CT_TGENCOST, CT_TAREAGENCOST, CT_MODCOST_F, ...
    CT_MODCOST_X] = idx_ct;

loadprofile = struct( ...
    'type', 'mpcData', ...
    'table', CT_TAREALOAD, ...
    'rows', [1:11], ...
    'col', CT_LOAD_ALL_P, ...
    'chgtype', 1, ...
    'values', [] );
loadprofile.values(:,1,:) = [
	1570.7 988.938 1730.8682 566.8358 874.462 1240.9058 936.65 277.0684 554.9495 4768.4039 1775.3766;
	1539.5893 981.9901 1700.5713 572.3083 866.5637 1237.485 924.6371 278.0469 540.0681 4726.5 1757.3;
	1552.2969 1012.6778 1746.4422 560.7492 870.8 1255.3136 941.2381 278.6549 556.1117 4717.5686 1798.5476;
	1654.7329 1091.5 1843.0823 578.9073 918.7271 1326.235 985.0 299.3331 595.5772 4916.2122 1905.7031;
	1762.767 1208.269 2021.484 604.9 1048.7588 1472.9925 1072.8 337.2706 694.161 5402.2481 2155.2;
	1882.5 1274.0347 2132.069 620.2934 1082.8307 1532.826 1143.0815 361.5464 756.8147 5996.1768 2336.9998;
	1891.5861 1256.8955 2079.3533 621.2798 1033.201 1509.7894 1144.2004 365.1977 788.9916 6389.4183 2394.805;
	1917.7487 1272.1492 2125.2387 608.6 1006.2225 1491.4629 1156.7 368.5479 824.4266 6680.6215 2428.5;
	1928.0738 1241.8712 2058.6 626.9593 997.7642 1431.7 1116.5688 344.7165 799.7822 6667.085 2350.6899;
	1955.8435 1242.309 2052.0546 614.9 994.0241 1386.1 1088.0632 337.9383 796.2547 6560.5405 2401.9984;
	1905.1482 1218.013 1995.066 600.0251 978.1588 1407.5773 1074.4949 321.6274 766.7036 6549.1345 2408.5458;
	1905.8432 1233.8514 1988.6042 592.9656 982.0813 1388.3279 1092.5035 317.8393 765.7267 6425.7182 2310.9324;
	1905.9942 1184.6478 1951.1183 570.4439 939.7602 1361.17 1099.1636 320.8291 758.7607 6355.2 2342.569;
	1831.7301 1192.3 1932.3684 572.5806 913.8248 1333.5073 1084.5311 323.7675 773.9844 6303.6749 2234.8959;
	1836.9 1204.5288 1953.4333 555.9 923.4085 1374.6299 1124.8387 347.9539 766.3 6401.4642 2351.2645;
	1854.1317 1247.5312 1985.9734 573.4 929.5507 1429.3681 1106.7341 334.9115 822.6891 6423.1377 2435.1653;
	1877.873 1263.0312 2018.5036 564.6 952.4406 1479.3736 1113.6525 355.7 802.4887 6322.9644 2505.3693;
	1966.064 1313.8717 2140.5491 576.3 992.1039 1560.1355 1202.3703 374.6 843.6564 6412.0279 2769.9372;
	1917.5567 1321.7687 2106.0856 559.784 976.1445 1544.757 1187.147 367.3801 799.9049 6247.874 2697.6293;
	1860.0586 1228.5939 2027.0487 569.9 952.5299 1460.6815 1123.3883 356.9292 762.3162 6152.9676 2529.5464;
	1775.8877 1157.4913 1878.0499 556.0426 891.6133 1334.3707 1020.8 324.9849 660.8388 5701.7344 2249.3175;
	1682.3277 1064.7099 1765.8114 548.5609 809.3 1216.824 943.8398 290.7379 602.8 5354.1919 2053.6926;
	1562.6358 1022.4248 1729.9747 560.0 796.8969 1195.6194 909.5 257.0 560.5756 4863.0852 1848.5074;
	1507.3 997.2237 1677.1842 547.3 769.5 1188.1651 886.1312 243.3243 539.1117 4668.5944 1753.3313;
];
