function loadprofile = ex_load_profilesh1
%EX_LOAD_PROFILE  Example load profile data file for stochastic unit commitment.
% 2022.03.12
% Andres F. Ramirez

%% define constants
[CT_LABEL, CT_PROB, CT_TABLE, CT_TBUS, CT_TGEN, CT_TBRCH, CT_TAREABUS, ...
    CT_TAREAGEN, CT_TAREABRCH, CT_ROW, CT_COL, CT_CHGTYPE, CT_REP, ...
    CT_REL, CT_ADD, CT_NEWVAL, CT_TLOAD, CT_TAREALOAD, CT_LOAD_ALL_PQ, ...
    CT_LOAD_FIX_PQ, CT_LOAD_DIS_PQ, CT_LOAD_ALL_P, CT_LOAD_FIX_P, ...
    CT_LOAD_DIS_P, CT_TGENCOST, CT_TAREAGENCOST, CT_MODCOST_F, ...
    CT_MODCOST_X] = idx_ct;

loadprofile = struct( ...
    'type', 'mpcData', ...
    'table', CT_TAREALOAD, ...
    'rows', [1:11], ...
    'col', CT_LOAD_ALL_P, ...
    'chgtype', 1, ...
    'values', [] );
loadprofile.values(:,1,:) = [
	1517.188 951.8784 1632.3823 603.6471 913.7819 1216.2296 891.8 298.6594 523.9869 4718.6524 1762.8652;
	1520.6671 951.9325 1613.8485 603.4746 892.7 1209.1 890.8318 297.2661 530.5863 4657.3676 1755.0637;
	1522.8901 962.2794 1655.0783 602.7 922.2211 1241.6 900.5098 302.7515 548.5743 4716.4111 1787.977;
	1576.0076 1025.444 1740.1225 606.0 980.9138 1326.941 956.4997 324.1545 593.4112 4991.6557 1922.3583;
	1681.7528 1140.1047 1942.5936 610.0 1086.1848 1450.9277 1068.7 366.6142 658.1153 5444.727 2110.6871;
	1800.659 1235.1558 2064.469 627.8043 1155.1775 1555.326 1151.7505 410.7208 715.8429 6055.5454 2264.2148;
	1816.9717 1231.2883 2034.016 607.5 1156.2872 1531.1537 1152.1 399.4488 719.6198 6498.1872 2295.8833;
	1780.8385 1231.7401 1995.2577 609.9528 1115.1847 1528.6965 1146.0442 373.8012 715.2454 6691.6181 2237.7947;
	1814.9202 1234.0 2014.8044 609.4 1107.1873 1530.1722 1154.907 374.1493 715.9 6785.7732 2257.2098;
	1778.8765 1233.5 1996.7626 597.1641 1107.1805 1480.941 1177.2456 387.2153 715.6482 7082.7648 2229.9123;
	1800.402 1245.8657 2000.5974 601.7 1100.5681 1469.3882 1138.3074 390.8 702.7319 6805.9569 2213.9065;
	1783.136 1226.1045 1969.4781 582.4042 1078.0173 1460.018 1133.4603 391.2037 683.7037 6813.276 2231.8425;
	1771.0011 1206.8968 1880.8 596.9934 1068.7684 1441.1283 1125.8608 401.1726 681.6805 6848.8918 2228.8453;
	1753.6938 1186.9745 1879.5908 590.0517 1072.0418 1411.2442 1124.8956 382.7661 675.7737 6779.8689 2329.1821;
	1775.678 1212.6056 1956.9914 584.966 1060.6792 1459.8194 1189.6536 381.8 693.2034 6946.5094 2427.4605;
	1740.9618 1186.7321 1935.2437 595.1414 1097.8902 1522.6462 1214.2142 384.8338 705.1039 7076.9234 2484.7826;
	1755.3963 1214.6119 1959.3861 587.9406 1070.0609 1523.8998 1249.3083 405.5181 747.7618 6826.7769 2564.947;
	1785.7 1268.0905 1989.7597 605.6328 1094.7 1539.1981 1223.0274 427.6728 766.6877 6863.0681 2573.1792;
	1772.7733 1250.2423 1999.4232 613.5119 1090.2488 1509.1362 1194.0984 409.9592 724.549 6859.5422 2513.1;
	1744.8955 1198.4906 1922.3318 609.4283 1043.6244 1447.7 1134.7954 383.26 711.638 6348.9219 2370.1369;
	1636.3428 1102.4909 1758.8244 595.6495 968.8 1331.8809 1059.6739 335.9623 658.3 5917.9047 2191.0;
	1589.6392 1073.2942 1682.0 575.4555 922.6 1250.1 994.2063 307.9 617.882 5707.9738 2093.9245;
	1513.6 972.1492 1582.1558 581.6496 821.8499 1179.0 956.3978 274.6809 574.2022 5446.2574 1934.0911;
	1414.7833 933.8488 1547.0365 591.5487 774.9856 1101.8217 874.6368 246.6418 548.5138 4938.942 1792.2676;
];
