function windprofile = ex_wind_profilesh1
%EX_WIND_PROFILE_D  Example wind_load_nyiso profile data for deterministic unit commitment.
% 2022.03.12
% Andres F. Ramirez


%% define constants
[GEN_BUS, PG, QG, QMAX, QMIN, VG, MBASE, GEN_STATUS, PMAX, PMIN, ...
    MU_PMAX, MU_PMIN, MU_QMAX, MU_QMIN, PC1, PC2, QC1MIN, QC1MAX, ...
    QC2MIN, QC2MAX, RAMP_AGC, RAMP_10, RAMP_30, RAMP_Q, APF] = idx_gen;
[CT_LABEL, CT_PROB, CT_TABLE, CT_TBUS, CT_TGEN, CT_TBRCH, CT_TAREABUS, ...
    CT_TAREAGEN, CT_TAREABRCH, CT_ROW, CT_COL, CT_CHGTYPE, CT_REP, ...
    CT_REL, CT_ADD, CT_NEWVAL, CT_TLOAD, CT_TAREALOAD, CT_LOAD_ALL_PQ, ...
    CT_LOAD_FIX_PQ, CT_LOAD_DIS_PQ, CT_LOAD_ALL_P, CT_LOAD_FIX_P, ...
    CT_LOAD_DIS_P, CT_TGENCOST, CT_TAREAGENCOST, CT_MODCOST_F, ...
    CT_MODCOST_X] = idx_ct;

windprofile = struct( ...
    'type', 'mpcData', ...
    'table', CT_TGEN, ...
    'rows', [1:45], ...
    'col', PMAX, ...
    'chgtype', 1, ...
    'values', [] );
windprofile.values(:,1,:) = [
	0.8472 11.4473 59.9528 68.4661 9.2029 10.626 5.9892 9.6464 22.0444 20.4569 37.8142 56.4113 84.9269 0.0 144.2267 54.3366 67.4176 71.4426 80.7199 70.3611 1.9964 24.794 69.4055 77.8566 53.6449 53.5336 4.9483 158.7239 316.2155 316.2155 212.8069 45.7562 269.0664 181.1097 0.0 134.9186 363.3507 81.4457 163.6763 143.6916 62.592 117.8779 78.4345 68.7093 367.1356;
	0.5733 7.7464 52.6479 62.9039 7.9537 8.8853 2.6178 11.7733 2.9337 11.2003 20.7035 30.8856 46.4981 0.0113 118.5763 44.6729 55.4275 58.7367 70.2243 68.933 0.8726 20.7323 30.8403 73.3091 53.2243 52.535 6.9929 46.3709 212.4291 212.4291 138.6503 28.9873 234.081 177.4338 0.0354 90.6364 270.5486 84.174 53.3928 142.5652 75.4076 98.5672 52.6333 82.054 273.3668;
	0.3842 5.191 62.1443 66.498 6.9119 6.4127 4.6416 12.5364 4.6519 9.3085 17.2067 25.669 38.6445 0.2828 79.1048 29.8023 36.9769 39.1845 58.1299 67.8159 1.5472 14.9631 1.7546 79.9741 58.2322 58.7207 6.9901 0.6587 0.6737 0.6737 18.9947 17.2952 193.7664 174.5584 0.8866 0.2874 150.991 18.8173 103.1355 155.9792 71.8658 71.1386 36.9902 96.8305 152.5638;
	0.54 7.2968 68.7423 74.9676 9.1175 10.8762 10.9511 14.5656 7.6494 14.8267 27.407 40.8859 61.5535 4.6634 95.5914 36.0135 44.6834 47.3511 45.8166 67.0158 3.6504 25.3777 42.5147 79.2031 61.8361 66.3585 8.0254 12.1275 38.8856 38.8856 176.1056 19.6892 152.7219 172.4988 14.6205 16.5912 27.8627 29.5628 202.7625 165.6325 67.8283 120.653 39.6795 134.3483 28.1529;
	0.6159 8.3226 81.4829 78.7902 10.6039 8.5788 10.0156 14.4297 12.2352 15.2201 28.1342 41.9707 63.1866 6.6419 120.7043 45.4746 56.4222 59.7907 55.8856 68.9503 3.3385 20.0173 45.7988 83.9358 78.5834 69.2537 8.7107 20.5037 27.7018 27.7018 68.3391 9.5434 186.2853 177.4783 20.8234 11.8194 15.0819 30.3192 311.8147 210.4911 58.7122 95.1678 33.6145 140.9064 15.239;
	0.5811 7.8522 79.0438 65.7846 10.6775 5.1227 0.3042 12.048 2.2859 8.2753 15.2968 22.8198 34.355 8.0791 141.4754 53.3 66.1315 70.0797 80.3653 68.8425 0.1014 11.9531 31.0693 81.2188 54.4421 64.2245 7.4145 14.9056 16.1787 16.1787 28.0541 9.2705 267.8842 177.2007 25.3291 6.9029 14.6612 27.9953 45.3247 145.827 52.4858 56.8282 27.4427 135.2449 14.8139;
	0.5891 7.9597 59.4386 45.2697 10.0533 5.9312 4.2909 7.85 3.4528 7.5173 13.8956 20.7295 31.2081 24.0803 124.3647 46.8537 58.1333 61.6039 66.3317 70.7363 1.4303 13.8394 22.5499 56.5983 31.478 57.274 4.1199 21.9519 48.3946 48.3946 26.8166 0.8381 221.1055 182.0755 75.4951 20.6484 79.8446 19.4907 118.8051 84.3161 26.1636 65.7966 37.9816 127.6413 80.6763;
	0.7515 10.155 37.4938 34.5794 4.9623 6.6263 4.4598 7.2453 4.2344 5.1463 9.5128 14.1912 21.3648 14.0993 65.0025 24.4893 30.3849 32.1989 20.4595 49.0824 1.4866 15.4613 12.4625 38.052 32.8453 59.6102 4.2925 27.0973 75.5825 75.5825 28.9718 3.4891 68.1985 126.3382 44.2031 32.2485 100.8809 29.3337 2.6947 87.9785 11.8214 73.5073 85.426 108.1799 101.9317;
	0.7888 10.6581 30.8842 30.5984 5.5671 18.3077 2.4338 5.9026 25.2856 14.9378 27.6123 41.1921 62.0145 3.6661 8.598 3.2392 4.019 4.259 1.3837 16.4914 0.8113 42.7179 6.4522 39.3403 30.4855 50.3889 4.155 12.9886 13.8761 13.8761 7.8115 1.0303 4.6122 42.4488 11.4936 5.9205 21.3695 13.2456 12.1706 81.6575 13.4748 203.0932 99.0289 81.0491 21.5921;
	0.704 9.5124 31.777 27.4199 8.4649 12.2301 3.8551 4.2358 21.861 5.4865 10.1416 15.1293 22.7771 5.7317 2.1132 0.7961 0.9878 1.0468 0.0499 12.5455 1.285 28.537 11.9211 34.1303 29.5011 39.7048 2.7387 44.7448 29.8833 29.8833 0.3938 0.2846 0.1663 32.2922 17.9698 12.7502 16.0626 11.248 32.6023 79.0208 10.6545 135.6729 58.0799 90.154 16.23;
	0.9165 12.3844 43.9089 16.1835 12.3772 13.065 11.5284 3.4144 27.1004 15.9456 29.4752 43.9712 66.1984 3.1966 1.9145 0.7213 0.8949 0.9483 0.0118 10.4456 3.8428 30.485 34.6432 40.3987 42.2544 46.8098 1.1695 94.2251 66.8916 66.8916 4.8797 1.1036 0.0393 26.8871 10.0218 28.5404 67.3082 13.1995 179.0181 113.1815 5.6797 144.9345 47.4207 88.024 68.0093;
	1.6369 22.1175 64.1787 17.6785 14.3447 5.6246 4.1399 1.5282 16.6263 10.8653 20.0843 29.9619 45.1075 6.8361 3.9027 1.4703 1.8243 1.9332 0.0 8.6517 1.38 13.1241 56.2085 52.1911 5.9594 46.5853 0.9743 183.9972 98.5505 98.5505 6.3473 2.7639 0.0 22.2696 21.4321 42.0482 127.1231 31.9098 169.8411 15.9626 4.974 62.3956 21.2527 126.1289 128.4473;
	2.3475 31.72 87.9119 45.0731 14.9105 13.9855 8.0305 5.1106 25.4725 26.0685 48.1872 71.8858 108.2237 8.2753 16.1399 6.0806 7.5445 7.9949 0.0 10.3617 2.6768 32.6328 39.6171 66.2769 72.9512 57.9451 1.6822 259.642 163.0934 163.0934 8.3767 3.3324 0.0 26.671 25.9442 69.5865 193.5724 20.6834 300.5842 195.4049 2.1082 155.1455 113.9356 173.175 195.5887;
	1.8798 25.3996 32.3867 29.5847 14.7222 22.4182 1.5245 5.0007 22.0476 13.7176 25.3568 37.8274 56.949 4.907 8.5708 3.229 4.0063 4.2455 0.0 7.3585 0.5082 52.3092 53.4776 12.6069 38.3134 36.9012 4.8928 233.9525 204.2264 204.2264 9.2266 4.6178 0.0 18.9408 15.3841 87.1366 202.366 14.1099 87.5832 102.6251 2.0769 248.6928 86.9831 136.8099 204.474;
	2.3157 31.29 58.1646 83.1676 9.8573 14.4031 1.3985 4.4702 21.5723 8.8434 16.3468 24.3863 36.7134 6.4586 14.7407 5.5535 6.8904 7.3018 0.0 4.4096 0.4662 33.6072 34.896 24.7716 30.2455 23.2689 6.5707 302.7127 262.8156 262.8156 103.5765 6.8787 0.0 11.3502 20.2485 112.1347 285.3315 20.0917 116.8133 81.0147 0.7054 159.7785 87.7893 113.3583 288.3037;
	3.2562 43.9989 89.9318 62.5644 14.3118 20.3885 1.2875 17.4062 23.3574 8.7916 16.2511 24.2434 36.4983 4.5297 11.3899 4.2911 5.3241 5.642 1.8176 7.7567 0.4292 47.5731 53.2361 55.7975 66.4903 47.559 11.3991 424.1488 261.032 261.032 172.3688 12.2456 6.0588 19.9658 14.2012 111.3737 307.3562 41.2037 123.979 178.0991 7.8427 226.176 13.7496 198.1473 310.5579;
	3.553 48.0084 36.5723 42.502 14.8261 20.0996 0.868 13.4796 7.942 10.1076 18.6837 27.8724 41.9617 3.5958 1.319 0.4969 0.6166 0.6534 0.053 0.8718 0.2893 46.899 33.6842 81.2567 78.768 51.6443 11.487 373.3476 324.7681 324.7681 171.042 22.5303 0.1768 2.2441 11.2732 138.5677 425.4662 72.1268 53.62 210.9857 6.4892 222.9714 137.5941 233.5079 429.8982;
	2.8309 38.2523 35.0402 58.5693 14.4823 20.7164 0.744 7.09 5.0605 6.5928 12.1867 18.1801 27.3701 5.6806 14.1778 5.3414 6.6273 7.023 0.7824 1.0541 0.248 48.3384 16.933 82.0017 88.8187 11.418 12.8593 569.3524 445.7065 445.7065 311.6557 33.9418 2.6079 2.7133 17.8096 190.1681 523.5382 96.0355 69.9637 237.9073 2.9217 229.8144 112.2581 235.0569 528.9917;
	3.075 41.5504 85.5913 42.0171 14.4072 25.9445 0.002 5.1449 8.431 8.8646 16.3862 24.4449 36.8017 7.8794 40.9092 15.4123 19.1227 20.2643 5.0298 37.4119 0.0007 60.5372 32.8444 40.4887 67.031 59.7483 11.4698 786.257 431.3413 431.3413 342.538 43.8007 16.7661 96.2983 24.7029 184.0389 617.4002 78.4853 46.642 179.5472 3.7122 287.8112 105.893 214.1633 623.8314;
	2.812 37.996 0.8029 15.5498 14.3156 0.5817 13.5415 0.4384 24.8934 22.1108 40.8715 60.9722 91.7933 3.5042 61.7941 23.2806 28.8852 30.6096 2.7741 18.9025 4.5138 1.3572 64.7854 10.4959 17.1497 54.3721 3.4356 765.8231 387.7344 387.7344 308.026 45.9678 9.2471 48.6551 10.986 165.4333 565.9073 79.69 0.0 45.9366 0.001 6.4527 93.1532 180.4453 571.8021;
