function loadprofile = ex_load_profilesh1
%EX_LOAD_PROFILE  Example load profile data file for stochastic unit commitment.
% 2022.03.12
% Andres F. Ramirez

%% define constants
[CT_LABEL, CT_PROB, CT_TABLE, CT_TBUS, CT_TGEN, CT_TBRCH, CT_TAREABUS, ...
    CT_TAREAGEN, CT_TAREABRCH, CT_ROW, CT_COL, CT_CHGTYPE, CT_REP, ...
    CT_REL, CT_ADD, CT_NEWVAL, CT_TLOAD, CT_TAREALOAD, CT_LOAD_ALL_PQ, ...
    CT_LOAD_FIX_PQ, CT_LOAD_DIS_PQ, CT_LOAD_ALL_P, CT_LOAD_FIX_P, ...
    CT_LOAD_DIS_P, CT_TGENCOST, CT_TAREAGENCOST, CT_MODCOST_F, ...
    CT_MODCOST_X] = idx_ct;

loadprofile = struct( ...
    'type', 'mpcData', ...
    'table', CT_TAREALOAD, ...
    'rows', [1:11], ...
    'col', CT_LOAD_ALL_P, ...
    'chgtype', 1, ...
    'values', [] );
loadprofile.values(:,1,:) = [
	1661.4831 1011.2815 1753.5523 566.5861 835.8781 1219.9935 923.7891 264.3 546.8113 4845.3711 1787.4155;
	1632.5082 1000.7503 1717.0842 576.9 828.066 1239.8894 929.8458 264.0 540.2103 4760.8911 1790.6072;
	1632.9592 1001.6999 1769.7104 573.1159 837.9843 1241.2736 924.9 263.9028 550.7026 4715.475 1804.5;
	1688.3868 1065.0 1835.2108 593.1559 885.8211 1323.6802 984.9968 290.1911 577.9 4928.8 1930.4;
	1859.9 1193.0227 2021.3193 607.597 1003.3868 1447.1132 1061.5841 318.8228 649.4 5417.1759 2130.3435;
	1975.0648 1253.5785 2102.8511 614.147 1051.0 1528.0 1134.8229 354.5072 713.5857 6013.0 2270.6323;
	2002.9014 1274.1109 2095.0 633.1988 1105.6674 1528.9179 1147.1 372.3288 728.971 6368.3803 2294.1919;
	2015.9624 1297.5408 2094.3486 634.9345 1076.7464 1497.7851 1131.9696 365.1944 717.2427 6500.3735 2230.6609;
	2059.2479 1321.9726 2052.5974 609.4 1048.4904 1471.9362 1124.43 356.7203 697.3 6582.8523 2089.0207;
	2063.9995 1280.0357 2007.4 607.9573 1023.4128 1459.3621 1089.4665 350.9218 678.1616 6500.0516 1931.9454;
	2070.2875 1258.3666 2008.5191 601.6321 986.3999 1413.981 1067.4383 328.4 667.3793 6554.6147 1952.524;
	2021.7333 1265.0966 1993.4328 573.6748 966.7958 1423.626 1076.5422 360.0261 656.1 6622.1908 1908.9332;
	1918.9618 1226.7779 1990.0837 593.2 967.0004 1436.8184 1119.1117 360.3755 656.5527 6524.428 1917.0921;
	1887.4811 1212.1389 1967.6143 593.9 983.8942 1450.4149 1167.0953 371.2 664.3 6478.5049 1964.546;
	1890.9811 1211.6781 2014.1152 572.4701 989.342 1441.1084 1135.4916 364.6479 686.6 6554.572 2145.6977;
	1864.5208 1204.1691 2008.7825 574.7 1021.0822 1466.7001 1212.6513 357.8028 692.3267 6577.072 2245.7868;
	1936.94 1257.9429 2052.0118 583.8 1032.5599 1547.2602 1263.4583 368.8966 739.6501 6816.1209 2404.7178;
	1954.009 1261.9912 2091.2877 605.3868 1067.8431 1566.0818 1264.2002 375.752 751.466 6616.4774 2479.925;
	1994.7673 1297.2148 2114.0053 599.8 1058.7958 1569.0631 1235.6777 362.2901 724.3725 6383.9817 2451.1552;
	1959.7827 1223.9936 2009.8862 601.7576 1017.8116 1449.9769 1177.4684 332.3286 697.4606 6126.568 2340.2;
	1837.7344 1133.9 1882.4979 579.4 977.4118 1323.2378 1053.7487 302.44 624.1189 5749.2999 2126.6103;
	1762.2989 1072.1725 1779.6119 566.6253 906.5927 1254.7366 990.9477 276.9336 557.1734 5313.2769 1897.1949;
	1654.0083 992.0033 1751.4002 577.3007 832.8346 1169.5 904.8181 240.9098 487.8927 4926.9232 1718.646;
	1558.8 946.4095 1688.1131 582.1383 796.0014 1149.1 865.2471 211.2404 444.8834 4678.3975 1684.4671;
];
