function solarprofile = ex_solar_profilesh1
%EX_WIND_PROFILE_D  Example wind_load_nyiso profile data for deterministic unit commitment.
% 2022.03.12
% Andres F. Ramirez


%% define constants
[GEN_BUS, PG, QG, QMAX, QMIN, VG, MBASE, GEN_STATUS, PMAX, PMIN, ...
    MU_PMAX, MU_PMIN, MU_QMAX, MU_QMIN, PC1, PC2, QC1MIN, QC1MAX, ...
    QC2MIN, QC2MAX, RAMP_AGC, RAMP_10, RAMP_30, RAMP_Q, APF] = idx_gen;
[CT_LABEL, CT_PROB, CT_TABLE, CT_TBUS, CT_TGEN, CT_TBRCH, CT_TAREABUS, ...
    CT_TAREAGEN, CT_TAREABRCH, CT_ROW, CT_COL, CT_CHGTYPE, CT_REP, ...
    CT_REL, CT_ADD, CT_NEWVAL, CT_TLOAD, CT_TAREALOAD, CT_LOAD_ALL_PQ, ...
    CT_LOAD_FIX_PQ, CT_LOAD_DIS_PQ, CT_LOAD_ALL_P, CT_LOAD_FIX_P, ...
    CT_LOAD_DIS_P, CT_TGENCOST, CT_TAREAGENCOST, CT_MODCOST_F, ...
    CT_MODCOST_X] = idx_ct;

solarprofile = struct( ...
    'type', 'mpcData', ...
    'table', CT_TGEN, ...
    'rows', [1:12], ...
    'col', PMAX, ...
    'chgtype', 1, ...
    'values', [] );
solarprofile.values(:,1,:) = [
	0.0 0.0 0.0 0.0 0.0 0.0 0.0 0.0 0.0 0.0 0.0 0.0;
	0.0 0.0 0.0 0.0 0.0 0.0 0.0 0.0 0.0 0.0 0.0 0.0;
	0.0 0.0 0.0 0.0 0.0 0.0 0.0 0.0 0.0 0.0 0.0 0.0;
	0.0 0.0 0.0 0.0 0.0 0.0 0.0 0.0 0.0 0.0 0.0 0.0;
	0.0 0.0 0.0 0.0 0.0 0.0 0.0 0.0 0.0 0.0 0.0 0.0;
	0.4731 0.4106 0.4257 0.0 0.0 0.0 0.0 0.2 0.0 0.0 0.0 0.0;
	8.1571 7.4642 5.5114 4.3844 2.5215 91.8784 11.4848 46.0755 86.6495 16.1889 26.3202 29.3181;
	15.8215 13.8173 9.9992 7.514 9.2619 407.1055 50.8882 72.2192 258.2294 13.0215 17.7311 23.582;
	21.5013 16.6083 13.7758 9.6048 11.4901 438.9558 54.8695 74.8709 277.5268 10.0051 13.8362 18.1193;
	24.2102 16.9937 13.6408 6.997 7.5014 346.7832 43.3479 61.7791 278.2954 27.3984 15.0737 49.6186;
	25.2805 17.2418 13.7639 6.7966 4.9757 364.6724 45.5841 65.1884 275.0829 52.9155 22.4375 95.8303;
	25.2745 17.2392 13.7835 6.5315 3.2382 380.3628 47.5454 68.2407 268.6509 67.5584 22.1756 122.3487;
	17.8341 15.9395 9.4792 3.7283 2.6527 280.2705 35.0338 58.6475 235.7522 61.0256 16.9553 110.5178;
	15.6752 13.5893 6.7733 2.9172 3.2851 247.6868 30.9608 50.1512 226.3734 64.0467 18.4926 115.9889;
	9.116 8.0156 3.8198 2.8215 3.7553 174.6323 21.829 33.8099 200.8355 62.817 25.0901 113.762;
	1.8636 2.4841 0.8872 1.8181 1.0032 38.7913 4.8489 5.5118 63.4302 67.1212 21.5717 121.5568;
	0.3545 0.3693 0.3125 0.6451 0.8769 16.3704 2.0463 2.9591 4.1011 8.4072 9.805 15.2254;
	0.0 0.0 0.0 0.0 0.0 0.0 0.0 0.0 0.0 0.0 0.0 0.0;
	0.0 0.0 0.0 0.0 0.0 0.0 0.0 0.0 0.0 0.0 0.0 0.0;
	0.0 0.0 0.0 0.0 0.0 0.0 0.0 0.0 0.0 0.0 0.0 0.0;
	0.0 0.0 0.0 0.0 0.0 0.0 0.0 0.0 0.0 0.0 0.0 0.0;
	0.0 0.0 0.0 0.0 0.0 0.0 0.0 0.0 0.0 0.0 0.0 0.0;
	0.0 0.0 0.0 0.0 0.0 0.0 0.0 0.0 0.0 0.0 0.0 0.0;
	0.0 0.0 0.0 0.0 0.0 0.0 0.0 0.0 0.0 0.0 0.0 0.0;
];
