function loadprofile = ex_load_profilesh1
%EX_LOAD_PROFILE  Example load profile data file for stochastic unit commitment.
% 2022.03.12
% Andres F. Ramirez

%% define constants
[CT_LABEL, CT_PROB, CT_TABLE, CT_TBUS, CT_TGEN, CT_TBRCH, CT_TAREABUS, ...
    CT_TAREAGEN, CT_TAREABRCH, CT_ROW, CT_COL, CT_CHGTYPE, CT_REP, ...
    CT_REL, CT_ADD, CT_NEWVAL, CT_TLOAD, CT_TAREALOAD, CT_LOAD_ALL_PQ, ...
    CT_LOAD_FIX_PQ, CT_LOAD_DIS_PQ, CT_LOAD_ALL_P, CT_LOAD_FIX_P, ...
    CT_LOAD_DIS_P, CT_TGENCOST, CT_TAREAGENCOST, CT_MODCOST_F, ...
    CT_MODCOST_X] = idx_ct;

loadprofile = struct( ...
    'type', 'mpcData', ...
    'table', CT_TAREALOAD, ...
    'rows', [1:11], ...
    'col', CT_LOAD_ALL_P, ...
    'chgtype', 1, ...
    'values', [] );
loadprofile.values(:,1,:) = [
	1518.0392 967.3003 1626.0762 577.3064 745.615 1183.023 869.4991 269.3567 539.1692 4664.5834 1787.5;
	1518.3941 971.6159 1647.2068 593.437 753.9082 1211.3032 870.2821 254.3397 519.9888 4574.742 1762.2597;
	1537.4011 993.9 1664.4477 598.2032 795.6419 1247.1087 889.2455 267.9 505.8841 4611.9001 1797.7382;
	1602.263 1058.9341 1760.9523 613.6512 828.0578 1305.7801 942.0 286.9525 544.0972 4768.8032 1881.275;
	1743.1 1179.6303 1941.7 631.1837 962.6129 1445.0503 1045.1632 333.1 630.2 5256.2198 2154.8021;
	1868.9915 1259.6878 2042.0285 635.5986 1005.297 1511.8161 1092.7585 357.0306 689.9626 5840.6228 2331.7;
	1905.7925 1284.8 2042.3284 625.8597 996.0148 1490.8072 1085.5407 371.5306 694.5706 6085.5844 2323.6525;
	1818.0865 1264.962 1984.9283 589.9063 959.6178 1382.8049 1035.0421 334.6174 688.3026 5738.1968 2221.2396;
	1782.3769 1247.7624 1952.354 589.4 952.8918 1354.3534 993.7871 331.8638 688.9 5879.2258 2135.9295;
	1784.1101 1210.1733 1886.4769 601.6 927.7744 1274.0162 987.3177 340.6167 699.4 6015.2626 2185.0137;
	1796.7326 1208.3 1892.1996 612.4923 938.8241 1271.9581 964.1712 334.3024 689.286 5394.3438 2112.7304;
	1797.5 1211.9719 1908.2579 606.5556 940.1612 1265.3 962.2552 330.6 691.4511 5877.8629 2139.9434;
	1832.0906 1215.8856 1942.1363 612.5164 910.2841 1267.8929 985.3008 345.0334 682.9624 6104.5109 2210.3204;
	1827.1917 1194.1737 1910.3456 618.5762 950.0725 1271.2691 994.2863 348.8899 668.1649 6211.3091 2203.2316;
	1836.9 1210.9742 1933.1656 635.5369 971.2406 1301.6064 1012.8 376.8071 677.3 6192.3265 2311.6211;
	1836.5913 1233.112 1958.1542 629.2207 971.8 1403.2 1045.9282 377.9714 672.697 6217.7334 2340.3095;
	1843.1862 1218.934 1972.477 615.2 964.2299 1437.1 1096.2209 375.5117 684.9 6196.1155 2459.4042;
	1872.4082 1286.8428 2079.7645 629.8 1013.0561 1508.5 1171.7 407.7703 736.2407 6371.1958 2640.1037;
	1853.113 1292.0316 2022.2878 624.1 998.5 1461.3 1135.9765 395.9459 716.0 6297.3396 2515.074;
	1824.4142 1227.5621 1995.1844 603.8463 973.3066 1395.3516 1094.448 382.1 671.4596 6068.4388 2517.2577;
	1755.1587 1119.8197 1820.9296 606.0801 884.6582 1288.2751 1006.3462 336.5194 619.2189 5724.2634 2230.9463;
	1626.1629 1054.6525 1722.1271 588.2 794.9798 1203.0 947.6196 304.0859 565.3872 5345.0653 2057.4437;
	1560.7776 991.1734 1686.4445 595.1093 765.5308 1139.7407 887.4481 264.5696 512.3578 4953.7464 1881.7194;
	1564.2608 975.5 1719.0517 591.7885 753.1199 1150.7195 882.7672 255.3915 527.469 4813.266 1995.2549;
];
