function windprofile = ex_wind_profilesh1
%EX_WIND_PROFILE_D  Example wind_load_nyiso profile data for deterministic unit commitment.
% 2022.03.12
% Andres F. Ramirez


%% define constants
[GEN_BUS, PG, QG, QMAX, QMIN, VG, MBASE, GEN_STATUS, PMAX, PMIN, ...
    MU_PMAX, MU_PMIN, MU_QMAX, MU_QMIN, PC1, PC2, QC1MIN, QC1MAX, ...
    QC2MIN, QC2MAX, RAMP_AGC, RAMP_10, RAMP_30, RAMP_Q, APF] = idx_gen;
[CT_LABEL, CT_PROB, CT_TABLE, CT_TBUS, CT_TGEN, CT_TBRCH, CT_TAREABUS, ...
    CT_TAREAGEN, CT_TAREABRCH, CT_ROW, CT_COL, CT_CHGTYPE, CT_REP, ...
    CT_REL, CT_ADD, CT_NEWVAL, CT_TLOAD, CT_TAREALOAD, CT_LOAD_ALL_PQ, ...
    CT_LOAD_FIX_PQ, CT_LOAD_DIS_PQ, CT_LOAD_ALL_P, CT_LOAD_FIX_P, ...
    CT_LOAD_DIS_P, CT_TGENCOST, CT_TAREAGENCOST, CT_MODCOST_F, ...
    CT_MODCOST_X] = idx_ct;

windprofile = struct( ...
    'type', 'mpcData', ...
    'table', CT_TGEN, ...
    'rows', [1:45], ...
    'col', PMAX, ...
    'chgtype', 1, ...
    'values', [] );
windprofile.values(:,1,:) = [
	0.6741 9.1084 48.5415 43.3993 7.3568 0.9515 0.4927 5.1585 10.816 19.8123 36.6227 54.6339 82.251 0.7254 144.1571 54.3104 67.3851 71.4081 82.0285 68.5859 0.1642 2.2201 58.8186 65.6796 14.5777 38.4634 3.6267 204.4506 347.2191 347.2191 246.267 47.2528 273.4283 176.5404 2.2743 148.1468 399.347 94.9009 149.8454 39.0475 65.0317 10.555 7.7337 65.5472 403.5069;
	0.4659 6.2953 49.4864 50.6483 6.7826 0.7534 3.823 9.2317 13.1418 12.2327 22.612 33.7326 50.7843 0.8551 115.8711 43.6538 54.163 57.3966 71.6862 67.7738 1.2743 1.7578 24.9038 66.6251 40.6116 42.3032 5.3314 78.7986 213.7619 213.7619 153.2138 28.6672 238.9539 174.4498 2.6809 91.2051 287.6104 92.4513 249.3309 108.7811 78.5017 8.3572 1.8025 85.6387 290.6064;
	0.3054 4.1271 56.4096 62.986 5.8684 0.4827 6.529 10.4953 1.3961 9.9668 18.4234 27.4841 41.3771 4.7185 67.9397 25.5959 31.7579 33.6539 51.4466 61.4082 2.1763 1.1264 24.9888 76.2595 45.3285 48.8935 5.6643 2.4499 16.1796 16.1796 38.869 16.1509 171.4887 158.0648 14.7932 6.9033 153.4458 24.1311 162.9477 121.4156 72.1166 5.3551 12.3303 93.3418 155.0442;
	0.3826 5.1701 59.8952 67.7273 8.2236 0.7107 1.8205 13.1304 0.0162 13.6105 25.1587 37.5319 56.504 0.3779 74.2762 27.9831 34.7198 36.7926 32.6245 54.3531 0.6068 1.6582 39.0219 79.9504 52.9752 58.9736 7.5608 0.0 2.1328 2.1328 9.4258 20.0176 108.7482 139.905 1.1847 0.91 0.0 11.3674 33.6099 141.8978 69.5974 7.8835 6.0102 135.2359 0.0;
	0.427 5.7693 76.8822 70.3832 9.8542 1.059 1.4726 13.8526 0.0 11.3265 20.9369 31.2338 47.0223 0.2333 105.2696 39.6597 49.2074 52.1452 44.8867 58.4142 0.4909 2.471 34.6714 79.4911 70.7684 68.3749 8.8534 0.0 0.0015 0.0015 0.0089 11.4544 149.6222 150.3582 0.7315 0.0007 0.0 2.2914 31.6404 189.5581 67.5821 11.7479 2.2585 147.1591 0.0;
	0.3891 5.2582 79.7792 62.6307 9.6263 3.7089 5.2285 12.9856 0.0358 8.2967 15.3363 22.8788 34.4439 0.0 123.7052 46.6052 57.825 61.2772 69.5683 60.6199 1.7428 8.654 33.4378 81.284 54.5521 69.3552 8.2399 0.0 0.0214 0.0214 1.626 11.1218 231.8944 156.0358 0.0 0.0091 0.0 5.7944 61.5818 146.1217 54.6743 41.1437 19.3434 149.4553 0.0;
	0.411 5.5537 58.1024 41.3564 10.1445 2.3202 4.5203 8.1259 2.4986 7.6345 14.1123 21.0528 31.6948 0.8692 109.9421 41.42 51.3915 54.4597 55.8832 64.5409 1.5068 5.4138 23.2101 57.7309 33.91 61.477 4.5827 6.8575 0.3937 0.3937 3.0675 3.5978 186.2774 166.1284 2.7252 0.168 0.0 2.9923 6.301 90.8305 27.6653 25.7387 28.6304 141.8153 0.0;
	0.4812 6.5019 33.9414 30.9326 4.7719 2.2185 4.8902 6.7132 1.9088 5.0527 9.3398 13.9331 20.9762 3.476 61.0376 22.9956 28.5315 30.2349 16.2262 45.1183 1.6301 5.1765 11.056 37.3563 33.3759 55.5825 4.5193 3.4808 0.0 0.0 0.0286 0.8331 54.0875 116.1347 10.8977 0.0 4.3884 0.9419 5.437 89.3999 9.1273 24.6104 6.6773 107.7809 4.4341;
	0.584 7.8917 25.8637 23.8349 3.8827 0.2087 6.2125 4.2622 0.0 0.5335 0.9862 1.4713 2.215 1.688 13.0649 4.9221 6.1071 6.4717 0.2626 13.6447 2.0708 0.487 3.0054 33.1133 26.9213 42.9556 4.0637 0.0 19.9762 19.9762 19.5357 2.3491 0.8754 35.1215 5.292 8.5232 1.2179 1.6017 5.4727 72.1106 6.9554 2.3155 3.4352 79.2457 1.2306;
	0.5495 7.4244 26.599 23.5543 7.3228 0.0031 1.0621 1.7313 0.0 0.3019 0.5581 0.8326 1.2535 0.1491 6.6641 2.5107 3.1151 3.3011 0.0 12.4452 0.354 0.0071 8.2062 24.7454 25.4922 36.8035 2.2006 0.0 25.9296 25.9296 46.8643 0.1533 0.0 32.0339 0.4673 11.0633 0.0 1.2399 0.0 68.2826 0.2156 0.034 50.1526 95.718 0.0;
	0.8619 11.6461 35.0448 0.0 10.2264 0.1436 1.1063 0.9291 0.0 0.0 0.0 0.0 0.0 0.0 0.0 0.0 0.0 0.0 0.0037 7.9392 0.3688 0.3351 0.0 8.0601 6.1784 44.2591 0.3068 15.4259 56.6036 56.6036 24.714 0.8468 0.0122 20.4356 0.0 24.1509 39.8586 0.01 0.0633 16.5492 0.0 1.5933 17.0255 89.8496 40.2738;
	1.4539 19.6455 50.0222 0.0 12.0337 0.0039 1.3749 0.0 0.0 0.0063 0.0117 0.0175 0.0263 0.0 4.1478 1.5627 1.9389 2.0546 0.0707 10.3793 0.4583 0.009 24.0196 16.4359 0.0 24.663 0.0 20.0878 93.4818 93.4818 22.9226 3.3528 0.2357 26.7163 0.0 39.8856 83.8242 0.0563 0.0 0.0 0.0 0.043 5.4908 114.1423 84.6974;
	2.2219 30.0226 85.0238 10.3245 14.5154 5.7808 9.1505 0.0648 4.5821 24.2653 44.854 66.9133 100.7376 0.4951 15.9878 6.0233 7.4734 7.9195 6.403 10.7418 3.0502 13.4886 26.4622 62.5283 62.7554 46.3583 0.0883 118.5152 160.7765 160.7765 21.9314 3.2207 21.3433 27.6495 1.5524 68.598 143.2851 0.0071 39.1391 168.0949 1.0361 64.1288 117.0208 172.4133 144.7776;
	1.8253 24.6641 32.355 9.1405 14.5356 20.5272 12.7284 0.0993 5.6091 6.3534 11.7443 17.5201 26.3764 0.4346 122.6044 46.1905 57.3104 60.7319 0.5884 10.6416 4.2428 47.8968 41.1786 3.8189 2.9576 28.3097 0.1039 89.6612 203.2244 203.2244 14.744 4.7292 1.9614 27.3916 1.3625 86.7091 159.1688 6.5233 52.7627 7.9222 2.1369 227.7152 84.182 142.7765 160.8268;
	2.2515 30.4224 40.3856 15.983 10.2234 13.9343 9.2634 0.8069 2.7994 5.3314 9.8549 14.7016 22.1332 0.0 72.6812 27.3822 33.9743 36.0026 0.0 9.1022 3.0878 32.5134 22.246 41.332 11.6166 0.2416 0.0484 198.449 244.8802 244.8802 90.1892 7.3299 0.0 23.429 0.0 104.4822 233.8901 11.4832 71.822 31.1159 14.179 154.5779 88.7826 107.1482 236.3265;
	3.1729 42.8729 85.5755 9.0816 13.684 2.63 8.0389 0.5849 1.0571 1.443 2.6673 3.9791 5.9906 0.0 63.7407 24.0139 29.7951 31.5739 0.0823 5.8268 2.6796 6.1367 33.3914 13.9532 1.3357 0.0 0.1066 357.6326 282.4549 282.4549 173.9015 11.4224 0.2744 14.9982 0.0 120.5141 315.1732 39.9321 134.0623 3.5778 20.242 29.1758 22.867 178.7147 318.4563;
	3.2236 43.5573 0.0084 0.0 13.949 0.5424 1.8603 0.0625 1.9023 2.7608 5.1033 7.613 11.4614 0.0 23.1142 8.7081 10.8045 11.4496 0.0 12.8681 0.6201 1.2657 0.7964 4.3321 0.0143 0.0 0.1123 329.4115 373.4088 373.4088 191.531 23.9774 0.0 33.1226 0.0 159.3211 434.5254 74.764 61.5926 0.0382 5.7195 6.0176 128.5914 208.8351 439.0517;
	2.694 36.4019 0.1696 0.0 14.4162 19.5283 7.3282 0.3383 12.8413 8.0115 14.8092 22.0924 33.26 0.0 9.1359 3.4419 4.2705 4.5255 0.0 12.1685 2.4427 45.5661 16.4356 0.5375 0.0002 0.0 0.3266 522.4393 491.2473 491.2473 343.2935 35.9051 0.0 31.3218 0.0 209.5988 548.0566 102.9658 158.1444 0.0004 0.5127 216.6343 116.3544 206.1189 553.7655;
	3.2528 43.9524 85.5808 6.5765 15.2349 28.1141 3.4178 1.6879 10.5553 8.3119 15.3645 22.9208 34.5071 4.4507 12.0822 4.5519 5.6477 5.9849 6.952 43.6351 1.1393 65.5996 30.23 1.9317 2.4627 50.1182 1.4251 719.2313 459.4525 459.4525 409.7135 48.2653 23.1733 112.3169 13.9537 196.0331 631.7784 84.2936 85.0425 6.5966 3.8983 311.8792 120.6128 209.2383 638.3594;
	3.3412 45.1463 2.8216 8.4005 15.2828 21.243 19.1301 3.4175 27.4742 21.6524 40.0242 59.7083 89.8905 12.2073 27.5884 10.3938 12.896 13.6659 22.5043 25.8656 6.3767 49.567 57.6272 0.3084 0.5619 46.6495 0.8365 739.0486 479.0858 479.0858 399.4674 50.7621 75.0144 66.5782 38.2716 204.4099 607.3138 91.4072 270.7087 1.5052 0.0005 235.6558 123.5461 185.2228 613.64;
