function windprofile = ex_wind_profilesh1
%EX_WIND_PROFILE_D  Example wind_load_nyiso profile data for deterministic unit commitment.
% 2022.03.12
% Andres F. Ramirez


%% define constants
[GEN_BUS, PG, QG, QMAX, QMIN, VG, MBASE, GEN_STATUS, PMAX, PMIN, ...
    MU_PMAX, MU_PMIN, MU_QMAX, MU_QMIN, PC1, PC2, QC1MIN, QC1MAX, ...
    QC2MIN, QC2MAX, RAMP_AGC, RAMP_10, RAMP_30, RAMP_Q, APF] = idx_gen;
[CT_LABEL, CT_PROB, CT_TABLE, CT_TBUS, CT_TGEN, CT_TBRCH, CT_TAREABUS, ...
    CT_TAREAGEN, CT_TAREABRCH, CT_ROW, CT_COL, CT_CHGTYPE, CT_REP, ...
    CT_REL, CT_ADD, CT_NEWVAL, CT_TLOAD, CT_TAREALOAD, CT_LOAD_ALL_PQ, ...
    CT_LOAD_FIX_PQ, CT_LOAD_DIS_PQ, CT_LOAD_ALL_P, CT_LOAD_FIX_P, ...
    CT_LOAD_DIS_P, CT_TGENCOST, CT_TAREAGENCOST, CT_MODCOST_F, ...
    CT_MODCOST_X] = idx_ct;

windprofile = struct( ...
    'type', 'mpcData', ...
    'table', CT_TGEN, ...
    'rows', [1:45], ...
    'col', PMAX, ...
    'chgtype', 1, ...
    'values', [] );
windprofile.values(:,1,:) = [
	0.658 8.8907 52.1025 61.0755 7.6622 5.6127 17.2343 5.9556 9.8543 9.8249 18.1611 27.0929 40.7882 0.0 142.3895 53.6444 66.5588 70.5325 68.766 59.0945 5.7448 13.0963 62.763 66.1979 39.0561 32.5533 2.7978 182.0082 322.8221 322.8221 247.328 43.4645 229.2199 152.1094 0.0 137.7374 396.4366 93.8254 83.8044 104.6145 54.5189 62.2637 35.4146 67.6612 400.5661;
	0.3997 5.4011 46.823 53.7807 6.29 0.2169 5.472 9.2696 0.5679 9.6393 17.8181 26.5812 40.0178 0.0069 102.2471 38.521 47.7946 50.648 45.1416 61.5296 1.824 0.5062 31.9517 59.0173 34.4581 30.8011 5.365 67.0008 215.8821 215.8821 162.9185 29.8212 150.472 158.3774 0.0217 92.1097 296.6191 97.7063 0.0536 92.2985 71.3247 2.4065 5.2825 76.5269 299.7089;
	0.2059 2.7816 48.381 62.1612 5.4199 1.3552 7.8667 8.8032 5.6399 8.954 16.5512 24.6912 37.1725 1.9473 72.8608 27.4499 34.0582 36.0915 52.9677 56.3667 2.6222 3.162 23.7935 62.0433 41.2417 36.8557 5.6065 2.8381 9.6613 9.6613 91.7466 18.7682 176.5589 145.0879 6.1052 4.1222 178.236 56.3409 23.766 110.469 63.0691 15.0331 0.3948 89.7348 180.0926;
	0.3238 4.3748 61.5713 69.8099 7.5007 1.1865 9.2246 10.8305 2.414 14.4656 26.7395 39.8901 60.0543 4.5042 75.8876 28.5902 35.473 37.5908 37.3817 51.0436 3.0749 2.7686 41.5444 73.844 48.5295 57.6994 7.1303 0.0 2.704 2.704 133.9538 21.5778 124.6056 131.3863 14.1214 1.1537 12.8518 57.8319 25.6385 129.9897 63.3143 13.1626 1.1591 141.6303 12.9857;
	0.4254 5.7488 74.8948 74.9658 9.3121 4.2439 14.0207 13.2452 9.8413 14.5278 26.8544 40.0614 60.3122 7.6773 115.9223 43.673 54.1869 57.422 48.6083 58.0706 4.6736 9.9025 42.394 79.6287 70.2956 66.6181 8.3382 9.4178 8.8517 8.8517 99.168 8.6736 162.0275 149.4739 24.0694 3.7767 3.5043 18.5074 157.8525 188.2918 64.2143 47.0793 8.5434 145.7684 3.5408;
	0.503 6.7969 75.3648 63.3837 10.2358 5.3995 14.6325 12.068 13.3532 8.3416 15.4194 23.0027 34.6304 17.9671 142.6798 53.7538 66.6945 70.6763 81.2723 61.7439 4.8775 12.5989 34.5922 75.2796 53.5342 68.5637 7.8768 15.9727 45.5095 45.5095 163.0312 10.2919 270.9076 158.9289 56.3294 19.4174 26.314 84.7782 216.216 143.3952 51.5803 59.8986 25.9514 142.0373 26.5881;
	0.4819 6.5121 51.7159 40.5472 10.1009 6.3587 4.4674 6.9512 2.6307 6.807 12.5826 18.7708 28.2593 13.4064 118.7706 44.7461 55.5183 58.8329 65.4631 64.5661 1.4891 14.8369 24.1427 52.9884 31.6913 60.4704 4.0367 21.8384 101.9716 101.9716 164.6363 0.5844 218.2103 166.1933 42.0307 43.5079 33.9216 28.3346 308.3029 84.8874 28.0631 70.539 36.3985 135.96 34.2749;
	0.5256 7.1021 34.0511 29.1537 4.327 4.4416 5.1408 7.0244 2.7823 4.3648 8.0683 12.0363 18.1206 7.8697 64.5559 24.321 30.1761 31.9777 20.2732 45.1992 1.7136 10.3637 12.6829 34.6381 29.8512 59.1318 4.2925 12.5111 46.9858 46.9858 130.8529 2.9125 67.5773 116.3429 24.6725 20.0473 22.4356 41.9682 97.0716 79.9586 10.2431 49.272 37.7359 105.371 22.6693;
	0.6229 8.4173 27.7399 25.4623 4.0906 8.0282 9.9045 5.6741 26.5723 7.8843 14.5741 21.7417 32.7319 18.6706 14.0716 5.3014 6.5776 6.9703 9.0914 15.9186 3.3015 18.7325 7.0094 34.2558 27.8629 55.0356 3.8536 18.2402 52.3341 52.3341 90.2543 5.7158 30.3046 40.9745 58.535 22.3292 23.3614 50.3792 108.2937 74.6327 0.1514 89.0597 39.0614 86.0586 23.6048;
	0.5933 8.0163 29.4418 24.8737 7.0639 4.1471 0.0296 4.4409 3.5035 1.6861 3.1167 4.6495 6.9998 3.1168 5.2825 1.9901 2.4693 2.6167 8.499 11.6819 0.0099 9.6765 10.8803 32.6265 27.4032 45.3986 2.7579 14.0197 23.1451 23.1451 1.9526 0.8196 28.3301 30.0693 9.7715 9.8752 0.0 3.3454 4.3105 73.4015 5.7038 46.0047 50.4298 97.7076 0.0;
	0.8172 11.0426 43.7345 7.4134 10.7101 1.6366 0.0 3.8942 0.266 1.9937 3.6853 5.4978 8.2769 5.0731 0.7364 0.2774 0.3442 0.3648 1.7903 10.2557 0.0 3.8186 28.7096 41.9128 42.4298 55.6264 1.2272 46.5349 54.2308 54.2308 16.3309 3.1887 5.9677 26.3983 15.905 23.1385 32.4584 5.1724 17.5502 113.6514 2.6088 18.1549 4.2045 103.2097 32.7965;
	1.578 21.3221 62.7309 7.622 12.3495 1.5257 1.697 3.144 0.9878 0.3958 0.7316 1.0913 1.643 1.2218 0.7546 0.2843 0.3528 0.3738 1.1759 9.902 0.5657 3.5601 46.138 52.822 0.9207 54.5203 0.1342 97.5624 94.9416 94.9416 29.6009 3.6248 3.9197 25.4877 3.8304 40.5084 91.9965 6.5793 12.2729 2.4663 1.5521 16.9255 7.2642 130.9173 92.9548;
	2.0828 28.1433 82.9725 8.5872 14.1297 0.7934 0.2442 3.5473 2.8863 23.2508 42.9788 64.1159 96.5261 21.439 2.2832 0.8602 1.0673 1.131 38.3095 10.9321 0.0814 1.8513 33.2627 68.8741 62.5075 58.2125 0.0298 154.9038 164.1739 164.1739 53.9885 2.7961 127.6985 28.1393 67.2141 70.0475 154.416 6.2869 7.1534 167.4307 4.3958 8.8017 110.4974 178.0366 156.0245;
	1.5669 21.1722 11.4231 11.1939 13.6249 18.6182 0.5045 8.8866 5.3262 9.3625 17.3064 25.8177 38.8684 6.9281 6.4687 2.437 3.0237 3.2043 14.5632 8.2225 0.1682 43.4425 50.0913 26.8942 0.0069 37.2809 0.453 123.5384 198.8052 198.8052 9.1424 5.0513 48.5439 21.1648 21.7204 84.8235 153.7289 7.4404 45.5733 0.0184 2.2496 206.5381 82.7821 138.6212 155.3302;
	1.9674 26.5835 10.8811 5.0434 8.7551 1.5726 0.0059 3.4742 1.3008 8.1063 14.9844 22.3538 33.6535 0.6972 6.6573 2.5081 3.1119 3.2977 9.0715 2.2365 0.002 3.6694 30.1182 20.8852 3.2744 7.4442 0.1658 209.5907 268.2511 268.2511 98.9891 7.5279 30.2384 5.7567 2.1858 114.4538 233.2554 13.9533 45.6663 8.7707 3.4466 17.4454 82.7389 104.9539 235.6851;
	2.4441 33.0258 82.0665 0.0 13.4841 0.0004 0.2218 0.1382 1.0227 8.761 16.1946 24.1592 36.3715 0.0019 0.2225 0.0838 0.104 0.1102 31.5489 0.6997 0.0739 0.0009 46.7754 6.1189 0.0 0.526 0.0028 254.6117 275.6643 275.6643 170.4716 11.8029 105.1628 1.8011 0.006 117.6168 251.128 40.7373 55.1563 0.0 0.0 0.0042 0.0 168.8239 253.7439;
	2.0996 28.3697 0.1161 0.0 13.8967 0.0 1.1212 1.1956 1.0037 5.0631 9.359 13.9618 21.0194 0.0 0.0 0.0 0.0 0.0 28.1932 0.4876 0.3737 0.0 1.3988 1.5037 0.0691 8.4739 0.0645 249.2498 355.0112 355.0112 181.9609 25.1555 93.9774 1.255 0.0 151.4714 385.2461 72.6121 19.3741 0.185 0.0 0.0 123.153 219.201 389.2591;
	2.5447 34.3842 11.0995 0.0 14.2962 19.4975 0.7863 3.1433 4.8007 5.482 10.1334 15.117 22.7586 2.7216 0.7755 0.2922 0.3625 0.3841 6.8904 0.6369 0.2621 45.4942 15.4638 10.1974 7.7766 8.383 1.1794 466.0599 458.9929 458.9929 338.964 34.0013 22.9679 1.6393 8.5325 195.837 519.7751 96.7072 1.0864 20.8303 0.3257 216.2926 109.7272 221.7402 525.1894;
	2.9578 39.9667 87.5468 20.1078 14.7531 26.1944 2.5456 4.4356 4.0624 6.7597 12.4951 18.6402 28.0628 7.752 0.0 0.0 0.0 0.0 4.1555 35.0361 0.8485 61.1202 24.3312 13.4887 7.9195 64.3237 1.7019 711.6425 462.9202 462.9202 378.6955 39.7035 13.8517 90.1829 24.3035 197.5126 631.1663 75.7269 1.0983 21.2129 0.5734 290.5827 111.8319 206.1892 637.741;
	3.0015 40.5564 13.8366 33.78 15.1398 3.8784 18.0836 1.5544 26.3889 19.0556 35.2239 52.5472 79.1095 5.1955 0.0317 0.012 0.0148 0.0157 27.27 19.0385 6.0279 9.0496 54.896 45.6013 15.9882 58.075 2.786 718.9224 469.313 469.313 373.9456 42.8952 90.9 49.0052 16.2887 200.2402 606.0466 80.6261 1.0108 42.8256 2.1709 43.0242 115.5251 185.3245 612.3596;
