function windprofile = ex_wind_profilesh1
%EX_WIND_PROFILE_D  Example wind_load_nyiso profile data for deterministic unit commitment.
% 2022.03.12
% Andres F. Ramirez


%% define constants
[GEN_BUS, PG, QG, QMAX, QMIN, VG, MBASE, GEN_STATUS, PMAX, PMIN, ...
    MU_PMAX, MU_PMIN, MU_QMAX, MU_QMIN, PC1, PC2, QC1MIN, QC1MAX, ...
    QC2MIN, QC2MAX, RAMP_AGC, RAMP_10, RAMP_30, RAMP_Q, APF] = idx_gen;
[CT_LABEL, CT_PROB, CT_TABLE, CT_TBUS, CT_TGEN, CT_TBRCH, CT_TAREABUS, ...
    CT_TAREAGEN, CT_TAREABRCH, CT_ROW, CT_COL, CT_CHGTYPE, CT_REP, ...
    CT_REL, CT_ADD, CT_NEWVAL, CT_TLOAD, CT_TAREALOAD, CT_LOAD_ALL_PQ, ...
    CT_LOAD_FIX_PQ, CT_LOAD_DIS_PQ, CT_LOAD_ALL_P, CT_LOAD_FIX_P, ...
    CT_LOAD_DIS_P, CT_TGENCOST, CT_TAREAGENCOST, CT_MODCOST_F, ...
    CT_MODCOST_X] = idx_ct;

windprofile = struct( ...
    'type', 'mpcData', ...
    'table', CT_TGEN, ...
    'rows', [1:45], ...
    'col', PMAX, ...
    'chgtype', 1, ...
    'values', [] );
windprofile.values(:,1,:) = [
	0.7913 10.6915 59.9326 66.0148 8.0344 12.4264 1.9779 10.3437 0.387 20.4413 37.7854 56.3684 84.8623 0.4391 127.9274 48.1959 59.7986 63.3687 81.4512 71.1753 0.6593 28.995 68.66 80.9214 58.9937 53.7793 5.4409 156.5646 303.0336 303.0336 214.0855 39.7942 271.504 183.2054 1.3768 129.2943 347.1699 78.7687 23.1587 158.0189 65.0039 137.8505 51.7563 83.2853 350.7863;
	0.4852 6.5562 56.2285 61.9696 7.2549 10.1988 1.1883 12.2813 1.8654 12.5397 23.1794 34.5791 52.0586 0.0018 106.5885 40.1566 49.8239 52.7985 75.0161 71.9862 0.3961 23.7972 33.6346 80.7993 58.3199 53.5628 6.6935 51.866 205.6158 205.6158 145.2324 27.2901 250.0537 185.2927 0.0057 87.7294 243.6446 78.4191 18.3071 156.2141 72.7123 113.1388 23.6899 95.7364 246.1825;
	0.2901 3.9202 61.2894 63.9251 5.1932 2.061 0.5582 12.1466 0.0 10.2086 18.8704 28.1509 42.381 0.0428 69.3262 26.1183 32.406 34.3407 62.1898 69.4733 0.1861 4.809 27.4519 82.4775 59.0793 57.7095 6.4103 0.0 0.0015 0.0015 8.3299 13.4561 207.2993 178.8244 0.1342 0.0006 106.0439 0.5565 12.6751 158.2481 64.4715 22.8631 3.9532 104.533 107.1485;
	0.4457 6.0217 70.3383 71.8452 7.5093 8.8834 3.2064 14.3425 0.0 14.4505 26.7116 39.8485 59.9916 0.0227 78.8772 29.7165 36.8705 39.0717 48.3931 71.0519 1.0688 20.728 43.3567 82.8871 64.8772 67.6014 7.6894 6.1963 0.9385 0.9385 46.4306 17.329 161.3104 182.8878 0.0711 0.4004 0.4562 2.6819 52.3618 173.7782 66.0237 98.5466 4.3155 149.0358 0.4609;
	0.4739 6.4033 81.3218 72.397 8.723 3.2796 0.0973 15.1323 0.1312 15.8146 29.2331 43.6101 65.6547 0.0 115.8051 43.6289 54.1322 57.3639 59.4054 71.3792 0.0324 7.6525 45.6226 82.4532 79.4016 69.5351 8.2426 22.9518 15.5912 15.5912 81.6999 8.6429 198.0179 183.7303 0.0 6.6522 4.0207 5.6356 44.6145 212.6828 62.8625 36.382 0.3617 156.6516 4.0626;
	0.4565 6.1684 77.7806 56.0721 9.7111 4.0085 0.8082 13.3908 1.8664 8.834 16.3295 24.3604 36.6745 0.0 136.4579 51.4097 63.7861 67.5943 84.4091 71.582 0.2694 9.3532 33.1456 79.7506 59.79 68.1196 7.8112 60.0675 35.9398 35.9398 63.2378 10.0727 281.3635 184.2523 0.0 15.3343 16.4624 9.1431 72.7873 160.1519 48.1886 44.4676 22.4053 149.8375 16.6338;
	0.4466 6.0339 57.0719 34.9023 9.6853 3.5378 4.4123 8.2996 2.3938 7.1663 13.2469 19.7617 29.7511 0.0875 122.8484 46.2824 57.4245 60.8528 70.5821 72.5001 1.4708 8.2548 22.4246 59.0126 39.5434 64.0166 4.2926 180.7085 116.1896 116.1896 81.9896 23.5859 235.2738 186.6156 0.2742 49.5742 89.4643 59.6078 121.9763 105.9199 24.2179 39.2458 30.0348 140.9793 90.3963;
	0.426 5.7563 34.6947 20.901 3.5757 3.1521 4.8982 7.0938 2.1755 4.904 9.065 13.5233 20.3592 4.4965 70.0439 26.3886 32.7414 34.6962 22.5193 51.9048 1.6327 7.3549 12.4521 30.5693 32.1315 58.5658 4.1828 46.3056 156.0768 156.0768 69.4295 21.2592 75.0643 133.6032 14.0972 66.5928 115.3682 42.0424 134.9715 86.0666 6.4073 34.9674 4.1924 104.5575 116.57;
	0.5545 7.4918 29.4363 22.9354 3.8605 5.3481 5.5848 5.6008 3.097 6.2841 11.6161 17.3289 26.0886 7.9689 18.6289 7.0183 8.7079 9.2278 44.5575 17.8329 1.8616 12.4789 5.9189 33.913 27.9437 48.4621 4.0642 8.3633 59.8416 59.8416 95.9698 18.247 148.5249 45.9019 24.9835 25.5324 24.7135 25.358 130.0603 74.8492 1.4387 59.3285 6.579 60.2022 24.9709;
	0.678 9.1613 32.7146 24.0974 7.9187 27.1154 7.1111 4.6492 9.3844 3.8595 7.1343 10.6429 16.0229 22.2655 15.0147 5.6567 7.0185 7.4375 50.0319 13.5073 2.3704 63.2694 11.0012 35.1574 30.3143 46.7101 3.1207 38.1996 94.8945 94.8945 74.3844 8.4366 166.7728 34.7679 69.8055 40.4883 21.9081 13.6267 149.4724 81.1991 5.7001 300.8006 56.5988 88.522 22.1363;
	0.9272 12.5283 44.3243 0.0 11.8375 25.8412 2.0298 3.3917 1.566 3.0013 5.5479 8.2764 12.4601 6.5075 62.2528 23.4534 29.0996 30.8369 43.7145 12.0491 0.6766 60.2961 30.8462 39.6656 40.8702 48.8766 1.3361 57.8303 83.2393 83.2393 74.8821 3.2072 145.7149 31.0145 20.4018 35.5154 71.2629 2.9644 53.1454 109.4736 11.9372 286.6651 72.6739 99.3361 72.0052;
	1.7466 23.6002 67.3202 2.5557 14.0512 14.7234 0.5806 0.9715 1.6912 0.277 0.512 0.7638 1.1499 6.567 51.5863 19.4348 24.1136 25.5532 8.8834 10.288 0.1935 34.3546 49.1422 51.7636 5.539 49.5103 1.461 174.8248 123.4566 123.4566 76.2565 7.6778 29.6113 26.4814 20.5885 52.6748 151.584 5.0564 197.6201 14.8367 11.9867 163.3314 69.3798 139.0687 153.163;
	2.2761 30.7554 84.3384 0.0847 14.4795 11.3293 0.0 0.5545 0.2296 20.0637 37.0875 55.3273 83.2949 0.8138 2.1897 0.825 1.0236 1.0847 14.6945 8.674 0.0 26.4351 32.0815 60.2578 65.4503 51.5931 0.9531 224.6968 185.081 185.081 40.1696 12.4354 48.9816 22.3268 2.5514 78.9679 184.8096 17.1512 2.6661 175.3134 18.4544 125.68 113.5647 180.2529 186.7347;
	2.204 29.7811 86.8369 15.9242 14.7953 22.9091 0.0 5.0928 4.1904 0.0834 0.1541 0.2299 0.3461 2.8603 7.7591 2.9232 3.6269 3.8434 13.9257 7.5352 0.0 53.4546 46.8095 51.8497 63.7989 36.6754 5.0634 209.9287 228.2884 228.2884 49.7805 15.7353 46.4189 19.3955 8.9673 97.4031 200.7941 38.3477 11.5706 170.8898 66.9614 254.1386 95.1267 167.0548 202.8857;
	2.267 30.6324 52.2702 2.9939 9.4876 6.3805 0.0 8.7541 0.0 0.0319 0.0589 0.0879 0.1323 0.0 0.0829 0.0312 0.0388 0.0411 4.111 0.2589 0.0 14.8878 27.0908 20.8905 38.4319 49.227 7.1861 283.8013 265.9008 265.9008 90.2507 9.5452 13.7033 0.6664 0.0 113.451 248.7827 15.8611 0.0 102.9426 69.1227 70.7806 85.0551 121.5415 251.3742;
	3.1615 42.7189 87.7182 0.177 14.0672 2.3901 0.0 2.8707 0.0 0.0 0.0 0.0 0.0 0.0 0.0 0.0 0.0 0.0 8.8161 0.1999 0.0 5.5768 40.1165 3.5452 7.7201 7.9903 1.5457 394.34 277.047 277.047 164.2611 10.7928 29.387 0.5145 0.0 118.2067 286.8544 36.0448 0.0 20.6788 7.4611 26.5139 7.3014 191.9715 289.8425;
	3.4867 47.1125 18.2161 3.0049 14.3007 4.0401 0.0 2.3554 0.0 0.0004 0.0008 0.0012 0.0018 0.0011 0.0005 0.0002 0.0003 0.0003 3.6341 0.2813 0.0 9.427 0.1438 9.9605 12.0231 2.3306 1.0256 410.66 391.1061 391.1061 184.4042 25.7424 12.1137 0.724 0.0034 166.8719 458.5908 72.7493 0.0 32.2047 9.9543 44.8186 140.8733 229.0098 463.3678;
	2.736 36.9696 0.551 0.1438 14.8825 18.9683 0.0 0.0794 0.0 0.0052 0.0096 0.0143 0.0215 4.2674 4.3015 1.6206 2.0107 2.1307 3.5124 1.4766 0.0 44.2593 8.7893 1.4688 0.5626 0.0272 0.0072 590.0374 488.1947 488.1947 315.9179 37.7781 11.708 3.8007 13.3789 208.2964 556.3475 96.5671 0.0 1.5069 2.2434 210.4213 111.3733 222.7785 562.1428;
	2.9512 39.8768 80.2543 0.11 14.9721 25.2586 0.0 0.1042 0.0 4.9907 9.2253 13.7623 20.7191 8.5062 0.0151 0.0057 0.0071 0.0075 5.7822 39.0581 0.0 58.9368 0.0 0.5297 0.1416 53.5722 0.298 798.7599 466.447 466.447 361.3831 48.7248 19.2739 100.5357 26.6682 199.0174 635.1866 80.1556 0.0 0.3794 13.1202 280.2026 112.7076 189.9343 641.8031;
	2.9184 39.4344 0.6587 0.0411 14.874 2.3737 16.8668 0.0069 24.9036 11.6893 21.6076 32.2342 48.5285 33.7187 1.0091 0.3802 0.4717 0.4998 12.1472 20.6084 5.6223 5.5387 31.4112 0.2376 0.0 44.0199 0.3581 797.9404 463.7235 463.7235 362.447 46.6872 40.4907 53.0461 105.7128 197.8554 602.7988 85.5675 0.0 0.0 7.2265 26.3325 110.6638 168.8421 609.0779;
