function solarprofile = ex_solar_profilesh1
%EX_WIND_PROFILE_D  Example wind_load_nyiso profile data for deterministic unit commitment.
% 2022.03.12
% Andres F. Ramirez


%% define constants
[GEN_BUS, PG, QG, QMAX, QMIN, VG, MBASE, GEN_STATUS, PMAX, PMIN, ...
    MU_PMAX, MU_PMIN, MU_QMAX, MU_QMIN, PC1, PC2, QC1MIN, QC1MAX, ...
    QC2MIN, QC2MAX, RAMP_AGC, RAMP_10, RAMP_30, RAMP_Q, APF] = idx_gen;
[CT_LABEL, CT_PROB, CT_TABLE, CT_TBUS, CT_TGEN, CT_TBRCH, CT_TAREABUS, ...
    CT_TAREAGEN, CT_TAREABRCH, CT_ROW, CT_COL, CT_CHGTYPE, CT_REP, ...
    CT_REL, CT_ADD, CT_NEWVAL, CT_TLOAD, CT_TAREALOAD, CT_LOAD_ALL_PQ, ...
    CT_LOAD_FIX_PQ, CT_LOAD_DIS_PQ, CT_LOAD_ALL_P, CT_LOAD_FIX_P, ...
    CT_LOAD_DIS_P, CT_TGENCOST, CT_TAREAGENCOST, CT_MODCOST_F, ...
    CT_MODCOST_X] = idx_ct;

solarprofile = struct( ...
    'type', 'mpcData', ...
    'table', CT_TGEN, ...
    'rows', [1:12], ...
    'col', PMAX, ...
    'chgtype', 1, ...
    'values', [] );
solarprofile.values(:,1,:) = [
	0.0 0.0 0.0 0.0 0.0 0.0 0.0 0.0 0.0 0.0 0.0 0.0;
	0.0 0.0 0.0 0.0 0.0 0.0 0.0 0.0 0.0 0.0 0.0 0.0;
	0.0 0.0 0.0 0.0 0.0 0.0 0.0 0.0 0.0 0.0 0.0 0.0;
	0.0 0.0 0.0 0.0 0.0 0.0 0.0 0.0 0.0 0.0 0.0 0.0;
	0.0 0.0 0.0 0.0 0.0 0.0 0.0 0.0 0.0 0.0 0.0 0.0;
	0.4731 0.4018 0.4224 0.0 0.0 0.0 0.0 0.2 0.0 0.0 0.0 0.0;
	4.1462 6.9343 3.0259 3.6393 3.7382 267.9498 33.4937 64.7126 147.818 10.1237 6.6462 18.334;
	11.8125 13.7968 7.0065 2.1226 6.199 411.1741 51.3968 70.9054 224.8359 2.3998 10.218 4.3461;
	19.0035 16.6083 13.4288 1.7792 7.3864 401.9586 50.2448 68.2529 181.1888 12.5661 15.6592 22.7573;
	22.6767 16.1547 13.6927 1.9167 5.5078 152.8201 19.1025 32.6616 31.7055 80.7183 52.0914 146.1814;
	24.8843 16.4203 14.0639 5.2858 6.5879 219.2097 27.4012 54.7358 103.9675 124.673 104.9298 225.7836;
	25.0771 16.528 14.139 6.6699 7.5063 272.8716 34.109 59.3533 200.2672 135.93 98.6171 246.17;
	14.2273 13.2361 11.8266 4.9064 9.3054 138.4867 17.3108 27.8855 225.2904 87.543 48.6597 158.5408;
	13.2843 11.6295 9.987 2.8886 9.4796 107.0958 13.387 14.0921 179.922 63.472 32.5889 114.9482;
	9.2786 8.5949 8.4105 2.005 8.5884 70.3467 8.7933 8.5907 111.8414 39.8594 22.9298 72.1856;
	4.7883 7.7127 9.5849 0.8144 2.8136 9.7805 1.2226 3.0914 11.9257 10.8216 6.2771 19.5979;
	0.8695 1.0756 0.8451 0.3459 1.104 3.5376 0.4422 1.6446 5.0174 2.6889 1.4369 4.8697;
	0.0 0.0 0.0 0.0 0.0 0.0 0.0 0.0 0.0 0.0 0.0 0.0;
	0.0 0.0 0.0 0.0 0.0 0.0 0.0 0.0 0.0 0.0 0.0 0.0;
	0.0 0.0 0.0 0.0 0.0 0.0 0.0 0.0 0.0 0.0 0.0 0.0;
	0.0 0.0 0.0 0.0 0.0 0.0 0.0 0.0 0.0 0.0 0.0 0.0;
	0.0 0.0 0.0 0.0 0.0 0.0 0.0 0.0 0.0 0.0 0.0 0.0;
	0.0 0.0 0.0 0.0 0.0 0.0 0.0 0.0 0.0 0.0 0.0 0.0;
	0.0 0.0 0.0 0.0 0.0 0.0 0.0 0.0 0.0 0.0 0.0 0.0;
];
