function loadprofile = ex_load_profilesh1
%EX_LOAD_PROFILE  Example load profile data file for stochastic unit commitment.
% 2022.03.12
% Andres F. Ramirez

%% define constants
[CT_LABEL, CT_PROB, CT_TABLE, CT_TBUS, CT_TGEN, CT_TBRCH, CT_TAREABUS, ...
    CT_TAREAGEN, CT_TAREABRCH, CT_ROW, CT_COL, CT_CHGTYPE, CT_REP, ...
    CT_REL, CT_ADD, CT_NEWVAL, CT_TLOAD, CT_TAREALOAD, CT_LOAD_ALL_PQ, ...
    CT_LOAD_FIX_PQ, CT_LOAD_DIS_PQ, CT_LOAD_ALL_P, CT_LOAD_FIX_P, ...
    CT_LOAD_DIS_P, CT_TGENCOST, CT_TAREAGENCOST, CT_MODCOST_F, ...
    CT_MODCOST_X] = idx_ct;

loadprofile = struct( ...
    'type', 'mpcData', ...
    'table', CT_TAREALOAD, ...
    'rows', [1:11], ...
    'col', CT_LOAD_ALL_P, ...
    'chgtype', 1, ...
    'values', [] );
loadprofile.values(:,1,:) = [
	1620.1771 964.7526 1683.4592 585.1 828.6461 1179.7915 890.889 261.4074 535.5 4507.1837 1748.972;
	1600.099 984.6 1712.8072 580.5061 831.8 1203.0839 898.9816 262.0192 540.2 4502.3841 1746.5915;
	1593.0861 1006.2163 1729.1397 586.1 855.8 1230.3398 909.0334 268.2 542.4252 4554.0 1778.6;
	1655.4048 1073.3775 1861.3485 606.0 922.9751 1327.3352 967.5909 284.6861 571.9199 4764.8945 1872.2699;
	1761.4045 1171.2 2014.9 623.873 991.8031 1462.3 1090.0432 342.9 658.6 5424.1907 2170.2102;
	1834.4924 1227.8673 2123.0 631.8791 1049.6249 1544.3096 1161.1151 370.5 728.3684 6056.2863 2327.1746;
	1842.9839 1222.51 2099.0 607.2954 1048.9693 1544.1092 1183.2266 378.8 731.0542 6450.5353 2352.8918;
	1867.0 1195.6288 2033.138 598.3693 1025.6826 1548.1442 1234.9303 383.4248 742.5682 6641.4582 2337.5473;
	1869.848 1213.4663 2032.535 596.9594 1018.1806 1569.1483 1275.5973 374.8918 741.6558 6692.5983 2349.1756;
	1834.2 1184.4236 1997.4 599.0298 958.609 1496.648 1222.6824 368.9797 716.525 6689.3795 2271.101;
	1797.5234 1157.461 1971.566 578.5 946.0002 1484.7838 1174.2231 321.6446 723.6708 6777.7623 2231.8;
	1785.9388 1148.7471 1986.131 562.9449 992.0 1478.9768 1220.3747 343.2 711.174 6690.6109 2209.3227;
	1761.5613 1132.9465 1960.7717 541.8376 952.3601 1427.4044 1226.2005 344.487 732.6395 6822.1879 2297.8864;
	1719.8173 1124.9043 1922.8848 551.701 958.1095 1389.7 1187.0803 337.0 734.4964 6618.0566 2293.5589;
	1687.0364 1135.3042 1958.1855 559.1401 992.2 1429.5957 1258.5972 341.4995 794.0344 6772.54 2393.5447;
	1711.9969 1140.0773 1950.6965 547.3694 964.0242 1484.2877 1258.8181 360.1 781.9672 6889.2975 2519.5739;
	1714.4256 1154.2545 1954.4898 511.265 994.7396 1537.1472 1268.4622 368.7805 815.3648 6834.4203 2696.5854;
	1807.9243 1233.7301 2064.6207 550.2456 1048.9 1621.6153 1374.198 411.1236 833.6091 6845.5823 2763.9704;
	1779.4782 1222.191 2052.806 573.4633 1063.2671 1557.6425 1298.0404 400.7 797.905 6725.5434 2672.8403;
	1702.3755 1134.1335 1925.5104 568.5622 995.0517 1450.5543 1207.1952 373.6343 740.8339 6120.5829 2431.9263;
	1618.6952 1075.165 1831.98 548.9604 957.8694 1359.7315 1183.1143 332.6134 715.4199 5894.5593 2276.9987;
	1552.2 991.5826 1700.7 540.4529 855.2 1250.1 1058.6484 308.9052 645.9303 5445.39 2027.2235;
	1447.8369 927.4 1642.0744 540.6102 835.3 1196.4353 969.5262 276.7371 558.9203 4926.9201 1839.1696;
	1415.2192 909.887 1600.513 560.8 805.7828 1138.4326 891.459 246.8 528.8162 4637.6437 1688.2821;
];
