function windprofile = ex_wind_profilesh1
%EX_WIND_PROFILE_D  Example wind_load_nyiso profile data for deterministic unit commitment.
% 2022.03.12
% Andres F. Ramirez


%% define constants
[GEN_BUS, PG, QG, QMAX, QMIN, VG, MBASE, GEN_STATUS, PMAX, PMIN, ...
    MU_PMAX, MU_PMIN, MU_QMAX, MU_QMIN, PC1, PC2, QC1MIN, QC1MAX, ...
    QC2MIN, QC2MAX, RAMP_AGC, RAMP_10, RAMP_30, RAMP_Q, APF] = idx_gen;
[CT_LABEL, CT_PROB, CT_TABLE, CT_TBUS, CT_TGEN, CT_TBRCH, CT_TAREABUS, ...
    CT_TAREAGEN, CT_TAREABRCH, CT_ROW, CT_COL, CT_CHGTYPE, CT_REP, ...
    CT_REL, CT_ADD, CT_NEWVAL, CT_TLOAD, CT_TAREALOAD, CT_LOAD_ALL_PQ, ...
    CT_LOAD_FIX_PQ, CT_LOAD_DIS_PQ, CT_LOAD_ALL_P, CT_LOAD_FIX_P, ...
    CT_LOAD_DIS_P, CT_TGENCOST, CT_TAREAGENCOST, CT_MODCOST_F, ...
    CT_MODCOST_X] = idx_ct;

windprofile = struct( ...
    'type', 'mpcData', ...
    'table', CT_TGEN, ...
    'rows', [1:45], ...
    'col', PMAX, ...
    'chgtype', 1, ...
    'values', [] );
windprofile.values(:,1,:) = [
	0.7048 9.5239 49.2333 35.9903 5.6841 0.1072 12.1184 7.8947 0.3718 8.8072 16.28 24.2865 36.5632 2.1101 133.437 50.2716 62.3741 66.0979 71.9046 67.9404 4.0395 0.2501 63.0123 43.4511 32.0883 44.9148 4.0909 80.9389 322.7861 322.7861 237.1757 42.8666 239.682 174.8788 6.6153 137.7221 357.2016 90.0601 118.8048 85.9508 64.6256 1.1889 3.5433 53.3169 360.9224;
	0.5361 7.2444 47.5525 44.297 5.8792 0.074 5.8742 10.303 0.3795 3.6515 6.7497 10.0692 15.1592 1.3648 109.9486 41.4225 51.3946 54.4629 61.6416 67.5385 1.9581 0.1728 30.0815 58.921 42.9659 46.6003 5.6739 15.9528 206.9575 206.9575 156.5021 26.4231 205.4718 173.8443 4.279 88.3019 250.1244 87.3795 19.9021 115.0871 73.6389 0.8214 5.1582 76.4257 252.7299;
	0.3125 4.2223 51.9763 29.1122 3.9819 0.0 1.1474 9.9136 0.0 0.2677 0.4949 0.7382 1.1114 9.6908 69.1946 26.0686 32.3444 34.2754 42.6522 66.7737 0.3825 0.0 2.4451 68.0707 45.3737 49.5763 5.6113 0.0 12.2886 12.2886 150.2963 14.9967 142.1741 171.8756 30.382 5.2431 134.1525 11.7471 5.7445 121.5368 68.9553 0.0 0.0 82.4245 135.5499;
	0.4347 5.8739 59.5531 61.9515 7.3849 0.0 0.1054 11.5983 0.0 11.4774 21.2158 31.6499 47.6487 17.2275 75.3479 28.3869 35.2207 37.3235 32.9019 66.2352 0.0351 0.0 42.5098 67.8662 48.5049 49.5541 6.4408 0.0 62.7454 62.7454 222.2788 20.4944 109.6731 170.4896 54.0105 26.7714 3.2084 43.563 0.1716 129.9238 63.2565 0.0 0.3031 109.52 3.2418;
	0.4913 6.639 66.0666 59.6559 8.0102 0.0 0.002 9.7102 0.0041 6.7027 12.3899 18.4833 27.8265 3.3868 104.7336 39.4578 48.9569 51.8797 37.5902 65.8314 0.0007 0.0 23.0814 55.7185 34.4036 43.6192 5.9784 0.0 74.4826 74.4826 235.3258 12.2959 125.3005 169.4502 10.6179 31.7792 2.4792 28.9248 0.2048 92.1526 53.2598 0.0 0.0886 119.8715 2.5051;
	0.3543 4.7875 58.1015 40.9228 6.9843 2.41 1.3805 6.1269 0.0 3.0513 5.6403 8.4143 12.6676 4.7524 121.1558 45.6448 56.6333 60.0144 64.8375 64.3597 0.4602 5.6233 8.8565 41.6257 10.1686 32.9836 2.9829 0.0 32.5227 32.5227 161.0161 13.4331 216.1251 165.662 14.8994 13.8763 8.2721 79.6431 0.0212 27.2373 12.3518 26.7348 13.5708 109.7949 8.3583;
	0.4078 5.51 39.5699 4.0507 7.7134 2.2191 3.2926 0.4783 0.9568 2.5173 4.6533 6.9418 10.4508 1.7721 87.1975 32.8511 40.7597 43.1932 43.1502 54.7823 1.0975 5.1779 0.0 16.6148 0.0 41.3475 0.4562 25.8465 8.9095 8.9095 13.8393 10.6377 143.8341 141.0097 5.5557 3.8014 10.1419 23.5888 0.0 0.0 12.2625 24.6173 25.5446 120.5786 10.2475;
	0.3999 5.4035 0.0 4.5956 1.4064 2.4562 3.4164 0.0 0.6808 0.4017 0.7426 1.1078 1.6677 1.3372 17.3525 6.5374 8.1113 8.5955 8.098 33.445 1.1388 5.7312 2.9041 0.0 0.0 29.1535 0.0 1.2034 5.4734 5.4734 5.3916 1.869 26.9933 86.0876 4.1924 2.3353 7.03 5.7258 0.0 0.0 1.7729 27.2479 0.0 0.3688 7.1032;
	0.4605 6.2218 0.0 9.2441 2.8661 0.6985 0.0 2.7915 0.0 0.0 0.0 0.0 0.0 1.7035 3.6418 1.372 1.7023 1.8039 0.0 11.0384 0.0 1.6297 2.4017 0.0 1.8612 36.1907 1.2683 0.7443 11.44 11.44 23.006 0.314 0.0 28.4129 5.3408 4.8811 2.6464 2.5027 0.0 4.9852 0.1674 7.7482 2.1576 62.5745 2.6739;
	0.6064 8.1944 0.0 14.0956 6.9214 5.2024 0.0 3.3366 0.0 0.0 0.0 0.0 0.0 12.805 2.3929 0.9015 1.1186 1.1853 0.0 8.01 0.0 12.1389 5.0411 2.4583 17.4897 37.7903 2.5633 50.0534 24.7101 24.7101 5.6921 0.4795 0.0 20.6177 40.1455 10.543 8.0171 2.3023 14.1903 46.8473 2.7537 57.7117 51.0592 81.2271 8.1006;
	0.7232 9.7721 0.0 0.0 9.9892 0.2335 0.0 1.4272 0.0 0.4639 0.8576 1.2793 1.926 1.6959 0.0 0.0 0.0 0.0 0.0 5.0494 0.0 0.5449 27.6961 9.5596 4.3488 42.3346 0.9708 47.7572 58.8702 58.8702 0.1337 0.0 0.0 12.9972 5.317 25.118 39.3252 0.7788 22.839 11.6485 3.2277 2.5904 0.5059 41.6232 39.7348;
	1.5238 20.5905 44.5027 0.0 13.2505 1.874 1.2913 0.0001 1.1672 10.6874 19.7554 29.4712 44.3688 3.7123 0.8028 0.3024 0.3752 0.3976 0.0033 8.2902 0.4304 4.3728 54.3905 49.4665 0.0563 46.2261 0.04 148.6017 103.1346 103.1346 11.2333 0.5629 0.0108 21.339 11.6387 44.0041 116.9103 4.0795 34.7195 0.1507 9.3797 20.7894 0.782 115.1556 118.1281;
	2.1398 28.9138 68.7288 0.0 14.396 1.439 4.833 0.0 0.5346 25.0364 46.2795 69.0399 103.9391 1.4814 0.1469 0.0553 0.0687 0.0728 0.0002 6.7313 1.611 3.3577 34.9834 57.4628 56.0444 50.003 0.01 210.5549 160.8566 160.8566 1.8884 0.0 0.0007 17.3264 4.6444 68.6322 170.1705 2.7012 45.4118 150.1191 0.7597 15.9635 104.3359 153.931 171.9432;
	1.7972 24.2848 0.0 1.119 13.9678 19.52 4.2039 0.0 0.0 1.2321 2.2775 3.3976 5.115 3.3563 5.0668 1.9089 2.3684 2.5098 2.8629 8.3924 1.4013 45.5467 46.3621 0.0 0.0 30.3293 0.0 190.1947 212.9886 212.9886 19.0593 2.7526 9.5431 21.6021 10.5225 90.8751 200.7419 11.9226 27.351 0.0 1.7231 216.5421 79.9371 129.1412 202.833;
	2.1579 29.1576 0.0 9.3322 9.6821 6.4018 4.0118 0.0035 0.4245 0.0 0.0 0.0 0.0001 4.8806 5.7352 2.1607 2.6809 2.8409 0.058 3.5381 1.3373 14.9376 17.2168 1.0223 0.8545 2.5146 0.0586 250.6802 247.8531 247.8531 89.4658 5.706 0.1933 9.1071 15.3015 105.7507 251.0645 14.016 15.7637 2.2889 5.1428 71.0175 81.8095 98.5344 253.6798;
	3.0832 41.6605 81.015 13.8586 13.9945 1.251 0.3649 0.0133 0.9677 0.0003 0.0006 0.0008 0.0012 10.2073 1.7946 0.6761 0.8389 0.889 0.0 0.3912 0.1216 2.919 36.4595 2.7947 2.5878 2.8373 0.1267 366.2459 280.9883 280.9883 184.9537 11.8214 0.0 1.007 32.0012 119.8883 315.0843 45.2905 2.3345 6.9317 3.5582 13.8777 0.0 179.3681 318.3664;
	3.5158 47.5068 0.016 0.0 14.3705 1.7526 0.0 0.0808 0.0 0.0 0.0 0.0 0.0 1.0942 0.0 0.0 0.0 0.0 0.0 0.0029 0.0 4.0893 0.0 5.6911 3.4655 2.8222 0.0481 322.266 348.949 348.949 179.4031 22.9826 0.0 0.0075 3.4304 148.8849 446.442 72.1944 0.0033 9.2826 0.1254 19.4418 128.7681 217.1726 451.0924;
	3.1202 42.1605 6.7073 36.726 14.9393 20.8098 5.0351 1.2317 2.9574 0.0026 0.0049 0.0073 0.0109 7.3984 0.1475 0.0556 0.069 0.0731 0.0575 0.2295 1.6784 48.5563 12.2835 28.9275 32.312 29.6628 1.9586 519.8584 510.3719 510.3719 332.6906 32.9027 0.1918 0.5906 23.1951 217.7587 578.1744 104.1335 6.8269 86.5499 7.8632 230.8505 122.1173 245.2096 584.1971;
	3.3366 45.0845 85.1831 51.3415 14.9459 26.2054 4.1413 5.1365 11.496 7.4995 13.8627 20.6804 31.1342 7.83 0.0 0.0 0.0 0.0 0.0583 36.7775 1.3804 61.1459 29.3869 5.9013 41.1838 67.0733 3.343 690.0987 456.8149 456.8149 382.233 41.9069 0.1942 94.6655 24.5482 194.9077 627.4338 85.0136 0.6732 110.3137 0.6581 290.705 108.1117 215.3816 633.9696;
	3.0974 41.8532 0.231 7.665 14.2653 2.6322 18.472 1.2629 26.1138 12.3807 22.8856 34.1408 51.3988 4.2143 1.7512 0.6598 0.8186 0.8675 0.0 18.8061 6.1573 6.1417 53.615 1.465 15.0284 56.0906 0.9525 745.6928 433.3163 433.3163 345.5794 41.4807 0.0 48.407 13.2125 184.8816 574.3967 85.4721 0.0 40.2548 0.0 29.1996 99.7964 178.7306 580.38;
	3.4328 46.3852 84.7146 18.7631 14.3045 10.2908 1.9624 3.2249 26.9199 20.2549 37.441 55.8545 84.0887 9.247 19.6878 7.4173 9.2029 9.7523 0.7215 29.0789 0.6541 24.0118 64.7434 79.2723 2.7696 57.6625 0.9522 655.4654 397.4246 397.4246 254.3082 55.8121 2.4052 74.8493 28.9905 169.5678 595.2525 90.3525 0.551 7.4186 0.0 114.1588 105.5107 172.2093 601.453;
