function loadprofile = ex_load_profilesh1
%EX_LOAD_PROFILE  Example load profile data file for stochastic unit commitment.
% 2022.03.12
% Andres F. Ramirez

%% define constants
[CT_LABEL, CT_PROB, CT_TABLE, CT_TBUS, CT_TGEN, CT_TBRCH, CT_TAREABUS, ...
    CT_TAREAGEN, CT_TAREABRCH, CT_ROW, CT_COL, CT_CHGTYPE, CT_REP, ...
    CT_REL, CT_ADD, CT_NEWVAL, CT_TLOAD, CT_TAREALOAD, CT_LOAD_ALL_PQ, ...
    CT_LOAD_FIX_PQ, CT_LOAD_DIS_PQ, CT_LOAD_ALL_P, CT_LOAD_FIX_P, ...
    CT_LOAD_DIS_P, CT_TGENCOST, CT_TAREAGENCOST, CT_MODCOST_F, ...
    CT_MODCOST_X] = idx_ct;

loadprofile = struct( ...
    'type', 'mpcData', ...
    'table', CT_TAREALOAD, ...
    'rows', [1:11], ...
    'col', CT_LOAD_ALL_P, ...
    'chgtype', 1, ...
    'values', [] );
loadprofile.values(:,1,:) = [
	1554.9458 982.4 1664.2 594.9999 868.9659 1145.7684 868.517 271.1 519.4227 4636.7023 1712.5125;
	1533.314 986.5479 1685.1234 596.2115 879.8772 1174.7 860.4 273.7205 505.3927 4537.4899 1586.1228;
	1559.46 1007.2137 1711.3766 615.0738 899.4 1213.4636 891.572 290.3187 519.2857 4555.9631 1723.4;
	1643.8 1088.2 1797.8232 605.6025 951.9678 1261.1806 927.9029 309.3 544.4807 4810.1114 1772.6483;
	1751.4511 1196.5359 1971.9141 617.4325 1058.3 1424.2767 1036.3452 357.2 614.4929 5334.4 1991.1316;
	1866.2041 1261.1 2070.9366 634.9395 1120.1582 1489.8 1129.5868 366.1172 687.2 5916.8439 2133.5258;
	1889.8441 1259.6 2049.0278 621.0 1121.6945 1502.4878 1163.396 372.8 700.7449 6254.8831 2137.4909;
	1898.2021 1227.9588 2041.7884 604.3774 1133.1759 1487.8027 1128.2382 359.2915 698.4318 6414.9 2140.6389;
	1896.5289 1230.3234 2003.5659 598.8 1114.6488 1471.9676 1123.574 358.9444 696.4613 6487.0014 2056.333;
	1880.6823 1232.4665 2009.9067 590.3844 1097.8009 1509.6205 1128.1 351.7 670.2592 6475.8223 1992.8999;
	1896.1843 1251.8315 2021.1579 587.9 1110.4397 1552.097 1195.6107 350.1875 673.9613 6576.6117 2019.8769;
	1866.9086 1203.9513 1969.8383 593.4958 1081.0566 1524.2195 1154.6462 346.3 666.7287 6494.8578 1934.7271;
	1845.0441 1179.1691 1875.1547 571.2 1035.3192 1426.3938 1127.458 356.3538 645.8864 6497.8465 1993.9844;
	1806.6 1191.5509 1880.9542 597.0237 1031.759 1444.0946 1129.0959 351.0609 640.9232 6470.0109 2019.9335;
	1779.6173 1194.3612 1939.0506 594.4261 1053.9607 1468.9282 1212.3817 349.8094 660.3541 6586.1719 2203.2779;
	1752.051 1201.4729 1941.5942 612.9396 1071.0267 1511.2646 1151.9495 368.2678 667.6279 6444.0597 2201.1767;
	1739.7075 1184.2723 1967.5933 612.6 1066.9914 1493.3677 1120.3188 358.2818 684.6438 6155.164 2250.8875;
	1758.926 1203.1285 1997.6027 622.0498 1105.0 1568.9296 1177.2 368.0665 710.9124 6148.6469 2379.0488;
	1761.9 1208.1153 1980.7158 639.0439 1094.2405 1524.7126 1158.7806 377.3089 708.1693 6049.7624 2356.7419;
	1721.7331 1148.4525 1918.3116 613.1 1065.155 1404.3 1107.1566 355.1358 678.1142 5864.2252 2285.9575;
	1637.4776 1076.4934 1809.1994 598.5172 997.2347 1302.1 1021.8669 326.8 632.2 5548.2267 2080.7806;
	1578.3827 1006.4134 1712.3641 593.917 948.5457 1256.4323 934.1278 297.3027 585.2535 5097.7994 1749.2364;
	1558.4221 951.8 1618.0081 579.1846 861.7 1215.732 875.9387 271.9948 541.0015 4770.5423 1488.7357;
	1536.6111 950.9942 1631.3 602.8544 849.4231 1205.8 851.8957 250.7 518.0856 4630.3818 1453.4685;
];
