function solarprofile = ex_solar_profilesh1
%EX_WIND_PROFILE_D  Example wind_load_nyiso profile data for deterministic unit commitment.
% 2022.03.12
% Andres F. Ramirez


%% define constants
[GEN_BUS, PG, QG, QMAX, QMIN, VG, MBASE, GEN_STATUS, PMAX, PMIN, ...
    MU_PMAX, MU_PMIN, MU_QMAX, MU_QMIN, PC1, PC2, QC1MIN, QC1MAX, ...
    QC2MIN, QC2MAX, RAMP_AGC, RAMP_10, RAMP_30, RAMP_Q, APF] = idx_gen;
[CT_LABEL, CT_PROB, CT_TABLE, CT_TBUS, CT_TGEN, CT_TBRCH, CT_TAREABUS, ...
    CT_TAREAGEN, CT_TAREABRCH, CT_ROW, CT_COL, CT_CHGTYPE, CT_REP, ...
    CT_REL, CT_ADD, CT_NEWVAL, CT_TLOAD, CT_TAREALOAD, CT_LOAD_ALL_PQ, ...
    CT_LOAD_FIX_PQ, CT_LOAD_DIS_PQ, CT_LOAD_ALL_P, CT_LOAD_FIX_P, ...
    CT_LOAD_DIS_P, CT_TGENCOST, CT_TAREAGENCOST, CT_MODCOST_F, ...
    CT_MODCOST_X] = idx_ct;

solarprofile = struct( ...
    'type', 'mpcData', ...
    'table', CT_TGEN, ...
    'rows', [1:12], ...
    'col', PMAX, ...
    'chgtype', 1, ...
    'values', [] );
solarprofile.values(:,1,:) = [
	0.0 0.0 0.0 0.0 0.0 0.0 0.0 0.0 0.0 0.0 0.0 0.0;
	0.0 0.0 0.0 0.0 0.0 0.0 0.0 0.0 0.0 0.0 0.0 0.0;
	0.0 0.0 0.0 0.0 0.0 0.0 0.0 0.0 0.0 0.0 0.0 0.0;
	0.0 0.0 0.0 0.0 0.0 0.0 0.0 0.0 0.0 0.0 0.0 0.0;
	0.0 0.0 0.0 0.0 0.0 0.0 0.0 0.0 0.0 0.0 0.0 0.0;
	0.4731 0.4018 0.4224 0.0 0.0 0.0 0.0 0.2 0.0 0.0 0.0 0.0;
	8.8758 6.0096 5.898 0.9858 3.7799 179.7495 22.4687 36.4829 178.8157 11.6313 1.9742 21.0643;
	22.0788 15.7003 13.1839 5.0964 7.8508 430.4026 53.8003 71.9937 264.8099 49.9884 17.7321 90.5293;
	23.5534 16.6415 13.801 8.3514 8.9441 445.0019 55.6252 75.1103 268.3816 82.8342 33.5439 150.0132;
	18.2093 15.2081 12.6748 5.971 7.2667 304.345 38.0431 64.1981 150.5667 48.0191 23.3808 86.9629;
	6.3566 9.2051 9.3865 5.4548 8.1235 296.771 37.0964 60.05 126.0645 56.1705 26.8928 101.7252;
	6.5659 9.8546 9.4806 4.1205 8.7526 309.4641 38.683 59.1146 132.1755 78.2235 29.865 141.6633;
	10.1336 10.5341 9.1472 3.3244 8.8631 168.8473 21.1059 41.9064 114.4632 53.3013 17.7048 96.5289;
	12.3626 11.4779 9.0231 3.3485 7.8035 161.8126 20.2266 48.8786 140.2483 28.8122 10.4636 52.179;
	9.2954 7.9137 6.4021 2.5916 6.1946 161.8234 20.2279 49.1364 170.9702 12.4785 3.9553 22.5987;
	3.445 2.3755 2.3131 0.7818 0.6933 133.4714 16.6839 22.7453 136.0247 0.0 0.0833 0.0;
	0.5543 0.4171 0.3404 0.3181 0.2509 33.1209 4.1401 2.9249 19.132 8.2445 4.2667 14.9309;
	0.0 0.0 0.0 0.0 0.0 0.0 0.0 0.0 0.0 0.0 0.0 0.0;
	0.0 0.0 0.0 0.0 0.0 0.0 0.0 0.0 0.0 0.0 0.0 0.0;
	0.0 0.0 0.0 0.0 0.0 0.0 0.0 0.0 0.0 0.0 0.0 0.0;
	0.0 0.0 0.0 0.0 0.0 0.0 0.0 0.0 0.0 0.0 0.0 0.0;
	0.0 0.0 0.0 0.0 0.0 0.0 0.0 0.0 0.0 0.0 0.0 0.0;
	0.0 0.0 0.0 0.0 0.0 0.0 0.0 0.0 0.0 0.0 0.0 0.0;
	0.0 0.0 0.0 0.0 0.0 0.0 0.0 0.0 0.0 0.0 0.0 0.0;
];
