function windprofile = ex_wind_profilesh1
%EX_WIND_PROFILE_D  Example wind_load_nyiso profile data for deterministic unit commitment.
% 2022.03.12
% Andres F. Ramirez


%% define constants
[GEN_BUS, PG, QG, QMAX, QMIN, VG, MBASE, GEN_STATUS, PMAX, PMIN, ...
    MU_PMAX, MU_PMIN, MU_QMAX, MU_QMIN, PC1, PC2, QC1MIN, QC1MAX, ...
    QC2MIN, QC2MAX, RAMP_AGC, RAMP_10, RAMP_30, RAMP_Q, APF] = idx_gen;
[CT_LABEL, CT_PROB, CT_TABLE, CT_TBUS, CT_TGEN, CT_TBRCH, CT_TAREABUS, ...
    CT_TAREAGEN, CT_TAREABRCH, CT_ROW, CT_COL, CT_CHGTYPE, CT_REP, ...
    CT_REL, CT_ADD, CT_NEWVAL, CT_TLOAD, CT_TAREALOAD, CT_LOAD_ALL_PQ, ...
    CT_LOAD_FIX_PQ, CT_LOAD_DIS_PQ, CT_LOAD_ALL_P, CT_LOAD_FIX_P, ...
    CT_LOAD_DIS_P, CT_TGENCOST, CT_TAREAGENCOST, CT_MODCOST_F, ...
    CT_MODCOST_X] = idx_ct;

windprofile = struct( ...
    'type', 'mpcData', ...
    'table', CT_TGEN, ...
    'rows', [1:45], ...
    'col', PMAX, ...
    'chgtype', 1, ...
    'values', [] );
windprofile.values(:,1,:) = [
	0.7569 10.2277 50.3935 55.5455 7.5466 3.357 12.9684 7.0288 24.2417 16.5887 30.664 45.7446 68.8683 7.897 143.836 54.1894 67.235 71.249 77.022 67.9981 4.3228 7.8331 62.945 69.6154 41.9764 38.6249 4.1046 233.7524 338.9737 338.9737 228.4507 48.6578 256.7399 175.0274 24.7581 144.6288 440.7283 95.9977 97.2651 112.4369 61.8559 37.2407 13.8702 60.2835 445.3193;
	0.557 7.5264 52.3297 58.9518 6.6989 1.1971 10.6689 10.2044 22.1829 0.0061 0.0112 0.0167 0.0252 1.492 122.6093 46.1923 57.3127 60.7344 66.4969 67.7427 3.5563 2.7931 30.6022 75.0241 50.933 45.6041 6.0849 409.9872 247.3841 247.3841 152.0612 32.6691 221.6563 174.37 4.6777 105.5505 342.7281 99.5937 28.9678 136.4276 75.91 13.2794 2.3739 82.2663 346.2982;
	0.288 3.8922 62.788 69.071 5.9214 0.185 8.6976 10.9195 21.1706 8.116 15.0023 22.3805 33.6937 9.783 88.471 33.3309 41.3551 43.824 62.9011 66.5893 2.8992 0.4318 24.0962 82.2865 58.8671 54.4216 6.4344 300.2932 210.6362 210.6362 43.2573 19.9436 209.6704 171.4011 30.6709 89.8714 183.7455 37.9478 28.3189 157.6796 70.7689 2.0528 0.0124 96.847 185.6595;
	0.3461 4.6764 67.5404 73.4448 8.2679 0.2751 15.9365 12.7491 20.2393 13.406 24.7808 36.968 55.6551 17.2863 88.4216 33.3123 41.3319 43.7995 45.1711 64.3593 5.3122 0.6419 45.6909 79.7329 59.5582 62.8608 7.3507 441.5428 246.8558 246.8558 101.3884 22.8775 150.5702 165.661 54.1948 105.3251 210.3149 62.917 168.0883 159.5308 68.1902 3.0518 0.0 128.5623 212.5057;
	0.4864 6.5723 76.3958 72.6811 9.5135 0.7374 6.2702 13.5064 22.7697 14.1333 26.1252 38.9737 58.6747 7.437 120.4533 45.3801 56.3049 59.6664 55.0617 59.9186 2.0901 1.7207 46.9653 78.2434 75.3854 68.5124 8.5972 59.744 55.3191 55.3191 21.5763 14.1074 183.5391 154.2307 23.3159 23.6028 50.971 6.3291 42.8773 201.9251 65.6614 8.1808 0.0409 146.1528 51.5019;
	0.3667 4.9556 74.3755 57.4886 9.2378 2.5293 7.1876 11.7034 22.1903 8.0585 14.896 22.2219 33.4549 13.0724 145.9436 54.9834 68.2201 72.293 82.1445 67.7391 2.3959 5.9016 37.0198 70.0635 50.8464 63.9896 7.6065 148.7156 84.9361 84.9361 47.053 13.9473 273.815 174.3605 40.9838 36.2394 74.7372 13.1047 66.7957 136.1957 52.9364 28.058 15.4042 134.5188 75.5158;
	0.3772 5.0969 55.8335 38.9626 8.6103 0.8723 4.4368 7.813 6.8619 6.9329 12.8153 19.118 28.782 1.4457 125.4094 47.2473 58.6216 62.1214 64.124 68.675 1.4789 2.0355 22.9526 50.1142 30.3492 60.9788 4.1283 80.9342 48.8254 48.8254 57.9066 28.3823 213.7465 176.7695 4.5324 20.8322 79.4512 45.3743 48.7102 81.2926 27.1418 9.6772 20.7157 137.8837 80.2789;
	0.4643 6.2736 35.0283 28.8372 3.2273 1.4455 5.0096 7.0436 3.4462 4.9069 9.0703 13.5311 20.371 0.0011 65.6829 24.7457 30.703 32.536 18.0375 47.4379 1.6699 3.3728 12.6329 29.1026 29.0236 58.7274 4.3675 68.6187 19.3865 19.3865 95.3106 23.2382 60.1251 122.1053 0.0033 8.2716 102.3993 37.239 32.2944 77.7419 10.8051 16.0351 0.0 103.0987 103.466;
	0.5476 7.3988 31.2185 27.4974 3.188 0.5223 6.0217 6.0413 9.42 0.8367 1.5467 2.3073 3.4737 0.6445 17.3687 6.5436 8.1189 8.6036 0.0 17.3587 2.0072 1.2187 4.6937 35.903 29.2229 54.8438 4.4449 82.0682 9.6005 9.6005 140.339 7.4418 0.0 44.6813 2.0205 4.0962 109.22 11.754 54.7519 78.2757 12.6407 5.7941 0.0573 77.6242 110.3577;
	0.5829 7.8764 32.1555 27.0554 7.3719 3.4515 13.0618 4.7748 26.3112 1.9497 3.604 5.3764 8.0941 2.1995 6.5294 2.4599 3.0521 3.2343 0.0266 14.3905 4.3539 8.0535 11.2026 27.7419 29.7312 47.3314 3.191 138.035 52.2734 52.2734 232.1901 8.0119 0.0885 37.0411 6.8958 22.3033 242.1216 17.955 198.1835 79.6372 10.1288 38.2887 50.8473 89.1771 244.6437;
	0.8295 11.2085 44.7888 24.2272 10.5392 1.3303 14.8357 4.5415 24.0988 1.6344 3.0211 4.507 6.7852 19.5667 0.1409 0.0531 0.0659 0.0698 0.42 10.3591 4.9452 3.1039 33.1057 43.7639 49.226 54.6432 1.6184 83.2276 75.2654 75.2654 98.3743 1.28 1.3999 26.6644 61.3443 32.1133 85.6134 14.76 270.7162 131.8553 40.244 14.757 2.749 98.4236 86.5052;
	1.5456 20.885 61.8969 0.769 12.9697 0.1682 4.006 1.9536 17.2199 4.0838 7.5488 11.2614 16.954 6.5246 1.6655 0.6275 0.7785 0.825 8.9686 10.5088 1.3353 0.3924 54.1601 51.3411 4.3055 49.5582 0.7764 181.3815 108.2138 108.2138 48.4529 4.9112 29.8953 27.0496 20.4556 46.1712 134.4441 2.9495 66.5532 11.5325 10.7393 1.8656 1.513 129.5089 135.8445;
	2.3185 31.328 80.9726 0.0875 13.9302 3.1154 20.4264 1.0377 24.5233 24.4338 45.1655 67.3781 101.4373 21.8225 4.1611 1.5677 1.9451 2.0612 17.2057 11.5406 6.8088 7.2692 37.1477 60.0821 63.5773 51.9594 0.5428 242.0477 190.0236 190.0236 127.5697 3.0615 57.3525 29.7054 68.4165 81.0767 204.1864 6.9105 242.1376 170.2963 2.8255 34.5599 116.9149 166.0248 206.3134;
	1.8966 25.6276 4.1763 2.993 13.625 20.1398 14.5554 1.3653 21.6472 1.6846 3.1139 4.6454 6.9936 3.7967 21.8213 8.2211 10.2002 10.8092 14.0662 9.0922 4.8518 46.9929 46.6241 0.243 3.3738 31.206 1.572 215.3247 227.5033 227.5033 105.318 4.5266 46.8873 23.4033 11.9031 97.0681 211.176 9.4493 140.9748 9.037 1.8036 223.4175 86.3028 134.799 213.3757;
	2.1471 29.0118 2.3608 1.0382 8.4894 1.427 20.9154 1.5892 13.5005 1.2712 2.3498 3.5055 5.2775 3.9233 9.149 3.4468 4.2766 4.532 7.3949 7.7078 6.9718 3.3297 29.7838 0.0 2.8177 0.0071 1.6131 307.4336 271.3228 271.3228 96.0774 6.5412 24.6497 19.84 12.3 115.7644 275.1209 13.718 208.4481 7.5473 1.801 15.8303 81.5552 98.1289 277.9867;
	3.2636 44.099 84.3366 2.6885 13.6751 6.9923 6.3815 0.8953 2.3183 0.0 0.0 0.0 0.0 0.5166 0.983 0.3703 0.4595 0.4869 1.3865 1.4883 2.1272 16.3154 42.5915 2.2527 7.3752 0.0073 1.3553 447.1443 294.5122 294.5122 185.3436 11.7822 4.6217 3.831 1.6195 125.6585 331.3416 48.3813 3.6009 19.7551 2.8327 77.5679 0.9473 179.9044 334.793;
	3.4483 46.5946 8.4942 1.042 14.1948 0.8689 4.381 0.0 1.0281 0.0053 0.0098 0.0147 0.0221 3.4942 0.6738 0.2538 0.3149 0.3337 1.5545 0.9271 1.4603 2.0275 0.7283 0.4608 0.9569 0.0 0.2195 399.9305 356.6112 356.6112 192.2509 25.1341 5.1817 2.3864 10.9549 152.1541 431.0238 76.607 23.0672 2.563 2.5228 9.6394 122.7039 212.4755 435.5136;
	2.9367 39.6808 4.6962 1.6019 14.2241 20.4257 9.744 0.1126 8.214 0.0 0.0 0.0 0.0 15.9112 0.51 0.1921 0.2384 0.2526 3.8105 0.2474 3.248 47.6599 9.0892 0.1383 4.4814 0.0 1.5821 574.9394 474.3104 474.3104 331.6832 34.9641 12.7016 0.6369 49.8838 202.3724 534.9239 96.9257 52.715 12.0038 8.2822 226.5889 118.0763 214.3288 540.496;
	3.2063 43.3245 86.104 16.6179 14.6173 27.2153 8.5807 0.9879 25.0629 7.7771 14.3758 21.4458 32.2866 10.1727 1.3618 0.513 0.6365 0.6746 18.7069 40.6349 2.8602 63.5023 17.6719 3.7009 14.1831 57.4384 4.0989 732.6884 427.0973 427.0973 357.473 47.7568 62.3562 104.5944 31.8927 182.2282 571.6762 78.9937 190.4859 37.9906 8.1225 301.9081 116.8833 198.2762 577.6311;
	3.1761 42.9163 12.6697 48.7482 14.4185 17.2634 19.8512 1.6679 27.2502 19.9632 36.9017 55.0501 82.8776 16.6342 10.0051 3.7694 4.6768 4.956 70.2601 21.5237 6.6171 40.2812 47.4641 3.7681 40.6455 47.8924 2.6985 726.6475 420.4415 420.4415 326.3643 46.4001 234.2003 55.402 52.1504 179.3884 524.3211 80.2591 100.7811 108.8719 16.384 191.5085 114.8612 176.9448 529.7828;
