function solarprofile = ex_solar_profilesh1
%EX_WIND_PROFILE_D  Example wind_load_nyiso profile data for deterministic unit commitment.
% 2022.03.12
% Andres F. Ramirez


%% define constants
[GEN_BUS, PG, QG, QMAX, QMIN, VG, MBASE, GEN_STATUS, PMAX, PMIN, ...
    MU_PMAX, MU_PMIN, MU_QMAX, MU_QMIN, PC1, PC2, QC1MIN, QC1MAX, ...
    QC2MIN, QC2MAX, RAMP_AGC, RAMP_10, RAMP_30, RAMP_Q, APF] = idx_gen;
[CT_LABEL, CT_PROB, CT_TABLE, CT_TBUS, CT_TGEN, CT_TBRCH, CT_TAREABUS, ...
    CT_TAREAGEN, CT_TAREABRCH, CT_ROW, CT_COL, CT_CHGTYPE, CT_REP, ...
    CT_REL, CT_ADD, CT_NEWVAL, CT_TLOAD, CT_TAREALOAD, CT_LOAD_ALL_PQ, ...
    CT_LOAD_FIX_PQ, CT_LOAD_DIS_PQ, CT_LOAD_ALL_P, CT_LOAD_FIX_P, ...
    CT_LOAD_DIS_P, CT_TGENCOST, CT_TAREAGENCOST, CT_MODCOST_F, ...
    CT_MODCOST_X] = idx_ct;

solarprofile = struct( ...
    'type', 'mpcData', ...
    'table', CT_TGEN, ...
    'rows', [1:12], ...
    'col', PMAX, ...
    'chgtype', 1, ...
    'values', [] );
solarprofile.values(:,1,:) = [
	0.0 0.0 0.0 0.0 0.0 0.0 0.0 0.0 0.0 0.0 0.0 0.0;
	0.0 0.0 0.0 0.0 0.0 0.0 0.0 0.0 0.0 0.0 0.0 0.0;
	0.0 0.0 0.0 0.0 0.0 0.0 0.0 0.0 0.0 0.0 0.0 0.0;
	0.0 0.0 0.0 0.0 0.0 0.0 0.0 0.0 0.0 0.0 0.0 0.0;
	0.0 0.0 0.0 0.0 0.0 0.0 0.0 0.0 0.0 0.0 0.0 0.0;
	0.4889 0.4271 0.4489 0.0 0.0 0.0 0.0 0.2 0.0 0.0 0.0 0.0;
	8.1148 6.8851 5.9372 2.3154 0.7758 279.5895 34.9487 33.8868 188.6368 11.9494 0.0 21.6405;
	13.6176 12.3073 11.069 6.796 0.6949 418.1178 52.2647 71.6528 256.0735 31.735 8.6589 57.4722;
	17.4211 16.2129 13.7699 9.5579 0.9652 417.5352 52.1919 74.9945 258.6238 43.5495 18.5168 78.8684;
	14.6937 11.9932 12.7201 7.4946 0.7017 115.8662 14.4833 59.324 83.2022 37.1446 41.1865 67.2692;
	22.5056 15.4789 13.625 8.5406 1.0297 209.2499 26.1562 66.2617 126.9036 43.1573 46.6646 78.1582;
	25.0771 16.3342 13.769 8.2582 1.4853 283.0545 35.3818 69.8076 153.7327 53.6274 44.637 97.1195;
	13.6745 8.3451 9.335 5.4709 3.6961 120.1984 15.0248 40.4082 54.343 64.8757 39.9037 117.4903;
	7.3829 3.701 5.7712 4.0075 3.8857 74.0107 9.2513 23.2226 36.8065 67.4872 40.7033 122.2198;
	2.6585 1.8388 2.5389 2.6233 3.489 35.3472 4.4184 9.897 27.0293 53.5978 36.1813 97.0659;
	0.4973 0.6898 0.4307 1.2224 0.3467 0.6339 0.0792 1.7969 10.5217 14.3222 14.242 25.9377;
	0.4602 0.4132 0.3314 0.4245 0.1653 5.7687 0.7211 3.4981 7.5492 6.607 4.4692 11.9653;
	0.0 0.0 0.0 0.0 0.0 0.0 0.0 0.0 0.0 0.0 0.0 0.0;
	0.0 0.0 0.0 0.0 0.0 0.0 0.0 0.0 0.0 0.0 0.0 0.0;
	0.0 0.0 0.0 0.0 0.0 0.0 0.0 0.0 0.0 0.0 0.0 0.0;
	0.0 0.0 0.0 0.0 0.0 0.0 0.0 0.0 0.0 0.0 0.0 0.0;
	0.0 0.0 0.0 0.0 0.0 0.0 0.0 0.0 0.0 0.0 0.0 0.0;
	0.0 0.0 0.0 0.0 0.0 0.0 0.0 0.0 0.0 0.0 0.0 0.0;
	0.0 0.0 0.0 0.0 0.0 0.0 0.0 0.0 0.0 0.0 0.0 0.0;
];
