function solarprofile = ex_solar_profilesh1
%EX_WIND_PROFILE_D  Example wind_load_nyiso profile data for deterministic unit commitment.
% 2022.03.12
% Andres F. Ramirez


%% define constants
[GEN_BUS, PG, QG, QMAX, QMIN, VG, MBASE, GEN_STATUS, PMAX, PMIN, ...
    MU_PMAX, MU_PMIN, MU_QMAX, MU_QMIN, PC1, PC2, QC1MIN, QC1MAX, ...
    QC2MIN, QC2MAX, RAMP_AGC, RAMP_10, RAMP_30, RAMP_Q, APF] = idx_gen;
[CT_LABEL, CT_PROB, CT_TABLE, CT_TBUS, CT_TGEN, CT_TBRCH, CT_TAREABUS, ...
    CT_TAREAGEN, CT_TAREABRCH, CT_ROW, CT_COL, CT_CHGTYPE, CT_REP, ...
    CT_REL, CT_ADD, CT_NEWVAL, CT_TLOAD, CT_TAREALOAD, CT_LOAD_ALL_PQ, ...
    CT_LOAD_FIX_PQ, CT_LOAD_DIS_PQ, CT_LOAD_ALL_P, CT_LOAD_FIX_P, ...
    CT_LOAD_DIS_P, CT_TGENCOST, CT_TAREAGENCOST, CT_MODCOST_F, ...
    CT_MODCOST_X] = idx_ct;

solarprofile = struct( ...
    'type', 'mpcData', ...
    'table', CT_TGEN, ...
    'rows', [1:12], ...
    'col', PMAX, ...
    'chgtype', 1, ...
    'values', [] );
solarprofile.values(:,1,:) = [
	0.0 0.0 0.0 0.0 0.0 0.0 0.0 0.0 0.0 0.0 0.0 0.0;
	0.0 0.0 0.0 0.0 0.0 0.0 0.0 0.0 0.0 0.0 0.0 0.0;
	0.0 0.0 0.0 0.0 0.0 0.0 0.0 0.0 0.0 0.0 0.0 0.0;
	0.0 0.0 0.0 0.0 0.0 0.0 0.0 0.0 0.0 0.0 0.0 0.0;
	0.0 0.0 0.0 0.0 0.0 0.0 0.0 0.0 0.0 0.0 0.0 0.0;
	0.4731 0.4018 0.4224 0.0 0.0 0.0 0.0 0.2308 0.0721 0.0 0.0 0.0;
	13.5533 11.4838 13.1911 5.0736 2.7062 297.0235 37.1279 15.7561 130.0578 14.1884 4.4736 25.6952;
	17.2371 14.4996 13.3333 6.0875 2.4149 420.7441 52.593 12.0907 255.4774 35.6789 12.6343 64.6146;
	18.1551 16.5767 13.8 7.4949 3.401 433.8532 54.2316 44.1765 269.5965 40.3541 10.551 73.0815;
	15.7268 13.1939 13.0812 2.1979 2.6281 297.7043 37.213 52.1263 189.5036 0.8271 0.0 1.498;
	15.6456 12.8841 12.5836 1.6879 2.016 225.7631 28.2204 43.4615 171.8403 5.7395 0.0 10.3942;
	14.7985 12.2657 11.155 1.6566 1.3043 147.2832 18.4104 24.396 141.969 5.161 0.0 9.3465;
	5.3074 4.6041 4.175 1.3265 1.0007 75.2198 9.4025 4.4188 53.7647 7.1866 0.0 13.0149;
	6.5152 4.2389 3.893 1.3291 0.9036 95.8039 11.9755 8.2101 54.4196 22.3685 0.0 40.5095;
	7.4985 5.655 5.5127 1.1704 1.4351 107.799 13.4749 13.5807 46.3557 26.2189 0.0 47.4825;
	4.4218 3.0524 4.8078 0.8815 0.1609 26.8538 3.3567 7.5976 13.8921 9.1086 0.0 16.4957;
	0.4552 0.4642 0.3814 0.4439 0.1741 3.1588 0.3949 1.1913 7.4779 6.1737 0.2636 11.1806;
	0.0 0.0 0.0 0.0 0.0 0.0 0.0 0.0 0.0 0.0 0.0 0.0;
	0.0 0.0 0.0 0.0 0.0 0.0 0.0 0.0 0.0 0.0 0.0 0.0;
	0.0 0.0 0.0 0.0 0.0 0.0 0.0 0.0 0.0 0.0 0.0 0.0;
	0.0 0.0 0.0 0.0 0.0 0.0 0.0 0.0 0.0 0.0 0.0 0.0;
	0.0 0.0 0.0 0.0 0.0 0.0 0.0 0.0 0.0 0.0 0.0 0.0;
	0.0 0.0 0.0 0.0 0.0 0.0 0.0 0.0 0.0 0.0 0.0 0.0;
	0.0 0.0 0.0 0.0 0.0 0.0 0.0 0.0 0.0 0.0 0.0 0.0;
];
