function windprofile = ex_wind_profilesh1
%EX_WIND_PROFILE_D  Example wind_load_nyiso profile data for deterministic unit commitment.
% 2022.03.12
% Andres F. Ramirez


%% define constants
[GEN_BUS, PG, QG, QMAX, QMIN, VG, MBASE, GEN_STATUS, PMAX, PMIN, ...
    MU_PMAX, MU_PMIN, MU_QMAX, MU_QMIN, PC1, PC2, QC1MIN, QC1MAX, ...
    QC2MIN, QC2MAX, RAMP_AGC, RAMP_10, RAMP_30, RAMP_Q, APF] = idx_gen;
[CT_LABEL, CT_PROB, CT_TABLE, CT_TBUS, CT_TGEN, CT_TBRCH, CT_TAREABUS, ...
    CT_TAREAGEN, CT_TAREABRCH, CT_ROW, CT_COL, CT_CHGTYPE, CT_REP, ...
    CT_REL, CT_ADD, CT_NEWVAL, CT_TLOAD, CT_TAREALOAD, CT_LOAD_ALL_PQ, ...
    CT_LOAD_FIX_PQ, CT_LOAD_DIS_PQ, CT_LOAD_ALL_P, CT_LOAD_FIX_P, ...
    CT_LOAD_DIS_P, CT_TGENCOST, CT_TAREAGENCOST, CT_MODCOST_F, ...
    CT_MODCOST_X] = idx_ct;

windprofile = struct( ...
    'type', 'mpcData', ...
    'table', CT_TGEN, ...
    'rows', [1:45], ...
    'col', PMAX, ...
    'chgtype', 1, ...
    'values', [] );
windprofile.values(:,1,:) = [
	0.5485 7.4117 52.4475 59.7383 6.9354 0.1237 0.0 8.1086 0.3516 11.767 21.7512 32.4485 48.851 0.0 142.5542 53.7065 66.6358 70.6141 62.2391 71.9546 0.0 0.2887 56.4428 62.8038 43.8424 47.2066 3.7191 160.2 276.6921 276.6921 173.4481 41.8734 207.4636 185.2112 0.0 118.0553 354.506 53.2798 11.8766 117.435 63.1813 1.3727 0.0 65.8659 358.1988;
	0.4056 5.4809 45.9238 56.1882 6.5376 0.3862 0.0187 8.8252 0.2226 10.5927 19.5805 29.2102 43.9758 0.0 114.8761 43.2789 53.6979 56.9037 66.1268 71.9568 0.0062 0.9012 29.9077 57.1734 33.3409 49.2614 4.5917 56.9542 204.0608 204.0608 108.3029 25.2754 220.4228 185.2171 0.0 87.066 292.8227 49.3235 60.3165 89.306 75.2643 4.2845 0.8218 84.0701 295.8729;
	0.1708 2.3074 53.595 57.3502 5.3807 0.0 0.0218 7.6989 0.0 8.0686 14.9147 22.2498 33.4969 0.0 75.4947 28.4422 35.2894 37.3962 55.3292 66.8069 0.0073 0.0 22.1441 63.9454 42.9792 53.2096 1.1103 0.1726 2.0474 2.0474 0.0 12.7928 184.4307 171.9612 0.0 0.8736 177.0319 0.0 38.9473 115.1228 69.008 0.0 0.1286 99.3022 178.876;
	0.3294 4.4515 65.2433 70.2525 8.1303 0.5805 0.0094 12.9848 2.84 15.3132 28.3063 42.2274 63.5732 0.0031 94.1328 35.464 44.0016 46.6286 44.6132 69.0902 0.0031 1.3544 41.2706 73.8471 59.0725 68.6439 6.6455 1.3314 5.466 5.466 0.0105 17.7614 148.7108 177.8384 0.0097 2.3322 112.2541 0.0 10.9842 158.2299 66.4543 6.4393 0.0236 144.0301 113.4234;
	0.2703 3.6524 71.7859 64.1621 8.7509 0.0 0.0669 11.0647 1.1576 11.6643 21.5613 32.1652 48.4245 0.0 130.4044 49.1291 60.9565 64.5957 52.9428 71.3721 0.0223 0.0 34.6985 50.3818 67.0343 67.4528 6.2396 31.7781 1.8181 1.8181 0.0 10.4926 176.4758 183.7118 0.0 0.7757 89.3827 0.0 1.4194 179.5563 52.0876 0.0 0.0059 145.0856 90.3138;
	0.3717 5.023 73.6434 48.6764 9.3847 2.6933 0.253 10.4123 2.2669 6.2806 11.6095 17.3191 26.0738 0.1916 147.1927 55.454 68.804 72.9117 79.4339 70.334 0.0843 6.2843 12.7236 59.454 50.1817 66.4417 6.4441 18.3733 5.064 5.064 0.8484 9.7404 264.7796 181.0399 0.6006 2.1606 39.3942 0.1813 39.5482 134.4151 39.4445 29.8773 19.0946 143.7301 39.8046;
	0.4241 5.7304 55.2905 35.5342 9.5772 2.187 3.9064 7.9551 2.1969 4.9824 9.2099 13.7393 20.6845 8.0308 118.4272 44.6168 55.3578 58.6628 52.7446 69.3552 1.3021 5.1031 16.261 50.6768 34.3803 65.4514 4.0667 21.239 7.043 7.043 0.0121 0.1567 175.8155 178.5204 25.1778 3.005 22.3481 0.223 201.4896 92.0902 17.5836 24.2614 27.4937 142.3519 22.5809;
	0.3926 5.3046 30.0659 19.5611 3.4603 2.5151 4.2985 5.6279 1.9084 2.6419 4.8835 7.2853 10.9679 5.9028 60.2527 22.6999 28.1646 29.8461 14.1233 47.9439 1.4328 5.8685 10.1013 27.416 29.1653 57.2614 3.4099 5.7601 3.4191 3.4191 2.2377 0.8225 47.0776 123.4078 18.506 1.4588 20.6426 2.018 66.7196 78.1214 4.2484 27.9008 0.0862 102.2205 20.8576;
	0.4789 6.471 20.8722 13.6836 2.9748 0.1 0.0 3.085 2.6576 0.0046 0.0085 0.0127 0.0191 0.3612 14.1011 5.3125 6.5915 6.985 0.1917 17.1148 0.0 0.2332 6.093 1.4654 22.7734 44.3031 2.2905 0.0 15.3924 15.3924 7.3294 0.0 0.639 44.0536 1.1325 6.5674 16.9728 2.4609 28.0319 61.0003 0.0 1.1089 0.0 53.0457 17.1496;
	0.2678 3.619 25.4691 19.4371 7.0727 0.0181 1.0603 3.012 14.6082 0.0 0.0 0.0 0.0 0.1401 4.4856 1.6899 2.0968 2.222 3.1133 13.5068 0.3534 0.0422 10.0412 3.9645 23.4182 28.2848 2.2001 24.115 41.1074 41.1074 21.6149 0.1569 10.3778 34.7666 0.4393 17.5392 28.3286 4.5617 91.543 62.7274 0.0262 0.2005 32.7922 80.8208 28.6236;
	0.7179 9.7005 39.6718 9.7355 10.3671 0.0 4.4813 1.0197 22.205 0.0551 0.1018 0.1519 0.2286 0.0216 13.6657 5.1485 6.3879 6.7693 34.9602 14.5054 1.4938 0.0 31.9297 32.6652 33.3024 38.9302 0.4492 55.3112 87.3993 87.3993 199.5077 1.0349 116.5342 37.3369 0.0677 37.2903 85.6252 28.2441 227.5669 89.2028 0.0 0.0 0.0 88.3836 86.5171;
	1.4065 19.0048 57.8503 2.6197 12.8446 0.0274 5.5855 0.0 15.2779 0.2394 0.4425 0.6602 0.9939 1.2507 19.7272 7.4321 9.2213 9.7719 70.9097 14.8883 1.8618 0.0639 51.0664 49.6717 0.0 40.1094 0.0012 172.5116 129.0077 129.0077 203.1557 12.9019 236.3656 38.3225 3.9213 55.0433 156.8105 28.337 336.2028 0.0 2.2201 0.3039 0.0 118.8017 158.444;
	2.0906 28.2484 77.9505 0.4201 13.9769 0.0026 10.9416 0.0 16.6289 24.2726 44.8675 66.9335 100.7681 0.3801 3.9342 1.4822 1.839 1.9488 10.0715 11.7844 3.6472 0.0061 36.9877 60.7395 58.1855 43.6656 0.0 227.8379 187.8392 187.8392 42.0079 3.1849 33.5716 30.333 1.1918 80.1447 197.4914 3.1792 194.6817 155.8541 1.8068 0.0289 106.1433 158.2493 199.5486;
	1.7435 23.5591 0.0 0.0 13.9991 17.841 1.7715 0.0 5.0877 0.4003 0.74 1.104 1.662 0.0 0.0 0.0 0.0 0.0 0.7116 9.2892 0.5905 41.6291 40.2338 0.0 0.0 30.2221 0.0 188.8588 216.5811 216.5811 11.9923 4.9796 2.372 23.9105 0.0 92.4079 196.3993 7.8151 120.5658 0.0 0.1514 197.9165 79.2873 119.2515 198.4451;
	2.1553 29.1229 0.0 4.543 8.5516 2.972 6.8418 0.0001 19.4642 3.212 5.9374 8.8575 13.3349 0.0003 0.0 0.0 0.0 0.0 2.2255 20.6997 2.2806 6.9348 24.2758 0.0008 0.0 0.0 0.044 264.253 273.6099 273.6099 96.7854 7.808 7.4185 53.281 0.0008 116.7402 269.287 13.025 326.8149 0.0 4.9153 32.9698 83.3962 101.5647 272.092;
	3.1443 42.4867 83.7842 9.4815 13.9008 6.1134 5.2662 1.2538 6.3394 2.6622 4.9211 7.3413 11.0523 0.6599 0.0 0.0 0.0 0.0 1.9286 4.383 1.7554 14.2647 38.6731 11.6333 3.558 5.4921 2.1995 368.7531 282.9954 282.9954 164.544 10.9465 6.4287 11.282 2.0689 120.7447 296.6151 37.1304 384.8935 9.5302 0.1124 67.8183 28.8037 185.9569 299.7049;
	3.4809 47.0342 8.874 21.68 14.3869 2.7305 1.5531 0.6055 3.1093 6.5001 12.0153 17.9244 26.9851 4.6349 0.0837 0.0315 0.0391 0.0414 0.3324 3.1252 0.5177 6.3713 0.4241 25.0154 8.917 13.4617 2.3335 355.5601 364.7448 364.7448 169.1539 21.6157 1.1081 8.0443 14.5309 155.6245 428.0723 71.2575 189.8878 23.8849 0.0231 30.2908 135.159 233.8423 432.5314;
	2.8692 38.7691 2.7201 6.8346 14.492 18.7966 0.0 0.0045 0.0 2.074 3.8338 5.7192 8.6102 0.5904 0.0 0.0 0.0 0.0 0.0 0.002 0.0 43.8588 12.8131 1.1915 2.7028 0.0343 0.1811 530.9533 435.0056 435.0056 300.1784 30.3653 0.0 0.0051 1.851 185.6024 520.473 95.2403 23.4578 7.2396 1.9842 208.5173 111.971 222.5744 525.8946;
	3.2319 43.6702 86.1491 31.9258 14.9575 26.8479 0.0316 1.836 0.8937 7.5293 13.9179 20.7627 31.2582 5.8364 0.0 0.0 0.0 0.0 0.0908 31.3849 0.0105 62.6452 21.9873 15.161 9.299 61.8453 0.9112 751.8228 411.3361 411.3361 359.5938 43.4992 0.3027 80.7849 18.2977 175.5034 601.7528 76.5994 23.1245 24.9082 14.9954 297.833 111.6649 209.1149 608.021;
	3.272 44.2114 16.4037 24.3606 15.2299 13.9969 17.6854 2.3193 25.5937 19.6405 36.3051 54.1601 81.5377 3.3114 0.0 0.0 0.0 0.0 11.1165 7.4082 5.8951 32.6594 50.6966 32.9381 28.1356 57.5431 1.1346 734.7034 415.3904 415.3904 326.7823 41.7518 37.0552 19.0688 10.3816 177.2332 544.4699 73.4274 2.4861 75.3631 13.6093 155.2723 114.8623 189.2325 550.1415;
	3.3313 45.0129 87.035 13.7728 14.9258 5.0045 1.1638 0.8981 24.2493 22.6321 41.8351 62.4097 93.9575 3.8496 15.4413 5.8174 7.2179 7.6488 5.1157 20.7884 0.3879 11.6771 67.884 84.7462 10.7596 64.931 0.4207 604.8871 376.564 376.564 244.3105 54.4942 17.0522 53.5094 12.0691 160.6673 540.6778 76.1394 40.2859 28.8203 3.5781 55.5162 108.3427 182.5341 546.3098;
