function windprofile = ex_wind_profilesh1
%EX_WIND_PROFILE_D  Example wind_load_nyiso profile data for deterministic unit commitment.
% 2022.03.12
% Andres F. Ramirez


%% define constants
[GEN_BUS, PG, QG, QMAX, QMIN, VG, MBASE, GEN_STATUS, PMAX, PMIN, ...
    MU_PMAX, MU_PMIN, MU_QMAX, MU_QMIN, PC1, PC2, QC1MIN, QC1MAX, ...
    QC2MIN, QC2MAX, RAMP_AGC, RAMP_10, RAMP_30, RAMP_Q, APF] = idx_gen;
[CT_LABEL, CT_PROB, CT_TABLE, CT_TBUS, CT_TGEN, CT_TBRCH, CT_TAREABUS, ...
    CT_TAREAGEN, CT_TAREABRCH, CT_ROW, CT_COL, CT_CHGTYPE, CT_REP, ...
    CT_REL, CT_ADD, CT_NEWVAL, CT_TLOAD, CT_TAREALOAD, CT_LOAD_ALL_PQ, ...
    CT_LOAD_FIX_PQ, CT_LOAD_DIS_PQ, CT_LOAD_ALL_P, CT_LOAD_FIX_P, ...
    CT_LOAD_DIS_P, CT_TGENCOST, CT_TAREAGENCOST, CT_MODCOST_F, ...
    CT_MODCOST_X] = idx_ct;

windprofile = struct( ...
    'type', 'mpcData', ...
    'table', CT_TGEN, ...
    'rows', [1:45], ...
    'col', PMAX, ...
    'chgtype', 1, ...
    'values', [] );
windprofile.values(:,1,:) = [
	0.7037 9.508 51.0725 61.4857 7.1534 1.7707 8.413 8.2707 16.5935 19.1952 35.482 52.9321 79.689 22.1479 142.3317 53.6226 66.5318 70.5038 79.7794 69.5172 2.8043 4.1316 70.4139 61.0346 40.3436 46.372 4.0068 183.5427 323.2551 323.2551 230.6869 44.9584 265.9315 178.9375 69.4366 137.9222 396.74 90.6741 272.5231 108.0633 53.9911 19.643 21.154 71.3501 400.8727;
	0.3995 5.3986 38.7201 55.7751 5.2777 0.0026 5.1636 11.38 1.1459 11.0806 20.4823 30.5556 46.0012 16.9662 120.0567 45.2307 56.1195 59.47 73.0805 68.9925 1.7212 0.0061 35.5218 60.5569 43.8691 49.8116 5.7152 75.2876 204.9178 204.9178 146.3666 31.2555 243.6015 177.587 53.1912 87.4316 293.072 91.7973 69.8287 117.5066 73.8595 0.0291 0.1611 91.6986 296.1248;
	0.2528 3.4165 55.3592 62.2235 4.8716 0.0107 15.5505 12.0103 2.7386 9.8295 18.1697 27.1056 40.8073 51.2165 82.6028 31.1201 38.612 40.9172 61.7757 66.7933 5.1835 0.0251 28.2922 66.677 49.2155 57.0363 6.1352 31.7968 36.231 36.231 13.2361 18.3105 205.9191 171.9261 160.5707 15.4586 174.5004 26.3396 75.1828 131.8271 66.1967 0.1191 4.5395 106.9063 176.3181;
	0.3333 4.5031 55.4115 67.4804 6.4091 0.0 6.7581 13.5821 1.1272 14.2913 26.4172 39.4093 59.3305 38.3207 85.4451 32.1909 39.9406 42.3251 44.5978 66.9911 2.2527 0.0 46.5953 69.0251 53.6701 62.3825 7.2699 23.9381 6.9466 6.9466 13.6889 19.0391 148.6594 172.4353 120.1405 2.9639 15.4076 10.6584 30.34 143.7592 64.9755 0.0 0.0 138.1045 15.5681;
	0.4677 6.32 74.5786 73.8848 9.2728 0.1666 9.8651 14.1021 1.09 12.7358 23.5419 35.1199 52.8729 51.9988 121.8641 45.9116 56.9644 60.3652 56.1275 68.0969 3.2884 0.3887 38.2611 77.4575 72.9323 68.5395 7.9309 49.6802 32.0243 32.0243 106.5834 10.6011 187.0915 175.2815 163.0234 13.6637 78.8472 12.0353 17.2249 195.3544 66.2777 1.848 1.7182 155.4806 79.6685;
	0.4667 6.3056 77.8152 62.6654 9.694 3.886 18.91 12.8984 8.8985 8.233 15.2185 22.7031 34.1794 62.5895 139.0495 52.3861 64.9975 68.878 84.2396 67.2186 6.3033 9.0674 31.4137 79.1039 54.0906 62.3524 7.4395 74.2884 83.7726 83.7726 234.9758 12.5237 280.7986 173.021 196.2265 35.743 116.4305 33.469 33.6529 144.8855 50.1298 43.1091 23.1134 147.4906 117.6433;
	0.4903 6.6252 57.2157 42.114 9.4788 2.8745 4.5795 8.2837 2.0743 6.9785 12.8997 19.2438 28.9714 51.9708 111.1581 41.8782 51.96 55.0621 65.9827 65.8195 1.5265 6.7071 22.5286 58.8222 34.3948 59.9338 4.268 69.0593 25.9601 25.9601 157.26 5.5928 219.9423 169.4194 162.9354 11.0763 27.3299 14.1675 0.0 92.1289 22.8777 31.8873 29.7418 141.0305 27.6146;
	0.5178 6.9969 34.093 28.1705 3.9247 2.5043 4.6449 7.1583 1.9084 4.6466 8.5891 12.8133 19.2904 27.6588 54.7049 20.6098 25.5714 27.098 18.2872 44.9156 1.5483 5.8433 12.0217 39.0153 31.7684 59.5822 3.9045 68.0713 4.8883 4.8883 101.4093 16.2278 60.9572 115.6128 86.7142 2.0857 27.3622 13.5791 0.0 85.0941 5.4947 27.7807 0.0001 112.4958 27.6472;
	0.6843 9.2466 29.4703 27.1225 3.9464 2.9878 7.3839 5.6476 0.6516 0.3912 0.7232 1.0789 1.6242 50.4361 8.1594 3.074 3.8141 4.0418 11.3166 15.849 2.4613 6.9715 3.5362 38.4964 29.6184 52.3882 3.7324 3.4553 12.6259 12.6259 79.5742 6.0556 37.722 40.7954 158.1239 5.387 7.7555 14.8404 0.2569 79.3349 0.2711 33.1445 23.7448 94.7011 7.8363;
	0.7224 9.7616 31.984 27.2259 7.4681 1.5806 13.193 4.5828 0.8097 1.3152 2.4311 3.6267 5.4599 46.9642 4.3667 1.6451 2.0412 2.1631 4.9066 10.2157 4.3977 3.6882 8.6051 37.1363 28.9243 46.8939 2.891 28.8069 58.7027 58.7027 224.926 4.7533 16.3555 26.2952 147.2391 25.0465 3.8328 39.873 5.3467 77.4758 1.7245 17.5346 51.8776 99.8816 3.8727;
	1.0172 13.7452 46.4458 22.7243 11.5782 3.8819 5.858 3.8942 0.218 0.5721 1.0575 1.5776 2.375 9.0321 4.3641 1.6441 2.04 2.1617 19.8557 9.6566 1.9527 9.0578 9.9643 43.1053 44.7589 52.7155 1.3303 67.1047 65.1633 65.1633 47.1111 2.1224 66.1858 24.8562 28.3169 27.803 53.3731 4.0086 0.0 119.8898 7.1477 43.0635 12.7698 105.4473 53.9291;
	1.9332 26.1217 67.9375 34.7282 13.8962 9.5476 11.3499 4.8948 1.5003 8.138 15.0429 22.4411 33.7849 10.7357 44.7058 16.8427 20.8974 22.145 41.196 10.5567 3.7833 22.2778 50.3964 63.5753 36.6645 53.6762 2.2296 160.0403 116.392 116.392 182.0672 4.8763 137.3201 27.173 33.6578 49.6606 132.5089 38.4119 60.0942 98.2085 19.7364 105.9151 22.2992 144.2487 133.8892;
	2.4121 32.5922 85.3169 7.6441 14.1747 1.4009 3.9565 2.8421 0.0 24.9335 46.0893 68.7561 103.512 3.8008 41.6885 15.7059 19.4869 20.6503 50.4001 10.6689 1.3188 3.2688 32.4695 71.1475 71.6708 56.6869 2.8458 210.0227 174.4412 174.4412 100.2787 6.2231 168.0003 27.4619 11.916 74.4283 189.3536 22.3333 0.214 191.9755 18.494 15.5409 107.0327 187.2546 191.326;
	1.9073 25.7717 29.2399 1.1205 14.4154 19.1836 10.7566 2.6043 1.7923 6.2838 11.6155 17.328 26.0872 1.3078 58.7132 22.1199 27.445 29.0835 54.9417 10.2968 3.5855 44.7617 45.0796 67.4145 16.1164 34.5186 2.1913 195.3802 209.1778 209.1778 40.4907 6.3093 183.1391 26.5041 4.1001 89.2492 191.1715 21.8231 13.3931 43.1688 6.3513 212.8098 78.8893 147.166 193.1629;
	2.2234 30.0434 46.9623 7.5158 9.8412 2.3007 6.0663 4.192 0.8672 13.3983 24.7665 36.9467 55.6231 4.3044 17.2555 6.5009 8.0659 8.5475 24.6573 11.4703 2.0221 5.3682 29.8559 48.2399 22.6927 26.0578 2.8876 302.7485 257.7243 257.7243 104.3436 7.7923 82.1911 29.5247 13.4949 109.9624 257.7874 18.9061 0.0 60.784 0.0718 25.5221 81.6812 116.6348 260.4727;
	3.1142 42.0791 87.7798 23.5682 13.8981 2.6651 4.0004 8.744 0.0 7.0889 13.1037 19.5481 29.4296 0.3715 1.4324 0.5396 0.6696 0.7095 1.7467 1.3761 1.3335 6.2185 40.1667 32.1813 58.9394 42.5537 4.095 417.1585 279.1847 279.1847 186.7123 12.6293 5.8223 3.5421 1.1646 119.1188 313.2919 46.8762 0.0 157.8735 5.1982 29.5645 10.2103 200.266 316.5554;
	3.4077 46.0459 9.5634 13.5106 14.3645 3.552 5.7236 5.2818 0.0 7.397 13.6733 20.3979 30.7089 1.6355 5.0045 1.8854 2.3393 2.479 0.0015 6.4751 1.9079 8.2879 2.8009 23.4832 52.413 19.0769 2.1881 381.9353 362.3273 362.3273 190.7992 25.2799 0.0048 16.667 5.1274 154.593 457.2165 77.1405 0.137 140.3919 0.1326 39.4031 143.8362 233.9225 461.9792;
	2.7773 37.5275 14.3506 32.9957 14.7005 20.3337 16.5168 7.4503 0.4173 3.453 6.3828 9.5218 14.3351 8.4359 7.8848 2.9706 3.6857 3.9057 0.0 0.8103 5.5056 47.4452 13.6844 47.4126 64.6962 28.5233 6.7989 612.333 500.9894 500.9894 363.1498 37.3742 0.0 2.0857 26.4478 213.7555 596.2764 106.1177 129.1723 173.2934 8.2348 225.5683 120.159 235.8013 602.4876;
	3.3497 45.2614 88.1883 92.4161 15.3789 29.6644 29.2441 14.1458 8.2771 9.1141 16.8473 25.1328 37.8374 10.2612 7.3296 2.7614 3.4262 3.6307 0.0362 41.0532 9.748 69.2169 29.4682 79.7057 81.521 66.8662 5.5079 832.4065 504.5754 504.5754 421.825 48.6037 0.1207 105.671 32.1704 215.2855 688.637 89.5846 337.6453 218.3597 2.3032 329.0771 125.6934 223.0991 695.8103;
	3.1735 42.881 10.1537 26.4916 15.2859 3.4998 19.0873 7.0983 25.7527 21.6904 40.0944 59.813 90.0482 15.5286 27.589 10.394 12.8963 13.6662 0.5976 21.763 6.3624 8.1661 56.1316 23.6891 34.0379 58.3176 1.1066 779.7834 471.722 471.722 365.0428 42.6078 1.992 56.0181 48.6844 201.2681 611.9915 82.6445 58.0763 91.173 0.0 38.8242 114.852 188.058 618.3664;
