function windprofile = ex_wind_profilesh1
%EX_WIND_PROFILE_D  Example wind_load_nyiso profile data for deterministic unit commitment.
% 2022.03.12
% Andres F. Ramirez


%% define constants
[GEN_BUS, PG, QG, QMAX, QMIN, VG, MBASE, GEN_STATUS, PMAX, PMIN, ...
    MU_PMAX, MU_PMIN, MU_QMAX, MU_QMIN, PC1, PC2, QC1MIN, QC1MAX, ...
    QC2MIN, QC2MAX, RAMP_AGC, RAMP_10, RAMP_30, RAMP_Q, APF] = idx_gen;
[CT_LABEL, CT_PROB, CT_TABLE, CT_TBUS, CT_TGEN, CT_TBRCH, CT_TAREABUS, ...
    CT_TAREAGEN, CT_TAREABRCH, CT_ROW, CT_COL, CT_CHGTYPE, CT_REP, ...
    CT_REL, CT_ADD, CT_NEWVAL, CT_TLOAD, CT_TAREALOAD, CT_LOAD_ALL_PQ, ...
    CT_LOAD_FIX_PQ, CT_LOAD_DIS_PQ, CT_LOAD_ALL_P, CT_LOAD_FIX_P, ...
    CT_LOAD_DIS_P, CT_TGENCOST, CT_TAREAGENCOST, CT_MODCOST_F, ...
    CT_MODCOST_X] = idx_ct;

windprofile = struct( ...
    'type', 'mpcData', ...
    'table', CT_TGEN, ...
    'rows', [1:45], ...
    'col', PMAX, ...
    'chgtype', 1, ...
    'values', [] );
windprofile.values(:,1,:) = [
	0.707 9.5533 49.282 62.9777 7.5504 11.8462 24.1661 4.2665 2.2447 20.8776 38.592 57.5716 86.6738 49.6042 149.1406 56.1879 69.7146 73.8766 83.0262 70.1359 8.0554 27.6412 69.8285 64.8654 35.4099 39.1992 1.4187 199.156 342.9904 342.9904 244.394 48.6362 276.7539 180.5301 155.5159 146.3425 400.8088 94.4929 370.5713 94.8479 63.021 131.4142 27.1317 62.446 404.9839;
	0.46 6.2154 47.5525 62.1744 7.2208 4.2226 10.9137 9.2151 0.9373 12.8783 23.8053 35.5128 53.4643 35.5191 114.5456 43.1544 53.5434 56.74 75.8756 67.5773 3.6379 9.8528 34.1489 65.4688 45.984 34.0349 4.6514 68.6654 226.9682 226.9682 153.2074 32.4529 252.9187 173.9441 111.3572 96.8398 296.4156 90.8877 272.0862 123.1715 76.3235 46.8431 43.2604 82.1568 299.5032;
	0.3014 4.0723 57.8897 63.9855 6.1759 16.4743 13.1314 10.5894 8.9377 11.2615 20.8167 31.0544 46.7522 24.8054 70.4576 26.5445 32.9348 34.9011 68.644 65.5651 4.3771 38.44 29.3094 76.6263 52.7974 48.3328 5.4734 16.8182 21.3096 21.3096 35.2908 18.7665 228.8135 168.7648 77.7681 9.0921 165.2052 6.0302 396.7552 141.4216 71.5481 182.7549 32.2198 99.4404 166.9261;
	0.4246 5.7377 62.7932 70.3486 8.7206 11.9701 10.3559 13.137 6.7315 16.7206 30.9078 46.1083 69.4158 28.6305 78.8682 29.7131 36.8663 39.0672 52.6564 60.8361 3.452 27.9303 50.0272 79.3887 58.4588 62.6985 6.6444 13.2922 44.3109 44.3109 63.7647 20.5925 175.5215 156.5922 89.7605 18.906 19.8404 4.2565 198.0245 156.5862 71.0327 132.7888 29.0313 141.1067 20.0471;
	0.444 5.9989 74.9684 70.3999 10.2473 5.2065 17.4259 12.6265 3.388 16.43 30.3705 45.3069 68.2092 16.4695 103.3596 38.9401 48.3146 51.1991 57.4092 56.2434 5.8086 12.1485 47.1256 73.9752 66.9311 66.4454 7.2384 21.4612 26.8153 26.8153 33.5019 10.6715 191.3641 144.7707 51.634 11.4412 6.7125 0.1068 222.979 179.2796 66.7867 57.7573 11.496 143.9085 6.7824;
	0.3839 5.188 77.061 57.2591 10.075 4.1839 22.1223 12.3446 3.4939 9.3236 17.2346 25.7106 38.7072 31.9895 131.3012 49.467 61.3757 65.0399 80.7883 61.9692 7.3741 9.7625 36.1028 72.1367 51.4511 71.1351 7.5506 22.2566 45.0272 45.0272 90.4917 12.2158 269.2944 159.5088 100.2915 19.2116 3.8104 2.4895 370.4273 137.8153 54.7852 46.4136 24.7212 150.8306 3.8501;
	0.4168 5.6315 54.2732 39.1098 9.1594 2.6909 4.9727 6.4164 4.5237 8.1548 15.074 22.4875 33.8548 14.886 107.5359 40.5135 50.2668 53.2678 63.8863 63.7796 1.6576 6.2788 23.2017 48.776 27.5303 60.5976 3.3497 45.9998 31.1955 31.1955 54.7675 23.6667 212.9542 164.1688 46.6695 13.3101 8.4868 2.8999 396.9241 73.7419 29.3583 29.851 35.2753 144.7609 8.5752;
	0.4882 6.5961 36.5914 28.4164 4.2015 3.0716 5.6575 5.736 11.1087 5.5028 10.1718 15.1743 22.8449 2.7838 55.4669 20.8968 25.9275 27.4755 19.4535 42.5589 1.8858 7.1671 14.1523 33.6068 28.8206 58.0957 2.2589 47.6964 52.8092 52.8092 54.0355 30.9133 64.8449 109.5467 8.7274 22.5319 21.0222 2.7324 325.3368 77.198 12.0723 34.0744 13.0914 115.5537 21.2412;
	0.5557 7.5092 29.7169 25.9433 4.6381 8.7789 13.2744 5.0943 25.5852 6.7178 12.4178 18.525 27.8892 1.049 20.7721 7.8258 9.7097 10.2894 53.7307 17.1028 4.4248 20.4841 7.8185 33.7266 27.0188 52.4062 3.3996 44.877 78.1218 78.1218 48.8546 51.3566 179.1023 44.0226 3.2888 33.332 21.3209 11.6593 427.4142 72.3718 10.3657 97.3875 12.5752 86.1732 21.543;
	0.5652 7.6369 32.2183 24.3097 8.8601 8.3052 15.6134 3.7815 17.9631 12.7936 23.6488 35.2793 53.1128 10.941 14.4673 5.4505 6.7626 7.1663 18.7203 14.1175 5.2045 19.3788 13.3224 34.4513 24.9845 43.5926 2.5637 38.2253 51.9312 51.9312 26.0754 24.8427 62.4009 36.3385 34.3014 22.1573 12.0962 3.6902 447.9849 66.9227 3.2815 92.1321 51.0076 94.3841 12.2222;
	0.9021 12.19 43.7899 15.1448 11.9442 11.5888 24.5368 2.7852 25.9374 15.0912 27.8959 41.6151 62.6514 22.8606 39.9398 15.0471 18.6695 19.7841 11.583 11.5958 8.1789 27.0405 35.013 35.9469 37.7827 47.1826 0.5876 70.4143 77.3092 77.3092 84.9178 22.4887 38.61 29.8476 71.671 32.9853 69.0429 4.1488 452.4677 101.2038 4.736 128.5582 37.7242 98.6253 69.7621;
	1.6202 21.8925 62.0041 23.564 13.5475 6.2154 28.9732 0.0133 22.2963 15.4983 28.6483 42.7377 64.3414 1.5897 52.4162 19.7475 24.5015 25.9643 4.705 8.6872 9.6577 14.5025 54.5044 44.1811 0.0 42.0124 0.0 162.7198 118.5886 118.5886 80.6924 18.7021 15.6835 22.3608 4.9839 50.5978 141.9768 18.9125 433.8957 0.0 15.4226 68.9491 40.9796 125.6152 143.4557;
	2.3316 31.505 82.9072 17.1199 14.0447 8.7098 22.754 0.0002 17.7609 26.9853 49.8819 74.414 112.0298 3.1725 35.0659 13.2109 16.3913 17.3699 2.8642 8.3862 7.5847 20.3229 38.971 53.4701 55.3388 50.1569 0.0166 238.6293 174.3939 174.3939 56.8553 18.1562 9.5472 21.5862 9.9461 74.408 192.7966 44.2453 292.1931 148.229 0.8638 96.6209 116.2646 163.1497 194.8049;
	1.8 24.3216 7.3228 6.5569 13.8293 19.3592 11.1594 0.0019 7.2705 11.8642 21.9308 32.7165 49.2545 4.5022 4.8254 1.8179 2.2556 2.3903 0.0 8.965 3.7198 45.1714 50.3819 0.0142 0.0 29.5604 0.0039 228.5408 225.4953 225.4953 62.9208 22.8282 0.0 23.0759 14.1152 96.2113 208.2979 32.8004 172.0318 0.0 6.9938 214.7578 80.5853 127.0694 210.4677;
	2.0998 28.3732 7.5701 4.3876 9.6058 1.0967 4.3389 0.0002 2.6168 16.7928 31.0413 46.3075 69.7157 9.2884 18.8338 7.0955 8.8037 9.3293 0.0 12.0934 1.4463 2.5589 38.0498 0.0 0.0 1.6926 0.0158 303.0553 275.8802 275.8802 113.4908 10.7872 0.0 31.1284 29.1205 117.7089 283.2094 29.8812 150.4497 0.0 7.8681 12.1659 84.1947 93.7135 286.1595;
	3.1967 43.195 86.7914 15.4832 14.2815 5.6674 11.2085 0.3915 9.1445 10.7292 19.8327 29.5865 44.5423 17.8513 124.5746 46.9327 58.2314 61.7079 5.2458 30.6767 3.7362 13.2239 53.2654 1.3482 0.0 1.5889 0.2283 422.9494 310.2634 310.2634 211.484 18.0035 17.486 78.962 55.9664 132.379 337.91 53.6433 300.9175 0.0 12.1611 62.8704 34.561 175.5339 341.4299;
	3.2094 43.3661 13.0832 0.2296 14.5955 0.2065 1.3378 0.0025 8.6276 9.5872 17.7219 26.4375 39.8015 34.3984 38.4159 14.473 17.9572 19.0293 5.094 38.4939 0.4459 0.4817 22.1893 0.419 0.0 1.2067 0.1623 386.501 397.3226 397.3226 223.9173 30.0401 16.98 99.0833 107.8438 169.5243 458.4878 81.4226 78.198 0.0 0.2751 2.2902 133.6758 224.055 463.2638;
	2.5046 33.8422 2.858 0.0 14.1928 17.7701 0.0623 0.0005 3.6556 13.1755 24.3547 36.3324 54.6983 55.5412 6.3492 2.392 2.9679 3.1451 0.0 26.2468 0.0208 41.4636 18.6852 0.0 0.0 0.9116 0.0552 570.5559 527.4776 527.4776 367.2876 38.9224 0.0 67.5593 174.129 225.0571 579.9103 104.2669 18.2137 0.0 0.0225 197.1299 111.6777 220.6615 585.9511;
	2.8167 38.0599 80.3454 0.0 14.5872 24.7392 0.4956 0.0 4.952 8.6329 15.9578 23.8059 35.8396 8.3663 44.9759 16.9444 21.0236 22.2788 0.0 43.9148 0.1652 57.7248 30.6846 0.0 0.0 57.0039 0.0 800.4617 467.2314 467.2314 388.2833 49.0578 0.0 113.0368 26.2294 199.3521 640.244 82.8435 0.0139 0.0 0.0 274.4401 109.4622 202.9506 646.9132;
	2.8057 37.9113 1.0017 0.0 14.6824 0.8304 17.5344 0.0 26.7215 21.6852 40.0848 59.7987 90.0266 8.2894 22.366 8.4263 10.4548 11.079 0.0 21.64 5.8448 1.9377 59.8437 0.296 0.0 51.469 0.0042 743.9272 433.2757 433.2757 341.7387 44.1267 0.0 55.7015 25.9885 184.8643 568.679 72.6394 0.0021 0.0 0.0 9.2122 110.2813 180.3207 574.6027;
