function solarprofile = ex_solar_profilesh1
%EX_WIND_PROFILE_D  Example wind_load_nyiso profile data for deterministic unit commitment.
% 2022.03.12
% Andres F. Ramirez


%% define constants
[GEN_BUS, PG, QG, QMAX, QMIN, VG, MBASE, GEN_STATUS, PMAX, PMIN, ...
    MU_PMAX, MU_PMIN, MU_QMAX, MU_QMIN, PC1, PC2, QC1MIN, QC1MAX, ...
    QC2MIN, QC2MAX, RAMP_AGC, RAMP_10, RAMP_30, RAMP_Q, APF] = idx_gen;
[CT_LABEL, CT_PROB, CT_TABLE, CT_TBUS, CT_TGEN, CT_TBRCH, CT_TAREABUS, ...
    CT_TAREAGEN, CT_TAREABRCH, CT_ROW, CT_COL, CT_CHGTYPE, CT_REP, ...
    CT_REL, CT_ADD, CT_NEWVAL, CT_TLOAD, CT_TAREALOAD, CT_LOAD_ALL_PQ, ...
    CT_LOAD_FIX_PQ, CT_LOAD_DIS_PQ, CT_LOAD_ALL_P, CT_LOAD_FIX_P, ...
    CT_LOAD_DIS_P, CT_TGENCOST, CT_TAREAGENCOST, CT_MODCOST_F, ...
    CT_MODCOST_X] = idx_ct;

solarprofile = struct( ...
    'type', 'mpcData', ...
    'table', CT_TGEN, ...
    'rows', [1:12], ...
    'col', PMAX, ...
    'chgtype', 1, ...
    'values', [] );
solarprofile.values(:,1,:) = [
	0.0 0.0 0.0 0.0 0.0 0.0 0.0 0.0 0.0 0.0 0.0 0.0;
	0.0 0.0 0.0 0.0 0.0 0.0 0.0 0.0 0.0 0.0 0.0 0.0;
	0.0 0.0 0.0 0.0 0.0 0.0 0.0 0.0 0.0 0.0 0.0 0.0;
	0.0 0.0 0.0 0.0 0.0 0.0 0.0 0.0 0.0 0.0 0.0 0.0;
	0.0 0.0 0.0 0.0 0.0 0.0 0.0 0.0 0.0 0.0 0.0 0.0;
	0.481 0.4018 0.4224 0.0 0.0 0.0 0.0 0.2 0.0 0.0 0.0 0.0;
	8.5507 7.199 5.6422 1.0174 2.9282 100.824 12.603 45.1139 68.3697 16.2073 5.3671 29.3516;
	16.5045 13.4291 11.5335 3.2877 8.6237 168.361 21.0451 71.1371 172.6866 24.8105 15.8434 44.9321;
	18.946 16.3721 13.8 7.669 11.1576 275.9129 34.4891 72.5234 180.7292 31.3883 22.7732 56.8445;
	13.8544 12.9419 12.305 6.6352 10.0182 126.5587 15.8198 31.0377 33.0201 55.9623 26.2928 101.3481;
	18.3533 15.3392 12.7533 5.4585 8.6576 156.3362 19.542 41.5689 81.0939 82.4655 21.6849 149.3455;
	22.974 16.3832 13.644 3.08 7.0332 181.7192 22.7149 54.9834 154.4499 74.1542 20.4514 134.2937;
	15.8113 13.2246 10.8923 3.1119 6.2097 93.8229 11.7279 34.7101 98.2707 19.7924 25.5329 35.8441;
	14.7684 11.9382 9.7342 4.2717 5.9558 89.1975 11.1497 27.0747 73.9797 11.0775 29.4377 20.0613;
	9.1418 7.777 6.8412 3.9738 5.9148 70.3268 8.7908 16.9889 46.2964 11.7997 25.9716 21.3694;
	3.3258 2.925 3.3775 2.0296 1.8529 10.6117 1.3265 3.4735 13.9991 6.9631 6.3448 12.6102;
	0.7798 0.7327 0.7357 0.4299 0.5933 3.1842 0.398 3.4394 11.4569 4.4348 2.6237 8.0314;
	0.0 0.0 0.0 0.0 0.0 0.0 0.0 0.0 0.0 0.0 0.0 0.0;
	0.0 0.0 0.0 0.0 0.0 0.0 0.0 0.0 0.0 0.0 0.0 0.0;
	0.0 0.0 0.0 0.0 0.0 0.0 0.0 0.0 0.0 0.0 0.0 0.0;
	0.0 0.0 0.0 0.0 0.0 0.0 0.0 0.0 0.0 0.0 0.0 0.0;
	0.0 0.0 0.0 0.0 0.0 0.0 0.0 0.0 0.0 0.0 0.0 0.0;
	0.0 0.0 0.0 0.0 0.0 0.0 0.0 0.0 0.0 0.0 0.0 0.0;
	0.0 0.0 0.0 0.0 0.0 0.0 0.0 0.0 0.0 0.0 0.0 0.0;
];
