function solarprofile = ex_solar_profilesh1
%EX_WIND_PROFILE_D  Example wind_load_nyiso profile data for deterministic unit commitment.
% 2022.03.12
% Andres F. Ramirez


%% define constants
[GEN_BUS, PG, QG, QMAX, QMIN, VG, MBASE, GEN_STATUS, PMAX, PMIN, ...
    MU_PMAX, MU_PMIN, MU_QMAX, MU_QMIN, PC1, PC2, QC1MIN, QC1MAX, ...
    QC2MIN, QC2MAX, RAMP_AGC, RAMP_10, RAMP_30, RAMP_Q, APF] = idx_gen;
[CT_LABEL, CT_PROB, CT_TABLE, CT_TBUS, CT_TGEN, CT_TBRCH, CT_TAREABUS, ...
    CT_TAREAGEN, CT_TAREABRCH, CT_ROW, CT_COL, CT_CHGTYPE, CT_REP, ...
    CT_REL, CT_ADD, CT_NEWVAL, CT_TLOAD, CT_TAREALOAD, CT_LOAD_ALL_PQ, ...
    CT_LOAD_FIX_PQ, CT_LOAD_DIS_PQ, CT_LOAD_ALL_P, CT_LOAD_FIX_P, ...
    CT_LOAD_DIS_P, CT_TGENCOST, CT_TAREAGENCOST, CT_MODCOST_F, ...
    CT_MODCOST_X] = idx_ct;

solarprofile = struct( ...
    'type', 'mpcData', ...
    'table', CT_TGEN, ...
    'rows', [1:12], ...
    'col', PMAX, ...
    'chgtype', 1, ...
    'values', [] );
solarprofile.values(:,1,:) = [
	0.0 0.0 0.0 0.0 0.0 0.0 0.0 0.0 0.0 0.0 0.0 0.0;
	0.0 0.0 0.0 0.0 0.0 0.0 0.0 0.0 0.0 0.0 0.0 0.0;
	0.0 0.0 0.0 0.0 0.0 0.0 0.0 0.0 0.0 0.0 0.0 0.0;
	0.0 0.0 0.0 0.0 0.0 0.0 0.0 0.0 0.0 0.0 0.0 0.0;
	0.0 0.0 0.0 0.0 0.0 0.0 0.0 0.0 0.0 0.0 0.0 0.0;
	0.4871 0.4291 0.4307 0.0 0.0 0.0 0.0 0.2 0.0 0.0 0.0 0.0;
	6.944 6.4935 5.38 1.9587 2.742 173.8334 21.7292 33.1411 81.0763 12.1697 6.7719 22.0394;
	21.6479 16.9488 14.0212 4.0933 2.5419 386.4702 48.3088 75.3274 238.0629 37.3197 17.9417 67.5863;
	25.8164 17.3957 14.3982 7.2771 2.3462 409.2045 51.1506 79.3214 261.0244 66.4756 33.7371 120.3877;
	26.683 17.244 14.3056 5.6925 0.9039 150.1084 18.7636 67.1534 166.7848 86.0388 70.286 155.8167;
	25.9518 16.7236 14.0253 5.5523 0.9663 70.5294 8.8162 55.33 146.0988 54.8491 52.3643 99.332;
	25.5845 16.5102 13.8566 4.9272 1.0422 49.5653 6.1957 40.5433 146.032 40.5125 41.6877 73.3685;
	16.6102 14.7061 11.583 6.0973 3.3483 34.6684 4.3335 10.6685 102.3544 84.4296 62.167 152.9025;
	14.4282 12.7847 9.7617 6.3693 4.6564 68.9116 8.614 14.0654 98.8641 105.9223 115.2059 191.826;
	8.6558 7.7834 6.1411 6.0433 5.2816 78.9632 9.8704 13.3073 72.3552 136.9752 137.1743 248.0629;
	2.7938 2.2571 2.0478 2.0737 1.6909 9.7963 1.2245 2.8773 3.3227 55.9651 39.6518 101.3531;
	0.6295 0.5749 0.5098 0.3598 0.3614 3.1588 0.3949 1.1835 2.2574 7.4202 3.3163 13.4379;
	0.0 0.0 0.0 0.0 0.0 0.0 0.0 0.0 0.0 0.0 0.0 0.0;
	0.0 0.0 0.0 0.0 0.0 0.0 0.0 0.0 0.0 0.0 0.0 0.0;
	0.0 0.0 0.0 0.0 0.0 0.0 0.0 0.0 0.0 0.0 0.0 0.0;
	0.0 0.0 0.0 0.0 0.0 0.0 0.0 0.0 0.0 0.0 0.0 0.0;
	0.0 0.0 0.0 0.0 0.0 0.0 0.0 0.0 0.0 0.0 0.0 0.0;
	0.0 0.0 0.0 0.0 0.0 0.0 0.0 0.0 0.0 0.0 0.0 0.0;
	0.0 0.0 0.0 0.0 0.0 0.0 0.0 0.0 0.0 0.0 0.0 0.0;
];
