function loadprofile = ex_load_profilesh1
%EX_LOAD_PROFILE  Example load profile data file for stochastic unit commitment.
% 2022.03.12
% Andres F. Ramirez

%% define constants
[CT_LABEL, CT_PROB, CT_TABLE, CT_TBUS, CT_TGEN, CT_TBRCH, CT_TAREABUS, ...
    CT_TAREAGEN, CT_TAREABRCH, CT_ROW, CT_COL, CT_CHGTYPE, CT_REP, ...
    CT_REL, CT_ADD, CT_NEWVAL, CT_TLOAD, CT_TAREALOAD, CT_LOAD_ALL_PQ, ...
    CT_LOAD_FIX_PQ, CT_LOAD_DIS_PQ, CT_LOAD_ALL_P, CT_LOAD_FIX_P, ...
    CT_LOAD_DIS_P, CT_TGENCOST, CT_TAREAGENCOST, CT_MODCOST_F, ...
    CT_MODCOST_X] = idx_ct;

loadprofile = struct( ...
    'type', 'mpcData', ...
    'table', CT_TAREALOAD, ...
    'rows', [1:11], ...
    'col', CT_LOAD_ALL_P, ...
    'chgtype', 1, ...
    'values', [] );
loadprofile.values(:,1,:) = [
	1471.5459 941.1047 1651.937 498.3159 769.1681 1174.0998 903.2207 257.4 576.3528 4577.9845 1800.8789;
	1482.067 955.7445 1674.3851 511.4509 812.1522 1202.9961 912.4 252.4 581.9162 4520.6543 1849.3723;
	1491.1975 985.6574 1706.3096 545.8036 830.3585 1236.6201 930.3152 262.388 577.08 4534.8 1846.4499;
	1558.0293 1050.9755 1800.0844 574.1797 870.863 1317.7747 980.8743 287.3 614.5716 4792.2199 1965.4;
	1686.6672 1176.9137 1952.6478 602.3826 971.8233 1448.6068 1069.6 307.2887 669.1235 5297.0475 2184.2138;
	1828.8753 1246.8553 2069.4866 582.9561 1023.6972 1532.7249 1152.7004 347.6452 744.2 5980.652 2429.3588;
	1846.1688 1267.6786 2088.99 616.9042 1053.488 1519.7438 1168.921 351.9851 747.809 6258.7124 2450.5337;
	1882.0456 1256.8 2083.3729 591.6153 1076.2724 1508.3593 1174.9765 347.5 755.7126 6498.4169 2451.499;
	1889.3964 1244.2 2071.4468 579.2217 1055.6 1541.8133 1161.1395 343.1503 742.5574 6520.4296 2480.7938;
	1898.8229 1245.8558 2006.8908 579.2468 1044.6 1526.079 1199.8415 343.9938 753.8 6543.8453 2578.6606;
	1872.5735 1222.3514 1954.4287 576.6 995.9727 1501.805 1153.5919 325.7095 775.8156 6494.3807 2499.7775;
	1884.3291 1242.4355 1918.6981 556.2944 957.5148 1492.987 1130.555 318.6245 798.0132 6553.345 2605.4973;
	1832.1703 1216.713 1916.2011 574.0 959.3615 1389.5237 1074.1204 305.9914 763.071 6396.5443 2489.0402;
	1829.2249 1213.8608 1941.6 581.4996 960.3502 1323.487 1056.704 307.4902 773.0914 6404.5055 2549.7808;
	1845.5584 1172.718 1932.9943 569.1923 948.0 1362.6858 1070.3375 301.3873 766.3 6374.0408 2565.4415;
	1793.9899 1176.6929 1891.5323 571.8 949.4775 1374.6209 1084.4237 316.6176 782.723 6325.161 2449.1574;
	1805.7 1212.1092 1964.8657 590.564 975.838 1441.7079 1092.03 340.3 784.6233 6250.5017 2560.6134;
	1840.9935 1273.8966 2040.6093 611.5 997.3022 1513.5917 1199.391 353.1179 836.5366 6304.3219 2778.468;
	1922.3742 1294.7813 2021.9468 601.4284 1003.3128 1504.9645 1193.8908 352.9285 824.4736 6205.7313 2751.0781;
	1823.7323 1231.9487 1990.9558 594.0 973.3 1429.0177 1147.6 335.4886 780.2367 6078.2671 2553.0909;
	1680.939 1126.6923 1878.7004 569.3644 904.3177 1303.7 1093.5271 322.5145 728.0962 5778.583 2371.7671;
	1517.1438 1034.3 1763.1696 566.0366 829.0 1213.8696 997.9232 270.3 654.6 5298.374 2099.1071;
	1501.3777 964.1463 1659.5417 535.9147 789.3194 1159.5319 892.1818 249.8543 585.6115 4852.8225 1880.7376;
	1464.3371 926.3325 1642.829 547.1041 762.0256 1127.6752 848.1982 222.3487 541.512 4688.1 1822.083;
];
