function windprofile = ex_wind_profilesh1
%EX_WIND_PROFILE_D  Example wind_load_nyiso profile data for deterministic unit commitment.
% 2022.03.12
% Andres F. Ramirez


%% define constants
[GEN_BUS, PG, QG, QMAX, QMIN, VG, MBASE, GEN_STATUS, PMAX, PMIN, ...
    MU_PMAX, MU_PMIN, MU_QMAX, MU_QMIN, PC1, PC2, QC1MIN, QC1MAX, ...
    QC2MIN, QC2MAX, RAMP_AGC, RAMP_10, RAMP_30, RAMP_Q, APF] = idx_gen;
[CT_LABEL, CT_PROB, CT_TABLE, CT_TBUS, CT_TGEN, CT_TBRCH, CT_TAREABUS, ...
    CT_TAREAGEN, CT_TAREABRCH, CT_ROW, CT_COL, CT_CHGTYPE, CT_REP, ...
    CT_REL, CT_ADD, CT_NEWVAL, CT_TLOAD, CT_TAREALOAD, CT_LOAD_ALL_PQ, ...
    CT_LOAD_FIX_PQ, CT_LOAD_DIS_PQ, CT_LOAD_ALL_P, CT_LOAD_FIX_P, ...
    CT_LOAD_DIS_P, CT_TGENCOST, CT_TAREAGENCOST, CT_MODCOST_F, ...
    CT_MODCOST_X] = idx_ct;

windprofile = struct( ...
    'type', 'mpcData', ...
    'table', CT_TGEN, ...
    'rows', [1:45], ...
    'col', PMAX, ...
    'chgtype', 1, ...
    'values', [] );
windprofile.values(:,1,:) = [
	0.5644 7.6267 56.5326 61.4092 5.8729 0.2155 1.5639 4.2667 0.0 17.336 32.0453 47.8053 71.9706 2.6326 123.7467 46.6208 57.8444 61.2978 71.5854 68.6221 0.5213 0.5029 51.9002 65.1449 46.3247 40.6358 1.7758 178.9504 334.5418 334.5418 220.2978 39.3852 238.6182 176.6334 8.2536 142.7378 396.9479 80.9001 0.0 124.0841 62.596 2.391 14.8364 65.2853 401.0828;
	0.4072 5.5022 49.3561 57.8144 4.9844 0.393 0.0059 7.917 0.0 10.1017 18.6728 27.8561 41.9372 0.0 102.5072 38.619 47.9162 50.7768 66.2868 67.7157 0.002 0.9171 2.9233 63.273 47.6903 36.5326 1.8792 72.5913 223.8202 223.8202 139.9034 27.7428 220.9558 174.3004 0.0 95.4966 301.9849 87.6711 0.0 127.7418 75.6878 4.36 18.0474 82.9221 305.1305;
	0.2507 3.3881 58.2627 65.614 4.9289 4.399 1.3051 9.8481 0.0 8.9009 16.4532 24.5449 36.9523 2.9602 69.4024 26.147 32.4416 34.3784 57.7721 61.4782 0.435 10.2644 0.9068 73.7345 53.9208 44.8502 5.095 2.2738 70.8337 70.8337 21.4227 12.8589 192.5736 158.2451 9.2807 30.2224 174.0023 5.2288 4.0809 144.4307 75.6851 48.7997 27.4087 99.552 175.8148;
	0.2539 3.4305 62.5715 72.3893 7.6201 7.1616 0.0 11.3893 0.0 11.3452 20.9714 31.2852 47.0998 2.2812 76.3557 28.7666 35.6919 37.8227 29.5705 59.6851 0.0 16.7104 22.9693 76.0426 60.1676 59.234 6.3433 0.9579 33.4461 33.4461 20.8919 14.2441 98.5684 153.6297 7.1519 14.2703 18.7863 4.6552 0.0 161.1631 74.5778 79.446 56.2862 135.3004 18.982;
	0.3241 4.3792 76.1655 71.7163 9.1477 11.4415 0.0 10.5973 0.0 12.4236 22.9649 34.2591 51.5769 3.4332 119.7735 45.124 55.9871 59.3296 51.8569 64.6596 0.0 26.6967 38.3611 78.4146 73.2921 60.8782 5.8315 12.7267 91.6445 91.6445 102.3399 6.9521 172.8563 166.434 10.7635 39.1017 22.13 21.5267 6.1163 196.318 64.8835 126.9239 51.0243 143.0544 22.3605;
	0.3839 5.1875 75.331 62.4773 9.6957 4.4312 0.0602 11.0988 0.2677 8.0727 14.9222 22.261 33.5138 4.2899 145.3422 54.7568 67.939 71.9951 79.73 67.3716 0.0201 10.3395 30.0821 79.5572 56.8174 66.0989 7.2184 0.0 31.1936 31.1936 123.8782 9.3631 265.7665 173.4147 13.4493 13.3093 0.7423 38.2981 114.3629 152.1896 48.2672 49.1569 25.5413 141.6758 0.75;
	0.3865 5.2221 50.4935 38.9403 9.3262 2.9885 3.6483 2.7189 2.0412 4.5593 8.4279 12.5727 18.9281 5.5887 125.1554 47.1516 58.5029 61.9956 68.6255 70.0667 1.2161 6.9732 20.13 51.32 34.0565 60.2904 1.6821 18.354 68.1212 68.1212 295.2258 2.2478 228.7517 180.3518 17.5213 29.065 17.1109 52.5683 121.7458 91.2228 16.2033 33.1526 29.97 135.7414 17.2891;
	0.4512 6.0961 13.5635 27.3699 3.9864 3.3391 4.8408 0.0 2.8789 2.8551 5.2775 7.8731 11.8529 27.8353 75.6007 28.4821 35.3389 37.4487 21.6222 47.9826 1.6136 7.7912 10.375 10.8959 27.8661 53.5295 0.2051 2.1207 91.6468 91.6468 235.7664 4.8545 72.0741 123.5072 87.2675 39.1026 24.6041 31.6654 390.7338 74.6414 5.4802 37.0416 7.6827 96.2125 24.8604;
	0.6186 8.3583 25.7753 27.2926 4.1599 16.6208 1.6055 4.1431 4.2374 1.4108 2.6078 3.8903 5.8568 28.5792 21.3653 8.0493 9.987 10.5833 20.6298 19.5951 0.5352 38.7819 6.1227 26.889 28.6028 54.8483 2.0283 0.0 131.7525 131.7525 265.0665 1.0141 68.766 50.4377 89.5995 56.2144 13.7717 13.7216 184.9081 76.6146 3.7674 184.3803 13.0901 92.6824 13.9152;
	0.63 8.5124 27.3294 25.2453 7.6047 4.0213 0.0 2.3164 1.1793 1.8802 3.4756 5.1849 7.8058 19.2987 15.707 5.9175 7.3421 7.7805 22.7855 15.984 0.0 9.3831 11.0214 33.0583 28.6072 47.0694 1.4042 18.7501 68.4768 68.4768 199.7923 3.3566 75.9515 41.143 60.5042 29.2167 3.4938 20.381 12.397 76.6264 1.2147 44.6097 51.0225 103.4649 3.5302;
	0.9018 12.1857 41.9972 20.0814 10.217 4.8052 0.0778 2.9244 3.3635 5.9843 11.0619 16.5022 24.844 11.6049 39.8632 15.0182 18.6337 19.7462 0.1514 12.1399 0.0259 11.2121 30.9208 39.3664 45.8309 51.0096 0.9506 51.9869 75.9636 75.9636 207.2486 3.5785 0.5045 31.2481 36.3829 32.4111 62.1555 13.1659 50.5864 122.7614 0.2071 53.3056 21.7615 114.6055 62.803;
	1.627 21.9845 60.5579 26.4221 13.639 6.9063 4.7757 0.0491 19.7914 0.0008 0.0016 0.0023 0.0035 6.9976 15.1608 5.7118 7.0868 7.5099 0.1472 9.7288 1.5919 16.1148 33.9036 51.9078 15.7728 48.261 0.0025 176.0561 114.0875 114.0875 177.2469 6.0873 0.4908 25.042 21.9383 48.6773 136.6486 6.7089 160.3039 42.2486 0.0 76.6142 22.4399 143.5559 138.072;
	2.3824 32.1915 81.9715 34.9125 14.5488 7.9729 1.5434 0.3436 2.5642 22.5675 41.7158 62.2317 93.6895 9.5246 5.908 2.2258 2.7617 2.9265 1.8275 8.8188 0.5145 18.6035 28.0108 63.9756 70.4385 50.7997 0.4308 219.7664 164.6381 164.6381 19.5595 3.4522 6.0918 22.6996 29.8608 70.2456 173.1994 3.4573 121.8283 188.6746 0.4874 88.4464 114.0038 183.5524 175.0036;
	1.8544 25.0572 4.1228 13.4579 14.617 18.8006 2.8358 1.1934 3.4112 0.0022 0.0041 0.0061 0.0091 2.4512 0.7187 0.2708 0.336 0.356 0.029 4.8934 0.9453 43.868 26.2222 15.1607 44.7501 34.5062 1.1463 163.5745 187.6525 187.6525 14.1999 4.9221 0.0968 12.5957 7.6847 80.0651 163.6305 7.8676 88.2145 119.8664 1.0802 208.561 83.1464 150.6617 165.335;
	2.1933 29.6365 2.4005 2.865 9.8902 0.011 0.7087 0.8064 0.0035 0.0 0.0 0.0 0.0 1.1212 0.3206 0.1208 0.1499 0.1588 0.0 0.2997 0.2362 0.0257 0.0617 0.5137 4.6413 2.4335 1.0137 271.336 249.1959 249.1959 94.2986 7.654 0.0 0.7715 3.515 106.3236 257.6077 15.171 12.4866 12.432 2.1877 0.1221 83.9473 117.6939 260.2912;
	3.1444 42.4875 79.4807 0.0 14.0473 0.0 0.0079 0.0091 0.1024 0.0 0.0 0.0 0.0 2.0946 0.2836 0.1068 0.1326 0.1405 1.2105 0.2374 0.0026 0.0 22.4917 0.0 0.0241 0.2105 0.001 386.4035 274.6177 274.6177 189.5155 12.2701 4.0349 0.6112 6.5667 117.1702 300.438 46.2192 18.0247 0.0646 1.7947 0.0 0.1211 188.543 303.5676;
	2.9113 39.3375 0.0 0.0 13.6793 0.0 0.0 0.0 0.0 0.0 0.0 0.0 0.0 0.0216 1.1934 0.4496 0.5578 0.5911 3.6412 0.9264 0.0 0.0 0.0 0.0 0.0 0.0 0.0 368.2499 382.2416 382.2416 219.438 27.4163 12.1373 2.3846 0.0677 163.0897 457.2479 84.308 0.0 0.0 0.5504 0.0 119.8397 208.4166 462.0109;
	2.5956 35.0721 0.0 0.0 13.8909 18.1202 10.1793 0.0 0.0 0.0 0.0 0.0 0.0 0.0006 6.6585 2.5085 3.1124 3.2983 3.7704 0.2498 3.3931 42.2804 1.3315 0.0 0.0 0.0 0.0001 589.8414 520.9788 520.9788 372.2282 38.0911 12.5679 0.643 0.0019 222.2843 613.8119 107.2005 58.5157 0.0 1.3542 201.0129 114.7185 210.7701 620.2058;
	2.8082 37.9452 74.7326 0.0 14.0556 21.8708 1.2549 0.0 0.0 0.0809 0.1496 0.2231 0.3359 4.6248 5.9435 2.2392 2.7782 2.9441 4.1645 38.1363 0.4183 51.0319 1.8008 0.016 0.0 53.8132 0.0 753.7328 459.1412 459.1412 387.5042 49.1258 13.8816 98.1628 14.4995 195.9003 644.8312 83.9829 0.0 0.0 21.439 242.6203 100.7744 195.1735 651.5482;
	2.9922 40.431 0.0151 2.2317 14.6822 0.8042 18.9499 0.2892 25.9752 16.1979 29.9415 44.6669 67.2458 3.3871 12.6516 4.7664 5.9139 6.267 0.1791 17.2275 6.3166 1.8766 56.1503 0.1261 0.0032 53.1997 1.4963 782.3483 450.2451 450.2451 365.8977 48.155 0.597 44.3435 10.6191 192.1046 610.9001 86.6638 5.0591 0.0086 33.8324 8.9218 107.7509 177.1228 617.2637;
