function loadprofile = ex_load_profilesh1
%EX_LOAD_PROFILE  Example load profile data file for stochastic unit commitment.
% 2022.03.12
% Andres F. Ramirez

%% define constants
[CT_LABEL, CT_PROB, CT_TABLE, CT_TBUS, CT_TGEN, CT_TBRCH, CT_TAREABUS, ...
    CT_TAREAGEN, CT_TAREABRCH, CT_ROW, CT_COL, CT_CHGTYPE, CT_REP, ...
    CT_REL, CT_ADD, CT_NEWVAL, CT_TLOAD, CT_TAREALOAD, CT_LOAD_ALL_PQ, ...
    CT_LOAD_FIX_PQ, CT_LOAD_DIS_PQ, CT_LOAD_ALL_P, CT_LOAD_FIX_P, ...
    CT_LOAD_DIS_P, CT_TGENCOST, CT_TAREAGENCOST, CT_MODCOST_F, ...
    CT_MODCOST_X] = idx_ct;

loadprofile = struct( ...
    'type', 'mpcData', ...
    'table', CT_TAREALOAD, ...
    'rows', [1:11], ...
    'col', CT_LOAD_ALL_P, ...
    'chgtype', 1, ...
    'values', [] );
loadprofile.values(:,1,:) = [
	1446.4974 963.794 1680.4 592.2519 885.1068 1190.7 916.4835 256.7997 542.5 4714.8953 1824.0588;
	1462.4358 966.9 1672.1267 605.2025 865.1698 1203.7526 909.1035 266.9 553.3242 4701.2385 1806.2262;
	1443.8374 976.9602 1702.1346 590.8977 885.2215 1201.346 905.088 266.6 536.9522 4617.0306 1812.6;
	1556.3069 1057.5137 1792.8864 615.9 969.2837 1306.3669 959.7 302.6081 580.8336 4885.3539 1948.2523;
	1732.1323 1185.5329 2001.6 629.9534 1085.1478 1461.2046 1095.9 347.3 658.2501 5454.6818 2191.2398;
	1803.0605 1253.0639 2078.6219 647.4292 1132.3567 1520.4799 1159.4816 372.9 721.0926 5969.29 2328.218;
	1789.6793 1249.1097 2082.6247 639.5 1104.9285 1511.7749 1146.4905 375.059 715.7 6297.2718 2355.7556;
	1757.1845 1227.3231 2033.0991 623.6726 1049.6407 1449.7409 1131.8662 344.7897 691.32 6430.3 2304.1935;
	1741.468 1211.5901 2028.9551 608.8534 1023.607 1422.3062 1116.54 329.8697 688.8655 6437.1255 2331.7337;
	1718.5359 1199.9696 2020.9749 619.9597 1010.8742 1433.7 1144.1173 343.4447 700.1097 6500.0348 2296.8864;
	1673.1296 1173.6 1982.1977 614.6261 990.8344 1419.0 1117.8446 337.1942 688.9782 6575.4007 2213.475;
	1673.9307 1154.4344 1930.9333 605.568 980.4603 1443.9243 1089.8755 322.9283 673.9 6488.1597 2149.9881;
	1647.9761 1155.2184 1932.5 590.0358 956.4374 1469.1317 1084.7134 307.4092 666.5 6423.4417 2164.8751;
	1598.702 1152.6975 1922.8939 599.2581 969.6519 1448.3093 1161.4606 317.8929 699.5054 6452.7696 2162.6181;
	1574.6682 1155.1597 1944.6211 611.551 1001.6483 1495.2501 1265.0042 330.4 714.9 6454.9397 2189.9572;
	1486.7351 1147.7583 1922.6591 620.9 964.9928 1511.5866 1242.1782 308.2242 707.5911 6447.4 2264.5165;
	1593.7195 1181.2175 2001.0687 642.551 1042.8365 1528.6782 1265.7336 333.6513 763.4442 6416.8697 2365.5721;
	1604.1769 1229.2 2080.7905 623.4257 1083.6882 1580.4315 1317.6584 359.53 798.8574 6445.2972 2567.0554;
	1688.3127 1229.6673 2038.5488 623.1897 1039.0577 1512.6646 1221.6521 359.9 770.7277 6290.3288 2457.8068;
	1686.5068 1143.2552 1978.37 616.5211 973.383 1433.5015 1170.8371 342.2954 758.0513 6060.7701 2351.4535;
	1613.6577 1071.8 1847.3804 607.5484 891.8 1329.9256 1076.4 305.0 704.9358 5844.6785 2153.5246;
	1500.3531 996.8483 1727.2 584.6 834.0002 1239.0 1003.5 272.1734 659.1637 5377.3449 1966.2099;
	1437.6867 941.4829 1620.616 597.4579 782.4989 1168.401 940.0269 225.4931 536.2 4886.1403 1757.3098;
	1444.7306 925.981 1572.6781 599.3637 786.6371 1140.0 902.1467 217.0031 511.8219 4614.6439 1712.9505;
];
