function loadprofile = ex_load_profilesh1
%EX_LOAD_PROFILE  Example load profile data file for stochastic unit commitment.
% 2022.03.12
% Andres F. Ramirez

%% define constants
[CT_LABEL, CT_PROB, CT_TABLE, CT_TBUS, CT_TGEN, CT_TBRCH, CT_TAREABUS, ...
    CT_TAREAGEN, CT_TAREABRCH, CT_ROW, CT_COL, CT_CHGTYPE, CT_REP, ...
    CT_REL, CT_ADD, CT_NEWVAL, CT_TLOAD, CT_TAREALOAD, CT_LOAD_ALL_PQ, ...
    CT_LOAD_FIX_PQ, CT_LOAD_DIS_PQ, CT_LOAD_ALL_P, CT_LOAD_FIX_P, ...
    CT_LOAD_DIS_P, CT_TGENCOST, CT_TAREAGENCOST, CT_MODCOST_F, ...
    CT_MODCOST_X] = idx_ct;

loadprofile = struct( ...
    'type', 'mpcData', ...
    'table', CT_TAREALOAD, ...
    'rows', [1:11], ...
    'col', CT_LOAD_ALL_P, ...
    'chgtype', 1, ...
    'values', [] );
loadprofile.values(:,1,:) = [
	1613.1063 1002.9935 1675.8055 543.455 863.5422 1145.5 890.6729 275.5073 567.5773 4589.3104 1750.1389;
	1618.9357 1014.5 1693.7 547.3402 895.0 1179.5525 903.1 273.866 556.759 4585.5 1758.0851;
	1659.9747 1044.1372 1752.8621 560.6795 910.3386 1235.568 937.2632 278.6481 581.5826 4651.8247 1824.8575;
	1724.9264 1098.114 1825.182 585.8329 975.5 1311.0444 976.5201 305.1 604.3401 4871.151 1932.4732;
	1856.6994 1213.9509 1994.8113 607.9355 1071.1485 1466.6071 1092.6634 344.9869 671.9316 5401.7269 2151.4194;
	1946.1853 1272.3632 2058.6129 618.5596 1120.5641 1535.1929 1147.4549 370.5336 727.7332 5950.1591 2257.1571;
	1935.4 1276.4415 2042.9405 615.867 1097.7 1503.1876 1161.3398 372.4784 747.4015 6293.3275 2315.6;
	1906.8452 1260.2923 2040.144 617.4474 1071.0912 1498.2859 1138.2 370.1625 721.4225 6423.1 2230.1;
	1882.7098 1244.6452 2006.0466 611.7948 1042.0893 1521.9974 1162.4797 381.8282 744.5746 6582.682 2224.7601;
	1887.1 1232.8633 2019.8 606.985 1018.8293 1525.8165 1164.6955 384.0 754.7095 6569.263 2188.7259;
	1806.8058 1208.3324 1976.2364 602.9606 987.4973 1498.2679 1149.418 377.897 758.1443 6506.2783 2115.6419;
	1830.3304 1211.9 1972.4 581.0677 983.9 1512.2936 1129.099 363.3109 757.139 6539.2499 2118.9436;
	1806.0784 1191.0126 1941.1695 587.1234 946.9213 1420.7681 1086.503 353.1 737.8635 6442.7024 2123.6472;
	1787.3501 1192.7401 1960.2188 585.8415 989.2261 1430.9766 1051.3606 337.181 711.9681 6313.1005 2027.5766;
	1770.7 1151.6368 1937.0647 583.955 992.6149 1458.6218 1090.1973 358.4631 813.9648 6394.1536 2165.3991;
	1720.3232 1180.4 1971.3358 597.1884 1023.0718 1467.2091 1110.8122 365.3269 789.2884 6359.9616 2211.8637;
	1772.0053 1184.7491 1973.5053 600.1638 1003.988 1495.6066 1103.7203 396.274 786.1 6272.7305 2290.7562;
	1765.5053 1232.7217 2045.031 606.9071 1067.1484 1581.6836 1192.3676 409.59 825.3079 6359.9832 2384.7139;
	1854.2771 1241.3141 2004.2646 591.3168 1045.2 1549.5917 1182.4487 415.5904 798.2 6202.5292 2377.2858;
	1747.575 1180.1918 1939.3918 590.7957 1016.5295 1492.7614 1174.8163 417.182 770.6032 6064.3014 2348.1864;
	1697.6929 1116.0031 1839.5657 581.9 993.471 1410.6633 1103.5226 384.9336 718.9156 5714.974 2158.5;
	1626.2065 1047.8931 1727.2 558.3 941.2493 1319.3217 1003.5705 323.5069 652.3686 5213.05 1953.3;
	1516.9405 942.2555 1601.8504 537.3729 866.1614 1215.7812 920.6753 281.3312 592.7634 4817.1002 1831.4571;
	1481.5889 908.7316 1590.2053 531.6749 856.4092 1141.7307 849.185 253.3284 532.8 4586.2858 1727.1304;
];
