function windprofile = ex_wind_profilesh1
%EX_WIND_PROFILE_D  Example wind_load_nyiso profile data for deterministic unit commitment.
% 2022.03.12
% Andres F. Ramirez


%% define constants
[GEN_BUS, PG, QG, QMAX, QMIN, VG, MBASE, GEN_STATUS, PMAX, PMIN, ...
    MU_PMAX, MU_PMIN, MU_QMAX, MU_QMIN, PC1, PC2, QC1MIN, QC1MAX, ...
    QC2MIN, QC2MAX, RAMP_AGC, RAMP_10, RAMP_30, RAMP_Q, APF] = idx_gen;
[CT_LABEL, CT_PROB, CT_TABLE, CT_TBUS, CT_TGEN, CT_TBRCH, CT_TAREABUS, ...
    CT_TAREAGEN, CT_TAREABRCH, CT_ROW, CT_COL, CT_CHGTYPE, CT_REP, ...
    CT_REL, CT_ADD, CT_NEWVAL, CT_TLOAD, CT_TAREALOAD, CT_LOAD_ALL_PQ, ...
    CT_LOAD_FIX_PQ, CT_LOAD_DIS_PQ, CT_LOAD_ALL_P, CT_LOAD_FIX_P, ...
    CT_LOAD_DIS_P, CT_TGENCOST, CT_TAREAGENCOST, CT_MODCOST_F, ...
    CT_MODCOST_X] = idx_ct;

windprofile = struct( ...
    'type', 'mpcData', ...
    'table', CT_TGEN, ...
    'rows', [1:45], ...
    'col', PMAX, ...
    'chgtype', 1, ...
    'values', [] );
windprofile.values(:,1,:) = [
	0.8159 11.0244 39.1766 58.2933 7.3816 8.0179 10.3877 7.437 2.4648 9.7819 18.0817 26.9743 40.6096 0.0 146.4129 55.1602 68.4395 72.5254 67.334 68.0999 3.4626 18.7085 59.1082 54.8443 43.0695 33.2828 3.3147 182.5658 346.9274 346.9274 230.1981 44.9761 224.4468 175.2894 0.0 148.0223 372.0043 89.9655 5.0468 115.3647 61.9112 88.9458 60.1795 50.4001 375.8794;
	0.599 8.0935 47.101 59.4072 7.2167 9.6516 10.1643 10.3061 3.5514 9.8239 18.1594 27.0902 40.7842 0.663 131.973 49.7201 61.6897 65.3727 71.6685 69.3154 3.3881 22.5204 31.9585 62.7321 51.2974 45.5441 5.7815 73.9912 230.3543 230.3543 163.1381 27.8033 238.895 178.4181 2.0787 98.2845 292.0062 88.0305 33.5704 137.4037 76.1621 107.0685 43.604 83.0364 295.0479;
	0.4224 5.7077 56.8366 66.4066 6.0766 14.1159 18.7113 11.0728 6.4535 9.3476 17.2789 25.7767 38.8066 0.0 91.1027 34.3224 42.5852 45.1276 59.5597 64.8075 6.2371 32.9371 20.4942 72.9881 55.6401 55.4483 6.3003 12.7006 129.3263 129.3263 130.8544 16.1872 198.5325 166.8148 0.0 55.1792 178.5083 18.6081 11.6151 149.036 69.2578 156.5925 25.0765 100.3858 180.3678;
	0.4714 6.369 66.1582 78.1352 8.0503 14.7347 19.8043 13.1713 1.9448 15.5156 28.6804 42.7855 64.4133 0.0 101.2159 38.1325 47.3126 50.1372 45.0808 65.9065 6.6014 34.3811 44.135 77.2099 62.4896 67.0329 7.5153 0.7955 147.3185 147.3185 52.1997 18.8681 150.2693 169.6435 0.0 62.8559 26.1709 4.3547 14.868 167.3829 66.0143 163.4574 1.1768 146.2072 26.4435;
	0.5326 7.1964 79.6543 79.6639 10.1409 9.0617 15.1682 14.6668 7.5801 17.5265 32.3975 48.3307 72.7616 0.0 135.2478 50.9538 63.2205 66.9948 54.8128 67.6184 5.0561 21.144 49.3762 82.4653 79.1799 72.398 9.0926 0.0 19.4672 19.4672 16.5971 6.2611 182.7095 174.0499 0.0 8.306 1.2214 1.252 60.2747 212.089 71.3044 100.5246 5.3403 159.6447 1.2342;
	0.5205 7.0327 76.5205 62.6603 9.8377 4.4838 14.9836 12.0777 8.6234 9.9189 18.3349 27.3521 41.1784 2.4113 151.0862 56.9208 70.624 74.8404 72.1384 68.0205 4.9945 10.4621 32.9384 76.6801 53.7623 69.3831 7.6522 15.5809 43.7812 43.7812 75.6517 8.0712 240.4613 175.085 7.5597 18.68 15.2874 4.3811 64.3451 144.0062 52.2764 49.7399 25.7785 151.8237 15.4466;
	0.5197 7.0223 54.014 38.8741 8.9386 3.3657 5.3283 6.7611 4.2111 8.4414 15.6038 23.2778 35.0446 7.9014 119.3794 44.9755 55.8029 59.1345 46.9939 63.5424 1.7761 7.8534 22.0408 49.7016 30.2233 60.413 4.0066 19.1036 56.1147 56.1147 63.0439 0.0 156.6464 163.5582 24.7719 23.9423 17.7114 5.2787 82.3153 80.9552 26.4936 37.3372 33.7757 145.7228 17.8958;
	0.516 6.9719 28.7551 19.5436 3.6228 2.974 4.99 4.0315 2.3433 5.3518 9.8927 14.7579 22.218 13.9406 65.364 24.6255 30.5539 32.378 12.7468 40.8781 1.6633 6.9394 10.7701 9.9556 25.3733 52.3176 3.4958 12.0486 12.3611 12.3611 22.9607 0.0 42.4894 105.2202 43.7055 5.2741 15.7776 2.5825 0.8698 67.9642 8.8877 32.9919 14.6571 104.7523 15.942;
	0.5446 7.359 14.6307 20.9872 3.1132 1.952 6.8723 2.6744 0.7728 3.2324 5.975 8.9135 13.4192 5.0024 16.7459 6.3089 7.8277 8.2951 0.3318 17.1035 2.2908 4.5547 4.8489 1.8292 12.1315 35.2744 2.7796 1.5241 18.3112 18.3112 7.2701 0.0 1.1061 44.0244 15.6831 7.8128 6.3508 0.4954 1.4528 32.495 1.725 21.6542 0.0096 72.6234 6.417;
	0.605 8.1753 27.8433 25.4694 7.3963 9.7677 17.3043 4.3335 8.3225 5.1105 9.4468 14.0927 21.2165 32.0482 10.7735 4.0589 5.036 5.3366 1.2302 11.7344 5.7681 22.7912 11.0049 31.8623 27.9659 43.4762 2.9351 24.7179 30.0677 30.0677 51.4166 0.0858 4.1008 30.2043 100.4754 12.8289 12.1966 6.1156 76.6532 74.9087 16.2673 108.356 45.4859 94.4235 12.3236;
	0.7892 10.664 1.5533 0.0 9.6567 2.3969 15.7433 2.5026 7.8922 22.9609 42.4429 63.3164 95.3226 9.2332 4.7093 1.7742 2.2013 2.3327 1.6448 10.0724 5.2478 5.5928 31.2207 0.9766 28.6914 40.8816 1.2171 58.8592 56.7181 56.7181 27.337 0.0 5.4828 25.9263 28.9475 24.1997 65.971 11.6915 1.4596 76.8521 4.3342 26.5896 0.0 96.5302 66.6582;
	1.49 20.1338 31.3707 0.0 11.5425 0.7533 9.1612 0.0 5.0864 14.1681 26.1896 39.0697 58.8192 26.4373 34.1213 12.855 15.9497 16.902 5.2251 10.4477 3.0537 1.7577 51.3433 12.5863 0.0 39.36 0.0043 160.8136 94.6684 94.6684 51.731 0.0707 17.417 26.8923 82.8845 40.3918 151.5113 6.8633 11.3451 0.0 0.8988 8.3567 0.0 124.3042 153.0896;
	2.124 28.7003 54.5595 0.0 12.4349 0.0716 6.2926 0.0172 0.4122 24.7723 45.7912 68.3115 102.8425 4.6754 0.0087 0.0033 0.0041 0.0043 0.3895 8.0154 2.0975 0.167 25.1993 40.663 57.9374 30.6853 0.3926 209.3295 155.1851 155.1851 34.777 0.1806 1.2982 20.6316 14.6581 66.2123 181.6343 2.1178 0.0703 155.1894 0.0385 0.7939 88.7565 157.2867 183.5264;
	1.8401 24.8634 0.0 0.003 13.6859 19.8771 18.2767 0.9747 9.7741 3.0905 5.7127 8.5223 12.8303 9.1788 0.0 0.0 0.0 0.0 8.5507 1.7847 6.0922 46.3799 23.0615 0.0 1.8566 20.3827 1.1964 190.5996 216.0632 216.0632 90.2708 4.0493 28.5022 4.5938 28.7768 92.187 208.7774 11.4422 29.6505 4.9729 2.5338 220.5031 79.6132 131.3351 210.9522;
	2.2436 30.3158 0.0 0.0199 9.2238 5.4547 8.4872 2.1185 3.0676 0.0967 0.1787 0.2666 0.4013 8.7074 0.0 0.0 0.0 0.0 0.2291 0.0 2.8291 12.7276 1.3274 0.0 7.907 0.36 7.7848 285.5754 263.7558 263.7558 113.4855 7.8626 0.7636 0.0 27.2988 112.5358 271.2616 21.2416 2.3247 21.1793 2.8655 60.5105 82.9297 113.9369 274.0872;
	3.2798 44.3171 83.2863 5.3187 13.8924 11.7799 6.5626 6.5532 7.3138 2.7852 5.1484 7.6804 11.5627 0.9159 0.0 0.0 0.0 0.0 0.8656 0.3207 2.1875 27.4864 40.1209 2.5062 41.2974 11.4562 10.1738 380.834 286.2727 286.2727 192.4339 9.9227 2.8854 0.8255 2.8715 122.143 311.2151 42.0958 79.1506 110.6181 1.1403 130.6782 6.063 191.9658 314.4569;
	3.5399 47.8315 1.9568 4.2944 14.0214 1.5886 4.7435 2.1937 0.0 0.7366 1.3615 2.0311 3.0578 0.5405 3.6403 1.3715 1.7016 1.8032 0.481 0.0426 1.5812 3.7067 0.3312 4.5262 18.5529 0.3994 4.0928 393.0851 380.9671 380.9671 208.6899 24.3331 1.6035 0.1097 1.6944 162.546 483.3112 76.884 45.7218 49.6953 0.5137 17.6226 128.5052 224.1611 488.3457;
	2.9963 40.4864 2.8273 9.322 13.9761 20.0535 9.9241 3.1062 0.2419 1.176 2.1738 3.2429 4.8821 0.0 29.2663 11.0259 13.6803 14.497 1.0571 1.1041 3.308 46.7916 12.6044 5.0761 35.7886 0.2176 3.0508 545.4503 514.1681 514.1681 349.2907 34.2672 3.5237 2.8419 0.0 219.3784 581.6711 97.0835 61.51 95.8623 0.093 222.4604 117.0676 230.0539 587.7302;
	3.2636 44.0986 82.435 14.749 14.1449 26.1975 12.5992 1.3759 0.8939 6.6719 12.3328 18.3981 27.6983 4.5199 3.3807 1.2737 1.5803 1.6746 0.0486 38.5262 4.1997 61.1275 0.9227 2.8316 15.9785 53.4705 0.9925 730.8193 454.9067 454.9067 348.7606 41.5814 0.162 99.1664 14.1705 194.0935 621.1308 72.5023 35.5751 42.7996 0.0203 290.6175 112.116 212.8756 627.6009;
	3.2719 44.211 11.7195 19.1974 14.3718 4.8477 18.9615 4.413 25.9633 20.4459 37.794 56.3811 84.8815 3.3241 0.0 0.0 0.0 0.0 0.0 15.0527 6.3205 11.3112 37.0557 47.5589 77.4512 49.9643 4.9274 688.1629 426.6595 426.6595 308.7428 39.3401 0.0 38.7457 10.4214 182.0414 538.3263 69.5974 0.0 207.4585 0.0 53.7768 106.7663 190.0527 543.9339;
