function solarprofile = ex_solar_profilesh1
%EX_WIND_PROFILE_D  Example wind_load_nyiso profile data for deterministic unit commitment.
% 2022.03.12
% Andres F. Ramirez


%% define constants
[GEN_BUS, PG, QG, QMAX, QMIN, VG, MBASE, GEN_STATUS, PMAX, PMIN, ...
    MU_PMAX, MU_PMIN, MU_QMAX, MU_QMIN, PC1, PC2, QC1MIN, QC1MAX, ...
    QC2MIN, QC2MAX, RAMP_AGC, RAMP_10, RAMP_30, RAMP_Q, APF] = idx_gen;
[CT_LABEL, CT_PROB, CT_TABLE, CT_TBUS, CT_TGEN, CT_TBRCH, CT_TAREABUS, ...
    CT_TAREAGEN, CT_TAREABRCH, CT_ROW, CT_COL, CT_CHGTYPE, CT_REP, ...
    CT_REL, CT_ADD, CT_NEWVAL, CT_TLOAD, CT_TAREALOAD, CT_LOAD_ALL_PQ, ...
    CT_LOAD_FIX_PQ, CT_LOAD_DIS_PQ, CT_LOAD_ALL_P, CT_LOAD_FIX_P, ...
    CT_LOAD_DIS_P, CT_TGENCOST, CT_TAREAGENCOST, CT_MODCOST_F, ...
    CT_MODCOST_X] = idx_ct;

solarprofile = struct( ...
    'type', 'mpcData', ...
    'table', CT_TGEN, ...
    'rows', [1:12], ...
    'col', PMAX, ...
    'chgtype', 1, ...
    'values', [] );
solarprofile.values(:,1,:) = [
	0.0 0.0 0.0 0.0 0.0 0.0 0.0 0.0 0.0 0.0 0.0 0.0;
	0.0 0.0 0.0 0.0 0.0 0.0 0.0 0.0 0.0 0.0 0.0 0.0;
	0.0 0.0 0.0 0.0 0.0 0.0 0.0 0.0 0.0 0.0 0.0 0.0;
	0.0 0.0 0.0 0.0 0.0 0.0 0.0 0.0 0.0 0.0 0.0 0.0;
	0.0 0.0 0.0 0.0 0.0 0.0 0.0 0.0 0.0 0.0 0.0 0.0;
	0.4731 0.4018 0.4224 0.0 0.0 0.0 0.0 0.2 0.0 0.0 0.0 0.0;
	2.2011 1.1285 0.4514 1.0092 3.9809 160.142 20.0178 16.8954 36.6742 13.2382 8.988 23.9745;
	14.4094 11.7679 10.7074 3.2085 8.4565 416.9685 52.1211 64.5299 148.1937 33.2428 20.2243 60.2029;
	21.7502 16.6083 13.8287 7.2189 10.3978 433.9927 54.2491 70.3825 192.4326 61.2081 31.1851 110.8482;
	12.312 15.0295 13.6408 5.1832 9.216 300.2396 37.53 46.7269 101.6561 97.8041 34.1174 177.1239;
	4.251 11.2118 11.2776 5.8865 9.0246 318.2043 39.7755 55.1115 131.6777 155.7773 46.5943 282.1136;
	4.4056 11.0088 8.8851 5.6965 8.3215 345.8392 43.2299 61.6416 179.2517 173.3636 52.4661 313.9626;
	6.0516 7.8747 6.8454 3.2812 5.9934 351.5038 43.938 63.4698 197.4523 97.8768 43.0147 177.2556;
	7.5276 7.2292 7.52 2.5069 4.3761 364.0193 45.5024 59.7999 210.5765 76.0731 29.0317 137.7689;
	5.4146 5.5902 5.47 2.1686 3.5231 322.1212 40.2652 48.5982 197.6181 53.3825 18.6703 96.676;
	0.9816 0.8773 0.6241 1.0526 0.6594 135.2981 16.9123 12.14 83.6825 15.6632 3.5548 28.3661;
	0.3545 0.3109 0.2871 0.4216 0.3546 30.1086 3.7636 4.0519 11.3938 7.8315 3.3921 14.183;
	0.0 0.0 0.0 0.0 0.0 0.0 0.0 0.0 0.0 0.0 0.0 0.0;
	0.0 0.0 0.0 0.0 0.0 0.0 0.0 0.0 0.0 0.0 0.0 0.0;
	0.0 0.0 0.0 0.0 0.0 0.0 0.0 0.0 0.0 0.0 0.0 0.0;
	0.0 0.0 0.0 0.0 0.0 0.0 0.0 0.0 0.0 0.0 0.0 0.0;
	0.0 0.0 0.0 0.0 0.0 0.0 0.0 0.0 0.0 0.0 0.0 0.0;
	0.0 0.0 0.0 0.0 0.0 0.0 0.0 0.0 0.0 0.0 0.0 0.0;
	0.0 0.0 0.0 0.0 0.0 0.0 0.0 0.0 0.0 0.0 0.0 0.0;
];
