function solarprofile = ex_solar_profilesh1
%EX_WIND_PROFILE_D  Example wind_load_nyiso profile data for deterministic unit commitment.
% 2022.03.12
% Andres F. Ramirez


%% define constants
[GEN_BUS, PG, QG, QMAX, QMIN, VG, MBASE, GEN_STATUS, PMAX, PMIN, ...
    MU_PMAX, MU_PMIN, MU_QMAX, MU_QMIN, PC1, PC2, QC1MIN, QC1MAX, ...
    QC2MIN, QC2MAX, RAMP_AGC, RAMP_10, RAMP_30, RAMP_Q, APF] = idx_gen;
[CT_LABEL, CT_PROB, CT_TABLE, CT_TBUS, CT_TGEN, CT_TBRCH, CT_TAREABUS, ...
    CT_TAREAGEN, CT_TAREABRCH, CT_ROW, CT_COL, CT_CHGTYPE, CT_REP, ...
    CT_REL, CT_ADD, CT_NEWVAL, CT_TLOAD, CT_TAREALOAD, CT_LOAD_ALL_PQ, ...
    CT_LOAD_FIX_PQ, CT_LOAD_DIS_PQ, CT_LOAD_ALL_P, CT_LOAD_FIX_P, ...
    CT_LOAD_DIS_P, CT_TGENCOST, CT_TAREAGENCOST, CT_MODCOST_F, ...
    CT_MODCOST_X] = idx_ct;

solarprofile = struct( ...
    'type', 'mpcData', ...
    'table', CT_TGEN, ...
    'rows', [1:12], ...
    'col', PMAX, ...
    'chgtype', 1, ...
    'values', [] );
solarprofile.values(:,1,:) = [
	0.0 0.0 0.0 0.0 0.0 0.0 0.0 0.0 0.0 0.0 0.0 0.0;
	0.0 0.0 0.0 0.0 0.0 0.0 0.0 0.0 0.0 0.0 0.0 0.0;
	0.0 0.0 0.0 0.0 0.0 0.0 0.0 0.0 0.0 0.0 0.0 0.0;
	0.0 0.0 0.0 0.0 0.0 0.0 0.0 0.0 0.0 0.0 0.0 0.0;
	0.0 0.0 0.0 0.0 0.0 0.0 0.0 0.0 0.0 0.0 0.0 0.0;
	0.5077 0.436 0.4327 0.0 0.0 0.0 0.0 0.5833 0.0 0.0 0.0 0.0;
	11.6607 7.5007 5.9014 1.3438 2.5706 263.7971 32.9746 57.8667 136.2703 40.0165 10.8944 72.4701;
	17.5937 13.7579 11.2995 5.1697 4.6893 426.9018 53.3627 70.3684 220.7374 34.724 18.8964 62.8854;
	21.4271 16.6083 13.7827 8.1403 6.2341 440.9678 55.121 72.2882 230.4534 42.6053 27.8914 77.1584;
	23.2815 16.1547 13.3798 7.7043 5.6266 329.2928 41.1616 57.8274 126.8746 52.4047 38.3625 94.9052;
	24.88 16.3677 12.8455 10.3697 6.9185 336.5635 42.0704 58.3206 106.2487 76.655 56.561 138.8227;
	25.0771 16.3954 13.607 10.7985 7.7443 332.3168 41.5396 56.9971 98.1261 81.3585 71.0416 147.3408;
	19.7155 15.5428 13.4846 6.2862 8.2104 179.4408 22.4301 25.3008 64.7154 32.4037 28.9677 58.6833;
	19.0382 16.0209 14.3122 4.4048 7.4157 162.4963 20.312 23.0314 76.3752 19.7924 10.1513 35.8441;
	13.4572 14.1701 14.0378 3.2121 6.579 154.1063 19.2633 20.8593 75.6286 13.7468 2.7084 24.8956;
	4.0094 3.9993 9.0813 1.6844 2.0031 83.1168 10.3896 6.9974 16.8007 8.2876 1.8895 15.009;
	0.6503 0.5262 0.6002 1.0227 0.8714 12.4267 1.5533 1.3441 2.412 7.0374 5.8605 12.7448;
	0.0 0.0 0.0 0.0 0.0 0.0 0.0 0.0 0.0 0.0 0.0 0.0;
	0.0 0.0 0.0 0.0 0.0 0.0 0.0 0.0 0.0 0.0 0.0 0.0;
	0.0 0.0 0.0 0.0 0.0 0.0 0.0 0.0 0.0 0.0 0.0 0.0;
	0.0 0.0 0.0 0.0 0.0 0.0 0.0 0.0 0.0 0.0 0.0 0.0;
	0.0 0.0 0.0 0.0 0.0 0.0 0.0 0.0 0.0 0.0 0.0 0.0;
	0.0 0.0 0.0 0.0 0.0 0.0 0.0 0.0 0.0 0.0 0.0 0.0;
	0.0 0.0 0.0 0.0 0.0 0.0 0.0 0.0 0.0 0.0 0.0 0.0;
];
