function solarprofile = ex_solar_profilesh1
%EX_WIND_PROFILE_D  Example wind_load_nyiso profile data for deterministic unit commitment.
% 2022.03.12
% Andres F. Ramirez


%% define constants
[GEN_BUS, PG, QG, QMAX, QMIN, VG, MBASE, GEN_STATUS, PMAX, PMIN, ...
    MU_PMAX, MU_PMIN, MU_QMAX, MU_QMIN, PC1, PC2, QC1MIN, QC1MAX, ...
    QC2MIN, QC2MAX, RAMP_AGC, RAMP_10, RAMP_30, RAMP_Q, APF] = idx_gen;
[CT_LABEL, CT_PROB, CT_TABLE, CT_TBUS, CT_TGEN, CT_TBRCH, CT_TAREABUS, ...
    CT_TAREAGEN, CT_TAREABRCH, CT_ROW, CT_COL, CT_CHGTYPE, CT_REP, ...
    CT_REL, CT_ADD, CT_NEWVAL, CT_TLOAD, CT_TAREALOAD, CT_LOAD_ALL_PQ, ...
    CT_LOAD_FIX_PQ, CT_LOAD_DIS_PQ, CT_LOAD_ALL_P, CT_LOAD_FIX_P, ...
    CT_LOAD_DIS_P, CT_TGENCOST, CT_TAREAGENCOST, CT_MODCOST_F, ...
    CT_MODCOST_X] = idx_ct;

solarprofile = struct( ...
    'type', 'mpcData', ...
    'table', CT_TGEN, ...
    'rows', [1:12], ...
    'col', PMAX, ...
    'chgtype', 1, ...
    'values', [] );
solarprofile.values(:,1,:) = [
	0.0 0.0 0.0 0.0 0.0 0.0 0.0 0.0 0.0 0.0 0.0 0.0;
	0.0 0.0 0.0 0.0 0.0 0.0 0.0 0.0 0.0 0.0 0.0 0.0;
	0.0 0.0 0.0 0.0 0.0 0.0 0.0 0.0 0.0 0.0 0.0 0.0;
	0.0 0.0 0.0 0.0 0.0 0.0 0.0 0.0 0.0 0.0 0.0 0.0;
	0.0 0.0 0.0 0.0 0.0 0.0 0.0 0.0 0.0 0.0 0.0 0.0;
	0.4731 0.4092 0.4224 0.0 0.0 0.0 0.0 0.3765 0.0 0.0 0.0 0.0;
	3.786 5.219 2.4241 2.7894 4.0163 264.3185 33.0398 26.1327 68.6916 28.0548 9.8132 50.8075;
	17.0525 13.2609 10.9762 5.15 6.2194 436.1517 54.519 66.9993 253.6379 62.1375 20.9254 112.5313;
	22.9598 16.6083 13.8085 7.6484 7.5557 448.482 56.0602 72.537 268.8018 68.6831 33.3895 124.3854;
	24.0361 16.215 13.642 3.925 3.497 307.2834 38.4104 54.8819 160.712 39.6628 24.8692 71.8295;
	23.7164 16.3656 13.7595 2.8693 3.1313 269.4454 33.6807 55.0042 107.459 35.3169 27.0441 63.9591;
	21.7761 13.9877 12.7545 1.7737 3.1906 234.2521 29.2815 54.4777 100.7841 26.2421 31.8556 47.5247;
	9.5597 4.1781 4.184 1.1862 4.213 96.8024 12.1003 20.1427 96.0289 4.7061 42.891 8.5229;
	7.5694 4.2345 3.6582 1.151 3.5709 115.0171 14.3771 18.5902 111.6407 4.3218 31.3963 7.8268;
	4.9004 4.8727 3.8732 0.9306 2.6155 133.2867 16.6608 16.6023 136.6968 5.5783 20.7663 10.1023;
	1.25 1.6425 2.2512 0.5969 0.1268 157.7441 19.718 8.4899 110.504 6.9142 5.8613 12.5217;
	0.3719 0.3047 0.36 0.3165 0.1798 33.5104 4.1888 4.0369 20.8834 6.9391 4.136 12.5667;
	0.0 0.0 0.0 0.0 0.0 0.0 0.0 0.0 0.0 0.0 0.0 0.0;
	0.0 0.0 0.0 0.0 0.0 0.0 0.0 0.0 0.0 0.0 0.0 0.0;
	0.0 0.0 0.0 0.0 0.0 0.0 0.0 0.0 0.0 0.0 0.0 0.0;
	0.0 0.0 0.0 0.0 0.0 0.0 0.0 0.0 0.0 0.0 0.0 0.0;
	0.0 0.0 0.0 0.0 0.0 0.0 0.0 0.0 0.0 0.0 0.0 0.0;
	0.0 0.0 0.0 0.0 0.0 0.0 0.0 0.0 0.0 0.0 0.0 0.0;
	0.0 0.0 0.0 0.0 0.0 0.0 0.0 0.0 0.0 0.0 0.0 0.0;
];
