function solarprofile = ex_solar_profilesh1
%EX_WIND_PROFILE_D  Example wind_load_nyiso profile data for deterministic unit commitment.
% 2022.03.12
% Andres F. Ramirez


%% define constants
[GEN_BUS, PG, QG, QMAX, QMIN, VG, MBASE, GEN_STATUS, PMAX, PMIN, ...
    MU_PMAX, MU_PMIN, MU_QMAX, MU_QMIN, PC1, PC2, QC1MIN, QC1MAX, ...
    QC2MIN, QC2MAX, RAMP_AGC, RAMP_10, RAMP_30, RAMP_Q, APF] = idx_gen;
[CT_LABEL, CT_PROB, CT_TABLE, CT_TBUS, CT_TGEN, CT_TBRCH, CT_TAREABUS, ...
    CT_TAREAGEN, CT_TAREABRCH, CT_ROW, CT_COL, CT_CHGTYPE, CT_REP, ...
    CT_REL, CT_ADD, CT_NEWVAL, CT_TLOAD, CT_TAREALOAD, CT_LOAD_ALL_PQ, ...
    CT_LOAD_FIX_PQ, CT_LOAD_DIS_PQ, CT_LOAD_ALL_P, CT_LOAD_FIX_P, ...
    CT_LOAD_DIS_P, CT_TGENCOST, CT_TAREAGENCOST, CT_MODCOST_F, ...
    CT_MODCOST_X] = idx_ct;

solarprofile = struct( ...
    'type', 'mpcData', ...
    'table', CT_TGEN, ...
    'rows', [1:12], ...
    'col', PMAX, ...
    'chgtype', 1, ...
    'values', [] );
solarprofile.values(:,1,:) = [
	0.0 0.0 0.0 0.0 0.0 0.0 0.0 0.0 0.0 0.0 0.0 0.0;
	0.0 0.0 0.0 0.0 0.0 0.0 0.0 0.0 0.0 0.0 0.0 0.0;
	0.0 0.0 0.0 0.0 0.0 0.0 0.0 0.0 0.0 0.0 0.0 0.0;
	0.0 0.0 0.0 0.0 0.0 0.0 0.0 0.0 0.0 0.0 0.0 0.0;
	0.0 0.0 0.0 0.0 0.0 0.0 0.0 0.0 0.0 0.0 0.0 0.0;
	0.4731 0.4018 0.4224 0.0 0.0 0.0 0.0 0.2 0.0 0.0 0.0 0.0;
	6.7055 7.0182 4.5521 3.5431 1.5472 181.5341 22.6918 28.9186 110.1785 19.3713 6.9124 35.0816;
	15.464 11.0893 7.732 3.1094 0.7159 416.3079 52.0385 69.2218 171.9797 35.9215 7.9445 65.0541;
	19.0023 13.5696 11.7715 4.8117 0.8602 431.5718 53.9465 72.6548 118.4522 58.2297 11.3811 105.4544;
	13.5037 7.7637 9.5539 5.3727 0.8689 216.8376 27.1047 54.8536 74.01 109.1025 33.5037 197.5853;
	19.0219 14.7881 13.2301 7.3949 1.792 213.8424 26.7303 56.3077 137.2947 123.2485 35.1092 223.2038;
	22.7869 16.3954 13.769 7.7767 3.4119 293.2716 36.6589 58.6275 187.1276 151.4937 34.6084 274.356;
	11.4888 11.0768 9.5999 5.6933 6.9968 306.8367 38.3546 45.7462 169.8614 330.3383 44.1059 598.2446;
	7.4344 8.2854 6.8387 4.086 6.5002 327.7056 40.9632 44.1183 150.8794 325.3721 37.8914 589.2509;
	3.7677 4.5242 3.284 2.5478 4.6409 273.1736 34.1467 34.6654 126.5659 263.3447 23.7829 476.9188;
	0.9125 0.9351 0.661 0.9834 0.1723 112.0094 14.0012 8.5797 51.5654 15.0217 0.0 27.2044;
	0.4458 0.389 0.3621 0.3456 0.1617 29.6971 3.7121 1.9358 9.6483 0.0 0.0 0.0;
	0.0 0.0 0.0 0.0 0.0 0.0 0.0 0.0 0.0 0.0 0.0 0.0;
	0.0 0.0 0.0 0.0 0.0 0.0 0.0 0.0 0.0 0.0 0.0 0.0;
	0.0 0.0 0.0 0.0 0.0 0.0 0.0 0.0 0.0 0.0 0.0 0.0;
	0.0 0.0 0.0 0.0 0.0 0.0 0.0 0.0 0.0 0.0 0.0 0.0;
	0.0 0.0 0.0 0.0 0.0 0.0 0.0 0.0 0.0 0.0 0.0 0.0;
	0.0 0.0 0.0 0.0 0.0 0.0 0.0 0.0 0.0 0.0 0.0 0.0;
	0.0 0.0 0.0 0.0 0.0 0.0 0.0 0.0 0.0 0.0 0.0 0.0;
];
