function windprofile = ex_wind_profilesh1
%EX_WIND_PROFILE_D  Example wind_load_nyiso profile data for deterministic unit commitment.
% 2022.03.12
% Andres F. Ramirez


%% define constants
[GEN_BUS, PG, QG, QMAX, QMIN, VG, MBASE, GEN_STATUS, PMAX, PMIN, ...
    MU_PMAX, MU_PMIN, MU_QMAX, MU_QMIN, PC1, PC2, QC1MIN, QC1MAX, ...
    QC2MIN, QC2MAX, RAMP_AGC, RAMP_10, RAMP_30, RAMP_Q, APF] = idx_gen;
[CT_LABEL, CT_PROB, CT_TABLE, CT_TBUS, CT_TGEN, CT_TBRCH, CT_TAREABUS, ...
    CT_TAREAGEN, CT_TAREABRCH, CT_ROW, CT_COL, CT_CHGTYPE, CT_REP, ...
    CT_REL, CT_ADD, CT_NEWVAL, CT_TLOAD, CT_TAREALOAD, CT_LOAD_ALL_PQ, ...
    CT_LOAD_FIX_PQ, CT_LOAD_DIS_PQ, CT_LOAD_ALL_P, CT_LOAD_FIX_P, ...
    CT_LOAD_DIS_P, CT_TGENCOST, CT_TAREAGENCOST, CT_MODCOST_F, ...
    CT_MODCOST_X] = idx_ct;

windprofile = struct( ...
    'type', 'mpcData', ...
    'table', CT_TGEN, ...
    'rows', [1:45], ...
    'col', PMAX, ...
    'chgtype', 1, ...
    'values', [] );
windprofile.values(:,1,:) = [
	0.7289 9.8486 58.4326 67.7444 8.2943 8.863 0.4457 8.4795 1.0709 19.0028 35.1265 52.4018 78.8906 1.4957 157.8326 59.4625 73.7776 78.1822 82.3118 69.7978 0.1486 20.6804 71.1982 69.6871 48.0154 47.8444 4.1346 131.4891 317.7207 317.7207 223.5564 39.0602 274.3726 179.6596 4.6891 135.5608 364.6014 86.9446 83.5178 128.6128 61.856 98.3207 80.2372 60.3717 368.3994;
	0.4935 6.6683 54.1023 66.8029 6.8546 19.7953 1.4704 11.1826 0.0124 11.1934 20.6908 30.8666 46.4695 0.9111 124.1129 46.7588 58.0156 61.4792 73.0806 68.7465 0.4901 46.189 33.6181 70.4757 53.0942 50.3018 6.0158 42.5503 204.0776 204.0776 150.4094 25.4711 243.6022 176.9537 2.8565 87.0731 250.5954 85.6925 87.3306 142.2166 83.4569 219.5955 38.3598 69.3023 253.2057;
	0.3937 5.3203 65.4445 72.9183 6.0461 13.476 6.0435 12.1697 1.414 9.8897 18.281 27.2716 41.0572 18.8754 82.2232 30.9771 38.4346 40.7292 63.6187 67.0051 2.0145 31.444 29.1685 79.7931 59.3195 54.7997 6.5654 0.0 10.4801 10.4801 87.3165 15.8377 212.0624 172.4713 59.1769 4.4715 150.6438 10.9039 92.3682 158.8915 78.013 149.4936 42.6321 93.3428 152.213;
	0.4835 6.5329 71.0512 80.3103 8.3707 10.9315 7.4042 14.9626 4.5069 12.8716 23.7929 35.4944 53.4366 45.7196 85.3577 32.158 39.8997 42.2818 44.8901 66.5471 2.4681 25.5068 45.7748 83.6502 66.6159 65.1017 7.8088 10.3853 49.5985 49.5985 108.8664 18.5657 149.6337 171.2924 143.3372 21.162 46.0135 5.1253 95.6076 178.4354 74.2964 121.2666 56.8139 140.0036 46.4928;
	0.4887 6.6029 79.9075 75.6706 9.6762 6.5119 5.5215 14.5225 2.7994 13.3056 24.5951 36.6911 55.2382 31.1178 130.4599 49.15 60.9824 64.6232 56.4118 69.7444 1.8405 15.1945 44.6579 79.3581 78.2153 68.3073 9.0471 23.5598 7.3774 7.3774 159.1241 12.3563 188.0393 179.5224 97.5586 3.1477 18.3044 8.9158 40.7579 209.5054 69.3218 72.2388 15.395 146.4874 18.4951;
	0.4983 6.7329 82.5482 67.2411 10.5371 4.1137 4.9799 13.5363 3.8051 8.1854 15.1306 22.5718 33.9818 22.5385 140.0863 52.7767 65.4822 69.3916 79.5867 71.4217 1.66 9.5987 36.3153 81.7018 61.1014 68.8103 8.184 12.3863 0.2749 0.2749 25.7264 10.8154 265.2891 183.8398 70.6612 0.1173 0.7021 3.4655 4.5244 163.6644 57.9374 45.6348 25.8949 144.7389 0.7094;
	0.4676 6.3181 59.4159 41.0408 10.5087 2.4763 4.236 7.8165 2.1959 6.7802 12.5331 18.6969 28.148 22.238 112.9638 42.5584 52.804 55.9565 65.4842 69.8931 1.412 5.778 23.1962 58.1482 35.924 65.1431 4.1745 44.0498 0.3772 0.3772 7.8074 0.1065 218.2805 179.905 69.7191 0.1609 10.9319 0.9677 25.5409 96.225 26.9386 27.4704 32.5648 142.392 11.0457;
	0.4646 6.2771 34.9407 27.2858 4.3642 2.618 4.905 6.5801 2.4958 4.3169 7.9796 11.904 17.9215 5.6221 57.6816 21.7312 26.9628 28.5725 18.2146 47.8909 1.635 6.1087 11.2938 36.3848 31.7709 58.8667 3.6366 39.4309 6.9722 6.9722 7.5761 0.9855 60.7152 123.2712 17.6262 2.9748 21.0701 1.196 5.8931 85.1007 11.5755 29.0424 20.151 104.3054 21.2896;
	0.5332 7.205 29.7232 26.2045 4.1278 0.6237 4.1409 5.4197 8.746 10.1888 18.8338 28.0964 42.299 8.9334 3.3774 1.2724 1.5787 1.673 0.0 17.0379 1.3803 1.4552 7.7902 34.0138 27.6978 52.5129 3.7765 10.5984 11.5263 11.5263 14.3218 2.9737 0.0 43.8555 28.0074 4.9179 9.3533 1.407 1.2554 74.1906 6.3235 6.9184 26.3498 81.7005 9.4507;
	0.5813 7.8543 31.5509 27.7241 7.9998 0.1618 0.6273 4.3359 0.9008 2.5838 4.7761 7.125 10.7267 16.962 5.1829 1.9526 2.4227 2.5674 0.0575 11.88 0.2091 0.3776 11.318 35.2068 28.8175 42.66 2.7575 29.7716 36.9388 36.9388 26.3299 3.5689 0.1918 30.5791 53.1781 15.7606 13.9735 8.116 0.0 77.1898 23.2873 1.7952 50.9637 94.279 14.1191;
	0.7414 10.0176 42.1519 1.7186 11.0393 0.0 0.0 3.8516 0.0111 6.9876 12.9166 19.269 29.0093 27.0105 1.3444 0.5065 0.6284 0.6659 0.0 11.3985 0.0 0.0 29.3971 39.5554 45.7674 48.5021 1.236 51.921 63.1533 63.1533 16.1071 2.4529 0.0 29.3397 84.6815 26.9454 57.3336 3.7897 0.0 122.5914 46.5239 0.0 1.993 101.0241 57.9308;
	1.5372 20.771 61.8676 8.9346 13.9853 0.0895 0.0 2.4048 3.7505 12.795 23.6514 35.2833 53.1187 8.9007 0.3215 0.1211 0.1503 0.1593 0.0 9.687 0.0 0.2087 51.4801 52.0453 13.2084 45.2761 0.562 99.2193 97.4124 97.4124 1.6406 2.796 0.0 24.9343 27.9048 41.5626 103.0491 2.4257 0.0 35.3797 24.9906 0.9924 2.8663 135.7072 104.1225;
	2.2119 29.8874 82.3947 2.468 14.2776 0.0107 0.0 1.3959 1.1701 25.0396 46.2854 69.0487 103.9524 2.6679 0.0 0.0 0.0 0.0 0.0 9.2225 0.0 0.0249 30.1186 66.0854 66.5649 49.9881 0.8134 168.9101 161.6748 161.6748 7.5493 6.7306 0.0 23.7389 8.3643 68.9813 158.5472 6.0304 0.0 178.299 17.1977 0.1184 103.7683 174.1776 160.1987;
	1.7623 23.8125 0.4881 0.0 13.1685 17.3041 0.0 0.0313 0.0 2.6536 4.9051 7.3175 11.0164 5.9453 0.0251 0.0095 0.0117 0.0124 0.1192 8.6521 0.0 40.3762 43.3415 0.0148 0.0 31.0686 0.4222 170.2073 203.9577 203.9577 1.8391 8.7426 0.3972 22.2704 18.6392 87.0219 169.6844 9.4898 0.1525 0.0 6.9058 191.9599 77.5875 135.1164 171.4519;
	2.2547 30.466 2.4942 0.0022 9.0292 0.0369 0.0 0.2657 0.0 3.827 7.0741 10.5531 15.8877 0.2209 0.0086 0.0033 0.004 0.0043 3.5054 2.8267 0.0 0.0862 26.3997 0.6459 2.5234 0.1359 0.1001 243.1604 242.2653 242.2653 87.0324 9.9142 11.6846 7.2759 0.6926 103.3665 216.8627 16.9136 0.6109 6.759 7.4134 0.4097 82.804 106.0365 219.1217;
	3.1046 41.9499 79.169 0.0 12.5113 0.0 0.0 0.0 0.0 0.9965 1.8419 2.7478 4.1368 3.9864 0.3061 0.1153 0.1431 0.1516 0.2238 2.6534 0.0 0.0 39.4371 0.0 1.7387 0.0926 0.0 380.8257 261.8582 261.8582 164.748 13.7886 0.7459 6.8298 12.4979 111.7262 284.1002 36.3299 6.8042 4.6573 4.4533 0.0 0.0112 163.819 287.0596;
	3.3373 45.0944 0.3007 0.467 13.9964 0.0 0.0 0.0 0.0 5.8359 10.7877 16.0931 24.228 4.9839 2.9463 1.11 1.3772 1.4594 6.8646 23.7708 0.0 0.0 3.3782 0.0007 0.0083 0.0 0.0 334.2209 327.8075 327.8075 144.9181 24.3341 22.8819 61.1862 15.6252 139.8645 413.4788 61.3424 0.0031 0.0221 0.3603 0.0 131.3786 190.0804 417.7859;
	2.5742 34.7835 0.0 0.0 13.9433 17.3483 0.0021 0.0 0.0358 0.4483 0.8288 1.2363 1.8613 6.5181 0.8454 0.3185 0.3952 0.4188 2.9306 1.3497 0.0007 40.4793 13.7685 0.0 0.0 0.0 0.0 491.3234 440.6091 440.6091 310.2187 32.9701 9.7687 3.4742 20.4352 187.9932 512.5545 92.8367 13.274 0.0 1.3266 192.4504 113.2331 187.1101 517.8936;
	2.9116 39.3417 80.3512 0.0 13.9824 23.4252 0.0 0.0008 0.0 7.4985 13.8609 20.6778 31.1303 7.636 0.0 0.0 0.0 0.0 2.4046 39.8502 0.0 54.6589 18.9393 0.0422 1.7452 58.3751 0.0127 704.3855 419.2743 419.2743 339.6672 44.2189 8.0155 102.5745 23.94 178.8904 576.6337 73.4963 0.0 4.6746 0.1288 259.864 102.4012 169.7616 582.6403;
	2.9917 40.4242 0.0 0.0 13.9979 0.0 16.4098 0.0118 25.9061 20.8168 38.4795 57.4039 86.4212 3.3313 0.0 0.0 0.0 0.0 0.6295 19.611 5.4699 0.0 51.1854 0.0 4.4146 50.1492 0.0 697.9958 393.9067 393.9067 319.5623 45.5177 2.0982 50.4788 10.4439 168.0669 516.378 68.0971 0.0 11.8248 2.1881 0.0 104.2454 153.7974 521.7569;
	3.2636 44.0984 85.7647 1.5421 14.6219 0.168 0.0247 2.0073 26.2675 23.9354 44.2442 66.0037 99.3682 8.0446 20.5595 7.7457 9.6104 10.1841 4.9165 32.1541 0.0082 0.392 70.3501 81.6454 15.0726 57.3743 0.6893 636.3622 388.1728 388.1728 242.0098 57.8659 16.3885 82.7648 25.2209 165.6204 557.5209 68.3682 8.1659 40.3731 15.2962 1.8637 109.2161 169.0333 563.3285;
