function windprofile = ex_wind_profilesh1
%EX_WIND_PROFILE_D  Example wind_load_nyiso profile data for deterministic unit commitment.
% 2022.03.12
% Andres F. Ramirez


%% define constants
[GEN_BUS, PG, QG, QMAX, QMIN, VG, MBASE, GEN_STATUS, PMAX, PMIN, ...
    MU_PMAX, MU_PMIN, MU_QMAX, MU_QMIN, PC1, PC2, QC1MIN, QC1MAX, ...
    QC2MIN, QC2MAX, RAMP_AGC, RAMP_10, RAMP_30, RAMP_Q, APF] = idx_gen;
[CT_LABEL, CT_PROB, CT_TABLE, CT_TBUS, CT_TGEN, CT_TBRCH, CT_TAREABUS, ...
    CT_TAREAGEN, CT_TAREABRCH, CT_ROW, CT_COL, CT_CHGTYPE, CT_REP, ...
    CT_REL, CT_ADD, CT_NEWVAL, CT_TLOAD, CT_TAREALOAD, CT_LOAD_ALL_PQ, ...
    CT_LOAD_FIX_PQ, CT_LOAD_DIS_PQ, CT_LOAD_ALL_P, CT_LOAD_FIX_P, ...
    CT_LOAD_DIS_P, CT_TGENCOST, CT_TAREAGENCOST, CT_MODCOST_F, ...
    CT_MODCOST_X] = idx_ct;

windprofile = struct( ...
    'type', 'mpcData', ...
    'table', CT_TGEN, ...
    'rows', [1:45], ...
    'col', PMAX, ...
    'chgtype', 1, ...
    'values', [] );
windprofile.values(:,1,:) = [
	0.6298 8.5095 50.4708 59.9248 7.8998 1.0393 1.0346 6.8848 10.6936 17.8629 33.0193 49.2583 74.1581 12.6648 125.9955 47.4681 58.8956 62.4117 68.9915 61.6631 0.3449 2.4249 65.4381 65.734 38.8108 43.4533 2.9665 189.8649 326.2664 326.2664 239.2427 46.9866 229.9715 158.7209 39.706 139.207 353.3747 84.3256 7.6236 103.9576 47.6836 11.5288 13.0195 61.7516 357.0557;
	0.4399 5.944 44.7206 58.9997 6.6981 0.8111 3.0568 9.1031 16.2481 10.1866 18.8298 28.0903 42.2898 52.4501 102.158 38.4874 47.7529 50.6038 60.8188 63.0259 1.0189 1.8925 27.493 60.3446 36.4492 47.3573 4.1613 83.5515 222.4783 222.4783 169.1869 29.3643 202.7295 162.2288 164.438 94.9241 275.1065 79.9183 11.5153 97.6317 60.0047 8.9975 15.4655 80.7418 277.9722;
	0.2335 3.1552 48.5192 58.2437 5.8896 0.0387 1.4794 8.772 3.9495 8.3574 15.4486 23.0463 34.696 43.1138 54.7542 20.6283 25.5944 27.1225 48.7016 58.034 0.4931 0.0904 22.6286 65.2996 46.4097 50.984 3.5745 1.7827 14.7512 14.7512 48.9059 16.8105 162.3385 149.3798 135.1675 6.2939 153.9057 0.2542 56.6892 124.3116 56.2754 0.4297 0.0336 97.7678 155.5088;
	0.3582 4.8406 56.609 73.1388 8.1575 0.8703 5.3812 12.8723 12.7918 12.3046 22.7448 33.9308 51.0826 59.289 55.2774 20.8254 25.8389 27.3816 17.773 52.797 1.7937 2.0307 40.7373 72.3049 52.4035 63.3689 6.4334 24.1515 39.4432 39.4432 145.7579 18.9586 59.2432 135.8997 185.8791 16.8291 12.7898 0.4104 103.7838 140.3665 62.1863 9.6545 8.643 131.0021 12.9231;
	0.3662 4.9488 68.8442 70.5625 9.2776 0.2328 1.8845 12.7428 1.2819 14.5268 26.8526 40.0587 60.3082 18.604 100.9309 38.0251 47.1793 49.996 25.4322 60.4428 0.6282 0.5433 43.716 68.8803 67.984 65.2971 6.9206 15.7809 7.7957 7.7957 80.688 9.647 84.7741 155.5798 58.3261 3.3262 4.6582 1.4684 0.5161 182.0999 61.2782 2.583 2.6468 140.2972 4.7067;
	0.3546 4.7918 64.1819 55.3801 9.3039 1.9754 0.4194 11.5851 1.1438 7.7219 14.2738 21.2937 32.0575 6.5357 118.4836 44.638 55.3842 58.6907 57.8989 57.7776 0.1398 4.6093 25.9616 66.1576 49.6967 65.4683 6.6181 14.166 5.2245 5.2245 34.3459 10.0099 192.9963 148.7196 20.4903 2.2291 3.2497 4.3237 0.0 133.1162 47.879 21.9141 22.6907 127.6899 3.2835;
	0.4375 5.9119 52.9374 39.8674 9.2985 1.4819 4.1524 7.8049 2.5249 5.8599 10.8319 16.159 24.3274 16.0453 114.4002 43.0996 53.4754 56.668 49.5222 59.3343 1.3841 3.4578 18.94 51.1254 30.79 64.8498 3.1367 20.6591 12.7128 12.7128 45.934 0.147 165.074 152.7266 50.3042 5.4241 1.5381 12.6335 31.1563 82.4732 26.5889 16.4394 32.8744 135.8874 1.5541;
	0.5438 7.3476 32.6274 28.1791 4.3208 2.5762 5.0754 7.2374 2.758 3.6447 6.7371 10.0505 15.131 4.0474 51.1548 19.2723 23.9119 25.3395 14.125 40.12 1.6918 6.0111 10.0187 37.5339 31.9342 62.7313 4.1415 0.0 31.1296 31.1296 23.0194 0.0 47.0834 103.2691 12.6891 13.2819 0.0 2.9237 70.8641 85.538 11.8064 28.5785 21.6765 103.1808 0.0;
	0.6264 8.4644 25.6912 24.5113 4.1264 0.4605 5.8209 5.6495 12.7921 0.4191 0.7747 1.1557 1.7399 0.0107 11.9091 4.4867 5.5668 5.8992 0.513 10.5846 1.9403 1.0746 4.9439 36.1103 28.2632 53.2848 4.3101 0.0 7.2817 7.2817 8.5068 0.0 1.71 27.2448 0.0334 3.1069 0.0 0.0 43.4923 75.7051 7.0505 5.1089 2.4588 74.0419 0.0;
	0.6052 8.1778 26.0849 25.0717 8.1272 0.5151 6.4067 4.5031 11.0667 0.1869 0.3455 0.5154 0.776 0.1263 9.2736 3.4938 4.3349 4.5937 6.4761 9.8806 2.1356 1.2019 10.4923 35.2231 29.5662 45.352 3.2391 6.148 44.2634 44.2634 13.3868 0.0 21.5871 25.4326 0.396 18.8857 0.0 0.4044 103.81 79.1953 33.4596 5.7144 51.8543 80.9169 0.0;
	0.9258 12.5096 43.3183 19.3124 12.1552 5.4404 8.0948 3.7523 8.134 0.3373 0.6235 0.9301 1.4003 3.2265 25.3003 9.5317 11.8264 12.5325 37.7298 9.3378 2.6983 12.6943 24.8837 41.7643 46.1023 45.5565 1.4072 63.7828 77.7236 77.7236 24.3329 0.5912 125.7661 24.0355 10.1156 33.1621 54.6487 1.8731 86.3975 123.4882 42.5986 60.3522 18.755 88.2184 55.2179;
	1.656 22.3764 60.9442 12.553 13.791 6.1114 2.9561 0.2152 10.7645 1.0837 2.0031 2.9883 4.4988 3.492 2.0042 0.7551 0.9369 0.9928 20.6854 8.0249 0.9854 14.2598 47.1766 57.0642 7.7759 41.8333 1.047 144.0382 115.1461 115.1461 14.9763 2.0789 68.9514 20.656 10.9478 49.129 114.1999 2.2745 40.5311 20.8284 22.3347 67.7953 16.1538 115.3123 115.3895;
	2.3425 31.6522 80.7818 9.9314 14.4063 4.5014 1.1896 1.0156 3.258 23.7026 43.8139 65.3617 98.4017 0.4978 0.0 0.0 0.0 0.0 3.4715 2.7566 0.3965 10.5032 28.4519 71.3327 70.4878 51.0666 2.3129 213.4613 169.3264 169.3264 9.1973 3.489 11.5716 7.0955 1.5607 72.2459 152.2372 3.4347 9.1227 188.8066 55.2933 49.9353 112.451 162.6826 153.823;
	1.9287 26.0606 23.3754 40.1221 14.4671 21.1963 4.5682 1.2906 16.2291 0.227 0.4196 0.626 0.9424 0.0 0.8537 0.3216 0.399 0.4229 11.1359 1.0803 1.5227 49.458 37.8553 69.2772 22.2689 30.8271 2.8547 197.1838 221.0121 221.0121 10.1429 4.9714 37.1197 2.7808 0.0 94.2985 188.7946 21.8257 27.6366 59.6489 33.9236 235.1376 84.1873 133.7711 190.7612;
	2.4794 33.5026 33.9321 44.5429 9.8781 22.839 6.7378 5.3451 11.0108 0.558 1.0315 1.5388 2.3167 0.2848 0.0015 0.0006 0.0007 0.0008 0.6999 0.0 2.2459 53.291 28.1598 72.5719 54.5409 11.2925 5.7845 301.1049 264.7434 264.7434 87.3031 7.6931 2.3331 0.0 0.8928 112.9572 264.4723 17.9202 50.1255 146.0917 63.3508 253.3607 86.77 106.3934 267.2273;
	3.4325 46.38 87.4799 58.0104 14.4023 15.5275 6.2055 8.8912 12.9634 3.1575 5.8366 8.707 13.1083 0.4207 0.0 0.0 0.0 0.0 0.2829 0.0 2.0685 36.2308 47.0742 46.955 65.4041 45.4891 8.9051 397.0617 294.3966 294.3966 166.4014 11.0056 0.943 0.0 1.319 125.6092 315.7559 46.903 38.0934 175.1895 37.9416 172.2514 37.6615 181.1759 319.0451;
	3.4441 46.5375 12.638 24.101 14.5998 3.1391 1.5148 0.7856 2.4436 0.0 0.0 0.0 0.0 0.076 0.0 0.0 0.0 0.0 0.1478 0.0 0.5049 7.3246 0.0992 48.0862 28.8875 7.5593 0.6121 358.3332 380.4231 380.4231 162.1721 23.6926 0.4926 0.0 0.2382 162.3139 448.9384 75.5693 0.0 77.3773 14.6518 34.823 142.6228 212.475 453.6149;
	2.717 36.7127 26.8278 43.3823 14.9866 19.8388 0.8371 2.5688 8.404 0.8628 1.5949 2.3792 3.5819 0.1907 15.4444 5.8186 7.2193 7.6503 1.7227 1.3706 0.279 46.2904 16.8062 82.6219 68.7028 39.6852 1.6939 518.5712 480.3809 480.3809 311.6653 32.5706 5.7422 3.5279 0.598 204.9625 531.1051 96.1364 6.7585 184.0254 8.1777 220.0779 113.2166 229.3617 536.6374;
	2.9699 40.1297 86.3944 8.0418 15.0455 26.1683 0.1038 3.2137 4.9884 8.1947 15.1477 22.5974 34.0202 6.7798 35.5381 13.3888 16.612 17.6038 7.92 41.2001 0.0346 61.0595 29.0677 66.5303 48.7918 64.1469 1.6006 714.3556 446.1551 446.1551 355.5251 43.3866 26.4001 106.0493 21.2555 190.3595 605.3582 78.4893 32.9344 130.6924 24.1332 290.2942 112.2877 205.37 611.664;
	2.8134 38.0151 7.9887 10.5199 14.5133 3.134 18.5867 10.0528 26.7888 21.8863 40.4565 60.3532 90.8614 8.3163 117.5217 44.2756 54.9346 58.2143 29.5179 21.9822 6.1956 7.3127 59.7576 43.1492 52.21 57.4583 1.0104 738.5915 447.2453 447.2453 328.8586 39.9089 98.3929 56.5823 26.0727 190.8246 554.1614 76.0701 31.5538 139.8482 9.5862 34.7669 109.1332 167.8697 559.9339;
