function solarprofile = ex_solar_profilesh1
%EX_WIND_PROFILE_D  Example wind_load_nyiso profile data for deterministic unit commitment.
% 2022.03.12
% Andres F. Ramirez


%% define constants
[GEN_BUS, PG, QG, QMAX, QMIN, VG, MBASE, GEN_STATUS, PMAX, PMIN, ...
    MU_PMAX, MU_PMIN, MU_QMAX, MU_QMIN, PC1, PC2, QC1MIN, QC1MAX, ...
    QC2MIN, QC2MAX, RAMP_AGC, RAMP_10, RAMP_30, RAMP_Q, APF] = idx_gen;
[CT_LABEL, CT_PROB, CT_TABLE, CT_TBUS, CT_TGEN, CT_TBRCH, CT_TAREABUS, ...
    CT_TAREAGEN, CT_TAREABRCH, CT_ROW, CT_COL, CT_CHGTYPE, CT_REP, ...
    CT_REL, CT_ADD, CT_NEWVAL, CT_TLOAD, CT_TAREALOAD, CT_LOAD_ALL_PQ, ...
    CT_LOAD_FIX_PQ, CT_LOAD_DIS_PQ, CT_LOAD_ALL_P, CT_LOAD_FIX_P, ...
    CT_LOAD_DIS_P, CT_TGENCOST, CT_TAREAGENCOST, CT_MODCOST_F, ...
    CT_MODCOST_X] = idx_ct;

solarprofile = struct( ...
    'type', 'mpcData', ...
    'table', CT_TGEN, ...
    'rows', [1:12], ...
    'col', PMAX, ...
    'chgtype', 1, ...
    'values', [] );
solarprofile.values(:,1,:) = [
	0.0 0.0 0.0 0.0 0.0 0.0 0.0 0.0 0.0 0.0 0.0 0.0;
	0.0 0.0 0.0 0.0 0.0 0.0 0.0 0.0 0.0 0.0 0.0 0.0;
	0.0 0.0 0.0 0.0 0.0 0.0 0.0 0.0 0.0 0.0 0.0 0.0;
	0.0 0.0 0.0 0.0 0.0 0.0 0.0 0.0 0.0 0.0 0.0 0.0;
	0.0 0.0 0.0 0.0 0.0 0.0 0.0 0.0 0.0 0.0 0.0 0.0;
	0.4784 0.4148 0.4281 0.0 0.0 0.0 0.0 0.2 0.0 0.0 0.0 0.0;
	5.2822 3.0002 4.3722 3.3329 6.4513 262.5306 32.8163 24.5247 176.2889 16.4455 8.1609 29.7829;
	12.1049 10.467 11.3947 5.2135 7.7609 421.4465 52.6808 71.4667 260.2175 0.0 12.5411 0.0;
	21.3122 16.6083 13.8 7.1954 7.6 434.5032 54.3129 75.2083 268.8486 0.0 8.8756 0.0;
	24.4448 16.1547 13.6408 4.2174 2.3388 275.2323 34.404 60.9303 189.3813 6.661 5.886 12.0632;
	25.46 16.371 13.7752 4.0096 1.3508 183.0561 22.882 56.0414 171.2355 41.5963 16.4909 75.3312;
	25.3411 16.3954 13.8982 3.45 1.1869 152.0058 19.0007 54.7807 173.6739 89.1951 45.9288 161.5328;
	13.7992 12.2014 13.148 3.0547 3.387 102.7653 12.8457 31.5269 175.4168 85.208 121.1316 154.3123;
	11.1897 10.9779 11.6847 3.0442 4.1675 122.8168 15.3521 32.8163 184.7224 59.8999 113.0114 108.4792;
	7.3095 7.0237 6.1669 2.9301 3.9083 108.9116 13.614 23.8538 173.3034 34.86 71.5149 63.1317;
	1.9427 2.3037 1.3163 1.2133 0.224 12.9562 1.6195 3.0311 45.3387 10.1033 9.7286 18.297;
	0.433 0.5762 0.3737 0.3165 0.0 3.168 0.396 1.3812 5.7365 6.2715 6.2229 11.3578;
	0.0 0.0 0.0 0.0 0.0 0.0 0.0 0.0 0.0 0.0 0.0 0.0;
	0.0 0.0 0.0 0.0 0.0 0.0 0.0 0.0 0.0 0.0 0.0 0.0;
	0.0 0.0 0.0 0.0 0.0 0.0 0.0 0.0 0.0 0.0 0.0 0.0;
	0.0 0.0 0.0 0.0 0.0 0.0 0.0 0.0 0.0 0.0 0.0 0.0;
	0.0 0.0 0.0 0.0 0.0 0.0 0.0 0.0 0.0 0.0 0.0 0.0;
	0.0 0.0 0.0 0.0 0.0 0.0 0.0 0.0 0.0 0.0 0.0 0.0;
	0.0 0.0 0.0 0.0 0.0 0.0 0.0 0.0 0.0 0.0 0.0 0.0;
];
