function windprofile = ex_wind_profilesh1
%EX_WIND_PROFILE_D  Example wind_load_nyiso profile data for deterministic unit commitment.
% 2022.03.12
% Andres F. Ramirez


%% define constants
[GEN_BUS, PG, QG, QMAX, QMIN, VG, MBASE, GEN_STATUS, PMAX, PMIN, ...
    MU_PMAX, MU_PMIN, MU_QMAX, MU_QMIN, PC1, PC2, QC1MIN, QC1MAX, ...
    QC2MIN, QC2MAX, RAMP_AGC, RAMP_10, RAMP_30, RAMP_Q, APF] = idx_gen;
[CT_LABEL, CT_PROB, CT_TABLE, CT_TBUS, CT_TGEN, CT_TBRCH, CT_TAREABUS, ...
    CT_TAREAGEN, CT_TAREABRCH, CT_ROW, CT_COL, CT_CHGTYPE, CT_REP, ...
    CT_REL, CT_ADD, CT_NEWVAL, CT_TLOAD, CT_TAREALOAD, CT_LOAD_ALL_PQ, ...
    CT_LOAD_FIX_PQ, CT_LOAD_DIS_PQ, CT_LOAD_ALL_P, CT_LOAD_FIX_P, ...
    CT_LOAD_DIS_P, CT_TGENCOST, CT_TAREAGENCOST, CT_MODCOST_F, ...
    CT_MODCOST_X] = idx_ct;

windprofile = struct( ...
    'type', 'mpcData', ...
    'table', CT_TGEN, ...
    'rows', [1:45], ...
    'col', PMAX, ...
    'chgtype', 1, ...
    'values', [] );
windprofile.values(:,1,:) = [
	0.6706 9.0613 56.1892 60.7305 7.221 0.0273 0.0 7.7988 1.0269 19.1129 35.3299 52.7053 79.3476 0.0 157.6022 59.3757 73.6699 78.0681 80.8902 73.024 0.0 0.0636 69.795 71.3678 47.4076 35.2096 3.9916 116.3895 290.9853 290.9853 227.3003 43.9771 269.6339 187.964 0.0 124.1537 294.2748 91.5559 8.5202 126.9845 62.6136 0.3024 0.0 69.1132 297.3401;
	0.2674 3.6138 46.7656 36.0403 0.6635 0.0 0.0 3.8616 0.0 11.1589 20.627 30.7715 46.3263 0.0 132.8158 50.0376 62.0837 65.7902 72.6349 73.3117 0.0 0.0 34.9813 61.8353 33.6222 20.1249 1.951 48.4832 180.0736 180.0736 150.707 28.4324 242.1164 188.7045 0.0 76.8314 173.8952 92.3397 0.8706 90.0595 73.9186 0.0 0.0 75.1882 175.7066;
	0.1192 1.611 56.4355 58.0399 3.6703 0.0 0.0 4.3778 0.0 9.0322 16.6959 24.9071 37.4974 0.0 84.1474 31.702 39.334 41.6823 60.8324 70.0805 0.0 0.0 28.292 74.2743 45.9495 34.1165 0.646 0.0 0.0 0.0 51.2723 15.1055 202.7748 180.3875 0.0 0.0 72.0842 19.643 0.0 123.0791 63.399 0.0 0.0 85.6049 72.8351;
	0.3417 4.6165 62.8965 69.5955 7.0555 1.4596 0.0 10.1846 0.0 12.3249 22.7824 33.9868 51.1669 0.0 84.2393 31.7367 39.377 41.7278 38.5402 69.7982 0.0 3.4058 46.19 74.5475 52.44 56.2608 5.8478 0.0 0.0 0.0 19.9005 17.5411 128.4674 179.6609 0.0 0.0 0.0 31.8726 0.0 140.4643 60.3051 16.1923 0.0 129.8508 0.0;
	0.4542 6.1368 76.2453 73.0119 8.2263 1.5601 0.3095 11.1392 0.0925 13.7635 25.4417 37.954 57.1395 0.0 121.8848 45.9194 56.9741 60.3755 50.7204 72.45 0.1032 3.6401 47.8842 78.1796 71.9801 66.5089 7.8536 17.0552 2.6504 2.6504 130.9148 10.4961 169.0679 186.4866 0.0 1.1308 5.4569 67.2232 0.059 192.8039 62.6896 17.3063 0.273 140.6724 5.5137;
	0.4354 5.8834 77.4713 58.4422 8.7948 3.5488 0.0 9.5481 0.3551 8.5834 15.8663 23.6694 35.6342 0.0 149.735 56.4118 69.9924 74.1711 78.7501 73.1957 0.0 8.2806 37.3481 77.1327 49.5708 61.2458 6.8718 16.9052 2.1654 2.1654 69.1071 10.2965 262.5003 188.406 0.0 0.9239 6.2932 45.105 0.0 132.7788 51.0329 39.3684 20.968 135.3565 6.3588;
	0.3309 4.4717 55.1571 31.5251 8.8272 2.2672 2.0852 6.6881 1.9182 6.4338 11.8928 17.7417 26.71 0.0 111.1124 41.8609 51.9386 55.0394 54.1856 71.1491 0.6951 5.2902 23.2836 52.5433 30.2955 60.4748 3.578 12.6427 0.0 0.0 6.5658 1.5454 180.6187 183.1379 0.0 0.0 0.4712 6.1849 0.0 81.1486 27.2834 25.1513 23.1462 131.6105 0.4761;
	0.3908 5.2801 30.8009 18.8854 3.6263 1.2309 3.8928 4.8599 1.9084 4.311 7.9687 11.8878 17.897 0.0 49.6322 18.6987 23.2002 24.5853 14.3953 47.9864 1.2976 2.872 12.0747 29.4489 22.5791 58.0467 3.2794 5.4742 0.1431 0.1431 8.1502 4.2649 47.9842 123.5171 0.0 0.0611 5.2962 9.5494 0.0 60.4796 10.8708 13.6544 0.2013 102.3561 5.3513;
	0.5144 6.9512 28.4894 24.2154 3.5214 0.0 0.003 5.3526 2.338 1.2766 2.3597 3.5202 5.2997 0.0 12.6425 4.763 5.9096 6.2624 1.9588 20.5093 0.001 0.0 5.5564 35.3482 26.2863 53.6609 4.3101 0.0 0.0 0.0 12.3019 5.6812 6.5292 52.7909 0.0 0.0 0.0 15.9796 0.0064 70.4097 29.0324 0.0 0.5909 78.7439 0.0;
	0.5385 7.2768 31.6379 25.8236 7.6151 0.6504 2.2687 4.1635 1.734 6.7864 12.5445 18.714 28.1738 0.0964 5.3981 2.0337 2.5233 2.6739 2.4698 14.31 0.7562 1.5176 11.2027 36.4814 25.6555 46.3519 3.2082 24.115 17.3493 17.3493 2.6404 8.0822 8.2325 36.834 0.3022 7.4024 0.6276 13.4833 0.6016 68.72 20.6067 7.2153 49.8751 80.2172 0.6342;
	0.4579 6.1876 42.2919 0.0188 10.4613 0.0 1.7358 3.2381 1.2478 6.4808 11.9797 17.8714 26.9053 0.0 20.9391 7.8887 9.7878 10.3721 44.8608 12.7748 0.5786 0.0 32.1874 36.9404 38.085 51.3387 1.2751 33.9928 0.0 0.0 1.6238 2.8429 149.5359 32.8823 0.0 0.0 16.9551 5.0978 0.0 102.0134 5.2339 0.0 0.0 85.1098 17.1317;
	1.1045 14.9247 58.0072 0.0 12.7487 0.0 5.264 0.0003 0.4057 6.4625 11.9458 17.8207 26.829 0.8002 18.1859 6.8514 8.5009 9.0084 28.7669 11.7203 1.7547 0.0 54.0181 52.123 0.0 48.6429 0.0134 139.1955 60.9729 60.9729 23.5841 10.3905 95.8898 30.1681 2.5087 26.0151 93.9995 10.7005 2.0412 0.0 0.2048 0.0 0.0 116.0552 94.9787;
	2.1182 28.622 80.2426 0.5633 14.0079 0.1642 7.5056 0.9901 0.7899 25.6594 47.431 70.7577 106.5253 0.5564 10.6111 3.9977 4.9601 5.2562 19.0211 11.9007 2.5019 0.3831 36.5796 63.1068 65.5832 57.1906 0.9141 202.8448 91.3792 91.3792 13.6102 6.016 63.4038 30.6324 1.7443 38.9885 133.5389 6.4767 23.3969 175.6693 0.0121 1.8215 103.0859 162.9547 134.93;
	1.7429 23.5505 0.1386 0.0024 13.8081 17.9967 15.784 0.0821 3.4806 14.2745 26.3862 39.3631 59.2609 1.8215 34.5682 13.0234 16.1586 17.1233 7.3416 11.2029 5.2613 41.9923 49.0845 0.5807 0.0276 31.9224 0.2314 200.3081 210.3656 210.3656 54.5539 5.4667 24.4722 28.8363 5.7105 89.756 182.8327 19.208 117.3409 0.0739 0.0733 199.6433 78.1889 120.8726 184.7372;
	1.8955 25.6121 0.6728 0.2915 8.7551 0.0 12.238 0.2838 3.956 14.9135 27.5674 41.1252 61.9137 2.7574 67.4212 25.4006 31.5155 33.397 2.895 59.0205 4.0793 0.0 34.0789 0.0013 0.1253 2.41 0.101 280.2556 246.0878 246.0878 102.1446 8.8453 9.6499 151.919 8.645 104.9975 243.11 43.3053 121.3953 0.3355 0.8065 0.0 75.3295 100.806 245.6424;
	2.9956 40.4767 85.0152 6.5577 13.571 0.0 2.9802 0.7858 1.5342 3.5283 6.522 9.7296 14.6478 2.856 19.0498 7.1769 8.9047 9.4363 2.5556 24.7663 0.9934 0.0 47.4665 2.9149 2.7148 6.4163 0.054 384.1527 268.0896 268.0896 180.7429 12.0634 8.5187 63.7486 8.9539 114.3849 288.8211 45.6208 53.0601 7.2719 0.0386 0.0 0.0077 169.322 291.8297;
	3.3535 45.3125 21.6922 14.621 14.3761 0.2997 9.7309 1.9538 7.3941 3.2581 6.0225 8.9844 13.526 4.8055 57.3326 21.5997 26.7996 28.3996 35.2571 21.3628 3.2436 0.6994 9.1016 4.0677 4.9926 5.477 0.0768 350.2423 315.6653 315.6653 161.2425 25.8099 117.5237 54.988 15.0658 134.6839 409.0867 77.0192 142.2732 13.3731 5.9488 3.3249 132.7633 214.75 413.348;
	2.5225 34.0839 43.9373 20.5168 14.1322 17.8112 3.3373 3.1451 5.7527 18.2634 33.7596 50.3628 75.8208 11.378 93.9587 35.3984 43.9202 46.5423 49.6244 23.5322 1.1124 41.5596 19.8546 66.4691 20.8377 24.8938 1.0001 535.5089 419.51 419.51 302.6714 34.9738 165.4146 60.572 35.6717 178.9909 490.1996 97.1234 153.2484 55.8152 0.8886 197.5861 106.7539 222.6792 495.3058;
	2.7894 37.6907 91.7171 45.1228 14.7699 24.9319 2.4689 7.0595 7.9873 9.3218 17.2312 25.7056 38.6996 9.1727 20.4344 7.6985 9.5519 10.1222 18.3729 40.855 0.823 58.1744 32.3479 77.9397 51.617 66.3021 0.3916 758.9004 392.3037 392.3037 348.2791 44.1773 61.2431 105.1608 28.7578 167.3829 574.5988 79.8284 396.3433 138.2597 0.0719 276.5777 104.7437 215.3573 580.5842;
	2.992 40.4289 74.1791 9.1538 14.362 3.6902 18.6449 0.4268 25.9339 21.9963 40.6597 60.6563 91.3178 14.5525 33.1885 12.5036 15.5137 16.4399 41.3702 21.6045 6.215 8.6106 60.4139 16.0535 6.4394 50.9848 0.0 727.0651 405.218 405.218 328.9183 42.6081 137.9008 55.6099 45.6241 172.893 545.1619 77.3858 134.3203 17.2484 0.8534 40.9372 108.2999 181.2905 550.8406;
	3.3032 44.6331 92.5339 13.4698 14.5054 3.1386 7.7638 0.7575 27.2263 24.0764 44.5048 66.3925 99.9535 13.1121 26.2569 9.8921 12.2736 13.0063 33.4369 30.5049 2.5879 7.3234 72.4005 85.4823 26.8096 58.7126 0.0006 632.8308 382.9458 382.9458 256.3885 53.6093 111.4565 78.5197 41.1082 163.3902 549.1309 76.806 453.5519 71.8113 0.2053 34.8173 110.5979 182.4551 554.851;
