function windprofile = ex_wind_profilesh1
%EX_WIND_PROFILE_D  Example wind_load_nyiso profile data for deterministic unit commitment.
% 2022.03.12
% Andres F. Ramirez


%% define constants
[GEN_BUS, PG, QG, QMAX, QMIN, VG, MBASE, GEN_STATUS, PMAX, PMIN, ...
    MU_PMAX, MU_PMIN, MU_QMAX, MU_QMIN, PC1, PC2, QC1MIN, QC1MAX, ...
    QC2MIN, QC2MAX, RAMP_AGC, RAMP_10, RAMP_30, RAMP_Q, APF] = idx_gen;
[CT_LABEL, CT_PROB, CT_TABLE, CT_TBUS, CT_TGEN, CT_TBRCH, CT_TAREABUS, ...
    CT_TAREAGEN, CT_TAREABRCH, CT_ROW, CT_COL, CT_CHGTYPE, CT_REP, ...
    CT_REL, CT_ADD, CT_NEWVAL, CT_TLOAD, CT_TAREALOAD, CT_LOAD_ALL_PQ, ...
    CT_LOAD_FIX_PQ, CT_LOAD_DIS_PQ, CT_LOAD_ALL_P, CT_LOAD_FIX_P, ...
    CT_LOAD_DIS_P, CT_TGENCOST, CT_TAREAGENCOST, CT_MODCOST_F, ...
    CT_MODCOST_X] = idx_ct;

windprofile = struct( ...
    'type', 'mpcData', ...
    'table', CT_TGEN, ...
    'rows', [1:45], ...
    'col', PMAX, ...
    'chgtype', 1, ...
    'values', [] );
windprofile.values(:,1,:) = [
	0.697 9.4181 54.1619 60.3759 4.7493 1.5492 2.1425 6.5443 0.233 20.3121 37.5467 56.0123 84.3261 20.4692 163.1824 61.478 76.2783 80.8322 85.8845 69.5974 0.7142 3.6148 69.9725 69.7791 38.808 37.5989 1.8646 147.6226 324.4889 324.4889 215.5526 43.8607 286.2818 179.1439 64.1737 138.4486 370.7022 87.8921 55.7687 103.9501 58.5797 17.1859 16.3204 70.1178 374.5637;
	0.5174 6.9915 53.0642 62.2356 5.7524 2.6884 5.2446 9.8588 5.3754 12.8926 23.8318 35.5524 53.5239 36.2952 133.0005 50.1072 62.17 65.8816 80.7619 71.6834 1.7482 6.273 35.0827 72.5787 47.3439 45.4966 4.2789 58.8168 228.5312 228.5312 145.367 29.3208 269.2064 184.5134 113.7902 97.5066 282.0077 95.9314 134.0737 126.8139 75.3993 29.8237 26.7492 88.4221 284.9453;
	0.3479 4.7016 59.58 65.7854 5.4003 2.8808 5.0275 10.7966 7.2622 10.8635 20.081 29.957 45.1001 22.5911 84.3804 31.7898 39.4429 41.7977 69.2176 66.8122 1.6758 6.7218 26.2006 76.0225 53.1692 46.9591 5.0839 3.0171 27.5355 27.5355 4.4374 16.6997 230.7254 171.9748 70.8262 11.7485 161.5087 4.92 72.0994 142.4176 75.8179 31.9574 31.6885 92.0694 163.1911;
	0.4386 5.9264 65.2433 71.1638 7.7791 3.2745 0.0 13.2522 2.2414 14.1047 26.0724 38.8949 58.556 14.2438 95.8849 36.1241 44.8206 47.4965 47.9378 67.2082 0.0 7.6405 42.1149 79.7466 60.6761 62.979 6.4497 0.8002 16.1798 16.1798 2.7299 18.734 159.7927 172.9941 44.6564 6.9034 9.589 6.1794 6.9811 162.5253 68.0744 36.3249 14.3664 125.4887 9.6888;
	0.572 7.7289 79.607 74.3635 9.1114 12.3826 0.0846 13.271 22.1833 15.0858 27.8859 41.6003 62.629 21.6919 129.2087 48.6786 60.3975 64.0034 58.3236 69.1334 0.0282 28.8928 42.8115 81.8654 75.5163 66.3704 7.9445 14.2771 38.19 38.19 17.1899 10.6904 194.4119 177.9495 68.0071 16.2944 8.6052 34.3279 41.7706 202.2757 68.9024 137.3648 21.2166 148.7515 8.6949;
	0.5234 7.0726 78.3458 64.5927 9.8308 5.0856 0.0 12.2764 6.3024 8.4995 15.7112 23.438 35.2859 13.0239 149.9213 56.482 70.0795 74.2634 81.6351 69.076 0.0 11.8664 32.7779 81.4851 56.1549 62.4068 7.2963 11.7411 20.4221 20.4221 47.1878 12.1136 272.1171 177.8017 40.8317 8.7134 8.9321 33.1843 11.1351 150.415 49.6995 56.4165 25.7293 140.9287 9.0252;
	0.5158 6.9697 56.0825 40.5963 9.279 3.463 2.9199 7.4948 1.9182 6.8086 12.5856 18.7753 28.266 5.1592 122.6287 46.1997 57.3218 60.744 63.4308 68.6666 0.9733 8.0803 22.3314 58.1643 34.1661 54.4878 3.6284 0.3829 3.3175 3.3175 3.0702 1.0362 211.4359 176.7481 16.1749 1.4155 0.0 2.6518 0.0074 91.5163 23.4863 38.4159 32.0052 133.6206 0.0;
	0.5341 7.2169 30.753 26.3174 3.7651 3.0892 4.4125 6.1298 2.4952 3.6919 6.8243 10.1806 15.3268 14.7019 64.9188 24.4578 30.3458 32.1574 18.3672 47.4461 1.4708 7.2081 10.7208 38.5148 33.4011 54.9672 3.2257 4.9064 5.6724 5.6724 2.9959 3.168 61.224 122.1263 46.0925 2.4202 5.4648 0.5321 0.0 89.4672 10.1752 34.2692 2.7885 99.6906 5.5218;
	0.5857 7.9138 26.4156 23.1535 3.7493 2.6513 1.2451 5.4765 2.6527 1.4701 2.7175 4.054 6.1033 12.0322 19.2546 7.2541 9.0004 9.5377 0.5021 17.7863 0.415 6.1865 6.7141 38.8001 30.7572 51.6011 4.0603 0.0 14.7129 14.7129 8.5853 2.4549 1.6737 45.7821 37.7225 6.2775 1.5475 0.4422 0.0908 82.3853 44.8361 29.4123 1.3827 75.5011 1.5636;
	0.6182 8.3531 31.7553 25.4289 7.8256 12.2613 0.0 4.833 4.3409 0.1788 0.3305 0.493 0.7422 1.3098 11.2534 4.2397 5.2603 5.5744 0.461 11.8798 0.0 28.6098 10.7161 38.7802 31.7669 46.7503 3.213 20.6977 21.8913 21.8913 9.2833 6.0303 1.5368 30.5787 4.1065 9.3403 0.5156 0.4011 0.0 85.09 47.5159 136.019 49.0211 94.232 0.5209;
	0.8887 12.0082 44.6227 10.8229 11.4633 17.5246 0.3516 3.7528 4.1436 0.4725 0.8735 1.3031 1.9617 10.5227 10.7783 4.0607 5.0382 5.339 4.1814 11.2624 0.1172 40.8908 29.5829 39.2398 45.9448 48.8183 1.4032 55.5423 69.4631 69.4631 36.5757 1.4712 13.938 28.9895 32.9901 29.6376 62.3234 0.8794 0.1398 123.0664 55.0569 194.4063 13.3805 98.0243 62.9726;
	1.5566 21.033 63.5731 1.0876 14.0216 14.3463 5.5705 1.5272 23.1898 0.202 0.3735 0.5572 0.8388 2.1311 6.0131 2.2654 2.8108 2.9786 0.6061 10.5359 1.8568 33.4746 52.3039 53.5618 16.8321 47.9293 1.5759 154.2537 106.1727 106.1727 12.565 7.5783 2.0204 27.1194 6.6814 45.3004 128.3973 0.1867 33.5421 45.086 33.5846 159.148 12.8284 127.4348 129.7347;
	2.1779 29.428 81.9541 0.0024 14.6709 3.6611 0.0598 1.0972 3.5556 23.6423 43.7024 65.1953 98.1512 0.0 14.3548 5.4081 6.71 7.1106 1.7999 8.9637 0.0199 8.5426 34.2481 68.935 69.6489 54.8532 2.2905 174.7736 134.7584 134.7584 0.0995 5.1892 5.9996 23.0725 0.0 57.4969 148.2511 0.1654 0.0 186.5596 7.252 40.6141 103.4614 161.0828 149.7954;
	1.3163 17.7864 3.4745 0.0 13.8032 18.0866 0.0 0.1434 0.0 0.2485 0.4594 0.6853 1.0317 0.1652 22.7658 8.5769 10.6417 11.277 3.7053 8.0852 0.0 42.2021 44.5325 13.466 7.5708 28.2706 0.0268 183.0908 194.6572 194.6572 1.5665 6.1286 12.3511 20.8113 0.5181 83.0538 171.4531 7.2215 0.0 20.279 5.1463 200.6407 65.799 127.0099 173.2391;
	1.7269 23.3339 1.7937 0.0044 8.1636 0.0471 2.4092 0.0 1.9598 3.859 7.1333 10.6414 16.0206 0.0126 3.9455 1.4864 1.8443 1.9544 6.7581 0.0365 0.8031 0.11 26.2826 1.5829 1.0365 1.4212 0.0 228.7902 248.2199 248.2199 87.3997 8.8145 22.5268 0.0939 0.0397 105.9072 230.9491 19.6272 0.7156 2.7764 8.2342 0.5228 69.0091 93.113 233.3548;
	2.7912 37.7147 79.7295 0.0 13.7482 0.3304 8.5892 0.0 3.5419 5.3437 9.8777 14.7356 22.1843 10.335 3.4503 1.2999 1.6128 1.7091 20.9759 0.0987 2.8631 0.771 40.1101 7.2859 0.2535 0.072 0.0 354.2945 274.4193 274.4193 176.5669 13.5872 69.9197 0.2541 32.4015 117.0856 292.8828 46.8754 71.3292 0.679 8.1928 3.6658 0.0 172.1915 295.9336;
	3.073 41.5236 8.3788 0.0903 14.5054 1.2129 0.7119 0.2684 0.7146 0.302 0.5582 0.8328 1.2537 3.3826 0.0 0.0 0.0 0.0 24.3205 0.1509 0.2373 2.8301 0.0 5.9093 1.7478 0.0 0.0068 296.2051 328.1715 328.1715 158.2627 25.6381 81.0682 0.3883 10.6049 140.0198 388.3126 75.2597 0.4197 4.6815 6.0096 13.4553 127.1291 210.0116 392.3576;
	2.7812 37.5797 14.1941 13.9985 14.8916 20.7629 1.7272 3.0975 5.0077 13.6202 25.1767 37.5587 56.5443 5.7296 0.3529 0.133 0.165 0.1748 22.4252 0.1232 0.5757 48.4468 15.2302 21.9323 3.1369 0.4876 0.4183 515.0362 441.814 441.814 302.9105 33.4291 74.7507 0.317 17.9631 188.5073 507.4375 97.1599 47.1626 8.4023 0.7489 230.3298 116.1369 215.2757 512.7233;
	3.0384 41.055 87.8343 22.6058 14.5745 26.7735 0.0 2.8415 1.4502 9.2022 17.0102 25.3758 38.2031 3.9529 0.0 0.0 0.0 0.0 11.578 33.3555 0.0 62.4715 19.8762 50.0905 8.7525 58.8343 0.5905 774.1352 378.8009 378.8009 327.8035 44.8803 38.5933 85.8573 12.3929 161.6217 577.952 77.4446 0.0587 23.4442 16.3026 297.0075 105.0781 199.9918 583.9723;
	3.1551 42.6324 8.1182 3.1803 14.7152 10.7004 17.3158 0.0195 25.9851 23.3237 43.1136 64.317 96.8289 3.5734 11.6063 4.3726 5.4252 5.7491 14.9529 16.2738 5.7719 24.9677 48.3714 10.1793 0.0127 49.8316 0.0 775.5068 423.8522 423.8522 321.5539 44.2548 49.843 41.8889 11.2031 180.8436 584.0644 80.0484 71.6037 0.034 0.3665 118.7035 110.0827 169.7671 590.1484;
