function loadprofile = ex_load_profilesh1
%EX_LOAD_PROFILE  Example load profile data file for stochastic unit commitment.
% 2022.03.12
% Andres F. Ramirez

%% define constants
[CT_LABEL, CT_PROB, CT_TABLE, CT_TBUS, CT_TGEN, CT_TBRCH, CT_TAREABUS, ...
    CT_TAREAGEN, CT_TAREABRCH, CT_ROW, CT_COL, CT_CHGTYPE, CT_REP, ...
    CT_REL, CT_ADD, CT_NEWVAL, CT_TLOAD, CT_TAREALOAD, CT_LOAD_ALL_PQ, ...
    CT_LOAD_FIX_PQ, CT_LOAD_DIS_PQ, CT_LOAD_ALL_P, CT_LOAD_FIX_P, ...
    CT_LOAD_DIS_P, CT_TGENCOST, CT_TAREAGENCOST, CT_MODCOST_F, ...
    CT_MODCOST_X] = idx_ct;

loadprofile = struct( ...
    'type', 'mpcData', ...
    'table', CT_TAREALOAD, ...
    'rows', [1:11], ...
    'col', CT_LOAD_ALL_P, ...
    'chgtype', 1, ...
    'values', [] );
loadprofile.values(:,1,:) = [
	1585.5 969.3748 1682.139 589.7726 787.062 1167.1625 883.4944 278.5927 535.0958 4585.492 1759.9362;
	1589.8969 968.6122 1704.9218 578.443 776.2872 1186.7179 902.2223 274.5479 530.3 4557.8307 1764.3741;
	1617.9843 1000.1288 1736.2 596.6138 815.6696 1206.4628 911.8192 285.8879 535.1469 4642.2579 1826.3735;
	1668.9217 1059.4563 1880.3393 613.8353 887.6197 1279.7054 959.6043 310.2909 563.0 4809.9231 1906.168;
	1803.1107 1183.3 2039.3396 623.4 941.9502 1404.8159 1066.5446 365.1526 648.4813 5369.0531 2136.7775;
	1872.8962 1255.9223 2115.4835 605.8294 1001.479 1509.1052 1135.8 397.6453 724.4 6013.0 2324.8217;
	1865.1389 1249.5687 2074.5708 602.9 973.0775 1501.7872 1152.6801 389.9082 733.74 6233.0423 2306.5;
	1858.4061 1219.1522 2032.9364 598.8212 967.8828 1472.2362 1137.4968 369.5 737.2126 6281.6102 2256.0664;
	1806.9437 1230.4751 2002.8719 592.2098 975.5331 1449.8613 1159.0834 359.6 753.4 6352.8291 2179.1538;
	1808.7614 1216.4012 1990.4057 600.4 963.8485 1418.3151 1109.1441 355.1 725.6722 6343.2136 2126.9699;
	1731.7842 1211.2818 1975.8545 596.1 934.7627 1363.7653 1086.8012 352.5508 682.0 6283.474 1975.2668;
	1718.9647 1187.7838 1970.4784 581.1 934.5101 1348.9726 1058.9419 339.0304 685.4057 6144.8532 1845.2911;
	1672.5521 1179.4232 1898.8285 562.5418 915.1634 1338.275 1037.7873 323.4227 670.9 6115.8745 1866.3978;
	1672.0946 1145.2302 1858.1369 582.8 897.4002 1281.5963 1008.3655 341.0274 647.6366 6032.3192 1753.3475;
	1628.09 1121.0337 1873.972 589.0 930.6867 1358.8227 1033.4118 351.5637 671.1 6042.5071 1453.4978;
	1641.4432 1120.3174 1908.784 584.1754 946.9178 1377.1552 1042.2876 355.709 664.8201 5884.2092 1645.7479;
	1671.3868 1135.7164 1918.8241 600.8 976.507 1400.5164 1070.0279 360.0005 674.9326 5800.5925 1719.3733;
	1722.0857 1165.2399 1959.8962 599.9 989.2703 1470.2581 1134.687 384.7796 703.8422 5881.276 2122.4598;
	1728.7601 1172.2649 1912.9826 595.7 967.4288 1444.9825 1148.7475 381.4 700.5828 5999.1356 2255.8705;
	1709.0766 1111.9 1876.9563 577.9775 943.0761 1377.9602 1112.2269 373.1778 653.8154 5778.5729 2055.1206;
	1598.7875 1020.1946 1733.9563 574.5 863.5388 1252.9429 1021.4473 331.4 620.6854 5284.5575 1859.8042;
	1518.7115 944.7404 1633.2 565.4036 826.3069 1189.2389 947.2315 307.7963 561.0807 4943.8987 1637.9771;
	1475.3435 913.8671 1625.3016 560.3658 814.3281 1107.945 895.3665 279.8979 498.0 4601.0363 1419.9745;
	1428.3426 881.6388 1608.5 549.9393 778.9 1100.942 872.6385 263.4 502.8693 4480.0724 1570.8358;
];
