function solarprofile = ex_solar_profilesh1
%EX_WIND_PROFILE_D  Example wind_load_nyiso profile data for deterministic unit commitment.
% 2022.03.12
% Andres F. Ramirez


%% define constants
[GEN_BUS, PG, QG, QMAX, QMIN, VG, MBASE, GEN_STATUS, PMAX, PMIN, ...
    MU_PMAX, MU_PMIN, MU_QMAX, MU_QMIN, PC1, PC2, QC1MIN, QC1MAX, ...
    QC2MIN, QC2MAX, RAMP_AGC, RAMP_10, RAMP_30, RAMP_Q, APF] = idx_gen;
[CT_LABEL, CT_PROB, CT_TABLE, CT_TBUS, CT_TGEN, CT_TBRCH, CT_TAREABUS, ...
    CT_TAREAGEN, CT_TAREABRCH, CT_ROW, CT_COL, CT_CHGTYPE, CT_REP, ...
    CT_REL, CT_ADD, CT_NEWVAL, CT_TLOAD, CT_TAREALOAD, CT_LOAD_ALL_PQ, ...
    CT_LOAD_FIX_PQ, CT_LOAD_DIS_PQ, CT_LOAD_ALL_P, CT_LOAD_FIX_P, ...
    CT_LOAD_DIS_P, CT_TGENCOST, CT_TAREAGENCOST, CT_MODCOST_F, ...
    CT_MODCOST_X] = idx_ct;

solarprofile = struct( ...
    'type', 'mpcData', ...
    'table', CT_TGEN, ...
    'rows', [1:12], ...
    'col', PMAX, ...
    'chgtype', 1, ...
    'values', [] );
solarprofile.values(:,1,:) = [
	0.0 0.0 0.0 0.0 0.0 0.0 0.0 0.0 0.0 0.0 0.0 0.0;
	0.0 0.0 0.0 0.0 0.0 0.0 0.0 0.0 0.0 0.0 0.0 0.0;
	0.0 0.0 0.0 0.0 0.0 0.0 0.0 0.0 0.0 0.0 0.0 0.0;
	0.0 0.0 0.0 0.0 0.0 0.0 0.0 0.0 0.0 0.0 0.0 0.0;
	0.0 0.0 0.0 0.0 0.0 0.0 0.0 0.0 0.0 0.0 0.0 0.0;
	0.4784 0.4018 0.4224 0.0 0.0 0.0 0.0 0.2 0.6659 0.0 0.0 0.0;
	8.8656 6.9865 4.966 0.7214 0.6234 271.1287 33.8911 49.0012 182.7351 16.1847 2.726 29.3106;
	16.9263 13.9292 10.203 2.4809 0.3501 429.2124 53.6516 75.0191 256.5011 27.1843 11.1797 49.2309;
	22.2673 16.6165 13.8 5.9815 0.4393 445.0732 55.6341 77.2454 265.0303 25.4513 18.8701 46.0924;
	25.0183 17.2022 13.8963 4.2651 0.8603 366.6768 45.8346 69.6384 150.6932 19.4097 30.0127 35.1511;
	25.6737 17.3368 14.0148 5.9391 1.7805 382.5376 47.8172 72.0855 175.5363 14.2746 16.9855 25.8514;
	25.466 17.2367 13.8647 6.407 2.5746 365.5461 45.6933 72.3527 190.0347 14.4946 14.2045 26.2499;
	15.8308 14.9505 10.5846 3.0952 3.0964 158.0618 19.7577 46.2443 105.5555 33.9378 32.4762 61.4616;
	14.6005 11.5793 9.2994 1.7222 2.4438 124.991 15.6239 32.7043 75.3883 51.611 39.992 93.4679;
	10.1378 7.7776 7.345 0.9269 1.5816 117.276 14.6595 23.8599 46.8461 52.1583 31.3063 94.459;
	5.6671 3.9928 6.1339 0.2792 0.0 76.0806 9.5101 15.4933 10.8852 14.6421 1.799 26.5169;
	0.5164 0.5261 0.4923 0.346 0.1589 24.2646 3.0331 6.2141 7.8138 6.2549 0.0 11.3277;
	0.0 0.0 0.0 0.0 0.0 0.0 0.0 0.0 0.0 0.0 0.0 0.0;
	0.0 0.0 0.0 0.0 0.0 0.0 0.0 0.0 0.0 0.0 0.0 0.0;
	0.0 0.0 0.0 0.0 0.0 0.0 0.0 0.0 0.0 0.0 0.0 0.0;
	0.0 0.0 0.0 0.0 0.0 0.0 0.0 0.0 0.0 0.0 0.0 0.0;
	0.0 0.0 0.0 0.0 0.0 0.0 0.0 0.0 0.0 0.0 0.0 0.0;
	0.0 0.0 0.0 0.0 0.0 0.0 0.0 0.0 0.0 0.0 0.0 0.0;
	0.0 0.0 0.0 0.0 0.0 0.0 0.0 0.0 0.0 0.0 0.0 0.0;
];
