function windprofile = ex_wind_profilesh1
%EX_WIND_PROFILE_D  Example wind_load_nyiso profile data for deterministic unit commitment.
% 2022.03.12
% Andres F. Ramirez


%% define constants
[GEN_BUS, PG, QG, QMAX, QMIN, VG, MBASE, GEN_STATUS, PMAX, PMIN, ...
    MU_PMAX, MU_PMIN, MU_QMAX, MU_QMIN, PC1, PC2, QC1MIN, QC1MAX, ...
    QC2MIN, QC2MAX, RAMP_AGC, RAMP_10, RAMP_30, RAMP_Q, APF] = idx_gen;
[CT_LABEL, CT_PROB, CT_TABLE, CT_TBUS, CT_TGEN, CT_TBRCH, CT_TAREABUS, ...
    CT_TAREAGEN, CT_TAREABRCH, CT_ROW, CT_COL, CT_CHGTYPE, CT_REP, ...
    CT_REL, CT_ADD, CT_NEWVAL, CT_TLOAD, CT_TAREALOAD, CT_LOAD_ALL_PQ, ...
    CT_LOAD_FIX_PQ, CT_LOAD_DIS_PQ, CT_LOAD_ALL_P, CT_LOAD_FIX_P, ...
    CT_LOAD_DIS_P, CT_TGENCOST, CT_TAREAGENCOST, CT_MODCOST_F, ...
    CT_MODCOST_X] = idx_ct;

windprofile = struct( ...
    'type', 'mpcData', ...
    'table', CT_TGEN, ...
    'rows', [1:45], ...
    'col', PMAX, ...
    'chgtype', 1, ...
    'values', [] );
windprofile.values(:,1,:) = [
	0.6862 9.2725 55.1945 64.064 7.4433 15.417 1.0326 6.5681 0.0 14.9153 27.5707 41.1301 61.9211 0.1225 153.2243 57.7264 71.6234 75.8995 78.1738 71.9833 0.3442 35.9731 56.7488 68.7337 45.4518 43.4093 3.7546 171.0749 327.8726 327.8726 231.3903 49.7532 260.5792 185.2851 0.3839 139.8923 408.1329 91.0373 1.0222 121.7458 52.2663 171.0265 0.0175 61.6867 412.3843;
	0.4806 6.4944 51.2858 63.6293 6.3939 21.9834 5.3698 9.9238 0.1074 7.618 14.0817 21.0071 31.6261 0.0003 113.0674 42.5975 52.8524 56.0078 70.6752 68.9085 1.7899 51.2947 2.4497 67.9201 47.2973 41.5216 5.7846 104.8773 225.8615 225.8615 157.6959 32.0807 235.5841 177.3706 0.0009 96.3676 320.4494 93.4564 22.1824 126.6892 71.0314 243.8696 9.2061 80.4223 323.7874;
	0.3136 4.2378 59.925 67.1559 5.7216 29.257 0.9442 9.8338 0.0 5.3273 9.8474 14.6903 22.1162 0.0219 77.9956 29.3844 36.4584 38.635 61.4828 69.1375 0.3147 68.2663 0.7139 69.4467 41.3635 48.7142 5.6031 62.2295 75.2299 75.2299 101.4523 16.9802 204.9427 177.9601 0.0687 32.0981 195.386 14.7851 8.3694 110.7951 66.1427 324.5574 20.6187 89.0273 197.4213;
	0.3304 4.4639 61.7208 70.6833 7.2777 18.0146 0.0 12.3343 0.0 10.3131 19.0635 28.439 42.8148 0.0 77.0092 29.0128 35.9973 38.1464 45.5632 66.3182 0.0 42.034 42.3786 71.8524 51.2288 54.5699 6.6587 14.4449 6.8571 6.8571 41.2563 17.4306 151.8773 170.7033 0.0 2.9257 52.6644 2.9871 0.0 137.2201 62.8205 199.8415 9.5848 123.7238 53.213;
	0.4091 5.5272 72.9165 71.1427 9.4087 3.5408 0.0 13.0443 0.0 12.7751 23.6146 35.2283 53.036 0.2917 122.5566 46.1725 57.2881 60.7083 57.2263 68.0867 0.0 8.2619 38.6377 76.7717 67.5198 61.9818 7.4742 50.1685 1.4958 1.4958 13.2482 11.3647 190.7542 175.2554 0.9145 0.6382 39.0554 5.9429 17.8155 180.8566 65.5416 39.2795 1.5849 143.9539 39.4622;
	0.3552 4.7992 70.4334 56.6389 9.447 3.9967 0.0 12.3003 0.0 7.4812 13.8289 20.63 31.0584 0.0 134.5294 50.6832 62.8847 66.639 80.0093 66.99 0.0 9.3256 29.9935 71.387 51.3934 60.6849 7.6321 50.8078 1.4856 1.4856 1.2912 10.3587 266.6976 172.4324 0.0 0.6339 51.2565 0.4282 0.1886 137.6608 55.1255 44.3364 24.1663 137.7196 51.7905;
	0.5002 6.7581 54.1081 41.9719 9.4613 3.7759 3.6887 7.7575 2.0933 7.0214 12.979 19.3621 29.1496 0.0168 122.4481 46.1316 57.2374 60.6545 69.3511 69.7409 1.2296 8.8103 23.5717 56.8878 34.1053 55.7908 4.0595 60.8689 17.7001 17.7001 2.21 10.1115 231.1702 179.5133 0.0527 7.552 73.3703 2.4231 39.8444 91.3535 24.9996 41.8868 33.4155 143.743 74.1346;
	0.5645 7.6278 28.174 26.2538 4.0287 4.5642 4.4185 6.3502 1.9084 4.5063 8.3298 12.4264 18.7078 0.5696 55.4592 20.8939 25.924 27.4717 20.9208 42.4766 1.4728 10.6498 10.731 30.6426 27.0537 52.753 3.5905 15.4586 7.6411 7.6411 0.6324 0.9792 69.7361 109.3349 1.7857 3.2602 27.0008 2.49 0.0015 72.4652 4.2002 50.6322 39.4381 106.4384 27.2821;
	0.6275 8.4792 12.7257 22.2723 3.5094 10.5071 0.5845 4.9236 0.0978 0.437 0.8079 1.2052 1.8144 0.1726 9.239 3.4807 4.3187 4.5765 12.7478 16.3036 0.1948 24.5165 3.7065 27.6439 27.3012 40.6942 1.929 0.0 0.3936 0.3936 0.0 0.0125 42.4927 41.9654 0.5412 0.1679 0.0003 0.1228 0.0 73.1283 0.0 116.5583 28.9003 73.3057 0.0003;
	0.6518 8.8068 27.0801 25.6377 7.6506 25.9917 8.6508 4.0114 4.472 7.0614 13.0529 19.4723 29.3155 2.1825 8.8697 3.3416 4.1461 4.3936 3.3168 13.8499 2.8836 60.6474 9.7266 31.893 28.4864 36.8905 2.3426 22.5792 33.8385 33.8385 0.2824 2.7372 11.0559 35.6498 6.8423 14.4378 2.9602 2.1187 60.101 76.3029 0.8541 288.3351 54.3886 83.0322 2.991;
	0.9114 12.3155 41.4463 18.9216 12.1084 23.9418 27.222 3.585 22.9978 10.7421 19.8566 29.6222 44.5961 0.7128 15.183 5.7201 7.0972 7.5209 1.6455 11.0963 9.074 55.8641 27.0577 38.8264 43.372 48.792 1.2364 88.5712 72.5389 72.5389 4.4641 2.5633 5.4849 28.5618 2.2348 30.9499 81.7784 0.6027 195.5194 116.1749 26.6624 265.5939 62.1084 90.228 82.6302;
	1.5685 21.1939 58.915 4.2959 14.0294 9.4876 22.4711 0.1298 4.29 12.3306 22.7929 34.0025 51.1906 2.8922 8.3691 3.153 3.9121 4.1456 0.3806 10.0676 7.4904 22.1377 44.81 47.1673 0.6541 43.6803 0.0148 164.0446 114.3864 114.3864 13.8981 4.9174 1.2686 25.9141 9.0674 48.8049 131.7529 3.6002 202.9564 1.752 1.6056 105.249 12.3627 124.3737 133.1253;
	2.331 31.4971 75.9892 7.3652 14.6761 23.431 25.024 1.5636 4.6521 25.5486 47.2262 70.4523 106.0655 3.9102 6.3363 2.3871 2.9618 3.1387 3.4934 10.5328 8.3413 54.6723 24.2215 54.2698 66.7457 48.5757 0.8363 219.335 168.0026 168.0026 10.0538 3.3776 11.6448 27.1114 12.259 71.6811 169.2533 0.5676 119.6646 178.7831 3.6863 259.9276 113.7396 170.9391 171.0163;
	1.9675 26.5858 0.8992 6.9482 14.9671 22.6623 15.1687 0.6725 2.7435 11.0389 20.4052 30.4406 45.8281 9.9462 37.3719 14.0797 17.4692 18.5121 5.2448 9.8563 5.0562 52.8787 45.0331 0.0197 11.7231 32.3941 0.1364 204.3814 216.2298 216.2298 13.7307 5.9911 17.4827 25.3701 31.1828 92.258 206.0485 9.8537 94.7225 31.4011 6.2142 251.4007 90.9883 139.4146 208.1948;
	2.3361 31.5654 4.6044 5.2777 11.8109 12.5534 4.5307 3.1697 6.1483 14.5602 26.9143 40.1508 60.4469 0.7721 0.0547 0.0206 0.0256 0.0271 0.0832 11.8328 1.5102 29.2914 30.0124 6.8604 34.7688 26.9907 1.2241 265.818 256.9311 256.9311 86.8622 8.3221 0.2772 30.4576 2.4207 109.6239 263.016 12.5378 7.1549 93.1307 13.1209 139.2596 89.4666 110.6384 265.7558;
	3.347 45.2258 86.6333 47.7211 14.7445 19.5957 15.7575 5.4695 7.7075 22.355 41.3229 61.6456 92.8072 2.9472 8.6092 3.2435 4.0243 4.2645 8.9411 21.8262 5.2525 45.7233 49.2152 6.0991 18.6832 10.4914 0.8802 403.4216 291.3083 291.3083 182.4686 14.7609 29.8037 56.1807 9.24 124.2915 336.0655 44.3498 88.0888 50.0443 8.9228 217.3815 41.349 186.2351 339.5662;
	3.5457 47.9107 9.3194 31.3005 15.2529 15.8358 2.5546 7.4379 1.5233 24.0119 44.3856 66.2146 99.6857 1.3336 0.6439 0.2426 0.301 0.3189 2.3776 0.2899 0.8515 36.9501 5.3922 5.3583 17.087 7.5585 1.3152 389.4801 380.0004 380.0004 200.3598 26.5921 7.9252 0.7462 4.181 162.1335 468.7197 77.3161 65.5667 45.7687 34.2886 175.6714 145.3761 224.2958 473.6022;
	2.873 38.821 7.8988 9.5021 15.144 20.308 9.8294 0.7214 6.4682 26.4971 48.9795 73.0678 110.0032 2.782 2.1207 0.799 0.9913 1.0505 5.4295 0.5392 3.2765 47.3852 17.7043 5.9611 9.9469 13.0195 0.1818 542.2034 498.6713 498.6713 339.8899 35.8607 18.0983 1.3878 8.7219 212.7664 557.1001 105.9942 80.5684 26.6434 18.5188 225.283 119.7201 228.1775 562.9032;
	3.2239 43.5613 86.0384 4.1024 15.2062 27.81 10.3399 0.1881 0.8828 9.9509 18.3942 27.4405 41.3115 7.0793 4.7331 1.7832 2.2124 2.3445 0.2625 38.5368 3.4466 64.89 30.494 0.0056 4.8693 58.9415 0.0 764.4196 490.8908 490.8908 385.159 46.2621 0.875 99.1938 22.1946 209.4468 622.6696 84.3023 139.9181 13.0428 0.2607 308.5055 120.1143 214.5517 629.1557;
	3.1671 42.7948 10.3363 10.821 15.0142 6.0273 20.1878 1.3291 26.1755 22.2003 41.0369 61.219 92.1649 6.8637 0.0 0.0 0.0 0.0 0.0037 18.2566 6.7293 14.0637 59.14 3.6271 13.5799 53.1294 0.2249 727.5794 455.6977 455.6977 360.7444 44.3598 0.0122 46.9927 21.5187 194.431 549.458 86.6239 93.6437 36.3747 3.56 66.8629 107.1055 173.6674 555.1815;
