function windprofile = ex_wind_profilesh1
%EX_WIND_PROFILE_D  Example wind_load_nyiso profile data for deterministic unit commitment.
% 2022.03.12
% Andres F. Ramirez


%% define constants
[GEN_BUS, PG, QG, QMAX, QMIN, VG, MBASE, GEN_STATUS, PMAX, PMIN, ...
    MU_PMAX, MU_PMIN, MU_QMAX, MU_QMIN, PC1, PC2, QC1MIN, QC1MAX, ...
    QC2MIN, QC2MAX, RAMP_AGC, RAMP_10, RAMP_30, RAMP_Q, APF] = idx_gen;
[CT_LABEL, CT_PROB, CT_TABLE, CT_TBUS, CT_TGEN, CT_TBRCH, CT_TAREABUS, ...
    CT_TAREAGEN, CT_TAREABRCH, CT_ROW, CT_COL, CT_CHGTYPE, CT_REP, ...
    CT_REL, CT_ADD, CT_NEWVAL, CT_TLOAD, CT_TAREALOAD, CT_LOAD_ALL_PQ, ...
    CT_LOAD_FIX_PQ, CT_LOAD_DIS_PQ, CT_LOAD_ALL_P, CT_LOAD_FIX_P, ...
    CT_LOAD_DIS_P, CT_TGENCOST, CT_TAREAGENCOST, CT_MODCOST_F, ...
    CT_MODCOST_X] = idx_ct;

windprofile = struct( ...
    'type', 'mpcData', ...
    'table', CT_TGEN, ...
    'rows', [1:45], ...
    'col', PMAX, ...
    'chgtype', 1, ...
    'values', [] );
windprofile.values(:,1,:) = [
	0.7137 9.6432 53.4722 61.9127 7.6343 1.1075 0.0168 7.7443 2.0957 20.9607 38.7455 57.8007 87.0187 4.5958 141.6216 53.3551 66.1999 70.1521 69.5569 67.6631 0.0056 2.5842 56.6516 74.8876 49.2914 37.034 3.81 207.1865 321.6012 321.6012 211.9258 45.06 231.8563 174.1651 14.4084 137.2165 397.7941 82.1631 3.7066 132.0304 70.8163 12.2862 7.2236 61.6811 401.9377;
	0.449 6.0675 49.9113 60.9602 7.2651 1.4864 0.6574 9.4174 12.2161 13.6942 25.3135 37.7627 56.8516 6.1761 123.0641 46.3637 57.5253 60.9597 67.7419 69.3265 0.2191 3.4683 30.5504 71.4751 50.7535 42.4994 5.0556 132.4431 217.1442 217.1442 137.7193 28.0267 225.8062 178.4466 19.3629 92.6482 295.4592 82.967 19.9849 135.9468 79.3179 16.4891 13.6217 71.8779 298.5369;
	0.303 4.0936 57.2436 65.4884 6.2577 0.0 1.6218 8.7741 25.876 11.2285 20.7556 30.9633 46.6151 6.3264 83.1601 31.3301 38.8725 41.1933 58.5536 67.2207 0.5406 0.0 17.7885 75.6162 50.9001 46.4872 5.077 26.2189 62.7426 62.7426 38.995 17.0122 195.1787 173.0262 19.8342 26.7702 170.855 5.8619 45.2232 136.3395 73.6687 0.0 16.1529 87.3682 172.6348;
	0.3415 4.6147 64.1682 72.4368 7.8151 0.0 0.1153 11.1509 19.662 17.1394 31.682 47.2633 71.1547 8.3483 96.3375 36.2946 45.0322 47.7207 32.6135 67.2364 0.0384 0.0 41.8311 73.9664 51.0807 57.8959 5.7034 24.9664 12.8545 12.8545 32.4738 18.4733 108.7117 173.0667 26.1731 5.4846 17.7122 3.8224 4.3763 136.8233 66.8215 0.0 2.209 117.3186 17.8967;
	0.4848 6.5507 78.8982 76.384 9.2747 0.0 1.9279 13.0034 14.5167 17.1538 31.7085 47.3028 71.2141 27.0528 131.5515 49.5613 61.4927 65.1639 46.6346 68.0843 0.6426 0.0 44.7506 78.7828 71.9744 63.4973 6.9226 16.6512 27.2704 27.2704 9.322 9.2485 155.4485 175.2491 84.8141 11.6354 14.1294 2.5025 0.3497 192.7887 67.5108 0.0 11.7556 127.7008 14.2766;
	0.4544 6.1393 76.6376 59.7497 9.0769 3.1448 0.3731 11.0151 2.9337 9.7268 17.9798 26.8223 40.3808 5.4008 148.4374 55.9229 69.3859 73.5283 70.9994 67.2243 0.1244 7.3379 31.1578 76.0191 51.3935 64.8806 4.3742 30.0765 5.2813 5.2813 0.3149 9.4605 236.6646 173.0354 16.9323 2.2534 11.3866 0.3319 0.0 137.6613 49.287 34.8866 22.1303 115.5158 11.5052;
	0.4054 5.4785 54.3498 35.9384 8.8848 1.951 3.2279 6.974 2.3717 7.7566 14.3379 21.3894 32.2016 2.2015 121.987 45.9579 57.0218 60.4261 62.9847 67.5057 1.076 4.5524 18.7634 55.9454 31.587 62.4634 3.1398 26.226 0.0731 0.0731 0.1553 2.4744 209.9492 173.7599 6.9021 0.0312 0.0 2.0078 0.0 84.608 26.2045 21.6433 30.3534 57.621 0.0;
	0.4928 6.6591 34.718 27.2158 3.7282 2.4629 4.411 6.8901 3.706 4.9399 9.1314 13.6223 20.5083 2.2718 64.5096 24.3036 30.1545 31.9547 16.9498 48.7187 1.4703 5.7468 8.8329 38.6114 32.4802 61.3543 4.1168 75.8349 25.9488 25.9488 30.1438 3.8805 56.4994 125.402 7.1225 11.0715 20.3475 17.7946 0.0061 87.0006 9.9627 27.3217 0.9668 93.2129 20.5594;
	0.4809 6.4982 26.6274 24.4645 3.288 0.0 5.4939 4.9151 17.7352 2.3479 4.3401 6.4746 9.7474 6.381 17.3323 6.5299 8.1019 8.5855 2.01 16.2856 1.8313 0.0 3.4844 35.1419 24.3338 52.4024 3.7979 0.6959 21.7442 21.7442 12.2209 3.4882 6.7001 41.9191 20.0054 9.2775 5.9314 18.5961 2.0803 65.1797 11.7875 0.0 0.0 47.287 5.9932;
	0.4321 5.8387 27.4427 21.2636 5.4876 0.0 0.5111 1.1749 6.1869 0.1236 0.2285 0.3408 0.5131 1.7577 5.6989 2.147 2.6639 2.8229 0.0361 11.2827 0.1704 0.0 6.24 27.4799 13.4203 43.8875 1.7576 24.1353 22.038 22.038 0.0993 2.1256 0.1204 29.0418 5.5107 9.4029 0.0517 6.8154 0.0 35.9473 17.7488 0.0 30.8877 75.7254 0.0522;
	0.7326 9.8984 36.0931 0.0 9.6156 0.0 0.0177 1.0286 0.9096 0.0 0.0 0.0 0.0 2.2859 0.0623 0.0235 0.0291 0.0309 2.7941 6.1977 0.0059 0.0 2.2924 38.085 9.8834 47.8854 0.4877 49.2159 66.8136 66.8136 0.9907 3.3684 9.3137 15.953 7.1665 28.5071 49.29 13.3965 0.0 26.4733 1.4085 0.0 0.0 80.451 49.8035;
	1.5297 20.67 60.049 0.1502 13.2698 0.0396 0.4136 0.0 7.2678 0.0 0.0 0.0 0.0 1.4263 4.2245 1.5916 1.9747 2.0926 0.8654 7.2239 0.1379 0.0923 24.4532 52.8645 0.0 48.3247 0.0 144.4503 107.8727 107.8727 89.8584 9.0005 2.8846 18.5944 4.4717 46.0257 115.6198 39.241 14.1201 0.0 0.3311 0.439 0.1085 131.3986 116.8242;
	2.148 29.0236 73.6298 0.0 12.9025 0.037 0.6704 0.0 1.5408 13.6227 25.1813 37.5656 56.5548 3.7977 0.0 0.0 0.0 0.0 0.0 7.7098 0.2235 0.0863 1.6782 59.6631 52.8415 46.8409 0.0 238.6334 169.7927 169.7927 33.1452 6.7092 0.0 19.845 11.9062 72.4449 189.168 4.5458 0.0 141.5397 0.0 0.4105 104.6311 157.3318 191.1385;
	1.7119 23.1322 0.0 0.0 12.9674 16.4336 0.1772 0.0 14.4342 0.0031 0.0058 0.0086 0.013 4.1471 0.0899 0.0339 0.042 0.0445 0.2216 9.4768 0.0591 38.345 20.6732 0.0 0.0 25.6844 0.0 219.7756 218.2086 218.2086 26.3547 5.9015 0.7387 24.3933 13.0016 93.1023 209.7253 15.4048 0.0 0.0 0.0 182.3029 79.4546 118.8156 211.91;
	2.1925 29.6254 1.0042 2.9061 8.4529 0.7529 4.0146 0.2887 25.36 0.0 0.0 0.0 0.0 11.7862 0.1485 0.0559 0.0694 0.0736 0.3185 1.256 1.3382 1.7567 1.194 0.5337 0.155 1.7754 0.0 302.278 271.5967 271.5967 108.9437 7.4202 1.0618 3.233 36.9514 115.8813 274.6947 24.5024 33.2465 0.4152 0.0293 8.3518 83.2882 95.7214 277.5561;
	3.0113 40.6886 76.8681 0.0004 11.3231 0.7011 1.3467 0.0003 5.5548 0.0069 0.0127 0.0189 0.0284 8.4489 0.1648 0.0621 0.077 0.0816 0.0004 2.6115 0.4489 1.636 23.1677 0.0 0.0 0.1486 0.0 422.6813 269.6146 269.6146 176.2877 12.0309 0.0014 6.722 26.4886 115.0356 317.5917 45.7782 0.4502 0.0 0.2626 7.7778 1.7796 154.7272 320.8999;
	3.0951 41.8211 0.0608 0.2006 13.0526 0.0828 1.1312 0.0474 11.5879 1.8988 3.5099 5.2361 7.8829 10.4396 22.3673 8.4267 10.4554 11.0796 0.032 38.4832 0.3771 0.1932 0.1185 0.0 0.0 1.1996 0.0 345.3771 314.9321 314.9321 174.3439 22.3769 0.1065 99.0559 32.7296 134.371 407.8589 72.5166 23.3943 0.0 3.6826 0.9187 131.1052 201.6512 412.1075;
	2.5725 34.7602 3.9153 3.2987 13.246 18.7861 0.309 0.0 7.8903 14.8438 27.4386 40.933 61.6245 0.4248 14.5436 5.4792 6.7983 7.2042 0.0 16.8789 0.103 43.8341 14.2246 0.0 0.0 0.3513 0.0 475.446 413.3676 413.3676 303.1795 29.0967 0.0 43.4464 1.3318 176.3702 457.0191 89.5229 10.0181 0.0 1.013 208.4 114.2609 214.0455 461.7797;
	3.1728 42.871 88.5686 69.1229 14.7602 27.5755 3.4935 0.0154 25.0804 9.8285 18.1679 27.1029 40.8032 8.3863 42.6842 16.081 19.9524 21.1435 0.0 44.6499 1.1645 64.3428 27.5307 3.1437 2.5304 60.3474 0.0 758.6727 428.3701 428.3701 320.1922 41.954 0.0 114.9289 26.2922 182.7712 589.7368 70.358 263.7517 6.7779 3.1856 305.904 116.739 207.1318 595.8799;
	2.9571 39.9567 5.1954 33.3755 14.0673 2.7585 17.6171 0.0 27.0095 23.2191 42.9202 64.0285 96.3946 3.3531 0.2598 0.0979 0.1214 0.1287 0.0 18.8458 5.8724 6.4365 54.259 0.0 0.0 49.7267 0.0 675.3917 375.1706 375.1706 283.5918 37.0695 0.0 48.509 10.5125 160.0728 496.0521 62.147 77.6721 0.0 0.3548 30.6008 110.6913 165.4075 501.2193;
	3.0566 41.301 73.9087 0.0 12.3729 0.6809 0.236 0.0 27.6164 24.3229 44.9605 67.0723 100.9769 3.5973 16.4911 6.2129 7.7086 8.1689 0.0 28.5262 0.0787 1.5888 69.7811 54.6749 0.0 53.2571 0.0 559.7073 336.6668 336.6668 211.8318 51.7763 0.0 73.4265 11.2781 143.6445 510.7268 63.1379 24.261 0.0 0.0 7.5538 101.4753 152.5958 516.0468;
