function windprofile = ex_wind_profilesh1
%EX_WIND_PROFILE_D  Example wind_load_nyiso profile data for deterministic unit commitment.
% 2022.03.12
% Andres F. Ramirez


%% define constants
[GEN_BUS, PG, QG, QMAX, QMIN, VG, MBASE, GEN_STATUS, PMAX, PMIN, ...
    MU_PMAX, MU_PMIN, MU_QMAX, MU_QMIN, PC1, PC2, QC1MIN, QC1MAX, ...
    QC2MIN, QC2MAX, RAMP_AGC, RAMP_10, RAMP_30, RAMP_Q, APF] = idx_gen;
[CT_LABEL, CT_PROB, CT_TABLE, CT_TBUS, CT_TGEN, CT_TBRCH, CT_TAREABUS, ...
    CT_TAREAGEN, CT_TAREABRCH, CT_ROW, CT_COL, CT_CHGTYPE, CT_REP, ...
    CT_REL, CT_ADD, CT_NEWVAL, CT_TLOAD, CT_TAREALOAD, CT_LOAD_ALL_PQ, ...
    CT_LOAD_FIX_PQ, CT_LOAD_DIS_PQ, CT_LOAD_ALL_P, CT_LOAD_FIX_P, ...
    CT_LOAD_DIS_P, CT_TGENCOST, CT_TAREAGENCOST, CT_MODCOST_F, ...
    CT_MODCOST_X] = idx_ct;

windprofile = struct( ...
    'type', 'mpcData', ...
    'table', CT_TGEN, ...
    'rows', [1:45], ...
    'col', PMAX, ...
    'chgtype', 1, ...
    'values', [] );
windprofile.values(:,1,:) = [
	0.741 10.0129 54.0421 61.8752 7.4701 1.6 3.7823 6.4185 4.4357 9.8618 18.2295 27.1948 40.9416 18.8347 140.5354 52.9459 65.6921 69.6141 77.6242 67.1307 1.2608 3.7334 66.249 69.263 43.7221 40.2195 4.1 188.1567 352.3437 352.3437 227.6505 39.3482 258.7475 172.7946 59.0493 150.3333 411.118 93.4404 188.7396 117.1129 56.0732 17.7495 6.2081 55.4767 415.4005;
	0.5446 7.3594 51.3843 62.682 7.2039 5.7726 3.0535 9.54 3.6984 10.0841 18.6403 27.8077 41.8643 12.3278 128.1235 48.2698 59.8903 63.4658 74.7953 71.9211 1.0178 13.4694 36.5887 74.6231 50.5387 45.3307 5.5415 116.5917 251.572 251.572 151.0436 26.1246 249.3178 185.1251 38.6493 107.3374 330.2301 88.0253 214.7304 135.3716 82.9934 64.0372 22.6626 85.4373 333.67;
	0.3309 4.4706 56.2898 61.3285 6.0012 4.3822 3.3135 9.8841 3.6924 9.5357 17.6265 26.2953 39.5875 14.8983 89.9209 33.8772 42.0328 44.5422 64.5548 71.2953 1.1045 10.2251 27.5365 74.5924 49.8829 49.1092 5.6312 20.954 246.3374 246.3374 15.9483 13.4239 215.1826 183.5142 46.7081 105.104 195.9925 3.0501 61.5531 133.6149 71.0218 48.6132 24.0063 92.9848 198.0341;
	0.3685 4.9794 63.7697 67.7611 7.5534 2.9388 0.8325 11.497 0.4556 10.6374 19.6631 29.3335 44.1615 4.8053 96.9858 36.5388 45.3352 48.0418 46.3156 69.2847 0.2775 6.8571 42.4321 74.6793 55.279 56.8632 5.6784 12.0913 228.1317 228.1317 12.8629 13.4911 154.3855 178.339 15.0653 97.3362 72.6045 0.6363 10.1995 148.0687 66.3167 32.6007 19.656 117.7684 73.3608;
	0.4485 6.0595 78.6449 71.9248 9.4414 9.2331 2.2653 12.5547 0.0 14.1824 26.216 39.1091 58.8785 15.1838 129.508 48.7914 60.5375 64.1516 56.54 67.7955 0.7551 21.5439 41.6764 75.8849 74.5515 62.5244 7.5382 38.6901 541.6238 541.6238 44.4264 5.6398 188.4668 174.5058 47.6032 231.0928 144.036 5.1102 61.1779 199.6916 69.1945 102.4261 26.3127 142.12 145.5364;
	0.4847 6.5489 74.3432 57.9135 9.5393 4.6899 2.0707 9.691 0.0 8.3196 15.3786 22.9419 34.5389 12.8102 150.905 56.8526 70.5393 74.7506 83.7064 68.0847 0.6902 10.9432 32.8983 67.3036 48.1142 60.6798 5.402 16.9508 298.501 298.501 64.853 6.8321 279.0213 175.2501 40.1618 127.3604 46.2927 23.4087 17.9775 128.8773 54.7069 52.027 26.1287 133.7426 46.7749;
	0.5208 7.0367 59.7155 43.421 10.1196 4.989 3.9141 7.81 2.0427 6.8531 12.6678 18.8978 28.4506 6.545 124.8846 47.0495 58.3763 61.8614 67.5469 66.3047 1.3047 11.641 23.911 58.2676 37.6755 61.1485 3.6121 20.3862 246.6853 246.6853 52.2693 1.7826 225.1565 170.6685 20.5196 105.2524 23.1392 23.5041 26.1327 100.9165 29.483 55.3449 34.6643 136.7547 23.3802;
	0.5775 7.8033 36.43 29.7348 4.0284 6.3139 5.0798 6.7608 2.186 4.6503 8.596 12.8235 19.3058 6.9422 74.6039 28.1066 34.873 36.955 21.7583 46.0472 1.6933 14.7324 11.5372 35.4944 34.1287 57.1453 3.6613 43.1543 617.0549 617.0549 164.3011 1.7698 72.5275 118.5257 21.7646 263.2768 263.3294 16.4106 118.8108 91.4161 10.6849 70.0419 67.9238 107.4184 266.0725;
	0.6578 8.8879 26.3684 26.2447 3.7173 23.1923 10.9831 5.6927 14.9652 5.298 9.7934 14.6098 21.9949 5.2392 22.2537 8.3839 10.4023 11.0233 20.0741 16.1435 3.661 54.1153 6.5294 35.5992 29.6316 55.4264 3.4821 126.2108 614.9516 614.9516 264.8116 0.6587 66.9137 41.5533 16.4257 262.3794 499.5636 37.2318 241.9228 79.3704 10.4852 257.2795 48.4676 78.8619 504.7674;
	0.7861 10.6218 31.6717 29.9837 7.993 28.1351 12.8739 5.2778 15.6027 2.6459 4.8909 7.2962 10.9844 17.0754 13.6693 5.1498 6.3896 6.7711 13.2027 10.2454 4.2913 65.6486 10.3565 38.5127 33.1576 51.7799 3.1165 78.4299 361.0949 361.0949 90.9099 0.4596 44.0089 26.3717 53.5337 154.0671 119.4698 17.3467 345.7551 88.815 42.2875 312.1123 55.6074 97.0078 120.7143;
	0.9947 13.4411 46.7041 98.7595 11.7214 19.2918 22.6421 4.5762 26.013 8.616 15.9265 23.7592 35.7694 13.5353 88.1261 33.201 41.1938 43.6532 55.7849 9.7312 7.5474 45.0143 31.523 47.6844 51.2709 54.9319 1.3998 88.114 88.1795 88.1795 39.8333 0.8637 185.9495 25.0482 42.4349 37.6232 172.0319 14.9082 317.5382 137.3328 67.177 214.0108 51.9453 101.0684 173.8239;
	1.8586 25.1144 65.9625 51.8407 13.9675 14.7179 5.3362 2.8377 12.8017 7.3591 13.6032 20.2933 30.5514 10.1612 54.6634 20.5941 25.552 27.0775 64.9267 10.4401 1.7787 34.3419 52.4536 62.6019 50.5679 49.1415 0.261 148.8562 111.2006 111.2006 8.4788 1.8432 216.4222 26.8728 31.8567 47.4456 134.9038 3.4769 166.6247 135.4497 36.0848 163.271 21.3144 133.9747 136.309;
	2.4556 33.1806 82.4588 23.2937 14.7259 12.2116 12.9566 1.7893 14.168 24.6775 45.616 68.05 102.4489 10.216 136.147 51.2926 63.6408 67.4403 73.9978 11.6128 4.3189 28.4938 33.2087 72.2806 74.413 50.2753 0.0635 238.9709 180.8061 180.8061 6.1101 3.2054 246.6595 29.8914 32.0285 77.1439 206.8019 11.7375 151.7688 199.3205 36.9637 135.4677 107.5235 164.7373 208.9561;
	2.1336 28.8298 33.7326 45.6093 15.016 22.6388 13.9561 0.234 25.603 12.858 23.7679 35.457 53.3803 36.169 123.1035 46.3785 57.5437 60.9792 71.8068 10.3566 4.652 52.824 47.2008 65.8205 50.6102 28.761 0.0105 207.3107 218.1989 218.1989 54.0184 5.9863 239.3561 26.658 113.3946 93.0982 225.9785 59.2793 270.7019 135.5631 61.4168 251.1402 87.5105 139.7837 228.3325;
	2.3332 31.5265 4.8884 1.541 10.4185 8.2434 6.8065 0.0047 17.2408 4.0813 7.5443 11.2546 16.9438 1.6125 103.9645 39.168 48.5974 51.4987 73.0309 15.3759 2.2688 19.2347 29.363 16.4068 16.9021 0.0232 0.001 266.6672 237.9821 237.9821 62.2141 6.519 243.4364 39.5776 5.0554 101.539 259.0935 13.0017 205.9696 45.2734 17.8083 91.4471 86.498 104.7123 261.7924;
	3.1622 42.7285 81.5727 0.0089 14.2047 0.5418 2.1102 0.0 10.3542 8.2426 15.2363 22.7296 34.2192 6.4945 58.5397 22.0545 27.3639 28.9976 25.7312 9.5683 0.7034 1.2642 51.0573 19.9098 11.937 0.0 0.0 382.6573 241.4596 241.4596 64.291 7.5874 85.7707 24.6288 20.361 103.0228 289.4651 34.5421 163.6563 31.9741 4.4117 6.0103 0.0536 170.8455 292.4803;
	3.3871 45.7674 0.9447 0.0 14.7573 3.3893 1.1924 0.0066 18.786 15.9828 29.5439 44.0737 66.3526 38.3044 76.1461 28.6876 35.5939 37.7189 52.1812 55.1609 0.3975 7.9083 68.0263 11.9828 37.6395 0.0379 0.0125 358.4951 316.1146 316.1146 108.7485 22.5191 173.9375 141.9844 120.0895 134.8756 396.3203 67.1015 178.7808 100.8202 8.1346 37.5982 133.6948 219.1319 400.4486;
	2.7173 36.7161 2.7493 0.0 14.653 20.0655 0.8338 0.7449 8.617 10.4923 19.3948 28.9333 43.5589 25.0649 159.5859 60.123 74.5971 79.0507 70.568 68.3972 0.2779 46.8196 19.7708 13.4809 20.8152 0.6681 0.1028 506.2137 440.9303 440.9303 290.8319 31.986 235.2266 176.0546 78.5817 188.1303 466.2449 94.7915 370.4838 55.7551 6.5555 222.5937 113.7743 222.9259 471.1016;
	3.1523 42.5948 87.0386 15.534 15.0111 26.3527 4.5311 0.4491 24.0306 10.2054 18.8645 28.1421 42.3677 25.8368 83.9181 31.6156 39.2268 41.5687 78.4079 46.4108 1.5104 61.4897 38.438 30.2033 39.2735 57.6758 0.0822 752.0165 439.9281 439.9281 359.555 45.4099 261.3595 119.4614 81.002 187.7027 591.8828 80.5328 352.8923 105.1968 0.2699 292.3394 112.8166 222.9423 598.0482;
