function solarprofile = ex_solar_profilesh1
%EX_WIND_PROFILE_D  Example wind_load_nyiso profile data for deterministic unit commitment.
% 2022.03.12
% Andres F. Ramirez


%% define constants
[GEN_BUS, PG, QG, QMAX, QMIN, VG, MBASE, GEN_STATUS, PMAX, PMIN, ...
    MU_PMAX, MU_PMIN, MU_QMAX, MU_QMIN, PC1, PC2, QC1MIN, QC1MAX, ...
    QC2MIN, QC2MAX, RAMP_AGC, RAMP_10, RAMP_30, RAMP_Q, APF] = idx_gen;
[CT_LABEL, CT_PROB, CT_TABLE, CT_TBUS, CT_TGEN, CT_TBRCH, CT_TAREABUS, ...
    CT_TAREAGEN, CT_TAREABRCH, CT_ROW, CT_COL, CT_CHGTYPE, CT_REP, ...
    CT_REL, CT_ADD, CT_NEWVAL, CT_TLOAD, CT_TAREALOAD, CT_LOAD_ALL_PQ, ...
    CT_LOAD_FIX_PQ, CT_LOAD_DIS_PQ, CT_LOAD_ALL_P, CT_LOAD_FIX_P, ...
    CT_LOAD_DIS_P, CT_TGENCOST, CT_TAREAGENCOST, CT_MODCOST_F, ...
    CT_MODCOST_X] = idx_ct;

solarprofile = struct( ...
    'type', 'mpcData', ...
    'table', CT_TGEN, ...
    'rows', [1:12], ...
    'col', PMAX, ...
    'chgtype', 1, ...
    'values', [] );
solarprofile.values(:,1,:) = [
	0.0 0.0 0.0 0.0 0.0 0.0 0.0 0.0 0.0 0.0 0.0 0.0;
	0.0 0.0 0.0 0.0 0.0 0.0 0.0 0.0 0.0 0.0 0.0 0.0;
	0.0 0.0 0.0 0.0 0.0 0.0 0.0 0.0 0.0 0.0 0.0 0.0;
	0.0 0.0 0.0 0.0 0.0 0.0 0.0 0.0 0.0 0.0 0.0 0.0;
	0.0 0.0 0.0 0.0 0.0 0.0 0.0 0.0 0.0 0.0 0.0 0.0;
	0.4731 0.4018 0.4224 0.0 0.0 0.0 0.0 0.2 0.0 0.0 0.0 0.0;
	8.0951 7.2335 5.8605 2.4898 8.8641 263.6126 32.9516 39.4918 109.3171 182.4129 22.6508 330.3509;
	16.2881 14.6526 11.9219 6.8011 10.2337 421.93 52.7412 74.77 229.914 102.1489 26.9838 184.9922;
	21.4085 16.6083 13.8 10.0126 10.3665 430.557 53.8196 77.0364 243.2858 71.1184 35.7613 128.7958;
	23.7824 16.1547 13.6442 9.208 7.1177 144.4476 18.056 51.6576 153.0606 144.6635 51.1531 261.9865;
	25.006 16.3399 13.7627 6.8843 8.2519 110.4432 13.8054 20.7321 164.7587 233.4014 91.581 422.6913;
	25.0771 16.2018 13.769 5.7952 8.3549 115.0249 14.3781 14.4923 178.9252 260.4566 108.9431 471.6884;
	14.2832 10.561 8.8495 4.3153 6.8608 90.6398 11.33 10.678 145.0931 251.5758 59.6931 455.6053;
	12.8167 9.8544 6.5059 4.4428 5.1106 100.3469 12.5434 17.3794 165.5423 202.3229 45.8106 366.408;
	8.4144 6.7212 4.9641 3.9065 3.9139 108.132 13.5165 15.7143 182.9774 213.1294 39.7334 385.9787;
	2.1434 1.7713 1.7894 1.7328 0.7774 42.9252 5.3657 2.4106 111.3658 173.8186 22.7034 314.7866;
	0.3545 0.3109 0.3383 0.4229 0.356 10.0595 1.2574 1.0691 9.8059 33.1633 9.8211 60.059;
	0.0 0.0 0.0 0.0 0.0 0.0 0.0 0.0 0.0 0.0 0.0 0.0;
	0.0 0.0 0.0 0.0 0.0 0.0 0.0 0.0 0.0 0.0 0.0 0.0;
	0.0 0.0 0.0 0.0 0.0 0.0 0.0 0.0 0.0 0.0 0.0 0.0;
	0.0 0.0 0.0 0.0 0.0 0.0 0.0 0.0 0.0 0.0 0.0 0.0;
	0.0 0.0 0.0 0.0 0.0 0.0 0.0 0.0 0.0 0.0 0.0 0.0;
	0.0 0.0 0.0 0.0 0.0 0.0 0.0 0.0 0.0 0.0 0.0 0.0;
	0.0 0.0 0.0 0.0 0.0 0.0 0.0 0.0 0.0 0.0 0.0 0.0;
];
