function solarprofile = ex_solar_profilesh1
%EX_WIND_PROFILE_D  Example wind_load_nyiso profile data for deterministic unit commitment.
% 2022.03.12
% Andres F. Ramirez


%% define constants
[GEN_BUS, PG, QG, QMAX, QMIN, VG, MBASE, GEN_STATUS, PMAX, PMIN, ...
    MU_PMAX, MU_PMIN, MU_QMAX, MU_QMIN, PC1, PC2, QC1MIN, QC1MAX, ...
    QC2MIN, QC2MAX, RAMP_AGC, RAMP_10, RAMP_30, RAMP_Q, APF] = idx_gen;
[CT_LABEL, CT_PROB, CT_TABLE, CT_TBUS, CT_TGEN, CT_TBRCH, CT_TAREABUS, ...
    CT_TAREAGEN, CT_TAREABRCH, CT_ROW, CT_COL, CT_CHGTYPE, CT_REP, ...
    CT_REL, CT_ADD, CT_NEWVAL, CT_TLOAD, CT_TAREALOAD, CT_LOAD_ALL_PQ, ...
    CT_LOAD_FIX_PQ, CT_LOAD_DIS_PQ, CT_LOAD_ALL_P, CT_LOAD_FIX_P, ...
    CT_LOAD_DIS_P, CT_TGENCOST, CT_TAREAGENCOST, CT_MODCOST_F, ...
    CT_MODCOST_X] = idx_ct;

solarprofile = struct( ...
    'type', 'mpcData', ...
    'table', CT_TGEN, ...
    'rows', [1:12], ...
    'col', PMAX, ...
    'chgtype', 1, ...
    'values', [] );
solarprofile.values(:,1,:) = [
	0.0 0.0 0.0 0.0 0.0 0.0 0.0 0.0 0.0 0.0 0.0 0.0;
	0.0 0.0 0.0 0.0 0.0 0.0 0.0 0.0 0.0 0.0 0.0 0.0;
	0.0 0.0 0.0 0.0 0.0 0.0 0.0 0.0 0.0 0.0 0.0 0.0;
	0.0 0.0 0.0 0.0 0.0 0.0 0.0 0.0 0.0 0.0 0.0 0.0;
	0.0 0.0 0.0 0.0 0.0 0.0 0.0 0.0 0.0 0.0 0.0 0.0;
	0.4731 0.4018 0.4224 0.0 0.0 0.0 0.0 0.2 0.0 0.0 0.0 0.0;
	0.7378 1.0173 0.9867 2.1629 6.1643 301.2034 37.6504 48.9809 70.02 14.7711 21.4419 26.7505;
	4.7247 5.1162 1.9556 5.1592 10.2062 444.715 55.5894 73.1526 207.1182 120.862 60.7413 218.8817;
	12.6006 14.1723 10.9485 7.2199 10.9855 450.5978 56.3247 75.2089 219.03 260.8648 92.0063 472.4276;
	13.3648 14.6811 13.6307 3.7277 7.817 316.7326 39.5916 59.1341 54.7609 283.4266 181.5712 513.2872;
	17.3098 15.0296 13.7627 5.7535 8.8674 348.6592 43.5824 59.8112 125.7044 221.4601 161.3584 401.0655;
	21.2621 16.0562 13.769 6.8209 9.451 387.3612 48.4202 62.6118 185.263 129.5435 113.0425 234.604;
	14.0972 11.3081 11.5121 6.6429 9.8241 276.1758 34.522 45.933 117.1944 54.6445 52.4957 98.9616;
	12.6659 11.0728 10.0043 5.4776 8.5428 218.4205 27.3026 40.4701 99.0238 46.0946 46.0151 83.4777;
	7.6796 6.967 6.4064 4.6615 6.5215 158.0268 19.7533 28.5126 85.1738 36.3273 42.8706 65.789;
	1.3124 1.628 1.9952 4.757 1.084 115.225 14.4031 8.1792 68.9623 12.5513 15.7808 22.7304;
	0.4235 0.3418 0.3121 1.3702 0.8833 34.0394 4.2549 1.5831 19.5224 6.883 4.2437 12.4652;
	0.0 0.0 0.0 0.0 0.0 0.0 0.0 0.0 0.0 0.0 0.0 0.0;
	0.0 0.0 0.0 0.0 0.0 0.0 0.0 0.0 0.0 0.0 0.0 0.0;
	0.0 0.0 0.0 0.0 0.0 0.0 0.0 0.0 0.0 0.0 0.0 0.0;
	0.0 0.0 0.0 0.0 0.0 0.0 0.0 0.0 0.0 0.0 0.0 0.0;
	0.0 0.0 0.0 0.0 0.0 0.0 0.0 0.0 0.0 0.0 0.0 0.0;
	0.0 0.0 0.0 0.0 0.0 0.0 0.0 0.0 0.0 0.0 0.0 0.0;
	0.0 0.0 0.0 0.0 0.0 0.0 0.0 0.0 0.0 0.0 0.0 0.0;
];
