function loadprofile = ex_load_profilesh1
%EX_LOAD_PROFILE  Example load profile data file for stochastic unit commitment.
% 2022.03.12
% Andres F. Ramirez

%% define constants
[CT_LABEL, CT_PROB, CT_TABLE, CT_TBUS, CT_TGEN, CT_TBRCH, CT_TAREABUS, ...
    CT_TAREAGEN, CT_TAREABRCH, CT_ROW, CT_COL, CT_CHGTYPE, CT_REP, ...
    CT_REL, CT_ADD, CT_NEWVAL, CT_TLOAD, CT_TAREALOAD, CT_LOAD_ALL_PQ, ...
    CT_LOAD_FIX_PQ, CT_LOAD_DIS_PQ, CT_LOAD_ALL_P, CT_LOAD_FIX_P, ...
    CT_LOAD_DIS_P, CT_TGENCOST, CT_TAREAGENCOST, CT_MODCOST_F, ...
    CT_MODCOST_X] = idx_ct;

loadprofile = struct( ...
    'type', 'mpcData', ...
    'table', CT_TAREALOAD, ...
    'rows', [1:11], ...
    'col', CT_LOAD_ALL_P, ...
    'chgtype', 1, ...
    'values', [] );
loadprofile.values(:,1,:) = [
	1554.9157 946.278 1586.4892 565.3283 787.8785 1111.4186 849.6286 255.9694 523.2847 4410.2105 1654.0406;
	1557.6369 958.6157 1614.4285 571.7234 805.5473 1112.4914 876.0183 271.4657 528.9001 4422.4383 1663.3234;
	1560.6 972.9873 1661.3 578.2961 831.6305 1137.9481 876.3 256.5463 538.0006 4401.8598 1738.4718;
	1656.9 1044.1925 1768.9587 587.7 873.3914 1218.0604 914.1771 282.2413 553.9683 4557.1315 1781.0455;
	1769.7031 1171.2 1952.2757 613.0625 963.1814 1415.7539 1020.5295 326.1 616.3199 4976.6063 2079.2305;
	1858.8469 1215.2227 2001.4357 638.1007 978.4386 1465.719 1031.7261 338.8533 653.8416 5277.1017 2130.1996;
	1837.7096 1199.81 1992.5055 616.6 976.5912 1468.5534 1068.4855 353.0 687.0305 5603.4627 2183.2475;
	1782.2096 1200.9583 1941.2693 600.2539 1004.6326 1461.6942 1082.739 350.5244 709.0058 5858.6241 2156.6785;
	1770.3384 1157.1074 1904.7198 590.7225 983.8464 1367.362 1020.1014 332.7448 695.2882 6074.2678 2034.0906;
	1766.7 1184.4647 1893.0366 573.4445 1002.8 1364.1505 1029.6302 334.4 679.6984 6372.3503 2125.9678;
	1783.7462 1156.9065 1822.7214 565.4203 971.8639 1312.6356 1014.7748 340.4 685.2585 6362.1917 2145.0445;
	1800.4226 1194.7917 1842.8387 564.0438 989.2363 1365.5355 1075.8002 344.6985 692.2 6436.2 2271.402;
	1785.1344 1170.8058 1799.0814 555.1185 957.6924 1346.576 1063.8882 327.262 672.7865 6221.8937 2213.8739;
	1786.4554 1141.4598 1734.4348 563.0 933.2075 1317.7332 1033.5059 312.3756 677.0454 6246.0 2191.9;
	1792.4124 1150.0275 1745.8543 548.9957 961.5613 1328.7785 1023.5276 310.4575 676.1085 6193.4577 2260.9558;
	1805.9067 1150.2405 1798.1776 567.6 970.6252 1371.7709 1070.3 326.2429 673.7 6077.3122 2340.9327;
	1746.1831 1123.9414 1835.0106 552.96 982.5417 1383.833 1100.9812 329.6753 680.0777 5886.7969 2369.3175;
	1844.8 1200.3277 1927.9863 566.6356 1066.0389 1471.9874 1175.2681 342.8 695.2406 6100.8938 2504.0239;
	1850.5058 1239.1002 1961.2164 530.3516 1045.9689 1488.9002 1190.8211 372.4642 684.7679 6048.8648 2493.1523;
	1801.1866 1175.3 1852.67 514.499 959.22 1407.7202 1127.6784 355.3 655.6 5879.7924 2367.6404;
	1705.508 1080.3 1736.8818 527.5985 879.4639 1316.1 1043.3 317.3577 606.1908 5558.5192 2160.6;
	1572.9296 996.7 1649.2718 520.7678 789.5133 1220.0478 947.1783 288.0885 573.6 5047.2456 1927.9881;
	1470.5667 928.3113 1586.0804 534.5995 796.3606 1153.3 876.5856 249.9 486.3204 4759.9558 1667.3564;
	1419.3988 895.8196 1582.5545 524.6313 801.4819 1131.9972 871.3895 252.8 487.6181 4571.275 1719.6185;
];
