function solarprofile = ex_solar_profilesh1
%EX_WIND_PROFILE_D  Example wind_load_nyiso profile data for deterministic unit commitment.
% 2022.03.12
% Andres F. Ramirez


%% define constants
[GEN_BUS, PG, QG, QMAX, QMIN, VG, MBASE, GEN_STATUS, PMAX, PMIN, ...
    MU_PMAX, MU_PMIN, MU_QMAX, MU_QMIN, PC1, PC2, QC1MIN, QC1MAX, ...
    QC2MIN, QC2MAX, RAMP_AGC, RAMP_10, RAMP_30, RAMP_Q, APF] = idx_gen;
[CT_LABEL, CT_PROB, CT_TABLE, CT_TBUS, CT_TGEN, CT_TBRCH, CT_TAREABUS, ...
    CT_TAREAGEN, CT_TAREABRCH, CT_ROW, CT_COL, CT_CHGTYPE, CT_REP, ...
    CT_REL, CT_ADD, CT_NEWVAL, CT_TLOAD, CT_TAREALOAD, CT_LOAD_ALL_PQ, ...
    CT_LOAD_FIX_PQ, CT_LOAD_DIS_PQ, CT_LOAD_ALL_P, CT_LOAD_FIX_P, ...
    CT_LOAD_DIS_P, CT_TGENCOST, CT_TAREAGENCOST, CT_MODCOST_F, ...
    CT_MODCOST_X] = idx_ct;

solarprofile = struct( ...
    'type', 'mpcData', ...
    'table', CT_TGEN, ...
    'rows', [1:12], ...
    'col', PMAX, ...
    'chgtype', 1, ...
    'values', [] );
solarprofile.values(:,1,:) = [
	0.0 0.0 0.0 0.0 0.0 0.0 0.0 0.0 0.0 0.0 0.0 0.0;
	0.0 0.0 0.0 0.0 0.0 0.0 0.0 0.0 0.0 0.0 0.0 0.0;
	0.0 0.0 0.0 0.0 0.0 0.0 0.0 0.0 0.0 0.0 0.0 0.0;
	0.0 0.0 0.0 0.0 0.0 0.0 0.0 0.0 0.0 0.0 0.0 0.0;
	0.0 0.0 0.0 0.0 0.0 0.0 0.0 0.0 0.0 0.0 0.0 0.0;
	0.4731 0.4018 0.4224 0.0 0.0 0.0 0.0 0.2 0.0 0.0 0.0 0.0;
	8.645 8.4523 5.2947 3.7005 6.4961 294.9468 36.8684 45.4083 175.0426 4.4602 2.4547 8.0775;
	16.8663 15.5068 8.5466 4.1018 3.8551 446.2561 55.782 75.4707 260.8166 6.6975 9.5642 12.1292;
	21.6246 16.621 13.5266 6.797 2.0549 455.3081 56.9135 78.7769 263.4107 12.7342 11.095 23.0617;
	23.7224 16.3288 13.6408 6.9319 0.7697 329.5759 41.197 70.4272 54.3265 13.5218 0.0 24.488;
	25.0382 16.395 13.7627 8.2986 2.9705 328.652 41.0815 66.7258 105.2383 34.67 1.0514 62.7875;
	25.0523 16.3954 13.51 7.2691 4.3033 325.6367 40.7046 59.6485 185.5615 63.9984 5.3725 115.9016;
	7.478 6.8943 5.4448 3.337 1.4053 119.7138 14.9642 8.8262 127.9974 49.7536 9.6262 90.104;
	5.3641 4.7854 3.9872 2.3619 0.3454 74.144 9.268 5.0418 96.2088 27.6112 5.5838 50.0041;
	4.2153 5.0018 4.1403 2.5593 0.0226 29.9156 3.7395 3.3955 55.8171 12.3817 0.0 22.4233;
	2.0686 2.1038 2.0339 1.8814 0.0 0.0 0.0 0.2466 11.5395 0.0 0.0 0.0;
	0.4159 0.3109 0.3121 0.4092 0.6117 3.2832 0.4104 1.1876 15.4494 5.0437 2.0715 9.1341;
	0.0 0.0 0.0 0.0 0.0 0.0 0.0 0.0 0.0 0.0 0.0 0.0;
	0.0 0.0 0.0 0.0 0.0 0.0 0.0 0.0 0.0 0.0 0.0 0.0;
	0.0 0.0 0.0 0.0 0.0 0.0 0.0 0.0 0.0 0.0 0.0 0.0;
	0.0 0.0 0.0 0.0 0.0 0.0 0.0 0.0 0.0 0.0 0.0 0.0;
	0.0 0.0 0.0 0.0 0.0 0.0 0.0 0.0 0.0 0.0 0.0 0.0;
	0.0 0.0 0.0 0.0 0.0 0.0 0.0 0.0 0.0 0.0 0.0 0.0;
	0.0 0.0 0.0 0.0 0.0 0.0 0.0 0.0 0.0 0.0 0.0 0.0;
];
