function loadprofile = ex_load_profilesh1
%EX_LOAD_PROFILE  Example load profile data file for stochastic unit commitment.
% 2022.03.12
% Andres F. Ramirez

%% define constants
[CT_LABEL, CT_PROB, CT_TABLE, CT_TBUS, CT_TGEN, CT_TBRCH, CT_TAREABUS, ...
    CT_TAREAGEN, CT_TAREABRCH, CT_ROW, CT_COL, CT_CHGTYPE, CT_REP, ...
    CT_REL, CT_ADD, CT_NEWVAL, CT_TLOAD, CT_TAREALOAD, CT_LOAD_ALL_PQ, ...
    CT_LOAD_FIX_PQ, CT_LOAD_DIS_PQ, CT_LOAD_ALL_P, CT_LOAD_FIX_P, ...
    CT_LOAD_DIS_P, CT_TGENCOST, CT_TAREAGENCOST, CT_MODCOST_F, ...
    CT_MODCOST_X] = idx_ct;

loadprofile = struct( ...
    'type', 'mpcData', ...
    'table', CT_TAREALOAD, ...
    'rows', [1:11], ...
    'col', CT_LOAD_ALL_P, ...
    'chgtype', 1, ...
    'values', [] );
loadprofile.values(:,1,:) = [
	1559.9009 1002.2167 1757.2 590.3247 853.1073 1284.9285 1003.8201 269.7029 556.4713 4797.2911 1826.0444;
	1574.7299 1007.4671 1731.7 599.3 838.2628 1277.7347 995.2582 272.3317 544.8473 4787.9062 1811.8982;
	1603.8045 1008.6475 1742.3 606.8 847.3566 1289.0884 976.6432 270.7261 545.8724 4752.9699 1808.7109;
	1690.3 1089.9772 1851.0912 622.7124 904.2512 1356.76 1035.1978 299.8 591.6342 4915.8002 1951.3075;
	1825.5577 1209.2 2051.7466 647.1 1008.1831 1489.9365 1135.944 352.0059 665.4 5517.3997 2201.201;
	1906.4623 1271.669 2135.6447 674.5929 1068.6804 1578.2723 1189.3133 358.4 708.6194 6037.9333 2334.3456;
	1857.023 1273.5301 2139.322 651.1344 1053.2447 1570.3278 1258.4544 361.2 715.0632 6427.9135 2387.9768;
	1875.1952 1269.5227 2091.6448 654.6876 1015.0148 1538.6381 1246.3554 348.9 710.6462 6635.6262 2348.3855;
	1853.6889 1255.1 2048.9772 647.417 1008.7662 1526.1082 1233.0724 357.6304 716.6008 6735.2435 2346.4892;
	1806.5943 1232.8827 2018.7 639.7837 1041.4 1542.598 1211.9045 361.2901 719.1098 6776.6492 2379.4057;
	1754.9145 1199.4668 1912.0449 617.5 966.2432 1470.0874 1121.5663 323.5582 675.0027 6523.0532 2245.0821;
	1736.8121 1194.8 1944.938 616.2083 957.2365 1465.0526 1101.0779 316.2561 677.0646 6457.0983 2253.9229;
	1784.1507 1208.2218 1914.1 637.3931 940.5 1429.8959 1102.8921 311.2 666.4338 6499.5436 2277.3912;
	1818.4 1227.1929 1885.4558 640.5625 900.6691 1396.2557 1081.1084 304.437 682.4214 6643.9206 2274.9153;
	1763.1774 1198.1786 1896.7011 648.1848 937.1888 1434.4 1135.8617 307.8 690.3 6701.9359 2281.6024;
	1733.3341 1193.5822 1922.6929 703.1639 936.7673 1434.1274 1147.0693 289.4936 689.2379 6498.3749 2315.9204;
	1762.5227 1199.4788 1927.7744 634.975 950.5247 1453.7 1175.8281 303.0036 702.2782 6523.3751 2396.8873;
	1797.2668 1253.8972 2022.5102 667.6799 1008.6822 1552.2976 1218.5201 323.6459 724.7 6408.5617 2477.2;
	1830.3582 1262.979 2021.9779 648.1675 1002.7955 1534.6985 1247.36 342.1489 729.9004 6626.736 2504.1432;
	1750.9234 1155.8 1908.5629 624.2531 956.7506 1436.9173 1157.8183 305.4461 707.5695 6143.8605 2347.839;
	1649.7 1080.3 1812.5826 607.3838 894.378 1316.2 1097.9633 291.6511 674.0242 6070.4459 2204.571;
	1535.9051 997.8264 1685.3953 590.5391 817.5231 1201.1846 1025.1004 268.9988 613.8404 5383.0831 2002.5929;
	1482.32 937.9912 1622.2962 585.7234 778.7288 1142.7417 1008.1241 246.7842 568.9355 5207.1511 1858.8905;
	1459.815 931.8373 1582.5357 572.4285 759.3046 1141.2659 974.2645 216.0 569.2 4929.269 1801.4154;
];
