function loadprofile = ex_load_profilesh1
%EX_LOAD_PROFILE  Example load profile data file for stochastic unit commitment.
% 2022.03.12
% Andres F. Ramirez

%% define constants
[CT_LABEL, CT_PROB, CT_TABLE, CT_TBUS, CT_TGEN, CT_TBRCH, CT_TAREABUS, ...
    CT_TAREAGEN, CT_TAREABRCH, CT_ROW, CT_COL, CT_CHGTYPE, CT_REP, ...
    CT_REL, CT_ADD, CT_NEWVAL, CT_TLOAD, CT_TAREALOAD, CT_LOAD_ALL_PQ, ...
    CT_LOAD_FIX_PQ, CT_LOAD_DIS_PQ, CT_LOAD_ALL_P, CT_LOAD_FIX_P, ...
    CT_LOAD_DIS_P, CT_TGENCOST, CT_TAREAGENCOST, CT_MODCOST_F, ...
    CT_MODCOST_X] = idx_ct;

loadprofile = struct( ...
    'type', 'mpcData', ...
    'table', CT_TAREALOAD, ...
    'rows', [1:11], ...
    'col', CT_LOAD_ALL_P, ...
    'chgtype', 1, ...
    'values', [] );
loadprofile.values(:,1,:) = [
	1602.3993 1070.4598 1769.709 588.5819 921.986 1232.1561 961.9838 264.3598 527.8 4788.3207 1775.4068;
	1586.7574 1093.1423 1765.5582 601.554 919.7176 1242.7136 957.4377 258.7828 523.5179 4706.0853 1745.2088;
	1610.3377 1053.6099 1774.9107 612.5072 955.7067 1275.821 965.2767 264.9785 541.1 4753.1106 1770.0479;
	1705.5896 1134.152 1851.8106 617.3571 958.8014 1344.4997 1010.5932 282.6 570.941 4943.659 1867.1001;
	1839.8451 1242.0696 2030.2264 646.4434 1111.3233 1507.6745 1121.2807 331.5 653.0102 5566.1198 2099.0213;
	1897.6242 1295.315 2115.3775 632.0242 1162.0608 1560.1 1149.5866 345.4425 703.9646 6057.6146 2202.3742;
	1934.3801 1302.6213 2108.6405 640.5514 1142.6118 1529.0525 1154.1681 343.844 716.3364 6317.5234 2255.7041;
	1897.5067 1297.8099 2106.2145 618.7502 1111.6447 1493.693 1150.4005 338.6 695.9576 6508.7831 2157.7256;
	1900.3952 1286.6977 2081.8662 623.5084 1086.5612 1493.9838 1161.3173 328.5376 701.4827 6415.0183 2128.8771;
	1866.5 1270.8275 2056.6551 614.9 1057.8 1492.3348 1168.8431 320.3 684.469 6383.4297 2148.6885;
	1817.5895 1244.5791 1998.9 592.6 1040.5071 1470.0771 1169.231 331.497 701.1039 6386.1746 2148.3672;
	1816.923 1213.4 1970.1944 588.4 1014.4751 1435.3085 1124.3167 333.4846 690.555 6401.2174 2195.3655;
	1813.2649 1200.811 1914.4 588.6473 940.4355 1400.1662 1116.0958 313.0136 676.1874 6358.0035 2212.4413;
	1790.1 1189.3541 1916.6774 601.339 936.1271 1389.0248 1118.3938 308.4688 681.6599 6398.7 2253.9551;
	1756.5 1151.5823 1850.5551 595.7593 921.6559 1366.005 1083.3721 311.2217 667.7229 6278.6818 2205.1984;
	1840.5828 1187.3 1935.1321 599.3794 969.6353 1464.5547 1136.4 346.0348 705.089 6311.2933 2262.8702;
	1788.7695 1180.7661 1940.6984 603.9405 970.5953 1462.7976 1134.4734 353.3742 719.1269 6252.51 2472.5059;
	1842.1031 1199.0595 1966.3131 613.9432 1023.9988 1504.8798 1169.9961 364.5 754.2109 6272.4682 2604.6818;
	1862.9 1236.04 2049.6279 614.8871 1054.8187 1512.6377 1194.0 368.6306 747.0115 6274.642 2620.8955;
	1828.8806 1178.5293 1968.0536 591.3745 980.7069 1451.3962 1177.4621 359.2017 713.4926 6035.2722 2489.2184;
	1763.6 1105.1554 1843.1993 579.4 930.7266 1354.6949 1076.2556 324.3 653.8638 5764.3815 2250.8862;
	1667.9241 1034.3 1725.2985 551.9 872.5796 1248.4982 977.5 293.4139 593.4239 5336.3066 2021.8897;
	1599.5759 1021.7405 1771.6864 557.3843 849.298 1236.989 973.439 306.8508 579.7 5327.4564 1888.7;
	1538.2009 979.1791 1671.6393 574.2 830.477 1223.8918 934.8472 297.8699 526.4729 4860.3004 1795.2749;
];
