function windprofile = ex_wind_profilesh1
%EX_WIND_PROFILE_D  Example wind_load_nyiso profile data for deterministic unit commitment.
% 2022.03.12
% Andres F. Ramirez


%% define constants
[GEN_BUS, PG, QG, QMAX, QMIN, VG, MBASE, GEN_STATUS, PMAX, PMIN, ...
    MU_PMAX, MU_PMIN, MU_QMAX, MU_QMIN, PC1, PC2, QC1MIN, QC1MAX, ...
    QC2MIN, QC2MAX, RAMP_AGC, RAMP_10, RAMP_30, RAMP_Q, APF] = idx_gen;
[CT_LABEL, CT_PROB, CT_TABLE, CT_TBUS, CT_TGEN, CT_TBRCH, CT_TAREABUS, ...
    CT_TAREAGEN, CT_TAREABRCH, CT_ROW, CT_COL, CT_CHGTYPE, CT_REP, ...
    CT_REL, CT_ADD, CT_NEWVAL, CT_TLOAD, CT_TAREALOAD, CT_LOAD_ALL_PQ, ...
    CT_LOAD_FIX_PQ, CT_LOAD_DIS_PQ, CT_LOAD_ALL_P, CT_LOAD_FIX_P, ...
    CT_LOAD_DIS_P, CT_TGENCOST, CT_TAREAGENCOST, CT_MODCOST_F, ...
    CT_MODCOST_X] = idx_ct;

windprofile = struct( ...
    'type', 'mpcData', ...
    'table', CT_TGEN, ...
    'rows', [1:45], ...
    'col', PMAX, ...
    'chgtype', 1, ...
    'values', [] );
windprofile.values(:,1,:) = [
	0.7062 9.5419 53.8823 58.7762 5.7383 1.9093 3.4419 7.9943 7.012 21.0631 38.9348 58.083 87.4436 42.4406 160.17 60.3431 74.8702 79.34 80.6604 71.8832 1.1473 4.4551 70.9055 65.9463 47.4608 43.7424 3.9007 168.9749 355.3123 355.3123 254.707 41.6704 268.868 185.0276 133.0569 151.5999 383.6138 92.5 99.5115 127.1272 53.5325 21.1808 28.6322 57.8173 387.6097;
	0.4937 6.6704 51.6506 58.3602 6.1095 3.5173 5.5767 10.0743 13.282 13.0569 24.1355 36.0054 54.2059 65.8317 142.1479 53.5534 66.4459 70.4128 76.2811 72.1549 1.8589 8.207 36.5372 67.7207 52.0976 43.9059 5.3804 62.4825 258.8759 258.8759 176.1666 27.5452 254.2705 185.7269 206.3912 110.4537 306.9411 96.2351 281.2205 139.5471 74.7229 39.0185 30.1632 80.4925 310.1384;
	0.2727 3.6845 52.3183 60.3044 4.918 1.9331 5.8525 9.3641 23.4929 11.4132 21.0972 31.4728 47.3822 65.8033 101.1909 38.1231 47.3008 50.1248 69.6653 68.0246 1.9508 4.5105 30.6822 65.4549 49.1393 40.8535 5.4865 6.6428 422.7495 422.7495 339.49 14.243 232.2176 175.0956 206.3021 180.3731 184.477 18.3962 339.0819 131.6231 58.4562 21.4442 14.0544 86.3016 186.3987;
	0.3671 4.9599 56.6807 67.2842 7.365 1.7249 2.9312 12.5352 14.1673 17.0691 31.552 47.0694 70.8628 66.1319 112.9359 42.548 52.791 55.9427 55.5766 68.3894 0.9771 4.0248 50.8462 67.0333 50.0372 56.2651 7.1316 19.204 287.1176 287.1176 145.4304 16.1826 185.2552 176.0344 207.3324 122.5035 89.6476 29.4899 213.8785 134.0281 58.1989 19.1352 16.2173 117.9142 90.5815;
	0.4353 5.8823 66.0533 60.8692 9.1167 3.46 0.694 12.5725 5.7241 16.7644 30.9887 46.2291 69.5976 51.4088 138.641 52.2322 64.8066 68.6756 61.2551 71.5607 0.2313 8.0733 49.187 69.8324 63.4204 57.6106 7.7504 108.648 280.6979 280.6979 329.8913 9.1595 204.1837 184.1975 161.1734 119.7644 133.6517 18.4361 48.9892 169.8759 60.1749 38.3829 7.8645 133.9273 135.0439;
	0.4515 6.1002 67.7287 52.5484 10.0908 4.1606 0.3237 11.3935 0.004 9.6895 17.9109 26.7195 40.226 35.2837 154.6398 58.2596 72.2851 76.6006 84.6301 72.6668 0.1079 9.7081 38.2264 71.7314 53.0689 51.0705 7.1624 96.354 177.279 177.279 148.8436 10.8863 282.1003 187.0444 110.6191 75.639 148.6704 5.5959 46.9287 142.1487 44.8741 46.1552 23.6002 124.6368 150.2191;
	0.5043 6.8141 46.9169 32.8044 9.3933 3.1717 4.4513 7.4755 2.5387 7.8382 14.4889 21.6145 32.5406 28.0954 129.6718 48.8531 60.614 64.2328 69.1863 69.7263 1.4838 7.4006 25.456 45.3414 27.9984 53.6134 3.9869 141.9164 125.4759 125.4759 297.2885 8.9733 230.6209 179.4756 88.083 53.5364 290.3297 61.0338 330.6767 74.9958 8.3754 35.1846 34.3393 121.9105 293.3539;
	0.4512 6.0966 29.1549 22.0721 3.6858 3.0658 5.1127 6.1982 2.2465 5.1165 9.4577 14.109 21.241 38.757 64.1584 24.1713 29.9903 31.7808 18.1935 43.0069 1.7042 7.1534 12.3572 26.2369 25.8683 46.0494 4.158 192.0276 189.6427 189.6427 222.293 2.7588 60.6451 110.6998 121.5085 80.9142 294.2527 28.0009 415.0367 69.29 1.8075 34.0094 14.9236 89.199 297.3179;
	0.6216 8.3998 29.1374 25.4686 4.2088 8.9785 16.3245 6.0543 13.8418 5.6055 10.3617 15.4576 23.2714 43.9305 18.4836 6.9636 8.64 9.1558 14.6287 14.4988 5.4415 20.9497 7.2976 32.1546 26.7534 49.0477 4.454 86.42 225.3604 225.3604 120.1765 0.1254 48.7624 37.32 137.7279 96.1538 269.5454 8.1026 449.6767 71.6608 0.0 99.601 60.14 73.3089 272.3532;
	0.5912 7.988 31.7447 25.3256 7.907 2.9767 15.377 4.8047 16.5888 0.1256 0.2322 0.3463 0.5214 13.6482 7.5144 2.831 3.5126 3.7223 6.2359 8.7037 5.1257 6.9456 10.3532 35.3421 26.2025 45.4229 3.2104 232.9366 170.4208 170.4208 99.9629 0.2279 20.7862 22.4034 42.7891 72.7129 351.1574 16.5079 396.0202 70.1854 0.0 33.0215 55.0954 92.8433 354.8153;
	0.9446 12.7636 44.9933 13.0831 11.8356 6.9076 13.1154 3.9982 11.2509 4.3457 8.0329 11.9835 18.0412 8.5989 26.2615 9.8938 12.2757 13.0086 13.7 2.6439 4.3718 16.1177 29.7963 42.8158 45.7626 50.698 1.4317 179.8827 80.365 80.365 64.6046 0.1089 45.6667 6.8053 26.9587 34.2891 130.5028 3.3672 384.3117 122.5785 0.022 76.628 60.0032 104.0696 131.8622;
	1.6241 21.9452 64.0172 21.7106 13.7315 3.4514 16.1175 2.5078 10.6358 0.9693 1.7918 2.673 4.0242 6.2303 1.0919 0.4114 0.5104 0.5409 7.3145 0.6825 5.3725 8.0532 52.3142 59.002 13.3058 48.7369 2.0266 193.9879 121.6253 121.6253 75.7482 1.4425 24.3817 1.7567 19.5328 51.8935 157.7523 1.1375 244.142 35.6404 0.0 38.2871 46.3522 131.0391 159.3955;
	2.3214 31.3677 84.988 20.5671 14.0744 2.1706 11.3893 4.0934 4.6075 21.0277 38.8694 57.9854 87.2968 1.1811 14.0981 5.3114 6.5901 6.9835 26.648 2.6252 3.7964 5.0648 33.7613 69.5206 70.4591 52.9426 1.4987 259.5156 182.7967 182.7967 81.7501 2.1086 88.8268 6.7572 3.7031 77.9933 207.2189 2.3658 296.6714 188.7297 0.4855 24.0793 116.4592 178.3539 209.3774;
	1.8665 25.2201 22.5837 12.4436 13.7452 20.4508 19.6356 6.8604 6.9657 0.3285 0.6072 0.9058 1.3637 0.621 10.8025 4.0698 5.0495 5.351 2.8265 1.8149 6.5452 47.7186 48.0862 32.2843 18.9997 33.8453 2.7844 238.8098 236.0082 236.0082 206.8008 4.4157 9.4216 4.6716 1.9469 100.6968 222.4274 12.3796 444.957 50.892 6.096 226.8677 86.4769 138.5922 224.7443;
	2.151 29.0646 8.8274 15.3472 8.8141 4.2951 18.4584 1.1156 8.6011 2.9818 5.5119 8.2226 12.3791 14.4004 60.9082 22.9468 28.471 30.1708 1.4578 0.0 6.1528 10.0219 30.7794 15.5509 7.2041 0.1124 1.1029 306.5675 288.4403 288.4403 115.1329 8.7995 4.8594 0.0 45.1473 123.0679 280.391 18.839 385.9991 19.2968 14.955 47.6472 85.2568 92.0453 283.3118;
	3.0273 40.9059 84.009 20.5084 13.354 3.2707 11.8765 2.899 1.7137 5.2275 9.663 14.4152 21.7021 0.5544 3.0252 1.1397 1.4141 1.4985 8.7564 0.0 3.9588 7.6316 45.6157 11.2449 6.727 0.4559 1.7533 440.5815 289.7719 289.7719 180.3506 11.7212 29.1881 0.0 1.7382 123.636 324.05 39.7369 84.7358 18.0187 9.5182 36.283 23.7655 173.2343 327.4255;
	3.1685 42.813 1.0132 8.0052 13.4069 3.5923 4.2015 2.6367 0.2161 5.0772 9.3851 14.0007 21.078 1.4566 5.5234 2.0809 2.5819 2.736 40.1503 0.0038 1.4005 8.3821 5.9431 1.0212 13.6038 7.2305 0.3095 435.2623 376.6757 376.6757 191.6454 23.1241 133.8343 0.0099 4.5667 160.715 483.3133 66.2325 74.8678 36.4387 16.2649 39.851 134.7796 214.0027 488.3478;
	2.5572 34.5537 12.6585 15.4062 13.8293 21.4647 0.0 2.8631 0.1999 1.2579 2.3252 3.4688 5.2222 0.3701 0.0 0.0 0.0 0.0 3.975 0.0 0.0 50.0843 13.1426 5.4288 33.6298 2.96 0.5765 618.5321 489.6542 489.6542 322.2888 35.5376 13.25 0.0 1.1603 208.9191 590.0511 86.7596 1.0654 90.0798 10.3897 238.1151 119.1572 212.882 596.1975;
	2.754 37.2132 82.754 0.594 13.8855 27.0711 0.0 0.2843 0.0737 8.5319 15.771 23.5272 35.4201 4.5934 2.8647 1.0793 1.3391 1.419 23.615 24.0159 0.0 63.1658 27.8084 1.3596 9.327 59.5481 0.0561 840.9447 453.2559 453.2559 366.5596 45.6695 78.7166 61.8171 14.4008 193.3892 643.4253 76.6142 0.0 24.9829 43.708 300.3084 108.1311 182.6735 650.1276;
	2.8844 38.9744 6.0828 8.7575 13.8195 4.0286 15.5228 0.7328 25.5295 20.1119 37.1766 55.4601 83.4949 4.0023 14.077 5.3034 6.5802 6.973 0.9835 17.2338 5.1743 9.4 53.615 3.6079 9.8806 47.1967 0.0 795.2847 424.8235 424.8235 332.9609 43.5862 3.2784 44.3599 12.5478 181.258 571.4732 81.2085 0.0 26.4658 9.5684 44.6902 111.0339 168.4857 577.426;
