function windprofile = ex_wind_profilesh1
%EX_WIND_PROFILE_D  Example wind_load_nyiso profile data for deterministic unit commitment.
% 2022.03.12
% Andres F. Ramirez


%% define constants
[GEN_BUS, PG, QG, QMAX, QMIN, VG, MBASE, GEN_STATUS, PMAX, PMIN, ...
    MU_PMAX, MU_PMIN, MU_QMAX, MU_QMIN, PC1, PC2, QC1MIN, QC1MAX, ...
    QC2MIN, QC2MAX, RAMP_AGC, RAMP_10, RAMP_30, RAMP_Q, APF] = idx_gen;
[CT_LABEL, CT_PROB, CT_TABLE, CT_TBUS, CT_TGEN, CT_TBRCH, CT_TAREABUS, ...
    CT_TAREAGEN, CT_TAREABRCH, CT_ROW, CT_COL, CT_CHGTYPE, CT_REP, ...
    CT_REL, CT_ADD, CT_NEWVAL, CT_TLOAD, CT_TAREALOAD, CT_LOAD_ALL_PQ, ...
    CT_LOAD_FIX_PQ, CT_LOAD_DIS_PQ, CT_LOAD_ALL_P, CT_LOAD_FIX_P, ...
    CT_LOAD_DIS_P, CT_TGENCOST, CT_TAREAGENCOST, CT_MODCOST_F, ...
    CT_MODCOST_X] = idx_ct;

windprofile = struct( ...
    'type', 'mpcData', ...
    'table', CT_TGEN, ...
    'rows', [1:45], ...
    'col', PMAX, ...
    'chgtype', 1, ...
    'values', [] );
windprofile.values(:,1,:) = [
	0.997 13.4713 58.1216 67.165 11.512 24.44 25.4249 8.4197 27.1136 19.8064 36.6118 54.6177 82.2266 13.934 141.9872 53.4929 66.3708 70.3332 73.983 67.6067 8.475 57.0266 69.8825 72.2826 52.4041 45.5468 4.3132 208.4039 344.8056 344.8056 223.1903 44.4026 246.6101 174.0197 43.6848 147.1171 417.2451 86.2514 456.211 140.3683 61.2784 271.1206 68.5601 69.7486 421.5914;
	0.5503 7.4357 51.5956 61.622 7.8986 6.2596 29.0674 10.29 26.9644 11.7011 21.6293 32.2666 48.5772 7.279 116.5459 43.908 54.4784 57.7309 72.9705 67.7956 9.6891 14.6057 32.6091 68.6165 52.8906 44.9754 5.7396 84.709 228.6263 228.6263 147.447 26.7393 243.2351 174.506 22.8205 97.5472 318.9838 87.1301 435.0507 141.6711 71.6444 69.4399 30.1402 95.5969 322.3065;
	0.3659 4.9436 60.3671 65.4311 6.8131 5.373 16.7397 10.3884 14.2631 9.6296 17.8001 26.5543 39.9773 4.0216 79.4006 29.9137 37.1151 39.331 53.8988 66.267 5.5799 12.5371 24.6096 71.6247 51.4187 45.8179 5.6531 93.5925 16.2062 16.2062 13.2369 16.5885 179.6628 170.5715 12.6082 6.9146 182.721 5.5554 170.7136 137.7285 62.6081 59.6049 18.5931 95.4536 184.6244;
	0.5106 6.8995 65.0084 67.6933 8.702 1.6719 17.3076 10.9788 14.7064 14.7195 27.2088 40.5901 61.1082 2.5896 93.0627 35.0608 43.5014 46.0985 43.1238 66.9116 5.7692 3.9012 44.4399 73.3745 53.0707 58.4464 5.9038 296.5524 70.7281 70.7281 36.9439 19.2232 143.7461 172.2305 8.1186 30.1773 136.4445 6.9869 304.404 142.1536 62.205 18.5472 17.5668 126.5763 137.8658;
	0.5785 7.8164 75.8467 65.7821 10.0871 1.837 20.5877 10.7778 25.7306 15.0228 27.7694 41.4265 62.3674 9.614 123.5158 46.5339 57.7365 61.1834 53.3872 68.543 6.8626 4.2863 45.3561 74.8809 66.5263 64.5528 6.6328 518.6289 46.9563 46.9563 44.4307 11.0623 177.9574 176.4298 30.1411 20.0347 80.5188 19.5486 270.7016 178.1954 56.9485 20.3785 58.9482 128.3408 81.3575;
	0.5623 7.5982 74.0565 55.6959 10.5342 3.9556 23.1437 7.1741 17.9596 7.9098 14.6212 21.812 32.8378 18.4995 139.649 52.6119 65.2778 69.175 75.6315 68.9438 7.7146 9.2298 32.7138 65.6312 39.8723 58.5912 5.346 337.5963 233.2798 233.2798 84.7551 10.5759 252.1049 177.4615 57.9983 99.5327 150.7483 31.5643 330.6949 106.8009 45.5 43.8812 27.8528 120.6552 152.3186;
	0.5447 7.3598 54.1287 37.9908 9.7219 3.0793 5.9625 0.7268 8.8076 6.5275 12.0659 17.9999 27.0988 32.1336 114.6121 43.1794 53.5745 56.773 61.5912 68.4635 1.9875 7.1849 22.3524 28.6357 1.2602 54.9903 1.1014 163.5989 315.5674 315.5674 120.6109 1.5254 205.304 176.2252 100.7433 134.6421 147.5345 44.306 177.1362 3.3756 23.3855 34.1592 36.3761 118.2859 149.0713;
	0.4954 6.6933 30.7417 18.8784 3.6535 2.5205 4.9622 1.8712 2.4949 4.7427 8.7668 13.0783 19.6893 30.5707 66.28 24.9706 30.9821 32.8317 19.0399 50.0024 1.6541 5.8813 11.9645 0.966 0.0 58.7763 2.2592 146.6607 235.8919 235.8919 46.8868 7.6079 63.4662 128.7063 95.8432 100.6472 77.6192 23.081 87.3821 0.0 6.4295 27.9613 1.7142 93.0465 78.4277;
	0.6996 9.4525 26.8329 25.2024 3.8044 2.4641 5.7164 4.8637 15.3542 6.2616 11.5745 17.2669 25.9952 27.1561 18.5025 6.9707 8.6488 9.1652 3.0443 19.3623 1.9055 5.7496 6.6417 30.8442 24.99 48.4744 3.6863 58.7212 171.2746 171.2746 144.0835 7.4938 10.1477 49.8386 85.138 73.0772 100.8227 29.2806 380.8322 66.9374 16.0543 27.3354 10.6105 76.6032 101.873;
	0.6058 8.1861 24.636 21.5516 6.4254 0.4092 0.0 1.878 0.2711 6.1322 11.3353 16.9101 25.458 3.2042 10.2539 3.8631 4.7931 5.0793 2.377 12.4127 0.0 0.9549 12.0662 22.0408 20.5412 43.0116 1.961 34.1148 33.785 33.785 38.2282 0.8176 7.9235 31.9504 10.0457 14.4149 11.8243 43.6008 76.8516 55.0211 1.3509 4.5396 47.0764 81.4995 11.9475;
	0.9253 12.5034 41.1799 9.783 10.3723 1.5297 1.9642 3.2629 4.5589 4.301 7.9503 11.8603 17.8556 4.5122 10.6889 4.027 4.9965 5.2948 0.8928 11.1028 0.6547 3.5693 31.7355 35.1549 39.8304 52.1185 1.0564 66.297 75.9653 75.9653 83.8593 4.1148 2.9761 28.5786 14.1464 32.4118 78.7472 69.0323 103.5892 106.6886 14.8524 16.9696 37.14 96.9501 79.5674;
	1.9176 25.9106 61.3795 18.6938 13.9483 8.5453 3.7147 0.0005 4.7154 10.889 20.1281 30.0271 45.2057 4.622 81.1117 30.5584 37.915 40.1786 8.0452 12.3678 1.2382 19.9391 55.3235 52.31 5.3657 51.9482 0.0133 173.416 119.3917 119.3917 269.8547 12.2733 26.8172 31.8348 14.4905 50.9405 156.5226 93.9908 214.8854 14.3724 6.0332 94.796 99.8522 136.3311 158.153;
	2.5402 34.3232 82.0997 10.7308 14.2449 6.4018 4.6676 0.1903 10.7832 27.0847 50.0656 74.6881 112.4425 8.6523 35.4089 13.3401 16.5516 17.5398 7.5177 11.3039 1.5559 14.9375 38.952 65.2447 69.1873 59.1106 0.2802 239.1115 181.7171 181.7171 138.5065 23.8157 25.0589 29.0963 27.1262 77.5326 202.3123 46.6972 202.7029 185.323 21.142 71.0172 117.2856 176.2925 204.4198;
	2.562 34.6179 48.7557 84.8193 14.7377 21.8397 7.8833 2.7169 24.5557 17.3548 32.0801 47.8573 72.0488 4.5783 68.3718 25.7587 31.9599 33.8679 15.7798 10.022 2.6278 50.9592 50.8065 68.3826 74.7189 39.5095 3.6191 201.3113 236.5205 236.5205 178.0851 44.2774 52.5993 25.7967 14.3537 100.9154 219.2316 47.6476 451.8426 200.1399 35.7731 242.2746 94.9274 142.9081 221.5152;
	2.8129 38.0081 28.9178 64.5949 10.0316 15.9659 6.2894 0.633 5.771 5.1529 9.525 14.2095 21.3923 29.8367 52.5312 19.7908 24.5553 26.0213 11.688 0.9768 2.0965 37.2538 24.7574 24.2497 15.6127 30.7743 1.4141 285.8678 296.9936 296.9936 121.8075 10.3108 38.96 2.5142 93.5422 126.7173 277.0851 118.4589 304.3798 41.8198 56.3886 177.1151 92.4144 113.5654 279.9714;
	3.4312 46.3632 87.0201 48.1323 14.4804 12.8741 6.8494 1.4851 24.1776 10.1318 18.7285 27.9393 42.0625 14.4377 117.3942 44.2276 54.875 58.1511 18.9797 7.0355 2.2831 30.0395 43.8258 5.6912 13.5272 7.1769 2.1463 405.5859 336.0815 336.0815 205.98 13.9601 63.2657 18.1093 45.2642 143.3948 334.1117 50.6548 339.0267 36.2335 60.7835 142.8165 41.1725 184.5035 337.5921;
	3.5915 48.5284 47.396 15.8306 14.9076 3.2748 0.837 1.105 0.5749 5.253 9.7101 14.4856 21.8079 4.9979 58.9405 22.2055 27.5513 29.1961 3.9554 2.3071 0.279 7.6412 7.217 6.0645 25.4944 15.105 4.9233 356.5424 390.9794 390.9794 204.0027 28.2498 13.1848 5.9384 15.669 166.8179 462.8261 78.1886 46.7496 68.2885 23.3568 36.3283 139.1757 236.3212 467.6473;
	2.9602 39.9982 60.0939 45.0061 14.906 20.1198 4.6117 3.0933 1.1415 1.4381 2.6582 3.9656 5.9701 8.2337 142.8005 53.7993 66.7509 70.7361 1.7437 24.7568 1.5372 46.9461 15.4037 21.5241 25.3121 52.824 8.1159 543.142 507.8075 507.8075 334.9287 36.1404 5.8125 63.7241 25.8138 216.6645 554.1824 93.6143 91.6937 67.8003 17.7108 223.1952 121.1096 234.7801 559.9551;
	3.2646 44.1123 88.5891 17.2738 14.9812 26.6717 0.785 1.1016 0.0 7.8089 14.4345 21.5335 32.4186 8.3142 46.2795 17.4355 21.633 22.9245 0.0194 42.5645 0.2617 62.234 26.5929 26.2046 27.8837 63.1045 2.737 675.7728 440.4509 440.4509 345.4581 42.9628 0.0647 109.5612 26.0661 187.9257 571.2793 66.2854 3.7314 74.6884 12.1621 295.8785 113.9415 220.616 577.2302;
