function windprofile = ex_wind_profilesh1
%EX_WIND_PROFILE_D  Example wind_load_nyiso profile data for deterministic unit commitment.
% 2022.03.12
% Andres F. Ramirez


%% define constants
[GEN_BUS, PG, QG, QMAX, QMIN, VG, MBASE, GEN_STATUS, PMAX, PMIN, ...
    MU_PMAX, MU_PMIN, MU_QMAX, MU_QMIN, PC1, PC2, QC1MIN, QC1MAX, ...
    QC2MIN, QC2MAX, RAMP_AGC, RAMP_10, RAMP_30, RAMP_Q, APF] = idx_gen;
[CT_LABEL, CT_PROB, CT_TABLE, CT_TBUS, CT_TGEN, CT_TBRCH, CT_TAREABUS, ...
    CT_TAREAGEN, CT_TAREABRCH, CT_ROW, CT_COL, CT_CHGTYPE, CT_REP, ...
    CT_REL, CT_ADD, CT_NEWVAL, CT_TLOAD, CT_TAREALOAD, CT_LOAD_ALL_PQ, ...
    CT_LOAD_FIX_PQ, CT_LOAD_DIS_PQ, CT_LOAD_ALL_P, CT_LOAD_FIX_P, ...
    CT_LOAD_DIS_P, CT_TGENCOST, CT_TAREAGENCOST, CT_MODCOST_F, ...
    CT_MODCOST_X] = idx_ct;

windprofile = struct( ...
    'type', 'mpcData', ...
    'table', CT_TGEN, ...
    'rows', [1:45], ...
    'col', PMAX, ...
    'chgtype', 1, ...
    'values', [] );
windprofile.values(:,1,:) = [
	0.7699 10.4028 55.9533 65.7706 7.6433 1.735 1.9671 8.3207 0.0 16.6929 30.8565 46.0319 69.3007 6.9354 144.3081 54.3672 67.4556 71.4828 82.7046 69.8398 0.6557 4.0484 64.9857 70.0661 51.5595 50.4429 4.2156 207.5135 339.543 339.543 237.4185 47.3519 275.6818 179.7679 21.7433 144.8717 398.609 87.7211 0.0063 138.1058 61.8657 19.2473 17.0698 70.8684 402.7611;
	0.5782 7.8127 52.392 62.9796 6.788 4.5813 1.8553 11.6202 0.0 9.2689 17.1334 25.5596 38.4799 4.9097 127.905 48.1874 59.7881 63.3576 80.075 71.1871 0.6184 10.6897 27.588 71.0778 55.5194 49.6843 6.2873 271.4776 247.6367 247.6367 170.5502 32.0217 266.9167 183.2357 15.3924 105.6583 333.5105 95.4821 16.1934 148.7128 78.7201 50.8218 28.4921 87.8287 336.9846;
	0.3014 4.0724 59.2256 67.7541 5.383 1.3545 0.0099 12.0609 0.0 8.7772 16.2246 24.2039 36.4388 0.362 93.0773 35.0663 43.5082 46.1057 70.3953 67.2748 0.0033 3.1606 3.9544 77.985 60.7244 56.5318 6.4884 206.099 60.5117 60.5117 56.9667 15.5601 234.6511 173.1655 1.135 25.8183 187.9514 15.9966 2.1998 162.6546 72.0592 15.0263 10.3551 97.8362 189.9093;
	0.3518 4.7537 63.4505 71.5337 7.1835 6.6695 0.0 12.651 0.0 6.838 12.6399 18.8563 28.388 0.0 106.3371 40.0619 49.7064 52.674 49.6065 66.9924 0.0 15.5621 31.172 73.9218 60.5057 63.955 7.1376 87.8477 35.8511 35.8511 29.6111 18.5998 165.3552 172.4385 0.0 15.2965 25.8772 16.0028 0.0 162.0689 64.7091 73.9869 19.8554 122.4275 26.1467;
	0.4657 6.2928 76.5815 74.9002 9.5531 3.3699 0.827 13.4826 0.0 6.4347 11.8945 17.7442 26.7138 0.1673 142.1822 53.5663 66.4619 70.4298 59.7425 70.0438 0.2757 7.8631 36.3595 75.4868 78.4426 66.8013 8.2241 63.4275 39.7036 39.7036 61.8122 10.0012 199.1415 180.293 0.5245 16.9402 22.3427 41.3621 0.0 210.114 66.788 37.3834 36.8185 122.9316 22.5754;
	0.4922 6.6504 80.1799 65.0412 10.4209 4.7287 0.6833 12.0245 0.1502 7.234 13.3719 19.9482 30.0319 0.2028 159.3444 60.0321 74.4842 78.931 81.3949 70.3162 0.2278 11.0337 32.4356 77.6173 59.9188 70.0413 7.8085 35.3542 54.6129 54.6129 54.6449 11.1036 271.3162 180.9941 0.6358 23.3015 26.7753 32.9951 0.0 160.4968 57.1921 52.4572 27.9015 133.7788 27.0542;
	0.4908 6.6315 55.4557 40.203 9.7517 3.4734 3.8692 7.6477 1.9186 6.8681 12.6955 18.9392 28.5129 0.0 130.9574 49.3374 61.2149 64.8696 68.6543 69.04 1.2897 8.1045 10.1722 52.5672 34.8925 65.0181 4.0407 23.168 51.9156 51.9156 59.6573 2.3762 228.8475 177.7092 0.0 22.1507 16.9832 29.3346 0.0 93.462 30.3439 38.5313 39.8428 127.6939 17.1601;
	0.5238 7.0778 33.4268 28.0944 4.1215 3.4312 5.0735 6.4146 2.4439 4.7595 8.798 13.1248 19.7593 3.6895 73.5519 27.7102 34.3812 36.4338 22.3381 49.0888 1.6912 8.0062 11.3487 33.4869 31.9633 58.4514 3.7673 10.826 103.9875 103.9875 104.3012 0.4651 74.4603 126.3548 11.5671 44.368 45.3012 40.7397 67.2951 85.6161 12.1298 38.064 71.2629 83.2153 45.7731;
	0.6299 8.5111 24.3831 25.2437 3.8761 4.2911 3.314 4.418 1.0524 0.2949 0.545 0.8131 1.2241 0.7424 19.6658 7.409 9.1926 9.7414 56.148 20.71 1.1047 10.0127 5.1219 32.4229 25.3468 47.9469 3.1889 49.806 93.7272 93.7272 117.2092 3.1579 187.1601 53.3076 2.3276 39.9903 143.1587 46.3526 43.4823 67.8932 8.0088 47.603 134.2359 62.5806 144.65;
	0.5125 6.9248 26.4182 24.9185 7.0976 0.1213 0.4134 2.7196 0.0412 0.1975 0.365 0.5446 0.8198 1.4955 12.9994 4.8974 6.0765 6.4392 19.0282 14.9659 0.1378 0.2831 8.8852 34.9614 26.4921 42.145 2.3195 38.2864 50.388 50.388 1.3286 0.4515 63.4274 38.5222 4.6887 21.4989 19.367 5.1182 5.5515 70.9609 4.4332 1.3461 52.9126 5.2935 19.5687;
	0.7068 9.5509 34.1129 0.3497 11.0316 0.1274 0.0 2.044 0.0 0.2193 0.4054 0.6048 0.9105 0.057 12.6071 4.7496 5.8931 6.2449 21.2532 12.5551 0.0 0.2973 26.8433 36.0171 28.8558 46.9631 0.6405 53.7641 58.87 58.87 1.3399 0.6541 70.8442 32.317 0.1786 25.1178 46.9322 5.3281 0.0 77.2924 0.0 1.4134 6.2071 80.7452 47.4211;
	1.5501 20.9452 58.3461 2.102 13.3975 2.2146 0.003 0.0 0.5127 0.0074 0.0137 0.0204 0.0307 0.192 5.8733 2.2127 2.7454 2.9093 0.9876 10.5439 0.001 5.1675 26.4262 50.6231 0.0 36.1972 0.0 156.2117 108.5756 108.5756 4.8841 3.3135 3.2919 27.14 0.6019 46.3256 117.7925 7.4179 0.0 0.0 0.0 24.5678 51.1504 109.6471 119.0195;
	2.0658 27.9129 76.1436 0.0 14.2701 0.0 0.0 0.0 4.9117 24.1693 44.6766 66.6488 100.3394 0.8255 0.2291 0.0863 0.1071 0.1135 0.7816 10.4065 0.0 0.0 20.7051 58.5482 56.604 48.2611 0.0 217.2701 166.7859 166.7859 2.775 2.6885 2.6053 26.7863 2.5881 71.162 170.5634 13.395 0.9129 151.6178 0.0 0.0001 112.1956 160.3338 172.3401;
	1.6816 22.7218 0.6013 0.5874 14.3008 18.2234 1.7168 0.0 8.4381 2.8885 5.3393 7.9652 11.9916 7.3184 0.7763 0.2925 0.3629 0.3846 0.001 8.8477 0.5723 42.5213 23.1227 0.158 0.2375 27.812 0.1863 209.9662 218.6605 218.6605 35.8265 7.1715 0.0033 22.774 22.9442 93.2951 188.2783 61.4367 50.1059 0.6362 0.0002 202.1583 81.0543 128.5688 190.2395;
	2.0234 27.3412 0.059 0.0 9.8999 0.0 4.4272 0.0075 6.7043 0.5321 0.9835 1.4672 2.2089 1.6785 0.0 0.0 0.0 0.0 0.0099 1.5239 1.4757 0.0 3.5521 0.0734 0.0 0.6762 0.3913 269.9788 254.3128 254.3128 87.6683 6.9482 0.0329 3.9226 5.2622 108.5068 219.6973 23.2582 42.1358 0.0 2.4361 0.0 79.514 92.9844 221.9859;
	3.0198 40.8043 83.7908 0.0039 14.3486 0.0 4.7758 1.6038 13.7335 2.3194 4.2875 6.396 9.6292 2.0485 0.0 0.0 0.0 0.0 0.0007 4.1433 1.5919 0.0 41.4971 0.0667 0.0398 2.46 1.0504 362.7608 271.8011 271.8011 167.914 11.9958 0.0024 10.665 6.4223 115.9685 276.1592 45.1762 124.6889 0.1067 11.9421 0.0 1.6792 157.3487 279.0358;
	3.3443 45.189 11.7344 0.5228 14.9489 0.3665 3.0401 2.3196 16.9891 5.8284 10.7736 16.0721 24.1965 4.1243 0.6508 0.2452 0.3042 0.3224 0.0595 3.0976 1.0134 0.8551 4.4002 33.091 6.3721 4.3396 2.2466 363.4353 351.102 351.102 178.0737 27.6438 0.1982 7.9733 12.9301 149.8035 420.0439 79.7885 157.3794 17.0681 28.9751 4.0653 132.2713 208.4679 424.4193;
	2.6542 35.8638 6.5165 1.9847 15.0959 18.8798 3.8937 1.4391 4.8995 0.6089 1.1255 1.6791 2.5278 18.6044 0.0938 0.0353 0.0438 0.0465 2.3405 1.3528 1.2979 44.0529 14.1831 5.1135 7.4059 2.9383 1.4648 543.3725 487.6281 487.6281 323.8577 36.8379 7.8018 3.4821 58.3274 208.0547 533.4867 105.9953 190.5757 19.8371 6.1035 209.4401 114.8619 208.726 539.0439;
	3.0117 40.6951 86.7662 2.0066 15.2351 24.3517 2.2152 1.4535 5.0598 7.7266 14.2824 21.3066 32.0769 9.0251 3.2217 1.2138 1.506 1.5959 27.7412 42.6444 0.7384 56.8206 30.6386 1.2922 9.3003 62.5033 2.1896 753.6285 451.979 451.979 372.5034 46.3576 92.4707 109.7669 28.2949 192.8444 612.978 88.4245 125.0069 24.9116 16.323 270.1415 109.0953 211.0647 619.3632;
	2.9734 40.1773 14.298 2.0819 14.82 1.1439 17.6885 1.556 25.7935 21.2128 39.2116 58.4959 88.0653 4.7454 44.9895 16.9495 21.03 22.2855 48.7152 23.5006 5.8962 2.6692 58.0837 5.1896 24.4098 54.7762 2.3508 723.9138 431.4096 431.4096 337.087 46.7153 162.3839 60.4906 14.8773 184.0681 557.8448 85.7269 73.45 65.3834 55.644 12.6899 103.0429 176.3656 563.6556;
