function windprofile = ex_wind_profilesh1
%EX_WIND_PROFILE_D  Example wind_load_nyiso profile data for deterministic unit commitment.
% 2022.03.12
% Andres F. Ramirez


%% define constants
[GEN_BUS, PG, QG, QMAX, QMIN, VG, MBASE, GEN_STATUS, PMAX, PMIN, ...
    MU_PMAX, MU_PMIN, MU_QMAX, MU_QMIN, PC1, PC2, QC1MIN, QC1MAX, ...
    QC2MIN, QC2MAX, RAMP_AGC, RAMP_10, RAMP_30, RAMP_Q, APF] = idx_gen;
[CT_LABEL, CT_PROB, CT_TABLE, CT_TBUS, CT_TGEN, CT_TBRCH, CT_TAREABUS, ...
    CT_TAREAGEN, CT_TAREABRCH, CT_ROW, CT_COL, CT_CHGTYPE, CT_REP, ...
    CT_REL, CT_ADD, CT_NEWVAL, CT_TLOAD, CT_TAREALOAD, CT_LOAD_ALL_PQ, ...
    CT_LOAD_FIX_PQ, CT_LOAD_DIS_PQ, CT_LOAD_ALL_P, CT_LOAD_FIX_P, ...
    CT_LOAD_DIS_P, CT_TGENCOST, CT_TAREAGENCOST, CT_MODCOST_F, ...
    CT_MODCOST_X] = idx_ct;

windprofile = struct( ...
    'type', 'mpcData', ...
    'table', CT_TGEN, ...
    'rows', [1:45], ...
    'col', PMAX, ...
    'chgtype', 1, ...
    'values', [] );
windprofile.values(:,1,:) = [
	0.7125 9.6272 55.6067 65.1091 7.2475 8.1577 7.4901 7.589 11.6094 16.6241 30.7294 45.8422 69.0152 31.8946 149.5454 56.3404 69.9038 74.0771 79.8116 67.4393 2.4967 19.0347 49.4054 71.6846 46.3531 45.9621 4.1203 188.884 334.7899 334.7899 240.0314 43.5216 266.0385 173.5888 99.9939 142.8437 384.554 87.723 239.6704 124.1601 64.8872 90.4963 59.4568 72.8808 388.5597;
	0.5187 7.0086 51.667 64.664 6.5874 13.6904 8.4796 11.6775 19.4658 11.4549 21.1742 31.5878 47.5553 55.5599 120.67 45.4617 56.4062 59.7738 70.4681 70.3628 2.8265 31.9443 23.8724 67.4504 50.8526 52.7028 6.3296 94.6789 252.9972 252.9972 170.6706 29.1826 234.8937 181.114 174.1878 107.9455 307.9591 92.3984 187.1463 136.2124 81.1925 151.8722 49.0965 91.9208 311.167;
	0.2848 3.8482 53.9862 63.6974 5.4633 3.038 2.5439 10.5697 0.0 8.9174 16.4836 24.5903 37.0206 34.4771 82.5807 31.1118 38.6017 40.9063 55.1236 68.664 0.848 7.0888 0.6396 76.04 51.5651 53.5154 5.5557 13.0476 195.9143 195.9143 258.3532 15.0292 183.7455 176.7414 108.0903 83.5901 164.4372 94.5037 15.1816 138.1208 66.0521 33.702 9.5276 98.2823 166.1501;
	0.4469 6.0384 64.7953 72.8778 7.2572 3.8312 6.8417 13.6697 0.0 15.5479 28.74 42.8745 64.5473 39.3636 80.1166 30.1835 37.4498 39.6857 36.6255 64.9314 2.2806 8.9395 43.2903 80.1802 58.7174 67.1497 7.3498 6.0852 144.9745 144.9745 116.2829 20.3942 122.085 167.1336 123.4103 61.8558 3.1776 82.9237 51.1043 157.2787 69.2491 42.501 24.5101 143.4872 3.2107;
	0.4425 5.9791 72.876 70.3931 9.2313 3.5657 0.3863 13.9615 0.0 13.7546 25.4251 37.9293 57.1023 18.0974 119.0186 44.8396 55.6343 58.9557 52.789 66.772 0.1288 8.3201 38.8528 82.2157 71.5483 70.9073 8.6505 24.1677 213.2068 213.2068 205.1846 9.9078 175.9635 171.8712 56.7379 90.9682 7.6505 61.7554 4.7595 191.6472 68.2343 39.556 22.7895 146.3171 7.7302;
	0.2741 3.7039 70.9113 54.4064 9.3915 3.4669 1.7264 12.3703 0.077 7.5074 13.8774 20.7023 31.1672 36.0636 133.3104 50.2239 62.3149 66.0352 67.7618 67.186 0.5755 8.0894 27.0849 78.115 51.4285 68.5681 7.7466 20.6087 213.2276 213.2276 102.6307 10.2605 225.8727 172.937 113.0642 90.9771 20.3065 62.1816 12.7528 137.755 51.4906 38.4592 22.5388 134.3407 20.518;
	0.4002 5.4073 53.9292 37.5606 9.6637 2.3607 3.9105 8.5365 1.9201 6.539 12.0872 18.0317 27.1466 62.9811 108.1904 40.7601 50.5727 53.592 59.1482 59.3274 1.3035 5.5083 15.9941 58.5107 33.9552 66.2647 4.2493 21.5796 109.3823 109.3823 75.6927 2.4549 197.1607 152.7088 197.4541 46.6698 7.8727 39.361 55.7994 90.9513 27.0538 26.1881 32.0258 141.0357 7.9547;
	0.4885 6.6014 30.9886 25.0543 3.7618 2.7346 4.673 7.0598 1.9084 4.0619 7.5084 11.2011 16.8632 61.258 63.501 23.9236 29.683 31.4552 17.7491 46.5056 1.5577 6.3806 7.9071 37.1857 32.2781 61.4393 4.1981 8.9801 47.1474 47.1474 64.9956 10.8046 59.1636 119.7056 192.052 20.1162 11.4313 78.6495 107.6096 86.4591 10.8923 30.3353 19.5072 106.9491 11.5504;
	0.5726 7.737 27.3057 25.1487 3.8706 2.8086 22.6277 5.5706 10.9499 2.3566 4.3561 6.4984 9.7833 14.637 19.809 7.4629 9.2596 9.8124 21.4253 17.2452 7.5426 6.5533 4.3517 37.5853 30.3561 54.7338 3.8977 13.01 166.4331 166.4331 368.6494 2.9933 71.4178 44.3891 45.889 71.0115 21.4511 62.9068 334.859 81.311 19.6906 31.1563 23.7368 80.3436 21.6745;
	0.5513 7.4495 30.3227 24.5884 7.3645 0.0 7.5653 4.1512 2.5322 0.7665 1.4169 2.1137 3.1822 5.5729 12.7141 4.79 5.9431 6.2979 16.4363 12.8893 2.5218 0.0 9.9904 29.5421 27.3104 49.7498 2.5185 26.3973 44.3557 44.3557 127.0473 0.6333 54.7876 33.1771 17.4718 18.9251 2.2697 24.5801 248.2243 73.153 8.0974 0.0 45.6267 92.7091 2.2933;
	0.8079 10.9164 42.9467 8.9067 9.3124 0.0 4.1486 3.4627 3.0088 0.2031 0.3754 0.56 0.8431 3.5207 41.5914 15.6693 19.4416 20.6023 23.6259 12.5817 1.3829 0.0 26.8146 33.2336 39.4845 54.6712 1.1179 48.224 62.9737 62.9737 58.2437 0.0 78.7529 32.3852 11.038 26.8688 45.5753 10.8618 80.8447 105.762 13.559 0.0 0.0817 95.8812 46.05;
	1.5099 20.4027 64.1166 13.2723 13.5483 0.0152 3.7064 0.0572 6.558 1.1463 2.119 3.1611 4.759 3.6162 4.1855 1.5769 1.9565 2.0733 22.4105 10.6811 1.2355 0.0354 46.0683 45.3674 0.2566 51.3389 0.0768 137.866 100.7918 100.7918 42.9323 1.9904 74.7018 27.4933 11.3374 43.0045 106.6448 26.3345 180.8456 0.6874 51.9797 0.1681 0.0924 127.0999 107.7557;
	2.0319 27.4549 81.2405 1.5248 13.9454 0.0 4.1789 0.7575 13.6255 24.6268 45.5222 67.9102 102.2384 2.095 0.1495 0.0563 0.0699 0.0741 10.8309 9.6621 1.393 0.0 31.745 55.1636 62.6867 54.79 0.0309 203.1244 145.2032 145.2032 7.2986 0.7505 36.103 24.8704 6.5682 61.9534 119.5651 28.3278 76.9984 167.9108 59.6316 0.0 104.7853 165.7796 120.8106;
	1.6011 21.6347 7.2319 0.0579 13.546 17.4093 2.6789 0.0 3.6567 1.7319 3.2015 4.776 7.1902 0.0 1.1935 0.4496 0.5579 0.5912 6.3234 7.6841 0.893 40.6216 44.5683 0.0 0.0 33.534 0.0008 184.4681 203.0299 203.0299 83.1999 3.6607 21.0779 19.7788 0.0 86.6261 165.275 71.0389 97.8377 0.0 3.9818 193.1269 73.1142 118.1983 166.9966;
	1.8301 24.7289 0.6258 0.0 8.8625 0.0 0.2679 0.0 0.0 0.1735 0.3207 0.4784 0.7203 0.4527 0.0 0.0 0.0 0.0 0.0257 0.0 0.0893 0.0 4.4329 0.0396 0.0 2.1874 0.0 244.9442 230.5896 230.5896 103.7597 0.5007 0.0857 0.0 1.4193 98.3849 203.5897 40.8197 12.3619 0.0 0.1455 0.0 67.7263 87.7805 205.7105;
	2.7039 36.535 81.756 0.0 12.5875 0.0 0.0 0.0003 0.0 4.1977 7.7595 11.5756 17.427 2.1075 0.0 0.0 0.0 0.0 0.0995 0.0369 0.0 0.0 40.2079 1.1175 0.0689 1.6062 0.2326 377.0076 257.4352 257.4352 189.6788 7.8568 0.3315 0.0949 6.6072 109.839 262.2966 49.6643 21.0062 0.1846 1.7171 0.0 0.0 154.7689 265.0289;
	3.2267 43.6 2.4282 7.3518 14.4089 0.0 3.2016 0.0261 1.696 3.1104 5.7496 8.5772 12.9129 11.6272 0.8034 0.3027 0.3756 0.398 0.0037 0.7679 1.0672 0.0 0.0428 9.9638 3.0671 0.6007 0.3615 356.6982 349.6501 349.6501 207.3298 19.7275 0.0122 1.9766 36.4529 149.184 408.5082 82.7585 83.9517 8.2155 6.1236 0.0 121.9216 200.438 412.7635;
	2.7525 37.192 18.4577 7.0966 13.9379 18.0934 4.0925 0.2752 1.1608 4.5142 8.3445 12.4483 18.7409 8.3689 0.0009 0.0003 0.0004 0.0005 0.0 0.4517 1.3642 42.2179 12.4162 7.9811 2.6128 0.7676 0.331 503.4693 448.1373 448.1373 351.831 32.1199 0.0 1.1626 26.2375 191.2052 484.7392 106.1587 43.3897 6.9987 32.9578 200.7162 104.4851 210.6431 489.7886;
	3.1091 42.0113 89.3501 22.4405 14.6427 25.8969 5.1696 0.6008 3.5863 8.7726 16.216 24.1911 36.4195 8.4541 0.0 0.0 0.0 0.0 0.0 37.6861 1.7232 60.4262 27.3268 50.004 8.4819 61.3835 3.0826 699.9242 434.9053 434.9053 394.9415 40.9106 0.0 97.004 26.5048 185.5596 574.603 80.3552 92.085 22.7194 51.5394 287.2833 102.2804 211.9319 580.5884;
	2.9907 40.4115 33.9047 9.2475 14.2797 5.4274 19.8546 0.2193 26.6698 23.1811 42.8499 63.9236 96.2367 13.351 0.0005 0.0002 0.0002 0.0003 0.0 20.4151 6.6182 12.6638 59.3116 6.0558 1.1414 50.3617 0.9239 718.4074 426.2485 426.2485 363.2096 40.5411 0.0 52.5485 41.8571 181.866 544.5539 82.6387 91.2649 3.0573 8.163 60.2074 100.9488 184.108 550.2263;
