function loadprofile = ex_load_profilesh1
%EX_LOAD_PROFILE  Example load profile data file for stochastic unit commitment.
% 2022.03.12
% Andres F. Ramirez

%% define constants
[CT_LABEL, CT_PROB, CT_TABLE, CT_TBUS, CT_TGEN, CT_TBRCH, CT_TAREABUS, ...
    CT_TAREAGEN, CT_TAREABRCH, CT_ROW, CT_COL, CT_CHGTYPE, CT_REP, ...
    CT_REL, CT_ADD, CT_NEWVAL, CT_TLOAD, CT_TAREALOAD, CT_LOAD_ALL_PQ, ...
    CT_LOAD_FIX_PQ, CT_LOAD_DIS_PQ, CT_LOAD_ALL_P, CT_LOAD_FIX_P, ...
    CT_LOAD_DIS_P, CT_TGENCOST, CT_TAREAGENCOST, CT_MODCOST_F, ...
    CT_MODCOST_X] = idx_ct;

loadprofile = struct( ...
    'type', 'mpcData', ...
    'table', CT_TAREALOAD, ...
    'rows', [1:11], ...
    'col', CT_LOAD_ALL_P, ...
    'chgtype', 1, ...
    'values', [] );
loadprofile.values(:,1,:) = [
	1555.9226 977.4404 1629.9854 573.7233 836.774 1176.9 850.1467 277.2 495.3565 4333.0499 1744.9939;
	1586.5669 986.1473 1679.9052 580.9279 843.0625 1185.5375 875.2 281.3718 500.978 4152.1054 1732.7121;
	1569.4762 991.9 1714.2 595.7038 847.3498 1217.2803 876.7313 279.1 518.7316 4300.4525 1757.1782;
	1657.2811 1064.2703 1817.3127 609.3004 922.405 1296.4 932.4 300.6 553.9 4636.9491 1859.5662;
	1796.4063 1188.7 1998.4327 621.1383 1051.3706 1436.9653 1038.9792 353.0154 612.8127 5215.6389 2058.8191;
	1875.1151 1248.8552 2073.0094 632.8747 1110.5468 1526.2 1101.7345 372.1 697.9364 5703.6258 2210.7854;
	1892.113 1279.4028 2081.4131 644.5 1114.2314 1548.4724 1128.1262 373.0 706.7 6065.2807 2295.2196;
	1880.0 1263.244 2103.9783 642.7359 1100.5382 1563.7536 1120.4343 374.9503 706.5347 6189.527 2324.4212;
	1868.7 1244.1 2068.3524 644.3207 1050.5 1547.191 1072.9215 374.9838 678.8289 5965.5568 2241.8329;
	1903.7564 1246.5862 2023.0283 627.137 1015.7 1534.9157 1053.7281 379.7737 650.1452 6097.484 2194.0287;
	1810.8134 1186.587 1951.8174 630.0371 1007.0608 1495.6442 1017.0933 380.0078 636.3839 6110.2572 2184.1535;
	1809.4096 1155.1466 1954.6308 625.2266 998.6181 1455.7431 977.3186 371.1369 585.424 6055.4925 2105.6419;
	1746.6019 1144.0242 1889.8464 625.6982 998.7392 1450.9045 980.3764 368.7051 618.8872 6082.2314 2040.8;
	1734.2 1160.8631 1874.7693 612.0772 995.3197 1403.3232 980.2526 378.2761 612.6426 6101.9186 1982.0516;
	1727.3801 1182.7757 1904.1108 628.8018 1003.0633 1446.9783 1002.1111 372.2283 610.5169 6108.2387 2117.0784;
	1769.4103 1177.5489 1925.7657 631.7 1012.8 1483.563 1037.687 355.4549 616.4983 6225.2287 2216.4;
	1808.5305 1198.4319 1960.6655 642.6581 1057.4472 1531.717 1099.2722 384.0214 658.7122 6142.6168 2347.8596;
	1841.5652 1228.84 2007.6453 667.6794 1050.4328 1540.7562 1138.7022 373.0895 699.1176 6024.3821 2434.6936;
	1866.2 1237.5911 2009.3263 648.5607 1032.5 1549.5421 1096.7797 376.5365 674.3101 5801.2604 2347.0064;
	1759.1069 1149.1689 1892.6 632.5947 941.8011 1421.1499 1003.9829 348.1218 650.9187 5519.1583 2167.8136;
	1680.4775 1077.3565 1766.5 620.9659 865.5926 1368.9303 939.5782 313.1833 580.1499 5151.4819 2092.3441;
	1585.9481 1017.2781 1672.8175 630.3838 820.0635 1257.1116 882.4315 292.624 544.5541 4874.4359 1875.632;
	1487.2484 953.6603 1579.5485 636.4907 764.4719 1180.5653 773.7786 286.4463 451.8103 3820.8823 1707.5566;
	1421.0829 918.5943 1531.7321 603.8935 710.9563 1142.0665 734.2986 266.3821 362.0857 2977.0036 1487.2562;
];
