function loadprofile = ex_load_profilesh1
%EX_LOAD_PROFILE  Example load profile data file for stochastic unit commitment.
% 2022.03.12
% Andres F. Ramirez

%% define constants
[CT_LABEL, CT_PROB, CT_TABLE, CT_TBUS, CT_TGEN, CT_TBRCH, CT_TAREABUS, ...
    CT_TAREAGEN, CT_TAREABRCH, CT_ROW, CT_COL, CT_CHGTYPE, CT_REP, ...
    CT_REL, CT_ADD, CT_NEWVAL, CT_TLOAD, CT_TAREALOAD, CT_LOAD_ALL_PQ, ...
    CT_LOAD_FIX_PQ, CT_LOAD_DIS_PQ, CT_LOAD_ALL_P, CT_LOAD_FIX_P, ...
    CT_LOAD_DIS_P, CT_TGENCOST, CT_TAREAGENCOST, CT_MODCOST_F, ...
    CT_MODCOST_X] = idx_ct;

loadprofile = struct( ...
    'type', 'mpcData', ...
    'table', CT_TAREALOAD, ...
    'rows', [1:11], ...
    'col', CT_LOAD_ALL_P, ...
    'chgtype', 1, ...
    'values', [] );
loadprofile.values(:,1,:) = [
	1465.7604 966.1242 1586.4033 557.059 849.5444 1192.4649 933.0086 271.4 539.6472 4552.5574 1769.7469;
	1434.4996 959.2119 1545.8364 557.9598 813.2878 1152.8969 900.2 256.6847 532.1641 4432.1024 1763.3568;
	1486.2423 994.6704 1621.3607 585.1395 846.7315 1209.6657 921.8921 254.6511 541.6 4511.3963 1802.6;
	1546.0899 1056.5177 1735.4772 597.8198 906.2066 1280.8 975.9 290.0 580.4108 4741.7558 1912.969;
	1677.7356 1160.5325 1877.8907 621.6709 1020.8 1421.6319 1085.0 311.3927 654.3349 5240.5236 2146.1096;
	1789.8683 1240.9128 2017.4552 617.0025 1071.8741 1543.8998 1148.1581 351.6665 721.6 5845.8852 2356.5451;
	1754.6151 1229.0061 1982.15 617.5 1080.3677 1504.6113 1122.7051 353.7 713.3123 6092.3622 2306.3008;
	1752.7992 1195.4136 1926.6281 621.212 1067.4 1445.6687 1092.2473 352.3383 721.6907 6007.7475 2251.8679;
	1768.5996 1185.718 1924.9568 612.9632 1045.4094 1379.2537 1057.435 334.3 700.4 6088.1468 2198.0595;
	1757.4169 1208.4043 1879.56 622.7994 1042.4 1342.1642 1036.8343 334.4 693.2 6208.4174 2240.7816;
	1795.8253 1228.8097 1878.1717 640.3832 1029.1166 1350.0019 1025.4112 332.7243 681.4448 6299.2412 2232.1837;
	1743.5 1212.6759 1858.5 637.7564 1013.6 1278.6776 1063.2665 348.0975 697.3031 6332.3513 2234.0786;
	1736.2505 1211.9 1832.2485 632.854 957.518 1204.8038 1021.8842 335.5567 672.5077 6330.8516 2203.21;
	1723.5196 1205.0689 1836.7242 606.1684 914.8544 1282.7 1014.142 327.8726 692.7147 6271.6091 2158.2967;
	1726.4507 1199.0482 1868.3726 606.1456 940.2889 1341.1 1037.1858 332.5 703.0378 6339.6093 2246.5012;
	1717.876 1184.5295 1847.509 595.3 944.9741 1372.2522 1043.5597 325.7655 698.5402 6335.5192 2307.4629;
	1778.6046 1198.2944 1918.74 609.0 995.6452 1425.289 1102.6583 337.3249 724.7604 6215.8515 2377.0655;
	1826.0071 1255.1236 1948.9154 607.1435 1006.91 1468.0608 1168.0786 351.8994 781.265 6253.5843 2523.1712;
	1855.157 1273.1973 1960.0925 620.1 981.7 1461.3 1169.5384 338.8366 774.5823 6109.8374 2498.2238;
	1804.1431 1175.9 1844.3466 590.4 927.4157 1364.7237 1118.68 321.5291 717.1923 5922.6768 2353.2816;
	1686.6036 1090.2 1722.2505 582.6333 834.3764 1236.9487 1016.4171 283.6123 653.6349 5547.4631 2160.6;
	1640.8534 1025.2861 1619.6281 567.3361 787.0562 1170.9876 933.3404 253.0852 601.6528 5091.5979 1938.4752;
	1534.1769 941.6501 1532.1279 544.579 746.1791 1063.2798 880.6813 263.9 565.4472 4834.9725 1838.9085;
	1478.7 917.9981 1491.1159 557.2534 751.2125 1035.492 874.6883 250.8041 535.4 4554.0999 1763.2411;
];
