function solarprofile = ex_solar_profilesh1
%EX_WIND_PROFILE_D  Example wind_load_nyiso profile data for deterministic unit commitment.
% 2022.03.12
% Andres F. Ramirez


%% define constants
[GEN_BUS, PG, QG, QMAX, QMIN, VG, MBASE, GEN_STATUS, PMAX, PMIN, ...
    MU_PMAX, MU_PMIN, MU_QMAX, MU_QMIN, PC1, PC2, QC1MIN, QC1MAX, ...
    QC2MIN, QC2MAX, RAMP_AGC, RAMP_10, RAMP_30, RAMP_Q, APF] = idx_gen;
[CT_LABEL, CT_PROB, CT_TABLE, CT_TBUS, CT_TGEN, CT_TBRCH, CT_TAREABUS, ...
    CT_TAREAGEN, CT_TAREABRCH, CT_ROW, CT_COL, CT_CHGTYPE, CT_REP, ...
    CT_REL, CT_ADD, CT_NEWVAL, CT_TLOAD, CT_TAREALOAD, CT_LOAD_ALL_PQ, ...
    CT_LOAD_FIX_PQ, CT_LOAD_DIS_PQ, CT_LOAD_ALL_P, CT_LOAD_FIX_P, ...
    CT_LOAD_DIS_P, CT_TGENCOST, CT_TAREAGENCOST, CT_MODCOST_F, ...
    CT_MODCOST_X] = idx_ct;

solarprofile = struct( ...
    'type', 'mpcData', ...
    'table', CT_TGEN, ...
    'rows', [1:12], ...
    'col', PMAX, ...
    'chgtype', 1, ...
    'values', [] );
solarprofile.values(:,1,:) = [
	0.0 0.0 0.0 0.0 0.0 0.0 0.0 0.0 0.0 0.0 0.0 0.0;
	0.0 0.0 0.0 0.0 0.0 0.0 0.0 0.0 0.0 0.0 0.0 0.0;
	0.0 0.0 0.0 0.0 0.0 0.0 0.0 0.0 0.0 0.0 0.0 0.0;
	0.0 0.0 0.0 0.0 0.0 0.0 0.0 0.0 0.0 0.0 0.0 0.0;
	0.0 0.0 0.0 0.0 0.0 0.0 0.0 0.0 0.0 0.0 0.0 0.0;
	0.4731 0.4018 0.4224 0.0 0.0 0.0 0.0 0.2 0.0 0.0 0.0 0.0;
	0.4917 0.5713 0.7054 2.7237 4.4202 125.0172 15.6271 18.6545 62.4668 39.1273 2.3044 70.8598;
	0.8993 1.3402 2.2623 7.1314 7.8953 434.0928 54.2616 70.4899 256.8563 34.7347 1.4517 62.9048;
	9.3003 10.0405 11.1626 9.3647 9.3988 450.4763 56.3095 74.6514 271.0206 41.1413 1.9574 74.5071;
	23.2817 15.9584 12.879 6.3612 7.9844 281.0514 35.1314 57.6981 172.3296 72.8124 9.3975 131.8636;
	24.8373 16.1658 12.5164 6.3256 9.4573 147.8235 18.4779 57.375 165.5977 103.22 23.4429 186.932;
	24.9979 16.0651 11.4631 5.7449 8.9538 114.9081 14.3635 57.1568 181.8554 103.9935 32.0718 188.3329;
	14.0816 8.9888 5.1571 3.417 3.2202 100.9316 12.6165 20.5069 109.3406 53.3534 16.9124 96.6234;
	14.675 9.7385 5.0254 2.924 1.1753 134.9366 16.8671 15.5546 99.2194 30.6225 10.6615 55.4576;
	11.8166 7.6982 5.6476 2.5558 0.6477 120.412 15.0515 10.6426 76.0802 26.8278 9.0422 48.5853;
	6.0749 3.812 3.207 1.1753 0.17 21.9948 2.7494 3.2963 16.0594 13.7606 4.7796 24.9206;
	0.6844 0.4258 0.5071 0.409 0.354 7.9474 0.9934 3.4095 9.9032 6.2565 3.4262 11.3305;
	0.0 0.0 0.0 0.0 0.0 0.0 0.0 0.0 0.0 0.0 0.0 0.0;
	0.0 0.0 0.0 0.0 0.0 0.0 0.0 0.0 0.0 0.0 0.0 0.0;
	0.0 0.0 0.0 0.0 0.0 0.0 0.0 0.0 0.0 0.0 0.0 0.0;
	0.0 0.0 0.0 0.0 0.0 0.0 0.0 0.0 0.0 0.0 0.0 0.0;
	0.0 0.0 0.0 0.0 0.0 0.0 0.0 0.0 0.0 0.0 0.0 0.0;
	0.0 0.0 0.0 0.0 0.0 0.0 0.0 0.0 0.0 0.0 0.0 0.0;
	0.0 0.0 0.0 0.0 0.0 0.0 0.0 0.0 0.0 0.0 0.0 0.0;
];
