function windprofile = ex_wind_profilesh1
%EX_WIND_PROFILE_D  Example wind_load_nyiso profile data for deterministic unit commitment.
% 2022.03.12
% Andres F. Ramirez


%% define constants
[GEN_BUS, PG, QG, QMAX, QMIN, VG, MBASE, GEN_STATUS, PMAX, PMIN, ...
    MU_PMAX, MU_PMIN, MU_QMAX, MU_QMIN, PC1, PC2, QC1MIN, QC1MAX, ...
    QC2MIN, QC2MAX, RAMP_AGC, RAMP_10, RAMP_30, RAMP_Q, APF] = idx_gen;
[CT_LABEL, CT_PROB, CT_TABLE, CT_TBUS, CT_TGEN, CT_TBRCH, CT_TAREABUS, ...
    CT_TAREAGEN, CT_TAREABRCH, CT_ROW, CT_COL, CT_CHGTYPE, CT_REP, ...
    CT_REL, CT_ADD, CT_NEWVAL, CT_TLOAD, CT_TAREALOAD, CT_LOAD_ALL_PQ, ...
    CT_LOAD_FIX_PQ, CT_LOAD_DIS_PQ, CT_LOAD_ALL_P, CT_LOAD_FIX_P, ...
    CT_LOAD_DIS_P, CT_TGENCOST, CT_TAREAGENCOST, CT_MODCOST_F, ...
    CT_MODCOST_X] = idx_ct;

windprofile = struct( ...
    'type', 'mpcData', ...
    'table', CT_TGEN, ...
    'rows', [1:45], ...
    'col', PMAX, ...
    'chgtype', 1, ...
    'values', [] );
windprofile.values(:,1,:) = [
	0.6476 8.7504 55.2509 61.4778 6.3893 0.0 0.0 2.9617 0.0 8.7404 16.1566 24.1024 36.2861 1.5293 121.2155 45.6672 56.6612 60.044 56.0919 67.0135 0.0 0.0 65.6448 67.5168 47.3783 43.7334 2.4569 224.8129 199.3771 199.3771 157.4551 41.6647 186.973 172.4929 4.7946 85.0676 359.9706 65.4682 0.0 126.9063 64.4149 0.0 2.0935 56.5089 363.7203;
	0.3733 5.0443 52.8505 60.5046 5.5073 0.0 0.0 9.4132 0.0 0.0 0.0 0.0 0.0 0.0442 88.1897 33.2249 41.2235 43.6847 44.2713 66.3698 0.0 0.0 10.024 70.0769 46.5972 48.1441 5.0496 72.6191 113.2736 113.2736 82.926 18.4193 147.571 170.8359 0.1386 48.3301 247.4272 65.1774 0.0 124.814 65.7836 0.0 1.7516 72.3484 250.0045;
	0.2737 3.6987 57.5874 61.8785 5.3568 0.0 0.0 8.4149 0.0 7.5087 13.8797 20.7057 31.1724 2.2435 56.7893 21.395 26.5457 28.1305 37.0322 65.638 0.0 0.0 23.5474 75.1037 48.8652 52.9988 4.7543 8.0084 0.0 0.0 0.5157 13.4642 123.4406 168.9523 7.0338 0.0 135.766 0.0235 0.0 130.8888 64.201 0.0 2.2757 88.0881 137.1803;
	0.3752 5.0701 59.3485 65.6174 8.2806 0.0 0.0 10.2871 0.0 14.7754 27.3121 40.7443 61.3403 0.6713 74.141 27.9322 34.6566 36.7256 31.9717 66.3218 0.0 0.0 48.9381 75.9306 54.8368 61.9353 6.4189 34.8071 0.0 0.0 2.1201 17.9745 106.5724 170.7126 2.1045 0.0 1.0874 1.8461 0.0 146.8844 65.4165 0.0 0.6163 122.576 1.0987;
	0.4627 6.2516 73.0898 70.4878 9.434 0.0 0.0 12.1296 0.0 11.8119 21.8342 32.5723 49.0375 0.6541 115.5225 43.5224 54.0 57.2239 53.4912 69.764 0.0 0.0 45.4183 77.1282 71.482 67.9732 7.5612 40.0849 3.5526 3.5526 7.2302 8.3568 178.304 179.5727 2.0505 1.5158 7.3587 2.1356 0.0 191.4698 67.5496 0.0 0.2036 131.5714 7.4354;
	0.4993 6.7468 78.142 62.0869 10.8842 4.1257 0.0 11.9643 0.0028 7.0484 13.0288 19.4365 29.2615 0.0 147.0766 55.4102 68.7498 72.8542 80.028 71.8416 0.0 9.6267 30.5039 78.7014 55.9956 69.421 7.3848 39.3107 0.0691 0.0691 0.698 9.7309 266.76 184.9205 0.0 0.0295 0.5695 0.6205 4.2656 149.9882 52.276 45.768 22.6864 135.9543 0.5755;
	0.3494 4.7215 54.5794 38.6679 9.4652 1.9503 2.9747 6.6267 1.9182 5.4885 10.1454 15.1349 22.7855 3.0665 120.3111 45.3265 56.2384 59.5959 65.3079 68.4669 0.9916 4.5508 19.4545 53.4571 32.3351 59.8712 3.8276 33.7511 2.9654 2.9654 3.1102 0.2554 217.6929 176.2341 9.6139 1.2652 1.2447 0.3556 8.6152 86.6117 29.2263 21.6356 19.3189 131.7405 1.2576;
	0.4057 5.4821 29.2289 27.5717 4.0156 2.4081 3.6994 5.9229 2.0367 1.8202 3.3645 5.0192 7.5564 1.8834 56.8124 21.4038 26.5565 28.142 19.1635 45.9732 1.2331 5.619 1.8646 35.4089 28.6851 59.5932 4.1421 13.5073 0.7114 0.7114 0.0 0.0 63.8783 118.3351 5.9048 0.3035 0.7238 0.0 14.5328 76.8351 11.4394 26.7141 0.0 99.2221 0.7313;
	0.3496 4.7237 12.7907 20.189 3.3196 0.0 0.0 4.6497 0.0 0.0009 0.0017 0.0026 0.0039 2.7771 10.9535 4.1266 5.1201 5.4258 9.0568 18.8991 0.0 0.0 2.7319 28.6485 17.1478 50.1979 4.3214 13.7225 0.3889 0.3889 0.6248 0.0 30.1893 48.6463 8.7065 0.1659 0.0 0.1623 0.0 45.9315 10.0891 0.0 0.0 70.7338 0.0;
	0.4101 5.5417 23.334 23.3579 7.21 0.0062 0.0 4.0851 0.1508 0.123 0.2273 0.3391 0.5105 17.1701 7.5151 2.8313 3.5129 3.7226 24.5777 13.8202 0.0 0.0146 9.4804 28.0615 22.4948 44.3122 3.2485 103.2895 38.0677 38.0677 13.414 0.0 81.9255 35.5731 53.8306 16.2422 12.7609 2.0587 4.8894 60.2539 8.0519 0.0693 43.8367 87.5097 12.8938;
	0.8537 11.5349 41.4424 4.8076 11.4038 4.5844 0.785 3.7027 1.7654 0.0015 0.0027 0.004 0.0061 9.7143 11.8713 4.4724 5.5491 5.8804 28.2311 12.4786 0.2617 10.6969 6.6631 34.3823 39.315 50.0472 1.5444 75.3062 73.1152 73.1152 17.7133 0.0 94.1035 32.12 30.4558 31.1958 71.8579 2.3731 33.8069 105.308 14.1924 50.8562 19.8183 98.594 72.6064;
	1.498 20.241 59.77 6.1929 13.2837 1.6821 0.5347 0.8267 2.4119 0.0016 0.0029 0.0044 0.0066 19.9063 20.8593 7.8586 9.7505 10.3326 38.5404 11.0461 0.1782 3.925 44.5715 50.85 2.7011 50.2978 1.9281 142.0919 107.6657 107.6657 5.7641 0.8191 128.468 28.4327 62.4091 45.9374 133.5431 1.3498 28.971 7.235 5.4811 18.6604 9.6467 133.3492 134.9341;
	2.2227 30.0341 82.1511 1.9323 14.4631 0.8952 2.635 0.3089 2.167 23.8236 44.0376 65.6954 98.9041 14.038 70.8467 26.6911 33.1167 35.0938 66.3909 11.6638 0.8783 2.0888 33.4523 64.3489 65.3288 54.7477 0.3676 226.9474 174.4194 174.4194 19.5616 0.0 221.3031 30.0227 44.0111 74.4189 196.8571 0.3989 65.2345 174.9879 3.0917 9.9307 112.3452 181.2274 198.9077;
	1.8193 24.5824 2.9214 0.4727 14.4268 18.8311 6.6317 0.4372 3.5689 0.5287 0.9773 1.4579 2.1948 5.0324 31.0743 11.7071 14.5254 15.3926 50.0881 9.084 2.2106 43.9393 44.1689 8.7979 5.553 32.3602 0.0682 200.2042 220.1419 220.1419 12.6666 0.0 166.9602 23.3822 15.7774 93.9272 201.2094 6.5811 123.1488 14.874 0.8835 208.9001 86.0949 133.7748 203.3054;
	2.0361 27.5116 0.0 0.0 10.1395 0.5121 3.3699 0.0172 9.6245 3.0939 5.719 8.5316 12.8442 0.6599 20.9848 7.9059 9.8092 10.3948 7.3403 25.3292 1.1233 1.1948 30.5318 5.3242 0.576 6.2958 0.034 256.3885 252.7078 252.7078 87.5883 4.3385 24.4678 65.1973 2.0689 107.822 246.4601 12.7817 36.7227 1.5428 0.0561 5.6805 79.9958 93.8993 249.0274;
	2.7794 37.5561 75.3599 0.0 13.9853 4.2713 4.4547 0.0 6.7036 2.4734 4.572 6.8205 10.2682 0.1253 5.2148 1.9646 2.4376 2.5831 2.7516 4.9549 1.4849 9.9664 46.4998 0.2063 0.0 0.0096 0.0 412.9928 283.2061 283.2061 169.5659 8.7697 9.172 12.7539 0.3927 120.8346 317.8242 40.2573 54.9822 0.0 0.0 47.3831 21.8604 162.0256 321.1349;
	2.789 37.6854 0.0 0.0459 14.3664 1.929 6.4005 0.2058 4.1685 0.1184 0.2188 0.3265 0.4915 0.0 9.0321 3.4028 4.222 4.4741 18.7663 5.9614 2.1335 4.501 0.5896 0.9515 2.7976 1.2031 0.0239 425.3594 395.1278 395.1278 181.8485 22.4519 62.5544 15.3448 0.0 168.5879 498.9164 72.8657 86.4941 7.4935 0.2478 21.3992 135.8904 202.704 504.1135;
	2.4315 32.8547 0.0 0.0 14.0426 17.4774 3.5706 0.0 1.7966 2.51 4.6398 6.9216 10.4204 2.821 0.402 0.1515 0.1879 0.1991 10.3555 2.1427 1.1902 40.7807 15.4573 0.4685 0.9921 1.0639 0.0 578.8031 485.5439 485.5439 311.743 31.3763 34.5182 5.5154 8.8443 207.1654 590.0539 93.2246 19.9048 2.6575 0.0437 193.8831 103.2813 197.2629 596.2003;
	2.8532 38.553 87.4968 46.9342 14.6464 25.3273 1.3695 4.0926 1.7173 8.4074 15.541 23.1841 34.9035 8.4526 10.7514 4.0505 5.0256 5.3257 70.6801 41.8726 0.4565 59.0971 31.2917 81.9715 76.9075 66.0789 6.1437 828.359 471.1823 471.1823 358.2001 42.3926 235.6003 107.7801 26.4999 201.0378 661.7404 75.2765 2.2873 206.0022 11.4202 280.9643 99.6386 200.4657 668.6335;
	2.893 39.0908 6.389 15.9216 14.332 0.0759 18.0557 0.8267 25.8676 20.4471 37.7961 56.3843 84.8863 7.311 0.0 0.0 0.0 0.0 4.3112 19.8969 6.0186 0.1772 58.7832 30.5365 42.7095 55.19 1.0663 792.5181 461.0822 461.0822 338.448 39.334 14.3708 51.2146 22.9208 196.7284 611.08 79.8041 0.0 114.4003 4.387 0.8424 97.9237 174.0514 617.4454;
	3.2142 43.4304 88.0703 27.5199 14.7782 5.4622 5.2581 1.5638 26.9198 23.04 42.5892 63.5347 95.6511 9.6194 23.9058 9.0064 11.1746 11.8417 12.2579 28.5137 1.7527 12.7451 73.0087 84.6485 37.5995 61.5456 2.6527 682.0882 424.8692 424.8692 263.4673 49.4567 40.8597 73.3942 30.1583 181.2775 612.9927 77.9233 14.7441 100.713 10.1788 60.5938 109.6693 174.2394 619.378;
