function loadprofile = ex_load_profilesh1
%EX_LOAD_PROFILE  Example load profile data file for stochastic unit commitment.
% 2022.03.12
% Andres F. Ramirez

%% define constants
[CT_LABEL, CT_PROB, CT_TABLE, CT_TBUS, CT_TGEN, CT_TBRCH, CT_TAREABUS, ...
    CT_TAREAGEN, CT_TAREABRCH, CT_ROW, CT_COL, CT_CHGTYPE, CT_REP, ...
    CT_REL, CT_ADD, CT_NEWVAL, CT_TLOAD, CT_TAREALOAD, CT_LOAD_ALL_PQ, ...
    CT_LOAD_FIX_PQ, CT_LOAD_DIS_PQ, CT_LOAD_ALL_P, CT_LOAD_FIX_P, ...
    CT_LOAD_DIS_P, CT_TGENCOST, CT_TAREAGENCOST, CT_MODCOST_F, ...
    CT_MODCOST_X] = idx_ct;

loadprofile = struct( ...
    'type', 'mpcData', ...
    'table', CT_TAREALOAD, ...
    'rows', [1:11], ...
    'col', CT_LOAD_ALL_P, ...
    'chgtype', 1, ...
    'values', [] );
loadprofile.values(:,1,:) = [
	1558.9 955.9944 1695.9275 588.4 768.1383 1145.6422 925.6785 245.1931 522.8704 4570.97 1762.7332;
	1573.4614 957.4669 1696.5067 575.0958 781.8 1152.6834 907.9229 249.8612 498.0893 4474.6081 1725.4183;
	1586.8 978.8 1722.8265 589.7952 819.9011 1197.5502 941.4255 259.7387 513.9363 4471.5955 1772.6442;
	1691.1 1064.4844 1826.9151 582.1205 889.1029 1289.9989 980.0469 287.1 527.8305 4653.403 1882.2248;
	1785.0 1164.7968 1980.2119 614.9846 986.0891 1423.86 1072.4756 318.8867 588.4929 5250.1849 2109.9222;
	1840.5193 1252.1354 2118.5796 615.3228 1060.1825 1532.8 1147.1 356.6 665.206 5848.2111 2287.4417;
	1838.4028 1268.6059 2097.5 611.0718 1088.4474 1505.1877 1194.4 368.7379 712.8 6348.1905 2381.2544;
	1863.4785 1258.9 2046.1431 590.3429 1052.7 1471.8686 1153.3968 357.2133 699.2862 6387.4137 2291.8812;
	1826.1281 1242.0044 1989.0158 582.0751 1056.7525 1468.3669 1134.7975 347.2 689.7637 6393.1242 2266.0794;
	1825.7685 1233.6271 1985.2014 571.0154 1063.7697 1490.877 1109.4431 360.3737 688.2463 6369.0522 2333.8559;
	1816.3 1214.2747 1973.8284 564.4169 1043.516 1449.8388 1118.2 362.0906 680.3579 6385.417 2315.1579;
	1809.2549 1186.7905 1970.0 564.0815 1029.5 1439.3178 1099.4001 356.5065 678.1427 6363.6312 2230.7;
	1800.505 1147.3492 1917.6679 559.5827 1022.4758 1409.2643 1104.7819 329.3913 695.1801 6342.9343 2280.5729;
	1799.7226 1190.1 1975.2156 573.3533 1020.5559 1454.7954 1112.3876 346.4076 694.4 6416.4133 2517.8531;
	1772.8993 1174.1534 1982.4848 578.3921 1031.0899 1422.2651 1175.574 343.2483 733.209 6447.7817 2668.6904;
	1731.1905 1189.4246 2014.5283 568.3947 1016.7668 1464.9317 1115.7466 322.4353 716.0384 6428.2503 2510.4021;
	1825.4428 1254.0074 2119.692 583.4313 1058.1206 1508.8578 1147.8219 359.831 763.4125 6303.5629 2623.1021;
	1888.9931 1289.1032 2164.6882 579.0509 1090.5 1544.9856 1175.6 367.5242 753.2122 6249.5566 2566.9802;
	1865.8042 1265.7465 2121.5248 575.6207 1059.4588 1520.8366 1193.6096 349.1379 738.9337 6104.0697 2491.2217;
	1819.213 1189.7319 2011.1619 570.7874 973.3 1443.2638 1148.1424 337.2981 699.2253 5769.9054 2396.2682;
	1721.3556 1119.7831 1867.3167 549.5505 904.0001 1331.9497 1062.09 289.2239 638.3 5300.5113 2181.766;
	1646.9797 1039.5 1737.1354 546.4718 858.5721 1245.5737 978.3817 255.6907 584.9 4948.0605 1913.6553;
	1511.6685 970.6 1705.7091 548.0259 817.7 1183.5 930.8782 240.9208 553.3 4527.83 1769.9101;
	1508.3384 943.068 1631.5186 560.5635 782.9199 1164.1836 892.6896 226.1 517.2061 4081.2474 1685.9459;
];
