function solarprofile = ex_solar_profilesh1
%EX_WIND_PROFILE_D  Example wind_load_nyiso profile data for deterministic unit commitment.
% 2022.03.12
% Andres F. Ramirez


%% define constants
[GEN_BUS, PG, QG, QMAX, QMIN, VG, MBASE, GEN_STATUS, PMAX, PMIN, ...
    MU_PMAX, MU_PMIN, MU_QMAX, MU_QMIN, PC1, PC2, QC1MIN, QC1MAX, ...
    QC2MIN, QC2MAX, RAMP_AGC, RAMP_10, RAMP_30, RAMP_Q, APF] = idx_gen;
[CT_LABEL, CT_PROB, CT_TABLE, CT_TBUS, CT_TGEN, CT_TBRCH, CT_TAREABUS, ...
    CT_TAREAGEN, CT_TAREABRCH, CT_ROW, CT_COL, CT_CHGTYPE, CT_REP, ...
    CT_REL, CT_ADD, CT_NEWVAL, CT_TLOAD, CT_TAREALOAD, CT_LOAD_ALL_PQ, ...
    CT_LOAD_FIX_PQ, CT_LOAD_DIS_PQ, CT_LOAD_ALL_P, CT_LOAD_FIX_P, ...
    CT_LOAD_DIS_P, CT_TGENCOST, CT_TAREAGENCOST, CT_MODCOST_F, ...
    CT_MODCOST_X] = idx_ct;

solarprofile = struct( ...
    'type', 'mpcData', ...
    'table', CT_TGEN, ...
    'rows', [1:12], ...
    'col', PMAX, ...
    'chgtype', 1, ...
    'values', [] );
solarprofile.values(:,1,:) = [
	0.0 0.0 0.0 0.0 0.0 0.0 0.0 0.0 0.0 0.0 0.0 0.0;
	0.0 0.0 0.0 0.0 0.0 0.0 0.0 0.0 0.0 0.0 0.0 0.0;
	0.0 0.0 0.0 0.0 0.0 0.0 0.0 0.0 0.0 0.0 0.0 0.0;
	0.0 0.0 0.0 0.0 0.0 0.0 0.0 0.0 0.0 0.0 0.0 0.0;
	0.0 0.0 0.0 0.0 0.0 0.0 0.0 0.0 0.0 0.0 0.0 0.0;
	0.4819 0.4101 0.4357 0.0 0.0 0.0 0.0 0.2 0.0 0.0 0.0 0.0;
	8.7863 7.5026 5.8811 2.5455 8.195 224.8627 28.1078 33.9056 106.2154 54.946 9.2338 99.5076;
	18.6025 15.9225 12.6433 5.9947 10.2189 413.1714 51.6464 70.9921 253.1338 47.8017 17.8827 86.5693;
	23.0804 16.7375 13.9052 8.5893 10.7391 432.4696 54.0587 74.2081 266.6071 55.5228 28.0911 100.5522;
	24.7786 16.3336 13.9383 7.1892 8.0014 258.275 32.2844 53.8007 95.4513 68.2369 54.7125 123.5774;
	25.6993 16.737 14.2202 6.9701 8.1418 252.93 31.6163 55.0797 52.8379 92.4238 81.952 167.3801;
	25.6156 16.7664 14.2173 6.8984 7.9715 232.6142 29.0768 54.8211 38.4403 121.6757 86.9851 220.3555;
	14.7485 11.1267 10.2906 7.1874 8.0221 65.6154 8.2019 8.4542 12.1765 225.328 88.6518 408.0703;
	11.173 6.7856 7.0099 6.6951 7.1133 60.3233 7.5404 4.6104 15.818 225.2045 73.5329 407.8467;
	6.7779 3.9598 4.315 5.3678 6.3068 58.2994 7.2874 3.5271 11.7091 199.7987 53.4201 361.8366;
	2.9203 1.5276 2.2471 1.4656 1.854 31.234 3.9042 1.922 0.962 54.5771 10.9626 98.8394;
	0.5553 0.4334 0.5648 0.415 0.804 16.2312 2.0289 4.0494 3.5889 8.157 3.8807 14.7724;
	0.0 0.0 0.0 0.0 0.0 0.0 0.0 0.0 0.0 0.0 0.0 0.0;
	0.0 0.0 0.0 0.0 0.0 0.0 0.0 0.0 0.0 0.0 0.0 0.0;
	0.0 0.0 0.0 0.0 0.0 0.0 0.0 0.0 0.0 0.0 0.0 0.0;
	0.0 0.0 0.0 0.0 0.0 0.0 0.0 0.0 0.0 0.0 0.0 0.0;
	0.0 0.0 0.0 0.0 0.0 0.0 0.0 0.0 0.0 0.0 0.0 0.0;
	0.0 0.0 0.0 0.0 0.0 0.0 0.0 0.0 0.0 0.0 0.0 0.0;
	0.0 0.0 0.0 0.0 0.0 0.0 0.0 0.0 0.0 0.0 0.0 0.0;
];
