function windprofile = ex_wind_profilesh1
%EX_WIND_PROFILE_D  Example wind_load_nyiso profile data for deterministic unit commitment.
% 2022.03.12
% Andres F. Ramirez


%% define constants
[GEN_BUS, PG, QG, QMAX, QMIN, VG, MBASE, GEN_STATUS, PMAX, PMIN, ...
    MU_PMAX, MU_PMIN, MU_QMAX, MU_QMIN, PC1, PC2, QC1MIN, QC1MAX, ...
    QC2MIN, QC2MAX, RAMP_AGC, RAMP_10, RAMP_30, RAMP_Q, APF] = idx_gen;
[CT_LABEL, CT_PROB, CT_TABLE, CT_TBUS, CT_TGEN, CT_TBRCH, CT_TAREABUS, ...
    CT_TAREAGEN, CT_TAREABRCH, CT_ROW, CT_COL, CT_CHGTYPE, CT_REP, ...
    CT_REL, CT_ADD, CT_NEWVAL, CT_TLOAD, CT_TAREALOAD, CT_LOAD_ALL_PQ, ...
    CT_LOAD_FIX_PQ, CT_LOAD_DIS_PQ, CT_LOAD_ALL_P, CT_LOAD_FIX_P, ...
    CT_LOAD_DIS_P, CT_TGENCOST, CT_TAREAGENCOST, CT_MODCOST_F, ...
    CT_MODCOST_X] = idx_ct;

windprofile = struct( ...
    'type', 'mpcData', ...
    'table', CT_TGEN, ...
    'rows', [1:45], ...
    'col', PMAX, ...
    'chgtype', 1, ...
    'values', [] );
windprofile.values(:,1,:) = [
	0.751 10.1471 57.0559 65.9563 8.3365 5.2865 5.3209 8.9584 16.6712 19.3481 35.7648 53.354 80.3241 1.4872 137.847 51.9331 64.4355 68.2824 77.1827 72.2993 1.7736 12.3353 72.4272 69.9743 52.9878 46.9566 4.6647 212.0463 327.8887 327.8887 244.4908 45.8065 257.2757 186.0985 4.6626 139.8992 400.136 86.9458 63.3382 141.9316 67.2709 58.6454 0.5057 67.6127 404.3041;
	0.4686 6.332 51.6834 59.2407 6.9099 0.0223 2.545 10.8483 3.682 11.1956 20.6949 30.8728 46.4788 0.3088 104.1061 39.2214 48.6636 51.5688 71.7638 68.8799 0.8483 0.052 38.4309 68.1818 53.2846 51.1842 6.5766 92.0893 227.2669 227.2669 156.3184 29.4345 239.2127 177.2969 0.9683 96.9672 306.6734 91.2955 0.156 142.7267 80.9667 0.2473 0.0 85.9181 309.8679;
	0.1877 2.5362 42.023 19.6106 4.1754 0.0 0.4236 9.6114 1.0516 9.3175 17.2233 25.6938 38.6818 0.0018 69.8368 26.3106 32.6446 34.5936 59.4091 66.1853 0.1412 0.0 30.5251 47.3525 43.7001 48.5468 5.3898 25.3833 2.0071 2.0071 12.752 13.3817 198.0302 170.3612 0.0057 0.8564 159.946 5.0797 0.0 117.0538 64.31 0.0 0.0 78.6701 161.6121;
	0.3807 5.1436 57.0152 59.7248 7.7489 0.0027 0.9846 12.3925 12.5521 15.4079 28.4812 42.4884 63.966 0.2595 94.9207 35.7608 44.3699 47.0189 47.3568 66.4574 0.3282 0.0062 53.4058 66.9348 53.2521 60.0083 7.0444 10.1353 72.2081 72.2081 124.8316 18.3573 157.8561 171.0616 0.8136 30.8088 15.9865 46.3554 1.2003 142.6397 68.5807 0.0296 0.0 123.2923 16.1531;
	0.43 5.81 68.4665 66.0209 8.5546 0.0122 0.0 11.9012 1.4475 14.1347 26.1277 38.9774 58.6803 0.3801 127.528 48.0454 59.6119 63.1709 58.2644 69.6374 0.0 0.0285 46.0295 59.8932 57.1074 60.876 7.006 4.4815 51.3723 51.3723 105.323 9.1924 194.2147 179.2469 1.1916 21.9188 7.6286 48.527 0.1525 152.9663 65.2848 0.1357 0.0 122.4605 7.7081;
	0.3502 4.7324 72.4056 53.1431 8.944 2.8871 0.1981 12.2956 1.617 9.2941 17.1799 25.6291 38.5845 1.9555 146.8698 55.3323 68.6531 72.7518 84.624 70.379 0.066 6.7366 37.1438 69.8476 53.0217 67.2782 7.5344 9.5564 50.7521 50.7521 120.5481 8.7158 282.08 181.1558 6.1308 21.6542 14.8591 42.7964 11.192 142.0223 49.6915 32.0279 17.541 140.8606 15.0138;
	0.3995 5.3984 54.7899 37.2852 8.7482 1.6373 3.8659 7.5977 2.7193 7.8867 14.5785 21.7482 32.7418 11.4177 113.9925 42.946 53.2849 56.4661 69.2333 67.8553 1.2886 3.8204 26.9661 52.7764 33.0421 61.9444 3.9333 21.947 70.4693 70.4693 106.7368 0.8542 230.7778 174.6596 35.7959 30.0669 9.9072 33.1759 59.8565 88.5057 24.5873 18.1633 29.1604 137.3606 10.0104;
	0.4685 6.3299 35.0768 28.4963 3.474 2.5263 4.9338 6.8017 2.6286 5.4922 10.1523 15.1453 22.8011 12.0222 66.528 25.064 31.098 32.9546 21.2999 47.6532 1.6446 5.8946 13.9205 35.7714 31.4821 61.3243 4.4493 11.099 106.2593 106.2593 137.6736 3.0786 70.9998 122.6594 37.6911 45.3373 21.75 46.5417 102.5885 84.3271 9.6411 28.0246 1.873 112.3414 21.9765;
	0.5422 7.3264 27.4316 26.1564 3.4238 3.1934 4.4837 5.1839 6.9625 1.9196 3.5484 5.2936 7.9694 8.1554 14.0598 5.2969 6.5721 6.9645 11.6167 16.7922 1.4946 7.4513 5.9474 34.8388 28.6027 55.005 4.2032 0.8282 78.6246 78.6246 45.1973 5.8518 38.7223 43.2231 25.5683 33.5465 26.5366 5.1103 73.2755 76.6144 6.0083 35.4255 2.1062 88.9819 26.813;
	0.5803 7.8415 26.0466 26.613 7.4282 1.2018 6.7632 4.2899 7.2672 5.2671 9.7362 14.5245 21.8665 6.2129 10.6792 4.0233 4.9919 5.2899 35.7244 11.438 2.2544 2.8041 11.4449 35.1372 29.7778 47.3141 3.1942 27.7545 89.6282 89.6282 38.8354 8.3798 119.0814 29.4414 19.4782 38.2414 61.1758 6.4755 71.2314 79.7619 6.0392 13.3314 51.2258 93.1522 61.8131;
	0.7996 10.804 32.0225 2.4682 10.6776 0.0 3.7212 2.9051 6.8897 0.2115 0.391 0.5833 0.8782 0.0 4.2757 1.6108 1.9986 2.1179 11.689 5.9392 1.2404 0.0 31.1045 36.1689 39.534 47.9173 1.1001 45.3104 74.2193 74.2193 15.6081 0.6041 38.9634 15.2874 0.0 31.6669 59.0355 7.6378 61.5134 105.8948 0.0015 0.0 1.9076 96.3002 59.6504;
	1.6567 22.385 55.898 0.4285 12.0042 2.2681 3.7624 0.0076 12.4371 2.0706 3.8275 5.7099 8.5963 0.4155 2.8456 1.0721 1.3302 1.4096 3.7112 2.1441 1.2541 5.2921 54.133 47.9839 0.2551 41.4916 0.1143 161.8763 121.1423 121.1423 89.3286 2.0717 12.3706 5.519 1.3026 51.6874 155.7526 13.996 64.1905 0.6832 0.0438 25.1603 18.3282 131.3236 157.375;
	2.3922 32.3239 79.1536 8.4286 14.0908 1.7943 2.1424 0.0117 1.4634 21.9087 40.4978 60.4148 90.9541 0.0 3.5272 1.3289 1.6488 1.7472 4.1223 5.8182 0.7141 4.1867 32.8142 65.0211 64.229 49.8761 0.152 219.6268 180.3585 180.3585 60.2771 3.2262 13.7411 14.9762 0.0 76.9529 194.6214 3.4327 22.2983 172.042 0.0032 19.9047 112.567 168.2624 196.6487;
	2.2156 29.938 5.8546 42.4725 14.1181 20.932 5.5491 0.1697 1.7883 0.0299 0.0552 0.0824 0.124 0.0 1.6855 0.635 0.7879 0.8349 0.2251 5.8097 1.8497 48.8414 45.9667 2.9835 2.136 30.8318 0.5478 198.9547 209.835 209.835 83.0812 3.2303 0.7505 14.9543 0.0 89.5296 186.0012 14.4693 55.2087 5.7216 0.0055 232.2057 94.9771 144.0818 187.9387;
	2.8447 38.4375 31.906 76.9773 10.2554 26.5424 4.9845 1.5082 25.7059 1.1629 2.1495 3.2067 4.8276 3.6165 23.8352 8.9798 11.1416 11.8067 0.128 1.414 1.6615 61.9323 32.9404 28.8542 21.7839 2.0567 4.1131 274.4011 278.8938 278.8938 107.3607 4.6451 0.4266 3.6397 11.3382 118.9947 258.7707 21.5464 57.0997 58.3498 0.6367 294.444 97.8036 115.7551 261.4662;
	3.4757 46.964 87.3873 73.6602 14.6492 9.3481 2.3619 0.057 9.7984 5.0948 9.4176 14.0492 21.1509 7.7483 3.3814 1.2739 1.5806 1.675 0.2178 0.0303 0.7873 21.8123 52.2994 26.3336 14.1666 0.0 0.2333 423.1624 303.3744 303.3744 181.9298 9.8875 0.7259 0.0779 24.2921 129.4397 341.9325 42.2422 18.8967 37.9463 0.0209 103.7018 118.4604 182.0816 345.4943;
	3.4999 47.292 2.3278 20.7113 14.2519 1.2104 2.2743 0.0106 0.2321 0.2032 0.3756 0.5604 0.8436 7.6717 0.461 0.1737 0.2155 0.2284 1.5601 0.9422 0.7581 2.8243 13.4999 2.1425 0.2049 0.0 0.1393 378.2444 399.8321 399.8321 200.073 22.4579 5.2003 2.4253 24.0517 170.595 483.3436 74.7919 1.0405 0.5489 0.0282 13.4276 144.369 209.8448 488.3784;
	2.7057 36.5603 1.2647 3.1634 13.9955 17.7485 0.0227 1.6476 0.0 0.0324 0.06 0.0895 0.1347 2.7746 0.1662 0.0626 0.0777 0.0823 1.6269 0.8343 0.0076 41.4133 15.6314 8.2546 1.3794 0.2877 1.1426 577.4514 511.7946 511.7946 351.6827 31.7867 5.423 2.1476 8.6988 218.3657 565.6535 90.2108 0.0 3.6948 0.0 196.8904 114.3087 204.0041 571.5457;
	2.9946 40.4642 86.3763 5.9002 14.6538 23.9652 0.0 0.1001 2.9543 7.8801 14.5662 21.7299 32.7142 7.3714 1.7466 0.658 0.8164 0.8652 2.6635 39.6564 0.0 55.9189 30.4261 0.1653 0.0 60.499 0.7268 781.9879 484.9398 484.9398 388.8494 41.4504 8.8783 102.0758 23.1105 206.9077 646.4011 75.4288 3.0335 0.0 0.0 265.8543 115.289 207.7524 653.1345;
	3.0297 40.9375 8.4309 0.3603 14.006 0.176 18.1522 0.0021 26.0947 22.605 41.785 62.335 93.845 3.3114 2.2154 0.8347 1.0356 1.0974 0.9101 20.4942 6.0507 0.4107 60.8775 0.0 0.0 42.9125 0.5576 749.172 450.5041 450.5041 352.8704 43.1031 3.0336 52.7522 10.3816 192.2151 576.1634 72.1336 0.0 0.0 0.0 1.9527 112.3066 176.9471 582.1651;
