function solarprofile = ex_solar_profilesh1
%EX_WIND_PROFILE_D  Example wind_load_nyiso profile data for deterministic unit commitment.
% 2022.03.12
% Andres F. Ramirez


%% define constants
[GEN_BUS, PG, QG, QMAX, QMIN, VG, MBASE, GEN_STATUS, PMAX, PMIN, ...
    MU_PMAX, MU_PMIN, MU_QMAX, MU_QMIN, PC1, PC2, QC1MIN, QC1MAX, ...
    QC2MIN, QC2MAX, RAMP_AGC, RAMP_10, RAMP_30, RAMP_Q, APF] = idx_gen;
[CT_LABEL, CT_PROB, CT_TABLE, CT_TBUS, CT_TGEN, CT_TBRCH, CT_TAREABUS, ...
    CT_TAREAGEN, CT_TAREABRCH, CT_ROW, CT_COL, CT_CHGTYPE, CT_REP, ...
    CT_REL, CT_ADD, CT_NEWVAL, CT_TLOAD, CT_TAREALOAD, CT_LOAD_ALL_PQ, ...
    CT_LOAD_FIX_PQ, CT_LOAD_DIS_PQ, CT_LOAD_ALL_P, CT_LOAD_FIX_P, ...
    CT_LOAD_DIS_P, CT_TGENCOST, CT_TAREAGENCOST, CT_MODCOST_F, ...
    CT_MODCOST_X] = idx_ct;

solarprofile = struct( ...
    'type', 'mpcData', ...
    'table', CT_TGEN, ...
    'rows', [1:12], ...
    'col', PMAX, ...
    'chgtype', 1, ...
    'values', [] );
solarprofile.values(:,1,:) = [
	0.0 0.0 0.0 0.0 0.0 0.0 0.0 0.0 0.0 0.0 0.0 0.0;
	0.0 0.0 0.0 0.0 0.0 0.0 0.0 0.0 0.0 0.0 0.0 0.0;
	0.0 0.0 0.0 0.0 0.0 0.0 0.0 0.0 0.0 0.0 0.0 0.0;
	0.0 0.0 0.0 0.0 0.0 0.0 0.0 0.0 0.0 0.0 0.0 0.0;
	0.0 0.0 0.0 0.0 0.0 0.0 0.0 0.0 0.0 0.0 0.0 0.0;
	0.4731 0.4148 0.4224 0.0 0.0 0.0 0.0 0.4091 0.0 0.0 0.0 0.0;
	8.384 8.299 5.5961 2.7484 4.3752 332.0429 41.5054 51.6131 230.1993 15.4949 4.0135 28.0614;
	16.3004 12.9028 10.2577 4.9122 5.0625 458.1526 57.2691 73.5654 291.1247 61.2203 18.0945 110.8703;
	22.0703 16.4734 13.8 6.8119 4.6327 461.5922 57.699 76.2817 290.3717 80.5678 34.59 145.9087;
	24.3295 16.1547 13.6418 3.5811 1.9292 372.9278 46.616 71.6579 213.3198 83.4111 46.844 151.0581;
	25.209 16.4322 13.7627 3.4284 1.5907 344.6295 43.0787 72.2415 195.947 91.0451 52.3895 164.8833;
	25.0771 16.3954 13.6344 3.6602 1.608 336.5655 42.0707 71.9598 201.3296 101.8103 54.3975 184.379;
	11.1244 10.4304 4.1801 4.5301 3.8884 251.8198 31.4775 57.8106 195.7286 129.1002 49.9722 233.8013;
	9.156 8.0518 3.433 4.385 5.4701 257.6248 32.2031 51.2574 186.6331 122.4286 44.2132 221.7189;
	8.1476 6.6712 4.4501 3.4271 6.7616 216.4837 27.0605 46.3234 162.5368 88.3868 34.632 160.069;
	3.2468 2.8757 2.4677 1.2996 4.1894 76.4304 9.5538 32.2823 74.9872 19.6268 9.0609 35.5442;
	0.419 0.384 0.3259 0.3719 1.0686 10.3918 1.299 5.6791 12.1077 14.0446 4.9072 25.4349;
	0.0 0.0 0.0 0.0 0.0 0.0 0.0 0.0 0.0 0.0 0.0 0.0;
	0.0 0.0 0.0 0.0 0.0 0.0 0.0 0.0 0.0 0.0 0.0 0.0;
	0.0 0.0 0.0 0.0 0.0 0.0 0.0 0.0 0.0 0.0 0.0 0.0;
	0.0 0.0 0.0 0.0 0.0 0.0 0.0 0.0 0.0 0.0 0.0 0.0;
	0.0 0.0 0.0 0.0 0.0 0.0 0.0 0.0 0.0 0.0 0.0 0.0;
	0.0 0.0 0.0 0.0 0.0 0.0 0.0 0.0 0.0 0.0 0.0 0.0;
	0.0 0.0 0.0 0.0 0.0 0.0 0.0 0.0 0.0 0.0 0.0 0.0;
];
