function loadprofile = ex_load_profilesh1
%EX_LOAD_PROFILE  Example load profile data file for stochastic unit commitment.
% 2022.03.12
% Andres F. Ramirez

%% define constants
[CT_LABEL, CT_PROB, CT_TABLE, CT_TBUS, CT_TGEN, CT_TBRCH, CT_TAREABUS, ...
    CT_TAREAGEN, CT_TAREABRCH, CT_ROW, CT_COL, CT_CHGTYPE, CT_REP, ...
    CT_REL, CT_ADD, CT_NEWVAL, CT_TLOAD, CT_TAREALOAD, CT_LOAD_ALL_PQ, ...
    CT_LOAD_FIX_PQ, CT_LOAD_DIS_PQ, CT_LOAD_ALL_P, CT_LOAD_FIX_P, ...
    CT_LOAD_DIS_P, CT_TGENCOST, CT_TAREAGENCOST, CT_MODCOST_F, ...
    CT_MODCOST_X] = idx_ct;

loadprofile = struct( ...
    'type', 'mpcData', ...
    'table', CT_TAREALOAD, ...
    'rows', [1:11], ...
    'col', CT_LOAD_ALL_P, ...
    'chgtype', 1, ...
    'values', [] );
loadprofile.values(:,1,:) = [
	1515.2524 970.0009 1617.8954 608.3 755.8164 1093.482 870.0096 246.8773 503.419 4570.6552 1688.6885;
	1499.1234 963.102 1611.4721 608.627 761.2262 1078.2231 858.8276 248.8948 470.9212 4365.9685 1621.8456;
	1515.3045 989.9401 1641.385 591.5813 773.5462 1111.7791 878.0 262.9 502.2656 4566.7676 1745.2;
	1584.8 1055.8313 1730.4312 606.2488 820.519 1153.0528 936.8 284.958 526.7927 4751.9152 1847.1839;
	1736.6388 1171.4519 1924.8523 628.7 940.3777 1379.9789 1050.5823 329.2758 628.3013 5272.4 2002.2156;
	1803.0542 1237.6 2020.4177 623.1263 1016.747 1498.4 1106.0 343.2 692.6 5820.62 2122.8207;
	1792.9185 1238.1765 2019.6877 622.2 1009.959 1481.1536 1128.1285 320.1498 698.7459 6147.9519 2060.0069;
	1788.7854 1240.9751 2012.6328 622.7 1020.1533 1433.4244 1116.6588 324.4084 700.8241 6278.6469 2011.7226;
	1811.903 1241.0551 1959.5362 610.9056 990.6089 1389.0867 1069.9782 310.1082 687.2889 6371.5068 1967.7397;
	1847.1861 1261.9 1952.0716 605.4915 1010.549 1362.2 1039.2491 312.0339 666.5671 6334.2 1986.5271;
	1763.5293 1228.8939 1888.9243 600.0084 997.718 1307.7142 1010.084 287.487 645.5922 6211.8309 1862.2666;
	1772.8789 1237.2735 1919.4216 606.0694 986.9852 1320.8252 1042.286 295.3216 665.8902 6217.6 1894.1818;
	1716.5637 1203.4525 1880.8 605.2112 953.8288 1294.3673 1015.4878 273.8968 661.2757 6080.033 1792.3062;
	1741.7 1174.1 1812.5091 579.0 975.7512 1255.6107 1013.9896 269.377 656.508 6128.9873 1856.751;
	1689.6707 1195.0 1861.4369 574.5931 992.3373 1297.7 1032.5 284.3 660.3956 6143.2561 1948.9577;
	1667.8904 1193.0716 1885.3892 571.5224 979.4331 1352.6478 1048.0616 316.0943 671.7757 6201.9404 2054.0764;
	1634.1837 1214.206 1916.5796 561.3381 1003.0147 1386.5743 1084.3596 347.8299 687.6143 6244.6132 2223.9799;
	1734.7116 1261.8711 2015.1 576.3 1060.8721 1445.2125 1151.1612 382.7692 740.4365 6296.7581 2351.7397;
	1767.9211 1249.7403 2006.3779 580.8 1011.3729 1446.9799 1159.0565 380.9136 729.2855 6226.1155 2310.9754;
	1721.4262 1209.8414 1921.7676 552.7184 947.4859 1345.0541 1093.9 352.1 683.2 5975.3 2163.7177;
	1669.6155 1112.4031 1810.3436 546.291 852.8156 1260.8407 1036.9573 317.9712 660.1171 5700.393 2081.7079;
	1553.0952 1028.1961 1674.3249 512.8944 801.9116 1172.8427 985.2733 288.0173 610.0 5321.2926 1971.0232;
	1541.6805 971.1854 1590.6628 530.8683 777.0891 1127.2 895.3336 267.7 561.1682 4914.406 1792.4298;
	1481.8158 931.3871 1529.4639 549.9263 741.7921 1080.232 843.5412 257.0 521.5216 4632.3525 1687.8476;
];
