function loadprofile = ex_load_profilesh1
%EX_LOAD_PROFILE  Example load profile data file for stochastic unit commitment.
% 2022.03.12
% Andres F. Ramirez

%% define constants
[CT_LABEL, CT_PROB, CT_TABLE, CT_TBUS, CT_TGEN, CT_TBRCH, CT_TAREABUS, ...
    CT_TAREAGEN, CT_TAREABRCH, CT_ROW, CT_COL, CT_CHGTYPE, CT_REP, ...
    CT_REL, CT_ADD, CT_NEWVAL, CT_TLOAD, CT_TAREALOAD, CT_LOAD_ALL_PQ, ...
    CT_LOAD_FIX_PQ, CT_LOAD_DIS_PQ, CT_LOAD_ALL_P, CT_LOAD_FIX_P, ...
    CT_LOAD_DIS_P, CT_TGENCOST, CT_TAREAGENCOST, CT_MODCOST_F, ...
    CT_MODCOST_X] = idx_ct;

loadprofile = struct( ...
    'type', 'mpcData', ...
    'table', CT_TAREALOAD, ...
    'rows', [1:11], ...
    'col', CT_LOAD_ALL_P, ...
    'chgtype', 1, ...
    'values', [] );
loadprofile.values(:,1,:) = [
	1621.5691 985.557 1726.9467 597.7093 883.6533 1162.3777 895.8966 223.1742 580.4038 4589.1669 1787.0283;
	1601.1679 979.3786 1699.2 578.5 865.9435 1169.7417 906.1852 231.8384 587.4409 4557.6169 1813.2;
	1617.1258 1006.0097 1729.5195 586.7608 879.6026 1190.9389 911.6485 230.2281 573.5572 4550.6924 1845.9551;
	1678.4022 1064.7795 1833.5667 592.8642 942.3737 1280.2362 959.6 261.821 602.461 4761.0495 1924.5294;
	1818.8727 1200.4415 2070.8273 618.0 1034.1912 1446.8 1086.8642 325.1487 688.9626 5446.3022 2201.6002;
	1950.9342 1275.6389 2147.1182 630.0003 1051.2564 1548.6634 1141.6 348.0 767.5883 6019.5559 2363.1877;
	1923.4576 1261.2507 2086.8837 598.8158 1015.3219 1552.2985 1134.3648 326.5688 746.6472 6292.6942 2338.6541;
	1938.9642 1246.8498 2028.6478 597.9656 978.3639 1523.3592 1110.1869 302.6607 748.7894 6378.0186 2254.2224;
	1920.8752 1216.3816 1968.6209 589.0625 970.0599 1508.6679 1104.9517 320.4346 726.4 6420.0083 2240.1091;
	1927.8 1252.1565 1971.199 580.5 977.5839 1513.7326 1143.8576 333.2776 732.3 6581.6362 2260.3283;
	1887.9 1205.1227 1896.7495 566.8699 939.3649 1467.1328 1086.8334 314.7074 703.4969 6434.3 2141.4972;
	1864.8447 1194.5687 1886.7191 568.0 911.9395 1407.0668 1059.5222 330.6 711.7477 6407.861 2161.6696;
	1825.9496 1151.6949 1833.242 553.9 892.8865 1405.7154 1079.37 307.4866 709.1 6262.2346 2019.516;
	1821.9043 1154.7384 1844.7997 557.4 907.8634 1440.7262 1092.2206 307.0418 707.3 6285.0109 2033.197;
	1813.9024 1133.3975 1874.6 564.2684 904.7 1431.5255 1104.3422 310.5312 696.6151 6268.3532 2094.5819;
	1826.2248 1153.085 1943.5002 583.8733 947.4399 1475.8704 1159.4397 322.2 701.5812 6396.8427 2220.107;
	1787.4623 1133.7895 1958.6857 590.9566 957.4725 1465.5 1143.3082 331.0 699.9988 6304.835 2306.6693;
	1803.1489 1182.1917 1993.1122 605.1518 994.5835 1488.9 1204.2278 350.2151 724.3776 6293.4 2441.5304;
	1808.2656 1205.9713 2005.0992 608.0 1018.3426 1495.7494 1181.3 336.1 732.9682 6200.0384 2410.6763;
	1777.5549 1176.3 1933.4041 598.4293 968.7218 1437.5586 1160.3919 326.9563 711.7001 6031.4722 2321.7953;
	1671.2326 1085.0577 1776.509 592.6378 887.8713 1315.7986 1050.1143 302.1874 640.8781 5624.9723 2074.1439;
	1578.0 997.5506 1673.7927 574.4274 843.483 1214.0559 972.8222 265.9912 599.1791 5183.3045 1886.332;
	1473.9092 947.7715 1615.4036 575.1 826.9839 1161.8708 980.4792 227.7277 552.2719 4827.9118 1800.1025;
	1446.8688 888.7126 1504.7011 586.229 779.6025 1075.8786 909.673 210.4292 528.7 4630.1834 1727.8591;
];
