function loadprofile = ex_load_profilesh1
%EX_LOAD_PROFILE  Example load profile data file for stochastic unit commitment.
% 2022.03.12
% Andres F. Ramirez

%% define constants
[CT_LABEL, CT_PROB, CT_TABLE, CT_TBUS, CT_TGEN, CT_TBRCH, CT_TAREABUS, ...
    CT_TAREAGEN, CT_TAREABRCH, CT_ROW, CT_COL, CT_CHGTYPE, CT_REP, ...
    CT_REL, CT_ADD, CT_NEWVAL, CT_TLOAD, CT_TAREALOAD, CT_LOAD_ALL_PQ, ...
    CT_LOAD_FIX_PQ, CT_LOAD_DIS_PQ, CT_LOAD_ALL_P, CT_LOAD_FIX_P, ...
    CT_LOAD_DIS_P, CT_TGENCOST, CT_TAREAGENCOST, CT_MODCOST_F, ...
    CT_MODCOST_X] = idx_ct;

loadprofile = struct( ...
    'type', 'mpcData', ...
    'table', CT_TAREALOAD, ...
    'rows', [1:11], ...
    'col', CT_LOAD_ALL_P, ...
    'chgtype', 1, ...
    'values', [] );
loadprofile.values(:,1,:) = [
	1616.4704 985.3943 1681.3591 566.4 858.8001 1212.2201 917.9384 259.9 539.4494 4655.0266 1769.5489;
	1615.5 995.1829 1687.6271 548.6591 850.5932 1221.3197 909.4532 258.9961 539.3541 4628.8171 1775.017;
	1634.0532 1019.7 1722.6614 554.019 881.2797 1252.2946 932.5496 276.1 546.3987 4698.2691 1808.8118;
	1656.5306 1067.3954 1807.0759 567.6511 923.7765 1317.9 988.6 288.029 572.6925 4916.0061 1908.1762;
	1800.4043 1189.2932 2021.4136 610.1 1021.9724 1476.7637 1075.2215 329.9918 648.9034 5419.2749 2133.2278;
	1904.855 1255.2366 2132.0495 612.4 1083.0 1552.8951 1138.3624 356.9969 707.0294 5912.8997 2282.79;
	1869.1397 1254.7118 2108.0325 571.1378 1050.0234 1522.3699 1144.5003 372.9702 707.9 6226.9594 2300.0539;
	1887.6193 1237.8523 2062.6 548.8693 999.7783 1458.1151 1096.1309 357.9 710.1 6290.5263 2265.4483;
	1884.8668 1247.4235 2079.9946 563.6707 1018.5296 1434.162 1073.648 347.485 715.0547 6385.428 2208.2499;
	1864.5183 1260.3498 2065.5297 536.5792 973.5426 1382.6428 1052.9783 338.5103 716.7567 6439.955 2188.9;
	1815.5972 1221.4627 1990.2479 534.1785 943.8447 1331.1213 1011.3532 321.9015 731.9079 6355.3598 2226.779;
	1846.4336 1227.6551 1970.6346 539.8318 957.2767 1369.4938 1016.5 324.6749 732.7094 6317.2772 2148.1501;
	1839.1 1215.4819 1953.4917 523.4863 934.857 1316.6472 967.3698 317.5297 713.4 6323.7011 2126.3847;
	1821.3889 1189.9356 1896.9779 523.2217 925.5971 1332.8518 990.8913 314.385 716.4067 6210.1393 2136.9;
	1817.7488 1187.9635 1900.3416 536.4703 925.194 1402.4825 1012.975 337.6759 711.7136 6209.9589 2176.1601;
	1817.1857 1187.6 1909.2735 516.4612 932.5354 1416.1393 1043.4896 334.9983 696.2 6189.2176 2194.4497;
	1771.0749 1171.2746 1918.0917 496.3812 935.6181 1444.0483 1059.7826 357.9688 703.857 6005.6762 2298.8747;
	1767.7354 1194.9238 1946.9226 516.7428 986.1345 1515.2789 1137.1291 366.0681 751.38 5821.6872 2410.3964;
	1776.8967 1194.9 1963.3346 524.1571 982.0923 1474.8113 1124.5021 370.1574 740.166 5630.8386 2384.7515;
	1736.1294 1132.8456 1923.858 548.785 932.2666 1406.0264 1075.9495 340.5 687.5 5542.6159 2289.6428;
	1678.0192 1097.1861 1854.6952 550.7024 914.0066 1348.5194 1030.7402 325.6261 645.973 5362.9687 2157.0109;
	1589.6 1022.1994 1749.9896 535.7 859.7973 1231.784 927.8282 284.1743 605.6 5017.826 1947.816;
	1473.9381 922.2 1624.9245 566.7793 827.9445 1174.5349 886.1495 241.6002 556.5961 4660.5803 1741.5842;
	1462.351 899.6953 1621.4719 540.6792 842.465 1191.2752 878.3379 241.6742 539.5101 4637.6613 1732.4681;
];
