function loadprofile = ex_load_profilesh1
%EX_LOAD_PROFILE  Example load profile data file for stochastic unit commitment.
% 2022.03.12
% Andres F. Ramirez

%% define constants
[CT_LABEL, CT_PROB, CT_TABLE, CT_TBUS, CT_TGEN, CT_TBRCH, CT_TAREABUS, ...
    CT_TAREAGEN, CT_TAREABRCH, CT_ROW, CT_COL, CT_CHGTYPE, CT_REP, ...
    CT_REL, CT_ADD, CT_NEWVAL, CT_TLOAD, CT_TAREALOAD, CT_LOAD_ALL_PQ, ...
    CT_LOAD_FIX_PQ, CT_LOAD_DIS_PQ, CT_LOAD_ALL_P, CT_LOAD_FIX_P, ...
    CT_LOAD_DIS_P, CT_TGENCOST, CT_TAREAGENCOST, CT_MODCOST_F, ...
    CT_MODCOST_X] = idx_ct;

loadprofile = struct( ...
    'type', 'mpcData', ...
    'table', CT_TAREALOAD, ...
    'rows', [1:11], ...
    'col', CT_LOAD_ALL_P, ...
    'chgtype', 1, ...
    'values', [] );
loadprofile.values(:,1,:) = [
	1598.7544 1009.6762 1774.241 561.452 861.2 1190.5 935.8479 251.6 573.2083 4585.9 1759.4;
	1592.6453 1013.4912 1801.596 573.5 880.8 1193.9979 924.4624 257.0827 549.5128 4535.251 1762.8;
	1604.7744 1017.9 1789.6887 569.5928 867.7 1213.4126 922.9648 252.9636 547.3717 4501.5748 1773.1081;
	1697.3743 1096.7213 1894.7734 590.4 925.0486 1271.0289 969.7 286.4129 579.8502 4679.3133 1890.9107;
	1796.5377 1208.7252 2051.2762 619.7 1025.2384 1401.4081 1050.9291 319.3785 636.8813 5116.9894 2089.8412;
	1905.8863 1289.992 2176.4751 617.3354 1067.5084 1490.9014 1107.7732 349.1 694.644 5643.9893 2236.3366;
	1878.6509 1290.2893 2182.5434 626.7 1066.1502 1533.751 1127.9661 351.5238 716.8968 6034.8415 2292.4742;
	1873.1248 1274.4404 2153.3502 603.7 1031.7707 1560.4 1151.6 342.279 720.2525 6285.9584 2261.4599;
	1855.8447 1261.1431 2125.7928 611.8498 1032.4228 1560.4432 1168.0915 333.5 738.5 6384.9144 2219.5381;
	1899.4426 1282.9572 2135.3147 602.316 1041.5381 1577.7196 1153.4015 306.1462 714.631 6371.9395 2123.3314;
	1882.6582 1245.3 2056.3401 594.5 1004.5133 1503.863 1093.1423 312.9014 709.7029 6297.5336 2097.7673;
	1846.7381 1259.5709 2041.7119 606.4162 1019.9 1478.6882 1097.2485 307.2 692.2 6217.6462 2022.2132;
	1822.5938 1218.9802 2006.2189 602.5493 982.7647 1424.2 1076.2982 294.6585 677.6 5979.194 2011.1552;
	1811.3 1205.0073 1977.8201 591.07 979.6239 1356.7386 1049.2328 301.2 664.3205 5997.9499 2067.783;
	1849.9199 1232.4528 2005.3134 590.7567 976.6176 1375.2 1086.124 313.3756 686.5722 6168.7288 2245.6;
	1821.9076 1235.3013 2064.9946 596.1042 1005.3021 1423.0224 1136.0073 324.6968 713.6 6332.8641 2310.9791;
	1801.1813 1270.8467 2099.161 588.7412 1022.3423 1422.8197 1169.6583 355.3665 718.0733 6286.0469 2344.934;
	1845.0299 1305.5476 2073.3136 613.0292 1014.2769 1491.7447 1180.4577 382.6029 744.6378 6275.8615 2479.7525;
	1836.757 1255.6 2037.748 610.9 981.8861 1458.0156 1176.2654 364.2094 714.6405 6176.6186 2469.2;
	1784.6553 1222.3615 1962.2754 595.9118 910.919 1391.5467 1100.3771 330.2102 688.2541 5872.5338 2338.4013;
	1730.6439 1165.4789 1867.3553 578.2658 880.4 1294.5114 1055.0469 299.7547 646.7313 5551.6141 2164.8229;
	1627.5495 1080.914 1727.5537 555.0 801.8781 1171.1273 952.343 256.3303 577.1 5018.8273 1940.3134;
	1500.0409 969.1584 1642.1415 529.2835 741.9399 1095.3635 856.725 250.0607 521.0336 4439.3056 1622.8082;
	1481.1 935.0748 1646.2 529.8216 751.0667 1104.9299 864.5718 260.0777 507.4876 4391.9223 1711.2278;
];
