function solarprofile = ex_solar_profilesh1
%EX_WIND_PROFILE_D  Example wind_load_nyiso profile data for deterministic unit commitment.
% 2022.03.12
% Andres F. Ramirez


%% define constants
[GEN_BUS, PG, QG, QMAX, QMIN, VG, MBASE, GEN_STATUS, PMAX, PMIN, ...
    MU_PMAX, MU_PMIN, MU_QMAX, MU_QMIN, PC1, PC2, QC1MIN, QC1MAX, ...
    QC2MIN, QC2MAX, RAMP_AGC, RAMP_10, RAMP_30, RAMP_Q, APF] = idx_gen;
[CT_LABEL, CT_PROB, CT_TABLE, CT_TBUS, CT_TGEN, CT_TBRCH, CT_TAREABUS, ...
    CT_TAREAGEN, CT_TAREABRCH, CT_ROW, CT_COL, CT_CHGTYPE, CT_REP, ...
    CT_REL, CT_ADD, CT_NEWVAL, CT_TLOAD, CT_TAREALOAD, CT_LOAD_ALL_PQ, ...
    CT_LOAD_FIX_PQ, CT_LOAD_DIS_PQ, CT_LOAD_ALL_P, CT_LOAD_FIX_P, ...
    CT_LOAD_DIS_P, CT_TGENCOST, CT_TAREAGENCOST, CT_MODCOST_F, ...
    CT_MODCOST_X] = idx_ct;

solarprofile = struct( ...
    'type', 'mpcData', ...
    'table', CT_TGEN, ...
    'rows', [1:12], ...
    'col', PMAX, ...
    'chgtype', 1, ...
    'values', [] );
solarprofile.values(:,1,:) = [
	0.0 0.0 0.0 0.0 0.0 0.0 0.0 0.0 0.0 0.0 0.0 0.0;
	0.0 0.0 0.0 0.0 0.0 0.0 0.0 0.0 0.0 0.0 0.0 0.0;
	0.0 0.0 0.0 0.0 0.0 0.0 0.0 0.0 0.0 0.0 0.0 0.0;
	0.0 0.0 0.0 0.0 0.0 0.0 0.0 0.0 0.0 0.0 0.0 0.0;
	0.0 0.0 0.0 0.0 0.0 0.0 0.0 0.0 0.0 0.0 0.0 0.0;
	0.5498 0.4386 0.5001 0.0 0.0 0.0 0.0 0.5833 1.3254 0.0 0.0 0.0;
	7.6292 7.0597 5.1609 0.7588 0.3646 295.5483 36.9435 36.5534 245.9052 12.2483 9.9613 22.1818;
	12.0432 13.1513 7.7581 0.9404 1.151 440.2269 55.0284 67.2367 272.1064 15.6038 14.2963 28.2586;
	20.9889 16.6083 13.6994 1.2715 3.5109 449.9879 56.2485 71.867 271.5673 21.0326 11.2283 38.0902;
	24.1948 16.1547 13.6408 0.284 2.8353 314.5157 39.3145 49.9838 177.2149 33.8698 5.8766 61.3384;
	25.1571 16.3769 13.7627 0.3438 2.5476 315.2059 39.4007 52.3729 146.2064 49.7331 10.0249 90.067;
	24.7918 16.3954 13.769 1.4255 1.8783 312.6923 39.0865 52.4114 102.4037 44.5242 12.6728 80.6336;
	4.1167 4.6025 3.1095 2.1727 0.9728 137.2791 17.1599 14.0416 35.2154 6.7912 9.7991 12.299;
	1.687 1.7055 1.2893 1.3217 0.6836 130.7028 16.3379 10.2056 38.8879 4.6135 8.8991 8.355;
	1.4366 1.598 0.9731 0.6084 0.6241 130.9069 16.3634 9.0932 55.4601 6.9222 10.539 12.5361;
	0.882 1.726 1.6837 0.0 0.0 153.8339 19.2292 4.6099 63.369 5.5457 4.502 10.0433;
	0.3545 0.4242 0.375 0.3449 0.1691 34.4523 4.3065 4.0431 15.6351 6.5493 3.4814 11.8608;
	0.0 0.0 0.0 0.0 0.0 0.0 0.0 0.0 0.0 0.0 0.0 0.0;
	0.0 0.0 0.0 0.0 0.0 0.0 0.0 0.0 0.0 0.0 0.0 0.0;
	0.0 0.0 0.0 0.0 0.0 0.0 0.0 0.0 0.0 0.0 0.0 0.0;
	0.0 0.0 0.0 0.0 0.0 0.0 0.0 0.0 0.0 0.0 0.0 0.0;
	0.0 0.0 0.0 0.0 0.0 0.0 0.0 0.0 0.0 0.0 0.0 0.0;
	0.0 0.0 0.0 0.0 0.0 0.0 0.0 0.0 0.0 0.0 0.0 0.0;
	0.0 0.0 0.0 0.0 0.0 0.0 0.0 0.0 0.0 0.0 0.0 0.0;
];
