function windprofile = ex_wind_profilesh1
%EX_WIND_PROFILE_D  Example wind_load_nyiso profile data for deterministic unit commitment.
% 2022.03.12
% Andres F. Ramirez


%% define constants
[GEN_BUS, PG, QG, QMAX, QMIN, VG, MBASE, GEN_STATUS, PMAX, PMIN, ...
    MU_PMAX, MU_PMIN, MU_QMAX, MU_QMIN, PC1, PC2, QC1MIN, QC1MAX, ...
    QC2MIN, QC2MAX, RAMP_AGC, RAMP_10, RAMP_30, RAMP_Q, APF] = idx_gen;
[CT_LABEL, CT_PROB, CT_TABLE, CT_TBUS, CT_TGEN, CT_TBRCH, CT_TAREABUS, ...
    CT_TAREAGEN, CT_TAREABRCH, CT_ROW, CT_COL, CT_CHGTYPE, CT_REP, ...
    CT_REL, CT_ADD, CT_NEWVAL, CT_TLOAD, CT_TAREALOAD, CT_LOAD_ALL_PQ, ...
    CT_LOAD_FIX_PQ, CT_LOAD_DIS_PQ, CT_LOAD_ALL_P, CT_LOAD_FIX_P, ...
    CT_LOAD_DIS_P, CT_TGENCOST, CT_TAREAGENCOST, CT_MODCOST_F, ...
    CT_MODCOST_X] = idx_ct;

windprofile = struct( ...
    'type', 'mpcData', ...
    'table', CT_TGEN, ...
    'rows', [1:45], ...
    'col', PMAX, ...
    'chgtype', 1, ...
    'values', [] );
windprofile.values(:,1,:) = [
	0.6478 8.7533 55.5104 66.2501 7.3622 3.2135 8.3494 8.2015 26.0303 17.8957 33.0798 49.3486 74.2941 22.8735 154.5233 58.2158 72.2307 76.543 82.9501 70.024 2.7831 7.4982 67.2051 72.8276 48.2789 43.7146 4.1428 191.2638 325.4419 325.4419 219.7261 41.9492 276.5004 180.242 71.7115 138.8552 406.9279 87.9432 163.4855 129.3186 65.9853 35.6485 1.2839 62.7553 411.1667;
	0.4315 5.8304 50.1883 61.9783 6.4357 0.0 2.3554 10.3339 9.5328 10.7283 19.8312 29.5842 44.5388 14.7051 138.5629 52.2028 64.7701 68.637 73.6571 71.4886 0.7851 0.0 34.565 73.8216 50.0661 40.6587 5.8669 78.0803 216.4622 216.4622 143.2936 30.8373 245.5237 184.0118 46.1024 92.3572 304.4502 86.9452 27.3509 134.1055 77.5622 0.0 0.0 81.685 307.6216;
	0.2788 3.7674 58.2982 66.8432 5.4214 0.0 1.7263 11.3222 2.5625 9.6369 17.8137 26.5745 40.0078 13.9369 92.6051 34.8884 43.2875 45.8718 66.7096 67.8494 0.5754 0.0 23.7845 80.5163 53.1526 46.9284 6.2246 0.0 5.3546 5.3546 2.8429 15.7957 222.3654 174.6446 43.694 2.2846 159.5802 0.352 28.4341 142.373 75.7419 0.0 0.0 100.3251 161.2425;
	0.3678 4.9694 61.5921 72.8508 8.0816 0.1059 5.5427 13.3034 10.8418 14.3066 26.4455 39.4515 59.394 12.5111 97.9879 36.9164 45.8037 48.5382 46.1838 65.4451 1.8476 0.2472 43.8102 78.6671 54.5473 59.6812 7.2653 0.0 0.2674 0.2674 0.1992 16.7317 153.946 168.4557 39.2239 0.1141 1.783 0.038 3.184 146.1088 74.0078 1.1751 0.0 129.0525 1.8016;
	0.3878 5.2404 74.0812 71.1769 8.6938 0.0 0.0 13.9972 1.7074 15.0158 27.7566 41.4073 62.3385 16.0289 129.4943 48.7862 60.531 64.1448 53.0147 66.8527 0.0 0.0 42.2426 79.8333 69.689 63.9338 8.6057 0.0 0.0 0.0 0.0 7.8149 176.7158 172.079 50.2528 0.0 0.0 0.0 0.0 186.6669 74.1399 0.0 0.0 139.2779 0.0;
	0.1504 2.032 70.2517 55.7137 7.7139 1.9062 0.0 11.918 0.0 8.5395 15.7851 23.5483 35.4518 12.3304 148.3749 55.8994 69.3566 73.4973 79.1031 70.0043 0.0 4.4479 31.15 71.7371 41.6949 63.3523 7.707 0.0 0.0 0.0 0.0 8.8338 263.6769 180.1911 38.6574 0.0 0.0 0.0 0.0 111.6828 59.1852 21.1467 13.5197 124.3899 0.0;
	0.3749 5.0655 53.4151 35.8876 8.2229 1.0963 3.1208 7.5437 1.3694 7.0177 12.9721 19.3518 29.134 18.594 119.2183 44.9148 55.7276 59.0546 65.3318 67.1734 1.0403 2.558 21.2345 48.558 11.3238 58.67 4.0476 0.0 0.0 0.0 0.0 0.1304 217.7726 172.9046 58.2948 0.0 0.0 0.0 0.0 30.3317 31.9825 12.1613 27.006 127.002 0.0;
	0.4378 5.915 34.1884 26.3561 3.3906 1.9832 4.362 7.1105 2.3625 4.6849 8.66 12.919 19.4495 8.5179 49.3104 18.5774 23.0497 24.4258 14.6243 41.121 1.454 4.6274 8.5896 30.5296 20.5529 56.6805 4.4359 0.0 0.0 0.0 0.0 0.3751 48.7476 105.8455 26.7046 0.0 1.3044 0.407 0.1398 55.0525 12.4107 22.0002 0.4605 93.175 1.318;
	0.5704 7.7075 28.3995 23.045 3.6039 0.0032 0.0398 5.4217 1.4765 1.3151 2.4309 3.6264 5.4595 16.9451 15.9303 6.0017 7.4465 7.8911 4.4813 17.5497 0.0133 0.0075 4.3878 20.8108 17.7291 37.4384 3.9562 0.0 0.0 0.0 1.0664 0.3709 14.9377 45.1729 53.1252 0.0 0.0 0.2549 0.1624 47.4886 30.368 0.0357 4.9962 75.0283 0.0;
	0.531 7.1746 30.1159 22.3798 7.2966 0.0205 0.1979 4.4593 2.4651 1.8016 3.3302 4.968 7.4793 32.4774 10.7698 4.0575 5.0343 5.3348 0.0485 12.9895 0.066 0.0478 8.0124 10.142 21.9553 35.1446 2.9967 33.1123 21.8905 21.8905 1.5379 1.481 0.1617 33.4351 101.8209 9.3399 9.8648 0.5831 29.2556 58.8089 10.5867 0.2272 48.567 81.4443 9.9676;
	0.8023 10.8404 45.4171 11.6654 10.9138 0.0434 0.0626 3.8419 4.9744 2.6998 4.9905 7.4448 11.2081 14.9504 32.534 12.257 15.2077 16.1157 0.6301 12.9984 0.0209 0.1012 9.9934 39.925 42.9204 40.9396 1.303 50.207 53.2799 53.2799 8.2448 0.8405 2.1002 33.4579 46.8714 22.7328 47.2057 2.0697 139.9205 114.9652 4.6287 0.4812 0.7143 98.0341 47.6974;
	1.288 17.4032 62.7007 0.862 12.5938 0.0 0.0098 2.3049 4.9557 1.3679 2.5286 3.7722 5.679 2.2007 11.9265 4.4932 5.5749 5.9078 0.0 11.6695 0.0033 0.0 39.9671 53.6507 1.0997 45.0887 0.6239 82.7304 55.8653 55.8653 0.141 2.2247 0.0 30.0373 6.8994 23.8359 80.5073 0.0017 92.2213 2.9457 0.4967 0.0 0.0 127.2304 81.3459;
	2.0943 28.2986 81.7005 2.0128 14.2445 0.0 1.3418 1.5046 19.3925 23.4411 43.3305 64.6407 97.3162 4.3814 18.532 6.9818 8.6627 9.1798 0.0 11.0048 0.4473 0.0 21.5388 64.941 62.7623 51.2054 0.6764 199.9055 161.6638 161.6638 10.8145 2.6899 0.0 28.3264 13.7362 68.9765 163.5292 0.9592 114.372 168.1134 0.3202 0.0 105.5893 169.5221 165.2326;
	1.6485 22.2749 9.2487 0.6771 14.2899 15.2021 0.0 3.1025 3.8857 0.0001 0.0002 0.0003 0.0004 5.6648 9.1739 3.4562 4.2883 4.5443 0.0 9.4968 0.0 35.4715 36.83 1.0406 4.3836 31.7476 1.4594 142.2898 170.0583 170.0583 12.6561 6.0322 0.0 24.4448 17.7599 72.5582 149.699 6.9129 58.034 11.7419 0.0183 168.6419 75.6572 129.5739 151.2584;
	2.1147 28.5746 6.1939 0.2144 9.8013 0.1467 1.2952 1.2034 0.2068 0.0058 0.0107 0.016 0.0241 3.9926 20.8221 7.8446 9.7331 10.3142 0.0 5.1809 0.4317 0.3424 8.7528 4.3916 7.8566 0.325 0.2199 233.5674 232.6714 232.6714 93.8779 9.0975 0.0 13.3356 12.5173 99.2731 230.447 15.8275 21.0529 21.0444 0.0 1.6277 80.633 109.6899 232.8475;
	3.0596 41.3423 85.7546 0.0881 13.9776 0.1468 2.0266 0.8835 0.3857 0.0 0.0 0.0 0.0 9.4319 38.8055 14.6197 18.1393 19.2223 0.0 1.9929 0.6755 0.3425 21.6027 4.2623 2.467 10.7282 0.732 354.5875 252.5164 252.5164 169.8494 11.4684 0.0 5.1297 29.5701 107.7403 296.7243 40.6044 108.3949 6.6079 0.0086 1.6284 3.9172 187.9548 299.8152;
	3.3899 45.8056 41.721 24.667 14.4396 3.6844 7.7405 1.0428 1.4282 0.0806 0.1489 0.2222 0.3345 7.5328 55.2243 20.8054 25.8142 27.3553 0.0 4.3257 2.5802 8.5968 0.0043 62.9248 11.0187 2.7471 1.8193 377.2408 335.599 335.599 169.1638 23.0543 0.0 11.1342 23.6163 143.1889 446.4946 63.8458 146.3896 29.5143 0.1024 40.8718 137.8542 231.2474 451.1456;
	2.9348 39.6556 78.6673 73.1546 14.9984 21.8874 25.3251 15.8124 12.7205 10.6304 19.6502 29.3142 44.1323 43.2536 179.6111 67.6674 83.9578 88.9702 0.0002 35.514 8.4417 51.0706 14.6142 71.2935 18.7505 37.7285 11.1324 597.4908 503.6613 503.6613 329.5665 35.3017 0.0005 91.413 135.606 214.8955 596.4505 97.2935 343.1093 50.2246 0.0831 242.8041 128.2223 238.3064 602.6636;
	3.1225 42.1919 88.1894 42.4176 14.7535 26.8529 21.8877 8.754 5.967 8.9174 16.4836 24.5904 37.0207 9.9179 165.1405 62.2157 77.1936 81.8021 0.7792 44.8211 7.2959 62.6569 27.591 24.2085 4.4049 58.6678 4.1544 770.4013 476.8329 476.8329 364.3063 43.9824 2.5975 115.3696 31.0938 203.4487 632.3344 78.0015 370.9281 11.7988 0.0 297.8887 116.2281 205.5625 638.9212;
	2.9998 40.5343 45.9653 37.0858 14.8584 7.0454 19.7775 3.7619 26.537 22.6183 41.8095 62.3715 93.9 52.2013 76.3848 28.7775 35.7055 37.8371 1.1871 21.9273 6.5925 16.4393 57.0011 36.0545 10.8514 51.7202 1.0497 713.1324 470.9817 470.9817 348.1823 43.6978 3.957 56.4409 163.6581 200.9522 579.8159 82.515 398.3624 29.0662 0.0 78.157 110.9967 171.0131 585.8556;
	3.1732 42.8771 90.5198 5.8827 14.266 6.2585 2.4642 2.1143 27.0441 24.1812 44.6986 66.6815 100.3887 10.1167 26.0962 9.8316 12.1985 12.9267 0.9762 30.86 0.8214 14.6033 69.4577 83.3091 5.7668 57.7532 0.3282 573.6063 422.8419 422.8419 259.3389 55.6856 3.2539 79.4337 31.7172 180.4125 566.3592 82.818 296.4555 15.4469 0.0 69.4281 108.5385 175.4445 572.2588;
