function windprofile = ex_wind_profilesh1
%EX_WIND_PROFILE_D  Example wind_load_nyiso profile data for deterministic unit commitment.
% 2022.03.12
% Andres F. Ramirez


%% define constants
[GEN_BUS, PG, QG, QMAX, QMIN, VG, MBASE, GEN_STATUS, PMAX, PMIN, ...
    MU_PMAX, MU_PMIN, MU_QMAX, MU_QMIN, PC1, PC2, QC1MIN, QC1MAX, ...
    QC2MIN, QC2MAX, RAMP_AGC, RAMP_10, RAMP_30, RAMP_Q, APF] = idx_gen;
[CT_LABEL, CT_PROB, CT_TABLE, CT_TBUS, CT_TGEN, CT_TBRCH, CT_TAREABUS, ...
    CT_TAREAGEN, CT_TAREABRCH, CT_ROW, CT_COL, CT_CHGTYPE, CT_REP, ...
    CT_REL, CT_ADD, CT_NEWVAL, CT_TLOAD, CT_TAREALOAD, CT_LOAD_ALL_PQ, ...
    CT_LOAD_FIX_PQ, CT_LOAD_DIS_PQ, CT_LOAD_ALL_P, CT_LOAD_FIX_P, ...
    CT_LOAD_DIS_P, CT_TGENCOST, CT_TAREAGENCOST, CT_MODCOST_F, ...
    CT_MODCOST_X] = idx_ct;

windprofile = struct( ...
    'type', 'mpcData', ...
    'table', CT_TGEN, ...
    'rows', [1:45], ...
    'col', PMAX, ...
    'chgtype', 1, ...
    'values', [] );
windprofile.values(:,1,:) = [
	0.7472 10.0968 61.019 62.5326 7.4101 2.3335 1.5104 8.2056 4.605 19.9336 36.8469 54.9683 82.7545 0.7286 138.71 52.2582 64.8389 68.7098 83.4756 69.9726 0.5035 5.4449 67.4738 73.6955 48.9448 46.5882 4.5589 148.1161 308.9498 308.9498 210.7691 46.0453 278.2519 180.1097 2.2843 131.8186 371.7881 86.3437 214.5943 131.1022 64.649 25.8865 0.2322 72.1835 375.6609;
	0.4948 6.6857 55.2398 63.2853 7.1583 2.7298 4.3283 10.4631 18.9512 13.2459 24.4849 36.5267 54.9907 0.2332 118.5355 44.6576 55.4085 58.7164 72.6351 71.1441 1.4428 6.3695 34.9859 71.2388 50.1598 44.8473 6.332 59.6265 206.0618 206.0618 131.4634 27.0882 242.1171 183.125 0.7311 87.9197 279.5064 80.801 350.5958 134.3565 76.2744 30.2825 0.0 84.3949 282.4179;
	0.2506 3.3867 62.3854 60.0507 6.0114 0.105 0.0 11.2679 5.7002 10.5003 19.4097 28.9555 43.5923 0.0 86.3409 32.5284 40.3594 42.7689 60.9444 69.4954 0.0 0.245 25.5607 75.1012 53.4728 53.4266 6.5233 0.2773 2.221 2.221 4.6134 11.1276 203.1482 178.8813 0.0 0.9476 155.1525 1.0847 40.3221 143.2307 69.1295 1.1648 0.0 99.5172 156.7687;
	0.4492 6.0702 73.1543 72.2133 8.7157 0.7109 1.3981 14.4193 9.4638 16.2714 30.0775 44.8698 67.5512 0.0 92.9334 35.0121 43.441 46.0344 36.0251 66.7825 0.466 1.6587 50.0274 83.4404 65.1011 69.3528 8.2009 2.5416 18.4769 18.4769 2.7937 12.4555 120.0838 171.8983 0.0 7.8835 9.8636 0.3227 87.7073 174.3779 70.8877 7.886 0.0 148.2645 9.9664;
	0.5051 6.8244 86.108 74.0974 9.9752 0.2873 0.7483 15.4699 9.3416 15.5177 28.6842 42.7912 64.422 0.0 128.8111 48.5288 60.2117 63.8064 53.9453 69.9298 0.2494 0.6703 47.7233 86.5331 80.6391 75.1578 9.4232 16.3872 6.4519 6.4519 3.8512 5.3346 179.8178 179.9994 0.0 2.7528 4.7475 0.6408 50.7651 215.9975 65.6383 3.1869 0.0 162.4663 4.797;
	0.4514 6.0999 80.2692 55.3866 9.9381 3.0436 0.274 13.5516 6.1208 8.5399 15.7859 23.5494 35.4535 0.0 147.0222 55.3898 68.7243 72.8273 72.5143 69.08 0.0913 7.1017 35.7526 80.0048 56.199 74.1621 8.0465 3.0784 0.0013 0.0013 0.9856 6.4103 241.7142 177.8122 0.0 0.0006 0.0 0.0562 0.3411 150.5332 48.4606 33.7636 4.1087 148.0182 0.0;
	0.4759 6.4301 56.6238 35.574 9.6661 2.2336 3.2365 8.7849 1.9182 6.2382 11.5311 17.2022 25.8978 0.0 121.6044 45.8138 56.843 60.2366 52.802 68.465 1.0788 5.2117 21.9236 57.3049 34.5186 69.7757 4.3077 21.1624 2.0056 2.0056 0.5278 0.0 176.0068 176.2292 0.0 0.8557 2.2667 0.1067 0.0 92.4605 29.2934 24.7778 20.8624 142.357 2.2903;
	0.4933 6.6653 35.8509 25.7937 3.3145 2.0449 4.4443 8.1797 2.5325 3.251 6.0094 8.9649 13.4965 0.0057 72.3767 27.2675 33.8319 35.8517 17.5824 49.8823 1.4814 4.7715 11.8775 34.5148 34.5164 66.8696 4.8067 7.9112 6.8714 6.8714 14.4675 0.3242 58.6079 128.3973 0.0178 2.9318 10.6917 1.7447 0.4136 92.4546 11.6461 22.6851 0.0 104.7676 10.803;
	0.5546 7.4936 27.2093 22.5 3.1769 0.0162 0.4625 6.708 2.0796 0.0 0.0 0.0 0.0 0.2187 19.2905 7.2676 9.0172 9.5556 11.7822 17.5618 0.1542 0.0379 3.1137 35.6128 30.2987 58.5635 4.6186 14.8115 12.0619 12.0619 13.3028 1.6359 39.274 45.2042 0.6855 5.1464 22.9076 9.5722 0.0 81.1571 0.0911 0.1801 0.0 75.65 23.1462;
	0.102 1.3778 13.3816 2.065 2.794 0.0 0.0 4.5798 0.0801 0.0 0.0 0.0 0.0 0.1258 12.0163 4.5271 5.6169 5.9523 4.3408 13.321 0.0 0.0 7.5887 24.1091 24.8122 45.9957 2.9585 33.3203 21.9528 21.9528 4.7802 0.0708 14.4694 34.2882 0.3942 9.3665 0.0 1.2054 0.0 66.4612 0.0 0.0 15.4685 77.8886 0.0;
	0.6774 9.1536 35.8882 0.0 9.3316 0.0002 0.5579 3.6191 1.4503 0.0 0.0 0.0 0.0 3.7127 58.578 22.0689 27.3818 29.0166 13.869 10.8738 0.186 0.0006 22.3746 29.3913 35.8801 51.2605 1.2285 78.211 64.7076 64.7076 7.0343 0.3529 46.23 27.9891 11.6398 27.6086 49.1032 0.7121 0.0677 96.1074 0.0009 0.0026 0.0 91.5719 49.6147;
	1.6151 21.8235 61.1322 0.0 12.9708 2.0183 2.3383 1.8293 0.8095 0.0062 0.0115 0.0172 0.0259 2.2633 65.7196 24.7595 30.7201 32.5541 18.7899 8.4212 0.7794 4.7093 43.1845 44.9958 0.0606 52.2184 1.2448 172.0401 110.9014 110.9014 58.3896 2.4445 62.6329 21.6761 7.0959 47.3179 138.1471 12.2972 1.6026 0.1624 0.7871 22.3894 0.0 128.3288 139.5861;
	2.2411 30.2823 83.4386 1.9306 14.4331 2.3836 3.7894 0.1222 3.4763 21.7167 40.1429 59.8853 90.157 4.0763 80.0534 30.1597 37.4203 39.6544 56.8806 9.5911 1.2631 5.5617 22.7975 60.2937 62.6755 55.6963 0.3783 253.5546 172.9588 172.9588 41.5871 5.3475 189.602 24.6876 12.7798 73.7958 197.9457 12.2384 11.4349 167.8807 7.9087 26.4417 112.5927 171.5425 200.0076;
	1.7716 23.9381 6.5658 0.0298 14.4585 19.712 3.0008 0.1472 1.713 0.0 0.0 0.0 0.0 2.0519 83.0481 31.2879 38.8202 41.1378 58.84 9.5761 1.0003 45.9946 43.0624 0.0249 3.7563 34.7763 0.2016 213.6587 219.5629 219.5629 38.8405 4.9443 196.1334 24.6488 6.4331 93.6802 200.8342 15.9027 13.204 10.0617 12.4621 218.6716 80.9141 142.6899 202.9262;
	2.1968 29.684 2.5075 0.1668 9.3896 3.2576 0.5784 0.1917 0.0103 0.0175 0.0323 0.0481 0.0725 0.0 69.7637 26.2831 32.6105 34.5574 13.5163 12.8546 0.1928 7.6011 29.5931 0.0097 3.7224 2.9041 0.162 313.5693 264.654 264.654 102.1771 6.5555 45.0544 33.0878 0.0 112.919 267.101 13.8496 0.0 9.9708 57.0914 36.1377 80.8888 110.7553 269.8833;
	2.9792 40.2556 80.9045 0.0 13.1409 0.1702 2.3238 0.3327 0.5759 0.2087 0.3858 0.5755 0.8664 0.5111 89.5932 33.7537 41.8796 44.3799 31.1975 17.5109 0.7746 0.3972 42.7497 0.0 3.6261 0.4435 0.2482 435.3037 279.5221 279.5221 179.2284 11.5722 103.9916 45.073 1.6024 119.2628 316.8319 40.7088 0.0 9.7127 22.2479 1.8886 0.0 188.0143 320.1323;
	3.5199 47.5612 9.9946 0.0 14.4859 2.2198 0.3571 2.2963 0.0 0.3372 0.6233 0.9298 1.3998 6.4228 24.2383 9.1316 11.33 12.0064 18.2423 4.9344 0.119 5.1795 0.097 0.7535 8.8044 7.48 1.4214 394.9136 383.5545 383.5545 196.1788 25.349 60.8076 12.7011 20.1364 163.6499 463.8585 77.8867 0.578 23.5832 50.542 24.625 135.4238 239.0438 468.6904;
	2.9678 40.1011 24.0982 1.7681 14.1878 19.8064 0.7888 2.1102 2.0192 6.5655 12.1361 18.1047 27.2566 10.1937 22.2302 8.3751 10.3913 11.0117 45.9092 12.687 0.2629 46.215 14.7641 3.4189 30.6273 11.9455 1.9202 603.1205 491.2494 491.2494 337.7587 35.0215 153.0305 32.6564 31.9588 209.5997 568.82 101.7659 70.1861 82.0373 28.3712 219.7195 117.2119 237.0987 574.7452;
	2.933 39.6318 82.8093 0.044 14.0334 24.9888 2.5458 0.5206 6.8805 8.2648 15.2773 22.7907 34.3113 7.488 24.1185 9.0865 11.274 11.9471 37.5015 44.1656 0.8486 58.3073 22.9125 0.4135 1.232 60.5945 0.2413 761.9759 413.8744 413.8744 348.2301 41.4499 125.005 113.6825 23.4759 176.5864 578.5268 71.3844 203.6234 3.3001 14.3541 277.2096 105.9898 206.8866 584.5531;
	2.7034 36.529 1.7408 0.5115 12.6293 0.0 18.3918 0.2936 25.9257 21.8706 40.4275 60.3099 90.7962 7.9427 2.4785 0.9338 1.1586 1.2277 18.1976 19.9189 6.1306 0.0 50.9277 0.4857 1.0096 50.7317 0.1873 762.8379 420.0746 420.0746 334.3295 40.5835 60.6586 51.2712 24.9015 179.2318 531.1124 69.1859 32.9389 2.7043 5.595 0.0 99.8995 176.7565 536.6449;
