function loadprofile = ex_load_profilesh1
%EX_LOAD_PROFILE  Example load profile data file for stochastic unit commitment.
% 2022.03.12
% Andres F. Ramirez

%% define constants
[CT_LABEL, CT_PROB, CT_TABLE, CT_TBUS, CT_TGEN, CT_TBRCH, CT_TAREABUS, ...
    CT_TAREAGEN, CT_TAREABRCH, CT_ROW, CT_COL, CT_CHGTYPE, CT_REP, ...
    CT_REL, CT_ADD, CT_NEWVAL, CT_TLOAD, CT_TAREALOAD, CT_LOAD_ALL_PQ, ...
    CT_LOAD_FIX_PQ, CT_LOAD_DIS_PQ, CT_LOAD_ALL_P, CT_LOAD_FIX_P, ...
    CT_LOAD_DIS_P, CT_TGENCOST, CT_TAREAGENCOST, CT_MODCOST_F, ...
    CT_MODCOST_X] = idx_ct;

loadprofile = struct( ...
    'type', 'mpcData', ...
    'table', CT_TAREALOAD, ...
    'rows', [1:11], ...
    'col', CT_LOAD_ALL_P, ...
    'chgtype', 1, ...
    'values', [] );
loadprofile.values(:,1,:) = [
	1564.6279 982.3 1649.0943 570.8846 753.565 1174.4623 901.1 252.5709 501.4758 4532.2314 1534.6215;
	1571.642 1000.5895 1655.1 559.0204 761.5111 1168.4526 898.9176 253.4111 482.8693 4515.5286 1584.4479;
	1571.1432 1006.0116 1686.8741 575.5431 775.3135 1191.2595 916.8 259.7918 473.5778 4539.1884 1584.7968;
	1656.4786 1084.8 1799.419 588.2191 862.9174 1247.2 964.4 274.8154 505.7206 4694.0615 1675.538;
	1785.3923 1217.7668 1997.7 628.0 970.2285 1413.8897 1066.2896 309.3441 589.3086 5254.3674 1912.4747;
	1885.6054 1284.8733 2097.1471 615.0188 1032.7808 1528.1168 1124.7446 332.0449 639.968 5649.2819 1957.6431;
	1909.8 1283.191 2040.321 582.7 1021.8914 1484.1488 1109.2547 325.4465 641.307 5966.6368 1774.119;
	1896.9339 1257.5074 2020.9245 563.7183 1012.45 1431.3426 1112.7713 315.1539 670.5239 6303.4195 1668.4349;
	1815.2113 1233.6608 1965.4084 568.9498 1006.2649 1377.3811 1060.708 290.9293 688.7706 6256.6004 1556.2876;
	1838.6792 1242.0412 1910.3063 567.4928 985.5228 1342.1624 1019.2313 284.4142 646.5422 6046.7488 1428.6462;
	1792.6 1217.2926 1870.0759 554.4315 968.1298 1357.3012 1013.5823 280.5388 645.5712 5902.2533 1361.2111;
	1808.413 1192.3 1858.1785 546.4368 958.338 1273.3698 979.8111 267.5117 579.1938 5614.7072 1378.6101;
	1794.1976 1193.1662 1841.6973 555.1027 940.027 1252.9005 988.0854 267.1706 620.9953 6157.6265 1371.0725;
	1733.6728 1173.9209 1848.1576 548.9172 934.1398 1231.0116 1004.5325 301.2 650.0592 6144.6419 1521.3559;
	1729.3844 1155.3 1803.9352 525.817 945.7917 1208.6352 934.3258 269.3364 619.476 6036.2604 1595.5265;
	1750.0827 1203.8842 1856.3865 515.6099 962.2 1158.1883 965.5857 303.0527 608.8932 5927.7878 1705.6213;
	1770.3446 1187.0675 1878.5608 551.8833 971.0563 1342.7 1037.086 315.4667 634.6788 6077.304 2233.9772;
	1818.0922 1232.0642 1959.7545 561.6101 1028.0 1464.3385 1141.7879 358.1879 694.0262 6140.3478 2386.8999;
	1856.6529 1295.5155 1977.1668 560.0 1003.8 1411.2592 1142.1 331.0946 678.3182 6104.9922 2379.9169;
	1814.519 1211.9457 1895.86 564.1504 935.4147 1307.8557 1100.3783 321.7422 648.5658 5741.5779 2012.6633;
	1692.5634 1097.2116 1764.9373 554.0378 906.2383 1245.3812 1045.6674 315.1094 603.4568 5337.9503 1837.9884;
	1626.1491 1033.455 1668.6372 544.5205 873.5 1163.9644 963.9 267.7357 544.5551 5112.5428 1628.3749;
	1562.8377 969.8687 1627.4144 544.0928 815.9141 1056.2328 872.7 245.4303 481.4 4592.6972 1426.2251;
	1526.0358 955.6009 1611.4992 572.5 775.5767 1044.877 841.6136 216.6341 475.8654 4032.063 1417.4062;
];
