function windprofile = ex_wind_profilesh1
%EX_WIND_PROFILE_D  Example wind_load_nyiso profile data for deterministic unit commitment.
% 2022.03.12
% Andres F. Ramirez


%% define constants
[GEN_BUS, PG, QG, QMAX, QMIN, VG, MBASE, GEN_STATUS, PMAX, PMIN, ...
    MU_PMAX, MU_PMIN, MU_QMAX, MU_QMIN, PC1, PC2, QC1MIN, QC1MAX, ...
    QC2MIN, QC2MAX, RAMP_AGC, RAMP_10, RAMP_30, RAMP_Q, APF] = idx_gen;
[CT_LABEL, CT_PROB, CT_TABLE, CT_TBUS, CT_TGEN, CT_TBRCH, CT_TAREABUS, ...
    CT_TAREAGEN, CT_TAREABRCH, CT_ROW, CT_COL, CT_CHGTYPE, CT_REP, ...
    CT_REL, CT_ADD, CT_NEWVAL, CT_TLOAD, CT_TAREALOAD, CT_LOAD_ALL_PQ, ...
    CT_LOAD_FIX_PQ, CT_LOAD_DIS_PQ, CT_LOAD_ALL_P, CT_LOAD_FIX_P, ...
    CT_LOAD_DIS_P, CT_TGENCOST, CT_TAREAGENCOST, CT_MODCOST_F, ...
    CT_MODCOST_X] = idx_ct;

windprofile = struct( ...
    'type', 'mpcData', ...
    'table', CT_TGEN, ...
    'rows', [1:45], ...
    'col', PMAX, ...
    'chgtype', 1, ...
    'values', [] );
windprofile.values(:,1,:) = [
	0.7074 9.5587 56.7465 64.0324 8.3643 0.8011 4.2267 8.6875 17.592 22.0114 40.6878 60.6981 91.3807 7.7592 134.6612 50.7328 62.9463 66.7043 79.3025 71.3141 1.4089 1.8693 72.5717 75.867 49.0318 46.5617 4.2282 107.0955 319.081 319.081 197.6234 43.5955 264.3416 183.5626 24.3263 136.1412 346.7789 83.2584 373.4854 131.3352 58.4992 8.8874 16.9718 77.947 350.3912;
	0.396 5.351 55.6077 64.7803 7.3802 1.1658 0.2614 11.5021 6.5173 13.5128 24.9782 37.2625 56.0985 6.2157 108.5764 40.9055 50.7532 53.7832 68.5066 68.8787 0.0871 2.7203 38.9838 78.0061 55.4936 49.9412 6.263 39.2288 200.8825 200.8825 129.0285 19.357 228.3554 177.2939 19.4871 85.7098 199.6463 73.0915 100.4851 148.6435 72.4817 12.9329 3.0161 94.6713 201.726;
	0.2842 3.8401 59.1328 65.8756 6.399 0.719 0.7094 11.7264 4.8147 11.1156 20.547 30.6521 46.1465 5.694 79.7219 30.0348 37.2653 39.4901 58.5982 66.2794 0.2365 1.6777 32.4839 83.5132 57.3269 57.3219 6.5007 0.0 1.4695 1.4695 3.3457 13.6552 195.3274 170.6033 17.8514 0.627 124.6986 0.2809 77.1969 153.5541 68.6779 7.9763 0.3165 104.9634 125.9975;
	0.372 5.0267 66.2934 77.5973 8.2932 1.7227 1.6009 14.1156 1.3795 16.8759 31.1948 46.5366 70.0606 6.9988 91.2003 34.3592 42.6308 45.176 44.9278 66.5679 0.5336 4.0196 53.9357 86.0757 66.5784 68.997 7.7604 3.6371 2.5004 2.5004 0.4622 16.5004 149.7594 171.3459 21.9422 1.0669 0.4278 0.8001 35.4631 178.335 71.8548 19.1105 0.0157 138.4197 0.4323;
	0.2778 3.754 68.3385 66.9169 9.0252 0.0 0.0 13.3277 0.0 14.5216 26.8429 40.0443 60.2864 4.6766 117.975 44.4464 55.1465 58.4388 50.7609 67.0536 0.0 0.0 46.8842 83.3139 72.8641 70.1626 8.1266 3.7135 0.6716 0.6716 0.0 3.3154 169.2029 172.5961 14.6618 0.2865 0.0 0.0646 0.0 195.1716 65.3603 0.0 0.0 143.5341 0.0;
	0.154 2.0814 66.6969 53.6367 8.6376 3.2542 0.0 11.1265 0.0 9.1073 16.8348 25.1142 37.8093 7.0472 136.5015 51.4261 63.8065 67.6158 71.271 67.1303 0.0 7.5931 32.7324 77.3119 51.4402 65.4221 6.15 10.2438 10.4981 10.4981 4.1314 3.9873 237.5701 172.7936 22.0939 4.4792 0.157 0.2733 0.0 137.7862 35.7195 36.1 17.6474 137.5141 0.1587;
	0.2724 3.6801 49.2055 35.3617 8.337 0.8781 1.8875 7.9554 1.707 7.595 14.0392 20.9437 31.5307 2.897 106.2892 40.0439 49.684 52.6503 56.3137 67.858 0.6292 2.049 21.3933 53.1941 33.6003 62.4567 3.6637 11.7372 3.9842 3.9842 8.9471 0.0 187.7123 174.6667 9.0826 1.6999 0.2638 0.2328 0.0 90.0008 16.5953 9.7415 23.0411 146.8334 0.2665;
	0.4559 6.1607 23.201 22.9705 3.6427 2.6015 2.6282 6.1788 0.8116 3.9216 7.249 10.8141 16.2806 3.7132 44.4773 16.7566 20.7906 22.0318 15.6244 42.1899 0.8761 6.0703 9.7658 29.455 29.1656 58.5026 2.0047 5.025 3.518 3.518 29.4152 0.0 52.0813 108.5969 11.6415 1.501 10.8663 5.3277 0.0 78.122 4.6254 28.8598 0.6273 111.5395 10.9795;
	0.4419 5.9707 24.6981 21.549 3.7265 0.4024 0.0 4.9771 0.0 0.0 0.0 0.0 0.0 0.3713 3.6119 1.3608 1.6883 1.7891 0.0 11.1751 0.0 0.9389 3.0276 33.0099 26.5622 52.0433 2.0572 0.0 3.1731 3.1731 14.3963 0.0 0.0 28.7649 1.1639 1.3538 2.5415 0.1225 0.0 71.1486 0.4905 4.4636 0.0 80.206 2.568;
	0.5097 6.8866 14.339 20.6363 7.0671 0.0719 0.0 3.9348 0.0 0.0058 0.0107 0.016 0.0241 2.3919 0.0 0.0 0.0 0.0 0.0 10.0987 0.0 0.1678 7.3432 15.6786 24.7305 48.2423 0.2931 0.0 22.1588 22.1588 0.8326 0.0 0.0 25.994 7.4988 9.4544 2.425 0.005 0.0 66.2423 1.1517 0.7976 43.9667 95.0317 2.4503;
	0.7097 9.589 38.7139 1.4721 10.5276 0.0001 0.0 2.8539 0.5552 0.2119 0.3918 0.5844 0.8798 3.7864 0.0 0.0 0.0 0.0 0.0 9.8092 0.0 0.0002 29.1704 34.1757 38.0689 51.2614 0.5118 43.3191 69.6209 69.6209 40.0568 0.0 0.0 25.2489 11.8709 29.7049 67.4351 5.0503 0.7535 101.9703 5.149 0.0012 0.0 99.5391 68.1376;
	1.2048 16.2795 56.1253 0.0 12.976 0.0 0.0 0.0004 0.0 0.0001 0.0002 0.0002 0.0004 0.3098 0.0 0.0 0.0 0.0 0.0 5.0271 0.0 0.0 27.1285 51.5858 0.5825 48.1335 0.0 98.4111 98.0302 98.0302 42.018 2.2659 0.0 12.9397 0.9712 41.8262 119.5777 13.9999 0.0 1.5603 15.4737 0.0 0.0 125.2184 120.8233;
	1.8978 25.6431 79.1953 0.3969 14.2085 0.5121 0.0 0.4029 3.5036 24.9082 46.0425 68.6863 103.4068 2.6889 0.0 0.0 0.0 0.0 0.0591 7.1975 0.0 1.195 28.0781 66.4809 61.9301 53.8478 0.063 167.8256 168.1417 168.1417 115.697 2.4646 0.197 18.5264 8.4302 71.7405 181.9917 24.5792 2.3125 165.8841 44.2663 5.6813 98.4431 167.1607 183.8875;
	1.5231 20.5808 0.0 0.0 13.4559 18.1168 0.002 0.003 3.6335 7.2587 13.4175 20.0163 30.1345 12.5132 7.674 2.8911 3.5871 3.8013 0.2906 7.4386 0.0007 42.2725 42.0802 0.0806 0.0 26.2016 0.0 212.6533 222.1026 222.1026 184.1109 6.9267 0.9688 19.1469 39.2307 94.7638 221.1009 75.2488 84.9226 0.0 7.2213 200.9755 66.0503 129.7791 223.4041;
	1.7664 23.8675 0.0 0.0 8.4576 0.0376 0.1716 0.0106 4.8263 13.7745 25.4619 37.9842 57.1849 5.3938 29.8854 11.2591 13.9697 14.8037 2.8524 22.6759 0.0572 0.0877 30.5212 0.038 0.0 0.0534 0.0048 266.4219 263.6695 263.6695 111.6941 9.2397 9.5079 58.3678 16.9102 112.499 268.0503 49.8704 117.8166 0.0 4.3626 0.417 64.3982 93.2234 270.8425;
	2.807 37.9286 76.2377 0.0 12.6248 0.0309 0.0 0.1507 0.9922 12.9503 23.9384 35.7114 53.7633 4.1975 37.9578 14.3004 17.743 18.8023 3.0256 16.9799 0.0 0.0721 47.1174 4.8519 0.0033 5.7206 0.4533 387.6193 273.3018 273.3018 178.085 13.3883 10.0853 43.7062 13.1597 116.6088 306.5551 49.1599 28.7597 0.0089 10.2662 0.3427 0.0 175.5962 309.7484;
	2.5711 34.7406 0.0 0.0 13.7631 0.6023 0.003 0.5642 3.7648 1.1114 2.0545 3.0648 4.6141 1.3683 24.0097 9.0455 11.2231 11.8932 0.3547 13.0023 0.001 1.4054 1.3033 1.7173 0.0 0.3395 1.3429 367.0823 353.3683 353.3683 162.4189 24.5771 1.1824 33.468 4.2897 150.7705 442.9391 73.2068 4.3671 0.0 3.5723 6.6817 111.509 219.3249 447.553;
	2.1193 28.6371 0.0 0.0385 14.0377 16.8918 0.0 0.754 0.0 0.0058 0.0108 0.0161 0.0242 0.9467 4.5561 1.7165 2.1297 2.2569 1.1666 1.8987 0.0 39.4142 11.649 32.3254 1.4731 10.7285 0.8783 479.9967 459.0347 459.0347 310.1401 33.4254 3.8886 4.8873 2.968 195.8548 525.4982 94.3247 0.0 3.9457 1.488 187.3865 73.5967 225.9294 530.9721;
	2.2964 31.0295 76.8729 1.2851 14.43 23.5461 0.0 3.9935 1.0086 6.5725 12.1491 18.1241 27.2858 5.0985 0.0 0.0 0.0 0.0 0.0029 38.0877 0.0 54.9408 26.2094 45.1572 0.4311 63.53 2.2907 675.5828 430.6594 430.6594 345.2983 42.0191 0.0095 98.0378 15.9845 183.748 582.8546 74.6718 0.0 1.1546 0.2046 261.2043 87.0809 202.9516 588.926;
	2.4627 33.2761 0.0 0.0 13.9772 0.0003 17.3833 0.2873 25.5773 20.7894 38.4289 57.3283 86.3075 3.4322 0.0 0.0 0.0 0.0 4.5603 12.418 5.7944 0.0008 53.926 0.6699 0.0 49.9548 0.4368 688.1634 404.9309 404.9309 328.6375 38.0449 15.2011 31.964 10.7605 172.7705 529.031 65.1756 0.0 0.0 4.281 0.0037 99.6329 171.7082 534.5418;
	2.9021 39.2138 65.8223 0.0 14.494 0.0377 0.0 0.0 26.1009 23.802 43.9976 65.6357 98.8142 3.6461 20.6876 7.7939 9.6702 10.2476 22.9232 31.5098 0.0 0.0881 72.6299 73.2926 0.0 52.7797 0.0029 606.6252 387.9254 387.9254 258.0824 55.2507 76.4107 81.1062 11.4311 165.5148 551.0142 72.5291 0.1313 0.0 15.96 0.4187 102.2562 155.8952 556.7539;
