function solarprofile = ex_solar_profilesh1
%EX_WIND_PROFILE_D  Example wind_load_nyiso profile data for deterministic unit commitment.
% 2022.03.12
% Andres F. Ramirez


%% define constants
[GEN_BUS, PG, QG, QMAX, QMIN, VG, MBASE, GEN_STATUS, PMAX, PMIN, ...
    MU_PMAX, MU_PMIN, MU_QMAX, MU_QMIN, PC1, PC2, QC1MIN, QC1MAX, ...
    QC2MIN, QC2MAX, RAMP_AGC, RAMP_10, RAMP_30, RAMP_Q, APF] = idx_gen;
[CT_LABEL, CT_PROB, CT_TABLE, CT_TBUS, CT_TGEN, CT_TBRCH, CT_TAREABUS, ...
    CT_TAREAGEN, CT_TAREABRCH, CT_ROW, CT_COL, CT_CHGTYPE, CT_REP, ...
    CT_REL, CT_ADD, CT_NEWVAL, CT_TLOAD, CT_TAREALOAD, CT_LOAD_ALL_PQ, ...
    CT_LOAD_FIX_PQ, CT_LOAD_DIS_PQ, CT_LOAD_ALL_P, CT_LOAD_FIX_P, ...
    CT_LOAD_DIS_P, CT_TGENCOST, CT_TAREAGENCOST, CT_MODCOST_F, ...
    CT_MODCOST_X] = idx_ct;

solarprofile = struct( ...
    'type', 'mpcData', ...
    'table', CT_TGEN, ...
    'rows', [1:12], ...
    'col', PMAX, ...
    'chgtype', 1, ...
    'values', [] );
solarprofile.values(:,1,:) = [
	0.0 0.0 0.0 0.0 0.0 0.0 0.0 0.0 0.0 0.0 0.0 0.0;
	0.0 0.0 0.0 0.0 0.0 0.0 0.0 0.0 0.0 0.0 0.0 0.0;
	0.0 0.0 0.0 0.0 0.0 0.0 0.0 0.0 0.0 0.0 0.0 0.0;
	0.0 0.0 0.0 0.0 0.0 0.0 0.0 0.0 0.0 0.0 0.0 0.0;
	0.0 0.0 0.0 0.0 0.0 0.0 0.0 0.0 0.0 0.0 0.0 0.0;
	0.4784 0.4018 0.429 0.0 0.0 0.0 0.0 0.2 0.0 0.0 0.0 0.0;
	8.6998 6.9812 5.9592 3.1249 1.9837 345.797 43.2246 48.9066 174.9116 16.3901 8.1365 29.6825;
	15.5967 15.2272 12.4432 6.3569 4.0615 427.7036 53.4629 76.5295 255.2395 33.9531 12.725 61.4893;
	20.9199 16.6537 13.8 8.1281 6.2008 440.9703 55.1213 79.3547 265.4178 37.2702 11.4535 67.4966;
	24.4177 16.3448 13.6981 4.8205 5.2523 355.1207 44.3901 72.8039 191.5934 20.9104 0.0 37.8689;
	25.6414 16.6303 13.9046 6.341 6.0295 341.644 42.7055 65.7706 202.0337 25.0145 0.0 45.3013;
	25.8608 16.8823 14.1591 6.9114 6.7022 300.2367 37.5296 57.8398 190.0029 37.906 2.8328 68.648;
	23.8487 16.7386 14.1246 8.0659 8.5447 58.1074 7.2634 19.1292 38.3231 76.6295 20.6014 138.7764;
	22.1666 17.0361 14.3234 7.2142 7.6052 50.1641 6.2705 17.2671 28.4433 70.4828 21.5981 127.6448;
	17.726 15.6568 13.7633 7.3348 6.0129 52.9969 6.6246 11.3807 23.2985 44.1223 12.9003 79.9058;
	7.9364 5.7033 9.7335 8.7428 0.5533 12.2659 1.5332 0.0484 3.5388 5.8766 0.0 10.6426;
	0.5591 0.6659 0.817 1.3906 0.2264 3.1588 0.3949 1.0608 2.2574 3.8022 0.0 6.8859;
	0.0 0.0 0.0 0.0 0.0 0.0 0.0 0.0 0.0 0.0 0.0 0.0;
	0.0 0.0 0.0 0.0 0.0 0.0 0.0 0.0 0.0 0.0 0.0 0.0;
	0.0 0.0 0.0 0.0 0.0 0.0 0.0 0.0 0.0 0.0 0.0 0.0;
	0.0 0.0 0.0 0.0 0.0 0.0 0.0 0.0 0.0 0.0 0.0 0.0;
	0.0 0.0 0.0 0.0 0.0 0.0 0.0 0.0 0.0 0.0 0.0 0.0;
	0.0 0.0 0.0 0.0 0.0 0.0 0.0 0.0 0.0 0.0 0.0 0.0;
	0.0 0.0 0.0 0.0 0.0 0.0 0.0 0.0 0.0 0.0 0.0 0.0;
];
