function windprofile = ex_wind_profilesh1
%EX_WIND_PROFILE_D  Example wind_load_nyiso profile data for deterministic unit commitment.
% 2022.03.12
% Andres F. Ramirez


%% define constants
[GEN_BUS, PG, QG, QMAX, QMIN, VG, MBASE, GEN_STATUS, PMAX, PMIN, ...
    MU_PMAX, MU_PMIN, MU_QMAX, MU_QMIN, PC1, PC2, QC1MIN, QC1MAX, ...
    QC2MIN, QC2MAX, RAMP_AGC, RAMP_10, RAMP_30, RAMP_Q, APF] = idx_gen;
[CT_LABEL, CT_PROB, CT_TABLE, CT_TBUS, CT_TGEN, CT_TBRCH, CT_TAREABUS, ...
    CT_TAREAGEN, CT_TAREABRCH, CT_ROW, CT_COL, CT_CHGTYPE, CT_REP, ...
    CT_REL, CT_ADD, CT_NEWVAL, CT_TLOAD, CT_TAREALOAD, CT_LOAD_ALL_PQ, ...
    CT_LOAD_FIX_PQ, CT_LOAD_DIS_PQ, CT_LOAD_ALL_P, CT_LOAD_FIX_P, ...
    CT_LOAD_DIS_P, CT_TGENCOST, CT_TAREAGENCOST, CT_MODCOST_F, ...
    CT_MODCOST_X] = idx_ct;

windprofile = struct( ...
    'type', 'mpcData', ...
    'table', CT_TGEN, ...
    'rows', [1:45], ...
    'col', PMAX, ...
    'chgtype', 1, ...
    'values', [] );
windprofile.values(:,1,:) = [
	0.6985 9.438 57.4432 63.504 7.7158 0.0929 0.0 9.2179 0.5123 18.4531 34.1102 50.8857 76.6081 2.8371 149.9751 56.5022 70.1046 74.29 80.5552 68.6506 0.0 0.2168 67.3338 78.2201 56.7967 54.1406 4.9161 153.7748 325.6984 325.6984 245.8997 48.2295 268.5172 176.7067 8.8947 138.9647 375.7482 91.1273 0.0 152.134 59.6127 1.0305 0.0 66.1927 379.6623;
	0.4771 6.4468 51.2863 62.4879 7.0353 0.1756 0.0 11.0713 1.2859 9.197 17.0006 25.3615 38.1817 9.4688 112.6911 42.4557 52.6765 55.8214 74.9488 68.007 0.0 0.4097 28.0336 77.0123 56.3501 53.1481 6.4161 82.0792 237.0796 237.0796 174.9809 34.7511 249.8292 175.0502 29.686 101.1539 308.8807 94.5557 0.0 150.9377 75.6732 1.9476 0.0 80.7415 312.0982;
	0.337 4.5537 60.9501 71.0667 5.834 0.0132 2.771 12.1769 6.7691 7.8558 14.5213 21.6629 32.6134 21.9517 76.0896 28.6663 35.5675 37.6909 64.4736 66.6654 0.9237 0.0308 25.1302 82.4837 60.9953 57.6519 6.7927 9.3523 99.5351 99.5351 262.5085 18.1872 214.9119 171.5968 68.8217 42.4683 171.4775 6.0999 19.1588 163.3804 62.6857 0.1467 0.6418 97.5559 173.2637;
	0.3644 4.9239 69.1341 80.1347 7.8561 0.0 2.6879 14.1721 7.6408 8.4584 15.6353 23.3247 35.1152 14.6133 80.519 30.3351 37.6379 39.885 45.3779 64.2099 0.896 0.0 44.0862 84.9312 69.8075 70.9557 8.2077 16.8779 120.0108 120.0108 271.538 23.1855 151.2596 165.2764 45.8145 51.2046 88.6585 9.8624 19.9708 186.9844 66.8231 0.0 0.0 133.9451 89.582;
	0.4015 5.4253 80.3804 79.1104 9.1246 0.0 1.6069 15.4712 4.0811 6.3633 11.7624 17.5473 26.4173 25.4647 101.8059 38.3548 47.5884 50.4295 51.7021 62.8706 0.5356 0.0 44.1213 87.2769 85.4729 75.1139 9.6543 128.7582 213.6561 213.6561 390.5474 12.9797 172.3405 161.8291 79.8354 91.1599 147.3478 39.2428 9.0479 228.9453 70.7094 0.0 0.0 148.3755 148.8826;
	0.4181 5.6496 77.6736 62.6609 8.9326 2.4111 2.4233 12.5311 22.3387 8.262 15.2722 22.7831 34.2998 25.9875 123.3564 46.4738 57.6619 61.1044 81.1725 62.3934 0.8078 5.626 34.474 80.9345 58.6686 70.6871 7.5907 470.4136 278.5278 278.5278 422.4072 12.8274 270.5749 160.6007 81.4745 118.8385 480.1744 112.8051 59.6605 157.148 48.301 26.7477 16.9171 140.2949 485.1762;
	0.3945 5.3301 56.7875 39.8529 8.5491 0.8731 3.8493 7.1576 11.1107 4.0037 7.4008 11.0405 16.6215 6.2914 110.1333 41.4921 51.4809 54.5544 65.036 63.3446 1.2831 2.0371 21.9687 58.1589 35.9372 64.5512 3.5806 87.1235 80.6989 80.6989 198.9268 7.9504 216.7868 163.0491 19.7243 34.4315 66.5478 45.1095 33.3786 96.2603 23.4741 9.6851 25.1501 134.9345 67.241;
	0.3971 5.3656 31.4345 26.7403 3.1501 0.5531 4.5833 5.9542 12.2053 2.2786 4.2119 6.2833 9.4595 21.8113 57.0656 21.4991 26.6748 28.2674 17.1002 40.3059 1.5278 1.2905 11.7619 37.7715 32.4781 61.1209 3.5137 14.8138 68.0194 68.0194 279.0846 3.4651 57.0008 103.7474 68.3814 29.0216 27.3216 28.3899 54.3795 86.995 8.909 6.1353 0.0 100.0945 27.6062;
	0.5617 7.5896 28.0648 26.6326 3.6922 0.3196 0.8399 5.171 25.9259 0.0028 0.0051 0.0076 0.0115 5.6567 17.5998 6.6306 8.2269 8.7181 6.6797 16.5948 0.28 0.7458 5.595 39.2159 27.7774 54.3265 3.9469 79.9434 31.1926 31.1926 95.6211 7.2103 22.2656 42.7151 17.7347 13.3089 31.92 11.5647 30.4863 74.4039 4.9841 3.5456 1.5685 73.3015 32.2525;
	0.5886 7.9533 33.8049 29.8738 7.615 0.0718 0.125 4.956 15.9699 0.0 0.0 0.0 0.0 6.0871 6.8398 2.5768 3.1972 3.3881 19.6141 9.8544 0.0417 0.1675 9.3466 47.174 33.9496 51.4964 3.1559 150.5831 29.8713 29.8713 43.2893 2.4971 65.3804 25.3653 19.0838 12.7451 40.2724 6.2491 23.6977 90.9363 2.8678 0.7963 45.6146 87.3485 40.6919;
	0.9083 12.2734 47.325 64.9674 11.4548 3.5335 1.184 4.092 20.8706 0.0 0.0 0.0 0.0 2.6493 1.1938 0.4498 0.5581 0.5914 36.3252 6.7927 0.3947 8.2448 23.8811 50.8992 51.1812 52.8837 1.4027 899.6385 79.0479 79.0479 172.0296 5.1411 121.0841 17.4845 8.306 33.7271 396.3129 18.8252 2.2256 137.0925 7.5058 39.1981 1.2475 93.8011 400.4412;
	1.551 20.9573 60.7966 22.6976 13.5666 0.3452 0.0 0.0144 8.1827 0.0027 0.0049 0.0073 0.011 3.1763 3.559 1.3408 1.6636 1.763 67.1698 5.9883 0.0 0.8055 44.0246 61.3455 9.1066 46.8614 0.0155 188.836 110.4621 110.4621 129.2238 4.203 223.8994 15.4139 9.9581 47.1305 143.1087 4.9393 0.2024 24.3928 2.1158 3.8298 0.068 120.8529 144.5994;
	2.3669 31.9817 84.6583 82.8341 14.6317 2.1129 0.0 2.6134 7.1213 22.5694 41.7192 62.2369 93.6973 1.8258 0.0 0.0 0.0 0.0 25.5243 2.303 0.0 4.9302 17.5071 74.4578 72.0267 54.9218 1.0068 239.3132 164.2731 164.2731 62.5138 2.49 85.081 5.928 5.7241 70.0898 186.7721 4.2971 0.0 192.9287 7.1718 23.4396 106.4031 169.8149 188.7176;
	1.7974 24.2866 28.7701 42.2024 14.1133 20.0793 0.3629 1.8304 7.3306 0.0 0.0 0.0 0.0 0.4587 0.0 0.0 0.0 0.0 21.095 0.0 0.121 46.8517 36.6134 68.8421 44.6059 32.5561 2.2006 225.7045 181.4133 181.4133 9.9145 6.3253 70.3166 0.0 1.4382 77.403 192.8173 9.8528 0.116 119.4802 9.145 222.7461 78.4909 137.0807 194.8258;
	2.2213 30.0144 21.7091 64.4947 9.2764 8.1352 9.4249 4.8229 13.4689 0.1678 0.3101 0.4626 0.6965 0.1016 0.1358 0.0512 0.0635 0.0673 3.3989 0.0 3.1416 18.9822 20.1743 49.715 50.846 6.826 3.7282 297.3795 265.2194 265.2194 105.874 8.105 11.3298 0.0 0.3186 113.1603 266.5136 23.3197 14.6228 136.1947 0.8342 90.2468 79.9922 107.5831 269.2898;
	2.9792 40.256 84.7668 18.6634 12.8173 1.1319 7.4479 1.6012 1.8424 0.0 0.0 0.0 0.0 1.9071 1.7789 0.6702 0.8315 0.8812 0.0 0.0 2.4826 2.641 30.2082 24.6671 12.4029 5.6207 1.7801 365.8781 282.9743 282.9743 182.4661 12.5071 0.0 0.0 5.9791 120.7357 315.6566 46.3233 0.0772 33.2222 0.4962 12.556 0.369 180.9855 318.9447;
	3.4187 46.1935 28.9233 32.172 14.3374 2.6573 1.5279 2.1997 2.9425 0.0 0.0 0.0 0.0 1.1364 0.0 0.0 0.0 0.0 0.0 0.0 0.5093 6.2004 0.0 53.2678 52.9259 20.2489 1.1242 365.2223 383.4701 383.4701 195.2577 26.0322 0.0 0.0 3.5629 163.6139 454.5367 82.242 0.0 141.7657 1.0227 29.4784 130.0955 224.2499 459.2715;
	2.6123 35.2978 22.0638 50.9951 13.7803 19.1789 1.4052 0.7495 2.5951 0.0 0.0 0.0 0.0 0.847 0.0023 0.0009 0.0011 0.0011 0.0 0.0 0.4684 44.7507 1.2058 46.3705 25.1299 26.4998 0.2217 565.91 485.7 485.7 331.4477 37.0269 0.0 0.0 2.6556 207.232 566.8786 105.2343 18.5439 67.3123 0.4696 212.7577 107.7204 228.2147 572.7836;
	3.0106 40.6796 89.3944 66.5487 14.0917 25.7478 0.0711 2.2377 2.1558 4.1631 7.6954 11.48 17.2831 6.5537 1.7495 0.6591 0.8178 0.8666 0.0109 28.4945 0.0237 60.0782 12.1496 80.4976 41.209 66.1325 0.4202 795.0843 459.6123 459.6123 361.9974 46.468 0.0364 73.3449 20.5467 196.1012 649.5535 85.8145 0.0 110.3813 2.1164 285.6291 109.7728 211.6492 656.3197;
	3.1027 41.9237 40.5105 30.9111 14.0377 3.6538 16.847 1.8102 25.9228 12.8133 23.6852 35.3336 53.1946 3.0745 6.8402 2.577 3.1974 3.3883 0.185 17.669 5.6157 8.5256 44.4031 58.5365 31.2608 54.8066 0.455 797.9453 437.8491 437.8491 333.7674 42.5868 0.6167 45.4799 9.6391 186.8156 576.6287 81.2175 0.0 83.7342 5.2161 40.5331 110.9241 177.9952 582.6353;
