function solarprofile = ex_solar_profilesh1
%EX_WIND_PROFILE_D  Example wind_load_nyiso profile data for deterministic unit commitment.
% 2022.03.12
% Andres F. Ramirez


%% define constants
[GEN_BUS, PG, QG, QMAX, QMIN, VG, MBASE, GEN_STATUS, PMAX, PMIN, ...
    MU_PMAX, MU_PMIN, MU_QMAX, MU_QMIN, PC1, PC2, QC1MIN, QC1MAX, ...
    QC2MIN, QC2MAX, RAMP_AGC, RAMP_10, RAMP_30, RAMP_Q, APF] = idx_gen;
[CT_LABEL, CT_PROB, CT_TABLE, CT_TBUS, CT_TGEN, CT_TBRCH, CT_TAREABUS, ...
    CT_TAREAGEN, CT_TAREABRCH, CT_ROW, CT_COL, CT_CHGTYPE, CT_REP, ...
    CT_REL, CT_ADD, CT_NEWVAL, CT_TLOAD, CT_TAREALOAD, CT_LOAD_ALL_PQ, ...
    CT_LOAD_FIX_PQ, CT_LOAD_DIS_PQ, CT_LOAD_ALL_P, CT_LOAD_FIX_P, ...
    CT_LOAD_DIS_P, CT_TGENCOST, CT_TAREAGENCOST, CT_MODCOST_F, ...
    CT_MODCOST_X] = idx_ct;

solarprofile = struct( ...
    'type', 'mpcData', ...
    'table', CT_TGEN, ...
    'rows', [1:12], ...
    'col', PMAX, ...
    'chgtype', 1, ...
    'values', [] );
solarprofile.values(:,1,:) = [
	0.0 0.0 0.0 0.0 0.0 0.0 0.0 0.0 0.0 0.0 0.0 0.0;
	0.0 0.0 0.0 0.0 0.0 0.0 0.0 0.0 0.0 0.0 0.0 0.0;
	0.0 0.0 0.0 0.0 0.0 0.0 0.0 0.0 0.0 0.0 0.0 0.0;
	0.0 0.0 0.0 0.0 0.0 0.0 0.0 0.0 0.0 0.0 0.0 0.0;
	0.0 0.0 0.0 0.0 0.0 0.0 0.0 0.0 0.0 0.0 0.0 0.0;
	0.4731 0.4018 0.4224 0.0 0.0 0.0 0.0 0.2 0.0 0.0 0.0 0.0;
	2.5691 2.9215 0.4584 4.4964 1.7592 123.0751 15.3844 46.3646 154.062 16.3772 6.8833 29.6593;
	3.3608 7.6546 1.5855 6.2687 2.2491 362.5459 45.3182 71.4249 264.74 43.2748 22.1583 78.371;
	10.1598 14.268 10.8798 8.8484 3.7607 410.6659 51.3332 74.0889 277.6502 61.7268 41.6907 111.7876;
	23.7386 16.1444 13.6408 9.4169 4.3754 322.8236 40.353 64.0656 268.9571 62.5976 52.5596 113.3646;
	24.4179 16.1702 13.5641 9.8553 6.2668 355.5494 44.4437 62.4904 258.4344 71.7919 88.9571 130.0155;
	22.8473 16.256 13.4957 9.7672 7.4386 393.8796 49.235 61.0657 230.0163 93.3103 138.2035 168.9856;
	13.5416 13.223 9.9639 10.2152 9.1636 365.3788 45.6723 43.4453 151.648 181.8489 192.5917 329.3295;
	14.3609 15.1541 11.6177 9.1945 8.0256 343.4283 42.9285 42.5866 147.5983 213.547 148.1326 386.7349;
	11.1473 13.6818 9.3207 6.9897 5.8997 239.95 29.9937 36.4965 118.0743 231.4154 98.0019 419.0947;
	3.4751 3.4263 2.4738 1.7862 0.3989 22.3168 2.7896 6.7905 15.2543 103.4176 43.3867 187.2898;
	0.3582 0.3488 0.3227 0.4073 0.2297 3.1673 0.3959 1.1433 2.2574 28.3953 18.8215 51.4241;
	0.0 0.0 0.0 0.0 0.0 0.0 0.0 0.0 0.0 0.0 0.0 0.0;
	0.0 0.0 0.0 0.0 0.0 0.0 0.0 0.0 0.0 0.0 0.0 0.0;
	0.0 0.0 0.0 0.0 0.0 0.0 0.0 0.0 0.0 0.0 0.0 0.0;
	0.0 0.0 0.0 0.0 0.0 0.0 0.0 0.0 0.0 0.0 0.0 0.0;
	0.0 0.0 0.0 0.0 0.0 0.0 0.0 0.0 0.0 0.0 0.0 0.0;
	0.0 0.0 0.0 0.0 0.0 0.0 0.0 0.0 0.0 0.0 0.0 0.0;
	0.0 0.0 0.0 0.0 0.0 0.0 0.0 0.0 0.0 0.0 0.0 0.0;
];
