function windprofile = ex_wind_profilesh1
%EX_WIND_PROFILE_D  Example wind_load_nyiso profile data for deterministic unit commitment.
% 2022.03.12
% Andres F. Ramirez


%% define constants
[GEN_BUS, PG, QG, QMAX, QMIN, VG, MBASE, GEN_STATUS, PMAX, PMIN, ...
    MU_PMAX, MU_PMIN, MU_QMAX, MU_QMIN, PC1, PC2, QC1MIN, QC1MAX, ...
    QC2MIN, QC2MAX, RAMP_AGC, RAMP_10, RAMP_30, RAMP_Q, APF] = idx_gen;
[CT_LABEL, CT_PROB, CT_TABLE, CT_TBUS, CT_TGEN, CT_TBRCH, CT_TAREABUS, ...
    CT_TAREAGEN, CT_TAREABRCH, CT_ROW, CT_COL, CT_CHGTYPE, CT_REP, ...
    CT_REL, CT_ADD, CT_NEWVAL, CT_TLOAD, CT_TAREALOAD, CT_LOAD_ALL_PQ, ...
    CT_LOAD_FIX_PQ, CT_LOAD_DIS_PQ, CT_LOAD_ALL_P, CT_LOAD_FIX_P, ...
    CT_LOAD_DIS_P, CT_TGENCOST, CT_TAREAGENCOST, CT_MODCOST_F, ...
    CT_MODCOST_X] = idx_ct;

windprofile = struct( ...
    'type', 'mpcData', ...
    'table', CT_TGEN, ...
    'rows', [1:45], ...
    'col', PMAX, ...
    'chgtype', 1, ...
    'values', [] );
windprofile.values(:,1,:) = [
	0.7841 10.5943 60.5111 67.8018 7.6944 0.4865 12.3188 8.6393 3.7421 20.1676 37.2795 55.6137 83.7261 4.6475 157.7596 59.435 73.7434 78.146 78.0332 70.9092 4.1063 1.1351 67.0881 75.4682 51.5879 48.3915 4.3968 115.1231 298.7118 298.7118 196.181 41.4404 260.1108 182.5205 14.5706 127.4504 323.7957 62.7089 127.5786 138.1819 64.5839 5.3967 6.9956 66.3993 327.1685;
	0.5654 7.6393 56.2691 66.026 6.9969 5.0127 4.6462 11.9662 7.4489 11.9662 22.1194 32.9978 49.678 6.4587 133.9512 50.4653 62.6144 66.3526 71.754 71.797 1.5487 11.6963 35.2155 73.3428 54.9201 55.1264 6.631 56.0118 208.7205 208.7205 140.92 29.9247 239.1801 184.8057 20.2489 89.0541 255.2001 82.616 146.5823 147.1074 77.2347 55.6076 42.8337 91.3652 257.8585;
	0.3858 5.2129 63.9008 70.862 5.7863 5.1474 10.6738 12.1724 7.6468 9.5737 17.6968 26.4001 39.7452 7.6756 93.1905 35.109 43.5611 46.1618 60.5676 67.938 3.5579 12.0106 24.5631 78.688 56.3083 56.1182 6.4478 0.0363 0.4208 0.4208 5.823 14.7267 201.8919 174.8726 24.0639 0.1795 144.3836 0.7981 172.442 150.8257 65.6062 57.1017 50.2114 98.9201 145.8876;
	0.4286 5.7914 69.6333 75.24 7.7871 0.8744 1.2385 14.2315 2.3576 14.7731 27.3079 40.738 61.3308 6.5245 92.0745 34.6885 43.0395 45.609 42.6842 65.1292 0.4128 2.0402 44.9161 79.7048 65.8043 64.7691 7.5775 9.6681 4.4017 4.4017 12.2853 17.9067 142.2807 167.6427 20.4551 1.8781 12.0871 6.1956 55.7543 176.2616 64.0907 9.6995 10.8111 131.9196 12.213;
	0.5191 7.0145 74.965 71.1185 8.9252 0.1907 6.083 13.8943 2.762 16.1228 29.8027 44.4598 66.934 24.0747 126.1711 47.5342 58.9777 62.4987 49.2102 67.2374 2.0277 0.445 47.3212 77.5293 76.6542 66.2054 7.7305 33.0687 0.6513 0.6513 8.9318 9.7569 164.034 173.0693 75.4774 0.2779 20.7766 4.623 65.8451 205.3238 58.3855 2.1158 21.0971 143.5254 20.993;
	0.4997 6.752 78.3947 62.8294 9.5615 4.0873 5.0839 13.5245 4.9655 9.8255 18.1622 27.0944 40.7905 6.0086 144.1971 54.3254 67.4038 71.4279 72.5311 67.2836 1.6946 9.5369 35.6145 81.2051 62.5129 70.2123 7.5095 54.0037 4.0382 4.0382 51.7775 11.7636 241.7703 173.1881 18.8378 1.723 69.2489 12.3063 58.2387 167.4454 46.2698 45.3413 25.103 144.2015 69.9702;
	0.5089 6.8762 53.1606 40.7172 9.3661 2.8867 4.0583 8.5564 2.7131 7.6238 14.0925 21.0232 31.6503 7.7244 121.312 45.7036 56.7063 60.0918 50.1019 67.0075 1.3528 6.7357 21.7122 57.3933 37.242 66.5828 4.108 43.7931 6.8936 6.8936 87.9935 6.0726 167.0063 172.4774 24.217 2.9413 33.6541 14.3912 32.2893 99.7554 22.8781 32.0237 31.5476 139.2294 34.0047;
	0.5183 7.0032 33.1061 27.7099 3.3784 2.4544 4.7784 6.7714 2.7099 4.6514 8.598 12.8265 19.3102 1.8755 59.9999 22.6046 28.0464 29.7209 14.7443 47.2421 1.5928 5.7269 8.9355 34.8678 30.1045 62.3921 3.8071 12.0332 6.7844 6.7844 95.342 52.4143 49.1476 121.6013 5.8798 2.8947 16.8322 45.2166 28.9508 80.6371 5.7449 27.2276 0.0049 106.9416 17.0075;
	0.6984 9.4374 29.3176 27.6016 3.6777 4.0352 3.6673 5.8424 17.4588 2.6927 4.9775 7.4254 11.1789 0.027 18.0767 6.8103 8.4498 8.9543 2.6076 19.6043 1.2224 9.4154 4.0325 40.7595 32.6886 57.8811 3.9894 16.5939 4.2163 4.2163 62.8945 48.1645 8.692 50.4616 0.0846 1.799 10.9924 18.3158 129.5207 87.5589 0.0011 44.7637 30.2146 78.2412 11.1069;
	0.7197 9.7244 32.0951 29.0108 7.4834 1.4878 7.1322 4.6341 21.3412 3.2007 5.9164 8.8261 13.2877 3.795 12.3576 4.6557 5.7765 6.1213 1.4458 11.7728 2.3774 3.4714 7.1283 37.658 31.2266 47.3916 2.802 58.603 34.2963 34.2963 68.3026 25.4081 4.8194 30.3033 11.8977 14.6331 31.701 5.0969 124.5961 83.6427 0.3478 16.5041 52.5625 95.4982 32.0312;
	0.9899 13.3762 43.336 15.3253 11.837 7.5087 7.3234 3.5366 14.5203 1.8066 3.3395 4.9818 7.5001 4.1933 52.6787 19.8464 24.6242 26.0944 6.9737 11.4368 2.4411 17.5204 3.5462 37.4158 42.5055 49.0587 0.9785 93.648 70.4028 70.4028 198.916 18.0061 23.2458 29.4383 13.1466 30.0385 71.7577 6.1939 60.43 113.8539 2.5847 83.297 53.3618 101.4927 72.5052;
	1.722 23.2674 62.1636 16.869 13.4507 9.8206 3.6152 2.4068 14.5993 2.835 5.2405 7.8178 11.7696 2.2725 4.58 1.7255 2.1409 2.2687 0.2154 7.5185 1.2051 22.9148 42.1278 51.9938 5.1683 46.2481 0.1676 136.2355 103.7575 103.7575 137.4213 3.358 0.7181 19.3525 7.1245 44.2699 112.7976 3.9369 15.4978 13.8436 20.072 108.9435 49.8431 135.9471 113.9726;
	2.3509 31.7665 80.2555 18.8438 14.2439 9.8289 2.6058 1.296 4.5059 24.7321 45.7169 68.2006 102.6757 5.1586 45.824 17.2639 21.4201 22.6989 10.1085 9.8568 0.8686 22.9341 30.9929 63.3088 68.21 52.055 0.2496 232.1924 170.6815 170.6815 248.1014 20.3329 33.6951 25.3715 16.1728 72.8241 171.3821 22.917 15.3546 182.7053 12.3158 109.0354 120.22 171.5504 173.1673;
	1.9223 25.9743 5.5615 18.7128 14.2521 19.7057 2.3886 0.5908 4.1128 1.785 3.2995 4.9221 7.4103 1.6356 5.7776 2.1767 2.7007 2.8619 0.5832 7.0095 0.7962 45.9799 43.1871 4.1322 3.6261 32.1594 0.2067 194.1283 218.8826 218.8826 281.984 7.5055 1.9439 18.0424 5.1278 93.3899 186.8016 47.5165 12.3284 9.7129 8.1629 218.6014 86.1006 137.3 188.7474;
	2.4462 33.0536 27.4998 19.7857 10.1907 11.6558 1.4379 2.0034 5.9484 5.3202 9.8342 14.6707 22.0867 7.2205 0.0364 0.0137 0.017 0.018 0.2141 0.2499 0.4793 27.197 29.9744 4.1736 20.8504 9.2749 2.0827 253.4694 271.5378 271.5378 112.6919 8.2451 0.7136 0.6432 22.6372 115.8561 243.0637 36.0591 44.1237 55.8493 51.7416 129.3021 89.08 112.7364 245.5956;
	3.4266 46.3009 88.0735 48.1492 14.7442 17.9009 0.0049 0.3614 12.228 14.6067 27.0003 40.2792 60.6401 17.8698 17.8161 6.7121 8.328 8.8252 1.6835 0.7904 0.0016 41.7688 49.5642 6.2437 14.9693 5.8778 0.706 345.2566 305.2605 305.2605 188.3645 10.9856 5.6117 2.0346 56.0243 130.2445 298.4788 41.9854 48.53 40.0964 45.785 198.5807 29.6993 192.4017 301.588;
	3.7046 50.0576 57.1133 101.0068 15.3101 33.2253 4.2274 1.9946 19.7652 0.6077 1.1233 1.6758 2.5229 42.4379 4.1573 1.5662 1.9433 2.0593 0.1506 0.0141 1.4091 77.5258 0.6891 28.9544 24.9312 7.6177 1.9342 390.8118 429.195 429.195 215.8673 25.2099 0.5019 0.0364 133.0486 183.1232 484.0582 82.4325 211.1981 66.7801 39.4361 368.5797 152.1988 237.6203 489.1005;
	3.0398 41.075 62.9161 98.1045 14.946 21.3241 1.1225 0.6473 17.2197 7.7626 14.349 21.4059 32.2265 15.2877 7.3372 2.7642 3.4297 3.6344 1.4148 0.0 0.3742 49.7562 14.4731 44.5877 29.0741 13.9656 0.4182 524.8131 499.5574 499.5574 315.9937 33.1086 4.7161 0.0 47.9291 213.1445 539.5531 97.7131 11.0234 77.8771 54.0946 236.555 128.4 226.3153 545.1734;
	3.3793 45.6615 88.7925 73.0089 15.2863 28.0418 0.0137 2.0463 12.7965 8.6417 15.974 23.83 35.876 8.5323 27.7591 10.4581 12.9758 13.7504 26.5113 38.5943 0.0046 65.4308 27.3203 25.2982 18.3124 65.6953 0.3594 555.7237 424.3217 424.3217 363.2861 43.8258 88.371 99.3418 26.7499 181.0439 551.2126 76.0497 0.0 49.0511 29.1472 311.0767 120.8283 211.7244 556.9544;
	3.3553 45.3369 62.7773 86.38 15.2244 8.4321 18.0803 3.4646 27.127 20.7366 38.3313 57.1828 86.0884 43.1326 74.8787 28.2101 35.0014 37.0911 17.6289 12.1568 6.0268 19.6748 52.9776 35.6509 46.4214 59.721 0.3659 710.6978 451.9987 451.9987 360.0218 46.8765 58.7629 31.2916 135.2265 192.8528 571.9508 76.8403 3.6404 124.3432 34.3192 93.5397 123.9447 198.3402 577.9086;
