function loadprofile = ex_load_profilesh1
%EX_LOAD_PROFILE  Example load profile data file for stochastic unit commitment.
% 2022.03.12
% Andres F. Ramirez

%% define constants
[CT_LABEL, CT_PROB, CT_TABLE, CT_TBUS, CT_TGEN, CT_TBRCH, CT_TAREABUS, ...
    CT_TAREAGEN, CT_TAREABRCH, CT_ROW, CT_COL, CT_CHGTYPE, CT_REP, ...
    CT_REL, CT_ADD, CT_NEWVAL, CT_TLOAD, CT_TAREALOAD, CT_LOAD_ALL_PQ, ...
    CT_LOAD_FIX_PQ, CT_LOAD_DIS_PQ, CT_LOAD_ALL_P, CT_LOAD_FIX_P, ...
    CT_LOAD_DIS_P, CT_TGENCOST, CT_TAREAGENCOST, CT_MODCOST_F, ...
    CT_MODCOST_X] = idx_ct;

loadprofile = struct( ...
    'type', 'mpcData', ...
    'table', CT_TAREALOAD, ...
    'rows', [1:11], ...
    'col', CT_LOAD_ALL_P, ...
    'chgtype', 1, ...
    'values', [] );
loadprofile.values(:,1,:) = [
	1581.2169 964.8883 1592.9418 625.7802 833.1 1173.974 904.4 250.7658 517.914 4570.524 1784.156;
	1527.9807 959.0835 1563.543 622.0 805.0918 1145.1319 880.3 250.7806 511.7458 4524.8615 1792.4866;
	1583.2084 999.4601 1669.571 649.6245 844.9 1178.7 897.8134 253.279 513.7 4474.6664 1786.7129;
	1608.8835 1051.2062 1699.4741 631.0053 889.5228 1261.5472 942.6745 253.4098 536.2928 4627.5213 1873.6166;
	1733.6123 1141.171 1824.4944 654.7365 995.1152 1402.985 1021.7 289.5913 619.5366 4812.5737 2064.8132;
	1808.3462 1216.7423 1907.396 666.4073 1047.2215 1465.7111 1046.9506 302.0702 648.4608 4466.1115 2113.9692;
	1865.6 1258.5577 1987.6362 652.2878 1098.4541 1486.1475 1082.332 281.0892 656.5255 4729.223 2145.716;
	1877.74 1236.7552 1919.991 649.881 1020.1576 1419.7111 1056.277 265.1724 652.3076 4756.9359 1974.1908;
	1862.7198 1209.1654 1905.6047 628.0774 969.3968 1340.3585 1024.6056 277.5359 667.7 5588.6677 2004.0818;
	1847.8406 1167.4283 1856.9314 627.2936 931.9168 1251.9152 1025.788 288.9841 664.3892 4845.6144 1938.2246;
	1768.8742 1142.3626 1826.6904 619.2 925.3794 1215.6745 985.3197 281.8651 643.3347 4442.7742 1858.2094;
	1768.7 1142.6918 1848.923 626.05 933.1227 1169.5578 990.7851 305.8927 658.9 5902.027 1896.7826;
	1770.1862 1147.7 1826.6923 625.628 940.9961 1232.7673 1032.2048 308.5314 674.3 5972.3177 2039.6776;
	1721.8344 1154.6676 1823.8626 611.5 910.0678 1251.2102 1031.3759 314.0547 667.9678 6105.0724 2124.3;
	1729.7491 1165.2994 1799.5457 618.8209 945.4347 1290.5841 1032.5171 329.9684 683.1104 5913.5245 2155.4222;
	1722.9 1177.1456 1830.9979 612.1829 950.7 1315.6763 1038.9319 336.2832 657.5485 5686.5221 2203.3992;
	1680.3771 1184.5983 1845.8031 608.2197 941.1421 1386.4608 1084.0846 365.896 691.5 6072.5848 2317.9354;
	1726.3147 1229.1525 1916.8881 612.9645 989.1277 1449.8086 1164.1746 367.9609 720.4657 6136.7204 2437.0218;
	1735.4859 1193.2697 1860.5701 609.5 993.4414 1448.6767 1167.6 378.0699 722.8 6068.0581 2434.6067;
	1690.1886 1169.3349 1817.68 589.5 935.2401 1395.1322 1134.7 350.8802 693.7119 5851.4165 2365.1803;
	1627.9424 1102.0 1723.902 587.7357 873.8374 1295.0718 1050.4624 312.9 633.1702 5384.0606 2136.3099;
	1522.5607 1038.6876 1602.0864 595.0881 811.5983 1212.2913 991.2032 292.3122 568.6967 4995.3788 1948.3;
	1518.8462 984.3 1565.0079 573.8439 789.003 1139.5 903.8509 239.7488 520.927 4601.5235 1836.3677;
	1488.2155 954.6295 1546.6451 573.6367 798.9593 1136.1327 851.7376 210.3464 498.1445 4440.6898 1742.4534;
];
