function windprofile = ex_wind_profilesh1
%EX_WIND_PROFILE_D  Example wind_load_nyiso profile data for deterministic unit commitment.
% 2022.03.12
% Andres F. Ramirez


%% define constants
[GEN_BUS, PG, QG, QMAX, QMIN, VG, MBASE, GEN_STATUS, PMAX, PMIN, ...
    MU_PMAX, MU_PMIN, MU_QMAX, MU_QMIN, PC1, PC2, QC1MIN, QC1MAX, ...
    QC2MIN, QC2MAX, RAMP_AGC, RAMP_10, RAMP_30, RAMP_Q, APF] = idx_gen;
[CT_LABEL, CT_PROB, CT_TABLE, CT_TBUS, CT_TGEN, CT_TBRCH, CT_TAREABUS, ...
    CT_TAREAGEN, CT_TAREABRCH, CT_ROW, CT_COL, CT_CHGTYPE, CT_REP, ...
    CT_REL, CT_ADD, CT_NEWVAL, CT_TLOAD, CT_TAREALOAD, CT_LOAD_ALL_PQ, ...
    CT_LOAD_FIX_PQ, CT_LOAD_DIS_PQ, CT_LOAD_ALL_P, CT_LOAD_FIX_P, ...
    CT_LOAD_DIS_P, CT_TGENCOST, CT_TAREAGENCOST, CT_MODCOST_F, ...
    CT_MODCOST_X] = idx_ct;

windprofile = struct( ...
    'type', 'mpcData', ...
    'table', CT_TGEN, ...
    'rows', [1:45], ...
    'col', PMAX, ...
    'chgtype', 1, ...
    'values', [] );
windprofile.values(:,1,:) = [
	0.6658 8.9963 55.6574 64.0764 7.4712 0.0 0.659 9.2463 2.7355 17.3845 32.1349 47.939 72.1719 0.2667 145.747 54.9093 68.1282 72.1956 79.6512 67.7208 0.2197 0.0 67.0864 71.3681 48.1057 48.4311 4.0209 184.1021 355.0845 355.0845 231.6443 43.245 265.5039 174.3134 0.836 151.5027 402.1713 92.7824 15.3666 128.8544 33.5848 0.0 0.0 63.825 406.3606;
	0.456 6.1612 52.9969 63.8156 6.9394 0.0207 0.7726 12.289 7.6321 10.6228 19.6361 29.2931 44.1006 0.0 118.3389 44.5835 55.3165 58.619 73.6352 66.9846 0.2575 0.0483 33.1828 72.2613 51.4985 50.734 5.9188 58.3375 232.1988 232.1988 155.4634 29.6043 245.4506 172.4186 0.0 99.0715 302.4556 96.2787 15.4799 137.9425 57.7286 0.2297 0.0 80.0552 305.6061;
	0.3415 4.6149 58.6188 70.0813 6.1059 0.0222 0.1411 12.1937 3.5521 9.1798 16.9688 25.3141 38.1102 0.0 80.5814 30.3586 37.6671 39.9159 65.3439 62.6331 0.047 0.0518 24.6633 78.2737 54.9203 52.2602 6.1986 3.7541 206.5979 206.5979 67.4435 16.6125 217.8131 161.2177 0.0 88.1484 170.7641 41.3338 18.7417 147.1079 56.0436 0.2464 0.0163 87.6398 172.5429;
	0.4319 5.8354 62.9591 73.9381 8.4972 0.0351 0.002 14.4073 1.5654 14.4769 26.7603 39.9211 60.101 0.0 91.3017 34.3974 42.6782 45.2262 43.9881 61.4993 0.0007 0.0819 46.7082 80.399 62.413 62.2957 7.7101 12.7065 167.4714 167.4714 60.0765 17.1446 146.6271 158.2993 0.0 71.4545 26.7496 9.0161 22.5771 167.1776 55.7119 0.3893 0.0 115.8697 27.0282;
	0.506 6.8376 76.2435 76.6179 9.6472 0.5368 4.2617 13.9916 5.0427 15.072 27.8603 41.5621 62.5715 1.9604 132.8702 50.0581 62.1091 65.8171 55.6172 69.5137 1.4206 1.2526 46.5278 79.4895 73.958 64.0318 8.448 36.2189 153.8623 153.8623 87.7621 6.5554 185.3906 178.9285 6.146 65.6479 36.987 5.2034 193.8894 198.1018 47.4394 5.9551 0.0176 131.7787 37.3723;
	0.4284 5.789 69.9709 55.7202 9.5721 3.4714 0.1716 11.7476 0.6153 8.8858 16.4252 24.5031 36.8893 1.0074 156.7467 59.0534 73.27 77.6443 79.5601 71.4915 0.0572 8.1 34.0107 68.0981 46.7635 59.9079 6.825 22.3687 103.412 103.412 54.2198 4.1077 265.2004 184.0193 3.1584 44.1225 22.582 6.907 19.8594 125.2595 3.327 38.5096 15.8333 118.0132 22.8172;
	0.4078 5.5109 50.2942 35.7265 9.5966 2.521 3.6949 6.7348 2.2369 7.1684 13.2507 19.7675 29.7598 7.275 135.4955 51.0471 63.3363 67.1175 62.2753 70.6112 1.2316 5.8824 21.9145 43.4594 22.1306 54.1618 1.7792 49.2439 90.1781 90.1781 22.4915 0.0 207.5844 181.7534 22.808 38.476 72.5134 12.7015 40.2949 59.2783 0.2749 27.9667 25.195 116.1313 73.2688;
	0.5607 7.5761 34.4181 28.2653 4.1265 3.1155 4.7187 6.9761 2.7028 4.8339 8.9355 13.33 20.0682 38.0996 75.5386 28.4587 35.3099 37.418 17.4291 47.9359 1.5729 7.2696 9.4019 33.9901 31.8542 55.5755 3.0421 19.6772 133.8649 133.8649 21.6329 0.0096 58.0969 123.3871 119.4474 57.1157 55.8201 6.7093 92.3946 85.3239 5.7652 34.5617 13.0219 100.9855 56.4015;
	0.6845 9.2493 28.4101 26.0637 4.0922 5.8867 2.3904 5.9027 8.9314 7.7729 14.3681 21.4343 32.2693 13.1144 22.9218 8.6357 10.7146 11.3543 3.5147 16.1972 0.7968 13.7357 5.6435 33.5689 26.79 49.1267 3.7978 0.7208 37.2705 37.2705 0.0889 0.0 11.7157 41.6917 41.1154 15.9021 2.396 0.1475 46.6838 71.7589 1.365 65.3035 3.1871 71.3994 2.4209;
	0.6787 9.1703 31.6592 25.8219 8.2109 3.5622 1.3405 4.8083 9.2675 3.2231 5.9578 8.8878 13.3806 25.9127 14.4911 5.4594 6.7738 7.1782 1.9541 9.7831 0.4468 8.3119 11.0654 32.7861 28.0503 48.1634 3.0353 37.5442 114.2007 114.2007 11.4802 0.3777 6.5137 25.1817 81.2398 48.7256 11.9643 0.4568 83.3344 75.1347 0.9597 39.517 45.5533 81.3038 12.089;
	0.9217 12.4536 44.3213 38.1997 11.902 5.2633 3.0661 3.8437 4.3209 0.7155 1.3227 1.9732 2.9706 41.692 36.0878 13.5959 16.869 17.8761 10.3473 8.0691 1.022 12.2811 29.3267 38.8769 46.7225 54.8031 1.0624 72.9916 94.0656 94.0656 62.9726 2.9609 34.4912 20.7699 130.7101 40.1346 90.4491 12.5349 98.5705 125.1496 20.7004 58.388 0.0005 98.6519 91.3913;
	1.6694 22.5568 65.5142 19.0732 13.9828 3.9008 1.0475 0.2247 1.5542 0.1114 0.2059 0.3071 0.4623 16.0677 24.8497 9.362 11.6158 12.3093 5.9816 5.6506 0.3492 9.1019 47.4473 46.4881 10.369 47.7 0.0 161.2149 127.4352 127.4352 19.6536 5.5217 19.9386 14.5446 50.3743 54.3724 137.764 3.5596 119.2178 27.774 8.9506 43.2729 0.0006 130.9573 139.199;
	2.288 30.9156 81.1352 5.0703 14.5099 1.7847 0.2936 0.7745 0.0 23.0094 42.5326 63.4503 95.5241 3.1707 0.0024 0.0009 0.0011 0.0012 4.418 4.082 0.0979 4.1643 28.0754 61.6131 68.8067 53.7798 0.0 197.2588 165.6015 165.6015 0.6863 2.5756 14.7266 10.5072 9.9406 70.6566 157.0652 1.088 27.8091 184.3035 7.3836 19.7982 103.8695 155.5868 158.7013;
	1.7981 24.2957 3.827 12.741 14.4293 18.5273 3.5042 0.4155 0.4975 2.0728 3.8315 5.7158 8.6051 1.3291 16.4096 6.1822 7.6705 8.1285 5.0246 8.6335 1.1681 43.2303 47.5861 0.2858 8.5961 32.0586 0.0 172.683 213.9485 213.9485 18.1746 4.851 16.7488 22.2227 4.1669 91.2847 176.3815 14.1095 177.3383 23.0252 0.0064 205.5291 75.3655 113.9996 178.2188;
	2.3096 31.2081 7.9021 19.9144 10.2555 3.504 0.5746 2.8711 0.0 4.2974 7.9437 11.8505 17.8408 5.0083 3.8547 1.4522 1.8019 1.9094 12.1791 0.7678 0.1915 8.1761 30.5594 18.7468 23.3463 15.1736 0.0017 257.5047 268.7088 268.7088 94.9574 7.8501 40.5968 1.9763 15.7017 114.6491 251.9075 17.0194 78.3235 62.5346 1.1668 38.8716 80.9694 101.2148 254.5315;
	3.2513 43.9319 87.7143 57.2555 14.7052 1.7436 0.864 3.8543 0.0 1.0688 1.9756 2.9472 4.437 0.0055 3.3282 1.2539 1.5557 1.6486 6.5305 1.9595 0.288 4.0683 44.7882 65.4769 59.5287 3.6332 0.0199 364.3743 286.7798 286.7798 173.4137 13.1556 21.7682 5.0438 0.0172 122.3594 295.8842 35.0775 47.8798 159.4518 12.677 19.3421 1.8091 179.4424 298.9664;
	3.3698 45.5332 11.6728 43.9796 14.5527 0.2486 0.0616 0.0116 0.0 3.0258 5.5931 8.3438 12.5615 1.7252 3.6985 1.3934 1.7288 1.8321 4.6715 3.8151 0.0205 0.5801 4.3128 19.6901 15.4825 0.5605 0.0 312.0902 376.4249 376.4249 169.8409 22.8907 15.5717 9.8202 5.4087 160.608 406.2742 60.981 30.6091 41.4709 12.749 2.7582 134.2521 218.0062 410.5063;
	2.7697 37.4248 4.392 8.7584 14.6199 18.434 0.0 0.0168 0.0 1.2809 2.3677 3.5322 5.3177 3.5291 0.0 0.0 0.0 0.0 0.0 0.402 0.0 43.0126 15.4847 2.9197 4.2949 0.4163 0.0002 524.931 482.176 482.176 313.9247 36.4044 0.0 1.0346 11.0641 205.7284 526.4114 88.2447 6.5947 11.5042 0.3592 204.4944 113.7805 204.7047 531.8948;
	3.168 42.8071 84.0368 8.6049 14.6872 26.3615 0.0 0.0 0.0 7.7298 14.2883 21.3154 32.0902 6.2662 0.0 0.0 0.0 0.0 0.0548 39.1239 0.0 61.5102 26.5247 5.0967 0.7531 56.6909 0.0019 749.1722 441.3749 441.3749 339.4232 45.9557 0.1827 100.705 19.6454 188.3199 599.1844 70.8604 0.1949 2.0172 2.9994 292.4373 120.761 197.2875 605.4259;
	3.2131 43.4164 17.0876 77.2894 14.6905 11.9511 17.1181 2.7359 26.0239 21.6662 40.0497 59.7462 89.9476 7.1111 0.0 0.0 0.0 0.0 0.0219 19.7287 5.706 27.8858 60.8767 46.1023 21.577 54.9342 0.9441 708.5527 438.0333 438.0333 323.373 47.624 0.0729 50.7816 22.2942 186.8942 521.6665 76.6591 4.4716 57.7956 0.8462 132.5771 119.6721 173.662 527.1005;
