function loadprofile = ex_load_profilesh1
%EX_LOAD_PROFILE  Example load profile data file for stochastic unit commitment.
% 2022.03.12
% Andres F. Ramirez

%% define constants
[CT_LABEL, CT_PROB, CT_TABLE, CT_TBUS, CT_TGEN, CT_TBRCH, CT_TAREABUS, ...
    CT_TAREAGEN, CT_TAREABRCH, CT_ROW, CT_COL, CT_CHGTYPE, CT_REP, ...
    CT_REL, CT_ADD, CT_NEWVAL, CT_TLOAD, CT_TAREALOAD, CT_LOAD_ALL_PQ, ...
    CT_LOAD_FIX_PQ, CT_LOAD_DIS_PQ, CT_LOAD_ALL_P, CT_LOAD_FIX_P, ...
    CT_LOAD_DIS_P, CT_TGENCOST, CT_TAREAGENCOST, CT_MODCOST_F, ...
    CT_MODCOST_X] = idx_ct;

loadprofile = struct( ...
    'type', 'mpcData', ...
    'table', CT_TAREALOAD, ...
    'rows', [1:11], ...
    'col', CT_LOAD_ALL_P, ...
    'chgtype', 1, ...
    'values', [] );
loadprofile.values(:,1,:) = [
	1617.6707 1000.9343 1669.2159 576.7 838.4645 1228.0 953.7201 269.5 610.8293 5036.5706 1994.8116;
	1584.5287 988.5443 1643.0835 585.3207 837.9468 1222.9 948.6017 267.6277 591.5389 4825.0317 1933.6047;
	1630.2105 1015.4176 1679.5 596.9998 871.2332 1237.8 952.4991 269.6751 601.6542 4920.917 1950.1473;
	1698.1908 1090.1 1769.4661 604.1494 929.4 1319.6 1003.6 278.2003 610.5006 5082.9486 2001.1781;
	1808.0784 1203.4229 1933.8885 631.0587 1015.8822 1430.4015 1078.1996 323.4268 707.0524 5719.5635 2208.3301;
	1896.5007 1264.1 2017.4337 625.4 1086.0114 1512.5149 1155.3092 334.2578 772.6656 6029.3649 2359.4569;
	1913.4738 1268.6413 1986.3663 629.0475 1076.1419 1497.4123 1179.3071 348.1428 771.4846 6384.893 2383.6905;
	1906.9692 1268.2161 1989.3054 634.9767 1048.0416 1471.9752 1159.6983 347.407 764.3142 6524.5415 2351.0483;
	1892.2 1238.1752 1954.3643 603.6622 1009.9379 1439.9993 1148.3049 335.4523 744.4 6501.3893 2299.3946;
	1872.5359 1242.9317 1963.9931 585.2611 1018.1916 1405.9169 1138.4777 326.631 758.9381 6602.2231 2288.4528;
	1876.872 1252.2858 1958.8938 582.0423 1017.0832 1490.2121 1180.5 330.7421 793.0147 6729.9149 2360.5456;
	1851.6324 1232.9213 1889.9797 564.0061 982.6658 1455.4083 1143.9601 320.9 771.7668 6626.0927 2335.3701;
	1799.8688 1179.4106 1812.5038 560.5287 966.797 1428.2704 1118.581 317.3163 819.0415 6597.7842 2317.6078;
	1774.0 1163.3877 1777.7348 570.1253 962.905 1421.0737 1119.8602 325.9827 854.9292 6712.9211 2349.8385;
	1742.2596 1177.7 1801.6358 556.7855 964.9363 1445.7796 1109.1454 327.7 844.6465 6872.1168 2400.2302;
	1761.3369 1180.0291 1848.2051 559.5872 950.7 1466.5741 1105.2395 330.4045 784.8135 6621.824 2451.7099;
	1653.4526 1189.5917 1877.4401 566.3274 947.8232 1465.1 1109.3 330.7038 780.6142 6346.013 2529.9326;
	1735.6946 1245.6 1959.6838 566.4704 1009.6614 1532.8913 1162.362 332.8831 793.3328 6326.2958 2593.0629;
	1756.9393 1266.5498 2000.4773 559.7587 1032.5 1533.7351 1179.7238 337.6473 821.5671 6216.0782 2657.6432;
	1726.8392 1194.3 1912.8357 528.1318 972.0042 1433.3685 1111.6764 296.6844 751.1256 5928.89 2471.3398;
	1650.747 1117.0853 1808.2736 512.9614 920.6804 1336.7646 1042.5 268.1318 686.4373 5564.5694 2240.5589;
	1583.3244 1052.9251 1684.8201 479.7554 867.2045 1243.399 1007.7702 263.4338 665.5803 5294.5434 2140.4714;
	1441.5 933.1012 1610.3417 477.0456 819.0781 1187.8327 922.6687 241.8415 585.4591 4896.3874 1851.4381;
	1399.4176 902.454 1577.8201 485.4965 780.997 1178.051 905.6824 228.0717 552.5079 4657.3043 1776.4885;
];
