function solarprofile = ex_solar_profilesh1
%EX_WIND_PROFILE_D  Example wind_load_nyiso profile data for deterministic unit commitment.
% 2022.03.12
% Andres F. Ramirez


%% define constants
[GEN_BUS, PG, QG, QMAX, QMIN, VG, MBASE, GEN_STATUS, PMAX, PMIN, ...
    MU_PMAX, MU_PMIN, MU_QMAX, MU_QMIN, PC1, PC2, QC1MIN, QC1MAX, ...
    QC2MIN, QC2MAX, RAMP_AGC, RAMP_10, RAMP_30, RAMP_Q, APF] = idx_gen;
[CT_LABEL, CT_PROB, CT_TABLE, CT_TBUS, CT_TGEN, CT_TBRCH, CT_TAREABUS, ...
    CT_TAREAGEN, CT_TAREABRCH, CT_ROW, CT_COL, CT_CHGTYPE, CT_REP, ...
    CT_REL, CT_ADD, CT_NEWVAL, CT_TLOAD, CT_TAREALOAD, CT_LOAD_ALL_PQ, ...
    CT_LOAD_FIX_PQ, CT_LOAD_DIS_PQ, CT_LOAD_ALL_P, CT_LOAD_FIX_P, ...
    CT_LOAD_DIS_P, CT_TGENCOST, CT_TAREAGENCOST, CT_MODCOST_F, ...
    CT_MODCOST_X] = idx_ct;

solarprofile = struct( ...
    'type', 'mpcData', ...
    'table', CT_TGEN, ...
    'rows', [1:12], ...
    'col', PMAX, ...
    'chgtype', 1, ...
    'values', [] );
solarprofile.values(:,1,:) = [
	0.0 0.0 0.0 0.0 0.0 0.0 0.0 0.0 0.0 0.0 0.0 0.0;
	0.0 0.0 0.0 0.0 0.0 0.0 0.0 0.0 0.0 0.0 0.0 0.0;
	0.0 0.0 0.0 0.0 0.0 0.0 0.0 0.0 0.0 0.0 0.0 0.0;
	0.0 0.0 0.0 0.0 0.0 0.0 0.0 0.0 0.0 0.0 0.0 0.0;
	0.0 0.0 0.0 0.0 0.0 0.0 0.0 0.0 0.0 0.0 0.0 0.0;
	0.481 0.4018 0.4224 0.0 0.0 0.0 0.0 0.2 0.0 0.0 0.0 0.0;
	8.3137 7.2499 5.5686 4.0943 3.3141 371.8739 46.4842 48.1066 178.2059 9.8491 1.6117 17.8367;
	8.2998 12.3081 10.6581 5.5688 5.286 442.9026 55.3628 71.6567 269.4575 34.7771 17.5692 62.9815;
	9.9079 15.7086 13.4644 7.9413 5.7829 449.7543 56.2193 73.9763 274.1167 61.435 31.2509 111.2592;
	13.2786 13.5649 11.5601 7.2517 1.508 320.0726 40.0091 61.6784 192.7831 59.2376 33.9006 107.2797;
	23.7693 16.0571 13.2433 8.0996 1.747 335.041 41.8801 67.9937 214.4306 69.5138 49.7662 125.8899;
	25.105 16.3954 13.769 7.2739 2.1414 323.364 40.4205 71.459 233.6172 89.3182 68.3942 161.7558;
	14.7739 10.739 11.1585 5.1568 2.5429 62.9751 7.8719 53.9011 123.9843 89.9551 104.0695 162.9093;
	11.3875 9.1912 9.7002 4.3635 2.4205 32.1656 4.0207 41.5583 92.9273 76.3166 60.2426 138.2098;
	7.8221 6.7569 6.9884 3.6867 2.5587 20.0247 2.5031 28.64 66.853 39.5671 28.7852 71.6563;
	3.5354 3.4775 5.0542 2.7836 0.7485 9.0364 1.1295 8.8988 30.5698 0.0 0.0 0.0;
	0.8313 0.6595 0.7769 0.5414 0.9371 6.3157 0.7895 2.941 15.6358 2.5205 1.9754 4.5646;
	0.0 0.0 0.0 0.0 0.0 0.0 0.0 0.0 0.0 0.0 0.0 0.0;
	0.0 0.0 0.0 0.0 0.0 0.0 0.0 0.0 0.0 0.0 0.0 0.0;
	0.0 0.0 0.0 0.0 0.0 0.0 0.0 0.0 0.0 0.0 0.0 0.0;
	0.0 0.0 0.0 0.0 0.0 0.0 0.0 0.0 0.0 0.0 0.0 0.0;
	0.0 0.0 0.0 0.0 0.0 0.0 0.0 0.0 0.0 0.0 0.0 0.0;
	0.0 0.0 0.0 0.0 0.0 0.0 0.0 0.0 0.0 0.0 0.0 0.0;
	0.0 0.0 0.0 0.0 0.0 0.0 0.0 0.0 0.0 0.0 0.0 0.0;
];
