function windprofile = ex_wind_profilesh1
%EX_WIND_PROFILE_D  Example wind_load_nyiso profile data for deterministic unit commitment.
% 2022.03.12
% Andres F. Ramirez


%% define constants
[GEN_BUS, PG, QG, QMAX, QMIN, VG, MBASE, GEN_STATUS, PMAX, PMIN, ...
    MU_PMAX, MU_PMIN, MU_QMAX, MU_QMIN, PC1, PC2, QC1MIN, QC1MAX, ...
    QC2MIN, QC2MAX, RAMP_AGC, RAMP_10, RAMP_30, RAMP_Q, APF] = idx_gen;
[CT_LABEL, CT_PROB, CT_TABLE, CT_TBUS, CT_TGEN, CT_TBRCH, CT_TAREABUS, ...
    CT_TAREAGEN, CT_TAREABRCH, CT_ROW, CT_COL, CT_CHGTYPE, CT_REP, ...
    CT_REL, CT_ADD, CT_NEWVAL, CT_TLOAD, CT_TAREALOAD, CT_LOAD_ALL_PQ, ...
    CT_LOAD_FIX_PQ, CT_LOAD_DIS_PQ, CT_LOAD_ALL_P, CT_LOAD_FIX_P, ...
    CT_LOAD_DIS_P, CT_TGENCOST, CT_TAREAGENCOST, CT_MODCOST_F, ...
    CT_MODCOST_X] = idx_ct;

windprofile = struct( ...
    'type', 'mpcData', ...
    'table', CT_TGEN, ...
    'rows', [1:45], ...
    'col', PMAX, ...
    'chgtype', 1, ...
    'values', [] );
windprofile.values(:,1,:) = [
	0.5492 7.4205 39.4798 54.0783 5.0498 0.0 0.0632 4.7337 3.916 18.7061 34.578 51.5836 77.6588 17.6181 148.7972 56.0585 69.554 73.7065 81.3679 70.769 0.0211 0.0 67.4836 54.0563 31.7671 40.0456 2.8845 158.6471 327.0421 327.0421 230.3561 46.8973 271.2264 182.1596 55.235 139.538 391.7959 89.7518 3.4619 85.0904 50.9942 0.0 0.0 60.9492 395.8771;
	0.3836 5.1831 46.7833 54.9051 5.8186 0.0011 0.0 10.5526 1.8825 10.4116 19.2457 28.7108 43.2239 5.1208 125.1574 47.1523 58.5038 61.9966 76.6959 70.4536 0.0 0.0026 35.0128 55.5311 43.8742 49.2481 5.1146 85.4996 223.174 223.174 167.5422 31.4175 255.6531 181.3477 16.0545 95.2209 308.0808 94.9632 0.0 117.5203 72.9441 0.0121 0.0 80.0377 311.29;
	0.3187 4.3064 56.6064 60.6929 5.4385 1.6377 0.0799 11.3395 3.6307 7.8272 14.4684 21.5841 32.4947 1.6535 81.379 30.6591 38.0399 40.311 65.3451 66.5757 0.0266 3.8214 24.7395 63.5616 51.6134 51.2787 5.6527 136.1192 26.5775 26.5775 63.2094 17.7893 217.817 171.366 5.184 11.3397 198.3706 39.0095 0.2356 138.2502 75.425 18.1679 14.566 95.3891 200.437;
	0.3783 5.1119 60.5877 68.9179 7.177 1.7859 0.002 12.8282 1.9173 12.9322 23.9049 35.6614 53.6881 0.4301 92.8907 34.996 43.421 46.0133 45.9403 65.2046 0.0007 4.167 46.993 69.5273 58.2041 64.7642 6.6542 130.9612 29.6715 29.6715 17.3037 20.1626 153.1343 167.8367 1.3486 12.6599 184.9815 39.3271 0.0021 155.904 72.0556 19.8112 6.1555 127.4185 186.9084;
	0.3616 4.8862 75.2097 68.0325 6.8009 0.0 0.0 13.8218 0.0139 14.8002 27.3579 40.8125 61.4431 0.6568 122.6833 46.2202 57.3473 60.771 57.0061 67.1002 0.0 0.0 47.7054 73.1937 74.8463 67.1316 8.0209 77.1502 37.7516 37.7516 8.9883 10.1593 190.0204 172.716 2.059 16.1074 101.1668 47.7772 0.0 200.4811 68.1922 0.0 0.0076 142.5276 102.2207;
	0.4668 6.307 80.548 62.0029 9.4167 3.8756 0.0 12.6511 0.8728 8.4625 15.6428 23.3359 35.1321 0.7528 142.1338 53.5481 66.4393 70.4058 82.1472 66.7993 0.0 9.0431 33.7345 76.7527 59.4996 67.0573 7.4152 107.143 21.1605 21.1605 1.6717 10.9934 273.8239 171.9415 2.3603 9.0285 150.5977 38.047 0.0 159.3739 53.3156 42.9934 20.1494 139.7431 152.1664;
	0.4488 6.0637 57.1493 38.859 9.4974 2.8753 3.0627 7.2663 2.3217 5.779 10.6823 15.9359 23.9914 4.5155 104.7514 39.4645 48.9652 51.8885 62.508 63.648 1.0209 6.7091 20.034 51.9986 33.9907 59.844 2.6055 165.4429 23.6385 23.6385 5.902 13.6396 208.3599 163.8302 14.1566 10.0858 151.7319 63.084 0.0 91.0466 27.0954 31.897 28.6905 129.9776 153.3124;
	0.3791 5.1224 31.0726 22.6099 3.3936 2.3283 2.6282 5.9363 1.9084 3.8926 7.1955 10.7342 16.1603 0.143 30.9522 11.6611 14.4684 15.3322 13.3918 32.4817 0.8761 5.4327 9.8636 12.958 32.1019 55.4347 3.5819 17.6584 1.7448 1.7448 0.1295 1.0434 44.6393 83.6079 0.4482 0.7444 24.7032 11.4011 0.0 85.9873 9.6246 25.8284 0.0 86.3407 24.9606;
	0.5073 6.8546 24.944 13.8749 3.2921 0.0 0.0 4.6073 0.0041 0.0 0.0 0.0 0.0 1.3677 6.4286 2.4219 3.005 3.1844 1.7437 9.7996 0.0 0.0 3.0324 24.1738 26.0559 51.5752 3.1885 0.8001 3.9197 3.9197 1.0252 4.7079 5.8124 25.2243 4.288 1.6724 16.3757 24.9406 0.0 69.7927 0.894 0.0 0.0 67.4117 16.5463;
	0.5738 7.7531 30.5355 23.392 6.44 0.0125 0.0 4.2641 0.0012 0.0134 0.0248 0.0369 0.0556 3.5009 0.0 0.0 0.0 0.0 0.0 3.5632 0.0 0.0293 6.4956 33.1054 28.7559 43.5927 2.5085 24.4578 21.8904 21.8904 0.387 1.0657 0.0 9.1718 10.9759 9.3399 3.9162 12.7418 0.0 77.0247 4.3468 0.1392 42.1756 85.1236 3.957;
	0.9027 12.1972 43.1372 4.731 10.723 3.7895 1.0497 2.9442 0.0095 0.0328 0.0607 0.0905 0.1362 0.6295 0.0 0.0 0.0 0.0 0.0 1.9078 0.3499 8.8422 5.6318 38.3841 45.615 44.54 0.7303 57.0974 58.8852 58.8852 1.288 0.4163 0.0 4.9107 1.9737 25.1243 55.8673 9.3361 0.2114 122.183 4.41 42.0385 2.4646 98.1573 56.4493;
	1.5497 20.9399 63.6604 14.4967 13.2666 1.6977 0.3767 0.4215 0.0 0.0849 0.157 0.2342 0.3527 0.0 0.0 0.0 0.0 0.0 0.2572 3.2436 0.1256 3.9612 43.0541 57.8684 25.3001 50.123 0.0619 157.1197 90.2975 90.2975 1.2767 2.1517 0.8573 8.349 0.0 38.5269 113.8303 2.6651 0.0 67.7682 7.1366 18.8329 1.7096 133.3491 115.0161;
	2.0243 27.353 77.9511 17.8334 13.9767 0.241 0.483 0.5587 0.0 21.8915 40.466 60.3674 90.8827 0.0 0.0 0.0 0.0 0.0 0.0 1.6114 0.161 0.5624 21.4952 65.7411 68.0305 53.5316 0.0287 221.8574 156.3009 156.3009 0.1153 2.9503 0.0 4.1477 0.0 66.6884 174.0438 3.1907 0.0 182.2245 11.0336 2.674 105.9878 171.8916 175.8568;
	1.7889 24.1725 3.7584 18.513 13.7085 18.8981 0.0 2.2696 0.0 0.0 0.0 0.0 0.0 0.0006 0.0 0.0 0.0 0.0 0.0 2.9638 0.0 44.0955 42.586 11.1974 39.8587 35.1069 0.101 231.9615 211.1517 211.1517 0.623 20.4525 0.0 7.6289 0.0018 90.0914 199.6993 8.7291 0.0 106.7643 4.4322 209.6428 81.7189 130.4369 201.7795;
	2.2347 30.1952 0.9656 4.6775 8.2485 0.6968 0.0048 2.3845 0.0 0.0 0.0 0.0 0.0 0.0006 0.0 0.0 0.0 0.0 0.1509 0.1593 0.0016 1.6259 20.7434 18.8299 26.7215 11.3481 0.0736 293.7989 241.1925 241.1925 75.2856 8.3623 0.5029 0.41 0.002 102.9088 262.7783 14.4267 0.0 71.5754 6.3728 7.7302 79.3677 106.5169 265.5156;
	3.199 43.2256 77.3576 1.4914 13.5706 0.3321 1.6527 2.0365 0.1518 0.5067 0.9365 1.3971 2.1034 0.2101 0.0 0.0 0.0 0.0 0.0704 0.2883 0.5509 0.7749 45.4896 5.9594 20.0594 5.4403 0.0795 421.1617 267.9102 267.9102 146.1673 14.503 0.2345 0.7422 0.6585 114.3083 312.161 41.0679 6.1112 53.7306 13.4614 3.684 4.1322 171.5772 315.4126;
	3.4866 47.1123 0.8066 6.3368 14.1557 0.0205 0.0 4.0815 0.0 2.1123 3.9046 5.8249 8.7693 1.9575 20.3613 7.671 9.5177 10.0859 0.6307 4.531 0.0 0.0479 10.096 35.1798 65.0357 26.7664 0.4252 361.9163 304.1266 304.1266 145.564 23.4731 2.1022 11.6627 6.1371 129.7607 411.8477 69.2563 0.117 174.2028 18.3978 0.2277 130.36 212.6319 416.1377;
	2.91 39.3199 1.6019 2.3787 14.4604 19.4937 0.2942 0.4332 0.0 5.4836 10.1363 15.1213 22.7651 10.724 32.5124 12.2489 15.1977 16.105 0.0713 6.9298 0.0981 45.4852 15.5594 6.758 13.3744 1.888 0.0635 569.677 448.2027 448.2027 300.9553 35.5218 0.2375 17.8373 33.6211 191.2331 543.4377 93.6127 17.5805 35.8244 14.6888 216.2497 117.0209 218.8538 549.0985;
	3.2023 43.2705 86.1069 18.2864 14.6367 26.6395 0.9465 1.0513 1.5874 8.3967 15.5211 23.1545 34.859 7.772 46.5794 17.5485 21.7731 23.073 2.611 40.7869 0.3155 62.1587 27.2139 10.4392 10.429 59.8697 0.1887 755.8648 433.8513 433.8513 343.8266 44.3927 8.7033 104.9855 24.3664 185.1099 625.3858 75.6829 6.0775 27.9347 0.6068 295.5204 113.9655 206.7427 631.9003;
	3.3468 45.223 8.0477 25.2249 14.7783 27.1811 17.6298 3.4861 26.821 23.4562 43.3584 64.6821 97.3786 5.3375 52.6597 19.8392 24.6154 26.0849 14.7402 21.225 5.8766 63.4226 62.2694 32.3937 15.8411 49.5017 4.4835 682.9788 416.5592 416.5592 309.4097 38.4983 49.134 54.6333 16.7337 177.7319 532.5023 73.8988 11.396 42.4316 5.236 301.5291 119.3682 183.0268 538.0492;
	3.3475 45.2315 82.4417 13.656 14.0562 9.9323 0.627 0.0943 27.2873 23.3798 43.2173 64.4717 97.0617 8.0202 27.0751 10.2004 12.656 13.4116 8.9635 33.1281 0.209 23.1754 72.4171 82.4539 2.1725 49.139 0.6233 602.1308 369.5417 369.5417 230.2144 49.2998 29.8784 85.2718 25.1445 157.6711 544.7111 74.3757 13.3288 5.8192 9.9856 110.1823 111.1815 164.0543 550.3852;
