function loadprofile = ex_load_profilesh1
%EX_LOAD_PROFILE  Example load profile data file for stochastic unit commitment.
% 2022.03.12
% Andres F. Ramirez

%% define constants
[CT_LABEL, CT_PROB, CT_TABLE, CT_TBUS, CT_TGEN, CT_TBRCH, CT_TAREABUS, ...
    CT_TAREAGEN, CT_TAREABRCH, CT_ROW, CT_COL, CT_CHGTYPE, CT_REP, ...
    CT_REL, CT_ADD, CT_NEWVAL, CT_TLOAD, CT_TAREALOAD, CT_LOAD_ALL_PQ, ...
    CT_LOAD_FIX_PQ, CT_LOAD_DIS_PQ, CT_LOAD_ALL_P, CT_LOAD_FIX_P, ...
    CT_LOAD_DIS_P, CT_TGENCOST, CT_TAREAGENCOST, CT_MODCOST_F, ...
    CT_MODCOST_X] = idx_ct;

loadprofile = struct( ...
    'type', 'mpcData', ...
    'table', CT_TAREALOAD, ...
    'rows', [1:11], ...
    'col', CT_LOAD_ALL_P, ...
    'chgtype', 1, ...
    'values', [] );
loadprofile.values(:,1,:) = [
	1533.7356 980.3 1654.6231 581.7 811.3674 1188.4914 895.5781 290.0 542.8 4529.5822 1781.2806;
	1567.7337 1002.2208 1669.7 584.7305 823.6566 1184.2485 893.6 300.9233 551.7 4585.835 1799.81;
	1574.1908 1006.3103 1661.673 585.9 826.5407 1169.9287 908.5652 293.8418 549.6 4534.9899 1799.8;
	1650.3753 1081.7 1772.5 582.1 901.0219 1248.4058 962.1 307.5228 575.1459 4798.7552 1906.2013;
	1786.891 1207.088 1978.0968 598.8629 1008.0714 1383.7041 1078.2357 363.3 662.5891 5386.6107 2188.8315;
	1902.8667 1287.0069 2112.6 631.6362 1059.2941 1475.0404 1149.6579 391.5975 737.9135 5970.313 2348.3781;
	1889.7061 1283.5558 2096.7372 630.5881 1052.6001 1484.1116 1141.7274 393.0846 731.2841 6368.3 2344.5068;
	1928.8745 1309.8071 2101.8932 630.2037 1097.2359 1494.6444 1156.7276 436.915 737.2566 6524.1849 2357.7209;
	1972.2039 1312.3221 2134.9602 610.3544 1065.952 1473.5667 1148.633 441.8327 711.5176 6490.3215 2302.5486;
	1950.4785 1283.1 2106.3874 608.5725 1058.1264 1385.893 1112.1422 450.2964 714.5999 6408.6812 2350.8939;
	1884.2055 1252.7389 2096.2915 601.7 1018.7 1343.8832 1131.0396 440.1783 717.4677 6388.678 2365.384;
	1845.1062 1213.3893 2028.406 585.2812 1007.2116 1265.2223 1078.5 435.7859 694.7317 6305.2137 2216.2722;
	1809.2945 1195.9592 2035.8058 593.5355 1000.7707 1257.109 1083.2033 425.6471 701.7129 6328.9377 2216.8142;
	1798.5328 1202.0623 1992.3833 584.1938 998.0597 1255.5705 1051.9487 410.5745 712.9492 6383.4808 2200.7626;
	1807.4 1197.7254 2019.4365 598.9388 989.7934 1309.2533 1067.9204 405.6999 684.403 6430.2535 2283.0004;
	1778.1608 1187.8626 1949.5 592.5 951.5337 1362.691 1072.1319 385.977 696.4928 6459.6511 2393.2893;
	1763.7592 1215.0617 1963.6748 583.5781 982.7037 1399.1379 1118.398 395.9652 741.4151 6388.3124 2595.6581;
	1795.1164 1261.4095 2014.2022 592.6587 977.3943 1433.3158 1158.0884 427.6568 752.4964 6396.6767 2569.7695;
	1881.2861 1277.2473 2021.2219 594.1322 1016.1741 1474.8 1164.3 418.3872 770.1642 6203.1648 2503.565;
	1759.999 1176.3832 1897.9768 580.0601 971.8634 1393.0588 1113.9369 400.1342 719.6241 5964.1969 2342.4981;
	1683.6364 1114.1715 1813.9704 554.2908 916.6908 1325.798 1068.5555 371.355 678.3021 5752.9889 2195.6035;
	1564.3839 1015.4423 1677.9751 544.1105 826.7863 1242.7248 991.0345 345.2422 637.8147 5204.8388 1970.834;
	1515.2505 947.2872 1620.0393 566.2391 778.7979 1193.5243 944.5461 346.4571 585.7 4832.6262 1932.2688;
	1505.0063 931.3 1578.2944 592.2272 764.1122 1156.7 899.5131 318.6356 557.3608 4577.797 1797.9469;
];
