function loadprofile = ex_load_profilesh1
%EX_LOAD_PROFILE  Example load profile data file for stochastic unit commitment.
% 2022.03.12
% Andres F. Ramirez

%% define constants
[CT_LABEL, CT_PROB, CT_TABLE, CT_TBUS, CT_TGEN, CT_TBRCH, CT_TAREABUS, ...
    CT_TAREAGEN, CT_TAREABRCH, CT_ROW, CT_COL, CT_CHGTYPE, CT_REP, ...
    CT_REL, CT_ADD, CT_NEWVAL, CT_TLOAD, CT_TAREALOAD, CT_LOAD_ALL_PQ, ...
    CT_LOAD_FIX_PQ, CT_LOAD_DIS_PQ, CT_LOAD_ALL_P, CT_LOAD_FIX_P, ...
    CT_LOAD_DIS_P, CT_TGENCOST, CT_TAREAGENCOST, CT_MODCOST_F, ...
    CT_MODCOST_X] = idx_ct;

loadprofile = struct( ...
    'type', 'mpcData', ...
    'table', CT_TAREALOAD, ...
    'rows', [1:11], ...
    'col', CT_LOAD_ALL_P, ...
    'chgtype', 1, ...
    'values', [] );
loadprofile.values(:,1,:) = [
	1600.0975 994.2341 1626.4727 585.9 888.0336 1227.1983 911.8641 284.6423 526.6064 4589.1882 1687.5055;
	1581.256 981.2896 1608.0904 603.6 877.4125 1228.115 924.5504 281.6175 525.0497 4536.3144 1718.5017;
	1610.3103 991.0066 1640.1906 595.5 891.6374 1267.0719 949.2726 299.3 535.7 4578.3389 1766.7;
	1668.1 1076.4802 1768.0052 592.5347 980.4866 1346.2535 1005.4865 318.5937 562.084 4853.9661 1886.2572;
	1801.9627 1196.6646 1968.7634 619.7 1082.597 1488.9577 1096.1648 353.9998 622.7002 5358.9376 2159.0132;
	1925.3415 1256.7846 2090.4333 628.0 1153.1001 1574.6701 1155.4613 377.7 664.904 5925.3407 2306.6577;
	1962.5008 1263.3 2105.6891 620.5201 1138.6192 1573.1904 1181.7 392.2094 697.2486 6371.6153 2345.7403;
	1897.3483 1259.2877 2039.7334 622.3342 1098.6412 1551.4983 1184.2685 371.6891 712.3 6511.9 2352.0;
	1966.976 1224.3 2005.4078 596.2384 1086.6834 1462.5295 1173.5138 357.3 734.5 6518.9068 2320.9656;
	1976.3953 1225.4 1987.721 596.1702 1106.2345 1480.9836 1219.7597 352.2236 718.2026 6550.9503 2414.9468;
	1950.7727 1209.754 1980.8702 584.3 1060.7809 1494.0783 1206.1707 331.8 717.1431 6532.2428 2392.683;
	1924.6888 1190.4792 1898.4794 570.8656 1022.8 1485.3023 1206.1963 340.1592 706.2221 6567.6918 2458.9345;
	1896.4018 1192.9738 1880.4 560.6 1012.8077 1416.0464 1228.2201 338.1801 717.9536 6649.6692 2479.0011;
	1821.6925 1176.2879 1857.6091 559.7429 991.0 1421.2999 1257.4319 362.3156 722.9 6697.2058 2578.1207;
	1796.0862 1177.6464 1835.738 567.7534 975.4 1459.8782 1245.5116 372.1517 725.7936 6637.5711 2338.7845;
	1852.0726 1164.123 1849.673 575.6 1023.2943 1459.2452 1243.1497 378.327 712.2 6600.3294 2358.4725;
	1817.149 1168.6197 1828.1531 582.6 1007.966 1498.3323 1231.0424 381.7673 696.8363 6366.177 2368.4908;
	1871.3743 1200.1811 1908.4186 600.9 1052.5 1539.4064 1328.5112 383.0356 755.5107 6417.1865 2499.0;
	1855.9569 1211.5097 1927.7495 580.8057 1036.9 1508.9965 1281.1395 368.4803 743.5425 6290.9368 2536.0437;
	1820.774 1157.7959 1838.8175 576.1879 953.6199 1448.2093 1213.8512 357.2136 706.5539 6091.2642 2369.2387;
	1726.3404 1077.7 1729.1994 571.5 909.3674 1353.976 1171.1821 336.6836 650.1 5716.4024 2196.8467;
	1583.1458 988.2316 1618.2663 545.65 843.213 1269.5389 1068.6031 309.1 594.0 5384.5325 1999.5321;
	1540.1438 927.4 1534.1772 568.2 788.5405 1129.4949 921.7125 266.7 545.3 4842.4066 1815.1;
	1537.2769 926.5272 1570.7281 562.5884 765.1808 1137.2174 917.9028 247.1026 546.2245 4637.7688 1752.0482;
];
