function windprofile = ex_wind_profilesh1
%EX_WIND_PROFILE_D  Example wind_load_nyiso profile data for deterministic unit commitment.
% 2022.03.12
% Andres F. Ramirez


%% define constants
[GEN_BUS, PG, QG, QMAX, QMIN, VG, MBASE, GEN_STATUS, PMAX, PMIN, ...
    MU_PMAX, MU_PMIN, MU_QMAX, MU_QMIN, PC1, PC2, QC1MIN, QC1MAX, ...
    QC2MIN, QC2MAX, RAMP_AGC, RAMP_10, RAMP_30, RAMP_Q, APF] = idx_gen;
[CT_LABEL, CT_PROB, CT_TABLE, CT_TBUS, CT_TGEN, CT_TBRCH, CT_TAREABUS, ...
    CT_TAREAGEN, CT_TAREABRCH, CT_ROW, CT_COL, CT_CHGTYPE, CT_REP, ...
    CT_REL, CT_ADD, CT_NEWVAL, CT_TLOAD, CT_TAREALOAD, CT_LOAD_ALL_PQ, ...
    CT_LOAD_FIX_PQ, CT_LOAD_DIS_PQ, CT_LOAD_ALL_P, CT_LOAD_FIX_P, ...
    CT_LOAD_DIS_P, CT_TGENCOST, CT_TAREAGENCOST, CT_MODCOST_F, ...
    CT_MODCOST_X] = idx_ct;

windprofile = struct( ...
    'type', 'mpcData', ...
    'table', CT_TGEN, ...
    'rows', [1:45], ...
    'col', PMAX, ...
    'chgtype', 1, ...
    'values', [] );
windprofile.values(:,1,:) = [
	0.7828 10.5773 57.4163 64.5388 7.0049 4.6765 1.5881 8.3 1.2184 18.9829 35.0896 52.3468 78.8079 65.5822 158.0138 59.5308 73.8622 78.2719 79.5244 70.8006 0.5294 10.9119 69.9912 72.5995 47.0412 50.4403 4.4319 200.8673 326.1428 326.1428 256.8708 44.6032 265.0812 182.241 205.6092 139.1543 408.7925 96.9061 300.6107 126.0033 63.4396 51.8785 13.022 77.6342 413.0507;
	0.4599 6.2146 49.7148 59.1777 1.3517 1.1716 0.287 10.55 0.0 10.7177 19.8115 29.5548 44.4946 9.6508 122.7093 46.23 57.3595 60.7839 68.9373 69.8473 0.0957 2.7338 33.3517 64.25 46.6041 52.716 5.864 87.3271 208.3231 208.3231 164.0433 32.5232 229.791 179.7871 30.2565 88.8845 294.1307 94.0767 39.1456 124.8324 64.4909 12.9975 2.5435 89.5137 297.1946;
	0.3259 4.4038 59.6155 65.5335 4.8907 1.1365 0.8766 11.17 0.0 8.7106 16.1015 24.0203 36.1624 4.0117 91.3702 34.4232 42.7103 45.2601 62.184 71.622 0.2922 2.6518 25.7893 78.2032 53.9834 55.997 6.0062 11.7816 5.2234 5.2234 99.918 18.6634 207.2801 184.3551 12.5771 2.2287 153.2862 54.9105 58.3661 144.5983 60.0454 12.6073 20.5945 100.4318 154.8829;
	0.4059 5.4847 67.7552 72.9296 7.4455 1.364 0.8339 13.7722 0.0 14.1982 26.2452 39.1527 58.9442 3.5824 100.0315 37.6863 46.7589 49.5505 47.5978 69.925 0.278 3.1826 47.092 80.8906 58.0088 62.2139 7.5172 25.839 10.122 10.122 47.4231 19.5276 158.6595 179.987 11.2314 4.3187 14.4427 25.4899 76.6189 155.3806 63.482 15.131 7.1799 136.4494 14.5931;
	0.5376 7.2646 81.3225 75.3121 9.0525 4.0531 0.5415 14.0957 0.0 14.311 26.4537 39.4637 59.4124 1.6158 127.528 48.0454 59.6119 63.1708 56.4092 70.4937 0.1805 9.4573 45.506 82.3208 75.3892 69.3823 8.948 44.4547 7.7038 7.7038 37.7286 10.8566 188.0306 181.451 5.0658 3.287 14.1544 6.9024 78.1046 201.9353 67.1968 44.9627 1.5053 155.9146 14.3019;
	0.4855 6.5602 75.098 59.024 9.4779 3.7136 0.1049 12.049 0.0 8.2487 15.2476 22.7464 34.2446 0.3528 137.9728 51.9805 64.4943 68.3447 79.4714 69.8421 0.035 8.6651 34.1438 76.0767 51.9018 68.8934 7.792 40.7435 5.9955 5.9955 24.985 9.4496 264.9045 179.7736 1.106 2.5581 29.55 1.4126 118.947 139.0226 51.1381 41.1966 19.4254 143.4356 29.8578;
	0.4706 6.3591 56.2549 40.219 9.0846 3.0356 4.0517 7.7569 2.3716 7.1229 13.1666 19.642 29.571 7.0731 118.7287 44.7304 55.4988 58.8121 63.5196 72.1659 1.3506 7.0832 24.4478 51.5345 29.7564 62.9165 3.9334 110.6517 41.9195 41.9195 32.1647 1.2059 211.7321 185.7553 22.1751 17.8856 69.85 2.6301 358.2453 79.7046 28.4124 33.6755 25.4425 147.531 70.5777;
	0.4959 6.7003 32.4779 26.5522 3.7511 3.5069 4.5039 6.7717 0.9277 4.4811 8.2832 12.357 18.6034 8.4979 62.3289 23.4821 29.1351 30.8745 15.0457 53.618 1.5013 8.1828 12.8831 31.3677 31.2479 59.2095 3.6055 29.4571 8.0029 8.0029 4.2913 1.2634 50.1522 138.013 26.6419 3.4146 17.361 0.3428 184.6946 83.6996 10.1106 38.9033 0.0 109.5814 17.5419;
	0.557 7.5261 27.2153 24.1569 3.4258 3.9299 2.864 6.0623 0.0 0.0754 0.1395 0.2081 0.3132 25.4469 17.2339 6.4928 8.0559 8.5368 0.2283 20.2062 0.9547 9.1697 6.7628 36.2531 29.284 52.757 4.3205 8.6801 2.113 2.113 2.6665 0.8026 0.7611 52.0108 79.7795 0.9016 1.1096 4.3494 289.4217 78.4393 6.8664 43.5954 0.0 77.3902 1.1212;
	0.4868 6.5773 27.1181 19.8765 5.708 1.6824 2.4927 4.3898 0.0 0.1054 0.1949 0.2908 0.4377 14.8257 3.7252 1.4034 1.7413 1.8453 0.3548 13.512 0.8309 3.9256 10.4914 27.5237 25.7995 43.6334 2.8011 22.0756 31.4936 31.4936 46.8324 0.3437 1.1826 34.7799 46.4804 13.4373 0.1074 18.6072 365.1182 69.1058 2.2122 18.6634 34.382 76.5422 0.1085;
	0.7278 9.8342 40.7791 7.4267 9.6524 1.0385 0.919 3.6299 0.0 0.5987 1.1066 1.6509 2.4854 13.9392 0.4217 0.1589 0.1971 0.2089 2.4237 11.011 0.3063 2.4231 28.6631 32.9043 42.19 47.6805 1.2377 50.2421 55.3423 55.3423 1.9629 0.0163 8.0791 28.3424 43.7012 23.6127 40.7252 5.9959 236.3844 113.009 8.0499 11.52 0.0 87.3286 41.1494;
	1.4635 19.7745 60.4241 2.2127 12.3296 0.0258 0.4323 0.9932 0.0 0.9225 1.7052 2.5438 3.8297 25.457 1.4257 0.5371 0.6664 0.7062 7.4441 10.1763 0.1441 0.0602 51.0043 48.2144 4.9084 48.8559 0.7206 124.2463 89.9839 89.9839 18.9564 2.4384 24.8136 26.1939 79.8111 38.3931 99.1044 23.0527 236.8517 13.1474 5.2439 0.2862 0.0232 116.6277 100.1367;
	2.1648 29.2511 82.3312 2.805 13.7471 2.0147 0.0761 0.6155 0.0 25.2145 46.6086 69.5309 104.6783 41.8226 7.2457 2.7298 3.3869 3.5892 25.6492 10.0965 0.0254 4.7009 37.4568 63.1787 67.7613 56.3984 1.053 195.2298 151.7853 151.7853 18.0649 5.7365 85.4972 25.9885 131.1196 64.7617 136.1736 4.1542 335.6835 181.5035 16.2896 22.3496 103.5612 161.1501 137.592;
	1.6839 22.753 1.7733 15.9016 13.6325 17.7747 0.0 0.1252 0.4794 5.3673 9.9214 14.8008 22.2826 5.765 0.0 0.0 0.0 0.0 2.5002 7.8439 0.0 41.4742 48.3294 0.0057 2.0996 33.9619 0.1135 156.0822 192.7313 192.7313 41.9321 4.5608 8.3339 20.1903 18.0739 82.232 135.4168 9.7862 69.7338 5.6239 6.2334 197.1802 75.7883 123.3556 136.8274;
	2.1869 29.55 8.9787 23.1194 9.0239 1.0381 1.5435 0.0313 1.2862 7.8281 14.4701 21.5865 32.4983 6.5679 16.5206 6.224 7.7224 8.1835 14.9268 9.1346 0.5145 2.4222 34.4787 0.0 0.0 1.6307 0.0369 211.7406 224.6109 224.6109 95.0514 7.6894 49.756 23.5124 20.5912 95.834 188.1863 16.2715 245.0917 0.0 21.2802 11.5158 79.9434 92.7924 190.1466;
	2.7055 36.557 80.5128 3.0315 12.6184 0.0 0.0 0.0009 0.0 2.2941 4.2407 6.3262 9.5241 0.4304 0.0 0.0 0.0 0.0 0.0121 0.6705 0.0 0.0 47.7073 0.0157 0.0 0.0963 0.0277 372.2225 253.9212 253.9212 175.147 12.9774 0.0404 1.7259 1.3495 108.3397 266.4825 39.8122 19.0157 0.0 5.0414 0.0 0.0 157.6316 269.2584;
	2.6248 35.467 0.2878 1.7635 13.8044 0.0 0.0 0.0074 0.0 0.0022 0.004 0.006 0.0091 0.0 0.0 0.0 0.0 0.0 1.2775 1.6624 0.0 0.0 1.6055 0.7035 0.0 0.3656 0.001 337.4884 352.4507 352.4507 185.1477 26.479 4.2582 4.2791 0.0 150.379 391.902 75.9599 0.0 0.0 15.8624 0.0 101.3604 208.4525 395.9843;
	2.078 28.0785 0.0663 2.7447 13.4359 9.1839 0.0 0.1145 0.0 0.0295 0.0545 0.0813 0.1225 0.0 0.0 0.0 0.0 0.0 1.4604 0.0139 0.0 21.4291 15.2224 0.7895 1.3309 0.4016 0.0274 493.9095 447.0829 447.0829 329.7919 36.5608 4.8679 0.0358 0.0 190.7554 494.2538 94.558 0.0 3.565 31.8085 101.8801 100.2207 200.8891 499.4023;
	2.6549 35.8734 80.2817 1.4124 14.072 20.5407 0.0 0.0007 0.0 7.4316 13.7372 20.4932 30.8524 1.9416 0.0 0.0 0.0 0.0 0.0 39.4146 0.0 47.9284 28.1382 0.002 1.1123 56.3161 0.0055 721.1911 430.0258 430.0258 360.6364 49.8569 0.0 101.4532 6.0873 183.4777 595.9805 81.5473 0.0 2.9794 35.536 227.8652 106.4872 152.2964 602.1886;
	2.6977 36.4519 0.0 0.0 13.9085 0.0 16.7944 0.0 23.1417 16.9424 31.3177 46.7198 70.3365 3.3114 0.0 0.0 0.0 0.0 0.2442 21.6009 5.5981 0.0 54.8162 0.0 0.0 39.829 0.0 631.1169 421.4598 421.4598 338.1389 45.2564 0.8141 55.6007 10.3816 179.8229 544.131 79.355 0.0 0.0 5.6332 0.0 104.6954 95.9002 549.799;
	3.0781 41.5923 79.5047 0.0 13.9745 0.0113 0.345 0.0 26.0118 16.9135 31.2643 46.6402 70.2166 8.6221 12.4986 4.7088 5.8424 6.1912 1.3847 30.5391 0.115 0.0265 61.0471 70.3713 0.0 51.1942 0.0003 595.7411 388.6004 388.6004 254.2757 60.0151 4.6157 78.6078 27.0315 165.8028 563.7039 82.3924 0.3186 0.0 4.4493 0.1258 105.9807 154.196 569.5758;
