function loadprofile = ex_load_profilesh1
%EX_LOAD_PROFILE  Example load profile data file for stochastic unit commitment.
% 2022.03.12
% Andres F. Ramirez

%% define constants
[CT_LABEL, CT_PROB, CT_TABLE, CT_TBUS, CT_TGEN, CT_TBRCH, CT_TAREABUS, ...
    CT_TAREAGEN, CT_TAREABRCH, CT_ROW, CT_COL, CT_CHGTYPE, CT_REP, ...
    CT_REL, CT_ADD, CT_NEWVAL, CT_TLOAD, CT_TAREALOAD, CT_LOAD_ALL_PQ, ...
    CT_LOAD_FIX_PQ, CT_LOAD_DIS_PQ, CT_LOAD_ALL_P, CT_LOAD_FIX_P, ...
    CT_LOAD_DIS_P, CT_TGENCOST, CT_TAREAGENCOST, CT_MODCOST_F, ...
    CT_MODCOST_X] = idx_ct;

loadprofile = struct( ...
    'type', 'mpcData', ...
    'table', CT_TAREALOAD, ...
    'rows', [1:11], ...
    'col', CT_LOAD_ALL_P, ...
    'chgtype', 1, ...
    'values', [] );
loadprofile.values(:,1,:) = [
	1630.8566 1027.5484 1729.4464 603.3034 807.7629 1113.6728 816.7148 257.4 489.8426 4434.2277 1754.2784;
	1611.5 1018.9568 1756.2836 605.3454 816.5473 1136.1682 845.7226 266.5179 500.9642 4400.146 1766.9633;
	1583.8265 1032.5079 1794.4428 593.482 838.9307 1154.2682 839.585 268.4283 514.917 4419.3885 1810.44;
	1650.9913 1090.2478 1877.9051 603.5271 888.9544 1227.8513 913.321 282.2 541.8111 4396.4052 1901.2917;
	1801.4573 1214.9521 2043.7203 617.8227 1009.696 1393.4107 1023.3527 337.2768 633.0663 5151.5336 2162.3536;
	1932.871 1295.9808 2143.3578 627.6 1058.4771 1474.7073 1092.4227 364.2269 698.7 5690.6062 2299.0263;
	1969.2475 1285.1491 2150.4133 627.1626 1095.8995 1487.0653 1089.5723 362.9381 709.0012 6067.8721 2289.0416;
	1903.7306 1259.7 2086.9915 622.4163 1086.7717 1453.5196 1095.8535 375.1739 699.2241 6070.16 2277.6918;
	1924.6541 1270.496 2070.9383 625.3 1074.9932 1452.4042 1086.9893 369.1465 696.1626 5948.5845 2296.5469;
	1965.7079 1256.8635 2120.892 610.6 1066.6329 1475.3054 1106.8675 353.3547 676.8311 5776.6132 2240.0407;
	1974.9813 1256.5909 2092.7736 606.7983 1063.7596 1484.9082 1086.8858 342.8 631.981 5870.8994 2160.7492;
	1984.6681 1263.0896 2088.2471 626.7116 1064.049 1484.767 1092.5 345.5785 629.7214 5637.1559 2029.4528;
	1913.8 1225.9596 2042.1956 611.7413 1034.0192 1489.5607 1097.9835 344.886 618.3941 5563.0116 2004.6664;
	1901.9466 1238.9134 2066.513 601.4 1035.8246 1507.2255 1092.0798 343.6576 595.3565 5592.3491 2077.3363;
	1865.3534 1240.2753 2143.0484 587.6 1065.3275 1496.1279 1110.1015 349.2 613.4061 5810.8088 2119.8579;
	1833.6686 1258.3876 2102.7151 602.5523 1073.8543 1484.6011 1090.2399 370.2722 607.4574 5670.8 2165.058;
	1804.0556 1257.5499 2121.7499 613.5132 1040.0457 1503.3752 1116.0874 402.901 610.7996 5395.276 2251.3393;
	1845.3 1271.0325 2175.763 632.0773 1075.1 1560.9781 1161.4274 378.8 610.467 4985.996 2272.4468;
	1912.109 1283.0848 2181.4107 629.9486 1047.0667 1532.5944 1168.972 388.4 667.1054 4799.8623 2250.2619;
	1805.8326 1178.5959 2037.0208 616.2953 981.8665 1419.5127 1111.8 373.1995 648.8756 4754.9935 2095.2045;
	1717.9 1119.614 1926.1091 610.7149 951.6571 1329.9557 1055.8763 342.5131 609.582 4939.0741 1970.0952;
	1642.6191 1054.5372 1791.1048 587.5377 867.4374 1234.4895 975.414 318.6444 553.7063 4749.5194 1753.0507;
	1570.9627 1018.72 1735.4507 569.2493 804.6514 1151.5984 863.4248 265.4599 510.4793 3919.8035 1725.5005;
	1513.7734 982.3198 1654.0989 570.5075 784.4961 1131.8744 829.5196 244.4905 464.3839 3079.2364 1670.3329;
];
