function loadprofile = ex_load_profilesh1
%EX_LOAD_PROFILE  Example load profile data file for stochastic unit commitment.
% 2022.03.12
% Andres F. Ramirez

%% define constants
[CT_LABEL, CT_PROB, CT_TABLE, CT_TBUS, CT_TGEN, CT_TBRCH, CT_TAREABUS, ...
    CT_TAREAGEN, CT_TAREABRCH, CT_ROW, CT_COL, CT_CHGTYPE, CT_REP, ...
    CT_REL, CT_ADD, CT_NEWVAL, CT_TLOAD, CT_TAREALOAD, CT_LOAD_ALL_PQ, ...
    CT_LOAD_FIX_PQ, CT_LOAD_DIS_PQ, CT_LOAD_ALL_P, CT_LOAD_FIX_P, ...
    CT_LOAD_DIS_P, CT_TGENCOST, CT_TAREAGENCOST, CT_MODCOST_F, ...
    CT_MODCOST_X] = idx_ct;

loadprofile = struct( ...
    'type', 'mpcData', ...
    'table', CT_TAREALOAD, ...
    'rows', [1:11], ...
    'col', CT_LOAD_ALL_P, ...
    'chgtype', 1, ...
    'values', [] );
loadprofile.values(:,1,:) = [
	1549.0194 946.6032 1579.9232 556.482 809.2931 1136.3644 879.6 227.2289 550.8267 4556.3415 1767.5943;
	1557.3144 962.1967 1610.9334 549.8224 825.9094 1148.821 877.2001 209.4524 533.3 4414.0863 1748.0111;
	1610.617 985.1873 1653.7216 553.642 843.5466 1181.8594 891.8 231.4161 552.4758 4521.9932 1804.5257;
	1656.2 1060.2841 1735.8437 571.3195 888.728 1258.1531 952.8549 262.9514 590.4681 4796.6 1912.46;
	1751.3855 1171.7206 1876.5457 601.6767 991.9105 1401.1749 1051.5623 306.9554 660.8276 5226.5896 2120.3736;
	1802.5619 1235.5896 1958.4992 608.7866 1042.9041 1465.7901 1087.5 307.3302 702.0642 5747.0784 2238.6681;
	1807.2043 1255.6151 1969.3499 598.2973 1073.6195 1458.7624 1121.853 324.7399 716.3522 6153.7841 2273.676;
	1810.6596 1250.8 1988.7621 601.1198 1056.9368 1415.5853 1099.0792 325.2107 704.0883 6195.6321 2158.2484;
	1824.5367 1226.3904 1975.7509 578.6686 1020.0657 1407.2293 1093.5353 330.6309 711.6525 6238.7394 2051.3107;
	1828.517 1244.6524 1989.9 577.7889 1057.0325 1382.2736 1116.9345 336.1078 686.6631 6353.2128 2019.4227;
	1784.6812 1218.5773 1951.7752 587.2558 1015.6571 1325.7 1095.7783 319.562 673.0572 6260.5036 1926.6515;
	1792.1761 1252.1118 1952.8449 592.3 1003.4773 1365.9583 1114.7785 332.0615 677.859 6364.809 1982.709;
	1791.7261 1247.813 1932.5 586.5732 1007.0 1384.5 1090.3721 329.8705 663.408 6255.5496 2010.6112;
	1751.3297 1221.4444 1889.5423 592.3605 1012.9 1370.7612 1034.5603 321.066 661.9768 6230.9246 2036.3377;
	1705.0937 1199.3809 1876.3171 591.0601 996.6 1387.9892 1039.3028 336.8087 668.2065 6239.3356 2136.4542;
	1711.6 1168.0343 1848.6198 589.6 1004.1 1401.6 1088.2625 335.5011 683.9271 6181.2661 2209.2037;
	1698.5327 1144.8579 1884.275 609.5428 1002.8066 1450.926 1114.8674 346.9852 697.9272 6131.4449 2311.2604;
	1763.4146 1199.1152 1949.4268 604.6 1079.2253 1514.8475 1162.425 339.4884 720.558 6048.6409 2394.1756;
	1795.5892 1217.967 1939.1054 600.4502 1081.8015 1479.9 1155.5536 330.9393 715.1256 5787.4208 2321.8531;
	1752.7893 1180.6 1879.1 588.0577 1005.7 1399.0067 1104.4136 320.4987 665.0987 5517.4331 2082.4737;
	1640.1387 1078.1881 1742.2676 570.4 933.9728 1288.8195 1027.6073 298.5623 606.8033 5225.5987 1920.7295;
	1536.5641 1009.6646 1642.7446 575.4056 864.3 1185.9283 984.8533 277.7264 571.6396 5056.7021 1789.1927;
	1468.2015 970.9907 1607.0231 563.5443 820.7674 1111.3989 906.7474 263.9103 541.157 4919.8716 1853.1346;
	1423.8356 926.058 1559.0572 562.5934 800.3566 1070.5449 886.1883 237.7005 535.1399 4692.721 1791.9763;
];
