function loadprofile = ex_load_profilesh1
%EX_LOAD_PROFILE  Example load profile data file for stochastic unit commitment.
% 2022.03.12
% Andres F. Ramirez

%% define constants
[CT_LABEL, CT_PROB, CT_TABLE, CT_TBUS, CT_TGEN, CT_TBRCH, CT_TAREABUS, ...
    CT_TAREAGEN, CT_TAREABRCH, CT_ROW, CT_COL, CT_CHGTYPE, CT_REP, ...
    CT_REL, CT_ADD, CT_NEWVAL, CT_TLOAD, CT_TAREALOAD, CT_LOAD_ALL_PQ, ...
    CT_LOAD_FIX_PQ, CT_LOAD_DIS_PQ, CT_LOAD_ALL_P, CT_LOAD_FIX_P, ...
    CT_LOAD_DIS_P, CT_TGENCOST, CT_TAREAGENCOST, CT_MODCOST_F, ...
    CT_MODCOST_X] = idx_ct;

loadprofile = struct( ...
    'type', 'mpcData', ...
    'table', CT_TAREALOAD, ...
    'rows', [1:11], ...
    'col', CT_LOAD_ALL_P, ...
    'chgtype', 1, ...
    'values', [] );
loadprofile.values(:,1,:) = [
	1549.3289 1031.5392 1850.3475 610.3653 878.6333 1293.4055 938.4605 284.1 570.0577 4788.2478 1891.4397;
	1552.3273 1069.5986 1862.9542 609.3788 891.1137 1287.6994 938.9012 286.0 555.0225 4654.3126 1817.5217;
	1554.8477 1103.312 1876.8131 613.1242 907.5276 1292.8028 951.8246 292.3953 564.2111 4739.7737 1903.4963;
	1625.0336 1129.9048 1914.2279 610.2 961.5569 1355.1859 1000.6874 312.9117 576.4194 4885.7244 1949.0486;
	1765.8264 1231.0026 2075.5304 624.9114 1045.5766 1510.3742 1090.0541 363.339 660.7821 5473.472 2205.9653;
	1846.2391 1315.4126 2183.4293 630.0168 1109.5558 1576.2129 1153.9616 378.7394 724.3538 5987.0249 2338.6;
	1844.681 1292.1648 2132.7263 628.6815 1077.9235 1559.4499 1145.3997 371.4722 718.0542 6252.111 2309.45;
	1859.5046 1259.6972 2072.4594 627.3331 1037.9118 1512.5928 1111.159 347.3 712.3 6348.9809 2219.2;
	1817.1223 1257.68 2042.4 622.7 1052.4479 1506.9312 1091.8973 337.9942 707.5 6360.3262 2291.4393;
	1845.8 1241.964 2045.8983 619.3502 1062.658 1550.7865 1098.6576 343.3855 702.8658 6375.1467 2316.713;
	1802.8907 1232.1456 2025.6494 622.6781 1059.2072 1534.2151 1065.0053 332.8724 681.0 6297.5733 2163.7082;
	1835.6 1221.0887 2007.4683 613.7063 1040.2658 1491.4052 1029.4532 324.7074 673.8688 6382.0931 2140.8668;
	1832.824 1250.1008 2012.9475 608.4885 1027.7338 1501.8167 1069.9632 323.7783 671.0 6366.0388 2210.7323;
	1815.82 1234.9847 1995.1796 611.368 1002.5764 1481.8 1089.4561 328.4644 658.2657 6385.427 2232.1003;
	1821.6235 1212.2644 2002.422 608.7399 1018.4397 1477.4298 1075.534 333.7 664.4112 6399.9433 2242.2866;
	1815.2805 1239.4823 1988.9538 628.427 1042.2147 1484.0 1115.6776 351.9179 679.3004 6503.2316 2404.5383;
	1812.1263 1257.1119 2008.7918 637.6815 1043.2294 1470.6176 1136.3406 359.8579 701.2861 6390.5 2524.8894;
	1848.7136 1285.9892 2055.272 628.376 1095.4026 1539.7087 1242.8481 397.4642 755.0233 6519.1781 2746.6995;
	1885.8005 1308.01 2092.6603 625.2936 1102.1703 1590.2011 1229.7594 396.0899 741.934 6572.859 2698.1904;
	1854.6624 1265.2279 2033.5287 624.2053 1039.3805 1466.3411 1182.6139 371.5589 702.0696 6342.4585 2563.8382;
	1776.4659 1190.7027 1917.6206 602.0244 975.5048 1355.4667 1119.3638 356.7516 642.5232 6059.8861 2369.8957;
	1665.7341 1074.1198 1828.1839 582.292 938.1841 1246.2876 1017.7783 328.5266 592.2183 5693.5774 2054.6449;
	1561.626 1089.393 1760.0809 573.6389 841.6381 1143.621 956.5 284.3691 580.2121 5367.0125 1969.9024;
	1496.3 1016.9423 1636.6509 572.4817 803.6429 1104.2515 928.0083 275.2446 562.1854 4957.0177 1935.5198;
];
