function windprofile = ex_wind_profilesh1
%EX_WIND_PROFILE_D  Example wind_load_nyiso profile data for deterministic unit commitment.
% 2022.03.12
% Andres F. Ramirez


%% define constants
[GEN_BUS, PG, QG, QMAX, QMIN, VG, MBASE, GEN_STATUS, PMAX, PMIN, ...
    MU_PMAX, MU_PMIN, MU_QMAX, MU_QMIN, PC1, PC2, QC1MIN, QC1MAX, ...
    QC2MIN, QC2MAX, RAMP_AGC, RAMP_10, RAMP_30, RAMP_Q, APF] = idx_gen;
[CT_LABEL, CT_PROB, CT_TABLE, CT_TBUS, CT_TGEN, CT_TBRCH, CT_TAREABUS, ...
    CT_TAREAGEN, CT_TAREABRCH, CT_ROW, CT_COL, CT_CHGTYPE, CT_REP, ...
    CT_REL, CT_ADD, CT_NEWVAL, CT_TLOAD, CT_TAREALOAD, CT_LOAD_ALL_PQ, ...
    CT_LOAD_FIX_PQ, CT_LOAD_DIS_PQ, CT_LOAD_ALL_P, CT_LOAD_FIX_P, ...
    CT_LOAD_DIS_P, CT_TGENCOST, CT_TAREAGENCOST, CT_MODCOST_F, ...
    CT_MODCOST_X] = idx_ct;

windprofile = struct( ...
    'type', 'mpcData', ...
    'table', CT_TGEN, ...
    'rows', [1:45], ...
    'col', PMAX, ...
    'chgtype', 1, ...
    'values', [] );
windprofile.values(:,1,:) = [
	0.7567 10.2252 57.6243 61.665 7.6429 2.2828 9.8721 8.8254 0.0495 15.8203 29.2435 43.6256 65.6781 16.9438 129.3053 48.715 60.4427 64.0512 77.3554 66.8607 3.2907 5.3265 63.1 72.0914 47.911 48.6716 4.3878 227.4256 341.8416 341.8416 246.0774 47.8773 257.8514 172.0997 53.121 145.8524 420.4521 87.832 53.1048 128.3331 34.1274 25.3235 51.0299 67.5161 424.8318;
	0.5488 7.4149 57.0869 60.5195 6.39 0.863 2.591 11.7509 0.0 10.021 18.5237 27.6337 41.6023 5.8078 104.726 39.4549 48.9533 51.8759 72.4699 67.1632 0.8637 2.0136 26.9276 74.8764 51.4389 50.7748 6.2253 102.7889 231.2262 231.2262 154.4286 31.1768 241.5663 172.8782 18.2082 98.6565 308.259 86.1699 45.2232 137.7827 30.251 9.5734 60.507 86.5634 311.47;
	0.299 4.0407 61.9688 61.6756 5.4389 0.5817 4.0891 10.9706 0.0 8.0286 14.8408 22.1395 33.3309 6.2334 68.4353 25.7826 31.9895 33.8994 62.836 54.4335 1.363 1.3574 19.8125 79.9228 54.6861 52.691 6.1532 7.8739 63.8092 63.8092 22.2949 16.4884 209.4534 140.112 19.5426 27.2253 160.0618 1.9563 47.9541 146.4806 46.1495 6.4533 9.5403 87.6257 161.7291;
	0.4202 5.6773 69.9581 70.9523 7.7732 1.6273 2.3578 13.6277 0.0 14.3462 26.5187 39.5607 59.5584 29.0724 81.7937 30.8153 38.2338 40.5164 47.3555 61.9381 0.7859 3.7971 45.6975 83.1934 61.7806 65.4235 7.9619 38.4756 157.3809 157.3809 124.9631 21.3429 157.8515 159.4289 91.1458 67.1492 17.6607 5.2697 47.1673 165.4838 53.0851 18.0524 14.1862 128.1718 17.8447;
	0.5626 7.6016 80.382 72.4758 10.083 2.3779 3.3697 14.9969 0.7685 14.1263 26.1123 38.9544 58.6456 20.4676 123.0005 46.3397 57.4956 60.9281 57.3645 64.8147 1.1232 5.5485 44.4772 84.2794 79.3904 70.4151 9.6975 71.2806 96.4303 96.4303 293.6455 10.9634 191.2149 166.8331 64.1685 41.1436 51.3964 13.645 98.7537 212.653 57.1415 26.3793 49.3327 138.7152 51.9318;
	0.4743 6.4085 78.2357 53.7029 10.4022 3.951 2.8825 12.8547 2.1672 8.5976 15.8926 23.7086 35.6932 27.4311 136.9922 51.611 64.0359 67.8589 80.1364 64.3557 0.9608 9.219 33.1945 79.4769 54.7483 68.0327 8.3625 23.6247 95.2784 95.2784 146.8342 12.1822 267.1212 165.6519 86.0003 40.6521 23.245 7.4478 159.2268 146.6473 41.8365 43.8295 24.9064 128.1051 23.4871;
	0.4099 5.5392 58.0766 37.6566 9.5613 2.6454 4.098 8.5858 5.141 6.3651 11.7658 17.5523 26.4248 18.2922 110.822 41.7515 51.8028 54.8955 63.6084 60.3457 1.366 6.1726 21.2303 55.702 33.6309 63.6892 4.6351 24.5953 24.5715 24.5715 93.5172 7.9679 212.0279 155.3299 57.3485 10.4838 6.3222 3.0388 144.7529 90.0827 19.8839 29.3462 30.4655 129.104 6.3881;
	0.4461 6.0279 35.6844 26.2191 3.6236 2.4999 4.452 7.3091 5.8375 4.3558 8.0516 12.0114 18.0831 9.5888 53.1603 20.0278 24.8494 26.3329 15.2346 37.6851 1.484 5.8331 10.9893 36.0415 31.8317 60.168 4.9471 0.0 2.5368 2.5368 4.358 1.7673 50.7819 97.0015 30.0623 1.0824 4.7525 0.0023 63.6358 85.2634 5.7436 27.732 0.0076 101.0989 4.802;
	0.4787 6.4686 28.6691 17.7497 3.2547 0.0649 0.2077 5.6616 4.1541 0.0233 0.043 0.0641 0.0966 1.5871 7.6528 2.8832 3.5773 3.7908 0.0 13.7644 0.0692 0.1515 4.6193 35.0935 25.5119 51.1018 4.2874 0.0 0.0 0.0 1.7382 2.5315 0.0 35.4297 4.9757 0.0 0.0 0.0023 1.2933 68.3353 0.071 0.7204 0.0 71.4163 0.0;
	0.5158 6.9699 29.1919 3.2613 7.4161 1.8427 0.0 4.428 0.508 0.0 0.0 0.0 0.0 0.1407 2.1477 0.8091 1.0039 1.0639 0.0 6.4795 0.0 4.2996 9.1256 32.392 24.1032 43.4537 3.1638 24.1151 7.847 7.847 0.0 0.5769 0.0 16.6783 0.4412 3.3481 0.0 0.0 0.0 64.5622 0.0011 20.4417 43.8353 85.0281 0.0;
	0.732 9.8906 41.2005 0.0 10.5563 1.6121 0.686 3.5877 0.0 0.0 0.0 0.0 0.0 0.0 0.0061 0.0023 0.0028 0.003 0.0238 7.2564 0.2287 3.7615 9.3689 39.5493 43.0072 51.4219 1.3048 56.7322 51.3137 51.3137 0.0 0.6572 0.0793 18.6779 0.0 21.8938 46.3111 0.0 0.5091 115.1979 1.5524 17.8832 0.0471 98.2291 46.7936;
	1.2728 17.1989 58.3326 0.0 11.9999 0.1176 0.0653 0.1059 0.0 0.0114 0.0211 0.0315 0.0474 0.5681 0.0 0.0 0.0 0.0 0.0 2.7211 0.0218 0.2745 43.848 48.4668 0.0 48.119 0.2509 143.4406 87.4107 87.4107 0.0 2.2495 0.0 7.0042 1.781 37.2952 109.9657 0.0008 6.0068 0.0 2.9755 1.3051 1.1043 126.4664 111.1111;
	2.2119 29.8871 79.5758 3.1674 14.1693 1.6618 0.8406 1.6675 0.6677 24.0795 44.5105 66.4009 99.9662 0.3118 3.2789 1.2353 1.5327 1.6242 2.5876 8.2815 0.2802 3.8776 31.2343 64.2294 60.2734 51.6687 5.2679 255.0792 171.8628 171.8628 3.7517 5.4776 8.6254 21.3166 0.9775 73.3281 201.8387 3.8993 23.1139 161.4465 18.133 18.4353 112.3353 166.5065 203.9412;
	1.9331 26.1209 12.1931 40.1863 14.3113 19.567 0.3076 4.5172 0.5888 1.0688 1.9757 2.9474 4.4373 0.7903 2.14 0.8062 1.0003 1.0601 9.6249 6.2927 0.1025 45.6563 43.3651 2.5728 4.9394 33.8734 7.7052 180.5392 214.73 214.73 3.899 8.3017 32.083 16.1974 2.4776 91.6181 194.0191 7.054 19.4852 13.2306 6.2749 217.0629 92.2466 142.394 196.0401;
	2.1905 29.5988 15.5225 38.096 9.7275 4.1036 1.2502 4.568 14.1828 0.3485 0.6442 0.961 1.4467 0.0766 1.187 0.4472 0.5548 0.588 6.9016 0.0 0.4167 9.5752 28.7415 12.648 9.0493 7.8618 8.7051 254.2422 252.3393 252.3393 73.8669 8.2621 23.0053 0.0 0.2401 107.6648 242.7054 11.4625 22.6495 24.2392 0.1406 45.5231 85.2077 108.1588 245.2336;
	3.0281 40.916 84.1641 31.2999 14.3388 0.7554 2.3852 2.3607 3.9456 0.0377 0.0697 0.104 0.1566 0.3605 7.4689 2.8139 3.4913 3.6997 1.5171 0.0 0.7951 1.7627 44.1824 34.0871 33.1479 20.2124 5.1299 411.3841 278.5969 278.5969 164.3828 12.9081 5.0569 0.0 1.1301 118.868 314.2634 41.0035 46.3721 88.7891 0.1146 8.3802 12.2979 181.2976 317.537;
	3.3873 45.7701 8.6929 9.6347 14.8952 0.18 0.0 1.6869 0.0273 0.0 0.0 0.0 0.0 0.0019 5.2062 1.9614 2.4336 2.5789 2.8776 0.0175 0.0 0.4199 0.6387 42.0863 18.4546 57.2817 1.8061 326.342 355.5774 355.5774 173.1227 23.3517 9.5921 0.0449 0.006 151.713 423.1474 69.87 0.0 49.432 0.0071 1.9965 129.7423 232.0638 427.5552;
	2.8221 38.1328 17.8695 39.2714 14.9218 19.6509 1.5875 2.6679 3.8562 0.0055 0.0101 0.0151 0.0228 1.4514 1.0628 0.4004 0.4968 0.5265 3.3476 0.0786 0.5292 45.8522 13.4209 27.9482 21.8446 62.6923 1.0279 556.797 492.9447 492.9447 334.0291 36.4219 11.1586 0.2022 4.5502 210.3231 584.1754 96.7089 0.0078 58.5123 1.921 217.9945 120.0598 234.7 590.2605;
	3.1433 42.4724 85.5332 33.6208 15.1195 26.817 1.6551 0.7646 18.4995 7.1016 13.1273 19.5833 29.4825 7.028 0.0836 0.0315 0.0391 0.0414 16.2924 35.7587 0.5517 62.573 23.7006 10.4898 21.6844 64.4245 0.0082 753.4761 451.4265 451.4265 375.9561 48.8735 54.3081 92.0431 22.0337 192.6086 642.6436 75.2903 25.7733 58.0833 0.5678 297.4899 116.3968 217.5379 649.3378;
	2.9621 40.0246 1.602 6.2042 14.939 3.0718 17.8195 0.6816 26.4618 19.1766 35.4477 52.8809 79.612 5.0415 0.0 0.0 0.0 0.0 0.3325 15.1925 5.9398 7.1676 56.2755 8.282 17.9659 55.5839 0.4964 763.9441 436.0136 436.0136 342.3109 45.8673 1.1082 39.1055 15.8058 186.0325 585.7304 74.4893 0.1995 48.123 1.3188 34.0768 106.619 185.2396 591.8318;
