function solarprofile = ex_solar_profilesh1
%EX_WIND_PROFILE_D  Example wind_load_nyiso profile data for deterministic unit commitment.
% 2022.03.12
% Andres F. Ramirez


%% define constants
[GEN_BUS, PG, QG, QMAX, QMIN, VG, MBASE, GEN_STATUS, PMAX, PMIN, ...
    MU_PMAX, MU_PMIN, MU_QMAX, MU_QMIN, PC1, PC2, QC1MIN, QC1MAX, ...
    QC2MIN, QC2MAX, RAMP_AGC, RAMP_10, RAMP_30, RAMP_Q, APF] = idx_gen;
[CT_LABEL, CT_PROB, CT_TABLE, CT_TBUS, CT_TGEN, CT_TBRCH, CT_TAREABUS, ...
    CT_TAREAGEN, CT_TAREABRCH, CT_ROW, CT_COL, CT_CHGTYPE, CT_REP, ...
    CT_REL, CT_ADD, CT_NEWVAL, CT_TLOAD, CT_TAREALOAD, CT_LOAD_ALL_PQ, ...
    CT_LOAD_FIX_PQ, CT_LOAD_DIS_PQ, CT_LOAD_ALL_P, CT_LOAD_FIX_P, ...
    CT_LOAD_DIS_P, CT_TGENCOST, CT_TAREAGENCOST, CT_MODCOST_F, ...
    CT_MODCOST_X] = idx_ct;

solarprofile = struct( ...
    'type', 'mpcData', ...
    'table', CT_TGEN, ...
    'rows', [1:12], ...
    'col', PMAX, ...
    'chgtype', 1, ...
    'values', [] );
solarprofile.values(:,1,:) = [
	0.0 0.0 0.0 0.0 0.0 0.0 0.0 0.0 0.0 0.0 0.0 0.0;
	0.0 0.0 0.0 0.0 0.0 0.0 0.0 0.0 0.0 0.0 0.0 0.0;
	0.0 0.0 0.0 0.0 0.0 0.0 0.0 0.0 0.0 0.0 0.0 0.0;
	0.0 0.0 0.0 0.0 0.0 0.0 0.0 0.0 0.0 0.0 0.0 0.0;
	0.0 0.0 0.0 0.0 0.0 0.0 0.0 0.0 0.0 0.0 0.0 0.0;
	0.5159 0.4264 0.4302 0.0 0.0 0.0 0.0 0.2 0.0 0.0 0.0 0.0;
	12.2583 7.4045 6.2762 3.1152 2.0095 209.165 26.1456 23.2792 97.3457 54.9367 10.4335 99.4906;
	24.0476 16.5012 13.3092 5.3232 3.8154 417.5154 52.1894 68.7395 236.3135 35.7569 17.2084 64.756;
	24.857 16.8011 13.8482 7.3813 5.0741 434.5034 54.3129 73.0049 261.3392 58.7298 19.0244 106.36;
	23.8151 16.1547 13.6408 4.166 2.4429 305.2079 38.151 57.0561 208.2601 99.4621 22.8803 180.1265;
	25.0658 16.371 13.7627 4.7834 1.7445 336.8663 42.1083 58.1561 243.0454 111.3183 41.0951 201.5981;
	25.4119 16.6575 13.8791 4.8184 1.5912 357.2843 44.6605 60.3404 258.6482 95.3667 45.8465 172.7098;
	18.7654 16.2896 12.3138 3.8137 3.6593 190.6336 23.8292 44.7651 172.1799 73.3181 21.0068 132.7796;
	13.5583 14.8003 9.0314 3.5755 4.6435 143.4619 17.9327 43.2121 113.2348 62.0052 12.2367 112.2918;
	5.6899 6.8856 4.613 3.0087 4.7913 89.6086 11.2011 39.2595 69.4958 52.7444 10.7521 95.5205;
	0.3796 0.7381 0.3884 1.2757 0.6685 17.2443 2.1555 18.6006 0.5176 15.9796 6.9423 28.9392;
	0.4974 0.5778 0.3603 0.4208 0.1767 10.362 1.2952 4.8604 2.2574 6.5978 4.1881 11.9487;
	0.0 0.0 0.0 0.0 0.0 0.0 0.0 0.0 0.0 0.0 0.0 0.0;
	0.0 0.0 0.0 0.0 0.0 0.0 0.0 0.0 0.0 0.0 0.0 0.0;
	0.0 0.0 0.0 0.0 0.0 0.0 0.0 0.0 0.0 0.0 0.0 0.0;
	0.0 0.0 0.0 0.0 0.0 0.0 0.0 0.0 0.0 0.0 0.0 0.0;
	0.0 0.0 0.0 0.0 0.0 0.0 0.0 0.0 0.0 0.0 0.0 0.0;
	0.0 0.0 0.0 0.0 0.0 0.0 0.0 0.0 0.0 0.0 0.0 0.0;
	0.0 0.0 0.0 0.0 0.0 0.0 0.0 0.0 0.0 0.0 0.0 0.0;
];
