function solarprofile = ex_solar_profilesh1
%EX_WIND_PROFILE_D  Example wind_load_nyiso profile data for deterministic unit commitment.
% 2022.03.12
% Andres F. Ramirez


%% define constants
[GEN_BUS, PG, QG, QMAX, QMIN, VG, MBASE, GEN_STATUS, PMAX, PMIN, ...
    MU_PMAX, MU_PMIN, MU_QMAX, MU_QMIN, PC1, PC2, QC1MIN, QC1MAX, ...
    QC2MIN, QC2MAX, RAMP_AGC, RAMP_10, RAMP_30, RAMP_Q, APF] = idx_gen;
[CT_LABEL, CT_PROB, CT_TABLE, CT_TBUS, CT_TGEN, CT_TBRCH, CT_TAREABUS, ...
    CT_TAREAGEN, CT_TAREABRCH, CT_ROW, CT_COL, CT_CHGTYPE, CT_REP, ...
    CT_REL, CT_ADD, CT_NEWVAL, CT_TLOAD, CT_TAREALOAD, CT_LOAD_ALL_PQ, ...
    CT_LOAD_FIX_PQ, CT_LOAD_DIS_PQ, CT_LOAD_ALL_P, CT_LOAD_FIX_P, ...
    CT_LOAD_DIS_P, CT_TGENCOST, CT_TAREAGENCOST, CT_MODCOST_F, ...
    CT_MODCOST_X] = idx_ct;

solarprofile = struct( ...
    'type', 'mpcData', ...
    'table', CT_TGEN, ...
    'rows', [1:12], ...
    'col', PMAX, ...
    'chgtype', 1, ...
    'values', [] );
solarprofile.values(:,1,:) = [
	0.0 0.0 0.0 0.0 0.0 0.0 0.0 0.0 0.0 0.0 0.0 0.0;
	0.0 0.0 0.0 0.0 0.0 0.0 0.0 0.0 0.0 0.0 0.0 0.0;
	0.0 0.0 0.0 0.0 0.0 0.0 0.0 0.0 0.0 0.0 0.0 0.0;
	0.0 0.0 0.0 0.0 0.0 0.0 0.0 0.0 0.0 0.0 0.0 0.0;
	0.0 0.0 0.0 0.0 0.0 0.0 0.0 0.0 0.0 0.0 0.0 0.0;
	0.4731 0.4018 0.4224 0.0 0.0 0.0 0.0 0.2 0.0 0.0 0.0 0.0;
	2.5976 3.5717 4.2996 1.5704 1.5124 38.8618 4.8577 43.9807 30.5173 4.8353 1.1244 8.7568;
	11.6325 12.3077 9.0383 5.9229 4.9576 255.7178 31.9647 70.8029 170.6827 26.3639 17.3525 47.7453;
	21.9654 16.6083 13.8 9.4937 8.44 342.4455 42.8057 73.2319 239.5132 63.9355 34.7572 115.7875;
	24.4409 16.1893 13.7037 10.1749 10.6261 267.5541 33.4443 50.2138 207.4051 186.5462 47.4456 337.8362;
	25.4979 16.6363 13.9898 11.1156 9.4492 313.4442 39.1805 56.0204 244.227 222.27 53.7739 402.5323;
	25.193 16.5405 13.8194 11.3747 7.8791 325.2303 40.6538 56.9884 247.368 237.8717 59.1369 430.7871;
	6.3832 6.8844 5.338 10.2336 6.4563 175.3261 21.9158 15.6838 118.5664 273.6413 67.0658 495.566;
	3.5953 2.6868 2.3323 8.0539 6.4941 160.6279 20.0785 12.3496 100.0998 206.2028 52.2622 373.4345;
	3.0587 2.785 2.4862 4.3343 6.4118 140.7673 17.5959 15.717 89.2165 95.2386 35.6985 172.4777;
	2.7853 2.5059 2.8905 0.6833 1.4084 54.5874 6.8234 29.6857 61.5872 9.2587 7.1043 16.7676;
	0.5633 0.6847 0.5924 0.3165 0.1915 12.4112 1.5514 6.9051 9.9543 4.8746 4.5177 8.8279;
	0.0 0.0 0.0 0.0 0.0 0.0 0.0 0.0 0.0 0.0 0.0 0.0;
	0.0 0.0 0.0 0.0 0.0 0.0 0.0 0.0 0.0 0.0 0.0 0.0;
	0.0 0.0 0.0 0.0 0.0 0.0 0.0 0.0 0.0 0.0 0.0 0.0;
	0.0 0.0 0.0 0.0 0.0 0.0 0.0 0.0 0.0 0.0 0.0 0.0;
	0.0 0.0 0.0 0.0 0.0 0.0 0.0 0.0 0.0 0.0 0.0 0.0;
	0.0 0.0 0.0 0.0 0.0 0.0 0.0 0.0 0.0 0.0 0.0 0.0;
	0.0 0.0 0.0 0.0 0.0 0.0 0.0 0.0 0.0 0.0 0.0 0.0;
];
