function windprofile = ex_wind_profilesh1
%EX_WIND_PROFILE_D  Example wind_load_nyiso profile data for deterministic unit commitment.
% 2022.03.12
% Andres F. Ramirez


%% define constants
[GEN_BUS, PG, QG, QMAX, QMIN, VG, MBASE, GEN_STATUS, PMAX, PMIN, ...
    MU_PMAX, MU_PMIN, MU_QMAX, MU_QMIN, PC1, PC2, QC1MIN, QC1MAX, ...
    QC2MIN, QC2MAX, RAMP_AGC, RAMP_10, RAMP_30, RAMP_Q, APF] = idx_gen;
[CT_LABEL, CT_PROB, CT_TABLE, CT_TBUS, CT_TGEN, CT_TBRCH, CT_TAREABUS, ...
    CT_TAREAGEN, CT_TAREABRCH, CT_ROW, CT_COL, CT_CHGTYPE, CT_REP, ...
    CT_REL, CT_ADD, CT_NEWVAL, CT_TLOAD, CT_TAREALOAD, CT_LOAD_ALL_PQ, ...
    CT_LOAD_FIX_PQ, CT_LOAD_DIS_PQ, CT_LOAD_ALL_P, CT_LOAD_FIX_P, ...
    CT_LOAD_DIS_P, CT_TGENCOST, CT_TAREAGENCOST, CT_MODCOST_F, ...
    CT_MODCOST_X] = idx_ct;

windprofile = struct( ...
    'type', 'mpcData', ...
    'table', CT_TGEN, ...
    'rows', [1:45], ...
    'col', PMAX, ...
    'chgtype', 1, ...
    'values', [] );
windprofile.values(:,1,:) = [
	0.7156 9.669 50.5145 62.61 5.5133 0.3054 0.1875 7.6156 0.0 16.5997 30.6842 45.7748 68.9137 1.1847 131.3047 49.4683 61.3773 65.0417 74.3289 67.6226 0.0625 0.7127 63.1028 62.9986 41.6812 45.2171 3.8485 154.6435 303.3775 303.3775 205.1439 39.7323 247.763 174.0608 3.7143 129.441 358.0738 81.7893 0.0 111.6461 62.232 3.3882 10.1091 63.4798 361.8038;
	0.5045 6.8164 46.5316 60.4599 4.3049 1.0268 0.1966 7.3473 0.0 10.0304 18.541 27.6595 41.6413 6.6576 104.1652 39.2436 48.6912 51.5981 66.8613 67.4052 0.0655 2.396 29.2982 60.9869 44.8991 38.1973 4.0045 29.7351 207.6346 207.6346 147.373 24.9768 222.8709 173.5011 20.8725 88.5908 273.8998 82.3487 0.0 120.2655 72.2422 11.391 13.7056 86.7959 276.7529;
	0.2466 3.3322 50.6436 63.4629 2.7932 0.0875 0.5616 10.1356 0.0 9.3756 17.3307 25.854 38.9231 6.2842 61.0882 23.0146 28.5552 30.26 58.3708 65.2271 0.1872 0.2042 24.7043 71.9766 52.2066 51.6297 6.0983 0.0 26.4983 26.4983 28.0867 11.352 194.5693 167.8948 19.7018 11.306 161.7602 0.8241 0.0 139.839 75.973 0.9711 3.8769 95.6098 163.4452;
	0.3088 4.1729 58.5346 69.5658 6.0074 0.011 0.2569 12.8079 0.5208 15.5028 28.6566 42.7501 64.36 0.7263 61.701 23.2455 28.8417 30.5635 37.5981 64.3281 0.0856 0.0257 50.0003 75.2112 60.8621 60.3636 7.4299 0.0 4.6009 4.6009 15.1265 10.6863 125.3269 165.5806 2.2771 1.9631 0.0159 0.4338 0.0 163.0234 69.7598 0.122 0.2305 141.0899 0.016;
	0.3901 5.2716 74.1098 71.9755 8.7491 0.0332 0.0217 12.3487 0.1851 15.374 28.4186 42.3949 63.8253 0.1064 106.2398 40.0252 49.6609 52.6257 49.5254 68.4115 0.0072 0.0774 48.0578 74.5378 74.248 65.4994 8.1194 0.0 2.1843 2.1843 5.8526 2.5335 165.0848 176.0913 0.3335 0.932 0.0 0.059 0.0 198.8785 67.1776 0.3681 0.0 154.3917 0.0;
	0.394 5.3242 73.9587 57.9648 9.608 3.491 0.3107 10.6903 0.6316 8.6067 15.9093 23.7336 35.7308 0.0481 123.2323 46.427 57.6039 61.043 74.8824 64.692 0.1036 8.1456 31.6051 74.5521 55.8025 67.5083 6.6863 0.0 4.0834 4.0834 1.4154 5.0682 249.6081 166.5174 0.1507 1.7422 0.128 0.1713 6.6968 149.471 51.7704 38.7263 21.5521 146.6927 0.1293;
	0.4196 5.6696 53.3887 37.1667 9.0815 2.2625 3.0868 7.6722 1.3797 6.977 12.8969 19.2397 28.9652 0.0 99.4848 37.4803 46.5034 49.2797 57.9089 59.3224 1.0289 5.2792 20.3808 56.5679 35.5045 62.5714 2.8838 0.0 0.0805 0.0805 0.0 0.0 193.0296 152.6959 0.0 0.0344 0.0 0.0008 0.0 95.1013 27.6066 25.0988 25.4817 143.8995 0.0;
	0.4882 6.5969 32.0907 26.2529 3.7282 2.3285 3.7917 7.2818 1.3077 4.6137 8.5283 12.7226 19.1537 0.0 32.0468 12.0735 14.98 15.8744 15.6709 21.7395 1.2639 5.4332 9.8138 38.2614 34.7876 64.6126 3.8774 0.0 14.3327 14.3327 8.9171 0.3435 52.2362 55.9576 0.0 6.1153 8.7345 14.3717 0.0 93.1809 11.1948 25.8309 0.0 109.3375 8.8255;
	0.5975 8.074 27.0721 25.7074 3.7185 0.0119 5.0231 6.0227 0.1059 1.3926 2.5742 3.8403 5.7815 0.8568 6.086 2.2929 2.8449 3.0147 0.1047 5.2452 1.6744 0.0278 4.0655 37.8725 30.6926 55.9592 3.868 7.8312 75.1055 75.1055 34.9563 0.1558 0.349 13.5011 2.6861 32.045 22.4874 17.0947 94.4004 82.2124 26.9575 0.1321 0.8605 81.7023 22.7217;
	0.5748 7.7662 26.0103 22.1747 7.6496 0.3028 2.2463 4.454 0.0247 1.2292 2.2722 3.3897 5.1032 0.7917 2.9664 1.1176 1.3866 1.4694 0.0186 4.574 0.7488 0.7064 10.0205 31.4844 31.5413 45.5245 2.6745 31.4985 47.8255 47.8255 63.9675 0.8697 0.0621 11.7735 2.4822 20.4056 19.0035 67.205 69.8125 84.4855 18.6398 3.3586 52.7024 84.3254 19.2015;
	0.8619 11.6468 43.7745 18.2938 12.0118 0.6752 3.2835 3.9383 1.0053 0.4051 0.7487 1.117 1.6816 2.3882 0.2018 0.076 0.0943 0.1 3.9551 10.133 1.0945 1.5756 26.8428 43.0173 50.2449 54.6057 1.4055 49.4175 70.5208 70.5208 55.0151 0.8015 13.1837 26.0824 7.4874 30.0889 59.3189 24.3549 120.2683 134.5845 24.5605 7.4907 23.1116 100.6352 59.9368;
	1.6429 22.1986 65.1961 14.8266 13.9597 1.6646 8.3427 3.1697 6.9755 3.7195 6.8754 10.2567 15.4414 9.8717 0.0 0.0 0.0 0.0 17.5003 8.9438 2.7809 3.884 49.47 58.6958 60.3949 53.8399 1.7712 144.3048 102.0442 102.0442 35.0863 10.288 58.3345 23.0213 30.949 43.5389 119.153 36.4511 190.0903 161.772 38.4769 18.4657 33.7005 137.698 120.3942;
	2.3535 31.8005 85.7826 39.9171 14.5977 2.6268 4.7804 7.7285 10.6097 24.7553 45.7599 68.2647 102.7722 30.3498 17.1251 6.4518 8.005 8.4829 20.0817 10.5751 1.5935 6.1291 34.3291 67.9858 78.2887 59.7472 3.7839 207.6386 180.186 180.186 35.083 16.8835 66.939 27.2204 95.1507 76.8794 178.0659 121.8366 242.9324 209.7019 31.2648 29.1395 117.6178 186.5928 179.9208;
	1.7688 23.9008 40.8227 13.7942 14.8563 19.7726 8.3237 2.3671 15.2306 13.6084 25.155 37.5263 56.4956 27.6185 37.8502 14.2598 17.6928 18.7491 8.3062 10.1823 2.7746 46.1361 47.9389 35.6951 45.4063 35.4775 1.2535 111.2536 225.4388 225.4388 21.5662 22.1159 27.6873 26.2092 86.5878 96.1872 168.1311 82.7765 87.4924 121.624 51.7229 219.3444 88.3578 145.7981 169.8825;
	2.1814 29.4758 29.9379 23.9483 11.075 3.7699 7.547 0.6073 19.4272 6.7745 12.5226 18.6813 28.1245 9.9147 15.8161 5.9586 7.3931 7.8345 3.6787 7.0572 2.5157 8.7965 32.5882 11.0513 20.7785 8.2978 0.4915 208.5065 259.9079 259.9079 85.2754 8.2686 12.2622 18.1652 31.084 110.894 217.2715 15.6693 180.3564 55.6567 7.3136 41.821 88.9185 114.1648 219.5348;
	2.9697 40.1271 86.6114 18.824 14.3502 0.0232 3.9726 1.1851 3.1445 13.8648 25.6289 38.2333 57.5601 2.7936 25.7613 9.7054 12.0419 12.7608 7.6109 4.1477 1.3242 0.0542 44.8634 15.4545 16.7328 17.3494 0.6884 329.7883 289.8773 289.8773 173.5078 13.5738 25.3697 10.6761 8.7585 123.681 275.9762 47.2355 40.3001 44.82 5.5378 0.2578 24.7146 184.877 278.851;
	3.2951 44.5244 25.4752 14.6111 14.817 1.1334 1.784 1.8918 16.1835 21.8201 40.3341 60.1705 90.5863 0.089 88.6671 33.4048 41.4467 43.9212 30.0853 5.8881 0.5947 2.6446 32.8831 5.2489 25.5084 7.1428 1.8068 251.801 364.2584 364.2584 170.2218 26.1663 100.2842 15.156 0.2791 155.4169 381.205 72.8749 70.0849 68.3262 9.2506 12.5732 143.0285 218.8203 385.1759;
	2.6236 35.4505 74.3269 42.2916 14.9597 17.8666 2.5813 1.7426 7.3268 7.5344 13.9272 20.7767 31.2792 0.0 59.4039 22.3801 27.7679 29.4257 23.9992 4.9794 0.8604 41.6887 17.6169 19.0952 51.925 7.4417 1.7613 463.8372 473.2521 473.2521 316.8143 35.9207 79.9974 12.8171 0.0 201.9209 517.1032 92.2292 58.3851 139.0848 18.1069 198.2002 114.4006 225.0803 522.4897;
	2.9012 39.201 89.1628 21.4746 14.6359 23.8365 1.9261 1.4885 5.5407 9.2093 17.0233 25.3954 38.2326 0.0763 31.1178 11.7234 14.5458 15.4142 14.0986 39.2273 0.642 55.6186 29.6711 44.5759 35.4978 60.5727 2.0264 667.7322 423.0001 423.0001 331.5194 36.2178 46.9953 100.9712 0.2392 180.48 576.3708 66.8085 43.4597 95.0834 8.2822 264.4267 103.4936 208.4769 582.3747;
	2.7942 37.7555 35.7375 27.3921 14.6478 0.0 17.388 2.581 26.2946 21.659 40.0363 59.7262 89.9175 0.5656 22.1399 8.3411 10.3491 10.967 7.2281 19.8409 5.796 0.0 57.5768 64.1895 56.1702 55.4182 4.103 679.322 411.5859 411.5859 318.6714 39.4693 24.0937 51.0706 1.7731 175.61 533.8022 67.717 0.0849 150.456 8.962 0.0 100.782 173.0597 539.3626;
