function windprofile = ex_wind_profilesh1
%EX_WIND_PROFILE_D  Example wind_load_nyiso profile data for deterministic unit commitment.
% 2022.03.12
% Andres F. Ramirez


%% define constants
[GEN_BUS, PG, QG, QMAX, QMIN, VG, MBASE, GEN_STATUS, PMAX, PMIN, ...
    MU_PMAX, MU_PMIN, MU_QMAX, MU_QMIN, PC1, PC2, QC1MIN, QC1MAX, ...
    QC2MIN, QC2MAX, RAMP_AGC, RAMP_10, RAMP_30, RAMP_Q, APF] = idx_gen;
[CT_LABEL, CT_PROB, CT_TABLE, CT_TBUS, CT_TGEN, CT_TBRCH, CT_TAREABUS, ...
    CT_TAREAGEN, CT_TAREABRCH, CT_ROW, CT_COL, CT_CHGTYPE, CT_REP, ...
    CT_REL, CT_ADD, CT_NEWVAL, CT_TLOAD, CT_TAREALOAD, CT_LOAD_ALL_PQ, ...
    CT_LOAD_FIX_PQ, CT_LOAD_DIS_PQ, CT_LOAD_ALL_P, CT_LOAD_FIX_P, ...
    CT_LOAD_DIS_P, CT_TGENCOST, CT_TAREAGENCOST, CT_MODCOST_F, ...
    CT_MODCOST_X] = idx_ct;

windprofile = struct( ...
    'type', 'mpcData', ...
    'table', CT_TGEN, ...
    'rows', [1:45], ...
    'col', PMAX, ...
    'chgtype', 1, ...
    'values', [] );
windprofile.values(:,1,:) = [
	0.7284 9.8418 56.9867 60.3399 8.1165 2.0357 9.2291 8.6128 27.1146 19.5562 36.1494 53.9278 81.188 0.2211 147.4982 55.5691 68.9468 73.0631 76.7264 65.9161 3.0764 4.7499 69.46 67.3156 48.0598 47.8785 4.3453 154.5319 317.5758 317.5758 226.0409 44.7915 255.7547 169.6681 0.6932 135.499 391.0289 85.2824 139.9553 128.7317 58.8692 22.5823 28.9208 68.5872 395.1021;
	0.4591 6.2029 54.9509 63.4984 7.264 1.1289 11.1677 12.4243 27.12 11.8036 21.8188 32.5494 49.0029 2.185 123.4043 46.4919 57.6844 61.1282 77.034 68.7709 3.7226 2.6341 35.4476 74.2706 53.7795 54.2641 6.4182 58.0084 215.8661 215.8661 163.3397 32.5586 256.7801 177.0166 6.8502 92.1029 304.8928 97.1489 357.7607 144.0523 69.3771 12.5233 10.3732 89.3973 308.0688;
	0.2527 3.4147 60.4996 65.732 5.7298 2.3202 10.8835 13.6676 26.8157 9.1979 17.0021 25.3638 38.1851 1.4626 80.4714 30.3171 37.6157 39.8614 64.9848 68.4525 3.6278 5.4138 27.1644 77.2166 54.4926 59.1686 6.8988 0.0 0.0054 0.0054 47.4471 17.5859 216.6161 176.197 4.5855 0.0023 159.9782 29.5114 106.2668 145.9624 66.9414 25.7388 2.9092 100.129 161.6446;
	0.2596 3.508 59.2532 65.0433 5.6405 0.0 5.8588 14.1646 10.8878 8.8607 16.3789 24.4341 36.7854 0.0 84.2385 31.7364 39.3766 41.7274 47.0632 67.5117 1.9529 0.0 42.526 71.1946 52.9991 64.8133 7.8088 0.0 0.0 0.0 34.4759 19.516 156.8772 173.7752 0.0 0.0 3.9103 4.8016 10.031 141.9618 61.654 0.0 0.0 119.9768 3.951;
	0.3234 4.3702 67.6675 65.807 6.8032 0.4673 7.4035 13.9491 2.5318 12.7337 23.538 35.1141 52.8641 0.0 114.4395 43.1144 53.4938 56.6874 53.4832 67.0438 2.4678 1.0903 27.6438 68.9649 54.0109 67.8967 8.457 0.0 0.0 0.0 17.7185 10.4249 178.2772 172.571 0.0 0.0 6.1086 11.5676 5.9073 144.6721 54.4879 5.1834 0.0001 123.5911 6.1722;
	0.3682 4.9753 57.6484 33.604 8.245 3.465 5.8772 11.981 4.9849 8.0738 14.9243 22.2641 33.5185 0.0369 147.5266 55.5798 68.9601 73.0771 79.0543 69.4396 1.9591 8.085 28.4088 68.1008 36.9468 69.2802 7.3537 0.0 0.0 0.0 2.2067 10.5992 263.5144 178.7376 0.1158 0.0 1.4652 12.3841 10.6642 98.9646 45.2752 38.4384 16.9391 130.924 1.4804;
	0.4506 6.0881 48.9584 30.6234 8.8849 2.2951 4.3506 7.7965 3.4607 6.4351 11.8952 17.7453 26.7155 0.0871 127.888 48.1811 59.7802 63.3492 63.8278 69.5025 1.4502 5.3551 20.1379 47.0891 14.6788 65.7727 3.982 0.0 0.0 0.0 0.245 6.2761 212.7592 178.8997 0.2732 0.0 1.3232 11.0258 0.152 39.3183 23.4842 25.4598 27.0214 136.4489 1.337;
	0.2727 3.6848 0.0 19.1392 3.3957 2.0706 4.5416 5.7602 2.8066 4.905 9.0668 13.5258 20.363 0.169 65.9156 24.8333 30.8117 32.6512 18.8672 46.1908 1.5139 4.8313 12.0459 8.3936 0.0 60.5994 3.5012 0.0 0.0 0.0 0.0 0.0 62.8907 118.8952 0.5298 0.0 0.0 3.1346 0.0 0.0 2.5924 22.9696 0.0 29.7368 0.0;
	0.4981 6.7305 17.2191 19.5816 3.317 0.0 5.3382 5.2311 3.5947 1.779 3.2884 4.9056 7.3854 5.3941 15.3622 5.7876 7.1809 7.6096 8.534 16.6096 1.7794 0.0 5.6826 20.2555 13.5341 57.5401 4.1937 0.0 0.0 0.0 5.9717 0.7638 28.4466 42.7532 16.9113 0.0 0.0047 5.3236 0.6062 36.252 0.0 0.0 0.0 58.7896 0.0048;
	0.496 6.7015 24.8157 24.9224 7.0039 0.0 2.0007 4.1045 1.5227 0.4869 0.9 1.3426 2.0214 3.3255 7.8643 2.9628 3.6761 3.8956 26.4944 11.8963 0.6669 0.0 9.3882 9.8527 13.2501 51.6257 3.0515 0.0 22.6291 22.6291 3.6173 0.0 88.3147 30.621 10.4258 9.6551 0.0143 4.244 15.3657 35.4913 0.0302 0.0 36.7348 75.7996 0.0144;
	0.7811 10.5546 38.0473 4.5434 10.272 0.0181 3.4744 3.6071 9.6303 4.2924 7.9344 11.8366 17.82 0.0486 30.4047 11.4548 14.2124 15.0609 41.7574 13.3117 1.1581 0.0422 31.8533 32.2275 31.6683 53.1593 1.3698 7.7388 61.7139 61.7139 22.6498 0.7618 139.1912 34.2644 0.1523 26.3313 45.5478 9.1286 131.2127 84.8258 0.3212 0.2004 0.0 74.2244 46.0223;
	1.4027 18.9531 59.1998 0.04 12.3913 0.0 6.0306 0.0173 8.6226 5.64 10.4254 15.5526 23.4144 0.0234 12.5348 4.7224 5.8593 6.2091 20.6841 11.0799 2.0102 0.0 54.4639 46.5062 0.0 52.1432 0.0982 55.4956 100.7208 100.7208 22.4066 1.8599 68.9471 28.5196 0.0733 42.9742 112.596 10.7281 270.1472 0.0 0.0075 0.0 0.0 22.2568 113.7688;
	2.0501 27.7011 78.4937 0.0 13.9435 0.0106 10.5311 0.0213 6.8894 24.8093 45.8596 68.4135 102.9962 4.4885 12.1742 4.5866 5.6907 6.0305 14.7749 10.0035 3.5104 0.0248 33.7231 59.8653 49.2715 56.2435 0.0367 223.3575 174.4197 174.4197 105.5286 4.1041 49.2496 25.7489 14.0721 74.4191 191.5702 23.4104 445.1703 131.9772 0.0 0.1177 95.3058 85.2021 193.5657;
	1.7976 24.2891 0.9779 0.1522 13.8312 19.7512 16.3269 0.0309 24.4927 15.503 28.6571 42.7507 64.361 8.3441 26.2649 9.8951 12.2773 13.0103 8.2663 8.1376 5.4423 46.0861 47.633 0.0 0.0 36.0484 0.3449 158.1912 211.8915 211.8915 66.6843 4.2374 27.5545 20.9462 26.16 90.4071 199.1106 24.7094 448.2533 0.0 0.0 219.1065 77.3793 108.7893 201.1846;
	2.1659 29.2665 2.4005 0.0 8.8653 4.4216 10.936 0.0132 6.3926 7.6143 14.0749 20.9969 31.6107 0.9227 3.7257 1.4037 1.7416 1.8455 21.8309 0.269 3.6453 10.3172 27.861 0.0 0.0 5.4809 0.2725 265.3689 259.0052 259.0052 103.2283 6.1124 72.7697 0.6924 2.8928 110.5089 270.6674 30.4068 396.4731 0.0 0.0 49.0507 80.028 82.9623 273.4869;
	3.0427 41.1133 84.1659 0.0 14.1937 11.5905 24.8375 0.0536 26.492 8.0664 14.9106 22.2437 33.4877 9.2328 18.9678 7.146 8.8664 9.3957 35.8187 1.6045 8.2792 27.0446 45.1442 0.0 0.0 1.7027 0.29 414.247 292.5424 292.5424 198.5951 12.0827 119.3957 4.13 28.9462 124.8181 332.6748 48.7965 449.8239 0.0 0.0 128.5778 9.5487 165.4834 336.1402;
	3.4386 46.4634 16.8324 1.4802 14.7211 6.604 11.4828 0.0076 16.3795 5.7462 10.6217 15.8455 23.8553 13.5077 18.1951 6.8549 8.5052 9.0129 24.1452 18.8192 3.8276 15.4093 6.9221 0.0806 0.0555 0.0998 0.2758 372.8206 371.7728 371.7728 198.6915 24.3427 80.4839 48.4408 42.3483 158.6231 456.9764 77.093 396.2275 0.1486 0.0 73.2603 136.9108 208.8197 461.7366;
	2.6183 35.3796 29.7302 3.4789 14.7364 20.5951 23.0755 0.0 26.1655 9.074 16.7731 25.0221 37.6707 6.2151 5.1674 1.9468 2.4155 2.5597 16.467 16.7169 7.6918 48.0553 17.1837 0.5383 2.9355 2.0451 0.0613 566.0278 461.5059 461.5059 327.5654 32.0786 54.8899 43.0293 19.4851 196.9092 560.8169 97.704 444.9559 7.863 0.7726 228.4684 120.0902 214.5033 566.6588;
	2.9394 39.7174 88.7943 23.5625 14.6563 25.5171 29.0951 0.2293 16.9906 8.6785 16.0421 23.9316 36.0289 7.7659 10.8794 4.0988 5.0855 5.3891 5.1391 39.8426 9.6984 59.5399 28.5858 0.8691 2.0491 62.1435 0.2611 718.2502 434.2197 434.2197 351.8118 42.7023 17.1303 102.5549 24.347 185.2671 608.7128 74.4603 454.1453 5.4886 0.8259 283.0697 117.7342 207.7484 615.0535;
	2.8879 39.0219 13.6797 0.2775 14.4472 0.6562 22.7716 0.0 27.6229 21.3944 39.5472 58.9967 88.8192 5.2866 49.5016 18.6495 23.1391 24.5206 6.4368 22.8204 7.5905 1.5312 54.7561 0.0712 0.0 50.1326 0.0 725.3062 442.095 442.095 341.3566 42.0996 21.4559 58.7399 16.5741 188.6272 567.8915 77.6216 446.3494 0.0 0.0001 7.2798 111.5252 171.6794 573.807;
	3.2202 43.5114 89.5913 11.3195 14.7871 13.9035 30.9876 0.0 28.3271 23.0535 42.6141 63.5718 95.707 9.4746 27.3782 10.3146 12.7977 13.5618 0.7975 34.0067 10.3292 32.4416 68.4925 78.5794 0.0 57.5479 0.0 656.8266 412.2397 412.2397 268.2641 56.9712 2.6584 87.5334 29.704 175.8889 595.2166 79.4181 457.0 0.0 0.0053 154.2365 115.7245 180.4855 601.4168;
