function windprofile = ex_wind_profilesh1
%EX_WIND_PROFILE_D  Example wind_load_nyiso profile data for deterministic unit commitment.
% 2022.03.12
% Andres F. Ramirez


%% define constants
[GEN_BUS, PG, QG, QMAX, QMIN, VG, MBASE, GEN_STATUS, PMAX, PMIN, ...
    MU_PMAX, MU_PMIN, MU_QMAX, MU_QMIN, PC1, PC2, QC1MIN, QC1MAX, ...
    QC2MIN, QC2MAX, RAMP_AGC, RAMP_10, RAMP_30, RAMP_Q, APF] = idx_gen;
[CT_LABEL, CT_PROB, CT_TABLE, CT_TBUS, CT_TGEN, CT_TBRCH, CT_TAREABUS, ...
    CT_TAREAGEN, CT_TAREABRCH, CT_ROW, CT_COL, CT_CHGTYPE, CT_REP, ...
    CT_REL, CT_ADD, CT_NEWVAL, CT_TLOAD, CT_TAREALOAD, CT_LOAD_ALL_PQ, ...
    CT_LOAD_FIX_PQ, CT_LOAD_DIS_PQ, CT_LOAD_ALL_P, CT_LOAD_FIX_P, ...
    CT_LOAD_DIS_P, CT_TGENCOST, CT_TAREAGENCOST, CT_MODCOST_F, ...
    CT_MODCOST_X] = idx_ct;

windprofile = struct( ...
    'type', 'mpcData', ...
    'table', CT_TGEN, ...
    'rows', [1:45], ...
    'col', PMAX, ...
    'chgtype', 1, ...
    'values', [] );
windprofile.values(:,1,:) = [
	0.6815 9.2085 55.6707 59.8468 7.1389 0.9618 1.5653 9.2016 0.4095 19.4401 35.9347 53.6074 80.7057 9.7077 142.392 53.6453 66.56 70.5337 79.6469 66.9433 0.5218 2.2442 68.3891 65.1193 47.8414 49.8843 4.7263 191.9493 347.7335 347.7335 229.0041 43.5831 265.4897 172.3123 30.4351 148.3663 394.9518 80.1898 58.5679 128.1467 63.4779 10.6696 0.0292 75.8262 399.0659;
	0.4664 6.3022 50.9754 55.2722 6.5914 0.0037 0.1903 12.4348 0.0 10.6608 19.7063 29.398 44.2585 1.639 120.9104 45.5523 56.5186 59.8928 77.0683 67.7975 0.0634 0.0087 36.6831 66.3939 52.0984 52.8463 6.8997 61.717 228.5873 228.5873 149.7454 28.5553 256.8943 174.511 5.1384 97.5306 278.5099 80.2505 8.2533 139.5494 83.6082 0.0412 1.668 95.3425 281.411;
	0.3721 5.0281 58.9794 63.4545 6.2078 6.2583 1.757 12.7514 0.0 10.3138 19.0649 28.4412 42.818 5.7509 85.8381 32.339 40.1243 42.5198 64.9948 65.5175 0.5857 14.6027 31.2067 78.1897 59.7121 56.7391 7.2135 7.7486 113.9347 113.9347 43.2836 17.5777 216.6495 168.6423 18.03 48.6121 154.9438 2.5472 66.888 159.943 77.2411 69.4253 20.5631 114.5023 156.5578;
	0.449 6.0667 68.1905 75.6535 8.2684 4.9417 2.2816 14.0347 2.1753 15.3739 28.4185 42.3948 63.8251 4.5783 80.5437 30.3444 37.6495 39.8972 44.5558 61.4306 0.7605 11.5307 51.8047 80.7517 64.3432 64.4231 7.6368 0.345 36.0393 36.0393 36.1646 21.9432 148.5195 158.1224 14.3535 15.3768 3.3025 2.9896 62.7733 172.3478 74.0183 54.8204 34.4985 146.9545 3.3369;
	0.482 6.5125 80.4902 77.7047 9.2245 1.3666 0.1767 14.1834 0.2089 16.4249 30.3612 45.2929 68.1882 2.3727 119.1666 44.8953 55.7034 59.029 58.0744 66.3627 0.0589 3.1887 53.0844 83.3875 79.4276 69.2293 8.8837 15.9885 20.8647 20.8647 77.5911 13.6988 193.5813 170.8178 7.4386 8.9023 6.0942 12.2035 0.0 212.7526 71.5359 15.1601 4.5282 161.5837 6.1576;
	0.443 5.9853 79.7752 66.2433 9.4329 3.6773 0.2439 12.5432 0.3214 8.3241 15.387 22.9544 34.5578 0.6229 143.9719 54.2406 67.2985 71.3163 83.3966 66.9565 0.0813 8.5803 35.9429 80.8399 61.1356 66.372 7.9491 14.6598 77.4443 77.4443 118.7267 12.3899 277.9887 172.3461 1.9527 33.0429 13.0437 5.4429 0.0 163.7561 57.2679 40.793 23.2796 144.1144 13.1796;
	0.5211 7.0412 59.69 42.9022 9.2754 3.3654 3.6513 8.3365 1.9182 5.9884 11.0694 16.5134 24.8608 7.049 110.1655 41.5042 51.496 54.5704 66.1814 66.4775 1.2171 7.8527 24.014 55.6001 37.6062 63.4355 4.2573 22.4885 58.11 58.11 88.7765 22.2212 220.6047 171.1134 22.0995 24.7936 16.3152 2.0039 0.0 100.7309 29.2125 37.334 35.6784 146.2281 16.4851;
	0.5323 7.1919 38.9544 31.2113 4.0085 6.1214 4.6419 7.1489 3.4963 4.9534 9.1563 13.6594 20.5642 6.7932 58.2629 21.9502 27.2345 28.8604 20.341 42.0029 1.5473 14.2833 13.9055 36.1354 34.319 63.0642 3.9744 7.0867 16.736 16.736 18.1794 11.1898 67.8033 108.1155 21.2977 7.1407 8.2737 0.0371 16.4053 91.926 12.3483 67.9069 46.9976 114.5206 8.3599;
	0.611 8.2558 27.6918 26.5003 3.5141 8.3526 0.9216 5.4228 2.4079 0.0705 0.1303 0.1943 0.2926 6.3166 9.622 3.625 4.4977 4.7663 14.0112 15.0373 0.3072 19.4893 5.0358 32.8232 28.5756 52.6259 3.9621 0.0 3.7951 3.7951 7.6987 7.9001 46.7039 38.7062 19.8033 1.6192 0.0 0.1587 8.8467 76.5418 9.9595 92.6579 30.142 79.4669 0.0;
	0.5322 7.1915 30.3718 25.4438 7.1158 1.5566 1.5778 4.4361 3.5249 1.2313 2.2761 3.3955 5.1119 3.5838 6.8732 2.5894 3.2128 3.4046 19.7632 11.502 0.5259 3.6321 9.7356 35.3246 29.0336 47.2043 3.1314 13.0908 22.078 22.078 11.3266 0.5339 65.8774 29.6062 11.2358 9.4199 0.0 4.9468 6.765 77.7685 36.1119 17.2682 48.5499 94.8585 0.0;
	0.7982 10.785 41.0318 9.1565 10.658 1.4854 7.2349 3.6387 13.3902 0.2218 0.4099 0.6115 0.9206 18.8626 0.3565 0.1343 0.1667 0.1766 9.5017 8.855 2.4116 3.4658 26.7058 39.3065 42.7563 46.3026 1.4006 32.9335 58.8888 58.8888 17.1586 0.0 31.6723 22.7929 59.1368 25.1259 43.2268 11.718 49.0314 114.5259 6.338 16.4776 3.3359 101.3273 43.6771;
	1.425 19.2553 57.1554 0.7809 13.3759 0.5726 5.0325 0.0021 1.3412 0.1996 0.3689 0.5503 0.8285 15.3316 1.7663 0.6654 0.8257 0.8749 19.755 8.9175 1.6775 1.3361 28.3858 52.1987 0.9658 41.848 0.1033 138.1326 102.8391 102.8391 45.577 1.4258 65.85 22.9535 48.0668 43.878 117.9577 4.5812 39.1396 2.587 8.5477 6.352 0.1431 126.7953 119.1865;
	2.2344 30.1913 77.4846 5.804 14.4947 8.9381 14.1811 0.3492 4.4202 21.8688 40.4241 60.3048 90.7886 10.9486 1.0069 0.3793 0.4707 0.4988 2.8509 7.6368 4.727 20.8555 8.2416 64.1161 64.8158 43.7623 0.2252 238.6165 177.4499 177.4499 163.9985 3.4617 9.503 19.6572 34.3254 75.712 194.3427 15.2998 27.9512 173.6138 2.0844 99.1528 109.6496 161.6791 196.3671;
	1.7784 24.0306 0.0008 14.0591 14.3529 19.7058 5.2357 1.76 3.0688 0.0164 0.0303 0.0451 0.068 17.6178 0.0542 0.0204 0.0253 0.0269 3.1831 5.1208 1.7452 45.9801 42.6251 1.3961 0.5983 31.748 0.7274 198.0583 217.4728 217.4728 44.4891 3.9673 10.6102 13.1809 55.2343 92.7884 201.5477 11.0071 35.0592 1.6026 2.564 218.6025 84.7602 133.43 203.6471;
	2.0233 27.3389 1.3487 12.6643 9.5475 4.1594 4.7447 1.3105 9.4568 0.0028 0.0051 0.0077 0.0116 33.7072 0.0 0.0 0.0 0.0 6.0739 0.0 1.5816 9.7053 24.9071 11.6046 1.6875 1.7632 0.7869 278.1716 257.5908 257.5908 101.1551 6.5278 20.2464 0.0 105.6768 109.9054 245.8327 12.5334 70.9204 4.5202 2.5819 46.1416 83.6411 105.568 248.3935;
	3.0389 41.0625 80.9904 11.0307 14.1478 4.0353 2.7309 0.0747 6.9904 0.0016 0.0029 0.0043 0.0064 24.1114 0.0 0.0 0.0 0.0 0.0002 0.0 0.9103 9.4157 25.1023 2.29 0.1693 9.6962 0.0013 382.6576 290.8163 290.8163 191.4175 13.2832 0.0006 0.0 75.5926 124.0816 318.3343 41.1887 33.6655 0.4535 0.0175 44.765 4.4957 179.3299 321.6503;
	3.1913 43.1208 0.2772 3.802 14.4926 0.1009 0.0403 0.2224 5.6619 0.0 0.0 0.0 0.0 19.2124 0.0 0.0 0.0 0.0 0.0 0.0 0.0134 0.2354 0.0288 7.6003 0.0001 1.9847 0.0044 330.2087 372.1163 372.1163 189.22 24.8021 0.0 0.0 60.2335 158.7696 425.1398 70.612 8.0118 0.0004 0.0156 1.1192 135.4073 214.697 429.5684;
	2.6172 35.3637 0.0 11.4068 14.4951 18.889 0.0109 2.4708 7.5902 0.0893 0.165 0.2461 0.3705 9.4702 0.0 0.0 0.0 0.0 0.0 0.0 0.0036 44.0743 13.4779 3.1543 1.1123 3.0534 1.3765 438.8657 473.5277 473.5277 341.3394 36.8247 0.0 0.0 29.6903 202.0385 503.5955 90.4012 32.5535 2.9793 3.1208 209.5416 109.8433 213.6948 508.8413;
	3.0057 40.6131 81.3331 5.1266 15.0114 25.9773 0.1699 2.3037 4.6127 7.9429 14.6824 21.9032 32.9752 8.1241 1.2808 0.4825 0.5987 0.6345 0.7551 31.333 0.0566 60.6137 28.9075 13.9499 0.5867 64.7572 1.2268 696.5032 474.4392 474.4392 391.8124 49.2463 2.5171 80.6511 25.4701 202.4274 583.8603 75.0996 24.2615 1.5715 0.0 288.1746 110.9892 209.0423 589.9422;
	3.1358 42.3709 6.269 13.6549 15.2135 5.7197 18.2464 12.3302 27.5559 21.2563 39.292 58.616 88.246 12.8922 18.3311 6.9061 8.5687 9.0803 1.9177 20.5029 6.0821 13.346 59.5577 50.8343 23.9082 60.5838 9.9007 697.4592 471.7757 471.7757 371.9896 47.6637 6.3923 52.7746 40.4188 201.291 553.2917 78.7744 50.3869 64.0399 0.0011 63.4508 109.4765 196.7821 559.0552;
