function loadprofile = ex_load_profilesh1
%EX_LOAD_PROFILE  Example load profile data file for stochastic unit commitment.
% 2022.03.12
% Andres F. Ramirez

%% define constants
[CT_LABEL, CT_PROB, CT_TABLE, CT_TBUS, CT_TGEN, CT_TBRCH, CT_TAREABUS, ...
    CT_TAREAGEN, CT_TAREABRCH, CT_ROW, CT_COL, CT_CHGTYPE, CT_REP, ...
    CT_REL, CT_ADD, CT_NEWVAL, CT_TLOAD, CT_TAREALOAD, CT_LOAD_ALL_PQ, ...
    CT_LOAD_FIX_PQ, CT_LOAD_DIS_PQ, CT_LOAD_ALL_P, CT_LOAD_FIX_P, ...
    CT_LOAD_DIS_P, CT_TGENCOST, CT_TAREAGENCOST, CT_MODCOST_F, ...
    CT_MODCOST_X] = idx_ct;

loadprofile = struct( ...
    'type', 'mpcData', ...
    'table', CT_TAREALOAD, ...
    'rows', [1:11], ...
    'col', CT_LOAD_ALL_P, ...
    'chgtype', 1, ...
    'values', [] );
loadprofile.values(:,1,:) = [
	1571.7594 998.7576 1721.5534 580.1864 818.3368 1174.701 905.1594 256.4957 521.2682 4493.2989 1779.5191;
	1576.9037 1001.745 1700.1065 580.306 813.0989 1171.9 913.2 262.8542 528.8235 4488.0 1767.8198;
	1608.7256 1022.9 1718.6922 588.6627 817.3212 1191.471 919.1 267.3166 539.8238 4498.295 1802.6839;
	1690.3 1105.3462 1834.0028 610.6 886.1043 1289.2218 979.8753 296.0442 574.9868 4819.0438 1943.0295;
	1860.3477 1233.5048 1998.7661 618.5248 994.6116 1444.3 1072.5521 330.708 656.9408 5394.7991 2189.9002;
	1996.5954 1332.1 2159.2 643.0043 1086.8528 1544.3 1159.6807 358.0572 724.4 6007.1892 2390.6291;
	1986.1906 1313.1782 2129.9156 650.6338 1078.3345 1520.1824 1163.4 368.0 746.4777 6354.754 2380.657;
	2004.0 1322.7645 2169.4431 653.1173 1093.9119 1487.3235 1165.3692 367.8 762.8203 6682.1245 2427.1619;
	1979.1426 1333.8132 2160.53 629.643 1063.5298 1477.977 1228.2771 377.1775 783.5116 6783.6711 2560.7003;
	1980.2289 1347.5339 2133.4363 640.9339 1044.3666 1447.0235 1223.3609 394.9226 758.9716 6614.1171 2422.5456;
	1952.4455 1302.706 2092.6508 625.5556 1028.8982 1456.3 1261.9651 413.1622 739.3693 6604.1937 2414.4833;
	1928.3404 1318.4975 2055.9689 633.9038 1012.7535 1424.1337 1237.4941 394.3 746.1491 6634.3 2459.109;
	1859.6017 1242.5215 2005.1583 614.8289 980.9418 1406.3102 1153.5376 383.9621 732.988 6494.2148 2294.4758;
	1811.049 1207.3126 1944.1687 625.9865 929.5894 1350.5106 1119.2376 359.9289 693.3903 6422.2473 2157.0151;
	1819.4732 1197.8801 1960.0849 606.5834 938.8282 1380.3201 1081.914 343.1921 691.1 6350.8557 2182.5784;
	1788.2241 1243.3489 1997.5971 602.7163 965.3041 1388.8465 1100.2381 367.4 698.5219 6362.3562 2282.6734;
	1814.7361 1306.4282 2068.3958 619.7264 1049.6 1523.8021 1215.6928 396.1863 746.0032 6560.2532 2555.982;
	1888.9958 1321.3537 2046.2361 632.7463 1062.5156 1548.0 1221.5762 391.5 773.0899 6340.0223 2533.05;
	1949.2958 1348.4881 2068.8344 630.3988 1054.427 1519.0058 1219.061 398.7381 765.9396 6266.2797 2574.9078;
	1851.9739 1216.473 1947.9005 608.8863 959.1026 1429.7473 1139.8754 379.9942 703.9 6022.8597 2431.9338;
	1742.4455 1125.7 1829.0657 598.3086 894.2965 1311.7 1030.7802 333.3067 636.2936 5550.7463 2193.8209;
	1631.1191 1056.5183 1698.6088 586.0401 878.3915 1199.9321 935.842 287.4194 573.1569 5154.0407 1937.6588;
	1506.0441 1006.123 1683.0209 573.4574 841.7349 1197.2877 895.5658 273.3 560.5099 4876.2853 1861.0729;
	1507.4121 983.1597 1663.4 569.7999 831.5 1178.4646 880.253 273.205 539.7002 4682.3942 1819.9025;
];
