function windprofile = ex_wind_profilesh1
%EX_WIND_PROFILE_D  Example wind_load_nyiso profile data for deterministic unit commitment.
% 2022.03.12
% Andres F. Ramirez


%% define constants
[GEN_BUS, PG, QG, QMAX, QMIN, VG, MBASE, GEN_STATUS, PMAX, PMIN, ...
    MU_PMAX, MU_PMIN, MU_QMAX, MU_QMIN, PC1, PC2, QC1MIN, QC1MAX, ...
    QC2MIN, QC2MAX, RAMP_AGC, RAMP_10, RAMP_30, RAMP_Q, APF] = idx_gen;
[CT_LABEL, CT_PROB, CT_TABLE, CT_TBUS, CT_TGEN, CT_TBRCH, CT_TAREABUS, ...
    CT_TAREAGEN, CT_TAREABRCH, CT_ROW, CT_COL, CT_CHGTYPE, CT_REP, ...
    CT_REL, CT_ADD, CT_NEWVAL, CT_TLOAD, CT_TAREALOAD, CT_LOAD_ALL_PQ, ...
    CT_LOAD_FIX_PQ, CT_LOAD_DIS_PQ, CT_LOAD_ALL_P, CT_LOAD_FIX_P, ...
    CT_LOAD_DIS_P, CT_TGENCOST, CT_TAREAGENCOST, CT_MODCOST_F, ...
    CT_MODCOST_X] = idx_ct;

windprofile = struct( ...
    'type', 'mpcData', ...
    'table', CT_TGEN, ...
    'rows', [1:45], ...
    'col', PMAX, ...
    'chgtype', 1, ...
    'values', [] );
windprofile.values(:,1,:) = [
	0.8476 11.4528 58.3531 68.6341 8.0159 3.659 0.3102 9.9302 0.4145 21.5503 39.8354 59.4265 89.4663 1.651 121.4545 45.7573 56.7729 60.1624 73.8683 71.4798 0.1034 8.5377 71.2861 79.4856 54.0306 52.3537 4.6367 181.1591 307.4065 307.4065 216.0554 41.0804 246.2278 183.9893 5.1761 131.1601 363.2761 79.044 12.7346 144.7249 65.0505 40.5907 28.4649 77.8272 367.0602;
	0.5048 6.8213 53.6829 64.527 6.4304 0.0237 0.0 11.9611 0.0 11.3707 21.0185 31.3555 47.2055 2.9779 102.6863 38.6865 47.9999 50.8655 68.8048 69.7354 0.0 0.0553 35.2983 75.3032 52.2662 54.2455 6.3232 64.5559 220.6056 220.6056 148.3413 25.248 229.3494 179.4991 9.336 94.1251 290.5953 81.1189 0.0 139.9988 72.9839 0.2629 0.0022 94.1725 293.6224;
	0.3835 5.1817 62.7655 67.6472 5.824 2.1774 9.425 12.5516 5.9656 10.3473 19.1269 28.5335 42.9571 9.5887 65.6196 24.7218 30.6733 32.5046 56.7841 65.768 3.1417 5.0806 31.2578 82.6997 56.0942 59.0357 6.6465 6.5811 15.1622 15.1622 20.0371 12.6356 189.2804 169.2869 30.0618 6.4692 177.0583 0.2383 129.6499 150.2523 65.6316 24.1546 5.4504 102.7306 178.9027;
	0.4124 5.572 66.0531 69.9846 7.2853 0.4141 6.2071 13.6872 6.5503 14.8784 27.5025 41.0283 61.7678 2.1337 87.244 32.8687 40.7815 43.2162 36.8345 68.3239 2.069 0.9661 51.4315 82.3073 58.2396 67.3547 7.4918 10.905 16.0418 16.0418 40.4974 13.3633 122.7817 175.8658 6.6895 6.8445 18.2574 0.273 90.61 155.9989 62.1982 4.5933 0.0525 136.0111 18.4476;
	0.5697 7.6983 82.1202 73.5769 9.6506 1.3659 4.0331 15.1533 9.4114 16.5588 30.6086 45.6621 68.744 1.0528 110.8173 41.7498 51.8006 54.8932 56.0509 67.4581 1.3444 3.187 51.8986 86.4183 80.724 72.4483 8.8395 132.308 9.8421 9.8421 58.0869 5.9173 186.8362 173.6373 3.3006 4.1993 39.8829 1.1132 59.4908 216.225 61.3277 15.1518 1.1754 147.3554 40.2983;
	0.5369 7.2549 82.5108 59.6839 10.4148 4.3684 3.2198 12.6508 20.1644 9.7324 17.9901 26.8377 40.4041 4.5678 139.3251 52.4899 65.1264 69.0145 79.3036 68.7827 1.0733 10.1929 41.2064 83.7772 58.6662 69.8532 7.9823 134.6401 91.4685 91.4685 130.9147 8.9189 264.3453 177.0467 14.3206 39.0266 98.6032 11.701 202.7056 157.1417 50.3779 48.4598 23.8999 139.4963 99.6303;
	0.5371 7.2575 58.9065 37.4103 9.3723 3.0326 3.8828 7.8459 4.5213 7.6665 14.1715 21.141 31.8277 5.6301 120.295 45.3204 56.2309 59.588 63.0247 69.4654 1.2943 7.0762 29.167 59.7804 33.392 62.5743 4.159 388.8914 243.1134 243.1134 164.8165 1.531 210.0822 178.8042 17.6511 103.7284 141.3712 10.4535 55.7226 89.4428 24.7846 33.6421 32.0247 128.9321 142.8438;
	0.4615 6.2355 31.1868 21.3065 3.3813 1.4891 4.628 6.4834 4.5249 5.2793 9.7588 14.5582 21.9172 6.2156 58.6556 22.0981 27.4181 29.055 18.9098 48.7951 1.5427 3.4747 14.5552 35.0305 27.7749 56.6616 3.9615 151.7065 80.9337 80.9337 25.8412 0.8203 63.0326 125.5986 19.4868 34.5317 68.7846 4.2786 45.0561 74.3971 8.1856 16.5196 0.0 92.5844 69.5011;
	0.5344 7.2209 23.1673 22.8901 2.8334 0.0356 3.963 5.0811 13.4996 18.0643 33.3916 49.8137 74.9942 9.5097 16.4801 6.2088 7.7035 8.1634 1.569 19.4698 1.321 0.0831 8.6336 31.6981 23.4229 45.6819 3.174 241.3305 148.6124 148.6124 18.7656 0.8071 5.23 50.1153 29.8141 63.408 126.5845 0.0336 82.0708 62.74 1.2623 0.3952 0.3247 59.4897 127.9031;
	0.512 6.9186 29.0767 25.9166 6.0409 0.1058 4.9172 4.3228 7.0824 10.8904 20.1308 30.0312 45.2118 2.1494 0.6687 0.2519 0.3126 0.3313 0.2073 11.0761 1.6391 0.247 14.1335 38.4897 29.2826 43.798 2.7814 50.1055 107.6979 107.6979 33.6948 0.5253 0.6908 28.5099 6.7387 45.9511 37.5922 0.0618 102.6436 78.4357 0.4956 1.1741 44.0437 83.85 37.9838;
	0.7331 9.9053 36.0873 0.474 9.1987 0.037 0.6281 3.2287 1.7689 9.7745 18.068 26.954 40.579 0.4694 0.0 0.0 0.0 0.0 0.0372 9.092 0.2094 0.0863 33.7384 37.9898 35.8694 46.5235 1.2231 51.4893 74.3158 74.3158 0.6783 0.0692 0.124 23.4029 1.4717 31.7081 63.487 0.0 8.2608 96.0787 4.4022 0.4105 0.0 83.6254 64.1483;
	1.5178 20.5091 58.3595 4.192 12.7214 0.1711 2.213 1.1388 1.7086 8.9779 16.5956 24.7573 37.272 0.001 0.1013 0.0382 0.0474 0.0502 2.0784 10.0539 0.7377 0.3992 54.5169 54.2703 2.7361 49.1569 0.8775 103.7443 100.743 100.743 1.1265 0.0084 6.928 25.8788 0.0033 42.9837 114.9314 0.0011 36.9966 7.3287 15.6059 1.8979 0.0 120.3865 116.1286;
	1.9987 27.0062 78.8166 1.9321 13.9074 0.0 0.532 0.0328 0.0 25.3573 46.8726 69.9247 105.2713 0.0141 6.5031 2.45 3.0398 3.2213 1.636 9.3777 0.1773 0.0 37.541 66.5953 62.6687 54.0074 0.1565 176.3826 164.0236 164.0236 1.1288 2.0456 5.4534 24.1382 0.0441 69.9834 168.9422 0.0182 20.2482 167.8627 5.9535 0.0 95.461 167.5431 170.702;
	1.6012 21.6351 0.2928 0.1426 12.7736 16.3881 0.1974 0.0017 0.0 10.0235 18.5282 27.6405 41.6126 0.7093 0.0 0.0 0.0 0.0 11.153 8.1231 0.0658 38.2389 47.6813 0.4482 0.0129 28.7764 0.1121 71.07 200.8783 200.8783 0.4387 3.0718 37.1767 20.9088 2.2239 85.7081 174.4465 6.7759 10.2613 0.0345 7.1347 181.7987 70.481 125.1986 176.2637;
	2.1334 28.827 11.9494 14.2673 9.2489 0.0005 4.423 0.2027 1.4285 8.8984 16.4486 24.538 36.9419 3.4316 7.8165 2.9448 3.6538 3.8719 44.8201 5.2572 1.4743 0.0012 31.0282 6.5109 1.4281 0.31 1.427 202.4477 248.9416 248.9416 86.4485 0.9513 149.4002 13.5321 10.7585 106.2151 244.7151 11.4444 80.6889 3.8252 8.6475 0.0055 77.6672 113.7892 247.2642;
	3.0746 41.5447 84.5676 4.7555 14.0424 0.9585 1.724 0.8799 2.5724 2.4374 4.5056 6.7215 10.1191 1.3285 0.0 0.0 0.0 0.0 22.8712 0.3193 0.5747 2.2364 47.7897 7.4866 0.3744 5.1045 1.1457 348.6664 268.5675 268.5675 157.6025 3.6066 76.2375 0.822 4.165 114.5888 309.0972 28.0038 17.717 1.0029 0.9986 10.6326 6.8705 177.7986 312.3169;
	3.4442 46.5382 1.2222 0.9521 14.2224 0.5693 0.0297 0.1279 1.9002 6.7993 12.5684 18.7495 28.2273 0.4656 0.0911 0.0343 0.0426 0.0451 2.1622 0.1282 0.0099 1.3284 11.0551 0.8588 0.0053 0.0594 0.369 305.4248 350.6609 350.6609 168.952 14.3345 7.2074 0.3301 1.4597 149.6153 422.7102 47.3081 1.6308 0.0143 11.7574 6.3157 137.9782 210.886 427.1134;
	2.8396 38.3698 3.8871 7.1795 14.1075 19.5284 0.0 0.4032 0.2399 8.0087 14.8039 22.0845 33.2481 1.7702 1.8029 0.6792 0.8428 0.8931 10.4368 0.5686 0.0 45.5663 16.971 1.2984 0.0 0.0091 1.4112 349.8755 416.6422 416.6422 298.7929 24.5604 34.7893 1.4636 5.5498 177.7674 462.5371 64.6252 0.0 0.0 61.8666 216.6353 115.5266 204.014 467.3552;
	3.0683 41.4599 78.2269 0.0 14.2903 27.3666 0.0 0.8218 0.0 9.1951 16.9971 25.3563 38.1737 7.4824 21.3567 8.046 9.983 10.579 25.8327 42.3563 0.0 63.8555 30.9538 1.0386 0.0 54.5649 1.9733 581.6173 410.2749 410.2749 348.48 37.1562 86.109 109.0252 23.4584 175.0506 544.1474 58.5356 0.0 0.0 31.1549 303.5871 113.1702 192.5294 549.8156;
	3.004 40.5906 0.0 0.0 14.1635 3.0519 16.5822 0.0099 25.2579 23.2284 42.9373 64.0539 96.4329 7.1091 13.4057 5.0505 6.2664 6.6405 2.3754 20.821 5.5274 7.1211 60.2392 0.0 0.0 40.2005 0.8575 706.059 410.6568 410.6568 331.6144 41.2841 7.9179 53.5932 22.288 175.2136 544.3937 70.4971 0.0 0.0 32.5856 33.8556 107.27 161.1779 550.0645;
