function loadprofile = ex_load_profilesh1
%EX_LOAD_PROFILE  Example load profile data file for stochastic unit commitment.
% 2022.03.12
% Andres F. Ramirez

%% define constants
[CT_LABEL, CT_PROB, CT_TABLE, CT_TBUS, CT_TGEN, CT_TBRCH, CT_TAREABUS, ...
    CT_TAREAGEN, CT_TAREABRCH, CT_ROW, CT_COL, CT_CHGTYPE, CT_REP, ...
    CT_REL, CT_ADD, CT_NEWVAL, CT_TLOAD, CT_TAREALOAD, CT_LOAD_ALL_PQ, ...
    CT_LOAD_FIX_PQ, CT_LOAD_DIS_PQ, CT_LOAD_ALL_P, CT_LOAD_FIX_P, ...
    CT_LOAD_DIS_P, CT_TGENCOST, CT_TAREAGENCOST, CT_MODCOST_F, ...
    CT_MODCOST_X] = idx_ct;

loadprofile = struct( ...
    'type', 'mpcData', ...
    'table', CT_TAREALOAD, ...
    'rows', [1:11], ...
    'col', CT_LOAD_ALL_P, ...
    'chgtype', 1, ...
    'values', [] );
loadprofile.values(:,1,:) = [
	1592.7298 987.8 1700.6308 580.1893 840.0348 1339.6968 932.117 293.0571 540.4093 4715.7179 1825.2005;
	1608.7818 975.7 1699.8078 600.9246 841.7509 1300.2025 934.4877 290.9264 545.7208 4630.5025 1820.5671;
	1578.0 985.2221 1711.1978 602.603 858.0608 1302.4 943.054 299.3463 551.1382 4681.3644 1865.0949;
	1658.8049 1051.1839 1816.05 611.6553 911.6057 1344.8945 988.0 315.5546 589.0728 4859.4 1920.4695;
	1805.4264 1165.2426 1952.213 635.5453 1011.9587 1497.7698 1082.1162 363.3 654.0 5354.8356 2166.5953;
	1917.5768 1252.7688 2031.3566 644.1 1042.9 1585.9075 1119.0448 370.6 697.6314 5907.9632 2303.5993;
	1887.6586 1266.938 2044.4648 630.6939 1062.7632 1536.8 1131.2 366.8 692.3131 6221.2092 2252.5866;
	1845.6507 1240.4 1981.5442 619.0595 1043.7174 1540.6183 1153.4 366.2834 717.8578 6423.1 2253.7112;
	1854.2994 1219.0564 1986.3889 600.024 1054.1184 1510.1797 1161.3099 371.4522 727.976 6520.703 2243.2773;
	1872.8406 1205.898 1909.6881 598.614 1041.2 1507.674 1159.0121 356.9451 741.3309 6584.1822 2325.2044;
	1841.8423 1211.2325 1916.4177 591.2548 1012.6789 1499.558 1161.0223 352.1 745.9494 6675.1034 2361.2439;
	1854.9 1193.1035 1896.0925 592.9433 977.8302 1440.1453 1136.9345 344.8578 722.4917 6617.7141 2232.8853;
	1823.0091 1171.6565 1824.0004 589.199 931.9084 1443.3762 1054.6765 325.6 694.9145 6612.1041 2154.5618;
	1772.0769 1145.6016 1823.3581 591.3099 945.7087 1392.0085 1061.3397 334.4016 701.1756 6685.8122 2253.3902;
	1737.9327 1146.3432 1783.4264 600.4941 940.3875 1393.819 1038.0042 329.6 681.9 6591.0857 2295.7418;
	1691.4732 1151.8046 1841.9789 602.589 946.7873 1429.5813 1084.4 336.0 683.7971 6537.2086 2370.1959;
	1611.2872 1165.851 1870.7681 606.8032 922.7707 1437.765 1110.0084 359.0384 740.5646 6724.0981 2606.2605;
	1696.7111 1205.3 1960.0 611.9946 1020.9 1523.5 1166.1271 379.4575 783.4008 6666.2521 2635.0696;
	1793.5896 1219.3 2001.0254 611.7582 1001.2508 1511.7393 1167.1355 388.862 748.7121 6634.8785 2590.7643;
	1754.6349 1168.711 1888.7243 600.2615 947.4958 1424.633 1111.3505 362.4949 707.7 6166.7173 2424.5661;
	1673.0754 1099.0566 1770.1104 581.6804 892.5598 1342.3281 1023.3 324.9852 649.2405 5670.5358 2173.2139;
	1581.0553 1019.5184 1650.733 551.9672 828.7 1221.7 929.3721 283.6 586.5 5256.1791 2014.2083;
	1495.2235 921.3856 1593.0826 541.6957 816.707 1178.3 900.9359 277.439 558.8 4955.6891 1848.8627;
	1455.382 882.9686 1573.2 556.4 822.1 1158.7707 867.3 265.747 547.3162 4850.0483 1803.512;
];
