function loadprofile = ex_load_profilesh1
%EX_LOAD_PROFILE  Example load profile data file for stochastic unit commitment.
% 2022.03.12
% Andres F. Ramirez

%% define constants
[CT_LABEL, CT_PROB, CT_TABLE, CT_TBUS, CT_TGEN, CT_TBRCH, CT_TAREABUS, ...
    CT_TAREAGEN, CT_TAREABRCH, CT_ROW, CT_COL, CT_CHGTYPE, CT_REP, ...
    CT_REL, CT_ADD, CT_NEWVAL, CT_TLOAD, CT_TAREALOAD, CT_LOAD_ALL_PQ, ...
    CT_LOAD_FIX_PQ, CT_LOAD_DIS_PQ, CT_LOAD_ALL_P, CT_LOAD_FIX_P, ...
    CT_LOAD_DIS_P, CT_TGENCOST, CT_TAREAGENCOST, CT_MODCOST_F, ...
    CT_MODCOST_X] = idx_ct;

loadprofile = struct( ...
    'type', 'mpcData', ...
    'table', CT_TAREALOAD, ...
    'rows', [1:11], ...
    'col', CT_LOAD_ALL_P, ...
    'chgtype', 1, ...
    'values', [] );
loadprofile.values(:,1,:) = [
	1494.5262 911.9667 1712.774 601.0652 845.3 1176.9 900.7173 270.6465 520.0 4593.7347 1776.3273;
	1505.4 942.0946 1723.883 604.2 839.7728 1202.7448 903.1906 272.5932 526.5 4543.5261 1764.5571;
	1488.2593 943.8846 1766.2675 598.5 871.2033 1206.5596 917.2 276.2 537.8447 4583.5172 1787.7;
	1555.7594 1025.4801 1826.4157 611.1 906.4 1252.562 962.1989 296.9162 567.2778 4797.9815 1903.6778;
	1648.7775 1146.0753 2024.501 627.585 1016.5 1426.97 1095.2778 346.1437 649.4 5348.6286 2142.3224;
	1766.4764 1207.136 2122.4978 638.5 1074.9072 1496.7198 1141.6 367.6 721.2665 5899.4031 2257.7701;
	1768.5405 1181.4969 2110.752 627.2744 1046.1 1481.2305 1155.5772 372.8 704.5 6179.7999 2255.5914;
	1781.9375 1164.3013 2067.9689 622.3762 1020.8771 1474.8455 1154.2781 350.7 702.2655 6405.4286 2211.9615;
	1814.497 1197.9211 2038.7973 625.1 999.5402 1449.6648 1161.9409 349.1068 717.9259 6483.9872 2234.8649;
	1756.0871 1148.2286 1991.1437 610.6 983.1351 1462.4366 1163.5259 347.7998 700.8858 6460.0436 2204.8215;
	1750.6613 1154.5088 1983.8255 596.3737 943.0 1450.4955 1193.3254 371.2012 698.7185 6536.6816 2265.7531;
	1715.5386 1141.3164 1935.7222 592.5412 916.2717 1423.6857 1167.7031 357.3454 684.3 6436.5211 2143.0525;
	1636.9325 1112.5327 1881.7 568.3825 900.9638 1394.5311 1147.1554 343.5614 683.4 6391.602 2040.4029;
	1672.4572 1131.299 1877.8499 574.1621 933.2959 1345.0865 1168.7831 367.7711 679.7908 6290.7928 2122.7897;
	1649.0316 1121.5542 1896.4565 600.2897 956.9256 1325.1589 1167.1777 410.7625 683.6697 6368.1906 2226.9325;
	1688.8858 1148.754 1925.9 613.9585 958.3983 1428.0486 1295.7093 438.7479 700.6174 6410.3348 2334.6402;
	1698.9402 1160.0 1915.0498 602.2345 941.3293 1425.2511 1267.5844 427.3932 730.2349 6311.9385 2386.9993;
	1743.0067 1218.6192 2028.2917 607.091 992.1748 1482.8 1282.7199 439.932 757.0383 6397.5887 2554.0225;
	1738.6947 1208.4894 1976.5743 596.9 948.2732 1450.4845 1235.7612 419.8235 739.8621 6211.0267 2495.9336;
	1670.357 1128.8861 1900.8528 592.1 926.6844 1368.9059 1192.2417 407.3469 701.7143 5932.6022 2345.1466;
	1593.336 1066.4755 1793.957 578.592 877.2003 1281.6086 1092.5459 374.8271 645.6756 5728.1892 2200.7865;
	1571.2025 1014.4233 1706.9127 563.9776 855.2 1166.8 1018.7752 355.549 607.8477 5365.4861 1983.1585;
	1510.9999 959.4 1637.9698 567.2214 743.2657 1130.1451 934.4578 287.4689 558.8 5016.7261 1863.2957;
	1469.99 906.9657 1599.2359 584.3 782.8 1103.1 893.4187 281.7527 539.2 4689.2189 1774.114;
];
