function solarprofile = ex_solar_profilesh1
%EX_WIND_PROFILE_D  Example wind_load_nyiso profile data for deterministic unit commitment.
% 2022.03.12
% Andres F. Ramirez


%% define constants
[GEN_BUS, PG, QG, QMAX, QMIN, VG, MBASE, GEN_STATUS, PMAX, PMIN, ...
    MU_PMAX, MU_PMIN, MU_QMAX, MU_QMIN, PC1, PC2, QC1MIN, QC1MAX, ...
    QC2MIN, QC2MAX, RAMP_AGC, RAMP_10, RAMP_30, RAMP_Q, APF] = idx_gen;
[CT_LABEL, CT_PROB, CT_TABLE, CT_TBUS, CT_TGEN, CT_TBRCH, CT_TAREABUS, ...
    CT_TAREAGEN, CT_TAREABRCH, CT_ROW, CT_COL, CT_CHGTYPE, CT_REP, ...
    CT_REL, CT_ADD, CT_NEWVAL, CT_TLOAD, CT_TAREALOAD, CT_LOAD_ALL_PQ, ...
    CT_LOAD_FIX_PQ, CT_LOAD_DIS_PQ, CT_LOAD_ALL_P, CT_LOAD_FIX_P, ...
    CT_LOAD_DIS_P, CT_TGENCOST, CT_TAREAGENCOST, CT_MODCOST_F, ...
    CT_MODCOST_X] = idx_ct;

solarprofile = struct( ...
    'type', 'mpcData', ...
    'table', CT_TGEN, ...
    'rows', [1:12], ...
    'col', PMAX, ...
    'chgtype', 1, ...
    'values', [] );
solarprofile.values(:,1,:) = [
	0.0 0.0 0.0 0.0 0.0 0.0 0.0 0.0 0.0 0.0 0.0 0.0;
	0.0 0.0 0.0 0.0 0.0 0.0 0.0 0.0 0.0 0.0 0.0 0.0;
	0.0 0.0 0.0 0.0 0.0 0.0 0.0 0.0 0.0 0.0 0.0 0.0;
	0.0 0.0 0.0 0.0 0.0 0.0 0.0 0.0 0.0 0.0 0.0 0.0;
	0.0 0.0 0.0 0.0 0.0 0.0 0.0 0.0 0.0 0.0 0.0 0.0;
	0.4731 0.4018 0.4224 0.0 0.0 0.0 0.0 0.2 0.0 0.0 0.0 0.0;
	5.9427 3.7228 4.4081 4.1931 7.8764 275.7929 34.4741 44.556 164.5965 7.0115 0.4498 12.6979;
	17.2508 13.7668 12.0599 7.5927 9.8692 437.0755 54.6344 72.5852 256.7914 32.159 20.2511 58.2402;
	22.3765 16.6083 13.801 8.8012 10.0287 450.5393 56.3174 75.4995 263.2746 58.7601 52.531 106.4149;
	20.4168 16.1547 13.6408 4.8466 7.3068 317.103 39.6379 65.9851 117.3627 49.151 49.0762 89.0128;
	21.1542 16.371 13.7627 5.5679 6.9914 312.7377 39.0922 57.5438 130.9694 51.1263 60.1877 92.59;
	23.6283 16.3954 13.7966 5.8098 6.7356 282.991 35.3739 53.2375 134.9387 59.9654 73.0028 108.5978;
	11.767 11.4624 10.3812 4.8246 8.1901 46.8238 5.853 31.4303 28.6233 48.9 48.8278 88.5582;
	7.9887 8.8781 7.8689 4.3279 8.5521 29.9756 3.7469 41.1834 24.3804 44.8366 28.6899 81.1993;
	4.2214 4.3094 3.6479 3.3657 9.1096 21.9396 2.7424 45.9131 21.3369 35.1536 13.1589 63.6633;
	0.6738 0.2993 0.5117 2.0102 5.0988 15.7869 1.9734 17.4454 10.2864 14.8646 1.4197 26.9198;
	0.3677 0.3243 0.3448 1.1192 0.9958 13.0067 1.6258 1.2468 7.4851 23.4261 5.4491 42.4248;
	0.0 0.0 0.0 0.0 0.0 0.0 0.0 0.0 0.0 0.0 0.0 0.0;
	0.0 0.0 0.0 0.0 0.0 0.0 0.0 0.0 0.0 0.0 0.0 0.0;
	0.0 0.0 0.0 0.0 0.0 0.0 0.0 0.0 0.0 0.0 0.0 0.0;
	0.0 0.0 0.0 0.0 0.0 0.0 0.0 0.0 0.0 0.0 0.0 0.0;
	0.0 0.0 0.0 0.0 0.0 0.0 0.0 0.0 0.0 0.0 0.0 0.0;
	0.0 0.0 0.0 0.0 0.0 0.0 0.0 0.0 0.0 0.0 0.0 0.0;
	0.0 0.0 0.0 0.0 0.0 0.0 0.0 0.0 0.0 0.0 0.0 0.0;
];
