function windprofile = ex_wind_profilesh1
%EX_WIND_PROFILE_D  Example wind_load_nyiso profile data for deterministic unit commitment.
% 2022.03.12
% Andres F. Ramirez


%% define constants
[GEN_BUS, PG, QG, QMAX, QMIN, VG, MBASE, GEN_STATUS, PMAX, PMIN, ...
    MU_PMAX, MU_PMIN, MU_QMAX, MU_QMIN, PC1, PC2, QC1MIN, QC1MAX, ...
    QC2MIN, QC2MAX, RAMP_AGC, RAMP_10, RAMP_30, RAMP_Q, APF] = idx_gen;
[CT_LABEL, CT_PROB, CT_TABLE, CT_TBUS, CT_TGEN, CT_TBRCH, CT_TAREABUS, ...
    CT_TAREAGEN, CT_TAREABRCH, CT_ROW, CT_COL, CT_CHGTYPE, CT_REP, ...
    CT_REL, CT_ADD, CT_NEWVAL, CT_TLOAD, CT_TAREALOAD, CT_LOAD_ALL_PQ, ...
    CT_LOAD_FIX_PQ, CT_LOAD_DIS_PQ, CT_LOAD_ALL_P, CT_LOAD_FIX_P, ...
    CT_LOAD_DIS_P, CT_TGENCOST, CT_TAREAGENCOST, CT_MODCOST_F, ...
    CT_MODCOST_X] = idx_ct;

windprofile = struct( ...
    'type', 'mpcData', ...
    'table', CT_TGEN, ...
    'rows', [1:45], ...
    'col', PMAX, ...
    'chgtype', 1, ...
    'values', [] );
windprofile.values(:,1,:) = [
	0.9867 13.3325 59.9503 68.4407 8.1163 18.3363 8.9717 8.5735 27.0582 20.3569 37.6294 56.1357 84.512 2.3071 143.0074 53.8772 66.8476 70.8385 82.7111 61.6353 2.9906 42.7847 69.7016 75.0538 48.6192 51.6144 4.3376 214.9909 329.6964 329.6964 228.8575 43.327 275.7035 158.6495 7.2331 140.6704 419.828 92.556 444.9508 130.23 68.6299 203.4109 106.6546 66.4023 424.2013;
	0.6698 9.0507 52.1208 60.668 7.2822 21.7096 11.3184 10.1929 24.602 11.8036 21.8188 32.5494 49.0029 9.5828 120.8632 45.5345 56.4965 59.8694 74.0335 66.7655 3.7728 50.6558 31.3153 69.0154 47.7905 49.6864 5.5184 78.0337 223.9001 223.9001 151.8681 24.9382 246.7782 171.8545 30.0434 95.5307 304.352 89.7198 400.9281 128.0102 76.0678 240.8321 102.7044 80.0379 307.5223;
	0.4728 6.3881 62.3753 65.9346 6.6068 18.4501 18.6484 11.7524 22.8725 10.2476 18.9426 28.2586 42.5432 32.34 83.0486 31.2881 38.8204 41.138 61.1556 53.9772 6.2161 43.0503 24.9832 80.5804 54.8423 55.4298 6.1303 26.6282 113.3915 113.3915 12.4766 13.6819 203.852 138.9374 101.3902 48.3804 198.5728 5.4589 456.9822 146.899 77.0714 204.6734 71.2899 81.3071 200.6413;
	0.5609 7.5794 72.3327 76.6585 8.9819 19.1633 5.2874 13.419 20.164 16.2393 30.0181 44.7811 67.4177 5.5522 91.6175 34.5163 42.8258 45.3826 45.9427 52.8395 1.7625 44.7143 47.6439 83.7959 62.841 64.593 7.3071 25.9323 63.1494 63.1494 14.8372 10.973 153.1424 136.0091 17.4069 26.9437 56.0015 1.0979 359.2703 168.3241 69.3472 212.5845 78.7596 133.9315 56.5849;
	0.6448 8.7121 83.2954 77.764 9.9728 11.7104 4.5451 13.6353 22.2049 17.5476 32.4365 48.3888 72.8491 4.631 117.6547 44.3257 54.9967 58.2801 53.9394 55.6069 1.515 27.3242 50.9716 82.0726 77.0538 67.5676 8.0228 18.2084 1.5206 1.5206 1.571 2.0003 179.7982 143.1322 14.5187 0.6488 3.6432 0.0003 249.3575 206.3942 66.9965 129.9068 73.003 146.7595 3.6811;
	0.5036 6.8046 80.0982 59.9898 10.1621 4.139 1.6871 12.3877 18.6735 9.4509 17.4699 26.0616 39.2356 7.3164 143.1354 53.9254 66.9075 70.9019 79.7276 63.6418 0.5624 9.6576 35.9157 80.3532 54.967 64.7249 7.3116 25.856 5.8434 5.8434 4.2255 6.7864 265.7587 163.8141 22.938 2.4932 8.2097 0.0 186.9118 147.2331 51.9732 45.9152 27.1897 143.0019 8.2953;
	0.4769 6.4439 58.1009 40.4576 9.3504 2.9406 4.5438 7.6454 10.4473 8.4807 15.6764 23.3861 35.2076 7.8556 116.4069 43.8556 54.4134 57.662 62.5929 61.5706 1.5146 6.8613 25.0011 55.6531 34.6405 60.7403 3.7539 33.0129 102.3863 102.3863 9.2813 0.0771 208.6429 158.4828 24.6285 43.6848 56.4318 0.1006 400.7151 92.7871 25.7059 32.6207 34.581 135.6911 57.0197;
	0.581 7.8503 38.2109 30.531 3.9284 3.9694 4.9508 7.2512 20.8473 5.6895 10.517 15.6893 23.6201 33.5607 65.2875 24.5967 30.5181 32.3401 20.0538 41.9028 1.6503 9.262 12.8149 38.4456 35.7363 55.8027 4.251 24.4267 26.5443 26.5443 14.9214 3.4727 66.8461 107.858 105.2174 11.3256 31.1262 0.3429 453.9827 95.7224 12.1152 44.0344 40.943 111.8023 31.4504;
	0.7413 10.0162 31.1279 27.8181 4.1042 11.3039 7.2737 5.4938 21.209 22.7704 42.0907 62.791 94.5315 33.7412 21.0834 7.943 9.8553 10.4436 72.9741 18.2865 2.4246 26.3759 7.1015 38.4885 29.7857 48.3484 4.045 48.2998 90.496 90.496 77.7956 4.7495 243.247 47.0696 105.7831 38.6116 34.8868 15.5801 453.4513 79.7832 4.6695 125.3984 55.7784 79.8681 35.2502;
	0.6603 8.9223 35.1301 26.5809 7.3806 0.2927 6.5649 4.517 17.3736 14.1452 26.1471 39.0063 58.7238 18.6047 12.716 4.7907 5.944 6.2989 34.054 12.4061 2.1883 0.6831 10.3568 35.3947 30.716 45.2458 3.0431 45.6676 68.9991 68.9991 94.2453 1.2592 113.5132 31.9334 58.3282 29.4396 19.3196 4.784 449.8251 82.275 0.0 3.2475 50.3759 97.6072 19.5209;
	0.9547 12.9002 48.2445 16.8996 11.6863 2.5375 1.3365 3.2593 5.3176 3.4346 6.3487 9.4711 14.2587 47.5469 9.3116 3.5081 4.3526 4.6125 58.7784 9.9153 0.4455 5.9208 24.4225 42.4159 44.7227 48.8902 0.9967 174.2914 77.2309 77.2309 125.9412 2.9631 195.9281 25.5221 149.066 32.9519 75.1092 10.8531 294.5548 119.7929 0.1133 28.149 17.0779 108.8123 75.8916;
	1.749 23.633 66.0291 15.9158 13.8898 6.3602 5.7925 0.1959 16.8711 4.6012 8.5052 12.688 19.1018 17.6913 5.3893 2.0304 2.5192 2.6696 36.2654 9.4803 1.9308 14.8405 49.5544 55.1995 1.8376 47.5234 0.0043 200.0855 124.8736 124.8736 82.1118 3.7175 120.8846 24.4024 55.4645 53.2794 154.0928 4.6245 370.2159 4.9222 7.1695 70.5558 22.2172 142.314 155.6979;
	2.6704 36.0825 87.6845 33.719 14.5859 13.001 3.4732 1.6985 6.0358 24.2182 44.7671 66.7836 100.5424 24.2266 14.3564 5.4087 6.7108 7.1114 26.3961 7.6936 1.1577 30.3356 33.1926 71.0342 68.5184 55.2571 0.0224 276.6139 190.0364 190.0364 68.353 3.6469 87.987 19.8033 75.9538 81.0822 207.0034 7.0157 329.3295 183.5315 30.5689 144.2242 111.3583 192.784 209.1597;
	1.9998 27.0212 50.9555 24.1399 14.1779 20.2684 1.374 1.941 3.867 3.5301 6.5254 9.7346 14.6553 0.6854 12.6798 4.777 5.9271 6.2809 15.8701 5.5078 0.458 47.2929 44.6002 47.6214 19.4797 34.7791 0.0982 245.6554 224.2061 224.2061 14.4706 5.4147 52.9004 14.177 2.1488 95.6613 215.5398 7.9285 50.5075 52.1778 66.9474 224.8438 82.1004 146.7444 217.785;
	2.2044 29.7859 1.6395 1.7969 9.0122 0.0 0.0 0.2194 0.9332 3.5298 6.5249 9.7338 14.6542 0.0237 0.3621 0.1364 0.1693 0.1794 12.8672 0.1029 0.0 0.0 28.4756 20.0583 2.6554 1.6967 0.0 319.8576 267.9074 267.9074 93.733 7.1739 42.8908 0.2649 0.0744 114.3072 269.9166 13.6501 33.149 7.1126 6.3258 0.0 70.799 104.6628 272.7282;
	3.161 42.7125 85.392 14.7308 13.6261 0.0059 1.7816 0.2058 10.5261 4.5707 8.4489 12.604 18.9753 0.3579 1.1386 0.429 0.5322 0.564 2.5388 0.3435 0.5939 0.0137 46.5611 19.4367 16.2246 4.4252 0.0142 427.4093 311.5994 311.5994 170.8055 10.5797 8.4628 0.8841 1.1221 132.9491 347.3244 40.488 64.745 43.4588 17.2255 0.0653 0.7195 188.3948 350.9424;
	3.4825 47.0562 26.2939 28.1243 13.9774 0.6166 3.1116 2.2734 9.5741 6.8122 12.5923 18.7852 28.281 2.7884 0.0 0.0 0.0 0.0 1.595 0.0142 1.0372 1.4387 5.6628 49.4408 45.4753 14.8712 0.0213 393.6385 376.4756 376.4756 167.9402 25.7964 5.3167 0.0365 8.7421 160.6296 461.5187 71.6701 27.8141 121.809 35.5035 6.84 130.1232 226.3973 466.3262;
	2.8246 38.1663 26.1749 26.7522 14.1925 18.5062 3.5181 2.438 25.5821 10.8126 19.9869 29.8165 44.8885 5.8292 3.4355 1.2943 1.6059 1.7018 15.4044 1.0452 1.1727 43.1811 15.8106 33.8848 12.8996 1.6587 0.001 594.8439 484.4898 484.4898 313.8406 36.9776 51.3479 2.6904 18.2752 206.7156 575.8536 98.629 39.407 34.5526 34.7423 205.2951 114.3685 223.5021 581.8521;
	3.1579 42.6701 84.0638 19.7759 14.586 24.9004 0.0972 0.2994 26.5869 9.0821 16.7881 25.0446 37.7045 4.0355 12.0651 4.5455 5.6397 5.9764 12.5129 41.9925 0.0324 58.1009 32.0829 28.7001 3.6571 61.1898 0.0 759.9105 436.488 436.488 346.3252 45.0332 41.7097 108.0887 12.6518 186.2349 601.5614 81.83 49.6316 9.7958 13.9747 276.2284 110.7798 204.1562 607.8277;
	3.2432 43.8226 17.5993 58.7454 14.5845 3.6271 18.9785 0.1415 28.2403 22.6493 41.8668 62.4571 94.0288 4.7469 11.2096 4.2231 5.2398 5.5527 24.8055 20.9457 6.3262 8.4632 62.5472 27.3813 5.4399 53.1274 0.0114 759.0199 459.8257 459.8257 345.4084 44.5122 82.6849 53.9144 14.882 196.1923 581.6536 79.1689 253.1439 14.5712 30.9784 40.2364 114.7245 174.5538 587.7125;
