function loadprofile = ex_load_profilesh1
%EX_LOAD_PROFILE  Example load profile data file for stochastic unit commitment.
% 2022.03.12
% Andres F. Ramirez

%% define constants
[CT_LABEL, CT_PROB, CT_TABLE, CT_TBUS, CT_TGEN, CT_TBRCH, CT_TAREABUS, ...
    CT_TAREAGEN, CT_TAREABRCH, CT_ROW, CT_COL, CT_CHGTYPE, CT_REP, ...
    CT_REL, CT_ADD, CT_NEWVAL, CT_TLOAD, CT_TAREALOAD, CT_LOAD_ALL_PQ, ...
    CT_LOAD_FIX_PQ, CT_LOAD_DIS_PQ, CT_LOAD_ALL_P, CT_LOAD_FIX_P, ...
    CT_LOAD_DIS_P, CT_TGENCOST, CT_TAREAGENCOST, CT_MODCOST_F, ...
    CT_MODCOST_X] = idx_ct;

loadprofile = struct( ...
    'type', 'mpcData', ...
    'table', CT_TAREALOAD, ...
    'rows', [1:11], ...
    'col', CT_LOAD_ALL_P, ...
    'chgtype', 1, ...
    'values', [] );
loadprofile.values(:,1,:) = [
	1603.4728 988.6737 1704.5391 595.4 823.87 1234.318 927.1631 248.6517 556.1449 4585.8734 1775.4683;
	1612.8443 1002.7211 1746.9091 589.3 828.4386 1205.7497 913.8109 254.3 536.1 4551.2124 1746.5897;
	1615.0 1002.8267 1732.5 600.1852 819.2256 1218.983 932.5378 250.2 543.0097 4546.0426 1766.7;
	1676.9 1086.8654 1872.7421 613.8491 912.4997 1318.0248 989.4207 264.5254 576.1299 4807.2702 1909.4695;
	1834.7682 1198.7589 2038.1 634.9293 1002.331 1450.0524 1052.1906 316.2984 632.3092 5288.6019 2101.0401;
	1897.7024 1272.1032 2129.0227 641.6496 1083.6545 1539.5693 1126.0 351.5856 711.3265 5924.1147 2246.1179;
	1943.5058 1283.1598 2115.1815 626.2743 1099.6 1530.227 1136.8425 351.8886 709.5179 6301.1526 2272.8574;
	1930.4092 1272.4223 2109.0601 638.2511 1111.8 1518.5763 1107.9 332.7547 702.2732 6393.4 2241.633;
	1903.8272 1286.2057 2072.1053 613.631 1049.0976 1453.0631 1066.2173 325.4989 679.1905 6437.3912 2123.9998;
	1903.9197 1299.1253 2070.4907 612.101 1043.2146 1479.9247 1122.3503 330.8944 689.5373 6488.4155 2257.1476;
	1866.1721 1247.6823 1998.9552 620.8171 1013.4114 1401.3371 1075.1425 300.3549 693.4309 6505.7186 2231.5864;
	1876.0935 1239.4 1958.1581 613.7704 984.6856 1434.7051 1077.7 318.6896 689.9916 6516.3733 2141.093;
	1864.7782 1222.5939 1958.5113 614.6154 947.8108 1443.3973 1072.4559 341.2 681.1549 6595.7141 2236.9453;
	1869.2438 1227.6413 1965.9979 616.5967 960.2632 1460.6915 1091.6097 340.1845 677.7489 6707.8771 2301.1754;
	1844.3615 1198.7 1936.6737 608.3 930.7033 1419.5 1071.6953 348.0856 685.2068 6574.7505 2322.0574;
	1823.8217 1195.0796 1982.0957 628.4879 932.784 1416.3466 1094.3049 342.1999 731.8013 6730.9845 2535.0915;
	1831.0 1207.0 2002.8938 624.7715 962.0398 1419.5855 1109.4422 355.6 718.9 6567.8575 2601.7;
	1854.2597 1240.9699 2048.1952 642.1503 982.2756 1473.4673 1151.2797 360.7723 726.3423 6442.7211 2603.0648;
	1917.9154 1271.5947 2083.9387 639.1656 997.7369 1438.9269 1143.6815 369.6041 724.3 6170.4804 2494.8071;
	1832.9472 1196.2894 2004.0177 612.7622 939.265 1387.4066 1135.9893 344.7 682.359 5985.0015 2401.749;
	1763.604 1121.0702 1891.7761 597.8 888.066 1305.7 1086.8253 329.2434 627.9198 5697.0 2215.0999;
	1647.7011 1038.0162 1754.5 579.1761 845.7788 1218.2092 1008.8 279.7844 584.9 5288.8875 2078.8619;
	1634.1 1019.8 1746.9473 594.4035 825.3882 1205.4539 964.6578 247.7247 556.4 4886.3754 1871.4999;
	1578.2 961.7633 1701.45 577.1799 805.0888 1203.9669 996.3011 253.4 586.1578 4928.1016 1943.295;
];
