function windprofile = ex_wind_profilesh1
%EX_WIND_PROFILE_D  Example wind_load_nyiso profile data for deterministic unit commitment.
% 2022.03.12
% Andres F. Ramirez


%% define constants
[GEN_BUS, PG, QG, QMAX, QMIN, VG, MBASE, GEN_STATUS, PMAX, PMIN, ...
    MU_PMAX, MU_PMIN, MU_QMAX, MU_QMIN, PC1, PC2, QC1MIN, QC1MAX, ...
    QC2MIN, QC2MAX, RAMP_AGC, RAMP_10, RAMP_30, RAMP_Q, APF] = idx_gen;
[CT_LABEL, CT_PROB, CT_TABLE, CT_TBUS, CT_TGEN, CT_TBRCH, CT_TAREABUS, ...
    CT_TAREAGEN, CT_TAREABRCH, CT_ROW, CT_COL, CT_CHGTYPE, CT_REP, ...
    CT_REL, CT_ADD, CT_NEWVAL, CT_TLOAD, CT_TAREALOAD, CT_LOAD_ALL_PQ, ...
    CT_LOAD_FIX_PQ, CT_LOAD_DIS_PQ, CT_LOAD_ALL_P, CT_LOAD_FIX_P, ...
    CT_LOAD_DIS_P, CT_TGENCOST, CT_TAREAGENCOST, CT_MODCOST_F, ...
    CT_MODCOST_X] = idx_ct;

windprofile = struct( ...
    'type', 'mpcData', ...
    'table', CT_TGEN, ...
    'rows', [1:45], ...
    'col', PMAX, ...
    'chgtype', 1, ...
    'values', [] );
windprofile.values(:,1,:) = [
	0.6574 8.8835 58.8417 63.665 7.4718 2.586 0.0 8.8401 0.0 16.363 30.2467 45.1222 67.9312 0.6983 134.7331 50.7599 62.9799 66.7399 72.7175 67.38 0.0 6.0341 65.4293 74.4511 54.3676 48.9697 4.8532 224.8081 339.4514 339.4514 237.7401 49.1299 242.3915 173.4364 2.1893 144.8326 403.9062 93.2736 0.1625 145.6274 65.6178 28.6878 2.2721 66.5204 408.1136;
	0.2393 3.2331 51.7725 57.7697 6.222 0.4023 0.0 11.4427 0.0 11.2676 20.828 31.0713 46.7776 2.1186 120.1846 45.2788 56.1793 59.5333 62.3808 66.7715 0.0 0.9387 26.9418 72.0369 54.1745 50.5148 6.7773 118.2619 228.4783 228.4783 154.3488 29.3976 207.9359 171.87 6.6422 97.4841 307.7192 87.3394 0.0 145.1103 78.3125 4.463 0.0 79.6276 310.9246;
	0.2026 2.7377 57.7487 57.8003 5.4813 0.4605 0.0 11.3236 0.0 9.9945 18.4747 27.5607 41.4925 1.1281 90.4302 34.0691 42.2709 44.7945 61.6846 66.8293 0.0 1.0746 24.1514 78.1638 55.812 51.9739 6.865 32.9702 74.1177 74.1177 36.9533 16.0931 205.6155 172.0188 3.5367 31.6236 176.5973 1.3735 0.0 149.4965 69.6031 5.109 0.1322 77.2728 178.4369;
	0.3716 5.0214 63.8367 70.6863 7.6988 3.4173 1.852 12.7961 2.8921 15.9173 29.423 43.8933 66.0811 1.9901 100.6421 37.9163 47.0443 49.853 48.0743 66.7854 0.6173 7.9738 46.6818 82.2707 64.2812 57.4173 7.8725 38.5974 47.7655 47.7655 9.2664 17.3751 160.2476 171.9057 6.2392 20.3799 23.3637 2.8222 3.2567 172.1818 64.4605 37.9098 7.2722 114.3749 23.6071;
	0.4092 5.5297 76.9864 72.268 9.2406 1.089 0.4759 13.8183 3.5262 15.1957 28.089 41.9032 63.0851 0.0638 131.2837 49.4604 61.3675 65.0312 54.8607 65.7321 0.1586 2.541 48.2743 83.1208 79.3813 66.817 9.2919 26.8445 46.2531 46.2531 2.83 9.0377 182.869 169.1946 0.2001 19.7347 11.7749 2.4612 0.3346 212.6285 63.5249 12.0806 0.0669 137.1029 11.8976;
	0.3755 5.0737 75.8463 57.7331 8.7265 2.9986 0.0 12.1621 0.3399 9.1459 16.9061 25.2206 37.9695 0.0021 148.5439 55.963 69.4356 73.581 80.1453 68.0668 0.0 6.9968 34.7672 77.9122 57.2945 67.5342 8.2443 50.4007 40.9145 40.9145 2.1521 10.3658 267.151 175.2041 0.0064 17.4568 34.5797 1.8294 0.0 153.4675 49.5662 33.2646 11.6987 128.1398 34.9399;
	0.3858 5.2125 55.0976 35.4493 8.6513 2.4101 2.9039 7.8977 1.9182 7.7052 14.2429 21.2475 31.9881 0.0 132.1102 49.7718 61.7538 65.4406 68.9761 72.3003 0.968 5.6237 23.775 59.0808 36.6868 60.0413 4.334 65.4838 8.244 8.244 0.0177 0.3767 229.9203 186.1011 0.0 3.5175 34.9623 1.6027 0.0 98.2683 25.5941 26.7365 25.3851 112.4491 35.3265;
	0.4721 6.3785 32.9069 24.1921 3.3953 2.978 3.9595 7.5994 1.4311 5.1384 9.4982 14.1695 21.3321 0.0 85.9523 32.382 40.1777 42.5763 25.2899 57.2873 1.3198 6.9487 12.3129 37.5105 36.3117 61.9795 4.7403 196.3376 22.3199 22.3199 4.5153 7.6041 84.2998 147.4578 0.0 9.5231 81.0199 10.6055 0.0887 97.2635 8.374 33.036 0.0 93.0607 81.8638;
	0.5028 6.7941 26.2041 21.4819 2.8139 2.3086 0.0 5.8673 0.0 5.5809 10.3162 15.3897 23.1691 0.2942 22.3974 8.4381 10.4695 11.0945 41.5092 20.3021 0.0 5.3867 7.9075 37.673 31.0064 55.4064 4.4141 123.9454 50.697 50.697 21.6779 7.0253 138.3639 52.2577 0.9222 21.6307 88.2401 2.4234 2.1521 83.0528 0.0183 25.6101 0.0 23.5872 89.1593;
	0.5337 7.2113 22.5805 6.6058 5.506 0.0932 0.0 4.3932 0.0 0.0022 0.0041 0.0061 0.0092 0.0 9.0786 3.4203 4.2437 4.4971 3.707 12.938 0.0 0.2175 8.5463 32.775 25.6756 45.1118 3.0379 85.7349 42.0926 42.0926 55.5606 7.8395 12.3566 33.3025 0.0 17.9595 25.9972 4.2055 0.0 68.7738 0.0 1.0339 33.2234 60.8511 26.268;
	0.8416 11.3722 41.0254 0.0 10.3514 1.4298 2.3479 3.8418 1.2005 0.1407 0.2602 0.3881 0.5843 0.0047 20.3581 7.6698 9.5162 10.0844 62.7393 11.0358 0.7826 3.3362 26.9868 41.0556 45.6347 51.693 1.3324 108.1204 69.6179 69.6179 49.161 0.9807 209.1311 28.4061 0.0148 29.7037 92.4224 2.7536 27.2079 122.2358 0.0 15.8614 0.0 88.2274 93.3852;
	1.6092 21.7437 60.9221 0.0 13.2319 3.1481 0.0207 2.3697 0.9495 0.2096 0.3874 0.5779 0.8701 0.0 0.0 0.0 0.0 0.0 0.6578 7.295 0.0069 7.3457 46.8278 55.5353 7.9918 50.791 2.3956 166.093 96.4897 96.4897 10.1093 1.8219 2.1927 18.7773 0.0 41.1689 122.2758 0.0567 27.8886 21.4066 0.0008 34.9234 0.0 119.5343 123.5495;
	2.3788 32.1427 81.6955 1.8232 14.2933 6.511 0.0 16.2187 0.6155 24.2125 44.7564 66.7677 100.5185 0.0 1.9818 0.7466 0.9264 0.9817 5.5976 9.3061 0.0 15.1923 34.483 72.2858 75.4817 60.3498 6.1393 214.7132 152.7039 152.7039 8.2594 2.9793 18.6586 23.9538 0.0 65.1537 170.1617 3.1318 21.0986 202.1832 3.0528 72.2285 94.7373 165.5835 171.9342;
	1.6193 21.8805 3.9045 0.0 13.7282 18.4586 0.0 9.9968 0.0 0.0 0.0 0.0 0.0 0.0 0.0 0.0 0.0 0.0 0.2792 5.5033 0.0 43.0701 30.5382 52.0545 55.4285 39.533 7.3525 186.6607 179.9525 179.9525 0.3368 4.1219 0.9306 14.1655 0.0 76.7797 174.2038 7.3958 0.0 148.4692 1.366 204.7676 48.4669 131.192 176.0184;
	2.1214 28.6645 14.2773 9.7105 8.7551 2.8469 0.0 17.4755 0.0 0.0 0.0 0.0 0.0 0.0 10.5202 3.9634 4.9176 5.2112 1.9754 3.3661 0.0 6.6427 5.095 69.192 96.4691 62.8422 11.9719 271.3121 246.0927 246.0927 92.0298 7.3871 6.5848 8.6644 0.0 104.9996 242.5702 16.0735 0.0 258.3993 22.7906 31.5812 72.1954 104.9517 245.0969;
	3.2271 43.6053 83.3304 4.3825 13.9063 6.4917 0.0 7.7015 0.0 0.2368 0.4378 0.6531 0.9832 0.0 31.8424 11.9964 14.8845 15.7731 2.7557 13.8015 0.0 15.1473 39.5049 80.5055 72.7031 66.8557 11.4741 404.0019 244.085 244.085 146.0077 9.8844 9.1856 35.525 0.0 104.1429 288.8436 37.4742 0.0 194.7406 36.1115 72.0146 0.0442 175.2772 291.8523;
	3.5301 47.699 6.2504 16.6333 14.4328 4.886 0.0 4.8434 0.9138 2.6266 4.8553 7.2431 10.9045 0.0 18.8272 7.0931 8.8006 9.326 9.2281 11.8417 0.0 11.4006 1.4549 84.471 85.2218 48.6453 2.0605 328.2937 315.7135 315.7135 168.1258 21.1919 30.7604 30.4807 0.0 134.7044 375.8007 70.715 0.0 228.2727 20.1775 54.2017 134.1401 225.0665 379.7153;
	2.8074 37.9335 11.2513 17.5801 14.7948 20.0843 0.0 3.432 8.6509 15.8539 29.3058 43.7185 65.8179 9.8762 137.2682 51.715 64.1649 67.9957 24.6419 12.0704 0.0 46.8634 18.0505 85.7086 67.6775 46.8797 2.9942 511.1233 453.1148 453.1148 314.2866 33.8852 82.1398 31.0693 30.9632 193.329 479.7126 95.2177 8.3338 181.2789 14.0696 222.802 114.4518 223.1982 484.7096;
	2.9494 39.8526 79.9995 2.2826 14.7792 24.4572 0.4751 0.8585 25.1463 9.6497 17.8373 26.6097 40.0608 9.29 37.1658 14.002 17.3729 18.4101 19.9107 42.1059 0.1584 57.0669 31.7048 65.4617 8.7105 62.3748 1.672 732.7271 430.1196 430.1196 356.4302 44.3816 66.369 108.3807 29.1255 183.5177 581.1924 73.9753 82.2966 23.3317 11.7773 271.3122 108.6906 196.19 587.2465;
	2.9783 40.2429 1.0087 14.6809 14.4689 0.0 16.4091 0.8551 26.589 21.4195 39.5937 59.066 88.9236 7.9068 5.2106 1.9631 2.4357 2.5811 2.2121 19.1486 5.4697 0.0 57.3527 48.2782 11.8854 53.6696 0.1447 663.2 417.143 417.143 342.5705 44.0417 7.3738 49.2885 24.7888 177.981 528.1901 74.4155 1.883 31.8358 15.1437 0.0 105.7621 178.2652 533.692;
	3.1639 42.7514 83.8224 8.5504 14.4301 0.0 0.0 1.2784 27.4307 24.5272 45.3381 67.6355 101.8249 8.7854 24.698 9.3048 11.5449 12.2341 17.3132 32.0617 0.0 0.0 75.0434 84.1066 2.2857 59.8161 0.0074 597.372 374.5433 374.5433 241.8467 54.897 57.7107 82.5268 27.5436 159.8051 523.906 73.4623 3.3687 6.1223 21.0487 0.0 99.9661 169.036 529.3633;
