function solarprofile = ex_solar_profilesh1
%EX_WIND_PROFILE_D  Example wind_load_nyiso profile data for deterministic unit commitment.
% 2022.03.12
% Andres F. Ramirez


%% define constants
[GEN_BUS, PG, QG, QMAX, QMIN, VG, MBASE, GEN_STATUS, PMAX, PMIN, ...
    MU_PMAX, MU_PMIN, MU_QMAX, MU_QMIN, PC1, PC2, QC1MIN, QC1MAX, ...
    QC2MIN, QC2MAX, RAMP_AGC, RAMP_10, RAMP_30, RAMP_Q, APF] = idx_gen;
[CT_LABEL, CT_PROB, CT_TABLE, CT_TBUS, CT_TGEN, CT_TBRCH, CT_TAREABUS, ...
    CT_TAREAGEN, CT_TAREABRCH, CT_ROW, CT_COL, CT_CHGTYPE, CT_REP, ...
    CT_REL, CT_ADD, CT_NEWVAL, CT_TLOAD, CT_TAREALOAD, CT_LOAD_ALL_PQ, ...
    CT_LOAD_FIX_PQ, CT_LOAD_DIS_PQ, CT_LOAD_ALL_P, CT_LOAD_FIX_P, ...
    CT_LOAD_DIS_P, CT_TGENCOST, CT_TAREAGENCOST, CT_MODCOST_F, ...
    CT_MODCOST_X] = idx_ct;

solarprofile = struct( ...
    'type', 'mpcData', ...
    'table', CT_TGEN, ...
    'rows', [1:12], ...
    'col', PMAX, ...
    'chgtype', 1, ...
    'values', [] );
solarprofile.values(:,1,:) = [
	0.0 0.0 0.0 0.0 0.0 0.0 0.0 0.0 0.0 0.0 0.0 0.0;
	0.0 0.0 0.0 0.0 0.0 0.0 0.0 0.0 0.0 0.0 0.0 0.0;
	0.0 0.0 0.0 0.0 0.0 0.0 0.0 0.0 0.0 0.0 0.0 0.0;
	0.0 0.0 0.0 0.0 0.0 0.0 0.0 0.0 0.0 0.0 0.0 0.0;
	0.0 0.0 0.0 0.0 0.0 0.0 0.0 0.0 0.0 0.0 0.0 0.0;
	0.481 0.4039 0.4225 0.0 0.0 0.0 0.0 0.2 0.0 0.0 0.0 0.0;
	7.8095 6.7545 3.5696 2.08 2.4197 295.8894 36.9862 48.2283 134.8498 12.4615 21.3404 22.5679;
	17.8962 15.8206 11.9059 5.575 4.4864 447.5129 55.9391 70.2777 255.2502 23.6811 22.9562 42.8866;
	23.0313 16.8001 13.8469 8.1739 5.2996 453.853 56.7316 71.5897 265.9596 35.9995 36.6141 65.1952;
	24.4307 16.1929 13.6408 6.4922 2.1083 269.4043 33.6755 49.5025 136.5425 81.8113 125.419 148.1607;
	25.2072 16.371 13.7627 8.1631 3.8507 223.9607 27.9951 58.0024 160.612 129.1545 245.409 233.8996;
	25.0771 16.3954 13.7091 8.569 5.7245 212.562 26.5702 64.3733 178.2427 153.8293 249.9916 278.5857;
	11.4552 10.5698 8.3534 5.8539 7.5068 56.0239 7.003 39.4072 55.3849 88.0246 152.0171 159.413;
	9.2352 10.3006 7.1417 4.3736 6.2094 42.0387 5.2548 25.5182 34.5802 65.4999 52.1372 118.6207;
	8.2678 7.6129 5.7512 3.3046 4.5507 25.2251 3.1531 12.8389 22.677 52.7054 30.8821 95.4499;
	5.6585 4.6313 3.5796 3.2834 0.6276 6.4814 0.8102 1.6982 4.2539 25.6578 6.5013 46.4665;
	0.8659 0.8348 0.8065 1.141 0.7459 10.4067 1.3008 1.3389 7.9959 13.8126 3.4666 25.0147;
	0.0 0.0 0.0 0.0 0.0 0.0 0.0 0.0 0.0 0.0 0.0 0.0;
	0.0 0.0 0.0 0.0 0.0 0.0 0.0 0.0 0.0 0.0 0.0 0.0;
	0.0 0.0 0.0 0.0 0.0 0.0 0.0 0.0 0.0 0.0 0.0 0.0;
	0.0 0.0 0.0 0.0 0.0 0.0 0.0 0.0 0.0 0.0 0.0 0.0;
	0.0 0.0 0.0 0.0 0.0 0.0 0.0 0.0 0.0 0.0 0.0 0.0;
	0.0 0.0 0.0 0.0 0.0 0.0 0.0 0.0 0.0 0.0 0.0 0.0;
	0.0 0.0 0.0 0.0 0.0 0.0 0.0 0.0 0.0 0.0 0.0 0.0;
];
