function windprofile = ex_wind_profilesh1
%EX_WIND_PROFILE_D  Example wind_load_nyiso profile data for deterministic unit commitment.
% 2022.03.12
% Andres F. Ramirez


%% define constants
[GEN_BUS, PG, QG, QMAX, QMIN, VG, MBASE, GEN_STATUS, PMAX, PMIN, ...
    MU_PMAX, MU_PMIN, MU_QMAX, MU_QMIN, PC1, PC2, QC1MIN, QC1MAX, ...
    QC2MIN, QC2MAX, RAMP_AGC, RAMP_10, RAMP_30, RAMP_Q, APF] = idx_gen;
[CT_LABEL, CT_PROB, CT_TABLE, CT_TBUS, CT_TGEN, CT_TBRCH, CT_TAREABUS, ...
    CT_TAREAGEN, CT_TAREABRCH, CT_ROW, CT_COL, CT_CHGTYPE, CT_REP, ...
    CT_REL, CT_ADD, CT_NEWVAL, CT_TLOAD, CT_TAREALOAD, CT_LOAD_ALL_PQ, ...
    CT_LOAD_FIX_PQ, CT_LOAD_DIS_PQ, CT_LOAD_ALL_P, CT_LOAD_FIX_P, ...
    CT_LOAD_DIS_P, CT_TGENCOST, CT_TAREAGENCOST, CT_MODCOST_F, ...
    CT_MODCOST_X] = idx_ct;

windprofile = struct( ...
    'type', 'mpcData', ...
    'table', CT_TGEN, ...
    'rows', [1:45], ...
    'col', PMAX, ...
    'chgtype', 1, ...
    'values', [] );
windprofile.values(:,1,:) = [
	0.7891 10.6631 48.584 56.2097 7.9416 10.199 2.0284 8.0444 0.0 18.9051 34.9459 52.1324 78.485 20.9396 145.9107 54.971 68.2048 72.2767 77.9152 71.9331 0.6761 23.7976 61.6798 63.3854 42.3909 48.9692 4.2174 149.938 323.1256 323.1256 222.0346 44.635 259.7174 185.1559 65.6484 137.8669 373.9881 86.4932 134.0879 113.5469 58.0888 113.1405 4.482 67.5615 377.8838;
	0.502 6.7831 45.5454 54.9167 6.4285 3.4517 1.5158 10.3128 0.0394 10.6533 19.6924 29.3772 44.2272 17.613 121.4872 45.7696 56.7882 60.1785 70.2179 70.0209 0.5053 8.054 27.5728 60.7819 44.2367 51.7052 6.1309 66.9862 218.9369 218.9369 149.8238 30.6066 234.0596 180.2339 55.2191 93.4131 299.0322 91.1354 54.8998 118.4911 75.8595 38.2911 1.806 79.0725 302.1471;
	0.347 4.6892 52.0213 49.9529 5.653 1.0982 5.3165 11.3534 0.0012 9.509 17.5772 26.2217 39.4766 43.2578 84.033 31.659 39.2806 41.6257 61.4014 69.9944 1.7722 2.5625 22.2288 64.6348 43.4224 53.627 6.6202 10.844 49.9352 49.9352 51.8967 16.0831 204.6713 180.1657 135.6191 21.3057 179.1495 14.675 184.425 116.3099 67.0923 12.1828 0.4084 88.2629 181.0157;
	0.5912 7.9878 69.189 76.7759 9.08 11.0761 19.1385 14.2856 20.1945 16.5231 30.5426 45.5636 68.5958 66.0549 91.1961 34.3576 42.6289 45.1739 43.7386 68.9181 6.3795 25.8443 46.042 81.099 60.1701 68.7205 7.9644 32.2247 158.8156 158.8156 137.439 20.1203 145.7954 177.3954 207.091 67.7613 259.6439 25.5936 453.5359 161.1699 69.0351 122.8711 19.3636 146.2976 262.3486;
	0.6681 9.0276 79.5928 76.4115 10.6645 11.9529 13.7952 13.9684 23.7818 16.4402 30.3894 45.335 68.2516 65.5906 125.3086 47.2093 58.5745 62.0715 53.3488 70.94 4.5984 27.8901 47.2993 77.3828 72.8193 69.4115 8.3329 51.9094 86.5593 86.5593 138.6055 12.4562 177.8292 182.5998 205.6353 36.932 144.8195 48.9793 449.6972 195.0516 64.5049 132.5974 47.4813 156.0856 146.328;
	0.6385 8.6277 79.7206 64.6532 10.8762 4.438 16.6791 12.326 22.019 9.4709 17.5067 26.1166 39.3184 66.0956 157.8809 59.4807 73.8002 78.2061 81.6947 73.2739 5.5597 10.3554 33.2019 80.5284 54.2762 69.7301 7.5421 55.5383 50.3411 50.3411 87.6048 13.2396 272.3158 188.6073 207.2185 21.4789 148.3587 18.8072 410.1756 145.3826 53.6899 49.2323 25.1108 152.9637 149.9041;
	0.5533 7.4759 55.9585 41.1186 10.1788 2.8914 4.2171 7.8083 6.0724 7.65 14.1409 21.0954 31.759 65.9876 132.0126 49.735 61.7082 65.3923 69.987 72.3152 1.4057 6.7466 23.1071 56.7753 33.106 64.8114 4.1504 35.7869 73.4276 73.4276 44.0651 4.3503 233.29 186.1394 206.88 31.3291 33.5154 2.5171 336.4392 88.6769 28.3059 32.0751 31.6977 147.8731 33.8645;
	0.6918 9.3477 34.535 28.3821 4.2888 3.2092 4.989 6.6761 13.6697 5.7565 10.6408 15.874 23.8982 62.8092 72.6774 27.3808 33.9725 36.0007 24.1156 53.4458 1.663 7.4882 13.0178 37.0735 33.3539 60.8963 4.3328 6.7795 32.1781 32.1781 25.8416 0.0 80.3853 137.5697 196.9154 13.7293 9.6236 0.0756 373.2617 89.3409 12.19 35.6008 17.0676 116.7483 9.7238;
	0.7837 10.5889 30.7115 29.0161 5.4156 5.942 4.2519 6.2005 24.55 17.7754 32.8575 49.0169 73.7947 17.0369 20.8725 7.8636 9.7567 10.3392 53.3962 18.7626 1.4173 13.8647 6.3458 39.7624 32.0327 59.2994 4.8195 1.5088 82.2968 82.2968 52.5734 1.7941 177.9874 48.295 53.4131 35.1133 27.6581 6.8086 369.6293 85.8019 28.1417 65.9166 51.3797 86.1883 27.9462;
	1.0177 13.7512 35.0423 27.9435 12.069 16.439 14.2019 5.0339 26.0229 21.4022 39.5617 59.0183 88.8517 47.5713 12.707 4.7873 5.9398 6.2944 34.5773 13.4582 4.734 38.3577 13.0445 40.3995 32.4793 51.9556 3.9075 15.4223 70.2813 70.2813 62.3072 6.0586 115.2578 34.6414 149.1426 29.9867 21.2936 4.5045 449.9734 86.9981 109.5378 182.3636 58.2674 103.6926 21.5154;
	1.0074 13.6121 45.0258 18.9222 12.5921 11.4669 9.258 3.5809 25.7669 6.7764 12.5261 18.6864 28.1323 48.9452 5.5155 2.0779 2.5782 2.7321 31.8396 8.9569 3.086 26.7561 33.0177 44.6178 45.8573 50.7636 1.5522 13.6583 69.5048 69.5048 18.0357 1.5762 106.1321 23.0552 153.4499 29.6554 56.6914 2.5396 455.5746 122.8321 57.593 127.2062 67.9371 111.8193 57.2819;
	1.8214 24.6115 63.3221 20.3185 14.1322 4.8024 4.1173 2.1142 24.5983 10.1997 18.854 28.1264 42.3441 9.2653 3.3738 1.271 1.577 1.6712 40.3366 4.3473 1.3724 11.2057 52.0091 60.606 15.9552 45.2414 1.5683 42.9418 93.3988 93.3988 8.1392 2.8278 134.4552 11.1899 29.0481 39.8502 113.3013 1.7496 443.2602 42.737 16.6757 53.2749 109.1761 143.5009 114.4815;
	2.5564 34.5431 84.4201 19.6119 15.3108 19.4415 8.2757 3.4746 18.6703 26.081 48.2103 71.9203 108.2756 1.849 4.9373 1.8601 2.3079 2.4457 7.8265 6.3933 2.7586 45.3635 36.7914 72.3512 72.2527 53.2992 4.056 96.4989 167.241 167.241 46.3005 3.1608 26.0885 16.4563 5.797 71.3562 162.5055 0.8086 318.4992 193.5339 15.1523 215.6712 128.1401 189.6595 164.1982;
	1.9424 26.2455 13.7623 8.3654 15.0887 20.9763 5.8121 1.1616 8.0002 9.1637 16.939 25.2697 38.0434 1.6177 14.9191 5.6207 6.9738 7.3902 50.4926 5.7362 1.9374 48.9448 46.3765 41.6047 14.387 33.5026 2.3335 98.7874 208.2071 208.2071 28.7258 6.2956 168.3086 14.765 5.0718 88.835 174.1658 6.5414 373.7385 38.5367 5.632 232.6973 90.9674 145.0453 175.98;
	2.3579 31.86 31.5672 30.5451 10.2565 10.801 10.508 2.4934 18.8631 15.7124 29.0442 43.3282 65.2304 16.2055 12.5779 4.7387 5.8794 6.2305 34.124 0.5197 3.5027 25.2023 29.1974 15.6095 5.1256 5.4694 1.6264 225.111 258.5704 258.5704 90.3112 8.6335 113.7468 1.3377 50.8063 110.3234 254.0129 16.4088 423.5457 13.7293 1.415 119.819 90.7285 114.3612 256.6589;
	3.1721 42.8622 81.6172 0.9996 14.078 6.707 4.6688 0.8865 1.8587 14.833 27.4186 40.9032 61.5796 6.4823 5.9328 2.2352 2.7733 2.9388 14.7067 0.229 1.5563 15.6497 47.4918 2.5307 0.0662 5.9465 0.557 333.4478 265.8004 265.8004 160.5049 11.4128 49.0222 0.5893 20.323 113.4082 302.0346 39.0072 198.9755 0.1774 3.2527 74.403 25.2136 182.9381 305.1808;
	3.547 47.928 6.1063 5.3445 14.6839 11.9028 13.2681 5.4773 17.6945 26.3106 48.6347 72.5533 109.2287 3.7955 10.6212 4.0015 4.9648 5.2612 37.7253 6.9691 4.4227 27.7732 13.9622 11.3457 4.7368 22.3028 7.1756 329.0263 352.9944 352.9944 180.5981 22.6921 125.751 17.9384 11.8994 150.611 441.1254 71.8268 262.8343 12.6877 2.2877 132.0416 140.3346 230.589 445.7205;
	2.9366 39.6799 8.6985 10.0175 14.6539 21.7872 18.3225 0.9009 21.1872 26.2893 48.5953 72.4946 109.1402 4.6784 25.161 9.4793 11.7613 12.4635 25.6731 5.0367 6.1075 50.8369 17.4506 1.256 5.2373 1.4795 0.4615 495.1729 465.9383 465.9383 323.1212 31.4474 85.5769 12.9645 14.6674 198.8003 528.5555 94.7682 195.6144 14.0285 4.1031 241.6929 125.3929 233.4309 534.0613;
	3.2026 43.2744 83.1901 4.6775 14.9087 28.5585 9.9894 1.1308 11.4073 9.1936 16.9943 25.3521 38.1674 7.8789 96.3614 36.3036 45.0434 47.7325 76.9078 45.0519 3.3298 66.6364 30.9597 0.7975 2.1236 59.8654 0.1794 749.8508 440.7946 440.7946 370.9855 42.5617 256.3592 115.9638 24.7013 188.0724 609.863 77.5449 389.8426 5.6881 0.3405 316.8087 125.3672 209.0008 616.2157;
