function loadprofile = ex_load_profilesh1
%EX_LOAD_PROFILE  Example load profile data file for stochastic unit commitment.
% 2022.03.12
% Andres F. Ramirez

%% define constants
[CT_LABEL, CT_PROB, CT_TABLE, CT_TBUS, CT_TGEN, CT_TBRCH, CT_TAREABUS, ...
    CT_TAREAGEN, CT_TAREABRCH, CT_ROW, CT_COL, CT_CHGTYPE, CT_REP, ...
    CT_REL, CT_ADD, CT_NEWVAL, CT_TLOAD, CT_TAREALOAD, CT_LOAD_ALL_PQ, ...
    CT_LOAD_FIX_PQ, CT_LOAD_DIS_PQ, CT_LOAD_ALL_P, CT_LOAD_FIX_P, ...
    CT_LOAD_DIS_P, CT_TGENCOST, CT_TAREAGENCOST, CT_MODCOST_F, ...
    CT_MODCOST_X] = idx_ct;

loadprofile = struct( ...
    'type', 'mpcData', ...
    'table', CT_TAREALOAD, ...
    'rows', [1:11], ...
    'col', CT_LOAD_ALL_P, ...
    'chgtype', 1, ...
    'values', [] );
loadprofile.values(:,1,:) = [
	1517.9037 960.6276 1591.9741 596.1003 755.6896 1175.4518 894.5787 276.5 538.0534 4464.4081 1811.8721;
	1471.7097 961.5 1609.757 601.1 756.0378 1181.2426 883.1413 275.4897 526.6 4300.468 1761.8871;
	1499.992 985.6379 1633.3728 610.9932 774.9584 1220.3214 914.3391 281.052 545.5 4445.9956 1808.2365;
	1548.0606 1054.2811 1713.6909 626.1889 853.0881 1307.5074 947.6761 305.1324 563.0 4618.7655 1880.5467;
	1686.6708 1165.6459 1876.7671 642.3612 922.9853 1427.6486 1038.6303 349.1956 635.5 5162.4766 2112.9075;
	1769.2981 1256.0864 2013.1153 656.2966 1001.5379 1494.5692 1102.3234 376.8321 694.9 5692.2894 2273.7182;
	1750.8909 1252.1 1963.2411 644.2584 1014.8252 1485.1385 1117.5328 371.4457 706.5395 5895.2668 2240.1819;
	1744.9727 1256.1607 1935.4263 625.7 981.8 1460.9984 1095.7701 370.0217 712.9 6179.7264 2177.7853;
	1741.5166 1247.4 1923.3565 610.1 934.6963 1358.2955 1072.3 384.2207 711.5197 6278.0872 2107.2532;
	1756.0848 1241.7752 1945.9112 607.3591 941.2273 1349.7681 1057.2504 402.2002 694.7 6296.6577 2044.4981;
	1756.3519 1224.3862 1925.9 601.5086 929.5318 1330.457 1064.5453 435.4174 709.1 6246.5582 2013.0567;
	1724.2186 1215.9637 1887.9098 597.5858 892.651 1285.7257 1056.8355 432.0246 689.5 6294.1901 2024.5749;
	1710.785 1206.4312 1889.7 597.1484 905.7909 1281.0 1046.4748 425.7778 715.7591 6353.9 2125.1805;
	1696.0602 1202.0065 1844.018 611.4429 905.889 1253.6 1059.3763 423.9575 709.5328 6395.8093 2190.8797;
	1662.713 1193.8562 1863.6441 609.9295 958.8 1264.5353 1056.9594 421.724 736.2712 6409.6828 2245.6;
	1676.4865 1224.9 1956.9798 600.7849 953.4 1362.5338 1097.5303 392.5297 753.7684 6334.8201 2316.8218;
	1684.4263 1262.6306 2019.7555 588.5062 975.36 1416.1442 1124.1 385.9165 745.7987 6223.2159 2422.7397;
	1763.6867 1282.0 2022.9676 594.8518 1001.5044 1468.1294 1169.5558 370.1267 749.6 6208.5446 2503.7917;
	1799.313 1264.224 1952.0423 590.4855 947.3269 1446.4638 1163.2845 382.1427 744.9181 6112.6982 2493.2808;
	1755.1599 1187.3666 1873.0572 596.1772 913.5357 1370.8917 1123.9333 354.1 696.3742 5925.7432 2371.6201;
	1682.3289 1124.6194 1773.2145 553.466 876.116 1245.4384 1029.5598 310.0776 645.8312 5605.052 2191.3877;
	1564.8316 1022.3 1640.3239 535.8664 826.9819 1158.3884 934.633 273.217 563.2521 5170.4877 1957.7504;
	1538.3373 956.8164 1578.9676 533.0864 752.4193 1062.4072 868.2967 273.0501 519.9825 4819.1256 1831.6;
	1469.4005 897.9895 1569.9622 542.1 732.2 1045.0021 840.323 248.0665 491.9826 4431.418 1725.2;
];
