function windprofile = ex_wind_profilesh1
%EX_WIND_PROFILE_D  Example wind_load_nyiso profile data for deterministic unit commitment.
% 2022.03.12
% Andres F. Ramirez


%% define constants
[GEN_BUS, PG, QG, QMAX, QMIN, VG, MBASE, GEN_STATUS, PMAX, PMIN, ...
    MU_PMAX, MU_PMIN, MU_QMAX, MU_QMIN, PC1, PC2, QC1MIN, QC1MAX, ...
    QC2MIN, QC2MAX, RAMP_AGC, RAMP_10, RAMP_30, RAMP_Q, APF] = idx_gen;
[CT_LABEL, CT_PROB, CT_TABLE, CT_TBUS, CT_TGEN, CT_TBRCH, CT_TAREABUS, ...
    CT_TAREAGEN, CT_TAREABRCH, CT_ROW, CT_COL, CT_CHGTYPE, CT_REP, ...
    CT_REL, CT_ADD, CT_NEWVAL, CT_TLOAD, CT_TAREALOAD, CT_LOAD_ALL_PQ, ...
    CT_LOAD_FIX_PQ, CT_LOAD_DIS_PQ, CT_LOAD_ALL_P, CT_LOAD_FIX_P, ...
    CT_LOAD_DIS_P, CT_TGENCOST, CT_TAREAGENCOST, CT_MODCOST_F, ...
    CT_MODCOST_X] = idx_ct;

windprofile = struct( ...
    'type', 'mpcData', ...
    'table', CT_TGEN, ...
    'rows', [1:45], ...
    'col', PMAX, ...
    'chgtype', 1, ...
    'values', [] );
windprofile.values(:,1,:) = [
	0.6821 9.2164 56.0786 63.5401 7.6076 5.4026 3.258 8.5881 3.6177 19.5986 36.2277 54.0446 81.3638 4.8497 130.5249 49.1745 61.0128 64.6553 78.4184 67.4508 1.086 12.606 63.4357 60.9853 48.2636 46.1991 4.3833 179.575 320.5422 320.5422 213.1679 42.1911 261.3945 173.6185 15.2045 136.7647 393.1862 87.4993 161.4491 129.2774 66.334 59.9327 51.1671 68.7735 397.2819;
	0.4733 6.3952 57.4339 66.3058 7.2489 17.564 8.6113 11.1838 1.3693 11.8016 21.8151 32.5438 48.9946 6.9881 114.4628 43.1232 53.5047 56.699 77.1278 69.141 2.8704 40.9826 26.9136 67.8781 53.2675 50.1971 6.029 82.8465 215.3623 215.3623 137.4349 30.6576 257.0928 177.9691 21.9086 91.8879 306.6563 88.9718 156.1004 142.6808 79.0458 194.843 60.4818 92.3432 309.8506;
	0.0343 0.4635 57.459 63.0303 5.161 1.0655 2.4063 11.1354 0.0 9.3969 17.3701 25.9127 39.0115 5.16 65.5836 24.7082 30.6565 32.4867 64.7848 65.0546 0.8021 2.4862 1.6728 71.5504 52.1314 49.8615 6.23 0.0 0.5498 0.5498 0.1102 14.7508 215.9493 167.4507 16.1774 0.2346 145.737 4.8026 29.5825 139.6377 62.4701 11.8203 16.6762 76.3299 147.2551;
	0.3501 4.7308 68.5327 73.8649 8.408 10.1588 1.9143 13.9172 0.0 15.852 29.3022 43.7131 65.8098 9.0008 79.6139 29.9941 37.2148 39.4366 45.7329 67.1241 0.6381 23.7039 42.2755 75.0175 60.1773 63.5266 7.7009 0.0 0.4602 0.4602 4.3095 18.5099 152.4428 172.7777 28.2186 0.1963 3.8206 8.3693 19.7784 161.1893 67.7114 112.6951 42.0447 130.8897 3.8604;
	0.319 4.3107 78.1606 73.4097 9.7589 1.4285 0.4754 14.0114 0.0 15.1271 27.9622 41.714 62.8002 3.9101 107.2249 40.3963 50.1214 53.1137 52.8592 68.1614 0.1585 3.3331 36.3288 76.2541 71.337 61.6963 8.7896 14.8041 0.7241 0.7241 19.1039 9.7083 176.1975 175.4476 12.2587 0.3089 8.6087 26.4795 5.747 191.0812 61.9084 15.8464 9.7217 135.3865 8.6984;
	0.4597 6.211 81.9065 65.5154 10.7238 6.6959 0.488 13.4678 1.4894 9.2335 17.068 25.4621 38.333 3.2371 130.1657 49.0392 60.8449 64.4774 77.4925 70.2886 0.1627 15.6238 31.5286 78.3208 55.8181 64.6886 8.7155 23.4612 8.1816 8.1816 49.8193 9.5573 258.3083 180.923 10.1488 3.4908 27.6126 28.9537 0.6972 149.5127 49.9653 74.2802 27.1471 139.131 27.9002;
	0.3319 4.4844 58.3723 42.7376 9.4502 3.2431 3.5309 8.3904 1.9182 7.2357 13.3751 19.953 30.0391 0.0661 109.407 41.2184 51.1414 54.1946 60.3889 67.4752 1.177 7.5672 19.1961 55.1883 33.596 65.3239 4.567 27.8649 13.6807 13.6807 12.5666 0.3401 201.2962 173.6814 0.2073 5.8371 11.0811 25.4248 0.0 89.9893 25.2943 35.9764 31.8009 132.0032 11.1966;
	0.4745 6.4115 34.9561 29.8649 4.249 3.4626 4.4794 7.3834 2.7867 5.5968 10.3456 15.4336 23.2352 0.5563 58.9463 22.2077 27.554 29.199 17.6549 41.9733 1.4931 8.0795 11.5242 35.9748 31.485 64.2533 4.5133 6.7503 37.5852 37.5852 65.4492 0.7056 58.8497 108.0394 1.744 16.0364 18.8185 39.2637 22.8347 84.3348 11.7277 38.4123 20.0297 111.1477 19.0145;
	0.5442 7.3533 29.0361 27.2889 4.2407 11.9532 4.6671 6.227 6.2621 7.3181 13.5274 20.1803 30.3813 2.269 15.6837 5.9087 7.3312 7.7689 2.9448 13.7723 1.5557 27.8908 5.1153 38.8513 29.219 55.1259 4.7257 0.6591 33.1691 33.1691 34.0326 0.9799 9.8159 35.45 7.1138 14.1521 16.3681 16.6798 23.5143 78.2652 5.6177 132.6007 20.2787 78.9037 16.5386;
	0.5591 7.5553 29.6456 26.7521 8.0342 10.9311 2.8232 4.6434 4.1237 5.3118 9.8188 14.6477 22.052 3.1616 10.1308 3.8167 4.7355 5.0183 0.9743 10.1842 0.9411 25.5059 9.5067 37.706 28.0341 42.5706 3.4677 24.9183 94.4409 94.4409 40.4904 2.3435 3.2477 26.2142 9.9121 40.2948 24.0655 49.5219 9.6741 75.0914 5.4004 121.2623 50.4753 84.1365 24.3161;
	0.7745 10.4652 40.4592 1.6458 11.7649 9.6409 4.8054 3.238 1.1127 0.7176 1.3264 1.9787 2.9789 0.0534 2.2153 0.8346 1.0355 1.0973 3.6174 5.1913 1.6018 22.4954 20.1519 39.4509 40.1367 43.4526 1.3331 53.2979 69.0596 69.0596 7.4552 1.0602 12.0581 13.3624 0.1673 29.4654 74.0592 5.4402 1.5376 107.5089 0.0409 106.9498 8.7007 96.4382 74.8307;
	1.5136 20.4516 65.3794 29.7857 13.9484 12.547 1.9786 1.0577 0.0327 0.7935 1.4668 2.1882 3.2943 0.1031 0.0 0.0 0.0 0.0 0.7216 1.2371 0.6595 29.2762 44.1275 55.826 7.0468 46.5298 1.8501 144.8677 98.6155 98.6155 11.2636 2.239 2.4052 3.1842 0.3231 42.0759 124.3857 12.3591 11.3792 18.8753 0.0035 139.1876 19.5717 138.2601 125.6814;
	2.1028 28.4133 86.1476 62.8957 14.6345 22.0633 2.0883 3.2302 0.0 23.37 43.1991 64.4446 97.0209 0.4528 0.0 0.0 0.0 0.0 0.1495 2.434 0.6961 51.481 15.1005 69.2101 69.4872 55.5368 5.8997 207.9309 158.1106 158.1106 3.2462 2.5331 0.4983 6.2652 1.4194 67.4605 178.9821 5.6843 93.7693 186.1263 0.1376 244.7553 116.1496 183.8884 180.8465;
	1.6317 22.0472 10.4346 29.6656 14.366 20.1088 1.0346 3.4258 0.0 4.2446 7.8461 11.7048 17.6215 0.3282 0.1413 0.0532 0.066 0.07 2.8231 5.0305 0.3449 46.9204 47.0991 18.1785 14.3025 33.9828 8.6807 183.6277 210.0051 210.0051 1.8773 4.3637 9.4102 12.9486 1.029 89.6022 202.551 11.8077 80.9369 38.3104 1.1718 223.0732 78.2531 141.9404 204.6609;
	2.3134 31.2586 69.6314 110.603 10.6523 20.5666 1.5093 13.0234 2.9342 5.7518 10.6321 15.861 23.8786 4.757 2.0829 0.7847 0.9736 1.0318 3.5005 1.2196 0.5031 47.9887 31.123 78.7498 60.4192 69.596 11.3824 267.1867 261.2075 261.2075 88.3409 8.2226 11.6683 3.1394 14.9138 111.4485 273.6314 26.1329 368.3479 161.8372 4.2922 228.1518 87.3683 120.1349 276.4817;
	3.133 42.3339 87.5836 66.027 13.8296 4.2936 1.2372 6.6945 0.0373 0.5 0.9242 1.3787 2.0756 0.615 0.0 0.0 0.0 0.0 14.4419 0.0 0.4124 10.0184 31.7418 50.7756 31.0329 53.8623 9.1369 401.0597 277.0372 277.0372 179.9697 15.524 48.1398 0.0 1.9282 118.2026 318.6225 49.1604 37.7058 83.1237 12.168 47.6304 16.1737 200.294 321.9415;
	3.332 45.0224 29.7151 94.206 14.1067 8.5565 0.0132 3.7635 0.0 4.6019 8.5065 12.69 19.1047 0.0 0.0 0.0 0.0 0.0 0.952 0.0 0.0044 19.9651 0.2776 16.7096 11.5928 54.9533 3.7852 355.0209 351.9751 351.9751 173.0847 24.9186 3.1733 0.0 0.0 150.1761 448.9277 73.0447 22.3609 31.0523 9.4934 94.9198 139.4533 242.9631 453.604;
	2.7343 36.947 63.0127 112.0657 13.6389 20.0688 0.2799 16.4244 3.2054 19.2727 35.6253 53.1459 80.0108 1.171 0.0 0.0 0.0 0.0 0.0652 0.0422 0.0933 46.8272 16.5881 38.008 22.565 71.8659 13.2555 540.7196 470.3205 470.3205 300.0771 36.3416 0.2175 0.1087 3.6712 200.6701 552.1616 95.6752 49.0982 60.442 14.5779 222.6297 116.5171 235.8668 557.9133;
	3.031 40.9557 85.8318 51.3218 14.1135 26.0194 2.1707 8.5641 3.7117 9.1766 16.9628 25.3052 38.0969 4.9472 0.6255 0.2357 0.2924 0.3099 7.8699 40.2461 0.7236 60.7119 28.4277 7.0667 7.8481 68.2895 8.9025 773.8866 430.6979 430.6979 310.5633 46.4346 26.2331 103.5937 15.5103 183.7644 613.8685 72.9549 42.2463 21.0216 14.6833 288.6415 112.2954 210.6475 620.263;
	3.1247 42.2215 6.9169 28.5853 14.4611 4.0913 18.1446 13.0792 26.6041 24.6325 45.5329 67.9261 102.2623 3.4876 2.3426 0.8826 1.095 1.1604 12.3623 20.8185 6.0482 9.5464 60.3604 35.8183 17.2332 60.0526 12.9796 705.1708 393.8461 393.8461 259.4326 44.0074 41.2077 53.5868 10.9342 168.041 516.1254 71.0401 6.7652 46.1602 20.7368 45.3861 107.4221 195.6403 521.5017;
