function loadprofile = ex_load_profilesh1
%EX_LOAD_PROFILE  Example load profile data file for stochastic unit commitment.
% 2022.03.12
% Andres F. Ramirez

%% define constants
[CT_LABEL, CT_PROB, CT_TABLE, CT_TBUS, CT_TGEN, CT_TBRCH, CT_TAREABUS, ...
    CT_TAREAGEN, CT_TAREABRCH, CT_ROW, CT_COL, CT_CHGTYPE, CT_REP, ...
    CT_REL, CT_ADD, CT_NEWVAL, CT_TLOAD, CT_TAREALOAD, CT_LOAD_ALL_PQ, ...
    CT_LOAD_FIX_PQ, CT_LOAD_DIS_PQ, CT_LOAD_ALL_P, CT_LOAD_FIX_P, ...
    CT_LOAD_DIS_P, CT_TGENCOST, CT_TAREAGENCOST, CT_MODCOST_F, ...
    CT_MODCOST_X] = idx_ct;

loadprofile = struct( ...
    'type', 'mpcData', ...
    'table', CT_TAREALOAD, ...
    'rows', [1:11], ...
    'col', CT_LOAD_ALL_P, ...
    'chgtype', 1, ...
    'values', [] );
loadprofile.values(:,1,:) = [
	1575.4902 920.5887 1650.0197 597.2 841.8155 1167.1517 856.9916 248.0263 533.9 4587.8422 1778.3302;
	1563.1846 925.0964 1660.1 589.3 844.2316 1168.4396 876.1371 257.531 538.3238 4592.6678 1788.9;
	1592.3 948.7235 1671.8 603.8161 864.3675 1189.8896 887.0163 262.5 529.9508 4586.7987 1794.9;
	1618.2108 989.163 1746.7452 609.7 912.2379 1227.1079 919.4488 279.4251 563.0 4759.8171 1884.6;
	1766.675 1140.0308 1933.8629 635.2664 1024.3478 1416.3962 1030.9592 319.1 648.7588 5355.3577 2105.5992;
	1869.3899 1239.5505 2069.0036 632.3 1079.3 1486.9835 1084.1458 330.8024 685.0202 5888.11 2133.3312;
	1918.4301 1231.9 2058.5496 623.2287 1099.2011 1449.7408 1081.6306 324.7728 696.9 6270.4063 2120.4359;
	1877.1704 1201.2902 2015.6095 609.9287 1069.4386 1436.6172 1074.4227 323.4972 696.2468 6357.2581 1964.4257;
	1899.9969 1220.365 2078.9684 610.1118 1063.7914 1388.4801 1028.6536 319.6932 691.9543 6336.6602 1766.6239;
	1926.033 1188.5752 2063.5547 584.7019 1041.4 1318.9066 987.5 313.9701 659.5877 6111.5523 1473.6157;
	1863.168 1126.4379 1990.6068 592.5 1004.7313 1255.8359 981.7375 308.234 650.1022 6138.9498 1479.4146;
	1867.0178 1143.4471 2055.4025 587.3711 1053.7369 1354.092 1026.0305 316.6255 668.0951 6248.8548 1531.2272;
	1818.6658 1126.7128 2016.6805 587.9082 999.6724 1322.0219 989.6 285.9015 659.9205 6036.0057 1416.5746;
	1756.0056 1100.1273 1993.3981 586.1 1002.1 1356.6489 1020.0575 294.5069 669.4 6182.2628 1859.6327;
	1762.3803 1119.8304 1967.8386 586.8418 992.6316 1365.3918 1043.4287 303.1426 671.1 6283.5199 1889.1191;
	1728.796 1087.519 1942.9 573.3418 1003.7341 1355.438 1062.281 282.246 688.6477 6155.8788 1924.3284;
	1782.6713 1164.9746 2004.136 582.2 1021.932 1414.5734 1116.8854 315.6749 718.0444 6184.4184 2267.8068;
	1840.4083 1220.5814 2074.4686 613.2 1045.9 1490.1213 1174.0038 332.3132 741.9688 6098.3418 2366.8101;
	1843.7484 1208.6555 2053.0 623.3884 1027.675 1449.8474 1152.9069 319.5728 721.4662 5956.1576 2249.3918;
	1787.9447 1160.5216 1988.0831 608.5544 976.8899 1419.2679 1114.5985 308.9185 683.0578 5703.512 2109.3183;
	1726.03 1083.2403 1854.5689 601.4182 917.6342 1318.2 1040.5 274.4623 638.9105 5537.0363 1972.4076;
	1690.1083 1030.4151 1767.1169 591.1228 878.1641 1216.3962 960.4 263.1729 557.2832 5199.9667 1863.0001;
	1569.8611 919.6015 1647.0 561.2649 812.435 1155.1 903.0 251.274 540.1099 4825.8279 1789.266;
	1519.4 886.1 1581.6231 564.2 791.8856 1115.0498 863.1853 222.134 515.8 4350.6501 1650.8661;
];
