function windprofile = ex_wind_profilesh1
%EX_WIND_PROFILE_D  Example wind_load_nyiso profile data for deterministic unit commitment.
% 2022.03.12
% Andres F. Ramirez


%% define constants
[GEN_BUS, PG, QG, QMAX, QMIN, VG, MBASE, GEN_STATUS, PMAX, PMIN, ...
    MU_PMAX, MU_PMIN, MU_QMAX, MU_QMIN, PC1, PC2, QC1MIN, QC1MAX, ...
    QC2MIN, QC2MAX, RAMP_AGC, RAMP_10, RAMP_30, RAMP_Q, APF] = idx_gen;
[CT_LABEL, CT_PROB, CT_TABLE, CT_TBUS, CT_TGEN, CT_TBRCH, CT_TAREABUS, ...
    CT_TAREAGEN, CT_TAREABRCH, CT_ROW, CT_COL, CT_CHGTYPE, CT_REP, ...
    CT_REL, CT_ADD, CT_NEWVAL, CT_TLOAD, CT_TAREALOAD, CT_LOAD_ALL_PQ, ...
    CT_LOAD_FIX_PQ, CT_LOAD_DIS_PQ, CT_LOAD_ALL_P, CT_LOAD_FIX_P, ...
    CT_LOAD_DIS_P, CT_TGENCOST, CT_TAREAGENCOST, CT_MODCOST_F, ...
    CT_MODCOST_X] = idx_ct;

windprofile = struct( ...
    'type', 'mpcData', ...
    'table', CT_TGEN, ...
    'rows', [1:45], ...
    'col', PMAX, ...
    'chgtype', 1, ...
    'values', [] );
windprofile.values(:,1,:) = [
	0.6822 9.2175 54.4723 59.8503 6.9131 0.0127 3.0021 8.0161 3.805 17.8307 32.9598 49.1696 74.0245 0.0888 143.1413 53.9276 66.9102 70.9049 74.5469 66.5638 1.0007 0.0297 66.9158 71.2639 48.3204 44.993 4.0714 210.0664 322.3192 322.3192 222.538 40.1948 248.4898 171.3354 0.2785 137.5229 400.9838 85.2618 107.6361 129.4296 63.2786 0.1412 9.823 58.2879 405.1607;
	0.4512 6.0972 50.4426 58.3158 6.2372 0.0 3.4353 11.376 3.8966 11.3718 21.0205 31.3585 47.21 1.5177 123.704 46.6048 57.8244 61.2766 74.229 68.8442 1.1451 0.0 33.15 75.2812 56.1056 49.3589 5.9195 79.3692 235.2071 235.2071 153.477 25.5102 247.43 177.2052 4.7583 100.355 303.7859 91.1422 206.6772 150.2828 78.0145 0.0 14.9238 82.898 306.9504;
	0.243 3.2841 57.8022 63.5296 4.7216 0.0 1.8802 11.4431 0.2062 9.1793 16.9679 25.3127 38.1082 0.0 81.4722 30.6942 38.0835 40.3571 62.9808 67.3648 0.6267 0.0 6.9371 82.2869 59.5712 55.4131 6.2471 38.5654 44.0903 44.0903 90.2591 12.9735 209.936 173.3972 0.0 18.8119 176.2555 14.4863 11.7904 159.5656 73.6687 0.0 1.5462 95.6281 178.0915;
	0.2306 3.1164 64.1661 72.3365 6.0872 0.0 5.6543 13.7113 0.816 14.4379 26.6883 39.8136 59.9392 0.2939 92.0748 34.6887 43.0396 45.6092 48.7691 65.1959 1.8848 0.0 28.5685 83.5542 63.1246 66.6825 7.308 49.8382 40.7522 40.7522 35.8287 14.4859 162.5638 167.8145 0.9213 17.3876 16.2166 1.7404 166.4065 169.0838 72.9205 0.0 1.3302 131.3948 16.3855;
	0.3918 5.2939 76.3655 73.9184 8.6157 0.0 2.7963 13.6086 0.2058 13.9748 25.8322 38.5365 58.0165 9.2229 126.1729 47.5349 58.9785 62.4996 56.8932 63.9897 0.9321 0.0 30.771 82.4238 77.7263 70.8612 8.3253 26.6919 23.2136 23.2136 4.4065 6.7686 189.6439 164.7097 28.915 9.9045 12.2236 0.6953 87.8093 208.1955 74.5432 0.0 25.187 129.3302 12.3509;
	0.4573 6.1795 79.9691 63.0312 10.0196 3.8879 0.8766 12.3055 2.4615 8.0555 14.8905 22.2138 33.4427 15.5824 148.5547 55.9671 69.4407 73.5864 80.9052 65.1354 0.2922 9.0718 27.5089 83.5133 56.497 70.0816 7.6624 57.1399 48.5091 48.5091 57.8513 11.4549 269.6839 167.6587 48.8528 20.6972 39.5138 2.2231 11.2175 151.3313 59.1227 43.1299 27.5435 140.4349 39.9254;
	0.4756 6.4264 59.4655 41.6269 9.2748 3.3652 4.1908 8.1393 2.8904 7.4147 13.706 20.4466 30.7822 11.872 123.2158 46.4208 57.5962 61.0348 65.236 67.1645 1.3969 7.8521 21.4282 64.6785 36.7127 63.9884 4.184 81.493 111.135 111.135 83.9761 5.6515 217.4535 172.8815 37.2203 47.4176 175.1099 10.6961 44.1033 98.3377 33.2601 37.331 37.7953 136.1459 176.934;
	0.3379 4.5658 30.9561 26.0863 3.4434 2.3522 4.2701 6.5401 2.7861 4.6584 8.6109 12.8458 19.3393 3.1422 65.337 24.6153 30.5412 32.3646 19.8041 47.6252 1.4234 5.4885 10.9556 36.4643 31.2649 57.2043 4.0963 6.2267 18.0917 18.0917 119.5182 1.0379 66.0136 122.5873 9.8513 7.7191 20.567 16.7409 6.8096 83.7454 13.0161 26.0939 2.1164 90.7929 20.7813;
	0.539 7.2826 23.3674 21.9161 3.2652 0.5017 0.0 4.1092 3.9503 4.3769 8.0907 12.0697 18.1709 6.943 19.071 7.1849 8.9146 9.4468 8.7322 16.7931 0.0 1.1707 5.2457 30.15 23.0485 48.43 2.4601 10.1347 64.3214 64.3214 182.1696 1.032 29.1074 43.2255 21.7674 27.4438 24.1765 56.4812 32.7094 61.737 8.4507 5.5656 14.4861 68.186 24.4284;
	0.5736 7.7506 24.1725 21.5385 7.2807 2.4795 2.9093 3.2195 25.7695 5.556 10.2702 15.3211 23.0659 9.5073 11.4464 4.3124 5.3505 5.67 15.2923 13.4946 0.9698 5.7856 9.9484 33.7931 25.7951 41.7241 2.0296 41.3258 133.6918 133.6918 190.872 2.5803 50.9745 34.7351 29.8067 57.0418 31.3613 69.9993 198.9608 69.094 1.6608 27.5062 51.9563 78.881 31.688;
	0.8434 11.3968 38.7343 0.3283 11.1659 6.9767 1.3452 2.6129 18.9393 1.6786 3.1029 4.6289 6.9688 3.1842 6.9464 2.617 3.247 3.4409 37.0479 5.221 0.4484 16.279 26.6981 39.3526 41.7769 44.1328 0.9123 63.0175 77.8763 77.8763 104.6944 9.0645 123.4931 13.439 9.9828 33.2272 70.3447 50.3695 101.8086 111.9023 1.1305 77.3952 18.1531 94.7936 71.0775;
	1.6776 22.6676 59.8429 3.3396 14.0658 13.6063 1.0887 0.0079 16.9328 9.4752 17.5148 26.1287 39.3366 0.0768 34.7067 13.0756 16.2234 17.1919 12.8632 6.969 0.3629 31.7481 48.4347 52.4157 3.4485 41.9882 0.0453 133.9896 107.2253 107.2253 44.2713 3.4119 42.8774 17.9381 0.2407 45.7494 115.7125 10.6819 27.3511 9.2371 2.7348 150.9396 37.1927 130.7465 116.9178;
	2.0481 27.6744 71.5787 0.0 14.2425 3.2561 0.0533 0.0001 0.9129 24.1296 44.6031 66.5391 100.1742 5.4479 104.1457 39.2363 48.6821 51.5885 46.7279 9.8871 0.0178 7.5977 15.9323 49.5702 56.7239 40.3941 0.0288 193.923 160.6958 160.6958 11.8156 3.73 155.7596 25.4493 17.0798 68.5635 151.9934 37.1807 5.3285 151.9389 0.5641 36.1215 113.3185 154.8891 153.5767;
	1.6833 22.7445 0.0 0.0 14.2009 20.6504 2.3251 0.0003 4.3989 0.9476 1.7517 2.6131 3.934 10.8048 33.824 12.743 15.8108 16.7547 39.7966 8.3728 0.775 48.1842 21.5653 0.0 0.0 26.7209 0.0 195.3885 214.7423 214.7423 56.3339 9.0612 132.6554 21.5516 33.8744 91.6234 183.3131 43.1065 92.2338 0.0 0.0247 229.0814 90.308 126.3385 185.2226;
	1.9436 26.2622 0.1808 0.0024 9.7274 4.2233 0.2015 0.5514 3.3583 1.3396 2.4762 3.6939 5.5612 3.2308 38.2031 14.3928 17.8577 18.9239 29.2692 0.3552 0.0672 9.8543 2.1553 0.0433 0.0395 0.7335 0.0292 241.5546 241.6407 241.6407 92.938 7.6223 97.564 0.9143 10.129 103.1001 225.4873 22.7944 26.763 0.1057 1.5479 46.8502 86.0165 96.5884 227.8361;
	2.9764 40.2183 81.0223 3.8163 13.9718 3.9491 1.2672 0.1543 3.7135 5.6052 10.3611 15.4567 23.27 7.0842 29.0807 10.956 13.5935 14.4051 15.0203 0.0243 0.4224 9.2147 41.556 1.2291 3.1776 0.8569 0.1633 393.8278 260.9127 260.9127 175.0838 13.2601 50.0678 0.0624 22.21 111.3227 305.4398 48.2039 30.6785 8.5115 3.7781 43.8091 45.0422 171.3714 308.6215;
	3.2861 44.4018 0.0 2.2945 14.8033 1.5252 1.1304 0.1063 0.2665 0.4532 0.8378 1.2498 1.8816 8.119 44.7205 16.8482 20.9042 22.1523 0.2928 0.3805 0.3768 3.5588 0.0 0.198 0.2359 3.883 0.3589 410.9325 365.5089 365.5089 203.3099 25.8861 0.9759 0.9794 25.4542 155.9505 456.2516 80.5346 7.7979 0.6318 0.0784 16.9194 140.8441 204.3788 461.0042;
	2.798 37.8077 6.4125 21.5583 14.9146 18.585 2.5466 1.2152 0.1775 3.3915 6.2691 9.3522 14.0797 18.0452 50.67 19.0896 23.6853 25.0993 3.0865 0.1536 0.8489 43.3651 12.7972 19.8092 27.9812 11.595 0.4928 561.5904 464.8176 464.8176 346.4281 34.0005 10.2884 0.3955 56.5742 198.3222 531.5857 104.4083 35.6316 74.9497 0.8839 206.1699 121.6565 213.2602 537.123;
	3.1349 42.3597 84.1366 0.3062 14.5711 25.4822 3.2399 0.9755 0.0 8.1945 15.1474 22.597 34.0197 9.1748 172.5326 65.0007 80.649 85.4638 48.0108 40.8477 1.08 59.4584 25.9579 6.3177 8.0847 59.521 0.1159 752.2782 443.9367 443.9367 385.7596 44.7225 160.0362 105.142 28.7642 189.413 613.5483 80.9235 41.8013 21.6554 0.0405 282.6824 120.4601 197.1926 619.9394;
	2.9639 40.0493 6.1223 14.8288 14.7638 0.4609 18.8524 0.6485 24.1483 20.6978 38.2595 57.0757 85.9271 14.5526 103.5025 38.994 48.3814 51.2698 36.1801 21.7714 6.2841 1.0755 54.1916 22.8162 9.0631 51.6553 0.0073 697.2917 420.4408 420.4408 337.5559 37.5402 120.6003 56.0397 45.6245 179.3881 515.1274 76.0746 38.9952 24.2761 0.8109 5.113 115.3793 165.4793 520.4933;
