function loadprofile = ex_load_profilesh1
%EX_LOAD_PROFILE  Example load profile data file for stochastic unit commitment.
% 2022.03.12
% Andres F. Ramirez

%% define constants
[CT_LABEL, CT_PROB, CT_TABLE, CT_TBUS, CT_TGEN, CT_TBRCH, CT_TAREABUS, ...
    CT_TAREAGEN, CT_TAREABRCH, CT_ROW, CT_COL, CT_CHGTYPE, CT_REP, ...
    CT_REL, CT_ADD, CT_NEWVAL, CT_TLOAD, CT_TAREALOAD, CT_LOAD_ALL_PQ, ...
    CT_LOAD_FIX_PQ, CT_LOAD_DIS_PQ, CT_LOAD_ALL_P, CT_LOAD_FIX_P, ...
    CT_LOAD_DIS_P, CT_TGENCOST, CT_TAREAGENCOST, CT_MODCOST_F, ...
    CT_MODCOST_X] = idx_ct;

loadprofile = struct( ...
    'type', 'mpcData', ...
    'table', CT_TAREALOAD, ...
    'rows', [1:11], ...
    'col', CT_LOAD_ALL_P, ...
    'chgtype', 1, ...
    'values', [] );
loadprofile.values(:,1,:) = [
	1487.2157 940.0029 1650.0603 592.8504 787.9969 1207.9 908.714 239.6 517.7683 4390.623 1706.2882;
	1488.5274 925.4557 1631.3355 580.9487 782.5441 1188.898 903.133 228.3676 489.8508 4247.5021 1603.4179;
	1490.1563 950.693 1662.8448 584.2767 816.6499 1222.5302 914.7484 208.5598 500.7717 4272.0454 1567.262;
	1576.8274 982.5151 1744.776 590.1 844.3138 1266.4956 954.1896 233.8087 532.7225 4527.6552 1686.7491;
	1689.3944 1120.8125 1874.4516 610.1 966.9782 1419.939 1065.9117 276.7818 639.9544 5207.9225 1995.5137;
	1770.4122 1169.1658 1920.5693 604.3 1009.0869 1465.8686 1077.1137 316.8403 688.8869 5650.0132 2076.6486;
	1783.1383 1137.6003 1916.0843 577.3344 989.8332 1424.3953 1048.8005 285.76 681.5679 5816.0301 1866.0663;
	1832.4608 1128.843 1861.7559 560.4919 996.0763 1402.8 1058.4845 315.3351 706.0 6126.515 1981.4581;
	1859.6453 1141.8464 1852.9831 563.7511 960.4541 1360.2578 1020.4804 304.8001 707.4078 6088.2581 1952.2066;
	1833.6592 1129.6818 1824.5607 552.0435 958.1544 1364.6217 986.501 320.3 680.6 5947.8429 1886.9461;
	1807.422 1117.995 1787.9599 559.9078 942.7264 1350.1 995.8804 307.312 680.1 6119.2733 1931.5295;
	1819.7142 1115.9962 1763.6862 569.2 948.9 1305.5351 963.7181 281.6704 668.1005 5591.6885 1858.0241;
	1773.121 1131.2298 1768.1219 580.2309 932.5476 1269.1697 986.4968 279.9671 674.8905 6008.9354 1982.1327;
	1773.9027 1157.5419 1780.8414 574.394 925.6 1258.7181 972.538 270.1316 662.9 5857.9 1950.5838;
	1748.4913 1151.8197 1815.0513 559.8609 938.5868 1303.0434 1032.0688 258.8174 671.2 5910.0523 2090.3822;
	1807.1813 1193.5722 1897.6178 590.7736 994.7754 1385.6885 1075.7415 294.4 672.7737 6190.1339 2232.3854;
	1785.7516 1206.9182 1943.8767 598.3055 1011.8447 1416.0597 1113.2649 316.908 705.6 5927.7837 2303.995;
	1893.7667 1264.982 2038.0789 598.9293 1077.8814 1476.9417 1170.4 338.8263 733.8 6145.2578 2478.3542;
	1917.2572 1258.511 1979.5486 597.0 1005.1921 1444.8681 1173.8 317.1657 711.5472 5855.2942 2370.3176;
	1832.3452 1202.367 1896.6985 592.3974 954.7161 1356.2815 1114.9 306.7162 707.1936 5774.103 2259.4476;
	1751.3749 1110.6551 1800.7983 559.6842 901.8939 1277.3 1043.4 271.4752 652.2523 5273.4744 2081.7743;
	1672.4841 1048.7646 1676.3898 556.9 843.9 1185.1642 961.3894 237.6187 577.6286 4884.9535 1886.168;
	1503.8801 944.3809 1569.8657 562.8 745.082 1121.9493 865.5572 219.5048 538.3 4717.0058 1718.9234;
	1495.3732 932.4576 1563.8602 563.3 698.7193 1074.7253 835.7126 213.7404 525.2319 4580.0438 1696.4194;
];
