function loadprofile = ex_load_profilesh1
%EX_LOAD_PROFILE  Example load profile data file for stochastic unit commitment.
% 2022.03.12
% Andres F. Ramirez

%% define constants
[CT_LABEL, CT_PROB, CT_TABLE, CT_TBUS, CT_TGEN, CT_TBRCH, CT_TAREABUS, ...
    CT_TAREAGEN, CT_TAREABRCH, CT_ROW, CT_COL, CT_CHGTYPE, CT_REP, ...
    CT_REL, CT_ADD, CT_NEWVAL, CT_TLOAD, CT_TAREALOAD, CT_LOAD_ALL_PQ, ...
    CT_LOAD_FIX_PQ, CT_LOAD_DIS_PQ, CT_LOAD_ALL_P, CT_LOAD_FIX_P, ...
    CT_LOAD_DIS_P, CT_TGENCOST, CT_TAREAGENCOST, CT_MODCOST_F, ...
    CT_MODCOST_X] = idx_ct;

loadprofile = struct( ...
    'type', 'mpcData', ...
    'table', CT_TAREALOAD, ...
    'rows', [1:11], ...
    'col', CT_LOAD_ALL_P, ...
    'chgtype', 1, ...
    'values', [] );
loadprofile.values(:,1,:) = [
	1533.9304 927.1513 1484.5116 598.9954 847.6 1197.5 901.1 248.2 601.3068 4664.8495 1799.9552;
	1541.3 931.1471 1499.1791 590.0648 847.3 1174.7448 908.0157 254.8 590.1615 4566.2424 1801.8363;
	1538.9347 937.4523 1547.4268 589.3 870.9 1213.6046 904.6263 251.2252 570.4942 4609.5239 1809.0881;
	1588.601 1009.9634 1643.0733 599.8817 900.8404 1252.4487 948.4114 269.1431 604.2615 4809.877 1905.3783;
	1713.2683 1119.8313 1800.7428 621.0 1027.3267 1406.5103 1061.7439 311.629 667.9345 5353.6891 2121.9583;
	1798.2914 1213.1828 1949.7223 609.1 1115.2318 1524.5025 1136.3926 349.9 761.7896 6025.6158 2292.2374;
	1843.1 1222.0685 1928.5215 619.6674 1140.9481 1503.8533 1160.4426 358.5082 767.4753 6341.8775 2292.5;
	1869.3137 1251.6 1951.2104 627.3 1115.4879 1496.179 1151.1288 345.0 754.7071 6515.4634 2246.533;
	1874.8746 1259.1048 1941.3698 621.1265 1083.5464 1471.2949 1103.5681 342.184 770.0438 6595.1076 2228.6398;
	1873.9 1262.8522 1928.8933 620.8 1059.7876 1388.8265 1104.1677 329.7971 743.3802 6500.4352 2084.4353;
	1868.912 1256.2912 1895.4647 615.7264 1059.3 1451.6584 1132.1922 332.5 770.1936 6551.1169 2167.6883;
	1890.2681 1238.5544 1876.0496 630.8197 1027.7598 1391.3697 1060.4867 324.6 719.0419 6486.9438 2012.5875;
	1872.069 1218.2395 1869.6299 597.24 1003.8579 1357.3 1055.1846 313.7813 697.0204 6439.4632 2059.2968;
	1826.1425 1202.8 1859.989 583.8231 1013.1252 1381.798 1079.8845 318.0438 699.9318 6538.644 2174.7332;
	1799.0 1171.3313 1862.0583 581.8521 986.9156 1379.349 1086.6619 305.0556 731.4159 6548.5243 2187.8892;
	1803.4227 1181.2294 1890.5243 564.461 972.0155 1445.6024 1101.2238 282.1375 740.4938 6404.2413 2277.8;
	1792.7075 1174.163 1903.3101 567.301 985.9659 1497.85 1133.0594 273.4643 745.5978 6185.9179 2356.5405;
	1836.6461 1224.17 1977.8011 597.9728 1054.3741 1530.5038 1196.5593 320.838 785.5235 6172.0535 2493.322;
	1873.8395 1245.3128 1988.3927 586.6873 1042.4552 1550.0105 1249.3736 338.6339 824.0241 6190.7358 2535.9629;
	1809.4472 1167.1791 1889.7064 574.2 983.767 1450.0144 1189.8219 332.0243 773.8349 5934.3423 2433.5;
	1751.0203 1102.4835 1776.7341 572.1 937.1 1362.1614 1092.7158 303.228 722.2164 5637.578 2254.6912;
	1631.3933 1029.2 1647.5007 551.9 872.6247 1259.5105 1008.8 268.8229 660.1577 5254.9677 2062.9637;
	1580.2025 972.6705 1533.9 533.7171 817.8412 1224.2566 944.9 289.1233 591.8295 4862.8584 1908.3261;
	1546.7867 950.3399 1530.6837 526.6953 814.0742 1202.2012 909.4297 258.5423 585.6977 4599.5308 1801.1;
];
