function solarprofile = ex_solar_profilesh1
%EX_WIND_PROFILE_D  Example wind_load_nyiso profile data for deterministic unit commitment.
% 2022.03.12
% Andres F. Ramirez


%% define constants
[GEN_BUS, PG, QG, QMAX, QMIN, VG, MBASE, GEN_STATUS, PMAX, PMIN, ...
    MU_PMAX, MU_PMIN, MU_QMAX, MU_QMIN, PC1, PC2, QC1MIN, QC1MAX, ...
    QC2MIN, QC2MAX, RAMP_AGC, RAMP_10, RAMP_30, RAMP_Q, APF] = idx_gen;
[CT_LABEL, CT_PROB, CT_TABLE, CT_TBUS, CT_TGEN, CT_TBRCH, CT_TAREABUS, ...
    CT_TAREAGEN, CT_TAREABRCH, CT_ROW, CT_COL, CT_CHGTYPE, CT_REP, ...
    CT_REL, CT_ADD, CT_NEWVAL, CT_TLOAD, CT_TAREALOAD, CT_LOAD_ALL_PQ, ...
    CT_LOAD_FIX_PQ, CT_LOAD_DIS_PQ, CT_LOAD_ALL_P, CT_LOAD_FIX_P, ...
    CT_LOAD_DIS_P, CT_TGENCOST, CT_TAREAGENCOST, CT_MODCOST_F, ...
    CT_MODCOST_X] = idx_ct;

solarprofile = struct( ...
    'type', 'mpcData', ...
    'table', CT_TGEN, ...
    'rows', [1:12], ...
    'col', PMAX, ...
    'chgtype', 1, ...
    'values', [] );
solarprofile.values(:,1,:) = [
	0.0 0.0 0.0 0.0 0.0 0.0 0.0 0.0 0.0 0.0 0.0 0.0;
	0.0 0.0 0.0 0.0 0.0 0.0 0.0 0.0 0.0 0.0 0.0 0.0;
	0.0 0.0 0.0 0.0 0.0 0.0 0.0 0.0 0.0 0.0 0.0 0.0;
	0.0 0.0 0.0 0.0 0.0 0.0 0.0 0.0 0.0 0.0 0.0 0.0;
	0.0 0.0 0.0 0.0 0.0 0.0 0.0 0.0 0.0 0.0 0.0 0.0;
	0.4731 0.4018 0.4224 0.0 0.0 0.0 0.0 0.5377 0.0 0.0 0.0 0.0;
	5.7306 2.8407 3.3823 3.3293 9.2535 247.9695 30.9962 44.5895 165.7824 15.438 0.0 27.9584;
	17.1225 11.649 10.9686 5.1184 11.4621 414.9477 51.8685 75.0948 260.7416 40.398 9.6432 73.1611;
	22.2065 16.5254 13.8 6.5199 11.5486 431.0762 53.8845 78.2462 269.1569 66.6871 22.0882 120.7707;
	18.2124 14.6399 13.3631 2.5183 9.2039 313.5213 39.1902 64.9172 191.9159 91.8735 42.9173 166.3835;
	24.9189 16.371 13.7627 5.2117 10.1047 342.6025 42.8253 59.1282 208.5455 138.4664 55.4922 250.7634;
	25.527 16.4871 13.865 7.1017 10.7438 374.6231 46.8279 56.9868 224.8247 171.5376 70.9199 310.6557;
	16.4898 12.7499 11.4735 8.8992 10.6084 306.9179 38.3647 20.4516 164.4579 125.0289 48.8784 226.428;
	9.7281 7.992 7.7236 5.3828 9.3484 261.6156 32.702 14.0308 131.0751 81.3935 33.5047 147.4041;
	2.6351 2.8012 2.7375 2.4705 6.8813 176.4197 22.0525 8.4874 98.0838 58.6765 20.433 106.2635;
	0.0 0.126 0.3378 0.2328 1.6084 34.3304 4.2913 1.2629 28.7352 13.5577 6.4037 24.553;
	0.4463 0.404 0.3629 0.3522 0.8048 10.5943 1.3243 1.3823 11.3074 7.6398 6.2183 13.8357;
	0.0 0.0 0.0 0.0 0.0 0.0 0.0 0.0 0.0 0.0 0.0 0.0;
	0.0 0.0 0.0 0.0 0.0 0.0 0.0 0.0 0.0 0.0 0.0 0.0;
	0.0 0.0 0.0 0.0 0.0 0.0 0.0 0.0 0.0 0.0 0.0 0.0;
	0.0 0.0 0.0 0.0 0.0 0.0 0.0 0.0 0.0 0.0 0.0 0.0;
	0.0 0.0 0.0 0.0 0.0 0.0 0.0 0.0 0.0 0.0 0.0 0.0;
	0.0 0.0 0.0 0.0 0.0 0.0 0.0 0.0 0.0 0.0 0.0 0.0;
	0.0 0.0 0.0 0.0 0.0 0.0 0.0 0.0 0.0 0.0 0.0 0.0;
];
