function loadprofile = ex_load_profilesh1
%EX_LOAD_PROFILE  Example load profile data file for stochastic unit commitment.
% 2022.03.12
% Andres F. Ramirez

%% define constants
[CT_LABEL, CT_PROB, CT_TABLE, CT_TBUS, CT_TGEN, CT_TBRCH, CT_TAREABUS, ...
    CT_TAREAGEN, CT_TAREABRCH, CT_ROW, CT_COL, CT_CHGTYPE, CT_REP, ...
    CT_REL, CT_ADD, CT_NEWVAL, CT_TLOAD, CT_TAREALOAD, CT_LOAD_ALL_PQ, ...
    CT_LOAD_FIX_PQ, CT_LOAD_DIS_PQ, CT_LOAD_ALL_P, CT_LOAD_FIX_P, ...
    CT_LOAD_DIS_P, CT_TGENCOST, CT_TAREAGENCOST, CT_MODCOST_F, ...
    CT_MODCOST_X] = idx_ct;

loadprofile = struct( ...
    'type', 'mpcData', ...
    'table', CT_TAREALOAD, ...
    'rows', [1:11], ...
    'col', CT_LOAD_ALL_P, ...
    'chgtype', 1, ...
    'values', [] );
loadprofile.values(:,1,:) = [
	1577.0678 1002.2576 1730.8651 605.9 853.4828 1191.5116 852.3067 264.2 474.6694 4432.7 1717.2967;
	1583.874 1008.905 1731.8046 609.3356 871.1 1185.3285 845.0972 269.6519 444.4734 4210.0026 1684.4718;
	1550.4627 1006.2 1737.5363 607.0997 875.3 1186.293 867.6824 269.5 457.9791 4289.5719 1722.191;
	1628.8182 1084.2639 1833.35 608.4841 934.7743 1272.5249 928.132 301.6 517.56 4679.2114 1863.8706;
	1794.6 1207.1232 2057.242 629.6476 1057.0306 1444.5936 1021.7 348.8 613.2562 5233.9915 2130.4522;
	1840.1084 1257.8 2079.709 636.7 1112.2 1506.7408 1080.7907 374.9336 675.8 5568.3818 2199.9904;
	1814.1968 1234.7335 2013.4168 615.3675 1108.3891 1486.6131 1048.7822 353.1384 685.323 5879.6773 2171.5042;
	1857.759 1224.6906 2042.0273 592.5 1105.6595 1482.6674 1096.5249 351.7111 685.8 6287.3088 2181.12;
	1829.8409 1216.8922 2048.1598 573.1189 1062.5868 1469.9 1080.7527 349.4263 667.7 6174.6179 2033.6706;
	1797.4749 1204.7057 2040.5534 572.1 1044.4 1508.5647 1070.1054 334.4 671.2142 6073.5567 1907.933;
	1793.7846 1216.0961 2007.0026 565.2086 997.7482 1447.4411 1062.3323 349.6519 648.6733 6207.001 1930.4516;
	1752.9655 1172.307 1997.7792 559.7676 1029.8197 1387.7989 1019.3738 333.3 626.4964 6179.6939 1830.8761;
	1737.4181 1168.8369 1979.5488 561.6715 1006.9503 1387.7052 1011.6286 330.3 621.9345 6054.5693 1514.388;
	1755.3136 1197.6836 1996.5589 558.7376 1010.9047 1368.9244 1030.5835 342.8 619.4333 6024.4333 1723.7279;
	1747.7784 1176.7305 1952.4443 567.3057 1020.6698 1393.8774 1043.5672 347.9 600.4606 6123.4803 1701.6596;
	1758.1484 1182.6141 1964.4458 567.1673 1015.7769 1501.7148 1118.2802 359.1673 622.5437 6203.6273 2037.1737;
	1804.2916 1227.2888 1971.7029 564.3345 1052.7073 1504.4545 1149.707 389.9661 651.3229 6161.2723 2297.1037;
	1792.197 1262.8264 1997.8 557.292 1056.2261 1524.4483 1170.9128 394.5714 681.5925 6250.7084 2434.6782;
	1796.7279 1255.7418 1958.5818 535.2353 1040.6963 1531.0 1173.8 381.4365 688.5609 6134.2296 2415.6474;
	1778.3853 1185.9451 1934.0 549.8556 1027.9955 1471.1013 1155.7956 382.1 675.4262 5985.2172 2354.1441;
	1718.0117 1106.1 1798.5 534.8817 945.1143 1349.5255 1097.8208 341.1 651.8037 5687.1861 2181.9331;
	1614.5934 1027.7 1690.8264 541.8482 901.1116 1255.293 976.5517 320.7836 589.6 5286.1423 1980.3;
	1549.7157 966.5494 1642.0751 530.0003 862.1 1192.9206 914.1907 306.2428 534.1 5006.5834 1997.3964;
	1533.0159 946.3289 1630.0 549.9518 835.8313 1186.1163 909.5586 289.9215 511.7415 4769.1061 1860.1105;
];
