function loadprofile = ex_load_profilesh1
%EX_LOAD_PROFILE  Example load profile data file for stochastic unit commitment.
% 2022.03.12
% Andres F. Ramirez

%% define constants
[CT_LABEL, CT_PROB, CT_TABLE, CT_TBUS, CT_TGEN, CT_TBRCH, CT_TAREABUS, ...
    CT_TAREAGEN, CT_TAREABRCH, CT_ROW, CT_COL, CT_CHGTYPE, CT_REP, ...
    CT_REL, CT_ADD, CT_NEWVAL, CT_TLOAD, CT_TAREALOAD, CT_LOAD_ALL_PQ, ...
    CT_LOAD_FIX_PQ, CT_LOAD_DIS_PQ, CT_LOAD_ALL_P, CT_LOAD_FIX_P, ...
    CT_LOAD_DIS_P, CT_TGENCOST, CT_TAREAGENCOST, CT_MODCOST_F, ...
    CT_MODCOST_X] = idx_ct;

loadprofile = struct( ...
    'type', 'mpcData', ...
    'table', CT_TAREALOAD, ...
    'rows', [1:11], ...
    'col', CT_LOAD_ALL_P, ...
    'chgtype', 1, ...
    'values', [] );
loadprofile.values(:,1,:) = [
	1613.9501 1000.8117 1737.2899 586.7 810.3995 1189.4962 903.6872 280.8 547.3944 4596.9498 1770.4021;
	1630.8939 994.4169 1740.5292 599.5359 821.424 1203.2123 927.45 292.5752 531.2185 4579.4535 1807.1297;
	1618.44 1017.4101 1783.2364 607.1 838.5056 1227.7112 935.3 302.8146 532.1819 4625.2816 1834.6876;
	1687.0327 1072.2392 1837.7607 620.7108 885.5 1284.3079 972.4 310.9 570.3166 4769.3541 1941.3053;
	1836.1251 1205.5 2015.4335 638.2218 1001.9004 1447.2622 1071.7 353.7 640.9 5260.0566 2159.0;
	1917.871 1275.3619 2124.5185 641.3135 1072.6724 1525.0907 1136.5086 403.0292 710.3 5905.228 2357.6268;
	1923.276 1283.5294 2105.5 622.1864 1097.7 1508.4502 1134.3422 389.8829 698.0 6111.0575 2305.4783;
	1881.0976 1280.9842 2083.817 592.6812 1052.7 1492.4461 1086.5773 366.6 683.3428 6191.025 2274.1987;
	1894.4803 1261.5136 2067.6535 602.2128 1034.948 1476.7 1060.9815 357.7 695.1 6088.4088 2215.393;
	1921.1628 1269.3021 2072.4517 595.8589 1034.4379 1475.4321 1040.8983 375.1075 669.5716 6271.1185 2242.1995;
	1890.1193 1245.5416 2071.4994 592.1803 1014.0587 1462.5728 1004.081 373.3787 653.858 6141.4994 2080.9671;
	1849.6799 1218.185 2029.1874 594.5261 982.446 1435.7806 974.9212 360.8 626.9726 6111.8818 2021.9661;
	1829.1797 1200.7055 2009.7137 581.5 953.3748 1348.502 939.3325 339.2358 622.03 5913.8221 1982.4968;
	1797.1492 1195.2 2011.5881 590.0 959.2697 1395.9224 976.3376 360.1268 646.1943 5892.8062 2073.6401;
	1774.2529 1167.0303 1948.1 564.169 946.1674 1407.1 1012.3868 351.88 659.6655 5929.8544 2098.3938;
	1817.7344 1202.4233 2025.7033 574.1237 944.4178 1455.0558 1046.5 372.698 669.1716 6177.4219 2196.56;
	1773.0576 1204.9825 2019.726 581.3033 960.3677 1445.3478 1091.6246 381.9007 688.3134 6150.5678 2324.6;
	1844.2976 1271.9 2133.2078 590.4106 997.0689 1506.3 1177.2895 390.4563 727.3 6223.2 2464.9944;
	1799.5823 1215.2291 2045.6404 597.5358 974.2394 1470.0937 1142.4001 386.3 695.3071 6103.0127 2448.733;
	1745.9183 1165.737 1927.9 592.7231 930.8665 1394.6304 1094.0 364.6 659.1698 5769.1967 2329.9315;
	1678.2508 1091.3939 1823.2284 578.8502 873.8933 1357.5396 1044.9899 326.3 611.4 5540.5559 2157.4001;
	1555.8601 1008.3201 1683.284 554.5694 774.3863 1216.3572 929.1014 283.2686 540.7481 5096.006 1937.3779;
	1561.0086 989.914 1634.9183 528.1331 747.0278 1163.2316 863.4456 261.8948 512.5259 4640.9347 1747.0677;
	1534.3084 943.2181 1613.5884 547.4515 747.0437 1135.4609 823.4 257.0 490.2804 4240.532 1634.7994;
];
