function loadprofile = ex_load_profilesh1
%EX_LOAD_PROFILE  Example load profile data file for stochastic unit commitment.
% 2022.03.12
% Andres F. Ramirez

%% define constants
[CT_LABEL, CT_PROB, CT_TABLE, CT_TBUS, CT_TGEN, CT_TBRCH, CT_TAREABUS, ...
    CT_TAREAGEN, CT_TAREABRCH, CT_ROW, CT_COL, CT_CHGTYPE, CT_REP, ...
    CT_REL, CT_ADD, CT_NEWVAL, CT_TLOAD, CT_TAREALOAD, CT_LOAD_ALL_PQ, ...
    CT_LOAD_FIX_PQ, CT_LOAD_DIS_PQ, CT_LOAD_ALL_P, CT_LOAD_FIX_P, ...
    CT_LOAD_DIS_P, CT_TGENCOST, CT_TAREAGENCOST, CT_MODCOST_F, ...
    CT_MODCOST_X] = idx_ct;

loadprofile = struct( ...
    'type', 'mpcData', ...
    'table', CT_TAREALOAD, ...
    'rows', [1:11], ...
    'col', CT_LOAD_ALL_P, ...
    'chgtype', 1, ...
    'values', [] );
loadprofile.values(:,1,:) = [
	1518.912 996.8244 1772.5442 590.8 961.3419 1220.0902 926.7845 257.3681 569.7661 4569.9117 1775.1049;
	1552.7826 1009.0096 1796.9823 582.7009 908.2641 1219.3781 928.2429 258.512 569.8728 4547.8406 1806.0125;
	1570.8621 1031.8591 1868.6331 580.1223 949.3506 1237.3 930.0505 258.2367 560.6004 4559.6869 1816.8007;
	1618.2233 1094.9 1901.7536 595.5 974.2083 1318.2684 996.8074 284.0208 609.1805 4787.2625 1961.2969;
	1740.8083 1211.1708 2039.3833 610.1 1037.621 1433.4483 1090.4123 310.2946 684.5148 5358.4232 2221.7485;
	1836.9554 1276.65 2134.3469 619.8 1080.8 1514.2162 1158.7489 326.3432 723.7 5900.619 2344.818;
	1792.7187 1254.1 2104.4503 602.1911 1060.6515 1508.1641 1190.2878 332.6996 766.1087 6247.6681 2314.1;
	1832.5864 1247.5863 2139.5821 596.0471 1070.9155 1498.361 1178.2678 325.3051 762.4014 6326.0899 2309.2421;
	1802.4493 1234.1428 2084.1075 597.5342 1061.3522 1440.2696 1151.4 344.246 749.0248 6502.6346 2326.0046;
	1823.0784 1205.6289 2041.9 605.7749 1037.6655 1426.6964 1170.1132 341.9538 749.5545 6498.8414 2336.3471;
	1802.5094 1207.0663 2025.6565 601.7388 1039.5145 1420.0361 1157.4515 341.6 752.0302 6447.321 2382.0424;
	1796.0515 1211.1973 2042.7038 604.8251 1043.3639 1368.2685 1120.3153 338.9453 701.472 6408.4227 2271.4337;
	1754.0663 1181.2911 1979.6257 593.4441 1023.793 1357.3 1127.6195 332.0 749.3492 6346.1904 2415.0695;
	1794.8985 1204.998 1968.119 590.5864 995.7038 1354.6306 1101.897 337.8451 735.4953 6335.3626 2570.6188;
	1712.2 1182.8226 1959.679 561.8 990.6235 1391.3107 1102.169 318.301 738.7155 6272.5688 2397.2282;
	1728.54 1187.3125 1985.1216 580.8 1026.2981 1432.3487 1158.6081 317.638 765.958 6342.3 2435.0969;
	1717.2933 1200.9018 1956.5824 595.0 1005.075 1428.6915 1131.7083 327.6343 708.1833 6311.4543 2445.8091;
	1776.532 1214.2283 2026.5322 615.325 1083.8083 1487.0857 1183.6104 351.8493 755.7953 6367.4 2560.5574;
	1823.1527 1221.7028 2001.4513 596.9103 1051.6439 1486.0508 1173.8111 359.3775 740.6409 6311.8559 2577.5082;
	1762.9167 1178.6349 1938.0657 588.5016 984.8 1410.0 1124.6 338.2796 694.7 6091.2186 2465.3468;
	1682.2799 1092.7147 1834.9299 559.2 957.4198 1348.5131 1077.3285 324.0887 648.6992 5743.1474 2275.4219;
	1582.6896 1020.3666 1698.9414 571.8409 890.5561 1261.4 970.2376 271.6885 598.9962 5232.2905 2011.5115;
	1539.3603 995.28 1639.522 549.7671 808.0906 1223.4422 923.4065 251.3717 561.1 4965.1542 1939.749;
	1463.4159 941.665 1607.8979 557.3662 796.3921 1164.1086 898.4 243.0755 537.0551 4738.0876 1854.0618;
];
