function windprofile = ex_wind_profilesh1
%EX_WIND_PROFILE_D  Example wind_load_nyiso profile data for deterministic unit commitment.
% 2022.03.12
% Andres F. Ramirez


%% define constants
[GEN_BUS, PG, QG, QMAX, QMIN, VG, MBASE, GEN_STATUS, PMAX, PMIN, ...
    MU_PMAX, MU_PMIN, MU_QMAX, MU_QMIN, PC1, PC2, QC1MIN, QC1MAX, ...
    QC2MIN, QC2MAX, RAMP_AGC, RAMP_10, RAMP_30, RAMP_Q, APF] = idx_gen;
[CT_LABEL, CT_PROB, CT_TABLE, CT_TBUS, CT_TGEN, CT_TBRCH, CT_TAREABUS, ...
    CT_TAREAGEN, CT_TAREABRCH, CT_ROW, CT_COL, CT_CHGTYPE, CT_REP, ...
    CT_REL, CT_ADD, CT_NEWVAL, CT_TLOAD, CT_TAREALOAD, CT_LOAD_ALL_PQ, ...
    CT_LOAD_FIX_PQ, CT_LOAD_DIS_PQ, CT_LOAD_ALL_P, CT_LOAD_FIX_P, ...
    CT_LOAD_DIS_P, CT_TGENCOST, CT_TAREAGENCOST, CT_MODCOST_F, ...
    CT_MODCOST_X] = idx_ct;

windprofile = struct( ...
    'type', 'mpcData', ...
    'table', CT_TGEN, ...
    'rows', [1:45], ...
    'col', PMAX, ...
    'chgtype', 1, ...
    'values', [] );
windprofile.values(:,1,:) = [
	0.6906 9.3312 56.7437 57.6225 6.5607 6.9487 6.497 8.7753 0.4586 15.615 28.8641 43.0595 64.8259 9.4806 140.6062 52.9726 65.7252 69.6491 81.0762 65.4768 2.1657 16.2136 57.039 72.9486 51.2037 50.3285 4.6362 171.6061 326.3015 326.3015 210.7903 45.4549 270.254 168.5375 29.723 139.222 391.5648 81.9728 5.653 137.1526 66.2094 77.084 0.3064 58.1279 395.6436;
	0.4884 6.5998 54.3568 62.0041 5.8101 9.9434 7.2706 12.1094 0.0 10.7176 19.8113 29.5546 44.4943 16.9431 124.7613 47.0031 58.3187 61.8004 71.9635 68.1038 2.4235 23.2013 33.692 72.7818 54.146 54.3806 7.0109 61.5256 225.7032 225.7032 131.1222 30.3771 239.8784 175.2995 53.1189 96.3 295.4529 83.5568 0.731 145.034 81.598 110.3056 0.0616 84.2125 298.5305;
	0.2791 3.7716 65.8796 66.2106 5.4214 8.5463 0.4224 12.7673 0.0 8.6117 15.9186 23.7474 35.7517 18.2962 77.716 29.2791 36.3277 38.4965 59.8941 63.8082 0.1408 19.9413 26.3843 82.9546 60.8562 58.5365 7.6323 0.0 40.5877 40.5877 10.0346 17.2639 199.6471 164.2425 57.3611 17.3174 165.2535 2.4577 0.0 163.0077 77.4333 94.8069 1.5358 89.2467 166.9749;
	0.3735 5.0464 70.7786 74.3845 7.5 8.5599 0.0447 14.7886 0.1753 15.0196 27.7634 41.4175 62.3539 12.4044 90.2777 34.0116 42.1996 44.719 45.1435 65.4474 0.0149 19.973 47.6928 84.2264 67.8322 70.1445 9.0903 0.188 39.6869 39.6869 17.8734 18.4898 150.4782 168.4619 38.8895 16.9331 13.7747 0.3094 0.7022 181.6935 76.2593 94.9573 0.0 123.6965 13.9182;
	0.4359 5.8901 85.6383 74.513 8.7407 11.8489 10.0344 15.2458 5.9742 15.3833 28.4357 42.4205 63.8639 64.2929 135.1601 50.9208 63.1795 66.9514 58.4527 68.0599 3.3448 27.6475 48.3283 86.3458 82.7274 71.0282 9.272 19.5545 114.3451 114.3451 52.5901 10.4603 194.8424 175.1864 201.5668 48.7872 52.9223 2.8211 50.5343 221.5911 75.8206 131.4443 0.1122 138.4707 53.4736;
	0.4172 5.6376 84.7383 60.0013 8.8017 4.604 14.0408 12.4295 6.6781 9.0909 16.8044 25.0688 37.741 54.7917 152.0976 57.3019 71.0968 75.3414 77.2639 68.4799 4.6803 10.7427 34.9411 79.6022 57.0923 65.1044 7.8229 20.1219 73.4494 73.4494 25.2662 8.0759 257.5462 176.2674 171.7794 31.3384 31.531 1.3298 118.2923 152.9257 57.2272 51.0738 21.366 128.0812 31.8594;
	0.4088 5.5241 64.636 41.9742 8.1725 2.9939 5.7143 8.2783 2.991 7.3155 13.5226 20.173 30.3704 37.3594 120.3207 45.3301 56.2429 59.6007 58.77 65.4595 1.9048 6.9858 22.841 58.1513 36.412 61.1882 4.5055 33.3677 38.8586 38.8586 68.1304 1.7602 195.8999 168.4929 117.1267 16.5797 32.0227 12.6298 89.2362 97.5321 29.5935 33.2123 30.891 120.9645 32.3562;
	0.4511 6.0952 42.2035 28.5502 3.6494 2.6921 6.2249 7.2667 2.759 3.9091 7.2259 10.7796 16.2287 11.6154 62.1835 23.4273 29.0672 30.8025 17.9558 37.0548 2.075 6.2815 10.2889 39.2743 36.0372 59.1615 4.7387 12.5239 38.6445 38.6445 53.0148 0.6682 59.8528 95.379 36.4157 16.4883 16.9457 1.9031 38.8139 96.5281 11.8265 29.864 12.6001 104.6812 17.1223;
	0.4745 6.4114 29.8932 22.5117 3.4181 0.6165 4.8294 5.6291 0.4142 0.1592 0.2942 0.4389 0.6608 3.7726 17.3316 6.5296 8.1015 8.5852 14.4194 12.6231 1.6098 1.4385 5.527 37.2763 29.6193 49.8937 4.3527 0.0 10.4897 10.4897 9.1947 0.3053 48.0647 32.4919 11.8276 4.4756 5.1756 0.2604 0.0 79.3374 11.7954 6.8389 2.5809 77.9855 5.2295;
	0.5085 6.8704 31.5036 19.8265 6.7014 0.1367 7.2833 4.4891 0.275 0.0 0.0 0.0 0.0 2.7388 9.7685 3.6802 4.5662 4.8388 4.7717 10.5477 2.4278 0.319 8.1228 33.0489 28.8455 37.0503 3.2403 15.425 36.2977 36.2977 60.6769 0.4523 15.9056 27.1499 8.5866 15.487 2.2138 2.6563 5.0145 77.2646 22.19 1.5168 45.4895 86.2119 2.2369;
	0.8313 11.2328 43.3458 0.38 10.388 0.8481 7.8869 3.7192 2.273 0.3213 0.594 0.8861 1.334 2.6711 0.0 0.0 0.0 0.0 3.0391 8.8409 2.629 1.9789 15.3057 37.3455 43.8933 40.111 1.487 30.1026 70.8463 70.8463 70.2559 0.0147 10.1304 22.7564 8.3744 30.2277 47.6714 2.9517 63.8176 117.5714 15.6304 9.4083 6.3406 97.6004 48.168;
	1.6141 21.8104 62.4527 9.4207 13.5094 0.8958 6.8774 0.6686 1.8066 1.1832 2.1871 3.2628 4.9121 2.7434 0.0921 0.0347 0.043 0.0456 3.7181 9.4922 2.2925 2.0901 46.3283 51.4976 3.8032 40.4192 1.339 104.5862 106.1105 106.1105 105.8957 2.9055 12.3936 24.4331 8.601 45.2738 112.7392 4.3314 90.7699 10.1871 35.4141 9.9371 11.0345 133.8668 113.9136;
	2.4111 32.5794 84.494 10.8241 14.633 1.4256 14.1562 0.4455 8.3079 23.3456 43.154 64.3773 96.9197 6.9422 6.4505 2.4302 3.0152 3.1953 0.0324 8.6449 4.7187 3.3263 28.3035 63.9778 66.7542 52.0169 0.537 168.1925 175.08 175.08 17.4301 2.7399 0.108 22.2521 21.7648 74.7008 156.5475 1.3415 205.6589 178.8058 41.3937 15.8143 121.6597 176.6419 158.1783;
	1.9164 25.8952 6.5859 0.0 14.1228 18.5396 10.7673 0.0 4.0363 1.4926 2.759 4.1159 6.1964 0.0692 0.0414 0.0156 0.0194 0.0205 0.0116 6.1898 3.5891 43.259 45.3671 0.0 0.0 30.4756 0.0114 162.2834 202.5123 202.5123 55.942 5.1907 0.0387 15.9326 0.2171 86.4053 173.8135 9.6616 152.914 0.0 56.6533 205.6656 86.1452 128.7975 175.6241;
	2.1297 28.7763 3.2448 0.0 9.159 0.018 3.3393 0.0022 2.0325 0.0 0.0 0.0 0.0 0.6313 0.2224 0.0838 0.104 0.1102 0.2579 1.2837 1.1131 0.042 1.7494 0.1345 0.0 0.1252 0.0452 254.8025 257.2312 257.2312 104.0141 7.7547 0.8597 3.3042 1.9793 109.752 262.9294 16.259 21.5631 0.0 77.0764 0.1995 86.3637 100.4996 265.6682;
	2.9935 40.4483 82.0599 0.0 13.2716 0.257 0.0089 0.042 0.1348 0.0 0.0 0.0 0.0 0.0 0.2232 0.0841 0.1044 0.1106 1.8234 0.0972 0.003 0.5998 17.7961 0.0058 0.1934 0.0349 0.0 364.1501 288.1425 288.1425 198.6654 12.5358 6.078 0.2503 0.0 122.9408 314.3897 46.3162 0.0056 0.5179 26.9956 2.8515 1.0712 167.5054 317.6646;
	3.277 44.28 0.0 0.0 13.1718 0.0 0.0 0.7449 0.0 0.0 0.0 0.0 0.0 0.4122 0.0 0.0 0.0 0.0 2.9364 0.236 0.0 0.0 0.0 0.0333 4.9968 0.0 0.0008 375.692 384.9931 384.9931 213.4592 25.7162 9.7881 0.6074 1.2923 164.2637 483.0961 76.3607 0.0 13.3843 7.9509 0.0 123.2454 210.5389 488.1284;
	2.6647 36.0063 0.0 0.0 13.8807 15.7621 0.0 0.0109 0.0 0.0 0.0 0.0 0.0 0.4052 0.0 0.0 0.0 0.0 0.0 0.0 0.0 36.7782 0.0 0.0 0.0001 0.0 0.0 542.5143 440.3365 440.3365 322.1171 33.2763 0.0 0.0 1.2704 187.8769 536.7981 92.2856 0.0 0.0004 10.467 174.8539 104.594 209.3709 542.3897;
	2.9577 39.9656 76.4169 0.0 13.93 23.4625 0.0 0.0 0.0 6.1137 11.3011 16.859 25.3811 7.8131 1.0893 0.4104 0.5092 0.5396 0.8839 38.291 0.0 54.7459 0.1831 0.0 0.0 31.7189 0.0 736.8605 418.9074 418.9074 364.1847 48.7692 2.9462 98.5611 24.4951 178.7338 601.4772 79.5022 0.0 0.0 1.4025 260.2778 99.2824 187.2477 607.7426;
	2.8587 38.6277 1.3708 0.0 14.0896 0.0377 17.0115 0.0008 26.1877 18.7124 34.5897 51.601 77.685 6.1159 45.5861 17.1743 21.3089 22.581 4.9733 21.9774 5.6705 0.0879 45.4128 0.1478 0.0 42.9602 0.0 671.6522 424.314 424.314 339.9424 45.1037 16.5776 56.5699 19.1741 181.0406 550.0803 77.9417 8.9239 0.0 2.8575 0.4178 100.8425 177.1104 555.8103;
	2.9393 39.7162 81.4137 0.0 13.8821 0.0006 0.0 0.0 25.8806 19.9859 36.9436 55.1126 82.9717 9.5248 25.6375 9.6588 11.984 12.6995 9.197 33.1454 0.0 0.0014 65.7585 74.1548 0.0 51.5179 0.0 594.0001 367.8284 367.8284 245.52 52.396 30.6567 85.3163 29.8615 156.9401 542.4949 73.2082 0.0 0.0 0.3807 0.0065 89.944 169.7936 548.1459;
