function solarprofile = ex_solar_profilesh1
%EX_WIND_PROFILE_D  Example wind_load_nyiso profile data for deterministic unit commitment.
% 2022.03.12
% Andres F. Ramirez


%% define constants
[GEN_BUS, PG, QG, QMAX, QMIN, VG, MBASE, GEN_STATUS, PMAX, PMIN, ...
    MU_PMAX, MU_PMIN, MU_QMAX, MU_QMIN, PC1, PC2, QC1MIN, QC1MAX, ...
    QC2MIN, QC2MAX, RAMP_AGC, RAMP_10, RAMP_30, RAMP_Q, APF] = idx_gen;
[CT_LABEL, CT_PROB, CT_TABLE, CT_TBUS, CT_TGEN, CT_TBRCH, CT_TAREABUS, ...
    CT_TAREAGEN, CT_TAREABRCH, CT_ROW, CT_COL, CT_CHGTYPE, CT_REP, ...
    CT_REL, CT_ADD, CT_NEWVAL, CT_TLOAD, CT_TAREALOAD, CT_LOAD_ALL_PQ, ...
    CT_LOAD_FIX_PQ, CT_LOAD_DIS_PQ, CT_LOAD_ALL_P, CT_LOAD_FIX_P, ...
    CT_LOAD_DIS_P, CT_TGENCOST, CT_TAREAGENCOST, CT_MODCOST_F, ...
    CT_MODCOST_X] = idx_ct;

solarprofile = struct( ...
    'type', 'mpcData', ...
    'table', CT_TGEN, ...
    'rows', [1:12], ...
    'col', PMAX, ...
    'chgtype', 1, ...
    'values', [] );
solarprofile.values(:,1,:) = [
	0.0 0.0 0.0 0.0 0.0 0.0 0.0 0.0 0.0 0.0 0.0 0.0;
	0.0 0.0 0.0 0.0 0.0 0.0 0.0 0.0 0.0 0.0 0.0 0.0;
	0.0 0.0 0.0 0.0 0.0 0.0 0.0 0.0 0.0 0.0 0.0 0.0;
	0.0 0.0 0.0 0.0 0.0 0.0 0.0 0.0 0.0 0.0 0.0 0.0;
	0.0 0.0 0.0 0.0 0.0 0.0 0.0 0.0 0.0 0.0 0.0 0.0;
	0.5002 0.4236 0.444 0.0 0.0 0.0 0.0 0.2 0.0 0.0 0.0 0.0;
	8.5677 6.0155 4.7066 6.357 4.7484 180.1395 22.5174 55.9584 61.7705 13.5776 12.1933 24.5891;
	19.576 15.8223 12.7676 5.6586 6.2123 392.1904 49.0238 72.6584 225.7659 34.0049 24.6059 61.5831;
	23.1805 16.7654 13.8893 7.4863 6.376 378.526 47.3157 73.5426 245.0203 48.8646 37.3477 88.4941;
	22.3514 16.1216 13.6153 6.7809 3.344 90.8853 11.3607 36.7703 77.0168 24.2594 47.1117 43.9339;
	23.5486 15.8178 13.6885 6.7149 4.3309 81.4615 10.1827 34.0325 42.9737 26.8365 45.011 48.6011;
	24.9947 16.0929 13.769 6.4574 6.0118 93.4681 11.6835 43.4458 38.9439 32.234 31.9572 58.3759;
	14.0324 9.3849 10.3109 6.105 9.4114 159.7782 19.9723 41.8278 66.1792 32.8496 23.9892 59.4908;
	11.2834 6.4745 8.3193 6.7783 9.7949 217.5829 27.1979 52.6304 103.1324 22.6173 19.9317 40.9601;
	6.131 3.5246 4.301 9.4509 9.3952 256.0592 32.0074 60.0082 137.3754 6.2705 13.2612 11.3558;
	1.6858 0.5982 0.5305 9.7219 4.7108 205.9412 25.7426 58.8689 120.1174 0.0 0.0 0.0;
	0.7117 0.4035 0.4337 0.9122 1.3339 30.0191 3.7524 7.2836 17.082 0.0 0.0 0.0;
	0.0 0.0 0.0 0.0 0.0 0.0 0.0 0.0 0.0 0.0 0.0 0.0;
	0.0 0.0 0.0 0.0 0.0 0.0 0.0 0.0 0.0 0.0 0.0 0.0;
	0.0 0.0 0.0 0.0 0.0 0.0 0.0 0.0 0.0 0.0 0.0 0.0;
	0.0 0.0 0.0 0.0 0.0 0.0 0.0 0.0 0.0 0.0 0.0 0.0;
	0.0 0.0 0.0 0.0 0.0 0.0 0.0 0.0 0.0 0.0 0.0 0.0;
	0.0 0.0 0.0 0.0 0.0 0.0 0.0 0.0 0.0 0.0 0.0 0.0;
	0.0 0.0 0.0 0.0 0.0 0.0 0.0 0.0 0.0 0.0 0.0 0.0;
];
