function loadprofile = ex_load_profilesh1
%EX_LOAD_PROFILE  Example load profile data file for stochastic unit commitment.
% 2022.03.12
% Andres F. Ramirez

%% define constants
[CT_LABEL, CT_PROB, CT_TABLE, CT_TBUS, CT_TGEN, CT_TBRCH, CT_TAREABUS, ...
    CT_TAREAGEN, CT_TAREABRCH, CT_ROW, CT_COL, CT_CHGTYPE, CT_REP, ...
    CT_REL, CT_ADD, CT_NEWVAL, CT_TLOAD, CT_TAREALOAD, CT_LOAD_ALL_PQ, ...
    CT_LOAD_FIX_PQ, CT_LOAD_DIS_PQ, CT_LOAD_ALL_P, CT_LOAD_FIX_P, ...
    CT_LOAD_DIS_P, CT_TGENCOST, CT_TAREAGENCOST, CT_MODCOST_F, ...
    CT_MODCOST_X] = idx_ct;

loadprofile = struct( ...
    'type', 'mpcData', ...
    'table', CT_TAREALOAD, ...
    'rows', [1:11], ...
    'col', CT_LOAD_ALL_P, ...
    'chgtype', 1, ...
    'values', [] );
loadprofile.values(:,1,:) = [
	1465.6607 955.3848 1617.9905 581.5122 855.8183 1164.0 894.9 263.2 566.8199 4584.978 1653.3471;
	1462.6222 955.0 1578.3245 572.0802 822.582 1136.5635 877.9458 255.9925 545.5532 4496.1506 1605.2891;
	1450.23 979.5632 1613.7664 580.6676 842.2086 1169.7443 893.7693 263.4 563.0786 4528.1428 1750.8;
	1526.4138 1034.4044 1731.1078 582.1669 916.0811 1249.2172 957.1796 291.3197 609.0 4826.4178 1867.6;
	1648.2698 1144.3922 1895.0509 612.1779 1018.3777 1399.8273 1059.8027 333.8262 660.9 5433.3418 2120.0043;
	1731.8757 1230.934 2013.5009 625.3584 1077.0847 1493.8 1120.2468 341.0273 731.526 5951.6544 2258.8672;
	1754.3391 1252.2271 2038.373 615.6345 1070.8 1536.4977 1144.4784 328.8156 750.5735 6192.2149 2273.9;
	1734.4674 1241.2484 2002.0 596.5963 1011.1157 1523.4313 1132.2562 342.7301 755.3 6405.8478 2178.4078;
	1728.5164 1242.0461 2033.2729 590.7197 996.531 1495.5564 1131.744 338.2 771.2728 6434.5537 2070.3123;
	1741.956 1238.5 1976.6872 573.1459 962.6416 1512.8855 1152.9982 341.0998 799.2231 6549.276 2154.2061;
	1759.0937 1238.7202 1963.4051 568.2229 965.0285 1511.8299 1145.7059 317.3 769.153 6536.4846 1997.1519;
	1721.4433 1220.3048 1958.1 574.5789 918.9355 1490.8686 1124.6859 311.4 725.0275 6501.84 2002.6778;
	1706.3333 1194.2774 1914.8346 564.9011 928.2311 1456.5566 1120.6772 285.029 714.9541 6450.5167 2073.777;
	1651.0277 1166.7517 1838.748 564.8296 873.8545 1365.8406 1068.3487 295.078 676.4681 6338.6492 2099.4281;
	1611.6224 1162.8702 1853.4995 574.2 892.6636 1409.947 1076.321 294.6904 691.4672 6297.7623 2132.7127;
	1609.8723 1175.3 1883.819 573.7792 897.8001 1434.5 1106.7325 292.0067 699.1475 6224.0116 2247.3044;
	1674.9015 1191.2469 1918.4981 585.8416 923.4141 1481.2183 1206.4223 328.8 738.6309 6171.4703 2457.7973;
	1753.9584 1269.1767 2018.2802 595.0448 971.421 1531.8445 1213.8431 335.1224 750.1319 6205.7728 2545.8646;
	1729.6926 1268.213 2081.5101 586.9214 1004.0089 1541.6125 1243.8255 345.5 775.2397 6208.9194 2529.649;
	1676.7611 1214.8097 1981.4072 577.9336 960.9444 1474.685 1147.6 323.1459 716.6608 5924.0482 2382.6851;
	1593.6 1137.7583 1847.8783 566.8 873.712 1329.9597 1043.7623 298.3411 664.142 5542.8408 2183.5038;
	1519.0786 1053.7638 1716.2793 551.9 813.1346 1261.0557 971.9527 262.9816 596.6621 5168.5929 1984.5026;
	1393.8703 962.3 1607.0599 566.943 805.5526 1179.0 872.3757 223.695 529.2743 4713.5128 1808.9234;
	1353.8961 953.4648 1597.1354 570.7354 803.0 1136.1 871.1652 239.3499 517.7759 4651.449 1742.1001;
];
