function solarprofile = ex_solar_profilesh1
%EX_WIND_PROFILE_D  Example wind_load_nyiso profile data for deterministic unit commitment.
% 2022.03.12
% Andres F. Ramirez


%% define constants
[GEN_BUS, PG, QG, QMAX, QMIN, VG, MBASE, GEN_STATUS, PMAX, PMIN, ...
    MU_PMAX, MU_PMIN, MU_QMAX, MU_QMIN, PC1, PC2, QC1MIN, QC1MAX, ...
    QC2MIN, QC2MAX, RAMP_AGC, RAMP_10, RAMP_30, RAMP_Q, APF] = idx_gen;
[CT_LABEL, CT_PROB, CT_TABLE, CT_TBUS, CT_TGEN, CT_TBRCH, CT_TAREABUS, ...
    CT_TAREAGEN, CT_TAREABRCH, CT_ROW, CT_COL, CT_CHGTYPE, CT_REP, ...
    CT_REL, CT_ADD, CT_NEWVAL, CT_TLOAD, CT_TAREALOAD, CT_LOAD_ALL_PQ, ...
    CT_LOAD_FIX_PQ, CT_LOAD_DIS_PQ, CT_LOAD_ALL_P, CT_LOAD_FIX_P, ...
    CT_LOAD_DIS_P, CT_TGENCOST, CT_TAREAGENCOST, CT_MODCOST_F, ...
    CT_MODCOST_X] = idx_ct;

solarprofile = struct( ...
    'type', 'mpcData', ...
    'table', CT_TGEN, ...
    'rows', [1:12], ...
    'col', PMAX, ...
    'chgtype', 1, ...
    'values', [] );
solarprofile.values(:,1,:) = [
	0.0 0.0 0.0 0.0 0.0 0.0 0.0 0.0 0.0 0.0 0.0 0.0;
	0.0 0.0 0.0 0.0 0.0 0.0 0.0 0.0 0.0 0.0 0.0 0.0;
	0.0 0.0 0.0 0.0 0.0 0.0 0.0 0.0 0.0 0.0 0.0 0.0;
	0.0 0.0 0.0 0.0 0.0 0.0 0.0 0.0 0.0 0.0 0.0 0.0;
	0.0 0.0 0.0 0.0 0.0 0.0 0.0 0.0 0.0 0.0 0.0 0.0;
	0.4736 0.4018 0.424 0.0 0.0 0.0 0.0 0.2 1.1152 0.0 0.0 0.0;
	9.4772 6.5112 6.0057 1.1217 2.0355 138.7546 17.3443 26.1029 174.2338 21.67 15.4594 39.2445;
	18.3742 14.4822 12.4586 3.5299 5.4684 432.0254 54.0032 43.1397 261.8234 42.5407 22.21 77.0414;
	22.4827 16.6083 13.8 6.8751 7.8364 453.6973 56.7122 34.8154 270.1194 57.7804 29.7718 104.6407;
	22.6312 15.9568 13.57 3.2759 6.3573 361.9338 45.2417 24.2223 184.6355 36.2524 21.2131 65.6534;
	23.782 15.6788 13.7149 3.3072 6.8905 349.7101 43.7138 52.3185 171.9972 31.6356 17.8775 57.2923;
	22.8185 15.0437 13.6832 3.4621 6.484 334.9178 41.8647 58.481 181.5245 36.9777 19.8134 66.9668;
	5.2641 4.0596 4.5249 2.9453 4.3247 105.3829 13.1729 27.8965 134.2483 76.4177 37.6812 138.393;
	3.5148 2.1878 2.2227 2.2732 3.6865 69.1229 8.6404 16.1752 121.3237 78.1783 41.3665 141.5814;
	2.6549 2.0737 1.3685 1.6217 3.5212 39.2382 4.9048 10.5588 89.9737 67.575 36.3715 122.3787;
	1.7547 1.2311 1.356 0.7226 1.0116 3.6929 0.4616 4.9388 16.1943 19.4704 13.1923 35.2611;
	0.4529 0.4174 0.5232 0.3783 0.9324 10.8245 1.3531 4.2563 7.5924 8.1287 6.1656 14.7211;
	0.0 0.0 0.0 0.0 0.0 0.0 0.0 0.0 0.0 0.0 0.0 0.0;
	0.0 0.0 0.0 0.0 0.0 0.0 0.0 0.0 0.0 0.0 0.0 0.0;
	0.0 0.0 0.0 0.0 0.0 0.0 0.0 0.0 0.0 0.0 0.0 0.0;
	0.0 0.0 0.0 0.0 0.0 0.0 0.0 0.0 0.0 0.0 0.0 0.0;
	0.0 0.0 0.0 0.0 0.0 0.0 0.0 0.0 0.0 0.0 0.0 0.0;
	0.0 0.0 0.0 0.0 0.0 0.0 0.0 0.0 0.0 0.0 0.0 0.0;
	0.0 0.0 0.0 0.0 0.0 0.0 0.0 0.0 0.0 0.0 0.0 0.0;
];
