function solarprofile = ex_solar_profilesh1
%EX_WIND_PROFILE_D  Example wind_load_nyiso profile data for deterministic unit commitment.
% 2022.03.12
% Andres F. Ramirez


%% define constants
[GEN_BUS, PG, QG, QMAX, QMIN, VG, MBASE, GEN_STATUS, PMAX, PMIN, ...
    MU_PMAX, MU_PMIN, MU_QMAX, MU_QMIN, PC1, PC2, QC1MIN, QC1MAX, ...
    QC2MIN, QC2MAX, RAMP_AGC, RAMP_10, RAMP_30, RAMP_Q, APF] = idx_gen;
[CT_LABEL, CT_PROB, CT_TABLE, CT_TBUS, CT_TGEN, CT_TBRCH, CT_TAREABUS, ...
    CT_TAREAGEN, CT_TAREABRCH, CT_ROW, CT_COL, CT_CHGTYPE, CT_REP, ...
    CT_REL, CT_ADD, CT_NEWVAL, CT_TLOAD, CT_TAREALOAD, CT_LOAD_ALL_PQ, ...
    CT_LOAD_FIX_PQ, CT_LOAD_DIS_PQ, CT_LOAD_ALL_P, CT_LOAD_FIX_P, ...
    CT_LOAD_DIS_P, CT_TGENCOST, CT_TAREAGENCOST, CT_MODCOST_F, ...
    CT_MODCOST_X] = idx_ct;

solarprofile = struct( ...
    'type', 'mpcData', ...
    'table', CT_TGEN, ...
    'rows', [1:12], ...
    'col', PMAX, ...
    'chgtype', 1, ...
    'values', [] );
solarprofile.values(:,1,:) = [
	0.0 0.0 0.0 0.0 0.0 0.0 0.0 0.0 0.0 0.0 0.0 0.0;
	0.0 0.0 0.0 0.0 0.0 0.0 0.0 0.0 0.0 0.0 0.0 0.0;
	0.0 0.0 0.0 0.0 0.0 0.0 0.0 0.0 0.0 0.0 0.0 0.0;
	0.0 0.0 0.0 0.0 0.0 0.0 0.0 0.0 0.0 0.0 0.0 0.0;
	0.0 0.0 0.0 0.0 0.0 0.0 0.0 0.0 0.0 0.0 0.0 0.0;
	0.4731 0.4018 0.4224 0.0 0.0 0.0 0.0 0.2 0.0 0.0 0.0 0.0;
	3.9812 1.7511 0.8306 1.9844 2.7556 102.0202 12.7525 28.1937 107.8586 16.3794 7.9041 29.6632;
	11.3131 7.6276 4.8878 2.4425 2.4347 389.4591 48.6824 69.3194 247.106 38.7491 18.8736 70.1749;
	16.8646 14.5687 12.359 1.9087 2.5367 427.6374 53.4547 72.2515 261.8198 63.732 32.215 115.419;
	12.2313 10.0386 5.8596 0.5674 1.9732 184.6474 23.0809 34.7284 100.9837 81.0301 40.0147 146.7461;
	11.6112 7.5155 2.2298 2.5823 2.4409 123.0779 15.3847 43.2771 99.5915 91.1434 50.89 165.0613;
	14.3919 6.854 2.2741 6.6768 2.6072 95.9238 11.9905 52.1553 103.6844 95.4102 55.045 172.7885;
	7.7777 4.4301 2.0803 7.7095 3.4793 31.7279 3.966 18.3832 33.0026 87.0398 46.6466 157.6296;
	7.4353 4.5617 2.3324 4.85 3.2889 34.5097 4.3137 11.5922 22.7864 67.4936 27.12 122.2313;
	5.077 4.6328 1.607 2.8318 3.1078 38.5576 4.8197 5.4644 11.1028 40.0501 13.2626 72.5309;
	1.1934 1.3033 0.5193 1.1211 0.2381 15.1333 1.8917 0.2076 0.0 10.6196 0.1062 19.2321;
	0.3677 0.3345 0.3234 1.1573 0.1378 4.5241 0.5655 1.2431 2.3199 6.5856 3.0335 11.9266;
	0.0 0.0 0.0 0.0 0.0 0.0 0.0 0.0 0.0 0.0 0.0 0.0;
	0.0 0.0 0.0 0.0 0.0 0.0 0.0 0.0 0.0 0.0 0.0 0.0;
	0.0 0.0 0.0 0.0 0.0 0.0 0.0 0.0 0.0 0.0 0.0 0.0;
	0.0 0.0 0.0 0.0 0.0 0.0 0.0 0.0 0.0 0.0 0.0 0.0;
	0.0 0.0 0.0 0.0 0.0 0.0 0.0 0.0 0.0 0.0 0.0 0.0;
	0.0 0.0 0.0 0.0 0.0 0.0 0.0 0.0 0.0 0.0 0.0 0.0;
	0.0 0.0 0.0 0.0 0.0 0.0 0.0 0.0 0.0 0.0 0.0 0.0;
];
