function windprofile = ex_wind_profilesh1
%EX_WIND_PROFILE_D  Example wind_load_nyiso profile data for deterministic unit commitment.
% 2022.03.12
% Andres F. Ramirez


%% define constants
[GEN_BUS, PG, QG, QMAX, QMIN, VG, MBASE, GEN_STATUS, PMAX, PMIN, ...
    MU_PMAX, MU_PMIN, MU_QMAX, MU_QMIN, PC1, PC2, QC1MIN, QC1MAX, ...
    QC2MIN, QC2MAX, RAMP_AGC, RAMP_10, RAMP_30, RAMP_Q, APF] = idx_gen;
[CT_LABEL, CT_PROB, CT_TABLE, CT_TBUS, CT_TGEN, CT_TBRCH, CT_TAREABUS, ...
    CT_TAREAGEN, CT_TAREABRCH, CT_ROW, CT_COL, CT_CHGTYPE, CT_REP, ...
    CT_REL, CT_ADD, CT_NEWVAL, CT_TLOAD, CT_TAREALOAD, CT_LOAD_ALL_PQ, ...
    CT_LOAD_FIX_PQ, CT_LOAD_DIS_PQ, CT_LOAD_ALL_P, CT_LOAD_FIX_P, ...
    CT_LOAD_DIS_P, CT_TGENCOST, CT_TAREAGENCOST, CT_MODCOST_F, ...
    CT_MODCOST_X] = idx_ct;

windprofile = struct( ...
    'type', 'mpcData', ...
    'table', CT_TGEN, ...
    'rows', [1:45], ...
    'col', PMAX, ...
    'chgtype', 1, ...
    'values', [] );
windprofile.values(:,1,:) = [
	0.8824 11.9237 56.5332 67.5668 8.5392 10.4008 11.3184 9.149 5.2648 18.8926 34.9228 52.0979 78.4331 2.5193 133.8391 50.4231 62.562 66.297 70.1505 66.7778 3.7728 24.2684 62.1078 76.0838 53.9657 47.1329 5.1485 205.6884 363.0811 363.0811 227.2392 44.5431 233.8349 171.8863 7.8985 154.9146 402.6943 84.5284 13.8714 144.551 65.5851 115.3791 203.8162 71.2918 406.889;
	0.6374 8.613 52.4378 65.6709 7.8428 20.6531 10.33 11.2327 2.6033 11.6816 21.5933 32.2129 48.4964 1.0414 119.5016 45.0215 55.86 59.195 70.4911 68.899 3.4433 48.1905 34.3671 75.4347 55.7351 50.5024 6.5723 91.302 237.1802 237.1802 157.0999 29.643 234.9704 177.3462 3.2648 101.1969 302.4559 86.749 21.4079 149.2904 69.9856 229.1116 205.5288 93.1121 305.6065;
	0.3706 5.0074 57.7446 65.4493 6.5507 1.7018 8.3133 10.5286 5.2738 10.7512 19.8735 29.6473 44.6339 1.3618 75.0766 28.2847 35.0939 37.1891 59.8492 67.3044 2.7711 3.9708 28.1637 78.4988 53.5165 48.8628 6.0913 7.8131 43.2127 43.2127 2.8445 12.7526 199.4972 173.2416 4.2695 18.4374 165.6399 0.5249 45.6918 143.3479 65.9032 18.8783 129.1598 106.3027 167.3653;
	0.4526 6.1157 60.5384 69.517 8.4541 0.217 7.8777 12.5486 1.0016 16.3669 30.254 45.133 67.9475 0.0028 87.4277 32.9379 40.8674 43.3072 42.2389 68.3258 2.6259 0.5063 53.4561 81.4985 59.4137 61.0928 6.8167 10.0002 46.0798 46.0798 11.2255 16.7316 140.7962 175.8707 0.0088 19.6607 12.619 1.9455 10.1507 159.1438 58.7913 2.407 70.1556 141.8766 12.7505;
	0.5234 7.0728 72.4063 72.0757 10.0565 2.2061 5.5048 13.2608 6.5593 15.7791 29.1674 43.512 65.5071 3.6997 130.4456 49.1446 60.9757 64.6161 54.8731 71.5662 1.8349 5.1475 47.0532 82.3377 72.9053 65.9131 7.9382 31.8716 107.0892 107.0892 58.0687 10.5782 182.9104 184.2117 11.5991 45.6914 27.9291 10.8532 40.361 195.282 59.7535 24.4726 68.5471 142.0943 28.22;
	0.5486 7.413 74.6741 63.6597 10.8856 4.1038 5.287 12.3454 2.7088 8.5002 15.7124 23.4398 35.2885 0.5092 148.6399 55.9992 69.4805 73.6286 71.7703 68.3124 1.7623 9.5756 33.7283 80.4154 51.4145 63.6287 7.5509 38.8452 144.2142 144.2142 84.7023 11.8219 239.2344 175.8362 1.5963 61.5314 89.546 11.5653 28.922 137.7173 47.9019 45.5249 28.6776 136.9221 90.4788;
	0.5207 7.0361 54.7195 40.7666 9.939 3.2524 3.6076 8.2552 1.7084 6.47 11.9596 17.8414 26.8601 0.0337 106.3021 40.0487 49.6901 52.6566 44.2651 63.0124 1.2025 7.5889 17.931 55.6015 30.1013 62.4053 4.1472 34.2286 11.8103 11.8103 6.9652 2.504 147.5502 162.194 0.1055 5.0391 10.5574 1.351 0.0 80.6285 23.5992 36.0796 36.7493 132.3305 10.6674;
	0.5583 7.5437 31.3267 28.2255 4.3281 3.6537 4.9817 7.213 1.7427 4.4248 8.1792 12.2017 18.3696 0.0 55.7542 21.0051 26.0618 27.6178 15.036 41.3943 1.6606 8.5252 8.447 33.9039 27.6875 58.7821 4.3377 14.9199 2.1176 2.1176 4.3886 6.6925 50.1201 106.549 0.0 0.9035 20.7871 6.3882 0.0883 74.163 8.9851 40.5314 52.5758 107.6525 21.0036;
	0.5735 7.7498 21.0554 23.4812 3.6102 4.7008 3.7046 5.557 0.0 0.1681 0.3106 0.4634 0.6977 0.0 16.2699 6.1296 7.6052 8.0593 1.7354 13.5691 1.2349 10.9686 3.6258 32.1652 26.563 53.107 4.1547 11.8364 0.2543 0.2543 11.4721 14.7544 5.7847 34.927 0.0 0.1085 15.9119 10.2963 0.0 71.1508 0.8436 52.1478 13.2199 84.6944 16.0776;
	0.5614 7.5853 0.0 16.5545 6.5879 1.7898 0.1402 3.0806 0.0 0.1092 0.2018 0.301 0.4532 0.0 12.4414 4.6872 5.8156 6.1628 0.3185 12.5852 0.0467 4.1762 7.0038 0.0 19.2996 39.6755 2.5253 18.4284 21.9185 21.9185 9.9474 9.955 1.0616 32.3942 0.0 9.3519 6.4705 11.6906 0.0 51.6955 0.8197 19.8548 47.5493 88.9722 6.5379;
	0.7497 10.13 26.0508 0.0 9.7589 0.3758 0.0 2.2379 0.0 0.5789 1.0701 1.5964 2.4033 0.0 33.7118 12.7007 15.7583 16.6991 0.0319 11.1386 0.0 0.8768 26.7292 3.0996 33.8756 45.7563 0.9365 42.2168 46.266 46.266 12.2127 1.7671 0.1064 28.6708 0.0 19.7402 45.4719 5.4961 0.0 90.7382 0.5662 4.1686 0.0 90.0078 45.9456;
	1.491 20.1463 58.5971 0.1014 12.972 1.8737 0.0 0.0 0.0 0.6078 1.1235 1.6761 2.5233 0.0 0.6492 0.2446 0.3035 0.3216 0.0 8.6747 0.0 4.372 47.2142 46.5158 0.4644 45.1311 0.0292 145.249 84.3729 84.3729 1.5665 3.9855 0.0 22.3286 0.0 35.9991 105.6749 2.4111 0.0 1.2439 13.4009 20.7859 0.1043 125.3807 106.7757;
	1.6171 21.8504 73.1964 0.0 13.6027 0.0 0.0 0.0 0.0 21.1779 39.1471 58.3997 87.9204 0.0007 3.3507 1.2624 1.5663 1.6598 0.0002 9.6454 0.0 0.0 28.1248 53.1128 56.42 48.8719 0.0 211.1167 149.2866 149.2866 0.5532 5.5494 0.0008 24.8272 0.0021 63.6956 166.41 3.4656 0.0 151.125 0.0929 0.0 99.0886 143.9344 168.1435;
	1.6663 22.5152 0.0286 0.5279 13.5853 18.1457 0.0191 0.0 0.0 0.1053 0.1946 0.2903 0.4371 0.0699 0.0 0.0 0.0 0.0 0.0002 7.8895 0.0064 42.3401 43.3672 0.0 0.0 25.902 0.0 194.7313 201.9364 201.9364 8.2299 6.5346 0.0007 20.3075 0.2192 86.1595 185.7391 18.9511 0.0 0.0 0.6934 201.2968 76.4976 116.8427 187.6739;
	2.1299 28.779 1.0852 4.7133 9.2827 7.0433 0.268 0.0027 4.1196 0.0459 0.0848 0.1266 0.1905 5.5281 0.0179 0.0067 0.0084 0.0089 0.6062 0.1524 0.0893 16.4345 28.051 0.0076 4.3067 0.3115 0.0795 311.1345 252.5227 252.5227 82.4935 8.3859 2.0207 0.3922 17.3314 107.743 258.3839 19.4494 0.0858 11.5358 0.7839 78.1341 82.4578 101.0881 261.0754;
	3.0199 40.8049 83.5771 1.6363 13.2456 1.1822 1.3079 0.0332 1.5567 0.0 0.0 0.0 0.0 1.8198 0.3529 0.1329 0.165 0.1748 0.3814 2.2763 0.436 2.7586 44.1843 0.5545 0.0029 1.2928 0.0 414.8625 262.7382 262.7382 158.3575 11.5932 1.2712 5.8591 5.7053 112.1016 301.5081 40.4222 0.152 0.0076 1.112 13.1149 0.0214 177.8133 304.6488;
	3.4765 46.9747 10.607 0.7115 13.7966 3.0796 0.9746 0.0003 0.085 0.0419 0.0775 0.1156 0.174 6.6062 4.5948 1.7311 2.1478 2.2761 12.9435 2.0799 0.3249 7.1857 5.3979 0.0 0.0 0.0906 0.0 408.8858 363.934 363.934 177.0351 25.4887 43.1451 5.3538 20.7114 155.2785 442.1376 80.9797 0.0 0.0 0.0611 34.1629 135.4096 219.7116 446.7432;
	2.7465 37.1112 6.9816 0.0242 13.9797 19.6206 4.4813 0.1849 1.0524 0.0611 0.1129 0.1684 0.2535 6.6839 0.0201 0.0076 0.0094 0.0099 4.9439 2.8842 1.4938 45.7815 14.4354 0.133 0.0 0.2823 0.0 604.8485 467.5587 467.5587 335.0576 37.3593 16.4798 7.424 20.9551 199.4917 558.9033 106.1505 0.0 0.0 0.0973 217.6582 108.696 222.7248 564.7252;
	3.0418 41.1013 79.1084 0.0 14.4643 24.5064 0.6049 0.8144 0.0 6.5397 12.0885 18.0336 27.1495 6.7118 0.0 0.0 0.0 0.0 14.0375 39.3708 0.2016 57.1817 27.5296 0.0 0.0 60.1704 0.0 803.9034 422.8724 422.8724 345.2231 48.0126 46.7917 101.3406 21.0424 180.4256 603.4248 71.2275 0.0 0.0 0.0604 271.858 103.3012 210.6603 609.7105;
	2.9787 40.2491 0.0 0.0 14.4702 0.3185 18.0268 2.7986 24.7961 16.9863 31.3989 46.841 70.5189 3.764 0.0 0.0 0.0 0.0 0.7784 20.1775 6.0089 0.7431 55.4022 0.1384 0.7505 53.3943 0.0736 744.9567 424.1588 424.1588 325.5873 44.6596 2.5947 51.9369 11.8008 180.9744 566.9638 74.5241 0.0 2.0102 0.0 3.5331 100.526 180.5355 572.8697;
	3.1535 42.6111 84.4615 0.0 15.0215 8.2439 3.5055 3.6033 26.6939 21.0199 38.8549 57.9639 87.2644 7.0303 13.577 5.115 6.3464 6.7253 0.0033 30.9042 1.1685 19.2357 70.8979 79.8461 2.1899 60.2405 0.8647 669.0351 382.6717 382.6717 244.7635 56.1253 0.011 79.5474 22.0409 163.2732 570.6956 77.3116 0.0 5.8658 0.4785 91.4521 100.7302 176.3868 576.6403;
