function loadprofile = ex_load_profilesh1
%EX_LOAD_PROFILE  Example load profile data file for stochastic unit commitment.
% 2022.03.12
% Andres F. Ramirez

%% define constants
[CT_LABEL, CT_PROB, CT_TABLE, CT_TBUS, CT_TGEN, CT_TBRCH, CT_TAREABUS, ...
    CT_TAREAGEN, CT_TAREABRCH, CT_ROW, CT_COL, CT_CHGTYPE, CT_REP, ...
    CT_REL, CT_ADD, CT_NEWVAL, CT_TLOAD, CT_TAREALOAD, CT_LOAD_ALL_PQ, ...
    CT_LOAD_FIX_PQ, CT_LOAD_DIS_PQ, CT_LOAD_ALL_P, CT_LOAD_FIX_P, ...
    CT_LOAD_DIS_P, CT_TGENCOST, CT_TAREAGENCOST, CT_MODCOST_F, ...
    CT_MODCOST_X] = idx_ct;

loadprofile = struct( ...
    'type', 'mpcData', ...
    'table', CT_TAREALOAD, ...
    'rows', [1:11], ...
    'col', CT_LOAD_ALL_P, ...
    'chgtype', 1, ...
    'values', [] );
loadprofile.values(:,1,:) = [
	1493.1436 992.4374 1665.1175 544.7898 819.4813 1200.2925 892.364 257.4 498.6421 4414.5794 1659.8958;
	1473.9553 975.8369 1642.0694 503.0691 790.2738 1164.8318 868.149 255.5262 498.6053 4344.4351 1631.6628;
	1487.2335 985.3331 1653.9301 516.924 795.8682 1175.0299 879.3365 255.0309 506.5411 4344.44 1584.6005;
	1561.117 1059.4153 1727.554 562.9 822.8 1222.0125 944.7565 283.2 561.7146 4622.8374 1772.6968;
	1725.6637 1181.4 1918.1307 569.1971 911.5494 1390.6466 1046.6 322.4 624.1297 5014.1847 1994.9024;
	1809.1542 1260.2589 2019.9548 583.6296 978.3047 1487.4493 1104.4118 350.9211 687.0395 5535.3017 2043.3033;
	1773.4197 1269.4541 1991.5539 594.5356 974.432 1463.495 1089.1984 350.9 703.327 5738.5104 2050.8382;
	1794.6106 1268.3927 1952.1387 595.9479 977.8259 1411.3235 1094.4173 358.9633 724.5 5909.7857 1963.0372;
	1807.0049 1242.2 1914.9527 579.4 951.2322 1354.8543 1059.7174 339.506 701.3484 5725.0273 1895.2095;
	1748.0262 1240.032 1922.8 589.6376 932.2308 1361.2191 1045.02 338.9807 709.5393 5944.0693 1869.3088;
	1789.1516 1231.9935 1912.2919 585.9513 916.2532 1325.6616 1019.7222 341.7741 707.7 6047.4459 1846.4465;
	1766.3339 1200.3116 1859.334 580.2499 932.8946 1347.1519 1075.3302 330.9005 684.2926 6119.2254 1877.6767;
	1753.9894 1211.9 1824.2462 562.0 893.2265 1344.1185 996.2569 340.393 676.7918 6080.2839 1865.9534;
	1686.1701 1204.0218 1865.4991 572.4009 901.7979 1342.8041 1025.6299 362.2055 678.2568 5970.1761 1930.7095;
	1689.6169 1203.5172 1841.6945 575.6 900.6661 1353.2455 1012.0 362.6384 672.3163 6038.2705 1974.691;
	1645.9862 1200.6005 1797.194 571.6 911.1278 1427.6712 1033.6476 353.8 678.8131 6112.529 2127.8351;
	1610.1981 1204.3846 1801.7286 588.868 911.989 1431.5017 1052.9957 389.9024 694.3345 5990.2667 2289.5996;
	1734.4916 1257.348 1908.6268 584.1 953.9035 1480.2395 1110.493 389.3546 727.3 6203.039 2423.9;
	1764.6307 1258.8092 1898.7941 590.8422 989.0653 1477.0554 1109.1 379.4339 707.5269 6021.9416 2360.1791;
	1735.3844 1180.5786 1804.4899 573.6305 916.1154 1387.7 1030.4475 352.6999 674.9 5615.3198 2086.1196;
	1665.7 1094.1 1681.9399 557.3 841.8781 1308.6388 955.0034 319.9949 601.6109 5333.7438 1877.8386;
	1581.5668 1016.9159 1602.3082 544.7892 812.1382 1208.2533 910.9 289.4834 526.6718 4856.1111 1745.4279;
	1477.5 958.8143 1552.0476 523.771 811.0681 1174.2347 858.0761 272.5 512.3936 4156.8075 1633.2178;
	1449.1661 915.8412 1548.5306 524.8478 757.6003 1147.1257 829.015 258.6158 507.1612 3821.1227 1408.4727;
];
