function windprofile = ex_wind_profilesh1
%EX_WIND_PROFILE_D  Example wind_load_nyiso profile data for deterministic unit commitment.
% 2022.03.12
% Andres F. Ramirez


%% define constants
[GEN_BUS, PG, QG, QMAX, QMIN, VG, MBASE, GEN_STATUS, PMAX, PMIN, ...
    MU_PMAX, MU_PMIN, MU_QMAX, MU_QMIN, PC1, PC2, QC1MIN, QC1MAX, ...
    QC2MIN, QC2MAX, RAMP_AGC, RAMP_10, RAMP_30, RAMP_Q, APF] = idx_gen;
[CT_LABEL, CT_PROB, CT_TABLE, CT_TBUS, CT_TGEN, CT_TBRCH, CT_TAREABUS, ...
    CT_TAREAGEN, CT_TAREABRCH, CT_ROW, CT_COL, CT_CHGTYPE, CT_REP, ...
    CT_REL, CT_ADD, CT_NEWVAL, CT_TLOAD, CT_TAREALOAD, CT_LOAD_ALL_PQ, ...
    CT_LOAD_FIX_PQ, CT_LOAD_DIS_PQ, CT_LOAD_ALL_P, CT_LOAD_FIX_P, ...
    CT_LOAD_DIS_P, CT_TGENCOST, CT_TAREAGENCOST, CT_MODCOST_F, ...
    CT_MODCOST_X] = idx_ct;

windprofile = struct( ...
    'type', 'mpcData', ...
    'table', CT_TGEN, ...
    'rows', [1:45], ...
    'col', PMAX, ...
    'chgtype', 1, ...
    'values', [] );
windprofile.values(:,1,:) = [
	0.6543 8.8415 56.8429 65.5094 6.5898 0.1452 0.0 8.9129 0.0 17.5365 32.416 48.3584 72.8032 2.4171 144.74 54.5299 67.6575 71.6968 76.9042 68.2722 0.0 0.3387 64.9094 78.0386 53.5532 50.4071 4.8469 146.7649 308.7657 308.7657 225.1538 31.3307 256.3472 175.7328 7.5779 131.7401 360.4808 79.0765 0.0 143.4461 66.6614 1.6103 0.0 75.4281 364.2359;
	0.4703 6.3548 55.5891 64.1741 5.4302 0.0598 0.0 12.2227 0.0 11.9051 22.0064 32.8293 49.4243 4.0195 123.207 46.4175 57.5921 61.0304 73.3478 71.0198 0.0 0.1395 32.3196 80.1408 58.6403 54.5998 7.1098 54.13 202.3238 202.3238 148.5348 15.561 244.4927 182.8053 12.6015 86.3248 274.2995 82.3494 0.0 157.0722 86.8064 0.6632 0.0 96.5707 277.1568;
	0.2479 3.3498 58.5361 64.3566 0.1235 0.0 0.0 11.5361 0.0 9.0193 16.672 24.8714 37.4438 10.9953 80.6885 30.3989 37.7172 39.969 64.4404 65.1466 0.0 0.0 9.7603 79.9142 56.4785 57.258 6.8574 0.0 0.0803 0.0803 27.1777 12.4663 214.8013 167.6875 34.4719 0.0343 147.2023 2.8172 0.0 151.2818 80.7685 0.0 0.0 95.9502 148.7356;
	0.2639 3.5653 67.766 74.0742 4.104 0.0 0.0 14.2263 0.0 13.699 25.3224 37.776 56.8716 0.645 90.4831 34.089 42.2956 44.8207 45.1696 65.8073 0.0 0.0 23.6479 82.4676 65.4405 67.5015 8.879 0.0 0.0 0.0 9.5761 15.6097 150.5654 169.3883 2.0221 0.0 0.775 0.2198 0.0 175.2872 74.4545 0.0 0.0 129.3211 0.783;
	0.274 3.7024 76.6397 73.4422 2.6311 0.0 0.0 14.8203 0.0 14.0303 25.9347 38.6895 58.2468 2.0348 120.0406 45.2246 56.112 59.462 51.5508 67.7612 0.0 0.0 17.8758 81.0718 77.8689 69.0738 9.6667 4.5421 3.1808 3.1808 7.2247 7.5283 171.8359 174.4176 6.3793 1.3571 10.179 0.8784 0.0 208.5775 66.6395 0.0 0.0 142.0802 10.2851;
	0.2673 3.6117 76.7872 61.6946 6.828 1.2436 0.0 12.9532 0.0 8.1536 15.0719 22.4843 33.85 0.2111 148.1731 55.8234 69.2623 73.3974 79.5583 71.6667 0.0 2.9017 8.2891 79.6316 58.4036 65.7685 9.0626 7.6871 0.1654 0.1654 12.064 8.4502 265.1944 184.4702 0.6617 0.0706 6.634 0.06 0.0 156.4381 52.9421 13.7953 11.7795 129.3988 6.7031;
	0.3768 5.0913 54.9208 39.8287 6.1401 0.7318 3.5412 7.8306 2.1049 6.9143 12.7809 19.0666 28.7046 4.3715 127.0091 47.8499 59.3694 62.9138 65.9696 69.5638 1.1804 1.7076 20.0778 55.2016 33.6416 54.6031 4.3564 4.6909 0.9457 0.9457 12.7151 0.7625 219.8988 179.0574 13.7053 0.4035 1.9412 2.046 1.8364 90.1116 28.4777 8.1182 26.7056 127.6892 1.9614;
	0.4626 6.251 35.951 29.271 3.1914 2.5331 4.5116 6.9613 2.1777 4.6136 8.5281 12.7223 19.1533 0.0 65.8432 24.806 30.7779 32.6153 19.5974 50.2151 1.5039 5.9106 10.7998 39.2287 33.967 59.1016 4.7887 6.7619 26.5008 26.5008 29.5298 0.0 65.3247 129.2538 0.0 11.307 32.593 3.8172 5.6325 90.983 12.308 28.1007 5.9228 107.6733 32.9325;
	0.5216 7.0483 29.802 27.3555 3.2963 0.218 2.6575 5.3325 6.0736 0.3216 0.5944 0.8867 1.3349 1.702 22.2913 8.3981 10.4199 11.042 57.9636 18.8364 0.8858 0.5086 3.6251 36.3202 27.7332 52.482 4.4233 0.0 62.1794 62.1794 60.0766 0.0 193.2121 48.4849 5.336 26.5299 16.531 4.8257 90.7459 74.2853 6.5824 2.4182 8.2618 79.7233 16.7032;
	0.639 8.634 34.9538 30.1278 7.4641 1.5758 5.8733 4.4732 3.1983 2.3503 4.3445 6.4811 9.7573 0.0031 11.4252 4.3044 5.3406 5.6594 1.9675 13.947 1.9578 3.6769 9.6194 38.4719 31.6402 48.3928 3.5508 16.9928 45.2464 45.2464 3.2079 0.0 6.5583 35.8996 0.0096 19.3051 12.2246 0.0 25.7538 84.7505 1.5117 17.4812 50.6113 96.3021 12.3519;
	1.0707 14.4672 53.9601 98.2458 12.2328 26.8234 17.8856 4.0583 21.6333 13.5581 25.062 37.3876 56.2868 2.4699 30.8668 11.6289 14.4284 15.2898 1.7396 12.3945 5.9619 62.5879 32.8019 45.9094 53.6525 53.7733 1.8507 37.0319 70.0239 70.0239 0.0112 0.0 5.7988 31.9036 7.7433 29.8769 53.3245 0.0 131.0933 143.7121 44.7828 297.5606 102.2728 106.9202 53.88;
	1.7182 23.2167 68.7596 55.8666 14.0898 12.4609 23.7597 0.6315 17.7642 5.6667 10.4748 15.6263 23.5253 5.8304 1.6331 0.6153 0.7634 0.809 8.8252 10.9511 7.9199 29.0754 51.3004 58.3569 42.532 49.6383 6.8008 103.4467 109.4209 109.4209 1.06 0.0 29.4175 28.1883 18.2792 46.6863 130.6787 0.1347 208.7975 113.9249 66.8247 138.2329 62.106 135.6428 132.04;
	2.171 29.3353 84.0703 32.3971 14.0731 4.759 27.1119 0.7071 2.7954 25.0027 46.217 68.9467 103.7989 2.3465 23.433 8.8282 10.9536 11.6075 5.9508 10.6763 9.0373 11.1042 31.58 66.6066 75.4013 55.1777 4.3023 136.5302 161.8103 161.8103 0.0 1.0489 19.8361 27.4809 7.3565 69.039 160.3094 0.0341 190.4479 201.9676 28.2982 52.7926 112.0557 170.9479 161.9793;
	1.9355 26.1535 62.5076 81.5822 14.2465 20.0931 30.7969 3.1845 11.3544 10.8986 20.1459 30.0538 45.2458 15.5248 37.653 14.1856 17.6006 18.6514 31.4017 9.6465 10.2656 46.8839 45.1927 17.6748 76.3305 34.1004 7.5112 165.4528 212.5047 212.5047 0.4841 4.0533 104.6723 24.8301 48.6722 90.6687 192.1499 9.1309 432.5946 204.4567 100.592 222.8996 94.7728 136.9271 194.1514;
	2.2333 30.1775 16.4379 42.4311 8.8251 5.2402 28.7698 0.0733 5.3014 5.7228 10.5785 15.7811 23.7583 18.2442 22.6854 8.5466 10.6041 11.2372 7.8661 3.8667 9.5899 12.2272 24.8456 1.8844 26.5003 0.0001 0.7094 236.5809 250.4635 250.4635 69.5616 6.0851 26.2202 9.9528 57.1981 106.8644 251.6792 11.503 304.3078 70.983 27.2148 58.1318 91.516 95.2253 254.3009;
	3.3812 45.6871 87.8855 34.8945 14.4093 16.4602 29.8363 0.845 26.971 9.7001 17.9304 26.7486 40.2699 38.6808 26.1251 9.8425 12.212 12.941 14.4199 16.4962 9.9454 38.407 24.9429 22.7649 39.842 0.235 1.8397 367.5113 285.0904 285.0904 176.6097 11.1027 48.0663 42.4614 121.2696 121.6386 317.0263 38.452 422.7096 106.7196 33.9241 182.5979 141.6612 176.8182 320.3287;
	3.4442 46.5381 22.158 43.7168 14.9042 9.3219 14.2038 0.8234 18.7463 18.4321 34.0715 50.828 76.5212 17.2636 31.1366 11.7305 14.5545 15.4235 18.4791 18.274 4.7346 21.7511 0.3444 4.553 25.7067 0.1213 3.6231 380.7651 370.4069 370.4069 188.6614 24.1502 61.5971 47.0372 54.1239 158.0403 479.133 70.9542 354.4493 68.8572 16.1095 103.4107 145.4861 216.8656 484.124;
	2.8492 38.4984 38.4738 77.7172 14.3858 21.486 19.4506 7.4 20.8685 17.894 33.0768 49.344 74.2871 0.2311 34.1462 12.8644 15.9613 16.9143 9.4346 13.2248 6.4835 50.134 13.6689 29.4676 54.1767 1.4322 3.4798 539.5474 477.0762 477.0762 331.5242 34.7181 31.4486 34.0407 0.7244 203.5525 586.1183 90.063 200.3411 145.1162 17.0907 238.3515 120.1514 224.9891 592.2237;
	3.5033 47.3373 91.8494 100.5404 15.1182 29.7078 15.0656 12.2403 21.7498 9.8704 18.2453 27.2184 40.9772 7.5338 11.7249 4.4173 5.4807 5.8079 3.0962 37.359 5.0219 69.3181 29.8827 28.9414 89.2646 64.2701 8.723 735.615 443.5368 443.5368 380.5589 43.8006 10.3208 96.162 23.6194 189.2424 646.1084 70.1382 208.2516 239.1016 68.663 329.558 125.1347 224.1579 652.8387;
	3.3594 45.3923 36.3696 62.5219 14.9565 19.9024 20.5657 5.0186 27.3198 23.0356 42.581 63.5224 95.6326 8.0281 39.1179 14.7374 18.2853 19.377 9.0567 18.4471 6.8552 46.4388 60.3024 42.2711 65.089 52.4653 2.4056 732.7425 437.1709 437.1709 354.1158 42.5427 30.1889 47.483 25.1691 186.5263 588.5715 70.297 176.7565 174.3455 53.7933 220.7834 113.054 178.3736 594.7024;
