function loadprofile = ex_load_profilesh1
%EX_LOAD_PROFILE  Example load profile data file for stochastic unit commitment.
% 2022.03.12
% Andres F. Ramirez

%% define constants
[CT_LABEL, CT_PROB, CT_TABLE, CT_TBUS, CT_TGEN, CT_TBRCH, CT_TAREABUS, ...
    CT_TAREAGEN, CT_TAREABRCH, CT_ROW, CT_COL, CT_CHGTYPE, CT_REP, ...
    CT_REL, CT_ADD, CT_NEWVAL, CT_TLOAD, CT_TAREALOAD, CT_LOAD_ALL_PQ, ...
    CT_LOAD_FIX_PQ, CT_LOAD_DIS_PQ, CT_LOAD_ALL_P, CT_LOAD_FIX_P, ...
    CT_LOAD_DIS_P, CT_TGENCOST, CT_TAREAGENCOST, CT_MODCOST_F, ...
    CT_MODCOST_X] = idx_ct;

loadprofile = struct( ...
    'type', 'mpcData', ...
    'table', CT_TAREALOAD, ...
    'rows', [1:11], ...
    'col', CT_LOAD_ALL_P, ...
    'chgtype', 1, ...
    'values', [] );
loadprofile.values(:,1,:) = [
	1573.2906 989.6102 1663.2024 600.0211 801.228 1178.8871 939.4638 282.7064 549.9891 4687.9564 1800.2369;
	1534.5054 972.346 1635.7463 600.4167 829.1174 1179.0494 928.1916 275.8 546.0932 4603.6283 1769.3967;
	1565.8271 1000.1 1692.6809 604.9276 843.7418 1218.4139 947.253 294.5246 558.0676 4707.6486 1835.1;
	1642.8538 1080.738 1793.3598 610.2845 912.2281 1316.6367 1008.6 328.4893 584.4179 4985.5758 1960.742;
	1777.9661 1189.3008 1969.5908 621.6822 1010.1733 1441.2055 1119.9277 351.0 690.8458 5639.5682 2202.4961;
	1878.7239 1251.2674 2056.8638 629.2786 1041.5225 1532.1191 1165.1281 356.8 761.0497 6041.2352 2338.6555;
	1905.5204 1252.149 2061.518 630.7 1062.714 1519.3209 1181.4 364.4005 748.1734 6428.7678 2397.3597;
	1904.8797 1238.4342 2058.1 613.4527 1087.2125 1506.199 1183.3 350.3499 725.0 6513.2812 2325.24;
	1899.9488 1239.8073 2029.2595 608.227 1077.4988 1541.5478 1187.2094 354.5571 737.882 6628.1407 2317.2587;
	1870.5792 1229.8996 2021.828 612.4 1034.5303 1499.3982 1189.1 355.4 752.9937 6618.9657 2290.9007;
	1830.5611 1224.8839 1977.9981 613.0 1016.2616 1518.2264 1205.4675 362.0106 756.3279 6641.6961 2239.9186;
	1824.7383 1166.6481 1871.9845 605.3984 965.5563 1413.974 1135.69 346.0853 752.5208 6446.4621 2229.443;
	1809.6104 1134.1287 1826.2696 589.3 910.1399 1369.016 1137.7896 351.4517 761.1941 6397.9 2210.6018;
	1783.4 1110.8353 1766.3245 584.4266 903.9997 1373.9137 1096.5199 342.8382 764.076 6442.5744 2191.9;
	1804.0974 1126.6345 1776.8277 603.9772 923.883 1406.9082 1098.7922 356.5852 784.8805 6448.9245 2271.6074;
	1815.8201 1163.4426 1867.2292 596.6759 968.8017 1454.7877 1109.7829 355.6629 803.3898 6475.1797 2414.0609;
	1832.488 1175.9527 1923.7722 584.4408 1000.4646 1523.3359 1206.2709 390.4252 821.6181 6440.2894 2568.8843;
	1916.1195 1255.7655 2020.534 616.0 1075.2615 1607.2716 1271.8096 401.6426 844.2881 6519.0432 2753.1282;
	1995.788 1267.4095 2061.6939 639.2552 1054.4838 1556.6496 1200.2654 369.8 798.2 6269.0723 2575.8784;
	1918.9383 1198.7006 1995.0216 614.2337 1025.4628 1471.3546 1181.4915 366.1079 768.0094 6338.4947 2471.3;
	1775.4952 1114.6 1837.9 611.0849 966.8803 1347.546 1116.8 327.617 721.776 6023.494 2229.7548;
	1727.8994 1039.3374 1732.784 581.8676 923.0782 1249.5622 1007.884 297.8947 645.7998 5453.1197 1984.7372;
	1613.0 991.6486 1628.0791 575.0404 843.1 1185.7532 931.8303 284.0519 566.219 5018.9186 1833.4092;
	1540.1758 958.4057 1557.6303 584.6694 806.801 1150.7322 891.4408 255.3 547.2991 4760.0591 1702.9295;
];
