function solarprofile = ex_solar_profilesh1
%EX_WIND_PROFILE_D  Example wind_load_nyiso profile data for deterministic unit commitment.
% 2022.03.12
% Andres F. Ramirez


%% define constants
[GEN_BUS, PG, QG, QMAX, QMIN, VG, MBASE, GEN_STATUS, PMAX, PMIN, ...
    MU_PMAX, MU_PMIN, MU_QMAX, MU_QMIN, PC1, PC2, QC1MIN, QC1MAX, ...
    QC2MIN, QC2MAX, RAMP_AGC, RAMP_10, RAMP_30, RAMP_Q, APF] = idx_gen;
[CT_LABEL, CT_PROB, CT_TABLE, CT_TBUS, CT_TGEN, CT_TBRCH, CT_TAREABUS, ...
    CT_TAREAGEN, CT_TAREABRCH, CT_ROW, CT_COL, CT_CHGTYPE, CT_REP, ...
    CT_REL, CT_ADD, CT_NEWVAL, CT_TLOAD, CT_TAREALOAD, CT_LOAD_ALL_PQ, ...
    CT_LOAD_FIX_PQ, CT_LOAD_DIS_PQ, CT_LOAD_ALL_P, CT_LOAD_FIX_P, ...
    CT_LOAD_DIS_P, CT_TGENCOST, CT_TAREAGENCOST, CT_MODCOST_F, ...
    CT_MODCOST_X] = idx_ct;

solarprofile = struct( ...
    'type', 'mpcData', ...
    'table', CT_TGEN, ...
    'rows', [1:12], ...
    'col', PMAX, ...
    'chgtype', 1, ...
    'values', [] );
solarprofile.values(:,1,:) = [
	0.0 0.0 0.0 0.0 0.0 0.0 0.0 0.0 0.0 0.0 0.0 0.0;
	0.0 0.0 0.0 0.0 0.0 0.0 0.0 0.0 0.0 0.0 0.0 0.0;
	0.0 0.0 0.0 0.0 0.0 0.0 0.0 0.0 0.0 0.0 0.0 0.0;
	0.0 0.0 0.0 0.0 0.0 0.0 0.0 0.0 0.0 0.0 0.0 0.0;
	0.0 0.0 0.0 0.0 0.0 0.0 0.0 0.0 0.0 0.0 0.0 0.0;
	0.4731 0.4018 0.4224 0.0 0.0 0.0 0.0 0.6509 0.0 0.0 0.0 0.0;
	9.2784 8.3876 5.8151 6.7522 7.8005 277.5862 34.6983 51.6381 152.4159 14.2361 5.7264 25.7817;
	18.7982 16.2693 12.6392 8.4578 8.771 433.469 54.1836 71.8426 256.1123 28.2267 10.587 51.1188;
	22.7695 16.8068 13.8248 9.8383 8.4602 443.9427 55.4928 74.0522 268.4416 37.373 17.7963 67.6827;
	25.2101 16.6664 13.7142 8.0899 5.913 271.4951 33.9369 55.7625 192.5797 35.1653 38.7759 63.6846;
	26.8523 17.1301 14.068 8.2237 7.2155 165.0256 20.6282 55.8741 195.0636 28.7052 48.7496 51.9854;
	27.0913 17.1475 14.215 6.8612 8.9873 94.0231 11.7529 55.7864 187.6309 17.1344 51.6678 31.0305;
	19.9952 12.2015 11.5157 2.3904 11.3029 39.5036 4.9379 21.6404 56.7918 7.741 48.1594 14.0189;
	15.1194 9.029 8.6324 1.3642 10.4684 62.0324 7.754 18.8822 51.1487 15.2446 37.1476 27.6082;
	9.1091 6.2972 5.6729 1.2508 7.5967 92.5524 11.5691 16.0969 48.2194 25.1036 24.8414 45.4627;
	3.9658 2.4393 2.3784 1.1863 0.6838 62.9313 7.8664 6.4199 20.3354 15.9697 5.5714 28.9213;
	0.8672 0.7415 0.7137 0.4192 0.2537 23.6964 2.9621 5.5232 8.2051 7.3877 3.4476 13.3792;
	0.0 0.0 0.0 0.0 0.0 0.0 0.0 0.0 0.0 0.0 0.0 0.0;
	0.0 0.0 0.0 0.0 0.0 0.0 0.0 0.0 0.0 0.0 0.0 0.0;
	0.0 0.0 0.0 0.0 0.0 0.0 0.0 0.0 0.0 0.0 0.0 0.0;
	0.0 0.0 0.0 0.0 0.0 0.0 0.0 0.0 0.0 0.0 0.0 0.0;
	0.0 0.0 0.0 0.0 0.0 0.0 0.0 0.0 0.0 0.0 0.0 0.0;
	0.0 0.0 0.0 0.0 0.0 0.0 0.0 0.0 0.0 0.0 0.0 0.0;
	0.0 0.0 0.0 0.0 0.0 0.0 0.0 0.0 0.0 0.0 0.0 0.0;
];
