function loadprofile = ex_load_profilesh1
%EX_LOAD_PROFILE  Example load profile data file for stochastic unit commitment.
% 2022.03.12
% Andres F. Ramirez

%% define constants
[CT_LABEL, CT_PROB, CT_TABLE, CT_TBUS, CT_TGEN, CT_TBRCH, CT_TAREABUS, ...
    CT_TAREAGEN, CT_TAREABRCH, CT_ROW, CT_COL, CT_CHGTYPE, CT_REP, ...
    CT_REL, CT_ADD, CT_NEWVAL, CT_TLOAD, CT_TAREALOAD, CT_LOAD_ALL_PQ, ...
    CT_LOAD_FIX_PQ, CT_LOAD_DIS_PQ, CT_LOAD_ALL_P, CT_LOAD_FIX_P, ...
    CT_LOAD_DIS_P, CT_TGENCOST, CT_TAREAGENCOST, CT_MODCOST_F, ...
    CT_MODCOST_X] = idx_ct;

loadprofile = struct( ...
    'type', 'mpcData', ...
    'table', CT_TAREALOAD, ...
    'rows', [1:11], ...
    'col', CT_LOAD_ALL_P, ...
    'chgtype', 1, ...
    'values', [] );
loadprofile.values(:,1,:) = [
	1571.9196 969.1 1664.2 594.9772 816.502 1192.4575 892.9566 260.0406 515.2865 4369.8255 1540.5242;
	1568.8556 959.7184 1642.5322 600.5 815.8521 1201.5513 893.6974 268.1756 502.9752 4452.8148 1581.7526;
	1557.6283 987.7578 1692.6586 602.9685 826.9831 1220.3148 906.3098 261.8493 511.1459 4405.4954 1584.613;
	1648.0602 1061.6876 1798.0172 617.5937 881.8553 1302.3421 974.3715 296.4877 550.3794 4645.1762 1764.4683;
	1774.7953 1185.656 1988.8999 639.335 1013.2309 1467.4344 1073.1 339.4 625.0502 5168.0052 2026.2198;
	1849.0467 1255.8 2101.9301 640.7 1068.3759 1556.8391 1133.0929 378.1703 684.5486 5819.3991 2133.7941;
	1880.5733 1243.7649 2086.6482 618.4389 1058.7462 1537.7809 1134.7614 393.5912 704.1016 6078.3062 2141.8049;
	1884.4766 1215.0067 2042.1592 599.3808 1072.6094 1500.4679 1110.9329 379.2962 700.7299 6320.4402 2134.374;
	1865.9398 1208.6439 1976.4049 598.404 1067.5 1454.2526 1116.5518 375.8293 706.3907 6399.8826 2143.4052;
	1899.064 1213.2546 1987.5552 579.2 1078.199 1518.6974 1144.0743 383.7974 700.385 6351.5388 2166.7637;
	1884.1361 1235.1152 1989.8746 578.8784 1061.0375 1517.4245 1139.1476 382.3392 693.6 6320.5442 2167.5294;
	1846.4823 1200.5114 1885.4714 572.7255 989.4314 1417.601 1075.3915 363.0724 667.1433 6359.2218 2165.4388;
	1848.1236 1200.4919 1859.3731 574.2062 912.7959 1403.348 1074.6261 343.6 648.3553 6263.4331 2117.2876;
	1820.8195 1171.2685 1858.0578 561.8211 946.5367 1429.0158 1108.4849 341.7251 663.5365 6269.6357 2133.7481;
	1770.1244 1131.3855 1862.776 531.6633 922.5564 1412.4891 1066.0431 332.5 665.8322 6205.5292 2127.6696;
	1783.4446 1171.3639 1901.5122 547.5234 935.0815 1457.4589 1084.4 345.3185 674.7 6338.3261 2297.1394;
	1789.1825 1186.2497 1914.7424 575.1 922.7818 1521.381 1120.4909 360.3114 684.2873 6206.5673 2332.2135;
	1844.1 1234.4634 1998.5647 610.3077 999.913 1580.7483 1199.6086 375.0 727.003 6260.0519 2445.5336;
	1891.8 1237.6836 1991.8024 605.3671 1006.9436 1509.125 1155.5137 356.9 699.0 6025.6092 2313.8214;
	1807.3736 1152.1 1912.4901 585.4216 963.2365 1438.236 1111.8019 326.6906 670.1158 5768.7693 2140.4107;
	1731.7045 1072.7 1799.4 566.9853 914.9155 1328.8007 1075.9 295.7046 631.3543 5564.3665 2086.302;
	1628.6608 1004.2963 1694.7921 555.675 876.3291 1256.7528 1001.5673 274.4395 553.336 5040.1205 1871.6565;
	1502.2218 912.3678 1568.918 554.792 755.8381 1157.2801 912.7274 238.2874 524.5107 4693.8597 1766.3879;
	1420.3765 886.2128 1557.1551 571.6655 705.9218 1139.0784 898.4 217.9706 516.3133 4410.6324 1738.5398;
];
