function solarprofile = ex_solar_profilesh1
%EX_WIND_PROFILE_D  Example wind_load_nyiso profile data for deterministic unit commitment.
% 2022.03.12
% Andres F. Ramirez


%% define constants
[GEN_BUS, PG, QG, QMAX, QMIN, VG, MBASE, GEN_STATUS, PMAX, PMIN, ...
    MU_PMAX, MU_PMIN, MU_QMAX, MU_QMIN, PC1, PC2, QC1MIN, QC1MAX, ...
    QC2MIN, QC2MAX, RAMP_AGC, RAMP_10, RAMP_30, RAMP_Q, APF] = idx_gen;
[CT_LABEL, CT_PROB, CT_TABLE, CT_TBUS, CT_TGEN, CT_TBRCH, CT_TAREABUS, ...
    CT_TAREAGEN, CT_TAREABRCH, CT_ROW, CT_COL, CT_CHGTYPE, CT_REP, ...
    CT_REL, CT_ADD, CT_NEWVAL, CT_TLOAD, CT_TAREALOAD, CT_LOAD_ALL_PQ, ...
    CT_LOAD_FIX_PQ, CT_LOAD_DIS_PQ, CT_LOAD_ALL_P, CT_LOAD_FIX_P, ...
    CT_LOAD_DIS_P, CT_TGENCOST, CT_TAREAGENCOST, CT_MODCOST_F, ...
    CT_MODCOST_X] = idx_ct;

solarprofile = struct( ...
    'type', 'mpcData', ...
    'table', CT_TGEN, ...
    'rows', [1:12], ...
    'col', PMAX, ...
    'chgtype', 1, ...
    'values', [] );
solarprofile.values(:,1,:) = [
	0.0 0.0 0.0 0.0 0.0 0.0 0.0 0.0 0.0 0.0 0.0 0.0;
	0.0 0.0 0.0 0.0 0.0 0.0 0.0 0.0 0.0 0.0 0.0 0.0;
	0.0 0.0 0.0 0.0 0.0 0.0 0.0 0.0 0.0 0.0 0.0 0.0;
	0.0 0.0 0.0 0.0 0.0 0.0 0.0 0.0 0.0 0.0 0.0 0.0;
	0.0 0.0 0.0 0.0 0.0 0.0 0.0 0.0 0.0 0.0 0.0 0.0;
	0.4814 0.4018 0.4224 0.0 0.0 0.0 0.0 0.2 0.0 0.0 0.0 0.0;
	6.7316 6.6217 5.0407 3.4816 2.9221 225.1899 28.1487 17.6451 136.5791 14.033 9.8691 25.4138;
	13.4821 13.6231 10.7904 6.7194 6.3498 413.1958 51.6495 17.0881 246.889 38.7706 20.0182 70.2138;
	19.8551 16.6083 13.8 9.0402 8.1206 430.3231 53.7904 19.4267 260.1051 68.0591 33.8801 123.2555;
	21.5516 16.1547 13.5462 6.9461 7.3212 191.6329 23.9541 17.3068 146.8308 105.503 89.9038 191.0667;
	24.6318 16.371 13.7627 6.5149 8.1076 262.1413 32.7677 35.5171 171.1721 99.6834 131.1506 180.5273;
	24.8732 16.3954 13.769 5.0521 7.8701 254.3984 31.7998 36.1471 175.4021 91.9953 134.6072 166.604;
	7.9327 6.8586 7.077 2.3949 6.523 5.5166 0.6896 0.7436 45.1557 90.4019 123.4229 163.7185;
	4.1882 2.7369 3.4238 2.4348 6.1814 0.0 0.0 0.2518 26.57 102.9399 113.4676 186.4248;
	2.756 2.2244 2.2241 3.2305 6.4093 0.0 0.0 0.0 11.1473 131.1397 106.4886 237.4947;
	1.6844 2.0323 1.3697 4.4215 3.0702 0.0 0.0 0.0 0.0 84.8803 63.8639 153.7188;
	0.487 0.5203 0.4103 1.0849 1.0667 3.1588 0.3949 1.0608 2.2574 7.6444 4.3137 13.8441;
	0.0 0.0 0.0 0.0 0.0 0.0 0.0 0.0 0.0 0.0 0.0 0.0;
	0.0 0.0 0.0 0.0 0.0 0.0 0.0 0.0 0.0 0.0 0.0 0.0;
	0.0 0.0 0.0 0.0 0.0 0.0 0.0 0.0 0.0 0.0 0.0 0.0;
	0.0 0.0 0.0 0.0 0.0 0.0 0.0 0.0 0.0 0.0 0.0 0.0;
	0.0 0.0 0.0 0.0 0.0 0.0 0.0 0.0 0.0 0.0 0.0 0.0;
	0.0 0.0 0.0 0.0 0.0 0.0 0.0 0.0 0.0 0.0 0.0 0.0;
	0.0 0.0 0.0 0.0 0.0 0.0 0.0 0.0 0.0 0.0 0.0 0.0;
];
