function solarprofile = ex_solar_profilesh1
%EX_WIND_PROFILE_D  Example wind_load_nyiso profile data for deterministic unit commitment.
% 2022.03.12
% Andres F. Ramirez


%% define constants
[GEN_BUS, PG, QG, QMAX, QMIN, VG, MBASE, GEN_STATUS, PMAX, PMIN, ...
    MU_PMAX, MU_PMIN, MU_QMAX, MU_QMIN, PC1, PC2, QC1MIN, QC1MAX, ...
    QC2MIN, QC2MAX, RAMP_AGC, RAMP_10, RAMP_30, RAMP_Q, APF] = idx_gen;
[CT_LABEL, CT_PROB, CT_TABLE, CT_TBUS, CT_TGEN, CT_TBRCH, CT_TAREABUS, ...
    CT_TAREAGEN, CT_TAREABRCH, CT_ROW, CT_COL, CT_CHGTYPE, CT_REP, ...
    CT_REL, CT_ADD, CT_NEWVAL, CT_TLOAD, CT_TAREALOAD, CT_LOAD_ALL_PQ, ...
    CT_LOAD_FIX_PQ, CT_LOAD_DIS_PQ, CT_LOAD_ALL_P, CT_LOAD_FIX_P, ...
    CT_LOAD_DIS_P, CT_TGENCOST, CT_TAREAGENCOST, CT_MODCOST_F, ...
    CT_MODCOST_X] = idx_ct;

solarprofile = struct( ...
    'type', 'mpcData', ...
    'table', CT_TGEN, ...
    'rows', [1:12], ...
    'col', PMAX, ...
    'chgtype', 1, ...
    'values', [] );
solarprofile.values(:,1,:) = [
	0.0 0.0 0.0 0.0 0.0 0.0 0.0 0.0 0.0 0.0 0.0 0.0;
	0.0 0.0 0.0 0.0 0.0 0.0 0.0 0.0 0.0 0.0 0.0 0.0;
	0.0 0.0 0.0 0.0 0.0 0.0 0.0 0.0 0.0 0.0 0.0 0.0;
	0.0 0.0 0.0 0.0 0.0 0.0 0.0 0.0 0.0 0.0 0.0 0.0;
	0.0 0.0 0.0 0.0 0.0 0.0 0.0 0.0 0.0 0.0 0.0 0.0;
	0.4731 0.4018 0.4224 0.0 0.0 0.0 0.0 0.6651 0.0 0.0 0.0 0.0;
	2.0791 2.0268 1.9125 1.4757 2.5768 273.235 34.1544 27.7092 36.2225 3.3772 1.6946 6.1162;
	3.7436 2.6603 4.4089 3.3802 6.3522 420.076 52.5095 60.4207 153.6595 28.0203 19.9946 50.7449;
	10.5612 7.1748 11.8659 5.7782 8.7143 431.6366 53.9546 70.3335 211.1254 59.6392 36.7291 108.0069;
	22.3428 13.6937 13.6105 3.4783 8.6595 304.648 38.081 57.8223 101.7811 86.2831 27.9604 156.2593;
	23.8036 15.4871 13.7627 6.3742 9.2825 331.7772 41.4722 59.0392 147.6924 91.3936 27.0346 165.5143;
	24.8051 16.2604 13.769 7.8182 9.2567 359.3964 44.9245 58.9134 183.6897 95.0398 36.9154 172.1177;
	16.5072 12.1502 12.0557 7.4381 8.7711 317.0203 39.6275 34.0359 103.7266 95.2007 44.3075 172.4091;
	17.8652 11.9181 11.8972 4.7506 7.5463 285.2481 35.656 27.9765 77.1504 94.7407 31.4227 171.5761;
	13.115 7.6992 8.6804 2.6786 6.4399 206.0157 25.752 21.9193 47.4818 79.8383 14.154 144.5876;
	3.2953 1.9888 2.4221 0.9164 1.6162 47.7787 5.9723 5.1419 8.3455 18.6826 0.0 33.8343;
	0.3701 0.3109 0.3121 0.8073 0.5625 12.406 1.5507 1.9582 8.1942 8.2387 3.4413 14.9204;
	0.0 0.0 0.0 0.0 0.0 0.0 0.0 0.0 0.0 0.0 0.0 0.0;
	0.0 0.0 0.0 0.0 0.0 0.0 0.0 0.0 0.0 0.0 0.0 0.0;
	0.0 0.0 0.0 0.0 0.0 0.0 0.0 0.0 0.0 0.0 0.0 0.0;
	0.0 0.0 0.0 0.0 0.0 0.0 0.0 0.0 0.0 0.0 0.0 0.0;
	0.0 0.0 0.0 0.0 0.0 0.0 0.0 0.0 0.0 0.0 0.0 0.0;
	0.0 0.0 0.0 0.0 0.0 0.0 0.0 0.0 0.0 0.0 0.0 0.0;
	0.0 0.0 0.0 0.0 0.0 0.0 0.0 0.0 0.0 0.0 0.0 0.0;
];
