function windprofile = ex_wind_profilesh1
%EX_WIND_PROFILE_D  Example wind_load_nyiso profile data for deterministic unit commitment.
% 2022.03.12
% Andres F. Ramirez


%% define constants
[GEN_BUS, PG, QG, QMAX, QMIN, VG, MBASE, GEN_STATUS, PMAX, PMIN, ...
    MU_PMAX, MU_PMIN, MU_QMAX, MU_QMIN, PC1, PC2, QC1MIN, QC1MAX, ...
    QC2MIN, QC2MAX, RAMP_AGC, RAMP_10, RAMP_30, RAMP_Q, APF] = idx_gen;
[CT_LABEL, CT_PROB, CT_TABLE, CT_TBUS, CT_TGEN, CT_TBRCH, CT_TAREABUS, ...
    CT_TAREAGEN, CT_TAREABRCH, CT_ROW, CT_COL, CT_CHGTYPE, CT_REP, ...
    CT_REL, CT_ADD, CT_NEWVAL, CT_TLOAD, CT_TAREALOAD, CT_LOAD_ALL_PQ, ...
    CT_LOAD_FIX_PQ, CT_LOAD_DIS_PQ, CT_LOAD_ALL_P, CT_LOAD_FIX_P, ...
    CT_LOAD_DIS_P, CT_TGENCOST, CT_TAREAGENCOST, CT_MODCOST_F, ...
    CT_MODCOST_X] = idx_ct;

windprofile = struct( ...
    'type', 'mpcData', ...
    'table', CT_TGEN, ...
    'rows', [1:45], ...
    'col', PMAX, ...
    'chgtype', 1, ...
    'values', [] );
windprofile.values(:,1,:) = [
	0.6431 8.6897 54.454 63.6842 6.9819 0.0 0.0 6.9704 0.0 21.2319 39.2469 58.5487 88.1448 62.1774 148.0838 55.7897 69.2206 73.3532 81.3839 70.9802 0.0 0.0 73.1493 72.1969 46.776 50.2984 2.7582 178.5739 314.2859 314.2859 218.2044 45.3282 271.2796 182.7032 194.9346 134.0953 385.134 78.1765 31.9627 125.2929 63.7582 0.0 2.4912 71.2771 389.1458;
	0.4619 6.2409 52.6022 66.4832 6.4396 0.0147 0.0 7.3687 0.3038 13.0225 24.0718 35.9104 54.0629 43.8744 118.7188 44.7266 55.4942 58.8072 75.3341 68.8282 0.0 0.0342 37.7747 75.3526 48.8085 47.4182 0.7856 69.664 221.7734 221.7734 153.1028 31.8295 251.1135 177.164 137.5521 94.6233 297.3247 86.4842 15.4357 130.7369 77.0058 0.1627 3.1327 83.9357 300.4218;
	0.2794 3.7758 59.1334 67.0734 5.3593 0.0 0.0 7.72 0.0 10.2827 19.0075 28.3554 42.6889 31.0776 74.9784 28.2477 35.048 37.1404 66.1046 64.6897 0.0 0.0 29.4339 78.3726 52.2009 50.2538 0.9042 8.6381 28.605 28.605 45.1255 18.8697 220.3485 166.5113 97.4325 12.2048 172.8642 5.2683 6.2471 139.8237 64.2876 0.0 13.6362 94.0062 174.6649;
	0.3876 5.2378 62.1914 72.8564 6.733 0.2062 0.0 9.4634 0.0 15.0898 27.8933 41.6112 62.6455 7.9464 71.5113 26.9415 33.4274 35.423 46.9771 53.7363 0.0 0.4812 45.5174 74.3063 50.6761 58.2533 2.1627 33.0315 16.4324 16.4324 8.0826 22.335 156.5905 138.3174 24.9129 7.0112 50.586 2.2252 0.0 135.7396 61.1975 2.2877 12.1929 131.8757 51.113;
	0.3881 5.2442 67.7182 73.7005 8.3877 0.5173 0.9275 7.3328 0.2943 15.372 28.415 42.3895 63.8172 6.073 108.5352 40.89 50.7339 53.7628 61.823 62.9051 0.3092 1.207 43.9423 74.7227 56.268 59.1748 2.8657 14.814 12.0933 12.0933 18.975 12.0992 206.0768 161.9179 19.0397 5.1598 56.3483 10.3428 13.6729 150.7179 61.7019 5.7382 12.1183 129.9128 56.9352;
	0.4984 6.7348 77.9728 66.6511 9.379 4.3553 0.7891 9.9104 1.8329 9.2707 17.1367 25.5646 38.4873 13.5073 130.4454 49.1445 60.9756 64.616 82.6352 61.1415 0.263 10.1624 33.4584 81.2014 56.6859 66.2998 6.9831 20.2314 7.9492 7.9492 40.8481 14.1981 275.4507 157.3785 42.3473 3.3916 36.5279 13.3906 29.6539 151.8372 53.9329 48.315 26.1319 141.4448 36.9084;
	0.4786 6.467 57.7748 42.8667 9.3661 3.4657 4.0297 1.2749 2.1774 7.1316 13.1827 19.666 29.607 6.5357 107.3096 40.4282 50.161 53.1557 67.6832 59.3233 1.3432 8.0866 20.5903 58.1399 30.8697 62.4021 1.9173 25.1345 8.0435 8.0435 10.3802 28.2282 225.6108 152.6983 20.4904 3.4319 29.5841 2.7698 10.2122 82.6867 28.2405 38.4462 34.6034 131.8707 29.8922;
	0.5206 7.0338 35.0646 30.8211 3.8719 3.0407 4.3548 6.6468 1.9084 3.9435 7.2895 10.8744 16.3714 6.2302 51.007 19.2166 23.8428 25.2662 21.4586 37.9973 1.4516 7.0949 9.0639 36.2622 30.2004 62.2899 3.6793 39.5358 35.1007 35.1007 43.1067 30.2216 71.5288 97.805 19.5326 14.9763 80.172 24.2012 4.3642 80.8939 12.3119 33.7312 32.3493 107.1744 81.0071;
	0.7717 10.4275 30.1754 29.3189 4.2196 6.9786 6.7976 5.5715 4.2418 0.9503 1.7566 2.6206 3.9452 13.0036 16.6388 6.2686 7.7777 8.242 79.6955 15.5713 2.2659 16.2835 4.8035 33.0561 27.2616 53.6331 3.9268 0.2362 19.6495 19.6495 41.1203 50.6482 265.6517 40.0806 40.7682 8.3838 15.6126 11.6694 89.2323 73.0222 6.0297 77.4164 61.0205 86.3731 15.7752;
	0.632 8.5392 35.1112 27.6892 7.75 4.3787 0.0089 4.5573 0.0 0.0 0.0 0.0 0.0 0.0029 6.6829 2.5178 3.1239 3.3104 23.3849 13.3602 0.003 10.2169 5.9478 35.5106 30.4352 48.4746 3.0338 24.4587 20.3192 20.3192 11.8845 21.8701 77.9497 34.3893 0.009 8.6695 0.0 14.4524 0.0 81.5228 4.3404 48.5742 51.7759 97.7325 0.0;
	0.9227 12.4676 49.6454 98.9667 12.012 8.9419 5.2794 3.4549 1.8401 9.3296 17.2457 25.7272 38.7322 6.1469 117.5303 44.2789 54.9386 58.2185 77.4856 14.2756 1.7598 20.8645 32.3604 44.0622 47.8581 52.8605 1.2144 43.052 66.9106 66.9106 41.3112 6.0787 258.2854 36.7454 19.2712 28.5485 59.0163 18.8173 157.1916 128.1914 17.0258 99.1956 32.1415 114.8972 59.6311;
	1.7265 23.3289 67.191 63.6192 13.91 4.9863 0.6277 0.0012 0.6119 3.8445 7.1065 10.6016 15.9606 3.7178 29.3726 11.0659 13.73 14.5497 55.7176 11.5652 0.2092 11.6347 52.8076 55.1982 11.9098 44.5539 0.0 152.2137 100.2494 100.2494 57.666 14.6928 185.7254 29.7689 11.6557 42.7731 124.074 15.1459 40.3584 31.9013 13.708 55.3148 32.8306 143.5122 125.3665;
	2.4653 33.3117 86.6525 98.9961 14.9759 10.8528 0.1947 0.0984 6.5149 25.878 47.8351 71.3606 107.4329 22.5945 82.9808 31.2625 38.7887 41.1044 76.8043 13.3881 0.0649 25.3232 36.8041 70.6798 72.1382 52.1968 0.0991 232.0134 174.9781 174.9781 195.7497 23.3753 256.0142 34.461 70.8367 74.6573 180.6952 37.9399 81.3622 193.2272 33.5853 120.3937 116.5794 177.0063 182.5775;
	1.9502 26.3515 37.4791 81.585 14.366 20.8294 0.0964 0.1715 1.3586 10.6625 19.7094 29.4026 44.2655 13.0052 29.081 10.9561 13.5937 14.4052 62.9588 11.6691 0.0321 48.602 47.9167 41.1209 21.9182 31.6894 0.0147 191.886 212.7615 212.7615 296.9804 14.9559 209.8626 30.0364 40.7729 90.7783 186.4351 23.0308 17.6833 58.7095 18.2876 231.0679 88.6064 135.5389 188.3771;
	2.2159 29.9412 63.4193 87.0604 9.5013 9.9253 0.0 2.2701 0.0 2.4456 4.5207 6.7441 10.1531 2.2556 76.5207 28.8287 35.769 37.9044 70.9582 62.0966 0.0 23.1591 30.5068 85.3458 84.6801 23.6524 1.2683 221.643 255.5931 255.5931 120.0456 9.8906 236.5272 159.8369 7.0715 109.0531 234.794 18.4048 0.0 226.8217 21.4016 110.1049 83.6903 108.4952 237.2398;
	3.1363 42.3784 89.2836 108.8444 14.198 8.5003 0.3045 5.6753 0.8825 0.1516 0.2802 0.4181 0.6294 2.8082 9.0346 3.4037 4.2232 4.4753 44.4031 7.5898 0.1015 19.8341 43.2964 81.9862 82.3917 30.2518 1.2896 326.1559 277.3861 277.3861 189.5137 12.8732 148.0103 19.5361 8.8039 118.3514 283.7223 41.8722 9.9623 220.692 8.2309 94.297 7.2469 181.8125 286.6778;
	3.4394 46.4737 7.7036 48.8355 14.3803 2.6235 0.0 1.7607 0.0 0.5724 1.0581 1.5784 2.3763 0.4996 2.5804 0.9721 1.2062 1.2782 51.1354 6.024 0.0 6.1214 1.3498 4.6013 16.2556 4.9757 1.8708 290.0051 367.7995 367.7995 203.9599 26.0548 170.4512 15.5057 1.5662 156.9278 436.3531 73.559 0.0 43.5418 1.206 29.103 134.8589 206.9531 440.8985;
	2.9048 39.2496 7.4527 82.0824 14.1955 18.9411 2.7707 0.7209 1.9193 0.1256 0.2322 0.3464 0.5215 2.7738 0.408 0.1537 0.1907 0.2021 17.9905 0.9554 0.9236 44.196 12.8436 5.4784 16.5619 0.6297 0.692 471.8298 459.0765 459.0765 324.3092 33.329 59.9685 2.4593 8.6962 195.8726 541.3349 88.7147 0.0 44.3623 5.6462 210.1203 114.414 225.3515 546.9738;
	3.025 40.8747 85.2929 28.5085 14.0991 22.9496 0.5115 0.9931 0.2149 4.887 9.0335 13.4762 20.2883 9.0827 8.9013 3.3535 4.1608 4.4092 13.4889 37.5218 0.1705 53.5491 0.4598 14.2185 31.9047 61.7386 1.8117 650.5352 429.6439 429.6439 363.4835 43.5017 44.963 96.5812 28.4755 183.3147 587.9957 72.778 0.0 85.4589 8.4509 254.5877 99.5678 214.1261 594.1206;
	2.9458 39.8046 19.3798 39.5949 13.9847 0.0 17.7534 2.3837 26.0482 19.4548 35.9619 53.6481 80.7669 14.8828 6.4878 2.4442 3.0327 3.2137 1.861 19.6055 5.9178 0.0 50.7923 46.1692 47.9147 56.0645 1.1377 605.3375 421.139 421.139 330.7716 40.3512 6.2034 50.4647 46.6595 179.686 528.4426 71.5921 0.0 128.3429 29.5826 0.0 101.3247 189.4881 533.9472;
