function windprofile = ex_wind_profilesh1
%EX_WIND_PROFILE_D  Example wind_load_nyiso profile data for deterministic unit commitment.
% 2022.03.12
% Andres F. Ramirez


%% define constants
[GEN_BUS, PG, QG, QMAX, QMIN, VG, MBASE, GEN_STATUS, PMAX, PMIN, ...
    MU_PMAX, MU_PMIN, MU_QMAX, MU_QMIN, PC1, PC2, QC1MIN, QC1MAX, ...
    QC2MIN, QC2MAX, RAMP_AGC, RAMP_10, RAMP_30, RAMP_Q, APF] = idx_gen;
[CT_LABEL, CT_PROB, CT_TABLE, CT_TBUS, CT_TGEN, CT_TBRCH, CT_TAREABUS, ...
    CT_TAREAGEN, CT_TAREABRCH, CT_ROW, CT_COL, CT_CHGTYPE, CT_REP, ...
    CT_REL, CT_ADD, CT_NEWVAL, CT_TLOAD, CT_TAREALOAD, CT_LOAD_ALL_PQ, ...
    CT_LOAD_FIX_PQ, CT_LOAD_DIS_PQ, CT_LOAD_ALL_P, CT_LOAD_FIX_P, ...
    CT_LOAD_DIS_P, CT_TGENCOST, CT_TAREAGENCOST, CT_MODCOST_F, ...
    CT_MODCOST_X] = idx_ct;

windprofile = struct( ...
    'type', 'mpcData', ...
    'table', CT_TGEN, ...
    'rows', [1:45], ...
    'col', PMAX, ...
    'chgtype', 1, ...
    'values', [] );
windprofile.values(:,1,:) = [
	0.7991 10.7975 56.566 61.4148 7.8609 6.3319 0.3303 8.4285 0.9074 18.8691 34.8793 52.033 78.3354 12.0163 121.4679 45.7623 56.7792 60.169 80.4727 69.8218 0.1101 14.7745 68.3124 70.2238 48.2719 47.6594 4.455 201.0593 329.9944 329.9944 216.1452 46.3403 268.2425 179.7214 37.6728 140.7976 379.3552 90.599 214.4537 129.2996 55.6466 70.2422 16.686 77.8105 383.3068;
	0.5436 7.3459 51.4634 59.4545 7.388 6.712 2.5186 10.0739 1.1156 10.4475 19.3121 28.8099 43.3731 12.2917 101.4495 38.2205 47.4217 50.2529 66.1141 68.9462 0.8395 15.6612 31.0889 65.9001 48.4986 43.18 5.9186 94.9863 232.3085 232.3085 158.8613 30.3457 220.3805 177.4677 38.5362 99.1183 292.146 94.4269 269.7877 129.9071 70.7395 74.4579 26.9277 86.9061 295.1891;
	0.4061 5.4874 58.7624 63.6995 6.8995 10.2881 8.0731 11.2512 6.308 10.3462 19.1248 28.5304 42.9524 18.0098 72.8722 27.4542 34.0635 36.0972 61.1389 69.326 2.691 24.0056 26.5334 70.5037 50.5346 50.1957 6.0674 204.9512 110.8394 110.8394 47.4915 17.2832 203.7962 178.4452 56.4632 47.2915 183.2823 8.5596 402.4935 135.3606 63.7066 114.1296 40.2664 97.2692 185.1915;
	0.53 7.1615 64.3931 72.2093 8.4811 12.5645 2.6469 14.7883 5.4969 14.7835 27.3271 40.7666 61.3739 5.2902 90.3407 34.0353 42.229 44.7501 45.2823 67.2171 0.8823 29.3172 28.8238 79.4844 61.4718 67.0941 7.6924 186.4702 36.6084 36.6084 10.9519 19.4472 150.9411 173.0171 16.5856 15.6196 98.3412 1.979 283.7696 164.6565 68.4032 139.3823 32.1049 138.1397 99.3656;
	0.6623 8.9485 80.4575 75.971 10.5157 24.329 6.781 15.9347 10.7483 16.262 30.06 44.8436 67.5118 26.0806 125.0953 47.1289 58.4748 61.9658 56.5947 68.5972 2.2603 56.7678 43.7564 81.4897 78.8611 70.9001 9.1218 163.6183 115.4354 115.4354 43.377 9.9097 188.649 176.5694 81.7663 49.2525 79.5859 6.3395 280.5554 211.235 67.1369 269.8902 63.2457 159.684 80.4149;
	0.8374 11.3151 82.026 62.9257 10.8682 8.4868 10.4519 14.2168 19.0329 8.8239 16.3108 24.3325 36.6324 13.5344 143.2132 53.9548 66.9439 70.9405 81.6764 68.3776 3.484 19.8024 29.0834 80.1757 59.6766 70.1576 8.3054 134.6618 117.9447 117.9447 34.4732 10.9975 272.2546 176.0042 42.4321 50.3231 49.439 6.6203 326.7631 159.8481 56.0454 94.1465 32.462 169.1295 49.954;
	0.5925 8.0059 59.7907 41.5389 10.0785 5.6901 5.5528 10.0187 7.8772 7.357 13.5993 20.2875 30.5428 52.5059 123.5738 46.5557 57.7635 61.2121 66.3251 67.0528 1.8509 13.2769 11.5817 58.0011 40.4306 66.3402 4.5639 32.1117 62.5907 62.5907 13.8814 8.0539 221.0838 172.5941 164.613 26.7054 15.181 4.9506 334.6017 108.2963 31.2148 63.122 38.8818 167.4075 15.3391;
	0.62 8.3779 34.9392 28.166 4.3211 3.5663 4.8806 7.9767 2.7928 4.589 8.4827 12.6546 19.0514 28.287 59.1618 22.2889 27.6547 29.3057 18.8195 40.8635 1.6269 8.3213 5.2022 33.1366 33.8755 58.9675 4.2834 19.6927 216.1051 216.1051 41.109 10.4539 62.7315 105.1828 88.6837 92.2048 82.0089 26.8456 102.6437 90.7379 13.177 39.5616 70.0896 115.73 82.8631;
	0.6314 8.5311 27.0598 25.1342 3.6035 1.7852 7.416 5.9061 3.4905 0.0166 0.0306 0.0456 0.0687 3.3434 17.9692 6.7698 8.3995 8.901 9.7896 14.9182 2.472 4.1654 0.0 36.2128 28.7683 55.1848 3.8574 7.6977 70.4605 70.4605 66.0523 3.7199 32.6319 38.3995 10.4822 30.0631 61.5235 21.51 77.9697 77.0579 8.2822 19.8033 18.3961 82.3288 62.1644;
	0.5638 7.6178 26.1737 19.4358 5.7008 0.0139 6.4743 4.6157 0.4528 0.0 0.0 0.0 0.0 0.0 8.8509 3.3345 4.1373 4.3843 0.0 9.8805 2.1581 0.0325 0.0 34.1006 29.6207 48.3761 2.8019 28.3672 35.4686 35.4686 6.3902 0.6463 0.0 25.4324 0.0 15.1333 13.3861 5.4327 19.2489 79.341 0.6583 0.1545 43.4335 89.5699 13.5256;
	0.9064 12.2469 39.0743 0.0 10.5113 0.8468 4.9349 3.8288 7.6739 0.7696 1.4226 2.1223 3.1951 0.0 60.3726 22.745 28.2207 29.9055 1.9263 10.8335 1.645 1.9758 10.2713 38.4997 44.0018 51.7486 1.3364 59.2032 69.9246 69.9246 21.3417 0.5838 6.4211 27.8853 0.0 29.8345 68.2534 20.9739 18.4394 117.8621 1.054 9.3934 1.823 98.7714 68.9643;
	1.6369 22.1175 47.1555 0.0 11.1162 0.0 3.5177 0.3413 1.6673 0.0955 0.1765 0.2633 0.3964 2.3853 23.5158 8.8594 10.9923 11.6485 0.3832 9.1825 1.1726 0.0 37.3201 49.9607 0.3283 45.0134 0.0963 139.9128 100.7666 100.7666 4.6026 3.992 1.2773 23.6358 7.4784 42.9937 120.8725 7.4379 1.7287 0.8793 0.0 0.0 3.0234 123.4807 122.1316;
	2.4077 32.5335 76.5254 4.4501 13.9538 0.7201 3.493 2.2053 2.0662 24.9729 46.162 68.8646 103.6752 0.0096 17.2844 6.5118 8.0795 8.5618 0.0 10.4066 1.1643 1.6803 34.0653 65.6101 68.4926 56.1769 2.6865 218.0215 166.4609 166.4609 0.154 7.9586 0.0 26.7865 0.03 71.0233 182.1628 3.5528 0.3577 183.4623 0.0 7.9888 113.578 172.022 184.0603;
	2.0423 27.5958 1.6369 5.0952 13.9546 19.7947 0.0091 1.4279 2.4915 2.273 4.2016 6.2679 9.4364 0.371 37.2149 14.0205 17.3958 18.4344 0.7108 9.1365 0.003 46.1876 45.4486 2.5856 17.7836 34.1823 1.235 175.7642 207.9368 207.9368 0.0098 5.9205 2.3693 23.5174 1.1632 88.7197 183.3148 8.3671 0.0 47.6346 0.0006 219.5892 83.1445 136.4094 185.2244;
	2.2744 30.7321 0.0 0.0 8.8644 1.8457 0.0069 0.0625 4.5877 3.7123 6.8621 10.2369 15.4116 0.6631 35.0479 13.2041 16.3828 17.3609 0.0694 22.1951 0.0023 4.3067 30.3906 0.8162 0.5432 0.0926 0.0365 271.3202 260.889 260.889 90.8866 9.9188 0.2314 57.1303 2.079 111.3126 266.6224 16.5757 0.0 1.4549 0.0 20.4751 79.5872 80.6057 269.3997;
	3.1934 43.1498 79.268 1.798 13.8729 1.2672 1.2385 0.0132 7.9322 5.4612 10.0949 15.0596 22.6721 1.0351 29.874 11.2549 13.9644 14.7981 0.0 26.7014 0.4128 2.9567 48.0785 0.5966 0.0 0.2759 0.6909 385.549 283.6278 283.6278 169.0483 14.124 0.0001 68.7295 3.2453 121.0145 321.4063 39.2196 0.0021 0.0 0.0 14.0571 0.1973 163.9454 324.7543;
	3.4666 46.8409 0.0 0.2647 14.1945 0.7181 2.8808 0.0018 4.3516 0.9137 1.689 2.5197 3.7933 2.6155 46.3281 17.4539 21.6557 22.9486 0.7352 55.8846 0.9603 1.6756 1.8823 0.0 0.0 0.2105 0.1363 376.6791 384.5743 384.5743 188.5481 30.8544 2.4505 143.847 8.2001 164.085 456.237 83.0871 0.4718 0.0 0.0 7.9663 135.2905 209.4569 460.9895;
	2.6166 35.3556 0.0 3.9265 14.2861 18.1975 0.1969 0.3721 0.1966 1.0271 1.8986 2.8323 4.264 2.5582 61.2221 23.0651 28.6178 30.3263 1.1233 46.0636 0.0656 42.4609 14.7081 0.7888 1.2183 26.6089 0.1602 560.2534 466.814 466.814 318.2818 36.6199 3.7442 118.5678 8.0203 199.174 525.3729 107.4696 0.0 3.2633 0.0 201.8713 106.2631 214.6207 530.8456;
	2.8378 38.3454 82.0073 18.0192 14.7813 24.9533 0.2605 1.3958 0.0 7.952 14.6992 21.9283 33.0129 6.5651 11.7252 4.4174 5.4808 5.808 1.9619 45.006 0.0868 58.2244 30.6535 4.9373 9.3879 68.5337 0.4125 761.5317 450.9938 450.9938 366.2157 47.5097 6.5398 115.8455 20.5824 192.424 617.4216 86.4741 0.0 25.1462 0.2969 276.8155 107.0241 221.1065 623.8531;
	2.5952 35.0667 0.0 0.2097 14.0174 0.0 16.131 0.0036 22.5651 19.4477 35.9488 53.6286 80.7376 3.3114 3.1947 1.2036 1.4933 1.5825 8.779 20.8635 5.377 0.0 58.0356 0.0 0.0704 56.7505 0.0 738.4097 431.9071 431.9071 331.6075 44.5472 29.2635 53.7028 10.3816 184.2803 535.0061 89.3364 0.0 0.1886 0.0107 0.0 99.9995 182.1062 540.5791;
