function windprofile = ex_wind_profilesh1
%EX_WIND_PROFILE_D  Example wind_load_nyiso profile data for deterministic unit commitment.
% 2022.03.12
% Andres F. Ramirez


%% define constants
[GEN_BUS, PG, QG, QMAX, QMIN, VG, MBASE, GEN_STATUS, PMAX, PMIN, ...
    MU_PMAX, MU_PMIN, MU_QMAX, MU_QMIN, PC1, PC2, QC1MIN, QC1MAX, ...
    QC2MIN, QC2MAX, RAMP_AGC, RAMP_10, RAMP_30, RAMP_Q, APF] = idx_gen;
[CT_LABEL, CT_PROB, CT_TABLE, CT_TBUS, CT_TGEN, CT_TBRCH, CT_TAREABUS, ...
    CT_TAREAGEN, CT_TAREABRCH, CT_ROW, CT_COL, CT_CHGTYPE, CT_REP, ...
    CT_REL, CT_ADD, CT_NEWVAL, CT_TLOAD, CT_TAREALOAD, CT_LOAD_ALL_PQ, ...
    CT_LOAD_FIX_PQ, CT_LOAD_DIS_PQ, CT_LOAD_ALL_P, CT_LOAD_FIX_P, ...
    CT_LOAD_DIS_P, CT_TGENCOST, CT_TAREAGENCOST, CT_MODCOST_F, ...
    CT_MODCOST_X] = idx_ct;

windprofile = struct( ...
    'type', 'mpcData', ...
    'table', CT_TGEN, ...
    'rows', [1:45], ...
    'col', PMAX, ...
    'chgtype', 1, ...
    'values', [] );
windprofile.values(:,1,:) = [
	0.8825 11.9248 59.4084 66.52 8.6497 1.535 2.319 8.4819 12.816 19.6117 36.2519 54.0806 81.4181 18.8651 158.2936 59.6362 73.993 78.4105 78.8659 71.2666 0.773 3.5818 70.1315 76.3742 51.2549 45.4615 4.4533 165.6804 332.2615 332.2615 225.6256 41.304 262.8864 183.4405 59.1445 141.7649 359.7017 83.9535 54.8242 137.2898 63.4896 17.0287 0.6319 79.7719 363.4486;
	0.6174 8.3425 56.2554 64.6887 6.9379 0.6888 0.0 10.9024 0.9899 12.1443 22.4486 33.4888 50.4173 8.0401 135.7586 51.1463 63.4593 67.2479 73.0711 72.0525 0.0 1.6072 36.2126 76.1153 55.9168 42.2996 6.1816 47.015 220.8448 220.8448 157.3424 29.8418 243.5702 185.4634 25.2068 94.2271 254.0113 88.699 133.803 149.7771 76.1826 7.6409 5.0505 96.7289 256.6573;
	0.4326 5.8448 62.1177 66.7162 5.6485 1.8982 0.0 11.8155 0.1918 10.3601 19.1505 28.5688 43.0102 3.7871 94.0425 35.43 43.9594 46.5838 61.8011 69.7844 0.0 4.4292 28.1895 77.471 56.819 49.8704 6.4347 0.0 35.0001 35.0001 12.1169 16.5459 206.0037 179.6252 11.873 14.9334 139.571 3.6465 90.2089 152.1936 70.3505 21.0577 11.339 103.4596 141.0249;
	0.5498 7.4292 73.1971 81.7834 7.9219 9.6366 0.0 14.5517 3.9476 16.0663 29.6983 44.304 66.6995 4.921 107.5431 40.5163 50.2702 53.2714 47.2126 72.1402 0.0 22.4854 48.7483 82.0836 66.6393 64.2771 8.0296 0.0 36.6981 36.6981 51.3836 19.8447 157.3752 185.6891 15.428 15.6578 5.6396 17.9042 242.509 178.4981 72.3434 106.9019 36.1814 144.9596 5.6983;
	0.5508 7.4429 81.8739 77.0796 9.7503 8.002 1.1637 14.5391 3.136 16.111 29.7809 44.4272 66.8849 13.5518 137.6983 51.877 64.366 68.2087 56.3054 71.0837 0.3879 18.6713 44.7049 80.0559 76.8748 66.6534 9.0882 4.8167 40.9394 40.9394 11.9313 11.2404 187.6848 182.9697 42.4866 17.4675 5.7732 13.2186 199.1796 205.9148 65.28 88.7685 17.9508 147.9132 5.8334;
	0.5632 7.6107 82.3676 66.6337 11.2072 5.6384 4.6678 13.8073 8.2197 9.6863 17.905 26.7108 40.2129 16.9464 160.9974 60.6548 75.2569 79.7499 79.2751 71.8544 1.5559 13.1562 32.6996 81.5122 59.677 69.0944 8.142 19.8117 64.274 64.274 24.3493 12.2987 264.2502 184.9534 53.1293 27.4236 9.0454 26.764 248.4107 159.8491 51.7845 62.5481 26.5711 149.8185 9.1396;
	0.4769 6.4439 57.8153 39.051 10.0903 3.5421 4.0447 7.9175 2.521 6.3062 11.6568 17.3897 26.1801 5.3942 133.517 50.3017 62.4114 66.1375 58.5323 71.6892 1.3482 8.265 0.0 55.2296 31.6206 57.1639 4.0203 32.1818 10.0526 10.0526 4.9701 3.3104 195.1076 184.5282 16.9114 4.2891 2.3511 14.1049 111.3533 84.698 19.9394 39.2942 31.9966 131.5999 2.3756;
	0.4519 6.1055 32.6853 26.9874 3.5518 3.4582 4.4821 7.3851 1.9084 3.5082 6.4848 9.6741 14.5643 1.288 66.9794 25.2341 31.309 33.1782 16.5405 50.8002 1.494 8.069 9.3002 35.3855 30.1693 60.1603 4.4588 12.5373 19.1941 19.1941 5.3895 1.6269 55.1348 130.7599 4.038 8.1895 14.981 11.5275 10.0748 80.8106 4.2784 38.3624 1.6923 95.0284 15.137;
	0.5849 7.9026 28.0207 24.3257 3.3637 10.7382 3.2422 6.1883 1.6871 0.001 0.0018 0.0027 0.004 1.2824 19.6082 7.3873 9.1657 9.7129 0.1776 17.2973 1.0807 25.0558 2.7279 40.0179 29.7431 55.1719 4.4691 0.846 88.2868 88.2868 6.6821 6.0596 0.5921 44.5233 4.0205 37.669 9.2589 6.2177 65.1879 79.669 0.0 119.1226 18.2032 76.6271 9.3553;
	0.5761 7.785 32.4398 24.7431 6.9615 14.1881 1.7788 5.1257 7.4002 0.3458 0.6391 0.9535 1.4354 2.4924 9.2799 3.4962 4.3378 4.5968 0.0067 11.2843 0.5929 33.1055 6.4542 42.1756 29.224 51.0314 3.4137 45.4728 128.7851 128.7851 8.712 1.9977 0.0223 29.0457 7.8139 54.9483 26.3851 4.5732 192.4423 78.2787 0.0 157.3931 51.1243 94.9958 26.6599;
	0.8395 11.3431 46.542 29.9137 10.8856 18.0627 0.8622 3.8394 1.7652 1.1918 2.203 3.2865 4.9478 2.0769 6.6624 2.51 3.1143 3.3002 0.0 8.0572 0.2874 42.1462 27.9978 47.0173 49.5722 50.0125 1.4292 86.348 74.0316 74.0316 2.6441 1.2362 0.0 20.7394 6.5115 31.5868 72.1443 3.0444 67.8728 132.7828 0.0 200.3753 45.9543 93.6493 72.8958;
	1.5694 21.2055 70.4353 55.2698 13.1988 11.9376 0.0 10.6704 0.8047 1.4073 2.6013 3.8806 5.8422 0.0347 1.78 0.6706 0.832 0.8817 3.9385 8.9133 0.0 27.8543 49.4927 66.7133 87.7354 53.0848 5.3353 148.7956 96.7272 96.7272 0.0 4.3746 13.1283 22.9429 0.1087 41.2703 125.5398 0.7411 41.228 235.0056 0.0 132.4274 34.255 133.7756 126.8475;
	2.0441 27.6206 85.7259 43.6972 13.9812 6.3902 0.0 10.4073 0.4759 23.816 44.0236 65.6745 98.8726 0.0 3.7072 1.3967 1.7329 1.8364 2.2969 10.1943 0.0 14.9104 35.3772 77.8646 78.0952 58.3951 5.8829 189.5301 154.2067 154.2067 0.0 2.8176 7.6562 26.2401 0.0 65.7949 161.4726 0.0113 9.054 209.1836 0.0 70.8881 113.1883 167.6102 163.1546;
	1.7277 23.3448 28.6796 47.212 14.0358 20.3149 0.0 3.4675 0.0408 1.2844 2.3742 3.5419 5.3323 0.0 0.0 0.0 0.0 0.0 0.7702 7.8285 0.0 47.4014 45.5351 85.5778 54.366 33.7931 4.0753 192.2772 201.0566 201.0566 0.2548 4.4148 2.5672 20.1507 0.0 85.7842 188.9175 7.9715 12.6752 145.6231 0.0247 225.3596 81.0305 135.1132 190.8853;
	2.1822 29.4864 11.6905 58.7755 9.2365 4.7189 0.0 2.8405 0.3268 1.0148 1.8759 2.7985 4.2131 0.0 1.8141 0.6834 0.848 0.8986 4.3429 3.5148 0.0 11.0107 32.8002 82.8541 63.0628 3.769 2.0727 201.3247 153.202 153.202 43.9518 7.439 14.4762 9.0471 0.0 65.3662 201.7007 11.8222 4.4708 168.9182 2.0268 52.3481 77.7573 101.6937 203.8018;
	3.3911 45.8217 89.2196 40.1763 14.1913 11.5269 1.3619 3.0859 9.7583 5.4053 9.9915 14.9054 22.44 0.0 11.8448 4.4625 5.5367 5.8673 0.9443 6.8848 0.454 26.8961 49.1456 85.579 77.6302 13.84 1.9164 327.1858 216.8149 216.8149 152.5099 13.3331 3.1476 17.7216 0.0 92.5077 286.1001 41.5699 184.9006 207.9379 2.7256 127.8719 29.2049 189.4051 289.0803;
	3.5591 48.0919 16.1923 10.6109 14.7333 1.9989 0.0566 0.8265 2.9129 0.3693 0.6827 1.0185 1.5333 0.0 10.9408 4.1219 5.1142 5.4195 0.5895 1.5085 0.0189 4.6641 7.7375 53.5648 25.3518 7.0516 0.9489 331.0257 320.4178 320.4178 157.3188 26.5961 1.9651 3.8828 0.0 136.7116 403.5823 69.1738 43.6873 67.9066 5.1976 22.1744 138.6408 226.0729 407.7863;
	2.919 39.4423 29.0315 38.9873 14.5985 19.8059 3.1242 4.1167 6.2854 2.6293 4.8601 7.2504 10.9154 0.3562 1.9168 0.7221 0.896 0.9495 0.1282 1.3804 1.0414 46.2137 14.8241 43.0786 54.1278 11.2915 2.6984 488.9673 453.13 453.13 312.1004 37.8544 0.4272 3.5532 1.1169 193.3355 519.1635 96.8993 115.3097 144.9852 31.2779 219.7131 115.9242 227.6746 524.5715;
	3.035 41.01 83.5458 0.4726 14.7302 25.4364 2.2432 0.122 5.9658 8.5348 15.7765 23.5354 35.4325 2.3894 0.9141 0.3444 0.4273 0.4528 0.0 37.6233 0.7477 59.3516 29.3749 2.7309 9.7254 59.7473 3.6674 709.2441 432.0862 432.0862 348.5677 47.14 0.0 96.8425 7.4911 184.3568 609.5863 80.7222 50.9481 26.0503 0.4996 282.1745 106.4223 209.2318 615.9362;
	2.9317 39.6133 0.0806 0.213 14.235 0.3882 19.7033 0.0006 27.8102 21.5392 39.8149 59.3961 89.4204 4.0664 1.8314 0.69 0.8561 0.9072 0.3585 19.2357 6.5678 0.9058 51.7028 0.0 0.3055 52.1144 0.2331 668.4004 430.9548 430.9548 328.6395 41.8334 1.1952 49.5127 12.7486 183.874 550.3732 80.2662 241.0572 0.8183 0.1627 4.3065 103.9498 174.3605 556.1063;
