function windprofile = ex_wind_profilesh1
%EX_WIND_PROFILE_D  Example wind_load_nyiso profile data for deterministic unit commitment.
% 2022.03.12
% Andres F. Ramirez


%% define constants
[GEN_BUS, PG, QG, QMAX, QMIN, VG, MBASE, GEN_STATUS, PMAX, PMIN, ...
    MU_PMAX, MU_PMIN, MU_QMAX, MU_QMIN, PC1, PC2, QC1MIN, QC1MAX, ...
    QC2MIN, QC2MAX, RAMP_AGC, RAMP_10, RAMP_30, RAMP_Q, APF] = idx_gen;
[CT_LABEL, CT_PROB, CT_TABLE, CT_TBUS, CT_TGEN, CT_TBRCH, CT_TAREABUS, ...
    CT_TAREAGEN, CT_TAREABRCH, CT_ROW, CT_COL, CT_CHGTYPE, CT_REP, ...
    CT_REL, CT_ADD, CT_NEWVAL, CT_TLOAD, CT_TAREALOAD, CT_LOAD_ALL_PQ, ...
    CT_LOAD_FIX_PQ, CT_LOAD_DIS_PQ, CT_LOAD_ALL_P, CT_LOAD_FIX_P, ...
    CT_LOAD_DIS_P, CT_TGENCOST, CT_TAREAGENCOST, CT_MODCOST_F, ...
    CT_MODCOST_X] = idx_ct;

windprofile = struct( ...
    'type', 'mpcData', ...
    'table', CT_TGEN, ...
    'rows', [1:45], ...
    'col', PMAX, ...
    'chgtype', 1, ...
    'values', [] );
windprofile.values(:,1,:) = [
	0.8262 11.1635 53.8738 67.2011 7.0215 10.3913 4.1752 8.0522 3.8583 20.332 37.5834 56.067 84.4085 0.4274 137.0946 51.6496 64.0838 67.9097 72.6855 67.3473 1.3917 24.2464 70.4424 66.173 44.7127 46.4344 4.079 129.7494 313.0787 313.0787 228.5891 44.1816 242.2849 173.3521 1.3398 133.5802 345.5117 81.2634 5.8443 119.7662 58.5079 115.2741 33.0981 58.1024 349.1108;
	0.5751 7.7708 51.4377 67.4985 6.8743 21.9202 5.626 10.9678 6.3753 12.2337 22.6139 33.7355 50.7886 0.5517 120.5308 45.4093 56.3411 59.7048 70.4919 67.4495 1.8753 51.1472 34.3731 67.7256 50.5318 49.0368 5.9068 64.1984 220.5778 220.5778 150.8117 27.3404 234.973 173.6151 1.7296 94.1132 288.5257 86.0794 28.4361 135.353 74.9166 243.1684 38.1677 75.9643 291.5312;
	0.3686 4.9804 59.0256 70.9982 6.5382 19.7857 17.3162 11.334 20.9418 10.2521 18.9508 28.2709 42.5616 4.9344 90.7823 34.2017 42.4355 44.9689 63.1112 70.3011 5.7721 46.1667 27.5098 76.5202 55.5517 56.2525 5.9035 7.785 48.6215 48.6215 63.3224 15.1383 210.3708 180.9553 15.4699 20.7452 173.5511 22.3273 119.5882 148.7992 73.6071 219.4898 89.9346 87.9204 175.3589;
	0.4611 6.2299 64.878 78.275 8.4251 22.4798 15.3744 13.2818 13.4596 15.6847 28.9929 43.2517 65.1152 16.8672 97.6077 36.7731 45.6259 48.3498 42.6516 69.1208 5.1248 52.4528 47.6998 77.6272 61.2937 66.25 7.313 15.3265 87.3639 87.3639 14.4727 18.5983 142.1719 177.9171 52.8808 37.2753 23.4882 9.7383 273.1603 164.1795 68.4375 249.3757 124.6358 109.375 23.7328;
	0.4924 6.6541 71.9292 74.4208 9.6507 16.5743 25.3552 13.1924 20.8897 16.0817 29.7267 44.3464 66.7633 44.6348 132.33 49.8546 61.8566 65.5495 55.6561 68.5302 8.4517 38.6734 50.1383 76.5969 75.6376 67.612 7.94 18.396 25.135 25.135 9.0117 9.2488 185.5205 176.3969 139.9362 10.7243 23.2593 3.5734 398.3606 202.6007 60.814 183.8643 31.5786 130.143 23.5016;
	0.4709 6.3628 67.9766 59.0931 9.5727 3.7104 14.7611 9.4685 4.4345 8.8294 16.3211 24.3478 36.6555 32.0257 146.8772 55.3351 68.6566 72.7555 80.9503 68.2135 4.9204 8.6576 34.7756 68.0047 54.562 62.5722 5.4993 15.4856 43.7057 43.7057 27.7389 10.82 269.8343 175.5818 100.405 18.6478 17.5901 13.3076 208.7402 146.1481 20.5057 41.1605 21.0083 122.1121 17.7733;
	0.4741 6.4068 43.5445 32.5385 8.942 2.5404 5.0586 1.1724 2.7757 6.9487 12.8445 19.1615 28.8475 17.2461 119.3564 44.9668 55.7922 59.1231 67.181 67.4181 1.6862 5.9277 22.3822 36.9828 29.1931 54.2664 2.2184 26.785 154.958 154.958 97.524 11.9439 223.9366 173.5343 54.0689 66.1154 39.5648 8.5926 180.3017 78.1957 5.4787 28.1818 28.013 124.9011 39.9769;
	0.5741 7.7575 31.1163 27.0454 3.8116 2.8948 5.2159 5.9047 2.1796 4.639 8.5752 12.7925 19.259 2.411 54.6415 20.5859 25.5417 27.0666 20.9088 43.9949 1.7386 6.7546 12.4144 15.4997 30.8087 50.2125 2.6913 25.9461 171.1413 171.1413 122.2927 8.7493 69.696 113.2429 7.5589 73.0203 39.0828 8.5921 15.7235 82.5234 6.4285 32.1132 8.3819 100.8811 39.4899;
	0.6505 8.7896 25.2095 23.8297 3.513 0.3618 5.0828 5.1271 1.1929 0.0216 0.04 0.0597 0.0898 8.9059 9.6223 3.6251 4.4979 4.7664 8.9049 13.128 1.6943 0.8443 3.1496 3.3171 24.2969 47.1277 3.7348 8.6776 55.2894 55.2894 40.4899 0.721 29.6829 33.7914 27.9213 23.5901 29.4952 5.642 22.6602 65.0811 0.0 4.0138 4.053 77.4564 29.8025;
	0.6218 8.4014 30.19 25.1353 7.1897 0.0065 1.3034 3.9133 0.0 0.0499 0.0922 0.1376 0.2071 10.5112 7.7585 2.923 3.6266 3.8431 39.3413 11.0149 0.4345 0.0152 8.9058 32.7636 27.4113 46.0651 2.9682 35.5141 56.3114 56.3114 38.5599 2.5554 131.1378 28.3523 32.9541 24.0262 14.3863 6.8945 8.5522 73.4233 0.0 0.0724 45.8808 99.0404 14.5362;
	0.8685 11.7353 43.1409 10.9419 11.0293 0.1316 0.0267 3.0017 0.7959 1.2106 2.2378 3.3384 5.0259 7.0 6.1526 2.318 2.876 3.0477 28.7057 9.4944 0.0089 0.3072 30.3111 41.0237 45.1497 54.3778 1.2671 55.7608 67.6247 67.6247 35.2156 1.9973 95.6856 24.4386 21.946 28.8532 52.1537 1.6186 4.8767 120.9367 0.4838 1.4603 0.0093 110.0724 52.697;
	1.6971 22.9322 61.6754 9.9275 13.73 0.4587 0.0 0.343 1.7953 1.2035 2.2246 3.3187 4.9963 4.5231 3.5702 1.345 1.6689 1.7685 14.0215 8.6687 0.0 1.0702 50.3061 55.8009 0.8994 52.4409 1.9295 143.9385 104.8173 104.8173 52.7704 3.4698 46.7385 22.3133 14.1807 44.722 119.9525 3.0889 1.0156 2.4092 2.87 5.088 0.3526 141.2791 121.202;
	2.2554 30.4754 82.4568 15.839 14.7215 4.5837 0.0971 0.0794 1.8989 23.8939 44.1675 65.8893 99.196 4.9728 22.1406 8.3414 10.3495 10.9673 17.0168 9.0929 0.0324 10.6954 31.8919 65.9557 64.3379 56.5175 1.4978 198.6762 182.1016 182.1016 102.8946 3.235 56.7226 23.4052 15.5905 77.6967 181.5708 1.4763 11.2552 172.3337 0.0284 50.849 108.648 179.7138 183.4621;
	1.8855 25.4767 19.7659 19.16 14.5047 20.0724 3.5035 0.5881 6.039 0.8015 1.4816 2.2102 3.3274 19.2957 27.6793 10.428 12.9385 13.7109 56.6164 8.1575 1.1678 46.8356 45.6433 6.8301 7.725 38.0496 0.7687 183.0837 231.2039 231.2039 178.0084 4.8968 188.7215 20.9974 60.4945 98.647 202.1154 21.6341 55.6697 20.6918 3.1433 222.6698 80.8508 143.1518 204.2208;
	2.1607 29.1964 1.5521 0.5113 9.2265 2.1645 1.2047 0.0 0.12 0.0 0.0 0.0 0.0 24.7574 10.4404 3.9334 4.8803 5.1716 7.9704 0.2877 0.4016 5.0504 28.1554 0.0111 0.0 0.0301 0.1209 256.3741 301.1824 301.1824 125.7778 7.4698 26.5679 0.7404 77.6179 128.5045 274.3346 21.1211 72.0674 0.0 0.0002 24.011 79.0436 106.8916 277.1923;
	3.2581 44.0238 85.5856 0.2147 14.0036 10.8592 0.0298 0.0024 0.0 0.0 0.0 0.0 0.0 1.6782 2.5926 0.9767 1.2119 1.2842 3.2003 0.1861 0.0099 25.3382 45.3957 11.9691 2.95 0.7213 0.3368 401.3352 314.5713 314.5713 214.4757 10.24 10.6675 0.4789 5.2615 134.2171 351.9938 42.488 30.3728 7.9018 0.0098 120.465 4.361 186.6244 355.6604;
	3.395 45.8745 4.2493 0.0022 14.275 2.6064 0.0 0.0 0.0 0.0 0.0 0.0 0.0 0.2077 2.7618 1.0405 1.291 1.3681 4.9848 0.0 0.0 6.0816 0.9257 0.0287 0.0 0.5524 0.0 356.7222 408.0076 408.0076 214.4373 22.7778 16.6161 0.0 0.6512 174.0833 473.3774 69.0585 8.8982 0.0 0.0 28.9136 132.7088 223.3327 478.3084;
	2.728 36.8608 0.5534 0.0 14.3464 18.5875 0.0 0.0 0.0 0.0 0.0 0.0 0.0 0.0 1.0393 0.3916 0.4858 0.5148 3.5004 0.0 0.0 43.3709 12.7345 0.5239 0.0 0.573 0.0 501.0279 493.6765 493.6765 329.4166 33.191 11.668 0.0 0.0 210.6353 527.3634 73.4713 0.0 0.0 0.0 206.1976 110.9291 218.4481 532.8568;
	3.0366 41.0305 83.8438 0.0 14.7053 24.6178 0.0 0.0 0.0 2.029 3.7506 5.5952 8.4236 4.2737 2.3225 0.875 1.0856 1.1504 11.4642 29.7869 0.0 57.4416 2.0795 3.0746 0.0 58.2221 0.0 688.2601 434.2601 434.2601 350.2556 45.7106 38.2141 76.6716 13.3986 185.2843 556.7467 62.3461 0.0 0.0 0.0 273.0937 102.0273 211.9664 562.5462;
	2.9844 40.3258 2.6931 0.9862 14.1014 2.0372 15.4272 0.0476 20.9227 13.5302 25.0103 37.3105 56.1707 3.3114 9.9582 3.7517 4.6549 4.9328 44.1973 16.7145 5.1424 4.7534 43.6734 14.0273 2.5295 55.6194 0.1081 658.5198 441.5417 441.5417 355.0604 45.438 147.3243 43.0232 10.3816 188.3911 532.4735 70.4804 0.0 6.7755 0.2968 22.5992 102.399 185.4469 538.0201;
