function windprofile = ex_wind_profilesh1
%EX_WIND_PROFILE_D  Example wind_load_nyiso profile data for deterministic unit commitment.
% 2022.03.12
% Andres F. Ramirez


%% define constants
[GEN_BUS, PG, QG, QMAX, QMIN, VG, MBASE, GEN_STATUS, PMAX, PMIN, ...
    MU_PMAX, MU_PMIN, MU_QMAX, MU_QMIN, PC1, PC2, QC1MIN, QC1MAX, ...
    QC2MIN, QC2MAX, RAMP_AGC, RAMP_10, RAMP_30, RAMP_Q, APF] = idx_gen;
[CT_LABEL, CT_PROB, CT_TABLE, CT_TBUS, CT_TGEN, CT_TBRCH, CT_TAREABUS, ...
    CT_TAREAGEN, CT_TAREABRCH, CT_ROW, CT_COL, CT_CHGTYPE, CT_REP, ...
    CT_REL, CT_ADD, CT_NEWVAL, CT_TLOAD, CT_TAREALOAD, CT_LOAD_ALL_PQ, ...
    CT_LOAD_FIX_PQ, CT_LOAD_DIS_PQ, CT_LOAD_ALL_P, CT_LOAD_FIX_P, ...
    CT_LOAD_DIS_P, CT_TGENCOST, CT_TAREAGENCOST, CT_MODCOST_F, ...
    CT_MODCOST_X] = idx_ct;

windprofile = struct( ...
    'type', 'mpcData', ...
    'table', CT_TGEN, ...
    'rows', [1:45], ...
    'col', PMAX, ...
    'chgtype', 1, ...
    'values', [] );
windprofile.values(:,1,:) = [
	0.789 10.6606 52.1507 64.5848 7.5194 1.8736 0.2839 9.1912 2.5143 18.8507 34.8452 51.9822 78.2589 0.467 147.3833 55.5258 68.8931 73.0061 76.7392 65.9723 0.0946 4.3718 68.1351 67.7592 45.4043 47.9015 4.5409 214.9916 336.2652 336.2652 231.1549 46.8961 255.7974 169.8128 1.4642 143.4731 428.1535 90.8869 3.5354 121.6187 55.5862 20.7847 17.9434 62.1296 432.6135;
	0.6132 8.2861 53.7042 64.6564 7.5194 6.4117 0.5335 11.9377 6.3055 11.9127 22.0205 32.8503 49.4559 0.0 110.4656 41.6173 51.6363 54.719 74.0553 66.3956 0.1778 14.9606 33.4387 76.2242 52.2611 51.5033 6.5656 93.0402 244.5611 244.5611 158.581 31.3096 246.851 170.9024 0.0 104.3461 342.769 98.6747 48.2583 139.985 76.8796 71.1271 28.0237 85.7677 346.3395;
	0.2978 4.0236 56.633 63.8945 5.7311 2.021 0.0 10.8931 2.4577 9.6366 17.8131 26.5737 40.0065 0.0532 72.9194 27.472 34.0856 36.1205 68.3621 61.0125 0.0 4.7157 25.0146 77.0329 52.1292 48.208 6.0775 37.8465 98.811 98.811 88.2836 16.9829 227.8735 157.0463 0.1667 42.1594 213.7658 67.9608 12.501 139.6319 69.3143 22.4199 0.0747 96.4742 215.9925;
	0.434 5.8647 67.1738 72.3314 7.5783 1.5992 0.0 12.6893 0.0 15.5241 28.6961 42.8089 64.4485 3.7822 76.6288 28.8695 35.8195 37.958 49.6733 61.651 0.0 3.7315 45.701 79.4035 58.8702 62.905 6.9696 15.2628 188.7553 188.7553 157.1523 21.3171 165.5776 158.6897 11.8577 80.5356 480.2333 154.9923 4.9036 157.6881 67.8348 17.7408 6.5922 139.1225 485.2357;
	0.4989 6.7413 79.0279 73.4254 8.9277 1.2562 0.224 13.0778 0.4689 15.5185 28.6857 42.7934 64.4252 6.8938 105.0061 39.5605 49.0843 52.0147 60.2448 59.5589 0.0747 2.931 44.5635 79.8454 73.4577 60.8761 7.9825 17.4937 128.6128 128.6128 164.2163 10.8306 200.816 153.3048 21.6131 54.8748 195.2815 82.8755 28.0129 196.7618 66.9096 13.935 15.567 143.3559 197.3157;
	0.5546 7.4942 81.2582 67.2638 9.7455 4.6851 1.2923 12.7012 0.8397 8.5739 15.8488 23.6433 35.5948 9.8742 137.3026 51.728 64.181 68.0127 85.8134 64.9462 0.4308 10.932 32.9268 76.1336 56.9872 64.0125 7.5266 35.6587 122.5416 122.5416 125.5721 11.1052 286.0446 167.1716 30.9568 52.2844 386.0181 100.7275 41.2953 152.6442 57.126 51.9738 27.1047 148.0723 390.0391;
	0.5059 6.8363 59.6425 41.8228 8.8082 3.3566 4.1883 7.8461 2.5433 7.1239 13.1685 19.6448 29.5752 17.5207 119.2021 44.9087 55.72 59.0466 68.0063 66.3127 1.3961 7.8322 20.8006 51.1859 34.5087 61.4665 3.9881 52.6619 102.7456 102.7456 120.4576 3.348 226.6877 170.6891 54.9297 43.8381 203.4 102.9766 92.2653 92.434 29.5247 37.2364 32.9156 143.0075 205.5188;
	0.4723 6.3822 34.7571 28.1109 3.3952 3.4071 5.2362 6.4812 3.4307 4.3552 8.0504 12.0097 18.0805 14.0823 61.2373 23.0708 28.6249 30.3338 19.8386 42.4654 1.7454 7.9498 11.0097 24.5413 31.0092 59.8822 4.0287 8.9736 27.7622 27.7622 58.0804 0.1018 66.1286 109.306 44.1501 11.8452 36.0605 48.9926 309.3623 83.0603 11.1573 37.7956 10.2867 109.9776 36.4362;
	0.6138 8.2935 28.9574 25.4014 3.7071 2.1243 2.1623 5.4178 4.1176 4.3803 8.0968 12.0789 18.1847 20.049 15.8614 5.9757 7.4143 7.8569 19.6702 15.3705 0.7208 4.9567 6.3938 32.7563 29.511 51.5581 4.0279 0.0 31.1538 31.1538 32.7154 0.0343 65.5673 39.5638 62.8564 13.2923 10.279 19.5238 26.9357 79.0473 3.5603 23.5658 3.8145 76.6284 10.3861;
	0.6697 9.0498 34.5535 29.0706 7.8302 10.6643 1.3695 4.7558 3.5926 5.6894 10.5167 15.6888 23.6195 29.319 11.1301 4.1932 5.2027 5.5133 36.4004 11.3298 0.4565 24.8834 11.6212 37.1115 31.9731 45.5261 2.9305 25.2162 34.6227 34.6227 18.2691 0.6782 121.3348 29.1629 91.919 14.7724 6.5745 62.468 46.3738 85.6423 3.0566 118.3027 49.748 96.2996 6.643;
	0.9751 13.1752 47.1817 42.7449 11.1117 4.4636 0.08 3.8127 2.1233 5.2427 9.6911 14.4572 21.7652 7.2921 2.1396 0.8061 1.0001 1.0598 4.2399 9.5685 0.0267 10.4151 34.2885 41.3291 45.8262 49.9812 1.1942 58.6431 67.6616 67.6616 2.3991 2.138 14.1329 24.6294 22.8616 28.8689 64.6744 24.5908 4.4375 122.7487 10.1804 49.5164 22.3187 106.9125 65.3481;
	1.8145 24.5185 65.967 25.3012 13.7124 11.5415 0.8371 0.0934 3.1399 7.5942 14.0378 20.9417 31.5276 6.6431 0.0 0.0 0.0 0.0 0.2471 7.2279 0.279 26.9301 56.014 53.397 7.6037 48.9413 0.0 129.1806 100.2384 100.2384 9.7721 9.9634 0.8236 18.6046 20.827 42.7684 112.8513 16.4099 1.2565 20.3671 1.6164 128.0335 17.6606 138.0696 114.0269;
	2.3022 31.1073 85.1872 9.1662 14.2287 4.2404 0.0 0.0363 1.1926 23.9096 44.1966 65.9326 99.2611 2.188 0.1777 0.0669 0.0831 0.088 3.4874 9.5671 0.0 9.8942 40.0476 62.5171 64.4292 55.095 0.0 168.3564 167.5332 167.5332 1.8887 2.6033 11.6248 24.6258 6.8597 71.4809 168.1652 3.9679 3.2732 172.5783 0.0002 47.0397 112.0961 179.5045 169.9169;
	1.9207 25.9531 54.7852 22.7241 14.5455 21.4915 2.534 0.049 16.1149 4.743 8.7674 13.0793 19.6908 14.2665 6.6357 2.5 3.1018 3.287 7.1372 8.9302 0.8447 50.1469 53.8478 5.7699 40.7736 32.1661 0.0 111.2823 220.5967 220.5967 6.5657 4.3588 23.7906 22.9864 44.7273 94.1213 179.1169 11.5485 225.6894 109.2149 4.7162 238.4128 86.8554 147.6876 180.9827;
	2.2551 30.4708 47.3098 10.3685 9.5738 17.0638 2.9977 0.0 5.7243 2.3136 4.2767 6.38 9.605 65.9823 26.7683 10.0848 12.5126 13.2596 31.0457 12.5322 0.9992 39.8156 33.2516 6.0848 22.9838 0.0282 0.0 234.2795 277.1199 277.1199 96.0503 6.5178 103.4857 32.258 206.8636 118.2378 250.2379 17.9321 336.3978 61.5639 0.8132 189.2946 85.3519 105.5388 252.8446;
	3.0327 40.979 85.1313 6.391 13.5714 11.0075 1.9959 0.2883 1.9417 2.0099 3.7153 5.5425 8.3441 53.353 13.5721 5.1132 6.3442 6.7229 5.8087 1.3986 0.6653 25.6841 49.3104 4.8497 23.974 1.3934 0.0287 367.217 282.5101 282.5101 171.1985 9.8822 19.3625 3.6 167.2689 120.5376 304.9243 45.9506 208.3642 64.216 2.9957 122.1097 7.9557 176.21 308.1006;
	3.2853 44.3921 5.0949 0.0 13.9266 6.5444 0.1764 0.0 1.9599 1.1356 2.0991 3.1315 4.7144 12.3304 7.1068 2.6775 3.322 3.5204 7.3295 0.1067 0.0588 15.2704 3.4317 1.1393 7.333 0.1317 0.0 335.1641 356.9359 356.9359 176.7522 22.8771 24.4317 0.2747 38.6576 152.2926 424.039 75.751 153.858 19.642 0.0078 72.5997 137.147 213.2471 428.456;
	2.7353 36.9594 28.5882 12.2292 14.003 20.6921 0.4943 0.0132 4.1311 1.2959 2.3955 3.5736 5.38 31.6865 38.1434 14.3703 17.8298 18.8943 27.3641 7.6001 0.1648 48.2815 16.245 12.4327 49.0709 1.3358 0.0 556.8481 465.6491 465.6491 327.5702 34.5735 91.2138 19.5628 99.3416 198.6769 550.481 101.5327 77.8671 131.4399 0.0299 229.544 116.2333 237.0618 556.2152;
	2.9398 39.7229 85.8018 3.3777 14.0559 26.0493 1.7529 0.0 2.5955 7.7836 14.388 21.464 32.3139 9.9714 33.7158 12.7022 15.7602 16.7011 25.4837 42.5286 0.5843 60.7817 27.8252 4.5288 15.4234 60.5461 0.0 690.3712 424.6786 424.6786 369.2552 44.3644 84.9458 109.4686 31.2618 181.1962 601.8833 81.5093 143.7056 41.3127 0.0033 288.9738 108.2728 212.5334 608.153;
	3.0701 41.4837 48.3868 13.716 14.8285 8.9172 18.4138 0.0 25.9766 20.3482 37.6133 56.1116 84.4757 37.7074 23.9679 9.0298 11.2036 11.8725 52.6557 21.423 6.1379 20.8069 55.8808 5.1899 12.6282 48.3463 0.0 737.353 422.0478 422.0478 340.2484 48.1558 175.5191 55.1428 118.2177 180.0737 569.1351 79.0811 172.095 33.8256 0.6108 98.9218 110.2006 192.6405 575.0636;
