function windprofile = ex_wind_profilesh1
%EX_WIND_PROFILE_D  Example wind_load_nyiso profile data for deterministic unit commitment.
% 2022.03.12
% Andres F. Ramirez


%% define constants
[GEN_BUS, PG, QG, QMAX, QMIN, VG, MBASE, GEN_STATUS, PMAX, PMIN, ...
    MU_PMAX, MU_PMIN, MU_QMAX, MU_QMIN, PC1, PC2, QC1MIN, QC1MAX, ...
    QC2MIN, QC2MAX, RAMP_AGC, RAMP_10, RAMP_30, RAMP_Q, APF] = idx_gen;
[CT_LABEL, CT_PROB, CT_TABLE, CT_TBUS, CT_TGEN, CT_TBRCH, CT_TAREABUS, ...
    CT_TAREAGEN, CT_TAREABRCH, CT_ROW, CT_COL, CT_CHGTYPE, CT_REP, ...
    CT_REL, CT_ADD, CT_NEWVAL, CT_TLOAD, CT_TAREALOAD, CT_LOAD_ALL_PQ, ...
    CT_LOAD_FIX_PQ, CT_LOAD_DIS_PQ, CT_LOAD_ALL_P, CT_LOAD_FIX_P, ...
    CT_LOAD_DIS_P, CT_TGENCOST, CT_TAREAGENCOST, CT_MODCOST_F, ...
    CT_MODCOST_X] = idx_ct;

windprofile = struct( ...
    'type', 'mpcData', ...
    'table', CT_TGEN, ...
    'rows', [1:45], ...
    'col', PMAX, ...
    'chgtype', 1, ...
    'values', [] );
windprofile.values(:,1,:) = [
	0.6853 9.2606 44.4297 36.0732 7.6705 1.0045 0.4764 7.5526 0.0 18.4836 34.1666 50.9698 76.7348 0.3469 144.7744 54.5429 67.6736 71.7138 81.8091 70.5474 0.1588 2.3438 68.2209 68.4964 47.3516 45.4641 4.2199 227.3636 354.6095 354.6095 251.4529 41.112 272.6971 181.5892 1.0876 151.3001 409.8812 91.6475 12.3447 126.8347 60.8911 11.1429 9.3076 66.7617 414.1508;
	0.487 6.5804 48.6356 54.8804 7.3554 3.5233 0.1765 10.8614 0.6274 11.5654 21.3785 31.8925 48.0139 2.6382 106.5773 40.1524 49.8187 52.793 73.3235 67.4558 0.0588 8.2211 35.2666 70.0594 53.7767 54.4072 6.0343 176.2984 236.6691 236.6691 155.7428 26.9281 244.4116 173.6314 8.2712 100.9788 304.1442 89.5617 45.4122 144.0447 76.6832 39.0856 10.6173 88.944 307.3124;
	0.3305 4.4652 53.1642 37.7189 6.0117 4.0981 1.8871 10.5506 6.1152 9.7602 18.0416 26.9145 40.5197 3.1445 80.4143 30.2956 37.589 39.8331 64.0327 67.4017 0.629 9.5622 26.6234 73.7822 51.0387 53.447 6.2447 86.4782 25.6585 25.6585 13.2367 13.2124 213.4422 173.4922 9.8586 10.9476 164.3332 3.9756 158.2539 136.7109 67.7955 45.4613 16.9458 89.0644 166.045;
	0.4082 5.5153 61.6137 65.9492 8.2775 3.3615 6.8282 12.3553 11.1211 15.3159 28.3111 42.2346 63.584 7.0486 97.0736 36.5719 45.3762 48.0853 47.3659 70.7512 2.2761 7.8436 51.8107 78.652 58.7071 63.2905 7.4807 16.2041 9.5104 9.5104 9.6658 15.2456 157.8865 182.1138 22.0984 4.0578 0.7807 2.745 205.6715 157.2512 61.4113 37.2907 19.1139 131.669 0.7889;
	0.4285 5.7901 75.9056 67.8138 9.5288 1.2266 0.2967 13.0933 12.36 15.2163 28.1272 41.9602 63.1708 3.5239 134.3941 50.6322 62.8214 66.572 56.5759 72.9191 0.0989 2.8621 46.5316 82.0822 75.9127 68.0115 8.6968 14.878 7.8909 7.8909 3.2991 5.8105 188.5864 187.694 11.048 3.3668 0.0 0.0056 36.4725 203.3376 67.1835 13.6071 7.5043 142.4646 0.0;
	0.4122 5.5702 74.6482 57.3356 9.2875 4.0074 1.1053 12.433 7.5702 8.2132 15.1819 22.6485 34.0971 0.6864 148.7429 56.038 69.5286 73.6796 80.0044 73.0002 0.3684 9.3506 33.3934 79.2113 54.5667 70.2285 8.0477 0.0 4.2499 4.2499 0.0017 7.9067 266.6815 187.9026 2.1518 1.8133 0.0 0.0 83.1844 146.1608 54.9646 44.4556 23.7824 134.1459 0.0;
	0.4381 5.9195 56.0001 39.93 9.1515 2.9451 4.1008 8.6852 2.6765 6.0076 11.105 16.5664 24.9406 0.4957 125.3955 47.242 58.6151 62.1145 64.6125 72.8812 1.3669 6.8718 22.7613 54.0395 36.146 66.4778 4.562 19.556 6.9872 6.9872 3.5856 0.8541 215.3751 187.5963 1.554 2.9812 0.812 0.1348 184.2199 96.8195 31.1337 32.6706 33.3449 136.9741 0.8205;
	0.5278 7.1322 30.9389 23.3979 3.7183 2.511 4.6419 6.8882 2.4022 3.8451 7.1076 10.6031 15.9629 4.5516 64.3076 24.2275 30.0601 31.8547 18.4422 56.7019 1.5473 5.8591 7.8292 23.9147 28.695 61.0887 4.4932 0.0 34.9409 34.9409 7.2979 2.0938 61.4741 145.9507 14.2699 14.9081 4.2136 0.2809 257.1817 76.8617 10.1672 27.8557 23.9362 93.0481 4.2575;
	0.5613 7.5845 25.3794 13.1325 3.7091 0.9485 0.0026 5.5435 3.7904 0.4587 0.8479 1.2649 1.9043 8.7517 15.2011 5.7269 7.1056 7.5298 7.1836 20.7967 0.0009 2.2131 3.881 27.3845 26.2039 52.127 4.073 0.0 84.8349 84.8349 36.5508 1.5318 23.9455 53.5308 27.4379 36.1962 0.0 0.9937 95.4941 70.1889 0.6928 10.5216 11.0111 54.3183 0.0;
	0.6243 8.4354 30.6125 25.0847 7.8213 7.0343 5.4654 4.5286 2.8464 6.7827 12.5377 18.7038 28.1585 16.9439 15.3946 5.7998 7.1961 7.6257 32.1811 21.4491 1.8218 16.4134 11.3807 35.1955 29.4446 47.8387 3.1217 22.2194 333.7861 333.7861 158.7983 9.5239 107.2702 55.21 53.1215 142.4154 9.7561 14.03 249.8475 78.8695 7.2514 78.0339 52.8985 78.8706 9.8578;
	0.858 11.5933 40.3602 0.8042 11.1654 1.2686 1.2386 3.5207 1.2397 5.7862 10.6957 15.9559 24.0216 1.0908 24.5796 9.2602 11.4895 12.1755 7.5852 13.7154 0.4129 2.96 25.6471 37.5481 41.9368 51.8265 1.2199 37.2209 78.4087 78.4087 35.8176 7.6427 25.2841 35.3034 3.4198 33.4544 50.7337 3.3872 120.2923 112.3306 20.0645 14.0726 19.2341 83.1933 51.2622;
	1.7346 23.4377 60.7847 0.1283 13.4435 4.0813 0.2184 0.831 0.0 1.605 2.9668 4.4259 6.6631 1.7109 22.9966 8.6638 10.7496 11.3914 0.559 11.684 0.0728 9.5231 47.4447 50.8746 0.5996 49.5048 0.3132 42.0668 94.3776 94.3776 48.8886 2.915 1.8633 30.0746 5.364 40.2678 86.4224 2.3388 68.9004 1.606 3.585 45.2758 45.4639 127.4282 87.3226;
	2.5114 33.9347 83.3777 7.6765 14.6164 6.7772 3.9629 3.3114 1.4361 24.353 45.0162 67.1552 101.1018 4.3414 22.392 8.436 10.4669 11.0918 5.5925 13.1526 1.321 15.8135 32.8012 66.6623 67.8785 56.1538 1.8732 125.4664 163.1267 163.1267 74.7343 4.0198 18.6416 33.8547 13.6108 69.6007 146.2959 1.0833 70.8347 181.8175 9.9573 75.1819 122.2591 172.9658 147.8198;
	1.9565 26.4364 10.281 0.0 14.467 20.215 5.5741 0.4654 5.3748 1.9112 3.5328 5.2702 7.9343 0.0368 2.794 1.0526 1.306 1.384 0.1848 10.6782 1.858 47.1683 43.3155 0.5317 2.2159 33.4808 1.5871 107.3056 201.8927 201.8927 22.9959 3.2608 0.616 27.4856 0.1153 86.1409 139.2246 6.5278 49.0612 5.9354 1.0849 224.2516 88.2101 130.9925 140.6748;
	2.3851 32.2279 14.7381 2.149 9.2407 5.2347 1.3763 0.4145 1.5174 0.1392 0.2573 0.3839 0.578 0.017 2.5864 0.9744 1.209 1.2812 12.701 47.5396 0.4588 12.2142 29.0338 0.2423 3.0679 13.4846 1.4616 243.0152 237.4498 237.4498 91.4605 6.5338 42.3366 122.3671 0.0532 101.3119 202.2987 10.5923 20.5188 8.2176 0.4726 58.0698 88.8203 104.8633 204.406;
	3.2177 43.4777 81.3449 4.0105 12.843 1.6942 0.8806 0.1897 0.0151 0.0642 0.1186 0.177 0.2664 0.0168 10.7702 4.0576 5.0344 5.335 31.4315 44.0448 0.2935 3.9531 42.3084 0.1408 0.0069 8.5558 1.1614 369.8185 261.6342 261.6342 180.8308 10.7004 104.7715 113.3715 0.0527 111.6306 255.5157 38.2156 0.0015 0.0184 2.7227 18.794 13.2422 172.1859 258.1773;
	3.2545 43.9752 0.0 0.0172 13.5647 0.1235 1.6088 0.0019 0.0 0.0 0.0 0.0 0.0 0.1168 0.0146 0.0055 0.0068 0.0072 5.951 9.2523 0.5363 0.2881 0.0 0.0238 0.0056 1.7352 0.2106 341.5348 352.3693 352.3693 179.1512 23.2979 19.8366 23.8154 0.3662 150.3443 394.7115 63.9417 0.0883 0.0151 7.9708 1.3699 129.4776 207.8499 398.8231;
	2.438 32.9433 0.0 0.1759 14.3007 18.1526 3.9698 0.0845 0.0 0.0371 0.0685 0.1022 0.1539 11.6601 0.0 0.0 0.0 0.0 0.1296 1.9541 1.3233 42.356 7.5149 0.0032 0.0949 2.8712 0.2333 524.7883 450.7114 450.7114 302.3237 31.7191 0.4319 5.03 36.556 192.3035 503.9219 71.0881 6.9296 0.2541 13.833 201.3727 111.3874 210.6421 509.1711;
	2.927 39.5507 78.6276 11.3846 14.1889 25.6395 2.2981 4.7856 0.0 7.8266 14.4674 21.5825 32.4924 7.8262 0.0363 0.0137 0.017 0.018 0.0005 41.4093 0.766 59.8255 4.5843 4.3258 13.0532 66.1924 1.2547 740.7676 423.1228 423.1228 340.6339 41.3911 0.0018 106.5877 24.5361 180.5324 578.535 53.4535 3.0393 34.9638 40.2849 284.4274 108.4756 207.1387 584.5614;
	2.7903 37.7024 3.4651 11.9637 13.9775 0.0929 18.5571 1.9824 25.887 20.1843 37.3103 55.6597 83.7953 6.3781 3.5743 1.3466 1.6708 1.7705 0.5627 20.7742 6.1857 0.2167 36.0827 23.5776 16.6797 56.1164 0.2913 712.7466 393.4807 393.4807 318.0724 40.5417 1.8756 53.4728 19.9962 167.8851 478.4976 56.826 0.235 44.6778 33.8607 1.0303 103.1371 176.2251 483.482;
