function windprofile = ex_wind_profilesh1
%EX_WIND_PROFILE_D  Example wind_load_nyiso profile data for deterministic unit commitment.
% 2022.03.12
% Andres F. Ramirez


%% define constants
[GEN_BUS, PG, QG, QMAX, QMIN, VG, MBASE, GEN_STATUS, PMAX, PMIN, ...
    MU_PMAX, MU_PMIN, MU_QMAX, MU_QMIN, PC1, PC2, QC1MIN, QC1MAX, ...
    QC2MIN, QC2MAX, RAMP_AGC, RAMP_10, RAMP_30, RAMP_Q, APF] = idx_gen;
[CT_LABEL, CT_PROB, CT_TABLE, CT_TBUS, CT_TGEN, CT_TBRCH, CT_TAREABUS, ...
    CT_TAREAGEN, CT_TAREABRCH, CT_ROW, CT_COL, CT_CHGTYPE, CT_REP, ...
    CT_REL, CT_ADD, CT_NEWVAL, CT_TLOAD, CT_TAREALOAD, CT_LOAD_ALL_PQ, ...
    CT_LOAD_FIX_PQ, CT_LOAD_DIS_PQ, CT_LOAD_ALL_P, CT_LOAD_FIX_P, ...
    CT_LOAD_DIS_P, CT_TGENCOST, CT_TAREAGENCOST, CT_MODCOST_F, ...
    CT_MODCOST_X] = idx_ct;

windprofile = struct( ...
    'type', 'mpcData', ...
    'table', CT_TGEN, ...
    'rows', [1:45], ...
    'col', PMAX, ...
    'chgtype', 1, ...
    'values', [] );
windprofile.values(:,1,:) = [
	0.8434 11.3963 58.8178 68.7423 8.6995 10.0359 6.6803 8.0113 22.3798 20.841 38.5243 57.4706 86.5217 24.8053 143.3893 54.0211 67.0262 71.0277 73.8814 69.8505 2.2268 23.4171 69.4117 72.9659 48.9759 43.1085 3.6036 171.2129 324.8612 324.8612 232.42 43.0505 246.2714 179.7954 77.7681 138.6075 385.2206 92.8113 99.7196 131.1856 65.0603 111.3315 92.9081 64.246 389.2333;
	0.7217 9.7518 57.3585 66.2994 7.8339 19.0371 5.7982 10.2618 19.3234 13.158 24.3223 36.2841 54.6255 16.9654 117.6224 44.3135 54.9816 58.2641 68.2805 68.7546 1.9327 44.42 34.9797 73.1443 54.6451 47.991 5.8086 82.2475 218.1283 218.1283 148.9529 29.0789 227.6017 176.9745 53.1887 93.0681 299.9718 95.0396 29.5884 146.3707 75.0873 211.1855 102.6522 88.4655 303.0965;
	0.4222 5.7043 63.4037 70.0654 6.7671 7.8566 0.6029 10.6643 7.6496 10.5098 19.4272 28.9815 43.6315 30.9588 69.3029 26.1095 32.3951 34.3291 55.4676 66.5078 0.201 18.332 26.3627 83.1162 58.8166 54.3236 6.143 6.4501 3.2151 3.2151 4.5811 16.5784 184.8919 171.1913 97.0599 1.3718 162.6563 16.0621 2.8625 157.5446 65.6153 87.1555 61.1368 98.6152 164.3506;
	0.4441 6.0011 71.0662 77.3449 7.9554 1.6638 3.0943 13.8993 5.1822 16.2713 30.0772 44.8693 67.5504 21.5043 88.3146 33.272 41.2819 43.7465 39.9266 67.4859 1.0314 3.8823 47.295 82.9596 65.8685 67.2342 7.9085 6.7185 5.256 5.256 6.7969 17.8281 133.0887 173.7088 67.419 2.2425 9.956 14.497 0.8718 176.4336 63.236 18.4574 8.7647 137.9884 10.0597;
	0.5026 6.7909 82.1308 79.0494 9.1613 0.4068 0.0 14.322 0.1315 15.6228 28.8786 43.0811 64.8584 8.8898 119.9455 45.1888 56.0676 59.4149 54.392 66.5454 0.0 0.9493 44.8536 82.8799 80.063 70.5672 8.423 38.9312 13.0797 13.0797 3.1076 8.0664 181.3068 171.288 27.8709 5.5807 14.0882 1.6228 0.0 214.4546 66.6158 4.5131 10.5166 139.4654 14.235;
	0.5497 7.427 82.6995 67.1463 10.1559 4.2864 0.5077 13.4003 2.6605 8.8063 16.2783 24.284 36.5594 5.6951 139.9794 52.7364 65.4322 69.3386 73.2745 65.4237 0.1692 10.0016 8.1439 78.9335 60.125 71.8513 7.8114 35.387 13.1491 13.1491 12.0512 9.6231 244.2484 168.4009 17.8549 5.6103 9.9994 2.1564 31.4391 161.0492 54.8168 47.5506 26.9055 139.2702 10.1036;
	0.4591 6.2039 60.082 44.6409 8.7656 2.5263 3.6805 8.3705 2.7911 8.0056 14.7983 22.0761 33.2355 13.0052 121.1427 45.6398 56.6272 60.0079 63.4863 65.8909 1.2268 5.8947 19.4146 55.0364 33.9775 67.4975 4.3156 33.8986 6.8873 6.8873 17.6956 3.3563 211.6208 169.6032 40.7732 2.9386 1.1539 2.2212 63.9181 91.0111 29.4533 28.0249 33.3181 138.1286 1.1659;
	0.4304 5.816 35.0037 28.7274 3.8004 2.1134 4.0477 7.0036 1.7137 4.7417 8.765 13.0757 19.6853 1.4871 54.702 20.6087 25.57 27.0966 15.6709 26.856 1.3492 4.9313 7.8578 35.3911 32.1099 57.8173 4.391 7.0369 0.2112 0.2112 16.1353 9.431 52.2363 69.1275 4.6624 0.0901 4.7525 6.2488 3.4647 86.0086 12.0145 23.4446 19.6337 95.9669 4.802;
	0.4632 6.2587 26.468 24.6468 3.0219 0.0154 0.0 5.1648 0.0 8.1732 15.108 22.5382 33.9311 3.2251 14.7828 5.5693 6.9101 7.3226 0.7423 2.867 0.0 0.0358 3.6068 32.185 25.6408 49.6409 3.3475 5.9245 0.0216 0.0216 6.374 6.2784 2.4743 7.3797 10.1112 0.0092 0.7911 0.1036 0.9882 68.6807 5.6324 0.1703 0.5996 59.1284 0.7994;
	0.4971 6.717 27.7904 24.5837 6.657 0.1637 6.497 4.1135 0.5751 7.5284 13.9161 20.7602 31.2543 36.0404 11.1341 4.1947 5.2045 5.5152 17.2768 5.2074 2.1657 0.3821 10.3351 30.3901 24.1149 44.1576 2.3621 30.8426 47.7113 47.7113 45.8652 13.7684 57.5892 13.404 112.9915 20.3568 22.0195 5.6343 102.0489 64.5936 14.9251 1.8165 49.3165 71.3082 22.2489;
	0.8078 10.9148 45.0035 19.7879 11.2672 0.0318 8.1661 3.4885 9.8101 0.8419 1.5562 2.3215 3.4951 24.8054 6.3472 2.3913 2.967 3.1441 13.4522 2.1356 2.722 0.0742 28.7827 41.6688 41.3728 48.9601 1.0173 51.3674 64.6296 64.6296 21.6943 5.6346 44.8407 5.497 77.7682 27.5753 51.1335 2.9858 157.8109 110.8201 56.9769 0.3527 3.6005 84.182 51.6662;
	1.3507 18.251 63.3838 17.6559 13.6267 0.0099 8.3777 1.1084 5.4071 2.0205 3.7349 5.5717 8.3881 18.3241 20.8501 7.8552 9.7462 10.3281 50.9701 4.5732 2.7926 0.0232 50.4494 54.5641 0.1188 45.9587 0.0613 149.5179 110.463 110.463 49.0717 21.5085 169.9005 11.7715 57.4485 47.1309 133.623 2.8198 112.8213 0.3183 15.4842 0.1104 2.5807 108.6002 135.0149;
	1.6961 22.9177 79.0311 0.6803 14.1432 0.0318 5.2353 0.7889 0.1953 21.099 39.0012 58.1821 87.5929 0.3063 5.6711 2.1366 2.6509 2.8092 44.0515 5.0394 1.7451 0.0743 20.6117 57.6908 56.9793 52.4281 0.0 188.6285 169.7457 169.7457 41.4931 16.3282 146.8384 12.9713 0.9603 72.4248 175.6925 13.183 7.4131 152.623 9.7859 0.3531 105.0876 155.4226 177.5226;
	1.5932 21.5281 0.0 0.0 14.3068 19.0166 3.0917 0.0014 2.0151 0.0368 0.068 0.1015 0.1527 6.7318 8.3901 3.1609 3.9219 4.156 60.6172 5.8028 1.0306 44.372 36.8251 0.0 0.0 30.7513 0.0 169.2497 210.3529 210.3529 43.8963 9.6094 202.0573 14.9363 21.105 89.7506 184.3477 13.0791 68.2911 0.0 3.9463 210.9572 82.649 111.2913 186.268;
	2.1298 28.778 6.2436 4.112 9.6301 0.8484 19.1562 0.0174 13.4491 0.002 0.0037 0.0054 0.0082 35.1159 5.0507 1.9028 2.3609 2.5018 41.3911 0.0405 6.3854 1.9797 18.4387 0.2065 0.0 1.1649 0.0 275.4479 282.4532 282.4532 104.5014 9.7785 137.9703 0.1043 110.0931 120.5134 284.5659 23.0995 304.3738 0.0 13.3534 9.4121 88.6575 103.3466 287.5301;
	3.0058 40.6146 83.3029 2.6508 13.6998 0.0404 10.9295 0.5757 4.0141 0.0 0.0 0.0 0.0 29.6385 15.539 5.8542 7.2636 7.6972 17.5392 0.1074 3.6432 0.0942 40.1304 0.1552 0.0 8.6038 0.001 388.4886 295.2047 295.2047 176.285 12.4403 58.4641 0.2766 92.9208 125.954 345.8998 42.3262 351.2002 0.0 7.1499 0.4477 5.1775 180.8938 349.5029;
	3.1589 42.6842 4.4775 7.4543 13.9921 0.2333 9.8527 1.3653 1.0766 0.0347 0.0641 0.0956 0.1439 9.9658 0.3512 0.1323 0.1642 0.174 10.1925 0.0 3.2842 0.5444 0.4276 8.2349 7.8917 6.5507 0.9887 378.4313 389.8794 389.8794 193.2068 22.2321 33.975 0.0 31.2443 166.3485 472.3191 70.2046 337.1105 21.1386 18.859 2.5882 139.125 219.1415 477.2391;
	2.6365 35.6247 7.9833 53.2859 13.8965 18.8239 6.2412 1.2222 0.3738 0.5992 1.1076 1.6524 2.4876 6.1531 0.0177 0.0067 0.0083 0.0088 11.9867 0.0 2.0804 43.9225 12.2219 5.9823 11.9714 6.8704 0.7489 562.5469 490.6593 490.6593 324.0684 32.2773 39.9556 0.0 19.2909 209.348 566.6643 91.2388 245.1863 32.0664 43.1806 208.8203 115.4967 229.8436 572.567;
	3.0965 41.8403 86.0534 77.4115 14.6921 24.0309 5.1666 2.036 0.2518 7.4639 13.797 20.5824 30.9867 7.6668 0.9736 0.3668 0.4551 0.4823 0.5071 28.4986 1.7222 56.0721 10.065 17.4947 5.7687 64.6665 3.964 788.5833 434.11 434.11 337.2814 44.9387 1.6903 73.3554 24.0364 185.2203 628.9836 74.0392 144.6421 15.4519 39.2144 266.5828 110.6946 218.1417 635.5355;
	2.9545 39.922 5.3643 40.3613 14.1053 0.0469 20.9042 0.0589 26.0028 13.4724 24.9035 37.1511 55.9308 7.9339 0.0 0.0 0.0 0.0 0.0 7.6201 6.9681 0.1095 30.1368 5.2492 1.3577 53.3487 1.1945 754.1798 421.557 421.557 322.5249 43.9011 0.0 19.6142 24.8738 179.8643 567.6425 70.4477 215.4671 3.6367 8.2626 0.5204 105.3915 185.618 573.5554;
