function loadprofile = ex_load_profilesh1
%EX_LOAD_PROFILE  Example load profile data file for stochastic unit commitment.
% 2022.03.12
% Andres F. Ramirez

%% define constants
[CT_LABEL, CT_PROB, CT_TABLE, CT_TBUS, CT_TGEN, CT_TBRCH, CT_TAREABUS, ...
    CT_TAREAGEN, CT_TAREABRCH, CT_ROW, CT_COL, CT_CHGTYPE, CT_REP, ...
    CT_REL, CT_ADD, CT_NEWVAL, CT_TLOAD, CT_TAREALOAD, CT_LOAD_ALL_PQ, ...
    CT_LOAD_FIX_PQ, CT_LOAD_DIS_PQ, CT_LOAD_ALL_P, CT_LOAD_FIX_P, ...
    CT_LOAD_DIS_P, CT_TGENCOST, CT_TAREAGENCOST, CT_MODCOST_F, ...
    CT_MODCOST_X] = idx_ct;

loadprofile = struct( ...
    'type', 'mpcData', ...
    'table', CT_TAREALOAD, ...
    'rows', [1:11], ...
    'col', CT_LOAD_ALL_P, ...
    'chgtype', 1, ...
    'values', [] );
loadprofile.values(:,1,:) = [
	1581.648 974.5 1654.6812 553.2 825.6413 1184.9456 868.3593 257.4 536.4937 3903.0587 1754.8915;
	1579.0 986.9003 1652.1333 553.1855 837.1235 1185.4846 853.2145 269.4228 533.1931 4133.6095 1741.8664;
	1576.1711 1001.9326 1682.5573 563.5048 858.7 1200.7838 872.9536 255.8066 531.2075 4137.2759 1757.8508;
	1625.5 1063.4269 1813.7 584.132 922.9538 1283.9 935.7974 278.1746 571.0748 4344.1066 1870.0334;
	1768.0902 1189.9024 1989.738 619.1544 1019.2061 1447.1804 1065.5733 319.2536 641.3871 5079.287 2118.0;
	1858.0103 1248.6758 2094.0272 634.8593 1089.6414 1527.1166 1137.3451 348.2186 716.3 5839.4638 2308.5868;
	1902.0506 1248.7891 2054.1747 624.7259 1063.4311 1509.5342 1154.2 329.5696 710.1 6159.3091 2318.2877;
	1889.7479 1222.2149 2032.0167 607.0889 1037.9446 1498.3653 1153.4 315.6115 700.7 6340.5535 2224.2;
	1835.0 1216.8867 2052.483 604.7603 1026.3592 1521.5402 1135.4534 347.1951 699.0 6366.8124 2208.4911;
	1840.4236 1219.8 2022.2491 583.6 1031.6132 1506.0468 1188.117 343.1255 708.0697 6327.4899 2193.7069;
	1811.2112 1176.1014 1970.5525 595.4857 988.0402 1467.0674 1086.8833 319.5745 680.5022 6287.5377 2094.8477;
	1842.7383 1163.3567 1928.9 578.7331 980.989 1450.1788 1114.2374 311.4 666.3 6359.2554 2101.6181;
	1763.4422 1155.1564 1872.8357 576.7022 975.7333 1374.8764 1075.1969 318.869 661.3417 6346.2076 2066.0146;
	1699.1825 1140.5177 1808.5383 576.1896 906.188 1323.6551 1046.3104 311.1 664.7205 6348.9492 2099.1393;
	1716.2014 1130.6073 1825.7592 567.3681 943.034 1327.6497 1059.9322 326.1331 678.4667 6266.6119 2149.6;
	1704.527 1146.7607 1809.7704 579.1648 949.5101 1371.6223 1067.9066 335.875 680.7938 6235.8117 2250.2869;
	1767.7802 1161.8898 1856.3744 595.0 975.8 1436.9512 1109.4526 330.5694 712.0 6204.1317 2342.2713;
	1817.2141 1196.4952 1916.9533 605.2202 972.8009 1485.1808 1157.0802 335.9385 760.54 6116.4404 2422.0934;
	1873.9833 1216.0 1969.2026 601.5 1015.6553 1474.8 1164.5396 341.6512 737.7 6035.2375 2452.7101;
	1792.5051 1140.6499 1905.8184 579.452 969.8848 1432.2844 1139.6769 341.6818 717.9 5777.353 2352.5283;
	1727.6364 1074.1514 1830.6469 559.9776 944.6 1332.8382 1067.3 312.8933 663.7589 5540.7499 2168.0437;
	1642.0992 1027.4627 1745.4663 536.6 905.3 1258.2233 1008.8 291.373 593.3535 5118.452 1968.3224;
	1552.4223 980.3107 1625.4656 545.5982 827.1433 1201.5986 922.227 272.8506 579.5802 4724.4139 1905.4289;
	1548.79 955.5 1593.2 571.6745 825.8172 1181.6771 903.9141 265.8963 604.0459 4541.0441 1913.3589;
];
