function loadprofile = ex_load_profilesh1
%EX_LOAD_PROFILE  Example load profile data file for stochastic unit commitment.
% 2022.03.12
% Andres F. Ramirez

%% define constants
[CT_LABEL, CT_PROB, CT_TABLE, CT_TBUS, CT_TGEN, CT_TBRCH, CT_TAREABUS, ...
    CT_TAREAGEN, CT_TAREABRCH, CT_ROW, CT_COL, CT_CHGTYPE, CT_REP, ...
    CT_REL, CT_ADD, CT_NEWVAL, CT_TLOAD, CT_TAREALOAD, CT_LOAD_ALL_PQ, ...
    CT_LOAD_FIX_PQ, CT_LOAD_DIS_PQ, CT_LOAD_ALL_P, CT_LOAD_FIX_P, ...
    CT_LOAD_DIS_P, CT_TGENCOST, CT_TAREAGENCOST, CT_MODCOST_F, ...
    CT_MODCOST_X] = idx_ct;

loadprofile = struct( ...
    'type', 'mpcData', ...
    'table', CT_TAREALOAD, ...
    'rows', [1:11], ...
    'col', CT_LOAD_ALL_P, ...
    'chgtype', 1, ...
    'values', [] );
loadprofile.values(:,1,:) = [
	1469.5453 947.7484 1666.7856 550.3482 860.2388 1142.0339 906.8 268.7 527.8 4609.6748 1786.6779;
	1493.176 951.1955 1673.254 575.6253 859.5 1158.3206 912.4 283.2847 523.2 4529.2619 1784.8551;
	1506.3502 976.8736 1715.5532 570.6114 859.3 1206.5325 927.7521 273.0848 527.927 4533.6388 1825.9;
	1557.8896 1029.1 1780.9981 576.6 902.6384 1261.2631 987.2832 308.9957 562.8403 4784.4425 1922.0842;
	1713.9479 1156.7394 1998.5 604.9 1023.4659 1426.9838 1094.4601 344.4 634.6404 5400.5104 2173.2354;
	1766.6063 1197.1 2071.4878 612.2205 1066.7804 1532.1657 1158.5606 363.3704 686.9298 5925.1419 2329.5883;
	1768.2797 1172.5014 2080.0242 604.561 1049.4505 1522.1159 1177.4259 359.1157 698.0 6186.5463 2297.439;
	1773.0169 1221.3116 2092.0 618.8336 1066.5693 1530.9163 1183.8693 375.3685 723.8059 6334.0385 2321.7868;
	1794.9164 1184.8841 2035.7753 597.3067 1031.2334 1457.4492 1125.9108 369.0384 705.7 6357.8485 2178.7192;
	1776.4143 1173.2121 2002.2074 566.048 1002.814 1423.8766 1101.2649 363.2444 700.4 6326.1058 2101.4018;
	1727.0837 1144.0802 1973.2785 557.0262 980.5 1371.5176 1107.377 361.5781 699.4 6298.9657 2069.3989;
	1782.5972 1184.9017 1995.1376 555.7344 1023.4536 1387.4904 1099.4 372.5228 683.1344 6375.7853 2172.4342;
	1769.7415 1169.9882 1968.5 563.9341 1000.435 1339.9431 1099.0526 357.977 676.2262 6258.2221 2145.0319;
	1728.695 1171.4 1910.4 580.1204 983.893 1320.6924 1056.3149 363.1108 675.6943 6162.9192 2191.9;
	1725.1052 1176.2156 1902.5 572.9 1005.6942 1366.0973 1062.0385 361.5879 660.4174 5977.0094 2196.0882;
	1743.7266 1164.8563 1935.0098 568.4131 1024.6408 1416.0183 1086.7983 350.3876 669.2009 6064.855 2260.3378;
	1710.9431 1171.5501 1918.9419 576.1 1000.1666 1394.0847 1112.7054 364.9244 659.1069 5982.5306 2359.8964;
	1783.8232 1223.2827 2021.0733 591.5862 1066.3397 1513.2053 1210.6036 368.1262 707.8971 5975.6669 2514.696;
	1808.797 1240.661 2028.4563 591.3 1071.7845 1480.4191 1171.7462 381.2702 699.94 5955.7043 2502.064;
	1747.8809 1176.2 1934.0 580.0 998.6066 1394.1537 1138.0466 368.3637 655.6381 5666.0115 2400.9108;
	1659.7763 1105.1337 1801.2402 560.8277 927.6463 1315.7822 1065.0 341.1 638.3 5417.8021 2214.7199;
	1551.7983 1039.6532 1701.5348 560.1836 874.3876 1236.0602 970.2 306.3 567.5 5007.7875 1991.126;
	1460.4094 952.5 1634.6313 546.3 827.9831 1135.0449 905.3654 261.1 558.2108 4592.4619 1855.089;
	1419.8846 923.6 1603.951 552.6 816.4386 1107.1664 882.7706 256.4789 544.3119 4256.3458 1803.9501;
];
