function solarprofile = ex_solar_profilesh1
%EX_WIND_PROFILE_D  Example wind_load_nyiso profile data for deterministic unit commitment.
% 2022.03.12
% Andres F. Ramirez


%% define constants
[GEN_BUS, PG, QG, QMAX, QMIN, VG, MBASE, GEN_STATUS, PMAX, PMIN, ...
    MU_PMAX, MU_PMIN, MU_QMAX, MU_QMIN, PC1, PC2, QC1MIN, QC1MAX, ...
    QC2MIN, QC2MAX, RAMP_AGC, RAMP_10, RAMP_30, RAMP_Q, APF] = idx_gen;
[CT_LABEL, CT_PROB, CT_TABLE, CT_TBUS, CT_TGEN, CT_TBRCH, CT_TAREABUS, ...
    CT_TAREAGEN, CT_TAREABRCH, CT_ROW, CT_COL, CT_CHGTYPE, CT_REP, ...
    CT_REL, CT_ADD, CT_NEWVAL, CT_TLOAD, CT_TAREALOAD, CT_LOAD_ALL_PQ, ...
    CT_LOAD_FIX_PQ, CT_LOAD_DIS_PQ, CT_LOAD_ALL_P, CT_LOAD_FIX_P, ...
    CT_LOAD_DIS_P, CT_TGENCOST, CT_TAREAGENCOST, CT_MODCOST_F, ...
    CT_MODCOST_X] = idx_ct;

solarprofile = struct( ...
    'type', 'mpcData', ...
    'table', CT_TGEN, ...
    'rows', [1:12], ...
    'col', PMAX, ...
    'chgtype', 1, ...
    'values', [] );
solarprofile.values(:,1,:) = [
	0.0 0.0 0.0 0.0 0.0 0.0 0.0 0.0 0.0 0.0 0.0 0.0;
	0.0 0.0 0.0 0.0 0.0 0.0 0.0 0.0 0.0 0.0 0.0 0.0;
	0.0 0.0 0.0 0.0 0.0 0.0 0.0 0.0 0.0 0.0 0.0 0.0;
	0.0 0.0 0.0 0.0 0.0 0.0 0.0 0.0 0.0 0.0 0.0 0.0;
	0.0 0.0 0.0 0.0 0.0 0.0 0.0 0.0 0.0 0.0 0.0 0.0;
	0.4731 0.408 0.4224 0.0 0.0 0.0 0.0 0.3972 0.0 0.0 0.0 0.0;
	17.3158 12.7949 7.7221 1.8154 7.9253 264.6554 33.0819 42.9632 152.6263 10.5589 8.8641 19.1223;
	22.0034 16.9509 13.441 2.3136 4.8402 436.494 54.5618 70.5058 266.6641 4.597 13.8625 8.3251;
	22.5338 16.8095 13.8 3.8379 3.5491 451.0132 56.3766 73.6229 276.7913 11.3909 14.6161 20.629;
	14.7195 16.0007 10.2846 3.9196 4.1772 346.5346 43.3168 51.6201 210.0228 49.4257 24.1681 89.5103;
	19.3706 16.0669 10.9721 6.6117 8.7271 338.9925 42.3741 48.4844 167.8699 89.2515 37.9937 161.6351;
	23.0083 16.3831 13.493 7.2686 9.7707 317.1537 39.6442 41.2303 95.132 96.5839 48.5589 174.9141;
	11.2267 10.7792 9.8555 4.7844 5.6993 71.4634 8.9329 4.8081 36.2399 81.4335 51.6773 147.4765;
	6.3958 8.4302 8.1247 2.6743 2.5396 56.1799 7.0225 3.6327 52.0412 63.3349 44.7841 114.6999;
	2.2913 4.2107 3.5161 1.8441 1.4682 51.5562 6.4445 3.8016 58.6669 41.1982 33.8286 74.6101;
	0.0 0.2126 0.0 0.8772 0.1726 22.8902 2.8613 2.5229 11.917 10.3657 7.1125 18.7723;
	0.3545 0.3067 0.2871 0.4192 0.1811 4.5463 0.5683 1.7554 2.2574 2.4156 3.1306 4.3746;
	0.0 0.0 0.0 0.0 0.0 0.0 0.0 0.0 0.0 0.0 0.0 0.0;
	0.0 0.0 0.0 0.0 0.0 0.0 0.0 0.0 0.0 0.0 0.0 0.0;
	0.0 0.0 0.0 0.0 0.0 0.0 0.0 0.0 0.0 0.0 0.0 0.0;
	0.0 0.0 0.0 0.0 0.0 0.0 0.0 0.0 0.0 0.0 0.0 0.0;
	0.0 0.0 0.0 0.0 0.0 0.0 0.0 0.0 0.0 0.0 0.0 0.0;
	0.0 0.0 0.0 0.0 0.0 0.0 0.0 0.0 0.0 0.0 0.0 0.0;
	0.0 0.0 0.0 0.0 0.0 0.0 0.0 0.0 0.0 0.0 0.0 0.0;
];
