function solarprofile = ex_solar_profilesh1
%EX_WIND_PROFILE_D  Example wind_load_nyiso profile data for deterministic unit commitment.
% 2022.03.12
% Andres F. Ramirez


%% define constants
[GEN_BUS, PG, QG, QMAX, QMIN, VG, MBASE, GEN_STATUS, PMAX, PMIN, ...
    MU_PMAX, MU_PMIN, MU_QMAX, MU_QMIN, PC1, PC2, QC1MIN, QC1MAX, ...
    QC2MIN, QC2MAX, RAMP_AGC, RAMP_10, RAMP_30, RAMP_Q, APF] = idx_gen;
[CT_LABEL, CT_PROB, CT_TABLE, CT_TBUS, CT_TGEN, CT_TBRCH, CT_TAREABUS, ...
    CT_TAREAGEN, CT_TAREABRCH, CT_ROW, CT_COL, CT_CHGTYPE, CT_REP, ...
    CT_REL, CT_ADD, CT_NEWVAL, CT_TLOAD, CT_TAREALOAD, CT_LOAD_ALL_PQ, ...
    CT_LOAD_FIX_PQ, CT_LOAD_DIS_PQ, CT_LOAD_ALL_P, CT_LOAD_FIX_P, ...
    CT_LOAD_DIS_P, CT_TGENCOST, CT_TAREAGENCOST, CT_MODCOST_F, ...
    CT_MODCOST_X] = idx_ct;

solarprofile = struct( ...
    'type', 'mpcData', ...
    'table', CT_TGEN, ...
    'rows', [1:12], ...
    'col', PMAX, ...
    'chgtype', 1, ...
    'values', [] );
solarprofile.values(:,1,:) = [
	0.0 0.0 0.0 0.0 0.0 0.0 0.0 0.0 0.0 0.0 0.0 0.0;
	0.0 0.0 0.0 0.0 0.0 0.0 0.0 0.0 0.0 0.0 0.0 0.0;
	0.0 0.0 0.0 0.0 0.0 0.0 0.0 0.0 0.0 0.0 0.0 0.0;
	0.0 0.0 0.0 0.0 0.0 0.0 0.0 0.0 0.0 0.0 0.0 0.0;
	0.0 0.0 0.0 0.0 0.0 0.0 0.0 0.0 0.0 0.0 0.0 0.0;
	0.5152 0.4159 0.4307 0.0 0.0 0.0 0.0 0.2 0.0 0.0 0.0 0.0;
	8.6466 5.8606 5.1779 4.3814 2.5383 206.9382 25.8673 53.8355 198.9182 13.801 6.3008 24.9937;
	20.6274 14.6125 11.9786 7.0694 3.1033 348.8204 43.6026 71.5132 260.9359 9.0485 7.0839 16.3869;
	24.0286 16.6257 13.8 7.9998 2.8221 337.1748 42.1469 73.6398 263.1102 4.5027 4.1149 8.1545;
	24.0991 16.1547 13.3589 2.1771 0.5432 166.701 20.8376 56.8383 95.3713 0.0 0.0 0.0;
	24.9335 16.371 13.583 3.2545 1.3255 205.9514 25.7439 51.9312 68.7167 7.787 5.3836 14.1023;
	25.0532 16.3954 13.7563 4.9083 2.0387 248.0612 31.0077 40.1999 113.8805 12.1572 13.7336 22.0167;
	13.8429 10.7379 7.4082 3.3366 1.7074 166.4379 20.8047 8.4364 164.0624 11.2886 16.9938 20.4438;
	11.12 7.1631 3.4704 1.8891 0.7836 156.0448 19.5056 9.9899 171.9976 10.8633 16.6084 19.6735;
	6.0005 3.9955 1.3188 0.9595 0.6146 132.2997 16.5375 10.6562 161.3267 14.4704 14.8626 26.206;
	1.5808 1.0612 0.4292 0.4727 0.1734 34.4653 4.3082 2.8049 61.0422 12.7469 8.1343 23.0847;
	0.5199 0.5572 0.361 0.408 0.3695 4.3714 0.5464 1.0608 9.0268 7.659 5.5015 13.8705;
	0.0 0.0 0.0 0.0 0.0 0.0 0.0 0.0 0.0 0.0 0.0 0.0;
	0.0 0.0 0.0 0.0 0.0 0.0 0.0 0.0 0.0 0.0 0.0 0.0;
	0.0 0.0 0.0 0.0 0.0 0.0 0.0 0.0 0.0 0.0 0.0 0.0;
	0.0 0.0 0.0 0.0 0.0 0.0 0.0 0.0 0.0 0.0 0.0 0.0;
	0.0 0.0 0.0 0.0 0.0 0.0 0.0 0.0 0.0 0.0 0.0 0.0;
	0.0 0.0 0.0 0.0 0.0 0.0 0.0 0.0 0.0 0.0 0.0 0.0;
	0.0 0.0 0.0 0.0 0.0 0.0 0.0 0.0 0.0 0.0 0.0 0.0;
];
