function loadprofile = ex_load_profilesh1
%EX_LOAD_PROFILE  Example load profile data file for stochastic unit commitment.
% 2022.03.12
% Andres F. Ramirez

%% define constants
[CT_LABEL, CT_PROB, CT_TABLE, CT_TBUS, CT_TGEN, CT_TBRCH, CT_TAREABUS, ...
    CT_TAREAGEN, CT_TAREABRCH, CT_ROW, CT_COL, CT_CHGTYPE, CT_REP, ...
    CT_REL, CT_ADD, CT_NEWVAL, CT_TLOAD, CT_TAREALOAD, CT_LOAD_ALL_PQ, ...
    CT_LOAD_FIX_PQ, CT_LOAD_DIS_PQ, CT_LOAD_ALL_P, CT_LOAD_FIX_P, ...
    CT_LOAD_DIS_P, CT_TGENCOST, CT_TAREAGENCOST, CT_MODCOST_F, ...
    CT_MODCOST_X] = idx_ct;

loadprofile = struct( ...
    'type', 'mpcData', ...
    'table', CT_TAREALOAD, ...
    'rows', [1:11], ...
    'col', CT_LOAD_ALL_P, ...
    'chgtype', 1, ...
    'values', [] );
loadprofile.values(:,1,:) = [
	1588.7 958.2144 1635.9316 573.7118 825.9476 1162.9757 908.2 267.8302 523.819 4591.2802 1724.0925;
	1613.7149 975.5953 1661.3508 574.1042 824.1065 1176.3 899.9063 265.673 529.6441 4577.617 1747.1156;
	1607.8246 988.016 1675.6086 578.6716 852.9816 1215.9766 910.2483 261.7109 523.2761 4509.741 1741.1212;
	1688.8212 1061.142 1763.1 591.8102 889.6688 1299.1 964.5948 289.2862 555.9 4796.5974 1873.4327;
	1803.8988 1174.6764 1956.0884 604.9722 1002.2 1457.3 1066.3606 324.3402 630.4306 5307.5864 2102.2283;
	1886.6467 1248.6825 2067.7745 607.3205 1054.4281 1524.0 1124.5168 348.4729 672.2415 5885.652 2213.3459;
	1901.7072 1254.8716 2093.1592 571.7327 1058.3638 1531.4 1146.4003 362.0 706.5635 6341.6569 2303.3776;
	1837.3987 1259.8907 2039.6289 588.6543 1037.2619 1515.8011 1139.5431 358.4575 713.5636 6519.0113 2260.6;
	1838.0247 1252.3283 2049.7265 596.9677 1048.14 1560.7403 1179.4819 380.51 700.4 6617.9038 2233.2938;
	1818.6 1218.3679 1973.9566 580.8704 1016.3316 1523.4625 1146.8953 365.1223 682.3761 6643.0308 2238.3289;
	1811.3 1221.3487 1998.9 556.6438 1012.761 1503.4857 1143.5426 363.1 669.4 6646.5431 2199.6095;
	1793.5382 1202.9861 1976.9844 556.3454 982.8144 1493.1508 1154.7263 372.4646 672.7048 6743.2182 2268.9597;
	1736.9189 1174.1498 1951.1447 563.797 982.704 1488.5203 1119.3602 400.6425 661.6 6587.8361 2297.2;
	1710.0937 1164.2969 1946.0744 568.9 990.9785 1489.9324 1073.0038 376.8798 650.3558 6498.2803 2228.4872;
	1649.1707 1156.921 1976.7761 558.4249 1007.5907 1535.9456 1109.1549 362.4165 682.951 6775.0776 2268.7888;
	1657.8285 1172.8 1985.5114 579.8 1007.206 1541.367 1143.6 342.0 681.2 6698.7815 2351.7863;
	1662.3936 1185.5925 1989.3267 566.5918 1042.0168 1596.3748 1209.2017 367.7641 718.9432 6549.1267 2469.1683;
	1768.1281 1236.06 2070.6085 582.8701 1089.1653 1641.6136 1251.3958 372.6157 751.9338 6644.7375 2640.8954;
	1797.3363 1245.9797 2082.9687 563.0654 1069.1993 1616.9118 1269.4049 367.7533 756.8745 6548.3681 2634.7706;
	1777.6033 1176.4 1976.365 522.5439 1012.9 1519.8968 1200.7929 359.8743 710.0 6298.4385 2471.1887;
	1700.4508 1100.2405 1852.9821 536.1693 960.0772 1436.2432 1116.442 308.3765 642.4376 5802.9936 2252.7077;
	1629.5 1021.0109 1743.9 541.9707 910.3939 1355.5729 1017.6932 299.693 581.6 5446.5658 2104.8782;
	1516.5831 954.94 1592.6336 520.1774 812.7 1207.616 938.4917 275.0109 550.7914 4979.7611 1880.5979;
	1501.2344 928.3 1576.8191 497.8277 783.8251 1158.3 879.7745 273.5816 502.3 4689.0967 1773.9472;
];
