function loadprofile = ex_load_profilesh1
%EX_LOAD_PROFILE  Example load profile data file for stochastic unit commitment.
% 2022.03.12
% Andres F. Ramirez

%% define constants
[CT_LABEL, CT_PROB, CT_TABLE, CT_TBUS, CT_TGEN, CT_TBRCH, CT_TAREABUS, ...
    CT_TAREAGEN, CT_TAREABRCH, CT_ROW, CT_COL, CT_CHGTYPE, CT_REP, ...
    CT_REL, CT_ADD, CT_NEWVAL, CT_TLOAD, CT_TAREALOAD, CT_LOAD_ALL_PQ, ...
    CT_LOAD_FIX_PQ, CT_LOAD_DIS_PQ, CT_LOAD_ALL_P, CT_LOAD_FIX_P, ...
    CT_LOAD_DIS_P, CT_TGENCOST, CT_TAREAGENCOST, CT_MODCOST_F, ...
    CT_MODCOST_X] = idx_ct;

loadprofile = struct( ...
    'type', 'mpcData', ...
    'table', CT_TAREALOAD, ...
    'rows', [1:11], ...
    'col', CT_LOAD_ALL_P, ...
    'chgtype', 1, ...
    'values', [] );
loadprofile.values(:,1,:) = [
	1649.1483 1006.1706 1711.1017 595.429 897.5223 1197.4549 936.9889 264.3 503.8725 4547.5798 1765.1053;
	1640.7892 998.2247 1717.7352 587.6 900.1178 1215.1 944.8333 259.8282 511.5084 4530.1701 1790.9234;
	1649.7 1014.323 1756.8253 596.9 894.0 1241.5545 948.4617 268.6382 523.4226 4514.0396 1834.7924;
	1738.4235 1088.719 1828.3 606.661 947.0607 1308.977 1002.3981 294.5513 560.8464 4752.5431 1918.3742;
	1838.7 1208.2 2023.3549 628.9 1062.1161 1436.921 1100.6139 324.8 644.2776 5266.5565 2175.0199;
	1901.3696 1257.476 2092.4 636.4267 1110.0845 1527.9794 1166.2046 360.988 701.1439 5839.8655 2349.865;
	1890.8074 1260.2876 2108.6411 618.1 1096.0747 1507.1 1176.2371 365.8071 712.5752 6116.3964 2369.8;
	1893.3826 1260.1674 2087.5673 600.4346 1082.6 1449.8 1160.99 354.4 707.8131 6290.1987 2368.8164;
	1929.721 1280.2801 2082.9832 582.7907 1063.8315 1408.2476 1140.6 346.7 697.2 6353.1822 2286.4636;
	1937.1568 1315.6945 2082.7825 581.948 1059.1848 1371.5357 1124.2453 349.2 677.4177 6292.5808 2289.2482;
	1865.1906 1293.9594 2038.8405 591.8533 1041.6873 1292.1206 1121.7104 340.4 667.3957 6215.6758 2234.6;
	1935.1647 1318.3091 2015.5644 575.6105 1023.3183 1317.7528 1099.6712 332.6 665.1387 6212.293 2154.2071;
	1958.3158 1343.2764 2037.204 574.4735 1017.0608 1387.7466 1112.644 332.9706 654.448 6309.3665 2145.1;
	1941.7425 1319.1516 2039.4281 574.2842 990.6371 1333.66 1098.4244 330.2 659.847 6383.5792 2202.9744;
	1869.3367 1325.1476 2065.4101 591.265 1018.7376 1387.8303 1081.4292 328.3024 660.7703 6363.7692 2226.0389;
	1861.8882 1364.2778 2090.3743 568.2039 1037.5458 1454.658 1110.1701 344.33 660.2699 6375.1983 2306.5847;
	1910.0484 1353.7082 2047.3987 583.8 1034.9 1478.185 1117.271 357.5174 670.3665 6223.0962 2370.8109;
	1916.9595 1304.1 2056.4893 593.0 1067.2736 1493.5185 1162.3519 383.4 718.1 6159.9756 2433.1426;
	1898.3575 1274.2742 2007.1779 600.1399 1040.5693 1474.8838 1158.1543 338.761 722.8 6067.1824 2398.2727;
	1828.6646 1200.7 1902.5025 592.1 977.7211 1404.0119 1123.3075 335.5 686.9857 5831.7504 2251.512;
	1726.3718 1090.6257 1771.3211 578.2627 900.2762 1298.4 1057.8248 304.6 637.4201 5559.6292 2133.2606;
	1637.3619 1030.6554 1659.4383 573.6079 859.1421 1199.5 980.7424 259.3839 595.3 5159.2 1922.7762;
	1591.9141 981.8081 1605.2 557.578 816.4012 1157.0 951.09 241.0629 536.9452 4870.4331 1803.3945;
	1566.8476 946.1844 1587.2224 573.6773 801.4859 1159.9 924.6846 225.9154 517.3805 4741.6109 1767.5049;
];
