function solarprofile = ex_solar_profilesh1
%EX_WIND_PROFILE_D  Example wind_load_nyiso profile data for deterministic unit commitment.
% 2022.03.12
% Andres F. Ramirez


%% define constants
[GEN_BUS, PG, QG, QMAX, QMIN, VG, MBASE, GEN_STATUS, PMAX, PMIN, ...
    MU_PMAX, MU_PMIN, MU_QMAX, MU_QMIN, PC1, PC2, QC1MIN, QC1MAX, ...
    QC2MIN, QC2MAX, RAMP_AGC, RAMP_10, RAMP_30, RAMP_Q, APF] = idx_gen;
[CT_LABEL, CT_PROB, CT_TABLE, CT_TBUS, CT_TGEN, CT_TBRCH, CT_TAREABUS, ...
    CT_TAREAGEN, CT_TAREABRCH, CT_ROW, CT_COL, CT_CHGTYPE, CT_REP, ...
    CT_REL, CT_ADD, CT_NEWVAL, CT_TLOAD, CT_TAREALOAD, CT_LOAD_ALL_PQ, ...
    CT_LOAD_FIX_PQ, CT_LOAD_DIS_PQ, CT_LOAD_ALL_P, CT_LOAD_FIX_P, ...
    CT_LOAD_DIS_P, CT_TGENCOST, CT_TAREAGENCOST, CT_MODCOST_F, ...
    CT_MODCOST_X] = idx_ct;

solarprofile = struct( ...
    'type', 'mpcData', ...
    'table', CT_TGEN, ...
    'rows', [1:12], ...
    'col', PMAX, ...
    'chgtype', 1, ...
    'values', [] );
solarprofile.values(:,1,:) = [
	0.0 0.0 0.0 0.0 0.0 0.0 0.0 0.0 0.0 0.0 0.0 0.0;
	0.0 0.0 0.0 0.0 0.0 0.0 0.0 0.0 0.0 0.0 0.0 0.0;
	0.0 0.0 0.0 0.0 0.0 0.0 0.0 0.0 0.0 0.0 0.0 0.0;
	0.0 0.0 0.0 0.0 0.0 0.0 0.0 0.0 0.0 0.0 0.0 0.0;
	0.0 0.0 0.0 0.0 0.0 0.0 0.0 0.0 0.0 0.0 0.0 0.0;
	0.4731 0.4018 0.4224 0.0 0.0 0.0 0.0 0.2 0.0 0.0 0.0 0.0;
	8.6515 7.0574 4.1918 0.8121 3.678 442.2101 55.2763 67.5678 248.2823 19.5135 6.1633 35.3391;
	19.4745 16.1569 13.438 3.2665 5.5387 465.4187 58.1773 76.5793 293.901 35.3912 24.0414 64.0937;
	22.497 16.6412 14.0434 7.4618 7.4679 463.9787 57.9973 77.9157 294.7581 62.3162 62.4016 112.8549;
	12.5385 15.1214 12.9153 5.5754 6.5624 437.8726 54.7341 72.5802 273.2877 162.0736 57.2491 293.5162;
	13.6134 16.1365 10.3075 4.5165 4.9834 429.7863 53.7233 74.8855 259.1917 172.4525 47.5249 312.3125;
	18.2872 16.3954 9.9967 2.2787 3.5475 384.9798 48.1225 73.4886 222.0755 146.3569 26.8134 265.0532;
	8.6571 10.5808 4.6845 2.0309 6.2367 167.6712 20.9589 34.8372 81.115 165.2126 14.3508 299.2011;
	7.6296 7.3186 3.6735 2.264 7.3297 142.07 17.7588 24.6232 73.783 202.4392 19.775 366.6187;
	6.4251 4.6629 2.9432 2.535 7.8425 132.1658 16.5207 22.161 82.6303 239.9631 24.7563 434.5747;
	3.0638 1.5526 1.3515 1.2356 2.6034 95.2267 11.9033 28.8529 82.9689 94.0719 9.7258 170.3648;
	0.8256 0.7654 0.6312 0.3165 0.1602 4.6706 0.5838 6.2366 15.7063 7.5831 4.461 13.7331;
	0.0 0.0 0.0 0.0 0.0 0.0 0.0 0.0 0.0 0.0 0.0 0.0;
	0.0 0.0 0.0 0.0 0.0 0.0 0.0 0.0 0.0 0.0 0.0 0.0;
	0.0 0.0 0.0 0.0 0.0 0.0 0.0 0.0 0.0 0.0 0.0 0.0;
	0.0 0.0 0.0 0.0 0.0 0.0 0.0 0.0 0.0 0.0 0.0 0.0;
	0.0 0.0 0.0 0.0 0.0 0.0 0.0 0.0 0.0 0.0 0.0 0.0;
	0.0 0.0 0.0 0.0 0.0 0.0 0.0 0.0 0.0 0.0 0.0 0.0;
	0.0 0.0 0.0 0.0 0.0 0.0 0.0 0.0 0.0 0.0 0.0 0.0;
];
