function loadprofile = ex_load_profilesh1
%EX_LOAD_PROFILE  Example load profile data file for stochastic unit commitment.
% 2022.03.12
% Andres F. Ramirez

%% define constants
[CT_LABEL, CT_PROB, CT_TABLE, CT_TBUS, CT_TGEN, CT_TBRCH, CT_TAREABUS, ...
    CT_TAREAGEN, CT_TAREABRCH, CT_ROW, CT_COL, CT_CHGTYPE, CT_REP, ...
    CT_REL, CT_ADD, CT_NEWVAL, CT_TLOAD, CT_TAREALOAD, CT_LOAD_ALL_PQ, ...
    CT_LOAD_FIX_PQ, CT_LOAD_DIS_PQ, CT_LOAD_ALL_P, CT_LOAD_FIX_P, ...
    CT_LOAD_DIS_P, CT_TGENCOST, CT_TAREAGENCOST, CT_MODCOST_F, ...
    CT_MODCOST_X] = idx_ct;

loadprofile = struct( ...
    'type', 'mpcData', ...
    'table', CT_TAREALOAD, ...
    'rows', [1:11], ...
    'col', CT_LOAD_ALL_P, ...
    'chgtype', 1, ...
    'values', [] );
loadprofile.values(:,1,:) = [
	1477.6977 944.7258 1630.1001 573.4 800.6094 1114.5195 880.3692 265.5 482.0512 4570.5214 1760.9372;
	1492.3284 931.8684 1659.8027 585.5181 806.035 1133.1296 892.3411 266.9468 498.74 4577.4376 1754.1;
	1497.869 974.081 1674.6837 589.8 827.0809 1146.3459 899.1841 272.7774 510.8388 4555.1196 1771.4655;
	1574.8225 1046.4399 1759.6 599.8334 899.4 1214.7581 975.9 301.1395 565.7235 4867.7923 1928.7314;
	1679.7201 1137.6976 1904.7869 624.0691 1015.507 1368.3935 1070.7455 339.4 624.1841 5342.2443 2132.3;
	1774.5558 1214.1473 1983.377 640.7 1027.63 1450.9193 1152.6197 356.9034 690.0075 5877.8829 2280.6844;
	1782.5071 1229.0729 1992.089 639.0791 983.9 1424.4526 1160.6698 359.1 690.3466 6126.2739 2288.919;
	1786.7812 1245.1339 1969.4806 629.0064 998.8575 1398.4861 1135.7071 366.3312 685.8 6308.4659 2254.2835;
	1835.0916 1240.4024 1942.4694 612.5355 993.7161 1370.6473 1178.5993 367.834 695.4241 6191.1454 2197.3524;
	1826.2901 1243.5159 1907.376 619.1524 992.8024 1366.7742 1176.5645 353.2 674.0084 6141.877 2146.2711;
	1775.4272 1213.531 1871.7676 609.546 931.4955 1337.6 1176.8 338.8154 672.4258 6154.072 2142.1462;
	1777.285 1204.7712 1859.7339 582.4 926.3615 1309.5137 1158.6339 343.1 659.3014 6216.9472 2065.3327;
	1773.8 1187.8983 1856.906 596.2092 956.7396 1299.8416 1113.7016 329.9431 630.0749 6101.7985 2005.5573;
	1705.7773 1180.2404 1817.3 583.9338 961.0765 1307.5766 1095.0082 318.7399 633.2869 6128.3663 2030.6614;
	1662.0713 1165.8625 1823.7177 595.689 947.8516 1299.7801 1044.9533 328.0334 602.4785 6207.1633 2106.7727;
	1673.3054 1158.4 1813.9744 577.8898 928.5655 1343.7851 1083.5206 334.5 606.5443 6179.134 2132.4114;
	1695.1638 1136.8711 1779.9854 576.7349 968.3764 1341.8609 1081.8774 349.0334 553.8741 6087.7078 2254.3126;
	1741.8225 1186.3066 1901.1809 582.8513 1012.3 1435.5555 1147.6051 380.9009 675.0579 6201.1283 2423.8737;
	1755.1554 1209.531 1920.5835 569.8796 1006.0587 1439.6384 1144.4679 383.9801 638.4199 6025.7965 2343.7176;
	1705.795 1139.4 1855.324 576.6729 977.1257 1369.0882 1093.9008 366.7224 584.6805 5662.5818 2154.1305;
	1593.4532 1043.1553 1723.7255 564.7 875.9957 1235.5291 1021.8678 340.1033 554.451 5179.551 2069.5489;
	1518.1026 974.4549 1604.954 544.0284 850.5263 1186.789 943.9373 297.7048 510.6046 4683.2259 1825.6014;
	1427.6179 912.3443 1523.1218 554.0 803.291 1129.7524 868.5961 274.7905 471.415 4407.1922 1614.7164;
	1360.7126 858.9256 1470.3414 566.1572 779.6924 1083.552 866.5 268.6878 459.8715 4311.2207 1482.074;
];
