function solarprofile = ex_solar_profilesh1
%EX_WIND_PROFILE_D  Example wind_load_nyiso profile data for deterministic unit commitment.
% 2022.03.12
% Andres F. Ramirez


%% define constants
[GEN_BUS, PG, QG, QMAX, QMIN, VG, MBASE, GEN_STATUS, PMAX, PMIN, ...
    MU_PMAX, MU_PMIN, MU_QMAX, MU_QMIN, PC1, PC2, QC1MIN, QC1MAX, ...
    QC2MIN, QC2MAX, RAMP_AGC, RAMP_10, RAMP_30, RAMP_Q, APF] = idx_gen;
[CT_LABEL, CT_PROB, CT_TABLE, CT_TBUS, CT_TGEN, CT_TBRCH, CT_TAREABUS, ...
    CT_TAREAGEN, CT_TAREABRCH, CT_ROW, CT_COL, CT_CHGTYPE, CT_REP, ...
    CT_REL, CT_ADD, CT_NEWVAL, CT_TLOAD, CT_TAREALOAD, CT_LOAD_ALL_PQ, ...
    CT_LOAD_FIX_PQ, CT_LOAD_DIS_PQ, CT_LOAD_ALL_P, CT_LOAD_FIX_P, ...
    CT_LOAD_DIS_P, CT_TGENCOST, CT_TAREAGENCOST, CT_MODCOST_F, ...
    CT_MODCOST_X] = idx_ct;

solarprofile = struct( ...
    'type', 'mpcData', ...
    'table', CT_TGEN, ...
    'rows', [1:12], ...
    'col', PMAX, ...
    'chgtype', 1, ...
    'values', [] );
solarprofile.values(:,1,:) = [
	0.0 0.0 0.0 0.0 0.0 0.0 0.0 0.0 0.0 0.0 0.0 0.0;
	0.0 0.0 0.0 0.0 0.0 0.0 0.0 0.0 0.0 0.0 0.0 0.0;
	0.0 0.0 0.0 0.0 0.0 0.0 0.0 0.0 0.0 0.0 0.0 0.0;
	0.0 0.0 0.0 0.0 0.0 0.0 0.0 0.0 0.0 0.0 0.0 0.0;
	0.0 0.0 0.0 0.0 0.0 0.0 0.0 0.0 0.0 0.0 0.0 0.0;
	0.4887 0.4121 0.4342 0.0 0.0 0.0 0.0 0.2 0.0 0.0 0.0 0.0;
	8.7403 6.51 4.144 2.3575 1.9421 235.4487 29.4311 22.9446 94.8768 0.0 0.0 0.0;
	17.3724 13.9343 8.5311 1.9216 0.2909 436.1599 54.52 64.1124 253.0351 0.0 8.9844 0.0;
	23.0175 16.7024 13.8 1.4329 0.0 450.9859 56.3732 72.1152 267.1107 0.0 21.6389 0.0;
	26.9876 17.3136 14.0557 0.9804 0.3115 328.7916 41.0989 56.2845 150.2626 0.0 26.6857 0.0;
	25.9133 17.2101 14.0572 1.6999 1.3643 257.8677 32.2335 53.4884 159.4165 5.9015 7.189 10.6876;
	25.2469 16.7504 13.8979 3.0804 3.8839 128.8216 16.1027 43.5422 149.5265 5.6546 0.3331 10.2405;
	17.4537 15.6859 12.4541 5.678 8.0621 31.9422 3.9928 6.7867 19.2518 36.2726 3.2295 65.6899;
	18.3884 16.0198 11.6975 5.2774 7.2756 43.2544 5.4068 8.7096 16.703 77.8153 18.4712 140.924;
	15.2225 14.6929 8.7536 4.409 6.2495 54.3771 6.7971 11.5306 11.6011 96.4736 28.9172 174.7143;
	4.4408 4.3523 3.4457 1.7299 1.7824 12.8478 1.606 7.3595 4.3327 30.3129 11.0403 54.8968;
	0.3545 0.335 0.3471 0.478 0.819 3.1588 0.3949 1.4045 4.8913 5.489 3.4444 9.9406;
	0.0 0.0 0.0 0.0 0.0 0.0 0.0 0.0 0.0 0.0 0.0 0.0;
	0.0 0.0 0.0 0.0 0.0 0.0 0.0 0.0 0.0 0.0 0.0 0.0;
	0.0 0.0 0.0 0.0 0.0 0.0 0.0 0.0 0.0 0.0 0.0 0.0;
	0.0 0.0 0.0 0.0 0.0 0.0 0.0 0.0 0.0 0.0 0.0 0.0;
	0.0 0.0 0.0 0.0 0.0 0.0 0.0 0.0 0.0 0.0 0.0 0.0;
	0.0 0.0 0.0 0.0 0.0 0.0 0.0 0.0 0.0 0.0 0.0 0.0;
	0.0 0.0 0.0 0.0 0.0 0.0 0.0 0.0 0.0 0.0 0.0 0.0;
];
