function solarprofile = ex_solar_profilesh1
%EX_WIND_PROFILE_D  Example wind_load_nyiso profile data for deterministic unit commitment.
% 2022.03.12
% Andres F. Ramirez


%% define constants
[GEN_BUS, PG, QG, QMAX, QMIN, VG, MBASE, GEN_STATUS, PMAX, PMIN, ...
    MU_PMAX, MU_PMIN, MU_QMAX, MU_QMIN, PC1, PC2, QC1MIN, QC1MAX, ...
    QC2MIN, QC2MAX, RAMP_AGC, RAMP_10, RAMP_30, RAMP_Q, APF] = idx_gen;
[CT_LABEL, CT_PROB, CT_TABLE, CT_TBUS, CT_TGEN, CT_TBRCH, CT_TAREABUS, ...
    CT_TAREAGEN, CT_TAREABRCH, CT_ROW, CT_COL, CT_CHGTYPE, CT_REP, ...
    CT_REL, CT_ADD, CT_NEWVAL, CT_TLOAD, CT_TAREALOAD, CT_LOAD_ALL_PQ, ...
    CT_LOAD_FIX_PQ, CT_LOAD_DIS_PQ, CT_LOAD_ALL_P, CT_LOAD_FIX_P, ...
    CT_LOAD_DIS_P, CT_TGENCOST, CT_TAREAGENCOST, CT_MODCOST_F, ...
    CT_MODCOST_X] = idx_ct;

solarprofile = struct( ...
    'type', 'mpcData', ...
    'table', CT_TGEN, ...
    'rows', [1:12], ...
    'col', PMAX, ...
    'chgtype', 1, ...
    'values', [] );
solarprofile.values(:,1,:) = [
	0.0 0.0 0.0 0.0 0.0 0.0 0.0 0.0 0.0 0.0 0.0 0.0;
	0.0 0.0 0.0 0.0 0.0 0.0 0.0 0.0 0.0 0.0 0.0 0.0;
	0.0 0.0 0.0 0.0 0.0 0.0 0.0 0.0 0.0 0.0 0.0 0.0;
	0.0 0.0 0.0 0.0 0.0 0.0 0.0 0.0 0.0 0.0 0.0 0.0;
	0.0 0.0 0.0 0.0 0.0 0.0 0.0 0.0 0.0 0.0 0.0 0.0;
	0.4889 0.4018 0.4233 0.0 0.0 0.7725 0.0966 0.2 0.0 0.0 0.0 0.0;
	8.7486 7.0164 5.8764 0.8713 6.2179 427.5956 53.4495 36.0347 229.8212 10.8585 8.3472 19.6649;
	9.4398 12.6323 7.5831 1.8595 5.1744 459.0562 57.382 56.7535 275.3835 17.0509 7.855 30.8793;
	13.6867 16.5281 12.4565 3.9278 3.6839 453.4412 56.6801 63.5166 275.7432 34.7741 4.4902 62.9761;
	24.2949 16.1925 13.656 3.9485 1.1392 322.4387 40.3048 57.0157 210.3999 86.1313 0.0 155.9843;
	26.1553 16.8347 14.1533 5.7987 2.7017 346.0622 43.2578 62.9995 242.2005 93.6479 1.1658 169.5968;
	26.5157 17.1922 14.2282 6.6201 3.8992 375.6849 46.9606 64.1996 264.9488 81.6552 3.9854 147.8781;
	23.5131 16.4019 13.1411 6.5654 3.8195 305.3978 38.1747 37.7071 243.0349 33.9234 13.1583 61.4354;
	20.213 16.7367 11.7299 5.5235 2.7511 206.4479 25.806 31.5984 206.657 40.4146 14.5239 73.1911;
	14.5967 14.9855 9.5295 4.296 2.4472 120.2533 15.0317 28.6814 141.2704 53.3231 16.9903 96.5684;
	8.1071 11.152 9.4258 1.6013 0.5921 11.0165 1.3771 16.4006 22.8871 62.828 9.6683 113.7818;
	0.7855 1.0472 0.7888 0.4453 0.2314 3.8283 0.4785 1.3659 3.1636 16.6379 12.079 30.1314;
	0.0 0.0 0.0 0.0 0.0 0.0 0.0 0.0 0.0 0.0 0.0 0.0;
	0.0 0.0 0.0 0.0 0.0 0.0 0.0 0.0 0.0 0.0 0.0 0.0;
	0.0 0.0 0.0 0.0 0.0 0.0 0.0 0.0 0.0 0.0 0.0 0.0;
	0.0 0.0 0.0 0.0 0.0 0.0 0.0 0.0 0.0 0.0 0.0 0.0;
	0.0 0.0 0.0 0.0 0.0 0.0 0.0 0.0 0.0 0.0 0.0 0.0;
	0.0 0.0 0.0 0.0 0.0 0.0 0.0 0.0 0.0 0.0 0.0 0.0;
	0.0 0.0 0.0 0.0 0.0 0.0 0.0 0.0 0.0 0.0 0.0 0.0;
];
