function solarprofile = ex_solar_profilesh1
%EX_WIND_PROFILE_D  Example wind_load_nyiso profile data for deterministic unit commitment.
% 2022.03.12
% Andres F. Ramirez


%% define constants
[GEN_BUS, PG, QG, QMAX, QMIN, VG, MBASE, GEN_STATUS, PMAX, PMIN, ...
    MU_PMAX, MU_PMIN, MU_QMAX, MU_QMIN, PC1, PC2, QC1MIN, QC1MAX, ...
    QC2MIN, QC2MAX, RAMP_AGC, RAMP_10, RAMP_30, RAMP_Q, APF] = idx_gen;
[CT_LABEL, CT_PROB, CT_TABLE, CT_TBUS, CT_TGEN, CT_TBRCH, CT_TAREABUS, ...
    CT_TAREAGEN, CT_TAREABRCH, CT_ROW, CT_COL, CT_CHGTYPE, CT_REP, ...
    CT_REL, CT_ADD, CT_NEWVAL, CT_TLOAD, CT_TAREALOAD, CT_LOAD_ALL_PQ, ...
    CT_LOAD_FIX_PQ, CT_LOAD_DIS_PQ, CT_LOAD_ALL_P, CT_LOAD_FIX_P, ...
    CT_LOAD_DIS_P, CT_TGENCOST, CT_TAREAGENCOST, CT_MODCOST_F, ...
    CT_MODCOST_X] = idx_ct;

solarprofile = struct( ...
    'type', 'mpcData', ...
    'table', CT_TGEN, ...
    'rows', [1:12], ...
    'col', PMAX, ...
    'chgtype', 1, ...
    'values', [] );
solarprofile.values(:,1,:) = [
	0.0 0.0 0.0 0.0 0.0 0.0 0.0 0.0 0.0 0.0 0.0 0.0;
	0.0 0.0 0.0 0.0 0.0 0.0 0.0 0.0 0.0 0.0 0.0 0.0;
	0.0 0.0 0.0 0.0 0.0 0.0 0.0 0.0 0.0 0.0 0.0 0.0;
	0.0 0.0 0.0 0.0 0.0 0.0 0.0 0.0 0.0 0.0 0.0 0.0;
	0.0 0.0 0.0 0.0 0.0 0.0 0.0 0.0 0.0 0.0 0.0 0.0;
	0.4731 0.4018 0.4224 0.0 0.0 0.0 0.0 0.2 0.0 0.0 0.0 0.0;
	9.1206 6.8077 5.985 5.8377 5.9041 81.3849 10.1731 37.439 74.3653 62.2366 9.2219 112.7108;
	7.1265 7.0213 9.32 10.069 10.6625 301.7121 37.714 68.0285 217.0928 49.9755 0.1069 90.506;
	5.9009 8.1029 12.4646 11.0154 11.9534 319.5599 39.945 71.5876 239.7961 55.6105 0.0 100.711;
	13.6611 9.9264 13.3129 8.0331 9.8091 144.3941 18.0493 54.6308 153.3714 29.7597 0.0 53.8951;
	24.3405 16.1177 13.7627 7.6596 8.9115 220.5177 27.5647 56.8559 178.3905 34.9517 0.0 63.2978;
	25.0771 16.3954 13.769 7.5587 9.0115 308.3895 38.5487 57.8453 200.81 44.9481 0.0 81.4012;
	13.865 11.9217 11.3618 8.0147 11.3541 267.1441 33.393 32.838 216.3419 84.4082 0.0 152.8637;
	9.2443 9.3109 9.1388 5.9994 12.0732 282.2938 35.2867 27.9862 214.9344 76.5054 5.5007 138.5518;
	5.5249 5.5866 5.9335 3.7537 11.3253 240.2159 30.027 22.4573 207.0373 61.2621 10.8445 110.9461;
	1.7283 0.7528 1.6675 0.9878 4.4507 129.9878 16.2485 6.8908 122.3103 17.9133 4.9377 32.4411;
	0.3545 0.3047 0.2973 0.3551 1.1777 29.803 3.7254 1.3441 18.8606 8.1699 2.579 14.7958;
	0.0 0.0 0.0 0.0 0.0 0.0 0.0 0.0 0.0 0.0 0.0 0.0;
	0.0 0.0 0.0 0.0 0.0 0.0 0.0 0.0 0.0 0.0 0.0 0.0;
	0.0 0.0 0.0 0.0 0.0 0.0 0.0 0.0 0.0 0.0 0.0 0.0;
	0.0 0.0 0.0 0.0 0.0 0.0 0.0 0.0 0.0 0.0 0.0 0.0;
	0.0 0.0 0.0 0.0 0.0 0.0 0.0 0.0 0.0 0.0 0.0 0.0;
	0.0 0.0 0.0 0.0 0.0 0.0 0.0 0.0 0.0 0.0 0.0 0.0;
	0.0 0.0 0.0 0.0 0.0 0.0 0.0 0.0 0.0 0.0 0.0 0.0;
];
