function windprofile = ex_wind_profilesh1
%EX_WIND_PROFILE_D  Example wind_load_nyiso profile data for deterministic unit commitment.
% 2022.03.12
% Andres F. Ramirez


%% define constants
[GEN_BUS, PG, QG, QMAX, QMIN, VG, MBASE, GEN_STATUS, PMAX, PMIN, ...
    MU_PMAX, MU_PMIN, MU_QMAX, MU_QMIN, PC1, PC2, QC1MIN, QC1MAX, ...
    QC2MIN, QC2MAX, RAMP_AGC, RAMP_10, RAMP_30, RAMP_Q, APF] = idx_gen;
[CT_LABEL, CT_PROB, CT_TABLE, CT_TBUS, CT_TGEN, CT_TBRCH, CT_TAREABUS, ...
    CT_TAREAGEN, CT_TAREABRCH, CT_ROW, CT_COL, CT_CHGTYPE, CT_REP, ...
    CT_REL, CT_ADD, CT_NEWVAL, CT_TLOAD, CT_TAREALOAD, CT_LOAD_ALL_PQ, ...
    CT_LOAD_FIX_PQ, CT_LOAD_DIS_PQ, CT_LOAD_ALL_P, CT_LOAD_FIX_P, ...
    CT_LOAD_DIS_P, CT_TGENCOST, CT_TAREAGENCOST, CT_MODCOST_F, ...
    CT_MODCOST_X] = idx_ct;

windprofile = struct( ...
    'type', 'mpcData', ...
    'table', CT_TGEN, ...
    'rows', [1:45], ...
    'col', PMAX, ...
    'chgtype', 1, ...
    'values', [] );
windprofile.values(:,1,:) = [
	0.6772 9.1509 55.9805 61.3983 7.4684 0.7365 4.4307 7.4353 1.7073 17.9596 33.198 49.5249 74.5595 0.9154 149.5989 56.3605 69.9288 74.1036 79.9065 67.4542 1.4769 1.7185 68.8637 70.3526 48.2683 34.2895 4.0316 165.0362 308.977 308.977 217.5846 42.0728 266.355 173.6272 2.8699 131.8302 383.5572 83.153 43.869 129.29 60.7276 8.1704 1.3573 62.7399 387.5525;
	0.5134 6.9376 55.2407 62.1352 7.0162 7.9172 5.6851 9.4132 4.0074 12.1726 22.501 33.567 50.5349 14.468 132.8997 50.0692 62.1229 65.8317 74.0308 69.0861 1.895 18.4734 38.1724 73.7733 50.5411 39.4073 5.6257 71.5853 221.2101 221.2101 162.2823 28.164 246.7692 177.8278 45.3592 94.383 309.7045 88.0646 68.097 135.378 72.929 87.8278 20.6101 89.072 312.9306;
	0.2582 3.4892 57.3282 61.6639 5.7496 2.8096 1.7792 10.2119 0.0 9.1708 16.952 25.2891 38.0726 9.0731 94.3098 35.5307 44.0843 46.7162 62.7367 65.7216 0.5931 6.5557 26.4503 75.7802 48.5327 36.8753 5.6044 12.0979 0.7081 0.7081 12.9696 15.9658 209.1222 169.1675 28.4453 0.3021 158.7708 4.1733 27.3514 129.9983 70.7367 31.1678 0.1731 96.6851 160.4246;
	0.367 4.9591 64.1786 64.2835 7.7658 3.3899 0.9781 12.8483 0.0 13.9195 25.7301 38.3842 57.7872 0.1036 101.0177 38.0578 47.2199 50.039 45.2035 66.0896 0.326 7.9099 47.5121 79.9162 57.0029 56.8661 7.0949 0.0 0.0 0.0 7.89 16.3787 150.6785 170.1147 0.3247 0.0 0.0 3.9938 0.0 152.6865 71.5523 37.6057 0.5948 134.2479 0.0;
	0.4531 6.1224 78.148 66.7968 9.0972 1.6616 3.6459 13.2276 0.0 12.7828 23.6289 35.2496 53.0681 3.7943 123.4639 46.5143 57.7122 61.1577 46.7821 59.242 1.2153 3.8771 42.0308 79.8207 70.523 60.9453 7.8907 2.5041 0.0529 0.0529 35.7889 9.4026 155.9403 152.489 11.8956 0.0226 0.0 3.139 2.8748 188.9008 73.365 18.4328 0.5848 139.391 0.0;
	0.3842 5.1907 72.2012 52.1532 8.5847 3.8494 3.5023 11.1074 0.0 8.266 15.2796 22.7941 34.3164 1.3655 152.9269 57.6143 71.4845 75.7522 80.6717 66.9635 1.1674 8.982 30.8714 71.3469 47.7935 59.6288 6.8129 14.9077 2.3198 2.3198 57.6634 10.2571 268.9056 172.3643 4.281 0.9898 4.7235 1.4408 2.4966 128.0182 55.8708 42.703 18.6659 109.7105 4.7727;
	0.35 4.729 53.5519 34.7788 6.6203 2.6023 3.8866 4.6437 1.0005 5.4217 10.0219 14.9507 22.5082 0.1622 121.9312 45.9369 56.9957 60.3985 60.7474 63.3992 1.2955 6.072 0.3719 49.1233 31.3018 53.9167 3.139 27.3611 0.515 0.515 30.0293 3.3686 202.4914 163.1897 0.5086 0.2197 2.3029 8.1027 0.0 83.8442 26.4239 28.868 25.8397 113.2265 2.3269;
	0.4636 6.2638 26.7125 18.7379 1.4277 2.5936 4.8403 1.7711 1.1332 3.041 5.6212 8.3858 12.6248 0.0 60.3531 22.7377 28.2115 29.8958 17.9208 43.6962 1.6134 6.0518 6.0694 4.3166 25.2702 49.5914 3.3601 12.9514 0.708 0.708 11.2954 0.1412 59.7359 112.4741 0.0 0.3021 6.0353 2.8781 0.0 67.688 10.1641 28.772 0.4399 19.0568 6.0982;
	0.4874 6.5861 24.3799 19.7665 3.1222 0.2934 0.7733 2.4922 0.0 0.0 0.0 0.0 0.0 0.1042 14.1057 5.3142 6.5936 6.9872 0.0295 16.6225 0.2578 0.6846 0.8094 32.1679 22.9051 37.803 1.5579 3.8526 6.3658 6.3658 21.0263 1.5991 0.0983 42.7863 0.3265 2.7161 6.6922 5.3831 0.0 61.3529 4.0332 3.2549 0.0648 57.6925 6.7619;
	0.5551 7.5007 26.8082 16.0679 6.9003 1.2249 0.0872 2.4624 0.0 0.0 0.0 0.0 0.0 0.0703 9.0767 3.4196 4.2428 4.4961 29.8691 13.5436 0.0291 2.858 9.9667 32.7827 25.8952 36.1099 2.1145 30.1384 31.4549 31.4549 7.1865 0.8209 99.5636 34.8612 0.2203 13.4208 6.6372 0.5689 0.095 69.3621 5.0104 13.5877 47.583 78.9999 6.7063;
	0.9171 12.3925 42.0388 2.8529 10.7652 7.4687 4.4139 3.0357 0.0257 0.0107 0.0198 0.0296 0.0445 1.6752 0.0 0.0 0.0 0.0 2.96 6.4574 1.4713 17.427 28.4796 41.9331 44.1298 39.0808 0.9999 70.2758 74.1932 74.1932 5.9477 1.6972 9.8668 16.6214 5.2518 31.6558 66.1842 2.6649 3.327 118.2049 8.9265 82.8531 15.76 94.369 66.8736;
	1.6363 22.1097 61.1823 4.1191 13.1565 5.0228 2.7163 0.0531 0.0272 0.0 0.0 0.0 0.0 0.3631 0.7145 0.2692 0.334 0.3539 19.3181 7.1505 0.9054 11.7199 45.2038 54.8611 1.5257 35.198 0.0549 162.6207 117.4576 117.4576 66.5043 4.8163 64.3936 18.4054 1.1382 50.1152 140.5854 15.9112 5.3857 4.0867 19.7426 55.7197 48.0701 124.5721 142.0498;
	2.3089 31.1984 81.077 15.9045 13.9025 4.651 2.4827 0.3419 0.3726 17.8353 32.9682 49.1821 74.0434 0.0 14.5469 5.4805 6.7998 7.2058 14.9652 8.8286 0.8276 10.8524 30.7706 67.9857 65.288 43.592 0.486 242.049 169.6977 169.6977 38.0936 14.1561 49.884 22.7249 0.0 72.4043 191.898 16.352 0.0 174.8786 8.7285 51.5955 117.4846 166.0404 193.8969;
	1.6073 21.7181 0.0047 0.0 12.2275 18.7169 0.8916 0.0585 3.3769 0.0058 0.0107 0.016 0.0241 9.436 11.9851 4.5153 5.6023 5.9368 60.2972 6.7236 0.2972 43.6729 40.4614 0.7022 0.0208 26.7081 1.7441 219.7239 216.3417 216.3417 18.5421 5.8199 200.9906 17.3066 29.5833 92.3058 211.2072 9.1902 0.0 0.0558 4.7063 207.6332 83.6295 121.0761 213.4073;
	1.9786 26.7356 0.0 0.0 7.691 0.0708 5.1426 0.0 7.5748 0.0 0.0 0.0 0.0 1.1837 14.2491 5.3683 6.6606 7.0583 41.0401 0.8639 1.7142 0.1651 13.9017 0.0019 0.0 0.1925 0.0309 282.8915 265.2725 265.2725 97.8813 9.2561 136.8002 2.2236 3.7112 113.1829 267.606 17.5755 1.1182 0.0 0.0051 0.785 84.0887 73.5998 270.3936;
	2.9434 39.7716 78.7421 0.1219 12.556 0.213 11.714 0.0008 7.3113 0.0677 0.1251 0.1866 0.2809 1.0731 11.3313 4.269 5.2967 5.6129 56.651 0.8723 3.9047 0.497 42.2678 0.0286 0.0029 0.0 0.0055 394.5089 287.981 287.981 164.7539 10.449 188.8368 2.2454 3.3643 122.8719 342.6552 40.746 35.6417 0.0077 0.0 2.3628 12.8075 160.9441 346.2245;
	3.3547 45.3291 0.0493 0.1165 14.0074 1.6005 9.3561 0.0002 1.7125 3.2025 5.9198 8.8311 13.2952 3.803 5.3124 2.0014 2.4832 2.6315 37.6954 0.2838 3.1187 3.7346 2.9385 0.2883 0.0 0.0 0.0572 377.8768 371.0474 371.0474 185.3212 24.3473 125.6513 0.7306 11.923 158.3136 463.2481 73.2867 22.9213 0.0 0.0719 17.7552 147.8257 209.5221 468.0736;
	2.6008 35.1425 0.2053 0.012 13.3149 18.2273 9.2748 0.0016 0.5205 1.9547 3.6132 5.3902 8.1149 1.1874 36.6342 13.8017 17.1243 18.1467 38.5403 2.7343 3.0916 42.5304 16.4704 0.0716 0.0 0.0 0.1132 529.0206 460.3218 460.3218 313.3084 34.0459 128.4678 7.038 3.7228 196.404 547.3502 95.6784 5.9467 0.0 2.9691 202.2017 114.7973 208.6108 553.0518;
	2.9299 39.5893 79.2117 0.4519 13.9899 23.5551 3.1253 0.0852 0.0 8.2728 15.2922 22.8129 34.3447 6.2615 95.64 36.0318 44.7062 47.3752 31.4266 41.6185 1.0418 54.9618 30.6244 1.0605 0.0 58.6588 0.0719 704.2228 404.5151 404.5151 326.4747 43.7541 104.7552 107.126 19.6308 172.5931 564.9738 73.6886 8.8846 0.0 2.8017 261.3042 111.0761 206.8854 570.859;
	2.6047 35.1949 0.0 0.0 13.6726 0.0 17.6861 0.0015 23.7892 18.6034 34.3881 51.3002 77.2322 3.1577 35.0689 13.212 16.3927 17.3713 0.2274 19.67 5.8954 0.0 54.2368 0.0 0.0 50.984 0.0366 632.04 375.966 375.966 263.3269 42.5651 0.7579 50.6306 9.9 160.4122 462.8256 66.5509 0.0 0.0 2.8148 0.0 98.3672 170.2374 467.6467;
	2.3795 32.1524 77.1455 0.0502 13.4216 0.0275 0.9206 0.0714 24.5506 18.5189 34.2319 51.0672 76.8814 3.5985 27.1737 10.2375 12.7021 13.4605 0.2562 30.0186 0.3069 0.0641 68.2466 76.6599 0.0 56.6747 0.3299 594.0768 376.2536 376.2536 225.7498 59.1603 0.854 77.2678 11.2818 160.5349 513.051 71.2888 0.0 0.0 14.0568 0.3046 96.6667 155.3954 518.3953;
