function loadprofile = ex_load_profilesh1
%EX_LOAD_PROFILE  Example load profile data file for stochastic unit commitment.
% 2022.03.12
% Andres F. Ramirez

%% define constants
[CT_LABEL, CT_PROB, CT_TABLE, CT_TBUS, CT_TGEN, CT_TBRCH, CT_TAREABUS, ...
    CT_TAREAGEN, CT_TAREABRCH, CT_ROW, CT_COL, CT_CHGTYPE, CT_REP, ...
    CT_REL, CT_ADD, CT_NEWVAL, CT_TLOAD, CT_TAREALOAD, CT_LOAD_ALL_PQ, ...
    CT_LOAD_FIX_PQ, CT_LOAD_DIS_PQ, CT_LOAD_ALL_P, CT_LOAD_FIX_P, ...
    CT_LOAD_DIS_P, CT_TGENCOST, CT_TAREAGENCOST, CT_MODCOST_F, ...
    CT_MODCOST_X] = idx_ct;

loadprofile = struct( ...
    'type', 'mpcData', ...
    'table', CT_TAREALOAD, ...
    'rows', [1:11], ...
    'col', CT_LOAD_ALL_P, ...
    'chgtype', 1, ...
    'values', [] );
loadprofile.values(:,1,:) = [
	1554.9421 958.2509 1645.2703 617.2985 905.1067 1202.7239 978.1685 321.0131 564.4 4595.9418 1815.686;
	1558.1566 952.7 1640.034 609.7258 905.9625 1209.1 958.1085 300.8897 560.054 4544.3 1791.3;
	1595.5917 995.4281 1712.9882 620.2 917.1842 1234.2 976.42 304.9745 564.2252 4515.4508 1835.2346;
	1649.7346 1041.6 1767.8 628.282 946.2881 1327.9426 1012.55 310.7 591.4197 4710.4267 1940.7735;
	1763.9797 1149.9667 1943.3601 643.4 1056.485 1480.4825 1103.1548 365.0489 677.3384 5217.6804 2169.3;
	1864.6 1218.0234 2035.454 648.4701 1113.0539 1555.8 1149.701 376.4 729.2656 5750.2536 2272.8337;
	1874.2618 1218.1528 2011.8784 636.091 1096.1 1506.0511 1173.7548 384.4 729.401 6202.905 2263.9017;
	1924.3781 1237.3523 2006.9753 618.629 1099.966 1485.0837 1107.4482 362.1406 727.6 6188.2222 2125.6363;
	1874.8518 1223.9457 1998.9107 622.5485 1089.3936 1469.7263 1056.5027 347.3681 730.8496 6292.2498 2020.16;
	1891.7004 1229.8531 2002.2303 616.6 1058.5745 1468.8048 1053.3084 351.7 723.6888 6070.1047 1993.4041;
	1832.1289 1226.9211 2011.5109 608.2545 1058.308 1456.3862 1076.4543 362.0973 721.6 6303.8017 2037.2875;
	1867.0819 1229.325 2004.261 593.8 1043.6 1435.2863 1095.1075 352.1002 752.5531 6291.7431 2048.384;
	1896.2626 1222.8731 1987.1763 565.0622 1021.3177 1399.0746 1082.0508 336.0674 743.7921 6159.3053 1979.1139;
	1815.4248 1195.0006 1942.5453 563.0 1012.9512 1354.4488 1043.5718 340.2542 760.2028 6237.641 2077.0308;
	1796.1401 1206.3933 1975.1068 574.9368 1047.7803 1427.3 1042.584 356.3387 757.9283 6277.1139 2132.1231;
	1799.5373 1198.3277 1957.7049 586.8838 1056.4918 1418.2469 1052.3487 363.1713 705.3401 6060.6969 2122.9259;
	1799.906 1212.4735 2046.6297 595.1463 1061.4515 1487.6239 1098.7342 396.543 744.5274 6173.2807 2316.953;
	1817.5271 1261.8163 2181.5223 610.4152 1120.8674 1543.9906 1157.4074 431.6937 776.3585 6274.221 2458.3987;
	1836.7643 1249.8163 2093.6594 596.9142 1093.0335 1504.28 1149.6451 412.3019 753.9312 6131.6552 2428.7;
	1799.7608 1195.6407 2016.2017 599.0 1029.9771 1420.139 1121.7 384.0181 727.8558 5912.7798 2339.5637;
	1735.6232 1109.2 1874.4536 575.1 956.0694 1311.9794 1040.4381 332.0386 658.4504 5568.7935 2119.5889;
	1683.8963 1039.6437 1778.8508 584.6827 912.4031 1245.2 975.4931 299.8616 608.6473 5106.5265 1943.5286;
	1605.2694 973.9533 1671.4481 574.7 859.11 1164.7398 904.9595 263.9868 550.7455 4716.8873 1806.4768;
	1565.1667 945.1416 1663.4 573.1 816.8026 1141.5201 869.1287 254.3139 552.5 4596.1362 1718.7778;
];
