function loadprofile = ex_load_profilesh1
%EX_LOAD_PROFILE  Example load profile data file for stochastic unit commitment.
% 2022.03.12
% Andres F. Ramirez

%% define constants
[CT_LABEL, CT_PROB, CT_TABLE, CT_TBUS, CT_TGEN, CT_TBRCH, CT_TAREABUS, ...
    CT_TAREAGEN, CT_TAREABRCH, CT_ROW, CT_COL, CT_CHGTYPE, CT_REP, ...
    CT_REL, CT_ADD, CT_NEWVAL, CT_TLOAD, CT_TAREALOAD, CT_LOAD_ALL_PQ, ...
    CT_LOAD_FIX_PQ, CT_LOAD_DIS_PQ, CT_LOAD_ALL_P, CT_LOAD_FIX_P, ...
    CT_LOAD_DIS_P, CT_TGENCOST, CT_TAREAGENCOST, CT_MODCOST_F, ...
    CT_MODCOST_X] = idx_ct;

loadprofile = struct( ...
    'type', 'mpcData', ...
    'table', CT_TAREALOAD, ...
    'rows', [1:11], ...
    'col', CT_LOAD_ALL_P, ...
    'chgtype', 1, ...
    'values', [] );
loadprofile.values(:,1,:) = [
	1595.4355 964.7002 1619.1881 592.5 862.7964 1158.8 897.9059 254.5479 558.7093 4434.0693 1765.0;
	1575.3 962.4686 1623.2419 594.0537 866.7298 1164.7143 906.2 250.4068 562.9337 4378.4651 1747.6358;
	1610.3 994.2 1669.2878 603.0 863.7395 1190.7991 908.3 259.4 566.8793 4239.216 1770.3536;
	1672.2875 1070.1 1800.1735 620.2 942.1163 1272.558 977.5973 272.9171 601.5648 4538.6751 1902.3;
	1794.5484 1176.0841 1984.9324 641.59 1066.055 1434.6054 1100.8931 328.1851 669.7524 5057.4638 2120.5;
	1933.9792 1267.0039 2097.2256 635.89 1124.6857 1567.0793 1188.5456 363.4973 765.6137 5946.1774 2343.9281;
	1940.9795 1260.4634 2102.2356 619.4 1116.1843 1532.369 1180.9851 361.2 756.4997 6198.5798 2314.1;
	1950.1213 1264.0948 2137.4654 591.8397 1126.1018 1578.3893 1188.0755 358.7423 762.8714 6328.8663 2307.9439;
	1917.2711 1272.925 2099.9921 587.5393 1079.0209 1530.6071 1164.6514 354.6 786.6981 6385.6257 2264.4374;
	1919.9 1277.9648 2075.5832 591.6437 1075.5626 1525.8599 1187.149 354.4 778.0227 6358.8634 2300.5428;
	1896.515 1241.1138 1996.4841 588.791 976.9682 1451.4517 1123.6846 349.6789 751.0977 6251.493 2228.8327;
	1914.2407 1237.0672 1992.4381 595.5255 964.1508 1415.6864 1129.1 340.5 760.0247 6111.9056 2229.7621;
	1859.8574 1238.4645 1950.4231 592.1783 931.3226 1380.0358 1082.299 343.5377 714.3574 5940.1633 2206.4509;
	1881.6518 1252.6406 1977.8737 578.6851 916.8085 1386.8 1066.5191 338.1388 734.6828 6110.7435 2148.215;
	1861.6781 1238.7599 1919.2295 571.4 942.5464 1364.9826 1059.0351 337.7424 716.5 5925.5925 2164.323;
	1888.1548 1250.0023 1965.7154 567.1547 968.1874 1453.3 1181.2141 376.5764 805.48 6177.7424 2409.6505;
	1911.4491 1246.2499 1986.8697 559.6334 975.7985 1487.37 1159.1965 388.2584 792.4566 6074.7403 2472.1;
	1902.0395 1260.4903 1994.0 578.3338 987.9126 1544.8178 1183.7 416.5554 820.6957 5981.0631 2560.297;
	1908.8754 1267.6723 1987.3288 581.8575 980.4 1488.6016 1166.0366 393.9571 765.4736 5824.5859 2485.4552;
	1822.1 1189.7847 1902.7888 566.5728 944.8603 1427.5242 1110.3565 365.6501 717.438 5669.5588 2389.7392;
	1779.7331 1119.4328 1806.7551 580.2215 895.4908 1368.5173 1059.7545 349.0566 664.1397 5300.8474 2223.6;
	1676.3811 1049.405 1711.3287 561.0 839.7635 1261.1943 982.5393 303.1 596.4439 4939.4961 1968.4668;
	1588.6293 975.3369 1600.8119 534.7686 816.9364 1160.8724 899.5206 277.3066 562.0001 4748.8981 1832.955;
	1547.7 953.3679 1553.4939 543.5397 774.4009 1093.8 844.6 255.3 539.2413 4419.0635 1746.4041;
];
