function solarprofile = ex_solar_profilesh1
%EX_WIND_PROFILE_D  Example wind_load_nyiso profile data for deterministic unit commitment.
% 2022.03.12
% Andres F. Ramirez


%% define constants
[GEN_BUS, PG, QG, QMAX, QMIN, VG, MBASE, GEN_STATUS, PMAX, PMIN, ...
    MU_PMAX, MU_PMIN, MU_QMAX, MU_QMIN, PC1, PC2, QC1MIN, QC1MAX, ...
    QC2MIN, QC2MAX, RAMP_AGC, RAMP_10, RAMP_30, RAMP_Q, APF] = idx_gen;
[CT_LABEL, CT_PROB, CT_TABLE, CT_TBUS, CT_TGEN, CT_TBRCH, CT_TAREABUS, ...
    CT_TAREAGEN, CT_TAREABRCH, CT_ROW, CT_COL, CT_CHGTYPE, CT_REP, ...
    CT_REL, CT_ADD, CT_NEWVAL, CT_TLOAD, CT_TAREALOAD, CT_LOAD_ALL_PQ, ...
    CT_LOAD_FIX_PQ, CT_LOAD_DIS_PQ, CT_LOAD_ALL_P, CT_LOAD_FIX_P, ...
    CT_LOAD_DIS_P, CT_TGENCOST, CT_TAREAGENCOST, CT_MODCOST_F, ...
    CT_MODCOST_X] = idx_ct;

solarprofile = struct( ...
    'type', 'mpcData', ...
    'table', CT_TGEN, ...
    'rows', [1:12], ...
    'col', PMAX, ...
    'chgtype', 1, ...
    'values', [] );
solarprofile.values(:,1,:) = [
	0.0 0.0 0.0 0.0 0.0 0.0 0.0 0.0 0.0 0.0 0.0 0.0;
	0.0 0.0 0.0 0.0 0.0 0.0 0.0 0.0 0.0 0.0 0.0 0.0;
	0.0 0.0 0.0 0.0 0.0 0.0 0.0 0.0 0.0 0.0 0.0 0.0;
	0.0 0.0 0.0 0.0 0.0 0.0 0.0 0.0 0.0 0.0 0.0 0.0;
	0.0 0.0 0.0 0.0 0.0 0.0 0.0 0.0 0.0 0.0 0.0 0.0;
	0.4731 0.4018 0.4224 0.0 0.0 0.0 0.0 0.2 0.0 0.0 0.0 0.0;
	7.9249 5.0629 1.4799 2.6578 7.0133 203.8445 25.4806 46.2798 155.2829 39.8891 16.5266 72.2394;
	16.6061 12.2479 10.4854 5.2574 6.28 317.7125 39.7141 71.6 224.6021 43.3826 21.6021 78.5662;
	20.8719 16.5252 13.8 7.7612 6.3959 318.5347 39.8168 74.1141 234.1009 47.1651 34.1709 85.4162;
	20.0627 14.7471 13.0508 5.6499 5.8288 146.2715 18.2839 59.7154 131.8607 29.2628 47.8194 52.9951;
	21.7492 15.6118 12.7967 6.2817 5.7908 131.665 16.4581 59.8247 153.4606 31.2677 54.4204 56.626;
	24.3239 16.292 13.2994 6.4318 5.1388 111.8514 13.9814 59.2728 121.0274 45.2027 56.713 81.8624;
	13.2309 10.4251 8.0044 5.5371 5.8761 51.6252 6.4531 32.5983 3.3705 95.5006 58.6356 172.9521;
	9.9095 7.436 5.2634 4.8956 6.5097 68.8061 8.6008 28.8008 7.5705 93.8492 47.7565 169.9614;
	6.058 4.2401 2.6281 4.2442 7.4981 94.198 11.7747 24.7221 11.6358 63.4967 34.7317 114.9929;
	1.464 0.4313 0.4468 1.9326 4.1905 50.9821 6.3728 10.9074 13.6807 7.4712 5.8275 13.5304;
	0.3677 0.3103 0.3215 0.9465 0.7429 5.6254 0.7032 1.4108 4.1011 0.3217 1.7252 0.5826;
	0.0 0.0 0.0 0.0 0.0 0.0 0.0 0.0 0.0 0.0 0.0 0.0;
	0.0 0.0 0.0 0.0 0.0 0.0 0.0 0.0 0.0 0.0 0.0 0.0;
	0.0 0.0 0.0 0.0 0.0 0.0 0.0 0.0 0.0 0.0 0.0 0.0;
	0.0 0.0 0.0 0.0 0.0 0.0 0.0 0.0 0.0 0.0 0.0 0.0;
	0.0 0.0 0.0 0.0 0.0 0.0 0.0 0.0 0.0 0.0 0.0 0.0;
	0.0 0.0 0.0 0.0 0.0 0.0 0.0 0.0 0.0 0.0 0.0 0.0;
	0.0 0.0 0.0 0.0 0.0 0.0 0.0 0.0 0.0 0.0 0.0 0.0;
];
