function solarprofile = ex_solar_profilesh1
%EX_WIND_PROFILE_D  Example wind_load_nyiso profile data for deterministic unit commitment.
% 2022.03.12
% Andres F. Ramirez


%% define constants
[GEN_BUS, PG, QG, QMAX, QMIN, VG, MBASE, GEN_STATUS, PMAX, PMIN, ...
    MU_PMAX, MU_PMIN, MU_QMAX, MU_QMIN, PC1, PC2, QC1MIN, QC1MAX, ...
    QC2MIN, QC2MAX, RAMP_AGC, RAMP_10, RAMP_30, RAMP_Q, APF] = idx_gen;
[CT_LABEL, CT_PROB, CT_TABLE, CT_TBUS, CT_TGEN, CT_TBRCH, CT_TAREABUS, ...
    CT_TAREAGEN, CT_TAREABRCH, CT_ROW, CT_COL, CT_CHGTYPE, CT_REP, ...
    CT_REL, CT_ADD, CT_NEWVAL, CT_TLOAD, CT_TAREALOAD, CT_LOAD_ALL_PQ, ...
    CT_LOAD_FIX_PQ, CT_LOAD_DIS_PQ, CT_LOAD_ALL_P, CT_LOAD_FIX_P, ...
    CT_LOAD_DIS_P, CT_TGENCOST, CT_TAREAGENCOST, CT_MODCOST_F, ...
    CT_MODCOST_X] = idx_ct;

solarprofile = struct( ...
    'type', 'mpcData', ...
    'table', CT_TGEN, ...
    'rows', [1:12], ...
    'col', PMAX, ...
    'chgtype', 1, ...
    'values', [] );
solarprofile.values(:,1,:) = [
	0.0 0.0 0.0 0.0 0.0 0.0 0.0 0.0 0.0 0.0 0.0 0.0;
	0.0 0.0 0.0 0.0 0.0 0.0 0.0 0.0 0.0 0.0 0.0 0.0;
	0.0 0.0 0.0 0.0 0.0 0.0 0.0 0.0 0.0 0.0 0.0 0.0;
	0.0 0.0 0.0 0.0 0.0 0.0 0.0 0.0 0.0 0.0 0.0 0.0;
	0.0 0.0 0.0 0.0 0.0 0.0 0.0 0.0 0.0 0.0 0.0 0.0;
	0.4784 0.4039 0.4224 0.0 0.0 0.0 0.0 0.2 0.0 0.0 0.0 0.0;
	4.3501 5.0272 2.5671 6.5938 6.4099 194.3236 24.2904 25.9635 124.1539 12.2441 7.8143 22.1741;
	9.9069 10.6148 10.1833 6.1161 7.786 427.7225 53.4653 67.9029 260.8524 25.4983 13.8613 46.1776;
	17.4456 16.2716 13.8 7.9533 8.2496 448.2235 56.0279 72.6945 274.1053 40.3688 18.854 73.1081;
	21.7014 15.6474 13.6408 7.4148 5.9373 340.1476 42.5185 55.2992 212.1972 80.9276 45.2856 146.5604;
	22.8828 16.1027 13.7627 7.9743 4.9314 323.5507 40.4438 56.0828 171.9623 93.6407 55.1849 169.584;
	23.5676 16.338 13.769 6.6771 2.8511 317.5171 39.6896 56.3269 122.3689 95.5256 61.6285 172.9974;
	11.1587 10.021 9.5015 2.147 1.4526 182.2868 22.7859 20.8084 97.2288 71.1594 58.2308 128.8702;
	7.8776 7.5489 8.0274 1.6554 1.8738 175.1961 21.8995 15.6311 128.7285 61.1106 50.1338 110.6717;
	4.7485 5.5788 4.9516 2.3795 4.0246 147.3801 18.4225 10.3227 160.5388 47.6805 39.0709 86.3497;
	0.7911 1.1331 0.8064 2.1817 4.7496 42.1135 5.2642 2.4906 97.1636 13.3275 9.2741 24.1362;
	0.3545 0.3726 0.3387 0.3821 1.138 11.5698 1.4462 1.3774 10.0399 4.4322 3.129 8.0267;
	0.0 0.0 0.0 0.0 0.0 0.0 0.0 0.0 0.0 0.0 0.0 0.0;
	0.0 0.0 0.0 0.0 0.0 0.0 0.0 0.0 0.0 0.0 0.0 0.0;
	0.0 0.0 0.0 0.0 0.0 0.0 0.0 0.0 0.0 0.0 0.0 0.0;
	0.0 0.0 0.0 0.0 0.0 0.0 0.0 0.0 0.0 0.0 0.0 0.0;
	0.0 0.0 0.0 0.0 0.0 0.0 0.0 0.0 0.0 0.0 0.0 0.0;
	0.0 0.0 0.0 0.0 0.0 0.0 0.0 0.0 0.0 0.0 0.0 0.0;
	0.0 0.0 0.0 0.0 0.0 0.0 0.0 0.0 0.0 0.0 0.0 0.0;
];
