function windprofile = ex_wind_profilesh1
%EX_WIND_PROFILE_D  Example wind_load_nyiso profile data for deterministic unit commitment.
% 2022.03.12
% Andres F. Ramirez


%% define constants
[GEN_BUS, PG, QG, QMAX, QMIN, VG, MBASE, GEN_STATUS, PMAX, PMIN, ...
    MU_PMAX, MU_PMIN, MU_QMAX, MU_QMIN, PC1, PC2, QC1MIN, QC1MAX, ...
    QC2MIN, QC2MAX, RAMP_AGC, RAMP_10, RAMP_30, RAMP_Q, APF] = idx_gen;
[CT_LABEL, CT_PROB, CT_TABLE, CT_TBUS, CT_TGEN, CT_TBRCH, CT_TAREABUS, ...
    CT_TAREAGEN, CT_TAREABRCH, CT_ROW, CT_COL, CT_CHGTYPE, CT_REP, ...
    CT_REL, CT_ADD, CT_NEWVAL, CT_TLOAD, CT_TAREALOAD, CT_LOAD_ALL_PQ, ...
    CT_LOAD_FIX_PQ, CT_LOAD_DIS_PQ, CT_LOAD_ALL_P, CT_LOAD_FIX_P, ...
    CT_LOAD_DIS_P, CT_TGENCOST, CT_TAREAGENCOST, CT_MODCOST_F, ...
    CT_MODCOST_X] = idx_ct;

windprofile = struct( ...
    'type', 'mpcData', ...
    'table', CT_TGEN, ...
    'rows', [1:45], ...
    'col', PMAX, ...
    'chgtype', 1, ...
    'values', [] );
windprofile.values(:,1,:) = [
	0.647 8.7431 52.4849 61.2663 7.472 2.109 0.5759 8.0738 0.6204 18.4919 34.182 50.9928 76.7694 0.002 134.7292 50.7584 62.9781 66.738 68.8117 69.585 0.192 4.921 63.9492 72.5097 49.1975 37.1749 4.2368 63.4876 307.3284 307.3284 192.33 42.7885 229.3723 179.1119 0.0062 131.1268 325.7027 71.3139 0.0 131.7791 64.5023 23.396 0.581 63.3332 329.0955;
	0.3981 5.3786 47.0549 54.8905 6.5235 1.6867 0.0 9.9047 0.0 9.6483 17.8347 26.6059 40.055 0.0766 109.7241 41.3379 51.2896 54.3517 51.5185 67.1543 0.0 3.9357 26.9098 68.4832 50.3991 35.4885 5.6771 28.4004 195.4564 195.4564 123.0341 29.1425 171.7284 172.8554 0.2402 83.3948 237.483 75.7387 0.0 134.9977 73.2846 18.7115 0.0 80.0437 239.9568;
	0.2025 2.7366 51.91 56.0756 5.6016 0.0172 0.0 10.241 0.0 8.0163 14.8181 22.1056 33.2799 1.6502 81.1849 30.5859 37.9492 40.2149 58.2302 65.4497 0.0 0.0401 21.1083 72.8411 53.4729 33.3353 6.0268 0.0 12.9272 12.9272 10.8154 16.4413 194.1008 168.4678 5.1737 5.5156 137.1256 0.1363 0.0 143.231 60.6008 0.1909 0.3193 86.8635 138.554;
	0.3737 5.049 57.2098 67.8601 7.3885 0.0208 0.0 11.6808 0.0 7.1109 13.1443 19.6088 29.5209 3.4913 86.4646 32.575 40.4172 42.8302 37.2434 64.9161 0.0 0.0486 43.319 71.1323 53.7166 33.543 6.4423 7.6942 25.927 25.927 32.9135 19.9054 124.1448 167.0942 10.9456 11.0622 0.6455 0.1069 0.0 143.8837 56.7431 0.2312 0.8397 112.3623 0.6522;
	0.4367 5.9009 73.8119 70.5802 8.8324 0.0035 0.0 11.7366 0.0 4.246 7.8486 11.7086 17.6272 0.4041 114.1798 43.0166 53.3724 56.5588 36.2346 67.4539 0.0 0.0082 30.7256 75.7726 61.6587 48.3815 6.4506 20.8443 19.2404 19.2404 51.7282 12.3563 120.7819 173.6265 1.2668 8.2093 2.3062 0.6357 0.0 165.1571 48.3065 0.0392 1.2288 133.2818 2.3302;
	0.4201 5.6763 74.3171 57.9236 8.8167 3.6567 0.0 9.6802 0.0 7.6374 14.1175 21.0606 31.7066 0.8154 131.3994 49.504 61.4216 65.0886 69.5324 67.814 0.0 8.5322 27.5791 75.4072 46.747 43.5536 3.0853 38.517 66.1866 66.1866 72.7795 11.8245 231.7748 174.5534 2.5565 28.2396 5.1792 1.7001 0.0 125.2151 33.1705 40.5646 23.7719 117.2961 5.2332;
	0.4342 5.8665 52.8501 36.6634 8.6101 2.8822 3.6907 4.0543 1.9182 4.1462 7.6642 11.4334 17.2129 14.038 112.1178 42.2397 52.4085 55.5374 62.764 65.1493 1.2302 6.725 19.358 49.012 22.1382 45.5612 0.2757 160.9963 60.7651 60.7651 68.6328 21.0336 209.2135 167.6946 44.0111 25.9264 15.3199 3.6954 0.0 59.2988 16.485 31.9727 35.9003 115.6604 15.4795;
	0.5423 7.3273 33.5251 27.1942 3.2831 3.1035 4.2985 5.7897 1.407 2.227 4.1165 6.141 9.2452 4.0739 62.3686 23.497 29.1537 30.8942 17.1116 43.6889 1.4328 7.2416 7.1734 27.5315 27.2544 44.8616 3.6 98.8203 16.965 16.965 1.4875 5.8429 57.0388 112.4552 12.7722 7.2384 13.8374 0.6745 0.0 73.0029 4.5781 34.4284 52.4146 90.9462 13.9816;
	0.6105 8.249 28.1003 26.288 3.1133 3.1044 0.7588 4.6851 1.5952 3.9023 7.2134 10.761 16.2007 3.0744 16.8951 6.3651 7.8975 8.3689 0.5547 17.6097 0.2529 7.2436 6.9339 32.2175 26.002 32.5425 3.1683 11.898 4.8756 4.8756 1.0985 1.3102 1.8491 45.3273 9.6387 2.0803 5.5115 1.3407 0.0 69.6482 0.0293 34.4379 40.552 74.2281 5.5689;
	0.5282 7.1367 31.9825 25.0758 6.7749 1.5037 0.0 3.238 0.0 0.1999 0.3696 0.5514 0.8301 0.1841 11.2416 4.2352 5.2548 5.5685 0.0 13.3821 0.0 3.5085 9.4327 37.9546 29.3422 34.7945 1.6764 27.5445 20.7991 20.7991 0.0 0.1508 0.0 34.4454 0.5772 8.8743 0.0293 0.0 0.0 78.5951 1.2311 16.6806 49.2037 100.6494 0.0296;
	0.8345 11.2754 45.2484 0.9267 10.9567 1.3808 0.0 2.6261 1.8434 1.7991 3.3257 4.9613 7.4692 4.7176 27.759 10.458 12.9757 13.7504 0.5519 11.7135 0.0 3.2219 29.2992 40.3966 42.4372 35.0959 0.6456 53.7602 60.4794 60.4794 0.0 0.0 1.8397 30.1506 14.7902 25.8046 48.9034 0.0 0.0 113.6712 0.0 15.3178 19.3404 105.0228 49.4128;
	1.5509 20.9561 64.3314 0.0 13.4858 1.2665 1.305 0.0001 2.6576 5.0094 9.2598 13.8138 20.7966 3.795 8.669 3.266 4.0522 4.2942 0.1121 9.3028 0.435 2.9552 51.1959 57.4685 3.7792 43.3202 0.0 156.2029 110.8454 110.8454 3.0552 2.6901 0.3737 23.9455 11.8979 47.294 122.3369 0.0869 0.1398 10.1228 0.0903 14.0497 17.156 140.0998 123.6112;
	2.1804 29.4618 86.1986 1.9413 13.9812 0.3148 1.0315 1.223 6.704 25.2902 46.7485 69.7396 104.9926 2.7149 7.5295 2.8367 3.5196 3.7297 0.0 10.5794 0.3438 0.7346 33.2941 73.6801 72.9932 54.1954 0.4012 207.2462 162.7747 162.7747 0.0085 2.9197 0.0 27.2314 8.5117 69.4505 159.4307 0.0 12.4857 195.5176 0.4841 3.4924 109.5386 182.2517 161.0914;
	1.5237 20.5889 27.2272 0.0 13.7303 16.9958 0.0036 0.0689 0.2903 0.0688 0.1272 0.1897 0.2857 0.244 0.3419 0.1288 0.1598 0.1694 0.0 7.0265 0.0012 39.6568 29.3468 71.2408 26.186 30.8574 0.1213 165.119 190.97 190.97 0.0121 3.88 0.0 18.0863 0.7651 81.4805 146.2754 3.4317 0.0 70.141 1.3098 188.5398 75.449 145.2806 147.7991;
	2.0322 27.4595 5.9044 0.0 8.6384 1.0205 0.4321 0.061 0.0 4.3783 8.0933 12.0736 18.1767 0.553 1.2235 0.4609 0.5719 0.606 0.0 3.0554 0.144 2.3812 25.0585 37.7558 7.889 0.0868 0.6601 227.7154 244.8749 244.8749 84.2468 5.7018 0.0 7.8645 1.7337 104.48 225.6214 11.6724 0.0 21.1313 10.1441 11.3208 81.2706 112.8094 227.9717;
	2.7205 36.7602 81.2648 0.0 11.4054 0.0957 0.2412 1.1573 0.0 0.4548 0.8406 1.254 1.8879 2.382 0.0 0.0 0.0 0.0 0.0 0.4596 0.0804 0.2232 42.111 2.174 1.6257 0.2311 0.6425 314.4297 244.2125 244.2125 106.6085 8.5191 0.0 1.183 7.4679 104.1973 257.0128 29.1556 0.0 4.3546 4.4679 1.0613 0.0084 192.5208 259.6901;
	3.3167 44.8154 2.5046 0.0 13.9496 3.3529 0.0 1.7482 0.0 6.6004 12.2008 18.2012 27.4017 4.1881 0.0 0.0 0.0 0.0 0.0 0.0038 0.0 7.8235 0.7281 1.6685 0.0 2.3203 0.1447 305.3481 350.528 350.528 159.2802 21.6085 0.0 0.0099 13.1301 149.5586 397.7481 65.6422 0.0 0.0 2.823 37.1951 140.8719 230.8223 401.8913;
	2.6095 35.2599 2.5057 1.9278 13.9426 19.5003 0.0 0.8236 0.0 1.2523 2.3148 3.4532 5.1988 4.4318 0.0 0.0 0.0 0.0 0.0 0.0049 0.0 45.5007 12.5536 11.9302 4.3741 0.1041 0.261 477.4706 445.765 445.765 259.6251 31.2207 0.0 0.0125 13.8942 190.193 484.5782 79.7597 0.0 11.7162 5.4387 216.3232 117.0582 229.8942 489.6259;
	2.9504 39.866 85.6523 18.4472 14.1848 25.1836 1.9956 1.1664 0.0 8.6914 16.066 23.9673 36.0827 6.8145 0.0 0.0 0.0 0.0 0.0 36.0822 0.6652 58.7617 24.2285 24.2624 10.7038 55.8224 1.3943 726.6235 448.4118 448.4118 330.2158 42.5261 0.0 92.8757 21.3643 191.3224 583.8346 71.9928 0.0 28.671 64.2721 279.3701 106.9669 212.0804 589.9162;
	3.0011 40.5514 30.1587 11.4842 14.0939 0.4603 19.0 0.133 25.5489 22.0644 40.7858 60.8443 91.6008 3.3336 0.3175 0.1196 0.1484 0.1573 5.1392 20.0193 6.3333 1.0741 55.8648 37.9106 17.2745 43.2532 0.1671 666.9235 449.8574 449.8574 315.7691 42.9743 17.1306 51.5296 10.4512 191.9392 546.0739 74.9929 0.0 46.271 34.9112 5.1068 104.8778 182.547 551.7622;
	3.1223 42.1885 87.2015 2.6618 13.893 0.0434 7.4799 0.0 26.0232 23.7076 43.8231 65.3755 98.4224 8.4189 23.6679 8.9168 11.0634 11.7239 6.5776 33.3378 2.4933 0.1012 69.3787 80.6108 1.4019 51.5681 0.0036 621.9832 427.2684 427.2684 254.663 58.0439 21.9253 85.8115 26.3943 182.3012 576.4549 82.6076 0.0 3.755 13.702 0.481 107.0169 172.9742 582.4597;
