function loadprofile = ex_load_profilesh1
%EX_LOAD_PROFILE  Example load profile data file for stochastic unit commitment.
% 2022.03.12
% Andres F. Ramirez

%% define constants
[CT_LABEL, CT_PROB, CT_TABLE, CT_TBUS, CT_TGEN, CT_TBRCH, CT_TAREABUS, ...
    CT_TAREAGEN, CT_TAREABRCH, CT_ROW, CT_COL, CT_CHGTYPE, CT_REP, ...
    CT_REL, CT_ADD, CT_NEWVAL, CT_TLOAD, CT_TAREALOAD, CT_LOAD_ALL_PQ, ...
    CT_LOAD_FIX_PQ, CT_LOAD_DIS_PQ, CT_LOAD_ALL_P, CT_LOAD_FIX_P, ...
    CT_LOAD_DIS_P, CT_TGENCOST, CT_TAREAGENCOST, CT_MODCOST_F, ...
    CT_MODCOST_X] = idx_ct;

loadprofile = struct( ...
    'type', 'mpcData', ...
    'table', CT_TAREALOAD, ...
    'rows', [1:11], ...
    'col', CT_LOAD_ALL_P, ...
    'chgtype', 1, ...
    'values', [] );
loadprofile.values(:,1,:) = [
	1627.6255 990.9952 1679.8853 602.1642 881.0422 1254.8496 935.0 300.9915 507.6073 4589.1256 1790.8;
	1613.2 981.7699 1680.145 593.6 885.2139 1255.7753 944.942 298.7319 511.0556 4574.5261 1800.2935;
	1637.4998 1013.6 1723.1 580.8662 896.9736 1259.6162 944.9554 305.2486 536.8444 4583.5611 1826.1696;
	1689.884 1056.7356 1810.287 607.3056 912.3272 1339.6446 1006.3824 316.4 575.8715 4892.0049 1948.6293;
	1854.5706 1206.051 1997.1887 638.0721 1015.4339 1488.9 1115.1243 359.205 670.9 5416.7173 2201.0261;
	1976.4252 1293.6012 2092.9476 640.8486 1068.4912 1548.7 1184.592 386.2504 723.8257 5998.1866 2324.5215;
	1981.5386 1274.3646 2076.7002 600.6099 1074.6683 1539.6016 1181.4 386.7235 723.7 6320.414 2356.8501;
	1956.0009 1254.0795 2042.1644 590.0 1083.8547 1492.7 1162.6113 377.1 725.9002 6459.4616 2318.809;
	1920.1812 1237.6299 2013.0363 567.9927 1052.4161 1491.304 1144.1849 370.8127 725.3718 6487.946 2257.0617;
	1923.6977 1230.5744 1999.9847 564.93 1042.4 1550.2017 1178.705 384.458 711.8471 6474.6 2241.6706;
	1884.1488 1211.5426 1968.138 558.0669 1017.013 1499.5969 1157.8824 372.4958 710.1434 6557.4045 2311.1312;
	1914.1987 1203.6379 1969.9466 556.3407 1025.0774 1454.9688 1159.9638 359.9 709.5468 6440.0 2232.8;
	1856.1354 1190.1018 1936.1389 556.471 1021.382 1454.8852 1110.812 351.2174 686.4 6405.3992 2144.7336;
	1813.228 1184.4452 1937.9698 541.3927 1013.7 1445.5678 1117.5 352.1314 691.7712 6372.2898 2191.9;
	1802.8 1185.0881 1927.1171 553.5846 992.3421 1472.3652 1117.3374 347.6249 667.7 6437.0186 2275.0125;
	1766.557 1171.8471 1925.7024 557.955 1023.1808 1501.7631 1158.6036 350.9273 665.7367 6480.0428 2326.8849;
	1767.7131 1172.7746 1956.7711 584.4385 1037.8911 1553.4781 1245.0634 368.9916 688.8668 6406.8485 2394.7685;
	1808.0139 1236.9538 2021.3327 592.6 1060.3637 1621.6108 1332.5637 389.7074 745.1 6434.8593 2562.1256;
	1853.8103 1254.9778 2026.1549 600.3379 1063.4705 1611.7538 1267.1494 388.821 717.3 6323.5747 2535.5208;
	1807.4056 1181.4238 1891.5945 592.8411 982.6139 1480.6519 1199.3462 361.3 682.0211 6022.7492 2366.0088;
	1725.4071 1076.4768 1750.2 582.2283 888.2764 1353.8 1093.8293 331.478 629.4 5702.3575 2168.0;
	1629.4573 987.5984 1624.3764 562.5 842.3073 1235.0793 955.3999 278.6 526.7942 5156.7182 1971.3;
	1561.4131 942.3 1600.8657 549.4899 818.2366 1203.3944 914.5633 277.9399 517.5692 4760.0785 1841.9688;
	1512.2 917.486 1548.2438 549.8489 760.8946 1136.9479 852.5295 256.1053 509.776 4482.7148 1725.0;
];
