function solarprofile = ex_solar_profilesh1
%EX_WIND_PROFILE_D  Example wind_load_nyiso profile data for deterministic unit commitment.
% 2022.03.12
% Andres F. Ramirez


%% define constants
[GEN_BUS, PG, QG, QMAX, QMIN, VG, MBASE, GEN_STATUS, PMAX, PMIN, ...
    MU_PMAX, MU_PMIN, MU_QMAX, MU_QMIN, PC1, PC2, QC1MIN, QC1MAX, ...
    QC2MIN, QC2MAX, RAMP_AGC, RAMP_10, RAMP_30, RAMP_Q, APF] = idx_gen;
[CT_LABEL, CT_PROB, CT_TABLE, CT_TBUS, CT_TGEN, CT_TBRCH, CT_TAREABUS, ...
    CT_TAREAGEN, CT_TAREABRCH, CT_ROW, CT_COL, CT_CHGTYPE, CT_REP, ...
    CT_REL, CT_ADD, CT_NEWVAL, CT_TLOAD, CT_TAREALOAD, CT_LOAD_ALL_PQ, ...
    CT_LOAD_FIX_PQ, CT_LOAD_DIS_PQ, CT_LOAD_ALL_P, CT_LOAD_FIX_P, ...
    CT_LOAD_DIS_P, CT_TGENCOST, CT_TAREAGENCOST, CT_MODCOST_F, ...
    CT_MODCOST_X] = idx_ct;

solarprofile = struct( ...
    'type', 'mpcData', ...
    'table', CT_TGEN, ...
    'rows', [1:12], ...
    'col', PMAX, ...
    'chgtype', 1, ...
    'values', [] );
solarprofile.values(:,1,:) = [
	0.0 0.0 0.0 0.0 0.0 0.0 0.0 0.0 0.0 0.0 0.0 0.0;
	0.0 0.0 0.0 0.0 0.0 0.0 0.0 0.0 0.0 0.0 0.0 0.0;
	0.0 0.0 0.0 0.0 0.0 0.0 0.0 0.0 0.0 0.0 0.0 0.0;
	0.0 0.0 0.0 0.0 0.0 0.0 0.0 0.0 0.0 0.0 0.0 0.0;
	0.0 0.0 0.0 0.0 0.0 0.0 0.0 0.0 0.0 0.0 0.0 0.0;
	0.4731 0.4018 0.4224 0.0 0.0 0.0 0.0 0.2 0.0 0.0 0.0 0.0;
	3.5847 5.0112 4.1191 0.7383 2.8551 279.9831 34.9979 28.2803 120.0121 9.088 6.3351 16.4585;
	17.2763 14.626 12.4374 2.7897 5.5873 427.0491 53.3811 70.0288 253.6992 1.9292 8.4863 3.4938;
	23.0766 16.7933 13.9319 5.0755 6.1818 435.1035 54.3879 74.427 269.1343 4.6545 8.4909 8.4292;
	24.3053 16.8861 13.7216 1.6232 1.3945 313.9645 39.2456 71.201 230.6196 10.5564 8.2186 19.1176;
	24.9524 16.6389 13.7627 2.0844 1.9111 325.7784 40.7223 72.1817 225.0222 21.9183 4.6478 39.6941;
	24.708 16.4322 13.769 4.0493 2.852 343.9871 42.9984 71.8407 211.812 31.7609 7.6776 57.5191;
	13.0323 10.9559 9.5442 5.7546 3.4656 318.5773 39.8222 52.5016 149.9709 38.6843 42.1207 70.0574;
	11.8666 10.1678 8.7544 4.7004 2.439 341.7272 42.7159 50.6706 152.3877 36.7483 45.2161 66.5514;
	8.4919 6.8547 5.7867 2.8517 1.5029 338.1807 42.2726 50.634 154.5297 25.1215 41.5048 45.4953;
	3.0121 2.3203 1.4116 0.6002 0.0 210.7593 26.3449 37.2804 83.8321 5.3041 9.0156 9.6057;
	0.4847 0.389 0.3125 0.6136 0.6235 29.9757 3.747 5.5955 7.86 4.4975 3.6084 8.145;
	0.0 0.0 0.0 0.0 0.0 0.0 0.0 0.0 0.0 0.0 0.0 0.0;
	0.0 0.0 0.0 0.0 0.0 0.0 0.0 0.0 0.0 0.0 0.0 0.0;
	0.0 0.0 0.0 0.0 0.0 0.0 0.0 0.0 0.0 0.0 0.0 0.0;
	0.0 0.0 0.0 0.0 0.0 0.0 0.0 0.0 0.0 0.0 0.0 0.0;
	0.0 0.0 0.0 0.0 0.0 0.0 0.0 0.0 0.0 0.0 0.0 0.0;
	0.0 0.0 0.0 0.0 0.0 0.0 0.0 0.0 0.0 0.0 0.0 0.0;
	0.0 0.0 0.0 0.0 0.0 0.0 0.0 0.0 0.0 0.0 0.0 0.0;
];
