function loadprofile = ex_load_profilesh1
%EX_LOAD_PROFILE  Example load profile data file for stochastic unit commitment.
% 2022.03.12
% Andres F. Ramirez

%% define constants
[CT_LABEL, CT_PROB, CT_TABLE, CT_TBUS, CT_TGEN, CT_TBRCH, CT_TAREABUS, ...
    CT_TAREAGEN, CT_TAREABRCH, CT_ROW, CT_COL, CT_CHGTYPE, CT_REP, ...
    CT_REL, CT_ADD, CT_NEWVAL, CT_TLOAD, CT_TAREALOAD, CT_LOAD_ALL_PQ, ...
    CT_LOAD_FIX_PQ, CT_LOAD_DIS_PQ, CT_LOAD_ALL_P, CT_LOAD_FIX_P, ...
    CT_LOAD_DIS_P, CT_TGENCOST, CT_TAREAGENCOST, CT_MODCOST_F, ...
    CT_MODCOST_X] = idx_ct;

loadprofile = struct( ...
    'type', 'mpcData', ...
    'table', CT_TAREALOAD, ...
    'rows', [1:11], ...
    'col', CT_LOAD_ALL_P, ...
    'chgtype', 1, ...
    'values', [] );
loadprofile.values(:,1,:) = [
	1669.796 993.4764 1666.3274 573.1292 901.4 1198.1 905.2507 260.1616 495.185 4566.3489 1656.1342;
	1650.1171 981.8114 1643.2752 558.2987 880.5882 1205.8 902.4386 262.2945 498.0819 4565.7679 1699.2582;
	1663.258 1001.6416 1702.0 561.6717 891.2167 1208.5 907.0033 263.531 520.9 4544.5152 1702.871;
	1686.336 1067.6129 1778.0458 595.3073 947.4791 1285.511 946.8102 283.5 544.4658 4724.051 1819.026;
	1836.814 1191.4465 1960.0739 613.6 1059.9339 1436.3191 1047.0351 328.5 623.1418 5318.0193 2079.2852;
	1923.4894 1238.6049 2026.8989 654.968 1110.1752 1468.1613 1081.0781 367.8 672.2324 5732.3453 2113.9485;
	1917.1387 1238.0 1985.0583 640.1123 1112.188 1447.0534 1059.8572 357.775 651.8582 5987.9212 2015.2716;
	1934.3066 1227.8992 1998.4 633.8 1096.5414 1421.4381 1064.7818 354.0046 654.5681 6088.5517 1981.3264;
	1964.1906 1240.227 1979.433 614.7988 1071.885 1388.1315 1053.6771 336.1913 623.2666 5985.0773 1986.1725;
	2001.939 1228.3 1965.7797 608.1194 1073.16 1350.0772 1049.5737 330.9216 605.476 6110.0432 1890.2663;
	2019.6985 1224.6759 1942.8189 594.5 1049.1468 1352.5214 1017.8278 328.4994 619.6983 6253.8509 1926.1349;
	2021.8919 1210.4179 1942.2906 589.014 1059.8616 1346.9377 979.9713 330.292 628.6808 6248.3418 1832.524;
	2025.9497 1204.5223 1889.7 593.2 1037.3824 1338.2607 992.8449 344.0605 631.3883 6280.629 1946.4122;
	2042.7583 1204.3607 1912.311 604.2228 1021.3 1388.4573 1018.3234 343.6 640.9331 6276.5677 2061.333;
	1961.7776 1164.4112 1919.185 601.7428 1017.8651 1406.1 1067.8722 356.8553 639.7541 6280.0192 2133.4744;
	1952.74 1178.6929 1929.9 602.5948 1042.7681 1444.2082 1077.5469 355.3096 648.8199 6323.0675 2206.0361;
	1930.4055 1202.9 1938.5 602.3731 1044.0463 1479.9748 1095.2 376.6832 635.1 6230.9895 2277.088;
	1968.705 1247.406 1972.9869 616.3912 1085.746 1482.8 1136.3567 388.2495 691.0929 6258.4844 2432.8338;
	1963.5534 1216.0 1939.245 619.8541 1076.4 1484.4916 1148.7536 384.9904 690.6857 6244.5479 2437.1183;
	1918.523 1173.6946 1870.7063 612.2 1034.56 1418.484 1116.0285 377.5423 677.2962 6023.2463 2322.5467;
	1801.3382 1090.9669 1769.6193 601.3934 968.7083 1305.7 1042.4727 347.3623 641.6 5751.1236 2145.7755;
	1713.6408 1005.9281 1637.1795 566.2 902.7008 1191.0728 954.2003 306.7209 579.7 5413.6679 1963.3027;
	1612.3474 943.2151 1509.2 559.0824 815.2802 1159.0573 913.6 280.5163 509.1919 4882.9623 1819.9277;
	1561.8423 931.0379 1502.5577 537.6074 798.8369 1120.0358 892.251 271.7437 490.0016 4725.9228 1762.7551;
];
