function loadprofile = ex_load_profilesh1
%EX_LOAD_PROFILE  Example load profile data file for stochastic unit commitment.
% 2022.03.12
% Andres F. Ramirez

%% define constants
[CT_LABEL, CT_PROB, CT_TABLE, CT_TBUS, CT_TGEN, CT_TBRCH, CT_TAREABUS, ...
    CT_TAREAGEN, CT_TAREABRCH, CT_ROW, CT_COL, CT_CHGTYPE, CT_REP, ...
    CT_REL, CT_ADD, CT_NEWVAL, CT_TLOAD, CT_TAREALOAD, CT_LOAD_ALL_PQ, ...
    CT_LOAD_FIX_PQ, CT_LOAD_DIS_PQ, CT_LOAD_ALL_P, CT_LOAD_FIX_P, ...
    CT_LOAD_DIS_P, CT_TGENCOST, CT_TAREAGENCOST, CT_MODCOST_F, ...
    CT_MODCOST_X] = idx_ct;

loadprofile = struct( ...
    'type', 'mpcData', ...
    'table', CT_TAREALOAD, ...
    'rows', [1:11], ...
    'col', CT_LOAD_ALL_P, ...
    'chgtype', 1, ...
    'values', [] );
loadprofile.values(:,1,:) = [
	1579.4335 974.5 1611.9407 583.3 822.5129 1108.6067 878.9082 286.9289 582.4292 4667.4337 1796.8985;
	1609.7973 977.9294 1627.5137 593.6555 821.2221 1109.7779 882.0404 284.1526 569.2931 4608.6505 1776.9055;
	1640.1 1002.372 1658.6973 586.0051 829.3943 1134.7081 894.4362 276.5 572.0694 4590.791 1809.0037;
	1709.3337 1067.5027 1780.4038 596.1806 882.8442 1218.3732 949.5799 307.0 606.1014 4808.9754 1927.4148;
	1863.3205 1182.7508 1915.9436 633.9026 967.6768 1333.9277 1057.1 337.6 669.8347 5353.3388 2170.9;
	1929.7108 1257.7913 2034.0513 623.0837 1005.2316 1414.9348 1113.1278 370.6 728.9354 5841.3408 2316.4;
	1938.3449 1265.5718 2047.5095 620.5257 1001.7243 1424.0918 1133.564 372.7577 728.5 6139.384 2316.365;
	1875.7157 1268.2171 2002.8565 626.3421 989.6722 1419.3292 1086.3612 349.0 719.3243 6299.6508 2219.9271;
	1892.8614 1251.4284 1990.1723 611.9983 1001.7 1357.242 1063.3352 347.5626 710.7496 6329.8067 2123.9161;
	1909.1 1228.5356 1971.3294 618.2588 986.2292 1317.1168 1046.5174 358.0829 705.7 6225.5957 2111.2049;
	1900.2189 1248.2115 1991.2 614.4616 1006.0991 1312.2208 1067.5388 344.6 694.5971 6349.6016 2089.6597;
	1906.0179 1293.9363 2010.7347 610.4095 965.8089 1259.0704 1070.8363 356.2614 691.4169 6336.6 2143.4757;
	1833.514 1203.4919 1898.2764 616.8437 947.3625 1266.1287 1008.8658 347.2 675.9 6221.967 2040.8;
	1831.784 1203.917 1889.9795 613.8942 966.9769 1281.3 1053.6941 342.1758 671.1 6312.88 2058.5137;
	1795.2 1197.4393 1914.8365 600.27 960.5 1286.3493 1023.6253 331.3471 661.0804 6123.2326 2046.8851;
	1819.7012 1205.9247 1915.1132 589.5937 974.0931 1347.207 1051.436 348.4633 669.1189 6322.2665 2199.0956;
	1837.7 1213.447 1968.6084 584.4281 967.8625 1404.8354 1075.6427 371.129 697.5907 6334.6754 2312.1519;
	1851.3644 1233.6 2022.6399 591.8906 996.5468 1471.9736 1134.293 388.3035 731.8173 6264.3087 2296.3976;
	1934.9922 1264.0543 2024.4551 605.9452 992.9284 1446.5556 1134.836 373.6808 741.0906 6165.8924 2357.3194;
	1939.8086 1223.3858 1969.624 590.8521 946.6357 1379.1521 1114.8946 370.4406 706.5438 6026.9055 2311.3795;
	1860.3868 1156.367 1855.157 584.8 927.739 1295.8751 1065.0674 341.9253 657.0137 5684.1339 2156.6547;
	1754.5765 1061.7262 1750.6914 582.1841 873.127 1194.0332 1008.8 307.9 613.4287 5321.1503 1985.829;
	1587.6477 965.1 1626.9161 566.2 849.2 1154.0435 921.792 283.7 538.1567 4729.0684 1638.1582;
	1597.361 957.2 1631.8751 566.0619 856.7876 1174.4812 925.0 295.2 534.7985 4591.5804 1724.8439;
];
