function loadprofile = ex_load_profilesh1
%EX_LOAD_PROFILE  Example load profile data file for stochastic unit commitment.
% 2022.03.12
% Andres F. Ramirez

%% define constants
[CT_LABEL, CT_PROB, CT_TABLE, CT_TBUS, CT_TGEN, CT_TBRCH, CT_TAREABUS, ...
    CT_TAREAGEN, CT_TAREABRCH, CT_ROW, CT_COL, CT_CHGTYPE, CT_REP, ...
    CT_REL, CT_ADD, CT_NEWVAL, CT_TLOAD, CT_TAREALOAD, CT_LOAD_ALL_PQ, ...
    CT_LOAD_FIX_PQ, CT_LOAD_DIS_PQ, CT_LOAD_ALL_P, CT_LOAD_FIX_P, ...
    CT_LOAD_DIS_P, CT_TGENCOST, CT_TAREAGENCOST, CT_MODCOST_F, ...
    CT_MODCOST_X] = idx_ct;

loadprofile = struct( ...
    'type', 'mpcData', ...
    'table', CT_TAREALOAD, ...
    'rows', [1:11], ...
    'col', CT_LOAD_ALL_P, ...
    'chgtype', 1, ...
    'values', [] );
loadprofile.values(:,1,:) = [
	1539.322 956.3832 1647.7671 600.2873 909.1088 1193.1005 928.8838 276.9214 515.8 4765.7827 1761.5;
	1532.4896 953.0 1638.1099 607.2909 887.8864 1213.8026 926.5981 290.5518 520.772 4798.2321 1761.1801;
	1548.4167 962.209 1669.8404 607.6842 912.4002 1233.6219 936.9842 293.5581 524.7083 4787.5573 1766.5728;
	1598.6002 1041.0582 1762.225 622.5158 969.9882 1293.8613 981.6726 309.4271 533.6019 4962.7699 1885.3305;
	1770.6367 1146.129 1949.6137 630.8 1070.5031 1424.2326 1099.8298 340.1 629.8981 5462.2189 2143.3;
	1864.6 1209.2839 2026.5188 624.7515 1103.9475 1514.0746 1149.3729 340.0895 697.7297 5934.1 2293.0189;
	1834.2818 1195.0659 1986.9224 604.8886 1072.3961 1495.9739 1166.0389 352.9471 705.8 6222.2663 2306.3183;
	1817.7943 1130.9125 1896.7811 585.0138 1070.7065 1430.8038 1150.7705 354.3974 711.8 6395.8597 2260.6;
	1864.347 1180.0057 1944.794 572.4506 1054.9454 1388.2948 1095.2004 350.1529 708.8292 6487.2266 2207.9884;
	1830.0291 1162.1 1935.8952 572.1 1032.7 1361.2822 1107.0328 354.1 699.9003 6536.4408 2167.9978;
	1764.0648 1108.665 1868.6895 560.3465 987.9385 1317.342 1055.1 326.9 684.9328 6351.927 2025.5727;
	1743.5 1074.0439 1877.3881 560.0467 983.9906 1253.7352 1048.5972 290.1839 679.9839 6246.3114 1976.6397;
	1792.3786 1114.2393 1875.2915 539.9569 941.6406 1232.5398 1006.5518 298.7276 666.5 6256.0 2056.2137;
	1796.5585 1111.7662 1929.2429 529.4242 946.6 1163.0966 1003.8598 295.002 652.6196 6183.8828 2000.9793;
	1762.9637 1130.2 1943.0564 535.2992 970.5923 1206.8767 1024.2827 302.0463 667.9587 6270.1501 2118.7752;
	1741.2536 1134.4837 1914.6083 547.5703 990.3262 1305.6727 1078.3346 323.5522 667.8056 6334.8902 2252.1895;
	1724.0569 1135.0205 1942.0 574.1 1036.2574 1410.3851 1104.4554 365.5783 686.5939 6250.2513 2362.8844;
	1787.5546 1154.7 1962.7758 591.7316 1051.1193 1457.3719 1142.8899 359.3893 706.4261 6190.0235 2458.6573;
	1819.0807 1177.551 1950.9197 589.2666 1045.1161 1451.5852 1150.362 354.5397 703.1303 6094.7873 2461.4939;
	1771.7783 1149.7 1883.9974 581.5274 1019.1228 1392.7 1123.3027 350.9462 667.9 5985.888 2365.5254;
	1733.1453 1077.1848 1766.5 579.4 946.4356 1323.9839 1064.6044 331.4477 612.6063 5687.9401 2201.8226;
	1599.544 987.6557 1673.2 561.1 896.3683 1245.5386 962.2999 296.5447 565.865 5212.9396 1991.5517;
	1473.9458 945.5469 1609.666 563.3 832.5 1205.6893 916.0176 277.605 527.3393 4884.3514 1829.7;
	1413.2 920.1455 1580.7111 588.7248 798.5371 1195.7613 878.4464 260.1 479.0534 4660.5789 1716.0794;
];
