function solarprofile = ex_solar_profilesh1
%EX_WIND_PROFILE_D  Example wind_load_nyiso profile data for deterministic unit commitment.
% 2022.03.12
% Andres F. Ramirez


%% define constants
[GEN_BUS, PG, QG, QMAX, QMIN, VG, MBASE, GEN_STATUS, PMAX, PMIN, ...
    MU_PMAX, MU_PMIN, MU_QMAX, MU_QMIN, PC1, PC2, QC1MIN, QC1MAX, ...
    QC2MIN, QC2MAX, RAMP_AGC, RAMP_10, RAMP_30, RAMP_Q, APF] = idx_gen;
[CT_LABEL, CT_PROB, CT_TABLE, CT_TBUS, CT_TGEN, CT_TBRCH, CT_TAREABUS, ...
    CT_TAREAGEN, CT_TAREABRCH, CT_ROW, CT_COL, CT_CHGTYPE, CT_REP, ...
    CT_REL, CT_ADD, CT_NEWVAL, CT_TLOAD, CT_TAREALOAD, CT_LOAD_ALL_PQ, ...
    CT_LOAD_FIX_PQ, CT_LOAD_DIS_PQ, CT_LOAD_ALL_P, CT_LOAD_FIX_P, ...
    CT_LOAD_DIS_P, CT_TGENCOST, CT_TAREAGENCOST, CT_MODCOST_F, ...
    CT_MODCOST_X] = idx_ct;

solarprofile = struct( ...
    'type', 'mpcData', ...
    'table', CT_TGEN, ...
    'rows', [1:12], ...
    'col', PMAX, ...
    'chgtype', 1, ...
    'values', [] );
solarprofile.values(:,1,:) = [
	0.0 0.0 0.0 0.0 0.0 0.0 0.0 0.0 0.0 0.0 0.0 0.0;
	0.0 0.0 0.0 0.0 0.0 0.0 0.0 0.0 0.0 0.0 0.0 0.0;
	0.0 0.0 0.0 0.0 0.0 0.0 0.0 0.0 0.0 0.0 0.0 0.0;
	0.0 0.0 0.0 0.0 0.0 0.0 0.0 0.0 0.0 0.0 0.0 0.0;
	0.0 0.0 0.0 0.0 0.0 0.0 0.0 0.0 0.0 0.0 0.0 0.0;
	0.4731 0.4018 0.4224 0.0 0.0 0.72 0.09 0.4927 0.0 0.0 0.0 0.0;
	9.1465 5.0534 5.5103 3.2704 4.3848 273.2464 34.1558 44.7628 93.8927 30.5034 10.5578 55.2419;
	21.0459 14.0079 12.2134 6.6792 6.5924 432.2489 54.0311 69.449 248.7675 99.0821 20.239 179.4382;
	24.034 16.6113 13.8091 9.03 7.295 444.8273 55.6034 73.8456 264.7968 100.7383 28.3428 182.4377;
	25.9585 16.3692 13.6879 6.785 2.4983 283.7836 35.4729 68.5849 75.1132 103.1054 32.7823 186.7246;
	25.6649 16.3714 13.7627 7.5249 3.9459 318.2375 39.7797 70.6783 79.6605 126.752 41.3994 229.5487;
	25.1965 16.3954 13.769 7.7835 4.9477 324.9597 40.62 66.9634 91.3398 152.6396 52.1667 276.4312;
	13.0695 10.7461 9.6091 6.8399 4.5024 74.2294 9.2787 21.2775 16.8633 215.8087 76.7397 390.8308;
	12.598 10.9615 9.4062 4.8989 2.9744 26.403 3.3004 12.2346 10.1066 217.774 78.4771 394.39;
	10.1283 8.0821 7.826 3.2733 2.3156 2.5211 0.3151 10.2376 4.7445 200.7233 68.617 363.5111;
	8.1937 3.3318 3.6896 1.1194 0.7009 0.0 0.0 5.4512 0.0 58.2551 24.0171 105.5004;
	0.7035 0.5356 0.4291 0.4208 1.0667 6.1585 0.7698 1.4013 3.544 7.7111 6.0449 13.9649;
	0.0 0.0 0.0 0.0 0.0 0.0 0.0 0.0 0.0 0.0 0.0 0.0;
	0.0 0.0 0.0 0.0 0.0 0.0 0.0 0.0 0.0 0.0 0.0 0.0;
	0.0 0.0 0.0 0.0 0.0 0.0 0.0 0.0 0.0 0.0 0.0 0.0;
	0.0 0.0 0.0 0.0 0.0 0.0 0.0 0.0 0.0 0.0 0.0 0.0;
	0.0 0.0 0.0 0.0 0.0 0.0 0.0 0.0 0.0 0.0 0.0 0.0;
	0.0 0.0 0.0 0.0 0.0 0.0 0.0 0.0 0.0 0.0 0.0 0.0;
	0.0 0.0 0.0 0.0 0.0 0.0 0.0 0.0 0.0 0.0 0.0 0.0;
];
