function windprofile = ex_wind_profilesh1
%EX_WIND_PROFILE_D  Example wind_load_nyiso profile data for deterministic unit commitment.
% 2022.03.12
% Andres F. Ramirez


%% define constants
[GEN_BUS, PG, QG, QMAX, QMIN, VG, MBASE, GEN_STATUS, PMAX, PMIN, ...
    MU_PMAX, MU_PMIN, MU_QMAX, MU_QMIN, PC1, PC2, QC1MIN, QC1MAX, ...
    QC2MIN, QC2MAX, RAMP_AGC, RAMP_10, RAMP_30, RAMP_Q, APF] = idx_gen;
[CT_LABEL, CT_PROB, CT_TABLE, CT_TBUS, CT_TGEN, CT_TBRCH, CT_TAREABUS, ...
    CT_TAREAGEN, CT_TAREABRCH, CT_ROW, CT_COL, CT_CHGTYPE, CT_REP, ...
    CT_REL, CT_ADD, CT_NEWVAL, CT_TLOAD, CT_TAREALOAD, CT_LOAD_ALL_PQ, ...
    CT_LOAD_FIX_PQ, CT_LOAD_DIS_PQ, CT_LOAD_ALL_P, CT_LOAD_FIX_P, ...
    CT_LOAD_DIS_P, CT_TGENCOST, CT_TAREAGENCOST, CT_MODCOST_F, ...
    CT_MODCOST_X] = idx_ct;

windprofile = struct( ...
    'type', 'mpcData', ...
    'table', CT_TGEN, ...
    'rows', [1:45], ...
    'col', PMAX, ...
    'chgtype', 1, ...
    'values', [] );
windprofile.values(:,1,:) = [
	0.5919 7.9974 54.0658 65.3295 7.2314 0.0 13.7497 8.2444 26.0805 18.5314 34.2551 51.1019 76.9336 11.0071 152.728 57.5394 71.3915 75.6536 71.5809 67.2304 4.5832 0.0 58.2061 72.7247 48.4438 47.9378 4.4026 174.996 329.9942 329.9942 218.8058 42.5361 238.6028 173.0513 34.5087 140.7975 372.8103 81.1074 115.0103 129.7602 60.2814 0.0 0.0 63.008 376.6937;
	0.4552 6.1505 53.6716 67.5566 6.5875 0.0835 18.216 10.7618 22.6909 12.3753 22.8756 34.1258 51.3762 11.4198 127.2439 47.9384 59.4791 63.0301 66.4853 67.3968 6.072 0.1948 27.8588 73.4456 54.1793 50.2935 6.1564 61.4361 236.0719 236.0719 162.1102 28.0035 221.6178 173.4796 35.8025 100.724 294.6967 89.906 129.1067 145.1232 68.5925 0.9263 0.0 89.9021 297.7664;
	0.2949 3.9846 59.755 71.0511 5.0896 0.4209 13.3473 10.6174 22.1231 10.2437 18.9353 28.2477 42.5268 19.2349 90.5141 34.1007 42.3101 44.836 58.3003 64.2921 4.4491 0.982 25.0281 78.2006 53.8155 45.4222 6.1875 0.0 109.3578 109.3578 57.2009 15.2875 194.3343 165.4879 60.304 46.6593 168.8996 6.5987 108.1979 144.1486 62.1578 4.6689 0.0 94.7133 170.659;
	0.4387 5.9275 68.2418 79.145 7.8734 9.3596 23.0169 12.4689 20.1214 16.7167 30.9006 46.0976 69.3997 14.4788 95.6903 36.0508 44.7296 47.4001 42.19 63.8041 7.6723 21.839 48.5001 82.1002 60.4227 57.5586 7.3628 13.432 77.6987 77.6987 40.8123 16.4892 140.6332 164.232 45.3929 33.1515 54.5496 1.3895 121.3479 161.8466 64.2744 103.8287 1.7521 138.2197 55.1178;
	0.5246 7.0887 80.8879 80.554 9.8306 7.2422 25.5744 14.2182 21.9867 17.577 32.4908 48.4699 72.9711 18.954 138.6496 52.2354 64.8106 68.6799 54.5859 68.8293 8.5248 16.8985 49.1852 83.8919 79.8317 68.2562 8.8104 35.872 67.5705 67.5705 69.1404 9.9349 181.9529 177.1668 59.4235 28.8301 39.1231 2.9605 290.9823 213.8348 70.1516 80.3402 1.8646 144.571 39.5306;
	0.5236 7.0751 82.3673 69.1982 9.9371 4.2436 9.8322 13.1386 6.2731 9.6775 17.8886 26.6863 40.1761 10.6998 159.0982 59.9393 74.3692 78.8091 78.8323 68.3405 3.2774 9.9017 36.4389 84.1466 59.9242 66.7144 8.0935 26.0417 57.5277 57.5277 31.0344 11.3076 262.7743 175.9085 33.5452 24.5451 26.3881 11.1634 31.3359 160.5113 55.208 47.0754 24.3307 138.5783 26.663;
	0.5933 8.0174 61.0103 43.7644 9.1758 3.2257 4.5977 7.9836 3.7812 7.2267 13.3584 19.9281 30.0016 9.6069 132.606 49.9585 61.9856 65.6862 65.8101 68.7187 1.5326 7.5267 21.9143 61.4751 36.8447 57.4381 4.0394 56.1428 105.3663 105.3663 25.045 3.7154 219.367 176.8822 30.1189 44.9563 64.8912 5.6346 55.3496 98.6911 28.0718 35.7842 33.1156 136.2027 65.5671;
	0.717 9.6886 38.8628 30.5235 4.0198 3.1738 5.5799 7.7509 18.4986 4.7278 8.7392 13.0372 19.6274 27.5212 65.8003 24.7899 30.7578 32.5941 18.2689 44.9148 1.86 7.4054 10.8672 40.8023 36.5417 57.7974 4.5392 30.677 213.4113 213.4113 132.6744 4.3471 60.8963 115.6109 86.2827 91.0555 203.9613 4.8973 116.7777 97.8796 13.1629 35.2075 6.8551 113.2315 206.0859;
	1.0197 13.7783 37.1275 33.6337 3.8566 9.7947 3.5483 6.6643 26.3184 3.9552 7.311 10.9066 16.4199 13.42 20.7199 7.8061 9.6853 10.2636 10.6718 16.2916 1.1828 22.8544 5.4375 39.7675 32.6663 53.8017 4.919 0.0 13.8315 13.8315 37.4743 0.3698 35.5725 41.9346 42.0735 5.9014 10.4111 14.2956 47.8286 87.4991 60.6152 108.6561 7.2678 91.448 10.5195;
	0.7226 9.7636 33.4375 27.8998 7.4114 1.079 0.8657 4.6153 15.0214 2.1752 4.0208 5.9982 9.0303 4.0545 9.98 3.7599 4.6651 4.9436 1.6359 13.0785 0.2886 2.5177 10.19 37.6013 30.3473 43.1855 3.2885 23.131 30.0669 30.0669 4.4933 0.5777 5.4531 33.6642 12.7115 12.8285 7.3441 1.8127 47.7858 81.2873 17.9562 11.9697 46.4698 94.4142 7.4206;
	0.9581 12.9467 42.7187 3.3129 11.0316 5.876 0.003 3.4484 6.3926 0.3161 0.5844 0.8717 1.3124 2.3071 3.3362 1.2569 1.5595 1.6526 2.9288 9.6215 0.001 13.7108 28.9719 41.1579 40.3657 45.1431 1.3567 52.6985 73.1538 73.1538 8.631 2.5094 9.7626 24.7657 7.233 31.2123 84.1609 2.423 0.1517 108.1225 10.6747 65.1849 7.9751 98.1289 85.0376;
	1.7405 23.5178 67.5515 34.6887 13.1861 15.9824 3.1023 1.0428 6.463 0.092 0.17 0.2536 0.3818 1.251 19.6584 7.4062 9.1892 9.7378 41.406 9.8949 1.0341 37.2922 48.1898 60.7734 14.5337 47.1899 1.3633 149.7553 115.3617 115.3617 13.3592 6.1656 138.02 25.4695 3.9219 49.221 140.7291 6.7158 33.7085 38.9295 7.2665 177.2979 11.0153 138.6104 142.195;
	2.4013 32.4469 84.7007 6.4299 14.5384 18.248 12.9503 0.446 17.9592 22.67 41.9052 62.5143 94.1149 2.2995 2.6562 1.0007 1.2416 1.3158 48.0851 9.7232 4.3168 42.5786 27.3635 71.0435 70.0388 47.4779 0.4047 218.4446 179.537 179.537 46.5684 3.4669 160.2835 25.0275 7.2094 76.6024 207.464 2.5325 224.4108 187.604 2.8355 202.4309 113.9146 178.1506 209.6251;
	1.9069 25.7659 19.0132 15.9992 14.4952 20.7826 7.0318 1.3958 3.4983 0.0 0.0 0.0 0.0 0.0231 2.5877 0.9749 1.2096 1.2818 25.1977 9.002 2.3439 48.4926 23.123 46.3525 8.2582 30.1469 2.1586 187.7265 218.2987 218.2987 34.0564 5.5997 83.9923 23.1712 0.0725 93.1408 219.5561 15.2475 2.1769 22.1201 29.0276 230.5478 83.5962 141.917 221.8431;
	2.3374 31.5837 6.2591 0.4163 9.8025 8.1271 3.793 0.1776 3.0088 0.0 0.0 0.0 0.0 0.1976 0.1417 0.0534 0.0662 0.0702 6.998 0.6402 1.2643 18.9632 0.2585 35.426 4.4874 0.0311 0.4337 276.2668 258.0894 258.0894 93.0525 7.3282 23.3267 1.6479 0.6196 110.1181 268.3194 14.1759 12.3588 12.0198 2.1816 90.1563 82.7296 107.6014 271.1144;
	3.0586 41.3284 81.3345 0.2883 13.1192 1.7064 1.8815 0.6171 1.425 0.0 0.0 0.0 0.0 4.2959 5.8288 2.196 2.7246 2.8873 7.6905 0.3194 0.6272 3.9817 19.3033 3.2182 0.1121 0.0 0.516 396.4939 287.2824 287.2824 169.5703 10.4126 25.6349 0.8221 13.4683 122.5738 330.8311 38.0707 1.3972 0.3003 2.7293 18.9301 0.0017 167.7873 334.2773;
	3.3358 45.0734 0.0 0.0 14.0161 0.4557 0.7364 0.4157 2.0383 0.0002 0.0003 0.0005 0.0008 0.2617 1.7964 0.6768 0.8397 0.8898 0.4853 0.5413 0.2455 1.0634 0.0953 5.1895 2.8155 0.9741 0.1609 329.9283 371.2218 371.2218 173.8245 17.888 1.6176 1.3932 0.8205 158.388 458.292 63.2238 0.0 7.5415 0.8049 5.0557 125.7166 208.656 463.0658;
	2.7652 37.3641 0.0 0.0 14.098 18.4561 0.0178 0.0067 1.0591 1.2494 2.3096 3.4454 5.187 0.0189 54.4542 20.5153 25.4542 26.9738 3.1527 8.4019 0.0059 43.0642 13.7211 1.3013 0.0 0.0107 0.0 517.5952 443.3551 443.3551 296.1602 24.505 10.5091 21.6264 0.0592 189.1648 528.5497 85.9394 0.0 0.0 1.001 204.7395 104.1674 218.6417 534.0554;
	3.1635 42.7462 78.8667 0.344 14.1488 26.3533 0.2988 1.4913 1.1491 8.6604 16.0085 23.8816 35.9536 5.737 3.7397 1.4089 1.7481 1.8524 0.0316 40.2433 0.0996 61.491 27.4174 1.3746 0.1153 54.714 0.5576 744.6279 447.8097 447.8097 348.8463 39.3509 0.1052 103.5863 17.9863 191.0655 623.1909 73.5036 5.4533 0.3088 1.1457 292.3456 104.7629 207.8436 629.6825;
	3.048 41.185 0.0 1.4518 14.1372 1.0401 18.9722 0.3522 26.5396 23.9151 44.2067 65.9476 99.2838 5.9974 7.4245 2.7971 3.4705 3.6777 1.6753 19.5965 6.3241 2.427 60.1141 3.231 0.5054 48.1028 0.1547 715.953 431.8131 431.8131 327.6535 36.2208 5.5842 50.4415 18.8027 184.2403 567.9563 75.2747 131.0668 1.3538 7.5366 11.5386 102.0945 173.9534 573.8725;
