function windprofile = ex_wind_profilesh1
%EX_WIND_PROFILE_D  Example wind_load_nyiso profile data for deterministic unit commitment.
% 2022.03.12
% Andres F. Ramirez


%% define constants
[GEN_BUS, PG, QG, QMAX, QMIN, VG, MBASE, GEN_STATUS, PMAX, PMIN, ...
    MU_PMAX, MU_PMIN, MU_QMAX, MU_QMIN, PC1, PC2, QC1MIN, QC1MAX, ...
    QC2MIN, QC2MAX, RAMP_AGC, RAMP_10, RAMP_30, RAMP_Q, APF] = idx_gen;
[CT_LABEL, CT_PROB, CT_TABLE, CT_TBUS, CT_TGEN, CT_TBRCH, CT_TAREABUS, ...
    CT_TAREAGEN, CT_TAREABRCH, CT_ROW, CT_COL, CT_CHGTYPE, CT_REP, ...
    CT_REL, CT_ADD, CT_NEWVAL, CT_TLOAD, CT_TAREALOAD, CT_LOAD_ALL_PQ, ...
    CT_LOAD_FIX_PQ, CT_LOAD_DIS_PQ, CT_LOAD_ALL_P, CT_LOAD_FIX_P, ...
    CT_LOAD_DIS_P, CT_TGENCOST, CT_TAREAGENCOST, CT_MODCOST_F, ...
    CT_MODCOST_X] = idx_ct;

windprofile = struct( ...
    'type', 'mpcData', ...
    'table', CT_TGEN, ...
    'rows', [1:45], ...
    'col', PMAX, ...
    'chgtype', 1, ...
    'values', [] );
windprofile.values(:,1,:) = [
	0.7228 9.7664 46.7604 55.8432 7.2579 8.6753 1.1304 8.481 6.7946 16.9002 31.2398 46.6036 70.1614 5.0925 149.136 56.1861 69.7124 73.8743 72.5614 68.3671 0.3768 20.2423 62.7695 71.3673 41.8965 39.0311 4.4478 212.4211 371.69 371.69 227.3223 50.4615 241.8714 175.977 15.9657 158.5877 414.5749 88.5646 9.4757 112.2228 51.5118 96.2378 55.9185 66.5382 418.8934;
	0.5188 7.0103 46.613 57.9708 7.2674 5.1006 0.0069 11.2672 7.6306 9.8353 18.1804 27.1216 40.8315 6.193 126.4866 47.6531 59.1252 62.655 71.1391 68.374 0.0023 11.9015 30.8461 72.9995 51.2916 47.4652 6.6948 95.2973 237.9913 237.9913 152.9115 32.5432 237.1305 175.9949 19.416 101.543 287.5231 85.9037 16.4279 137.3882 70.71 56.5831 15.7924 90.4439 290.5181;
	0.2408 3.2535 49.9055 54.8334 5.4308 0.1174 0.0 10.8465 0.0111 5.6493 10.4426 15.5783 23.4531 2.2394 84.0596 31.669 39.293 41.6388 60.7239 66.9954 0.0 0.2739 18.0121 74.1359 51.3929 41.7352 6.3832 12.1451 29.6296 29.6296 1.3291 16.7162 202.4128 172.4463 7.021 12.642 139.2294 0.455 0.0212 137.6594 38.552 1.3023 0.1585 93.7658 140.6797;
	0.3752 5.0701 58.6753 69.4267 7.0529 0.4268 0.0316 12.3888 1.5514 12.0266 22.2311 33.1644 49.9288 0.7316 100.3339 37.8002 46.9003 49.7003 43.9082 66.6839 0.0105 0.9959 37.3743 78.2412 56.1262 44.6716 7.6237 7.8602 32.3709 32.3709 1.822 18.3474 146.3607 171.6445 2.2935 13.8116 0.0 1.6126 0.6755 150.3381 51.1443 4.7347 0.0005 112.1202 0.0;
	0.3992 5.3941 72.8488 70.2819 8.5086 0.032 1.8737 13.4379 3.0086 13.5679 25.08 37.4145 56.3273 2.7694 132.8103 50.0355 62.0811 65.7874 53.3076 67.7634 0.6246 0.0746 40.9546 78.588 69.5708 56.8752 8.9032 18.0917 141.3477 141.3477 26.3571 8.3654 177.6919 174.4231 8.6825 60.3083 1.5455 0.388 28.0298 186.3504 59.9474 0.3545 0.3299 126.8181 1.5616;
	0.3864 5.2211 66.2146 54.196 8.7467 3.4354 0.0 11.3046 0.0199 7.1415 13.2009 19.6932 29.648 9.0071 154.1463 58.0737 72.0544 76.3562 77.6654 68.3263 0.0 8.016 24.1343 65.5996 43.886 50.8531 7.8017 6.7985 71.235 71.235 7.5698 10.2164 258.8847 175.872 28.2385 30.3936 0.3611 0.7127 4.1935 117.5518 44.4544 38.1103 19.2935 118.0381 0.3648;
	0.3517 4.7523 52.6271 38.4139 8.3907 1.9746 3.0344 7.9646 0.9397 5.0267 9.2918 13.8616 20.8686 0.3711 133.5069 50.2979 62.4067 66.1325 62.7188 67.844 1.0115 4.6073 0.0 49.6524 28.9123 56.932 4.5872 10.1897 52.3349 52.3349 11.7701 0.113 209.0628 174.6308 1.1633 22.3296 0.4189 0.0238 0.3222 77.4437 25.0516 21.9045 23.9135 135.7444 0.4233;
	0.4072 5.5022 28.7598 26.3331 3.609 2.6126 4.0952 6.6763 1.0766 4.8195 8.9087 13.2901 20.0081 0.101 62.9445 23.714 29.4229 31.1795 16.9474 41.6111 1.3651 6.096 10.5885 28.7723 24.8586 55.4623 4.7896 4.897 127.7343 127.7343 15.1427 0.0 56.4914 107.107 0.3165 54.5 8.5238 0.9151 0.0 66.5855 10.4829 28.9822 3.2962 97.7854 8.6126;
	0.4636 6.2647 22.3114 24.2887 3.5965 1.3744 0.0348 5.4763 0.0 4.7862 8.8473 13.1984 19.8701 0.0006 13.1656 4.9601 6.1542 6.5216 0.2903 15.7495 0.0116 3.207 3.8229 16.5543 21.327 47.2064 4.405 0.0 89.9496 89.9496 4.4931 0.0 0.9675 40.5394 0.002 38.3785 6.3654 0.0 0.0 57.1258 0.033 15.247 6.7743 59.6378 6.4317;
	0.5069 6.8492 14.0479 24.5196 7.0932 0.1134 0.581 4.2903 1.6497 14.4647 26.7377 39.8874 60.0503 4.8753 0.4899 0.1846 0.229 0.2427 6.1044 11.0941 0.1937 0.2646 10.6599 27.4304 22.1024 37.8183 3.1926 8.0901 51.9284 51.9284 0.2585 0.0 20.3479 28.5563 15.2848 22.1561 0.5825 0.0 0.0899 59.2029 0.0219 1.258 46.0338 7.9924 0.5886;
	0.8461 11.4326 34.1074 1.5486 11.4614 4.0331 1.2169 3.6643 1.969 20.1274 37.2052 55.5029 83.5593 13.3221 0.0624 0.0235 0.0292 0.0309 10.5681 11.1794 0.4056 9.4105 31.123 38.2406 41.9966 48.9594 1.351 50.2274 83.5589 83.5589 19.1285 0.0059 35.227 28.7759 41.7664 35.6518 65.4191 1.0866 92.7385 112.4908 0.0905 44.7401 19.7666 85.1366 66.1005;
	1.5288 20.6572 53.7321 0.3428 12.9918 0.2146 0.1812 1.2715 0.88 16.785 31.0268 46.2859 69.6832 9.9841 2.341 0.882 1.0943 1.1596 3.2276 9.3172 0.0604 0.5007 52.5265 50.2976 0.0057 43.3296 0.8067 75.9272 100.7097 100.7097 1.3394 0.2787 10.7588 23.9826 31.3015 42.9695 94.2792 0.0 117.9208 0.0152 0.0 2.3802 2.7583 116.4202 95.2613;
	2.3113 31.2312 73.2048 3.0078 14.2548 0.7526 0.199 4.6028 2.7994 26.4809 48.9495 73.023 109.9357 44.3832 9.7387 3.669 4.5523 4.8241 4.5608 9.4831 0.0663 1.7562 36.1447 66.1419 65.0299 53.8534 3.7676 201.6241 166.6994 166.6994 1.1233 2.8489 15.2028 24.4094 139.1475 71.1251 152.7725 2.6945 154.7614 174.1873 3.8371 8.3494 111.4807 158.8911 154.3638;
	1.7692 23.9054 0.1464 8.3607 13.7947 18.1449 0.0 2.7643 1.5075 15.4973 28.6466 42.7351 64.3375 1.9854 2.8389 1.0695 1.327 1.4062 1.7872 8.895 0.0 42.3382 46.1667 7.5319 5.395 32.679 3.0183 167.7782 171.8629 171.8629 0.0 4.8219 5.9573 22.8957 6.2247 73.3282 130.5716 7.0147 14.6864 14.4509 14.234 201.2877 83.0384 126.9862 131.9317;
	2.2462 30.3515 3.9722 15.309 9.2423 0.564 0.0754 8.199 5.1363 10.6372 19.6626 29.3328 44.1603 8.8034 18.0528 6.8013 8.4386 8.9424 2.6164 7.6792 0.0251 1.316 29.4379 20.7234 15.3754 3.2537 7.3711 256.768 243.4436 243.4436 72.9657 9.0098 8.7214 19.7663 27.5997 103.8693 236.4348 17.7699 45.5426 41.1841 14.7545 6.2565 83.3906 107.1386 238.8977;
	3.3552 45.3366 86.198 16.0332 13.7631 11.2606 3.7686 14.8421 13.3487 11.7976 21.8077 32.5328 48.9779 20.7515 7.0794 2.6671 3.3092 3.5068 9.3804 28.9271 1.2562 26.2747 47.6532 31.0678 14.3875 5.6809 4.9504 423.5391 286.1734 286.1734 164.8154 15.1016 31.2681 74.4585 65.0587 122.1006 330.7748 45.9499 229.3592 38.5379 4.2841 124.9174 32.1336 192.1466 334.2204;
	3.5832 48.4175 10.0031 3.731 14.7713 5.7849 2.3338 6.5689 17.9109 14.1408 26.1391 38.9943 58.7058 25.9057 59.166 22.2904 27.6566 29.3078 15.2956 69.265 0.7779 13.498 17.3128 26.4266 13.924 1.3841 3.5426 422.9579 387.8154 387.8154 178.3741 27.3385 50.9852 178.2882 81.2179 165.4679 489.7249 73.6885 45.6303 37.2964 5.8986 64.1734 140.434 227.8281 494.8262;
	2.914 39.3745 2.4991 0.1666 14.5945 19.9759 3.2125 4.6991 12.1913 7.9157 14.6321 21.8283 32.8623 22.7864 15.4732 5.8294 7.2328 7.6646 7.9701 58.3522 1.0708 46.6103 15.822 8.8238 6.0403 2.7353 1.7607 600.9546 545.596 545.596 363.0441 37.8567 26.5669 150.1986 71.4384 232.7876 625.5397 103.2608 143.8499 16.1793 11.7963 221.5988 118.8351 223.9815 632.0558;
	3.178 42.9413 86.0931 0.129 14.2536 25.9727 1.7927 0.4846 6.6939 9.0534 16.735 24.9653 37.5852 8.7 24.4771 9.2216 11.4416 12.1247 3.6516 46.0109 0.5976 60.6029 29.1642 1.3794 4.918 57.8043 1.4077 875.6079 506.8204 506.8204 419.7119 49.2288 12.1719 118.4321 27.2758 216.2434 693.1719 81.5169 253.8204 13.1731 0.0699 288.1237 115.049 203.0132 700.3924;
	2.974 40.1852 2.5118 0.0 14.1492 0.7773 18.2387 0.0351 25.2533 21.5972 39.9221 59.5559 89.6611 9.0684 12.0288 4.5318 5.6228 5.9584 0.032 23.3373 6.0796 1.8137 58.4517 0.0018 0.0 46.5608 0.0776 790.2126 461.752 461.752 365.2603 47.0991 0.1066 60.0703 28.4307 197.0142 595.0758 77.2833 107.7383 0.0 0.0 8.6229 111.6737 168.2258 601.2745;
