function windprofile = ex_wind_profilesh1
%EX_WIND_PROFILE_D  Example wind_load_nyiso profile data for deterministic unit commitment.
% 2022.03.12
% Andres F. Ramirez


%% define constants
[GEN_BUS, PG, QG, QMAX, QMIN, VG, MBASE, GEN_STATUS, PMAX, PMIN, ...
    MU_PMAX, MU_PMIN, MU_QMAX, MU_QMIN, PC1, PC2, QC1MIN, QC1MAX, ...
    QC2MIN, QC2MAX, RAMP_AGC, RAMP_10, RAMP_30, RAMP_Q, APF] = idx_gen;
[CT_LABEL, CT_PROB, CT_TABLE, CT_TBUS, CT_TGEN, CT_TBRCH, CT_TAREABUS, ...
    CT_TAREAGEN, CT_TAREABRCH, CT_ROW, CT_COL, CT_CHGTYPE, CT_REP, ...
    CT_REL, CT_ADD, CT_NEWVAL, CT_TLOAD, CT_TAREALOAD, CT_LOAD_ALL_PQ, ...
    CT_LOAD_FIX_PQ, CT_LOAD_DIS_PQ, CT_LOAD_ALL_P, CT_LOAD_FIX_P, ...
    CT_LOAD_DIS_P, CT_TGENCOST, CT_TAREAGENCOST, CT_MODCOST_F, ...
    CT_MODCOST_X] = idx_ct;

windprofile = struct( ...
    'type', 'mpcData', ...
    'table', CT_TGEN, ...
    'rows', [1:45], ...
    'col', PMAX, ...
    'chgtype', 1, ...
    'values', [] );
windprofile.values(:,1,:) = [
	0.6542 8.8398 54.5193 64.1793 8.3664 0.0424 0.4534 8.747 3.3385 19.6275 36.2812 54.1244 81.484 0.0 145.7198 54.8991 68.1155 72.1821 76.1297 69.693 0.1511 0.0989 67.0863 76.1864 48.4184 44.0555 4.341 28.5814 322.507 322.507 204.7169 33.1648 253.7656 179.3899 0.0 137.603 271.3796 83.3423 14.7195 129.6922 65.395 0.4704 1.1751 58.18 274.2065;
	0.418 5.6487 51.7579 63.9859 7.9034 0.006 0.307 11.8678 5.7614 12.6321 23.3503 34.834 52.4425 3.1734 126.8683 47.7969 59.3036 62.8441 70.1936 71.8841 0.1023 0.014 33.8056 77.1583 53.7724 47.7882 6.4269 35.791 226.6418 226.6418 149.3453 27.1476 233.9787 185.03 9.949 96.7005 231.811 88.4795 53.0924 144.0333 83.4583 0.0665 14.9743 71.6754 234.2257;
	0.2066 2.7917 55.6221 64.1279 5.7766 0.0 3.3846 11.3659 1.6094 10.4374 19.2933 28.7818 43.3309 12.0223 83.7728 31.5609 39.1589 41.4968 60.8746 68.2732 1.1282 0.0 24.73 76.1251 52.0315 44.9083 6.1931 0.0 10.5987 10.5987 5.8413 11.3739 202.9153 175.7354 37.6916 4.5221 89.371 3.1612 58.3772 139.3701 65.4589 0.0 3.7807 75.2006 90.3019;
	0.3257 4.4012 59.677 73.7124 8.1911 0.0 6.6607 14.0925 3.2672 16.4918 30.4849 45.4775 68.4661 19.5239 91.5172 34.4786 42.779 45.333 43.6049 66.3382 2.2202 0.0 45.4709 80.2798 57.7979 65.0642 7.4799 0.0 50.2453 50.2453 20.2359 14.4958 145.3496 170.7548 61.2101 21.438 0.0 10.2532 175.5952 154.8158 65.3192 0.0 4.0239 133.8771 0.0;
	0.3918 5.2938 72.5326 72.8269 9.6502 0.5222 2.4392 14.3129 7.488 14.0305 25.9351 38.69 58.2476 1.1471 124.9578 47.0771 58.4105 61.8977 52.5372 66.4769 0.8131 1.2185 20.2959 81.6237 71.5955 70.0432 8.5428 31.6681 37.3952 37.3952 10.3697 6.4594 175.1241 171.1117 3.5962 15.9553 0.6475 5.2699 45.5615 191.7737 65.251 5.793 14.2358 136.6048 0.6542;
	0.322 4.3515 70.2259 56.6708 9.0991 3.6274 0.2388 13.0733 3.3582 8.7369 16.15 24.0927 36.2714 4.6464 150.7863 56.8079 70.4838 74.6918 75.673 71.533 0.0796 8.464 3.4032 78.9128 50.5605 73.1997 7.9369 6.4411 0.3746 0.3746 0.0637 0.0 252.2434 184.126 14.5671 0.1598 0.0 0.0053 64.9496 135.4299 53.4735 40.2403 19.6269 130.5148 0.0;
	0.3951 5.3392 52.6296 39.0286 8.3892 2.7562 3.805 8.3817 2.7677 7.1667 13.2475 19.7627 29.7526 6.3932 117.3251 44.2015 54.8426 58.1168 54.2918 70.3032 1.2683 6.4312 15.7351 54.075 32.5869 67.0121 4.2896 8.2633 0.0142 0.0142 0.2617 0.0 180.9727 180.9605 20.0436 0.0061 0.0 0.0002 25.548 87.2864 24.5746 30.5756 27.1038 125.6563 0.0;
	0.4069 5.4977 27.7622 24.7978 3.4223 1.2223 3.5339 6.886 2.3592 5.0997 9.4268 14.0629 21.1717 9.8449 58.0708 21.8778 27.1447 28.7653 17.4084 51.9792 1.178 2.8521 10.4936 32.4344 27.2695 64.9528 4.3043 3.8245 0.3069 0.3069 2.6585 0.0 58.028 133.7945 30.865 0.131 0.0 0.1364 3.7262 73.0434 9.0174 13.5599 0.1518 86.6597 0.0;
	0.4979 6.7281 26.2859 23.9119 3.5242 0.4006 0.0845 6.4278 11.9442 5.4811 10.1317 15.1145 22.7548 20.7206 8.8183 3.3222 4.122 4.3681 0.0218 16.5708 0.0282 0.9348 4.146 35.2481 26.5959 55.8514 4.2547 0.2329 8.9914 8.9914 17.343 0.0 0.0728 42.6534 64.962 3.8363 0.0 0.54 31.1076 71.239 0.4802 4.4442 0.3571 63.1746 0.0;
	0.2944 3.9784 29.1308 24.1679 6.9203 0.0 0.0 4.9346 9.4104 0.5251 0.9706 1.448 2.1799 9.9686 4.8414 1.824 2.2631 2.3982 1.4502 8.9188 0.0 0.0 7.2798 30.8634 20.6606 44.816 3.0826 0.0 22.2815 22.2815 1.9135 0.0 4.8342 22.957 31.2528 9.5068 0.0 0.056 2.5529 55.341 0.0715 0.0 40.9449 67.2066 0.0;
	0.6819 9.2133 42.7348 5.3244 10.1761 0.0 0.0147 3.939 7.2173 0.0016 0.0029 0.0043 0.0065 7.6149 6.7994 2.5616 3.1783 3.3681 0.3252 7.5213 0.0049 0.0 11.0367 39.4887 39.0737 52.6918 1.2864 45.0298 54.9466 54.9466 4.3372 0.0 1.0841 19.36 23.8736 23.4439 51.7548 2.4236 25.7036 104.6617 0.0 0.0 0.0 84.4354 52.2939;
	1.5236 20.5874 63.0884 23.2448 12.9575 0.4263 4.2507 0.6074 16.8074 0.6153 1.1374 1.6968 2.5546 8.0306 18.3777 6.9237 8.5905 9.1034 3.291 8.2086 1.4169 0.9947 46.8952 54.2979 0.2228 50.3926 0.9793 95.0866 106.8671 106.8671 103.7919 1.6672 10.9699 21.129 25.1769 45.5966 116.3603 29.1545 150.4861 0.5967 0.2821 4.7292 0.677 114.9388 117.5724;
	2.3488 31.7369 82.385 31.0909 14.4174 3.5927 3.3374 0.1968 12.7914 23.7562 43.913 65.5096 98.6243 20.0269 22.9551 8.6482 10.7302 11.3708 13.5055 7.7817 1.1125 8.383 31.7578 62.9582 59.4492 49.7009 0.1509 188.4192 171.3528 171.3528 282.9656 2.0023 45.0182 20.0302 62.7869 73.1105 184.7443 29.0794 164.084 159.239 11.0907 39.855 109.0626 161.3496 186.6687;
	1.9102 25.8105 6.1921 43.7379 14.1762 19.4187 0.4749 0.5862 19.6991 7.2938 13.4824 20.1131 30.2802 14.9235 43.8449 16.5183 20.4949 21.7185 17.6724 8.4597 0.1583 45.3103 43.8774 1.3131 0.0005 31.7582 1.0273 119.331 214.6776 214.6776 107.8781 4.2508 58.908 21.7752 46.7873 91.5958 193.2516 29.8479 369.6256 0.0014 38.6078 215.4181 86.5135 132.2921 195.2646;
	2.3086 31.1943 25.9884 88.1439 10.2474 2.3451 1.3842 4.7778 25.5587 26.3438 48.6961 72.645 109.3666 20.8804 195.9836 73.8357 91.6109 97.0802 85.1504 39.9144 0.4614 5.472 32.4784 30.3838 9.6691 16.242 7.7016 216.936 267.9253 267.9253 105.8916 3.9546 283.8346 102.7397 65.4629 114.3148 265.6024 21.4972 374.5026 25.8993 12.6598 26.0155 90.0057 107.1514 268.3691;
	3.3734 45.5819 85.588 34.1972 14.4728 4.3719 3.1077 0.4709 27.12 18.2569 33.7476 50.3448 75.7939 10.1215 128.6077 48.4522 60.1166 63.7057 36.2756 7.7634 1.0359 10.201 45.9518 15.5993 3.5383 7.5897 1.7704 371.7566 298.9567 298.9567 195.2727 10.1555 120.9186 19.9829 31.7323 127.5549 336.9688 44.394 212.5345 9.4777 0.1118 48.4986 60.8498 177.7834 340.4789;
	3.6223 48.9454 23.2392 65.9499 15.3389 2.633 1.1902 0.5486 27.12 14.0526 25.976 38.751 58.3395 14.1669 103.3951 38.9535 48.3312 51.2167 35.921 8.0619 0.3967 6.1436 6.0608 65.6252 11.9945 6.782 7.6946 339.5603 410.6858 410.6858 219.4291 24.6484 119.7367 20.7513 44.4151 175.2259 479.2866 82.7557 63.6831 32.128 7.6353 29.2086 146.2289 231.2272 484.2791;
	2.9238 39.5066 52.5587 106.8957 15.2113 18.9065 0.0 5.5842 26.0193 10.7963 19.9568 29.7716 44.8209 1.8641 150.4012 56.6628 70.3038 74.5011 72.2908 35.6391 0.0 44.1152 16.0562 81.9656 64.8034 23.4962 11.5025 464.0413 503.6809 503.6809 354.452 35.202 240.9693 91.7352 5.8441 214.9038 554.956 103.2079 27.1302 173.5807 26.2558 209.7362 122.2699 245.4167 560.7368;
	3.2967 44.5457 90.2852 104.7702 15.2229 24.8579 0.0 4.1803 7.0339 9.0706 16.7669 25.0129 37.6568 6.4192 117.3158 44.1981 54.8383 58.1123 59.7375 45.7109 0.0 58.0018 29.5597 83.3635 63.3242 66.0228 3.3046 725.418 458.5932 458.5932 387.6759 49.2245 199.1249 117.66 20.125 195.6665 643.9427 83.9916 0.0935 169.6185 14.1914 275.7572 122.2579 223.7305 650.6504;
	3.1413 42.446 22.3219 24.9164 15.0479 0.0029 16.5041 2.6618 25.7495 21.2511 39.2823 58.6014 88.2241 6.5535 70.708 26.6388 33.0519 35.0251 9.0594 23.4244 5.5014 0.0067 56.804 62.5337 15.1296 53.9198 1.8016 741.8968 431.5138 431.5138 345.6792 47.9046 30.1981 60.2945 20.546 184.1126 583.8052 85.1394 0.0 40.5257 6.7908 0.0316 111.2705 178.3248 589.8865;
