function windprofile = ex_wind_profilesh1
%EX_WIND_PROFILE_D  Example wind_load_nyiso profile data for deterministic unit commitment.
% 2022.03.12
% Andres F. Ramirez


%% define constants
[GEN_BUS, PG, QG, QMAX, QMIN, VG, MBASE, GEN_STATUS, PMAX, PMIN, ...
    MU_PMAX, MU_PMIN, MU_QMAX, MU_QMIN, PC1, PC2, QC1MIN, QC1MAX, ...
    QC2MIN, QC2MAX, RAMP_AGC, RAMP_10, RAMP_30, RAMP_Q, APF] = idx_gen;
[CT_LABEL, CT_PROB, CT_TABLE, CT_TBUS, CT_TGEN, CT_TBRCH, CT_TAREABUS, ...
    CT_TAREAGEN, CT_TAREABRCH, CT_ROW, CT_COL, CT_CHGTYPE, CT_REP, ...
    CT_REL, CT_ADD, CT_NEWVAL, CT_TLOAD, CT_TAREALOAD, CT_LOAD_ALL_PQ, ...
    CT_LOAD_FIX_PQ, CT_LOAD_DIS_PQ, CT_LOAD_ALL_P, CT_LOAD_FIX_P, ...
    CT_LOAD_DIS_P, CT_TGENCOST, CT_TAREAGENCOST, CT_MODCOST_F, ...
    CT_MODCOST_X] = idx_ct;

windprofile = struct( ...
    'type', 'mpcData', ...
    'table', CT_TGEN, ...
    'rows', [1:45], ...
    'col', PMAX, ...
    'chgtype', 1, ...
    'values', [] );
windprofile.values(:,1,:) = [
	0.4862 6.5691 56.8395 62.1682 7.103 1.5292 0.0 8.0917 0.5893 18.1693 33.5856 50.1031 75.43 0.5963 151.2335 56.9764 70.6929 74.9134 76.3172 70.2759 0.0 3.5682 67.2802 80.3968 51.4027 48.1046 4.2448 188.9677 337.1883 337.1883 228.7803 46.4901 254.3907 180.8904 1.8696 143.867 404.4825 93.1813 0.0 137.6857 62.5232 16.9641 0.1817 68.7243 408.6959;
	0.452 6.1079 51.3333 59.2414 6.9128 6.052 0.0082 10.4524 2.0123 10.3489 19.1298 28.5379 42.9637 0.1212 115.4693 43.5024 53.9752 57.1976 57.7963 67.9052 0.0027 14.1213 29.4078 77.8861 53.4348 50.8313 5.988 76.2055 220.582 220.582 150.3785 31.3521 192.6542 174.7881 0.3801 94.115 303.0289 93.4252 0.0 143.1288 75.8444 67.1369 3.9917 90.1751 306.1855;
	0.2943 3.9768 57.707 63.6362 5.9477 1.8743 1.8946 10.3877 7.8575 8.3553 15.4446 23.0402 34.687 0.6182 85.0314 32.0351 39.7473 42.1202 52.9642 65.8672 0.6315 4.3734 1.6366 80.4315 51.0356 55.8485 5.9457 35.784 22.4868 22.4868 6.3718 17.1593 176.5472 169.5425 1.9382 9.5944 187.3454 3.4349 36.228 136.7024 67.3979 20.7924 1.5265 104.7979 189.2969;
	0.4001 5.4064 64.6037 72.4369 7.6182 0.0445 0.6221 12.6559 4.0895 14.904 27.5499 41.099 61.8743 0.0016 80.6229 30.3742 37.6865 39.9365 31.4466 63.637 0.2074 0.1039 43.6777 83.4466 56.6302 67.0521 7.2638 53.1859 9.9249 9.9249 1.7842 18.8752 104.8221 163.8017 0.005 4.2346 20.9536 1.3418 12.7791 151.6879 70.9822 0.4942 1.1768 137.6531 21.1719;
	0.4462 6.029 74.3548 71.5749 9.206 0.0069 0.7121 13.4561 2.7805 15.0956 27.904 41.6273 62.6696 0.395 115.7973 43.626 54.1285 57.36 36.3036 67.202 0.2374 0.0161 42.812 82.037 69.6057 69.2653 7.8142 104.9331 8.1081 8.1081 7.4808 9.2941 121.0119 172.9782 1.2384 3.4595 17.0663 4.3359 22.2835 186.4438 70.8711 0.0765 1.1555 145.3323 17.2441;
	0.4707 6.3596 74.3253 59.5612 9.6449 3.5478 2.2483 12.1206 7.7459 9.5154 17.5891 26.2395 39.5034 8.502 139.9823 52.7375 65.4336 69.3401 71.814 69.9415 0.7494 8.2781 34.8914 79.9804 51.9817 71.1293 7.1114 58.1028 38.1153 38.1153 5.7645 10.3333 239.3799 180.0297 26.6549 16.2625 36.7387 2.5361 13.4458 139.2366 51.9327 39.3565 26.5062 145.2545 37.1214;
	0.4156 5.615 50.04 35.6479 9.3463 2.033 3.5254 4.9986 2.094 7.8889 14.5826 21.7544 32.7511 0.8691 113.0981 42.609 52.8668 56.023 57.2718 67.7628 1.1751 4.7436 21.7553 52.0436 16.0447 64.7108 3.4453 31.1293 17.0965 17.0965 1.946 3.1465 190.9061 174.4216 2.7247 7.2945 9.8425 0.0956 1.7236 42.9769 28.3765 22.5523 32.1149 135.0365 9.945;
	0.4637 6.265 32.0045 26.8028 3.7497 2.9792 4.7823 5.2028 2.3041 5.4556 10.0846 15.0443 22.649 1.2177 61.8565 23.3041 28.9143 30.6405 13.706 47.3375 1.5941 6.9515 9.6404 34.308 23.486 56.7504 4.0305 121.7208 19.4052 19.4052 15.5717 23.2471 45.6868 121.8468 3.8177 8.2796 24.0164 6.273 58.3677 62.9089 12.4735 33.0496 26.38 102.995 24.2665;
	0.4414 5.9643 25.8876 24.8927 3.8639 6.9193 8.2245 4.5988 16.9606 5.1983 9.6089 14.3346 21.5807 2.8382 16.3855 6.1731 7.6593 8.1165 0.3597 14.8035 2.7415 16.145 1.3813 34.5676 21.725 52.8053 3.9773 93.3845 60.8023 60.8023 170.6794 25.1921 1.1991 38.1043 8.8981 25.9423 48.3369 15.1016 150.3574 58.1918 11.1782 76.7578 22.5333 79.0842 48.8404;
	0.5892 7.9611 29.4494 25.4516 8.6685 8.5446 2.2518 3.5947 26.3095 8.0551 14.8898 22.2126 33.441 4.9093 5.7764 2.1762 2.7001 2.8613 0.0 3.0288 0.7506 19.9375 8.1236 37.37 27.9646 46.9644 2.8826 46.52 32.4826 32.4826 79.1005 24.478 0.0 7.7962 15.3914 13.8592 5.7779 7.2136 61.5177 74.9052 9.2684 94.7885 55.1171 91.1983 5.8381;
	0.7604 10.274 35.13 2.1493 12.1412 1.2555 0.6683 3.04 26.1911 2.8304 5.232 7.8051 11.7505 0.0798 34.6149 13.041 16.1805 17.1464 0.1464 8.5613 0.2228 2.9294 28.9996 38.9687 36.5288 52.9127 1.1582 74.5118 73.1354 73.1354 233.3877 53.0959 0.4879 22.0368 0.2502 31.2044 58.8286 83.0525 45.4366 97.8449 5.6279 13.9273 11.57 88.6782 59.4414;
	1.548 20.9174 59.0378 5.134 14.0642 3.5404 0.2386 0.0005 24.4319 1.2598 2.3287 3.474 5.2301 0.0 73.3323 27.6275 34.2786 36.3251 2.9311 8.5905 0.0795 8.2609 46.4381 55.2897 0.5155 49.8691 0.1017 160.6554 118.9439 118.9439 186.1594 60.222 9.7705 22.112 0.0 50.7494 123.2202 56.6293 43.1922 1.3809 9.8424 39.2746 12.1085 120.0026 124.5038;
	2.1626 29.2215 75.0268 0.9244 14.8123 1.3887 0.0142 0.0 7.7102 23.6858 43.7829 65.3155 98.3321 0.0 68.3488 25.75 31.9491 33.8565 4.6141 5.7089 0.0047 3.2404 21.4831 65.2759 61.9179 56.5828 0.0093 236.8432 173.1417 173.1417 58.5498 29.8263 15.3804 14.6947 0.0 73.8738 178.9643 29.1656 37.223 165.8515 6.2881 15.4056 109.2591 150.0938 180.8285;
	1.7549 23.7127 0.0 0.0 14.2508 18.1192 0.2841 0.0 10.8116 2.8469 5.2624 7.8504 11.8188 0.0 50.723 19.1096 23.71 25.1256 6.9713 4.7662 0.0947 42.2782 35.7245 0.0 0.0 32.5238 0.0 219.0918 213.5157 213.5157 10.8149 27.4466 23.2376 12.2682 0.0 91.1 191.8956 14.7294 9.8459 0.0 0.0 201.0027 78.1297 119.4912 193.8945;
	2.1269 28.7385 0.0 0.0 9.0855 0.1828 0.6592 0.0 6.8354 2.6548 4.9074 7.3208 11.0215 0.0 22.5995 8.5142 10.564 11.1946 1.913 0.041 0.2197 0.4266 26.5216 1.6629 0.0 0.6765 0.0 302.1726 269.3329 269.3329 98.524 8.4369 6.3766 0.1056 0.0 114.9154 270.1483 19.3533 12.6732 0.0 0.6817 2.028 78.0771 84.5732 272.9624;
	2.9253 39.5273 77.1872 0.0 12.8705 2.5124 3.1893 0.0 13.4879 3.4417 6.362 9.4909 14.2885 5.0355 54.3384 20.4717 25.4 26.9165 5.0973 2.459 1.0631 5.8622 43.4046 1.577 0.0 0.4606 0.0 397.0061 277.8571 277.8571 177.9939 13.392 16.9911 6.3295 15.7871 118.5524 302.0801 43.2156 135.5298 0.0 38.5824 27.8706 0.7274 161.1777 305.2267;
	3.0633 41.3926 0.1607 0.0 14.0307 0.0247 1.4044 0.0 3.2063 5.2967 9.7908 14.6059 21.9892 4.4595 41.1065 15.4866 19.2149 20.3621 14.3482 2.9311 0.4681 0.0577 4.3389 3.8973 0.0336 0.4244 0.0 376.0225 367.9551 367.9551 174.6049 24.3338 47.8274 7.5446 13.9811 156.9942 439.3045 72.2909 39.9994 0.0901 12.567 0.2743 128.652 201.1095 443.8806;
	2.4437 33.0201 0.0058 0.1489 14.0033 18.4301 0.0136 0.0004 5.3998 8.9313 16.5094 24.6288 37.0786 0.0104 12.702 4.7854 5.9374 6.2919 16.7094 2.129 0.0045 43.0035 16.1238 7.6647 3.0187 4.5371 0.0 551.1217 456.149 456.149 301.3005 34.8721 55.6979 5.48 0.0327 194.6236 525.7458 95.8355 15.4938 8.0858 33.6979 204.4509 103.4306 207.0108 531.2223;
	2.3503 31.7572 79.744 0.1593 13.528 24.6264 0.2565 0.0 0.7907 8.1051 14.9822 22.3504 33.6484 6.6651 1.4749 0.5557 0.6894 0.7306 0.836 38.5597 0.0855 57.4615 30.3342 2.3126 0.0134 59.2533 0.0 789.8864 429.6153 429.6153 345.7932 48.4894 2.7865 99.2529 20.8959 183.3025 598.0969 79.1437 5.1773 0.0358 30.4124 273.1885 99.2875 189.8311 604.3271;
	2.4749 33.4411 7.7817 10.0054 13.3541 1.7066 16.904 0.028 25.9051 21.5535 39.8414 59.4355 89.4798 5.611 3.4344 1.2939 1.6054 1.7012 2.8182 20.1016 5.6347 3.9821 57.8547 2.2407 9.2259 51.749 0.0 793.593 432.1142 432.1142 324.2494 48.0404 9.394 51.7415 17.5913 184.3687 539.3728 73.299 0.0 24.7121 70.1627 18.932 101.9908 165.0892 544.9913;
