function windprofile = ex_wind_profilesh1
%EX_WIND_PROFILE_D  Example wind_load_nyiso profile data for deterministic unit commitment.
% 2022.03.12
% Andres F. Ramirez


%% define constants
[GEN_BUS, PG, QG, QMAX, QMIN, VG, MBASE, GEN_STATUS, PMAX, PMIN, ...
    MU_PMAX, MU_PMIN, MU_QMAX, MU_QMIN, PC1, PC2, QC1MIN, QC1MAX, ...
    QC2MIN, QC2MAX, RAMP_AGC, RAMP_10, RAMP_30, RAMP_Q, APF] = idx_gen;
[CT_LABEL, CT_PROB, CT_TABLE, CT_TBUS, CT_TGEN, CT_TBRCH, CT_TAREABUS, ...
    CT_TAREAGEN, CT_TAREABRCH, CT_ROW, CT_COL, CT_CHGTYPE, CT_REP, ...
    CT_REL, CT_ADD, CT_NEWVAL, CT_TLOAD, CT_TAREALOAD, CT_LOAD_ALL_PQ, ...
    CT_LOAD_FIX_PQ, CT_LOAD_DIS_PQ, CT_LOAD_ALL_P, CT_LOAD_FIX_P, ...
    CT_LOAD_DIS_P, CT_TGENCOST, CT_TAREAGENCOST, CT_MODCOST_F, ...
    CT_MODCOST_X] = idx_ct;

windprofile = struct( ...
    'type', 'mpcData', ...
    'table', CT_TGEN, ...
    'rows', [1:45], ...
    'col', PMAX, ...
    'chgtype', 1, ...
    'values', [] );
windprofile.values(:,1,:) = [
	0.7174 9.6931 58.3002 66.9831 7.2479 3.675 0.0 9.4593 1.7918 18.4565 34.1165 50.8952 76.6224 0.0 148.4405 55.9241 69.3873 73.5298 84.2794 72.7222 0.0 8.575 59.5082 76.6289 52.6879 49.8356 4.9536 179.4207 297.2408 297.2408 197.004 41.6858 280.9312 187.1872 0.0 126.8227 354.956 87.0265 8.9946 141.1283 67.4649 40.7679 0.3071 69.7325 358.6535;
	0.5107 6.9012 53.2634 64.784 6.1196 2.2239 0.0657 12.2999 12.1537 12.2278 22.6029 33.7191 50.7639 0.7417 132.8642 50.0558 62.1063 65.8141 82.4104 73.8429 0.0219 5.1891 32.3656 74.0651 54.2316 52.8659 6.6942 73.3417 198.9365 198.9365 149.1041 27.7265 274.7015 190.0719 2.3252 84.8796 272.2004 94.964 123.3065 145.2631 80.5389 24.6704 0.0103 91.9179 275.0358;
	0.3412 4.6102 62.0715 71.5742 5.1627 4.9249 0.2023 12.7089 3.4731 10.2357 18.9206 28.2258 42.4938 4.8774 89.4368 33.6948 41.8065 44.3024 75.7602 71.4089 0.0674 11.4915 4.335 82.2965 62.5458 56.2536 6.8553 52.0145 37.5845 37.5845 66.0836 15.0024 252.5341 183.8066 15.2913 16.0361 185.7856 22.2799 62.7721 167.5335 73.4615 54.6339 6.2128 98.5383 187.7209;
	0.3752 5.0696 64.9036 75.2407 6.714 0.1348 0.0 14.4382 1.3876 14.485 26.7753 39.9435 60.1348 2.5184 95.5621 36.0025 44.6697 47.3366 55.5908 70.5527 0.0 0.3146 38.512 82.8083 66.3362 67.3594 7.7005 16.9267 51.6408 51.6408 118.7268 19.1162 185.3026 181.6029 7.8956 22.0334 26.7279 38.5593 3.6895 177.6862 67.8339 1.4956 0.117 130.3198 27.0063;
	0.4738 6.4016 79.9354 78.272 8.5636 2.3202 0.0 15.2918 9.2263 15.3254 28.3288 42.261 63.6237 12.0187 121.2563 45.6826 56.6803 60.0642 62.8152 68.5932 0.0 5.4137 42.0206 84.9677 83.7945 72.511 9.1393 56.8497 36.6053 36.6053 74.9897 9.1711 209.384 176.5591 37.6802 15.6183 31.3251 37.1955 30.8394 224.4495 65.0939 25.7383 0.0096 150.5485 31.6514;
	0.4442 6.002 81.0413 67.1487 9.6253 4.4847 0.2796 13.7028 26.1665 9.0351 16.7013 24.9151 37.5095 22.2439 156.5327 58.9728 73.17 77.5383 86.9157 70.5464 0.0932 10.4643 33.3797 80.7213 61.8831 71.388 8.3041 398.2366 211.0173 211.0173 189.716 12.6133 289.719 181.5866 69.7375 90.034 378.3897 105.4478 53.897 165.7583 54.7328 49.7503 23.4765 151.1904 382.3313;
	0.4617 6.2379 58.606 44.887 8.3408 3.4184 4.0243 8.4556 15.506 7.9803 14.7515 22.0064 33.1305 26.0282 133.5816 50.3261 62.4416 66.1695 74.8955 67.8723 1.3414 7.9762 21.0975 54.4742 36.6148 63.3612 4.4332 234.7547 293.0167 293.0167 344.189 31.2246 249.6517 174.7034 81.6019 125.0205 238.0273 132.6792 82.0756 98.0752 28.8465 37.9213 31.2421 138.3113 240.5068;
	0.5165 6.9786 35.6255 33.6208 3.4351 3.6653 4.891 8.0083 21.1574 5.5689 10.2941 15.3567 23.1195 66.0656 72.77 27.4157 34.0157 36.0465 32.3977 45.4217 1.6303 8.5523 11.1454 35.3738 35.9614 64.1177 5.1518 46.5533 584.1836 584.1836 351.821 28.1382 107.9924 116.9155 207.1245 249.2517 287.7883 134.8235 228.7155 96.325 12.9034 40.6602 23.9749 111.2455 290.7861;
	0.6107 8.2515 28.8978 27.6924 3.3563 5.2752 2.0951 6.4915 18.6793 1.512 2.7949 4.1695 6.2772 35.1952 15.2851 5.7586 7.1449 7.5715 44.8571 11.4852 0.6984 12.3088 0.6109 34.1037 29.929 57.4336 4.9983 1.1844 196.5563 196.5563 131.3499 7.1697 149.5238 29.563 110.3418 83.864 22.1979 38.8989 47.2625 80.1669 59.6276 58.5197 40.4853 81.1432 22.4291;
	0.6006 8.1154 32.5061 28.415 7.1476 2.671 0.4917 4.9557 13.8038 4.0536 7.4931 11.1782 16.8287 10.6771 7.7258 2.9106 3.6114 3.827 14.7378 7.8131 0.1639 6.2324 5.097 39.7007 30.4198 48.5315 3.6178 16.5513 63.8045 63.8045 58.5229 4.4193 49.126 20.1109 33.4743 27.2232 8.5821 2.8193 46.3908 81.4816 56.6894 29.6308 50.3012 91.8848 8.6715;
	0.8206 11.0879 42.5427 11.8686 10.6305 2.6078 2.5933 3.8919 25.639 10.4659 19.346 28.8605 43.4493 12.1272 16.8226 6.3378 7.8636 8.3331 44.3293 7.9966 0.8644 6.0849 29.4976 39.182 45.3892 53.4398 1.6323 46.1386 73.1354 73.1354 38.6055 20.6904 147.7645 20.5833 38.0203 31.2044 53.193 4.2223 102.4922 121.5782 44.2704 28.9295 25.7421 97.4499 53.7471;
	1.5657 21.1558 67.386 26.6421 13.7003 7.4095 1.478 2.3706 20.6553 2.6617 4.9201 7.3398 11.05 9.1361 6.6513 2.5058 3.1091 3.2947 42.0845 6.9783 0.4927 17.2887 43.4767 56.6398 10.7786 52.2983 1.3509 133.5129 111.4478 111.4478 30.3374 3.1761 140.2817 17.9623 28.6429 47.5511 113.8683 3.3725 85.7878 28.8712 21.7219 82.1956 49.5817 140.4756 115.0544;
	2.3092 31.2024 83.477 14.7338 14.0839 2.63 2.5842 0.2676 8.6036 24.4699 45.2323 67.4776 101.5872 0.2735 5.0151 1.8894 2.3443 2.4842 20.6898 8.5436 0.8614 6.1367 22.3307 65.19 65.8847 54.4925 0.4181 207.7826 165.375 165.375 12.3662 3.6294 68.9661 21.9912 0.8576 70.56 161.1656 1.7695 36.2969 176.4769 0.589 29.1757 112.0449 178.3957 162.8444;
	1.8047 24.3857 57.3499 60.829 14.1127 19.4557 1.8847 5.6402 9.9306 2.7003 4.9914 7.4462 11.2102 0.0241 141.1593 53.1809 65.9837 69.9231 73.5355 10.3978 0.6282 45.3967 39.2276 35.4621 49.0787 38.1261 2.8947 84.4795 207.4674 207.4674 4.3484 5.9718 245.1183 26.7639 0.0756 88.5194 155.5767 13.8769 57.2931 131.4607 8.0615 215.8289 85.7602 151.3167 157.1973;
	2.1341 28.8367 9.8768 7.8607 8.599 0.9078 0.3973 1.0541 3.1374 0.6805 1.2579 1.8765 2.825 0.0445 7.7332 2.9134 3.6148 3.8306 2.1583 1.6813 0.1324 2.1182 3.5936 0.3376 5.0093 5.6518 0.7789 220.9112 252.2999 252.2999 67.6612 7.6972 7.1943 4.3277 0.1394 107.648 227.9399 14.1118 42.3432 13.4179 2.2136 10.0704 84.3659 107.693 230.3142;
	3.1944 43.1634 84.2221 15.9915 13.5894 2.8472 8.847 0.2153 17.517 0.6095 1.1266 1.6807 2.5303 16.401 15.3117 5.7686 7.1573 7.5846 3.7079 8.8027 2.949 6.6436 24.2685 1.224 6.3848 4.0398 0.0229 362.649 289.7612 289.7612 154.024 12.695 12.3597 22.6581 51.4194 123.6315 307.4388 45.5682 203.8376 17.1021 9.0865 31.5854 43.0236 178.1725 310.6413;
	3.587 48.4683 40.4448 44.2714 14.3561 13.1841 5.2641 5.3162 3.7861 1.6953 3.1338 4.675 7.0382 5.6791 15.4755 5.8303 7.2339 7.6658 3.8018 2.676 1.7547 30.7629 0.0 10.5238 40.6411 16.6464 0.6204 331.2281 381.3709 381.3709 162.131 21.3586 12.6725 6.888 17.8046 162.7183 425.8119 73.5034 82.9223 108.8601 4.568 146.2558 147.6875 228.0423 430.2474;
	2.7845 37.6252 3.5886 3.2854 13.802 19.8181 7.9499 4.5623 4.8328 0.8291 1.5325 2.2862 3.4418 2.1107 4.052 1.5266 1.8941 2.0071 14.1961 0.2883 2.65 46.2421 11.8644 5.1781 23.0845 20.2988 1.6496 510.7893 468.2597 468.2597 296.4225 34.2564 47.3205 0.742 6.6174 199.7908 526.6853 98.5719 42.7394 61.8334 2.989 219.8483 107.4594 212.4715 532.1716;
	3.209 43.3602 84.7945 8.5487 14.1214 27.9696 10.5368 6.6552 7.1813 8.1625 15.0883 22.5088 33.8869 7.6659 6.3292 2.3845 2.9585 3.1352 45.151 38.7893 3.5123 65.2625 25.9993 17.6417 45.7629 62.8268 0.9 785.5001 460.4259 460.4259 356.473 47.9679 150.5034 99.8438 24.0337 196.4484 633.3327 82.8642 79.4431 122.5791 8.2954 310.2766 113.6341 213.7451 639.9299;
	3.1165 42.1107 3.5377 0.1293 13.972 3.4145 19.7404 1.3471 27.2341 21.8834 40.4511 60.3451 90.8492 9.4024 20.7945 7.8342 9.7202 10.3005 17.5384 19.1748 6.5801 7.9671 56.7298 11.1866 27.7044 55.3814 0.3268 749.5079 446.3048 446.3048 318.4928 46.5611 58.4614 49.3559 29.4778 190.4234 577.0707 79.7466 102.6031 74.2083 3.7677 37.8778 110.9625 178.9803 583.0818;
