function solarprofile = ex_solar_profilesh1
%EX_WIND_PROFILE_D  Example wind_load_nyiso profile data for deterministic unit commitment.
% 2022.03.12
% Andres F. Ramirez


%% define constants
[GEN_BUS, PG, QG, QMAX, QMIN, VG, MBASE, GEN_STATUS, PMAX, PMIN, ...
    MU_PMAX, MU_PMIN, MU_QMAX, MU_QMIN, PC1, PC2, QC1MIN, QC1MAX, ...
    QC2MIN, QC2MAX, RAMP_AGC, RAMP_10, RAMP_30, RAMP_Q, APF] = idx_gen;
[CT_LABEL, CT_PROB, CT_TABLE, CT_TBUS, CT_TGEN, CT_TBRCH, CT_TAREABUS, ...
    CT_TAREAGEN, CT_TAREABRCH, CT_ROW, CT_COL, CT_CHGTYPE, CT_REP, ...
    CT_REL, CT_ADD, CT_NEWVAL, CT_TLOAD, CT_TAREALOAD, CT_LOAD_ALL_PQ, ...
    CT_LOAD_FIX_PQ, CT_LOAD_DIS_PQ, CT_LOAD_ALL_P, CT_LOAD_FIX_P, ...
    CT_LOAD_DIS_P, CT_TGENCOST, CT_TAREAGENCOST, CT_MODCOST_F, ...
    CT_MODCOST_X] = idx_ct;

solarprofile = struct( ...
    'type', 'mpcData', ...
    'table', CT_TGEN, ...
    'rows', [1:12], ...
    'col', PMAX, ...
    'chgtype', 1, ...
    'values', [] );
solarprofile.values(:,1,:) = [
	0.0 0.0 0.0 0.0 0.0 0.0 0.0 0.0 0.0 0.0 0.0 0.0;
	0.0 0.0 0.0 0.0 0.0 0.0 0.0 0.0 0.0 0.0 0.0 0.0;
	0.0 0.0 0.0 0.0 0.0 0.0 0.0 0.0 0.0 0.0 0.0 0.0;
	0.0 0.0 0.0 0.0 0.0 0.0 0.0 0.0 0.0 0.0 0.0 0.0;
	0.0 0.0 0.0 0.0 0.0 0.0 0.0 0.0 0.0 0.0 0.0 0.0;
	0.4836 0.4024 0.4227 0.0 0.0 0.0 0.0 0.258 0.0 0.0 0.0 0.0;
	7.9926 6.9737 4.3774 0.6726 3.4371 68.6808 8.5851 58.4179 94.4096 12.7816 18.174 23.1475;
	19.6004 15.8698 11.9017 3.6785 6.9946 88.6524 11.0815 71.4377 233.7186 23.9388 42.6224 43.3533;
	23.8016 16.6869 13.8 8.0988 8.1338 106.883 13.3604 73.1747 249.0692 34.7562 63.8518 62.9437;
	24.8271 16.1547 13.6408 7.8091 6.2165 52.2123 6.5265 56.152 126.1862 52.1661 48.3257 94.4731;
	25.1713 16.371 13.5604 9.0325 8.3615 81.4448 10.1806 55.949 97.2851 63.665 52.9568 115.2976;
	25.1863 16.3954 13.769 9.9516 9.5733 134.1441 16.768 53.7062 90.8798 55.4006 51.3247 100.3309;
	23.8652 16.2284 13.4827 10.6191 9.3742 152.7791 19.0974 18.1166 73.7458 37.677 40.4356 68.2334;
	23.2088 16.7415 13.6925 9.5192 8.2146 175.0856 21.8857 20.5787 102.3203 41.8633 29.8329 75.8147;
	18.1529 13.881 10.5087 7.079 6.6974 206.4319 25.804 23.871 130.1854 48.8301 24.5966 88.4317;
	3.9059 2.7959 2.3707 1.5574 2.2072 138.8968 17.3621 29.2648 108.1686 45.368 9.3907 82.1616;
	0.5433 0.4072 0.3445 0.6359 1.1474 14.8067 1.8508 5.3372 12.9045 15.9775 6.9903 28.9354;
	0.0 0.0 0.0 0.0 0.0 0.0 0.0 0.0 0.0 0.0 0.0 0.0;
	0.0 0.0 0.0 0.0 0.0 0.0 0.0 0.0 0.0 0.0 0.0 0.0;
	0.0 0.0 0.0 0.0 0.0 0.0 0.0 0.0 0.0 0.0 0.0 0.0;
	0.0 0.0 0.0 0.0 0.0 0.0 0.0 0.0 0.0 0.0 0.0 0.0;
	0.0 0.0 0.0 0.0 0.0 0.0 0.0 0.0 0.0 0.0 0.0 0.0;
	0.0 0.0 0.0 0.0 0.0 0.0 0.0 0.0 0.0 0.0 0.0 0.0;
	0.0 0.0 0.0 0.0 0.0 0.0 0.0 0.0 0.0 0.0 0.0 0.0;
];
