function windprofile = ex_wind_profilesh1
%EX_WIND_PROFILE_D  Example wind_load_nyiso profile data for deterministic unit commitment.
% 2022.03.12
% Andres F. Ramirez


%% define constants
[GEN_BUS, PG, QG, QMAX, QMIN, VG, MBASE, GEN_STATUS, PMAX, PMIN, ...
    MU_PMAX, MU_PMIN, MU_QMAX, MU_QMIN, PC1, PC2, QC1MIN, QC1MAX, ...
    QC2MIN, QC2MAX, RAMP_AGC, RAMP_10, RAMP_30, RAMP_Q, APF] = idx_gen;
[CT_LABEL, CT_PROB, CT_TABLE, CT_TBUS, CT_TGEN, CT_TBRCH, CT_TAREABUS, ...
    CT_TAREAGEN, CT_TAREABRCH, CT_ROW, CT_COL, CT_CHGTYPE, CT_REP, ...
    CT_REL, CT_ADD, CT_NEWVAL, CT_TLOAD, CT_TAREALOAD, CT_LOAD_ALL_PQ, ...
    CT_LOAD_FIX_PQ, CT_LOAD_DIS_PQ, CT_LOAD_ALL_P, CT_LOAD_FIX_P, ...
    CT_LOAD_DIS_P, CT_TGENCOST, CT_TAREAGENCOST, CT_MODCOST_F, ...
    CT_MODCOST_X] = idx_ct;

windprofile = struct( ...
    'type', 'mpcData', ...
    'table', CT_TGEN, ...
    'rows', [1:45], ...
    'col', PMAX, ...
    'chgtype', 1, ...
    'values', [] );
windprofile.values(:,1,:) = [
	0.8552 11.5556 58.9128 60.9463 8.0563 5.6405 1.637 7.9678 2.4641 19.1729 35.4408 52.8707 79.5965 0.0 140.2575 52.8412 65.5622 69.4764 81.3958 67.9482 0.5457 13.1613 65.7611 73.7272 48.6316 47.5355 4.4016 189.5097 314.0435 314.0435 199.0874 41.9494 271.3193 174.8989 0.0 133.9919 353.3096 78.9471 0.0 130.2632 64.0844 62.5724 9.9253 78.8256 356.9899;
	0.5591 7.5552 52.1174 57.4535 6.9663 0.7552 0.0 9.3435 0.0669 9.7622 18.0453 26.92 40.5279 0.003 116.8958 44.0398 54.642 57.9042 68.9385 67.2203 0.0 1.7622 5.9118 68.6094 45.8341 47.0285 5.4159 58.557 210.2212 210.2212 94.2992 26.7558 229.7949 173.0252 0.0095 89.6944 245.6538 74.1213 0.0 122.7699 77.1334 8.3781 3.8285 89.0984 248.2127;
	0.3852 5.2054 58.8486 58.2299 6.0158 0.1672 0.0 6.3339 1.2239 9.8179 18.1483 27.0737 40.7593 0.1075 84.434 31.81 39.468 41.8243 59.8264 66.881 0.0 0.3902 25.8746 68.1034 44.241 43.7997 5.1063 0.0 0.0 0.0 0.0 13.8478 199.4213 172.1518 0.337 0.0 102.4785 0.0 0.3871 118.5026 68.8198 1.8552 1.907 92.8022 103.546;
	0.4089 5.5254 65.1707 57.4275 8.6128 0.1251 0.2574 11.3913 4.4356 14.2675 26.3732 39.3436 59.2316 0.0054 95.6164 36.0229 44.6951 47.3635 43.3312 65.5357 0.0858 0.2919 44.6095 72.9147 48.2815 52.9372 6.2259 0.0 0.5536 0.5536 0.0 15.6164 144.4375 168.6892 0.0171 0.2362 0.0 0.0 14.5414 129.3255 62.4033 1.3876 7.1233 122.4725 0.0;
	0.5361 7.2437 78.475 68.4888 10.7304 3.7424 2.3899 13.2443 13.9393 15.3184 28.3159 42.2417 63.5946 4.5502 120.7234 45.4819 56.4312 59.8002 49.2194 66.5371 0.7966 8.7322 45.1665 75.2028 67.9076 66.3932 7.9398 16.4346 10.8309 10.8309 9.7884 9.6401 164.0646 171.2668 14.2654 4.6212 7.6797 0.2813 144.54 181.8954 67.977 41.5154 64.1657 142.7655 7.7597;
	0.527 7.1205 79.0942 55.5556 11.1825 4.4873 0.0604 11.419 7.4811 9.1446 16.9036 25.2169 37.9639 4.9785 145.3421 54.7568 67.939 71.995 76.8862 68.5346 0.0201 10.4704 34.6418 72.7002 48.5227 61.7775 6.5932 7.8771 7.9294 7.9294 5.3139 7.4266 256.2875 176.4082 15.6083 3.3832 6.3099 0.4753 86.5887 129.9714 54.0027 49.7794 26.6305 141.202 6.3756;
	0.4782 6.4611 54.2478 30.997 9.5514 2.993 3.2422 7.4932 2.4312 7.5412 13.9398 20.7954 31.3074 5.4339 119.4851 45.0153 55.8523 59.1868 63.7209 66.878 1.0807 6.9837 24.3802 48.0791 29.5009 54.9896 3.4515 21.0193 4.5055 4.5055 5.8965 0.2955 212.403 172.1441 17.0359 1.9223 3.7667 5.1123 30.127 79.0202 28.1746 33.2024 33.3266 136.0369 3.8059;
	0.5108 6.902 32.8062 15.0523 3.4743 2.3459 4.5334 4.4804 2.1676 4.3648 8.0682 12.0362 18.1205 2.4757 62.1747 23.424 29.0631 30.7982 17.0978 42.7971 1.5111 5.4737 10.7684 0.0 21.3863 49.9386 3.1754 19.7558 50.4822 50.4822 79.5929 1.5249 56.9927 110.1598 7.7616 21.5391 24.5426 46.3557 100.4038 57.2848 9.9978 26.0233 10.1797 103.5449 24.7982;
	0.6086 8.2235 27.6239 15.4527 3.2887 2.7929 0.7804 2.9108 0.2592 0.9225 1.7052 2.5438 3.8296 3.7309 16.4008 6.1789 7.6664 8.1241 8.4874 17.0514 0.2601 6.5168 5.5279 0.0 20.8999 36.3482 1.6005 16.1896 59.5 59.5 19.095 1.2957 28.2913 43.8903 11.697 25.3867 23.7325 5.9912 30.8362 55.982 0.0006 30.9829 3.272 68.4443 23.9797;
	0.5462 7.3808 29.8863 6.5594 6.5862 2.3932 0.0533 1.6378 0.0 2.2558 4.1698 6.2205 9.365 4.0856 10.2712 3.8696 4.8012 5.0878 0.0 8.763 0.0178 5.5841 10.5379 0.0 20.9562 25.5943 0.7117 44.8606 38.3393 38.3393 3.0913 1.3867 0.0 22.5559 12.809 16.3581 21.996 0.231 2.319 56.1327 0.0 26.5482 46.9353 86.2142 22.2251;
	0.6889 9.3085 33.6002 0.0 9.2589 0.0 1.8731 0.4222 0.0 0.1954 0.3612 0.5389 0.8112 2.6157 2.9449 1.1095 1.3766 1.4587 0.0019 5.6819 0.6244 0.0 31.2074 1.0065 2.8413 34.7715 0.0 62.978 75.6882 75.6882 5.7154 2.4315 0.0064 14.6252 8.2005 32.2936 76.2262 0.1103 71.2215 7.6107 0.0 0.0 0.0158 92.2372 77.0202;
	1.5515 20.9644 50.1099 0.0 11.2062 0.5695 0.7893 0.0 0.0 4.9212 9.0968 13.5707 20.4306 8.1467 10.9114 4.1108 5.1004 5.4049 3.9798 5.0098 0.2631 1.3289 48.6897 17.0268 0.0 24.1478 0.0 156.4949 107.8119 107.8119 24.3822 2.6545 13.2661 12.8951 25.541 45.9997 116.314 0.9623 87.4767 0.0 0.0 6.3181 0.0761 122.9262 117.5256;
	2.2702 30.6758 68.0457 0.0 12.9186 0.0027 0.2249 0.0 0.0 24.4016 45.106 67.2893 101.3037 6.763 12.7084 4.7878 5.9404 6.2951 0.0666 7.6041 0.075 0.0063 30.5258 42.6063 38.8969 43.3775 0.0 259.3271 171.418 171.418 19.0577 4.1771 0.2219 19.5729 21.2029 73.1383 179.746 0.5683 127.404 104.1881 0.0 0.0298 101.6036 162.8043 181.6184;
	1.6487 22.2775 0.0 0.0 9.7989 16.5577 1.4716 0.0 0.0 0.0009 0.0017 0.0026 0.0038 5.0074 6.3347 2.3866 2.9611 3.1379 0.0822 6.227 0.4905 38.6347 17.767 0.0 0.0 5.6292 0.0 212.7323 204.1098 204.1098 21.6933 4.0534 0.2741 16.0283 15.6988 87.0869 177.6346 6.7864 100.4515 0.0 0.0 183.6802 61.7078 126.6825 179.485;
	1.9058 25.7518 0.0 0.0 7.441 0.0 0.2147 0.0 0.0 0.0007 0.0014 0.002 0.0031 16.2427 6.2739 2.3636 2.9327 3.1077 0.1019 1.5193 0.0716 0.0 20.8658 0.0 0.0 0.0074 0.0 303.2972 264.2934 264.2934 99.5434 5.7596 0.3397 3.9106 50.9232 112.7652 257.4305 11.8302 6.9013 0.0 0.0004 0.0 66.5572 99.3785 260.112;
	2.9921 40.4302 81.2501 0.8705 13.6154 0.0309 5.2497 0.0008 5.1018 2.7453 5.0747 7.5704 11.3973 42.0737 49.3966 18.6099 23.09 24.4685 10.3483 4.1431 1.7499 0.0721 40.8362 0.0 0.0 0.637 0.0 408.5825 281.7203 281.7203 183.2619 11.8264 34.4945 10.6643 131.9067 120.2007 299.6899 40.3199 188.7886 0.0 0.3653 0.3426 0.0005 178.4154 302.8117;
	3.3587 45.3832 13.6699 9.2542 14.3901 1.0383 1.8278 0.3621 5.7623 0.0311 0.0575 0.0858 0.1292 49.4096 32.2298 12.1424 15.0656 15.965 38.704 1.2451 0.6093 2.4227 0.3315 1.8153 19.2287 11.9255 0.0 383.4837 386.325 386.325 203.3208 24.9313 129.0134 3.2048 154.9057 164.832 442.236 69.8639 97.4315 51.5056 2.0116 11.5184 134.1412 219.1969 446.8426;
	2.7335 36.9352 10.7035 0.237 14.3578 18.3709 5.7273 0.2573 4.4731 0.7441 1.3755 2.0519 3.0891 52.0113 26.7372 10.0731 12.4981 13.2443 2.873 0.5395 1.9091 42.8654 14.9535 6.5385 14.7736 16.8778 0.0276 503.4048 488.9876 488.9876 341.4068 33.4417 9.5766 1.3886 163.0623 208.6347 516.5737 91.1307 86.8765 39.572 38.0175 203.7944 110.5594 224.0058 521.9547;
	3.201 43.2531 85.3467 7.4782 15.0646 25.8651 8.9931 0.0225 2.8886 6.7977 12.5654 18.7451 28.2207 10.1785 8.3201 3.1345 3.8892 4.1213 3.3125 37.6567 2.9977 60.3518 2.0932 6.5605 7.6255 62.1408 0.0129 689.6634 466.3387 466.3387 375.3799 44.0908 11.0417 96.9284 31.9109 198.9712 602.2752 75.354 53.5984 20.4254 51.398 286.9297 113.8942 209.8103 608.5489;
	3.3568 45.3576 3.8631 13.2832 14.8786 5.0103 20.4757 0.1249 27.0469 21.0424 38.8966 58.0261 87.3579 45.8561 4.4746 1.6858 2.0916 2.2165 3.441 14.3272 6.8252 11.6907 55.429 0.524 2.2143 50.9886 0.0 689.9112 488.8055 488.8055 374.2215 43.0572 11.4699 36.8782 143.765 208.557 570.4666 77.0919 63.6941 5.9311 69.6656 55.5808 118.8796 175.9654 576.4089;
	3.3616 45.423 84.114 4.3646 14.5915 2.4599 4.2168 0.0 26.986 22.2012 41.0385 61.2214 92.1684 9.8696 24.3259 9.1646 11.371 12.0498 8.4195 28.5363 1.4056 5.7398 68.4252 77.1824 0.4729 53.1689 0.0 554.5199 392.9524 392.9524 249.6785 51.6517 28.0651 73.4526 30.9426 167.6597 531.3039 72.6762 0.1196 1.2666 32.8468 27.2888 113.3717 166.5336 536.8383;
