function solarprofile = ex_solar_profilesh1
%EX_WIND_PROFILE_D  Example wind_load_nyiso profile data for deterministic unit commitment.
% 2022.03.12
% Andres F. Ramirez


%% define constants
[GEN_BUS, PG, QG, QMAX, QMIN, VG, MBASE, GEN_STATUS, PMAX, PMIN, ...
    MU_PMAX, MU_PMIN, MU_QMAX, MU_QMIN, PC1, PC2, QC1MIN, QC1MAX, ...
    QC2MIN, QC2MAX, RAMP_AGC, RAMP_10, RAMP_30, RAMP_Q, APF] = idx_gen;
[CT_LABEL, CT_PROB, CT_TABLE, CT_TBUS, CT_TGEN, CT_TBRCH, CT_TAREABUS, ...
    CT_TAREAGEN, CT_TAREABRCH, CT_ROW, CT_COL, CT_CHGTYPE, CT_REP, ...
    CT_REL, CT_ADD, CT_NEWVAL, CT_TLOAD, CT_TAREALOAD, CT_LOAD_ALL_PQ, ...
    CT_LOAD_FIX_PQ, CT_LOAD_DIS_PQ, CT_LOAD_ALL_P, CT_LOAD_FIX_P, ...
    CT_LOAD_DIS_P, CT_TGENCOST, CT_TAREAGENCOST, CT_MODCOST_F, ...
    CT_MODCOST_X] = idx_ct;

solarprofile = struct( ...
    'type', 'mpcData', ...
    'table', CT_TGEN, ...
    'rows', [1:12], ...
    'col', PMAX, ...
    'chgtype', 1, ...
    'values', [] );
solarprofile.values(:,1,:) = [
	0.0 0.0 0.0 0.0 0.0 0.0 0.0 0.0 0.0 0.0 0.0 0.0;
	0.0 0.0 0.0 0.0 0.0 0.0 0.0 0.0 0.0 0.0 0.0 0.0;
	0.0 0.0 0.0 0.0 0.0 0.0 0.0 0.0 0.0 0.0 0.0 0.0;
	0.0 0.0 0.0 0.0 0.0 0.0 0.0 0.0 0.0 0.0 0.0 0.0;
	0.0 0.0 0.0 0.0 0.0 0.0 0.0 0.0 0.0 0.0 0.0 0.0;
	0.4731 0.4018 0.4224 0.0 0.0 0.0 0.0 0.2872 0.0 0.0 0.0 0.0;
	18.298 12.5559 9.1841 2.5153 3.9302 260.2037 32.5255 57.7902 147.8579 11.989 5.2006 21.7121;
	19.5157 15.0418 12.2425 7.874 5.0484 429.8049 53.7256 75.3624 259.2816 8.4082 11.3349 15.2273;
	22.3718 16.6083 13.8 11.0273 7.2139 443.963 55.4954 77.9548 272.4751 12.8243 16.5529 23.225;
	24.7551 16.2454 13.6408 10.9498 6.4794 344.6798 43.085 74.6484 261.105 26.4755 22.6436 47.9473;
	25.9389 16.6249 13.7627 9.8362 6.4437 363.3455 45.4182 74.074 270.7198 37.0322 23.4446 67.0656;
	25.7246 16.5141 13.769 8.2668 5.1454 377.1945 47.1493 72.6564 272.2042 39.7362 23.3132 71.9624;
	13.9435 10.4249 9.1633 6.9113 4.0061 327.7961 40.9745 62.7074 249.5466 36.3442 23.3664 65.8195;
	9.7132 7.2065 6.8711 6.1081 3.4074 347.7729 43.4716 59.9004 240.2571 44.5472 22.5942 80.6752;
	7.1754 6.0921 5.0863 5.269 3.3367 344.5431 43.0679 60.4844 235.8151 47.8824 24.5106 86.7152;
	2.849 2.2169 1.5134 2.8706 0.5275 295.3451 36.9181 42.0683 171.5137 19.3142 10.2181 34.9781;
	0.3546 0.3067 0.2891 0.8557 0.1929 33.6082 4.201 4.9922 18.8217 8.2199 9.862 14.8863;
	0.0 0.0 0.0 0.0 0.0 0.0 0.0 0.0 0.0 0.0 0.0 0.0;
	0.0 0.0 0.0 0.0 0.0 0.0 0.0 0.0 0.0 0.0 0.0 0.0;
	0.0 0.0 0.0 0.0 0.0 0.0 0.0 0.0 0.0 0.0 0.0 0.0;
	0.0 0.0 0.0 0.0 0.0 0.0 0.0 0.0 0.0 0.0 0.0 0.0;
	0.0 0.0 0.0 0.0 0.0 0.0 0.0 0.0 0.0 0.0 0.0 0.0;
	0.0 0.0 0.0 0.0 0.0 0.0 0.0 0.0 0.0 0.0 0.0 0.0;
	0.0 0.0 0.0 0.0 0.0 0.0 0.0 0.0 0.0 0.0 0.0 0.0;
];
