function windprofile = ex_wind_profilesh1
%EX_WIND_PROFILE_D  Example wind_load_nyiso profile data for deterministic unit commitment.
% 2022.03.12
% Andres F. Ramirez


%% define constants
[GEN_BUS, PG, QG, QMAX, QMIN, VG, MBASE, GEN_STATUS, PMAX, PMIN, ...
    MU_PMAX, MU_PMIN, MU_QMAX, MU_QMIN, PC1, PC2, QC1MIN, QC1MAX, ...
    QC2MIN, QC2MAX, RAMP_AGC, RAMP_10, RAMP_30, RAMP_Q, APF] = idx_gen;
[CT_LABEL, CT_PROB, CT_TABLE, CT_TBUS, CT_TGEN, CT_TBRCH, CT_TAREABUS, ...
    CT_TAREAGEN, CT_TAREABRCH, CT_ROW, CT_COL, CT_CHGTYPE, CT_REP, ...
    CT_REL, CT_ADD, CT_NEWVAL, CT_TLOAD, CT_TAREALOAD, CT_LOAD_ALL_PQ, ...
    CT_LOAD_FIX_PQ, CT_LOAD_DIS_PQ, CT_LOAD_ALL_P, CT_LOAD_FIX_P, ...
    CT_LOAD_DIS_P, CT_TGENCOST, CT_TAREAGENCOST, CT_MODCOST_F, ...
    CT_MODCOST_X] = idx_ct;

windprofile = struct( ...
    'type', 'mpcData', ...
    'table', CT_TGEN, ...
    'rows', [1:45], ...
    'col', PMAX, ...
    'chgtype', 1, ...
    'values', [] );
windprofile.values(:,1,:) = [
	0.7524 10.1662 55.4651 63.8737 6.8905 0.4236 1.02 8.5678 8.2817 16.2717 30.0779 44.8703 67.5521 12.4288 110.7873 41.7385 51.7866 54.8783 73.9833 64.2123 0.34 0.9884 61.7151 66.9973 50.9956 47.3005 4.4572 214.5992 312.7876 312.7876 205.771 48.2329 246.611 165.2826 38.9661 133.456 369.4905 82.2377 36.3637 136.5953 57.1428 4.6994 3.1024 56.0582 373.3394;
	0.53 7.1609 56.7986 64.36 6.4345 1.032 0.0109 11.7314 14.7528 11.5834 21.4118 31.9421 48.0887 18.8342 110.3394 41.5697 51.5772 54.6565 73.1495 67.4613 0.0036 2.4079 35.0832 74.063 58.6718 52.4655 6.2446 84.4541 220.7188 220.7188 146.5652 28.0245 243.8316 173.6455 59.0476 94.1734 281.5971 76.2305 113.8529 157.1567 75.6863 11.4479 0.0041 80.4991 284.5304;
	0.286 3.8639 61.2713 66.9367 5.4849 1.7192 0.3433 11.5632 5.9421 9.0835 16.7908 25.0486 37.7105 37.7168 67.9766 25.6098 31.7751 33.6721 64.3345 66.9702 0.1144 4.0116 26.8546 75.9851 58.8618 55.7495 6.4202 10.845 8.861 8.861 5.4014 15.7203 214.4483 172.3813 118.2473 3.7807 151.8314 0.329 52.1542 157.6656 69.3155 19.0722 5.8625 84.6764 153.413;
	0.3406 4.6021 68.4415 73.549 7.6426 0.9139 0.0374 13.6876 9.348 15.1807 28.0612 41.8618 63.0227 20.7739 81.4665 30.692 38.0809 40.3544 46.21 69.0273 0.0125 2.1323 49.3767 76.7809 64.7006 65.1095 7.7446 39.8561 2.1283 2.1283 9.1534 18.4871 154.0334 177.6765 65.1291 0.9081 4.2154 1.2358 30.0373 173.3051 72.5241 10.1378 2.6171 122.4498 4.2593;
	0.4013 5.4228 81.4679 76.9866 9.3642 2.5211 0.0 13.9965 6.3988 15.0676 27.8523 41.5501 62.5534 17.0548 115.2212 43.4089 53.8592 57.0747 55.3602 68.2925 0.0 5.8825 47.8338 80.5953 78.9483 69.0762 9.1597 116.2944 0.6319 0.6319 0.7945 8.7415 184.5339 175.7851 53.4691 0.2696 6.5716 0.0 37.749 211.4686 68.9567 27.9671 5.8737 144.0587 6.64;
	0.4433 5.9898 78.6451 63.4299 9.3013 4.0236 0.0 12.7262 2.9492 7.8349 14.4827 21.6054 32.5267 26.2025 136.229 51.3235 63.6791 67.4809 74.0216 67.4923 0.0 9.3885 30.8286 76.2423 58.4114 69.3578 8.1074 90.5798 0.017 0.017 13.6868 8.9158 246.7388 173.7253 82.1484 0.0073 1.0159 0.269 5.4489 156.459 55.7637 44.6354 23.8992 134.647 1.0265;
	0.4509 6.093 58.4322 45.2488 9.2856 3.2431 3.8121 8.5273 3.7259 6.6439 12.2812 18.3211 27.5823 31.4012 112.1899 42.2669 52.4423 55.5731 62.5938 66.526 1.2707 7.5672 22.2614 54.4757 37.4453 64.0306 4.3367 315.6499 15.8826 15.8826 85.7724 0.98 208.6459 171.2382 98.4469 6.7766 19.3516 4.9003 11.3862 100.2999 32.3608 35.9766 32.0248 132.8543 19.5532;
	0.4946 6.6827 34.2122 30.5308 4.2651 3.1935 4.3587 7.609 3.8983 5.0925 9.4133 14.0428 21.1414 2.991 65.5697 24.703 30.65 32.4799 20.2048 43.503 1.4529 7.4515 12.4221 34.3223 34.4047 64.0441 4.519 362.1227 14.1316 14.1316 139.5328 5.3978 67.3493 111.9769 9.377 6.0295 29.8718 17.3485 22.6625 92.1554 13.7609 35.4268 7.3522 98.7939 30.183;
	0.4611 6.2303 28.0237 25.2457 3.6434 0.2455 0.0 5.9799 5.2139 0.6459 1.1939 1.7811 2.6814 4.5374 14.5476 5.4807 6.8002 7.2062 12.7676 13.299 0.0 0.5729 5.7945 35.0508 30.0636 54.9439 4.4145 186.0634 11.8154 11.8154 81.9901 8.7183 42.5588 34.2318 14.2254 5.0412 6.0901 16.3271 0.2646 80.5275 16.4894 2.7235 0.054 55.5534 6.1535;
	0.4107 5.5496 28.4667 23.8518 7.3969 0.1873 0.0 4.5638 4.1519 0.5321 0.9836 1.4674 2.2091 0.656 3.6704 1.3828 1.7157 1.8181 1.2109 7.0209 0.0 0.4371 8.4908 34.3103 30.0294 40.2717 3.2493 138.7329 22.6747 22.6747 10.7012 8.7809 4.0365 18.0717 2.0565 9.6746 2.0345 1.3051 0.0 80.4359 10.1574 2.078 46.0618 72.5047 2.0557;
	0.7831 10.5812 39.6059 6.7252 11.443 2.2396 0.0 3.3999 11.787 1.7116 3.1639 4.7199 7.1058 0.7866 0.0 0.0 0.0 0.0 0.0166 6.4191 0.0 5.2257 2.9912 39.4034 42.2466 40.373 1.373 77.5905 60.8756 60.8756 14.4672 2.7347 0.0552 16.5229 2.466 25.9736 57.3705 1.8287 0.0 113.1605 4.3618 24.8447 2.7517 85.0338 57.9681;
	1.4014 18.9361 60.1231 1.0523 13.2975 0.0 0.0 0.0001 0.2614 0.0 0.0 0.0 0.0 0.0 0.0895 0.0337 0.0418 0.0443 0.7234 5.6351 0.0 0.0001 28.0295 53.1549 1.1017 29.1746 0.2489 137.9714 94.0221 94.0221 3.503 1.986 2.4114 14.5049 0.0 40.1161 106.8768 0.2676 0.0 2.9509 1.1422 0.0003 0.2972 128.8169 107.9901;
	2.2844 30.8668 83.1781 25.3093 14.7696 1.6748 1.3603 0.639 1.5526 22.3468 41.3078 61.6231 92.7732 1.8698 0.0 0.0 0.0 0.0 0.0 2.2683 0.4534 3.9079 27.6233 68.0009 67.0252 44.3254 1.411 257.5877 177.1476 177.1476 22.6686 4.3418 0.0 5.8386 5.8621 75.583 197.1289 0.038 0.0 179.5318 8.9127 18.5794 115.806 162.7035 199.1823;
	1.6823 22.7314 0.5826 6.5325 14.0766 18.4323 1.1249 0.6102 5.8054 0.008 0.0147 0.0219 0.033 1.3286 0.0 0.0 0.0 0.0 0.0 1.7859 0.375 43.0088 21.3915 4.0099 3.9808 30.3478 0.6438 218.5457 213.2414 213.2414 3.9095 4.2685 0.0 4.597 4.1654 90.983 199.7156 6.5424 0.0 10.6629 3.5798 204.4762 80.9223 133.4169 201.7959;
	2.1129 28.5494 4.5049 18.3454 9.07 1.9896 0.7547 0.4189 3.6812 0.0 0.0 0.0 0.0 6.9162 0.0 0.0 0.0 0.0 0.0 0.0 0.2516 4.6423 1.3705 2.5016 4.0588 1.5492 0.3681 347.4059 274.2697 274.2697 88.9843 6.4703 0.0 0.0 21.6832 117.0218 286.6736 11.6075 20.2526 10.8717 26.1895 22.0709 83.7117 104.8511 289.6598;
	3.1707 42.843 85.3506 32.0116 13.7493 0.9459 0.0 0.372 3.1052 0.0107 0.0198 0.0296 0.0445 6.631 5.1108 1.9255 2.389 2.5316 0.3876 0.6349 0.0 2.207 20.6043 0.0829 1.5004 0.0973 0.5314 425.5537 299.0885 299.0885 174.0851 11.1844 1.292 1.6343 20.7892 127.6111 322.2661 34.5578 3.2773 4.019 0.6079 10.4929 10.7541 178.6513 325.623;
	3.4828 47.0599 26.2522 39.0415 14.317 2.7717 0.1812 1.0431 5.4196 0.032 0.0592 0.0883 0.133 0.2192 13.8839 5.2307 6.4899 6.8774 1.4493 1.2054 0.0604 6.4674 0.0 0.0809 0.9948 20.7339 1.0555 414.9398 389.061 389.061 211.6672 25.3005 4.831 3.1026 0.6874 165.9993 461.5132 75.4985 0.4055 2.6646 3.8876 30.7477 137.2867 226.4703 466.3206;
	2.9212 39.4715 26.9486 24.3819 14.3855 20.3816 0.6174 4.2126 5.2713 4.294 7.9373 11.8409 17.8264 1.6276 19.8412 7.4751 9.2746 9.8283 11.8691 2.3941 0.2058 47.5571 11.7596 1.5019 8.444 35.0428 3.74 608.5623 488.6081 488.6081 359.2201 34.7212 39.5638 6.1623 5.1028 208.4728 570.0648 101.0737 69.3891 22.6178 2.4727 226.1 116.2613 233.1955 576.003;
	3.1421 42.4569 85.8132 8.7715 14.589 25.7466 8.7714 1.3905 7.354 8.1006 14.9738 22.3379 33.6296 8.7183 34.2138 12.8898 15.9929 16.9477 18.7611 41.8187 2.9238 60.0753 15.9908 0.4687 0.5994 60.866 1.33 836.4308 466.5611 466.5611 393.55 45.826 62.5369 107.6415 27.3329 199.0661 658.8744 79.8074 314.4336 1.6056 4.8687 285.6153 112.8354 205.7304 665.7377;
	3.0822 41.6467 30.3992 24.2549 14.1408 1.2528 19.4483 1.0186 26.8771 21.6438 40.0082 59.6844 89.8546 28.7275 62.1655 23.4205 29.0588 30.7936 16.576 20.0241 6.4828 2.9232 43.7569 11.62 5.3162 55.3017 0.0648 801.2618 462.7898 462.7898 371.3754 46.1815 55.2533 51.5422 90.0647 197.457 610.995 78.897 185.009 14.2397 0.4776 13.8976 104.8713 184.9099 617.3595;
