function windprofile = ex_wind_profilesh1
%EX_WIND_PROFILE_D  Example wind_load_nyiso profile data for deterministic unit commitment.
% 2022.03.12
% Andres F. Ramirez


%% define constants
[GEN_BUS, PG, QG, QMAX, QMIN, VG, MBASE, GEN_STATUS, PMAX, PMIN, ...
    MU_PMAX, MU_PMIN, MU_QMAX, MU_QMIN, PC1, PC2, QC1MIN, QC1MAX, ...
    QC2MIN, QC2MAX, RAMP_AGC, RAMP_10, RAMP_30, RAMP_Q, APF] = idx_gen;
[CT_LABEL, CT_PROB, CT_TABLE, CT_TBUS, CT_TGEN, CT_TBRCH, CT_TAREABUS, ...
    CT_TAREAGEN, CT_TAREABRCH, CT_ROW, CT_COL, CT_CHGTYPE, CT_REP, ...
    CT_REL, CT_ADD, CT_NEWVAL, CT_TLOAD, CT_TAREALOAD, CT_LOAD_ALL_PQ, ...
    CT_LOAD_FIX_PQ, CT_LOAD_DIS_PQ, CT_LOAD_ALL_P, CT_LOAD_FIX_P, ...
    CT_LOAD_DIS_P, CT_TGENCOST, CT_TAREAGENCOST, CT_MODCOST_F, ...
    CT_MODCOST_X] = idx_ct;

windprofile = struct( ...
    'type', 'mpcData', ...
    'table', CT_TGEN, ...
    'rows', [1:45], ...
    'col', PMAX, ...
    'chgtype', 1, ...
    'values', [] );
windprofile.values(:,1,:) = [
	0.2859 3.8629 54.0785 63.2041 6.0628 0.1345 6.6699 8.1083 1.3762 18.8917 34.9211 52.0954 78.4293 8.6933 161.9036 60.9962 75.6805 80.1987 81.2683 70.2344 2.2233 0.3139 68.876 72.2812 47.2433 47.5574 4.0683 182.8548 358.3901 358.3901 239.5631 47.5842 270.8942 180.7835 27.2545 152.9131 422.4884 78.1818 67.2577 126.5446 61.194 1.4923 0.0908 62.13 426.8893;
	0.1916 2.5895 51.1957 61.3141 5.1919 2.3403 3.5096 9.7832 0.1375 12.3246 22.7819 33.9861 51.1658 4.5774 126.8348 47.7843 59.2879 62.8274 72.4717 69.4645 1.1699 5.4607 34.4038 65.5957 48.1522 48.5474 5.5429 42.1349 239.0999 239.0999 154.5918 31.3613 241.5723 178.8018 14.3509 102.016 303.7546 78.1139 8.9862 128.979 73.6818 25.9619 5.9198 85.3532 306.9188;
	0.0 0.0 55.1748 60.5542 3.5794 0.4501 0.0444 8.325 0.0 9.1241 16.8657 25.1603 37.8787 0.0107 89.408 33.6839 41.793 44.2882 61.0456 66.4762 0.0148 1.0501 27.6983 74.3576 51.1819 48.281 5.5446 0.0 27.8622 27.8622 3.3124 16.3164 203.4854 171.1099 0.0334 11.8879 156.6379 0.0 0.0 137.0943 61.7663 4.9926 0.7342 93.0252 158.2695;
	0.2942 3.9758 65.5722 70.6656 7.8726 0.9179 0.6414 10.1237 1.0821 15.2105 28.1164 41.9442 63.1468 1.2215 100.6813 37.9311 47.0627 49.8724 48.5026 65.4367 0.2138 2.1419 49.9529 80.1812 58.1878 43.9215 6.4983 0.0 78.9218 78.9218 41.3154 19.1978 161.6753 168.4342 3.8296 33.6733 12.1536 0.2681 25.7493 155.8602 64.2269 10.183 6.7799 129.7006 12.2802;
	0.2143 2.8962 76.3758 64.4124 8.4774 0.411 0.003 11.7537 0.0075 15.5462 28.7369 42.8699 64.5403 5.9784 139.497 52.5547 65.2067 69.0997 57.2086 68.8476 0.001 0.9589 49.4259 81.2007 71.825 62.0387 7.8213 15.379 233.4793 233.4793 111.3927 10.0207 190.6955 177.2139 18.7431 99.6178 22.7712 0.9797 9.2162 192.3884 64.6275 4.5591 0.0128 139.0787 23.0084;
	0.0146 0.1968 73.4359 46.8504 8.0812 3.2541 0.0 8.5412 0.0 8.4735 15.6631 23.3663 35.1778 3.1416 151.9693 57.2535 71.0368 75.2778 71.3387 67.7391 0.0 7.5928 33.0552 74.5811 51.4496 59.3791 6.4176 15.2668 33.6929 33.6929 18.5286 10.2036 237.7956 174.3607 9.8492 14.3756 14.4772 0.0 0.0 137.8115 48.1699 36.0985 16.9111 127.5576 14.628;
	0.0052 0.0705 47.0261 0.0 8.1865 0.2922 2.0853 0.0 1.7141 6.5071 12.0282 17.9437 27.0142 3.4915 130.5176 49.1717 61.0094 64.6517 60.0467 64.4526 0.6951 0.6819 20.3051 51.1861 24.9794 46.6839 1.2051 20.4081 13.6131 13.6131 11.1521 4.5967 200.1555 165.9011 10.9462 5.8083 13.3733 0.09 0.0 66.9092 26.0952 3.242 23.0309 37.7236 13.5126;
	0.3256 4.3993 0.6126 4.6278 3.3922 1.9947 3.2686 4.3655 1.6744 4.9556 9.1604 13.6655 20.5734 3.7013 63.3952 23.8838 29.6336 31.4027 17.8658 41.5437 1.0895 4.6543 11.7247 34.3973 28.2705 56.0763 3.38 11.1748 28.9793 28.9793 19.7152 4.2626 59.5526 106.9337 11.6042 12.3645 18.5607 0.0228 0.0 75.7245 9.752 22.1279 5.489 87.923 18.7541;
	0.4873 6.5848 20.6105 13.1395 3.0021 0.002 0.0 2.7026 0.0 4.5484 8.4076 12.5425 18.8827 1.4374 19.1552 7.2166 8.9539 9.4885 6.0269 14.5616 0.0 0.0047 6.2654 34.8611 26.2132 48.6098 3.2306 40.4629 246.5141 246.5141 27.5472 32.7663 20.0897 37.4815 4.5066 105.1794 116.2116 2.4382 0.0 70.2138 1.4468 0.0222 0.5783 53.0224 117.4221;
	0.5084 6.8691 28.2973 22.0706 6.9889 0.379 0.0 3.291 0.8303 5.6054 10.3616 15.4574 23.2711 0.8712 17.4599 6.5779 8.1615 8.6487 56.4053 13.8821 0.0 0.8843 13.0613 39.3943 30.551 47.1591 2.8776 86.2749 150.4568 150.4568 8.957 13.4381 188.0177 35.7326 2.7313 64.1949 81.0484 0.4593 0.0 81.8331 16.085 4.2043 44.6775 90.1376 81.8927;
	0.7313 9.882 36.6851 0.0 9.8359 0.0 0.0843 2.8031 0.0 1.1838 2.1883 3.2645 4.9147 1.131 120.815 45.5164 56.474 59.8456 41.7668 11.7975 0.0281 0.0 35.3535 39.4034 46.2676 52.2242 1.3307 64.4064 74.9024 74.9024 7.2377 9.4445 139.2228 30.3669 3.5458 31.9584 76.4351 0.1132 0.0 123.9311 2.6395 0.0 0.0043 94.7983 77.2313;
	1.5458 20.8866 55.8026 0.0 12.3979 0.4875 0.0 0.0256 0.0 8.7473 16.1693 24.1215 36.3147 1.3776 83.3475 31.4007 38.9601 41.2861 50.071 9.5478 0.0 1.1375 56.5526 55.1831 8.5838 48.9493 0.3095 129.5366 113.9891 113.9891 24.2062 26.0785 166.9033 24.5762 4.319 48.6353 124.9389 3.3674 0.0 22.9924 4.4031 5.408 0.9434 130.0453 126.2403;
	2.2858 30.8864 77.4629 0.2096 13.9569 2.9444 0.0 0.2313 0.0 25.3876 46.9286 70.0082 105.3969 0.6249 145.5526 54.8361 68.0374 72.0993 79.6702 10.733 0.0 6.8702 37.0309 66.8364 69.7007 56.3758 0.4767 195.3269 185.9705 185.9705 42.2861 16.0964 265.5673 27.6268 1.9592 79.3474 192.3205 12.3821 0.0 186.6982 3.981 32.6628 112.7717 169.377 194.3239;
	1.7994 24.3136 0.008 1.4077 13.774 19.5238 0.0 0.0305 0.0 11.2576 20.8094 31.0436 46.7359 0.0 37.0253 13.9491 17.3072 18.3405 76.1346 8.4663 0.0 45.5556 48.8823 8.3481 17.8616 35.6522 0.2836 153.3387 221.6049 221.6049 35.8907 5.8231 253.7821 21.7924 0.0 94.5514 193.2688 25.4725 0.0 47.8436 4.0579 216.5846 83.5292 130.0318 195.2821;
	2.2539 30.4556 1.7718 3.3486 9.9793 3.4504 0.0533 0.3138 0.0 16.1803 29.9091 44.6185 67.1729 0.0 126.2011 47.5455 58.9917 62.5136 86.7062 9.3742 0.0178 8.0508 31.7741 32.4665 41.8618 62.089 1.021 249.257 270.7656 270.7656 110.5739 9.2138 289.0206 24.1291 0.0 115.5267 263.799 57.0776 0.0 112.1299 22.3687 38.2759 83.8016 103.4488 266.5469;
	3.1387 42.4106 80.3133 5.1863 13.8964 2.1811 0.0 0.3519 0.0 5.492 10.1518 15.1445 22.8 0.0 103.0882 38.8379 48.1878 51.0646 81.9058 0.817 0.0 5.0893 44.733 30.978 30.8409 25.7206 0.8489 398.6926 279.6505 279.6505 189.5152 13.3725 273.0195 2.103 0.0 119.3175 324.5786 47.9066 0.0 82.6096 27.9599 24.1958 12.4821 171.2927 327.9596;
	3.5731 48.2804 2.4293 1.8634 14.9801 9.0396 0.0758 4.969 0.0 4.547 8.4051 12.5387 18.877 0.0 135.7633 51.1481 63.4615 67.2502 70.3962 18.2957 0.0253 21.0924 4.4287 70.3361 58.7075 68.6306 7.6745 364.1231 379.9737 379.9737 214.1543 26.2308 234.654 47.0933 0.0 162.1221 463.5761 77.7742 0.0 157.2522 63.2392 100.2795 153.9057 231.8478 468.405;
	2.6073 35.2308 0.0 0.0 14.2897 17.6923 0.0159 0.9482 0.0 5.7234 10.5796 15.7826 23.7607 0.0 21.9127 8.2555 10.2429 10.8544 13.077 10.9937 0.0053 41.282 14.4334 28.0032 21.6914 7.7443 6.3373 576.3824 468.2062 468.2062 350.7063 36.5873 43.59 28.2978 0.0 199.768 561.1858 96.0912 0.0 58.102 10.3251 196.2663 120.3206 220.4643 567.0315;
	2.3742 32.0809 76.7344 0.0 14.622 21.324 0.0672 0.0184 0.0 8.0177 14.8206 22.1095 33.2857 5.5249 32.0105 12.0598 14.963 15.8563 4.3952 46.3824 0.0224 49.756 24.662 4.864 7.3314 61.0767 3.5958 771.2794 425.3381 425.3381 371.0215 46.5131 14.6505 119.3885 17.3212 181.4776 587.1271 75.5973 0.0 19.6377 3.7948 236.5542 107.0223 187.2474 593.243;
	2.3894 32.2862 0.0047 0.5224 14.161 0.0 16.9038 0.918 25.8003 21.9576 40.5882 60.5496 91.1571 15.4251 59.9161 22.573 28.0073 29.6794 23.3855 25.4308 5.6346 0.0 55.7683 3.6012 27.7158 58.2338 7.3077 710.0404 427.4448 427.4448 357.7169 45.0422 77.9516 65.459 48.3598 182.3764 540.3788 76.0475 0.0966 74.2389 14.5815 0.0 102.5341 176.2259 546.0077;
