function solarprofile = ex_solar_profilesh1
%EX_WIND_PROFILE_D  Example wind_load_nyiso profile data for deterministic unit commitment.
% 2022.03.12
% Andres F. Ramirez


%% define constants
[GEN_BUS, PG, QG, QMAX, QMIN, VG, MBASE, GEN_STATUS, PMAX, PMIN, ...
    MU_PMAX, MU_PMIN, MU_QMAX, MU_QMIN, PC1, PC2, QC1MIN, QC1MAX, ...
    QC2MIN, QC2MAX, RAMP_AGC, RAMP_10, RAMP_30, RAMP_Q, APF] = idx_gen;
[CT_LABEL, CT_PROB, CT_TABLE, CT_TBUS, CT_TGEN, CT_TBRCH, CT_TAREABUS, ...
    CT_TAREAGEN, CT_TAREABRCH, CT_ROW, CT_COL, CT_CHGTYPE, CT_REP, ...
    CT_REL, CT_ADD, CT_NEWVAL, CT_TLOAD, CT_TAREALOAD, CT_LOAD_ALL_PQ, ...
    CT_LOAD_FIX_PQ, CT_LOAD_DIS_PQ, CT_LOAD_ALL_P, CT_LOAD_FIX_P, ...
    CT_LOAD_DIS_P, CT_TGENCOST, CT_TAREAGENCOST, CT_MODCOST_F, ...
    CT_MODCOST_X] = idx_ct;

solarprofile = struct( ...
    'type', 'mpcData', ...
    'table', CT_TGEN, ...
    'rows', [1:12], ...
    'col', PMAX, ...
    'chgtype', 1, ...
    'values', [] );
solarprofile.values(:,1,:) = [
	0.0 0.0 0.0 0.0 0.0 0.0 0.0 0.0 0.0 0.0 0.0 0.0;
	0.0 0.0 0.0 0.0 0.0 0.0 0.0 0.0 0.0 0.0 0.0 0.0;
	0.0 0.0 0.0 0.0 0.0 0.0 0.0 0.0 0.0 0.0 0.0 0.0;
	0.0 0.0 0.0 0.0 0.0 0.0 0.0 0.0 0.0 0.0 0.0 0.0;
	0.0 0.0 0.0 0.0 0.0 0.0 0.0 0.0 0.0 0.0 0.0 0.0;
	0.4731 0.4039 0.4307 0.0 0.0 0.0 0.0 0.2 0.0 0.0 0.0 0.0;
	8.8572 7.0707 6.507 4.3124 8.632 375.1799 46.8975 55.1718 221.1984 15.139 8.1215 27.4168;
	21.0466 16.0322 13.1251 7.1569 8.8789 447.3097 55.9137 69.4745 270.7212 34.4759 16.622 62.436;
	23.3795 16.7077 13.8127 9.2677 8.6836 451.0017 56.3752 64.4643 271.3447 55.3459 19.8634 100.2318;
	22.6703 16.1547 13.6408 6.502 7.4008 310.5894 38.8237 12.9136 138.857 55.4367 15.0408 100.3962;
	22.8239 16.371 13.6775 5.5345 8.034 307.1928 38.3991 16.2345 80.3674 71.8282 29.8173 130.0813;
	24.8675 16.3954 13.7688 3.7401 8.0659 292.3865 36.5483 21.8761 39.529 82.2988 44.412 149.0436;
	15.2487 12.9503 10.9821 3.8293 8.5545 100.3067 12.5383 6.2391 0.0 41.3365 24.061 74.8607;
	12.8308 9.9199 8.9426 4.3254 7.6593 77.6848 9.7106 4.5588 8.2506 26.5031 10.2242 47.9974;
	6.2423 4.619 5.3541 3.4938 6.8862 58.9381 7.3673 4.3017 11.3748 18.3936 1.7981 33.3109;
	0.4669 0.0877 0.3564 1.4007 1.8147 22.327 2.7909 2.9497 5.8529 9.4354 0.0 17.0876;
	0.3545 0.3047 0.2871 0.4165 0.3152 6.2422 0.7803 1.4112 2.6144 8.2687 4.5214 14.9747;
	0.0 0.0 0.0 0.0 0.0 0.0 0.0 0.0 0.0 0.0 0.0 0.0;
	0.0 0.0 0.0 0.0 0.0 0.0 0.0 0.0 0.0 0.0 0.0 0.0;
	0.0 0.0 0.0 0.0 0.0 0.0 0.0 0.0 0.0 0.0 0.0 0.0;
	0.0 0.0 0.0 0.0 0.0 0.0 0.0 0.0 0.0 0.0 0.0 0.0;
	0.0 0.0 0.0 0.0 0.0 0.0 0.0 0.0 0.0 0.0 0.0 0.0;
	0.0 0.0 0.0 0.0 0.0 0.0 0.0 0.0 0.0 0.0 0.0 0.0;
	0.0 0.0 0.0 0.0 0.0 0.0 0.0 0.0 0.0 0.0 0.0 0.0;
];
