function windprofile = ex_wind_profilesh1
%EX_WIND_PROFILE_D  Example wind_load_nyiso profile data for deterministic unit commitment.
% 2022.03.12
% Andres F. Ramirez


%% define constants
[GEN_BUS, PG, QG, QMAX, QMIN, VG, MBASE, GEN_STATUS, PMAX, PMIN, ...
    MU_PMAX, MU_PMIN, MU_QMAX, MU_QMIN, PC1, PC2, QC1MIN, QC1MAX, ...
    QC2MIN, QC2MAX, RAMP_AGC, RAMP_10, RAMP_30, RAMP_Q, APF] = idx_gen;
[CT_LABEL, CT_PROB, CT_TABLE, CT_TBUS, CT_TGEN, CT_TBRCH, CT_TAREABUS, ...
    CT_TAREAGEN, CT_TAREABRCH, CT_ROW, CT_COL, CT_CHGTYPE, CT_REP, ...
    CT_REL, CT_ADD, CT_NEWVAL, CT_TLOAD, CT_TAREALOAD, CT_LOAD_ALL_PQ, ...
    CT_LOAD_FIX_PQ, CT_LOAD_DIS_PQ, CT_LOAD_ALL_P, CT_LOAD_FIX_P, ...
    CT_LOAD_DIS_P, CT_TGENCOST, CT_TAREAGENCOST, CT_MODCOST_F, ...
    CT_MODCOST_X] = idx_ct;

windprofile = struct( ...
    'type', 'mpcData', ...
    'table', CT_TGEN, ...
    'rows', [1:45], ...
    'col', PMAX, ...
    'chgtype', 1, ...
    'values', [] );
windprofile.values(:,1,:) = [
	0.869 11.7424 58.0669 64.5888 7.2476 12.5496 4.7974 8.1596 7.665 20.1255 37.2017 55.4976 83.5514 0.1688 137.8999 51.953 64.4602 68.3086 71.1434 69.705 1.5991 29.2824 49.3094 70.5395 46.7705 47.344 4.3573 177.5603 323.5307 323.5307 228.0652 47.1622 237.1446 179.4209 0.5294 138.0398 370.3198 85.5593 141.6894 125.2781 63.3276 139.2171 72.692 67.7676 374.1773;
	0.5839 7.8901 56.3353 68.3089 6.795 6.8262 10.9167 10.5524 16.9463 12.4312 22.9789 34.28 51.6084 2.3079 122.3176 46.0825 57.1764 60.5899 67.0206 73.0352 3.6389 15.9277 10.9094 74.0122 52.0164 49.3229 6.2135 63.9098 203.8526 203.8526 125.2009 29.198 223.4021 187.9927 7.2355 86.9771 261.453 79.9527 241.8534 139.3298 77.1972 75.7251 50.0694 80.0984 264.1765;
	0.3317 4.4821 61.9235 68.2812 5.8912 0.69 1.8317 10.7583 3.2211 9.8591 18.2244 27.1872 40.9301 4.9343 71.1265 26.7965 33.2475 35.2324 50.7455 70.0935 0.6106 1.6101 1.5507 79.9458 56.6076 50.3509 6.1666 0.0 6.6154 6.6154 9.0082 16.925 169.1517 180.4209 15.4697 2.8226 149.1627 2.007 68.306 151.6276 70.9056 7.6547 31.1568 94.0455 150.7165;
	0.383 5.1755 67.5697 72.3423 8.2889 0.0 0.0049 12.4632 0.0405 14.5168 26.8341 40.0312 60.2668 1.8315 71.3476 26.8798 33.3508 35.3419 21.269 66.8864 0.0016 0.0 33.5991 81.5116 60.4433 65.3745 7.474 0.0 1.1677 1.1677 15.5353 18.6134 70.8967 172.1657 5.742 0.4982 0.0 0.7692 7.266 161.9017 67.1706 0.0 2.2601 131.908 0.0;
	0.4924 6.6531 80.9342 73.7131 9.712 0.0286 4.5591 13.0832 8.627 15.2546 28.198 42.0658 63.3299 0.8052 103.686 39.0631 48.4672 51.3608 49.7243 67.2021 1.5197 0.0667 40.8439 82.5634 77.8337 67.6403 8.427 0.0 13.573 13.573 41.1202 9.8175 165.7476 172.9783 2.5244 5.7912 0.4976 4.1244 0.6798 208.4832 64.913 0.3172 10.8249 145.9629 0.5027;
	0.4226 5.7103 77.8478 61.763 9.2951 2.5298 1.7907 11.4467 3.4776 8.441 15.603 23.2766 35.0428 0.2492 136.0614 51.2604 63.6008 67.3979 77.6951 68.0375 0.5969 5.9028 28.2989 77.3509 54.4549 67.2081 7.2202 0.0 5.503 5.503 24.4313 9.6991 258.9835 175.1286 0.7813 2.3479 0.0135 1.0264 4.8395 145.8614 51.8312 28.0635 22.8662 138.2991 0.0136;
	0.4613 6.2333 58.9097 40.1118 9.0753 1.9525 4.0269 6.746 3.0694 7.1542 13.2245 19.7284 29.701 0.0 117.3947 44.2278 54.8752 58.1514 61.677 67.4174 1.3423 4.5558 16.5895 53.5963 34.2921 62.3121 3.7884 10.1156 3.2809 3.2809 22.1994 0.22 205.5901 173.5327 0.0 1.3999 2.832 3.0094 15.6039 91.8538 25.9533 21.6595 33.3313 143.4108 2.8615;
	0.475 6.4187 34.6916 27.9427 3.2349 1.6075 4.8752 5.4165 2.459 4.2425 7.8422 11.699 17.6128 0.0 63.6793 23.9908 29.7664 31.5434 18.4719 46.13 1.6251 3.7508 5.2572 30.1808 32.7619 57.8687 3.4511 0.9065 4.5894 4.5894 53.5253 0.7554 61.573 118.7387 0.0 1.9582 8.9682 4.1367 38.332 87.7551 9.9301 17.8323 19.4582 108.911 9.0616;
	0.4984 6.7343 26.3496 23.5206 2.8265 0.0 4.6428 5.2544 7.7177 2.1209 3.9204 5.8485 8.8049 0.0 16.9096 6.3706 7.9042 8.3761 0.1143 16.7421 1.5476 0.0 2.4263 34.5284 28.7584 55.721 3.9912 0.0 17.0778 17.0778 45.1309 1.2559 0.3811 43.0942 0.0 7.2865 25.0797 14.374 13.6975 77.0315 9.2094 0.0 0.2052 82.6262 25.341;
	0.5621 7.5957 31.2861 26.4578 6.8216 0.0 5.2974 3.7812 2.1235 0.2753 0.5089 0.7592 1.143 0.288 9.2465 3.4836 4.3222 4.5803 0.0 13.1364 1.7658 0.0 7.3678 37.6911 31.2517 48.1527 2.7666 27.4925 48.6339 48.6339 63.0093 1.4898 0.0 33.813 0.9029 20.7505 66.6463 11.3608 6.4672 83.7098 8.1106 0.0 47.1931 90.7208 67.3405;
	0.8888 12.0091 44.9845 43.519 11.0316 0.4889 6.484 3.6738 14.5111 3.8497 7.1161 10.6158 15.9821 2.7366 36.2946 13.6738 16.9656 17.9785 15.8762 11.3326 2.1613 1.1407 29.1822 43.0593 49.4451 54.4126 1.3421 58.7378 79.4713 79.4713 98.2289 0.6597 52.9206 29.1701 8.5796 33.9078 140.9071 60.7626 44.0507 132.4423 45.0745 5.4231 31.4288 103.2375 142.3749;
	1.7699 23.9156 69.366 89.5894 13.9232 5.9411 8.4924 7.6903 13.2521 7.0538 13.0389 19.4515 29.2841 0.4157 109.2906 41.1746 51.087 54.137 46.3437 11.6337 2.8308 13.8626 51.8963 63.2749 87.5932 55.6416 7.9658 152.2094 114.3751 114.3751 41.4211 5.3595 154.4789 29.9452 1.3032 48.8 140.6624 65.9753 102.2746 234.6247 60.9877 65.9067 43.2055 147.6215 142.1277;
	2.3911 32.3093 85.1848 34.196 14.1283 2.6544 2.4015 0.0133 8.8006 25.0654 46.333 69.1198 104.0595 0.0 5.9095 2.2264 2.7623 2.9272 0.2795 9.271 0.8005 6.1935 32.9899 68.8617 72.2184 50.5836 0.2153 225.2483 163.4077 163.4077 68.8057 16.0573 0.9317 23.8636 0.0 69.7206 200.3719 42.8331 57.1532 193.4421 30.1101 29.4456 116.5114 182.5841 202.4591;
	1.9076 25.776 5.7655 7.3485 13.8238 19.2557 0.1541 0.357 2.2646 5.6514 10.4465 15.5841 23.4618 0.0553 7.6874 2.8962 3.5934 3.8079 0.0 8.9881 0.0514 44.9301 43.3778 5.8139 11.8811 34.2731 0.7081 181.0399 214.6623 214.6623 75.88 4.836 0.0 23.1353 0.1734 91.5892 202.7572 20.5188 1.018 31.8243 14.5731 213.6103 83.4477 151.3232 204.8692;
	2.2732 30.7153 13.2872 31.9433 8.9841 2.9446 0.034 3.6368 6.5473 7.4208 13.7172 20.4633 30.8074 0.0019 0.3154 0.1188 0.1474 0.1563 0.5722 6.6903 0.0113 6.8708 7.2012 28.7914 62.6571 55.2742 1.0034 246.9374 258.5376 258.5376 98.8648 6.6438 1.9074 17.2207 0.0061 110.3094 261.9723 24.4173 10.2287 167.8316 14.2428 32.6656 87.5873 121.0725 264.7012;
	3.124 42.2114 84.8587 14.9988 12.8937 0.1602 0.0 0.8158 1.7807 2.3905 4.4188 6.5919 9.9241 1.8759 0.0066 0.0025 0.0031 0.0033 4.8742 6.4732 0.0 0.3739 35.7757 1.1923 18.5514 19.9988 0.227 400.0232 291.3283 291.3283 184.2432 11.3976 16.2475 16.662 5.8811 124.3001 326.7701 45.0987 26.8706 49.6914 8.3183 1.7777 21.7128 200.635 330.1739;
	3.3352 45.0654 13.3505 37.8872 13.8522 0.1245 0.0 0.0758 0.0 1.9051 3.5216 5.2536 7.9092 0.4952 0.0 0.0 0.0 0.0 10.5667 0.3554 0.0 0.2904 0.2192 7.435 20.7057 17.8796 0.206 368.0336 375.1969 375.1969 198.1279 22.9806 35.2224 0.9149 1.5525 160.084 444.5922 79.4946 7.2781 55.4618 2.0412 1.3807 137.0016 230.7053 449.2233;
	2.5628 34.6292 6.3778 20.0808 13.4187 18.6377 0.0 0.2372 0.0 1.8618 3.4416 5.1341 7.7294 0.4217 0.0 0.0 0.0 0.0 29.5031 0.0438 0.0 43.488 14.2971 3.0786 4.6047 9.7838 0.8809 529.2738 460.3552 460.3552 328.512 30.158 98.3437 0.1128 1.3219 196.4182 506.8236 93.3358 0.0 12.334 3.0559 206.7544 115.4553 230.8533 512.103;
	2.8886 39.0317 82.3345 6.628 14.0699 24.8834 0.0 0.0 0.5515 8.7692 16.2098 24.1818 36.4055 6.0205 0.5727 0.2157 0.2677 0.2837 76.5667 38.6443 0.0 58.0613 28.0276 0.0805 0.4645 61.0481 0.0224 746.3605 450.8673 450.8673 369.404 41.4592 255.2223 99.4705 18.875 192.3701 583.5354 74.7729 0.0065 1.2442 5.4161 276.0402 110.7927 195.9344 589.6139;
	2.7954 37.7716 1.0663 0.0872 13.936 0.0069 16.4093 0.0 25.5758 21.6555 40.0299 59.7168 89.9033 3.3302 0.0227 0.0086 0.0106 0.0113 77.0772 19.9686 5.4698 0.0161 52.943 0.3949 1.6935 50.6579 0.0019 748.9241 430.5042 430.5042 339.4917 37.2664 256.9241 51.3992 10.4408 183.6818 522.7432 83.0031 10.817 4.5361 0.5665 0.0765 111.2634 178.0119 528.1884;
