function loadprofile = ex_load_profilesh1
%EX_LOAD_PROFILE  Example load profile data file for stochastic unit commitment.
% 2022.03.12
% Andres F. Ramirez

%% define constants
[CT_LABEL, CT_PROB, CT_TABLE, CT_TBUS, CT_TGEN, CT_TBRCH, CT_TAREABUS, ...
    CT_TAREAGEN, CT_TAREABRCH, CT_ROW, CT_COL, CT_CHGTYPE, CT_REP, ...
    CT_REL, CT_ADD, CT_NEWVAL, CT_TLOAD, CT_TAREALOAD, CT_LOAD_ALL_PQ, ...
    CT_LOAD_FIX_PQ, CT_LOAD_DIS_PQ, CT_LOAD_ALL_P, CT_LOAD_FIX_P, ...
    CT_LOAD_DIS_P, CT_TGENCOST, CT_TAREAGENCOST, CT_MODCOST_F, ...
    CT_MODCOST_X] = idx_ct;

loadprofile = struct( ...
    'type', 'mpcData', ...
    'table', CT_TAREALOAD, ...
    'rows', [1:11], ...
    'col', CT_LOAD_ALL_P, ...
    'chgtype', 1, ...
    'values', [] );
loadprofile.values(:,1,:) = [
	1595.3392 975.1633 1649.4593 561.9767 819.0575 1198.4364 921.4879 251.6 543.8467 4642.8646 1715.1718;
	1597.7089 973.6 1655.1 564.9792 817.6787 1185.4596 918.2321 247.8372 537.0375 4530.1411 1703.2062;
	1607.7318 981.2 1649.4256 561.7871 840.2597 1197.9933 925.2 245.568 537.0674 4494.6101 1673.2597;
	1698.67 1068.1 1790.5554 582.1 899.4 1288.8988 991.0719 281.3451 589.0324 4795.1441 1860.7506;
	1852.7078 1214.9218 2011.6574 621.5902 1029.3766 1444.3 1085.298 320.3 655.5948 5309.2769 2068.8289;
	1979.0988 1309.6298 2133.8081 632.0 1101.4687 1544.0 1158.724 367.6 713.3003 5922.8798 2277.2673;
	1935.6336 1283.9285 2094.9945 615.7986 1101.4406 1495.8 1151.8131 374.0 721.3255 6256.5597 2278.3499;
	1904.1 1275.6789 2042.6799 598.8959 1049.5244 1482.7 1150.3322 367.2727 707.2826 6423.5785 2251.052;
	1918.1473 1259.5745 2017.5 578.7 1023.6 1487.2623 1078.0 349.7 704.3835 6408.9091 2156.1778;
	1882.5818 1251.1177 1997.8432 575.5166 1058.1185 1474.7045 1061.29 363.494 690.4451 6455.1403 2110.8672;
	1917.1512 1245.3269 1976.2159 571.3367 1058.3 1438.9067 1079.0251 333.9 692.182 6421.9227 2103.0528;
	1908.4 1239.4 1970.5537 568.573 1000.6929 1418.3313 1088.244 329.229 692.2 6513.0391 2123.8426;
	1872.7057 1263.564 1965.0754 551.9924 999.5094 1387.7 1046.7715 326.0178 678.6 6327.3 2118.0681;
	1847.7635 1272.4042 1927.1571 542.6271 1006.6447 1370.1198 1013.6468 327.4649 674.7 6312.8465 2153.603;
	1798.7 1226.5871 1909.2115 553.9889 1049.6158 1434.3402 1011.7344 329.9172 660.6981 6194.9468 2154.924;
	1790.9716 1254.4755 1937.115 569.2253 1063.8131 1484.5963 1029.3303 324.9177 643.3009 6258.6942 2209.7565;
	1837.5006 1280.563 1987.9429 578.4728 1055.7287 1554.6761 1105.4776 337.6891 684.5467 6211.2145 2298.2841;
	1890.0241 1302.4817 2007.7158 589.9761 1055.2247 1607.6591 1123.5129 343.7097 713.6947 6203.1616 2412.0429;
	1907.4329 1307.3958 1979.2025 594.7181 1073.7921 1576.8755 1141.3642 335.5972 716.7 6094.6932 2377.9625;
	1879.3 1256.8491 1920.7607 576.5878 1027.9175 1519.5958 1086.503 309.1606 678.3 5910.2715 2321.3099;
	1775.4818 1135.0021 1815.1639 558.3 955.7346 1411.5751 1008.35 289.8209 638.1563 5595.7259 2092.3201;
	1666.3762 1080.4039 1710.2899 553.2343 911.8252 1325.633 921.1138 266.4 590.1205 5160.9176 1886.1174;
	1662.0107 998.0158 1606.2783 552.9431 844.9733 1220.1666 889.4532 270.7 575.5206 4850.6705 1810.4;
	1606.8642 953.7 1592.8095 555.8069 793.9681 1164.2 879.5831 261.1 571.9954 4675.4783 1758.4434;
];
