function loadprofile = ex_load_profilesh1
%EX_LOAD_PROFILE  Example load profile data file for stochastic unit commitment.
% 2022.03.12
% Andres F. Ramirez

%% define constants
[CT_LABEL, CT_PROB, CT_TABLE, CT_TBUS, CT_TGEN, CT_TBRCH, CT_TAREABUS, ...
    CT_TAREAGEN, CT_TAREABRCH, CT_ROW, CT_COL, CT_CHGTYPE, CT_REP, ...
    CT_REL, CT_ADD, CT_NEWVAL, CT_TLOAD, CT_TAREALOAD, CT_LOAD_ALL_PQ, ...
    CT_LOAD_FIX_PQ, CT_LOAD_DIS_PQ, CT_LOAD_ALL_P, CT_LOAD_FIX_P, ...
    CT_LOAD_DIS_P, CT_TGENCOST, CT_TAREAGENCOST, CT_MODCOST_F, ...
    CT_MODCOST_X] = idx_ct;

loadprofile = struct( ...
    'type', 'mpcData', ...
    'table', CT_TAREALOAD, ...
    'rows', [1:11], ...
    'col', CT_LOAD_ALL_P, ...
    'chgtype', 1, ...
    'values', [] );
loadprofile.values(:,1,:) = [
	1460.8841 972.1 1666.101 582.4213 853.2005 1221.313 976.4968 268.7 546.1156 4539.8899 1730.3162;
	1461.9762 962.9494 1667.3301 591.4192 867.9039 1215.1131 971.3987 265.0579 538.419 4432.2493 1716.3424;
	1470.8752 986.9 1703.5287 587.2 883.9247 1236.8185 966.2326 271.9371 548.6767 4494.8019 1754.0761;
	1556.5618 1067.1 1797.5 595.5 943.9137 1309.7 1030.9965 301.7225 588.9413 4748.481 1879.5879;
	1697.634 1174.88 2006.6512 620.2431 1070.5113 1499.2605 1133.6433 333.2 676.6365 5256.1741 2101.5601;
	1802.8266 1262.0 2124.7351 628.2835 1120.5691 1567.0729 1187.3248 351.1997 716.5247 5752.9953 2250.3546;
	1773.3069 1252.4 2078.5 599.8347 1114.0502 1525.5939 1191.0543 346.6 721.5167 5899.5383 2224.2136;
	1786.8 1229.9851 2044.9787 578.9766 1089.0077 1510.2885 1195.1405 350.7 725.0 6022.3651 2187.897;
	1770.2822 1200.2329 2029.1073 575.6647 1063.4269 1476.7 1204.5232 371.1199 735.1147 6237.1355 2129.1245;
	1736.8319 1134.6667 1952.7894 581.8876 1022.1525 1443.4097 1191.6561 343.1208 741.1279 6292.766 2058.6398;
	1688.5357 1105.2163 1896.6881 566.4 1008.3209 1395.28 1156.1955 343.9168 739.5684 6324.0 1990.8179;
	1617.5898 1136.7745 1879.5137 562.9368 1018.1431 1357.8769 1133.9263 359.361 728.9589 6331.5264 2065.6549;
	1683.5474 1153.0595 1825.3135 568.2197 958.1622 1280.9816 1079.0142 337.6195 696.359 6146.2745 1948.3338;
	1626.6466 1127.4246 1780.1312 583.7513 938.8564 1288.2277 1056.2767 328.7508 703.4 6161.5755 2047.5108;
	1707.4569 1168.0292 1845.9653 575.5494 957.3204 1401.657 1097.2646 346.8006 715.8367 6236.4917 2165.5284;
	1762.5134 1197.694 1922.4565 575.2 998.0371 1473.3875 1112.6961 347.7457 702.916 6180.6862 2238.1222;
	1794.593 1237.3084 1990.6437 577.327 1039.4023 1566.6783 1211.6026 370.6431 749.4475 6171.1513 2324.5116;
	1836.8393 1265.2318 2036.7553 582.0848 1069.1274 1585.4222 1250.381 380.9 759.7628 6213.4232 2384.782;
	1802.8693 1246.2354 1998.1711 572.4823 1032.5 1564.6296 1182.8657 372.6523 733.4837 6080.4966 2321.4617;
	1737.7608 1181.8 1920.6469 549.0262 978.092 1511.9735 1135.8 359.9 689.412 5942.5406 2246.9582;
	1626.8605 1081.1647 1793.8338 549.0212 934.1112 1433.0 1073.7597 325.6241 641.6 5550.7098 2057.2712;
	1586.639 1024.415 1713.2731 546.3299 898.8322 1349.3224 1006.3038 287.6038 582.8429 5199.5779 1819.8374;
	1477.8325 919.111 1633.5592 546.9593 863.2096 1249.0439 926.6944 267.7 524.7666 4857.3557 1440.5216;
	1425.8 882.5662 1579.1311 540.0294 842.5 1199.3031 896.7213 261.8284 490.3 4613.3518 1389.1264;
];
