function solarprofile = ex_solar_profilesh1
%EX_WIND_PROFILE_D  Example wind_load_nyiso profile data for deterministic unit commitment.
% 2022.03.12
% Andres F. Ramirez


%% define constants
[GEN_BUS, PG, QG, QMAX, QMIN, VG, MBASE, GEN_STATUS, PMAX, PMIN, ...
    MU_PMAX, MU_PMIN, MU_QMAX, MU_QMIN, PC1, PC2, QC1MIN, QC1MAX, ...
    QC2MIN, QC2MAX, RAMP_AGC, RAMP_10, RAMP_30, RAMP_Q, APF] = idx_gen;
[CT_LABEL, CT_PROB, CT_TABLE, CT_TBUS, CT_TGEN, CT_TBRCH, CT_TAREABUS, ...
    CT_TAREAGEN, CT_TAREABRCH, CT_ROW, CT_COL, CT_CHGTYPE, CT_REP, ...
    CT_REL, CT_ADD, CT_NEWVAL, CT_TLOAD, CT_TAREALOAD, CT_LOAD_ALL_PQ, ...
    CT_LOAD_FIX_PQ, CT_LOAD_DIS_PQ, CT_LOAD_ALL_P, CT_LOAD_FIX_P, ...
    CT_LOAD_DIS_P, CT_TGENCOST, CT_TAREAGENCOST, CT_MODCOST_F, ...
    CT_MODCOST_X] = idx_ct;

solarprofile = struct( ...
    'type', 'mpcData', ...
    'table', CT_TGEN, ...
    'rows', [1:12], ...
    'col', PMAX, ...
    'chgtype', 1, ...
    'values', [] );
solarprofile.values(:,1,:) = [
	0.0 0.0 0.0 0.0 0.0 0.0 0.0 0.0 0.0 0.0 0.0 0.0;
	0.0 0.0 0.0 0.0 0.0 0.0 0.0 0.0 0.0 0.0 0.0 0.0;
	0.0 0.0 0.0 0.0 0.0 0.0 0.0 0.0 0.0 0.0 0.0 0.0;
	0.0 0.0 0.0 0.0 0.0 0.0 0.0 0.0 0.0 0.0 0.0 0.0;
	0.0 0.0 0.0 0.0 0.0 0.0 0.0 0.0 0.0 0.0 0.0 0.0;
	0.4731 0.4018 0.4224 0.0 0.0 0.0 0.0 0.2 0.0 0.0 0.0 0.0;
	13.0981 8.8731 6.1771 1.7296 3.0848 206.7275 25.8409 7.8384 64.5673 62.772 17.9647 113.6804;
	20.7153 13.4248 11.0948 2.2622 5.8218 428.6968 53.5871 69.7304 216.9511 62.5505 17.7566 113.2793;
	22.7054 16.1467 13.5972 3.6138 7.7122 450.1418 56.2677 75.0444 260.1734 86.3524 21.5333 156.3846;
	23.9274 15.7238 13.1929 2.6172 4.5471 399.7862 49.9733 64.9982 214.7117 152.2495 45.137 275.7248;
	25.3952 16.371 13.7627 2.4299 4.2632 415.9726 51.9966 66.1164 211.0654 201.9001 59.5149 365.6423;
	25.5488 16.4529 13.8297 1.8456 3.2517 415.303 51.9129 66.6772 193.2119 154.2415 62.4421 279.3323;
	14.2361 10.2901 9.5917 1.9265 1.3316 233.6096 29.2012 34.3528 90.4172 50.4682 42.0978 91.3983;
	10.3994 5.7115 6.3965 1.9487 0.7172 153.4236 19.1779 24.4618 93.7769 24.754 22.5401 44.8297;
	6.9549 3.898 3.583 2.4408 0.6144 72.1853 9.0232 11.4989 86.9792 18.1193 13.5578 32.8142;
	2.9904 1.8072 1.4851 1.3337 0.0 0.0 0.0 0.6451 29.6635 9.6521 1.3228 17.48;
	0.5802 0.4185 0.3873 0.3165 0.1617 3.1588 0.3949 1.2452 3.1403 4.0196 1.6536 7.2796;
	0.0 0.0 0.0 0.0 0.0 0.0 0.0 0.0 0.0 0.0 0.0 0.0;
	0.0 0.0 0.0 0.0 0.0 0.0 0.0 0.0 0.0 0.0 0.0 0.0;
	0.0 0.0 0.0 0.0 0.0 0.0 0.0 0.0 0.0 0.0 0.0 0.0;
	0.0 0.0 0.0 0.0 0.0 0.0 0.0 0.0 0.0 0.0 0.0 0.0;
	0.0 0.0 0.0 0.0 0.0 0.0 0.0 0.0 0.0 0.0 0.0 0.0;
	0.0 0.0 0.0 0.0 0.0 0.0 0.0 0.0 0.0 0.0 0.0 0.0;
	0.0 0.0 0.0 0.0 0.0 0.0 0.0 0.0 0.0 0.0 0.0 0.0;
];
