function windprofile = ex_wind_profilesh1
%EX_WIND_PROFILE_D  Example wind_load_nyiso profile data for deterministic unit commitment.
% 2022.03.12
% Andres F. Ramirez


%% define constants
[GEN_BUS, PG, QG, QMAX, QMIN, VG, MBASE, GEN_STATUS, PMAX, PMIN, ...
    MU_PMAX, MU_PMIN, MU_QMAX, MU_QMIN, PC1, PC2, QC1MIN, QC1MAX, ...
    QC2MIN, QC2MAX, RAMP_AGC, RAMP_10, RAMP_30, RAMP_Q, APF] = idx_gen;
[CT_LABEL, CT_PROB, CT_TABLE, CT_TBUS, CT_TGEN, CT_TBRCH, CT_TAREABUS, ...
    CT_TAREAGEN, CT_TAREABRCH, CT_ROW, CT_COL, CT_CHGTYPE, CT_REP, ...
    CT_REL, CT_ADD, CT_NEWVAL, CT_TLOAD, CT_TAREALOAD, CT_LOAD_ALL_PQ, ...
    CT_LOAD_FIX_PQ, CT_LOAD_DIS_PQ, CT_LOAD_ALL_P, CT_LOAD_FIX_P, ...
    CT_LOAD_DIS_P, CT_TGENCOST, CT_TAREAGENCOST, CT_MODCOST_F, ...
    CT_MODCOST_X] = idx_ct;

windprofile = struct( ...
    'type', 'mpcData', ...
    'table', CT_TGEN, ...
    'rows', [1:45], ...
    'col', PMAX, ...
    'chgtype', 1, ...
    'values', [] );
windprofile.values(:,1,:) = [
	0.7136 9.6421 56.6567 59.4803 7.9345 0.7083 0.9747 8.1276 0.0 18.5687 34.324 51.2047 77.0884 0.0 151.8742 57.2177 70.9924 75.2307 81.1543 72.2091 0.3249 1.6528 71.1858 62.0449 46.8444 47.9045 3.8484 175.0643 278.1888 278.1888 221.4504 46.2907 270.5144 185.8665 0.0 118.6939 343.7657 86.6049 0.0 125.4761 57.997 7.858 1.4868 60.5755 347.3466;
	0.4934 6.6664 51.6405 55.2764 7.1467 1.607 0.8899 10.5197 1.1452 10.7061 19.7901 29.5229 44.4466 1.4348 122.6788 46.2185 57.3452 60.7688 78.3453 70.5374 0.2966 3.7497 33.1678 60.328 46.5955 50.9572 5.1678 82.5885 203.2417 203.2417 143.6488 29.2181 261.151 181.5634 4.4983 86.7164 280.9943 87.0592 6.7497 124.8093 72.9181 17.8273 3.1884 71.1164 283.9213;
	0.3253 4.3959 62.5244 63.8329 6.1504 3.127 0.3412 11.4601 0.0357 9.8845 18.2714 27.2573 41.0357 0.1392 87.9676 33.1413 41.1197 43.5746 67.9488 66.962 0.1137 7.2964 27.6757 76.7644 56.0794 54.0501 5.7887 3.7705 0.0527 0.0527 5.2993 13.9637 226.4958 172.3603 0.4364 0.0225 146.7675 3.4657 0.0051 150.2127 68.7206 34.6894 0.0 86.6395 148.2963;
	0.4009 5.4167 70.7556 72.4369 8.1459 1.1323 0.6193 13.2541 0.0 15.0872 27.8885 41.6042 62.6349 3.2507 99.4173 37.4549 46.4718 49.2463 54.529 68.3603 0.2064 2.6421 51.358 75.3211 60.5954 64.4317 7.4682 11.818 0.7608 0.7608 16.2368 18.1219 181.7635 175.9596 10.1915 0.3246 23.6636 15.5822 17.7313 162.3092 66.2205 12.5614 1.5882 123.3669 23.9101;
	0.4908 6.6312 80.6912 71.9987 9.6173 1.9398 1.3226 13.1481 0.5861 14.6331 27.0491 40.352 60.7497 2.551 134.2288 50.5699 62.7441 66.4901 63.0865 69.9215 0.4409 4.5263 47.4265 72.5916 72.9055 68.2956 8.2007 17.8279 0.0 0.0 4.1947 8.4106 210.2885 179.9782 7.9977 0.0 3.7505 5.2751 89.2004 195.2826 63.4977 21.5194 9.5284 135.8536 3.7895;
	0.4833 6.53 79.3123 59.7436 9.3917 4.0254 1.5433 11.6392 1.2506 8.1275 15.0236 22.4123 33.7415 5.0801 155.8257 58.7064 72.8395 77.1881 85.3124 69.2095 0.5144 9.3926 34.1337 71.7424 53.0919 65.3438 7.5352 16.8655 0.0 0.0 10.6421 9.6349 284.3746 178.1455 15.9268 0.0 0.0 4.3031 78.1158 142.2105 52.5274 44.6551 22.7285 141.1565 0.0;
	0.4502 6.0834 54.9333 35.8476 8.4025 2.857 4.0516 6.7419 1.9196 5.4448 10.0646 15.0145 22.6042 0.0056 124.4546 46.8875 58.1753 61.6484 68.4181 66.433 1.3505 6.6664 21.2883 45.6845 29.6189 55.3151 3.8764 23.7297 0.0 0.0 12.1662 1.2399 228.0604 170.9988 0.0175 0.0 0.6459 4.3028 37.2802 79.3363 27.7263 31.694 28.9495 128.16 0.6527;
	0.4779 6.4581 31.7695 16.8793 1.0735 2.9751 4.5723 0.3957 2.1831 2.8746 5.3136 7.9268 11.9338 9.7127 68.4552 25.7901 31.9988 33.9092 20.6514 45.1285 1.5241 6.942 9.6869 0.3978 22.0799 49.4203 1.2548 10.7133 1.6161 1.6161 32.1606 1.3973 68.8379 116.1609 30.4505 0.6895 11.189 0.3248 36.3004 59.1426 8.363 33.0041 0.3215 92.3472 11.3055;
	0.5529 7.4704 25.6232 17.5594 1.1662 1.22 0.1909 2.6772 0.4281 0.0014 0.0025 0.0037 0.0056 3.6571 11.0158 4.1501 5.1492 5.4567 16.7031 16.3315 0.0636 2.8466 4.9803 0.0 21.0644 41.8614 2.2656 3.4159 2.7317 2.7317 39.4538 0.4103 55.677 42.0374 11.4654 1.1655 9.5386 0.01 35.5112 56.4225 0.1448 13.5333 0.6572 40.9373 9.638;
	0.6138 8.2934 30.1953 20.7623 4.5549 2.3848 0.1341 2.3544 0.4313 0.0 0.0 0.0 0.0 0.558 10.1359 3.8187 4.738 5.0208 1.905 13.6645 0.0447 5.5645 6.5077 0.3103 21.506 38.4569 2.0188 50.129 21.8851 21.8851 3.2178 0.0 6.3499 35.1726 1.7493 9.3377 7.5216 0.0 9.3191 57.6053 0.83 26.4553 48.6158 75.0073 7.5999;
	0.9069 12.254 41.4398 0.0436 9.8566 5.2227 2.3891 2.6493 2.6802 0.0 0.0 0.0 0.0 0.3594 22.7646 8.5764 10.6411 11.2764 2.1846 11.3111 0.7964 12.1863 10.095 18.0499 32.9108 45.5203 0.8583 73.8923 52.3258 52.3258 26.3577 0.2147 7.282 29.1148 1.1267 22.3257 52.6298 0.0822 29.4607 88.1538 0.061 57.937 13.0217 92.4681 53.178;
	1.5627 21.1159 59.6604 0.0 13.1849 0.712 3.5471 0.0 8.4283 0.1465 0.2708 0.404 0.6082 3.1433 15.4418 5.8176 7.2182 7.6491 1.1279 6.5805 1.1824 1.6613 49.0623 46.3989 0.0 38.1035 0.0068 150.1168 57.3747 57.3747 0.2218 0.2787 3.7596 16.9382 9.8547 24.4799 104.3308 0.0 26.769 0.0 0.004 7.8985 1.1359 116.6029 105.4176;
	2.3113 31.2307 79.2526 0.7785 14.4929 2.7296 2.9801 0.0289 7.0078 23.4988 43.4371 64.7996 97.5555 5.0034 37.7994 14.2407 17.669 18.7239 3.9607 8.9844 0.9934 6.369 33.4838 56.9558 60.14 47.8778 0.096 232.302 148.731 148.731 4.8516 2.5366 13.2023 23.1258 15.6864 63.4586 178.9725 2.2624 15.8531 161.0893 2.2115 30.2801 111.3732 165.3446 180.8368;
	1.7587 23.7645 6.5271 4.2792 14.5241 19.5506 0.5214 1.1234 4.4526 0.0677 0.1251 0.1866 0.281 6.2156 22.3625 8.4249 10.4532 11.0772 1.9751 6.9586 0.1738 45.618 41.2482 3.9115 5.8337 33.2373 0.5478 201.9777 208.483 208.483 62.301 4.1782 6.5837 17.9115 19.4868 88.9528 202.7608 9.5059 11.4295 15.6259 0.2071 216.8812 83.1995 134.5675 204.8729;
	2.2834 30.8535 32.0197 28.4209 9.8392 9.6868 4.8629 10.8145 7.9968 0.5101 0.943 1.4067 2.1178 10.7822 12.7444 4.8014 5.9573 6.3129 0.0138 3.9865 1.621 22.6026 29.8819 24.0046 49.1385 13.0829 4.871 269.3622 244.8689 244.8689 90.2048 7.2946 0.0459 10.2614 33.8038 104.4774 261.1937 13.0579 55.1754 131.621 2.1446 107.4594 86.1692 107.1213 263.9144;
	3.1118 42.0472 87.1169 9.5733 13.9824 3.9221 0.6501 0.4594 0.8053 4.7298 8.7431 13.0429 19.636 5.4313 51.9 19.553 24.2602 25.7086 3.6282 25.2384 0.2167 9.1517 49.215 1.9475 11.917 0.0 0.3095 394.0244 217.7066 217.7066 159.4456 10.0097 12.0941 64.9637 17.028 92.8882 304.1011 36.4356 51.6273 31.9205 0.0002 43.5097 8.5824 169.9077 307.2688;
	3.3926 45.8412 48.8033 47.7421 14.885 7.44 1.6455 1.6696 5.5485 15.2035 28.1034 41.9247 63.1174 7.9636 169.1732 63.735 79.0786 83.7997 47.6302 48.7938 0.5485 17.36 24.809 51.8777 30.3392 2.4796 2.3511 387.0909 335.3256 335.3256 183.0228 23.8222 158.7673 125.5954 24.9671 143.0723 447.0502 68.6097 117.0413 81.2657 2.1309 82.5345 142.5582 205.4823 451.7069;
	2.841 38.3888 38.6689 33.3712 15.0522 20.9613 4.0172 0.4782 5.867 7.3246 13.5394 20.1981 30.4081 9.9092 6.8606 2.5847 3.2069 3.3984 18.9287 0.7458 1.3391 48.9097 14.7099 11.7832 15.2671 1.8423 0.4585 550.6455 452.0274 452.0274 324.9054 31.7466 63.0958 1.9197 31.0667 192.865 558.0286 87.6639 165.7584 40.8941 2.3183 232.5306 124.2855 213.4148 563.8414;
	3.2699 44.1831 88.6154 58.7726 15.1956 27.5883 2.9072 0.9365 21.4628 9.0391 16.7086 24.9259 37.5258 9.0864 16.7109 6.2957 7.8114 8.2777 55.8046 37.3794 0.9691 64.3727 28.43 16.4072 10.7234 60.5165 0.6909 772.2506 454.6208 454.6208 385.021 44.6949 186.0154 96.2148 28.4872 193.9715 661.6366 76.8371 159.2269 28.7233 7.4286 306.046 116.3537 194.535 668.5287;
	3.2696 44.18 24.5081 26.1486 15.244 13.2281 18.8061 0.0926 27.664 21.7168 40.1432 59.8857 90.1576 12.2691 3.1047 1.1697 1.4513 1.5379 19.9508 15.6032 6.2687 30.8657 55.5936 10.2482 3.1063 39.805 0.0129 726.9547 476.4102 476.4102 368.0675 45.5757 66.5028 40.1627 38.4654 203.2684 596.8265 83.0864 206.9884 8.3205 3.347 146.7441 114.1229 165.7558 603.0434;
