function solarprofile = ex_solar_profilesh1
%EX_WIND_PROFILE_D  Example wind_load_nyiso profile data for deterministic unit commitment.
% 2022.03.12
% Andres F. Ramirez


%% define constants
[GEN_BUS, PG, QG, QMAX, QMIN, VG, MBASE, GEN_STATUS, PMAX, PMIN, ...
    MU_PMAX, MU_PMIN, MU_QMAX, MU_QMIN, PC1, PC2, QC1MIN, QC1MAX, ...
    QC2MIN, QC2MAX, RAMP_AGC, RAMP_10, RAMP_30, RAMP_Q, APF] = idx_gen;
[CT_LABEL, CT_PROB, CT_TABLE, CT_TBUS, CT_TGEN, CT_TBRCH, CT_TAREABUS, ...
    CT_TAREAGEN, CT_TAREABRCH, CT_ROW, CT_COL, CT_CHGTYPE, CT_REP, ...
    CT_REL, CT_ADD, CT_NEWVAL, CT_TLOAD, CT_TAREALOAD, CT_LOAD_ALL_PQ, ...
    CT_LOAD_FIX_PQ, CT_LOAD_DIS_PQ, CT_LOAD_ALL_P, CT_LOAD_FIX_P, ...
    CT_LOAD_DIS_P, CT_TGENCOST, CT_TAREAGENCOST, CT_MODCOST_F, ...
    CT_MODCOST_X] = idx_ct;

solarprofile = struct( ...
    'type', 'mpcData', ...
    'table', CT_TGEN, ...
    'rows', [1:12], ...
    'col', PMAX, ...
    'chgtype', 1, ...
    'values', [] );
solarprofile.values(:,1,:) = [
	0.0 0.0 0.0 0.0 0.0 0.0 0.0 0.0 0.0 0.0 0.0 0.0;
	0.0 0.0 0.0 0.0 0.0 0.0 0.0 0.0 0.0 0.0 0.0 0.0;
	0.0 0.0 0.0 0.0 0.0 0.0 0.0 0.0 0.0 0.0 0.0 0.0;
	0.0 0.0 0.0 0.0 0.0 0.0 0.0 0.0 0.0 0.0 0.0 0.0;
	0.0 0.0 0.0 0.0 0.0 0.0 0.0 0.0 0.0 0.0 0.0 0.0;
	0.4836 0.4129 0.4307 0.0 0.0 0.0 0.0 0.2 0.0 0.0 0.0 0.0;
	14.0324 9.4463 7.3538 4.5683 5.551 251.5286 31.4411 43.9498 83.0436 10.1778 20.03 18.432;
	18.4312 14.413 12.7819 7.5927 10.2777 416.8883 52.111 62.6303 242.8983 20.795 32.5443 37.6599;
	21.9353 16.6083 13.8 10.3068 11.0515 435.0653 54.3832 62.2085 267.4221 48.4193 51.8206 87.6877;
	23.4396 15.9572 12.4652 10.6438 6.1005 319.918 39.9898 46.4861 210.1888 102.797 63.0114 186.166;
	25.157 16.3571 12.9696 10.3578 7.063 317.923 39.7404 58.2094 234.5584 145.6949 63.8318 263.8543;
	25.2537 16.3954 13.6932 8.1302 7.6137 284.1406 35.5176 62.3246 225.9436 129.426 56.9722 234.3913;
	14.6958 10.9087 9.6374 3.297 5.8758 87.7873 10.9734 23.649 82.8436 84.7698 45.2978 153.5187;
	11.624 9.7046 8.4941 2.3608 4.1596 78.2444 9.7806 14.0225 52.11 60.1326 32.0312 108.9006;
	7.9561 6.7245 5.676 2.5679 3.3166 79.3664 9.9208 12.3159 37.5742 35.3213 24.0078 63.9671;
	3.0043 2.5519 2.1532 2.0456 1.3016 28.7819 3.5977 11.5028 14.1974 7.7044 7.1936 13.9528;
	0.4734 0.475 0.495 0.5445 1.319 5.0458 0.6307 4.4509 8.215 3.5991 3.7558 6.518;
	0.0 0.0 0.0 0.0 0.0 0.0 0.0 0.0 0.0 0.0 0.0 0.0;
	0.0 0.0 0.0 0.0 0.0 0.0 0.0 0.0 0.0 0.0 0.0 0.0;
	0.0 0.0 0.0 0.0 0.0 0.0 0.0 0.0 0.0 0.0 0.0 0.0;
	0.0 0.0 0.0 0.0 0.0 0.0 0.0 0.0 0.0 0.0 0.0 0.0;
	0.0 0.0 0.0 0.0 0.0 0.0 0.0 0.0 0.0 0.0 0.0 0.0;
	0.0 0.0 0.0 0.0 0.0 0.0 0.0 0.0 0.0 0.0 0.0 0.0;
	0.0 0.0 0.0 0.0 0.0 0.0 0.0 0.0 0.0 0.0 0.0 0.0;
];
