function windprofile = ex_wind_profilesh1
%EX_WIND_PROFILE_D  Example wind_load_nyiso profile data for deterministic unit commitment.
% 2022.03.12
% Andres F. Ramirez


%% define constants
[GEN_BUS, PG, QG, QMAX, QMIN, VG, MBASE, GEN_STATUS, PMAX, PMIN, ...
    MU_PMAX, MU_PMIN, MU_QMAX, MU_QMIN, PC1, PC2, QC1MIN, QC1MAX, ...
    QC2MIN, QC2MAX, RAMP_AGC, RAMP_10, RAMP_30, RAMP_Q, APF] = idx_gen;
[CT_LABEL, CT_PROB, CT_TABLE, CT_TBUS, CT_TGEN, CT_TBRCH, CT_TAREABUS, ...
    CT_TAREAGEN, CT_TAREABRCH, CT_ROW, CT_COL, CT_CHGTYPE, CT_REP, ...
    CT_REL, CT_ADD, CT_NEWVAL, CT_TLOAD, CT_TAREALOAD, CT_LOAD_ALL_PQ, ...
    CT_LOAD_FIX_PQ, CT_LOAD_DIS_PQ, CT_LOAD_ALL_P, CT_LOAD_FIX_P, ...
    CT_LOAD_DIS_P, CT_TGENCOST, CT_TAREAGENCOST, CT_MODCOST_F, ...
    CT_MODCOST_X] = idx_ct;

windprofile = struct( ...
    'type', 'mpcData', ...
    'table', CT_TGEN, ...
    'rows', [1:45], ...
    'col', PMAX, ...
    'chgtype', 1, ...
    'values', [] );
windprofile.values(:,1,:) = [
	0.7254 9.8019 59.544 65.2835 7.4547 1.616 2.6182 4.5014 3.8347 20.215 37.3671 55.7444 83.9228 6.8328 143.7272 54.1484 67.1841 71.1951 80.6189 66.7998 0.8727 3.7706 70.2586 70.3603 48.2568 40.04 0.1603 184.4435 338.6117 338.6117 208.6406 40.5557 268.7297 171.9428 21.4219 144.4743 376.3756 84.7056 134.0688 129.2593 66.1896 17.9265 12.8207 65.2457 380.2962;
	0.5183 7.0036 59.0952 64.0501 6.8408 5.1496 2.2735 9.7763 5.0606 12.4883 23.0844 34.4374 51.8454 8.8731 121.3818 45.7299 56.739 60.1264 75.7421 68.9697 0.7578 12.0158 38.2514 73.8153 54.957 49.2472 4.4819 59.3902 234.6684 234.6684 142.3063 28.9766 252.4737 177.5281 27.8184 100.1252 268.267 89.9255 254.8335 147.2061 78.7975 57.1266 8.6607 88.4263 271.0614;
	0.3461 4.6763 65.641 71.1352 5.7077 2.8257 4.2151 10.3867 3.4285 10.0526 18.582 27.7207 41.7333 21.9364 85.7013 32.2875 40.0604 42.4521 63.028 69.5608 1.405 6.5932 28.7549 80.0852 60.6367 56.066 5.0794 0.0 85.5173 85.5173 4.3965 15.3081 210.0933 179.0498 68.7735 36.4874 151.3284 5.6999 314.8316 162.4197 76.1792 31.3461 35.9381 106.6127 152.9047;
	0.3997 5.4012 71.0124 81.2509 7.6149 0.6257 0.7889 13.0785 4.8449 14.868 27.4833 40.9996 61.7247 34.1418 89.5012 33.719 41.8366 44.3343 48.7611 68.4654 0.263 1.4599 48.1946 80.6369 69.3266 66.7222 6.7554 28.4307 87.9563 87.9563 7.4718 20.0893 162.5371 176.2301 107.0393 37.528 51.9497 4.5294 211.1418 185.6961 69.8811 6.9405 46.0551 145.0867 52.4908;
	0.4615 6.2356 78.2235 76.8682 7.8709 2.4419 9.9281 13.9264 26.0565 15.8086 29.222 43.5935 65.6298 12.0012 122.7373 46.2406 57.3726 60.7978 57.0517 69.3356 3.3094 5.6978 46.5308 78.4253 78.971 67.6579 8.0161 11.8858 31.4021 31.4021 1.5262 9.2754 190.1723 178.47 37.6254 13.3982 8.2361 2.2502 453.9536 211.5294 69.3006 27.0889 60.3851 149.6851 8.3219;
	0.5486 7.4132 80.7506 64.1212 9.4452 4.4651 10.233 13.4067 25.7683 9.6174 17.7777 26.5208 39.927 39.6303 141.6017 53.3476 66.1905 70.1422 81.5743 68.7203 3.411 10.4185 34.757 77.4618 60.1089 66.1675 7.7498 24.2402 44.4147 44.4147 10.1999 11.7669 271.9142 176.8862 124.2462 18.9503 23.1789 6.2776 446.4819 161.0059 58.0313 49.5324 27.6468 145.9571 23.4203;
	0.5314 7.1808 58.4115 43.7667 9.217 3.934 6.3989 8.1263 21.9688 7.8896 14.5837 21.7561 32.7537 19.3019 120.261 45.3076 56.215 59.5711 65.7495 70.4777 2.133 9.1793 24.4743 53.606 36.2917 57.8146 4.0641 47.0898 65.0628 65.0628 19.7634 13.8945 219.165 181.4098 60.5142 27.7601 55.4435 12.3461 429.7512 97.21 32.3429 43.6412 36.8912 135.2281 56.021;
	0.5277 7.1299 33.106 29.1906 3.4408 3.8352 5.9767 7.4565 4.2153 4.6741 8.64 12.8891 19.4045 8.7112 58.5233 22.0483 27.3562 28.9894 18.9321 49.7169 1.9922 8.9489 12.0439 35.9154 33.5328 57.9404 4.5062 45.7311 31.6348 31.6348 29.0757 10.5666 63.1068 127.9713 27.3108 13.4975 51.1472 11.9822 284.5531 89.82 13.3025 42.5454 75.0659 87.2476 51.68;
	0.6899 9.3226 26.8571 27.5032 3.7443 18.1808 23.0354 5.9734 26.5724 2.1899 4.048 6.0389 9.0915 9.7376 14.9788 5.6432 7.0017 7.4197 3.4634 18.7723 7.6785 42.4219 6.3654 34.6378 28.2472 43.2253 4.285 35.7826 28.6882 28.6882 77.5867 7.0749 11.5447 48.3199 30.5287 12.2403 33.4687 10.9719 450.2074 75.6621 40.226 201.6857 79.6007 61.7476 33.8173;
	0.6402 8.6507 31.3372 27.9638 7.4118 6.0211 8.2212 5.1605 4.3196 0.7236 1.3376 1.9955 3.0042 2.3468 5.8352 2.1984 2.7276 2.8904 0.0009 11.0843 2.7404 14.0493 10.9769 36.0404 31.6191 43.1736 3.2386 25.2855 21.8851 21.8851 6.639 0.7287 0.0031 28.531 7.3574 9.3377 0.0 0.0204 116.5812 84.6941 10.7471 66.7945 50.8578 81.708 0.0;
	0.9089 12.2813 40.6333 8.381 11.4063 4.2726 6.3125 3.5755 9.8944 0.0495 0.0915 0.1365 0.2055 13.9271 0.1781 0.0671 0.0832 0.0882 1.2765 7.7954 2.1042 9.9695 32.9828 28.5644 38.1907 46.4355 1.0874 57.6191 24.3712 24.3712 1.6653 0.3605 4.255 20.0654 43.6634 10.3984 45.3188 0.0734 106.1803 102.2965 3.2523 47.3978 40.9073 93.8058 45.7908;
	1.8934 25.5845 66.9087 43.542 14.3536 24.4563 15.4555 1.7631 25.0916 1.8173 3.3592 5.0112 7.5444 21.4797 0.2606 0.0982 0.1218 0.1291 0.369 9.4041 5.1518 57.0647 55.2214 53.0546 11.2584 41.9972 0.0022 170.501 83.1259 83.1259 8.9139 7.2266 1.2299 24.2063 67.3419 35.4671 122.7313 5.3489 357.1179 30.1564 1.9369 271.3019 177.1156 130.426 124.0097;
	2.2378 30.2379 83.6708 8.7419 15.0141 10.3297 7.2743 0.8317 15.0156 24.0507 44.4574 66.3217 99.8469 9.4431 5.7796 2.1774 2.7016 2.8629 6.3553 8.18 2.4248 24.1027 37.8183 60.7698 62.6529 46.9348 0.0 204.9216 108.7865 108.7865 0.0017 3.7392 21.1842 21.0553 29.6055 46.4156 155.7904 1.7625 34.8846 167.8202 1.1738 114.591 119.5788 169.6973 157.4132;
	1.8629 25.1724 53.9522 8.0956 14.6606 20.6094 13.8708 1.6433 25.1142 1.9191 3.5475 5.2921 7.9672 17.4411 6.5016 2.4495 3.0391 3.2206 3.8575 9.4996 4.6236 48.0887 47.7375 0.5724 0.7289 27.8803 0.105 171.2894 187.3006 187.3006 0.9893 5.0172 12.8584 24.452 54.6802 79.9149 167.1554 10.4483 134.0548 1.9523 2.9812 228.6274 90.1137 145.1811 168.8966;
	2.3574 31.854 41.6376 15.1456 10.7211 9.4904 7.1355 1.2838 18.1941 5.0705 9.3727 13.9823 21.0502 20.8572 56.3994 21.2481 26.3634 27.9374 46.4699 24.7334 2.3785 22.1443 33.3303 5.3146 2.8155 2.8203 0.074 262.3812 228.3968 228.3968 87.4694 7.3455 154.8998 63.6637 65.3903 97.4493 228.5118 22.8607 206.0016 7.5414 9.8499 105.2802 95.6239 118.2546 230.8922;
	3.4402 46.4846 89.5868 29.8512 14.8665 12.8094 3.6708 2.1377 21.8463 7.0109 12.9595 19.3331 29.1059 11.7098 22.5393 8.4915 10.5358 11.1648 28.587 4.5324 1.2236 29.8885 51.394 16.6353 4.4123 17.1258 0.3842 395.6961 287.2158 287.2158 178.2037 12.1175 95.2898 11.6663 36.7117 122.5454 308.0408 45.4606 170.7099 11.8188 17.0477 142.0984 134.0773 210.473 311.2496;
	3.6181 48.8891 32.2541 21.5593 15.1641 3.8284 1.6076 10.5442 11.6476 5.6531 10.4496 15.5888 23.4688 3.252 0.4864 0.1833 0.2274 0.241 7.0035 0.7258 0.5359 8.933 8.6961 24.4147 10.4852 39.4214 1.7735 366.3211 368.4863 368.4863 185.5528 26.0131 23.3451 1.8681 10.1954 157.2208 424.7789 72.7737 32.382 28.0853 9.8321 42.4701 149.4224 244.5123 429.2037;
	2.864 38.6993 1.9959 0.1927 14.8737 17.7374 0.0078 0.816 8.8842 5.3817 9.948 14.8404 22.3422 0.6793 0.0 0.0 0.0 0.0 12.7615 0.3526 0.0026 41.3873 15.0504 0.3728 0.0 8.2979 0.1216 527.2158 463.8008 463.8008 312.1083 34.1329 42.5385 0.9075 2.1297 197.8883 506.5822 91.8662 12.4317 0.0 8.9225 196.7669 119.7202 243.4048 511.8591;
	3.3838 45.7221 85.944 26.3934 15.3564 25.8495 2.0756 3.6856 10.8937 9.1505 16.9146 25.2332 37.9885 6.8403 0.0 0.0 0.0 0.0 10.2627 40.5631 0.6919 60.3156 29.1691 49.3687 30.3354 64.097 0.952 803.9209 466.3787 466.3787 362.1806 48.1109 34.209 104.4094 21.4453 198.9882 606.3212 79.1234 6.196 81.2554 48.2527 286.7576 123.4622 226.926 612.6371;
	3.244 43.8333 12.6015 58.7623 15.3107 6.6445 19.1296 3.7225 27.0271 22.4695 41.5345 61.9614 93.2825 5.6818 1.2854 0.4843 0.6009 0.6367 27.6454 19.6726 6.3765 15.5039 60.5555 46.1819 50.6011 55.0689 2.2262 799.0373 468.0953 468.0953 365.8992 48.4788 92.1512 50.6373 17.8133 199.7207 564.0351 86.7903 160.6811 135.5386 49.4446 73.7101 120.8746 189.1014 569.9105;
