function loadprofile = ex_load_profilesh1
%EX_LOAD_PROFILE  Example load profile data file for stochastic unit commitment.
% 2022.03.12
% Andres F. Ramirez

%% define constants
[CT_LABEL, CT_PROB, CT_TABLE, CT_TBUS, CT_TGEN, CT_TBRCH, CT_TAREABUS, ...
    CT_TAREAGEN, CT_TAREABRCH, CT_ROW, CT_COL, CT_CHGTYPE, CT_REP, ...
    CT_REL, CT_ADD, CT_NEWVAL, CT_TLOAD, CT_TAREALOAD, CT_LOAD_ALL_PQ, ...
    CT_LOAD_FIX_PQ, CT_LOAD_DIS_PQ, CT_LOAD_ALL_P, CT_LOAD_FIX_P, ...
    CT_LOAD_DIS_P, CT_TGENCOST, CT_TAREAGENCOST, CT_MODCOST_F, ...
    CT_MODCOST_X] = idx_ct;

loadprofile = struct( ...
    'type', 'mpcData', ...
    'table', CT_TAREALOAD, ...
    'rows', [1:11], ...
    'col', CT_LOAD_ALL_P, ...
    'chgtype', 1, ...
    'values', [] );
loadprofile.values(:,1,:) = [
	1604.779 962.9435 1707.4031 607.3 907.9211 1291.1745 923.2 271.3179 508.5183 4548.7847 1670.7764;
	1575.0693 967.8804 1707.9301 612.5239 934.9815 1277.9398 915.9381 261.6014 505.4916 4543.1343 1707.9909;
	1603.1 982.0437 1722.2 610.087 953.1215 1273.4733 924.7 264.1759 523.4593 4506.7123 1723.2239;
	1682.7114 1047.5571 1825.6255 618.1344 997.101 1353.7954 975.7892 289.7666 556.9759 4825.3739 1862.3107;
	1834.5163 1176.4023 2019.2912 643.4 1081.6625 1483.6 1080.3291 330.0812 621.6583 5359.5175 2086.0346;
	1917.6287 1265.6055 2178.5 641.4069 1141.2 1562.5345 1128.1 350.4 687.6043 5965.4 2245.7377;
	1875.6982 1269.7551 2155.1432 641.1153 1134.8017 1552.2001 1147.5789 346.0252 692.3264 6227.1915 2232.673;
	1880.0 1268.4893 2117.1022 638.4608 1130.5415 1491.8773 1115.4073 314.9994 694.1 6305.5123 2190.9327;
	1834.2639 1246.1 2076.2611 629.5955 1109.3 1393.7134 1043.1592 303.6605 654.3688 6310.7734 2004.922;
	1847.2 1240.8319 2042.6028 636.1994 1116.6 1408.2273 1090.1889 314.3047 677.8232 6486.411 2056.1815;
	1829.7911 1223.7009 2009.7328 629.4682 1093.5302 1360.2467 1006.5528 296.0105 610.4342 6410.4016 1999.9485;
	1849.7753 1204.8127 1977.5609 603.8504 1081.0927 1342.9756 1000.0451 292.6713 646.5535 6374.974 1989.351;
	1833.423 1200.2199 1960.3652 613.5863 1066.5198 1357.368 1016.2168 290.3118 642.4984 6385.04 1961.2916;
	1781.4321 1166.4667 1935.3363 617.3005 1032.7531 1305.155 1021.9193 302.9071 656.3236 6245.7932 1986.7262;
	1742.5739 1165.3 1911.0816 628.5 994.6366 1320.1745 1030.049 301.1868 673.1722 6323.5338 1917.0105;
	1728.1979 1191.3765 1926.1451 626.9361 1009.679 1391.3952 1051.9497 299.6 713.8553 6358.8455 2164.0858;
	1791.389 1218.3135 1945.2116 622.0298 980.1539 1460.5478 1106.4772 331.0414 742.2102 6313.1177 2369.448;
	1760.7697 1243.9776 1994.0349 623.0958 1041.8481 1522.5992 1161.4241 360.749 762.5338 6399.5858 2523.554;
	1780.1697 1233.7262 1946.7534 616.2 1004.7 1502.0347 1131.3591 337.3531 736.7849 6194.9962 2456.3906;
	1724.5888 1180.1135 1890.2814 601.4044 956.8285 1409.3403 1076.9599 323.0599 692.5879 5957.9416 2286.685;
	1652.0212 1092.4895 1757.4809 583.1 912.4781 1307.427 1035.0 295.7504 638.3328 5665.9321 2124.8;
	1567.7771 1009.8 1653.1789 578.265 851.3075 1216.0 945.8271 278.458 573.2 5209.9 1881.4738;
	1509.3629 929.8759 1574.6163 570.6 791.565 1128.3669 882.0217 238.2191 524.5169 4760.3289 1758.8587;
	1431.5328 921.6283 1589.1525 578.7293 767.9449 1121.9897 847.6314 234.5778 494.3571 4599.9747 1690.0146;
];
