function solarprofile = ex_solar_profilesh1
%EX_WIND_PROFILE_D  Example wind_load_nyiso profile data for deterministic unit commitment.
% 2022.03.12
% Andres F. Ramirez


%% define constants
[GEN_BUS, PG, QG, QMAX, QMIN, VG, MBASE, GEN_STATUS, PMAX, PMIN, ...
    MU_PMAX, MU_PMIN, MU_QMAX, MU_QMIN, PC1, PC2, QC1MIN, QC1MAX, ...
    QC2MIN, QC2MAX, RAMP_AGC, RAMP_10, RAMP_30, RAMP_Q, APF] = idx_gen;
[CT_LABEL, CT_PROB, CT_TABLE, CT_TBUS, CT_TGEN, CT_TBRCH, CT_TAREABUS, ...
    CT_TAREAGEN, CT_TAREABRCH, CT_ROW, CT_COL, CT_CHGTYPE, CT_REP, ...
    CT_REL, CT_ADD, CT_NEWVAL, CT_TLOAD, CT_TAREALOAD, CT_LOAD_ALL_PQ, ...
    CT_LOAD_FIX_PQ, CT_LOAD_DIS_PQ, CT_LOAD_ALL_P, CT_LOAD_FIX_P, ...
    CT_LOAD_DIS_P, CT_TGENCOST, CT_TAREAGENCOST, CT_MODCOST_F, ...
    CT_MODCOST_X] = idx_ct;

solarprofile = struct( ...
    'type', 'mpcData', ...
    'table', CT_TGEN, ...
    'rows', [1:12], ...
    'col', PMAX, ...
    'chgtype', 1, ...
    'values', [] );
solarprofile.values(:,1,:) = [
	0.0 0.0 0.0 0.0 0.0 0.0 0.0 0.0 0.0 0.0 0.0 0.0;
	0.0 0.0 0.0 0.0 0.0 0.0 0.0 0.0 0.0 0.0 0.0 0.0;
	0.0 0.0 0.0 0.0 0.0 0.0 0.0 0.0 0.0 0.0 0.0 0.0;
	0.0 0.0 0.0 0.0 0.0 0.0 0.0 0.0 0.0 0.0 0.0 0.0;
	0.0 0.0 0.0 0.0 0.0 0.0 0.0 0.0 0.0 0.0 0.0 0.0;
	0.4731 0.4018 0.4224 0.0 0.0 0.0 0.0 0.2 0.8175 0.0 0.0 0.0;
	6.3338 6.8897 5.5044 3.738 4.3664 339.519 42.4399 45.4708 219.9562 19.7274 9.5953 35.7264;
	12.0902 11.8204 10.8066 4.9301 4.3799 434.5245 54.3156 70.51 258.3706 39.0765 25.3063 70.7678;
	16.7966 16.1288 13.7561 7.8055 3.9946 443.7034 55.4629 73.8526 265.2694 68.3593 62.0698 123.7991;
	18.7079 16.0518 13.6163 8.1768 2.4984 332.0843 41.5105 64.1009 173.4599 160.5714 120.2759 290.7958;
	23.7995 16.371 13.7627 8.8419 4.0505 347.6479 43.456 63.2717 172.4151 228.5982 112.3862 413.9927;
	25.0771 16.5068 13.9316 7.0983 5.1454 329.4114 41.1764 58.1509 136.134 232.8356 83.9926 421.6668;
	14.2329 13.4374 11.8322 3.3011 5.9746 78.2684 9.7836 16.0457 21.625 165.0972 55.7294 298.992;
	11.7925 10.5194 8.8605 2.5383 5.2474 66.8828 8.3604 14.5354 25.158 121.1735 46.0107 219.4459;
	7.8891 6.6669 5.6763 2.8763 4.5796 90.9831 11.3729 16.9835 42.1395 87.9215 36.621 159.2264;
	2.2521 2.2854 2.2469 1.8555 0.8671 132.4973 16.5622 11.602 83.9008 38.7074 9.5167 70.0994;
	0.452 0.4663 0.6175 0.3727 0.5829 30.0237 3.753 1.4941 18.8918 8.3727 4.1874 15.1631;
	0.0 0.0 0.0 0.0 0.0 0.0 0.0 0.0 0.0 0.0 0.0 0.0;
	0.0 0.0 0.0 0.0 0.0 0.0 0.0 0.0 0.0 0.0 0.0 0.0;
	0.0 0.0 0.0 0.0 0.0 0.0 0.0 0.0 0.0 0.0 0.0 0.0;
	0.0 0.0 0.0 0.0 0.0 0.0 0.0 0.0 0.0 0.0 0.0 0.0;
	0.0 0.0 0.0 0.0 0.0 0.0 0.0 0.0 0.0 0.0 0.0 0.0;
	0.0 0.0 0.0 0.0 0.0 0.0 0.0 0.0 0.0 0.0 0.0 0.0;
	0.0 0.0 0.0 0.0 0.0 0.0 0.0 0.0 0.0 0.0 0.0 0.0;
];
