function solarprofile = ex_solar_profilesh1
%EX_WIND_PROFILE_D  Example wind_load_nyiso profile data for deterministic unit commitment.
% 2022.03.12
% Andres F. Ramirez


%% define constants
[GEN_BUS, PG, QG, QMAX, QMIN, VG, MBASE, GEN_STATUS, PMAX, PMIN, ...
    MU_PMAX, MU_PMIN, MU_QMAX, MU_QMIN, PC1, PC2, QC1MIN, QC1MAX, ...
    QC2MIN, QC2MAX, RAMP_AGC, RAMP_10, RAMP_30, RAMP_Q, APF] = idx_gen;
[CT_LABEL, CT_PROB, CT_TABLE, CT_TBUS, CT_TGEN, CT_TBRCH, CT_TAREABUS, ...
    CT_TAREAGEN, CT_TAREABRCH, CT_ROW, CT_COL, CT_CHGTYPE, CT_REP, ...
    CT_REL, CT_ADD, CT_NEWVAL, CT_TLOAD, CT_TAREALOAD, CT_LOAD_ALL_PQ, ...
    CT_LOAD_FIX_PQ, CT_LOAD_DIS_PQ, CT_LOAD_ALL_P, CT_LOAD_FIX_P, ...
    CT_LOAD_DIS_P, CT_TGENCOST, CT_TAREAGENCOST, CT_MODCOST_F, ...
    CT_MODCOST_X] = idx_ct;

solarprofile = struct( ...
    'type', 'mpcData', ...
    'table', CT_TGEN, ...
    'rows', [1:12], ...
    'col', PMAX, ...
    'chgtype', 1, ...
    'values', [] );
solarprofile.values(:,1,:) = [
	0.0 0.0 0.0 0.0 0.0 0.0 0.0 0.0 0.0 0.0 0.0 0.0;
	0.0 0.0 0.0 0.0 0.0 0.0 0.0 0.0 0.0 0.0 0.0 0.0;
	0.0 0.0 0.0 0.0 0.0 0.0 0.0 0.0 0.0 0.0 0.0 0.0;
	0.0 0.0 0.0 0.0 0.0 0.0 0.0 0.0 0.0 0.0 0.0 0.0;
	0.0 0.0 0.0 0.0 0.0 0.0 0.0 0.0 0.0 0.0 0.0 0.0;
	0.4731 0.4018 0.4224 0.0 0.0 0.0 0.0 0.2 0.0 0.0 0.0 0.0;
	8.4062 7.0927 5.5951 3.9629 5.6306 268.9731 33.6216 59.1324 94.3958 9.2779 0.0 16.8024;
	12.1925 9.4556 7.0072 6.2607 4.0848 433.5186 54.1898 72.4093 222.8531 20.8963 9.0473 37.8433;
	18.0911 13.5386 12.2566 8.299 3.8746 443.936 55.492 74.4514 246.1067 34.1002 18.3884 61.7557;
	24.1073 16.1547 13.6408 6.8096 4.8399 311.5625 38.9453 60.9992 181.6987 38.0471 13.3743 68.9036;
	25.3111 16.371 13.7627 9.5604 8.363 318.0953 39.7619 61.2279 180.956 91.7936 24.2656 166.2388;
	25.0929 16.3954 13.769 10.6891 9.0824 317.024 39.628 57.07 155.8969 112.5273 40.0689 203.7877;
	11.0661 6.9606 7.1655 8.5264 5.4248 119.3506 14.9188 8.555 53.3095 26.9879 19.1229 48.8752;
	8.3977 5.8501 6.1239 4.7686 3.3054 112.3773 14.0472 6.6931 64.349 2.1357 6.7985 3.8677;
	8.1327 6.5557 5.7621 2.6468 3.3778 106.0447 13.2556 9.1217 76.4805 0.0 0.0 0.0;
	3.6468 3.4429 3.7067 0.9402 2.3662 35.4223 4.4278 7.3756 41.4864 0.0 0.0 0.0;
	0.4448 0.3814 0.3726 0.4545 1.2197 11.5933 1.4492 1.4004 3.8337 6.7863 3.7279 12.29;
	0.0 0.0 0.0 0.0 0.0 0.0 0.0 0.0 0.0 0.0 0.0 0.0;
	0.0 0.0 0.0 0.0 0.0 0.0 0.0 0.0 0.0 0.0 0.0 0.0;
	0.0 0.0 0.0 0.0 0.0 0.0 0.0 0.0 0.0 0.0 0.0 0.0;
	0.0 0.0 0.0 0.0 0.0 0.0 0.0 0.0 0.0 0.0 0.0 0.0;
	0.0 0.0 0.0 0.0 0.0 0.0 0.0 0.0 0.0 0.0 0.0 0.0;
	0.0 0.0 0.0 0.0 0.0 0.0 0.0 0.0 0.0 0.0 0.0 0.0;
	0.0 0.0 0.0 0.0 0.0 0.0 0.0 0.0 0.0 0.0 0.0 0.0;
];
