function solarprofile = ex_solar_profilesh1
%EX_WIND_PROFILE_D  Example wind_load_nyiso profile data for deterministic unit commitment.
% 2022.03.12
% Andres F. Ramirez


%% define constants
[GEN_BUS, PG, QG, QMAX, QMIN, VG, MBASE, GEN_STATUS, PMAX, PMIN, ...
    MU_PMAX, MU_PMIN, MU_QMAX, MU_QMIN, PC1, PC2, QC1MIN, QC1MAX, ...
    QC2MIN, QC2MAX, RAMP_AGC, RAMP_10, RAMP_30, RAMP_Q, APF] = idx_gen;
[CT_LABEL, CT_PROB, CT_TABLE, CT_TBUS, CT_TGEN, CT_TBRCH, CT_TAREABUS, ...
    CT_TAREAGEN, CT_TAREABRCH, CT_ROW, CT_COL, CT_CHGTYPE, CT_REP, ...
    CT_REL, CT_ADD, CT_NEWVAL, CT_TLOAD, CT_TAREALOAD, CT_LOAD_ALL_PQ, ...
    CT_LOAD_FIX_PQ, CT_LOAD_DIS_PQ, CT_LOAD_ALL_P, CT_LOAD_FIX_P, ...
    CT_LOAD_DIS_P, CT_TGENCOST, CT_TAREAGENCOST, CT_MODCOST_F, ...
    CT_MODCOST_X] = idx_ct;

solarprofile = struct( ...
    'type', 'mpcData', ...
    'table', CT_TGEN, ...
    'rows', [1:12], ...
    'col', PMAX, ...
    'chgtype', 1, ...
    'values', [] );
solarprofile.values(:,1,:) = [
	0.0 0.0 0.0 0.0 0.0 0.0 0.0 0.0 0.0 0.0 0.0 0.0;
	0.0 0.0 0.0 0.0 0.0 0.0 0.0 0.0 0.0 0.0 0.0 0.0;
	0.0 0.0 0.0 0.0 0.0 0.0 0.0 0.0 0.0 0.0 0.0 0.0;
	0.0 0.0 0.0 0.0 0.0 0.0 0.0 0.0 0.0 0.0 0.0 0.0;
	0.0 0.0 0.0 0.0 0.0 0.0 0.0 0.0 0.0 0.0 0.0 0.0;
	0.4731 0.4018 0.4281 0.0 0.0 0.0 0.0 0.5833 0.0 0.0 0.0 0.0;
	6.4912 5.0551 5.0189 1.7305 4.2315 183.7052 22.9632 37.3904 94.3972 23.1268 1.6212 41.8828;
	4.9378 6.1896 3.4506 9.7211 12.5459 435.7262 54.4658 71.5254 259.844 187.2407 24.8377 339.0941;
	9.8455 10.7224 8.2235 11.3109 13.5406 455.4259 56.9282 74.7631 278.2923 246.05 70.5928 445.598;
	22.1775 15.2707 12.0072 6.7466 12.2363 394.4708 49.3089 55.6144 247.5636 112.4794 47.754 203.7009;
	24.8019 16.0552 13.686 6.6997 10.5881 405.836 50.7295 51.0462 243.9069 92.0982 27.1613 166.7905;
	24.8646 16.1092 13.769 7.7761 10.1546 414.9565 51.8696 50.5963 232.5468 90.2936 15.8736 163.5222;
	11.5708 8.6592 9.5092 10.2383 9.5843 261.7619 32.7202 23.0918 109.3639 103.913 20.4838 188.1871;
	9.052 6.7617 7.5015 9.369 7.8994 169.8724 21.234 19.1773 80.4743 119.8552 31.1087 217.0585;
	6.7783 5.579 4.3914 6.6255 5.195 91.6037 11.4505 10.4949 50.0427 116.763 32.0021 211.4586;
	1.8415 1.1535 0.6172 1.2973 0.2248 0.0 0.0 0.2027 8.1817 56.8635 8.6696 102.9801;
	0.3545 0.3047 0.2871 0.4849 0.2033 9.4809 1.1851 1.1727 5.152 24.0291 4.3047 43.5168;
	0.0 0.0 0.0 0.0 0.0 0.0 0.0 0.0 0.0 0.0 0.0 0.0;
	0.0 0.0 0.0 0.0 0.0 0.0 0.0 0.0 0.0 0.0 0.0 0.0;
	0.0 0.0 0.0 0.0 0.0 0.0 0.0 0.0 0.0 0.0 0.0 0.0;
	0.0 0.0 0.0 0.0 0.0 0.0 0.0 0.0 0.0 0.0 0.0 0.0;
	0.0 0.0 0.0 0.0 0.0 0.0 0.0 0.0 0.0 0.0 0.0 0.0;
	0.0 0.0 0.0 0.0 0.0 0.0 0.0 0.0 0.0 0.0 0.0 0.0;
	0.0 0.0 0.0 0.0 0.0 0.0 0.0 0.0 0.0 0.0 0.0 0.0;
];
