function loadprofile = ex_load_profilesh1
%EX_LOAD_PROFILE  Example load profile data file for stochastic unit commitment.
% 2022.03.12
% Andres F. Ramirez

%% define constants
[CT_LABEL, CT_PROB, CT_TABLE, CT_TBUS, CT_TGEN, CT_TBRCH, CT_TAREABUS, ...
    CT_TAREAGEN, CT_TAREABRCH, CT_ROW, CT_COL, CT_CHGTYPE, CT_REP, ...
    CT_REL, CT_ADD, CT_NEWVAL, CT_TLOAD, CT_TAREALOAD, CT_LOAD_ALL_PQ, ...
    CT_LOAD_FIX_PQ, CT_LOAD_DIS_PQ, CT_LOAD_ALL_P, CT_LOAD_FIX_P, ...
    CT_LOAD_DIS_P, CT_TGENCOST, CT_TAREAGENCOST, CT_MODCOST_F, ...
    CT_MODCOST_X] = idx_ct;

loadprofile = struct( ...
    'type', 'mpcData', ...
    'table', CT_TAREALOAD, ...
    'rows', [1:11], ...
    'col', CT_LOAD_ALL_P, ...
    'chgtype', 1, ...
    'values', [] );
loadprofile.values(:,1,:) = [
	1638.6452 990.8817 1619.446 587.1438 861.2087 1150.5034 865.3 330.5154 531.9549 4694.3 1816.9696;
	1615.5 980.4206 1585.5223 580.7 850.0 1142.297 877.4084 314.9691 538.8196 4642.7 1806.2972;
	1642.0536 990.0104 1653.2194 585.1803 866.9024 1162.8708 892.6263 348.6676 533.1 4647.2279 1846.5;
	1712.2 1064.218 1757.8095 612.5369 915.3 1242.4965 935.6842 354.462 561.4808 4906.8853 1955.4314;
	1858.5151 1173.3 1930.9494 622.1622 1017.8186 1390.9378 1028.1911 413.3264 638.9438 5365.178 2124.1107;
	1923.3 1233.9797 2033.2703 628.6261 1072.7484 1450.6063 1059.0739 418.602 694.4522 5821.5346 2216.1403;
	1946.3839 1210.2464 1961.6218 623.2089 1048.4 1395.4926 1007.1084 392.0932 704.8639 6154.1662 2172.8399;
	1915.6804 1209.2 1946.5883 590.0 1026.4346 1382.746 940.48 396.1 703.4 6330.1574 2132.2507;
	1911.191 1201.5906 1964.2658 581.9244 1054.9832 1350.8098 977.4529 381.9924 724.2232 6374.9139 2109.9;
	1898.5 1198.1959 1918.6934 579.8931 1037.1 1320.22 990.6479 402.3416 717.0269 6423.2954 2174.8269;
	1870.1719 1187.7243 1880.9895 582.8 1039.4529 1326.3568 995.2484 377.7194 725.4523 6559.2083 2205.0028;
	1861.5938 1143.3921 1809.3484 573.826 973.55 1269.2972 995.8171 375.3805 723.3 6478.0476 2186.1143;
	1859.693 1159.5177 1786.241 585.0 972.9029 1223.1552 993.5977 372.857 720.6559 6554.0637 2220.0956;
	1808.0346 1124.4 1756.1619 594.9 963.7179 1191.3438 987.4054 381.6275 728.0085 6350.7799 2153.2;
	1880.6215 1101.4258 1801.11 578.5454 972.6902 1243.7721 1000.7476 397.0188 685.251 6337.5763 2125.6145;
	1860.2545 1107.5917 1762.9064 584.3 964.1908 1256.6546 1038.8504 376.1102 712.4649 6322.1841 2248.6048;
	1816.8 1108.8326 1800.9647 588.2606 1005.0 1385.6235 1068.7925 377.6155 720.8549 6154.4037 2289.2613;
	1866.6022 1165.3087 1898.0666 591.7478 1050.1992 1443.5806 1128.1383 388.8998 746.7539 6231.5956 2451.6465;
	1885.8368 1213.2804 1950.6876 574.928 1061.7455 1457.9794 1130.0004 399.5347 731.4748 6168.8735 2457.7745;
	1846.0143 1147.8481 1868.9115 563.4322 979.5641 1374.5 1105.0016 375.9546 707.9 5981.207 2374.5113;
	1766.7677 1066.9123 1735.8733 555.7792 924.3 1301.1563 1026.3964 339.0305 640.3075 5597.9374 2210.9171;
	1711.5887 1006.1291 1649.6601 541.8185 871.7 1215.0 961.5142 312.4435 593.2703 5194.3537 2016.443;
	1628.0 965.7453 1585.3348 569.2891 873.052 1173.4892 923.3444 342.2084 562.6057 5139.7928 1855.1999;
	1626.9913 963.4 1588.5802 583.7014 846.191 1144.9784 890.2 335.2231 518.7949 4814.4201 1793.5586;
];
