function solarprofile = ex_solar_profilesh1
%EX_WIND_PROFILE_D  Example wind_load_nyiso profile data for deterministic unit commitment.
% 2022.03.12
% Andres F. Ramirez


%% define constants
[GEN_BUS, PG, QG, QMAX, QMIN, VG, MBASE, GEN_STATUS, PMAX, PMIN, ...
    MU_PMAX, MU_PMIN, MU_QMAX, MU_QMIN, PC1, PC2, QC1MIN, QC1MAX, ...
    QC2MIN, QC2MAX, RAMP_AGC, RAMP_10, RAMP_30, RAMP_Q, APF] = idx_gen;
[CT_LABEL, CT_PROB, CT_TABLE, CT_TBUS, CT_TGEN, CT_TBRCH, CT_TAREABUS, ...
    CT_TAREAGEN, CT_TAREABRCH, CT_ROW, CT_COL, CT_CHGTYPE, CT_REP, ...
    CT_REL, CT_ADD, CT_NEWVAL, CT_TLOAD, CT_TAREALOAD, CT_LOAD_ALL_PQ, ...
    CT_LOAD_FIX_PQ, CT_LOAD_DIS_PQ, CT_LOAD_ALL_P, CT_LOAD_FIX_P, ...
    CT_LOAD_DIS_P, CT_TGENCOST, CT_TAREAGENCOST, CT_MODCOST_F, ...
    CT_MODCOST_X] = idx_ct;

solarprofile = struct( ...
    'type', 'mpcData', ...
    'table', CT_TGEN, ...
    'rows', [1:12], ...
    'col', PMAX, ...
    'chgtype', 1, ...
    'values', [] );
solarprofile.values(:,1,:) = [
	0.0 0.0 0.0 0.0 0.0 0.0 0.0 0.0 0.0 0.0 0.0 0.0;
	0.0 0.0 0.0 0.0 0.0 0.0 0.0 0.0 0.0 0.0 0.0 0.0;
	0.0 0.0 0.0 0.0 0.0 0.0 0.0 0.0 0.0 0.0 0.0 0.0;
	0.0 0.0 0.0 0.0 0.0 0.0 0.0 0.0 0.0 0.0 0.0 0.0;
	0.0 0.0 0.0 0.0 0.0 0.0 0.0 0.0 0.0 0.0 0.0 0.0;
	0.4731 0.4018 0.4224 0.0 0.0 0.0 0.0 0.2 0.0 0.0 0.0 0.0;
	9.0847 6.9861 5.5853 0.9358 2.5455 291.9359 36.492 43.7326 233.027 30.6962 32.3476 55.5909;
	17.096 13.7421 10.4099 2.4883 2.5244 440.3305 55.0413 73.7126 280.3934 37.4952 24.2528 67.9041;
	22.2712 16.6083 13.8 4.904 3.8577 450.0528 56.2566 76.3506 282.4507 56.5471 34.4512 102.4071;
	24.4048 16.1547 13.6408 3.0182 3.241 314.8244 39.353 59.9543 203.8347 85.4271 48.9858 154.709;
	25.7715 16.371 13.7627 3.8386 4.1645 310.6703 38.8338 54.9681 190.3454 97.5707 54.6838 176.7011;
	25.5758 16.3954 13.769 5.3401 3.853 289.2153 36.1519 51.6773 184.23 92.6182 52.7815 167.7321;
	10.6636 8.433 5.3676 5.4804 1.6353 64.8722 8.109 31.5268 119.7573 57.7937 44.3603 104.6647;
	5.16 4.8476 2.9727 4.5407 0.7086 52.1641 6.5205 35.289 110.9277 61.1687 40.7409 110.777;
	3.6544 3.8482 2.7345 2.9862 0.2358 47.7566 5.9696 30.3726 93.288 66.5227 36.008 120.473;
	2.74 1.5774 2.2034 0.6866 0.0 22.2715 2.7839 7.699 23.182 168.9082 12.2404 305.8938;
	0.6372 0.4035 0.3756 0.3627 0.1456 10.4089 1.3011 1.5249 5.0622 35.0793 3.9751 63.5288;
	0.0 0.0 0.0 0.0 0.0 0.0 0.0 0.0 0.0 0.0 0.0 0.0;
	0.0 0.0 0.0 0.0 0.0 0.0 0.0 0.0 0.0 0.0 0.0 0.0;
	0.0 0.0 0.0 0.0 0.0 0.0 0.0 0.0 0.0 0.0 0.0 0.0;
	0.0 0.0 0.0 0.0 0.0 0.0 0.0 0.0 0.0 0.0 0.0 0.0;
	0.0 0.0 0.0 0.0 0.0 0.0 0.0 0.0 0.0 0.0 0.0 0.0;
	0.0 0.0 0.0 0.0 0.0 0.0 0.0 0.0 0.0 0.0 0.0 0.0;
	0.0 0.0 0.0 0.0 0.0 0.0 0.0 0.0 0.0 0.0 0.0 0.0;
];
