function solarprofile = ex_solar_profilesh1
%EX_WIND_PROFILE_D  Example wind_load_nyiso profile data for deterministic unit commitment.
% 2022.03.12
% Andres F. Ramirez


%% define constants
[GEN_BUS, PG, QG, QMAX, QMIN, VG, MBASE, GEN_STATUS, PMAX, PMIN, ...
    MU_PMAX, MU_PMIN, MU_QMAX, MU_QMIN, PC1, PC2, QC1MIN, QC1MAX, ...
    QC2MIN, QC2MAX, RAMP_AGC, RAMP_10, RAMP_30, RAMP_Q, APF] = idx_gen;
[CT_LABEL, CT_PROB, CT_TABLE, CT_TBUS, CT_TGEN, CT_TBRCH, CT_TAREABUS, ...
    CT_TAREAGEN, CT_TAREABRCH, CT_ROW, CT_COL, CT_CHGTYPE, CT_REP, ...
    CT_REL, CT_ADD, CT_NEWVAL, CT_TLOAD, CT_TAREALOAD, CT_LOAD_ALL_PQ, ...
    CT_LOAD_FIX_PQ, CT_LOAD_DIS_PQ, CT_LOAD_ALL_P, CT_LOAD_FIX_P, ...
    CT_LOAD_DIS_P, CT_TGENCOST, CT_TAREAGENCOST, CT_MODCOST_F, ...
    CT_MODCOST_X] = idx_ct;

solarprofile = struct( ...
    'type', 'mpcData', ...
    'table', CT_TGEN, ...
    'rows', [1:12], ...
    'col', PMAX, ...
    'chgtype', 1, ...
    'values', [] );
solarprofile.values(:,1,:) = [
	0.0 0.0 0.0 0.0 0.0 0.0 0.0 0.0 0.0 0.0 0.0 0.0;
	0.0 0.0 0.0 0.0 0.0 0.0 0.0 0.0 0.0 0.0 0.0 0.0;
	0.0 0.0 0.0 0.0 0.0 0.0 0.0 0.0 0.0 0.0 0.0 0.0;
	0.0 0.0 0.0 0.0 0.0 0.0 0.0 0.0 0.0 0.0 0.0 0.0;
	0.0 0.0 0.0 0.0 0.0 0.0 0.0 0.0 0.0 0.0 0.0 0.0;
	0.4731 0.4018 0.4224 0.0 0.0 0.0 0.0 0.2 0.0 0.0 0.0 0.0;
	0.4902 0.5633 0.5361 3.2325 3.9665 184.5681 23.071 41.9041 104.542 9.8606 3.0565 17.8576;
	4.9141 2.1303 1.9805 6.166 6.3035 379.349 47.4186 67.629 207.3087 16.6981 3.1457 30.2404;
	16.083 10.6978 10.9167 7.9387 6.8723 357.2569 44.6571 70.3055 218.371 23.606 11.3468 42.7507;
	20.464 12.7725 13.0504 3.63 2.5057 65.6569 8.2071 46.252 58.4524 24.6176 46.1573 44.5826;
	14.454 8.6414 11.149 4.448 3.1457 83.4931 10.4366 51.5218 67.0567 22.5213 46.3188 40.7862;
	11.7732 4.7332 9.7158 5.4472 4.0958 114.2115 14.2764 49.8511 64.7136 19.99 31.4597 36.2021;
	6.6642 3.5622 7.5165 4.7353 4.6574 39.1147 4.8893 4.0856 17.0041 28.1656 23.7598 51.008;
	10.1914 5.5461 8.7715 3.569 3.9384 30.4751 3.8094 2.4812 20.7382 34.522 25.1157 62.5195;
	8.8829 6.3864 6.9481 2.3213 2.8182 20.0131 2.5016 3.7652 20.3517 27.8678 25.1848 50.4687;
	3.3723 2.3359 2.5604 0.7924 0.1048 3.2892 0.4111 4.5324 8.5556 2.6953 5.825 4.8812;
	0.4432 0.333 0.3122 0.3612 0.179 8.998 1.1248 3.8844 3.1636 0.9805 1.6311 1.7757;
	0.0 0.0 0.0 0.0 0.0 0.0 0.0 0.0 0.0 0.0 0.0 0.0;
	0.0 0.0 0.0 0.0 0.0 0.0 0.0 0.0 0.0 0.0 0.0 0.0;
	0.0 0.0 0.0 0.0 0.0 0.0 0.0 0.0 0.0 0.0 0.0 0.0;
	0.0 0.0 0.0 0.0 0.0 0.0 0.0 0.0 0.0 0.0 0.0 0.0;
	0.0 0.0 0.0 0.0 0.0 0.0 0.0 0.0 0.0 0.0 0.0 0.0;
	0.0 0.0 0.0 0.0 0.0 0.0 0.0 0.0 0.0 0.0 0.0 0.0;
	0.0 0.0 0.0 0.0 0.0 0.0 0.0 0.0 0.0 0.0 0.0 0.0;
];
