function solarprofile = ex_solar_profilesh1
%EX_WIND_PROFILE_D  Example wind_load_nyiso profile data for deterministic unit commitment.
% 2022.03.12
% Andres F. Ramirez


%% define constants
[GEN_BUS, PG, QG, QMAX, QMIN, VG, MBASE, GEN_STATUS, PMAX, PMIN, ...
    MU_PMAX, MU_PMIN, MU_QMAX, MU_QMIN, PC1, PC2, QC1MIN, QC1MAX, ...
    QC2MIN, QC2MAX, RAMP_AGC, RAMP_10, RAMP_30, RAMP_Q, APF] = idx_gen;
[CT_LABEL, CT_PROB, CT_TABLE, CT_TBUS, CT_TGEN, CT_TBRCH, CT_TAREABUS, ...
    CT_TAREAGEN, CT_TAREABRCH, CT_ROW, CT_COL, CT_CHGTYPE, CT_REP, ...
    CT_REL, CT_ADD, CT_NEWVAL, CT_TLOAD, CT_TAREALOAD, CT_LOAD_ALL_PQ, ...
    CT_LOAD_FIX_PQ, CT_LOAD_DIS_PQ, CT_LOAD_ALL_P, CT_LOAD_FIX_P, ...
    CT_LOAD_DIS_P, CT_TGENCOST, CT_TAREAGENCOST, CT_MODCOST_F, ...
    CT_MODCOST_X] = idx_ct;

solarprofile = struct( ...
    'type', 'mpcData', ...
    'table', CT_TGEN, ...
    'rows', [1:12], ...
    'col', PMAX, ...
    'chgtype', 1, ...
    'values', [] );
solarprofile.values(:,1,:) = [
	0.0 0.0 0.0 0.0 0.0 0.0 0.0 0.0 0.0 0.0 0.0 0.0;
	0.0 0.0 0.0 0.0 0.0 0.0 0.0 0.0 0.0 0.0 0.0 0.0;
	0.0 0.0 0.0 0.0 0.0 0.0 0.0 0.0 0.0 0.0 0.0 0.0;
	0.0 0.0 0.0 0.0 0.0 0.0 0.0 0.0 0.0 0.0 0.0 0.0;
	0.0 0.0 0.0 0.0 0.0 0.0 0.0 0.0 0.0 0.0 0.0 0.0;
	0.4836 0.4288 0.4745 0.0 0.0 0.0 0.0 0.2 0.0 0.0 0.0 0.0;
	7.856 7.0925 5.7236 2.4779 2.7498 330.5234 41.3154 33.6257 199.8231 54.602 13.4181 98.8846;
	10.4335 10.1144 6.4507 6.698 6.1385 436.6774 54.5847 66.1089 272.6515 43.1055 13.5007 78.0644;
	12.808 13.3463 9.5117 8.8971 7.2371 444.4325 55.5541 72.2694 277.6408 47.4626 7.6427 85.9551;
	14.6945 8.2743 5.0886 6.5206 3.8845 305.1331 38.1416 57.0767 211.0369 60.3518 4.4082 109.2974;
	15.3045 6.7401 5.3173 6.9775 2.6588 290.9407 36.3676 57.5116 217.8418 97.2027 14.3375 176.0347;
	16.6373 6.9133 6.9404 6.9581 3.2514 271.234 33.9042 52.6904 206.1208 138.2846 26.4308 250.4342;
	9.2671 4.5504 6.1271 5.1651 9.0247 88.4266 11.0533 2.7577 52.3766 184.2927 44.1241 333.7552;
	9.102 4.348 5.1465 4.3259 11.8649 80.8346 10.1043 2.46 30.9859 150.159 31.2741 271.9389;
	8.1595 4.7365 4.1318 3.2323 11.7339 80.2276 10.0285 4.5577 22.7065 104.4872 18.2922 189.2269;
	3.1765 1.9081 1.234 1.5241 4.5951 24.5731 3.0716 6.9631 6.1364 18.4178 0.0 33.3548;
	0.4573 0.3832 0.3343 0.6214 0.6196 9.5371 1.1921 2.2297 4.9264 6.736 1.2566 12.1989;
	0.0 0.0 0.0 0.0 0.0 0.0 0.0 0.0 0.0 0.0 0.0 0.0;
	0.0 0.0 0.0 0.0 0.0 0.0 0.0 0.0 0.0 0.0 0.0 0.0;
	0.0 0.0 0.0 0.0 0.0 0.0 0.0 0.0 0.0 0.0 0.0 0.0;
	0.0 0.0 0.0 0.0 0.0 0.0 0.0 0.0 0.0 0.0 0.0 0.0;
	0.0 0.0 0.0 0.0 0.0 0.0 0.0 0.0 0.0 0.0 0.0 0.0;
	0.0 0.0 0.0 0.0 0.0 0.0 0.0 0.0 0.0 0.0 0.0 0.0;
	0.0 0.0 0.0 0.0 0.0 0.0 0.0 0.0 0.0 0.0 0.0 0.0;
];
