function windprofile = ex_wind_profilesh1
%EX_WIND_PROFILE_D  Example wind_load_nyiso profile data for deterministic unit commitment.
% 2022.03.12
% Andres F. Ramirez


%% define constants
[GEN_BUS, PG, QG, QMAX, QMIN, VG, MBASE, GEN_STATUS, PMAX, PMIN, ...
    MU_PMAX, MU_PMIN, MU_QMAX, MU_QMIN, PC1, PC2, QC1MIN, QC1MAX, ...
    QC2MIN, QC2MAX, RAMP_AGC, RAMP_10, RAMP_30, RAMP_Q, APF] = idx_gen;
[CT_LABEL, CT_PROB, CT_TABLE, CT_TBUS, CT_TGEN, CT_TBRCH, CT_TAREABUS, ...
    CT_TAREAGEN, CT_TAREABRCH, CT_ROW, CT_COL, CT_CHGTYPE, CT_REP, ...
    CT_REL, CT_ADD, CT_NEWVAL, CT_TLOAD, CT_TAREALOAD, CT_LOAD_ALL_PQ, ...
    CT_LOAD_FIX_PQ, CT_LOAD_DIS_PQ, CT_LOAD_ALL_P, CT_LOAD_FIX_P, ...
    CT_LOAD_DIS_P, CT_TGENCOST, CT_TAREAGENCOST, CT_MODCOST_F, ...
    CT_MODCOST_X] = idx_ct;

windprofile = struct( ...
    'type', 'mpcData', ...
    'table', CT_TGEN, ...
    'rows', [1:45], ...
    'col', PMAX, ...
    'chgtype', 1, ...
    'values', [] );
windprofile.values(:,1,:) = [
	0.8018 10.8341 52.1864 61.7942 8.7823 0.6234 6.1135 4.2143 0.0 18.6922 34.5523 51.5452 77.601 9.792 155.3954 58.5443 72.6383 76.9749 81.629 70.4502 2.0378 1.4546 67.234 70.3491 44.5779 39.4009 3.5819 182.1379 309.212 309.212 226.0173 48.6622 272.0967 181.3391 30.6993 131.9305 386.638 87.7685 0.31 119.4052 47.9638 6.9158 37.0012 62.2581 390.6655;
	0.6287 8.4949 52.4343 63.6059 8.5162 7.261 7.2197 10.0715 0.8271 11.1587 20.6268 30.7711 46.3257 10.0035 125.2298 47.1796 58.5376 62.0324 78.2163 69.7455 2.4066 16.9423 34.3531 72.5453 50.16 48.5156 5.9929 78.7362 226.8668 226.8668 160.0449 30.6598 260.7209 179.5252 31.3623 96.7965 309.9424 85.5345 30.676 134.3571 64.5635 80.5483 63.0049 84.6054 313.1709;
	0.4301 5.8117 63.1384 70.6697 7.8762 7.494 8.029 11.0711 1.5601 9.6297 17.8004 26.5547 39.978 1.6395 93.7742 35.3289 43.834 46.4509 69.6475 67.2266 2.6763 17.4859 25.9862 79.7915 56.1995 55.5905 6.573 12.4531 18.1815 18.1815 108.8898 18.2857 232.1584 173.0414 5.1401 7.7575 172.52 4.9876 12.165 150.5343 68.1955 83.1331 74.9103 98.431 174.3171;
	0.4629 6.2553 65.4923 73.2962 8.9966 4.0145 13.9547 13.5812 2.9002 15.5457 28.736 42.8684 64.5382 5.3569 94.8875 35.7483 44.3544 47.0024 49.672 65.2386 4.6516 9.3673 49.5593 78.0642 57.4752 64.4283 7.8376 34.4083 50.4143 50.4143 77.9113 21.1325 165.5732 167.9242 16.7945 21.5101 16.5019 8.7654 79.7104 153.9515 66.482 44.5347 17.4753 133.1312 16.6738;
	0.4805 6.4932 67.1631 67.662 10.0162 0.035 5.7509 12.6363 0.6615 15.0614 27.8407 41.5329 62.5276 2.2036 127.899 48.1852 59.7854 63.3546 58.292 66.6662 1.917 0.0816 47.0229 74.4211 63.8214 63.4985 8.248 22.1381 32.1878 32.1878 168.5466 11.8564 194.3067 171.5989 6.9087 13.7335 17.8525 16.7232 58.1628 170.9502 63.5085 0.388 0.1283 132.2271 18.0384;
	0.4537 6.1306 63.9295 54.7591 10.377 3.4265 3.3891 11.2767 0.0 7.8042 14.426 21.5208 32.3994 3.6657 148.9381 56.1115 69.6199 73.7763 80.6113 67.1195 1.1297 7.9952 33.3462 66.5313 43.4494 57.8517 7.5168 30.5129 56.7939 56.7939 190.8235 9.8291 268.7045 172.7658 11.4924 24.2321 37.0413 5.0406 57.7646 116.3823 43.823 38.0116 22.1337 123.8508 37.4271;
	0.4482 6.0557 43.6587 32.7678 9.5803 2.4812 3.7559 7.7448 1.4732 5.4136 10.0069 14.9283 22.4745 10.343 125.6384 47.3335 58.7286 62.2348 66.1448 67.4152 1.252 5.7895 12.86 50.6659 31.7292 55.4032 4.2878 32.6419 43.7148 43.7148 181.8176 0.1058 220.4826 173.5269 32.4267 18.6516 66.1618 1.7819 203.08 84.989 24.694 27.5248 31.6247 111.2858 66.851;
	0.4734 6.3972 29.2852 20.4442 3.8114 2.6266 4.6636 6.942 1.3764 2.6781 4.9504 7.385 11.118 55.5599 72.0602 27.1483 33.6839 35.6949 18.6376 45.8232 1.5545 6.1287 4.6303 30.6738 31.5382 55.1658 4.479 45.0882 116.1555 116.1555 279.7003 4.11 62.1252 117.9491 174.1878 49.5597 99.012 2.6276 199.2252 84.4772 8.1409 29.1377 14.3415 95.8769 100.0434;
	0.5073 6.8541 24.7534 16.4108 3.1669 0.0441 0.7772 4.9795 0.0 0.0 0.0001 0.0001 0.0002 33.6732 15.9377 6.0044 7.4499 7.8947 1.1342 16.6121 0.2591 0.1028 1.6161 21.1932 24.4753 42.7667 3.892 20.0849 54.5191 54.5191 137.6758 0.6837 3.7807 42.7595 105.5702 23.2615 56.537 1.2908 96.2852 65.5588 1.4465 0.4887 3.1877 68.6283 57.1259;
	0.6259 8.4579 29.0305 21.5532 6.7309 0.3626 1.8807 3.2122 0.0 0.0 0.0 0.0 0.0 33.7591 10.4264 3.9281 4.8737 5.1647 4.9271 10.754 0.6269 0.8461 4.9571 2.2262 22.1922 34.8098 2.4096 29.8174 44.7182 44.7182 106.4451 1.1927 16.4236 27.6808 105.8394 19.0798 66.8389 9.4432 74.5089 59.4433 1.7366 4.0228 50.2335 81.6205 67.5352;
	0.9702 13.1089 43.3359 0.3419 10.82 1.5777 3.9605 2.6716 0.0 0.0 0.0 0.0 0.0 31.812 0.0 0.0 0.0 0.0 2.0855 3.2519 1.3202 3.6814 1.4229 2.5017 30.3351 43.3582 0.9997 52.0885 67.2075 67.2075 22.2465 0.1102 6.9515 8.3704 99.7349 28.6752 60.5092 0.0016 121.7578 81.2548 3.1083 17.5023 77.0534 90.6706 61.1395;
	1.6951 22.9052 63.3863 10.8211 13.3148 0.0561 10.2331 0.3466 0.6533 0.0 0.0 0.0 0.0 14.3685 0.0083 0.0031 0.0039 0.0041 4.0947 5.9835 3.411 0.1308 30.7302 48.0325 1.0006 46.6856 0.7365 136.3304 111.475 111.475 6.0603 1.8845 13.6488 15.4015 45.0473 47.5627 122.0673 1.0054 102.5383 2.6802 22.6269 0.622 37.8708 128.2542 123.3389;
	2.256 30.4828 83.7269 4.2076 13.9828 0.0 9.6445 0.0244 1.1368 22.2509 41.1305 61.3585 92.3749 19.6546 21.6078 8.1406 10.1004 10.7034 19.5175 9.5145 3.2148 0.0 28.2754 60.7461 63.8427 53.0801 0.9164 214.4999 172.5779 172.5779 9.113 2.4177 65.0582 24.4905 61.6197 73.6332 175.4603 2.0004 98.6714 171.0072 30.5174 0.0 115.138 161.0673 177.288;
	1.9653 26.555 11.9789 1.9647 14.1144 18.4674 16.314 0.7455 2.2496 0.0553 0.1022 0.1525 0.2296 65.46 9.765 3.6789 4.5646 4.8371 18.7299 7.3893 5.438 43.0906 45.4451 0.6738 0.5081 34.9944 1.3085 188.9042 229.4631 229.4631 43.4393 5.0627 62.433 19.0201 205.2261 97.9043 204.0288 9.175 355.8997 1.3609 15.9995 204.865 89.9375 129.1815 206.1541;
	2.1213 28.6638 7.2331 1.0367 8.7266 0.4657 5.5417 0.3976 0.0 0.0988 0.1826 0.2724 0.4101 20.9995 8.8642 3.3395 4.1435 4.3909 1.9479 0.0177 1.8472 1.0865 29.392 1.4526 2.1105 4.1347 0.8782 259.6171 258.2178 258.2178 90.4413 6.7736 6.493 0.0456 65.8362 110.1729 246.8467 16.7922 11.7907 5.6531 5.6352 5.1657 86.3273 87.5337 249.418;
	3.1142 42.0791 83.0725 1.384 13.8811 0.2163 5.0129 0.9223 0.0 0.3038 0.5617 0.8379 1.2614 14.4427 0.4593 0.173 0.2147 0.2275 10.1122 0.6707 1.671 0.5047 45.0345 5.3118 17.203 3.1676 1.6248 396.3373 287.1491 287.1491 167.8276 12.0176 33.7073 1.7265 45.2798 122.5169 315.7565 44.4633 16.4281 46.0795 4.2318 2.3997 8.2567 158.5467 319.0456;
	3.4351 46.4152 0.0662 0.0 14.3231 0.5836 15.7506 0.1385 2.2857 0.1172 0.2166 0.3231 0.4864 17.6906 21.0506 7.9307 9.8399 10.4274 35.4125 6.2244 5.2502 1.3618 1.0243 0.0656 1.5662 0.0883 0.2902 362.4159 397.2812 397.2812 187.0602 25.8771 118.0417 16.0215 55.4625 169.5066 462.3753 81.1996 304.3848 4.1951 10.4594 6.4746 142.0785 203.5619 467.1917;
	2.7615 37.3144 0.0 0.0 14.0381 16.2843 9.7129 0.4576 0.3943 0.1388 0.2565 0.3826 0.576 21.4908 21.5678 8.1255 10.0817 10.6836 33.7201 1.3806 3.2376 37.9966 15.3931 0.0352 1.1983 0.2353 0.1394 554.8459 476.3385 476.3385 317.7657 33.6993 112.4003 3.5536 67.3765 203.2378 549.9176 100.8046 100.0196 3.2097 11.2438 180.6469 115.1862 211.4754 555.646;
	3.1346 42.3551 82.4323 0.0 14.1162 23.7308 0.0 0.6855 0.0 6.4809 11.9799 17.8717 26.9057 9.0704 10.8886 4.1022 5.0898 5.3936 8.4265 39.2382 0.0 55.3718 31.3185 1.1908 2.6834 58.9206 0.0756 729.1056 437.4774 437.4774 371.9696 45.2931 28.0884 100.9991 28.4368 186.657 610.8273 79.8538 98.2791 7.1877 0.5294 263.2534 106.8041 200.7147 617.1901;
	3.0287 40.9245 1.0426 0.0101 13.9394 0.0 17.2473 0.4939 25.2433 16.5156 30.5288 45.543 68.5647 13.3045 14.6406 5.5158 6.8436 7.2522 11.1916 20.8526 5.7491 0.0 56.8689 3.1429 3.4786 46.2874 0.0466 687.8725 438.3477 438.3477 368.2414 44.6142 37.3053 53.6747 41.7114 187.0284 565.6025 83.6192 96.1709 9.3177 5.4004 0.0 105.4176 167.0168 571.4942;
