function solarprofile = ex_solar_profilesh1
%EX_WIND_PROFILE_D  Example wind_load_nyiso profile data for deterministic unit commitment.
% 2022.03.12
% Andres F. Ramirez


%% define constants
[GEN_BUS, PG, QG, QMAX, QMIN, VG, MBASE, GEN_STATUS, PMAX, PMIN, ...
    MU_PMAX, MU_PMIN, MU_QMAX, MU_QMIN, PC1, PC2, QC1MIN, QC1MAX, ...
    QC2MIN, QC2MAX, RAMP_AGC, RAMP_10, RAMP_30, RAMP_Q, APF] = idx_gen;
[CT_LABEL, CT_PROB, CT_TABLE, CT_TBUS, CT_TGEN, CT_TBRCH, CT_TAREABUS, ...
    CT_TAREAGEN, CT_TAREABRCH, CT_ROW, CT_COL, CT_CHGTYPE, CT_REP, ...
    CT_REL, CT_ADD, CT_NEWVAL, CT_TLOAD, CT_TAREALOAD, CT_LOAD_ALL_PQ, ...
    CT_LOAD_FIX_PQ, CT_LOAD_DIS_PQ, CT_LOAD_ALL_P, CT_LOAD_FIX_P, ...
    CT_LOAD_DIS_P, CT_TGENCOST, CT_TAREAGENCOST, CT_MODCOST_F, ...
    CT_MODCOST_X] = idx_ct;

solarprofile = struct( ...
    'type', 'mpcData', ...
    'table', CT_TGEN, ...
    'rows', [1:12], ...
    'col', PMAX, ...
    'chgtype', 1, ...
    'values', [] );
solarprofile.values(:,1,:) = [
	0.0 0.0 0.0 0.0 0.0 0.0 0.0 0.0 0.0 0.0 0.0 0.0;
	0.0 0.0 0.0 0.0 0.0 0.0 0.0 0.0 0.0 0.0 0.0 0.0;
	0.0 0.0 0.0 0.0 0.0 0.0 0.0 0.0 0.0 0.0 0.0 0.0;
	0.0 0.0 0.0 0.0 0.0 0.0 0.0 0.0 0.0 0.0 0.0 0.0;
	0.0 0.0 0.0 0.0 0.0 0.0 0.0 0.0 0.0 0.0 0.0 0.0;
	0.4731 0.4018 0.4224 0.0 0.0 0.0 0.0 0.2 0.0 0.0 0.0 0.0;
	10.1159 7.1003 6.8607 1.8759 4.3338 271.3616 33.9202 44.0042 155.5978 12.7074 2.7287 23.0133;
	21.6428 15.0346 13.1257 6.1407 6.5477 448.2306 56.0288 72.6331 270.8547 34.9502 18.5762 63.295;
	22.7949 16.6083 13.8 9.8595 8.1069 464.9949 58.1244 75.7416 284.5451 60.2553 30.18 109.1227;
	16.5824 9.8248 10.8126 10.0388 7.6178 437.8177 54.7272 66.3304 272.0446 65.6808 13.0335 118.9484;
	21.1967 14.85 12.5639 9.123 8.7442 425.8942 53.2368 66.726 267.7213 75.0172 12.9038 135.8566;
	25.0771 16.3954 13.769 7.0946 8.351 393.8678 49.2335 65.4172 260.0682 74.3413 19.0455 134.6325;
	16.8166 14.3077 11.1347 4.1193 6.8241 166.7255 20.8407 32.2579 190.6084 37.7085 38.3083 68.2903;
	13.1023 11.1661 8.9288 3.6209 5.6958 115.6556 14.4569 23.0849 161.4255 28.858 31.795 52.2619;
	6.824 6.5489 5.6571 3.3052 4.7429 75.1008 9.3876 13.1236 126.5981 18.5726 18.6658 33.6351;
	1.4008 1.589 1.4237 2.1826 0.8795 8.7315 1.0914 2.0895 31.9121 2.5112 0.4099 4.5479;
	0.4414 0.576 0.3802 0.4192 0.1796 3.183 0.3979 1.0691 4.1011 3.0091 2.7254 5.4494;
	0.0 0.0 0.0 0.0 0.0 0.0 0.0 0.0 0.0 0.0 0.0 0.0;
	0.0 0.0 0.0 0.0 0.0 0.0 0.0 0.0 0.0 0.0 0.0 0.0;
	0.0 0.0 0.0 0.0 0.0 0.0 0.0 0.0 0.0 0.0 0.0 0.0;
	0.0 0.0 0.0 0.0 0.0 0.0 0.0 0.0 0.0 0.0 0.0 0.0;
	0.0 0.0 0.0 0.0 0.0 0.0 0.0 0.0 0.0 0.0 0.0 0.0;
	0.0 0.0 0.0 0.0 0.0 0.0 0.0 0.0 0.0 0.0 0.0 0.0;
	0.0 0.0 0.0 0.0 0.0 0.0 0.0 0.0 0.0 0.0 0.0 0.0;
];
