function solarprofile = ex_solar_profilesh1
%EX_WIND_PROFILE_D  Example wind_load_nyiso profile data for deterministic unit commitment.
% 2022.03.12
% Andres F. Ramirez


%% define constants
[GEN_BUS, PG, QG, QMAX, QMIN, VG, MBASE, GEN_STATUS, PMAX, PMIN, ...
    MU_PMAX, MU_PMIN, MU_QMAX, MU_QMIN, PC1, PC2, QC1MIN, QC1MAX, ...
    QC2MIN, QC2MAX, RAMP_AGC, RAMP_10, RAMP_30, RAMP_Q, APF] = idx_gen;
[CT_LABEL, CT_PROB, CT_TABLE, CT_TBUS, CT_TGEN, CT_TBRCH, CT_TAREABUS, ...
    CT_TAREAGEN, CT_TAREABRCH, CT_ROW, CT_COL, CT_CHGTYPE, CT_REP, ...
    CT_REL, CT_ADD, CT_NEWVAL, CT_TLOAD, CT_TAREALOAD, CT_LOAD_ALL_PQ, ...
    CT_LOAD_FIX_PQ, CT_LOAD_DIS_PQ, CT_LOAD_ALL_P, CT_LOAD_FIX_P, ...
    CT_LOAD_DIS_P, CT_TGENCOST, CT_TAREAGENCOST, CT_MODCOST_F, ...
    CT_MODCOST_X] = idx_ct;

solarprofile = struct( ...
    'type', 'mpcData', ...
    'table', CT_TGEN, ...
    'rows', [1:12], ...
    'col', PMAX, ...
    'chgtype', 1, ...
    'values', [] );
solarprofile.values(:,1,:) = [
	0.0 0.0 0.0 0.0 0.0 0.0 0.0 0.0 0.0 0.0 0.0 0.0;
	0.0 0.0 0.0 0.0 0.0 0.0 0.0 0.0 0.0 0.0 0.0 0.0;
	0.0 0.0 0.0 0.0 0.0 0.0 0.0 0.0 0.0 0.0 0.0 0.0;
	0.0 0.0 0.0 0.0 0.0 0.0 0.0 0.0 0.0 0.0 0.0 0.0;
	0.0 0.0 0.0 0.0 0.0 0.0 0.0 0.0 0.0 0.0 0.0 0.0;
	0.4994 0.4288 0.4432 0.0 0.0 0.0 0.0 0.4003 0.0 0.0 0.0 0.0;
	8.436 5.081 3.3181 2.3953 3.9888 262.1496 32.7687 70.5376 207.0652 13.7679 7.0448 24.9337;
	16.9535 10.0466 8.7138 3.7277 5.6425 424.8262 53.1033 79.4223 273.3342 34.385 10.2862 62.2715;
	22.7268 16.5701 13.8 6.2209 5.7648 436.5819 54.5727 79.3761 274.5035 61.6634 15.7888 111.6729;
	26.1521 16.1547 13.8033 5.6614 1.782 262.7602 32.845 76.3036 187.4623 77.8565 29.215 140.9986;
	25.4973 16.371 13.7631 6.9708 1.7329 213.0579 26.6322 73.6692 188.3439 63.9212 19.2715 115.7617;
	24.9951 16.0598 13.769 7.0899 2.1104 207.7048 25.9631 71.6641 192.6476 52.346 12.2065 94.799;
	9.0195 5.8599 9.1731 5.1339 3.8103 125.7036 15.7129 57.4871 130.8053 65.408 11.1754 118.4544;
	7.9405 4.4529 7.8544 4.1624 3.9009 146.9398 18.3675 54.1358 114.4018 68.6645 13.4706 124.3518;
	7.6716 4.2609 5.7032 3.2275 3.6836 132.6907 16.5863 48.6004 93.6042 51.933 14.5989 94.051;
	2.7693 1.2246 1.7643 1.5407 0.7635 49.0647 6.1331 13.254 32.0732 10.6994 6.0714 19.3766;
	0.3545 0.3047 0.2942 0.4192 0.614 12.4254 1.5532 1.3996 10.8018 6.9783 3.87 12.6378;
	0.0 0.0 0.0 0.0 0.0 0.0 0.0 0.0 0.0 0.0 0.0 0.0;
	0.0 0.0 0.0 0.0 0.0 0.0 0.0 0.0 0.0 0.0 0.0 0.0;
	0.0 0.0 0.0 0.0 0.0 0.0 0.0 0.0 0.0 0.0 0.0 0.0;
	0.0 0.0 0.0 0.0 0.0 0.0 0.0 0.0 0.0 0.0 0.0 0.0;
	0.0 0.0 0.0 0.0 0.0 0.0 0.0 0.0 0.0 0.0 0.0 0.0;
	0.0 0.0 0.0 0.0 0.0 0.0 0.0 0.0 0.0 0.0 0.0 0.0;
	0.0 0.0 0.0 0.0 0.0 0.0 0.0 0.0 0.0 0.0 0.0 0.0;
];
