function solarprofile = ex_solar_profilesh1
%EX_WIND_PROFILE_D  Example wind_load_nyiso profile data for deterministic unit commitment.
% 2022.03.12
% Andres F. Ramirez


%% define constants
[GEN_BUS, PG, QG, QMAX, QMIN, VG, MBASE, GEN_STATUS, PMAX, PMIN, ...
    MU_PMAX, MU_PMIN, MU_QMAX, MU_QMIN, PC1, PC2, QC1MIN, QC1MAX, ...
    QC2MIN, QC2MAX, RAMP_AGC, RAMP_10, RAMP_30, RAMP_Q, APF] = idx_gen;
[CT_LABEL, CT_PROB, CT_TABLE, CT_TBUS, CT_TGEN, CT_TBRCH, CT_TAREABUS, ...
    CT_TAREAGEN, CT_TAREABRCH, CT_ROW, CT_COL, CT_CHGTYPE, CT_REP, ...
    CT_REL, CT_ADD, CT_NEWVAL, CT_TLOAD, CT_TAREALOAD, CT_LOAD_ALL_PQ, ...
    CT_LOAD_FIX_PQ, CT_LOAD_DIS_PQ, CT_LOAD_ALL_P, CT_LOAD_FIX_P, ...
    CT_LOAD_DIS_P, CT_TGENCOST, CT_TAREAGENCOST, CT_MODCOST_F, ...
    CT_MODCOST_X] = idx_ct;

solarprofile = struct( ...
    'type', 'mpcData', ...
    'table', CT_TGEN, ...
    'rows', [1:12], ...
    'col', PMAX, ...
    'chgtype', 1, ...
    'values', [] );
solarprofile.values(:,1,:) = [
	0.0 0.0 0.0 0.0 0.0 0.0 0.0 0.0 0.0 0.0 0.0 0.0;
	0.0 0.0 0.0 0.0 0.0 0.0 0.0 0.0 0.0 0.0 0.0 0.0;
	0.0 0.0 0.0 0.0 0.0 0.0 0.0 0.0 0.0 0.0 0.0 0.0;
	0.0 0.0 0.0 0.0 0.0 0.0 0.0 0.0 0.0 0.0 0.0 0.0;
	0.0 0.0 0.0 0.0 0.0 0.0 0.0 0.0 0.0 0.0 0.0 0.0;
	0.4731 0.4018 0.4224 0.0 0.0 0.0 0.0 0.2 0.0 0.0 0.0 0.0;
	9.0089 7.3509 5.5933 5.439 6.1028 363.7107 45.4638 47.3235 266.2838 44.6384 13.6264 80.8403;
	17.3312 13.2531 11.0647 6.7893 6.2834 427.9961 53.4995 71.758 279.8711 48.9011 20.0574 88.5602;
	21.4198 16.3567 13.8 8.4879 5.8012 431.5693 53.9462 74.6803 278.9948 58.4443 25.4706 105.8431;
	14.8649 14.3048 13.561 9.38 2.3259 286.4392 35.8049 66.5834 253.5931 74.2082 32.2891 134.3914;
	16.9771 13.9838 13.7109 10.7373 3.1247 312.8797 39.11 60.134 270.1518 109.2424 50.9143 197.8386;
	18.0123 12.9785 13.6851 10.9173 4.2444 309.9296 38.7412 54.9787 269.0934 150.5167 65.2066 272.5866;
	4.5726 4.1518 5.7753 10.006 6.6145 130.926 16.3658 18.3318 172.9286 107.1431 91.4846 194.0368;
	3.4905 3.6666 3.4484 8.7564 6.2519 130.5993 16.3249 25.4117 139.9666 78.5187 58.7046 142.1979;
	2.7075 5.7337 3.2749 7.9844 5.7844 132.9961 16.6245 28.9337 140.2629 57.6945 35.2878 104.485;
	1.6858 3.6457 2.3392 6.0874 1.4355 119.6969 14.9621 16.8348 102.1807 13.5363 6.7414 24.5143;
	0.5162 0.746 0.6204 1.0023 0.5623 11.6379 1.4547 1.1136 9.6648 8.146 4.1479 14.7525;
	0.0 0.0 0.0 0.0 0.0 0.0 0.0 0.0 0.0 0.0 0.0 0.0;
	0.0 0.0 0.0 0.0 0.0 0.0 0.0 0.0 0.0 0.0 0.0 0.0;
	0.0 0.0 0.0 0.0 0.0 0.0 0.0 0.0 0.0 0.0 0.0 0.0;
	0.0 0.0 0.0 0.0 0.0 0.0 0.0 0.0 0.0 0.0 0.0 0.0;
	0.0 0.0 0.0 0.0 0.0 0.0 0.0 0.0 0.0 0.0 0.0 0.0;
	0.0 0.0 0.0 0.0 0.0 0.0 0.0 0.0 0.0 0.0 0.0 0.0;
	0.0 0.0 0.0 0.0 0.0 0.0 0.0 0.0 0.0 0.0 0.0 0.0;
];
