function loadprofile = ex_load_profilesh1
%EX_LOAD_PROFILE  Example load profile data file for stochastic unit commitment.
% 2022.03.12
% Andres F. Ramirez

%% define constants
[CT_LABEL, CT_PROB, CT_TABLE, CT_TBUS, CT_TGEN, CT_TBRCH, CT_TAREABUS, ...
    CT_TAREAGEN, CT_TAREABRCH, CT_ROW, CT_COL, CT_CHGTYPE, CT_REP, ...
    CT_REL, CT_ADD, CT_NEWVAL, CT_TLOAD, CT_TAREALOAD, CT_LOAD_ALL_PQ, ...
    CT_LOAD_FIX_PQ, CT_LOAD_DIS_PQ, CT_LOAD_ALL_P, CT_LOAD_FIX_P, ...
    CT_LOAD_DIS_P, CT_TGENCOST, CT_TAREAGENCOST, CT_MODCOST_F, ...
    CT_MODCOST_X] = idx_ct;

loadprofile = struct( ...
    'type', 'mpcData', ...
    'table', CT_TAREALOAD, ...
    'rows', [1:11], ...
    'col', CT_LOAD_ALL_P, ...
    'chgtype', 1, ...
    'values', [] );
loadprofile.values(:,1,:) = [
	1491.9613 1004.9294 1663.2898 578.2 765.1499 1226.5 892.2837 232.2774 517.7138 4736.4549 1797.0187;
	1485.9098 987.4056 1653.6587 585.8007 777.9466 1238.0348 883.5171 241.1524 513.3694 4631.4131 1782.9985;
	1545.4208 1019.1 1679.5 579.108 787.9571 1261.8147 904.4328 224.2222 518.507 4715.5608 1829.9345;
	1625.3682 1097.4399 1809.5794 615.0158 865.5713 1362.1937 974.2575 262.8322 556.4245 4977.9497 1935.1937;
	1736.174 1206.0164 1959.3254 644.2776 986.9302 1471.1 1051.675 275.2674 604.5604 5392.7877 2118.0;
	1863.5278 1280.5 2077.035 644.1 1042.0741 1575.1847 1136.3702 328.2968 690.0274 6046.8282 2329.5974;
	1868.3735 1275.8443 2071.3796 638.3 1038.9515 1524.7854 1127.3628 346.6 689.335 6325.424 2298.7332;
	1865.2257 1274.3274 2043.3549 622.566 1019.1588 1524.0111 1119.9 350.9637 699.289 6489.3762 2283.1567;
	1854.3292 1252.4657 2038.3267 630.4185 1037.3819 1552.3278 1149.393 357.8102 708.7441 6566.6341 2229.5218;
	1811.8202 1239.5255 1996.0266 620.0402 1009.8467 1520.3138 1159.0765 357.0 705.7 6629.6271 2246.3072;
	1810.6386 1220.5419 1968.8775 600.8656 977.0696 1514.9 1130.2175 344.8378 691.0081 6508.627 2111.8399;
	1803.189 1198.5737 1925.2866 592.0698 964.8 1464.22 1111.5988 336.7934 697.501 6515.9249 2145.5417;
	1814.2955 1219.556 1949.4509 575.3276 944.6917 1427.4279 1090.7581 343.5 706.8695 6483.6272 2215.3359;
	1760.4121 1187.0 1885.1472 587.4763 965.4481 1368.5 1046.4008 321.9055 684.5933 6442.4136 2121.8755;
	1720.1192 1157.1722 1904.5 565.9219 977.0147 1346.4851 1033.608 313.3 657.0779 6357.0435 2089.9322;
	1714.1037 1175.4011 1934.2 590.4806 1000.8 1431.6043 1062.509 321.6499 648.5011 6374.5263 2185.4921;
	1703.5905 1240.9483 1995.9303 600.6696 1011.8 1506.8872 1117.0083 340.7 665.3927 6239.3873 2296.2199;
	1736.9422 1267.4321 2065.6677 600.6917 1050.714 1560.1 1221.8679 383.4 735.3 6360.7412 2487.9646;
	1805.8796 1298.9509 2038.5616 593.1089 1012.7812 1566.6046 1175.6429 372.4275 710.0001 6160.8208 2458.0859;
	1735.3993 1211.5793 1940.0732 608.5531 963.8506 1412.6653 1091.9418 344.7 669.8 5893.0 2249.1486;
	1668.9628 1133.5428 1865.3028 596.7509 918.7519 1329.0367 1038.0 326.7027 635.9374 5608.4777 2101.1947;
	1614.2 1077.6331 1778.3571 595.0926 890.3073 1256.4568 972.9 296.7481 592.8 5238.682 1953.3;
	1453.6158 988.8 1621.5759 572.6812 776.5603 1128.4344 825.7519 263.7688 482.353 4768.2918 1688.5756;
	1474.1758 938.3757 1568.3601 576.9 753.3543 1084.8458 815.444 235.8595 499.7222 4633.7422 1645.5614;
];
