function windprofile = ex_wind_profilesh1
%EX_WIND_PROFILE_D  Example wind_load_nyiso profile data for deterministic unit commitment.
% 2022.03.12
% Andres F. Ramirez


%% define constants
[GEN_BUS, PG, QG, QMAX, QMIN, VG, MBASE, GEN_STATUS, PMAX, PMIN, ...
    MU_PMAX, MU_PMIN, MU_QMAX, MU_QMIN, PC1, PC2, QC1MIN, QC1MAX, ...
    QC2MIN, QC2MAX, RAMP_AGC, RAMP_10, RAMP_30, RAMP_Q, APF] = idx_gen;
[CT_LABEL, CT_PROB, CT_TABLE, CT_TBUS, CT_TGEN, CT_TBRCH, CT_TAREABUS, ...
    CT_TAREAGEN, CT_TAREABRCH, CT_ROW, CT_COL, CT_CHGTYPE, CT_REP, ...
    CT_REL, CT_ADD, CT_NEWVAL, CT_TLOAD, CT_TAREALOAD, CT_LOAD_ALL_PQ, ...
    CT_LOAD_FIX_PQ, CT_LOAD_DIS_PQ, CT_LOAD_ALL_P, CT_LOAD_FIX_P, ...
    CT_LOAD_DIS_P, CT_TGENCOST, CT_TAREAGENCOST, CT_MODCOST_F, ...
    CT_MODCOST_X] = idx_ct;

windprofile = struct( ...
    'type', 'mpcData', ...
    'table', CT_TGEN, ...
    'rows', [1:45], ...
    'col', PMAX, ...
    'chgtype', 1, ...
    'values', [] );
windprofile.values(:,1,:) = [
	0.7337 9.914 56.1913 60.7053 8.3166 7.5156 0.0 1.3955 1.3365 18.3763 33.9683 50.6741 76.2896 0.7323 153.7467 57.9232 71.8676 76.1582 80.2743 70.2489 0.0 17.5363 67.5888 67.5922 40.9517 39.9001 3.6445 136.1028 308.1558 308.1558 213.624 41.1248 267.5809 180.821 2.2959 131.4798 321.5855 81.8384 0.0 109.692 56.6777 83.3727 29.1367 55.0871 324.9354;
	0.5436 7.3446 54.2644 61.002 7.8324 10.1026 0.0954 9.0106 3.0236 11.0863 20.4928 30.5712 46.0248 11.4029 123.0552 46.3603 57.5212 60.9553 77.4944 69.1719 0.0318 23.5727 32.3759 70.1391 49.0243 45.9059 5.4657 58.6381 210.7511 210.7511 133.1057 22.7056 258.3148 178.0487 35.7496 89.9205 243.1476 81.3086 4.643 131.3152 69.2999 112.0714 45.2187 65.1771 245.6804;
	0.2532 3.421 59.0242 63.1362 6.0854 1.8614 0.0 8.2135 0.586 7.8084 14.4337 21.5323 32.4167 2.6725 83.3825 31.4139 38.9765 41.3034 62.1669 68.3826 0.0 4.3432 0.5872 76.671 48.4233 45.3873 5.5415 0.0 1.5342 1.5342 1.1185 6.514 207.2231 176.017 8.3785 0.6546 112.9474 0.0 0.0 129.7053 57.9688 20.6489 4.9147 76.5386 114.1239;
	0.3617 4.8876 64.6176 70.3564 7.6178 1.8001 0.0761 10.2523 0.9281 14.4119 26.6402 39.7419 59.8313 0.2908 97.0567 36.5655 45.3684 48.0769 45.1524 68.9228 0.0254 4.2002 42.1366 76.811 51.8817 54.7819 6.8975 0.1683 9.6052 9.6052 5.5778 6.091 150.5081 177.4075 0.9116 4.0982 0.0 0.0018 0.0 138.9688 55.9554 19.969 9.7255 58.7033 0.0;
	0.3781 5.109 76.7986 74.5062 8.8139 1.3895 1.8501 11.8974 3.9139 7.6401 14.1226 21.0682 31.718 0.539 135.7145 51.1297 63.4387 67.226 56.9962 68.8052 0.6167 3.2421 37.5757 74.7442 63.2804 63.1264 7.8994 15.1469 33.2588 33.2588 5.531 1.1767 189.9874 177.1047 1.6899 14.1904 1.2903 0.1938 0.0 169.501 46.8597 15.4137 8.636 116.5808 1.3038;
	0.3817 5.1571 77.4811 62.4751 9.446 3.5474 15.9387 11.2757 7.9954 7.0121 12.9617 19.3363 29.1107 2.4246 148.83 56.0709 69.5694 73.7228 78.119 71.501 5.3129 8.2772 25.3297 71.4001 49.8632 68.8894 7.7943 17.2671 35.3573 35.3573 1.9455 6.5123 260.3966 184.0439 7.6016 15.0858 0.3969 1.4599 4.3121 133.5622 32.3529 39.3521 23.4627 132.287 0.401;
	0.4358 5.8883 56.0949 41.6631 9.3331 2.9869 4.5968 6.7409 6.2002 6.4101 11.8489 17.6763 26.6115 10.5725 127.5007 48.0352 59.5992 63.1573 60.9662 70.2113 1.5323 6.9694 20.5489 52.4979 29.7407 61.1524 4.011 33.2707 72.5712 72.5712 0.6758 0.0 203.2205 180.724 33.1463 30.9637 7.417 3.4658 55.691 79.6626 12.3545 33.1347 31.6979 127.6803 7.4943;
	0.4449 6.0117 32.0313 27.7066 3.4457 2.704 5.5838 6.2325 14.0405 3.9172 7.2409 10.802 16.2624 10.953 69.0006 25.9956 32.2537 34.1793 18.5063 52.5957 1.8613 6.3094 12.3157 30.7817 28.6614 58.9795 3.9881 45.0698 113.8637 113.8637 14.0568 0.0 61.6878 135.3815 34.3392 48.5818 39.8148 14.1783 66.8707 76.7716 3.5444 29.9967 4.6063 91.9546 40.2296;
	0.544 7.3504 22.4255 25.1149 3.1332 2.19 21.1927 5.0933 25.2952 0.2341 0.4327 0.6456 0.9719 3.0626 20.0259 7.5446 9.3609 9.9198 24.8457 19.4716 7.0642 5.1099 6.9933 31.9195 23.9728 49.6926 3.7937 13.9511 46.9223 46.9223 33.6638 0.0 82.8191 50.1199 9.6016 20.0202 13.9387 23.4152 65.0956 64.213 0.0212 24.2941 0.7242 57.2409 14.0839;
	0.4669 6.309 23.5155 23.5767 6.6855 0.002 13.3041 3.618 27.1175 0.0151 0.028 0.0417 0.0628 0.5598 12.6218 4.7552 5.8999 6.2522 6.6307 14.7336 4.4347 0.0046 9.7219 34.9685 23.3369 42.2887 2.2191 18.9665 47.1103 47.1103 14.9908 0.0 22.1023 37.9242 1.7551 20.1004 0.0699 8.7763 27.9434 62.5095 0.044 0.0218 37.5284 78.8099 0.0706;
	0.7658 10.3479 31.6158 0.0 10.2963 1.0314 16.0207 2.4616 19.7128 0.0 0.0 0.0 0.0 0.0 11.2113 4.2238 5.2406 5.5535 4.3796 12.5269 5.3402 2.4067 4.4463 33.1068 6.2535 46.6403 0.4874 50.0193 78.7637 78.7637 51.1234 0.0333 14.5988 32.2444 0.0 33.6058 53.9021 14.0954 34.0732 16.7505 0.0 11.442 0.0 78.3845 54.4636;
	1.5441 20.864 58.3937 2.9079 12.96 3.2943 2.3832 0.4487 5.6356 0.0 0.0 0.0 0.0 0.0004 31.164 11.7409 14.5674 15.4371 18.2513 11.876 0.7944 7.6866 39.9999 52.4081 3.0579 43.2491 0.2781 142.0331 117.0418 117.0418 99.9019 2.6481 60.8377 30.5688 0.0011 49.9378 113.3975 29.3355 20.5185 8.1907 1.1364 36.5445 0.0 118.7023 114.5787;
	2.1789 29.4418 83.1814 23.2832 14.2987 5.8208 6.2477 4.413 19.8475 15.879 29.352 43.7874 65.9217 0.6538 10.8829 4.1001 5.0871 5.3908 0.2917 11.8366 2.0826 13.5818 12.0711 71.2056 69.4486 55.5307 2.4085 205.2712 179.7793 179.7793 130.4796 4.0935 0.9722 30.4674 2.0498 76.7058 164.5613 28.3143 27.3765 186.0231 0.2571 64.5716 106.543 166.646 166.2755;
	1.2452 16.8248 0.0 0.4361 12.2124 16.5417 0.34 0.8764 4.6695 0.0 0.0 0.0 0.0 0.2462 7.4687 2.8138 3.4912 3.6996 0.0082 9.8628 0.1133 38.5972 21.5803 10.2463 1.1801 31.5728 1.0429 181.0639 207.9463 207.9463 160.1399 7.3307 0.0273 25.3868 0.7718 88.7238 180.7001 38.4976 2.949 3.161 0.017 183.5023 67.3487 120.3349 182.5824;
	1.5894 21.4766 0.0 0.0 6.5888 0.0002 0.3437 0.0306 4.1797 0.0 0.0 0.0 0.0 0.2024 6.5663 2.4738 3.0694 3.2526 1.7302 38.1675 0.1146 0.0004 0.0 0.9613 1.0351 1.1699 0.0093 259.902 257.3562 257.3562 111.4917 9.1443 5.7673 98.2432 0.6346 109.8053 241.062 41.6644 3.4633 2.7725 2.9527 0.0021 77.9561 79.4547 243.5731;
	2.8577 38.6132 79.4964 0.0 12.5 0.0 0.0277 0.601 3.7384 0.0 0.0 0.0 0.0 2.5851 9.0371 3.4047 4.2243 4.4765 1.3974 2.3074 0.0092 0.0 25.3366 1.5029 3.4349 2.7351 0.6712 401.6614 270.4344 270.4344 186.6894 12.1549 4.658 5.9391 8.1046 115.3853 299.6229 47.4484 32.4005 9.2008 1.056 0.0 0.0 169.5492 302.744;
	3.1804 42.9738 1.431 6.125 14.0367 0.3811 6.1126 0.3599 17.1665 1.8022 3.3314 4.9698 7.4821 4.2975 26.1669 9.8582 12.2315 12.9618 10.2012 4.1511 2.0375 0.8893 17.6188 7.5885 8.3378 4.1266 0.7284 369.3127 377.7068 377.7068 204.8556 23.2934 34.004 10.6849 13.4732 161.1549 449.8978 79.7523 129.4989 22.3334 0.0011 4.2281 129.7217 207.5976 454.5843;
	2.5366 34.2747 0.5511 3.1623 13.9712 18.3817 1.5006 0.017 3.7182 3.218 5.9485 8.874 13.3598 6.4899 6.5713 2.4757 3.0717 3.2551 0.0 0.297 0.5002 42.8906 16.0436 31.9603 9.4129 0.9597 0.0051 566.3884 497.8793 497.8793 372.1469 37.8897 0.0 0.7644 20.3467 212.4285 560.76 100.273 45.9809 25.2132 1.1183 203.9143 110.8148 211.8014 566.6012;
	2.8278 38.2096 80.7287 2.0067 13.9646 24.2473 0.1942 0.0 0.0 7.5252 13.9102 20.7514 31.2411 7.0287 17.4343 6.5683 8.1495 8.6361 0.0193 38.2391 0.0647 56.577 23.4295 32.3243 6.5886 56.8793 0.0 848.6573 434.7461 434.7461 381.0371 45.0091 0.0643 98.4277 22.036 185.4917 630.8994 78.8096 11.3415 17.648 2.7928 268.983 105.3654 188.9236 637.4712;
	2.8891 39.0385 8.607 2.1813 14.3083 2.6971 18.3637 0.029 26.0817 22.6675 41.9006 62.5074 94.1046 12.4519 4.5434 1.7117 2.1238 2.2506 0.0727 17.5814 6.1212 6.2933 58.4501 45.8864 15.5684 52.5035 0.0 829.0078 427.7321 427.7321 346.5407 44.8483 0.2424 45.2547 39.0383 182.499 570.7564 78.4073 86.7728 41.7012 1.7194 29.9201 107.7117 170.501 576.7018;
