function loadprofile = ex_load_profilesh1
%EX_LOAD_PROFILE  Example load profile data file for stochastic unit commitment.
% 2022.03.12
% Andres F. Ramirez

%% define constants
[CT_LABEL, CT_PROB, CT_TABLE, CT_TBUS, CT_TGEN, CT_TBRCH, CT_TAREABUS, ...
    CT_TAREAGEN, CT_TAREABRCH, CT_ROW, CT_COL, CT_CHGTYPE, CT_REP, ...
    CT_REL, CT_ADD, CT_NEWVAL, CT_TLOAD, CT_TAREALOAD, CT_LOAD_ALL_PQ, ...
    CT_LOAD_FIX_PQ, CT_LOAD_DIS_PQ, CT_LOAD_ALL_P, CT_LOAD_FIX_P, ...
    CT_LOAD_DIS_P, CT_TGENCOST, CT_TAREAGENCOST, CT_MODCOST_F, ...
    CT_MODCOST_X] = idx_ct;

loadprofile = struct( ...
    'type', 'mpcData', ...
    'table', CT_TAREALOAD, ...
    'rows', [1:11], ...
    'col', CT_LOAD_ALL_P, ...
    'chgtype', 1, ...
    'values', [] );
loadprofile.values(:,1,:) = [
	1525.8 971.2928 1650.197 578.2 836.1298 1130.2 936.9773 279.3 536.7119 4610.5989 1824.002;
	1565.2 983.9461 1662.4224 581.9795 843.5939 1181.2 939.527 282.8095 531.0 4585.1809 1790.2253;
	1581.9 1004.0408 1671.3997 586.5 855.6248 1176.3272 943.8544 284.1086 541.2 4606.5747 1842.0154;
	1634.2882 1076.3063 1764.0644 605.0 929.4 1296.3872 1003.6 313.8941 581.8 4839.6683 1976.106;
	1766.8687 1200.1147 1963.6948 616.3 1060.2311 1463.2214 1142.8435 375.7 667.8009 5433.5396 2288.8758;
	1895.2077 1272.2513 2081.19 615.3781 1109.9232 1497.4864 1170.4845 388.5 716.5714 5934.1 2338.1102;
	1850.3912 1275.6253 2103.5378 611.9593 1102.6825 1462.3893 1186.0357 384.8851 711.8 6240.9991 2346.0633;
	1811.5661 1235.3839 2033.8638 592.0167 1078.6638 1402.2669 1170.5651 386.7956 717.3 6300.236 2306.5072;
	1823.7779 1215.7541 2009.1399 571.4546 1051.2164 1339.1068 1165.6835 387.8069 707.3406 6401.6397 2329.3384;
	1801.6 1231.9 2026.4 584.3971 1053.6747 1349.4538 1221.6862 393.1596 699.4 6437.1346 2395.8186;
	1728.1608 1193.5097 1972.3863 596.5904 1057.0841 1337.0257 1172.683 374.6906 701.3603 6403.6515 2417.3404;
	1775.4423 1203.7518 1965.0727 586.7 1019.895 1324.1903 1137.4654 393.7452 690.2 6400.3656 2343.0803;
	1759.4795 1157.6301 1910.8935 565.2697 989.667 1266.448 1120.0462 383.1857 680.8285 6387.1134 2403.2065;
	1709.4083 1137.464 1917.7378 560.7436 1014.925 1333.7 1186.8912 414.8078 709.1416 6540.2787 2579.2868;
	1737.6365 1160.2 1895.5519 548.7511 1033.4725 1295.1795 1177.283 408.8935 740.8726 6475.4444 2702.7425;
	1741.0931 1167.9 1958.0024 566.785 1074.6544 1384.3 1194.4369 418.0848 761.4 6668.4865 2815.869;
	1714.4792 1179.1937 1973.6379 570.1959 1078.9965 1393.5451 1220.0678 449.8339 764.3344 6540.7198 2699.6003;
	1763.4543 1226.5853 2033.3388 579.3556 1105.2889 1485.4227 1264.8077 476.6686 799.3605 6503.3334 2820.4774;
	1816.6527 1245.1 2033.1108 579.6394 1070.4732 1489.5119 1252.8127 474.888 766.8311 6492.2635 2758.2849;
	1751.4822 1200.7632 1950.5259 569.5 1038.3772 1419.1357 1232.2165 454.7475 730.4778 6298.4829 2688.4452;
	1676.306 1139.5929 1874.8612 559.6 938.1192 1336.2622 1153.5487 419.7782 695.8793 6123.9879 2556.8102;
	1583.1875 1053.1368 1717.2849 554.6622 864.7799 1202.353 1060.619 386.0164 636.9728 5633.7407 2321.369;
	1487.5331 1005.3394 1686.0895 539.9817 843.9422 1160.5223 1065.8675 384.6903 641.2991 5435.1673 2203.8652;
	1457.5144 958.3032 1651.4022 547.5501 852.8479 1154.5162 1013.8274 306.6353 602.2373 5110.2719 2114.2748;
];
