function solarprofile = ex_solar_profilesh1
%EX_WIND_PROFILE_D  Example wind_load_nyiso profile data for deterministic unit commitment.
% 2022.03.12
% Andres F. Ramirez


%% define constants
[GEN_BUS, PG, QG, QMAX, QMIN, VG, MBASE, GEN_STATUS, PMAX, PMIN, ...
    MU_PMAX, MU_PMIN, MU_QMAX, MU_QMIN, PC1, PC2, QC1MIN, QC1MAX, ...
    QC2MIN, QC2MAX, RAMP_AGC, RAMP_10, RAMP_30, RAMP_Q, APF] = idx_gen;
[CT_LABEL, CT_PROB, CT_TABLE, CT_TBUS, CT_TGEN, CT_TBRCH, CT_TAREABUS, ...
    CT_TAREAGEN, CT_TAREABRCH, CT_ROW, CT_COL, CT_CHGTYPE, CT_REP, ...
    CT_REL, CT_ADD, CT_NEWVAL, CT_TLOAD, CT_TAREALOAD, CT_LOAD_ALL_PQ, ...
    CT_LOAD_FIX_PQ, CT_LOAD_DIS_PQ, CT_LOAD_ALL_P, CT_LOAD_FIX_P, ...
    CT_LOAD_DIS_P, CT_TGENCOST, CT_TAREAGENCOST, CT_MODCOST_F, ...
    CT_MODCOST_X] = idx_ct;

solarprofile = struct( ...
    'type', 'mpcData', ...
    'table', CT_TGEN, ...
    'rows', [1:12], ...
    'col', PMAX, ...
    'chgtype', 1, ...
    'values', [] );
solarprofile.values(:,1,:) = [
	0.0 0.0 0.0 0.0 0.0 0.0 0.0 0.0 0.0 0.0 0.0 0.0;
	0.0 0.0 0.0 0.0 0.0 0.0 0.0 0.0 0.0 0.0 0.0 0.0;
	0.0 0.0 0.0 0.0 0.0 0.0 0.0 0.0 0.0 0.0 0.0 0.0;
	0.0 0.0 0.0 0.0 0.0 0.0 0.0 0.0 0.0 0.0 0.0 0.0;
	0.0 0.0 0.0 0.0 0.0 0.0 0.0 0.0 0.0 0.0 0.0 0.0;
	0.4731 0.4018 0.4224 0.0 0.0 0.0 0.0 0.2 0.0 0.0 0.0 0.0;
	5.8659 5.729 5.4567 2.5493 8.0268 306.7243 38.3405 45.5258 234.5624 23.0885 6.4614 41.8135;
	4.2863 1.433 1.9382 7.79 8.219 368.761 46.0951 63.725 256.2592 37.2729 11.4649 67.5014;
	5.3752 2.442 2.4901 9.4904 8.0044 383.9074 47.9884 69.6937 260.8033 55.0428 11.4008 99.6828;
	12.0712 12.6936 10.2397 4.2403 5.1954 385.3343 48.1668 65.7368 197.9737 63.0826 7.5378 114.243;
	21.9315 16.371 13.7627 4.6815 5.4076 423.724 52.9655 67.5599 204.8647 67.3761 3.378 122.0185;
	25.0771 16.4986 13.769 5.1401 5.1693 419.6561 52.457 65.8767 191.1847 58.5376 4.7694 106.012;
	14.1128 11.8683 9.8466 3.4966 4.7557 272.3293 34.0412 39.595 88.9063 34.8022 17.8519 63.027;
	11.7347 9.1711 8.0408 2.3626 4.1872 226.0234 28.2529 36.0195 89.539 29.8175 23.6569 53.9997;
	8.4836 6.6866 5.7667 1.4302 3.8314 172.7166 21.5896 33.4334 89.5527 22.8784 22.0818 41.433;
	4.4276 3.4306 3.5575 0.7033 0.6406 36.3509 4.5439 11.8416 44.8461 2.5497 3.052 4.6176;
	0.8415 0.774 0.6628 0.6186 0.1998 3.2543 0.4068 1.1738 2.5386 2.7923 1.6114 5.057;
	0.0 0.0 0.0 0.0 0.0 0.0 0.0 0.0 0.0 0.0 0.0 0.0;
	0.0 0.0 0.0 0.0 0.0 0.0 0.0 0.0 0.0 0.0 0.0 0.0;
	0.0 0.0 0.0 0.0 0.0 0.0 0.0 0.0 0.0 0.0 0.0 0.0;
	0.0 0.0 0.0 0.0 0.0 0.0 0.0 0.0 0.0 0.0 0.0 0.0;
	0.0 0.0 0.0 0.0 0.0 0.0 0.0 0.0 0.0 0.0 0.0 0.0;
	0.0 0.0 0.0 0.0 0.0 0.0 0.0 0.0 0.0 0.0 0.0 0.0;
	0.0 0.0 0.0 0.0 0.0 0.0 0.0 0.0 0.0 0.0 0.0 0.0;
];
