function loadprofile = ex_load_profilesh1
%EX_LOAD_PROFILE  Example load profile data file for stochastic unit commitment.
% 2022.03.12
% Andres F. Ramirez

%% define constants
[CT_LABEL, CT_PROB, CT_TABLE, CT_TBUS, CT_TGEN, CT_TBRCH, CT_TAREABUS, ...
    CT_TAREAGEN, CT_TAREABRCH, CT_ROW, CT_COL, CT_CHGTYPE, CT_REP, ...
    CT_REL, CT_ADD, CT_NEWVAL, CT_TLOAD, CT_TAREALOAD, CT_LOAD_ALL_PQ, ...
    CT_LOAD_FIX_PQ, CT_LOAD_DIS_PQ, CT_LOAD_ALL_P, CT_LOAD_FIX_P, ...
    CT_LOAD_DIS_P, CT_TGENCOST, CT_TAREAGENCOST, CT_MODCOST_F, ...
    CT_MODCOST_X] = idx_ct;

loadprofile = struct( ...
    'type', 'mpcData', ...
    'table', CT_TAREALOAD, ...
    'rows', [1:11], ...
    'col', CT_LOAD_ALL_P, ...
    'chgtype', 1, ...
    'values', [] );
loadprofile.values(:,1,:) = [
	1555.7137 1018.7104 1728.6492 593.1935 881.5732 1226.5 943.0789 324.6302 581.2586 4889.0053 1896.3816;
	1558.7601 1003.8951 1702.0155 600.0685 880.8541 1231.8083 945.4558 320.8539 600.0392 4870.7425 1944.6441;
	1586.128 1029.4732 1746.1379 608.045 912.9452 1249.629 951.9 310.6488 581.7819 4875.8663 1974.5204;
	1666.2907 1095.0652 1832.4148 600.079 967.6 1317.6366 997.828 327.2636 614.7679 5190.9184 2102.8438;
	1816.8 1208.4349 2024.7514 614.7 1061.9553 1488.474 1122.5417 382.0 685.1105 5877.4604 2430.1047;
	1947.3447 1290.3362 2123.5305 634.8272 1099.3981 1556.0191 1171.4998 402.965 721.6568 6182.2117 2407.8404;
	1934.4304 1275.6 2060.3819 617.4578 1063.2 1510.6548 1160.3556 384.9412 722.5774 6608.3908 2339.005;
	1937.3397 1258.9 2048.9 599.3755 1064.7 1488.6486 1166.8802 395.9325 744.05 6692.1097 2309.0723;
	1969.4983 1255.7877 2069.0 601.4227 1048.4313 1425.1 1149.5204 399.3056 748.6009 6766.0764 2336.1547;
	1991.1652 1260.8 2055.3137 585.4581 1041.3704 1411.9005 1142.9953 398.1214 716.0168 6776.0709 2402.8426;
	1917.3045 1251.5018 2055.2067 592.6739 1034.8 1358.7593 1148.7104 396.3542 715.7627 6682.6683 2306.9711;
	1927.6366 1226.0299 2040.0825 583.9 1019.3438 1350.7249 1135.9298 376.48 727.0925 6660.9447 2278.8329;
	1841.2 1192.2 1995.5668 583.5766 1006.6948 1333.0904 1132.459 366.4645 752.497 6422.0259 2218.6086;
	1847.5273 1217.4 1949.0914 610.0481 990.627 1320.9 1123.1192 360.9456 854.4059 6608.9212 2376.9848;
	1817.6839 1212.6755 1950.5798 617.4119 989.6103 1319.6167 1096.7008 351.1609 857.4653 6695.8763 2401.1654;
	1811.5744 1219.7812 1950.9726 620.6088 1006.9162 1372.142 1133.8516 355.8028 871.1362 6724.5775 2433.0603;
	1776.0434 1187.0515 1938.1268 627.512 979.6621 1393.4078 1176.3564 360.9593 871.023 6663.6725 2599.8394;
	1832.1 1239.51 1999.7717 626.328 1039.2247 1498.867 1252.3978 391.5688 847.1415 6690.3943 2778.1796;
	1895.0235 1263.111 2017.337 624.0911 1042.4321 1477.5 1274.1981 390.6741 846.2177 6619.2519 2812.6745;
	1788.5723 1172.9832 1897.1813 601.0 947.6885 1397.6326 1210.655 369.8 799.1724 6433.9241 2661.3959;
	1707.7834 1089.1236 1809.1475 583.8327 887.3435 1296.6836 1130.515 343.8102 727.8195 5935.6222 2472.2162;
	1583.7683 1028.6903 1702.4692 564.5968 836.0716 1203.0109 1037.156 310.8231 650.9469 5446.3082 2176.0785;
	1520.9654 980.6641 1642.3 561.8141 795.757 1205.6 928.7262 346.439 592.8534 4994.4872 2003.7189;
	1481.2309 945.0654 1614.716 584.7 807.0893 1164.2 886.3299 297.7498 575.0535 4814.0796 1961.6939;
];
