function windprofile = ex_wind_profilesh1
%EX_WIND_PROFILE_D  Example wind_load_nyiso profile data for deterministic unit commitment.
% 2022.03.12
% Andres F. Ramirez


%% define constants
[GEN_BUS, PG, QG, QMAX, QMIN, VG, MBASE, GEN_STATUS, PMAX, PMIN, ...
    MU_PMAX, MU_PMIN, MU_QMAX, MU_QMIN, PC1, PC2, QC1MIN, QC1MAX, ...
    QC2MIN, QC2MAX, RAMP_AGC, RAMP_10, RAMP_30, RAMP_Q, APF] = idx_gen;
[CT_LABEL, CT_PROB, CT_TABLE, CT_TBUS, CT_TGEN, CT_TBRCH, CT_TAREABUS, ...
    CT_TAREAGEN, CT_TAREABRCH, CT_ROW, CT_COL, CT_CHGTYPE, CT_REP, ...
    CT_REL, CT_ADD, CT_NEWVAL, CT_TLOAD, CT_TAREALOAD, CT_LOAD_ALL_PQ, ...
    CT_LOAD_FIX_PQ, CT_LOAD_DIS_PQ, CT_LOAD_ALL_P, CT_LOAD_FIX_P, ...
    CT_LOAD_DIS_P, CT_TGENCOST, CT_TAREAGENCOST, CT_MODCOST_F, ...
    CT_MODCOST_X] = idx_ct;

windprofile = struct( ...
    'type', 'mpcData', ...
    'table', CT_TGEN, ...
    'rows', [1:45], ...
    'col', PMAX, ...
    'chgtype', 1, ...
    'values', [] );
windprofile.values(:,1,:) = [
	0.696 9.4048 53.2301 65.4305 7.3918 3.1543 22.0785 7.777 2.8454 19.9389 36.8568 54.983 82.7767 38.5667 146.1309 55.054 68.3077 72.3858 84.3478 70.5121 7.3595 7.36 66.8757 68.6299 47.4476 44.9967 3.9631 218.321 347.7227 347.7227 249.1261 45.5198 281.1594 181.4982 120.9117 148.3617 408.0507 92.7732 61.5827 127.0918 66.193 34.9915 51.3213 61.3732 412.3012;
	0.4909 6.6336 48.6863 63.2555 6.061 1.8108 28.9756 10.6986 3.0814 12.6802 23.4391 34.9665 52.6418 61.0495 132.7119 49.9984 62.0351 65.7387 81.9693 71.6033 9.6585 4.2253 34.7992 68.5425 51.4284 49.6139 5.9136 362.517 254.328 254.328 172.68 31.7044 273.2308 184.307 191.3985 108.5133 320.9584 94.0532 205.3537 137.7546 82.6936 20.0883 37.2964 84.6959 324.3017;
	0.2653 3.5843 58.6788 66.7367 3.8397 0.3875 16.3274 11.3476 1.4944 10.6012 19.5962 29.2337 44.0112 9.9597 85.7089 32.2903 40.0639 42.4558 67.4076 71.1363 5.4425 0.9042 27.206 75.2608 58.1335 56.9304 6.0132 40.7447 91.6899 91.6899 45.1943 14.1551 224.6919 183.105 31.2249 39.121 164.2023 2.8479 52.7323 155.7148 78.5938 4.2986 9.386 101.2386 165.9128;
	0.449 6.0669 64.5898 74.1758 7.6215 6.1935 10.0924 13.4191 1.3153 17.0693 31.5523 47.0698 70.8634 6.8465 96.1719 36.2322 44.9548 47.6387 50.9762 67.4428 3.3641 14.4515 51.1824 80.2558 62.9283 67.7347 6.4169 118.4012 58.105 58.105 34.5649 17.2012 169.9206 173.598 21.4646 24.7915 15.9475 2.5269 12.7551 168.5579 73.9084 68.7066 10.3637 139.9868 16.1136;
	0.4724 6.3836 77.7513 76.3599 8.5947 4.2913 4.2886 13.997 2.014 15.5219 28.6921 42.803 64.4396 9.5526 125.2187 47.1754 58.5325 62.027 58.8425 68.1104 1.4295 10.013 46.979 82.4006 77.9931 68.6335 7.4637 135.2749 114.1357 114.1357 83.7482 9.8909 196.1417 175.3164 29.9486 48.6979 48.0635 4.3146 14.0706 208.9101 63.1429 47.6046 8.6661 150.8259 48.5642;
	0.4481 6.0542 75.4296 60.5767 8.243 4.1302 3.9308 12.2899 9.2498 9.4741 17.5127 26.1255 39.3318 18.7006 146.9985 55.3808 68.7133 72.8156 83.3006 70.5097 1.3103 9.6371 33.6623 79.0997 52.3635 68.2901 6.9275 34.8612 81.5113 81.5113 64.0814 11.4896 277.6685 181.4922 58.629 34.7782 13.9505 5.3753 5.6036 140.2595 52.0066 45.8174 23.4091 141.2708 14.0958;
	0.4304 5.815 55.7788 40.8158 8.7153 3.0278 4.0207 7.8686 3.0762 8.1909 15.1408 22.5871 34.0048 17.5205 122.8787 46.2938 57.4386 60.8678 68.5087 72.6317 1.3402 7.0648 22.751 55.1743 31.81 63.6741 4.059 30.5738 127.2327 127.2327 169.1684 52.855 228.3623 186.9543 54.9292 54.286 22.2448 49.508 93.1386 85.2054 30.8431 33.5882 31.4396 138.6474 22.4765;
	0.5244 7.0858 34.6773 29.2526 3.6916 3.3088 4.5403 7.982 3.4392 5.7777 10.68 15.9325 23.9862 31.7382 65.6893 24.7481 30.7059 32.5391 19.28 52.4035 1.5134 7.7205 13.035 38.5153 33.8437 65.6521 4.9713 56.8031 116.5209 116.5209 262.5046 25.5774 64.2667 134.8868 99.5037 49.7156 59.6102 51.8149 91.7077 90.6528 12.4733 36.7056 29.3769 103.1365 60.2311;
	0.7014 9.4771 27.0646 24.8514 3.8013 18.0126 0.0094 6.0764 6.7708 16.7936 31.0428 46.3097 69.7191 27.6363 20.6871 7.7938 9.67 10.2474 29.1316 21.5435 0.0031 42.0293 6.5871 39.2169 30.8789 58.0742 4.4362 26.14 141.6652 141.6652 385.7929 11.3599 97.1052 55.4531 86.6437 60.4438 34.9401 39.2399 48.1372 82.7113 30.0451 199.8192 46.8185 75.019 35.3041;
	0.5552 7.5017 23.6384 23.7483 7.2157 1.8215 0.0 4.4902 1.5173 3.5173 6.5017 9.6993 14.6023 6.7856 11.7395 4.4228 5.4876 5.8152 12.4606 16.1538 0.0 4.2501 9.8113 37.4393 30.8425 50.2739 3.0122 42.2245 176.0982 176.0982 195.4685 4.2541 41.5352 41.5799 21.2739 75.1352 22.5011 6.9997 36.1623 82.6137 18.569 20.2063 48.2618 91.4146 22.7355;
	0.8437 11.4 38.7475 0.7116 10.7667 7.371 0.0296 3.5538 1.02 3.2881 6.0779 9.0671 13.6504 6.895 45.4638 17.1282 21.2517 22.5204 19.0307 12.7761 0.0099 17.1989 28.1982 39.3364 44.6927 54.5253 1.1411 64.8686 83.2771 83.2771 116.3031 1.3691 63.4358 32.8856 21.6166 35.5316 78.981 19.6768 105.0462 119.7126 26.2851 81.7687 26.7504 96.6962 79.8037;
	1.5458 20.8866 61.3461 7.8481 13.1299 16.9172 0.3516 3.5403 5.0498 3.5083 6.4851 9.6745 14.5649 6.451 157.1704 59.213 73.468 77.8542 76.6173 12.4412 0.1172 39.4735 50.288 54.0413 15.5546 56.0454 0.7521 145.0908 123.2933 123.2933 76.1897 7.8785 255.391 32.0238 20.2247 52.6051 136.8897 7.3916 126.3791 41.6642 43.6169 187.6681 37.6626 139.6505 138.3156;
	2.1504 29.0568 82.9688 10.3729 14.2422 11.8181 0.927 2.2372 1.0986 25.4692 47.0795 70.2333 105.7359 2.188 30.8826 11.6348 14.4358 15.2977 43.6192 11.2256 0.309 27.5755 38.2884 66.7959 70.5722 59.3066 1.0349 198.6321 170.2729 170.2729 9.1832 4.0188 145.3972 28.8947 6.8597 72.6498 165.3755 0.973 90.6459 189.0326 23.9949 131.1018 115.9758 176.6401 167.0982;
	1.7519 23.6724 7.9533 18.0344 14.2471 21.422 5.264 2.2301 10.1666 12.2567 22.6564 33.7989 50.8841 10.4927 81.0987 30.5535 37.9089 40.1722 18.5124 10.9963 1.7547 49.9848 51.32 17.0407 21.9316 36.9446 2.0623 191.3797 218.0581 218.0581 7.4719 8.6801 61.708 28.3045 32.8961 93.0381 190.9921 9.2243 330.7178 58.7454 9.9819 237.6418 90.4478 134.6925 192.9816;
	2.0194 27.287 3.1 4.4256 9.3232 9.1871 12.3282 0.1806 8.5022 17.3812 32.1288 47.9298 72.1581 1.2244 108.1452 40.7431 50.5516 53.5696 20.6858 21.848 4.1094 21.4366 34.8197 1.1622 14.5994 22.9585 0.3307 303.041 271.7899 271.7899 91.9018 8.3373 68.9526 56.2368 3.8388 115.9637 272.8844 20.4701 406.7319 39.1055 2.3205 101.916 88.5656 96.8324 275.7269;
	3.091 41.7661 83.7982 5.8959 13.9308 8.7044 6.3786 0.0 14.033 21.2237 39.2317 58.5259 88.1105 2.4235 49.9324 18.8118 23.3405 24.734 28.6408 16.9518 2.1262 20.3103 53.8791 0.0 0.1034 1.5912 0.0326 429.1052 305.2828 305.2828 173.8309 11.3768 95.4692 43.634 7.598 130.254 333.2119 42.8931 410.1277 0.277 0.353 96.5612 70.0594 169.4174 336.6829;
	3.5048 47.3577 21.7365 40.2687 14.964 11.7673 5.4483 0.6457 16.856 23.0188 42.55 63.4762 95.5631 1.525 76.6255 28.8682 35.818 37.9563 19.3949 40.2701 1.8161 27.4571 64.0125 35.1276 28.0964 22.3235 3.9551 425.4332 387.5782 387.5782 198.1233 21.4282 64.6497 103.6554 4.781 165.3667 495.1515 69.9061 332.6735 75.2582 32.9016 130.5391 149.8189 226.2129 500.3094;
	2.7213 36.7712 7.2319 25.2841 14.7387 18.6545 0.3227 1.1437 4.2333 17.2157 31.823 47.4737 71.4714 0.4051 53.4354 20.1315 24.9779 26.4691 3.1818 34.6336 0.1076 43.5273 17.6343 5.0837 11.7316 4.7229 2.3976 585.866 499.5663 499.5663 326.1055 31.9519 10.6059 89.1469 1.2701 213.1483 587.8327 88.4287 23.7098 31.4239 6.5569 206.9411 116.5785 234.2379 593.956;
	3.2107 43.3836 85.5424 55.7415 15.2062 27.1505 3.7848 7.4921 9.7518 8.6911 16.0654 23.9664 36.0813 6.2078 150.0291 56.5226 70.1299 74.3167 16.1216 45.0035 1.2616 63.3513 31.6644 25.6026 21.7289 66.4862 8.0587 811.4798 484.2286 484.2286 372.8081 45.9304 53.7388 115.8392 19.4624 206.6042 674.4526 75.3873 43.8695 58.2025 27.0215 301.19 120.792 218.1572 681.4781;
