function loadprofile = ex_load_profilesh1
%EX_LOAD_PROFILE  Example load profile data file for stochastic unit commitment.
% 2022.03.12
% Andres F. Ramirez

%% define constants
[CT_LABEL, CT_PROB, CT_TABLE, CT_TBUS, CT_TGEN, CT_TBRCH, CT_TAREABUS, ...
    CT_TAREAGEN, CT_TAREABRCH, CT_ROW, CT_COL, CT_CHGTYPE, CT_REP, ...
    CT_REL, CT_ADD, CT_NEWVAL, CT_TLOAD, CT_TAREALOAD, CT_LOAD_ALL_PQ, ...
    CT_LOAD_FIX_PQ, CT_LOAD_DIS_PQ, CT_LOAD_ALL_P, CT_LOAD_FIX_P, ...
    CT_LOAD_DIS_P, CT_TGENCOST, CT_TAREAGENCOST, CT_MODCOST_F, ...
    CT_MODCOST_X] = idx_ct;

loadprofile = struct( ...
    'type', 'mpcData', ...
    'table', CT_TAREALOAD, ...
    'rows', [1:11], ...
    'col', CT_LOAD_ALL_P, ...
    'chgtype', 1, ...
    'values', [] );
loadprofile.values(:,1,:) = [
	1502.7167 979.0 1669.0273 590.3589 849.868 1175.313 936.8 255.1158 566.757 4647.7578 1897.9443;
	1528.2854 983.9 1655.6033 589.7 839.9654 1188.7768 933.7688 247.8187 551.1801 4543.2072 1851.863;
	1512.3748 990.0053 1667.9682 592.8822 863.3558 1203.4249 931.1269 250.2 564.893 4562.516 1935.1229;
	1607.5723 1058.1525 1791.4 606.3 922.7008 1280.3 994.3 280.7 603.2075 4880.9576 2085.1472;
	1696.3572 1188.7 1990.96 630.0 1029.5 1439.7103 1089.7277 319.6458 695.6129 5385.3867 2328.539;
	1824.0674 1270.0977 2087.9839 635.181 1099.1 1485.1386 1157.1519 351.4295 733.0471 5934.1343 2364.2124;
	1811.9 1276.2648 2107.9909 621.0856 1062.7655 1446.1077 1160.2223 328.8716 744.9322 6300.8965 2399.9235;
	1787.4897 1262.1 2088.812 591.8003 1054.627 1422.5235 1153.4 312.8194 726.1758 6387.8211 2318.1625;
	1800.2429 1258.0467 2037.8074 592.3 1055.0061 1401.2723 1145.0638 315.815 734.6835 6506.057 2281.976;
	1769.0089 1240.2155 2023.7361 580.6339 1042.4 1367.0069 1151.2242 315.4515 737.6451 6486.9437 2364.5026;
	1751.8 1246.0317 2026.8734 592.5015 1024.3933 1406.1166 1125.9314 321.7526 724.5095 6505.4438 2350.0707;
	1753.9972 1210.8611 2006.9318 596.6904 975.5059 1383.793 1102.652 329.4329 714.2762 6434.9424 2290.9398;
	1761.2194 1188.9 1928.1261 582.9567 972.0615 1335.8093 1069.7301 325.6 711.5 6412.0 2213.9075;
	1723.0 1162.8679 1916.6099 586.6138 969.0 1322.1 1042.7965 335.9871 694.4 6271.7226 2193.5084;
	1611.1219 1156.4852 1906.4595 583.8858 997.1 1334.8073 1050.756 327.4413 700.1946 6279.68 2289.5093;
	1671.2579 1152.716 1929.9 585.0574 1010.272 1373.1099 1059.3161 328.7452 682.141 6137.8397 2211.7994;
	1678.2646 1155.2937 1930.1693 580.9 1042.017 1408.7331 1099.1585 327.6932 708.188 5993.5532 2316.7344;
	1783.777 1203.3 1986.5552 575.5904 1040.4478 1505.6927 1143.232 333.6216 720.7996 5965.3121 2400.3726;
	1836.0882 1223.8894 2014.2749 573.3633 1036.9 1517.6 1168.8289 331.1432 716.0 5932.231 2384.7955;
	1810.8167 1169.3159 1934.0 571.1 979.2419 1395.1764 1108.1001 309.4744 687.5152 5780.3344 2298.7651;
	1723.1786 1066.4808 1799.0194 558.6526 894.2601 1306.5 994.8697 226.808 605.3799 5001.128 1857.5148;
	1617.3 977.552 1695.7589 567.0382 834.4067 1180.7688 895.1118 232.5979 563.7561 4535.9656 1616.2468;
	1549.3318 959.5388 1640.589 556.437 832.5 1129.2648 911.0 242.1948 584.1904 4695.2 1804.1087;
	1447.157 925.8784 1581.2604 556.8 797.7968 1109.2043 877.5705 232.7397 569.5116 4573.4131 1728.9332;
];
