function loadprofile = ex_load_profilesh1
%EX_LOAD_PROFILE  Example load profile data file for stochastic unit commitment.
% 2022.03.12
% Andres F. Ramirez

%% define constants
[CT_LABEL, CT_PROB, CT_TABLE, CT_TBUS, CT_TGEN, CT_TBRCH, CT_TAREABUS, ...
    CT_TAREAGEN, CT_TAREABRCH, CT_ROW, CT_COL, CT_CHGTYPE, CT_REP, ...
    CT_REL, CT_ADD, CT_NEWVAL, CT_TLOAD, CT_TAREALOAD, CT_LOAD_ALL_PQ, ...
    CT_LOAD_FIX_PQ, CT_LOAD_DIS_PQ, CT_LOAD_ALL_P, CT_LOAD_FIX_P, ...
    CT_LOAD_DIS_P, CT_TGENCOST, CT_TAREAGENCOST, CT_MODCOST_F, ...
    CT_MODCOST_X] = idx_ct;

loadprofile = struct( ...
    'type', 'mpcData', ...
    'table', CT_TAREALOAD, ...
    'rows', [1:11], ...
    'col', CT_LOAD_ALL_P, ...
    'chgtype', 1, ...
    'values', [] );
loadprofile.values(:,1,:) = [
	1628.1784 979.2169 1771.9639 561.5039 880.6087 1235.4673 920.8 255.9953 498.0 4650.7572 1756.5641;
	1594.1357 971.7 1735.4207 561.849 873.237 1216.6818 921.8 260.7447 525.0282 4629.5582 1763.0512;
	1596.3915 997.8488 1774.1284 582.4928 882.3078 1254.3641 938.2245 256.3304 523.5 4646.9712 1788.1145;
	1653.4 1081.6697 1879.8686 598.6858 954.8351 1318.0 974.3 300.2101 561.4 4905.3616 1896.2044;
	1834.6736 1212.9756 2076.2095 628.3 1053.3393 1463.5186 1070.5393 324.8195 626.7914 5382.1068 2120.5;
	1907.436 1281.0514 2149.0819 647.387 1100.4529 1566.3633 1131.8997 360.0217 694.9 5934.1314 2275.4492;
	1903.3512 1276.0326 2116.1741 640.8173 1083.8072 1532.5116 1140.5985 366.1824 700.6 6243.6607 2296.7317;
	1902.5168 1261.636 2039.1849 643.0895 1037.9161 1515.815 1123.5136 357.6 702.7 6445.3362 2282.4278;
	1907.0829 1258.2 2028.4398 622.3 959.5606 1476.7 1101.789 371.5271 720.7706 6585.3948 2321.4629;
	1912.7964 1245.5586 1987.0129 620.3541 917.9324 1476.1059 1091.0091 349.8139 713.0777 6553.1765 2326.2903;
	1889.8416 1229.2704 1935.0 605.3483 895.231 1471.6606 1092.2232 349.3378 697.8752 6629.651 2266.2765;
	1864.6569 1238.2 1915.6193 593.8 904.3155 1402.9923 1084.3628 364.9001 693.3 6483.2377 2275.4034;
	1847.8 1233.7686 1905.23 585.0839 881.6909 1394.2843 1094.3524 366.1419 684.9921 6394.854 2311.2323;
	1843.6829 1260.9333 1954.9363 599.4797 899.7419 1439.8351 1157.6446 388.9016 697.1144 6577.4209 2452.2902;
	1823.9876 1258.783 1938.6 607.6332 882.8186 1424.4198 1097.7111 358.4065 695.7491 6357.8469 2324.1017;
	1817.0386 1278.6658 1971.2539 613.2283 890.1777 1403.1871 1089.5448 357.4801 724.4168 6318.1155 2344.1681;
	1784.4852 1272.379 2056.8349 616.9612 967.0925 1463.3 1109.8681 359.3179 739.1588 6335.1363 2466.0819;
	1818.1455 1305.3965 2058.8014 626.3588 1002.335 1513.9029 1151.1895 372.6176 744.9286 6313.1705 2524.3;
	1883.7209 1330.7482 2086.3324 613.5346 986.6699 1494.0028 1157.8863 361.4946 739.0038 6276.9935 2531.6086;
	1791.0 1259.6702 2003.7336 604.1547 927.449 1455.9186 1129.6582 347.4549 707.8671 6029.0 2412.2572;
	1734.7524 1163.5838 1896.7757 596.8639 888.8 1360.5224 1048.9998 317.4565 654.182 5740.4348 2211.9381;
	1592.8695 1062.353 1766.9976 574.7 864.6659 1244.1469 969.5 298.7 589.7693 5274.7 1987.2911;
	1516.7783 1000.6834 1704.3402 575.0392 826.9 1183.7 891.1918 271.6456 534.3257 4882.5982 1799.9755;
	1483.6477 930.0194 1625.3 562.2974 793.0366 1173.6893 864.2225 249.0379 519.7179 4570.0064 1733.4069;
];
