function windprofile = ex_wind_profilesh1
%EX_WIND_PROFILE_D  Example wind_load_nyiso profile data for deterministic unit commitment.
% 2022.03.12
% Andres F. Ramirez


%% define constants
[GEN_BUS, PG, QG, QMAX, QMIN, VG, MBASE, GEN_STATUS, PMAX, PMIN, ...
    MU_PMAX, MU_PMIN, MU_QMAX, MU_QMIN, PC1, PC2, QC1MIN, QC1MAX, ...
    QC2MIN, QC2MAX, RAMP_AGC, RAMP_10, RAMP_30, RAMP_Q, APF] = idx_gen;
[CT_LABEL, CT_PROB, CT_TABLE, CT_TBUS, CT_TGEN, CT_TBRCH, CT_TAREABUS, ...
    CT_TAREAGEN, CT_TAREABRCH, CT_ROW, CT_COL, CT_CHGTYPE, CT_REP, ...
    CT_REL, CT_ADD, CT_NEWVAL, CT_TLOAD, CT_TAREALOAD, CT_LOAD_ALL_PQ, ...
    CT_LOAD_FIX_PQ, CT_LOAD_DIS_PQ, CT_LOAD_ALL_P, CT_LOAD_FIX_P, ...
    CT_LOAD_DIS_P, CT_TGENCOST, CT_TAREAGENCOST, CT_MODCOST_F, ...
    CT_MODCOST_X] = idx_ct;

windprofile = struct( ...
    'type', 'mpcData', ...
    'table', CT_TGEN, ...
    'rows', [1:45], ...
    'col', PMAX, ...
    'chgtype', 1, ...
    'values', [] );
windprofile.values(:,1,:) = [
	0.6762 9.1375 55.995 67.369 4.409 1.0022 4.2492 7.9045 0.7446 17.5334 32.4102 48.3496 72.7901 12.1763 141.9255 53.4696 66.3419 70.3026 79.8472 61.9041 1.4164 2.3384 67.2999 71.7845 49.375 50.6322 3.8294 137.8659 345.746 345.746 223.1025 39.3796 266.1575 159.3412 38.1744 147.5183 362.4405 82.9046 19.5207 132.2545 60.7282 11.1175 0.0 73.1855 366.216;
	0.4438 5.9969 51.3 65.0287 4.9615 4.2444 5.751 11.0215 0.0061 10.6649 19.7139 29.4092 44.2754 14.51 118.9104 44.7988 55.5837 58.9021 75.2106 66.3725 1.917 9.9037 32.9564 72.4845 52.9403 50.4206 5.9693 63.0742 241.1893 241.1893 145.7647 27.1567 250.702 170.8431 45.4908 102.9074 272.568 80.6238 11.7794 141.8045 80.1865 47.0848 0.2279 84.6063 275.4072;
	0.3032 4.0969 60.3667 70.5543 4.9216 3.899 19.7465 10.2729 3.5886 9.6842 17.9012 26.705 40.2042 41.2183 91.0439 34.3003 42.5577 45.0985 67.6718 69.03 6.5822 9.0976 28.2273 77.5742 56.071 56.2115 5.4818 0.3854 131.5361 131.5361 28.0556 12.6963 225.5727 177.6833 129.2249 56.1221 164.7062 3.5351 367.5274 150.1903 70.8327 43.2526 5.4542 100.4324 166.4219;
	0.4275 5.777 67.9695 81.2673 7.497 14.0293 23.5292 13.2468 13.1089 13.7332 25.3857 37.8704 57.0137 57.1487 94.4381 35.579 44.1443 46.7798 48.4387 67.3881 7.8431 32.7351 43.1007 81.5326 64.7028 64.8266 7.4189 9.3786 99.294 99.294 62.4844 16.8729 161.4622 173.457 179.169 42.3654 12.1491 6.7565 396.6478 173.3111 69.8673 155.6321 10.2768 137.3442 12.2757;
	0.5712 7.7181 80.3085 79.2471 10.2968 33.1696 29.7775 13.7236 27.0517 14.7689 27.3001 40.7265 61.3134 63.8637 134.6797 50.7398 62.9549 66.7134 60.1834 70.4028 9.9258 77.3956 38.3533 81.833 79.0976 69.5675 8.426 54.7895 232.1873 232.1873 65.1379 9.7751 200.6115 181.2171 200.2213 99.0666 65.8481 34.1961 452.7607 211.8686 69.5975 367.961 51.2154 151.553 66.534;
	0.4533 6.1246 77.9138 66.9651 10.1126 5.0022 12.3298 12.4543 21.8581 8.9421 16.5294 24.6586 37.1234 17.4747 150.7521 56.795 70.4679 74.6749 82.1944 69.3107 4.1099 11.6718 25.8695 79.6953 57.936 68.3754 7.8265 38.1681 36.8788 36.8788 0.5229 9.9603 273.9813 178.4059 54.7855 15.735 20.7807 3.2973 148.4353 155.1856 54.3645 55.4911 25.3135 138.1034 20.9972;
	0.4192 5.6637 55.4766 40.8292 9.3639 3.3883 7.0715 7.8244 7.242 7.0646 13.0588 19.4812 29.3289 7.9363 119.6132 45.0636 55.9122 59.2502 61.0028 68.1392 2.3572 7.9059 15.1058 53.068 33.6802 62.0149 4.2414 33.2145 22.444 22.444 0.4387 0.3917 203.3428 175.3904 24.8814 9.5761 16.1848 12.0067 252.5624 90.2149 28.7198 37.5871 33.629 135.9274 16.3533;
	0.4866 6.5751 35.9349 31.5233 3.8388 3.9957 6.1096 7.25 13.0084 5.1014 9.4299 14.0676 21.1787 44.161 66.1938 24.9381 30.9417 32.789 16.7612 48.6269 2.0365 9.3232 9.2623 33.0202 33.7012 61.3204 4.5418 21.8831 51.9363 51.9363 2.1467 1.2309 55.8708 125.1657 138.4508 22.1595 32.9381 11.2038 146.5337 90.271 12.6029 44.3253 75.0777 114.0728 33.2812;
	0.5729 7.7416 29.8748 28.5192 3.9084 14.2396 9.9215 6.2674 18.8013 4.9919 9.2274 13.7655 20.7239 25.9725 16.9694 6.3931 7.9322 8.4058 0.0 17.1928 3.3072 33.2257 5.666 38.1008 31.4345 55.0377 4.3886 6.5021 11.6551 11.6551 9.2847 2.6192 0.0 44.2544 81.4274 4.9729 41.6034 14.494 30.2693 84.1996 30.2336 157.9644 43.0787 87.089 42.0368;
	0.59 7.9727 32.8077 28.9926 7.9786 6.8767 12.9809 4.8849 22.3917 2.2807 4.2159 6.2893 9.4685 35.4278 8.8283 3.326 4.1267 4.3731 0.0 12.3399 4.327 16.0456 10.7408 37.6838 32.7403 49.244 3.1643 37.0438 38.3378 38.3378 79.9236 8.5153 0.0 31.7628 111.0709 16.3574 82.8052 13.4571 20.096 87.6973 25.1977 76.2852 52.7194 102.404 83.6678;
	0.8589 11.6054 46.417 93.8999 12.182 14.7105 14.9606 4.2683 26.3077 3.324 6.1444 9.1662 13.7997 14.7304 39.7377 14.9709 18.575 19.684 2.9443 11.3128 4.9869 34.3244 31.2127 45.5523 51.4396 54.6056 1.5542 154.5587 73.1985 73.1985 62.6215 8.7772 9.8145 29.1191 46.1818 31.2314 188.1793 49.3932 103.0942 137.7847 22.3717 163.1879 21.2812 110.2235 190.1395;
	1.6243 21.9472 67.7786 95.1641 14.1643 23.5374 17.6585 15.4522 18.5099 1.1995 2.2173 3.3078 4.9799 21.2754 34.1149 12.8526 15.9467 16.8988 0.0018 9.2046 5.8862 54.9206 49.2178 65.0363 95.486 50.6111 8.1077 171.2304 104.6011 104.6011 65.7985 10.8679 0.0059 23.6926 66.7011 44.6298 142.7975 36.5927 70.9007 255.766 12.5799 261.1083 30.0262 147.1272 144.2849;
	2.3009 31.0908 87.2475 107.1015 15.0773 19.5253 5.0337 16.7586 4.6064 24.396 45.0956 67.2738 101.2803 18.1843 31.266 11.7793 14.615 15.4876 0.0009 8.7634 1.6779 45.559 36.4877 77.0452 79.0231 56.8238 9.9323 220.6637 169.4504 169.4504 85.9739 4.3722 0.0031 22.5571 57.0102 72.2988 194.6208 40.9136 14.9524 211.6691 16.511 216.6007 112.197 192.2393 196.6481;
	1.8672 25.2298 46.0723 106.1314 15.059 22.9137 12.8917 5.7889 17.8299 8.0853 14.9456 22.2958 33.5663 4.7413 7.2622 2.736 3.3946 3.5973 0.5744 5.792 4.2972 53.4653 49.2708 42.4467 72.7221 33.927 8.7959 175.9252 199.93 199.93 24.357 4.2281 1.9146 14.9087 14.8648 85.3035 191.2909 12.275 131.1439 194.7914 18.9447 254.1893 85.1763 159.9948 193.2836;
	2.2922 30.9724 37.9355 93.2148 10.4183 31.4861 6.2752 2.8852 10.5732 0.2639 0.4878 0.7276 1.0955 3.7159 0.1691 0.0637 0.0791 0.0838 0.0 0.0431 2.0917 73.4676 28.7391 35.2199 38.5782 2.3225 5.6246 263.2233 267.2999 267.2999 91.4351 7.9398 0.0 0.111 11.6499 114.048 273.3549 16.2761 99.7087 103.3344 11.3621 349.286 86.6457 120.4874 276.2023;
	3.3199 44.8592 88.7727 104.0006 14.7485 32.9777 2.6573 6.588 16.1742 2.7016 4.9938 7.4498 11.2157 11.1037 26.7961 10.0953 12.5256 13.2734 2.3562 0.6356 0.8858 76.9479 49.1998 43.7275 46.4247 1.7932 9.8911 396.9907 291.6291 291.6291 169.1752 11.9303 7.8538 1.636 34.8117 124.4284 323.4097 40.9608 54.5748 124.3518 37.1796 365.8322 26.4968 200.8949 326.7786;
	2.769 37.4153 0.8151 4.938 14.2944 1.8348 0.0 1.1901 1.074 0.2794 0.5164 0.7704 1.1598 1.4619 27.3532 10.3052 12.786 13.5494 14.0395 1.7209 0.0 4.2812 23.4537 19.6762 11.0915 0.0384 2.2358 302.6341 368.501 368.501 168.4715 22.7096 46.7984 4.4295 4.5832 157.2271 441.1818 70.6644 7.8456 29.7094 4.4566 20.3542 111.9304 220.6615 445.7775;
	2.1714 29.3405 0.0014 0.1884 14.0751 19.5091 0.0 0.1359 0.4522 0.8911 1.6473 2.4574 3.6996 2.7649 26.7474 10.0769 12.5029 13.2493 19.8942 0.0 0.0 45.5211 15.1747 30.9108 2.5607 0.7636 0.4811 485.0588 445.1486 445.1486 274.0362 32.6722 66.314 0.0 8.6683 189.9301 517.017 89.6936 0.0 6.8591 7.7705 216.4205 103.2479 227.7068 522.4026;
	2.9654 40.0686 86.2878 36.7233 14.6168 28.07 0.0 1.8499 3.2297 8.3853 15.5 23.123 34.8115 8.0281 17.0508 6.4238 7.9703 8.4461 48.688 37.7207 0.0 65.4966 30.0749 81.9649 67.1509 63.8063 0.6935 737.1298 424.1807 424.1807 323.0531 42.522 162.2934 97.0933 25.1693 180.9838 603.4499 70.8529 1.6316 179.8686 3.0323 311.3898 103.9687 218.8966 609.7358;
	2.9569 39.9542 5.8473 31.0692 14.6102 4.2406 16.9681 0.4498 26.6635 19.9343 36.8483 54.9704 82.7577 11.8083 31.1376 11.7309 14.555 15.424 73.559 18.9527 5.656 9.8948 58.0665 44.9906 10.2235 55.4491 0.1999 697.3719 399.3939 399.3939 284.3856 42.456 245.1966 48.7843 37.0207 170.4081 525.8983 75.2263 5.0662 27.3845 1.4397 47.0429 101.034 180.4547 531.3764;
