function loadprofile = ex_load_profilesh1
%EX_LOAD_PROFILE  Example load profile data file for stochastic unit commitment.
% 2022.03.12
% Andres F. Ramirez

%% define constants
[CT_LABEL, CT_PROB, CT_TABLE, CT_TBUS, CT_TGEN, CT_TBRCH, CT_TAREABUS, ...
    CT_TAREAGEN, CT_TAREABRCH, CT_ROW, CT_COL, CT_CHGTYPE, CT_REP, ...
    CT_REL, CT_ADD, CT_NEWVAL, CT_TLOAD, CT_TAREALOAD, CT_LOAD_ALL_PQ, ...
    CT_LOAD_FIX_PQ, CT_LOAD_DIS_PQ, CT_LOAD_ALL_P, CT_LOAD_FIX_P, ...
    CT_LOAD_DIS_P, CT_TGENCOST, CT_TAREAGENCOST, CT_MODCOST_F, ...
    CT_MODCOST_X] = idx_ct;

loadprofile = struct( ...
    'type', 'mpcData', ...
    'table', CT_TAREALOAD, ...
    'rows', [1:11], ...
    'col', CT_LOAD_ALL_P, ...
    'chgtype', 1, ...
    'values', [] );
loadprofile.values(:,1,:) = [
	1571.8231 1008.9011 1692.9991 608.4286 882.0649 1179.8725 861.0338 269.3132 530.7358 4619.5433 1750.558;
	1588.7 1002.1565 1699.2 597.7558 850.4 1171.227 858.813 267.1926 519.7407 4592.7958 1722.5925;
	1591.5758 1018.1723 1750.5669 607.6424 893.0806 1220.1648 864.3808 276.268 529.1809 4568.7404 1766.6772;
	1629.6522 1079.7982 1833.3 622.1 924.5738 1288.3125 923.3178 295.4884 565.246 4843.0418 1890.9;
	1791.6 1219.4514 2037.8666 645.705 1002.2 1417.0767 1025.5816 343.9603 661.5314 5412.9487 2166.5653;
	1855.6499 1281.5301 2148.8768 666.3493 1055.1508 1450.6504 1075.226 367.6 694.5 5934.2469 2302.0632;
	1898.591 1292.1872 2112.8416 651.8813 1059.5 1455.2288 1048.8041 349.7829 681.1 6172.4342 2244.7992;
	1913.4374 1330.1922 2120.8043 646.0507 1069.1553 1465.601 1084.1729 359.8 690.4934 6406.0582 2223.7;
	1950.3692 1357.3867 2094.2615 620.9469 1052.4068 1452.9201 1099.8672 334.3 724.8705 6488.9056 2245.9933;
	1940.2958 1381.8196 2134.3699 633.3654 1069.5264 1480.9983 1074.7696 320.7774 712.1685 6546.56 2229.3661;
	1935.5402 1386.6249 2133.5768 619.6012 1058.0 1458.98 1038.9095 321.8991 671.6 6495.7584 2148.9218;
	1960.596 1391.6386 2163.663 614.6463 1081.0409 1505.8469 1030.9748 321.3692 666.3432 6634.3 2218.2689;
	1954.6128 1367.0932 2170.9399 605.9599 1046.995 1472.9094 1033.1068 330.2 666.5884 6598.3186 2204.3322;
	1881.5623 1343.5422 2146.244 618.45 1022.8093 1405.8 987.4569 326.4936 659.8222 6472.0704 2155.2443;
	1853.3475 1354.3824 2166.0104 611.1879 1060.87 1423.4161 1018.7 360.1 662.5166 6550.5 2268.8;
	1843.0834 1360.0592 2142.7644 620.9 1071.8098 1466.5565 1046.2457 377.3944 693.3853 6719.9227 2517.9337;
	1877.8235 1351.3695 2158.7058 614.6987 1084.1111 1536.1646 1084.0054 393.0006 703.2745 6696.5099 2555.0386;
	1838.2087 1322.7546 2239.0581 617.2771 1137.1527 1568.2243 1152.8369 408.0594 733.9 6724.959 2566.5717;
	1846.6 1309.1939 2186.7227 634.3404 1118.5781 1505.3217 1146.2 401.3768 728.1172 6425.5523 2569.6973;
	1806.2766 1239.424 2098.899 623.8493 1085.822 1475.6095 1083.1389 367.2221 693.2471 6108.6182 2376.1261;
	1748.0478 1133.9 1946.8782 608.1635 995.4057 1341.2855 992.9919 330.1521 648.4471 5639.0884 2149.6402;
	1622.3 1055.984 1839.655 592.0637 948.2626 1259.2662 933.4191 300.7551 582.3733 5245.7632 1954.279;
	1632.4943 1016.8047 1717.0964 587.0835 889.0344 1195.5132 898.2114 267.9514 541.6555 4858.6307 1824.8285;
	1538.416 957.6 1669.871 582.5617 860.447 1154.7051 850.3 258.5127 500.5274 4668.8 1708.8;
];
