function windprofile = ex_wind_profilesh1
%EX_WIND_PROFILE_D  Example wind_load_nyiso profile data for deterministic unit commitment.
% 2022.03.12
% Andres F. Ramirez


%% define constants
[GEN_BUS, PG, QG, QMAX, QMIN, VG, MBASE, GEN_STATUS, PMAX, PMIN, ...
    MU_PMAX, MU_PMIN, MU_QMAX, MU_QMIN, PC1, PC2, QC1MIN, QC1MAX, ...
    QC2MIN, QC2MAX, RAMP_AGC, RAMP_10, RAMP_30, RAMP_Q, APF] = idx_gen;
[CT_LABEL, CT_PROB, CT_TABLE, CT_TBUS, CT_TGEN, CT_TBRCH, CT_TAREABUS, ...
    CT_TAREAGEN, CT_TAREABRCH, CT_ROW, CT_COL, CT_CHGTYPE, CT_REP, ...
    CT_REL, CT_ADD, CT_NEWVAL, CT_TLOAD, CT_TAREALOAD, CT_LOAD_ALL_PQ, ...
    CT_LOAD_FIX_PQ, CT_LOAD_DIS_PQ, CT_LOAD_ALL_P, CT_LOAD_FIX_P, ...
    CT_LOAD_DIS_P, CT_TGENCOST, CT_TAREAGENCOST, CT_MODCOST_F, ...
    CT_MODCOST_X] = idx_ct;

windprofile = struct( ...
    'type', 'mpcData', ...
    'table', CT_TGEN, ...
    'rows', [1:45], ...
    'col', PMAX, ...
    'chgtype', 1, ...
    'values', [] );
windprofile.values(:,1,:) = [
	0.6903 9.3279 54.1228 65.3293 7.2661 5.8177 6.2966 8.6396 3.0759 18.1339 33.5202 50.0056 75.2832 1.1862 145.8132 54.9343 68.1592 72.2284 79.0597 69.9938 2.0989 13.5747 62.6184 78.1401 53.9089 54.3784 4.1241 187.7173 326.4262 326.4262 228.2216 47.6056 263.5323 180.1643 3.7188 139.2752 388.9372 91.5332 81.6142 144.3988 58.4033 64.538 35.9679 56.4674 392.9887;
	0.4563 6.1652 50.0031 59.8148 6.4288 2.1872 2.8234 10.8221 0.9853 10.319 19.0746 28.4555 42.8397 5.8375 112.822 42.505 52.7377 55.8863 65.2127 67.5357 0.9411 5.1034 9.4588 77.196 56.798 56.8581 5.5677 60.9656 220.6617 220.6617 157.1493 29.3197 217.3757 173.837 18.3015 94.149 285.0791 92.2437 121.757 152.1375 67.5701 24.2633 16.1556 73.3394 288.0487;
	0.2721 3.6769 57.8028 66.0532 4.7831 0.6828 0.2113 11.5365 0.8337 9.2261 17.0543 25.4417 38.3023 6.5894 80.7364 30.417 37.7396 39.9927 60.1198 61.9998 0.0704 1.5932 22.3174 81.9488 61.8316 59.0344 6.1354 5.7798 62.1232 62.1232 69.3302 18.6535 200.3993 159.5878 20.6585 26.5059 161.6176 6.3393 27.2574 165.6204 67.7574 7.5744 2.0671 84.6924 163.3011;
	0.3857 5.2123 65.6829 75.6217 7.6152 4.0212 3.0664 13.7827 2.5618 15.1806 28.0611 41.8616 63.0225 13.6787 79.4215 29.9216 37.125 39.3414 38.0223 61.6851 1.0221 9.3829 42.4275 82.7322 65.6179 71.3527 7.6734 10.5597 38.6225 38.6225 55.2281 19.1779 126.741 158.7776 42.8846 16.4789 19.3481 5.431 131.157 175.7622 62.8856 44.6089 19.338 112.4213 19.5497;
	0.4835 6.5336 79.9393 75.9713 9.3587 7.6474 5.32 14.4564 1.7984 15.0908 27.8951 41.614 62.6496 8.6372 98.7355 37.198 46.1531 48.9085 47.4588 54.7701 1.7733 17.844 42.3241 81.837 81.1566 75.2733 8.8869 24.0788 13.5244 13.5244 19.2678 9.2846 158.1962 140.9783 27.0789 5.7704 8.2657 6.1972 94.9683 217.3838 62.5887 84.8353 25.3414 136.7658 8.3518;
	0.4534 6.1265 77.556 64.3187 9.4742 4.1016 3.2807 13.3864 2.6282 8.8202 16.3039 24.3222 36.617 27.4645 126.9134 47.8139 59.3246 62.8664 75.434 63.2299 1.0936 9.5704 35.0755 81.95 60.3928 74.4757 7.9685 28.5423 6.1512 6.1512 40.4904 10.4144 251.4465 162.754 86.1049 2.6245 12.0319 7.6532 163.9565 161.7663 53.4149 45.5006 24.4895 128.3599 12.1572;
	0.4656 6.2909 56.0671 39.6905 8.9158 2.9946 3.8191 8.0953 2.3283 7.154 13.224 19.7276 29.6998 0.0705 112.4265 42.356 52.5529 55.6904 60.7478 67.4531 1.273 6.9874 21.8111 56.8092 37.1467 69.3038 4.2619 24.0412 3.6428 3.6428 9.0555 0.0023 202.4926 173.6245 0.2209 1.5542 0.2929 0.3482 20.0584 99.5001 26.9416 33.22 27.4336 130.8181 0.296;
	0.5438 7.3473 33.4405 27.481 3.5492 3.1081 4.6891 6.9324 2.5096 4.6869 8.6637 12.9246 19.4579 0.0064 55.984 21.0916 26.1693 27.7316 18.0187 42.1906 1.563 7.2523 12.0526 34.515 35.0068 66.2834 4.5098 11.9731 6.604 6.604 49.034 0.772 60.0623 108.5988 0.0201 2.8177 5.7525 1.0983 52.4212 93.7681 10.0688 34.4797 0.0 98.9902 5.8124;
	0.6346 8.5744 26.6816 23.5643 3.6033 0.7988 2.346 5.2941 14.5099 9.6111 17.766 26.5034 39.9007 4.4427 18.6536 7.0277 8.7195 9.2401 14.8805 18.3109 0.782 1.8638 7.7505 31.681 29.7633 57.1892 4.3526 5.9895 6.848 6.848 77.5763 3.2122 49.6018 47.1323 13.9286 2.9218 4.0992 7.1424 86.2811 79.7232 1.6039 8.8612 0.0 72.887 4.1419;
	0.6431 8.6896 31.5115 26.0292 7.1114 0.1181 1.702 4.5933 6.7672 0.3643 0.6734 1.0046 1.5124 3.9244 12.5779 4.7386 5.8794 6.2304 5.2456 12.1441 0.5673 0.2756 8.9034 36.8118 33.1914 52.3568 3.1708 21.6985 30.226 30.226 61.6023 0.8843 17.4852 31.2589 12.3036 12.8964 8.5328 0.4778 119.0641 88.9054 0.7518 1.3101 40.4175 101.6361 8.6217;
	0.9144 12.355 41.8684 0.3272 10.5349 0.6947 4.898 3.6232 10.7161 7.1208 13.1627 19.6361 29.5621 7.317 13.5315 5.0979 6.3252 6.7028 40.766 10.9699 1.6327 1.6209 28.783 35.9896 44.5565 53.6465 1.3738 49.2658 73.8691 73.8691 64.1717 1.3454 135.8868 28.2365 22.9399 31.5175 70.6203 0.0329 211.6434 119.3477 1.5118 7.7063 1.39 91.3245 71.356;
	1.6059 21.6996 66.3947 1.2291 13.0473 0.7452 0.4541 1.0643 4.3987 4.599 8.5013 12.6822 19.093 35.1233 11.2476 4.2375 5.2576 5.5715 14.556 9.1277 0.1514 1.7389 48.4565 51.3952 4.0708 52.1956 1.2013 117.5675 106.8839 106.8839 5.5932 1.9321 48.5201 23.4948 110.1164 45.6038 119.5192 0.0 102.295 10.9041 2.367 8.267 0.0017 129.7152 120.7642;
	2.0024 27.0566 82.737 1.6821 13.8456 0.0677 0.7701 0.1059 0.0688 23.7328 43.8697 65.4449 98.527 19.8408 0.8033 0.3026 0.3755 0.3979 57.0101 6.5057 0.2567 0.158 29.8902 58.533 63.1814 55.7984 0.0891 180.4471 155.7013 155.7013 1.7767 6.4149 190.0335 16.7456 62.2035 66.4326 161.0333 1.4228 53.8538 169.2358 0.6088 0.7512 98.7293 164.5843 162.7108;
	1.0855 14.6681 0.0019 0.0 12.8206 12.4079 0.0 0.0 0.0 0.1644 0.3039 0.4534 0.6826 1.1146 7.5314 2.8374 3.5205 3.7306 24.1699 4.4507 0.0 28.9519 41.2966 0.0 0.0 32.631 0.0 168.8964 152.2483 152.2483 0.0 5.1174 80.5663 11.4562 3.4944 64.9593 164.411 6.679 0.0 0.0 0.009 137.6455 54.9454 112.0529 166.1237;
	1.6546 22.3573 1.2809 0.0 8.0269 0.0 0.0 0.0 0.0 0.0059 0.0108 0.0161 0.0243 0.187 19.1179 7.2026 8.9365 9.47 10.3319 0.2754 0.0 0.0 26.4937 0.0219 0.0 7.5036 0.0 201.2487 233.1239 233.1239 73.8444 7.787 34.4396 0.709 0.5863 99.4662 236.45 12.6499 0.0 0.0 0.0127 0.0 58.9196 95.7383 238.913;
	2.7586 37.2749 81.4389 0.2541 13.0066 0.0081 0.0 0.0 0.0 7.1755 13.2637 19.7869 29.7891 4.3814 7.1875 2.7078 3.3597 3.5603 9.6861 0.1109 0.0 0.0189 48.808 0.0969 0.048 11.3175 0.0 317.6325 257.8853 257.8853 150.6659 9.1454 32.2871 0.2855 13.7363 110.031 256.088 34.7057 0.0 0.1286 0.2599 0.0897 0.0 175.8379 258.7556;
	3.1903 43.1079 1.1437 0.529 14.0275 0.0093 0.0 0.0282 0.0 4.9108 9.0776 13.5419 20.3873 6.9127 13.8445 5.2158 6.4715 6.8578 50.7321 0.4445 0.0 0.0217 6.2945 0.0 1.5 5.8093 0.0014 301.161 357.9796 357.9796 179.1536 23.5785 169.1069 1.1442 21.6721 152.7379 414.7039 72.9117 0.0 4.0178 0.022 0.1031 126.2565 225.6379 419.0238;
	2.7093 36.6088 8.6145 1.7631 14.2032 18.4621 1.3631 3.5784 0.7951 6.6838 12.3549 18.431 27.7478 15.9094 30.8602 11.6264 14.4254 15.2866 70.1966 1.4301 0.4544 43.0781 15.83 0.8992 13.2042 23.5707 0.4689 439.4755 451.8869 451.8869 316.4118 33.1985 233.9888 3.6811 49.8781 192.8051 491.9454 90.9722 17.1432 35.3684 0.0 204.8058 111.2977 224.2504 497.0699;
	2.7797 37.5593 82.6786 0.0 14.0985 21.083 0.0 2.5789 0.0 7.8695 14.5466 21.7007 32.6703 7.0943 22.6065 8.5169 10.5672 11.1981 63.6477 37.3786 0.0 49.1936 27.5397 4.5623 11.7454 66.3623 0.4503 581.1262 437.215 437.215 350.7654 45.2575 212.159 96.2126 22.2415 186.5451 558.2858 76.8407 0.1047 31.4609 0.0 233.8803 99.2554 195.9241 564.1013;
	2.9977 40.506 2.2887 0.0 14.2886 0.0 16.5669 1.6664 25.3784 20.2017 37.3425 55.7077 83.8677 5.4074 8.4299 3.1759 3.9405 4.1758 11.3123 17.1178 5.5223 0.0 50.5204 1.9375 17.3229 59.2863 0.4299 605.8698 405.6705 405.6705 314.6704 43.5594 37.7078 44.0612 16.953 173.0861 505.615 74.5264 0.0 46.4006 0.0953 0.0 100.1153 171.4313 510.8818;
