function solarprofile = ex_solar_profilesh1
%EX_WIND_PROFILE_D  Example wind_load_nyiso profile data for deterministic unit commitment.
% 2022.03.12
% Andres F. Ramirez


%% define constants
[GEN_BUS, PG, QG, QMAX, QMIN, VG, MBASE, GEN_STATUS, PMAX, PMIN, ...
    MU_PMAX, MU_PMIN, MU_QMAX, MU_QMIN, PC1, PC2, QC1MIN, QC1MAX, ...
    QC2MIN, QC2MAX, RAMP_AGC, RAMP_10, RAMP_30, RAMP_Q, APF] = idx_gen;
[CT_LABEL, CT_PROB, CT_TABLE, CT_TBUS, CT_TGEN, CT_TBRCH, CT_TAREABUS, ...
    CT_TAREAGEN, CT_TAREABRCH, CT_ROW, CT_COL, CT_CHGTYPE, CT_REP, ...
    CT_REL, CT_ADD, CT_NEWVAL, CT_TLOAD, CT_TAREALOAD, CT_LOAD_ALL_PQ, ...
    CT_LOAD_FIX_PQ, CT_LOAD_DIS_PQ, CT_LOAD_ALL_P, CT_LOAD_FIX_P, ...
    CT_LOAD_DIS_P, CT_TGENCOST, CT_TAREAGENCOST, CT_MODCOST_F, ...
    CT_MODCOST_X] = idx_ct;

solarprofile = struct( ...
    'type', 'mpcData', ...
    'table', CT_TGEN, ...
    'rows', [1:12], ...
    'col', PMAX, ...
    'chgtype', 1, ...
    'values', [] );
solarprofile.values(:,1,:) = [
	0.0 0.0 0.0 0.0 0.0 0.0 0.0 0.0 0.0 0.0 0.0 0.0;
	0.0 0.0 0.0 0.0 0.0 0.0 0.0 0.0 0.0 0.0 0.0 0.0;
	0.0 0.0 0.0 0.0 0.0 0.0 0.0 0.0 0.0 0.0 0.0 0.0;
	0.0 0.0 0.0 0.0 0.0 0.0 0.0 0.0 0.0 0.0 0.0 0.0;
	0.0 0.0 0.0 0.0 0.0 0.0 0.0 0.0 0.0 0.0 0.0 0.0;
	0.4731 0.4274 0.429 0.0 0.0 0.0 0.0 0.2 0.0 0.0 0.0 0.0;
	6.3984 4.7378 4.3663 1.9398 5.9937 276.5033 34.5629 33.0201 212.8862 61.3797 7.5748 111.1591;
	10.3746 7.0492 7.1398 7.1353 9.4659 439.6688 54.9586 67.1295 272.4411 219.3629 103.9806 397.2676;
	15.8958 14.6443 13.4787 9.9271 10.1501 453.5481 56.6935 72.8151 277.5491 244.2808 185.8662 442.394;
	23.5081 16.1547 13.6408 6.6436 6.5998 360.6293 45.0787 60.9214 210.9843 119.5651 183.9395 216.5332;
	25.1895 16.3958 13.7991 7.6595 6.4464 311.3999 38.925 57.8921 187.5094 164.4923 203.6697 297.8965;
	25.1663 16.4292 13.769 7.8564 5.1531 209.6657 26.2082 54.4811 127.2453 195.4117 205.4299 353.8917;
	13.5404 10.8214 7.8581 4.3161 2.239 55.33 6.9163 14.378 30.124 106.6908 78.4383 193.2176;
	11.131 8.9406 5.2686 2.1382 1.3537 75.5838 9.448 19.8793 38.2271 77.3822 42.9013 140.1396;
	8.5274 6.711 4.9651 1.2099 1.1125 88.7502 11.0938 25.413 50.2132 57.0278 20.0977 103.2776;
	6.2249 2.9675 2.6086 0.835 0.0161 21.887 2.7359 31.201 30.7477 22.3668 5.8055 40.5064;
	0.8634 0.7559 0.5427 1.0447 0.176 3.1824 0.3978 6.2749 6.8511 32.5966 7.9249 59.0327;
	0.0 0.0 0.0 0.0 0.0 0.0 0.0 0.0 0.0 0.0 0.0 0.0;
	0.0 0.0 0.0 0.0 0.0 0.0 0.0 0.0 0.0 0.0 0.0 0.0;
	0.0 0.0 0.0 0.0 0.0 0.0 0.0 0.0 0.0 0.0 0.0 0.0;
	0.0 0.0 0.0 0.0 0.0 0.0 0.0 0.0 0.0 0.0 0.0 0.0;
	0.0 0.0 0.0 0.0 0.0 0.0 0.0 0.0 0.0 0.0 0.0 0.0;
	0.0 0.0 0.0 0.0 0.0 0.0 0.0 0.0 0.0 0.0 0.0 0.0;
	0.0 0.0 0.0 0.0 0.0 0.0 0.0 0.0 0.0 0.0 0.0 0.0;
];
