function loadprofile = ex_load_profilesh1
%EX_LOAD_PROFILE  Example load profile data file for stochastic unit commitment.
% 2022.03.12
% Andres F. Ramirez

%% define constants
[CT_LABEL, CT_PROB, CT_TABLE, CT_TBUS, CT_TGEN, CT_TBRCH, CT_TAREABUS, ...
    CT_TAREAGEN, CT_TAREABRCH, CT_ROW, CT_COL, CT_CHGTYPE, CT_REP, ...
    CT_REL, CT_ADD, CT_NEWVAL, CT_TLOAD, CT_TAREALOAD, CT_LOAD_ALL_PQ, ...
    CT_LOAD_FIX_PQ, CT_LOAD_DIS_PQ, CT_LOAD_ALL_P, CT_LOAD_FIX_P, ...
    CT_LOAD_DIS_P, CT_TGENCOST, CT_TAREAGENCOST, CT_MODCOST_F, ...
    CT_MODCOST_X] = idx_ct;

loadprofile = struct( ...
    'type', 'mpcData', ...
    'table', CT_TAREALOAD, ...
    'rows', [1:11], ...
    'col', CT_LOAD_ALL_P, ...
    'chgtype', 1, ...
    'values', [] );
loadprofile.values(:,1,:) = [
	1575.7432 985.6251 1661.2 525.9766 843.1966 1208.9 925.0976 266.0986 524.3285 4732.3684 1753.5362;
	1583.2171 999.1638 1681.7575 496.253 872.8892 1203.8902 923.6118 269.3171 522.3 4688.6163 1745.7;
	1592.3 1008.9169 1691.9 534.6058 866.6 1213.113 949.6552 275.5 529.1495 4691.0 1764.1154;
	1638.8872 1056.5 1788.2237 524.8568 922.2 1307.8 1003.266 301.5379 573.0766 4911.8808 1867.6;
	1749.8271 1162.8371 1954.4391 548.5011 1040.7184 1445.8281 1112.5907 342.7236 655.7881 5473.8037 2108.0542;
	1851.4403 1250.3353 2079.894 552.1703 1089.9 1493.4861 1174.0362 353.7284 721.8704 5987.6173 2256.7362;
	1883.7651 1284.9651 2108.2453 524.7178 1108.4854 1516.4613 1225.8657 357.9 727.5317 6418.5029 2285.1991;
	1858.5 1272.1225 2080.2374 535.892 1077.9074 1477.5605 1235.6794 349.0215 712.1967 6504.2227 2255.3208;
	1868.6523 1247.5639 2057.3655 536.1954 1070.5617 1407.2325 1228.4911 360.3628 712.9963 6675.077 2242.163;
	1845.2081 1256.9917 2088.5974 549.8173 1081.0 1419.2541 1265.9516 365.1517 702.02 6704.767 2298.007;
	1810.832 1210.5925 2058.3069 531.0816 1082.4626 1395.7462 1207.4461 357.6425 696.6 6681.4675 2089.2996;
	1804.0 1227.2762 2054.3495 536.8438 1036.3314 1337.1706 1169.5633 347.2913 686.6 6643.9179 2059.1512;
	1799.7501 1231.8852 2047.944 558.1103 1037.1923 1340.04 1173.1345 331.771 679.5873 6551.3092 2047.2611;
	1790.8637 1224.07 2025.8166 519.2523 1026.2042 1359.7167 1172.7491 329.4 680.6166 6570.253 2109.8956;
	1818.5474 1217.7746 2042.8812 511.5668 995.5622 1365.1402 1087.8634 317.6126 662.8649 6357.9415 2118.7772;
	1809.1883 1205.6559 2023.3897 495.5612 997.2066 1396.83 1106.4941 322.2 682.3747 6280.6219 2216.3732;
	1795.6009 1216.529 2020.0186 506.3869 1046.0 1479.8587 1152.9612 365.0913 686.2116 6240.1764 2312.3768;
	1855.1526 1244.2994 2080.0842 538.6011 1052.3125 1513.7029 1166.2 373.0 721.2459 6251.293 2419.0798;
	1885.5775 1268.3056 2061.7006 526.8179 1045.94 1467.4136 1166.5051 370.9761 722.3876 6101.9205 2398.4036;
	1847.2439 1190.7498 1939.7656 512.7047 982.4202 1400.6108 1111.3824 338.0851 692.7 5867.1848 2208.841;
	1694.888 1078.4132 1788.3167 513.586 900.2344 1303.5583 1041.9135 299.9464 629.2413 5540.5216 1995.6937;
	1617.2537 994.0 1671.0698 479.383 873.4063 1221.7 993.9 269.685 579.7 5198.3536 1772.2623;
	1580.7485 921.4342 1602.6514 434.1754 828.6304 1113.0678 923.4695 259.2607 524.3477 4822.9798 1727.3778;
	1579.222 923.1616 1571.3689 507.3842 782.1413 1106.8055 873.6015 242.4902 509.8462 4613.9476 1644.4685;
];
