function windprofile = ex_wind_profilesh1
%EX_WIND_PROFILE_D  Example wind_load_nyiso profile data for deterministic unit commitment.
% 2022.03.12
% Andres F. Ramirez


%% define constants
[GEN_BUS, PG, QG, QMAX, QMIN, VG, MBASE, GEN_STATUS, PMAX, PMIN, ...
    MU_PMAX, MU_PMIN, MU_QMAX, MU_QMIN, PC1, PC2, QC1MIN, QC1MAX, ...
    QC2MIN, QC2MAX, RAMP_AGC, RAMP_10, RAMP_30, RAMP_Q, APF] = idx_gen;
[CT_LABEL, CT_PROB, CT_TABLE, CT_TBUS, CT_TGEN, CT_TBRCH, CT_TAREABUS, ...
    CT_TAREAGEN, CT_TAREABRCH, CT_ROW, CT_COL, CT_CHGTYPE, CT_REP, ...
    CT_REL, CT_ADD, CT_NEWVAL, CT_TLOAD, CT_TAREALOAD, CT_LOAD_ALL_PQ, ...
    CT_LOAD_FIX_PQ, CT_LOAD_DIS_PQ, CT_LOAD_ALL_P, CT_LOAD_FIX_P, ...
    CT_LOAD_DIS_P, CT_TGENCOST, CT_TAREAGENCOST, CT_MODCOST_F, ...
    CT_MODCOST_X] = idx_ct;

windprofile = struct( ...
    'type', 'mpcData', ...
    'table', CT_TGEN, ...
    'rows', [1:45], ...
    'col', PMAX, ...
    'chgtype', 1, ...
    'values', [] );
windprofile.values(:,1,:) = [
	0.8028 10.8471 54.0717 60.669 8.6098 1.1886 0.2154 7.4952 2.7993 20.6669 38.2024 56.9905 85.7989 3.6675 126.3727 47.6102 59.0719 62.5986 74.2006 66.8202 0.0718 2.7734 70.4808 71.1149 47.4407 46.5873 3.8211 133.6568 305.9842 305.9842 189.8854 36.2473 247.3355 171.9953 11.4982 130.5532 332.3366 70.6894 0.8706 127.0733 59.599 13.1856 8.9671 66.895 335.7985;
	0.5181 7.0008 56.7642 65.0251 7.8133 0.1398 0.0 11.0237 1.0267 13.2824 24.5523 36.6273 55.1421 4.0501 102.5974 38.653 47.9583 50.8215 64.9851 68.3513 0.0 0.3262 35.4562 77.0693 57.0119 53.7367 6.0659 28.4138 205.3635 205.3635 127.2225 20.1709 216.6169 175.9364 12.6978 87.6218 243.31 73.0499 0.0 152.7105 76.6535 1.5509 14.1209 94.3825 245.8445;
	0.4151 5.6093 64.7714 71.3933 7.5279 2.5573 0.2313 11.0257 3.6565 11.4171 21.1044 31.4836 47.3984 7.6831 75.0785 28.2854 35.0948 37.19 63.2131 68.4625 0.0771 5.9669 29.7156 78.3589 58.9397 58.7611 6.1471 0.0 7.0386 7.0386 0.1847 15.329 210.7103 176.2226 24.0876 3.0031 153.0829 0.4573 7.5507 157.8742 70.4409 28.3684 12.5275 112.0868 154.6775;
	0.5053 6.8282 70.2481 77.0349 9.494 0.096 0.002 12.4691 4.3164 17.0691 31.5519 47.0693 70.8625 6.6204 85.3878 32.1694 39.9138 42.2968 49.4529 68.4583 0.0007 0.2239 50.8413 79.7801 65.3178 64.7605 6.8389 3.4294 15.3989 15.3989 19.0665 16.7446 164.8431 176.2118 20.7557 6.5702 9.1383 5.2721 3.0417 174.9583 70.9754 1.0646 34.7432 155.766 9.2335;
	0.6581 8.8927 84.2795 80.5103 11.0233 3.6156 1.6536 13.8285 3.9397 17.5089 32.3649 48.282 72.6883 10.1567 109.9566 41.4255 51.3983 54.4669 56.6742 69.87 0.5512 8.4363 49.7591 81.96 82.3089 71.2579 8.7731 26.2911 25.4097 25.4097 12.0853 9.041 188.914 179.8455 31.8428 10.8415 15.1203 1.1787 13.2112 220.4702 69.9007 40.1085 34.462 170.3511 15.2778;
	0.5556 7.5078 81.7933 66.6357 10.4109 4.1257 0.2765 12.8509 0.4092 9.5745 17.6984 26.4025 39.7489 7.5551 130.2875 49.0851 60.9018 64.5378 80.1701 72.441 0.0922 9.6265 36.4616 77.3349 60.2593 71.1244 7.946 65.9972 25.6492 25.6492 29.72 11.3963 267.2335 186.4634 23.6864 10.9437 60.416 5.8537 5.9354 161.4088 56.9329 45.7673 26.6398 162.2792 61.0453;
	0.5211 7.0412 65.1158 44.7994 9.8227 2.9147 3.7683 9.6463 2.4208 8.0039 14.7951 22.0714 33.2284 23.2295 108.1909 40.7603 50.5729 53.5922 62.286 68.5668 1.2561 6.8009 25.206 56.4273 42.4502 69.6629 4.5873 159.8787 53.4516 53.4516 46.5566 18.8613 207.62 176.491 72.8276 22.806 157.3559 14.1268 57.5095 113.7059 32.966 32.3335 32.8291 166.082 158.9951;
	0.5037 6.8063 36.5972 29.44 4.4167 3.1701 4.5416 7.6576 2.3694 5.7554 10.6388 15.871 23.8937 0.8558 50.0158 18.8432 23.3795 24.7753 15.0894 44.6158 1.5139 7.397 13.5381 36.1337 36.4433 63.7575 4.645 193.5622 26.8039 26.8039 18.2656 7.0379 50.2979 114.8413 2.683 11.4363 100.7451 2.013 189.3516 97.6159 12.4807 35.1673 3.8789 116.5596 101.7946;
	0.5758 7.7798 29.3273 25.8221 4.4715 4.5901 3.8325 6.0516 1.7795 8.2003 15.1581 22.6129 34.0435 1.4698 3.3016 1.2439 1.5433 1.6354 0.0 15.3321 1.2775 10.7101 5.9992 35.0919 29.3863 57.2137 4.5285 8.6119 10.1055 10.1055 26.3576 13.209 0.0 39.4649 4.608 4.3117 33.2229 10.8608 148.9619 78.7132 10.7498 50.9191 7.3959 88.1845 33.569;
	0.6035 8.1542 32.1332 28.369 8.2058 1.23 0.0847 4.6954 0.6172 2.7156 5.0197 7.4884 11.2738 0.0116 0.4945 0.1863 0.2311 0.2449 0.0 9.1403 0.0282 2.8699 11.1786 37.2894 29.4444 51.6553 3.2834 27.8957 25.2143 25.2143 25.7016 11.7905 0.0 23.5271 0.0364 10.7581 13.759 45.3799 44.1439 78.8689 0.1742 13.6445 50.8271 102.7989 13.9023;
	0.8824 11.9231 44.7443 13.4049 12.0954 4.7445 0.0 3.8005 1.0646 3.5104 6.4889 9.6802 14.5735 0.4398 0.0 0.0 0.0 0.0 0.0823 2.8269 0.0 11.0705 27.7473 40.8205 44.1991 50.4808 1.3998 97.3122 63.5398 63.5398 42.1657 4.7049 0.2742 7.2763 1.3789 27.1103 78.8369 35.7546 29.5556 118.3905 0.4673 52.6323 50.1361 100.8243 79.6582;
	1.6883 22.8127 65.3534 17.2767 14.0217 6.895 0.0 7.561 0.5161 14.2606 26.3605 39.3247 59.2032 2.3301 0.0 0.0 0.0 0.0 2.8461 0.7648 0.0 16.0883 47.5574 55.3813 6.1521 49.1568 4.5776 174.4598 91.459 91.459 7.0348 4.2726 9.4871 1.9686 7.3052 39.0225 123.7358 16.574 6.5961 16.4789 0.834 76.4884 16.4162 138.0999 125.0247;
	2.134 28.8356 83.9698 29.9321 13.922 1.4826 0.0 7.9533 0.0 24.3379 44.9882 67.1136 101.0392 0.0124 0.0 0.0 0.0 0.0 0.2849 0.7066 0.0 3.4595 28.057 66.4454 68.4491 54.3532 1.5229 248.0982 168.2872 168.2872 50.5853 2.6482 0.9498 1.8188 0.0388 71.8025 199.3712 37.34 0.2187 183.3458 4.9189 16.4474 110.3737 173.565 201.448;
	1.7676 23.8845 9.2104 13.9613 14.4294 17.3413 0.3263 0.9631 0.0 7.7706 14.3638 21.4279 32.2596 4.2843 0.0 0.0 0.0 0.0 1.1457 4.8119 0.1088 40.463 45.168 2.7429 0.9567 31.5448 0.8235 211.7579 211.257 211.257 101.5313 4.2876 3.8189 12.3858 13.4317 90.1363 207.922 45.481 3.2234 2.5625 0.8302 192.3725 83.0241 130.2187 210.0879;
	2.1337 28.8305 0.6198 1.298 9.6345 0.0028 0.6349 1.9306 0.0 0.7977 1.4745 2.1996 3.3115 0.0069 0.0 0.0 0.0 0.0 0.0 0.0 0.2116 0.0065 4.5902 0.7035 0.4309 0.2019 3.0453 291.8191 257.765 257.765 99.9507 4.8162 0.0 0.0 0.0215 109.9797 261.0735 17.917 0.111 1.1542 5.7156 0.0308 80.9094 92.9804 263.793;
	3.0857 41.6943 82.6237 3.726 14.2335 0.3134 3.7808 1.6196 0.0 0.4491 0.8302 1.2385 1.8646 1.1954 0.0 0.0 0.0 0.0 0.0 0.323 1.2603 0.7313 39.836 2.5218 6.8138 1.0493 5.08 427.4513 276.5096 276.5096 180.7301 10.3036 0.0 0.8314 3.7478 117.9774 318.6569 39.9204 64.1445 18.2514 10.8621 3.4767 3.901 170.1007 321.9763;
	3.3298 44.9936 8.8915 0.4132 14.6835 0.0 3.4382 0.6951 0.0 3.371 6.2312 9.2957 13.9947 0.0255 1.0533 0.3968 0.4924 0.5217 0.3638 2.2424 1.1461 0.0 0.8691 3.1023 5.0935 0.5706 2.205 399.6533 368.9826 368.9826 178.9305 24.2434 1.2126 5.772 0.0801 157.4326 456.0215 73.1183 49.4221 13.6434 30.9162 0.0 126.1511 211.9379 460.7717;
	2.5103 33.9203 0.4785 0.0 14.1721 13.368 3.6027 0.5042 0.0 6.4107 11.8502 17.6781 26.6143 1.7847 0.0658 0.0248 0.0307 0.0326 1.0566 4.0049 1.2009 31.192 14.2541 0.506 1.6812 0.0063 0.4328 582.071 485.9107 485.9107 323.6785 35.1765 3.5219 10.3086 5.5951 207.3219 565.8112 91.7844 68.1214 4.5032 4.2166 148.2955 109.4308 195.0426 571.705;
	2.9856 40.3421 86.1053 0.7415 14.8387 24.7116 2.6495 5.109 3.2096 8.8706 16.3972 24.4613 36.8264 7.1368 0.5459 0.2057 0.2552 0.2704 0.1071 43.2038 0.8832 57.6604 29.1358 6.4009 11.5057 62.739 1.6991 789.5597 450.0956 450.0956 346.6054 39.3358 0.3569 111.2068 22.3748 192.0408 608.3658 70.8911 57.2085 30.8189 1.1611 274.1339 107.9077 203.4031 614.7029;
	2.91 39.3207 4.0787 0.2341 14.1604 0.3716 19.0858 0.0744 26.7637 21.4957 39.7344 59.276 89.2396 4.9698 1.8731 0.7057 0.8756 0.9278 0.1548 21.7981 6.3619 0.8671 53.6757 1.2448 0.9805 48.0584 0.0134 740.9451 432.8169 432.8169 320.4804 42.3268 0.5161 56.1083 15.5811 184.6686 549.6268 69.5934 58.0563 2.6265 0.8549 4.1222 108.6612 170.2373 555.3521;
