function loadprofile = ex_load_profilesh1
%EX_LOAD_PROFILE  Example load profile data file for stochastic unit commitment.
% 2022.03.12
% Andres F. Ramirez

%% define constants
[CT_LABEL, CT_PROB, CT_TABLE, CT_TBUS, CT_TGEN, CT_TBRCH, CT_TAREABUS, ...
    CT_TAREAGEN, CT_TAREABRCH, CT_ROW, CT_COL, CT_CHGTYPE, CT_REP, ...
    CT_REL, CT_ADD, CT_NEWVAL, CT_TLOAD, CT_TAREALOAD, CT_LOAD_ALL_PQ, ...
    CT_LOAD_FIX_PQ, CT_LOAD_DIS_PQ, CT_LOAD_ALL_P, CT_LOAD_FIX_P, ...
    CT_LOAD_DIS_P, CT_TGENCOST, CT_TAREAGENCOST, CT_MODCOST_F, ...
    CT_MODCOST_X] = idx_ct;

loadprofile = struct( ...
    'type', 'mpcData', ...
    'table', CT_TAREALOAD, ...
    'rows', [1:11], ...
    'col', CT_LOAD_ALL_P, ...
    'chgtype', 1, ...
    'values', [] );
loadprofile.values(:,1,:) = [
	1533.2 975.5 1664.1 567.7318 838.4 1190.6 901.8851 254.6 469.7305 4720.5783 1775.5477;
	1539.6 966.2297 1667.4904 575.1 867.1743 1187.6167 903.5628 258.3816 480.552 4657.7056 1752.7072;
	1578.4375 1004.4678 1709.4986 607.6306 884.5295 1244.7169 933.9294 273.577 509.464 4725.5755 1820.359;
	1596.4395 1051.7071 1770.7154 600.1 925.1421 1294.9763 975.7 291.7902 523.0292 4910.9428 1935.8022;
	1720.6085 1150.9128 1960.0639 641.5338 1047.1338 1446.8319 1094.1696 342.0 604.7569 5462.2138 2200.6008;
	1774.6048 1198.343 2026.2999 622.7188 1109.4349 1516.4 1122.8987 352.6881 644.5368 5933.3563 2280.878;
	1814.6545 1228.2955 2038.9316 587.0102 1113.5788 1490.5097 1160.8552 361.0749 684.6789 6320.4872 2305.4303;
	1817.7609 1220.5355 1989.3844 576.9263 1092.7 1419.5 1140.7293 357.3942 675.871 6419.0308 2168.5188;
	1807.3176 1233.7 1961.333 581.449 1055.6 1363.3462 1132.9 353.5532 668.4342 6405.3633 2107.8136;
	1845.8 1216.8367 1921.0672 567.6159 1029.2652 1329.3016 1142.2812 357.4 672.8751 6389.955 2073.1204;
	1812.3729 1192.8615 1864.027 568.4 1013.8173 1272.2379 1130.2377 327.722 658.2373 6439.1414 2056.1529;
	1817.6452 1191.97 1885.4192 585.1081 1003.1145 1353.1474 1143.6524 331.2336 687.0647 6402.9307 2031.2319;
	1779.2804 1184.6753 1833.5559 585.4513 1019.2662 1357.3375 1161.9705 327.3059 678.3209 6450.3457 2059.8444;
	1778.2051 1177.3 1777.065 577.3613 978.754 1381.7619 1115.3111 335.8219 668.6559 6445.0612 2028.4953;
	1730.2682 1196.5355 1774.7017 580.5 1005.3663 1373.1447 1072.9207 320.8 667.1786 6423.895 2064.6895;
	1773.5721 1205.8573 1804.6304 593.8821 995.2 1384.6602 1084.4 331.6 668.753 6470.5797 2069.0543;
	1777.6214 1212.0999 1835.7553 592.1862 1012.8267 1393.3354 1129.5 344.5997 694.6 6427.0193 2303.2188;
	1809.2631 1250.2223 1901.8764 608.1197 1056.3988 1448.9662 1177.0904 355.3102 718.2035 6394.2236 2440.9976;
	1853.0073 1239.0181 1883.9645 583.0 1065.2 1481.0271 1177.5532 364.6978 706.8107 6322.4785 2463.5815;
	1822.8141 1162.3602 1818.9454 584.5681 1016.2 1417.9735 1146.1 359.4 672.7122 6087.9675 2376.7032;
	1757.9 1072.4428 1720.8994 550.4 932.3013 1285.1189 1051.678 314.1148 613.4665 5657.5287 2220.1754;
	1636.958 991.5286 1604.3065 545.0 876.0444 1196.4881 972.6 285.5091 573.0 5300.345 2034.6138;
	1526.5 941.4566 1560.4998 532.5 854.4285 1147.4927 898.3921 277.2 531.3076 4996.9018 2127.8486;
	1512.2 950.2672 1593.3772 529.6919 841.9324 1137.7007 888.4092 257.3475 483.1077 4777.0144 1895.9172;
];
