function loadprofile = ex_load_profilesh1
%EX_LOAD_PROFILE  Example load profile data file for stochastic unit commitment.
% 2022.03.12
% Andres F. Ramirez

%% define constants
[CT_LABEL, CT_PROB, CT_TABLE, CT_TBUS, CT_TGEN, CT_TBRCH, CT_TAREABUS, ...
    CT_TAREAGEN, CT_TAREABRCH, CT_ROW, CT_COL, CT_CHGTYPE, CT_REP, ...
    CT_REL, CT_ADD, CT_NEWVAL, CT_TLOAD, CT_TAREALOAD, CT_LOAD_ALL_PQ, ...
    CT_LOAD_FIX_PQ, CT_LOAD_DIS_PQ, CT_LOAD_ALL_P, CT_LOAD_FIX_P, ...
    CT_LOAD_DIS_P, CT_TGENCOST, CT_TAREAGENCOST, CT_MODCOST_F, ...
    CT_MODCOST_X] = idx_ct;

loadprofile = struct( ...
    'type', 'mpcData', ...
    'table', CT_TAREALOAD, ...
    'rows', [1:11], ...
    'col', CT_LOAD_ALL_P, ...
    'chgtype', 1, ...
    'values', [] );
loadprofile.values(:,1,:) = [
	1579.9 1005.609 1692.1209 582.9992 829.3602 1159.9801 920.103 269.4 571.6632 4860.8563 1827.9773;
	1561.5021 1005.8425 1701.7476 572.4866 837.3932 1167.1085 922.7433 258.3492 566.3861 4743.3 1811.6274;
	1598.2776 1029.4322 1733.8994 580.1876 846.2689 1190.9703 932.8884 262.9343 579.1447 4818.5656 1860.2499;
	1680.437 1114.425 1841.0203 591.0132 913.5995 1282.018 996.2272 288.3 616.0918 4955.4478 1970.7951;
	1801.0005 1214.7829 2013.9 588.6 1009.4079 1420.0168 1085.7795 327.3216 683.5417 5557.3431 2197.4887;
	1879.2046 1295.224 2143.2782 607.4574 1036.5613 1495.6879 1136.0757 345.3 732.0 5994.2881 2301.6579;
	1835.2856 1267.7053 2115.2365 608.8115 1036.7701 1504.211 1154.2 348.5415 721.4241 6262.7653 2284.8;
	1880.8742 1258.9 2085.017 603.1532 1013.4 1462.4389 1131.83 320.0451 703.4 6320.7 2252.3689;
	1897.947 1242.1214 2093.6708 591.5116 985.6321 1434.1055 1133.5783 314.8611 707.2 6333.446 2206.6583;
	1891.1294 1247.2 2110.2061 601.6 1034.365 1420.4389 1169.7639 337.0353 680.38 6377.9912 2296.6858;
	1896.7469 1226.3931 2021.3914 571.4566 1025.6312 1386.006 1143.7488 319.449 669.3352 6459.6728 2307.4233;
	1846.0612 1204.8541 2015.6085 577.2875 1018.6 1370.3866 1156.7186 322.1108 663.5438 6389.4939 2202.2614;
	1822.5337 1193.3012 1983.1598 581.1955 1006.346 1362.2122 1161.6542 325.9614 660.5776 6373.8948 2278.0947;
	1801.7537 1158.6848 1910.6404 584.449 982.7605 1364.6977 1162.205 312.3928 652.8894 6430.8492 2227.336;
	1774.8 1177.6373 1939.9302 572.0 1004.0905 1399.8172 1113.0423 315.671 656.5326 6458.5868 2282.5239;
	1851.944 1183.8 1943.841 573.4 1032.1077 1433.8482 1139.9618 325.1008 673.6502 6425.4652 2320.7;
	1837.9862 1200.0223 1983.7179 586.9018 1027.632 1444.9408 1182.9772 334.276 698.3625 6253.6576 2438.5453;
	1845.3966 1253.7 2078.0263 594.3 1071.2709 1531.7696 1270.6714 349.7 741.5 6271.4976 2532.8542;
	1849.4421 1230.3501 2027.2267 583.104 1045.2 1481.7 1212.1794 367.3851 729.7369 6211.0 2504.1453;
	1799.9768 1164.0306 1939.9725 574.9387 973.4021 1377.6243 1133.3284 322.2441 675.5125 5898.8236 2308.925;
	1721.0513 1087.5115 1788.8357 546.3931 924.6954 1289.0088 1092.1662 308.7426 633.551 5702.4133 2170.2112;
	1623.4 1018.2055 1662.629 534.7695 845.8851 1197.2 1010.9896 291.2503 595.9982 5267.7 2014.8319;
	1533.9494 968.9 1558.1075 530.7359 802.0464 1115.9937 915.1148 257.7204 543.8 4919.2112 1833.1006;
	1539.0426 964.4434 1547.5465 540.0366 776.3256 1077.0 852.7883 248.1 492.2612 4696.8288 1720.4638;
];
