function solarprofile = ex_solar_profilesh1
%EX_WIND_PROFILE_D  Example wind_load_nyiso profile data for deterministic unit commitment.
% 2022.03.12
% Andres F. Ramirez


%% define constants
[GEN_BUS, PG, QG, QMAX, QMIN, VG, MBASE, GEN_STATUS, PMAX, PMIN, ...
    MU_PMAX, MU_PMIN, MU_QMAX, MU_QMIN, PC1, PC2, QC1MIN, QC1MAX, ...
    QC2MIN, QC2MAX, RAMP_AGC, RAMP_10, RAMP_30, RAMP_Q, APF] = idx_gen;
[CT_LABEL, CT_PROB, CT_TABLE, CT_TBUS, CT_TGEN, CT_TBRCH, CT_TAREABUS, ...
    CT_TAREAGEN, CT_TAREABRCH, CT_ROW, CT_COL, CT_CHGTYPE, CT_REP, ...
    CT_REL, CT_ADD, CT_NEWVAL, CT_TLOAD, CT_TAREALOAD, CT_LOAD_ALL_PQ, ...
    CT_LOAD_FIX_PQ, CT_LOAD_DIS_PQ, CT_LOAD_ALL_P, CT_LOAD_FIX_P, ...
    CT_LOAD_DIS_P, CT_TGENCOST, CT_TAREAGENCOST, CT_MODCOST_F, ...
    CT_MODCOST_X] = idx_ct;

solarprofile = struct( ...
    'type', 'mpcData', ...
    'table', CT_TGEN, ...
    'rows', [1:12], ...
    'col', PMAX, ...
    'chgtype', 1, ...
    'values', [] );
solarprofile.values(:,1,:) = [
	0.0 0.0 0.0 0.0 0.0 0.0 0.0 0.0 0.0 0.0 0.0 0.0;
	0.0 0.0 0.0 0.0 0.0 0.0 0.0 0.0 0.0 0.0 0.0 0.0;
	0.0 0.0 0.0 0.0 0.0 0.0 0.0 0.0 0.0 0.0 0.0 0.0;
	0.0 0.0 0.0 0.0 0.0 0.0 0.0 0.0 0.0 0.0 0.0 0.0;
	0.0 0.0 0.0 0.0 0.0 0.0 0.0 0.0 0.0 0.0 0.0 0.0;
	0.4731 0.4018 0.4224 0.0 0.0 0.0 0.0 0.2 0.0 0.0 0.0 0.0;
	8.0029 6.8791 3.7872 3.7336 1.3778 146.4538 18.3067 16.7538 37.7099 101.6162 41.61 184.0275;
	17.5461 14.2365 11.1638 7.0565 3.8616 316.7687 39.5961 33.7477 67.6776 97.4518 25.4589 176.4859;
	22.6391 16.6083 13.8 9.4905 6.289 291.4978 36.4372 55.1884 116.636 104.5671 33.7966 189.3716;
	24.4609 16.1547 13.6408 8.8969 4.4854 77.2233 9.6529 59.777 182.6321 223.1618 55.7542 404.1473;
	25.6887 16.4607 13.7627 9.4211 4.236 115.0954 14.3869 58.8025 211.2723 279.5284 97.8409 506.2276;
	25.7605 16.4917 13.7723 9.7028 4.1084 230.0344 28.7543 54.9659 217.2085 283.2394 137.5787 512.9483;
	15.7413 10.6187 9.346 9.7432 4.9236 167.5746 20.9468 15.0565 117.3711 285.2762 191.8949 516.6369;
	12.6457 7.458 6.9478 7.9978 5.0382 155.3603 19.42 21.1887 104.6988 247.084 148.229 447.4707;
	8.4384 5.9829 5.0145 5.4762 4.6711 128.7779 16.0972 25.3823 97.2461 154.8926 89.5132 280.5115;
	3.4532 2.4384 2.3708 1.4884 0.8136 34.3323 4.2915 17.6717 60.0484 14.7908 9.6328 26.7863;
	0.7192 0.5744 0.6005 0.4208 0.2073 11.6065 1.4508 1.4538 8.2535 2.5164 3.258 4.5573;
	0.0 0.0 0.0 0.0 0.0 0.0 0.0 0.0 0.0 0.0 0.0 0.0;
	0.0 0.0 0.0 0.0 0.0 0.0 0.0 0.0 0.0 0.0 0.0 0.0;
	0.0 0.0 0.0 0.0 0.0 0.0 0.0 0.0 0.0 0.0 0.0 0.0;
	0.0 0.0 0.0 0.0 0.0 0.0 0.0 0.0 0.0 0.0 0.0 0.0;
	0.0 0.0 0.0 0.0 0.0 0.0 0.0 0.0 0.0 0.0 0.0 0.0;
	0.0 0.0 0.0 0.0 0.0 0.0 0.0 0.0 0.0 0.0 0.0 0.0;
	0.0 0.0 0.0 0.0 0.0 0.0 0.0 0.0 0.0 0.0 0.0 0.0;
];
