function windprofile = ex_wind_profilesh1
%EX_WIND_PROFILE_D  Example wind_load_nyiso profile data for deterministic unit commitment.
% 2022.03.12
% Andres F. Ramirez


%% define constants
[GEN_BUS, PG, QG, QMAX, QMIN, VG, MBASE, GEN_STATUS, PMAX, PMIN, ...
    MU_PMAX, MU_PMIN, MU_QMAX, MU_QMIN, PC1, PC2, QC1MIN, QC1MAX, ...
    QC2MIN, QC2MAX, RAMP_AGC, RAMP_10, RAMP_30, RAMP_Q, APF] = idx_gen;
[CT_LABEL, CT_PROB, CT_TABLE, CT_TBUS, CT_TGEN, CT_TBRCH, CT_TAREABUS, ...
    CT_TAREAGEN, CT_TAREABRCH, CT_ROW, CT_COL, CT_CHGTYPE, CT_REP, ...
    CT_REL, CT_ADD, CT_NEWVAL, CT_TLOAD, CT_TAREALOAD, CT_LOAD_ALL_PQ, ...
    CT_LOAD_FIX_PQ, CT_LOAD_DIS_PQ, CT_LOAD_ALL_P, CT_LOAD_FIX_P, ...
    CT_LOAD_DIS_P, CT_TGENCOST, CT_TAREAGENCOST, CT_MODCOST_F, ...
    CT_MODCOST_X] = idx_ct;

windprofile = struct( ...
    'type', 'mpcData', ...
    'table', CT_TGEN, ...
    'rows', [1:45], ...
    'col', PMAX, ...
    'chgtype', 1, ...
    'values', [] );
windprofile.values(:,1,:) = [
	0.7413 10.0162 56.1411 71.4603 8.2669 18.0231 0.1495 8.2583 0.0 17.9777 33.2314 49.5748 74.6346 0.0025 129.6494 48.8447 60.6036 64.2217 78.2551 67.3417 0.0498 42.0538 44.7677 69.9989 47.4718 48.0031 4.3325 182.134 319.4866 319.4866 249.3096 46.1427 260.8504 173.3377 0.0078 136.3143 408.8694 94.1135 25.2191 127.1565 53.0301 199.9357 35.5955 74.0608 413.1285;
	0.5273 7.1244 54.6758 72.263 7.3095 15.9814 2.1995 10.5785 0.5105 11.5662 21.3799 31.8946 48.0171 5.257 127.3541 47.9799 59.5306 63.0847 77.5388 70.1749 0.7332 37.2898 12.0334 72.9799 52.1959 49.7326 6.1 69.394 229.4221 229.4221 174.5411 32.8123 258.4626 180.6304 16.4815 97.8867 311.9973 99.2086 58.0085 139.8104 72.9928 177.2865 28.2563 93.8654 315.2473;
	0.3722 5.0295 60.3664 72.4282 6.3003 19.3546 0.3567 10.9104 0.2849 9.3604 17.3025 25.812 38.8598 0.0634 85.4524 32.1937 39.944 42.3287 65.4375 67.5412 0.1189 45.1608 0.0 77.4616 53.1781 52.8048 6.215 0.0 15.2779 15.2779 145.1302 17.477 218.125 173.8513 0.1987 6.5186 162.191 9.4284 8.9728 142.4413 59.8806 214.7073 20.0204 103.1453 163.8805;
	0.4479 6.0517 69.8087 79.0352 8.6844 3.9389 1.3729 13.7973 0.0027 15.7059 29.0321 43.3102 65.2033 0.8439 99.4173 37.4549 46.4718 49.2463 48.9912 69.7954 0.4576 9.1908 25.849 82.8724 62.709 67.1204 7.7032 2.2634 20.4034 20.4034 272.2083 22.022 163.304 179.6536 2.6457 8.7054 19.926 33.9518 12.4817 167.9706 63.2952 43.6959 24.783 139.9021 20.1335;
	0.5445 7.3572 80.236 79.3031 9.3429 10.2959 1.7083 14.7274 1.1882 16.3056 30.1407 44.9639 67.6929 0.26 131.2538 49.4491 61.3535 65.0164 55.986 68.7284 0.5694 24.0237 40.7517 79.9914 75.7135 71.6188 8.8754 20.7764 47.1046 47.1046 362.053 10.95 186.6201 176.9071 0.8152 20.098 48.3606 23.849 42.4341 202.8041 63.2989 114.2157 73.399 153.9085 48.8643;
	0.5404 7.3025 76.5815 62.9441 9.6429 4.7279 1.3445 12.2672 1.9016 9.2368 17.074 25.4711 38.3466 2.7367 155.9499 58.7532 72.8975 77.2496 80.4398 69.064 0.4482 11.0317 27.4361 77.2433 54.9404 69.6718 7.7363 19.0876 22.8891 22.8891 317.1348 11.8919 268.1328 177.7709 8.5798 9.766 10.7279 19.5136 1.9847 147.1617 48.5168 52.4479 26.4855 147.2239 10.8397;
	0.4948 6.686 55.495 39.1332 8.7629 2.8054 3.868 7.6136 2.1764 6.6746 12.3378 18.4056 27.7096 6.784 123.2854 46.4471 57.6288 61.0693 59.8215 68.027 1.2893 6.546 0.0568 52.1563 31.0561 60.1719 3.9822 27.1498 38.8774 38.8774 404.3687 19.1819 199.405 175.1017 21.2688 16.5877 13.3543 33.1839 0.0 83.186 16.6034 31.1216 29.8725 138.9001 13.4934;
	0.55 7.4318 32.3053 26.4829 3.3696 2.5725 4.7 5.4365 3.325 4.6135 8.5281 12.7222 19.1532 5.7809 64.1606 24.1721 29.9914 31.7819 14.6884 43.6272 1.5667 6.0026 5.9381 29.0899 25.9504 51.1086 3.099 9.9738 20.7144 20.7144 226.9537 18.9929 48.9615 112.2964 18.124 8.8382 22.2746 48.9829 1.2791 69.51 7.6604 28.538 0.5362 106.4254 22.5066;
	0.6917 9.3459 28.1478 25.151 3.637 1.6271 3.288 5.1242 6.2122 0.0618 0.1142 0.1703 0.2564 9.5639 18.493 6.9671 8.6444 9.1605 0.0 16.997 1.096 3.7965 1.1864 32.0713 21.7473 48.027 3.5923 4.2043 30.2084 30.2084 132.7181 19.7189 0.0 43.7503 29.9842 12.8889 21.7651 43.3077 14.1922 58.2517 0.962 18.0496 11.3975 80.9289 21.9918;
	0.6191 8.3657 30.6242 25.1347 6.5944 0.0176 4.9178 4.4866 2.1233 0.174 0.3217 0.4799 0.7225 11.1605 11.9323 4.4954 5.5777 5.9107 0.0 13.4182 1.6393 0.041 7.9629 30.4903 26.9224 45.4169 2.9288 24.5046 41.1347 41.1347 245.7841 4.7111 0.0 34.5385 34.9897 17.5508 6.631 19.3227 39.4514 72.1135 0.018 0.1951 45.8422 93.3443 6.7001;
	0.9263 12.5165 46.6902 10.0177 11.2361 0.8346 5.0091 3.3885 5.7114 1.0687 1.9754 2.9469 4.4366 25.2593 49.7304 18.7357 23.2461 24.6339 0.0093 12.1911 1.6697 1.9474 26.4615 40.5498 44.7131 52.2237 1.2824 67.2888 82.0358 82.0358 510.6417 35.0 0.0311 31.3798 79.1913 35.0019 69.5865 56.3524 17.5276 119.7672 4.3979 9.2583 5.5415 105.4116 70.3114;
	1.8162 24.5408 65.5518 10.3204 13.4746 7.8885 23.2688 0.0136 7.6307 1.6808 3.1069 4.6349 6.9777 13.9862 6.4561 2.4323 3.0179 3.198 0.0009 8.6833 7.7563 18.4064 46.1064 52.0511 0.7189 41.3765 0.0247 156.2125 125.0696 125.0696 292.8847 9.9343 0.0031 22.3508 43.8486 53.363 138.4514 40.0018 116.4234 1.9256 8.6875 87.5093 24.3817 133.1536 139.8936;
	2.4357 32.9117 84.0938 4.1903 14.3447 5.9025 21.3423 0.015 7.2917 23.4246 43.3001 64.5952 97.2478 5.6348 0.0146 0.0055 0.0068 0.0072 0.3668 8.2852 7.1141 13.7725 28.5213 58.4274 60.2925 51.3379 0.0886 211.8736 187.9056 187.9056 353.6413 10.4825 1.2225 21.326 17.6657 80.173 178.5041 21.5297 225.7003 161.4978 0.2605 65.4783 112.7862 176.1081 180.3635;
	1.8974 25.6387 16.2984 1.2106 14.1893 19.4187 4.4876 0.0932 1.0558 0.0344 0.0636 0.0948 0.1427 0.0 0.0 0.0 0.0 0.0 0.0586 7.3812 1.4959 45.3103 39.9834 0.2674 0.0131 32.5387 1.1429 150.4197 217.3879 217.3879 112.3012 5.4988 0.1954 18.9993 0.0 92.7522 186.329 11.9888 30.6497 0.0351 0.0 215.4183 76.5168 144.4514 188.2699;
	2.1685 29.3008 10.9714 0.9519 9.8418 2.3978 0.3497 0.2163 0.0404 0.0676 0.125 0.1864 0.2806 0.0 0.0 0.0 0.0 0.0 0.0 0.0174 0.1166 5.595 19.5436 1.3098 0.2503 0.7659 0.799 231.1545 269.1653 269.1653 104.1675 6.4695 0.0 0.0449 0.0 114.8439 250.0686 11.5542 50.2692 0.6704 0.4366 26.6001 80.4366 112.8187 252.6734;
	3.155 42.6311 85.9884 20.301 14.0425 2.0331 0.0 3.0936 0.0 0.9919 1.8336 2.7353 4.118 0.0 0.0161 0.0061 0.0075 0.008 0.4467 0.5523 0.0 4.7438 42.0508 10.7202 21.8448 11.7392 2.483 367.5173 291.2267 291.2267 187.7698 13.7501 1.4891 1.4216 0.0 124.2567 301.254 42.02 1.4327 58.5128 5.1953 22.5534 3.3697 192.7371 304.3921;
	3.5176 47.5307 20.4503 32.516 15.1105 1.0213 6.6316 8.2382 1.5357 7.884 14.5734 21.7407 32.7305 0.6844 9.048 3.4088 4.2294 4.4819 33.4339 3.2313 2.2105 2.3831 13.6282 65.5464 31.2593 20.0054 3.7366 337.2761 392.0021 392.0021 192.6391 27.3306 111.4464 8.3174 2.1456 167.2542 442.0754 69.3729 119.2233 83.7303 26.9576 11.33 140.2171 236.9398 446.6803;
	2.7905 37.7056 11.0876 3.3052 15.0599 18.8217 10.985 0.3376 2.0339 3.0429 5.6248 8.391 12.6327 0.0171 5.147 1.9391 2.4059 2.5496 8.534 11.5103 3.6617 43.9172 12.794 5.4992 0.1318 5.8357 0.1372 481.5324 498.0448 498.0448 341.5127 39.7016 28.4466 29.6275 0.0536 212.4991 522.4369 91.9791 160.4636 0.3529 5.5718 208.7949 117.558 228.7492 527.879;
	2.7463 37.109 82.8228 0.1164 14.8686 23.2016 6.763 0.525 0.6324 7.2557 13.4121 20.0083 30.1223 2.7906 27.9721 10.5383 13.0753 13.8559 11.1476 42.9758 2.2543 54.1372 26.1839 0.3703 0.1128 59.1832 0.169 682.2694 432.085 432.085 366.6889 52.8782 37.1585 110.6199 8.7488 184.3563 553.2434 73.3024 228.4458 0.3021 3.946 257.3836 108.9774 204.0102 559.0064;
	2.6478 35.7782 0.5803 0.0 14.5649 0.0118 19.2645 0.1144 24.6244 19.4727 35.9951 53.6975 80.8413 3.4786 29.6884 11.1849 13.8776 14.7061 2.5543 22.8371 6.4215 0.0275 55.1107 0.0343 0.0 49.7888 0.3267 629.1072 403.2594 403.2594 339.4459 52.0831 8.5143 58.7828 10.9059 172.0574 491.2385 73.9776 218.2236 0.0 0.1617 0.1309 109.3101 170.3159 496.3556;
