function windprofile = ex_wind_profilesh1
%EX_WIND_PROFILE_D  Example wind_load_nyiso profile data for deterministic unit commitment.
% 2022.03.12
% Andres F. Ramirez


%% define constants
[GEN_BUS, PG, QG, QMAX, QMIN, VG, MBASE, GEN_STATUS, PMAX, PMIN, ...
    MU_PMAX, MU_PMIN, MU_QMAX, MU_QMIN, PC1, PC2, QC1MIN, QC1MAX, ...
    QC2MIN, QC2MAX, RAMP_AGC, RAMP_10, RAMP_30, RAMP_Q, APF] = idx_gen;
[CT_LABEL, CT_PROB, CT_TABLE, CT_TBUS, CT_TGEN, CT_TBRCH, CT_TAREABUS, ...
    CT_TAREAGEN, CT_TAREABRCH, CT_ROW, CT_COL, CT_CHGTYPE, CT_REP, ...
    CT_REL, CT_ADD, CT_NEWVAL, CT_TLOAD, CT_TAREALOAD, CT_LOAD_ALL_PQ, ...
    CT_LOAD_FIX_PQ, CT_LOAD_DIS_PQ, CT_LOAD_ALL_P, CT_LOAD_FIX_P, ...
    CT_LOAD_DIS_P, CT_TGENCOST, CT_TAREAGENCOST, CT_MODCOST_F, ...
    CT_MODCOST_X] = idx_ct;

windprofile = struct( ...
    'type', 'mpcData', ...
    'table', CT_TGEN, ...
    'rows', [1:45], ...
    'col', PMAX, ...
    'chgtype', 1, ...
    'values', [] );
windprofile.values(:,1,:) = [
	0.6871 9.2847 48.8146 53.6251 6.9806 0.4732 0.7568 6.2765 0.5115 9.8042 18.1229 27.0358 40.7022 8.082 148.343 55.8874 69.3417 73.4815 74.1974 67.6664 0.2523 1.1042 66.0817 69.9358 48.0482 45.4699 3.1563 192.5414 319.1089 319.1089 237.1372 48.8341 247.3248 174.1735 25.3381 136.1531 415.4414 102.5909 28.3203 128.7006 62.5466 5.2495 0.0007 30.0961 419.7689;
	0.5436 7.3447 46.7983 58.79 6.4007 0.4569 3.7268 8.9295 5.3061 10.3987 19.2219 28.6752 43.1704 17.571 122.2881 46.0713 57.1626 60.5753 68.6986 67.5333 1.2423 1.0661 36.183 71.1144 51.8997 47.156 5.6883 73.1624 205.3198 205.3198 152.6502 30.3692 228.9952 173.8309 55.0875 87.6031 306.3799 100.7003 123.0577 139.017 79.8665 5.0684 0.7372 74.7102 309.5714;
	0.3145 4.2501 52.4779 61.5866 5.0952 0.5067 0.9451 7.5091 1.1853 8.1173 15.0047 22.384 33.699 3.712 78.4058 29.5389 36.6502 38.8382 65.4141 62.5678 0.315 1.1823 23.8486 70.0521 51.1076 44.2166 5.1524 2.2732 3.938 3.938 20.2364 17.5478 218.0469 161.0497 11.6377 1.6802 166.3652 83.0023 10.7207 136.8954 64.3335 5.6208 1.225 73.5174 168.0981;
	0.4601 6.2168 62.6042 74.5276 7.1806 2.1867 0.5388 12.8168 4.604 13.995 25.8695 38.5923 58.1005 5.03 84.6698 31.8988 39.5782 41.9411 48.8342 63.8025 0.1796 5.1022 46.0147 81.1855 61.6073 55.8273 7.3499 27.9396 7.237 7.237 35.2953 22.1654 162.7805 164.2278 15.7698 3.0878 31.734 133.5517 3.2027 165.0196 63.1847 24.2575 2.0756 104.9485 32.0645;
	0.5273 7.1254 75.0452 72.0418 9.343 9.4566 1.3594 11.5112 16.8081 16.1113 29.7814 44.428 66.8861 2.4361 114.7979 43.2495 53.6614 56.865 59.5028 64.1506 0.4531 22.0653 46.8831 80.5434 71.0679 58.7904 7.8054 38.7275 0.032 0.032 7.8267 11.1469 198.3427 165.1237 7.6375 0.0137 13.0052 58.303 3.2818 190.3605 57.736 104.905 30.8902 121.2914 13.1406;
	0.4839 6.539 76.0703 60.3182 9.4893 4.6614 0.6237 11.2763 7.643 9.3148 17.2183 25.6864 38.6707 2.151 139.9622 52.7299 65.4242 69.3301 84.3268 64.2196 0.2079 10.8766 33.4328 78.83 55.923 63.9941 7.6655 25.2539 0.0 0.0 3.5601 9.9808 281.0893 165.3015 6.7436 0.0 0.7302 20.9957 0.0 149.7938 46.4321 51.7103 24.9617 128.0772 0.7378;
	0.4273 5.7741 55.7669 32.8688 9.083 2.7936 3.5155 3.921 5.9678 7.238 13.3794 19.9594 30.0488 0.844 114.0047 42.9506 53.2906 56.4721 69.6748 63.473 1.1718 6.5183 23.6427 54.1236 27.4661 58.9314 3.358 39.0323 2.3318 2.3318 7.5512 0.5662 232.2493 163.3798 2.646 0.9949 0.956 14.7845 0.0 73.5698 25.7084 30.9899 28.9544 134.3867 0.966;
	0.4322 5.8396 30.6646 6.3752 3.3956 2.7672 4.3587 0.1311 5.905 4.7357 8.7539 13.059 19.6603 6.8855 63.6784 23.9905 29.766 31.543 22.0366 34.8064 1.4529 6.4569 11.585 32.9483 7.7792 59.7412 2.1237 35.5592 0.0 0.0 0.9596 0.6943 73.4553 89.5917 21.5868 0.0 5.483 2.3658 0.1547 20.837 8.2213 30.6978 0.409 105.327 5.5401;
	0.5106 6.8992 22.9218 13.1954 3.1499 1.71 0.1924 4.4141 13.7171 5.2877 9.7742 14.5812 21.9519 2.4364 18.4416 6.9478 8.6204 9.135 50.3644 13.124 0.0641 3.9899 5.1543 33.7126 13.2697 51.7518 3.1885 17.689 0.6781 0.6781 5.388 0.1266 167.8813 33.7812 7.6386 0.2893 1.1982 5.2359 12.6314 35.544 5.3536 18.9691 0.0314 64.5703 1.2107;
	0.5224 7.059 30.3808 21.8661 7.572 3.0516 0.539 4.6804 17.9615 2.2606 4.1787 6.2339 9.385 9.6908 8.8128 3.3202 4.1195 4.3654 56.8309 10.0939 0.1797 7.1204 7.2392 40.4172 31.0883 50.0542 3.2442 54.4875 34.5523 34.5523 5.5931 0.0769 189.4363 25.9818 30.3819 14.7423 2.4639 1.9696 22.1929 83.2721 15.9556 33.8522 46.0789 92.7946 2.4896;
	0.8682 11.7319 40.7322 0.1012 11.796 14.697 0.9724 3.5943 15.3978 1.7039 3.1496 4.6986 7.0737 13.6454 15.4707 5.8285 7.2317 7.6634 51.2886 8.5197 0.3241 34.2931 26.6341 45.5021 46.2238 50.3253 1.157 88.5667 68.1112 68.1112 4.3598 0.1265 170.9619 21.9298 42.7801 29.0608 55.0027 0.5108 1.3329 123.8138 36.111 163.039 2.0388 97.5593 55.5757;
	1.6722 22.5953 63.0878 3.8432 14.2611 18.3589 0.9594 0.0532 5.7719 3.3016 6.1029 9.1043 13.7065 2.8865 65.3298 24.6126 30.5379 32.361 56.8259 8.6492 0.3198 42.8373 49.0056 62.853 19.7904 49.7364 0.0458 168.132 100.2141 100.2141 20.8371 2.1917 189.4198 22.263 9.0496 42.758 114.0751 1.3726 7.0804 53.0101 21.6625 203.6609 19.523 134.332 115.2634;
	2.451 33.1188 83.9781 1.2492 14.4718 25.4988 0.0 0.2331 4.9622 24.5333 45.3493 67.6523 101.8502 4.4863 46.3173 17.4498 21.6507 22.9432 22.423 6.5139 0.0 59.4973 28.7757 74.2638 70.4089 55.2456 0.005 232.6727 161.6453 161.6453 35.8105 3.3895 74.7433 16.7667 14.0652 68.9687 173.7852 31.8141 11.2363 188.5954 0.0305 282.8671 115.6937 173.1468 175.5955;
	1.8315 24.7482 0.3017 0.0 14.1137 20.9435 0.0096 0.0004 7.6292 0.15 0.2772 0.4136 0.6226 2.8709 94.946 35.7704 44.3817 47.0314 16.5042 5.5481 0.0032 48.8682 36.1901 26.731 1.8743 31.5941 0.0 192.4158 208.0551 208.0551 54.6055 6.0452 55.014 14.2809 9.0006 88.7702 178.5124 49.0906 0.9456 5.0206 0.0 232.3335 81.0557 134.4278 180.3719;
	2.3368 31.5752 4.8311 0.5114 9.1904 23.7368 0.7887 0.0035 3.6744 0.3289 0.608 0.907 1.3655 1.5793 49.0313 18.4723 22.9193 24.2876 18.7174 0.0 0.2629 55.3859 20.1715 40.7116 5.0638 6.5046 0.0 290.2534 256.8702 256.8702 103.236 6.8267 62.3914 0.0 4.9514 109.598 251.915 21.8201 22.9435 13.5637 0.0 263.3204 90.7104 106.1144 254.5392;
	3.0864 41.7035 81.077 0.0 13.0629 7.4641 0.2114 0.0 1.3433 1.1131 2.0575 3.0693 4.6209 0.3149 67.3848 25.3868 31.4985 33.379 54.0048 0.721 0.0705 17.4162 41.3158 34.0199 1.4538 5.2152 0.0 369.7768 286.4045 286.4045 192.1164 12.0909 180.016 1.8559 0.9873 122.1993 298.1557 41.8876 14.9184 3.8942 0.0 82.8016 13.5506 171.3906 301.2615;
	3.1556 42.6384 0.0 0.0 13.4073 2.1086 0.0 0.0005 0.0 0.0138 0.0254 0.0379 0.0571 0.0766 32.4077 12.2094 15.1487 16.0531 25.371 1.0862 0.0 4.92 0.0 2.9778 0.7376 2.0984 0.0 305.0983 358.9796 358.9796 181.411 23.195 84.5701 2.7958 0.2402 153.1646 383.2489 68.0071 0.0 1.9757 0.0 23.391 129.6684 190.9597 387.2411;
	2.7595 37.2874 0.0 0.0 13.8769 18.8028 2.4686 0.0067 0.1923 0.0549 0.1015 0.1514 0.2279 0.121 3.7512 1.4132 1.7535 1.8581 3.0004 1.1137 0.8229 43.8732 2.8347 0.3939 0.0161 2.0721 0.16 512.2921 467.9951 467.9951 313.6142 33.6818 10.0013 2.8667 0.3795 199.6779 527.0487 93.2631 1.7484 0.0431 0.0 208.5858 116.2369 205.2619 532.5388;
	2.965 40.063 77.5335 0.0 14.404 26.1986 0.0 0.0 0.0799 8.5473 15.7996 23.5698 35.4843 6.4187 9.8686 3.7179 4.613 4.8884 1.1234 37.1865 0.0 61.13 8.3464 0.0902 0.0056 59.183 0.6801 741.6641 419.2641 419.2641 340.4118 46.2533 3.7447 95.7182 20.1233 178.886 601.241 74.1331 0.4559 0.0149 0.0 290.6296 111.0435 179.2387 607.5039;
	2.7918 37.7238 0.0476 1.8296 14.5207 3.4504 16.3932 0.0 24.616 22.6088 41.792 62.3454 93.8607 4.2655 1.8152 0.6839 0.8485 0.8991 0.1246 19.5966 5.4644 8.0508 55.3716 0.0995 0.0423 51.7226 1.8612 739.1792 408.8315 408.8315 317.6364 45.1367 0.4152 50.4416 13.3728 174.4348 549.0106 78.8147 0.0037 0.1134 0.0 38.276 109.7057 165.245 554.7295;
