Type,Index,0600,0700,0800,0900,1000,1100,1200,1300,1400,1500,1600,1700,1800,1900,2000,2100,2200,2300,0000,0100,0200,0300,0400,0500
Actual,1,0.0,0.0,0.0,0.0,0.0,0.0106666666666666,0.253,0.5105,1.0875,0.6963333333333334,0.4051666666666667,0.8968333333333334,0.539,0.8153333333333334,0.6216666666666667,0.1488333333333333,0.065,0.0,0.0,0.0,0.0,0.0,0.0,0.0
Forecast,1,0.0,0.0,0.0,0.0,0.0,0.0,0.2368235294117646,0.5745098039215687,0.895803921568627,0.6740392156862743,0.7686274509803922,0.7920784313725489,0.5414901960784314,0.4543529411764704,0.3337254901960783,0.2734901960784314,0.0801960784313725,0.0,0.0,0.0,0.0,0.0,0.0,0.0
Simulation,1,0.0,0.0,0.0,0.0,0.0,0.0,0.0137205782999745,0.10487451923293378,0.4768153196728511,0.6487944907050125,0.3823202987314263,0.19629256874025058,0.3310030118647733,0.45067714340121673,0.38695838885456424,0.1878194044357625,0.04835736095536664,0.0,0.0,0.0,0.0,0.0,0.0,0.0
Simulation,2,0.0,0.0,0.0,0.0,0.0,0.0,0.26425368061809484,0.5662226320434531,0.8811717435849623,0.7430911613149603,0.8435130372950919,0.8570795425618799,0.6318138916279314,0.544221368286718,0.5135964647958402,0.42002840084008775,0.09485896728120158,0.0,0.0,0.0,0.0,0.0,0.0,0.0
Simulation,3,0.0,0.0,0.0,0.0,0.0,0.0,0.10962380510033815,0.2853148141751615,0.6451316483076026,0.6008428868549208,0.9498869979043386,1.2392781570355176,1.028136524376763,0.5934795753822838,0.3919423174510979,0.31751883052206487,0.16901912242407682,0.0,0.0,0.0,0.0,0.0,0.0,0.0
Simulation,4,0.0,0.0,0.0,0.0,0.0,0.0,0.4217634320546389,0.5524882935127847,0.8196452819071318,0.8544119864728029,1.0574551178210652,1.0834134057306322,0.643347867619451,0.4461956367897304,0.2336218371984769,0.10742264122509795,0.05801594279489343,0.0,0.0,0.0,0.0,0.0,0.0,0.0
Simulation,5,0.0,0.0,0.0,0.0,0.0,0.0,0.21997906279347565,0.4971152265233847,0.8113202947835704,0.6016753447442177,0.5788484713334624,0.5423223515544511,0.5519368920260115,0.48962822873963985,0.41166837232419484,0.30073827286670063,0.09282880871371088,0.0,0.0,0.0,0.0,0.0,0.0,0.0
Simulation,6,0.0,0.0,0.0,0.0,0.0,0.0,0.1239360871041909,0.43719424116080463,0.8762974496379874,0.8026814538960415,0.9021602042870936,0.8786434188169443,0.5059222366109937,0.4337533663090947,0.3685331053853021,0.388414847594537,0.11362798178080591,0.0,0.0,0.0,0.0,0.0,0.0,0.0
Simulation,7,0.0,0.0,0.0,0.0,0.0,0.0,0.2711808373467047,0.6272970300277999,0.9222503733083457,0.49504617083966107,0.4003948263969635,0.4203017724322002,0.5847929408221534,0.536984316375863,0.4654036789489134,0.30259111120449056,0.092242078656324,0.0,0.0,0.0,0.0,0.0,0.0,0.0
Simulation,8,0.0,0.0,0.0,0.0,0.0,0.0,0.19699160039886232,0.44769446025609094,0.809778780828871,0.5711446253883782,0.45506085080693204,0.3500799335789013,0.2923156172817377,0.27278080822740036,0.16104072252585722,0.06751052153101855,0.06984462330837905,0.0,0.0,0.0,0.0,0.0,0.0,0.0
Simulation,9,0.0,0.0,0.0,0.0,0.0,0.0,0.39064258094045834,0.4827207752908657,0.5504477593417495,0.22810658735275785,0.360194936719062,0.38246577105772084,0.24602911483671963,0.18013340955122908,0.13504822243856382,0.13720854447893185,0.0931960784313725,0.0,0.0,0.0,0.0,0.0,0.0,0.0
Simulation,10,0.0,0.0,0.0,0.0,0.0,0.0,0.2917502072727008,1.318297131564035,1.4981787035352054,1.0746095106668305,0.709880321284858,0.3714937889074768,0.2932658165738792,0.4534090634169042,0.5563816885521623,0.8759504721244462,0.16763957759792622,0.0,0.0,0.0,0.0,0.0,0.0,0.0
Simulation,11,0.0,0.0,0.0,0.0,0.0,0.0,0.5221912663289978,0.9554736954819263,1.1567596651866503,0.9064821661898383,0.863610826393596,0.7421244778870953,0.19857466289377723,0.13907909037856558,0.11696954814753241,0.10963055891163004,0.08428668424063727,0.0,0.0,0.0,0.0,0.0,0.0,0.0
Simulation,12,0.0,0.0,0.0,0.0,0.0,0.0,0.1594440978144988,0.6827635385584471,1.1099044879290632,0.8073214211397617,0.8001671013059584,0.8297835471311804,0.6848542975979723,0.5219614330718501,0.33950050584812996,0.11822213461813494,0.08859172141204795,0.0,0.0,0.0,0.0,0.0,0.0,0.0
Simulation,13,0.0,0.0,0.0,0.0,0.0,0.0,0.27539772595511575,0.5794106425868112,0.848904394620129,0.37568747709951117,0.30709366503365176,0.20451850845991115,0.15964041496508585,0.2044561288057962,0.2500307028007782,0.4254157678091989,0.11234298908552451,0.0,0.0,0.0,0.0,0.0,0.0,0.0
Simulation,14,0.0,0.0,0.0,0.0,0.0,0.0,0.9720240392630768,1.4951371907689848,1.4528617790128218,1.406718849622467,1.3134721152382303,1.4889234079495584,1.5634982596524232,1.5220455189190771,1.3935855547118223,0.7628769778826976,0.11193837514242347,0.0,0.0,0.0,0.0,0.0,0.0,0.0
Simulation,15,0.0,0.0,0.0,0.0,0.0,0.0,0.4062058446591774,0.7577240087433809,0.9344232804444611,0.534363225108093,0.7714967109551215,0.8867458020671456,0.5980230698792345,0.45845475602545127,0.3081688602632126,0.27298964844403845,0.08995082104715466,0.0,0.0,0.0,0.0,0.0,0.0,0.0
Simulation,16,0.0,0.0,0.0,0.0,0.0,0.0,0.19611921737187565,0.22684418987972538,0.40501592918793344,0.5909435071139609,0.6173633913684342,0.6797799402856199,0.7708344151464066,0.8570091344132065,0.8779909845324394,0.3898275880819331,0.08679653935362217,0.0,0.0,0.0,0.0,0.0,0.0,0.0
Simulation,17,0.0,0.0,0.0,0.0,0.0,0.0,0.32671007869999646,0.7555105139323226,1.0408497872652773,0.9056609245764544,1.01436212028554,1.0338131607162504,0.708726721093283,0.5080525099806417,0.38871105034203285,0.29598396497372054,0.0929189775262977,0.0,0.0,0.0,0.0,0.0,0.0,0.0
Simulation,18,0.0,0.0,0.0,0.0,0.0,0.0,0.375227184187096,0.5978692231970926,0.7508786899981965,0.37743362273054953,0.5691233699784053,0.802939199871671,1.131746014027791,0.9386032898778138,0.6587205187429348,0.2721151234244587,0.09302286330809924,0.0,0.0,0.0,0.0,0.0,0.0,0.0
Simulation,19,0.0,0.0,0.0,0.0,0.0,0.0,0.2663430301380516,0.442175890774857,0.5411556233781936,0.30187690536127404,0.4792148126570761,0.6459879656550058,0.7513557689549694,0.7020527846798722,0.667325291491377,0.35955831795392384,0.09406794592290972,0.0,0.0,0.0,0.0,0.0,0.0,0.0
Simulation,20,0.0,0.0,0.0,0.0,0.0,0.0,0.05133261980165896,0.19899786486880827,0.792048109783052,0.8718949010763972,0.8930666917912256,0.7904066571049205,0.21249314116827372,0.1404858230483213,0.10642072401659478,0.08897582623636899,0.07791434860639382,0.0,0.0,0.0,0.0,0.0,0.0,0.0
Simulation,21,0.0,0.0,0.0,0.0,0.0,0.0,0.014310954930157105,0.09623443864375048,0.2617125538397891,0.3017213690810886,0.3855223363457803,0.5244701464214023,0.6967670990674343,0.7711039465335243,0.7520259581535691,0.391160354600862,0.09441154889499495,0.0,0.0,0.0,0.0,0.0,0.0,0.0
Simulation,22,0.0,0.0,0.0,0.0,0.0,0.0,0.26147464423682143,0.6323106633217684,1.0417033826056046,0.9833704663160691,0.9005805218595503,0.7359379483247017,0.25447681323193033,0.20127108607878946,0.1326207817477003,0.043520633366502665,0.027697669347174672,0.0,0.0,0.0,0.0,0.0,0.0,0.0
Simulation,23,0.0,0.0,0.0,0.0,0.0,0.0,0.21505574566338348,0.5878557245396197,0.9349715230085515,0.8757954321636243,1.0153006145651258,1.1085207693460863,1.116883730990378,0.8720787818434842,0.6725925267757324,0.31478690240721763,0.09242667387563203,0.0,0.0,0.0,0.0,0.0,0.0,0.0
Simulation,24,0.0,0.0,0.0,0.0,0.0,0.0,0.38619226184384103,0.5360340825510941,0.6606016756404947,0.5641704754809735,0.7122837054531846,0.6918391216328704,0.4222163826830183,0.37712179965574855,0.3140410717323156,0.25734567623296273,0.07309062111261505,0.0,0.0,0.0,0.0,0.0,0.0,0.0
Simulation,25,0.0,0.0,0.0,0.0,0.0,0.0,0.35882477368418025,0.7456845372078247,1.0010188296746205,0.9682061798616857,1.0026511332120358,1.0002278352057044,0.9007053504599867,0.7771040202489504,0.7626226357568641,0.5612608212228904,0.0931960784313725,0.0,0.0,0.0,0.0,0.0,0.0,0.0
Simulation,26,0.0,0.0,0.0,0.0,0.0,0.0,0.32381878123845775,0.8004397315647989,1.2280027504942108,1.5939532971715722,1.1848472953138687,1.038949136160139,1.4932883472529608,1.534861092955417,1.493073107244355,0.9693671674175497,0.09272015540408765,0.0,0.0,0.0,0.0,0.0,0.0,0.0
Simulation,27,0.0,0.0,0.0,0.0,0.0,0.0,0.12642600199697207,0.09937270116226549,0.1912137358417112,0.33468533605899214,0.6683627551029583,0.8047955638015428,0.6194665162734981,0.4826858077097224,0.3532252752226444,0.23269818434636075,0.0910761785966589,0.0,0.0,0.0,0.0,0.0,0.0,0.0
Simulation,28,0.0,0.0,0.0,0.0,0.0,0.0,0.26621939575445375,0.6271845070318931,0.9362863066269775,0.736117475142921,0.8222975600387055,0.9662798824492791,1.4479111648163308,1.3154282104295443,0.8237505877408164,0.22526934349917024,0.0801960784313725,0.0,0.0,0.0,0.0,0.0,0.0,0.0
Simulation,29,0.0,0.0,0.0,0.0,0.0,0.0,0.4707953015668184,0.9061452407661517,1.21260142800657,1.285680932435059,1.204132371645472,1.038541504596788,0.39296497133677755,0.22662212314082367,0.1739206603621511,0.3064518806263601,0.09821291777012388,0.0,0.0,0.0,0.0,0.0,0.0,0.0
Simulation,30,0.0,0.0,0.0,0.0,0.0,0.0,0.27222463538919495,0.7517501479007012,1.0390267705939003,0.660989265084487,0.7107851956554196,0.7580487760285767,0.5256742652045654,0.366693385087431,0.19091077762964598,0.12997295684124568,0.09273819380245754,0.0,0.0,0.0,0.0,0.0,0.0,0.0
Simulation,31,0.0,0.0,0.0,0.0,0.0,0.0,0.2207978251467008,0.30932899943004416,0.6629621662344034,0.7742639304786426,0.9699207601152194,1.0411821521319153,0.8114645929978882,0.5351561729753898,0.36833947292359487,0.17008022559880293,0.08447303093943553,0.0,0.0,0.0,0.0,0.0,0.0,0.0
Simulation,32,0.0,0.0,0.0,0.0,0.0,0.0,0.47896630026969256,1.314599474007106,1.3343134336741036,0.9722535224979565,1.1120310813935672,1.2528873742468576,0.9297622281431301,0.6545132815024458,0.5597504089952441,0.5655834467667651,0.15321886870266763,0.0,0.0,0.0,0.0,0.0,0.0,0.0
Simulation,33,0.0,0.0,0.0,0.0,0.0,0.0,0.26499706489946606,0.5018494203881488,0.9025402684472025,1.3477175161720112,1.4729621789215717,1.3970512284190664,0.6351686408393595,0.46208650455994404,0.37651901517196623,0.3594302943334713,0.09244748608132482,0.0,0.0,0.0,0.0,0.0,0.0,0.0
Simulation,34,0.0,0.0,0.0,0.0,0.0,0.0,0.2898577490393645,1.0816277238000354,1.4160516084156918,1.3518039103548605,1.1853474195922689,1.2076115468632513,1.0307335228317642,0.7910166357711348,0.6168118319322915,0.317828197662709,0.09895038891312061,0.0,0.0,0.0,0.0,0.0,0.0,0.0
Simulation,35,0.0,0.0,0.0,0.0,0.0,0.0,0.17621966166573472,0.3283680842399198,0.6772941375677695,0.6471151344131377,0.881921158045618,0.9529702960012325,0.48974535868326513,0.2313799508116062,0.12018015655896067,0.10021393167489373,0.08409665438492316,0.0,0.0,0.0,0.0,0.0,0.0,0.0
Simulation,36,0.0,0.0,0.0,0.0,0.0,0.0,0.2857499956628786,0.7178621989430354,0.9687166540883305,0.45328549630673043,0.405972876930073,0.30197042562041,0.08802975355426207,0.08131317315554798,0.10615786814048492,0.23430280878579607,0.12348912106121715,0.0,0.0,0.0,0.0,0.0,0.0,0.0
Simulation,37,0.0,0.0,0.0,0.0,0.0,0.0,0.6414020576502614,0.6874697690636961,0.9236478269154326,0.7851343386304127,0.8586557761336606,0.8293592397839684,0.5726473054899803,0.45386191424870903,0.32277968850353495,0.25009227710385984,0.08074370509429761,0.0,0.0,0.0,0.0,0.0,0.0,0.0
Simulation,38,0.0,0.0,0.0,0.0,0.0,0.0,0.039503812899016666,0.0791189985619859,0.3391923468470517,0.72942245533209,0.7809821907058048,0.7537548504626074,0.5585275573689094,0.46058854485836004,0.35333401578529494,0.22163543527971952,0.0931960784313725,0.0,0.0,0.0,0.0,0.0,0.0,0.0
Simulation,39,0.0,0.0,0.0,0.0,0.0,0.0,0.26609944950257985,0.286720000108937,0.3176131169208368,0.16481936477064252,0.25961323192661667,0.2745716093403795,0.2114198913691553,0.26751769939712383,0.28440633470574295,0.41734994638530754,0.10996503181849218,0.0,0.0,0.0,0.0,0.0,0.0,0.0
Simulation,40,0.0,0.0,0.0,0.0,0.0,0.0,0.2917422254622989,0.6814274082288932,1.003769841372753,0.9038987102669567,0.7400448233680867,0.5605369562409621,0.5888160128545469,0.6173583977206372,0.657686651578085,0.33611348770906935,0.0824944102355348,0.0,0.0,0.0,0.0,0.0,0.0,0.0
Simulation,41,0.0,0.0,0.0,0.0,0.0,0.0,0.2880983055698038,0.3954339327237161,0.7413451488939229,0.9044100044278299,0.9123036029053806,0.8143994042514119,0.5475176007402918,0.4544310204068612,0.33924507750397653,0.1771515481029861,0.07300442372732766,0.0,0.0,0.0,0.0,0.0,0.0,0.0
Simulation,42,0.0,0.0,0.0,0.0,0.0,0.0,1.0968212308127259,1.260516567487588,1.179119651889149,1.1806217795892775,1.2696228422839069,1.3123242078076016,0.7302792051090018,0.49205713125006595,0.37849694881301216,0.30825896008214143,0.09292111166261595,0.0,0.0,0.0,0.0,0.0,0.0,0.0
Simulation,43,0.0,0.0,0.0,0.0,0.0,0.0,0.20541610316655703,0.32385785943772555,0.5296105788468852,0.3292614010809596,0.3984302057576928,0.40825155995036344,0.43567734547591985,0.41667367871083405,0.3392588786675705,0.3226191798190007,0.0948113331578491,0.0,0.0,0.0,0.0,0.0,0.0,0.0
Simulation,44,0.0,0.0,0.0,0.0,0.0,0.0,0.28110840591296415,0.4506260406409587,0.5066723017806193,0.15920082672204505,0.13558282207344208,0.16840804492540928,0.5516274814971999,0.5191629046969184,0.4396112106753052,0.22905316263225545,0.06628887321208443,0.0,0.0,0.0,0.0,0.0,0.0,0.0
Simulation,45,0.0,0.0,0.0,0.0,0.0,0.0,0.6982950206760417,0.9345237058538548,1.0853622807114618,0.8618438202409309,1.0012173757091687,0.984390338089449,0.5455706601060858,0.3498287514232386,0.20265401134505093,0.2432160854291321,0.0931960784313725,0.0,0.0,0.0,0.0,0.0,0.0,0.0
Simulation,46,0.0,0.0,0.0,0.0,0.0,0.0,0.0,0.06412770745231888,0.2720847703079964,0.47897116233309867,0.4549092388973796,0.38563983525754275,0.34664190570329967,0.3434245351038057,0.20810300467188467,0.08732820530487312,0.06751851094563127,0.0,0.0,0.0,0.0,0.0,0.0,0.0
Simulation,47,0.0,0.0,0.0,0.0,0.0,0.0,0.30948322001067796,0.6072112293873864,0.9028545290779968,0.7580359974042183,0.8268308887753718,0.8822926856632591,1.0393831762707784,0.8873592758157056,0.7385251912221013,0.3313899625256865,0.08387678710647987,0.0,0.0,0.0,0.0,0.0,0.0,0.0
Simulation,48,0.0,0.0,0.0,0.0,0.0,0.0,0.5146413849625908,1.0121971874023477,1.1284015854028833,1.1455751086137733,1.0161953731140518,0.970374877959292,1.0366025352566965,1.268447363254749,1.3588726905675557,1.0810244433766925,0.09388890242949527,0.0,0.0,0.0,0.0,0.0,0.0,0.0
Simulation,49,0.0,0.0,0.0,0.0,0.0,0.0,0.35395780252985676,0.5875356175459863,0.7447822049850865,0.20023272270292608,0.31788148817809553,0.3610246587300567,0.17065246038260445,0.135068491008699,0.1393336696562539,0.2679124743670099,0.15095265376253741,0.0,0.0,0.0,0.0,0.0,0.0,0.0
Simulation,50,0.0,0.0,0.0,0.0,0.0,0.0,0.1792116951158843,0.27844578912280143,0.6411089949000959,0.781685082298644,0.8059773069514986,0.7329843946013657,0.484091042412928,0.44607889984410587,0.37521930335123865,0.27443867300491775,0.07314113498612537,0.0,0.0,0.0,0.0,0.0,0.0,0.0
Simulation,51,0.0,0.0,0.0,0.0,0.0,0.0,0.14812109743112428,0.19901019522403796,0.29454597431672935,0.17798136914920532,0.24552330694261426,0.1913031702033603,0.06653323341969936,0.07872239755901916,0.11902690216749495,0.23333220397620807,0.09251310613680573,0.0,0.0,0.0,0.0,0.0,0.0,0.0
Simulation,52,0.0,0.0,0.0,0.0,0.0,0.0,0.17279586527344493,0.516832572909975,0.872251433567783,0.4989854611574459,0.3888241231798895,0.37233681464483326,0.49053987456018555,0.42414372424533764,0.20755530961337704,0.02792605696422945,0.03227073431509077,0.0,0.0,0.0,0.0,0.0,0.0,0.0
Simulation,53,0.0,0.0,0.0,0.0,0.0,0.0,0.09836621095620621,0.607478124852444,1.0495058829174937,0.7353557397664767,0.5678357409482842,0.3929743998117699,0.28495803697269234,0.30427118830350863,0.17807742201977583,0.10618732940268347,0.0816756537774998,0.0,0.0,0.0,0.0,0.0,0.0,0.0
Simulation,54,0.0,0.0,0.0,0.0,0.0,0.0,0.22012039644576364,0.5332380553933481,0.8960652877974805,0.7375073288850721,0.8440316733598023,0.8197990933567688,0.5190677091698414,0.40232714174422535,0.29276259078895167,0.2972725138091343,0.09339937981314032,0.0,0.0,0.0,0.0,0.0,0.0,0.0
Simulation,55,0.0,0.0,0.0,0.0,0.0,0.0,0.11981647713588951,0.5074160392890587,0.8660024725780314,0.39786278914489326,0.3409892829455197,0.3856430735080987,0.5680299774058625,0.5420501266542368,0.5012305223577769,0.3226244912123707,0.10912256255514206,0.0,0.0,0.0,0.0,0.0,0.0,0.0
Simulation,56,0.0,0.0,0.0,0.0,0.0,0.0,0.22812969468669791,0.4284573248476671,0.7661238742042984,0.6869617697587584,0.831518235974221,0.8555090283590762,0.5221377579255877,0.34386071852524314,0.17318946607030142,0.0946115758922916,0.0801960784313725,0.0,0.0,0.0,0.0,0.0,0.0,0.0
Simulation,57,0.0,0.0,0.0,0.0,0.0,0.0,0.38192008490579077,0.6685173438215724,0.8856939301632618,0.22046615409683812,0.4400327446956378,0.5652454787548601,0.21286158225790747,0.08286505309426256,0.04462293846973525,0.03255254748576866,0.0892472513956682,0.0,0.0,0.0,0.0,0.0,0.0,0.0
Simulation,58,0.0,0.0,0.0,0.0,0.0,0.0,0.4255579587741899,0.45827064979659926,0.4805452359954607,0.38331724955814583,0.6769842338096861,0.8363666908078283,0.7986252144794986,0.5626171030688165,0.39237557642491483,0.19858230287569062,0.08073330616753203,0.0,0.0,0.0,0.0,0.0,0.0,0.0
Simulation,59,0.0,0.0,0.0,0.0,0.0,0.0,0.12022031064482801,0.12411780521047405,0.19706421500190796,0.1216430237034547,0.08736440222021369,0.13281675535441595,0.24484161444201652,0.3189902290350224,0.24625146086813773,0.19506755069520876,0.08836010024461438,0.0,0.0,0.0,0.0,0.0,0.0,0.0
Simulation,60,0.0,0.0,0.0,0.0,0.0,0.0,0.3419389403865648,0.6443124844587775,0.9192783758466921,0.7874671154198202,1.1124797678197011,1.3066288891006512,0.6808792166677194,0.4607430626566988,0.35715512543086275,0.5083366987705783,0.15780035391850283,0.0,0.0,0.0,0.0,0.0,0.0,0.0
Simulation,61,0.0,0.0,0.0,0.0,0.0,0.0,0.27984583616532244,0.6305301149611728,1.0165990961262927,1.2165243556140894,1.0937421926465793,0.9317266529749133,0.4713178159358878,0.3772153374669147,0.3427649081541364,0.492546334595108,0.12553077726985173,0.0,0.0,0.0,0.0,0.0,0.0,0.0
Simulation,62,0.0,0.0,0.0,0.0,0.0,0.0,0.22822740912550912,0.6270727606822033,0.8934879505273584,0.1490211569552894,0.1428734115379936,0.31906972905747716,0.9028521124786661,0.7931087467376092,0.49164396252290377,0.1687915560536648,0.08897315227833699,0.0,0.0,0.0,0.0,0.0,0.0,0.0
Simulation,63,0.0,0.0,0.0,0.0,0.0,0.0,0.44347029267364224,1.5254684641076937,1.5059049033137297,0.7670302735307117,0.8671439617356416,0.8855106732237419,0.20854241123813078,0.08137443771557695,0.05944298865998593,0.09938904367517115,0.09212127062299322,0.0,0.0,0.0,0.0,0.0,0.0,0.0
Simulation,64,0.0,0.0,0.0,0.0,0.0,0.0,0.2690906657035928,0.9536241326725852,1.1495560744397244,0.5530594153179863,0.36280841825687205,0.42268692328361507,0.6499237211319998,0.628838466817989,0.4776137422102592,0.20446020997608344,0.09306677742736773,0.0,0.0,0.0,0.0,0.0,0.0,0.0
Simulation,65,0.0,0.0,0.0,0.0,0.0,0.0,0.03999756074799135,0.45485204369873644,0.9286026832725774,0.6307260174342856,0.38186022745106807,0.3242969185701609,0.5774455791800555,0.6455006555686162,0.7713255604125879,0.7922852495818292,0.20234870276284384,0.0,0.0,0.0,0.0,0.0,0.0,0.0
Simulation,66,0.0,0.0,0.0,0.0,0.0,0.0,0.05689160464540008,0.20155851796928037,0.6420638674221589,0.7017252251308478,0.8316067551786752,0.8632227016659768,0.5757907206407356,0.46049471383507784,0.34229000899850853,0.2453237899162806,0.09405644618463692,0.0,0.0,0.0,0.0,0.0,0.0,0.0
Simulation,67,0.0,0.0,0.0,0.0,0.0,0.0,0.14019259531533812,0.20391525919156117,0.3382046093027863,0.49788617650852274,0.54716061985771,0.7630843452098172,1.523794074848914,1.5664088224141677,1.5411244372178883,1.1210131807586663,0.1078499803236546,0.0,0.0,0.0,0.0,0.0,0.0,0.0
Simulation,68,0.0,0.0,0.0,0.0,0.0,0.0,0.13645921171563552,0.3847468708544137,0.7953559492985829,0.561664341239697,0.39899406463067927,0.2991499516679138,0.5138640016979101,0.5071816639471003,0.5805240949221897,0.6201501369360525,0.09264668330421327,0.0,0.0,0.0,0.0,0.0,0.0,0.0
Simulation,69,0.0,0.0,0.0,0.0,0.0,0.0,1.0965783869145802,1.3365054312104319,1.1821937298170944,0.7007326318657252,0.6139873469921263,0.5786995971058008,0.6227447039931631,0.5382745082069511,0.4466461548677995,0.30036957879621273,0.09264827940822953,0.0,0.0,0.0,0.0,0.0,0.0,0.0
Simulation,70,0.0,0.0,0.0,0.0,0.0,0.0,1.0258408219729067,1.4769305477867163,1.306790893280278,0.8535418721435909,0.980803739539504,1.0936847667839167,0.9329169057742352,0.6353659343112585,0.510865745212149,0.505169333001412,0.1587113389257115,0.0,0.0,0.0,0.0,0.0,0.0,0.0
Simulation,71,0.0,0.0,0.0,0.0,0.0,0.0,0.12862511964200996,0.47526546840142747,0.8868957099075178,0.5981312860999094,0.7167687093868604,0.7400104665347373,0.3278364132585731,0.19148818706604337,0.13257151997679847,0.14058976216127234,0.10618426095515826,0.0,0.0,0.0,0.0,0.0,0.0,0.0
Simulation,72,0.0,0.0,0.0,0.0,0.0,0.0,0.08455976191177744,0.4403395001368224,0.8314222649102672,0.41203674084784336,0.5920362489318194,0.8026504309097495,0.699502091362854,0.48550312856699834,0.2145427925825318,0.04019183631587539,0.0801960784313725,0.0,0.0,0.0,0.0,0.0,0.0,0.0
Simulation,73,0.0,0.0,0.0,0.0,0.0,0.0,0.2760826712149061,0.6877841979101064,1.0182019405445262,1.378881265860123,1.5496395577359374,1.5899046268880415,1.4409411687767038,1.1522875868484834,1.0997784001063289,1.2632684258040117,0.2073758171021904,0.0,0.0,0.0,0.0,0.0,0.0,0.0
Simulation,74,0.0,0.0,0.0,0.0,0.0,0.0,0.0,0.0142596872627061,0.060875153224914214,0.39313193033394683,0.8059430125175937,1.041436466412371,1.0431528452923855,0.6494634295040772,0.3919328779767946,0.13003390465845616,0.081012312242638,0.0,0.0,0.0,0.0,0.0,0.0,0.0
Simulation,75,0.0,0.0,0.0,0.0,0.0,0.0,0.2651958904529511,1.0340359775709642,1.2355603444806444,0.5386470784397849,0.5044055207469171,0.548186488860937,0.348534681469287,0.2041151281625343,0.10042259014793584,0.08524095909841711,0.094410630004644,0.0,0.0,0.0,0.0,0.0,0.0,0.0
Simulation,76,0.0,0.0,0.0,0.0,0.0,0.0,0.30991721428684,0.7778830821373601,1.0839850187385165,1.120744148165118,1.2489157627228475,1.281846197064159,0.5916137926263552,0.4542562017401363,0.36539891138986025,0.41536894882074876,0.14434284611822112,0.0,0.0,0.0,0.0,0.0,0.0,0.0
Simulation,77,0.0,0.0,0.0,0.0,0.0,0.0,1.2177105985655328,1.5985696302505072,1.5726024375859096,1.0801275388477651,1.1724693405701756,1.408904270278996,1.454884261963134,1.1855925721884306,0.9145104260351131,0.859671702307748,0.20681991954077786,0.0,0.0,0.0,0.0,0.0,0.0,0.0
Simulation,78,0.0,0.0,0.0,0.0,0.0,0.0,0.0630496011158991,0.13620386564996317,0.34997837672051346,0.17318783755172462,0.14394495149283304,0.07438175072158904,0.027323804023656972,0.046010748582238914,0.08748277286294492,0.20429949990115745,0.09272019977614014,0.0,0.0,0.0,0.0,0.0,0.0,0.0
Simulation,79,0.0,0.0,0.0,0.0,0.0,0.0,0.3982984848077987,0.7156890851595288,0.9468173852210225,0.6865478311156497,0.7396130362082889,0.7206203414382171,0.4633818319066093,0.3503953653392217,0.24371343474692192,0.232626333003808,0.09214635262289061,0.0,0.0,0.0,0.0,0.0,0.0,0.0
Simulation,80,0.0,0.0,0.0,0.0,0.0,0.0,0.10924880622993954,0.35924550891880996,0.7198279282828726,0.21965370564744802,0.15100329249034428,0.10669534562036853,0.1757366838862322,0.2681430013687593,0.2382544273244054,0.28302799305607845,0.11251218485645889,0.0,0.0,0.0,0.0,0.0,0.0,0.0
Simulation,81,0.0,0.0,0.0,0.0,0.0,0.0,0.6906714724521038,0.7797424301947133,0.9293436856586589,0.7136709799244323,0.9302185460860868,1.0460084133962329,0.8570572477954108,0.5640761280701388,0.422442586477914,0.30514136889628335,0.09330942923695795,0.0,0.0,0.0,0.0,0.0,0.0,0.0
Simulation,82,0.0,0.0,0.0,0.0,0.0,0.0,1.0401265708651408,1.0639131218614137,1.1451172598900303,1.3808473362348437,1.5421309021137448,1.581853167812922,1.5009826905250883,1.1520883981395176,0.7462354694921638,0.33602507314558894,0.09223205254430564,0.0,0.0,0.0,0.0,0.0,0.0,0.0
Simulation,83,0.0,0.0,0.0,0.0,0.0,0.0,0.16822663137969762,0.3860175009224853,0.7888333738016392,0.5586471302394914,0.4473539209492017,0.2751878794528064,0.16546127473756544,0.2272142186857731,0.27436632638948955,0.460675252051916,0.12253629138829375,0.0,0.0,0.0,0.0,0.0,0.0,0.0
Simulation,84,0.0,0.0,0.0,0.0,0.0,0.0,1.0184971994436465,1.5266272408850508,1.495328604276363,1.5236897859747387,1.4432694348801576,1.4099533827080066,1.0670051301846626,0.8058436745801751,0.7314102900431796,0.6623995710166739,0.11827591168436119,0.0,0.0,0.0,0.0,0.0,0.0,0.0
Simulation,85,0.0,0.0,0.0,0.0,0.0,0.0,0.40432247034801366,0.6954658296905072,0.9239438046276939,0.677071346552397,0.8013737436123128,1.045759997918668,1.5828702994403105,1.5341185071797234,1.183869764641647,0.31530482247141933,0.09240120180342783,0.0,0.0,0.0,0.0,0.0,0.0,0.0
Simulation,86,0.0,0.0,0.0,0.0,0.0,0.0,0.3088788972876827,0.5772433685716134,0.7510509387714637,0.2050349019625632,0.22078444742718895,0.16762145859749478,0.07617182901937225,0.08757224285336085,0.15204830464364952,0.3069564410230052,0.11029286976175864,0.0,0.0,0.0,0.0,0.0,0.0,0.0
Simulation,87,0.0,0.0,0.0,0.0,0.0,0.0,0.31456495784472405,0.5262064014442446,0.8727163417638444,0.9584867243366954,0.990467226936184,0.936138469048386,0.8176936352469644,0.647152129796511,0.5568714798965806,0.31014762458233747,0.08115956175114059,0.0,0.0,0.0,0.0,0.0,0.0,0.0
Simulation,88,0.0,0.0,0.0,0.0,0.0,0.0,0.08427767608287953,0.48109154829999573,0.9825096732017939,1.4291204365071852,1.4439099215730744,1.4959015387999604,1.4596965822338817,1.304441601260062,0.9163529146886558,0.4100807030780085,0.09503677161924899,0.0,0.0,0.0,0.0,0.0,0.0,0.0
Simulation,89,0.0,0.0,0.0,0.0,0.0,0.0,0.22069885871893943,0.6091175572173955,0.8877939337984826,0.3014177941639845,0.4314486846215959,0.527897774332168,0.35480931594069454,0.3211562849572691,0.24959841552401102,0.3120957158504285,0.11857070236848766,0.0,0.0,0.0,0.0,0.0,0.0,0.0
Simulation,90,0.0,0.0,0.0,0.0,0.0,0.0,0.16109442075353353,0.44176154768581166,0.8283412918745874,0.715770451834298,0.7453634323932462,0.688398145269282,0.4976201356599652,0.4399592522198283,0.29934403649678887,0.10740436031642359,0.06291005473221906,0.0,0.0,0.0,0.0,0.0,0.0,0.0
Simulation,91,0.0,0.0,0.0,0.0,0.0,0.0,0.17830685661978332,0.3681216370731467,0.8257017518070927,0.8587688361412961,0.9635478311401545,0.8424394779155213,0.22788455756401155,0.10664356439877631,0.0797213774844504,0.030878467608798726,0.044386328602564404,0.0,0.0,0.0,0.0,0.0,0.0,0.0
Simulation,92,0.0,0.0,0.0,0.0,0.0,0.0,0.6903496842852719,1.4340960999615475,1.3864192116144556,0.8809449229458806,0.9746955298835845,1.0794400702002274,0.8881348562934845,0.5533486626642701,0.3918746162211285,0.33377836343878964,0.19536672930396023,0.0,0.0,0.0,0.0,0.0,0.0,0.0
Simulation,93,0.0,0.0,0.0,0.0,0.0,0.0,0.64628516265775,1.1312353264993809,1.1462192018532475,0.5506754090256869,0.30552938305105815,0.2894317590973119,0.5979939356857719,0.5401107119538728,0.3511281167325669,0.043793861544777324,0.03695784754151203,0.0,0.0,0.0,0.0,0.0,0.0,0.0
Simulation,94,0.0,0.0,0.0,0.0,0.0,0.0,0.18481219628630202,0.4393718837618462,0.7920186930743243,0.5611171924962514,0.7122617748270965,0.7350689727691565,0.33824208860298166,0.22473439735209408,0.14921506918387273,0.13914326528175175,0.08602838655457433,0.0,0.0,0.0,0.0,0.0,0.0,0.0
Simulation,95,0.0,0.0,0.0,0.0,0.0,0.0,0.27587220419783537,1.4239546476292642,1.6223702724517022,1.6375153699932712,1.5430197662504588,1.340346695566631,0.3657587004178556,0.10708163928464731,0.06554400124447768,0.04373392906992227,0.09092796970852969,0.0,0.0,0.0,0.0,0.0,0.0,0.0
Simulation,96,0.0,0.0,0.0,0.0,0.0,0.0,0.6804102472322868,0.7133554048380892,0.9082532690602015,0.5197267747906174,0.5855731592830509,0.4496268608076339,0.06656999392351043,0.00047342214409706873,0.01336682963390834,0.032935523560806534,0.059866221067335704,0.0,0.0,0.0,0.0,0.0,0.0,0.0
Simulation,97,0.0,0.0,0.0,0.0,0.0,0.0,0.11629454178355202,0.25966376261875496,0.7979379744297159,0.8787149599054325,0.9140055260942461,0.8880853772131647,0.6347319604989771,0.48563535076051423,0.3198419181137247,0.1410363344929734,0.08250547864683082,0.0,0.0,0.0,0.0,0.0,0.0,0.0
Simulation,98,0.0,0.0,0.0,0.0,0.0,0.0,0.2599630298854816,0.37142876676611924,0.7267502648397159,0.7366979840031559,0.7826424695835299,0.7881779062741561,0.5958377750870821,0.48579888179580266,0.34017497259883056,0.13168614510742072,0.0801960784313725,0.0,0.0,0.0,0.0,0.0,0.0,0.0
Simulation,99,0.0,0.0,0.0,0.0,0.0,0.0,0.2281642612008827,0.5579633660691177,0.8982568139808247,0.7393884625305415,0.779743827385333,0.6824019361776502,0.27413454711266316,0.31943079338418784,0.3393923626069193,0.6077981064152626,0.14252198768543564,0.0,0.0,0.0,0.0,0.0,0.0,0.0
Simulation,100,0.0,0.0,0.0,0.0,0.0,0.0,0.13060988326609124,0.4391783473696502,0.6406128385398757,0.1456360543630021,0.1491969615555213,0.19307543909556635,0.29009695644128397,0.356257611155992,0.2963228605627415,0.2916168476534119,0.09537708161289443,0.0,0.0,0.0,0.0,0.0,0.0,0.0
Simulation,101,0.0,0.0,0.0,0.0,0.0,0.0,0.5835685598859888,1.5260922277005435,1.5335476704653952,1.1890428635638417,1.0478013642269857,1.0488372990488577,0.7989358270753621,0.5738659095013814,0.4193667144845848,0.3063864662750284,0.12929064905663093,0.0,0.0,0.0,0.0,0.0,0.0,0.0
Simulation,102,0.0,0.0,0.0,0.0,0.0,0.0,1.0754765539673137,1.5839251008755415,1.542576585535491,1.4065194009017006,1.4895623235912507,1.5829209234525106,1.560187553210274,1.4440182067389904,1.3108379081991979,1.0839828488466277,0.2069052413109297,0.0,0.0,0.0,0.0,0.0,0.0,0.0
Simulation,103,0.0,0.0,0.0,0.0,0.0,0.0,0.4614741955756909,1.174132166128999,1.3804655263445689,1.1726439023583983,1.0628042492681797,0.9685748695828532,0.5324699043589649,0.41427811140671766,0.3171685040430584,0.3461347327003543,0.09575754763123955,0.0,0.0,0.0,0.0,0.0,0.0,0.0
Simulation,104,0.0,0.0,0.0,0.0,0.0,0.0,0.34563947869712475,0.45519912760563,0.6303815049411304,0.7372212446611177,0.9158521002047697,0.9296612292938442,0.6442355991409697,0.5704452839303659,0.7168735956908686,0.8780880545808339,0.16431428177003354,0.0,0.0,0.0,0.0,0.0,0.0,0.0
Simulation,105,0.0,0.0,0.0,0.0,0.0,0.0,0.49804344061628647,1.3329806867693414,1.4514600314202872,1.3860927215798386,1.2765777196197998,1.3653972634899283,1.4431914762976725,1.3188163287291585,1.13149904315596,0.7925697422050932,0.15288901383270642,0.0,0.0,0.0,0.0,0.0,0.0,0.0
Simulation,106,0.0,0.0,0.0,0.0,0.0,0.0,0.4052405928067181,0.7198487992715187,0.9086659549173014,0.34378146982433366,0.38196180989503725,0.411445119135908,0.3951850098000148,0.34242155658992923,0.2014146181145323,0.11848254531862773,0.0801960784313725,0.0,0.0,0.0,0.0,0.0,0.0,0.0
Simulation,107,0.0,0.0,0.0,0.0,0.0,0.0,0.14081540777066204,0.5514847485510388,0.9365624912974383,0.7882066745977443,0.6873462859047276,0.610031453623073,0.7221574603895945,0.7841016166492836,0.7620878714924595,0.40122529974694,0.09328588203025107,0.0,0.0,0.0,0.0,0.0,0.0,0.0
Simulation,108,0.0,0.0,0.0,0.0,0.0,0.0,0.27419551859987834,0.5239612794927471,0.7919964767558125,0.5282809998583369,0.663707897179722,0.7852120008109001,0.7323883353406653,0.5532177904539789,0.39323890874139894,0.24900988576057095,0.09408482434128974,0.0,0.0,0.0,0.0,0.0,0.0,0.0
Simulation,109,0.0,0.0,0.0,0.0,0.0,0.0,0.2872011262583052,0.5772216130080088,0.9061921132194002,0.9878781362396336,1.1786952013799243,1.1956820483768493,0.5930217387158623,0.4308590919914394,0.25063946151927524,0.1574511463095088,0.08009392597848546,0.0,0.0,0.0,0.0,0.0,0.0,0.0
Simulation,110,0.0,0.0,0.0,0.0,0.0,0.0,0.08711599359934166,0.2065985436994835,0.44014790782091323,0.15563043557496647,0.22400013599271673,0.25070181811767256,0.15398370069621353,0.1056663650865231,0.11107734076035747,0.20113208650589737,0.09407473955975615,0.0,0.0,0.0,0.0,0.0,0.0,0.0
Simulation,111,0.0,0.0,0.0,0.0,0.0,0.0,0.15301637383038455,0.6922916328583318,1.1182876992625514,0.922363409099074,0.8328240650061562,0.8152573483652531,0.7222572300315547,0.6803506301896355,0.5558395470874063,0.2327500948376534,0.08117128884975404,0.0,0.0,0.0,0.0,0.0,0.0,0.0
Simulation,112,0.0,0.0,0.0,0.0,0.0,0.0,0.5244265163829538,1.0009592650621726,1.129604697533742,0.6751450524201352,0.5377003493739186,0.33475912814740816,0.11884315068033946,0.1259119932238319,0.15759252453280623,0.3073202025874955,0.09588465668706163,0.0,0.0,0.0,0.0,0.0,0.0,0.0
Simulation,113,0.0,0.0,0.0,0.0,0.0,0.0,0.2575692217173274,0.3985858469445253,0.48409915516677143,0.17621794812237757,0.37030723537809196,0.5755140217725889,0.5413502021383523,0.42103661658608615,0.24828323276519773,0.17285756382363643,0.08831614667962083,0.0,0.0,0.0,0.0,0.0,0.0,0.0
Simulation,114,0.0,0.0,0.0,0.0,0.0,0.0,0.14934599120802028,0.4851488178016123,0.9059892346639639,0.9579330435646056,1.0215656046151524,0.9448749077105405,0.5223890312483541,0.4390434635353536,0.3761572028322033,0.427486634581535,0.10090603563231695,0.0,0.0,0.0,0.0,0.0,0.0,0.0
Simulation,115,0.0,0.0,0.0,0.0,0.0,0.0,0.24072243889659278,0.5294498647681097,0.8693673740821987,0.674462459286275,0.8240338396447777,0.9590094445256107,0.968804685233674,0.603478350204134,0.3666071625130761,0.1299658204898892,0.08320010311719774,0.0,0.0,0.0,0.0,0.0,0.0,0.0
Simulation,116,0.0,0.0,0.0,0.0,0.0,0.0,0.0,0.04928227590908141,0.18047016636264646,0.1644664733768555,0.3118913267289942,0.3919849829544577,0.17190068524357743,0.1296801719949296,0.10365642292271085,0.10712653458847232,0.0921653582109479,0.0,0.0,0.0,0.0,0.0,0.0,0.0
Simulation,117,0.0,0.0,0.0,0.0,0.0,0.0,0.34383517968419103,0.9889202620122635,1.1094927674855655,0.6036730137726768,0.5811084345964599,0.6091826803045377,0.5739843794086089,0.49353991295887417,0.411143694827492,0.31215003404286207,0.09486901771249817,0.0,0.0,0.0,0.0,0.0,0.0,0.0
Simulation,118,0.0,0.0,0.0,0.0,0.0,0.0,0.40793438059662684,0.613089854110441,0.9017723391754142,0.9363522759711878,1.07671594723935,1.011259545656783,0.5415332025296036,0.44803726452074877,0.41915726526524655,0.6848752216166136,0.12223824877355163,0.0,0.0,0.0,0.0,0.0,0.0,0.0
Simulation,119,0.0,0.0,0.0,0.0,0.0,0.0,0.27146476245673734,0.5274165419521342,0.7266321529195562,0.3052652155904861,0.3714406495505449,0.3926116376740955,0.39550317485462816,0.38039042778473653,0.30722660533513146,0.3081360923691001,0.09095785019417225,0.0,0.0,0.0,0.0,0.0,0.0,0.0
Simulation,120,0.0,0.0,0.0,0.0,0.0,0.0,0.3010332093556766,0.7516921211024339,1.0886607172512728,1.0379625596778892,1.1536858195365078,1.0579633639875299,0.3268424089690162,0.179809649745638,0.1616291364927414,0.3033721111999783,0.12339571926240264,0.0,0.0,0.0,0.0,0.0,0.0,0.0
Simulation,121,0.0,0.0,0.0,0.0,0.0,0.0,0.11960904037284759,0.13571861839654287,0.2532349952004568,0.29150202508394363,0.5574177349197722,0.7509914721267889,0.6637321442225205,0.5411056768035561,0.4118766837042814,0.25713367395989445,0.09303536594957194,0.0,0.0,0.0,0.0,0.0,0.0,0.0
Simulation,122,0.0,0.0,0.0,0.0,0.0,0.0,0.8158025392366921,1.5437450995870414,1.5553740913468195,1.5364775632449554,1.212463001317195,1.0997793785580507,0.7984121991203914,0.6583235948715991,0.6583509007637331,0.5637573712471966,0.10368774090232322,0.0,0.0,0.0,0.0,0.0,0.0,0.0
Simulation,123,0.0,0.0,0.0,0.0,0.0,0.0,0.1732903604419912,0.2392635695220991,0.49056415366274175,0.4118392689950371,0.43622800611625695,0.43000841804595574,0.4998763163877885,0.4471036271459852,0.32210945540680636,0.18309797285162394,0.0801960784313725,0.0,0.0,0.0,0.0,0.0,0.0,0.0
Simulation,124,0.0,0.0,0.0,0.0,0.0,0.0,0.18444160719973118,0.49370052821760646,0.8739863293209764,0.6865500797352508,0.5414933224889384,0.44031986190406747,0.5742139995192671,0.5723400579551795,0.5410239933316939,0.293616426216853,0.06606608976130442,0.0,0.0,0.0,0.0,0.0,0.0,0.0
Simulation,125,0.0,0.0,0.0,0.0,0.0,0.0,0.2808175006051397,0.6438032897858212,0.943698150317943,0.686255867539442,0.836958692532108,0.8859806948284883,0.4968872478301843,0.27999422629914017,0.15185898670717035,0.1285325168068664,0.09207898777145129,0.0,0.0,0.0,0.0,0.0,0.0,0.0
Simulation,126,0.0,0.0,0.0,0.0,0.0,0.0,0.2796449228251146,0.36442758337227976,0.6215691716452445,0.7688678082394633,1.1829488992192934,1.5013652940663142,1.1145400113007407,0.6001419188667053,0.40319405275199527,0.3233115143662747,0.11373169489932364,0.0,0.0,0.0,0.0,0.0,0.0,0.0
Simulation,127,0.0,0.0,0.0,0.0,0.0,0.0,0.43976437844953825,1.5399499939646133,1.5765195960088156,1.139518679563429,0.7656540986269342,0.5862559206406381,0.6905760546970361,0.7968524225318958,0.7906187150092525,0.46200348611771014,0.0919663440809144,0.0,0.0,0.0,0.0,0.0,0.0,0.0
Simulation,128,0.0,0.0,0.0,0.0,0.0,0.0,0.4810056867522948,0.8102833586187435,0.9591041430757022,0.46080433595466685,0.508386818407129,0.45514733662203205,0.17473820872745444,0.15368074651471952,0.16534599420021864,0.31888703937750956,0.12385420080967667,0.0,0.0,0.0,0.0,0.0,0.0,0.0
Simulation,129,0.0,0.0,0.0,0.0,0.0,0.0,0.0068658267901822445,0.10688231101690349,0.5117753369887716,0.7195858894475654,0.7648823836517996,0.7193584937733716,0.5515188196583641,0.47789740946008147,0.38699356550198843,0.27816497096303705,0.08769427295544073,0.0,0.0,0.0,0.0,0.0,0.0,0.0
Simulation,130,0.0,0.0,0.0,0.0,0.0,0.0,0.315604734508237,0.6436387105443929,0.9584394785273678,1.0527033353081372,1.2066790762989859,1.2818447411870104,0.8004299289237806,0.5612086756606055,0.458888474174418,0.3180145290763082,0.09265413596845633,0.0,0.0,0.0,0.0,0.0,0.0,0.0
Simulation,131,0.0,0.0,0.0,0.0,0.0,0.0,0.16589810084057155,0.600075361375918,0.9510669863244774,0.848991177617579,1.126006742625739,1.396316402352853,0.8026255785730065,0.5005048278464626,0.39192143694105697,0.6775387132260264,0.20778038758008438,0.0,0.0,0.0,0.0,0.0,0.0,0.0
Simulation,132,0.0,0.0,0.0,0.0,0.0,0.0,0.20320251324998373,0.44123367787858314,0.5873392672469908,0.12556219422194936,0.041927552853269656,0.06904219818545221,0.27543132985926183,0.43095930780679703,0.3809072763750297,0.3127320279162305,0.09882859818335431,0.0,0.0,0.0,0.0,0.0,0.0,0.0
Simulation,133,0.0,0.0,0.0,0.0,0.0,0.0,0.26427721174027047,0.6570848461922707,0.9657820426176509,0.8729548442505142,0.9419590453408841,0.9353581367633385,0.6107244732155936,0.5374994092999738,0.5222467490930984,0.4419079800470339,0.09228301139681566,0.0,0.0,0.0,0.0,0.0,0.0,0.0
Simulation,134,0.0,0.0,0.0,0.0,0.0,0.0,0.3134216428017571,0.5774161636761467,0.9009076958541785,0.8321205370333234,0.7118189547336456,0.3882207496210581,0.197849374176241,0.3353794386115714,0.37595403695545626,0.4376218069656034,0.08870530683280167,0.0,0.0,0.0,0.0,0.0,0.0,0.0
Simulation,135,0.0,0.0,0.0,0.0,0.0,0.0,0.192915661954714,0.7556711823557756,1.1550213823075124,0.7924770614299025,0.7806408669017945,0.7382382824802768,0.3289488226264094,0.2825337406590906,0.2152335596991207,0.2776042448044149,0.11511352369141895,0.0,0.0,0.0,0.0,0.0,0.0,0.0
Simulation,136,0.0,0.0,0.0,0.0,0.0,0.0,0.20833353591894357,0.3841413200128928,0.6886714385584016,0.7588871542963559,0.9690259446593859,1.1716106031476454,1.5080140704943195,1.446929882226118,1.4389989978706208,1.389034922120664,0.2077931891846379,0.0,0.0,0.0,0.0,0.0,0.0,0.0
Simulation,137,0.0,0.0,0.0,0.0,0.0,0.0,0.49667862057864404,0.6334672789089167,0.9073818448979492,0.8775651111358631,0.8649074417113696,0.8043253065953561,0.6180239013645704,0.5530363986859885,0.5141142219160678,0.3080739329563957,0.08034805839542947,0.0,0.0,0.0,0.0,0.0,0.0,0.0
Simulation,138,0.0,0.0,0.0,0.0,0.0,0.0,0.26325005726452305,0.5876242290973317,0.8276429297971638,0.2822774101521246,0.3053292039089531,0.4072921383326915,0.6103499155252734,0.5475432795876967,0.4087664369539933,0.17776351286965658,0.0805294117647058,0.0,0.0,0.0,0.0,0.0,0.0,0.0
Simulation,139,0.0,0.0,0.0,0.0,0.0,0.0,0.31602046114822385,1.182897972527381,1.4543897009801425,1.5498926888472817,1.4677580778750026,1.514321520391105,1.4408305376250263,1.2137728629202416,0.9454214789627424,0.6198401760307046,0.11397889093094485,0.0,0.0,0.0,0.0,0.0,0.0,0.0
Simulation,140,0.0,0.0,0.0,0.0,0.0,0.0,0.0,0.13914423339163606,0.7184228566065953,0.6477745111989841,0.5057501842119938,0.2971134464805483,0.11226609789667275,0.2242124942828408,0.2508088110457052,0.2780580356589399,0.08736928333458265,0.0,0.0,0.0,0.0,0.0,0.0,0.0
Simulation,141,0.0,0.0,0.0,0.0,0.0,0.0,0.32251033793992867,0.8314415203385053,1.0464480889202041,0.6354839724295996,0.42294774300738913,0.23421514492189954,0.06634329330747307,0.0732364556796476,0.07839966353484484,0.04054078074040485,0.05047574014514987,0.0,0.0,0.0,0.0,0.0,0.0,0.0
Simulation,142,0.0,0.0,0.0,0.0,0.0,0.0,0.7267077732488163,1.060809410857869,1.1481744497147217,0.9233539412915861,1.0827376205972312,1.0993935911636346,0.5477434656803785,0.3481624845793546,0.23230228376354223,0.32752296054770097,0.15343415176802794,0.0,0.0,0.0,0.0,0.0,0.0,0.0
Simulation,143,0.0,0.0,0.0,0.0,0.0,0.0,0.3185574109568907,0.3895692967428421,0.35111096099922934,0.16408038973856254,0.4544472926337502,0.708621408129089,0.5412762456179424,0.3619841464857539,0.21074413913822018,0.2521396420827889,0.09402721081090348,0.0,0.0,0.0,0.0,0.0,0.0,0.0
Simulation,144,0.0,0.0,0.0,0.0,0.0,0.0,0.27669738068499616,0.6659667523890971,1.00412887884861,1.025750569635017,1.1751927939240208,1.1256592204201321,0.5261305771019014,0.37363794779399984,0.3043873786576057,0.3915496602875552,0.10813609975041677,0.0,0.0,0.0,0.0,0.0,0.0,0.0
Simulation,145,0.0,0.0,0.0,0.0,0.0,0.0,0.05785277978470066,0.4410868505338643,0.8874810734719897,0.5179969530926547,0.6707310489667019,0.8027810113004966,0.61040269062557,0.4970473315049385,0.4117281182071268,0.48800310912120615,0.1882971130323082,0.0,0.0,0.0,0.0,0.0,0.0,0.0
Simulation,146,0.0,0.0,0.0,0.0,0.0,0.0,0.2734862891896793,0.4520882871998941,0.6307319279451727,0.26181052878448186,0.31208360432218446,0.29269207659796415,0.21607572609442272,0.18853740786681905,0.136462035666264,0.09680466673665294,0.07318707062743963,0.0,0.0,0.0,0.0,0.0,0.0,0.0
Simulation,147,0.0,0.0,0.0,0.0,0.0,0.0,0.813078321014473,1.5502764572645744,1.5296617841981037,0.9214744972189719,1.001693026620846,1.0977073273279085,0.9028544531018821,0.6117180004710998,0.4855165491323281,0.5012726434320136,0.1512124349498727,0.0,0.0,0.0,0.0,0.0,0.0,0.0
Simulation,148,0.0,0.0,0.0,0.0,0.0,0.0,0.1962561195598131,0.10958738070679885,0.13341631252005892,0.09645806600379525,0.1354309965850431,0.1757486950219107,0.11219755810084603,0.08135517883603277,0.055407372480349604,0.0,0.03450657204494361,0.0,0.0,0.0,0.0,0.0,0.0,0.0
Simulation,149,0.0,0.0,0.0,0.0,0.0,0.0,0.14754017140597575,0.2292500025581134,0.6241877666461927,0.693131729356819,0.6804912693495253,0.4984896627956767,0.16924607959625632,0.18845608266387592,0.20199668932045947,0.28453386355126753,0.09066426361230832,0.0,0.0,0.0,0.0,0.0,0.0,0.0
Simulation,150,0.0,0.0,0.0,0.0,0.0,0.0,0.20733552239731273,0.6271042790342071,0.9101435255274288,0.29914375199694926,0.3869324737999232,0.5030730042630054,0.34802681355426834,0.25432947650687865,0.14393317732550068,0.09993122510187472,0.08667288852540343,0.0,0.0,0.0,0.0,0.0,0.0,0.0
Simulation,151,0.0,0.0,0.0,0.0,0.0,0.0,0.24143976806251377,0.23126794602118617,0.3871011501439823,0.38982903963764287,0.5431066300473464,0.5656151199237229,0.4210331781032032,0.3371768228777834,0.23752971425069147,0.23084441198315286,0.09225749554356157,0.0,0.0,0.0,0.0,0.0,0.0,0.0
Simulation,152,0.0,0.0,0.0,0.0,0.0,0.0,0.4168485065910288,0.7777800284890783,1.0408991503457947,0.984824895608448,1.0230574248713833,0.9947446395299747,0.7007188941985922,0.5675718318992963,0.5578260426782298,0.6239123432210973,0.1250580799983125,0.0,0.0,0.0,0.0,0.0,0.0,0.0
Simulation,153,0.0,0.0,0.0,0.0,0.0,0.0,0.3457734181837234,1.0286664785409658,1.2309804628599128,1.026813314065461,1.0917871306135285,1.130624887514612,0.6526083914436304,0.4915100585522441,0.3999631455205175,0.4323858642725532,0.15936919899060076,0.0,0.0,0.0,0.0,0.0,0.0,0.0
Simulation,154,0.0,0.0,0.0,0.0,0.0,0.0,0.1457201835881352,0.20415956156803816,0.5039104623373443,0.644373040452259,0.8653012434286663,0.8892613577036707,0.35527055187923007,0.18710851764703473,0.1339605090429287,0.18450238663950216,0.09268014683648934,0.0,0.0,0.0,0.0,0.0,0.0,0.0
Simulation,155,0.0,0.0,0.0,0.0,0.0,0.0,0.19677094915716986,0.36784420836452325,0.7958548914160078,0.8131772392531451,0.9076406356740006,0.8135332114036241,0.2830898821010076,0.21513636780576595,0.1830042272509716,0.29082345381750735,0.09266464674119801,0.0,0.0,0.0,0.0,0.0,0.0,0.0
Simulation,156,0.0,0.0,0.0,0.0,0.0,0.0,0.2813795648763846,0.6684788636090582,0.972059860675776,0.7374367801602353,0.5923652089556699,0.34277786715142483,0.2659295568487809,0.4022249877866696,0.41857534955565767,0.6436696760590401,0.08396266418010785,0.0,0.0,0.0,0.0,0.0,0.0,0.0
Simulation,157,0.0,0.0,0.0,0.0,0.0,0.0,0.25509624053774305,0.5260840041251919,0.7983981175239001,0.5319222991772401,0.5857123072986249,0.5658053991572389,0.36671371631691924,0.3243548002037827,0.24541189165522864,0.2636771585514258,0.09222727478645376,0.0,0.0,0.0,0.0,0.0,0.0,0.0
Simulation,158,0.0,0.0,0.0,0.0,0.0,0.0,0.22336863623021605,0.5510750435933487,0.9065759916113453,0.790014806086355,0.9027296760075754,0.9358181882435288,0.6917388070685946,0.5070612013791395,0.3917313919136633,0.3453001442232074,0.12283384867971371,0.0,0.0,0.0,0.0,0.0,0.0,0.0
Simulation,159,0.0,0.0,0.0,0.0,0.0,0.0,0.06473707745601956,0.238006515495839,0.6876464406535856,0.5973805055667075,0.537902023794953,0.5419995876203425,0.6944967068211161,0.7739564316892162,0.7706942175420272,0.4571063758340581,0.10602115079514376,0.0,0.0,0.0,0.0,0.0,0.0,0.0
Simulation,160,0.0,0.0,0.0,0.0,0.0,0.0,0.15418444146867916,0.6238128931808743,1.1076208985293796,1.286455563057696,1.2906113676211868,1.304093679435657,0.7204721025694704,0.49882731217289134,0.3615425453385008,0.20608773036623412,0.0923784369345798,0.0,0.0,0.0,0.0,0.0,0.0,0.0
Simulation,161,0.0,0.0,0.0,0.0,0.0,0.0,0.3158062697362593,0.6255946251081718,0.8883592055282891,0.41477132995014393,0.40831215415109146,0.5062983311757523,0.6658133909107178,0.6153350491215175,0.5133034505380971,0.31274746663542374,0.10713308187873691,0.0,0.0,0.0,0.0,0.0,0.0,0.0
Simulation,162,0.0,0.0,0.0,0.0,0.0,0.0,0.2170196621022609,0.5703917407870757,0.8182083989280506,0.26657652793114484,0.3127396678088171,0.3330630653046477,0.2225434781083387,0.2655895124711266,0.2512715347909446,0.3502745857848033,0.12446214476247383,0.0,0.0,0.0,0.0,0.0,0.0,0.0
Simulation,163,0.0,0.0,0.0,0.0,0.0,0.0,0.2659105747331005,0.17733054305033918,0.26789853536503194,0.6775180486073352,0.8460394078534833,0.885657839810064,0.7424017768053064,0.6341086091123888,0.6093670154599646,0.3443260862205787,0.08025057386177273,0.0,0.0,0.0,0.0,0.0,0.0,0.0
Simulation,164,0.0,0.0,0.0,0.0,0.0,0.0,0.2074627970955701,0.45941153075121316,0.7655948043153986,0.3040968170568147,0.2652984048832001,0.17663081368542022,0.06429840429584055,0.07417738033180271,0.09499001573212582,0.13213416108271644,0.09216659866388711,0.0,0.0,0.0,0.0,0.0,0.0,0.0
Simulation,165,0.0,0.0,0.0,0.0,0.0,0.0,0.279927399383459,0.8081780523247616,1.0861075698686486,0.7055335492891596,0.589672397238627,0.5238610916955588,0.5263132989041539,0.461914168099754,0.36954889252398426,0.2568795790292549,0.08599309343578442,0.0,0.0,0.0,0.0,0.0,0.0,0.0
Simulation,166,0.0,0.0,0.0,0.0,0.0,0.0,0.3586973462352687,0.706216732876111,0.9658353206883235,0.6352918441960944,0.5285540412846792,0.3445798652911829,0.11077270955379387,0.0919870652626476,0.10618043755948547,0.10802470570973596,0.0805294117647058,0.0,0.0,0.0,0.0,0.0,0.0,0.0
Simulation,167,0.0,0.0,0.0,0.0,0.0,0.0,0.3484432489084887,0.45539876578102956,0.6473213168955216,0.6862845594978252,1.0184359230356481,1.0857250743349176,0.36944241641006936,0.12250297638567514,0.08527868408640227,0.11018031831368758,0.09246125859585952,0.0,0.0,0.0,0.0,0.0,0.0,0.0
Simulation,168,0.0,0.0,0.0,0.0,0.0,0.0,0.08655930066310191,0.35420711502076996,0.7182706327295671,0.2793367397093654,0.3245704645344389,0.3449258566921524,0.23742380446429456,0.22775477338026437,0.16205418289141008,0.16273191089070352,0.10546441791131458,0.0,0.0,0.0,0.0,0.0,0.0,0.0
Simulation,169,0.0,0.0,0.0,0.0,0.0,0.0,0.2401882485528498,0.6427060285058842,0.9309446661539778,0.5273160964791745,0.6869238646631357,0.8424743825181427,0.8976362120213177,0.636458674407298,0.4437195022910277,0.2899778539920393,0.10793951021664734,0.0,0.0,0.0,0.0,0.0,0.0,0.0
Simulation,170,0.0,0.0,0.0,0.0,0.0,0.0,0.38200178250239136,0.6132919341824015,0.7984162389689698,0.5200345520935188,0.694616382626966,0.8422766563089397,0.9651898127716074,0.7832748544040955,0.6129236820621933,0.3083836519577359,0.09206413678452718,0.0,0.0,0.0,0.0,0.0,0.0,0.0
Simulation,171,0.0,0.0,0.0,0.0,0.0,0.0,0.26997167964939833,0.37987487424609223,0.6293043699965502,0.568155393697801,0.5402299430772687,0.42674071593541946,0.40492811699934694,0.41552162564424433,0.3503342763662962,0.29222182243961375,0.07742755884480054,0.0,0.0,0.0,0.0,0.0,0.0,0.0
Simulation,172,0.0,0.0,0.0,0.0,0.0,0.0,0.10114703199566374,0.8318753674389264,1.437283867684964,1.277715485233246,1.167556166580998,1.1180375920032206,0.5519175828728433,0.3888087502249615,0.20657286207791226,0.18507212233456866,0.11354766381640402,0.0,0.0,0.0,0.0,0.0,0.0,0.0
Simulation,173,0.0,0.0,0.0,0.0,0.0,0.0,0.1774441039783604,0.45177947509198,0.7920495210996785,0.5195426268485374,0.54139158229622,0.5380663386458581,0.407488169696845,0.374314067949263,0.2993383287897658,0.3058341024592431,0.11659533930348623,0.0,0.0,0.0,0.0,0.0,0.0,0.0
Simulation,174,0.0,0.0,0.0,0.0,0.0,0.0,0.29165999933227776,0.8658751902421538,1.1032664147261235,0.717052969347398,0.834424615733217,0.8284735130353903,0.2462072261774368,0.13375971905123968,0.10531307505686749,0.17693022221373625,0.0941325394772369,0.0,0.0,0.0,0.0,0.0,0.0,0.0
Simulation,175,0.0,0.0,0.0,0.0,0.0,0.0,0.26822578190842644,0.30416691323096834,0.6446797752192399,0.9168019281038978,1.0276217660560545,0.9887630944168895,0.6324919253390089,0.4884428429301369,0.367678842355268,0.16653022390737118,0.054525837687041,0.0,0.0,0.0,0.0,0.0,0.0,0.0
Simulation,176,0.0,0.0,0.0,0.0,0.0,0.0,0.28727600559113287,0.36152448766492784,0.6310870389845121,0.9290321602633336,1.1850929981940614,1.2006689773355337,0.6307709965095922,0.4856750301909542,0.47456834147526683,0.6696233029747926,0.12441063823722981,0.0,0.0,0.0,0.0,0.0,0.0,0.0
Simulation,177,0.0,0.0,0.0,0.0,0.0,0.0,0.1591381940068346,0.4389045869964916,0.8794804826673911,0.9275173962601981,1.0862793992714213,1.2781981121111987,1.4076424828484737,1.0168163687671632,0.6524968951462758,0.213997672284892,0.08117078757404293,0.0,0.0,0.0,0.0,0.0,0.0,0.0
Simulation,178,0.0,0.0,0.0,0.0,0.0,0.0,0.222708320129938,0.6294444415393065,0.9022768123847936,0.16112020135763838,0.11565636853563221,0.18822112631854193,0.4991531153757416,0.4239534739505614,0.16929766177541547,0.011301607504686562,0.049023058686315096,0.0,0.0,0.0,0.0,0.0,0.0,0.0
Simulation,179,0.0,0.0,0.0,0.0,0.0,0.0,0.2564521465092831,0.3816616616512707,0.35499548908126133,0.07250667074595318,0.05192889878460338,0.0996622884774373,0.09416440944128845,0.10004880444662112,0.12858141345104324,0.2443939123567978,0.12306466591139029,0.0,0.0,0.0,0.0,0.0,0.0,0.0
Simulation,180,0.0,0.0,0.0,0.0,0.0,0.0,1.0428403161442608,1.4635876721559984,1.3322166779935947,0.9636627371741675,0.7678274382958455,0.5840153419374511,0.6168642010083389,0.6434503498767196,0.7104431040965711,0.38790334365281276,0.09136665008370902,0.0,0.0,0.0,0.0,0.0,0.0,0.0
Simulation,181,0.0,0.0,0.0,0.0,0.0,0.0,0.14197977144242763,0.5785013119442027,1.0125826336357018,0.9731420425317127,1.0230674027931164,0.9743789888599058,0.5161555047509638,0.3460213052038863,0.2252225574778358,0.30212411893516183,0.14288149516324117,0.0,0.0,0.0,0.0,0.0,0.0,0.0
Simulation,182,0.0,0.0,0.0,0.0,0.0,0.0,0.26406899699460534,0.842346093126945,1.1335120106079573,0.6440925062324809,0.5909848655233753,0.5624524202692592,0.3349566992333802,0.22981276988801871,0.127368590978484,0.07706018534768908,0.08424606731998335,0.0,0.0,0.0,0.0,0.0,0.0,0.0
Simulation,183,0.0,0.0,0.0,0.0,0.0,0.0,0.13279141434986097,0.4680057745935364,0.7852018243042469,0.33700976829461504,0.35319359293851754,0.5418904544433942,0.9867615704963644,0.946425651391542,0.6211009729931423,0.10768563090595651,0.07174349569786975,0.0,0.0,0.0,0.0,0.0,0.0,0.0
Simulation,184,0.0,0.0,0.0,0.0,0.0,0.0,0.764654556058308,1.4395638972775298,1.2061995843170232,0.4603712609977786,0.3128099390672958,0.33589286341096014,0.5546625274437689,0.5083476739899984,0.44290787961247813,0.30095335421358815,0.08426340659656686,0.0,0.0,0.0,0.0,0.0,0.0,0.0
Simulation,185,0.0,0.0,0.0,0.0,0.0,0.0,0.5219065803240293,1.147181524916597,1.4412114744575608,1.6244654398683398,1.5846351916871666,1.5801226727414228,0.979941123296661,0.6505818938608212,0.7396206833758054,1.20016853105875,0.20727638973980247,0.0,0.0,0.0,0.0,0.0,0.0,0.0
Simulation,186,0.0,0.0,0.0,0.0,0.0,0.0,0.28726950583118105,0.9361200891160211,1.2635282267320485,1.2755016224815166,1.1851136410578698,1.2090909103634413,1.029416583312647,0.8079605585172414,0.7222506168642714,0.6234639068877154,0.10825756265000873,0.0,0.0,0.0,0.0,0.0,0.0,0.0
Simulation,187,0.0,0.0,0.0,0.0,0.0,0.0,0.15921420138051234,0.7354384198686734,1.1562020951090743,0.8820385522710137,0.9419665598005755,0.9134477919573744,0.4568700508058586,0.3425147535768227,0.2436401253592452,0.29998307734804647,0.11278991295086921,0.0,0.0,0.0,0.0,0.0,0.0,0.0
Simulation,188,0.0,0.0,0.0,0.0,0.0,0.0,0.27578231350766846,0.5644586437545245,0.8818805237456167,0.7075713070208436,0.7722037243689082,0.7149076244415327,0.4044873376827969,0.3453129001863339,0.28564670073986625,0.3174026275715564,0.0934816929407384,0.0,0.0,0.0,0.0,0.0,0.0,0.0
Simulation,189,0.0,0.0,0.0,0.0,0.0,0.0,0.6334548484448435,0.6922817471793543,0.836421913544521,0.3010931714411754,0.5850987826265637,0.8017348101644665,0.7320968966646911,0.5073924455977603,0.3308783456791187,0.1604332644760344,0.08118539587392425,0.0,0.0,0.0,0.0,0.0,0.0,0.0
Simulation,190,0.0,0.0,0.0,0.0,0.0,0.0,0.08640646578208497,0.6438465820733728,1.0168933793023358,0.39561648756280005,0.1812599150883989,0.13175606575703847,0.22517747867468774,0.37674609884703725,0.31076298374788003,0.23211276970597466,0.09211106131025174,0.0,0.0,0.0,0.0,0.0,0.0,0.0
Simulation,191,0.0,0.0,0.0,0.0,0.0,0.0,0.4511699008039978,0.2748422543942772,0.25487399705918834,0.2113239297741064,0.2932313736284595,0.2762439685418119,0.3228861909823569,0.3425069128997906,0.2980132906949224,0.2785868527210608,0.08058981848833144,0.0,0.0,0.0,0.0,0.0,0.0,0.0
Simulation,192,0.0,0.0,0.0,0.0,0.0,0.0,0.32230944002345596,0.6179131942217433,0.9082287373902389,0.7224479070700689,0.9079203349998058,0.9412248894247158,0.5311292507298628,0.30822339560206524,0.14901710058405612,0.10411608023752073,0.08832384950984956,0.0,0.0,0.0,0.0,0.0,0.0,0.0
Simulation,193,0.0,0.0,0.0,0.0,0.0,0.0,0.25669191176131856,0.4171332840707799,0.4754400370457207,0.1299874864056052,0.2560429411123849,0.4706707250234291,0.4331877514111598,0.2847055767462532,0.1552503636818919,0.1316747632156372,0.10318922797190773,0.0,0.0,0.0,0.0,0.0,0.0,0.0
Simulation,194,0.0,0.0,0.0,0.0,0.0,0.0,0.4609494030387289,0.701509143596168,1.0085618496570259,1.1915642644988396,1.033672637927122,0.8548599689606062,0.5162296775470715,0.45281360645246477,0.4108043708299415,0.3989758975460733,0.08846092112234975,0.0,0.0,0.0,0.0,0.0,0.0,0.0
Simulation,195,0.0,0.0,0.0,0.0,0.0,0.0,0.17455637263116136,0.5219489137512803,0.8694834073318796,0.4981031182487149,0.6569403559031554,0.7815766388279648,0.5698172927574415,0.44608980298349243,0.30381218357877193,0.33139274063311885,0.1773067413168373,0.0,0.0,0.0,0.0,0.0,0.0,0.0
Simulation,196,0.0,0.0,0.0,0.0,0.0,0.0,0.09310996981566,0.50230834151246,0.9365247578794639,0.9718769713385125,0.9986747481438643,0.9457290102476295,0.6349678903751993,0.5626597943008146,0.5909914103272056,0.6283971839938822,0.11421323511797297,0.0,0.0,0.0,0.0,0.0,0.0,0.0
Simulation,197,0.0,0.0,0.0,0.0,0.0,0.0,0.13877573716838038,0.4282096756567981,0.7899427310774729,0.4107969973190319,0.5077310740717962,0.47051028691056174,0.16073981420964567,0.14013246267157559,0.17026038915388572,0.3521001420145544,0.16253194406298171,0.0,0.0,0.0,0.0,0.0,0.0,0.0
Simulation,198,0.0,0.0,0.0,0.0,0.0,0.0,0.26050488005156575,0.6024498849738644,0.8985992187776173,0.7007519548609757,1.0162425640719697,1.2819341572512148,0.8156755629653291,0.4962440263207542,0.3337583176496088,0.2785798373376384,0.11025823488021252,0.0,0.0,0.0,0.0,0.0,0.0,0.0
Simulation,199,0.0,0.0,0.0,0.0,0.0,0.0,0.17906849094563732,0.6362863884286868,0.9947201133491573,0.6694834858220443,0.6953762988244914,0.8033094603382455,0.8429249520504751,0.6352164524059261,0.4272820647771306,0.24389342511136308,0.1135237262899322,0.0,0.0,0.0,0.0,0.0,0.0,0.0
Simulation,200,0.0,0.0,0.0,0.0,0.0,0.0,0.2830149208686562,0.8340526335065775,1.0880085851374175,0.7884782521304021,0.9966044147761082,1.1715100981076616,0.9027589102223641,0.5470731711380873,0.3726153820279267,0.2983590125531041,0.12557502893130473,0.0,0.0,0.0,0.0,0.0,0.0,0.0
Simulation,201,0.0,0.0,0.0,0.0,0.0,0.0,0.2234420382409119,0.7511191469576782,1.1168544571724395,0.9266900012605782,1.044242196815764,1.1326523102989337,0.8157013964739777,0.600695681326898,0.5143498454856297,0.5941519528691783,0.16715548388112456,0.0,0.0,0.0,0.0,0.0,0.0,0.0
Simulation,202,0.0,0.0,0.0,0.0,0.0,0.0,0.27606045796952455,0.6044903245601191,0.8216275854067432,0.2738951828921198,0.2534505888108205,0.2663707852916094,0.543399348106542,0.5158938238257065,0.5119136885621349,0.35237647735187827,0.09712208111551247,0.0,0.0,0.0,0.0,0.0,0.0,0.0
Simulation,203,0.0,0.0,0.0,0.0,0.0,0.0,0.6235069973889594,1.2741520671311037,1.3137938639694426,1.042934700404548,1.212359871231423,1.293866322417633,0.582178458611445,0.3890206659816328,0.2368318248957755,0.29073803119960534,0.09869227359919393,0.0,0.0,0.0,0.0,0.0,0.0,0.0
Simulation,204,0.0,0.0,0.0,0.0,0.0,0.0,0.27410287054322463,0.7670857541846507,1.1174482115816469,0.8509805301597415,0.7391319193765231,0.5641380811449195,0.4269493532579083,0.43512183872477495,0.3751651330663601,0.3661062178253789,0.09826971496358958,0.0,0.0,0.0,0.0,0.0,0.0,0.0
Simulation,205,0.0,0.0,0.0,0.0,0.0,0.0,0.8807186800491906,1.3231021840585973,1.2363583599386847,0.9996914399951803,1.0722800892307585,1.1330318508320587,1.0115971749775872,0.7816537301557723,0.6999824645323098,0.4508985244519974,0.09417202652627682,0.0,0.0,0.0,0.0,0.0,0.0,0.0
Simulation,206,0.0,0.0,0.0,0.0,0.0,0.0,0.3873655894429596,0.3937778717995478,0.3442195684789664,0.2759297104415194,0.6175820448030147,0.8091545894816792,0.5866218620950957,0.44219192036940463,0.23858413732292538,0.10993152479910412,0.07316604218631866,0.0,0.0,0.0,0.0,0.0,0.0,0.0
Simulation,207,0.0,0.0,0.0,0.0,0.0,0.0,0.36529598103422395,1.3217413642641114,1.5062288607509484,1.4383809807381303,1.1779579774805577,1.0983855133666884,0.8362896510796738,0.6002838547882007,0.4102248397743142,0.16480824522666898,0.08039455694554802,0.0,0.0,0.0,0.0,0.0,0.0,0.0
Simulation,208,0.0,0.0,0.0,0.0,0.0,0.0,0.2744532534400559,0.5871746826019432,0.9200067130713873,0.8507196280592506,0.7690534261082463,0.5381089260548924,0.36790727580748106,0.43374096486481717,0.41133564221875196,0.4085913739597236,0.0805294117647058,0.0,0.0,0.0,0.0,0.0,0.0,0.0
Simulation,209,0.0,0.0,0.0,0.0,0.0,0.0,0.1118065256896063,0.24392485224620064,0.5741060236362348,0.44550168330361317,0.41764465531280853,0.3050253985694699,0.1670310692717068,0.20067615192724403,0.18393427344251667,0.1628245016505508,0.07306645391000169,0.0,0.0,0.0,0.0,0.0,0.0,0.0
Simulation,210,0.0,0.0,0.0,0.0,0.0,0.0,0.06325981059056451,0.024046924175740836,0.0942116355753232,0.6846072110610099,1.015556061148014,1.1840651790290182,1.1268851869985559,0.7530161741426245,0.48025314939039804,0.14098381206073263,0.07298122809224569,0.0,0.0,0.0,0.0,0.0,0.0,0.0
Simulation,211,0.0,0.0,0.0,0.0,0.0,0.0,0.6472408466207304,1.0332910713660346,1.1570664916473963,0.9276178989654769,0.8960862448789282,0.7978552423593273,0.44822415835491597,0.3889595424000839,0.35143690993357324,0.4794134171982025,0.0944222890794165,0.0,0.0,0.0,0.0,0.0,0.0,0.0
Simulation,212,0.0,0.0,0.0,0.0,0.0,0.0,1.0783504276300955,1.4384902375227235,1.4277830314277984,1.4147351505573007,1.1402058250810008,0.8717586688714132,0.28370635739234495,0.24917014851103494,0.23746470734556452,0.23199588973582466,0.06875796430533107,0.0,0.0,0.0,0.0,0.0,0.0,0.0
Simulation,213,0.0,0.0,0.0,0.0,0.0,0.0,1.0151542680199055,1.6430690495315226,1.6570285448651831,1.643800698199624,1.4263457380013898,1.170211102660847,1.3713287090385762,1.3360352079960616,1.1841540700886934,0.7653779696128394,0.10467660234906215,0.0,0.0,0.0,0.0,0.0,0.0,0.0
Simulation,214,0.0,0.0,0.0,0.0,0.0,0.0,0.07324626640059592,0.14593094007811797,0.5132646545404516,0.8778265278733697,1.258637306117095,1.5230540215608532,1.3450145612074,0.8017513408153718,0.5119047899999821,0.30558155441617363,0.09410034449801939,0.0,0.0,0.0,0.0,0.0,0.0,0.0
Simulation,215,0.0,0.0,0.0,0.0,0.0,0.0,0.0,0.04315460723555964,0.19160769111230613,0.2896381569889372,0.694320141109472,0.8870965669578454,0.5980385295268824,0.4390077214028832,0.19329951333623446,0.09775555682392265,0.09321667893001151,0.0,0.0,0.0,0.0,0.0,0.0,0.0
Simulation,216,0.0,0.0,0.0,0.0,0.0,0.0,0.26569746525072785,0.22739943251691008,0.3723927829748983,0.5752834217299801,0.7730022855388614,0.7346918119910871,0.21587424106031894,0.1548912080522244,0.14084095761841994,0.12085643814826155,0.07240485980345374,0.0,0.0,0.0,0.0,0.0,0.0,0.0
Simulation,217,0.0,0.0,0.0,0.0,0.0,0.0,0.25560992830201645,0.6770462044893469,1.1067665061784622,0.9040791290090129,0.7538162168534162,0.3352552368819824,0.013157967430516226,0.0,0.0453805280039738,0.12949766975606133,0.08246089201830593,0.0,0.0,0.0,0.0,0.0,0.0,0.0
Simulation,218,0.0,0.0,0.0,0.0,0.0,0.0,0.2641904970541609,0.5518689878502593,0.80815695656826,0.592848052584882,0.6004791071978877,0.6408149512419344,0.6227388943415608,0.5629180070479386,0.4798532473031635,0.24688628356292835,0.07469698742424725,0.0,0.0,0.0,0.0,0.0,0.0,0.0
Simulation,219,0.0,0.0,0.0,0.0,0.0,0.0,0.28863268602811515,0.7319255980356731,1.0014700236046667,0.8045268507616551,1.0570840622137094,1.2286054261048873,0.6991669577874144,0.45743630898167253,0.2727032132574104,0.2825796819419302,0.12303582113660284,0.0,0.0,0.0,0.0,0.0,0.0,0.0
Simulation,220,0.0,0.0,0.0,0.0,0.0,0.0,0.20411757338460235,0.6262032889811284,1.0182216071083448,0.9084505872716406,0.9653157761250493,0.8365072885383382,0.21495591488629295,0.19055203626642309,0.24672688785165064,0.7007063867808536,0.16899008473008337,0.0,0.0,0.0,0.0,0.0,0.0,0.0
Simulation,221,0.0,0.0,0.0,0.0,0.0,0.0,1.0381058484055818,1.6278776430845445,1.6464479262413696,1.34800230305274,1.0009782120168877,0.8717538864291261,0.5717221793039935,0.5189662074973369,0.6657543840661515,1.0656351620670053,0.20593726370042867,0.0,0.0,0.0,0.0,0.0,0.0,0.0
Simulation,222,0.0,0.0,0.0,0.0,0.0,0.0,0.5612416933894262,0.7340111673180717,0.9066124592395844,0.6956514104356012,0.9419075983895018,1.145889570441391,0.9958325483394633,0.6540605031841773,0.5118636054925995,0.35958703452651897,0.1100973037990994,0.0,0.0,0.0,0.0,0.0,0.0,0.0
Simulation,223,0.0,0.0,0.0,0.0,0.0,0.0,0.18536792543320807,1.0476649763708001,1.4534896318688735,1.2106960784313725,0.9993049785123953,0.9271585946548325,0.6498168024537753,0.6364224903792635,0.759734592191479,0.9573478472607635,0.2067310841174482,0.0,0.0,0.0,0.0,0.0,0.0,0.0
Simulation,224,0.0,0.0,0.0,0.0,0.0,0.0,0.2889338642329553,0.5093448555565253,0.8231394673820378,0.8011705608736296,0.8469512332653123,0.7545525838377208,0.2361031089075315,0.16043676474473623,0.12090583473190375,0.07475029362891261,0.0670087778510592,0.0,0.0,0.0,0.0,0.0,0.0,0.0
Simulation,225,0.0,0.0,0.0,0.0,0.0,0.0,0.36221126424888694,0.6932669038803188,0.9694774793125036,0.85364712051809,0.9743054644979583,0.9610709345760428,0.549429612817604,0.4259908963497484,0.30777063854374465,0.31019523560637435,0.09270894076640557,0.0,0.0,0.0,0.0,0.0,0.0,0.0
Simulation,226,0.0,0.0,0.0,0.0,0.0,0.0,0.044692042701252016,0.3320948431340179,0.8892788290226256,0.7299362655535402,0.7574305688428513,0.7884579642794632,0.6716381552355537,0.5727882677982422,0.42058068297993123,0.2337501425494485,0.09303591018870289,0.0,0.0,0.0,0.0,0.0,0.0,0.0
Simulation,227,0.0,0.0,0.0,0.0,0.0,0.0,0.09620504048800793,0.33352441117540954,0.6877425748177002,0.5466173192367298,0.6684411250249622,0.7615562127252538,0.5776566843098885,0.4979429216124557,0.4900486035111344,0.5621188181712335,0.1935133928429087,0.0,0.0,0.0,0.0,0.0,0.0,0.0
Simulation,228,0.0,0.0,0.0,0.0,0.0,0.0,0.1069379267284346,0.5706465650896635,0.9570082897272161,0.7930474014951621,0.7696100785623129,0.7805290368708658,0.7299831269778025,0.7751713134021173,0.8068559969674531,0.7094929196650885,0.14434545557081463,0.0,0.0,0.0,0.0,0.0,0.0,0.0
Simulation,229,0.0,0.0,0.0,0.0,0.0,0.0,0.0815932110608282,0.28879510769736255,0.6911664318180536,0.4970742634734414,0.5684552461191364,0.5644403648676318,0.3204849496779153,0.27075082347770263,0.18168589210700958,0.17683863501613917,0.09074785366573997,0.0,0.0,0.0,0.0,0.0,0.0,0.0
Simulation,230,0.0,0.0,0.0,0.0,0.0,0.0,0.3582744260168682,0.6306071304221859,0.9190141231431451,0.8609706941543736,0.9090602428459791,0.8960540246699054,0.7399836679065308,0.6799716486698818,0.7570267117861018,0.7265145997469167,0.1509660805996406,0.0,0.0,0.0,0.0,0.0,0.0,0.0
Simulation,231,0.0,0.0,0.0,0.0,0.0,0.0,0.28086204727031083,0.5308523946515346,0.7069029941186064,0.39351041236422357,0.6148219333835294,0.7844522176136509,0.5804627427845616,0.45017740637483405,0.27259396201093977,0.1894011062279921,0.0927234668495515,0.0,0.0,0.0,0.0,0.0,0.0,0.0
Simulation,232,0.0,0.0,0.0,0.0,0.0,0.0,0.4476190410163071,1.4735479158060762,1.487591513486884,1.1446698987690618,1.1165867867961201,1.2534507584312604,1.0695065486528144,0.7796424738173211,0.6743687973649652,0.7578907704909781,0.20677496032296797,0.0,0.0,0.0,0.0,0.0,0.0,0.0
Simulation,233,0.0,0.0,0.0,0.0,0.0,0.0,0.11482946588621208,0.36442838436835323,0.7697128879604062,0.5300900832965632,0.659615730170092,0.6282855804683263,0.26746625302174565,0.23046538286635207,0.20017167034528746,0.31254875335307203,0.11490955852242919,0.0,0.0,0.0,0.0,0.0,0.0,0.0
Simulation,234,0.0,0.0,0.0,0.0,0.0,0.0,0.19755316876850573,0.4692893416294415,0.6628890489642706,0.1687377659409428,0.18514247657174154,0.17840041465790168,0.09512409135892813,0.1044066573988569,0.11135037123483166,0.1137391109266078,0.08989740717190763,0.0,0.0,0.0,0.0,0.0,0.0,0.0
Simulation,235,0.0,0.0,0.0,0.0,0.0,0.0,0.2650530825404173,0.15403359247860937,0.17220019185569513,0.06425885893153271,0.14665713777219003,0.24426795655633549,0.08754894001551922,0.00047149818072006466,0.0,0.010878029617551577,0.0801960784313725,0.0,0.0,0.0,0.0,0.0,0.0,0.0
Simulation,236,0.0,0.0,0.0,0.0,0.0,0.0,0.1512715076931212,0.25264881820183793,0.632144664268462,0.31790789651908397,0.36372146982899445,0.20479353631874775,0.011308414928303256,0.0,0.0,0.06726565152951058,0.08360550922834246,0.0,0.0,0.0,0.0,0.0,0.0,0.0
Simulation,237,0.0,0.0,0.0,0.0,0.0,0.0,0.2533005409576366,0.6344424853409685,1.0841908412045291,1.4237670569092349,1.5191118644563293,1.462098454174464,0.5753871369607276,0.40885582548844446,0.28856754001438634,0.30711375950572933,0.09484792675747103,0.0,0.0,0.0,0.0,0.0,0.0,0.0
Simulation,238,0.0,0.0,0.0,0.0,0.0,0.0,0.09296387869824832,0.4878844571968254,0.9357955550221464,0.9994299011369638,0.9445013751824501,0.8179870490296977,0.5238153256275297,0.4870655890586454,0.5915148055443518,0.8613405236455799,0.15323866196824992,0.0,0.0,0.0,0.0,0.0,0.0,0.0
Simulation,239,0.0,0.0,0.0,0.0,0.0,0.0,0.9156415370370197,1.5124874184767547,1.3194294796644628,0.6978737560022735,0.7569412650463591,0.8422685563139559,0.9634768581628024,0.8200133613855153,0.7278195740047104,0.6038102154355345,0.14189623992828448,0.0,0.0,0.0,0.0,0.0,0.0,0.0
Simulation,240,0.0,0.0,0.0,0.0,0.0,0.0,0.12949029307382764,0.23849301912583531,0.6877448710076276,0.8480911623440874,0.9416600455997534,0.8519204503538829,0.40465318429940034,0.31556342920962266,0.19654642269917122,0.1101180539640414,0.06916232439684214,0.0,0.0,0.0,0.0,0.0,0.0,0.0
Simulation,241,0.0,0.0,0.0,0.0,0.0,0.0,0.05981824511274508,0.09672049059828447,0.2615475340933643,0.45055130916296443,0.5188310364616951,0.4837975176024647,0.36582779592616294,0.38080451255561804,0.31745287553929596,0.25634299885190687,0.07956021697459888,0.0,0.0,0.0,0.0,0.0,0.0,0.0
Simulation,242,0.0,0.0,0.0,0.0,0.0,0.0,0.2855465860636594,1.026789817758114,1.2357733094820158,0.7769700536780406,0.6925059528865305,0.538084630214638,0.24329425343567573,0.2447431489864835,0.18353262352756528,0.156452677857988,0.09028017353191946,0.0,0.0,0.0,0.0,0.0,0.0,0.0
Simulation,243,0.0,0.0,0.0,0.0,0.0,0.0,0.1493468537145346,0.533379316872851,0.9516920988793316,0.9154097165449288,0.6679143780129388,0.37537978795183496,0.4881638303661898,0.5062543468389235,0.6021424091665443,0.5037079251026148,0.09227660241429143,0.0,0.0,0.0,0.0,0.0,0.0,0.0
Simulation,244,0.0,0.0,0.0,0.0,0.0,0.0,0.07352150100568133,0.21072446645421516,0.5480091871394827,0.39792583366061146,0.43436911822520735,0.28296783632445566,0.0484739578612427,0.07840902702127761,0.15528222366650027,0.3579405305592813,0.10966543092075082,0.0,0.0,0.0,0.0,0.0,0.0,0.0
Simulation,245,0.0,0.0,0.0,0.0,0.0,0.0,0.2528389422403455,0.9218668575933855,1.2155933251968558,0.7518367994411211,0.7106051089359033,0.7140663298517165,0.5935550116602573,0.5077356563911691,0.41380996615537646,0.32287401094149576,0.12368534745171422,0.0,0.0,0.0,0.0,0.0,0.0,0.0
Simulation,246,0.0,0.0,0.0,0.0,0.0,0.0,0.08074933217551661,0.3143569396004434,0.7465594281660779,0.3958666857053375,0.5552482321779756,0.54224594542047,0.10713598253588841,0.07409874595162136,0.09102214701348396,0.2832114084027826,0.18010810175589984,0.0,0.0,0.0,0.0,0.0,0.0,0.0
Simulation,247,0.0,0.0,0.0,0.0,0.0,0.0,0.27949080498214496,0.4483264873672056,0.7831069139519661,0.7508056604579483,0.8792559137801756,0.8198316428423906,0.4060100292057371,0.2959091779659798,0.23180426664974954,0.29814043849464184,0.08387722855382025,0.0,0.0,0.0,0.0,0.0,0.0,0.0
Simulation,248,0.0,0.0,0.0,0.0,0.0,0.0,0.3133766951524911,0.835595473669745,1.2189199024353345,1.376556245900466,1.1414651000140739,0.9765539238525194,0.5588052268006035,0.46051625131149126,0.41337185095408197,0.5917854197447698,0.14944463840622593,0.0,0.0,0.0,0.0,0.0,0.0,0.0
Simulation,249,0.0,0.0,0.0,0.0,0.0,0.0,0.26811420670465586,0.7165027514975516,0.9998784568446848,0.5519407598558078,0.23107749224529706,0.11677699345052173,0.2826708426383597,0.44599399880190244,0.39336569047891945,0.2785415713437682,0.0805294117647058,0.0,0.0,0.0,0.0,0.0,0.0,0.0
Simulation,250,0.0,0.0,0.0,0.0,0.0,0.0,0.19452900756751218,0.5696378961777464,0.9309704003251519,0.6969942264502841,0.5785001990214063,0.3982519917481366,0.21698028881703335,0.22204022239361462,0.14958408964984538,0.08127620774945166,0.06915299415618928,0.0,0.0,0.0,0.0,0.0,0.0,0.0
Simulation,251,0.0,0.0,0.0,0.0,0.0,0.0,0.2530210038320848,0.8269891515065104,1.2968086980499196,1.5976045878394738,1.2667774248503867,1.0827603974091904,1.2378573956837529,1.4045796869930998,1.4872880717877275,1.390057340943681,0.14485214720926542,0.0,0.0,0.0,0.0,0.0,0.0,0.0
Simulation,252,0.0,0.0,0.0,0.0,0.0,0.0,0.0,0.0216281553805725,0.08128734872666998,0.12718296712749522,0.050394028868944285,0.06348984057154128,0.2021209646711553,0.3820767174004871,0.31362558131463414,0.11197045962118324,0.05184663955155315,0.0,0.0,0.0,0.0,0.0,0.0,0.0
Simulation,253,0.0,0.0,0.0,0.0,0.0,0.0,0.051764217477390406,0.5578572379388398,1.0480465085044741,0.9223391493587239,0.777071327055541,0.6563079583736399,0.5318612829887621,0.4915123293215811,0.4945027334534349,0.5612462140649325,0.1308615902330355,0.0,0.0,0.0,0.0,0.0,0.0,0.0
Simulation,254,0.0,0.0,0.0,0.0,0.0,0.0,0.19556598093133604,0.6953986672165231,1.056515658326742,0.7643742949691605,0.7676987468538589,0.7406278952849097,0.5411213386106044,0.46468084984923547,0.3870147510418521,0.30807099732834564,0.09523312052106311,0.0,0.0,0.0,0.0,0.0,0.0,0.0
Simulation,255,0.0,0.0,0.0,0.0,0.0,0.0,0.04498096192302334,0.39810293827680027,0.9086197484555982,0.7856777508978974,0.8546731809928185,0.8296719794078059,0.42453447048578674,0.3434054339010353,0.255558208288709,0.31252347758260135,0.12308172631480468,0.0,0.0,0.0,0.0,0.0,0.0,0.0
Simulation,256,0.0,0.0,0.0,0.0,0.0,0.0,0.7030206924599403,1.1439948588314475,1.2315954941441787,1.173280233257168,0.9323419922638274,0.8883643330315483,1.2460814124448427,1.351037331180314,1.3639397631538,1.0394411527440222,0.12286778874916635,0.0,0.0,0.0,0.0,0.0,0.0,0.0
Simulation,257,0.0,0.0,0.0,0.0,0.0,0.0,0.16035313242147475,0.28591887651227915,0.7567774849144157,0.8480518899885057,0.8186557297378761,0.6097772591616325,0.21943388937039288,0.31189463176770893,0.365666610959741,0.6517640778624896,0.10994148847643304,0.0,0.0,0.0,0.0,0.0,0.0,0.0
Simulation,258,0.0,0.0,0.0,0.0,0.0,0.0,0.23157970290433394,0.748703194217095,1.107904491258367,0.7178191519827122,0.6012163715296998,0.5843142284881253,0.5930203940838584,0.49638019759102453,0.32996149573218114,0.10734372916957213,0.07955216830435835,0.0,0.0,0.0,0.0,0.0,0.0,0.0
Simulation,259,0.0,0.0,0.0,0.0,0.0,0.0,0.2579107907806627,0.9411392046408849,1.3295281017941087,0.9284851660697937,0.9708536689886794,0.9789685312676346,0.5533724882321978,0.31950622881210733,0.10527261673426205,0.02289215271662126,0.08038975504864676,0.0,0.0,0.0,0.0,0.0,0.0,0.0
Simulation,260,0.0,0.0,0.0,0.0,0.0,0.0,0.45681592495404955,1.4162070570641871,1.515465617461619,1.5721896343944965,1.2779942995001419,1.1420998044848878,0.9149733760722021,0.7772354355735083,0.7384818935672341,0.5102764045936526,0.0950845509013616,0.0,0.0,0.0,0.0,0.0,0.0,0.0
Simulation,261,0.0,0.0,0.0,0.0,0.0,0.0,0.29556917821472073,0.6121017387980395,0.8969567755261919,0.6607208574046758,0.7964534071005803,0.9421414607939506,1.0910923469774176,0.7588925890897626,0.48774259320952285,0.25800991818609426,0.09480435332615372,0.0,0.0,0.0,0.0,0.0,0.0,0.0
Simulation,262,0.0,0.0,0.0,0.0,0.0,0.0,0.2847870274869096,0.790559860768137,1.0657114186163956,0.8332840862497566,0.8932790978389457,0.8880043109320911,0.6338954229336994,0.5926066081972292,0.7855686050654036,1.3516574070625498,0.2075529851784921,0.0,0.0,0.0,0.0,0.0,0.0,0.0
Simulation,263,0.0,0.0,0.0,0.0,0.0,0.0,0.12005731334082392,0.9816603074463678,1.534248812338752,1.635945027785215,1.4671234138361662,1.3315371212191773,1.101843743294884,1.0156563895127346,0.8890212329177392,0.6586900998058869,0.1532881887290266,0.0,0.0,0.0,0.0,0.0,0.0,0.0
Simulation,264,0.0,0.0,0.0,0.0,0.0,0.0,0.013796284811020632,0.13178448763049694,0.4446179851633998,0.3958462161260663,0.5839198128252665,0.7511438795801799,0.6239316633312422,0.4896139928794203,0.3175934643960723,0.14327504231447888,0.09069760585156887,0.0,0.0,0.0,0.0,0.0,0.0,0.0
Simulation,265,0.0,0.0,0.0,0.0,0.0,0.0,0.24188389436197152,0.4226951070688705,0.8714646855011279,0.9717022813309553,1.0900190079890013,0.9825110181146828,0.3341231247114344,0.16085855828013984,0.11146692144989642,0.11017985584683265,0.08541823811623948,0.0,0.0,0.0,0.0,0.0,0.0,0.0
Simulation,266,0.0,0.0,0.0,0.0,0.0,0.0,0.13970758166405667,0.2008014892012292,0.2938178843569541,0.1722946368642172,0.2176342271891516,0.2400073336471602,0.3696333253943239,0.4047209694665982,0.30439387146378355,0.19731845556222197,0.09268834511496454,0.0,0.0,0.0,0.0,0.0,0.0,0.0
Simulation,267,0.0,0.0,0.0,0.0,0.0,0.0,0.2748115684789363,0.5789927068483418,0.8430475839794195,0.6507327446998931,0.5399736110387309,0.39642700078551074,0.44106994568214375,0.4885983840479992,0.5321548577058071,0.3238525580497668,0.07497568672678545,0.0,0.0,0.0,0.0,0.0,0.0,0.0
Simulation,268,0.0,0.0,0.0,0.0,0.0,0.0,0.2437137302896782,0.4927943513979202,0.8956313600240998,1.1807225541278807,1.0449649857826724,0.894920059301391,0.6495747896241097,0.700375251747678,1.0176373901864733,1.1229623306988599,0.11297970813468089,0.0,0.0,0.0,0.0,0.0,0.0,0.0
Simulation,269,0.0,0.0,0.0,0.0,0.0,0.0,0.03597579648080826,0.13794121531954423,0.2777076551766674,0.1311564932120145,0.18081652662909076,0.24422407593280093,0.26344297356175433,0.3424824930355389,0.31963395225338287,0.488750624829635,0.15964487422847323,0.0,0.0,0.0,0.0,0.0,0.0,0.0
Simulation,270,0.0,0.0,0.0,0.0,0.0,0.0,0.5100849677114792,1.2808623016217673,1.3305655250988098,1.0369478021947152,1.0163858315624181,1.0834507773457336,1.3449635748897335,1.2287681613002546,1.0086783482596353,0.5148702364469349,0.10515724889507617,0.0,0.0,0.0,0.0,0.0,0.0,0.0
Simulation,271,0.0,0.0,0.0,0.0,0.0,0.0,0.20317903009973992,0.5675761477902687,0.8436800173614233,0.30779552815811717,0.24719611997181634,0.25963434789617823,0.5880583206978895,0.6878370212624336,0.8337072268276562,0.8575232065436972,0.15671978978416548,0.0,0.0,0.0,0.0,0.0,0.0,0.0
Simulation,272,0.0,0.0,0.0,0.0,0.0,0.0,0.23367437886799206,0.09586975031542305,0.1395094543487746,0.16574178802277995,0.3695646686968496,0.3456561410273688,0.05873079581075624,0.0015093368254177064,0.04143839916299613,0.08897972657453504,0.08100766800408522,0.0,0.0,0.0,0.0,0.0,0.0,0.0
Simulation,273,0.0,0.0,0.0,0.0,0.0,0.0,0.1964121050832507,0.5460571305778213,0.9280963959942969,1.2122373793492067,1.4943523128446485,1.534298813693917,0.6861780066721076,0.4570267904391864,0.2997629133758907,0.2567893571348993,0.095204824972403,0.0,0.0,0.0,0.0,0.0,0.0,0.0
Simulation,274,0.0,0.0,0.0,0.0,0.0,0.0,0.20927999557421786,0.5540327465702676,0.8966831465051976,0.7429427553922252,0.8306754146060598,0.8020065051311026,0.5149176473935047,0.4459141239560925,0.3710863093131267,0.32295179877840613,0.08489266951256395,0.0,0.0,0.0,0.0,0.0,0.0,0.0
Simulation,275,0.0,0.0,0.0,0.0,0.0,0.0,0.350001310801226,0.7297466472255166,0.9658835475969816,0.6126215419861282,0.5973000375315936,0.5758420648578039,0.4221441866321606,0.3175715289564077,0.15516486132575863,0.04018948965810365,0.05736402266484694,0.0,0.0,0.0,0.0,0.0,0.0,0.0
Simulation,276,0.0,0.0,0.0,0.0,0.0,0.0,0.2541482231284273,0.2960401412881158,0.37351608033379347,0.16158586712468015,0.25342805936644075,0.3073498779426728,0.2497782258166027,0.16724569410729856,0.09598270074262985,0.03402984176490528,0.07314877358928969,0.0,0.0,0.0,0.0,0.0,0.0,0.0
Simulation,277,0.0,0.0,0.0,0.0,0.0,0.0,0.12811214128301796,0.5596407100495261,0.908493264417466,0.5429147955937469,0.7156428913198597,0.8264900905094351,0.5463239430113734,0.3483286241355334,0.14152594446327305,0.07245516073534805,0.080963599402735,0.0,0.0,0.0,0.0,0.0,0.0,0.0
Simulation,278,0.0,0.0,0.0,0.0,0.0,0.0,0.025978527889650993,0.06012669539607318,0.2242186423146132,0.5417601416117414,0.8340526237928042,0.9082235913320467,0.4573364656073986,0.2690771526137914,0.1676078919142326,0.18611828617485932,0.0931631361513608,0.0,0.0,0.0,0.0,0.0,0.0,0.0
Simulation,279,0.0,0.0,0.0,0.0,0.0,0.0,0.15511539982031786,0.2725108514091899,0.6449216185736211,0.4980730986212444,0.48232716726147823,0.4028387217992375,0.30092614453244326,0.2456788641785842,0.16035685350851753,0.10614211364788936,0.08316257627690624,0.0,0.0,0.0,0.0,0.0,0.0,0.0
Simulation,280,0.0,0.0,0.0,0.0,0.0,0.0,0.2050717259813543,0.5044916363965489,0.8959433176390171,0.85295208571685,1.0058176163971653,0.9942359966810252,0.5418524683802005,0.3762275430791731,0.24673604938609195,0.2596565100261287,0.09496061002638737,0.0,0.0,0.0,0.0,0.0,0.0,0.0
Simulation,281,0.0,0.0,0.0,0.0,0.0,0.0,0.2567135323794093,0.21163614295963895,0.2941888644541024,0.3171867580218844,0.5148451481451635,0.6088254735916035,0.5906797151624918,0.49316903519690325,0.37770675609166837,0.1857962412468498,0.06773382268293213,0.0,0.0,0.0,0.0,0.0,0.0,0.0
Simulation,282,0.0,0.0,0.0,0.0,0.0,0.0,0.7858196259126478,0.9233916552122754,0.9445272216028203,0.39586831724683086,0.42384022455664777,0.33895495904831074,0.1364665383029412,0.10075936420594517,0.12845497875283146,0.21770756399539334,0.09066402045396302,0.0,0.0,0.0,0.0,0.0,0.0,0.0
Simulation,283,0.0,0.0,0.0,0.0,0.0,0.0,0.16222977853951362,0.4458088078999777,0.822576119861794,0.6955125297948308,0.9999382063160028,1.1967899736397503,0.6398379717930949,0.40273495688223826,0.16772646981715636,0.11450678795959687,0.09432662765510771,0.0,0.0,0.0,0.0,0.0,0.0,0.0
Simulation,284,0.0,0.0,0.0,0.0,0.0,0.0,0.28465402170227055,0.6198700635162628,0.9114734007771008,0.7686581294091711,0.7962456710168947,0.8041149508817966,0.8694753678553533,0.8728400697514094,0.895951192567636,0.6699413279277509,0.09212203910263934,0.0,0.0,0.0,0.0,0.0,0.0,0.0
Simulation,285,0.0,0.0,0.0,0.0,0.0,0.0,0.6611267286034145,0.935722847619284,1.009527315982981,0.686465908967448,0.8231621904117709,0.8545568293186483,0.48891089150926464,0.31707971773555893,0.20632611992333216,0.3101946618187318,0.10377196958809586,0.0,0.0,0.0,0.0,0.0,0.0,0.0
Simulation,286,0.0,0.0,0.0,0.0,0.0,0.0,0.2812658331552014,0.5783940703054351,0.907719937541268,0.8171400450991574,0.8657111300734749,0.8367600648480418,0.5774511961879246,0.45555803237644166,0.32866984116519593,0.29086472337400604,0.09274074452648663,0.0,0.0,0.0,0.0,0.0,0.0,0.0
Simulation,287,0.0,0.0,0.0,0.0,0.0,0.0,0.18715703689321697,0.2548877330989815,0.6196232102432877,0.8222122314545967,0.9420828542934168,0.9082688234473936,0.5861924834820204,0.4915112498506229,0.45028736172275086,0.35226756183353825,0.09273201851551684,0.0,0.0,0.0,0.0,0.0,0.0,0.0
Simulation,288,0.0,0.0,0.0,0.0,0.0,0.0,0.28098598586607726,0.6105538003086138,0.8839296404909106,0.47101014813525643,0.5836713711169632,0.5632708571576164,0.2231392018095955,0.2001116831451078,0.18403958455581382,0.3084231978995835,0.1129367415893903,0.0,0.0,0.0,0.0,0.0,0.0,0.0
Simulation,289,0.0,0.0,0.0,0.0,0.0,0.0,0.24806632040430296,0.7517742570692761,1.1102297335499824,0.8711585389190292,0.8585765335123874,0.8295342227928317,0.5954459909100525,0.5208086772683509,0.48147150875970146,0.4037570632130322,0.09929717300989893,0.0,0.0,0.0,0.0,0.0,0.0,0.0
Simulation,290,0.0,0.0,0.0,0.0,0.0,0.0,0.2642943855244952,0.5026393616119503,0.7255663213357886,0.3675361244254698,0.6556078198814367,0.6951828650885675,0.12100653774575221,0.06157903184020741,0.045975353678336606,0.11663496132325363,0.09316921632856581,0.0,0.0,0.0,0.0,0.0,0.0,0.0
Simulation,291,0.0,0.0,0.0,0.0,0.0,0.0,0.2615792732862718,0.2708421887351996,0.45835249234761577,0.5790741734766451,0.7644677062880038,0.6928275617641153,0.17056004032300692,0.16126073359648768,0.22806830759197866,0.5660368043064288,0.14230846766509514,0.0,0.0,0.0,0.0,0.0,0.0,0.0
Simulation,292,0.0,0.0,0.0,0.0,0.0,0.0,0.035716257101608695,0.1508265109033468,0.4935319561367124,0.3857494106467369,0.3747828540897901,0.3526316852780636,0.3685987205703505,0.4012123912121458,0.3073385379519606,0.24417034865700277,0.08822610545177215,0.0,0.0,0.0,0.0,0.0,0.0,0.0
Simulation,293,0.0,0.0,0.0,0.0,0.0,0.0,0.25344259097909105,0.5943842549083189,0.9080138178342233,0.8134718248375831,0.9139922423362531,0.9997160236762569,1.0866979943583566,0.9564601545249534,0.8767048607662009,0.6710067948153535,0.12442203579559077,0.0,0.0,0.0,0.0,0.0,0.0,0.0
Simulation,294,0.0,0.0,0.0,0.0,0.0,0.0,0.1980899042677278,0.6700888683561835,1.0991664450850924,0.9536018684096645,0.7878009219140925,0.7317947782954676,0.8425315279007131,0.9344233092154128,0.9179951013115479,0.6129246117896474,0.10680800628861467,0.0,0.0,0.0,0.0,0.0,0.0,0.0
Simulation,295,0.0,0.0,0.0,0.0,0.0,0.0,0.14018597599820531,0.22893809467812937,0.5569842584536172,0.3958667445749413,0.2646509113551918,0.13224934755081763,0.0844738105390701,0.14129242663563885,0.21199413349323482,0.31750415473612464,0.09403357921719412,0.0,0.0,0.0,0.0,0.0,0.0,0.0
Simulation,296,0.0,0.0,0.0,0.0,0.0,0.0,0.31326714262675026,0.560148342615159,0.8391844394970621,0.7849469549705905,0.867155349729667,0.842420084189157,0.5682582329801281,0.46052759728623793,0.37616166351709923,0.3008640486073544,0.09212406711911952,0.0,0.0,0.0,0.0,0.0,0.0,0.0
Simulation,297,0.0,0.0,0.0,0.0,0.0,0.0,0.1512571682694498,0.36169907613514246,0.7671006169417472,0.6950790961639136,0.8794030935150201,0.965605966739639,0.6198279322871181,0.4539461728813842,0.24783589159092567,0.12247356355688277,0.08807760380680296,0.0,0.0,0.0,0.0,0.0,0.0,0.0
Simulation,298,0.0,0.0,0.0,0.0,0.0,0.0,0.6802564375475504,1.4200349316462964,1.2661861124150149,0.6986277531743439,0.6672842942936348,0.7639080329959966,0.9647075558455935,0.9417894611852371,0.8968594914859933,0.7784309408315517,0.1760134848961789,0.0,0.0,0.0,0.0,0.0,0.0,0.0
Simulation,299,0.0,0.0,0.0,0.0,0.0,0.0,0.04455881969145725,0.19587445404069803,0.7268721453165573,0.7256922734303672,0.9124670744762609,0.8844194905438707,0.22250126401076653,0.09562445975256267,0.09245433181719931,0.17209813270861965,0.11003189351782917,0.0,0.0,0.0,0.0,0.0,0.0,0.0
Simulation,300,0.0,0.0,0.0,0.0,0.0,0.0,0.4384533040377748,0.6030834995093164,0.7552035510804368,0.5672828885748591,0.7797474282713663,0.891268231694131,0.7674383307590062,0.6491203359021639,0.7029511148519678,0.7036610848214448,0.1537227906776499,0.0,0.0,0.0,0.0,0.0,0.0,0.0
Simulation,301,0.0,0.0,0.0,0.0,0.0,0.0,0.09279365770132145,0.3278617880940303,0.756756627166134,0.6000563134370456,0.8194906695841825,0.8947098768505618,0.487725303913769,0.24364426954892593,0.1121870649718098,0.06816029424718889,0.08658668216337508,0.0,0.0,0.0,0.0,0.0,0.0,0.0
Simulation,302,0.0,0.0,0.0,0.0,0.0,0.0,0.2736233344087865,0.5706046100628916,0.752353028839887,0.13993335312670208,0.14888201168664128,0.16509682500034328,0.06827672935668555,0.04890420185027028,0.032946116953027904,0.04532791282424434,0.0875839959874627,0.0,0.0,0.0,0.0,0.0,0.0,0.0
Simulation,303,0.0,0.0,0.0,0.0,0.0,0.0,0.1506075013802768,0.20131123838333703,0.291024710655603,0.10247479512284141,0.04976295924668295,0.04304630917948049,0.02146518669655395,0.0004901156330064937,0.05536191107408789,0.12045177778527985,0.09188973432553872,0.0,0.0,0.0,0.0,0.0,0.0,0.0
Simulation,304,0.0,0.0,0.0,0.0,0.0,0.0,0.08138503102917541,0.17021335267962523,0.4772711287561454,0.5924388470194878,0.7650108716165566,0.9002431158194254,1.2468642669907153,0.8968783829468703,0.5478600373601401,0.20748276432112034,0.09213141148344205,0.0,0.0,0.0,0.0,0.0,0.0,0.0
Simulation,305,0.0,0.0,0.0,0.0,0.0,0.0,0.19857466079159355,0.45687910543824545,0.7948395002218154,0.49326155605875777,0.7152001327350268,0.7200433722848905,0.10438207596385723,0.04630551769429203,0.045771215966260104,0.14100312253227665,0.10736342519650764,0.0,0.0,0.0,0.0,0.0,0.0,0.0
Simulation,306,0.0,0.0,0.0,0.0,0.0,0.0,0.27499000169974375,0.5331707927108997,0.7501587937995677,0.4123977573125656,0.5052215732688146,0.5787024076974567,0.6427439311560159,0.5631063465833104,0.4890877203623189,0.31747591829042926,0.09244847864335995,0.0,0.0,0.0,0.0,0.0,0.0,0.0
Simulation,307,0.0,0.0,0.0,0.0,0.0,0.0,0.19923722322005416,0.4537016384678963,0.8673210443424911,0.7966943805410847,0.8672515730598995,0.7965518134290511,0.36620000882776604,0.3198854488704247,0.2563557429715422,0.27112326008156856,0.08117630348797705,0.0,0.0,0.0,0.0,0.0,0.0,0.0
Simulation,308,0.0,0.0,0.0,0.0,0.0,0.0,0.7983146103033747,1.192108662206214,1.156784063941827,0.9223309376638023,1.116191110762982,1.2560123092537971,0.7715764646774288,0.5351554753549874,0.4727730996842995,0.5689891023284948,0.14964359722332105,0.0,0.0,0.0,0.0,0.0,0.0,0.0
Simulation,309,0.0,0.0,0.0,0.0,0.0,0.0,0.7253775159653746,1.3893605545718901,1.3305670666238574,0.778410108363909,0.695548150325675,0.6248535723979391,0.5522820561125739,0.45061635200615463,0.2357718041167739,0.045965466472693645,0.04414659672798268,0.0,0.0,0.0,0.0,0.0,0.0,0.0
Simulation,310,0.0,0.0,0.0,0.0,0.0,0.0,0.2917318723722451,0.5941372009788092,0.7983828656226687,0.4606839056582829,0.6001349374388563,0.7858390839332344,0.8030191961443371,0.6349094333485708,0.41366009130683135,0.11405429830777261,0.0480027333376489,0.0,0.0,0.0,0.0,0.0,0.0,0.0
Simulation,311,0.0,0.0,0.0,0.0,0.0,0.0,0.34455094963677346,0.6923463885355574,1.0151796023283677,1.080369347465959,1.0691093130160958,1.0340763509608955,0.7119646590400225,0.5203917673070767,0.38265451788355814,0.17785112864132002,0.08055050883142141,0.0,0.0,0.0,0.0,0.0,0.0,0.0
Simulation,312,0.0,0.0,0.0,0.0,0.0,0.0,0.28206600956521516,0.6955946273951511,1.0473617679894884,1.002160889034687,0.9995371185337076,1.0330088106256472,1.2381037111457625,0.9780908659107869,0.7315684989720768,0.3226391973634717,0.09360010236831662,0.0,0.0,0.0,0.0,0.0,0.0,0.0
Simulation,313,0.0,0.0,0.0,0.0,0.0,0.0,0.2577845565639935,0.39255742236972024,0.7446902840484817,0.7820500052282217,0.8189424592358608,0.7504758283156892,0.4934842506377547,0.43908500909320375,0.3673410997131178,0.3022492430316598,0.0801960784313725,0.0,0.0,0.0,0.0,0.0,0.0,0.0
Simulation,314,0.0,0.0,0.0,0.0,0.0,0.0,0.09227141071543918,0.24974174376990355,0.5484429603933172,0.3878451005122911,0.5509399615774682,0.6811930763306898,0.5848898422036122,0.49679092647491385,0.3942531057674865,0.2580950254872356,0.08806833371391012,0.0,0.0,0.0,0.0,0.0,0.0,0.0
Simulation,315,0.0,0.0,0.0,0.0,0.0,0.0,0.24802630089694377,0.25463025056339517,0.5199761657636295,0.7917354458954023,0.9033392571495367,0.8883872625610449,0.6456302503165554,0.54695466762351,0.5029327233041966,0.32657256158513503,0.08777971107316196,0.0,0.0,0.0,0.0,0.0,0.0,0.0
Simulation,316,0.0,0.0,0.0,0.0,0.0,0.0,0.12515198283703488,0.536338514379923,0.992186772299803,1.1780599692773484,0.9224259252896582,0.7368102820114165,0.3642421422497476,0.3767122379659366,0.32528111250982544,0.29487817609470895,0.08156451543020526,0.0,0.0,0.0,0.0,0.0,0.0,0.0
Simulation,317,0.0,0.0,0.0,0.0,0.0,0.0,0.004383318124970392,0.125898837329804,0.4814135229369849,0.552272461110857,0.43697336130856734,0.3393841339373061,0.4251053936101318,0.464915448489135,0.428321584133631,0.293680136831301,0.08118560137102424,0.0,0.0,0.0,0.0,0.0,0.0,0.0
Simulation,318,0.0,0.0,0.0,0.0,0.0,0.0,0.2901409912073709,0.9631678019737651,1.398654311594494,1.5411980823878104,1.0484132887719606,0.8415491244583204,0.6528018674423279,0.6693753969963507,0.7230470239703009,0.434753836332597,0.08266070745627627,0.0,0.0,0.0,0.0,0.0,0.0,0.0
Simulation,319,0.0,0.0,0.0,0.0,0.0,0.0,0.36915554277737916,0.9240710878295426,1.2126892449490687,1.0347489423487006,0.9607378770511494,0.917747593328279,1.0351554990621297,0.839490884872953,0.6722067373093558,0.31758880222272007,0.09290594494454579,0.0,0.0,0.0,0.0,0.0,0.0,0.0
Simulation,320,0.0,0.0,0.0,0.0,0.0,0.0,0.2195257352394126,0.7133471616099748,1.225239045102432,1.5141905819765062,1.265603494773204,1.1673145972664385,0.9631757702308577,0.7711376230573975,0.6506808531499604,0.35950273562434343,0.09307288407065124,0.0,0.0,0.0,0.0,0.0,0.0,0.0
Simulation,321,0.0,0.0,0.0,0.0,0.0,0.0,0.13335921576659354,0.13848884191076083,0.31641821880181553,0.4980833544061383,0.7652634630093977,0.8194876077345437,0.5442698190198954,0.34815115934446267,0.15607360066645531,0.07227635850808478,0.06797216931791364,0.0,0.0,0.0,0.0,0.0,0.0,0.0
Simulation,322,0.0,0.0,0.0,0.0,0.0,0.0,0.28280997421296905,0.5772148580958518,0.8817367152914711,0.7428606115045387,0.8495835972849828,0.8177281006873289,0.44933685798304007,0.3481017113067837,0.24692072928294154,0.20986984832528044,0.07308768536950094,0.0,0.0,0.0,0.0,0.0,0.0,0.0
Simulation,323,0.0,0.0,0.0,0.0,0.0,0.0,1.0148746302581904,1.2557702768138324,1.4101650236495467,1.6331931135705393,1.545176752535777,1.4326376978837359,0.7291283085571603,0.49739644203590566,0.39825862797403117,0.3127504718968445,0.0883330314294098,0.0,0.0,0.0,0.0,0.0,0.0,0.0
Simulation,324,0.0,0.0,0.0,0.0,0.0,0.0,0.2739362370805398,0.7172823257527503,1.0126282002186595,0.7644029228717047,0.8030499833070971,0.8043725447679719,0.5642022960073022,0.4592762849270352,0.3564767701896282,0.29800622526604126,0.09533218579365951,0.0,0.0,0.0,0.0,0.0,0.0,0.0
Simulation,325,0.0,0.0,0.0,0.0,0.0,0.0,0.47225662084537895,0.5876276287513309,0.8125219605503468,0.5865807932428826,0.5783842421907555,0.4039210966702683,0.2116634435571333,0.23663790875125196,0.2527097556098005,0.32886068359051,0.09270275140236918,0.0,0.0,0.0,0.0,0.0,0.0,0.0
Simulation,326,0.0,0.0,0.0,0.0,0.0,0.0,0.6646739318428752,0.7322297430726357,0.9304573838601613,0.6654298873737032,0.6788888264309175,0.5055230617153896,0.10479014429575056,0.07955474010728786,0.10580895759660558,0.2172519238575224,0.09332847720352258,0.0,0.0,0.0,0.0,0.0,0.0,0.0
Simulation,327,0.0,0.0,0.0,0.0,0.0,0.0,0.25431925988108983,0.6511595465366866,0.9855681217592891,0.7087487268575078,0.7324959571862942,0.777464052126667,0.6144088487333106,0.49683848796945995,0.3821437651257867,0.2910158639909389,0.10515023563198704,0.0,0.0,0.0,0.0,0.0,0.0,0.0
Simulation,328,0.0,0.0,0.0,0.0,0.0,0.0,0.22008065622094053,0.24118927282760988,0.6375379872178957,0.9692553406851833,1.3692542385194413,1.412130689694279,0.6315733223997995,0.40099198731366137,0.18948210621892103,0.11175240547487364,0.08032032996063805,0.0,0.0,0.0,0.0,0.0,0.0,0.0
Simulation,329,0.0,0.0,0.0,0.0,0.0,0.0,0.2760383932586821,0.5749467461041682,0.8313867183844267,0.5223339278006285,0.686126554663183,0.7536478447899521,0.515776955578688,0.37662931083762147,0.2499047451567159,0.24001054094927465,0.10997321231693521,0.0,0.0,0.0,0.0,0.0,0.0,0.0
Simulation,330,0.0,0.0,0.0,0.0,0.0,0.0,0.27280118109367935,0.5875932005913106,0.8771698445733228,0.47632379952370857,0.3620126944545081,0.19268977299152779,0.051929134691039436,0.08595891691883256,0.16762461579954957,0.3168779762472924,0.08919457692521707,0.0,0.0,0.0,0.0,0.0,0.0,0.0
Simulation,331,0.0,0.0,0.0,0.0,0.0,0.0,0.5472013795556081,1.1145942971067704,1.259396475057907,1.089159241854619,0.9737148601492195,0.8905381651872566,0.6444716216352221,0.5634780441492518,0.5147230860431392,0.3335196760584423,0.08033550607110009,0.0,0.0,0.0,0.0,0.0,0.0,0.0
Simulation,332,0.0,0.0,0.0,0.0,0.0,0.0,0.43522539160570684,0.935310418760597,1.1577912336784029,1.0083126625294634,0.9028799845495759,0.8025157170976657,0.535081290280429,0.4459048154166731,0.29257042003149714,0.11219810039565922,0.04704873493494599,0.0,0.0,0.0,0.0,0.0,0.0,0.0
Simulation,333,0.0,0.0,0.0,0.0,0.0,0.0,0.29639184379629024,0.6642518418695189,0.923308990672493,0.6753091368659283,0.7688217390257619,0.8126247586545544,0.6442260687541492,0.5414349115924288,0.4800348402101279,0.3590994184010211,0.09483187184478079,0.0,0.0,0.0,0.0,0.0,0.0,0.0
Simulation,334,0.0,0.0,0.0,0.0,0.0,0.0,0.2339104907583633,1.0909158768020053,1.3355703340113165,0.7021657643100776,0.5036841974788833,0.4702340549769376,0.584886401939896,0.5840573388514603,0.5216115831355834,0.34751181176745094,0.09798026708218144,0.0,0.0,0.0,0.0,0.0,0.0,0.0
Simulation,335,0.0,0.0,0.0,0.0,0.0,0.0,0.29296746397408746,1.00883298254646,1.299006127494315,0.9037957741688163,0.6380016293079511,0.371078267230932,0.24653830117121162,0.32636888113406004,0.25481272371616237,0.1633634465852744,0.08742785792746906,0.0,0.0,0.0,0.0,0.0,0.0,0.0
Simulation,336,0.0,0.0,0.0,0.0,0.0,0.0,0.20509799903676368,0.6069628849682591,0.9891268477593044,0.9633907096234438,0.9783569937143701,0.8880580940178294,0.42570841348256183,0.337497337913247,0.25676979041879955,0.3020892171423956,0.10253549411688993,0.0,0.0,0.0,0.0,0.0,0.0,0.0
Simulation,337,0.0,0.0,0.0,0.0,0.0,0.0,0.12431981704402366,0.5916583024975407,0.9070353019324717,0.21920811785370808,0.2542757544914167,0.281829838091203,0.24460656687393506,0.280777299467713,0.25283936767359777,0.43235984675958133,0.20045635960555352,0.0,0.0,0.0,0.0,0.0,0.0,0.0
Simulation,338,0.0,0.0,0.0,0.0,0.0,0.0,0.26759099006366216,0.7675896615922749,1.0844521169479493,0.7679652259862636,0.6822154458029639,0.6086072745459985,0.6361725954393177,0.6904793956042762,0.7849036304221324,0.6715740794797174,0.11426290248192068,0.0,0.0,0.0,0.0,0.0,0.0,0.0
Simulation,339,0.0,0.0,0.0,0.0,0.0,0.0,0.09360635776798701,0.07257811037958994,0.1770185658160992,0.20587068817199344,0.3481987800123466,0.38566385016954235,0.3395281907608816,0.20833588968435093,0.08754972194367361,0.0,0.026628254153281967,0.0,0.0,0.0,0.0,0.0,0.0,0.0
Simulation,340,0.0,0.0,0.0,0.0,0.0,0.0,0.7248789022323748,0.8835980391940692,1.1571076301934822,1.6255936907369495,1.5686591231262537,1.5671572592415717,1.3810188218192425,0.8895647333972869,0.694159519015171,0.3220061550656862,0.0801960784313725,0.0,0.0,0.0,0.0,0.0,0.0,0.0
Simulation,341,0.0,0.0,0.0,0.0,0.0,0.0,0.5659588344662472,1.2749968667828533,1.2183426505429986,0.7052502509245724,0.6557044307707831,0.7195909522355494,1.03457870015301,1.1632738091677237,1.1271805631826957,0.8407339692087084,0.16103415433778645,0.0,0.0,0.0,0.0,0.0,0.0,0.0
Simulation,342,0.0,0.0,0.0,0.0,0.0,0.0,0.15986731738733193,0.20395538456724138,0.4347754065730854,0.30489179723206083,0.542355802042263,0.6181640326299408,0.3748638140207877,0.23099989375010072,0.14684451262172857,0.1585350128837944,0.09306251434459198,0.0,0.0,0.0,0.0,0.0,0.0,0.0
Simulation,343,0.0,0.0,0.0,0.0,0.0,0.0,0.9068969022020463,1.1238953579597792,1.1251581040981942,0.7681372702620958,0.7241677892874102,0.6286238868407581,0.568641893538802,0.491514279852638,0.44623248323385767,0.3511450211094312,0.09273130235629626,0.0,0.0,0.0,0.0,0.0,0.0,0.0
Simulation,344,0.0,0.0,0.0,0.0,0.0,0.0,0.14057848346851054,0.46916770115369255,0.9556628753721401,1.5437897962532237,1.4371482997842184,1.2067335249116244,0.644188171682189,0.509500190453243,0.44761965283835936,0.3031258531407387,0.08373956992034874,0.0,0.0,0.0,0.0,0.0,0.0,0.0
Simulation,345,0.0,0.0,0.0,0.0,0.0,0.0,1.0351543314620013,1.0039293223317145,0.970561411804483,0.4807605150283851,0.5870900665000705,0.5657944031856587,0.2771079871070497,0.18947555857233794,0.16375995827648787,0.2959876598730426,0.09294750045067193,0.0,0.0,0.0,0.0,0.0,0.0,0.0
Simulation,346,0.0,0.0,0.0,0.0,0.0,0.0,0.08598192225403875,0.08056545770655799,0.2735651440719997,0.7925891385599932,0.956992786130723,0.8727077330984208,0.42264607475424043,0.29571086899570437,0.2011289581358845,0.17719571955695174,0.08091856098672179,0.0,0.0,0.0,0.0,0.0,0.0,0.0
Simulation,347,0.0,0.0,0.0,0.0,0.0,0.0,0.6902090685209932,0.7933881120319167,1.0021319018239019,0.9628278688427621,1.0003907120747315,0.9409772588952658,0.6157063218720783,0.474788825426212,0.3687322622849305,0.28190789254187526,0.08879566465612657,0.0,0.0,0.0,0.0,0.0,0.0,0.0
Simulation,348,0.0,0.0,0.0,0.0,0.0,0.0,0.2234738805399367,0.44125134396390336,0.6196460511929469,0.2560133712270063,0.4583841076567946,0.5658041492566609,0.37782899683387683,0.33082061351071496,0.2507274880798341,0.2981139314593793,0.09477225608125621,0.0,0.0,0.0,0.0,0.0,0.0,0.0
Simulation,349,0.0,0.0,0.0,0.0,0.0,0.0,0.0,0.042997654546503616,0.06139743501641293,0.04697624457313443,0.13490061788691132,0.40003364874134484,0.5804563744520855,0.46138633422875375,0.2731395888480511,0.1294046176377799,0.09368726251368645,0.0,0.0,0.0,0.0,0.0,0.0,0.0
Simulation,350,0.0,0.0,0.0,0.0,0.0,0.0,0.15772591572991895,0.4277420056723906,0.7936271749298018,0.5442434677773355,0.5209577834569713,0.5658319930622455,0.7184776636236796,0.654372942555451,0.48644735278003554,0.13683381537862518,0.052465379155142405,0.0,0.0,0.0,0.0,0.0,0.0,0.0
Simulation,351,0.0,0.0,0.0,0.0,0.0,0.0,0.5268841969833675,0.8575981164093085,1.0285386464189894,0.89535825574437,0.9813241894630766,0.9749747514604081,0.6319305175689327,0.493283655243247,0.41831111188228737,0.38762487688013947,0.0947872825535371,0.0,0.0,0.0,0.0,0.0,0.0,0.0
Simulation,352,0.0,0.0,0.0,0.0,0.0,0.0,0.2818316535753901,0.6254726958665827,0.9188761519272629,0.714334962669078,0.7411451060793698,0.7945902690247955,0.9949293164727947,0.9782899259271636,0.8703181566973963,0.46562282644048947,0.09244861680605021,0.0,0.0,0.0,0.0,0.0,0.0,0.0
Simulation,353,0.0,0.0,0.0,0.0,0.0,0.0,0.8465372948861805,0.6433863607334109,0.6737876632199158,0.2312878559688087,0.6160994814348295,0.7830762105042421,0.2954257483035212,0.13335720733708661,0.10306307582439087,0.17179376117125733,0.0900619807513035,0.0,0.0,0.0,0.0,0.0,0.0,0.0
Simulation,354,0.0,0.0,0.0,0.0,0.0,0.0,0.4396282013655889,0.6223752174365154,0.7566872978620229,0.12217991962797214,0.08639138990278672,0.15502989526213018,0.1699997335031797,0.12606387856788082,0.09050466227726511,0.0723420634874054,0.08057806128655466,0.0,0.0,0.0,0.0,0.0,0.0,0.0
Simulation,355,0.0,0.0,0.0,0.0,0.0,0.0,0.611672925367946,1.506497138394706,1.5938698865184906,1.6432824543853914,1.2885513289427457,0.9899711984186944,0.7776923660620381,0.6968314809058009,0.6022503357606542,0.27859283930297435,0.08056264029898831,0.0,0.0,0.0,0.0,0.0,0.0,0.0
Simulation,356,0.0,0.0,0.0,0.0,0.0,0.0,0.07181938820503819,0.1928011238493363,0.5327066508231771,0.6495903509918921,0.7325847455367874,0.7839150106882967,0.6562276908217988,0.6197067978526124,0.6530549796521249,0.6573492470390392,0.14296942382491917,0.0,0.0,0.0,0.0,0.0,0.0,0.0
Simulation,357,0.0,0.0,0.0,0.0,0.0,0.0,0.2711244967708884,0.2041780872690887,0.24688723721120864,0.1949775693386187,0.47942558633294763,0.609686797273082,0.34877283242701035,0.22765413794272304,0.15532783757809318,0.1546351943488652,0.08386191529456748,0.0,0.0,0.0,0.0,0.0,0.0,0.0
Simulation,358,0.0,0.0,0.0,0.0,0.0,0.0,0.42087210755245874,0.961004726092317,1.1482461852091372,0.8571131774174965,0.8692205513141715,0.8386461278626043,0.5724258930994046,0.4886401644153088,0.507311252939383,0.8379332975174327,0.18185872455194504,0.0,0.0,0.0,0.0,0.0,0.0,0.0
Simulation,359,0.0,0.0,0.0,0.0,0.0,0.0,0.2564505859725464,0.6811548902204091,0.975897524835821,0.6134245835091576,0.774002348912051,0.8567059213186906,0.5760015226868289,0.4319905144944891,0.26463813968806277,0.3093983699371822,0.14854902856212743,0.0,0.0,0.0,0.0,0.0,0.0,0.0
Simulation,360,0.0,0.0,0.0,0.0,0.0,0.0,0.20750461042642637,1.0672086612390475,1.4216900699501274,0.8527029295953054,0.8648584639785974,0.9298916015284083,0.6424754339004057,0.4713590715352009,0.26121878975161494,0.11950163317248824,0.09374481027236857,0.0,0.0,0.0,0.0,0.0,0.0,0.0
Simulation,361,0.0,0.0,0.0,0.0,0.0,0.0,0.23354304851601707,0.7564775199157451,1.0876323763733968,0.6991853545183832,0.6966469049040905,0.7870097386446847,0.7141804876102248,0.5922889799927658,0.4334560654424754,0.2674152722156924,0.09466675861674467,0.0,0.0,0.0,0.0,0.0,0.0,0.0
Simulation,362,0.0,0.0,0.0,0.0,0.0,0.0,0.9605725318601197,0.7994035462114212,0.9315054335908787,0.7933870409540318,0.7690384036562252,0.6255951990483594,0.5803954371905525,0.5558074953552573,0.6345900139379723,0.4563706945819722,0.07360052637393046,0.0,0.0,0.0,0.0,0.0,0.0,0.0
Simulation,363,0.0,0.0,0.0,0.0,0.0,0.0,0.25769418863869115,0.8487433881715603,1.1157188468635637,0.6862935569482331,0.6640822654709313,0.6885184858098259,0.5525305258951863,0.4646803807613218,0.3515083320535167,0.2565613737936931,0.09502438014606725,0.0,0.0,0.0,0.0,0.0,0.0,0.0
Simulation,364,0.0,0.0,0.0,0.0,0.0,0.0,0.3133721034051026,1.0832301633803376,1.4179004578601848,1.278956901784872,1.0144325108346552,0.8883209782395807,0.6432552244185951,0.5940070569317917,0.5986531179062398,0.48775830558438127,0.09479625996891099,0.0,0.0,0.0,0.0,0.0,0.0,0.0
Simulation,365,0.0,0.0,0.0,0.0,0.0,0.0,0.2852358164090542,0.5432608812801489,0.8384795285206219,0.7003547977301615,0.7806637467379811,0.7658395030652559,0.3667079546630475,0.26306768341930253,0.19770136917685477,0.2959863590899987,0.10933558089399903,0.0,0.0,0.0,0.0,0.0,0.0,0.0
Simulation,366,0.0,0.0,0.0,0.0,0.0,0.0,0.26861563347131906,0.6061591640954249,0.9236439458778828,0.8968360794980229,1.1823443588090266,1.3593924478084758,0.7220818779752485,0.473410910026039,0.32050364947661797,0.26556066469038425,0.09262272256880083,0.0,0.0,0.0,0.0,0.0,0.0,0.0
Simulation,367,0.0,0.0,0.0,0.0,0.0,0.0,0.4582553077435938,0.4651090109940501,0.6056795758239155,0.7304126489603976,1.0230585311829339,1.132275986886967,0.6444372712493962,0.4512359018168818,0.24627933943142194,0.09685265575476928,0.03854799191104834,0.0,0.0,0.0,0.0,0.0,0.0,0.0
Simulation,368,0.0,0.0,0.0,0.0,0.0,0.0,1.0717354221454503,0.692559355380742,0.9236897232924991,1.4082532179460723,1.4750829675933763,1.1990986480205985,0.4873438661639531,0.37395588777040295,0.4000096854004842,0.7386141948600118,0.09478955731117371,0.0,0.0,0.0,0.0,0.0,0.0,0.0
Simulation,369,0.0,0.0,0.0,0.0,0.0,0.0,0.6339951435847053,0.83460834750081,0.9091340594217026,0.42323439588534006,0.5931486412064094,0.7945830094898524,0.8121548893986583,0.6367513109335915,0.48826103580942837,0.2698651878831331,0.09203599772796842,0.0,0.0,0.0,0.0,0.0,0.0,0.0
Simulation,370,0.0,0.0,0.0,0.0,0.0,0.0,0.3792748916628201,0.4284707718074898,0.6342852219776084,0.7069585148412079,0.9209954194962792,0.8910263310992432,0.3852989566509709,0.22507708512837896,0.17172901056138803,0.2782748027832627,0.09209395686714354,0.0,0.0,0.0,0.0,0.0,0.0,0.0
Simulation,371,0.0,0.0,0.0,0.0,0.0,0.0,0.16798304110079423,0.05122232223745138,0.12017679508494872,0.5655616805532704,0.767055265675536,0.7372418209045911,0.5001554024920732,0.44378199937261004,0.3870120261982443,0.31750055549802886,0.092105817232851,0.0,0.0,0.0,0.0,0.0,0.0,0.0
Simulation,372,0.0,0.0,0.0,0.0,0.0,0.0,0.16330687416979328,0.29631807031763335,0.6306764408259252,0.6848545681735048,0.7123282354117175,0.7159459552723573,0.719833183483505,0.7961511205207459,0.8872183417687443,0.6779081571160501,0.09425021545773717,0.0,0.0,0.0,0.0,0.0,0.0,0.0
Simulation,373,0.0,0.0,0.0,0.0,0.0,0.0,0.17746320702010776,0.5212838012745317,0.8866235777329954,0.5273611522604437,0.7336723602978426,0.7977433342963857,0.3143795736119419,0.11140579761438257,0.06832138102206348,0.07736782944780934,0.11002929985394419,0.0,0.0,0.0,0.0,0.0,0.0,0.0
Simulation,374,0.0,0.0,0.0,0.0,0.0,0.0,0.25038225888500776,0.613927157093249,0.8892499039964882,0.467969248772075,0.7791521460538362,0.9740134912013008,0.5963320259490039,0.4351097647403674,0.22529196262057938,0.1788208467136319,0.09819285429036259,0.0,0.0,0.0,0.0,0.0,0.0,0.0
Simulation,375,0.0,0.0,0.0,0.0,0.0,0.0,0.03618160507726864,0.15146341504654276,0.6187340046442635,0.8310607698334829,1.04985340290267,1.1737638381317184,0.7647178595361791,0.523695037282891,0.38247865043762147,0.2800939078451189,0.1071235286972603,0.0,0.0,0.0,0.0,0.0,0.0,0.0
Simulation,376,0.0,0.0,0.0,0.0,0.0,0.0,0.2953950089791789,0.8744467669878684,1.042201388319266,0.6744824626467989,0.7676867013525737,0.838496194511067,0.7011587562787527,0.5568882372428722,0.44318806378629355,0.3196357444508577,0.09869785322920215,0.0,0.0,0.0,0.0,0.0,0.0,0.0
Simulation,377,0.0,0.0,0.0,0.0,0.0,0.0,0.5216541935955439,0.9038886048740462,1.0044854095889149,0.5708855866427341,0.5423527272555253,0.5636012355384531,0.5420369847474645,0.45305357002855146,0.31185801376157135,0.2140639867160256,0.09291575260302765,0.0,0.0,0.0,0.0,0.0,0.0,0.0
Simulation,378,0.0,0.0,0.0,0.0,0.0,0.0,0.768169980939521,1.3354843887827472,1.3849203260819067,1.218960454500722,1.0300307307133958,0.9550111426375898,0.8161636063361961,0.6945610908396876,0.6165651534596821,0.3175080318001358,0.08364611540405445,0.0,0.0,0.0,0.0,0.0,0.0,0.0
Simulation,379,0.0,0.0,0.0,0.0,0.0,0.0,0.31448552653078554,0.6044804912105183,0.9100042622437485,0.9078748818101263,1.0086113682207813,0.9308421675457468,0.49006564910293543,0.3285533251302838,0.19211870784643567,0.10927802724081645,0.050571730401831175,0.0,0.0,0.0,0.0,0.0,0.0,0.0
Simulation,380,0.0,0.0,0.0,0.0,0.0,0.0,0.0,0.008843665848421112,0.03970937800551966,0.010590814132941162,0.0,0.015100666345528313,0.0,0.0,0.0,0.0,0.06684950093300898,0.0,0.0,0.0,0.0,0.0,0.0,0.0
Simulation,381,0.0,0.0,0.0,0.0,0.0,0.0,0.21291841823048116,0.46156230785907115,0.7920217838867503,0.6387668999759278,0.842492251457663,0.9113200309136089,0.5417431683182353,0.3757972962840751,0.2387308356393661,0.24348363758240643,0.09516694706855941,0.0,0.0,0.0,0.0,0.0,0.0,0.0
Simulation,382,0.0,0.0,0.0,0.0,0.0,0.0,0.19552924683497697,0.22997973858906806,0.37431342081607544,0.2902086211597154,0.44359244011247945,0.36106626074057047,0.06426826084582477,0.0717856479361812,0.12707993745997348,0.3253574351751197,0.12197114920952398,0.0,0.0,0.0,0.0,0.0,0.0,0.0
Simulation,383,0.0,0.0,0.0,0.0,0.0,0.0,0.19960231510953097,0.42848464132381703,0.675671334522931,0.30438998130623757,0.4944790510866817,0.42914147477815,0.04789516046453984,0.0009006257402975892,0.044041093051052915,0.10714092765645197,0.08417740031707804,0.0,0.0,0.0,0.0,0.0,0.0,0.0
Simulation,384,0.0,0.0,0.0,0.0,0.0,0.0,0.28329591658832126,0.49297704513119156,0.6724334142851892,0.46033424077512447,0.5423965197158915,0.44714878797496865,0.09161644798424401,0.08332809793450069,0.13260847032831033,0.28752376397138346,0.0931960784313725,0.0,0.0,0.0,0.0,0.0,0.0,0.0
Simulation,385,0.0,0.0,0.0,0.0,0.0,0.0,0.4632407770372834,0.27754680965243467,0.2699807115441608,0.5988878662114122,0.7399566361753369,0.795456743183171,1.058568394606275,1.2178678756295085,1.3097475708701436,0.9150697974768343,0.09437234853822347,0.0,0.0,0.0,0.0,0.0,0.0,0.0
Simulation,386,0.0,0.0,0.0,0.0,0.0,0.0,0.3658934072828697,0.7622548940964455,1.00420294006364,0.953503504281436,1.0798400835881392,1.2085495046643286,1.104384867473435,0.8423399007906889,0.6808121160076755,0.32241570693525484,0.0922422016092579,0.0,0.0,0.0,0.0,0.0,0.0,0.0
Simulation,387,0.0,0.0,0.0,0.0,0.0,0.0,0.3155739809386404,0.620486704322948,0.8810027432017103,0.6312642681289798,0.7742723831620476,0.9054722734025853,1.0350465763043193,0.8195641270147753,0.6020188913374452,0.27845734642289804,0.08900495472039568,0.0,0.0,0.0,0.0,0.0,0.0,0.0
Simulation,388,0.0,0.0,0.0,0.0,0.0,0.0,0.4742145682598261,1.2955939494257618,1.4402895389387769,1.0077327368448863,1.0334920719527148,0.9815647665747038,0.42246733785680346,0.20757288345188807,0.12668639923602762,0.14077216225850475,0.09464205145999781,0.0,0.0,0.0,0.0,0.0,0.0,0.0
Simulation,389,0.0,0.0,0.0,0.0,0.0,0.0,0.25880584266393014,0.6071238513716393,0.9239054827469929,0.47661798754571333,0.30944234561770523,0.13520092851858623,0.0033572568253107393,0.0,0.016752455198565774,0.13928968793874433,0.0922844043342835,0.0,0.0,0.0,0.0,0.0,0.0,0.0
Simulation,390,0.0,0.0,0.0,0.0,0.0,0.0,0.08706310076543933,0.1707099942061867,0.3256080225407231,0.20749230049125444,0.43578131449384166,0.5468543370049601,0.2775580212733489,0.18094239926202754,0.1286538878797922,0.13869994842564645,0.09293612239580518,0.0,0.0,0.0,0.0,0.0,0.0,0.0
Simulation,391,0.0,0.0,0.0,0.0,0.0,0.0,0.2416972525434264,0.33537579498522263,0.681091599635984,0.9706948217564394,1.4217808791869486,1.4981834797998201,0.7010219855045086,0.4813871814921242,0.40104850512478896,0.5667361784022409,0.14402252140855756,0.0,0.0,0.0,0.0,0.0,0.0,0.0
Simulation,392,0.0,0.0,0.0,0.0,0.0,0.0,1.2296173782884772,1.1489279508052948,1.2357166542138405,1.5903462652272768,1.2832966332705849,1.0373080294706891,0.9682835517796744,0.9889379256814484,1.1768899221757383,1.0718303917406842,0.1221837451899962,0.0,0.0,0.0,0.0,0.0,0.0,0.0
Simulation,393,0.0,0.0,0.0,0.0,0.0,0.0,0.1728570610165689,0.6012824006313675,0.9447751365848678,0.6966942201492918,0.6622595920208942,0.6596056297434817,0.6244656545515306,0.5960036987133949,0.6101174795011796,0.6739061631054344,0.20184910894154923,0.0,0.0,0.0,0.0,0.0,0.0,0.0
Simulation,394,0.0,0.0,0.0,0.0,0.0,0.0,0.20843338085974997,0.5656124156847613,0.9175918296025404,0.9049252325307119,1.0748332971077108,1.1998568644191359,0.9604127530614814,0.6353851197027869,0.41970997615731903,0.18017333535361427,0.08052949634299357,0.0,0.0,0.0,0.0,0.0,0.0,0.0
Simulation,395,0.0,0.0,0.0,0.0,0.0,0.0,0.18853134117233217,0.2529560766282301,0.37400446217757366,0.2851033755963348,0.6909115981316787,0.8275306017305156,0.4866267956146153,0.3226088920323913,0.2608240422946708,0.5609387111250845,0.18447587180976124,0.0,0.0,0.0,0.0,0.0,0.0,0.0
Simulation,396,0.0,0.0,0.0,0.0,0.0,0.0,0.42244751553503745,0.978150361215745,1.2062847712622167,0.9397736998124095,0.9807186407938335,0.9356170230804747,0.5476182531814929,0.43524020957753357,0.3612878194807897,0.6631351597037716,0.16894697487421728,0.0,0.0,0.0,0.0,0.0,0.0,0.0
Simulation,397,0.0,0.0,0.0,0.0,0.0,0.0,0.3454118476639298,1.3128916422640946,1.4920070371226586,1.3444065868932076,1.1419767072650082,1.045305879994409,0.6204771000546667,0.5076251715050691,0.5012696849201101,0.7185503848373453,0.16227263545379605,0.0,0.0,0.0,0.0,0.0,0.0,0.0
Simulation,398,0.0,0.0,0.0,0.0,0.0,0.0,1.2125733881973184,1.0652142114740077,1.1559262794867962,1.548342428652568,1.5471974305852854,1.5333335548409885,0.7122318671861054,0.45422849505481566,0.29662997227742094,0.26642255378797164,0.09159185130094621,0.0,0.0,0.0,0.0,0.0,0.0,0.0
Simulation,399,0.0,0.0,0.0,0.0,0.0,0.0,0.22097233621157666,0.634273515753334,1.1180368331426347,1.4151593337575172,1.1850698555460086,1.017633890813411,0.5680004813235113,0.45921119751656425,0.3749954848973008,0.3084379692814873,0.09207240383867127,0.0,0.0,0.0,0.0,0.0,0.0,0.0
Simulation,400,0.0,0.0,0.0,0.0,0.0,0.0,0.19615960302145113,0.5871529476687116,0.9452971575351428,0.7178316855213457,0.8964971721132124,0.981891917943576,0.5803395296516108,0.34586678610342314,0.13166488166876877,0.06989384955462075,0.09179556508038281,0.0,0.0,0.0,0.0,0.0,0.0,0.0
Simulation,401,0.0,0.0,0.0,0.0,0.0,0.0,1.4467987329463652,1.5104786763462965,1.1887099379542723,0.7920332718290406,0.8299349270542142,0.8424440364421759,0.8631849155537723,0.586736888807762,0.4032176639313657,0.19961223895637759,0.08221722522402035,0.0,0.0,0.0,0.0,0.0,0.0,0.0
Simulation,402,0.0,0.0,0.0,0.0,0.0,0.0,0.06270104474476926,0.20438913874829706,0.4453405631648752,0.16944965266305412,0.3391282798400818,0.5714610581243986,0.5408497396235882,0.41521302028427826,0.1980583182130918,0.09439006693760063,0.0834132342173834,0.0,0.0,0.0,0.0,0.0,0.0,0.0
Simulation,403,0.0,0.0,0.0,0.0,0.0,0.0,0.2758729256232452,0.7518116607957689,1.1548883648180737,1.1483659100164396,1.044614679278238,0.9358032582115143,0.5324424319557822,0.42023052275014916,0.31788586411856923,0.33179088812054175,0.12319481538686129,0.0,0.0,0.0,0.0,0.0,0.0,0.0
Simulation,404,0.0,0.0,0.0,0.0,0.0,0.0,0.2353879269100979,0.5872905241666465,0.935268513862667,0.8819842163868169,0.8001729894115565,0.7098163016631324,0.5838613756092123,0.6292128856257373,0.8740057607860114,1.0913949389907507,0.16898468090113078,0.0,0.0,0.0,0.0,0.0,0.0,0.0
Simulation,405,0.0,0.0,0.0,0.0,0.0,0.0,0.12973195301725277,0.21300982624332115,0.4831921674654073,0.6753626710057191,0.9118789355703592,1.0555924081398302,0.9456797291616661,0.7746852103713885,0.7396035707527401,0.6248445000622168,0.14728990428517996,0.0,0.0,0.0,0.0,0.0,0.0,0.0
Simulation,406,0.0,0.0,0.0,0.0,0.0,0.0,0.7728611077672962,1.265830818111176,1.234863749063962,0.7165827320527347,0.590474791036481,0.41557760554011414,0.2463524485547875,0.23061719457912222,0.1683311189742394,0.14995655201390382,0.08432248660852096,0.0,0.0,0.0,0.0,0.0,0.0,0.0
Simulation,407,0.0,0.0,0.0,0.0,0.0,0.0,0.30900087819277977,0.809010790717234,1.0078910194306234,0.5553525441181008,0.6152722396347854,0.7984414895688767,1.0382557874699512,0.8008086624045601,0.5114623601045845,0.24278165292007925,0.0953870664108782,0.0,0.0,0.0,0.0,0.0,0.0,0.0
Simulation,408,0.0,0.0,0.0,0.0,0.0,0.0,0.2345124425900037,0.07862358887433663,0.05918973600019961,0.11230305075613689,0.21945599904470026,0.22046229778254556,0.08754159606868472,0.08138471135527847,0.14403256130017214,0.35963755044254697,0.1230557715656766,0.0,0.0,0.0,0.0,0.0,0.0,0.0
Simulation,409,0.0,0.0,0.0,0.0,0.0,0.0,0.06659939869739495,0.3714695926181648,0.9017698067806127,0.8770655219276563,1.06294381593893,1.089530937406698,0.5149913730376322,0.2829069612336036,0.1525132957564047,0.12894990367661627,0.0965903993335786,0.0,0.0,0.0,0.0,0.0,0.0,0.0
Simulation,410,0.0,0.0,0.0,0.0,0.0,0.0,0.27581101675119235,0.643729869308582,0.9572818110170991,0.7688426820544234,0.8767544742403685,0.9892286586366383,1.0339916731499001,0.6968297356354758,0.41867490358126624,0.14228863193481697,0.08118140152651084,0.0,0.0,0.0,0.0,0.0,0.0,0.0
Simulation,411,0.0,0.0,0.0,0.0,0.0,0.0,0.1635504658362269,0.4940394603578808,0.8871912531537728,0.7275705793874064,0.779614114187059,0.8032327063968503,0.7986962657778682,0.7738038456267862,0.7631920805161245,0.6198209561902505,0.1122724038231771,0.0,0.0,0.0,0.0,0.0,0.0,0.0
Simulation,412,0.0,0.0,0.0,0.0,0.0,0.0,0.5870266241021415,0.7164262413982474,0.9237436285334816,0.7909514613261185,1.1530115170875905,1.497657356002656,1.25049464674012,0.6453247860430187,0.3856423711005923,0.19606485669709395,0.09299851532085131,0.0,0.0,0.0,0.0,0.0,0.0,0.0
Simulation,413,0.0,0.0,0.0,0.0,0.0,0.0,0.6440732956822472,0.8639001404735158,1.0024972044162788,0.8233213609637143,0.9991590637740528,1.1464149178226621,1.2992347196459744,0.837277499932622,0.5138618488392248,0.20031960010555577,0.08116755637731378,0.0,0.0,0.0,0.0,0.0,0.0,0.0
Simulation,414,0.0,0.0,0.0,0.0,0.0,0.0,0.9296451442704643,1.0568174803145063,1.0838748807358494,0.7884146583264402,0.8641579739123035,0.8882953927374839,0.6992323935875974,0.5079537234495939,0.3910240593171712,0.30614962605467066,0.09205401492213494,0.0,0.0,0.0,0.0,0.0,0.0,0.0
Simulation,415,0.0,0.0,0.0,0.0,0.0,0.0,0.40001089652686583,0.9134776819709747,1.2872078506041356,1.602382330733593,1.5165374720445686,1.3511846615263063,0.9026155996154029,0.657340058576757,0.584244411445185,0.3312960567280661,0.09056746116008235,0.0,0.0,0.0,0.0,0.0,0.0,0.0
Simulation,416,0.0,0.0,0.0,0.0,0.0,0.0,0.09934633536778867,0.14755873360056854,0.34358186889948694,0.5537321597035636,0.9030906618677461,1.0264736235440879,0.5317977153764242,0.31698441593693555,0.1752638752145032,0.2197048819157413,0.11026066973904133,0.0,0.0,0.0,0.0,0.0,0.0,0.0
Simulation,417,0.0,0.0,0.0,0.0,0.0,0.0,0.03809034359163277,0.1565230972129279,0.496309097650937,0.43167312090746157,0.5048875278439441,0.5378545123815818,0.48205060526177407,0.37662810062940266,0.1759695093243145,0.030932767921520082,0.047329515001880665,0.0,0.0,0.0,0.0,0.0,0.0,0.0
Simulation,418,0.0,0.0,0.0,0.0,0.0,0.0,0.2741677263179691,0.19970598634125064,0.22162568134634908,0.20521648174727614,0.5053952817852704,0.6265486203732247,0.5186298077197449,0.40342249415427467,0.28516070120404047,0.2311135767339093,0.0841179148394997,0.0,0.0,0.0,0.0,0.0,0.0,0.0
Simulation,419,0.0,0.0,0.0,0.0,0.0,0.0,0.1501127662493344,0.5610227527825681,1.0425597845639707,1.5723211352475408,1.2729516373837406,1.0460673844503643,0.6230609857187067,0.5102604890366949,0.43406146614621827,0.26447477048912504,0.08022493293869244,0.0,0.0,0.0,0.0,0.0,0.0,0.0
Simulation,420,0.0,0.0,0.0,0.0,0.0,0.0,0.28447048974561834,0.4375718909403403,0.6673099734072749,0.9040495328837487,1.1145124863849696,1.2023663720693971,1.0835340184161915,1.0386254128254282,1.1861514552829573,1.347906988734601,0.16135545855817518,0.0,0.0,0.0,0.0,0.0,0.0,0.0
Simulation,421,0.0,0.0,0.0,0.0,0.0,0.0,0.27591680361762555,1.2541506534388307,1.4988596005300083,1.3604048965565079,0.9555639497122378,0.816911233814722,0.8020869757827613,0.8715202087722385,0.8390742752014884,0.47811767722280574,0.09197215644741488,0.0,0.0,0.0,0.0,0.0,0.0,0.0
Simulation,422,0.0,0.0,0.0,0.0,0.0,0.0,0.39965435884733125,0.625374585313446,0.8102618304164613,0.28225867012673744,0.5061295696682946,0.5407179752893629,0.17112111664865792,0.13525694390322274,0.15996228331647375,0.33938603764313086,0.1415111117479961,0.0,0.0,0.0,0.0,0.0,0.0,0.0
Simulation,423,0.0,0.0,0.0,0.0,0.0,0.0,0.446392120810596,0.8005491082463156,0.9831247788002294,0.6742033731386372,0.6606621135951987,0.6167218335126436,0.5376139737318851,0.45389552228046615,0.31754403875256115,0.17265924087903045,0.08054466153306267,0.0,0.0,0.0,0.0,0.0,0.0,0.0
Simulation,424,0.0,0.0,0.0,0.0,0.0,0.0,0.15972806892465619,0.29973684747998125,0.5521075940052131,0.558450891556601,0.7132202900409982,0.7538950537087854,0.5251425156702966,0.4612243019654615,0.4506523838305112,0.5646919873296545,0.09712836565184203,0.0,0.0,0.0,0.0,0.0,0.0,0.0
Simulation,425,0.0,0.0,0.0,0.0,0.0,0.0,0.25766384011682764,0.396629018119797,0.810467662459956,0.8068476882775321,1.0192395105459475,0.9310412458744519,0.09326687071270595,0.0,0.0,0.007781345814135365,0.07248043888103563,0.0,0.0,0.0,0.0,0.0,0.0,0.0
Simulation,426,0.0,0.0,0.0,0.0,0.0,0.0,0.07068624358245401,0.16950642835168778,0.4393076773386113,0.48177767616436273,0.7767079519367186,0.9897012445632266,0.9882854008991471,0.602467442085574,0.36180264538460094,0.11833083232417493,0.0931960784313725,0.0,0.0,0.0,0.0,0.0,0.0,0.0
Simulation,427,0.0,0.0,0.0,0.0,0.0,0.0,0.8155703192306163,0.7005319279120105,0.8454219583711785,0.540555190499172,0.6606725299536064,0.6704918863499905,0.5002451161960557,0.431715235446634,0.35744558813883065,0.3125205085960033,0.0883338511216421,0.0,0.0,0.0,0.0,0.0,0.0,0.0
Simulation,428,0.0,0.0,0.0,0.0,0.0,0.0,0.0777207885437832,0.4284202510011609,0.8951140937833747,0.628271705950139,0.5405033934499417,0.4752555526718877,0.3796728841313326,0.4008977038953301,0.3350519974252119,0.38271315786254034,0.16640577138320853,0.0,0.0,0.0,0.0,0.0,0.0,0.0
Simulation,429,0.0,0.0,0.0,0.0,0.0,0.0,1.0871168455171436,1.5810536700788758,1.58751214266478,1.5444087368621728,1.3786085524799656,1.4003824767713198,1.3102934819374585,0.9165030474008514,0.6721654166388286,0.36996187742271736,0.09431313554199738,0.0,0.0,0.0,0.0,0.0,0.0,0.0
Simulation,430,0.0,0.0,0.0,0.0,0.0,0.0,0.2198006096654272,0.40595947250704545,0.8314933222153766,0.9354664585435146,1.109132185629834,1.1636235621143207,0.8608752328875569,0.564566887089278,0.4427765588938459,0.32474727130906955,0.09760154133773669,0.0,0.0,0.0,0.0,0.0,0.0,0.0
Simulation,431,0.0,0.0,0.0,0.0,0.0,0.0,0.500331131718855,1.0608445717361836,1.1558431035126322,0.847808134663603,0.9813965344090183,1.2027212827210425,1.4686911940567446,1.3071085010699868,0.9945838381999936,0.7403650534722506,0.2020490918513973,0.0,0.0,0.0,0.0,0.0,0.0,0.0
Simulation,432,0.0,0.0,0.0,0.0,0.0,0.0,0.26938856706299585,0.6155469282664111,0.9435448366531214,0.6743901808285785,0.7851989851596121,0.8185569334671049,0.49399287239118783,0.2628845661562478,0.1327518185927213,0.1325588733545381,0.09394401644229372,0.0,0.0,0.0,0.0,0.0,0.0,0.0
Simulation,433,0.0,0.0,0.0,0.0,0.0,0.0,0.39668118256688734,0.9435950868412296,1.3331307600107671,1.6435773458296343,1.5670036594549008,1.5243114633615402,0.9954769822353742,0.7828435929700457,0.7822132588601182,0.6437280787257926,0.09528759565006895,0.0,0.0,0.0,0.0,0.0,0.0,0.0
Simulation,434,0.0,0.0,0.0,0.0,0.0,0.0,0.633512163033571,0.7042852508464836,0.9889016858466545,1.2106017141567627,1.3611851368265826,1.3049622635695104,0.6107618377825119,0.4163157683392944,0.2275869022916307,0.15399156653779614,0.08116341870027836,0.0,0.0,0.0,0.0,0.0,0.0,0.0
Simulation,435,0.0,0.0,0.0,0.0,0.0,0.0,0.28576985190065496,0.5267538435871383,0.8338449840101222,0.7847888040972452,0.8647529359593165,0.8145070017292293,0.5225860096798038,0.42142858996079224,0.3252968409408301,0.3050522277753982,0.0923958755777736,0.0,0.0,0.0,0.0,0.0,0.0,0.0
Simulation,436,0.0,0.0,0.0,0.0,0.0,0.0,0.1282059910473322,0.33220741540065124,0.6368746195082376,0.28909695223049514,0.30520207612544603,0.30126878384132155,0.4221721342192528,0.4368243884173074,0.33765939732510714,0.2565954725661364,0.09239883295422538,0.0,0.0,0.0,0.0,0.0,0.0,0.0
Simulation,437,0.0,0.0,0.0,0.0,0.0,0.0,1.3230811397421192,1.497280970445655,1.324581701617673,0.9639650175070484,0.9741006095481897,0.8828382910868378,0.4372083285033806,0.31934987042939705,0.23669505897539037,0.2738562948694281,0.0814759799574155,0.0,0.0,0.0,0.0,0.0,0.0,0.0
Simulation,438,0.0,0.0,0.0,0.0,0.0,0.0,0.17481496782373757,0.5658136310416251,0.966419349796963,1.280710401772657,1.2708807971636764,1.1513140156493638,0.587817029573631,0.4968007964117601,0.5595018415232496,0.8140224816902422,0.16314241032818283,0.0,0.0,0.0,0.0,0.0,0.0,0.0
Simulation,439,0.0,0.0,0.0,0.0,0.0,0.0,0.0838010354284133,0.12819897020831222,0.4431840862325371,0.7921202023923345,0.9691800877602812,0.86988876669735,0.31877485460539823,0.2531043995688116,0.23824781634835462,0.3012032562736782,0.08792020853994213,0.0,0.0,0.0,0.0,0.0,0.0,0.0
Simulation,440,0.0,0.0,0.0,0.0,0.0,0.0,0.11492397031762508,0.3360313658273199,0.6328262938120134,0.25394892587084483,0.30853142699361646,0.33197046013958315,0.2693955610578171,0.30848253452262914,0.24484685264071668,0.2749552583190856,0.0953373372217374,0.0,0.0,0.0,0.0,0.0,0.0,0.0
Simulation,441,0.0,0.0,0.0,0.0,0.0,0.0,0.2580206953404408,0.5026491784502796,0.8659261386762714,0.8842950949753356,0.990317207246299,0.8905589344933241,0.4621870663666172,0.43063216865117276,0.4872141300660243,1.0664247832360563,0.20646943943060725,0.0,0.0,0.0,0.0,0.0,0.0,0.0
Simulation,442,0.0,0.0,0.0,0.0,0.0,0.0,0.3156620892607484,0.5957719047227938,0.9069287922463809,0.831290013611572,0.7792444330017195,0.5646986345895864,0.21268512875879803,0.26658241396730853,0.3021853443248516,0.45107269578903814,0.09240391943309824,0.0,0.0,0.0,0.0,0.0,0.0,0.0
Simulation,443,0.0,0.0,0.0,0.0,0.0,0.0,0.1692475286603207,0.3272562132962762,0.6211637138447341,0.37841659533561856,0.39817886479593007,0.44003772327317764,0.534094202166779,0.4542924459248561,0.29085637650344215,0.1077213232577825,0.062040345809145386,0.0,0.0,0.0,0.0,0.0,0.0,0.0
Simulation,444,0.0,0.0,0.0,0.0,0.0,0.0,0.2576116302180682,0.6436226455913864,0.9925444736847406,0.6575402211806954,0.7154701230375655,0.6206907923010699,0.09406261818320488,0.046736796383996415,0.025941984558297826,0.10028198675489253,0.09930349566594507,0.0,0.0,0.0,0.0,0.0,0.0,0.0
Simulation,445,0.0,0.0,0.0,0.0,0.0,0.0,0.13658851240573053,0.3090555046666829,0.43890543626595974,0.015307904045485987,0.0,0.07043401248170023,0.16527823913469253,0.08680792939958104,0.016801769879044803,0.0,0.0796142280038937,0.0,0.0,0.0,0.0,0.0,0.0,0.0
Simulation,446,0.0,0.0,0.0,0.0,0.0,0.0,0.4082342651043362,0.6900288316723748,0.9090651807123937,0.717844409526629,0.8377076591517348,0.9679304138469658,1.3040304619270966,1.265549097384715,1.1055379659229874,0.7013353753900051,0.111253436316715,0.0,0.0,0.0,0.0,0.0,0.0,0.0
Simulation,447,0.0,0.0,0.0,0.0,0.0,0.0,0.20438044076540338,0.52665890017514,0.7929236049985193,0.2422791699470176,0.36306276726827924,0.5074072702562029,0.5240673892189609,0.4030448708953564,0.22419774279825688,0.1650728287227407,0.09229513898177924,0.0,0.0,0.0,0.0,0.0,0.0,0.0
Simulation,448,0.0,0.0,0.0,0.0,0.0,0.0,0.2172344744353156,0.5025571383613141,0.9018995173959719,1.0333647738127865,1.265406003203615,1.4729188120412164,1.2533378603691294,0.747785151678132,0.4866152078640793,0.30497047103608516,0.11448799486659234,0.0,0.0,0.0,0.0,0.0,0.0,0.0
Simulation,449,0.0,0.0,0.0,0.0,0.0,0.0,0.1679095567025659,0.6836026579587114,1.0427511436990138,0.7387149802754285,0.9237032232594585,1.0813059541696144,0.8964044257117694,0.5676074616101988,0.3724899031113323,0.20842872620723885,0.0926772898681554,0.0,0.0,0.0,0.0,0.0,0.0,0.0
Simulation,450,0.0,0.0,0.0,0.0,0.0,0.0,0.19869923701023529,0.5665847387355519,0.9066709346560621,0.7167476415149227,0.8325643893015464,0.8395380832723762,0.5378324901709576,0.43381994005100677,0.3109132464228546,0.2952291491213309,0.09244172406614284,0.0,0.0,0.0,0.0,0.0,0.0,0.0
Simulation,451,0.0,0.0,0.0,0.0,0.0,0.0,0.051992804040264545,0.10125052283468872,0.21392498890443,0.06076130584054118,0.028952366888772563,0.07397105699448303,0.0668666620275476,0.05282969165189261,0.013006552107336311,0.0,0.04794896064795821,0.0,0.0,0.0,0.0,0.0,0.0,0.0
Simulation,452,0.0,0.0,0.0,0.0,0.0,0.0,0.7214501270166622,0.8106707595406069,0.9667031485336975,0.6147146184433242,0.47898158192317863,0.3247515002862093,0.21524590717303882,0.20011799368142252,0.14646661316125134,0.08897299185286736,0.07216990741662224,0.0,0.0,0.0,0.0,0.0,0.0,0.0
Simulation,453,0.0,0.0,0.0,0.0,0.0,0.0,0.22061860208255918,0.6319368284063487,1.0343946142897689,1.0238766484641484,0.9653135573992441,0.8528261556656583,0.5220573518300827,0.45047837558191167,0.3723554611701708,0.31183380782768666,0.09295963632303267,0.0,0.0,0.0,0.0,0.0,0.0,0.0
Simulation,454,0.0,0.0,0.0,0.0,0.0,0.0,0.27154613534779576,0.6925620380254248,1.098796265680138,1.2678618370533874,1.4413613239692713,1.496334259702051,1.0333435530498452,0.6495560868595129,0.5419815162054482,0.6425327063310164,0.16891871631595487,0.0,0.0,0.0,0.0,0.0,0.0,0.0
Simulation,455,0.0,0.0,0.0,0.0,0.0,0.0,1.0150465871047167,1.5439821011727057,1.518371161339994,1.0391660849647566,0.8799819102787326,0.850568546160352,0.911995828297256,0.8302045467312815,0.7872163466692861,0.6271326597268991,0.12327817439511882,0.0,0.0,0.0,0.0,0.0,0.0,0.0
Simulation,456,0.0,0.0,0.0,0.0,0.0,0.0,0.1870763726361074,0.5863941067813282,0.9085563812203405,0.5605997196200688,0.7673433256051305,0.8565683328347476,0.5834372844575195,0.4457356545544492,0.26939333176444435,0.2785705739451606,0.123892808225985,0.0,0.0,0.0,0.0,0.0,0.0,0.0
Simulation,457,0.0,0.0,0.0,0.0,0.0,0.0,0.25749801566114533,0.6071673242570486,0.9465428097777732,0.8542327568902092,0.810285695921747,0.7355836410850258,0.43548778904832053,0.35830569990657013,0.22596543526652996,0.110184210093803,0.08058311293212299,0.0,0.0,0.0,0.0,0.0,0.0,0.0
Simulation,458,0.0,0.0,0.0,0.0,0.0,0.0,0.32253230466460303,0.5839122733921635,0.9232023576109529,0.9887395966006742,1.000584345310609,0.8839608628263488,0.4705767069262009,0.3258898760083282,0.2268027603643313,0.2335819201455398,0.09303275617225457,0.0,0.0,0.0,0.0,0.0,0.0,0.0
Simulation,459,0.0,0.0,0.0,0.0,0.0,0.0,0.0,0.04726344201776922,0.19701590210446718,0.541016310459766,0.8146872036873463,0.9261502384643764,0.5950723931342058,0.47816889657255757,0.37776283669458016,0.31208655127693447,0.1111498220769075,0.0,0.0,0.0,0.0,0.0,0.0,0.0
Simulation,460,0.0,0.0,0.0,0.0,0.0,0.0,0.17744275365651502,0.13906430985333396,0.2627879341420265,0.5458249323604725,0.878534651271559,1.0393475082402064,0.6392390026819648,0.4158431645368142,0.1588259041927554,0.02232699490520612,0.04541431794331727,0.0,0.0,0.0,0.0,0.0,0.0,0.0
Simulation,461,0.0,0.0,0.0,0.0,0.0,0.0,0.25956034928782706,0.45273065205320906,0.7587418563634676,0.6985450250652803,0.8309792711929475,0.8975892477003304,0.804462850920766,0.6273105967213666,0.513371428873998,0.35002939660577065,0.11498390597194125,0.0,0.0,0.0,0.0,0.0,0.0,0.0
Simulation,462,0.0,0.0,0.0,0.0,0.0,0.0,0.3814502068733526,1.2656969133880067,1.4540383072967782,1.1932275764812208,0.8637549010918356,0.6803151140914784,0.4361828133674469,0.44836869219877024,0.37776917244172675,0.2971997225957291,0.0801960784313725,0.0,0.0,0.0,0.0,0.0,0.0,0.0
Simulation,463,0.0,0.0,0.0,0.0,0.0,0.0,0.48894968976054975,0.6770080886483132,0.9940178778057486,1.141925114515688,1.0178901401698097,0.9342827003693532,0.7025647204483894,0.5090554542563767,0.3766370008801885,0.19857689323896927,0.0878126222773984,0.0,0.0,0.0,0.0,0.0,0.0,0.0
Simulation,464,0.0,0.0,0.0,0.0,0.0,0.0,0.4081204382092638,0.6877542885463332,0.9236850559556358,0.7289124797431937,0.8060125075522278,0.8530024788634646,0.8632634562383281,0.7567334628082835,0.6668167458314809,0.3179370509657223,0.08514255741570774,0.0,0.0,0.0,0.0,0.0,0.0,0.0
Simulation,465,0.0,0.0,0.0,0.0,0.0,0.0,0.14672856584367955,0.4935418375418462,0.8887460854920942,0.7196285909037801,0.9013404204612123,1.0392623997252413,1.031789161406297,0.7295529465495522,0.5198296411084816,0.3236714851477332,0.15237975189280434,0.0,0.0,0.0,0.0,0.0,0.0,0.0
Simulation,466,0.0,0.0,0.0,0.0,0.0,0.0,0.2350746662328806,0.3813785692660505,0.5492175733830877,0.41610883172886437,0.6789833393779978,0.813252194087184,0.6404008324921008,0.4955267703355258,0.37819724301374297,0.28086264732615623,0.09361855690403899,0.0,0.0,0.0,0.0,0.0,0.0,0.0
Simulation,467,0.0,0.0,0.0,0.0,0.0,0.0,0.2995533586178644,0.6861679131800407,0.9205900562331191,0.4810595279074312,0.4759245747636305,0.6091308870127825,0.9632916046739686,0.9471434574411228,0.8763517242483587,0.6777436479607535,0.1373446123277784,0.0,0.0,0.0,0.0,0.0,0.0,0.0
Simulation,468,0.0,0.0,0.0,0.0,0.0,0.0,0.5831575962056916,1.511941381571153,1.5430620805603041,1.5605240981656476,1.443071068899251,1.29037883811775,0.5946621748714481,0.4536569189916644,0.33188796719727814,0.35111222745972537,0.1533000935034889,0.0,0.0,0.0,0.0,0.0,0.0,0.0
Simulation,469,0.0,0.0,0.0,0.0,0.0,0.0,0.3274324921494512,0.8516679831896667,1.143793623839455,1.1406635738172788,0.999224083630383,0.9475067654312198,0.9193090301127447,0.8753904090306873,0.9307111375706354,0.8593037605191525,0.16139374742257803,0.0,0.0,0.0,0.0,0.0,0.0,0.0
Simulation,470,0.0,0.0,0.0,0.0,0.0,0.0,0.6861311208469234,1.3367079987067005,1.4875501318895563,1.6429551809103935,1.543708530407365,1.4705101818199506,1.2393002901648593,1.0371159507004006,0.903215325520512,0.5067178771906664,0.09269763382160524,0.0,0.0,0.0,0.0,0.0,0.0,0.0
Simulation,471,0.0,0.0,0.0,0.0,0.0,0.0,0.3376673895559366,0.935031889267042,1.2063294236365316,0.9069083724137659,0.7334447889954885,0.38696624079466946,0.08818551762872784,0.13565149574834107,0.19680537075935445,0.30842663278519655,0.08822771392118436,0.0,0.0,0.0,0.0,0.0,0.0,0.0
Simulation,472,0.0,0.0,0.0,0.0,0.0,0.0,0.29959121231474073,0.5593107564918859,0.839494503444621,0.7154351564750042,0.8381448102749698,0.8522620935218795,0.5418189621338345,0.3806747591785595,0.22135405336699115,0.13547663794867956,0.08859109852142412,0.0,0.0,0.0,0.0,0.0,0.0,0.0
Simulation,473,0.0,0.0,0.0,0.0,0.0,0.0,0.2847898163311709,0.4946934528926847,0.6284341500746711,0.2062948773462796,0.36174262885561653,0.3443105981661721,0.08896380236442553,0.06990172561775482,0.06956757051265239,0.11162125739887135,0.08932663575865846,0.0,0.0,0.0,0.0,0.0,0.0,0.0
Simulation,474,0.0,0.0,0.0,0.0,0.0,0.0,0.28730361986688524,0.6859648389543574,1.0187964926293975,1.283326724752551,1.1421272841353174,1.0266599792433648,0.7141002304493504,0.696832681574305,0.8368699834146336,0.8258354905339299,0.12220808092467286,0.0,0.0,0.0,0.0,0.0,0.0,0.0
Simulation,475,0.0,0.0,0.0,0.0,0.0,0.0,0.1870787739431176,0.45559340051613284,0.645558389575825,0.3016218797213141,0.454434586490098,0.7144038952737164,1.098357703423996,1.217749928944146,1.1839763708826847,1.0944135443018252,0.20658730149366752,0.0,0.0,0.0,0.0,0.0,0.0,0.0
Simulation,476,0.0,0.0,0.0,0.0,0.0,0.0,0.3974144267056399,0.6791824160551125,0.9288214203701786,0.8348454896926655,1.0157931605751607,1.2315319281420982,1.4825613685315786,1.2330871209468341,0.7025348811154744,0.1391845924481462,0.056532420565153785,0.0,0.0,0.0,0.0,0.0,0.0,0.0
Simulation,477,0.0,0.0,0.0,0.0,0.0,0.0,0.16193408229489148,0.5610101076895204,0.8937329725531641,0.330805799007738,0.2661877580115489,0.281713733161866,0.5158762265327486,0.45909136799603356,0.3385923614309607,0.20908091054091105,0.08418888510102125,0.0,0.0,0.0,0.0,0.0,0.0,0.0
Simulation,478,0.0,0.0,0.0,0.0,0.0,0.0,0.6752138161469436,0.7914073238977981,0.9571096293276403,0.8479969994504434,0.9121066835952559,0.8904994329694458,0.6484086625414405,0.5629041970054781,0.6028805485328342,0.6225355074791528,0.10226475618369249,0.0,0.0,0.0,0.0,0.0,0.0,0.0
Simulation,479,0.0,0.0,0.0,0.0,0.0,0.0,0.24789816372993628,0.3290364207296976,0.5178001982677951,0.5868571361990871,0.752991822418879,0.8022686965201418,0.5931143566704972,0.4945574373135665,0.4186602722325686,0.3121926142310499,0.09070470666500347,0.0,0.0,0.0,0.0,0.0,0.0,0.0
Simulation,480,0.0,0.0,0.0,0.0,0.0,0.0,0.6989640623869791,1.2567881971046433,1.3811313983965916,1.2782815479115088,1.1124181717070651,0.9218704640382679,0.3692341277987575,0.3130710718691511,0.3043102039486209,0.623120193388518,0.1689684643000151,0.0,0.0,0.0,0.0,0.0,0.0,0.0
Simulation,481,0.0,0.0,0.0,0.0,0.0,0.0,0.16973068184183965,0.34624297495007716,0.7352754916258454,1.053994683896962,1.4371523289799897,1.5267084371123067,1.1369436092907548,0.9442047797733506,0.9827232985350038,0.9244724318417218,0.15329742458476414,0.0,0.0,0.0,0.0,0.0,0.0,0.0
Simulation,482,0.0,0.0,0.0,0.0,0.0,0.0,0.27348304604910556,0.23424496318447685,0.2515255016425947,0.14975460591143797,0.30483112214813185,0.40345688799459706,0.3695129965918483,0.3604456792375019,0.34569998540855185,0.6037227243634546,0.160603412263712,0.0,0.0,0.0,0.0,0.0,0.0,0.0
Simulation,483,0.0,0.0,0.0,0.0,0.0,0.0,0.1743833921872358,0.5479717105393561,0.9371385391159534,1.0263770620078754,1.0719206141599704,1.0594041564237604,0.7674047738531847,0.6016492704382295,0.511567767969806,0.3335586337994471,0.09210138419395787,0.0,0.0,0.0,0.0,0.0,0.0,0.0
Simulation,484,0.0,0.0,0.0,0.0,0.0,0.0,0.26433858255882825,0.4284860276966284,0.6526550656521718,0.6857375682782375,0.9638372019615269,1.244654325539369,1.4533016203719824,1.1520376682971216,0.7652186726845887,0.3729039316463176,0.11054969171284543,0.0,0.0,0.0,0.0,0.0,0.0,0.0
Simulation,485,0.0,0.0,0.0,0.0,0.0,0.0,0.3966783482735236,0.6870639876933611,0.9820627199930076,1.0333687378200431,1.1229398254534635,1.098427642980358,0.6391224158426905,0.48863460521444085,0.4143901125647263,0.4746761544044425,0.10983019935306279,0.0,0.0,0.0,0.0,0.0,0.0,0.0
Simulation,486,0.0,0.0,0.0,0.0,0.0,0.0,0.207919581291989,0.6271213978843776,1.066675522806099,1.3534499334903194,1.3707632258859193,1.4654725822891108,1.4278521565940956,1.1514566960147412,0.8246804137609934,0.44158502349869244,0.10526808765144323,0.0,0.0,0.0,0.0,0.0,0.0,0.0
Simulation,487,0.0,0.0,0.0,0.0,0.0,0.0,0.2235903289156886,0.4376843923940891,0.5196005826694148,0.20851282649296737,0.5851952952501328,0.7999999987347621,0.526070337821842,0.4009046565441463,0.3073435399265435,0.4560566120355379,0.1654868274766969,0.0,0.0,0.0,0.0,0.0,0.0,0.0
Simulation,488,0.0,0.0,0.0,0.0,0.0,0.0,0.2347398637102769,0.437671916386731,0.7953948130374098,0.7007192000087443,0.8866934122985761,0.9106010515805962,0.43763457845460746,0.21894044360808654,0.10916543311233376,0.08655272538376013,0.08119492380960391,0.0,0.0,0.0,0.0,0.0,0.0,0.0
Simulation,489,0.0,0.0,0.0,0.0,0.0,0.0,0.22334929006080062,0.3642492259695078,0.7833131361492093,0.8292144910135746,0.8717125546712101,0.7739557015339043,0.2210661772080738,0.18140240323716839,0.16350026731984713,0.1664407736637626,0.08031952793449676,0.0,0.0,0.0,0.0,0.0,0.0,0.0
Simulation,490,0.0,0.0,0.0,0.0,0.0,0.0,0.3153766617549733,0.7304980631343867,1.0447790972764344,1.2649364437139692,1.3270268891767778,1.419907144705331,1.240501438110763,0.8717590458611464,0.704446868057315,0.3870832378182323,0.09298476168477778,0.0,0.0,0.0,0.0,0.0,0.0,0.0
Simulation,491,0.0,0.0,0.0,0.0,0.0,0.0,0.4174977029877599,0.8941100095418046,1.1999197359591756,1.3015245167911882,1.185647838973563,1.0814765610328392,0.5701741135253756,0.43980190659338914,0.3298443255591101,0.3481701892291469,0.11374781089243538,0.0,0.0,0.0,0.0,0.0,0.0,0.0
Simulation,492,0.0,0.0,0.0,0.0,0.0,0.0,0.2751196475170946,0.6435288462747337,0.9636560070255863,0.9266401684202188,1.1009175838522354,1.1328224715892994,0.6489836518085235,0.49201891591954,0.4089540761481474,0.3532165342696649,0.09252731537434775,0.0,0.0,0.0,0.0,0.0,0.0,0.0
Simulation,493,0.0,0.0,0.0,0.0,0.0,0.0,0.31206381672029543,0.45569392119221214,0.6273464518448826,0.5260109784030252,0.6700593091667065,0.6882771580955527,0.41012813128917286,0.3266070365215509,0.23717744854107015,0.217476652797821,0.08116364615433434,0.0,0.0,0.0,0.0,0.0,0.0,0.0
Simulation,494,0.0,0.0,0.0,0.0,0.0,0.0,0.0357067292420741,0.042298518423607434,0.12484533874143322,0.2414447037358018,0.66366711688326,0.7779425134423404,0.2942648421277146,0.16311735227379687,0.1323411488571707,0.1902938128331853,0.09393864833867357,0.0,0.0,0.0,0.0,0.0,0.0,0.0
Simulation,495,0.0,0.0,0.0,0.0,0.0,0.0,0.17307933432807637,0.5852544828405392,0.9718554582495738,0.9055948882300897,0.9302914214876277,0.8942804169523685,0.6206585193258453,0.5106922045103289,0.49211433158051354,0.6199604946428651,0.1430560215071896,0.0,0.0,0.0,0.0,0.0,0.0,0.0
Simulation,496,0.0,0.0,0.0,0.0,0.0,0.0,0.5880653991059356,0.6178221636569768,0.7568098675800068,0.3190631267826899,0.4794365134099949,0.714153117859769,1.269332582784027,1.1649159793048982,0.8903292684603956,0.4410741353736566,0.09540183679610495,0.0,0.0,0.0,0.0,0.0,0.0,0.0
Simulation,497,0.0,0.0,0.0,0.0,0.0,0.0,0.011823669656888663,0.020711961829458225,0.054299290983981674,0.11832470413514706,0.18148180401398117,0.194891367581014,0.08991742649743906,0.07342184389050288,0.06826564646393385,0.045941402168667295,0.08094525232120785,0.0,0.0,0.0,0.0,0.0,0.0,0.0
Simulation,498,0.0,0.0,0.0,0.0,0.0,0.0,0.12855062748524837,0.3990210550648625,0.9237762654619454,1.427078883124219,1.0493690566802147,0.7893573851633414,0.4206360044954687,0.4754790642313999,0.6645496353617635,0.7631647164417702,0.09352237394263715,0.0,0.0,0.0,0.0,0.0,0.0,0.0
Simulation,499,0.0,0.0,0.0,0.0,0.0,0.0,0.2715237399680656,0.5510432691202933,0.8712967799430376,0.9077782629263407,1.0175612050876426,1.171236228260938,1.548703573429028,1.5357632732228368,1.4660351362935713,0.9938696377588836,0.1475526311125699,0.0,0.0,0.0,0.0,0.0,0.0,0.0
Simulation,500,0.0,0.0,0.0,0.0,0.0,0.0,0.48781039903737644,0.5745025534570339,0.6613296118106522,0.386882777699535,0.5163574773103294,0.6790793064900653,0.9202074098776412,0.8419171215568634,0.8213827804705616,0.6612040344644395,0.1214942716867625,0.0,0.0,0.0,0.0,0.0,0.0,0.0
Simulation,501,0.0,0.0,0.0,0.0,0.0,0.0,0.2436987529707222,0.8389477647097612,1.21830582458574,1.0759210468827918,0.947293666198573,0.8299420202137865,0.5447510901656369,0.48945574697788946,0.48635345577699873,0.4561931340658433,0.10712143059743387,0.0,0.0,0.0,0.0,0.0,0.0,0.0
Simulation,502,0.0,0.0,0.0,0.0,0.0,0.0,1.3167962297005504,1.6022104563788444,1.579260175855631,1.2263054124049324,1.167146145511087,1.2132425838506864,0.9746218491125749,0.6973926810335644,0.6167747571109338,0.6087884334290056,0.12358824783499955,0.0,0.0,0.0,0.0,0.0,0.0,0.0
Simulation,503,0.0,0.0,0.0,0.0,0.0,0.0,0.27547813018989326,0.7516411658298254,1.0356410512180967,0.6865470523108387,0.5535070167130423,0.4324269497919182,0.3942879373196703,0.4264463719588235,0.36878786344344994,0.33660181424888247,0.09477872841095608,0.0,0.0,0.0,0.0,0.0,0.0,0.0
Simulation,504,0.0,0.0,0.0,0.0,0.0,0.0,0.19811554594690733,0.18493967570543168,0.2738207698099797,0.2822751824024143,0.5120834591926244,0.5924938145704541,0.5332631044235486,0.4249247785068129,0.2643275104614605,0.1560646991355571,0.08116197954715468,0.0,0.0,0.0,0.0,0.0,0.0,0.0
Simulation,505,0.0,0.0,0.0,0.0,0.0,0.0,0.44346533742106325,0.530594471843,0.7919872177412843,0.7912860593829578,0.8746839715733148,0.7952309730274597,0.4736959159848848,0.40876600083071435,0.37625370996157126,0.48469167168813443,0.09270014549537846,0.0,0.0,0.0,0.0,0.0,0.0,0.0
Simulation,506,0.0,0.0,0.0,0.0,0.0,0.0,0.2689876862785346,0.5792436326214271,0.9070255131681613,0.8372595091349075,1.1180367806167908,1.2942746113633863,0.7195894999894115,0.45871287393150323,0.2674654092530441,0.23970909385681594,0.09526170433608441,0.0,0.0,0.0,0.0,0.0,0.0,0.0
Simulation,507,0.0,0.0,0.0,0.0,0.0,0.0,0.1930947604988153,0.20352633429524597,0.3410686654034141,0.42376363352453306,0.518685300444677,0.43095168974752096,0.2224995825135958,0.318695129081502,0.3763310236825334,0.7704569573975799,0.16105101811037723,0.0,0.0,0.0,0.0,0.0,0.0,0.0
Simulation,508,0.0,0.0,0.0,0.0,0.0,0.0,0.006912006225298084,0.3654536900360573,0.883019419269911,0.3168602525258214,0.5401038677306259,0.6259823621184886,0.12821484193460225,0.06175200067232811,0.016561163436075,0.07265236722545532,0.15028543333899297,0.0,0.0,0.0,0.0,0.0,0.0,0.0
Simulation,509,0.0,0.0,0.0,0.0,0.0,0.0,0.4781284520397905,0.49271954037882093,0.6058069019846782,0.5697014223924056,0.6909198063968447,0.5860559902054201,0.30093121368573617,0.31565333876337454,0.32171522726243335,0.5278391542942498,0.09264129556317828,0.0,0.0,0.0,0.0,0.0,0.0,0.0
Simulation,510,0.0,0.0,0.0,0.0,0.0,0.0,0.2563856788997829,0.6133944589481395,1.090569930643261,1.5522802659147956,1.1847241995453193,0.8915003443947704,0.45045245292193853,0.42822337973023167,0.3916164820070953,0.4129864672961165,0.09224993143137876,0.0,0.0,0.0,0.0,0.0,0.0,0.0
Simulation,511,0.0,0.0,0.0,0.0,0.0,0.0,0.2203999501907745,0.2444669712406427,0.5039402605323124,0.5202422983164162,0.37980185456821575,0.3345128600501154,0.6151525139741552,0.617637338263505,0.5218648523334932,0.22704671951903244,0.08117251143123626,0.0,0.0,0.0,0.0,0.0,0.0,0.0
Simulation,512,0.0,0.0,0.0,0.0,0.0,0.0,0.1810160593672626,0.6095961603776554,0.9552365636797928,0.7175354847972426,0.6849454496270704,0.561817717713783,0.26379667253784195,0.31210547490637447,0.26956442339313347,0.30842997677048156,0.11738023859404127,0.0,0.0,0.0,0.0,0.0,0.0,0.0
Simulation,513,0.0,0.0,0.0,0.0,0.0,0.0,0.16028933280037785,0.5523377765761868,0.9071622985952379,0.8315648932805224,0.934747911188071,0.966185730640992,0.6726668064934622,0.5611424219121414,0.4949621192417287,0.35180453325839545,0.09275246377991328,0.0,0.0,0.0,0.0,0.0,0.0,0.0
Simulation,514,0.0,0.0,0.0,0.0,0.0,0.0,0.278061967796535,0.5560229356072137,0.8699774435114488,0.9365710973211059,1.0540649245192104,1.1220128362874877,1.128443166577406,1.0014400596766215,0.8247813655433445,0.35909304570182377,0.08274669351773359,0.0,0.0,0.0,0.0,0.0,0.0,0.0
Simulation,515,0.0,0.0,0.0,0.0,0.0,0.0,0.07633635273911987,0.6090651562816501,1.0377617653294633,0.6768969638767613,0.6000439910757003,0.5406378069501871,0.272748320156367,0.23642143835326462,0.15435787273589388,0.11508404902916941,0.09241724671107962,0.0,0.0,0.0,0.0,0.0,0.0,0.0
Simulation,516,0.0,0.0,0.0,0.0,0.0,0.0,0.3504680178129883,0.5951277896856578,0.8146883286473068,0.49951569757630643,0.5145843483863658,0.5183842819076743,0.494316984909758,0.4226542241222341,0.29936443349609426,0.209639464736866,0.08279646120634623,0.0,0.0,0.0,0.0,0.0,0.0,0.0
Simulation,517,0.0,0.0,0.0,0.0,0.0,0.0,0.04295027618299424,0.07282045058094688,0.22682466988021066,0.3863436635012585,0.30505406493020926,0.20929907710036888,0.37633371863870396,0.45887194464550907,0.4480364895061222,0.3220326077203526,0.08816831754425435,0.0,0.0,0.0,0.0,0.0,0.0,0.0
Simulation,518,0.0,0.0,0.0,0.0,0.0,0.0,0.5319824498809287,0.7065004944778922,0.9099374673222544,0.6777403872127665,0.764785467098343,0.7347145122171086,0.46124719358465743,0.40052085596215947,0.32323365329555737,0.30605628455551503,0.08116390073817271,0.0,0.0,0.0,0.0,0.0,0.0,0.0
Simulation,519,0.0,0.0,0.0,0.0,0.0,0.0,0.23481123822828198,0.19942563010468956,0.27660967056851593,0.2665743892509481,0.3715307496268535,0.42072114704569236,0.4975178071300962,0.41572065691929627,0.2557213199735188,0.10974584675924359,0.06576102361936607,0.0,0.0,0.0,0.0,0.0,0.0,0.0
Simulation,520,0.0,0.0,0.0,0.0,0.0,0.0,0.16409932047042894,0.5749151214134567,0.9280110827863057,0.7813602279491565,0.8189798929398061,0.8909202341049637,1.0663380086408658,0.9002225948650713,0.6282839373917883,0.19964865858248704,0.08052694412936634,0.0,0.0,0.0,0.0,0.0,0.0,0.0
Simulation,521,0.0,0.0,0.0,0.0,0.0,0.0,0.315429753776579,0.5474632092490868,0.6285642563195099,0.18134445866013515,0.2540950357908007,0.4270797569075503,0.7462919182375274,0.5967652856507717,0.36822098915842993,0.07734964232975236,0.05423352056910777,0.0,0.0,0.0,0.0,0.0,0.0,0.0
Simulation,522,0.0,0.0,0.0,0.0,0.0,0.0,0.48671060842744823,0.6828443228155006,0.9227608455603677,0.8212958895349168,0.831852036271461,0.8190190091893106,0.7909488942683671,0.7439608010238783,0.6794490862910689,0.29991130211124795,0.06888840283343514,0.0,0.0,0.0,0.0,0.0,0.0,0.0
Simulation,523,0.0,0.0,0.0,0.0,0.0,0.0,0.16938936241752467,0.6215708078921913,1.0177490070602606,0.8548521318762238,0.8696153655349942,0.9198266104332162,0.9776307625039566,0.7941298098074847,0.6071304914799313,0.31210471018204755,0.0978016181817928,0.0,0.0,0.0,0.0,0.0,0.0,0.0
Simulation,524,0.0,0.0,0.0,0.0,0.0,0.0,0.20313697206263276,0.5960239640623486,0.9660058470527569,0.8484602568743711,0.7919890648561473,0.7141751376103762,0.5208574540018348,0.4586610618375792,0.40871221257793083,0.43157315284959474,0.107111355651475,0.0,0.0,0.0,0.0,0.0,0.0,0.0
Simulation,525,0.0,0.0,0.0,0.0,0.0,0.0,0.014435783188901374,0.09908599574512117,0.3736173941808142,0.48467611463881477,0.5057351256067213,0.3865666285315317,0.15890714853058502,0.1221659312772248,0.11081695842418676,0.10739490569448124,0.08071362860374047,0.0,0.0,0.0,0.0,0.0,0.0,0.0
Simulation,526,0.0,0.0,0.0,0.0,0.0,0.0,0.16803736671890854,0.5246719841772902,0.9177462850067346,0.7439607656392121,0.6128668294937873,0.4675949663350261,0.4370477912013784,0.41581620813239173,0.2639036748795784,0.10346724277805691,0.0811840818075954,0.0,0.0,0.0,0.0,0.0,0.0,0.0
Simulation,527,0.0,0.0,0.0,0.0,0.0,0.0,0.2917537918591107,0.6092706859795606,0.9085165375383298,0.900434460901485,1.2295841573985915,1.2895386986094974,0.5321053035634,0.3435574241113755,0.29919475141844154,0.669188442594157,0.12431811414995803,0.0,0.0,0.0,0.0,0.0,0.0,0.0
Simulation,528,0.0,0.0,0.0,0.0,0.0,0.0,0.1893287543242629,0.6118317664030164,0.9755231946907799,0.7933296059214784,0.7671349472155091,0.7206517726986659,0.5910036599784186,0.552417417421718,0.5523903239381132,0.5412308608504276,0.14991086708106077,0.0,0.0,0.0,0.0,0.0,0.0,0.0
Simulation,529,0.0,0.0,0.0,0.0,0.0,0.0,0.29482772104578925,1.0406570319141928,1.3454467245512371,0.9284625393781263,0.7796096189076357,0.7000381497102445,0.5694116258132543,0.4607984069611792,0.3166677944789792,0.19670385963968418,0.0921524457798965,0.0,0.0,0.0,0.0,0.0,0.0,0.0
Simulation,530,0.0,0.0,0.0,0.0,0.0,0.0,0.11001085094267063,0.2585213301308843,0.4887440025974331,0.2147271139998017,0.47429492596623907,0.6373162232723668,0.4070849256137179,0.3093455253731579,0.19224462814264334,0.24417188919293098,0.0950502015440599,0.0,0.0,0.0,0.0,0.0,0.0,0.0
Simulation,531,0.0,0.0,0.0,0.0,0.0,0.0,0.28123025917535244,0.5819433576427643,0.8978214468660161,1.0243225526370843,1.071142265910503,1.1437433679406315,1.4932223658705173,1.492308946735124,1.481942910318342,1.2776095700078272,0.12441455925966231,0.0,0.0,0.0,0.0,0.0,0.0,0.0
Simulation,532,0.0,0.0,0.0,0.0,0.0,0.0,0.3538344597041025,0.7648294836524856,1.0027812583801698,0.7761112508638683,0.991215720333584,1.1321892762030807,0.8971986054518768,0.5841222496912613,0.4808610273848906,0.5645686532481242,0.18607322773997687,0.0,0.0,0.0,0.0,0.0,0.0,0.0
Simulation,533,0.0,0.0,0.0,0.0,0.0,0.0,0.28509387257556545,0.7780928677698999,1.0006174587786802,0.496391619700177,0.312636224730968,0.2446964159456747,0.37479385181957114,0.44923387435911827,0.3935183938013817,0.3322466791171148,0.09277543857944821,0.0,0.0,0.0,0.0,0.0,0.0,0.0
Simulation,534,0.0,0.0,0.0,0.0,0.0,0.0,0.22063671272392354,0.6304580418282832,0.9081070540330213,0.2845697710096454,0.5186545198829573,0.753282445814328,0.5095401325587195,0.2850514871800378,0.10914919128603179,0.04018740940059232,0.08318053781408784,0.0,0.0,0.0,0.0,0.0,0.0,0.0
Simulation,535,0.0,0.0,0.0,0.0,0.0,0.0,0.2760912509657176,0.7175223154270646,0.9708333146722286,0.7136951779381983,0.7827507390632734,0.7761509545168114,0.33932674253589706,0.34260075843268684,0.322628676221702,0.39740509581073086,0.09763302454862738,0.0,0.0,0.0,0.0,0.0,0.0,0.0
Simulation,536,0.0,0.0,0.0,0.0,0.0,0.0,0.25759265728682673,1.0300313260541119,1.4489531337150205,1.5724228105150444,1.2249651999726683,1.0878891787845277,0.8156705481397208,0.8015485697359837,0.8340680740003168,0.7036573220287354,0.11523169674468814,0.0,0.0,0.0,0.0,0.0,0.0,0.0
Simulation,537,0.0,0.0,0.0,0.0,0.0,0.0,0.07153394632599175,0.14300389037346578,0.3532436223350893,0.4632054216226683,0.5931193485602443,0.660109709197195,0.5450670614702615,0.4655055628737152,0.39492696090241575,0.32468217514659997,0.09480871475553787,0.0,0.0,0.0,0.0,0.0,0.0,0.0
Simulation,538,0.0,0.0,0.0,0.0,0.0,0.0,0.1412904386802475,0.4583023405459986,0.9063715543962078,0.848563701261307,0.8318949589055475,0.7089463450384976,0.23305467430337357,0.2419332340439223,0.24663297417847835,0.33285531129986795,0.0931960784313725,0.0,0.0,0.0,0.0,0.0,0.0,0.0
Simulation,539,0.0,0.0,0.0,0.0,0.0,0.0,0.1589147983925576,0.3617372951295794,0.7212574608888662,0.3076343849846244,0.3723751096567002,0.33004450122910084,0.14580949679354316,0.08478944369248104,0.0931506468378753,0.17406596581991168,0.10828706571838481,0.0,0.0,0.0,0.0,0.0,0.0,0.0
Simulation,540,0.0,0.0,0.0,0.0,0.0,0.0,0.8162515335816201,1.6082826792095481,1.6523461338492298,1.6434556954286728,1.4425008669482098,1.137015574337484,0.8941907044743986,0.9039657207656444,1.1074120717791403,1.1295520795133638,0.16182168966963867,0.0,0.0,0.0,0.0,0.0,0.0,0.0
Simulation,541,0.0,0.0,0.0,0.0,0.0,0.0,0.232198481329798,0.6272419826089604,1.0943152652926706,1.5941891675326527,1.5509771714336056,1.5677011205317657,1.5133412103510024,1.4040970435587699,1.2628568663662305,0.7759056810359016,0.12283779401240746,0.0,0.0,0.0,0.0,0.0,0.0,0.0
Simulation,542,0.0,0.0,0.0,0.0,0.0,0.0,1.2157781845405788,1.4735779416416637,1.2345867132231834,0.9635596847486698,1.0267939820838516,1.1001374304874365,1.1216758969150842,0.9404848923529052,0.8865241140477327,0.7800863251134138,0.146090343109821,0.0,0.0,0.0,0.0,0.0,0.0,0.0
Simulation,543,0.0,0.0,0.0,0.0,0.0,0.0,0.43035543361772405,0.5877574619560868,0.8727806794407549,0.8773677452753748,1.1117497634953923,1.1716011865075167,0.6973351392926903,0.4897740742378168,0.3861547564291922,0.3125626738986574,0.0922668283765798,0.0,0.0,0.0,0.0,0.0,0.0,0.0
Simulation,544,0.0,0.0,0.0,0.0,0.0,0.0,0.41205118452502165,0.7595803351387409,1.024489886376904,1.1570583831509764,0.9692129672227312,0.9398315634155965,1.3982182923506719,1.3639168904443526,1.183907223624628,0.4240247694729131,0.08103376622198073,0.0,0.0,0.0,0.0,0.0,0.0,0.0
Simulation,545,0.0,0.0,0.0,0.0,0.0,0.0,0.6412363103817675,0.9839156680668985,1.0520514485678225,0.6865325866508902,0.6140000000000001,0.5787012125935732,0.5811347707738145,0.5422303249942975,0.6309825895203686,0.8567620274559026,0.20146084531586056,0.0,0.0,0.0,0.0,0.0,0.0,0.0
Simulation,546,0.0,0.0,0.0,0.0,0.0,0.0,0.9430570117651036,1.1779377057123148,1.1125448151403938,0.7148173054363379,0.875699587540806,0.9793736059468554,0.6888316822474538,0.48637195380044557,0.3545756056157316,0.31178847329737497,0.1169762758860689,0.0,0.0,0.0,0.0,0.0,0.0,0.0
Simulation,547,0.0,0.0,0.0,0.0,0.0,0.0,0.26674535305262354,0.6136755964925251,0.922405649703672,0.6826238127589804,0.6876870725682903,0.5348819055438838,0.10986001072162693,0.11163631120093043,0.16285022997829818,0.31255145655004907,0.11304380796041208,0.0,0.0,0.0,0.0,0.0,0.0,0.0
Simulation,548,0.0,0.0,0.0,0.0,0.0,0.0,0.2586734078764397,0.7209912599446515,1.0202558159952924,0.7564437210563503,0.6792209596018534,0.686093391772274,0.7555112836589141,0.8111030104287398,0.7587977155414886,0.38354474006157957,0.0923062136929868,0.0,0.0,0.0,0.0,0.0,0.0,0.0
Simulation,549,0.0,0.0,0.0,0.0,0.0,0.0,0.28101255285059906,0.6687264219954432,0.9029523451103676,0.26967360368810706,0.5649278630663909,0.7823623826374841,0.3583692980594476,0.13597124378229203,0.07016931456368969,0.0687141115486832,0.09479469194087621,0.0,0.0,0.0,0.0,0.0,0.0,0.0
Simulation,550,0.0,0.0,0.0,0.0,0.0,0.0,1.3837601619624966,1.6123011717137463,1.6222329976390522,1.3527338706401406,1.0755413890222025,1.0136226239115156,0.8761490678455885,0.6794325940942891,0.5986787598886711,0.3913270114567273,0.09507869928779476,0.0,0.0,0.0,0.0,0.0,0.0,0.0
Simulation,551,0.0,0.0,0.0,0.0,0.0,0.0,0.05787689417099065,0.20109449353894848,0.41735275249631054,0.10171005900280572,0.015157675534923865,0.033352578731546734,0.0881157315605714,0.16456018964261976,0.1774446052219108,0.27317739146284503,0.10956770525732953,0.0,0.0,0.0,0.0,0.0,0.0,0.0
Simulation,552,0.0,0.0,0.0,0.0,0.0,0.0,0.0,0.06027214819555882,0.33444636937697103,0.6801805212362034,0.6140000000000001,0.5381005045897376,0.5767224242096458,0.4970603942447992,0.37145085870332684,0.1118814136273496,0.07023337458890928,0.0,0.0,0.0,0.0,0.0,0.0,0.0
Simulation,553,0.0,0.0,0.0,0.0,0.0,0.0,0.2028803715826039,0.3815234470308853,0.7445875660470204,0.7651844804134836,0.903989139796522,0.8610766081024825,0.5373251670088712,0.4604741287790747,0.4822290111883237,0.7450913364136253,0.14899609296510402,0.0,0.0,0.0,0.0,0.0,0.0,0.0
Simulation,554,0.0,0.0,0.0,0.0,0.0,0.0,1.0874572439964663,0.954266227698924,1.0005156043776546,0.9888104339681991,1.0325755733946627,1.1016983476578848,1.530125114763338,1.4681611891298176,1.3575469475505935,0.644684741043756,0.08764445894200804,0.0,0.0,0.0,0.0,0.0,0.0,0.0
Simulation,555,0.0,0.0,0.0,0.0,0.0,0.0,0.2504813218881681,0.6300121541966817,0.9705770842803161,0.732060186419691,0.9798738797589733,1.146210750836906,0.7182591045080975,0.45276667435758816,0.17918107463043562,0.09441789706914289,0.08794769174475914,0.0,0.0,0.0,0.0,0.0,0.0,0.0
Simulation,556,0.0,0.0,0.0,0.0,0.0,0.0,0.13303166236834923,0.2297987847049252,0.37355373541278636,0.18786301939249933,0.35065530923370464,0.5658029730038121,0.6315565882472303,0.5234997346543052,0.4044129125675141,0.2939847390397287,0.10851574376051278,0.0,0.0,0.0,0.0,0.0,0.0,0.0
Simulation,557,0.0,0.0,0.0,0.0,0.0,0.0,0.2569883641834276,0.7334728950416739,0.9999278120282237,0.5405320965050818,0.7728588427850908,0.8838527423073654,0.4090786813212516,0.19089854687835106,0.11080863162635923,0.16678240166809244,0.13335602952568412,0.0,0.0,0.0,0.0,0.0,0.0,0.0
Simulation,558,0.0,0.0,0.0,0.0,0.0,0.0,0.14910714283943122,0.4505526191551531,0.8398488704867562,0.6079324963133834,0.5523105873423336,0.6060141218567456,0.8234342211833656,0.8158350331616058,0.7404052642720791,0.44319916501089796,0.1130582344287176,0.0,0.0,0.0,0.0,0.0,0.0,0.0
Simulation,559,0.0,0.0,0.0,0.0,0.0,0.0,0.21840005620622316,0.5738270026231383,0.9656889440064222,1.2075029024592574,1.0643651560327678,1.003595051371715,0.9483054508465936,0.8373509603447203,0.8129639371701025,0.5618656944253427,0.10683780233982594,0.0,0.0,0.0,0.0,0.0,0.0,0.0
Simulation,560,0.0,0.0,0.0,0.0,0.0,0.0,0.3875222641642451,1.15079770136644,1.3471158909469612,0.9206814275495493,0.778745230834005,0.7844098899131831,0.9268932644353717,0.8320163945079209,0.621513481260335,0.25001052688961256,0.09001243167574026,0.0,0.0,0.0,0.0,0.0,0.0,0.0
Simulation,561,0.0,0.0,0.0,0.0,0.0,0.0,0.6907229061242102,1.0798444053601264,1.156037493031687,0.8920130031239933,0.9307982100965663,0.8548351407406592,0.4345797208556358,0.37093164607552465,0.37245950192691446,0.773114969673892,0.16893580543773173,0.0,0.0,0.0,0.0,0.0,0.0,0.0
Simulation,562,0.0,0.0,0.0,0.0,0.0,0.0,0.27803861208481145,0.51715876797175,0.5287517019048031,0.11758856689108721,0.2210648562296753,0.48267088104162276,0.5409569522602468,0.3585852834242495,0.1727069889622528,0.17702482195821181,0.16895197056094,0.0,0.0,0.0,0.0,0.0,0.0,0.0
Simulation,563,0.0,0.0,0.0,0.0,0.0,0.0,0.109782192019232,0.2985919471430012,0.6684836829644799,0.40243984123924326,0.5182582389745063,0.478274496681896,0.1595328749013894,0.11519344678492144,0.1371139632281686,0.2821639788188411,0.1212080918819269,0.0,0.0,0.0,0.0,0.0,0.0,0.0
Simulation,564,0.0,0.0,0.0,0.0,0.0,0.0,0.2682210935960554,1.2110160981364473,1.3225695281964838,0.6084561469263474,0.5423711549478016,0.6913549782928693,0.6475373954963853,0.5444184747487676,0.39681621441874865,0.2824910408387241,0.12398852942986463,0.0,0.0,0.0,0.0,0.0,0.0,0.0
Simulation,565,0.0,0.0,0.0,0.0,0.0,0.0,0.2986991407648297,0.45280532830303355,0.6105461527770248,0.3189139773668092,0.30536428916380276,0.3150415047851669,0.6085742377480051,0.6364496701855367,0.7422583549120952,0.73012270991613,0.15744797048669892,0.0,0.0,0.0,0.0,0.0,0.0,0.0
Simulation,566,0.0,0.0,0.0,0.0,0.0,0.0,0.29781819975291424,0.6155598498963395,0.9238097965070694,0.8359948330547681,0.9926974701932979,0.9654098586350065,0.49795746510546113,0.34439511903006503,0.26425892933588846,0.3501060268429904,0.1250688730291775,0.0,0.0,0.0,0.0,0.0,0.0,0.0
Simulation,567,0.0,0.0,0.0,0.0,0.0,0.0,0.3145477120598034,0.6300039689343653,0.8687486772454092,0.4599121570912522,0.7112598326435675,0.8853617414715225,0.7642834211270542,0.5968779886666121,0.5145479679664515,0.5665738061436185,0.17219308613317263,0.0,0.0,0.0,0.0,0.0,0.0,0.0
Simulation,568,0.0,0.0,0.0,0.0,0.0,0.0,0.8357903956629009,1.2573665665937401,1.12630384007091,0.7212363038456885,0.8125150953039765,0.8475117458342418,0.5979517074118279,0.4896176140472769,0.3893652034503403,0.30449179363824913,0.092712106538474,0.0,0.0,0.0,0.0,0.0,0.0,0.0
Simulation,569,0.0,0.0,0.0,0.0,0.0,0.0,0.22769291061197267,0.5667615811840507,0.9224077478532852,0.8430388338244037,0.7100923004142052,0.5304695487571127,0.5525352575486145,0.5625551074756773,0.659173683948959,0.4694585315534854,0.09215274464160408,0.0,0.0,0.0,0.0,0.0,0.0,0.0
Simulation,570,0.0,0.0,0.0,0.0,0.0,0.0,0.23261719809217532,0.6047994465565112,0.9270961776441667,0.7647738195678911,0.8312914357333984,0.8551444510454262,0.6757241928379067,0.5994328821599252,0.6024823892518456,0.6211040762072977,0.16010783072012294,0.0,0.0,0.0,0.0,0.0,0.0,0.0
Simulation,571,0.0,0.0,0.0,0.0,0.0,0.0,0.20801180671778147,0.5155183571875346,0.840078075805119,0.5692410245263495,0.563551884442283,0.5658372485528675,0.5536632039955177,0.4892583340271355,0.4364738980217914,0.4239960792877842,0.12254130254755131,0.0,0.0,0.0,0.0,0.0,0.0,0.0
Simulation,572,0.0,0.0,0.0,0.0,0.0,0.0,0.2742102218412571,0.3281355863044878,0.49026882879332906,0.5194117647058822,0.687468985812999,0.7041352626874625,0.43531468356727154,0.3563564331921986,0.3073414847420703,0.38483945499812755,0.11806403149475247,0.0,0.0,0.0,0.0,0.0,0.0,0.0
Simulation,573,0.0,0.0,0.0,0.0,0.0,0.0,0.11262450490855959,0.22809554356145512,0.5051681201378437,0.4608807277727478,0.8030905470174096,1.0301059210174157,0.7671044173108374,0.47199776718577185,0.21653433492458887,0.07798723235656516,0.0926144447828325,0.0,0.0,0.0,0.0,0.0,0.0,0.0
Simulation,574,0.0,0.0,0.0,0.0,0.0,0.0,0.08212163553528518,0.5910451049940915,1.109122890032777,1.3609121539616322,1.1121526639014718,1.025235116465446,0.8626959940839953,0.8204491779140957,0.8231143968587036,0.6696921151587218,0.15317625843212862,0.0,0.0,0.0,0.0,0.0,0.0,0.0
Simulation,575,0.0,0.0,0.0,0.0,0.0,0.0,0.7751685291376018,1.5122185101768166,1.4580561557943392,0.9888511715802184,0.9887265474214537,0.9959810363075284,0.7647815990895024,0.5858137154508247,0.48727794628461885,0.3879824961085013,0.10900803244754477,0.0,0.0,0.0,0.0,0.0,0.0,0.0
Simulation,576,0.0,0.0,0.0,0.0,0.0,0.0,0.3549324381198299,0.8345462103956057,1.0011576409537524,0.3872205038218571,0.3102399222285207,0.19233860497504107,0.02736477128625603,0.0,0.013110690444153028,0.03182191663496925,0.06432484154421958,0.0,0.0,0.0,0.0,0.0,0.0,0.0
Simulation,577,0.0,0.0,0.0,0.0,0.0,0.0,0.234842938497406,0.5268693752242937,0.814977277580658,0.6788875418569431,0.7624861640470728,0.6932476238903846,0.22815885567733907,0.24380354118084563,0.25944837992625214,0.3482980194573748,0.10254983499086862,0.0,0.0,0.0,0.0,0.0,0.0,0.0
Simulation,578,0.0,0.0,0.0,0.0,0.0,0.0,0.1763909789676721,0.5290065252925752,0.8868237837726601,0.893269512755408,0.9711791060921416,1.0192430449582446,1.0488573831206829,1.209721031918119,1.3958963802874529,1.4463534953144803,0.20754905504521878,0.0,0.0,0.0,0.0,0.0,0.0,0.0
Simulation,579,0.0,0.0,0.0,0.0,0.0,0.0,0.04165003080304003,0.1898902694603492,0.5094347542705155,0.40572213882689034,0.5146200756070775,0.6390079396660373,0.7011203835598958,0.6359332736627334,0.5135494800790534,0.29991567937666674,0.09232983903435779,0.0,0.0,0.0,0.0,0.0,0.0,0.0
Simulation,580,0.0,0.0,0.0,0.0,0.0,0.0,0.28049915156323085,1.1124174138079255,1.3070825181849592,0.9283731444502668,1.1087206987531488,1.3529047858477017,1.1186002793587884,0.7746439829676144,0.584031444796657,0.5402689581523565,0.18186004698199262,0.0,0.0,0.0,0.0,0.0,0.0,0.0
Simulation,581,0.0,0.0,0.0,0.0,0.0,0.0,0.4040282013949018,0.6642330472541493,0.9538460885918207,1.0040176985955835,1.0147140103913554,1.0409342464076463,1.1178526903788317,0.8649034980216732,0.5910603117864053,0.1859332568743074,0.08059112372270173,0.0,0.0,0.0,0.0,0.0,0.0,0.0
Simulation,582,0.0,0.0,0.0,0.0,0.0,0.0,0.15287836122381335,0.584175268326704,0.9416266193702834,0.759668951024769,0.9653947777201438,1.0961317988114194,0.7240170563633394,0.49011916568594327,0.33327587790760466,0.2991960257128786,0.1338612777378983,0.0,0.0,0.0,0.0,0.0,0.0,0.0
Simulation,583,0.0,0.0,0.0,0.0,0.0,0.0,0.26568023427911175,0.6703968230827532,0.9942246590203254,0.877139410664866,0.9142582025923212,0.9336099343915132,0.7550143402757334,0.634285191455832,0.550051935800586,0.35071729131772156,0.0938666810314872,0.0,0.0,0.0,0.0,0.0,0.0,0.0
Simulation,584,0.0,0.0,0.0,0.0,0.0,0.0,0.1582023864325428,0.18320008701550355,0.45344643846606386,0.6869709453162818,0.8690690091427198,0.8293946779288804,0.2228161130956718,0.12667230783341954,0.1310371500680302,0.23949572469106015,0.09509358824707302,0.0,0.0,0.0,0.0,0.0,0.0,0.0
Simulation,585,0.0,0.0,0.0,0.0,0.0,0.0,0.5273235947034471,0.5548752354785785,0.6395629901124823,0.6014501789910545,0.9647015618460515,1.2097915557090873,0.9788060973803359,0.5551330083394077,0.4059116694038945,0.4204132502543878,0.14358731580932135,0.0,0.0,0.0,0.0,0.0,0.0,0.0
Simulation,586,0.0,0.0,0.0,0.0,0.0,0.0,0.07069195906255787,0.2727649914864975,0.6733850900800289,0.4984433270733627,0.5038824975825766,0.4801825934128887,0.4962385868938848,0.47715813587636857,0.48702149413553925,0.5227278314854584,0.10714149396178181,0.0,0.0,0.0,0.0,0.0,0.0,0.0
Simulation,587,0.0,0.0,0.0,0.0,0.0,0.0,0.6760439461982037,0.7333558062038893,0.9130900553505552,0.7196003688934774,0.8909124123027515,1.01423830872277,1.0324544818613965,0.6489834269566465,0.3889927884786373,0.09983075573154795,0.050340072802842764,0.0,0.0,0.0,0.0,0.0,0.0,0.0
Simulation,588,0.0,0.0,0.0,0.0,0.0,0.0,0.21555331238876355,0.8944019637721601,1.450692431823136,1.6389499206555138,1.443908008465861,1.2090243072890472,1.0354286098128012,0.9428696573676666,0.8070484040969196,0.32854522934091696,0.08116520311112466,0.0,0.0,0.0,0.0,0.0,0.0,0.0
Simulation,589,0.0,0.0,0.0,0.0,0.0,0.0,0.07351042000101027,0.4555437034514216,0.8714444099875737,0.42235340348331346,0.4201153593302631,0.4944352474890398,0.5008905507520662,0.4444542452903305,0.2822011229632103,0.1345974320223812,0.08938624120336061,0.0,0.0,0.0,0.0,0.0,0.0,0.0
Simulation,590,0.0,0.0,0.0,0.0,0.0,0.0,0.2259814523603352,0.059376000062722256,0.03264441650364447,0.12615457907499306,0.22089409044252084,0.4334177757537768,1.046975246082659,1.0150872073064567,0.7155797002248478,0.12267051317970501,0.04751451917011462,0.0,0.0,0.0,0.0,0.0,0.0,0.0
Simulation,591,0.0,0.0,0.0,0.0,0.0,0.0,0.6524864848012808,1.1597314820111673,1.251909360292041,1.0051182543034685,1.1087475919342706,1.102935130983165,0.5763180282561684,0.4133515347901946,0.26640948057493,0.3063638044955205,0.10707836280640232,0.0,0.0,0.0,0.0,0.0,0.0,0.0
Simulation,592,0.0,0.0,0.0,0.0,0.0,0.0,0.06343888196826708,0.25996585843862885,0.7920154240381277,0.5885185965108202,0.3691141807719312,0.24349279162329807,0.25966677858280746,0.3376571213067514,0.21744235417655144,0.08159881633962324,0.05027332333715989,0.0,0.0,0.0,0.0,0.0,0.0,0.0
Simulation,593,0.0,0.0,0.0,0.0,0.0,0.0,0.26870427131843516,0.2858402502328801,0.34361288355389785,0.22899372877692536,0.4429810367518315,0.5837580570345565,0.5797017441279739,0.4719626652558128,0.36599377922337545,0.269865930576666,0.09215479826213532,0.0,0.0,0.0,0.0,0.0,0.0,0.0
Simulation,594,0.0,0.0,0.0,0.0,0.0,0.0,0.2722481689706814,1.2050797833059503,1.4688057521298463,0.9723266817215565,0.8697342062625967,0.8378334173350214,0.5434725122590216,0.4164591057890289,0.2357552543533068,0.16317584779136785,0.11812962941223175,0.0,0.0,0.0,0.0,0.0,0.0,0.0
Simulation,595,0.0,0.0,0.0,0.0,0.0,0.0,0.7029182633031076,1.0446367176891553,1.0828692208404875,0.8583708783456554,1.1266032634043186,1.3201261592165268,0.7911463415370023,0.5012536422359621,0.3761997668830464,0.3177581006094559,0.0942086922352073,0.0,0.0,0.0,0.0,0.0,0.0,0.0
Simulation,596,0.0,0.0,0.0,0.0,0.0,0.0,0.3132930532769932,0.5680388748359579,0.8856285017204711,0.787135852566277,1.0078279026403933,0.9518422959053299,0.2553136186555944,0.11428343265278568,0.11080505003569391,0.2567416435134505,0.10211848899899262,0.0,0.0,0.0,0.0,0.0,0.0,0.0
Simulation,597,0.0,0.0,0.0,0.0,0.0,0.0,0.44661448466029346,0.6213991428944807,0.8724392146541345,0.5607254672536842,0.5371950413520282,0.4930352071692167,0.5415014823073238,0.4915017807415165,0.5133395789145196,0.5521849746516416,0.12393701915002675,0.0,0.0,0.0,0.0,0.0,0.0,0.0
Simulation,598,0.0,0.0,0.0,0.0,0.0,0.0,0.1663835611064622,0.16669141133893978,0.29144927618366634,0.39661199504603395,0.5135133424690037,0.3854841963952014,0.1088976189689303,0.13332268679699977,0.18250527802879116,0.3175287127395946,0.09308060590856969,0.0,0.0,0.0,0.0,0.0,0.0,0.0
Simulation,599,0.0,0.0,0.0,0.0,0.0,0.0,0.24796385971407653,0.506109323098128,0.7175464685296884,0.14842802292019075,0.21878608272925326,0.2394196134048303,0.08813242984781616,0.047967825100466766,0.015390249973811276,0.03936155021543872,0.09212656801396422,0.0,0.0,0.0,0.0,0.0,0.0,0.0
Simulation,600,0.0,0.0,0.0,0.0,0.0,0.0,0.2480707594814587,0.6798279089962209,0.9685723626782643,0.6793884218232016,0.8623950396778528,1.1291693208776046,1.49681651871578,1.3593492529456404,1.081475911696335,0.7983185191662967,0.20577785280538424,0.0,0.0,0.0,0.0,0.0,0.0,0.0
Simulation,601,0.0,0.0,0.0,0.0,0.0,0.0,0.7757718699184195,0.7779880991770207,0.9218020240141304,0.7009219794238162,0.7804599909754695,0.7815643218237893,0.4920688320861514,0.40940739082147115,0.3430624892669456,0.3249793118273509,0.0931960784313725,0.0,0.0,0.0,0.0,0.0,0.0,0.0
Simulation,602,0.0,0.0,0.0,0.0,0.0,0.0,0.26803885173736963,0.44958428006543527,0.7920252160609174,1.1860209974267881,1.5278446793808345,1.5855306507268345,1.5041819298054564,1.3614664972217865,1.3111232930303796,1.2543389463824135,0.1886750377617853,0.0,0.0,0.0,0.0,0.0,0.0,0.0
Simulation,603,0.0,0.0,0.0,0.0,0.0,0.0,0.11692080509203481,0.23120345060425962,0.6292537712111012,0.7209233574727755,0.8628537715072397,0.8961772292840076,0.7162472087240005,0.6348449447827019,0.704370641510655,0.775896283401884,0.165612925960977,0.0,0.0,0.0,0.0,0.0,0.0,0.0
Simulation,604,0.0,0.0,0.0,0.0,0.0,0.0,0.1277904757268482,0.171641640978822,0.42391874675821445,0.7281135862921586,1.0577528715868691,1.1329251195902317,0.568093732089936,0.4530376915809264,0.48208120667398535,1.281433939871088,0.20789002597844417,0.0,0.0,0.0,0.0,0.0,0.0,0.0
Simulation,605,0.0,0.0,0.0,0.0,0.0,0.0,0.923150082452068,0.8671419184090086,1.0005194117016876,1.2788524444417289,1.5649691409178907,1.5982373246610537,1.1267545108433512,0.6138857907589828,0.5017319563360295,0.7026354236679864,0.16087810684898257,0.0,0.0,0.0,0.0,0.0,0.0,0.0
Simulation,606,0.0,0.0,0.0,0.0,0.0,0.0,0.22701251320827706,0.7476573240151887,1.0095426332970792,0.5606643621203937,0.5797452199548979,0.7137295052614718,0.6982355412612987,0.5974938400035309,0.43404340513459194,0.2266311428659858,0.09243996038084208,0.0,0.0,0.0,0.0,0.0,0.0,0.0
Simulation,607,0.0,0.0,0.0,0.0,0.0,0.0,0.24510574804019614,0.10601577802395784,0.17358612821139152,0.6184613637842574,1.0487466321433578,1.2904149632939745,0.9732875036485593,0.7604999841665179,0.8922113010300305,1.2590395931188318,0.16896628039660092,0.0,0.0,0.0,0.0,0.0,0.0,0.0
Simulation,608,0.0,0.0,0.0,0.0,0.0,0.0,0.27806568141816324,0.729191233798274,1.0892359945864196,0.8765987150049888,0.821776569088716,0.6962262518078375,0.2211688679632981,0.16861924263563804,0.14154981262116068,0.14147801028115767,0.0805294117647058,0.0,0.0,0.0,0.0,0.0,0.0,0.0
Simulation,609,0.0,0.0,0.0,0.0,0.0,0.0,0.07605371534727517,0.2747501227449244,0.6276316784809164,0.32462229614920945,0.3700736788952772,0.44176827028533583,0.544892804971244,0.4961438562620305,0.443196304393775,0.31579397830656947,0.10706103628005045,0.0,0.0,0.0,0.0,0.0,0.0,0.0
Simulation,610,0.0,0.0,0.0,0.0,0.0,0.0,0.47820367109884254,0.6033812299425498,0.8094262854201916,0.6741962192098094,0.6553632282660787,0.6839602300351677,1.034729535357191,1.1917008895016712,1.1738472937361262,0.7127572958218678,0.09394545685694664,0.0,0.0,0.0,0.0,0.0,0.0,0.0
Simulation,611,0.0,0.0,0.0,0.0,0.0,0.0,0.27122159584837174,0.7500816160074097,1.0900955059015378,0.9604049987920288,0.9138930350600261,0.8844437082005622,0.6543335317172666,0.6407562426876131,0.8176980365345466,1.0971012446806867,0.20689656627765,0.0,0.0,0.0,0.0,0.0,0.0,0.0
Simulation,612,0.0,0.0,0.0,0.0,0.0,0.0,0.3102389019210927,1.0686805845356184,1.331570075924122,1.0798609398649759,0.9175896961882828,0.8314012640402344,0.6181342811810513,0.573819679601288,0.5978830800156666,0.540601256030117,0.09809911621754838,0.0,0.0,0.0,0.0,0.0,0.0,0.0
Simulation,613,0.0,0.0,0.0,0.0,0.0,0.0,0.26673145224986633,0.7476756036838681,1.1789215901206425,1.467814065763931,1.4594697036358828,1.490831811327931,1.2654805698351703,0.905845784429043,0.7082439393185327,0.35005268707079723,0.09853173184312225,0.0,0.0,0.0,0.0,0.0,0.0,0.0
Simulation,614,0.0,0.0,0.0,0.0,0.0,0.0,0.40427469741282546,1.0515526391467056,1.2009082001020688,0.9244707289405834,0.8187294910814743,0.7953158549731386,0.9190253090122544,1.1906586015180973,1.4012523119601592,1.396686825624971,0.20593640851127323,0.0,0.0,0.0,0.0,0.0,0.0,0.0
Simulation,615,0.0,0.0,0.0,0.0,0.0,0.0,0.5926313919972513,0.3281926322374763,0.23468412138622075,0.18917391666210281,0.7159614815564023,0.8579510887638551,0.21818313699932035,0.07588607864933516,0.07974284099855922,0.20992240614750374,0.12213205827104232,0.0,0.0,0.0,0.0,0.0,0.0,0.0
Simulation,616,0.0,0.0,0.0,0.0,0.0,0.0,0.25718513494265705,0.36142286279941843,0.35300256610417957,0.22662870062971574,0.8317481855929576,1.3961683628788562,1.477918489077262,0.9480576539607124,0.5586397903705373,0.34963241927063154,0.16900009407916655,0.0,0.0,0.0,0.0,0.0,0.0,0.0
Simulation,617,0.0,0.0,0.0,0.0,0.0,0.0,0.1694206963504834,0.5215022633796589,0.795749152357855,0.5547736016194478,0.8156382961284127,1.1374392236410236,1.5125791587563522,1.367218711948428,0.9223301210971542,0.33947552258062835,0.14295016064484073,0.0,0.0,0.0,0.0,0.0,0.0,0.0
Simulation,618,0.0,0.0,0.0,0.0,0.0,0.0,0.6411345356511737,1.4921936860975915,1.4966033778031043,1.460167280831192,1.2839871002381495,1.351937408115428,1.4470840039990325,1.3349500541903436,1.0650773954118316,0.4369006827995536,0.08506082560514239,0.0,0.0,0.0,0.0,0.0,0.0,0.0
Simulation,619,0.0,0.0,0.0,0.0,0.0,0.0,0.24900433773689157,0.39321673641313304,0.6739416681326273,0.43244418880801816,0.2571851526077734,0.15742730524522675,0.249870521688764,0.3644094837281877,0.3178980000722531,0.22865717773577715,0.06484619328080131,0.0,0.0,0.0,0.0,0.0,0.0,0.0
Simulation,620,0.0,0.0,0.0,0.0,0.0,0.0,0.3530926561016338,0.6198432732027864,0.9325974609098427,1.0796577079529337,1.1145011963384923,1.0414613680064184,0.6015787130164673,0.49016424883066956,0.4181320615552151,0.3117292474636945,0.08349551776630015,0.0,0.0,0.0,0.0,0.0,0.0,0.0
Simulation,621,0.0,0.0,0.0,0.0,0.0,0.0,0.20801434568145077,0.29108654579509796,0.5112086564743556,0.4789032308975997,0.5790153047889157,0.6158286290052418,0.568236634274008,0.4958621502778471,0.5171568499179534,0.7627671864903532,0.1689029596314856,0.0,0.0,0.0,0.0,0.0,0.0,0.0
Simulation,622,0.0,0.0,0.0,0.0,0.0,0.0,0.5940157593237108,1.4396151684270455,1.4778124080530923,1.3544062079620278,1.062180251324592,0.9890473355602167,1.035235943480376,1.0447051817226862,1.1293815756962902,1.0797421362198771,0.18706564071566162,0.0,0.0,0.0,0.0,0.0,0.0,0.0
Simulation,623,0.0,0.0,0.0,0.0,0.0,0.0,0.1938041596315389,0.42515945611519035,0.726694145088304,0.2694327879435037,0.22088262698733352,0.10555186389575788,0.0272013832173138,0.034255064841799576,0.08970175358423349,0.2327892008633976,0.09284196833681764,0.0,0.0,0.0,0.0,0.0,0.0,0.0
Simulation,624,0.0,0.0,0.0,0.0,0.0,0.0,0.2580658590060936,0.6564473641129638,0.9834087774780672,0.863098865134942,0.9702639967810328,0.9946571535014403,0.7221165551564573,0.6062580203088366,0.627204955463923,0.7264061125586998,0.15314804401451565,0.0,0.0,0.0,0.0,0.0,0.0,0.0
Simulation,625,0.0,0.0,0.0,0.0,0.0,0.0,0.1089273120648871,0.19154924898065046,0.29965808409240724,0.19451459528126813,0.41620239554748706,0.5635647472955592,0.4085490671675228,0.3198454804315546,0.1898661790052656,0.13893232867260172,0.08405298516188266,0.0,0.0,0.0,0.0,0.0,0.0,0.0
Simulation,626,0.0,0.0,0.0,0.0,0.0,0.0,0.4000336827282293,1.1956376536416382,1.157060352711155,0.27083633444718874,0.15016933381927045,0.1681431052890846,0.4050057500497899,0.4110817183246972,0.2260547400351403,0.0741727464961732,0.08036736336049227,0.0,0.0,0.0,0.0,0.0,0.0,0.0
Simulation,627,0.0,0.0,0.0,0.0,0.0,0.0,0.22063071444114074,0.39372097373584586,0.3107143832214039,0.04970165407370519,0.13122573347929123,0.4262071812446137,0.5856098592469834,0.45884015165889475,0.2651310981005888,0.1768354761843159,0.10034162806803953,0.0,0.0,0.0,0.0,0.0,0.0,0.0
Simulation,628,0.0,0.0,0.0,0.0,0.0,0.0,0.24845708737846828,0.29658001919354426,0.4518307639348602,0.22272685370705175,0.3705884562729472,0.47477733663500676,0.4973832388473269,0.3735769736909504,0.20121140508619725,0.10678017869509598,0.06819455159213998,0.0,0.0,0.0,0.0,0.0,0.0,0.0
Simulation,629,0.0,0.0,0.0,0.0,0.0,0.0,0.07342704568547415,0.2964156108407466,0.7175694517657274,0.39693653633593406,0.4727741004525744,0.4530475377120367,0.22313513088381332,0.2296956842831632,0.1898132749307903,0.25704765768410337,0.10527009132897483,0.0,0.0,0.0,0.0,0.0,0.0,0.0
Simulation,630,0.0,0.0,0.0,0.0,0.0,0.0,0.29681051744634285,0.20362783812585344,0.37349616729178703,0.8848358559292799,1.0226304144304068,0.9014583925397245,0.5044015361673455,0.4031408705402214,0.3524673513856581,0.3166235352309166,0.09209140416208776,0.0,0.0,0.0,0.0,0.0,0.0,0.0
Simulation,631,0.0,0.0,0.0,0.0,0.0,0.0,0.6757377984865405,0.8706293760386261,0.9704309059977909,0.5511301404869609,0.4451425371127584,0.28506847595597784,0.09063727868163024,0.08109284396268385,0.08412429488225096,0.07401397975244367,0.07354012344894317,0.0,0.0,0.0,0.0,0.0,0.0,0.0
Simulation,632,0.0,0.0,0.0,0.0,0.0,0.0,0.25444704187819167,0.43883171126371545,0.6072164101174583,0.4264986775335917,0.7478078641159861,0.851830660227433,0.5941889417307068,0.4941004198746174,0.4978362149530059,0.7572706336580248,0.15197524724731853,0.0,0.0,0.0,0.0,0.0,0.0,0.0
Simulation,633,0.0,0.0,0.0,0.0,0.0,0.0,0.08673409515702385,0.42848748576086515,0.8794418908809861,0.4965155925322227,0.36395758279269147,0.3214916681518364,0.4060421570142364,0.3874753955252316,0.23249486950506845,0.1001669264346785,0.0801960784313725,0.0,0.0,0.0,0.0,0.0,0.0,0.0
Simulation,634,0.0,0.0,0.0,0.0,0.0,0.0,0.1410950112931869,0.44096750060032935,0.7965747526682383,0.49597662056014447,0.46667553981256604,0.4825996231583314,0.5308483964101002,0.46441627464149676,0.37163180829950127,0.23589468077410528,0.092629006277742,0.0,0.0,0.0,0.0,0.0,0.0,0.0
Simulation,635,0.0,0.0,0.0,0.0,0.0,0.0,0.7230431920357645,1.1790381956994023,1.2201414430942137,1.177994245433235,1.1856304769887775,1.358740243471016,1.4595186825528823,1.3157092021732946,1.0329526111088398,0.558932989900403,0.0931960784313725,0.0,0.0,0.0,0.0,0.0,0.0,0.0
Simulation,636,0.0,0.0,0.0,0.0,0.0,0.0,0.8335614171359906,1.2763347803447844,1.2342954471938794,1.0216474119272114,0.8588505717591358,0.7759617739381147,0.6396114696355151,0.6754272029253997,0.823163450017941,0.7621734524787758,0.09742368698489429,0.0,0.0,0.0,0.0,0.0,0.0,0.0
Simulation,637,0.0,0.0,0.0,0.0,0.0,0.0,0.2823894015812187,1.0330244145041725,1.255164307450194,0.8213722497432571,0.7738365432544012,0.832871369530814,1.1317787151565601,1.025435661998406,0.7115591944855002,0.29099977262732724,0.09196073038668363,0.0,0.0,0.0,0.0,0.0,0.0,0.0
Simulation,638,0.0,0.0,0.0,0.0,0.0,0.0,0.28737427315174974,0.9852932577691731,1.3344146373283883,1.0209183023795982,0.8877955575389188,0.7926954333529147,0.3772029013637046,0.22951237138546424,0.10424537231785141,0.02085549306976653,0.05036011802847419,0.0,0.0,0.0,0.0,0.0,0.0,0.0
Simulation,639,0.0,0.0,0.0,0.0,0.0,0.0,0.32626439479792935,0.6090190013176845,0.9232304406490294,1.023666191533778,1.121973887902912,1.1012649274099806,0.6472244846826478,0.4729364909881643,0.32375961239667594,0.1423151156771632,0.07396075250162175,0.0,0.0,0.0,0.0,0.0,0.0,0.0
Simulation,640,0.0,0.0,0.0,0.0,0.0,0.0,0.6564673298198538,1.328939242409506,1.475400757212709,1.6051922099076408,1.3946543503053033,1.197353005872215,1.0776650026685126,0.9932819446639218,0.8871880384882354,0.4450629776854272,0.0805294117647058,0.0,0.0,0.0,0.0,0.0,0.0,0.0
Simulation,641,0.0,0.0,0.0,0.0,0.0,0.0,0.2915144139737399,0.6010790513472754,0.9358333776976884,0.9244995938837319,1.0561383327626517,1.086223313609325,0.7988924242330442,0.49557378774271144,0.27198345803094814,0.08094892133769105,0.06649793057271394,0.0,0.0,0.0,0.0,0.0,0.0,0.0
Simulation,642,0.0,0.0,0.0,0.0,0.0,0.0,0.12402726012390293,0.38084856636913145,0.889074106360401,1.0396094507972897,1.108243671695567,1.0997222595633962,0.9028474533954547,0.6531093210258099,0.5011543905250451,0.2741350353178546,0.08281023479633165,0.0,0.0,0.0,0.0,0.0,0.0,0.0
Simulation,643,0.0,0.0,0.0,0.0,0.0,0.0,0.6621115929858508,1.0871811055636664,1.099231415350145,0.5730410216114923,0.5453231296966969,0.5991013580215542,0.5942128769836524,0.48969819131434994,0.3297603701539019,0.11674795550836978,0.07789328094057248,0.0,0.0,0.0,0.0,0.0,0.0,0.0
Simulation,644,0.0,0.0,0.0,0.0,0.0,0.0,0.2689822173533138,0.5065008303180428,0.8117200492415053,0.8134829998724236,0.8447068822619078,0.8027883048285709,0.5889882775898044,0.5534554842832363,0.628607517014844,0.6024687173965168,0.09263204389341417,0.0,0.0,0.0,0.0,0.0,0.0,0.0
Simulation,645,0.0,0.0,0.0,0.0,0.0,0.0,0.15183490166804117,0.5576850768280746,0.9751248640874489,1.0248753768433918,1.00510674620341,0.9653875838810285,0.6984967737971206,0.5049967986145831,0.32407109191720945,0.10492709781450515,0.08052623196332122,0.0,0.0,0.0,0.0,0.0,0.0,0.0
Simulation,646,0.0,0.0,0.0,0.0,0.0,0.0,0.2414175636558461,0.5971281559805294,0.9438079692609129,0.7265044317654603,0.6649358110140594,0.560628457951629,0.5162141506584981,0.4447538049291503,0.30457745235556405,0.1998503930174288,0.08277263101851932,0.0,0.0,0.0,0.0,0.0,0.0,0.0
Simulation,647,0.0,0.0,0.0,0.0,0.0,0.0,0.1774278103977746,0.2951310285274084,0.538717927908102,0.5392235505930698,0.7311112018124826,0.8547684486049123,0.9083140093981539,0.7007537037986653,0.5657136327153902,0.33197071294856983,0.10146724564513174,0.0,0.0,0.0,0.0,0.0,0.0,0.0
Simulation,648,0.0,0.0,0.0,0.0,0.0,0.0,1.0829104811485668,1.3380975025326962,1.2998414680340138,1.0103093136901102,1.1049296204278485,1.0801357362867372,0.5689888540113002,0.35754384904168585,0.18992220472831303,0.17144709590895196,0.09019500540666033,0.0,0.0,0.0,0.0,0.0,0.0,0.0
Simulation,649,0.0,0.0,0.0,0.0,0.0,0.0,0.40483020067432096,0.799391094190604,1.1253195308940205,1.051779374701103,1.0578433081636127,1.0290685603825867,0.7084558289822745,0.48472655757484917,0.2908326235051775,0.12507114294347416,0.08378946697931947,0.0,0.0,0.0,0.0,0.0,0.0,0.0
Simulation,650,0.0,0.0,0.0,0.0,0.0,0.0,0.1418665356281712,0.2984811823420714,0.6395756913610111,0.395929824713908,0.2967867531666754,0.24264214834230025,0.350660064124957,0.40317132105967995,0.30776483011167544,0.19704216390451207,0.0805294117647058,0.0,0.0,0.0,0.0,0.0,0.0,0.0
Simulation,651,0.0,0.0,0.0,0.0,0.0,0.0,0.14296756749808912,0.5142700695676572,0.9266253731197023,0.851003716246777,0.6969878595706162,0.5013191852865275,0.497469518451159,0.4823607711581685,0.42851338398542854,0.26780553219137665,0.08429418077461225,0.0,0.0,0.0,0.0,0.0,0.0,0.0
Simulation,652,0.0,0.0,0.0,0.0,0.0,0.0,0.3574559586589017,0.777968878979967,1.0410428331989132,0.8152003476328127,0.8282124999615114,0.7931781207161672,0.5063930959279634,0.4024163349294829,0.2794231984418596,0.2233259912348333,0.08991135267527484,0.0,0.0,0.0,0.0,0.0,0.0,0.0
Simulation,653,0.0,0.0,0.0,0.0,0.0,0.0,0.1170320872499843,0.437383092334597,0.884889553492882,0.6901096636491834,0.7755046537741073,0.7662793005425768,0.29924514373941746,0.18703616584699184,0.10908080697774852,0.07160602409500919,0.0805294117647058,0.0,0.0,0.0,0.0,0.0,0.0,0.0
Simulation,654,0.0,0.0,0.0,0.0,0.0,0.0,0.2683947138310361,0.6437290945236179,1.0174741697693042,1.160598232888023,0.905173907804967,0.7549169680211817,0.5765652655543211,0.6290978641636015,0.8929540575386619,1.0497182589286247,0.14583112204984494,0.0,0.0,0.0,0.0,0.0,0.0,0.0
Simulation,655,0.0,0.0,0.0,0.0,0.0,0.0,0.3145369898816154,0.4701098830332533,0.5734361658842899,0.42026680490182833,0.6878387060085308,0.8026874278199374,0.5836113151829303,0.458495900582132,0.3290493564578247,0.2443042240584619,0.09239279739353368,0.0,0.0,0.0,0.0,0.0,0.0,0.0
Simulation,656,0.0,0.0,0.0,0.0,0.0,0.0,0.3638952317514982,0.6137730944095581,0.9030133511523155,0.6586723324445806,0.6660435669984521,0.5407324539448978,0.22770425426356206,0.18840577933128766,0.16290911322920512,0.21565777505356837,0.09242784533479964,0.0,0.0,0.0,0.0,0.0,0.0,0.0
Simulation,657,0.0,0.0,0.0,0.0,0.0,0.0,0.3928976072019139,0.7735215521682822,1.1248761095409918,1.5831449681297887,1.5456538044550983,1.567003411802085,1.3940906332521692,0.9200367620173207,0.641621639902236,0.24345202264864702,0.0805294117647058,0.0,0.0,0.0,0.0,0.0,0.0,0.0
Simulation,658,0.0,0.0,0.0,0.0,0.0,0.0,0.6765273643828147,0.9539586354248761,1.0911958851241,1.0796189631744337,1.1537804639085136,1.2476078535079398,1.3845239141582293,1.2527430920684575,1.184540961887789,1.106492196864312,0.16893696914271947,0.0,0.0,0.0,0.0,0.0,0.0,0.0
Simulation,659,0.0,0.0,0.0,0.0,0.0,0.0,0.17452938699737844,0.5589966985452636,0.9051788025779635,0.5543440644322436,0.3649872179153744,0.29143050423651295,0.5183672511106766,0.48235937541966306,0.39800347690365256,0.2907074833377512,0.08857552526751644,0.0,0.0,0.0,0.0,0.0,0.0,0.0
Simulation,660,0.0,0.0,0.0,0.0,0.0,0.0,0.3154901479288317,1.0980171087579773,1.1761914892122365,0.5621905870030723,0.4969442714757586,0.6133195864045836,0.742977121476332,0.6997767002874831,0.6122263455052359,0.39774207201268375,0.11625277491815336,0.0,0.0,0.0,0.0,0.0,0.0,0.0
Simulation,661,0.0,0.0,0.0,0.0,0.0,0.0,0.15712501659076467,0.12287915110690789,0.20174440091994028,0.14233327164682652,0.3137118141142672,0.5385444933930145,0.5325979042038613,0.3209812244057316,0.11987280381632515,0.027976327669604534,0.07664785774263612,0.0,0.0,0.0,0.0,0.0,0.0,0.0
Simulation,662,0.0,0.0,0.0,0.0,0.0,0.0,0.06734693932863034,0.39847998306758214,0.8742834379538473,0.3046513710845321,0.2316446372960259,0.1681966674612102,0.0916488897341573,0.08979727675966404,0.09248324366454114,0.08898775886810026,0.08997244577354184,0.0,0.0,0.0,0.0,0.0,0.0,0.0
Simulation,663,0.0,0.0,0.0,0.0,0.0,0.0,0.2891612930772606,0.6010151449725492,0.9044745461767169,0.6997586673192477,0.7135729583629125,0.6409635892227129,0.5171536112770723,0.4212208227303253,0.2729704510012016,0.16448856479802793,0.0805294117647058,0.0,0.0,0.0,0.0,0.0,0.0,0.0
Simulation,664,0.0,0.0,0.0,0.0,0.0,0.0,0.0,0.06902599750965588,0.27177715467959196,0.28199615998569333,0.3381761910546637,0.24358539980460747,0.042659019595646885,0.04923837891836802,0.09302581336904381,0.26731474078781886,0.14469531213947967,0.0,0.0,0.0,0.0,0.0,0.0,0.0
Simulation,665,0.0,0.0,0.0,0.0,0.0,0.0,0.09236443309080139,0.20624888350222914,0.45281787792305717,0.2147842116884573,0.4299550931048143,0.6134803368097407,0.541692945170172,0.37609275414791554,0.16123262203114802,0.049083386822252884,0.0781747097936941,0.0,0.0,0.0,0.0,0.0,0.0,0.0
Simulation,666,0.0,0.0,0.0,0.0,0.0,0.0,0.276526474521085,0.3979100611887902,0.373492851997529,0.12569488744581758,0.14903384409146847,0.2425881053426644,0.5393571298455974,0.48860159188482816,0.47163215022331295,0.516439318397883,0.11614904835828936,0.0,0.0,0.0,0.0,0.0,0.0,0.0
Simulation,667,0.0,0.0,0.0,0.0,0.0,0.0,0.4040308564714244,1.4717274188396474,1.4932287448922255,0.9692532424169114,1.1152006388195548,1.289888744659656,0.7009544655119873,0.4448874573232281,0.17589520398573288,0.11078057745380662,0.0947816955608564,0.0,0.0,0.0,0.0,0.0,0.0,0.0
Simulation,668,0.0,0.0,0.0,0.0,0.0,0.0,0.7013833197586923,1.1294164401592766,1.1872615089042662,0.7644618213929507,0.9640766584839937,1.0400330064291032,0.5722250082910043,0.2798150213804629,0.0911754012416027,0.019482147260417526,0.07388576860341267,0.0,0.0,0.0,0.0,0.0,0.0,0.0
Simulation,669,0.0,0.0,0.0,0.0,0.0,0.0,0.2881821296742756,0.631042164412018,0.9264820531059506,0.8241896323826459,1.0717795893283257,1.365722443999513,1.36421102087944,0.8202075243471822,0.4516059774756789,0.13428280065979045,0.08133040110022455,0.0,0.0,0.0,0.0,0.0,0.0,0.0
Simulation,670,0.0,0.0,0.0,0.0,0.0,0.0,0.8408001061645489,0.9645849223163581,1.1156862847988225,1.1904577134188763,1.186540620156384,1.1611900461634426,0.6610088283797854,0.4732392626759755,0.36147889567519137,0.30908216712180014,0.09370525053501627,0.0,0.0,0.0,0.0,0.0,0.0,0.0
Simulation,671,0.0,0.0,0.0,0.0,0.0,0.0,0.1935852850527393,0.5114549836636323,0.6301121944780459,0.0660486188124404,0.018062080110625045,0.07216332159967609,0.04267562484002119,0.04615677895855197,0.06422726611500557,0.1101301646352458,0.10900724645982071,0.0,0.0,0.0,0.0,0.0,0.0,0.0
Simulation,672,0.0,0.0,0.0,0.0,0.0,0.0,0.2882681997351997,0.5747518957229907,0.8679547002007768,0.6844420639961524,0.6959090595399555,0.6393541880708371,0.5319121605984198,0.4614826521521729,0.4269762362525384,0.495107719680905,0.10853894971593882,0.0,0.0,0.0,0.0,0.0,0.0,0.0
Simulation,673,0.0,0.0,0.0,0.0,0.0,0.0,0.398301446836487,0.6295829099239625,0.8651512190179739,0.4260261049763665,0.41029930231131895,0.5240386018580063,0.7484946760060833,0.7353776646156145,0.6542131712118296,0.31238935763635733,0.08890102259845181,0.0,0.0,0.0,0.0,0.0,0.0,0.0
Simulation,674,0.0,0.0,0.0,0.0,0.0,0.0,0.2059684206320672,0.5639838317734084,0.8856893976635265,0.6231163234507056,0.7954316245681912,0.8956175877645483,0.6974960423450337,0.5627303574423922,0.569980645016117,0.8616853801997515,0.20743934391651958,0.0,0.0,0.0,0.0,0.0,0.0,0.0
Simulation,675,0.0,0.0,0.0,0.0,0.0,0.0,0.07162666569413609,0.38139837574934743,0.8715827464489506,0.6589720380133446,0.5956012500785516,0.5127438956072519,0.3286417875471966,0.34254890678341265,0.24673095675554493,0.15805880704683223,0.08116753629548665,0.0,0.0,0.0,0.0,0.0,0.0,0.0
Simulation,676,0.0,0.0,0.0,0.0,0.0,0.0,0.45776014895819184,1.5126678728462877,1.5709012825591762,1.5530224142369584,1.0795941798032591,0.8987218487001684,0.6347529708862916,0.5643884593277131,0.5014349468346874,0.3040527805212606,0.09222842290424381,0.0,0.0,0.0,0.0,0.0,0.0,0.0
Simulation,677,0.0,0.0,0.0,0.0,0.0,0.0,0.3768891463386046,1.1158910245337719,1.311630594116071,0.9056616237023627,0.8672279259936284,0.8424142537494901,0.700345792683265,0.6337058935451548,0.7121860245337008,0.9452044490424888,0.20741273651548756,0.0,0.0,0.0,0.0,0.0,0.0,0.0
Simulation,678,0.0,0.0,0.0,0.0,0.0,0.0,0.12534054962505847,0.6408532100569586,1.143894810054641,0.9375184525996247,0.7762859207880377,0.6158911519857143,0.5166432837485203,0.4753651536540723,0.43324458811843264,0.3458283647270297,0.10709808838977486,0.0,0.0,0.0,0.0,0.0,0.0,0.0
Simulation,679,0.0,0.0,0.0,0.0,0.0,0.0,0.22009198725978796,0.5566664780341958,0.9110506687561644,0.9284494228809709,1.0723341865807263,1.18121868020438,1.0669718849378236,0.7711269953307739,0.5686257315943344,0.32552278683525954,0.09755337242705886,0.0,0.0,0.0,0.0,0.0,0.0,0.0
Simulation,680,0.0,0.0,0.0,0.0,0.0,0.0,0.2110117267953351,0.32830308298559896,0.5730723682097262,0.5927519155483788,0.7524631533064361,0.8906897561954116,1.4014129209808441,1.1605990213115156,0.7376073831907443,0.19757692833201337,0.0801960784313725,0.0,0.0,0.0,0.0,0.0,0.0,0.0
Simulation,681,0.0,0.0,0.0,0.0,0.0,0.0,0.18142111067195632,0.6271465144828428,1.0647332651364037,0.9044344018672745,0.7952254258732256,0.7172363666396365,0.5680517424993838,0.48614115429959565,0.37619587101668595,0.23537498820634628,0.08121836678349534,0.0,0.0,0.0,0.0,0.0,0.0,0.0
Simulation,682,0.0,0.0,0.0,0.0,0.0,0.0,0.3660459214436712,0.9842208856495579,1.2357438961811202,0.9635841114853836,0.8303426609229919,0.7959706675690138,0.8043940200108164,0.6987206979949296,0.5328522583466395,0.2505674034029652,0.0805294117647058,0.0,0.0,0.0,0.0,0.0,0.0,0.0
Simulation,683,0.0,0.0,0.0,0.0,0.0,0.0,0.21908028635896193,0.6036552942456578,0.9453580467486893,0.8480609195504933,1.0510414953761855,1.1295881532927363,0.5758413520924359,0.3905562649363544,0.23665860914894513,0.28672594090732784,0.14423481677101146,0.0,0.0,0.0,0.0,0.0,0.0,0.0
Simulation,684,0.0,0.0,0.0,0.0,0.0,0.0,0.06327846408448898,0.18820366349071777,0.47977375041847153,0.48345467130731284,0.6980522222082601,0.7402520360033712,0.2145249146079971,0.1655458134819373,0.16537295730372784,0.30841776537640603,0.15314049040760958,0.0,0.0,0.0,0.0,0.0,0.0,0.0
Simulation,685,0.0,0.0,0.0,0.0,0.0,0.0,0.2695641104585466,0.49053558862892277,0.5995663165515419,0.2149010718379617,0.503543700046034,0.7179658456532592,0.5514408585287135,0.4180974487242604,0.2328250478025034,0.14102405457576753,0.09071049320527579,0.0,0.0,0.0,0.0,0.0,0.0,0.0
Simulation,686,0.0,0.0,0.0,0.0,0.0,0.0,0.011424513418539534,0.20355957545505382,0.7119472883041671,0.4984694481572216,0.6140000000000001,0.6238874964049426,0.19391013286126563,0.10561476215570853,0.08387852213656308,0.08908665922561712,0.09196742987196461,0.0,0.0,0.0,0.0,0.0,0.0,0.0
Simulation,687,0.0,0.0,0.0,0.0,0.0,0.0,0.27221257492132767,0.4548901999792817,0.6737756712662742,0.5426106361238784,0.6645764681758223,0.6499270402310896,0.3695311525828884,0.31692886251972385,0.23604934246312637,0.265572568398556,0.0931960784313725,0.0,0.0,0.0,0.0,0.0,0.0,0.0
Simulation,688,0.0,0.0,0.0,0.0,0.0,0.0,0.4764207533409448,0.9922171512332585,1.1237419074538508,0.9190280327076951,0.9082665658828588,0.8907056375927336,0.8157190193034478,0.8151030221633914,0.8693228838749965,0.7556894132221867,0.12367655460901099,0.0,0.0,0.0,0.0,0.0,0.0,0.0
Simulation,689,0.0,0.0,0.0,0.0,0.0,0.0,0.5237812595135052,1.0035892996249551,1.1460769546895704,0.9517425095749554,0.875519832505027,0.837815489930522,0.8828019645416797,0.9809605485799411,1.1856782830186954,1.3509736543927935,0.20237883804616225,0.0,0.0,0.0,0.0,0.0,0.0,0.0
Simulation,690,0.0,0.0,0.0,0.0,0.0,0.0,0.25485784063327127,0.5775602766935858,0.9466670814470413,0.9695462300279547,0.833701634494696,0.5380888119087608,0.08265882055898738,0.08614144467452045,0.1618062687243189,0.31033049598593354,0.08428051931351606,0.0,0.0,0.0,0.0,0.0,0.0,0.0
Simulation,691,0.0,0.0,0.0,0.0,0.0,0.0,0.2555715151207622,0.6084103128230681,0.9245383557343158,0.8750466605737759,0.8940922572656993,0.9524047403849968,1.3805848354984813,1.3519814428374808,1.2037731156408134,0.6667409357033458,0.09331251410549893,0.0,0.0,0.0,0.0,0.0,0.0,0.0
Simulation,692,0.0,0.0,0.0,0.0,0.0,0.0,0.18503623950881304,0.2787360913525055,0.6630437998419256,0.7133554084195377,0.5423622760359652,0.3312989323016109,0.5048469012069291,0.5307880506517667,0.7043802005216765,0.6217343988119659,0.09251243979100914,0.0,0.0,0.0,0.0,0.0,0.0,0.0
Simulation,693,0.0,0.0,0.0,0.0,0.0,0.0,1.3650355117473132,1.2570187275110265,1.0181073625185,0.7676046053400373,0.8642814750016801,0.8277191648718523,0.5456340520575471,0.45756001415426795,0.4344439246388695,0.6238980744571483,0.10709619412235863,0.0,0.0,0.0,0.0,0.0,0.0,0.0
Simulation,694,0.0,0.0,0.0,0.0,0.0,0.0,0.45916481530781494,0.9356482531768398,1.0848504457595485,0.7123447581600165,0.7616646493739118,0.6366219354642855,0.1736165106015129,0.15058369402857108,0.1675920291224555,0.3082798950544829,0.09400696901079382,0.0,0.0,0.0,0.0,0.0,0.0,0.0
Simulation,695,0.0,0.0,0.0,0.0,0.0,0.0,0.2692646074408182,0.455396227380662,0.8083027571860077,0.7075862826153855,0.6648259688131253,0.45313783316450545,0.26202902404455153,0.28964759173306254,0.25272724956061987,0.24227108691345714,0.08024221353413498,0.0,0.0,0.0,0.0,0.0,0.0,0.0
Simulation,696,0.0,0.0,0.0,0.0,0.0,0.0,0.2208445169359076,0.6813679834907999,1.0012470872369281,0.6776732546533412,0.7728037200391874,0.8512056645587579,0.6106848369176341,0.45906989500591416,0.26045092712822787,0.13230344519770412,0.09330757904055884,0.0,0.0,0.0,0.0,0.0,0.0,0.0
Simulation,697,0.0,0.0,0.0,0.0,0.0,0.0,0.0627351439206919,0.13850023800896527,0.3666839637597821,0.372212906749929,0.31795005342767585,0.21336726397361971,0.1609803894505828,0.26298359298407775,0.3092372159894856,0.39122572930949495,0.09917909621480055,0.0,0.0,0.0,0.0,0.0,0.0,0.0
Simulation,698,0.0,0.0,0.0,0.0,0.0,0.0,0.3167831925598976,1.2665034980902115,1.4268937104629078,0.7648835923732888,0.5942447327660054,0.42544303401602174,0.3159734710563308,0.3620216959400606,0.3284809375783848,0.4084875225267327,0.12402877410295708,0.0,0.0,0.0,0.0,0.0,0.0,0.0
Simulation,699,0.0,0.0,0.0,0.0,0.0,0.0,0.2643153706109072,0.7159486492944068,1.2002023551707708,1.5668355381046377,1.464889679956288,1.304966566384703,0.6539355798145343,0.48858183355514895,0.36935966997526354,0.25667316275001284,0.08289020759028531,0.0,0.0,0.0,0.0,0.0,0.0,0.0
Simulation,700,0.0,0.0,0.0,0.0,0.0,0.0,0.04676331495805089,0.06365280369909732,0.17792500637904285,0.3049397249620796,0.5340943762910383,0.6279260399394743,0.5729425704657192,0.50078622766527,0.48085053361640034,0.3791399068693186,0.10706676939888021,0.0,0.0,0.0,0.0,0.0,0.0,0.0
Simulation,701,0.0,0.0,0.0,0.0,0.0,0.0,0.20854581615665985,0.5018993066538164,0.9511324680171517,1.1651759649569502,1.1136558436635515,0.8854151874214841,0.06669829234010272,0.0,0.0,0.020873657720150096,0.05712876481625069,0.0,0.0,0.0,0.0,0.0,0.0,0.0
Simulation,702,0.0,0.0,0.0,0.0,0.0,0.0,0.09256130813872157,0.6015130541389208,1.014665354646973,0.8543673715365471,1.015778322145942,1.1908310902314012,1.033275200903436,0.6503244382668785,0.4091886148439264,0.23272181845393586,0.09395461178471302,0.0,0.0,0.0,0.0,0.0,0.0,0.0
Simulation,703,0.0,0.0,0.0,0.0,0.0,0.0,0.7566736588145517,0.594254676452848,0.7884820900576691,0.7296849590964285,0.983681641553255,1.0356319857135403,0.5871347635959971,0.3770157833279394,0.1769361588899846,0.1003372595071497,0.06508497285215788,0.0,0.0,0.0,0.0,0.0,0.0,0.0
Simulation,704,0.0,0.0,0.0,0.0,0.0,0.0,0.6796732917361259,0.6088602694823104,0.878302503922454,0.9824572185402765,0.9711791815928659,0.8289231034115592,0.5445900812840632,0.47044876448084977,0.4431178949044148,0.31238689762614535,0.0651605259314255,0.0,0.0,0.0,0.0,0.0,0.0,0.0
Simulation,705,0.0,0.0,0.0,0.0,0.0,0.0,1.370700961674525,1.5442247077302385,1.2750391333972941,0.6491900233657292,0.730062716176086,0.8155835656519939,0.8160062309048683,0.708679878525037,0.7643091373396856,0.861281499511597,0.16814569931561782,0.0,0.0,0.0,0.0,0.0,0.0,0.0
Simulation,706,0.0,0.0,0.0,0.0,0.0,0.0,0.20293792488924053,0.7149519913731094,1.1265688755136969,0.8829477968569506,0.8039088098068441,0.7969360383844041,0.7449103702908746,0.7336895111808226,0.7772111158339978,0.8387022956578213,0.20235262769809834,0.0,0.0,0.0,0.0,0.0,0.0,0.0
Simulation,707,0.0,0.0,0.0,0.0,0.0,0.0,0.19306604961101598,0.35509459699972523,0.4748886510853108,0.1355308829126537,0.22008273212280538,0.29522304511817365,0.21315818184605212,0.16294941453106798,0.11306580769439808,0.11670459840478825,0.09387816691511652,0.0,0.0,0.0,0.0,0.0,0.0,0.0
Simulation,708,0.0,0.0,0.0,0.0,0.0,0.0,0.5194876182613815,0.7334904506527944,0.9687553776239505,0.9199849773693405,0.9699566824035919,0.9862737372733217,0.8995522436268863,0.6902213180292895,0.6094069970664189,0.37904373085322995,0.09286985380744696,0.0,0.0,0.0,0.0,0.0,0.0,0.0
Simulation,709,0.0,0.0,0.0,0.0,0.0,0.0,0.7563886837155518,0.8271331701368896,0.9022800146752253,0.40083097477364266,0.6640009034014925,0.8143411689393659,0.6179680192345263,0.45433695145198616,0.23237743316152476,0.09313066944461848,0.07729222892459335,0.0,0.0,0.0,0.0,0.0,0.0,0.0
Simulation,710,0.0,0.0,0.0,0.0,0.0,0.0,0.22309899637818886,0.5525238578352178,0.8468824612790189,0.5606595415481358,0.7739967614009782,0.8261297007072163,0.39427060810218345,0.26328539422498276,0.1971795010361991,0.3180915621031215,0.15811148060168753,0.0,0.0,0.0,0.0,0.0,0.0,0.0
Simulation,711,0.0,0.0,0.0,0.0,0.0,0.0,0.2872082082728733,0.9736385259231206,1.1081624261312082,0.607486780724811,0.7814986928294141,0.9502868039648347,0.6702030574605541,0.49149990933914384,0.37598322194166695,0.4416188178076373,0.19808256951947242,0.0,0.0,0.0,0.0,0.0,0.0,0.0
Simulation,712,0.0,0.0,0.0,0.0,0.0,0.0,0.39742116766195557,1.5443164464173345,1.601136160252147,0.9788850030264853,0.8436052196065656,0.7804157008162393,0.2945875651316134,0.24207504845076697,0.200511337170918,0.33019383967594684,0.16510039481015512,0.0,0.0,0.0,0.0,0.0,0.0,0.0
Simulation,713,0.0,0.0,0.0,0.0,0.0,0.0,1.3772838226481399,1.612176633882092,1.6000024750949222,1.1890309815186928,0.9244913284810894,0.8370665044231063,0.6707984591959202,0.6281915205293881,0.6551997066977348,0.5916383432477128,0.10555173016358382,0.0,0.0,0.0,0.0,0.0,0.0,0.0
Simulation,714,0.0,0.0,0.0,0.0,0.0,0.0,0.15037502681216786,0.13549418311433736,0.20257486525923674,0.08322549609638208,0.07239493752511073,0.07596456165166177,0.027320226150646443,0.00033175456365136524,0.026090304959002886,0.07522390317079114,0.0809615818168324,0.0,0.0,0.0,0.0,0.0,0.0,0.0
Simulation,715,0.0,0.0,0.0,0.0,0.0,0.0,0.8217514372323576,1.2636886385862778,1.2848798524131746,1.0532820321939549,1.0757747756123202,1.0448912952869644,0.6288180209737446,0.46197333488701997,0.3297508405865992,0.27248977648805334,0.09200133763922276,0.0,0.0,0.0,0.0,0.0,0.0,0.0
Simulation,716,0.0,0.0,0.0,0.0,0.0,0.0,0.10630609221103296,0.5358223938632976,0.8307725660953047,0.2296898225319582,0.39805596219494194,0.719737203767884,0.912198491381812,0.7411049294857537,0.5223570047183946,0.3216495330811559,0.15492726864031875,0.0,0.0,0.0,0.0,0.0,0.0,0.0
Simulation,717,0.0,0.0,0.0,0.0,0.0,0.0,0.36735918274868173,0.9783106448855124,1.2201301466232006,1.2215855452396331,1.4640718873145284,1.5642837168346326,1.0972444696694352,0.5800671207692496,0.34029067158430015,0.13950275864835707,0.09213811882602342,0.0,0.0,0.0,0.0,0.0,0.0,0.0
Simulation,718,0.0,0.0,0.0,0.0,0.0,0.0,0.1614074518772866,0.5164378379326244,0.8881678691782905,0.5186077936686521,0.45336243022639583,0.3359380731321608,0.16078508531659635,0.13413589744064724,0.1204088480762796,0.12001464238943968,0.09205090471881047,0.0,0.0,0.0,0.0,0.0,0.0,0.0
Simulation,719,0.0,0.0,0.0,0.0,0.0,0.0,0.08033979229770674,0.2945848133264195,0.7512439464805098,0.7393210052503423,0.9439384880675229,0.9888651598937288,0.5728183006245486,0.462833526662854,0.4117900011876336,0.566608619757329,0.18484638562514075,0.0,0.0,0.0,0.0,0.0,0.0,0.0
Simulation,720,0.0,0.0,0.0,0.0,0.0,0.0,0.10467892547541774,0.3775428760529707,0.836751719039872,0.7389725637993828,0.9343570937583815,0.9848416790067265,0.5245972359390585,0.3356326443599486,0.19127042659509638,0.21282962914190345,0.10708456197156144,0.0,0.0,0.0,0.0,0.0,0.0,0.0
Simulation,721,0.0,0.0,0.0,0.0,0.0,0.0,0.2613633928313082,0.29697113993595503,0.4968058996024643,0.5993168509993405,0.5905072427635242,0.43339008987474487,0.31205315285471824,0.4293336094967947,0.522514744997002,0.9769539668907696,0.15014097118034356,0.0,0.0,0.0,0.0,0.0,0.0,0.0
Simulation,722,0.0,0.0,0.0,0.0,0.0,0.0,0.06595193279722489,0.06151862070133085,0.17004884551977273,0.3183055162726501,0.6778700463699256,0.803044815579473,0.5806343288026414,0.465511304302118,0.3716416088062686,0.2848596993177486,0.09871790057110592,0.0,0.0,0.0,0.0,0.0,0.0,0.0
Simulation,723,0.0,0.0,0.0,0.0,0.0,0.0,0.42317385505305594,0.9262291185990839,1.1519041477018304,0.8947735729573113,1.1006651128582385,1.0947639148552533,0.2843620526370008,0.07768864665584241,0.031329178622019616,0.06998408155137906,0.09282413707885889,0.0,0.0,0.0,0.0,0.0,0.0,0.0
Simulation,724,0.0,0.0,0.0,0.0,0.0,0.0,0.1692383336120483,0.7562258338059926,1.2647625331844141,0.9225034020749463,0.7757768894421005,0.5616832314908242,0.20267672424649086,0.22617464238373888,0.2001357602904668,0.298040542332893,0.09867884056969463,0.0,0.0,0.0,0.0,0.0,0.0,0.0
Simulation,725,0.0,0.0,0.0,0.0,0.0,0.0,0.20441766952905863,0.38159862177095183,0.7231112226544014,0.737123488380729,0.8765050517282282,0.9013516314749315,0.6477240916535076,0.5532919797703152,0.5574351231446071,0.6222911246120575,0.10780473017251613,0.0,0.0,0.0,0.0,0.0,0.0,0.0
Simulation,726,0.0,0.0,0.0,0.0,0.0,0.0,0.1620588303752054,0.6306278039584883,1.0629435861342809,0.8801365238566732,0.7309741793439828,0.6096316162431783,0.5850065304536373,0.5932394968331338,0.6229240753894749,0.4954247917404,0.15152312823659683,0.0,0.0,0.0,0.0,0.0,0.0,0.0
Simulation,727,0.0,0.0,0.0,0.0,0.0,0.0,0.31340051715156114,0.6440885018810705,0.9071711243937438,0.6227720081545698,0.5146315223940104,0.5420032358346789,0.9193619501712482,1.0888455722704742,1.0778606929419763,0.6747810855870497,0.09964001591073442,0.0,0.0,0.0,0.0,0.0,0.0,0.0
Simulation,728,0.0,0.0,0.0,0.0,0.0,0.0,0.10802152713663482,0.4676316943266725,0.9252353524705951,0.8439244644574495,0.6603000419858802,0.47799081106109775,0.6173646208981735,0.7300991624555541,0.8236619858485094,0.6300761324637238,0.0931960784313725,0.0,0.0,0.0,0.0,0.0,0.0,0.0
Simulation,729,0.0,0.0,0.0,0.0,0.0,0.0,0.29730584489333617,0.5748805409286685,0.8970407004392018,1.053239928660306,1.4962992394723809,1.588163079634695,1.4606701678896212,0.8763308280950346,0.5336999138482716,0.31210512297209403,0.12181654540789821,0.0,0.0,0.0,0.0,0.0,0.0,0.0
Simulation,730,0.0,0.0,0.0,0.0,0.0,0.0,0.2862961013496517,0.7624702165631514,1.0634794348009027,0.8966738971643735,0.8997898109357214,0.8424647118261175,0.5447139423322056,0.45419455262578534,0.35079999972889503,0.2768274934724823,0.09130494208059137,0.0,0.0,0.0,0.0,0.0,0.0,0.0
Simulation,731,0.0,0.0,0.0,0.0,0.0,0.0,0.07208113913912184,0.20379690417252683,0.4795087209612018,0.40942275813839296,0.6875774223655133,0.8939103180973627,1.2469415068810914,1.0389183426525936,0.7708086294273169,0.4114077125587955,0.11414502616052592,0.0,0.0,0.0,0.0,0.0,0.0,0.0
Simulation,732,0.0,0.0,0.0,0.0,0.0,0.0,0.23155154344030712,0.4636722439086389,0.6642301351294335,0.2546325185030875,0.2415241866978579,0.235334981870851,0.3769645804841334,0.4386521390231425,0.3612003053953459,0.2639760698981882,0.08270115434719214,0.0,0.0,0.0,0.0,0.0,0.0,0.0
Simulation,733,0.0,0.0,0.0,0.0,0.0,0.0,0.16906444877291316,0.49227705439224123,0.7947822547304098,0.25383879874634774,0.3428634072201347,0.4353741250990284,0.44232254090393486,0.3372831149455816,0.16194205805906198,0.07294673379230204,0.0801960784313725,0.0,0.0,0.0,0.0,0.0,0.0,0.0
Simulation,734,0.0,0.0,0.0,0.0,0.0,0.0,0.6411690425926583,0.6773217101720862,0.9504940877098796,1.1826058184253991,1.203433397815664,1.2566125191693251,1.239287568219806,0.8434510912466423,0.6805740845864305,0.35448089852007236,0.09643794665648886,0.0,0.0,0.0,0.0,0.0,0.0,0.0
Simulation,735,0.0,0.0,0.0,0.0,0.0,0.0,0.25769120385968286,0.6070185253922012,0.9362862720556892,0.8973743982034237,1.0228613800230584,1.1659016107500528,1.1280613722776809,0.81503397774674,0.518138292494732,0.23713611097988024,0.08482208470844367,0.0,0.0,0.0,0.0,0.0,0.0,0.0
Simulation,736,0.0,0.0,0.0,0.0,0.0,0.0,0.27086766538858087,0.5260886788920499,0.8099047783094377,0.6931345555712976,0.7803768853875516,0.8379443625726243,0.8157082275588858,0.6529763765204702,0.5385270862039583,0.3170774271865165,0.0923156825870823,0.0,0.0,0.0,0.0,0.0,0.0,0.0
Simulation,737,0.0,0.0,0.0,0.0,0.0,0.0,0.21254171242410264,0.5724719578884198,0.9148030306365118,0.8235134415160209,1.0161439676016224,1.1677234314060856,1.124287674045998,0.8656740299457095,0.7653314305408427,0.7606613926711533,0.19594840260513724,0.0,0.0,0.0,0.0,0.0,0.0,0.0
Simulation,738,0.0,0.0,0.0,0.0,0.0,0.0,0.6557720672257847,0.7683066551808302,0.929240008078426,0.3965332519591782,0.45562919158816906,0.46412618287573465,0.2523930829155193,0.13950856787705046,0.0840319357232921,0.041710770075210235,0.08100557672627776,0.0,0.0,0.0,0.0,0.0,0.0,0.0
Simulation,739,0.0,0.0,0.0,0.0,0.0,0.0,0.10952174522587604,0.6229698436466575,1.1437337767657036,1.186339028199828,1.1913812289255143,1.2318625068738402,0.687979827471899,0.5009448671689809,0.4183581804151999,0.5795287429170233,0.20724882286968452,0.0,0.0,0.0,0.0,0.0,0.0,0.0
Simulation,740,0.0,0.0,0.0,0.0,0.0,0.0,0.08203464104431851,0.5797886928162659,0.9637659230438668,0.5014562276952602,0.45679166106781394,0.5088317539297246,0.4957712715229112,0.40547837936700754,0.2317094854808197,0.1554416348035173,0.09694816574092674,0.0,0.0,0.0,0.0,0.0,0.0,0.0
Simulation,741,0.0,0.0,0.0,0.0,0.0,0.0,0.7347165773364286,1.4691494382706547,1.4542238258619524,1.4089721530852763,1.4439154647745993,1.5370049900160354,1.4610631286777815,1.1223686942663467,0.6101439547639453,0.15647952413440208,0.05808719853757058,0.0,0.0,0.0,0.0,0.0,0.0,0.0
Simulation,742,0.0,0.0,0.0,0.0,0.0,0.0,0.1286067537352314,0.13756602280116298,0.25737869230191446,0.16336483179486327,0.2828020683411831,0.3417616710989587,0.22330035901550865,0.14329824132083718,0.09321518200269285,0.06345224422302051,0.0802594742989087,0.0,0.0,0.0,0.0,0.0,0.0,0.0
Simulation,743,0.0,0.0,0.0,0.0,0.0,0.0,0.19281682225640648,0.5602389814964616,0.8714892708653746,0.3457595244574318,0.46141713996655764,0.6095853215603493,0.5547587069315377,0.4295713695441395,0.17923901494520253,0.04480010218590694,0.07657117024043324,0.0,0.0,0.0,0.0,0.0,0.0,0.0
Simulation,744,0.0,0.0,0.0,0.0,0.0,0.0,0.2801894627624359,1.0487105627118847,1.4302503991934676,1.5827826428777738,1.4630251058502388,1.4664555081725719,1.4467336548211158,1.3679139345682985,1.3559685159588384,1.2276379477551795,0.18823591520292818,0.0,0.0,0.0,0.0,0.0,0.0,0.0
Simulation,745,0.0,0.0,0.0,0.0,0.0,0.0,0.07721198377064589,0.28258923588389284,0.7227053940239208,0.5925099596763628,0.5401557824297236,0.5245458993124643,0.5726073136505802,0.5617213550869409,0.6172108490541381,0.5495415765655265,0.1087267643750111,0.0,0.0,0.0,0.0,0.0,0.0,0.0
Simulation,746,0.0,0.0,0.0,0.0,0.0,0.0,0.44855199613150354,0.8727523969045139,1.097138094315105,1.1865372199547313,1.2029428572644976,1.2087710647007979,0.7324926127093931,0.5611444541444245,0.5195391804199141,0.5521312059710068,0.11021961787789702,0.0,0.0,0.0,0.0,0.0,0.0,0.0
Simulation,747,0.0,0.0,0.0,0.0,0.0,0.0,0.1026396748837265,0.2410727294478151,0.511960034559157,0.17645845693581386,0.36991613112079225,0.608244030640396,0.5279884748406543,0.2819559325698211,0.09298054020419796,0.019528105239541738,0.08082926050081779,0.0,0.0,0.0,0.0,0.0,0.0,0.0
Simulation,748,0.0,0.0,0.0,0.0,0.0,0.0,0.2764207843221348,0.5663741623191852,0.9308976356426568,1.287164120363168,1.085468785577611,0.9577702037746463,0.8624678164502229,0.8155151640311848,0.8231879644132836,0.5568187641344082,0.09271326269121861,0.0,0.0,0.0,0.0,0.0,0.0,0.0
Simulation,749,0.0,0.0,0.0,0.0,0.0,0.0,0.27457977453167787,0.6706518520553489,0.9714446290921642,0.7196256223995458,0.7112617515055357,0.7056072705576925,0.6790181719041394,0.6539679664919854,0.7038904054750721,0.6529591266217754,0.16517033932570357,0.0,0.0,0.0,0.0,0.0,0.0,0.0
Simulation,750,0.0,0.0,0.0,0.0,0.0,0.0,0.27472086914847,0.43292535431138196,0.5456714270098662,0.2606595059425326,0.36966963262968816,0.4974726271791382,0.5728423579515716,0.4677301762848317,0.3355459338411319,0.1967581237317626,0.08243527191669756,0.0,0.0,0.0,0.0,0.0,0.0,0.0
Simulation,751,0.0,0.0,0.0,0.0,0.0,0.0,0.07042238352930896,0.25343492584327965,0.5032060619807539,0.12657995974116765,0.04950266178930951,0.08074564712964705,0.5279506012678562,0.5078282754484448,0.3979909729082996,0.15434332019368568,0.08932057885387401,0.0,0.0,0.0,0.0,0.0,0.0,0.0
Simulation,752,0.0,0.0,0.0,0.0,0.0,0.0,0.3848118525256875,1.311562021986996,1.5632139658648794,1.6630966141564683,1.6536284234858916,1.6441729992197645,1.4052927148051997,0.7747335740961805,0.4968636349963874,0.2938159982783832,0.08837445972455248,0.0,0.0,0.0,0.0,0.0,0.0,0.0
Simulation,753,0.0,0.0,0.0,0.0,0.0,0.0,0.07778663054020507,0.18792482671660582,0.44346482900464124,0.383159659456593,0.6647912332097069,0.8180219099066338,0.581873141561765,0.41920995839600517,0.19044419703418294,0.10737326848407172,0.10635515455982014,0.0,0.0,0.0,0.0,0.0,0.0,0.0
Simulation,754,0.0,0.0,0.0,0.0,0.0,0.0,0.07945414232917955,0.5133684887146021,0.9737900846541239,1.1670258938861608,1.2643184557063272,1.2991115703011107,0.6175380403776721,0.454163514439616,0.30191186992029495,0.2936130709130258,0.12078040216994057,0.0,0.0,0.0,0.0,0.0,0.0,0.0
Simulation,755,0.0,0.0,0.0,0.0,0.0,0.0,0.559985995860933,0.9785584901615515,1.0429928806767357,0.8782694139599188,0.9903528154832502,1.1712920305304035,1.5113088020571452,1.4519385924924422,1.3592715972101577,0.7562435082256809,0.1012689986526955,0.0,0.0,0.0,0.0,0.0,0.0,0.0
Simulation,756,0.0,0.0,0.0,0.0,0.0,0.0,0.2718985588432409,0.8938691669818123,1.2667278884272293,1.1850489331697418,1.0230079937112944,0.9386814237855653,0.572827918985931,0.4511050877877995,0.29121750581893396,0.17777427379890562,0.09204699978499645,0.0,0.0,0.0,0.0,0.0,0.0,0.0
Simulation,757,0.0,0.0,0.0,0.0,0.0,0.0,0.6813839318542384,0.6762418261652967,0.9011026113759449,0.8213266376896649,1.0144389417763424,1.0355947953103104,0.6543791548731887,0.4881594941124429,0.37548746939659405,0.29083229605951677,0.0805294117647058,0.0,0.0,0.0,0.0,0.0,0.0,0.0
Simulation,758,0.0,0.0,0.0,0.0,0.0,0.0,0.14002958059906268,0.26809938927668464,0.6412573105221462,0.4722128365526935,0.5907002933995464,0.5658178505992276,0.2466201537991517,0.1803300742605803,0.15518566653941235,0.2957619281996927,0.12527963209092915,0.0,0.0,0.0,0.0,0.0,0.0,0.0
Simulation,759,0.0,0.0,0.0,0.0,0.0,0.0,0.41317486248086754,0.618506954439004,0.8774254304227767,0.717959688751521,0.8576675790875304,0.8938009789469317,0.7325103404254105,0.6387686941802888,0.6838781107379566,0.6533650341642667,0.0931960784313725,0.0,0.0,0.0,0.0,0.0,0.0,0.0
Simulation,760,0.0,0.0,0.0,0.0,0.0,0.0,0.16259780794215728,0.5843528985990094,0.9879884064503333,0.9638752237724522,0.8996412028385181,0.8144735885610207,0.5727415003786686,0.5051605980880636,0.5177978168394086,0.6559419394979553,0.14413805698676876,0.0,0.0,0.0,0.0,0.0,0.0,0.0
Simulation,761,0.0,0.0,0.0,0.0,0.0,0.0,0.3629970811144044,0.9349521184784786,1.2152250484705658,1.277682631561309,1.2854439246223481,1.3010397306721075,0.7971956924070762,0.5561866041954997,0.4849550964877701,0.5420325266219819,0.15322231994915433,0.0,0.0,0.0,0.0,0.0,0.0,0.0
Simulation,762,0.0,0.0,0.0,0.0,0.0,0.0,0.08905801861021351,0.6131780181285248,1.0424024283159783,0.8454719845417531,0.8449791164220432,0.8277611208004568,0.5418405051580549,0.45395591062668883,0.3332406202948219,0.2767350592887032,0.09500578936476801,0.0,0.0,0.0,0.0,0.0,0.0,0.0
Simulation,763,0.0,0.0,0.0,0.0,0.0,0.0,0.32673332020161244,0.8312246406078554,1.1550385071299336,0.9236877879821465,0.9302498151129551,0.8155008603908497,0.2448107419320309,0.14044066633844643,0.1206615606437611,0.18623138614227963,0.09405065450103837,0.0,0.0,0.0,0.0,0.0,0.0,0.0
Simulation,764,0.0,0.0,0.0,0.0,0.0,0.0,0.20299770881949641,0.41218206786104,0.7441227778504849,0.5657200343812525,0.6131353815986834,0.59318011072792,0.5263693350245742,0.4579158504265679,0.38689261379624745,0.324684338000434,0.09348702507557916,0.0,0.0,0.0,0.0,0.0,0.0,0.0
Simulation,765,0.0,0.0,0.0,0.0,0.0,0.0,0.26710085807102796,0.7514481205778238,1.0422825735404686,0.7428708359870508,0.939966636092795,1.0519315918545058,0.6122835254181132,0.41950225191589063,0.16686723323065433,0.06796492328584738,0.08115306898267345,0.0,0.0,0.0,0.0,0.0,0.0,0.0
Simulation,766,0.0,0.0,0.0,0.0,0.0,0.0,0.12254106778098613,0.6000117485317336,0.9940198636258498,0.9075121243604576,0.9725008823494646,1.0031352724627827,0.8307610246111459,0.7283028083053061,0.7474502261603659,0.762498572294382,0.20081915750429266,0.0,0.0,0.0,0.0,0.0,0.0,0.0
Simulation,767,0.0,0.0,0.0,0.0,0.0,0.0,0.6188390055957527,0.9545435776213199,1.043457990120159,0.6027386169175597,0.7718826291899483,0.8184987639501052,0.39549373254248366,0.15827867732117462,0.08322156370551703,0.08029172822955705,0.09241490704604502,0.0,0.0,0.0,0.0,0.0,0.0,0.0
Simulation,768,0.0,0.0,0.0,0.0,0.0,0.0,0.15184203135696006,0.3931669929908823,0.7974466189274346,0.6354282088162095,0.6286171394989689,0.5045118704502962,0.16932414608293533,0.13299932995072872,0.09789005237431439,0.03348027899614289,0.0333429705510557,0.0,0.0,0.0,0.0,0.0,0.0,0.0
Simulation,769,0.0,0.0,0.0,0.0,0.0,0.0,0.3155565169336076,0.9327147558795843,1.1659579215267213,0.7102221002298537,0.5880116709176622,0.4829399699814743,0.41941743419553257,0.3559234001906252,0.21576786602777176,0.14097835054111335,0.09214941527476152,0.0,0.0,0.0,0.0,0.0,0.0,0.0
Simulation,770,0.0,0.0,0.0,0.0,0.0,0.0,0.6670569723437494,0.9075188639996218,1.0166449380667575,0.8820764334128103,0.8641899627822754,0.7912417225899593,0.4998307609244896,0.45435331374861726,0.41021920802608236,0.3289432894614116,0.08833177484541352,0.0,0.0,0.0,0.0,0.0,0.0,0.0
Simulation,771,0.0,0.0,0.0,0.0,0.0,0.0,0.17901228317289195,0.7668570589464905,1.3978416097896027,1.520687930091687,1.0147292132282035,0.7524512195242,0.3380760887887011,0.36334995428826744,0.3187024422260364,0.3015101761142602,0.09230723316809945,0.0,0.0,0.0,0.0,0.0,0.0,0.0
Simulation,772,0.0,0.0,0.0,0.0,0.0,0.0,0.14286674789161544,0.7555375220532307,1.1533840394731372,0.6966038285063744,0.5372622949065521,0.4950192417149091,0.5414321942673063,0.5102215520872613,0.554942592244428,0.6847387690648723,0.19745970931616114,0.0,0.0,0.0,0.0,0.0,0.0,0.0
Simulation,773,0.0,0.0,0.0,0.0,0.0,0.0,0.07068286746931221,0.23917802570533242,0.6510481822935509,0.5826759301573994,0.8047421576263136,0.9373326609099326,0.6732444681479253,0.49370880139936646,0.36603992061196866,0.3048490183996051,0.11413447953396366,0.0,0.0,0.0,0.0,0.0,0.0,0.0
Simulation,774,0.0,0.0,0.0,0.0,0.0,0.0,0.8146645573989435,0.9360285517496676,1.0168562851134595,0.8323718328409047,1.0032438429892279,1.0139676178036223,0.5418438704498061,0.3398929433076716,0.19760792256101006,0.21465418725951546,0.09487401804538192,0.0,0.0,0.0,0.0,0.0,0.0,0.0
Simulation,775,0.0,0.0,0.0,0.0,0.0,0.0,0.8418230433858398,1.1220304753268275,1.1911947543744823,0.9091418242724764,0.9805832148261016,0.9686181801868137,0.6183938861703899,0.4503139274529172,0.2529507098951849,0.16279899563342803,0.09199493980093928,0.0,0.0,0.0,0.0,0.0,0.0,0.0
Simulation,776,0.0,0.0,0.0,0.0,0.0,0.0,0.30172457435641326,0.46707476231512174,0.6501501647858174,0.6306830068116096,0.9113924559860592,0.9712539765515165,0.44918218852544173,0.27558813210475575,0.25539271470380226,0.6849339004482131,0.2060523065560683,0.0,0.0,0.0,0.0,0.0,0.0,0.0
Simulation,777,0.0,0.0,0.0,0.0,0.0,0.0,0.05928011824501289,0.1439471059926783,0.328715658722352,0.4476099217764045,0.6638492605297047,0.826122359188566,1.1002364002324914,1.1605718802840326,1.0272295247102232,0.5722006763557905,0.0931960784313725,0.0,0.0,0.0,0.0,0.0,0.0,0.0
Simulation,778,0.0,0.0,0.0,0.0,0.0,0.0,0.5272472031210309,0.6009843248873178,0.8377882634629565,0.7901068421446671,0.9895939155859637,1.0461239307903336,0.7319539542939938,0.5209868016032422,0.4480222609489725,0.495168170470853,0.14207804057820195,0.0,0.0,0.0,0.0,0.0,0.0,0.0
Simulation,779,0.0,0.0,0.0,0.0,0.0,0.0,0.7125744497181161,0.79884863763032,1.0059110607047603,1.1825596995730459,1.1111159194129985,1.0462856326278975,0.9694729460853853,0.8673888649404624,0.9192225847851971,0.8294540752324457,0.1130215855653435,0.0,0.0,0.0,0.0,0.0,0.0,0.0
Simulation,780,0.0,0.0,0.0,0.0,0.0,0.0,0.4414168180032524,0.7015205872994983,0.9063990177597835,0.48532770547085324,0.3952192405637745,0.405413873641172,0.5840432505840376,0.5568032057745299,0.5103312735462399,0.3048124198772906,0.08434391658696597,0.0,0.0,0.0,0.0,0.0,0.0,0.0
Simulation,781,0.0,0.0,0.0,0.0,0.0,0.0,0.5847566491565,0.6763553644849221,0.8968868511498037,0.5606210942025401,0.4194835621543264,0.33299879588089437,0.4932922837843181,0.4462404782614,0.2929169612935981,0.08544232187982592,0.032281171826851286,0.0,0.0,0.0,0.0,0.0,0.0,0.0
Simulation,782,0.0,0.0,0.0,0.0,0.0,0.0,0.19788093240416793,0.4709711632671984,0.8424740785928375,0.6081756679394166,0.7157167571467324,0.7721558992697147,0.5309369730544091,0.37101857720227516,0.1985066546847281,0.14149604975662214,0.09273760853410944,0.0,0.0,0.0,0.0,0.0,0.0,0.0
Simulation,783,0.0,0.0,0.0,0.0,0.0,0.0,0.28230405357036975,0.5875751567928967,0.8222557247623623,0.6865429583771611,0.9763585096107376,1.1712417851942327,0.7872502605212609,0.5480776807113354,0.47159617423918243,0.4333363895702048,0.15351946586612453,0.0,0.0,0.0,0.0,0.0,0.0,0.0
Simulation,784,0.0,0.0,0.0,0.0,0.0,0.0,0.346542581100402,0.5714447844112723,0.6448251328581202,0.1856020047210596,0.42064324927895674,0.5405708744012996,0.19312312972767987,0.10362825796207326,0.09315177943018099,0.1291357091825072,0.09204597656293124,0.0,0.0,0.0,0.0,0.0,0.0,0.0
Simulation,785,0.0,0.0,0.0,0.0,0.0,0.0,0.203507476089779,0.26719354279059443,0.5113845391448195,0.2698017083762569,0.3225768357066807,0.33552503694429947,0.3684175336666071,0.2727900392687812,0.13874256604711951,0.05107487269107716,0.05819122919599717,0.0,0.0,0.0,0.0,0.0,0.0,0.0
Simulation,786,0.0,0.0,0.0,0.0,0.0,0.0,0.43027897492066847,0.6167658011617457,0.8776380551606712,0.6117363667547113,0.7014685001488886,0.7644051432904264,0.6386835681187217,0.5488609621825375,0.6023336909498469,0.8602679780687206,0.2067684945203927,0.0,0.0,0.0,0.0,0.0,0.0,0.0
Simulation,787,0.0,0.0,0.0,0.0,0.0,0.0,0.43389969070323126,0.6220680066739742,0.8856628530737981,0.6471472439527394,0.7714751594846335,0.737594402427819,0.20791222244808827,0.14147246067314134,0.1525419481031382,0.2909012633746637,0.09634721362785517,0.0,0.0,0.0,0.0,0.0,0.0,0.0
Simulation,788,0.0,0.0,0.0,0.0,0.0,0.0,0.1227069265598729,0.07527932294542783,0.2168822168386345,0.8480076414295417,1.146335736360355,1.2098960169357327,0.7464111277128411,0.5279128029296194,0.417429265456075,0.26412286716323646,0.07299886542939331,0.0,0.0,0.0,0.0,0.0,0.0,0.0
Simulation,789,0.0,0.0,0.0,0.0,0.0,0.0,0.17478539870190105,0.20199239374104533,0.3170490020971223,0.2072390122280639,0.5693882664675438,0.7634460018280185,0.3486948771874755,0.1269919540266642,0.0717779986182488,0.07695230738849068,0.0961762755732337,0.0,0.0,0.0,0.0,0.0,0.0,0.0
Simulation,790,0.0,0.0,0.0,0.0,0.0,0.0,0.5579615351921087,0.3499599466333055,0.24841488566890046,0.16041183731822073,0.25561966205343867,0.2427253403269375,0.11018913125181734,0.11022291069828094,0.14156483355706542,0.14933971615408187,0.06937136399233883,0.0,0.0,0.0,0.0,0.0,0.0,0.0
Simulation,791,0.0,0.0,0.0,0.0,0.0,0.0,0.2617280250923485,0.24240084494246855,0.3749640971589836,0.3777473041204063,0.5930189985472635,0.5729729266816184,0.16821733447509118,0.0819594805161667,0.07890458058154776,0.07738334029509616,0.06641093266500481,0.0,0.0,0.0,0.0,0.0,0.0,0.0
Simulation,792,0.0,0.0,0.0,0.0,0.0,0.0,0.19990496783795234,0.6883887762407668,1.0474205259375062,0.7919168013964247,0.8284604184638276,0.8159381754168398,0.5259742300932596,0.4213802262096663,0.2566954619100519,0.14083343748079172,0.08170330508463688,0.0,0.0,0.0,0.0,0.0,0.0,0.0
Simulation,793,0.0,0.0,0.0,0.0,0.0,0.0,0.6593042357143724,1.1156224122113243,1.197657090004457,0.9057420946722026,0.9767196469942164,0.891506830533975,0.3263649301003533,0.22969133661494184,0.2197235939963534,0.4017038961202022,0.12623125430517806,0.0,0.0,0.0,0.0,0.0,0.0,0.0
Simulation,794,0.0,0.0,0.0,0.0,0.0,0.0,0.3029916058010011,0.5433467762756503,0.7171630529969546,0.39586968710373605,0.5966984365803927,0.7180384373595814,0.5307898153715587,0.3911318686988525,0.26369294693966344,0.3041210530411709,0.11423959413566245,0.0,0.0,0.0,0.0,0.0,0.0,0.0
Simulation,795,0.0,0.0,0.0,0.0,0.0,0.0,0.1851213553903508,0.9509396844926123,1.271071058160194,0.701257211737757,0.5837652142011723,0.5921546498770056,0.6484047285105552,0.6023979905333484,0.4801058298409602,0.2808991911328711,0.09319568870107109,0.0,0.0,0.0,0.0,0.0,0.0,0.0
Simulation,796,0.0,0.0,0.0,0.0,0.0,0.0,0.3636568492251811,1.1988040162297402,1.4342468888355415,1.1934819397350283,1.0715344704889884,1.0760535868749264,0.9184236796866576,0.7086777875692458,0.6524950474878222,0.6000888393229892,0.14999022077888513,0.0,0.0,0.0,0.0,0.0,0.0,0.0
Simulation,797,0.0,0.0,0.0,0.0,0.0,0.0,0.15303976265074465,0.510162838002274,0.8968746577996928,0.7145178543089614,0.8093897888166364,0.8181287296941328,0.5471940272333793,0.45554191109793307,0.37833931489290756,0.4758584634304549,0.165899459940325,0.0,0.0,0.0,0.0,0.0,0.0,0.0
Simulation,798,0.0,0.0,0.0,0.0,0.0,0.0,0.47558861311170963,0.7009614124166388,0.9189677215149143,0.5393229049060918,0.408922932948764,0.3911913964301579,0.5610323530837662,0.4896949854923373,0.3712208891835977,0.15329208246894202,0.067715043462898,0.0,0.0,0.0,0.0,0.0,0.0,0.0
Simulation,799,0.0,0.0,0.0,0.0,0.0,0.0,0.10261757252988016,0.49180454501870857,0.9412465505774037,1.0272912556123213,0.9814642601973652,0.8835406156970704,0.5483277995835407,0.49150741129495,0.5970447050219285,0.9791873884180151,0.20300655510059534,0.0,0.0,0.0,0.0,0.0,0.0,0.0
Simulation,800,0.0,0.0,0.0,0.0,0.0,0.0,0.2961955922727434,0.44525101818848384,0.6402085369903832,0.4995169638561532,0.5038682436741357,0.3743677782271715,0.23727826165639926,0.273964752692871,0.2566471506255451,0.30278869177634204,0.09129898483382014,0.0,0.0,0.0,0.0,0.0,0.0,0.0
Simulation,801,0.0,0.0,0.0,0.0,0.0,0.0,0.14930408136284917,0.5600787977418686,1.0028550737613324,1.1869857137114423,0.9130990009762878,0.7948429064660315,0.594886585446148,0.5532682956101304,0.5118871465995142,0.32020633660341075,0.09230232124196636,0.0,0.0,0.0,0.0,0.0,0.0,0.0
Simulation,802,0.0,0.0,0.0,0.0,0.0,0.0,0.26869349347888255,0.6201771489292752,0.897033873173731,0.31832094621704093,0.25042269808814577,0.2430846165933379,0.5408244897905266,0.5237422767789149,0.5146577503626908,0.37400352913139373,0.09484159046692996,0.0,0.0,0.0,0.0,0.0,0.0,0.0
Simulation,803,0.0,0.0,0.0,0.0,0.0,0.0,0.31937152307798006,1.0427862613079308,1.3320569455530977,1.3854939224426903,1.4433106642995357,1.473104446438803,0.9633216357315453,0.6354243009472965,0.5525540269552901,0.6860727842488559,0.2055869227447024,0.0,0.0,0.0,0.0,0.0,0.0,0.0
Simulation,804,0.0,0.0,0.0,0.0,0.0,0.0,0.26920173817884097,0.4619875207981627,0.7157603707686919,0.417667610844798,0.5087258263924268,0.40958750949463946,0.11551020669318274,0.08575558927410626,0.10626015082231594,0.1719031090282354,0.09268305684798095,0.0,0.0,0.0,0.0,0.0,0.0,0.0
Simulation,805,0.0,0.0,0.0,0.0,0.0,0.0,0.07455849029813832,0.1295554715556852,0.4773130895293092,0.8213894704343327,1.1512590606900632,1.1921407163002338,0.43597402066542024,0.18806964536828702,0.12547040173132662,0.15600681487691043,0.09150003651527665,0.0,0.0,0.0,0.0,0.0,0.0,0.0
Simulation,806,0.0,0.0,0.0,0.0,0.0,0.0,0.05518511696226669,0.24164288728737382,0.6059605065793559,0.26504745484929104,0.28848682952974125,0.3855198176780595,0.5517743924470524,0.508928667558795,0.4717311555558611,0.3174915754103174,0.10255736063288796,0.0,0.0,0.0,0.0,0.0,0.0,0.0
Simulation,807,0.0,0.0,0.0,0.0,0.0,0.0,1.112856591147238,1.5231652631165216,1.4437860286221638,0.9473835350890021,0.8074538032079224,0.6183174838090018,0.28383018028159956,0.2746563761548211,0.23295604386410396,0.25043096228149975,0.08030698078713006,0.0,0.0,0.0,0.0,0.0,0.0,0.0
Simulation,808,0.0,0.0,0.0,0.0,0.0,0.0,0.2720879073331016,0.7441592064884163,1.1563940336133032,1.5991530736808333,1.6044781096702345,1.6224295011010639,1.5459513762706623,1.3580565748660662,0.9664843775894296,0.3581849805883638,0.08323907228551383,0.0,0.0,0.0,0.0,0.0,0.0,0.0
Simulation,809,0.0,0.0,0.0,0.0,0.0,0.0,0.21560120481918701,0.6258166576621579,0.9923683192117349,0.6962982993132693,0.6140000000000001,0.5618377965300967,0.514336168568932,0.4236262645283356,0.24314087169554843,0.10351024396093542,0.0805294117647058,0.0,0.0,0.0,0.0,0.0,0.0,0.0
Simulation,810,0.0,0.0,0.0,0.0,0.0,0.0,0.27576603142563166,0.6930336539467856,1.0308001859911209,0.7502606685400103,0.8337853416052714,0.7969804322782215,0.2278075925712612,0.12375860429517493,0.10352320663370185,0.18014104201974912,0.09407439783385502,0.0,0.0,0.0,0.0,0.0,0.0,0.0
Simulation,811,0.0,0.0,0.0,0.0,0.0,0.0,0.06412364013646937,0.12753909346912617,0.46852726829621094,0.6943664354351978,0.7764449527244732,0.6377439853299078,0.16203250087289434,0.13576189824129686,0.15983457703602938,0.24206698225154677,0.08373340057868214,0.0,0.0,0.0,0.0,0.0,0.0,0.0
Simulation,812,0.0,0.0,0.0,0.0,0.0,0.0,0.5825727300785373,0.9813062662453207,1.1416821181449464,0.9418132505724501,1.0124659969377852,0.9362902893322628,0.4657528893812688,0.3224758907611539,0.23435451906379878,0.26928618761516865,0.09255226798200517,0.0,0.0,0.0,0.0,0.0,0.0,0.0
Simulation,813,0.0,0.0,0.0,0.0,0.0,0.0,0.4093624241232673,0.551619771721669,0.7917060849639357,0.6162861169621929,1.0045082001779866,1.096848864544715,0.2215541906570958,0.017201336194228922,0.007867387054047603,0.11698537149332852,0.12311112632170276,0.0,0.0,0.0,0.0,0.0,0.0,0.0
Simulation,814,0.0,0.0,0.0,0.0,0.0,0.0,1.3131302679402312,1.5658649704502159,1.523839190905718,1.2738205438140338,1.179166868096761,1.1674682751773513,0.7301243118607442,0.5244338974006704,0.42942612998024804,0.35936632685833997,0.09388944253156499,0.0,0.0,0.0,0.0,0.0,0.0,0.0
Simulation,815,0.0,0.0,0.0,0.0,0.0,0.0,0.522575939481834,0.5648445342938393,0.8112608332387876,0.7767904773507079,0.9355118135294263,0.9572849039333485,0.6535549784470487,0.45401080791424014,0.21784833463179765,0.0781554790863945,0.0703607995230548,0.0,0.0,0.0,0.0,0.0,0.0,0.0
Simulation,816,0.0,0.0,0.0,0.0,0.0,0.0,0.2758609727326635,0.710470923818441,0.9446789957310311,0.37923790619444125,0.39889056141927026,0.37933718336554084,0.14143300150782734,0.09079588727505294,0.09486263349406449,0.11381594432992578,0.08314235774538237,0.0,0.0,0.0,0.0,0.0,0.0,0.0
Simulation,817,0.0,0.0,0.0,0.0,0.0,0.0,0.32147679774515797,0.6087819426522177,0.8968412723123216,0.7331626679708143,0.9174372528929012,0.9890110563964434,0.6484090260902882,0.4879677776773847,0.4097713354257586,0.6020922066114838,0.20640281763851223,0.0,0.0,0.0,0.0,0.0,0.0,0.0
Simulation,818,0.0,0.0,0.0,0.0,0.0,0.0,0.16047315850466382,0.22931713347066696,0.5397925001240297,0.7064385001977349,0.7646222164768692,0.7644161197962149,0.7620689112519263,0.8152931355966231,0.8452423238401174,0.6044453524947977,0.09236402650051924,0.0,0.0,0.0,0.0,0.0,0.0,0.0
Simulation,819,0.0,0.0,0.0,0.0,0.0,0.0,0.27068563386045025,0.95970334648894,1.1828671934934616,0.5203823878318281,0.2819673761198187,0.19439143244249957,0.19612157899591875,0.23948226108338974,0.16109499123604812,0.08457104433707113,0.08000577776905886,0.0,0.0,0.0,0.0,0.0,0.0,0.0
Simulation,820,0.0,0.0,0.0,0.0,0.0,0.0,0.19784275019512057,0.28519264712049547,0.35290564719612716,0.11736717644883421,0.1225304753327553,0.16924240502145171,0.19671085967147944,0.20313563027328307,0.16038267352084637,0.1778495853027099,0.09220832098545118,0.0,0.0,0.0,0.0,0.0,0.0,0.0
Simulation,821,0.0,0.0,0.0,0.0,0.0,0.0,0.2759811111381254,0.515826614675218,0.7967739040387638,0.8174803125846823,0.9989454266748624,0.9757825261013714,0.5261683375342447,0.4104887060617528,0.3176123272908479,0.29081732460894616,0.0921079785159,0.0,0.0,0.0,0.0,0.0,0.0,0.0
Simulation,822,0.0,0.0,0.0,0.0,0.0,0.0,0.054307120434023304,0.22844602149434862,0.7180048620579902,0.6714252078013507,0.7993232875379196,0.8305688763105927,0.5442643943563366,0.4502592793159256,0.32798160371579127,0.27827673119080854,0.09368626945421941,0.0,0.0,0.0,0.0,0.0,0.0,0.0
Simulation,823,0.0,0.0,0.0,0.0,0.0,0.0,0.06837320399210856,0.20823234498213472,0.441555807310785,0.11092045878941181,0.06435703767661483,0.10271958473007237,0.08392902083018478,0.07430238194226024,0.06828581629526459,0.04572521350430961,0.08326771551521084,0.0,0.0,0.0,0.0,0.0,0.0,0.0
Simulation,824,0.0,0.0,0.0,0.0,0.0,0.0,0.7260601202846342,1.1240323690817609,1.194373709531771,0.8483112682711347,0.8133647053115889,0.779843832193646,0.5549762411898843,0.4621322415399371,0.3862698047041576,0.3362682708994491,0.09482097007924181,0.0,0.0,0.0,0.0,0.0,0.0,0.0
Simulation,825,0.0,0.0,0.0,0.0,0.0,0.0,0.17558298461220423,0.361023523114842,0.7914149780817422,0.6113394722540588,0.39749984399591276,0.19281964500711346,0.15381478012736427,0.18949576719422656,0.20533294817983802,0.2586759552034944,0.08511364293899067,0.0,0.0,0.0,0.0,0.0,0.0,0.0
Simulation,826,0.0,0.0,0.0,0.0,0.0,0.0,0.936069652635497,1.4836401035386624,1.4057174021287873,1.0273475003853234,1.000905835373849,0.9547851514518607,0.6530601764266641,0.556366348993288,0.5448153367759053,0.5606929966825008,0.10232034676477039,0.0,0.0,0.0,0.0,0.0,0.0,0.0
Simulation,827,0.0,0.0,0.0,0.0,0.0,0.0,0.5207289521083887,0.9355332014773826,1.1454640207314808,1.3551082847223315,1.4025332129273194,1.4962018956861187,1.4483481256768385,1.159927080049036,0.733742458264026,0.19904947776039172,0.05740741784271313,0.0,0.0,0.0,0.0,0.0,0.0,0.0
Simulation,828,0.0,0.0,0.0,0.0,0.0,0.0,0.1777114997820828,0.4618854980258629,0.8379853590559044,0.6580517481922191,0.7078570388416047,0.5786829003590104,0.1787607210539321,0.1881367770682516,0.20064880872764507,0.31251410180629996,0.09316139978742649,0.0,0.0,0.0,0.0,0.0,0.0,0.0
Simulation,829,0.0,0.0,0.0,0.0,0.0,0.0,0.5902800916389094,0.6442137433122528,0.9062347195979567,0.7644104769745179,0.86802010640958,0.9256541885727593,0.9326371669810456,0.6973735519970876,0.6046054528148066,0.4797935382682882,0.1122171271587982,0.0,0.0,0.0,0.0,0.0,0.0,0.0
Simulation,830,0.0,0.0,0.0,0.0,0.0,0.0,0.08688306154107303,0.7538338159268188,1.1566036010743943,0.35629608753876246,0.12281718773487593,0.07449254933586835,0.170546007525752,0.3235057563806345,0.29580649018692096,0.3158863546503097,0.16701607026984105,0.0,0.0,0.0,0.0,0.0,0.0,0.0
Simulation,831,0.0,0.0,0.0,0.0,0.0,0.0,1.183551724520696,1.2454646102827782,1.0919104143427192,0.7941684817706581,0.8446977857330811,0.8722915718746282,0.7980782788894766,0.6368325812832019,0.534195749356493,0.3100156220452517,0.08792681430387947,0.0,0.0,0.0,0.0,0.0,0.0,0.0
Simulation,832,0.0,0.0,0.0,0.0,0.0,0.0,0.0,0.07101043362069592,0.24830530108486215,0.16448812657660283,0.05518851332828756,0.026672942399585176,0.01927047047523689,0.05161187061390021,0.0828865787804251,0.061205267082682896,0.06824242299432563,0.0,0.0,0.0,0.0,0.0,0.0,0.0
Simulation,833,0.0,0.0,0.0,0.0,0.0,0.0,0.3855735527390908,0.6653799873922503,0.9366050090138337,0.7931836918923622,0.9149438675293899,0.9621488633019979,0.8601754584555226,0.6003386630181347,0.42698442048482477,0.21109514606458044,0.08276912065949468,0.0,0.0,0.0,0.0,0.0,0.0,0.0
Simulation,834,0.0,0.0,0.0,0.0,0.0,0.0,0.10068832295360214,0.16561663133411147,0.28643069079465056,0.33372230061629443,0.7288711916702747,0.9480176210874942,1.000731334753569,0.7077507453746914,0.5179436909381762,0.3158702310550526,0.10720184522412159,0.0,0.0,0.0,0.0,0.0,0.0,0.0
Simulation,835,0.0,0.0,0.0,0.0,0.0,0.0,0.2642826594611934,0.5564787223142151,0.886561524335735,0.8213425197549126,0.9988063102932987,1.0883996314026447,0.9006233878650045,0.6219203234756542,0.5107071823334268,0.43390566167351635,0.12408311016843411,0.0,0.0,0.0,0.0,0.0,0.0,0.0
Simulation,836,0.0,0.0,0.0,0.0,0.0,0.0,0.27252958245939846,0.2964016704468455,0.3734571268638134,0.38619983524235074,0.7710097494565729,0.8600995754104076,0.5220491800500527,0.345538068559442,0.24383085088598583,0.3082309200068289,0.09805837350688136,0.0,0.0,0.0,0.0,0.0,0.0,0.0
Simulation,837,0.0,0.0,0.0,0.0,0.0,0.0,0.193257287739041,0.3467767300182121,0.4757424103178697,0.34069371577963115,0.7556477015314292,1.0138975946185438,1.2794283767730277,0.9547444042177685,0.722132788711162,0.35953074668845963,0.0948388518183302,0.0,0.0,0.0,0.0,0.0,0.0,0.0
Simulation,838,0.0,0.0,0.0,0.0,0.0,0.0,0.4461917507071116,0.8368295609849432,1.1117189703903163,0.8770920945457275,0.8151480916433596,0.5786446459596107,0.069090108989525,0.04963270317556223,0.08373255777001146,0.21768084127310966,0.09600313710622697,0.0,0.0,0.0,0.0,0.0,0.0,0.0
Simulation,839,0.0,0.0,0.0,0.0,0.0,0.0,0.3211759165328312,0.6972274615767988,1.015532688479553,1.2127847031312253,1.3700378336659855,1.4067121391264072,0.9714425637210258,0.6793780445792927,0.6210017395430971,0.5912271927876458,0.10960447643997154,0.0,0.0,0.0,0.0,0.0,0.0,0.0
Simulation,840,0.0,0.0,0.0,0.0,0.0,0.0,0.1411077692884223,0.37327528283041955,0.7947390812319651,0.8074898671385207,0.8223515797287989,0.7950124134877433,0.5877345241504384,0.5698848971607495,0.6111769498379029,0.3879818663219416,0.08463000303496741,0.0,0.0,0.0,0.0,0.0,0.0,0.0
Simulation,841,0.0,0.0,0.0,0.0,0.0,0.0,0.14930183097805777,0.6087663295865706,1.0013900689029502,0.928538191572363,0.9156367116132889,0.8862159024412758,0.6366017403869748,0.5741838938468117,0.5678688511666788,0.4750996871015525,0.09429326189912822,0.0,0.0,0.0,0.0,0.0,0.0,0.0
Simulation,842,0.0,0.0,0.0,0.0,0.0,0.0,0.8153666987022143,1.0337606960623769,1.0158067673417652,0.8364233354349514,1.076020186175972,1.336847474399136,1.3034242364629893,0.9431774523340335,0.8217069280707456,0.7633889104572129,0.16906683254651633,0.0,0.0,0.0,0.0,0.0,0.0,0.0
Simulation,843,0.0,0.0,0.0,0.0,0.0,0.0,1.3428970728583118,1.52609950617901,1.3846295734032106,1.2539285219389713,1.3820474044966011,1.4946569019190354,1.139415965481908,0.7053009076557696,0.5119668289613128,0.3214179793637487,0.09477261615210139,0.0,0.0,0.0,0.0,0.0,0.0,0.0
Simulation,844,0.0,0.0,0.0,0.0,0.0,0.0,0.5355865356757754,0.6184941171784203,0.7946739524084151,0.3843064611095365,0.4727181747543343,0.5146386629580326,0.5239481893029989,0.4448609121328426,0.30774120053120513,0.1816087741091682,0.0744354473013479,0.0,0.0,0.0,0.0,0.0,0.0,0.0
Simulation,845,0.0,0.0,0.0,0.0,0.0,0.0,0.23360020051010444,0.22851379542604594,0.28596494989674937,0.20835635842300265,0.5423483616511036,0.7886940277489574,0.6353093659993907,0.48969069548901906,0.3840123217443845,0.323434442203218,0.14419990316484335,0.0,0.0,0.0,0.0,0.0,0.0,0.0
Simulation,846,0.0,0.0,0.0,0.0,0.0,0.0,0.14631598941928708,0.4668613724761692,0.8855900125366761,0.837476075690706,0.7655300415963234,0.6833432706903747,0.7331679985541066,1.0156929646992898,1.2478588738725256,1.0700012149056783,0.10537846215290474,0.0,0.0,0.0,0.0,0.0,0.0,0.0
Simulation,847,0.0,0.0,0.0,0.0,0.0,0.0,1.0349753494346758,1.3236209790266287,1.2000349957243217,0.8775797151898568,0.8744136858353653,0.9179891656880195,1.1306775836599032,1.1607889522109431,1.1287367437242632,0.8780617019851071,0.16501968782987625,0.0,0.0,0.0,0.0,0.0,0.0,0.0
Simulation,848,0.0,0.0,0.0,0.0,0.0,0.0,0.29837995385613364,0.7333540695781615,1.0699065282777322,0.8482509027453474,0.7675739686904454,0.5783582242088015,0.27691575665714774,0.2429556166453011,0.17859048969361374,0.18265615679187458,0.09478513353143297,0.0,0.0,0.0,0.0,0.0,0.0,0.0
Simulation,849,0.0,0.0,0.0,0.0,0.0,0.0,0.5108071829725176,1.4124914311434016,1.431536654593336,0.78160245224448,0.6786051373070809,0.5782591351110378,0.4866119319769472,0.3997486989859776,0.23363113245502803,0.11663765154404557,0.08138067323790325,0.0,0.0,0.0,0.0,0.0,0.0,0.0
Simulation,850,0.0,0.0,0.0,0.0,0.0,0.0,0.5163029531429649,0.8729023346304048,1.090739476872771,0.856289812644152,0.8594359379089713,0.7948327132238882,0.44916836002277755,0.32790480124852717,0.2145713369144862,0.2141457427898307,0.08119096724296776,0.0,0.0,0.0,0.0,0.0,0.0,0.0
Simulation,851,0.0,0.0,0.0,0.0,0.0,0.0,0.1321910268137178,0.3808432135019969,0.8117481522008522,0.9774190915663195,1.3789757318543232,1.5654135701048977,1.4599754706868286,1.188828327854174,0.8996296412629878,0.6784355527100957,0.11458586689496103,0.0,0.0,0.0,0.0,0.0,0.0,0.0
Simulation,852,0.0,0.0,0.0,0.0,0.0,0.0,0.2759468563209854,0.5504121344544369,0.7920360335497597,0.25191794368067355,0.18516951745426125,0.15742753737120763,0.2951187845353147,0.3557282342736124,0.3071842705146432,0.317593455427941,0.12321260421051373,0.0,0.0,0.0,0.0,0.0,0.0,0.0
Simulation,853,0.0,0.0,0.0,0.0,0.0,0.0,0.4310795942948156,0.666877473433387,0.9199964361815981,0.7053202213777147,0.6689770180416158,0.6147399599096507,0.6439403672033126,0.6338788253306079,0.6927731498050977,0.6197989580946823,0.10920644077663288,0.0,0.0,0.0,0.0,0.0,0.0,0.0
Simulation,854,0.0,0.0,0.0,0.0,0.0,0.0,0.5003070124422486,0.9510534503404537,1.2768910130246658,1.4215699605299719,1.1835181115395437,1.0854522228389738,0.8956275941549896,0.5525905171556017,0.29968909190446935,0.022655569111662777,0.029681355942770382,0.0,0.0,0.0,0.0,0.0,0.0,0.0
Simulation,855,0.0,0.0,0.0,0.0,0.0,0.0,0.5603014198703822,0.6685657145879411,0.8809833567614948,0.560439570453396,0.5110765969851743,0.5418417688621269,0.9029624629993567,1.0295466077012139,1.1055229348553102,0.8267674716652583,0.094103515731729,0.0,0.0,0.0,0.0,0.0,0.0,0.0
Simulation,856,0.0,0.0,0.0,0.0,0.0,0.0,0.7125187569206571,0.6770081212445368,0.7569216741287225,0.28361619749081757,0.517263439436876,0.7442167107459372,0.7693634047899185,0.6337591279701628,0.5426560526594765,0.41250719413774406,0.11910174886085526,0.0,0.0,0.0,0.0,0.0,0.0,0.0
Simulation,857,0.0,0.0,0.0,0.0,0.0,0.0,0.15972321705118792,0.3546150074943864,0.8347106485486383,1.0286058889911018,1.0777543431036998,1.0790159114772095,0.8894753462865481,0.6281023536491093,0.4198477342110275,0.12893013526068794,0.07312827770743842,0.0,0.0,0.0,0.0,0.0,0.0,0.0
Simulation,858,0.0,0.0,0.0,0.0,0.0,0.0,0.25940535223657524,0.5029453563356675,0.8719709476780215,0.9864145630043295,1.1706748650437906,1.3029902735275964,1.2802669768071078,1.009999532670636,0.8295963532311468,0.5239174547262555,0.10820771279740754,0.0,0.0,0.0,0.0,0.0,0.0,0.0
Simulation,859,0.0,0.0,0.0,0.0,0.0,0.0,0.31333228593676893,0.5604287504347536,0.8924781033956836,1.0265383369164203,1.0157928919728654,0.9364553130950363,0.86820426282799,0.8158856890896544,0.8623315717503872,0.6444094477383648,0.09304353379306873,0.0,0.0,0.0,0.0,0.0,0.0,0.0
Simulation,860,0.0,0.0,0.0,0.0,0.0,0.0,0.4406401344306551,0.7784239271323384,1.0632703841798545,0.8510276066151207,0.8639880147206779,0.753603612531105,0.1763947939024128,0.09833009688667971,0.10600946010084475,0.191028404491148,0.0927391863064774,0.0,0.0,0.0,0.0,0.0,0.0,0.0
Simulation,861,0.0,0.0,0.0,0.0,0.0,0.0,0.44319153407394973,0.60359050797293,0.8208862116785336,0.6224044233434186,0.7799553150274485,0.8418516292215277,0.6300820088806242,0.4642579018255962,0.29279765589792645,0.11802840584430616,0.0668445234987063,0.0,0.0,0.0,0.0,0.0,0.0,0.0
Simulation,862,0.0,0.0,0.0,0.0,0.0,0.0,0.2994129094391783,0.6987331220002005,0.9591930414734582,0.591255598493509,0.7713761270016118,0.8419304809306731,0.5459617083393858,0.35165103311890605,0.1707640715635602,0.14089065038870408,0.09773086876675915,0.0,0.0,0.0,0.0,0.0,0.0,0.0
Simulation,863,0.0,0.0,0.0,0.0,0.0,0.0,0.8059272768652106,1.5447211964536658,1.5184152632048078,0.8837129227249332,0.9643857232680753,1.0357593853672988,0.7007945229955548,0.49965525959989043,0.3887903040245519,0.4232180798313804,0.16089313764368793,0.0,0.0,0.0,0.0,0.0,0.0,0.0
Simulation,864,0.0,0.0,0.0,0.0,0.0,0.0,0.3684515935669693,0.29820064477646196,0.24086072651915857,0.08848747537597657,0.14098889305340212,0.19335191987604716,0.16529881634077292,0.0922214066546313,0.08302312539422774,0.03878643304878043,0.048566097065875266,0.0,0.0,0.0,0.0,0.0,0.0,0.0
Simulation,865,0.0,0.0,0.0,0.0,0.0,0.0,0.07085187149715949,0.12166869260469154,0.27758376604699453,0.5526504697151796,0.8656644915343741,1.0821337757911715,0.9849061083158468,0.665906902143443,0.5138636555489113,0.3585361545317158,0.11489403490299369,0.0,0.0,0.0,0.0,0.0,0.0,0.0
Simulation,866,0.0,0.0,0.0,0.0,0.0,0.0,0.6697117110617656,1.4732651808272674,1.4365702467748682,0.9784468608821728,0.9753299758612771,0.9888042260597015,0.7638762527876449,0.6158520368129499,0.5335291764776394,0.45392215994491436,0.12264916181845484,0.0,0.0,0.0,0.0,0.0,0.0,0.0
Simulation,867,0.0,0.0,0.0,0.0,0.0,0.0,0.26862174259325783,0.5877373828811749,0.8973104445126419,0.5501931699709959,0.45493312999205743,0.29400880351194486,0.10532248801030458,0.11159932446005816,0.14899414819029316,0.25731223316624835,0.09214257470749816,0.0,0.0,0.0,0.0,0.0,0.0,0.0
Simulation,868,0.0,0.0,0.0,0.0,0.0,0.0,0.2788774513780033,0.6323788429789272,1.092037298546394,1.5980531278977734,1.5694788161720876,1.521925956455752,0.48955158950849886,0.27882589125665214,0.24636239384221434,0.4051522826196028,0.13922957613283748,0.0,0.0,0.0,0.0,0.0,0.0,0.0
Simulation,869,0.0,0.0,0.0,0.0,0.0,0.0,1.0326716221698529,1.526215747836153,1.4820578947992438,1.3527390031581756,1.3702024503831867,1.4876745911846982,1.4610569266892985,1.3047032524260906,1.1305349541743288,1.052779919511659,0.2063963719788726,0.0,0.0,0.0,0.0,0.0,0.0,0.0
Simulation,870,0.0,0.0,0.0,0.0,0.0,0.0,0.0,0.05149767480604217,0.17855737185339604,0.11748481171310199,0.18906868018628287,0.2508411959777891,0.08741683388781851,0.07107713715401404,0.06787655126676673,0.11040799099884799,0.09500306936109187,0.0,0.0,0.0,0.0,0.0,0.0,0.0
Simulation,871,0.0,0.0,0.0,0.0,0.0,0.0,0.33751674167378254,0.6818723449032222,0.8822449238819902,0.19351188187466756,0.14936188761911917,0.1150610605499881,0.10489505227410878,0.1581301350136381,0.16902621538092977,0.20437490234341454,0.073111038638599,0.0,0.0,0.0,0.0,0.0,0.0,0.0
Simulation,872,0.0,0.0,0.0,0.0,0.0,0.0,0.0,0.026102651622934236,0.1770410394195462,0.37974060752770683,0.47381340304213587,0.42773918343503553,0.32811891579324304,0.4152529920868313,0.41087964735742544,0.6177860320588848,0.1238954694311386,0.0,0.0,0.0,0.0,0.0,0.0,0.0
Simulation,873,0.0,0.0,0.0,0.0,0.0,0.0,0.3159967195899692,0.4926799019248554,0.5521751186658687,0.48208629135577835,0.7992994594527909,0.9893181804515192,0.8424245915863775,0.5643045207896348,0.4186320982019286,0.30473054030591884,0.09224066486812908,0.0,0.0,0.0,0.0,0.0,0.0,0.0
Simulation,874,0.0,0.0,0.0,0.0,0.0,0.0,0.26716811584161215,0.7781051933433332,1.3067948521692228,1.5976484411914096,1.4404498532655272,1.1673389448911977,0.7418787925481183,0.5986236806019168,0.5145875008483893,0.3129971841426432,0.08788963508014967,0.0,0.0,0.0,0.0,0.0,0.0,0.0
Simulation,875,0.0,0.0,0.0,0.0,0.0,0.0,0.14032704677975977,0.7333364247977572,1.1986190591023091,0.9720887421040247,0.919391705806073,0.8928727812104634,0.585113344961875,0.48622089573593147,0.3612070870802808,0.19943249856104517,0.09287231044682678,0.0,0.0,0.0,0.0,0.0,0.0,0.0
Simulation,876,0.0,0.0,0.0,0.0,0.0,0.0,0.26506242982504746,0.6981052452370279,0.9757857621858447,0.6023763406217012,0.8153834964857151,1.0461191786068453,1.0486626891850603,0.6080319784267916,0.32974360886557774,0.11683306095591861,0.09417440189702393,0.0,0.0,0.0,0.0,0.0,0.0,0.0
Simulation,877,0.0,0.0,0.0,0.0,0.0,0.0,0.769400377688183,0.8927076121648143,0.9830056739648168,0.9039447474171436,1.1916078711275757,1.3951544103823883,0.7899088426726035,0.4967616969714942,0.3912343358937768,0.441862445934071,0.12419849120649365,0.0,0.0,0.0,0.0,0.0,0.0,0.0
Simulation,878,0.0,0.0,0.0,0.0,0.0,0.0,0.23540144625609322,0.5879746199041711,0.8111045979901232,0.11119253319227795,0.025560882540318408,0.05647494176325041,0.08756215314298782,0.08218588766567025,0.06581345049104165,0.012171518417199989,0.057285885865459574,0.0,0.0,0.0,0.0,0.0,0.0,0.0
Simulation,879,0.0,0.0,0.0,0.0,0.0,0.0,0.724888879497219,1.2559494696842122,1.137956811880842,0.4700694313390482,0.29896188016153574,0.39169825157702476,0.9747691790830295,0.9457730465976251,0.7220862434464657,0.2973267503750189,0.09398776654543348,0.0,0.0,0.0,0.0,0.0,0.0,0.0
Simulation,880,0.0,0.0,0.0,0.0,0.0,0.0,0.3633765309384356,0.7267153441665937,0.9824871762395788,0.8829304161679387,0.8189267342460601,0.7801161922377824,0.7129256755403983,0.8332365818670638,1.1269288501005037,1.1134705139682244,0.15325747868614698,0.0,0.0,0.0,0.0,0.0,0.0,0.0
Simulation,881,0.0,0.0,0.0,0.0,0.0,0.0,0.006875715014358241,0.21478538869692876,0.6683346989601081,0.16048994416581652,0.05703064140411007,0.07316701555701544,0.08460784190983012,0.10343185918048953,0.09841530483979,0.07638087695311377,0.08797247387857109,0.0,0.0,0.0,0.0,0.0,0.0,0.0
Simulation,882,0.0,0.0,0.0,0.0,0.0,0.0,0.13644117809763778,0.603679297152261,0.9238875350971124,0.3491297323413703,0.45389256122818883,0.5786623815316022,0.4902177113960764,0.35014571399609773,0.1671731928275881,0.08817298987645947,0.08972793625888745,0.0,0.0,0.0,0.0,0.0,0.0,0.0
Simulation,883,0.0,0.0,0.0,0.0,0.0,0.0,0.2731752537400497,0.468928330593309,0.7287545710385508,0.6096126756232014,0.975668947767907,1.1352194446007595,0.4959086305544752,0.1581913784441133,0.07994397142194937,0.09434671858121327,0.09310636129653298,0.0,0.0,0.0,0.0,0.0,0.0,0.0
Simulation,884,0.0,0.0,0.0,0.0,0.0,0.0,0.5262673390545257,1.580184521296244,1.636905173511991,1.3537610445853865,0.8995652789227553,0.8025919594019447,0.7637346438744452,0.7086735366043351,0.5274961122600819,0.19435452149880691,0.08118687496109979,0.0,0.0,0.0,0.0,0.0,0.0,0.0
Simulation,885,0.0,0.0,0.0,0.0,0.0,0.0,0.21951388465553598,0.6149223726600633,0.8811744643686068,0.38906048001632826,0.6555304932264,0.8492725516878742,0.7339085616425832,0.5743188505286531,0.42726919296418686,0.27944346864954794,0.09501543951730738,0.0,0.0,0.0,0.0,0.0,0.0,0.0
Simulation,886,0.0,0.0,0.0,0.0,0.0,0.0,0.08135647492571985,0.0848230315959731,0.1909994011418037,0.38026820007741574,0.5519892366117234,0.7280170822551336,1.091545189048106,1.2156115451862322,1.182242281220264,0.8322738848828911,0.10700079688353123,0.0,0.0,0.0,0.0,0.0,0.0,0.0
Simulation,887,0.0,0.0,0.0,0.0,0.0,0.0,0.20746345930547577,0.5321570140286824,0.8103462167809988,0.5322850204039654,0.7717506359590156,0.9536644881041412,1.0043760668510018,0.6574850700753102,0.4200326396399734,0.23320269520778333,0.09388422025996039,0.0,0.0,0.0,0.0,0.0,0.0,0.0
Simulation,888,0.0,0.0,0.0,0.0,0.0,0.0,0.1957764513999911,0.14277001740498474,0.2407320959853917,0.19379198562458883,0.36771173807164287,0.3856657254954491,0.10682277498755621,0.07120455210157534,0.045988423255317434,0.039816923861225734,0.07876700862620237,0.0,0.0,0.0,0.0,0.0,0.0,0.0
Simulation,889,0.0,0.0,0.0,0.0,0.0,0.0,0.3149793072513271,0.6672003846167012,0.9909922018135613,0.9237352412150357,0.9154912507886298,0.842176713889962,0.6314668723541174,0.5368208944267904,0.5117581189088312,0.4351512086471936,0.0952601098284342,0.0,0.0,0.0,0.0,0.0,0.0,0.0
Simulation,890,0.0,0.0,0.0,0.0,0.0,0.0,0.2666473919668511,0.6252403276455712,1.0032630928767468,1.3404963395873306,1.4068245618773805,1.3569701205831652,0.6329105676609746,0.4654986753295254,0.3711191954655809,0.31261446306319074,0.09408539963642296,0.0,0.0,0.0,0.0,0.0,0.0,0.0
Simulation,891,0.0,0.0,0.0,0.0,0.0,0.0,0.09540241059212107,0.4186600077014813,0.8400689072769422,0.6511654700676937,0.8143246285436799,0.8585474757532213,0.4897936990092428,0.363076285181992,0.3047819228210688,0.5933685439232478,0.17676518125365714,0.0,0.0,0.0,0.0,0.0,0.0,0.0
Simulation,892,0.0,0.0,0.0,0.0,0.0,0.0,0.0348399646991818,0.10079489914953671,0.5044490691641512,0.9881664100632774,1.2406579335940764,1.208537932862054,0.5625364457402957,0.42542015573282876,0.3247056282119088,0.3504717186855237,0.09904734754380612,0.0,0.0,0.0,0.0,0.0,0.0,0.0
Simulation,893,0.0,0.0,0.0,0.0,0.0,0.0,0.19977695440965063,0.4305294982475223,0.7184268770955571,0.3947548569042169,0.4556271321946437,0.5009090680595717,0.4596102960380354,0.36374946113803297,0.2066259886665455,0.10643630615697428,0.0805294117647058,0.0,0.0,0.0,0.0,0.0,0.0,0.0
Simulation,894,0.0,0.0,0.0,0.0,0.0,0.0,0.16573306597455556,0.7766680597620923,1.2589055781091465,0.8285522792995023,0.6788729545682222,0.5658120659191277,0.5451117678588652,0.46550106447509526,0.366045964260968,0.3083795892567294,0.12287352453252604,0.0,0.0,0.0,0.0,0.0,0.0,0.0
Simulation,895,0.0,0.0,0.0,0.0,0.0,0.0,0.29947818953145766,0.5112531299012331,0.7892367653369283,0.7196029723198848,0.8756654716086257,0.9292764320584614,0.7252491655611891,0.5646131391239116,0.5314987504501865,0.6202924943834299,0.16729087647625657,0.0,0.0,0.0,0.0,0.0,0.0,0.0
Simulation,896,0.0,0.0,0.0,0.0,0.0,0.0,0.14024404830686488,0.800528002722101,1.2115623462010874,0.3951188551305182,0.23101456082018013,0.16040268435205418,0.055666418817325425,0.04795009718775578,0.01662482814460997,0.034924266659022485,0.09201826174282876,0.0,0.0,0.0,0.0,0.0,0.0,0.0
Simulation,897,0.0,0.0,0.0,0.0,0.0,0.0,0.09427222701694918,0.20888861006942266,0.47754818830317725,0.30134417938750535,0.4573898035250681,0.6038255368113946,0.5811736432616389,0.47747907229504455,0.35255730643561434,0.25390608679997545,0.09481487082574157,0.0,0.0,0.0,0.0,0.0,0.0,0.0
Simulation,898,0.0,0.0,0.0,0.0,0.0,0.0,0.1992648205784027,0.6162212333374643,0.9708079580611012,0.6947279439370937,0.8333131716694873,0.8612170889720682,0.3596022230664211,0.16534043055094044,0.10062548337398289,0.1225866673957236,0.0931732739761923,0.0,0.0,0.0,0.0,0.0,0.0,0.0
Simulation,899,0.0,0.0,0.0,0.0,0.0,0.0,0.35759427886466155,0.9004690928111645,1.120983851174042,0.8513419459247692,0.9183225067476182,0.9271319169692996,0.5750592363332626,0.4439010844201102,0.2906291802434784,0.2700307614474815,0.11017262651971199,0.0,0.0,0.0,0.0,0.0,0.0,0.0
Simulation,900,0.0,0.0,0.0,0.0,0.0,0.0,0.17164737725475826,0.5024063614671946,0.8961578216393614,0.7977021883861108,0.7744818834318753,0.7890053279301595,0.8044075801665448,0.7351348708162389,0.5177891096370962,0.1229639134809613,0.06535429157024837,0.0,0.0,0.0,0.0,0.0,0.0,0.0
Simulation,901,0.0,0.0,0.0,0.0,0.0,0.0,0.3761459674384113,0.8699189387909159,0.9495950423559517,0.2881271538864485,0.42764129309793236,0.6375722510814053,0.7162465767275766,0.5989628967171967,0.48956375873579866,0.3580792490292441,0.15473410853913033,0.0,0.0,0.0,0.0,0.0,0.0,0.0
Simulation,902,0.0,0.0,0.0,0.0,0.0,0.0,0.2745917771930769,0.5754497831866703,0.8807113019880944,0.6852041246875187,0.8270493580100469,0.8905462154393271,0.5878220660101809,0.43971684256749166,0.22073402770547862,0.1002335317690026,0.07725967229672857,0.0,0.0,0.0,0.0,0.0,0.0,0.0
Simulation,903,0.0,0.0,0.0,0.0,0.0,0.0,0.23352709132578356,0.5864246910976709,0.9264826440221859,0.7720290089283857,0.812310162232686,0.8174824970260492,0.6309593842218476,0.5071398427210182,0.3979316954874419,0.29095633665602844,0.09428853370575062,0.0,0.0,0.0,0.0,0.0,0.0,0.0
Simulation,904,0.0,0.0,0.0,0.0,0.0,0.0,0.2740903503364512,0.17527615164771215,0.19420490497609078,0.17350425866386643,0.5184651214862732,0.7882899291781177,0.5970041629994792,0.4313208464899434,0.20577123602051112,0.11802500838803998,0.09234866561851524,0.0,0.0,0.0,0.0,0.0,0.0,0.0
Simulation,905,0.0,0.0,0.0,0.0,0.0,0.0,0.44047404146672664,0.9768883939655182,1.065759362586717,0.6984394026779852,0.7451295902008702,0.8295228919643555,1.0949983190594332,1.0097865041399219,0.7706098509982615,0.31514641424320805,0.09213918419096379,0.0,0.0,0.0,0.0,0.0,0.0,0.0
Simulation,906,0.0,0.0,0.0,0.0,0.0,0.0,0.6486938606299857,1.2383580607567686,1.23102890765895,0.784728126729511,0.7412669248305762,0.6910747777905633,0.5418292908089978,0.4535282748789982,0.30725710095967596,0.16308427565796718,0.08091380849890373,0.0,0.0,0.0,0.0,0.0,0.0,0.0
Simulation,907,0.0,0.0,0.0,0.0,0.0,0.0,0.20648514600694937,0.45252322313539955,0.7194782906821751,0.3827046788533225,0.36742524263794585,0.3958919110408177,0.5546395241772367,0.4970848778746456,0.4174066640048761,0.281435506720862,0.09209603405593796,0.0,0.0,0.0,0.0,0.0,0.0,0.0
Simulation,908,0.0,0.0,0.0,0.0,0.0,0.0,0.04047772114314924,0.22403463610474506,0.6436589051179297,0.5577345158219837,0.7309432009538128,0.8269673877860952,0.6144862153043016,0.5247700214925314,0.49845774329673853,0.5974284274501402,0.18181694146244629,0.0,0.0,0.0,0.0,0.0,0.0,0.0
Simulation,909,0.0,0.0,0.0,0.0,0.0,0.0,0.07069906359725484,0.5783135661237097,1.1024482793811863,1.0537160605185074,1.0452355588824744,0.9887552851119394,0.5440537663305566,0.4208288229191189,0.28967813839938206,0.31250861409944336,0.14778022093805215,0.0,0.0,0.0,0.0,0.0,0.0,0.0
Simulation,910,0.0,0.0,0.0,0.0,0.0,0.0,0.15949347871516567,0.4971017822081395,0.8942488704131439,0.9232299080861579,1.103938378056272,1.463882131763155,1.619013431285106,1.5385651496642794,1.158879591214945,0.19374007097562523,0.0805294117647058,0.0,0.0,0.0,0.0,0.0,0.0,0.0
Simulation,911,0.0,0.0,0.0,0.0,0.0,0.0,0.26778700066560945,0.32760611085398905,0.515244893355299,0.6225771417142334,0.8616586272152557,0.8847723905261174,0.40466178266212816,0.2727938143783424,0.23361858990090434,0.33972883548987337,0.1040084582334521,0.0,0.0,0.0,0.0,0.0,0.0,0.0
Simulation,912,0.0,0.0,0.0,0.0,0.0,0.0,0.24321453265558585,0.4238111434185996,0.8221104142985175,1.0305686425082452,1.1742791223561362,1.0886233029216683,0.5516065828576292,0.45369729829768546,0.4198604790783943,0.7169399354829662,0.12375204313915493,0.0,0.0,0.0,0.0,0.0,0.0,0.0
Simulation,913,0.0,0.0,0.0,0.0,0.0,0.0,0.08673055362155871,0.37986133908715314,0.7351227336324531,0.23022380186826907,0.1853312870415329,0.17692933231849772,0.365598854527284,0.4183561939935527,0.2866348844515289,0.11628860309810762,0.08253968687435717,0.0,0.0,0.0,0.0,0.0,0.0,0.0
Simulation,914,0.0,0.0,0.0,0.0,0.0,0.0,0.31577326752738116,0.7807918705802006,1.0738555597992017,0.9040419179814773,0.8489142117291522,0.8272574185072318,0.8363631676564866,0.8141712031888135,0.8230255002153535,0.7269556793273961,0.12949238486864953,0.0,0.0,0.0,0.0,0.0,0.0,0.0
Simulation,915,0.0,0.0,0.0,0.0,0.0,0.0,0.17670538022953006,0.44101588213908427,0.8075158631411665,0.5681391280157971,0.5740690745956469,0.577852211599694,0.552013376339993,0.4555693106414532,0.26942560033978113,0.09954003517218288,0.06475930233462615,0.0,0.0,0.0,0.0,0.0,0.0,0.0
Simulation,916,0.0,0.0,0.0,0.0,0.0,0.0,0.48496140801815213,0.4918363899843796,0.6021094221716936,0.608372920209125,0.9295980283253975,0.9896955069097392,0.369634296271803,0.15012496615589033,0.12789799721780695,0.2515176136920702,0.1171576116679956,0.0,0.0,0.0,0.0,0.0,0.0,0.0
Simulation,917,0.0,0.0,0.0,0.0,0.0,0.0,0.16271600228420713,0.19048185008625695,0.264435815194184,0.1366549495768994,0.25135130308663134,0.27794334863173775,0.06382989226500696,0.0008969199171113829,0.014796972947323406,0.06763433380253647,0.09170225432684913,0.0,0.0,0.0,0.0,0.0,0.0,0.0
Simulation,918,0.0,0.0,0.0,0.0,0.0,0.0,0.31446195679067507,0.8977532266141646,1.1449897305995798,0.9186055721308045,1.1097705920741454,1.0866050208249065,0.2939842340629509,0.11449106514407276,0.09060742284687273,0.11887014622063302,0.08039012322796812,0.0,0.0,0.0,0.0,0.0,0.0,0.0
Simulation,919,0.0,0.0,0.0,0.0,0.0,0.0,0.32550909500114644,0.928447527023929,1.2727155047949423,1.5947572546218618,1.4745491540127058,1.3962394512954805,1.4056188754301808,1.3389404761545962,1.3163611665685484,0.9927785251808608,0.15044445884983837,0.0,0.0,0.0,0.0,0.0,0.0,0.0
Simulation,920,0.0,0.0,0.0,0.0,0.0,0.0,0.3155858772163976,1.4770284097342754,1.5753745284771576,1.5818074442829633,1.4432909209332014,1.466848728062372,1.4480717783828565,1.1595267518580412,0.7420283400618233,0.3176465651535956,0.09664532380195967,0.0,0.0,0.0,0.0,0.0,0.0,0.0
Simulation,921,0.0,0.0,0.0,0.0,0.0,0.0,1.1766987834479945,1.6157678948260101,1.624776018528859,1.181754528659606,1.176819890551365,1.496677458082503,1.5567692456275153,1.4122053441524147,1.0349447209668832,0.4732092227043124,0.15125843372783523,0.0,0.0,0.0,0.0,0.0,0.0,0.0
Simulation,922,0.0,0.0,0.0,0.0,0.0,0.0,0.23904313882843053,0.38127634704041125,0.5467388066586032,0.38901240912613233,0.765754020200466,0.8867305502797472,0.4937768086225242,0.2786721949389134,0.1688448888697549,0.25109993282274595,0.11995038686779097,0.0,0.0,0.0,0.0,0.0,0.0,0.0
Simulation,923,0.0,0.0,0.0,0.0,0.0,0.0,0.0928787554392094,1.0651190814778286,1.4736737153147512,0.7642508386448534,0.5030280027421851,0.3859559929443177,0.46564970210697304,0.4556219391131998,0.2984359077064122,0.08864939446041598,0.07075438532648196,0.0,0.0,0.0,0.0,0.0,0.0,0.0
Simulation,924,0.0,0.0,0.0,0.0,0.0,0.0,0.20513622604919604,0.6044275661202988,0.9748789053740421,0.8576931555785755,0.9168611803216535,0.8637331047543402,0.435908256266971,0.3279188046106918,0.26253822167498303,0.39446170440090494,0.15489377891062595,0.0,0.0,0.0,0.0,0.0,0.0,0.0
Simulation,925,0.0,0.0,0.0,0.0,0.0,0.0,0.47151674481461864,0.9304459843094042,1.0379205292528828,0.6744302488935595,0.7927032996352305,0.8572888674804826,0.5516813074598481,0.40695456241233646,0.25580246113472643,0.2986096810049355,0.12246659813902201,0.0,0.0,0.0,0.0,0.0,0.0,0.0
Simulation,926,0.0,0.0,0.0,0.0,0.0,0.0,0.2757223248397147,1.0575644531442778,1.167700522307563,0.2601646453924911,0.3064284592893662,0.44901514876964016,0.3751195399193228,0.2070819718113726,0.08385974727240414,0.03285224692011851,0.08413085830506592,0.0,0.0,0.0,0.0,0.0,0.0,0.0
Simulation,927,0.0,0.0,0.0,0.0,0.0,0.0,0.477929738322042,1.0287732150232862,1.2065033260219025,0.9745514894483446,1.0450209759077214,0.9547959971587865,0.4080375904594773,0.2803783599438575,0.2246742379511079,0.3125129160455452,0.09387973739847986,0.0,0.0,0.0,0.0,0.0,0.0,0.0
Simulation,928,0.0,0.0,0.0,0.0,0.0,0.0,0.1171988691328312,0.28551888225398486,0.6277906828696017,0.6057853810612778,0.778017265192133,0.8579995230781441,0.6315583976806112,0.5100506339566567,0.43414802945662206,0.31278365436868427,0.09482921789862732,0.0,0.0,0.0,0.0,0.0,0.0,0.0
Simulation,929,0.0,0.0,0.0,0.0,0.0,0.0,0.26893203669186994,0.5028440841299472,0.8784629046165434,0.9675621837031876,1.0476325449709347,1.0385763849426868,0.7331081056507509,0.5408960590158061,0.38894751841910874,0.15968663334714714,0.055027392469060576,0.0,0.0,0.0,0.0,0.0,0.0,0.0
Simulation,930,0.0,0.0,0.0,0.0,0.0,0.0,0.13195279922342742,0.14171885887148067,0.2912186064075164,0.5192807771613888,0.6864426167704251,0.7719334405765492,0.6360942440665592,0.5238207187057821,0.4103098741723239,0.21129941231836763,0.0801960784313725,0.0,0.0,0.0,0.0,0.0,0.0,0.0
Simulation,931,0.0,0.0,0.0,0.0,0.0,0.0,0.3416200114384549,1.2742364103175958,1.476284894124185,1.5722430102516602,1.4437253421307858,1.4680551697587352,1.4582076151010872,1.359821755747467,1.1973409219074407,0.8847031829165491,0.15768834857118336,0.0,0.0,0.0,0.0,0.0,0.0,0.0
Simulation,932,0.0,0.0,0.0,0.0,0.0,0.0,0.12124307640493884,0.5591772887278642,0.9659534312050336,0.8387052929058005,0.7413437912665285,0.6297878694625086,0.6204367502017671,0.6367165411969439,0.7108238114070808,0.6197026126285068,0.14377514118013945,0.0,0.0,0.0,0.0,0.0,0.0,0.0
Simulation,933,0.0,0.0,0.0,0.0,0.0,0.0,0.1660775214044859,0.6884870481630394,1.1488330312862796,0.988965683316785,1.022519018559811,1.0414918789605685,0.711772404627947,0.5297597071817999,0.4104018262128936,0.32244001050682675,0.15328568959676803,0.0,0.0,0.0,0.0,0.0,0.0,0.0
Simulation,934,0.0,0.0,0.0,0.0,0.0,0.0,0.34192954289630323,0.6826644180324367,1.0192484714303554,1.3526611779269784,1.152340546371932,0.9471899615187497,0.5334529650828803,0.4605348644053176,0.44331467678587116,0.37050465648693404,0.08089465361940089,0.0,0.0,0.0,0.0,0.0,0.0,0.0
Simulation,935,0.0,0.0,0.0,0.0,0.0,0.0,0.3163245027697557,0.8330917814326898,1.049359982361687,0.5930959967424715,0.5690074345460233,0.48988434840040646,0.1659020620190253,0.08276680315470436,0.06645915512270961,0.037055111015207254,0.05467033564596085,0.0,0.0,0.0,0.0,0.0,0.0,0.0
Simulation,936,0.0,0.0,0.0,0.0,0.0,0.0,0.17417384849516543,0.3717934732252465,0.790333433929534,0.8139916638231166,1.208670085243752,1.5215279793140568,0.9077809925899198,0.47506252663383886,0.2557198645516839,0.20978706009541548,0.10751401201119944,0.0,0.0,0.0,0.0,0.0,0.0,0.0
Simulation,937,0.0,0.0,0.0,0.0,0.0,0.0,0.39655380263657297,0.6642381632315034,1.0012387913085428,1.3861087138009676,1.3413732886920702,1.2647371685417086,0.9959050400488094,0.7488070053884612,0.6331365985409709,0.3158157152973492,0.08120740219985731,0.0,0.0,0.0,0.0,0.0,0.0,0.0
Simulation,938,0.0,0.0,0.0,0.0,0.0,0.0,0.1977812376640175,0.496343216735128,0.7981169899005206,0.3201374061374206,0.2972787530676162,0.25836424512657574,0.26339036774944946,0.3209215452687617,0.27532751095093494,0.3122476532965433,0.1232544947966916,0.0,0.0,0.0,0.0,0.0,0.0,0.0
Simulation,939,0.0,0.0,0.0,0.0,0.0,0.0,0.20245022441326682,0.6212756528532823,0.9904902739533449,0.694506144310699,0.7711258911926038,0.7846192897996218,0.41965031507758277,0.24206060964216128,0.11441979748587269,0.05911291594079143,0.08111156855762915,0.0,0.0,0.0,0.0,0.0,0.0,0.0
Simulation,940,0.0,0.0,0.0,0.0,0.0,0.0,0.15111092032030968,0.5360412062856447,0.9192333157248593,0.7298096344126451,0.8132685836544842,0.8546050178919465,0.6498162641202827,0.5046884744011367,0.393689151658129,0.35268975839565603,0.1639927015797302,0.0,0.0,0.0,0.0,0.0,0.0,0.0
Simulation,941,0.0,0.0,0.0,0.0,0.0,0.0,0.05676706841644508,0.06913733160713509,0.21168904369376518,0.3958545991223034,0.6939276605615541,0.7728522450718621,0.42275125236648803,0.3121804852694904,0.20140853332614764,0.21826432438682208,0.09149163228590532,0.0,0.0,0.0,0.0,0.0,0.0,0.0
Simulation,942,0.0,0.0,0.0,0.0,0.0,0.0,0.11991435351684476,0.20109667880275428,0.43992752482103176,0.30680318205888885,0.4119573041191819,0.40415786886595745,0.316944994811645,0.3329726076478445,0.30787448406168233,0.48744338464129444,0.1532579055963495,0.0,0.0,0.0,0.0,0.0,0.0,0.0
Simulation,943,0.0,0.0,0.0,0.0,0.0,0.0,0.28806885105495766,0.36132863078758604,0.5265148896745087,0.7556087091276473,1.0228750914884823,1.1317943638734702,0.7997811866081355,0.5926660838881003,0.5690411971999892,0.6677391132862969,0.1240313666466951,0.0,0.0,0.0,0.0,0.0,0.0,0.0
Simulation,944,0.0,0.0,0.0,0.0,0.0,0.0,0.7909790101460363,1.2602945626126976,1.178238016807508,0.7125970580528155,0.7237693963864774,0.7538666127767193,0.7102962300142561,0.6367289001332666,0.6705276423242694,0.6989981196180817,0.15339882467788402,0.0,0.0,0.0,0.0,0.0,0.0,0.0
Simulation,945,0.0,0.0,0.0,0.0,0.0,0.0,0.3130708564074814,0.7467553696734992,1.0529579375240041,1.0804672059748988,1.0945425054702547,1.0900024616531412,1.0450183517365907,0.9088715776737092,0.8382044891681932,0.6620542406981078,0.09412065702542921,0.0,0.0,0.0,0.0,0.0,0.0,0.0
Simulation,946,0.0,0.0,0.0,0.0,0.0,0.0,0.8233053611697745,1.1608613711874414,1.145568890773009,0.8481141106773313,0.781138236354824,0.8314774069596462,1.3041571603250663,1.3433567518040117,1.1935328753607066,0.7522681097539776,0.1169557075341072,0.0,0.0,0.0,0.0,0.0,0.0,0.0
Simulation,947,0.0,0.0,0.0,0.0,0.0,0.0,0.19722253470985143,0.552563172802735,0.8919064787002682,0.706915423110018,0.7918960270345415,0.9308069758945902,1.437172635460565,1.3204650751799818,0.9659158928887692,0.35082148453368467,0.09500407402124493,0.0,0.0,0.0,0.0,0.0,0.0,0.0
Simulation,948,0.0,0.0,0.0,0.0,0.0,0.0,0.23759631720613003,0.5355029694733162,0.7975458190170708,0.44121132649979966,0.5098552760000532,0.6306376515345433,0.70033139979344,0.5963978862050645,0.4502896553588167,0.266566153896089,0.09399715494547924,0.0,0.0,0.0,0.0,0.0,0.0,0.0
Simulation,949,0.0,0.0,0.0,0.0,0.0,0.0,0.08556893776858102,0.16943536301626777,0.4424501314568779,0.42746983327648524,0.5548262135418005,0.5450442783363322,0.2798959327431988,0.2214804459585646,0.1498611206681805,0.11674396954253585,0.09198643581999819,0.0,0.0,0.0,0.0,0.0,0.0,0.0
Simulation,950,0.0,0.0,0.0,0.0,0.0,0.0,0.2702502902550207,1.2720724312303526,1.471368514568105,0.9702946579311542,1.0144385451590794,1.1307474754327906,0.927245520336208,0.5942098894950446,0.3612100065240207,0.15271804380766324,0.09412952634987305,0.0,0.0,0.0,0.0,0.0,0.0,0.0
Simulation,951,0.0,0.0,0.0,0.0,0.0,0.0,0.07068073327686661,0.3936706711774902,0.8795162284377678,0.5515596081432713,0.6146549202441685,0.7496603091271883,0.6405158979204256,0.4906592726455187,0.319664862150412,0.18730662476475443,0.10580859702820536,0.0,0.0,0.0,0.0,0.0,0.0,0.0
Simulation,952,0.0,0.0,0.0,0.0,0.0,0.0,0.2467742265559803,0.5775512011870684,0.8881062101371354,0.49811385290115645,0.662104284171033,0.7204997911985298,0.40560143661893433,0.2714745480231556,0.17578318984731373,0.2796464854462439,0.11396136898833242,0.0,0.0,0.0,0.0,0.0,0.0,0.0
Simulation,953,0.0,0.0,0.0,0.0,0.0,0.0,0.04011814155247981,0.07581547079412082,0.13434354244851343,0.00814671668267719,0.0,0.06886301413950702,0.16220754857284247,0.14207589580313568,0.09994899531898116,0.05986884356221564,0.08838975660305953,0.0,0.0,0.0,0.0,0.0,0.0,0.0
Simulation,954,0.0,0.0,0.0,0.0,0.0,0.0,0.2879101990197095,0.8321025210683719,1.041926455959406,0.869820079443327,1.0229772031815274,1.1685204061472272,0.9275483219440557,0.7701546309082326,0.787017101413304,0.9803593571029215,0.2050776538400838,0.0,0.0,0.0,0.0,0.0,0.0,0.0
Simulation,955,0.0,0.0,0.0,0.0,0.0,0.0,0.6805414644879756,0.9185916614364857,0.9882520629903682,0.6601258684233885,0.619278638294475,0.5923936395323086,0.5627420925637479,0.49683742181659785,0.5078912785887923,0.5986807176025843,0.14594454954368008,0.0,0.0,0.0,0.0,0.0,0.0,0.0
Simulation,956,0.0,0.0,0.0,0.0,0.0,0.0,0.23516878041678593,0.6270682832272403,0.9277360303816694,0.38433811843114607,0.5433141895363638,0.6995476790507389,0.4508310544622962,0.23642786446584044,0.10125270580245335,0.05128847203031395,0.09236395688327971,0.0,0.0,0.0,0.0,0.0,0.0,0.0
Simulation,957,0.0,0.0,0.0,0.0,0.0,0.0,0.46261419886298116,1.0816925450378678,1.3115999501752462,1.3543081288896515,1.1872319053617608,1.2057796421867986,1.1339096514884108,0.9439781254367633,0.7817502508758329,0.4240147233880609,0.09313348648681873,0.0,0.0,0.0,0.0,0.0,0.0,0.0
Simulation,958,0.0,0.0,0.0,0.0,0.0,0.0,0.12443579382342956,0.44123266527397986,0.8285646996057124,0.5379524273172699,0.4192316881691357,0.33596218906930614,0.2683644014707518,0.3261970355212131,0.26357825743483076,0.25612984184730325,0.09392522197383027,0.0,0.0,0.0,0.0,0.0,0.0,0.0
Simulation,959,0.0,0.0,0.0,0.0,0.0,0.0,0.09230277908177842,0.27785466202091563,0.7941830056704605,0.6069841929945861,0.3121015204762638,0.16868925299095916,0.2547695732178363,0.33859964075681326,0.20103911274889727,0.040045325217110184,0.03724392006500869,0.0,0.0,0.0,0.0,0.0,0.0,0.0
Simulation,960,0.0,0.0,0.0,0.0,0.0,0.0,0.12582331786460355,0.13433646159092344,0.34540352544412967,0.6019677328824291,0.6938641141816155,0.531898221553248,0.10992269029046908,0.08952211815667299,0.14155593855762266,0.2778032992781505,0.09205213727567026,0.0,0.0,0.0,0.0,0.0,0.0,0.0
Simulation,961,0.0,0.0,0.0,0.0,0.0,0.0,0.25459288866729635,0.733303016949812,1.1072796992846772,0.791275298943339,0.6791033890245811,0.5915083283090866,0.5978418149087121,0.5444768739047166,0.43478954560476374,0.26357573860495226,0.08951039292947506,0.0,0.0,0.0,0.0,0.0,0.0,0.0
Simulation,962,0.0,0.0,0.0,0.0,0.0,0.0,0.060176670147663175,0.1380424663677537,0.4415822969630115,0.28775895163031395,0.38479444161523485,0.28604931981808057,0.046826651987874834,0.0019242009336657984,0.04557815038387519,0.11805450348196006,0.09453957231538332,0.0,0.0,0.0,0.0,0.0,0.0,0.0
Simulation,963,0.0,0.0,0.0,0.0,0.0,0.0,0.2593596621684263,0.5849018029418075,0.9835781812667638,1.3783688442995214,1.4715145984535227,1.4946645711888114,0.9990619861009855,0.574933012075004,0.3761168918686313,0.17070879158639085,0.084403586998534,0.0,0.0,0.0,0.0,0.0,0.0,0.0
Simulation,964,0.0,0.0,0.0,0.0,0.0,0.0,0.07734278229186936,0.14908904138881218,0.3717766019750236,0.6088942208279251,0.7838406412852527,0.858561025029556,0.6484334258278237,0.5529249055039155,0.5157184057156303,0.47972347226897327,0.10711582825355669,0.0,0.0,0.0,0.0,0.0,0.0,0.0
Simulation,965,0.0,0.0,0.0,0.0,0.0,0.0,0.07690387458884365,0.20378330102341907,0.4546853915570517,0.1943925354970406,0.1700688782908425,0.1943379745606726,0.560858519490137,0.5348958245121456,0.41812855990379316,0.16018321424104937,0.08118256600409852,0.0,0.0,0.0,0.0,0.0,0.0,0.0
Simulation,966,0.0,0.0,0.0,0.0,0.0,0.0,0.11240918512485355,0.44913948832216216,0.8642225296715389,0.5291857037244828,0.281443976181153,0.2074073533828924,0.5418428278539279,0.5628252012489586,0.5338755429643821,0.27577150704054554,0.07386366012015062,0.0,0.0,0.0,0.0,0.0,0.0,0.0
Simulation,967,0.0,0.0,0.0,0.0,0.0,0.0,0.27161350451713495,0.6315038180670386,0.945496721563731,0.6865423738764297,0.907979878984828,1.0746850663329288,0.7140568865991281,0.4547140209022737,0.22980668327778928,0.20534407062867632,0.1614631609842116,0.0,0.0,0.0,0.0,0.0,0.0,0.0
Simulation,968,0.0,0.0,0.0,0.0,0.0,0.0,0.14913997452094305,0.27130100613308433,0.516071333152524,0.5199371244367457,0.6303670478702571,0.7832978314097593,1.0046743787092005,0.9855012234723526,0.8341877050195199,0.35963891857979563,0.0931960784313725,0.0,0.0,0.0,0.0,0.0,0.0,0.0
Simulation,969,0.0,0.0,0.0,0.0,0.0,0.0,0.16616578976640117,0.20106346748433146,0.4233507535826516,0.6744140253548921,0.7722872995278767,0.7311034610155217,0.48704881855844484,0.4709706321815047,0.7302798109231439,1.4227556598756124,0.20767821617748408,0.0,0.0,0.0,0.0,0.0,0.0,0.0
Simulation,970,0.0,0.0,0.0,0.0,0.0,0.0,0.11283820832711948,0.14895949895655025,0.37063854937690344,0.6026402285173336,0.5657127346982196,0.38604777191078954,0.219176511058101,0.3357072848174664,0.35707726072966334,0.3492281134963836,0.08924851161642422,0.0,0.0,0.0,0.0,0.0,0.0,0.0
Simulation,971,0.0,0.0,0.0,0.0,0.0,0.0,0.16099819901582285,0.4523433206574605,0.6919341652610406,0.2170990906226763,0.45109174233823557,0.6401162059932117,0.4929154066146227,0.318935409500689,0.15358226497890043,0.10701913662085333,0.0906904652590052,0.0,0.0,0.0,0.0,0.0,0.0,0.0
Simulation,972,0.0,0.0,0.0,0.0,0.0,0.0,0.0706897711468826,0.18254562145228542,0.49562659839699136,0.395856871890674,0.5401283115867358,0.5356904702576439,0.17513162330005716,0.09221133455503233,0.0714347646227621,0.02733137912151362,0.0742305200854057,0.0,0.0,0.0,0.0,0.0,0.0,0.0
Simulation,973,0.0,0.0,0.0,0.0,0.0,0.0,0.32294940043793685,0.5943197818396486,0.88283820300352,0.6657901093885791,0.6962694640720383,0.7111435984814422,0.5988359660601191,0.5072194320925556,0.43003530026137227,0.3224123652855153,0.09392482102015624,0.0,0.0,0.0,0.0,0.0,0.0,0.0
Simulation,974,0.0,0.0,0.0,0.0,0.0,0.0,0.08569975646506314,0.25508173279722884,0.5490275782300393,0.19631823356891936,0.2735153338776225,0.2913364285855814,0.16625994991576526,0.13633375279107396,0.13162533115578423,0.17741895432028787,0.11019341694436241,0.0,0.0,0.0,0.0,0.0,0.0,0.0
Simulation,975,0.0,0.0,0.0,0.0,0.0,0.0,0.26896919541640896,0.748451100859761,1.036955962076511,0.7187385489813786,0.9560926378552336,1.0792410216535249,0.6484067376600208,0.46491603717256863,0.3760480984325782,0.7266977226943812,0.2076108587140473,0.0,0.0,0.0,0.0,0.0,0.0,0.0
Simulation,976,0.0,0.0,0.0,0.0,0.0,0.0,0.0,0.016134999474024303,0.04844608027478403,0.11697603058913542,0.147715963617575,0.23902056363972668,0.4699800150472097,0.46431602983505676,0.4188792576628361,0.32872115430112947,0.0936458203802352,0.0,0.0,0.0,0.0,0.0,0.0,0.0
Simulation,977,0.0,0.0,0.0,0.0,0.0,0.0,0.08970805194928236,0.20352808163812874,0.5063449696533087,0.6588332078152428,0.8122836421113679,0.935953818770731,1.0111525276186535,0.819445002251064,0.6801019650525175,0.35762160467085913,0.10258694327305269,0.0,0.0,0.0,0.0,0.0,0.0,0.0
Simulation,978,0.0,0.0,0.0,0.0,0.0,0.0,0.2874696907341547,0.7199650257715609,1.0005068334286435,0.7647500083059626,0.882694470105689,0.9311705060920077,0.5950269881585126,0.46305905169559225,0.35085188772935727,0.3071042362320431,0.10174323139829122,0.0,0.0,0.0,0.0,0.0,0.0,0.0
Simulation,979,0.0,0.0,0.0,0.0,0.0,0.0,0.31475201255684887,0.6088104271712507,0.8809222110914395,0.591981516092043,0.5843063281828524,0.563084563337272,0.5691026669912147,0.5070612209341944,0.49438967911956555,0.40894599112258645,0.09409105136632682,0.0,0.0,0.0,0.0,0.0,0.0,0.0
Simulation,980,0.0,0.0,0.0,0.0,0.0,0.0,0.3132273637153583,0.7563554632559569,1.0181224973360494,0.7025354521422938,0.7760124048304428,0.8019062887990787,0.47986406765941925,0.2770133216822499,0.13736178743307978,0.0967379438038252,0.08921319541531898,0.0,0.0,0.0,0.0,0.0,0.0,0.0
Simulation,981,0.0,0.0,0.0,0.0,0.0,0.0,0.2083991405368009,0.2066431099610999,0.4478249925244604,0.6741568778744372,0.8621729542797598,0.889668308724681,0.5601749661661422,0.4400195576028844,0.3173771848126802,0.29083400336642456,0.0927124600397474,0.0,0.0,0.0,0.0,0.0,0.0,0.0
Simulation,982,0.0,0.0,0.0,0.0,0.0,0.0,0.47409299438434005,0.6826557463514216,0.9070541535657265,0.42263276604599376,0.3247673011705953,0.2044747988002774,0.16034311875155982,0.1783282080515567,0.19076498248379517,0.29955854467832094,0.09203397900002656,0.0,0.0,0.0,0.0,0.0,0.0,0.0
Simulation,983,0.0,0.0,0.0,0.0,0.0,0.0,0.43465362880899927,1.0936599707339854,1.2959519033000635,1.053556482613833,0.9738297448542073,0.9206652466291284,0.7775888453516668,0.6986495211926934,0.6771131682381724,0.4240110890474994,0.0931874495277375,0.0,0.0,0.0,0.0,0.0,0.0,0.0
Simulation,984,0.0,0.0,0.0,0.0,0.0,0.0,0.5269587324124672,0.9070777752084733,1.1004441227792334,1.2488250920950348,1.4870083238050513,1.5744236468201367,1.523118952976509,1.3055706807455287,0.8931476641161673,0.46229550026069666,0.09873099674008126,0.0,0.0,0.0,0.0,0.0,0.0,0.0
Simulation,985,0.0,0.0,0.0,0.0,0.0,0.0,0.2237648951925638,0.5807668065802573,0.9024884310886138,0.6976953972622867,0.7584473141431352,0.7895789857257867,0.6243609868586764,0.537461793604925,0.42479692753117987,0.2096057295455485,0.08404122587561548,0.0,0.0,0.0,0.0,0.0,0.0,0.0
Simulation,986,0.0,0.0,0.0,0.0,0.0,0.0,0.45096688601500223,0.3283032993093503,0.4784701473608655,0.7932907250190944,0.9904165878864548,0.9540155314096783,0.5950389180700821,0.4691170843590373,0.3888288203956156,0.307454094056059,0.0805294117647058,0.0,0.0,0.0,0.0,0.0,0.0,0.0
Simulation,987,0.0,0.0,0.0,0.0,0.0,0.0,0.2665352263102761,0.44099672664048806,0.726198245941118,0.8073987175188158,1.014831857575321,1.0522521076281242,0.7537561685398771,0.6338133456299645,0.7068823962271888,0.7552044452907376,0.12354946323844379,0.0,0.0,0.0,0.0,0.0,0.0,0.0
Simulation,988,0.0,0.0,0.0,0.0,0.0,0.0,0.05320638826477311,0.19943910245462187,0.5459966851637661,0.2185060837563464,0.21774769082125045,0.17110223482725007,0.1861123051825121,0.22451699803105707,0.16041492472988164,0.11800713683124062,0.09212932809380221,0.0,0.0,0.0,0.0,0.0,0.0,0.0
Simulation,989,0.0,0.0,0.0,0.0,0.0,0.0,0.0802282192396282,0.24457193361049667,0.5748280994503447,0.33760708725024885,0.3052842799089994,0.26272102924605045,0.34831797924677943,0.450259171658516,0.449666840745657,0.5294494976870643,0.12506432547770335,0.0,0.0,0.0,0.0,0.0,0.0,0.0
Simulation,990,0.0,0.0,0.0,0.0,0.0,0.0,0.2437095843296968,0.68142712168183,1.0603746943225958,1.1787659432206463,1.1004554369727395,1.08130931970383,0.815581475699414,0.6649552872245752,0.6030170967146617,0.36850655663843457,0.09335446929190433,0.0,0.0,0.0,0.0,0.0,0.0,0.0
Simulation,991,0.0,0.0,0.0,0.0,0.0,0.0,0.175290524680685,0.41820293197995306,0.8144564001469934,0.8945923465150474,1.0006121140907391,1.0613129208477283,1.1304421622316374,1.0373917108050072,0.8923044415546426,0.5226738528173297,0.09749305510714977,0.0,0.0,0.0,0.0,0.0,0.0,0.0
Simulation,992,0.0,0.0,0.0,0.0,0.0,0.0,0.2642391803783572,0.45932669011648714,0.7918983569849875,0.5525008921354043,0.7600724095226283,0.7534599829152309,0.1699166354651931,0.07287214221424748,0.06624000551071763,0.11787144623985021,0.09314463998479876,0.0,0.0,0.0,0.0,0.0,0.0,0.0
Simulation,993,0.0,0.0,0.0,0.0,0.0,0.0,0.08800858019536525,0.347260298445143,0.790238639161503,0.4983821370960857,0.34096980766227275,0.2538706579985054,0.32854253197464944,0.40290512514538296,0.3310416379637107,0.2636488483722773,0.08995846711979785,0.0,0.0,0.0,0.0,0.0,0.0,0.0
Simulation,994,0.0,0.0,0.0,0.0,0.0,0.0,0.2712936072911878,0.7687935913434503,1.0071148678943687,0.4725317469712042,0.4092460671874054,0.34118324158186536,0.11536567742511206,0.11417620554583852,0.14147506581253336,0.2978839414884948,0.13762587162229858,0.0,0.0,0.0,0.0,0.0,0.0,0.0
Simulation,995,0.0,0.0,0.0,0.0,0.0,0.0,0.10336774606807195,0.23810831728995713,0.4961337782816114,0.28803633818597785,0.6753413127445533,0.8424429389748087,0.4883284859417749,0.23649082798389148,0.12131706103660814,0.11744501995058435,0.12433655653354614,0.0,0.0,0.0,0.0,0.0,0.0,0.0
Simulation,996,0.0,0.0,0.0,0.0,0.0,0.0,0.1450389531135343,0.13380881793475013,0.25963706423610744,0.5930432422791259,0.816272483090917,0.8523939216874524,0.5611526454962671,0.48979090512182333,0.5614965095603581,0.8049469603737922,0.1525232888279653,0.0,0.0,0.0,0.0,0.0,0.0,0.0
Simulation,997,0.0,0.0,0.0,0.0,0.0,0.0,0.03362190364633433,0.14816806546827765,0.31108254447122663,0.14717222951335096,0.23330829072630543,0.3854495844149086,0.4472619154546032,0.4096810260802757,0.28985760486820644,0.27077546965638133,0.12387981034517162,0.0,0.0,0.0,0.0,0.0,0.0,0.0
Simulation,998,0.0,0.0,0.0,0.0,0.0,0.0,0.17286451978435685,0.5647769241653238,0.932330913455234,0.7347091991125111,0.7574594096888884,0.7451043309886405,0.6442376139201051,0.5473840024662111,0.4219173977712968,0.2762587017313307,0.08238133667745366,0.0,0.0,0.0,0.0,0.0,0.0,0.0
Simulation,999,0.0,0.0,0.0,0.0,0.0,0.0,0.28992603005643186,0.6535756960754893,0.9377137977594725,0.603009059866131,0.5687000885250666,0.5273106133329946,0.4151303790255325,0.35730130234216795,0.25655773429804773,0.2599360548173773,0.09319446627373562,0.0,0.0,0.0,0.0,0.0,0.0,0.0
Simulation,1000,0.0,0.0,0.0,0.0,0.0,0.0,0.1534963833042765,0.2507994543422151,0.5668363121233454,0.5520893500726108,0.551091002026953,0.5631612177362895,0.5312738563752433,0.44519874241729346,0.26375971470201875,0.09713026509408224,0.07324023173909652,0.0,0.0,0.0,0.0,0.0,0.0,0.0
