function solarprofile = ex_solar_profilesh1
%EX_WIND_PROFILE_D  Example wind_load_nyiso profile data for deterministic unit commitment.
% 2022.03.12
% Andres F. Ramirez


%% define constants
[GEN_BUS, PG, QG, QMAX, QMIN, VG, MBASE, GEN_STATUS, PMAX, PMIN, ...
    MU_PMAX, MU_PMIN, MU_QMAX, MU_QMIN, PC1, PC2, QC1MIN, QC1MAX, ...
    QC2MIN, QC2MAX, RAMP_AGC, RAMP_10, RAMP_30, RAMP_Q, APF] = idx_gen;
[CT_LABEL, CT_PROB, CT_TABLE, CT_TBUS, CT_TGEN, CT_TBRCH, CT_TAREABUS, ...
    CT_TAREAGEN, CT_TAREABRCH, CT_ROW, CT_COL, CT_CHGTYPE, CT_REP, ...
    CT_REL, CT_ADD, CT_NEWVAL, CT_TLOAD, CT_TAREALOAD, CT_LOAD_ALL_PQ, ...
    CT_LOAD_FIX_PQ, CT_LOAD_DIS_PQ, CT_LOAD_ALL_P, CT_LOAD_FIX_P, ...
    CT_LOAD_DIS_P, CT_TGENCOST, CT_TAREAGENCOST, CT_MODCOST_F, ...
    CT_MODCOST_X] = idx_ct;

solarprofile = struct( ...
    'type', 'mpcData', ...
    'table', CT_TGEN, ...
    'rows', [1:12], ...
    'col', PMAX, ...
    'chgtype', 1, ...
    'values', [] );
solarprofile.values(:,1,:) = [
	0.0 0.0 0.0 0.0 0.0 0.0 0.0 0.0 0.0 0.0 0.0 0.0;
	0.0 0.0 0.0 0.0 0.0 0.0 0.0 0.0 0.0 0.0 0.0 0.0;
	0.0 0.0 0.0 0.0 0.0 0.0 0.0 0.0 0.0 0.0 0.0 0.0;
	0.0 0.0 0.0 0.0 0.0 0.0 0.0 0.0 0.0 0.0 0.0 0.0;
	0.0 0.0 0.0 0.0 0.0 0.0 0.0 0.0 0.0 0.0 0.0 0.0;
	0.0098 0.0 0.0052 0.0 0.0 0.0 0.0 0.0 0.0 0.0 0.0 0.0;
	9.0171 6.5075 4.8451 2.9334 7.5318 19.9884 2.4985 25.504 70.3144 72.8726 44.5347 131.9728;
	24.1239 16.1611 13.4924 6.257 10.6508 224.891 28.1114 71.4347 119.1593 264.842 192.9558 479.6304;
	26.4832 16.8995 14.2056 8.5956 11.4606 375.6395 46.9549 73.7555 156.2047 325.7345 221.1339 589.9071;
	26.5583 16.6167 13.8079 11.1085 7.7267 359.6167 44.9521 57.296 196.2398 264.0472 219.7009 478.191;
	26.334 16.6083 13.8 11.409 9.8035 375.0568 46.8821 47.768 217.4981 290.8175 251.5017 526.6723;
	26.2726 16.5424 13.8 11.3009 10.0952 377.0286 47.1286 48.7422 218.9935 301.7517 254.4937 546.4741;
	26.4841 16.6172 13.8 7.9274 7.7056 383.51 47.9388 70.4023 167.6564 158.6053 178.4686 287.2351;
	24.121 16.8003 13.8 7.0112 4.3305 382.234 47.7792 74.2775 122.9368 88.2471 87.4324 159.8161;
	19.1207 16.5337 11.2827 4.9943 1.5487 359.7615 44.9702 73.3455 83.9097 40.3899 32.1553 73.1463;
	7.6623 8.5063 3.6836 4.5991 0.1925 236.0495 29.5062 48.8252 52.694 25.7272 15.7735 46.5921;
	0.7794 0.7404 0.4197 1.3009 2.3967 59.1377 7.3922 9.2564 21.432 22.3639 19.1581 40.5012;
	0.0 0.0 0.0 0.0 0.0 0.0 0.0 0.0 0.0 0.0 0.0 0.0;
	0.0 0.0 0.0 0.0 0.0 0.0 0.0 0.0 0.0 0.0 0.0 0.0;
	0.0 0.0 0.0 0.0 0.0 0.0 0.0 0.0 0.0 0.0 0.0 0.0;
	0.0 0.0 0.0 0.0 0.0 0.0 0.0 0.0 0.0 0.0 0.0 0.0;
	0.0 0.0 0.0 0.0 0.0 0.0 0.0 0.0 0.0 0.0 0.0 0.0;
	0.0 0.0 0.0 0.0 0.0 0.0 0.0 0.0 0.0 0.0 0.0 0.0;
	0.0 0.0 0.0 0.0 0.0 0.0 0.0 0.0 0.0 0.0 0.0 0.0;
];
