function windprofile = ex_wind_profilesh1
%EX_WIND_PROFILE_D  Example wind_load_nyiso profile data for deterministic unit commitment.
% 2022.03.12
% Andres F. Ramirez


%% define constants
[GEN_BUS, PG, QG, QMAX, QMIN, VG, MBASE, GEN_STATUS, PMAX, PMIN, ...
    MU_PMAX, MU_PMIN, MU_QMAX, MU_QMIN, PC1, PC2, QC1MIN, QC1MAX, ...
    QC2MIN, QC2MAX, RAMP_AGC, RAMP_10, RAMP_30, RAMP_Q, APF] = idx_gen;
[CT_LABEL, CT_PROB, CT_TABLE, CT_TBUS, CT_TGEN, CT_TBRCH, CT_TAREABUS, ...
    CT_TAREAGEN, CT_TAREABRCH, CT_ROW, CT_COL, CT_CHGTYPE, CT_REP, ...
    CT_REL, CT_ADD, CT_NEWVAL, CT_TLOAD, CT_TAREALOAD, CT_LOAD_ALL_PQ, ...
    CT_LOAD_FIX_PQ, CT_LOAD_DIS_PQ, CT_LOAD_ALL_P, CT_LOAD_FIX_P, ...
    CT_LOAD_DIS_P, CT_TGENCOST, CT_TAREAGENCOST, CT_MODCOST_F, ...
    CT_MODCOST_X] = idx_ct;

windprofile = struct( ...
    'type', 'mpcData', ...
    'table', CT_TGEN, ...
    'rows', [1:45], ...
    'col', PMAX, ...
    'chgtype', 1, ...
    'values', [] );
windprofile.values(:,1,:) = [
	3.5844 48.4335 87.8407 105.8553 14.2601 32.2926 28.2842 18.605 27.4292 27.8943 51.5622 76.9206 115.8035 66.258 190.62 71.815 89.1038 94.4234 32.8885 70.35 9.4281 75.3493 71.391 86.8133 102.6736 74.4579 14.0315 1126.8634 706.6574 706.6574 623.0964 114.8114 109.6283 181.0812 207.7278 301.5072 1167.4413 226.2904 442.6003 275.0187 121.5378 358.2321 135.7136 265.1239 1179.6021;
	3.5543 48.027 88.1517 114.6481 13.996 31.9736 28.8008 18.188 26.5279 28.1497 52.0344 77.625 116.864 67.5173 186.5638 70.2868 87.2077 92.4142 24.712 72.0845 9.6003 74.6051 69.9093 86.424 100.2047 71.6898 13.2989 1126.0153 706.0584 706.0584 592.8921 112.7558 82.3733 185.5457 211.676 301.2516 1163.4861 215.3854 441.4327 268.4054 123.4249 354.6942 127.7637 266.4651 1175.6058;
	3.5116 47.4496 89.878 62.5112 14.0391 32.3904 28.0577 18.1562 26.2453 28.9322 53.4807 79.7827 120.1124 66.4156 194.0777 73.1176 90.72 96.1362 28.2276 72.0576 9.3526 75.5776 71.821 87.0782 102.4647 72.886 13.5883 1148.3701 703.139 703.139 588.8566 112.3239 94.0921 185.4766 208.2218 300.006 1205.6474 218.4367 433.8054 274.4589 123.6553 359.3173 133.25 274.3056 1218.2062;
	3.6068 48.7351 90.7847 84.1949 14.0604 32.994 28.2469 18.077 26.7995 29.4313 54.4034 81.1592 122.1847 68.2442 198.3972 74.745 92.7392 98.2758 41.5143 71.7001 9.4156 76.9859 66.9564 85.4662 100.4702 73.6692 13.3817 1199.5072 728.3872 728.3872 577.1657 103.59 138.3809 184.5562 213.9547 310.7785 1149.4128 244.5649 446.1859 269.1167 122.3638 366.0132 173.648 273.6103 1161.3858;
	2.8876 39.0174 89.7524 117.6286 13.9538 31.9271 23.434 18.2036 26.5723 29.2703 54.1057 80.715 121.516 67.1132 199.9548 75.3318 93.4673 99.0474 79.9204 71.1057 7.8113 74.4966 59.9661 85.8823 101.3974 74.2264 13.0773 1127.9507 657.5139 657.5139 548.1605 99.2518 266.4014 183.0263 210.409 280.5393 1160.1339 240.2773 431.182 271.6002 120.5944 354.1779 171.5803 272.6704 1172.2186;
	3.5621 48.1323 91.0794 117.4624 14.0699 32.766 25.9451 18.8052 26.0757 29.8178 55.1178 82.2249 123.7891 65.7067 198.3753 74.7367 92.7289 98.265 88.8369 71.4289 8.6484 76.4541 72.2372 88.2823 104.9711 74.5965 13.463 1131.2589 678.2613 678.2613 503.3371 96.6432 296.1232 183.8582 205.9995 289.3915 1051.9831 222.3466 405.2197 281.1727 117.3579 363.4846 183.9212 275.4112 1062.9412;
	3.589 48.495 92.1358 118.1353 13.9979 32.7708 27.2466 18.582 26.9221 29.9105 55.2891 82.4805 124.1739 67.534 197.5176 74.4136 92.328 97.8401 88.5201 71.9263 9.0822 76.4651 74.0698 87.1304 103.8444 75.7167 13.238 1145.8405 716.0353 716.0353 576.6723 93.2095 295.0669 185.1386 211.7282 305.5084 1098.8168 251.6678 440.3856 278.1546 118.8629 363.5371 191.7766 275.7933 1110.2628;
	3.7152 50.2001 91.8355 119.2663 14.5825 33.8296 28.1177 18.2052 27.8411 29.0987 53.7885 80.2419 120.8037 68.8091 203.5187 76.6745 95.1331 100.8127 87.9579 72.2875 9.3726 78.9357 73.1008 86.3853 104.7356 74.4049 13.0656 1121.3706 705.0919 705.0919 556.6657 76.8387 293.193 186.0683 215.7259 300.8392 1122.9669 243.6322 460.1084 280.5419 118.4626 375.2831 197.1764 274.516 1134.6645;
	3.819 51.6025 95.0398 119.9306 14.7297 34.3139 28.9015 17.8473 27.6988 29.3865 54.3205 81.0355 121.9985 68.2631 204.8491 77.1757 95.755 101.4718 86.6557 72.2076 9.6338 80.0658 71.5191 88.4433 104.5678 73.7862 13.0664 1155.7701 768.8315 768.8315 602.4854 76.1608 288.8524 185.8624 214.014 328.0348 1198.2744 272.4979 464.9821 280.0923 120.3785 380.6557 183.9586 284.1531 1210.7564;
	3.7849 51.1428 93.3387 117.0088 15.1635 33.9537 29.4544 18.2648 27.9265 30.45 56.2864 83.9682 126.4136 67.9705 200.7659 75.6374 93.8464 99.4491 87.6416 70.2557 9.8181 79.2254 71.5272 87.4202 103.0133 74.3983 13.154 1110.0021 750.5203 750.5203 663.1287 84.9513 292.1385 180.8384 213.0968 320.222 1164.7638 287.5822 469.9283 275.9286 118.9489 376.6603 169.8526 277.0984 1176.8967;
	3.8869 52.5209 92.5866 115.7062 15.0496 33.6107 26.7232 18.7145 27.3494 30.7331 56.8096 84.7488 127.5888 66.1518 196.9401 74.196 92.058 97.554 85.3715 70.3502 8.9077 78.425 73.9035 84.9896 102.0677 72.7359 13.5243 1066.5695 716.0944 716.0944 608.0231 84.9007 284.5716 181.0815 207.3948 305.5336 1039.7857 292.2679 466.0113 273.3957 121.9888 372.855 173.9912 276.7331 1050.6168;
	3.7978 51.3163 89.9179 114.6199 14.3085 32.0996 25.4635 18.5617 27.7268 30.6838 56.7186 84.6129 127.3843 66.8424 197.566 74.4318 92.3506 97.8641 85.6263 69.6758 8.4878 74.8992 73.6081 84.2462 103.2214 72.1159 13.2461 981.7981 716.5148 716.5148 593.9169 91.978 285.4209 179.3457 209.5601 305.713 1032.3712 274.0753 462.8784 276.4858 120.9014 356.0921 180.4931 272.776 1043.1251;
	3.789 51.1978 88.3564 116.2304 14.3824 32.2252 28.6698 18.5416 28.0848 30.4236 56.2375 83.8953 126.304 66.3343 199.2335 75.0601 93.1301 98.6901 83.9575 71.0212 9.5566 75.1922 74.0482 87.7895 102.1151 72.8287 13.4341 990.3188 729.1301 729.1301 628.0155 91.2968 279.8583 182.8087 207.9668 311.0955 954.6716 276.9719 470.656 273.5227 117.2634 357.485 157.8487 264.4138 964.6161;
	3.8835 52.4749 91.7415 120.2357 14.9203 33.0285 29.745 18.8169 28.0752 29.6576 54.8216 81.783 123.1239 66.8896 198.5577 74.8055 92.8142 98.3553 89.5951 71.0104 9.915 77.0664 72.6915 88.7245 105.7221 72.8584 13.6048 1109.7037 712.2532 712.2532 689.3762 95.8964 298.6502 182.7809 209.7081 303.8947 1051.6758 306.8875 477.1236 283.1842 121.1717 366.3958 158.5357 275.6255 1062.6308;
	3.8794 52.4188 93.984 120.5825 15.0498 33.3057 27.8416 18.9164 28.1089 30.4838 56.3489 84.0615 126.5541 67.1453 195.0704 73.4916 91.1841 96.6279 88.2243 70.2183 9.2805 77.7134 72.8986 89.6569 105.6796 74.1915 13.6043 1071.1242 742.8252 742.8252 687.7015 96.7934 294.081 180.7422 210.5097 316.9387 990.6475 313.734 478.4132 283.0703 122.7735 369.4716 176.3842 270.0744 1000.9667;
	3.8917 52.5853 94.5324 118.4112 14.9831 34.1539 28.0229 18.3507 27.276 29.9068 55.2823 82.4703 124.1586 67.366 199.9575 75.3328 93.4685 99.0487 86.6931 70.083 9.341 79.6925 73.5283 88.0827 104.3556 74.8463 13.5286 1145.25 763.4331 763.4331 663.6035 103.503 288.9769 180.3939 211.2017 325.7314 1059.9384 307.0641 477.1879 279.5239 122.4641 378.881 181.352 274.447 1070.9795;
	3.7651 50.8751 94.1888 119.3588 15.1786 34.075 27.0571 17.7382 27.7594 30.1556 55.7421 83.1562 125.1912 65.2607 199.5902 75.1944 93.2968 98.8668 87.1491 70.5657 9.019 79.5084 73.2537 88.9658 103.9172 73.3408 12.5022 1084.7583 733.065 733.065 653.5888 90.2393 290.4969 181.6362 204.601 312.7744 1089.2442 288.0402 479.4224 278.3496 122.3408 378.0055 181.8263 244.9815 1100.5905;
	3.8543 52.0806 92.7949 116.9349 15.3652 33.2473 27.7189 14.5854 27.8471 30.0445 55.5368 82.8499 124.7301 64.8269 194.2225 73.1722 90.7877 96.2079 83.9306 67.6777 9.2396 77.577 71.3023 87.3717 101.5161 70.3778 11.0978 1151.5853 685.0119 685.0119 644.1407 87.2934 279.7687 174.2026 203.2411 292.2718 1077.7988 291.1489 479.9143 271.9181 122.9538 368.823 189.9797 255.4534 1089.0258;
