function solarprofile = ex_solar_profilesh1
%EX_WIND_PROFILE_D  Example wind_load_nyiso profile data for deterministic unit commitment.
% 2022.03.12
% Andres F. Ramirez


%% define constants
[GEN_BUS, PG, QG, QMAX, QMIN, VG, MBASE, GEN_STATUS, PMAX, PMIN, ...
    MU_PMAX, MU_PMIN, MU_QMAX, MU_QMIN, PC1, PC2, QC1MIN, QC1MAX, ...
    QC2MIN, QC2MAX, RAMP_AGC, RAMP_10, RAMP_30, RAMP_Q, APF] = idx_gen;
[CT_LABEL, CT_PROB, CT_TABLE, CT_TBUS, CT_TGEN, CT_TBRCH, CT_TAREABUS, ...
    CT_TAREAGEN, CT_TAREABRCH, CT_ROW, CT_COL, CT_CHGTYPE, CT_REP, ...
    CT_REL, CT_ADD, CT_NEWVAL, CT_TLOAD, CT_TAREALOAD, CT_LOAD_ALL_PQ, ...
    CT_LOAD_FIX_PQ, CT_LOAD_DIS_PQ, CT_LOAD_ALL_P, CT_LOAD_FIX_P, ...
    CT_LOAD_DIS_P, CT_TGENCOST, CT_TAREAGENCOST, CT_MODCOST_F, ...
    CT_MODCOST_X] = idx_ct;

solarprofile = struct( ...
    'type', 'mpcData', ...
    'table', CT_TGEN, ...
    'rows', [1:12], ...
    'col', PMAX, ...
    'chgtype', 1, ...
    'values', [] );
solarprofile.values(:,1,:) = [
	0.0 0.0 0.0 0.0 0.0 0.0 0.0 0.0 0.0 0.0 0.0 0.0;
	0.0 0.0 0.0 0.0 0.0 0.0 0.0 0.0 0.0 0.0 0.0 0.0;
	0.0 0.0 0.0 0.0 0.0 0.0 0.0 0.0 0.0 0.0 0.0 0.0;
	0.0 0.0 0.0 0.0 0.0 0.0 0.0 0.0 0.0 0.0 0.0 0.0;
	0.0 0.0 0.0 0.0 0.0 0.0 0.0 0.0 0.0 0.0 0.0 0.0;
	0.0 0.0 0.002 0.0 0.0 0.0 0.0 0.0 0.0 0.0 0.0 0.0;
	7.0577 6.3162 2.823 7.7241 4.9733 331.8453 41.4807 60.4152 174.6396 67.4557 39.9584 122.1627;
	17.0955 13.6616 11.006 10.1075 5.4797 435.9963 54.4995 76.7926 217.9848 186.8106 114.5805 338.3151;
	23.4949 16.6029 13.817 11.0552 7.6796 448.0597 56.0075 78.1089 250.0859 308.6114 176.9432 558.897;
	27.1097 16.6464 14.2524 11.2844 8.1008 405.9752 50.7469 73.6548 283.6788 234.1642 159.6528 424.0728;
	27.2868 16.7815 14.2831 11.652 11.3352 417.9855 52.2482 73.2642 294.3209 282.9105 212.4133 512.3525;
	27.1064 16.6574 14.0882 11.8492 12.8868 442.8187 55.3523 74.9624 292.2169 303.7215 222.932 550.0415;
	26.2183 15.6603 13.7401 11.9181 12.7438 478.4288 59.8036 79.5644 263.5098 226.4579 186.9813 410.1166;
	19.3409 10.0931 13.0896 11.7531 11.6799 483.8449 60.4806 79.4846 213.2717 182.5645 152.8577 330.6253;
	11.2437 2.1267 7.7105 10.5953 10.1943 452.7937 56.5992 76.5225 164.5675 111.3622 99.4723 201.6776;
	5.4212 1.1275 4.3444 8.6371 5.9341 214.563 26.8204 42.3996 32.9812 28.5346 22.9927 51.6764;
	0.6975 0.5839 0.3948 1.9948 2.8342 46.1763 5.772 8.4444 19.6185 21.3566 19.3461 38.6769;
	0.0 0.0 0.0 0.0 0.0 0.0 0.0 0.0 0.0 0.0 0.0 0.0;
	0.0 0.0 0.0 0.0 0.0 0.0 0.0 0.0 0.0 0.0 0.0 0.0;
	0.0 0.0 0.0 0.0 0.0 0.0 0.0 0.0 0.0 0.0 0.0 0.0;
	0.0 0.0 0.0 0.0 0.0 0.0 0.0 0.0 0.0 0.0 0.0 0.0;
	0.0 0.0 0.0 0.0 0.0 0.0 0.0 0.0 0.0 0.0 0.0 0.0;
	0.0 0.0 0.0 0.0 0.0 0.0 0.0 0.0 0.0 0.0 0.0 0.0;
	0.0 0.0 0.0 0.0 0.0 0.0 0.0 0.0 0.0 0.0 0.0 0.0;
];
