function solarprofile = ex_solar_profilesh1
%EX_WIND_PROFILE_D  Example wind_load_nyiso profile data for deterministic unit commitment.
% 2022.03.12
% Andres F. Ramirez


%% define constants
[GEN_BUS, PG, QG, QMAX, QMIN, VG, MBASE, GEN_STATUS, PMAX, PMIN, ...
    MU_PMAX, MU_PMIN, MU_QMAX, MU_QMIN, PC1, PC2, QC1MIN, QC1MAX, ...
    QC2MIN, QC2MAX, RAMP_AGC, RAMP_10, RAMP_30, RAMP_Q, APF] = idx_gen;
[CT_LABEL, CT_PROB, CT_TABLE, CT_TBUS, CT_TGEN, CT_TBRCH, CT_TAREABUS, ...
    CT_TAREAGEN, CT_TAREABRCH, CT_ROW, CT_COL, CT_CHGTYPE, CT_REP, ...
    CT_REL, CT_ADD, CT_NEWVAL, CT_TLOAD, CT_TAREALOAD, CT_LOAD_ALL_PQ, ...
    CT_LOAD_FIX_PQ, CT_LOAD_DIS_PQ, CT_LOAD_ALL_P, CT_LOAD_FIX_P, ...
    CT_LOAD_DIS_P, CT_TGENCOST, CT_TAREAGENCOST, CT_MODCOST_F, ...
    CT_MODCOST_X] = idx_ct;

solarprofile = struct( ...
    'type', 'mpcData', ...
    'table', CT_TGEN, ...
    'rows', [1:12], ...
    'col', PMAX, ...
    'chgtype', 1, ...
    'values', [] );
solarprofile.values(:,1,:) = [
	0.0 0.0 0.0 0.0 0.0 0.0 0.0 0.0 0.0 0.0 0.0 0.0;
	0.0 0.0 0.0 0.0 0.0 0.0 0.0 0.0 0.0 0.0 0.0 0.0;
	0.0 0.0 0.0 0.0 0.0 0.0 0.0 0.0 0.0 0.0 0.0 0.0;
	0.0 0.0 0.0 0.0 0.0 0.0 0.0 0.0 0.0 0.0 0.0 0.0;
	0.0 0.0 0.0 0.0 0.0 0.0 0.0 0.0 0.0 0.0 0.0 0.0;
	0.0 0.0 0.002 0.0 0.0 0.0 0.0 0.1107 0.0 0.0 0.0 0.0;
	8.6858 7.2002 5.6402 7.3415 7.6931 137.4662 17.1833 31.6794 51.4227 69.4271 42.4767 125.7329;
	21.0153 16.1229 12.7311 9.2008 11.6162 345.526 43.1908 70.2466 51.0689 298.6304 156.6507 540.8214;
	23.9007 16.6246 13.8033 10.3046 12.2439 371.6265 46.4533 74.0153 35.9077 348.8892 211.0561 631.8405;
	26.334 16.6083 13.8 9.6707 9.5144 126.4379 15.8047 68.4109 24.3325 335.4995 194.486 607.5916;
	26.334 16.336 13.8 7.8359 9.045 82.4662 10.3083 69.7322 29.1287 322.0893 215.2546 583.3056;
	26.4191 16.6083 13.8012 8.75 9.2792 82.2553 10.2819 70.4362 34.4138 316.8643 218.535 573.8432;
	26.6886 16.8038 14.2584 11.4686 11.7712 105.7971 13.2246 71.8514 67.8351 199.0838 123.7336 360.5419;
	23.9882 16.9284 14.2862 11.5968 12.4036 226.9992 28.3749 73.2427 88.8979 167.6373 48.2856 303.5922;
	17.8271 16.3698 13.7499 9.5687 12.2089 268.3181 33.5398 70.9999 92.931 104.5389 36.1132 189.3207;
	5.3812 6.9076 5.765 7.8192 8.5825 144.2265 18.0283 45.724 65.1858 61.0985 29.8261 110.6498;
	0.7666 0.6516 0.4416 1.7631 3.0781 53.5642 6.6955 12.0357 26.3695 39.6252 19.3776 71.7614;
	0.0 0.0 0.0 0.0 0.0 0.0 0.0 0.0 0.0 0.0 0.0 0.0;
	0.0 0.0 0.0 0.0 0.0 0.0 0.0 0.0 0.0 0.0 0.0 0.0;
	0.0 0.0 0.0 0.0 0.0 0.0 0.0 0.0 0.0 0.0 0.0 0.0;
	0.0 0.0 0.0 0.0 0.0 0.0 0.0 0.0 0.0 0.0 0.0 0.0;
	0.0 0.0 0.0 0.0 0.0 0.0 0.0 0.0 0.0 0.0 0.0 0.0;
	0.0 0.0 0.0 0.0 0.0 0.0 0.0 0.0 0.0 0.0 0.0 0.0;
	0.0 0.0 0.0 0.0 0.0 0.0 0.0 0.0 0.0 0.0 0.0 0.0;
];
