function loadprofile = ex_load_profilesh1
%EX_LOAD_PROFILE  Example load profile data file for stochastic unit commitment.
% 2022.03.12
% Andres F. Ramirez

%% define constants
[CT_LABEL, CT_PROB, CT_TABLE, CT_TBUS, CT_TGEN, CT_TBRCH, CT_TAREABUS, ...
    CT_TAREAGEN, CT_TAREABRCH, CT_ROW, CT_COL, CT_CHGTYPE, CT_REP, ...
    CT_REL, CT_ADD, CT_NEWVAL, CT_TLOAD, CT_TAREALOAD, CT_LOAD_ALL_PQ, ...
    CT_LOAD_FIX_PQ, CT_LOAD_DIS_PQ, CT_LOAD_ALL_P, CT_LOAD_FIX_P, ...
    CT_LOAD_DIS_P, CT_TGENCOST, CT_TAREAGENCOST, CT_MODCOST_F, ...
    CT_MODCOST_X] = idx_ct;

loadprofile = struct( ...
    'type', 'mpcData', ...
    'table', CT_TAREALOAD, ...
    'rows', [1:11], ...
    'col', CT_LOAD_ALL_P, ...
    'chgtype', 1, ...
    'values', [] );
loadprofile.values(:,1,:) = [
	1560.6239 932.3 1594.908 545.0121 786.9745 1132.3261 870.8055 283.0303 541.697 4766.301 1876.6871;
	1536.9 940.9 1605.7778 541.3331 814.7155 1122.9698 876.1097 281.3474 535.8764 4740.1076 1911.9141;
	1569.4626 964.4438 1627.3263 554.4659 828.9579 1145.2196 885.727 277.4 545.9244 4821.9081 1851.9569;
	1647.2 1052.8529 1745.7542 567.3934 885.6005 1227.8327 944.6255 309.6 569.205 4964.5358 2042.2938;
	1779.2792 1189.2062 1954.814 589.4 1033.2061 1391.2091 1079.7245 338.1134 658.8351 5681.9231 2194.9874;
	1886.4661 1250.9723 2070.2 602.1603 1086.9 1479.4558 1130.2674 359.6 706.9458 6313.4979 2278.2309;
	1879.8142 1245.5176 2080.2851 598.5112 1116.4169 1464.9206 1145.6679 360.9406 724.3987 6517.2731 2299.4;
	1927.6605 1254.1482 2140.816 607.0727 1115.2717 1494.3154 1180.0679 392.8867 745.6931 6957.9022 2341.5151;
	1941.5402 1259.6122 2140.5161 605.3387 1111.3804 1460.8331 1182.139 365.4736 740.7902 6853.7132 2274.0533;
	1943.7468 1256.8208 2111.9397 606.6 1097.9637 1501.0116 1173.6506 368.1247 765.1187 6885.212 2273.6506;
	1910.5382 1244.5 2125.8298 606.7 1087.1706 1491.4411 1172.5115 347.3856 775.009 6664.0834 2254.5936;
	1873.191 1248.8164 2116.8172 610.8869 1081.0005 1409.7441 1141.8626 323.5329 747.4341 6483.8348 2062.4658;
	1888.3051 1231.6125 2088.1055 598.3 1073.4933 1406.4555 1142.1237 322.5 743.3338 6589.4072 2131.4;
	1843.3833 1206.9398 2027.993 601.0832 1030.3088 1344.8653 1091.0456 308.7941 713.8497 6453.7567 2093.8269;
	1840.5402 1199.3686 2031.919 601.5021 1020.9541 1387.383 1098.2649 302.968 705.2631 6683.6345 2199.6231;
	1884.268 1220.4782 2052.8156 601.1 1097.5069 1456.4377 1124.5436 317.3323 770.9941 6618.5581 2309.9248;
	1884.0889 1276.6413 2207.2101 617.009 1114.8175 1522.6 1218.832 344.0 783.3156 6860.6414 2484.9891;
	1952.4 1332.4728 2261.9329 629.6655 1147.8741 1550.5889 1295.7951 378.5147 777.4168 6777.7432 2552.7448;
	1945.5647 1326.7245 2211.7982 621.1844 1102.7337 1559.9953 1275.1163 370.9 749.6368 6322.6978 2482.6862;
	1906.0536 1271.0034 2117.7536 620.1336 1065.4211 1463.1327 1190.5745 358.9 712.6 6067.4569 2337.1;
	1816.8711 1173.2678 1995.1735 610.0044 1013.4966 1366.7029 1091.9245 329.509 656.1123 5656.124 2155.5506;
	1689.5 1113.6041 1847.0882 596.0 955.55 1288.8324 1009.0072 314.2397 589.055 5341.6797 2048.3295;
	1620.2463 1036.2526 1748.9741 589.994 926.6167 1184.5893 948.3889 288.3694 555.7001 5248.8445 2101.2934;
	1620.0019 1016.3927 1746.3015 581.8 879.2951 1157.7098 903.6171 285.6 515.6019 4823.218 1994.1294;
];
