function windprofile = ex_wind_profilesh1
%EX_WIND_PROFILE_D  Example wind_load_nyiso profile data for deterministic unit commitment.
% 2022.03.12
% Andres F. Ramirez


%% define constants
[GEN_BUS, PG, QG, QMAX, QMIN, VG, MBASE, GEN_STATUS, PMAX, PMIN, ...
    MU_PMAX, MU_PMIN, MU_QMAX, MU_QMIN, PC1, PC2, QC1MIN, QC1MAX, ...
    QC2MIN, QC2MAX, RAMP_AGC, RAMP_10, RAMP_30, RAMP_Q, APF] = idx_gen;
[CT_LABEL, CT_PROB, CT_TABLE, CT_TBUS, CT_TGEN, CT_TBRCH, CT_TAREABUS, ...
    CT_TAREAGEN, CT_TAREABRCH, CT_ROW, CT_COL, CT_CHGTYPE, CT_REP, ...
    CT_REL, CT_ADD, CT_NEWVAL, CT_TLOAD, CT_TAREALOAD, CT_LOAD_ALL_PQ, ...
    CT_LOAD_FIX_PQ, CT_LOAD_DIS_PQ, CT_LOAD_ALL_P, CT_LOAD_FIX_P, ...
    CT_LOAD_DIS_P, CT_TGENCOST, CT_TAREAGENCOST, CT_MODCOST_F, ...
    CT_MODCOST_X] = idx_ct;

windprofile = struct( ...
    'type', 'mpcData', ...
    'table', CT_TGEN, ...
    'rows', [1:45], ...
    'col', PMAX, ...
    'chgtype', 1, ...
    'values', [] );
windprofile.values(:,1,:) = [
	3.4529 46.6561 88.1708 107.4157 13.7473 29.9669 28.1558 18.2519 25.9942 29.4473 54.4328 81.203 122.2507 65.9142 205.6525 77.4784 96.1306 101.8697 38.8696 71.4514 9.3853 69.9227 72.5317 85.6587 100.805 76.3121 13.547 1054.3395 646.7571 646.7571 639.2013 106.5112 129.5655 183.9161 206.6498 275.9497 1104.4676 235.9934 448.195 270.0135 123.2214 332.4325 106.371 254.6212 1115.9725;
	3.5949 48.575 91.6995 116.6029 13.2656 31.4023 29.362 18.6744 26.98 29.4149 54.373 81.1138 122.1164 65.0236 204.6214 77.0899 95.6486 101.359 34.6989 73.0828 9.7873 73.2721 71.4396 86.4282 103.619 76.055 13.2418 1073.0651 655.6504 655.6504 602.0107 104.5746 115.663 188.1153 203.8577 279.7442 1092.3943 232.2035 440.2655 277.551 123.6946 348.3563 113.8979 262.515 1103.7734;
	3.6869 49.818 93.0976 65.6418 13.9941 32.2976 29.8277 18.5949 27.5698 29.8174 55.117 82.2238 123.7874 64.283 203.9603 76.8409 95.3396 101.0315 39.4238 72.4123 9.9426 75.3611 72.1129 86.6797 104.9365 76.2566 13.7006 1107.4409 684.3306 684.3306 609.4804 111.4126 131.4126 186.3894 201.536 291.9811 1160.4339 244.6337 436.3028 281.0799 123.7349 358.2882 128.9663 254.6054 1172.5218;
	3.7927 51.248 93.4288 87.0089 14.0021 32.6047 27.5446 18.95 26.5648 30.2824 55.9766 83.5061 125.718 66.6497 204.8673 77.1826 95.7636 101.4808 52.8461 73.1398 9.1815 76.0777 67.7397 86.1576 104.1611 76.0599 13.7566 1144.667 710.5596 710.5596 597.3063 104.8766 176.1536 188.2622 208.9557 303.1721 1116.6829 266.4629 433.2829 279.0028 123.6447 361.695 164.632 263.4023 1128.315;
	3.3136 44.7738 92.659 115.2082 13.4169 31.8749 22.4769 18.7002 26.1077 30.5395 56.4518 84.215 126.7853 65.7618 203.403 76.6309 95.0791 100.7554 84.9731 72.1763 7.4923 74.3749 61.0019 85.0833 103.0033 75.7425 13.4414 1116.3081 663.6521 663.6521 592.843 102.8023 283.2436 185.782 206.1721 283.1582 1169.6744 254.6335 439.5196 275.9018 122.3879 353.5993 162.4601 249.7333 1181.8585;
	3.6353 49.1208 91.8875 116.8305 14.2084 32.8305 26.9727 18.5632 26.0805 30.4919 56.3638 84.0837 126.5876 66.4934 201.4934 75.9115 94.1865 99.8095 92.084 72.0893 8.9909 76.6044 69.323 86.0079 104.0681 75.6505 13.7154 1145.2487 727.938 727.938 562.3215 99.846 306.9468 185.5579 208.4658 310.5869 1103.0396 233.0554 439.9068 278.7538 122.4252 364.1992 180.0325 250.7176 1114.5296;
	3.5824 48.4058 90.4048 115.7961 13.8851 31.4887 28.3815 18.5777 26.0504 28.3745 52.4498 78.2448 117.7972 66.18 197.9913 74.5921 92.5494 98.0748 92.1575 71.6652 9.4605 73.4737 70.8239 84.4741 99.3122 75.0196 13.4394 1075.7868 714.0921 714.0921 602.506 96.4711 307.1917 184.4665 207.4831 304.6793 1072.6232 247.6566 451.9094 266.0148 121.6603 349.3148 171.211 227.3882 1083.7964;
	3.7227 50.3017 87.9293 111.9954 14.3181 33.2419 29.3701 17.8307 27.0035 28.8254 53.2832 79.4881 119.6689 64.8622 200.175 75.4148 93.5702 99.1564 91.2123 71.5023 9.79 77.5645 72.101 84.5446 101.4678 72.7755 12.8921 1006.5297 692.8115 692.8115 561.0765 87.4869 304.041 184.047 203.3518 295.5996 1023.3139 248.0147 460.9827 271.7887 116.7544 368.7637 180.6255 205.0055 1033.9735;
	3.7927 51.2482 93.283 116.2768 14.3166 33.9555 30.3242 17.7348 26.64 30.0672 55.5787 82.9126 124.8244 67.1411 198.954 74.9547 92.9994 98.5516 91.0032 70.2223 10.1081 79.2294 72.7036 85.7166 102.0218 73.026 13.1245 1087.0867 768.2155 768.2155 614.4019 82.7051 303.3439 180.7523 210.4963 327.7719 1134.5891 278.3116 466.0101 273.2728 120.1862 376.6792 166.5883 255.1726 1146.4077;
	3.8704 52.297 95.3265 118.6764 14.8717 33.7984 29.5733 17.5742 27.0966 31.2 57.6727 86.0364 129.5273 66.2051 194.5016 73.2773 90.9182 96.3461 90.9079 69.3166 9.8578 78.8629 74.8045 88.1031 102.2393 72.183 13.0252 1041.4597 721.2375 721.2375 618.8944 86.7024 303.0264 178.4211 207.562 307.728 1051.531 281.374 461.1643 273.8552 117.908 374.9369 155.1941 263.6281 1062.4845;
	3.8714 52.3106 95.4269 120.828 15.1719 34.0936 27.3375 18.2412 27.4952 31.0305 57.3593 85.5688 128.8234 65.5715 198.1396 74.6479 92.6188 98.1482 90.7171 70.448 9.1125 79.5518 75.4063 88.9052 103.2824 73.4726 13.392 1028.1183 710.5838 710.5838 601.401 85.7427 302.3904 181.3333 205.5756 303.1824 989.6819 287.836 455.7825 276.6492 117.4381 378.2119 172.859 273.8065 999.9911;
	3.8881 52.5368 95.4309 120.6256 15.2766 34.9117 27.6119 18.1913 28.1041 30.9704 57.2483 85.4032 128.5741 66.5583 198.5197 74.7911 92.7964 98.3365 91.8046 69.527 9.204 81.4605 75.4232 87.6685 105.1182 73.7282 13.4049 1011.9013 717.1276 717.1276 618.638 96.0487 306.0152 178.9627 208.6694 305.9744 1057.1306 286.0613 468.8132 281.5665 113.778 387.2867 193.9444 277.0159 1068.1424;
	3.7877 51.1797 93.7144 117.8149 15.2688 34.6924 29.9348 17.4011 28.1176 31.0034 57.3093 85.4942 128.7111 68.0614 200.8445 75.667 93.8831 99.4881 87.7961 70.8676 9.9783 80.9489 75.1859 87.7824 100.8809 72.5551 12.8759 974.7122 723.2125 723.2125 628.5399 97.3141 292.6536 182.4135 213.3815 308.5707 957.9236 298.5111 472.4327 270.2167 115.2865 384.8544 163.8583 261.5656 967.902;
	3.8342 51.8087 94.0285 119.5364 15.3895 34.5064 28.8905 17.7647 28.3077 30.7696 56.8771 84.8494 127.7403 66.1412 199.3744 75.1131 93.1959 98.7599 89.352 70.8822 9.6302 80.5149 75.0122 87.733 100.0015 72.7791 13.2387 983.9266 701.6126 701.6126 651.4689 95.189 297.8398 182.4509 207.3614 299.3547 963.4805 293.777 471.8554 267.8611 116.8224 382.7908 159.3107 273.3234 973.5168;
	3.894 52.6171 94.3763 119.1016 15.3424 34.5549 27.658 17.9153 28.3905 30.9119 57.1402 85.242 128.3313 69.1451 199.6055 75.2002 93.304 98.8743 91.5328 70.396 9.2193 80.6282 72.8437 88.0834 101.8517 73.2384 13.1738 1024.3212 738.415 738.415 690.0894 100.4696 305.1092 181.1995 216.7792 315.057 952.4405 315.8155 477.4771 272.817 117.9773 383.3293 178.9021 265.9695 962.3617;
	3.8306 51.7601 90.6532 118.2161 15.0356 33.6194 27.2922 17.3634 28.0413 29.6414 54.7917 81.7384 123.0567 67.4983 201.2097 75.8046 94.0538 99.669 91.6673 69.9082 9.0974 78.4453 72.6815 84.8299 99.6634 72.0889 13.0899 1112.8218 761.1312 761.1312 662.2075 100.0003 305.5576 179.9438 211.6163 324.7493 1028.3965 298.693 465.991 266.9556 114.605 372.9514 177.0805 257.5566 1039.109;
	3.7075 50.0966 87.1036 114.2379 14.6742 33.3243 25.5319 16.5381 27.0457 29.3931 54.3327 81.0537 122.0258 64.6607 191.6793 72.2141 89.5989 94.9481 92.1605 70.9183 8.5106 77.7568 70.8159 86.1203 98.1548 70.6797 11.0947 1136.0599 727.0526 727.0526 619.8645 98.5015 307.2018 182.544 202.7202 310.2091 1124.6228 285.9384 436.0304 262.9147 112.8823 369.6779 173.6845 233.0134 1136.3376;
	3.7087 50.1127 88.6125 113.8305 14.0619 32.1175 24.7961 13.722 27.0 28.78 53.1994 79.363 119.4805 63.8575 189.8766 71.5349 88.7563 94.0552 88.9182 68.6879 8.2654 74.9407 69.2165 85.0879 97.6897 63.428 9.0257 1179.009 672.0469 672.0469 601.6509 95.3845 296.394 176.8027 200.202 286.74 1112.3789 299.3374 434.6522 261.6688 114.1462 356.2896 154.8422 248.246 1123.9662;
