function windprofile = ex_wind_profilesh1
%EX_WIND_PROFILE_D  Example wind_load_nyiso profile data for deterministic unit commitment.
% 2022.03.12
% Andres F. Ramirez


%% define constants
[GEN_BUS, PG, QG, QMAX, QMIN, VG, MBASE, GEN_STATUS, PMAX, PMIN, ...
    MU_PMAX, MU_PMIN, MU_QMAX, MU_QMIN, PC1, PC2, QC1MIN, QC1MAX, ...
    QC2MIN, QC2MAX, RAMP_AGC, RAMP_10, RAMP_30, RAMP_Q, APF] = idx_gen;
[CT_LABEL, CT_PROB, CT_TABLE, CT_TBUS, CT_TGEN, CT_TBRCH, CT_TAREABUS, ...
    CT_TAREAGEN, CT_TAREABRCH, CT_ROW, CT_COL, CT_CHGTYPE, CT_REP, ...
    CT_REL, CT_ADD, CT_NEWVAL, CT_TLOAD, CT_TAREALOAD, CT_LOAD_ALL_PQ, ...
    CT_LOAD_FIX_PQ, CT_LOAD_DIS_PQ, CT_LOAD_ALL_P, CT_LOAD_FIX_P, ...
    CT_LOAD_DIS_P, CT_TGENCOST, CT_TAREAGENCOST, CT_MODCOST_F, ...
    CT_MODCOST_X] = idx_ct;

windprofile = struct( ...
    'type', 'mpcData', ...
    'table', CT_TGEN, ...
    'rows', [1:45], ...
    'col', PMAX, ...
    'chgtype', 1, ...
    'values', [] );
windprofile.values(:,1,:) = [
	3.7765 51.0284 92.2982 112.2298 14.8717 33.219 28.4772 18.5641 28.0061 31.3416 57.9345 86.4269 130.1152 64.0099 201.6694 75.9778 94.2687 99.8967 41.3186 71.3036 9.4924 77.5109 75.7627 88.6097 103.7687 73.9202 13.8141 1165.0274 708.3512 708.3512 567.1772 114.0424 137.7286 183.5357 200.6798 302.2298 1146.4772 238.6856 463.5167 277.952 122.9345 368.5091 147.4753 266.4285 1158.4196;
	3.7197 50.2608 92.9941 117.793 14.8029 32.502 29.8591 18.6854 28.1563 31.3249 57.9035 86.3807 130.0456 62.5971 203.3537 76.6123 95.0561 100.731 37.9987 73.3569 9.953 75.838 75.7021 87.9695 102.9058 73.5943 13.6973 1125.9283 715.993 715.993 578.0643 115.0734 126.6622 188.821 196.2503 305.4903 1164.5843 247.7399 458.4674 275.6404 123.7091 360.5554 137.7258 267.4845 1176.7154;
	3.8609 52.1697 94.1734 65.8333 15.2574 33.5119 29.745 18.7115 28.2638 31.2139 57.6985 86.0748 129.5851 63.3052 200.1942 75.422 93.5792 99.166 37.0136 70.4786 9.915 78.1944 74.3425 87.6674 102.8603 73.7837 13.864 1207.6 726.5103 726.5103 561.024 115.3911 123.3787 181.4122 198.4705 309.9777 1236.0758 234.3514 454.1632 275.5187 121.7344 371.7584 142.5289 266.0258 1248.9516;
	3.7991 51.3342 93.2676 84.2021 15.1038 32.8559 28.8428 18.9037 28.2523 31.0513 57.3978 85.6262 128.9098 63.9621 202.1779 76.1694 94.5064 100.1486 43.9859 71.2565 9.6143 76.6639 69.2751 86.6936 104.1552 74.5952 13.8296 1194.7728 742.3252 742.3252 545.5962 103.1684 146.6196 183.4144 200.5298 316.7254 1144.2677 245.7434 455.6933 278.9873 118.3445 364.4819 177.299 268.094 1156.1871;
	3.4874 47.1219 94.3072 119.3984 15.2388 32.2905 24.4429 18.9222 28.4492 31.143 57.5674 85.8792 129.2907 63.1947 199.9971 75.3477 93.487 99.0683 77.9764 70.7669 8.1476 75.3445 65.2305 87.7427 104.7268 75.2743 13.927 1179.6668 711.5835 711.5835 531.9987 103.5478 259.9213 182.1542 198.1238 303.609 1228.795 243.128 457.9037 280.5182 117.8679 358.2091 183.7095 263.9697 1241.5949;
	3.6738 49.6413 92.554 116.2932 15.2531 32.4332 28.6465 18.4704 28.0797 30.9906 57.2856 85.4588 128.6578 57.574 200.0391 75.3636 93.5067 99.0891 89.6016 73.4169 9.5488 75.6774 73.1482 87.154 103.4095 72.9576 13.8953 1196.9407 746.3308 746.3308 492.0853 102.305 298.6721 188.9752 180.5022 318.4345 1139.3689 219.5571 454.3475 276.9899 113.7864 359.7921 184.8848 265.5786 1151.2374;
	3.8102 51.4843 94.5631 117.5682 15.3631 32.931 28.8876 18.2566 28.1875 30.9973 57.2981 85.4774 128.6858 63.3144 199.0122 74.9767 93.0266 98.5805 88.0879 72.4129 9.6292 76.8391 74.6349 87.1865 102.2225 74.4368 13.7346 1232.1635 767.7624 767.7624 543.9155 99.7276 293.6265 186.3911 198.4993 327.5786 1146.949 249.7256 449.3715 273.8102 117.5886 365.3149 198.5121 268.8032 1158.8964;
	3.8574 52.1225 94.7594 119.7013 15.3958 34.4588 29.9365 18.5732 28.249 30.3358 56.0753 83.6534 125.9397 64.9518 202.0052 76.1043 94.4257 100.063 86.3572 73.166 9.9788 80.4038 73.7013 86.8494 104.2701 74.5004 13.9227 1129.6264 753.6191 753.6191 510.1319 80.0033 287.8573 188.3294 203.6328 321.5441 1113.3744 235.077 474.0582 279.2948 116.3402 382.2627 208.8116 267.8047 1124.972;
	3.8116 51.5038 95.2625 121.2753 15.3226 34.8882 29.8515 18.312 27.3949 30.6193 56.5992 84.4349 127.1163 66.3225 202.7247 76.3754 94.762 100.4194 89.7 73.4177 9.9505 81.4059 74.1433 89.2379 105.8335 73.9676 13.6535 1215.1296 829.5005 829.5005 598.0719 76.718 299.0 188.9774 207.9302 353.9202 1236.6587 267.3769 462.1731 283.4827 120.4154 387.0267 189.2299 284.8696 1249.5406;
	3.7314 50.4195 92.9524 118.0647 14.7702 33.2553 29.8796 18.0768 26.7285 30.1389 55.7113 83.1103 125.1221 66.1501 198.8402 74.9119 92.9462 98.4953 88.6114 72.0458 9.9599 77.5958 73.5321 87.2399 101.9375 70.4702 13.5107 1174.2134 795.2761 795.2761 669.3687 89.1147 295.3715 185.446 207.3896 339.3178 1177.7024 293.9904 462.3794 273.0468 118.8162 368.9125 171.0503 274.3872 1189.9701;
	3.8078 51.4519 92.352 119.0541 15.211 32.8282 27.5125 18.3336 26.0749 30.3389 56.081 83.6618 125.9524 65.6265 202.7071 76.3687 94.7538 100.4107 88.8272 72.9802 9.1708 76.5992 73.8503 88.2235 102.21 72.5463 13.8077 1140.6033 797.5998 797.5998 648.7435 89.7936 296.0908 187.8512 205.7479 340.3092 1123.2575 295.1398 464.8901 273.7767 120.0642 364.1746 177.4232 276.9555 1134.9581;
	3.7919 51.2363 94.2787 116.4234 15.0556 33.0898 26.8525 18.3595 25.9624 29.9861 55.4289 82.689 124.4878 66.8623 202.3119 76.2198 94.5691 100.215 86.2959 72.3013 8.9508 77.2095 73.9514 86.7276 103.128 72.6655 13.3134 1077.531 777.8446 777.8446 637.9595 92.8583 287.6529 186.1037 209.6223 331.8804 1108.8478 277.4044 462.133 276.2358 117.5087 367.0759 190.5808 278.8442 1120.3983;
	3.8166 51.5704 92.3601 115.6351 15.2768 33.28 29.1182 18.1881 26.0737 30.1985 55.8215 83.2746 125.3695 66.942 197.9307 74.5693 92.5211 98.0448 84.227 71.9897 9.7061 77.6534 75.2239 87.5928 99.6506 72.3418 13.5509 1057.9763 764.5803 764.5803 640.5616 98.5179 280.7567 185.3016 209.8723 326.2209 1027.8569 294.0614 461.296 266.9214 118.7591 369.1866 165.9669 264.9481 1038.5637;
	3.7871 51.1717 92.4333 113.9576 15.1686 32.3912 28.3174 18.1249 25.1779 30.4045 56.2023 83.8428 126.2248 65.0239 198.0958 74.6314 92.5982 98.1265 87.3914 71.086 9.4391 75.5795 75.3022 87.7625 99.1046 71.137 13.6356 1026.8365 708.2217 708.2217 659.7817 97.3124 291.3046 182.9754 203.8586 302.1746 987.7502 306.7193 454.764 265.4588 117.6496 359.3264 156.6723 266.9846 998.0393;
	3.8584 52.1348 93.307 112.7068 15.2734 32.563 26.5981 18.2503 26.4072 30.0986 55.6369 82.9993 124.955 66.6565 195.8253 73.776 91.5369 97.0018 88.472 70.6942 8.866 75.9803 73.5609 87.9889 99.3221 72.8222 13.4281 1051.3181 747.8485 747.8485 679.8867 103.2572 294.9066 181.967 208.9772 319.082 981.7114 323.4639 460.0446 266.0413 118.28 361.2322 181.459 259.1557 991.9376;
	3.8497 52.0179 93.6202 116.0609 15.2585 32.675 27.3017 18.1169 27.7769 30.3371 56.0777 83.6568 125.9449 67.6162 197.1938 74.2916 92.1766 97.6797 87.4926 69.7755 9.1006 76.2418 74.4478 87.523 100.1009 73.6827 13.5685 1105.0571 767.6724 767.6724 671.6172 106.5892 291.6421 179.6022 211.9858 327.5402 1086.3689 307.6383 466.7826 268.1275 117.5735 362.4752 187.4311 262.3384 1097.6853;
	3.8065 51.4336 93.2953 115.9448 15.2193 32.9931 25.7763 17.0734 27.0453 30.5784 56.5238 84.3224 126.9469 65.5755 197.9828 74.5889 92.5454 98.0705 90.2193 71.0011 8.5921 76.9839 73.8773 86.7739 98.4203 70.982 12.2116 1074.037 789.1185 789.1185 672.9027 97.8711 300.7309 182.7571 205.588 336.6906 1153.6778 280.9431 461.3195 263.6259 120.4489 366.0035 193.1536 242.3071 1165.6953;
	3.8836 52.4766 95.2242 118.7819 15.0833 31.8353 26.6715 16.1176 27.7221 29.9708 55.4006 82.6468 124.4243 65.9605 193.5359 72.9135 90.4668 95.8678 90.7025 69.7293 8.8905 74.2823 72.9943 84.9428 102.8811 69.6428 11.6351 1136.2664 763.4384 763.4384 668.3065 96.9801 302.3418 179.4835 206.7952 325.7337 1161.5905 293.9349 474.3984 275.5742 119.4426 353.1593 199.7965 263.3382 1173.6904;
