function windprofile = ex_wind_profilesh1
%EX_WIND_PROFILE_D  Example wind_load_nyiso profile data for deterministic unit commitment.
% 2022.03.12
% Andres F. Ramirez


%% define constants
[GEN_BUS, PG, QG, QMAX, QMIN, VG, MBASE, GEN_STATUS, PMAX, PMIN, ...
    MU_PMAX, MU_PMIN, MU_QMAX, MU_QMIN, PC1, PC2, QC1MIN, QC1MAX, ...
    QC2MIN, QC2MAX, RAMP_AGC, RAMP_10, RAMP_30, RAMP_Q, APF] = idx_gen;
[CT_LABEL, CT_PROB, CT_TABLE, CT_TBUS, CT_TGEN, CT_TBRCH, CT_TAREABUS, ...
    CT_TAREAGEN, CT_TAREABRCH, CT_ROW, CT_COL, CT_CHGTYPE, CT_REP, ...
    CT_REL, CT_ADD, CT_NEWVAL, CT_TLOAD, CT_TAREALOAD, CT_LOAD_ALL_PQ, ...
    CT_LOAD_FIX_PQ, CT_LOAD_DIS_PQ, CT_LOAD_ALL_P, CT_LOAD_FIX_P, ...
    CT_LOAD_DIS_P, CT_TGENCOST, CT_TAREAGENCOST, CT_MODCOST_F, ...
    CT_MODCOST_X] = idx_ct;

windprofile = struct( ...
    'type', 'mpcData', ...
    'table', CT_TGEN, ...
    'rows', [1:45], ...
    'col', PMAX, ...
    'chgtype', 1, ...
    'values', [] );
windprofile.values(:,1,:) = [
	3.6388 49.1677 90.3496 109.7522 14.1647 31.8685 27.7753 18.6152 27.0711 29.2782 54.1203 80.7368 121.5489 64.5231 184.8222 69.6307 86.3936 91.5514 36.6954 70.0231 9.2584 74.3599 72.708 86.2826 103.9262 75.0147 13.8419 1156.3249 619.8809 619.8809 527.6635 106.2335 122.3181 180.2396 202.2887 264.4825 1079.3447 205.255 444.1035 278.3738 119.4507 353.5281 131.1674 266.2154 1090.5879;
	3.6052 48.7139 91.7777 115.4844 14.0193 30.9911 27.4628 18.8509 25.8324 28.8072 53.2497 79.4381 119.5937 64.3507 155.6148 58.627 72.7409 77.0836 30.7484 70.6826 9.1543 72.3126 71.3044 86.597 103.6178 73.6809 13.8079 1171.5679 647.9744 647.9744 536.7018 105.733 102.4947 181.9373 201.748 276.4691 1105.6186 219.7697 445.6977 277.5478 120.7656 343.7947 124.2565 272.0315 1117.1355;
	3.6898 49.8573 93.5522 65.67 14.4277 33.6607 28.8451 18.452 27.1321 28.5463 52.7674 78.7185 118.5103 64.3419 164.865 62.1119 77.0648 81.6657 32.4924 69.4511 9.615 78.5416 69.0972 87.0721 104.1191 72.8082 13.7208 1168.8293 669.6947 669.6947 541.6116 103.4872 108.308 178.7674 201.7207 285.7364 1156.9984 209.5664 455.0408 278.8903 119.6869 373.409 133.1651 275.1304 1169.0505;
	3.6864 49.8112 91.8101 84.2629 14.55 33.044 27.7878 18.5576 27.15 27.8706 51.5184 76.8553 115.7053 64.5005 167.9526 63.2752 78.5081 83.1951 40.236 70.3373 9.2626 77.1027 48.7709 85.3133 101.1032 73.7707 13.7782 1175.3643 683.9025 683.9025 526.6594 95.3698 134.1201 181.0484 202.2179 291.7984 1091.4868 233.546 444.9149 270.8122 117.3047 366.5685 163.5353 267.3768 1102.8564;
	3.2984 44.5684 91.3564 117.0173 13.9982 32.4664 24.3334 18.4053 26.0849 29.1097 53.8089 80.2723 120.8496 64.4091 171.7166 64.6932 80.2675 85.0596 73.6296 69.36 8.1111 75.7549 51.5345 85.4748 101.8177 72.9022 13.4585 1138.6522 629.4313 629.4313 494.7296 97.7436 245.432 178.5327 201.9311 268.5573 1154.1388 235.8444 444.6322 272.7261 119.0306 360.1604 161.9666 263.1169 1166.1611;
	3.7261 50.3483 91.8239 118.1556 14.1779 33.2953 28.4428 18.2683 26.32 29.7275 54.9508 81.9758 123.4141 66.713 190.3836 71.7259 88.9933 94.3063 85.6666 70.9797 9.4809 77.6889 69.7392 85.7743 104.3402 71.716 13.606 1238.2512 688.3475 688.3475 491.0511 100.2884 285.5555 182.7018 209.1541 293.6949 1133.072 223.1019 456.9474 279.4826 119.6112 369.3554 180.0015 269.4032 1144.8748;
	3.8478 51.9928 93.3219 118.6646 14.245 32.3912 28.8982 18.5364 27.0773 30.2221 55.8651 83.3397 125.4674 64.6958 190.2069 71.6594 88.9107 94.2188 86.5651 71.0253 9.6327 75.5794 73.8774 85.8354 104.6065 73.8178 13.7838 1208.0494 694.3568 694.3568 520.0767 95.5954 288.5504 182.8192 202.83 296.2589 1090.9185 218.4502 451.909 280.1961 123.0578 359.3259 183.9937 273.2404 1102.2823;
	3.8915 52.5821 93.2337 116.7566 15.0471 34.1598 28.6431 18.5441 26.5881 30.728 56.8002 84.7348 127.5677 65.3198 192.3713 72.4748 89.9224 95.2909 84.1269 71.9407 9.5477 79.7063 75.3474 88.0583 106.1951 73.8869 13.9005 1204.6334 702.1217 702.1217 502.2787 81.7733 280.4232 185.1755 204.7863 299.5719 1096.5849 209.8833 458.7656 284.4512 118.655 378.9464 193.4186 269.8517 1108.0076;
	3.8794 52.4196 90.3971 116.9509 14.7534 34.5238 30.2671 17.8727 26.3026 30.9275 57.169 85.2848 128.3958 67.1756 194.4643 73.2633 90.9007 96.3277 86.3146 72.2253 10.089 80.5556 74.9085 86.6586 102.1687 72.409 13.742 1234.2829 775.6873 775.6873 574.2838 78.0737 287.7155 185.9081 210.6046 330.9599 1185.1609 244.2079 473.0468 273.6661 119.9445 382.9846 181.2843 273.8029 1197.5064;
	3.6848 49.7904 88.7232 114.4505 14.5988 33.4368 29.1119 17.7073 25.0412 30.4311 56.2515 83.9162 126.3353 65.9122 190.0756 71.6099 88.8493 94.1537 89.155 71.8254 9.704 78.0192 72.8248 86.4135 99.1937 70.48 13.5786 1148.4216 725.5364 725.5364 595.695 87.7622 297.1832 184.8789 206.6436 309.5622 1136.211 268.1839 443.5713 265.6973 117.2994 370.9257 155.6505 260.5589 1148.0466;
	3.8597 52.1529 93.0205 119.0813 15.1393 33.7869 25.4339 17.9647 23.9361 30.5041 56.3864 84.1174 126.6383 64.2844 195.2033 73.5417 91.2462 96.6937 89.6156 72.7893 8.478 78.836 73.433 88.0195 101.3512 71.6155 13.5577 1122.0382 718.952 718.952 542.701 87.4949 298.7188 187.3599 201.5403 306.7529 1074.6507 247.1972 437.8504 271.4763 120.7339 374.8091 161.1621 273.3961 1085.845;
	3.8355 51.8265 90.4924 118.3819 15.028 33.9878 23.8421 18.4274 24.3608 30.4006 56.195 83.832 126.2085 65.5809 192.6705 72.5875 90.0623 95.4391 88.0521 71.6608 7.9474 79.3048 73.6715 87.8907 104.5043 72.952 13.6968 990.4008 627.8224 627.8224 550.9385 94.5869 293.5069 184.4551 205.605 267.8709 1053.7766 258.1197 433.5555 279.9222 119.3635 377.0376 174.9953 274.2655 1064.7535;
	3.8394 51.8789 92.7976 118.7341 14.799 33.3011 28.9257 18.2997 26.4226 30.1126 55.6627 83.0378 125.0129 68.8608 193.5998 72.9376 90.4967 95.8994 84.9769 73.053 9.6419 77.7026 73.8316 89.041 105.1261 72.7746 13.8033 976.4724 671.0792 671.0792 560.7964 94.4112 283.2564 188.0385 215.8879 286.3271 960.3548 265.7823 440.5912 281.5877 118.2586 369.4203 159.8727 269.1587 970.3585;
	3.9076 52.8007 93.2559 119.2533 15.1188 33.8685 29.2534 18.6278 27.8591 30.4062 56.2053 83.8473 126.2316 67.4358 194.6448 73.3313 90.9851 96.4171 86.7952 73.3094 9.7511 79.0266 74.5749 89.6458 105.8765 73.4282 13.8931 967.7307 589.1637 589.1637 582.9007 92.6389 289.3172 188.6987 211.4202 251.3765 950.1689 263.8846 459.9606 283.5978 120.4032 375.7149 160.0238 264.5431 960.0665;
	3.8564 52.1083 93.1574 119.3141 14.7458 33.8102 26.8107 18.4877 27.8856 31.1118 57.5096 85.7931 129.161 68.2247 195.5903 73.6875 91.4271 96.8854 84.4617 73.506 8.9369 78.8904 74.6384 89.3854 106.181 73.8641 13.7324 852.9943 621.4969 621.4969 572.5349 93.6009 281.539 189.2045 213.8937 265.172 832.8328 275.1441 464.4968 284.4135 121.2353 375.0677 178.913 255.6301 841.5082;
	3.7097 50.126 91.4627 115.8852 14.5091 33.6252 26.9498 17.9751 27.0703 31.0625 57.4185 85.6572 128.9564 68.409 197.7878 74.5154 92.4543 97.974 86.4461 72.5058 8.9833 78.4589 74.5706 88.7117 105.9277 73.8753 13.7275 936.1647 672.8222 672.8222 600.7373 98.1717 288.1538 186.6302 214.4714 287.0708 941.9656 267.1878 458.3767 283.7349 118.5526 373.0159 178.0903 251.0933 951.7777;
	3.6812 49.7417 93.858 119.8975 15.0002 34.0321 25.3737 18.5963 26.3141 31.1373 57.5569 85.8635 129.2671 68.2 202.2383 76.1921 94.5346 100.1785 90.6721 73.6938 8.4579 79.4083 74.218 89.8599 106.2072 75.2428 12.9432 968.6424 667.7294 667.7294 604.7565 97.8877 302.2405 189.688 213.8163 284.8979 1043.4545 264.2629 439.0891 284.4835 121.6734 377.5296 188.6906 237.9665 1054.3239;
	3.7614 50.8244 92.9654 118.3586 14.9417 32.7728 26.3049 15.5692 26.6667 30.4442 56.2756 83.9521 126.3894 66.2205 200.1907 75.4207 93.5775 99.1642 85.803 73.3986 8.7683 76.4699 70.2713 86.022 103.957 69.085 11.6349 1102.551 686.3308 686.3308 651.1767 99.1139 286.0099 188.9281 207.6102 292.8345 1090.0545 303.4358 442.1186 278.4562 121.628 363.5598 199.3917 246.8266 1101.4093;
