function loadprofile = ex_load_profilesh1
%EX_LOAD_PROFILE  Example load profile data file for stochastic unit commitment.
% 2022.03.12
% Andres F. Ramirez

%% define constants
[CT_LABEL, CT_PROB, CT_TABLE, CT_TBUS, CT_TGEN, CT_TBRCH, CT_TAREABUS, ...
    CT_TAREAGEN, CT_TAREABRCH, CT_ROW, CT_COL, CT_CHGTYPE, CT_REP, ...
    CT_REL, CT_ADD, CT_NEWVAL, CT_TLOAD, CT_TAREALOAD, CT_LOAD_ALL_PQ, ...
    CT_LOAD_FIX_PQ, CT_LOAD_DIS_PQ, CT_LOAD_ALL_P, CT_LOAD_FIX_P, ...
    CT_LOAD_DIS_P, CT_TGENCOST, CT_TAREAGENCOST, CT_MODCOST_F, ...
    CT_MODCOST_X] = idx_ct;

loadprofile = struct( ...
    'type', 'mpcData', ...
    'table', CT_TAREALOAD, ...
    'rows', [1:11], ...
    'col', CT_LOAD_ALL_P, ...
    'chgtype', 1, ...
    'values', [] );
loadprofile.values(:,1,:) = [
	1452.9711 935.0377 1589.6972 545.9452 737.8061 1116.6987 849.2 242.1003 498.3617 4362.7561 1706.2507;
	1435.3824 936.6 1600.2781 542.2396 767.627 1112.5 835.6 232.9367 482.2875 4251.6776 1651.9529;
	1429.6431 949.6905 1602.6515 547.5 762.9245 1138.0578 846.9918 239.7 479.0777 4314.7669 1671.1264;
	1534.2906 1020.1 1726.1591 565.2891 824.2189 1205.6 890.2 252.2413 495.518 4533.7332 1773.2918;
	1692.6 1131.3844 1920.525 598.0554 967.1996 1351.0655 1000.29 294.5803 579.7975 5088.5142 2036.3235;
	1836.0604 1196.1 2016.3 623.4111 1023.8513 1420.0924 1052.3629 324.4 634.6023 5524.2981 2145.3799;
	1882.1304 1208.2954 2059.8535 628.1257 1032.6795 1457.0566 1112.7267 341.5 677.1 5944.7368 2262.2266;
	1927.3304 1255.6185 2084.5147 618.4 1035.8933 1387.0186 1124.8527 315.7399 706.2609 6247.6008 2239.5988;
	1931.5155 1290.0074 2092.6226 625.5098 1044.2465 1364.1328 1122.5472 309.5011 681.2 6201.6458 2230.0544;
	1956.8446 1292.3356 2112.7832 615.2 1045.1767 1352.2674 1143.1 334.5702 675.5206 6282.1226 2293.9357;
	1929.8542 1285.5572 2109.0036 604.5 1065.0793 1366.0059 1112.79 324.2417 663.9916 6192.9507 2149.6802;
	1923.7228 1268.1717 2093.1531 607.0748 1052.7463 1307.5506 1080.7 309.3236 664.0433 6090.5424 2080.6922;
	1925.7767 1275.3681 2071.6843 599.8713 1046.7302 1267.1446 1078.8448 308.0183 642.4137 6102.8755 2098.5892;
	1909.83 1279.2 2058.0778 593.043 1050.8073 1303.7722 1056.3708 300.3 639.6 5894.91 2031.0201;
	1925.4316 1263.1162 2010.2942 588.8826 1030.5993 1331.721 1085.9633 298.9 652.0176 5922.8768 2123.4012;
	1859.7655 1252.0758 2026.0622 602.9823 1057.9483 1385.6802 1101.4 325.8027 659.0602 5915.8149 2234.1379;
	1848.9131 1261.5936 2074.8554 602.7448 1081.9 1433.3728 1134.294 351.8694 702.7193 6146.056 2366.0898;
	1951.8514 1338.4746 2193.1147 615.3 1121.0438 1476.0649 1180.6406 371.4988 740.2774 6306.9336 2501.6123;
	1982.0126 1320.2477 2145.0969 613.3 1116.6685 1469.9286 1194.5 348.3495 742.9 6228.9731 2520.4426;
	1896.2975 1245.3132 2023.7477 594.6 1032.4448 1396.5601 1134.9451 339.0822 702.609 5991.3984 2444.7421;
	1810.6 1155.0676 1861.208 569.1 905.8 1288.1786 1055.289 290.1521 635.2406 5648.3531 2182.9457;
	1719.1057 1085.2483 1752.6208 548.7532 848.7577 1181.0113 973.9 279.8897 563.5819 5270.9954 1962.5894;
	1611.3083 1001.6 1682.1503 571.5 800.8336 1126.4292 901.6 275.5301 521.9859 4712.0525 1822.1689;
	1562.5654 970.4 1638.8138 587.1186 797.3391 1108.2843 860.4 237.6441 504.1401 4450.4425 1725.9029;
];
