function loadprofile = ex_load_profilesh1
%EX_LOAD_PROFILE  Example load profile data file for stochastic unit commitment.
% 2022.03.12
% Andres F. Ramirez

%% define constants
[CT_LABEL, CT_PROB, CT_TABLE, CT_TBUS, CT_TGEN, CT_TBRCH, CT_TAREABUS, ...
    CT_TAREAGEN, CT_TAREABRCH, CT_ROW, CT_COL, CT_CHGTYPE, CT_REP, ...
    CT_REL, CT_ADD, CT_NEWVAL, CT_TLOAD, CT_TAREALOAD, CT_LOAD_ALL_PQ, ...
    CT_LOAD_FIX_PQ, CT_LOAD_DIS_PQ, CT_LOAD_ALL_P, CT_LOAD_FIX_P, ...
    CT_LOAD_DIS_P, CT_TGENCOST, CT_TAREAGENCOST, CT_MODCOST_F, ...
    CT_MODCOST_X] = idx_ct;

loadprofile = struct( ...
    'type', 'mpcData', ...
    'table', CT_TAREALOAD, ...
    'rows', [1:11], ...
    'col', CT_LOAD_ALL_P, ...
    'chgtype', 1, ...
    'values', [] );
loadprofile.values(:,1,:) = [
	1490.424 895.5872 1455.6773 505.4271 700.2361 1085.4896 833.1331 279.4685 489.2518 4328.849 1653.1961;
	1475.3945 905.8 1480.8902 503.2492 673.7934 1088.2746 826.1846 277.1072 490.0 4147.4431 1623.9204;
	1489.2 920.4506 1464.0585 500.5235 690.786 1098.3234 826.8377 291.4 500.3 4312.9957 1691.614;
	1556.8317 985.2445 1574.0618 533.2916 747.5483 1156.5029 875.3003 308.4571 528.6002 4577.5938 1757.2;
	1700.87 1096.0 1778.5914 573.3514 866.7039 1263.3052 975.881 358.1643 599.9331 5118.3965 2020.3;
	1786.1928 1184.8 1895.7497 583.0245 957.6832 1363.7435 1040.6263 409.4082 675.5 5738.0264 2214.7288;
	1885.8983 1215.1215 1917.239 571.2026 961.6577 1413.1775 1035.5 398.2065 681.9112 6030.4503 2259.1047;
	1892.5242 1224.5119 1922.4718 585.8288 951.6047 1410.0892 1025.7077 419.4053 673.4743 6248.1453 2259.1;
	1901.2714 1234.4 1973.5754 589.9415 957.3582 1381.0276 996.1274 434.2306 651.7 6324.3512 2224.3154;
	1906.7633 1259.4611 1988.3749 581.9028 956.5131 1424.5916 1014.3529 442.4723 656.6262 6375.5996 2274.0195;
	1839.0493 1223.5037 1948.816 576.1833 931.3642 1360.0192 989.3661 433.8186 648.7 6464.6831 2284.4982;
	1826.5512 1207.688 1966.9987 567.3318 941.1 1409.6 1004.7 378.0307 655.1801 6408.0372 2318.132;
	1823.0064 1209.0172 1949.7115 569.1572 924.629 1390.9046 1016.1798 390.4136 670.0351 6510.6764 2472.6354;
	1785.5815 1198.7 1899.4124 561.5 908.2925 1363.9817 1005.1663 397.6818 662.4 6526.6872 2509.858;
	1750.672 1150.767 1814.2924 563.1258 883.2889 1337.8467 1004.979 349.1205 642.8 6329.3215 2327.3236;
	1621.1667 1174.3147 1845.8197 578.1965 918.3931 1364.662 1047.495 356.8 658.7967 6356.6258 2375.3339;
	1613.5765 1141.6448 1874.142 573.5 949.9953 1416.136 1070.8514 394.3133 687.6115 6270.7307 2563.1757;
	1773.0676 1229.3895 1981.3 587.975 995.7042 1499.8081 1157.9 417.47 727.4643 6336.8792 2742.9071;
	1804.4831 1250.0074 1966.4726 578.5724 990.9419 1467.145 1153.8734 402.3447 706.2642 6165.0194 2559.4225;
	1729.6192 1189.5252 1874.8986 560.6 930.0477 1405.37 1129.0648 394.7874 675.1073 6075.2992 2578.8103;
	1675.1707 1109.1 1760.5001 532.115 864.3197 1310.1 1047.5554 349.2863 632.6987 5695.029 2343.8779;
	1550.1311 1032.7485 1659.4941 514.4319 799.1733 1201.6418 943.4158 323.4114 586.6 5287.4535 2144.6822;
	1537.406 983.4 1622.4592 542.9332 798.4 1160.1 896.2439 324.3572 551.3 5000.1 2016.4439;
	1470.6284 916.4544 1536.086 548.0679 762.2201 1121.7382 865.1426 298.0507 568.1862 4662.2093 1826.1796;
];
