function windprofile = ex_wind_profilesh1
%EX_WIND_PROFILE_D  Example wind_load_nyiso profile data for deterministic unit commitment.
% 2022.03.12
% Andres F. Ramirez


%% define constants
[GEN_BUS, PG, QG, QMAX, QMIN, VG, MBASE, GEN_STATUS, PMAX, PMIN, ...
    MU_PMAX, MU_PMIN, MU_QMAX, MU_QMIN, PC1, PC2, QC1MIN, QC1MAX, ...
    QC2MIN, QC2MAX, RAMP_AGC, RAMP_10, RAMP_30, RAMP_Q, APF] = idx_gen;
[CT_LABEL, CT_PROB, CT_TABLE, CT_TBUS, CT_TGEN, CT_TBRCH, CT_TAREABUS, ...
    CT_TAREAGEN, CT_TAREABRCH, CT_ROW, CT_COL, CT_CHGTYPE, CT_REP, ...
    CT_REL, CT_ADD, CT_NEWVAL, CT_TLOAD, CT_TAREALOAD, CT_LOAD_ALL_PQ, ...
    CT_LOAD_FIX_PQ, CT_LOAD_DIS_PQ, CT_LOAD_ALL_P, CT_LOAD_FIX_P, ...
    CT_LOAD_DIS_P, CT_TGENCOST, CT_TAREAGENCOST, CT_MODCOST_F, ...
    CT_MODCOST_X] = idx_ct;

windprofile = struct( ...
    'type', 'mpcData', ...
    'table', CT_TGEN, ...
    'rows', [1:45], ...
    'col', PMAX, ...
    'chgtype', 1, ...
    'values', [] );
windprofile.values(:,1,:) = [
	3.7947 51.2744 92.8173 109.0851 14.2662 32.3194 27.926 18.2054 26.7754 29.29 54.1422 80.7695 121.598 63.6215 189.8969 71.5425 88.7658 94.0652 36.656 68.3102 9.3087 75.4119 70.5685 88.3768 104.1304 73.1643 13.6136 1209.5652 686.2934 686.2934 601.1351 114.2994 122.1868 175.8307 199.4619 292.8185 1212.0634 229.0135 437.3941 278.9207 117.8728 358.5295 138.5843 266.5178 1224.6891;
	3.6695 49.583 92.6849 116.7729 14.0545 31.4083 28.9532 18.359 26.5229 28.068 51.8832 77.3996 116.5247 64.6675 188.9661 71.1919 88.3307 93.6041 30.6765 70.971 9.6511 73.286 65.5385 88.0997 102.9099 71.1332 13.636 1235.0443 711.7618 711.7618 623.8659 118.5765 102.255 182.6796 202.7413 303.685 1174.7616 247.4481 434.449 275.6516 121.0333 348.4227 127.0017 271.4206 1186.9987;
	3.7671 50.9012 95.0666 67.1877 14.3801 32.9462 28.9547 18.303 26.6605 27.9974 51.7528 77.205 116.2317 64.6421 192.2257 72.4199 89.8543 95.2188 31.8429 69.4532 9.6516 76.8744 67.1761 89.0759 105.453 72.4297 13.8513 1188.0753 690.2791 690.2791 561.6425 120.3026 106.1429 178.7726 202.6616 294.5191 1190.7875 238.7502 425.9348 282.4635 121.3671 365.4828 137.4638 274.2966 1203.1915;
	3.6002 48.6465 91.863 76.8294 14.295 32.2141 26.7677 17.9991 26.138 28.6005 52.8675 78.868 118.7353 62.8659 200.6528 75.5948 93.7935 99.3931 45.4546 71.1442 8.9226 75.1662 60.8859 89.0015 103.2857 72.4385 13.4958 1162.6563 641.8474 641.8474 513.3654 107.4098 151.5154 183.1254 197.0931 273.8549 1054.5355 238.0566 391.7384 276.658 120.4827 357.3616 161.1328 266.9942 1065.5202;
	3.3663 45.4863 94.4846 117.4314 14.1707 32.004 23.0443 18.3874 26.9287 28.803 53.242 79.4266 119.5763 64.2812 195.9299 73.8154 91.5858 97.0536 81.0189 71.0414 7.6814 74.6761 42.8624 88.8606 105.4204 73.6909 13.4793 1150.905 622.9356 622.9356 515.9282 107.4616 270.0629 182.8608 201.5301 265.7859 1129.7924 244.5195 438.6471 282.3762 117.5845 355.0314 171.3926 267.1696 1141.5611;
	3.7244 50.3246 93.0578 115.2745 14.7211 33.7892 27.8399 18.0479 27.0926 29.7904 55.0672 82.1494 123.6755 67.3203 198.5926 74.8186 92.8305 98.3726 89.3632 71.2683 9.28 78.8414 68.6861 88.4694 103.5215 72.2543 13.5825 1189.8944 703.0515 703.0515 493.7136 105.0806 297.8773 183.4449 211.0583 299.9687 1131.8326 226.6371 445.069 277.2896 114.8834 374.8347 194.3558 269.1625 1143.6225;
	3.6997 49.9913 92.3546 114.6672 15.1563 33.8698 29.021 18.0794 27.2117 30.6001 56.5638 84.3821 127.0368 67.8289 199.2583 75.0694 93.1417 98.7024 90.9139 71.7688 9.6737 79.0294 73.9542 88.3378 100.1108 74.5453 13.2294 1235.4821 756.3968 756.3968 557.5061 105.6087 303.0463 184.7331 212.6529 322.7293 1158.3876 250.6495 445.585 268.1538 121.3397 375.7285 196.1723 261.6061 1170.4542;
	3.8595 52.1498 90.3257 115.1922 15.1065 33.8908 29.3729 17.9373 27.6253 30.3551 56.1109 83.7064 126.0196 68.5627 200.9172 75.6944 93.9171 99.5241 89.4187 72.091 9.791 79.0786 74.6525 87.8937 103.585 74.5838 13.1289 1151.2693 700.6086 700.6086 518.5584 90.1396 298.0624 185.5624 214.9532 298.9264 1119.9311 238.7833 464.1438 277.4598 121.2359 375.9624 195.4418 261.1751 1131.5971;
	3.882 52.454 92.938 119.3753 14.9901 34.4907 29.5147 18.6275 28.4018 30.746 56.8335 84.7844 127.6425 69.0664 200.2249 75.4336 93.5935 99.1812 90.2408 71.0465 9.8382 80.4783 74.7402 88.9612 105.153 74.441 13.7889 1169.7766 739.9205 739.9205 580.1115 82.511 300.8028 182.8739 216.5324 315.6994 1148.8937 268.8741 470.3467 281.6598 121.0191 382.6167 178.3525 269.0094 1160.8614;
	3.7778 51.0464 90.3082 116.8991 14.7542 33.7274 29.0001 18.5122 27.8822 29.8628 55.2009 82.3488 123.9757 68.0645 200.3575 75.4835 93.6555 99.2469 89.1477 71.6262 9.6667 78.6972 73.7123 87.0029 103.2855 72.6556 13.1665 1164.9638 739.2715 739.2715 625.8789 91.4008 297.159 184.366 213.3913 315.4225 1111.6201 282.7696 446.7601 276.6575 118.5815 374.149 159.6582 265.7821 1123.1994;
	3.6587 49.4365 88.8348 114.629 14.845 34.0954 26.5347 18.2158 28.2288 30.1288 55.6927 83.0825 125.0802 67.4311 202.8503 76.4227 94.8207 100.4817 88.3588 70.7336 8.8449 79.5558 74.7394 87.9724 101.3793 72.5611 12.9921 1136.3589 725.3017 725.3017 626.9201 92.6215 294.5294 182.0684 211.4057 309.4621 1037.1085 281.5511 449.5492 271.5516 119.0976 378.2312 159.2811 269.2406 1047.9117;
	3.6868 49.8172 90.2433 118.2689 14.0993 34.2148 26.8902 18.7144 27.4092 28.9631 53.5379 79.868 120.2409 67.4754 201.7166 75.9956 94.2908 99.9201 88.8426 69.5593 8.9634 79.8345 72.7106 88.085 104.0903 71.341 13.2862 1052.4688 731.8784 731.8784 656.1409 97.4967 296.1419 179.0459 211.5446 312.2681 1049.2447 277.6037 444.3707 278.8132 122.4803 379.5562 176.9114 269.6945 1060.1744;
	3.5737 48.2879 89.5478 118.7259 14.1474 33.8465 29.1378 17.9807 27.221 29.3631 54.2772 80.9709 121.9012 66.4963 197.1123 74.2609 92.1386 97.6394 84.0466 69.8155 9.7126 78.9751 73.5676 88.758 103.9695 71.6242 12.9243 1006.7368 730.0344 730.0344 671.0861 103.2412 280.1552 179.7053 208.475 311.4813 958.5546 290.0552 449.9898 278.4898 119.6356 375.47 155.0054 255.8656 968.5395;
	3.7395 50.529 88.7908 116.0885 14.5845 34.3835 29.6213 17.8574 26.8461 29.2595 54.0857 80.6853 121.4712 65.9423 199.1553 75.0306 93.0935 98.6514 89.1127 70.1285 9.8738 80.2281 73.6164 87.1287 101.7644 71.1267 13.1216 1011.9639 635.0236 635.0236 657.6925 101.6871 297.0425 180.5111 206.7382 270.9434 929.6504 296.1685 455.0584 272.5832 115.6497 381.4275 156.2397 265.7114 939.3343;
	3.7309 50.4128 89.2503 113.8558 14.7211 34.2467 26.8992 17.6157 26.916 30.5619 56.4933 84.2768 126.8783 66.5087 191.7796 72.2518 89.6458 94.9978 85.8355 69.1366 8.9664 79.9091 73.0847 87.3053 100.6504 72.1977 12.9578 996.6772 657.0976 657.0976 669.5746 106.2431 286.1183 177.9579 208.5137 280.3616 847.1772 313.0988 457.1674 269.5993 116.1528 379.9105 181.5118 254.8834 856.002;
	3.7389 50.5202 88.0604 112.7808 14.6192 34.1333 27.5072 17.3938 26.7759 29.4309 54.4025 81.1579 122.1827 65.5161 197.2039 74.2954 92.1814 97.6847 87.9645 69.3434 9.1691 79.6443 73.1086 84.94 99.3251 71.7753 13.0246 1060.4862 710.1619 710.1619 657.2036 111.5785 293.2151 178.4901 205.4018 303.0024 974.6729 304.5769 450.4001 266.0494 114.3733 378.6515 187.6255 255.2119 984.8257;
	3.5644 48.1628 88.9608 114.2183 14.3462 32.8838 26.34 17.0615 26.5144 29.7206 54.938 81.9567 123.3854 64.3601 197.8771 74.5491 92.496 98.0182 90.6922 71.222 8.78 76.7289 71.7461 86.6029 98.4661 71.3237 12.0374 1032.9665 703.1448 703.1448 668.1679 106.395 302.3074 183.3256 201.7775 300.0085 1044.7613 295.2273 448.4951 263.7484 115.8818 364.7913 179.4376 240.822 1055.6443;
	3.7509 50.6823 89.4548 116.7364 14.1327 32.2794 26.4923 14.5378 27.5908 29.8125 55.108 82.2103 123.7671 67.0719 201.4904 75.9103 94.185 99.808 92.0811 72.4875 8.8308 75.3186 71.0638 86.535 99.9453 67.2812 11.8507 1152.7358 698.807 698.807 635.4003 98.8707 306.9371 186.583 210.2796 298.1577 1043.5339 292.5794 450.8314 267.7106 116.2477 358.0862 182.8555 245.7985 1054.4041;
