function loadprofile = ex_load_profilesh1
%EX_LOAD_PROFILE  Example load profile data file for stochastic unit commitment.
% 2022.03.12
% Andres F. Ramirez

%% define constants
[CT_LABEL, CT_PROB, CT_TABLE, CT_TBUS, CT_TGEN, CT_TBRCH, CT_TAREABUS, ...
    CT_TAREAGEN, CT_TAREABRCH, CT_ROW, CT_COL, CT_CHGTYPE, CT_REP, ...
    CT_REL, CT_ADD, CT_NEWVAL, CT_TLOAD, CT_TAREALOAD, CT_LOAD_ALL_PQ, ...
    CT_LOAD_FIX_PQ, CT_LOAD_DIS_PQ, CT_LOAD_ALL_P, CT_LOAD_FIX_P, ...
    CT_LOAD_DIS_P, CT_TGENCOST, CT_TAREAGENCOST, CT_MODCOST_F, ...
    CT_MODCOST_X] = idx_ct;

loadprofile = struct( ...
    'type', 'mpcData', ...
    'table', CT_TAREALOAD, ...
    'rows', [1:11], ...
    'col', CT_LOAD_ALL_P, ...
    'chgtype', 1, ...
    'values', [] );
loadprofile.values(:,1,:) = [
	1478.9704 850.5715 1437.4381 556.5 677.1196 1146.857 859.6 262.5835 504.1 4467.4197 1683.0386;
	1462.0978 826.6964 1447.4706 560.015 704.6326 1145.2001 854.2086 250.7 498.9588 4413.5 1663.8256;
	1488.4233 846.0997 1437.2592 575.3034 687.2092 1161.1226 866.7 254.6516 512.8925 4427.7527 1696.2362;
	1564.0135 925.2606 1550.05 581.3 776.0229 1222.4433 897.6314 274.3 526.7948 4621.644 1798.7453;
	1698.0 1004.556 1723.657 610.8891 905.1 1354.5463 983.5868 300.9432 575.1303 4956.9957 2000.2761;
	1822.7289 1087.782 1866.7255 622.5821 985.2603 1457.4058 1075.2052 345.5974 660.5 5623.9787 2190.8836;
	1863.2479 1136.6382 1898.0235 605.6 1015.4851 1486.2 1133.8877 352.6487 680.8 6026.3705 2254.4773;
	1876.8293 1192.089 1948.5819 603.179 1083.3231 1488.7278 1169.0919 356.9 692.9295 6246.1301 2283.6083;
	1897.4 1203.976 1967.7373 585.9938 1070.2324 1463.9266 1152.9089 359.8476 689.3417 6280.8 2224.8592;
	1874.7998 1190.5372 1927.5797 586.6748 1069.5 1481.9315 1195.0261 375.8421 704.2835 6413.0115 2278.5235;
	1852.7737 1175.3305 1896.9061 574.0176 1067.7189 1436.6616 1180.4236 369.4361 680.6 6404.3286 2142.0565;
	1861.6703 1169.348 1876.0599 578.1 1050.5 1409.6133 1137.742 348.5966 678.4385 6411.7 2144.8017;
	1832.5788 1147.3707 1855.2663 564.3027 1008.331 1326.7693 1104.5577 326.9733 666.0936 6434.1573 2171.9614;
	1842.1041 1178.958 1862.5622 570.3728 1012.9433 1342.9 1068.0358 336.9 665.1293 6465.5306 2249.1;
	1818.9869 1163.523 1886.6286 569.4 976.9958 1382.2098 1057.2028 319.2598 665.8769 6351.1658 2247.1885;
	1793.8281 1186.4259 1941.1844 574.0054 1002.8 1456.4627 1131.5641 329.8002 713.324 6322.9148 2338.724;
	1800.61 1216.952 1979.3065 582.1815 1020.7749 1491.5 1189.6345 359.209 720.7444 6220.1965 2471.5986;
	1821.6234 1247.8733 2020.5622 587.8213 1055.1 1551.3421 1237.1888 385.3774 741.0 6169.5608 2482.5065;
	1791.26 1213.0335 1947.6361 594.0528 1009.454 1515.9009 1184.4971 379.7957 733.1 6107.9802 2522.3453;
	1728.9026 1143.8969 1875.3672 578.2974 935.2001 1418.0 1105.0845 346.4 673.5829 5854.4354 2326.4185;
	1644.6092 1069.4511 1744.369 557.3839 856.2859 1308.2 1015.3032 299.9756 619.6591 5204.8744 2078.5594;
	1571.6924 1010.2695 1683.0032 552.5606 833.5405 1226.0 962.7107 292.3425 587.4965 5068.7275 1940.2424;
	1519.3759 976.4289 1645.6838 554.4056 819.3521 1178.9263 937.3402 296.2419 591.5524 5021.8296 1988.2264;
	1516.9825 975.9 1639.7 557.7339 816.1 1160.9106 913.8 287.2 586.2635 4894.3281 2005.0593;
];
