function loadprofile = ex_load_profilesh1
%EX_LOAD_PROFILE  Example load profile data file for stochastic unit commitment.
% 2022.03.12
% Andres F. Ramirez

%% define constants
[CT_LABEL, CT_PROB, CT_TABLE, CT_TBUS, CT_TGEN, CT_TBRCH, CT_TAREABUS, ...
    CT_TAREAGEN, CT_TAREABRCH, CT_ROW, CT_COL, CT_CHGTYPE, CT_REP, ...
    CT_REL, CT_ADD, CT_NEWVAL, CT_TLOAD, CT_TAREALOAD, CT_LOAD_ALL_PQ, ...
    CT_LOAD_FIX_PQ, CT_LOAD_DIS_PQ, CT_LOAD_ALL_P, CT_LOAD_FIX_P, ...
    CT_LOAD_DIS_P, CT_TGENCOST, CT_TAREAGENCOST, CT_MODCOST_F, ...
    CT_MODCOST_X] = idx_ct;

loadprofile = struct( ...
    'type', 'mpcData', ...
    'table', CT_TAREALOAD, ...
    'rows', [1:11], ...
    'col', CT_LOAD_ALL_P, ...
    'chgtype', 1, ...
    'values', [] );
loadprofile.values(:,1,:) = [
	1438.267 894.49 1514.5 541.5431 753.0935 1010.7744 773.4857 215.9939 492.303 4306.0216 1625.8706;
	1467.9607 925.389 1558.5 546.0044 786.375 1049.8407 799.1078 238.0107 500.4718 4401.822 1655.8;
	1470.1808 939.8816 1608.0007 554.7 807.3538 1064.5535 803.0512 234.5591 499.5327 4351.4894 1657.8898;
	1541.2679 1024.9398 1732.6 570.4909 867.6659 1148.2092 873.3956 263.8 530.7 4628.4126 1766.2379;
	1674.2579 1146.1 1938.1207 610.8842 983.7047 1287.4355 974.8015 311.7719 619.1438 5267.8644 2042.6897;
	1846.0498 1215.6507 2069.7233 641.4206 1055.2593 1410.9257 1058.7018 347.2969 682.3993 5883.0767 2182.6689;
	1853.8726 1243.1132 2119.9507 630.0 1025.3 1432.7 1056.4449 349.8809 685.3 6139.1042 2189.4702;
	1887.7365 1265.6719 2133.0811 620.8109 1045.8 1475.5225 1079.036 361.1 691.2267 6374.3252 2230.3322;
	1918.5 1325.6593 2191.182 610.1 1067.3323 1484.2093 1074.0055 362.3 687.2527 6422.608 2187.5345;
	1922.493 1316.5291 2153.4418 627.1943 1034.955 1488.3089 1089.1524 335.6927 678.6674 6453.1563 2094.5262;
	1914.3151 1363.8122 2142.7344 616.0035 1026.8806 1489.0688 1107.0999 341.8 689.6717 6496.0 2112.2341;
	1932.3169 1344.5882 2162.8069 601.4 1008.565 1507.6567 1133.5491 352.4997 711.3 6568.6 2160.9713;
	1906.7561 1313.469 2055.4242 587.3 962.8915 1424.4368 1063.5649 348.7628 696.751 6461.3994 2139.2916;
	1915.9 1303.7157 2009.6185 584.6903 957.0811 1433.124 1070.2128 334.5003 715.9 6384.2689 2173.0323;
	1873.7136 1287.15 2002.5036 600.1641 962.2713 1424.5581 1090.5007 344.1331 707.9446 6403.0875 2208.5949;
	1924.7728 1324.1281 2074.5325 604.2239 982.6464 1470.8321 1147.3321 364.0521 720.3512 6564.8664 2364.8335;
	1907.2642 1309.6218 2061.8415 599.3 1026.3543 1480.349 1134.8441 365.6 716.2371 6308.2727 2370.6;
	1957.4702 1331.1226 2126.0374 617.6322 1090.1292 1530.6179 1188.0179 405.8 768.1054 6462.8651 2555.7596;
	1989.6698 1290.5648 2106.8233 612.1 1057.5 1512.4348 1181.5764 390.0191 740.9 6263.9924 2500.6616;
	1935.9859 1256.0808 1998.2591 599.0325 1016.2845 1434.5425 1127.9833 366.3623 716.9962 6118.1897 2459.1828;
	1865.3105 1172.3161 1884.3 577.3742 969.3459 1351.2421 1045.1131 342.2649 657.3504 5731.6062 2239.4927;
	1780.4362 1113.1593 1828.2454 569.4 923.7 1262.6698 985.4616 320.6283 622.9472 5337.4228 2112.6747;
	1652.1834 1020.5382 1698.2456 561.7088 825.7337 1136.2476 892.2438 280.0 556.7002 4891.5592 1865.1;
	1619.4791 1006.5 1664.2974 569.2685 810.6502 1141.7681 872.366 268.149 536.7773 4622.1 1809.4478;
];
