function loadprofile = ex_load_profilesh1
%EX_LOAD_PROFILE  Example load profile data file for stochastic unit commitment.
% 2022.03.12
% Andres F. Ramirez

%% define constants
[CT_LABEL, CT_PROB, CT_TABLE, CT_TBUS, CT_TGEN, CT_TBRCH, CT_TAREABUS, ...
    CT_TAREAGEN, CT_TAREABRCH, CT_ROW, CT_COL, CT_CHGTYPE, CT_REP, ...
    CT_REL, CT_ADD, CT_NEWVAL, CT_TLOAD, CT_TAREALOAD, CT_LOAD_ALL_PQ, ...
    CT_LOAD_FIX_PQ, CT_LOAD_DIS_PQ, CT_LOAD_ALL_P, CT_LOAD_FIX_P, ...
    CT_LOAD_DIS_P, CT_TGENCOST, CT_TAREAGENCOST, CT_MODCOST_F, ...
    CT_MODCOST_X] = idx_ct;

loadprofile = struct( ...
    'type', 'mpcData', ...
    'table', CT_TAREALOAD, ...
    'rows', [1:11], ...
    'col', CT_LOAD_ALL_P, ...
    'chgtype', 1, ...
    'values', [] );
loadprofile.values(:,1,:) = [
	1503.9257 926.7113 1564.0426 551.9953 797.6739 1143.7524 856.5 255.7 529.7073 4505.0389 1669.8485;
	1511.5095 934.516 1568.3373 545.4859 788.2696 1156.6696 866.3736 248.8 531.6492 4425.1336 1678.8232;
	1544.2921 964.4497 1598.2003 554.3062 797.0317 1182.0511 876.7642 254.5 525.2626 4444.9832 1718.1948;
	1632.9911 1035.1817 1721.4 563.1354 861.2166 1242.2957 911.1921 284.5281 548.2867 4685.3093 1813.395;
	1810.9085 1163.0502 1938.4194 581.7 975.2588 1360.56 1020.281 334.9955 625.0231 5336.7859 2097.4728;
	1921.7707 1255.5196 2090.0124 603.0134 1034.3899 1427.6456 1089.8867 356.8 680.2104 5891.4358 2218.6647;
	1973.5979 1288.7065 2150.8094 604.4004 1060.0884 1442.4655 1119.9102 372.1275 706.0175 6270.6025 2263.7177;
	1957.7659 1276.0729 2092.294 582.9377 1041.7 1435.5235 1098.1067 378.5932 688.9415 6386.638 2215.3782;
	1985.1945 1305.9405 2140.5489 586.856 1089.9689 1482.5196 1126.1852 394.3759 714.3229 6537.4119 2225.2919;
	2001.4 1394.1475 2246.3243 591.3112 1138.3084 1538.598 1192.9823 447.2249 740.8038 6692.4741 2347.452;
	1955.4776 1367.7709 2232.0504 589.7401 1121.3055 1467.9254 1153.4627 428.6961 722.3369 6606.3871 2326.8339;
	1932.5651 1365.4201 2217.8411 593.5173 1096.5 1484.1334 1170.5452 394.6594 722.2118 6564.7078 2426.2;
	1908.2311 1288.9718 2125.4591 571.3 1062.2895 1457.4089 1131.0845 375.0382 701.1738 6411.8618 2262.4608;
	1873.9919 1260.7496 2081.9128 566.3222 1036.6969 1416.5601 1085.0849 353.4899 672.7967 6328.8382 2247.3229;
	1873.8751 1260.4972 2036.6549 567.987 1046.5523 1452.5303 1112.0009 346.8 688.9178 6379.9383 2297.0333;
	1854.2372 1270.8376 2013.7831 585.2 1005.2257 1458.8855 1103.8 338.9 666.8611 6331.1713 2328.1184;
	1822.8387 1271.9478 2055.7653 602.0022 1024.2317 1544.0 1191.5771 390.8546 695.1976 6334.2846 2545.8977;
	1875.6 1296.1926 2129.1512 618.9884 1015.4856 1568.3517 1266.6536 410.7012 727.9 6341.7241 2581.4102;
	1946.2 1342.9533 2138.3141 623.0019 998.4144 1509.7829 1299.0367 415.5874 734.5 6313.7419 2573.1114;
	1861.3999 1244.6748 1987.6531 599.3419 932.5865 1404.2124 1153.1412 380.8 696.7881 5991.6008 2380.6779;
	1757.7 1153.6776 1863.4471 584.8586 867.5517 1305.48 1058.4276 348.8392 640.0234 5529.6161 2170.278;
	1697.2438 1092.1029 1748.9856 565.7 807.8068 1254.0 1021.0581 320.8847 612.4719 5283.3758 2054.5268;
	1653.0911 993.8508 1662.5397 583.7342 820.7102 1190.6796 958.3114 302.1257 597.4691 4900.1242 1890.1741;
	1644.8589 965.9951 1621.8409 583.6261 820.1726 1153.7625 906.6214 284.4378 553.5 4624.6042 1790.2667;
];
