function loadprofile = ex_load_profilesh1
%EX_LOAD_PROFILE  Example load profile data file for stochastic unit commitment.
% 2022.03.12
% Andres F. Ramirez

%% define constants
[CT_LABEL, CT_PROB, CT_TABLE, CT_TBUS, CT_TGEN, CT_TBRCH, CT_TAREABUS, ...
    CT_TAREAGEN, CT_TAREABRCH, CT_ROW, CT_COL, CT_CHGTYPE, CT_REP, ...
    CT_REL, CT_ADD, CT_NEWVAL, CT_TLOAD, CT_TAREALOAD, CT_LOAD_ALL_PQ, ...
    CT_LOAD_FIX_PQ, CT_LOAD_DIS_PQ, CT_LOAD_ALL_P, CT_LOAD_FIX_P, ...
    CT_LOAD_DIS_P, CT_TGENCOST, CT_TAREAGENCOST, CT_MODCOST_F, ...
    CT_MODCOST_X] = idx_ct;

loadprofile = struct( ...
    'type', 'mpcData', ...
    'table', CT_TAREALOAD, ...
    'rows', [1:11], ...
    'col', CT_LOAD_ALL_P, ...
    'chgtype', 1, ...
    'values', [] );
loadprofile.values(:,1,:) = [
	1413.9229 877.3134 1552.2 569.1557 755.0549 1091.9943 853.305 263.7258 511.4137 4406.7458 1624.1432;
	1447.6947 887.0069 1530.7955 572.0041 756.536 1098.9 869.599 265.0773 513.6771 4412.7217 1627.8861;
	1477.1267 902.7 1580.4429 573.4162 786.8103 1104.2188 868.9854 271.6291 503.825 4410.5972 1621.2;
	1554.1443 996.5314 1695.7932 593.0 831.6485 1191.3007 932.3768 290.0 545.7318 4703.9781 1726.6219;
	1673.8581 1094.6782 1849.1061 604.8 924.2109 1316.9508 1022.1 316.7744 614.9 5227.0647 1923.5879;
	1775.8094 1158.7672 1937.1405 602.6827 1018.6 1403.0262 1074.0 353.0 679.4 5842.6741 2046.1365;
	1836.2963 1223.3 2014.7085 611.0134 1058.0785 1442.3697 1071.2349 346.6399 687.5371 6155.482 2152.0022;
	1830.3225 1246.8805 2037.1 601.7 1053.1 1476.6916 1092.5602 346.3518 701.9355 6348.7014 2107.5342;
	1804.7684 1218.425 1995.9182 590.9824 1055.0574 1473.2267 1063.1071 343.7 690.2153 6287.5733 2004.1263;
	1834.0015 1237.7 2049.4315 581.2364 1066.3571 1495.3 1045.2528 325.6 690.4012 6092.0796 1872.3853;
	1809.9729 1236.5 2027.0391 580.4568 1081.3301 1466.05 1015.9968 328.2233 681.3623 6167.3363 1899.4153;
	1847.2184 1228.4644 1996.2473 592.803 1022.2916 1386.9948 991.3938 318.1 690.779 6260.8913 1941.9779;
	1829.9746 1226.3889 2045.0407 586.3 1040.955 1397.3592 1042.519 342.9 695.0977 6259.0172 1977.1525;
	1847.1908 1233.4929 2023.4798 575.4313 1008.0033 1356.2571 1034.877 359.8 676.5911 6254.6192 2012.0619;
	1835.7701 1232.4595 2017.1225 582.4142 1034.5561 1379.7623 1075.8128 370.6676 677.6154 6237.3118 2086.466;
	1805.5395 1263.8409 2046.6221 597.8633 1057.2656 1423.4799 1140.6 370.723 687.9 6217.8081 2219.6711;
	1780.61 1222.7032 1989.0878 612.2937 1065.7 1438.9758 1151.5347 380.78 694.6736 6136.1299 2301.0519;
	1854.3248 1304.5565 2115.2314 609.5193 1109.0 1491.1003 1198.4549 408.7539 726.5 6193.3709 2402.281;
	1861.0633 1292.6 2085.1294 621.0548 1095.9319 1463.3488 1195.0123 401.0105 725.6517 6054.3121 2380.8637;
	1786.9072 1202.8198 1953.4938 600.0 1030.7939 1386.8131 1121.2384 373.7 679.0738 5843.5643 2227.2158;
	1702.9232 1103.9712 1791.6481 568.5 957.6 1272.3 1052.8163 341.044 623.1065 5495.1208 2045.034;
	1611.4383 1008.2447 1638.0248 546.8 876.7 1178.803 973.7367 312.9772 575.8197 5059.2717 1882.1767;
	1535.2056 968.8 1645.8062 577.3792 821.2758 1130.3635 896.6 284.4 519.8113 4598.6457 1643.0147;
	1550.9882 984.7 1649.1566 585.2 823.099 1141.0213 894.5799 273.518 507.7206 4562.1755 1731.8462;
];
