function windprofile = ex_wind_profilesh1
%EX_WIND_PROFILE_D  Example wind_load_nyiso profile data for deterministic unit commitment.
% 2022.03.12
% Andres F. Ramirez


%% define constants
[GEN_BUS, PG, QG, QMAX, QMIN, VG, MBASE, GEN_STATUS, PMAX, PMIN, ...
    MU_PMAX, MU_PMIN, MU_QMAX, MU_QMIN, PC1, PC2, QC1MIN, QC1MAX, ...
    QC2MIN, QC2MAX, RAMP_AGC, RAMP_10, RAMP_30, RAMP_Q, APF] = idx_gen;
[CT_LABEL, CT_PROB, CT_TABLE, CT_TBUS, CT_TGEN, CT_TBRCH, CT_TAREABUS, ...
    CT_TAREAGEN, CT_TAREABRCH, CT_ROW, CT_COL, CT_CHGTYPE, CT_REP, ...
    CT_REL, CT_ADD, CT_NEWVAL, CT_TLOAD, CT_TAREALOAD, CT_LOAD_ALL_PQ, ...
    CT_LOAD_FIX_PQ, CT_LOAD_DIS_PQ, CT_LOAD_ALL_P, CT_LOAD_FIX_P, ...
    CT_LOAD_DIS_P, CT_TGENCOST, CT_TAREAGENCOST, CT_MODCOST_F, ...
    CT_MODCOST_X] = idx_ct;

windprofile = struct( ...
    'type', 'mpcData', ...
    'table', CT_TGEN, ...
    'rows', [1:45], ...
    'col', PMAX, ...
    'chgtype', 1, ...
    'values', [] );
windprofile.values(:,1,:) = [
	3.6861 49.8067 93.4252 111.9616 14.7724 31.7886 30.364 18.8963 28.3572 30.2666 55.9474 83.4625 125.6523 67.4392 205.3364 77.3593 95.9828 101.7132 28.0784 73.4514 10.1213 74.1734 73.0602 88.5513 105.2979 73.8934 14.1129 1167.5327 748.2898 748.2898 654.8487 118.7172 93.5947 189.0641 211.431 319.2703 1221.5975 250.4243 472.8971 282.0478 120.1859 352.6416 128.238 277.8007 1234.3225;
	3.669 49.5766 93.5231 119.2132 14.8733 30.4686 30.976 18.9504 28.1111 29.3557 54.2636 80.9507 121.8708 67.7416 201.6882 75.9849 94.2775 99.906 28.9313 73.1568 10.3253 71.0933 69.9995 88.6415 105.3559 72.0909 14.0272 1183.5253 770.8564 770.8564 648.7568 118.1299 96.4376 188.3058 212.379 328.8987 1248.0982 249.8705 471.0103 282.2034 121.5841 337.9979 129.1799 277.4705 1261.0992;
	3.7915 51.2314 94.2776 66.2424 15.1596 32.1002 30.4997 19.0746 27.8412 29.7212 54.9392 81.9584 123.388 67.1495 202.582 76.3216 94.6953 100.3487 32.9262 73.193 10.1666 74.9004 70.8179 89.5265 106.333 73.0638 14.128 1188.5828 746.7929 746.7929 619.6847 114.2472 109.754 188.399 210.5229 318.6317 1251.9364 240.248 465.2841 284.8205 123.291 356.0978 135.1616 278.5321 1264.9774;
	3.6436 49.2335 92.1997 81.6329 14.9739 32.0358 28.6445 18.8859 27.5072 29.9541 55.3697 82.6007 124.3549 66.9096 204.2619 76.9545 95.4806 101.1809 41.0567 73.1283 9.5482 74.7501 66.2616 89.2832 105.6 73.1355 13.7661 1165.1774 752.3244 752.3244 590.1847 101.5693 136.8556 188.2324 209.7707 320.9917 1166.2734 261.2192 456.5537 282.8571 121.4601 355.3835 170.2654 274.1906 1178.4221;
	3.3298 44.9927 91.6962 115.7529 15.2668 32.5653 24.5547 18.7202 28.1619 31.0463 57.3885 85.6124 128.889 68.0692 200.15 75.4053 93.5585 99.1441 77.2034 73.1449 8.1849 75.9857 62.5929 89.3365 106.0511 72.3495 13.7655 1104.5238 705.4447 705.4447 577.0858 97.9773 257.3447 188.2751 213.406 300.9897 1194.7795 255.061 459.3015 284.0654 119.846 361.2575 183.6342 263.8063 1207.2251;
	3.7707 50.9508 93.8319 114.6594 15.1706 32.4562 29.3501 18.8301 28.4249 31.282 57.8244 86.2626 129.8679 68.1473 205.2017 77.3086 95.9199 101.6464 91.2596 73.7338 9.7834 75.7311 70.9592 89.7201 106.188 72.3501 14.054 1167.2214 768.611 768.611 557.0937 102.2573 304.1985 189.791 213.6511 327.9407 1153.1701 241.522 459.3743 284.4321 114.9447 360.0473 194.5017 271.5553 1165.1823;
	3.8696 52.2861 95.0512 117.6045 15.314 32.7933 29.6316 18.843 28.0686 31.1417 57.5649 85.8755 129.2852 67.1035 205.1395 77.2851 95.8908 101.6156 90.2496 73.734 9.8772 76.5177 73.9541 89.2416 105.6653 75.3947 13.7839 1173.6073 736.9687 736.9687 585.0217 98.4987 300.832 189.7915 210.3786 314.44 1106.8139 249.5957 452.2024 283.032 116.934 363.7872 200.98 275.2395 1118.3432;
	3.9184 52.9459 95.3147 120.7684 15.3971 34.4942 29.5053 19.1693 28.0737 31.1966 57.6664 86.027 129.5131 68.2474 202.7246 76.3753 94.762 100.4194 88.9828 72.7399 9.8351 80.4866 74.6026 90.0188 106.7831 76.4123 14.145 1130.1407 732.3129 732.3129 561.2219 79.8636 296.6092 187.2326 213.9648 312.4535 1113.1554 239.3159 460.8355 286.0263 121.9552 382.6561 206.0574 273.4671 1124.7507;
	3.911 52.8464 95.3507 121.285 15.4206 34.8158 31.1935 18.9389 28.3259 31.1857 57.6462 85.9968 129.4678 68.7328 203.1447 76.5336 94.9583 100.6275 90.9894 72.2728 10.3978 81.2369 72.6758 89.3437 106.51 75.9916 13.9583 1209.4717 823.756 823.756 632.1625 80.2126 303.298 186.0305 215.4868 351.4692 1223.815 276.8556 470.0654 285.2947 120.5423 386.2235 190.3458 282.3486 1236.5631;
	3.9089 52.8182 94.8167 120.7063 15.4133 34.5886 32.0582 18.6692 28.4914 31.3287 57.9106 86.3913 130.0616 68.4857 200.4737 75.5273 93.7098 99.3044 91.4459 73.2515 10.6861 80.7068 74.5196 89.351 106.2964 75.4348 13.8236 1167.3977 803.4772 803.4772 732.2577 93.7078 304.8195 188.5495 214.7118 342.8169 1197.8308 321.9991 470.0759 284.7226 120.4703 383.7032 172.8688 278.4147 1210.3082;
	3.8241 51.6717 94.0191 120.2479 15.2283 33.8749 29.4577 18.82 28.4844 31.5657 58.3487 87.0448 131.0454 67.8535 199.9225 75.3196 93.4521 99.0314 86.5553 73.6385 9.8192 79.0414 75.5939 89.3751 105.9625 75.6427 13.7867 1191.4171 796.4771 796.4771 710.4814 89.4204 288.5176 189.5457 212.7297 339.8302 1150.3755 323.0341 474.7589 283.8281 120.2241 375.7853 171.7552 277.1599 1162.3586;
	3.8193 51.6071 94.9491 120.6102 15.3799 33.9869 29.1093 18.9786 28.4753 31.3923 58.0282 86.5667 130.3256 68.7984 201.717 75.9957 94.291 99.9203 87.3749 73.3905 9.7031 79.3028 75.6787 89.1512 106.0132 76.1655 13.8946 1120.4165 783.2494 783.2494 702.5997 89.3469 291.2498 188.9074 215.6923 334.1864 1155.3584 301.0057 477.7091 283.9641 117.7712 377.0282 179.1306 280.5967 1167.3934;
	3.8014 51.3649 95.3086 120.8518 15.3984 34.0852 30.2225 19.0757 28.4779 31.2939 57.8462 86.2952 129.917 67.8333 201.3883 75.8719 94.1373 99.7575 81.5976 73.6189 10.0742 79.5322 74.8491 89.6179 106.0649 76.5409 13.8545 1113.0445 770.7111 770.7111 705.4184 94.6213 271.9919 189.4952 212.6666 328.8367 1059.3664 320.1051 468.4697 284.1023 114.8791 378.1188 161.8351 274.8321 1070.4015;
	3.8185 51.5966 94.9007 120.8369 15.2751 34.1403 29.8218 18.5606 28.4871 31.2465 57.7587 86.1646 129.7204 68.1901 203.4094 76.6333 95.082 100.7586 86.7294 73.3391 9.9406 79.6606 75.4238 87.5919 102.7435 75.5613 13.5906 1073.8023 728.0024 728.0024 719.1754 95.4743 289.0978 188.7751 213.7851 310.6144 1020.4506 321.1619 471.5649 275.2057 118.0568 378.7292 154.4205 272.624 1031.0803;
	3.8655 52.232 94.0778 120.0161 15.3972 34.5488 26.3276 18.6453 28.4386 30.7428 56.8277 84.7757 127.6293 68.1653 202.1636 76.164 94.4997 100.1415 87.39 73.0669 8.7759 80.6139 73.9899 87.9889 102.2913 75.8786 13.7794 1088.4327 717.5363 717.5363 669.6064 97.348 291.3001 188.0743 213.7076 306.1488 951.9428 322.7838 463.3928 273.9944 117.4743 383.2616 178.4254 265.1543 961.8589;
	3.8339 51.804 94.5931 120.0251 15.3013 33.7598 26.7766 18.228 28.2731 29.9915 55.4388 82.7038 124.5102 68.5355 199.8383 75.2879 93.4128 98.9897 84.6382 71.4571 8.9255 78.7729 73.1313 88.3416 103.5651 75.8678 13.3292 1120.4407 689.8648 689.8648 614.2455 105.1422 282.1272 183.9309 214.868 294.3423 990.0051 299.987 456.4663 277.4066 118.41 374.5087 179.6565 265.7026 1000.3177;
	3.8458 51.9651 94.6505 119.626 15.3058 34.7505 25.0833 18.3833 28.1316 30.8596 57.0436 85.0978 128.1142 65.4878 200.5268 75.5473 93.7346 99.3307 91.3329 72.5784 8.3611 81.0845 73.887 89.2324 104.6171 76.5623 13.0696 1142.6755 723.525 723.525 663.7754 114.1188 304.443 186.817 205.3131 308.704 1122.8485 306.8312 456.6567 280.2245 118.1056 385.499 189.2588 247.0179 1134.5448;
	3.9243 53.0257 94.6191 119.3276 15.2875 34.1641 25.5014 16.4744 28.2306 30.5561 56.4825 84.2607 126.8541 68.2607 193.4229 72.8709 90.4139 95.8118 90.152 70.5054 8.5005 79.7163 73.9039 88.8693 103.8503 75.0217 12.7648 1313.1303 710.9392 710.9392 680.0533 110.6234 300.5068 181.4812 214.0066 303.334 1190.8601 304.2293 467.141 278.1704 122.1426 378.9939 197.5012 255.2906 1203.2649;
