function loadprofile = ex_load_profilesh1
%EX_LOAD_PROFILE  Example load profile data file for stochastic unit commitment.
% 2022.03.12
% Andres F. Ramirez

%% define constants
[CT_LABEL, CT_PROB, CT_TABLE, CT_TBUS, CT_TGEN, CT_TBRCH, CT_TAREABUS, ...
    CT_TAREAGEN, CT_TAREABRCH, CT_ROW, CT_COL, CT_CHGTYPE, CT_REP, ...
    CT_REL, CT_ADD, CT_NEWVAL, CT_TLOAD, CT_TAREALOAD, CT_LOAD_ALL_PQ, ...
    CT_LOAD_FIX_PQ, CT_LOAD_DIS_PQ, CT_LOAD_ALL_P, CT_LOAD_FIX_P, ...
    CT_LOAD_DIS_P, CT_TGENCOST, CT_TAREAGENCOST, CT_MODCOST_F, ...
    CT_MODCOST_X] = idx_ct;

loadprofile = struct( ...
    'type', 'mpcData', ...
    'table', CT_TAREALOAD, ...
    'rows', [1:11], ...
    'col', CT_LOAD_ALL_P, ...
    'chgtype', 1, ...
    'values', [] );
loadprofile.values(:,1,:) = [
	1505.3141 926.1502 1590.2327 513.8224 710.614 1086.5 805.6097 237.4 455.4 4444.8226 1516.8553;
	1494.2817 918.6329 1569.576 519.552 730.8368 1085.5 790.3274 239.5196 450.0694 4341.8314 1481.4174;
	1533.7982 941.2926 1595.9644 532.0 734.8076 1122.3377 818.0955 227.8755 480.124 4387.3635 1560.9314;
	1630.9009 1030.7768 1725.9 557.3074 816.4074 1197.5359 864.8669 273.8 495.7759 4654.5994 1705.4;
	1762.6882 1142.0 1922.7914 565.0517 935.8881 1329.297 978.5284 308.639 580.8199 5205.1672 1981.9665;
	1852.6996 1214.8022 2039.7522 576.7283 1023.5 1410.7883 1053.6944 344.4123 652.9704 5833.3982 2138.7302;
	1892.5683 1263.5954 2101.6617 551.7469 1040.3 1431.1911 1085.7749 355.2714 679.8404 6169.19 2217.4982;
	1926.8381 1309.0184 2118.7087 558.2467 1062.9688 1465.3819 1133.4263 342.673 706.9382 6415.418 2252.2315;
	1945.5552 1301.7007 2120.8254 549.4839 1046.4712 1456.9374 1152.9446 316.8131 714.1707 6423.2068 2202.6016;
	1942.9533 1281.9096 2131.1075 547.5732 1059.4673 1476.3381 1178.037 323.1 713.3069 6564.745 2170.3584;
	1900.7539 1269.3 2072.3 559.4085 1002.8586 1411.8642 1164.2 320.419 694.8 6639.2092 2150.2504;
	1928.9791 1275.1082 2077.4963 549.9813 965.841 1355.6206 1128.5274 305.6342 677.8796 6505.9404 2072.7135;
	1922.524 1267.5 1994.8 550.0648 971.8448 1328.0 1134.636 311.0706 680.235 6428.4941 2110.6382;
	1888.0493 1246.8977 1970.3982 550.3129 1012.1215 1306.2859 1108.753 313.9844 679.6987 6529.5814 2162.1715;
	1907.7265 1257.1945 1955.9433 559.5489 988.4 1296.2453 1095.9242 321.0045 653.0407 6350.8456 2162.9816;
	1865.8843 1227.8565 1977.9175 551.6061 1020.8772 1375.1657 1134.5016 341.3513 676.5561 6327.9854 2274.6859;
	1875.6189 1280.9879 2037.1904 561.0 1037.7682 1372.825 1110.8886 363.5445 681.2321 6258.0579 2319.9175;
	1952.6215 1310.6569 2098.6128 546.25 1035.5936 1459.6338 1188.1822 391.9 733.2366 6356.0873 2485.2169;
	1976.5163 1311.1 2095.472 549.0609 1053.1656 1472.6458 1203.8433 405.332 748.7 6705.4059 2515.2317;
	1862.1799 1227.7852 2007.7035 518.7639 1008.9319 1395.2442 1181.1568 381.338 724.9576 6520.9336 2348.0473;
	1779.7311 1132.4 1889.1 513.4022 936.2759 1285.8338 1099.1406 343.2194 666.4 6011.5453 2141.6166;
	1684.6251 1037.9343 1736.6241 489.9914 849.6 1195.0478 1012.3514 314.1741 613.189 5632.3381 1969.3838;
	1641.5893 994.9 1702.9412 430.9229 807.6459 1115.0781 926.075 284.0417 549.324 5154.5697 1838.5671;
	1545.1 964.3873 1681.1 491.5399 823.0099 1096.5685 907.3031 271.8654 523.8 4813.9427 1804.9668;
];
