function loadprofile = ex_load_profilesh1
%EX_LOAD_PROFILE  Example load profile data file for stochastic unit commitment.
% 2022.03.12
% Andres F. Ramirez

%% define constants
[CT_LABEL, CT_PROB, CT_TABLE, CT_TBUS, CT_TGEN, CT_TBRCH, CT_TAREABUS, ...
    CT_TAREAGEN, CT_TAREABRCH, CT_ROW, CT_COL, CT_CHGTYPE, CT_REP, ...
    CT_REL, CT_ADD, CT_NEWVAL, CT_TLOAD, CT_TAREALOAD, CT_LOAD_ALL_PQ, ...
    CT_LOAD_FIX_PQ, CT_LOAD_DIS_PQ, CT_LOAD_ALL_P, CT_LOAD_FIX_P, ...
    CT_LOAD_DIS_P, CT_TGENCOST, CT_TAREAGENCOST, CT_MODCOST_F, ...
    CT_MODCOST_X] = idx_ct;

loadprofile = struct( ...
    'type', 'mpcData', ...
    'table', CT_TAREALOAD, ...
    'rows', [1:11], ...
    'col', CT_LOAD_ALL_P, ...
    'chgtype', 1, ...
    'values', [] );
loadprofile.values(:,1,:) = [
	1463.6106 901.1372 1554.572 544.4 801.3727 1120.9 875.7 245.1593 506.3 4377.6198 1659.9109;
	1433.6289 895.6 1544.3805 535.8285 795.8 1130.3156 871.98 248.4112 500.9003 4336.2775 1639.817;
	1430.541 900.1742 1580.4361 558.9701 805.583 1122.3 880.1 253.5199 502.1691 4316.8666 1652.6011;
	1509.6533 1001.1469 1698.6993 586.4353 874.7481 1222.5975 942.9844 292.0377 533.5661 4606.6501 1766.0;
	1693.346 1119.95 1885.474 624.239 964.6937 1357.7985 1032.8312 323.209 600.6839 5122.2237 2020.7513;
	1850.1601 1219.5 2013.8 658.1113 1050.4009 1461.7631 1116.6713 381.798 697.0439 5743.7341 2233.5926;
	1911.5176 1245.5983 2027.1804 647.2383 1067.1 1456.9158 1175.7898 387.9638 713.2532 6177.059 2331.602;
	1978.7 1270.629 2038.73 643.1373 1083.4444 1431.6304 1140.6681 362.6 705.6 6315.9 2245.363;
	1969.3822 1319.238 2066.1781 640.8369 1047.4813 1452.1427 1163.6598 357.8848 702.3685 6501.994 2252.1371;
	1986.4465 1330.1431 2006.1824 627.5374 1025.3692 1425.4644 1124.6391 343.8278 684.7216 6502.7016 2199.2065;
	1959.4677 1284.2713 1988.9475 624.9295 1012.276 1388.4632 1143.4055 347.8922 683.9171 6542.3939 2181.1863;
	1930.0073 1276.1005 1948.4148 619.5 978.5715 1354.7408 1104.2472 325.9719 677.5 6480.4709 2199.4518;
	1895.3744 1270.4887 1907.0 610.0087 965.38 1329.0661 1101.797 323.0 680.3936 6478.2236 2162.7565;
	1833.355 1237.0883 1861.2285 597.4213 944.7492 1311.0637 1105.4933 327.1 689.2 6449.7728 2195.7057;
	1844.9824 1243.2 1862.5264 601.9 944.3667 1357.8383 1146.1359 350.0349 698.3 6572.2666 2324.8989;
	1806.5348 1247.1008 1902.6105 615.8601 986.9455 1390.0676 1164.7136 358.4113 717.4263 6489.1395 2387.5142;
	1815.9908 1243.7724 1938.8103 638.1732 1023.7668 1447.1209 1195.7331 376.1647 721.5037 6346.2617 2511.0026;
	1900.2098 1286.9199 1981.1975 629.0249 1062.8772 1519.3232 1227.6679 379.1 722.5895 6236.2594 2527.2651;
	1961.3452 1317.5398 2015.0125 631.2 1068.6426 1538.5396 1276.5712 385.2 738.3 6190.2346 2521.9605;
	1872.2082 1224.6026 1907.4856 623.5155 995.3773 1439.5058 1181.1427 360.0463 704.9874 5916.8569 2394.57;
	1809.2703 1137.775 1813.5818 607.9377 961.699 1357.4033 1138.332 327.7 654.8 5637.8734 2221.2555;
	1751.2308 1055.6971 1728.4667 583.776 912.5608 1277.07 1080.3921 310.8 607.0032 5352.5623 2062.0518;
	1646.9256 1049.4203 1696.4745 596.7 885.4386 1201.9 1021.4803 310.5524 552.7148 4933.1865 2062.9693;
	1579.8083 997.2 1654.5794 607.189 835.994 1192.1694 1026.6149 298.1306 539.5872 4647.5815 1992.3252;
];
