function loadprofile = ex_load_profilesh1
%EX_LOAD_PROFILE  Example load profile data file for stochastic unit commitment.
% 2022.03.12
% Andres F. Ramirez

%% define constants
[CT_LABEL, CT_PROB, CT_TABLE, CT_TBUS, CT_TGEN, CT_TBRCH, CT_TAREABUS, ...
    CT_TAREAGEN, CT_TAREABRCH, CT_ROW, CT_COL, CT_CHGTYPE, CT_REP, ...
    CT_REL, CT_ADD, CT_NEWVAL, CT_TLOAD, CT_TAREALOAD, CT_LOAD_ALL_PQ, ...
    CT_LOAD_FIX_PQ, CT_LOAD_DIS_PQ, CT_LOAD_ALL_P, CT_LOAD_FIX_P, ...
    CT_LOAD_DIS_P, CT_TGENCOST, CT_TAREAGENCOST, CT_MODCOST_F, ...
    CT_MODCOST_X] = idx_ct;

loadprofile = struct( ...
    'type', 'mpcData', ...
    'table', CT_TAREALOAD, ...
    'rows', [1:11], ...
    'col', CT_LOAD_ALL_P, ...
    'chgtype', 1, ...
    'values', [] );
loadprofile.values(:,1,:) = [
	1516.3281 931.5879 1587.2736 524.3968 783.7 1124.4778 859.9 258.9727 540.7442 4555.6648 1634.7821;
	1519.946 944.4561 1594.2 518.1924 788.3847 1135.4548 854.6096 254.8763 519.4283 4454.8668 1605.8433;
	1512.4759 953.0429 1613.8505 530.2029 806.2183 1158.8677 871.9552 254.5 524.5588 4450.1199 1646.3837;
	1578.8 1025.3527 1722.8978 538.7783 855.2539 1225.9255 904.8 266.1635 548.7432 4661.2028 1736.3996;
	1700.6109 1127.337 1928.1951 546.9033 964.997 1379.2931 1016.6207 319.2761 626.1723 5188.4015 1977.7669;
	1823.8572 1203.1895 2011.3 548.4873 1035.8667 1435.7886 1061.7883 315.7662 678.7237 5686.7941 2116.0478;
	1913.2682 1242.3606 2103.4103 526.3483 1113.3308 1476.2619 1096.2195 353.9777 704.4921 6080.9742 2181.0612;
	1918.3396 1240.296 2114.0 552.1184 1093.4 1459.6033 1083.2 354.5969 705.4788 6214.4541 2144.5914;
	1955.0007 1244.1976 2083.469 546.5006 1099.6754 1484.3094 1120.4445 350.6627 725.7003 6325.7067 2191.7802;
	1927.3042 1237.0518 2053.3456 523.4831 1093.5208 1473.1257 1136.047 339.2337 744.0 6350.8865 2166.0954;
	1914.2286 1229.1739 2014.7383 514.1693 1104.3763 1436.7301 1126.1982 330.0629 740.8787 6323.3551 2111.8283;
	1927.6621 1256.4296 2010.9786 531.3404 1080.483 1472.2661 1159.008 337.1269 741.7119 6481.5945 2207.0892;
	1901.7243 1251.6017 2043.1124 543.093 1073.2255 1433.5383 1119.3024 349.3405 769.8656 6521.478 2319.3909;
	1910.0431 1263.1886 2028.5752 526.2219 1064.7963 1460.5904 1134.9052 357.4 774.0493 6739.9679 2447.8288;
	1894.9526 1236.3565 2003.2 519.0317 1101.3323 1494.765 1141.7402 344.8 794.2873 6761.6489 2575.5631;
	1936.2307 1285.5755 2081.7729 539.9998 1145.0688 1563.1233 1237.1181 359.7265 841.8409 7066.7005 2807.3655;
	1950.0084 1295.639 2067.5338 570.1205 1144.4583 1597.6166 1204.3558 376.2097 790.3364 6575.3442 2673.568;
	1998.4262 1338.4116 2142.553 605.032 1180.5533 1650.4645 1261.181 394.7 838.2143 6511.2302 2780.6418;
	1983.7782 1361.3733 2134.8948 606.7 1142.5881 1594.1956 1175.6468 372.7 814.8792 6555.3325 2693.5681;
	1892.8969 1265.0016 1999.1324 580.9188 1077.6933 1531.5338 1125.4 358.5 759.1289 6430.0332 2604.4039;
	1795.7735 1155.6523 1875.1857 553.0961 1013.9881 1415.8081 1051.4377 309.853 682.9105 5934.8118 2317.3671;
	1710.5971 1100.3345 1777.3149 547.4947 938.9869 1326.2285 1005.5412 279.9052 628.0092 5600.5183 2146.4967;
	1621.1419 999.5299 1701.0099 565.8361 917.2989 1325.1716 963.8135 287.0432 611.0869 5069.768 2016.4349;
	1572.9 974.901 1672.1018 577.1 856.0043 1296.6209 919.8006 281.1 574.5 4752.0 1850.2459;
];
