function windprofile = ex_wind_profilesh1
%EX_WIND_PROFILE_D  Example wind_load_nyiso profile data for deterministic unit commitment.
% 2022.03.12
% Andres F. Ramirez


%% define constants
[GEN_BUS, PG, QG, QMAX, QMIN, VG, MBASE, GEN_STATUS, PMAX, PMIN, ...
    MU_PMAX, MU_PMIN, MU_QMAX, MU_QMIN, PC1, PC2, QC1MIN, QC1MAX, ...
    QC2MIN, QC2MAX, RAMP_AGC, RAMP_10, RAMP_30, RAMP_Q, APF] = idx_gen;
[CT_LABEL, CT_PROB, CT_TABLE, CT_TBUS, CT_TGEN, CT_TBRCH, CT_TAREABUS, ...
    CT_TAREAGEN, CT_TAREABRCH, CT_ROW, CT_COL, CT_CHGTYPE, CT_REP, ...
    CT_REL, CT_ADD, CT_NEWVAL, CT_TLOAD, CT_TAREALOAD, CT_LOAD_ALL_PQ, ...
    CT_LOAD_FIX_PQ, CT_LOAD_DIS_PQ, CT_LOAD_ALL_P, CT_LOAD_FIX_P, ...
    CT_LOAD_DIS_P, CT_TGENCOST, CT_TAREAGENCOST, CT_MODCOST_F, ...
    CT_MODCOST_X] = idx_ct;

windprofile = struct( ...
    'type', 'mpcData', ...
    'table', CT_TGEN, ...
    'rows', [1:45], ...
    'col', PMAX, ...
    'chgtype', 1, ...
    'values', [] );
windprofile.values(:,1,:) = [
	3.7454 50.6089 90.8013 109.0617 14.6833 33.1046 27.7991 18.3758 26.9452 30.1067 55.6517 83.0214 124.9883 66.0143 196.7756 74.1341 91.9812 97.4726 35.3365 71.3198 9.2664 77.244 72.994 87.8358 103.3879 73.9841 13.6848 1150.3882 681.9765 681.9765 590.5111 105.7741 117.7883 183.5773 206.9638 290.9766 1134.1734 222.9618 455.6802 276.932 118.7161 367.2402 141.7703 268.0141 1145.9877;
	3.7035 50.0417 91.9213 116.1707 14.6599 32.5655 28.3307 18.5085 26.7971 29.5093 54.5475 81.3742 122.5083 65.8771 194.8618 73.4131 91.0866 96.5246 31.469 72.2837 9.4436 75.9861 71.0893 87.6766 102.6717 73.2064 13.5504 1153.4493 692.9574 692.9574 577.4679 104.9496 104.8967 186.0583 206.5335 295.6618 1133.2365 227.4768 452.4321 275.0135 120.6569 361.2597 136.6102 270.8428 1145.0411;
	3.7436 50.5843 92.5167 63.598 14.6724 33.3317 28.6401 18.3158 26.9446 29.3491 54.2513 80.9322 121.843 65.9186 197.4282 74.3799 92.2862 97.7958 32.9975 71.3907 9.5467 77.774 70.5959 87.8749 103.4814 73.4629 13.6981 1148.6592 689.0777 689.0777 561.787 106.6475 109.9918 183.7598 206.6638 294.0065 1164.8751 224.1108 449.7506 277.1823 120.519 369.7598 137.0619 270.3162 1177.0092;
	3.7262 50.3496 91.5024 82.1399 14.682 33.2797 27.7673 18.2967 27.0246 29.2627 54.0916 80.694 121.4844 66.1154 199.6018 75.1988 93.3023 98.8725 42.8279 71.9118 9.2558 77.6526 64.6868 86.8504 102.1074 73.6171 13.6378 1182.2114 699.4178 699.4178 534.7814 96.7753 142.7596 185.1012 207.2806 298.4183 1094.9931 235.9164 452.6454 273.5019 119.5052 369.1828 171.0483 268.0476 1106.3993;
	3.4938 47.209 92.0144 117.0763 14.6877 33.0353 23.5161 18.5022 27.0222 29.8145 55.1116 82.2156 123.7752 65.9992 193.9684 73.0765 90.6689 96.082 76.9929 70.9634 7.8387 77.0823 58.2956 87.1711 103.2723 74.1758 13.593 1150.6044 652.1083 652.1083 523.4533 96.0577 256.643 182.66 206.9165 278.2329 1144.9774 235.5689 452.0284 276.6221 119.426 366.4714 182.5642 265.4868 1156.9042;
	3.7443 50.5938 91.4118 116.1624 14.756 33.4427 27.6125 18.4234 27.0347 30.344 56.0905 83.676 125.9738 66.897 197.3918 74.3662 92.2692 97.7778 88.192 72.042 9.2042 78.0331 70.474 87.258 104.1001 73.5013 13.7127 1199.1098 698.7465 698.7465 502.4627 95.7151 293.9733 185.4363 209.7313 298.1318 1094.5373 221.3863 453.5185 278.8394 117.7745 370.9915 191.3791 267.3355 1105.9387;
	3.7511 50.686 91.9727 116.4108 14.6968 32.9787 28.5616 18.3455 27.0517 30.1724 55.7732 83.2027 125.2611 66.6213 197.0813 74.2492 92.124 97.624 88.2741 71.7345 9.5205 76.9503 73.074 86.769 102.3946 75.0375 13.4738 1215.8064 720.6023 720.6023 555.5402 94.0424 294.2471 184.6448 208.8666 307.457 1110.0542 241.6326 455.5163 274.2713 119.146 365.8435 196.008 266.2921 1121.6173;
	3.7481 50.6445 90.9133 116.3752 14.8355 33.2308 28.2544 18.3247 27.0393 29.9268 55.3193 82.5255 124.2417 66.331 198.0684 74.6211 92.5855 98.113 87.199 71.4701 9.4181 77.5386 73.2726 86.777 104.4658 74.1986 13.4109 1151.4179 700.4585 700.4585 531.7285 80.0996 290.6634 183.9643 207.9567 298.8623 1084.8758 233.8819 457.6009 279.819 117.2909 368.6405 192.9705 260.5881 1096.1766;
	3.7739 50.9938 91.9881 117.6132 14.7645 33.7328 28.8504 18.1403 27.0234 30.3078 56.0236 83.5762 125.8235 67.9813 199.2154 75.0533 93.1216 98.6811 89.1106 71.0252 9.6168 78.7099 72.93 87.0232 103.5753 73.7387 13.4498 1189.0288 772.6244 772.6244 593.0232 77.2976 297.0354 182.8191 213.1305 329.6531 1166.9508 269.2195 459.3603 277.4339 119.2709 374.2095 177.4793 270.7774 1179.1066;
	3.7517 50.6938 91.262 116.1247 14.7641 33.4888 29.0863 18.0779 26.9848 30.3622 56.1241 83.7261 126.0492 67.5747 198.761 74.8821 92.9092 98.4561 89.8257 70.9201 9.6954 78.1404 73.0843 86.8408 102.44 72.9178 13.3471 1157.5997 747.2567 747.2567 647.2177 87.7174 299.4192 182.5486 211.8557 318.8295 1134.6839 287.2353 457.6521 274.393 119.3127 371.5019 162.0288 266.1475 1146.5035;
	3.7405 50.5423 91.3983 116.1583 14.7077 33.3203 26.8408 18.0316 27.0103 30.6921 56.7339 84.6358 127.4188 67.0304 199.9403 75.3263 93.4605 99.0402 88.6595 71.6443 8.9469 77.7473 73.6668 86.7688 101.1372 72.5903 13.3049 1149.8141 748.0182 748.0182 634.7633 88.5428 295.5317 184.4127 210.1495 319.1544 1089.3275 291.7045 459.5809 270.9033 119.1915 369.6329 166.3172 264.8371 1100.6747;
	3.7427 50.5721 91.0606 116.0427 14.6918 33.3486 25.86 18.0318 27.0299 30.399 56.192 83.8274 126.2017 67.6899 198.4455 74.7632 92.7617 98.2997 89.0095 70.8484 8.62 77.8134 73.3524 85.9904 101.6428 72.7114 13.1915 1089.1274 739.0376 739.0376 634.8195 94.0435 296.6982 182.364 212.2169 315.3227 1089.7582 281.7356 457.7224 272.2575 117.4274 369.9472 181.0783 266.1747 1101.1099;
	3.7473 50.6336 90.7245 116.3966 14.6922 33.1912 28.2306 18.0668 27.0344 30.5323 56.4385 84.1952 126.7554 68.097 197.8099 74.5237 92.4646 97.9849 87.3046 71.1471 9.4102 77.4461 73.614 88.0508 101.8256 73.4032 13.2808 1083.9413 747.8887 747.8887 653.3077 99.4216 291.0155 183.1327 213.4933 319.0992 1015.7015 292.8082 457.7825 272.7472 117.8927 368.2007 157.854 260.9491 1026.2817;
	3.7433 50.58 91.0811 116.1465 14.7517 33.0067 27.9582 18.1943 27.0288 30.3533 56.1076 83.7016 126.0122 67.2667 199.7062 75.2382 93.351 98.9242 89.935 71.6833 9.3194 77.0157 73.8152 87.4973 101.1443 73.0219 13.4026 1066.993 703.2428 703.2428 670.2416 97.9441 299.7833 184.5129 210.8903 300.0503 997.7762 300.9908 457.7167 270.9222 117.4832 366.1547 152.1524 266.3786 1008.1697;
	3.7406 50.5431 91.5846 114.8626 14.6966 32.9141 25.4495 18.2938 27.0261 30.4737 56.3301 84.0334 126.5118 67.8743 196.8764 74.172 92.0283 97.5225 88.372 71.5067 8.4832 76.7997 72.9934 88.1502 101.6763 73.7688 13.407 1047.9982 700.8063 700.8063 659.2047 98.9137 294.5733 184.0583 212.7952 299.0107 928.4346 310.1409 457.7462 272.3472 116.7464 365.1275 171.9772 254.8846 938.1058;
	3.7299 50.3998 91.4862 115.5533 14.6819 33.0014 25.9827 18.0001 27.0267 30.0753 55.5938 82.935 124.8582 67.4982 197.9558 74.5787 92.5328 98.0572 87.7031 71.1993 8.6609 77.0034 73.5611 86.6346 101.206 73.9393 13.4047 1116.2042 728.2084 728.2084 645.3578 104.1321 292.3435 183.2673 211.6161 310.7022 1017.666 298.4625 457.2091 271.0876 115.7857 366.096 176.8796 253.6133 1028.2667;
	3.6168 48.8712 90.0535 115.5151 14.6866 33.1628 24.4756 17.2765 26.6492 30.0794 55.6013 82.9461 124.875 65.6222 195.9219 73.8124 91.5821 97.0497 88.9663 71.9285 8.1585 77.3799 73.1053 87.3349 100.2895 72.5375 12.2466 1094.9099 719.8633 719.8633 656.0281 101.9904 296.5543 185.1442 205.7344 307.1417 1091.2477 287.7655 448.0527 268.6325 116.8616 367.8859 180.1971 232.3853 1102.6149;
	3.7456 50.6117 90.7043 113.871 14.7093 32.2096 24.8251 14.5091 26.8888 29.8688 55.212 82.3654 124.0006 66.243 192.6743 72.5889 90.064 95.441 87.1302 70.3998 8.275 75.1558 71.9052 85.6506 100.2745 66.3437 11.2804 1192.512 702.8789 702.8789 659.5885 98.2799 290.4338 181.2094 207.6808 299.895 1119.0696 294.8895 454.7356 268.5923 117.6117 357.312 184.7876 244.6787 1130.7265;
