function windprofile = ex_wind_profilesh1
%EX_WIND_PROFILE_D  Example wind_load_nyiso profile data for deterministic unit commitment.
% 2022.03.12
% Andres F. Ramirez


%% define constants
[GEN_BUS, PG, QG, QMAX, QMIN, VG, MBASE, GEN_STATUS, PMAX, PMIN, ...
    MU_PMAX, MU_PMIN, MU_QMAX, MU_QMIN, PC1, PC2, QC1MIN, QC1MAX, ...
    QC2MIN, QC2MAX, RAMP_AGC, RAMP_10, RAMP_30, RAMP_Q, APF] = idx_gen;
[CT_LABEL, CT_PROB, CT_TABLE, CT_TBUS, CT_TGEN, CT_TBRCH, CT_TAREABUS, ...
    CT_TAREAGEN, CT_TAREABRCH, CT_ROW, CT_COL, CT_CHGTYPE, CT_REP, ...
    CT_REL, CT_ADD, CT_NEWVAL, CT_TLOAD, CT_TAREALOAD, CT_LOAD_ALL_PQ, ...
    CT_LOAD_FIX_PQ, CT_LOAD_DIS_PQ, CT_LOAD_ALL_P, CT_LOAD_FIX_P, ...
    CT_LOAD_DIS_P, CT_TGENCOST, CT_TAREAGENCOST, CT_MODCOST_F, ...
    CT_MODCOST_X] = idx_ct;

windprofile = struct( ...
    'type', 'mpcData', ...
    'table', CT_TGEN, ...
    'rows', [1:45], ...
    'col', PMAX, ...
    'chgtype', 1, ...
    'values', [] );
windprofile.values(:,1,:) = [
	3.7678 50.9116 92.1429 114.1707 15.1531 34.5821 29.5362 19.0529 28.0578 31.2406 57.7477 86.1483 129.6957 64.8893 200.0516 75.3683 93.5125 99.0953 37.9712 72.178 9.8454 80.6916 74.5183 88.177 103.8253 75.1435 13.6163 1141.196 667.1613 667.1613 521.7643 99.4162 126.5708 185.7865 203.4366 284.6555 1082.4895 200.7498 475.1323 278.1034 118.2527 383.6311 149.1918 276.2117 1093.7655;
	3.7244 50.3248 91.9985 118.9883 15.2737 33.9296 28.7144 18.9689 27.448 30.6663 56.6862 84.5646 127.3115 64.9511 193.3761 72.8533 90.3921 95.7886 33.8848 71.3461 9.5715 79.1691 73.2247 88.8743 104.4372 76.2057 13.3206 1209.1298 664.9686 664.9686 537.4843 103.7018 112.9494 183.6449 203.6306 283.7199 1094.7673 207.0308 464.4989 279.7425 121.7791 376.3927 141.022 281.707 1106.1711;
	3.7166 50.2198 93.5701 67.5086 14.9033 34.0344 28.8975 18.9723 28.0801 30.9269 57.1679 85.2832 128.3934 64.6244 198.9772 74.9635 93.0103 98.5631 36.0828 71.0621 9.6325 79.4136 75.0861 88.2639 105.3559 75.4218 13.5986 1216.7607 667.0181 667.0181 514.3562 100.5577 120.2761 182.914 202.6063 284.5944 1155.1438 203.6189 453.3935 282.2033 120.9389 377.5548 138.3855 277.4688 1167.1766;
	3.6926 49.8948 92.8531 83.3246 14.9188 33.6568 26.7302 18.9373 28.0522 30.7403 56.8229 84.7687 127.6187 65.5715 198.2198 74.6782 92.6562 98.1879 40.2399 70.5833 8.9101 78.5325 74.2863 88.1287 104.8019 76.3651 13.554 1235.9651 689.3995 689.3995 503.8917 91.2748 134.1331 181.6815 205.5755 294.1438 1099.3954 218.5249 447.8456 280.7193 123.6527 373.3661 168.1664 280.5506 1110.8475;
	3.2165 43.4622 91.5446 114.7649 14.9387 32.7266 22.0545 18.4198 27.9755 30.7338 56.811 84.7509 127.592 65.3454 197.6367 74.4585 92.3837 97.8991 75.9686 69.8051 7.3515 76.362 66.2309 87.6046 102.9689 75.7225 13.3933 1175.6479 623.3307 623.3307 462.7263 89.1014 253.2288 179.6785 204.8666 265.9544 1124.6832 201.9575 445.9508 275.8097 122.3355 363.0469 162.6252 267.3417 1136.3987;
	3.3641 45.4562 88.6421 110.3871 15.1338 32.5158 24.5679 18.5156 26.3903 31.1674 57.6125 85.9465 129.392 64.989 196.4366 74.0063 91.8227 97.3046 90.1397 71.9142 8.1893 75.8702 74.7114 87.1653 103.3705 75.5667 13.8478 1195.8362 647.1858 647.1858 445.2021 88.9374 300.4656 185.1074 203.7492 276.1326 1048.0478 184.915 439.0605 276.8852 120.9571 360.7088 166.5045 264.7562 1058.965;
	3.3323 45.027 92.481 114.8208 15.1913 32.2776 25.5722 18.4378 26.5238 31.0167 57.3338 85.5308 128.7661 63.6904 196.5704 74.0568 91.8852 97.3709 89.2221 70.987 8.5241 75.3144 74.7652 88.6574 101.9742 75.9134 13.4819 1218.4989 684.5348 684.5348 489.102 86.5194 297.407 182.7207 199.6779 292.0682 1087.1709 204.2891 437.8757 273.1452 118.0335 358.0661 170.6692 264.4966 1098.4956;
	3.5659 48.1826 94.1797 118.2923 15.3286 34.4919 26.0803 18.82 26.5435 30.6125 56.5867 84.4162 127.0881 64.1508 193.2386 72.8015 90.3278 95.7205 87.4856 70.4896 8.6934 80.4811 75.3922 89.6449 106.2097 76.4921 13.5664 1133.6335 658.6626 658.6626 492.0516 76.5218 291.6185 181.4404 201.1213 281.0294 1055.4663 204.471 435.8943 284.4901 119.296 382.6302 187.4994 266.6551 1066.4608;
	3.0068 40.6279 93.8466 116.4448 14.7273 32.6695 25.7984 18.1362 26.1069 30.7722 56.8819 84.8567 127.7512 67.2558 197.7221 74.4906 92.4236 97.9414 90.3167 72.0936 8.5995 76.2289 75.1754 88.3224 104.8927 75.5849 13.2555 1146.0354 720.0937 720.0937 545.3146 71.1769 301.0556 185.569 210.856 307.24 1098.8782 237.9071 436.9273 280.9625 118.3848 362.4141 148.2407 269.0495 1110.3248;
	3.597 48.603 92.9934 115.9307 14.5607 32.9853 26.3921 18.1519 26.1154 30.3643 56.1279 83.7318 126.0578 66.8194 202.0921 76.137 94.4663 100.1061 90.0651 73.5151 8.7974 76.9657 75.3589 88.699 104.7894 75.7559 13.2272 1054.0231 674.8811 674.8811 602.0702 78.3391 300.2171 189.228 209.488 287.9493 1025.9737 263.5914 435.8895 280.686 119.3273 365.9171 135.3728 266.0644 1036.6609;
	3.6804 49.7307 93.7737 117.3598 14.837 32.4588 23.6031 18.5289 26.4851 30.9818 57.2695 85.4348 128.6216 67.6665 202.2249 76.187 94.5284 100.1719 91.1528 73.3037 7.8677 75.7373 75.3806 88.738 104.876 74.0347 13.0997 1023.0179 723.9429 723.9429 626.5733 84.9237 303.8427 188.684 212.1435 308.8823 1001.7539 279.2997 446.8929 280.9178 117.722 360.0768 161.1417 261.9582 1012.1888;
	3.7898 51.2091 94.908 118.3501 15.2437 33.0564 23.499 18.5594 26.0623 30.4861 56.3531 84.0677 126.5634 68.2971 203.27 76.5808 95.0169 100.6896 91.9392 73.7674 7.833 77.1316 75.3043 89.0116 105.5427 74.8348 13.1822 964.3917 692.9128 692.9128 597.3229 88.7627 306.464 189.8774 214.1205 295.6428 978.5586 270.1927 441.4847 282.7038 114.5028 366.7055 180.7312 272.9935 988.7519;
	3.7795 51.0691 94.2717 115.4851 15.1943 32.9137 26.7132 18.4556 26.1823 30.3631 56.1257 83.7285 126.0529 67.7051 201.909 76.0681 94.3807 100.0154 90.5959 72.4203 8.9044 76.7986 74.203 89.1764 104.6179 74.793 13.0936 1022.6034 722.0583 722.0583 615.7903 87.1825 301.9863 186.4101 212.2645 308.0782 986.3883 285.7385 440.2719 280.2265 115.911 365.1224 163.8223 264.1325 996.6632;
	3.8424 51.9199 95.3256 115.2638 15.4032 33.6835 26.715 18.8126 26.0472 29.7412 54.9762 82.0136 123.4711 67.5714 199.3559 75.1062 93.1873 98.7507 90.1876 71.959 8.905 78.5949 73.9457 90.111 106.5272 75.6793 13.5553 1016.2081 670.5371 670.5371 611.316 85.4066 300.6255 185.2226 211.8453 286.0958 984.8871 291.3893 435.1052 285.3406 115.4951 373.6627 159.7887 275.518 995.1463;
	3.881 52.4405 95.237 118.2101 15.3971 34.9158 25.2581 18.9359 26.821 30.2812 55.9744 83.5028 125.713 68.365 200.7023 75.6134 93.8166 99.4176 89.8072 72.6661 8.4194 81.4702 72.9613 89.7668 106.3702 75.6971 13.7068 1030.6962 683.2805 683.2805 627.1752 88.7515 299.3573 187.0428 214.3335 291.533 950.7034 301.2517 444.5497 284.9201 117.918 387.3328 191.1138 271.6983 960.6066;
	3.8187 51.5994 94.8322 117.4682 15.3781 34.1268 25.262 18.6527 26.6415 30.3966 56.1877 83.821 126.1921 62.5446 197.2018 74.2946 92.1804 97.6837 88.8144 71.657 8.4207 79.6291 73.9036 89.7966 106.6581 75.224 13.7848 1120.7397 724.5002 724.5002 580.8778 95.6873 296.048 184.4452 196.0857 309.1201 1061.3747 300.9901 436.1805 285.6912 115.1509 378.5795 185.1641 261.1234 1072.4307;
	3.728 50.3736 93.5155 117.4592 15.4087 34.3224 25.2795 17.3428 27.1067 30.48 56.3417 84.0508 126.538 62.242 200.1114 75.3908 93.5404 99.125 91.9348 73.2005 8.4265 80.0856 75.2898 89.0133 104.9083 73.1161 12.1895 1132.312 737.1772 737.1772 604.2633 101.6346 306.4492 188.4184 195.1371 314.5289 1145.8263 291.9823 441.1812 281.0043 116.713 380.7497 192.5183 242.2127 1157.762;
	3.7231 50.3073 91.3304 113.0878 15.2849 32.8976 26.0933 13.2862 27.1571 30.2887 55.9883 83.5235 125.7441 62.9511 194.3846 73.2333 90.8635 96.2882 90.4632 72.437 8.6978 76.761 75.0957 85.5947 101.9162 62.6534 10.0606 1271.1553 696.4474 696.4474 672.1705 98.3292 301.5439 186.453 197.3603 297.1509 1152.1522 308.7176 442.297 272.9899 115.19 364.9437 190.8456 237.2518 1164.1538;
