function loadprofile = ex_load_profilesh1
%EX_LOAD_PROFILE  Example load profile data file for stochastic unit commitment.
% 2022.03.12
% Andres F. Ramirez

%% define constants
[CT_LABEL, CT_PROB, CT_TABLE, CT_TBUS, CT_TGEN, CT_TBRCH, CT_TAREABUS, ...
    CT_TAREAGEN, CT_TAREABRCH, CT_ROW, CT_COL, CT_CHGTYPE, CT_REP, ...
    CT_REL, CT_ADD, CT_NEWVAL, CT_TLOAD, CT_TAREALOAD, CT_LOAD_ALL_PQ, ...
    CT_LOAD_FIX_PQ, CT_LOAD_DIS_PQ, CT_LOAD_ALL_P, CT_LOAD_FIX_P, ...
    CT_LOAD_DIS_P, CT_TGENCOST, CT_TAREAGENCOST, CT_MODCOST_F, ...
    CT_MODCOST_X] = idx_ct;

loadprofile = struct( ...
    'type', 'mpcData', ...
    'table', CT_TAREALOAD, ...
    'rows', [1:11], ...
    'col', CT_LOAD_ALL_P, ...
    'chgtype', 1, ...
    'values', [] );
loadprofile.values(:,1,:) = [
	1516.9575 867.592 1561.8915 520.5628 748.6 1076.353 805.3383 250.1 496.2 4347.8012 1583.1576;
	1535.8551 880.2 1553.6575 537.5322 746.8 1088.3 802.3499 245.0 492.6465 4300.666 1580.1813;
	1547.4158 889.8641 1580.5 534.7301 756.219 1103.9417 810.6044 255.5 500.5 4337.7562 1602.0005;
	1590.9823 937.3304 1682.5463 554.0408 827.3521 1174.1812 876.2431 270.5773 541.4751 4549.2253 1699.1;
	1721.6623 1029.5231 1866.6718 586.0851 927.9376 1318.8 988.7 317.6949 598.2 4970.4413 1918.0043;
	1849.5747 1126.3869 2006.2675 607.3422 1003.7284 1402.4768 1051.5654 347.0441 664.9 5608.6013 2086.8054;
	1903.3262 1143.3058 1984.3488 617.8139 997.5682 1390.4038 1045.4471 358.8 664.5059 5923.4358 2047.0621;
	1946.0382 1134.9618 2012.7356 614.2086 1022.9 1414.6 1052.4108 357.2881 668.2826 6162.8312 2082.0141;
	1987.9186 1202.153 2053.1913 605.3167 1018.3214 1366.2418 1055.7408 352.0294 699.8638 6359.192 2198.2893;
	1984.2707 1228.0993 2010.3629 616.0 1038.4381 1396.312 1082.8714 354.1 693.2 6414.4285 2196.4542;
	1955.9194 1178.7065 1990.7259 602.1449 1034.8705 1413.4915 1008.0372 348.2659 677.3 6375.989 2126.7919;
	1921.3672 1117.0854 1888.9273 598.6899 977.723 1319.6966 975.0301 340.697 653.3022 6276.7 2108.1;
	1884.4244 1135.1046 1827.6875 594.2 965.3929 1365.1061 977.6636 362.3667 671.307 6334.2809 2157.4605;
	1917.1665 1117.6016 1865.4689 590.9955 1001.9 1390.4836 998.4947 363.9682 688.2614 6342.8085 2195.6839;
	1877.8 1067.9674 1897.8284 586.8 1014.3121 1400.9221 1006.1781 355.7072 696.9203 6283.9325 2166.8;
	1865.0 1098.02 1965.178 597.1 1041.4781 1476.1 1069.8965 372.5109 711.6962 6389.8 2347.4963;
	1896.6316 1108.3895 2007.1797 599.3 1029.8967 1533.9144 1103.0686 393.6699 732.5344 6255.6117 2455.9488;
	1927.12 1156.5795 2038.2103 592.3676 1061.1476 1560.1074 1127.3788 384.3786 752.8592 6228.1285 2539.362;
	1945.9 1213.6957 2101.8364 592.9863 1062.1117 1561.0885 1155.7 382.51 759.0677 6175.5335 2533.3876;
	1875.7 1117.8331 1995.3063 595.0 982.1671 1466.6132 1067.1793 358.1929 714.126 5923.5858 2384.508;
	1789.5 1063.2262 1842.6477 579.3884 937.2052 1348.8171 995.9011 335.507 655.3948 5521.0699 2160.1886;
	1663.0431 987.1781 1715.1 561.9096 854.4236 1219.4173 930.0566 298.0809 592.0 5118.7139 1939.1774;
	1600.0108 915.0292 1638.3444 562.481 809.213 1176.3 861.0641 269.4779 556.697 4747.0853 1793.1195;
	1577.6439 917.4015 1658.1166 572.509 825.8426 1184.2 848.3551 270.7577 524.1081 4499.367 1592.2855;
];
