function loadprofile = ex_load_profilesh1
%EX_LOAD_PROFILE  Example load profile data file for stochastic unit commitment.
% 2022.03.12
% Andres F. Ramirez

%% define constants
[CT_LABEL, CT_PROB, CT_TABLE, CT_TBUS, CT_TGEN, CT_TBRCH, CT_TAREABUS, ...
    CT_TAREAGEN, CT_TAREABRCH, CT_ROW, CT_COL, CT_CHGTYPE, CT_REP, ...
    CT_REL, CT_ADD, CT_NEWVAL, CT_TLOAD, CT_TAREALOAD, CT_LOAD_ALL_PQ, ...
    CT_LOAD_FIX_PQ, CT_LOAD_DIS_PQ, CT_LOAD_ALL_P, CT_LOAD_FIX_P, ...
    CT_LOAD_DIS_P, CT_TGENCOST, CT_TAREAGENCOST, CT_MODCOST_F, ...
    CT_MODCOST_X] = idx_ct;

loadprofile = struct( ...
    'type', 'mpcData', ...
    'table', CT_TAREALOAD, ...
    'rows', [1:11], ...
    'col', CT_LOAD_ALL_P, ...
    'chgtype', 1, ...
    'values', [] );
loadprofile.values(:,1,:) = [
	1501.9722 926.8209 1570.5279 545.8115 759.3 1135.5292 839.0652 249.9 491.7122 4398.259 1668.2321;
	1497.412 933.8444 1570.3296 553.056 761.7804 1147.7389 841.0138 246.6 493.3719 4364.7 1666.9;
	1538.6759 950.7283 1615.5938 558.7349 786.2062 1173.2734 867.2359 248.4459 505.2 4417.6894 1705.0326;
	1610.7143 1013.5045 1705.8 578.2157 827.2209 1226.0235 900.7 274.5776 531.1922 4601.8161 1787.7757;
	1754.2254 1131.1951 1905.7031 615.8405 927.1635 1362.3736 990.6359 302.7557 589.1318 5157.4457 1999.7;
	1888.887 1237.4665 2070.8766 636.6035 996.103 1475.647 1054.6096 323.9317 664.4096 5751.0235 2181.1907;
	1896.3319 1238.5 2040.7974 635.8503 998.9465 1454.1918 1059.7 317.0701 698.5 6170.8881 2241.9886;
	1946.3557 1238.3629 2007.9779 615.3092 1005.3 1475.2983 1055.9077 306.4752 698.7 6288.9497 2230.2187;
	1950.4913 1232.0239 2040.9323 603.4014 1003.2132 1521.6562 1063.3 315.185 714.6419 6412.8 2233.0851;
	1956.8412 1228.0 2032.1754 590.9045 1027.4796 1524.4304 1057.652 331.0569 719.6867 6359.1 2332.1436;
	1916.8181 1200.232 1974.9283 590.8871 1024.3893 1480.3348 1040.8304 314.807 680.3491 6208.8213 2206.5768;
	1942.6911 1194.0144 1945.1701 575.5115 972.6961 1432.4 1009.5 295.2923 682.7865 6185.6 2167.6339;
	1928.4996 1222.8562 1954.5686 592.3408 971.5371 1415.9745 1005.552 296.6606 684.7693 6155.4451 2138.746;
	1978.6356 1220.9451 1975.0271 590.9 935.0132 1390.5 998.6058 298.0055 663.741 6148.9599 2114.5343;
	1960.2861 1211.1855 1949.2215 582.8273 942.8185 1412.0189 1033.8101 267.8498 680.8 6148.0999 2164.5817;
	1934.2055 1186.9951 1960.4357 587.1984 973.7917 1458.8006 1072.1584 282.4148 696.581 6096.7702 2249.9665;
	1911.0752 1194.3 1938.7409 582.2545 1004.5643 1478.4 1096.7943 338.4021 699.035 6069.1668 2338.8976;
	1979.915 1242.0041 2029.1901 600.045 1090.6255 1537.8722 1157.4811 360.974 743.7 6244.2954 2489.2505;
	2001.8312 1244.3606 2003.8468 584.1491 1079.0 1502.625 1150.6849 371.308 747.2212 6212.2902 2500.3382;
	1886.5981 1178.5777 1887.6107 570.7 1011.4212 1440.2331 1111.156 343.8324 727.166 5949.7472 2388.3291;
	1844.8786 1108.2 1791.7189 556.1016 959.3 1343.2048 1060.6522 302.2864 688.4168 5707.0843 2212.9761;
	1738.9837 1017.3242 1669.8722 550.9136 874.9013 1239.2177 975.4895 274.1074 620.8719 5199.4912 1997.5626;
	1606.6372 993.8102 1593.9907 556.5241 849.4181 1154.9282 912.4646 244.0142 535.8 4780.3043 1843.4577;
	1642.2839 978.8467 1615.2714 559.657 829.5 1142.689 893.343 249.5745 533.3903 4719.7474 1845.6145;
];
