function loadprofile = ex_load_profilesh1
%EX_LOAD_PROFILE  Example load profile data file for stochastic unit commitment.
% 2022.03.12
% Andres F. Ramirez

%% define constants
[CT_LABEL, CT_PROB, CT_TABLE, CT_TBUS, CT_TGEN, CT_TBRCH, CT_TAREABUS, ...
    CT_TAREAGEN, CT_TAREABRCH, CT_ROW, CT_COL, CT_CHGTYPE, CT_REP, ...
    CT_REL, CT_ADD, CT_NEWVAL, CT_TLOAD, CT_TAREALOAD, CT_LOAD_ALL_PQ, ...
    CT_LOAD_FIX_PQ, CT_LOAD_DIS_PQ, CT_LOAD_ALL_P, CT_LOAD_FIX_P, ...
    CT_LOAD_DIS_P, CT_TGENCOST, CT_TAREAGENCOST, CT_MODCOST_F, ...
    CT_MODCOST_X] = idx_ct;

loadprofile = struct( ...
    'type', 'mpcData', ...
    'table', CT_TAREALOAD, ...
    'rows', [1:11], ...
    'col', CT_LOAD_ALL_P, ...
    'chgtype', 1, ...
    'values', [] );
loadprofile.values(:,1,:) = [
	1504.5 979.1798 1596.8234 576.8394 773.7055 1077.443 830.0744 254.1264 513.3 4380.1531 1689.7169;
	1537.0196 971.576 1605.2036 576.0222 790.6848 1083.1572 810.7946 235.4896 495.0775 4308.4823 1668.1067;
	1547.1437 1005.3092 1665.1207 577.8 800.5702 1129.1122 833.4301 251.8777 517.4088 4446.2476 1776.5792;
	1607.4 1043.7745 1734.903 599.9408 873.6061 1186.2156 874.481 274.3 542.1577 4593.8195 1806.9604;
	1727.4885 1158.1645 1934.7717 621.4987 997.1287 1303.4626 950.3727 316.8 622.8809 5139.3446 2059.3543;
	1819.3017 1226.2791 2006.9784 618.0107 1047.2001 1366.9269 991.9692 342.0135 662.6997 5611.4057 2193.1;
	1870.2078 1229.4311 2033.3453 612.405 1009.3175 1348.1154 1007.2838 339.4099 669.0 5837.5032 2228.0514;
	1928.3681 1220.9123 2008.1057 595.1309 1006.449 1334.8133 975.0175 332.0604 667.1609 5899.1519 2210.1811;
	1923.2 1217.9659 2026.8328 595.1187 1020.9563 1307.1584 1026.1276 332.6 688.4409 6244.2764 2216.7124;
	1912.8048 1210.6473 2041.5266 587.7 1071.4329 1336.984 1045.7693 334.2 675.6091 6350.2824 2224.3222;
	1902.64 1199.8813 1958.1802 583.2567 1061.0109 1303.5104 1013.6147 322.5936 668.2893 6254.2984 2178.8158;
	1870.9976 1171.5659 1920.9974 590.0 1031.2335 1311.1493 1039.9543 322.7132 697.896 6294.8045 2220.7119;
	1918.1733 1211.5703 1958.1892 580.3125 1012.9513 1311.4393 1061.2203 339.5485 677.8 6305.3 2261.4871;
	1906.6005 1202.3279 1942.0287 590.9 992.2428 1342.5329 1066.297 314.5918 677.4311 6328.2137 2258.3199;
	1909.6 1186.4391 1920.5334 600.4391 972.3786 1344.6215 1042.6318 338.6001 667.4495 6342.1826 2255.1102;
	1946.1215 1185.3636 1925.9836 606.6 996.7295 1335.1512 1059.4 339.4651 674.57 6341.8179 2365.5383;
	1958.2246 1237.9194 1986.5978 618.4674 984.5326 1428.8623 1081.9361 350.3 714.8716 6359.902 2507.5078;
	1967.7356 1281.2265 2075.0989 651.5227 1022.2727 1474.9977 1157.4412 364.5 755.2475 6471.2313 2636.4317;
	1897.6253 1258.7486 2039.8242 622.9557 1030.1848 1454.8461 1174.7 360.7239 735.195 6423.8584 2554.4201;
	1881.6762 1213.6476 1967.6772 620.2884 998.5013 1402.8591 1133.6964 340.8549 696.4195 6080.9372 2418.2765;
	1778.4942 1136.5567 1865.3751 589.8 958.6593 1295.7848 1054.4078 329.8384 654.3 5851.0503 2340.822;
	1713.6506 1072.1194 1743.8 576.2 884.7565 1216.5582 981.1166 297.6 616.9461 5354.8729 2134.9459;
	1570.2463 996.3764 1653.4 589.0332 814.7374 1155.6575 904.6613 248.9281 557.9337 4874.6365 1937.5206;
	1576.0009 991.6449 1684.7153 577.7 817.8799 1115.5284 890.7589 247.1 541.8429 4680.2142 1866.1946;
];
