function windprofile = ex_wind_profilesh1
%EX_WIND_PROFILE_D  Example wind_load_nyiso profile data for deterministic unit commitment.
% 2022.03.12
% Andres F. Ramirez


%% define constants
[GEN_BUS, PG, QG, QMAX, QMIN, VG, MBASE, GEN_STATUS, PMAX, PMIN, ...
    MU_PMAX, MU_PMIN, MU_QMAX, MU_QMIN, PC1, PC2, QC1MIN, QC1MAX, ...
    QC2MIN, QC2MAX, RAMP_AGC, RAMP_10, RAMP_30, RAMP_Q, APF] = idx_gen;
[CT_LABEL, CT_PROB, CT_TABLE, CT_TBUS, CT_TGEN, CT_TBRCH, CT_TAREABUS, ...
    CT_TAREAGEN, CT_TAREABRCH, CT_ROW, CT_COL, CT_CHGTYPE, CT_REP, ...
    CT_REL, CT_ADD, CT_NEWVAL, CT_TLOAD, CT_TAREALOAD, CT_LOAD_ALL_PQ, ...
    CT_LOAD_FIX_PQ, CT_LOAD_DIS_PQ, CT_LOAD_ALL_P, CT_LOAD_FIX_P, ...
    CT_LOAD_DIS_P, CT_TGENCOST, CT_TAREAGENCOST, CT_MODCOST_F, ...
    CT_MODCOST_X] = idx_ct;

windprofile = struct( ...
    'type', 'mpcData', ...
    'table', CT_TGEN, ...
    'rows', [1:45], ...
    'col', PMAX, ...
    'chgtype', 1, ...
    'values', [] );
windprofile.values(:,1,:) = [
	3.7474 50.6355 91.0794 109.7412 14.7726 34.0606 26.5743 18.4124 25.8609 30.644 56.645 84.5032 127.2191 69.3383 205.8201 77.5415 96.209 101.9528 44.5597 71.6333 8.8581 79.4747 75.7001 88.4626 103.9842 72.94 13.7484 1188.9938 709.3499 709.3499 608.4606 108.701 148.5322 184.3843 217.3848 302.656 1204.2544 232.0216 449.6669 278.529 116.1206 377.8455 145.888 267.2989 1216.7987;
	3.6297 49.0457 92.6437 119.1781 14.3856 33.3633 27.6636 18.8977 25.865 29.4114 54.3666 81.1043 122.1021 69.2277 204.9601 77.2175 95.8069 101.5268 35.4555 72.5886 9.2212 77.8478 75.2721 89.343 104.8454 73.7946 13.9648 1208.364 704.6937 704.6937 612.3535 103.2164 118.1851 186.8433 217.0382 300.6693 1190.7579 238.8608 445.5894 280.8359 119.2599 370.1106 137.8436 268.0976 1203.1617;
	3.7301 50.4025 94.3075 66.4587 14.4597 33.8827 29.8248 19.0974 25.9176 28.8728 53.3709 79.6188 119.8657 68.8403 203.9176 76.8248 95.3196 101.0103 38.5267 70.9701 9.9416 79.0597 75.3398 89.541 105.9755 75.5241 14.1136 1144.0724 697.3807 697.3807 569.7578 107.4438 128.4223 182.6773 215.8237 297.5491 1188.4311 233.1204 454.4196 283.8629 121.2811 375.8726 140.0924 270.396 1200.8106;
	3.6389 49.1699 93.7195 85.6294 14.441 32.9852 28.2974 19.0092 26.2699 29.6594 54.8249 81.788 123.1313 69.5827 204.597 77.0807 95.6372 101.3469 47.2988 72.4299 9.4325 76.9656 71.8574 88.1315 103.7669 75.722 14.0394 1119.8774 679.2838 679.2838 513.8806 97.0326 157.6628 186.4348 218.1513 289.8278 1063.8644 230.6552 457.5268 277.9469 119.4751 365.9162 168.5644 275.4618 1074.9463;
	3.5037 47.3429 94.177 120.664 14.4822 33.1273 24.4406 19.0112 26.9763 30.4495 56.2854 83.9668 126.4116 69.8537 202.2816 76.2084 94.5549 100.1999 83.3712 71.4214 8.1469 77.2971 68.4294 88.5853 105.0365 75.9085 13.9809 1119.0938 640.4789 640.4789 512.1092 90.7514 277.904 183.8388 219.0007 273.271 1110.55 230.2342 465.0823 281.3477 119.9691 367.4925 180.9019 276.6864 1122.1182;
	3.7808 51.0863 94.8133 120.4636 14.8579 34.2407 29.834 18.7938 27.4506 30.8125 56.9565 84.9678 127.9186 69.9119 200.2556 75.4451 93.6078 99.1964 91.3273 71.4043 9.9447 79.8951 75.2554 88.1921 105.8247 74.9958 13.7359 1213.0155 708.2101 708.2101 517.2521 91.4167 304.4243 183.7949 219.1833 302.1696 1105.2704 222.1718 475.9191 283.4589 116.6116 379.844 196.5023 279.8023 1116.7837;
	3.7462 50.6189 93.4841 120.3292 14.3723 33.4429 29.9565 18.4307 27.0553 31.0116 57.3244 85.5167 128.7449 69.2664 197.7354 74.4957 92.4298 97.948 91.0405 72.0996 9.9855 78.0334 75.7526 87.6548 105.3459 75.9637 13.2444 1192.455 685.0266 685.0266 567.0241 86.3231 303.4684 185.5846 217.1594 292.278 1072.543 245.2748 468.6113 282.1765 119.0795 370.9929 201.2549 277.4008 1083.7154;
	3.881 52.4404 93.5643 120.7445 15.1129 34.6212 31.1527 18.7541 27.9371 31.2195 57.7088 86.0902 129.6083 69.7264 197.5056 74.4091 92.3224 97.8342 88.3798 72.665 10.3842 80.7829 75.8136 87.8283 106.3342 75.5832 13.458 1147.2334 675.2043 675.2043 558.1828 71.4904 294.5993 187.0398 218.6016 288.0872 1080.8586 242.8787 479.8097 284.8237 120.7525 384.065 206.9478 275.7609 1092.1175;
	3.8351 51.8204 94.1051 120.574 15.0328 34.1937 31.0727 18.9504 27.3467 31.2649 57.7926 86.2152 129.7965 69.1917 200.1581 75.4084 93.5623 99.1481 88.2389 73.2531 10.3576 79.7853 75.7258 89.2861 105.6747 76.1975 13.7419 1188.78 741.3661 741.3661 587.3946 72.4537 294.1297 188.5536 216.9254 316.3162 1149.7608 268.5645 478.7886 283.0571 119.9935 379.3221 182.5407 274.7483 1161.7375;
	3.8482 51.9972 92.8449 119.1008 15.2667 34.5505 30.7501 19.0005 27.2456 30.7965 56.9269 84.9237 127.8521 69.6502 195.5403 73.6687 91.4037 96.8607 89.9241 72.3466 10.25 80.6179 75.4423 88.891 104.2095 75.7314 13.856 1188.5782 750.3462 750.3462 651.3388 82.1511 299.7472 186.2203 218.3627 320.1477 1167.2724 292.2505 477.6269 279.1327 122.7403 383.2806 165.3503 265.6658 1179.4315;
	3.8626 52.1924 93.4423 118.3156 15.2687 33.9528 27.8523 19.1712 26.3964 30.4859 56.3527 84.0671 126.5625 68.7309 196.0652 73.8664 91.6491 97.1207 87.5215 72.0558 9.2841 79.2232 74.3027 88.7599 104.5529 74.8583 13.8325 1171.5072 723.9238 723.9238 615.4787 91.9733 291.7382 185.4718 215.4808 308.8742 1097.6849 299.5234 470.3897 280.0524 121.2412 376.6496 168.3948 264.4411 1109.1191;
	3.8529 52.0617 94.2047 118.5948 15.1782 33.8858 27.5214 19.1463 26.8529 29.7647 55.0195 82.0783 123.5684 69.6501 197.4903 74.4033 92.3152 97.8266 89.3941 71.4868 9.1738 79.0669 73.7694 89.8524 104.7923 75.8793 13.697 1117.883 767.6522 767.6522 636.4474 100.2796 297.9802 184.0072 218.3626 327.5316 1141.9448 278.7832 477.9459 280.6937 121.1008 375.9065 184.8363 272.5982 1153.84;
	3.813 51.5216 92.6467 116.9242 15.2984 33.4472 30.0883 18.9678 27.0414 29.7764 55.0413 82.1107 123.6173 69.7225 195.5461 73.6709 91.4064 96.8635 87.5908 72.1139 10.0294 78.0435 75.5515 89.0145 101.0339 75.5003 13.6302 1151.7697 793.1901 793.1901 679.2512 104.1882 291.9694 185.6215 218.5896 338.4278 1059.2498 302.5629 471.7974 270.6266 121.8438 371.0412 158.8316 265.0215 1070.2836;
	3.6962 49.9439 91.2885 112.9808 14.599 32.5883 29.1725 18.8466 26.3434 30.3415 56.0858 83.669 125.9632 69.5447 195.3168 73.5845 91.2992 96.7499 89.5319 72.6912 9.7242 76.0393 75.5548 86.7595 99.7111 73.2379 13.5263 1090.0761 715.4132 715.4132 656.523 105.0295 298.4396 187.1073 218.0321 305.243 996.142 311.6984 463.406 267.0832 122.349 361.5127 143.922 267.9976 1006.5185;
	3.7692 50.9307 91.6926 115.0625 14.7551 32.2898 26.5996 18.5433 26.7088 29.9384 55.3407 82.5574 124.2897 69.7668 194.7678 73.3777 91.0426 96.478 85.9527 72.7366 8.8665 75.3429 73.6661 87.687 100.0781 74.0281 13.5008 1056.5281 725.0125 725.0125 677.785 108.5727 286.5091 187.2242 218.7284 309.3387 953.5984 320.2411 467.9242 268.0662 118.7911 358.2015 173.6842 253.3645 963.5317;
	3.8605 52.1645 92.6581 114.0616 15.2411 33.8138 27.5048 18.2669 27.6933 29.2162 54.0057 80.5659 121.2915 69.8409 197.67 74.471 92.3992 97.9156 84.9954 72.2831 9.1683 78.8989 74.007 86.4169 100.9866 74.1983 13.5738 1153.5671 770.2787 770.2787 659.6884 112.5698 283.3179 186.0569 218.9606 328.6523 1082.4213 310.965 474.7125 270.4997 117.9964 375.1081 190.0691 255.8661 1093.6965;
	3.7275 50.3673 90.7586 116.229 15.1742 34.6005 25.7385 17.4246 27.2109 30.4002 56.1943 83.8309 126.2069 69.261 199.6155 75.204 93.3087 98.8793 89.4282 73.3384 8.5795 80.7344 73.5923 88.2123 99.4627 72.4286 12.0804 1186.1825 767.3508 767.3508 704.9208 110.407 298.0939 188.7732 217.1427 327.403 1200.6613 304.8824 472.1376 266.418 121.0167 383.8344 189.2506 235.2956 1213.1682;
	3.8695 52.2859 94.3081 117.2261 14.9634 33.954 26.6056 15.2799 28.1178 31.0589 57.4119 85.6473 128.9415 69.6394 194.2285 73.1745 90.7905 96.2109 85.8062 71.2177 8.8685 79.2261 74.3278 86.9436 101.0775 68.0171 11.6408 1318.7815 756.3846 756.3846 699.7483 105.1254 286.0206 183.3145 218.329 322.7241 1248.6079 314.605 478.8046 270.7432 122.5486 376.6635 199.7936 244.4276 1261.6142;
