function solarprofile = ex_solar_profilesh1
%EX_WIND_PROFILE_D  Example wind_load_nyiso profile data for deterministic unit commitment.
% 2022.03.12
% Andres F. Ramirez


%% define constants
[GEN_BUS, PG, QG, QMAX, QMIN, VG, MBASE, GEN_STATUS, PMAX, PMIN, ...
    MU_PMAX, MU_PMIN, MU_QMAX, MU_QMIN, PC1, PC2, QC1MIN, QC1MAX, ...
    QC2MIN, QC2MAX, RAMP_AGC, RAMP_10, RAMP_30, RAMP_Q, APF] = idx_gen;
[CT_LABEL, CT_PROB, CT_TABLE, CT_TBUS, CT_TGEN, CT_TBRCH, CT_TAREABUS, ...
    CT_TAREAGEN, CT_TAREABRCH, CT_ROW, CT_COL, CT_CHGTYPE, CT_REP, ...
    CT_REL, CT_ADD, CT_NEWVAL, CT_TLOAD, CT_TAREALOAD, CT_LOAD_ALL_PQ, ...
    CT_LOAD_FIX_PQ, CT_LOAD_DIS_PQ, CT_LOAD_ALL_P, CT_LOAD_FIX_P, ...
    CT_LOAD_DIS_P, CT_TGENCOST, CT_TAREAGENCOST, CT_MODCOST_F, ...
    CT_MODCOST_X] = idx_ct;

solarprofile = struct( ...
    'type', 'mpcData', ...
    'table', CT_TGEN, ...
    'rows', [1:12], ...
    'col', PMAX, ...
    'chgtype', 1, ...
    'values', [] );
solarprofile.values(:,1,:) = [
	0.0 0.0 0.0 0.0 0.0 0.0 0.0 0.0 0.0 0.0 0.0 0.0;
	0.0 0.0 0.0 0.0 0.0 0.0 0.0 0.0 0.0 0.0 0.0 0.0;
	0.0 0.0 0.0 0.0 0.0 0.0 0.0 0.0 0.0 0.0 0.0 0.0;
	0.0 0.0 0.0 0.0 0.0 0.0 0.0 0.0 0.0 0.0 0.0 0.0;
	0.0 0.0 0.0 0.0 0.0 0.0 0.0 0.0 0.0 0.0 0.0 0.0;
	0.0059 0.018 0.002 0.0 0.0 0.0 0.0 0.0 0.0 0.0 0.0 0.0;
	9.7355 10.2941 7.4259 2.8175 4.4612 211.5563 26.4445 41.7952 83.1945 67.2738 40.2209 121.8333;
	17.1397 13.5419 10.7362 5.7458 9.325 390.6307 48.8288 77.7592 148.3498 33.5156 108.9049 60.697;
	22.7812 16.5881 13.5267 6.4219 11.644 426.7822 53.3478 80.4897 176.7522 105.6594 167.5154 191.3498;
	26.4818 16.6083 13.8152 8.6215 11.5304 428.0662 53.5083 76.5982 224.8114 245.2976 188.7392 444.2354;
	26.8999 16.7243 14.1932 11.1425 12.7694 401.9329 50.2416 74.0365 206.2164 324.0287 219.3878 586.8179;
	27.1486 16.7957 14.3378 11.411 12.7099 377.0176 47.1272 73.0824 197.8984 348.695 234.6652 631.4887;
	27.2602 16.8405 14.3841 11.3857 11.857 419.1566 52.3946 73.5279 227.6167 332.2123 232.7576 601.6385;
	25.4152 16.7581 14.2947 11.1591 11.8117 437.1828 54.6478 75.0981 243.4276 287.3989 193.7882 520.4811;
	20.7068 16.3147 13.7614 8.617 11.7968 451.5786 56.4473 72.9399 249.6158 153.0145 144.801 277.1101;
	9.1346 10.7395 6.1167 9.0659 10.6994 395.0139 49.3767 47.0766 170.7878 40.1756 68.8705 72.7583;
	0.7868 0.7984 0.4039 2.302 3.1449 53.4493 6.6812 9.9935 24.8437 21.3264 24.7436 38.6223;
	0.0 0.0 0.0 0.0 0.0 0.0 0.0 0.0 0.0 0.0 0.0 0.0;
	0.0 0.0 0.0 0.0 0.0 0.0 0.0 0.0 0.0 0.0 0.0 0.0;
	0.0 0.0 0.0 0.0 0.0 0.0 0.0 0.0 0.0 0.0 0.0 0.0;
	0.0 0.0 0.0 0.0 0.0 0.0 0.0 0.0 0.0 0.0 0.0 0.0;
	0.0 0.0 0.0 0.0 0.0 0.0 0.0 0.0 0.0 0.0 0.0 0.0;
	0.0 0.0 0.0 0.0 0.0 0.0 0.0 0.0 0.0 0.0 0.0 0.0;
	0.0 0.0 0.0 0.0 0.0 0.0 0.0 0.0 0.0 0.0 0.0 0.0;
];
