function windprofile = ex_wind_profilesh1
%EX_WIND_PROFILE_D  Example wind_load_nyiso profile data for deterministic unit commitment.
% 2022.03.12
% Andres F. Ramirez


%% define constants
[GEN_BUS, PG, QG, QMAX, QMIN, VG, MBASE, GEN_STATUS, PMAX, PMIN, ...
    MU_PMAX, MU_PMIN, MU_QMAX, MU_QMIN, PC1, PC2, QC1MIN, QC1MAX, ...
    QC2MIN, QC2MAX, RAMP_AGC, RAMP_10, RAMP_30, RAMP_Q, APF] = idx_gen;
[CT_LABEL, CT_PROB, CT_TABLE, CT_TBUS, CT_TGEN, CT_TBRCH, CT_TAREABUS, ...
    CT_TAREAGEN, CT_TAREABRCH, CT_ROW, CT_COL, CT_CHGTYPE, CT_REP, ...
    CT_REL, CT_ADD, CT_NEWVAL, CT_TLOAD, CT_TAREALOAD, CT_LOAD_ALL_PQ, ...
    CT_LOAD_FIX_PQ, CT_LOAD_DIS_PQ, CT_LOAD_ALL_P, CT_LOAD_FIX_P, ...
    CT_LOAD_DIS_P, CT_TGENCOST, CT_TAREAGENCOST, CT_MODCOST_F, ...
    CT_MODCOST_X] = idx_ct;

windprofile = struct( ...
    'type', 'mpcData', ...
    'table', CT_TGEN, ...
    'rows', [1:45], ...
    'col', PMAX, ...
    'chgtype', 1, ...
    'values', [] );
windprofile.values(:,1,:) = [
	3.7328 50.4388 93.4989 111.3662 14.4196 33.1896 26.2438 18.9107 26.663 30.1278 55.6907 83.0796 125.0759 63.419 195.5261 73.6633 91.3971 96.8536 35.3187 72.7263 8.7479 77.4423 74.5778 90.0323 106.1122 73.9636 14.137 1170.373 675.8468 675.8468 618.9434 119.8437 117.729 187.1976 198.8272 288.3613 1162.4165 245.3844 440.4454 284.229 117.0245 368.1828 138.9517 265.4887 1174.525;
	3.8403 51.8906 94.69 120.0529 14.8731 33.9543 30.086 19.1583 27.8106 30.2474 55.9119 83.4095 125.5725 63.628 194.4119 73.2435 90.8762 96.3017 30.0503 73.7955 10.0287 79.2268 75.3767 90.0902 106.4126 72.3535 14.1377 1133.2059 736.0517 736.0517 606.3373 118.7623 100.1676 189.9497 199.4825 314.0487 1183.4543 249.6647 468.998 285.0339 121.1101 376.6667 138.9662 273.6714 1195.7819;
	3.8695 52.286 95.2762 69.2091 15.2654 34.096 29.8987 19.1454 28.2274 30.7211 56.7875 84.7157 127.5391 63.7864 202.0525 76.1221 94.4478 100.0864 36.0158 73.923 9.9662 79.5574 75.3779 90.1771 106.4877 74.6182 14.1176 1150.2623 735.5326 735.5326 599.6254 120.7802 120.0527 190.2781 199.9789 313.8272 1206.6383 251.1783 471.8739 285.2349 121.8537 378.2386 137.3115 275.1274 1219.2074;
	3.8031 51.388 95.2582 87.84 15.1342 34.1322 28.6452 19.1275 28.1335 30.7051 56.7579 84.6716 127.4727 65.839 201.9214 76.0727 94.3865 100.0215 41.8049 73.1838 9.5484 79.6418 71.5561 90.1739 106.7333 75.7218 14.1346 1193.4733 746.0013 746.0013 550.5528 107.6453 139.3495 188.3752 206.4141 318.2939 1129.6938 247.1486 471.2803 285.8927 119.5007 378.6399 168.1441 275.4041 1141.4614;
	3.6597 49.4509 95.4009 119.8195 15.258 34.6086 24.5526 19.0696 28.4373 30.9621 57.233 85.3804 128.5398 67.3447 194.6917 73.349 91.0071 96.4403 69.1013 72.3947 8.1842 80.7535 65.4219 90.1191 106.4462 75.4592 14.0579 1181.9304 682.6451 682.6451 564.1371 106.2819 230.3375 186.3442 211.1347 291.2619 1209.5242 245.236 475.4965 285.1238 121.5806 383.9253 189.9792 277.5702 1222.1234;
	3.8888 52.5468 95.363 116.3276 15.0363 34.7992 28.9371 18.9097 28.4388 31.0305 57.3594 85.569 128.8236 66.7742 200.5287 75.548 93.7355 99.3317 88.9428 73.8505 9.6457 81.1982 73.5378 90.0834 106.2905 74.1732 14.0765 1173.3698 721.4496 721.4496 502.8011 100.8745 296.476 190.0915 209.3461 307.8185 1113.1686 223.7176 475.5697 284.7067 122.096 386.0393 195.3088 271.1294 1124.7641;
	3.8893 52.5533 95.3705 116.6162 14.8754 33.8714 28.8494 18.8123 28.4467 30.741 56.8243 84.7707 127.6219 67.1684 194.3597 73.2239 90.8519 96.2759 86.902 72.7368 9.6165 79.0333 74.5565 89.8821 104.7125 76.0271 13.8095 1148.3925 712.4572 712.4572 548.6989 102.2787 289.6732 187.2248 210.5821 303.9817 1080.5882 248.7414 477.6639 280.4798 120.6165 375.7468 196.9454 265.8435 1091.8443;
	3.9047 52.7614 95.3238 118.9375 15.1224 34.9096 29.1641 18.6351 28.4911 30.6289 56.617 84.4614 127.1562 66.6319 197.5308 74.4186 92.3342 97.8467 87.6066 71.7933 9.7214 81.4557 74.5708 90.0909 104.7594 73.9902 13.7718 1081.8878 713.5486 713.5486 540.9501 88.6822 292.0219 184.7961 208.9 304.4474 1057.6779 241.1798 478.6994 280.6054 119.4632 387.2636 199.9862 262.9056 1068.6954;
	3.8572 52.1191 95.2724 120.2178 15.0715 34.9265 29.9019 17.7707 28.4437 30.0966 55.6332 82.9938 124.9467 67.7106 194.4168 73.2454 90.8786 96.3042 87.0876 70.1078 9.9673 81.4952 71.6045 89.4001 103.8855 73.0 13.2556 1129.1058 769.5469 769.5469 558.7058 85.193 290.2919 180.4578 212.2817 328.34 1136.0388 260.3835 476.1483 278.2647 115.7329 387.4514 181.0488 266.3851 1147.8725;
	3.7358 50.4792 94.2416 117.667 14.5768 34.4903 29.3117 17.5769 27.5812 29.589 54.6949 81.594 122.8393 64.7569 192.9664 72.699 90.2006 95.5857 86.1067 69.5535 9.7706 80.4774 71.5086 85.8685 101.1011 72.3211 12.9883 1065.7945 734.2644 734.2644 574.3162 91.8954 287.0224 179.0309 203.0215 313.2861 1087.1471 292.1931 464.8136 270.8065 114.0458 382.6124 159.8729 259.3018 1098.4715;
	3.5875 48.4755 94.0445 115.9341 14.2727 33.7869 27.612 17.9248 27.7162 30.6648 56.6835 84.5606 127.3055 64.1674 195.474 73.6437 91.3727 96.8278 86.3623 69.7479 9.204 78.8362 74.1197 86.1146 100.2015 72.5619 13.1799 1046.1365 724.7037 724.7037 595.4229 88.7613 287.8745 179.5313 201.1736 309.2069 1042.219 292.3208 473.0491 268.3968 114.3106 374.8098 164.9225 258.7303 1053.0755;
	3.6491 49.3071 93.6033 116.5824 14.36 34.5066 27.3338 18.2225 28.1891 30.209 55.8409 83.3037 125.4132 65.9056 197.5927 74.4419 92.3631 97.8773 89.3313 67.7412 9.1113 80.5154 72.276 86.0957 102.068 73.3092 13.4924 1097.2942 739.468 739.468 612.9948 95.8411 297.7709 174.366 206.6228 315.5063 1098.5113 286.4534 470.3281 273.3964 112.3206 382.7933 180.3517 266.2674 1109.9542;
	3.5736 48.2872 88.9943 111.1409 14.1019 32.4754 28.2628 17.9104 27.089 30.1349 55.7039 83.0992 125.1054 66.9537 194.5006 73.277 90.9177 96.3456 86.4037 69.3157 9.4209 75.776 72.5256 87.1757 100.608 72.3685 13.1964 1104.9358 748.8187 748.8187 647.4683 102.2544 288.0123 178.4187 209.9089 319.496 1038.4345 309.7168 451.7629 269.4858 112.4297 360.2608 156.6648 254.255 1049.2515;
	3.1826 43.0044 87.6483 109.647 14.2852 32.4161 28.34 17.7814 26.3828 30.2074 55.838 83.2993 125.4066 65.7461 199.5584 75.1825 93.2819 98.851 91.231 70.4257 9.4467 75.6375 73.6178 86.3514 98.9681 71.9426 13.1327 1102.4848 711.9217 711.9217 660.0516 97.4831 304.1033 181.2759 206.1231 303.7533 1029.9014 310.3121 449.251 265.0932 111.1715 359.6023 148.7123 258.1382 1040.6295;
	3.0581 41.3212 87.292 81.6319 13.3851 31.8475 25.5016 17.6157 26.0328 29.8425 55.1634 82.2929 123.8916 66.2162 198.3034 74.7097 92.6953 98.2294 87.5237 70.3237 8.5005 74.3107 71.6228 85.2559 92.5034 71.542 12.8793 1092.2823 714.2753 714.2753 635.1576 103.7546 291.7458 181.0134 207.5967 304.7575 946.0864 311.4841 449.2608 247.7771 111.7883 353.2945 162.6561 182.6292 955.9415;
	3.2441 43.8353 85.4144 80.8338 13.9399 32.1255 27.0641 16.8437 27.6182 29.9011 55.2718 82.4546 124.135 67.0509 200.1542 75.4069 93.5604 99.1461 86.4748 70.8366 9.0214 74.9594 73.3987 84.3115 96.1718 71.6151 12.8319 1116.3441 726.2904 726.2904 599.9649 104.8573 288.2492 182.3337 210.2137 309.8839 1004.5619 284.6419 449.3595 257.6029 105.7225 356.3785 155.5849 224.7853 1015.0261;
	3.0366 41.0318 87.0803 108.4544 14.0316 32.5002 25.4389 15.9907 27.2714 29.1565 53.8954 80.4013 121.0438 67.8961 196.6378 74.0822 91.9168 97.4043 87.7784 71.9306 8.4796 75.8339 73.1632 85.9279 96.0606 70.4114 11.4173 1123.9523 714.8553 714.8553 560.4402 98.5515 292.5946 185.1496 212.8636 305.0049 1098.5403 266.9797 453.7451 257.3053 102.9813 360.5359 158.5659 207.498 1109.9834;
	3.0872 41.7145 86.7227 108.9919 14.0012 31.8324 25.565 13.904 27.0331 29.7384 54.971 82.0059 123.4594 68.2141 194.5118 73.2812 90.923 96.3512 85.2571 70.4992 8.5217 74.2757 73.4194 82.7679 97.2905 67.4781 11.1018 1217.5619 694.3763 694.3763 637.8253 99.1614 284.1905 181.4652 213.8603 296.2672 1144.9159 294.0448 456.656 260.5997 112.6774 353.1278 154.5955 201.5565 1156.8421;
