function loadprofile = ex_load_profilesh1
%EX_LOAD_PROFILE  Example load profile data file for stochastic unit commitment.
% 2022.03.12
% Andres F. Ramirez

%% define constants
[CT_LABEL, CT_PROB, CT_TABLE, CT_TBUS, CT_TGEN, CT_TBRCH, CT_TAREABUS, ...
    CT_TAREAGEN, CT_TAREABRCH, CT_ROW, CT_COL, CT_CHGTYPE, CT_REP, ...
    CT_REL, CT_ADD, CT_NEWVAL, CT_TLOAD, CT_TAREALOAD, CT_LOAD_ALL_PQ, ...
    CT_LOAD_FIX_PQ, CT_LOAD_DIS_PQ, CT_LOAD_ALL_P, CT_LOAD_FIX_P, ...
    CT_LOAD_DIS_P, CT_TGENCOST, CT_TAREAGENCOST, CT_MODCOST_F, ...
    CT_MODCOST_X] = idx_ct;

loadprofile = struct( ...
    'type', 'mpcData', ...
    'table', CT_TAREALOAD, ...
    'rows', [1:11], ...
    'col', CT_LOAD_ALL_P, ...
    'chgtype', 1, ...
    'values', [] );
loadprofile.values(:,1,:) = [
	1361.8682 894.3118 1588.9 519.5012 780.7588 1088.544 885.6879 274.8533 509.5912 4475.0197 1649.123;
	1339.7132 887.4773 1583.0369 528.6 765.3551 1107.2949 879.0 276.2272 493.0 4417.7716 1655.9824;
	1379.178 925.2659 1651.5424 542.7496 797.0388 1143.2 893.9 279.6 503.7557 4437.1052 1686.4691;
	1461.4313 989.3451 1768.6218 573.3108 850.7799 1195.6437 929.7927 305.3072 545.8106 4682.4 1800.8151;
	1603.8897 1107.8175 1974.0 584.9173 942.166 1342.7067 1025.5 339.8 600.4438 5186.0 2033.7843;
	1735.8071 1217.0 2088.9403 609.6328 985.2002 1461.2622 1114.327 378.6344 690.9473 5862.0907 2252.6166;
	1785.1984 1261.9576 2133.9239 609.1 1030.41 1495.533 1155.3534 384.2838 717.449 6257.2727 2352.6136;
	1845.3687 1317.3893 2152.7506 589.7606 1034.1317 1511.9256 1167.8574 372.4745 738.5841 6513.5634 2426.1643;
	1869.0436 1325.0091 2121.8493 587.04 1013.7 1509.1618 1173.7747 359.2 706.9 6663.6033 2477.3821;
	1897.444 1326.3618 2136.4082 577.6783 1025.3 1527.0835 1181.2677 356.8874 706.8116 6624.8642 2462.1719;
	1865.3742 1312.6492 2107.5669 578.2507 1004.4 1531.5843 1198.6683 363.8 688.0212 6680.6475 2400.4473;
	1846.8 1305.9337 2080.8617 577.6776 975.0753 1528.1061 1176.8003 357.1506 681.1908 6607.5345 2261.4024;
	1826.6371 1271.5427 2016.2693 561.6755 935.1059 1474.6675 1150.1394 358.8935 675.963 6557.7391 2216.7391;
	1779.3 1243.0496 1970.5924 563.2 959.7613 1443.9692 1133.0692 343.1 676.2 6627.6907 2247.0162;
	1763.7232 1233.0 1987.8809 572.2114 974.1161 1406.6518 1113.3365 315.5346 673.6404 6465.161 2245.535;
	1751.5025 1224.3431 2007.3034 556.2 999.3127 1425.7899 1129.067 311.1766 681.0053 6379.4716 2315.34;
	1747.8299 1229.2628 2040.9198 584.5762 980.2516 1445.9705 1117.8765 339.2171 679.3 6213.4825 2367.8452;
	1795.8318 1236.4686 2063.4881 601.9162 1016.2649 1489.7572 1157.6304 356.6818 711.7304 6100.121 2465.93;
	1860.8198 1232.4687 2085.7039 604.0549 1019.6554 1431.4532 1126.8629 327.4662 704.1904 5928.6311 2418.0155;
	1738.9384 1157.4198 1959.8844 583.3333 934.8275 1346.4127 1067.027 320.5632 651.6 5662.6443 2277.6306;
	1657.6 1066.5409 1855.5284 556.5934 894.5 1243.1957 946.9617 298.896 589.9483 5471.7877 2078.7446;
	1591.3341 1023.6274 1760.9069 541.6581 841.1631 1193.8447 924.1 270.0832 567.8 5196.1474 1958.7028;
	1510.3153 973.2586 1721.9 569.4633 859.3945 1150.0675 877.1469 272.9261 497.4789 4834.2987 1821.0167;
	1521.5533 965.4563 1689.0012 566.3 845.4466 1165.7497 882.0214 275.1 511.3184 4560.4969 1772.1;
];
