function loadprofile = ex_load_profilesh1
%EX_LOAD_PROFILE  Example load profile data file for stochastic unit commitment.
% 2022.03.12
% Andres F. Ramirez

%% define constants
[CT_LABEL, CT_PROB, CT_TABLE, CT_TBUS, CT_TGEN, CT_TBRCH, CT_TAREABUS, ...
    CT_TAREAGEN, CT_TAREABRCH, CT_ROW, CT_COL, CT_CHGTYPE, CT_REP, ...
    CT_REL, CT_ADD, CT_NEWVAL, CT_TLOAD, CT_TAREALOAD, CT_LOAD_ALL_PQ, ...
    CT_LOAD_FIX_PQ, CT_LOAD_DIS_PQ, CT_LOAD_ALL_P, CT_LOAD_FIX_P, ...
    CT_LOAD_DIS_P, CT_TGENCOST, CT_TAREAGENCOST, CT_MODCOST_F, ...
    CT_MODCOST_X] = idx_ct;

loadprofile = struct( ...
    'type', 'mpcData', ...
    'table', CT_TAREALOAD, ...
    'rows', [1:11], ...
    'col', CT_LOAD_ALL_P, ...
    'chgtype', 1, ...
    'values', [] );
loadprofile.values(:,1,:) = [
	1500.2005 935.3532 1550.8884 555.2854 747.1 1175.2689 879.7245 288.5973 528.4 4550.5347 1684.4964;
	1481.3455 931.4364 1528.116 546.9298 755.0 1169.1111 865.1818 294.6828 504.3659 4446.5428 1669.0574;
	1494.5622 943.2 1547.9124 548.7 749.172 1183.685 886.1472 298.756 519.1 4447.2414 1702.0086;
	1609.4699 1027.6638 1667.5044 567.1 816.0147 1251.4827 932.0 312.4733 549.9716 4718.5 1835.4639;
	1762.6792 1155.2 1878.5012 598.549 928.0 1398.2905 1034.0581 335.7 623.9761 5257.9829 2051.0877;
	1864.4 1240.6438 1996.0922 617.4061 990.0986 1500.4282 1087.946 359.7152 701.1288 5801.4075 2223.4237;
	1862.1466 1220.171 1994.3844 588.5844 975.5818 1492.2298 1098.3 363.8631 720.1836 6219.7463 2269.2349;
	1879.5866 1244.7873 2060.3412 589.8986 1009.7277 1503.7082 1079.2054 360.2443 733.3062 6545.0769 2263.2336;
	1908.5811 1256.7868 2091.213 579.5177 1028.6321 1532.7143 1090.6921 377.5502 719.6757 7017.8218 2336.7643;
	1926.6613 1262.0192 2051.1869 583.8283 1004.0482 1515.4362 1111.4 366.2725 727.919 6922.8679 2283.1441;
	1924.8824 1245.7315 2008.9312 587.8 1014.7624 1547.7324 1132.2142 381.1015 744.1484 7095.5626 2397.9078;
	1928.6122 1248.6023 1984.7042 585.1258 960.6 1491.979 1100.2921 378.7703 751.3652 7018.4082 2313.0051;
	1922.3 1260.7307 1978.929 559.0 911.1698 1457.3388 1135.5019 389.5356 810.7017 7137.882 2442.0374;
	1883.2025 1249.7503 1962.2076 555.4774 902.3188 1440.518 1113.5876 370.1227 794.4759 6742.4189 2257.3418;
	1903.3328 1240.1251 1976.152 560.8598 925.4847 1494.1529 1119.6664 359.5447 801.6603 6680.8399 2280.278;
	1927.0576 1274.579 2009.0733 585.2 959.1423 1532.9521 1199.1229 353.9901 863.7192 6761.4519 2363.1335;
	1856.6738 1256.5263 1989.1 597.829 987.4074 1561.1925 1276.7769 395.6 852.3617 6536.5458 2556.3057;
	1900.0653 1294.5098 2051.3302 610.261 1041.8585 1611.3687 1317.8348 417.8456 864.7854 6418.4027 2636.0163;
	1907.0853 1311.6868 2040.2568 610.7236 1049.3945 1581.2887 1277.7008 407.2353 819.0783 6252.1688 2576.524;
	1887.8937 1246.328 1951.0 595.4 970.6537 1492.4699 1203.5105 367.9732 779.318 6005.0987 2405.0934;
	1785.0 1151.8 1814.7104 589.2 908.4435 1383.8273 1065.0706 336.3 714.5935 5563.5027 2184.4342;
	1687.1 1076.3309 1711.1759 573.0774 858.2379 1321.5092 985.5666 319.4 655.7281 5221.1835 1988.532;
	1601.5974 992.8 1615.1568 568.7019 816.7568 1251.5049 946.5723 317.2426 583.7 4980.521 1872.4877;
	1567.1355 1002.0161 1626.9679 578.7856 805.4696 1220.7431 940.9722 302.8497 558.138 4816.1938 1807.3817;
];
