function loadprofile = ex_load_profilesh1
%EX_LOAD_PROFILE  Example load profile data file for stochastic unit commitment.
% 2022.03.12
% Andres F. Ramirez

%% define constants
[CT_LABEL, CT_PROB, CT_TABLE, CT_TBUS, CT_TGEN, CT_TBRCH, CT_TAREABUS, ...
    CT_TAREAGEN, CT_TAREABRCH, CT_ROW, CT_COL, CT_CHGTYPE, CT_REP, ...
    CT_REL, CT_ADD, CT_NEWVAL, CT_TLOAD, CT_TAREALOAD, CT_LOAD_ALL_PQ, ...
    CT_LOAD_FIX_PQ, CT_LOAD_DIS_PQ, CT_LOAD_ALL_P, CT_LOAD_FIX_P, ...
    CT_LOAD_DIS_P, CT_TGENCOST, CT_TAREAGENCOST, CT_MODCOST_F, ...
    CT_MODCOST_X] = idx_ct;

loadprofile = struct( ...
    'type', 'mpcData', ...
    'table', CT_TAREALOAD, ...
    'rows', [1:11], ...
    'col', CT_LOAD_ALL_P, ...
    'chgtype', 1, ...
    'values', [] );
loadprofile.values(:,1,:) = [
	1499.3858 913.8413 1588.0381 506.563 788.2856 1101.6447 877.6 256.7 506.3 4546.6458 1760.0715;
	1492.1639 919.792 1590.0259 462.1856 778.2785 1094.4913 869.6323 252.6 506.5246 4545.7614 1743.1048;
	1503.4986 930.9 1619.1368 515.9668 793.9 1102.6431 877.9654 251.1578 528.0835 4651.3951 1751.1811;
	1572.9 1014.1 1746.3 497.4973 861.2277 1206.6316 919.3 273.8503 542.4 4909.4015 1866.4186;
	1738.5568 1121.5309 1925.7 542.8029 958.0071 1316.949 1011.8948 323.6466 610.1518 5360.8955 2065.5;
	1858.2238 1232.125 2040.3801 578.85 1013.3912 1411.9317 1086.7633 352.3 680.7 6056.2163 2273.4447;
	1855.8 1233.2781 2012.5283 570.2558 1030.3324 1407.5463 1085.0127 345.9183 674.2232 6195.4536 2263.6046;
	1886.2224 1283.2216 2091.1079 571.0314 1062.0753 1416.8756 1103.1371 359.6648 693.4907 6434.4495 2290.0343;
	1930.2136 1308.1862 2108.4918 573.5555 1043.4862 1429.1274 1104.6557 341.5897 710.5277 6470.3406 2267.2531;
	1963.9 1315.0168 2130.96 582.0667 1086.8535 1447.8852 1101.5633 335.5174 684.9799 6466.0758 2257.6723;
	1957.6346 1300.6934 2111.091 572.4676 1040.119 1432.0641 1089.9221 315.3 676.1775 6463.3072 2211.6563;
	1961.9438 1332.5183 2112.5134 580.8088 1036.7726 1442.2699 1053.6654 298.6196 671.6628 6413.9472 2254.9416;
	1950.2117 1308.843 2042.0593 580.6554 980.0964 1397.0482 1053.1807 296.2906 664.8 6344.3153 2213.9877;
	1889.2197 1284.2816 2010.0362 579.7825 979.9 1393.5879 1085.1802 304.2 675.1 6324.5376 2229.7227;
	1839.1795 1248.3847 1961.4448 583.0 963.8813 1364.5234 1044.3394 269.5759 678.6358 6247.0823 2157.5;
	1817.0272 1244.8559 1960.509 606.2 990.0 1428.166 1080.9412 288.814 688.147 6249.5953 2272.2783;
	1859.2396 1272.7682 2038.8188 592.2765 1028.7271 1482.4799 1136.6969 335.2655 708.0021 6256.3411 2474.4639;
	1851.5217 1290.6654 2060.285 615.9138 1052.6608 1504.2379 1190.3539 366.3446 747.4521 6385.3568 2546.5763;
	1876.8846 1288.3924 2039.6326 617.8101 1039.5863 1462.0 1194.2842 380.0 749.8 6315.1 2520.0667;
	1831.1766 1204.4032 2008.7424 587.1 1006.2572 1386.8812 1181.5772 351.5 747.7602 6464.3015 2484.6386;
	1744.5479 1119.1409 1836.9783 560.6488 896.7511 1290.1739 1070.4126 318.5654 673.1789 5958.8389 2280.8724;
	1613.9693 1017.2792 1673.9 545.3 844.6962 1193.2241 984.9456 275.4366 611.8384 5453.3587 2012.2416;
	1520.2263 982.0 1638.5926 542.0201 798.3942 1150.0935 945.6192 268.5851 561.458 5113.1608 1857.5575;
	1491.9265 980.4 1642.2896 547.1675 789.6837 1096.6452 912.8829 259.5496 531.1233 4750.1322 1772.5021;
];
