function solarprofile = ex_solar_profilesh1
%EX_WIND_PROFILE_D  Example wind_load_nyiso profile data for deterministic unit commitment.
% 2022.03.12
% Andres F. Ramirez


%% define constants
[GEN_BUS, PG, QG, QMAX, QMIN, VG, MBASE, GEN_STATUS, PMAX, PMIN, ...
    MU_PMAX, MU_PMIN, MU_QMAX, MU_QMIN, PC1, PC2, QC1MIN, QC1MAX, ...
    QC2MIN, QC2MAX, RAMP_AGC, RAMP_10, RAMP_30, RAMP_Q, APF] = idx_gen;
[CT_LABEL, CT_PROB, CT_TABLE, CT_TBUS, CT_TGEN, CT_TBRCH, CT_TAREABUS, ...
    CT_TAREAGEN, CT_TAREABRCH, CT_ROW, CT_COL, CT_CHGTYPE, CT_REP, ...
    CT_REL, CT_ADD, CT_NEWVAL, CT_TLOAD, CT_TAREALOAD, CT_LOAD_ALL_PQ, ...
    CT_LOAD_FIX_PQ, CT_LOAD_DIS_PQ, CT_LOAD_ALL_P, CT_LOAD_FIX_P, ...
    CT_LOAD_DIS_P, CT_TGENCOST, CT_TAREAGENCOST, CT_MODCOST_F, ...
    CT_MODCOST_X] = idx_ct;

solarprofile = struct( ...
    'type', 'mpcData', ...
    'table', CT_TGEN, ...
    'rows', [1:12], ...
    'col', PMAX, ...
    'chgtype', 1, ...
    'values', [] );
solarprofile.values(:,1,:) = [
	0.0 0.0 0.0 0.0 0.0 0.0 0.0 0.0 0.0 0.0 0.0 0.0;
	0.0 0.0 0.0 0.0 0.0 0.0 0.0 0.0 0.0 0.0 0.0 0.0;
	0.0 0.0 0.0 0.0 0.0 0.0 0.0 0.0 0.0 0.0 0.0 0.0;
	0.0 0.0 0.0 0.0 0.0 0.0 0.0 0.0 0.0 0.0 0.0 0.0;
	0.0 0.0 0.0 0.0 0.0 0.0 0.0 0.0 0.0 0.0 0.0 0.0;
	0.0 0.0 0.002 0.0 0.0 0.0 0.0 0.0 0.0 0.0 0.0 0.0;
	6.0279 7.0408 6.0424 5.1195 3.0539 310.6559 38.832 41.1136 75.0238 73.4708 41.5463 133.0561;
	18.3482 16.0816 13.1535 9.2926 10.892 369.3389 46.1674 73.7554 96.0565 256.0082 165.6705 463.6323;
	23.9025 16.8688 13.8802 11.5349 12.6438 367.4441 45.9305 76.3276 99.1653 325.3005 215.9026 589.1211;
	26.4273 16.8696 13.8 12.0585 11.2412 229.4586 28.6823 70.4849 87.3204 297.9548 213.1044 539.5979;
	26.2668 16.6109 13.8 12.0222 10.5122 287.3137 35.9142 67.0097 125.7492 305.4338 226.0659 553.1424;
	22.4101 16.6083 12.9721 11.6084 9.5634 309.8829 38.7354 66.2387 142.7867 310.1598 227.5428 561.7013;
	20.4248 16.4219 11.3257 11.5604 8.9698 341.649 42.7061 71.5536 140.2751 255.3573 174.9023 462.4535;
	16.8152 16.596 12.3228 11.3032 9.1419 332.1207 41.5151 74.627 140.4458 247.1807 137.6191 447.6457;
	12.6071 13.9475 8.4589 7.7987 8.7152 342.1512 42.7689 74.5023 152.1458 201.2665 109.9681 364.4949;
	7.3383 7.4496 4.4989 4.1182 5.317 257.1964 32.1495 67.1993 162.0381 81.2648 59.213 147.171;
	0.7076 0.6138 0.3824 1.2726 2.6413 54.6919 6.8365 12.5606 30.1979 21.9185 20.8547 39.6945;
	0.0 0.0 0.0 0.0 0.0 0.0 0.0 0.0 0.0 0.0 0.0 0.0;
	0.0 0.0 0.0 0.0 0.0 0.0 0.0 0.0 0.0 0.0 0.0 0.0;
	0.0 0.0 0.0 0.0 0.0 0.0 0.0 0.0 0.0 0.0 0.0 0.0;
	0.0 0.0 0.0 0.0 0.0 0.0 0.0 0.0 0.0 0.0 0.0 0.0;
	0.0 0.0 0.0 0.0 0.0 0.0 0.0 0.0 0.0 0.0 0.0 0.0;
	0.0 0.0 0.0 0.0 0.0 0.0 0.0 0.0 0.0 0.0 0.0 0.0;
	0.0 0.0 0.0 0.0 0.0 0.0 0.0 0.0 0.0 0.0 0.0 0.0;
];
