function solarprofile = ex_solar_profilesh1
%EX_WIND_PROFILE_D  Example wind_load_nyiso profile data for deterministic unit commitment.
% 2022.03.12
% Andres F. Ramirez


%% define constants
[GEN_BUS, PG, QG, QMAX, QMIN, VG, MBASE, GEN_STATUS, PMAX, PMIN, ...
    MU_PMAX, MU_PMIN, MU_QMAX, MU_QMIN, PC1, PC2, QC1MIN, QC1MAX, ...
    QC2MIN, QC2MAX, RAMP_AGC, RAMP_10, RAMP_30, RAMP_Q, APF] = idx_gen;
[CT_LABEL, CT_PROB, CT_TABLE, CT_TBUS, CT_TGEN, CT_TBRCH, CT_TAREABUS, ...
    CT_TAREAGEN, CT_TAREABRCH, CT_ROW, CT_COL, CT_CHGTYPE, CT_REP, ...
    CT_REL, CT_ADD, CT_NEWVAL, CT_TLOAD, CT_TAREALOAD, CT_LOAD_ALL_PQ, ...
    CT_LOAD_FIX_PQ, CT_LOAD_DIS_PQ, CT_LOAD_ALL_P, CT_LOAD_FIX_P, ...
    CT_LOAD_DIS_P, CT_TGENCOST, CT_TAREAGENCOST, CT_MODCOST_F, ...
    CT_MODCOST_X] = idx_ct;

solarprofile = struct( ...
    'type', 'mpcData', ...
    'table', CT_TGEN, ...
    'rows', [1:12], ...
    'col', PMAX, ...
    'chgtype', 1, ...
    'values', [] );
solarprofile.values(:,1,:) = [
	0.0 0.0 0.0 0.0 0.0 0.0 0.0 0.0 0.0 0.0 0.0 0.0;
	0.0 0.0 0.0 0.0 0.0 0.0 0.0 0.0 0.0 0.0 0.0 0.0;
	0.0 0.0 0.0 0.0 0.0 0.0 0.0 0.0 0.0 0.0 0.0 0.0;
	0.0 0.0 0.0 0.0 0.0 0.0 0.0 0.0 0.0 0.0 0.0 0.0;
	0.0 0.0 0.0 0.0 0.0 0.0 0.0 0.0 0.0 0.0 0.0 0.0;
	0.0052 0.0 0.002 0.0 0.0 0.0 0.0 0.0 0.0 0.0 0.0 0.0;
	5.617 5.3825 5.1064 3.7713 2.6709 233.689 29.2111 48.7537 136.9657 69.5387 40.1011 125.9349;
	11.5362 8.6695 4.1655 6.7098 8.1408 309.8595 38.7324 71.2523 161.7626 202.1959 114.7095 366.178;
	21.5781 15.1674 9.5337 9.6117 11.6408 314.9214 39.3652 72.3516 156.7947 323.5139 187.9697 585.8856;
	26.334 16.571 11.1372 11.2835 11.4435 252.4541 31.5568 64.3791 83.3522 343.0841 224.4792 621.3274;
	26.2717 16.5947 11.2368 11.5436 11.4761 267.6642 33.458 64.217 74.0423 322.0885 228.8291 583.3041;
	22.4811 16.3737 10.9274 11.474 10.2925 265.2501 33.1563 63.9288 74.5403 296.4858 224.0818 536.9376;
	19.1064 15.4853 11.4032 11.3026 9.3832 352.7173 44.0897 69.3885 72.7233 190.4494 171.9385 344.905;
	12.946 15.5796 11.976 11.0297 9.6137 392.1205 49.0151 72.1703 73.2813 177.4646 138.4746 321.3895;
	8.7691 10.8529 7.7024 8.6401 9.6959 401.4028 50.1753 70.7618 81.1633 142.1093 107.9593 257.3608;
	3.0832 6.3763 3.4653 8.363 7.1457 375.8578 46.9822 41.8957 78.6203 43.2092 23.7489 78.252;
	0.6973 0.5944 0.3718 1.7569 2.5202 56.385 7.0481 8.4259 25.182 12.6889 14.3259 22.9797;
	0.0 0.0 0.0 0.0 0.0 0.0 0.0 0.0 0.0 0.0 0.0 0.0;
	0.0 0.0 0.0 0.0 0.0 0.0 0.0 0.0 0.0 0.0 0.0 0.0;
	0.0 0.0 0.0 0.0 0.0 0.0 0.0 0.0 0.0 0.0 0.0 0.0;
	0.0 0.0 0.0 0.0 0.0 0.0 0.0 0.0 0.0 0.0 0.0 0.0;
	0.0 0.0 0.0 0.0 0.0 0.0 0.0 0.0 0.0 0.0 0.0 0.0;
	0.0 0.0 0.0 0.0 0.0 0.0 0.0 0.0 0.0 0.0 0.0 0.0;
	0.0 0.0 0.0 0.0 0.0 0.0 0.0 0.0 0.0 0.0 0.0 0.0;
];
