function loadprofile = ex_load_profilesh1
%EX_LOAD_PROFILE  Example load profile data file for stochastic unit commitment.
% 2022.03.12
% Andres F. Ramirez

%% define constants
[CT_LABEL, CT_PROB, CT_TABLE, CT_TBUS, CT_TGEN, CT_TBRCH, CT_TAREABUS, ...
    CT_TAREAGEN, CT_TAREABRCH, CT_ROW, CT_COL, CT_CHGTYPE, CT_REP, ...
    CT_REL, CT_ADD, CT_NEWVAL, CT_TLOAD, CT_TAREALOAD, CT_LOAD_ALL_PQ, ...
    CT_LOAD_FIX_PQ, CT_LOAD_DIS_PQ, CT_LOAD_ALL_P, CT_LOAD_FIX_P, ...
    CT_LOAD_DIS_P, CT_TGENCOST, CT_TAREAGENCOST, CT_MODCOST_F, ...
    CT_MODCOST_X] = idx_ct;

loadprofile = struct( ...
    'type', 'mpcData', ...
    'table', CT_TAREALOAD, ...
    'rows', [1:11], ...
    'col', CT_LOAD_ALL_P, ...
    'chgtype', 1, ...
    'values', [] );
loadprofile.values(:,1,:) = [
	1538.6 936.2386 1578.7604 565.1 797.6105 1148.2193 859.9604 307.5916 479.0729 4583.5592 1671.0;
	1565.8777 937.5 1600.9095 573.1381 815.1023 1148.5908 854.7544 301.2993 475.5218 4516.5 1647.9;
	1553.5311 959.8793 1642.4 577.1 832.1127 1158.8462 864.4182 301.4134 477.7788 4602.2509 1688.611;
	1623.9186 1027.372 1746.9195 596.0362 882.7589 1245.4009 921.3693 316.3906 527.7245 4834.0786 1808.4381;
	1790.2188 1150.4118 1956.4941 623.0099 987.1826 1374.7872 1016.7848 357.4586 598.2 5407.2186 2096.5956;
	1900.0624 1238.667 2097.3982 634.9 1073.5414 1434.7447 1083.8 374.4481 660.9317 5902.738 2222.9499;
	1906.8974 1248.268 2101.3557 637.2827 1109.6025 1438.9 1104.284 380.3284 687.0691 6296.3731 2278.7809;
	1901.362 1253.8045 2116.1541 638.5679 1122.1307 1451.772 1142.7115 367.1825 688.1598 6472.7744 2220.4168;
	1890.8663 1280.0 2141.2874 638.0446 1119.2016 1478.8432 1154.6148 365.0 698.9534 6749.3618 2295.7508;
	1901.2218 1255.5061 2108.2112 636.6934 1088.168 1509.6873 1148.8 356.5132 690.7 6700.9798 2159.615;
	1883.5099 1242.6365 2083.5 635.4399 1081.7 1541.339 1157.7692 364.8662 664.944 6788.2621 2207.1617;
	1912.6216 1232.6154 2053.8337 629.6416 1069.3241 1525.7703 1143.2624 353.2049 679.1451 6682.8323 2252.8862;
	1873.3311 1229.8162 2017.3873 612.6652 1049.3668 1491.52 1138.3886 367.5919 664.0 6640.0233 2228.4884;
	1824.7491 1235.9334 2006.7246 603.0918 1028.684 1468.794 1116.2 363.8414 663.0753 6553.4929 2169.8287;
	1802.2591 1249.1594 2036.8967 589.6 1043.9 1513.6869 1113.8479 371.7439 664.5658 6543.9158 2228.4091;
	1784.38 1248.5205 2034.6335 596.0755 1036.9799 1498.3345 1092.3017 350.835 657.4759 6329.8778 2175.6327;
	1850.1772 1266.0908 2102.654 586.568 1071.396 1580.3622 1160.2152 342.5943 694.9285 6328.5882 2307.7621;
	1899.414 1290.9754 2192.5988 591.5495 1137.7 1644.2655 1213.0246 385.6 720.6052 6416.0762 2429.0154;
	1880.5257 1277.1254 2175.75 583.9374 1088.49 1580.6365 1186.3003 383.2 724.2217 6261.6051 2399.0838;
	1875.433 1239.2239 2095.0281 535.7333 1031.288 1504.8792 1157.0 368.7811 703.7 6312.52 2303.8903;
	1812.6391 1168.6633 1973.5343 510.7125 974.4668 1417.2047 1080.2085 326.9568 650.5702 6072.7036 2129.8924;
	1726.9106 1081.3019 1837.1 521.0904 893.8205 1289.4126 986.5533 292.468 603.727 5682.0778 1946.1403;
	1620.7287 1064.5553 1767.3468 575.1484 886.1971 1218.6 926.0919 287.5 556.1804 5493.8252 1847.7163;
	1595.5623 986.5382 1725.8481 578.1202 864.8209 1191.796 915.0756 289.0 533.3886 5244.4694 1815.0685;
];
