function solarprofile = ex_solar_profilesh1
%EX_WIND_PROFILE_D  Example wind_load_nyiso profile data for deterministic unit commitment.
% 2022.03.12
% Andres F. Ramirez


%% define constants
[GEN_BUS, PG, QG, QMAX, QMIN, VG, MBASE, GEN_STATUS, PMAX, PMIN, ...
    MU_PMAX, MU_PMIN, MU_QMAX, MU_QMIN, PC1, PC2, QC1MIN, QC1MAX, ...
    QC2MIN, QC2MAX, RAMP_AGC, RAMP_10, RAMP_30, RAMP_Q, APF] = idx_gen;
[CT_LABEL, CT_PROB, CT_TABLE, CT_TBUS, CT_TGEN, CT_TBRCH, CT_TAREABUS, ...
    CT_TAREAGEN, CT_TAREABRCH, CT_ROW, CT_COL, CT_CHGTYPE, CT_REP, ...
    CT_REL, CT_ADD, CT_NEWVAL, CT_TLOAD, CT_TAREALOAD, CT_LOAD_ALL_PQ, ...
    CT_LOAD_FIX_PQ, CT_LOAD_DIS_PQ, CT_LOAD_ALL_P, CT_LOAD_FIX_P, ...
    CT_LOAD_DIS_P, CT_TGENCOST, CT_TAREAGENCOST, CT_MODCOST_F, ...
    CT_MODCOST_X] = idx_ct;

solarprofile = struct( ...
    'type', 'mpcData', ...
    'table', CT_TGEN, ...
    'rows', [1:12], ...
    'col', PMAX, ...
    'chgtype', 1, ...
    'values', [] );
solarprofile.values(:,1,:) = [
	0.0 0.0 0.0 0.0 0.0 0.0 0.0 0.0 0.0 0.0 0.0 0.0;
	0.0 0.0 0.0 0.0 0.0 0.0 0.0 0.0 0.0 0.0 0.0 0.0;
	0.0 0.0 0.0 0.0 0.0 0.0 0.0 0.0 0.0 0.0 0.0 0.0;
	0.0 0.0 0.0 0.0 0.0 0.0 0.0 0.0 0.0 0.0 0.0 0.0;
	0.0 0.0 0.0 0.0 0.0 0.0 0.0 0.0 0.0 0.0 0.0 0.0;
	0.0 0.0 0.002 0.0 0.0 0.0 0.0 0.0 0.0 0.0 0.0 0.0;
	7.4819 6.3054 3.0337 4.144 8.3307 131.869 16.4836 40.6532 73.463 68.7302 41.9305 124.4707;
	11.8461 11.8779 10.9318 6.5051 11.6501 137.3921 17.174 71.6914 44.2465 104.7009 100.1824 189.6141;
	19.4561 16.6029 13.8 8.2214 12.1793 203.2366 25.4046 75.2699 56.5239 259.9928 129.2491 470.8485;
	26.5712 16.9724 14.1044 11.2234 7.5015 357.428 44.6785 75.7496 174.2018 277.529 188.9637 502.6067;
	26.6942 17.015 13.8252 11.4504 6.5138 391.0166 48.8771 76.6884 195.5068 303.5645 219.2242 549.7571;
	26.3663 16.7977 13.8 11.4717 4.8819 390.2217 48.7777 75.0268 191.0286 308.2041 227.48 558.1594;
	25.7345 16.6098 13.5397 11.2721 5.3504 396.8676 49.6084 70.2478 183.6403 204.2377 192.724 369.8756;
	22.9905 16.6707 13.8 11.1507 7.1968 401.8054 50.2257 71.3108 183.8396 180.8119 160.7345 327.4515;
	19.7702 16.6331 12.261 8.8271 8.1048 391.22 48.9025 69.3884 190.0066 134.2077 133.5553 243.051;
	16.514 12.7852 6.409 7.5938 6.7344 262.6415 32.8302 47.1888 191.1358 61.314 84.2746 111.04;
	0.7378 0.6118 0.3727 1.3432 2.5037 44.3582 5.5448 9.2907 25.6577 21.2261 19.4028 38.4407;
	0.0 0.0 0.0 0.0 0.0 0.0 0.0 0.0 0.0 0.0 0.0 0.0;
	0.0 0.0 0.0 0.0 0.0 0.0 0.0 0.0 0.0 0.0 0.0 0.0;
	0.0 0.0 0.0 0.0 0.0 0.0 0.0 0.0 0.0 0.0 0.0 0.0;
	0.0 0.0 0.0 0.0 0.0 0.0 0.0 0.0 0.0 0.0 0.0 0.0;
	0.0 0.0 0.0 0.0 0.0 0.0 0.0 0.0 0.0 0.0 0.0 0.0;
	0.0 0.0 0.0 0.0 0.0 0.0 0.0 0.0 0.0 0.0 0.0 0.0;
	0.0 0.0 0.0 0.0 0.0 0.0 0.0 0.0 0.0 0.0 0.0 0.0;
];
