function loadprofile = ex_load_profilesh1
%EX_LOAD_PROFILE  Example load profile data file for stochastic unit commitment.
% 2022.03.12
% Andres F. Ramirez

%% define constants
[CT_LABEL, CT_PROB, CT_TABLE, CT_TBUS, CT_TGEN, CT_TBRCH, CT_TAREABUS, ...
    CT_TAREAGEN, CT_TAREABRCH, CT_ROW, CT_COL, CT_CHGTYPE, CT_REP, ...
    CT_REL, CT_ADD, CT_NEWVAL, CT_TLOAD, CT_TAREALOAD, CT_LOAD_ALL_PQ, ...
    CT_LOAD_FIX_PQ, CT_LOAD_DIS_PQ, CT_LOAD_ALL_P, CT_LOAD_FIX_P, ...
    CT_LOAD_DIS_P, CT_TGENCOST, CT_TAREAGENCOST, CT_MODCOST_F, ...
    CT_MODCOST_X] = idx_ct;

loadprofile = struct( ...
    'type', 'mpcData', ...
    'table', CT_TAREALOAD, ...
    'rows', [1:11], ...
    'col', CT_LOAD_ALL_P, ...
    'chgtype', 1, ...
    'values', [] );
loadprofile.values(:,1,:) = [
	1539.94 862.8646 1484.561 559.0 683.5533 1057.6426 873.9441 240.6056 433.7758 4338.8573 1628.8455;
	1532.5257 880.1243 1508.8742 559.5 725.1508 1062.2721 889.5459 247.7796 438.515 4343.6444 1627.6466;
	1555.808 905.9443 1533.2253 562.7 747.8 1087.7 893.3693 246.4659 440.0335 4358.0 1648.2632;
	1631.248 971.1232 1667.203 583.3173 818.9656 1160.2948 944.6 268.8319 457.4202 4610.1647 1741.9115;
	1775.3591 1096.0 1859.186 612.7834 944.7 1369.009 1071.019 306.1 528.764 5130.3415 1962.1222;
	1853.5 1169.5475 1970.0669 611.2 1012.8974 1463.1647 1124.5412 299.0243 579.781 5608.6621 2133.5345;
	1893.8768 1178.9706 1960.6218 614.4997 1020.3092 1463.0823 1140.1008 310.5181 541.0571 5940.9054 2178.8657;
	1879.0 1192.175 1959.316 603.3713 1009.2669 1462.0927 1153.8615 333.3097 613.1449 6123.2472 2116.962;
	1867.2346 1169.2604 1976.0091 579.4127 1010.5663 1434.8582 1143.5335 317.7566 601.6891 6178.6797 2091.2383;
	1901.111 1187.6785 1962.5392 572.0129 993.3111 1419.7874 1161.4906 325.1833 620.2245 6175.1133 2044.7284;
	1877.1283 1188.7041 1948.9348 556.7921 979.0542 1406.0147 1104.9189 297.6638 582.6083 6125.55 1979.8528;
	1905.2032 1187.1488 1953.413 567.2825 966.2835 1370.5367 1103.1 312.8237 605.0036 6026.9349 1935.0183;
	1915.7733 1191.4381 1941.3905 566.6 933.2508 1377.2716 1058.8436 314.4 596.2811 6126.2215 2033.3204;
	1897.2077 1218.09 1971.8779 566.3063 933.6059 1345.924 1079.7464 313.4272 614.2092 6200.183 2081.9523;
	1985.9798 1210.6801 1988.5131 563.1152 953.5571 1357.1067 1090.2429 344.8 625.6453 6225.9597 2197.7895;
	1920.3092 1202.4516 1985.8996 566.014 981.7 1424.8017 1103.446 345.4 655.2 6189.4282 2277.5794;
	1999.0 1222.676 2067.5791 595.8502 1016.0272 1487.0405 1122.9507 353.7 659.1044 5896.1064 2291.3543;
	2064.3578 1276.0528 2096.9332 617.7502 1009.276 1535.9238 1189.5064 394.9589 714.2902 6084.2435 2463.8008;
	2062.6881 1284.483 2104.9656 605.0 1019.0894 1547.0 1203.8275 387.5728 702.3 5942.0827 2445.1291;
	1997.9949 1214.2735 1976.2 601.5066 946.4584 1470.1749 1175.0039 367.1019 693.4569 5775.4979 2332.8269;
	1911.3301 1112.8765 1828.9 581.8 860.6259 1341.2327 1078.078 335.2486 598.2657 5269.8271 2121.4514;
	1800.9371 1042.1 1707.2566 569.0 810.4401 1231.6037 1000.9931 311.8881 556.7 4745.6029 1939.3271;
	1702.2588 968.2 1653.0747 580.5744 810.8814 1196.5764 981.6884 282.9146 533.3268 4598.3105 1848.8722;
	1659.6002 946.6098 1592.2 592.7 796.2388 1174.0 930.9197 262.7 526.7914 4353.1147 1754.2054;
];
