function solarprofile = ex_solar_profilesh1
%EX_WIND_PROFILE_D  Example wind_load_nyiso profile data for deterministic unit commitment.
% 2022.03.12
% Andres F. Ramirez


%% define constants
[GEN_BUS, PG, QG, QMAX, QMIN, VG, MBASE, GEN_STATUS, PMAX, PMIN, ...
    MU_PMAX, MU_PMIN, MU_QMAX, MU_QMIN, PC1, PC2, QC1MIN, QC1MAX, ...
    QC2MIN, QC2MAX, RAMP_AGC, RAMP_10, RAMP_30, RAMP_Q, APF] = idx_gen;
[CT_LABEL, CT_PROB, CT_TABLE, CT_TBUS, CT_TGEN, CT_TBRCH, CT_TAREABUS, ...
    CT_TAREAGEN, CT_TAREABRCH, CT_ROW, CT_COL, CT_CHGTYPE, CT_REP, ...
    CT_REL, CT_ADD, CT_NEWVAL, CT_TLOAD, CT_TAREALOAD, CT_LOAD_ALL_PQ, ...
    CT_LOAD_FIX_PQ, CT_LOAD_DIS_PQ, CT_LOAD_ALL_P, CT_LOAD_FIX_P, ...
    CT_LOAD_DIS_P, CT_TGENCOST, CT_TAREAGENCOST, CT_MODCOST_F, ...
    CT_MODCOST_X] = idx_ct;

solarprofile = struct( ...
    'type', 'mpcData', ...
    'table', CT_TGEN, ...
    'rows', [1:12], ...
    'col', PMAX, ...
    'chgtype', 1, ...
    'values', [] );
solarprofile.values(:,1,:) = [
	0.0 0.0 0.0 0.0 0.0 0.0 0.0 0.0 0.0 0.0 0.0 0.0;
	0.0 0.0 0.0 0.0 0.0 0.0 0.0 0.0 0.0 0.0 0.0 0.0;
	0.0 0.0 0.0 0.0 0.0 0.0 0.0 0.0 0.0 0.0 0.0 0.0;
	0.0 0.0 0.0 0.0 0.0 0.0 0.0 0.0 0.0 0.0 0.0 0.0;
	0.0 0.0 0.0 0.0 0.0 0.0 0.0 0.0 0.0 0.0 0.0 0.0;
	0.0 0.0 0.002 0.0 0.0 0.0 0.0 0.0 0.0 0.0 0.0 0.0;
	3.9397 4.9662 3.4253 4.4823 4.6757 40.739 5.0924 25.2038 33.3479 69.5399 41.3773 125.9372;
	15.7509 9.1142 8.5116 8.4581 10.7287 236.3889 29.5486 70.8022 79.5663 204.804 137.9202 370.9013;
	22.3579 13.2445 13.1571 10.3585 12.0364 351.6986 43.9623 74.7654 123.2956 323.3312 201.9448 585.5547;
	21.3504 12.7221 12.7372 10.9989 8.9437 349.7092 43.7136 73.5264 192.5106 300.8649 206.9211 544.8681;
	17.3516 12.7717 11.604 10.9342 8.045 369.3539 46.1692 73.1614 225.5151 312.79 220.9355 566.4646;
	18.5072 14.8958 12.2419 10.6962 7.7958 387.3989 48.4249 71.7321 256.3194 311.3127 222.3261 563.7892;
	25.8602 16.6083 13.8 11.0078 10.848 411.9928 51.4991 72.4995 258.9629 193.4651 163.9895 350.3665;
	23.2734 16.6083 13.8 11.1627 11.6098 413.6609 51.7076 74.2778 233.6362 162.1068 116.0631 293.5764;
	17.6559 14.0592 12.033 8.4209 11.246 389.6496 48.7062 72.3729 189.7887 89.866 106.7846 162.7478;
	6.3506 4.6581 5.1431 4.9182 6.4429 205.0578 25.6322 40.6538 99.6119 34.2579 60.0919 62.0413;
	0.7314 0.586 0.3751 1.3216 2.4492 56.3625 7.0453 8.446 32.2024 19.1172 19.2316 34.6213;
	0.0 0.0 0.0 0.0 0.0 0.0 0.0 0.0 0.0 0.0 0.0 0.0;
	0.0 0.0 0.0 0.0 0.0 0.0 0.0 0.0 0.0 0.0 0.0 0.0;
	0.0 0.0 0.0 0.0 0.0 0.0 0.0 0.0 0.0 0.0 0.0 0.0;
	0.0 0.0 0.0 0.0 0.0 0.0 0.0 0.0 0.0 0.0 0.0 0.0;
	0.0 0.0 0.0 0.0 0.0 0.0 0.0 0.0 0.0 0.0 0.0 0.0;
	0.0 0.0 0.0 0.0 0.0 0.0 0.0 0.0 0.0 0.0 0.0 0.0;
	0.0 0.0 0.0 0.0 0.0 0.0 0.0 0.0 0.0 0.0 0.0 0.0;
];
