function loadprofile = ex_load_profilesh1
%EX_LOAD_PROFILE  Example load profile data file for stochastic unit commitment.
% 2022.03.12
% Andres F. Ramirez

%% define constants
[CT_LABEL, CT_PROB, CT_TABLE, CT_TBUS, CT_TGEN, CT_TBRCH, CT_TAREABUS, ...
    CT_TAREAGEN, CT_TAREABRCH, CT_ROW, CT_COL, CT_CHGTYPE, CT_REP, ...
    CT_REL, CT_ADD, CT_NEWVAL, CT_TLOAD, CT_TAREALOAD, CT_LOAD_ALL_PQ, ...
    CT_LOAD_FIX_PQ, CT_LOAD_DIS_PQ, CT_LOAD_ALL_P, CT_LOAD_FIX_P, ...
    CT_LOAD_DIS_P, CT_TGENCOST, CT_TAREAGENCOST, CT_MODCOST_F, ...
    CT_MODCOST_X] = idx_ct;

loadprofile = struct( ...
    'type', 'mpcData', ...
    'table', CT_TAREALOAD, ...
    'rows', [1:11], ...
    'col', CT_LOAD_ALL_P, ...
    'chgtype', 1, ...
    'values', [] );
loadprofile.values(:,1,:) = [
	1491.5218 903.1139 1561.383 558.5 798.6942 1119.2421 842.9986 256.0 487.5 4483.131 1718.5861;
	1497.3899 905.1 1537.5421 552.3974 811.1026 1131.8359 860.0233 271.5831 475.4197 4439.5769 1692.8024;
	1525.0165 918.1038 1587.1974 565.8323 840.0446 1160.7141 859.4938 254.5134 490.9671 4441.7443 1701.807;
	1612.1566 997.5085 1712.627 582.7835 894.3267 1234.9 909.2628 275.3825 530.0245 4682.3 1839.5573;
	1763.8769 1122.0 1901.3908 606.7837 1003.6095 1395.6072 1028.1 324.6407 614.7614 5337.9318 2206.0347;
	1858.2863 1191.7321 2006.2853 600.8766 1065.0331 1455.7033 1080.6 343.1986 674.8 5857.8384 2306.3206;
	1894.3389 1221.9885 1996.7499 597.8821 1072.8318 1465.9229 1100.8872 352.2243 677.4859 6180.2895 2384.0194;
	1900.8 1230.663 2024.4761 604.1985 1065.2086 1503.1649 1122.3794 356.7 670.8844 6398.1691 2387.9582;
	1931.4036 1252.4 2072.0359 590.6715 1083.0 1492.036 1140.4364 349.8 669.3559 6350.4041 2350.2493;
	1936.6433 1246.9 2080.7377 590.8 1081.3 1530.9635 1163.4248 343.6422 664.1439 6328.4909 2365.3023;
	1941.3557 1263.8473 2078.2404 594.5715 1063.4353 1531.2329 1179.9131 316.2772 663.6967 6360.0249 2278.8298;
	1931.567 1252.5049 2016.3048 598.2336 1034.2239 1521.5343 1082.0751 316.9134 647.9595 6291.9831 2162.9664;
	1897.6 1223.4083 1999.9107 586.0 1014.1887 1491.3276 1101.2884 316.2012 665.6 6375.2125 2289.9548;
	1790.0 1221.9 1993.259 566.7 1028.8128 1403.3003 1074.8811 324.8 648.5802 6350.2771 2332.3498;
	1822.2649 1187.5669 1946.246 568.3964 1021.891 1446.3645 1079.3445 331.2259 666.9073 6478.2834 2449.0697;
	1794.8982 1168.3038 1923.3874 553.6535 1000.1888 1466.9037 1089.8122 341.1214 663.2828 6471.3 2381.6618;
	1773.3997 1186.3602 1935.2287 551.7368 989.731 1489.3 1078.6624 350.7 642.9542 6211.1095 2370.8486;
	1850.9503 1244.9 2010.0772 570.6473 1004.0109 1529.8278 1144.9861 362.3995 682.9897 6324.289 2529.2847;
	1849.7234 1218.5202 1995.3335 554.679 991.1422 1503.3871 1159.8269 346.7958 596.7427 6225.1 2481.4801;
	1801.9901 1183.2837 1889.5 536.8462 954.4643 1418.6481 1105.2041 339.0956 630.4053 5975.5533 2381.7733;
	1693.324 1076.2699 1747.7672 534.5167 864.8288 1298.5529 1021.3167 280.2842 565.5707 5678.4452 2180.0912;
	1595.8159 1006.4 1685.3783 528.6978 836.0337 1233.4923 942.7682 274.5116 503.4243 5236.0768 1977.1689;
	1559.1348 982.0 1664.9 535.2236 841.0309 1185.2 912.764 284.3588 497.7601 4898.4756 1904.6851;
	1525.8202 974.1558 1652.5645 555.801 823.4725 1183.4552 897.4322 281.8414 503.1736 4809.0443 1814.3;
];
