function loadprofile = ex_load_profilesh1
%EX_LOAD_PROFILE  Example load profile data file for stochastic unit commitment.
% 2022.03.12
% Andres F. Ramirez

%% define constants
[CT_LABEL, CT_PROB, CT_TABLE, CT_TBUS, CT_TGEN, CT_TBRCH, CT_TAREABUS, ...
    CT_TAREAGEN, CT_TAREABRCH, CT_ROW, CT_COL, CT_CHGTYPE, CT_REP, ...
    CT_REL, CT_ADD, CT_NEWVAL, CT_TLOAD, CT_TAREALOAD, CT_LOAD_ALL_PQ, ...
    CT_LOAD_FIX_PQ, CT_LOAD_DIS_PQ, CT_LOAD_ALL_P, CT_LOAD_FIX_P, ...
    CT_LOAD_DIS_P, CT_TGENCOST, CT_TAREAGENCOST, CT_MODCOST_F, ...
    CT_MODCOST_X] = idx_ct;

loadprofile = struct( ...
    'type', 'mpcData', ...
    'table', CT_TAREALOAD, ...
    'rows', [1:11], ...
    'col', CT_LOAD_ALL_P, ...
    'chgtype', 1, ...
    'values', [] );
loadprofile.values(:,1,:) = [
	1451.1929 876.5705 1496.5493 566.1 779.9673 1130.1303 853.2453 254.1 513.8216 4576.7493 1674.4504;
	1422.9308 879.0377 1502.9979 553.6427 780.2658 1141.6 856.1265 260.1346 519.0096 4474.6289 1662.8;
	1477.9868 902.3544 1543.174 564.2226 810.5871 1146.398 866.9363 252.9901 532.8861 4548.706 1685.5181;
	1566.5 991.0521 1676.1 589.1 867.8 1201.8707 909.2659 266.1616 564.4156 4729.3976 1804.6804;
	1698.0 1117.2631 1882.3726 622.3557 986.3 1344.5309 1008.7163 320.063 639.1087 5271.9062 2051.7895;
	1850.8 1195.1656 1981.9396 633.4346 1064.1893 1412.6371 1062.3608 345.2071 702.0634 5855.8563 2198.6317;
	1908.8101 1212.7 2053.4948 628.5 1051.7441 1434.8901 1105.7152 357.6403 759.8318 6274.6882 2246.9252;
	1900.8 1195.9912 2034.4842 636.009 988.7977 1424.4868 1072.7363 340.6733 736.8321 6368.1273 2177.2;
	1887.41 1193.0564 2058.8802 621.585 1002.0004 1400.6431 1079.6934 352.1286 740.9348 6510.9886 2152.7408;
	1866.7139 1198.5833 2083.3939 624.4479 1011.6751 1383.6238 1098.0074 358.4503 758.2534 6541.853 2024.0041;
	1859.6597 1179.0114 2043.0569 608.7137 1023.5227 1338.7 1085.1652 353.9179 722.7062 6553.0896 2066.3228;
	1876.4494 1184.4875 2038.4254 615.7835 1011.2923 1356.3797 1072.7498 359.3381 713.3 6468.0296 2113.5911;
	1873.7505 1177.1724 1980.6291 610.6559 1029.6312 1354.9116 1027.6 359.4267 697.9348 6462.261 2088.9664;
	1868.362 1184.9707 1974.9882 614.4454 1005.4093 1322.5295 1014.3385 366.3741 682.2874 6361.3059 2045.5429;
	1838.9561 1185.4278 1944.3082 608.6222 1015.6 1344.9561 1032.7574 332.7 692.0119 6293.5984 2038.8264;
	1897.8171 1221.8802 2008.0 613.8 1042.6 1437.6552 1072.3943 348.6466 691.2143 6365.8881 2203.4014;
	1915.3156 1257.8285 2091.9997 629.8164 1085.0 1516.7091 1117.9707 352.0123 747.1174 6267.3179 2291.2608;
	1930.8 1287.0255 2137.8881 627.102 1133.4834 1549.3 1185.4 369.3118 765.3695 6399.4624 2412.848;
	1989.5902 1312.1366 2167.6431 633.7118 1131.3 1505.7442 1193.8194 382.2 765.7716 6499.041 2429.6458;
	1919.5818 1221.1183 2008.9911 610.8949 1070.9521 1435.4694 1142.5 363.7029 713.9 6148.2813 2317.3745;
	1875.3347 1144.2564 1914.3404 605.1567 1001.8239 1305.5559 1037.5216 325.1109 646.0 5850.6402 2136.8536;
	1748.3212 1045.019 1771.1569 582.1024 917.8 1205.4482 942.6706 273.8307 584.6 5288.806 1924.6078;
	1622.8409 995.3655 1683.8255 593.0758 901.3824 1126.7 885.7408 272.4 545.055 4752.799 1781.3759;
	1640.2577 972.5 1642.8091 603.4557 870.5 1127.1421 888.0589 257.7 546.1605 4544.1483 1756.4037;
];
