function windprofile = ex_wind_profilesh1
%EX_WIND_PROFILE_D  Example wind_load_nyiso profile data for deterministic unit commitment.
% 2022.03.12
% Andres F. Ramirez


%% define constants
[GEN_BUS, PG, QG, QMAX, QMIN, VG, MBASE, GEN_STATUS, PMAX, PMIN, ...
    MU_PMAX, MU_PMIN, MU_QMAX, MU_QMIN, PC1, PC2, QC1MIN, QC1MAX, ...
    QC2MIN, QC2MAX, RAMP_AGC, RAMP_10, RAMP_30, RAMP_Q, APF] = idx_gen;
[CT_LABEL, CT_PROB, CT_TABLE, CT_TBUS, CT_TGEN, CT_TBRCH, CT_TAREABUS, ...
    CT_TAREAGEN, CT_TAREABRCH, CT_ROW, CT_COL, CT_CHGTYPE, CT_REP, ...
    CT_REL, CT_ADD, CT_NEWVAL, CT_TLOAD, CT_TAREALOAD, CT_LOAD_ALL_PQ, ...
    CT_LOAD_FIX_PQ, CT_LOAD_DIS_PQ, CT_LOAD_ALL_P, CT_LOAD_FIX_P, ...
    CT_LOAD_DIS_P, CT_TGENCOST, CT_TAREAGENCOST, CT_MODCOST_F, ...
    CT_MODCOST_X] = idx_ct;

windprofile = struct( ...
    'type', 'mpcData', ...
    'table', CT_TGEN, ...
    'rows', [1:45], ...
    'col', PMAX, ...
    'chgtype', 1, ...
    'values', [] );
windprofile.values(:,1,:) = [
	3.5559 48.0474 92.6653 110.576 14.0242 32.2143 27.2574 18.6996 26.657 27.5861 50.9925 76.0708 114.5242 63.8665 191.464 72.1329 89.4983 94.8415 39.813 69.7847 9.0858 75.1668 55.6185 87.7054 103.365 74.2506 14.079 1096.0092 653.4481 653.4481 575.6695 108.3923 132.7099 179.626 200.2301 278.8045 1095.301 214.9541 432.3126 276.8705 114.3714 357.3645 134.3078 259.8281 1106.7103;
	3.1134 42.069 94.053 115.5176 13.9547 31.4097 27.7227 18.7177 26.2827 27.9534 51.6715 77.0838 116.0492 64.5756 187.647 70.6949 87.714 92.9507 34.6229 71.6607 9.2409 73.2893 52.5227 87.7962 103.9026 75.474 14.01 1099.68 668.8012 668.8012 568.6955 105.387 115.4096 184.4548 202.4532 285.3552 1096.7039 219.5634 441.3042 278.3107 119.3469 348.4383 121.6616 269.4321 1108.1279;
	3.2726 44.2195 93.3797 61.7115 13.9628 32.0796 29.5294 18.8549 26.7976 29.9607 55.3819 82.6189 124.3822 66.8206 199.7341 75.2487 93.3641 98.9381 44.0369 72.8895 9.8431 74.8525 67.0282 87.8929 105.3378 75.3448 14.102 1094.3901 731.4852 731.4852 592.0176 113.0603 146.7897 187.6177 209.4916 312.1004 1169.7162 223.3875 447.8532 282.1548 118.0317 355.8701 124.5654 269.2294 1181.9008;
	3.091 41.7656 90.8131 77.722 13.9306 31.4453 26.3203 18.3954 27.0578 30.7691 56.8763 84.8482 127.7385 66.4025 200.9866 75.7205 93.9495 99.5585 47.1015 73.5464 8.7734 73.3723 64.1159 87.1125 102.7278 74.8617 13.9403 1065.5579 687.6219 687.6219 549.2273 103.4505 157.0049 189.3087 208.1808 293.3854 1041.9525 226.4157 442.0598 275.1637 115.2801 348.8331 113.2094 262.1202 1052.8061;
	2.6703 36.0814 91.1641 117.819 13.7086 30.1644 21.7769 18.3856 26.5655 30.9849 57.2752 85.4433 128.6344 63.3147 193.3326 72.8369 90.3718 95.7671 80.1401 72.4805 7.259 70.3835 58.7784 87.2816 105.5488 74.1735 13.7601 1069.6056 643.0444 643.0444 536.1745 100.5586 267.1337 186.565 198.5 274.3656 1119.9644 227.9561 436.5133 282.72 112.482 334.6233 144.394 260.2881 1131.6307;
	3.5734 48.284 90.3497 116.743 13.1741 32.4438 26.8759 18.1974 26.7236 31.3655 57.9786 86.4927 130.2142 65.0163 196.2421 73.9331 91.7318 97.2083 90.5449 72.7161 8.9586 75.7023 71.1764 88.0968 105.8195 75.1466 13.9933 1083.7847 682.5833 682.5833 511.176 94.2233 301.8164 187.1715 203.8348 291.2356 1030.1734 218.8216 445.1965 283.4451 112.5927 359.9103 163.3643 255.0442 1040.9044;
	3.6919 49.8854 93.7305 120.1355 14.3568 32.6417 29.3818 18.9451 27.9678 31.3228 57.8997 86.375 130.0371 65.8755 194.1734 73.1537 90.7648 96.1835 89.2987 71.8863 9.7939 76.164 73.2817 89.1004 106.1751 76.0272 14.1533 1149.6628 707.7494 707.7494 557.1509 91.727 297.6623 185.0355 206.5287 301.9731 1065.4578 233.0097 463.2135 284.3977 120.1138 362.1054 191.313 268.73 1076.5563;
	3.6987 49.9778 94.087 118.8775 14.6216 33.5779 29.0762 18.9722 28.1341 30.7743 56.8859 84.8626 127.7601 65.5068 199.9946 75.3468 93.4859 99.0671 89.4051 72.0685 9.6921 78.3483 72.8587 89.5152 106.7055 74.9517 14.1624 1100.3492 660.0831 660.0831 506.9786 78.8533 298.0171 185.5044 205.3726 281.6355 1043.5078 226.7571 460.0165 285.8182 119.7138 372.4904 186.4026 267.0208 1054.3777;
	3.6005 48.6505 92.112 116.9097 14.1418 32.7881 28.0666 18.9233 27.9362 31.0224 57.3444 85.5465 128.7898 68.6698 202.5708 76.3174 94.6901 100.3432 89.2529 72.825 9.3555 76.5057 72.1953 88.7244 106.0531 73.7518 14.108 1137.2506 735.9139 735.9139 565.2653 78.8778 297.5098 187.4518 215.289 313.9899 1081.0518 254.5232 451.5325 284.0708 120.9542 363.7298 154.3048 268.9599 1092.3128;
	3.4091 46.0648 87.8188 112.1344 14.0149 31.8667 27.7769 18.6373 26.2613 30.4866 56.3541 84.0692 126.5658 68.2303 200.0568 75.3702 93.5149 99.0979 88.1391 70.7955 9.259 74.3557 71.4714 86.043 103.4852 71.2753 13.9471 1084.9713 651.6122 651.6122 586.7252 84.4456 293.797 182.2278 213.9113 278.0212 1013.943 260.0513 437.4239 277.1925 115.8851 353.5084 139.3902 260.3113 1024.5049;
	3.429 46.3338 89.4592 115.8657 14.1061 31.882 28.0892 18.8891 26.8832 30.4734 56.3295 84.0326 126.5106 67.8315 201.4484 75.8945 94.1654 99.7872 85.9913 71.5652 9.3631 74.3914 71.6766 87.631 105.1275 71.8266 13.7899 1155.2687 695.4616 695.4616 589.5859 84.6374 286.6377 184.209 212.6608 296.7303 979.2515 267.5259 462.2487 281.5916 119.5421 353.6778 159.4429 260.666 989.4521;
	3.5809 48.3855 89.0479 116.1896 14.3605 32.4964 27.2172 18.2036 27.6389 30.2232 55.8671 83.3428 125.4721 69.193 199.5984 75.1975 93.3006 98.8708 85.302 71.3173 9.0724 75.825 72.6471 85.6096 102.7331 71.4735 13.2627 1139.1891 724.5286 724.5286 628.4756 85.8603 284.34 183.571 216.9294 309.1322 1074.3448 270.7956 467.9401 275.178 118.0704 360.4935 181.425 266.1241 1085.5359;
	3.5527 48.0045 86.7716 116.5833 14.0889 31.976 29.0212 17.8665 28.032 30.5718 56.5115 84.3041 126.9193 68.8683 200.0498 75.3676 93.5116 99.0944 84.0969 70.8731 9.6737 74.6106 72.3337 87.5596 103.6293 71.4437 13.0422 1096.1247 687.4683 687.4683 628.0232 88.7677 280.3232 182.4276 215.9114 293.3198 935.4746 245.6733 463.1571 277.5785 114.2714 354.7203 149.6058 260.2713 945.2191;
	3.6016 48.6652 86.9897 116.695 14.0288 32.2753 29.5517 18.1231 27.6575 30.5293 56.4329 84.1868 126.7428 68.2327 199.6886 75.2315 93.3428 98.9155 87.4704 70.8524 9.8506 75.3091 72.7215 86.617 100.9074 71.0219 13.1409 1067.7153 679.6295 679.6295 686.9198 93.5486 291.5681 182.3743 213.9189 289.9753 942.9745 275.6003 450.1869 270.2877 117.7782 358.041 141.1413 263.1417 952.7972;
	3.6618 49.4787 91.0983 119.1278 14.4065 32.6516 26.483 18.5983 27.9 30.7681 56.8744 84.8454 127.7343 68.4001 197.7881 74.5155 92.4544 97.9741 87.1466 71.2367 8.8277 76.1871 71.6734 89.0994 104.7543 72.9476 13.5663 1034.671 681.6573 681.6573 649.8084 94.3463 290.4887 183.3634 214.4435 290.8404 879.8627 295.783 450.176 280.5919 119.9558 362.2152 163.0019 260.44 889.028;
	3.8034 51.3918 94.1651 120.6202 14.6511 34.163 25.8749 18.804 27.1311 30.9544 57.2188 85.3592 128.5078 66.9806 196.7292 74.1166 91.9594 97.4496 84.9412 70.2282 8.625 79.7136 73.2562 89.5992 106.4886 73.5095 13.8624 1122.4557 656.4608 656.4608 638.9358 95.8263 283.1374 180.7677 209.9933 280.0899 958.74 292.1023 454.7377 285.2374 118.1918 378.9815 175.0204 262.9259 968.7269;
	3.7071 50.0911 94.0913 120.738 14.8421 34.9692 23.1178 18.2206 26.6963 30.883 57.0868 85.1623 128.2114 65.6539 191.5905 72.1806 89.5574 94.9041 87.4828 69.7502 7.7059 81.5948 71.5431 89.4068 105.9358 71.9677 13.252 986.885 666.6943 666.6943 682.6435 103.0586 291.6094 179.5373 205.8338 284.4562 994.4926 297.853 446.1687 283.7567 118.9796 387.9248 181.9564 243.3046 1004.8519;
	3.8544 52.0818 93.5935 119.3262 15.2591 33.0268 24.041 15.5385 27.1621 30.5614 56.4924 84.2755 126.8763 64.9608 185.0771 69.7267 86.5128 91.6777 83.1289 67.7683 8.0137 77.0626 70.4494 88.9924 105.6331 66.4169 12.5203 1135.203 690.9236 690.9236 658.1896 101.3763 277.0962 174.4358 203.6608 294.7941 1072.0823 297.9863 454.1649 282.9458 112.6853 366.3776 191.5433 255.6646 1083.2499;
