function solarprofile = ex_solar_profilesh1
%EX_WIND_PROFILE_D  Example wind_load_nyiso profile data for deterministic unit commitment.
% 2022.03.12
% Andres F. Ramirez


%% define constants
[GEN_BUS, PG, QG, QMAX, QMIN, VG, MBASE, GEN_STATUS, PMAX, PMIN, ...
    MU_PMAX, MU_PMIN, MU_QMAX, MU_QMIN, PC1, PC2, QC1MIN, QC1MAX, ...
    QC2MIN, QC2MAX, RAMP_AGC, RAMP_10, RAMP_30, RAMP_Q, APF] = idx_gen;
[CT_LABEL, CT_PROB, CT_TABLE, CT_TBUS, CT_TGEN, CT_TBRCH, CT_TAREABUS, ...
    CT_TAREAGEN, CT_TAREABRCH, CT_ROW, CT_COL, CT_CHGTYPE, CT_REP, ...
    CT_REL, CT_ADD, CT_NEWVAL, CT_TLOAD, CT_TAREALOAD, CT_LOAD_ALL_PQ, ...
    CT_LOAD_FIX_PQ, CT_LOAD_DIS_PQ, CT_LOAD_ALL_P, CT_LOAD_FIX_P, ...
    CT_LOAD_DIS_P, CT_TGENCOST, CT_TAREAGENCOST, CT_MODCOST_F, ...
    CT_MODCOST_X] = idx_ct;

solarprofile = struct( ...
    'type', 'mpcData', ...
    'table', CT_TGEN, ...
    'rows', [1:12], ...
    'col', PMAX, ...
    'chgtype', 1, ...
    'values', [] );
solarprofile.values(:,1,:) = [
	0.0 0.0 0.0 0.0 0.0 0.0 0.0 0.0 0.0 0.0 0.0 0.0;
	0.0 0.0 0.0 0.0 0.0 0.0 0.0 0.0 0.0 0.0 0.0 0.0;
	0.0 0.0 0.0 0.0 0.0 0.0 0.0 0.0 0.0 0.0 0.0 0.0;
	0.0 0.0 0.0 0.0 0.0 0.0 0.0 0.0 0.0 0.0 0.0 0.0;
	0.0 0.0 0.0 0.0 0.0 0.0 0.0 0.0 0.0 0.0 0.0 0.0;
	0.0 0.0 0.002 0.0 0.0 0.0 0.0 0.0 0.0 0.0 0.0 0.0;
	3.9171 2.342 0.7296 5.3194 6.5391 261.5667 32.6958 43.8633 54.9727 69.5432 39.2788 125.9432;
	17.011 13.3142 10.7765 7.2599 11.7795 324.1316 40.5164 71.938 62.1223 205.3607 119.0271 371.9095;
	23.3197 16.6029 13.8 10.1704 12.6321 282.8593 35.3574 74.1848 63.1946 317.2243 192.0096 574.4952;
	26.3409 16.6083 13.8481 11.2835 10.2468 153.4731 19.1841 67.5122 54.5875 246.7141 190.3819 446.8008;
	26.3466 16.6083 13.8 11.4504 10.3455 258.6524 32.3316 65.5023 72.3535 247.8422 208.8192 448.8437;
	26.342 16.6083 13.8 11.4717 10.0598 338.9924 42.374 65.5339 100.691 270.1037 217.3074 489.1594;
	26.3192 16.6083 13.8 11.5027 9.2423 422.9373 52.8672 71.8357 105.4028 210.8066 182.3081 381.7721;
	22.9972 16.6083 13.8007 11.2178 8.0081 431.7988 53.9749 74.4146 106.7347 217.6799 158.3291 394.2197;
	16.8066 15.3628 12.819 7.5307 5.4696 430.5642 53.8205 72.9612 95.1271 171.4672 117.7696 310.5282;
	8.0883 8.0276 6.4255 4.2605 0.8658 337.3161 42.1645 47.592 44.0982 76.941 32.1592 139.3406;
	0.7866 0.7622 0.5089 1.2742 2.4348 55.2369 6.9046 9.2306 20.4945 26.001 19.0222 47.0879;
	0.0 0.0 0.0 0.0 0.0 0.0 0.0 0.0 0.0 0.0 0.0 0.0;
	0.0 0.0 0.0 0.0 0.0 0.0 0.0 0.0 0.0 0.0 0.0 0.0;
	0.0 0.0 0.0 0.0 0.0 0.0 0.0 0.0 0.0 0.0 0.0 0.0;
	0.0 0.0 0.0 0.0 0.0 0.0 0.0 0.0 0.0 0.0 0.0 0.0;
	0.0 0.0 0.0 0.0 0.0 0.0 0.0 0.0 0.0 0.0 0.0 0.0;
	0.0 0.0 0.0 0.0 0.0 0.0 0.0 0.0 0.0 0.0 0.0 0.0;
	0.0 0.0 0.0 0.0 0.0 0.0 0.0 0.0 0.0 0.0 0.0 0.0;
];
