function solarprofile = ex_solar_profilesh1
%EX_WIND_PROFILE_D  Example wind_load_nyiso profile data for deterministic unit commitment.
% 2022.03.12
% Andres F. Ramirez


%% define constants
[GEN_BUS, PG, QG, QMAX, QMIN, VG, MBASE, GEN_STATUS, PMAX, PMIN, ...
    MU_PMAX, MU_PMIN, MU_QMAX, MU_QMIN, PC1, PC2, QC1MIN, QC1MAX, ...
    QC2MIN, QC2MAX, RAMP_AGC, RAMP_10, RAMP_30, RAMP_Q, APF] = idx_gen;
[CT_LABEL, CT_PROB, CT_TABLE, CT_TBUS, CT_TGEN, CT_TBRCH, CT_TAREABUS, ...
    CT_TAREAGEN, CT_TAREABRCH, CT_ROW, CT_COL, CT_CHGTYPE, CT_REP, ...
    CT_REL, CT_ADD, CT_NEWVAL, CT_TLOAD, CT_TAREALOAD, CT_LOAD_ALL_PQ, ...
    CT_LOAD_FIX_PQ, CT_LOAD_DIS_PQ, CT_LOAD_ALL_P, CT_LOAD_FIX_P, ...
    CT_LOAD_DIS_P, CT_TGENCOST, CT_TAREAGENCOST, CT_MODCOST_F, ...
    CT_MODCOST_X] = idx_ct;

solarprofile = struct( ...
    'type', 'mpcData', ...
    'table', CT_TGEN, ...
    'rows', [1:12], ...
    'col', PMAX, ...
    'chgtype', 1, ...
    'values', [] );
solarprofile.values(:,1,:) = [
	0.0 0.0 0.0 0.0 0.0 0.0 0.0 0.0 0.0 0.0 0.0 0.0;
	0.0 0.0 0.0 0.0 0.0 0.0 0.0 0.0 0.0 0.0 0.0 0.0;
	0.0 0.0 0.0 0.0 0.0 0.0 0.0 0.0 0.0 0.0 0.0 0.0;
	0.0 0.0 0.0 0.0 0.0 0.0 0.0 0.0 0.0 0.0 0.0 0.0;
	0.0 0.0 0.0 0.0 0.0 0.0 0.0 0.0 0.0 0.0 0.0 0.0;
	0.0 0.0 0.002 0.0 0.0 0.0 0.0 0.0 0.0 0.0 0.0 0.0;
	14.3214 14.2094 8.013 0.9264 1.5651 320.3155 40.0394 44.2992 120.2178 64.7674 39.6047 117.2942;
	19.4308 16.3072 12.0255 6.2381 9.961 406.4601 50.8075 72.5999 168.5201 182.1825 118.7521 329.9336;
	23.0152 16.6029 13.7998 10.0623 12.047 414.7441 51.843 74.6901 170.3996 314.0117 189.6868 568.6771;
	25.6533 16.6083 13.1257 11.1211 8.7021 346.0244 43.253 65.8492 145.0846 224.6376 196.0006 406.82;
	26.334 16.6237 13.7828 11.2217 7.5795 338.9402 42.3675 64.804 153.5143 186.6288 217.027 337.986;
	26.334 16.6897 13.8 11.1866 7.2299 343.8678 42.9835 65.2667 170.9153 177.8505 223.0375 322.0883;
	23.2162 16.6083 13.7142 11.0431 9.3886 402.1122 50.264 70.7874 184.7845 112.8995 183.6247 204.4617;
	15.396 16.5712 13.1081 10.825 10.1172 418.0431 52.2554 73.1743 177.5277 107.8075 155.7588 195.24;
	8.2781 11.4374 7.0199 6.1898 8.9647 426.4129 53.3016 71.7388 167.6423 62.849 117.3067 113.82;
	5.5104 6.3651 2.7975 2.5306 1.4489 441.1866 55.1483 50.02 138.4326 18.5435 44.6732 33.5824;
	0.7552 0.6669 0.3963 1.3035 2.4345 74.9714 9.3714 12.2355 33.6165 20.4275 19.1022 36.9944;
	0.0 0.0 0.0 0.0 0.0 0.0 0.0 0.0 0.0 0.0 0.0 0.0;
	0.0 0.0 0.0 0.0 0.0 0.0 0.0 0.0 0.0 0.0 0.0 0.0;
	0.0 0.0 0.0 0.0 0.0 0.0 0.0 0.0 0.0 0.0 0.0 0.0;
	0.0 0.0 0.0 0.0 0.0 0.0 0.0 0.0 0.0 0.0 0.0 0.0;
	0.0 0.0 0.0 0.0 0.0 0.0 0.0 0.0 0.0 0.0 0.0 0.0;
	0.0 0.0 0.0 0.0 0.0 0.0 0.0 0.0 0.0 0.0 0.0 0.0;
	0.0 0.0 0.0 0.0 0.0 0.0 0.0 0.0 0.0 0.0 0.0 0.0;
];
