function solarprofile = ex_solar_profilesh1
%EX_WIND_PROFILE_D  Example wind_load_nyiso profile data for deterministic unit commitment.
% 2022.03.12
% Andres F. Ramirez


%% define constants
[GEN_BUS, PG, QG, QMAX, QMIN, VG, MBASE, GEN_STATUS, PMAX, PMIN, ...
    MU_PMAX, MU_PMIN, MU_QMAX, MU_QMIN, PC1, PC2, QC1MIN, QC1MAX, ...
    QC2MIN, QC2MAX, RAMP_AGC, RAMP_10, RAMP_30, RAMP_Q, APF] = idx_gen;
[CT_LABEL, CT_PROB, CT_TABLE, CT_TBUS, CT_TGEN, CT_TBRCH, CT_TAREABUS, ...
    CT_TAREAGEN, CT_TAREABRCH, CT_ROW, CT_COL, CT_CHGTYPE, CT_REP, ...
    CT_REL, CT_ADD, CT_NEWVAL, CT_TLOAD, CT_TAREALOAD, CT_LOAD_ALL_PQ, ...
    CT_LOAD_FIX_PQ, CT_LOAD_DIS_PQ, CT_LOAD_ALL_P, CT_LOAD_FIX_P, ...
    CT_LOAD_DIS_P, CT_TGENCOST, CT_TAREAGENCOST, CT_MODCOST_F, ...
    CT_MODCOST_X] = idx_ct;

solarprofile = struct( ...
    'type', 'mpcData', ...
    'table', CT_TGEN, ...
    'rows', [1:12], ...
    'col', PMAX, ...
    'chgtype', 1, ...
    'values', [] );
solarprofile.values(:,1,:) = [
	0.0 0.0 0.0 0.0 0.0 0.0 0.0 0.0 0.0 0.0 0.0 0.0;
	0.0 0.0 0.0 0.0 0.0 0.0 0.0 0.0 0.0 0.0 0.0 0.0;
	0.0 0.0 0.0 0.0 0.0 0.0 0.0 0.0 0.0 0.0 0.0 0.0;
	0.0 0.0 0.0 0.0 0.0 0.0 0.0 0.0 0.0 0.0 0.0 0.0;
	0.0 0.0 0.0 0.0 0.0 0.0 0.0 0.0 0.0 0.0 0.0 0.0;
	0.0 0.0 0.002 0.0 0.0 0.0 0.0 0.0 0.0 0.0 0.0 0.0;
	7.4152 7.2496 4.8369 4.275 4.0026 198.101 24.7626 66.4825 139.2677 58.8086 38.5692 106.5027;
	17.1345 15.7743 12.4737 9.1907 12.1278 432.8983 54.1123 74.913 251.0965 38.7769 8.8024 70.2252;
	23.0453 16.6573 13.8267 11.032 13.0509 453.5031 56.6879 75.2127 254.9188 118.0399 36.7297 213.7709;
	26.334 16.6573 13.8 11.2835 10.793 363.6197 45.4525 64.5556 238.3348 78.9348 105.4494 142.9514;
	26.334 16.6083 13.8 11.4504 10.6537 326.1545 40.7693 63.906 234.4902 110.0692 172.4528 199.3359;
	26.334 16.6083 13.8 11.4717 11.2437 309.7185 38.7148 66.0679 229.2693 184.6764 187.3836 334.4501;
	26.3824 16.6677 13.8878 11.7276 13.4468 350.6578 43.8322 74.301 193.9842 182.3265 167.2768 330.1945;
	23.9325 16.7551 13.9625 11.6734 13.595 376.091 47.0114 76.4596 184.9698 170.3539 153.3347 308.512;
	19.442 16.0111 12.845 9.999 12.862 375.1601 46.895 74.8421 177.8197 122.3191 128.1065 221.5207;
	8.3881 6.2366 3.5645 5.4326 7.8289 265.8362 33.2295 54.5893 201.2423 45.7739 63.5341 82.8969;
	0.7004 0.5839 0.3718 1.4665 3.1493 67.1127 8.3891 10.8374 36.0685 21.7481 17.5997 39.386;
	0.0 0.0 0.0 0.0 0.0 0.0 0.0 0.0 0.0 0.0 0.0 0.0;
	0.0 0.0 0.0 0.0 0.0 0.0 0.0 0.0 0.0 0.0 0.0 0.0;
	0.0 0.0 0.0 0.0 0.0 0.0 0.0 0.0 0.0 0.0 0.0 0.0;
	0.0 0.0 0.0 0.0 0.0 0.0 0.0 0.0 0.0 0.0 0.0 0.0;
	0.0 0.0 0.0 0.0 0.0 0.0 0.0 0.0 0.0 0.0 0.0 0.0;
	0.0 0.0 0.0 0.0 0.0 0.0 0.0 0.0 0.0 0.0 0.0 0.0;
	0.0 0.0 0.0 0.0 0.0 0.0 0.0 0.0 0.0 0.0 0.0 0.0;
];
