function loadprofile = ex_load_profilesh1
%EX_LOAD_PROFILE  Example load profile data file for stochastic unit commitment.
% 2022.03.12
% Andres F. Ramirez

%% define constants
[CT_LABEL, CT_PROB, CT_TABLE, CT_TBUS, CT_TGEN, CT_TBRCH, CT_TAREABUS, ...
    CT_TAREAGEN, CT_TAREABRCH, CT_ROW, CT_COL, CT_CHGTYPE, CT_REP, ...
    CT_REL, CT_ADD, CT_NEWVAL, CT_TLOAD, CT_TAREALOAD, CT_LOAD_ALL_PQ, ...
    CT_LOAD_FIX_PQ, CT_LOAD_DIS_PQ, CT_LOAD_ALL_P, CT_LOAD_FIX_P, ...
    CT_LOAD_DIS_P, CT_TGENCOST, CT_TAREAGENCOST, CT_MODCOST_F, ...
    CT_MODCOST_X] = idx_ct;

loadprofile = struct( ...
    'type', 'mpcData', ...
    'table', CT_TAREALOAD, ...
    'rows', [1:11], ...
    'col', CT_LOAD_ALL_P, ...
    'chgtype', 1, ...
    'values', [] );
loadprofile.values(:,1,:) = [
	1439.6835 894.2374 1552.695 541.3457 757.6192 1117.9 852.8 302.8322 565.2602 4547.4128 1715.4319;
	1454.1225 900.065 1542.6328 546.1187 756.3764 1097.2202 845.4925 303.8301 532.5669 4458.7451 1721.8663;
	1467.7856 930.7736 1569.052 554.5053 770.7 1122.8086 845.7294 291.4905 525.0 4429.7893 1684.7025;
	1572.4 990.3491 1690.1888 565.2859 813.6 1166.6609 897.1053 297.7865 564.8492 4717.7156 1807.3261;
	1700.5473 1111.8 1894.4736 614.2516 952.715 1330.2 1009.6 345.2334 634.3132 5287.8577 2044.951;
	1830.8357 1216.2469 2004.1012 629.0042 991.7763 1407.7708 1069.0903 372.7793 683.2153 5845.0446 2206.9937;
	1850.7 1225.3 2008.9841 610.9562 1052.0217 1433.0986 1118.1876 380.9363 727.4299 6388.2469 2307.6605;
	1872.2394 1224.2373 2018.1254 604.0411 1055.9119 1430.3808 1127.6 375.7901 718.9504 6578.4037 2319.0368;
	1879.982 1192.6127 1974.0405 616.4252 1064.7301 1433.6692 1137.1501 369.6074 723.303 6597.7343 2350.9147;
	1905.0352 1205.7092 1988.8 595.5 1072.0609 1484.4079 1120.1996 372.4341 734.3449 6646.0288 2412.7574;
	1934.6243 1198.0579 1987.215 606.4312 1067.6618 1475.938 1067.7962 384.3724 706.3985 6556.9773 2366.3816;
	1938.2082 1176.7305 1921.7197 599.7046 1066.4711 1410.4706 1055.5944 381.3033 707.3783 6455.6765 2442.9766;
	1861.9037 1125.0651 1864.8974 577.2815 1028.0693 1344.2738 1035.2897 362.3025 698.7001 6284.0541 2390.8536;
	1874.7932 1121.2179 1863.8331 576.5 1001.9 1374.8692 1023.3 358.4456 688.8558 6209.9678 2268.5264;
	1852.272 1163.5 1947.6243 578.6653 1029.7012 1441.2667 1053.5516 368.3538 694.8093 6284.4608 2307.9164;
	1861.9386 1189.7 1960.4551 579.6 1055.4776 1451.8787 1089.7739 373.0 706.4114 6274.0696 2404.1533;
	1864.2213 1214.8051 1987.7477 612.6 1077.4957 1445.5683 1092.7702 414.1 695.8 6082.8467 2603.2248;
	1864.9253 1228.21 2049.9655 614.1186 1092.0807 1486.1167 1157.4728 410.6373 736.4052 6159.0978 2753.8187;
	1866.2325 1223.8868 2057.1587 609.5695 1040.0893 1407.7671 1149.4001 414.1352 729.651 6146.8649 2673.0272;
	1761.9908 1139.6332 1916.6146 578.7965 965.6 1287.1334 1083.5 381.7324 715.9322 5927.8053 2443.6534;
	1694.0394 1067.8036 1803.8542 555.1687 920.3716 1227.9574 1005.7722 360.1911 653.8518 5672.1074 2293.6849;
	1593.857 995.0088 1690.7225 541.479 849.5784 1162.6757 936.3707 340.0887 583.818 5266.1353 2089.0723;
	1556.6196 953.4 1602.1421 553.0261 816.6301 1102.8901 877.2971 334.4829 571.1343 4858.2901 2033.2567;
	1538.8636 917.4049 1560.4241 533.2635 797.3506 1120.1 881.5755 318.2 557.3773 4620.521 1893.8176;
];
