function windprofile = ex_wind_profilesh1
%EX_WIND_PROFILE_D  Example wind_load_nyiso profile data for deterministic unit commitment.
% 2022.03.12
% Andres F. Ramirez


%% define constants
[GEN_BUS, PG, QG, QMAX, QMIN, VG, MBASE, GEN_STATUS, PMAX, PMIN, ...
    MU_PMAX, MU_PMIN, MU_QMAX, MU_QMIN, PC1, PC2, QC1MIN, QC1MAX, ...
    QC2MIN, QC2MAX, RAMP_AGC, RAMP_10, RAMP_30, RAMP_Q, APF] = idx_gen;
[CT_LABEL, CT_PROB, CT_TABLE, CT_TBUS, CT_TGEN, CT_TBRCH, CT_TAREABUS, ...
    CT_TAREAGEN, CT_TAREABRCH, CT_ROW, CT_COL, CT_CHGTYPE, CT_REP, ...
    CT_REL, CT_ADD, CT_NEWVAL, CT_TLOAD, CT_TAREALOAD, CT_LOAD_ALL_PQ, ...
    CT_LOAD_FIX_PQ, CT_LOAD_DIS_PQ, CT_LOAD_ALL_P, CT_LOAD_FIX_P, ...
    CT_LOAD_DIS_P, CT_TGENCOST, CT_TAREAGENCOST, CT_MODCOST_F, ...
    CT_MODCOST_X] = idx_ct;

windprofile = struct( ...
    'type', 'mpcData', ...
    'table', CT_TGEN, ...
    'rows', [1:45], ...
    'col', PMAX, ...
    'chgtype', 1, ...
    'values', [] );
windprofile.values(:,1,:) = [
	3.6698 49.5869 93.8238 105.8158 14.4612 32.3435 27.4434 18.0657 27.4715 30.6198 56.6002 84.4363 127.1184 66.7075 199.247 75.0651 93.1364 98.6968 38.1703 72.1643 9.1478 75.4682 72.4888 87.3401 101.3629 73.6305 13.5659 1183.9934 704.3284 704.3284 615.7858 111.3628 127.2345 185.751 209.1371 300.5135 1186.2152 234.5626 456.5187 271.5078 120.6427 358.7975 142.4796 260.1929 1198.5716;
	3.7253 50.3368 93.6469 115.0007 14.6705 32.4407 28.0104 18.4232 27.3969 29.8655 55.2059 82.3563 123.987 64.0046 197.9746 74.5858 92.5416 98.0665 33.4212 72.5626 9.3368 75.6951 71.6106 87.8596 102.6543 71.9477 13.5678 1166.5458 710.3023 710.3023 617.9765 105.1677 111.4039 186.7763 200.663 303.0623 1164.3417 237.7013 457.7779 274.9668 121.7862 359.876 137.8596 266.9954 1176.4703;
	3.7102 50.1323 92.2221 58.1748 14.0857 33.0439 29.0705 18.0843 27.6602 30.6944 56.7382 84.6423 127.4285 64.1328 198.9906 74.9686 93.0165 98.5698 32.9293 72.8368 9.6902 77.1024 73.5394 86.9333 102.4975 73.3456 13.678 1154.9672 696.1864 696.1864 596.7557 111.3751 109.7644 187.482 201.0648 297.0395 1164.7807 236.4195 465.7491 274.5468 120.1543 366.5667 135.1458 254.6553 1176.9138;
	3.6549 49.3862 90.4308 74.1365 13.9891 32.0033 27.7582 17.8089 27.6743 30.4221 56.2349 83.8914 126.298 63.7345 201.3059 75.8408 94.0988 99.7167 44.229 73.0921 9.2527 74.6744 72.3629 86.2863 100.7694 74.5675 13.5542 1211.1945 712.22 712.22 585.3407 103.2928 147.43 188.1394 199.8163 303.8805 1125.2624 258.5248 465.7091 269.9181 119.4624 355.0236 166.3356 259.9197 1136.9839;
	3.6545 49.3797 93.9517 116.8458 14.4622 33.2151 24.1344 18.6252 27.8728 30.9622 57.2332 85.3807 128.5401 63.7923 193.5231 72.9087 90.4608 95.8614 78.011 72.7208 8.0448 77.5019 66.0078 87.9115 104.2347 75.8269 13.6675 1152.0378 676.1841 676.1841 560.7919 97.8943 260.0368 187.1836 199.9974 288.5052 1164.9021 248.2759 475.4992 279.2 120.4924 368.466 190.3093 267.6234 1177.0365;
	3.8442 51.9438 90.799 113.39 14.1351 34.202 28.2007 18.282 28.1955 31.0869 57.4637 85.7246 129.0579 66.6657 200.8602 75.6729 93.8905 99.4959 91.6305 72.5384 9.4002 79.8046 71.8991 86.3958 103.9808 72.9753 13.6346 1188.6165 740.5486 740.5486 576.633 94.8448 305.4349 186.714 209.0059 315.9674 1131.9093 245.8918 471.777 278.5199 118.8907 379.4138 191.0797 263.3743 1143.7;
	3.78 51.0757 89.2361 111.7977 13.8873 32.3532 27.1724 17.4321 26.6053 31.0265 57.352 85.5579 128.8069 67.0187 198.7752 74.8874 92.9158 98.4631 92.3946 72.2779 9.0575 75.4907 74.8714 84.7678 98.5756 74.052 12.9937 1183.2857 742.4931 742.4931 617.6516 96.2542 307.982 186.0435 210.1126 316.7971 1118.2512 277.478 449.2647 264.0417 118.4679 358.9044 187.4751 264.6381 1129.8996;
	3.6079 48.7509 87.2582 109.9291 11.2725 32.131 27.2217 17.865 25.919 30.4433 56.274 83.9497 126.3859 66.8049 199.5557 75.1815 93.2807 98.8497 91.6516 70.8967 9.0739 74.9723 73.528 85.2646 103.8062 73.9224 13.1843 1154.8104 701.7393 701.7393 561.2345 82.8095 305.5055 182.4884 209.4425 299.4088 1075.7537 259.1833 451.1897 278.0522 115.7858 356.4396 167.7866 250.3129 1086.9594;
	3.7671 50.9017 89.5402 115.9842 13.3842 33.6637 28.6007 17.5862 26.3348 31.22 57.7098 86.0916 129.6104 67.5295 200.5973 75.5739 93.7676 99.3656 91.566 70.6259 9.5336 78.5487 75.1194 85.4882 101.1728 72.9235 13.1441 1139.813 772.7385 772.7385 603.4989 78.2281 305.2199 181.7912 211.7141 329.7017 1154.2457 276.8449 452.6301 270.9985 118.623 373.4429 173.4602 261.7725 1166.2691;
	3.6634 49.5007 87.4106 111.9791 14.0675 32.2109 29.0301 17.5203 27.0286 30.7096 56.7662 84.684 127.4913 67.2034 196.929 74.1918 92.0528 97.5485 89.6034 70.8547 9.6767 75.1588 73.537 85.8241 100.5554 71.0048 12.8877 1064.7195 718.6376 718.6376 645.1123 84.48 298.6779 182.3801 210.6918 306.6187 1088.2385 283.5293 456.6697 269.3448 116.293 357.3264 156.1851 256.8011 1099.5744;
	3.6238 48.9658 87.1093 111.0178 14.0027 32.0079 26.7965 17.4059 27.3368 30.8132 56.9578 84.9699 127.9217 65.9608 199.756 75.2569 93.3743 98.9489 88.6868 71.4123 8.9322 74.6851 74.3969 84.233 96.9589 70.0993 12.9814 1086.92 741.3143 741.3143 631.0975 88.4656 295.6225 183.8154 206.7959 316.2941 1093.0026 297.2885 464.6069 259.7114 112.0355 355.0742 164.649 259.0384 1104.388;
	3.716 50.2112 89.0771 113.387 14.1378 33.7323 26.08 17.5595 28.0862 30.8285 56.986 85.0119 127.985 66.7331 201.7961 76.0255 94.3279 99.9594 91.9597 72.6725 8.6933 78.7088 74.2613 83.8867 97.2614 69.8949 12.8542 1042.3453 740.7206 740.7206 651.99 95.6179 306.5323 187.0591 209.2172 316.0408 1097.6338 284.4645 464.4861 260.5216 112.2971 374.204 186.3429 268.0929 1109.0674;
	3.8332 51.7949 89.8638 116.777 14.5676 33.6812 28.7816 17.6732 27.9984 31.3026 57.8624 86.3194 129.9534 67.5205 203.2012 76.5549 94.9847 100.6555 90.5896 72.6622 9.5939 78.5894 74.1731 87.5253 100.1927 71.2181 12.9143 1053.5999 774.1125 774.1125 714.9415 97.107 301.9653 187.0328 211.6859 330.288 1018.7166 308.5936 462.8506 268.3734 114.1856 373.6365 166.4381 264.7773 1029.3282;
	3.7708 50.9517 90.739 112.9124 14.5683 32.5844 27.8575 17.8164 26.897 31.0375 57.3723 85.5881 128.8525 67.0447 204.5745 77.0722 95.6267 101.3357 92.3892 73.443 9.2858 76.0303 75.2102 87.9603 99.2179 71.6212 13.024 1066.2905 727.8786 727.8786 729.4289 98.243 307.964 189.0426 210.1942 310.5615 1008.8668 315.2281 452.499 265.7623 114.7917 361.4696 156.2338 269.0456 1019.3759;
	3.7144 50.19 90.7176 111.3797 14.3745 32.0688 25.1054 18.0311 26.7386 31.049 57.3937 85.6201 128.9006 66.035 203.2643 76.5786 95.0142 100.6867 90.0503 73.2347 8.3685 74.8273 74.1621 87.8896 100.1692 73.4589 13.0589 1056.041 687.8307 687.8307 678.9554 100.6548 300.1676 188.5064 207.0287 293.4744 907.7941 325.1215 442.4902 268.3105 114.3146 355.7504 172.3819 264.9694 917.2503;
	3.6579 49.4264 90.0479 112.1952 14.3512 32.2127 27.5346 17.8578 27.8506 30.2999 56.0089 83.5543 125.7905 65.2033 201.4621 75.8997 94.1718 99.794 90.8708 71.4676 9.1782 75.1631 74.1939 86.4612 98.7211 73.7068 13.1255 1128.941 740.1632 740.1632 707.3922 112.2701 302.9025 183.9578 204.4212 315.803 1003.6108 321.8212 446.4384 264.4314 114.7968 357.3467 168.6561 255.1894 1014.0651;
	3.5761 48.3208 87.1628 113.2389 14.2596 32.3715 26.2688 17.4457 26.9608 30.5251 56.4251 84.1751 126.7252 58.09 198.8841 74.9284 92.9667 98.517 91.3229 71.8851 8.7563 75.5335 74.48 86.1431 98.3709 71.9172 12.0319 1021.7063 698.2711 698.2711 646.0567 97.6301 304.4096 185.0324 182.1201 297.929 1026.4721 286.1324 443.2696 263.4934 115.1472 359.1077 180.0739 229.3721 1037.1645;
	3.7415 50.5561 91.9788 114.0292 14.4621 32.3956 27.7121 15.4364 27.3817 30.0857 55.613 82.9637 124.9014 63.4836 192.6295 72.5721 90.0431 95.4188 91.154 68.824 9.2374 75.5897 70.6094 84.707 99.425 70.1935 12.0645 1190.3657 747.7949 747.7949 678.965 101.3291 303.8465 177.1533 199.0297 319.0592 1179.6933 309.8637 456.9696 266.3171 117.07 359.3748 185.9644 255.101 1191.9818;
