function windprofile = ex_wind_profilesh1
%EX_WIND_PROFILE_D  Example wind_load_nyiso profile data for deterministic unit commitment.
% 2022.03.12
% Andres F. Ramirez


%% define constants
[GEN_BUS, PG, QG, QMAX, QMIN, VG, MBASE, GEN_STATUS, PMAX, PMIN, ...
    MU_PMAX, MU_PMIN, MU_QMAX, MU_QMIN, PC1, PC2, QC1MIN, QC1MAX, ...
    QC2MIN, QC2MAX, RAMP_AGC, RAMP_10, RAMP_30, RAMP_Q, APF] = idx_gen;
[CT_LABEL, CT_PROB, CT_TABLE, CT_TBUS, CT_TGEN, CT_TBRCH, CT_TAREABUS, ...
    CT_TAREAGEN, CT_TAREABRCH, CT_ROW, CT_COL, CT_CHGTYPE, CT_REP, ...
    CT_REL, CT_ADD, CT_NEWVAL, CT_TLOAD, CT_TAREALOAD, CT_LOAD_ALL_PQ, ...
    CT_LOAD_FIX_PQ, CT_LOAD_DIS_PQ, CT_LOAD_ALL_P, CT_LOAD_FIX_P, ...
    CT_LOAD_DIS_P, CT_TGENCOST, CT_TAREAGENCOST, CT_MODCOST_F, ...
    CT_MODCOST_X] = idx_ct;

windprofile = struct( ...
    'type', 'mpcData', ...
    'table', CT_TGEN, ...
    'rows', [1:45], ...
    'col', PMAX, ...
    'chgtype', 1, ...
    'values', [] );
windprofile.values(:,1,:) = [
	3.9131 52.8741 94.718 114.4081 15.3725 34.8572 29.2207 18.5598 28.2497 30.9613 57.2315 85.3781 128.5362 68.6026 195.0044 73.4668 91.1532 96.5952 36.1771 73.6056 9.7402 81.3334 74.7379 88.5911 104.7924 74.8511 13.8598 1184.084 691.6832 691.6832 604.1181 110.3385 120.5903 189.4611 215.0783 295.1182 1171.6282 238.1765 473.1981 280.6939 116.573 386.6822 157.3851 278.4101 1183.8326;
	3.8715 52.3124 93.704 120.1099 15.0496 33.1031 27.9377 18.5774 27.5057 30.8381 57.0037 85.0383 128.0247 67.9811 191.153 72.0158 89.3529 94.6874 33.1502 73.9689 9.3126 77.2405 74.8876 88.3185 103.9602 71.9199 13.6062 1152.0001 701.7069 701.7069 573.1211 104.8293 110.5006 190.3962 213.1299 299.3949 1161.6361 232.4416 446.7458 278.4647 119.7299 367.2232 138.5925 278.1304 1173.7364;
	3.7818 51.1005 93.8199 68.6474 14.9027 34.4821 27.6742 17.8861 27.2216 30.216 55.8538 83.3229 125.4422 68.6578 190.9024 71.9214 89.2358 94.5633 23.5327 73.0025 9.2247 80.4583 72.4551 87.3857 102.5776 71.2158 13.5435 1124.19 696.3259 696.3259 557.3172 102.8267 78.4424 187.9087 215.2515 297.0991 1223.2695 225.0695 439.7884 274.7613 119.1029 382.5217 141.7301 271.2452 1236.0119;
	3.7372 50.4983 93.3576 84.932 14.4621 33.9949 28.322 18.1025 27.9005 30.9207 57.1564 85.2661 128.3676 69.2947 196.1873 73.9124 91.7061 97.1811 38.6157 73.7012 9.4407 79.3213 71.1653 87.4832 101.4424 72.0745 13.6476 1196.9722 703.4398 703.4398 545.2076 92.9589 128.7189 189.7071 217.2481 300.1343 1140.931 231.9332 456.483 271.7208 119.6308 377.1164 167.8195 273.7356 1152.8157;
	3.4631 46.7938 89.749 116.5717 14.5877 32.2796 23.7398 18.0659 27.0669 30.0243 55.4995 82.7944 124.6465 67.7585 187.9232 70.799 87.8431 93.0875 75.7157 73.4245 7.9133 75.319 57.2203 85.5303 99.1988 72.1228 13.4555 1128.4052 625.6731 625.6731 500.6805 93.1367 252.3856 188.9948 212.4322 266.9539 1136.5075 230.4824 461.6069 265.7111 116.4296 358.0879 176.6939 259.7937 1148.3461;
	3.8198 51.6143 93.3923 115.6849 14.9962 33.8079 28.3578 18.3785 28.073 31.2386 57.7441 86.1428 129.6876 69.8243 191.7373 72.2359 89.626 94.9769 88.7987 73.7072 9.4526 78.8851 71.5466 86.4685 103.5521 73.2909 13.8149 1227.5282 716.7168 716.7168 492.3516 92.0183 295.9957 189.7226 218.9087 305.7992 1155.4982 222.5644 471.1665 277.3718 119.9747 375.0423 191.0781 269.6781 1167.5346;
	3.7511 50.6861 94.9843 117.3686 14.9225 33.4166 28.4744 18.5249 28.1932 30.9485 57.2078 85.3427 128.483 69.6092 190.363 71.7182 88.9836 94.2961 87.2311 72.3809 9.4915 77.972 73.4478 86.7422 102.5289 75.474 13.6254 1238.0274 721.6074 721.6074 544.2875 91.5509 290.7703 186.3086 218.2344 307.8858 1142.4372 245.8585 467.0751 274.6309 121.6799 370.7014 201.4908 279.3458 1154.3375;
	3.7998 51.3438 92.7658 113.758 14.9608 33.8894 28.6532 18.3608 28.3302 30.9352 57.1833 85.3062 128.4281 69.765 193.7681 73.001 90.5753 95.9828 87.0063 72.1265 9.5511 79.0753 75.2303 86.2558 104.2973 74.0575 13.3584 1168.2069 711.897 711.897 515.3584 74.4195 290.021 185.6537 218.7226 303.7427 1130.5713 230.9146 473.8302 279.3678 117.8326 375.9464 198.7084 267.7525 1142.3481;
	3.9025 52.7317 95.4053 121.2376 15.3224 35.1011 30.655 19.1023 28.4967 31.3157 57.8866 86.3554 130.0076 69.9049 196.0386 73.8564 91.6366 97.1075 90.0895 71.3059 10.2183 81.9025 75.7396 90.0477 106.0422 75.056 14.0762 1208.2787 797.1492 797.1492 621.9337 72.1349 300.2983 183.5415 219.1612 340.117 1234.147 276.2977 479.2709 284.0417 122.6269 389.3877 200.0447 282.82 1247.0027;
	3.8133 51.5261 94.5895 117.6472 14.7868 34.2563 29.9224 18.6692 28.3298 31.0657 57.4244 85.666 128.9696 69.7375 198.4284 74.7568 92.7537 98.2913 91.9355 70.4143 9.9741 79.9314 74.6016 88.1254 102.626 73.9671 13.7755 1143.66 739.1458 739.1458 661.1752 72.4144 306.4517 181.2466 218.6366 315.3689 1153.5733 290.6538 478.2002 274.891 121.9125 380.0169 168.3267 271.4953 1165.5897;
	3.8076 51.4486 94.5405 115.3836 15.016 33.7243 27.4977 18.7271 28.151 31.4789 58.1883 86.8054 130.6851 69.7455 202.8592 76.426 94.8249 100.4861 92.4852 73.42 9.1659 78.6901 75.1658 87.3355 100.4747 73.8304 13.7419 1163.9956 745.7652 745.7652 617.3467 78.9139 308.2841 188.9834 218.6615 318.1932 1117.2496 286.436 474.8207 269.1287 121.108 374.1154 171.2629 267.5865 1128.8876;
	3.8032 51.39 94.2141 118.2657 14.4754 34.7101 26.2509 18.9175 28.0773 31.1984 57.6698 86.032 129.5207 69.5619 200.2343 75.4371 93.5979 99.1858 92.1249 72.7843 8.7503 80.9902 74.9526 86.0476 101.5352 74.241 13.9357 1126.5912 741.8251 741.8251 661.0109 91.3028 307.083 187.3469 218.0861 316.512 1147.6633 288.3786 464.1413 271.9692 120.6034 385.0504 187.5767 268.9413 1159.6181;
	3.7914 51.2299 94.3014 119.6706 14.177 34.2641 29.4882 18.6366 28.0493 31.0056 57.3135 85.5004 128.7204 68.8392 196.9272 74.1912 92.052 97.5477 91.717 72.0467 9.8294 79.9496 74.852 89.3228 103.9183 75.4004 13.7561 1111.6312 742.8537 742.8537 657.7862 97.8581 305.7235 185.4484 215.8203 316.9509 1046.0935 281.6032 466.1452 278.3526 118.4784 380.1034 164.9324 262.3956 1056.9903;
	3.8543 52.0803 94.9866 120.4625 15.119 34.2117 29.6086 18.3362 28.3411 31.066 57.4251 85.6669 128.971 68.6241 197.6698 74.4709 92.3991 97.9155 91.5414 72.0594 9.8695 79.8274 74.6105 89.0936 102.8327 74.0278 13.7268 1134.8525 713.0907 713.0907 686.3555 93.999 305.1381 185.4812 215.1458 304.252 1034.6561 270.095 472.9644 275.4448 117.0466 379.5221 166.2834 261.6542 1045.4337;
	3.8645 52.2174 95.0176 119.4197 15.304 33.9659 26.6031 18.5175 28.4518 31.0392 57.3755 85.5929 128.8597 68.5156 197.7657 74.5071 92.4439 97.963 89.4919 71.6301 8.8677 79.2537 74.1737 89.3605 102.8932 74.1943 13.5371 1068.7349 722.0776 722.0776 686.248 91.7904 298.3063 184.3761 214.8058 308.0865 967.876 300.8655 471.1653 275.6068 115.4862 376.7946 181.0433 256.4173 977.958;
	3.7964 51.2981 94.9559 120.2983 14.9525 33.8022 27.9836 18.3321 28.4979 31.2379 57.7427 86.1407 129.6844 68.3847 199.4464 75.1403 93.2296 98.7956 91.9223 72.7799 9.3279 78.8717 74.9976 88.4644 103.6806 74.9042 13.7224 1119.2406 772.9324 772.9324 665.1866 94.7633 306.4075 187.3356 214.3954 329.7845 1044.0812 276.5402 471.8485 277.716 116.0364 374.9787 184.6463 258.9158 1054.9571;
	3.6308 49.0607 93.5372 119.725 15.1735 34.0862 26.1203 17.5341 28.3832 31.2651 57.7931 86.2159 129.7976 69.4193 196.615 74.0736 91.9061 97.393 92.3166 73.2517 8.7068 79.5346 75.6567 87.8725 101.2114 72.7717 12.5094 1104.1823 732.4328 732.4328 656.7532 85.4342 307.7221 188.5501 217.639 312.5047 1104.7398 252.7379 467.4949 271.1021 117.2748 378.13 177.5014 233.1437 1116.2475;
	3.803 51.3871 93.1998 115.177 15.3318 33.3171 26.5384 14.1116 28.2807 31.0491 57.3938 85.6203 128.9009 68.5413 198.1361 74.6466 92.6171 98.1465 90.5098 73.1293 8.8461 77.7398 74.9872 86.7655 102.4122 67.1021 11.419 1164.1709 682.9565 682.9565 643.913 76.6167 301.6993 188.2351 214.8861 291.3948 1098.1388 262.9258 466.8749 274.3183 117.9375 369.5973 185.6229 247.0924 1109.5777;
