function solarprofile = ex_solar_profilesh1
%EX_WIND_PROFILE_D  Example wind_load_nyiso profile data for deterministic unit commitment.
% 2022.03.12
% Andres F. Ramirez


%% define constants
[GEN_BUS, PG, QG, QMAX, QMIN, VG, MBASE, GEN_STATUS, PMAX, PMIN, ...
    MU_PMAX, MU_PMIN, MU_QMAX, MU_QMIN, PC1, PC2, QC1MIN, QC1MAX, ...
    QC2MIN, QC2MAX, RAMP_AGC, RAMP_10, RAMP_30, RAMP_Q, APF] = idx_gen;
[CT_LABEL, CT_PROB, CT_TABLE, CT_TBUS, CT_TGEN, CT_TBRCH, CT_TAREABUS, ...
    CT_TAREAGEN, CT_TAREABRCH, CT_ROW, CT_COL, CT_CHGTYPE, CT_REP, ...
    CT_REL, CT_ADD, CT_NEWVAL, CT_TLOAD, CT_TAREALOAD, CT_LOAD_ALL_PQ, ...
    CT_LOAD_FIX_PQ, CT_LOAD_DIS_PQ, CT_LOAD_ALL_P, CT_LOAD_FIX_P, ...
    CT_LOAD_DIS_P, CT_TGENCOST, CT_TAREAGENCOST, CT_MODCOST_F, ...
    CT_MODCOST_X] = idx_ct;

solarprofile = struct( ...
    'type', 'mpcData', ...
    'table', CT_TGEN, ...
    'rows', [1:12], ...
    'col', PMAX, ...
    'chgtype', 1, ...
    'values', [] );
solarprofile.values(:,1,:) = [
	0.0 0.0 0.0 0.0 0.0 0.0 0.0 0.0 0.0 0.0 0.0 0.0;
	0.0 0.0 0.0 0.0 0.0 0.0 0.0 0.0 0.0 0.0 0.0 0.0;
	0.0 0.0 0.0 0.0 0.0 0.0 0.0 0.0 0.0 0.0 0.0 0.0;
	0.0 0.0 0.0 0.0 0.0 0.0 0.0 0.0 0.0 0.0 0.0 0.0;
	0.0 0.0 0.0 0.0 0.0 0.0 0.0 0.0 0.0 0.0 0.0 0.0;
	0.0 0.0 0.002 0.0 0.0 0.0 0.0 0.0 0.0 0.0 0.0 0.0;
	8.6874 7.43 5.8028 2.097 5.5922 371.878 46.4847 61.2393 186.751 69.3202 39.8984 125.5392;
	19.2806 16.1479 11.3982 7.2021 11.9087 385.0245 48.1281 72.5976 173.6647 186.6476 125.9198 338.0199;
	23.5039 16.7324 13.8 10.2846 13.2044 390.5784 48.8223 74.0724 169.9132 285.4126 192.9009 516.884;
	26.4094 16.6637 13.8 8.2502 12.7787 337.8622 42.2328 68.4476 200.6444 102.9806 176.5623 186.4985;
	26.5886 16.6464 13.8 3.3262 13.0146 348.8185 43.6023 66.9054 194.6981 109.2585 210.0297 197.8677;
	26.7117 16.6826 13.8267 3.2274 12.8775 354.0262 44.2533 66.4816 189.1477 162.9397 220.9983 295.0848;
	26.6971 16.8402 13.8142 10.9057 11.0675 409.3231 51.1654 72.2702 217.2694 160.2964 184.5385 290.2978;
	24.4302 16.839 13.8 11.45 9.531 418.7067 52.3383 74.9928 232.6454 149.6948 152.4571 271.0981;
	21.2278 16.3126 12.0784 8.9249 6.3002 411.7125 51.4641 74.6697 239.7052 87.8896 85.5951 159.1686;
	12.7747 7.873 5.9087 3.063 0.7845 316.3313 39.5414 60.0582 178.1781 21.1659 10.7482 38.3317;
	1.0431 0.7664 0.4345 1.3115 2.4387 53.8611 6.7326 8.8922 23.436 20.1211 18.9076 36.4395;
	0.0 0.0 0.0 0.0 0.0 0.0 0.0 0.0 0.0 0.0 0.0 0.0;
	0.0 0.0 0.0 0.0 0.0 0.0 0.0 0.0 0.0 0.0 0.0 0.0;
	0.0 0.0 0.0 0.0 0.0 0.0 0.0 0.0 0.0 0.0 0.0 0.0;
	0.0 0.0 0.0 0.0 0.0 0.0 0.0 0.0 0.0 0.0 0.0 0.0;
	0.0 0.0 0.0 0.0 0.0 0.0 0.0 0.0 0.0 0.0 0.0 0.0;
	0.0 0.0 0.0 0.0 0.0 0.0 0.0 0.0 0.0 0.0 0.0 0.0;
	0.0 0.0 0.0 0.0 0.0 0.0 0.0 0.0 0.0 0.0 0.0 0.0;
];
