function windprofile = ex_wind_profilesh1
%EX_WIND_PROFILE_D  Example wind_load_nyiso profile data for deterministic unit commitment.
% 2022.03.12
% Andres F. Ramirez


%% define constants
[GEN_BUS, PG, QG, QMAX, QMIN, VG, MBASE, GEN_STATUS, PMAX, PMIN, ...
    MU_PMAX, MU_PMIN, MU_QMAX, MU_QMIN, PC1, PC2, QC1MIN, QC1MAX, ...
    QC2MIN, QC2MAX, RAMP_AGC, RAMP_10, RAMP_30, RAMP_Q, APF] = idx_gen;
[CT_LABEL, CT_PROB, CT_TABLE, CT_TBUS, CT_TGEN, CT_TBRCH, CT_TAREABUS, ...
    CT_TAREAGEN, CT_TAREABRCH, CT_ROW, CT_COL, CT_CHGTYPE, CT_REP, ...
    CT_REL, CT_ADD, CT_NEWVAL, CT_TLOAD, CT_TAREALOAD, CT_LOAD_ALL_PQ, ...
    CT_LOAD_FIX_PQ, CT_LOAD_DIS_PQ, CT_LOAD_ALL_P, CT_LOAD_FIX_P, ...
    CT_LOAD_DIS_P, CT_TGENCOST, CT_TAREAGENCOST, CT_MODCOST_F, ...
    CT_MODCOST_X] = idx_ct;

windprofile = struct( ...
    'type', 'mpcData', ...
    'table', CT_TGEN, ...
    'rows', [1:45], ...
    'col', PMAX, ...
    'chgtype', 1, ...
    'values', [] );
windprofile.values(:,1,:) = [
	3.7829 51.1153 93.0978 108.9545 15.36 32.5867 27.8101 18.8729 27.747 30.4261 56.2422 83.9023 126.3145 67.1166 194.313 73.2063 90.83 96.2527 41.5902 72.1031 9.27 76.0356 75.5875 88.2392 105.247 74.9972 13.8425 1170.9789 703.2523 703.2523 622.6772 110.465 138.6342 185.5935 210.4196 300.0543 1163.4308 235.5831 460.1601 281.9116 115.8537 361.4947 146.2576 270.9651 1175.5499;
	3.7749 51.0067 95.1248 119.4214 15.3436 32.8644 27.4135 19.0543 27.2641 30.5784 56.5237 84.3223 126.9468 68.2642 191.2328 72.0458 89.3902 94.7269 36.0005 72.7018 9.1378 76.6836 75.0243 89.6924 106.194 74.1081 13.7655 1176.6041 693.2883 693.2883 613.1533 111.4958 120.0015 187.1346 214.0176 295.803 1150.4939 239.8889 452.056 284.4482 120.4459 364.5757 143.5541 274.6756 1162.4782;
	3.8147 51.5443 94.6899 68.0463 15.4132 34.4571 27.093 18.7451 27.1362 30.4494 56.2852 83.9665 126.4111 68.4965 199.4446 75.1396 93.2288 98.7946 37.7518 72.2661 9.031 80.4 75.1438 89.7851 106.4691 74.2094 13.6427 1172.2834 681.998 681.998 605.1691 112.6876 125.8392 186.0132 214.7458 290.9858 1179.7414 242.3812 446.9026 285.1851 121.5672 382.2446 144.6578 278.3841 1192.0304;
	3.74 50.5354 94.4429 86.5398 15.2911 33.8952 26.2348 18.8221 26.6831 29.7903 55.067 82.1491 123.675 68.7348 197.1164 74.2625 92.1405 97.6414 48.2445 71.7582 8.7449 79.0887 68.6399 89.2039 104.8638 73.8177 13.7565 1207.2189 700.9413 700.9413 553.2274 99.0596 160.8151 184.7057 215.4928 299.0683 1092.5409 239.0834 450.0292 280.8852 117.1373 376.0104 177.118 282.4593 1103.9215;
	3.4919 47.1829 94.3211 120.2604 15.2717 33.8402 23.654 18.9909 27.9951 30.8938 57.1067 85.1919 128.256 69.5041 195.4921 73.6505 91.3812 96.8368 81.4907 71.3658 7.8847 78.9604 63.7017 89.2956 105.1428 74.8244 13.6984 1219.0654 688.7782 688.7782 593.8479 100.3367 271.6355 183.6957 217.9048 293.8787 1197.2744 254.8626 461.9372 281.6326 116.4183 375.4004 195.191 274.8231 1209.746;
	3.8448 51.951 92.9602 117.4705 15.3912 34.6944 27.9925 18.8257 27.5105 31.0666 57.4261 85.6684 128.9733 69.6146 191.0122 71.9627 89.2871 94.6177 87.964 71.0849 9.3308 80.9536 70.7774 86.639 105.2745 72.36 13.6952 1246.5565 718.0352 718.0352 546.6888 96.24 293.2134 182.9726 218.2513 306.3617 1125.1916 233.3391 460.2255 281.9853 112.8073 384.8765 208.7021 272.8386 1136.9124;
	3.8375 51.8524 94.3985 120.1848 15.3992 33.8313 28.4454 19.1163 27.0071 30.7787 56.894 84.8747 127.7784 69.8808 189.9464 71.5612 88.7889 94.0897 87.524 71.4731 9.4818 78.9396 74.1384 89.4847 106.3101 76.3964 13.7532 1235.4342 707.2991 707.2991 575.38 93.7997 291.7468 183.972 219.0857 301.7809 1106.8646 248.0463 459.6332 284.7592 116.491 375.3016 206.4249 276.4439 1118.3944;
	3.776 51.0227 92.3496 117.9876 15.4059 33.5009 27.767 18.9699 26.8287 30.2142 55.8505 83.318 125.4348 69.6177 194.8544 73.4103 91.0831 96.5209 89.9931 73.0137 9.2557 78.1688 73.9102 89.2212 106.4891 75.7107 13.8533 1170.0828 689.2767 689.2767 562.1416 80.4921 299.9769 187.9374 218.2608 294.0914 1070.3839 239.1656 453.0761 285.2388 113.7986 371.6369 202.4354 258.3627 1081.5338;
	3.9118 52.8573 93.4819 118.4351 15.3973 34.484 29.5755 18.5343 27.2978 30.7996 56.9325 84.9321 127.8648 69.8652 203.3006 76.5923 95.0312 100.7047 91.9926 73.6207 9.8585 80.4628 75.3673 87.0257 105.7738 74.7326 13.9002 1164.8595 789.9313 789.9313 623.3563 81.1169 306.6419 189.4998 219.0367 337.0373 1149.778 270.287 449.7024 283.3228 115.3401 382.5429 191.5259 274.3156 1161.7549;
	3.8568 52.1145 92.2264 117.6523 15.4128 33.5477 29.7291 17.7252 26.1545 31.0403 57.3774 85.5958 128.8641 69.7568 201.566 75.9388 94.2204 99.8455 92.4448 73.1836 9.9097 78.278 75.3215 85.6591 103.4563 72.3827 13.2642 1179.9853 747.6796 747.6796 685.1074 90.7133 308.1494 188.3748 218.697 319.01 1151.2904 303.5925 442.7165 277.1152 115.5344 372.1558 171.4787 262.6029 1163.2831;
	3.6687 49.5718 90.143 110.287 14.8015 31.8892 25.1414 17.1342 24.2223 30.1432 55.7192 83.122 125.1398 69.2059 199.2231 75.0561 93.1252 98.6849 90.875 71.4309 8.3805 74.408 74.1301 84.3215 100.2012 70.5976 12.8051 1124.5136 682.2617 682.2617 651.5214 83.5456 302.9168 183.8632 216.97 291.0983 1035.3184 280.3289 436.3509 268.3961 112.0789 353.757 162.2603 263.0511 1046.103;
	3.5799 48.3717 88.4482 110.8295 14.6694 31.7142 25.8942 17.0289 24.453 29.7035 54.9065 81.9096 123.3145 67.8554 197.1636 74.2802 92.1625 97.6647 89.6944 70.7793 8.6314 73.9999 73.3631 83.9857 98.6858 72.1099 12.8366 1074.274 671.2051 671.2051 651.73 88.4777 298.9814 182.1861 212.7358 286.3809 1034.1222 284.4929 437.2139 264.3368 109.8481 351.8167 168.3229 269.1542 1044.8944;
	3.6343 49.1079 87.8404 110.7847 14.7844 32.3412 27.3826 17.1021 24.4398 29.2925 54.1468 80.7764 121.6084 67.7173 198.4202 74.7536 92.7499 98.2872 88.4911 70.3747 9.1275 75.4629 73.33 87.3682 99.8322 72.7767 12.7938 1122.0122 687.3251 687.3251 626.997 91.4069 294.9705 181.1446 212.3028 293.2587 1009.7034 274.9293 436.695 267.4078 105.457 358.7722 159.2051 259.4281 1020.2211;
	3.7152 50.2003 87.4364 110.9789 14.6173 32.225 28.4972 17.3616 27.1325 30.48 56.3417 84.0508 126.538 68.5235 200.9974 75.7246 93.9546 99.5639 91.4343 71.5068 9.4991 75.1917 75.0109 85.6699 96.7476 70.7864 12.9172 1125.466 673.881 673.881 644.3513 99.5439 304.7809 184.0588 214.8305 287.5225 1029.9199 303.7438 453.5457 259.1454 112.9749 357.4826 152.9262 257.3638 1040.6482;
	3.5703 48.2423 87.0693 111.006 14.1411 32.8845 26.6515 17.7005 26.7837 30.2287 55.8773 83.358 125.4949 66.7603 198.7081 74.8621 92.8845 98.4298 89.3288 71.0225 8.8838 76.7305 73.098 87.2282 99.9741 72.9909 13.1418 1097.858 638.6709 638.6709 614.6425 100.2838 297.7627 182.8121 209.3025 272.4996 933.633 291.9124 456.8058 267.7878 112.7569 364.7987 177.1096 243.4988 943.3583;
	3.6328 49.0871 88.8889 114.068 14.1374 32.678 27.6932 17.7337 27.643 29.6418 54.7924 81.7394 123.0582 68.7788 200.1943 75.422 93.5792 99.166 88.7354 72.1814 9.2311 76.2487 73.6878 86.1845 101.7519 74.092 13.3881 1058.989 657.9241 657.9241 583.0262 99.8505 295.7845 185.795 215.6308 280.7143 989.7362 264.9115 456.613 272.5498 115.8687 362.5082 181.2216 247.4472 1000.046;
	3.4129 46.1155 86.3411 109.3181 13.9312 32.5011 24.9287 16.6584 26.2008 29.2471 54.0627 80.651 121.4196 67.5162 199.9928 75.3461 93.485 99.0662 92.3483 71.8972 8.3096 75.836 72.848 86.1926 99.1166 71.3798 12.3313 1015.0872 706.2728 706.2728 670.8782 103.4372 307.8277 185.0635 211.6723 301.3431 1098.1907 279.0548 439.2235 265.4908 115.9777 360.546 176.8401 195.5443 1109.6301;
	3.6147 48.842 88.9047 102.1788 14.0041 31.8338 26.618 12.7671 27.3616 28.3841 52.4675 78.2712 117.8369 68.1188 194.4318 73.251 90.8855 96.3115 89.4425 70.1339 8.8727 74.2789 70.2265 83.3346 97.2942 59.6613 11.0457 1110.1904 689.8927 689.8927 678.1261 101.8247 298.1417 180.5248 213.5616 294.3542 1124.5656 278.1421 457.8327 260.6095 116.403 353.1433 183.8255 235.5156 1136.2798;
