function loadprofile = ex_load_profilesh1
%EX_LOAD_PROFILE  Example load profile data file for stochastic unit commitment.
% 2022.03.12
% Andres F. Ramirez

%% define constants
[CT_LABEL, CT_PROB, CT_TABLE, CT_TBUS, CT_TGEN, CT_TBRCH, CT_TAREABUS, ...
    CT_TAREAGEN, CT_TAREABRCH, CT_ROW, CT_COL, CT_CHGTYPE, CT_REP, ...
    CT_REL, CT_ADD, CT_NEWVAL, CT_TLOAD, CT_TAREALOAD, CT_LOAD_ALL_PQ, ...
    CT_LOAD_FIX_PQ, CT_LOAD_DIS_PQ, CT_LOAD_ALL_P, CT_LOAD_FIX_P, ...
    CT_LOAD_DIS_P, CT_TGENCOST, CT_TAREAGENCOST, CT_MODCOST_F, ...
    CT_MODCOST_X] = idx_ct;

loadprofile = struct( ...
    'type', 'mpcData', ...
    'table', CT_TAREALOAD, ...
    'rows', [1:11], ...
    'col', CT_LOAD_ALL_P, ...
    'chgtype', 1, ...
    'values', [] );
loadprofile.values(:,1,:) = [
	1597.3473 938.9714 1579.4645 550.8 794.5009 1191.7775 939.8514 262.6 582.0754 4622.1354 1787.0224;
	1567.7828 930.9 1593.0339 553.4877 796.3408 1189.8409 932.7125 260.8 568.9204 4574.2507 1775.4946;
	1595.4621 950.591 1598.0287 562.5668 786.8 1175.8 935.5956 260.6 579.1028 4559.9586 1781.6082;
	1674.3016 1029.7213 1753.186 571.8638 855.4 1274.512 998.874 292.5478 614.4157 4880.8641 1932.2;
	1829.8577 1142.9561 1931.1816 587.0 975.7885 1398.0832 1079.5269 342.6387 685.3119 5412.1116 2193.9508;
	1929.2438 1223.6187 2036.1648 608.5169 1029.0247 1433.7058 1120.0523 359.6 731.0497 5857.8174 2266.2619;
	1964.2047 1265.1061 2043.9529 603.9385 1056.7546 1461.7961 1134.3512 352.6446 729.0351 6124.0627 2280.5218;
	2021.9279 1279.6183 2032.2248 578.0808 1021.705 1424.2731 1111.2725 325.0 698.0241 6169.8084 2226.3076;
	2018.5935 1300.4496 2007.0228 591.0 1011.9348 1397.6144 1116.9205 312.0455 710.4 6223.4546 2228.7608;
	2003.5484 1274.8956 1982.2118 586.937 1030.7506 1409.9709 1116.6986 306.0177 687.8786 6234.9878 2279.7672;
	2040.91 1271.528 2009.4818 603.4 1035.6797 1464.0083 1127.3968 321.6159 687.3492 6130.806 2223.7304;
	1986.5224 1243.2751 1977.7828 594.4 979.4385 1365.822 1062.5803 297.2202 677.8235 5995.3 2183.7563;
	1991.6541 1240.8266 1994.4084 606.8665 985.865 1341.904 1041.6073 321.0 664.535 6094.0172 2073.2683;
	1988.4762 1226.2033 1992.9964 615.549 958.5104 1355.7 1036.3771 328.5224 702.5958 6254.5046 2120.4258;
	1956.6005 1227.3635 1991.1798 610.6586 960.0308 1411.8281 1054.7309 325.8469 727.3526 6293.4506 2262.7668;
	1950.313 1228.8095 2007.5624 602.4128 972.3602 1415.8039 1066.4157 315.8323 696.5704 6220.2692 2264.5797;
	1999.0 1240.5692 2033.4817 614.7647 1025.7 1489.0775 1114.8 327.8692 720.5391 6125.7838 2395.4931;
	2013.6257 1233.8 2063.448 629.5553 1080.9798 1567.9551 1179.1 344.9323 754.7848 6229.7259 2575.0848;
	2013.4732 1231.4272 2073.5882 623.8 1024.8663 1504.1289 1151.9913 333.0093 730.8735 5904.6395 2468.103;
	1925.2338 1181.7 1964.6875 613.1482 937.984 1425.8428 1103.0 330.0558 690.1582 5532.3006 2325.8521;
	1830.6155 1113.3313 1844.7268 584.2925 903.4388 1302.4773 1009.716 305.7425 631.7419 5295.2454 2117.7095;
	1765.0514 1055.698 1787.7002 582.2207 854.6933 1242.8841 962.6313 277.4 586.1963 5101.6376 1953.8272;
	1604.1287 981.2 1727.5146 595.0 875.1 1209.4846 944.3499 260.9 566.2321 4845.4632 1817.8461;
	1556.2 967.6414 1670.5682 586.9784 831.5644 1179.9 919.6821 261.0182 586.2858 4671.3563 1770.3168;
];
