function solarprofile = ex_solar_profilesh1
%EX_WIND_PROFILE_D  Example wind_load_nyiso profile data for deterministic unit commitment.
% 2022.03.12
% Andres F. Ramirez


%% define constants
[GEN_BUS, PG, QG, QMAX, QMIN, VG, MBASE, GEN_STATUS, PMAX, PMIN, ...
    MU_PMAX, MU_PMIN, MU_QMAX, MU_QMIN, PC1, PC2, QC1MIN, QC1MAX, ...
    QC2MIN, QC2MAX, RAMP_AGC, RAMP_10, RAMP_30, RAMP_Q, APF] = idx_gen;
[CT_LABEL, CT_PROB, CT_TABLE, CT_TBUS, CT_TGEN, CT_TBRCH, CT_TAREABUS, ...
    CT_TAREAGEN, CT_TAREABRCH, CT_ROW, CT_COL, CT_CHGTYPE, CT_REP, ...
    CT_REL, CT_ADD, CT_NEWVAL, CT_TLOAD, CT_TAREALOAD, CT_LOAD_ALL_PQ, ...
    CT_LOAD_FIX_PQ, CT_LOAD_DIS_PQ, CT_LOAD_ALL_P, CT_LOAD_FIX_P, ...
    CT_LOAD_DIS_P, CT_TGENCOST, CT_TAREAGENCOST, CT_MODCOST_F, ...
    CT_MODCOST_X] = idx_ct;

solarprofile = struct( ...
    'type', 'mpcData', ...
    'table', CT_TGEN, ...
    'rows', [1:12], ...
    'col', PMAX, ...
    'chgtype', 1, ...
    'values', [] );
solarprofile.values(:,1,:) = [
	0.0 0.0 0.0 0.0 0.0 0.0 0.0 0.0 0.0 0.0 0.0 0.0;
	0.0 0.0 0.0 0.0 0.0 0.0 0.0 0.0 0.0 0.0 0.0 0.0;
	0.0 0.0 0.0 0.0 0.0 0.0 0.0 0.0 0.0 0.0 0.0 0.0;
	0.0 0.0 0.0 0.0 0.0 0.0 0.0 0.0 0.0 0.0 0.0 0.0;
	0.0 0.0 0.0 0.0 0.0 0.0 0.0 0.0 0.0 0.0 0.0 0.0;
	0.0 0.0117 0.002 0.0 0.0 0.0 0.0 0.0 0.0 0.0 0.0 0.0;
	17.7985 15.6866 10.1967 3.1445 3.5442 73.8704 9.2338 7.5442 44.1065 70.462 39.9756 127.607;
	23.9014 16.9213 13.1595 9.0621 8.9673 335.1511 41.8939 56.8034 166.3436 146.3448 58.6584 265.0313;
	24.5618 16.8272 13.8 10.8888 10.3771 386.7051 48.3381 66.8961 197.5193 207.7643 115.8781 376.2623;
	26.334 16.6083 13.1568 10.8402 4.6938 295.123 36.8904 59.3898 196.9619 129.5435 146.4658 234.6041;
	26.0627 16.6083 13.1508 10.5647 4.5551 251.0464 31.3808 61.3258 159.1712 150.7472 164.8617 273.0041;
	25.9948 16.5974 13.6248 10.9964 5.9032 263.0562 32.882 64.9917 159.4612 134.7207 153.9799 243.98;
	26.3192 16.6083 13.8 11.5897 9.2893 393.3809 49.1726 74.0248 225.5492 82.1328 125.5065 148.743;
	23.3855 16.6083 13.8 11.5856 9.6964 413.6391 51.7049 76.5951 247.6087 96.7648 117.3905 175.2417;
	18.2785 14.9075 12.5035 9.164 8.8351 403.5655 50.4457 75.1023 251.2104 103.2252 116.0196 186.9415;
	9.6424 8.044 6.5814 5.3885 3.9222 273.3455 34.1682 57.144 173.7362 70.6189 58.9392 127.8913;
	0.8951 0.7483 0.4777 2.0961 2.9409 63.1743 7.8968 13.5391 32.4458 20.8781 18.4514 37.8103;
	0.0 0.0 0.0 0.0 0.0 0.0 0.0 0.0 0.0 0.0 0.0 0.0;
	0.0 0.0 0.0 0.0 0.0 0.0 0.0 0.0 0.0 0.0 0.0 0.0;
	0.0 0.0 0.0 0.0 0.0 0.0 0.0 0.0 0.0 0.0 0.0 0.0;
	0.0 0.0 0.0 0.0 0.0 0.0 0.0 0.0 0.0 0.0 0.0 0.0;
	0.0 0.0 0.0 0.0 0.0 0.0 0.0 0.0 0.0 0.0 0.0 0.0;
	0.0 0.0 0.0 0.0 0.0 0.0 0.0 0.0 0.0 0.0 0.0 0.0;
	0.0 0.0 0.0 0.0 0.0 0.0 0.0 0.0 0.0 0.0 0.0 0.0;
];
