function windprofile = ex_wind_profilesh1
%EX_WIND_PROFILE_D  Example wind_load_nyiso profile data for deterministic unit commitment.
% 2022.03.12
% Andres F. Ramirez


%% define constants
[GEN_BUS, PG, QG, QMAX, QMIN, VG, MBASE, GEN_STATUS, PMAX, PMIN, ...
    MU_PMAX, MU_PMIN, MU_QMAX, MU_QMIN, PC1, PC2, QC1MIN, QC1MAX, ...
    QC2MIN, QC2MAX, RAMP_AGC, RAMP_10, RAMP_30, RAMP_Q, APF] = idx_gen;
[CT_LABEL, CT_PROB, CT_TABLE, CT_TBUS, CT_TGEN, CT_TBRCH, CT_TAREABUS, ...
    CT_TAREAGEN, CT_TAREABRCH, CT_ROW, CT_COL, CT_CHGTYPE, CT_REP, ...
    CT_REL, CT_ADD, CT_NEWVAL, CT_TLOAD, CT_TAREALOAD, CT_LOAD_ALL_PQ, ...
    CT_LOAD_FIX_PQ, CT_LOAD_DIS_PQ, CT_LOAD_ALL_P, CT_LOAD_FIX_P, ...
    CT_LOAD_DIS_P, CT_TGENCOST, CT_TAREAGENCOST, CT_MODCOST_F, ...
    CT_MODCOST_X] = idx_ct;

windprofile = struct( ...
    'type', 'mpcData', ...
    'table', CT_TGEN, ...
    'rows', [1:45], ...
    'col', PMAX, ...
    'chgtype', 1, ...
    'values', [] );
windprofile.values(:,1,:) = [
	3.8431 51.9293 94.2396 112.4919 15.0828 34.2935 26.4985 18.2059 27.5246 30.7735 56.8843 84.8602 127.7565 63.5047 200.9428 75.704 93.9291 99.5368 36.065 70.0564 8.8328 80.0181 72.2874 89.8023 105.6805 74.9763 13.6604 1081.0518 685.2712 685.2712 588.2546 103.0478 120.2167 180.3254 199.0959 292.3824 1090.1888 229.5756 454.3878 283.0727 115.3699 380.429 144.0757 263.751 1101.545;
	3.8749 52.3577 95.2938 120.7414 15.0707 34.7462 28.258 18.7551 27.7459 30.8382 57.0039 85.0386 128.0251 64.036 196.3399 73.9699 91.7775 97.2567 33.6187 71.1369 9.4193 81.0745 70.3572 90.0624 106.4178 75.7995 13.7928 1104.6618 710.4908 710.4908 575.777 95.3542 112.0624 183.1066 200.7616 303.1427 1110.3206 219.7748 458.2692 285.0478 117.8607 385.4512 142.0559 272.9145 1121.8865;
	3.8696 52.2869 94.5394 68.3576 15.1677 34.765 28.2171 18.402 27.5624 29.746 54.9849 82.0267 123.4908 65.6796 201.7612 76.0124 94.3117 99.9422 36.3007 70.0767 9.4057 81.1183 67.2174 89.8876 106.4594 74.9571 13.8214 1139.1191 730.1057 730.1057 575.4029 101.1854 121.0023 180.3776 205.9146 311.5118 1180.151 217.0449 449.3019 285.1591 118.9624 385.6595 136.4373 265.7449 1192.4442;
	3.853 52.0627 93.3702 82.7525 14.9069 34.5309 27.4016 18.3041 27.4957 28.929 53.4748 79.7739 120.0991 65.2846 202.4231 76.2617 94.621 100.27 44.0339 71.6097 9.1339 80.5721 59.6992 87.7018 105.8029 74.403 13.5602 1234.513 759.5267 759.5267 563.2034 93.455 146.7796 184.3235 204.6762 324.0647 1160.4147 237.9066 448.4924 283.4007 117.1759 383.0628 172.0108 261.6768 1172.5024;
	3.6612 49.4712 94.136 117.4486 15.0602 33.2674 22.5606 18.6626 27.4985 30.3561 56.1129 83.7093 126.024 66.4351 189.9225 71.5522 88.7777 94.0779 77.2091 68.6336 7.5202 77.6239 56.5073 88.6842 106.0847 74.258 13.5858 1205.0532 705.2337 705.2337 544.4596 94.0378 257.3637 176.6629 208.2831 300.8997 1192.1233 243.6873 436.0181 284.1554 120.9882 369.0464 181.6794 262.3672 1204.5413;
	3.7275 50.3665 88.1357 111.3994 14.4631 32.2349 26.0828 17.8831 26.1431 28.7852 53.209 79.3773 119.5021 65.2496 190.0673 71.6068 88.8454 94.1496 87.468 68.5326 8.6943 75.2147 51.3373 85.6816 103.0886 70.8358 13.4144 1182.8434 743.1879 743.1879 533.2689 93.128 291.5599 176.403 204.5664 317.0935 1096.0989 231.3589 436.4947 276.1302 113.8767 357.5924 185.9726 253.8014 1107.5166;
	3.6364 49.1358 88.2909 113.3623 14.083 31.413 27.0503 17.7519 26.2161 27.4616 50.7623 75.7274 114.0071 64.8146 188.6078 71.0569 88.1632 93.4266 86.6112 67.8643 9.0168 73.297 65.253 85.6141 100.5187 72.6398 13.1018 1184.9718 737.9414 737.9414 574.5722 91.4664 288.7039 174.6828 203.2027 314.855 1120.7477 239.9564 441.6556 269.2464 115.1764 348.4749 186.6858 247.325 1132.4221;
	3.684 49.7785 89.0365 114.6417 14.5499 31.8762 26.2771 18.0526 25.4208 25.5918 47.3061 70.5714 106.2448 64.8761 189.2736 71.3077 88.4744 93.7564 84.2703 67.469 8.759 74.3779 56.5286 86.5863 105.1101 71.6324 13.2796 1138.2098 718.3085 718.3085 530.5534 70.4229 280.9009 173.6653 203.3953 306.4783 1087.2556 231.0519 434.6275 281.545 113.8211 353.6139 180.6313 254.1598 1098.5811;
	3.9051 52.7659 94.6731 117.9811 15.208 33.7281 27.6744 18.3088 26.3525 30.111 55.6596 83.0332 125.0061 66.5151 196.3312 73.9666 91.7734 97.2524 89.2522 69.6914 9.2248 78.6989 70.6421 88.7635 105.1403 71.8766 13.2984 1168.3168 779.04 779.04 582.6621 64.015 297.5073 179.3859 208.5338 332.3904 1177.4515 258.7118 442.1332 281.6259 115.4371 374.1572 177.5956 278.0114 1189.7167;
	3.9043 52.7559 92.438 117.4767 14.6355 32.4014 27.6012 18.2834 22.5608 29.6892 54.8801 81.8703 123.2553 65.5637 194.5236 73.2856 90.9285 96.357 89.9332 69.2984 9.2004 75.6034 70.4186 87.7536 104.2299 70.8582 12.9767 1120.9441 783.121 783.121 665.1181 87.7312 299.7774 178.3743 205.5509 334.1316 1167.1396 306.869 442.7401 279.1873 118.671 359.4399 163.07 263.7658 1179.2973;
	3.8894 52.5541 94.8631 119.9882 14.5452 33.3646 25.04 18.6383 25.7384 30.7314 56.8065 84.7441 127.5818 66.8738 202.0681 76.128 94.4551 100.0942 89.6529 72.6529 8.3467 77.8507 72.8815 89.192 105.3826 72.0703 13.3494 1125.7009 774.8801 774.8801 655.3251 93.3967 298.8431 187.0087 209.6584 330.6155 1112.6462 306.1771 451.6658 282.2748 121.9316 370.1244 168.4539 264.1032 1124.2363;
	3.8631 52.1983 94.6848 119.4637 14.3525 33.1524 23.9479 18.8947 25.7543 29.6772 54.8578 81.8371 123.2053 68.732 201.5885 75.9473 94.2309 99.8566 89.5137 70.7237 7.9826 77.3556 71.7117 89.4891 106.2313 73.5543 13.4115 1126.1709 747.7916 747.7916 622.2309 100.2921 298.3789 182.0431 215.484 319.0578 1098.0277 283.0236 439.1723 284.5481 123.4262 367.7707 182.7376 270.8678 1109.4655;
	3.7731 50.9828 95.0125 120.4981 14.3796 33.1779 27.8909 18.8232 26.1595 30.061 55.5673 82.8955 124.7988 69.4064 201.3695 75.8648 94.1285 99.7481 88.2073 70.3668 9.297 77.4152 72.7753 90.0859 106.1819 74.4293 13.4577 1168.0861 796.8852 796.8852 653.5377 99.0264 294.0244 181.1242 217.5985 340.0043 1075.9067 293.1826 446.9223 284.4158 122.0379 368.054 159.8881 270.2869 1087.1141;
	3.7153 50.2019 95.0433 118.5179 14.5464 32.8868 27.4287 18.909 26.882 30.4101 56.2127 83.8583 126.2482 69.2734 198.2821 74.7016 92.6853 98.2188 89.0874 69.6037 9.1429 76.7359 73.6077 89.6594 106.0251 73.5688 13.5073 1141.4695 745.555 745.555 684.1577 99.223 296.9581 179.1602 217.1814 318.1035 1048.7534 303.0774 468.9649 283.9957 120.2276 364.8244 152.0247 265.2949 1059.6779;
	3.6891 49.8481 94.9768 116.7487 14.263 32.1688 24.9892 18.8437 26.5811 30.7396 56.8216 84.7667 127.6157 69.3595 195.2129 73.5453 91.2507 96.6985 85.7393 69.8639 8.3297 75.0605 71.0742 89.6925 105.761 74.7406 13.6207 1071.9542 720.9978 720.9978 658.9643 96.2874 285.7978 179.8298 217.4514 307.6257 954.7052 309.8291 465.5654 283.2883 120.775 356.8593 173.7319 258.7131 964.65;
	3.5601 48.1045 93.0253 113.4895 13.9852 31.7395 25.2525 17.7436 25.6738 29.6391 54.7874 81.732 123.0471 69.5975 193.6514 72.9571 90.5208 95.925 83.9843 68.2874 8.4175 74.0588 72.7914 86.086 102.4649 72.3797 13.0294 1161.8191 743.6602 743.6602 643.3182 100.7862 279.9475 175.7719 218.1976 317.295 1054.1352 300.82 459.9321 274.4596 115.6832 352.0967 171.9974 246.2794 1065.1157;
	3.5089 47.4126 92.0861 114.3927 14.1055 31.0083 22.4795 16.7296 25.8454 30.1395 55.7124 83.112 125.1246 69.8043 189.3825 71.3487 88.5253 93.8104 86.7016 70.5864 7.4932 72.3527 74.5114 88.1891 103.5599 70.83 11.6889 1032.9364 705.0069 705.0069 612.7101 93.0681 289.0053 181.6895 218.846 300.803 1024.3712 252.5913 445.7601 277.3925 115.0644 343.9852 173.3286 227.6829 1035.0417;
	3.7436 50.5841 91.3889 112.5245 14.6978 31.0353 24.0913 12.7544 26.8402 30.5862 56.5381 84.3438 126.9791 69.7214 192.7668 72.6238 90.1073 95.4868 91.0486 69.3598 8.0304 72.4157 74.804 85.1808 98.6212 59.1991 10.3152 1209.5964 716.7903 716.7903 623.6395 93.4429 303.4953 178.5324 218.5859 305.8305 1129.5103 273.2207 471.2554 264.1639 113.4536 344.2848 191.5219 245.4567 1141.276;
