function windprofile = ex_wind_profilesh1
%EX_WIND_PROFILE_D  Example wind_load_nyiso profile data for deterministic unit commitment.
% 2022.03.12
% Andres F. Ramirez


%% define constants
[GEN_BUS, PG, QG, QMAX, QMIN, VG, MBASE, GEN_STATUS, PMAX, PMIN, ...
    MU_PMAX, MU_PMIN, MU_QMAX, MU_QMIN, PC1, PC2, QC1MIN, QC1MAX, ...
    QC2MIN, QC2MAX, RAMP_AGC, RAMP_10, RAMP_30, RAMP_Q, APF] = idx_gen;
[CT_LABEL, CT_PROB, CT_TABLE, CT_TBUS, CT_TGEN, CT_TBRCH, CT_TAREABUS, ...
    CT_TAREAGEN, CT_TAREABRCH, CT_ROW, CT_COL, CT_CHGTYPE, CT_REP, ...
    CT_REL, CT_ADD, CT_NEWVAL, CT_TLOAD, CT_TAREALOAD, CT_LOAD_ALL_PQ, ...
    CT_LOAD_FIX_PQ, CT_LOAD_DIS_PQ, CT_LOAD_ALL_P, CT_LOAD_FIX_P, ...
    CT_LOAD_DIS_P, CT_TGENCOST, CT_TAREAGENCOST, CT_MODCOST_F, ...
    CT_MODCOST_X] = idx_ct;

windprofile = struct( ...
    'type', 'mpcData', ...
    'table', CT_TGEN, ...
    'rows', [1:45], ...
    'col', PMAX, ...
    'chgtype', 1, ...
    'values', [] );
windprofile.values(:,1,:) = [
	3.8979 52.6692 93.8719 108.8238 14.4596 32.8859 27.7269 18.9074 27.5844 30.3517 56.1047 83.6972 126.0057 66.4984 200.4094 75.5031 93.6798 99.2726 35.4748 70.1232 9.2423 76.7339 72.2176 89.8547 106.0761 74.3021 13.5734 1158.8548 690.6677 690.6677 592.284 111.248 118.2494 180.4972 208.4816 294.6849 1128.9072 228.5988 474.6589 284.1325 113.9421 364.8148 141.51 280.2821 1140.6667;
	3.8139 51.5338 94.9865 117.4382 14.2457 33.4145 28.7003 18.97 26.9404 29.5783 54.675 81.5644 122.7948 66.5953 192.687 72.5937 90.07 95.4473 31.079 71.3748 9.5668 77.9671 68.6464 89.6994 106.1544 73.5669 13.6696 1208.1759 726.4822 726.4822 604.0134 112.702 103.5968 183.719 208.7853 309.9657 1183.3673 236.6715 464.5825 284.3422 118.0475 370.6781 137.4973 285.0871 1195.694;
	3.8908 52.5732 95.3828 70.0243 14.5543 33.8215 29.0278 19.0966 27.4854 29.8708 55.2158 82.3711 124.0092 66.7977 193.3923 72.8594 90.3997 95.7967 33.2756 70.2006 9.6759 78.9169 67.1759 90.1799 106.7337 74.5899 14.0115 1171.1975 700.8798 700.8798 572.5114 110.3552 110.9186 180.6965 209.4198 299.0421 1199.9073 226.4476 462.6486 285.8937 119.6778 375.1935 137.7752 286.2425 1212.4063;
	3.8414 51.9059 95.2782 87.8394 14.7225 33.6274 27.6664 19.1292 27.2647 29.5486 54.6202 81.4826 122.6716 66.159 194.4486 73.2574 90.8934 96.3199 44.5748 70.4844 9.2221 78.464 57.429 89.9175 106.4288 75.2162 14.0727 1231.8327 740.0397 740.0397 550.6798 104.6435 148.5827 181.4272 207.4175 315.7503 1141.2472 238.5097 463.9025 285.0772 117.2449 373.0403 173.0061 285.5634 1153.1352;
	3.5776 48.3407 94.1128 118.6032 14.4634 33.0477 23.5782 18.8844 27.6059 30.1011 55.6414 83.006 124.9651 67.7263 190.0679 71.607 88.8457 94.1499 80.8839 70.1972 7.8594 77.1112 54.465 87.257 104.2365 74.5111 13.8062 1257.1933 714.6066 714.6066 542.0102 101.5438 269.6131 180.6878 212.331 304.8988 1199.0367 242.8025 473.9446 279.2048 116.5737 366.6088 178.3903 276.7929 1211.5267;
	3.7561 50.7527 93.6503 116.5049 14.5484 33.2521 27.5057 18.7057 27.628 31.3156 57.8865 86.3552 130.0073 66.3358 194.363 73.2251 90.8534 96.2775 92.7988 71.3303 9.1686 77.5883 71.4103 86.89 104.0611 73.9383 13.8814 1260.6508 718.7188 718.7188 496.0922 95.8911 309.3293 183.6043 207.9717 306.6533 1111.6345 211.0915 469.8938 278.7351 118.54 368.877 193.359 274.472 1123.214;
	3.8521 52.0508 94.2135 118.4375 15.1749 33.4006 27.9445 18.7582 27.4271 31.3307 57.9143 86.3968 130.0699 66.289 192.3301 72.4592 89.9031 95.2705 91.391 70.414 9.3148 77.9347 74.9139 89.1005 104.4165 76.2856 13.6454 1287.1771 714.0772 714.0772 518.6623 94.4833 304.6367 181.2457 207.8249 304.673 1142.9149 223.3363 463.7134 279.687 123.1172 370.5236 195.3957 281.3952 1154.8203;
	3.7228 50.3028 90.4348 117.1689 15.018 33.4302 26.8368 18.1547 27.2142 31.2872 57.8338 86.2767 129.8891 63.596 194.3597 73.2239 90.8518 96.2758 90.0032 70.134 8.9456 78.0037 75.0026 87.4877 104.6736 74.9823 13.4784 1130.6862 657.3508 657.3508 496.2784 78.21 300.0107 180.5251 199.3819 280.4697 995.1178 210.9738 444.572 280.3757 118.7205 370.852 179.8442 265.6986 1005.4837;
	3.7867 51.1673 92.0129 118.9394 15.0441 34.8201 28.231 18.1223 26.9143 30.2791 55.9705 83.497 125.7043 67.2336 189.4812 71.3859 88.5714 93.8593 89.0125 68.9206 9.4103 81.2469 71.401 87.7442 102.9591 75.232 13.2586 1218.1492 718.4424 718.4424 563.6793 76.8449 296.7082 177.4017 210.7865 306.5354 1125.8271 249.6843 451.8647 275.7832 118.772 386.2709 173.3062 277.6508 1137.5545;
	3.6856 49.8002 91.9215 115.9724 14.8772 33.5477 27.7898 18.2773 26.1099 30.5442 56.4605 84.2279 126.8047 65.3028 186.4742 70.2531 87.1658 92.3698 88.7427 67.816 9.2633 78.278 71.3998 88.5169 102.1956 73.565 13.5191 1123.3544 677.2409 677.2409 557.5296 78.3057 295.809 174.5584 204.7331 288.9561 1052.0056 245.9145 445.4597 273.7382 118.7431 372.1561 150.4576 278.3365 1062.964;
	3.635 49.1165 91.784 117.4136 14.8456 33.0216 25.8844 18.5919 25.8755 28.9118 53.4431 79.7265 120.0279 61.8803 194.1459 73.1433 90.7519 96.1699 86.2491 69.6792 8.6281 77.0503 72.2964 87.756 100.1025 73.2099 13.7081 1093.933 634.9951 634.9951 536.2336 81.5597 287.497 179.3545 194.0031 270.9312 941.925 250.1855 438.9586 268.1317 115.5531 366.3192 154.9538 276.7084 951.7368;
	3.6606 49.4626 87.7235 112.1272 14.6673 32.8281 23.8599 17.8323 24.1109 28.5417 52.7589 78.7059 118.4912 65.0889 188.8777 71.1586 88.2894 93.5604 87.3016 69.0737 7.9533 76.599 72.3012 87.3885 98.6521 71.5435 13.3176 1086.2148 687.1859 687.1859 568.1255 85.9432 291.0055 177.7959 204.0626 293.1993 957.8705 252.2944 434.6108 264.2468 112.8794 364.1735 170.3431 265.7142 967.8483;
	3.6894 49.8519 88.4966 116.1074 14.7567 32.9647 27.0317 18.3343 24.1425 29.7747 55.038 82.1059 123.61 66.048 192.5865 72.5559 90.023 95.3975 85.5071 69.4637 9.0106 76.9176 72.1089 89.6873 102.338 73.1705 13.82 1048.9185 678.3103 678.3103 587.2321 99.5626 285.0238 178.7996 207.0694 289.4124 891.7796 265.4055 435.1287 274.1197 116.4932 365.6882 155.6764 263.5185 901.0689;
	3.5809 48.3852 88.081 114.0153 14.1942 27.0513 25.4483 18.654 14.8703 28.4064 52.5087 78.3327 117.9295 64.759 196.3885 73.9882 91.8002 97.2808 89.3724 71.1538 8.4828 63.1198 72.791 89.9305 104.6736 71.6575 13.8368 1008.9999 610.9463 610.9463 497.4943 90.3484 297.908 183.1501 203.0281 260.6704 825.3966 262.4709 432.3397 280.3758 114.7492 300.0895 129.5764 266.8488 833.9944;
	3.4511 46.6316 89.4872 111.0451 14.3709 30.5585 24.1741 18.9797 25.4862 29.9085 55.2854 82.475 124.1656 65.7431 194.8031 73.3909 91.0591 96.4955 87.5249 70.8748 8.058 71.3032 72.3583 89.6905 105.2277 74.2001 14.0375 873.4303 620.3076 620.3076 555.3614 77.243 291.7496 182.4318 206.1134 264.6646 726.139 276.6852 435.5076 281.86 118.7315 338.9959 155.7612 257.9113 733.7029;
	3.2187 43.4911 88.6935 110.4148 14.3279 30.7893 21.2208 18.7506 23.9186 29.7285 54.9527 81.9786 123.4183 62.6321 197.7113 74.4866 92.4186 97.9361 85.8953 70.4456 7.0736 71.8417 74.1537 89.5773 104.4279 74.4696 14.0572 923.6703 649.9647 649.9647 590.8603 80.2877 286.3178 181.3272 196.3602 277.3183 796.7169 283.5234 401.2096 279.7176 114.8336 341.556 154.882 255.2414 805.016;
	2.819 38.0914 89.344 114.0058 14.7136 31.9602 22.7121 18.5618 25.8273 30.277 55.9666 83.4911 125.6954 63.2485 198.7572 74.8806 92.9074 98.4541 91.036 72.1168 7.5707 74.5739 73.6845 89.9634 105.1005 74.6722 13.5043 906.0409 665.7923 665.7923 572.141 87.8083 303.4533 185.6288 198.2927 284.0714 934.5155 274.1876 388.1118 281.5193 118.2188 354.5455 170.2713 234.7034 944.25;
	3.5663 48.1886 89.4793 110.0065 14.7796 27.5927 23.9889 16.3137 25.9026 29.3091 54.1775 80.8222 121.6773 64.5532 197.1239 74.2653 92.144 97.6451 89.589 71.3789 7.9963 64.383 70.6093 89.6896 104.2267 67.5042 12.426 1114.6864 685.6785 685.6785 622.7533 96.3511 298.63 183.7294 202.383 292.5562 1013.5196 300.9989 393.3518 279.1787 117.3238 306.0952 177.6715 246.433 1024.0771;
