function windprofile = ex_wind_profilesh1
%EX_WIND_PROFILE_D  Example wind_load_nyiso profile data for deterministic unit commitment.
% 2022.03.12
% Andres F. Ramirez


%% define constants
[GEN_BUS, PG, QG, QMAX, QMIN, VG, MBASE, GEN_STATUS, PMAX, PMIN, ...
    MU_PMAX, MU_PMIN, MU_QMAX, MU_QMIN, PC1, PC2, QC1MIN, QC1MAX, ...
    QC2MIN, QC2MAX, RAMP_AGC, RAMP_10, RAMP_30, RAMP_Q, APF] = idx_gen;
[CT_LABEL, CT_PROB, CT_TABLE, CT_TBUS, CT_TGEN, CT_TBRCH, CT_TAREABUS, ...
    CT_TAREAGEN, CT_TAREABRCH, CT_ROW, CT_COL, CT_CHGTYPE, CT_REP, ...
    CT_REL, CT_ADD, CT_NEWVAL, CT_TLOAD, CT_TAREALOAD, CT_LOAD_ALL_PQ, ...
    CT_LOAD_FIX_PQ, CT_LOAD_DIS_PQ, CT_LOAD_ALL_P, CT_LOAD_FIX_P, ...
    CT_LOAD_DIS_P, CT_TGENCOST, CT_TAREAGENCOST, CT_MODCOST_F, ...
    CT_MODCOST_X] = idx_ct;

windprofile = struct( ...
    'type', 'mpcData', ...
    'table', CT_TGEN, ...
    'rows', [1:45], ...
    'col', PMAX, ...
    'chgtype', 1, ...
    'values', [] );
windprofile.values(:,1,:) = [
	3.8869 52.5203 95.1821 115.0241 15.3604 34.8447 27.1404 19.0569 27.3624 29.0216 53.646 80.0293 120.4837 66.4738 195.5086 73.6567 91.3889 96.845 38.2873 70.4323 9.0468 81.3042 73.3622 89.9744 106.3475 75.3426 13.7684 1170.6052 690.3153 690.3153 590.4022 114.2219 127.6243 181.293 208.4045 294.5345 1120.5649 226.8178 461.5848 284.8593 123.1407 386.5435 152.8227 273.3799 1132.2375;
	3.8093 51.4721 94.4563 118.4048 15.3058 34.1858 26.819 18.3606 27.1178 28.3645 52.4313 78.2172 117.7555 68.5875 193.7506 72.9944 90.5672 95.9742 34.6575 72.0095 8.9397 79.7668 70.7131 89.2408 103.5573 72.9681 13.0852 1179.8988 715.5113 715.5113 584.5497 112.5733 115.5251 185.3525 215.0311 305.2848 1160.6057 223.6142 449.7263 277.3856 123.0 379.2343 146.6921 267.5452 1172.6954;
	3.8304 51.7568 94.5824 68.3023 15.2747 34.5293 28.3407 18.1247 28.03 28.7933 53.224 79.3997 119.5358 69.36 197.412 74.3738 92.2786 97.7878 37.7621 71.2084 9.4469 80.5684 71.3067 89.0602 104.1694 72.6673 13.432 1224.7353 730.1434 730.1434 552.8548 114.1242 125.8738 183.2905 217.453 311.5278 1224.6562 215.8586 451.5298 279.0251 121.614 383.0452 150.1463 269.5187 1237.413;
	3.8467 51.9773 94.9339 85.6824 15.2999 34.7107 29.6369 18.7845 28.4867 28.8984 53.4183 79.6896 119.9723 69.7717 203.3006 76.5923 95.0312 100.7047 45.7304 72.5501 9.879 80.9916 68.8123 89.6971 104.0724 75.0864 13.5792 1230.4309 753.1477 753.1477 560.8277 101.8215 152.4347 186.7442 218.7436 321.343 1155.2817 233.7827 460.8768 278.7654 120.6969 385.0571 182.0906 277.0771 1167.3159;
	3.704 50.0496 94.8935 118.7212 15.14 34.198 25.5135 18.768 28.4834 29.4101 54.364 81.1004 122.0963 69.5213 195.5896 73.6872 91.4268 96.8851 80.7042 70.9376 8.5045 79.7953 60.3305 89.7729 105.7727 74.7991 13.633 1201.243 711.7403 711.7403 553.6623 106.591 269.0141 182.5936 217.9587 303.6759 1224.4626 248.256 458.9883 283.3198 119.7949 379.3695 190.6241 280.8724 1237.2174;
	3.9199 52.9663 94.0948 117.9304 15.0604 34.3968 29.4241 18.8355 28.3372 30.9346 57.1822 85.3046 128.4256 69.3984 203.2214 76.5625 94.9942 100.6655 89.7073 72.9584 9.808 80.2592 72.6043 89.386 105.7408 73.2829 14.0298 1254.9034 736.4488 736.4488 544.3719 103.0649 299.0243 187.795 217.5735 314.2182 1144.3467 233.3224 453.152 283.2344 117.5602 381.5753 199.5524 279.1497 1156.267;
	3.929 53.0898 95.2629 119.5554 15.1194 34.1389 28.4009 18.4537 28.1669 30.9681 57.244 85.3968 128.5645 68.7734 201.0846 75.7574 93.9953 99.607 91.3972 73.2755 9.467 79.6575 74.5713 89.7296 105.9476 75.4345 13.8799 1307.2496 740.1421 740.1421 581.1825 101.5167 304.6573 188.6113 215.614 315.794 1152.0448 253.0391 460.4973 283.7882 117.7426 378.7144 205.3468 275.8377 1164.0453;
	3.8942 52.6191 94.7696 117.6069 15.0126 33.9103 28.6831 18.3069 28.2667 30.0319 55.5135 82.8152 124.6778 66.9541 199.9944 75.3467 93.4858 99.067 91.1184 71.1079 9.561 79.1239 73.5282 88.9445 106.2704 74.4858 13.6983 1173.0328 712.7952 712.7952 558.8769 85.7391 303.7279 183.0319 209.9103 304.1259 1076.2221 241.675 462.7094 284.6528 115.7626 376.1778 200.1099 274.6099 1087.4327;
	3.9194 52.9599 95.3636 120.6911 15.2817 34.8793 30.3954 18.6747 28.4761 30.8784 57.0783 85.1496 128.1923 68.8341 199.5712 75.1873 93.2879 98.8574 91.537 70.4434 10.1318 81.385 73.7943 89.9677 106.3058 75.4104 13.7721 1252.5505 782.1516 782.1516 614.3901 83.0202 305.1235 181.3216 215.8041 333.718 1188.3921 277.3391 476.6903 284.7476 118.3134 386.9276 194.829 282.746 1200.7712;
	3.725 50.3332 93.0411 117.5408 14.8075 33.4481 29.8486 17.921 28.1825 30.7133 56.7731 84.6942 127.5067 68.6355 197.9811 74.5882 92.5446 98.0697 90.6336 69.8148 9.9495 78.0455 72.7562 89.5036 103.9456 72.6951 13.0271 1211.3796 752.229 752.229 673.802 91.8082 302.1121 179.7035 215.1816 320.951 1173.8076 297.8518 465.9683 278.4256 121.2995 371.0505 167.4636 277.2594 1186.0348;
	3.6235 48.9609 91.7162 114.8043 14.3165 31.9396 26.996 17.7153 26.9568 30.1409 55.7151 83.1159 125.1305 67.0223 197.4808 74.3997 92.3108 97.8219 86.3323 70.7012 8.9987 74.5258 73.2121 88.334 100.2002 72.1382 12.9935 1156.8627 737.7404 737.7404 660.0196 92.8439 287.7744 181.9852 210.124 314.7692 1084.4725 295.7861 470.0514 268.3935 117.1837 354.3172 161.7693 277.0615 1095.769;
	3.7757 51.0186 93.6016 115.5566 14.5407 32.4549 26.445 17.9574 27.7978 30.9 57.1181 85.209 128.2817 68.8494 200.3793 75.4918 93.6657 99.2577 88.2609 71.0389 8.815 75.7282 73.458 88.9128 103.3046 73.5667 13.1007 1082.6618 745.9616 745.9616 660.599 96.0452 294.203 182.8544 215.8523 318.2769 1074.8974 278.6679 477.6296 276.7087 118.0829 360.0336 186.9545 279.7625 1086.0942;
	3.7787 51.0589 92.9001 116.2148 14.1721 32.8151 27.8869 18.3213 27.131 31.1359 57.5543 85.8597 129.2612 68.75 200.0877 75.3819 93.5294 99.1132 84.8914 70.6991 9.2956 76.5687 73.456 89.3011 104.0872 75.0613 13.3576 1051.5539 733.6738 733.6738 687.9422 99.2112 282.9714 181.9797 215.5406 313.0342 970.3767 282.6373 470.9849 278.805 121.2354 364.0293 157.9671 267.9439 980.4848;
	3.8511 52.0375 91.3933 112.2534 14.7795 32.5246 27.0923 18.046 27.5876 30.8123 56.956 84.9672 127.9176 68.9238 203.2826 76.5856 95.0228 100.6958 90.3757 71.7923 9.0308 75.8907 73.7896 88.3454 101.7744 74.0363 13.1425 1020.2 717.3788 717.3788 711.2893 100.3533 301.2524 184.7936 216.0853 306.0816 995.3525 302.5603 469.1445 272.6099 118.7211 360.8063 153.7537 275.4264 1005.7208;
	3.8997 52.6933 93.1651 115.5195 14.9616 33.0211 23.9591 18.0749 27.5072 31.0608 57.4155 85.6526 128.9495 69.1448 199.1486 75.0281 93.0904 98.648 88.2123 71.0479 7.9864 77.0492 72.1484 89.1204 102.3243 73.5264 13.0292 1082.9296 745.019 745.019 720.3473 102.9999 294.041 182.8775 216.7783 317.8748 974.7939 313.8667 478.8355 274.083 114.1584 366.3137 177.1167 264.9667 984.948;
	3.9111 52.8471 94.6432 117.9417 14.7636 33.2606 23.7975 19.0098 27.2677 31.1917 57.6574 86.0135 129.4929 67.6828 202.5088 76.294 94.6611 100.3125 89.6547 70.7954 7.9325 77.608 73.8996 90.0867 106.2273 75.8263 13.7272 1092.5688 721.7383 721.7383 663.5065 101.3736 298.849 182.2274 212.1948 307.9417 991.6441 295.1474 473.9193 284.5374 119.2224 368.9708 175.9108 266.2017 1001.9738;
	3.7484 50.6488 92.1146 116.0836 14.9647 32.6263 22.5921 18.0508 27.4466 31.2031 57.6785 86.045 129.5402 64.1158 200.0861 75.3813 93.5286 99.1124 90.6487 72.0822 7.5307 76.128 74.7435 88.8348 101.133 75.0046 12.5076 1047.7865 723.6242 723.6242 674.4179 99.4312 302.1622 185.5398 201.0117 308.7463 1024.8671 290.0214 466.2691 270.892 120.0807 361.9344 186.0327 247.6138 1035.5428;
	3.8191 51.6045 91.2365 112.2746 14.8009 31.5003 23.976 14.9665 27.3919 30.8194 56.9692 84.9868 127.9472 65.2561 197.7744 74.5104 92.4481 97.9673 88.3289 69.4439 7.992 73.5006 72.6136 84.9022 99.5662 70.2281 11.2709 1165.1199 710.5726 710.5726 679.6058 99.6779 294.4295 178.7488 204.5868 303.1777 1075.8323 296.6242 457.5897 266.6953 118.7824 349.443 192.6422 250.0688 1087.0389;
