function windprofile = ex_wind_profilesh1
%EX_WIND_PROFILE_D  Example wind_load_nyiso profile data for deterministic unit commitment.
% 2022.03.12
% Andres F. Ramirez


%% define constants
[GEN_BUS, PG, QG, QMAX, QMIN, VG, MBASE, GEN_STATUS, PMAX, PMIN, ...
    MU_PMAX, MU_PMIN, MU_QMAX, MU_QMIN, PC1, PC2, QC1MIN, QC1MAX, ...
    QC2MIN, QC2MAX, RAMP_AGC, RAMP_10, RAMP_30, RAMP_Q, APF] = idx_gen;
[CT_LABEL, CT_PROB, CT_TABLE, CT_TBUS, CT_TGEN, CT_TBRCH, CT_TAREABUS, ...
    CT_TAREAGEN, CT_TAREABRCH, CT_ROW, CT_COL, CT_CHGTYPE, CT_REP, ...
    CT_REL, CT_ADD, CT_NEWVAL, CT_TLOAD, CT_TAREALOAD, CT_LOAD_ALL_PQ, ...
    CT_LOAD_FIX_PQ, CT_LOAD_DIS_PQ, CT_LOAD_ALL_P, CT_LOAD_FIX_P, ...
    CT_LOAD_DIS_P, CT_TGENCOST, CT_TAREAGENCOST, CT_MODCOST_F, ...
    CT_MODCOST_X] = idx_ct;

windprofile = struct( ...
    'type', 'mpcData', ...
    'table', CT_TGEN, ...
    'rows', [1:45], ...
    'col', PMAX, ...
    'chgtype', 1, ...
    'values', [] );
windprofile.values(:,1,:) = [
	3.5761 48.3204 93.2107 114.1699 14.4085 34.6995 28.6858 18.947 27.0993 31.3256 57.9048 86.3826 130.0485 64.4823 193.144 72.7659 90.2836 95.6736 36.0963 69.0727 9.5619 80.9656 75.7503 90.0314 106.1627 75.7894 13.8098 1108.8289 639.7189 639.7189 554.1456 95.4866 120.321 177.7933 202.1608 272.9467 1104.6165 216.5222 451.0732 284.3643 123.2461 384.9336 149.0324 273.3797 1116.1229;
	3.2937 44.5057 92.545 118.5802 14.3107 33.8807 29.5795 18.1222 27.9627 31.2753 57.812 86.2441 129.84 64.3337 192.5567 72.5446 90.0091 95.3827 31.3937 71.1323 9.8598 79.0551 75.8073 89.2041 104.1389 72.0444 13.1744 1112.2009 652.0936 652.0936 542.2314 100.8232 104.6457 183.0948 201.6949 278.2266 1094.6733 232.3029 456.313 278.9434 123.4231 375.8504 141.1896 271.0435 1106.0762;
	3.4786 47.0033 93.2913 64.4272 14.6299 34.0005 29.0169 18.0765 27.3643 30.9253 57.165 85.2789 128.387 63.8789 194.1441 73.1427 90.7511 96.1691 33.8158 70.3194 9.6723 79.3345 75.5887 89.8747 104.9268 73.4243 13.5366 1075.2676 611.4584 611.4584 542.4915 101.3265 112.7193 181.0023 200.2689 260.8889 1128.5646 231.3263 435.0033 281.0541 123.4931 377.1788 142.1528 267.0334 1140.3204;
	3.5564 48.0549 91.4779 81.3161 15.0957 33.6989 28.5737 17.9623 27.8179 31.1292 57.5418 85.8411 129.2333 62.2351 197.6125 74.4493 92.3723 97.8871 44.8393 71.4459 9.5246 78.6308 74.3616 89.4387 103.3844 73.806 13.3932 1121.901 628.7482 628.7482 520.4619 92.0053 149.4643 183.902 195.1154 268.2659 1043.0553 247.2225 437.4496 276.9226 121.0981 373.8332 172.4167 262.129 1053.9205;
	3.2608 44.061 91.9486 116.8406 14.911 33.1966 24.7112 18.0109 27.7102 30.8931 57.1055 85.1901 128.2532 57.4109 192.3352 72.4612 89.9055 95.273 78.4771 70.6298 8.2371 77.4588 68.1354 89.3267 103.8951 73.6668 13.1341 1069.7868 599.5254 599.5254 499.2516 86.598 261.5902 181.8014 179.9911 255.7975 1096.0576 223.9047 443.8767 278.2905 117.5862 368.2612 183.1951 255.9835 1107.4748;
	3.6346 49.1119 89.6866 115.6977 14.9633 33.8093 27.6906 18.219 27.1703 31.0957 57.4799 85.7487 129.0942 64.7741 191.365 72.0956 89.452 94.7924 88.255 71.0944 9.2302 78.8885 74.4487 88.7156 103.0899 73.0029 13.4379 1149.6795 668.5737 668.5737 481.3057 82.2197 294.1832 182.9972 203.0754 285.2581 1085.6808 208.6311 434.8195 276.1336 114.9808 375.0582 195.8228 258.3956 1096.99;
	3.569 48.2253 90.1539 114.4541 14.4725 32.0833 29.3707 18.0347 27.3733 30.7698 56.8775 84.85 127.7412 64.7891 192.3638 72.4719 89.9189 95.2872 87.8909 70.3558 9.7902 74.8611 75.5353 88.6029 102.608 74.1925 13.1806 1137.1367 694.4499 694.4499 517.9198 76.0026 292.9697 181.0959 203.1225 296.2986 1065.7051 218.435 439.3775 274.8429 116.2474 355.9112 195.0059 261.7231 1076.8062;
	3.6007 48.6537 90.669 118.0954 14.5526 32.5952 29.677 18.154 28.049 30.7004 56.7492 84.6586 127.4531 65.4626 198.6896 74.8551 92.8758 98.4206 88.9545 70.741 9.8923 76.0554 75.1758 88.2285 104.991 72.7755 13.1539 1141.5202 711.4175 711.4175 542.0668 75.2647 296.515 182.0876 205.2341 303.5381 1149.7267 228.8539 446.8712 281.2258 115.9753 361.5892 197.2126 262.4821 1161.703;
	3.5827 48.4104 92.3998 117.0026 14.1534 32.3155 29.463 17.4502 27.0096 30.2968 56.0031 83.5456 125.7774 66.6715 201.9487 76.083 94.3993 100.035 91.104 70.7842 9.821 75.4027 73.4994 88.3188 102.0792 71.7403 12.9832 1192.4676 779.3012 779.3012 617.6803 80.0388 303.6799 182.1986 209.0242 332.5018 1223.0055 268.652 451.5377 273.4264 118.4794 358.4862 175.8006 266.3876 1235.7452;
	3.5944 48.5677 92.8855 116.6224 14.1694 32.1214 29.1641 18.2048 26.9425 30.865 57.0536 85.1127 128.1367 66.8922 199.75 75.2547 93.3715 98.9459 89.078 69.9729 9.7214 74.9499 74.672 89.5686 103.5053 71.3207 13.1815 1101.2372 699.6775 699.6775 620.8256 86.9931 296.9268 180.1104 209.7162 298.5291 1112.111 264.0573 441.0088 277.2463 115.0376 356.3334 154.5661 266.4586 1123.6954;
	3.4487 46.5989 90.814 114.622 14.3418 31.8171 26.7445 17.9395 26.6572 31.2141 57.6989 86.0753 129.5859 65.5178 202.3284 76.226 94.5768 100.2231 87.9998 73.3097 8.9148 74.2399 75.6728 88.581 100.0172 71.2248 13.033 1072.7482 665.7231 665.7231 608.2975 86.3251 293.3328 188.6994 205.4073 284.0419 1039.732 265.4778 448.1741 267.9033 115.6856 352.9579 155.6348 266.0533 1050.5626;
	3.5555 48.0421 89.2085 115.234 14.4134 32.0169 26.2065 17.9525 27.313 30.4548 56.2952 83.9814 126.4336 67.4054 203.1662 76.5417 94.9684 100.6381 89.3626 72.3694 8.7355 74.7061 75.5148 87.4415 101.9488 70.5548 12.8766 1016.7257 719.2455 719.2455 619.2651 92.6617 297.8754 186.2791 211.325 306.8781 1076.0152 251.6549 450.1916 273.0772 114.0867 355.1741 175.9868 265.8947 1087.2237;
	3.5872 48.4713 89.7812 114.1015 14.6804 32.2284 28.473 17.7148 27.6937 30.8466 57.0195 85.0619 128.0603 68.0199 202.0054 76.1044 94.4258 100.0632 87.9827 72.3554 9.491 75.1997 75.5909 89.4389 101.3822 71.5729 12.8825 1036.8247 730.6703 730.6703 645.6556 98.0561 293.2758 186.2429 213.2517 311.7527 1022.6727 273.7371 460.7595 271.5593 117.9178 357.5207 156.7519 261.2772 1033.3255;
	3.5885 48.4883 93.2254 118.7948 14.8984 32.4725 28.4109 18.8817 27.3064 30.9852 57.2756 85.4439 128.6354 66.5772 203.8686 76.8063 95.2967 100.9861 90.7761 73.0912 9.4703 75.7691 75.5187 89.6591 105.7795 74.4713 13.7689 990.8286 687.5102 687.5102 655.1552 97.9694 302.587 188.137 208.7285 293.3377 984.7395 284.8486 458.8491 283.338 113.9927 360.2279 145.4212 269.0532 994.9972;
	3.5752 48.3082 91.1124 113.6116 14.4837 32.1149 26.4697 18.8027 27.496 30.9378 57.1881 85.3133 128.4387 68.3593 201.4522 75.8959 94.1672 99.7891 91.5997 73.4907 8.8232 74.9348 74.2241 88.9109 103.9371 73.3945 13.5899 983.4434 705.3454 705.3454 653.1686 96.1243 305.3323 189.1654 214.3158 300.9474 959.3641 310.3537 467.3941 278.4029 112.4719 356.2615 161.7255 254.5518 969.3575;
	3.703 50.0351 89.9501 114.029 14.7932 32.994 27.5344 18.6491 27.5696 31.1187 57.5224 85.8121 129.1897 68.8959 202.7872 76.3989 94.7912 100.4504 89.5485 73.042 9.1781 76.986 74.4853 89.5329 104.0495 73.7176 13.5822 1074.8093 746.5962 746.5962 659.408 103.1864 298.4949 188.0102 215.9981 318.5477 1061.5204 298.8974 475.9438 278.704 112.351 366.0134 177.6937 259.7469 1072.5779;
	3.5726 48.2742 86.2675 111.4017 14.6878 32.3557 24.2076 17.8613 26.6458 30.5779 56.5227 84.3208 126.9445 67.9696 197.1452 74.2733 92.1539 97.6557 90.6616 71.7187 8.0692 75.4966 72.6286 89.5083 102.9813 70.9886 12.1755 1080.5737 707.0236 707.0236 663.0941 103.4522 302.2055 184.6041 213.0939 301.6634 1115.5106 291.2527 461.4527 275.8427 111.639 358.9325 176.802 230.0524 1127.1305;
	3.8629 52.1965 88.0676 111.7054 15.3449 32.3495 25.8247 14.9977 27.4008 31.1201 57.5249 85.8159 129.1954 68.285 202.6139 76.3336 94.7102 100.3646 92.7151 71.7287 8.6082 75.4822 74.7814 86.7961 101.6422 61.8168 11.2002 1163.6947 703.0901 703.0901 699.8947 103.7428 309.0502 184.6298 214.0826 299.9851 1135.2262 304.1241 472.0168 272.2558 113.224 358.864 190.3841 251.1698 1147.0515;
