function loadprofile = ex_load_profilesh1
%EX_LOAD_PROFILE  Example load profile data file for stochastic unit commitment.
% 2022.03.12
% Andres F. Ramirez

%% define constants
[CT_LABEL, CT_PROB, CT_TABLE, CT_TBUS, CT_TGEN, CT_TBRCH, CT_TAREABUS, ...
    CT_TAREAGEN, CT_TAREABRCH, CT_ROW, CT_COL, CT_CHGTYPE, CT_REP, ...
    CT_REL, CT_ADD, CT_NEWVAL, CT_TLOAD, CT_TAREALOAD, CT_LOAD_ALL_PQ, ...
    CT_LOAD_FIX_PQ, CT_LOAD_DIS_PQ, CT_LOAD_ALL_P, CT_LOAD_FIX_P, ...
    CT_LOAD_DIS_P, CT_TGENCOST, CT_TAREAGENCOST, CT_MODCOST_F, ...
    CT_MODCOST_X] = idx_ct;

loadprofile = struct( ...
    'type', 'mpcData', ...
    'table', CT_TAREALOAD, ...
    'rows', [1:11], ...
    'col', CT_LOAD_ALL_P, ...
    'chgtype', 1, ...
    'values', [] );
loadprofile.values(:,1,:) = [
	1530.9889 939.8469 1616.5981 549.5925 846.4188 1102.9914 874.9 244.6 484.7462 4420.1188 1608.7156;
	1532.1622 934.2 1598.3327 548.9828 835.8616 1099.1593 859.4758 251.6728 471.2 4291.6587 1576.6;
	1574.2002 962.1408 1651.7894 555.9858 838.1076 1109.8 856.5157 239.7 475.0762 4302.6847 1547.6;
	1656.1962 1027.8798 1763.0104 576.5493 898.5112 1195.6007 918.3367 263.1039 540.3954 4658.5445 1740.9425;
	1783.2146 1142.0497 1946.9704 587.0 1010.5896 1302.1981 1011.5 296.5349 616.1608 5154.0508 1944.5378;
	1894.246 1218.8093 2068.8273 601.5002 1071.314 1413.5743 1089.9 328.7972 695.1234 5700.5702 2085.4;
	1909.7 1248.6873 2114.0062 625.0 1091.2224 1447.3261 1134.1 337.8003 729.0969 6105.8205 2184.4709;
	1874.0523 1253.2513 2110.5098 621.6242 1095.451 1445.4242 1124.9351 340.8 704.052 6323.8142 2154.3672;
	1918.4502 1276.9971 2133.167 619.4161 1079.9981 1433.8871 1122.6 330.6463 715.7502 6332.7728 2152.012;
	1949.5419 1260.7568 2085.3276 619.9 1049.9 1372.5563 1065.0143 319.3 685.5417 6283.3309 2107.5263;
	1964.6154 1266.2403 2067.6107 601.3944 1031.4983 1389.334 1068.2804 297.6264 673.0564 6209.1913 2133.6865;
	1933.9569 1232.9 2024.4186 594.7497 1039.5101 1292.2057 1053.368 285.6323 670.1 6208.1598 2156.7773;
	1900.7682 1232.2424 2025.5958 604.3044 1010.6 1292.4003 1035.2542 298.46 672.1577 6160.4648 2116.7363;
	1873.1525 1236.2591 2021.7672 603.4389 999.6258 1318.9882 1023.7633 297.8089 676.7729 6233.1576 2152.155;
	1868.2153 1221.9954 2002.2303 587.9895 999.4 1323.713 1046.9075 298.9 682.6673 6178.8892 2147.4208;
	1868.222 1218.225 2039.6 616.6143 1031.565 1361.0383 1073.4109 303.3387 704.3489 6288.4232 2244.5987;
	1889.5518 1255.5861 2100.741 605.5167 1038.1 1417.0913 1103.4131 337.3402 688.7351 6154.7395 2343.805;
	1880.6248 1256.0 2136.1298 624.4813 1061.8168 1514.1256 1176.6 353.7198 731.5465 6176.931 2436.332;
	1880.4055 1252.8838 2147.6476 623.4759 1060.3725 1488.7033 1176.7419 363.8145 726.6595 6082.33 2409.7253;
	1882.7622 1199.1574 2020.3815 608.3815 985.0038 1389.6227 1116.7114 331.3929 694.6019 5827.0984 2264.6;
	1803.5792 1124.1 1910.5433 577.5713 922.269 1294.1046 1021.3315 303.6425 633.4341 5257.3696 2075.1473;
	1682.6 1021.7177 1766.1467 553.9292 873.1412 1199.5106 942.748 284.9661 581.8131 5036.7789 1896.3328;
	1645.2072 984.4961 1723.6059 565.6417 849.6588 1188.7496 932.4229 263.2011 557.0163 4868.1549 1855.8492;
	1622.2871 956.9682 1672.9915 555.8235 822.3783 1173.5234 899.7913 252.1636 526.9592 4617.6888 1761.293;
];
