function windprofile = ex_wind_profilesh1
%EX_WIND_PROFILE_D  Example wind_load_nyiso profile data for deterministic unit commitment.
% 2022.03.12
% Andres F. Ramirez


%% define constants
[GEN_BUS, PG, QG, QMAX, QMIN, VG, MBASE, GEN_STATUS, PMAX, PMIN, ...
    MU_PMAX, MU_PMIN, MU_QMAX, MU_QMIN, PC1, PC2, QC1MIN, QC1MAX, ...
    QC2MIN, QC2MAX, RAMP_AGC, RAMP_10, RAMP_30, RAMP_Q, APF] = idx_gen;
[CT_LABEL, CT_PROB, CT_TABLE, CT_TBUS, CT_TGEN, CT_TBRCH, CT_TAREABUS, ...
    CT_TAREAGEN, CT_TAREABRCH, CT_ROW, CT_COL, CT_CHGTYPE, CT_REP, ...
    CT_REL, CT_ADD, CT_NEWVAL, CT_TLOAD, CT_TAREALOAD, CT_LOAD_ALL_PQ, ...
    CT_LOAD_FIX_PQ, CT_LOAD_DIS_PQ, CT_LOAD_ALL_P, CT_LOAD_FIX_P, ...
    CT_LOAD_DIS_P, CT_TGENCOST, CT_TAREAGENCOST, CT_MODCOST_F, ...
    CT_MODCOST_X] = idx_ct;

windprofile = struct( ...
    'type', 'mpcData', ...
    'table', CT_TGEN, ...
    'rows', [1:45], ...
    'col', PMAX, ...
    'chgtype', 1, ...
    'values', [] );
windprofile.values(:,1,:) = [
	3.7076 50.098 90.0418 113.0482 14.3602 33.6919 27.5852 18.5988 27.3141 29.8619 55.1993 82.3465 123.9721 69.0934 194.2113 73.168 90.7825 96.2023 36.8133 70.1011 9.1951 78.6143 67.0257 88.3286 105.2974 72.2517 13.6363 1168.6505 695.0126 695.0126 605.7622 102.5223 122.711 180.4403 216.6173 296.5387 1144.174 223.9787 453.8831 282.0467 121.2354 373.755 146.6845 268.0553 1156.0924;
	3.6589 49.4397 91.1357 118.34 14.4293 33.7947 27.5688 18.6369 27.4424 29.2117 53.9974 80.5535 121.2729 68.3256 190.7036 71.8465 89.1428 94.4648 34.9723 71.3046 9.1896 78.8542 63.4975 86.6212 101.9355 71.633 13.3942 1187.8432 698.6374 698.6374 587.1467 102.9519 116.5744 183.5382 214.21 298.0853 1145.4396 229.7872 445.4357 273.0415 120.5046 374.8956 141.077 274.2168 1157.3712;
	3.6599 49.4535 90.128 65.4805 14.3194 34.5938 28.7671 18.1404 27.2351 28.9443 53.5031 79.8161 120.1628 67.5891 197.0994 74.256 92.1325 97.6329 37.2709 72.1526 9.589 80.7188 62.3403 86.4652 103.2269 71.6744 13.639 1201.053 718.8168 718.8168 564.5075 108.4794 124.2362 185.7209 211.9008 306.6952 1206.4881 218.7793 440.039 276.5007 119.6422 383.7603 140.0115 275.6638 1219.0557;
	3.7158 50.2091 91.0445 85.664 14.4399 34.2003 27.1305 18.3589 27.5536 28.3941 52.4861 78.2989 117.8786 68.4602 198.4484 74.7643 92.7631 98.3012 48.1045 71.6858 9.0435 79.8007 45.8036 86.3187 102.1315 73.3871 13.7267 1222.5359 713.1004 713.1004 532.9691 92.2633 160.3483 184.5194 214.6321 304.2562 1119.8047 227.2843 437.95 273.5665 119.2344 379.3955 176.4502 272.8763 1131.4694;
	3.5105 47.4348 89.6914 117.4998 14.0577 33.2691 23.0468 18.4544 27.5911 28.7609 53.1642 79.3105 119.4015 68.7391 195.5346 73.6665 91.401 96.8578 83.8801 70.2221 7.6823 77.628 42.6884 85.7522 101.5892 73.3968 13.4027 1211.1638 675.8919 675.8919 524.4492 94.4368 279.6003 180.7518 215.5062 288.3806 1211.811 233.7963 446.8058 272.114 115.9613 369.0655 183.6664 278.7279 1224.4341;
	3.8438 51.9379 91.8793 120.0832 14.5113 34.1499 26.9737 18.7797 27.4256 29.9984 55.4516 82.7228 124.5388 68.535 201.7164 75.9955 94.2907 99.92 92.6205 71.9842 8.9912 79.6831 69.3174 89.636 105.4066 74.2266 13.9246 1222.6702 702.9264 702.9264 484.9451 96.4074 308.7349 185.2875 214.8665 299.9153 1134.3575 214.8043 455.0751 282.339 118.0799 378.8361 191.8336 283.1381 1146.1737;
	3.8869 52.5206 92.3213 118.8289 14.3063 33.9407 27.651 18.5992 27.7259 29.3616 54.2744 80.9668 121.8951 68.3803 202.0111 76.1065 94.4284 100.066 91.6787 71.4104 9.217 79.1949 72.3688 88.7037 104.6339 75.8641 13.6455 1223.9937 700.6966 700.6966 494.8322 92.3141 305.5958 183.8106 214.3815 298.9639 1113.6306 226.9993 448.7047 280.2694 117.2738 376.5151 196.4678 279.4106 1125.231;
	3.7648 50.8711 92.5484 117.9071 14.5501 32.6558 27.7609 18.3008 28.0014 29.7627 55.0158 82.0728 123.5602 66.8305 202.6153 76.3342 94.7109 100.3653 87.5387 70.5909 9.2536 76.1968 73.3475 86.2662 105.12 75.0139 13.5433 1179.4208 672.399 672.399 469.8258 69.4631 291.7955 181.7011 209.5226 286.8902 1086.7621 221.1878 448.8314 281.5714 113.1914 362.2615 178.6387 271.8359 1098.0826;
	3.811 51.4952 92.9789 117.8259 14.6779 32.8431 28.8488 18.1802 28.1815 30.2595 55.9343 83.443 125.623 67.8924 199.7477 75.2538 93.3704 98.9448 89.8782 69.6031 9.6163 76.634 72.5644 87.7634 103.8852 75.0809 13.514 1213.3443 768.8356 768.8356 525.3736 65.3786 299.5939 179.1586 212.8519 328.0365 1192.8552 243.8962 458.6357 278.2638 115.8647 364.3399 169.0444 274.7961 1205.2807;
	3.6861 49.8074 92.6915 116.8757 14.3708 31.8551 28.7854 18.3533 27.6692 30.617 56.5951 84.4287 127.1069 69.097 203.9203 76.8258 95.3209 101.0117 91.8953 71.4632 9.5951 74.3286 73.1819 88.5145 103.6816 74.2278 13.5805 1117.9638 738.7737 738.7737 617.904 79.2512 306.3176 183.9465 216.6285 315.2101 1128.7497 266.0474 458.4032 277.7186 120.0467 353.3794 157.1891 268.3331 1140.5075;
	3.8729 52.3319 93.3846 118.0044 15.0107 33.3012 26.5311 18.4707 27.9039 31.2093 57.69 86.0621 129.566 69.4569 203.6713 76.732 95.2045 100.8884 91.3783 71.4834 8.8437 77.7028 74.6481 88.0357 102.6057 73.4756 13.5577 1166.382 769.8684 769.8684 653.9234 85.2167 304.5944 183.9985 217.7569 328.4772 1134.3529 269.607 471.5742 274.8367 118.987 369.4214 172.08 277.669 1146.1691;
	3.8441 51.9421 94.5339 119.6924 15.3025 32.7123 26.8086 17.8797 28.2121 30.9229 57.1605 85.2723 128.3769 68.7179 203.7575 76.7644 95.2448 100.931 91.2353 70.4783 8.9362 76.3288 75.0978 89.2896 103.2658 72.2386 13.2348 1115.2435 778.4116 778.4116 689.392 92.6022 304.1177 181.4114 215.44 332.1223 1181.997 270.3343 478.0128 276.6047 115.808 362.8887 184.7636 279.7933 1194.3094;
	3.8149 51.5482 94.3749 118.0416 15.2484 32.0101 28.4527 18.0413 28.1757 31.2594 57.7824 86.2 129.7737 69.3841 200.0863 75.3814 93.5287 99.1125 91.1712 69.1724 9.4842 74.6903 75.6965 90.045 105.2706 72.8579 13.2901 1087.2837 747.2661 747.2661 678.0254 104.4319 303.904 178.0499 217.5286 318.8336 1072.5451 300.7822 469.8624 281.9749 113.8631 355.099 147.6252 281.2529 1083.7174;
	3.7357 50.4772 94.0952 117.4469 15.2717 32.0158 27.2609 17.7445 27.1426 31.2926 57.844 86.2918 129.9119 68.3639 200.7123 75.6172 93.8214 99.4226 92.9587 70.7023 9.087 74.7036 75.1667 89.2018 103.2647 72.3118 13.1622 1039.6863 718.2617 718.2617 691.7216 100.3007 309.8625 181.9879 214.33 306.4583 990.4224 312.9265 463.2272 276.6018 114.7532 355.1624 149.5225 283.7558 1000.7393;
	3.7527 50.7068 94.2629 117.0778 15.2317 31.8508 25.3148 17.91 28.1797 31.1702 57.6176 85.9541 129.4034 69.2422 196.7493 74.1241 91.9688 97.4595 92.0123 71.4673 8.4383 74.3185 75.1526 89.5912 103.7553 73.1482 13.1651 995.7449 672.5482 672.5482 675.7669 97.8121 306.7077 183.9571 217.0836 286.9539 888.9524 306.9337 472.9149 277.916 116.1209 353.3312 168.0149 275.8003 898.2123;
	3.8382 51.8631 94.5727 117.4748 15.3425 33.2971 26.0584 18.194 28.1038 30.9767 57.26 85.4207 128.6004 69.5204 197.295 74.3297 92.2239 97.7298 91.6656 71.4307 8.6861 77.6932 74.9936 89.9844 104.8242 74.5923 13.716 1076.7817 745.7505 745.7505 689.143 103.8176 305.5521 183.8629 217.9557 318.1869 1006.4224 304.6284 475.8018 280.7791 117.7227 369.3758 183.4599 280.3609 1016.9059;
	3.576 48.3193 88.9391 111.2983 15.2514 32.4294 24.6606 16.4455 27.6572 31.1292 57.5419 85.8411 129.2333 67.1891 195.9929 73.8392 91.6153 97.0848 92.3218 72.0149 8.2202 75.6686 75.2976 87.4142 99.1184 71.7223 11.6435 1012.4005 715.7592 715.7592 663.4251 98.5017 307.7393 185.3665 210.647 305.3906 1056.565 277.9121 457.4495 265.4958 115.5669 359.7503 176.7773 260.925 1067.5709;
	3.6779 49.6958 90.765 111.5765 15.0106 31.4405 23.8463 13.3334 27.0939 30.8094 56.9508 84.9594 127.9059 66.8198 191.5622 72.17 89.5442 94.8901 87.3859 69.7629 7.9488 73.3612 71.7441 84.5528 99.9042 61.4838 10.6945 1164.0697 666.8309 666.8309 655.6739 102.7869 291.2864 179.5699 209.489 284.5145 1082.776 277.0467 460.1619 267.6006 116.2479 348.78 181.0227 261.2564 1094.0549;
