function solarprofile = ex_solar_profilesh1
%EX_WIND_PROFILE_D  Example wind_load_nyiso profile data for deterministic unit commitment.
% 2022.03.12
% Andres F. Ramirez


%% define constants
[GEN_BUS, PG, QG, QMAX, QMIN, VG, MBASE, GEN_STATUS, PMAX, PMIN, ...
    MU_PMAX, MU_PMIN, MU_QMAX, MU_QMIN, PC1, PC2, QC1MIN, QC1MAX, ...
    QC2MIN, QC2MAX, RAMP_AGC, RAMP_10, RAMP_30, RAMP_Q, APF] = idx_gen;
[CT_LABEL, CT_PROB, CT_TABLE, CT_TBUS, CT_TGEN, CT_TBRCH, CT_TAREABUS, ...
    CT_TAREAGEN, CT_TAREABRCH, CT_ROW, CT_COL, CT_CHGTYPE, CT_REP, ...
    CT_REL, CT_ADD, CT_NEWVAL, CT_TLOAD, CT_TAREALOAD, CT_LOAD_ALL_PQ, ...
    CT_LOAD_FIX_PQ, CT_LOAD_DIS_PQ, CT_LOAD_ALL_P, CT_LOAD_FIX_P, ...
    CT_LOAD_DIS_P, CT_TGENCOST, CT_TAREAGENCOST, CT_MODCOST_F, ...
    CT_MODCOST_X] = idx_ct;

solarprofile = struct( ...
    'type', 'mpcData', ...
    'table', CT_TGEN, ...
    'rows', [1:12], ...
    'col', PMAX, ...
    'chgtype', 1, ...
    'values', [] );
solarprofile.values(:,1,:) = [
	0.0 0.0 0.0 0.0 0.0 0.0 0.0 0.0 0.0 0.0 0.0 0.0;
	0.0 0.0 0.0 0.0 0.0 0.0 0.0 0.0 0.0 0.0 0.0 0.0;
	0.0 0.0 0.0 0.0 0.0 0.0 0.0 0.0 0.0 0.0 0.0 0.0;
	0.0 0.0 0.0 0.0 0.0 0.0 0.0 0.0 0.0 0.0 0.0 0.0;
	0.0 0.0 0.0 0.0 0.0 0.0 0.0 0.0 0.0 0.0 0.0 0.0;
	0.0 0.0 0.002 0.0 0.0 0.0 0.0 0.0 0.0 0.0 0.0 0.0;
	8.5171 6.146 3.4656 4.3368 6.7906 154.358 19.2948 35.0247 80.6745 69.1851 41.385 125.2946;
	17.427 15.1149 11.0068 4.9631 11.0292 366.5548 45.8194 72.4219 62.006 183.9267 110.2315 333.0923;
	22.9131 16.6553 13.8 5.991 12.2856 392.5285 49.0661 74.9976 62.9287 299.7635 171.4143 542.8735;
	26.1315 16.6124 13.8 10.1919 10.0646 257.2665 32.1583 65.2411 144.3798 186.6825 197.8476 338.0831;
	26.3333 16.6083 13.8 11.2048 10.3014 213.8764 26.7345 65.364 169.4553 186.3913 216.9486 337.5557;
	26.334 16.6083 13.8 11.2858 9.8478 261.9761 32.747 67.9716 183.4829 194.549 221.961 352.3293;
	26.2443 16.6083 13.8 11.1628 8.5007 409.3451 51.1681 74.4879 206.4963 167.0638 200.9249 302.5536;
	22.8478 16.6163 13.8 10.7378 7.3189 428.391 53.5489 75.1182 222.4079 164.9591 172.4429 298.7419;
	17.3385 15.5578 12.2238 7.6353 6.0929 431.2988 53.9123 71.8896 250.0772 112.5081 133.3212 203.7529;
	9.3966 7.7218 6.1459 5.9115 3.7693 353.8453 44.2307 28.516 247.2159 40.0682 25.3119 72.5638;
	0.7795 0.6304 0.4326 1.578 2.6294 61.5349 7.6919 10.4246 27.7352 18.9767 12.1892 34.367;
	0.0 0.0 0.0 0.0 0.0 0.0 0.0 0.0 0.0 0.0 0.0 0.0;
	0.0 0.0 0.0 0.0 0.0 0.0 0.0 0.0 0.0 0.0 0.0 0.0;
	0.0 0.0 0.0 0.0 0.0 0.0 0.0 0.0 0.0 0.0 0.0 0.0;
	0.0 0.0 0.0 0.0 0.0 0.0 0.0 0.0 0.0 0.0 0.0 0.0;
	0.0 0.0 0.0 0.0 0.0 0.0 0.0 0.0 0.0 0.0 0.0 0.0;
	0.0 0.0 0.0 0.0 0.0 0.0 0.0 0.0 0.0 0.0 0.0 0.0;
	0.0 0.0 0.0 0.0 0.0 0.0 0.0 0.0 0.0 0.0 0.0 0.0;
];
