function windprofile = ex_wind_profilesh1
%EX_WIND_PROFILE_D  Example wind_load_nyiso profile data for deterministic unit commitment.
% 2022.03.12
% Andres F. Ramirez


%% define constants
[GEN_BUS, PG, QG, QMAX, QMIN, VG, MBASE, GEN_STATUS, PMAX, PMIN, ...
    MU_PMAX, MU_PMIN, MU_QMAX, MU_QMIN, PC1, PC2, QC1MIN, QC1MAX, ...
    QC2MIN, QC2MAX, RAMP_AGC, RAMP_10, RAMP_30, RAMP_Q, APF] = idx_gen;
[CT_LABEL, CT_PROB, CT_TABLE, CT_TBUS, CT_TGEN, CT_TBRCH, CT_TAREABUS, ...
    CT_TAREAGEN, CT_TAREABRCH, CT_ROW, CT_COL, CT_CHGTYPE, CT_REP, ...
    CT_REL, CT_ADD, CT_NEWVAL, CT_TLOAD, CT_TAREALOAD, CT_LOAD_ALL_PQ, ...
    CT_LOAD_FIX_PQ, CT_LOAD_DIS_PQ, CT_LOAD_ALL_P, CT_LOAD_FIX_P, ...
    CT_LOAD_DIS_P, CT_TGENCOST, CT_TAREAGENCOST, CT_MODCOST_F, ...
    CT_MODCOST_X] = idx_ct;

windprofile = struct( ...
    'type', 'mpcData', ...
    'table', CT_TGEN, ...
    'rows', [1:45], ...
    'col', PMAX, ...
    'chgtype', 1, ...
    'values', [] );
windprofile.values(:,1,:) = [
	3.8678 52.263 91.5743 111.5727 14.5049 32.4133 26.1703 19.0033 26.4951 30.5214 56.4183 84.165 126.7099 63.6154 194.8408 73.4051 91.0768 96.5142 32.671 70.3398 8.7234 75.631 72.3137 88.2042 105.7922 74.5675 13.7222 1156.6578 668.3734 668.3734 494.1536 106.3386 108.9034 181.0548 199.4429 285.1727 1050.5015 214.7205 446.7193 283.3719 120.4634 359.5715 136.6184 270.1594 1061.4442;
	3.723 50.3062 92.5417 118.5905 14.4289 31.7879 26.4133 18.9676 24.9208 29.9436 55.3503 82.5717 124.3112 62.4109 193.3891 72.8582 90.3982 95.7951 25.3249 71.7543 8.8044 74.1717 69.656 88.5607 105.7759 74.1499 13.5324 1169.1758 696.5728 696.5728 494.9328 104.7833 84.4163 184.6959 195.6666 297.2044 1082.5514 216.0536 438.2816 283.3282 121.3645 352.6335 128.237 273.4494 1093.828;
	3.7604 50.8118 94.2719 69.5206 14.2583 33.1371 27.7857 18.855 25.8237 29.7152 54.9282 81.942 123.3633 63.4238 196.9641 74.2051 92.0693 97.5659 34.039 71.4584 9.2619 77.32 67.6903 87.8756 106.1907 72.3788 13.6278 1173.7189 710.531 710.531 497.0283 107.305 113.4633 183.9341 198.8421 303.1599 1148.5314 227.0783 433.157 284.4393 121.1562 367.6014 129.747 276.7474 1160.4952;
	3.5968 48.6013 92.638 83.6358 14.0921 31.8258 27.4353 18.7916 25.9064 28.8211 53.2753 79.4763 119.6511 63.8082 194.5327 73.2891 90.9327 96.3616 41.7644 70.1796 9.1451 74.2602 51.6578 85.4786 104.6462 73.3032 13.6246 1115.4368 680.7517 680.7517 438.2333 94.4557 139.2147 180.6424 200.0473 290.4541 995.684 223.4098 450.2051 280.3022 120.9034 353.0544 158.1791 274.0443 1006.0557;
	3.2162 43.4584 93.8878 118.0283 14.1019 31.8169 23.0489 18.6677 26.865 30.4822 56.3459 84.0569 126.5473 63.5085 190.8945 71.9184 89.2321 94.5593 78.0115 69.2618 7.683 74.2393 57.9398 87.2556 105.5274 74.2972 13.2975 1108.7675 633.033 633.033 444.816 95.3 260.0383 178.28 199.1077 270.0941 1076.0366 234.8556 459.8713 282.6627 120.1792 352.9551 174.7533 271.4381 1087.2453;
	3.5591 48.0916 93.5131 116.3475 14.3097 30.8781 27.2325 18.8351 27.1596 31.0268 57.3525 85.5586 128.808 65.7814 194.5177 73.2834 90.9257 96.3541 86.2583 70.419 9.0775 72.0489 70.1497 88.2336 106.2954 74.1986 13.6668 1192.345 700.1506 700.1506 431.9325 93.7925 287.5278 181.2587 206.2336 298.7309 1061.9077 216.0216 441.1952 284.7198 120.6369 342.5413 187.1623 274.3358 1072.9692;
	3.6416 49.2053 94.1345 119.4223 14.6627 32.1253 27.9627 18.4545 27.8449 30.9865 57.2781 85.4477 128.641 65.9114 198.79 74.893 92.9228 98.4704 86.1755 71.5883 9.3209 74.959 73.0349 88.8073 106.205 74.9998 13.353 1231.7421 720.972 720.972 507.4376 86.0153 287.2516 184.2685 206.6412 307.6147 1057.7508 231.4479 451.4653 284.4777 121.2848 356.3766 197.1538 275.1782 1068.769;
	3.6088 48.7631 93.5645 119.239 14.9299 31.8808 27.7297 18.6312 28.3007 30.3179 56.0421 83.6038 125.865 64.5555 199.4458 75.14 93.2293 98.7952 85.3401 70.7777 9.2432 74.3886 73.3222 89.3703 106.6078 73.3947 13.622 1212.0761 703.4851 703.4851 489.292 76.9197 284.4671 182.1819 202.3901 300.1537 1084.7027 223.4162 451.8419 285.5567 121.8476 353.6648 181.1784 269.7163 1096.0017;
	3.721 50.2791 92.9759 119.3693 14.9708 31.9202 27.8254 17.9325 28.2486 30.2986 56.0065 83.5507 125.7851 67.206 200.7074 75.6153 93.819 99.4202 88.3481 70.5803 9.2751 74.4804 72.9409 89.4727 106.2686 72.9408 13.493 1225.0191 791.4005 791.4005 562.0615 76.853 294.4937 181.674 210.7 337.6642 1163.1196 263.3311 438.1493 284.648 120.4472 354.101 164.9316 274.4254 1175.2354;
	3.6151 48.8484 91.5387 118.1725 14.5888 32.0689 27.5334 18.2223 27.9742 30.7137 56.7738 84.6953 127.5083 66.4613 196.2062 73.9195 91.715 97.1905 89.9136 69.4885 9.1778 74.8273 74.1078 89.4971 105.7594 73.2092 13.3998 1111.5845 763.327 763.327 604.636 89.723 299.7121 178.8635 208.3651 325.6862 1051.5161 282.7659 434.5943 283.2841 118.7279 355.7505 147.336 266.1065 1062.4694;
	3.5874 48.4736 90.8187 119.259 14.2184 32.103 25.431 18.5137 27.9288 30.0856 55.6128 82.9633 124.9008 64.2089 195.7539 73.7492 91.5036 96.9665 89.6283 70.7099 8.477 74.907 73.2369 88.575 106.0401 72.7889 13.2562 1099.9314 746.6956 746.6956 617.1763 88.6274 298.7611 182.0075 201.3035 318.5901 1043.3811 286.198 434.8944 284.036 119.1971 356.1292 141.1787 266.1908 1054.2497;
	3.5561 48.0512 88.8968 114.8843 14.0507 31.8426 24.9742 18.3325 27.6002 30.3576 56.1156 83.7134 126.0301 65.9051 194.3628 73.2251 90.8533 96.2774 90.4109 69.3398 8.3247 74.2994 73.4904 84.0698 102.4551 70.7622 13.2402 1034.044 747.6417 747.6417 589.106 88.8201 301.3697 178.4807 206.6214 318.9938 1048.7269 269.5675 434.0908 274.4333 115.109 353.2408 151.3904 265.2106 1059.6511;
	3.6578 49.4252 88.6574 118.1764 14.7266 32.2316 28.2277 18.9389 28.1139 31.3056 57.8678 86.3274 129.9655 67.1366 193.5564 72.9213 90.4764 95.8779 89.5889 70.0475 9.4092 75.2072 75.4257 88.2016 103.7536 73.3839 13.6292 1021.5191 782.5514 782.5514 645.8577 100.6035 298.6295 180.3024 210.4822 333.8886 995.1118 292.5251 437.3742 277.9114 113.6627 357.5563 149.9067 263.5837 1005.4776;
	3.779 51.0624 89.4527 118.0937 15.2278 32.1713 27.8568 19.0719 28.1112 31.0949 57.4785 85.7466 129.091 66.2325 197.6274 74.455 92.3793 97.8945 91.2579 72.1579 9.2856 75.0663 75.0842 89.0949 104.8961 73.2464 14.0118 1033.1557 740.8952 740.8952 672.3679 94.3277 304.193 185.7346 207.6479 316.1153 970.664 282.884 438.9144 280.9718 116.505 356.8865 141.2724 270.2371 980.7751;
	3.8326 51.7874 94.0596 119.6386 15.1201 33.3608 24.3241 19.178 27.7116 31.1141 57.5139 85.7995 129.1706 67.5684 196.4972 74.0292 91.851 97.3346 91.1305 71.9461 8.108 77.8419 75.0139 90.0982 106.2834 75.431 14.17 1010.6355 731.1822 731.1822 641.3708 96.2513 303.7682 185.1894 211.8361 311.9711 894.1569 309.0656 444.4699 284.6876 120.3195 370.0826 165.599 260.4615 903.4711;
	3.6654 49.5278 92.9699 119.798 14.7949 32.9404 26.2414 19.147 28.4246 30.87 57.0627 85.1264 128.1573 67.7639 198.4738 74.7738 92.7749 98.3137 89.7521 70.9319 8.7471 76.8609 75.111 90.0853 105.9372 75.3626 14.1435 1085.2614 761.8458 761.8458 618.3144 108.5236 299.1737 182.5788 212.4489 325.0542 985.4541 295.1613 452.342 283.7604 115.2792 365.4189 162.9294 250.9043 995.7192;
	3.7375 50.5012 93.8822 119.5992 15.0322 33.0126 25.3577 18.929 28.3765 30.988 57.2808 85.4516 128.647 65.5621 195.4587 73.6379 91.3656 96.8202 87.5129 72.1578 8.4526 77.0294 74.7431 90.0689 105.6716 75.6208 13.9082 1083.6606 741.961 741.961 609.5264 107.7235 291.7097 185.7342 205.5461 316.57 1099.1682 276.4593 445.8065 283.049 119.3351 366.2195 165.9155 240.1433 1110.6178;
	3.9042 52.7538 93.5921 118.7389 15.2407 33.2246 25.8262 17.6276 28.44 31.1142 57.514 85.7996 129.1709 65.2534 187.1385 70.5033 87.4764 92.6988 84.6573 69.2204 8.6087 77.5241 74.2576 89.4381 104.9381 72.2067 13.6302 1172.4991 699.3335 699.3335 616.683 102.0326 282.1911 178.1735 204.5782 298.3823 1091.0737 299.3807 468.0179 281.0843 123.407 368.5715 185.8061 253.3478 1102.439;
