function loadprofile = ex_load_profilesh1
%EX_LOAD_PROFILE  Example load profile data file for stochastic unit commitment.
% 2022.03.12
% Andres F. Ramirez

%% define constants
[CT_LABEL, CT_PROB, CT_TABLE, CT_TBUS, CT_TGEN, CT_TBRCH, CT_TAREABUS, ...
    CT_TAREAGEN, CT_TAREABRCH, CT_ROW, CT_COL, CT_CHGTYPE, CT_REP, ...
    CT_REL, CT_ADD, CT_NEWVAL, CT_TLOAD, CT_TAREALOAD, CT_LOAD_ALL_PQ, ...
    CT_LOAD_FIX_PQ, CT_LOAD_DIS_PQ, CT_LOAD_ALL_P, CT_LOAD_FIX_P, ...
    CT_LOAD_DIS_P, CT_TGENCOST, CT_TAREAGENCOST, CT_MODCOST_F, ...
    CT_MODCOST_X] = idx_ct;

loadprofile = struct( ...
    'type', 'mpcData', ...
    'table', CT_TAREALOAD, ...
    'rows', [1:11], ...
    'col', CT_LOAD_ALL_P, ...
    'chgtype', 1, ...
    'values', [] );
loadprofile.values(:,1,:) = [
	1521.5481 920.2 1546.8817 514.3694 756.0 1080.3014 815.4341 254.1 450.6289 4361.7221 1433.9092;
	1498.0236 917.9 1535.003 527.006 728.7483 1080.7 812.637 250.8775 432.1963 4320.7356 1462.3746;
	1511.3018 929.7645 1563.3048 543.0802 742.8605 1076.163 818.2068 254.9 444.0064 4290.963 1453.2363;
	1593.5368 1007.6557 1690.4404 552.7 815.2903 1164.7905 877.0639 273.5083 491.7036 4589.1308 1611.9136;
	1701.3149 1102.9121 1870.1258 574.7703 917.7522 1287.6519 973.261 324.7951 572.6 5135.954 1863.769;
	1830.6 1183.2 2006.3157 597.6054 973.2499 1388.3253 1040.2281 345.4289 637.7838 5700.3878 2011.5853;
	1855.6896 1188.1747 1989.2195 591.3874 975.3165 1388.7858 1050.8477 338.6 661.6245 6033.5975 2030.6787;
	1873.8025 1204.4 1943.5948 593.171 950.6393 1355.2375 1016.9383 317.8646 626.7102 6042.543 1681.5196;
	1882.7609 1227.9283 1957.1848 585.4969 961.5746 1339.8335 1018.0167 314.8 636.5361 6304.6936 1554.1428;
	1902.4044 1246.352 1978.4709 585.0818 944.1049 1356.0098 1033.6978 306.1275 648.8286 6332.3337 1426.8446;
	1899.8384 1228.1473 1938.2871 574.1247 888.4778 1344.4506 995.4654 306.0573 641.9 6403.0 1357.2281;
	1888.2886 1240.7335 1921.8195 566.2593 888.6642 1361.7981 1031.8221 298.5 615.6086 6300.5393 1391.4447;
	1892.7287 1241.6898 1907.9147 558.512 891.4882 1322.6578 1061.2977 308.5043 636.8078 6331.7008 1555.9287;
	1840.5118 1265.1702 1886.0049 551.9048 893.9369 1329.4009 1064.2751 288.9115 600.7765 6273.7409 1487.6177;
	1857.2956 1259.024 1974.8804 552.8547 951.405 1412.0 1137.76 327.3421 602.0385 6352.5935 1869.8088;
	1899.434 1315.1482 2030.1429 573.7366 973.2805 1444.9591 1187.6989 360.9928 588.4799 6461.4889 2164.6924;
	1859.9096 1296.1447 2032.7812 589.8364 977.5022 1466.7336 1199.7838 378.5 588.124 6267.0241 2300.2;
	1912.1 1295.1109 2043.7001 571.9887 1031.2199 1485.9485 1211.036 400.1139 603.0501 6159.8435 2402.6896;
	1892.4541 1308.5426 2033.1521 560.5351 1006.6726 1489.2861 1230.0198 404.9773 651.938 6006.3415 2440.1876;
	1872.501 1244.9718 1955.7729 520.6864 960.9 1429.2839 1156.2803 384.606 566.0259 5808.0789 2309.5486;
	1819.7381 1164.3216 1819.7419 534.2514 890.8424 1327.3573 1061.4 348.0666 551.6764 5377.8515 2100.9868;
	1694.9101 1095.5001 1701.8723 529.4002 828.9628 1217.5 984.1886 302.3 499.7413 5022.1588 1911.2319;
	1628.6417 1021.2657 1636.2474 555.9317 827.9573 1160.6674 913.2979 295.5 369.5713 4847.5389 1794.2854;
	1571.3942 972.5 1608.3918 560.4456 806.8367 1112.1 844.5165 265.7877 358.2627 4537.5706 1682.8321;
];
