function loadprofile = ex_load_profilesh1
%EX_LOAD_PROFILE  Example load profile data file for stochastic unit commitment.
% 2022.03.12
% Andres F. Ramirez

%% define constants
[CT_LABEL, CT_PROB, CT_TABLE, CT_TBUS, CT_TGEN, CT_TBRCH, CT_TAREABUS, ...
    CT_TAREAGEN, CT_TAREABRCH, CT_ROW, CT_COL, CT_CHGTYPE, CT_REP, ...
    CT_REL, CT_ADD, CT_NEWVAL, CT_TLOAD, CT_TAREALOAD, CT_LOAD_ALL_PQ, ...
    CT_LOAD_FIX_PQ, CT_LOAD_DIS_PQ, CT_LOAD_ALL_P, CT_LOAD_FIX_P, ...
    CT_LOAD_DIS_P, CT_TGENCOST, CT_TAREAGENCOST, CT_MODCOST_F, ...
    CT_MODCOST_X] = idx_ct;

loadprofile = struct( ...
    'type', 'mpcData', ...
    'table', CT_TAREALOAD, ...
    'rows', [1:11], ...
    'col', CT_LOAD_ALL_P, ...
    'chgtype', 1, ...
    'values', [] );
loadprofile.values(:,1,:) = [
	1515.7372 921.3667 1556.2 560.4 809.512 1123.4 915.2709 287.781 543.6377 4841.5305 1828.13;
	1544.2843 930.061 1559.0 544.4 790.3554 1115.5599 899.7 285.621 534.9713 4747.776 1811.4635;
	1561.536 956.075 1602.834 554.959 798.1209 1141.9 922.6666 293.9166 536.2623 4845.5828 1842.3468;
	1611.5402 1014.5796 1715.3255 556.6804 867.6851 1207.3 953.6631 307.3405 553.9278 4888.4751 1895.7911;
	1739.6142 1136.8545 1890.5397 590.6493 991.8114 1366.9612 1072.4406 329.6756 631.1587 5395.7513 2092.3698;
	1862.6728 1242.9784 2018.0644 619.4254 1056.0422 1441.0 1119.5 351.5813 704.0193 5949.8125 2254.8098;
	1881.9976 1258.3 2018.9121 610.9 1044.0276 1400.351 1143.7 357.2576 699.8559 6239.9192 2264.6596;
	1909.551 1280.9364 2022.755 594.1 1076.0248 1412.8 1149.5244 363.3391 707.9413 6376.5225 2250.0623;
	1918.5 1300.6945 2036.3323 589.4 1074.8652 1434.1614 1170.8482 352.1 699.9328 6598.2382 2312.6203;
	1919.0836 1303.6575 2053.9787 577.4916 1078.4116 1515.3388 1203.7329 362.0984 706.201 6688.612 2320.8809;
	1899.8007 1266.7952 2001.2912 567.3 1060.2849 1471.9144 1159.3287 363.0123 686.4187 6606.4 2220.4916;
	1853.3518 1247.5798 2011.0337 566.4286 1078.9335 1507.1716 1168.9858 356.4558 670.8792 6415.6566 2118.4511;
	1871.759 1236.9857 1983.7278 551.552 1072.5868 1476.5066 1099.482 347.2 657.9603 6357.8059 2141.7489;
	1828.2701 1242.0 1975.3055 559.6019 1067.8189 1500.9806 1101.9423 346.8503 661.1722 6420.9794 2276.9145;
	1823.2583 1235.7 1968.2659 579.4407 1057.4349 1450.7019 1098.2297 345.765 688.0104 6570.6393 2377.5028;
	1838.5011 1259.7187 2036.6976 598.8749 1104.4475 1480.3 1106.7717 369.2748 677.3303 6485.9311 2410.3899;
	1802.6366 1268.7116 2055.6698 601.5 1086.4357 1476.1672 1145.0738 404.1548 716.8939 6552.3222 2653.0359;
	1878.4537 1317.5125 2134.8136 606.2041 1137.9899 1528.9495 1218.4008 420.1002 770.9179 6407.7582 2761.154;
	1872.3074 1271.3 2094.9488 582.4391 1139.1591 1497.8509 1214.0614 410.404 764.533 6315.1 2640.5975;
	1827.5442 1213.8 2000.9467 567.2938 1076.6899 1453.9524 1163.9571 414.8502 718.4657 6118.4471 2448.9999;
	1755.1547 1113.3 1869.9135 546.0602 1025.6624 1340.8119 1074.0978 403.847 660.668 5762.7432 2276.7205;
	1676.0971 1037.5014 1765.5194 521.1233 967.4733 1265.0103 1030.7889 417.0672 628.6976 5487.2208 2135.9598;
	1639.3 953.1203 1692.2515 529.9101 904.6754 1195.9692 946.4116 333.6111 560.5011 4954.6467 1944.4301;
	1642.2 982.9819 1713.8455 520.6047 905.5379 1166.1 913.7869 318.2 553.4421 4810.9031 1870.1557;
];
