function loadprofile = ex_load_profilesh1
%EX_LOAD_PROFILE  Example load profile data file for stochastic unit commitment.
% 2022.03.12
% Andres F. Ramirez

%% define constants
[CT_LABEL, CT_PROB, CT_TABLE, CT_TBUS, CT_TGEN, CT_TBRCH, CT_TAREABUS, ...
    CT_TAREAGEN, CT_TAREABRCH, CT_ROW, CT_COL, CT_CHGTYPE, CT_REP, ...
    CT_REL, CT_ADD, CT_NEWVAL, CT_TLOAD, CT_TAREALOAD, CT_LOAD_ALL_PQ, ...
    CT_LOAD_FIX_PQ, CT_LOAD_DIS_PQ, CT_LOAD_ALL_P, CT_LOAD_FIX_P, ...
    CT_LOAD_DIS_P, CT_TGENCOST, CT_TAREAGENCOST, CT_MODCOST_F, ...
    CT_MODCOST_X] = idx_ct;

loadprofile = struct( ...
    'type', 'mpcData', ...
    'table', CT_TAREALOAD, ...
    'rows', [1:11], ...
    'col', CT_LOAD_ALL_P, ...
    'chgtype', 1, ...
    'values', [] );
loadprofile.values(:,1,:) = [
	1478.7175 868.114 1531.5169 544.4706 851.8307 1122.4556 851.002 264.6431 489.6898 4674.8751 1725.0773;
	1481.3913 864.1284 1532.5766 539.7667 833.9155 1140.8041 851.0656 258.2 487.1496 4569.3197 1696.2757;
	1494.4459 898.0488 1558.7285 536.7528 841.2217 1184.7497 879.0851 270.849 490.8 4655.9357 1734.438;
	1567.7537 969.134 1684.8973 553.0408 880.0817 1224.356 904.7775 278.1646 510.918 4751.7074 1817.2;
	1740.2678 1114.624 1890.6445 587.895 989.8166 1402.077 998.0245 323.8 572.3356 5336.3752 2051.7831;
	1893.6026 1223.1 2020.673 600.547 1049.2196 1461.7004 1051.4546 356.7 660.9 6030.5131 2314.8805;
	1918.0658 1224.4544 2035.383 600.076 1073.8056 1470.0542 1068.3 361.9905 669.0 6307.7111 2309.6208;
	1938.381 1252.8879 2084.1569 584.7574 1110.6763 1531.3982 1095.4432 350.3124 682.7953 6627.4242 2404.567;
	1918.7248 1251.1 2091.0734 592.0201 1097.306 1540.1331 1091.4 359.639 681.6 6815.3798 2473.5213;
	1919.4544 1240.7367 2091.0466 589.7 1094.5908 1562.3925 1128.4126 354.1 664.4377 7120.593 2498.1894;
	1915.9844 1248.5093 2109.6487 586.7 1094.3154 1568.8328 1136.0204 354.5 656.0253 7066.9899 2500.151;
	1905.9019 1213.1601 2057.7093 574.878 1081.9461 1543.8861 1090.6614 345.563 642.6 6767.0329 2323.5738;
	1905.2308 1215.43 2051.5 569.9776 1049.7396 1557.671 1077.3227 339.7 645.5688 6790.1825 2430.477;
	1910.3295 1230.7468 2027.0816 575.0205 1028.1573 1559.7042 1046.3829 345.0 613.1699 6919.2371 2311.4899;
	1869.341 1213.3517 1962.4611 576.3789 1015.9516 1562.2548 1026.2259 331.025 590.9509 6687.64 2278.2158;
	1865.8045 1226.0589 2002.2757 568.1128 1040.9593 1582.2392 1047.3028 356.1076 536.744 6682.0179 2337.0963;
	1851.7443 1271.7111 2044.7 570.3276 1075.3307 1597.8588 1072.3 385.0684 634.1 6844.5484 2516.6883;
	1888.6776 1289.3054 2117.8444 591.8123 1092.0738 1641.3971 1107.1763 374.5 675.4187 6646.5815 2562.9429;
	1910.5308 1302.7872 2064.2338 596.308 1080.6281 1609.7644 1108.3632 386.4928 663.7909 6645.7145 2533.1152;
	1896.0815 1278.9113 2004.6204 579.8 1000.5623 1549.6061 1102.9851 371.5756 651.2521 6424.9441 2422.21;
	1815.6976 1158.0732 1861.6532 547.8251 952.1256 1441.7168 1030.0067 334.3028 582.1229 5866.507 2174.4;
	1730.3982 1108.9815 1784.9 546.6186 898.3 1349.4072 961.8939 318.3908 527.3653 5621.9931 2013.4286;
	1569.2677 1017.5729 1702.2783 561.6 856.5149 1274.0212 915.9 301.9407 513.5453 5365.6667 1890.5528;
	1549.7156 997.2 1681.3 572.8 870.2933 1242.065 905.5 294.1313 517.2888 4928.9257 1786.5128;
];
