function loadprofile = ex_load_profilesh1
%EX_LOAD_PROFILE  Example load profile data file for stochastic unit commitment.
% 2022.03.12
% Andres F. Ramirez

%% define constants
[CT_LABEL, CT_PROB, CT_TABLE, CT_TBUS, CT_TGEN, CT_TBRCH, CT_TAREABUS, ...
    CT_TAREAGEN, CT_TAREABRCH, CT_ROW, CT_COL, CT_CHGTYPE, CT_REP, ...
    CT_REL, CT_ADD, CT_NEWVAL, CT_TLOAD, CT_TAREALOAD, CT_LOAD_ALL_PQ, ...
    CT_LOAD_FIX_PQ, CT_LOAD_DIS_PQ, CT_LOAD_ALL_P, CT_LOAD_FIX_P, ...
    CT_LOAD_DIS_P, CT_TGENCOST, CT_TAREAGENCOST, CT_MODCOST_F, ...
    CT_MODCOST_X] = idx_ct;

loadprofile = struct( ...
    'type', 'mpcData', ...
    'table', CT_TAREALOAD, ...
    'rows', [1:11], ...
    'col', CT_LOAD_ALL_P, ...
    'chgtype', 1, ...
    'values', [] );
loadprofile.values(:,1,:) = [
	1502.9756 901.4035 1552.6569 485.1304 755.7762 1077.1275 821.0093 241.5206 482.4127 4325.5578 1634.4963;
	1506.2048 914.1831 1595.1556 503.5317 786.2252 1122.0144 832.5 257.1087 491.2 4385.1657 1659.8591;
	1533.9428 955.0759 1631.3808 515.1964 795.1697 1108.6091 848.5867 265.5458 495.7 4387.9344 1677.6455;
	1584.9647 1011.7483 1723.3059 554.7 859.8785 1206.1206 897.6713 287.5459 539.4812 4621.4597 1799.0;
	1740.9089 1130.2143 1924.461 586.749 1001.8615 1350.646 985.9942 324.8714 614.8579 5199.4409 2045.4857;
	1858.3 1215.1209 2018.8591 612.9202 1036.7799 1407.0282 1026.3031 347.1658 653.1651 5683.8505 2206.7;
	1851.4107 1223.8852 2019.0 590.8 1041.0 1424.6581 1060.3 336.7848 677.0365 6073.9 2191.5315;
	1876.817 1241.6971 2058.7371 590.0034 1039.1871 1431.7043 1074.1478 329.1787 690.3 6315.7802 2121.4575;
	1827.9845 1245.9987 2088.7114 578.0 1067.534 1414.7 1078.8754 311.6173 690.1701 6434.2028 2169.1398;
	1876.8205 1262.5223 2092.5262 581.2932 1093.4941 1470.4191 1094.5899 314.9045 695.0994 6568.0354 2219.2407;
	1876.0917 1269.3 2078.9 577.7289 1061.0119 1481.5 1119.4351 314.7262 676.2628 6619.7467 2212.0752;
	1875.526 1239.3 2056.7814 578.8587 1050.6927 1409.112 1057.4006 311.7615 645.2401 6414.3685 2105.0375;
	1837.2 1224.0 2007.3701 584.8634 1017.1908 1380.9 1054.1259 308.3543 652.0 6375.9 2117.2168;
	1874.2857 1236.7517 1998.4704 565.052 1038.5903 1418.2288 1085.0454 315.3908 665.8806 6377.7558 2184.0138;
	1882.4 1233.5951 1983.3678 586.6 1029.1571 1456.4266 1138.5643 325.2727 687.9324 6351.4 2297.0118;
	1903.4143 1263.6 2031.4304 592.7152 1068.6611 1518.7231 1163.5784 322.0218 710.1395 6322.8443 2355.5573;
	1935.2656 1255.7264 2052.5189 606.3237 1088.143 1491.5 1184.9514 334.834 767.4656 6257.5505 2436.4274;
	2033.1041 1329.6592 2094.9077 618.7716 1118.8 1552.2627 1301.8842 373.6091 797.3537 6381.9228 2621.7513;
	2037.7745 1321.1853 2101.7387 605.3612 1113.4 1508.8738 1200.4813 356.2 763.6464 6171.4 2553.0651;
	1909.6764 1245.4088 2033.7769 600.4547 1064.3497 1474.2866 1188.3366 351.5 732.2514 5980.1017 2411.9733;
	1863.2236 1163.8284 1880.9321 580.7215 971.7584 1331.1496 1103.639 334.2815 674.4 5676.7642 2281.5531;
	1728.4756 1072.6 1765.9398 565.4804 903.4078 1242.6226 996.5914 278.1987 598.1391 5190.2178 2006.5919;
	1620.4244 1001.2848 1729.3011 552.9 814.742 1206.2118 958.9 258.2344 589.7022 4918.794 1899.9396;
	1609.924 998.8824 1745.8803 558.2 801.1919 1160.9026 966.2412 260.8632 572.0349 4866.3772 1907.2241;
];
