function solarprofile = ex_solar_profilesh1
%EX_WIND_PROFILE_D  Example wind_load_nyiso profile data for deterministic unit commitment.
% 2022.03.12
% Andres F. Ramirez


%% define constants
[GEN_BUS, PG, QG, QMAX, QMIN, VG, MBASE, GEN_STATUS, PMAX, PMIN, ...
    MU_PMAX, MU_PMIN, MU_QMAX, MU_QMIN, PC1, PC2, QC1MIN, QC1MAX, ...
    QC2MIN, QC2MAX, RAMP_AGC, RAMP_10, RAMP_30, RAMP_Q, APF] = idx_gen;
[CT_LABEL, CT_PROB, CT_TABLE, CT_TBUS, CT_TGEN, CT_TBRCH, CT_TAREABUS, ...
    CT_TAREAGEN, CT_TAREABRCH, CT_ROW, CT_COL, CT_CHGTYPE, CT_REP, ...
    CT_REL, CT_ADD, CT_NEWVAL, CT_TLOAD, CT_TAREALOAD, CT_LOAD_ALL_PQ, ...
    CT_LOAD_FIX_PQ, CT_LOAD_DIS_PQ, CT_LOAD_ALL_P, CT_LOAD_FIX_P, ...
    CT_LOAD_DIS_P, CT_TGENCOST, CT_TAREAGENCOST, CT_MODCOST_F, ...
    CT_MODCOST_X] = idx_ct;

solarprofile = struct( ...
    'type', 'mpcData', ...
    'table', CT_TGEN, ...
    'rows', [1:12], ...
    'col', PMAX, ...
    'chgtype', 1, ...
    'values', [] );
solarprofile.values(:,1,:) = [
	0.0 0.0 0.0 0.0 0.0 0.0 0.0 0.0 0.0 0.0 0.0 0.0;
	0.0 0.0 0.0 0.0 0.0 0.0 0.0 0.0 0.0 0.0 0.0 0.0;
	0.0 0.0 0.0 0.0 0.0 0.0 0.0 0.0 0.0 0.0 0.0 0.0;
	0.0 0.0 0.0 0.0 0.0 0.0 0.0 0.0 0.0 0.0 0.0 0.0;
	0.0 0.0 0.0 0.0 0.0 0.0 0.0 0.0 0.0 0.0 0.0 0.0;
	0.0 0.0 0.002 0.0 0.0 0.0 0.0 0.0 0.0 0.0 0.0 0.0;
	6.0131 5.5145 3.5755 8.6193 5.9817 202.9835 25.3729 28.5335 66.4266 68.9343 39.2803 124.8403;
	14.267 13.1673 4.327 9.9665 12.8324 386.6247 48.3281 70.3366 214.1165 132.8614 69.8637 240.6128;
	21.7952 16.6029 10.9645 10.7423 12.9714 411.2549 51.4069 73.9849 256.1293 259.2 115.8524 469.4129;
	26.1731 16.6083 12.3198 11.1477 9.6443 353.8304 44.2288 68.4874 260.7577 246.7405 81.4089 446.8485;
	26.334 16.5992 13.1261 11.2465 8.774 317.5232 39.6904 66.8093 244.7324 274.1125 130.3467 496.4194;
	26.334 16.5526 13.1841 11.2206 9.0838 317.6529 39.7066 66.8542 238.2307 283.3566 186.6161 513.1606;
	26.3192 15.8657 11.4228 11.4464 11.9059 403.8463 50.4808 73.2242 241.9701 205.9543 192.2947 372.9846;
	21.8178 15.2279 10.2491 11.441 12.3631 419.6504 52.4563 75.6019 236.1099 206.4733 172.9443 373.9245;
	12.0941 7.9081 2.998 9.1658 11.3845 404.081 50.5101 74.0746 206.736 170.5783 128.1855 308.9183;
	3.8645 2.0691 0.9276 7.2366 5.9231 206.8481 25.856 48.8356 103.6706 75.7348 20.2471 137.1562;
	0.7393 0.5929 0.3718 1.7089 2.7757 49.9056 6.2382 10.0007 24.8527 21.6819 17.3661 39.266;
	0.0 0.0 0.0 0.0 0.0 0.0 0.0 0.0 0.0 0.0 0.0 0.0;
	0.0 0.0 0.0 0.0 0.0 0.0 0.0 0.0 0.0 0.0 0.0 0.0;
	0.0 0.0 0.0 0.0 0.0 0.0 0.0 0.0 0.0 0.0 0.0 0.0;
	0.0 0.0 0.0 0.0 0.0 0.0 0.0 0.0 0.0 0.0 0.0 0.0;
	0.0 0.0 0.0 0.0 0.0 0.0 0.0 0.0 0.0 0.0 0.0 0.0;
	0.0 0.0 0.0 0.0 0.0 0.0 0.0 0.0 0.0 0.0 0.0 0.0;
	0.0 0.0 0.0 0.0 0.0 0.0 0.0 0.0 0.0 0.0 0.0 0.0;
];
