function windprofile = ex_wind_profilesh1
%EX_WIND_PROFILE_D  Example wind_load_nyiso profile data for deterministic unit commitment.
% 2022.03.12
% Andres F. Ramirez


%% define constants
[GEN_BUS, PG, QG, QMAX, QMIN, VG, MBASE, GEN_STATUS, PMAX, PMIN, ...
    MU_PMAX, MU_PMIN, MU_QMAX, MU_QMIN, PC1, PC2, QC1MIN, QC1MAX, ...
    QC2MIN, QC2MAX, RAMP_AGC, RAMP_10, RAMP_30, RAMP_Q, APF] = idx_gen;
[CT_LABEL, CT_PROB, CT_TABLE, CT_TBUS, CT_TGEN, CT_TBRCH, CT_TAREABUS, ...
    CT_TAREAGEN, CT_TAREABRCH, CT_ROW, CT_COL, CT_CHGTYPE, CT_REP, ...
    CT_REL, CT_ADD, CT_NEWVAL, CT_TLOAD, CT_TAREALOAD, CT_LOAD_ALL_PQ, ...
    CT_LOAD_FIX_PQ, CT_LOAD_DIS_PQ, CT_LOAD_ALL_P, CT_LOAD_FIX_P, ...
    CT_LOAD_DIS_P, CT_TGENCOST, CT_TAREAGENCOST, CT_MODCOST_F, ...
    CT_MODCOST_X] = idx_ct;

windprofile = struct( ...
    'type', 'mpcData', ...
    'table', CT_TGEN, ...
    'rows', [1:45], ...
    'col', PMAX, ...
    'chgtype', 1, ...
    'values', [] );
windprofile.values(:,1,:) = [
	3.6187 48.8963 87.3917 97.31 14.3525 32.024 26.2021 17.713 25.8265 27.8298 51.4429 76.7427 115.5357 63.5367 201.4983 75.9133 94.1887 99.8119 33.793 72.1944 8.734 74.7227 70.5019 87.8285 102.8749 71.8292 13.3676 1146.767 665.1374 665.1374 572.2839 96.3466 112.6434 185.8285 199.1961 283.7919 1163.9475 215.5543 436.0638 275.5577 118.07 355.253 122.3785 257.3839 1176.0719;
	3.5593 48.0939 89.4423 110.7373 14.1108 30.4743 26.4041 18.4296 23.7374 28.5613 52.7952 78.76 118.5727 63.4885 202.2757 76.2062 94.5521 100.197 33.2638 73.1651 8.8014 71.1067 69.7434 88.2815 103.1845 72.3233 13.5314 1198.7148 694.2036 694.2036 596.5166 96.5181 110.8795 188.3272 199.045 296.1936 1165.4279 222.6023 410.982 276.3871 120.9689 338.0617 112.9695 264.7041 1177.5677;
	3.6654 49.5273 90.368 62.3354 14.5658 32.0792 26.3215 18.2275 25.9155 26.0804 48.2092 71.9186 108.2731 63.246 202.154 76.1603 94.4952 100.1367 32.3831 73.2005 8.7738 74.8515 66.9646 89.7145 105.0966 73.4101 13.8756 1203.0024 694.4364 694.4364 554.7215 95.1954 107.9438 188.4183 198.2848 296.2929 1212.246 210.9939 418.2981 281.5087 120.7594 355.8652 125.0971 264.0039 1224.8736;
	3.583 48.4135 88.4992 76.5997 14.1336 31.1537 25.1644 18.1769 25.8246 24.7994 45.8414 68.3863 102.9552 62.8021 200.3751 75.4902 93.6637 99.2556 39.7078 72.6923 8.3881 72.692 50.9309 89.618 103.8624 74.1443 13.6518 1232.4633 659.5172 659.5172 501.8599 69.5839 132.3594 187.1102 196.8929 281.394 1109.0838 217.3208 402.9122 278.2028 118.5687 345.5987 146.1804 266.8878 1120.6368;
	3.3749 45.6025 89.2378 115.2923 14.1534 31.8483 21.1263 18.308 25.9517 27.3392 50.536 75.3898 113.4989 62.6243 195.2804 73.5708 91.2822 96.7319 67.9226 70.433 7.0421 74.3127 40.505 89.1447 103.3229 74.0152 13.4869 1184.0453 606.1267 606.1267 469.0652 72.1175 226.4085 181.2948 196.3357 258.6141 1120.011 205.6063 422.5078 276.7577 117.7917 353.3037 168.0118 258.52 1131.6778;
	3.6872 49.8216 89.3311 113.8814 14.8422 33.1252 25.9478 18.3701 27.2615 30.138 55.7097 83.1079 125.1185 64.395 201.5085 75.9171 94.1935 99.817 86.7549 72.6805 8.6493 77.2921 66.9787 88.5764 102.8669 73.4727 13.5691 1224.4485 664.1766 664.1766 459.3107 76.5249 289.1831 187.0797 201.887 283.382 1088.4088 196.3806 441.1704 275.5364 113.3835 367.4687 187.4562 257.5729 1099.7463;
	3.8069 51.4394 92.5181 117.2351 14.9629 33.607 28.0912 18.5951 27.846 29.567 54.6541 81.5332 122.7478 65.2907 201.5593 75.9363 94.2173 99.8422 88.9357 72.6987 9.3637 78.4164 72.1087 88.8167 102.7973 75.099 13.275 1241.4773 690.0208 690.0208 510.1791 74.6141 296.4525 187.1267 204.695 294.4089 1117.2437 212.8673 455.6634 275.3499 120.5432 372.8141 198.8906 258.3407 1128.8816;
	3.5689 48.224 87.5291 112.7574 14.5442 32.3925 26.7817 17.8811 26.6451 29.3201 54.1978 80.8525 121.723 63.4259 202.7013 76.3665 94.7511 100.4079 88.4399 72.7749 8.9272 75.5826 72.5067 86.9658 103.0254 73.1868 12.9214 1129.9316 688.6454 688.6454 486.7852 60.7838 294.7998 187.3227 198.8486 293.822 1048.3363 201.606 445.2018 275.9608 113.868 359.3412 180.4252 248.718 1059.2565;
	3.5869 48.4674 89.5385 116.2698 14.2831 33.3266 27.3639 17.8463 26.5366 30.0493 55.5456 82.8631 124.75 63.2726 200.3606 75.4847 93.6569 99.2484 87.9486 72.0766 9.1213 77.7622 72.8139 87.4798 101.9576 73.5959 13.0643 1121.7691 721.0174 721.0174 529.1789 63.3843 293.1619 185.5254 198.3681 307.6341 1082.8595 246.5743 449.3231 273.1007 115.3425 369.7035 163.3738 271.9228 1094.1393;
	3.6084 48.758 85.6995 109.963 14.2269 32.4486 27.2987 17.4241 25.9446 30.6074 56.5773 84.4021 127.067 60.7935 196.5009 74.0306 91.8528 97.3365 88.1601 73.0642 9.0996 75.7135 74.8237 85.3025 97.5207 71.1768 12.302 1073.8554 709.1676 709.1676 533.866 69.6012 293.8671 188.0676 190.5958 302.5782 1050.5892 253.6942 436.209 261.2161 114.1126 359.9636 149.2838 256.7738 1061.5328;
	3.6449 49.2501 87.275 112.9716 14.5217 33.0218 23.9498 17.7136 25.7998 30.618 56.597 84.4316 127.1113 61.9365 199.9931 75.3463 93.4852 99.0664 87.6581 73.5625 7.9833 77.0508 74.6814 85.7462 96.9797 70.4885 12.8657 1115.5305 729.7582 729.7582 620.4865 87.925 292.1938 189.3501 194.1794 311.3635 1045.8223 295.441 435.3316 259.7671 116.1402 366.3215 155.7018 259.8108 1056.7162;
	3.7293 50.3915 89.4171 113.2063 14.7562 32.8736 22.814 18.0097 25.7731 30.2355 55.8898 83.3766 125.5231 61.6839 193.551 72.9192 90.4738 95.8753 86.437 70.8984 7.6047 76.705 74.2952 86.9014 100.7444 73.2931 13.1052 1009.8631 721.9668 721.9668 627.7312 91.0185 288.1233 182.4927 193.3875 308.0392 1076.6661 274.0638 392.5015 269.851 116.128 364.6776 174.9993 268.6843 1087.8814;
	3.7099 50.1282 91.4316 117.8325 15.0895 32.8927 27.8043 18.5862 26.1174 30.3526 56.1064 83.6996 126.0094 65.7729 195.1262 73.5127 91.2102 96.6555 84.6032 70.601 9.2681 76.7497 74.4269 90.0183 103.3919 74.8754 13.3244 1076.2288 747.9974 747.9974 641.0782 94.8928 282.0107 181.727 206.207 319.1455 1036.9232 296.2417 440.5217 276.9427 116.0038 364.8898 156.5356 262.2426 1047.7244;
	3.8486 52.0025 92.6794 116.1171 15.2596 34.6056 27.1198 18.2617 25.9771 30.0612 55.5677 82.8961 124.7995 64.4628 197.1901 74.2902 92.1749 97.6779 88.1538 72.4968 9.0399 80.7464 74.9743 88.2537 100.6157 73.4901 13.4348 1029.5236 705.7007 705.7007 686.4606 93.07 293.846 186.6068 202.0997 301.099 1003.1458 295.9036 446.8641 269.5065 115.0216 383.8916 157.2249 271.9668 1013.5952;
	3.8458 51.9649 93.3625 118.0664 15.1945 34.7955 25.8564 18.6832 26.4091 29.3178 54.1935 80.846 121.7133 66.1283 192.9431 72.6902 90.1897 95.5741 86.2169 72.3389 8.6188 81.1895 72.6252 89.7913 104.7263 74.3909 13.6866 1057.9938 708.3976 708.3976 657.4757 94.2009 287.3898 186.2005 207.3211 302.2497 970.562 306.8143 464.5061 280.5168 121.324 385.9981 180.0375 258.8055 980.6721;
	3.7633 50.8505 90.9497 116.171 15.0404 33.9356 24.723 17.9543 25.3408 23.642 43.7019 65.1946 98.1501 65.0385 191.2344 72.0465 89.391 94.7278 77.9372 69.6982 8.241 79.183 70.8173 86.2673 100.1824 75.0652 13.3441 1187.012 753.2862 753.2862 644.4335 99.7632 259.7907 179.4033 203.9046 321.4021 1090.2976 299.9705 436.8212 268.3458 113.3948 376.4585 183.1894 250.6727 1101.6548;
	3.7341 50.4554 87.3897 116.0823 14.8264 33.7145 22.7693 17.3844 25.4977 27.3136 50.4887 75.3192 113.3927 61.4908 191.0852 71.9902 89.3212 94.6538 78.9215 71.1997 7.5898 78.6672 71.4963 85.819 97.7059 73.4499 12.1597 1100.5024 757.579 757.579 670.8889 94.1611 263.0716 183.2682 192.7821 323.2337 1150.9414 286.8726 430.7547 261.7123 113.5444 374.0064 190.4171 217.9761 1162.9303;
	3.7805 51.0829 91.306 117.7001 14.508 32.7326 24.5317 16.1302 26.5274 28.1595 52.0525 77.652 116.9047 63.2162 190.2545 71.6773 88.9329 94.2424 84.3158 69.2828 8.1772 76.3761 69.9654 84.8357 100.9054 70.2227 12.2237 1242.3622 712.3602 712.3602 641.7997 90.6875 281.0526 178.334 198.1914 303.9404 1181.5804 285.0583 458.7452 270.2823 114.1707 363.114 194.8578 247.308 1193.8885;
