function loadprofile = ex_load_profilesh1
%EX_LOAD_PROFILE  Example load profile data file for stochastic unit commitment.
% 2022.03.12
% Andres F. Ramirez

%% define constants
[CT_LABEL, CT_PROB, CT_TABLE, CT_TBUS, CT_TGEN, CT_TBRCH, CT_TAREABUS, ...
    CT_TAREAGEN, CT_TAREABRCH, CT_ROW, CT_COL, CT_CHGTYPE, CT_REP, ...
    CT_REL, CT_ADD, CT_NEWVAL, CT_TLOAD, CT_TAREALOAD, CT_LOAD_ALL_PQ, ...
    CT_LOAD_FIX_PQ, CT_LOAD_DIS_PQ, CT_LOAD_ALL_P, CT_LOAD_FIX_P, ...
    CT_LOAD_DIS_P, CT_TGENCOST, CT_TAREAGENCOST, CT_MODCOST_F, ...
    CT_MODCOST_X] = idx_ct;

loadprofile = struct( ...
    'type', 'mpcData', ...
    'table', CT_TAREALOAD, ...
    'rows', [1:11], ...
    'col', CT_LOAD_ALL_P, ...
    'chgtype', 1, ...
    'values', [] );
loadprofile.values(:,1,:) = [
	1482.9776 873.6129 1480.824 575.5283 659.0629 1030.1594 773.1656 249.2228 505.5 4330.379 1650.0952;
	1472.0113 872.0479 1501.9113 566.1603 666.9382 1044.3 780.2221 245.4487 481.1 4311.8239 1639.6719;
	1533.7 912.0675 1570.2483 581.2649 682.2791 1085.5008 806.1867 259.9191 493.6494 4410.3742 1685.4538;
	1591.2 981.2 1655.0092 586.1 735.2733 1135.9532 852.0393 266.9656 524.7304 4618.1 1795.2624;
	1741.5171 1091.2179 1835.012 621.8427 846.2786 1306.9409 944.2861 305.8844 598.6 5187.9495 2059.4291;
	1902.9645 1209.3316 1986.0794 642.5114 924.7489 1429.4 1004.73 335.7 663.9591 5768.8724 2211.5857;
	1922.8313 1222.9 1994.4237 637.5803 945.7 1439.0537 1010.6026 338.3 677.0 6143.6374 2272.6;
	1934.9848 1244.6 1962.7633 631.4504 988.3106 1445.6342 1032.6159 341.5008 689.392 6365.1647 2260.3733;
	1958.8763 1294.9014 1993.1401 628.021 995.9496 1436.6359 1016.2657 336.3 694.7734 6479.774 2259.1;
	1928.4763 1278.9 1949.6845 615.2 973.2583 1417.9325 995.7872 333.4 678.6 6552.5354 2253.1864;
	1890.5 1245.0716 1961.8876 615.8764 989.9022 1389.5095 976.8145 315.3 673.0526 6508.5844 2179.478;
	1914.375 1263.2 1952.6 627.9563 947.9868 1409.3173 963.8991 326.0358 673.6 6456.1875 2201.0136;
	1922.3 1226.5 1897.3616 623.2259 955.2756 1410.7255 975.5408 340.9671 685.3657 6478.6276 2200.1552;
	1861.4322 1213.6204 1838.0347 607.4968 916.8767 1401.3328 1000.0811 333.7536 686.6777 6483.4337 2223.8;
	1841.928 1199.8825 1832.165 601.9 910.7561 1427.972 1001.4914 337.5 663.6443 6297.308 2232.2959;
	1850.9809 1202.6 1833.3749 617.0046 945.7314 1441.746 1042.4481 352.3445 677.185 6323.136 2332.5996;
	1841.2762 1202.6369 1835.0214 628.3209 949.9922 1466.3037 1068.4491 350.3 696.2684 6173.2004 2379.034;
	1952.1468 1231.9048 1976.3265 628.4083 977.6758 1478.0884 1071.8058 365.302 728.2921 6170.6892 2466.2;
	1958.104 1218.454 1946.1959 625.1778 965.1975 1467.1354 1100.754 362.0 694.5783 5765.3328 2390.2457;
	1978.6744 1189.4524 1869.3281 616.8125 914.7213 1392.2373 1082.5653 355.7 668.6038 5691.8254 2282.8352;
	1865.2153 1104.0319 1796.7623 583.9 856.0894 1303.2341 1007.9194 334.0913 647.8977 5524.6406 2110.9992;
	1707.6209 1003.328 1656.9879 569.0 787.5719 1209.313 928.2572 280.3517 579.871 5115.7876 1910.2584;
	1609.8842 960.5223 1632.856 598.328 739.1832 1173.5417 909.2294 274.7639 535.5088 4896.4371 1845.5302;
	1557.0349 937.9682 1615.5789 597.7 736.9889 1148.5159 861.6 264.7273 507.3 4641.6928 1732.2457;
];
