function solarprofile = ex_solar_profilesh1
%EX_WIND_PROFILE_D  Example wind_load_nyiso profile data for deterministic unit commitment.
% 2022.03.12
% Andres F. Ramirez


%% define constants
[GEN_BUS, PG, QG, QMAX, QMIN, VG, MBASE, GEN_STATUS, PMAX, PMIN, ...
    MU_PMAX, MU_PMIN, MU_QMAX, MU_QMIN, PC1, PC2, QC1MIN, QC1MAX, ...
    QC2MIN, QC2MAX, RAMP_AGC, RAMP_10, RAMP_30, RAMP_Q, APF] = idx_gen;
[CT_LABEL, CT_PROB, CT_TABLE, CT_TBUS, CT_TGEN, CT_TBRCH, CT_TAREABUS, ...
    CT_TAREAGEN, CT_TAREABRCH, CT_ROW, CT_COL, CT_CHGTYPE, CT_REP, ...
    CT_REL, CT_ADD, CT_NEWVAL, CT_TLOAD, CT_TAREALOAD, CT_LOAD_ALL_PQ, ...
    CT_LOAD_FIX_PQ, CT_LOAD_DIS_PQ, CT_LOAD_ALL_P, CT_LOAD_FIX_P, ...
    CT_LOAD_DIS_P, CT_TGENCOST, CT_TAREAGENCOST, CT_MODCOST_F, ...
    CT_MODCOST_X] = idx_ct;

solarprofile = struct( ...
    'type', 'mpcData', ...
    'table', CT_TGEN, ...
    'rows', [1:12], ...
    'col', PMAX, ...
    'chgtype', 1, ...
    'values', [] );
solarprofile.values(:,1,:) = [
	0.0 0.0 0.0 0.0 0.0 0.0 0.0 0.0 0.0 0.0 0.0 0.0;
	0.0 0.0 0.0 0.0 0.0 0.0 0.0 0.0 0.0 0.0 0.0 0.0;
	0.0 0.0 0.0 0.0 0.0 0.0 0.0 0.0 0.0 0.0 0.0 0.0;
	0.0 0.0 0.0 0.0 0.0 0.0 0.0 0.0 0.0 0.0 0.0 0.0;
	0.0 0.0 0.0 0.0 0.0 0.0 0.0 0.0 0.0 0.0 0.0 0.0;
	0.0 0.0 0.002 0.0 0.0 0.0 0.0 0.0 0.0 0.0 0.0 0.0;
	6.3044 5.6948 5.5285 1.8174 3.1457 386.7016 48.3377 49.923 193.8251 89.9679 47.3676 162.9323;
	20.6402 16.7696 13.6051 8.8325 10.1755 409.3279 51.166 71.5681 196.2033 327.8653 254.2362 593.766;
	25.1014 17.3542 14.1996 11.2249 11.7458 417.0805 52.1351 73.7977 191.3204 322.7599 240.5753 584.5201;
	26.6167 16.9416 13.8884 11.2835 7.3411 380.5575 47.5697 67.8809 244.3396 255.6774 201.887 463.0333;
	26.0639 16.6083 13.7972 11.4504 8.1333 374.5912 46.8239 66.7045 253.9107 282.5259 216.6265 511.6561;
	21.8217 15.7249 11.9595 11.4717 9.2983 360.0643 45.008 64.5779 244.6253 291.1637 222.3259 527.2991;
	23.448 16.6083 11.626 11.7905 11.3805 377.6259 47.2032 55.1514 207.3769 239.1012 220.3877 433.0137;
	23.2388 16.6394 13.6695 11.93 11.5479 392.1647 49.0206 45.3508 200.7742 241.8039 202.3786 437.9083;
	20.6669 16.6985 11.7931 11.7039 10.5742 390.843 48.8554 47.445 205.1106 244.3143 201.8807 442.4548;
	14.4862 12.2861 7.2132 9.7347 5.6958 277.6237 34.703 19.1559 202.9345 294.1654 111.7506 532.7353;
	0.8508 0.7536 0.4238 1.8294 2.8358 48.978 6.1222 8.4157 24.8105 45.1903 19.1451 81.8399;
	0.0 0.0 0.0 0.0 0.0 0.0 0.0 0.0 0.0 0.0 0.0 0.0;
	0.0 0.0 0.0 0.0 0.0 0.0 0.0 0.0 0.0 0.0 0.0 0.0;
	0.0 0.0 0.0 0.0 0.0 0.0 0.0 0.0 0.0 0.0 0.0 0.0;
	0.0 0.0 0.0 0.0 0.0 0.0 0.0 0.0 0.0 0.0 0.0 0.0;
	0.0 0.0 0.0 0.0 0.0 0.0 0.0 0.0 0.0 0.0 0.0 0.0;
	0.0 0.0 0.0 0.0 0.0 0.0 0.0 0.0 0.0 0.0 0.0 0.0;
	0.0 0.0 0.0 0.0 0.0 0.0 0.0 0.0 0.0 0.0 0.0 0.0;
];
