function loadprofile = ex_load_profilesh1
%EX_LOAD_PROFILE  Example load profile data file for stochastic unit commitment.
% 2022.03.12
% Andres F. Ramirez

%% define constants
[CT_LABEL, CT_PROB, CT_TABLE, CT_TBUS, CT_TGEN, CT_TBRCH, CT_TAREABUS, ...
    CT_TAREAGEN, CT_TAREABRCH, CT_ROW, CT_COL, CT_CHGTYPE, CT_REP, ...
    CT_REL, CT_ADD, CT_NEWVAL, CT_TLOAD, CT_TAREALOAD, CT_LOAD_ALL_PQ, ...
    CT_LOAD_FIX_PQ, CT_LOAD_DIS_PQ, CT_LOAD_ALL_P, CT_LOAD_FIX_P, ...
    CT_LOAD_DIS_P, CT_TGENCOST, CT_TAREAGENCOST, CT_MODCOST_F, ...
    CT_MODCOST_X] = idx_ct;

loadprofile = struct( ...
    'type', 'mpcData', ...
    'table', CT_TAREALOAD, ...
    'rows', [1:11], ...
    'col', CT_LOAD_ALL_P, ...
    'chgtype', 1, ...
    'values', [] );
loadprofile.values(:,1,:) = [
	1525.488 940.0842 1548.6874 564.1996 748.6 1090.9016 862.7321 265.0107 508.4651 4565.184 1875.9127;
	1520.7843 939.2 1556.7488 577.4515 738.0701 1092.1827 865.6514 258.0 503.5024 4600.9198 1835.8116;
	1537.9966 954.9907 1606.937 582.3072 785.1042 1116.2511 877.8151 273.695 514.5048 4679.0569 1973.2191;
	1620.2652 1027.1666 1704.835 592.5575 860.3258 1206.3382 942.8095 289.3348 549.3803 4969.7136 1967.5787;
	1753.8231 1143.5 1914.4925 625.3556 947.3164 1355.2376 1040.6557 334.5636 609.3569 5363.8494 2162.6106;
	1892.1516 1248.6397 2071.9222 636.9362 1021.5134 1463.2 1106.4327 361.871 664.2678 5883.8938 2307.8434;
	1927.5545 1253.8905 2086.9968 620.918 1034.0461 1456.3 1117.045 366.6573 672.2114 6221.786 2299.4;
	1931.1034 1257.9084 2064.0802 614.1328 1061.2392 1441.6354 1083.2541 365.3 667.2938 6399.0568 2328.2507;
	1941.8001 1241.6826 2057.8037 603.5 1034.4822 1452.2046 1110.3788 363.7026 687.3 6634.5565 2367.7542;
	1953.1 1248.1763 2040.2924 615.3882 1017.5 1492.6994 1095.7767 367.5872 664.7049 6753.8581 2312.9148;
	1953.5719 1242.6669 1958.4364 599.5812 1023.4366 1484.0823 1112.8424 364.7161 690.4105 6671.8904 2347.4431;
	1933.4619 1242.2166 1997.5559 598.0077 1014.7 1532.2645 1135.1232 376.149 703.9774 6841.4257 2457.4593;
	1970.4065 1235.1258 2005.2229 583.8963 1008.0936 1493.9155 1124.7478 375.9931 686.7 6740.0841 2620.4401;
	1915.7997 1231.0041 1989.8202 580.8919 1027.2 1458.2956 1143.3474 386.0307 727.4289 6758.7614 2647.5232;
	1924.9823 1233.8285 2036.8534 594.761 1036.9123 1441.5 1130.5848 374.4131 729.8142 6645.9464 2600.2359;
	1887.1788 1236.6 2094.7249 603.3 1077.6269 1501.5316 1215.0971 400.2494 751.561 6610.8298 2759.0081;
	1870.8955 1214.5515 2000.7376 613.6542 1056.3741 1480.8191 1229.9236 388.3 723.2749 6360.8659 2692.0566;
	1931.5125 1276.8093 2095.3 620.6037 1083.6974 1511.812 1271.0 420.7579 748.2985 6342.6023 2765.4699;
	1946.4 1265.783 2092.187 612.4 1096.8672 1481.8704 1254.3569 405.9669 739.0258 6203.3498 2676.0288;
	1844.2912 1181.2 1948.4543 591.761 1027.7654 1402.7237 1202.9 409.799 716.2952 6067.5793 2510.5085;
	1730.3 1062.9782 1796.3106 563.1 925.4081 1284.8378 1087.3951 353.9575 650.6022 5628.7629 2225.9475;
	1628.5886 987.8662 1677.6146 559.3 876.7 1184.3207 1034.2402 328.652 613.4343 5221.6554 2001.9139;
	1568.5827 957.0215 1674.4699 565.9655 843.1499 1154.8283 959.7761 306.504 551.3201 4948.8097 1977.7;
	1501.6444 943.6019 1621.2699 574.8917 846.3736 1153.832 913.6849 269.892 518.025 4664.2201 1855.2401;
];
