function windprofile = ex_wind_profilesh1
%EX_WIND_PROFILE_D  Example wind_load_nyiso profile data for deterministic unit commitment.
% 2022.03.12
% Andres F. Ramirez


%% define constants
[GEN_BUS, PG, QG, QMAX, QMIN, VG, MBASE, GEN_STATUS, PMAX, PMIN, ...
    MU_PMAX, MU_PMIN, MU_QMAX, MU_QMIN, PC1, PC2, QC1MIN, QC1MAX, ...
    QC2MIN, QC2MAX, RAMP_AGC, RAMP_10, RAMP_30, RAMP_Q, APF] = idx_gen;
[CT_LABEL, CT_PROB, CT_TABLE, CT_TBUS, CT_TGEN, CT_TBRCH, CT_TAREABUS, ...
    CT_TAREAGEN, CT_TAREABRCH, CT_ROW, CT_COL, CT_CHGTYPE, CT_REP, ...
    CT_REL, CT_ADD, CT_NEWVAL, CT_TLOAD, CT_TAREALOAD, CT_LOAD_ALL_PQ, ...
    CT_LOAD_FIX_PQ, CT_LOAD_DIS_PQ, CT_LOAD_ALL_P, CT_LOAD_FIX_P, ...
    CT_LOAD_DIS_P, CT_TGENCOST, CT_TAREAGENCOST, CT_MODCOST_F, ...
    CT_MODCOST_X] = idx_ct;

windprofile = struct( ...
    'type', 'mpcData', ...
    'table', CT_TGEN, ...
    'rows', [1:45], ...
    'col', PMAX, ...
    'chgtype', 1, ...
    'values', [] );
windprofile.values(:,1,:) = [
	3.5973 48.6069 88.6281 106.0735 14.3658 27.3802 26.0683 18.3946 25.8001 30.7222 56.7896 84.7189 127.5438 63.8738 196.9044 74.1826 92.0414 97.5364 37.0966 72.4679 8.6894 63.887 72.3405 88.3782 104.1226 75.3373 13.7231 1128.2463 615.8842 615.8842 582.5804 107.4249 123.6552 186.5326 200.253 262.7773 1044.8057 226.2015 442.2393 278.8999 117.1072 303.7372 126.2061 261.5147 1055.6891;
	3.6384 49.1625 92.9068 115.8709 14.6938 30.6922 27.4087 18.8365 25.9735 29.6196 54.7513 81.6782 122.9661 65.6799 194.9699 73.4538 91.1371 96.5781 29.8078 72.1885 9.1362 71.6151 66.7453 88.8108 105.9425 74.7812 13.5489 1195.267 650.6419 650.6419 573.9585 104.5268 99.3595 185.8133 205.9153 277.6072 1105.8563 235.5561 439.2565 283.7747 121.2175 340.4785 131.2674 267.0267 1117.3756;
	3.5811 48.3887 94.0085 61.7169 15.0341 32.068 29.24 18.6146 27.0673 29.8852 55.2423 82.4107 124.0689 66.6019 197.9973 74.5943 92.5522 98.0777 29.2197 70.9924 9.7467 74.8253 71.128 89.0945 105.9789 75.5019 13.9057 1188.1229 660.7929 660.7929 560.479 105.5161 97.3992 182.7345 208.806 281.9383 1176.3544 228.9547 455.851 283.8722 119.0305 355.7411 128.9654 262.7596 1188.6081;
	3.6245 48.9747 91.4938 75.0477 14.8412 32.0697 28.8439 18.594 27.0068 29.8632 55.2017 82.3501 123.9776 65.2007 198.5298 74.795 92.8012 98.3415 42.0096 71.1451 9.6146 74.8292 65.4903 86.959 101.9381 74.4807 13.8306 1186.3264 663.6635 663.6635 527.9736 92.2783 140.0322 183.1276 204.413 283.1631 1065.9326 234.9357 463.1883 273.0485 116.2242 355.7595 163.4851 262.0675 1077.036;
	3.5221 47.5915 88.9876 108.6183 14.4492 31.9817 25.3837 18.474 27.399 30.473 56.3289 84.0317 126.5093 67.6951 188.5868 71.049 88.1534 93.4163 75.5476 69.4825 8.4612 74.6239 57.2377 85.1713 101.0279 74.9878 13.6066 1123.6338 612.5422 612.5422 503.9734 90.127 251.8253 178.8481 212.2332 261.3514 1104.3959 229.2478 473.6282 270.6105 113.506 354.7834 176.9066 258.6695 1115.9;
	3.78 51.0754 87.1808 95.6769 14.6396 33.1217 28.4467 18.4756 26.8396 30.9888 57.2824 85.454 128.6506 66.5045 196.8308 74.1548 92.0069 97.4999 90.3905 71.5754 9.4822 77.284 69.9631 85.9077 103.2727 72.7224 13.6685 1182.4133 678.2174 678.2174 490.3267 89.5521 301.3016 184.2353 208.5008 289.3728 1063.3474 216.118 462.8823 276.6232 113.3159 367.4304 179.0975 258.3089 1074.4239;
	3.8527 52.0584 93.4726 113.4703 14.8335 34.1777 30.3449 18.7886 27.278 30.98 57.2662 85.4298 128.6141 68.9223 200.5563 75.5584 93.7484 99.3453 91.6331 72.3248 10.115 79.7479 73.9439 88.3236 105.9192 75.9229 13.8971 1219.356 710.5001 710.5001 559.0702 91.4137 305.4437 186.1641 216.0807 303.1467 1079.4801 251.3253 472.0731 283.712 118.9759 379.1441 196.7885 263.2502 1090.7247;
	3.8417 51.9094 91.2999 115.8527 15.022 33.8127 30.2622 18.6581 27.6183 30.4227 56.2359 83.893 126.3004 67.853 203.4149 76.6354 95.0846 100.7613 91.1927 73.2911 10.0874 78.8963 73.7954 89.1857 106.6957 75.5139 13.8283 1123.9102 658.4438 658.4438 527.1715 74.605 303.9756 188.6514 212.7282 280.936 1007.9259 234.4171 465.8699 285.7922 116.6657 375.0954 198.1799 262.0584 1018.4251;
	3.751 50.6849 93.0104 114.2256 14.6423 34.639 30.7861 17.6765 27.474 29.7539 54.9996 82.0487 123.5238 68.3831 204.989 77.2284 95.8204 101.5411 92.9706 73.2538 10.262 80.8244 71.5852 87.5352 104.6318 73.2417 13.049 1229.0002 764.4563 764.4563 593.6613 77.4904 309.9019 188.5555 214.3901 326.168 1177.5969 266.6081 474.6106 280.2639 119.2427 384.2625 180.5092 266.1126 1189.8636;
	3.7362 50.4836 90.3136 112.1078 14.6354 34.8835 30.9984 18.1072 26.775 30.3004 56.0098 83.5556 125.7924 69.1225 202.0231 76.111 94.4341 100.0719 90.2188 70.273 10.3328 81.3947 72.4176 87.4562 102.8421 72.0941 13.0229 1201.6273 719.4867 719.4867 617.167 83.2967 300.7294 180.8828 216.7085 306.981 1112.8578 258.1533 471.2345 275.47 120.7342 386.9738 160.1074 262.738 1124.4501;
	3.7355 50.4749 90.4733 111.9074 14.4701 34.6969 29.5115 17.6098 27.3121 30.582 56.5303 84.332 126.9614 68.2174 204.268 76.9568 95.4834 101.1839 89.6251 71.9608 9.8372 80.9595 73.4409 87.0389 100.0016 70.7922 13.0521 1224.7184 712.7722 712.7722 631.3041 81.0689 298.7505 185.2272 213.8708 304.1161 1106.8262 269.9939 474.8342 267.8615 122.5501 384.9046 161.6623 259.322 1118.3557;
	3.6914 49.8792 90.5129 111.4927 15.177 34.2086 27.2159 18.009 26.7122 30.6891 56.7283 84.6275 127.4062 69.3912 202.6907 76.3625 94.7461 100.4026 91.5201 70.5761 9.072 79.82 74.0714 88.0066 100.9865 71.9804 12.9252 1217.1864 738.1739 738.1739 649.117 94.6937 305.067 181.6632 217.5508 314.9542 1167.5964 282.3847 470.023 270.4995 120.1219 379.4869 179.0635 262.7989 1179.7588;
	3.5778 48.3445 88.1666 110.9283 14.9826 33.362 29.1345 18.353 26.1454 30.3192 56.0446 83.6076 125.8708 68.1567 202.922 76.4497 94.8543 100.5172 91.3105 69.9291 9.7115 77.8446 73.3722 88.7062 100.7024 72.7219 13.0792 1157.8678 723.2771 723.2771 670.5021 96.9099 304.3683 179.9977 213.6806 308.5982 1032.9932 291.9937 458.3825 269.7385 115.4894 370.0953 148.5393 253.1997 1043.7535;
	3.7238 50.3164 90.9394 114.268 15.2985 33.7206 29.2546 18.8544 27.1361 30.2704 55.9544 83.4729 125.668 69.846 204.3496 76.9875 95.5216 101.2243 92.6168 71.2613 9.7515 78.6813 73.8304 89.491 104.1398 74.5368 13.6015 1127.1046 676.9906 676.9906 664.2511 94.2974 308.7228 183.4268 218.9767 288.8493 1007.0821 298.0991 470.5135 278.9459 113.872 374.0736 147.0075 268.261 1017.5725;
	3.7896 51.2063 91.9785 112.4784 15.0412 34.3751 26.1576 19.0888 27.0716 31.2054 57.6827 86.0512 129.5496 69.2576 202.7307 76.3776 94.7648 100.4224 90.5661 73.2812 8.7192 80.2086 73.2976 89.7006 104.7463 74.4829 13.7799 1099.8652 662.1506 662.1506 650.2706 100.1609 301.887 188.6259 217.1318 282.5176 928.2093 307.949 464.7126 280.5704 116.1806 381.3345 169.34 264.4411 937.8782;
	3.7217 50.2886 90.6994 113.5703 14.6836 34.367 26.3803 18.4912 27.5789 31.0497 57.3949 85.6219 128.9033 69.3368 203.0033 76.4803 94.8923 100.5575 92.3134 72.7333 8.7934 80.1897 73.8927 87.782 102.2496 72.8596 13.0894 1170.8303 692.0663 692.0663 660.3951 105.6516 307.7114 187.2157 217.3802 295.2816 1011.8138 301.7309 466.1654 273.883 116.9834 381.2445 177.7952 262.8088 1022.3535;
	3.6925 49.8942 90.3413 112.8659 14.7262 34.4891 24.4183 17.8684 26.2259 30.7249 56.7946 84.7263 127.555 69.7745 203.9676 76.8436 95.343 101.0351 92.1204 73.2344 8.1394 80.4746 72.4737 87.8424 101.3637 71.2147 12.1605 1144.1633 705.8257 705.8257 682.3701 111.0659 307.0681 188.5055 218.7525 301.1523 1125.186 303.942 445.6897 271.5098 117.0444 382.5991 185.8668 236.218 1136.9067;
	3.7951 51.2801 93.0845 116.1169 14.196 33.6661 25.8607 15.3041 26.9702 30.63 56.6191 84.4645 127.1608 69.6454 203.2985 76.5915 95.0303 100.7037 89.5073 73.2569 8.6202 78.5543 71.0846 85.2256 101.3407 66.5824 11.668 1275.9518 711.4426 711.4426 693.7205 104.4212 298.3578 188.5635 218.3477 303.5489 1162.0235 314.5116 466.8315 271.4483 117.255 373.4698 195.2022 243.1957 1174.1279;
