function windprofile = ex_wind_profilesh1
%EX_WIND_PROFILE_D  Example wind_load_nyiso profile data for deterministic unit commitment.
% 2022.03.12
% Andres F. Ramirez


%% define constants
[GEN_BUS, PG, QG, QMAX, QMIN, VG, MBASE, GEN_STATUS, PMAX, PMIN, ...
    MU_PMAX, MU_PMIN, MU_QMAX, MU_QMIN, PC1, PC2, QC1MIN, QC1MAX, ...
    QC2MIN, QC2MAX, RAMP_AGC, RAMP_10, RAMP_30, RAMP_Q, APF] = idx_gen;
[CT_LABEL, CT_PROB, CT_TABLE, CT_TBUS, CT_TGEN, CT_TBRCH, CT_TAREABUS, ...
    CT_TAREAGEN, CT_TAREABRCH, CT_ROW, CT_COL, CT_CHGTYPE, CT_REP, ...
    CT_REL, CT_ADD, CT_NEWVAL, CT_TLOAD, CT_TAREALOAD, CT_LOAD_ALL_PQ, ...
    CT_LOAD_FIX_PQ, CT_LOAD_DIS_PQ, CT_LOAD_ALL_P, CT_LOAD_FIX_P, ...
    CT_LOAD_DIS_P, CT_TGENCOST, CT_TAREAGENCOST, CT_MODCOST_F, ...
    CT_MODCOST_X] = idx_ct;

windprofile = struct( ...
    'type', 'mpcData', ...
    'table', CT_TGEN, ...
    'rows', [1:45], ...
    'col', PMAX, ...
    'chgtype', 1, ...
    'values', [] );
windprofile.values(:,1,:) = [
	3.8634 52.203 88.7577 107.8447 14.6185 34.117 29.5401 17.7982 28.0751 29.7105 54.9194 81.9289 123.3435 65.7733 201.4993 75.9137 94.1892 99.8124 40.4444 72.8115 9.8467 79.6063 70.9722 86.6181 100.7525 73.4656 13.4416 1157.3632 747.8444 747.8444 635.0372 108.3763 134.8146 187.417 206.2082 319.0803 1166.2077 216.1703 475.9173 269.8727 114.3334 378.4709 155.909 261.3532 1178.3557;
	3.8138 51.533 90.5217 118.117 14.4052 33.5377 29.1732 18.2049 27.234 29.5821 54.682 81.5748 122.8104 63.5089 203.1287 76.5276 94.9509 100.6196 33.7854 73.5145 9.7244 78.2547 69.9093 86.4855 101.0318 73.2816 13.3894 1169.4916 744.3346 744.3346 620.0178 108.3556 112.6181 189.2266 199.109 317.5828 1153.5479 215.6954 461.1405 270.621 121.1082 372.0454 145.9611 269.3503 1165.5641;
	3.8274 51.7163 91.3129 62.376 14.6229 33.9677 29.6273 17.8583 27.6758 30.3231 56.0519 83.6184 125.887 63.8224 203.206 76.5567 94.987 100.6578 39.8949 73.6971 9.8758 79.258 71.2217 87.0982 101.6506 74.6806 13.6489 1145.2518 709.2361 709.2361 587.0823 111.8256 132.9828 189.6965 200.0917 302.6074 1164.466 204.6542 463.1802 272.2785 121.1839 376.8151 144.4029 264.4772 1176.5958;
	3.8479 51.9931 87.8931 77.0697 14.2816 33.4914 29.4205 18.0768 26.5069 30.3953 56.1853 83.8174 126.1867 63.4908 204.1018 76.8942 95.4057 101.1016 46.2302 73.5951 9.8068 78.1465 69.3281 84.9753 98.7396 74.7675 13.5274 1186.7139 720.1833 720.1833 559.1948 99.6393 154.1007 189.4341 199.0521 307.2782 1106.666 219.7197 467.0856 264.4812 119.101 371.5307 177.8648 261.9601 1118.1938;
	3.6208 48.925 90.0021 114.7433 14.1356 32.4762 24.1641 18.2174 27.1919 30.9622 57.2331 85.3805 128.5398 59.8127 192.3578 72.4697 89.9161 95.2842 78.2666 71.8439 8.0547 75.7778 62.6164 86.4041 101.0955 75.092 13.5334 1179.3333 638.8253 638.8253 513.1496 96.4835 260.8887 184.9263 187.5209 272.5655 1149.658 207.1565 461.8795 270.7916 120.637 360.2693 187.0218 247.1606 1161.6336;
	3.6488 49.3032 88.8654 110.5417 14.4769 32.9476 28.2157 17.9794 27.3024 31.2291 57.7266 86.1167 129.6482 65.0184 196.4413 74.0081 91.8249 97.307 87.513 71.929 9.4052 76.8778 73.105 86.3351 102.5672 72.8321 13.8039 1192.251 690.334 690.334 492.396 96.663 291.71 185.1453 203.8413 294.5425 1071.1671 195.9041 468.8967 274.7336 118.4898 365.499 188.0431 258.9635 1082.3251;
	3.5564 48.0549 89.4034 114.0129 14.1234 32.6392 29.7647 17.8927 27.008 31.2576 57.7792 86.1952 129.7664 64.9345 193.6697 72.9639 90.5293 95.934 86.6695 71.9371 9.9216 76.158 73.6941 85.0766 100.0997 74.5691 13.5384 1150.6598 682.5892 682.5892 501.3098 93.0112 288.8985 185.1664 203.5784 291.2381 985.5954 203.8877 471.8956 268.1242 120.9162 362.077 191.9043 252.8181 995.862;
	3.592 48.5363 88.4939 116.9926 14.5596 33.951 28.7954 18.1194 26.7405 30.9687 57.2452 85.3986 128.5671 64.7407 195.2999 73.5781 91.2913 96.7416 84.2984 72.1371 9.5985 79.219 74.2468 85.0859 103.567 73.9331 13.5729 1125.3892 671.965 671.965 498.3709 80.8227 280.9947 185.6811 202.9709 286.7051 983.3264 202.9397 455.868 277.4116 123.0354 376.6295 197.2409 251.4957 993.5693;
	3.6442 49.2409 88.7331 117.5369 14.408 33.5552 28.7892 17.67 27.432 30.5281 56.4307 84.1836 126.7379 67.401 195.4423 73.6318 91.3579 96.8121 88.3944 69.5506 9.5964 78.2954 73.5834 83.9891 101.2416 72.3514 13.1025 1128.9526 737.3605 737.3605 537.6619 76.5347 294.6481 179.0235 211.3112 314.6071 1056.345 239.8163 449.862 271.1829 122.6657 372.2387 171.0503 270.9923 1067.3486;
	3.6178 48.8849 86.4831 112.4458 14.1734 32.6689 28.7223 17.5795 28.0374 30.2953 56.0004 83.5415 125.7713 66.3866 199.5634 75.1843 93.2843 98.8535 90.3545 70.5355 9.5741 76.2274 73.5071 84.2436 99.2209 70.7432 12.8537 1139.6979 694.896 694.896 575.6496 89.5035 301.1816 181.5585 208.1308 296.489 1012.1932 258.8759 455.9307 265.7704 121.8283 362.407 148.575 264.8972 1022.7369;
	3.4293 46.337 86.4277 111.5427 13.9323 31.9085 24.3431 17.6082 26.1084 30.287 55.985 83.5186 125.7368 65.1298 198.2093 74.6742 92.6513 98.1827 86.8761 71.1672 8.1144 74.4532 72.8488 85.5838 96.8525 69.7352 13.0333 1079.9593 710.571 710.571 600.8966 86.9584 289.587 183.1846 204.1906 303.177 932.075 285.8588 447.5564 259.4264 120.3687 353.9718 146.8356 260.8828 941.7841;
	3.641 49.1981 87.4015 115.3171 14.0506 32.3354 24.8578 17.6533 25.9539 30.2475 55.9121 83.4098 125.573 66.4736 194.1589 73.1482 90.758 96.1764 87.2218 69.7663 8.2859 75.4492 72.6493 86.9361 99.1373 70.3229 12.889 1097.0006 726.0807 726.0807 591.9125 91.5162 290.7395 179.5785 208.4038 309.7944 1002.3083 273.3211 448.0976 265.5464 118.8981 358.7068 159.3493 262.189 1012.749;
	3.5719 48.2641 86.4929 113.9094 13.9686 31.9333 27.0317 17.3357 25.9553 29.6651 54.8354 81.8036 123.1549 67.8756 188.7597 71.1141 88.2342 93.5019 85.3392 69.4523 9.0106 74.5109 57.6205 87.256 95.615 70.1819 12.8145 999.7155 750.971 750.971 639.8662 91.7672 284.4641 178.7704 212.7991 320.4143 906.9714 288.0687 450.3561 256.1115 115.6284 354.2463 144.9556 249.5524 916.419;
	3.614 48.8336 86.709 112.2441 14.0027 30.4853 26.3984 17.747 25.9574 28.5809 52.8313 78.8139 118.6539 66.5075 194.1056 73.1282 90.7331 96.15 88.4496 69.7945 8.7995 71.1325 63.0684 85.8427 95.8249 72.7104 13.1793 983.9224 638.7877 638.7877 638.1601 91.5625 294.832 179.6513 208.5099 272.5494 867.4259 286.0901 446.4532 256.6738 114.3334 338.184 137.9109 263.2725 876.4616;
	3.8517 52.0447 90.2603 112.1684 14.2016 32.6845 24.3378 17.7561 27.2284 29.2089 53.9922 80.5457 121.2611 67.8305 192.8495 72.6549 90.1459 95.5278 88.2167 70.396 8.1126 76.2639 61.6433 86.809 96.8454 72.8094 13.1717 1058.0111 703.5565 703.5565 646.1646 94.2065 294.0558 181.1995 212.6578 300.1841 869.0897 304.5105 458.3453 259.4074 116.4584 362.5803 171.2472 255.3679 878.1427;
	3.8153 51.5535 91.2506 116.6507 14.8211 32.4745 23.9368 17.5893 26.726 28.432 52.5561 78.4034 118.0359 66.8417 194.2252 73.1732 90.789 96.2092 85.2109 69.4147 7.9789 75.7737 71.0846 84.5491 96.6766 73.9981 13.4705 1072.6078 751.2509 751.2509 663.5717 106.2716 284.0363 178.6735 209.5576 320.5337 937.0171 301.8591 448.7356 258.9551 117.4826 360.2501 177.715 264.3305 946.7777;
	3.8104 51.4864 93.7807 119.0777 15.2943 33.1517 24.0216 17.9685 27.8924 29.9062 55.2812 82.4687 124.1561 67.4071 197.5302 74.4184 92.3339 97.8464 87.7185 72.5575 8.0072 77.3539 71.6218 86.1426 97.5037 74.7699 13.071 1115.4578 783.4629 783.4629 720.8563 107.216 292.3948 186.7633 211.3303 334.2775 1051.3929 293.3136 470.5256 261.1705 117.9064 367.7628 192.6072 249.3762 1062.3449;
	3.723 50.3059 93.5969 116.0093 14.7333 31.8363 25.3743 14.0734 27.5083 29.6637 54.8329 81.7999 123.1493 67.0198 195.3504 73.5971 91.315 96.7666 84.8733 73.1811 8.4581 74.2846 70.9522 82.7704 96.4138 69.1643 11.355 1191.1257 760.5295 760.5295 707.492 98.1577 282.9111 188.3685 210.1162 324.4926 1051.9712 296.2989 477.0799 258.2514 116.5156 353.1702 191.9946 258.0164 1062.9292;
