function solarprofile = ex_solar_profilesh1
%EX_WIND_PROFILE_D  Example wind_load_nyiso profile data for deterministic unit commitment.
% 2022.03.12
% Andres F. Ramirez


%% define constants
[GEN_BUS, PG, QG, QMAX, QMIN, VG, MBASE, GEN_STATUS, PMAX, PMIN, ...
    MU_PMAX, MU_PMIN, MU_QMAX, MU_QMIN, PC1, PC2, QC1MIN, QC1MAX, ...
    QC2MIN, QC2MAX, RAMP_AGC, RAMP_10, RAMP_30, RAMP_Q, APF] = idx_gen;
[CT_LABEL, CT_PROB, CT_TABLE, CT_TBUS, CT_TGEN, CT_TBRCH, CT_TAREABUS, ...
    CT_TAREAGEN, CT_TAREABRCH, CT_ROW, CT_COL, CT_CHGTYPE, CT_REP, ...
    CT_REL, CT_ADD, CT_NEWVAL, CT_TLOAD, CT_TAREALOAD, CT_LOAD_ALL_PQ, ...
    CT_LOAD_FIX_PQ, CT_LOAD_DIS_PQ, CT_LOAD_ALL_P, CT_LOAD_FIX_P, ...
    CT_LOAD_DIS_P, CT_TGENCOST, CT_TAREAGENCOST, CT_MODCOST_F, ...
    CT_MODCOST_X] = idx_ct;

solarprofile = struct( ...
    'type', 'mpcData', ...
    'table', CT_TGEN, ...
    'rows', [1:12], ...
    'col', PMAX, ...
    'chgtype', 1, ...
    'values', [] );
solarprofile.values(:,1,:) = [
	0.0 0.0 0.0 0.0 0.0 0.0 0.0 0.0 0.0 0.0 0.0 0.0;
	0.0 0.0 0.0 0.0 0.0 0.0 0.0 0.0 0.0 0.0 0.0 0.0;
	0.0 0.0 0.0 0.0 0.0 0.0 0.0 0.0 0.0 0.0 0.0 0.0;
	0.0 0.0 0.0 0.0 0.0 0.0 0.0 0.0 0.0 0.0 0.0 0.0;
	0.0 0.0 0.0 0.0 0.0 0.0 0.0 0.0 0.0 0.0 0.0 0.0;
	0.0 0.0 0.002 0.0 0.0 0.0 0.0 0.0 0.0 0.0 0.0 0.0;
	4.1881 4.8912 4.6981 2.4329 1.9594 267.1714 33.3964 35.8996 85.8286 69.528 40.9024 125.9157;
	6.1519 1.8756 7.2685 6.2744 8.7622 405.0019 50.6252 65.3464 119.7346 243.6538 125.9735 441.2585;
	12.3511 2.9044 12.6015 8.3757 10.8015 413.6454 51.7057 67.8874 112.2812 332.8825 190.6085 602.8522;
	23.6312 9.237 13.6925 11.1272 7.1483 303.1326 37.8916 60.2239 94.916 285.3697 191.8658 516.8063;
	26.0529 16.3519 13.8 11.4504 7.4378 268.441 33.5551 60.7539 152.5192 289.862 213.3005 524.9419;
	26.334 16.6083 13.8 11.4717 8.1251 289.7777 36.2222 62.0307 195.5868 286.6531 213.9366 519.1305;
	26.3584 16.6083 13.8 11.8687 9.9655 394.7368 49.3421 70.4356 201.6524 148.6295 111.1983 269.1689;
	23.6985 16.6083 13.8 11.9271 10.1863 414.3592 51.7949 73.6089 187.3756 136.4941 69.8477 247.1917;
	19.6741 13.8267 12.2592 11.578 8.6934 408.2038 51.0255 72.7563 169.021 119.2322 90.9083 215.9303;
	10.4324 7.4359 6.4516 9.058 1.2462 314.1569 39.2696 55.246 113.1011 105.705 64.5598 191.4323;
	0.8902 0.6835 0.5498 1.3528 2.4345 65.8673 8.2334 10.6052 30.5746 25.1053 19.1379 45.4659;
	0.0 0.0 0.0 0.0 0.0 0.0 0.0 0.0 0.0 0.0 0.0 0.0;
	0.0 0.0 0.0 0.0 0.0 0.0 0.0 0.0 0.0 0.0 0.0 0.0;
	0.0 0.0 0.0 0.0 0.0 0.0 0.0 0.0 0.0 0.0 0.0 0.0;
	0.0 0.0 0.0 0.0 0.0 0.0 0.0 0.0 0.0 0.0 0.0 0.0;
	0.0 0.0 0.0 0.0 0.0 0.0 0.0 0.0 0.0 0.0 0.0 0.0;
	0.0 0.0 0.0 0.0 0.0 0.0 0.0 0.0 0.0 0.0 0.0 0.0;
	0.0 0.0 0.0 0.0 0.0 0.0 0.0 0.0 0.0 0.0 0.0 0.0;
];
