function windprofile = ex_wind_profilesh1
%EX_WIND_PROFILE_D  Example wind_load_nyiso profile data for deterministic unit commitment.
% 2022.03.12
% Andres F. Ramirez


%% define constants
[GEN_BUS, PG, QG, QMAX, QMIN, VG, MBASE, GEN_STATUS, PMAX, PMIN, ...
    MU_PMAX, MU_PMIN, MU_QMAX, MU_QMIN, PC1, PC2, QC1MIN, QC1MAX, ...
    QC2MIN, QC2MAX, RAMP_AGC, RAMP_10, RAMP_30, RAMP_Q, APF] = idx_gen;
[CT_LABEL, CT_PROB, CT_TABLE, CT_TBUS, CT_TGEN, CT_TBRCH, CT_TAREABUS, ...
    CT_TAREAGEN, CT_TAREABRCH, CT_ROW, CT_COL, CT_CHGTYPE, CT_REP, ...
    CT_REL, CT_ADD, CT_NEWVAL, CT_TLOAD, CT_TAREALOAD, CT_LOAD_ALL_PQ, ...
    CT_LOAD_FIX_PQ, CT_LOAD_DIS_PQ, CT_LOAD_ALL_P, CT_LOAD_FIX_P, ...
    CT_LOAD_DIS_P, CT_TGENCOST, CT_TAREAGENCOST, CT_MODCOST_F, ...
    CT_MODCOST_X] = idx_ct;

windprofile = struct( ...
    'type', 'mpcData', ...
    'table', CT_TGEN, ...
    'rows', [1:45], ...
    'col', PMAX, ...
    'chgtype', 1, ...
    'values', [] );
windprofile.values(:,1,:) = [
	3.8814 52.4458 94.1319 112.7023 15.2835 34.1191 26.2802 18.0848 27.9082 30.6205 56.6015 84.4383 127.1215 69.2741 200.5235 75.5461 93.7331 99.3291 37.9949 73.3328 8.7601 79.6113 75.6136 89.3904 105.6013 75.5196 13.6249 1210.694 692.3836 692.3836 572.2806 100.3681 126.6496 188.7588 217.1838 295.417 1183.4772 231.8756 472.0202 282.8605 119.6536 378.4948 153.0252 270.3162 1195.8051;
	3.8722 52.3222 95.1274 119.7153 14.9844 34.2282 29.4661 18.6347 28.0296 30.8762 57.0742 85.1434 128.183 69.3561 202.0012 76.1028 94.4238 100.0611 33.1561 73.738 9.822 79.8659 75.7887 89.3692 105.1005 76.3635 13.77 1241.9831 693.3227 693.3227 557.1458 101.6297 110.5203 189.8018 217.4409 295.8177 1200.6292 232.5034 473.5742 281.5192 122.8405 379.7052 150.1965 279.209 1213.1358;
	3.8963 52.6473 95.2888 68.9802 14.9525 34.6004 29.7502 17.9634 28.0734 30.6356 56.6294 84.4799 127.1841 68.5019 201.3532 75.8586 94.1209 99.7401 35.9929 71.828 9.9167 80.7342 75.7789 89.0164 105.5949 75.6388 13.5596 1192.5457 695.5806 695.5806 546.3633 104.2062 119.9764 184.8854 214.7627 296.7811 1199.6954 226.2128 472.0081 282.8435 122.9446 383.8332 155.1498 273.2223 1212.1923;
	3.8583 52.134 93.3595 84.1819 14.5709 33.3657 29.0201 17.7815 28.2195 30.3207 56.0474 83.6117 125.8769 69.7108 203.08 76.5092 94.9281 100.5955 47.844 73.5132 9.6734 77.8533 71.0946 86.956 104.4943 75.1464 13.4275 1279.9714 725.1676 725.1676 550.1787 101.9 159.4801 189.2231 218.5528 309.4048 1161.0876 242.466 478.6873 279.8954 121.3781 370.137 185.237 269.6014 1173.1822;
	3.6784 49.7034 94.5818 118.1498 14.3392 33.4993 24.727 17.854 28.1644 30.5632 56.4956 84.2804 126.8837 69.5815 199.6458 75.2154 93.3228 98.8943 79.3441 73.5555 8.2423 78.165 63.4606 87.6619 103.8334 75.2585 13.2416 1226.1103 682.6209 682.6209 567.3222 102.1326 264.4804 189.332 218.1475 291.2516 1211.0098 255.6551 478.2526 278.1252 119.2612 371.6189 196.0119 273.1663 1223.6245;
	3.9326 53.1387 94.8369 119.5731 15.2412 34.4782 28.9223 17.7478 28.3614 30.8508 57.0272 85.0733 128.0774 69.8778 203.8134 76.7855 95.2709 100.9587 89.0776 73.8782 9.6408 80.4492 71.269 87.4094 105.5916 72.9239 13.4199 1267.3948 726.3363 726.3363 544.9214 101.1175 296.9253 190.1626 219.0764 309.9035 1140.664 243.541 477.7766 282.8347 121.4791 382.4785 215.3018 281.5826 1152.5459;
	3.9275 53.0686 94.1603 119.0343 15.1235 33.439 30.0464 17.6315 28.0505 30.6677 56.6888 84.5686 127.3176 69.8312 204.5594 77.0666 95.6196 101.3283 89.4308 73.9678 10.0155 78.0244 73.1333 86.9587 103.896 73.7621 13.0606 1299.2689 758.201 758.201 599.4853 94.7299 298.1026 190.3932 218.9301 323.4991 1178.9607 263.6342 474.0712 278.2928 123.4217 370.9504 214.2066 270.9401 1191.2416;
	3.8943 52.6201 92.236 118.3841 15.0763 32.5851 28.9156 17.857 27.7948 30.0332 55.5159 82.8189 124.6833 68.4186 203.0433 76.4954 94.9109 100.5773 87.9452 73.3407 9.6385 76.032 73.6009 88.7069 106.0004 72.8205 12.9957 1178.0865 698.2508 698.2508 524.9015 76.4513 293.1507 188.7791 214.5015 297.9203 1078.7399 231.3811 468.2135 283.9298 122.4228 361.4778 201.4619 261.5714 1089.9767;
	3.9244 53.0276 94.9184 121.0127 15.0898 34.4771 30.7325 18.2239 28.3697 31.0806 57.4521 85.7072 129.0317 69.7736 201.3307 75.8502 94.1104 99.7289 90.6758 72.3346 10.2442 80.4465 73.8518 88.569 105.6094 74.1198 13.225 1316.0162 794.7005 794.7005 618.9601 79.1377 302.2527 186.1894 218.7498 339.0722 1247.6556 274.2592 478.4656 282.8824 123.9383 382.4658 192.9075 272.8565 1260.652;
	3.8904 52.5673 93.7206 117.3981 15.3315 34.3757 30.2203 18.0373 27.915 30.9642 57.2368 85.3861 128.5482 68.5623 200.1586 75.4086 93.5625 99.1483 89.9154 72.5257 10.0734 80.2099 73.9365 88.3489 103.9919 72.8771 13.1338 1249.6874 729.3243 729.3243 631.9375 88.0834 299.7179 186.6814 214.9521 311.1784 1161.9981 286.6159 475.727 278.5498 122.7162 381.3407 172.3054 264.2309 1174.1022;
	3.9306 53.1117 94.505 119.1194 15.4014 35.1184 28.9441 18.7594 28.4235 30.9914 57.2871 85.4611 128.6612 68.2273 200.832 75.6623 93.8773 99.4819 89.9921 73.2515 9.648 81.9429 74.3672 88.7555 104.3539 75.0402 13.4348 1269.0913 708.2956 708.2956 634.1739 93.7631 299.9735 188.5496 213.9016 302.2061 1135.3567 290.3376 479.034 279.5195 122.1366 389.5802 187.1046 271.5855 1147.1833;
	3.932 53.1304 93.9954 116.8813 15.353 35.0656 28.9998 18.789 28.2179 31.0539 57.4026 85.6334 128.9205 68.4546 203.2371 76.5684 95.0015 100.6733 90.6372 73.4105 9.6666 81.8198 75.1137 87.3512 103.3866 73.3592 13.5894 1185.439 728.7251 728.7251 646.1373 101.983 302.124 188.9588 214.6145 310.9227 1111.7095 284.2638 479.3682 276.9284 121.6264 388.9949 203.2899 278.9481 1123.2898;
	3.9324 53.1355 94.8804 118.5522 15.1689 34.7413 30.735 19.0456 28.3174 31.0474 57.3907 85.6157 128.8939 68.8671 203.9033 76.8194 95.3129 101.0032 91.1704 73.9597 10.245 81.0631 74.3864 88.9719 104.3031 74.1241 13.7914 1209.7838 770.9761 770.9761 651.7996 105.7592 303.9014 190.3725 215.9078 328.9498 1076.0742 293.2741 479.7123 279.3833 122.1339 385.3972 179.8703 274.3824 1087.2833;
	3.9272 53.0654 94.6958 119.7879 15.2356 34.6203 30.9642 19.0484 28.2426 29.5459 54.6151 81.475 122.6602 69.1095 204.5507 77.0633 95.6155 101.3239 91.8066 73.277 10.3214 80.7808 73.157 89.0957 104.4126 74.9834 13.7685 1131.9961 718.4519 718.4519 672.1164 101.4235 306.0219 188.6151 216.6676 306.5395 1040.6659 296.7912 479.3932 279.6766 121.9268 384.055 166.5361 279.5806 1051.5062;
	3.8818 52.4521 93.9547 115.267 14.9944 33.8778 27.2456 19.103 28.1004 29.9382 55.3404 82.557 124.2891 69.414 205.5329 77.4333 96.0747 101.8105 91.4907 73.7288 9.0819 79.0482 72.8689 88.7071 103.8383 75.751 13.5711 1117.2329 716.2045 716.2045 644.5362 98.5831 304.9691 189.778 217.6222 305.5806 952.4109 283.0524 480.0089 278.1382 118.4988 375.8175 185.8363 266.0677 962.3318;
	3.8547 52.086 94.8714 119.8599 14.943 34.5041 27.2417 18.8188 28.0086 30.3981 56.1904 83.825 126.1981 69.2579 205.4542 77.4037 96.0379 101.7715 91.7352 73.7178 9.0806 80.5096 73.9124 89.3947 104.87 74.8931 13.521 1118.5632 725.4123 725.4123 639.5587 105.1367 305.7841 189.7497 217.133 309.5093 1019.3001 268.9979 477.9503 280.9018 116.402 382.7658 190.0404 271.1963 1029.9178;
	3.8584 52.1356 94.9799 120.7703 15.3266 35.0052 26.169 18.4273 27.8884 30.2143 55.8506 83.3182 125.4351 68.2808 204.9314 77.2067 95.7935 101.5125 92.9753 73.8636 8.723 81.6789 72.6038 89.5361 104.691 74.3564 12.8268 1146.3743 763.9571 763.9571 704.3579 106.2109 309.9178 190.1252 214.0694 325.955 1162.9992 290.1098 471.6796 280.4223 118.9846 388.3249 205.4959 247.9585 1175.1137;
	3.9083 52.81 93.0433 117.4155 14.7066 32.765 25.0267 14.7573 28.2849 29.4567 54.4503 81.2291 122.2899 67.6632 205.1873 77.3031 95.9131 101.6393 92.751 73.4101 8.3422 76.4517 68.0573 86.8586 100.8928 66.8292 11.3577 1187.6648 733.6564 733.6564 683.0071 99.5898 309.17 188.9577 212.1331 313.0267 1144.1276 279.693 458.5682 270.2485 114.3658 363.4732 201.4434 253.6627 1156.0456;
