function loadprofile = ex_load_profilesh1
%EX_LOAD_PROFILE  Example load profile data file for stochastic unit commitment.
% 2022.03.12
% Andres F. Ramirez

%% define constants
[CT_LABEL, CT_PROB, CT_TABLE, CT_TBUS, CT_TGEN, CT_TBRCH, CT_TAREABUS, ...
    CT_TAREAGEN, CT_TAREABRCH, CT_ROW, CT_COL, CT_CHGTYPE, CT_REP, ...
    CT_REL, CT_ADD, CT_NEWVAL, CT_TLOAD, CT_TAREALOAD, CT_LOAD_ALL_PQ, ...
    CT_LOAD_FIX_PQ, CT_LOAD_DIS_PQ, CT_LOAD_ALL_P, CT_LOAD_FIX_P, ...
    CT_LOAD_DIS_P, CT_TGENCOST, CT_TAREAGENCOST, CT_MODCOST_F, ...
    CT_MODCOST_X] = idx_ct;

loadprofile = struct( ...
    'type', 'mpcData', ...
    'table', CT_TAREALOAD, ...
    'rows', [1:11], ...
    'col', CT_LOAD_ALL_P, ...
    'chgtype', 1, ...
    'values', [] );
loadprofile.values(:,1,:) = [
	1504.5 876.6887 1565.8875 533.7 760.6671 1187.6183 869.3 258.4 514.9905 4413.9507 1635.0;
	1529.3901 903.8262 1576.0 525.2396 734.4644 1197.0606 877.2 269.8 519.9578 4417.9975 1645.7;
	1538.6 927.5533 1604.1512 526.9092 758.3 1197.7523 874.8754 263.1 521.5966 4387.5037 1651.281;
	1610.2333 997.2726 1723.4189 535.0338 813.6 1263.9879 942.6805 300.2344 567.0069 4703.8036 1777.9091;
	1718.3317 1100.721 1925.7 583.8467 929.4009 1412.8004 1035.3237 339.9552 649.9891 5315.2982 2042.2686;
	1867.8454 1196.6029 2050.9907 612.6 1006.7 1477.6137 1100.0677 372.1486 703.6675 5856.4448 2190.3064;
	1888.5254 1180.6 2004.9912 596.5 963.3958 1470.4153 1132.9 366.6319 718.8449 6124.779 2253.2763;
	1909.8166 1200.2819 2015.4868 599.0561 983.5522 1481.3358 1137.9799 373.7 705.6 6361.0623 2297.5813;
	1957.6974 1204.8904 2017.4385 600.144 1002.7678 1428.1482 1110.4758 361.1 687.145 6263.0379 2169.0041;
	1971.6 1223.8131 2037.3446 611.7612 1015.7557 1471.7 1114.555 373.1671 669.5593 6300.2694 2204.2715;
	2000.5594 1224.1882 2005.0545 598.7 972.1489 1412.5873 1117.0856 369.1536 645.0535 6056.5535 2119.1;
	2022.9216 1217.2595 1953.7944 583.6519 960.6288 1341.5667 1055.4 348.5276 638.7349 5625.0692 2022.2552;
	1972.2108 1210.4706 1925.9238 585.5581 943.1791 1377.6855 1030.0198 368.2886 609.9887 5576.8301 2003.4;
	1971.4885 1170.6021 1834.7583 586.9 912.22 1355.7 992.4606 340.7979 539.7148 5569.1908 1924.7274;
	1877.8 1106.0795 1766.2177 575.7 904.5751 1388.9089 1017.205 341.1708 553.1976 4704.8222 1815.4996;
	1853.5271 1142.6242 1902.6652 571.8831 960.5031 1437.8 1089.5376 352.1 658.3883 5968.5136 2195.2256;
	1853.941 1165.5351 1942.3482 576.7679 1007.1854 1484.2245 1106.8946 356.6576 656.6505 5971.1672 2249.7919;
	1900.0803 1233.7563 2060.8301 591.8098 1026.1872 1548.0934 1165.1421 362.8167 692.4 6230.969 2416.1048;
	1938.5165 1231.0814 2040.3559 605.174 1024.5519 1521.8713 1147.4379 380.3732 670.4653 6098.1406 2366.6125;
	1871.9761 1146.3368 1936.327 570.6508 953.4622 1443.6526 1112.9517 371.083 648.5784 5916.6958 2237.6345;
	1737.2336 1072.2663 1812.7941 532.6042 910.3804 1311.9069 1034.5245 351.1 610.759 5656.213 2087.3971;
	1628.1 1002.501 1717.3796 510.3216 860.6437 1196.867 918.615 312.9617 542.4478 5159.9 1814.1621;
	1543.8961 955.4762 1652.2344 524.3858 815.7813 1151.5771 890.8919 297.0501 509.2671 4871.8798 1805.1;
	1492.1454 893.504 1582.9986 532.0275 789.5719 1129.5 857.5111 283.8 456.6546 4521.3134 1704.4114;
];
