function windprofile = ex_wind_profilesh1
%EX_WIND_PROFILE_D  Example wind_load_nyiso profile data for deterministic unit commitment.
% 2022.03.12
% Andres F. Ramirez


%% define constants
[GEN_BUS, PG, QG, QMAX, QMIN, VG, MBASE, GEN_STATUS, PMAX, PMIN, ...
    MU_PMAX, MU_PMIN, MU_QMAX, MU_QMIN, PC1, PC2, QC1MIN, QC1MAX, ...
    QC2MIN, QC2MAX, RAMP_AGC, RAMP_10, RAMP_30, RAMP_Q, APF] = idx_gen;
[CT_LABEL, CT_PROB, CT_TABLE, CT_TBUS, CT_TGEN, CT_TBRCH, CT_TAREABUS, ...
    CT_TAREAGEN, CT_TAREABRCH, CT_ROW, CT_COL, CT_CHGTYPE, CT_REP, ...
    CT_REL, CT_ADD, CT_NEWVAL, CT_TLOAD, CT_TAREALOAD, CT_LOAD_ALL_PQ, ...
    CT_LOAD_FIX_PQ, CT_LOAD_DIS_PQ, CT_LOAD_ALL_P, CT_LOAD_FIX_P, ...
    CT_LOAD_DIS_P, CT_TGENCOST, CT_TAREAGENCOST, CT_MODCOST_F, ...
    CT_MODCOST_X] = idx_ct;

windprofile = struct( ...
    'type', 'mpcData', ...
    'table', CT_TGEN, ...
    'rows', [1:45], ...
    'col', PMAX, ...
    'chgtype', 1, ...
    'values', [] );
windprofile.values(:,1,:) = [
	3.7005 50.002 92.1338 111.0582 14.3551 32.7844 28.2954 18.7362 27.4996 29.9453 55.3535 82.5765 124.3185 68.7778 204.1164 76.8997 95.4126 101.1088 35.655 70.9827 9.4318 76.4969 72.6025 89.1109 105.8798 74.5647 13.9001 1148.4239 720.0414 720.0414 607.2651 110.9264 118.85 182.7096 215.6278 307.2177 1162.8916 225.4927 472.7677 283.6067 117.651 363.6883 143.0388 273.8371 1175.0051;
	3.7249 50.3318 93.1593 118.6406 14.3163 31.9217 28.6623 18.9015 27.455 30.549 56.4693 84.2411 126.8246 68.2128 201.8827 76.0581 94.3684 100.0024 31.992 73.0726 9.5541 74.484 74.5454 89.5227 105.6527 73.2137 13.8702 1178.7726 756.8505 756.8505 617.0346 107.4127 106.6401 188.0889 213.8563 322.9229 1191.0302 235.4701 472.5309 282.9982 119.602 354.1181 139.1094 273.0562 1203.4368;
	3.7381 50.5104 92.6333 68.2406 14.0218 33.3708 28.7962 18.7288 26.9284 28.4369 52.5651 78.4168 118.056 67.6698 202.3039 76.2168 94.5653 100.211 35.9591 71.4222 9.5987 77.8651 70.6138 89.7286 106.3234 72.3816 13.8829 1109.9751 724.7087 724.7087 589.2981 112.3734 119.8638 183.841 212.1541 309.209 1175.1582 242.3468 462.1144 284.7948 119.3725 370.193 136.8089 273.8205 1187.3994;
	3.7134 50.1766 90.7647 84.0295 14.1156 33.8225 28.6114 18.5638 27.9553 28.8289 53.2898 79.4979 119.6836 66.183 202.2175 76.1843 94.5249 100.1682 45.8788 71.7606 9.5371 78.9191 68.389 86.1964 104.1019 73.6321 13.8087 1191.452 769.6383 769.6383 590.8532 102.3274 152.9294 184.7121 207.4927 328.379 1151.1301 262.7339 465.0091 278.8444 117.455 375.2039 172.5044 273.5568 1163.1211;
	3.2674 44.1492 89.9512 116.7294 13.9951 32.1681 23.5978 18.4217 27.2282 29.0195 53.6421 80.0234 120.4748 65.4013 195.6429 73.7073 91.4517 96.9115 79.4241 69.9948 7.8659 75.0589 59.2192 85.45 102.6138 73.2633 13.4563 1134.6496 700.6652 700.6652 548.1266 98.3581 264.7471 180.1668 205.0419 298.9505 1175.7237 257.986 442.6731 274.8583 117.5771 356.8514 175.3599 259.4531 1187.9708;
	3.5408 47.8438 88.6094 114.7118 14.0676 32.4239 28.0148 18.3738 26.654 30.5921 56.5491 84.3601 127.0036 66.1421 202.0612 76.1254 94.4519 100.0908 91.7142 71.654 9.3383 75.6557 73.5823 84.1473 102.7356 71.7233 13.8356 1183.7211 741.4892 741.4892 522.7445 102.1905 305.7139 184.4375 207.3645 316.3687 1143.2377 241.6913 453.1277 275.1847 115.4544 359.6889 185.0076 257.0263 1155.1464;
	3.6824 49.7573 93.5074 119.1573 14.984 33.871 29.4488 18.2192 28.3028 31.1183 57.5218 85.8111 129.1882 67.5322 202.6585 76.3504 94.7311 100.3867 92.5045 72.7852 9.8163 79.0324 75.7021 85.6852 104.8489 74.26 13.4835 1267.5948 775.8915 775.8915 586.5144 105.2174 308.3484 187.3494 211.7226 331.0471 1186.808 263.9592 464.6281 280.8453 117.4785 375.7424 195.6114 261.1385 1199.1706;
	3.7595 50.7997 94.364 119.7235 15.1736 34.4829 29.2444 18.2414 28.3011 31.1264 57.5367 85.8335 129.2218 66.9536 201.6735 75.9793 94.2706 99.8987 92.5353 72.5979 9.7481 80.4601 75.7329 87.1989 106.5595 75.1866 13.7335 1183.6052 748.7408 748.7408 593.3725 90.7831 308.4508 186.8671 209.9087 319.4627 1151.173 249.0922 460.1038 285.4272 113.4017 382.5304 196.7007 262.7252 1163.1644;
	3.7735 50.9878 94.4761 119.7151 14.9759 34.8247 28.6991 18.1639 28.2452 31.315 57.8854 86.3536 130.0048 69.1977 200.2336 75.4369 93.5976 99.1855 92.7435 72.7172 9.5664 81.2577 75.4713 88.411 105.5957 74.9521 13.8928 1129.9216 783.5667 783.5667 632.2239 86.2098 309.1449 187.1742 216.9442 334.3218 1171.243 282.4321 463.5152 282.8456 117.8741 386.3222 177.3006 277.5514 1183.4435;
	3.8661 52.2401 93.9029 118.2637 15.1725 35.0108 28.7559 17.5955 27.9535 31.232 57.7319 86.1247 129.6602 68.6065 201.0936 75.7608 93.9996 99.6115 92.1366 71.894 9.5853 81.692 75.3069 87.2616 104.3399 73.231 13.4468 1157.9204 758.6956 758.6956 684.0979 93.9369 307.1219 185.0553 215.0906 323.7101 1172.8978 289.8204 465.5852 279.4818 118.6186 388.387 172.1808 275.4941 1185.1154;
	3.7365 50.4887 92.7431 116.5616 14.357 34.1057 26.4369 17.4694 26.7381 31.1653 57.6085 85.9406 129.3831 66.287 201.9938 76.1 94.4204 100.0574 92.2537 72.3251 8.8123 79.58 74.6232 84.725 100.8374 70.561 12.9965 1164.6372 790.2223 790.2223 670.0726 90.7387 307.5124 186.1649 207.8186 337.1615 1135.7296 293.3957 455.475 270.1003 117.8319 378.3462 171.2877 262.1593 1147.5602;
	3.8439 51.9401 94.5479 120.0947 14.5232 34.8446 25.8517 18.3226 27.002 30.8921 57.1036 85.1874 128.2491 66.6696 196.9157 74.1868 92.0466 97.5419 91.5208 69.7724 8.6172 81.304 73.3653 86.0996 103.8058 72.6494 13.431 1139.0404 780.3651 780.3651 674.1842 95.5241 305.0693 179.5944 209.0182 332.9558 1180.232 279.8402 445.1405 278.0513 116.622 386.5423 199.4185 270.5319 1192.5261;
	3.7803 51.0805 93.2646 120.0441 14.8384 33.6345 27.3287 18.4841 26.242 30.7465 56.8344 84.7857 127.6444 67.2326 197.4171 74.3758 92.281 97.7903 86.5913 69.5227 9.1096 78.4805 72.5973 89.055 103.8945 73.4674 13.7264 1113.0424 738.1828 738.1828 636.0145 94.0699 288.6377 178.9516 210.7834 314.958 1031.0609 262.1085 435.3786 278.2889 119.2099 373.1189 163.9807 264.6003 1041.8011;
	3.636 49.1306 93.5774 120.4635 14.9002 32.4999 25.818 18.4523 26.0791 30.6874 56.7252 84.6228 127.3992 64.3895 203.5491 76.6859 95.1474 100.8278 90.6167 70.8298 8.606 75.8332 72.5698 88.5751 102.5544 71.8548 13.6966 1026.9344 675.563 675.563 637.177 86.5311 302.0557 182.3161 201.8699 288.2402 962.391 256.3271 420.0592 274.6993 116.0559 360.5325 152.717 263.3156 972.4159;
	3.7964 51.2983 93.6649 120.125 14.766 32.2417 25.1125 18.9179 26.777 30.4934 56.3666 84.0879 126.5938 67.5184 199.1548 75.0304 93.0933 98.6511 86.2566 70.9854 8.3708 75.2307 69.7892 88.7837 104.5678 72.3824 13.6748 993.928 704.5546 704.5546 638.381 91.5535 287.522 182.7166 211.6793 300.61 925.1716 296.9429 443.9619 280.0922 118.5563 357.6681 173.5637 255.613 934.8088;
	3.6642 49.5115 89.9889 116.9823 14.1529 32.2356 25.6631 18.0717 26.8953 30.4879 56.3563 84.0726 126.5708 66.351 203.3828 76.6233 95.0696 100.7454 85.3615 71.4623 8.5544 75.2165 70.845 84.92 101.3024 71.6075 12.9967 1012.8973 703.8171 703.8171 605.6631 95.8934 284.5383 183.9441 208.0194 300.2953 1002.6814 276.5618 437.4114 271.3456 114.1949 357.6008 163.3406 247.6496 1013.126;
	3.5471 47.9293 88.0307 116.8231 14.2504 32.0069 23.5231 17.5592 26.5893 30.9829 57.2714 85.4376 128.6258 62.1863 201.1912 75.7976 94.0452 99.6598 89.409 72.5888 7.841 74.6827 70.8167 86.5189 99.0915 68.9193 11.4954 991.1584 695.4836 695.4836 632.9491 95.3638 298.0301 186.8437 194.9626 296.7397 1057.1634 264.7777 419.1697 265.4236 113.0213 355.0627 170.335 222.1717 1068.1755;
	3.5873 48.4729 88.3682 111.8176 13.9624 30.6092 24.2503 13.907 26.2582 30.516 56.4083 84.1501 126.6875 62.5867 189.9337 71.5564 88.783 94.0834 84.0857 69.5056 8.0834 71.4215 69.2036 84.9705 98.453 52.1474 9.4185 1184.0387 675.7503 675.7503 633.8941 95.4802 280.2857 178.9076 196.2177 288.3201 1130.2727 285.109 416.1994 263.7135 113.2211 339.5581 172.8772 235.5157 1142.0463;
