function windprofile = ex_wind_profilesh1
%EX_WIND_PROFILE_D  Example wind_load_nyiso profile data for deterministic unit commitment.
% 2022.03.12
% Andres F. Ramirez


%% define constants
[GEN_BUS, PG, QG, QMAX, QMIN, VG, MBASE, GEN_STATUS, PMAX, PMIN, ...
    MU_PMAX, MU_PMIN, MU_QMAX, MU_QMIN, PC1, PC2, QC1MIN, QC1MAX, ...
    QC2MIN, QC2MAX, RAMP_AGC, RAMP_10, RAMP_30, RAMP_Q, APF] = idx_gen;
[CT_LABEL, CT_PROB, CT_TABLE, CT_TBUS, CT_TGEN, CT_TBRCH, CT_TAREABUS, ...
    CT_TAREAGEN, CT_TAREABRCH, CT_ROW, CT_COL, CT_CHGTYPE, CT_REP, ...
    CT_REL, CT_ADD, CT_NEWVAL, CT_TLOAD, CT_TAREALOAD, CT_LOAD_ALL_PQ, ...
    CT_LOAD_FIX_PQ, CT_LOAD_DIS_PQ, CT_LOAD_ALL_P, CT_LOAD_FIX_P, ...
    CT_LOAD_DIS_P, CT_TGENCOST, CT_TAREAGENCOST, CT_MODCOST_F, ...
    CT_MODCOST_X] = idx_ct;

windprofile = struct( ...
    'type', 'mpcData', ...
    'table', CT_TGEN, ...
    'rows', [1:45], ...
    'col', PMAX, ...
    'chgtype', 1, ...
    'values', [] );
windprofile.values(:,1,:) = [
	3.7135 50.1772 90.3884 102.0392 14.2441 33.3156 26.6306 18.9112 26.9188 30.9762 57.259 85.4192 128.5981 64.4327 196.2914 73.9516 91.7548 97.2327 28.854 70.6766 8.8769 77.7364 74.6387 87.0778 105.2749 73.7764 14.0475 1030.8693 625.1164 625.1164 536.5262 97.9686 96.1799 181.9217 202.0053 266.7163 1037.9169 193.9141 473.1651 281.9863 120.4481 369.5813 138.8973 251.7372 1048.7286;
	3.6572 49.4174 93.1133 111.5617 14.5185 32.1382 29.0091 18.8107 27.0219 30.6979 56.7446 84.6518 127.4428 63.5441 200.2256 75.4338 93.5938 99.1815 32.1686 72.0127 9.6697 74.9891 74.89 87.5105 103.8426 72.0949 13.9596 1083.4188 696.025 696.025 576.5028 101.8241 107.2286 185.3608 199.2194 296.9707 1142.9876 215.3264 469.1999 278.1498 120.5056 356.5196 132.6003 258.7997 1154.8937;
	3.757 50.7652 92.2249 61.146 14.0918 33.5596 30.2464 18.5026 27.5338 30.8267 56.9827 85.007 127.9776 63.8776 198.3087 74.7117 92.6978 98.232 33.8357 72.6926 10.0821 78.3057 74.7499 86.5496 102.5636 72.764 13.7443 1112.8994 730.2397 730.2397 577.3772 111.3182 112.7857 187.1111 200.265 311.5689 1206.9554 216.8419 475.1164 274.7239 119.7491 372.2876 139.3477 266.6686 1219.5278;
	3.6996 49.9902 91.9051 80.2382 14.3342 33.6178 28.5424 18.3847 27.0021 30.417 56.2254 83.8772 126.2767 63.462 199.7703 75.2623 93.381 98.956 43.1321 71.9089 9.5141 78.4415 64.7025 85.9503 101.9452 73.774 13.9954 1195.0703 733.7358 733.7358 534.5895 99.9407 143.7736 185.0937 198.962 313.0606 1104.8878 224.9244 465.9578 273.0674 120.3363 372.9331 175.6456 272.5901 1116.3971;
	3.486 47.1038 90.5713 115.7485 14.1953 32.7164 24.6904 18.146 26.8654 30.3894 56.1743 83.801 126.1619 64.4612 187.6301 70.6885 87.7061 92.9423 73.9244 70.4623 8.2301 76.3383 53.6265 84.8308 100.4547 73.1532 13.6825 1175.6525 690.074 690.074 550.1686 100.9487 246.4148 181.3703 202.0945 294.4316 1185.6958 240.9726 464.68 269.0752 117.0224 362.934 194.5944 263.3198 1198.0468;
	3.6755 49.6639 89.7625 114.969 14.2815 32.0974 28.4781 18.5646 26.6163 30.7597 56.8589 84.8223 127.6994 66.2405 194.5333 73.2893 90.933 96.3619 85.884 72.1754 9.4927 74.894 68.8251 85.1923 102.0028 73.3962 14.0525 1206.4137 737.6134 737.6134 529.1757 96.382 286.28 185.7797 207.6728 314.715 1126.7837 213.2593 462.8719 273.2217 119.1823 356.0673 195.0585 265.3088 1138.521;
	3.6867 49.8155 92.0262 117.9589 14.1269 32.3115 30.4825 18.2389 26.9466 30.744 56.8299 84.779 127.6343 65.3669 193.1019 72.75 90.2639 95.6528 86.1382 71.87 10.1608 75.3934 72.8452 85.004 98.6602 75.7403 13.5807 1202.1384 775.3867 775.3867 606.4474 91.4217 287.1274 184.9937 204.9342 330.8316 1150.0993 232.6008 466.9087 264.2684 120.478 358.4417 200.9301 259.7393 1162.0795;
	3.5922 48.5388 88.3278 111.9149 14.2367 32.0768 29.8653 17.9823 25.8657 29.6654 54.836 81.8046 123.1564 63.5024 192.9569 72.6954 90.1961 95.581 84.2996 71.1832 9.9551 74.8458 72.1719 84.0806 95.4423 73.5406 13.3631 1110.9568 717.3036 717.3036 556.4694 77.5421 280.9986 183.2257 199.0885 306.0496 1094.0246 218.0388 447.9148 255.6489 114.8605 355.8382 198.3354 251.7282 1105.4207;
	3.7813 51.0942 89.0647 116.4449 14.3387 32.7564 30.4265 17.4546 26.8944 29.6776 54.8587 81.8384 123.2072 67.448 194.8428 73.4059 91.0777 96.5152 87.5076 70.8709 10.1422 76.4315 72.1092 84.5684 99.2367 72.3002 13.2543 1155.1299 803.6633 803.6633 630.9945 74.5058 291.6921 182.4219 211.4587 342.8963 1144.354 249.7016 465.8936 265.8127 118.9342 363.3774 185.0166 256.9736 1156.2743;
	3.6602 49.457 88.8735 113.9446 14.4877 32.8046 30.2655 18.4547 26.3987 29.5262 54.5788 81.4208 122.5786 68.9532 196.2064 73.9196 91.7151 97.1906 88.7787 71.0477 10.0885 76.5441 73.0175 86.0447 101.8006 72.5196 13.6071 1146.5974 788.146 788.146 686.8789 90.2561 295.9289 182.8769 216.1776 336.2756 1154.8327 289.3515 472.1221 272.6802 119.6737 363.9127 159.4628 257.121 1166.8622;
	3.6627 49.4914 88.1747 112.4394 14.9775 33.0901 28.3179 18.3829 27.2835 30.2213 55.8636 83.3376 125.4642 69.4383 200.0006 75.349 93.4886 99.07 87.0159 71.854 9.4393 77.2103 74.8398 86.4786 99.6721 72.3186 13.7876 1144.2642 785.8254 785.8254 666.9219 91.2312 290.0531 184.9523 217.6985 335.2855 1075.6064 302.7225 476.3849 266.9787 121.6948 367.08 166.9687 257.3165 1086.8106;
	3.6021 48.6716 87.3026 110.9821 15.0144 33.3683 27.3409 17.4115 27.7235 30.6336 56.6258 84.4746 127.176 69.1415 201.7896 76.0231 94.3249 99.9562 86.7391 71.523 9.1136 77.8595 75.2145 84.3489 97.6601 70.7781 13.028 1096.85 771.0363 771.0363 666.5667 96.4511 289.1302 184.1004 216.768 328.9755 1097.2198 293.0931 477.6945 261.5897 115.3101 370.1662 181.469 257.8286 1108.6492;
	3.5597 48.099 87.5659 113.3582 14.7303 32.5467 28.6794 17.4971 27.0314 30.1744 55.777 83.2083 125.2696 68.9454 194.966 73.4523 91.1353 96.5762 85.365 69.8446 9.5598 75.9423 73.3526 87.4072 100.9246 73.3795 13.1501 1050.4174 742.2851 742.2851 689.2957 104.1804 284.5499 179.7802 216.1532 316.7083 1000.0621 320.3285 466.5185 270.3336 114.2946 361.0512 150.4695 257.4859 1010.4794;
	3.2676 44.1529 86.3597 109.3124 14.7836 33.1265 29.07 17.3569 27.0196 30.3421 56.0869 83.6707 125.9657 67.6544 204.0064 76.8582 95.3611 101.0543 91.4963 72.8629 9.69 77.2952 74.8221 85.9675 97.6003 70.9129 12.9315 1084.8457 711.6914 711.6914 734.2898 105.217 304.9878 187.5492 212.1056 303.655 998.4175 333.7232 464.5378 261.4293 112.8358 367.4835 151.6178 247.8159 1008.8176;
	3.517 47.5222 87.4205 110.2376 14.6438 32.134 27.24 17.5529 26.8797 30.513 56.4028 84.1418 126.675 67.714 198.4774 74.7752 92.7767 98.3156 89.1017 71.9444 9.08 74.9792 72.7885 86.503 98.1478 72.1746 12.9162 1091.9388 715.3897 715.3897 697.3623 104.3931 297.0058 185.185 212.2926 305.2329 950.3439 325.6167 465.2575 262.8959 114.6158 356.4727 163.8623 244.5222 960.2433;
	3.3727 45.573 88.4485 113.2596 14.9425 32.2942 26.8714 17.4503 27.7773 30.0768 55.5965 82.939 124.8643 66.7701 197.0659 74.2434 92.1168 97.6164 88.5292 71.4735 8.9571 75.353 73.3897 84.4061 97.2983 72.6416 13.1414 1114.9306 729.427 729.427 647.4494 111.6267 295.0973 183.973 209.3332 311.2222 1023.3089 306.8701 450.4403 260.6203 115.7455 358.2498 170.2593 243.9151 1033.9684;
	2.4259 32.779 86.388 111.4843 14.2603 32.1605 24.8968 16.3277 26.3783 28.4086 52.5129 78.3389 117.9388 62.7744 198.1214 74.6411 92.6102 98.1392 87.7006 72.1749 8.2989 75.0411 71.6359 86.842 98.4495 70.3465 11.9 1064.6236 706.4758 706.4758 615.9326 102.9599 292.3352 185.7783 196.8064 301.4297 1087.0989 268.5783 439.4016 263.7041 115.1618 356.7669 165.4715 211.8893 1098.4228;
	3.5489 47.9539 87.5063 111.4653 15.1515 31.559 25.5287 13.8074 27.085 28.6302 52.9226 78.9501 118.8589 65.5991 198.21 74.6745 92.6517 98.1831 89.6387 71.3068 8.5096 73.6376 71.6513 86.9762 100.9524 68.2916 10.9301 1185.2948 735.3686 735.3686 669.7922 104.2331 298.7957 183.5438 205.6621 313.7573 1169.9127 302.6463 449.3034 270.4082 112.1277 350.0944 183.2214 236.1828 1182.0993;
