function solarprofile = ex_solar_profilesh1
%EX_WIND_PROFILE_D  Example wind_load_nyiso profile data for deterministic unit commitment.
% 2022.03.12
% Andres F. Ramirez


%% define constants
[GEN_BUS, PG, QG, QMAX, QMIN, VG, MBASE, GEN_STATUS, PMAX, PMIN, ...
    MU_PMAX, MU_PMIN, MU_QMAX, MU_QMIN, PC1, PC2, QC1MIN, QC1MAX, ...
    QC2MIN, QC2MAX, RAMP_AGC, RAMP_10, RAMP_30, RAMP_Q, APF] = idx_gen;
[CT_LABEL, CT_PROB, CT_TABLE, CT_TBUS, CT_TGEN, CT_TBRCH, CT_TAREABUS, ...
    CT_TAREAGEN, CT_TAREABRCH, CT_ROW, CT_COL, CT_CHGTYPE, CT_REP, ...
    CT_REL, CT_ADD, CT_NEWVAL, CT_TLOAD, CT_TAREALOAD, CT_LOAD_ALL_PQ, ...
    CT_LOAD_FIX_PQ, CT_LOAD_DIS_PQ, CT_LOAD_ALL_P, CT_LOAD_FIX_P, ...
    CT_LOAD_DIS_P, CT_TGENCOST, CT_TAREAGENCOST, CT_MODCOST_F, ...
    CT_MODCOST_X] = idx_ct;

solarprofile = struct( ...
    'type', 'mpcData', ...
    'table', CT_TGEN, ...
    'rows', [1:12], ...
    'col', PMAX, ...
    'chgtype', 1, ...
    'values', [] );
solarprofile.values(:,1,:) = [
	0.0 0.0 0.0 0.0 0.0 0.0 0.0 0.0 0.0 0.0 0.0 0.0;
	0.0 0.0 0.0 0.0 0.0 0.0 0.0 0.0 0.0 0.0 0.0 0.0;
	0.0 0.0 0.0 0.0 0.0 0.0 0.0 0.0 0.0 0.0 0.0 0.0;
	0.0 0.0 0.0 0.0 0.0 0.0 0.0 0.0 0.0 0.0 0.0 0.0;
	0.0 0.0 0.0 0.0 0.0 0.0 0.0 0.0 0.0 0.0 0.0 0.0;
	0.0052 0.0135 0.0149 0.0 0.0 0.0 0.0 0.0 0.0 0.0 0.0 0.0;
	9.5603 8.8357 8.3 1.649 0.5008 256.9791 32.1224 32.6771 35.0281 69.5263 41.2786 125.9125;
	21.4967 16.5183 12.6736 3.4712 0.7959 360.982 45.1227 65.2905 52.1529 138.7793 140.3802 251.3302;
	24.6704 16.8789 13.8 6.8908 2.5931 379.9066 47.4883 71.7658 76.314 219.945 193.3457 398.3217;
	26.3389 16.6083 13.6998 11.1519 2.9669 361.1383 45.1423 65.7248 141.9074 136.3561 171.7342 246.9417;
	26.352 16.5772 13.7607 11.1426 5.0279 375.4939 46.9367 65.8693 185.5652 277.5219 187.0088 502.5938;
	26.334 16.5314 13.7675 10.2667 6.3358 367.4113 45.9264 63.7318 197.8876 305.7203 193.7535 553.6613;
	21.9133 16.4903 13.1375 9.4148 8.567 366.4079 45.801 51.912 172.6721 199.7165 159.071 361.6878;
	11.5261 16.2845 11.8381 10.81 9.4035 375.1284 46.891 37.0614 151.439 157.3385 134.4149 284.941;
	5.0015 9.9635 4.5564 8.9079 9.7236 382.8948 47.8618 38.6493 123.4197 72.324 112.5763 130.9791;
	4.4975 3.9971 2.7762 6.8418 8.101 309.0082 38.626 20.0669 58.3233 38.4864 58.4694 69.699;
	0.907 0.6821 0.4306 1.3589 3.207 50.7414 6.3427 8.4324 19.8695 23.0267 21.3037 41.7014;
	0.0 0.0 0.0 0.0 0.0 0.0 0.0 0.0 0.0 0.0 0.0 0.0;
	0.0 0.0 0.0 0.0 0.0 0.0 0.0 0.0 0.0 0.0 0.0 0.0;
	0.0 0.0 0.0 0.0 0.0 0.0 0.0 0.0 0.0 0.0 0.0 0.0;
	0.0 0.0 0.0 0.0 0.0 0.0 0.0 0.0 0.0 0.0 0.0 0.0;
	0.0 0.0 0.0 0.0 0.0 0.0 0.0 0.0 0.0 0.0 0.0 0.0;
	0.0 0.0 0.0 0.0 0.0 0.0 0.0 0.0 0.0 0.0 0.0 0.0;
	0.0 0.0 0.0 0.0 0.0 0.0 0.0 0.0 0.0 0.0 0.0 0.0;
];
