function windprofile = ex_wind_profilesh1
%EX_WIND_PROFILE_D  Example wind_load_nyiso profile data for deterministic unit commitment.
% 2022.03.12
% Andres F. Ramirez


%% define constants
[GEN_BUS, PG, QG, QMAX, QMIN, VG, MBASE, GEN_STATUS, PMAX, PMIN, ...
    MU_PMAX, MU_PMIN, MU_QMAX, MU_QMIN, PC1, PC2, QC1MIN, QC1MAX, ...
    QC2MIN, QC2MAX, RAMP_AGC, RAMP_10, RAMP_30, RAMP_Q, APF] = idx_gen;
[CT_LABEL, CT_PROB, CT_TABLE, CT_TBUS, CT_TGEN, CT_TBRCH, CT_TAREABUS, ...
    CT_TAREAGEN, CT_TAREABRCH, CT_ROW, CT_COL, CT_CHGTYPE, CT_REP, ...
    CT_REL, CT_ADD, CT_NEWVAL, CT_TLOAD, CT_TAREALOAD, CT_LOAD_ALL_PQ, ...
    CT_LOAD_FIX_PQ, CT_LOAD_DIS_PQ, CT_LOAD_ALL_P, CT_LOAD_FIX_P, ...
    CT_LOAD_DIS_P, CT_TGENCOST, CT_TAREAGENCOST, CT_MODCOST_F, ...
    CT_MODCOST_X] = idx_ct;

windprofile = struct( ...
    'type', 'mpcData', ...
    'table', CT_TGEN, ...
    'rows', [1:45], ...
    'col', PMAX, ...
    'chgtype', 1, ...
    'values', [] );
windprofile.values(:,1,:) = [
	3.5549 48.034 93.5497 112.9359 14.8823 32.909 27.9453 18.3852 26.6212 29.8399 55.1586 82.2858 123.8808 63.8196 198.2827 74.7018 92.6856 98.2191 20.5986 73.3487 9.3151 76.7878 73.0597 87.1235 104.2604 73.2027 13.6053 1088.2121 624.137 624.137 553.6376 107.2449 68.6619 188.7996 200.0831 266.2985 1061.7675 210.237 449.6466 279.2691 117.476 365.0709 142.8823 256.4327 1072.8276;
	3.5593 48.0935 92.6157 119.1375 14.7329 32.809 30.1544 18.6591 27.5468 29.3746 54.2985 81.0026 121.949 63.5089 197.5696 74.4332 92.3523 97.8659 22.8955 73.7443 10.0515 76.5544 70.7071 86.6022 102.7002 71.2738 13.4313 1108.2301 635.3878 635.3878 552.814 100.24 76.3185 189.818 199.109 271.0988 1074.8274 220.8949 457.2876 275.0899 119.8639 363.9613 140.9015 256.2243 1086.0235;
	3.7024 50.0275 94.6378 70.0564 14.9403 34.3932 29.389 18.8366 27.5615 28.9942 53.5953 79.9536 120.3697 66.2835 200.5066 75.5397 93.7252 99.3207 30.464 73.0902 9.7963 80.2509 69.2793 88.7062 105.7656 72.7801 13.7107 1115.6398 636.1998 636.1998 565.8879 107.0056 101.5466 188.1344 207.8078 271.4452 1097.9645 216.6954 435.1159 283.3008 119.9295 381.5356 136.8563 270.325 1109.4016;
	3.6328 49.0872 94.2263 86.9496 14.7411 33.9939 28.3169 18.9812 27.3561 28.8874 53.3979 79.6592 119.9265 64.944 203.163 76.5405 94.9669 100.6366 39.1705 73.0313 9.439 79.3192 61.3854 87.4606 105.9963 73.9383 13.8997 1129.6059 627.5685 627.5685 523.3545 96.0781 130.5683 187.9827 203.6081 267.7626 988.5093 230.8886 434.1986 283.9187 118.1753 377.1061 168.4244 271.9685 998.8063;
	3.2084 43.3526 90.9648 119.0155 14.353 33.1281 23.5809 19.0841 27.0774 28.7738 53.1879 79.3459 119.4549 65.347 199.0273 74.9824 93.0337 98.588 76.1786 73.152 7.8603 77.2988 44.6568 87.9187 106.3425 74.4584 13.9249 1108.9186 612.9048 612.9048 548.1437 98.9946 253.9285 188.2935 204.8718 261.5061 1104.4751 240.7669 427.467 284.846 120.6245 367.5007 165.1593 267.566 1115.98;
	3.626 48.9952 91.8507 117.7217 14.7909 33.7922 27.4791 18.9841 27.1741 29.6348 54.7795 81.7203 123.0295 67.9775 195.6413 73.7067 91.451 96.9107 85.4553 73.1102 9.1597 78.8484 69.7605 89.3183 106.6645 73.9342 14.1137 1165.1886 649.5714 649.5714 520.4799 101.4128 284.8511 188.1858 213.1187 277.1505 1018.5424 230.0386 435.0961 285.7084 121.4204 374.8681 177.8541 272.9679 1029.1522;
	3.6372 49.1465 90.1539 116.1505 14.4016 33.1967 28.318 18.9478 25.9383 28.7382 53.1222 79.2478 119.3072 68.6113 197.8903 74.554 92.5022 98.0247 88.4154 71.9851 9.4393 77.4589 70.0125 88.7749 106.2234 74.8047 13.825 1236.5624 706.6699 706.6699 581.6571 98.5578 294.718 185.29 215.1056 301.5125 1099.1858 247.1732 428.3306 284.5271 119.3502 368.2617 183.0868 270.9421 1110.6356;
	3.5833 48.4179 86.6955 116.2139 14.4282 33.0588 29.2946 18.9725 26.8309 28.3686 52.4389 78.2286 117.7727 66.7625 198.2054 74.6727 92.6495 98.1808 86.2105 72.3359 9.7649 77.1372 71.937 86.4057 105.8319 74.6305 13.7002 1182.251 680.2208 680.2208 528.9857 84.618 287.3685 186.1928 209.3093 290.2275 1053.9689 227.5831 437.4908 283.4784 116.5727 366.7324 190.1931 266.5571 1064.9477;
	3.7732 50.9845 91.5132 119.6385 14.4457 34.3756 30.1138 18.9498 27.4254 30.4903 56.3608 84.0793 126.5809 69.7554 200.6227 75.5834 93.7795 99.3782 88.5103 71.1746 10.0379 80.2098 73.4032 88.9539 106.4504 74.7248 13.8811 1289.7627 772.7528 772.7528 587.7995 79.6308 295.0342 183.2037 218.6925 329.7078 1170.9187 266.9453 454.1907 285.1351 120.724 381.3404 181.7368 281.33 1183.1158;
	3.7408 50.5461 90.9681 120.7171 14.8738 34.3092 30.1073 18.9356 26.8945 31.0734 57.4387 85.6872 129.0016 69.8634 201.4798 75.9063 94.1801 99.8028 89.0729 73.3714 10.0358 80.0548 74.7207 89.374 106.2992 74.6317 14.045 1268.5487 755.897 755.897 674.6523 95.1529 296.9097 188.8583 219.0312 322.516 1171.3922 297.9318 453.2556 284.7301 121.3819 380.6033 165.2963 282.3858 1183.5942;
	3.6714 49.6093 90.4931 120.1491 14.9801 33.0785 29.8335 18.5374 28.171 31.1813 57.6381 85.9848 129.4496 67.9102 202.3026 76.2163 94.5647 100.2103 87.8748 72.2965 9.9445 77.1832 74.5718 89.9687 105.1056 74.2797 13.8769 1172.1124 753.3931 753.3931 651.5187 98.8292 292.9159 186.0914 212.9078 321.4477 1111.4562 307.7849 467.6148 281.5329 122.0222 366.9508 175.6879 280.105 1123.0338;
	3.5734 48.284 87.5114 118.6049 14.5057 32.4862 27.3416 18.3896 27.5522 30.875 57.072 85.1402 128.178 68.292 202.9111 76.4456 94.8491 100.5118 87.8577 71.9321 9.1139 75.8012 74.0659 88.3999 103.8158 74.0572 13.6929 1085.4884 741.2234 741.2234 658.9792 97.2044 292.8592 185.1535 214.1046 316.2553 1085.0507 299.7765 455.0718 278.0782 117.0289 360.3807 185.7356 277.0018 1096.3534;
	3.5642 48.1599 88.3446 119.0234 14.5839 32.3792 28.6132 19.0529 27.7385 31.1169 57.5191 85.8072 129.1823 69.5424 205.0496 77.2512 95.8487 101.5711 84.2728 72.9913 9.5377 75.5515 75.0023 89.6058 104.6728 73.9884 14.0699 1022.6133 730.2998 730.2998 637.1437 96.759 280.9093 187.8798 218.0248 311.5946 987.849 298.1318 444.3299 280.3736 118.9266 359.1934 155.147 272.6796 998.1391;
	3.5732 48.2823 87.1406 117.6397 14.8724 32.3124 28.9406 18.6952 27.9276 30.507 56.3917 84.1253 126.6501 68.8379 204.4045 77.0082 95.5472 101.2515 89.1745 72.4902 9.6469 75.3956 74.3832 86.7509 100.3942 73.1969 13.7179 1012.3042 703.4329 703.4329 694.7458 98.3028 297.2485 186.59 215.8161 300.1314 978.0241 320.2519 461.742 268.9131 120.5116 358.4522 152.1622 278.3822 988.2118;
	3.3286 44.9762 88.052 114.3537 14.6963 32.6872 27.5145 18.8119 27.6139 30.4679 56.3194 84.0175 126.4878 68.3844 202.4565 76.2743 94.6366 100.2866 87.6525 72.0529 9.1715 76.27 72.7804 87.6536 100.494 74.7428 14.1174 977.4906 723.7638 723.7638 694.773 101.4652 292.1748 185.4643 214.3944 308.8059 924.919 326.9419 467.6714 269.1805 117.4483 362.6096 170.3456 263.6698 934.5535;
	3.2176 43.4769 87.2101 110.992 14.1856 32.1145 27.7402 18.2061 27.78 29.9331 55.3309 82.5428 124.2677 67.7206 202.2679 76.2032 94.5485 100.1931 86.6798 70.1497 9.2467 74.9339 73.1283 83.4049 97.6996 73.5227 14.0131 1051.1199 722.2928 722.2928 684.0797 107.5144 288.9326 180.5656 212.3131 308.1783 1017.2764 311.2704 458.5838 261.6954 116.859 356.257 162.9276 257.3528 1027.873;
	3.2972 44.5529 86.4061 113.4297 14.9101 32.7418 26.4177 17.4798 26.4594 30.5549 56.4802 84.2574 126.849 64.8192 195.8333 73.7791 91.5407 97.0058 86.5462 71.3721 8.8059 76.3974 73.6132 85.8602 97.1837 71.3459 13.0823 968.9309 703.8811 703.8811 682.8349 106.81 288.4874 183.712 203.2169 300.3226 1037.8377 309.8831 450.8366 260.3134 117.6546 363.2152 173.6953 234.7075 1048.6485;
	3.1336 42.3414 75.6863 91.2941 14.2913 30.759 24.9831 13.7657 25.7892 29.5153 54.5586 81.3907 122.5332 64.0161 197.5764 74.4358 92.3555 97.8693 86.1612 69.4554 8.3277 71.7709 71.2381 79.7071 93.153 61.0142 11.2852 1075.9596 683.3608 683.3608 694.6139 103.8278 287.204 178.7785 200.6991 291.5673 1035.3115 325.9807 446.7292 249.517 113.5228 341.2194 160.9288 222.2402 1046.096;
