function loadprofile = ex_load_profilesh1
%EX_LOAD_PROFILE  Example load profile data file for stochastic unit commitment.
% 2022.03.12
% Andres F. Ramirez

%% define constants
[CT_LABEL, CT_PROB, CT_TABLE, CT_TBUS, CT_TGEN, CT_TBRCH, CT_TAREABUS, ...
    CT_TAREAGEN, CT_TAREABRCH, CT_ROW, CT_COL, CT_CHGTYPE, CT_REP, ...
    CT_REL, CT_ADD, CT_NEWVAL, CT_TLOAD, CT_TAREALOAD, CT_LOAD_ALL_PQ, ...
    CT_LOAD_FIX_PQ, CT_LOAD_DIS_PQ, CT_LOAD_ALL_P, CT_LOAD_FIX_P, ...
    CT_LOAD_DIS_P, CT_TGENCOST, CT_TAREAGENCOST, CT_MODCOST_F, ...
    CT_MODCOST_X] = idx_ct;

loadprofile = struct( ...
    'type', 'mpcData', ...
    'table', CT_TAREALOAD, ...
    'rows', [1:11], ...
    'col', CT_LOAD_ALL_P, ...
    'chgtype', 1, ...
    'values', [] );
loadprofile.values(:,1,:) = [
	1479.1203 936.9051 1611.2507 564.2574 779.2383 1125.3 876.2435 243.8 469.3456 4518.8 1646.3843;
	1448.5913 932.4433 1616.3346 567.6602 784.8095 1145.3 870.1022 243.7161 464.3746 4424.1314 1638.5928;
	1498.4217 977.9398 1675.3935 567.2 801.9 1168.8664 890.9241 246.5264 491.7532 4575.017 1680.6201;
	1573.1307 1036.3264 1765.6011 591.8286 864.5068 1237.1236 934.5 267.6811 522.5677 4774.1789 1791.7673;
	1662.8257 1140.3469 1916.4476 599.4 963.3 1384.1964 1022.0592 316.1506 574.8473 5314.2044 1984.0279;
	1840.3041 1246.7922 2097.9359 601.6181 1067.1518 1459.2 1086.7422 320.7252 619.5393 5809.5516 2069.1559;
	1833.1929 1229.5338 2098.3525 597.5111 1077.7471 1457.6082 1096.6 323.8252 624.1518 6073.2094 2033.3447;
	1822.5408 1221.0 2079.8019 606.4462 1071.6 1450.7424 1083.6427 329.3902 635.0039 6269.6242 1926.4278;
	1871.522 1249.2465 2097.9848 617.2335 1089.8866 1418.8439 1074.4424 337.1394 625.4056 6394.9824 2015.5238;
	1840.2861 1240.8871 2060.4401 616.706 1092.9442 1406.8937 1058.3028 291.5 614.0789 6389.6635 1561.7601;
	1845.3063 1243.7 2067.81 585.5 1084.2972 1373.342 1054.1255 271.1853 617.0634 6358.4187 1417.0513;
	1891.6927 1228.1 2050.4387 574.2768 1087.013 1417.1006 1054.5203 305.9 630.6351 6366.3694 1381.2281;
	1914.4221 1229.8266 2018.2949 564.0492 1081.0025 1414.5441 1041.15 309.5284 633.9896 6364.717 1689.4283;
	1844.4178 1201.9694 2004.1685 555.0071 1045.227 1357.6515 1051.2501 320.8 634.3056 6340.462 1708.4479;
	1811.0182 1213.1631 1982.2218 577.9 1029.1642 1384.5707 1073.2042 315.5516 629.3876 6293.2172 1654.4748;
	1743.4701 1151.6826 1987.4047 594.3353 1056.875 1449.133 1122.1347 320.9021 647.6546 6291.6514 1880.9157;
	1772.1197 1191.1557 2074.445 610.4193 1105.0919 1519.2815 1152.3339 355.1 671.9998 6204.7804 2253.9367;
	1842.372 1239.8771 2152.4355 620.8487 1129.2379 1560.6972 1206.9353 361.0628 696.1815 6105.9729 2387.2601;
	1878.734 1226.7342 2101.7197 628.1 1124.2108 1542.5722 1199.0641 364.0603 687.8302 6152.6043 2377.0092;
	1833.2943 1150.8412 2001.9853 614.8454 1052.4544 1481.1402 1182.7764 352.8617 651.8807 5907.0343 2229.4478;
	1709.4322 1068.7011 1882.3 600.1226 992.6282 1402.8488 1099.2904 324.6115 615.2 5633.5733 1992.605;
	1564.3333 975.6596 1740.7196 565.0909 920.7973 1309.9532 998.6578 277.6243 554.1798 5214.0938 1791.8842;
	1513.2 971.2359 1698.604 584.6296 889.7182 1285.1428 934.7133 247.1385 470.4176 4822.9009 1763.8;
	1511.337 949.868 1656.5635 584.2371 891.7248 1254.0447 921.6252 231.1962 489.0183 4678.6431 1739.6787;
];
