function loadprofile = ex_load_profilesh1
%EX_LOAD_PROFILE  Example load profile data file for stochastic unit commitment.
% 2022.03.12
% Andres F. Ramirez

%% define constants
[CT_LABEL, CT_PROB, CT_TABLE, CT_TBUS, CT_TGEN, CT_TBRCH, CT_TAREABUS, ...
    CT_TAREAGEN, CT_TAREABRCH, CT_ROW, CT_COL, CT_CHGTYPE, CT_REP, ...
    CT_REL, CT_ADD, CT_NEWVAL, CT_TLOAD, CT_TAREALOAD, CT_LOAD_ALL_PQ, ...
    CT_LOAD_FIX_PQ, CT_LOAD_DIS_PQ, CT_LOAD_ALL_P, CT_LOAD_FIX_P, ...
    CT_LOAD_DIS_P, CT_TGENCOST, CT_TAREAGENCOST, CT_MODCOST_F, ...
    CT_MODCOST_X] = idx_ct;

loadprofile = struct( ...
    'type', 'mpcData', ...
    'table', CT_TAREALOAD, ...
    'rows', [1:11], ...
    'col', CT_LOAD_ALL_P, ...
    'chgtype', 1, ...
    'values', [] );
loadprofile.values(:,1,:) = [
	1385.5759 871.3714 1561.1193 557.7 768.4368 1085.8466 910.9524 266.0768 522.2 4510.8957 1758.0481;
	1416.6192 886.8075 1592.5598 563.0 790.334 1098.9 921.262 259.6 533.4935 4465.2837 1845.8228;
	1454.8308 915.8 1620.3091 575.0542 793.0 1090.4957 901.7905 264.7 526.3 4480.971 1789.9361;
	1533.0213 980.7111 1745.1103 582.5699 880.5987 1201.5617 981.3286 287.7768 573.8966 4734.8526 2030.4357;
	1686.9876 1111.7023 1944.4958 605.4664 979.3384 1329.1625 1061.4136 326.2 651.4567 5287.3518 2205.8053;
	1823.7006 1184.8133 2071.1601 639.0427 1050.5987 1437.0 1149.8061 365.6317 704.0 5893.7154 2311.619;
	1806.6784 1175.1615 2047.2943 632.1151 1087.1037 1446.3554 1181.7029 363.5 718.9743 6234.4904 2345.1609;
	1883.8483 1226.8615 2084.5125 621.4 1077.6477 1461.3153 1222.0772 368.1809 738.6611 6397.2515 2378.0648;
	1896.351 1251.2496 2141.3783 621.6865 1083.3 1435.8643 1209.2287 375.096 728.3469 6360.9737 2355.4009;
	1911.1069 1230.678 2085.434 623.304 1057.1057 1365.9762 1194.8422 378.0474 753.6008 6305.6315 2286.4168;
	1887.1695 1215.0131 2097.9394 638.0479 1066.4 1405.6758 1173.3814 393.2007 718.2659 6342.552 2365.0014;
	1910.5477 1198.6688 2075.1833 626.1672 1014.4561 1326.3534 1109.2024 371.3576 707.9578 6177.1614 2219.4116;
	1893.0116 1200.6 2037.8802 612.095 1025.3666 1326.9119 1079.2363 370.7962 691.7788 6181.8244 2173.5064;
	1880.3691 1191.785 2002.977 614.8295 1013.0049 1363.4 1127.4188 380.2844 732.3003 6401.4569 2325.0953;
	1871.9114 1187.7533 1983.1898 610.5495 1004.3 1384.4801 1187.7198 372.1416 727.7559 6400.2158 2263.5488;
	1856.8277 1200.6119 2013.4309 614.7001 1025.9 1411.8 1215.218 366.7848 704.5518 6312.1839 2308.9996;
	1821.7 1196.3143 2003.6454 618.4009 1018.1965 1451.218 1212.3099 361.2906 727.83 6230.7462 2366.8736;
	1899.5101 1247.3642 2089.5249 626.0 1059.4164 1472.2817 1213.7631 417.864 740.945 6313.2851 2519.5561;
	1897.8955 1230.5788 2056.1592 617.8552 1027.692 1420.0427 1169.5362 398.4394 715.3333 6140.6267 2450.5896;
	1845.5889 1156.5182 1957.8514 604.4187 983.0554 1371.1362 1144.8 406.7183 703.1226 5991.3591 2400.6816;
	1752.1203 1072.4837 1796.0738 582.7143 914.6923 1258.4449 1061.0129 362.3268 652.2008 5655.7 2183.3219;
	1671.553 1001.1596 1682.625 566.1498 878.0981 1169.3098 981.1982 332.7531 613.7278 5222.2707 1971.5862;
	1514.9549 945.3049 1632.5354 586.1428 782.0365 1146.2006 945.3453 317.633 575.3204 5067.2353 1976.2743;
	1549.7531 949.2992 1671.9423 588.3254 774.0116 1181.1795 983.7993 318.2 588.5259 5137.9382 2083.5889;
];
