function loadprofile = ex_load_profilesh1
%EX_LOAD_PROFILE  Example load profile data file for stochastic unit commitment.
% 2022.03.12
% Andres F. Ramirez

%% define constants
[CT_LABEL, CT_PROB, CT_TABLE, CT_TBUS, CT_TGEN, CT_TBRCH, CT_TAREABUS, ...
    CT_TAREAGEN, CT_TAREABRCH, CT_ROW, CT_COL, CT_CHGTYPE, CT_REP, ...
    CT_REL, CT_ADD, CT_NEWVAL, CT_TLOAD, CT_TAREALOAD, CT_LOAD_ALL_PQ, ...
    CT_LOAD_FIX_PQ, CT_LOAD_DIS_PQ, CT_LOAD_ALL_P, CT_LOAD_FIX_P, ...
    CT_LOAD_DIS_P, CT_TGENCOST, CT_TAREAGENCOST, CT_MODCOST_F, ...
    CT_MODCOST_X] = idx_ct;

loadprofile = struct( ...
    'type', 'mpcData', ...
    'table', CT_TAREALOAD, ...
    'rows', [1:11], ...
    'col', CT_LOAD_ALL_P, ...
    'chgtype', 1, ...
    'values', [] );
loadprofile.values(:,1,:) = [
	1446.7837 889.8 1582.5568 546.0 751.4458 1053.1941 844.4739 253.656 491.5606 3947.4966 1602.1062;
	1422.2 879.2 1551.8261 550.3 750.8521 1038.5864 832.7897 250.7487 483.6794 3924.1215 1587.9663;
	1452.5148 906.9266 1599.4317 561.1282 745.7789 1066.4007 861.1 261.7871 492.5256 4122.621 1634.0583;
	1550.3807 996.7484 1733.2548 571.0885 845.9618 1167.0601 923.6238 298.4 534.7655 4516.6409 1777.6086;
	1702.7136 1114.9806 1905.3377 589.5 942.1 1319.6592 1026.7343 334.5144 622.0136 5129.8338 2032.1536;
	1845.5552 1172.2854 2012.8817 589.4971 995.8748 1391.0614 1097.2177 351.4396 670.0779 5608.6728 2170.139;
	1866.1904 1172.3533 2016.3627 567.1032 1018.8926 1426.1335 1129.1 371.8762 697.8742 6030.9683 2246.2184;
	1853.6 1150.432 2007.6 561.8364 994.6551 1428.0111 1137.886 376.366 713.1157 6290.3621 2290.9503;
	1875.8152 1192.337 2032.0817 573.3142 996.9645 1474.6269 1170.4603 370.6184 722.5 6414.3781 2340.3167;
	1877.7614 1211.6265 2107.9625 573.9663 1025.3338 1469.4437 1192.2125 390.1 728.3765 6498.6637 2397.6013;
	1860.5628 1224.6997 2115.4 574.503 1020.9753 1431.6888 1172.4994 405.7569 708.0247 6522.9975 2396.3515;
	1901.3858 1208.7934 2107.0505 571.4 983.683 1438.8703 1165.3484 410.5964 743.4081 6480.6741 2294.1017;
	1915.7333 1207.3322 2082.4276 562.955 938.5299 1397.2986 1144.3587 426.4818 783.107 6632.3036 2294.4908;
	1860.1578 1170.6311 2034.6993 582.7184 929.9737 1377.2421 1101.5193 412.4681 781.3424 6623.6514 2229.9779;
	1867.4004 1186.7 2087.6008 604.3065 1000.589 1387.1229 1053.7787 401.6323 724.0712 6683.1328 2218.4537;
	1842.3699 1191.4567 2106.0946 625.531 981.1136 1410.1358 1073.688 373.1649 689.4724 6440.5043 2240.2;
	1823.3919 1174.2543 2107.9222 667.5229 1018.6703 1451.8629 1122.5284 387.781 727.7477 6601.819 2379.0745;
	1877.0605 1237.026 2207.4991 654.0274 1050.3278 1515.7174 1191.2 405.8 753.8789 6685.8232 2522.7816;
	1851.9608 1229.0478 2168.0113 644.1222 1082.4968 1522.5364 1194.3628 412.6179 722.9392 6354.8996 2454.1581;
	1784.0638 1118.1235 2056.8206 626.8686 1040.9949 1417.5 1133.5672 378.5357 686.1493 6035.0318 2292.7405;
	1676.881 1030.8423 1879.1341 609.8387 952.1762 1327.2 1061.7092 349.9785 660.5516 5680.7598 2126.0067;
	1608.0 974.0742 1758.7 577.924 857.3299 1237.6449 989.0963 316.2 589.6 5251.3263 1872.4398;
	1498.4391 953.4 1718.7073 593.7994 860.2283 1192.0 928.0452 275.8 525.3221 5000.5226 1743.0881;
	1423.2001 917.9233 1674.17 600.0 817.4 1121.6269 882.1963 254.1172 478.6204 4733.2353 1592.2534;
];
