function solarprofile = ex_solar_profilesh1
%EX_WIND_PROFILE_D  Example wind_load_nyiso profile data for deterministic unit commitment.
% 2022.03.12
% Andres F. Ramirez


%% define constants
[GEN_BUS, PG, QG, QMAX, QMIN, VG, MBASE, GEN_STATUS, PMAX, PMIN, ...
    MU_PMAX, MU_PMIN, MU_QMAX, MU_QMIN, PC1, PC2, QC1MIN, QC1MAX, ...
    QC2MIN, QC2MAX, RAMP_AGC, RAMP_10, RAMP_30, RAMP_Q, APF] = idx_gen;
[CT_LABEL, CT_PROB, CT_TABLE, CT_TBUS, CT_TGEN, CT_TBRCH, CT_TAREABUS, ...
    CT_TAREAGEN, CT_TAREABRCH, CT_ROW, CT_COL, CT_CHGTYPE, CT_REP, ...
    CT_REL, CT_ADD, CT_NEWVAL, CT_TLOAD, CT_TAREALOAD, CT_LOAD_ALL_PQ, ...
    CT_LOAD_FIX_PQ, CT_LOAD_DIS_PQ, CT_LOAD_ALL_P, CT_LOAD_FIX_P, ...
    CT_LOAD_DIS_P, CT_TGENCOST, CT_TAREAGENCOST, CT_MODCOST_F, ...
    CT_MODCOST_X] = idx_ct;

solarprofile = struct( ...
    'type', 'mpcData', ...
    'table', CT_TGEN, ...
    'rows', [1:12], ...
    'col', PMAX, ...
    'chgtype', 1, ...
    'values', [] );
solarprofile.values(:,1,:) = [
	0.0 0.0 0.0 0.0 0.0 0.0 0.0 0.0 0.0 0.0 0.0 0.0;
	0.0 0.0 0.0 0.0 0.0 0.0 0.0 0.0 0.0 0.0 0.0 0.0;
	0.0 0.0 0.0 0.0 0.0 0.0 0.0 0.0 0.0 0.0 0.0 0.0;
	0.0 0.0 0.0 0.0 0.0 0.0 0.0 0.0 0.0 0.0 0.0 0.0;
	0.0 0.0 0.0 0.0 0.0 0.0 0.0 0.0 0.0 0.0 0.0 0.0;
	0.0 0.0 0.002 0.0 0.0 0.0 0.0 0.0 0.0 0.0 0.0 0.0;
	7.1503 3.2547 2.4411 0.6384 2.3774 91.4713 11.4339 25.5367 83.7729 68.7664 38.894 124.5363;
	10.3894 6.7371 7.2877 0.7809 4.6108 288.9611 36.1201 69.5317 103.3133 166.1401 73.3608 300.8807;
	15.9273 12.4782 13.1836 1.5216 7.6945 359.8863 44.9858 73.798 145.6333 272.4302 117.4455 493.3727;
	21.8186 10.7441 12.7177 2.9448 6.1133 328.4899 41.0612 70.0914 213.7019 154.7437 60.5846 280.2419;
	21.7763 12.7397 11.302 7.4153 8.6124 318.1809 39.7726 66.9821 203.8149 228.5216 172.2877 413.854;
	21.6924 14.3496 11.4109 10.9711 9.7466 317.9441 39.743 65.2876 190.2684 246.9947 214.3773 447.3089;
	21.8706 15.3291 13.6492 11.5173 11.2196 392.7523 49.094 70.1573 198.0488 78.9999 147.4595 143.0692;
	17.6954 15.3033 13.8 11.3755 11.2824 407.8518 50.9815 73.5253 205.2269 61.7098 67.7241 111.7568;
	12.111 9.4863 10.8728 7.5023 10.2219 388.3319 48.5415 72.6733 200.4341 54.4799 37.4083 98.6634;
	6.5662 4.1014 3.482 2.9148 5.5351 111.8744 13.9843 47.9443 109.6163 74.434 30.2876 134.8004;
	0.7551 0.6607 0.3974 1.3475 2.5219 44.3341 5.5418 8.424 19.5882 41.6497 26.4433 75.4279;
	0.0 0.0 0.0 0.0 0.0 0.0 0.0 0.0 0.0 0.0 0.0 0.0;
	0.0 0.0 0.0 0.0 0.0 0.0 0.0 0.0 0.0 0.0 0.0 0.0;
	0.0 0.0 0.0 0.0 0.0 0.0 0.0 0.0 0.0 0.0 0.0 0.0;
	0.0 0.0 0.0 0.0 0.0 0.0 0.0 0.0 0.0 0.0 0.0 0.0;
	0.0 0.0 0.0 0.0 0.0 0.0 0.0 0.0 0.0 0.0 0.0 0.0;
	0.0 0.0 0.0 0.0 0.0 0.0 0.0 0.0 0.0 0.0 0.0 0.0;
	0.0 0.0 0.0 0.0 0.0 0.0 0.0 0.0 0.0 0.0 0.0 0.0;
];
