function solarprofile = ex_solar_profilesh1
%EX_WIND_PROFILE_D  Example wind_load_nyiso profile data for deterministic unit commitment.
% 2022.03.12
% Andres F. Ramirez


%% define constants
[GEN_BUS, PG, QG, QMAX, QMIN, VG, MBASE, GEN_STATUS, PMAX, PMIN, ...
    MU_PMAX, MU_PMIN, MU_QMAX, MU_QMIN, PC1, PC2, QC1MIN, QC1MAX, ...
    QC2MIN, QC2MAX, RAMP_AGC, RAMP_10, RAMP_30, RAMP_Q, APF] = idx_gen;
[CT_LABEL, CT_PROB, CT_TABLE, CT_TBUS, CT_TGEN, CT_TBRCH, CT_TAREABUS, ...
    CT_TAREAGEN, CT_TAREABRCH, CT_ROW, CT_COL, CT_CHGTYPE, CT_REP, ...
    CT_REL, CT_ADD, CT_NEWVAL, CT_TLOAD, CT_TAREALOAD, CT_LOAD_ALL_PQ, ...
    CT_LOAD_FIX_PQ, CT_LOAD_DIS_PQ, CT_LOAD_ALL_P, CT_LOAD_FIX_P, ...
    CT_LOAD_DIS_P, CT_TGENCOST, CT_TAREAGENCOST, CT_MODCOST_F, ...
    CT_MODCOST_X] = idx_ct;

solarprofile = struct( ...
    'type', 'mpcData', ...
    'table', CT_TGEN, ...
    'rows', [1:12], ...
    'col', PMAX, ...
    'chgtype', 1, ...
    'values', [] );
solarprofile.values(:,1,:) = [
	0.0 0.0 0.0 0.0 0.0 0.0 0.0 0.0 0.0 0.0 0.0 0.0;
	0.0 0.0 0.0 0.0 0.0 0.0 0.0 0.0 0.0 0.0 0.0 0.0;
	0.0 0.0 0.0 0.0 0.0 0.0 0.0 0.0 0.0 0.0 0.0 0.0;
	0.0 0.0 0.0 0.0 0.0 0.0 0.0 0.0 0.0 0.0 0.0 0.0;
	0.0 0.0 0.0 0.0 0.0 0.0 0.0 0.0 0.0 0.0 0.0 0.0;
	0.0 0.0 0.002 0.0 0.0 0.0 0.0 0.0 0.0 0.0 0.0 0.0;
	8.8809 8.1205 8.0221 0.9685 0.9668 69.8662 8.7333 60.9581 39.2977 72.6719 40.0383 131.6093;
	19.7443 16.6325 13.6352 2.4555 5.0829 287.4067 35.9258 75.3996 93.9848 231.3865 37.9034 419.0423;
	23.4074 16.857 13.8635 5.6555 8.8581 335.2404 41.9051 76.565 137.2606 315.1122 79.3796 570.67;
	26.334 16.6083 13.8 9.5956 7.7079 129.2977 16.1622 68.4502 139.417 239.8075 163.5768 434.2929;
	26.334 16.6083 13.8 10.9436 8.8939 125.7667 15.7208 66.86 156.9646 272.0987 192.7647 492.7723;
	26.3602 16.6382 13.8 11.2861 9.1042 182.0633 22.7579 65.8554 175.6995 290.9355 200.3893 526.8859;
	26.7698 16.9635 13.8 11.632 9.4525 368.4798 46.06 65.6755 178.8305 261.8694 181.2239 474.247;
	25.0741 16.9736 13.8127 11.5984 9.8947 384.7081 48.0885 66.3022 162.9451 252.9243 165.6465 458.0474;
	21.837 16.5531 12.614 9.3255 9.7257 350.6935 43.8367 63.4121 131.1907 186.5988 152.9801 337.9316;
	9.4639 7.6202 6.0946 5.4007 7.499 112.6847 14.0856 39.3506 74.1673 70.8845 69.838 128.3723;
	0.7788 0.666 0.4407 1.4222 3.0112 49.3252 6.1657 9.0365 25.6086 22.6271 17.3134 40.9777;
	0.0 0.0 0.0 0.0 0.0 0.0 0.0 0.0 0.0 0.0 0.0 0.0;
	0.0 0.0 0.0 0.0 0.0 0.0 0.0 0.0 0.0 0.0 0.0 0.0;
	0.0 0.0 0.0 0.0 0.0 0.0 0.0 0.0 0.0 0.0 0.0 0.0;
	0.0 0.0 0.0 0.0 0.0 0.0 0.0 0.0 0.0 0.0 0.0 0.0;
	0.0 0.0 0.0 0.0 0.0 0.0 0.0 0.0 0.0 0.0 0.0 0.0;
	0.0 0.0 0.0 0.0 0.0 0.0 0.0 0.0 0.0 0.0 0.0 0.0;
	0.0 0.0 0.0 0.0 0.0 0.0 0.0 0.0 0.0 0.0 0.0 0.0;
];
