function solarprofile = ex_solar_profilesh1
%EX_WIND_PROFILE_D  Example wind_load_nyiso profile data for deterministic unit commitment.
% 2022.03.12
% Andres F. Ramirez


%% define constants
[GEN_BUS, PG, QG, QMAX, QMIN, VG, MBASE, GEN_STATUS, PMAX, PMIN, ...
    MU_PMAX, MU_PMIN, MU_QMAX, MU_QMIN, PC1, PC2, QC1MIN, QC1MAX, ...
    QC2MIN, QC2MAX, RAMP_AGC, RAMP_10, RAMP_30, RAMP_Q, APF] = idx_gen;
[CT_LABEL, CT_PROB, CT_TABLE, CT_TBUS, CT_TGEN, CT_TBRCH, CT_TAREABUS, ...
    CT_TAREAGEN, CT_TAREABRCH, CT_ROW, CT_COL, CT_CHGTYPE, CT_REP, ...
    CT_REL, CT_ADD, CT_NEWVAL, CT_TLOAD, CT_TAREALOAD, CT_LOAD_ALL_PQ, ...
    CT_LOAD_FIX_PQ, CT_LOAD_DIS_PQ, CT_LOAD_ALL_P, CT_LOAD_FIX_P, ...
    CT_LOAD_DIS_P, CT_TGENCOST, CT_TAREAGENCOST, CT_MODCOST_F, ...
    CT_MODCOST_X] = idx_ct;

solarprofile = struct( ...
    'type', 'mpcData', ...
    'table', CT_TGEN, ...
    'rows', [1:12], ...
    'col', PMAX, ...
    'chgtype', 1, ...
    'values', [] );
solarprofile.values(:,1,:) = [
	0.0 0.0 0.0 0.0 0.0 0.0 0.0 0.0 0.0 0.0 0.0 0.0;
	0.0 0.0 0.0 0.0 0.0 0.0 0.0 0.0 0.0 0.0 0.0 0.0;
	0.0 0.0 0.0 0.0 0.0 0.0 0.0 0.0 0.0 0.0 0.0 0.0;
	0.0 0.0 0.0 0.0 0.0 0.0 0.0 0.0 0.0 0.0 0.0 0.0;
	0.0 0.0 0.0 0.0 0.0 0.0 0.0 0.0 0.0 0.0 0.0 0.0;
	0.0 0.0 0.002 0.0 0.0 0.0 0.0 0.0 0.0 0.0 0.0 0.0;
	5.1713 3.3128 2.6947 1.8267 3.8432 136.967 17.1209 46.4179 25.9735 72.5755 40.8645 131.4346;
	4.2809 4.3715 1.2127 6.2378 12.8264 391.24 48.905 72.8488 95.2538 208.1904 129.9755 377.0341;
	7.17 9.5809 2.5848 9.633 13.5971 417.5567 52.1946 74.2516 140.6506 317.7007 200.7953 575.3578;
	19.7958 12.4967 8.8074 11.2129 10.7653 267.855 33.4819 57.3283 143.6506 306.8324 222.8186 555.6754;
	22.9394 15.6705 12.7295 11.4504 9.255 159.6604 19.9575 53.5775 126.9839 334.7654 251.4985 606.2622;
	23.7231 15.7243 13.2909 11.4717 8.3774 146.0951 18.2619 55.5899 133.7161 334.7257 252.3329 606.1903;
	18.484 7.8067 10.3469 11.6629 11.3286 284.412 35.5515 65.8782 185.3559 197.3747 182.6892 357.4468;
	7.1496 4.0089 7.5597 11.5984 12.1267 308.0895 38.5112 68.3802 190.2145 159.8535 133.669 289.4956;
	3.6597 1.3793 1.8962 9.1281 11.6142 260.354 32.5442 58.1285 178.992 96.7497 80.1543 175.2143;
	3.4712 1.3616 2.0932 1.9022 6.7201 14.4575 1.8072 4.9241 91.2391 59.5347 47.8334 107.8177;
	0.7419 0.5902 0.3893 1.2489 2.8497 44.3341 5.5418 8.4157 21.1698 22.3258 19.8855 40.4321;
	0.0 0.0 0.0 0.0 0.0 0.0 0.0 0.0 0.0 0.0 0.0 0.0;
	0.0 0.0 0.0 0.0 0.0 0.0 0.0 0.0 0.0 0.0 0.0 0.0;
	0.0 0.0 0.0 0.0 0.0 0.0 0.0 0.0 0.0 0.0 0.0 0.0;
	0.0 0.0 0.0 0.0 0.0 0.0 0.0 0.0 0.0 0.0 0.0 0.0;
	0.0 0.0 0.0 0.0 0.0 0.0 0.0 0.0 0.0 0.0 0.0 0.0;
	0.0 0.0 0.0 0.0 0.0 0.0 0.0 0.0 0.0 0.0 0.0 0.0;
	0.0 0.0 0.0 0.0 0.0 0.0 0.0 0.0 0.0 0.0 0.0 0.0;
];
