function loadprofile = ex_load_profilesh1
%EX_LOAD_PROFILE  Example load profile data file for stochastic unit commitment.
% 2022.03.12
% Andres F. Ramirez

%% define constants
[CT_LABEL, CT_PROB, CT_TABLE, CT_TBUS, CT_TGEN, CT_TBRCH, CT_TAREABUS, ...
    CT_TAREAGEN, CT_TAREABRCH, CT_ROW, CT_COL, CT_CHGTYPE, CT_REP, ...
    CT_REL, CT_ADD, CT_NEWVAL, CT_TLOAD, CT_TAREALOAD, CT_LOAD_ALL_PQ, ...
    CT_LOAD_FIX_PQ, CT_LOAD_DIS_PQ, CT_LOAD_ALL_P, CT_LOAD_FIX_P, ...
    CT_LOAD_DIS_P, CT_TGENCOST, CT_TAREAGENCOST, CT_MODCOST_F, ...
    CT_MODCOST_X] = idx_ct;

loadprofile = struct( ...
    'type', 'mpcData', ...
    'table', CT_TAREALOAD, ...
    'rows', [1:11], ...
    'col', CT_LOAD_ALL_P, ...
    'chgtype', 1, ...
    'values', [] );
loadprofile.values(:,1,:) = [
	1461.9 944.5559 1519.7143 556.6125 821.9325 1094.5 872.7046 261.4192 491.4665 4474.5 1677.719;
	1455.2705 937.496 1511.8271 556.758 811.9666 1086.8151 866.6 264.5376 478.8 4337.8869 1649.0308;
	1459.1579 953.2 1558.4515 558.6652 815.5 1100.2815 877.3 270.4879 498.2405 4458.8255 1714.6031;
	1514.7213 1010.7626 1666.2845 570.2546 867.8 1160.9903 915.0188 286.2158 523.5456 4589.7147 1781.9419;
	1696.903 1132.2157 1851.9598 594.2 956.6883 1319.3081 1020.6262 338.8941 602.5708 5147.0222 2046.89;
	1802.8433 1223.6396 1984.6749 606.6544 1057.8008 1404.9 1085.3387 356.6564 684.143 5715.5904 2243.8204;
	1849.8 1227.5 1923.4795 618.3546 1069.437 1408.5782 1102.5692 338.8925 694.7107 6092.0491 2219.0061;
	1900.5792 1253.4539 1952.9981 618.2512 1093.8546 1401.1 1129.1236 321.2 698.9 6357.1102 2230.266;
	1933.2727 1270.115 2033.1666 611.6 1104.194 1410.1379 1174.6664 340.2 709.6214 6360.6995 2175.2641;
	1914.0124 1265.1 2002.5 615.2 1112.1631 1394.9741 1129.4565 334.6767 689.3147 6420.5691 2122.3827;
	1902.886 1267.9636 2011.3956 608.7877 1095.1116 1400.3468 1164.832 339.1744 681.3737 6474.756 2199.4635;
	1909.2829 1221.5878 1956.4347 603.2033 1050.5114 1382.6433 1056.3088 332.6 647.7009 6244.9232 2004.807;
	1877.96 1264.4793 1958.4488 611.7936 1053.4183 1421.4 1042.3701 315.8 661.4132 6270.6912 2000.2387;
	1877.7603 1293.9256 1919.1045 582.3688 1035.0 1411.5993 1027.4861 318.8513 657.0066 6265.3387 2073.4352;
	1858.2996 1306.5012 1974.1842 588.0 1069.2194 1449.379 1046.4739 318.4258 660.8351 6252.6373 2044.8833;
	1925.3 1323.9951 2013.7588 595.7075 1120.7885 1509.6756 1123.7405 367.2481 689.4451 6363.9658 2243.6175;
	1828.4089 1298.1 2034.2529 610.3023 1139.8525 1494.867 1112.0981 362.7642 687.6328 6182.606 2298.2161;
	1930.4246 1364.365 2141.3015 619.4889 1198.0331 1575.7973 1172.0835 368.0701 708.6906 6138.0606 2389.9858;
	1930.0409 1354.42 2116.0333 612.6949 1161.2634 1559.7847 1176.893 359.0 717.3321 6111.3864 2384.5061;
	1872.2092 1281.9601 2011.8472 594.9 1104.2373 1477.8199 1124.8935 356.0423 680.791 5981.6311 2228.8558;
	1774.0729 1197.2824 1891.386 573.2841 1032.8644 1349.7 1023.3689 317.9 637.0611 5624.8 2018.4427;
	1716.9048 1120.2701 1774.0169 573.9255 941.2884 1255.9045 963.1159 296.1741 596.0343 5226.6886 1912.6294;
	1645.3964 1066.9786 1652.5992 567.0 887.784 1209.8915 923.5749 302.3215 583.3322 4854.3065 1810.0217;
	1524.1729 975.0 1537.9727 571.478 823.1289 1142.6 851.5231 281.3676 536.8112 4552.3249 1680.9101;
];
