function loadprofile = ex_load_profilesh1
%EX_LOAD_PROFILE  Example load profile data file for stochastic unit commitment.
% 2022.03.12
% Andres F. Ramirez

%% define constants
[CT_LABEL, CT_PROB, CT_TABLE, CT_TBUS, CT_TGEN, CT_TBRCH, CT_TAREABUS, ...
    CT_TAREAGEN, CT_TAREABRCH, CT_ROW, CT_COL, CT_CHGTYPE, CT_REP, ...
    CT_REL, CT_ADD, CT_NEWVAL, CT_TLOAD, CT_TAREALOAD, CT_LOAD_ALL_PQ, ...
    CT_LOAD_FIX_PQ, CT_LOAD_DIS_PQ, CT_LOAD_ALL_P, CT_LOAD_FIX_P, ...
    CT_LOAD_DIS_P, CT_TGENCOST, CT_TAREAGENCOST, CT_MODCOST_F, ...
    CT_MODCOST_X] = idx_ct;

loadprofile = struct( ...
    'type', 'mpcData', ...
    'table', CT_TAREALOAD, ...
    'rows', [1:11], ...
    'col', CT_LOAD_ALL_P, ...
    'chgtype', 1, ...
    'values', [] );
loadprofile.values(:,1,:) = [
	1542.7762 923.658 1595.0875 552.0421 756.8 1102.7 825.9375 261.1658 504.8985 4516.0337 1667.7739;
	1541.2731 929.644 1577.027 545.0924 755.155 1094.5119 817.0355 260.958 475.3548 4364.857 1641.768;
	1558.8112 948.2872 1612.7113 557.834 791.3 1110.422 837.6457 268.7538 478.5334 4441.9952 1678.8;
	1647.2 1022.0207 1743.1544 572.1713 866.4707 1195.7905 894.679 289.257 523.9709 4697.9262 1748.4712;
	1799.073 1122.0919 1914.8177 591.3312 971.3879 1331.5295 988.6392 351.7379 590.3235 5201.8038 1965.9479;
	1872.2 1197.9086 2048.1 606.2442 1020.9977 1407.8918 1051.8339 383.903 656.8366 5821.3 2143.4734;
	1895.5718 1228.8802 2085.5233 607.7038 1087.4786 1432.7 1092.1059 378.6265 672.9 6193.9694 2200.8623;
	1918.0636 1191.7338 2041.299 591.7975 1070.5505 1440.5576 1095.702 367.2186 668.1726 6416.3333 2174.9578;
	1912.0157 1215.0128 2094.9487 587.3 1065.2 1470.2732 1129.9432 369.3969 683.2516 6545.1128 2238.0627;
	1909.251 1230.6421 2164.5779 596.7951 1108.2548 1502.8029 1124.132 391.5881 676.2669 6688.7421 2303.5886;
	1906.462 1231.0742 2133.3233 586.4 1081.3 1513.2792 1124.6186 396.0649 693.8947 6769.3528 2252.5356;
	1926.7 1222.0953 2106.7408 591.4165 1102.2074 1530.5816 1126.5339 373.8085 718.4012 6628.7564 2279.3015;
	1920.678 1224.0061 2139.7791 606.5336 1122.2077 1500.4893 1146.8504 390.6107 728.1071 6697.0371 2335.4492;
	1856.2277 1184.1137 2037.5926 616.2431 1067.1389 1493.7926 1116.2 369.2419 696.4 6592.4731 2278.5377;
	1839.0472 1178.2278 2013.4482 600.9896 1059.0 1481.7504 1135.9682 363.0522 712.6274 6536.7748 2288.0668;
	1805.0799 1187.4742 1995.0574 593.7 1057.7812 1470.5554 1110.8391 358.7 680.8335 6471.8 2318.816;
	1824.2228 1228.8498 2007.9727 590.3088 1063.4578 1463.8 1153.3717 380.571 685.5898 6234.7332 2351.3571;
	1871.7 1247.4 2060.2 611.4133 1089.9649 1551.337 1197.7709 399.4037 740.0033 6343.2297 2541.8808;
	1909.3993 1262.4498 2071.2 614.9449 1124.3778 1588.1153 1235.1388 400.4796 743.3 6347.4629 2582.9713;
	1877.0586 1200.8 1975.9423 591.0532 1054.5261 1479.1108 1190.5545 388.6792 731.0814 6135.142 2462.0264;
	1800.3909 1121.4761 1874.072 554.0754 959.927 1352.5958 1080.1 344.5226 671.1378 5697.0279 2225.4155;
	1649.0869 1026.1406 1747.7872 520.9234 870.9751 1232.6148 986.9635 306.9857 609.9461 5337.4056 2071.6288;
	1621.9461 982.0 1713.4195 548.2069 862.1 1188.5928 944.8265 318.5661 557.6 5035.5919 1900.4039;
	1580.752 951.2 1657.9209 555.2195 824.0607 1149.4737 900.1 317.6 523.5 4770.7674 1804.4287;
];
