function loadprofile = ex_load_profilesh1
%EX_LOAD_PROFILE  Example load profile data file for stochastic unit commitment.
% 2022.03.12
% Andres F. Ramirez

%% define constants
[CT_LABEL, CT_PROB, CT_TABLE, CT_TBUS, CT_TGEN, CT_TBRCH, CT_TAREABUS, ...
    CT_TAREAGEN, CT_TAREABRCH, CT_ROW, CT_COL, CT_CHGTYPE, CT_REP, ...
    CT_REL, CT_ADD, CT_NEWVAL, CT_TLOAD, CT_TAREALOAD, CT_LOAD_ALL_PQ, ...
    CT_LOAD_FIX_PQ, CT_LOAD_DIS_PQ, CT_LOAD_ALL_P, CT_LOAD_FIX_P, ...
    CT_LOAD_DIS_P, CT_TGENCOST, CT_TAREAGENCOST, CT_MODCOST_F, ...
    CT_MODCOST_X] = idx_ct;

loadprofile = struct( ...
    'type', 'mpcData', ...
    'table', CT_TAREALOAD, ...
    'rows', [1:11], ...
    'col', CT_LOAD_ALL_P, ...
    'chgtype', 1, ...
    'values', [] );
loadprofile.values(:,1,:) = [
	1522.4644 936.7702 1551.724 534.1 791.3096 1184.4876 878.1195 258.9 508.217 4538.5631 1703.5069;
	1495.7339 924.2773 1536.9306 526.2 767.0845 1187.6525 859.4 253.7961 497.2904 4415.2475 1655.9645;
	1511.9997 962.1848 1611.7155 539.6513 799.0938 1210.5208 889.8 266.1 508.6465 4443.9795 1730.9966;
	1593.6016 1042.2438 1707.1339 540.6212 868.3354 1271.913 954.9736 292.1 539.8151 4739.1353 1861.0545;
	1765.6575 1163.6423 1937.7805 578.1014 1026.0841 1457.6732 1085.2396 344.1791 619.8472 5343.0985 2207.5867;
	1839.4915 1216.8 2060.515 589.6 1087.5902 1490.1493 1128.0566 360.2 683.0387 5884.2931 2259.6994;
	1892.0444 1256.6 2077.0317 581.0302 1093.2253 1511.6969 1165.3901 350.5829 683.6 6147.1519 2268.7459;
	1875.7592 1233.6577 2017.236 580.7 1069.9557 1484.1574 1144.4734 322.8177 675.1427 6277.3209 2248.4942;
	1892.9 1267.7693 2007.1349 572.3428 1089.9767 1496.6 1185.9682 328.1142 697.5781 6370.1636 2297.3426;
	1926.6003 1279.4971 2066.2545 562.506 1094.5192 1513.4281 1186.0185 314.7777 696.4 6358.9137 2303.9098;
	1940.0245 1284.5082 2027.4089 555.1757 1085.423 1492.5235 1172.426 327.1688 706.2464 6464.9673 2351.4217;
	1931.6297 1263.658 1983.9232 554.5 1060.8681 1412.5 1139.1376 315.2101 685.6763 6412.992 2309.9731;
	1894.5 1229.918 1963.6816 541.6331 1027.9912 1419.2656 1104.2802 328.9 674.7629 6344.0665 2266.854;
	1868.1727 1238.4577 1958.1469 559.0749 1016.7 1448.414 1117.4138 338.5593 665.2635 6379.9261 2353.1937;
	1818.2496 1235.1965 1929.5914 551.8856 986.7792 1495.0615 1116.3 337.2956 650.5561 6351.2597 2327.355;
	1840.4207 1246.7822 1919.8423 566.3 957.7 1519.305 1141.2135 348.6 642.86 6354.2032 2397.0926;
	1806.2432 1255.0926 1974.5 573.6053 1034.9072 1550.0738 1154.2 360.6183 654.5232 6198.9533 2367.9454;
	1827.8788 1294.5215 2020.1818 584.5096 1062.8505 1628.2531 1228.0539 362.9945 688.4899 6332.6015 2505.7314;
	1876.5078 1283.3976 2013.6 587.3074 1044.3313 1555.4336 1181.3956 358.0427 658.8583 6043.7859 2431.6137;
	1830.6549 1219.4 1933.1418 582.9225 1006.8522 1485.8809 1152.5407 341.5058 634.1198 5922.7541 2384.6305;
	1723.5122 1124.4 1790.4522 554.936 914.2076 1343.3619 1050.373 308.0946 581.8654 5510.451 2193.2862;
	1632.9943 1060.1771 1654.2042 558.5608 862.5956 1256.8832 974.7598 297.5592 524.698 5168.4365 1961.2998;
	1510.5737 992.9334 1559.2 574.1259 843.9 1186.7 909.0 268.1 512.2103 4790.8465 1816.2867;
	1501.3103 957.6369 1539.4774 582.2706 821.456 1194.8227 868.9165 258.4848 481.5395 4547.011 1740.1535;
];
