function solarprofile = ex_solar_profilesh1
%EX_WIND_PROFILE_D  Example wind_load_nyiso profile data for deterministic unit commitment.
% 2022.03.12
% Andres F. Ramirez


%% define constants
[GEN_BUS, PG, QG, QMAX, QMIN, VG, MBASE, GEN_STATUS, PMAX, PMIN, ...
    MU_PMAX, MU_PMIN, MU_QMAX, MU_QMIN, PC1, PC2, QC1MIN, QC1MAX, ...
    QC2MIN, QC2MAX, RAMP_AGC, RAMP_10, RAMP_30, RAMP_Q, APF] = idx_gen;
[CT_LABEL, CT_PROB, CT_TABLE, CT_TBUS, CT_TGEN, CT_TBRCH, CT_TAREABUS, ...
    CT_TAREAGEN, CT_TAREABRCH, CT_ROW, CT_COL, CT_CHGTYPE, CT_REP, ...
    CT_REL, CT_ADD, CT_NEWVAL, CT_TLOAD, CT_TAREALOAD, CT_LOAD_ALL_PQ, ...
    CT_LOAD_FIX_PQ, CT_LOAD_DIS_PQ, CT_LOAD_ALL_P, CT_LOAD_FIX_P, ...
    CT_LOAD_DIS_P, CT_TGENCOST, CT_TAREAGENCOST, CT_MODCOST_F, ...
    CT_MODCOST_X] = idx_ct;

solarprofile = struct( ...
    'type', 'mpcData', ...
    'table', CT_TGEN, ...
    'rows', [1:12], ...
    'col', PMAX, ...
    'chgtype', 1, ...
    'values', [] );
solarprofile.values(:,1,:) = [
	0.0 0.0 0.0 0.0 0.0 0.0 0.0 0.0 0.0 0.0 0.0 0.0;
	0.0 0.0 0.0 0.0 0.0 0.0 0.0 0.0 0.0 0.0 0.0 0.0;
	0.0 0.0 0.0 0.0 0.0 0.0 0.0 0.0 0.0 0.0 0.0 0.0;
	0.0 0.0 0.0 0.0 0.0 0.0 0.0 0.0 0.0 0.0 0.0 0.0;
	0.0 0.0 0.0 0.0 0.0 0.0 0.0 0.0 0.0 0.0 0.0 0.0;
	0.0 0.0 0.002 0.0 0.0 0.0 0.0 0.0 0.0 0.0 0.0 0.0;
	7.2998 7.4483 5.7904 2.6053 5.0706 24.8625 3.1078 41.7358 36.642 67.3756 40.0205 122.0176;
	14.908 13.947 11.0177 6.8901 11.2454 296.742 37.0927 71.4867 53.6788 110.6152 130.1192 200.3248;
	19.6742 16.6029 13.6579 8.6828 12.2174 395.4468 49.4309 73.9596 93.5545 253.3615 204.8696 458.8392;
	24.0811 16.6083 12.7167 7.2632 8.0927 380.8146 47.6018 68.1126 175.4318 106.55 202.8065 192.9626;
	25.3575 16.6083 13.4276 3.1503 5.6572 381.1105 47.6388 66.9689 174.9426 75.9996 216.4935 137.6358;
	25.877 16.6083 13.74 3.2263 6.5144 385.1966 48.1496 66.1255 151.3269 77.7869 221.7813 140.8725;
	26.2577 16.6083 13.8 11.6094 12.2805 421.6961 52.712 68.9804 116.1589 55.8507 208.1605 101.146;
	23.1731 16.6083 13.7966 11.7355 13.6128 427.224 53.403 71.7208 133.8214 74.0771 186.9602 134.1541;
	17.8319 14.2535 10.1776 11.7703 13.6385 412.9207 51.6151 71.1669 153.234 64.6149 149.0178 117.0179;
	9.5075 8.2416 4.6259 10.4462 10.1792 273.3978 34.1747 48.0964 126.0232 40.2769 58.8097 72.9418;
	0.7531 0.6669 0.3971 1.3695 2.8167 57.4705 7.1838 8.5634 22.6771 21.7891 18.9658 39.4602;
	0.0 0.0 0.0 0.0 0.0 0.0 0.0 0.0 0.0 0.0 0.0 0.0;
	0.0 0.0 0.0 0.0 0.0 0.0 0.0 0.0 0.0 0.0 0.0 0.0;
	0.0 0.0 0.0 0.0 0.0 0.0 0.0 0.0 0.0 0.0 0.0 0.0;
	0.0 0.0 0.0 0.0 0.0 0.0 0.0 0.0 0.0 0.0 0.0 0.0;
	0.0 0.0 0.0 0.0 0.0 0.0 0.0 0.0 0.0 0.0 0.0 0.0;
	0.0 0.0 0.0 0.0 0.0 0.0 0.0 0.0 0.0 0.0 0.0 0.0;
	0.0 0.0 0.0 0.0 0.0 0.0 0.0 0.0 0.0 0.0 0.0 0.0;
];
