function windprofile = ex_wind_profilesh1
%EX_WIND_PROFILE_D  Example wind_load_nyiso profile data for deterministic unit commitment.
% 2022.03.12
% Andres F. Ramirez


%% define constants
[GEN_BUS, PG, QG, QMAX, QMIN, VG, MBASE, GEN_STATUS, PMAX, PMIN, ...
    MU_PMAX, MU_PMIN, MU_QMAX, MU_QMIN, PC1, PC2, QC1MIN, QC1MAX, ...
    QC2MIN, QC2MAX, RAMP_AGC, RAMP_10, RAMP_30, RAMP_Q, APF] = idx_gen;
[CT_LABEL, CT_PROB, CT_TABLE, CT_TBUS, CT_TGEN, CT_TBRCH, CT_TAREABUS, ...
    CT_TAREAGEN, CT_TAREABRCH, CT_ROW, CT_COL, CT_CHGTYPE, CT_REP, ...
    CT_REL, CT_ADD, CT_NEWVAL, CT_TLOAD, CT_TAREALOAD, CT_LOAD_ALL_PQ, ...
    CT_LOAD_FIX_PQ, CT_LOAD_DIS_PQ, CT_LOAD_ALL_P, CT_LOAD_FIX_P, ...
    CT_LOAD_DIS_P, CT_TGENCOST, CT_TAREAGENCOST, CT_MODCOST_F, ...
    CT_MODCOST_X] = idx_ct;

windprofile = struct( ...
    'type', 'mpcData', ...
    'table', CT_TGEN, ...
    'rows', [1:45], ...
    'col', PMAX, ...
    'chgtype', 1, ...
    'values', [] );
windprofile.values(:,1,:) = [
	3.8105 51.4884 91.4858 106.2297 15.3784 34.3577 28.9422 18.3255 27.5888 30.572 56.5119 84.3047 126.9202 64.7544 194.195 73.1618 90.7749 96.1943 36.6194 69.9516 9.6474 80.168 72.3405 88.0806 104.9372 73.4724 13.6081 1197.8237 699.3143 699.3143 605.8837 111.1112 122.0646 180.0557 203.0139 298.3741 1163.0933 225.4414 473.9232 281.0817 116.1631 381.1417 154.5975 268.1655 1175.2089;
	3.8642 52.2137 94.0492 117.1449 15.4145 34.8121 29.8934 18.5001 27.6548 30.748 56.8373 84.79 127.6509 67.1703 189.9878 71.5768 88.8083 94.1103 32.6773 71.2734 9.9645 81.2282 70.8253 86.8924 104.5368 72.7825 13.4912 1218.5239 726.3719 726.3719 611.0144 114.3554 108.9243 183.4578 210.5881 309.9187 1190.9333 248.663 473.3954 280.0094 118.168 386.1819 158.8176 273.0189 1203.3388;
	3.8843 52.4855 94.9755 65.6435 15.4043 35.1566 29.8752 18.6086 27.7316 30.5974 56.5589 84.3747 127.0256 67.6406 198.3245 74.7176 92.7052 98.2398 33.4507 71.4496 9.9584 82.0321 72.1344 87.0325 104.6807 73.0557 13.8757 1173.2985 746.6534 746.6534 592.2395 114.0961 111.5025 183.9115 212.0625 318.5721 1227.6195 235.9727 476.1072 280.3948 120.2165 390.0039 157.4683 276.4979 1240.4072;
	3.8022 51.376 95.0306 84.2637 15.41 35.1756 29.515 18.6438 27.6359 30.3876 56.1711 83.7962 126.1547 66.664 201.9424 76.0806 94.3963 100.0319 35.1484 71.8308 9.8383 82.0763 67.2058 85.406 103.1165 73.5926 13.7932 1213.9336 744.5742 744.5742 526.3157 94.0979 117.1612 184.8925 209.0006 317.685 1145.6991 227.8245 471.9838 276.2049 121.3922 390.2143 196.5416 269.3294 1157.6334;
	3.306 44.6717 95.0109 116.7988 15.3134 34.5722 24.4629 18.6695 27.2932 30.4482 56.2831 83.9633 126.4062 64.4632 192.4769 72.5145 89.9718 95.3432 71.2012 71.4423 8.1543 80.6684 59.7472 85.8572 104.0857 74.4865 13.6753 1175.1085 660.9051 660.9051 499.0443 87.1233 237.3375 183.8926 202.1008 281.9862 1146.6159 231.5544 467.9204 278.801 120.2058 383.5205 188.9122 264.8577 1158.5598;
	3.6058 48.7221 92.9601 114.511 15.2482 34.1723 30.2896 18.5374 27.879 30.9914 57.2872 85.4612 128.6613 67.6499 197.5279 74.4175 92.3328 97.8452 84.4292 73.3504 10.0965 79.7354 69.3597 84.6206 102.9555 72.6729 13.6331 1188.9915 709.6711 709.6711 486.0605 88.9576 281.4307 188.8042 212.0917 302.793 1102.9967 226.6463 475.6724 275.7738 119.4021 379.085 193.6899 264.4716 1114.4862;
	3.6173 48.8782 92.8836 114.4303 15.1971 33.6591 31.0147 18.2043 28.2019 30.6896 56.7293 84.6289 127.4084 65.8987 193.526 72.9098 90.4621 95.8629 85.6085 72.6994 10.3382 78.5379 71.5788 84.1576 99.7238 75.1406 13.0723 1202.5622 727.1175 727.1175 559.3433 93.9991 285.3617 187.1285 206.6014 310.2368 1142.3264 250.9113 469.1551 267.1174 120.4636 373.3918 198.5293 261.5282 1154.2256;
	3.6221 48.9424 94.2526 118.2222 15.0092 33.4151 30.2564 18.0897 27.2676 30.3776 56.1525 83.7685 126.1129 66.8124 195.3369 73.592 91.3086 96.7599 84.8853 73.0335 10.0855 77.9686 72.659 84.9102 104.2356 75.0238 13.0155 1158.8732 696.0796 696.0796 538.8932 78.3489 282.9511 187.9885 209.4659 296.9939 1113.3189 243.0441 463.4714 279.2024 118.7266 370.6849 194.3119 260.8348 1124.916;
	3.6452 49.2542 93.8092 119.4159 14.6088 33.1667 30.0655 18.4678 26.8814 30.4817 56.345 84.0556 126.5453 68.8986 197.9299 74.5689 92.5207 98.0443 87.4733 73.1462 10.0218 77.3889 72.2438 85.3459 102.9167 76.1953 13.4034 1187.8997 753.142 753.142 590.2449 77.8635 291.5775 188.2785 216.0063 321.3406 1152.4875 280.4697 472.7493 275.6697 119.6091 367.9289 171.133 276.4558 1164.4926;
	3.6699 49.5887 92.6231 115.2512 14.5431 32.5074 29.5655 18.4982 26.3545 30.6914 56.7327 84.634 127.416 67.8504 201.1934 75.7984 94.0462 99.6609 89.7119 73.9904 9.8552 75.8506 73.3121 84.8394 102.552 76.3946 12.9215 1123.7275 728.1084 728.1084 667.2359 87.0751 299.0396 190.4514 212.7202 310.6596 1121.8375 302.9934 469.8381 274.6928 114.8895 360.6152 157.92 268.334 1133.5233;
	3.6776 49.6923 93.9071 116.8293 14.9643 32.8554 26.5081 18.8347 26.4608 30.9872 57.2794 85.4495 128.6438 68.6431 198.1074 74.6358 92.6037 98.1323 87.1689 73.7354 8.836 76.6627 73.3413 87.0964 102.8385 76.1286 13.299 1138.3677 726.3155 726.3155 634.8593 73.88 290.5629 189.7952 215.2053 309.8946 1050.7965 288.8131 462.1878 275.4604 120.1159 364.4762 152.3607 275.8833 1061.7423;
	3.7879 51.1833 94.3501 119.6989 15.1816 33.504 26.2455 19.0743 26.3241 30.7361 56.8153 84.7572 127.6015 68.0601 196.3789 73.9846 91.7957 97.276 88.4406 72.0424 8.7485 78.1761 72.8463 88.1615 105.095 75.0453 13.8544 991.5881 713.0133 713.0133 632.3469 86.9325 294.8019 185.4374 213.3776 304.219 1023.3961 280.4503 471.0706 281.5045 118.7325 371.6713 186.5145 282.4547 1034.0565;
	3.6137 48.8287 92.5661 120.2887 14.9338 33.0467 28.9961 18.9285 26.754 30.6921 56.7339 84.6358 127.4188 68.6107 192.6011 72.5613 90.0298 95.4047 86.6669 70.6806 9.6654 77.109 73.4708 87.3161 104.2745 75.3318 13.7214 999.7238 708.763 708.763 650.6609 98.3951 288.8898 181.9321 215.1037 302.4056 949.2072 289.0265 470.4822 279.3068 117.0101 366.5981 155.8056 269.8391 959.0947;
	3.5215 47.5836 90.851 120.3449 14.7176 32.3138 28.4399 18.9808 26.0833 30.6538 56.6632 84.5303 127.2599 67.7834 193.7059 72.9776 90.5462 95.952 89.0019 71.5335 9.48 75.3989 73.4543 86.8818 102.531 74.9211 14.0421 943.4806 641.703 641.703 639.0985 97.0548 296.6731 184.1275 212.5102 273.7933 834.2638 296.1802 470.0203 274.6365 117.5823 358.468 143.9809 271.542 842.9541;
	3.5577 48.0726 92.9558 120.1887 14.9123 32.8367 25.8528 19.1143 26.0018 31.0182 57.3366 85.535 128.7724 67.7617 193.6081 72.9407 90.5005 95.9036 88.4588 73.0585 8.6176 76.619 73.8084 89.0253 105.3938 75.9804 14.1468 975.2028 661.1232 661.1232 605.1267 94.5027 294.8626 188.0528 212.4421 282.0792 845.5916 291.2853 472.2169 282.3049 119.9039 364.2687 169.5119 269.3305 854.3998;
	3.5937 48.5594 92.9991 120.3487 15.3629 33.1301 26.3992 18.7811 26.9432 30.9452 57.2017 85.3337 128.4694 67.1621 194.8616 73.413 91.0864 96.5244 86.4553 73.4213 8.7997 77.3035 74.495 88.4758 104.8281 74.6484 14.105 1029.4803 676.5641 676.5641 626.0812 106.4293 288.1844 188.9867 210.5622 288.6674 899.1932 301.6169 471.3196 280.7896 117.4949 367.5231 179.4477 265.1915 908.5598;
	3.442 46.5089 90.4751 118.0786 15.2334 32.7398 24.7869 18.1173 26.248 30.7594 56.8582 84.8213 127.698 62.9024 192.1503 72.3915 89.8191 95.1814 87.592 72.6916 8.2623 76.3928 74.1691 88.5256 103.4228 73.3428 12.9306 969.5336 626.7461 626.7461 635.6325 100.9858 291.9734 187.1084 197.2074 267.4117 960.0049 299.3166 450.8227 277.0253 117.0822 363.1934 180.731 247.4884 970.0049;
	3.7121 50.1584 92.6171 117.2678 15.1276 32.8774 25.0125 15.4255 27.2687 30.9895 57.2836 85.4559 128.6534 64.5545 189.1709 71.269 88.4264 93.7056 84.4182 71.6482 8.3375 76.714 73.9971 87.3988 104.2739 67.2676 12.4971 1036.2682 652.6595 652.6595 593.9028 97.3803 281.3941 184.4227 202.3872 278.4681 1043.8862 298.7168 460.4991 279.305 120.8828 364.7205 186.8708 257.9467 1054.76;
