function solarprofile = ex_solar_profilesh1
%EX_WIND_PROFILE_D  Example wind_load_nyiso profile data for deterministic unit commitment.
% 2022.03.12
% Andres F. Ramirez


%% define constants
[GEN_BUS, PG, QG, QMAX, QMIN, VG, MBASE, GEN_STATUS, PMAX, PMIN, ...
    MU_PMAX, MU_PMIN, MU_QMAX, MU_QMIN, PC1, PC2, QC1MIN, QC1MAX, ...
    QC2MIN, QC2MAX, RAMP_AGC, RAMP_10, RAMP_30, RAMP_Q, APF] = idx_gen;
[CT_LABEL, CT_PROB, CT_TABLE, CT_TBUS, CT_TGEN, CT_TBRCH, CT_TAREABUS, ...
    CT_TAREAGEN, CT_TAREABRCH, CT_ROW, CT_COL, CT_CHGTYPE, CT_REP, ...
    CT_REL, CT_ADD, CT_NEWVAL, CT_TLOAD, CT_TAREALOAD, CT_LOAD_ALL_PQ, ...
    CT_LOAD_FIX_PQ, CT_LOAD_DIS_PQ, CT_LOAD_ALL_P, CT_LOAD_FIX_P, ...
    CT_LOAD_DIS_P, CT_TGENCOST, CT_TAREAGENCOST, CT_MODCOST_F, ...
    CT_MODCOST_X] = idx_ct;

solarprofile = struct( ...
    'type', 'mpcData', ...
    'table', CT_TGEN, ...
    'rows', [1:12], ...
    'col', PMAX, ...
    'chgtype', 1, ...
    'values', [] );
solarprofile.values(:,1,:) = [
	0.0 0.0 0.0 0.0 0.0 0.0 0.0 0.0 0.0 0.0 0.0 0.0;
	0.0 0.0 0.0 0.0 0.0 0.0 0.0 0.0 0.0 0.0 0.0 0.0;
	0.0 0.0 0.0 0.0 0.0 0.0 0.0 0.0 0.0 0.0 0.0 0.0;
	0.0 0.0 0.0 0.0 0.0 0.0 0.0 0.0 0.0 0.0 0.0 0.0;
	0.0 0.0 0.0 0.0 0.0 0.0 0.0 0.0 0.0 0.0 0.0 0.0;
	0.0 0.0 0.002 0.0 0.0 0.0 0.0 0.0 0.0 0.0 0.0 0.0;
	8.9161 9.7381 6.1448 2.0609 5.6353 400.3704 50.0463 66.8386 97.3237 70.2834 39.5194 127.2837;
	16.6452 14.4973 12.6716 7.1297 11.0541 395.498 49.4372 75.3574 134.2482 277.9575 119.1092 503.3827;
	19.4551 16.6029 13.8 10.5146 12.2714 397.8191 49.7274 76.1231 156.2565 332.2664 179.53 601.7365;
	17.847 15.5778 13.4055 11.3 9.6882 333.1332 41.6417 70.4742 187.1401 227.0079 73.7986 411.1128;
	18.5241 15.3463 13.2662 11.4504 10.0162 362.439 45.3049 73.2639 211.083 179.1959 67.0083 324.5248;
	18.5448 13.9031 12.781 11.4717 9.7882 353.1162 44.1395 73.4057 212.7613 194.1371 68.4403 351.5834;
	8.3527 6.1421 6.5806 11.632 8.7137 223.1938 27.8992 70.105 128.5859 187.198 168.8566 339.0167;
	2.1887 4.5628 4.6458 11.5984 7.8664 119.3955 14.9244 70.3887 61.5285 178.8287 158.583 323.8599;
	1.2089 1.8473 1.2646 9.6169 6.8086 193.7296 24.2162 66.5638 38.9074 124.6702 124.3296 225.7786;
	0.9714 1.4723 0.8398 7.6979 4.1676 244.2841 30.5355 48.6661 38.8908 29.637 28.2351 53.6727;
	0.6973 0.5839 0.3718 1.7303 2.8871 53.6038 6.7005 11.5981 22.2515 17.9032 16.6481 32.4229;
	0.0 0.0 0.0 0.0 0.0 0.0 0.0 0.0 0.0 0.0 0.0 0.0;
	0.0 0.0 0.0 0.0 0.0 0.0 0.0 0.0 0.0 0.0 0.0 0.0;
	0.0 0.0 0.0 0.0 0.0 0.0 0.0 0.0 0.0 0.0 0.0 0.0;
	0.0 0.0 0.0 0.0 0.0 0.0 0.0 0.0 0.0 0.0 0.0 0.0;
	0.0 0.0 0.0 0.0 0.0 0.0 0.0 0.0 0.0 0.0 0.0 0.0;
	0.0 0.0 0.0 0.0 0.0 0.0 0.0 0.0 0.0 0.0 0.0 0.0;
	0.0 0.0 0.0 0.0 0.0 0.0 0.0 0.0 0.0 0.0 0.0 0.0;
];
