function windprofile = ex_wind_profilesh1
%EX_WIND_PROFILE_D  Example wind_load_nyiso profile data for deterministic unit commitment.
% 2022.03.12
% Andres F. Ramirez


%% define constants
[GEN_BUS, PG, QG, QMAX, QMIN, VG, MBASE, GEN_STATUS, PMAX, PMIN, ...
    MU_PMAX, MU_PMIN, MU_QMAX, MU_QMIN, PC1, PC2, QC1MIN, QC1MAX, ...
    QC2MIN, QC2MAX, RAMP_AGC, RAMP_10, RAMP_30, RAMP_Q, APF] = idx_gen;
[CT_LABEL, CT_PROB, CT_TABLE, CT_TBUS, CT_TGEN, CT_TBRCH, CT_TAREABUS, ...
    CT_TAREAGEN, CT_TAREABRCH, CT_ROW, CT_COL, CT_CHGTYPE, CT_REP, ...
    CT_REL, CT_ADD, CT_NEWVAL, CT_TLOAD, CT_TAREALOAD, CT_LOAD_ALL_PQ, ...
    CT_LOAD_FIX_PQ, CT_LOAD_DIS_PQ, CT_LOAD_ALL_P, CT_LOAD_FIX_P, ...
    CT_LOAD_DIS_P, CT_TGENCOST, CT_TAREAGENCOST, CT_MODCOST_F, ...
    CT_MODCOST_X] = idx_ct;

windprofile = struct( ...
    'type', 'mpcData', ...
    'table', CT_TGEN, ...
    'rows', [1:45], ...
    'col', PMAX, ...
    'chgtype', 1, ...
    'values', [] );
windprofile.values(:,1,:) = [
	3.8655 52.232 93.5966 114.7497 15.2009 33.8771 30.5729 17.9331 28.3565 30.8943 57.1077 85.1934 128.2583 65.8266 194.215 73.1694 90.7842 96.2042 27.6022 70.9065 10.191 79.0466 75.6915 87.6243 103.334 72.277 13.6684 1210.8939 687.487 687.487 589.2306 108.0328 92.0072 182.5134 206.3752 293.3278 1145.8433 229.8036 464.2764 276.7876 123.9373 375.8102 150.3571 274.4307 1157.7792;
	3.7134 50.1767 89.4326 116.0733 15.177 32.5146 30.27 15.6922 27.7763 30.6663 56.6861 84.5645 127.3114 66.3429 190.0741 71.6093 88.8486 94.153 28.3635 71.4982 10.09 75.8675 74.9965 86.7007 100.5911 69.7658 13.1298 1232.3935 691.2415 691.2415 589.0043 109.6701 94.5451 184.0367 207.9939 294.9297 1161.7124 238.3251 453.1096 269.4404 123.133 360.6956 139.6661 268.6049 1173.8136;
	3.8845 52.488 94.4151 72.4531 15.3035 34.4942 30.4319 17.731 28.0166 30.5842 56.5345 84.3383 126.9709 66.4893 194.6334 73.327 90.9798 96.4114 30.5768 71.1541 10.144 80.4865 73.794 88.3104 104.7012 71.5061 13.7731 1206.363 671.0004 671.0004 556.9327 109.3281 101.9227 183.1509 208.4528 286.2935 1198.7201 235.333 437.8042 280.4497 124.0432 382.656 150.2042 278.5213 1211.2067;
	3.8531 52.0643 92.4701 89.2381 15.1289 34.0089 29.6114 17.4013 28.2628 29.8419 55.1624 82.2914 123.8893 66.1618 196.5503 74.0492 91.8758 97.3609 39.1756 71.9656 9.8705 79.3541 69.0345 86.1297 102.525 70.539 13.4632 1226.6575 706.4802 706.4802 544.6257 99.3657 130.5852 185.2396 207.4261 301.4315 1140.992 250.6727 446.6068 274.6205 123.6434 377.2721 182.4686 268.3815 1152.8774;
	3.5752 48.3088 93.0253 119.3889 15.2304 33.6365 24.4467 18.0969 28.3486 30.4139 56.2196 83.8686 126.2637 63.7313 187.8225 70.761 87.7961 93.0377 68.2341 70.3836 8.1489 78.4851 62.2443 85.9119 102.8153 71.7523 13.4629 1209.8348 616.9876 616.9876 504.4598 93.9368 227.4471 181.1675 199.8061 263.2481 1137.013 237.5894 439.0913 275.3981 122.4056 373.1408 188.7808 264.5741 1148.8568;
	3.7917 51.2348 93.0727 117.2066 15.1586 34.6314 28.059 17.9316 27.6872 30.6139 56.5892 84.42 127.0939 64.0332 197.7161 74.4884 92.4208 97.9384 84.844 72.3869 9.353 80.8067 70.546 86.0415 103.2729 70.6125 13.5187 1198.2109 641.3752 641.3752 472.4287 91.0911 282.8134 186.3241 200.7527 273.6534 1085.765 219.9043 443.2199 276.6237 115.6152 384.1781 197.2363 264.2164 1097.075;
	3.883 52.4673 93.956 118.5893 15.3013 34.3222 29.6426 18.0949 27.142 30.5264 56.4276 84.1789 126.7308 66.4793 196.7569 74.127 91.9724 97.4633 85.7402 72.0422 9.8809 80.0851 72.8422 84.9651 102.4996 73.7934 13.2523 1284.8627 709.7391 709.7391 551.6007 92.4045 285.8008 185.4369 208.4217 302.822 1142.3413 244.7295 453.9152 274.5526 119.2412 380.7476 205.9682 262.9088 1154.2406;
	3.9194 52.9592 92.3509 119.8536 15.3254 34.8568 29.9374 17.9051 27.2884 30.1466 55.7255 83.1315 125.1541 66.603 199.1172 75.0162 93.0757 98.6325 84.6569 72.4935 9.9791 81.3325 73.234 84.3793 103.6828 73.7073 13.1754 1238.8593 723.1283 723.1283 563.0607 84.3382 282.1896 186.5985 208.8095 308.5348 1188.3016 247.781 466.2209 277.7218 118.3979 386.678 205.1009 259.4643 1200.6797;
	3.9239 53.0209 94.9189 121.0726 15.4156 35.1616 29.965 17.8346 27.9306 30.6739 56.7002 84.5855 127.343 67.8473 201.129 75.7742 94.0161 99.629 87.433 72.7229 9.9883 82.0437 73.7351 85.307 103.4817 72.8033 13.3096 1240.6975 788.1405 788.1405 599.1023 83.4289 291.4432 187.1889 212.7103 336.2733 1251.9617 282.4918 462.6298 277.1831 119.8387 390.0591 192.9868 272.13 1265.0029;
	3.9305 53.1097 95.1155 120.749 15.4224 35.1497 30.2243 17.9915 27.1714 30.5137 56.4041 84.1438 126.678 67.5603 196.5559 74.0513 91.8784 97.3637 87.1831 71.7977 10.0748 82.0161 72.8379 88.4982 104.8384 72.5675 13.5902 1239.4348 784.2117 784.2117 663.994 98.5645 290.6104 184.8074 211.8108 334.597 1252.1999 303.3006 463.822 280.8172 117.3539 389.9278 190.8637 273.6749 1265.2436;
	3.8887 52.5442 93.9309 119.0538 15.3695 35.0445 28.0057 18.2189 27.0298 30.5421 56.4566 84.2222 126.796 69.4443 195.6947 73.7268 91.4759 96.9371 64.7322 71.5642 9.3352 81.7704 73.6276 87.8573 103.7574 72.0079 13.62 1198.0378 762.5374 762.5374 652.3705 94.9034 215.7741 184.2065 217.7172 325.3493 1171.6185 293.6975 464.1755 277.9216 113.1481 388.76 182.4988 268.4831 1183.8229;
	3.8519 52.0472 93.0479 118.997 15.2804 34.2055 26.635 18.2119 26.9553 31.135 57.5526 85.8571 129.2575 69.1512 200.4373 75.5136 93.6928 99.2864 83.2502 72.7279 8.8783 79.8129 74.7157 87.3019 103.1313 71.4295 13.4418 1072.9285 714.266 714.266 617.4642 96.4357 277.5005 187.2017 216.7985 304.7535 1070.123 273.2804 445.2134 276.2444 112.9588 379.4534 186.4956 269.6025 1081.2702;
	3.7656 50.8813 90.6773 116.0061 15.298 33.4404 27.6659 17.8246 25.9617 30.9793 57.2647 85.4277 128.6109 68.6575 198.6303 74.8328 92.8481 98.3913 77.374 72.7641 9.222 78.0277 74.3125 87.8445 99.7604 71.6622 13.3063 1003.0779 713.0602 713.0602 617.6779 95.7232 257.9132 187.295 215.2505 304.239 954.6873 265.9921 445.3638 267.2154 114.2028 370.9658 157.468 268.1951 964.632;
	3.8568 52.1141 94.247 119.6141 15.3798 33.796 29.8899 17.8699 27.3026 31.2949 57.8481 86.2979 129.9211 69.1519 198.7424 74.8751 92.9005 98.4468 86.7289 72.558 9.9633 78.8573 75.559 86.8257 98.7074 71.0892 13.23 966.8426 705.8168 705.8168 686.9528 98.5209 289.0964 186.7644 216.8005 301.1485 987.5338 305.4709 463.5254 264.3948 113.0506 374.91 167.1163 277.3479 997.8206;
	3.8219 51.6427 92.9678 118.0084 15.3316 33.3834 27.8511 18.0777 28.0773 31.3749 57.996 86.5186 130.2532 68.6046 198.4038 74.7475 92.7422 98.2791 85.323 71.8838 9.2837 77.8945 75.4478 86.8177 99.5483 73.2679 13.3118 985.6502 724.5663 724.5663 700.9067 103.5808 284.4099 185.029 215.0847 309.1483 936.7832 312.3136 473.8994 266.6473 100.5785 370.3329 180.3637 270.3579 946.5414;
	3.757 50.765 93.5657 117.9242 15.1911 33.6699 26.4887 17.9091 26.6328 30.52 56.4158 84.1613 126.7043 67.9263 198.9578 74.9562 93.0012 98.5535 85.9281 72.3587 8.8296 78.563 74.0633 85.2512 101.4048 75.0837 13.4103 1076.5328 736.1599 736.1599 671.9507 108.2965 286.4268 186.2515 212.9581 314.0949 1008.4508 299.6694 456.4476 271.62 107.0756 373.5111 182.9039 272.3829 1018.9555;
	3.6617 49.4779 93.509 118.2449 15.3564 33.6089 23.0777 17.6044 25.8345 30.2137 55.8496 83.3165 125.4326 64.6725 194.694 73.3498 91.0081 96.4414 90.3273 71.9091 7.6926 78.4207 73.1616 89.114 105.8067 75.9005 13.0209 1050.5951 731.7609 731.7609 679.7459 108.4259 301.0909 185.0943 202.757 312.218 1085.1335 294.3275 433.8701 283.4107 112.7327 372.8342 180.9646 260.6148 1096.437;
	3.7647 50.8697 91.563 116.1943 14.8807 32.752 25.7649 15.1765 26.4806 30.4318 56.2528 83.9181 126.3383 67.2572 188.6835 71.0854 88.1986 93.4642 89.6117 70.8325 8.5883 76.4214 74.8372 86.596 103.863 71.832 11.9847 1131.5306 727.5722 727.5722 667.0669 97.9228 298.7058 182.323 210.8603 310.4308 1094.2794 298.937 457.1894 278.2045 116.675 363.3291 180.0218 260.0747 1105.6782;
