function loadprofile = ex_load_profilesh1
%EX_LOAD_PROFILE  Example load profile data file for stochastic unit commitment.
% 2022.03.12
% Andres F. Ramirez

%% define constants
[CT_LABEL, CT_PROB, CT_TABLE, CT_TBUS, CT_TGEN, CT_TBRCH, CT_TAREABUS, ...
    CT_TAREAGEN, CT_TAREABRCH, CT_ROW, CT_COL, CT_CHGTYPE, CT_REP, ...
    CT_REL, CT_ADD, CT_NEWVAL, CT_TLOAD, CT_TAREALOAD, CT_LOAD_ALL_PQ, ...
    CT_LOAD_FIX_PQ, CT_LOAD_DIS_PQ, CT_LOAD_ALL_P, CT_LOAD_FIX_P, ...
    CT_LOAD_DIS_P, CT_TGENCOST, CT_TAREAGENCOST, CT_MODCOST_F, ...
    CT_MODCOST_X] = idx_ct;

loadprofile = struct( ...
    'type', 'mpcData', ...
    'table', CT_TAREALOAD, ...
    'rows', [1:11], ...
    'col', CT_LOAD_ALL_P, ...
    'chgtype', 1, ...
    'values', [] );
loadprofile.values(:,1,:) = [
	1538.6 959.3288 1600.7954 548.5875 762.8567 1127.7074 843.0326 265.9 485.0714 4345.8659 1699.8613;
	1497.2577 942.8902 1612.7717 533.3759 753.0511 1114.7772 828.7032 265.3412 473.3605 4322.9 1663.4189;
	1522.8019 981.6686 1659.5654 532.0 773.0004 1153.7154 837.4 277.3 469.827 4360.544 1696.1424;
	1604.5932 1043.7216 1759.1394 561.1541 840.3686 1222.6487 873.3993 306.6 512.609 4608.2712 1803.4964;
	1691.2939 1155.1595 1948.0334 604.9491 948.4532 1341.7705 962.6053 353.5164 589.2092 5121.3118 2049.1977;
	1821.7965 1232.2321 2117.9979 614.0 1003.8267 1452.1685 1054.202 383.999 660.0151 5808.2474 2209.1;
	1822.3973 1244.8985 2104.2831 619.4599 1024.5 1437.6215 1087.0387 396.9251 675.3917 6166.3385 2281.4901;
	1859.4 1279.7498 2106.7888 611.5093 1005.3564 1477.3468 1083.3 393.7249 673.1108 6377.8705 2248.1872;
	1895.7286 1289.0707 2132.4835 597.9701 997.7144 1497.9994 1092.7231 369.0499 685.0074 6412.8 2282.5397;
	1851.6 1286.2 2106.5754 576.8874 965.2891 1467.3138 1052.3794 365.7379 671.8165 6408.4763 2286.4871;
	1864.986 1300.3518 2096.0305 571.8339 959.649 1478.0446 1031.9438 351.5788 685.2 6423.9189 2276.3868;
	1867.6394 1280.1271 2059.2872 559.1764 928.6554 1427.2148 995.2485 341.7585 681.0071 6488.7263 2318.5321;
	1858.8507 1260.195 2041.9687 566.5486 891.8393 1446.4979 1017.1221 344.8 674.9923 6504.0126 2305.976;
	1881.2788 1249.8521 2037.2779 565.212 877.4968 1416.7002 1020.2479 346.8779 674.5876 6467.9352 2328.5428;
	1924.9161 1294.6717 2095.4656 573.5448 905.7712 1462.68 1055.4495 356.5467 675.9 6639.2456 2429.3873;
	1944.5925 1317.2433 2132.6162 599.7817 954.473 1504.6 1084.9692 400.8785 694.2 6784.2476 2550.4262;
	1910.1152 1271.9005 2103.8648 610.5 1005.5265 1512.8412 1113.8942 427.6132 696.2238 6520.3507 2532.1871;
	2004.3406 1313.3993 2193.804 601.2 1040.5905 1579.8613 1189.431 447.6921 737.7182 6623.5184 2712.1707;
	2049.0406 1311.1457 2176.4614 610.4765 1022.925 1547.2388 1177.8369 441.8572 741.4284 6489.7224 2644.5752;
	1947.9054 1252.3349 2111.5046 594.0244 972.8766 1461.7368 1128.0911 450.4313 698.3376 6224.2714 2507.5321;
	1856.5715 1185.9947 1984.4218 584.239 905.8 1366.6649 1053.3327 410.3259 651.757 5895.698 2220.9298;
	1779.6588 1112.7219 1873.7346 575.2124 879.4508 1262.7273 973.4201 389.6013 586.9886 5398.2932 2056.2096;
	1646.5781 1027.9654 1882.1641 578.4788 878.9781 1172.2045 912.172 332.8524 531.2207 4932.3066 1925.2733;
	1642.3089 997.2 1826.9283 584.9 882.8427 1139.9557 848.466 320.0367 511.6567 4589.8413 1814.9645;
];
