function solarprofile = ex_solar_profilesh1
%EX_WIND_PROFILE_D  Example wind_load_nyiso profile data for deterministic unit commitment.
% 2022.03.12
% Andres F. Ramirez


%% define constants
[GEN_BUS, PG, QG, QMAX, QMIN, VG, MBASE, GEN_STATUS, PMAX, PMIN, ...
    MU_PMAX, MU_PMIN, MU_QMAX, MU_QMIN, PC1, PC2, QC1MIN, QC1MAX, ...
    QC2MIN, QC2MAX, RAMP_AGC, RAMP_10, RAMP_30, RAMP_Q, APF] = idx_gen;
[CT_LABEL, CT_PROB, CT_TABLE, CT_TBUS, CT_TGEN, CT_TBRCH, CT_TAREABUS, ...
    CT_TAREAGEN, CT_TAREABRCH, CT_ROW, CT_COL, CT_CHGTYPE, CT_REP, ...
    CT_REL, CT_ADD, CT_NEWVAL, CT_TLOAD, CT_TAREALOAD, CT_LOAD_ALL_PQ, ...
    CT_LOAD_FIX_PQ, CT_LOAD_DIS_PQ, CT_LOAD_ALL_P, CT_LOAD_FIX_P, ...
    CT_LOAD_DIS_P, CT_TGENCOST, CT_TAREAGENCOST, CT_MODCOST_F, ...
    CT_MODCOST_X] = idx_ct;

solarprofile = struct( ...
    'type', 'mpcData', ...
    'table', CT_TGEN, ...
    'rows', [1:12], ...
    'col', PMAX, ...
    'chgtype', 1, ...
    'values', [] );
solarprofile.values(:,1,:) = [
	0.0 0.0 0.0 0.0 0.0 0.0 0.0 0.0 0.0 0.0 0.0 0.0;
	0.0 0.0 0.0 0.0 0.0 0.0 0.0 0.0 0.0 0.0 0.0 0.0;
	0.0 0.0 0.0 0.0 0.0 0.0 0.0 0.0 0.0 0.0 0.0 0.0;
	0.0 0.0 0.0 0.0 0.0 0.0 0.0 0.0 0.0 0.0 0.0 0.0;
	0.0 0.0 0.0 0.0 0.0 0.0 0.0 0.0 0.0 0.0 0.0 0.0;
	0.0 0.0 0.002 0.0 0.0 0.0 0.0 0.0 0.0 0.0 0.0 0.0;
	2.2278 1.1921 1.4263 2.1008 2.8998 65.6733 8.2092 33.379 27.1884 66.8608 38.9373 121.0853;
	7.879 8.5387 6.2037 7.0161 11.0806 283.8592 35.4824 55.4243 114.6696 179.2938 155.2818 324.7022;
	13.8355 15.4723 11.6711 10.384 12.5586 328.1421 41.0178 39.7501 148.8876 315.5357 245.1339 571.437;
	18.538 13.6727 10.4547 11.414 10.2114 231.1646 28.8956 45.9331 189.6436 292.1314 247.8206 529.0517;
	18.4645 9.9286 6.1171 11.4504 9.5579 254.0862 31.7608 46.8703 191.9745 303.5589 232.3694 549.747;
	20.5169 9.3673 6.2489 11.4717 9.5544 299.758 37.4698 48.1554 214.4827 310.7994 230.3153 562.8597;
	23.508 13.5996 13.3557 11.9605 12.2635 397.5312 49.6914 61.7314 276.09 251.4594 218.4939 455.3944;
	22.5563 16.3049 13.8 12.1587 12.8626 415.6438 51.9555 68.9502 277.0338 246.1482 198.1837 445.7759;
	17.4793 13.6573 12.8945 12.032 12.0497 399.4229 49.9279 70.2772 254.5177 203.2826 160.8421 368.1461;
	9.2602 7.225 6.0199 8.0783 6.3021 156.1223 19.5153 47.145 50.5872 120.4026 57.4497 218.0499;
	0.8291 0.6453 0.3928 1.3034 2.7061 44.3477 5.5435 8.5407 19.5882 42.7994 19.5365 77.5101;
	0.0 0.0 0.0 0.0 0.0 0.0 0.0 0.0 0.0 0.0 0.0 0.0;
	0.0 0.0 0.0 0.0 0.0 0.0 0.0 0.0 0.0 0.0 0.0 0.0;
	0.0 0.0 0.0 0.0 0.0 0.0 0.0 0.0 0.0 0.0 0.0 0.0;
	0.0 0.0 0.0 0.0 0.0 0.0 0.0 0.0 0.0 0.0 0.0 0.0;
	0.0 0.0 0.0 0.0 0.0 0.0 0.0 0.0 0.0 0.0 0.0 0.0;
	0.0 0.0 0.0 0.0 0.0 0.0 0.0 0.0 0.0 0.0 0.0 0.0;
	0.0 0.0 0.0 0.0 0.0 0.0 0.0 0.0 0.0 0.0 0.0 0.0;
];
