function solarprofile = ex_solar_profilesh1
%EX_WIND_PROFILE_D  Example wind_load_nyiso profile data for deterministic unit commitment.
% 2022.03.12
% Andres F. Ramirez


%% define constants
[GEN_BUS, PG, QG, QMAX, QMIN, VG, MBASE, GEN_STATUS, PMAX, PMIN, ...
    MU_PMAX, MU_PMIN, MU_QMAX, MU_QMIN, PC1, PC2, QC1MIN, QC1MAX, ...
    QC2MIN, QC2MAX, RAMP_AGC, RAMP_10, RAMP_30, RAMP_Q, APF] = idx_gen;
[CT_LABEL, CT_PROB, CT_TABLE, CT_TBUS, CT_TGEN, CT_TBRCH, CT_TAREABUS, ...
    CT_TAREAGEN, CT_TAREABRCH, CT_ROW, CT_COL, CT_CHGTYPE, CT_REP, ...
    CT_REL, CT_ADD, CT_NEWVAL, CT_TLOAD, CT_TAREALOAD, CT_LOAD_ALL_PQ, ...
    CT_LOAD_FIX_PQ, CT_LOAD_DIS_PQ, CT_LOAD_ALL_P, CT_LOAD_FIX_P, ...
    CT_LOAD_DIS_P, CT_TGENCOST, CT_TAREAGENCOST, CT_MODCOST_F, ...
    CT_MODCOST_X] = idx_ct;

solarprofile = struct( ...
    'type', 'mpcData', ...
    'table', CT_TGEN, ...
    'rows', [1:12], ...
    'col', PMAX, ...
    'chgtype', 1, ...
    'values', [] );
solarprofile.values(:,1,:) = [
	0.0 0.0 0.0 0.0 0.0 0.0 0.0 0.0 0.0 0.0 0.0 0.0;
	0.0 0.0 0.0 0.0 0.0 0.0 0.0 0.0 0.0 0.0 0.0 0.0;
	0.0 0.0 0.0 0.0 0.0 0.0 0.0 0.0 0.0 0.0 0.0 0.0;
	0.0 0.0 0.0 0.0 0.0 0.0 0.0 0.0 0.0 0.0 0.0 0.0;
	0.0 0.0 0.0 0.0 0.0 0.0 0.0 0.0 0.0 0.0 0.0 0.0;
	0.0 0.0 0.002 0.0 0.0 0.0 0.0 0.0 0.0 0.0 0.0 0.0;
	5.6119 4.2781 5.1985 2.1936 2.8078 64.5261 8.0658 7.3516 16.7749 67.4378 38.8781 122.1302;
	17.0871 13.1414 11.0398 2.3091 7.9656 257.6364 32.2045 65.1205 67.6001 12.0043 1.4409 21.7399;
	23.3486 16.6029 13.8 5.51 10.6376 337.4785 42.1848 73.3632 145.6382 51.6413 21.899 93.5227;
	26.367 16.207 13.3705 10.8884 10.0563 323.4576 40.4322 68.3246 214.7243 142.3787 95.6476 257.8487;
	26.2217 12.4575 12.4976 11.2946 12.0053 334.768 41.846 69.5578 222.974 217.1836 187.3579 393.3208;
	22.5205 8.6908 11.7545 11.2159 12.1289 330.1404 41.2675 70.4124 214.9627 187.9717 189.3056 340.4179;
	20.2903 10.1126 11.6521 9.8057 9.5725 359.3471 44.9184 71.5456 186.6511 55.8574 70.8175 101.1581;
	16.1866 13.6134 12.5359 8.0715 7.4071 371.4281 46.4285 73.1043 180.0005 59.2687 40.0168 107.336;
	12.2038 9.3915 8.1231 3.9061 3.9745 358.6779 44.8347 69.5619 167.8105 63.1451 60.1438 114.3561;
	6.8034 2.8328 4.1901 2.1663 0.5223 131.3186 16.4148 20.7042 101.0881 59.605 54.5077 107.945;
	0.7104 0.5843 0.4103 1.2449 2.4075 44.335 5.5419 8.4698 23.491 17.8267 17.5857 32.2842;
	0.0 0.0 0.0 0.0 0.0 0.0 0.0 0.0 0.0 0.0 0.0 0.0;
	0.0 0.0 0.0 0.0 0.0 0.0 0.0 0.0 0.0 0.0 0.0 0.0;
	0.0 0.0 0.0 0.0 0.0 0.0 0.0 0.0 0.0 0.0 0.0 0.0;
	0.0 0.0 0.0 0.0 0.0 0.0 0.0 0.0 0.0 0.0 0.0 0.0;
	0.0 0.0 0.0 0.0 0.0 0.0 0.0 0.0 0.0 0.0 0.0 0.0;
	0.0 0.0 0.0 0.0 0.0 0.0 0.0 0.0 0.0 0.0 0.0 0.0;
	0.0 0.0 0.0 0.0 0.0 0.0 0.0 0.0 0.0 0.0 0.0 0.0;
];
