function solarprofile = ex_solar_profilesh1
%EX_WIND_PROFILE_D  Example wind_load_nyiso profile data for deterministic unit commitment.
% 2022.03.12
% Andres F. Ramirez


%% define constants
[GEN_BUS, PG, QG, QMAX, QMIN, VG, MBASE, GEN_STATUS, PMAX, PMIN, ...
    MU_PMAX, MU_PMIN, MU_QMAX, MU_QMIN, PC1, PC2, QC1MIN, QC1MAX, ...
    QC2MIN, QC2MAX, RAMP_AGC, RAMP_10, RAMP_30, RAMP_Q, APF] = idx_gen;
[CT_LABEL, CT_PROB, CT_TABLE, CT_TBUS, CT_TGEN, CT_TBRCH, CT_TAREABUS, ...
    CT_TAREAGEN, CT_TAREABRCH, CT_ROW, CT_COL, CT_CHGTYPE, CT_REP, ...
    CT_REL, CT_ADD, CT_NEWVAL, CT_TLOAD, CT_TAREALOAD, CT_LOAD_ALL_PQ, ...
    CT_LOAD_FIX_PQ, CT_LOAD_DIS_PQ, CT_LOAD_ALL_P, CT_LOAD_FIX_P, ...
    CT_LOAD_DIS_P, CT_TGENCOST, CT_TAREAGENCOST, CT_MODCOST_F, ...
    CT_MODCOST_X] = idx_ct;

solarprofile = struct( ...
    'type', 'mpcData', ...
    'table', CT_TGEN, ...
    'rows', [1:12], ...
    'col', PMAX, ...
    'chgtype', 1, ...
    'values', [] );
solarprofile.values(:,1,:) = [
	0.0 0.0 0.0 0.0 0.0 0.0 0.0 0.0 0.0 0.0 0.0 0.0;
	0.0 0.0 0.0 0.0 0.0 0.0 0.0 0.0 0.0 0.0 0.0 0.0;
	0.0 0.0 0.0 0.0 0.0 0.0 0.0 0.0 0.0 0.0 0.0 0.0;
	0.0 0.0 0.0 0.0 0.0 0.0 0.0 0.0 0.0 0.0 0.0 0.0;
	0.0 0.0 0.0 0.0 0.0 0.0 0.0 0.0 0.0 0.0 0.0 0.0;
	0.0 0.0 0.002 0.0 0.0 0.0 0.0 0.0 0.0 0.0 0.0 0.0;
	8.5054 7.4839 5.6378 3.2457 4.0694 238.5916 29.8239 30.11 139.848 89.2134 46.5504 161.5659;
	18.4654 12.1215 11.0053 8.3917 11.279 392.0218 49.0027 65.9651 175.6477 345.1279 227.7516 625.0287;
	23.2451 15.3262 13.7469 10.7809 12.6701 417.5191 52.1899 71.9655 171.053 349.7141 240.262 633.3344;
	25.3677 14.8999 12.8423 11.2835 11.4355 392.5839 49.073 66.9243 164.6998 350.8853 248.355 635.4553;
	24.4578 16.5995 13.6675 11.4504 10.9646 395.3359 49.417 66.2485 159.181 348.2796 250.922 630.7365;
	25.8455 16.6083 13.8 11.3963 10.3773 404.2164 50.5271 66.3382 167.6845 342.2776 244.3511 619.8668;
	26.2738 16.6083 13.7472 11.6147 10.5939 442.7264 55.3408 71.655 192.5441 331.212 192.9233 599.827;
	22.2362 16.418 12.9904 11.5984 10.8685 442.6157 55.327 73.9928 190.3615 331.9698 158.2162 601.1994;
	11.9268 8.8288 4.3112 9.9359 9.6701 434.2826 54.2853 72.2656 180.7305 298.0404 119.3977 539.7529;
	2.2408 1.514 0.8934 7.3987 3.9503 304.7508 38.0938 43.7635 117.627 107.3341 51.5975 194.3827;
	0.7016 0.5902 0.3819 1.3694 2.4697 52.6946 6.5868 8.4959 24.958 21.2987 17.4179 38.5721;
	0.0 0.0 0.0 0.0 0.0 0.0 0.0 0.0 0.0 0.0 0.0 0.0;
	0.0 0.0 0.0 0.0 0.0 0.0 0.0 0.0 0.0 0.0 0.0 0.0;
	0.0 0.0 0.0 0.0 0.0 0.0 0.0 0.0 0.0 0.0 0.0 0.0;
	0.0 0.0 0.0 0.0 0.0 0.0 0.0 0.0 0.0 0.0 0.0 0.0;
	0.0 0.0 0.0 0.0 0.0 0.0 0.0 0.0 0.0 0.0 0.0 0.0;
	0.0 0.0 0.0 0.0 0.0 0.0 0.0 0.0 0.0 0.0 0.0 0.0;
	0.0 0.0 0.0 0.0 0.0 0.0 0.0 0.0 0.0 0.0 0.0 0.0;
];
