function windprofile = ex_wind_profilesh1
%EX_WIND_PROFILE_D  Example wind_load_nyiso profile data for deterministic unit commitment.
% 2022.03.12
% Andres F. Ramirez


%% define constants
[GEN_BUS, PG, QG, QMAX, QMIN, VG, MBASE, GEN_STATUS, PMAX, PMIN, ...
    MU_PMAX, MU_PMIN, MU_QMAX, MU_QMIN, PC1, PC2, QC1MIN, QC1MAX, ...
    QC2MIN, QC2MAX, RAMP_AGC, RAMP_10, RAMP_30, RAMP_Q, APF] = idx_gen;
[CT_LABEL, CT_PROB, CT_TABLE, CT_TBUS, CT_TGEN, CT_TBRCH, CT_TAREABUS, ...
    CT_TAREAGEN, CT_TAREABRCH, CT_ROW, CT_COL, CT_CHGTYPE, CT_REP, ...
    CT_REL, CT_ADD, CT_NEWVAL, CT_TLOAD, CT_TAREALOAD, CT_LOAD_ALL_PQ, ...
    CT_LOAD_FIX_PQ, CT_LOAD_DIS_PQ, CT_LOAD_ALL_P, CT_LOAD_FIX_P, ...
    CT_LOAD_DIS_P, CT_TGENCOST, CT_TAREAGENCOST, CT_MODCOST_F, ...
    CT_MODCOST_X] = idx_ct;

windprofile = struct( ...
    'type', 'mpcData', ...
    'table', CT_TGEN, ...
    'rows', [1:45], ...
    'col', PMAX, ...
    'chgtype', 1, ...
    'values', [] );
windprofile.values(:,1,:) = [
	3.8144 51.5412 94.6487 112.8043 15.1706 33.4093 25.8476 19.1782 27.5085 30.8949 57.1087 85.1949 128.2605 66.3568 197.2213 74.302 92.1895 97.6933 33.3927 72.6184 8.6159 77.9551 71.6935 89.8544 106.6491 76.6694 14.1512 1136.9919 694.6613 694.6613 579.5892 95.9555 111.3091 186.92 208.0375 296.3888 1119.676 218.0772 470.2751 285.6673 121.7359 370.621 141.5447 280.7156 1131.3393;
	3.688 49.8334 94.9877 118.8784 15.2244 31.9742 27.2132 19.1498 27.4674 30.1372 55.7082 83.1057 125.1152 68.3242 191.4955 72.1448 89.513 94.8571 24.7094 73.2599 9.0711 74.6065 69.4856 89.8757 106.4397 76.6246 14.1321 1126.9114 707.2868 707.2868 600.7093 100.5551 82.3647 188.5713 214.2057 301.7757 1101.506 230.2052 472.5659 285.1063 121.9946 354.7005 138.5805 275.2026 1112.98;
	3.7639 50.8591 94.6063 65.0641 15.2134 33.6655 27.1043 18.9709 27.108 29.7461 54.9853 82.0272 123.4915 67.6482 190.7294 71.8562 89.1549 94.4776 13.7526 71.2843 9.0348 78.5528 67.5578 88.5035 105.974 76.1012 14.0703 1172.3084 671.7561 671.7561 556.7317 101.9655 45.8421 183.4861 212.0863 286.6159 1165.2262 217.6598 464.6316 283.8589 120.2071 373.4622 141.8921 272.454 1177.364;
	3.7633 50.8499 93.8018 80.1846 15.2767 33.1492 26.1511 18.9437 26.8974 30.0672 55.5788 82.9126 124.8245 68.3649 191.7567 72.2432 89.6351 94.9865 20.737 71.7612 8.717 77.3481 61.0227 89.0248 106.0588 76.2001 13.9503 1201.389 685.6951 685.6951 544.6591 86.4435 69.1233 184.7135 214.3333 292.5633 1107.4071 232.4423 460.2544 284.0861 121.879 367.7351 171.746 271.694 1118.9426;
	3.598 48.6173 94.0912 117.0242 15.3471 32.7208 21.2159 18.7689 26.1825 29.1257 53.8383 80.3162 120.9156 66.4773 186.5689 70.2887 87.2101 92.4167 67.6301 70.5643 7.072 76.3486 41.82 89.4016 106.2439 76.4422 13.7017 1167.326 667.278 667.278 547.6037 93.3133 225.4336 181.6327 208.4153 284.7053 1189.5426 232.5159 456.1612 284.582 121.2673 362.9832 184.1925 274.5865 1201.9336;
	3.7406 50.544 90.2686 113.0368 15.0686 32.4368 24.9154 18.2246 25.8805 28.7414 53.128 79.2565 119.3202 66.25 188.4458 70.9959 88.0875 93.3464 86.5122 71.0906 8.3051 75.6858 67.9406 86.4821 103.6742 74.7385 13.5372 1137.8334 686.5853 686.5853 509.262 90.4276 288.3739 182.9874 207.7028 292.9431 1069.1145 216.7585 448.4151 277.6987 113.9439 359.8318 185.4732 270.6511 1080.2511;
	3.8005 51.3526 93.564 117.3749 15.0179 32.3613 26.1602 18.4613 26.5975 28.6352 52.9318 78.9638 118.8795 66.8736 198.0949 74.6311 92.5979 98.1261 89.6032 72.1486 8.7201 75.5097 70.3097 89.4411 104.3144 75.9255 13.4994 1165.7798 703.599 703.599 555.6019 83.8483 298.6775 185.7108 209.6577 300.2023 1094.5824 232.8365 461.0184 279.4134 118.3887 358.9945 190.7099 277.0569 1105.9843;
	3.7882 51.1874 91.0659 115.8149 14.7704 32.4823 26.1014 18.5382 26.1554 26.7498 49.4466 73.7646 111.0522 67.4459 201.068 75.7512 93.9876 99.5988 91.5989 73.1411 8.7005 75.792 67.1468 89.1791 106.0003 74.8518 13.4845 1104.983 672.6177 672.6177 531.1532 74.9808 305.3297 188.2654 211.452 286.9836 1069.2459 226.1718 459.6065 283.9295 115.6334 360.3369 182.8496 271.2006 1080.3839;
	3.7663 50.8904 91.8714 116.2042 15.1276 33.6288 27.351 17.9558 26.5787 28.9393 53.4938 79.8023 120.1419 68.4333 196.5329 74.0426 91.8677 97.3524 89.2264 70.9476 9.117 78.4672 70.5365 89.4006 104.4966 73.8113 13.4347 1074.6528 686.9136 686.9136 532.7037 65.5864 297.4213 182.6193 214.5476 293.0831 1053.2628 245.6966 457.5425 279.9016 115.4058 373.0553 170.8088 284.7997 1064.2343;
	3.8511 52.037 89.9021 112.9968 15.0608 34.2481 28.8146 17.8361 26.1205 29.2555 54.0783 80.6742 121.4545 68.2337 196.3358 73.9684 91.7756 97.2547 88.3637 70.2579 9.6049 79.9123 71.3995 87.5506 103.4493 73.5547 13.3118 1114.5766 674.9463 674.9463 671.4116 79.5019 294.5456 180.8439 213.9219 287.9771 1069.3556 278.8864 462.1691 277.0965 117.0098 379.9259 163.2592 277.134 1080.4948;
	3.834 51.8055 90.1587 111.3555 15.3429 33.3653 26.4847 17.4696 27.2571 30.4912 56.3625 84.0818 126.5847 66.7828 196.7669 74.1308 91.9771 97.4683 86.4932 71.5934 8.8282 77.8524 73.3337 86.5334 99.9122 74.0148 12.9867 1058.5713 707.8423 707.8423 653.0873 85.8848 288.3105 184.2816 209.3731 302.0127 1013.2337 290.6557 466.8066 267.6219 116.5581 370.1327 164.7338 281.1746 1023.7882;
	3.7546 50.7325 86.9702 110.8374 15.0863 33.3437 25.7057 16.3703 26.9465 29.2795 54.1226 80.7403 121.5541 65.9521 193.0904 72.7457 90.2585 95.6471 88.7675 70.0851 8.5686 77.8021 72.0436 84.2505 99.851 72.2293 12.5095 1098.991 717.9767 717.9767 670.7714 90.7124 295.8918 180.3993 206.7686 306.3367 1068.5504 283.5655 458.9347 267.458 112.4542 369.8932 183.7532 273.6118 1079.6811;
	3.8835 52.4741 88.9357 116.5245 15.3364 34.0541 29.8512 16.9798 28.161 30.5001 56.379 84.1063 126.6216 68.2106 200.2265 75.4342 93.5943 99.182 90.3609 71.5251 9.9504 79.4597 73.959 87.4123 99.4805 72.8087 11.91 1057.2449 751.4338 751.4338 697.9431 95.9998 301.203 184.1057 213.8494 320.6117 990.4341 294.6957 477.9314 266.4656 115.2967 377.7739 172.5464 273.0592 1000.7511;
	3.8659 52.2374 87.8949 113.5775 15.0474 32.4163 29.8544 15.4729 27.5632 29.0069 53.6188 79.9887 120.4225 66.3641 197.3877 74.3647 92.2673 97.7758 89.5416 70.1189 9.9515 75.6379 72.3009 86.0571 97.0344 71.5504 12.1518 1096.4893 678.942 678.942 697.99 95.7573 298.4719 180.4862 208.0605 289.6819 969.096 306.6563 469.1668 259.9136 113.9757 359.6043 161.0082 273.361 979.1907;
	3.9148 52.897 92.0867 113.9494 15.4152 32.7003 27.376 17.5997 27.6278 30.1009 55.6411 83.0056 124.9645 68.3964 193.4206 72.8701 90.4129 95.8107 86.6512 70.3067 9.1253 76.3008 72.9954 87.5584 99.1581 72.5431 12.9459 1104.7045 698.601 698.601 675.2349 99.9685 288.8374 180.9696 214.4319 298.0698 893.795 302.0646 468.1569 265.6021 112.1157 362.7557 188.5308 263.5297 903.1054;
	3.828 51.7252 90.4797 115.1245 15.3441 31.9426 26.0708 17.493 27.2718 28.9819 53.5725 79.9197 120.3186 65.3767 192.2999 72.4479 89.889 95.2555 88.0674 69.5979 8.6903 74.5327 73.214 85.325 99.0124 74.077 13.0032 1135.4802 731.6717 731.6717 686.1673 100.3937 293.5579 179.1451 204.9648 312.1799 961.2889 296.3412 456.6775 265.2119 107.4678 354.3499 186.2364 263.2328 971.3024;
	3.7025 50.0293 87.4566 111.3804 15.3379 31.9662 23.4899 15.7335 26.6673 29.2092 53.9928 80.5467 121.2626 63.2069 189.8378 71.5203 88.7381 94.0359 92.0963 71.1551 7.83 74.5878 72.2451 87.5136 98.7159 73.6017 11.019 1118.9586 757.8714 757.8714 681.9928 99.6661 306.9878 183.1535 198.1622 323.3585 1074.7087 288.8991 440.9737 264.4176 113.0196 354.6116 185.5257 237.1954 1085.9036;
	3.7107 50.1395 88.2796 109.7137 15.2103 28.7187 22.6305 12.6181 26.6475 29.1722 53.9244 80.4445 121.1088 63.8468 189.5014 71.3935 88.5809 93.8693 92.7524 69.0462 7.5435 67.0102 69.4247 85.2302 98.2671 70.0131 7.5429 1236.3686 720.0781 720.0781 657.4796 91.8137 309.1747 177.725 200.1684 307.2333 1115.4597 294.3815 437.5122 263.2153 113.905 318.5856 182.5582 243.5298 1127.079;
