function windprofile = ex_wind_profilesh1
%EX_WIND_PROFILE_D  Example wind_load_nyiso profile data for deterministic unit commitment.
% 2022.03.12
% Andres F. Ramirez


%% define constants
[GEN_BUS, PG, QG, QMAX, QMIN, VG, MBASE, GEN_STATUS, PMAX, PMIN, ...
    MU_PMAX, MU_PMIN, MU_QMAX, MU_QMIN, PC1, PC2, QC1MIN, QC1MAX, ...
    QC2MIN, QC2MAX, RAMP_AGC, RAMP_10, RAMP_30, RAMP_Q, APF] = idx_gen;
[CT_LABEL, CT_PROB, CT_TABLE, CT_TBUS, CT_TGEN, CT_TBRCH, CT_TAREABUS, ...
    CT_TAREAGEN, CT_TAREABRCH, CT_ROW, CT_COL, CT_CHGTYPE, CT_REP, ...
    CT_REL, CT_ADD, CT_NEWVAL, CT_TLOAD, CT_TAREALOAD, CT_LOAD_ALL_PQ, ...
    CT_LOAD_FIX_PQ, CT_LOAD_DIS_PQ, CT_LOAD_ALL_P, CT_LOAD_FIX_P, ...
    CT_LOAD_DIS_P, CT_TGENCOST, CT_TAREAGENCOST, CT_MODCOST_F, ...
    CT_MODCOST_X] = idx_ct;

windprofile = struct( ...
    'type', 'mpcData', ...
    'table', CT_TGEN, ...
    'rows', [1:45], ...
    'col', PMAX, ...
    'chgtype', 1, ...
    'values', [] );
windprofile.values(:,1,:) = [
	3.587 48.4677 87.7302 101.985 14.4524 31.3286 26.09 17.8405 26.6872 28.5432 52.7616 78.71 118.4974 68.7697 199.2987 75.0846 93.1606 98.7224 38.0531 72.8674 8.6967 73.1 71.6029 87.489 103.8754 73.591 13.4419 1144.9304 675.7618 675.7618 579.8039 105.9396 126.8437 187.5609 215.6022 288.325 1143.9137 212.7623 459.7426 278.2376 117.4018 347.5382 106.3591 260.9545 1155.8295;
	3.6482 49.2947 88.3116 110.9151 13.9978 29.4225 28.6911 18.0249 26.6633 27.7895 51.3684 76.6315 115.3683 69.3653 200.6982 75.6119 93.8147 99.4156 33.1504 73.6396 9.5637 68.6524 68.7075 87.2399 101.2568 72.2835 13.2458 1123.8064 688.8015 688.8015 582.8396 100.8617 110.5012 189.5484 217.4695 293.8886 1139.9104 222.3548 465.9349 271.2235 120.7112 326.3933 102.1753 266.5677 1151.7845;
	3.6132 48.8217 90.6277 58.0021 13.9701 25.5442 26.7583 17.6503 26.5534 28.5449 52.7648 78.7148 118.5046 68.815 200.5054 75.5392 93.7246 99.3201 33.4506 73.1166 8.9194 59.603 69.9622 88.1398 102.5292 71.1235 13.5375 1085.4647 627.1024 627.1024 540.7557 99.428 111.5021 188.2022 215.7443 267.5637 1088.6803 217.2068 442.6592 274.6319 120.1503 283.3699 102.288 263.527 1100.0207;
	3.703 50.0362 93.1087 84.8888 14.0863 31.8287 25.8298 17.8963 26.8941 27.6124 51.0411 76.1433 114.6333 67.9455 201.5507 75.933 94.2132 99.8379 36.1567 72.3419 8.6099 74.267 63.8771 88.5299 101.8858 71.9251 13.7167 1134.7464 681.3528 681.3528 522.5944 90.5705 120.5222 186.2083 213.0184 290.7105 1076.3237 232.9138 460.1072 272.9084 118.6553 353.0864 155.5786 263.8442 1087.5355;
	3.4359 46.4267 92.8788 119.4583 14.0727 30.1552 21.754 18.1448 26.949 29.4463 54.4311 81.2005 122.2469 69.2621 195.7778 73.7581 91.5147 96.9783 74.8618 71.5808 7.2513 70.3621 60.569 88.277 101.461 72.8152 13.457 1116.862 642.8617 642.8617 525.1583 98.695 249.5392 184.2492 217.1461 274.2876 1145.2454 233.804 453.5924 271.7706 115.8505 334.5217 152.8296 252.9703 1157.1751;
	3.6924 49.892 94.4371 120.4525 14.6014 32.1884 26.9097 18.5437 26.5862 30.057 55.56 82.8845 124.7822 68.5646 197.3363 74.3453 92.2432 97.7503 86.829 71.9058 8.9699 75.1063 70.0932 89.6747 105.6599 73.1073 13.7308 1180.4073 659.3752 659.3752 486.8747 96.7583 289.43 185.0858 214.9592 281.3334 1083.7729 222.8735 452.7777 283.0176 114.9719 357.077 172.7454 268.4786 1095.0622;
	3.6208 48.9249 94.2387 119.072 14.4135 31.7713 28.4486 18.6384 26.823 28.8415 53.3132 79.5327 119.7361 67.4581 194.0985 73.1255 90.7297 96.1464 87.2526 70.4113 9.4829 74.1329 71.3084 88.9391 103.9534 74.7163 13.4749 1241.6835 710.5021 710.5021 576.1651 98.8558 290.842 181.2389 211.4904 303.1476 1136.6264 256.0562 459.2328 278.4466 117.158 352.4491 186.3553 267.7554 1148.4662;
	3.5603 48.1075 91.4334 116.518 14.5197 31.8413 27.2871 18.0661 26.3641 28.3824 52.4645 78.2668 117.8302 65.4229 193.356 72.8457 90.3827 95.7787 81.8836 70.1629 9.0957 74.2963 71.3634 88.1131 105.3693 72.4051 13.1573 1184.0248 700.6697 700.6697 531.1131 83.6791 272.9453 180.5995 205.1096 298.9524 1118.0333 242.8777 447.8499 282.2393 115.3225 353.2258 175.8809 260.6522 1129.6795;
	3.6857 49.8021 92.9059 118.0165 14.6433 32.8952 27.1848 18.4065 26.334 28.7403 53.1261 79.2536 119.3159 66.9235 200.2346 75.4372 93.598 99.186 87.0792 71.0728 9.0616 76.7554 71.2569 88.6654 105.6325 73.2535 13.4592 1232.4562 787.2575 787.2575 588.0493 81.1076 290.2639 182.9415 209.8142 335.8965 1203.0121 279.528 454.4505 282.9442 116.9982 364.9171 151.9696 270.3721 1215.5435;
	3.5985 48.6238 88.9055 112.4166 14.4674 32.5332 28.1313 18.6401 27.5531 27.892 51.558 76.9144 115.7941 67.6774 195.2099 73.5442 91.2493 96.697 86.5452 69.76 9.3771 75.9109 70.9017 88.2811 104.7084 72.5923 13.8692 1109.1596 722.5543 722.5543 602.0173 83.3829 288.4841 179.5624 212.1778 308.2899 1114.7371 292.6034 464.4101 280.4689 116.3923 360.9021 147.1572 262.1711 1126.349;
	3.8588 52.1415 92.9905 116.9996 15.2377 34.2757 26.0585 18.5913 28.4035 30.1756 55.7792 83.2116 125.2747 68.5185 203.2091 76.5579 94.9885 100.6594 85.9238 73.7101 8.6862 79.9766 73.1852 88.577 104.8675 72.5512 13.6476 1095.0128 738.8611 738.8611 588.3451 82.8465 286.4128 189.73 214.8148 315.2474 1105.8185 280.2443 467.9839 280.8951 116.7899 380.2317 173.8134 266.1556 1117.3375;
	3.8852 52.4977 92.2365 118.1732 15.2947 34.9863 28.5201 18.473 28.4735 29.9232 55.3125 82.5154 124.2265 68.4571 199.4226 75.1313 93.2185 98.7838 87.3476 71.8861 9.5067 81.6348 71.436 86.424 103.783 73.897 13.3342 1053.0034 764.9772 764.9772 609.4222 86.7849 291.1586 185.0351 214.6221 326.3903 1141.4668 275.6821 478.5046 277.9903 115.3963 388.115 195.4928 270.4667 1153.3571;
	3.8271 51.713 92.6995 117.521 15.2266 34.4347 30.5948 18.6205 28.4751 30.2417 55.9013 83.3937 125.5488 68.7714 199.5056 75.1626 93.2573 98.8249 85.2531 72.5682 10.1983 80.3477 73.4662 88.7712 105.1761 75.4478 13.6949 1125.201 794.3275 794.3275 653.6961 97.2976 284.1768 186.7908 215.6076 338.9131 1106.7906 293.0575 479.8487 281.7218 120.8421 381.9958 166.827 260.4177 1118.3197;
	3.8148 51.5462 93.2863 117.4419 14.9469 33.9327 30.1607 19.045 28.4692 29.8908 55.2527 82.4262 124.0922 67.8207 199.6639 75.2222 93.3313 98.9033 88.1606 73.1184 10.0536 79.1764 73.8851 87.6185 104.7938 75.6705 13.9708 1066.2638 748.4258 748.4258 643.2498 91.1682 293.8686 188.2071 212.6272 319.3283 1060.0136 291.3396 479.6834 280.6977 120.4322 376.427 157.9407 266.8497 1071.0554;
	3.8428 51.9248 92.8307 113.5269 15.2498 33.5904 26.9909 19.0168 28.413 29.1414 53.8674 80.3596 120.9809 69.2038 195.5697 73.6798 91.4175 96.8752 86.9065 73.1077 8.997 78.3776 72.0128 88.396 104.2033 74.6661 13.8 1083.0245 730.1993 730.1993 627.221 94.3916 289.6884 188.1795 216.9632 311.5517 991.9943 288.8324 476.132 279.1159 116.9391 372.6296 180.165 251.3127 1002.3276;
	3.773 50.9817 94.5967 114.116 15.1866 33.0049 28.0864 18.7594 28.3375 22.8795 42.2924 63.092 94.9847 67.4498 191.9749 72.3254 89.7371 95.0945 80.6212 71.6489 9.3621 77.0114 70.1867 87.6421 104.7339 75.0846 13.2556 1166.0377 744.0091 744.0091 583.8593 99.0003 268.7373 184.4246 211.4642 317.4439 1077.2306 280.8339 470.9724 280.5371 116.0172 366.1343 179.27 252.0339 1088.4517;
	3.6268 49.0056 90.7895 112.3641 14.8103 32.1983 25.8512 17.6158 27.2559 21.8351 40.3618 60.2118 90.6485 65.1373 194.0726 73.1157 90.7177 96.1336 85.0899 72.2814 8.6171 75.1294 66.951 85.2603 97.8914 71.0594 11.9077 1104.2089 722.3553 722.3553 582.41 94.7495 283.6328 186.0526 204.2141 308.2049 1101.8831 270.4942 451.42 262.2092 113.759 357.1869 178.5117 226.0131 1113.361;
	3.7923 51.2419 91.9622 112.6658 15.2457 31.6813 25.7662 14.1775 27.1932 26.8124 49.5624 73.9373 111.3122 63.7765 178.2599 67.1584 83.3261 88.3008 73.4655 68.3187 8.5887 73.9229 68.3627 82.6061 98.0188 68.067 10.688 1140.9284 674.7555 674.7555 578.3 89.6148 244.8849 175.8526 199.948 287.8957 1089.5469 267.8165 447.3371 262.5505 119.431 351.4508 193.2592 244.0772 1100.8964;
