function solarprofile = ex_solar_profilesh1
%EX_WIND_PROFILE_D  Example wind_load_nyiso profile data for deterministic unit commitment.
% 2022.03.12
% Andres F. Ramirez


%% define constants
[GEN_BUS, PG, QG, QMAX, QMIN, VG, MBASE, GEN_STATUS, PMAX, PMIN, ...
    MU_PMAX, MU_PMIN, MU_QMAX, MU_QMIN, PC1, PC2, QC1MIN, QC1MAX, ...
    QC2MIN, QC2MAX, RAMP_AGC, RAMP_10, RAMP_30, RAMP_Q, APF] = idx_gen;
[CT_LABEL, CT_PROB, CT_TABLE, CT_TBUS, CT_TGEN, CT_TBRCH, CT_TAREABUS, ...
    CT_TAREAGEN, CT_TAREABRCH, CT_ROW, CT_COL, CT_CHGTYPE, CT_REP, ...
    CT_REL, CT_ADD, CT_NEWVAL, CT_TLOAD, CT_TAREALOAD, CT_LOAD_ALL_PQ, ...
    CT_LOAD_FIX_PQ, CT_LOAD_DIS_PQ, CT_LOAD_ALL_P, CT_LOAD_FIX_P, ...
    CT_LOAD_DIS_P, CT_TGENCOST, CT_TAREAGENCOST, CT_MODCOST_F, ...
    CT_MODCOST_X] = idx_ct;

solarprofile = struct( ...
    'type', 'mpcData', ...
    'table', CT_TGEN, ...
    'rows', [1:12], ...
    'col', PMAX, ...
    'chgtype', 1, ...
    'values', [] );
solarprofile.values(:,1,:) = [
	0.0 0.0 0.0 0.0 0.0 0.0 0.0 0.0 0.0 0.0 0.0 0.0;
	0.0 0.0 0.0 0.0 0.0 0.0 0.0 0.0 0.0 0.0 0.0 0.0;
	0.0 0.0 0.0 0.0 0.0 0.0 0.0 0.0 0.0 0.0 0.0 0.0;
	0.0 0.0 0.0 0.0 0.0 0.0 0.0 0.0 0.0 0.0 0.0 0.0;
	0.0 0.0 0.0 0.0 0.0 0.0 0.0 0.0 0.0 0.0 0.0 0.0;
	0.011 0.0085 0.0248 0.0 0.0 0.0 0.0 0.0 0.0 0.0 0.0 0.0;
	12.8226 12.4409 6.6408 0.6525 6.5419 314.9497 39.3687 25.5919 118.2821 82.7528 46.6544 149.8659;
	22.1298 17.0524 12.5154 6.635 11.0947 388.5229 48.5654 69.3555 131.3875 321.7488 204.7928 582.6889;
	24.141 17.2626 13.8 9.7897 11.9675 393.9724 49.2466 71.6785 110.8843 335.0591 210.7054 606.7941;
	26.334 16.7291 13.8 6.7035 6.6569 291.5668 36.4459 50.1056 58.5537 290.6659 197.257 526.3977;
	25.7246 16.6083 13.4261 5.9131 6.778 305.1854 38.1482 47.077 63.4592 290.9581 215.3677 526.9269;
	25.6876 16.6083 13.0764 7.4514 7.2097 336.2445 42.0306 49.0569 75.5525 290.3703 220.1251 525.8623;
	26.3192 16.6083 13.8 11.242 8.642 405.7809 50.7226 65.4778 126.2832 193.728 179.592 350.8426;
	23.3721 16.6083 13.8 11.4664 9.4212 417.7764 52.2221 71.4274 134.8982 176.1588 157.9733 319.0247;
	17.6114 14.6544 11.7851 9.1807 10.0569 408.2318 51.029 70.7432 131.0873 135.0083 128.5525 244.5008;
	8.1484 6.9598 6.1177 6.9282 10.3623 284.1264 35.5158 47.1657 78.9621 64.5426 61.1164 116.887;
	0.7938 0.6657 0.5204 2.2762 3.6947 52.165 6.5206 10.012 22.1783 19.8513 18.653 35.9508;
	0.0 0.0 0.0 0.0 0.0 0.0 0.0 0.0 0.0 0.0 0.0 0.0;
	0.0 0.0 0.0 0.0 0.0 0.0 0.0 0.0 0.0 0.0 0.0 0.0;
	0.0 0.0 0.0 0.0 0.0 0.0 0.0 0.0 0.0 0.0 0.0 0.0;
	0.0 0.0 0.0 0.0 0.0 0.0 0.0 0.0 0.0 0.0 0.0 0.0;
	0.0 0.0 0.0 0.0 0.0 0.0 0.0 0.0 0.0 0.0 0.0 0.0;
	0.0 0.0 0.0 0.0 0.0 0.0 0.0 0.0 0.0 0.0 0.0 0.0;
	0.0 0.0 0.0 0.0 0.0 0.0 0.0 0.0 0.0 0.0 0.0 0.0;
];
