function loadprofile = ex_load_profilesh1
%EX_LOAD_PROFILE  Example load profile data file for stochastic unit commitment.
% 2022.03.12
% Andres F. Ramirez

%% define constants
[CT_LABEL, CT_PROB, CT_TABLE, CT_TBUS, CT_TGEN, CT_TBRCH, CT_TAREABUS, ...
    CT_TAREAGEN, CT_TAREABRCH, CT_ROW, CT_COL, CT_CHGTYPE, CT_REP, ...
    CT_REL, CT_ADD, CT_NEWVAL, CT_TLOAD, CT_TAREALOAD, CT_LOAD_ALL_PQ, ...
    CT_LOAD_FIX_PQ, CT_LOAD_DIS_PQ, CT_LOAD_ALL_P, CT_LOAD_FIX_P, ...
    CT_LOAD_DIS_P, CT_TGENCOST, CT_TAREAGENCOST, CT_MODCOST_F, ...
    CT_MODCOST_X] = idx_ct;

loadprofile = struct( ...
    'type', 'mpcData', ...
    'table', CT_TAREALOAD, ...
    'rows', [1:11], ...
    'col', CT_LOAD_ALL_P, ...
    'chgtype', 1, ...
    'values', [] );
loadprofile.values(:,1,:) = [
	1483.6 914.3726 1560.1041 548.1357 765.8238 1120.2 853.3773 250.0 478.4136 4228.9589 1627.5842;
	1535.8061 950.232 1607.0621 546.6685 781.622 1106.2763 842.2 252.7594 473.7165 4194.5578 1601.8928;
	1551.4334 955.0732 1639.2 556.3 806.246 1139.2898 866.7228 256.8703 489.1391 4333.4605 1635.7839;
	1626.1208 1043.7962 1778.8848 584.3383 880.2857 1210.5716 938.7438 282.7993 535.975 4665.0036 1781.0943;
	1726.5206 1132.4117 1942.7991 606.9 970.9787 1363.6838 1037.7214 316.033 607.4379 5226.9101 2013.5733;
	1851.7 1226.9499 2047.4449 627.9184 1047.2547 1459.2 1091.2088 352.3 675.3 5807.7153 2185.4915;
	1891.5038 1247.7318 2067.6161 609.7521 1026.8158 1473.1174 1132.0541 362.9174 692.0 6221.5253 2252.3203;
	1865.7926 1219.7 2025.2213 576.5091 1016.7088 1477.4 1129.1101 365.1074 704.8522 6315.8811 2225.9914;
	1868.4821 1217.3654 2041.7 572.4204 1002.8972 1479.4822 1121.0558 370.0505 700.9174 6410.5729 2240.6694;
	1863.7328 1211.2434 2020.3928 584.6861 945.7329 1424.4598 1054.334 349.9 673.6542 6297.4877 2076.8442;
	1850.6 1205.3345 2005.9 564.8374 931.5538 1409.8146 1014.6124 347.5148 683.0 6244.876 2007.6169;
	1869.5837 1191.9846 2016.7542 583.2391 924.0157 1384.3018 996.9457 323.1 671.7424 6224.1446 1941.6185;
	1843.0602 1179.1253 1956.6335 565.2888 901.1392 1358.5767 1004.8676 322.0892 660.5509 6168.6804 1904.7401;
	1811.9465 1191.9936 1992.7474 571.8656 898.2807 1399.8783 1013.7734 329.7607 657.0171 6148.8164 1968.1992;
	1842.7425 1196.8447 1999.8861 601.11 924.6864 1374.1345 1019.8447 332.1935 642.8 6265.3041 1932.026;
	1837.4553 1196.3741 1986.5854 601.9405 931.3668 1392.7467 1051.4895 337.7502 669.4533 6322.9995 2094.1517;
	1845.1878 1224.2127 2036.9235 618.1203 958.3915 1406.297 1093.5477 357.483 684.9 6198.8216 2233.04;
	1897.8377 1256.7365 2057.9163 622.1499 999.5195 1453.666 1167.868 375.6502 726.5 6192.0252 2417.5967;
	1930.499 1273.2351 2073.4994 613.974 1008.1447 1480.0269 1161.9962 386.6734 713.4337 6037.1669 2322.0418;
	1836.9873 1181.6132 1966.8956 605.2505 940.5511 1409.5312 1120.386 363.5525 694.6885 5853.3597 2226.8358;
	1734.3668 1101.6665 1833.1041 576.6322 903.7951 1303.6265 1033.4042 332.7 636.3109 5440.2155 1941.7629;
	1610.9783 1022.5 1698.2227 578.0552 860.856 1230.4634 977.8341 298.8852 586.9 5050.3752 1820.5727;
	1586.6388 995.7782 1689.2847 570.3 806.8833 1151.8785 946.2898 274.0 536.1023 4765.9755 1779.0;
	1588.8681 992.6653 1718.572 570.0412 824.3045 1207.6662 911.4 279.7722 503.3 4603.3803 1748.0554;
];
