function windprofile = ex_wind_profilesh1
%EX_WIND_PROFILE_D  Example wind_load_nyiso profile data for deterministic unit commitment.
% 2022.03.12
% Andres F. Ramirez


%% define constants
[GEN_BUS, PG, QG, QMAX, QMIN, VG, MBASE, GEN_STATUS, PMAX, PMIN, ...
    MU_PMAX, MU_PMIN, MU_QMAX, MU_QMIN, PC1, PC2, QC1MIN, QC1MAX, ...
    QC2MIN, QC2MAX, RAMP_AGC, RAMP_10, RAMP_30, RAMP_Q, APF] = idx_gen;
[CT_LABEL, CT_PROB, CT_TABLE, CT_TBUS, CT_TGEN, CT_TBRCH, CT_TAREABUS, ...
    CT_TAREAGEN, CT_TAREABRCH, CT_ROW, CT_COL, CT_CHGTYPE, CT_REP, ...
    CT_REL, CT_ADD, CT_NEWVAL, CT_TLOAD, CT_TAREALOAD, CT_LOAD_ALL_PQ, ...
    CT_LOAD_FIX_PQ, CT_LOAD_DIS_PQ, CT_LOAD_ALL_P, CT_LOAD_FIX_P, ...
    CT_LOAD_DIS_P, CT_TGENCOST, CT_TAREAGENCOST, CT_MODCOST_F, ...
    CT_MODCOST_X] = idx_ct;

windprofile = struct( ...
    'type', 'mpcData', ...
    'table', CT_TGEN, ...
    'rows', [1:45], ...
    'col', PMAX, ...
    'chgtype', 1, ...
    'values', [] );
windprofile.values(:,1,:) = [
	3.1566 42.6521 88.3939 105.0867 13.9443 33.2342 29.0912 17.7799 27.7831 30.8954 57.1098 85.1965 128.2629 63.357 191.1162 72.0019 89.3357 94.6692 37.8363 70.2769 9.6971 77.5465 75.5366 85.9313 101.3548 73.2442 13.3224 1148.8292 707.4419 707.4419 600.9117 107.2443 126.121 180.8929 198.6327 301.8419 1166.3889 232.0291 475.3641 271.486 113.9163 368.6781 125.0777 221.2456 1178.5388;
	3.2995 44.5836 92.4215 118.8716 13.9293 33.018 29.2983 18.2093 26.6756 30.3533 56.1076 83.7016 126.0123 63.9867 194.3295 73.2125 90.8377 96.2609 33.9235 72.0497 9.7661 77.0419 74.6092 86.6653 103.0023 72.4113 13.2401 1216.3865 736.8764 736.8764 631.5138 107.8126 113.0782 185.4562 200.607 314.4006 1235.0033 244.2337 459.9647 275.899 118.6174 366.2794 118.221 261.788 1247.8679;
	3.4472 46.579 93.0737 65.3826 13.9767 33.4614 29.4437 18.1502 26.9494 29.2715 54.1079 80.7183 121.521 62.6314 193.0568 72.733 90.2428 95.6304 34.3614 69.7049 9.8146 78.0767 72.049 87.0168 103.8068 73.569 13.5596 1250.8202 744.688 744.688 588.7099 107.3794 114.5379 179.4205 196.3577 317.7336 1277.6778 225.9467 462.1563 278.054 119.8545 371.1989 126.9369 257.9244 1290.9869;
	3.2971 44.5516 90.9017 84.6429 14.0766 33.4225 27.7323 18.2353 27.5359 28.7136 53.0766 79.1799 119.2049 63.3034 195.5767 73.6824 91.4207 96.8787 45.6302 70.8697 9.2441 77.9857 67.2478 87.8428 103.2586 74.1257 13.5058 1247.9621 739.7809 739.7809 534.9454 97.7151 152.1005 182.4187 198.4647 315.6398 1195.7565 240.0737 456.6437 276.5855 119.1464 370.7665 150.8794 253.4785 1208.2123;
	3.2128 43.4116 92.89 120.3981 14.4793 33.6848 23.9892 18.5691 27.9263 29.3535 54.2595 80.9445 121.8615 64.2384 192.0459 72.3522 89.7703 95.1297 77.5895 70.3619 7.9964 78.5978 59.7552 89.2796 104.6622 75.1833 13.4465 1208.2209 704.8252 704.8252 514.6226 93.9845 258.6317 181.1116 201.3961 300.7254 1277.3914 232.0213 458.2689 280.3452 119.3186 373.6762 177.4284 253.077 1290.6976;
	3.5545 48.0286 90.7026 118.4688 14.2275 33.5548 28.6028 18.164 27.5604 29.5099 54.5486 81.3758 122.5109 65.2885 193.016 72.7177 90.2238 95.6103 87.5346 71.6688 9.5343 78.2944 69.3999 89.1827 103.7345 73.4237 13.432 1286.1246 745.7484 745.7484 508.6668 94.4116 291.7819 184.4756 204.6883 318.186 1206.8797 225.8254 458.148 277.8603 115.5506 372.2341 176.4403 253.1029 1219.4513;
	3.6723 49.621 91.5726 118.8022 14.1447 32.5805 30.0808 18.1065 27.5317 28.5135 52.7067 78.628 118.3741 64.67 192.1455 72.3897 89.8169 95.1791 86.1795 70.4879 10.0269 76.0211 69.6094 89.1412 102.0002 74.8826 12.933 1338.3862 782.4494 782.4494 556.1576 93.7352 287.2651 181.436 202.7493 333.8451 1260.9885 236.6073 464.3982 273.2147 118.2581 361.4261 193.0896 249.5573 1274.1238;
	3.654 49.3732 90.2106 119.1163 14.38 33.5917 29.3313 18.0445 27.6302 29.7015 54.9028 81.9042 123.3063 65.3475 193.698 72.9746 90.5426 95.9481 83.9045 69.9857 9.7771 78.3807 71.7513 88.8486 105.0567 74.2832 12.4408 1241.5826 747.6807 747.6807 534.5805 79.9913 279.6817 180.1434 204.8733 319.0104 1194.4846 235.3762 449.6675 281.4019 117.6426 372.6441 187.9676 239.3548 1206.9272;
	3.8028 51.3846 91.7679 118.295 14.3187 34.3625 31.1799 17.8105 28.2207 29.3363 54.2277 80.897 121.7901 67.1886 196.1964 73.9159 91.7104 97.1857 87.3275 69.6402 10.3933 80.1791 66.5527 88.1897 102.1062 74.1987 12.9968 1293.9028 827.2796 827.2796 596.702 78.8562 291.0917 179.2541 210.6453 352.9726 1305.3822 267.5306 459.3182 273.4987 121.0134 381.1942 179.4613 264.0878 1318.98;
	3.8204 51.6217 92.0354 118.1509 14.5521 33.8905 30.1095 17.8139 28.1328 30.0295 55.5091 82.8087 124.6681 63.701 195.0776 73.4943 91.1874 96.6315 89.8065 68.8503 10.0365 79.0777 72.4009 87.7733 101.4605 72.714 13.0104 1214.9897 760.4731 760.4731 637.8815 86.6792 299.3551 177.2208 199.7114 324.4685 1180.9425 285.7575 453.491 271.7691 120.354 375.9581 167.4529 270.131 1193.244;
	3.6835 49.7718 89.1677 116.3666 14.2298 32.337 27.4757 17.3892 26.5677 30.2648 55.9441 83.4576 125.6449 63.7147 198.0668 74.6205 92.5847 98.1122 88.5327 69.758 9.1586 75.4531 73.1944 86.7915 96.6765 71.4562 12.6723 1141.2489 714.1922 714.1922 579.3221 82.7701 295.1089 179.5572 199.7543 304.722 1075.8791 251.9647 439.4791 258.9549 118.487 358.7255 167.0322 269.886 1087.0862;
	3.5734 48.2848 86.3071 113.2019 14.0355 31.7967 25.6883 17.3681 26.6776 30.4003 56.1946 83.8312 126.2075 65.6549 192.2063 72.4126 89.8453 95.2092 90.4936 67.2423 8.5628 74.1924 73.8914 86.0914 96.6983 70.7642 12.4692 1070.601 720.512 720.512 599.6284 89.0322 301.6452 173.0819 205.8369 307.4185 1070.8999 261.4676 430.4941 259.0132 119.1829 352.7319 173.0267 264.4883 1082.0551;
	3.6328 49.0878 86.7052 111.151 14.474 32.007 28.5637 17.4671 26.6394 30.8423 57.0115 85.05 128.0423 65.7836 192.9116 72.6783 90.175 95.5586 91.5885 68.9462 9.5212 74.683 74.3734 87.2719 97.56 72.2327 12.8159 1100.1281 719.9915 719.9915 619.1925 95.668 305.295 177.4677 206.2404 307.1964 1020.5799 277.5058 434.4504 261.3214 119.5571 355.0644 152.8559 259.6928 1031.2109;
	3.6077 48.7477 86.5572 110.9135 14.3697 32.3663 28.0648 17.4119 26.5279 30.0676 55.5794 82.9136 124.826 61.3513 194.6177 73.3211 90.9725 96.4037 91.4394 69.07 9.3549 75.5214 73.8307 85.5787 91.4142 70.4568 12.6807 1121.3162 655.8172 655.8172 610.7017 93.7537 304.7981 177.7864 192.3448 279.8154 976.188 274.9432 435.3329 244.8595 114.6339 359.0505 147.1884 263.5257 986.3567;
	3.5873 48.4725 86.2472 104.6221 14.2327 32.2856 24.2743 15.6194 26.0322 30.0615 55.5682 82.8969 124.8008 66.2444 192.0531 72.3549 89.7737 95.1333 88.2754 70.2101 8.0914 75.3331 72.2429 85.5226 79.337 70.1891 12.1855 1092.9299 683.4589 683.4589 612.3304 99.9191 294.2512 180.7209 207.6852 291.6091 915.5341 286.4189 434.3587 212.5099 114.96 358.155 172.7554 244.846 925.071;
	3.7464 50.6223 87.3452 111.2528 14.6849 32.8521 25.2714 17.3621 26.4602 28.6039 52.8739 78.8775 118.7496 64.6905 195.9445 73.821 91.5927 97.0609 87.7435 69.29 8.4238 76.655 72.1319 83.0163 92.1499 71.1347 12.6029 1149.3595 658.501 658.501 547.6311 103.1878 292.4782 178.3525 202.8134 280.9604 985.2888 271.2288 435.106 246.8302 116.8829 364.4397 181.4805 248.9111 995.5522;
	3.4953 47.2296 86.5045 110.2946 14.5984 32.9211 24.6689 16.0204 26.3515 29.0114 53.6271 80.0011 120.4413 64.1685 200.9341 75.7007 93.925 99.5325 92.3194 71.2568 8.223 76.8159 72.6086 79.3294 80.4835 69.1938 10.6349 1076.6105 668.7742 668.7742 558.6087 101.4139 307.7313 183.4153 201.1769 285.3437 1036.573 263.7562 422.717 215.5807 115.8235 365.2046 181.8987 221.477 1047.3706;
	3.5883 48.4862 86.7334 109.4905 14.4774 31.6554 24.8992 14.3783 26.0085 29.8895 55.2504 82.4227 124.0869 66.3687 195.7339 73.7416 91.4942 96.9566 91.5316 70.2187 8.2997 73.8626 71.2588 66.3387 77.3358 61.1234 10.4449 1147.1182 677.0523 677.0523 550.7428 92.1459 305.1052 180.7432 208.0748 288.8756 1056.7891 272.1371 436.2843 207.1496 114.3263 351.1638 189.2207 239.5761 1067.7973;
