function windprofile = ex_wind_profilesh1
%EX_WIND_PROFILE_D  Example wind_load_nyiso profile data for deterministic unit commitment.
% 2022.03.12
% Andres F. Ramirez


%% define constants
[GEN_BUS, PG, QG, QMAX, QMIN, VG, MBASE, GEN_STATUS, PMAX, PMIN, ...
    MU_PMAX, MU_PMIN, MU_QMAX, MU_QMIN, PC1, PC2, QC1MIN, QC1MAX, ...
    QC2MIN, QC2MAX, RAMP_AGC, RAMP_10, RAMP_30, RAMP_Q, APF] = idx_gen;
[CT_LABEL, CT_PROB, CT_TABLE, CT_TBUS, CT_TGEN, CT_TBRCH, CT_TAREABUS, ...
    CT_TAREAGEN, CT_TAREABRCH, CT_ROW, CT_COL, CT_CHGTYPE, CT_REP, ...
    CT_REL, CT_ADD, CT_NEWVAL, CT_TLOAD, CT_TAREALOAD, CT_LOAD_ALL_PQ, ...
    CT_LOAD_FIX_PQ, CT_LOAD_DIS_PQ, CT_LOAD_ALL_P, CT_LOAD_FIX_P, ...
    CT_LOAD_DIS_P, CT_TGENCOST, CT_TAREAGENCOST, CT_MODCOST_F, ...
    CT_MODCOST_X] = idx_ct;

windprofile = struct( ...
    'type', 'mpcData', ...
    'table', CT_TGEN, ...
    'rows', [1:45], ...
    'col', PMAX, ...
    'chgtype', 1, ...
    'values', [] );
windprofile.values(:,1,:) = [
	3.8711 52.3076 90.6165 109.1763 14.9695 32.9327 29.247 18.0182 27.4571 29.6389 54.7871 81.7316 123.0465 66.4987 194.457 73.2605 90.8973 96.324 37.8511 70.2801 9.749 76.8429 72.9876 87.171 101.2319 72.1291 13.5725 1207.5979 691.7614 691.7614 614.1517 106.3877 126.1703 180.9012 208.4825 295.1515 1166.205 234.8041 477.4964 271.1569 119.6157 365.3331 148.5403 281.1929 1178.353;
	3.8993 52.6882 91.4995 116.5088 15.3432 33.3632 30.8874 18.2332 27.6588 28.5088 52.6981 78.6152 118.3547 68.9223 194.3877 73.2344 90.8649 96.2897 34.7529 71.6864 10.2958 77.8474 68.9909 86.8645 101.2539 71.2228 13.2459 1236.6481 745.6583 745.6583 633.1989 112.7022 115.8431 184.5209 216.0807 318.1475 1211.0954 249.6723 475.3564 271.2157 122.3466 370.1087 151.1315 282.1408 1223.711;
	3.7923 51.2422 88.4544 46.1714 14.3905 31.9889 30.4512 17.7025 27.0637 26.9369 49.7924 74.2805 111.8288 68.6387 201.6015 75.9522 94.237 99.8631 33.0263 70.7957 10.1504 74.6408 68.3435 86.173 100.5327 70.8009 13.425 1228.6349 724.5066 724.5066 609.1131 110.6058 110.0876 182.2284 215.1916 309.1228 1227.0898 243.3664 465.8828 269.2839 122.3403 354.8639 136.0001 272.6801 1239.872;
	3.683 49.7648 87.514 73.1106 14.1542 32.3389 30.3064 17.9617 27.4053 28.5661 52.804 78.7732 118.5926 68.1415 204.2764 76.96 95.4874 101.1881 46.9595 71.8736 10.1021 75.4573 62.5306 84.7947 98.4552 72.0276 13.3405 1256.6999 736.8424 736.8424 585.5341 102.3582 156.5317 185.003 213.6328 314.3861 1154.7258 251.7479 466.8547 263.7192 121.7833 358.7457 172.2601 266.6376 1166.7542;
	3.4639 46.8045 87.9874 101.76 14.3587 31.4999 24.8357 18.2106 26.3509 28.4913 52.6657 78.5669 118.282 66.466 202.606 76.3306 94.7065 100.3607 83.7098 70.1769 8.2786 73.4997 48.4428 84.4282 100.3042 71.9237 13.3522 1183.3286 666.1643 666.1643 553.1059 100.1598 279.0326 180.6355 208.38 284.2301 1199.6222 250.6859 449.9393 268.6721 120.6302 349.4385 184.1268 265.6199 1212.1183;
	3.7243 50.324 89.9986 110.9367 14.9647 32.4674 29.1182 18.307 27.3073 29.4115 54.3668 81.1046 122.1025 66.3202 205.0931 77.2676 95.8691 101.5926 92.4717 72.6955 9.7061 75.7573 68.2065 85.584 103.2734 71.5277 13.5045 1189.0373 710.6275 710.6275 511.9532 95.7831 308.2391 187.1185 207.9228 303.2011 1084.5765 236.1093 460.6779 276.6253 118.3018 360.172 195.2318 273.3487 1095.8741;
	3.721 50.279 90.0849 110.4327 14.2778 31.4998 29.2212 18.0532 26.5619 28.8761 53.3771 79.6281 119.8797 64.8546 204.5771 77.0732 95.6279 101.337 92.0189 71.2253 9.7404 73.4996 72.1929 85.1869 101.3248 73.8007 13.1676 1147.7436 707.8104 707.8104 552.6423 89.3961 306.7296 183.334 203.3279 301.9991 1056.5431 239.9977 460.8364 271.4056 119.7033 349.4382 199.2371 268.0443 1067.5488;
	3.8928 52.6007 91.8041 116.9923 14.9243 33.6817 30.5605 18.8127 28.0843 30.4431 56.2736 83.9492 126.385 68.6002 205.1748 77.2984 95.9073 101.6331 92.6091 72.1428 10.1868 78.5907 73.9632 87.9681 106.2075 74.4092 13.5721 1204.4387 759.4105 759.4105 581.6897 80.7412 308.6971 185.6958 215.0708 324.0152 1177.421 242.3239 479.8236 284.4843 120.695 373.6429 202.4882 267.7364 1189.6858;
	3.9255 53.0415 93.3784 120.249 15.3212 35.0029 30.5783 18.422 28.2286 30.743 56.828 84.7762 127.6302 69.7063 204.6499 77.1006 95.6619 101.3731 92.9541 72.2317 10.1928 81.6734 74.3606 88.4431 106.3244 74.6399 13.7915 1184.8114 810.2734 810.2734 626.3231 74.3828 309.8469 185.9247 218.5386 345.7167 1226.4736 282.4301 479.6451 284.7975 122.5996 388.2986 200.5846 282.2263 1239.2494;
	3.926 53.0487 93.6155 117.3905 15.4071 35.067 30.463 18.8419 28.2764 31.0467 57.3893 85.6136 128.8908 69.4614 201.5301 75.9253 94.2036 99.8277 92.6345 70.3008 10.1543 81.823 75.5358 87.9183 106.0564 76.2033 13.9243 1173.8663 752.8869 752.8869 658.8686 86.7979 308.7816 180.9545 217.7709 321.2318 1141.936 298.0618 479.0063 284.0797 123.9321 389.0101 184.5134 279.5905 1153.8311;
	3.9214 52.9869 94.481 118.119 15.4198 34.8976 29.4451 18.8434 28.4536 31.5232 58.2701 86.9276 130.869 69.3185 204.8063 77.1596 95.735 101.4506 92.6373 73.1742 9.815 81.4277 75.8266 88.3775 106.1738 75.916 13.7253 1168.9409 771.5641 771.5641 655.0923 88.0856 308.7909 188.3507 217.3228 329.2007 1085.4603 299.3323 479.1431 284.3941 123.1337 387.1306 191.2237 277.2073 1096.7672;
	3.7962 51.2953 91.5067 114.8665 15.3061 33.4032 27.3783 18.3006 27.9044 30.2303 55.8803 83.3624 125.5016 68.1658 198.2102 74.6745 92.6517 98.1832 90.4411 70.2945 9.1261 77.9409 73.5046 85.4672 103.7241 74.3571 13.3337 1007.4851 726.7945 726.7945 621.8717 93.5373 301.4703 180.9382 213.7091 310.099 1011.9923 288.9663 477.6087 277.8324 121.0093 370.5532 185.8785 269.2107 1022.5339;
	3.9082 52.8089 91.9384 116.6513 15.3488 33.025 29.9193 18.7519 28.269 31.3269 57.9074 86.3864 130.0543 69.3868 200.8378 75.6645 93.88 99.4848 90.2816 71.3851 9.9731 77.0583 75.0644 87.6446 103.5681 72.3774 13.761 1081.9257 774.2052 774.2052 686.7697 100.833 300.9386 183.7453 217.5371 330.3276 1016.409 305.2147 477.5468 277.4147 122.3698 366.3571 168.9626 263.7645 1026.9966;
	3.8524 52.0548 93.3862 118.2902 15.3471 33.5639 29.7457 18.9307 28.2266 31.392 58.0277 86.5659 130.3245 69.8949 202.7661 76.3909 94.7814 100.4399 92.6336 72.3111 9.9152 78.3157 75.5604 87.3936 102.6395 74.2516 13.5281 1041.1319 747.4438 747.4438 708.6429 100.1546 308.7788 186.1288 219.1299 318.9093 1017.3276 319.2174 477.1842 274.9273 121.3623 372.3352 165.1549 269.0821 1027.9248;
	3.8815 52.4474 93.5095 115.8793 15.0688 33.3994 26.4825 19.0181 28.3462 31.3042 57.8653 86.3237 129.9598 69.5775 203.8342 76.7933 95.2806 100.969 92.8186 72.6855 8.8275 77.9319 74.4549 88.9901 103.3564 73.1243 13.7372 970.9903 725.1108 725.1108 682.8698 100.0162 309.3953 187.0926 218.1348 309.3806 887.9427 327.2592 478.8623 276.8474 119.3478 370.5104 177.5789 266.663 897.1921;
	3.8327 51.7888 94.2235 117.3317 14.9612 34.2819 27.1148 18.869 27.6148 30.808 56.9481 84.9554 127.8998 69.8608 201.6515 75.971 94.2603 99.8878 90.3953 72.1465 9.0383 79.991 73.4426 87.7313 103.6101 73.5955 13.8147 1109.0171 754.0705 754.0705 684.8973 106.2326 301.3177 185.7053 219.0231 321.7367 1046.301 314.0614 473.0224 277.527 117.6166 380.3003 180.434 269.5617 1057.2;
	3.6617 49.4773 93.7747 118.2882 14.81 34.6464 25.4705 18.0246 27.4316 30.9988 57.3008 85.4815 128.692 69.6722 199.3209 75.093 93.1709 98.7334 90.3683 72.8075 8.4902 80.8415 73.3264 88.6627 101.1268 72.5403 12.8318 1088.5615 747.0691 747.0691 685.9343 103.0696 301.2276 187.4066 218.4318 318.7495 1099.1069 302.8554 461.3207 270.8753 120.2836 384.3438 190.1793 250.8486 1110.5559;
	3.9111 52.8477 94.2293 115.9208 15.2826 33.8902 25.7121 13.871 27.8237 30.9261 57.1663 85.2809 128.39 69.3349 191.4104 72.1128 89.4732 94.8149 88.0539 69.559 8.5707 79.0772 71.3948 86.7126 97.7104 63.8284 11.3162 1195.7188 735.1689 735.1689 683.04 94.591 293.513 179.0449 217.3744 313.672 1131.1682 299.3521 456.6627 261.7244 121.7654 375.9557 192.5853 259.9444 1142.9512;
