function windprofile = ex_wind_profilesh1
%EX_WIND_PROFILE_D  Example wind_load_nyiso profile data for deterministic unit commitment.
% 2022.03.12
% Andres F. Ramirez


%% define constants
[GEN_BUS, PG, QG, QMAX, QMIN, VG, MBASE, GEN_STATUS, PMAX, PMIN, ...
    MU_PMAX, MU_PMIN, MU_QMAX, MU_QMIN, PC1, PC2, QC1MIN, QC1MAX, ...
    QC2MIN, QC2MAX, RAMP_AGC, RAMP_10, RAMP_30, RAMP_Q, APF] = idx_gen;
[CT_LABEL, CT_PROB, CT_TABLE, CT_TBUS, CT_TGEN, CT_TBRCH, CT_TAREABUS, ...
    CT_TAREAGEN, CT_TAREABRCH, CT_ROW, CT_COL, CT_CHGTYPE, CT_REP, ...
    CT_REL, CT_ADD, CT_NEWVAL, CT_TLOAD, CT_TAREALOAD, CT_LOAD_ALL_PQ, ...
    CT_LOAD_FIX_PQ, CT_LOAD_DIS_PQ, CT_LOAD_ALL_P, CT_LOAD_FIX_P, ...
    CT_LOAD_DIS_P, CT_TGENCOST, CT_TAREAGENCOST, CT_MODCOST_F, ...
    CT_MODCOST_X] = idx_ct;

windprofile = struct( ...
    'type', 'mpcData', ...
    'table', CT_TGEN, ...
    'rows', [1:45], ...
    'col', PMAX, ...
    'chgtype', 1, ...
    'values', [] );
windprofile.values(:,1,:) = [
	3.9139 52.8855 95.3029 115.816 15.4052 34.5635 27.2878 18.8981 27.0394 30.0667 55.5779 82.9113 124.8225 68.0984 196.9406 74.1962 92.0583 97.5543 41.2663 70.8447 9.0959 80.6483 72.3784 89.7807 106.6691 74.6858 13.5171 1167.9776 709.4569 709.4569 568.0024 95.8251 137.5543 182.3544 213.4978 302.7016 1163.6118 216.9834 465.9838 285.7209 121.6045 383.425 157.293 279.3645 1175.7328;
	3.8937 52.6118 94.4879 118.3191 15.3704 33.9163 28.3285 18.1996 27.1313 29.5922 54.7008 81.6028 122.8526 68.3833 192.6256 72.5706 90.0413 95.4169 35.2237 71.6577 9.4428 79.138 69.6215 87.2124 103.0822 71.3814 12.8598 1210.0274 741.9108 741.9108 586.6331 99.302 117.4124 184.4472 214.391 316.5486 1200.8882 219.8836 464.6221 276.1129 120.1578 376.2447 145.7713 271.5539 1213.3975;
	3.8766 52.3807 94.0582 64.1306 15.3127 34.6183 28.5798 17.729 27.2385 29.3121 54.1829 80.8303 121.6895 66.7271 197.3709 74.3584 92.2594 97.7675 34.3533 71.7391 9.5266 80.7761 69.2865 87.9126 104.282 71.6623 12.9758 1187.8374 694.9118 694.9118 552.6528 103.9907 114.5111 184.6566 209.1984 296.4957 1197.8141 218.3721 461.8709 279.3269 120.7792 384.0325 141.8631 269.5871 1210.2913;
	3.8984 52.6766 94.2564 84.5352 15.3343 34.5531 26.5814 17.7826 26.9767 28.8194 53.2722 79.4716 119.6441 63.6582 199.4769 75.1518 93.2438 98.8106 43.0956 72.4192 8.8605 80.6239 57.5522 88.4758 103.1333 73.1045 13.3224 1211.4115 682.229 682.229 508.3035 87.5045 143.652 186.4072 199.5771 291.0844 1072.5355 227.1186 453.9619 276.2499 120.9137 383.3092 173.9683 267.6114 1083.7078;
	3.7067 50.086 94.4862 117.7468 15.3616 33.9497 21.5248 18.0547 26.8847 30.2247 55.8699 83.3469 125.4783 63.7114 191.1297 72.007 89.342 94.6759 78.4539 70.8514 7.1749 79.2159 58.5721 89.3252 104.1828 73.6916 13.3992 1163.6137 605.4663 605.4663 476.8853 91.5998 261.5131 182.3717 199.744 258.3323 1094.9706 226.799 452.0114 279.061 121.434 376.6151 186.3847 270.9752 1106.3765;
	3.9136 52.8807 94.284 115.0573 15.3936 33.9249 25.7791 17.9788 27.7919 30.8134 56.9581 84.9702 127.9222 67.9633 194.1162 73.1321 90.738 96.1552 88.3976 71.86 8.593 79.158 71.7394 88.6466 104.9691 75.2451 13.5656 1193.6493 623.5627 623.5627 453.9613 86.6474 294.6586 184.9678 213.0743 266.0534 1024.3978 209.0365 452.1462 281.1673 122.2196 376.3399 194.3754 277.3149 1035.0686;
	3.7834 51.1214 89.4853 109.8952 14.9619 32.7824 25.8627 15.828 27.0146 29.9077 55.284 82.4728 124.1623 68.6273 193.7033 72.9766 90.5451 95.9507 88.0623 71.6321 8.6209 76.4922 73.0313 85.0874 99.0064 74.7925 12.9608 1176.3168 667.6557 667.6557 505.6332 89.3799 293.5411 184.3812 215.1559 284.8664 1045.8651 231.4742 449.575 265.1958 119.0836 363.6658 192.9284 266.9241 1056.7596;
	3.8998 52.6953 90.045 110.7236 14.9153 33.7154 26.8305 17.7279 26.6254 29.5356 54.5962 81.4468 122.6176 69.0187 196.3713 73.9818 91.7922 97.2723 87.8409 71.6591 8.9435 78.6692 73.0295 85.3182 103.0773 74.613 13.083 1076.1152 647.4327 647.4327 513.4802 75.6458 292.803 184.4508 216.3829 276.238 983.4276 226.7336 459.1459 276.1 121.801 374.0156 190.2984 265.4682 993.6717;
	3.8849 52.4937 92.1252 116.1423 15.3514 34.6015 27.7183 17.107 27.1461 30.6175 56.5961 84.4302 127.1092 69.8385 198.0997 74.6329 92.6001 98.1285 89.365 70.8106 9.2394 80.7368 73.7645 86.9981 102.1753 73.0301 13.0104 1197.306 744.4749 744.4749 599.6309 74.5705 297.8834 182.2668 218.9533 317.6426 1165.8984 271.148 464.7375 273.6837 121.2927 383.846 177.1006 272.8233 1178.0432;
	3.7752 51.011 90.3999 110.7729 15.3517 32.8265 26.0125 17.166 23.8156 28.16 52.0533 77.6533 116.9067 69.151 183.7018 69.2086 85.8699 90.9965 86.4723 68.1234 8.6708 76.5951 70.0097 87.4927 100.3075 72.3597 12.9228 1181.7789 685.0898 685.0898 670.7409 86.7492 288.2409 175.3498 216.7977 292.305 1121.7945 295.6369 444.9434 268.6807 121.9039 364.1552 154.2351 264.268 1133.4798;
	3.8067 51.4367 90.4685 114.2085 15.3182 32.9927 23.9629 17.606 25.9641 29.8115 55.1062 82.2076 123.7631 68.7969 195.9757 73.8327 91.6072 97.0763 89.1143 71.1102 7.9876 76.983 73.3213 89.2913 101.4604 73.5318 12.8617 1167.0284 694.9557 694.9557 652.1443 87.3549 297.0475 183.0378 215.6875 296.5144 1059.9265 300.9807 459.0128 271.7689 122.7505 365.9991 164.0121 263.4037 1070.9674;
	3.7643 50.8641 87.7898 109.8832 15.0217 33.2889 22.1166 17.264 24.1886 28.1856 52.1006 77.7239 117.0129 68.1912 192.5823 72.5543 90.021 95.3954 86.8698 69.2425 7.3722 77.674 71.3639 87.0993 98.223 70.8959 12.2139 1139.0449 666.2881 666.2881 628.2521 93.0467 289.5659 178.2304 213.7888 284.2829 1093.2757 291.7158 447.7474 263.0974 122.9117 369.2844 176.7956 259.4595 1104.664;
	3.8148 51.546 91.7418 111.6557 15.2758 33.9282 24.1493 17.6796 25.7289 29.6572 54.8209 81.782 123.1224 68.954 193.736 72.9889 90.5603 95.9669 88.1912 70.4776 8.0498 79.1659 73.3631 89.6978 102.5165 75.0759 12.9548 1101.7608 673.5809 673.5809 617.1805 98.518 293.9707 181.4096 216.1803 287.3945 977.1671 285.6571 442.2224 274.5977 123.3901 376.3771 154.0942 260.6822 987.3459;
	3.7679 50.9124 90.4535 112.4204 14.9662 33.7446 24.3541 18.2644 26.4086 30.4067 56.2063 83.8488 126.2339 67.0157 198.6314 74.8332 92.8486 98.3918 91.7156 72.8544 8.118 78.7375 74.1587 89.4345 102.8632 75.6044 13.1008 1066.371 621.7444 621.7444 643.7118 100.2132 305.7185 187.5273 210.1033 265.2776 971.7364 300.5318 447.3406 275.5264 123.3564 374.3405 144.6047 269.8556 981.8587;
	3.8884 52.5412 93.2968 114.1988 15.1596 34.3684 22.996 18.2454 27.6361 31.0615 57.4168 85.6545 128.9524 67.5266 201.2849 75.8329 94.089 99.7062 91.1319 72.3772 7.6653 80.193 73.5443 90.1387 104.6626 74.7706 13.111 1061.5498 621.1956 621.1956 632.6016 98.245 303.7729 186.299 211.7049 265.0435 893.6411 313.8885 461.9813 280.3463 122.2515 381.2602 177.7954 260.7395 902.9499;
	3.8498 52.0191 89.9289 111.3102 15.2206 34.3642 24.1163 17.414 26.6992 30.1484 55.7288 83.1364 125.1614 66.5898 204.7346 77.1326 95.7015 101.4151 90.0706 73.5572 8.0388 80.1832 73.9544 86.6135 98.7609 73.9151 12.8695 1161.8747 656.0859 656.0859 626.7584 106.1841 300.2353 189.3363 208.7679 279.93 994.2828 300.1829 456.8776 264.5381 122.8597 381.2138 182.4542 250.532 1004.6399;
	3.6476 49.2869 89.0963 113.5422 14.7898 34.5248 21.8674 15.158 25.8584 30.3078 56.0235 83.5761 125.8234 64.9818 202.6227 76.3369 94.7143 100.3689 89.6631 73.1493 7.2891 80.5579 73.3313 86.3764 96.49 70.8746 10.4169 1144.1103 625.0783 625.0783 596.8243 100.3278 298.8769 188.2864 203.7268 266.7001 1038.7308 276.3316 441.8021 258.4553 118.6231 382.9951 189.3786 219.0657 1049.5509;
	3.8432 51.9303 92.7595 116.0066 14.7454 34.2578 22.5477 14.3803 26.3314 30.1121 55.6618 83.0364 125.0108 67.0918 199.2989 75.0847 93.1606 98.7225 88.0313 71.887 7.5159 79.9349 74.6562 88.2623 99.4289 69.5408 10.9226 1233.3302 605.0748 605.0748 612.5505 95.9171 293.4375 185.0372 210.3419 258.1652 1071.5594 274.2264 444.3462 266.3275 117.8666 380.0333 204.207 240.1061 1082.7215;
