function loadprofile = ex_load_profilesh1
%EX_LOAD_PROFILE  Example load profile data file for stochastic unit commitment.
% 2022.03.12
% Andres F. Ramirez

%% define constants
[CT_LABEL, CT_PROB, CT_TABLE, CT_TBUS, CT_TGEN, CT_TBRCH, CT_TAREABUS, ...
    CT_TAREAGEN, CT_TAREABRCH, CT_ROW, CT_COL, CT_CHGTYPE, CT_REP, ...
    CT_REL, CT_ADD, CT_NEWVAL, CT_TLOAD, CT_TAREALOAD, CT_LOAD_ALL_PQ, ...
    CT_LOAD_FIX_PQ, CT_LOAD_DIS_PQ, CT_LOAD_ALL_P, CT_LOAD_FIX_P, ...
    CT_LOAD_DIS_P, CT_TGENCOST, CT_TAREAGENCOST, CT_MODCOST_F, ...
    CT_MODCOST_X] = idx_ct;

loadprofile = struct( ...
    'type', 'mpcData', ...
    'table', CT_TAREALOAD, ...
    'rows', [1:11], ...
    'col', CT_LOAD_ALL_P, ...
    'chgtype', 1, ...
    'values', [] );
loadprofile.values(:,1,:) = [
	1480.035 878.4934 1523.3764 505.4419 730.6957 1047.1547 843.553 240.9146 471.0 4412.0834 1655.5695;
	1435.2963 861.9278 1480.8199 508.5477 705.8333 1058.166 839.2871 241.3 446.2482 4405.4336 1638.1855;
	1474.2031 901.2 1552.2277 517.6723 730.9444 1076.3489 842.9006 243.2921 467.8966 4396.2604 1673.3586;
	1564.1317 969.0064 1670.8379 543.8569 783.5442 1157.5677 885.3416 263.8 507.8828 4643.9844 1769.4733;
	1716.7484 1115.0853 1887.3138 572.3803 912.0 1299.3636 990.6608 310.3718 584.9662 5223.1 2028.0445;
	1869.8467 1207.8 2043.6006 590.9 1003.6977 1366.7864 1067.6 343.5776 652.6323 5759.0021 2204.4064;
	1844.3586 1207.8957 2029.1087 564.7306 997.5269 1344.6221 1092.5637 346.5568 687.7538 6135.9032 2258.9349;
	1846.4646 1218.3329 2043.6399 560.8643 1003.7552 1323.6891 1113.1018 339.8139 689.7958 6283.1364 2214.4432;
	1880.1825 1221.8181 2067.6952 587.4086 999.7662 1326.1073 1116.635 333.974 687.909 6284.2502 2122.6019;
	1913.0622 1220.4841 2061.1777 562.1821 968.1531 1335.819 1097.0821 307.2496 686.4332 6216.7758 2028.7672;
	1891.8771 1212.7509 2007.7105 567.9717 974.0094 1356.7727 1117.8521 332.663 681.5034 6304.7612 2027.5;
	1905.11 1219.5051 2007.7772 557.7881 988.4407 1321.8368 1141.3449 336.3557 678.4637 6318.9016 2128.6241;
	1866.5592 1190.2932 1961.7545 549.842 959.3245 1237.9858 1058.3889 322.5 659.6739 6175.3841 2034.8;
	1816.3411 1178.5123 1951.7892 535.9981 983.2 1245.7414 1051.1319 311.2 667.7861 6215.2325 2072.254;
	1834.9254 1204.0507 1990.4953 554.1433 1007.4154 1315.5052 1114.3662 333.6384 679.1271 6339.4894 2178.8;
	1856.4111 1226.4 2013.8 571.2443 1034.5126 1359.2562 1101.4147 361.4718 695.82 6341.9688 2295.7191;
	1822.3015 1237.332 2011.1401 587.5326 1044.1533 1415.3815 1122.9233 375.3598 705.6652 6204.2606 2408.9236;
	1890.1011 1266.3021 2014.8869 599.1131 1042.2003 1405.5555 1143.2431 402.5 715.4499 6133.8148 2480.7496;
	1918.1271 1251.9794 2042.3389 589.4 1035.5613 1427.1472 1134.5756 384.4249 686.403 5942.3416 2453.0379;
	1857.9777 1178.0478 1952.6061 586.4108 1012.6294 1345.7228 1122.5151 383.4685 688.3721 5924.3644 2395.1387;
	1806.8571 1103.9361 1817.4183 568.5 938.5129 1240.3407 1022.9003 346.6 625.3592 5612.7432 2195.4926;
	1637.5823 1017.3697 1673.2749 550.8217 852.0649 1166.1643 936.8206 303.4231 564.5103 5154.3927 1931.6032;
	1596.9127 993.2041 1700.5562 551.5 846.9563 1148.5568 931.9566 307.105 549.5465 5073.4816 1936.6447;
	1595.5453 964.1 1694.4126 537.8322 833.0757 1120.0897 907.2426 279.4 533.1973 4799.001 1896.265;
];
