function solarprofile = ex_solar_profilesh1
%EX_WIND_PROFILE_D  Example wind_load_nyiso profile data for deterministic unit commitment.
% 2022.03.12
% Andres F. Ramirez


%% define constants
[GEN_BUS, PG, QG, QMAX, QMIN, VG, MBASE, GEN_STATUS, PMAX, PMIN, ...
    MU_PMAX, MU_PMIN, MU_QMAX, MU_QMIN, PC1, PC2, QC1MIN, QC1MAX, ...
    QC2MIN, QC2MAX, RAMP_AGC, RAMP_10, RAMP_30, RAMP_Q, APF] = idx_gen;
[CT_LABEL, CT_PROB, CT_TABLE, CT_TBUS, CT_TGEN, CT_TBRCH, CT_TAREABUS, ...
    CT_TAREAGEN, CT_TAREABRCH, CT_ROW, CT_COL, CT_CHGTYPE, CT_REP, ...
    CT_REL, CT_ADD, CT_NEWVAL, CT_TLOAD, CT_TAREALOAD, CT_LOAD_ALL_PQ, ...
    CT_LOAD_FIX_PQ, CT_LOAD_DIS_PQ, CT_LOAD_ALL_P, CT_LOAD_FIX_P, ...
    CT_LOAD_DIS_P, CT_TGENCOST, CT_TAREAGENCOST, CT_MODCOST_F, ...
    CT_MODCOST_X] = idx_ct;

solarprofile = struct( ...
    'type', 'mpcData', ...
    'table', CT_TGEN, ...
    'rows', [1:12], ...
    'col', PMAX, ...
    'chgtype', 1, ...
    'values', [] );
solarprofile.values(:,1,:) = [
	0.0 0.0 0.0 0.0 0.0 0.0 0.0 0.0 0.0 0.0 0.0 0.0;
	0.0 0.0 0.0 0.0 0.0 0.0 0.0 0.0 0.0 0.0 0.0 0.0;
	0.0 0.0 0.0 0.0 0.0 0.0 0.0 0.0 0.0 0.0 0.0 0.0;
	0.0 0.0 0.0 0.0 0.0 0.0 0.0 0.0 0.0 0.0 0.0 0.0;
	0.0 0.0 0.0 0.0 0.0 0.0 0.0 0.0 0.0 0.0 0.0 0.0;
	0.0 0.0 0.002 0.0 0.0 0.0 0.0 0.0 0.0 0.0 0.0 0.0;
	2.8289 3.6192 2.8622 3.9592 5.0257 204.0973 25.5122 46.501 160.7754 71.4361 41.5477 129.3712;
	12.1154 9.6984 7.8665 6.9501 11.2155 378.0846 47.2606 77.2777 255.9349 193.1851 113.8413 349.8594;
	22.769 16.4394 13.7582 10.2029 12.5723 419.0744 52.3843 79.678 263.391 298.7191 160.3675 540.982;
	26.3393 16.6083 13.8 11.3743 12.2896 441.2724 55.1591 77.4417 269.731 261.2545 186.0183 473.1335;
	26.2449 16.6083 13.8 11.7535 12.826 445.6572 55.7072 75.3068 241.2664 281.4034 211.8407 509.6233;
	23.4748 16.4567 13.0754 11.6824 12.9314 442.0682 55.2585 74.8481 209.314 273.6341 216.1788 495.553;
	22.4068 15.1439 10.8689 11.4517 12.9139 421.2067 52.6508 75.6856 207.6882 141.144 174.0356 255.6127;
	20.4396 16.0673 12.2662 9.8785 12.1789 416.0313 52.0039 76.8035 209.7166 135.2495 154.8891 244.9377;
	16.997 13.5369 9.6744 4.0124 10.6866 390.2676 48.7835 74.0521 196.7057 127.0973 134.9556 230.174;
	9.0591 7.8549 5.8307 3.279 3.4083 166.957 20.8696 44.7276 75.6538 170.9908 108.4653 309.6654;
	0.7314 0.6541 0.393 1.336 2.4454 44.3539 5.5442 8.6156 19.5882 24.3348 19.4739 44.0704;
	0.0 0.0 0.0 0.0 0.0 0.0 0.0 0.0 0.0 0.0 0.0 0.0;
	0.0 0.0 0.0 0.0 0.0 0.0 0.0 0.0 0.0 0.0 0.0 0.0;
	0.0 0.0 0.0 0.0 0.0 0.0 0.0 0.0 0.0 0.0 0.0 0.0;
	0.0 0.0 0.0 0.0 0.0 0.0 0.0 0.0 0.0 0.0 0.0 0.0;
	0.0 0.0 0.0 0.0 0.0 0.0 0.0 0.0 0.0 0.0 0.0 0.0;
	0.0 0.0 0.0 0.0 0.0 0.0 0.0 0.0 0.0 0.0 0.0 0.0;
	0.0 0.0 0.0 0.0 0.0 0.0 0.0 0.0 0.0 0.0 0.0 0.0;
];
