function windprofile = ex_wind_profilesh1
%EX_WIND_PROFILE_D  Example wind_load_nyiso profile data for deterministic unit commitment.
% 2022.03.12
% Andres F. Ramirez


%% define constants
[GEN_BUS, PG, QG, QMAX, QMIN, VG, MBASE, GEN_STATUS, PMAX, PMIN, ...
    MU_PMAX, MU_PMIN, MU_QMAX, MU_QMIN, PC1, PC2, QC1MIN, QC1MAX, ...
    QC2MIN, QC2MAX, RAMP_AGC, RAMP_10, RAMP_30, RAMP_Q, APF] = idx_gen;
[CT_LABEL, CT_PROB, CT_TABLE, CT_TBUS, CT_TGEN, CT_TBRCH, CT_TAREABUS, ...
    CT_TAREAGEN, CT_TAREABRCH, CT_ROW, CT_COL, CT_CHGTYPE, CT_REP, ...
    CT_REL, CT_ADD, CT_NEWVAL, CT_TLOAD, CT_TAREALOAD, CT_LOAD_ALL_PQ, ...
    CT_LOAD_FIX_PQ, CT_LOAD_DIS_PQ, CT_LOAD_ALL_P, CT_LOAD_FIX_P, ...
    CT_LOAD_DIS_P, CT_TGENCOST, CT_TAREAGENCOST, CT_MODCOST_F, ...
    CT_MODCOST_X] = idx_ct;

windprofile = struct( ...
    'type', 'mpcData', ...
    'table', CT_TGEN, ...
    'rows', [1:45], ...
    'col', PMAX, ...
    'chgtype', 1, ...
    'values', [] );
windprofile.values(:,1,:) = [
	3.7133 50.1749 88.0483 112.3106 14.0823 32.9465 27.5977 18.6275 27.2757 31.0191 57.3384 85.5376 128.7764 67.4045 202.8348 76.4168 94.8135 100.474 37.7975 73.0912 9.1992 76.8752 74.125 86.3028 103.3219 74.6709 13.5061 1121.0251 717.744 717.744 662.3723 106.8738 125.9918 188.1368 211.3221 306.2375 1143.5401 233.8787 447.1477 276.755 119.2827 365.4868 151.4231 261.2302 1155.452;
	3.7989 51.3312 92.635 120.0705 14.3494 33.3609 28.7371 18.9057 27.2884 30.8768 57.0754 85.1452 128.1857 66.7069 201.4684 75.902 94.1748 99.7971 34.4359 73.4 9.579 77.842 73.3239 87.189 104.6289 73.7868 13.5755 1088.4135 736.995 736.995 646.4459 108.5954 114.7864 188.9318 209.1351 314.4512 1136.664 241.3197 450.4606 280.256 120.6549 370.0833 149.7215 272.017 1148.5042;
	3.8171 51.5769 92.0565 65.271 14.0966 32.7556 28.3328 18.1023 27.2041 30.5863 56.5383 84.3441 126.9795 63.9515 204.1019 76.8942 95.4058 101.1017 36.2989 73.192 9.4443 76.4298 72.7749 86.3973 103.1938 74.7019 13.7112 1114.5005 687.8636 687.8636 582.6282 107.5605 120.9965 188.3965 200.4965 293.4885 1103.7764 219.4936 448.5399 276.412 120.0607 363.3691 142.1073 269.7936 1115.274;
	3.8286 51.7326 89.0452 80.9396 14.2549 33.0052 27.8817 18.3314 27.615 30.0883 55.6179 82.9709 124.9122 64.7085 203.1028 76.5178 94.9387 100.6067 43.9643 71.8456 9.2939 77.0121 67.1058 85.0004 102.3923 76.1612 13.5596 1157.8832 688.1557 688.1557 537.1134 92.3956 146.5478 184.9308 202.8698 293.6131 1086.7796 232.4438 451.8927 274.2651 119.2442 366.1373 179.6171 268.0682 1098.1003;
	3.5756 48.3149 89.5363 114.786 14.048 31.9264 22.8744 18.4637 27.1472 30.933 57.1792 85.3001 128.4188 64.788 193.7299 72.9866 90.5575 95.9639 80.974 69.8711 7.6248 74.4949 60.2114 85.476 103.7492 76.1621 13.5095 1083.742 654.5148 654.5148 549.3367 92.4936 269.9132 179.8484 203.1192 279.2597 1089.5938 240.7812 455.5798 277.8995 119.3786 354.1699 185.5941 268.4577 1100.9437;
	3.703 50.0357 89.7303 115.8645 14.2754 32.0385 27.718 18.6474 27.5573 30.5387 56.4504 84.2129 126.782 66.5178 196.6253 74.0774 91.9109 97.3981 88.449 70.9706 9.2393 74.7564 69.497 86.2384 105.4793 76.3568 13.6969 1188.9932 686.3969 686.3969 496.632 96.6858 294.83 182.6784 208.5423 292.8627 1067.3417 222.2 460.1428 282.5338 118.188 355.4135 188.0172 274.1157 1078.4598;
	3.7664 50.8924 93.7151 117.4861 14.907 33.0551 28.1253 18.9273 27.9777 30.2531 55.9224 83.4252 125.5962 67.3386 196.9113 74.1852 92.0446 97.5398 89.8438 70.3346 9.3751 77.1286 73.3913 87.2595 105.3561 76.6593 13.75 1214.7643 699.4056 699.4056 558.2308 91.0821 299.4794 181.0414 211.1157 298.4131 1088.3462 248.7442 461.8322 282.2039 117.4764 366.6914 201.0035 268.4489 1099.6831;
	3.7391 50.5229 90.6141 118.3533 14.872 32.1141 28.8821 18.603 27.8824 30.2749 55.9626 83.4852 125.6866 68.6752 199.8086 75.2767 93.3989 98.9749 90.3047 71.0018 9.6274 74.933 73.6602 86.3386 106.1161 76.1162 13.5736 1154.8664 692.7161 692.7161 559.6339 84.3233 301.0158 182.7589 215.3059 295.5589 1120.0434 253.6151 468.3683 284.2397 112.4977 356.2527 192.1043 256.297 1131.7105;
	3.7544 50.7295 93.416 120.7368 14.8849 32.4941 29.9145 18.9033 28.3662 30.8337 56.9956 85.0262 128.0065 69.5635 198.1981 74.67 92.6461 98.1772 91.8719 69.6805 9.9715 75.8197 72.7715 87.151 106.3946 76.2583 13.8359 1209.4929 775.6336 775.6336 612.3128 80.4142 306.2395 179.3578 218.0908 330.937 1198.9967 287.2501 477.2534 284.9856 118.5445 360.4683 178.0997 272.0991 1211.4862;
	3.689 49.8467 89.7049 116.687 14.4189 31.9493 30.8106 18.624 28.3289 30.2685 55.9509 83.4678 125.6602 67.5347 201.1678 75.7888 94.0342 99.6482 91.0336 69.3445 10.2702 74.5485 72.2842 84.8394 102.2014 72.9887 13.4121 1163.5278 730.3448 730.3448 630.3449 87.5194 303.4454 178.4929 211.7305 311.6138 1096.4634 297.1469 478.3377 273.7538 117.0031 354.4247 165.1168 266.4968 1107.8849;
	3.6853 49.7967 88.0753 115.1808 14.0569 30.9565 27.5926 18.8428 27.2705 30.1187 55.674 83.0546 125.0382 67.0192 197.3289 74.3425 92.2398 97.7467 87.9988 69.6593 9.1975 72.2319 71.3694 85.0351 99.4597 73.1435 13.4514 1131.7477 744.6532 744.6532 626.0176 89.2783 293.3294 179.3031 210.1141 317.7187 1051.7168 300.6294 470.5607 266.4099 115.8998 343.411 169.5109 261.1469 1062.6722;
	3.8012 51.3629 90.3304 117.0555 14.3699 32.0719 28.5129 18.4922 27.913 29.7518 54.9957 82.0427 123.5148 65.5078 195.6214 73.6992 91.4417 96.9009 89.0519 69.234 9.5043 74.8344 70.5957 84.3874 100.5988 72.9162 13.1632 1068.3846 728.778 728.778 579.4652 93.9205 296.8398 178.2086 205.3759 310.9453 1034.152 270.3411 467.0764 269.4611 115.6401 355.7841 194.7504 268.9194 1044.9244;
	3.6512 49.3361 89.6047 116.6527 14.0771 32.3654 30.7352 18.4853 27.7088 28.5057 52.6924 78.6067 118.3419 66.0994 194.1751 73.1543 90.7656 96.1844 86.7453 68.4085 10.2451 75.5193 69.1798 87.8802 102.2514 73.4361 13.2523 1094.7514 755.112 755.112 613.2403 100.177 289.1509 176.0836 207.2306 322.1811 982.1963 285.6368 478.0396 273.8876 115.8323 359.0402 163.5727 263.1706 992.4275;
	3.748 50.644 87.9858 114.0012 14.3003 32.4178 29.2472 17.907 27.375 29.8126 55.1082 82.2106 123.7676 64.9752 198.0925 74.6302 92.5967 98.1249 87.0435 70.1057 9.7491 75.6416 72.2802 87.4958 99.3283 72.5739 13.0213 1033.5542 692.5532 692.5532 662.3934 102.203 290.1449 180.4522 203.7059 295.4894 969.9456 287.816 475.4362 266.0581 115.0524 359.6219 155.558 264.0137 980.0492;
	3.6327 49.0863 93.2848 115.2132 14.2377 32.4767 27.0116 18.2312 27.8329 30.6034 56.5699 84.3912 127.0504 66.1166 199.1218 75.018 93.0779 98.6348 85.1705 71.2005 9.0039 75.779 72.497 89.2508 102.4722 73.7787 13.1326 1051.4274 697.1683 697.1683 641.5172 99.6222 283.9018 183.2704 207.2846 297.4585 897.0708 276.22 472.5505 274.4792 120.8123 360.2749 171.4888 251.1077 906.4153;
	3.7114 50.149 92.6601 117.5582 14.2771 32.5399 26.5455 18.0507 26.9314 30.2619 55.9386 83.4494 125.6326 66.8509 200.4639 75.5236 93.7052 99.2996 86.1003 71.9568 8.8485 75.9265 73.5079 88.3767 103.8756 73.1038 13.1993 1134.8902 739.4283 739.4283 633.6807 104.8568 287.001 185.217 209.5866 315.4894 1013.6475 266.8866 469.1714 278.2382 120.047 360.9764 172.9941 259.5666 1024.2063;
	3.7367 50.4914 93.6661 119.2785 14.9518 34.0815 26.3309 17.989 27.9053 30.6927 56.735 84.6374 127.4212 66.6823 198.7605 74.8819 92.909 98.4558 90.6722 73.1607 8.777 79.5234 73.7778 89.7358 106.0536 73.2846 12.4893 1087.7003 762.0827 762.0827 694.7565 108.8209 302.2406 188.3158 209.0579 325.1553 1108.0114 283.2224 471.2804 284.072 120.6886 378.0769 182.2711 253.2427 1119.5531;
	3.9016 52.7195 95.0321 120.5922 15.2058 33.9537 26.4041 16.3142 28.2898 30.9832 57.272 85.4385 128.6272 65.9758 203.9147 76.8237 95.3183 101.0089 92.2479 72.8274 8.8014 79.2252 75.2221 89.935 106.1754 69.8849 11.9638 1199.9874 758.4263 758.4263 707.7261 105.018 307.493 187.458 206.8431 323.5952 1164.916 290.3073 472.727 284.3984 121.2823 376.6594 195.993 268.035 1177.0505;
