function windprofile = ex_wind_profilesh1
%EX_WIND_PROFILE_D  Example wind_load_nyiso profile data for deterministic unit commitment.
% 2022.03.12
% Andres F. Ramirez


%% define constants
[GEN_BUS, PG, QG, QMAX, QMIN, VG, MBASE, GEN_STATUS, PMAX, PMIN, ...
    MU_PMAX, MU_PMIN, MU_QMAX, MU_QMIN, PC1, PC2, QC1MIN, QC1MAX, ...
    QC2MIN, QC2MAX, RAMP_AGC, RAMP_10, RAMP_30, RAMP_Q, APF] = idx_gen;
[CT_LABEL, CT_PROB, CT_TABLE, CT_TBUS, CT_TGEN, CT_TBRCH, CT_TAREABUS, ...
    CT_TAREAGEN, CT_TAREABRCH, CT_ROW, CT_COL, CT_CHGTYPE, CT_REP, ...
    CT_REL, CT_ADD, CT_NEWVAL, CT_TLOAD, CT_TAREALOAD, CT_LOAD_ALL_PQ, ...
    CT_LOAD_FIX_PQ, CT_LOAD_DIS_PQ, CT_LOAD_ALL_P, CT_LOAD_FIX_P, ...
    CT_LOAD_DIS_P, CT_TGENCOST, CT_TAREAGENCOST, CT_MODCOST_F, ...
    CT_MODCOST_X] = idx_ct;

windprofile = struct( ...
    'type', 'mpcData', ...
    'table', CT_TGEN, ...
    'rows', [1:45], ...
    'col', PMAX, ...
    'chgtype', 1, ...
    'values', [] );
windprofile.values(:,1,:) = [
	3.6235 48.9613 89.0312 102.6064 14.5172 33.0033 26.8867 18.1507 27.0932 31.1814 57.6383 85.985 129.4499 68.7682 204.0268 76.8659 95.3707 101.0644 40.8697 72.7766 8.9622 77.0077 73.7853 85.5465 101.6318 74.7666 13.6061 1231.201 739.0402 739.0402 642.6709 113.8639 136.2322 187.3271 215.5975 315.3238 1211.6129 234.5615 449.0816 272.2281 115.3199 366.1168 137.9103 266.9491 1224.2338;
	3.6445 49.2446 93.2168 113.4452 14.9593 33.1338 28.1308 18.3175 27.1338 30.6503 56.6565 84.5204 127.245 68.6398 202.436 76.2666 94.627 100.2764 35.6405 73.3506 9.3769 77.3122 72.6383 86.613 101.9856 74.9602 13.5038 1261.7322 740.7611 740.7611 605.7872 114.8981 118.8016 188.8047 215.195 316.0581 1210.0598 243.0065 447.2156 273.1758 118.2813 367.5642 132.9035 265.6613 1222.6646;
	3.8741 52.3478 94.9978 68.3028 15.3257 34.5039 28.567 18.7114 27.6662 30.96 57.2291 85.3745 128.5309 68.6718 204.9884 77.2282 95.8201 101.5408 36.4154 73.7079 9.5223 80.5091 72.4771 89.0937 105.9714 76.5854 14.0619 1231.6205 731.2142 731.2142 561.9291 112.9646 121.3848 189.7243 215.2954 311.9847 1218.8909 230.3137 454.9326 283.8519 120.0597 382.7631 145.4162 268.0964 1231.5876;
	3.7528 50.7091 93.9799 84.0325 15.0391 33.4549 27.1112 18.5125 27.2615 30.7137 56.7738 84.6953 127.5083 68.3684 205.8638 77.558 96.2294 101.9744 44.9816 73.8069 9.0371 78.0614 67.8039 87.0466 105.1146 76.561 13.9386 1194.3862 709.4614 709.4614 500.6244 102.9352 149.9386 189.9791 214.3443 302.7035 1094.1621 228.2997 450.0748 281.5571 117.1808 371.1263 171.8319 260.5571 1105.5597;
	3.5136 47.4759 91.7066 115.0369 14.7487 32.7205 20.8449 18.6413 26.4092 30.489 56.3585 84.0758 126.5757 66.6267 202.6954 76.3643 94.7483 100.4049 76.7996 73.1512 6.9483 76.3478 56.5132 85.5735 103.6929 76.2323 13.6142 1153.5268 620.6588 620.6588 488.6012 101.5689 255.9986 188.2915 208.8838 264.8144 1074.6319 231.0905 434.1143 277.7489 115.366 362.9794 181.4913 237.5725 1085.826;
	3.7794 51.0684 90.3248 111.9068 15.0587 33.6342 24.5301 18.1733 25.9027 31.0125 57.3262 85.5194 128.749 68.2062 204.1746 76.9216 95.4398 101.1377 88.252 73.7216 8.1767 78.4798 71.3283 86.5871 103.43 74.5143 13.564 1208.111 676.4643 676.4643 485.5612 99.8201 294.1733 189.7597 213.8356 288.6248 1017.4909 226.6156 437.2267 277.0446 113.9079 373.1153 191.1843 256.2238 1028.0897;
	3.6617 49.4777 88.9914 110.1854 14.5906 32.4586 27.0056 17.6903 26.1023 30.6548 56.6649 84.5329 127.2638 66.6118 201.8208 76.0348 94.3395 99.9717 88.3587 73.3653 9.0019 75.7367 72.4877 84.994 100.4283 75.1989 13.0092 1194.1479 685.1845 685.1845 507.6232 94.7619 294.5289 188.8425 208.837 292.3454 1024.095 239.8083 441.9526 269.0044 112.8945 360.0737 189.3069 251.5247 1034.7627;
	3.696 49.9415 86.8728 104.4569 14.9726 32.1451 25.4167 17.9103 25.9193 29.9552 55.3717 82.6037 124.3594 65.3195 196.5274 74.0406 91.8651 97.3496 85.7402 72.2117 8.4722 75.0053 72.5683 84.8267 103.9055 73.4125 13.1365 1154.2088 664.1496 664.1496 472.8806 79.4956 285.8007 185.8731 204.7855 283.3705 1014.1579 234.386 434.6077 278.3182 112.3046 356.5968 182.9931 249.6693 1024.7221;
	3.7834 51.1225 89.8953 115.0927 15.3732 33.3309 26.8273 17.8124 25.7833 30.0668 55.578 82.9115 124.8228 68.7235 202.6442 76.345 94.7244 100.3796 90.7646 72.8257 8.9424 77.7721 72.3383 85.9229 104.1925 72.6323 13.1227 1160.5523 729.5117 729.5117 540.9357 77.5876 302.5485 187.4535 215.4574 311.2583 1100.3729 276.3439 442.0329 279.0871 118.6647 369.7508 163.3691 265.2243 1111.8351;
	3.6435 49.231 88.7534 113.8667 15.2687 33.0673 26.3001 17.5832 25.2478 29.758 55.0073 82.06 123.5409 69.5574 201.9862 76.0971 94.4168 100.0536 92.2506 73.2035 8.7667 77.157 71.14 85.8573 101.628 72.1714 12.9634 1162.6805 719.6957 719.6957 587.0982 86.5895 307.502 188.426 218.0718 307.0702 1085.5196 281.3415 436.4554 272.2177 118.3519 366.8266 156.3119 261.9301 1096.8271;
	3.6391 49.1729 88.6445 113.9027 15.1588 33.5718 21.4136 17.808 23.9422 30.0839 55.6097 82.9588 124.894 69.6095 203.0598 76.5016 94.9187 100.5854 91.3666 73.1375 7.1379 78.3342 72.511 85.8288 99.6314 74.2239 13.3621 1091.7888 677.127 677.127 578.3348 81.8905 304.5555 188.256 218.2353 288.9075 962.8523 284.9268 439.1882 266.8698 118.5236 372.423 162.9476 263.4661 972.882;
	3.6413 49.2019 88.3393 114.4485 15.181 33.4754 20.6727 17.5059 25.7246 28.515 52.7095 78.6322 118.3804 68.213 200.0678 75.3744 93.5201 99.1034 90.9699 70.2455 6.8909 78.1092 61.2564 83.5727 100.3553 72.1738 12.9891 1042.7151 645.1354 645.1354 582.5037 80.2169 303.233 180.812 213.857 275.2577 939.3755 270.5417 434.5692 268.8087 114.2046 371.3534 178.7346 260.2889 949.1606;
	3.672 49.6166 89.6002 116.2297 15.2061 33.6819 26.0671 17.7025 25.8698 28.6958 53.0437 79.1307 119.1309 68.5346 201.2439 75.8175 94.0698 99.6859 89.5973 69.6086 8.689 78.591 57.605 87.2506 100.323 74.2088 13.2048 1073.7899 692.7304 692.7304 601.6027 84.9729 298.6577 179.1727 214.8652 295.565 902.8642 285.8018 442.7074 268.7223 114.2206 373.6442 156.6393 251.3787 912.2691;
	3.7245 50.3265 92.2149 116.0933 15.2114 34.0394 25.768 18.2625 25.7975 28.3171 52.3437 78.0865 117.5587 66.0168 200.3832 75.4932 93.6675 99.2596 90.0093 71.5992 8.5893 79.4252 57.7968 87.7482 101.505 74.7327 13.2727 1053.0609 647.5875 647.5875 610.7923 94.3087 300.0311 184.2966 206.9717 276.304 909.6355 292.3361 439.5023 271.8884 114.7329 377.6102 143.345 260.2694 919.1109;
	3.7085 50.1097 91.6294 114.6748 15.253 33.9635 24.5167 18.1916 25.9578 28.5994 52.8655 78.865 118.7308 68.486 193.4965 72.8987 90.4484 95.8483 89.1422 70.4364 8.1722 79.2482 55.5607 87.9672 100.9547 73.315 13.2687 1015.8438 660.81 660.81 623.489 101.3427 297.1407 181.3036 214.7128 281.9456 862.7842 306.1468 457.8471 270.4145 114.2671 376.7687 172.4952 242.9433 871.7716;
	3.731 50.4136 92.5746 117.7098 15.3208 34.3036 25.6626 18.6002 26.7963 29.7705 55.0304 82.0945 123.5928 69.2939 199.636 75.2117 93.3182 98.8895 89.8083 72.6721 8.5542 80.0417 71.8363 87.7633 104.5351 74.3458 13.7198 1011.8187 677.8662 677.8662 620.457 103.9852 299.3611 187.0583 217.2458 289.2229 922.6064 304.6081 454.7108 280.0046 114.444 380.5413 176.915 254.6119 932.2169;
	3.7246 50.3271 90.1858 117.5218 15.1222 33.8343 26.1564 17.8492 27.1233 30.6277 56.6149 84.4583 127.1515 67.3362 201.081 75.7561 93.9937 99.6052 92.5868 73.0359 8.7188 78.9467 72.2437 87.3222 100.976 70.6099 12.5561 1014.2361 711.9901 711.9901 686.2105 103.0915 308.6226 187.9945 211.1081 303.7824 1075.6229 301.6901 446.1901 270.4714 113.4867 375.3351 186.9761 228.5224 1086.8273;
	3.8441 51.9428 87.9295 110.5179 14.5746 32.7222 27.0072 12.6541 27.2998 30.1145 55.6662 83.043 125.0207 66.1098 197.3823 74.3626 92.2647 97.7731 92.6292 72.5227 9.0024 76.3519 69.3459 83.0485 96.6861 57.6426 10.236 1095.5911 718.6734 718.6734 673.1029 97.4796 308.7639 186.6735 207.2632 306.634 1090.9793 299.4518 457.0253 258.9805 111.9558 362.9987 187.1721 207.8566 1102.3437;
