function windprofile = ex_wind_profilesh1
%EX_WIND_PROFILE_D  Example wind_load_nyiso profile data for deterministic unit commitment.
% 2022.03.12
% Andres F. Ramirez


%% define constants
[GEN_BUS, PG, QG, QMAX, QMIN, VG, MBASE, GEN_STATUS, PMAX, PMIN, ...
    MU_PMAX, MU_PMIN, MU_QMAX, MU_QMIN, PC1, PC2, QC1MIN, QC1MAX, ...
    QC2MIN, QC2MAX, RAMP_AGC, RAMP_10, RAMP_30, RAMP_Q, APF] = idx_gen;
[CT_LABEL, CT_PROB, CT_TABLE, CT_TBUS, CT_TGEN, CT_TBRCH, CT_TAREABUS, ...
    CT_TAREAGEN, CT_TAREABRCH, CT_ROW, CT_COL, CT_CHGTYPE, CT_REP, ...
    CT_REL, CT_ADD, CT_NEWVAL, CT_TLOAD, CT_TAREALOAD, CT_LOAD_ALL_PQ, ...
    CT_LOAD_FIX_PQ, CT_LOAD_DIS_PQ, CT_LOAD_ALL_P, CT_LOAD_FIX_P, ...
    CT_LOAD_DIS_P, CT_TGENCOST, CT_TAREAGENCOST, CT_MODCOST_F, ...
    CT_MODCOST_X] = idx_ct;

windprofile = struct( ...
    'type', 'mpcData', ...
    'table', CT_TGEN, ...
    'rows', [1:45], ...
    'col', PMAX, ...
    'chgtype', 1, ...
    'values', [] );
windprofile.values(:,1,:) = [
	3.809 51.4674 92.3136 114.2283 14.6913 32.1061 26.5763 18.6394 26.1944 30.5603 56.4903 84.2724 126.8717 67.0425 205.9972 77.6083 96.2917 102.0405 38.7603 73.4265 8.8588 74.9143 73.5865 88.0505 105.1974 75.0413 13.702 1202.0208 635.6554 635.6554 580.1974 104.2096 129.201 188.9999 210.1873 271.213 1108.6269 219.0078 436.2271 281.7787 119.889 356.1638 143.4653 271.4225 1120.1751;
	3.7452 50.6064 91.8897 119.3182 14.6338 30.4397 27.5518 18.5975 25.8886 30.6698 56.6926 84.5742 127.326 67.3721 204.629 77.0928 95.6522 101.3627 34.4219 73.7502 9.1839 71.0259 70.5065 87.508 103.8501 75.1861 13.376 1174.0739 653.2491 653.2491 554.7921 103.1321 114.7397 189.8332 211.2206 278.7196 1095.5212 232.641 441.339 278.1698 121.2221 337.6775 138.3396 270.7413 1106.9329;
	3.7381 50.5103 89.9725 62.4531 14.4304 31.811 28.2852 17.6808 26.103 30.2823 55.9763 83.5056 125.7173 67.5132 204.2996 76.9687 95.4982 101.1996 33.4056 73.5867 9.4284 74.2256 70.0352 86.8148 101.2909 72.7227 13.4094 1093.354 666.39 666.39 545.6504 103.9982 111.352 189.4123 211.663 284.3264 1119.5946 228.207 437.6802 271.3148 122.0294 352.8896 132.5166 262.2871 1131.2571;
	3.7563 50.7561 91.9078 81.0149 14.8171 31.9331 27.0916 17.7323 26.5564 30.7987 56.9309 84.9297 127.8612 66.298 205.806 77.5362 96.2023 101.9457 41.9406 73.6721 9.0305 74.5105 69.2701 86.8395 101.7686 73.1998 13.3374 1152.3199 668.5486 668.5486 527.7922 101.6073 139.8019 189.6322 207.8533 285.2474 1051.064 239.7336 435.6283 272.5944 119.0224 354.2444 165.0307 268.2245 1062.0126;
	3.5075 47.3943 92.6366 118.0801 14.2634 32.234 21.217 18.1394 26.1215 30.5456 56.463 84.2317 126.8104 64.6412 201.8526 76.0468 94.3543 99.9874 68.2103 73.5861 7.0723 75.2126 59.6163 86.9446 102.6442 75.1578 13.4464 1162.1535 613.1796 613.1796 509.2864 97.0816 227.3678 189.4108 202.6588 261.6233 1108.7825 227.6935 433.1287 274.9399 118.2901 357.5822 176.2891 270.6307 1120.3323;
	3.6078 48.7499 93.8832 116.6003 14.5801 32.7651 24.2494 18.1762 26.3121 31.0034 57.3094 85.4943 128.7113 65.456 198.5782 74.8132 92.8238 98.3655 86.087 72.4918 8.0831 76.4518 72.9884 87.8647 104.5971 73.5492 13.5725 1205.1265 670.0941 670.0941 508.2574 98.5781 286.9567 186.5941 205.2135 285.9068 1067.4091 214.1439 438.1941 280.1708 120.6253 363.4736 188.2466 268.1441 1078.5279;
	3.643 49.2254 92.6909 116.1872 14.6996 32.6777 25.9314 17.9276 25.8947 30.6569 56.6688 84.5388 127.2726 65.4488 198.7087 74.8623 92.8848 98.4301 86.6823 71.53 8.6438 76.2481 74.2663 85.7437 100.1422 74.2957 13.2557 1227.0238 723.9306 723.9306 576.8639 100.5529 288.9411 184.1185 205.1907 308.8771 1088.1394 242.0571 452.5957 268.238 121.2757 362.5051 197.7792 262.4268 1099.4742;
	3.7221 50.294 92.3185 116.1065 14.7363 33.2325 26.2414 18.3667 26.3677 30.3346 56.073 83.6499 125.9345 64.4016 199.8308 75.2851 93.4093 98.986 85.6996 71.9855 8.7471 77.5424 73.0303 86.5228 104.6637 74.1988 13.7094 1166.1205 707.6172 707.6172 558.9507 86.3699 285.6653 185.2909 201.9077 301.9167 1086.889 246.1502 456.1265 280.3492 119.4107 368.6588 194.3225 262.9075 1098.2108;
	3.7691 50.9295 92.9363 115.5374 14.3185 32.9668 27.9117 17.8078 26.1189 29.9466 55.3558 82.5799 124.3237 66.3229 200.1268 75.3966 93.5476 99.1326 88.3876 70.0665 9.3039 76.9226 71.2492 85.967 102.9674 74.1989 13.47 1275.1657 784.7744 784.7744 588.6913 84.763 294.6254 180.3513 207.9312 334.8371 1246.6305 273.674 447.3446 275.8056 118.6951 365.7122 178.5439 272.4836 1259.6162;
	3.8656 52.2323 88.9865 113.1395 14.5693 32.9275 29.9083 17.5111 26.3916 30.1493 55.7306 83.139 125.1654 66.209 201.6503 75.9706 94.2598 99.8872 90.0957 71.2061 9.9694 76.8308 72.1196 85.4805 100.596 71.2446 13.0459 1255.2801 780.7763 780.7763 666.863 92.1511 300.3188 183.2848 207.5741 333.1312 1252.4201 293.1226 458.3902 269.4536 118.5866 365.2756 172.9378 266.0893 1265.4661;
	3.8332 51.795 89.7157 111.5261 14.3355 33.7005 28.5374 17.3866 26.5845 31.0547 57.4041 85.6356 128.9239 68.5347 201.1694 75.7894 94.035 99.6491 87.0782 70.9613 9.5125 78.6344 74.1225 85.173 99.1152 71.7318 13.0166 1282.1971 800.1329 800.1329 694.7266 95.3318 290.2606 182.6546 214.8656 341.39 1231.2021 303.1647 474.6367 265.4872 116.6189 373.8506 176.9853 272.214 1244.0271;
	3.8435 51.9345 90.3366 116.5864 14.3813 34.1959 27.0541 17.3991 26.3469 30.9284 57.1707 85.2875 128.3999 68.0835 199.8856 75.3057 93.4349 99.0131 89.4266 70.3492 9.018 79.7904 74.4785 86.3159 102.4029 71.9956 13.1155 1243.0576 767.2438 767.2438 689.3062 101.1775 298.0888 181.0789 213.4509 327.3573 1192.5499 280.6916 470.8866 274.2935 115.2434 379.3465 188.3698 265.5261 1204.9723;
	3.8736 52.3404 89.3698 117.8288 14.1591 34.3763 28.0573 17.0476 23.0833 30.015 55.4824 82.7688 124.6079 68.1201 198.2688 74.6966 92.6791 98.2122 84.4517 69.7322 9.3524 80.2113 72.6285 89.1597 101.6311 71.5432 12.84 1205.8761 740.0054 740.0054 696.8722 104.4372 281.5056 179.4909 213.5657 315.7357 1085.2387 297.1406 447.5145 272.2263 115.6368 381.3475 165.0575 259.7286 1096.5432;
	3.806 51.4268 89.4534 117.4806 14.5287 34.7337 28.7459 17.1553 25.8469 30.8198 56.97 84.988 127.949 66.5614 198.5684 74.8095 92.8192 98.3606 89.1558 70.1223 9.582 81.0453 74.3304 87.1813 98.5203 70.8869 13.0049 1159.5218 711.9809 711.9809 707.9711 103.1983 297.1861 180.495 208.679 303.7785 1073.2193 300.1651 464.8622 263.8937 113.6614 385.3126 160.7166 263.4751 1084.3986;
	3.714 50.1847 88.8961 112.316 14.5091 33.6835 26.8456 17.5011 26.3879 30.9699 57.2474 85.4018 128.5719 67.5939 189.5547 71.4136 88.6058 93.8957 84.9279 69.6399 8.9485 78.5949 72.27 87.5279 99.0354 74.0302 13.0503 1089.1436 691.2497 691.2497 677.711 101.6569 283.0929 179.2532 211.9161 294.9332 933.6029 305.6161 471.8573 265.2733 110.6889 373.6628 168.7426 254.3568 943.328;
	3.7242 50.3217 87.2734 111.2269 14.9302 33.198 26.3184 17.1747 26.5301 29.3377 54.2303 80.901 121.796 67.9825 196.8486 74.1616 92.0153 97.5087 88.2286 69.9932 8.7728 77.462 72.346 85.2975 98.5789 72.9537 13.1211 1120.1827 723.9924 723.9924 657.7431 101.9083 294.0952 180.1627 213.1342 308.9034 995.7927 283.3695 470.2747 264.0507 110.8161 368.2764 175.8202 257.2654 1006.1656;
	3.7098 50.128 88.8641 113.6197 14.9086 33.1206 24.8084 17.3429 26.7937 28.6024 52.8712 78.8734 118.7434 66.8541 195.1972 73.5394 91.2434 96.6907 88.4422 71.0352 8.2695 77.2815 71.2118 88.6515 101.0489 73.6664 12.525 1090.1048 711.9835 711.9835 648.6313 94.7566 294.8075 182.8449 209.5967 303.7796 1061.0914 259.6172 462.1461 270.6668 112.2602 367.4181 177.794 248.4757 1072.1444;
	3.8466 51.976 89.9888 113.5442 15.1214 31.5195 23.0452 14.2363 26.4279 29.7485 54.9896 82.0336 123.5012 65.1366 190.9981 71.9574 89.2805 94.6107 86.5627 68.9422 7.6817 73.5456 71.808 88.1401 103.3163 69.9334 11.6885 1129.9242 675.472 675.472 661.0653 89.5787 288.5422 177.4574 204.2121 288.2014 1042.7339 268.0864 457.9287 276.74 114.876 349.6566 183.8303 260.6478 1053.5957;
