function windprofile = ex_wind_profilesh1
%EX_WIND_PROFILE_D  Example wind_load_nyiso profile data for deterministic unit commitment.
% 2022.03.12
% Andres F. Ramirez


%% define constants
[GEN_BUS, PG, QG, QMAX, QMIN, VG, MBASE, GEN_STATUS, PMAX, PMIN, ...
    MU_PMAX, MU_PMIN, MU_QMAX, MU_QMIN, PC1, PC2, QC1MIN, QC1MAX, ...
    QC2MIN, QC2MAX, RAMP_AGC, RAMP_10, RAMP_30, RAMP_Q, APF] = idx_gen;
[CT_LABEL, CT_PROB, CT_TABLE, CT_TBUS, CT_TGEN, CT_TBRCH, CT_TAREABUS, ...
    CT_TAREAGEN, CT_TAREABRCH, CT_ROW, CT_COL, CT_CHGTYPE, CT_REP, ...
    CT_REL, CT_ADD, CT_NEWVAL, CT_TLOAD, CT_TAREALOAD, CT_LOAD_ALL_PQ, ...
    CT_LOAD_FIX_PQ, CT_LOAD_DIS_PQ, CT_LOAD_ALL_P, CT_LOAD_FIX_P, ...
    CT_LOAD_DIS_P, CT_TGENCOST, CT_TAREAGENCOST, CT_MODCOST_F, ...
    CT_MODCOST_X] = idx_ct;

windprofile = struct( ...
    'type', 'mpcData', ...
    'table', CT_TGEN, ...
    'rows', [1:45], ...
    'col', PMAX, ...
    'chgtype', 1, ...
    'values', [] );
windprofile.values(:,1,:) = [
	3.5638 48.1549 86.82 97.6985 14.2442 31.9905 26.458 17.7514 25.8585 29.9051 55.2791 82.4656 124.1515 68.8252 192.2935 72.4455 89.886 95.2524 35.1634 70.6942 8.8193 74.6445 72.6178 86.6482 102.6944 74.5 13.4901 1158.9793 660.8718 660.8718 596.5854 108.2005 117.2113 181.967 215.7764 281.972 1140.3368 221.4245 438.7028 275.0744 114.3486 354.8815 130.0333 253.2086 1152.2153;
	2.6047 35.1948 87.7337 103.495 14.0563 29.2526 25.1608 17.9525 24.0966 29.6491 54.8059 81.7596 123.0886 65.7921 189.9313 71.5555 88.7818 94.0822 29.5357 71.9124 8.3869 68.256 71.5318 85.8349 101.0107 73.1127 13.3464 1157.8635 621.8521 621.8521 538.9446 103.339 98.4524 185.1027 206.2671 265.3235 1103.0128 215.8971 428.0527 270.5645 118.9604 324.5086 106.2748 255.9645 1114.5025;
	3.2088 43.3583 89.9749 55.234 13.981 32.0413 26.0732 17.729 25.9669 29.8554 55.1873 82.3286 123.9452 68.1839 197.209 74.2973 92.1837 97.6872 35.2996 71.6786 8.6911 74.7631 71.7041 86.9921 101.1357 73.0115 13.5598 1098.4624 682.4472 682.4472 552.4901 104.2599 117.6654 184.5009 213.7657 291.1775 1134.7905 215.0511 432.4297 270.8993 119.1337 355.4453 112.7511 239.2235 1146.6112;
	3.0996 41.8826 87.4969 70.7365 13.9286 31.5233 25.0878 17.6487 24.5394 29.1674 53.9155 80.4313 121.0888 65.2622 204.5377 77.0584 95.6095 101.3175 48.2467 73.1366 8.3626 73.5543 66.3737 84.9102 98.1442 71.3094 13.3818 1103.0645 665.4992 665.4992 506.9442 100.4113 160.8224 188.2539 204.6058 283.9463 1049.9696 235.3743 434.7693 262.8864 113.8463 349.6983 139.2715 232.3506 1060.9068;
	2.1021 28.4041 89.01 109.0579 12.7252 27.1019 20.9209 18.2449 25.2245 29.7467 54.9863 82.0287 123.4937 64.0184 201.8295 76.0381 94.3436 99.976 80.987 72.9093 6.9736 63.2378 60.8224 85.9276 102.7731 73.4484 13.3844 1070.3677 613.8679 613.8679 481.9408 98.2846 269.9566 187.6687 200.7064 261.917 1095.9275 227.5967 435.2229 275.285 115.3052 300.6503 114.8206 254.7723 1107.3434;
	3.4435 46.5287 89.4961 112.1341 12.9087 27.5503 23.4686 17.8053 25.2257 29.4578 54.4522 81.232 122.2944 65.7819 202.5222 76.2991 94.6674 100.3192 88.6269 73.1658 7.8229 64.284 69.2681 86.8541 103.6906 71.8606 13.4891 1166.9763 656.6609 656.6609 478.829 97.6914 295.4228 188.3289 206.2352 280.1753 1055.1125 225.1559 428.9384 277.7428 112.354 305.6247 136.5347 266.5953 1066.1032;
	3.5633 48.1474 88.4453 110.1457 12.9709 27.1752 25.0605 17.8529 23.6912 29.8878 55.2471 82.4178 124.0795 65.3399 197.315 74.3373 92.2333 97.7398 88.3023 71.747 8.3535 63.4088 72.4327 85.1585 99.7059 74.0868 13.3155 1188.1487 688.5159 688.5159 557.3156 99.8384 294.3409 184.677 204.8493 293.7668 1079.6124 247.9455 439.6012 267.0694 115.9003 301.4634 143.7744 264.3801 1090.8583;
	3.573 48.2792 90.7115 115.3153 13.9038 30.575 25.5258 17.8133 25.7676 30.7228 56.7905 84.7203 127.546 64.2997 196.54 74.0453 91.871 97.3559 85.501 70.6251 8.5086 71.3416 73.8059 86.8492 104.7073 73.5744 13.2795 1094.843 656.763 656.763 534.3108 79.8527 285.0034 181.7892 201.5884 280.2189 1009.803 225.6155 437.2118 280.4659 112.4204 339.1782 170.6485 262.0532 1020.3217;
	3.6149 48.8447 89.0943 111.9084 14.2553 25.475 25.2013 17.4053 22.4403 30.068 55.5803 82.9149 124.8279 67.1423 196.032 73.8539 91.6335 97.1042 88.0336 69.8219 8.4004 59.4417 71.898 85.6759 102.6698 72.2588 13.1588 1179.0955 730.3009 730.3009 606.1001 80.2177 293.4453 179.7219 210.5002 311.5951 1091.0607 266.2363 435.2488 275.0083 115.3047 282.6026 153.4632 273.6571 1102.426;
	3.6405 49.1915 88.1391 110.7619 14.4518 32.4487 26.4098 17.0713 18.4783 29.7914 55.0689 82.152 123.6793 66.5928 198.0611 74.6184 92.582 98.1093 88.4391 71.5466 8.8033 75.7137 70.8487 86.2779 100.4796 70.4172 13.0009 1143.4526 729.3611 729.3611 677.4609 87.0685 294.7969 184.1611 208.7773 311.1941 1092.6488 292.1603 436.8454 269.1418 117.8045 359.9645 156.4644 263.528 1104.0305;
	3.6391 49.1717 86.7553 109.5521 14.0427 32.2539 24.4397 15.777 24.0527 30.6473 56.6512 84.5124 127.2329 65.53 194.1419 73.1418 90.7501 96.168 86.4081 70.3483 8.1466 75.259 72.5164 83.665 96.4007 70.3249 12.8643 1102.0206 703.3865 703.3865 648.9822 87.986 288.0269 181.0767 205.4454 300.1116 971.4796 289.038 443.2596 258.216 119.1676 357.803 155.7679 256.2579 981.5991;
	3.5572 48.0661 86.2787 109.581 14.3171 31.8651 22.8099 15.5233 24.2963 30.3058 56.0199 83.5707 125.8152 65.9072 194.7926 73.387 91.0542 96.4903 86.7515 70.0974 7.6033 74.3518 72.1569 83.6996 96.6693 69.9326 12.4156 985.9171 638.3478 638.3478 596.3502 92.4887 289.1715 180.4308 206.6281 272.3617 933.7533 282.5963 439.5428 258.9357 115.0012 353.4897 155.9154 259.4348 943.4799;
	3.5745 48.2993 86.3619 109.0882 13.9847 31.9108 24.0403 16.9052 24.2781 30.1208 55.6778 83.0603 125.0468 67.1056 194.4608 73.262 90.8991 96.3259 84.2727 69.6463 8.0134 74.4586 72.56 86.8884 98.272 72.4942 12.9063 978.7767 701.8592 701.8592 637.8254 94.3617 280.9089 179.2699 210.3852 299.4599 891.4103 282.5846 435.0413 263.2285 117.5078 353.9975 139.5159 251.6588 900.6958;
	3.5744 48.2973 82.874 104.7229 14.0682 31.7742 25.4743 15.6128 25.8804 30.1916 55.8087 83.2556 125.3409 68.454 196.5235 74.0391 91.8633 97.3477 88.2492 71.7669 8.4914 74.1397 72.1778 86.4011 96.1866 71.7175 12.9859 969.2028 705.3622 705.3622 671.9031 99.0815 294.1641 184.7281 214.6124 300.9545 937.1706 305.4429 435.2883 257.6427 118.3903 352.4813 144.5174 261.6683 946.9328;
	3.6157 48.8555 86.7102 110.3419 14.2053 32.4174 21.7513 17.5532 25.0151 29.8323 55.1446 82.2649 123.8494 67.6672 191.5483 72.1647 89.5377 94.8832 85.2528 71.2208 7.2504 75.6405 71.0664 87.3053 99.0541 73.6302 13.1389 910.7252 676.9867 676.9867 630.6011 94.334 284.176 183.3226 212.1459 288.8477 842.2034 309.9103 414.964 265.3234 117.7451 359.6166 156.1839 248.0174 850.9763;
	3.6433 49.229 87.3283 111.2897 14.1515 32.3107 22.95 17.4296 23.5893 29.1201 53.8281 80.301 120.8927 67.3122 193.8341 73.0259 90.6062 96.0155 84.3164 69.8669 7.65 75.3917 71.897 84.7322 97.8343 73.4877 13.1591 991.8216 709.6148 709.6148 586.2085 98.0603 281.0546 179.8376 211.0329 302.769 903.4034 285.3817 433.3333 262.0561 114.4806 358.4335 170.659 234.4713 912.8139;
	3.3853 45.7434 83.7838 109.9337 14.5219 32.062 23.7132 15.9988 25.7774 29.2211 54.0148 80.5795 121.312 68.2305 192.7343 72.6115 90.0921 95.4707 86.0539 70.8019 7.9044 74.8112 72.1936 84.498 95.4436 71.0564 11.637 1045.3414 726.5424 726.5424 631.5361 100.2855 286.8463 182.2442 213.9118 309.9914 1049.0835 270.6258 437.7883 255.6525 117.9916 355.674 182.6512 202.195 1060.0115;
	3.5364 47.7845 81.2786 92.331 14.2331 30.7981 23.0233 12.8633 25.4404 26.9096 49.742 74.2053 111.7156 67.0141 172.0557 64.821 80.426 85.2276 74.3224 66.4341 7.6744 71.8623 55.9131 81.8708 96.3296 66.0227 10.6654 1168.1378 682.8707 682.8707 628.518 92.5592 247.7414 171.0015 210.0982 291.3582 1036.07 273.012 447.223 258.0256 121.0637 341.6537 175.5425 197.5633 1046.8624;
