function solarprofile = ex_solar_profilesh1
%EX_WIND_PROFILE_D  Example wind_load_nyiso profile data for deterministic unit commitment.
% 2022.03.12
% Andres F. Ramirez


%% define constants
[GEN_BUS, PG, QG, QMAX, QMIN, VG, MBASE, GEN_STATUS, PMAX, PMIN, ...
    MU_PMAX, MU_PMIN, MU_QMAX, MU_QMIN, PC1, PC2, QC1MIN, QC1MAX, ...
    QC2MIN, QC2MAX, RAMP_AGC, RAMP_10, RAMP_30, RAMP_Q, APF] = idx_gen;
[CT_LABEL, CT_PROB, CT_TABLE, CT_TBUS, CT_TGEN, CT_TBRCH, CT_TAREABUS, ...
    CT_TAREAGEN, CT_TAREABRCH, CT_ROW, CT_COL, CT_CHGTYPE, CT_REP, ...
    CT_REL, CT_ADD, CT_NEWVAL, CT_TLOAD, CT_TAREALOAD, CT_LOAD_ALL_PQ, ...
    CT_LOAD_FIX_PQ, CT_LOAD_DIS_PQ, CT_LOAD_ALL_P, CT_LOAD_FIX_P, ...
    CT_LOAD_DIS_P, CT_TGENCOST, CT_TAREAGENCOST, CT_MODCOST_F, ...
    CT_MODCOST_X] = idx_ct;

solarprofile = struct( ...
    'type', 'mpcData', ...
    'table', CT_TGEN, ...
    'rows', [1:12], ...
    'col', PMAX, ...
    'chgtype', 1, ...
    'values', [] );
solarprofile.values(:,1,:) = [
	0.0 0.0 0.0 0.0 0.0 0.0 0.0 0.0 0.0 0.0 0.0 0.0;
	0.0 0.0 0.0 0.0 0.0 0.0 0.0 0.0 0.0 0.0 0.0 0.0;
	0.0 0.0 0.0 0.0 0.0 0.0 0.0 0.0 0.0 0.0 0.0 0.0;
	0.0 0.0 0.0 0.0 0.0 0.0 0.0 0.0 0.0 0.0 0.0 0.0;
	0.0 0.0 0.0 0.0 0.0 0.0 0.0 0.0 0.0 0.0 0.0 0.0;
	0.0 0.0 0.002 0.0 0.0 0.0 0.0 0.0 0.0 0.0 0.0 0.0;
	7.26 6.4873 2.9321 1.2286 5.5458 24.8468 3.1059 16.5359 42.3647 69.0705 39.5934 125.0871;
	16.5503 13.3151 8.6182 5.6568 11.3211 260.35 32.5438 66.8231 148.3926 199.6835 126.0911 361.6281;
	22.883 16.6029 13.7701 9.5884 12.6407 370.0084 46.2511 73.3873 180.3976 320.592 213.6347 580.594;
	26.3879 16.7629 13.8 11.0985 12.5617 325.0199 40.6275 70.564 172.3007 341.1569 249.0978 617.8373;
	26.4946 16.793 13.8 11.2956 13.0422 323.6446 40.4556 71.0359 140.4834 343.8478 252.6154 622.7104;
	26.6153 16.68 13.8 11.1035 12.8877 340.8534 42.6067 71.7762 126.4156 341.9367 242.8117 619.2495;
	26.7814 16.6083 13.8 4.9518 10.7628 396.746 49.5932 75.2886 122.4996 267.8772 175.9576 485.1272;
	24.885 16.6083 13.8 3.8246 9.1777 408.3045 51.0381 76.6815 125.7873 244.5193 134.3319 442.8259;
	21.3941 15.1138 12.5694 1.7562 7.1367 383.434 47.9293 74.6974 110.633 189.2922 102.4623 342.8094;
	9.4947 7.5654 6.0678 2.1961 2.8495 139.8257 17.4782 49.038 51.5676 74.8547 54.3622 135.5624;
	0.7577 0.5943 0.3873 1.2742 2.4452 48.3256 6.0407 9.5407 23.3073 21.8104 19.4499 39.4988;
	0.0 0.0 0.0 0.0 0.0 0.0 0.0 0.0 0.0 0.0 0.0 0.0;
	0.0 0.0 0.0 0.0 0.0 0.0 0.0 0.0 0.0 0.0 0.0 0.0;
	0.0 0.0 0.0 0.0 0.0 0.0 0.0 0.0 0.0 0.0 0.0 0.0;
	0.0 0.0 0.0 0.0 0.0 0.0 0.0 0.0 0.0 0.0 0.0 0.0;
	0.0 0.0 0.0 0.0 0.0 0.0 0.0 0.0 0.0 0.0 0.0 0.0;
	0.0 0.0 0.0 0.0 0.0 0.0 0.0 0.0 0.0 0.0 0.0 0.0;
	0.0 0.0 0.0 0.0 0.0 0.0 0.0 0.0 0.0 0.0 0.0 0.0;
];
