function solarprofile = ex_solar_profilesh1
%EX_WIND_PROFILE_D  Example wind_load_nyiso profile data for deterministic unit commitment.
% 2022.03.12
% Andres F. Ramirez


%% define constants
[GEN_BUS, PG, QG, QMAX, QMIN, VG, MBASE, GEN_STATUS, PMAX, PMIN, ...
    MU_PMAX, MU_PMIN, MU_QMAX, MU_QMIN, PC1, PC2, QC1MIN, QC1MAX, ...
    QC2MIN, QC2MAX, RAMP_AGC, RAMP_10, RAMP_30, RAMP_Q, APF] = idx_gen;
[CT_LABEL, CT_PROB, CT_TABLE, CT_TBUS, CT_TGEN, CT_TBRCH, CT_TAREABUS, ...
    CT_TAREAGEN, CT_TAREABRCH, CT_ROW, CT_COL, CT_CHGTYPE, CT_REP, ...
    CT_REL, CT_ADD, CT_NEWVAL, CT_TLOAD, CT_TAREALOAD, CT_LOAD_ALL_PQ, ...
    CT_LOAD_FIX_PQ, CT_LOAD_DIS_PQ, CT_LOAD_ALL_P, CT_LOAD_FIX_P, ...
    CT_LOAD_DIS_P, CT_TGENCOST, CT_TAREAGENCOST, CT_MODCOST_F, ...
    CT_MODCOST_X] = idx_ct;

solarprofile = struct( ...
    'type', 'mpcData', ...
    'table', CT_TGEN, ...
    'rows', [1:12], ...
    'col', PMAX, ...
    'chgtype', 1, ...
    'values', [] );
solarprofile.values(:,1,:) = [
	0.0 0.0 0.0 0.0 0.0 0.0 0.0 0.0 0.0 0.0 0.0 0.0;
	0.0 0.0 0.0 0.0 0.0 0.0 0.0 0.0 0.0 0.0 0.0 0.0;
	0.0 0.0 0.0 0.0 0.0 0.0 0.0 0.0 0.0 0.0 0.0 0.0;
	0.0 0.0 0.0 0.0 0.0 0.0 0.0 0.0 0.0 0.0 0.0 0.0;
	0.0 0.0 0.0 0.0 0.0 0.0 0.0 0.0 0.0 0.0 0.0 0.0;
	0.0 0.0 0.002 0.0 0.0 0.0 0.0 0.0 0.0 0.0 0.0 0.0;
	7.2541 2.101 4.2274 1.5525 5.2338 200.8371 25.1046 46.0681 74.9579 69.5449 42.7006 125.9463;
	19.4271 14.1151 13.5787 7.3504 9.1003 361.8937 45.2367 73.7885 129.0695 227.1425 204.318 411.3564;
	24.2026 16.7337 14.2771 11.0805 10.6857 382.5002 47.8125 76.136 142.2107 331.1677 243.3012 599.7466;
	26.334 16.6083 14.0615 11.3153 10.0589 327.5572 40.9447 72.8021 97.5132 293.3969 239.9373 531.3436;
	25.7881 16.4562 13.8 11.4504 10.8963 346.5947 43.3243 72.5237 140.2722 307.5661 246.0628 557.004;
	22.0048 13.6618 13.74 11.4717 10.5979 358.5617 44.8202 73.5016 176.0894 300.0426 241.1814 543.379;
	17.9645 5.1132 10.9632 10.9115 10.2517 412.7717 51.5965 78.1474 183.1439 137.4556 181.4804 248.9328;
	12.7984 8.5416 11.7584 10.3737 10.7419 423.8791 52.9849 78.6838 157.5173 88.6291 148.4088 160.5079;
	10.8157 7.1251 8.1275 5.9735 10.8361 416.7546 52.0943 76.7829 109.2918 62.4623 113.5868 113.1195;
	8.1954 6.7038 5.6255 3.8169 9.9729 317.2068 39.6508 49.795 45.965 61.299 81.0321 111.0129;
	0.7885 0.7968 0.4688 1.3448 3.0788 52.7852 6.5982 9.1865 23.4774 21.8546 31.8513 39.5788;
	0.0 0.0 0.0 0.0 0.0 0.0 0.0 0.0 0.0 0.0 0.0 0.0;
	0.0 0.0 0.0 0.0 0.0 0.0 0.0 0.0 0.0 0.0 0.0 0.0;
	0.0 0.0 0.0 0.0 0.0 0.0 0.0 0.0 0.0 0.0 0.0 0.0;
	0.0 0.0 0.0 0.0 0.0 0.0 0.0 0.0 0.0 0.0 0.0 0.0;
	0.0 0.0 0.0 0.0 0.0 0.0 0.0 0.0 0.0 0.0 0.0 0.0;
	0.0 0.0 0.0 0.0 0.0 0.0 0.0 0.0 0.0 0.0 0.0 0.0;
	0.0 0.0 0.0 0.0 0.0 0.0 0.0 0.0 0.0 0.0 0.0 0.0;
];
