function loadprofile = ex_load_profilesh1
%EX_LOAD_PROFILE  Example load profile data file for stochastic unit commitment.
% 2022.03.12
% Andres F. Ramirez

%% define constants
[CT_LABEL, CT_PROB, CT_TABLE, CT_TBUS, CT_TGEN, CT_TBRCH, CT_TAREABUS, ...
    CT_TAREAGEN, CT_TAREABRCH, CT_ROW, CT_COL, CT_CHGTYPE, CT_REP, ...
    CT_REL, CT_ADD, CT_NEWVAL, CT_TLOAD, CT_TAREALOAD, CT_LOAD_ALL_PQ, ...
    CT_LOAD_FIX_PQ, CT_LOAD_DIS_PQ, CT_LOAD_ALL_P, CT_LOAD_FIX_P, ...
    CT_LOAD_DIS_P, CT_TGENCOST, CT_TAREAGENCOST, CT_MODCOST_F, ...
    CT_MODCOST_X] = idx_ct;

loadprofile = struct( ...
    'type', 'mpcData', ...
    'table', CT_TAREALOAD, ...
    'rows', [1:11], ...
    'col', CT_LOAD_ALL_P, ...
    'chgtype', 1, ...
    'values', [] );
loadprofile.values(:,1,:) = [
	1449.5302 907.0908 1585.5304 535.7105 753.3142 1053.4194 832.9255 241.7348 497.0504 4294.2698 1612.5883;
	1449.6323 906.1 1580.8032 521.6 759.4008 1047.6514 826.9903 239.4842 494.0589 4178.2737 1575.2412;
	1470.6481 922.3315 1608.0525 533.4779 768.2141 1053.6703 833.7498 239.2632 492.8 4298.6064 1619.6156;
	1542.7 985.125 1697.2927 547.149 808.7855 1133.1185 904.4423 270.8557 535.9016 4491.5239 1723.9851;
	1735.4864 1124.7 1947.8 596.0923 949.0356 1318.1033 1017.4052 333.6071 609.3988 4991.7662 1978.797;
	1823.982 1190.9868 2081.8849 613.6681 1008.5378 1386.0287 1075.4098 359.6 652.4324 5544.4047 2114.828;
	1827.7939 1185.0846 2079.5481 619.6039 1016.5585 1390.4825 1081.0912 352.8 652.1 5844.6739 2157.81;
	1925.5577 1227.0 2133.1674 606.4778 1037.1 1417.3213 1129.8331 354.9055 670.4946 6251.9125 2179.6088;
	1955.9405 1235.3433 2185.9007 626.2114 1042.3 1420.3 1144.5347 362.705 669.5455 6392.4503 2217.044;
	1950.312 1226.3583 2136.4951 624.5903 997.8615 1383.407 1097.5 353.7742 629.5178 6337.6525 2082.1358;
	1942.7517 1231.0533 2134.7739 620.6391 952.4513 1379.6469 1066.2737 330.4049 635.185 6193.7076 2053.8342;
	1956.1 1230.0313 2118.8451 619.8742 960.6777 1439.0887 1130.3849 343.1 649.0001 6303.7446 2136.5093;
	1939.3856 1193.8694 2089.928 604.6849 938.62 1376.6464 1083.5616 322.5 631.8011 6235.0856 2074.0603;
	1889.1444 1140.3207 2070.9849 601.1 930.3536 1379.7899 1093.3302 326.8053 641.3 6200.1098 2159.649;
	1892.9179 1160.2383 2076.8785 599.1 922.5485 1401.1048 1056.8784 341.4144 647.2379 6250.1789 2216.2895;
	1878.6212 1180.9979 2117.9042 614.7205 976.874 1427.2462 1095.1455 328.1028 658.6427 6237.9451 2268.6887;
	1852.6005 1203.1036 2188.7635 618.2507 1032.4562 1450.3116 1083.4285 337.5663 649.0811 5827.7357 2332.0964;
	1923.3448 1239.1885 2240.0399 616.5 1063.9412 1510.6656 1132.5604 372.5 677.8943 5867.8688 2426.195;
	1925.7014 1239.2532 2187.5238 616.2955 1059.2672 1492.0149 1162.1253 353.5301 681.8375 5752.319 2386.0952;
	1882.3165 1184.1672 2095.9604 601.4011 1006.3089 1437.1 1125.2054 350.8362 651.3315 5611.0183 2323.9744;
	1822.1404 1144.7231 2000.5037 589.8 984.4549 1357.0275 1076.6617 341.7425 625.0659 5577.829 2159.1;
	1680.4795 1045.9 1827.7807 558.5773 880.3 1256.934 981.0664 316.4099 560.7466 5079.6288 1932.3263;
	1582.6143 987.3027 1687.3125 566.0 816.9836 1155.4 886.2714 295.5 522.0881 4890.3941 1783.8481;
	1562.2878 955.2 1655.8 572.9156 848.2002 1118.6435 846.4597 285.5067 508.0105 4643.0576 1746.2015;
];
