function loadprofile = ex_load_profilesh1
%EX_LOAD_PROFILE  Example load profile data file for stochastic unit commitment.
% 2022.03.12
% Andres F. Ramirez

%% define constants
[CT_LABEL, CT_PROB, CT_TABLE, CT_TBUS, CT_TGEN, CT_TBRCH, CT_TAREABUS, ...
    CT_TAREAGEN, CT_TAREABRCH, CT_ROW, CT_COL, CT_CHGTYPE, CT_REP, ...
    CT_REL, CT_ADD, CT_NEWVAL, CT_TLOAD, CT_TAREALOAD, CT_LOAD_ALL_PQ, ...
    CT_LOAD_FIX_PQ, CT_LOAD_DIS_PQ, CT_LOAD_ALL_P, CT_LOAD_FIX_P, ...
    CT_LOAD_DIS_P, CT_TGENCOST, CT_TAREAGENCOST, CT_MODCOST_F, ...
    CT_MODCOST_X] = idx_ct;

loadprofile = struct( ...
    'type', 'mpcData', ...
    'table', CT_TAREALOAD, ...
    'rows', [1:11], ...
    'col', CT_LOAD_ALL_P, ...
    'chgtype', 1, ...
    'values', [] );
loadprofile.values(:,1,:) = [
	1516.1564 906.0 1561.8035 556.5 753.3306 1132.2639 855.1523 265.4999 503.236 4626.2517 1663.6491;
	1488.314 896.5328 1558.5 552.0827 752.0862 1128.9894 841.3294 267.2761 490.7471 4434.3708 1632.9329;
	1501.3 903.1 1575.0061 562.6167 769.4227 1155.9899 849.5 277.3 507.9 4444.5721 1676.9532;
	1601.9332 979.5219 1681.8563 571.0 823.7618 1217.7 899.2 308.9057 532.0782 4662.8594 1754.2664;
	1762.5 1122.8504 1920.5955 604.7011 945.7451 1372.1516 1025.5 355.7845 603.7637 5286.1507 2036.0513;
	1886.2139 1203.5863 2041.131 615.4452 1014.3026 1494.774 1098.0174 380.5057 650.6369 5794.7793 2176.3;
	1927.8539 1215.0932 2056.4256 618.3008 1025.3911 1494.4156 1108.6 373.5 673.5265 6124.8797 2190.2108;
	1949.9 1232.1 2080.1 602.7522 1007.4313 1483.1537 1115.6789 361.3094 703.6656 6332.0 2177.2;
	1966.128 1243.9105 2134.4721 593.8 1055.5 1532.821 1124.8349 352.0236 731.4276 6441.7839 2267.9095;
	1943.002 1217.0623 2107.9563 599.3332 1017.3999 1541.9488 1101.1357 346.8646 711.3195 6455.9241 2286.4579;
	1945.7138 1213.0429 2078.9 617.6 993.751 1559.6092 1083.5 332.5545 704.7446 6404.4963 2190.7109;
	1911.3418 1158.4419 2037.5969 613.4059 960.224 1542.2142 1114.0541 343.9033 711.3 6443.5564 2220.9899;
	1905.7142 1177.5408 2049.9696 613.3142 984.4256 1524.7312 1091.1512 340.3389 685.9904 6529.5125 2207.0182;
	1931.9789 1176.4492 2059.6217 598.067 1009.2652 1520.1913 1116.6017 349.3163 701.939 6591.9802 2273.2476;
	1920.625 1189.089 2115.1714 601.9948 1022.4615 1515.3304 1116.5683 353.4 690.6034 6732.1389 2462.3898;
	1887.5314 1183.7082 2090.5737 606.3691 1015.3369 1518.247 1105.5 363.47 688.2536 6495.7623 2424.6951;
	1907.4309 1181.4505 2120.5636 624.1145 1032.5974 1579.3271 1207.7145 414.1 727.0346 6407.8379 2728.6473;
	1952.8335 1226.3507 2184.027 640.7725 1079.2471 1601.7923 1216.3814 427.2307 734.8 6438.9725 2703.8689;
	1959.6081 1213.7712 2142.7804 633.7084 1073.9 1561.5386 1227.048 425.8041 712.8218 6231.8478 2653.039;
	1900.4183 1149.8377 2036.9997 630.026 1024.5506 1471.2573 1156.8521 422.9714 673.5873 5985.9072 2407.5686;
	1880.5321 1095.1 1948.8944 603.6739 965.6222 1395.9718 1096.2111 392.549 632.6373 5699.0804 2308.1703;
	1807.371 1027.4151 1823.7356 585.132 904.7104 1310.0401 1032.0274 387.812 581.6796 5217.3498 2118.3921;
	1689.0726 990.0749 1758.6406 605.3799 911.7477 1258.8742 986.6366 316.1633 583.3457 4969.7175 2003.3727;
	1613.4836 953.9117 1669.1497 594.6639 876.9471 1215.6139 962.78 314.729 583.3163 4727.2606 1986.2435;
];
