function solarprofile = ex_solar_profilesh1
%EX_WIND_PROFILE_D  Example wind_load_nyiso profile data for deterministic unit commitment.
% 2022.03.12
% Andres F. Ramirez


%% define constants
[GEN_BUS, PG, QG, QMAX, QMIN, VG, MBASE, GEN_STATUS, PMAX, PMIN, ...
    MU_PMAX, MU_PMIN, MU_QMAX, MU_QMIN, PC1, PC2, QC1MIN, QC1MAX, ...
    QC2MIN, QC2MAX, RAMP_AGC, RAMP_10, RAMP_30, RAMP_Q, APF] = idx_gen;
[CT_LABEL, CT_PROB, CT_TABLE, CT_TBUS, CT_TGEN, CT_TBRCH, CT_TAREABUS, ...
    CT_TAREAGEN, CT_TAREABRCH, CT_ROW, CT_COL, CT_CHGTYPE, CT_REP, ...
    CT_REL, CT_ADD, CT_NEWVAL, CT_TLOAD, CT_TAREALOAD, CT_LOAD_ALL_PQ, ...
    CT_LOAD_FIX_PQ, CT_LOAD_DIS_PQ, CT_LOAD_ALL_P, CT_LOAD_FIX_P, ...
    CT_LOAD_DIS_P, CT_TGENCOST, CT_TAREAGENCOST, CT_MODCOST_F, ...
    CT_MODCOST_X] = idx_ct;

solarprofile = struct( ...
    'type', 'mpcData', ...
    'table', CT_TGEN, ...
    'rows', [1:12], ...
    'col', PMAX, ...
    'chgtype', 1, ...
    'values', [] );
solarprofile.values(:,1,:) = [
	0.0 0.0 0.0 0.0 0.0 0.0 0.0 0.0 0.0 0.0 0.0 0.0;
	0.0 0.0 0.0 0.0 0.0 0.0 0.0 0.0 0.0 0.0 0.0 0.0;
	0.0 0.0 0.0 0.0 0.0 0.0 0.0 0.0 0.0 0.0 0.0 0.0;
	0.0 0.0 0.0 0.0 0.0 0.0 0.0 0.0 0.0 0.0 0.0 0.0;
	0.0 0.0 0.0 0.0 0.0 0.0 0.0 0.0 0.0 0.0 0.0 0.0;
	0.0 0.0 0.0034 0.0 0.0 0.0 0.0 0.0 0.0 0.0 0.0 0.0;
	2.3794 0.8116 1.2558 1.0916 6.4373 134.439 16.8049 39.8289 57.8868 70.6132 41.3449 127.8809;
	15.9297 13.5061 10.3673 6.7238 11.2217 335.6131 41.9516 61.9768 77.5891 220.8831 135.4069 400.0207;
	23.2853 16.6515 13.8 10.1182 12.2331 379.7931 47.4741 59.4621 95.627 324.9915 194.4869 588.5615;
	26.3056 16.6083 13.8 10.8902 10.5675 327.5885 40.9486 49.534 137.739 308.6137 195.0961 558.9013;
	26.334 16.6083 13.8 10.7055 11.2801 331.934 41.4917 47.5536 170.7124 302.2766 215.353 547.4248;
	26.334 16.6083 13.8 10.3833 11.2929 331.5021 41.4378 46.7165 176.5566 286.323 218.1041 518.5326;
	26.3192 16.6083 13.4285 9.0287 11.2443 373.9683 46.746 56.4897 112.5155 134.6568 151.5999 243.8642;
	21.5422 16.6083 11.8428 9.8745 11.4732 388.1915 48.5239 65.0493 93.7 133.0323 118.7207 240.9222;
	8.6384 12.0325 1.7606 6.9974 11.3667 375.5653 46.9457 69.0684 91.4651 134.4704 117.4476 243.5268;
	0.9541 1.3955 0.2204 5.2955 10.348 232.9964 29.1245 48.4974 62.1792 257.7915 121.0685 466.862;
	0.7343 0.6131 0.3718 1.8746 3.4126 50.6882 6.336 9.3758 19.9471 47.263 32.0252 85.5935;
	0.0 0.0 0.0 0.0 0.0 0.0 0.0 0.0 0.0 0.0 0.0 0.0;
	0.0 0.0 0.0 0.0 0.0 0.0 0.0 0.0 0.0 0.0 0.0 0.0;
	0.0 0.0 0.0 0.0 0.0 0.0 0.0 0.0 0.0 0.0 0.0 0.0;
	0.0 0.0 0.0 0.0 0.0 0.0 0.0 0.0 0.0 0.0 0.0 0.0;
	0.0 0.0 0.0 0.0 0.0 0.0 0.0 0.0 0.0 0.0 0.0 0.0;
	0.0 0.0 0.0 0.0 0.0 0.0 0.0 0.0 0.0 0.0 0.0 0.0;
	0.0 0.0 0.0 0.0 0.0 0.0 0.0 0.0 0.0 0.0 0.0 0.0;
];
