function windprofile = ex_wind_profilesh1
%EX_WIND_PROFILE_D  Example wind_load_nyiso profile data for deterministic unit commitment.
% 2022.03.12
% Andres F. Ramirez


%% define constants
[GEN_BUS, PG, QG, QMAX, QMIN, VG, MBASE, GEN_STATUS, PMAX, PMIN, ...
    MU_PMAX, MU_PMIN, MU_QMAX, MU_QMIN, PC1, PC2, QC1MIN, QC1MAX, ...
    QC2MIN, QC2MAX, RAMP_AGC, RAMP_10, RAMP_30, RAMP_Q, APF] = idx_gen;
[CT_LABEL, CT_PROB, CT_TABLE, CT_TBUS, CT_TGEN, CT_TBRCH, CT_TAREABUS, ...
    CT_TAREAGEN, CT_TAREABRCH, CT_ROW, CT_COL, CT_CHGTYPE, CT_REP, ...
    CT_REL, CT_ADD, CT_NEWVAL, CT_TLOAD, CT_TAREALOAD, CT_LOAD_ALL_PQ, ...
    CT_LOAD_FIX_PQ, CT_LOAD_DIS_PQ, CT_LOAD_ALL_P, CT_LOAD_FIX_P, ...
    CT_LOAD_DIS_P, CT_TGENCOST, CT_TAREAGENCOST, CT_MODCOST_F, ...
    CT_MODCOST_X] = idx_ct;

windprofile = struct( ...
    'type', 'mpcData', ...
    'table', CT_TGEN, ...
    'rows', [1:45], ...
    'col', PMAX, ...
    'chgtype', 1, ...
    'values', [] );
windprofile.values(:,1,:) = [
	3.7583 50.7827 89.9719 110.4125 14.9158 34.4556 29.464 18.5764 27.3659 29.6092 54.7322 81.6497 122.9231 62.9151 195.8803 73.7968 91.5627 97.0291 10.5158 71.4635 9.8213 80.3964 71.8894 88.0888 104.771 73.7607 13.853 1148.847 700.3833 700.3833 610.7558 115.9684 35.0526 183.9472 197.2474 298.8302 1131.2482 228.5784 460.8476 280.6367 122.2446 382.2274 147.073 267.4281 1143.032;
	3.6791 49.7127 91.5422 116.9839 14.5848 33.671 29.3885 18.6661 26.5229 29.569 54.6579 81.5388 122.7562 63.3633 189.6273 71.441 88.6397 93.9317 26.5334 72.5596 9.7962 78.5657 70.5832 87.1487 103.5048 73.4063 13.7108 1061.3371 701.8457 701.8457 589.626 111.8504 88.4446 186.7686 198.6524 299.4542 1091.5752 229.7585 452.2532 277.245 122.0895 373.5239 144.0597 273.8969 1102.9458;
	3.8668 52.2486 93.426 66.2639 14.7436 34.366 28.3517 18.7378 26.4112 28.4383 52.5679 78.4209 118.0622 64.0277 196.7274 74.1159 91.9586 97.4487 32.3173 70.8132 9.4506 80.1873 69.5425 87.4375 104.1644 73.4207 13.88 1094.8679 695.2501 695.2501 599.5034 116.0329 107.7245 182.2733 200.7355 296.64 1141.4663 242.7662 443.3437 279.0117 122.4844 381.2335 145.9986 272.2727 1153.3566;
	3.7904 51.2165 93.2152 85.6917 14.7532 34.2625 27.0302 19.047 26.4905 27.4708 50.7793 75.7527 114.0453 64.8175 198.0161 74.6014 92.561 98.0871 41.9386 71.0855 9.0101 79.9459 59.8516 86.3021 104.6769 75.0408 14.0051 1115.5737 699.3771 699.3771 524.5692 104.6434 139.7955 182.9742 203.2115 298.4009 1036.6701 233.6965 453.4342 280.3845 123.1644 380.0857 171.6094 269.2039 1047.4687;
	3.6302 49.0517 92.5233 118.9202 14.5525 33.9222 21.941 18.8834 26.3683 27.7242 51.2478 76.4516 115.0974 63.6068 193.5741 72.9279 90.4846 95.8867 79.5995 69.8698 7.3137 79.1517 41.8838 86.2304 104.8347 74.8179 13.9861 1078.5407 647.9627 647.9627 488.052 96.1056 265.3318 179.8451 199.416 276.4641 1062.8339 226.0282 444.3907 280.8073 122.6518 376.3099 188.5886 264.2054 1073.9051;
	3.9019 52.7227 92.9996 118.8647 14.9093 34.9425 26.7535 18.864 26.3519 28.1679 52.0679 77.6751 116.9395 67.7317 202.7721 76.3932 94.7842 100.4429 89.7705 71.986 8.9178 81.5325 63.5092 86.6272 105.6547 72.9963 14.0762 1161.1271 727.4896 727.4896 486.5672 90.92 299.235 185.2921 212.3479 310.3956 1048.4151 209.0595 446.9482 283.0037 122.4644 387.6288 203.1107 269.12 1059.3361;
	3.8216 51.6377 92.9654 116.7355 14.9733 33.5036 28.6791 18.5954 25.996 22.2728 41.171 61.419 92.4659 65.9433 200.6387 75.5895 93.7869 99.3861 88.5384 70.5012 9.5597 78.1751 68.1903 85.6466 103.3382 73.7658 13.7501 1200.7346 752.8228 752.8228 540.1514 91.7159 295.128 181.4704 206.7413 321.2044 1064.478 229.6364 449.3677 276.7988 119.7696 371.6665 198.1422 265.0775 1075.5664;
	3.8203 51.6202 90.8426 114.1651 14.8279 33.2039 28.3355 18.6183 27.6163 22.6743 41.913 62.526 94.1325 64.6822 192.6734 72.5886 90.0636 95.4405 88.7526 69.0135 9.4452 77.4757 71.1057 85.5849 105.4605 73.9141 13.8379 1119.9953 738.6011 738.6011 512.5654 74.977 295.8419 177.6408 202.7875 315.1364 1062.1057 226.7096 453.1756 282.4835 116.4902 368.3418 192.378 257.0055 1073.1693;
	3.8527 52.0578 93.5568 117.5807 14.8211 34.0331 29.8787 18.3628 28.2205 24.6607 45.585 68.0039 102.3794 67.2197 196.0998 73.8795 91.6653 97.1378 91.8104 69.2027 9.9596 79.4106 62.9274 85.1521 101.8658 73.1962 13.6154 1171.7587 785.3512 785.3512 554.0314 61.3663 306.0348 178.1278 210.7429 335.0832 1088.9851 246.3986 453.3889 272.8548 118.4844 377.5409 185.6124 267.4057 1100.3287;
	3.8755 52.3664 90.0156 114.7156 14.8563 33.9712 31.5169 18.5812 28.2309 28.9536 53.5203 79.8418 120.2014 67.5182 196.34 73.9699 91.7775 97.2568 91.9134 68.8578 10.5056 79.2662 69.7351 83.3831 101.6211 72.5423 13.4724 1175.0242 768.0462 768.0462 617.9079 80.6274 306.378 177.2401 211.6786 327.6997 1082.4409 251.9585 470.9346 272.1993 118.4523 376.8543 177.774 262.7706 1093.7163;
	3.8958 52.6413 89.5022 114.0947 14.8725 32.992 29.3904 18.4621 28.451 30.1118 55.6613 83.0357 125.0098 65.7666 202.7681 76.3917 94.7823 100.4409 92.7102 70.1136 9.7968 76.9813 67.7968 81.5693 98.8399 71.579 13.3918 1175.9705 759.5343 759.5343 608.9359 88.4679 309.034 180.4725 206.1872 324.068 1052.0222 285.8918 475.9645 264.7498 116.5326 365.9911 180.1098 260.5102 1062.9808;
	3.8414 51.9057 91.3688 114.3003 15.2073 33.7562 28.5577 18.3268 28.3684 29.3482 54.2498 80.93 121.8396 58.7383 201.3477 75.8566 94.1184 99.7374 92.7328 69.0133 9.5192 78.7644 56.8505 83.6967 100.9765 72.8818 13.4307 1087.2376 775.1235 775.1235 631.9836 92.5046 309.1093 177.6405 184.1525 330.7194 1055.5688 277.7632 470.4722 270.4728 114.2214 374.4685 195.8106 270.6038 1066.5644;
	3.8866 52.5159 92.888 120.0271 15.3545 34.5268 30.9324 19.0655 28.3521 30.1535 55.7383 83.1506 125.1827 66.2792 200.2495 75.4428 93.605 99.1933 92.1081 70.4771 10.3108 80.5625 70.3326 86.1486 102.1325 74.0059 13.7741 1116.8847 789.6966 789.6966 670.3199 104.5209 307.027 181.4081 207.7942 336.9372 974.817 300.7229 468.6185 273.5693 119.6921 383.0172 185.8777 262.3927 984.9713;
	3.8842 52.4835 93.1367 119.2457 15.3934 34.4026 31.4682 18.7918 28.4104 30.3294 56.0635 83.6356 125.913 65.9501 204.2665 76.9562 95.4827 101.1832 92.5284 72.1142 10.4894 80.2727 67.9802 85.9484 99.5925 73.0451 13.7305 1112.5799 749.874 749.874 726.9762 99.7926 308.4281 185.6221 206.7625 319.9462 1015.3986 315.6356 470.8852 266.7656 118.6473 381.6393 173.0669 269.3099 1025.9756;
	3.8992 52.6865 94.5435 119.7634 15.3583 34.5319 28.8784 18.9944 28.3812 30.7961 56.9261 84.9225 127.8503 68.0535 204.3355 76.9822 95.515 101.2173 91.9007 71.5434 9.6261 80.5745 71.7443 87.0832 99.4297 74.1817 13.9081 1121.2854 753.6528 753.6528 708.7877 101.9916 306.3358 184.1529 213.3571 321.5585 962.5798 316.066 471.8358 266.3296 119.3929 383.074 198.0039 261.6082 972.6067;
	3.7735 50.9877 93.6205 118.9969 14.6412 34.2521 28.8316 18.9125 28.4185 29.7091 54.9168 81.9251 123.3378 66.3153 205.0893 77.2662 95.8673 101.5907 92.0557 71.1919 9.6105 79.9216 71.84 85.707 101.2585 74.9182 14.1156 1196.8265 767.7154 767.7154 652.3166 107.3461 306.8525 183.2481 207.9074 327.5586 1074.586 311.3132 471.5371 271.228 113.9166 379.97 186.2593 262.4818 1085.7796;
	3.7491 50.6581 90.7487 113.0071 14.4184 34.3108 25.9344 17.8586 28.2316 28.4931 52.6691 78.5719 118.2896 64.6271 198.321 74.7163 92.7035 98.2381 89.4249 70.8024 8.6448 80.0586 67.689 84.7098 98.3764 72.0952 12.8505 1183.3846 756.7117 756.7117 675.7605 109.6505 298.0831 182.2456 202.6146 322.8637 1130.1336 310.0392 468.5685 263.5081 116.0149 380.6213 184.6341 242.0768 1141.9058;
	3.919 52.955 94.7407 117.0861 15.2802 34.5499 25.0291 16.1024 27.9353 28.6409 52.9423 78.9795 118.9032 64.7793 199.5904 75.1945 93.2969 98.8669 85.7574 71.0363 8.343 80.6164 68.9089 86.2054 103.946 69.5346 12.7022 1274.0381 709.6687 709.6687 626.2477 103.9272 285.8579 182.8475 203.0917 302.792 1108.9861 298.8496 467.856 278.4269 115.7382 383.2735 200.9949 261.1851 1120.538;
