function windprofile = ex_wind_profilesh1
%EX_WIND_PROFILE_D  Example wind_load_nyiso profile data for deterministic unit commitment.
% 2022.03.12
% Andres F. Ramirez


%% define constants
[GEN_BUS, PG, QG, QMAX, QMIN, VG, MBASE, GEN_STATUS, PMAX, PMIN, ...
    MU_PMAX, MU_PMIN, MU_QMAX, MU_QMIN, PC1, PC2, QC1MIN, QC1MAX, ...
    QC2MIN, QC2MAX, RAMP_AGC, RAMP_10, RAMP_30, RAMP_Q, APF] = idx_gen;
[CT_LABEL, CT_PROB, CT_TABLE, CT_TBUS, CT_TGEN, CT_TBRCH, CT_TAREABUS, ...
    CT_TAREAGEN, CT_TAREABRCH, CT_ROW, CT_COL, CT_CHGTYPE, CT_REP, ...
    CT_REL, CT_ADD, CT_NEWVAL, CT_TLOAD, CT_TAREALOAD, CT_LOAD_ALL_PQ, ...
    CT_LOAD_FIX_PQ, CT_LOAD_DIS_PQ, CT_LOAD_ALL_P, CT_LOAD_FIX_P, ...
    CT_LOAD_DIS_P, CT_TGENCOST, CT_TAREAGENCOST, CT_MODCOST_F, ...
    CT_MODCOST_X] = idx_ct;

windprofile = struct( ...
    'type', 'mpcData', ...
    'table', CT_TGEN, ...
    'rows', [1:45], ...
    'col', PMAX, ...
    'chgtype', 1, ...
    'values', [] );
windprofile.values(:,1,:) = [
	3.5612 48.12 89.6863 106.3715 14.1716 32.2542 28.337 18.9879 27.5643 30.8803 57.0818 85.1548 128.2001 63.5055 196.4249 74.0019 91.8172 97.2988 36.6564 70.842 9.4457 75.2598 72.1506 87.4573 103.3735 75.2485 13.9691 1188.9966 615.3782 615.3782 598.6771 106.8873 122.188 182.3474 199.0982 262.5614 1128.8066 217.7684 461.9484 276.8934 122.9857 357.8064 136.0414 272.2705 1140.565;
	3.6576 49.4225 94.7434 117.7408 14.7085 32.7819 28.051 19.1712 27.2905 30.411 56.2142 83.8605 126.2515 63.5511 197.8919 74.5546 92.503 98.0255 32.4306 72.9605 9.3503 76.4911 69.3082 89.404 105.1942 76.3603 14.1291 1198.3492 680.9981 680.9981 591.8292 103.1613 108.1019 187.8006 199.2412 290.5592 1124.4372 221.5955 464.2166 281.7702 123.589 363.6607 142.0079 285.2736 1136.1501;
	3.662 49.4816 93.3426 58.4317 14.0732 32.0922 27.6621 19.0675 26.7211 30.234 55.8872 83.3727 125.5171 63.0398 202.6775 76.3576 94.7399 100.3961 35.6978 73.9091 9.2207 74.8818 69.5342 87.9024 104.5353 76.2584 14.0358 1187.1465 701.4179 701.4179 603.7271 106.466 118.9926 190.2421 197.6384 299.2716 1181.5301 228.6566 449.8855 280.0053 121.2748 356.0094 133.2475 281.9665 1193.8377;
	3.7863 51.1615 92.7252 79.8539 14.453 33.4084 27.7375 19.1339 27.6231 30.3036 56.0158 83.5646 125.806 61.1392 204.4086 77.0097 95.5491 101.2536 45.0791 73.9171 9.2458 77.953 65.3867 86.9177 103.8631 76.6398 14.0193 1219.8389 737.5812 737.5812 581.4612 99.0122 150.2636 190.2628 191.6796 314.7013 1140.4714 241.3569 460.8987 278.2048 122.5373 370.6109 175.8321 286.9529 1152.3513;
	3.5756 48.3148 89.5439 100.6322 14.169 31.9705 23.5833 18.6423 27.7177 30.7554 56.8508 84.8102 127.6814 64.1479 198.5719 74.8108 92.8208 98.3624 79.1102 73.7916 7.8611 74.5979 59.4857 85.2615 100.7473 75.6474 13.4565 1171.4561 674.3166 674.3166 553.8747 98.513 263.7007 189.9397 201.1122 287.7084 1180.0825 244.288 453.0093 269.8587 119.5788 354.6598 182.326 282.181 1192.3751;
	3.8515 52.042 92.6738 114.2843 14.6217 33.242 30.0224 18.9308 28.2358 31.2373 57.7416 86.1391 129.682 65.9959 202.5261 76.3005 94.6692 100.321 87.4619 73.7457 10.0075 77.5647 70.6945 87.0359 104.6112 76.4078 13.8823 1252.6217 722.9011 722.9011 531.9811 97.0723 291.5398 189.8215 206.9061 308.4378 1154.3532 228.2839 476.502 280.2086 121.1532 368.7647 197.2756 282.3436 1166.3777;
	3.7891 51.1993 94.0863 114.2909 14.6925 32.778 30.26 19.1463 28.4265 31.3361 57.9243 86.4116 130.0922 67.397 201.2059 75.8031 94.0521 99.6671 86.0234 73.7435 10.0867 76.4821 75.1427 88.3569 104.6782 76.6209 14.0123 1235.583 726.9601 726.9601 571.6661 96.1522 286.7448 189.8159 211.2988 310.1696 1146.6376 248.8834 473.2803 280.388 121.8739 363.6177 193.7485 277.5405 1158.5817;
	3.7848 51.1403 94.1987 115.215 14.6668 33.9337 28.642 19.1423 28.0465 31.1946 57.6627 86.0214 129.5047 66.7762 198.5335 74.7963 92.8029 98.3433 85.0069 72.6896 9.5473 79.1787 74.1755 89.5073 106.5232 76.5869 14.0404 1239.6211 719.2806 719.2806 555.4712 80.7535 283.3563 187.1033 209.3525 306.8931 1172.6695 242.3451 471.9212 285.33 121.4767 376.4381 192.3926 271.3939 1184.8848;
	3.7394 50.5272 94.1377 118.1958 14.1748 34.1165 27.9334 19.1384 26.4557 31.3555 57.9602 86.4653 130.173 67.8531 199.1338 75.0225 93.0835 98.6407 87.0925 71.8948 9.3111 79.6053 75.6204 89.8047 106.1381 76.6513 14.1368 1166.9987 776.0638 776.0638 604.6346 74.8434 290.3083 185.0575 212.7286 331.1206 1206.5911 275.052 468.2461 284.2985 122.883 378.4662 172.8355 283.9454 1219.1598;
	3.7036 50.0437 92.072 113.9041 14.3684 34.0533 29.4906 18.7644 27.2136 31.2575 57.779 86.1948 129.7659 67.94 200.5966 75.5736 93.7672 99.3653 89.9042 73.2235 9.8302 79.4577 74.8398 88.5874 104.2206 75.1506 13.9973 1137.5427 751.721 751.721 665.9956 91.0212 299.6806 188.4774 213.0011 320.7343 1143.4787 293.4104 467.0731 279.1623 118.6849 377.7648 159.3308 274.7519 1155.39;
	3.7434 50.5809 93.2293 116.6684 14.4315 34.3013 27.3382 18.9921 27.6419 31.578 58.3715 87.0787 131.0966 68.9618 197.2124 74.2986 92.1853 97.6889 87.1245 71.2673 9.1127 80.0363 75.869 86.8834 102.1529 73.6624 13.8063 1138.6772 746.2908 746.2908 648.412 89.4421 290.415 183.4422 216.2044 318.4174 1115.2333 295.5879 471.5752 273.6238 118.3378 380.5157 168.2483 271.7153 1126.8503;
	3.6466 49.2737 92.2887 114.5781 14.4778 32.5679 26.2777 18.8886 27.8736 31.1903 57.6548 86.0095 129.4869 68.1112 196.1873 73.9124 91.7062 97.1812 83.9638 69.328 8.7592 75.9919 75.5233 84.4609 100.5799 73.1917 13.6062 1077.7719 717.3061 717.3061 633.8385 91.3264 279.8794 178.4505 213.5377 306.0506 1071.0329 284.6583 468.8519 269.4104 114.2337 361.287 179.1488 275.9088 1082.1895;
	3.7849 51.1429 91.8401 113.5374 15.1017 33.0138 27.8905 18.8229 28.1904 31.2433 57.7527 86.1557 129.7069 68.5907 191.7705 72.2484 89.6416 94.9933 82.5349 69.0206 9.2968 77.0322 75.4988 86.9294 100.964 73.2419 13.8523 1073.3628 740.2065 740.2065 650.8434 98.6506 275.1164 177.6591 215.041 315.8214 1014.4032 293.0558 469.0481 270.4392 115.3476 366.2331 157.2899 268.5657 1024.9699;
	3.6996 49.99 91.8059 112.6598 15.2429 33.0083 28.8594 19.0469 28.3414 31.0655 57.4242 85.6656 128.9691 67.5962 191.8052 72.2615 89.6578 95.0105 85.6124 69.6796 9.6198 77.0193 75.1029 86.7423 101.9234 75.0883 13.9917 1086.9283 697.4383 697.4383 678.3213 101.2177 285.3746 179.3554 211.9233 297.5737 1023.232 305.3311 477.2649 273.0092 116.2592 366.1719 152.7763 273.5608 1033.8907;
	3.6705 49.5971 91.7844 111.0703 15.0697 32.3678 26.6305 18.739 28.4095 31.0326 57.3633 85.5748 128.8323 68.5136 192.2496 72.4289 89.8655 95.2306 83.4 70.2046 8.8768 75.5248 74.6461 86.9693 99.7978 74.9626 13.9905 1046.0465 725.001 725.001 706.5379 105.0425 278.0 180.7067 214.7994 309.3337 955.6184 317.9094 470.4158 267.3156 115.3056 359.0664 168.8314 261.3133 965.5728;
	3.5294 47.6896 92.3079 111.6519 14.3931 31.9809 26.0246 18.7746 28.1843 30.7549 56.8499 84.8089 127.6794 66.7672 192.7835 72.6301 90.1151 95.4951 76.0193 69.0977 8.6749 74.6221 73.893 85.5571 98.6743 74.7389 13.8125 1045.684 710.1654 710.1654 659.0254 106.3077 253.3976 177.8575 209.3241 303.0039 1004.5467 287.207 460.4959 264.3062 112.282 354.7746 168.8742 258.4867 1015.0107;
	3.3958 45.8843 90.8682 113.1303 14.3167 31.9507 24.8448 19.0298 26.9103 30.8594 57.0432 85.0973 128.1135 63.4709 191.5281 72.1571 89.5283 94.8732 74.6811 70.7224 8.2816 74.5516 73.4229 88.0229 102.3668 75.7568 13.2055 963.7635 623.7316 623.7316 597.6517 104.4891 248.9371 182.0396 198.9899 266.1255 967.0514 274.2602 440.3647 274.1969 116.8445 354.4396 158.628 239.0138 977.1249;
	3.5807 48.3827 89.8637 111.4598 14.347 28.7302 22.8744 17.4833 27.3244 30.9824 57.2704 85.4362 128.6238 67.0901 190.1881 71.6523 88.9019 94.2095 84.0418 68.4487 7.6248 67.0372 73.9664 86.0104 103.118 72.149 12.9248 1042.2927 594.1658 594.1658 586.7274 102.4137 280.1392 176.1872 210.3366 253.5108 982.8791 289.9481 463.0928 276.2089 121.7383 318.7138 150.294 249.0385 993.1174;
