function solarprofile = ex_solar_profilesh1
%EX_WIND_PROFILE_D  Example wind_load_nyiso profile data for deterministic unit commitment.
% 2022.03.12
% Andres F. Ramirez


%% define constants
[GEN_BUS, PG, QG, QMAX, QMIN, VG, MBASE, GEN_STATUS, PMAX, PMIN, ...
    MU_PMAX, MU_PMIN, MU_QMAX, MU_QMIN, PC1, PC2, QC1MIN, QC1MAX, ...
    QC2MIN, QC2MAX, RAMP_AGC, RAMP_10, RAMP_30, RAMP_Q, APF] = idx_gen;
[CT_LABEL, CT_PROB, CT_TABLE, CT_TBUS, CT_TGEN, CT_TBRCH, CT_TAREABUS, ...
    CT_TAREAGEN, CT_TAREABRCH, CT_ROW, CT_COL, CT_CHGTYPE, CT_REP, ...
    CT_REL, CT_ADD, CT_NEWVAL, CT_TLOAD, CT_TAREALOAD, CT_LOAD_ALL_PQ, ...
    CT_LOAD_FIX_PQ, CT_LOAD_DIS_PQ, CT_LOAD_ALL_P, CT_LOAD_FIX_P, ...
    CT_LOAD_DIS_P, CT_TGENCOST, CT_TAREAGENCOST, CT_MODCOST_F, ...
    CT_MODCOST_X] = idx_ct;

solarprofile = struct( ...
    'type', 'mpcData', ...
    'table', CT_TGEN, ...
    'rows', [1:12], ...
    'col', PMAX, ...
    'chgtype', 1, ...
    'values', [] );
solarprofile.values(:,1,:) = [
	0.0 0.0 0.0 0.0 0.0 0.0 0.0 0.0 0.0 0.0 0.0 0.0;
	0.0 0.0 0.0 0.0 0.0 0.0 0.0 0.0 0.0 0.0 0.0 0.0;
	0.0 0.0 0.0 0.0 0.0 0.0 0.0 0.0 0.0 0.0 0.0 0.0;
	0.0 0.0 0.0 0.0 0.0 0.0 0.0 0.0 0.0 0.0 0.0 0.0;
	0.0 0.0 0.0 0.0 0.0 0.0 0.0 0.0 0.0 0.0 0.0 0.0;
	0.0 0.0 0.002 0.0 0.0 0.0 0.0 0.0 0.0 0.0 0.0 0.0;
	7.5111 4.5545 3.4538 1.0856 3.1459 55.6651 6.9581 29.5558 64.4527 70.5239 44.777 127.7192;
	22.4444 16.4577 13.3532 5.9789 9.6349 272.5509 34.0689 71.7255 134.8287 254.5113 155.2999 460.9214;
	26.0688 17.2018 14.1711 9.6693 11.6434 351.8341 43.9793 74.3372 169.0114 333.4111 207.8807 603.8096;
	27.0516 17.036 13.9409 11.2835 8.1014 316.4163 39.552 63.9666 195.8787 294.1647 216.5833 532.734;
	27.2772 16.9721 14.1585 11.4794 7.8098 310.239 38.7799 61.2876 209.9324 300.8955 225.5591 544.9236;
	27.4995 17.1425 14.3514 11.7243 8.132 333.043 41.6304 63.2588 222.7424 294.2274 226.576 532.8477;
	27.5227 17.3826 14.3814 12.0166 11.0723 419.0771 52.3846 72.3141 217.7098 143.5822 185.914 260.0283;
	26.8616 17.3423 14.2323 11.9483 11.5556 432.9464 54.1183 74.7533 194.9475 98.5986 155.9226 178.5626;
	23.2695 16.6282 12.7979 10.9965 10.9355 427.8691 53.4836 72.6998 155.4216 63.3046 117.1114 114.6451;
	9.4891 6.7138 5.3993 5.3787 6.4756 288.3514 36.0439 41.326 50.5677 41.1502 35.4723 74.5232;
	1.1226 0.7989 0.7082 1.3621 2.6326 52.4656 6.5582 9.4731 22.4023 21.6233 17.235 39.16;
	0.0 0.0 0.0 0.0 0.0 0.0 0.0 0.0 0.0 0.0 0.0 0.0;
	0.0 0.0 0.0 0.0 0.0 0.0 0.0 0.0 0.0 0.0 0.0 0.0;
	0.0 0.0 0.0 0.0 0.0 0.0 0.0 0.0 0.0 0.0 0.0 0.0;
	0.0 0.0 0.0 0.0 0.0 0.0 0.0 0.0 0.0 0.0 0.0 0.0;
	0.0 0.0 0.0 0.0 0.0 0.0 0.0 0.0 0.0 0.0 0.0 0.0;
	0.0 0.0 0.0 0.0 0.0 0.0 0.0 0.0 0.0 0.0 0.0 0.0;
	0.0 0.0 0.0 0.0 0.0 0.0 0.0 0.0 0.0 0.0 0.0 0.0;
];
