function windprofile = ex_wind_profilesh1
%EX_WIND_PROFILE_D  Example wind_load_nyiso profile data for deterministic unit commitment.
% 2022.03.12
% Andres F. Ramirez


%% define constants
[GEN_BUS, PG, QG, QMAX, QMIN, VG, MBASE, GEN_STATUS, PMAX, PMIN, ...
    MU_PMAX, MU_PMIN, MU_QMAX, MU_QMIN, PC1, PC2, QC1MIN, QC1MAX, ...
    QC2MIN, QC2MAX, RAMP_AGC, RAMP_10, RAMP_30, RAMP_Q, APF] = idx_gen;
[CT_LABEL, CT_PROB, CT_TABLE, CT_TBUS, CT_TGEN, CT_TBRCH, CT_TAREABUS, ...
    CT_TAREAGEN, CT_TAREABRCH, CT_ROW, CT_COL, CT_CHGTYPE, CT_REP, ...
    CT_REL, CT_ADD, CT_NEWVAL, CT_TLOAD, CT_TAREALOAD, CT_LOAD_ALL_PQ, ...
    CT_LOAD_FIX_PQ, CT_LOAD_DIS_PQ, CT_LOAD_ALL_P, CT_LOAD_FIX_P, ...
    CT_LOAD_DIS_P, CT_TGENCOST, CT_TAREAGENCOST, CT_MODCOST_F, ...
    CT_MODCOST_X] = idx_ct;

windprofile = struct( ...
    'type', 'mpcData', ...
    'table', CT_TGEN, ...
    'rows', [1:45], ...
    'col', PMAX, ...
    'chgtype', 1, ...
    'values', [] );
windprofile.values(:,1,:) = [
	3.7935 51.258 92.1183 107.4564 14.5692 34.2454 29.818 18.3604 27.4079 30.123 55.6819 83.0664 125.0561 67.4104 196.0741 73.8698 91.6532 97.1251 37.6785 70.4354 9.9393 79.9058 73.6533 87.6422 105.0172 74.0036 13.6238 1117.7609 700.0021 700.0021 616.7984 105.4765 125.595 181.3009 211.3407 298.6675 1128.9055 230.3266 469.6728 281.296 114.006 379.8952 152.9326 266.5443 1140.6649;
	3.7065 50.083 93.144 115.7026 14.3453 33.5483 28.5848 18.657 26.2572 29.1242 53.8357 80.3123 120.9097 68.7031 193.6058 72.9399 90.4995 95.9024 31.9746 71.275 9.5283 78.2794 72.0818 87.6488 105.5629 72.5613 13.5557 1058.347 660.1313 660.1313 571.7994 102.5429 106.5821 183.4621 215.3935 281.656 1031.2824 231.5237 455.4113 282.7577 120.0715 372.1627 137.8327 270.8117 1042.025;
	3.7964 51.2983 92.4819 61.4821 14.5167 34.1273 27.8611 18.1294 25.9515 28.5561 52.7855 78.7456 118.5511 67.0146 194.0339 73.1011 90.6996 96.1145 26.2454 69.9659 9.287 79.6304 70.2397 87.7124 105.5392 72.7544 13.4766 1045.2107 655.2311 655.2311 548.3082 102.3039 87.4847 180.0923 210.0999 279.5653 1099.9781 227.8823 448.2096 282.6942 118.8488 378.5859 133.0085 265.7416 1111.4362;
	3.7779 51.0475 89.176 75.0616 14.7414 34.2877 24.5143 18.012 25.7726 26.026 48.1087 71.7687 108.0474 66.7244 198.007 74.598 92.5568 98.0825 37.6336 70.9884 8.1714 80.0047 62.8557 85.7849 103.8856 72.6205 13.4263 1117.1779 670.0671 670.0671 520.2915 95.5354 125.4453 182.7242 209.1899 285.8953 1055.4327 231.4396 440.6139 278.2651 117.8292 380.3653 170.6685 258.2164 1066.4268;
	3.6738 49.6409 92.6526 117.9108 15.2107 34.3367 23.2773 18.6844 26.9936 28.9451 53.5046 79.8184 120.1661 67.7313 189.4683 71.3811 88.5654 93.8529 70.2767 70.629 7.7591 80.119 59.9439 88.5884 106.3845 75.607 13.5895 1153.5594 646.4198 646.4198 528.9587 88.95 234.2556 181.7993 212.3467 275.8058 1157.1371 227.4071 461.8354 284.9585 118.6338 380.9086 191.8844 269.5679 1169.1906;
	3.9066 52.787 92.7909 119.3174 15.3154 34.6515 27.4424 18.8373 27.0668 29.8457 55.1692 82.3017 123.9047 69.6136 199.8816 75.3042 93.433 99.0111 86.516 73.2402 9.1475 80.8534 70.7696 89.4019 106.7359 75.1604 13.9992 1210.6761 719.5461 719.5461 513.7891 88.9594 288.3868 188.5204 218.248 307.0063 1116.4858 213.7757 459.5403 285.8998 115.9294 384.4001 201.6604 269.4159 1128.1158;
	3.8826 52.463 93.0571 117.4278 15.0581 33.2396 28.5417 18.6704 26.9746 30.2222 55.8652 83.34 125.4679 69.2744 198.673 74.8489 92.8681 98.4124 85.5913 73.3446 9.5139 77.559 73.335 89.3692 105.6455 75.5269 13.8966 1208.4884 691.071 691.071 559.7255 88.3926 285.3044 188.7893 217.1847 294.857 1078.3245 222.8183 464.5574 282.9792 119.0672 368.7377 205.9036 262.8211 1089.5571;
	3.8575 52.1238 92.4315 115.5607 15.0877 33.0616 27.104 19.0491 25.8314 29.9481 55.3587 82.5842 124.3301 68.0367 200.0689 75.3748 93.5206 99.1039 85.4861 73.4046 9.0347 77.1438 73.5428 89.7899 106.4037 74.5213 14.0159 1170.7122 701.3283 701.3283 551.5735 78.7942 284.9537 188.9436 213.3043 299.2334 1099.7632 228.9593 461.3782 285.01 120.5276 366.7636 205.2071 251.2421 1111.2191;
	3.8678 52.2629 91.5421 117.2955 14.7962 33.0286 26.2379 18.7647 24.7342 29.9298 55.3248 82.5337 124.2541 68.7321 203.6052 76.7071 95.1736 100.8556 89.5195 72.5973 8.746 77.0666 73.394 88.8487 105.7215 73.0347 13.8057 1165.0042 775.2551 775.2551 593.521 76.0194 298.3984 186.8657 215.4843 330.7755 1147.3336 260.8103 442.3703 283.1826 121.2756 366.3968 186.161 258.8257 1159.2849;
	3.8965 52.6507 87.905 114.4605 15.1849 32.5341 28.2966 17.9432 26.0906 29.8469 55.1716 82.3051 123.9099 69.3929 202.3412 76.2309 94.5827 100.2295 90.714 71.7481 9.4322 75.9129 73.531 86.8295 101.5482 69.5949 13.1904 1186.5749 776.729 776.729 646.1311 87.0799 302.3799 184.6798 217.5561 331.4044 1187.8337 282.4101 456.5928 272.0041 120.6585 360.9116 173.1507 248.8122 1200.2069;
	3.755 50.7387 86.6481 109.7861 14.7862 32.143 26.0634 17.3773 26.0969 29.4214 54.3849 81.1316 122.1432 68.5234 204.1832 76.9248 95.4438 101.1419 90.2211 71.6046 8.6878 75.0003 72.8013 85.4344 97.2643 69.6192 12.8878 1207.4582 755.1342 755.1342 631.0789 85.1712 300.7369 184.3105 214.8302 322.1906 1147.3751 276.4876 456.4568 260.5293 116.0273 356.5727 172.7038 248.0946 1159.3269;
	3.6176 48.8816 86.054 109.8831 14.2292 31.7101 25.3395 17.39 25.2374 28.9193 53.4568 79.747 120.0587 67.8015 203.6283 76.7158 95.1844 100.867 90.8298 72.0213 8.4465 73.9902 72.7883 84.2778 97.2432 68.9983 12.7903 1139.3017 756.9262 756.9262 672.9949 94.1731 302.7659 185.383 212.567 322.9552 1140.9834 294.2765 452.6057 260.4728 112.8378 351.7705 181.5063 249.8141 1152.8686;
	3.7972 51.3082 87.1034 113.2155 14.6267 32.3011 28.7905 17.675 26.1245 29.5334 54.5921 81.4406 122.6084 68.4178 199.9167 75.3174 93.4494 99.0285 87.6261 71.0134 9.5968 75.3691 72.9259 87.3496 97.961 70.699 12.8463 1104.9285 782.2425 782.2425 677.9439 101.3287 292.0871 182.7887 214.499 333.7568 1061.8756 309.6358 449.1402 262.3957 116.7188 358.3264 163.5638 252.7376 1072.9368;
	3.7428 50.5736 85.4164 86.4964 14.3436 30.0686 26.5634 17.3478 25.732 28.9278 53.4726 79.7706 120.0942 67.6264 200.9797 75.7179 93.9463 99.5551 89.0394 71.0446 8.8545 70.16 74.1409 86.4602 95.4869 69.0522 12.3158 1081.8198 737.3133 737.3133 725.8518 99.7966 296.7981 182.869 212.0179 314.587 1051.1837 320.792 440.9827 255.7684 112.7639 333.5607 149.3155 258.5283 1062.1335;
	3.6615 49.4743 82.6307 74.5024 14.0402 28.058 23.4259 17.3955 25.8741 29.8453 55.1686 82.3007 123.9032 68.6082 198.4216 74.7542 92.7506 98.2879 87.918 71.0603 7.8086 65.4687 72.2782 85.2547 80.6509 68.7762 12.5938 1015.4168 710.5554 710.5554 675.3893 96.2859 293.06 182.9095 215.0959 303.1703 936.4845 319.1141 447.7631 216.0293 112.4946 311.2568 161.5277 231.6144 946.2396;
	3.7744 51.001 81.8221 98.9791 14.6692 31.9172 25.4522 17.3437 26.2831 29.8669 55.2085 82.3602 123.9929 69.4349 198.7881 74.8923 92.9219 98.4695 86.9193 71.0394 8.4841 74.4735 74.4847 83.8389 92.3081 69.0047 12.9313 1080.8898 754.1659 754.1659 672.149 104.7776 289.731 182.8556 217.6876 321.7774 1059.9541 304.6097 458.5689 247.2538 111.4681 354.0683 178.9948 218.8796 1070.9953;
	3.5843 48.432 79.3144 109.5026 14.6526 32.3159 22.8885 14.2392 24.5807 29.6208 54.7536 81.6816 122.9712 67.6584 192.6207 72.5687 90.039 95.4144 82.2716 70.9053 7.6295 75.4037 73.0927 84.5757 82.8113 68.8123 10.4126 1000.5811 727.0537 727.0537 670.5268 102.8123 274.2387 182.5105 212.1183 310.2096 1094.3515 286.8744 435.824 221.8161 110.9701 358.4908 181.9906 190.1765 1105.751;
	3.7375 50.5013 86.9578 110.3866 14.9032 31.8333 23.8729 13.9117 26.0215 29.8719 55.2177 82.3739 124.0135 68.8901 189.2194 71.2873 88.4491 93.7296 83.9341 67.7709 7.9576 74.2777 71.6077 83.9934 96.6504 61.9767 10.5676 1072.0301 728.839 728.839 708.6105 102.0506 279.7803 174.4424 215.9798 310.9713 1141.5367 304.0614 441.246 258.885 113.4524 353.1373 184.1102 227.5311 1153.4277;
