function windprofile = ex_wind_profilesh1
%EX_WIND_PROFILE_D  Example wind_load_nyiso profile data for deterministic unit commitment.
% 2022.03.12
% Andres F. Ramirez


%% define constants
[GEN_BUS, PG, QG, QMAX, QMIN, VG, MBASE, GEN_STATUS, PMAX, PMIN, ...
    MU_PMAX, MU_PMIN, MU_QMAX, MU_QMIN, PC1, PC2, QC1MIN, QC1MAX, ...
    QC2MIN, QC2MAX, RAMP_AGC, RAMP_10, RAMP_30, RAMP_Q, APF] = idx_gen;
[CT_LABEL, CT_PROB, CT_TABLE, CT_TBUS, CT_TGEN, CT_TBRCH, CT_TAREABUS, ...
    CT_TAREAGEN, CT_TAREABRCH, CT_ROW, CT_COL, CT_CHGTYPE, CT_REP, ...
    CT_REL, CT_ADD, CT_NEWVAL, CT_TLOAD, CT_TAREALOAD, CT_LOAD_ALL_PQ, ...
    CT_LOAD_FIX_PQ, CT_LOAD_DIS_PQ, CT_LOAD_ALL_P, CT_LOAD_FIX_P, ...
    CT_LOAD_DIS_P, CT_TGENCOST, CT_TAREAGENCOST, CT_MODCOST_F, ...
    CT_MODCOST_X] = idx_ct;

windprofile = struct( ...
    'type', 'mpcData', ...
    'table', CT_TGEN, ...
    'rows', [1:45], ...
    'col', PMAX, ...
    'chgtype', 1, ...
    'values', [] );
windprofile.values(:,1,:) = [
	3.7848 51.1413 90.8659 106.8323 14.4062 33.3455 26.2869 18.0291 26.7616 27.8718 51.5207 76.8587 115.7103 63.9874 189.2895 71.3137 88.4818 93.7643 35.041 69.3707 8.7623 77.8061 68.4739 85.7409 103.0983 75.2014 13.4936 1175.6469 698.3594 698.3594 567.6974 107.5812 116.8034 178.5602 200.609 297.9667 1163.176 206.6091 448.3256 276.156 119.8257 369.9126 134.8406 267.9897 1175.2924;
	3.8434 51.9325 93.1765 114.3244 14.2163 33.573 26.9106 18.4566 26.1032 28.3671 52.4361 78.2244 117.7664 64.2257 188.9481 71.1851 88.3223 93.5952 33.0361 71.3281 8.9702 78.337 63.6264 85.731 104.1271 74.0241 13.4274 1186.1316 700.8796 700.8796 573.3445 108.3822 110.1202 183.5987 201.3562 299.042 1131.8167 228.1787 445.7774 278.912 121.6392 372.4362 138.327 270.319 1143.6065;
	3.7845 51.1375 92.4788 60.4792 14.0584 33.8792 29.3817 17.9121 26.3594 27.0464 49.9948 74.5824 112.2835 64.1517 193.9747 73.0788 90.6719 96.0851 32.5862 70.1749 9.7939 79.0515 60.5222 85.4518 103.5535 73.8381 13.5413 1165.4691 732.0166 732.0166 591.6344 107.2312 108.6208 180.6302 201.1241 312.3271 1202.419 223.5761 454.2291 277.3754 122.5748 375.8335 139.2396 260.7485 1214.9442;
	3.7991 51.3339 91.4937 80.9774 14.2721 34.0038 29.0414 17.7275 27.2904 28.569 52.8093 78.7811 118.6045 64.9693 197.8515 74.5394 92.4841 98.0055 43.6891 70.8763 9.6805 79.3421 47.0842 84.8346 101.3678 73.9223 13.3081 1201.4871 731.3819 731.3819 560.7688 95.0365 145.6304 182.4358 203.6874 312.0563 1115.9349 240.4866 464.2075 271.5208 120.3151 377.215 174.0528 265.2183 1127.5592;
	3.5942 48.5658 92.2937 113.8229 14.1764 33.6469 25.5118 18.1754 28.0217 28.9958 53.5983 79.958 120.3764 65.9481 186.5647 70.2872 87.2081 92.4146 70.0688 69.4828 8.5039 78.5094 53.5312 84.2326 100.8455 74.5281 13.0324 1190.2494 681.4747 681.4747 554.5228 94.9472 233.5626 178.849 206.7563 290.7626 1173.9544 240.0773 469.5979 270.1219 115.3032 373.256 187.8655 261.9438 1186.1831;
	3.729 50.3869 93.363 112.4118 14.19 33.8056 28.7408 18.3145 28.1227 29.1457 53.8754 80.3715 120.9989 66.4083 191.2993 72.0709 89.4213 94.7599 84.1351 70.147 9.5803 78.8798 55.8952 84.6011 103.6755 74.859 13.2808 1232.9422 693.2708 693.2708 517.1908 91.4258 280.4502 180.5585 208.1989 295.7956 1092.9257 230.0359 469.732 277.7021 115.8502 375.0169 194.0122 269.1604 1104.3104;
	3.7187 50.2475 94.4967 112.9269 14.1716 32.8591 29.0352 18.3273 27.4568 26.5541 49.0849 73.225 110.2398 67.6751 179.2369 67.5265 83.7828 88.7848 78.2488 67.8577 9.6784 76.6713 55.2766 84.6264 103.0197 76.0505 13.2485 1230.953 731.0995 731.0995 593.3414 94.3473 260.8294 174.666 212.1706 311.9358 1108.8627 253.962 468.4003 275.9456 119.8733 364.5171 199.2481 273.1043 1120.4133;
	3.6807 49.7347 95.0329 118.2114 14.4295 33.4143 28.6409 18.9269 28.3354 29.2061 53.987 80.538 121.2495 69.4768 188.256 70.9243 87.9987 93.2524 84.3272 67.4518 9.547 77.9667 67.0804 85.8114 105.2778 76.3523 13.5756 1205.8122 747.4324 747.4324 585.6669 81.4828 281.0906 173.6212 217.8193 318.9045 1153.7852 253.8426 471.8748 281.9941 120.374 370.676 195.2259 272.4116 1165.8038;
	3.7688 50.9245 94.4347 117.7984 14.7878 33.5514 28.7004 18.166 28.3665 30.0973 55.6344 82.9955 124.9493 69.6373 192.5765 72.5521 90.0183 95.3925 80.7233 67.4842 9.5668 78.2865 69.6209 86.4578 104.0917 76.0003 13.0093 1224.4046 827.7555 827.7555 651.7678 77.2768 269.0777 173.7045 218.3224 353.1757 1250.7894 292.6294 473.6573 278.8169 120.8685 372.1964 174.3725 281.6568 1263.8185;
	3.6322 49.0789 91.827 115.1319 14.4763 32.3442 29.3859 17.8159 28.1863 30.6192 56.5991 84.4348 127.1161 67.8699 193.4524 72.8821 90.4277 95.8264 84.8058 69.0319 9.7953 75.4697 70.3837 87.023 102.0639 73.5551 12.8478 1180.0842 756.1506 756.1506 689.586 91.2734 282.686 177.6883 212.7812 322.6242 1166.5154 312.4348 471.132 273.3855 121.1191 358.8045 142.5902 265.6121 1178.6666;
	3.858 52.1299 91.1633 119.1127 15.2133 33.8763 28.1716 17.5476 28.1827 31.2717 57.8053 86.2341 129.8249 68.0822 197.1084 74.2595 92.1367 97.6374 85.9203 70.1986 9.3905 79.0446 71.8356 86.8632 101.6169 71.5136 12.5227 1135.7696 732.3004 732.3004 655.8578 92.1487 286.4011 180.6913 213.4469 312.4482 1103.6174 306.7983 479.2806 272.1881 121.4899 375.8008 168.2209 270.6825 1115.1134;
	3.7807 51.0856 89.8643 119.4701 14.9898 33.2409 27.1663 17.5288 28.3563 30.8926 57.1045 85.1887 128.2512 67.8184 195.3509 73.5973 91.3152 96.7668 86.5556 69.2406 9.0554 77.562 72.1581 88.1266 101.7232 70.9943 12.1175 1165.5215 755.9305 755.9305 672.2744 95.7107 288.5188 178.2255 212.6199 322.5303 1152.336 306.6817 478.6307 272.4729 119.643 368.7521 177.2859 266.8491 1164.3395;
	3.718 50.2385 90.2006 119.9166 14.9301 32.7898 29.1428 17.8368 28.2729 31.1953 57.664 86.0233 129.5076 68.3609 195.2809 73.571 91.2825 96.7322 86.7086 70.1754 9.7143 76.5096 73.435 89.7767 103.8461 72.0131 12.7081 1112.6246 768.9953 768.9953 707.1796 101.4779 289.0288 180.6316 214.3205 328.1046 1020.992 312.8064 478.9064 278.1592 119.1034 363.7487 158.7109 263.5201 1031.6274;
	3.7023 50.0259 89.7531 117.7072 15.0959 32.5831 27.4404 18.1599 27.4299 30.7638 56.8665 84.8336 127.7165 68.9449 200.568 75.5628 93.7539 99.3511 88.5946 70.3991 9.1468 76.0272 74.0298 87.8986 102.2917 71.8434 12.9441 1101.1786 712.9509 712.9509 695.1677 92.8734 295.3152 181.2076 216.1517 304.1924 1015.4707 313.9465 465.3813 273.9956 121.0559 361.455 152.5403 269.9306 1026.0485;
	3.8194 51.6089 95.2601 120.7389 15.2666 34.4912 26.8009 18.6553 28.2361 31.1713 57.6196 85.9572 129.408 69.7674 196.943 74.1971 92.0594 97.5555 87.2711 69.7021 8.9336 80.4796 73.3539 88.8386 103.658 73.7355 13.1621 1082.7912 719.0106 719.0106 686.3568 102.934 290.9036 179.4134 218.7301 306.7779 982.8405 337.5336 473.8149 277.6553 119.7749 382.6228 186.177 266.7506 993.0785;
	3.8774 52.3917 94.8922 118.9414 15.2439 34.8562 26.2132 17.8215 28.3515 31.0486 57.3929 85.6189 128.8988 69.2587 199.1373 75.0238 93.0851 98.6424 85.7557 69.9941 8.7377 81.3312 73.3364 87.0274 100.781 72.4184 13.0942 1088.1229 754.9311 754.9311 663.1958 101.131 285.8524 180.1649 217.1353 322.104 988.5957 310.5369 476.6366 269.9491 113.7555 386.6718 192.76 259.2633 998.8936;
	3.8289 51.7369 93.0302 118.1206 15.375 35.1461 23.8212 16.8675 27.2713 31.1359 57.5542 85.8595 129.261 64.4531 194.8496 73.4085 91.0809 96.5185 85.7732 69.8362 7.9404 82.0075 73.4212 88.1141 101.8823 70.2958 12.0461 1053.7881 757.7751 757.7751 709.8836 101.4718 285.9107 179.7586 202.0691 323.3174 1076.3237 306.308 456.7393 272.899 114.7922 389.887 202.7053 238.7017 1087.5354;
	3.8587 52.1401 91.4697 114.727 15.2802 34.1624 23.5316 12.4569 26.9948 31.1485 57.5776 85.8944 129.3135 63.9372 188.6271 71.0642 88.1722 93.4362 78.6633 68.2149 7.8439 79.7123 74.6705 84.9681 98.7868 52.1505 10.0329 1139.9076 717.3025 717.3025 685.0684 98.405 262.2111 175.5853 200.4517 306.0491 1094.393 318.1474 451.3562 264.6074 115.2458 378.9751 201.4431 237.1338 1105.7929;
