function windprofile = ex_wind_profilesh1
%EX_WIND_PROFILE_D  Example wind_load_nyiso profile data for deterministic unit commitment.
% 2022.03.12
% Andres F. Ramirez


%% define constants
[GEN_BUS, PG, QG, QMAX, QMIN, VG, MBASE, GEN_STATUS, PMAX, PMIN, ...
    MU_PMAX, MU_PMIN, MU_QMAX, MU_QMIN, PC1, PC2, QC1MIN, QC1MAX, ...
    QC2MIN, QC2MAX, RAMP_AGC, RAMP_10, RAMP_30, RAMP_Q, APF] = idx_gen;
[CT_LABEL, CT_PROB, CT_TABLE, CT_TBUS, CT_TGEN, CT_TBRCH, CT_TAREABUS, ...
    CT_TAREAGEN, CT_TAREABRCH, CT_ROW, CT_COL, CT_CHGTYPE, CT_REP, ...
    CT_REL, CT_ADD, CT_NEWVAL, CT_TLOAD, CT_TAREALOAD, CT_LOAD_ALL_PQ, ...
    CT_LOAD_FIX_PQ, CT_LOAD_DIS_PQ, CT_LOAD_ALL_P, CT_LOAD_FIX_P, ...
    CT_LOAD_DIS_P, CT_TGENCOST, CT_TAREAGENCOST, CT_MODCOST_F, ...
    CT_MODCOST_X] = idx_ct;

windprofile = struct( ...
    'type', 'mpcData', ...
    'table', CT_TGEN, ...
    'rows', [1:45], ...
    'col', PMAX, ...
    'chgtype', 1, ...
    'values', [] );
windprofile.values(:,1,:) = [
	3.7541 50.7258 89.4881 105.6072 14.7454 33.0815 27.6025 18.2441 26.767 30.1455 55.7234 83.1284 125.1493 64.8448 196.5598 74.0528 91.8803 97.3657 38.0413 70.6301 9.2008 77.1901 73.1512 87.6466 103.3668 74.0575 13.518 1142.9671 694.3718 694.3718 568.0389 107.7302 126.8045 181.8021 203.2973 296.2653 1148.306 224.8442 444.0087 276.8752 117.4738 366.9839 150.5994 271.5989 1160.2675;
	3.6696 49.5848 91.7027 111.3444 14.7155 32.1566 28.7733 18.4888 27.0154 29.805 55.094 82.1894 123.7358 64.8912 194.8417 73.4055 91.0772 96.5146 35.0609 72.7887 9.5911 75.0321 72.583 88.4596 101.8905 73.1171 13.3255 1080.5491 698.7893 698.7893 595.7194 109.7028 116.8698 187.3582 203.4428 298.1501 1093.9722 231.4493 440.2039 272.9209 120.8833 356.7242 139.8844 271.0455 1105.3678;
	3.7182 50.2412 92.6738 57.2334 14.7222 33.1143 29.2876 18.1551 26.5576 29.1007 53.7922 80.2474 120.8121 63.4716 195.3807 73.6086 91.3291 96.7816 35.954 70.9694 9.7625 77.2667 69.2795 88.4318 102.5495 72.621 13.5385 1090.835 698.7018 698.7018 573.0434 110.9072 119.8466 182.6754 198.992 298.1128 1134.1856 230.6224 446.5528 274.6862 118.509 367.3479 135.5826 269.3896 1146.0;
	3.8314 51.77 92.4036 78.8961 15.2488 33.504 28.4916 18.317 27.3247 29.7126 54.9233 81.9347 123.3522 63.5919 199.4804 75.1531 93.2455 98.8124 43.9652 71.6163 9.4972 78.176 63.753 87.7753 101.601 73.8286 13.5576 1152.5317 716.8588 716.8588 574.1365 98.0014 146.5507 184.3406 199.3693 305.8598 1085.1489 242.6701 460.4571 272.1455 118.3775 371.6711 172.599 273.5977 1096.4525;
	3.5742 48.2956 92.615 114.7795 15.0103 32.7389 23.8911 18.4716 26.5885 30.482 56.3455 84.0565 126.5466 63.2642 188.6324 71.0661 88.1747 93.4388 75.945 69.909 7.9637 76.3907 57.1187 87.5374 102.5817 73.4787 13.4574 1167.8104 649.2636 649.2636 542.0466 98.6592 253.1499 179.9459 198.342 277.0192 1120.5566 239.4402 441.7156 274.7723 116.0429 363.1834 181.3119 264.5691 1132.229;
	3.9067 52.7877 93.255 116.5035 15.1323 34.9155 28.7173 18.8241 27.2686 31.0767 57.4448 85.6963 129.0153 65.5088 199.5743 75.1885 93.2894 98.8589 89.0678 71.429 9.5724 81.4694 71.7427 88.4896 104.9747 72.4019 13.8827 1189.2664 707.951 707.951 535.3689 101.3554 296.8927 183.8584 205.3788 302.0591 1082.3084 233.342 465.4972 281.1821 113.9251 387.3289 203.037 273.4011 1093.5824;
	3.8984 52.6758 93.5451 117.3742 14.9229 33.2626 28.5459 18.5667 26.8407 30.0491 55.5452 82.8626 124.7491 65.2882 194.2505 73.1827 90.8008 96.2218 91.1912 70.8754 9.5153 77.6127 72.3872 88.3415 103.7901 74.6359 13.4896 1199.8491 721.0495 721.0495 582.9926 98.4626 303.9707 182.4335 204.6874 307.6478 1100.0684 260.6281 467.3847 278.0093 114.3118 368.9928 202.9377 272.9934 1111.5274;
	3.7063 50.0808 90.0625 115.4052 14.8115 32.8297 27.8212 18.5823 27.3648 29.1907 53.9585 80.4955 121.1855 63.7839 200.4638 75.5236 93.7052 99.2995 92.0827 71.6976 9.2737 76.6026 71.6811 86.928 104.3065 74.9281 13.2726 1108.1032 697.3577 697.3577 569.74 85.2346 306.9423 184.5499 199.9712 297.5393 1102.8122 246.9725 468.7134 279.3924 112.616 364.1908 189.3645 258.8495 1114.2999;
	3.7518 50.6956 90.1001 116.4717 14.6102 33.829 28.7768 17.9741 27.5796 30.1158 55.6686 83.0467 125.0263 68.2511 199.4786 75.1524 93.2446 98.8115 92.1503 70.9394 9.5923 78.9344 72.2984 85.8074 101.0999 72.2287 13.2761 1227.1621 811.7676 811.7676 663.7914 81.2383 307.1677 182.5983 213.9765 346.3542 1258.6773 285.8099 477.283 270.8034 116.938 375.2767 177.5264 265.512 1271.7885;
	3.6608 49.4655 90.4449 115.7071 14.5915 34.0138 29.1915 18.2044 26.4299 28.1349 52.0069 77.5841 116.8024 66.5171 199.9879 75.3443 93.4827 99.0638 92.4386 71.9482 9.7305 79.3656 67.1801 85.8981 99.9087 71.9627 13.2356 1178.2547 786.0678 786.0678 720.7573 90.9134 308.1287 185.1949 208.54 335.3889 1207.8243 304.958 470.4631 267.6126 119.7636 377.3269 158.2792 264.5658 1220.4058;
	3.6633 49.4987 88.2769 113.902 15.0197 33.8954 26.752 17.8321 26.0032 30.3381 56.0796 83.6597 125.9493 65.3102 197.9142 74.563 92.5134 98.0366 91.3371 73.0844 8.9173 79.0892 71.1605 84.7531 97.948 71.1563 12.8281 1164.5798 787.8188 787.8188 703.5208 89.8786 304.4571 188.1194 204.7562 336.136 1134.3036 305.6745 469.8837 262.3608 118.0666 376.0127 168.7588 262.4583 1146.1193;
	3.8725 52.3266 90.6117 119.1998 15.2763 34.8288 27.3631 18.2598 26.838 30.4008 56.1954 83.8326 126.2095 68.1431 198.7871 74.8919 92.9214 98.4689 92.0439 71.7532 9.121 81.2671 72.225 83.9004 101.7128 70.8207 12.989 1141.0349 804.9226 804.9226 701.7129 95.4216 306.8129 184.693 213.6379 343.4337 1138.7146 294.4775 477.126 272.445 118.3058 386.3671 198.1279 269.2122 1150.5762;
	3.8437 51.9374 89.8392 119.0748 14.8131 34.6455 28.6406 18.4889 27.9002 30.7317 56.8071 84.745 127.5831 67.244 202.384 76.247 94.6028 100.2507 92.5655 72.9438 9.5469 80.8394 73.273 85.4837 100.7653 71.0147 13.0423 1067.8417 791.5225 791.5225 715.1726 97.3705 308.5518 187.7575 210.819 337.7163 995.254 304.6537 473.7849 269.907 118.5382 384.3338 167.7092 265.2846 1005.6212;
	3.7754 51.0134 89.056 115.3033 14.5537 33.7444 28.3617 18.3503 26.9912 29.7785 55.0451 82.1165 123.6259 63.6877 200.7933 75.6477 93.8592 99.4627 92.3004 72.3811 9.4539 78.7369 68.8299 85.1975 98.3295 70.5413 13.2231 1027.899 727.0884 727.0884 725.9422 95.0499 307.6679 186.309 199.6694 310.2244 992.7207 308.87 467.1597 263.3826 120.3537 374.3379 154.7847 269.0043 1003.0615;
	3.8655 52.2308 90.517 112.7347 14.5369 34.003 25.4731 18.0526 27.1534 29.9081 55.2846 82.4738 124.1638 60.471 197.9061 74.56 92.5096 98.0326 90.2892 72.8615 8.491 79.3404 71.1869 86.9398 99.545 72.2608 13.1724 977.5631 692.8736 692.8736 687.1806 93.0838 300.9638 187.5457 189.5849 295.6261 871.1318 319.8996 464.6118 266.6383 114.4691 377.2068 173.6611 263.4552 880.2061;
	3.7715 50.9609 92.7755 116.714 14.6832 33.6841 26.164 18.2243 27.3395 29.2504 54.0689 80.6601 121.4334 64.7187 202.5044 76.2924 94.659 100.3103 91.1199 72.4418 8.7213 78.5963 74.0582 86.1529 102.2722 73.1612 13.4658 1007.4238 691.2559 691.2559 661.4225 88.8454 303.733 186.4653 202.902 294.9358 927.9618 294.7573 466.673 273.9433 117.5317 373.6694 171.1084 257.4743 937.6281;
	3.4168 46.1688 87.8339 110.2996 14.1939 32.6596 25.4808 16.8416 26.9181 27.4616 50.7624 75.7275 114.0074 63.6173 201.4376 75.8905 94.1604 99.7819 92.3067 73.2198 8.4936 76.2057 72.0489 85.7444 96.6842 69.981 11.9824 1000.406 699.9794 699.9794 669.8052 96.4312 307.6891 188.4679 199.4489 298.6579 1005.7536 278.3546 457.4917 258.9754 116.6486 362.3038 167.8668 230.8953 1016.2302;
	3.5813 48.3907 88.2223 111.3025 14.134 31.2148 25.2649 14.7498 26.92 29.6099 54.7334 81.6515 122.9258 65.4588 193.8533 73.0331 90.6151 96.025 86.9562 70.2645 8.4216 72.8345 71.2251 83.7385 97.0185 61.0711 11.6327 1122.1943 667.0676 667.0676 647.849 95.7614 289.854 180.861 205.2222 284.6155 1036.6074 298.1363 464.3512 259.8709 118.2464 346.276 159.8699 245.1 1047.4054;
