function loadprofile = ex_load_profilesh1
%EX_LOAD_PROFILE  Example load profile data file for stochastic unit commitment.
% 2022.03.12
% Andres F. Ramirez

%% define constants
[CT_LABEL, CT_PROB, CT_TABLE, CT_TBUS, CT_TGEN, CT_TBRCH, CT_TAREABUS, ...
    CT_TAREAGEN, CT_TAREABRCH, CT_ROW, CT_COL, CT_CHGTYPE, CT_REP, ...
    CT_REL, CT_ADD, CT_NEWVAL, CT_TLOAD, CT_TAREALOAD, CT_LOAD_ALL_PQ, ...
    CT_LOAD_FIX_PQ, CT_LOAD_DIS_PQ, CT_LOAD_ALL_P, CT_LOAD_FIX_P, ...
    CT_LOAD_DIS_P, CT_TGENCOST, CT_TAREAGENCOST, CT_MODCOST_F, ...
    CT_MODCOST_X] = idx_ct;

loadprofile = struct( ...
    'type', 'mpcData', ...
    'table', CT_TAREALOAD, ...
    'rows', [1:11], ...
    'col', CT_LOAD_ALL_P, ...
    'chgtype', 1, ...
    'values', [] );
loadprofile.values(:,1,:) = [
	1501.4397 942.2761 1586.4 561.3 753.2611 1197.5214 859.5 255.8534 499.3881 4513.8453 1679.5888;
	1498.0412 941.3833 1592.0879 551.7 746.8 1206.4717 859.3117 254.6 487.5415 4442.2237 1654.0704;
	1521.3 977.3398 1622.6261 581.2 756.2703 1246.4744 877.4542 262.3878 489.2634 4538.2773 1700.1722;
	1584.9651 1035.8019 1713.0007 589.1 802.6283 1320.2764 927.8041 287.6876 531.1 4767.7 1798.5406;
	1700.5476 1140.3129 1902.8204 620.5228 915.0296 1418.8264 1022.3 318.4013 606.1343 5272.128 2038.1359;
	1786.8532 1240.275 2054.5924 640.9752 1012.6717 1497.7662 1086.8604 349.0189 679.6345 5836.3074 2207.3216;
	1798.6602 1213.7988 2064.0586 627.9483 1028.5991 1491.7591 1107.9173 359.3 700.786 6143.5469 2202.8884;
	1858.7629 1205.2218 2011.3622 606.4504 1033.2961 1493.4368 1115.6139 354.4986 697.879 6386.6088 2154.075;
	1890.874 1147.957 1969.9972 596.5943 1015.2 1452.3636 1068.4005 319.9262 674.183 6201.0235 2033.9356;
	1933.8 1169.9097 1994.9337 595.9929 1015.282 1505.3039 1139.7618 320.7837 688.7091 6336.5 1972.6339;
	1899.9 1194.2 1988.772 589.005 1012.6545 1511.5961 1138.4408 316.7 689.1427 6379.4392 1941.8993;
	1900.1004 1169.4199 2008.2585 584.2877 1012.4213 1482.7462 1141.1542 318.5443 678.2056 6406.6643 1873.1807;
	1866.5251 1168.134 1964.7 577.2087 1002.1634 1464.6569 1151.3902 326.8 691.2474 6398.9309 1898.7712;
	1820.9521 1218.205 2007.1346 562.4 1009.2 1498.7046 1156.2981 339.6 675.1 6337.9172 2011.419;
	1798.5173 1226.5374 2024.4 554.9 1010.0991 1529.4928 1196.4301 345.9 685.1 6441.2101 2142.0333;
	1756.6826 1246.7183 2054.1447 577.0742 1012.4274 1596.4983 1264.8774 352.0135 720.9979 6520.4733 2272.4522;
	1773.0597 1269.1438 2061.2 593.4 1035.3 1611.7862 1225.0509 356.6 708.5 6328.6133 2335.889;
	1798.032 1296.7107 2127.3917 601.9 1088.7196 1602.7665 1236.6578 391.9763 744.1993 6354.9411 2463.2853;
	1858.332 1309.115 2106.8957 595.9027 1101.6441 1626.1455 1259.9083 391.9781 741.7108 6197.896 2420.1454;
	1810.7294 1257.9038 2033.1896 580.8749 1057.1104 1527.352 1181.3 385.316 707.6106 6102.4681 2365.1756;
	1732.4674 1185.538 1934.6848 575.9798 998.4773 1427.4479 1120.2846 358.9884 669.5021 5700.6013 2199.3397;
	1691.3898 1142.8631 1828.2025 560.34 928.5 1362.9292 1037.6 326.9173 625.2067 5232.0481 1998.4;
	1629.3553 1157.7868 1753.6901 568.8006 873.2484 1319.9636 1019.3874 288.2 597.9463 4919.1754 1906.6794;
	1593.8 1099.423 1726.1501 582.8 835.7794 1237.7087 937.2115 256.5375 562.5 4592.8672 1814.5334;
];
