function loadprofile = ex_load_profilesh1
%EX_LOAD_PROFILE  Example load profile data file for stochastic unit commitment.
% 2022.03.12
% Andres F. Ramirez

%% define constants
[CT_LABEL, CT_PROB, CT_TABLE, CT_TBUS, CT_TGEN, CT_TBRCH, CT_TAREABUS, ...
    CT_TAREAGEN, CT_TAREABRCH, CT_ROW, CT_COL, CT_CHGTYPE, CT_REP, ...
    CT_REL, CT_ADD, CT_NEWVAL, CT_TLOAD, CT_TAREALOAD, CT_LOAD_ALL_PQ, ...
    CT_LOAD_FIX_PQ, CT_LOAD_DIS_PQ, CT_LOAD_ALL_P, CT_LOAD_FIX_P, ...
    CT_LOAD_DIS_P, CT_TGENCOST, CT_TAREAGENCOST, CT_MODCOST_F, ...
    CT_MODCOST_X] = idx_ct;

loadprofile = struct( ...
    'type', 'mpcData', ...
    'table', CT_TAREALOAD, ...
    'rows', [1:11], ...
    'col', CT_LOAD_ALL_P, ...
    'chgtype', 1, ...
    'values', [] );
loadprofile.values(:,1,:) = [
	1574.9528 920.7 1556.0915 560.0337 766.2485 1205.473 859.5174 251.2 486.9 4513.2432 1657.8018;
	1537.6857 905.0915 1559.4901 548.7 758.1555 1183.0681 842.5 240.0382 472.5586 4390.1464 1615.9366;
	1559.5804 922.8111 1587.2154 553.8041 787.2649 1219.1417 850.8579 250.7974 488.6085 4435.3335 1648.7511;
	1641.1 997.711 1701.2 553.3477 845.0003 1306.5321 906.154 268.4 522.2003 4683.1593 1766.1003;
	1752.9587 1094.1971 1874.6251 575.8898 940.1804 1450.5195 1011.7 301.7001 584.0941 5118.6232 1993.5239;
	1864.362 1186.7308 2016.3 569.4297 1021.8427 1503.036 1081.2083 338.165 671.6401 5611.5027 2161.9184;
	1903.5 1225.0 2068.0659 582.335 1061.3674 1524.7 1135.2796 341.5 691.542 6067.8659 2222.7782;
	1857.7716 1226.0846 2043.3707 546.2071 1100.8 1495.8217 1109.6687 350.2943 702.5 6236.5287 2228.2709;
	1866.9495 1234.9623 2045.9117 553.0143 1096.2608 1491.7364 1130.1872 349.2421 714.4638 6391.1255 2241.0791;
	1852.2896 1247.2271 2058.914 547.5732 1092.2509 1523.7505 1111.086 329.3 715.5 6297.115 2215.8334;
	1845.4297 1225.7422 2008.6129 546.2649 1085.2446 1493.2103 1121.3753 319.2582 701.2287 6284.8297 2226.4363;
	1836.7674 1211.0482 2001.5789 557.5596 1080.2555 1470.543 1141.5442 319.7054 708.565 6234.6289 2241.1199;
	1786.3747 1222.304 2039.3935 550.0649 1102.0336 1471.4853 1132.8415 324.8977 735.8712 6192.8056 2310.4491;
	1791.0432 1223.5038 1960.2536 551.5889 1065.7512 1462.2486 1120.8786 306.9625 734.8324 6193.9132 2313.2453;
	1755.0675 1229.9097 1975.0444 554.8164 1046.9065 1473.81 1142.4587 330.9473 741.1564 6275.4845 2332.1888;
	1748.9928 1226.4061 1983.5219 580.7 1094.5679 1491.7787 1221.8964 355.242 752.7157 6256.5392 2344.8517;
	1772.3924 1203.3081 1986.6227 572.3311 1088.3168 1534.2485 1197.2237 372.3187 730.4715 6081.8885 2381.6301;
	1828.3077 1253.4 2102.1403 585.6 1136.933 1580.1168 1260.1202 394.6489 746.9311 6248.2789 2526.7974;
	1888.4807 1284.4384 2103.3162 585.4385 1102.9866 1573.2186 1200.2349 390.1198 722.4933 6094.8183 2470.4997;
	1879.1771 1215.0229 1982.719 587.1 1052.7577 1507.876 1198.2798 381.4887 717.7848 5954.1311 2410.5;
	1785.1852 1122.5307 1896.5916 567.4 1016.1 1437.4915 1123.739 352.7994 666.9949 5648.809 2199.8589;
	1709.0172 1067.1315 1772.7 565.8723 965.5374 1354.9706 1027.0031 313.9781 595.1772 5185.7979 2018.0678;
	1682.6227 992.7781 1690.1975 547.2 955.0656 1384.3294 1036.3978 301.7976 580.4355 4969.4291 2016.4152;
	1659.3338 987.5896 1670.4 551.0232 925.1018 1343.1893 1024.4655 284.2599 557.745 4930.0142 1944.5042;
];
