function solarprofile = ex_solar_profilesh1
%EX_WIND_PROFILE_D  Example wind_load_nyiso profile data for deterministic unit commitment.
% 2022.03.12
% Andres F. Ramirez


%% define constants
[GEN_BUS, PG, QG, QMAX, QMIN, VG, MBASE, GEN_STATUS, PMAX, PMIN, ...
    MU_PMAX, MU_PMIN, MU_QMAX, MU_QMIN, PC1, PC2, QC1MIN, QC1MAX, ...
    QC2MIN, QC2MAX, RAMP_AGC, RAMP_10, RAMP_30, RAMP_Q, APF] = idx_gen;
[CT_LABEL, CT_PROB, CT_TABLE, CT_TBUS, CT_TGEN, CT_TBRCH, CT_TAREABUS, ...
    CT_TAREAGEN, CT_TAREABRCH, CT_ROW, CT_COL, CT_CHGTYPE, CT_REP, ...
    CT_REL, CT_ADD, CT_NEWVAL, CT_TLOAD, CT_TAREALOAD, CT_LOAD_ALL_PQ, ...
    CT_LOAD_FIX_PQ, CT_LOAD_DIS_PQ, CT_LOAD_ALL_P, CT_LOAD_FIX_P, ...
    CT_LOAD_DIS_P, CT_TGENCOST, CT_TAREAGENCOST, CT_MODCOST_F, ...
    CT_MODCOST_X] = idx_ct;

solarprofile = struct( ...
    'type', 'mpcData', ...
    'table', CT_TGEN, ...
    'rows', [1:12], ...
    'col', PMAX, ...
    'chgtype', 1, ...
    'values', [] );
solarprofile.values(:,1,:) = [
	0.0 0.0 0.0 0.0 0.0 0.0 0.0 0.0 0.0 0.0 0.0 0.0;
	0.0 0.0 0.0 0.0 0.0 0.0 0.0 0.0 0.0 0.0 0.0 0.0;
	0.0 0.0 0.0 0.0 0.0 0.0 0.0 0.0 0.0 0.0 0.0 0.0;
	0.0 0.0 0.0 0.0 0.0 0.0 0.0 0.0 0.0 0.0 0.0 0.0;
	0.0 0.0 0.0 0.0 0.0 0.0 0.0 0.0 0.0 0.0 0.0 0.0;
	0.0 0.0 0.002 0.0 0.0 0.0 0.0 0.0 0.0 0.0 0.0 0.0;
	8.4598 6.8119 5.4513 7.4003 4.9116 328.8532 41.1067 56.3021 228.9299 73.7571 44.086 133.5745;
	21.7885 15.4023 12.5316 6.9282 5.5724 409.9339 51.2417 71.481 194.6965 193.9835 128.4095 351.3054;
	24.6069 16.6052 13.8002 6.5854 7.241 417.5475 52.1934 70.9098 163.4816 250.0012 181.2808 452.7536;
	26.3906 16.6083 13.8 9.6534 3.3886 317.6562 39.707 50.2877 82.7283 183.8761 159.4547 333.0008;
	26.3944 16.6083 13.8 11.385 6.9011 295.0752 36.8844 54.7823 93.2732 288.4 195.038 522.2941;
	26.5038 16.6083 13.8 11.4717 8.3521 305.0032 38.1254 60.4094 120.3684 312.8701 200.6004 566.6096;
	26.5117 16.6083 13.8 11.6631 9.9797 379.941 47.4926 70.2194 167.7674 194.3463 132.3837 351.9624;
	23.913 16.6083 13.8 11.5984 10.1412 385.9012 48.2377 72.4877 158.2076 160.6823 99.7831 290.9967;
	19.3694 14.0938 12.0329 9.0911 9.6659 350.7942 43.8493 69.8299 132.8019 115.7793 115.7706 209.677;
	10.3527 7.1851 7.4776 3.3038 6.9848 97.3614 12.1702 33.6636 67.2261 120.9081 127.616 218.9653;
	1.1226 0.6786 0.6503 1.2449 2.5463 44.4589 5.5574 8.5662 19.9174 44.1309 26.2728 79.9213;
	0.0 0.0 0.0 0.0 0.0 0.0 0.0 0.0 0.0 0.0 0.0 0.0;
	0.0 0.0 0.0 0.0 0.0 0.0 0.0 0.0 0.0 0.0 0.0 0.0;
	0.0 0.0 0.0 0.0 0.0 0.0 0.0 0.0 0.0 0.0 0.0 0.0;
	0.0 0.0 0.0 0.0 0.0 0.0 0.0 0.0 0.0 0.0 0.0 0.0;
	0.0 0.0 0.0 0.0 0.0 0.0 0.0 0.0 0.0 0.0 0.0 0.0;
	0.0 0.0 0.0 0.0 0.0 0.0 0.0 0.0 0.0 0.0 0.0 0.0;
	0.0 0.0 0.0 0.0 0.0 0.0 0.0 0.0 0.0 0.0 0.0 0.0;
];
