function solarprofile = ex_solar_profilesh1
%EX_WIND_PROFILE_D  Example wind_load_nyiso profile data for deterministic unit commitment.
% 2022.03.12
% Andres F. Ramirez


%% define constants
[GEN_BUS, PG, QG, QMAX, QMIN, VG, MBASE, GEN_STATUS, PMAX, PMIN, ...
    MU_PMAX, MU_PMIN, MU_QMAX, MU_QMIN, PC1, PC2, QC1MIN, QC1MAX, ...
    QC2MIN, QC2MAX, RAMP_AGC, RAMP_10, RAMP_30, RAMP_Q, APF] = idx_gen;
[CT_LABEL, CT_PROB, CT_TABLE, CT_TBUS, CT_TGEN, CT_TBRCH, CT_TAREABUS, ...
    CT_TAREAGEN, CT_TAREABRCH, CT_ROW, CT_COL, CT_CHGTYPE, CT_REP, ...
    CT_REL, CT_ADD, CT_NEWVAL, CT_TLOAD, CT_TAREALOAD, CT_LOAD_ALL_PQ, ...
    CT_LOAD_FIX_PQ, CT_LOAD_DIS_PQ, CT_LOAD_ALL_P, CT_LOAD_FIX_P, ...
    CT_LOAD_DIS_P, CT_TGENCOST, CT_TAREAGENCOST, CT_MODCOST_F, ...
    CT_MODCOST_X] = idx_ct;

solarprofile = struct( ...
    'type', 'mpcData', ...
    'table', CT_TGEN, ...
    'rows', [1:12], ...
    'col', PMAX, ...
    'chgtype', 1, ...
    'values', [] );
solarprofile.values(:,1,:) = [
	0.0 0.0 0.0 0.0 0.0 0.0 0.0 0.0 0.0 0.0 0.0 0.0;
	0.0 0.0 0.0 0.0 0.0 0.0 0.0 0.0 0.0 0.0 0.0 0.0;
	0.0 0.0 0.0 0.0 0.0 0.0 0.0 0.0 0.0 0.0 0.0 0.0;
	0.0 0.0 0.0 0.0 0.0 0.0 0.0 0.0 0.0 0.0 0.0 0.0;
	0.0 0.0 0.0 0.0 0.0 0.0 0.0 0.0 0.0 0.0 0.0 0.0;
	0.0 0.0 0.002 0.0 0.0 0.0 0.0 0.0 0.0 0.0 0.0 0.0;
	8.7229 6.6184 5.1984 1.0527 0.6194 274.0765 34.2596 44.8657 73.4233 68.3597 38.63 123.7999;
	20.7791 14.4574 11.7116 0.7854 5.0901 421.9387 52.7423 72.3592 185.1422 193.6368 74.7761 350.6775;
	23.9 16.6029 13.8 1.4955 9.7715 435.872 54.484 73.9778 200.1554 313.6747 164.2574 568.0668;
	25.4168 16.6031 13.8 6.6934 10.8854 370.7551 46.3444 62.654 210.8566 263.8951 185.9896 477.9156;
	23.3966 16.6083 13.8 11.2714 12.4324 353.0787 44.1348 57.19 208.7742 261.1767 207.8725 472.9927;
	23.8268 16.6083 13.8 11.4717 12.9246 360.1114 45.0139 59.2346 216.3169 266.2524 217.9482 482.1847;
	25.3614 16.5861 13.8 11.632 13.4671 434.3309 54.2914 72.2407 248.6589 214.3451 197.997 388.1802;
	19.7805 15.879 13.5919 11.5984 13.5297 442.4649 55.3081 75.7314 250.7244 230.1604 190.9788 416.8218;
	10.2527 7.2905 7.1179 9.2906 13.0004 431.8035 53.9754 75.9547 239.5273 170.6112 181.1776 308.9779;
	2.2569 1.7573 2.1222 6.5066 8.5585 256.5409 32.0676 65.6085 138.2663 46.4021 84.5996 84.0344;
	0.6973 0.5941 0.4118 1.8065 3.0448 50.6954 6.3369 11.5467 25.9475 19.004 19.3988 34.4163;
	0.0 0.0 0.0 0.0 0.0 0.0 0.0 0.0 0.0 0.0 0.0 0.0;
	0.0 0.0 0.0 0.0 0.0 0.0 0.0 0.0 0.0 0.0 0.0 0.0;
	0.0 0.0 0.0 0.0 0.0 0.0 0.0 0.0 0.0 0.0 0.0 0.0;
	0.0 0.0 0.0 0.0 0.0 0.0 0.0 0.0 0.0 0.0 0.0 0.0;
	0.0 0.0 0.0 0.0 0.0 0.0 0.0 0.0 0.0 0.0 0.0 0.0;
	0.0 0.0 0.0 0.0 0.0 0.0 0.0 0.0 0.0 0.0 0.0 0.0;
	0.0 0.0 0.0 0.0 0.0 0.0 0.0 0.0 0.0 0.0 0.0 0.0;
];
