function loadprofile = ex_load_profilesh1
%EX_LOAD_PROFILE  Example load profile data file for stochastic unit commitment.
% 2022.03.12
% Andres F. Ramirez

%% define constants
[CT_LABEL, CT_PROB, CT_TABLE, CT_TBUS, CT_TGEN, CT_TBRCH, CT_TAREABUS, ...
    CT_TAREAGEN, CT_TAREABRCH, CT_ROW, CT_COL, CT_CHGTYPE, CT_REP, ...
    CT_REL, CT_ADD, CT_NEWVAL, CT_TLOAD, CT_TAREALOAD, CT_LOAD_ALL_PQ, ...
    CT_LOAD_FIX_PQ, CT_LOAD_DIS_PQ, CT_LOAD_ALL_P, CT_LOAD_FIX_P, ...
    CT_LOAD_DIS_P, CT_TGENCOST, CT_TAREAGENCOST, CT_MODCOST_F, ...
    CT_MODCOST_X] = idx_ct;

loadprofile = struct( ...
    'type', 'mpcData', ...
    'table', CT_TAREALOAD, ...
    'rows', [1:11], ...
    'col', CT_LOAD_ALL_P, ...
    'chgtype', 1, ...
    'values', [] );
loadprofile.values(:,1,:) = [
	1464.3712 894.507 1564.1 577.5796 753.3 1078.6804 831.0843 271.2327 430.0898 4475.5739 1640.005;
	1484.3238 915.252 1567.6284 581.397 753.7564 1104.8 821.9736 267.6704 446.3042 4473.3125 1654.4376;
	1534.8153 945.8 1608.1669 575.6789 774.0125 1123.1 849.0918 290.1642 475.1509 4569.4781 1685.0269;
	1608.8933 1028.5753 1711.9695 593.8553 853.6565 1225.3718 916.7 309.2998 504.3231 4751.7447 1805.5989;
	1789.9827 1168.7463 1945.4912 607.4924 982.4715 1361.7373 1010.7 358.1326 581.4574 5289.318 2034.1863;
	1909.4697 1238.2086 2056.7282 617.2019 1060.4 1461.9426 1069.9405 373.8909 638.004 5825.9216 2175.6041;
	1910.177 1257.1231 2086.4721 617.6 1092.8388 1459.2545 1068.7026 364.9703 634.4041 6166.9619 2224.2;
	1912.3 1259.9692 2072.6192 592.0716 1078.1168 1432.3661 1034.8 373.183 634.9586 6307.0917 2125.4149;
	1895.9039 1243.6 2105.2043 586.1 1068.7024 1441.1594 1053.5978 365.9037 662.9546 6411.3805 2093.3321;
	1916.4207 1265.7213 2104.2 582.3863 1082.2921 1460.3053 1055.9421 359.3908 655.1717 6574.4436 2160.1204;
	1896.8573 1279.6832 2107.7785 572.3 1055.9593 1463.9094 1042.9173 338.7 642.7457 6563.2086 2070.5036;
	1847.0899 1266.5647 2052.4779 579.6271 1006.6362 1432.1407 1008.2902 330.5322 642.9061 6424.674 1953.2574;
	1831.9583 1261.2017 2056.1354 583.9031 1005.6032 1446.2322 1043.2632 342.4 661.9029 6382.4361 2024.6562;
	1824.65 1251.7895 2001.083 600.4029 989.8938 1346.4105 1033.7 331.1088 646.1 6387.0839 2034.7462;
	1829.9322 1254.251 1990.3588 585.5201 1000.9 1405.3924 1114.4918 332.6603 670.6131 6381.0381 2096.76;
	1799.9 1253.5808 1996.8817 594.644 1008.7189 1450.3434 1129.2883 327.9383 670.3055 6479.5226 2190.4124;
	1837.9 1297.151 2086.8964 610.0 1088.0 1506.1534 1214.2 344.1364 697.2 6318.7424 2296.2681;
	1863.7 1356.7737 2166.1036 619.567 1119.1697 1543.5 1245.745 365.6951 741.1135 6360.4427 2471.0076;
	1881.4928 1356.803 2144.8286 623.0 1097.3799 1507.9866 1191.0357 346.4411 726.4 6158.7945 2404.4422;
	1848.4 1245.3038 2017.9305 607.9326 989.6212 1414.0259 1126.6099 323.5907 689.752 5974.7098 2220.7103;
	1740.9202 1189.0307 1949.9787 596.8507 942.8332 1316.8 1064.4 301.5411 634.9799 5678.7394 2128.5711;
	1638.7442 1075.8227 1825.0105 590.3229 883.4177 1187.4508 981.2399 276.0702 589.8 5291.3286 1968.278;
	1600.0325 1027.1 1756.8257 596.0612 842.1089 1185.9781 934.608 268.1 557.2475 5014.5382 1826.1849;
	1572.9 988.6 1719.8881 599.3277 831.9923 1154.7542 881.9396 277.6081 506.9512 4709.404 1750.7779;
];
