function loadprofile = ex_load_profilesh1
%EX_LOAD_PROFILE  Example load profile data file for stochastic unit commitment.
% 2022.03.12
% Andres F. Ramirez

%% define constants
[CT_LABEL, CT_PROB, CT_TABLE, CT_TBUS, CT_TGEN, CT_TBRCH, CT_TAREABUS, ...
    CT_TAREAGEN, CT_TAREABRCH, CT_ROW, CT_COL, CT_CHGTYPE, CT_REP, ...
    CT_REL, CT_ADD, CT_NEWVAL, CT_TLOAD, CT_TAREALOAD, CT_LOAD_ALL_PQ, ...
    CT_LOAD_FIX_PQ, CT_LOAD_DIS_PQ, CT_LOAD_ALL_P, CT_LOAD_FIX_P, ...
    CT_LOAD_DIS_P, CT_TGENCOST, CT_TAREAGENCOST, CT_MODCOST_F, ...
    CT_MODCOST_X] = idx_ct;

loadprofile = struct( ...
    'type', 'mpcData', ...
    'table', CT_TAREALOAD, ...
    'rows', [1:11], ...
    'col', CT_LOAD_ALL_P, ...
    'chgtype', 1, ...
    'values', [] );
loadprofile.values(:,1,:) = [
	1412.7165 866.5323 1553.0335 550.7437 777.8221 1082.8 845.7478 265.4183 502.1 4428.8218 1600.9372;
	1410.7038 859.9347 1571.1361 548.3 774.4758 1079.1436 834.8368 258.6999 478.7 4314.9456 1540.2868;
	1445.8466 889.4397 1604.4004 562.7 787.9771 1110.1 864.5001 269.1 500.8106 4398.6937 1599.3101;
	1536.3256 991.0501 1739.3 573.7 880.1699 1195.9662 910.1867 291.7808 529.5231 4655.3974 1709.8446;
	1672.2883 1120.8 1925.786 598.0 966.3935 1334.719 1009.9 317.6947 603.5 5186.0 1949.2769;
	1763.7067 1198.3772 2026.0148 621.2097 1013.5625 1430.087 1065.8899 336.2155 670.218 5810.4409 2152.2589;
	1798.8124 1222.9 2043.3059 626.6725 1017.1769 1439.6517 1092.0 349.9 693.2823 6124.8847 2199.2896;
	1763.7953 1223.2555 2013.6292 616.2561 1035.9759 1434.5 1083.4 361.7 692.4331 6334.3916 2209.3614;
	1757.9724 1196.1208 1979.8563 625.3669 1060.0 1434.3669 1121.5803 359.4951 718.5 6393.8151 2226.3149;
	1761.9031 1229.75 2009.1978 623.7547 1093.0482 1479.006 1121.8055 384.9097 700.2886 6465.1831 2312.5327;
	1783.6099 1249.0 2024.7551 610.8916 1062.9238 1468.0874 1104.3043 393.8104 725.9786 6556.4001 2310.2493;
	1846.8652 1240.677 2028.6726 610.7282 1048.3 1463.3383 1059.6128 412.765 693.9 6663.8597 2410.5455;
	1835.003 1215.8871 1997.4 609.8795 1022.7514 1457.6196 1079.6987 386.367 689.6595 6576.0765 2391.8489;
	1787.3715 1196.6325 1947.9 601.0847 983.2 1399.6051 1069.9191 371.5212 693.4365 6440.1521 2257.8272;
	1794.7483 1211.3437 1931.1554 611.6 970.9394 1427.732 1116.3 384.1 760.3 6496.955 2332.6204;
	1812.8275 1226.6478 1980.6251 633.0637 1015.0571 1431.229 1101.2932 379.8474 733.2936 6365.9836 2372.6505;
	1821.9198 1268.8625 2110.1869 639.8361 1049.8 1524.0047 1210.853 429.4911 770.3975 6463.2255 2570.7146;
	1887.0183 1304.0 2136.3 658.4777 1079.8219 1549.034 1319.8488 447.1889 836.6202 6772.1344 2765.7868;
	1929.3571 1318.9063 2116.3 654.8025 1092.7249 1514.7021 1254.3092 428.5847 809.7721 6460.0785 2656.6058;
	1858.4818 1254.4203 1987.2356 635.8238 1026.5663 1422.5843 1190.2912 416.9792 759.1645 6360.1808 2503.3582;
	1790.1 1149.6921 1822.7368 607.7126 964.1134 1308.4314 1079.5981 386.9876 704.5216 6104.9052 2232.6547;
	1685.5836 1087.6 1763.722 598.4582 939.8301 1232.0235 1016.8595 383.3143 640.5907 5514.3894 1998.5885;
	1645.524 994.4988 1677.258 600.814 914.9617 1175.0202 926.4698 312.7213 575.6638 5397.9259 1876.4647;
	1646.1585 991.5322 1681.0054 609.2415 890.927 1166.8024 907.4771 307.8867 553.0509 5000.2503 1786.6449;
];
