function loadprofile = ex_load_profilesh1
%EX_LOAD_PROFILE  Example load profile data file for stochastic unit commitment.
% 2022.03.12
% Andres F. Ramirez

%% define constants
[CT_LABEL, CT_PROB, CT_TABLE, CT_TBUS, CT_TGEN, CT_TBRCH, CT_TAREABUS, ...
    CT_TAREAGEN, CT_TAREABRCH, CT_ROW, CT_COL, CT_CHGTYPE, CT_REP, ...
    CT_REL, CT_ADD, CT_NEWVAL, CT_TLOAD, CT_TAREALOAD, CT_LOAD_ALL_PQ, ...
    CT_LOAD_FIX_PQ, CT_LOAD_DIS_PQ, CT_LOAD_ALL_P, CT_LOAD_FIX_P, ...
    CT_LOAD_DIS_P, CT_TGENCOST, CT_TAREAGENCOST, CT_MODCOST_F, ...
    CT_MODCOST_X] = idx_ct;

loadprofile = struct( ...
    'type', 'mpcData', ...
    'table', CT_TAREALOAD, ...
    'rows', [1:11], ...
    'col', CT_LOAD_ALL_P, ...
    'chgtype', 1, ...
    'values', [] );
loadprofile.values(:,1,:) = [
	1499.2101 894.1233 1565.4623 531.7103 787.9205 1074.4227 804.0538 243.4998 482.9554 4165.0355 1625.6585;
	1481.9417 896.9123 1558.5522 531.2715 781.8169 1052.352 791.7589 240.2 459.6887 3923.2272 1576.4369;
	1522.7946 914.3569 1593.4643 539.7 783.9785 1069.5965 798.3327 250.1404 472.1777 3989.0789 1598.2711;
	1592.1777 998.6889 1721.9542 557.9057 864.1972 1176.7504 877.8064 275.3661 529.3 4397.3082 1758.6;
	1746.7 1133.474 1917.6 572.2919 967.1225 1300.878 974.5681 319.3 598.6926 4931.0793 1994.8768;
	1850.1207 1220.1222 2052.5149 595.702 1062.0289 1407.7243 1040.724 364.2228 651.0524 5312.9497 2164.925;
	1877.3287 1257.1315 2120.9882 581.2049 1108.2789 1432.0744 1043.1138 380.3482 662.8827 5740.8886 2212.023;
	1863.6 1237.6055 2118.4757 586.7717 1140.1327 1421.2584 1056.1451 398.1278 681.6923 6042.9 2182.5319;
	1873.4371 1259.7299 2137.8546 594.8 1170.354 1457.7276 1046.2821 380.2307 676.0 5904.9544 2040.9574;
	1925.1171 1271.7484 2177.2572 586.9338 1163.8744 1503.5704 1065.7435 382.671 667.3772 6083.6246 2058.476;
	1940.513 1278.0 2172.3257 601.8742 1144.0853 1520.4558 1132.3504 394.0063 689.4791 6344.1792 2149.0717;
	1958.8751 1267.3364 2124.8687 602.4491 1133.6484 1478.9461 1076.2909 394.4919 674.2331 6403.9144 2063.9686;
	1929.9138 1254.9957 2122.5325 601.1 1128.8651 1415.5632 1083.1542 400.7342 651.4103 6420.8365 2038.1624;
	1892.5 1243.0456 2080.0495 596.2755 1113.5788 1390.9615 1089.2719 392.5564 645.5 6427.135 2141.8854;
	1939.6685 1233.5785 2113.0488 603.2078 1115.3066 1449.3 1126.3977 393.3387 666.9407 6499.3624 2247.7248;
	1944.5418 1259.662 2179.8219 593.0 1151.3812 1523.3864 1176.1622 404.1119 672.5476 6505.0683 2316.1073;
	2015.3163 1271.1686 2195.8698 601.6249 1150.1 1526.611 1195.5 406.9936 685.5316 6295.3616 2415.0346;
	2066.0515 1320.2542 2282.3319 621.1984 1208.7367 1628.3182 1239.5135 402.7437 730.7065 6392.2068 2513.5613;
	2067.0512 1323.1728 2284.0575 597.3 1197.8406 1614.4609 1254.6676 411.5035 718.7164 6232.2138 2454.0395;
	1995.0571 1277.428 2184.9507 588.0902 1148.6144 1549.7119 1200.0671 411.75 683.6125 6234.3178 2373.0844;
	1841.6818 1153.6707 2047.8336 571.3644 1066.9088 1437.6013 1086.6 370.4519 631.6 5781.8619 2156.0496;
	1769.763 1082.0305 1899.0202 547.9 979.1258 1335.2938 996.0145 329.5963 567.6394 5503.502 1992.6221;
	1695.9349 1023.3335 1718.0695 529.5682 933.7459 1253.025 911.0 296.491 545.3305 5004.2169 1827.8397;
	1655.6545 986.724 1624.8061 532.026 898.9478 1207.9362 879.4 285.6136 523.8215 4783.2955 1777.1088;
];
