function loadprofile = ex_load_profilesh1
%EX_LOAD_PROFILE  Example load profile data file for stochastic unit commitment.
% 2022.03.12
% Andres F. Ramirez

%% define constants
[CT_LABEL, CT_PROB, CT_TABLE, CT_TBUS, CT_TGEN, CT_TBRCH, CT_TAREABUS, ...
    CT_TAREAGEN, CT_TAREABRCH, CT_ROW, CT_COL, CT_CHGTYPE, CT_REP, ...
    CT_REL, CT_ADD, CT_NEWVAL, CT_TLOAD, CT_TAREALOAD, CT_LOAD_ALL_PQ, ...
    CT_LOAD_FIX_PQ, CT_LOAD_DIS_PQ, CT_LOAD_ALL_P, CT_LOAD_FIX_P, ...
    CT_LOAD_DIS_P, CT_TGENCOST, CT_TAREAGENCOST, CT_MODCOST_F, ...
    CT_MODCOST_X] = idx_ct;

loadprofile = struct( ...
    'type', 'mpcData', ...
    'table', CT_TAREALOAD, ...
    'rows', [1:11], ...
    'col', CT_LOAD_ALL_P, ...
    'chgtype', 1, ...
    'values', [] );
loadprofile.values(:,1,:) = [
	1504.0651 921.1901 1610.4521 569.5409 827.6207 1177.619 901.7012 285.9021 518.3025 4447.8672 1662.1;
	1490.8109 908.7825 1604.6672 570.8265 835.0469 1190.0743 895.6365 284.0124 517.7351 4460.9454 1675.3;
	1510.8765 946.7554 1651.8822 577.5 851.7024 1182.4244 898.0816 278.4001 527.9548 4523.2022 1708.681;
	1585.1006 1026.8797 1772.1446 605.8817 896.5 1270.0447 949.6 300.9 554.7982 4755.0678 1810.1682;
	1715.0042 1154.6669 1951.7601 625.4666 1020.4908 1418.8454 1037.0609 346.7 632.8501 5331.6854 2043.8539;
	1858.3653 1275.5071 2108.7 629.3 1086.6212 1497.383 1120.894 377.8 716.561 5821.6577 2212.5857;
	1863.1868 1267.4481 2130.1528 620.3893 1084.5295 1477.417 1126.5692 372.2049 707.1263 6090.1224 2217.0229;
	1903.3111 1310.5793 2125.4586 618.4 1090.1131 1531.4324 1158.8095 401.0393 733.7725 6380.2071 2289.1388;
	1940.6449 1300.0348 2135.1096 600.8432 1096.8358 1555.5262 1182.8 391.9166 760.4661 6480.9972 2330.8;
	1936.8 1272.9207 2067.7717 603.3392 1091.4968 1572.0929 1139.0805 397.0912 738.0889 6490.0429 2347.5632;
	1904.3461 1250.8714 2082.8667 595.0 1084.0629 1546.7105 1131.9567 397.7389 720.5124 6295.7126 2200.0348;
	1918.5561 1249.8461 2058.8448 598.3871 1082.3029 1517.3723 1098.2051 417.7257 705.2921 6286.6254 2129.6788;
	1820.0784 1202.8405 1957.1 586.4121 1012.943 1448.5674 1039.5054 406.0127 709.0477 6314.4782 2060.8463;
	1803.289 1200.7928 1993.3786 590.6814 1015.4909 1414.154 1045.6084 420.8231 745.0547 6392.4608 2172.2685;
	1785.4667 1210.5 2005.1496 609.641 1019.553 1442.7082 1051.1483 447.3045 703.8552 6399.506 2220.1708;
	1755.9246 1199.9818 2009.0824 633.3353 1033.8891 1479.5357 1113.3703 449.4435 724.5945 6467.0833 2369.2387;
	1729.5387 1202.7 2021.9843 627.4907 1079.7979 1517.8862 1165.7726 445.4063 710.8848 6339.608 2562.2376;
	1825.3092 1254.0001 2119.8026 629.5 1122.8825 1579.431 1226.4981 449.8034 753.8205 6486.0448 2633.1026;
	1844.8324 1275.8297 2099.0724 617.0 1112.9045 1519.11 1201.7216 415.8344 733.9718 6189.9162 2499.1;
	1810.786 1210.6777 2031.2385 615.4563 1092.4373 1488.5997 1191.6345 406.6265 711.0499 6024.6648 2430.2;
	1744.4565 1131.4389 1914.4819 588.2335 1009.3985 1356.4857 1083.8881 386.1633 643.7 5638.4003 2166.5847;
	1667.3829 1049.5372 1761.2676 573.0888 912.4657 1249.0 1005.6945 383.0055 574.5727 5186.4032 1961.7722;
	1599.2242 997.3311 1697.6049 577.7634 903.849 1225.9282 962.8564 357.4733 553.2514 5029.1642 1873.2283;
	1550.3096 972.634 1669.7 565.1284 877.404 1158.4827 907.3125 342.9446 525.9923 4752.5 1780.7;
];
