function loadprofile = ex_load_profilesh1
%EX_LOAD_PROFILE  Example load profile data file for stochastic unit commitment.
% 2022.03.12
% Andres F. Ramirez

%% define constants
[CT_LABEL, CT_PROB, CT_TABLE, CT_TBUS, CT_TGEN, CT_TBRCH, CT_TAREABUS, ...
    CT_TAREAGEN, CT_TAREABRCH, CT_ROW, CT_COL, CT_CHGTYPE, CT_REP, ...
    CT_REL, CT_ADD, CT_NEWVAL, CT_TLOAD, CT_TAREALOAD, CT_LOAD_ALL_PQ, ...
    CT_LOAD_FIX_PQ, CT_LOAD_DIS_PQ, CT_LOAD_ALL_P, CT_LOAD_FIX_P, ...
    CT_LOAD_DIS_P, CT_TGENCOST, CT_TAREAGENCOST, CT_MODCOST_F, ...
    CT_MODCOST_X] = idx_ct;

loadprofile = struct( ...
    'type', 'mpcData', ...
    'table', CT_TAREALOAD, ...
    'rows', [1:11], ...
    'col', CT_LOAD_ALL_P, ...
    'chgtype', 1, ...
    'values', [] );
loadprofile.values(:,1,:) = [
	1574.3264 950.8666 1615.0 562.3 743.0297 1119.7133 872.2375 277.7019 511.0 4405.389 1684.2579;
	1568.1708 953.2479 1662.2148 571.5851 765.1584 1148.879 878.5767 283.8347 504.2 4455.7476 1679.0165;
	1587.2676 970.8 1660.7 576.0178 774.0289 1164.3567 874.7 281.6079 519.4053 4457.9531 1686.4898;
	1647.2 1038.5366 1759.0017 589.1311 806.5 1212.419 907.3023 297.7 549.9297 4645.8696 1793.2874;
	1818.9657 1170.7728 1970.7516 611.4194 931.8287 1345.3123 1031.0739 336.0743 622.8635 5274.1683 2050.7909;
	1951.6319 1263.5609 2090.1999 615.2909 1014.2304 1458.3548 1116.1814 379.2728 688.2096 5876.8732 2247.4148;
	1972.5804 1280.6319 2078.2 634.6155 1010.8571 1472.7869 1144.1607 366.6339 703.8897 6193.9736 2303.4902;
	2021.028 1302.6691 2100.0208 622.5 1057.1136 1451.7496 1105.6676 367.6 700.2 6367.3973 2256.9611;
	2010.1 1275.5975 2083.4 612.6489 1028.6 1411.3379 1069.0 367.8377 683.0459 6460.925 2250.8969;
	2084.4958 1278.9 2091.9279 606.6521 1035.1979 1406.0093 1109.5255 366.9794 678.6 6549.5491 2304.0412;
	2043.8452 1269.2899 2089.8652 603.3 1024.3 1385.2321 1062.9767 381.5595 674.9436 6448.0022 2227.2948;
	2012.6627 1268.8473 2023.765 589.3906 957.1772 1392.5432 1087.3562 354.4943 679.741 6468.1 2200.1956;
	1960.6254 1266.1 2021.8852 602.7356 959.1641 1429.269 1113.2588 371.5102 667.9725 6473.1416 2175.3934;
	1934.2498 1264.719 1963.2912 601.2042 940.2353 1342.8213 1049.0829 357.505 662.8363 6336.3452 2127.6774;
	1910.7649 1261.2916 1971.4253 596.037 1003.321 1343.8136 1040.3 356.459 631.6474 6272.2534 2176.476;
	1911.937 1284.8098 2000.9409 607.798 1010.4279 1393.5938 1052.0468 360.3859 652.7018 6299.8695 2215.613;
	1958.7061 1325.1218 2056.248 613.8 1074.4 1424.8252 1100.9 368.2799 688.1 6242.1709 2343.0;
	2023.1914 1399.3809 2148.589 618.5351 1119.1233 1511.2335 1191.1831 391.9 738.6727 6420.1867 2534.8955;
	2019.9975 1387.2434 2104.0 604.4 1057.5276 1493.0525 1201.7414 380.4 745.8634 6293.9196 2531.7223;
	2020.9524 1321.9207 2012.0 577.0 1016.118 1412.1586 1149.0 371.1737 708.1644 6082.6483 2441.717;
	1875.9617 1228.1018 1886.887 550.6685 940.4745 1325.8 1100.9274 337.8 663.0079 5688.6292 2225.4806;
	1736.5073 1103.3 1748.9665 544.1144 891.1 1222.6305 1020.0438 313.1 619.2638 5350.318 2051.2481;
	1690.3084 1016.4271 1702.634 573.6338 844.2507 1200.3534 974.1101 290.5 614.1491 5157.498 2084.2342;
	1660.512 986.9443 1666.3629 575.3544 822.7646 1176.9787 922.6832 275.4 576.5189 4769.5806 1933.5657;
];
