function windprofile = ex_wind_profilesh1
%EX_WIND_PROFILE_D  Example wind_load_nyiso profile data for deterministic unit commitment.
% 2022.03.12
% Andres F. Ramirez


%% define constants
[GEN_BUS, PG, QG, QMAX, QMIN, VG, MBASE, GEN_STATUS, PMAX, PMIN, ...
    MU_PMAX, MU_PMIN, MU_QMAX, MU_QMIN, PC1, PC2, QC1MIN, QC1MAX, ...
    QC2MIN, QC2MAX, RAMP_AGC, RAMP_10, RAMP_30, RAMP_Q, APF] = idx_gen;
[CT_LABEL, CT_PROB, CT_TABLE, CT_TBUS, CT_TGEN, CT_TBRCH, CT_TAREABUS, ...
    CT_TAREAGEN, CT_TAREABRCH, CT_ROW, CT_COL, CT_CHGTYPE, CT_REP, ...
    CT_REL, CT_ADD, CT_NEWVAL, CT_TLOAD, CT_TAREALOAD, CT_LOAD_ALL_PQ, ...
    CT_LOAD_FIX_PQ, CT_LOAD_DIS_PQ, CT_LOAD_ALL_P, CT_LOAD_FIX_P, ...
    CT_LOAD_DIS_P, CT_TGENCOST, CT_TAREAGENCOST, CT_MODCOST_F, ...
    CT_MODCOST_X] = idx_ct;

windprofile = struct( ...
    'type', 'mpcData', ...
    'table', CT_TGEN, ...
    'rows', [1:45], ...
    'col', PMAX, ...
    'chgtype', 1, ...
    'values', [] );
windprofile.values(:,1,:) = [
	3.5857 48.4512 87.0065 102.0876 14.3642 32.2924 28.5051 17.6046 27.6503 30.6252 56.6103 84.4514 127.1411 63.8328 192.8259 72.6461 90.1349 95.5161 38.2139 70.4888 9.5017 75.349 74.2816 86.1045 100.9649 73.7609 13.4159 1102.1586 663.3627 663.3627 550.6369 96.0595 127.3797 181.4384 200.1246 283.0347 1083.6854 205.8368 468.379 270.4418 118.9422 358.2309 130.2453 254.6135 1094.9738;
	3.7058 50.0739 89.2597 114.935 14.8388 32.6246 29.8934 18.5157 28.0845 29.8932 55.2571 82.4327 124.102 65.5591 191.1335 72.0084 89.3438 94.6777 35.9326 71.5918 9.9645 76.1241 71.4915 85.8688 100.7318 75.0636 13.4698 1116.1564 672.7496 672.7496 536.6972 101.0267 119.7755 184.2773 205.5366 287.0398 1078.2872 205.8708 465.2095 269.8172 119.7206 361.9159 128.6229 267.5107 1089.5193;
	3.8858 52.506 93.1685 66.6991 15.2638 34.7502 29.2374 18.383 27.6154 29.9076 55.2838 82.4725 124.1619 65.7438 192.6464 72.5784 90.051 95.4272 36.3018 71.2276 9.7458 81.0839 71.0604 86.8352 102.6506 73.5844 13.5864 1180.7839 694.3311 694.3311 531.2621 94.693 121.0059 183.3401 206.1156 296.2479 1142.6476 195.9544 465.8762 274.9568 119.9541 385.4959 131.7262 270.9343 1154.5502;
	3.8991 52.6847 91.9461 86.6973 15.1796 34.2629 30.5646 18.8024 28.4734 30.0887 55.6186 82.972 124.9138 67.8099 197.2993 74.3313 92.2259 97.732 45.2668 71.8992 10.1882 79.9467 68.7395 85.9705 100.7645 73.3613 13.9709 1253.8992 722.7867 722.7867 554.2794 91.7792 150.8894 185.0686 212.5931 308.389 1114.0671 217.8884 476.9629 269.9048 119.424 380.0893 170.0148 266.0867 1125.672;
	3.729 50.387 94.1159 120.4588 15.4025 34.7572 26.6202 19.1065 28.4211 30.8287 56.9864 85.0125 127.9859 64.9096 195.7743 73.7568 91.5131 96.9766 81.5703 71.9492 8.8734 81.1001 60.0715 86.3645 103.3701 75.6733 14.0271 1239.6498 693.8464 693.8464 535.4594 94.0113 271.9009 185.1973 203.5003 296.0411 1180.4971 216.7191 475.1511 276.8842 117.8144 385.5731 186.5724 269.5375 1192.794;
	3.8906 52.571 92.899 120.4099 15.3932 34.9312 30.4915 19.0074 28.4749 30.8026 56.9381 84.9405 127.8775 65.9607 197.8577 74.5417 92.487 98.0086 92.5458 73.8001 10.1638 81.5061 70.6945 86.4803 104.3139 74.7324 14.1074 1298.7304 736.6273 736.6273 517.1913 91.0911 308.4859 189.9615 206.7958 314.2943 1149.4419 216.613 476.0748 279.4122 115.583 387.5033 198.6307 264.3244 1161.4152;
	3.9142 52.8896 94.7325 120.8154 15.3019 34.8192 28.9956 18.83 28.0844 30.2892 55.9891 83.5247 125.746 64.1507 199.6925 75.233 93.3446 98.9175 90.9011 73.8635 9.6652 81.2448 73.1097 86.9276 103.3468 75.095 13.8286 1315.9197 727.9499 727.9499 552.4584 93.8455 303.0036 190.1248 201.1212 310.5919 1191.5489 235.4575 460.6297 276.8217 117.7464 386.2609 199.4475 262.249 1203.9609;
	3.9106 52.8403 94.8179 120.8984 15.3253 35.0024 29.0689 19.0928 28.0854 29.9387 55.3412 82.5582 124.2909 66.2341 201.0884 75.7589 93.9971 99.6089 91.5232 72.907 9.6896 81.6723 73.2564 89.1788 106.2389 75.5238 13.9233 1239.3963 703.6673 703.6673 528.4847 83.8851 305.0773 187.6628 207.653 300.2314 1153.7528 236.8771 457.8336 284.5686 119.0518 388.2934 196.4648 262.4501 1165.771;
	3.916 52.9134 94.8958 121.3488 14.9681 35.0415 30.2348 19.0868 28.3074 30.5477 56.467 84.2377 126.8193 68.8148 203.3712 76.6189 95.0642 100.7397 90.2253 72.7393 10.0783 81.7635 72.0322 88.5532 105.3572 74.8976 13.9779 1299.4084 802.0489 802.0489 620.8003 84.5855 300.7511 187.231 215.7438 342.2075 1238.4753 280.6884 472.9826 282.2068 121.3976 388.727 181.5012 271.7827 1251.3761;
	3.9162 52.916 93.8071 120.7682 14.8491 34.795 30.7608 18.8772 28.3315 30.7368 56.8165 84.7591 127.6043 69.035 203.2891 76.588 95.0258 100.699 91.0159 73.2471 10.2536 81.1882 73.7107 86.7749 103.7832 73.3081 13.9551 1279.3602 789.0908 789.0908 646.4402 89.2376 303.3863 188.5381 216.4339 336.6787 1227.0547 289.4932 470.2676 277.9907 121.7227 385.992 175.9151 266.7065 1239.8365;
	3.9021 52.7255 93.422 119.9526 14.7113 34.6967 28.6077 18.6972 28.226 31.3471 57.9447 86.442 130.138 66.5837 204.4302 77.0179 95.5592 101.2642 90.7263 73.1336 9.5359 80.9589 75.1656 88.1683 102.52 73.1225 13.9746 1209.7512 775.4268 775.4268 629.2239 88.8256 302.4211 188.2462 208.7489 330.8488 1133.4848 296.6765 469.5794 274.6072 118.4037 384.9018 175.3963 265.9771 1145.292;
	3.8734 52.3376 90.1116 118.5044 15.105 34.4873 26.9792 18.4216 28.1903 30.7968 56.9275 84.9246 127.8535 67.7176 202.5583 76.3127 94.6842 100.337 90.8911 72.1462 8.9931 80.4703 75.3136 85.842 101.5917 72.9655 13.7385 1191.7861 767.8703 767.8703 661.2686 98.7101 302.9704 185.7045 212.3039 327.6246 1147.068 307.7276 469.5394 272.1207 116.9515 382.5789 189.6841 275.6955 1159.0166;
	3.8447 51.95 91.3702 119.8579 15.0055 33.6622 27.8352 18.9294 27.6096 30.2333 55.8858 83.3706 125.5141 67.0803 199.872 75.3006 93.4285 99.0063 89.042 70.7091 9.2784 78.5452 74.7986 89.1604 102.7372 75.0988 13.866 1155.4406 732.8812 732.8812 648.9788 97.3305 296.8068 182.0055 210.3059 312.696 994.3111 309.043 459.9651 275.1889 115.3806 373.4262 159.9586 267.2649 1004.6685;
	3.8954 52.6359 89.4837 119.3898 14.934 34.3205 28.1202 18.8596 27.4083 30.1332 55.7008 83.0946 125.0985 66.6786 201.6684 75.9774 94.2683 99.8962 90.7837 71.8868 9.3734 80.0812 75.0929 88.0742 101.5458 73.828 13.8695 1115.305 695.6133 695.6133 662.094 99.5531 302.6123 185.0367 209.0464 296.795 981.4214 306.5727 457.3578 271.9976 117.6213 380.7288 157.9418 273.4675 991.6445;
	3.9115 52.8532 92.9225 117.4494 14.9254 34.8946 25.9833 18.9935 28.2069 30.8424 57.0118 85.0504 128.0429 68.1599 201.8762 76.0557 94.3654 99.9991 88.6356 72.8047 8.6611 81.4206 75.3456 88.8342 103.7839 74.9086 13.8626 1072.9178 715.1087 715.1087 677.5036 97.4074 295.4521 187.3994 213.6905 305.113 937.8046 327.4022 460.6379 277.9925 117.4607 387.097 181.4629 258.7942 947.5734;
	3.884 52.4817 91.9062 117.7893 14.9702 34.5478 26.3925 18.4677 28.1877 30.9544 57.2188 85.3592 128.5078 66.1372 201.4303 75.8877 94.157 99.7783 89.3386 72.5705 8.7975 80.6115 75.4638 85.3469 100.0691 74.4518 13.5496 1103.6168 747.9204 747.9204 658.4843 102.7302 297.7952 186.7968 207.3492 319.1127 1013.8372 318.1237 448.5551 268.0422 115.6478 383.2499 183.2359 248.8406 1024.398;
	3.7283 50.3775 91.9187 118.2358 14.9478 34.9742 26.1611 17.858 28.2906 31.1274 57.5385 85.8361 129.2257 66.0533 202.8755 76.4322 94.8325 100.4941 91.1388 73.4259 8.7204 81.6065 75.5632 86.5189 98.8208 73.0394 12.1875 1072.0206 723.7426 723.7426 697.3761 105.1834 303.796 188.9984 207.0862 308.7969 1118.2454 301.9908 465.0925 264.6986 114.5752 387.9805 189.8112 226.9191 1129.8938;
	3.8166 51.5713 92.905 118.0294 14.8137 34.164 26.4497 15.5399 28.024 30.6706 56.6942 84.5766 127.3296 67.488 198.3471 74.7261 92.7157 98.251 87.8755 71.2943 8.8166 79.716 73.9678 82.8142 98.0141 68.4446 11.401 1157.0139 727.2293 727.2293 698.7215 103.1033 292.9184 183.5118 211.584 310.2845 1151.6162 310.2666 470.0734 262.5377 115.1539 378.9926 196.0045 242.9671 1163.6122;
