function windprofile = ex_wind_profilesh1
%EX_WIND_PROFILE_D  Example wind_load_nyiso profile data for deterministic unit commitment.
% 2022.03.12
% Andres F. Ramirez


%% define constants
[GEN_BUS, PG, QG, QMAX, QMIN, VG, MBASE, GEN_STATUS, PMAX, PMIN, ...
    MU_PMAX, MU_PMIN, MU_QMAX, MU_QMIN, PC1, PC2, QC1MIN, QC1MAX, ...
    QC2MIN, QC2MAX, RAMP_AGC, RAMP_10, RAMP_30, RAMP_Q, APF] = idx_gen;
[CT_LABEL, CT_PROB, CT_TABLE, CT_TBUS, CT_TGEN, CT_TBRCH, CT_TAREABUS, ...
    CT_TAREAGEN, CT_TAREABRCH, CT_ROW, CT_COL, CT_CHGTYPE, CT_REP, ...
    CT_REL, CT_ADD, CT_NEWVAL, CT_TLOAD, CT_TAREALOAD, CT_LOAD_ALL_PQ, ...
    CT_LOAD_FIX_PQ, CT_LOAD_DIS_PQ, CT_LOAD_ALL_P, CT_LOAD_FIX_P, ...
    CT_LOAD_DIS_P, CT_TGENCOST, CT_TAREAGENCOST, CT_MODCOST_F, ...
    CT_MODCOST_X] = idx_ct;

windprofile = struct( ...
    'type', 'mpcData', ...
    'table', CT_TGEN, ...
    'rows', [1:45], ...
    'col', PMAX, ...
    'chgtype', 1, ...
    'values', [] );
windprofile.values(:,1,:) = [
	3.8022 51.3766 88.6431 105.4329 14.9124 32.3367 26.5715 18.7108 25.7817 29.6302 54.7709 81.7074 123.0101 63.9455 195.8639 73.7906 91.555 97.021 37.8639 69.0444 8.8572 75.4523 69.8838 86.4524 101.3141 76.0735 14.0498 1067.2322 693.8532 693.8532 595.5911 106.8894 126.2129 177.7205 200.4779 296.044 1129.0588 230.9538 439.1544 271.377 116.1946 358.7217 141.9735 279.4229 1140.8198;
	3.6741 49.6452 91.8814 114.7284 14.9592 32.7385 27.7456 18.7053 26.6566 30.2689 55.9516 83.4688 125.6619 63.6202 192.5897 72.557 90.0245 95.3991 34.2719 70.7469 9.2485 76.3898 68.9426 86.6599 101.2255 74.0686 13.7599 1078.5111 706.9795 706.9795 588.1456 107.8486 114.2398 182.1027 199.4579 301.6446 1150.3596 243.0065 447.3868 271.1398 119.333 363.1787 138.6153 278.3174 1162.3426;
	3.7033 50.0404 93.9393 65.4718 15.0843 33.8406 27.2814 18.2783 26.3085 29.2802 54.1239 80.7422 121.557 63.2607 195.4513 73.6351 91.3621 96.8166 37.1994 69.0387 9.0938 78.9615 66.9881 87.1527 103.6406 73.4737 13.9134 1157.3243 693.5871 693.5871 556.8503 106.8309 123.9979 177.7059 198.3308 295.9305 1203.1486 232.8295 432.8577 277.6089 120.0594 375.4055 130.9351 277.8844 1215.6814;
	3.815 51.5495 93.8241 90.1198 15.3472 34.3927 26.2846 18.3871 26.2449 29.7714 55.032 82.097 123.5965 63.9396 198.6948 74.8571 92.8783 98.4232 45.6234 70.7985 8.7615 80.2496 60.0194 86.5339 103.0925 73.7773 14.084 1209.7789 702.237 702.237 546.1254 101.2195 152.0781 182.2355 200.4592 299.6211 1134.1745 251.5689 436.3773 276.1407 119.9288 381.5297 167.3331 272.0763 1145.9888;
	3.5672 48.2008 92.9805 120.1707 15.097 32.8407 21.6185 18.2266 26.3207 30.1007 55.6406 83.0048 124.9633 63.2492 196.9401 74.1961 92.0581 97.5541 80.859 69.794 7.2062 76.6283 57.8663 86.4611 103.09 72.9589 13.787 1170.9936 652.0003 652.0003 549.7247 100.5294 269.5301 179.6498 198.2948 278.1868 1183.173 255.4458 425.7953 276.1338 118.5217 364.3126 173.0649 264.3061 1195.4977;
	3.6792 49.7137 91.2907 117.8426 14.9492 33.1327 27.7158 18.037 26.069 30.8845 57.0895 85.1663 128.2175 65.3859 198.2013 74.6712 92.6476 98.1788 87.2991 71.2204 9.2386 77.3097 69.0078 87.0707 104.9239 71.7155 13.6758 1189.6991 701.8523 701.8523 520.5024 96.7032 290.9971 183.3214 204.9937 299.457 1128.3698 226.8027 433.0136 281.0461 115.0743 367.5526 187.1832 266.7812 1140.1236;
	3.818 51.5898 92.5176 118.6403 14.5559 32.2204 28.8213 18.1231 26.0146 30.7082 56.7637 84.6803 127.4857 64.8365 198.2502 74.6896 92.6704 98.203 89.2944 70.8154 9.6071 75.1808 72.8579 87.1764 102.7677 74.1351 13.4001 1209.6122 746.0406 746.0406 599.0407 90.6685 297.6481 182.2791 203.2712 318.3107 1149.3471 252.4416 444.7964 275.2707 118.6447 357.4311 194.1853 266.7151 1161.3194;
	3.6756 49.6651 88.7778 117.0869 14.5333 32.0027 26.8987 18.0041 26.0696 30.6758 56.7038 84.5909 127.3511 62.9969 200.4316 75.5115 93.6901 99.2836 84.8125 69.9275 8.9662 74.6729 73.785 86.1545 105.3353 73.199 13.1365 1136.2101 722.0071 722.0071 587.1728 70.7766 282.7085 179.9936 197.5038 308.0564 1081.0186 229.6292 446.7651 282.148 115.9677 355.0165 179.8105 263.9798 1092.2792;
	3.6381 49.1584 90.9053 118.5577 14.3469 32.8789 28.8627 17.7208 27.181 31.1715 57.6201 85.9578 129.4091 66.8565 198.1983 74.6701 92.6462 98.1773 89.0615 69.5989 9.6209 76.7174 74.5913 85.2388 102.8029 72.8476 13.0028 1189.9185 792.5013 792.5013 617.2365 67.2056 296.8718 179.1478 209.604 338.1339 1182.1138 256.1378 462.9308 275.3648 118.043 364.7364 169.7428 268.6385 1194.4275;
	3.6385 49.1637 90.7483 118.6357 14.2444 32.5003 28.2872 17.6102 26.4081 31.1614 57.6013 85.9298 129.3668 66.2489 197.1643 74.2805 92.1629 97.6651 89.8954 69.5362 9.4291 75.8339 75.5909 84.945 101.0251 72.0194 12.9265 1184.3538 737.6756 737.6756 636.4191 80.2554 299.6513 178.9863 207.6991 314.7416 1114.7376 254.4785 465.6452 270.6029 115.1874 360.5361 152.5103 263.3769 1126.3494;
	3.5962 48.5931 90.3275 117.5508 14.3378 33.0914 24.4373 17.4357 26.0664 31.5121 58.2496 86.897 130.823 66.3082 195.9767 73.8331 91.6077 97.0768 89.1959 71.6487 8.1458 77.2132 75.7637 84.9606 99.3711 70.4484 12.9079 1110.7655 738.5126 738.5126 622.8443 83.0704 297.3195 184.424 207.8851 315.0987 1056.9975 260.1082 455.1511 266.1727 118.3123 367.0936 156.6244 263.0446 1068.0079;
	3.7763 51.0267 93.154 119.5567 14.7827 33.8558 24.7414 18.0589 27.5959 31.3265 57.9066 86.3853 130.0526 66.5285 199.1957 75.0458 93.1124 98.6714 91.1928 71.1124 8.2471 78.997 75.8723 86.6019 102.6854 72.3367 13.0504 1065.1453 750.9964 750.9964 670.7525 89.6866 303.9759 183.0436 208.5758 320.4251 1076.4718 277.1253 464.4863 275.0503 116.1032 375.5742 177.4944 277.3716 1087.685;
	3.6903 49.8639 92.8191 120.1575 15.1014 32.6096 28.6263 18.6587 27.9598 31.4285 58.095 86.6664 130.4757 68.5137 198.1319 74.645 92.6152 98.1444 90.8187 70.8964 9.5421 76.089 75.8485 89.1604 103.9226 73.9455 13.8011 1133.5897 819.2806 819.2806 708.1066 100.8738 302.7288 182.4875 214.7998 349.5597 1099.4979 282.1121 477.9601 278.364 118.516 361.749 152.7991 273.1543 1110.951;
	3.8328 51.7893 94.1227 119.6109 15.0502 34.2537 28.7099 18.6908 27.7488 31.4039 58.0496 86.5986 130.3737 67.5648 203.6726 76.7325 95.2051 100.889 92.2935 71.3867 9.57 79.9253 75.6942 88.9241 104.1618 73.9949 13.4617 1134.3128 782.4284 782.4284 753.1625 100.2168 307.645 183.7495 211.8246 333.8361 1096.2369 292.4775 477.2165 279.0048 121.2106 379.9877 156.5321 275.7933 1107.6561;
	3.8645 52.2175 94.068 117.8354 15.0694 34.4351 27.2133 18.7018 27.9674 31.3581 57.965 86.4724 130.1837 68.2212 200.9777 75.7172 93.9454 99.5541 91.5262 71.8049 9.0711 80.3485 75.5752 88.3997 103.2232 73.7948 13.3518 1078.1071 780.1649 780.1649 748.7627 108.5725 305.0873 184.8261 213.8825 332.8703 1041.8063 332.7524 478.6706 276.4908 121.089 381.9999 178.2331 261.8616 1052.6584;
	3.8478 51.9927 94.8324 119.1203 14.8159 34.5271 27.5122 18.4909 27.34 30.9769 57.2603 85.4212 128.6011 67.4662 202.4819 76.2839 94.6485 100.2992 91.8188 70.5665 9.1707 80.5633 75.5033 86.5288 104.2959 73.5925 13.6059 1122.6872 809.2528 809.2528 735.2832 116.597 306.0625 181.6383 211.5156 345.2812 1129.1235 332.3642 475.013 279.3641 122.5283 383.021 186.8222 265.6578 1140.8852;
	3.8404 51.8925 93.7731 117.7276 15.18 34.9972 26.4913 17.3433 27.6053 31.2645 57.792 86.2142 129.7951 65.885 198.1433 74.6493 92.6205 98.15 88.6668 70.922 8.8304 81.6602 75.5012 86.6934 100.6413 70.9086 12.0026 1109.7987 799.4652 799.4652 736.7777 111.3811 295.5561 182.5533 206.5583 341.1051 1201.5928 318.6648 471.4746 269.5749 120.2975 388.2358 192.6165 252.6106 1214.1094;
	3.8524 52.0539 93.4116 115.7483 14.804 33.3876 26.1144 14.4486 27.5993 30.9792 57.2646 85.4276 128.6108 67.5611 193.8672 73.0383 90.6216 96.0319 89.7069 69.628 8.7048 77.9044 74.8043 84.8113 98.1219 65.4322 10.8034 1171.4179 773.7777 773.7777 697.4451 101.6174 299.0229 179.2227 211.8131 330.1452 1188.9012 310.1923 465.1274 262.8264 118.0723 370.3797 188.0714 261.4275 1201.2856;
