function loadprofile = ex_load_profilesh1
%EX_LOAD_PROFILE  Example load profile data file for stochastic unit commitment.
% 2022.03.12
% Andres F. Ramirez

%% define constants
[CT_LABEL, CT_PROB, CT_TABLE, CT_TBUS, CT_TGEN, CT_TBRCH, CT_TAREABUS, ...
    CT_TAREAGEN, CT_TAREABRCH, CT_ROW, CT_COL, CT_CHGTYPE, CT_REP, ...
    CT_REL, CT_ADD, CT_NEWVAL, CT_TLOAD, CT_TAREALOAD, CT_LOAD_ALL_PQ, ...
    CT_LOAD_FIX_PQ, CT_LOAD_DIS_PQ, CT_LOAD_ALL_P, CT_LOAD_FIX_P, ...
    CT_LOAD_DIS_P, CT_TGENCOST, CT_TAREAGENCOST, CT_MODCOST_F, ...
    CT_MODCOST_X] = idx_ct;

loadprofile = struct( ...
    'type', 'mpcData', ...
    'table', CT_TAREALOAD, ...
    'rows', [1:11], ...
    'col', CT_LOAD_ALL_P, ...
    'chgtype', 1, ...
    'values', [] );
loadprofile.values(:,1,:) = [
	1566.0393 930.7837 1540.2 506.5941 782.2 1140.0764 868.2352 271.037 544.0954 4660.9984 1768.6578;
	1537.2778 930.0145 1511.6782 499.4525 758.4494 1115.7095 862.8158 264.0355 528.7906 4485.0935 1782.6554;
	1580.4569 963.5947 1586.8084 495.7272 779.9602 1164.3 878.6675 259.9851 527.4376 4622.7296 1789.8469;
	1654.1332 1038.5355 1683.2135 499.0092 840.6528 1206.4 934.5761 277.7 556.7493 4825.0844 1868.415;
	1786.1233 1168.3994 1880.808 568.0894 980.5406 1366.15 1022.8 308.6471 622.5661 5292.9246 2072.3588;
	1908.6 1251.488 2016.3 589.1468 1030.5608 1438.1809 1103.1 329.6028 697.0682 5820.9091 2219.0427;
	1956.3389 1275.7396 2051.8074 575.8416 1010.9844 1454.1732 1125.6 338.3 706.4036 6125.6089 2263.2768;
	1919.706 1279.4579 2070.2559 584.6405 1005.3738 1461.0502 1131.3197 345.5317 692.3699 6329.8078 2255.2607;
	1911.0019 1249.0905 2068.4465 559.5489 1023.5454 1436.8394 1107.2294 339.3232 680.4142 6362.3079 2223.565;
	1918.2872 1248.6972 2036.1137 554.4881 1046.6843 1429.8 1129.002 345.7635 673.4173 6336.5 2218.9472;
	1925.3104 1224.1958 1993.5594 538.6725 1044.8926 1390.4276 1130.1207 348.9 676.4619 6395.1893 2252.4256;
	1929.0175 1239.3595 2043.2178 541.3237 1049.6176 1334.6611 1083.9 348.9015 653.0 6286.6815 2157.779;
	1873.0346 1229.0196 2008.8446 517.2672 1047.9899 1341.8235 1062.8174 339.191 651.8 6389.5452 2118.274;
	1841.5572 1228.9799 1967.3642 513.9419 1037.5 1352.4047 1084.8036 354.4559 655.6213 6459.0373 2227.6764;
	1841.9796 1229.156 1994.9 513.9 1048.8782 1379.9884 1106.8875 365.1 677.2527 6696.48 2352.0619;
	1808.4455 1226.3903 1984.7397 520.7256 1072.4216 1397.1989 1113.1031 391.1284 705.2736 6633.2576 2479.9363;
	1812.8863 1238.1 2035.3253 525.4394 1080.5234 1450.0048 1142.8855 395.8505 718.1 6490.5634 2519.3965;
	1906.9535 1263.9289 2085.9466 587.3906 1068.2692 1499.2825 1183.4 405.1634 746.8972 6622.405 2647.3746;
	1848.1503 1246.048 2053.7864 565.4738 1061.2697 1478.5234 1172.8242 396.7877 724.3 6373.9123 2508.8934;
	1822.4695 1198.6021 1939.5935 538.4098 1010.1947 1407.1681 1113.9572 378.4 713.6771 6409.6592 2446.1157;
	1752.514 1131.3414 1835.6474 549.6696 971.3372 1298.4295 1042.0 350.3572 666.3257 6163.2148 2260.9712;
	1659.2 1053.7094 1704.1744 536.5 898.1413 1209.7108 970.3344 320.8733 615.5129 5899.4954 2086.3962;
	1590.6741 988.7427 1595.531 539.1222 823.864 1081.9029 925.9644 294.1 568.6392 5416.3511 2022.0457;
	1541.8878 943.3297 1552.4687 539.1673 806.9066 1083.0588 880.8709 260.0263 548.5615 4932.2476 1972.3366;
];
