function windprofile = ex_wind_profilesh1
%EX_WIND_PROFILE_D  Example wind_load_nyiso profile data for deterministic unit commitment.
% 2022.03.12
% Andres F. Ramirez


%% define constants
[GEN_BUS, PG, QG, QMAX, QMIN, VG, MBASE, GEN_STATUS, PMAX, PMIN, ...
    MU_PMAX, MU_PMIN, MU_QMAX, MU_QMIN, PC1, PC2, QC1MIN, QC1MAX, ...
    QC2MIN, QC2MAX, RAMP_AGC, RAMP_10, RAMP_30, RAMP_Q, APF] = idx_gen;
[CT_LABEL, CT_PROB, CT_TABLE, CT_TBUS, CT_TGEN, CT_TBRCH, CT_TAREABUS, ...
    CT_TAREAGEN, CT_TAREABRCH, CT_ROW, CT_COL, CT_CHGTYPE, CT_REP, ...
    CT_REL, CT_ADD, CT_NEWVAL, CT_TLOAD, CT_TAREALOAD, CT_LOAD_ALL_PQ, ...
    CT_LOAD_FIX_PQ, CT_LOAD_DIS_PQ, CT_LOAD_ALL_P, CT_LOAD_FIX_P, ...
    CT_LOAD_DIS_P, CT_TGENCOST, CT_TAREAGENCOST, CT_MODCOST_F, ...
    CT_MODCOST_X] = idx_ct;

windprofile = struct( ...
    'type', 'mpcData', ...
    'table', CT_TGEN, ...
    'rows', [1:45], ...
    'col', PMAX, ...
    'chgtype', 1, ...
    'values', [] );
windprofile.values(:,1,:) = [
	3.8657 52.2343 94.6916 115.4569 15.3026 33.235 28.7574 19.1399 27.2974 31.2043 57.6808 86.0484 129.5453 69.7698 197.9875 74.5907 92.5477 98.0729 38.0153 72.2692 9.5858 77.5484 75.7763 89.5684 106.3644 75.1294 14.1129 1218.8841 727.2249 727.2249 632.3695 106.9986 126.7177 186.021 218.7379 310.2826 1184.8396 237.2415 450.4686 284.9045 123.452 368.6872 140.3697 279.8851 1197.1817;
	3.8284 51.73 94.6891 119.2315 15.1454 32.6693 30.3826 18.9012 27.4877 31.0122 57.3255 85.5184 128.7475 69.7757 194.9296 73.4386 91.1183 96.5582 33.924 73.1798 10.1275 76.2283 75.3774 88.4144 104.8152 73.8123 13.9646 1248.0457 761.8237 761.8237 642.9496 110.3386 113.08 188.365 218.7563 325.0448 1241.0453 258.919 466.1551 280.755 123.4696 362.4111 136.2399 276.0215 1253.9728;
	3.7861 51.1583 94.2754 66.7142 15.1893 33.3087 31.2617 18.9658 28.2625 30.8902 57.1 85.182 128.2411 69.4027 195.1392 73.5176 91.2162 96.662 30.4194 72.2905 10.4206 77.7204 75.6815 88.7178 105.5371 73.4632 13.9412 1236.7215 755.9422 755.9422 609.7714 107.2309 101.3982 186.076 217.5869 322.5353 1253.5235 235.7028 471.0285 282.6888 123.5379 369.505 136.9781 274.5294 1266.581;
	3.71 50.1305 93.2748 86.1203 14.5674 33.556 29.3386 18.9145 27.4938 30.6921 56.7339 84.6359 127.4188 68.9334 196.8047 74.145 91.9947 97.487 40.7734 72.9868 9.7795 78.2973 72.0863 86.1702 103.8252 73.7687 13.9726 1198.7819 752.1518 752.1518 550.8698 88.5312 135.9112 187.8681 216.1154 320.9181 1143.1578 240.9884 472.229 278.1033 120.3091 372.2477 170.272 267.7432 1155.0657;
	3.2363 43.7291 92.461 116.0721 14.5095 32.3614 23.9976 18.94 27.5405 30.9972 57.2978 85.4771 128.6853 68.6092 191.8792 72.2894 89.6924 95.0472 71.9751 72.4041 7.9992 75.51 68.8437 85.9025 101.7353 74.4469 13.888 1183.7897 705.1435 705.1435 546.0068 94.9245 239.9171 186.3684 215.099 300.8612 1194.1379 248.3352 468.3678 272.5053 116.824 358.9963 182.7671 261.3452 1206.5768;
	3.7175 50.231 92.5087 114.7557 14.8658 33.2924 28.5181 18.6453 27.2148 31.3237 57.9014 86.3774 130.0408 68.8651 202.188 76.1731 94.5111 100.1536 86.6548 72.3297 9.506 77.6823 75.0191 85.1002 102.3723 73.1463 13.6602 1226.6226 758.4339 758.4339 551.0167 87.5186 288.8495 186.1767 215.9014 323.5985 1179.6827 235.6141 469.7978 274.2116 116.2229 369.3239 199.9441 259.4884 1191.9711;
	3.773 50.9817 91.6669 112.6133 14.4479 32.9898 29.359 17.8981 26.9203 31.3285 57.9103 86.3907 130.0607 68.0102 205.3333 77.3581 95.9814 101.7116 90.1679 73.1711 9.7863 76.9762 74.1357 83.3735 95.489 74.4149 13.1613 1277.7411 783.9098 783.9098 629.6349 90.9365 300.5598 188.3427 213.2213 334.4682 1223.6247 256.9469 472.6691 255.7741 117.0386 365.9671 203.1239 257.3616 1236.3708;
	3.7571 50.7669 90.9208 111.5153 14.922 32.5952 28.1888 17.9123 26.8927 31.2847 57.8293 86.2699 129.8788 67.7761 205.6682 77.4843 96.1379 101.8775 89.1963 73.3944 9.3963 76.0556 75.0782 84.4172 101.4447 73.7809 13.1985 1204.7 760.9632 760.9632 608.7146 79.8627 297.321 188.9175 212.4873 324.6776 1188.3447 253.0682 467.96 271.7269 115.1104 361.5899 191.5802 251.8202 1200.7233;
	3.8268 51.7088 94.4702 117.8725 15.1314 33.5548 29.2921 18.2804 27.851 31.3227 57.8996 86.3748 130.0368 68.4583 204.3098 76.9725 95.503 101.2046 90.864 71.6543 9.764 78.2946 75.3714 86.0186 101.4333 73.1732 13.4394 1247.5048 829.4436 829.4436 679.0442 75.3995 302.8801 184.4382 214.6261 353.896 1263.989 289.316 462.2693 271.6963 119.3319 372.235 179.0518 266.3145 1277.1556;
	3.6992 49.9844 93.1008 115.5178 14.5351 32.8083 29.4316 17.7169 28.2096 31.3468 57.944 86.4411 130.1366 67.8405 202.6114 76.3327 94.7091 100.3633 90.573 71.2106 9.8105 76.5527 74.7733 84.4684 98.786 70.6182 13.1632 1175.9414 798.6672 798.6672 704.0758 78.2867 301.9099 183.2964 212.6892 340.7647 1248.5217 298.8533 464.2612 264.6053 119.7633 363.9536 163.6325 259.442 1261.5271;
	3.8227 51.6524 94.8186 118.9336 14.7863 33.0322 25.7664 18.5333 27.9555 31.4807 58.1917 86.8105 130.6927 66.1242 198.107 74.6357 92.6035 98.1321 87.7562 71.7475 8.5888 77.0752 74.911 86.8852 100.4033 71.7729 13.7078 1164.44 776.3 776.3 675.3089 78.7388 292.5205 184.6783 207.3083 331.2213 1174.6691 299.2517 456.9162 268.9373 121.4221 366.4376 169.214 260.0406 1186.9053;
	3.7652 50.8758 95.3231 119.5173 14.7299 32.1486 25.5256 19.1157 28.057 31.3422 57.9356 86.4285 130.1176 68.1337 198.6863 74.8539 92.8743 98.419 86.9112 69.8942 8.5085 75.0134 75.6151 88.3851 105.3273 75.3963 14.1388 1101.4859 756.8423 756.8423 665.5166 86.8618 289.7039 179.9079 213.6084 322.9194 1137.1711 284.1408 457.4523 282.1266 122.8325 356.635 184.1965 267.1796 1149.0166;
	3.6412 49.2008 94.2795 116.6282 14.4217 31.6289 26.9374 18.8125 28.1154 31.3174 57.8897 86.36 130.0146 67.0952 196.8382 74.1576 92.0104 97.5036 85.5046 70.0679 8.9791 73.8008 74.6 89.3691 103.9991 73.4255 13.8992 988.2927 734.5935 734.5935 662.5246 85.23 285.0154 180.3549 210.3525 313.4265 992.0792 281.8247 447.3521 278.569 122.1849 350.8702 146.8334 264.1493 1002.4134;
	3.6038 48.6949 91.5862 114.7141 14.3555 31.2605 27.0214 18.7671 26.9386 30.764 56.8667 84.834 127.7171 67.069 200.7808 75.643 93.8533 99.4565 88.1862 71.6845 9.0071 72.9411 74.5621 87.9541 100.4885 74.2487 14.0028 993.629 710.081 710.081 697.7091 84.8951 293.954 184.5162 210.2703 302.9679 1029.2676 293.1776 453.6153 269.1656 118.3605 346.7828 150.4982 266.9397 1039.9891;
	3.7341 50.4564 93.8087 112.8429 14.3977 30.2638 26.0329 18.1703 26.6394 30.3491 56.0998 83.6899 125.9946 68.1119 197.608 74.4477 92.3702 97.8849 87.91 72.3844 8.6776 70.6155 71.6503 87.0967 100.0184 72.3275 13.5206 993.5582 696.6371 696.6371 668.3248 88.3114 293.0335 186.3176 213.5401 297.2318 933.6261 295.4927 464.5364 267.9064 116.078 335.7261 164.061 256.2953 943.3514;
	3.6805 49.7321 93.6859 112.9789 14.279 31.7361 26.0047 17.5179 26.5234 29.5913 54.699 81.6002 122.8487 68.7295 203.549 76.6859 95.1473 100.8278 90.3877 72.6872 8.6682 74.051 72.7077 85.0966 99.7722 72.5473 13.3259 1033.7785 708.6737 708.6737 670.0612 102.7504 301.2923 187.0971 215.4763 302.3674 1004.5543 293.775 445.7966 267.247 116.8686 352.0595 170.3702 253.2137 1015.0184;
	3.5549 48.0339 92.8101 113.065 14.8631 31.6439 24.3625 16.8988 26.8009 30.4535 56.2929 83.9779 126.4283 68.6265 202.8017 76.4043 94.798 100.4576 88.4811 72.8939 8.1208 73.8358 73.5305 86.2448 99.7922 71.7008 12.3258 1046.3712 712.5342 712.5342 681.9836 107.0763 294.9369 187.6291 215.1534 304.0146 1050.6842 298.2932 424.9425 267.3006 120.6861 351.0367 173.5898 239.106 1061.6289;
	3.5663 48.1888 93.7722 112.5763 14.3496 29.7175 23.0102 14.0068 26.6915 29.7961 55.0777 82.165 123.699 66.7772 200.8565 75.6715 93.8887 99.494 87.8003 73.0895 7.6701 69.3408 71.0779 87.224 100.9113 67.2668 12.0544 1153.9774 692.0947 692.0947 673.9168 101.6056 292.6678 188.1325 209.3556 295.2937 1056.5615 292.6716 424.8767 270.2981 119.8754 329.6661 172.8757 257.7092 1067.5674;
