function windprofile = ex_wind_profilesh1
%EX_WIND_PROFILE_D  Example wind_load_nyiso profile data for deterministic unit commitment.
% 2022.03.12
% Andres F. Ramirez


%% define constants
[GEN_BUS, PG, QG, QMAX, QMIN, VG, MBASE, GEN_STATUS, PMAX, PMIN, ...
    MU_PMAX, MU_PMIN, MU_QMAX, MU_QMIN, PC1, PC2, QC1MIN, QC1MAX, ...
    QC2MIN, QC2MAX, RAMP_AGC, RAMP_10, RAMP_30, RAMP_Q, APF] = idx_gen;
[CT_LABEL, CT_PROB, CT_TABLE, CT_TBUS, CT_TGEN, CT_TBRCH, CT_TAREABUS, ...
    CT_TAREAGEN, CT_TAREABRCH, CT_ROW, CT_COL, CT_CHGTYPE, CT_REP, ...
    CT_REL, CT_ADD, CT_NEWVAL, CT_TLOAD, CT_TAREALOAD, CT_LOAD_ALL_PQ, ...
    CT_LOAD_FIX_PQ, CT_LOAD_DIS_PQ, CT_LOAD_ALL_P, CT_LOAD_FIX_P, ...
    CT_LOAD_DIS_P, CT_TGENCOST, CT_TAREAGENCOST, CT_MODCOST_F, ...
    CT_MODCOST_X] = idx_ct;

windprofile = struct( ...
    'type', 'mpcData', ...
    'table', CT_TGEN, ...
    'rows', [1:45], ...
    'col', PMAX, ...
    'chgtype', 1, ...
    'values', [] );
windprofile.values(:,1,:) = [
	3.8229 51.6554 95.2192 117.1509 15.4204 34.6845 28.9297 18.5112 28.263 29.7137 54.9253 81.9377 123.3567 65.8882 199.097 75.0086 93.0663 98.6225 38.8464 72.9787 9.6432 80.9306 73.1532 89.8053 106.6691 75.4097 13.9116 1072.169 656.873 656.873 580.0117 102.098 129.4879 187.8473 206.5683 280.2658 1037.7121 227.0604 465.638 285.7209 117.6058 384.767 153.0303 276.3101 1048.5216;
	3.9008 52.7081 95.4142 120.9781 15.4231 35.0325 30.828 18.9083 28.3224 30.9656 57.2395 85.3901 128.5543 68.2935 204.5606 77.067 95.6202 101.3289 38.9833 73.9911 10.276 81.7425 74.8018 89.9565 106.7393 75.3666 14.1127 1150.6756 716.0192 716.0192 613.018 109.7644 129.9444 190.4533 214.1093 305.5015 1153.8171 254.3836 476.3456 285.909 121.3876 388.6274 158.8826 284.2599 1165.8361;
	3.8949 52.6286 95.4015 73.2854 15.4049 35.1357 30.1763 18.604 28.2915 30.5196 56.4151 84.1602 126.7027 69.4042 205.0124 77.2372 95.8314 101.5526 45.8634 73.9866 10.0588 81.9833 73.3234 89.9906 106.4642 74.0063 13.9725 1143.4519 702.4141 702.4141 573.2716 111.3368 152.8781 190.4418 217.5916 299.6967 1176.3564 255.2217 476.1552 285.1719 121.5475 389.7722 158.1168 281.6038 1188.6101;
	3.8789 52.4125 95.3367 91.806 15.3047 34.9822 29.4536 18.841 28.3334 30.5264 56.4277 84.179 126.731 68.9916 204.0027 76.8568 95.3594 101.0525 50.7366 73.9013 9.8179 81.6252 68.6256 89.7977 106.2498 75.1518 13.8734 1151.9212 722.7838 722.7838 552.4032 103.8719 169.1219 190.2222 216.2979 308.3877 1110.0821 259.0517 478.1536 284.5976 120.315 388.0695 187.8417 281.6539 1121.6455;
	3.6302 49.0519 95.4278 121.0714 15.3415 34.8429 24.6234 19.019 28.4105 30.4647 56.3135 84.0086 126.4745 69.5202 197.8465 74.5375 92.4817 98.003 82.3913 73.6911 8.2078 81.3 63.3819 90.0638 106.5893 74.9935 13.8512 1135.1843 653.9684 653.9684 549.0102 102.9271 274.6376 189.6811 217.9552 279.0265 1160.3961 249.1795 475.6367 285.507 118.4635 386.5235 201.4975 283.2267 1172.4835;
	3.7449 50.6023 95.2889 120.9944 15.3794 34.666 27.26 18.9882 28.213 30.0581 55.5619 82.8875 124.7866 68.4057 197.427 74.3795 92.2856 97.7952 92.5159 73.6302 9.0867 80.8873 68.6613 89.9366 106.5409 73.7149 14.0538 1202.2553 712.317 712.317 528.7907 103.7 308.3864 189.5243 214.4611 303.9219 1125.31 235.799 476.1928 285.3773 118.372 384.5613 205.4071 282.9272 1137.032;
	3.8408 51.8977 95.4328 121.0639 15.3388 34.6287 29.4183 18.655 27.7954 30.4814 56.3443 84.0547 126.5438 69.379 196.5322 74.0424 91.8674 97.352 92.4711 73.0628 9.8061 80.8004 72.7111 89.667 106.4368 74.4191 14.0139 1252.8627 747.7869 747.7869 591.584 97.1837 308.237 188.0638 217.5124 319.0557 1161.6311 257.5458 479.8666 285.0986 120.1515 384.1483 215.5767 281.4416 1173.7314;
	3.8627 52.1933 95.3644 121.0702 15.1516 35.0867 30.0998 18.5957 27.7673 29.9517 55.3653 82.5942 124.3451 69.475 196.2158 73.9232 91.7195 97.1953 91.9369 72.4447 10.0333 81.869 72.9769 89.7649 106.7283 72.3283 13.9865 1190.466 712.1105 712.1105 569.5841 81.0672 306.4562 186.4727 217.8134 303.8338 1128.4765 249.8171 479.8367 285.8795 117.9098 389.2288 212.6111 277.6063 1140.2315;
	3.8532 52.0651 95.3407 121.3004 15.1197 35.034 30.5094 18.7046 28.1808 30.6437 56.6444 84.5023 127.2178 69.91 200.3443 75.4785 93.6493 99.2403 92.5325 72.4763 10.1698 81.746 73.1673 89.2726 106.2683 73.6963 13.8169 1262.5341 807.2124 807.2124 633.3079 81.6881 308.4415 186.5541 219.1773 344.4106 1251.1057 281.8105 479.3273 284.6471 120.5605 388.6439 195.9645 278.7854 1264.138;
	3.8836 52.476 94.46 120.4675 14.8432 34.7918 32.0992 17.9933 28.2417 30.6399 56.6374 84.4919 127.202 69.1452 203.5335 76.6801 95.1401 100.8201 93.0567 72.1219 10.6997 81.1809 72.8568 85.8363 103.2481 70.791 13.098 1216.6099 795.3108 795.3108 714.5881 93.1871 310.1891 185.642 216.7795 339.3326 1221.491 315.6039 479.9514 276.5574 118.6124 385.9574 183.8337 269.0569 1234.2149;
	3.8541 52.0768 93.2011 120.4948 14.8667 33.8331 30.4593 17.7078 27.7975 30.787 56.9093 84.8975 127.8127 69.2732 204.4189 77.0136 95.5539 101.2587 93.0168 72.6163 10.1531 78.9439 74.6957 85.2843 99.12 70.6 13.1427 1169.1383 807.4527 807.4527 711.2341 92.1758 310.0561 186.9144 217.1807 344.5132 1188.3751 322.4331 479.3457 265.5 115.5316 375.3218 185.0404 262.0058 1200.754;
	3.8876 52.5299 88.9383 118.1461 14.7342 33.5187 30.4178 17.6585 28.2712 30.5143 56.4052 84.1454 126.6805 69.4965 201.7501 76.0082 94.3065 99.9367 92.8965 71.3626 10.1393 78.2103 74.3249 83.4996 99.3325 69.6709 12.9446 1179.2724 767.6109 767.6109 689.1674 101.8838 309.6551 183.6875 217.8808 327.514 1180.9797 315.4665 479.748 266.0692 112.2663 371.8343 195.6498 257.2415 1193.2816;
	3.8696 52.2863 92.9962 119.9067 14.6521 34.3339 31.881 17.536 28.3895 30.7755 56.8881 84.8659 127.7651 68.7754 200.2471 75.4419 93.6039 99.1922 92.113 71.6668 10.627 80.1123 75.2497 88.0167 102.0701 70.5393 12.9886 1132.5473 763.0566 763.0566 717.682 106.5392 307.0434 184.4705 215.6201 325.5708 1088.1337 328.3317 479.8695 273.402 114.5501 380.8769 167.2829 250.5959 1099.4684;
	3.8711 52.3064 89.5706 115.0298 14.967 32.7381 29.9666 17.3567 27.8162 30.4644 56.313 84.0079 126.4734 66.5402 201.8163 76.0331 94.3374 99.9695 92.2585 73.2763 9.9889 76.3889 74.9228 85.4977 97.4939 67.4443 12.808 1117.0487 701.4995 701.4995 719.9884 108.4882 307.5282 188.6133 208.6124 299.3064 1062.0152 336.5102 479.6599 261.1444 113.8266 363.1746 155.5929 248.1954 1073.0778;
	3.837 51.8469 90.9612 112.0911 14.3209 33.4987 27.0907 14.3867 27.1277 30.5456 56.4631 84.2318 126.8105 68.5545 195.7362 73.7425 91.4953 96.9577 90.1556 72.4768 9.0302 78.1635 75.4437 85.4678 96.6787 70.4184 11.8125 1090.1411 696.3145 696.3145 709.4489 112.1473 300.5188 186.5554 214.9275 297.0942 962.644 341.2508 478.1732 258.9608 112.3514 371.6118 181.043 241.4369 972.6716;
	3.7772 51.0386 91.1334 112.4819 14.3782 33.4757 26.4985 16.6822 26.2495 30.5482 56.4679 84.239 126.8214 66.154 193.1172 72.7558 90.2711 95.6604 87.1629 70.8506 8.8328 78.11 75.5468 85.7659 99.0703 71.5656 12.5873 1137.7879 698.2374 698.2374 664.5014 114.836 290.5431 182.3696 207.4016 297.9146 1018.9789 321.7656 471.6962 265.3668 110.8095 371.3573 177.6498 230.5627 1029.5932;
	3.7683 50.9184 89.385 116.9761 15.0704 34.3118 25.5632 16.6093 26.6158 31.0568 57.4081 85.6415 128.9329 68.7487 197.3666 74.3567 92.2574 97.7653 91.2864 72.1211 8.5211 80.0609 75.8174 87.1202 98.7666 70.4536 11.467 1117.0873 683.9514 683.9514 689.765 114.6241 304.2878 185.6399 215.5363 291.8192 1116.4534 306.3186 467.9127 264.5534 113.0653 380.6325 186.3608 200.866 1128.0831;
	3.7983 51.324 88.9109 113.7222 14.4124 32.0616 26.4825 13.9067 26.5868 30.4425 56.2725 83.9475 126.3826 67.8245 191.9667 72.3223 89.7333 95.0905 88.4103 70.9169 8.8275 74.8104 74.6753 84.0654 99.6514 68.0202 11.0633 1200.7413 701.1308 701.1308 695.2765 103.8197 294.7009 182.5402 212.6388 299.1491 1182.0307 305.6976 472.7162 266.9235 115.8864 355.6698 178.6941 228.4836 1194.3436;
