function solarprofile = ex_solar_profilesh1
%EX_WIND_PROFILE_D  Example wind_load_nyiso profile data for deterministic unit commitment.
% 2022.03.12
% Andres F. Ramirez


%% define constants
[GEN_BUS, PG, QG, QMAX, QMIN, VG, MBASE, GEN_STATUS, PMAX, PMIN, ...
    MU_PMAX, MU_PMIN, MU_QMAX, MU_QMIN, PC1, PC2, QC1MIN, QC1MAX, ...
    QC2MIN, QC2MAX, RAMP_AGC, RAMP_10, RAMP_30, RAMP_Q, APF] = idx_gen;
[CT_LABEL, CT_PROB, CT_TABLE, CT_TBUS, CT_TGEN, CT_TBRCH, CT_TAREABUS, ...
    CT_TAREAGEN, CT_TAREABRCH, CT_ROW, CT_COL, CT_CHGTYPE, CT_REP, ...
    CT_REL, CT_ADD, CT_NEWVAL, CT_TLOAD, CT_TAREALOAD, CT_LOAD_ALL_PQ, ...
    CT_LOAD_FIX_PQ, CT_LOAD_DIS_PQ, CT_LOAD_ALL_P, CT_LOAD_FIX_P, ...
    CT_LOAD_DIS_P, CT_TGENCOST, CT_TAREAGENCOST, CT_MODCOST_F, ...
    CT_MODCOST_X] = idx_ct;

solarprofile = struct( ...
    'type', 'mpcData', ...
    'table', CT_TGEN, ...
    'rows', [1:12], ...
    'col', PMAX, ...
    'chgtype', 1, ...
    'values', [] );
solarprofile.values(:,1,:) = [
	0.0 0.0 0.0 0.0 0.0 0.0 0.0 0.0 0.0 0.0 0.0 0.0;
	0.0 0.0 0.0 0.0 0.0 0.0 0.0 0.0 0.0 0.0 0.0 0.0;
	0.0 0.0 0.0 0.0 0.0 0.0 0.0 0.0 0.0 0.0 0.0 0.0;
	0.0 0.0 0.0 0.0 0.0 0.0 0.0 0.0 0.0 0.0 0.0 0.0;
	0.0 0.0 0.0 0.0 0.0 0.0 0.0 0.0 0.0 0.0 0.0 0.0;
	0.0 0.0155 0.0092 0.0 0.0 0.0 0.0 0.0 0.0 0.0 0.0 0.0;
	8.5723 6.839 3.0238 5.1215 3.4155 214.9972 26.8746 43.3608 93.5772 69.4384 40.0497 125.7534;
	21.2946 16.693 12.589 8.6305 10.5558 378.0014 47.2502 72.9818 161.8903 179.7405 118.6017 325.5111;
	24.8525 17.2035 14.0875 10.5396 12.4385 401.0504 50.1313 74.8875 182.4301 294.5904 173.7382 533.505;
	26.6313 16.8834 13.9775 11.2948 12.1714 346.0283 43.2535 61.7754 196.3762 100.2695 76.0925 181.5887;
	26.4799 16.6502 13.8 11.7772 12.1053 348.6239 43.578 60.7796 194.7299 87.472 118.2423 158.4123;
	26.4009 16.6211 13.8 12.1063 11.4556 363.6991 45.4624 63.9683 191.0253 113.7426 181.4367 205.9885;
	26.3801 16.7385 13.8 11.9871 12.0875 434.1483 54.2685 72.0918 191.0645 134.3115 185.4004 243.2389;
	23.4693 16.645 13.8 11.7548 12.0552 435.5925 54.4491 74.047 182.4032 125.6021 162.8153 227.4662;
	17.3534 13.9061 11.0311 9.8984 11.0939 420.1931 52.5241 71.4443 150.9653 90.2331 123.3288 163.4127;
	6.2497 1.5565 1.4213 6.297 5.8788 257.6412 32.2051 34.7556 64.9047 57.912 45.3159 104.879;
	0.7577 0.5902 0.3838 2.1389 2.5169 51.0747 6.3843 9.8629 21.3804 32.0406 23.6951 58.0257;
	0.0 0.0 0.0 0.0 0.0 0.0 0.0 0.0 0.0 0.0 0.0 0.0;
	0.0 0.0 0.0 0.0 0.0 0.0 0.0 0.0 0.0 0.0 0.0 0.0;
	0.0 0.0 0.0 0.0 0.0 0.0 0.0 0.0 0.0 0.0 0.0 0.0;
	0.0 0.0 0.0 0.0 0.0 0.0 0.0 0.0 0.0 0.0 0.0 0.0;
	0.0 0.0 0.0 0.0 0.0 0.0 0.0 0.0 0.0 0.0 0.0 0.0;
	0.0 0.0 0.0 0.0 0.0 0.0 0.0 0.0 0.0 0.0 0.0 0.0;
	0.0 0.0 0.0 0.0 0.0 0.0 0.0 0.0 0.0 0.0 0.0 0.0;
];
