function loadprofile = ex_load_profilesh1
%EX_LOAD_PROFILE  Example load profile data file for stochastic unit commitment.
% 2022.03.12
% Andres F. Ramirez

%% define constants
[CT_LABEL, CT_PROB, CT_TABLE, CT_TBUS, CT_TGEN, CT_TBRCH, CT_TAREABUS, ...
    CT_TAREAGEN, CT_TAREABRCH, CT_ROW, CT_COL, CT_CHGTYPE, CT_REP, ...
    CT_REL, CT_ADD, CT_NEWVAL, CT_TLOAD, CT_TAREALOAD, CT_LOAD_ALL_PQ, ...
    CT_LOAD_FIX_PQ, CT_LOAD_DIS_PQ, CT_LOAD_ALL_P, CT_LOAD_FIX_P, ...
    CT_LOAD_DIS_P, CT_TGENCOST, CT_TAREAGENCOST, CT_MODCOST_F, ...
    CT_MODCOST_X] = idx_ct;

loadprofile = struct( ...
    'type', 'mpcData', ...
    'table', CT_TAREALOAD, ...
    'rows', [1:11], ...
    'col', CT_LOAD_ALL_P, ...
    'chgtype', 1, ...
    'values', [] );
loadprofile.values(:,1,:) = [
	1517.5584 890.1872 1455.8327 541.6069 705.559 1075.1298 837.62 246.5982 452.3513 4335.138 1649.369;
	1518.5344 897.6592 1500.6598 540.0784 723.3 1064.5 829.5584 236.3408 442.8198 4263.2892 1617.7698;
	1528.6132 923.7244 1536.6171 552.9 747.8 1102.7163 856.8 247.8 454.6917 4305.7435 1649.5079;
	1598.8 987.1953 1642.6889 566.5632 798.8549 1149.8423 874.1066 251.1563 481.0424 4500.7395 1730.9808;
	1737.3015 1122.5277 1863.5546 602.8953 911.99 1321.9623 984.3914 302.8154 558.2929 4969.1863 1927.2648;
	1868.2767 1228.2707 1988.2055 620.3 974.5111 1403.4443 1047.4097 325.6293 638.869 5632.9964 2148.4225;
	1840.5198 1230.3026 1982.335 616.7356 986.9854 1412.9005 1046.1256 335.8714 634.4268 5754.6956 2043.066;
	1908.2415 1281.4499 2056.3667 614.1833 1027.6903 1430.2063 1083.9799 333.7398 666.9576 6147.309 2112.4295;
	1885.5157 1310.2906 2071.4994 615.3298 1027.4511 1456.7188 1094.2 339.6794 673.9047 6325.523 2067.7117;
	1895.9 1342.404 2084.6273 603.6745 1064.6889 1454.1446 1120.1088 322.6739 663.456 6354.225 2151.9199;
	1857.8121 1272.8283 2009.6696 597.9 1011.0055 1411.7454 1093.7819 313.6671 645.6771 6268.4213 2027.074;
	1837.107 1240.5433 1972.2 592.7992 970.8213 1318.2993 1051.8042 272.3712 596.3361 6047.9553 1928.4364;
	1815.5307 1209.7601 1886.6057 613.9924 907.2421 1248.4006 988.5847 273.2223 577.8179 5971.0069 1902.8108;
	1800.0398 1197.9321 1862.2296 605.6222 921.4786 1295.3706 1023.3 278.6577 544.7858 5954.9712 1925.739;
	1745.4224 1171.8125 1854.9373 599.8063 915.3475 1312.5084 1042.8 266.1032 556.244 6017.1984 1890.0382;
	1783.7412 1222.337 1961.8833 615.2497 960.9347 1382.7838 1066.5583 308.7795 567.3535 6187.072 2088.6373;
	1875.7325 1289.5871 2031.9939 605.5963 1017.7237 1447.1981 1126.2168 325.5919 642.0913 6154.6394 2236.5558;
	1917.9636 1278.8095 2035.0998 615.2218 1006.8749 1476.0451 1158.3795 343.5196 603.0247 6196.3154 2294.1166;
	1952.5 1251.5503 1968.3433 610.5992 1017.429 1422.7826 1161.0 337.7557 603.196 6028.1992 2261.3853;
	1889.2728 1164.6769 1866.7518 603.4568 963.7564 1369.868 1099.5 263.1584 559.9406 5665.1969 1977.004;
	1778.7856 1066.1716 1742.9709 582.993 892.621 1242.0413 1010.954 276.8117 554.9514 5398.6923 1797.7538;
	1653.1365 989.8555 1629.9433 582.73 817.8082 1152.5409 946.2593 247.1874 510.084 4987.3561 1559.8427;
	1626.2429 960.8 1587.842 562.5271 840.9423 1156.709 923.8132 252.1106 496.8839 4728.3592 1467.2756;
	1557.7624 940.49 1596.3501 581.8 826.7987 1130.6766 887.8729 257.9873 458.1 4400.8391 1404.4946;
];
