function windprofile = ex_wind_profilesh1
%EX_WIND_PROFILE_D  Example wind_load_nyiso profile data for deterministic unit commitment.
% 2022.03.12
% Andres F. Ramirez


%% define constants
[GEN_BUS, PG, QG, QMAX, QMIN, VG, MBASE, GEN_STATUS, PMAX, PMIN, ...
    MU_PMAX, MU_PMIN, MU_QMAX, MU_QMIN, PC1, PC2, QC1MIN, QC1MAX, ...
    QC2MIN, QC2MAX, RAMP_AGC, RAMP_10, RAMP_30, RAMP_Q, APF] = idx_gen;
[CT_LABEL, CT_PROB, CT_TABLE, CT_TBUS, CT_TGEN, CT_TBRCH, CT_TAREABUS, ...
    CT_TAREAGEN, CT_TAREABRCH, CT_ROW, CT_COL, CT_CHGTYPE, CT_REP, ...
    CT_REL, CT_ADD, CT_NEWVAL, CT_TLOAD, CT_TAREALOAD, CT_LOAD_ALL_PQ, ...
    CT_LOAD_FIX_PQ, CT_LOAD_DIS_PQ, CT_LOAD_ALL_P, CT_LOAD_FIX_P, ...
    CT_LOAD_DIS_P, CT_TGENCOST, CT_TAREAGENCOST, CT_MODCOST_F, ...
    CT_MODCOST_X] = idx_ct;

windprofile = struct( ...
    'type', 'mpcData', ...
    'table', CT_TGEN, ...
    'rows', [1:45], ...
    'col', PMAX, ...
    'chgtype', 1, ...
    'values', [] );
windprofile.values(:,1,:) = [
	3.7328 50.4381 91.8475 109.9141 14.6498 32.9174 27.7658 18.2458 27.5811 29.2182 54.0095 80.5715 121.3 66.6683 195.0764 73.4939 91.1869 96.6308 39.304 70.2437 9.2553 76.8072 71.3137 88.3722 101.7303 73.4463 13.583 1173.1627 702.2323 702.2323 637.4989 111.1707 131.0134 180.8074 209.014 299.6191 1168.0905 245.0192 443.6059 272.4918 118.6198 365.1632 144.0556 272.4012 1180.2581;
	3.7548 50.7351 94.0727 115.4934 14.7326 32.6878 28.1711 18.3317 27.1257 29.3577 54.2673 80.9561 121.879 66.2061 192.9059 72.6762 90.1723 95.5557 29.9136 71.7437 9.3904 76.2714 69.7832 88.0555 100.6458 71.278 13.5054 1137.7459 706.0193 706.0193 606.6448 98.7933 99.7121 184.6685 207.5652 301.2349 1134.0553 247.2494 438.5033 269.5869 120.2384 362.6162 137.9783 273.0717 1145.8684;
	3.6792 49.7147 94.7498 66.2819 15.0167 33.3492 28.3515 18.1525 27.662 29.8859 55.2437 82.4127 124.0719 68.9235 198.6943 74.8569 92.878 98.423 30.8065 72.2452 9.4505 77.8148 70.3143 88.3352 103.5488 71.8869 13.7933 1124.183 699.9041 699.9041 564.8632 96.731 102.6885 185.9594 216.0846 298.6257 1140.24 229.2389 436.6432 277.3628 119.9385 369.9538 136.6079 272.6706 1152.1175;
	3.7118 50.1545 93.6835 84.7912 14.8802 33.629 28.2969 17.9815 27.4369 29.2779 54.1197 80.7359 121.5475 67.544 198.2131 74.6756 92.6531 98.1846 40.0829 72.6111 9.4323 78.4678 67.9926 85.7864 100.5754 72.0794 13.4971 1182.6477 753.9644 753.9644 570.0626 93.0068 133.6097 186.9012 211.7596 321.6915 1121.3299 254.5595 437.3204 269.3983 119.0371 373.0582 174.8714 273.7349 1133.0104;
	3.505 47.3607 94.4619 119.0829 14.7022 33.2592 25.1671 18.4186 27.8082 30.2078 55.8386 83.3002 125.408 68.3785 195.7095 73.7324 91.4828 96.9445 76.3859 72.7551 8.389 77.6049 61.8514 87.98 104.2515 74.1516 13.6146 1158.8403 715.0587 715.0587 553.4638 95.3902 254.6195 187.2719 214.3758 305.0917 1180.2583 254.4463 444.9516 279.2451 121.7819 368.9557 183.283 273.5295 1192.5526;
	3.8209 51.6281 93.2867 115.6639 14.7335 34.0456 30.5371 18.0922 28.0767 30.5451 56.4621 84.2304 126.8084 69.2931 201.1395 75.7781 94.021 99.6342 87.9852 72.5356 10.179 79.4398 70.5451 87.1776 103.2428 71.9563 13.5035 1195.723 748.4704 748.4704 533.4032 96.2483 293.2841 186.7068 217.2432 319.3474 1105.1454 231.057 468.3558 276.5433 121.0296 377.6797 200.0504 268.502 1116.6573;
	3.6844 49.7842 90.396 113.3602 14.3379 32.3018 30.7658 17.5724 27.1518 29.2185 54.0099 80.5721 121.3009 68.0496 199.2461 75.0648 93.136 98.6963 85.9302 71.7711 10.2553 75.3709 71.6234 84.1029 98.0427 74.4117 12.9898 1222.7431 757.5229 757.5229 569.5408 93.0498 286.434 184.7391 213.3448 323.2098 1094.7343 243.9701 454.39 262.6144 118.6367 358.3347 194.759 264.2707 1106.1378;
	3.6089 48.7638 93.3834 115.5766 14.3007 31.8767 30.5881 17.7571 27.1495 28.3716 52.4445 78.2368 117.7851 66.163 198.9856 74.9666 93.0142 98.5673 85.1526 71.8415 10.196 74.3789 72.6106 84.9548 102.6599 73.4149 12.8613 1177.9193 734.0838 734.0838 539.7142 79.6199 283.8421 184.9202 207.4301 313.2091 1087.6092 235.8624 466.9885 274.9818 115.4924 353.6186 178.6172 258.0683 1098.9385;
	3.6403 49.1889 92.1104 116.5426 14.1997 31.5809 29.8708 17.5692 26.3233 29.5876 54.6923 81.5902 122.8336 67.0633 201.9352 76.0779 94.393 100.0284 87.9019 72.417 9.9569 73.6887 72.0073 84.8708 101.2478 72.9433 12.9852 1199.5236 769.7001 769.7001 575.9474 74.133 293.0064 186.4016 210.2525 328.4054 1121.7796 276.4606 465.202 271.1995 116.4573 350.337 154.4951 266.4877 1133.4648;
	3.6683 49.5665 90.6141 112.1043 14.4838 31.8555 29.9738 17.6089 25.9361 29.3315 54.2188 80.8838 121.77 67.5949 197.3029 74.3327 92.2276 97.7337 88.0949 70.575 9.9913 74.3296 71.1911 84.4493 100.6401 71.1265 12.8216 1134.2005 774.6552 774.6552 622.7169 72.2997 293.6495 181.6601 211.9191 330.5195 1105.2117 293.1184 463.6299 269.5716 117.5784 353.3842 137.3805 263.2624 1116.7243;
	3.7329 50.4393 92.177 114.7361 14.5154 32.1074 27.2583 17.4783 26.1745 30.4245 56.2392 83.8978 126.3077 65.6896 199.3108 75.0892 93.1662 98.7284 87.9912 71.4938 9.0861 74.9172 74.1214 86.0766 99.4735 70.4602 12.8542 1164.5788 780.5682 780.5682 624.6549 81.1149 293.3041 184.0252 205.9456 333.0424 1032.7406 306.3606 458.6672 266.4468 118.5625 356.178 142.213 262.879 1043.4983;
	3.5903 48.5129 92.5937 113.9345 14.0506 31.7426 26.4944 17.2599 26.1718 29.2145 54.0025 80.5611 121.2843 68.1748 202.514 76.296 94.6635 100.3151 89.3132 70.8548 8.8315 74.066 73.1253 84.9955 98.1604 68.964 12.3849 1115.63 776.7465 776.7465 632.7519 93.6353 297.7106 182.3805 213.7371 331.4118 1061.7633 291.7041 456.7546 262.9295 114.8846 352.131 160.7666 256.1227 1072.8233;
	3.662 49.4813 90.7248 114.3594 14.0948 32.3799 28.5633 17.4453 27.1278 30.6662 56.6861 84.5645 127.3114 68.5196 199.1999 75.0474 93.1144 98.6734 86.7426 70.9235 9.5211 75.5531 75.063 87.4642 97.9806 71.0413 12.956 1087.7991 759.7473 759.7473 613.9204 99.7865 289.142 182.5573 214.8181 324.1588 960.796 278.554 466.7674 262.448 113.8321 359.201 150.6396 259.4706 970.8043;
	3.7236 50.3138 93.2123 117.5279 14.5129 32.3977 28.8787 17.8394 27.0685 29.9123 55.2924 82.4853 124.1812 66.9571 197.8968 74.5565 92.5052 98.028 87.4345 71.0373 9.6262 75.5947 74.0725 88.395 99.1195 71.5864 13.0441 1034.877 725.1153 725.1153 597.444 98.3588 291.4485 182.8501 209.9195 309.3825 927.3763 285.6458 469.6775 265.4987 113.4552 359.3986 150.8245 268.8385 937.0365;
	3.662 49.4811 91.1371 114.4496 14.1081 31.5702 26.0176 17.553 26.2856 30.0395 55.5275 82.8361 124.7094 68.3459 196.4273 74.0028 91.8183 97.3 86.4295 71.709 8.6725 73.6639 72.6754 86.641 98.5991 72.3142 12.8393 1003.1238 730.3119 730.3119 655.4096 103.0711 288.0982 184.5793 214.2736 311.5997 893.6413 303.3071 467.2135 264.1047 112.9582 350.2192 169.7982 258.4976 902.9501;
	3.8336 51.8009 93.6205 117.3728 14.1769 32.8235 28.2966 17.6072 27.2695 30.1986 55.8217 83.2749 125.3699 67.8757 202.0293 76.1134 94.437 100.075 86.4433 72.1818 9.4322 76.5882 74.5271 85.1471 101.7304 73.965 13.2622 1084.1064 766.1756 766.1756 632.0035 109.7134 288.1443 185.7962 212.7996 326.9016 997.4673 295.3401 465.9893 272.492 116.3074 364.122 179.0077 271.814 1007.8576;
	3.7066 50.0847 93.815 119.8963 14.7318 34.3713 26.2395 17.8612 26.7539 30.4996 56.378 84.1049 126.6194 66.0116 199.8853 75.3056 93.4347 99.0129 89.5871 73.535 8.7465 80.1997 73.5417 87.9671 104.2394 75.9709 12.8521 1076.1538 759.5762 759.5762 655.2926 107.9638 298.6236 189.2794 206.9553 324.0858 1091.2821 295.5665 456.1148 279.2127 121.4669 381.2922 186.9992 250.7955 1102.6496;
	3.8096 51.4755 87.4127 111.5381 14.3922 31.7606 26.3059 13.5257 26.853 30.7378 56.8184 84.7619 127.6085 66.3703 193.0693 72.7377 90.2487 95.6367 86.7593 71.9014 8.7686 74.108 74.5586 83.6102 98.3094 67.9998 10.6974 1125.5984 724.3439 724.3439 684.1157 102.0974 289.1977 185.0745 208.0798 309.0534 1044.0185 301.7333 460.1873 263.3287 119.3321 352.3304 184.978 250.0832 1054.8937;
