function windprofile = ex_wind_profilesh1
%EX_WIND_PROFILE_D  Example wind_load_nyiso profile data for deterministic unit commitment.
% 2022.03.12
% Andres F. Ramirez


%% define constants
[GEN_BUS, PG, QG, QMAX, QMIN, VG, MBASE, GEN_STATUS, PMAX, PMIN, ...
    MU_PMAX, MU_PMIN, MU_QMAX, MU_QMIN, PC1, PC2, QC1MIN, QC1MAX, ...
    QC2MIN, QC2MAX, RAMP_AGC, RAMP_10, RAMP_30, RAMP_Q, APF] = idx_gen;
[CT_LABEL, CT_PROB, CT_TABLE, CT_TBUS, CT_TGEN, CT_TBRCH, CT_TAREABUS, ...
    CT_TAREAGEN, CT_TAREABRCH, CT_ROW, CT_COL, CT_CHGTYPE, CT_REP, ...
    CT_REL, CT_ADD, CT_NEWVAL, CT_TLOAD, CT_TAREALOAD, CT_LOAD_ALL_PQ, ...
    CT_LOAD_FIX_PQ, CT_LOAD_DIS_PQ, CT_LOAD_ALL_P, CT_LOAD_FIX_P, ...
    CT_LOAD_DIS_P, CT_TGENCOST, CT_TAREAGENCOST, CT_MODCOST_F, ...
    CT_MODCOST_X] = idx_ct;

windprofile = struct( ...
    'type', 'mpcData', ...
    'table', CT_TGEN, ...
    'rows', [1:45], ...
    'col', PMAX, ...
    'chgtype', 1, ...
    'values', [] );
windprofile.values(:,1,:) = [
	3.7373 50.4994 95.2349 112.8436 15.2089 33.4007 28.6373 19.0725 27.5868 29.5987 54.7127 81.6206 122.8794 65.0756 197.2185 74.3009 92.1882 97.692 38.6348 69.8757 9.5458 77.935 72.2016 89.9392 106.7129 76.6467 14.1362 1114.5132 667.5274 667.5274 560.6607 105.4747 128.7826 179.8603 204.021 284.8117 1084.0342 203.2541 464.2538 285.8381 119.7151 370.5251 146.2621 282.4698 1095.3263;
	3.7095 50.1229 95.162 119.2655 15.1557 33.8081 28.6358 18.6102 27.2589 28.4353 52.5622 78.4125 118.0495 64.0808 198.1626 74.6566 92.6295 98.1596 33.3103 73.163 9.5453 78.8857 70.1895 89.5467 106.0168 75.5251 13.7769 1133.048 694.8211 694.8211 533.5078 102.1107 111.0345 188.3217 200.9019 296.457 1094.7142 206.0664 460.3521 283.9736 122.5496 375.0451 137.3322 281.8454 1106.1175;
	3.6338 49.1005 94.2845 64.8256 14.9761 34.1658 28.2846 18.0923 27.7026 28.9881 53.5841 79.937 120.3446 63.7306 200.0743 75.3768 93.5231 99.1066 37.6564 72.0554 9.4282 79.7202 72.5029 88.7488 104.7702 74.5091 13.5957 1103.9773 680.8841 680.8841 525.798 103.0196 125.5214 185.4707 199.804 290.5105 1084.8761 202.5861 449.8057 280.6344 120.8128 379.0126 129.2116 278.1811 1096.1768;
	3.6788 49.708 92.6847 84.2306 14.6504 33.2989 27.7574 18.0117 28.1617 28.752 53.1476 79.2858 119.3643 66.7089 200.9001 75.6879 93.9091 99.5156 47.3412 72.1218 9.2525 77.6973 69.5743 88.2565 103.4852 74.5675 13.5485 1208.1459 717.2154 717.2154 534.9766 99.0852 157.8042 185.6417 209.1414 306.0119 1120.7256 231.4521 467.0216 277.1924 119.6173 369.3954 161.1525 275.2152 1132.3998;
	3.534 47.7517 92.9171 119.3793 14.3696 33.6999 22.2568 18.4062 27.18 29.7919 55.0699 82.1535 123.6816 65.9928 191.8474 72.2774 89.6775 95.0314 77.888 72.5591 7.4189 78.6332 65.1356 87.9334 104.4334 75.5597 13.5813 1203.6943 662.3072 662.3072 538.5863 104.327 259.6267 186.7674 206.8965 282.5844 1172.4278 240.3018 447.0642 279.7324 118.7376 373.8446 174.9971 272.0101 1184.6406;
	3.7417 50.5583 91.836 117.7955 14.738 34.385 27.1937 18.3288 27.6952 30.2384 55.8952 83.3846 125.535 67.6173 193.4299 72.8736 90.4172 95.8153 90.793 71.7302 9.0646 80.2317 73.2565 88.5536 105.5763 74.1284 13.7613 1292.3332 727.1748 727.1748 518.9107 98.3881 302.6432 184.6337 211.9893 310.2612 1129.3084 226.4676 451.6563 282.7936 118.5697 381.4445 188.6814 271.6529 1141.072;
	3.7812 51.0919 92.8138 119.9366 14.3476 33.649 29.0368 18.2417 27.7342 30.4653 56.3146 84.0103 126.477 67.6375 197.2799 74.3241 92.2169 97.7224 90.2963 72.9225 9.6789 78.5142 75.6326 87.2804 104.7622 75.7363 13.6833 1277.0013 746.2123 746.2123 547.3746 97.5903 300.9876 187.7027 212.0528 318.3839 1153.9637 235.4564 466.8968 280.6129 121.7429 373.2791 198.0633 274.4867 1165.9841;
	3.86 52.1572 93.7014 121.0347 14.8658 34.6098 29.3707 18.8359 28.1613 30.5021 56.3827 84.1119 126.63 66.4807 196.4208 74.0004 91.8153 97.2968 89.035 73.1263 9.7902 80.7562 75.5925 89.3874 106.6341 75.2558 13.7041 1211.1044 723.5621 723.5621 550.5422 85.0806 296.7833 188.2273 208.4261 308.7198 1127.5073 239.3092 473.8696 285.6271 122.377 383.9379 194.3641 274.4348 1139.2521;
	3.8047 51.4099 93.3892 120.6859 14.6663 34.7921 29.2977 17.6078 28.1276 30.7025 56.7531 84.6644 127.4618 67.4768 194.8414 73.4054 91.077 96.5145 87.1861 72.2722 9.7659 81.1815 75.7111 87.6528 102.8027 72.0246 13.0058 1240.8027 772.8313 772.8313 593.8393 83.0235 290.6203 186.0289 211.549 329.7413 1184.6069 264.2457 474.2226 275.3644 121.584 385.9601 181.6418 271.3135 1196.9466;
	3.8706 52.3002 94.0796 120.8626 15.1737 34.9963 30.8673 18.3035 28.4107 31.1101 57.5066 85.7885 129.1541 68.4732 200.1664 75.4115 93.5661 99.1522 91.2504 73.6502 10.2891 81.658 75.8662 88.7657 103.5533 73.5527 13.3967 1198.6691 752.9071 752.9071 663.7382 93.9644 304.1679 189.5758 214.6727 321.2404 1146.2227 295.6247 479.0582 277.3748 121.9186 388.2252 176.7119 270.6836 1158.1625;
	3.8972 52.6596 94.6368 121.0292 14.6558 34.2731 28.7083 18.3797 28.4465 31.3476 57.9455 86.4433 130.1399 67.6647 205.0931 77.2676 95.8691 101.5926 91.6668 73.923 9.5694 79.9706 75.7023 89.2016 103.7356 75.6068 13.3804 1156.8938 764.4418 764.4418 661.6409 90.2661 305.5559 190.2781 212.1379 326.1619 1077.0221 296.1658 478.8407 277.8633 120.8755 380.203 176.3829 273.6774 1088.2411;
	3.8601 52.1579 94.9117 121.0241 14.9929 34.1447 27.5769 18.2159 28.0659 30.617 56.595 84.4286 127.1069 69.0544 200.561 75.5602 93.7506 99.3477 90.3462 73.5262 9.1923 79.6709 75.1587 87.5914 102.8454 75.4317 13.3692 1072.3315 750.5396 750.5396 655.5484 94.6081 301.1539 189.2565 216.495 320.2302 1069.8949 279.6437 477.6486 275.4787 119.5333 378.778 191.1477 277.001 1081.0397;
	3.8005 51.3528 94.2869 121.0725 15.2484 34.3651 29.3065 18.4556 27.8989 30.3469 56.0958 83.6839 125.9857 69.3571 195.6997 73.7287 91.4782 96.9396 85.6314 70.6903 9.7688 80.1852 74.2702 89.0384 103.6268 74.8293 13.2903 1062.0261 766.9716 766.9716 661.6457 101.1744 285.438 181.957 217.4438 327.2412 1007.9123 285.7456 477.7914 277.5717 122.5367 381.2232 175.3113 269.36 1018.4114;
	3.9191 52.9558 95.236 120.9264 15.2931 34.2475 29.1941 18.2548 27.0535 30.7564 56.8527 84.813 127.6855 67.6058 196.336 73.9685 91.7757 97.2548 88.5091 72.279 9.7314 79.9109 74.7355 89.4311 104.9 74.9628 13.3943 1028.64 734.3088 734.3088 672.1443 94.1829 295.0304 186.0462 211.9534 313.3051 964.1208 290.2597 474.1806 280.9823 121.7725 379.9195 164.5292 273.6004 974.1637;
	3.9117 52.8562 95.0274 120.6107 15.2543 34.4702 25.566 18.3376 28.1275 31.2223 57.714 86.098 129.62 68.5908 192.9529 72.6939 90.1943 95.579 87.421 71.1945 8.522 80.4304 75.3369 89.1507 104.8975 74.6065 13.1298 1002.8951 707.6073 707.6073 655.945 97.3485 291.4032 183.2548 215.0416 301.9125 890.2067 300.9092 466.431 280.9754 122.2231 382.3891 180.959 267.9657 899.4797;
	3.9022 52.7273 94.8577 118.4012 15.1944 34.0583 24.7878 18.0139 26.1755 30.583 56.5322 84.3349 126.9657 68.7502 192.6735 72.5886 90.0636 95.4406 86.9789 69.8153 8.2626 79.4694 75.5802 85.4812 101.6961 74.4249 13.2553 1088.5155 754.984 754.984 670.1845 104.4883 289.9297 179.7048 215.5411 322.1265 974.1164 301.1212 459.3782 272.4003 123.6241 377.8202 178.7171 263.9954 984.2634;
	3.8223 51.6482 91.4412 118.3277 15.3612 34.4349 24.4251 17.6345 27.1965 29.9212 55.3088 82.5099 124.2182 67.2469 190.9297 71.9316 89.2485 94.5768 87.4431 72.6185 8.1417 80.3482 75.2233 87.9749 100.4616 73.9483 12.0126 1104.8387 715.123 715.123 629.7857 100.0696 291.477 186.9203 210.8281 305.1192 1047.9297 268.3982 455.3747 269.0936 122.7671 381.9982 185.2521 245.4413 1058.8456;
	3.8628 52.1955 92.717 117.0859 15.3066 33.4801 23.9782 15.1115 26.9938 29.557 54.6356 81.5055 122.7061 66.3696 179.2354 67.5259 83.7821 88.7841 81.7313 69.5286 7.9927 78.1203 73.635 87.639 103.4955 69.2473 11.3253 1168.3206 667.9676 667.9676 607.9636 94.8209 272.4377 178.9667 208.0776 284.9995 1036.4445 264.4934 443.4236 277.2201 123.806 371.4063 188.4979 260.546 1047.2408;
