function loadprofile = ex_load_profilesh1
%EX_LOAD_PROFILE  Example load profile data file for stochastic unit commitment.
% 2022.03.12
% Andres F. Ramirez

%% define constants
[CT_LABEL, CT_PROB, CT_TABLE, CT_TBUS, CT_TGEN, CT_TBRCH, CT_TAREABUS, ...
    CT_TAREAGEN, CT_TAREABRCH, CT_ROW, CT_COL, CT_CHGTYPE, CT_REP, ...
    CT_REL, CT_ADD, CT_NEWVAL, CT_TLOAD, CT_TAREALOAD, CT_LOAD_ALL_PQ, ...
    CT_LOAD_FIX_PQ, CT_LOAD_DIS_PQ, CT_LOAD_ALL_P, CT_LOAD_FIX_P, ...
    CT_LOAD_DIS_P, CT_TGENCOST, CT_TAREAGENCOST, CT_MODCOST_F, ...
    CT_MODCOST_X] = idx_ct;

loadprofile = struct( ...
    'type', 'mpcData', ...
    'table', CT_TAREALOAD, ...
    'rows', [1:11], ...
    'col', CT_LOAD_ALL_P, ...
    'chgtype', 1, ...
    'values', [] );
loadprofile.values(:,1,:) = [
	1561.0034 922.8951 1679.306 549.9689 812.9526 1095.9 863.0 262.7 484.9955 4391.5507 1608.2842;
	1551.9473 914.2357 1629.6148 541.1283 790.3469 1086.9883 849.5823 260.3 484.9761 4370.2434 1603.5;
	1591.3808 934.5941 1687.0932 537.8746 806.2 1105.6891 858.7476 264.4 490.1258 4403.7076 1639.7374;
	1638.4126 1001.4 1777.0 573.7 870.5 1188.9288 915.1847 282.5782 532.6 4661.0641 1740.9215;
	1765.6348 1126.5659 1963.6653 592.8 973.7904 1304.4638 1013.4374 319.1269 600.9371 5179.5102 1897.7479;
	1825.3122 1224.5979 2117.9508 609.088 1043.3428 1383.7042 1076.1 338.1 681.4502 5756.2624 2092.4546;
	1896.7203 1216.9638 2089.8688 600.2031 1022.6479 1366.3094 1089.0968 334.5888 678.7378 6073.784 2067.9652;
	1938.7413 1225.0241 2094.6835 609.0942 1011.8515 1361.5088 1090.8162 313.2255 688.3098 5982.3092 1970.3796;
	1923.0969 1197.5087 2068.6338 602.2 1029.129 1367.489 1073.7573 282.6967 684.4 6017.1088 1950.4097;
	1969.7375 1228.8028 2071.0 595.6008 1025.1396 1342.3681 1035.552 291.1318 665.8911 6087.6921 2016.6195;
	1909.3646 1207.6038 2023.358 596.3735 1000.3 1364.5273 1038.8084 271.0823 652.3 6090.7023 1985.0328;
	1939.8393 1217.2 2035.4894 577.37 1015.1 1341.907 1019.5 292.4804 654.6332 6091.9942 2090.5134;
	1964.391 1242.7408 2051.5 573.877 1006.5 1351.8029 1029.6423 296.5494 643.3292 6168.6529 2095.6941;
	1902.0438 1242.2497 2027.4237 576.0245 990.4962 1279.9453 1043.4969 297.5657 658.3891 6144.7985 2110.9165;
	1852.0879 1228.226 2015.7208 585.224 1043.0937 1280.7607 1040.4287 308.3564 673.4995 6095.7064 2126.0897;
	1870.3072 1263.8178 2075.7292 594.0 1084.4736 1368.5154 1107.1665 333.9885 692.8372 6144.2761 2243.6685;
	1871.8443 1264.8319 2067.4237 591.5 1098.3216 1423.2082 1136.1 339.6629 728.8147 6115.6877 2390.5493;
	1916.6709 1292.5144 2147.3322 601.9 1111.985 1510.1865 1162.061 355.3423 744.2189 6109.3735 2476.1119;
	1906.5057 1312.1785 2104.8479 603.7263 1082.4446 1450.0 1079.245 343.0101 717.4 5811.7954 2356.6177;
	1858.0712 1242.0243 2010.1363 584.2953 997.1033 1375.7447 1066.7259 341.4255 678.5183 5803.4577 2268.8898;
	1816.3308 1190.9307 1909.3359 554.3 933.6669 1280.0751 1003.3662 305.6513 637.5159 5526.4945 2107.1701;
	1725.0 1092.2292 1786.9682 556.3 880.3 1194.9741 937.5064 288.9605 553.6104 5168.8325 1936.717;
	1647.6018 1064.1596 1701.3564 555.3 847.1 1165.6693 892.7 255.7206 524.4747 4811.9742 1801.9;
	1627.9675 1022.282 1681.4665 572.1944 862.6474 1148.9733 862.0953 254.9181 461.3972 4735.501 1750.9304;
];
