function solarprofile = ex_solar_profilesh1
%EX_WIND_PROFILE_D  Example wind_load_nyiso profile data for deterministic unit commitment.
% 2022.03.12
% Andres F. Ramirez


%% define constants
[GEN_BUS, PG, QG, QMAX, QMIN, VG, MBASE, GEN_STATUS, PMAX, PMIN, ...
    MU_PMAX, MU_PMIN, MU_QMAX, MU_QMIN, PC1, PC2, QC1MIN, QC1MAX, ...
    QC2MIN, QC2MAX, RAMP_AGC, RAMP_10, RAMP_30, RAMP_Q, APF] = idx_gen;
[CT_LABEL, CT_PROB, CT_TABLE, CT_TBUS, CT_TGEN, CT_TBRCH, CT_TAREABUS, ...
    CT_TAREAGEN, CT_TAREABRCH, CT_ROW, CT_COL, CT_CHGTYPE, CT_REP, ...
    CT_REL, CT_ADD, CT_NEWVAL, CT_TLOAD, CT_TAREALOAD, CT_LOAD_ALL_PQ, ...
    CT_LOAD_FIX_PQ, CT_LOAD_DIS_PQ, CT_LOAD_ALL_P, CT_LOAD_FIX_P, ...
    CT_LOAD_DIS_P, CT_TGENCOST, CT_TAREAGENCOST, CT_MODCOST_F, ...
    CT_MODCOST_X] = idx_ct;

solarprofile = struct( ...
    'type', 'mpcData', ...
    'table', CT_TGEN, ...
    'rows', [1:12], ...
    'col', PMAX, ...
    'chgtype', 1, ...
    'values', [] );
solarprofile.values(:,1,:) = [
	0.0 0.0 0.0 0.0 0.0 0.0 0.0 0.0 0.0 0.0 0.0 0.0;
	0.0 0.0 0.0 0.0 0.0 0.0 0.0 0.0 0.0 0.0 0.0 0.0;
	0.0 0.0 0.0 0.0 0.0 0.0 0.0 0.0 0.0 0.0 0.0 0.0;
	0.0 0.0 0.0 0.0 0.0 0.0 0.0 0.0 0.0 0.0 0.0 0.0;
	0.0 0.0 0.0 0.0 0.0 0.0 0.0 0.0 0.0 0.0 0.0 0.0;
	0.0 0.0 0.002 0.0 0.0 0.0 0.0 0.0 0.0 0.0 0.0 0.0;
	13.1066 11.4213 6.4003 7.2646 3.6563 186.3947 23.2993 66.7495 144.8698 70.5289 41.545 127.7282;
	25.0393 17.0862 14.2062 9.6231 12.584 355.7607 44.4701 76.1215 172.3285 240.2021 133.2774 435.0075;
	26.4936 17.3768 14.336 10.3008 13.0813 389.2621 48.6578 75.9973 167.9665 324.6337 193.2745 587.9136;
	27.022 17.1995 14.0738 5.2504 8.3725 377.6218 47.2027 65.7176 187.5252 289.0829 198.5867 523.531;
	26.7036 16.7875 13.8 3.7115 5.5784 377.477 47.1846 62.782 191.4552 315.3403 219.3127 571.0832;
	26.3959 16.6083 13.7778 7.4335 5.5511 387.5309 48.4414 62.606 206.9762 326.0097 222.1446 590.4055;
	26.3192 16.6083 13.6668 11.632 9.804 454.445 56.8056 69.1616 259.7828 240.3404 123.106 435.2579;
	23.5722 16.6174 13.8 11.5984 11.1416 467.684 58.4605 72.3073 264.0116 196.5129 49.9669 355.886;
	20.3663 16.3724 12.5037 9.3768 10.1918 463.711 57.9639 71.1094 262.7319 132.0778 43.6425 239.1938;
	15.5126 12.8823 9.4307 4.4564 4.1144 392.6373 49.0797 43.7611 235.571 61.853 34.2978 112.0162;
	1.0911 0.8754 0.6419 1.3506 2.6335 54.851 6.8564 8.7796 32.5256 21.7921 18.6731 39.4656;
	0.0 0.0 0.0 0.0 0.0 0.0 0.0 0.0 0.0 0.0 0.0 0.0;
	0.0 0.0 0.0 0.0 0.0 0.0 0.0 0.0 0.0 0.0 0.0 0.0;
	0.0 0.0 0.0 0.0 0.0 0.0 0.0 0.0 0.0 0.0 0.0 0.0;
	0.0 0.0 0.0 0.0 0.0 0.0 0.0 0.0 0.0 0.0 0.0 0.0;
	0.0 0.0 0.0 0.0 0.0 0.0 0.0 0.0 0.0 0.0 0.0 0.0;
	0.0 0.0 0.0 0.0 0.0 0.0 0.0 0.0 0.0 0.0 0.0 0.0;
	0.0 0.0 0.0 0.0 0.0 0.0 0.0 0.0 0.0 0.0 0.0 0.0;
];
