function solarprofile = ex_solar_profilesh1
%EX_WIND_PROFILE_D  Example wind_load_nyiso profile data for deterministic unit commitment.
% 2022.03.12
% Andres F. Ramirez


%% define constants
[GEN_BUS, PG, QG, QMAX, QMIN, VG, MBASE, GEN_STATUS, PMAX, PMIN, ...
    MU_PMAX, MU_PMIN, MU_QMAX, MU_QMIN, PC1, PC2, QC1MIN, QC1MAX, ...
    QC2MIN, QC2MAX, RAMP_AGC, RAMP_10, RAMP_30, RAMP_Q, APF] = idx_gen;
[CT_LABEL, CT_PROB, CT_TABLE, CT_TBUS, CT_TGEN, CT_TBRCH, CT_TAREABUS, ...
    CT_TAREAGEN, CT_TAREABRCH, CT_ROW, CT_COL, CT_CHGTYPE, CT_REP, ...
    CT_REL, CT_ADD, CT_NEWVAL, CT_TLOAD, CT_TAREALOAD, CT_LOAD_ALL_PQ, ...
    CT_LOAD_FIX_PQ, CT_LOAD_DIS_PQ, CT_LOAD_ALL_P, CT_LOAD_FIX_P, ...
    CT_LOAD_DIS_P, CT_TGENCOST, CT_TAREAGENCOST, CT_MODCOST_F, ...
    CT_MODCOST_X] = idx_ct;

solarprofile = struct( ...
    'type', 'mpcData', ...
    'table', CT_TGEN, ...
    'rows', [1:12], ...
    'col', PMAX, ...
    'chgtype', 1, ...
    'values', [] );
solarprofile.values(:,1,:) = [
	0.0 0.0 0.0 0.0 0.0 0.0 0.0 0.0 0.0 0.0 0.0 0.0;
	0.0 0.0 0.0 0.0 0.0 0.0 0.0 0.0 0.0 0.0 0.0 0.0;
	0.0 0.0 0.0 0.0 0.0 0.0 0.0 0.0 0.0 0.0 0.0 0.0;
	0.0 0.0 0.0 0.0 0.0 0.0 0.0 0.0 0.0 0.0 0.0 0.0;
	0.0 0.0 0.0 0.0 0.0 0.0 0.0 0.0 0.0 0.0 0.0 0.0;
	0.0 0.0 0.002 0.0 0.0 0.0 0.0 0.0 0.0 0.0 0.0 0.0;
	3.7672 4.5528 2.2329 3.7551 2.6951 251.4298 31.4287 31.4624 92.0227 65.9334 39.2802 119.4058;
	15.6175 13.296 8.2307 9.4728 9.4884 375.0625 46.8828 71.9926 143.4088 175.9161 118.5071 318.585;
	23.0278 16.6029 13.8 11.533 11.8584 385.2937 48.1617 75.5736 166.5799 318.6315 190.3554 577.0435;
	25.654 16.6083 13.8 11.7956 8.8428 254.8108 31.8514 74.1037 208.2372 329.6221 194.5548 596.9476;
	26.0588 16.6083 13.8 11.6669 7.8615 239.4393 29.9299 71.8548 223.1596 315.1222 217.4553 570.6883;
	26.0726 16.6083 13.8 11.5541 6.0513 225.734 28.2167 68.8395 214.4101 302.7239 221.7772 548.2348;
	20.8196 15.8054 12.7913 11.632 3.2829 308.1129 38.5141 71.5785 146.4896 187.6734 109.4385 339.8776;
	9.2188 13.2734 10.4625 11.5965 3.8582 341.7589 42.7199 74.1316 116.1606 168.4932 37.716 305.1422;
	1.575 5.0638 2.0624 7.801 3.2985 358.4109 44.8014 72.5028 108.0081 121.4905 24.5085 220.02;
	1.7322 1.4879 1.0292 0.7721 0.2091 219.7819 27.4727 41.3544 81.6119 35.7624 9.8051 64.7658;
	0.8087 0.609 0.3965 1.2449 2.3484 46.7387 5.8423 8.4157 22.9101 16.621 17.2103 30.1007;
	0.0 0.0 0.0 0.0 0.0 0.0 0.0 0.0 0.0 0.0 0.0 0.0;
	0.0 0.0 0.0 0.0 0.0 0.0 0.0 0.0 0.0 0.0 0.0 0.0;
	0.0 0.0 0.0 0.0 0.0 0.0 0.0 0.0 0.0 0.0 0.0 0.0;
	0.0 0.0 0.0 0.0 0.0 0.0 0.0 0.0 0.0 0.0 0.0 0.0;
	0.0 0.0 0.0 0.0 0.0 0.0 0.0 0.0 0.0 0.0 0.0 0.0;
	0.0 0.0 0.0 0.0 0.0 0.0 0.0 0.0 0.0 0.0 0.0 0.0;
	0.0 0.0 0.0 0.0 0.0 0.0 0.0 0.0 0.0 0.0 0.0 0.0;
];
