function windprofile = ex_wind_profilesh1
%EX_WIND_PROFILE_D  Example wind_load_nyiso profile data for deterministic unit commitment.
% 2022.03.12
% Andres F. Ramirez


%% define constants
[GEN_BUS, PG, QG, QMAX, QMIN, VG, MBASE, GEN_STATUS, PMAX, PMIN, ...
    MU_PMAX, MU_PMIN, MU_QMAX, MU_QMIN, PC1, PC2, QC1MIN, QC1MAX, ...
    QC2MIN, QC2MAX, RAMP_AGC, RAMP_10, RAMP_30, RAMP_Q, APF] = idx_gen;
[CT_LABEL, CT_PROB, CT_TABLE, CT_TBUS, CT_TGEN, CT_TBRCH, CT_TAREABUS, ...
    CT_TAREAGEN, CT_TAREABRCH, CT_ROW, CT_COL, CT_CHGTYPE, CT_REP, ...
    CT_REL, CT_ADD, CT_NEWVAL, CT_TLOAD, CT_TAREALOAD, CT_LOAD_ALL_PQ, ...
    CT_LOAD_FIX_PQ, CT_LOAD_DIS_PQ, CT_LOAD_ALL_P, CT_LOAD_FIX_P, ...
    CT_LOAD_DIS_P, CT_TGENCOST, CT_TAREAGENCOST, CT_MODCOST_F, ...
    CT_MODCOST_X] = idx_ct;

windprofile = struct( ...
    'type', 'mpcData', ...
    'table', CT_TGEN, ...
    'rows', [1:45], ...
    'col', PMAX, ...
    'chgtype', 1, ...
    'values', [] );
windprofile.values(:,1,:) = [
	3.9129 52.8723 94.2727 115.9546 15.1803 34.5692 28.5426 19.063 27.8205 30.9589 57.2271 85.3716 128.5265 69.5439 170.3063 64.1619 79.6083 84.361 35.3275 68.0089 9.5142 80.6615 74.0152 88.7896 104.7467 75.384 13.6646 1203.7843 709.6075 709.6075 593.4529 117.9568 117.7583 175.0552 218.0296 302.7659 1204.3952 234.9522 473.9249 280.5715 122.8856 383.4879 155.1535 281.1921 1216.941;
	3.8761 52.374 94.8725 120.4451 14.715 34.0547 29.9531 18.6329 27.8048 30.9211 57.1572 85.2673 128.3695 69.1639 186.4961 70.2613 87.1761 92.3806 29.9632 70.6792 9.9844 79.461 70.3145 87.8574 102.2938 73.7447 13.3368 1197.4539 685.0455 685.0455 586.8099 117.4122 99.8774 181.9283 216.8383 292.2861 1171.2424 245.7035 472.5911 274.0013 122.8419 377.7802 143.1489 285.0703 1183.4429;
	3.8771 52.3881 95.3898 79.9004 15.1314 34.9652 30.4514 18.8586 28.4098 30.699 56.7465 84.6547 127.4472 69.4469 188.3874 70.9739 88.0602 93.3175 35.382 68.1321 10.1505 81.5855 68.8065 89.6311 105.7778 74.715 13.7525 1149.4261 705.986 705.986 599.892 118.8004 117.9399 175.3722 217.7254 301.2207 1212.2858 243.3404 474.1442 283.3333 122.9572 387.881 144.3683 284.0941 1224.9137;
	3.8964 52.6491 95.3745 97.4494 15.1778 34.989 30.5231 19.1762 28.4965 31.0802 57.4513 85.706 129.0299 69.5761 195.0305 73.4766 91.1654 96.6081 46.6791 70.2305 10.1744 81.6409 69.6274 90.0663 106.3439 75.7977 14.0623 1195.1338 744.3082 744.3082 556.2896 104.0836 155.5971 180.7734 218.1304 317.5715 1174.7539 246.915 479.0803 284.8496 122.9788 388.1442 176.5573 286.6349 1186.991;
	3.7674 50.9055 95.426 121.0757 15.3139 34.7829 25.2746 19.1731 28.4877 31.2655 57.7937 86.2169 129.799 69.5609 189.5552 71.4138 88.606 93.8959 77.893 69.4315 8.4249 81.16 62.3821 90.1795 106.7383 76.2084 14.0994 1138.493 675.9834 675.9834 537.3878 102.5944 259.6435 178.7169 218.0829 288.4196 1229.1176 244.3302 478.0744 285.9061 123.0431 385.8578 196.9895 285.1706 1241.9209;
	3.9318 53.1267 95.1673 121.0593 15.3966 35.1207 30.0432 19.1529 28.3908 31.0784 57.448 85.7012 129.0226 69.9075 198.7838 74.8906 92.9199 98.4673 88.6948 71.9021 10.0144 81.9483 70.094 89.8538 106.5946 74.743 14.0531 1201.0388 711.9392 711.9392 503.6957 101.8957 295.6495 185.0763 219.1693 303.7607 1154.7155 220.5129 477.9332 285.5213 121.952 389.6056 213.8465 283.1715 1166.7438;
	3.9321 53.1308 95.1366 121.0355 15.3838 34.9089 30.4637 19.1296 28.3928 30.9585 57.2263 85.3704 128.5247 69.88 195.6384 73.7056 91.4496 96.9092 89.9768 72.3894 10.1546 81.454 72.8122 89.5901 106.2544 75.6012 13.8519 1175.7813 717.9714 717.9714 515.8147 100.8206 299.9228 186.3304 219.0832 306.3345 1126.909 228.9298 478.5927 284.6099 121.2896 387.2557 212.8138 283.8992 1138.6477;
	3.931 53.1162 94.5917 121.0675 15.4185 35.1264 30.5036 19.1766 28.473 31.1101 57.5066 85.7886 129.1542 69.6466 197.7339 74.4951 92.4291 97.9472 90.2013 72.9729 10.1679 81.9616 75.0656 87.9664 106.6916 74.4868 13.9113 1163.323 744.4137 744.4137 514.8286 85.1019 300.671 187.8325 218.3516 317.6165 1152.8767 229.5864 479.8852 285.781 121.4089 389.6686 215.6328 281.8685 1164.8858;
	3.882 52.4542 91.8723 121.312 15.2783 34.7733 29.498 18.7507 27.9329 31.1132 57.5123 85.7971 129.167 69.0744 201.1493 75.7818 94.0256 99.6391 92.1552 72.715 9.8327 81.1377 73.9583 85.5447 104.4245 73.866 13.7884 1237.1486 790.2141 790.2141 592.8536 84.2638 307.184 187.1687 216.5577 337.158 1228.3552 274.7369 477.8763 279.7084 122.6336 385.7517 199.8777 274.0648 1241.1505;
	3.8742 52.349 93.3427 120.9393 15.3691 34.9512 30.1222 18.3152 28.1769 30.2765 55.9656 83.4897 125.6932 69.704 195.4883 73.6491 91.3794 96.8349 89.1502 68.9951 10.0407 81.5527 72.2278 85.1315 103.4325 71.8898 13.6329 1237.7731 786.0646 786.0646 667.9238 94.6637 297.1674 177.5936 218.5316 335.3876 1221.1773 297.9209 478.1891 277.0513 121.0948 387.725 189.2674 271.2485 1233.8979;
	3.7645 50.8663 92.8757 120.0417 15.1172 33.5569 27.0367 18.0051 27.978 29.7834 55.0542 82.13 123.6462 69.4284 192.105 72.3744 89.7979 95.159 78.8682 69.8275 9.0122 78.2994 67.5426 85.0179 103.0202 72.9438 13.4414 1247.8094 763.256 763.256 660.762 94.7515 262.8939 179.7361 217.6674 325.6559 1149.5412 285.9846 475.3847 275.947 120.7596 372.2579 177.0485 268.8115 1161.5156;
	3.736 50.4816 89.8954 118.4003 14.9435 32.6258 25.9946 17.9572 27.8399 29.3531 54.2587 80.9433 121.8597 69.779 190.0251 71.5909 88.8257 94.1287 79.1218 69.0122 8.6649 76.1269 69.8709 82.8507 101.6762 71.1971 13.1314 1176.8835 778.2263 778.2263 668.8768 100.3698 263.7393 177.6375 218.7665 332.0432 1136.3289 282.635 471.3757 272.3471 115.3471 361.9288 189.9841 267.4633 1148.1657;
	3.8725 52.3253 93.125 120.5167 15.1345 33.6047 29.1935 18.8456 28.2026 30.5107 56.3985 84.1355 126.6656 69.8785 191.4639 72.1329 89.4983 94.8414 84.2524 70.0391 9.7312 78.411 74.1397 87.7735 103.9993 74.5395 13.8293 1191.7796 785.7875 785.7875 693.0398 106.945 280.8412 180.2809 219.0784 335.2693 1088.1185 303.6751 479.0335 278.5696 117.4179 372.7881 166.792 268.2975 1099.453;
	3.8524 52.0546 92.0027 117.6048 14.7664 32.6235 27.7081 18.791 27.6353 30.5123 56.4015 84.14 126.6723 68.9132 182.8558 68.8899 85.4744 90.5774 87.8096 70.724 9.236 76.1216 74.7806 86.195 101.8757 73.4758 13.8238 1159.3605 727.5979 727.5979 685.8874 106.5406 292.6986 182.0437 216.0521 310.4418 1058.0725 302.8526 470.9311 272.8812 113.3034 361.9039 166.8332 267.4773 1069.0941;
	3.8467 51.9769 93.4522 117.0528 15.3127 33.3096 25.6054 18.5377 27.6048 30.4175 56.2264 83.8787 126.2789 69.7762 187.7199 70.7224 87.7481 92.9868 88.8461 70.4695 8.5351 77.7224 72.9836 87.8405 100.876 72.4734 13.5268 1207.4938 760.8177 760.8177 681.5039 109.23 296.1537 181.3887 218.7577 324.6155 1068.0387 328.5093 478.2395 270.2035 112.7523 369.5143 188.4354 254.9059 1079.1641;
	3.861 52.1708 93.7496 119.2895 15.1535 33.7282 27.0658 17.8984 28.3012 30.3557 56.1121 83.7083 126.0223 69.1083 184.9352 69.6733 86.4465 91.6074 85.0154 69.8907 9.0219 78.6991 73.3947 86.0964 100.6406 71.9324 13.1446 1202.8657 768.4648 768.4648 670.6296 112.1397 283.3847 179.8988 216.664 327.8783 1112.2566 318.135 479.0183 269.5731 114.632 374.1581 197.9298 252.9551 1123.8426;
	3.6659 49.5343 93.6425 119.2322 15.0926 33.5008 24.7177 17.5376 27.3854 28.9984 53.6031 79.9652 120.3872 68.1041 189.0788 71.2343 88.3833 93.66 89.4445 72.1097 8.2392 78.1685 68.4049 87.7037 101.721 70.4844 12.1292 1131.188 729.1153 729.1153 644.2453 105.5901 298.1483 185.6106 213.5155 311.0892 1139.6091 273.8124 468.501 272.4669 112.991 371.6352 187.4512 241.208 1151.48;
	3.7606 50.8146 92.7695 114.359 15.1702 33.0056 25.6856 14.4994 28.0837 30.2064 55.8361 83.2965 125.4024 67.9726 186.5185 70.2698 87.1866 92.3917 85.9487 69.94 8.5619 77.013 70.8953 83.5101 100.7497 60.3047 11.0409 1223.8607 704.129 704.129 640.7617 101.6174 286.4958 180.0258 213.1034 300.4284 1157.5798 281.7903 475.9709 269.8652 112.6294 366.1419 194.6069 240.6114 1169.6379;
