function solarprofile = ex_solar_profilesh1
%EX_WIND_PROFILE_D  Example wind_load_nyiso profile data for deterministic unit commitment.
% 2022.03.12
% Andres F. Ramirez


%% define constants
[GEN_BUS, PG, QG, QMAX, QMIN, VG, MBASE, GEN_STATUS, PMAX, PMIN, ...
    MU_PMAX, MU_PMIN, MU_QMAX, MU_QMIN, PC1, PC2, QC1MIN, QC1MAX, ...
    QC2MIN, QC2MAX, RAMP_AGC, RAMP_10, RAMP_30, RAMP_Q, APF] = idx_gen;
[CT_LABEL, CT_PROB, CT_TABLE, CT_TBUS, CT_TGEN, CT_TBRCH, CT_TAREABUS, ...
    CT_TAREAGEN, CT_TAREABRCH, CT_ROW, CT_COL, CT_CHGTYPE, CT_REP, ...
    CT_REL, CT_ADD, CT_NEWVAL, CT_TLOAD, CT_TAREALOAD, CT_LOAD_ALL_PQ, ...
    CT_LOAD_FIX_PQ, CT_LOAD_DIS_PQ, CT_LOAD_ALL_P, CT_LOAD_FIX_P, ...
    CT_LOAD_DIS_P, CT_TGENCOST, CT_TAREAGENCOST, CT_MODCOST_F, ...
    CT_MODCOST_X] = idx_ct;

solarprofile = struct( ...
    'type', 'mpcData', ...
    'table', CT_TGEN, ...
    'rows', [1:12], ...
    'col', PMAX, ...
    'chgtype', 1, ...
    'values', [] );
solarprofile.values(:,1,:) = [
	0.0 0.0 0.0 0.0 0.0 0.0 0.0 0.0 0.0 0.0 0.0 0.0;
	0.0 0.0 0.0 0.0 0.0 0.0 0.0 0.0 0.0 0.0 0.0 0.0;
	0.0 0.0 0.0 0.0 0.0 0.0 0.0 0.0 0.0 0.0 0.0 0.0;
	0.0 0.0 0.0 0.0 0.0 0.0 0.0 0.0 0.0 0.0 0.0 0.0;
	0.0 0.0 0.0 0.0 0.0 0.0 0.0 0.0 0.0 0.0 0.0 0.0;
	0.0 0.0 0.0053 0.0 0.0 0.0 0.0 0.0 0.0 0.0 0.0 0.0;
	8.4017 7.047 6.4039 2.042 4.9104 160.5221 20.0653 40.6509 65.1415 71.5452 40.6117 129.5688;
	17.3639 13.362 11.2148 2.0318 9.2346 354.4187 44.3023 71.9273 38.5809 163.0707 132.69 295.3221;
	22.9606 16.6029 13.8 4.4981 11.0002 397.4802 49.685 75.2576 73.7311 250.1204 201.0188 452.9695;
	26.1736 16.6083 13.8 8.5854 10.8918 392.9638 49.1205 77.7015 204.7287 235.8068 220.8445 427.0475;
	26.334 16.6083 13.9009 10.8122 12.5592 396.1268 49.5159 79.2487 228.1833 282.4588 231.0261 511.5346;
	26.4244 16.6139 13.9908 11.0076 12.8926 398.9233 49.8654 80.1687 223.4633 290.9254 230.5497 526.8677;
	26.3772 16.6083 13.8484 10.8534 13.3577 435.0817 54.3852 79.8377 198.515 198.8912 194.8331 360.1931;
	23.3465 16.4729 13.8 10.8664 13.3069 434.3551 54.2944 81.1742 181.893 171.4688 160.0811 310.5311;
	17.1099 10.9374 11.5001 8.1769 13.0302 420.1199 52.515 80.4949 148.3205 123.9652 119.6385 224.5017;
	8.409 6.7054 5.9671 5.5736 11.108 258.3693 32.2962 65.0121 51.0924 70.9094 39.1599 128.4174;
	0.9209 0.8397 0.4731 1.3373 3.1776 48.4572 6.0572 10.0454 19.5882 22.574 18.6413 40.8816;
	0.0 0.0 0.0 0.0 0.0 0.0 0.0 0.0 0.0 0.0 0.0 0.0;
	0.0 0.0 0.0 0.0 0.0 0.0 0.0 0.0 0.0 0.0 0.0 0.0;
	0.0 0.0 0.0 0.0 0.0 0.0 0.0 0.0 0.0 0.0 0.0 0.0;
	0.0 0.0 0.0 0.0 0.0 0.0 0.0 0.0 0.0 0.0 0.0 0.0;
	0.0 0.0 0.0 0.0 0.0 0.0 0.0 0.0 0.0 0.0 0.0 0.0;
	0.0 0.0 0.0 0.0 0.0 0.0 0.0 0.0 0.0 0.0 0.0 0.0;
	0.0 0.0 0.0 0.0 0.0 0.0 0.0 0.0 0.0 0.0 0.0 0.0;
];
