function solarprofile = ex_solar_profilesh1
%EX_WIND_PROFILE_D  Example wind_load_nyiso profile data for deterministic unit commitment.
% 2022.03.12
% Andres F. Ramirez


%% define constants
[GEN_BUS, PG, QG, QMAX, QMIN, VG, MBASE, GEN_STATUS, PMAX, PMIN, ...
    MU_PMAX, MU_PMIN, MU_QMAX, MU_QMIN, PC1, PC2, QC1MIN, QC1MAX, ...
    QC2MIN, QC2MAX, RAMP_AGC, RAMP_10, RAMP_30, RAMP_Q, APF] = idx_gen;
[CT_LABEL, CT_PROB, CT_TABLE, CT_TBUS, CT_TGEN, CT_TBRCH, CT_TAREABUS, ...
    CT_TAREAGEN, CT_TAREABRCH, CT_ROW, CT_COL, CT_CHGTYPE, CT_REP, ...
    CT_REL, CT_ADD, CT_NEWVAL, CT_TLOAD, CT_TAREALOAD, CT_LOAD_ALL_PQ, ...
    CT_LOAD_FIX_PQ, CT_LOAD_DIS_PQ, CT_LOAD_ALL_P, CT_LOAD_FIX_P, ...
    CT_LOAD_DIS_P, CT_TGENCOST, CT_TAREAGENCOST, CT_MODCOST_F, ...
    CT_MODCOST_X] = idx_ct;

solarprofile = struct( ...
    'type', 'mpcData', ...
    'table', CT_TGEN, ...
    'rows', [1:12], ...
    'col', PMAX, ...
    'chgtype', 1, ...
    'values', [] );
solarprofile.values(:,1,:) = [
	0.0 0.0 0.0 0.0 0.0 0.0 0.0 0.0 0.0 0.0 0.0 0.0;
	0.0 0.0 0.0 0.0 0.0 0.0 0.0 0.0 0.0 0.0 0.0 0.0;
	0.0 0.0 0.0 0.0 0.0 0.0 0.0 0.0 0.0 0.0 0.0 0.0;
	0.0 0.0 0.0 0.0 0.0 0.0 0.0 0.0 0.0 0.0 0.0 0.0;
	0.0 0.0 0.0 0.0 0.0 0.0 0.0 0.0 0.0 0.0 0.0 0.0;
	0.0 0.0 0.002 0.0 0.0 0.0 0.0 0.0 0.0 0.0 0.0 0.0;
	8.4011 6.0866 5.6175 0.8422 1.4714 261.5836 32.698 47.377 33.4263 64.9662 40.8413 117.6542;
	11.9053 9.1371 7.6551 5.6573 8.6243 380.3986 47.5498 68.8794 107.2249 75.2268 71.0271 136.2361;
	17.4673 14.8129 11.8637 9.7795 11.6356 407.6525 50.9566 68.0475 166.3094 238.1799 96.0204 431.3453;
	23.729 16.5613 12.8848 11.101 9.5289 394.7042 49.338 64.2517 192.2725 230.1473 92.2466 416.7982;
	26.2865 16.6083 13.773 11.2466 9.7403 410.9778 51.3722 64.0504 158.6545 240.5284 166.9821 435.5985;
	26.2705 16.6093 13.7513 11.3077 9.6879 415.5348 51.9419 62.566 132.501 255.2557 187.5948 462.2697;
	20.5729 15.8671 9.5205 11.5975 10.8062 428.2567 53.5321 68.0982 151.7683 213.3518 157.4416 386.3815;
	10.7666 12.8922 6.3056 11.5984 11.0173 425.6383 53.2048 72.2621 160.6648 232.8653 105.1358 421.7205;
	6.0201 6.8792 1.8775 9.2889 9.9131 413.1911 51.6489 72.6911 136.5602 167.2171 57.0026 302.8312;
	6.7686 5.4926 2.5711 6.2811 5.3213 316.1929 39.5241 69.8677 41.3645 38.831 6.94 70.3232;
	0.7855 0.6835 0.3823 1.8723 2.5593 55.0584 6.8823 10.8482 19.6507 14.5609 9.0493 26.37;
	0.0 0.0 0.0 0.0 0.0 0.0 0.0 0.0 0.0 0.0 0.0 0.0;
	0.0 0.0 0.0 0.0 0.0 0.0 0.0 0.0 0.0 0.0 0.0 0.0;
	0.0 0.0 0.0 0.0 0.0 0.0 0.0 0.0 0.0 0.0 0.0 0.0;
	0.0 0.0 0.0 0.0 0.0 0.0 0.0 0.0 0.0 0.0 0.0 0.0;
	0.0 0.0 0.0 0.0 0.0 0.0 0.0 0.0 0.0 0.0 0.0 0.0;
	0.0 0.0 0.0 0.0 0.0 0.0 0.0 0.0 0.0 0.0 0.0 0.0;
	0.0 0.0 0.0 0.0 0.0 0.0 0.0 0.0 0.0 0.0 0.0 0.0;
];
