function solarprofile = ex_solar_profilesh1
%EX_WIND_PROFILE_D  Example wind_load_nyiso profile data for deterministic unit commitment.
% 2022.03.12
% Andres F. Ramirez


%% define constants
[GEN_BUS, PG, QG, QMAX, QMIN, VG, MBASE, GEN_STATUS, PMAX, PMIN, ...
    MU_PMAX, MU_PMIN, MU_QMAX, MU_QMIN, PC1, PC2, QC1MIN, QC1MAX, ...
    QC2MIN, QC2MAX, RAMP_AGC, RAMP_10, RAMP_30, RAMP_Q, APF] = idx_gen;
[CT_LABEL, CT_PROB, CT_TABLE, CT_TBUS, CT_TGEN, CT_TBRCH, CT_TAREABUS, ...
    CT_TAREAGEN, CT_TAREABRCH, CT_ROW, CT_COL, CT_CHGTYPE, CT_REP, ...
    CT_REL, CT_ADD, CT_NEWVAL, CT_TLOAD, CT_TAREALOAD, CT_LOAD_ALL_PQ, ...
    CT_LOAD_FIX_PQ, CT_LOAD_DIS_PQ, CT_LOAD_ALL_P, CT_LOAD_FIX_P, ...
    CT_LOAD_DIS_P, CT_TGENCOST, CT_TAREAGENCOST, CT_MODCOST_F, ...
    CT_MODCOST_X] = idx_ct;

solarprofile = struct( ...
    'type', 'mpcData', ...
    'table', CT_TGEN, ...
    'rows', [1:12], ...
    'col', PMAX, ...
    'chgtype', 1, ...
    'values', [] );
solarprofile.values(:,1,:) = [
	0.0 0.0 0.0 0.0 0.0 0.0 0.0 0.0 0.0 0.0 0.0 0.0;
	0.0 0.0 0.0 0.0 0.0 0.0 0.0 0.0 0.0 0.0 0.0 0.0;
	0.0 0.0 0.0 0.0 0.0 0.0 0.0 0.0 0.0 0.0 0.0 0.0;
	0.0 0.0 0.0 0.0 0.0 0.0 0.0 0.0 0.0 0.0 0.0 0.0;
	0.0 0.0 0.0 0.0 0.0 0.0 0.0 0.0 0.0 0.0 0.0 0.0;
	0.0 0.0 0.002 0.0 0.0 0.0 0.0 0.0 0.0 0.0 0.0 0.0;
	5.6614 5.8126 4.154 1.9735 2.3296 300.9414 37.6177 39.3145 100.7416 66.9466 38.5303 121.2406;
	14.5876 13.8572 10.7419 3.4969 8.8687 422.4116 52.8015 69.8011 137.2559 33.3211 40.0053 60.3447;
	22.5295 16.6029 13.8 5.9559 11.5482 430.8153 53.8519 69.7672 144.1502 114.9555 140.229 208.1851;
	26.334 16.6126 13.8 10.7493 9.523 375.0545 46.8818 46.761 171.4919 131.2419 155.2191 237.68;
	26.2856 16.6083 13.8 11.4264 9.4908 381.7014 47.7127 45.8255 195.3805 182.642 207.8181 330.7658;
	25.7184 16.6083 13.8 11.4717 9.302 405.1803 50.6475 50.0932 197.5602 158.0366 212.6072 286.2053;
	25.3548 16.6083 13.8871 11.5947 10.9728 454.9212 56.8651 69.3097 160.3321 23.3285 59.5961 42.2481;
	22.6247 16.6083 13.9791 11.3656 11.4438 452.0485 56.5061 72.901 139.8091 20.4479 15.8204 37.0313;
	17.5813 15.2709 13.6583 7.511 10.9706 439.3943 54.9243 71.5397 120.9329 21.0124 9.3835 38.0536;
	9.5412 10.6823 9.6528 3.0738 7.4483 288.0064 36.0008 47.2106 64.6176 32.8876 15.5656 59.5597;
	0.7935 0.9327 0.6897 1.2982 2.5924 53.2452 6.6557 9.893 19.5882 21.2312 19.4473 38.4498;
	0.0 0.0 0.0 0.0 0.0 0.0 0.0 0.0 0.0 0.0 0.0 0.0;
	0.0 0.0 0.0 0.0 0.0 0.0 0.0 0.0 0.0 0.0 0.0 0.0;
	0.0 0.0 0.0 0.0 0.0 0.0 0.0 0.0 0.0 0.0 0.0 0.0;
	0.0 0.0 0.0 0.0 0.0 0.0 0.0 0.0 0.0 0.0 0.0 0.0;
	0.0 0.0 0.0 0.0 0.0 0.0 0.0 0.0 0.0 0.0 0.0 0.0;
	0.0 0.0 0.0 0.0 0.0 0.0 0.0 0.0 0.0 0.0 0.0 0.0;
	0.0 0.0 0.0 0.0 0.0 0.0 0.0 0.0 0.0 0.0 0.0 0.0;
];
