function windprofile = ex_wind_profilesh1
%EX_WIND_PROFILE_D  Example wind_load_nyiso profile data for deterministic unit commitment.
% 2022.03.12
% Andres F. Ramirez


%% define constants
[GEN_BUS, PG, QG, QMAX, QMIN, VG, MBASE, GEN_STATUS, PMAX, PMIN, ...
    MU_PMAX, MU_PMIN, MU_QMAX, MU_QMIN, PC1, PC2, QC1MIN, QC1MAX, ...
    QC2MIN, QC2MAX, RAMP_AGC, RAMP_10, RAMP_30, RAMP_Q, APF] = idx_gen;
[CT_LABEL, CT_PROB, CT_TABLE, CT_TBUS, CT_TGEN, CT_TBRCH, CT_TAREABUS, ...
    CT_TAREAGEN, CT_TAREABRCH, CT_ROW, CT_COL, CT_CHGTYPE, CT_REP, ...
    CT_REL, CT_ADD, CT_NEWVAL, CT_TLOAD, CT_TAREALOAD, CT_LOAD_ALL_PQ, ...
    CT_LOAD_FIX_PQ, CT_LOAD_DIS_PQ, CT_LOAD_ALL_P, CT_LOAD_FIX_P, ...
    CT_LOAD_DIS_P, CT_TGENCOST, CT_TAREAGENCOST, CT_MODCOST_F, ...
    CT_MODCOST_X] = idx_ct;

windprofile = struct( ...
    'type', 'mpcData', ...
    'table', CT_TGEN, ...
    'rows', [1:45], ...
    'col', PMAX, ...
    'chgtype', 1, ...
    'values', [] );
windprofile.values(:,1,:) = [
	3.7935 51.2586 86.7455 105.2531 14.0736 33.3125 27.7396 18.4954 26.0221 29.8046 55.0933 82.1883 123.7341 64.6232 193.559 72.9222 90.4776 95.8792 35.4759 69.5867 9.2465 77.7291 69.723 85.9311 101.677 71.7179 13.8529 1162.5033 700.304 700.304 607.8798 106.9447 118.2529 179.1164 202.6026 298.7964 1155.6608 244.8946 446.3442 272.349 119.4379 369.5462 141.3081 266.1267 1167.699;
	3.8474 51.9862 90.1673 116.622 14.5517 33.7942 28.5447 18.7177 27.117 30.0921 55.6248 82.9812 124.9277 66.2287 192.6943 72.5965 90.0734 95.4509 29.9489 71.6246 9.5149 78.853 70.3763 86.0173 100.4318 71.1696 13.6138 1236.8032 704.6669 704.6669 580.6029 107.674 99.8295 184.362 207.6359 300.6579 1163.0507 246.1085 459.9959 269.0137 120.9341 374.8898 145.76 267.475 1175.1658;
	3.9072 52.795 93.7394 67.0495 14.6453 34.7218 28.6296 18.9636 27.4409 30.2875 55.9861 83.5202 125.7392 65.9129 197.3013 74.3321 92.2269 97.733 25.1022 70.0496 9.5432 81.0176 72.5897 87.2122 104.7848 72.493 14.0191 1201.5397 696.1841 696.1841 569.8262 108.1763 83.674 180.3078 206.6459 297.0385 1154.5107 238.2605 459.5714 280.6736 121.0727 385.181 137.7727 273.0739 1166.5369;
	3.9241 53.0227 94.1858 86.5934 14.8336 34.9859 28.9265 18.4417 28.3114 30.6571 56.6692 84.5393 127.2734 66.7212 197.829 74.5309 92.4735 97.9944 40.2798 70.9933 9.6422 81.6338 70.8632 88.4759 104.1023 72.0755 13.7416 1227.2012 739.5667 739.5667 559.5009 96.8617 134.2661 182.7369 209.1799 315.5484 1163.3381 256.1413 473.5046 278.8454 120.938 388.1103 180.1024 271.974 1175.4562;
	3.7521 50.6995 94.3705 120.6523 14.6416 34.7017 25.6451 18.8603 28.3859 30.8502 57.0262 85.0719 128.0752 66.6904 186.7216 70.3463 87.2815 92.4923 69.7427 67.8453 8.5484 80.9707 64.1347 87.929 105.3271 72.3691 13.6236 1206.3189 690.0808 690.0808 538.5902 92.2294 232.4755 174.6341 209.0835 294.4345 1200.2726 246.7831 473.985 282.1261 117.9506 384.9581 190.9974 269.6755 1212.7755;
	3.8922 52.5921 93.6813 118.9587 14.3051 34.3953 29.6642 18.7034 28.3007 31.2384 57.7438 86.1423 129.6868 66.3928 194.4356 73.2525 90.8874 96.3135 84.9111 70.0273 9.8881 80.2556 71.5372 87.4163 105.3549 71.8221 13.7697 1255.4169 746.343 746.343 536.7216 91.467 283.0371 180.2504 208.1503 318.4397 1168.17 238.8915 475.5886 282.2007 115.3623 381.5582 199.8508 273.3682 1180.3384;
	3.8503 52.0265 94.6658 119.9737 14.2745 33.2628 29.6551 18.8891 27.6626 30.9967 57.2969 85.4757 128.6831 67.4062 192.9884 72.7073 90.2109 95.5966 85.1799 68.9912 9.885 77.6132 72.9517 87.7731 104.3515 75.2776 13.8168 1226.826 755.2887 755.2887 622.1579 94.3579 283.9329 177.5836 211.3277 322.2565 1159.9445 263.97 474.7875 279.5129 117.6575 368.9955 200.8926 275.4179 1172.0273;
	3.8592 52.1464 93.5865 119.2184 14.6585 33.9335 29.7032 18.9721 27.8934 31.0665 57.426 85.6683 128.9732 67.2321 194.1703 73.1525 90.7633 96.182 83.9631 68.8174 9.9011 79.1781 74.346 86.1343 105.0617 73.5132 13.7969 1117.3688 739.652 739.652 602.5174 80.8958 279.8771 177.1362 210.7817 315.5848 1138.0806 254.6656 475.245 281.4153 117.9791 376.4354 201.7831 271.0676 1149.9356;
	3.9004 52.7026 93.7813 118.4694 14.4995 34.824 30.2143 18.9434 27.0647 30.9299 57.1734 85.2914 128.4058 68.7533 195.8022 73.7673 91.5261 96.9904 83.4941 69.2566 10.0714 81.2561 73.4494 87.6393 105.3343 74.1739 13.9716 1164.1133 790.6294 790.6294 652.3389 74.3226 278.3135 178.2668 215.551 337.3352 1193.9359 283.0453 466.6248 282.1454 119.1943 386.3145 182.9252 271.0302 1206.3727;
	3.769 50.927 90.723 112.8207 14.5602 33.9221 30.9072 18.5062 27.7611 30.854 57.0332 85.0823 128.091 69.0582 192.978 72.7033 90.206 95.5914 87.5274 68.0061 10.3024 79.1516 73.4958 85.6154 103.5605 72.5749 13.7728 1132.9784 786.1881 786.1881 709.1476 82.5065 291.7579 175.0478 216.5067 335.4403 1186.0282 299.5797 476.6706 277.3943 120.6475 376.3092 155.62 261.4218 1198.3826;
	3.8124 51.5134 90.3038 114.5025 14.1805 33.1053 28.3571 18.4911 26.7133 30.2646 55.9437 83.457 125.644 66.8903 193.9592 73.073 90.6646 96.0774 84.2122 69.6893 9.4524 77.2456 73.5813 85.0721 101.2612 72.4215 13.7748 1110.9915 771.4596 771.4596 696.4555 86.2946 280.7074 179.3805 209.7102 329.1561 1134.7852 310.0019 466.9512 271.2353 120.4666 367.2479 165.2474 257.8582 1146.6059;
	3.8899 52.5612 92.0265 113.139 14.7184 33.2872 26.3228 18.2009 26.8896 30.7484 56.838 84.7911 127.6526 69.1425 194.6237 73.3233 90.9753 96.4066 87.3768 69.8154 8.7743 77.6702 73.561 83.4988 102.39 71.8325 13.5854 1017.9415 750.8674 750.8674 690.2918 88.3608 291.256 179.7051 216.771 320.3701 1072.7645 290.2103 465.6713 274.2589 117.2616 369.2663 186.3001 264.2829 1083.9391;
	3.8969 52.6551 94.1406 116.9418 15.1857 33.9762 28.0326 18.771 26.5318 31.193 57.6598 86.0171 129.4983 68.559 193.7263 72.9853 90.5558 95.9621 85.2311 69.9293 9.3442 79.2779 74.3643 88.24 104.9551 73.9882 13.963 1059.625 779.1016 779.1016 677.9654 96.2915 284.1037 179.9983 214.9417 332.4167 1016.2824 293.2051 460.2884 281.1299 121.0204 376.9099 162.1582 262.5767 1026.8687;
	3.826 51.6977 91.3469 113.4458 14.9955 33.2532 28.8283 18.2841 26.328 30.9294 57.1726 85.2903 128.4041 68.0898 198.3403 74.7235 92.7125 98.2476 89.3379 69.7005 9.6094 77.5908 74.4059 86.0627 101.2451 71.5865 13.7571 1022.8593 714.0359 714.0359 687.1901 96.8905 297.7931 179.4092 213.4706 304.6553 980.245 315.3652 468.5943 271.1923 115.7362 368.8887 160.0026 269.1777 990.4559;
	3.8894 52.5544 91.7331 111.5392 14.7566 32.6988 25.5842 18.4164 26.375 31.1073 57.5013 85.7807 129.1423 68.65 194.6218 73.3226 90.9744 96.4057 87.9051 70.1893 8.5281 76.2972 73.9572 88.3812 103.316 73.7586 13.8944 1010.9386 695.7188 695.7188 680.3886 97.9689 293.017 180.6674 215.2271 296.84 925.8763 314.837 466.1712 276.7394 115.3694 362.7386 177.2769 260.4157 935.5209;
	3.8692 52.282 92.689 116.4718 14.837 33.615 26.875 18.5385 26.3044 29.8344 55.1484 82.2705 123.8578 69.0595 196.2739 73.945 91.7466 97.224 85.9732 69.6628 8.9583 78.435 72.6397 86.3292 103.9131 74.3291 13.7724 1130.0823 738.7198 738.7198 670.0414 104.8006 286.5774 179.3121 216.5108 315.1871 1048.9069 293.5527 475.0722 278.3386 114.9894 372.9026 189.4055 256.596 1059.833;
	3.7712 50.9569 89.6133 112.4391 14.9938 33.3762 25.1789 17.6954 26.6755 30.0749 55.5929 82.9337 124.8563 68.0549 195.1501 73.5217 91.2213 96.6674 90.2245 71.1532 8.393 77.8778 72.733 87.5039 102.8324 70.6647 12.5089 1160.2781 732.2248 732.2248 694.3972 112.8503 300.7483 183.1486 213.3612 312.4159 1137.5595 296.4617 462.8585 275.4439 113.0691 370.2534 195.3033 205.4642 1149.4091;
	3.9083 52.8096 91.3634 112.0892 15.3602 33.8482 27.278 15.2845 27.9503 29.9321 55.3291 82.5401 124.2636 69.2187 194.0387 73.1029 90.7018 96.1168 89.1295 71.2064 9.0927 78.9792 72.2214 87.561 102.8064 67.4741 11.9744 1232.6686 710.921 710.921 712.1342 107.3669 297.0982 183.2854 217.01 303.3263 1166.8445 304.0692 479.0963 275.3742 117.6854 375.4899 201.5268 242.5929 1178.9992;
