function loadprofile = ex_load_profilesh1
%EX_LOAD_PROFILE  Example load profile data file for stochastic unit commitment.
% 2022.03.12
% Andres F. Ramirez

%% define constants
[CT_LABEL, CT_PROB, CT_TABLE, CT_TBUS, CT_TGEN, CT_TBRCH, CT_TAREABUS, ...
    CT_TAREAGEN, CT_TAREABRCH, CT_ROW, CT_COL, CT_CHGTYPE, CT_REP, ...
    CT_REL, CT_ADD, CT_NEWVAL, CT_TLOAD, CT_TAREALOAD, CT_LOAD_ALL_PQ, ...
    CT_LOAD_FIX_PQ, CT_LOAD_DIS_PQ, CT_LOAD_ALL_P, CT_LOAD_FIX_P, ...
    CT_LOAD_DIS_P, CT_TGENCOST, CT_TAREAGENCOST, CT_MODCOST_F, ...
    CT_MODCOST_X] = idx_ct;

loadprofile = struct( ...
    'type', 'mpcData', ...
    'table', CT_TAREALOAD, ...
    'rows', [1:11], ...
    'col', CT_LOAD_ALL_P, ...
    'chgtype', 1, ...
    'values', [] );
loadprofile.values(:,1,:) = [
	1461.9 920.3434 1612.8279 564.4 726.8423 1086.3191 888.0491 307.6644 513.8783 4584.2615 1693.1777;
	1461.522 936.2112 1623.4916 554.1333 753.4072 1060.3457 863.0037 289.371 492.2056 4466.0964 1650.2471;
	1494.4478 953.6781 1652.3048 575.6159 763.851 1108.0657 888.343 305.184 513.6 4550.9191 1727.1974;
	1529.1059 1014.487 1753.9 593.0 819.8474 1190.3923 946.3589 317.2745 541.0 4827.2343 1840.1572;
	1698.4518 1117.3 1949.4299 612.9 910.1861 1325.0108 1029.9923 356.44 630.1364 5288.4546 2081.9165;
	1815.9978 1195.8879 2053.5021 611.2757 976.8807 1404.8773 1097.741 380.5004 689.0 5758.4535 2220.5317;
	1901.4013 1224.2632 2050.1 590.2417 988.6183 1394.6 1104.1059 366.1 691.0 6057.4317 2278.2166;
	1909.3488 1237.6717 2048.6811 591.2 984.3 1409.2565 1082.1893 379.3 690.8686 6266.0981 2250.4783;
	1963.738 1237.0 2080.1774 591.2 1032.3095 1393.5653 1093.6167 392.8698 707.8 6335.3 2263.2515;
	2017.8814 1239.1407 2085.2767 608.4 1037.0599 1384.1721 1091.4727 392.392 698.3736 6430.6338 2300.6211;
	1993.3123 1256.8073 2115.4672 602.8396 1032.573 1382.5536 1120.7849 386.4476 688.5634 6481.7942 2266.9164;
	1977.6 1229.4456 2075.7 594.5944 987.5876 1341.7118 1111.8605 371.298 671.6285 6564.722 2328.6141;
	1941.505 1223.8728 2091.2397 571.6 998.0 1327.5412 1164.4496 371.8119 686.7567 6458.5903 2209.6285;
	1910.072 1228.126 2054.6045 577.2 984.1023 1316.556 1172.5369 372.6527 700.3493 6437.0249 2248.8623;
	1888.7922 1238.6823 2043.7276 571.9 974.2966 1386.0321 1216.6405 391.495 727.1348 6460.5915 2318.0175;
	1925.8183 1277.7313 2096.8316 580.5618 1018.7432 1397.7131 1237.8133 382.2977 739.3361 6431.852 2449.4968;
	1876.1457 1290.3387 2147.4169 615.0064 1037.7588 1464.7887 1247.7246 391.7936 757.4904 6302.2237 2511.2129;
	1946.7 1329.8876 2167.5486 629.1 1095.428 1537.3 1333.4863 418.7622 796.0259 6400.7565 2830.4452;
	1923.0 1306.8808 2142.8071 615.8327 1076.0 1506.5078 1262.0228 408.5941 769.9976 6327.5 2719.9327;
	1929.0787 1259.4803 2065.5745 599.2627 1020.4976 1439.3989 1210.7011 383.4929 775.7359 6164.1648 2564.731;
	1836.5646 1183.3824 1908.7073 582.4085 950.7076 1336.3918 1087.9572 359.7341 674.9315 5903.8545 2378.5618;
	1757.5589 1087.0949 1786.7594 555.3963 906.3887 1253.3404 1047.6224 320.0993 654.9909 5535.8439 2156.3325;
	1702.1802 1053.6662 1763.454 580.537 900.0339 1192.9307 1032.8666 301.4772 583.3714 5183.8668 2036.5183;
	1669.7545 1006.5 1718.5811 594.6131 862.2296 1176.9 1023.7754 287.2704 539.8966 4918.8945 1980.2854;
];
