function windprofile = ex_wind_profilesh1
%EX_WIND_PROFILE_D  Example wind_load_nyiso profile data for deterministic unit commitment.
% 2022.03.12
% Andres F. Ramirez


%% define constants
[GEN_BUS, PG, QG, QMAX, QMIN, VG, MBASE, GEN_STATUS, PMAX, PMIN, ...
    MU_PMAX, MU_PMIN, MU_QMAX, MU_QMIN, PC1, PC2, QC1MIN, QC1MAX, ...
    QC2MIN, QC2MAX, RAMP_AGC, RAMP_10, RAMP_30, RAMP_Q, APF] = idx_gen;
[CT_LABEL, CT_PROB, CT_TABLE, CT_TBUS, CT_TGEN, CT_TBRCH, CT_TAREABUS, ...
    CT_TAREAGEN, CT_TAREABRCH, CT_ROW, CT_COL, CT_CHGTYPE, CT_REP, ...
    CT_REL, CT_ADD, CT_NEWVAL, CT_TLOAD, CT_TAREALOAD, CT_LOAD_ALL_PQ, ...
    CT_LOAD_FIX_PQ, CT_LOAD_DIS_PQ, CT_LOAD_ALL_P, CT_LOAD_FIX_P, ...
    CT_LOAD_DIS_P, CT_TGENCOST, CT_TAREAGENCOST, CT_MODCOST_F, ...
    CT_MODCOST_X] = idx_ct;

windprofile = struct( ...
    'type', 'mpcData', ...
    'table', CT_TGEN, ...
    'rows', [1:45], ...
    'col', PMAX, ...
    'chgtype', 1, ...
    'values', [] );
windprofile.values(:,1,:) = [
	3.6236 48.9624 86.8071 98.7307 15.0667 32.3704 26.4031 17.9376 27.2721 30.9068 57.1308 85.228 128.3102 63.6208 198.1207 74.6408 92.6099 98.1389 32.963 70.6743 8.801 75.5308 73.8022 86.8827 100.5927 73.0226 13.2179 1122.904 662.3699 662.3699 607.9772 104.8412 109.8768 181.9159 199.4597 282.6112 1105.9961 204.7459 467.2136 269.4447 116.6693 359.0951 142.9961 259.8195 1117.5169;
	3.5884 48.4874 89.6041 111.6655 14.7793 31.9745 26.8659 18.0838 27.1435 29.6505 54.8085 81.7635 123.0945 64.0399 192.1225 72.381 89.8061 95.1676 27.7595 71.473 8.9553 74.6072 69.2403 86.6902 99.1419 73.0104 13.2481 1103.4588 654.8415 654.8415 567.2877 104.5726 92.5317 183.9716 200.7736 279.3991 1101.576 204.6198 455.3981 265.5587 116.1174 354.704 142.2244 262.6984 1113.0507;
	3.5029 47.3318 88.6548 54.0618 14.5931 31.276 27.1833 17.4645 27.1142 29.3357 54.2267 80.8955 121.7878 63.8402 194.9547 73.4481 91.13 96.5706 26.0448 69.9019 9.0611 72.9772 69.6485 86.7926 100.6764 71.8673 13.363 1094.3096 644.2293 644.2293 523.0999 97.736 86.8159 179.9277 200.1476 274.8712 1111.958 190.4055 450.0625 269.6689 116.6224 346.9546 138.6826 255.1044 1123.5409;
	3.6205 48.921 90.6914 77.5407 15.1991 33.0692 26.5206 18.248 27.6098 28.7135 53.0765 79.1797 119.2045 64.786 198.4352 74.7593 92.7569 98.2946 42.5528 70.4345 8.8402 77.1615 61.0197 85.7865 101.7545 73.4243 13.7955 1163.7331 676.3695 676.3695 513.0169 87.592 141.8425 181.2987 203.1128 288.5843 1070.7312 213.8976 453.4882 272.5567 117.5293 366.8476 187.413 265.6444 1081.8846;
	3.4231 46.2534 89.8957 111.431 14.7672 32.0345 22.2859 17.9268 27.0963 29.6735 54.8511 81.827 123.1901 64.3423 187.8981 70.7895 87.8314 93.0751 74.5774 68.2612 7.4286 74.7471 53.9677 85.9255 102.845 71.953 13.3206 1157.3698 601.9098 601.9098 464.5169 80.4362 248.5914 175.7046 201.7219 256.8148 1097.7815 200.2466 455.6666 275.4776 117.2655 355.3689 190.0382 257.4661 1109.2168;
	3.6442 49.2416 89.221 112.8135 14.4042 32.7205 23.9215 18.2683 26.8171 29.4531 54.4436 81.2192 122.2751 65.4274 194.5278 73.2872 90.9304 96.3591 85.7669 71.0748 7.9738 76.3479 64.5947 86.5315 103.7433 72.658 13.7738 1141.0197 673.189 673.189 446.1641 78.9686 285.8897 182.9466 205.1238 287.2273 1018.1073 176.0642 439.3953 277.8837 118.6273 362.9795 187.2782 258.1464 1028.7126;
	3.5866 48.4626 87.8398 111.1925 14.3163 31.9224 25.8856 17.7196 26.2815 28.7616 53.1655 79.3124 119.4044 65.1573 191.8522 72.2792 89.6798 95.0338 88.0192 70.0178 8.6285 74.4857 70.8332 84.9802 99.0261 73.798 13.4133 1151.5356 713.7781 713.7781 518.5036 86.9518 293.3975 180.2259 204.2771 304.5453 1074.5987 206.6184 442.9254 265.2484 121.0177 354.1262 191.9185 250.5767 1085.7925;
	3.7488 50.6551 88.4829 116.5934 14.8473 33.5486 28.1402 17.9399 26.7062 28.4882 52.66 78.5584 118.2692 67.0727 198.7583 74.881 92.908 98.4547 87.7768 70.4163 9.3801 78.28 71.3069 85.006 103.4492 71.9495 13.3637 1091.1637 739.735 739.735 520.5307 78.8017 292.5893 181.2519 210.282 315.6203 1113.1715 214.8061 457.8041 277.0961 119.6379 372.1655 196.8395 243.6917 1124.7671;
	3.7866 51.1654 90.4577 117.9905 14.6996 33.312 26.9656 17.7607 26.4706 29.0577 53.7128 80.1289 120.6337 69.0828 196.1205 73.8873 91.6749 97.1481 87.7719 70.724 8.9885 77.7281 71.8744 86.408 102.2189 71.0769 13.46 1124.6311 792.8698 792.8698 551.7654 75.1764 292.5731 182.0438 216.584 338.2911 1176.4179 238.9262 450.7046 273.8006 120.6874 369.5416 179.8057 260.1589 1188.6723;
	3.593 48.549 87.5082 114.4945 14.3438 32.2848 26.5135 17.7666 25.7466 29.5576 54.6367 81.5072 122.7087 67.438 195.5563 73.6747 91.4112 96.8686 88.0858 70.1566 8.8378 75.3311 71.74 86.2374 100.6575 70.7611 13.5421 1062.4166 735.4445 735.4445 588.6638 86.0689 293.6192 180.5832 211.4273 313.7896 1109.4622 255.8502 436.0433 269.6182 118.8725 358.1458 150.6165 247.1998 1121.0191;
	3.5967 48.5994 89.1015 114.271 14.6506 32.6345 24.5054 18.0451 26.062 29.1393 53.8635 80.3537 120.972 67.7701 196.0387 73.8564 91.6367 97.1075 87.1742 70.8321 8.1685 76.1471 72.5139 87.0511 100.2831 70.1273 13.5024 1118.5742 711.3647 711.3647 536.4295 82.8599 290.5808 182.3219 212.4685 303.5156 1055.8954 242.254 445.3672 268.6154 117.2166 362.025 156.5555 248.5661 1066.8943;
	3.6239 48.9669 87.754 113.951 14.7975 32.2076 23.2869 18.3191 26.2696 29.9079 55.2843 82.4734 124.1632 69.1784 196.3616 73.9781 91.7876 97.2675 87.5019 70.5973 7.7623 75.1512 73.4511 87.8025 102.6603 70.6482 13.2208 1097.021 717.1667 717.1667 552.1584 88.0375 291.673 181.7176 216.8835 305.9911 1045.1717 237.6448 445.2146 274.9829 114.6653 357.2901 176.9573 261.0154 1056.0589;
	3.5642 48.1598 87.1926 111.1945 14.0262 32.1112 25.8104 17.785 25.7396 28.4962 52.6748 78.5804 118.3024 69.5103 196.5693 74.0564 91.8847 97.3704 85.4939 69.6339 8.6035 74.9262 72.6824 87.8912 101.2356 70.6691 13.052 1147.5438 724.6923 724.6923 606.846 101.4906 284.9798 179.2378 217.9243 309.2021 997.1537 270.7558 448.1553 271.1669 115.8067 356.2207 139.4445 253.4295 1007.5407;
	3.5722 48.268 87.7544 112.6145 14.2062 32.3415 25.4282 17.8409 25.6957 29.1846 53.9472 80.4786 121.1601 69.0146 199.2117 75.0518 93.1199 98.6793 89.8065 70.6967 8.4761 75.4636 74.4138 85.6749 98.5281 66.8399 12.9871 1043.3898 661.5752 661.5752 626.8579 95.2914 299.3549 181.9734 216.3701 282.2721 945.0681 263.4862 447.339 263.9145 113.6372 358.7753 138.7181 258.0453 954.9125;
	3.5821 48.4024 86.5179 109.8312 14.0155 32.984 23.4182 17.9092 26.0547 30.9652 57.2387 85.389 128.5526 68.5485 198.4655 74.7707 92.7711 98.3096 88.7564 70.6666 7.8061 76.9626 74.7469 86.378 99.2031 68.0716 13.0077 1079.7658 647.9136 647.9136 601.6106 100.0931 295.8546 181.8961 214.9087 276.4431 890.846 277.2759 444.4859 265.7225 112.9518 365.9023 162.7047 236.7485 900.1256;
	3.565 48.1713 86.4148 109.5403 14.0359 32.323 22.8074 17.2779 26.176 30.5814 56.5292 84.3304 126.959 68.893 199.3407 75.1005 93.1802 98.7432 84.9328 69.2191 7.6025 75.4204 74.6046 83.4841 98.3985 68.3441 12.5888 1105.6526 694.6222 694.6222 594.0557 105.5895 283.1092 178.1702 215.989 296.3721 972.1143 288.7211 448.7322 263.5674 110.705 358.5703 158.6593 247.4388 982.2405;
	3.1324 42.326 79.9122 99.8088 14.0629 32.5333 23.0112 14.9504 25.6199 30.6048 56.5725 84.3951 127.0563 67.4526 194.7114 73.3564 91.0163 96.4501 86.6132 71.0451 7.6704 75.911 73.6218 85.0458 97.0845 66.3703 10.1536 1026.4249 699.8758 699.8758 612.6954 98.5568 288.7108 182.8703 211.4731 298.6137 1038.7491 279.5195 452.2223 260.0478 114.6019 360.9026 160.0014 212.1871 1049.5694;
	3.6867 49.8156 87.3385 109.905 14.7415 33.606 23.1592 13.1665 25.9665 30.8776 57.0768 85.1474 128.1889 67.6386 190.2575 71.6784 88.9343 94.2439 84.0836 69.8783 7.7197 78.414 73.8261 83.8756 98.267 65.8084 9.7177 1202.7649 680.3368 680.3368 638.5627 95.9411 280.2785 179.867 212.0562 290.277 1073.9854 283.6138 457.58 263.2152 118.4248 372.8026 177.7268 245.0824 1085.1727;
