function solarprofile = ex_solar_profilesh1
%EX_WIND_PROFILE_D  Example wind_load_nyiso profile data for deterministic unit commitment.
% 2022.03.12
% Andres F. Ramirez


%% define constants
[GEN_BUS, PG, QG, QMAX, QMIN, VG, MBASE, GEN_STATUS, PMAX, PMIN, ...
    MU_PMAX, MU_PMIN, MU_QMAX, MU_QMIN, PC1, PC2, QC1MIN, QC1MAX, ...
    QC2MIN, QC2MAX, RAMP_AGC, RAMP_10, RAMP_30, RAMP_Q, APF] = idx_gen;
[CT_LABEL, CT_PROB, CT_TABLE, CT_TBUS, CT_TGEN, CT_TBRCH, CT_TAREABUS, ...
    CT_TAREAGEN, CT_TAREABRCH, CT_ROW, CT_COL, CT_CHGTYPE, CT_REP, ...
    CT_REL, CT_ADD, CT_NEWVAL, CT_TLOAD, CT_TAREALOAD, CT_LOAD_ALL_PQ, ...
    CT_LOAD_FIX_PQ, CT_LOAD_DIS_PQ, CT_LOAD_ALL_P, CT_LOAD_FIX_P, ...
    CT_LOAD_DIS_P, CT_TGENCOST, CT_TAREAGENCOST, CT_MODCOST_F, ...
    CT_MODCOST_X] = idx_ct;

solarprofile = struct( ...
    'type', 'mpcData', ...
    'table', CT_TGEN, ...
    'rows', [1:12], ...
    'col', PMAX, ...
    'chgtype', 1, ...
    'values', [] );
solarprofile.values(:,1,:) = [
	0.0 0.0 0.0 0.0 0.0 0.0 0.0 0.0 0.0 0.0 0.0 0.0;
	0.0 0.0 0.0 0.0 0.0 0.0 0.0 0.0 0.0 0.0 0.0 0.0;
	0.0 0.0 0.0 0.0 0.0 0.0 0.0 0.0 0.0 0.0 0.0 0.0;
	0.0 0.0 0.0 0.0 0.0 0.0 0.0 0.0 0.0 0.0 0.0 0.0;
	0.0 0.0 0.0 0.0 0.0 0.0 0.0 0.0 0.0 0.0 0.0 0.0;
	0.0 0.0 0.002 0.0 0.0 0.0 0.0 0.0 0.0 0.0 0.0 0.0;
	7.1488 6.5414 4.6367 4.8761 6.8279 306.9514 38.3689 20.89 120.9182 76.2568 47.0443 138.1015;
	17.1566 13.9129 11.8527 7.6549 11.8975 454.0321 56.754 74.9434 206.2454 240.7325 162.9963 435.9681;
	22.9461 16.6029 13.8 10.3497 12.6362 467.5545 58.4443 79.6362 215.1623 315.2986 190.9491 571.0076;
	23.2874 16.4024 13.6179 11.319 12.0145 455.2755 56.9094 75.0958 241.9594 209.929 182.2672 380.1826;
	25.053 16.2952 13.7149 11.4504 11.044 442.9444 55.3681 70.3451 253.2464 182.9072 197.3914 331.246;
	25.3781 16.0465 13.7396 11.3454 10.4432 424.0735 53.0092 65.714 257.0157 95.9443 187.3244 173.7556;
	20.363 14.6371 12.297 11.632 12.0989 428.8397 53.605 63.8145 257.2967 7.293 92.7497 13.2076;
	11.2945 15.1505 11.4339 11.6007 13.195 439.3472 54.9184 69.7167 249.3611 13.4704 78.495 24.395;
	7.3112 11.2608 6.3191 11.2017 13.4666 452.3117 56.539 70.7706 243.6056 37.3583 115.5034 67.6561;
	9.1013 7.7989 5.6267 9.9895 11.6793 436.6676 54.5834 57.4777 186.0862 113.7193 154.2169 205.9464;
	1.1325 0.9272 0.627 1.3508 2.8374 63.7683 7.971 12.8702 27.2165 23.1195 24.0041 41.8696;
	0.0 0.0 0.0 0.0 0.0 0.0 0.0 0.0 0.0 0.0 0.0 0.0;
	0.0 0.0 0.0 0.0 0.0 0.0 0.0 0.0 0.0 0.0 0.0 0.0;
	0.0 0.0 0.0 0.0 0.0 0.0 0.0 0.0 0.0 0.0 0.0 0.0;
	0.0 0.0 0.0 0.0 0.0 0.0 0.0 0.0 0.0 0.0 0.0 0.0;
	0.0 0.0 0.0 0.0 0.0 0.0 0.0 0.0 0.0 0.0 0.0 0.0;
	0.0 0.0 0.0 0.0 0.0 0.0 0.0 0.0 0.0 0.0 0.0 0.0;
	0.0 0.0 0.0 0.0 0.0 0.0 0.0 0.0 0.0 0.0 0.0 0.0;
];
