function windprofile = ex_wind_profilesh1
%EX_WIND_PROFILE_D  Example wind_load_nyiso profile data for deterministic unit commitment.
% 2022.03.12
% Andres F. Ramirez


%% define constants
[GEN_BUS, PG, QG, QMAX, QMIN, VG, MBASE, GEN_STATUS, PMAX, PMIN, ...
    MU_PMAX, MU_PMIN, MU_QMAX, MU_QMIN, PC1, PC2, QC1MIN, QC1MAX, ...
    QC2MIN, QC2MAX, RAMP_AGC, RAMP_10, RAMP_30, RAMP_Q, APF] = idx_gen;
[CT_LABEL, CT_PROB, CT_TABLE, CT_TBUS, CT_TGEN, CT_TBRCH, CT_TAREABUS, ...
    CT_TAREAGEN, CT_TAREABRCH, CT_ROW, CT_COL, CT_CHGTYPE, CT_REP, ...
    CT_REL, CT_ADD, CT_NEWVAL, CT_TLOAD, CT_TAREALOAD, CT_LOAD_ALL_PQ, ...
    CT_LOAD_FIX_PQ, CT_LOAD_DIS_PQ, CT_LOAD_ALL_P, CT_LOAD_FIX_P, ...
    CT_LOAD_DIS_P, CT_TGENCOST, CT_TAREAGENCOST, CT_MODCOST_F, ...
    CT_MODCOST_X] = idx_ct;

windprofile = struct( ...
    'type', 'mpcData', ...
    'table', CT_TGEN, ...
    'rows', [1:45], ...
    'col', PMAX, ...
    'chgtype', 1, ...
    'values', [] );
windprofile.values(:,1,:) = [
	3.8016 51.3682 92.9724 112.6291 14.94 33.8129 27.5525 18.3538 28.3577 30.6474 56.6513 84.5126 127.2332 67.8118 200.59 75.5711 93.7642 99.362 40.4163 72.5731 9.1842 78.8968 75.3815 88.4848 104.1833 74.1498 13.5375 1151.3084 707.4983 707.4983 605.8035 111.6443 134.721 186.8033 212.5991 301.8659 1167.949 234.804 476.6611 279.0625 117.9729 375.0978 143.9126 256.0276 1180.1152;
	3.6958 49.9381 90.981 117.3978 14.9805 32.4146 27.3247 18.038 27.7622 29.7747 55.0381 82.1061 123.6102 66.2222 198.3604 74.7311 92.7219 98.2576 34.4213 72.9019 9.1082 75.634 74.176 86.2621 99.8207 72.3711 13.1299 1092.5947 691.6048 691.6048 605.9027 110.8085 114.7377 187.6497 207.6156 295.0847 1144.0414 231.5214 459.7718 267.3768 120.7227 359.5854 143.4242 250.3412 1155.9585;
	3.6557 49.3971 91.1392 65.3352 14.9917 33.1864 28.4991 18.083 27.7964 30.331 56.0663 83.6399 125.9195 67.8373 202.7538 76.3863 94.7756 100.4338 38.0059 71.2627 9.4997 77.435 75.2645 86.766 100.319 72.8382 13.6769 1150.3754 720.3433 720.3433 591.2084 112.3587 126.6863 183.4303 212.679 307.3465 1201.1326 227.0639 460.761 268.7117 121.5693 368.1482 135.7938 238.9544 1213.6444;
	3.731 50.4137 92.8746 88.4269 15.3857 33.8614 28.3016 18.4016 28.2086 30.4803 56.3425 84.0519 126.5396 69.282 204.6006 77.0821 95.6389 101.3487 47.7709 72.4204 9.4339 79.01 71.5639 87.6417 100.1795 73.2154 13.7981 1192.0625 728.3193 728.3193 570.8812 101.0723 159.2364 186.4104 217.2084 310.7496 1140.8943 242.7845 472.2364 268.338 122.9773 375.636 173.6727 264.3667 1152.7786;
	3.5559 48.0478 91.9209 120.0906 15.3992 33.0861 21.814 18.1426 28.1228 31.2091 57.6895 86.0614 129.565 68.5241 200.6918 75.6095 93.8118 99.4125 80.9235 71.7874 7.2713 77.2008 69.2952 86.4553 101.8044 72.811 13.5527 1117.2441 672.378 672.378 533.1996 98.9025 269.7451 184.7811 214.8322 286.8813 1133.9978 243.0371 468.8936 272.6904 119.5682 367.0348 183.9281 261.8169 1145.8102;
	3.7512 50.6867 88.175 115.8686 15.0496 32.5106 26.3322 15.5474 27.3274 31.2787 57.8181 86.2533 129.8538 66.9089 200.2096 75.4278 93.5863 99.1736 87.618 73.0735 8.7774 75.858 74.6188 84.5253 93.0265 69.9712 13.3484 1142.849 711.8767 711.8767 495.497 94.8361 292.0598 188.0912 209.7685 303.7341 1080.195 223.8141 452.3368 249.1781 115.6357 360.6506 189.9178 252.8727 1091.447;
	3.8288 51.7356 88.9014 116.2033 15.2321 32.4897 28.7589 15.8278 27.8029 30.9374 57.1873 85.3122 128.4371 65.2568 199.4226 75.1313 93.2185 98.7838 88.8542 72.0113 9.5863 75.8092 74.904 83.1611 89.6186 73.1438 13.17 1171.2681 748.3048 748.3048 556.9531 90.5378 296.1808 185.3574 204.5889 319.2767 1114.5506 238.8867 459.1951 240.0498 115.1664 360.4188 195.532 258.2693 1126.1605;
	3.7363 50.4852 87.6226 115.1014 15.0475 32.8924 26.5982 17.4742 26.7574 30.1414 55.7159 83.1172 125.1325 64.2455 195.137 73.5167 91.2152 96.6609 84.2844 70.8753 8.8661 76.7489 73.5755 84.2148 101.4497 72.9708 13.1283 1069.7776 683.1602 683.1602 507.9469 71.4283 280.948 182.4331 201.4182 291.4817 1063.5125 227.5904 443.4376 271.7403 115.0352 364.886 182.7096 248.7838 1074.5908;
	3.8354 51.8244 90.3916 117.2903 15.1838 33.9595 29.0545 17.1025 27.8585 30.4628 56.3101 84.0036 126.467 69.3288 197.9531 74.5777 92.5316 98.0558 86.258 69.3043 9.6848 79.2389 74.4153 82.5824 100.4708 71.5622 12.9763 1140.0638 768.3576 768.3576 617.2346 78.9298 287.5266 178.3894 217.3552 327.8326 1197.4355 272.8334 465.1952 269.1182 117.4991 376.7243 174.3204 270.9862 1209.9087;
	3.8067 51.437 90.5575 117.6456 15.0138 34.1449 29.3259 17.5437 28.3831 31.0581 57.4104 85.6451 128.9382 69.1289 200.5905 75.5713 93.7644 99.3622 90.7568 70.3332 9.7753 79.6714 75.5862 84.1142 100.8947 71.1199 13.0182 1085.874 768.7333 768.7333 678.5798 96.8907 302.5227 181.0378 216.7284 327.9929 1113.9666 301.0694 462.3881 270.2537 117.7029 378.7807 160.0395 264.178 1125.5705;
	3.7493 50.6612 92.3678 119.4556 14.818 33.7322 26.5348 17.9343 27.9299 31.0101 57.3216 85.5126 128.7387 67.3825 198.1068 74.6356 92.6034 98.132 85.9325 70.3523 8.8449 78.7085 75.5 84.9464 101.4856 72.5221 13.4294 1154.3675 733.4471 733.4471 632.4971 92.8282 286.4415 181.087 211.2534 312.9374 1055.7826 288.2231 462.7048 271.8364 120.0249 374.2025 162.258 267.3832 1066.7804;
	3.8082 51.4572 92.4879 119.704 15.121 33.9506 26.2095 18.0948 28.1061 30.3093 56.0263 83.5802 125.8295 68.5347 195.4651 73.6403 91.3686 96.8234 85.2901 69.6637 8.7365 79.218 75.1024 84.3897 100.1864 70.8231 13.4173 1139.1773 741.4387 741.4387 645.2782 96.0428 284.3003 179.3144 214.8656 316.3472 1076.4979 276.1275 468.9926 268.3564 116.6655 376.6252 179.8728 270.3399 1087.7114;
	3.6619 49.48 92.9462 118.9258 14.9033 33.2677 28.2368 18.0269 27.9571 30.6521 56.66 84.5255 127.2527 68.7477 192.84 72.6513 90.1415 95.5231 83.0849 69.5013 9.4123 77.6247 75.4358 87.883 101.9772 71.6112 13.1927 1120.4485 745.843 745.843 682.047 108.1738 276.9496 178.8966 215.5333 318.2264 992.1489 299.6574 471.9514 273.1531 116.1022 369.0501 155.0148 259.1806 1002.4838;
	3.6032 48.6876 91.684 116.9204 14.7629 31.9974 28.6297 17.8146 27.597 30.7651 56.8688 84.837 127.7216 68.8749 199.2151 75.0531 93.1215 98.6809 87.3239 71.3214 9.5432 74.6607 74.6608 86.2801 101.0725 71.4548 13.0531 1125.0457 705.0196 705.0196 681.3861 105.408 291.0795 183.5815 215.9322 300.8084 988.2214 300.9137 467.8925 270.73 112.8798 354.9581 148.8191 264.0096 998.5154;
	3.5859 48.4529 91.4315 113.4886 14.3093 32.1001 24.6963 17.8191 27.5125 31.0021 57.3069 85.4906 128.7057 69.6485 194.3293 73.2124 90.8377 96.2608 82.5772 71.9694 8.2321 74.9003 75.0963 87.1898 101.8702 73.0144 13.1009 1011.3917 700.4071 700.4071 673.3559 102.3287 275.2573 185.2493 218.3575 298.8404 885.4097 306.3338 453.2787 272.8665 114.0233 356.0976 160.3008 254.5323 894.6327;
	3.6259 48.994 90.3572 112.2528 14.3264 33.4005 26.0706 17.278 27.764 30.3822 56.161 83.7812 126.1321 69.4155 198.4079 74.749 92.7441 98.2811 84.6137 72.9947 8.6902 77.9345 75.4499 84.3282 100.0278 72.795 12.9874 1122.7258 730.2332 730.2332 675.9983 107.4425 282.0456 187.8884 217.6269 311.5662 1016.2643 308.7267 457.2998 267.9317 114.8272 370.5228 179.5833 254.1222 1026.8504;
	3.6101 48.78 88.6836 113.7598 14.6492 33.4913 23.7097 16.7285 27.0451 30.1615 55.7531 83.1726 125.216 68.3303 200.5171 75.5437 93.7301 99.3259 86.5165 72.6284 7.9032 78.1464 74.5441 86.1998 99.577 71.6759 11.659 1086.429 705.5876 705.5876 689.767 105.363 288.3883 186.9457 214.2246 301.0507 1057.1505 303.5546 446.6761 266.724 117.0298 371.5304 180.7248 234.0369 1068.1625;
	3.8036 51.3945 92.5018 114.1779 14.8272 33.1181 26.0475 15.1307 28.0759 30.142 55.717 83.1188 125.1348 68.131 196.2179 73.924 91.7205 97.1963 84.3744 71.1049 8.6825 77.2755 72.7895 85.6368 103.0894 69.54 11.5163 1201.5211 685.9397 685.9397 709.6637 101.7912 281.248 183.0241 213.5998 292.6676 1150.2606 317.6335 466.3436 276.1324 119.3643 367.3897 185.6045 236.79 1162.2425;
