function loadprofile = ex_load_profilesh1
%EX_LOAD_PROFILE  Example load profile data file for stochastic unit commitment.
% 2022.03.12
% Andres F. Ramirez

%% define constants
[CT_LABEL, CT_PROB, CT_TABLE, CT_TBUS, CT_TGEN, CT_TBRCH, CT_TAREABUS, ...
    CT_TAREAGEN, CT_TAREABRCH, CT_ROW, CT_COL, CT_CHGTYPE, CT_REP, ...
    CT_REL, CT_ADD, CT_NEWVAL, CT_TLOAD, CT_TAREALOAD, CT_LOAD_ALL_PQ, ...
    CT_LOAD_FIX_PQ, CT_LOAD_DIS_PQ, CT_LOAD_ALL_P, CT_LOAD_FIX_P, ...
    CT_LOAD_DIS_P, CT_TGENCOST, CT_TAREAGENCOST, CT_MODCOST_F, ...
    CT_MODCOST_X] = idx_ct;

loadprofile = struct( ...
    'type', 'mpcData', ...
    'table', CT_TAREALOAD, ...
    'rows', [1:11], ...
    'col', CT_LOAD_ALL_P, ...
    'chgtype', 1, ...
    'values', [] );
loadprofile.values(:,1,:) = [
	1451.8344 920.9314 1556.4613 517.7649 713.9725 1089.2043 875.0687 241.6 522.8709 4518.1824 1670.6105;
	1447.4028 930.7623 1592.1543 517.9864 731.6792 1103.0042 873.3 246.6 515.8223 4535.4426 1681.0844;
	1481.0532 946.8379 1635.2845 517.9 758.3117 1107.5883 885.5317 239.9444 523.5554 4679.5706 1733.2223;
	1592.9569 1024.8 1729.8911 542.9159 809.9 1188.8297 952.4226 271.6 560.3696 5086.8702 1879.5261;
	1702.6947 1156.7553 1938.6681 580.2282 951.5 1367.7 1060.8956 323.9232 645.0045 5405.5655 2111.5535;
	1855.1211 1243.9946 2100.1706 593.5 1011.9177 1498.0424 1149.0659 349.3774 708.2224 6002.2742 2295.4756;
	1894.9189 1275.6235 2119.4125 570.4074 1041.2963 1501.0714 1183.7914 354.3441 727.3727 6366.0137 2327.8298;
	1937.7754 1310.3729 2152.9433 554.9744 1053.7 1537.8234 1263.2843 365.1922 749.6 6966.6631 2415.4949;
	1969.2 1351.2631 2208.0554 536.667 1062.9574 1493.4822 1284.8094 385.0009 719.3728 7102.683 2502.9561;
	1948.5831 1316.9254 2198.6063 535.5217 1035.6 1515.7755 1300.6533 390.1006 718.2292 7122.1806 2463.4831;
	1978.0774 1315.5978 2151.0058 545.918 1060.1188 1531.6101 1294.4796 390.8888 720.135 7121.7324 2408.3315;
	1978.2731 1316.4988 2138.4375 536.041 1072.352 1490.8 1237.2263 381.0177 702.2846 7117.0093 2288.0524;
	1953.5 1314.238 2125.519 531.4638 1045.8543 1475.6232 1221.7738 376.9801 704.9674 6998.0392 2257.551;
	1865.5935 1279.2 2074.1455 529.9981 1044.9629 1436.2553 1248.5411 357.1571 733.8023 6653.2406 2323.804;
	1924.9924 1247.9528 2072.8214 536.7121 1046.4627 1424.6 1121.1162 371.6892 708.3865 6611.2818 2290.4103;
	1951.0451 1295.3893 2066.9365 516.9311 1062.6708 1435.4474 1095.199 378.0491 694.3 6514.8397 2292.5499;
	1997.7389 1337.8048 2103.3792 559.3405 1080.8262 1443.4728 1071.7843 379.4387 696.7762 6249.0775 2320.357;
	1975.2318 1366.4136 2107.5581 573.6693 1068.1686 1477.6648 1126.3618 387.9033 752.5845 6293.257 2433.7632;
	2028.1061 1331.3833 2065.3074 567.1731 1078.9997 1458.8834 1120.5608 380.4 739.5317 6198.0 2347.8171;
	1962.0 1271.0474 1993.7338 520.082 1019.7387 1385.7157 1075.5972 366.9052 718.9247 5918.1 2213.6715;
	1853.6109 1186.9621 1891.1607 519.4941 957.3532 1305.6 994.872 337.0323 666.8019 5590.8926 2065.8423;
	1709.0784 1070.4708 1753.556 518.3343 921.3 1226.7695 945.7403 315.3 606.9601 5244.0763 1928.9831;
	1639.582 987.8 1614.1162 527.4414 856.2 1141.353 849.0003 281.6964 548.6837 4807.2897 1811.625;
	1635.8714 977.0955 1549.4692 507.2726 850.1873 1127.1208 848.2708 285.6 521.2046 4583.0063 1739.4079;
];
