function windprofile = ex_wind_profilesh1
%EX_WIND_PROFILE_D  Example wind_load_nyiso profile data for deterministic unit commitment.
% 2022.03.12
% Andres F. Ramirez


%% define constants
[GEN_BUS, PG, QG, QMAX, QMIN, VG, MBASE, GEN_STATUS, PMAX, PMIN, ...
    MU_PMAX, MU_PMIN, MU_QMAX, MU_QMIN, PC1, PC2, QC1MIN, QC1MAX, ...
    QC2MIN, QC2MAX, RAMP_AGC, RAMP_10, RAMP_30, RAMP_Q, APF] = idx_gen;
[CT_LABEL, CT_PROB, CT_TABLE, CT_TBUS, CT_TGEN, CT_TBRCH, CT_TAREABUS, ...
    CT_TAREAGEN, CT_TAREABRCH, CT_ROW, CT_COL, CT_CHGTYPE, CT_REP, ...
    CT_REL, CT_ADD, CT_NEWVAL, CT_TLOAD, CT_TAREALOAD, CT_LOAD_ALL_PQ, ...
    CT_LOAD_FIX_PQ, CT_LOAD_DIS_PQ, CT_LOAD_ALL_P, CT_LOAD_FIX_P, ...
    CT_LOAD_DIS_P, CT_TGENCOST, CT_TAREAGENCOST, CT_MODCOST_F, ...
    CT_MODCOST_X] = idx_ct;

windprofile = struct( ...
    'type', 'mpcData', ...
    'table', CT_TGEN, ...
    'rows', [1:45], ...
    'col', PMAX, ...
    'chgtype', 1, ...
    'values', [] );
windprofile.values(:,1,:) = [
	3.9268 53.0599 95.2856 118.3397 15.4006 35.1803 31.4919 19.057 28.4652 31.3816 58.0084 86.5371 130.2812 69.738 204.1787 76.9231 95.4417 101.1397 41.323 73.5842 10.4973 82.0873 75.8806 89.1075 106.7158 76.0194 14.1129 1187.5002 731.051 731.051 625.3495 109.4515 137.7434 189.4058 218.638 311.9151 1169.7962 229.7473 479.3644 285.846 123.9383 390.2666 164.7617 286.853 1181.9815;
	3.8566 52.1105 95.2321 120.6669 15.3392 34.9567 30.3823 18.9853 28.279 31.1291 57.5416 85.8408 129.2328 69.1607 202.1081 76.143 94.4738 100.114 36.7058 73.7921 10.1274 81.5657 75.6292 88.368 106.6963 74.4955 13.8687 1191.94 737.4083 737.4083 594.9899 112.3721 122.3527 189.941 216.8281 314.6276 1164.5515 229.124 476.306 285.7936 123.8393 387.7864 149.0078 286.9947 1176.6823;
	3.8778 52.3979 95.2736 71.4578 14.9455 34.9654 30.2582 19.0025 27.8368 30.011 55.475 82.7577 124.5913 68.4669 201.2297 75.8121 94.0632 99.6789 39.6475 73.1108 10.0861 81.586 74.3507 88.0423 106.4662 75.6687 14.0993 1206.8428 734.7281 734.7281 586.5751 116.8967 132.1584 188.1875 214.6531 313.484 1219.6447 226.0467 465.8095 285.1772 123.3031 387.8831 148.8778 285.2068 1232.3493;
	3.8287 51.7346 93.951 91.4577 14.9314 34.9744 29.4908 18.9204 27.2602 30.4239 56.2381 83.8962 126.3053 67.136 203.3364 76.6058 95.048 100.7225 48.4514 73.1737 9.8303 81.607 72.3671 88.4694 106.2614 74.5075 14.0874 1235.5401 743.1425 743.1425 559.5061 107.4135 161.5046 188.3494 210.4804 317.0741 1139.6002 235.8832 466.0654 284.6287 122.8877 387.9829 181.8674 283.2688 1151.471;
	3.5911 48.5234 92.8953 119.9378 14.7832 33.1145 23.9114 18.4734 25.9444 30.501 56.3806 84.1087 126.6252 63.9598 195.216 73.5465 91.2521 96.7 81.4524 71.3896 7.9705 77.2671 66.3564 86.7432 105.5555 72.1327 13.8918 1167.1831 670.9808 670.9808 531.5451 106.7534 271.508 183.7571 200.5225 286.2851 1118.1235 228.0675 453.5907 282.7379 119.3526 367.3501 184.548 271.2526 1129.7707;
	3.749 50.6574 93.6787 119.3885 14.8678 33.6819 28.0813 18.3583 25.9979 30.8095 56.9508 84.9594 127.9059 65.8947 198.258 74.6925 92.6741 98.2069 90.5539 72.6192 9.3604 78.5911 73.2498 87.3158 106.3886 71.8239 13.7718 1223.6217 722.0972 722.0972 520.2919 103.8436 301.8464 186.922 206.5888 308.0948 1102.7445 215.9306 451.3422 284.9694 119.1699 373.6444 194.2953 275.2528 1114.2314;
	3.6815 49.7458 93.4871 117.8969 14.6676 33.0263 27.737 18.411 25.7783 30.5434 56.459 84.2258 126.8014 66.8672 193.5402 72.9151 90.4688 95.8699 90.0389 70.943 9.2457 77.0614 73.3067 87.5432 105.3324 74.4566 13.5447 1250.2765 723.5445 723.5445 555.8544 101.2351 300.1296 182.6075 209.6376 308.7123 1120.232 239.9771 458.3545 282.1405 119.9283 366.3719 191.5021 272.4619 1131.9011;
	3.7135 50.1774 92.3273 117.8354 14.7653 33.1416 28.6193 18.1964 26.0951 29.7846 55.0563 82.1332 123.6511 67.1881 194.1719 73.1531 90.7641 96.1828 85.498 70.1347 9.5398 77.3304 72.1012 87.4278 105.3496 72.8169 13.3676 1200.9435 721.6754 721.6754 535.3157 84.7453 284.9934 180.527 210.6438 307.9148 1131.8447 228.7852 456.5688 282.1864 112.8474 367.651 195.4236 263.4231 1143.6347;
	3.7967 51.302 93.8357 120.6542 14.9689 34.6465 29.7403 19.0103 27.1794 30.275 55.9628 83.4855 125.687 68.351 193.8776 73.0423 90.6265 96.037 86.9357 69.7558 9.9134 80.8418 69.2593 89.8459 106.0144 75.2919 14.0953 1247.674 797.3481 797.3481 570.7792 82.2104 289.7857 179.5517 214.2897 340.2019 1224.0534 259.5127 473.1445 283.967 115.4176 384.3451 187.2518 277.6377 1236.804;
	3.7454 50.6088 93.8245 119.8596 14.2839 34.6312 29.6832 19.0435 27.9707 30.7832 56.9023 84.8871 127.797 67.2294 198.2062 74.673 92.6499 98.1812 88.9249 71.2674 9.8944 80.8061 72.4478 89.0341 104.6089 74.7935 14.1502 1282.193 793.5112 793.5112 669.5603 94.7738 296.4163 183.4426 210.7733 338.5648 1234.2218 268.6952 477.9151 280.2023 116.2476 384.1752 168.5371 272.5355 1247.0783;
	3.8017 51.3693 91.2995 118.1405 14.4128 34.8182 28.2375 19.1122 28.4492 31.4943 58.2168 86.848 130.7492 66.5448 202.2574 76.1993 94.5436 100.188 89.6893 72.8116 9.4125 81.2424 75.3759 86.5311 102.2103 74.776 14.142 1242.8862 789.9712 789.9712 657.7779 98.9576 298.9644 187.4174 208.6269 337.0544 1160.0355 274.1808 476.8392 273.7776 117.3583 386.2498 175.681 266.5145 1172.1192;
	3.736 50.4816 91.9162 118.5029 14.8508 34.2252 27.1059 18.9223 28.4138 31.314 57.8835 86.3508 130.0006 66.9706 200.5883 75.5705 93.7634 99.3612 89.3275 73.1807 9.0353 79.8588 74.9697 87.4916 103.5343 74.6003 14.158 1156.1502 770.3028 770.3028 650.6653 103.3412 297.7584 188.3672 209.962 328.6625 1130.7602 273.5635 473.1862 277.324 115.1094 379.6717 186.1826 270.8662 1142.5389;
	3.6423 49.215 91.7711 116.4941 14.804 34.4206 27.8074 18.9265 28.187 31.2159 57.7022 86.0803 129.5934 68.467 197.7909 74.5166 92.4557 97.9755 85.9712 72.8985 9.2691 80.3148 74.7804 88.7181 102.6508 74.0574 14.0568 1132.9603 756.1266 756.1266 619.1434 110.412 286.5708 187.6411 214.6534 322.614 1036.2309 283.9474 466.42 274.9574 116.5034 381.8397 161.9494 263.8136 1047.0249;
	3.8318 51.7755 93.0978 116.7128 15.0093 34.0706 28.2937 18.7891 28.4287 31.0955 57.4796 85.7483 129.0935 69.34 202.0297 76.1135 94.4372 100.0752 91.8145 73.6164 9.4312 79.498 75.4379 87.7801 101.7812 73.718 14.0069 1199.3941 743.8853 743.8853 687.9225 108.8288 306.0482 189.4888 217.3904 317.391 1092.7154 308.1394 476.5754 272.6282 114.8549 377.9564 164.4654 272.2378 1104.0979;
	3.7151 50.1997 92.7573 112.696 14.7908 33.1126 26.0179 19.0173 28.272 31.3196 57.8938 86.3661 130.0237 69.1687 200.6552 75.5957 93.7947 99.3943 91.9978 72.9746 8.6726 77.2627 74.8155 88.0538 101.6498 74.8498 14.0367 1173.2659 738.9822 738.9822 679.4481 108.5695 306.6594 187.8368 216.8534 315.2991 991.804 320.8476 469.4714 272.2763 116.7958 367.3288 178.3754 260.9952 1002.1353;
	3.7497 50.6667 94.0794 115.9322 14.9565 34.1635 27.2771 18.9245 28.3854 31.2933 57.8452 86.2937 129.9146 69.5377 204.7537 77.1398 95.7104 101.4245 92.4511 73.071 9.0924 79.7148 75.2814 87.2429 101.4971 74.5217 13.979 1243.4441 772.9115 772.9115 690.7222 113.9943 308.1705 188.0851 218.0102 329.7756 1102.7432 318.0258 476.2856 271.8672 115.1276 378.9871 183.5375 261.7499 1114.2302;
	3.7559 50.7502 93.9197 118.7746 15.2164 35.096 26.0644 18.6009 28.2279 31.3375 57.9268 86.4154 130.098 69.0518 199.8014 75.274 93.3955 98.9714 92.7421 72.462 8.6881 81.8906 75.398 87.5736 101.6858 73.0735 13.4592 1229.2602 788.6476 788.6476 737.0721 112.5107 309.1403 186.5175 216.4868 336.4896 1201.4108 316.0251 475.9674 272.3728 120.0886 389.3311 195.6139 244.1875 1213.9255;
	3.8845 52.4881 92.5587 116.0278 15.2457 34.3111 26.775 16.5117 27.8625 30.9288 57.1714 85.2885 128.4013 67.6776 194.4787 73.2687 90.9075 96.3348 90.3154 70.3092 8.925 80.0593 73.922 84.9381 101.7402 61.6278 11.9176 1315.1051 734.0245 734.0245 719.2115 101.6174 301.0514 180.9761 212.1783 313.1838 1247.6994 325.6523 475.5975 272.5183 123.0015 380.625 196.5953 253.3475 1260.6962;
