function loadprofile = ex_load_profilesh1
%EX_LOAD_PROFILE  Example load profile data file for stochastic unit commitment.
% 2022.03.12
% Andres F. Ramirez

%% define constants
[CT_LABEL, CT_PROB, CT_TABLE, CT_TBUS, CT_TGEN, CT_TBRCH, CT_TAREABUS, ...
    CT_TAREAGEN, CT_TAREABRCH, CT_ROW, CT_COL, CT_CHGTYPE, CT_REP, ...
    CT_REL, CT_ADD, CT_NEWVAL, CT_TLOAD, CT_TAREALOAD, CT_LOAD_ALL_PQ, ...
    CT_LOAD_FIX_PQ, CT_LOAD_DIS_PQ, CT_LOAD_ALL_P, CT_LOAD_FIX_P, ...
    CT_LOAD_DIS_P, CT_TGENCOST, CT_TAREAGENCOST, CT_MODCOST_F, ...
    CT_MODCOST_X] = idx_ct;

loadprofile = struct( ...
    'type', 'mpcData', ...
    'table', CT_TAREALOAD, ...
    'rows', [1:11], ...
    'col', CT_LOAD_ALL_P, ...
    'chgtype', 1, ...
    'values', [] );
loadprofile.values(:,1,:) = [
	1452.1009 920.679 1587.5653 544.8283 742.0692 1135.0221 880.9705 270.834 506.8 4425.4984 1681.6378;
	1450.2731 933.7888 1621.5261 550.6 744.8784 1155.8618 880.8868 281.8477 502.2055 4384.5921 1674.0454;
	1482.0501 953.2 1652.3206 553.9763 763.6673 1184.2536 886.3201 281.7443 510.8773 4426.3727 1702.012;
	1553.5 1029.2866 1737.1696 570.1334 832.0 1252.8393 929.6 304.9811 532.9843 4673.5247 1848.7138;
	1691.5568 1127.4447 1896.4 582.8645 930.303 1400.1565 1032.14 345.0493 609.9269 5216.8882 2086.5634;
	1834.2 1211.9079 2020.5515 601.5556 993.3981 1494.9106 1119.5032 360.6712 680.7 5778.1949 2242.2533;
	1895.9683 1246.3522 2063.2644 594.9215 1031.3292 1529.4433 1169.1463 362.2 707.1224 6158.0679 2305.6131;
	1965.6877 1264.4747 2066.676 596.4 1062.3494 1522.7934 1181.2228 352.9189 703.7941 6334.3903 2277.2405;
	1988.8876 1290.075 2082.6105 601.9673 1055.5 1519.0 1184.9 369.3627 708.8262 6417.5109 2308.9091;
	1971.9625 1278.3161 2074.8506 606.619 1077.6566 1569.5049 1194.4832 361.8331 706.1 6481.7948 2286.015;
	1980.1352 1261.5721 2022.7414 609.256 1014.8201 1543.445 1167.8978 340.2441 688.6151 6411.9781 2226.0806;
	2011.8414 1279.9242 2002.832 598.9209 996.5685 1536.7238 1132.1 326.7963 673.3546 6411.3498 2176.9814;
	2016.4813 1269.4171 1961.9217 608.4122 964.7458 1474.8007 1061.5758 312.5459 659.7555 6331.9 2166.6204;
	1986.0596 1240.7291 1932.752 590.6563 1004.8421 1451.1143 1076.6801 329.9682 645.3032 6354.8043 2198.0942;
	1944.9458 1228.4573 1970.686 575.9 1004.5416 1443.5911 1065.6678 340.519 629.416 6290.3319 2203.1242;
	1898.0014 1207.8359 1948.1665 597.2 1007.875 1476.544 1066.4884 341.2649 620.7539 6256.9623 2202.9437;
	1909.8108 1208.1 1995.2019 615.0422 1039.7 1492.0711 1089.7533 350.9207 653.3612 6134.4724 2340.6269;
	1959.5206 1250.7 2077.5893 624.4931 1088.7675 1542.3701 1165.9113 385.3692 701.2 6267.3317 2493.0925;
	1990.4 1300.5097 2125.0264 627.1 1088.8 1531.7751 1173.4 384.9886 691.2602 6135.388 2465.1318;
	1920.8765 1219.2 2026.8955 605.9677 1059.7485 1450.4368 1147.2 369.1422 675.0 5934.6274 2315.8164;
	1824.9654 1145.6517 1925.3758 575.8369 1010.3698 1371.118 1079.7554 344.7453 608.9454 5609.0636 2110.9406;
	1719.8675 1080.9009 1835.9184 559.441 931.796 1295.1506 1009.6469 323.3721 552.7946 5185.6271 1941.4505;
	1577.6266 971.3512 1684.7848 566.6101 870.3834 1172.5848 876.5378 286.0 486.3796 4689.7746 1805.456;
	1513.3384 904.8734 1604.9894 557.8926 821.597 1143.0998 859.2295 263.1809 490.7314 4486.0184 1718.3729;
];
