function solarprofile = ex_solar_profilesh1
%EX_WIND_PROFILE_D  Example wind_load_nyiso profile data for deterministic unit commitment.
% 2022.03.12
% Andres F. Ramirez


%% define constants
[GEN_BUS, PG, QG, QMAX, QMIN, VG, MBASE, GEN_STATUS, PMAX, PMIN, ...
    MU_PMAX, MU_PMIN, MU_QMAX, MU_QMIN, PC1, PC2, QC1MIN, QC1MAX, ...
    QC2MIN, QC2MAX, RAMP_AGC, RAMP_10, RAMP_30, RAMP_Q, APF] = idx_gen;
[CT_LABEL, CT_PROB, CT_TABLE, CT_TBUS, CT_TGEN, CT_TBRCH, CT_TAREABUS, ...
    CT_TAREAGEN, CT_TAREABRCH, CT_ROW, CT_COL, CT_CHGTYPE, CT_REP, ...
    CT_REL, CT_ADD, CT_NEWVAL, CT_TLOAD, CT_TAREALOAD, CT_LOAD_ALL_PQ, ...
    CT_LOAD_FIX_PQ, CT_LOAD_DIS_PQ, CT_LOAD_ALL_P, CT_LOAD_FIX_P, ...
    CT_LOAD_DIS_P, CT_TGENCOST, CT_TAREAGENCOST, CT_MODCOST_F, ...
    CT_MODCOST_X] = idx_ct;

solarprofile = struct( ...
    'type', 'mpcData', ...
    'table', CT_TGEN, ...
    'rows', [1:12], ...
    'col', PMAX, ...
    'chgtype', 1, ...
    'values', [] );
solarprofile.values(:,1,:) = [
	0.0 0.0 0.0 0.0 0.0 0.0 0.0 0.0 0.0 0.0 0.0 0.0;
	0.0 0.0 0.0 0.0 0.0 0.0 0.0 0.0 0.0 0.0 0.0 0.0;
	0.0 0.0 0.0 0.0 0.0 0.0 0.0 0.0 0.0 0.0 0.0 0.0;
	0.0 0.0 0.0 0.0 0.0 0.0 0.0 0.0 0.0 0.0 0.0 0.0;
	0.0 0.0 0.0 0.0 0.0 0.0 0.0 0.0 0.0 0.0 0.0 0.0;
	0.0 0.0 0.002 0.0 0.0 0.0 0.0 0.0 0.0 0.0 0.0 0.0;
	11.826 7.4152 8.116 7.6575 4.9755 267.0402 33.38 39.2185 149.7659 67.2778 40.0035 121.8406;
	21.938 15.4075 12.8907 10.6267 10.1116 391.2376 48.9047 69.535 142.8838 209.1898 120.8556 378.8439;
	23.6716 16.6029 13.8 11.0548 11.8569 398.5429 49.8179 72.5384 132.7782 332.2617 203.6068 601.7279;
	23.6483 16.1809 12.9114 10.8624 9.5549 266.9191 33.3649 67.5836 143.0871 324.4071 252.6289 587.5031;
	21.854 15.488 12.3592 11.3873 9.611 177.8316 22.229 63.6711 102.9588 315.3839 250.7832 571.1621;
	21.6843 15.682 12.833 11.4717 9.0421 222.4939 27.8117 57.5239 72.477 320.8858 232.6528 581.1261;
	21.5978 16.4973 13.7966 11.632 9.2163 426.4123 53.3015 67.9877 127.7758 303.6839 180.7356 549.9734;
	17.0444 16.6083 13.8 11.5984 9.6299 456.8974 57.1122 73.1919 176.1563 308.7531 158.7504 559.1537;
	11.8785 13.9329 11.1035 8.8071 10.1036 464.4829 58.0604 73.8854 196.3675 250.101 150.4274 452.9344;
	8.0108 7.5753 5.1425 5.6415 9.0465 430.4774 53.8097 68.0829 205.2329 143.7531 161.7136 260.3378;
	0.7911 0.7888 0.4051 2.1822 3.3926 59.7351 7.4669 9.0443 24.8835 43.9324 22.7445 79.5619;
	0.0 0.0 0.0 0.0 0.0 0.0 0.0 0.0 0.0 0.0 0.0 0.0;
	0.0 0.0 0.0 0.0 0.0 0.0 0.0 0.0 0.0 0.0 0.0 0.0;
	0.0 0.0 0.0 0.0 0.0 0.0 0.0 0.0 0.0 0.0 0.0 0.0;
	0.0 0.0 0.0 0.0 0.0 0.0 0.0 0.0 0.0 0.0 0.0 0.0;
	0.0 0.0 0.0 0.0 0.0 0.0 0.0 0.0 0.0 0.0 0.0 0.0;
	0.0 0.0 0.0 0.0 0.0 0.0 0.0 0.0 0.0 0.0 0.0 0.0;
	0.0 0.0 0.0 0.0 0.0 0.0 0.0 0.0 0.0 0.0 0.0 0.0;
];
