function loadprofile = ex_load_profilesh1
%EX_LOAD_PROFILE  Example load profile data file for stochastic unit commitment.
% 2022.03.12
% Andres F. Ramirez

%% define constants
[CT_LABEL, CT_PROB, CT_TABLE, CT_TBUS, CT_TGEN, CT_TBRCH, CT_TAREABUS, ...
    CT_TAREAGEN, CT_TAREABRCH, CT_ROW, CT_COL, CT_CHGTYPE, CT_REP, ...
    CT_REL, CT_ADD, CT_NEWVAL, CT_TLOAD, CT_TAREALOAD, CT_LOAD_ALL_PQ, ...
    CT_LOAD_FIX_PQ, CT_LOAD_DIS_PQ, CT_LOAD_ALL_P, CT_LOAD_FIX_P, ...
    CT_LOAD_DIS_P, CT_TGENCOST, CT_TAREAGENCOST, CT_MODCOST_F, ...
    CT_MODCOST_X] = idx_ct;

loadprofile = struct( ...
    'type', 'mpcData', ...
    'table', CT_TAREALOAD, ...
    'rows', [1:11], ...
    'col', CT_LOAD_ALL_P, ...
    'chgtype', 1, ...
    'values', [] );
loadprofile.values(:,1,:) = [
	1497.108 881.5849 1517.1149 549.6424 775.2 1077.7251 836.9692 233.087 487.7 4385.4711 1640.7;
	1476.314 872.047 1482.5414 548.1886 753.4204 1037.446 803.1051 236.3 472.1 4327.8046 1630.8216;
	1492.9779 885.5857 1507.6904 580.9347 769.9702 1061.9432 818.3914 217.2 458.9529 4367.9055 1648.2092;
	1559.8941 971.5223 1645.733 606.9357 827.6123 1136.5741 863.2617 260.6433 515.3218 4650.7552 1778.0071;
	1724.7589 1089.4007 1814.5979 630.0 918.7894 1270.943 938.4129 293.4 551.2028 5114.3338 1995.2735;
	1864.4027 1187.3928 1970.6526 635.9892 973.1844 1403.1 1006.2517 335.2485 615.1734 5660.3155 2144.6827;
	1879.7409 1212.3229 1997.0836 643.8321 1000.1201 1454.5386 1033.2544 332.3776 622.8338 5949.9402 2146.3391;
	1950.4523 1237.0288 2008.4198 624.3481 1002.5083 1418.4654 1036.2613 335.964 624.5864 5945.3282 2069.8969;
	1958.1166 1225.3337 1983.522 608.236 987.5784 1446.429 1052.026 342.8 619.8114 5938.0727 2053.8;
	1958.1005 1231.8 1951.503 610.5 961.0212 1404.2265 1025.3134 317.485 616.018 5501.2588 1972.2138;
	1954.5818 1202.1935 1934.1806 607.585 981.1835 1419.3048 1038.5833 311.2085 635.3865 5257.4459 1921.3763;
	1916.1996 1197.0517 1884.7485 601.9831 937.2036 1366.1836 992.8935 288.607 610.5806 4791.3267 1828.9819;
	1893.4992 1187.582 1864.0618 584.6642 916.644 1341.5855 978.3661 295.9196 611.0322 4701.7735 1856.2512;
	1888.6794 1195.2134 1903.3647 578.8 934.4857 1340.3591 1003.7358 312.394 648.9001 4402.8914 1828.2774;
	1873.8456 1202.1657 1972.4804 599.4 1000.8016 1410.1092 1023.4984 339.7865 664.7771 5677.3261 1909.3648;
	1890.3496 1224.4742 1969.4155 617.0063 980.8852 1408.1786 987.808 325.7819 652.407 4675.6047 1989.2936;
	1883.8 1245.4496 1988.3561 617.4255 1004.387 1468.5772 1028.932 342.277 695.6845 5602.7235 2256.8196;
	1934.7819 1269.2985 2026.9759 628.3589 1036.8831 1488.0657 1113.3989 363.9343 715.254 5613.9245 2386.8017;
	1951.4554 1271.2885 2031.0053 623.5733 1034.7439 1471.0355 1132.366 378.4 721.7145 5848.5249 2416.4513;
	1885.0262 1206.5 1914.4901 602.0 966.3301 1394.1519 1085.5113 352.1 695.7 5629.5844 2299.4324;
	1834.7624 1142.1416 1831.9656 579.1 896.2405 1299.4416 1028.091 324.6742 636.7308 5313.3865 2106.6632;
	1732.5 1061.2826 1707.6 574.9 845.0 1204.3835 930.166 290.9275 579.9213 4887.1423 1900.0557;
	1630.9 966.7712 1623.7105 581.797 798.3462 1112.949 874.8382 242.1856 521.5957 4463.2637 1644.6788;
	1606.9368 941.188 1618.2442 577.1 829.6781 1110.8 861.3458 217.6205 493.9144 4441.9426 1654.238;
];
