function loadprofile = ex_load_profilesh1
%EX_LOAD_PROFILE  Example load profile data file for stochastic unit commitment.
% 2022.03.12
% Andres F. Ramirez

%% define constants
[CT_LABEL, CT_PROB, CT_TABLE, CT_TBUS, CT_TGEN, CT_TBRCH, CT_TAREABUS, ...
    CT_TAREAGEN, CT_TAREABRCH, CT_ROW, CT_COL, CT_CHGTYPE, CT_REP, ...
    CT_REL, CT_ADD, CT_NEWVAL, CT_TLOAD, CT_TAREALOAD, CT_LOAD_ALL_PQ, ...
    CT_LOAD_FIX_PQ, CT_LOAD_DIS_PQ, CT_LOAD_ALL_P, CT_LOAD_FIX_P, ...
    CT_LOAD_DIS_P, CT_TGENCOST, CT_TAREAGENCOST, CT_MODCOST_F, ...
    CT_MODCOST_X] = idx_ct;

loadprofile = struct( ...
    'type', 'mpcData', ...
    'table', CT_TAREALOAD, ...
    'rows', [1:11], ...
    'col', CT_LOAD_ALL_P, ...
    'chgtype', 1, ...
    'values', [] );
loadprofile.values(:,1,:) = [
	1536.2398 922.5169 1552.0692 544.7086 700.572 1065.9676 807.4183 247.2 491.6999 4669.7157 1660.0752;
	1515.1 930.5715 1561.8 559.4983 738.7114 1092.1252 818.0179 249.1565 487.0264 4533.133 1639.8;
	1528.4987 958.5481 1601.2199 564.8576 762.677 1145.3163 846.4812 252.3008 494.9 4564.2041 1670.5997;
	1590.9175 1029.2335 1728.6772 591.9 832.7489 1214.9666 890.529 268.422 528.0613 4769.5843 1796.2344;
	1772.6971 1172.1339 1959.4084 626.7903 982.2199 1379.8723 1012.6145 333.9 612.4 5379.52 2045.466;
	1884.8343 1261.4959 2100.0263 624.7207 1051.1329 1467.0007 1084.2579 353.648 688.4061 6071.096 2242.3859;
	1906.6856 1282.0163 2109.76 619.2466 1072.398 1495.493 1117.0073 362.1 703.5869 6485.7668 2322.2498;
	1905.9995 1293.9533 2097.7226 619.4366 1069.8614 1462.3872 1083.5 357.8 708.2137 6494.7362 2246.5262;
	2001.4774 1288.6 2116.9256 620.5104 1085.3007 1484.6466 1093.4058 349.7101 710.4 6680.6414 2265.0299;
	1965.0954 1272.2202 2112.2 611.2968 1057.2654 1470.765 1108.7937 322.3716 686.2278 6585.5241 2273.6144;
	1946.9251 1269.2073 2056.0002 617.4747 1063.9629 1391.148 1054.5484 324.2 671.2 6560.4121 2169.6752;
	1907.2437 1240.263 2052.1201 606.6428 1046.2 1321.6464 1062.7226 305.9852 672.7557 6635.902 2186.6566;
	1923.9427 1224.2344 2011.1615 588.4 1056.7148 1354.199 1072.5662 300.7616 646.7508 6600.1666 2206.3142;
	1944.9191 1246.5231 2004.8313 588.6 1041.3027 1342.9 1074.6386 311.6 652.9 6551.2708 2267.811;
	1939.1626 1254.1492 2015.4563 579.8111 1021.1 1414.0057 1134.4173 339.6 667.6 6756.9948 2344.6677;
	1934.5469 1213.8 2012.6264 580.7 1048.8796 1423.8 1142.0341 348.2 668.4 6610.7198 2422.321;
	1918.5621 1234.1159 2008.3747 593.4 1056.5259 1440.2895 1118.1741 369.9545 681.9769 6458.4838 2462.7594;
	1976.2357 1274.5668 2069.9841 606.1696 1102.4187 1495.5361 1157.5297 394.995 692.4644 6343.1284 2533.4484;
	2000.1991 1285.5913 2078.5656 605.9418 1098.8033 1519.1142 1171.7448 382.2045 680.8347 6257.162 2470.3703;
	1935.3695 1205.2333 1990.4621 587.7304 1009.5281 1407.287 1107.4119 368.1183 642.8554 5997.3591 2317.7779;
	1894.0401 1141.2984 1870.1043 569.469 952.9162 1307.4 1035.9269 340.9231 612.2025 5674.4312 2155.6895;
	1773.9967 1068.6845 1726.0 545.8283 905.2012 1203.3 947.2296 290.7226 556.0891 5185.5528 1959.0134;
	1672.2 1017.3963 1687.4363 562.219 884.0 1101.2215 870.0499 273.619 497.1139 4963.4427 1873.4;
	1595.935 989.3693 1688.8597 576.445 859.5155 1077.1286 848.291 258.4 458.1 4657.863 1778.4719;
];
