function windprofile = ex_wind_profilesh1
%EX_WIND_PROFILE_D  Example wind_load_nyiso profile data for deterministic unit commitment.
% 2022.03.12
% Andres F. Ramirez


%% define constants
[GEN_BUS, PG, QG, QMAX, QMIN, VG, MBASE, GEN_STATUS, PMAX, PMIN, ...
    MU_PMAX, MU_PMIN, MU_QMAX, MU_QMIN, PC1, PC2, QC1MIN, QC1MAX, ...
    QC2MIN, QC2MAX, RAMP_AGC, RAMP_10, RAMP_30, RAMP_Q, APF] = idx_gen;
[CT_LABEL, CT_PROB, CT_TABLE, CT_TBUS, CT_TGEN, CT_TBRCH, CT_TAREABUS, ...
    CT_TAREAGEN, CT_TAREABRCH, CT_ROW, CT_COL, CT_CHGTYPE, CT_REP, ...
    CT_REL, CT_ADD, CT_NEWVAL, CT_TLOAD, CT_TAREALOAD, CT_LOAD_ALL_PQ, ...
    CT_LOAD_FIX_PQ, CT_LOAD_DIS_PQ, CT_LOAD_ALL_P, CT_LOAD_FIX_P, ...
    CT_LOAD_DIS_P, CT_TGENCOST, CT_TAREAGENCOST, CT_MODCOST_F, ...
    CT_MODCOST_X] = idx_ct;

windprofile = struct( ...
    'type', 'mpcData', ...
    'table', CT_TGEN, ...
    'rows', [1:45], ...
    'col', PMAX, ...
    'chgtype', 1, ...
    'values', [] );
windprofile.values(:,1,:) = [
	3.8974 52.6624 94.2492 117.2576 14.7469 34.576 31.5686 19.0756 28.3249 31.1801 57.6359 85.9814 129.4446 68.505 190.9089 71.9238 89.2388 94.5665 37.1222 71.2195 10.5229 80.6773 75.554 90.1171 106.6462 75.8154 14.0357 1230.3235 727.7789 727.7789 630.0312 102.9231 123.7407 183.3192 214.7725 310.519 1193.8064 218.3031 475.8841 285.6595 118.1573 383.5629 158.4126 269.6363 1206.2419;
	3.8891 52.5505 94.4079 118.8714 14.5234 33.8392 30.9794 18.9384 28.0841 30.8554 57.0357 85.0861 128.0966 68.1848 190.9472 71.9382 89.2567 94.5854 35.5668 72.4821 10.3265 78.9582 74.4545 89.6279 105.1007 74.8945 13.5833 1174.0251 734.8612 734.8612 621.8042 101.4326 118.5561 186.5692 213.7684 313.5408 1172.5182 229.8288 468.5963 281.5196 120.1659 375.3899 146.9593 272.6518 1184.732;
	3.9158 52.9108 95.1068 69.0385 14.8011 34.7305 30.5219 18.6286 28.274 31.2034 57.6791 86.0458 129.5415 67.2522 191.908 72.3002 89.7058 95.0614 35.2699 71.2903 10.174 81.0378 75.2665 90.0005 106.0686 74.3313 13.7108 1186.2198 732.2079 732.2079 589.3035 103.839 117.5663 183.5015 210.8446 312.4087 1219.4289 223.0082 461.532 284.1123 120.8008 385.2767 144.9166 274.0631 1232.1313;
	3.9204 52.9727 94.3873 85.5744 15.2661 34.9924 30.3018 18.5623 28.4791 31.175 57.6266 85.9675 129.4237 68.1937 195.4108 73.6199 91.3432 96.7965 44.1565 72.2469 10.1006 81.6489 72.8481 89.8967 106.2499 75.8805 13.7399 1174.1609 752.4074 752.4074 565.6359 96.0568 147.1885 185.9637 213.7966 321.0271 1157.8622 234.0699 464.2518 284.5981 118.5799 388.182 181.0117 273.7663 1169.9233;
	3.6793 49.7156 95.0884 119.4204 15.1738 34.9858 26.6064 18.8401 28.4887 31.4116 58.0638 86.6198 130.4057 68.798 192.2159 72.4162 89.8498 95.2139 83.2563 73.149 8.8688 81.6336 70.7566 89.4111 106.4122 75.2745 13.7104 1111.9858 719.3183 719.3183 548.6872 91.27 277.5211 188.2856 215.6911 306.9091 1186.0095 231.4435 473.9856 285.0326 119.4011 388.1093 187.9982 263.2022 1198.3638;
	3.9317 53.1262 95.3625 120.8604 15.2502 35.1495 30.8219 19.1047 28.4774 31.3875 58.0194 86.5535 130.3058 69.754 195.3086 73.5814 91.2954 96.7459 92.1157 73.0448 10.274 82.0154 75.5125 90.0621 106.7578 75.5325 14.1354 1174.1168 775.7179 775.7179 535.573 90.9145 307.0522 188.0174 218.6882 330.973 1183.687 213.7756 479.0935 285.9584 120.2706 389.9246 199.8656 268.2404 1196.0171;
	3.922 52.9944 95.1175 120.4424 15.3093 34.869 31.3769 18.7835 28.4752 31.3978 58.0384 86.5819 130.3486 69.1212 195.1491 73.5213 91.2208 96.6669 91.5271 73.0388 10.459 81.3611 75.8586 89.4747 105.944 75.0386 13.9767 1236.0337 782.9333 782.9333 610.9061 87.3886 305.0902 188.0019 216.7042 334.0515 1218.5816 244.0146 479.2258 283.7786 122.5212 386.8139 207.2464 267.8933 1231.2751;
	3.8252 51.6867 92.0804 117.9244 15.2124 34.3589 30.0504 18.3012 28.4038 31.3777 58.0012 86.5263 130.2649 68.1674 193.0762 72.7404 90.2519 95.6401 90.1677 72.6036 10.0168 80.1709 75.792 86.3732 104.7883 73.3569 13.7365 1112.1576 714.8101 714.8101 536.8351 64.2721 300.5592 186.8819 213.7142 304.9856 1097.7877 219.6499 479.0574 280.6829 119.2961 381.1552 198.9369 256.8783 1109.223;
	3.8031 51.3888 94.5023 120.0849 15.0316 34.7632 30.4808 18.2741 28.3074 31.2172 57.7045 86.0838 129.5987 69.4851 193.5944 72.9356 90.4941 95.8968 89.3665 70.198 10.1603 81.1141 74.8067 88.2028 106.0143 72.7017 13.681 1237.3051 797.4706 797.4706 606.1131 67.8128 297.8884 180.6897 217.8451 340.2541 1208.0619 262.1968 476.2614 283.967 122.2857 385.6394 183.0561 266.9705 1220.6458;
	3.7091 50.1182 93.3983 119.8129 14.4772 33.7347 30.9137 18.652 28.2369 31.051 57.3974 85.6256 128.9088 69.5117 194.96 73.45 91.1325 96.5732 92.4068 70.7201 10.3046 78.7143 73.622 87.0598 104.9018 72.5669 13.6359 1237.6397 792.6122 792.6122 663.2344 83.5108 308.0226 182.0338 217.9285 338.1812 1205.4472 292.8849 478.3905 280.9871 123.2057 374.2303 160.6641 252.949 1218.0039;
	3.7445 50.5971 92.8518 119.5387 14.5003 33.4925 28.8914 18.5075 28.4061 31.417 58.0738 86.6346 130.428 67.4983 195.8995 73.804 91.5716 97.0386 90.7143 71.7472 9.6305 78.1492 74.8411 86.4762 102.2947 70.4316 13.6679 1188.2812 777.4447 777.4447 655.0654 86.0316 302.381 184.6774 211.6163 331.7097 1137.0538 297.1551 478.3137 274.0038 122.1457 371.5438 169.2822 254.9159 1148.8981;
	3.7312 50.4163 92.2872 120.5595 14.5949 33.7577 27.5 18.1992 28.0482 30.9872 57.2793 85.4495 128.6438 68.5417 197.0674 74.244 92.1176 97.6171 91.8348 72.0922 9.1667 78.7679 75.1034 85.0632 102.8408 70.6453 13.2786 1118.4895 766.0352 766.0352 636.6243 95.8703 306.116 185.5655 214.8875 326.8417 1083.3266 287.6967 472.0233 275.4663 123.4668 374.4852 183.3906 261.2605 1094.6113;
	3.718 50.238 89.3748 119.0496 14.8507 33.7789 28.7016 17.6169 27.6085 30.653 56.6616 84.528 127.2564 68.4876 192.3163 72.4541 89.8967 95.2637 88.8022 70.888 9.5672 78.8173 74.5938 87.6447 101.5988 72.2178 13.5565 1076.305 750.1489 750.1489 624.1108 96.2892 296.0074 182.466 214.7178 320.0635 989.0898 275.6565 458.8413 272.1395 123.047 374.7201 156.2478 253.5068 999.3929;
	3.6946 49.922 87.0649 118.0719 14.465 33.3475 28.9088 17.3679 27.1946 29.8989 55.2676 82.4484 124.1256 67.655 195.0986 73.5023 91.1972 96.6419 92.3761 70.1983 9.6363 77.8109 73.9408 85.4816 98.5269 70.3638 13.249 1012.1231 713.2683 713.2683 693.0072 99.6448 307.9203 180.6906 212.1075 304.3278 1000.2029 312.7777 466.3357 263.9112 121.5758 369.9352 151.1074 250.0607 1010.6217;
	3.5576 48.0705 78.215 105.1347 13.9819 31.6536 24.8658 15.2677 26.0373 29.2685 54.1024 80.7101 121.5086 66.6232 189.5945 71.4286 88.6244 93.9154 89.5927 69.5358 8.2886 73.8584 72.1333 86.3618 97.4489 70.4135 13.0955 976.4587 676.3232 676.3232 660.5793 94.7764 298.6423 178.9853 208.8726 288.5646 907.9395 313.9701 440.5343 261.024 118.0703 351.144 143.1321 174.0127 917.3972;
	3.6049 48.7102 86.9791 113.0807 14.1465 32.2388 24.8008 17.3312 25.8555 30.1346 55.7033 83.0984 125.1042 66.4489 192.9127 72.6787 90.1754 95.5591 87.7476 70.9465 8.2669 75.2239 74.6036 85.2339 99.7354 71.3497 13.3193 1033.1723 716.245 716.245 609.5212 95.9409 292.4921 182.6164 208.3263 305.5979 965.6382 280.5043 448.7223 267.1483 114.0307 357.6361 149.2647 202.5033 975.6969;
	3.6077 48.7482 86.7844 117.139 15.2334 34.1963 24.097 17.2962 26.4413 31.0136 57.3282 85.5224 128.7534 66.166 190.412 71.7366 89.0065 94.3204 88.3271 71.4837 8.0323 79.7914 74.7879 87.5534 101.3348 70.0925 12.918 1013.0039 711.5803 711.5803 595.3324 95.0058 294.4238 183.9993 207.4395 303.6076 1024.3797 267.05 445.4479 271.4326 114.8767 379.3513 174.6409 183.3822 1035.0504;
	3.5743 48.2961 86.281 109.906 14.4617 32.5948 23.7865 13.0736 26.1197 30.5137 56.4041 84.1439 126.6782 64.7334 184.3032 69.4352 86.151 91.2944 85.2527 69.4321 7.9288 76.0545 74.6554 83.0781 97.0998 55.877 11.3594 1131.891 636.9197 636.9197 581.4538 98.3641 284.1757 178.7184 202.9479 271.7524 1023.4423 282.9616 443.5418 260.0888 113.9254 361.5849 170.6491 171.5518 1034.1031;
