function solarprofile = ex_solar_profilesh1
%EX_WIND_PROFILE_D  Example wind_load_nyiso profile data for deterministic unit commitment.
% 2022.03.12
% Andres F. Ramirez


%% define constants
[GEN_BUS, PG, QG, QMAX, QMIN, VG, MBASE, GEN_STATUS, PMAX, PMIN, ...
    MU_PMAX, MU_PMIN, MU_QMAX, MU_QMIN, PC1, PC2, QC1MIN, QC1MAX, ...
    QC2MIN, QC2MAX, RAMP_AGC, RAMP_10, RAMP_30, RAMP_Q, APF] = idx_gen;
[CT_LABEL, CT_PROB, CT_TABLE, CT_TBUS, CT_TGEN, CT_TBRCH, CT_TAREABUS, ...
    CT_TAREAGEN, CT_TAREABRCH, CT_ROW, CT_COL, CT_CHGTYPE, CT_REP, ...
    CT_REL, CT_ADD, CT_NEWVAL, CT_TLOAD, CT_TAREALOAD, CT_LOAD_ALL_PQ, ...
    CT_LOAD_FIX_PQ, CT_LOAD_DIS_PQ, CT_LOAD_ALL_P, CT_LOAD_FIX_P, ...
    CT_LOAD_DIS_P, CT_TGENCOST, CT_TAREAGENCOST, CT_MODCOST_F, ...
    CT_MODCOST_X] = idx_ct;

solarprofile = struct( ...
    'type', 'mpcData', ...
    'table', CT_TGEN, ...
    'rows', [1:12], ...
    'col', PMAX, ...
    'chgtype', 1, ...
    'values', [] );
solarprofile.values(:,1,:) = [
	0.0 0.0 0.0 0.0 0.0 0.0 0.0 0.0 0.0 0.0 0.0 0.0;
	0.0 0.0 0.0 0.0 0.0 0.0 0.0 0.0 0.0 0.0 0.0 0.0;
	0.0 0.0 0.0 0.0 0.0 0.0 0.0 0.0 0.0 0.0 0.0 0.0;
	0.0 0.0 0.0 0.0 0.0 0.0 0.0 0.0 0.0 0.0 0.0 0.0;
	0.0 0.0 0.0 0.0 0.0 0.0 0.0 0.0 0.0 0.0 0.0 0.0;
	0.0 0.0 0.002 0.0 0.0 0.0 0.0 0.0 0.0 0.0 0.0 0.0;
	8.5527 6.5129 5.5619 1.9707 5.9189 253.7634 31.7204 19.1096 102.2224 88.6656 42.7309 160.574;
	15.6966 12.0497 8.3552 5.5903 10.1196 430.9188 53.8649 68.092 200.9269 268.2329 137.4154 485.7714;
	19.1343 15.8289 11.9224 8.0309 10.9867 455.9314 56.9914 72.7593 226.4854 310.671 193.201 562.6271;
	20.4783 14.8898 11.5268 9.5889 7.4657 399.1288 49.8911 64.3287 236.6928 102.6306 194.322 185.8646;
	18.4794 12.5066 10.8945 9.535 8.4445 327.3231 40.9154 62.687 206.4599 84.5198 214.3239 153.0658;
	19.8516 13.6808 11.4424 9.7496 8.9164 205.8093 25.7262 62.5689 189.5945 102.5004 220.0899 185.6288;
	26.0479 16.6083 13.8 11.0217 9.4572 308.0807 38.5101 69.0953 192.8937 163.4618 191.0066 296.0302;
	23.3624 16.7015 13.8 11.2092 9.6757 387.4288 48.4286 72.118 200.6148 169.1178 167.2887 306.2733;
	18.9961 16.643 13.1168 8.4689 9.6688 400.4178 50.0522 70.5951 200.9861 167.132 155.7269 302.6771;
	9.4748 10.168 6.1344 5.1592 8.5092 324.2641 40.533 45.1373 161.0404 199.4665 137.9876 361.2351;
	0.7816 0.6623 0.3996 1.4234 3.494 52.0744 6.5093 10.224 26.5443 40.8268 32.0271 73.9376;
	0.0 0.0 0.0 0.0 0.0 0.0 0.0 0.0 0.0 0.0 0.0 0.0;
	0.0 0.0 0.0 0.0 0.0 0.0 0.0 0.0 0.0 0.0 0.0 0.0;
	0.0 0.0 0.0 0.0 0.0 0.0 0.0 0.0 0.0 0.0 0.0 0.0;
	0.0 0.0 0.0 0.0 0.0 0.0 0.0 0.0 0.0 0.0 0.0 0.0;
	0.0 0.0 0.0 0.0 0.0 0.0 0.0 0.0 0.0 0.0 0.0 0.0;
	0.0 0.0 0.0 0.0 0.0 0.0 0.0 0.0 0.0 0.0 0.0 0.0;
	0.0 0.0 0.0 0.0 0.0 0.0 0.0 0.0 0.0 0.0 0.0 0.0;
];
