function solarprofile = ex_solar_profilesh1
%EX_WIND_PROFILE_D  Example wind_load_nyiso profile data for deterministic unit commitment.
% 2022.03.12
% Andres F. Ramirez


%% define constants
[GEN_BUS, PG, QG, QMAX, QMIN, VG, MBASE, GEN_STATUS, PMAX, PMIN, ...
    MU_PMAX, MU_PMIN, MU_QMAX, MU_QMIN, PC1, PC2, QC1MIN, QC1MAX, ...
    QC2MIN, QC2MAX, RAMP_AGC, RAMP_10, RAMP_30, RAMP_Q, APF] = idx_gen;
[CT_LABEL, CT_PROB, CT_TABLE, CT_TBUS, CT_TGEN, CT_TBRCH, CT_TAREABUS, ...
    CT_TAREAGEN, CT_TAREABRCH, CT_ROW, CT_COL, CT_CHGTYPE, CT_REP, ...
    CT_REL, CT_ADD, CT_NEWVAL, CT_TLOAD, CT_TAREALOAD, CT_LOAD_ALL_PQ, ...
    CT_LOAD_FIX_PQ, CT_LOAD_DIS_PQ, CT_LOAD_ALL_P, CT_LOAD_FIX_P, ...
    CT_LOAD_DIS_P, CT_TGENCOST, CT_TAREAGENCOST, CT_MODCOST_F, ...
    CT_MODCOST_X] = idx_ct;

solarprofile = struct( ...
    'type', 'mpcData', ...
    'table', CT_TGEN, ...
    'rows', [1:12], ...
    'col', PMAX, ...
    'chgtype', 1, ...
    'values', [] );
solarprofile.values(:,1,:) = [
	0.0 0.0 0.0 0.0 0.0 0.0 0.0 0.0 0.0 0.0 0.0 0.0;
	0.0 0.0 0.0 0.0 0.0 0.0 0.0 0.0 0.0 0.0 0.0 0.0;
	0.0 0.0 0.0 0.0 0.0 0.0 0.0 0.0 0.0 0.0 0.0 0.0;
	0.0 0.0 0.0 0.0 0.0 0.0 0.0 0.0 0.0 0.0 0.0 0.0;
	0.0 0.0 0.0 0.0 0.0 0.0 0.0 0.0 0.0 0.0 0.0 0.0;
	0.0 0.0 0.002 0.0 0.0 0.0 0.0 0.1075 0.0 0.0 0.0 0.0;
	8.2391 5.3123 5.4029 1.8368 6.0953 155.5911 19.4489 30.4778 19.7077 68.5898 38.6934 124.2165;
	14.016 9.444 10.0286 6.8358 12.7163 333.9391 41.7424 70.2015 41.5449 145.7273 30.1941 263.9131;
	18.1014 13.2153 13.126 9.9853 13.3179 382.7586 47.8448 73.5827 87.2888 267.7685 73.8465 484.9303;
	21.0557 10.7475 11.8351 11.1243 12.6644 362.1769 45.2721 65.9716 155.5199 226.67 113.8772 410.5007;
	21.4954 13.3842 12.2665 11.4504 12.2391 376.2346 47.0293 66.4402 157.1572 272.2162 181.2192 492.9852;
	21.8963 15.9065 13.3961 11.6058 11.593 368.2373 46.0297 67.797 152.1097 282.6076 192.9304 511.8041;
	23.2072 16.6083 13.8 11.9059 12.6775 344.6062 43.0758 72.2183 161.4336 178.0187 142.9218 322.393;
	20.0341 16.6083 13.8122 11.7571 13.3061 323.1506 40.3938 73.6701 178.9232 165.5927 125.4518 299.8893;
	15.9746 14.1827 12.9956 10.4913 13.1684 334.8084 41.851 71.5357 178.4851 129.9785 117.0248 235.3919;
	9.1849 7.2489 6.611 7.5091 11.3467 257.978 32.2473 48.6313 166.4157 109.3441 65.0592 198.0228;
	0.7742 0.6652 0.4751 2.3119 3.4125 56.2016 7.0252 13.6327 26.612 29.7554 19.1543 53.8873;
	0.0 0.0 0.0 0.0 0.0 0.0 0.0 0.0 0.0 0.0 0.0 0.0;
	0.0 0.0 0.0 0.0 0.0 0.0 0.0 0.0 0.0 0.0 0.0 0.0;
	0.0 0.0 0.0 0.0 0.0 0.0 0.0 0.0 0.0 0.0 0.0 0.0;
	0.0 0.0 0.0 0.0 0.0 0.0 0.0 0.0 0.0 0.0 0.0 0.0;
	0.0 0.0 0.0 0.0 0.0 0.0 0.0 0.0 0.0 0.0 0.0 0.0;
	0.0 0.0 0.0 0.0 0.0 0.0 0.0 0.0 0.0 0.0 0.0 0.0;
	0.0 0.0 0.0 0.0 0.0 0.0 0.0 0.0 0.0 0.0 0.0 0.0;
];
