function windprofile = ex_wind_profilesh1
%EX_WIND_PROFILE_D  Example wind_load_nyiso profile data for deterministic unit commitment.
% 2022.03.12
% Andres F. Ramirez


%% define constants
[GEN_BUS, PG, QG, QMAX, QMIN, VG, MBASE, GEN_STATUS, PMAX, PMIN, ...
    MU_PMAX, MU_PMIN, MU_QMAX, MU_QMIN, PC1, PC2, QC1MIN, QC1MAX, ...
    QC2MIN, QC2MAX, RAMP_AGC, RAMP_10, RAMP_30, RAMP_Q, APF] = idx_gen;
[CT_LABEL, CT_PROB, CT_TABLE, CT_TBUS, CT_TGEN, CT_TBRCH, CT_TAREABUS, ...
    CT_TAREAGEN, CT_TAREABRCH, CT_ROW, CT_COL, CT_CHGTYPE, CT_REP, ...
    CT_REL, CT_ADD, CT_NEWVAL, CT_TLOAD, CT_TAREALOAD, CT_LOAD_ALL_PQ, ...
    CT_LOAD_FIX_PQ, CT_LOAD_DIS_PQ, CT_LOAD_ALL_P, CT_LOAD_FIX_P, ...
    CT_LOAD_DIS_P, CT_TGENCOST, CT_TAREAGENCOST, CT_MODCOST_F, ...
    CT_MODCOST_X] = idx_ct;

windprofile = struct( ...
    'type', 'mpcData', ...
    'table', CT_TGEN, ...
    'rows', [1:45], ...
    'col', PMAX, ...
    'chgtype', 1, ...
    'values', [] );
windprofile.values(:,1,:) = [
	3.5994 48.6357 87.7333 108.6226 14.028 32.5286 24.8006 17.6582 25.7428 28.2929 52.299 78.0198 117.4583 63.8416 193.1188 72.7564 90.2718 95.6612 25.1082 71.2211 8.2669 75.9 71.1865 88.4344 101.9872 72.3874 13.3922 1088.4781 676.6432 676.6432 533.9182 106.9212 83.6939 183.3232 200.1519 288.7011 1111.9842 217.3927 439.9602 273.1799 117.7054 360.8503 131.4368 252.1056 1123.5673;
	3.5731 48.2798 92.6659 119.2621 14.5194 32.463 27.1704 18.084 26.5531 28.812 53.2586 79.4513 119.6135 63.7252 200.595 75.573 93.7665 99.3645 32.7111 73.5087 9.0568 75.7471 69.1123 89.737 103.3454 71.6274 13.2795 1135.3125 687.8571 687.8571 546.5577 103.1973 109.0371 189.2117 199.787 293.4857 1124.9586 234.4628 444.7387 276.818 121.572 360.1232 129.5581 263.7439 1136.677;
	3.6579 49.4269 93.1205 66.6927 14.609 33.7005 27.8406 18.0922 27.0595 29.1824 53.9432 80.4727 121.1511 63.0297 193.7075 72.9782 90.547 95.9528 33.7148 71.9031 9.2802 78.6344 70.6611 88.3385 102.9138 71.6741 13.5476 1115.3712 686.2356 686.2356 540.3699 106.6102 112.3827 185.0787 197.6067 292.7938 1159.1184 228.5667 442.5248 275.6621 121.7028 373.8504 126.5604 264.1125 1171.1925;
	3.607 48.738 91.6478 86.6124 14.7934 33.5608 28.1253 18.0877 27.9415 29.4015 54.3482 81.0768 122.0607 65.4177 200.9451 75.7049 93.9301 99.5379 42.7379 72.8859 9.3751 78.3085 70.1183 87.4587 100.6598 71.3651 13.5413 1181.4542 706.4367 706.4367 519.0893 97.434 142.4597 187.6085 205.0933 301.413 1099.0758 241.0577 450.6464 269.6244 122.9788 372.3012 168.4598 259.9497 1110.5245;
	3.2378 43.7493 90.4865 118.0756 14.8712 33.3909 24.9592 18.2187 28.3348 30.1672 55.7637 83.1885 125.2398 67.3134 194.8 73.3898 91.0577 96.494 76.6195 73.3144 8.3197 77.912 64.343 85.6492 99.5198 72.5705 13.6607 1126.7363 641.915 641.915 491.0243 96.7133 255.3983 188.7114 211.0366 273.8837 1133.6737 233.0987 457.7161 266.5708 121.3361 370.4159 177.0288 254.7213 1145.4828;
	3.3438 45.1815 88.2678 117.3929 14.7512 33.7199 28.5367 18.2194 27.6314 30.2848 55.981 83.5126 125.7277 67.4533 196.6592 74.0902 91.9267 97.4149 88.8419 73.7839 9.5122 78.6798 72.4059 85.9848 102.394 71.1578 13.7686 1217.2384 692.5602 692.5602 484.9205 99.9845 296.1397 189.92 211.4751 295.4924 1090.1467 212.472 451.0944 274.2696 120.5745 374.0662 185.4162 250.6633 1101.5024;
	3.6035 48.6908 91.7764 119.2575 15.309 33.7049 29.1299 18.6843 27.8133 30.7895 56.9139 84.9044 127.8231 67.5131 199.6902 75.2321 93.3436 98.9163 88.4471 73.7965 9.71 78.6449 75.2252 86.3605 100.8647 74.5902 13.993 1226.2364 728.5368 728.5368 516.9184 96.629 294.8238 189.9525 211.6628 310.8424 1132.4196 217.3181 448.7379 270.1733 120.8849 373.9002 195.9606 260.4917 1144.2156;
	3.5586 48.0851 87.0051 117.4751 15.3077 33.4357 29.5103 18.3755 27.0416 30.3192 56.0446 83.6075 125.8706 67.3151 202.7927 76.401 94.7938 100.4531 89.0357 73.7751 9.8368 78.0166 74.4656 85.2515 103.2864 73.5773 13.8843 1241.5926 738.549 738.549 516.7963 84.6201 296.7857 189.8973 211.0418 315.1143 1149.7979 225.6244 448.9738 276.6599 116.5034 370.9133 201.0168 257.0161 1161.7749;
	3.3641 45.4558 88.9248 117.4467 15.1942 33.6819 29.623 17.9315 27.9268 31.0117 57.3246 85.5171 128.7455 68.1725 205.2789 77.3376 95.956 101.6847 91.7046 73.8598 9.8743 78.5911 74.1909 86.261 100.4872 73.4112 13.3006 1226.4851 788.8647 788.8647 558.796 79.6273 305.6821 190.1154 213.7299 336.5823 1154.8994 251.1381 444.964 269.1622 120.1095 373.6446 178.1411 259.7356 1166.9296;
	3.5994 48.6353 89.2286 116.6917 15.2635 33.6824 28.8418 17.9813 27.5529 31.094 57.4767 85.7439 129.087 66.1177 204.2177 76.9378 95.4599 101.159 91.7965 73.7434 9.6139 78.5924 75.3608 86.4681 99.0984 72.6286 13.129 1156.1998 779.1394 779.1394 625.809 92.151 305.9883 189.8157 207.2879 332.4328 1127.2634 271.8036 438.0422 265.4422 121.5079 373.6506 162.4864 259.556 1139.0057;
	3.485 47.0898 90.6609 114.6355 15.2889 32.6285 26.723 17.6494 27.9684 31.4788 58.1881 86.8052 130.6847 65.6104 203.0124 76.4838 94.8965 100.562 89.0184 73.304 8.9077 76.1333 75.4676 85.1748 96.5221 73.7447 12.8958 1129.1517 770.314 770.314 641.8092 91.4072 296.7282 188.6848 205.6975 328.6673 1085.9184 286.2416 439.9767 258.5414 118.817 361.9592 158.8549 260.9162 1097.23;
	3.5766 48.3272 89.3893 113.7183 15.2527 32.9376 25.3402 17.424 28.0053 30.6123 56.5863 84.4156 127.0873 64.9648 203.6131 76.7101 95.1773 100.8595 89.3125 73.2129 8.4467 76.8544 73.794 83.9468 97.0622 72.7709 12.922 1048.8795 747.6079 747.6079 631.6099 101.6487 297.7083 188.4503 203.6735 318.9794 1071.428 284.9976 434.9721 259.9881 117.0796 365.3879 174.8378 273.9944 1082.5887;
	3.5598 48.1008 87.6614 112.0251 14.3336 32.1821 28.2849 17.4511 28.1543 30.4881 56.3568 84.0732 126.5717 66.7207 202.9857 76.4737 94.884 100.5487 84.7863 73.1864 9.4283 75.0916 73.6323 86.805 97.0464 72.6391 12.9086 1053.9696 728.9725 728.9725 626.4025 103.1265 282.621 188.382 209.1783 311.0283 989.541 299.1296 447.3233 259.9458 118.4457 357.0069 150.4628 263.4602 999.8487;
	3.4722 46.9167 89.1304 112.2395 14.3562 31.8439 27.9437 17.3717 27.5338 29.9954 55.4461 82.7146 124.5264 65.8882 204.5567 77.0656 95.6184 101.3269 88.5985 73.9814 9.3146 74.3024 72.8915 86.7055 97.848 71.8441 12.9923 1065.3116 668.9741 668.9741 622.927 96.5721 295.3282 190.4283 206.5684 285.4289 966.0136 303.3211 445.5281 262.0929 120.1057 353.2546 137.0756 265.8462 976.0762;
	3.5425 47.8666 87.5139 110.3698 13.986 30.9942 25.2356 17.3386 27.4885 29.8466 55.1711 82.3044 123.9088 67.0657 203.7733 76.7704 95.2521 100.9388 88.2308 73.9875 8.4119 72.3197 71.9574 87.5282 98.3736 72.6316 13.0148 943.1625 673.0876 673.0876 584.9956 92.4534 294.1026 190.4441 210.2602 287.1841 819.6021 295.3309 440.9625 263.5008 116.1903 343.8286 147.2362 240.8653 828.1396;
	3.4104 46.0817 87.0987 109.8824 13.954 31.5891 25.0688 13.6518 27.1191 28.8909 53.4043 79.6687 119.9408 67.693 198.4787 74.7757 92.7773 98.3162 84.858 72.647 8.3563 73.7079 70.2799 84.638 93.3671 71.8624 12.77 1033.5562 669.4324 669.4324 554.4714 103.0987 282.86 186.9936 212.2267 285.6245 916.6097 281.8806 434.1652 250.0904 112.3463 350.4284 149.5795 198.5543 926.1577;
	3.2881 44.429 86.2816 111.0826 13.993 31.8929 24.8382 9.5786 27.3686 29.4204 54.3831 81.129 122.1392 67.1252 199.985 75.3432 93.4814 99.0623 88.9313 73.6557 8.2794 74.4167 71.5561 85.4659 91.9642 66.4842 10.4578 1031.459 683.5572 683.5572 617.6022 101.1493 296.4378 189.5899 210.4466 291.6511 1015.0119 292.3484 435.1066 246.3327 114.2899 353.7982 154.7244 167.1679 1025.5849;
	3.5704 48.2439 87.2106 111.6692 13.9758 30.9245 25.3145 11.4362 27.6415 29.1817 53.9419 80.4706 121.1481 67.4779 192.8044 72.6379 90.1249 95.5055 84.8747 72.3852 8.4382 72.1572 68.0655 84.6633 96.8049 56.5991 10.1743 1181.1587 664.6602 664.6602 601.4443 99.2985 282.9156 186.3197 211.5523 283.5884 1068.3899 295.949 456.0458 259.299 115.4204 343.0557 162.649 188.1637 1079.519;
