function windprofile = ex_wind_profilesh1
%EX_WIND_PROFILE_D  Example wind_load_nyiso profile data for deterministic unit commitment.
% 2022.03.12
% Andres F. Ramirez


%% define constants
[GEN_BUS, PG, QG, QMAX, QMIN, VG, MBASE, GEN_STATUS, PMAX, PMIN, ...
    MU_PMAX, MU_PMIN, MU_QMAX, MU_QMIN, PC1, PC2, QC1MIN, QC1MAX, ...
    QC2MIN, QC2MAX, RAMP_AGC, RAMP_10, RAMP_30, RAMP_Q, APF] = idx_gen;
[CT_LABEL, CT_PROB, CT_TABLE, CT_TBUS, CT_TGEN, CT_TBRCH, CT_TAREABUS, ...
    CT_TAREAGEN, CT_TAREABRCH, CT_ROW, CT_COL, CT_CHGTYPE, CT_REP, ...
    CT_REL, CT_ADD, CT_NEWVAL, CT_TLOAD, CT_TAREALOAD, CT_LOAD_ALL_PQ, ...
    CT_LOAD_FIX_PQ, CT_LOAD_DIS_PQ, CT_LOAD_ALL_P, CT_LOAD_FIX_P, ...
    CT_LOAD_DIS_P, CT_TGENCOST, CT_TAREAGENCOST, CT_MODCOST_F, ...
    CT_MODCOST_X] = idx_ct;

windprofile = struct( ...
    'type', 'mpcData', ...
    'table', CT_TGEN, ...
    'rows', [1:45], ...
    'col', PMAX, ...
    'chgtype', 1, ...
    'values', [] );
windprofile.values(:,1,:) = [
	3.6112 48.795 87.9541 93.0242 14.2072 31.7891 25.6722 17.6751 26.198 27.3514 50.5587 75.4237 113.5499 63.3336 197.9104 74.5616 92.5116 98.0347 28.386 70.184 8.5574 74.1746 71.8386 85.9425 101.6352 72.6367 13.3021 1145.9602 657.6485 657.6485 594.0403 106.6817 94.6201 180.6539 198.5594 280.5967 1169.9307 215.4305 429.9447 272.237 114.3735 352.6472 116.1505 273.3806 1182.1174;
	3.573 48.2794 91.1276 110.9175 14.1706 29.7593 26.4366 18.4814 26.1922 25.2541 46.6818 69.64 104.8426 63.3875 193.1771 72.7783 90.2991 95.69 22.7593 71.654 8.8122 69.4385 68.8128 86.648 102.8558 72.2803 13.2936 1124.1529 629.2939 629.2939 546.4844 101.809 75.8645 184.4376 198.7283 268.4987 1104.1199 210.6695 424.3856 275.5067 118.5825 330.1303 110.5001 273.1864 1115.6211;
	3.7367 50.4907 93.2182 61.3256 14.3302 32.1197 27.7159 18.4047 27.0715 28.826 53.2844 79.4899 119.6716 64.9279 197.6598 74.4672 92.3945 97.9106 31.4393 71.033 9.2386 74.946 70.9417 87.3337 102.2566 72.9892 13.7923 1174.8038 678.3755 678.3755 569.8038 103.4352 104.7977 182.8391 203.5576 289.4402 1200.4047 218.0668 423.6145 273.9015 122.3504 356.3148 120.7308 271.8706 1212.909;
	3.7445 50.5967 91.8481 80.4179 15.1533 32.2618 25.3945 18.3593 27.3087 29.0588 53.7148 80.1319 120.6381 65.8878 199.9161 75.3172 93.4492 99.0282 41.3509 70.7228 8.4648 75.2774 66.0329 86.8527 101.1187 73.7405 13.8604 1187.49 674.9079 674.9079 535.7813 91.7285 137.8362 182.0406 206.5673 287.9607 1086.955 237.9337 429.081 270.8538 119.7368 357.8904 166.9589 269.8399 1098.2774;
	3.4575 46.7182 92.5766 119.6808 14.6409 31.906 22.2953 18.7647 27.0554 30.3739 56.1458 83.7585 126.0979 68.5146 196.6321 74.08 91.9141 97.4015 78.6866 69.844 7.4318 74.4473 62.9267 87.9099 104.0007 73.5493 14.0052 1205.3002 668.3477 668.3477 539.5682 96.6257 262.2888 179.7786 214.8025 285.1617 1208.933 247.8068 439.0296 278.5733 119.7528 353.9438 180.5597 268.946 1221.5261;
	3.6825 49.7591 91.9007 117.6028 14.7014 32.1541 27.1053 18.3622 26.5514 30.7241 56.793 84.7239 127.5514 67.6748 200.1892 75.4201 93.5768 99.1635 88.3606 70.9807 9.0351 75.0261 73.5555 86.5944 102.7944 71.8558 13.7592 1185.2588 680.562 680.562 487.098 95.0766 294.5352 182.7045 212.1696 290.3731 1108.4269 211.4611 438.3529 275.3421 114.9428 356.6957 192.0978 271.9876 1119.9731;
	3.5599 48.102 88.8895 115.5683 13.9935 30.8155 27.5135 17.8929 26.1065 29.5761 54.6711 81.5585 122.7858 66.3463 194.897 73.4263 91.103 96.542 86.7795 70.2982 9.1712 71.9028 73.1833 85.2552 98.7876 73.9884 13.069 1196.2228 678.1939 678.1939 536.7935 92.4379 289.2649 180.9479 208.0048 289.3627 1080.182 229.6246 437.2836 264.6097 116.3819 341.8467 189.2406 263.388 1091.4339;
	3.5678 48.2092 87.9179 112.1673 14.2574 31.2446 24.8889 17.8868 25.8945 29.6812 54.8653 81.8483 123.2221 65.2358 195.8728 73.7939 91.5591 97.0254 88.1301 70.1813 8.2963 72.9041 74.1614 85.4472 101.5298 73.1085 12.8943 1119.9437 643.0377 643.0377 517.7643 76.3803 293.7669 180.6469 204.523 274.3628 1028.1827 221.4647 437.1856 271.9548 113.7993 346.6069 181.1075 258.0316 1038.893;
	3.7288 50.3842 93.1024 120.4079 14.1855 33.4034 28.4489 17.7735 26.7209 30.279 55.9703 83.4967 125.7038 67.8209 199.1265 75.0198 93.0801 98.6371 89.8587 69.9402 9.483 77.9412 74.9938 86.9857 102.7312 74.5953 12.9248 1177.4006 709.6062 709.6062 571.1669 74.5886 299.5289 180.0262 212.6275 302.7653 1082.8139 255.9172 457.2668 275.1729 118.7214 370.5548 172.4396 271.7797 1094.0933;
	3.7575 50.7724 93.271 119.3657 14.6372 33.8894 29.1119 18.4333 27.0795 30.9641 57.2366 85.3858 128.5479 69.1663 200.193 75.4215 93.5786 99.1654 89.9201 70.6196 9.704 79.0753 75.5319 88.1031 103.026 74.8406 13.2268 1190.9915 719.8486 719.8486 682.0211 92.6647 299.7336 181.775 216.8458 307.1354 1098.8243 291.1513 467.7028 275.9625 123.5947 375.9464 161.1717 267.4137 1110.2704;
	3.6176 48.8811 90.2735 115.169 14.1211 33.4019 27.9986 18.3285 27.3522 30.4859 56.3527 84.0671 126.5626 68.2152 199.6469 75.2158 93.3233 98.8949 88.9821 69.666 9.3329 77.9378 74.1523 85.5412 98.2353 72.4157 13.1797 1173.492 707.6767 707.6767 644.3613 90.2468 296.6071 179.3205 213.8639 301.942 1061.2294 297.0169 472.8028 263.1302 120.1243 370.5385 164.9321 262.2685 1072.2839;
	3.6627 49.491 90.1156 116.15 14.1738 33.2562 27.1985 18.5406 27.712 31.0509 57.3971 85.6252 128.9082 69.1213 202.9237 76.4503 94.855 100.518 92.1021 70.0349 9.0662 77.5979 75.2603 85.9642 99.2752 72.5329 12.9556 1133.467 721.8945 721.8945 657.2594 96.6965 307.0071 180.27 216.7047 308.0083 1058.9745 277.154 472.5416 265.9156 118.3032 368.9227 174.4339 262.3342 1070.0055;
	3.5578 48.0734 86.5954 110.2686 13.9828 31.8365 28.1276 18.1787 26.6903 30.6104 56.5829 84.4105 127.0796 68.0335 199.2669 75.0726 93.1457 98.7066 88.7838 69.1795 9.3759 74.2851 74.7184 87.2303 97.1056 72.3138 12.7943 1050.5026 700.9225 700.9225 663.4842 100.0419 295.9461 178.0682 213.2943 299.0603 934.4072 293.9575 444.5374 260.1042 115.3795 353.1728 129.1708 239.2243 944.1406;
	3.5629 48.1428 86.3694 109.831 14.0845 29.7658 24.2325 18.3086 24.809 30.2426 55.903 83.3962 125.5526 65.8669 196.5325 74.0425 91.8675 97.3522 89.1074 69.1002 8.0775 69.4536 75.0774 85.9975 95.2086 72.2206 13.0577 1039.4063 617.5216 617.5216 659.6832 97.8903 297.0248 177.8641 206.5015 263.4759 847.1047 281.0271 432.6775 255.0229 114.588 330.2023 124.653 238.5274 855.9287;
	3.6278 49.0192 87.2824 108.6953 13.9318 31.5703 20.26 18.0921 19.8458 29.4979 54.5264 81.3427 122.461 67.1351 190.4893 71.7657 89.0427 94.3587 84.4606 67.5117 6.7533 73.6639 72.059 87.087 96.7324 71.958 12.9699 1002.9441 628.4724 628.4724 638.6382 96.1859 281.5353 173.7752 210.4776 268.1482 807.2124 299.1641 424.8969 259.1046 112.5559 350.2193 148.372 238.3893 815.6209;
	3.6088 48.7629 89.2766 113.1782 12.8326 31.7395 22.8382 17.8902 23.6065 29.5368 54.5983 81.45 122.6225 67.014 192.9278 72.6844 90.1825 95.5666 85.1054 68.9716 7.6127 74.0587 72.4982 84.6028 96.9741 73.6345 13.1107 1101.0804 670.0439 670.0439 623.3069 103.4193 283.6846 177.5331 210.0979 285.8854 956.783 291.2363 434.5411 259.7522 111.1702 352.0964 147.7763 234.2972 966.7495;
	3.5736 48.2878 88.0014 114.0158 13.942 31.9668 24.2117 17.6785 26.098 29.785 55.0572 82.1345 123.6531 62.2484 189.9356 71.5571 88.7838 94.0844 86.0512 69.4379 8.0706 74.5892 73.3137 86.6518 98.4505 71.6361 12.0569 1083.4061 686.0508 686.0508 619.4107 96.4139 286.8372 178.7332 195.1571 292.715 1050.9329 267.8817 437.0573 263.7068 112.7864 354.6183 172.5078 219.0537 1061.8801;
	3.5994 48.6353 89.0647 111.1966 14.1016 31.8557 25.7629 14.9497 27.1529 29.8905 55.2522 82.4254 124.091 64.0238 184.759 69.6069 86.3641 91.5202 84.2735 67.8436 8.5876 74.3299 72.5667 83.453 97.6936 66.1155 11.352 1173.6576 702.1573 702.1573 644.4686 93.7365 280.9116 174.6295 200.7233 299.5871 1067.4694 262.1705 475.0312 261.6793 113.762 353.3854 174.1929 231.4468 1078.5888;
