function windprofile = ex_wind_profilesh1
%EX_WIND_PROFILE_D  Example wind_load_nyiso profile data for deterministic unit commitment.
% 2022.03.12
% Andres F. Ramirez


%% define constants
[GEN_BUS, PG, QG, QMAX, QMIN, VG, MBASE, GEN_STATUS, PMAX, PMIN, ...
    MU_PMAX, MU_PMIN, MU_QMAX, MU_QMIN, PC1, PC2, QC1MIN, QC1MAX, ...
    QC2MIN, QC2MAX, RAMP_AGC, RAMP_10, RAMP_30, RAMP_Q, APF] = idx_gen;
[CT_LABEL, CT_PROB, CT_TABLE, CT_TBUS, CT_TGEN, CT_TBRCH, CT_TAREABUS, ...
    CT_TAREAGEN, CT_TAREABRCH, CT_ROW, CT_COL, CT_CHGTYPE, CT_REP, ...
    CT_REL, CT_ADD, CT_NEWVAL, CT_TLOAD, CT_TAREALOAD, CT_LOAD_ALL_PQ, ...
    CT_LOAD_FIX_PQ, CT_LOAD_DIS_PQ, CT_LOAD_ALL_P, CT_LOAD_FIX_P, ...
    CT_LOAD_DIS_P, CT_TGENCOST, CT_TAREAGENCOST, CT_MODCOST_F, ...
    CT_MODCOST_X] = idx_ct;

windprofile = struct( ...
    'type', 'mpcData', ...
    'table', CT_TGEN, ...
    'rows', [1:45], ...
    'col', PMAX, ...
    'chgtype', 1, ...
    'values', [] );
windprofile.values(:,1,:) = [
	3.7544 50.7304 89.9494 112.686 14.6476 34.0491 25.8682 18.6842 26.39 29.6478 54.8034 81.756 123.0831 67.0588 196.8705 74.1698 92.0255 97.5196 39.8245 71.4974 8.6227 79.4479 72.3558 87.5886 104.9106 75.7117 13.7132 1208.8953 713.0645 713.0645 620.8608 110.7377 132.7483 184.0345 210.2385 304.2408 1189.0884 233.9021 453.7963 281.0107 117.5388 377.7181 146.6961 271.5249 1201.4747;
	3.628 49.0221 92.149 118.6255 14.39 32.3756 25.7037 18.4291 26.5326 29.6559 54.8184 81.7783 123.1168 65.9552 190.61 71.8112 89.0991 94.4184 34.2717 71.6983 8.5679 75.5431 74.588 86.6266 102.2778 73.4793 13.3174 1196.703 690.8246 690.8246 595.2694 110.4209 114.2389 184.5515 206.7783 294.7518 1158.0216 231.8065 435.6593 273.9583 117.6484 359.1535 137.4194 273.5836 1170.0843;
	3.5824 48.4063 90.9271 62.809 14.0595 32.7191 26.6612 17.8068 27.557 29.8144 55.1115 82.2155 123.775 64.5131 197.7041 74.4839 92.4152 97.9325 36.8444 71.4678 8.8871 76.3446 75.0046 86.3147 101.0138 71.4515 13.335 1169.8227 690.3803 690.3803 537.8981 107.9055 122.8146 183.9584 202.2573 294.5622 1161.6148 217.3036 442.3703 270.5726 119.3843 362.9641 126.9726 263.6874 1173.715;
	3.6145 48.8402 87.6458 80.2708 14.0668 32.4836 25.8952 17.4486 26.4153 29.0175 53.6385 80.018 120.4667 63.875 195.7966 73.7652 91.5235 96.9876 44.6186 71.8554 8.6317 75.795 69.7422 84.8778 97.0405 71.7706 12.6777 1216.0444 696.0987 696.0987 568.6321 98.203 148.7288 184.9559 200.2567 297.0021 1103.8973 243.5333 457.7748 259.9299 115.1538 360.3512 167.9837 244.3551 1115.3962;
	3.5264 47.649 92.0136 118.1422 14.9668 32.5559 20.5711 18.3009 26.234 29.1653 53.9116 80.4255 121.0802 63.2256 187.9308 70.8018 87.8467 93.0913 77.0096 72.8818 6.857 75.9637 65.8663 86.3936 101.0338 73.7002 13.0844 1197.3618 663.5358 663.5358 558.8885 96.1013 256.6987 187.5978 198.2209 283.1086 1157.9351 241.0524 448.1492 270.6263 115.2562 361.153 184.4717 258.5833 1169.9969;
	3.7952 51.2821 91.8744 119.0846 14.8628 34.1365 26.2601 18.3512 27.0988 29.8474 55.1725 82.3064 123.9119 65.165 192.29 72.4441 89.8844 95.2506 87.2503 72.5697 8.7534 79.6518 72.9006 85.9402 103.5406 72.673 13.4155 1254.5107 753.7012 753.7012 545.2807 101.5596 290.8342 186.7945 204.3011 321.5792 1182.4955 239.5533 464.6583 277.341 111.2886 378.6872 199.7891 266.5943 1194.8132;
	3.7939 51.2641 90.6734 117.4469 14.4531 32.7742 28.391 18.2903 26.8132 29.2497 54.0676 80.6583 121.4306 64.7915 193.6317 72.9496 90.5116 95.9153 87.4462 72.641 9.4637 76.4732 73.605 84.4258 99.6872 73.9576 13.0777 1255.0667 783.8729 783.8729 606.9895 95.6856 291.4872 186.9782 203.1302 334.4525 1196.508 271.9266 466.9289 267.0192 112.8513 363.5754 198.0531 260.7227 1208.9716;
	3.7363 50.4863 87.9307 114.8383 14.5338 33.6154 28.1576 17.9874 26.1452 29.6614 54.8287 81.7936 123.1398 65.4173 199.1618 75.0331 93.0966 98.6546 87.8572 73.3419 9.3859 78.436 73.035 83.8383 102.9897 71.2453 12.977 1230.4846 769.1738 769.1738 565.5489 80.0519 292.8572 188.7822 205.092 328.1808 1177.2559 253.0152 471.8314 275.8653 110.9355 372.9071 194.6135 251.2198 1189.519;
	3.7919 51.2369 89.7383 117.9737 14.9349 33.5542 28.8334 17.4932 26.2429 30.1931 55.8114 83.2596 125.3469 67.2203 198.9597 74.9569 93.0021 98.5545 88.192 73.6508 9.6111 78.2932 73.3239 82.8495 100.6763 71.0165 13.0816 1290.0707 809.2271 809.2271 617.122 76.0146 293.9735 189.5775 210.7448 345.2702 1236.8047 282.5027 467.7729 269.6686 115.6459 372.2285 185.8833 259.755 1249.6881;
	3.6942 49.9166 87.7745 117.2391 14.6427 33.3161 29.2832 16.4679 27.374 30.5045 56.3872 84.1186 126.64 66.4756 202.9355 76.4548 94.8605 100.5239 90.3311 73.5356 9.7611 77.7376 73.246 83.38 97.1783 69.8657 12.8007 1234.3291 772.7983 772.7983 657.4931 83.1035 301.1038 189.2808 208.4101 329.7273 1183.8004 301.6554 475.0766 260.299 115.3895 369.5867 162.8421 253.0563 1196.1316;
	3.6804 49.7307 87.541 115.3302 14.204 32.5524 26.1506 16.3521 26.66 30.1487 55.7293 83.1372 125.1626 66.7792 201.2239 75.8099 94.0605 99.676 87.2667 73.7097 8.7169 75.9557 72.4599 83.5893 96.3093 68.5671 12.8229 1220.0696 762.9203 762.9203 634.5138 83.6412 290.8889 189.7289 209.3617 325.5126 1116.8182 307.8601 467.256 257.9712 117.8148 361.1152 165.3304 255.1817 1128.4517;
	3.7417 50.5586 88.6005 117.0329 14.0052 32.2257 24.7662 15.6365 26.4506 30.2074 55.8379 83.2992 125.4064 68.3058 200.9151 75.6936 93.9161 99.5231 87.5617 73.3155 8.2554 75.1933 72.7399 82.8337 97.5396 66.5152 12.4575 1160.9158 742.0883 742.0883 655.4232 89.9401 291.8724 188.7143 214.148 316.6244 1124.6445 301.4606 465.0588 261.2668 118.602 357.4905 185.9105 257.7519 1136.3595;
	3.7537 50.7208 89.7755 117.7679 14.0175 33.1908 27.8064 17.4246 26.5427 30.015 55.4822 82.7685 124.6076 66.2805 198.1262 74.6429 92.6125 98.1416 82.2565 71.7756 9.2688 77.4453 71.5161 86.6693 98.1943 70.8302 13.0797 1174.095 747.6705 747.6705 650.4188 95.5771 274.1882 184.7506 207.7982 319.0061 1054.0889 299.6989 464.583 263.0204 117.8667 368.1972 159.7073 254.3718 1065.069;
	3.8918 52.5863 93.6544 119.0175 14.4827 33.8869 28.4957 17.4779 26.9765 30.2001 55.8245 83.2792 125.3763 68.777 202.0486 76.1206 94.446 100.0846 86.6327 72.7736 9.4986 79.0693 73.4947 86.4526 97.4646 68.9072 13.0992 1150.8944 710.8942 710.8942 659.4414 93.2211 288.7755 187.3194 215.6253 303.3149 1062.1849 313.4158 474.6996 261.0659 116.3788 375.9182 162.146 263.5298 1073.2493;
	3.7369 50.4944 88.0172 111.1598 14.1051 31.9665 25.2512 14.4195 26.2857 30.0946 55.6294 82.9882 124.9382 67.5348 194.174 73.1539 90.765 96.1839 81.283 72.726 8.4171 74.5884 71.4409 87.0748 94.5376 68.1099 12.7411 1066.184 702.705 702.705 642.1531 97.7206 270.9432 187.1968 211.7307 299.8208 931.6765 310.8685 467.0023 253.2258 112.3509 354.6145 171.4918 202.8974 941.3814;
	3.8103 51.486 90.5875 113.1976 14.5264 32.3719 26.3333 16.7052 26.0618 30.5201 56.416 84.1616 126.7048 66.2596 200.5478 75.5552 93.7445 99.3411 84.5783 73.5473 8.7778 75.5344 74.7724 86.0839 97.6929 68.3157 12.8423 1130.8374 732.2243 732.2243 606.5709 103.2343 281.9277 189.3109 207.7327 312.4157 997.4741 280.3928 461.882 261.6775 112.6725 359.112 182.0677 221.2816 1007.8644;
	3.5764 48.3256 86.2005 110.5826 14.3474 32.4782 23.9656 14.5687 26.0309 30.5848 56.5356 84.34 126.9734 63.484 199.991 75.3455 93.4842 99.0653 86.7437 72.0156 7.9885 75.7825 74.8613 85.5307 94.5582 66.0627 11.0153 1132.9955 730.9939 730.9939 638.0815 103.5549 289.1455 185.3682 199.031 311.8907 1076.7368 290.0499 445.5953 253.2809 112.4128 360.2916 180.576 180.807 1087.9528;
	3.8629 52.1962 88.5431 110.4653 14.5513 32.7839 25.8572 12.8801 27.4457 30.6335 56.6256 84.4742 127.1754 60.8162 193.4757 72.8909 90.4387 95.838 84.9676 68.0461 8.6191 76.4957 75.0111 84.6903 96.5781 45.5261 10.2358 1196.6758 716.1732 716.1732 612.7878 103.0743 283.2253 175.151 190.6672 305.5672 1102.485 296.3508 444.5728 258.6914 113.818 363.6823 185.6719 191.3807 1113.9692;
