function solarprofile = ex_solar_profilesh1
%EX_WIND_PROFILE_D  Example wind_load_nyiso profile data for deterministic unit commitment.
% 2022.03.12
% Andres F. Ramirez


%% define constants
[GEN_BUS, PG, QG, QMAX, QMIN, VG, MBASE, GEN_STATUS, PMAX, PMIN, ...
    MU_PMAX, MU_PMIN, MU_QMAX, MU_QMIN, PC1, PC2, QC1MIN, QC1MAX, ...
    QC2MIN, QC2MAX, RAMP_AGC, RAMP_10, RAMP_30, RAMP_Q, APF] = idx_gen;
[CT_LABEL, CT_PROB, CT_TABLE, CT_TBUS, CT_TGEN, CT_TBRCH, CT_TAREABUS, ...
    CT_TAREAGEN, CT_TAREABRCH, CT_ROW, CT_COL, CT_CHGTYPE, CT_REP, ...
    CT_REL, CT_ADD, CT_NEWVAL, CT_TLOAD, CT_TAREALOAD, CT_LOAD_ALL_PQ, ...
    CT_LOAD_FIX_PQ, CT_LOAD_DIS_PQ, CT_LOAD_ALL_P, CT_LOAD_FIX_P, ...
    CT_LOAD_DIS_P, CT_TGENCOST, CT_TAREAGENCOST, CT_MODCOST_F, ...
    CT_MODCOST_X] = idx_ct;

solarprofile = struct( ...
    'type', 'mpcData', ...
    'table', CT_TGEN, ...
    'rows', [1:12], ...
    'col', PMAX, ...
    'chgtype', 1, ...
    'values', [] );
solarprofile.values(:,1,:) = [
	0.0 0.0 0.0 0.0 0.0 0.0 0.0 0.0 0.0 0.0 0.0 0.0;
	0.0 0.0 0.0 0.0 0.0 0.0 0.0 0.0 0.0 0.0 0.0 0.0;
	0.0 0.0 0.0 0.0 0.0 0.0 0.0 0.0 0.0 0.0 0.0 0.0;
	0.0 0.0 0.0 0.0 0.0 0.0 0.0 0.0 0.0 0.0 0.0 0.0;
	0.0 0.0 0.0 0.0 0.0 0.0 0.0 0.0 0.0 0.0 0.0 0.0;
	0.0 0.0 0.002 0.0 0.0 0.0 0.0 0.0 0.0 0.0 0.0 0.0;
	7.424 5.409 1.907 4.0235 5.995 204.5336 25.5667 38.3328 27.3451 73.8156 42.5575 133.6805;
	18.8034 15.9977 11.5939 8.7261 13.0029 360.6505 45.0813 71.927 61.9771 321.7486 140.7029 582.6887;
	23.3584 16.832 13.8185 11.0576 13.6173 394.8997 49.3625 74.2079 83.1977 342.9866 192.5616 621.1508;
	23.4966 16.6083 13.8 11.5102 12.4351 392.7475 49.0934 64.5594 72.8915 331.959 185.8357 601.1797;
	26.1103 16.6083 13.8 11.7746 12.0916 416.21 52.0263 63.6635 66.4504 311.3134 197.8606 563.7905;
	26.4045 16.6083 13.8 11.818 11.162 424.9689 53.1211 65.1682 92.0955 305.6878 196.8733 553.6025;
	26.7341 16.7669 13.8294 11.8388 11.3814 449.0154 56.1269 72.2403 174.6276 211.9619 148.0449 383.8643;
	23.5605 16.684 13.8 11.6925 11.5453 443.3225 55.4153 74.4393 185.8551 192.2951 107.1115 348.2476;
	12.476 14.283 9.2849 10.1699 10.9441 434.4249 54.3031 72.7808 169.4999 139.9073 85.5066 253.373;
	1.1657 4.5221 0.9255 6.5744 7.8451 307.3016 38.4127 49.1478 59.1652 66.824 22.9922 121.0186;
	0.7824 0.8813 0.4208 1.4185 3.0354 52.1181 6.5148 11.3297 19.7721 21.9646 16.884 39.778;
	0.0 0.0 0.0 0.0 0.0 0.0 0.0 0.0 0.0 0.0 0.0 0.0;
	0.0 0.0 0.0 0.0 0.0 0.0 0.0 0.0 0.0 0.0 0.0 0.0;
	0.0 0.0 0.0 0.0 0.0 0.0 0.0 0.0 0.0 0.0 0.0 0.0;
	0.0 0.0 0.0 0.0 0.0 0.0 0.0 0.0 0.0 0.0 0.0 0.0;
	0.0 0.0 0.0 0.0 0.0 0.0 0.0 0.0 0.0 0.0 0.0 0.0;
	0.0 0.0 0.0 0.0 0.0 0.0 0.0 0.0 0.0 0.0 0.0 0.0;
	0.0 0.0 0.0 0.0 0.0 0.0 0.0 0.0 0.0 0.0 0.0 0.0;
];
