function windprofile = ex_wind_profilesh1
%EX_WIND_PROFILE_D  Example wind_load_nyiso profile data for deterministic unit commitment.
% 2022.03.12
% Andres F. Ramirez


%% define constants
[GEN_BUS, PG, QG, QMAX, QMIN, VG, MBASE, GEN_STATUS, PMAX, PMIN, ...
    MU_PMAX, MU_PMIN, MU_QMAX, MU_QMIN, PC1, PC2, QC1MIN, QC1MAX, ...
    QC2MIN, QC2MAX, RAMP_AGC, RAMP_10, RAMP_30, RAMP_Q, APF] = idx_gen;
[CT_LABEL, CT_PROB, CT_TABLE, CT_TBUS, CT_TGEN, CT_TBRCH, CT_TAREABUS, ...
    CT_TAREAGEN, CT_TAREABRCH, CT_ROW, CT_COL, CT_CHGTYPE, CT_REP, ...
    CT_REL, CT_ADD, CT_NEWVAL, CT_TLOAD, CT_TAREALOAD, CT_LOAD_ALL_PQ, ...
    CT_LOAD_FIX_PQ, CT_LOAD_DIS_PQ, CT_LOAD_ALL_P, CT_LOAD_FIX_P, ...
    CT_LOAD_DIS_P, CT_TGENCOST, CT_TAREAGENCOST, CT_MODCOST_F, ...
    CT_MODCOST_X] = idx_ct;

windprofile = struct( ...
    'type', 'mpcData', ...
    'table', CT_TGEN, ...
    'rows', [1:45], ...
    'col', PMAX, ...
    'chgtype', 1, ...
    'values', [] );
windprofile.values(:,1,:) = [
	3.5939 48.5618 87.7535 102.9624 14.5456 32.4109 23.2745 18.2364 23.793 28.7028 53.0567 79.1501 119.1601 63.4228 192.3911 72.4822 89.9316 95.3007 18.7247 69.1235 7.7582 75.6255 71.902 86.9313 102.3336 74.1528 13.9201 1038.2713 654.4155 654.4155 574.2141 104.7724 62.4158 177.924 198.8391 279.2173 1051.6206 211.9186 370.3593 274.1077 120.4406 359.5453 145.4699 269.8834 1062.5749;
	3.3718 45.5609 86.8783 108.8835 14.252 31.1706 22.0058 17.8316 23.3349 29.2465 54.0617 80.6494 121.4172 55.5078 186.9012 70.4139 87.3654 92.5813 22.1439 70.8008 7.3353 72.7313 70.3773 86.4644 100.5774 73.8308 13.3484 973.8002 571.5886 571.5886 506.9688 96.0904 73.8131 182.2415 174.0245 243.8778 982.4174 196.3411 356.0104 269.4038 120.1953 345.7855 129.0782 273.0828 992.6509;
	3.4646 46.8145 83.0897 35.5418 14.1995 31.6316 24.4723 17.473 23.8166 29.331 54.2179 80.8824 121.768 61.8081 191.3374 72.0852 89.4391 94.7787 27.974 68.3359 8.1574 73.807 69.9076 85.665 99.6391 72.6059 13.4633 1033.3333 599.6251 599.6251 525.8646 101.966 93.2467 175.8967 193.7768 255.84 1051.6317 206.0624 338.6485 266.8905 118.1455 350.8997 118.5325 269.4772 1062.5862;
	3.5328 47.7363 87.5091 64.8168 14.3559 32.0727 21.939 18.0762 24.4988 29.1289 53.8443 80.3252 120.9291 63.5917 194.6935 73.3496 91.0079 96.4412 19.3467 70.113 7.313 74.8362 63.8634 85.9883 100.6769 76.2525 13.5217 1145.414 629.3142 629.3142 521.4456 93.9847 64.4889 180.471 199.3685 268.5074 1008.3371 218.3696 358.6567 269.6702 116.1586 355.7929 150.2565 270.0252 1018.8406;
	3.3313 45.0132 89.6871 112.8056 14.5417 31.9983 19.9722 18.0075 24.9754 29.3022 54.1646 80.8029 121.6484 63.5103 185.3349 69.8238 86.6333 91.8054 61.9968 67.6156 6.6574 74.6628 49.2641 86.5096 102.813 73.9515 13.2365 1125.524 607.2378 607.2378 527.0492 93.4126 206.6559 174.0428 199.1135 259.0881 1108.9052 224.4766 378.9052 275.392 114.8215 354.9681 168.1939 270.6064 1120.4563;
	3.6616 49.4757 86.7252 111.9489 14.7944 33.229 23.9701 17.8828 24.9197 29.6933 54.8875 81.8814 123.272 65.2962 193.9109 73.0548 90.6421 96.0536 77.9487 70.9966 7.99 77.5343 68.691 85.9951 102.5753 73.2708 13.3613 1192.2682 650.533 650.533 511.6352 90.9478 259.8289 182.7453 204.7123 277.5607 1079.6936 220.4196 384.3598 274.7551 113.3905 368.6202 188.8151 263.5198 1090.9404;
	3.5647 48.1673 87.595 111.4886 14.4473 32.3627 25.4455 18.1941 25.8069 30.3688 56.1362 83.7442 126.0765 65.8725 192.8748 72.6645 90.1578 95.5403 78.06 71.35 8.4818 75.5129 72.9313 84.354 101.2334 75.4259 13.25 1175.5428 708.2261 708.2261 551.8914 90.4579 260.1999 183.655 206.5192 302.1764 1082.0386 242.3577 431.177 271.1608 115.4443 359.01 184.8698 262.2316 1093.3099;
	3.5569 48.0613 87.655 112.8057 14.4867 32.7838 24.4969 18.1524 25.1416 29.3421 54.2385 80.9132 121.8144 66.2731 193.1209 72.7572 90.2728 95.6622 78.844 70.8059 8.1656 76.4956 72.4625 84.9822 103.3791 74.1103 13.069 1143.3457 665.3875 665.3875 495.952 74.2425 262.8134 182.2547 207.7753 283.8987 1063.8044 228.8759 406.3181 276.9084 112.6025 363.682 188.5309 254.2769 1074.8857;
	3.687 49.819 90.4243 116.71 14.6348 33.7163 25.7807 17.6728 21.9925 28.2771 52.2698 77.9762 117.3928 67.3198 192.4705 72.5122 89.9688 95.3401 83.2922 68.2964 8.5936 78.6714 66.5656 84.0884 101.4328 73.0021 13.1381 1188.563 759.6794 759.6794 590.8432 77.5792 277.6408 175.7952 211.0566 324.1299 1148.8535 268.4544 386.0335 271.6951 114.2394 374.0265 174.76 267.3838 1160.8207;
	3.7226 50.301 92.0361 117.2382 14.5718 33.7229 27.7893 18.1988 22.6482 29.8003 55.0854 82.1766 123.7164 67.0128 192.4537 72.5058 89.9609 95.3317 76.065 69.6447 9.2631 78.6868 71.6689 84.8212 102.3873 72.5655 13.2335 1132.8722 756.2287 756.2287 671.7302 92.876 253.55 179.2657 210.094 322.6576 1133.1794 292.2551 433.2081 274.2516 117.9431 374.0997 165.077 259.4535 1144.9834;
	3.8423 51.9181 93.9376 117.9232 14.7178 34.1889 24.7912 18.6861 23.5175 30.5993 56.5623 84.3798 127.0334 67.5261 192.153 72.3925 89.8203 95.1828 60.9777 69.4382 8.2637 79.7741 72.7444 85.9199 103.4444 72.0309 13.6754 1101.4857 745.942 745.942 669.0545 95.1105 203.2591 178.7341 211.7033 318.2686 1048.3458 294.4667 421.0038 277.0832 119.5411 379.2689 169.7822 267.3324 1059.2661;
	3.7972 51.3087 92.5628 117.4647 14.5493 34.2446 23.5963 18.6321 21.4962 29.8568 55.1898 82.3323 123.9508 67.8511 193.5332 72.9125 90.4655 95.8665 83.9459 67.4811 7.8654 79.9041 72.3881 83.8478 102.0069 70.4288 13.2962 1079.9433 756.0282 756.0282 707.0103 101.5371 279.8196 173.6966 212.7225 322.572 1085.1453 297.6458 394.0515 273.2329 118.6035 379.887 195.0829 267.1732 1096.4489;
	3.8134 51.5271 89.7272 116.0078 14.8574 34.1479 26.2305 17.8404 24.608 31.2229 57.7151 86.0995 129.6223 67.3745 189.1258 71.2521 88.4053 93.6833 82.2704 66.9639 8.7435 79.6783 73.456 86.4059 101.5082 70.0794 13.2112 1089.7171 734.2694 734.2694 683.4709 104.4259 274.2346 172.3653 211.2282 313.2883 996.9916 300.7634 398.2894 271.8971 117.3398 378.8135 169.364 262.3556 1007.3769;
	3.6964 49.9466 91.5911 113.766 14.445 33.0968 25.328 18.2885 24.4842 30.9661 57.2404 85.3914 128.5564 65.6233 195.2644 73.5647 91.2747 96.724 87.9946 68.4339 8.4427 77.2258 73.9421 86.3309 104.1592 70.2692 13.1401 1066.3169 700.1399 700.1399 694.6891 102.6979 293.3153 176.149 205.7379 298.7263 995.5416 311.4054 390.2496 278.9978 113.6311 367.1533 165.3467 267.9936 1005.9118;
	3.6732 49.6331 89.2587 111.2533 14.2787 32.0699 22.7726 18.138 25.9312 31.0853 57.4607 85.72 129.051 67.0283 191.4474 72.1267 89.4905 94.8333 85.4231 67.5597 7.5909 74.8297 73.4565 86.8044 101.2075 71.6637 13.075 1087.0432 685.7367 685.7367 693.5255 107.1086 284.7437 173.8987 210.1426 292.581 943.9717 315.808 391.7148 271.0914 115.135 355.7616 190.1941 256.721 953.8048;
	3.6375 49.1512 88.6136 110.9491 14.117 32.489 20.513 17.5924 25.7563 30.967 57.242 85.3938 128.5599 66.4609 179.792 67.7356 84.0423 89.0598 83.6148 65.0985 6.8377 75.8076 74.2625 84.0569 99.6084 72.2024 12.9302 1069.5286 696.9305 696.9305 627.4929 110.1647 278.7161 167.5637 208.3638 297.357 988.5172 284.2985 421.908 266.8082 112.7283 360.4109 184.8032 249.2854 998.8142;
	3.573 48.2792 88.5286 115.1922 14.0681 32.8169 21.6956 17.1037 26.1777 30.957 57.2236 85.3664 128.5186 64.8292 188.0182 70.8348 87.8876 93.1346 87.3538 69.865 7.2319 76.5728 73.0538 86.5144 100.0215 70.9414 11.8673 1032.9848 695.0887 695.0887 613.5081 107.8127 291.1793 179.8327 203.2483 296.5712 1048.3472 274.9693 417.6316 267.9148 116.9386 364.0489 187.4753 233.9532 1059.2675;
	3.7233 50.3099 92.3673 118.461 14.9364 33.2072 25.0863 14.8234 27.4362 30.8538 57.0328 85.0817 128.09 65.6536 186.7315 70.35 87.2861 92.4972 85.4248 68.293 8.3621 77.4834 71.5121 86.3832 102.5743 66.9542 11.3385 1187.7468 698.8827 698.8827 671.8968 101.153 284.7495 175.7864 205.833 298.19 1097.582 267.8815 441.7665 274.7525 118.8633 368.3784 193.2926 251.7004 1109.0152;
