function windprofile = ex_wind_profilesh1
%EX_WIND_PROFILE_D  Example wind_load_nyiso profile data for deterministic unit commitment.
% 2022.03.12
% Andres F. Ramirez


%% define constants
[GEN_BUS, PG, QG, QMAX, QMIN, VG, MBASE, GEN_STATUS, PMAX, PMIN, ...
    MU_PMAX, MU_PMIN, MU_QMAX, MU_QMIN, PC1, PC2, QC1MIN, QC1MAX, ...
    QC2MIN, QC2MAX, RAMP_AGC, RAMP_10, RAMP_30, RAMP_Q, APF] = idx_gen;
[CT_LABEL, CT_PROB, CT_TABLE, CT_TBUS, CT_TGEN, CT_TBRCH, CT_TAREABUS, ...
    CT_TAREAGEN, CT_TAREABRCH, CT_ROW, CT_COL, CT_CHGTYPE, CT_REP, ...
    CT_REL, CT_ADD, CT_NEWVAL, CT_TLOAD, CT_TAREALOAD, CT_LOAD_ALL_PQ, ...
    CT_LOAD_FIX_PQ, CT_LOAD_DIS_PQ, CT_LOAD_ALL_P, CT_LOAD_FIX_P, ...
    CT_LOAD_DIS_P, CT_TGENCOST, CT_TAREAGENCOST, CT_MODCOST_F, ...
    CT_MODCOST_X] = idx_ct;

windprofile = struct( ...
    'type', 'mpcData', ...
    'table', CT_TGEN, ...
    'rows', [1:45], ...
    'col', PMAX, ...
    'chgtype', 1, ...
    'values', [] );
windprofile.values(:,1,:) = [
	3.57 48.239 89.9653 100.1028 13.9933 31.8359 29.0878 17.9254 27.2089 30.6867 56.724 84.621 127.3964 67.0707 196.2607 73.9401 91.7405 97.2175 34.8591 71.2499 9.6959 74.2837 74.6915 87.3191 102.3863 74.6293 13.5714 1070.3531 682.6098 682.6098 595.7662 106.4876 116.1969 183.3974 210.2757 291.2468 1108.2765 232.6716 462.0462 274.2489 117.5364 353.1659 133.1254 276.4075 1119.8211;
	3.4949 47.2244 90.2931 115.6173 14.1824 30.511 29.723 18.4024 27.2545 30.345 56.0923 83.6786 125.9777 67.7148 193.4387 72.8769 90.4214 95.8196 31.8752 72.8294 9.9077 71.1924 72.9703 87.4429 104.5387 74.3477 13.5558 1073.9695 699.4098 699.4098 588.5521 106.1784 106.2508 187.4631 212.2951 298.4148 1123.5951 238.8255 463.4376 280.0145 119.697 338.4692 124.2692 274.4221 1135.2992;
	3.5821 48.4016 92.7575 62.3768 14.4738 31.9584 30.309 18.1304 27.6348 30.4734 56.3296 84.0327 126.5107 68.9794 201.3067 75.8411 94.0992 99.717 34.1038 72.984 10.103 74.5696 74.1767 88.4309 105.8397 74.7925 13.834 1079.2321 697.4439 697.4439 577.1421 109.0811 113.6793 187.861 216.2597 297.576 1165.3402 244.6015 471.9664 283.4992 121.4667 354.5251 122.7261 273.6987 1177.4791;
	3.5573 48.0668 89.7622 78.4678 14.3865 31.94 29.8041 18.0543 28.1636 29.9316 55.3281 82.5386 124.2615 67.9951 201.0153 75.7313 93.963 99.5727 32.3976 72.4332 9.9347 74.5268 69.6953 87.0289 105.3068 73.7652 13.5573 1125.1209 704.1327 704.1327 558.7335 104.2528 107.9921 186.4433 213.1738 300.4299 1100.1641 258.8196 476.026 282.0717 122.1942 354.3215 158.9323 267.7334 1111.6242;
	3.4109 46.0886 90.4776 115.4247 15.0535 32.1792 26.0362 18.377 28.4017 30.4541 56.294 83.9795 126.4307 66.6453 202.4861 76.2855 94.6505 100.3013 75.3051 72.7652 8.6787 75.0848 64.5466 86.7599 105.2632 73.3965 13.642 1072.0482 624.4839 624.4839 499.827 97.4354 251.0171 187.2978 208.9419 266.4465 1092.3386 236.9492 475.4819 281.955 122.8731 356.9747 179.1567 264.8533 1103.7171;
	3.6035 48.6907 90.1669 115.3865 14.5077 32.6377 28.8833 17.9722 27.6289 30.2088 55.8405 83.303 125.4123 65.6988 199.2029 75.0485 93.1158 98.6749 85.8604 72.9205 9.6278 76.1547 72.5206 86.2189 105.4649 72.0236 13.8119 1183.8266 632.2493 632.2493 459.8038 95.5145 286.2013 187.6975 205.9746 269.7597 1039.2055 215.0336 461.981 282.4952 121.9363 362.0613 190.4254 265.9413 1050.0305;
	3.733 50.4412 93.7365 118.5797 15.1909 33.7681 30.0483 18.118 28.2111 30.7259 56.7964 84.7291 127.5592 67.5527 198.7796 74.8891 92.9179 98.4652 86.4588 72.2779 10.0161 78.7921 75.5136 89.0939 106.1765 75.3105 13.5318 1170.9093 696.2107 696.2107 501.261 99.0577 288.1962 186.0435 211.7869 297.0499 1046.1222 228.2486 476.9052 284.4015 122.38 374.6002 200.2487 272.1765 1057.0193;
	3.6613 49.472 94.0536 118.6031 15.0091 33.256 29.0903 18.0796 28.0678 29.8542 55.1851 82.3253 123.9403 64.3498 202.0786 76.1319 94.46 100.0994 88.0372 71.7615 9.6968 77.5974 75.1809 89.5042 106.6892 74.8329 13.2585 1057.7401 671.4842 671.4842 493.2309 84.9574 293.4575 184.7142 201.7453 286.4999 992.975 226.7145 477.6906 285.7746 121.6174 368.92 193.736 275.6599 1003.3184;
	3.8147 51.5456 94.0873 119.3287 15.1028 34.0787 30.7791 18.321 28.3936 30.8177 56.966 84.9821 127.9401 66.4211 200.8001 75.6503 93.8623 99.4661 90.9735 72.3131 10.2597 79.5169 75.4691 89.8456 106.7261 75.6549 13.693 1106.5156 748.6659 748.6659 527.5843 79.4093 303.2449 186.1342 208.2393 319.4308 1084.8599 254.541 477.8786 285.8735 120.611 378.046 176.7628 285.8457 1096.1605;
	3.9049 52.7643 94.2347 120.0606 15.2823 34.7254 32.0688 18.5588 28.4546 30.9369 57.1865 85.311 128.4352 67.4259 204.2262 76.941 95.4639 101.1632 88.2749 73.0402 10.6896 81.026 75.6095 90.0147 106.5743 75.8496 13.59 1194.6109 766.3011 766.3011 643.9986 95.295 294.2497 188.0055 211.3894 326.9551 1155.4547 293.1125 479.8983 285.467 122.4056 385.2207 164.2477 281.6715 1167.4907;
	3.8864 52.5142 93.7639 118.7645 15.3458 34.3352 29.4589 18.8363 28.458 31.5409 58.3029 86.9765 130.9427 67.9871 203.0596 76.5015 94.9186 100.5853 88.0446 73.3649 9.8196 80.1155 75.8026 89.9593 106.5713 75.1826 13.8268 1196.6802 775.7997 775.7997 601.2756 96.0223 293.482 188.8415 213.1487 331.0079 1144.5916 283.3495 477.0692 285.4588 121.856 380.892 173.6462 276.2356 1156.5145;
	3.8844 52.4872 92.6896 116.4114 15.0711 34.1068 27.8919 18.7187 28.0668 31.2845 57.8288 86.2692 129.8779 66.5286 199.9204 75.3188 93.4512 99.0303 89.3496 71.6642 9.2973 79.5824 75.7227 87.9458 106.5134 75.4187 13.8166 1187.6093 767.5953 767.5953 627.1325 99.3198 297.8319 184.4639 208.576 327.5073 1143.9012 269.2076 471.0501 285.3036 122.9149 378.3576 194.278 277.3394 1155.8168;
	3.8437 51.9375 91.6577 116.346 14.958 33.8105 28.6883 19.0519 27.0944 31.2626 57.7885 86.209 129.7872 66.4985 199.9164 75.3174 93.4493 99.0284 87.7985 70.7126 9.5628 78.8912 75.5767 89.3775 106.4462 76.4463 13.9141 1108.1586 745.2658 745.2658 611.6201 102.4899 292.6618 182.0144 208.4819 317.9801 1024.8536 280.8659 465.0447 285.1238 120.7665 375.0713 172.6185 270.3384 1035.5292;
	3.7788 51.06 91.5911 115.2352 14.5876 34.1547 29.2258 18.7072 26.9724 31.2488 57.763 86.1711 129.73 66.4851 203.26 76.577 95.0122 100.6846 91.0489 71.2156 9.7419 79.6943 75.3749 89.0625 106.0447 75.8829 13.8758 1163.0245 749.2609 749.2609 678.7932 102.9464 303.4962 183.3092 208.4399 319.6846 1063.0158 313.1165 466.0083 284.0483 121.1182 378.8893 167.4336 269.8773 1074.0889;
	3.7361 50.4822 94.2797 117.2409 14.7603 34.0454 25.9482 18.939 26.6868 31.2562 57.7766 86.1913 129.7605 67.5313 201.2559 75.822 94.0754 99.6919 89.7562 70.7318 8.6494 79.4392 75.4467 89.6429 106.3432 76.3314 13.9669 1141.1346 742.4288 742.4288 623.7402 106.0125 299.1872 182.0639 211.7197 316.7696 986.4538 309.9498 475.0817 284.8479 121.0853 377.6768 188.3794 266.8047 996.7293;
	3.7356 50.4762 91.3311 113.6307 14.6692 33.0662 25.7788 18.5751 25.8001 30.7512 56.8431 84.7987 127.664 67.7386 200.9711 75.7147 93.9423 99.5508 91.2431 70.6669 8.5929 77.1545 74.9264 89.0121 105.4542 75.8527 14.0569 1202.8013 776.3383 776.3383 637.4943 116.232 304.1438 181.8967 212.3697 331.2377 1079.0818 309.2563 460.0065 282.4666 122.3259 366.8145 190.5431 259.9226 1090.3223;
	3.5542 48.0247 90.7244 117.4094 14.3303 33.1638 25.8294 18.5666 26.1795 30.8747 57.0713 85.1392 128.1766 66.1562 194.2476 73.1817 90.7995 96.2203 91.9086 72.0234 8.6098 77.3823 74.7687 89.4077 105.6309 76.004 13.4423 1167.9409 755.525 755.525 665.757 109.5218 306.3621 185.3884 207.4086 322.3573 1138.0594 296.0473 458.8442 282.9399 122.5622 367.8974 190.8898 238.3107 1149.9142;
	3.679 49.7112 88.1985 112.3349 14.2045 31.985 26.3313 15.8176 26.4229 29.4411 54.4214 81.186 122.2251 66.9962 188.0898 70.8617 87.9211 93.1701 86.2127 69.687 8.7771 74.6317 72.7904 88.6639 103.8757 71.8867 12.1284 1259.4476 730.7445 730.7445 683.4292 97.876 287.3756 179.3745 210.0423 311.7843 1167.1248 310.3926 466.7916 278.2385 119.0734 354.8205 191.7894 251.1783 1179.2824;
