function windprofile = ex_wind_profilesh1
%EX_WIND_PROFILE_D  Example wind_load_nyiso profile data for deterministic unit commitment.
% 2022.03.12
% Andres F. Ramirez


%% define constants
[GEN_BUS, PG, QG, QMAX, QMIN, VG, MBASE, GEN_STATUS, PMAX, PMIN, ...
    MU_PMAX, MU_PMIN, MU_QMAX, MU_QMIN, PC1, PC2, QC1MIN, QC1MAX, ...
    QC2MIN, QC2MAX, RAMP_AGC, RAMP_10, RAMP_30, RAMP_Q, APF] = idx_gen;
[CT_LABEL, CT_PROB, CT_TABLE, CT_TBUS, CT_TGEN, CT_TBRCH, CT_TAREABUS, ...
    CT_TAREAGEN, CT_TAREABRCH, CT_ROW, CT_COL, CT_CHGTYPE, CT_REP, ...
    CT_REL, CT_ADD, CT_NEWVAL, CT_TLOAD, CT_TAREALOAD, CT_LOAD_ALL_PQ, ...
    CT_LOAD_FIX_PQ, CT_LOAD_DIS_PQ, CT_LOAD_ALL_P, CT_LOAD_FIX_P, ...
    CT_LOAD_DIS_P, CT_TGENCOST, CT_TAREAGENCOST, CT_MODCOST_F, ...
    CT_MODCOST_X] = idx_ct;

windprofile = struct( ...
    'type', 'mpcData', ...
    'table', CT_TGEN, ...
    'rows', [1:45], ...
    'col', PMAX, ...
    'chgtype', 1, ...
    'values', [] );
windprofile.values(:,1,:) = [
	3.8318 51.7766 91.3983 107.1623 14.59 32.7058 27.6033 18.2521 26.2476 29.6851 54.8725 81.8589 123.2381 66.7413 194.3304 73.2129 90.8382 96.2614 38.0485 68.3128 9.2011 76.3136 73.631 88.0939 102.4893 73.2056 13.6759 1106.4687 686.7763 686.7763 585.4673 109.6146 126.8282 175.8372 209.243 293.0245 1164.6418 217.1033 436.0249 274.5248 119.9973 362.8166 157.5808 275.5674 1176.7735;
	3.6588 49.4388 92.2045 114.0611 14.1411 31.1228 27.2766 18.1563 26.4037 29.913 55.2937 82.4873 124.1842 67.8201 188.9586 71.189 88.3271 93.6004 28.8988 69.9266 9.0922 72.62 73.5206 88.0275 102.6293 72.5873 13.3377 1004.491 695.7905 695.7905 583.0001 101.5029 96.3292 179.9912 212.6253 296.8706 1116.8095 218.9328 430.4389 274.8999 120.3727 345.2561 136.4615 275.7598 1128.4429;
	3.6662 49.5386 92.1086 60.2478 14.1475 32.077 27.761 17.8018 26.2064 29.3589 54.2694 80.9593 121.8838 66.7547 192.6799 72.591 90.0666 95.4437 27.5236 68.7729 9.2537 74.8463 73.0933 88.1131 102.569 71.9261 13.5386 1075.5862 694.3188 694.3188 546.7024 102.9791 91.7454 177.0216 209.2849 296.2427 1168.9747 213.8012 395.5338 274.7384 121.2485 355.8406 136.8019 269.7279 1181.1515;
	3.6237 48.9645 91.9623 79.87 14.3345 32.5788 26.7265 17.6988 26.0536 29.0503 53.6989 80.1083 120.6026 66.4942 198.1203 74.6407 92.6097 98.1386 42.9708 71.1325 8.9088 76.0172 68.5501 87.0379 101.5044 71.5549 13.2612 1135.829 711.3791 711.3791 533.5893 87.5563 143.2359 183.0953 208.4682 303.5218 1085.22 223.9689 430.5799 271.8867 121.1055 361.4074 177.2843 268.1545 1096.5244;
	3.4602 46.7554 93.8872 118.2732 14.6829 32.6508 22.5871 18.3658 26.1898 30.3584 56.1171 83.7157 126.0335 65.5479 190.1754 71.6475 88.8959 94.2032 75.5427 69.4804 7.529 76.1851 62.8726 87.8979 103.8756 73.3639 13.3753 1131.1141 652.8884 652.8884 519.7458 92.5537 251.8091 178.8427 205.5014 278.5657 1174.7236 232.0879 430.5308 278.2383 122.5591 362.2058 190.6645 276.0053 1186.9603;
	3.7174 50.2309 93.0713 116.4049 14.6879 32.412 25.6912 18.0007 26.4016 30.8091 56.9502 84.9585 127.9046 68.4959 194.8723 73.417 91.0915 96.5298 85.809 71.4165 8.5637 75.6279 74.0871 88.5551 104.957 71.926 13.4369 1196.2565 696.3001 696.3001 459.3427 92.9886 286.0301 183.8262 214.744 297.088 1081.8189 203.5292 430.5917 281.1347 122.5963 359.5568 193.6333 271.6521 1093.0878;
	3.6364 49.136 93.1046 116.0415 15.0074 31.4723 26.5615 18.3212 26.3429 30.2241 55.8689 83.3453 125.4759 69.2788 192.3732 72.4755 89.9233 95.2918 84.305 71.0723 8.8538 73.4353 73.0648 89.0852 104.6629 75.3974 13.265 1213.7805 707.7163 707.7163 496.283 92.0663 281.0167 182.9403 217.1983 301.959 1104.4717 227.1276 439.1871 280.3471 122.2529 349.1324 191.8593 271.7459 1115.9766;
	3.6872 49.8225 90.7756 114.1533 14.9337 32.6022 25.9764 18.0304 26.6965 30.0282 55.5066 82.8049 124.6623 69.664 188.5497 71.035 88.136 93.3979 81.0302 70.1425 8.6588 76.0717 73.5443 85.8266 103.9051 73.2752 13.0564 1154.7862 690.7382 690.7382 496.1576 78.3412 270.1008 180.547 218.406 294.715 1070.0147 216.1677 441.9452 278.3172 119.0916 361.6668 187.9773 264.1616 1081.1607;
	3.8379 51.8584 94.0923 117.8221 14.904 34.003 28.3109 18.1736 26.988 31.2021 57.6767 86.0422 129.5361 69.0792 194.7706 73.3787 91.0439 96.4794 87.4441 70.5432 9.437 79.3404 73.6383 87.7736 104.1554 73.0482 13.216 1200.2302 779.2692 779.2692 585.1224 77.6485 291.4805 181.5783 216.5727 332.4882 1185.9685 261.3711 459.0368 278.9876 122.0865 377.2071 180.4224 278.2002 1198.3223;
	3.817 51.5764 93.0863 115.1461 14.9445 34.4446 28.9473 18.5897 26.5933 29.848 55.1736 82.3082 123.9146 68.1121 189.4345 71.3683 88.5496 93.8361 88.735 68.3487 9.6491 80.3707 71.6172 88.5298 103.8368 74.5898 13.6379 1193.4751 724.545 724.545 594.2698 87.5063 295.7832 175.9297 213.5407 309.1392 1151.926 270.9301 453.2117 278.1342 123.6587 382.1053 166.4908 271.9703 1163.9252;
	3.7589 50.7905 93.2242 118.9973 14.9949 34.401 26.2555 18.9741 26.3556 30.6648 56.6835 84.5606 127.3055 67.6043 192.2091 72.4137 89.8466 95.2106 87.4463 70.7529 8.7518 80.269 73.9423 88.7918 104.0636 75.041 13.9834 1180.4095 731.1323 731.1323 596.1695 86.9096 291.4875 182.1182 211.9486 311.9498 1065.7873 280.3658 444.4326 278.7417 123.659 381.622 169.5218 268.8038 1076.8893;
	3.7006 50.0027 92.4658 117.7237 14.8519 33.5882 24.4279 17.8887 26.0784 29.5719 54.6633 81.5468 122.7683 66.0461 189.0601 71.2273 88.3746 93.6507 85.7861 69.2084 8.1426 78.3726 72.4415 86.2172 101.6973 71.8058 13.1678 1097.1996 711.9159 711.9159 541.5272 90.0255 285.9538 178.1426 207.0635 303.7508 1004.9294 262.0141 433.5848 272.4034 119.3006 372.6055 186.9151 270.555 1015.3974;
	3.6263 48.9995 88.9363 115.4052 15.1548 32.6602 25.591 18.0087 25.9194 30.5598 56.4893 84.271 126.8695 67.8182 192.8255 72.6459 90.1347 95.5159 83.6686 70.4354 8.5303 76.2071 73.5908 87.6301 101.2749 73.2174 13.2895 1074.865 703.5494 703.5494 595.9413 100.8022 278.8955 181.3008 212.6191 300.1811 952.7694 288.5553 432.8485 271.2721 119.9202 362.3103 159.3695 262.8113 962.6941;
	3.805 51.4145 89.9824 115.1028 15.1771 33.012 24.2194 18.1135 26.0467 30.1254 55.6864 83.0731 125.0661 67.4233 187.2307 70.5381 87.5195 92.7445 88.3901 70.647 8.0731 77.0281 73.5567 86.0027 100.3927 73.2069 13.6747 1121.4485 693.4882 693.4882 577.7796 97.9678 294.6338 181.8457 211.3811 295.8883 968.0046 279.2854 410.0206 268.909 120.2425 366.2137 155.0732 263.8424 978.088;
	3.8395 51.8805 89.8524 114.2026 15.2856 32.616 21.6172 18.2264 25.9596 30.9735 57.254 85.4117 128.5868 68.1062 193.1104 72.7532 90.2679 95.657 89.3978 71.7905 7.2057 76.1041 73.9834 87.8369 102.0813 74.2961 13.573 1088.2894 720.9896 720.9896 577.4334 96.1238 297.9926 184.7889 213.522 307.6222 907.7776 291.8881 436.7261 273.4321 117.9951 361.8206 177.3595 252.904 917.2336;
	3.7567 50.7608 91.6038 114.3866 15.1187 32.3185 22.8565 18.3561 25.9175 30.599 56.5618 84.379 127.0322 68.5548 195.2477 73.5584 91.2669 96.7157 88.6392 72.0009 7.6188 75.4099 74.8108 86.7315 102.3691 75.1266 13.6119 1213.7987 737.5024 737.5024 589.3224 99.9747 295.4639 185.3306 214.9286 314.6677 988.7296 284.0812 437.0398 274.2028 119.4167 358.5202 177.76 256.8457 999.0289;
	3.6059 48.7237 90.8785 114.375 14.9098 32.1209 22.3683 18.1227 25.9775 30.6286 56.6165 84.4607 127.1551 66.8196 193.4875 72.8953 90.4441 95.8438 89.1384 72.0238 7.4561 74.9487 75.1443 87.1079 101.89 75.1037 12.1022 1150.6064 706.9481 706.9481 601.4148 98.1838 297.1279 185.3895 209.4885 301.6312 1081.8891 271.0591 430.7137 272.9197 121.1811 356.3273 177.3774 240.3331 1093.1587;
	3.854 52.0756 92.891 114.8034 15.3302 33.079 23.927 16.7291 26.2978 29.5636 54.6479 81.5239 122.7338 69.0099 197.5633 74.4308 92.3494 97.8627 88.8357 70.8078 7.9757 77.1844 73.1152 88.4735 104.4414 71.0751 12.2288 1213.9068 703.9338 703.9338 630.8671 95.4637 296.119 182.2596 216.3552 300.3451 1131.2253 283.5051 439.9463 279.7537 122.1297 366.9566 194.4074 251.1745 1143.0089;
