function windprofile = ex_wind_profilesh1
%EX_WIND_PROFILE_D  Example wind_load_nyiso profile data for deterministic unit commitment.
% 2022.03.12
% Andres F. Ramirez


%% define constants
[GEN_BUS, PG, QG, QMAX, QMIN, VG, MBASE, GEN_STATUS, PMAX, PMIN, ...
    MU_PMAX, MU_PMIN, MU_QMAX, MU_QMIN, PC1, PC2, QC1MIN, QC1MAX, ...
    QC2MIN, QC2MAX, RAMP_AGC, RAMP_10, RAMP_30, RAMP_Q, APF] = idx_gen;
[CT_LABEL, CT_PROB, CT_TABLE, CT_TBUS, CT_TGEN, CT_TBRCH, CT_TAREABUS, ...
    CT_TAREAGEN, CT_TAREABRCH, CT_ROW, CT_COL, CT_CHGTYPE, CT_REP, ...
    CT_REL, CT_ADD, CT_NEWVAL, CT_TLOAD, CT_TAREALOAD, CT_LOAD_ALL_PQ, ...
    CT_LOAD_FIX_PQ, CT_LOAD_DIS_PQ, CT_LOAD_ALL_P, CT_LOAD_FIX_P, ...
    CT_LOAD_DIS_P, CT_TGENCOST, CT_TAREAGENCOST, CT_MODCOST_F, ...
    CT_MODCOST_X] = idx_ct;

windprofile = struct( ...
    'type', 'mpcData', ...
    'table', CT_TGEN, ...
    'rows', [1:45], ...
    'col', PMAX, ...
    'chgtype', 1, ...
    'values', [] );
windprofile.values(:,1,:) = [
	3.6754 49.6628 87.0562 94.9348 13.9907 32.5515 27.3994 17.8132 25.9835 30.2447 55.9068 83.402 125.5613 65.6836 188.8308 71.1409 88.2674 93.5371 32.223 69.6434 9.1331 75.9534 73.3284 85.3029 101.6642 70.9044 13.5245 1170.7422 675.0147 675.0147 604.8789 104.7937 107.41 179.2622 205.927 288.0063 1171.6418 219.2915 444.3548 272.3149 114.6188 361.1044 146.4046 267.4442 1183.8464;
	3.6371 49.1457 90.0397 110.3958 14.0381 32.3972 28.1826 18.046 26.0358 28.2757 52.2671 77.9723 117.3869 64.2513 187.1978 70.5257 87.5041 92.7282 28.3928 71.0444 9.3942 75.5936 69.435 85.0973 99.8369 70.1267 13.3024 1145.4465 683.925 683.925 574.8901 106.148 94.6425 182.8685 201.4366 291.808 1139.5679 218.2107 444.1326 267.4203 117.3024 359.3934 139.5468 273.6663 1151.4384;
	3.7211 50.2804 92.0626 60.2421 14.3264 32.8347 27.7513 17.566 25.9485 28.4478 52.5853 78.447 118.1015 63.8115 194.4653 73.2637 90.9012 96.3282 37.1739 69.9561 9.2504 76.6143 70.3617 85.5566 101.1344 70.4658 13.4077 1181.8164 693.2862 693.2862 564.8276 108.4118 123.9128 180.0673 200.0578 295.8021 1201.5339 223.5529 440.1998 270.8957 117.657 364.2461 133.5833 278.7386 1214.0499;
	3.62 48.9148 90.5984 72.8265 14.3131 32.256 26.7494 17.6986 26.3949 27.8648 51.5077 76.8394 115.6813 63.6064 198.9311 74.9461 92.9887 98.5403 45.5814 70.8155 8.9165 75.2641 61.9804 83.7275 99.0779 70.3405 13.278 1268.8883 716.5137 716.5137 556.3145 99.3549 151.938 182.2793 199.4146 305.7125 1136.9253 244.7313 442.7343 265.3872 116.4888 357.827 157.5952 267.9358 1148.7683;
	3.4687 46.8698 93.2043 116.506 14.3535 32.1959 22.4051 18.3098 26.642 28.4561 52.6006 78.4698 118.1359 64.5664 193.6399 72.9527 90.5154 95.9193 81.2693 70.3768 7.4684 75.1237 58.5138 85.1901 102.4881 72.2603 13.4736 1254.0373 669.6216 669.6216 549.7019 102.3483 270.8977 181.1502 202.4243 285.7052 1182.0023 238.8084 450.9753 274.5217 115.9211 357.1595 162.4861 272.1961 1194.3148;
	3.7761 51.024 91.8119 115.2835 14.9359 32.9475 26.8368 18.2943 26.6816 29.6725 54.8492 81.8243 123.186 64.9747 193.4097 72.866 90.4078 95.8053 88.903 71.2472 8.9456 76.8775 70.3835 84.5784 102.2771 72.2195 13.8523 1189.6861 707.7415 707.7415 525.7725 98.8668 296.3434 183.3904 203.7045 301.9697 1049.5685 225.8303 457.2402 273.9565 112.9859 365.4976 191.5487 271.221 1060.5015;
	3.7642 50.8629 93.2288 115.4536 14.6189 32.1718 29.2751 18.4756 27.9472 30.2157 55.8532 83.322 125.4408 64.8938 197.283 74.3252 92.2184 97.7239 91.3568 71.3999 9.7584 75.0676 73.4364 85.0848 100.1016 74.4345 13.8787 1239.3966 746.194 746.194 598.2432 94.5178 304.5227 183.7835 203.4508 318.3761 1099.1994 245.6457 470.4094 268.1292 115.9146 356.8926 196.1774 267.8055 1110.6494;
	3.7921 51.2402 88.5285 111.1618 14.6645 32.5924 29.1873 17.5916 27.9037 29.4746 54.4834 81.2786 122.3644 64.8182 191.8814 72.2902 89.6934 95.0482 90.8305 70.7668 9.7291 76.0489 73.8115 83.3636 92.2206 70.1029 13.4148 1205.8196 710.4021 710.4021 588.4225 81.2151 302.7682 182.1539 203.2139 303.1049 1091.7652 239.4165 470.0683 247.0196 112.0749 361.5582 194.8963 251.5833 1103.1377;
	3.8763 52.3767 91.9029 116.0617 14.755 33.912 29.6218 17.6879 27.9315 30.4829 56.3472 84.059 126.5504 67.315 193.9903 73.0847 90.6792 96.0929 90.7735 70.9228 9.8739 79.1281 73.1006 86.0357 102.1203 71.7494 13.8526 1183.6692 787.7615 787.7615 647.1993 79.2324 302.5782 182.5556 211.0416 336.1116 1154.148 276.9081 461.0659 273.5365 115.6857 376.1977 179.437 273.176 1166.1704;
	3.7201 50.2668 90.3862 111.2865 14.6002 32.2197 27.6044 17.6897 27.8688 30.6535 56.6626 84.5294 127.2586 66.842 192.8603 72.659 90.151 95.5331 90.9022 69.7582 9.2015 75.1792 73.121 86.6279 102.5043 71.7076 13.6714 1111.9054 712.7338 712.7338 685.7937 83.9801 303.0075 179.5578 209.5587 304.0997 1081.3461 282.2357 449.886 274.565 116.9778 357.4234 150.4488 261.2496 1092.6101;
	3.754 50.7253 92.4445 114.49 14.5589 33.2562 25.7147 17.63 27.0886 29.8239 55.129 82.2416 123.8143 65.5337 199.0393 74.9869 93.0393 98.5939 88.5497 73.1006 8.5716 77.5978 73.5322 87.0912 102.5444 70.1494 13.2733 1060.1568 738.0261 738.0261 651.2682 87.0735 295.1655 188.1612 205.4569 314.8911 1014.8491 279.9157 452.3436 274.6725 115.8195 368.9222 163.5238 260.6699 1025.4205;
	3.8005 51.3527 93.7991 112.5839 14.8609 32.9418 23.8288 18.2041 27.4462 29.9309 55.3268 82.5366 124.2585 66.9295 196.8303 74.1547 92.0067 97.4997 88.8794 69.549 7.9429 76.8641 72.4772 85.7599 104.4175 72.7151 13.7287 1032.8558 704.5331 704.5331 628.5371 95.3249 296.2645 179.0193 209.833 300.6008 1028.0087 262.7109 439.7223 279.6898 114.6483 365.4338 169.5206 262.5016 1038.7171;
	3.797 51.3052 92.5386 113.4036 15.205 32.7421 25.0722 18.165 26.3288 29.7721 55.0334 82.0989 123.5995 68.4972 195.6904 73.7252 91.4739 96.935 90.0873 70.3109 8.3574 76.3982 69.7513 88.7236 104.2813 74.6567 13.64 986.6769 716.4893 716.4893 641.2267 101.5272 300.291 180.9804 214.7479 305.7021 929.3998 279.9073 408.5433 279.3249 115.3605 363.2188 151.9933 260.704 939.081;
	3.8185 51.5965 92.5499 114.0005 15.1718 32.5704 25.8576 17.4729 26.5958 29.1792 53.9372 80.4637 121.1377 66.8714 198.8633 74.9206 92.957 98.5067 90.2355 70.2771 8.6192 75.9976 72.1894 86.9478 99.3754 72.0137 13.038 1041.9361 672.8639 672.8639 693.8043 101.3936 300.7851 180.8934 209.651 287.0886 952.8405 299.7424 436.5161 266.184 112.3036 361.3142 151.7823 264.7154 962.766;
	3.7052 50.0652 92.3174 110.9496 14.8585 32.0849 23.425 17.8295 26.9106 28.9454 53.5051 79.819 120.1671 68.6568 196.4213 74.0006 91.8155 97.2971 88.7762 70.9594 7.8083 74.8648 69.7932 88.0967 101.1473 72.7921 13.2519 1041.8299 685.7487 685.7487 663.5178 99.5222 295.9205 182.6497 215.2482 292.5861 877.6693 304.2498 437.8382 270.9303 113.8586 355.9284 168.9463 258.1918 886.8117;
	3.6365 49.1368 92.391 112.6281 14.8602 32.803 24.9929 17.4347 26.7304 28.3552 52.4142 78.1917 117.7172 67.0267 196.9997 74.2185 92.0859 97.5835 87.4338 70.1799 8.331 76.5404 72.4528 87.5757 102.1576 72.6205 13.1105 1132.6136 705.7219 705.7219 652.7353 106.4341 291.4459 180.6431 210.1377 301.108 989.4396 306.7248 446.9644 273.6363 111.5068 363.8949 176.9238 258.5054 999.7463;
	3.5812 48.3896 87.8287 111.4716 15.0326 32.4515 24.4222 14.5962 26.6158 25.6741 47.4582 70.7983 106.5865 61.3087 189.8453 71.5231 88.7416 94.0396 87.1451 71.4077 8.1407 75.7203 70.1018 86.6393 97.2935 69.885 11.3517 1075.8359 662.5771 662.5771 629.9005 101.1483 290.4835 183.8037 192.2112 282.6996 1024.3953 286.8741 433.3083 260.6076 104.2361 359.9958 176.5916 226.4161 1035.0661;
	3.8471 51.9821 90.2299 113.0128 15.3934 32.7218 26.0644 13.4859 27.0855 27.9585 51.6809 77.0978 116.0703 64.3275 186.4355 70.2385 87.1478 92.3506 89.7217 70.3012 8.6881 76.3509 69.5489 85.8305 98.5873 59.8519 11.1985 1231.5014 695.9861 695.9861 669.871 97.0348 299.0723 180.9556 201.6755 296.954 1139.3427 301.5541 449.7648 264.0731 112.6355 362.994 192.1865 245.3586 1151.2108;
