function windprofile = ex_wind_profilesh1
%EX_WIND_PROFILE_D  Example wind_load_nyiso profile data for deterministic unit commitment.
% 2022.03.12
% Andres F. Ramirez


%% define constants
[GEN_BUS, PG, QG, QMAX, QMIN, VG, MBASE, GEN_STATUS, PMAX, PMIN, ...
    MU_PMAX, MU_PMIN, MU_QMAX, MU_QMIN, PC1, PC2, QC1MIN, QC1MAX, ...
    QC2MIN, QC2MAX, RAMP_AGC, RAMP_10, RAMP_30, RAMP_Q, APF] = idx_gen;
[CT_LABEL, CT_PROB, CT_TABLE, CT_TBUS, CT_TGEN, CT_TBRCH, CT_TAREABUS, ...
    CT_TAREAGEN, CT_TAREABRCH, CT_ROW, CT_COL, CT_CHGTYPE, CT_REP, ...
    CT_REL, CT_ADD, CT_NEWVAL, CT_TLOAD, CT_TAREALOAD, CT_LOAD_ALL_PQ, ...
    CT_LOAD_FIX_PQ, CT_LOAD_DIS_PQ, CT_LOAD_ALL_P, CT_LOAD_FIX_P, ...
    CT_LOAD_DIS_P, CT_TGENCOST, CT_TAREAGENCOST, CT_MODCOST_F, ...
    CT_MODCOST_X] = idx_ct;

windprofile = struct( ...
    'type', 'mpcData', ...
    'table', CT_TGEN, ...
    'rows', [1:45], ...
    'col', PMAX, ...
    'chgtype', 1, ...
    'values', [] );
windprofile.values(:,1,:) = [
	3.9074 52.7973 91.6521 111.3165 14.9095 34.5797 28.7393 18.1484 27.9582 30.7204 56.7863 84.714 127.5364 65.0527 198.9439 74.951 92.9947 98.5466 38.8354 70.7064 9.5798 80.686 73.0318 86.8655 103.3386 71.9472 13.2123 1201.3103 699.511 699.511 620.6204 106.7056 129.4513 181.9983 203.9489 298.458 1178.3747 218.071 446.2486 276.7998 119.2852 383.6044 157.6794 271.0608 1190.6494;
	3.7595 50.7992 93.3717 119.3445 14.5639 33.4917 28.7831 18.6312 27.9401 30.4535 56.2929 83.978 126.4284 68.2328 202.9574 76.463 94.8708 100.5347 38.6616 71.9736 9.5944 78.1472 71.6024 88.07 104.7247 72.1775 13.2334 1228.8855 710.3214 710.3214 591.7243 102.9212 128.8721 185.2603 213.9189 303.0705 1182.6203 223.3907 445.4574 280.5127 121.3903 371.5343 141.3276 269.3974 1194.9393;
	3.8809 52.44 94.3877 66.9016 15.3628 34.3299 29.891 18.3093 28.0822 30.832 56.9924 85.0215 127.9994 67.6124 201.8345 76.04 94.3459 99.9785 37.4026 70.6027 9.9637 80.103 73.2881 87.6485 104.0266 73.8527 13.4293 1277.4576 739.4023 739.4023 592.2608 110.0671 124.6753 181.7315 211.9741 315.4783 1301.512 234.091 448.565 278.6426 119.7499 380.8328 142.096 268.4042 1315.0694;
	3.9121 52.8609 94.8786 88.2834 15.2848 34.9934 29.5672 18.6341 28.4255 30.3645 56.1283 83.7324 126.0586 68.2569 199.412 75.1273 93.2135 98.7785 46.142 71.6571 9.8557 81.6512 67.7667 87.2016 104.7809 74.1355 13.433 1275.082 747.4983 747.4983 561.5691 99.7338 153.8068 184.4457 213.9945 318.9326 1200.726 240.4894 456.8459 280.663 121.2841 388.1933 179.4063 270.5011 1213.2336;
	3.7846 51.138 95.4062 121.062 15.3741 34.7848 26.1973 18.934 28.4107 30.3661 56.1313 83.7368 126.0653 69.281 196.6535 74.088 91.9241 97.4121 80.6786 71.6643 8.7324 81.1645 59.1923 89.2095 106.1503 74.1957 13.4681 1228.1709 687.5566 687.5566 558.1391 94.1492 268.9286 184.464 217.2054 293.3575 1231.1035 244.5132 459.4864 284.3311 121.8095 385.8792 194.6835 273.9302 1243.9275;
	3.916 52.9139 95.3696 120.8621 15.2605 35.1187 29.981 18.8623 28.2517 30.8436 57.0139 85.0536 128.0477 69.1032 199.0859 75.0045 93.0611 98.617 91.9576 72.1082 9.9937 81.9437 71.5634 89.4392 106.5213 72.957 13.7052 1254.6992 739.6004 739.6004 535.6043 95.3578 306.5254 185.6068 216.648 315.5629 1148.2486 232.8725 461.9523 285.3249 122.2196 389.5838 208.52 278.3551 1160.2095;
	3.7187 50.2476 94.499 119.2389 14.4729 33.4963 30.1387 18.5998 27.7258 30.459 56.3031 83.9931 126.4511 67.8215 198.5687 74.8096 92.8193 98.3608 91.0482 72.7976 10.0462 78.158 72.9669 87.9024 105.6709 74.1385 13.262 1272.925 736.6816 736.6816 586.4623 96.1321 303.4941 187.3813 212.6296 314.3175 1153.9905 257.8995 457.743 283.047 122.5092 371.5854 200.2149 267.9926 1166.0112;
	3.9166 52.9212 94.9038 120.8863 15.1455 34.3296 30.6788 18.974 28.0834 30.6242 56.6083 84.4485 127.1368 68.8993 201.02 75.7331 93.9651 99.575 88.6695 73.3724 10.2263 80.1024 73.2359 89.6785 106.7058 73.778 13.3912 1192.3629 704.6563 704.6563 559.7635 84.6196 295.5652 188.8609 216.0087 300.6534 1136.1042 243.6236 471.7148 285.8192 122.4865 380.8296 201.9613 262.5534 1147.9386;
	3.8806 52.4358 91.3069 118.4349 14.6977 33.9044 30.1003 18.0711 28.1334 30.5594 56.4886 84.2698 126.8678 69.7759 202.7314 76.3779 94.7651 100.4227 88.5206 71.9162 10.0334 79.1103 72.5574 87.7742 105.645 72.2305 13.218 1248.9588 776.916 776.916 634.5407 82.7544 295.0685 185.1125 218.757 331.4842 1208.9322 278.2748 475.8253 282.9777 121.0154 376.1128 180.1466 261.1179 1221.5252;
	3.912 52.8594 92.4147 119.2259 15.2912 33.7032 30.914 18.5496 28.1688 30.3107 56.0289 83.5841 125.8354 69.6186 201.1534 75.7834 94.0275 99.6411 90.1631 71.5711 10.3047 78.6407 72.9636 88.6567 105.7547 71.614 13.2292 1211.4143 743.0583 743.0583 691.2146 92.6108 300.5435 184.2243 218.2636 317.0382 1196.2163 297.4077 477.4252 283.2716 122.6569 373.8805 163.6458 260.9012 1208.6768;
	3.9308 53.1144 94.9891 120.6999 15.1935 34.3451 29.3664 18.4745 28.3361 30.7214 56.7881 84.7167 127.5405 69.8761 203.6827 76.7363 95.2098 100.894 90.3398 73.7838 9.7888 80.1385 73.4427 88.8568 105.158 72.1728 13.5139 1173.3118 758.2576 758.2576 652.252 92.8634 301.1327 189.9197 219.0711 323.5233 1134.3168 292.5331 477.779 281.6732 122.5229 381.0014 176.0087 267.4768 1146.1326;
	3.9314 53.1214 95.2088 120.7249 15.2545 33.9163 28.1443 18.0888 28.1159 30.25 55.9167 83.4167 125.5834 69.6479 198.6015 74.822 92.8346 98.377 89.9609 72.6531 9.3814 79.1381 72.9293 87.3516 104.5301 73.1709 13.3844 1034.1804 736.3449 736.3449 629.8962 96.6939 299.8696 187.0093 218.3556 314.1738 1100.0969 277.3096 478.6758 279.9914 118.0825 376.2453 193.0699 268.8347 1111.5563;
	3.9322 53.1328 95.2944 121.0699 15.3322 33.7774 31.5586 18.8617 28.339 31.0922 57.4735 85.7392 129.0798 69.8415 196.1066 73.882 91.6685 97.1412 88.1913 71.3569 10.5195 78.8139 74.1093 89.3911 105.6277 75.3317 13.7667 1085.132 782.6079 782.6079 679.4813 99.871 293.9711 183.6729 218.9625 333.9127 1072.0398 304.6394 479.0656 282.9314 121.6308 374.7037 165.2134 269.8578 1083.2069;
	3.9259 53.0478 95.2693 120.9113 15.3874 32.9701 30.4999 18.8396 28.0574 31.1578 57.5947 85.9199 129.3519 67.383 199.5527 75.1803 93.2793 98.8482 91.8832 71.0776 10.1666 76.9302 74.8373 89.766 105.4603 75.052 13.8088 1060.3057 694.6345 694.6345 689.7515 95.1002 306.2772 182.954 211.2548 296.3774 999.383 310.8248 477.4614 282.483 119.642 365.7482 160.0002 269.0499 1009.7933;
	3.9108 52.8438 94.6522 120.561 15.2469 33.0462 29.0041 18.683 28.3681 30.9074 57.1319 85.2295 128.3125 68.8268 201.8772 76.0561 94.3659 99.9997 91.7165 71.3994 9.668 77.1078 72.7473 88.926 102.7726 74.8662 13.7918 1056.5189 715.4521 715.4521 714.8303 99.7785 305.7216 183.7823 215.7814 305.2596 947.3018 344.6506 480.0159 275.2839 117.409 366.5927 179.6284 256.0969 957.1695;
	3.8826 52.463 94.8026 120.6985 15.3713 33.0276 28.7261 17.9521 28.0344 31.127 57.5378 85.835 129.2241 67.7496 203.1081 76.5198 94.9412 100.6094 91.9651 72.1573 9.5754 77.0643 74.4635 88.4284 102.9465 73.7306 13.4513 1117.451 729.767 729.767 689.8209 102.6806 306.5505 185.7331 212.4041 311.3672 1052.7555 326.0408 479.1997 275.7495 116.9 366.3857 182.4168 249.1632 1063.7217;
	3.8418 51.9109 93.6841 120.3098 15.1323 33.2472 26.2945 17.5434 27.3075 30.5386 56.4502 84.2126 126.7815 63.8678 201.1609 75.7862 94.031 99.6448 90.3772 71.7936 8.7648 77.5769 72.9725 88.652 98.8624 71.1876 12.4089 1101.3565 735.8222 735.8222 665.8187 94.8985 301.2572 184.7969 200.2343 313.9508 1082.0673 293.1389 478.7085 264.8101 121.1409 368.8227 189.3777 226.9187 1093.3388;
	3.9139 52.885 94.3086 119.7386 15.1334 33.0244 26.6219 14.1068 27.35 30.1889 55.8037 83.2482 125.3297 64.6292 193.5641 72.9242 90.48 95.8818 80.9733 70.339 8.874 77.0569 72.2648 85.9651 97.6779 62.7624 11.2671 1140.5682 664.1395 664.1395 632.0176 93.2114 269.911 181.0529 202.6214 283.3662 1073.0175 293.3019 476.0772 261.6371 120.547 366.3506 201.423 240.5267 1084.1947;
