function windprofile = ex_wind_profilesh1
%EX_WIND_PROFILE_D  Example wind_load_nyiso profile data for deterministic unit commitment.
% 2022.03.12
% Andres F. Ramirez


%% define constants
[GEN_BUS, PG, QG, QMAX, QMIN, VG, MBASE, GEN_STATUS, PMAX, PMIN, ...
    MU_PMAX, MU_PMIN, MU_QMAX, MU_QMIN, PC1, PC2, QC1MIN, QC1MAX, ...
    QC2MIN, QC2MAX, RAMP_AGC, RAMP_10, RAMP_30, RAMP_Q, APF] = idx_gen;
[CT_LABEL, CT_PROB, CT_TABLE, CT_TBUS, CT_TGEN, CT_TBRCH, CT_TAREABUS, ...
    CT_TAREAGEN, CT_TAREABRCH, CT_ROW, CT_COL, CT_CHGTYPE, CT_REP, ...
    CT_REL, CT_ADD, CT_NEWVAL, CT_TLOAD, CT_TAREALOAD, CT_LOAD_ALL_PQ, ...
    CT_LOAD_FIX_PQ, CT_LOAD_DIS_PQ, CT_LOAD_ALL_P, CT_LOAD_FIX_P, ...
    CT_LOAD_DIS_P, CT_TGENCOST, CT_TAREAGENCOST, CT_MODCOST_F, ...
    CT_MODCOST_X] = idx_ct;

windprofile = struct( ...
    'type', 'mpcData', ...
    'table', CT_TGEN, ...
    'rows', [1:45], ...
    'col', PMAX, ...
    'chgtype', 1, ...
    'values', [] );
windprofile.values(:,1,:) = [
	3.8006 51.3543 91.4343 108.4036 14.4568 33.5016 27.9232 18.0529 27.88 31.2102 57.6917 86.0646 129.5698 69.0579 200.7825 75.6436 93.8541 99.4574 41.6211 69.9736 9.3077 78.1705 75.5949 87.7817 103.5507 73.4487 13.4107 1205.0295 714.4453 714.4453 625.3838 117.0476 138.7371 180.1123 216.5057 304.83 1201.1651 245.0278 452.3075 277.368 120.4636 371.6447 140.1334 274.2318 1213.6772;
	3.7563 50.7554 91.7031 113.8019 14.0586 31.9717 28.3299 18.0047 27.1968 30.5992 56.5622 84.3797 127.0332 69.1652 192.8418 72.652 90.1423 95.524 35.2969 70.8782 9.4433 74.6007 73.1989 86.7335 103.1014 71.9853 13.0852 1248.0656 717.7786 717.7786 588.5602 115.8977 117.6562 182.4406 216.8423 306.2522 1190.7511 244.2206 448.6251 276.1644 120.1657 354.6729 134.6313 273.6562 1203.1548;
	3.7646 50.8683 92.635 61.7783 13.9865 32.7884 29.6754 17.8019 28.0089 30.6997 56.7479 84.6567 127.4501 69.538 198.5211 74.7917 92.7971 98.3372 34.5238 70.1656 9.8918 76.5062 72.6895 87.3274 104.3762 72.1914 13.3891 1173.7189 730.5065 730.5065 559.1648 113.2088 115.0795 180.6065 218.0109 311.6828 1204.2407 237.9501 459.7697 279.5792 118.4389 363.7326 139.4623 275.8831 1216.7848;
	3.7334 50.4469 91.6282 79.7201 14.1478 32.8392 28.7174 17.9832 27.898 29.717 54.9314 81.9469 123.3706 67.8891 200.707 75.6152 93.8189 99.42 42.894 71.0058 9.5725 76.6249 67.2726 86.8915 103.2657 71.7806 13.3684 1160.7025 740.7728 740.7728 539.7471 102.8739 142.98 182.769 212.8416 316.0631 1088.4923 245.7435 451.3635 276.6045 115.7775 364.2967 172.5997 269.8018 1099.8307;
	3.1878 43.0742 91.304 113.0313 13.9674 31.7791 24.1639 18.1516 27.975 30.4919 56.3639 84.0838 126.5878 66.8249 189.9188 71.5508 88.776 94.076 77.3602 69.8531 8.0546 74.1513 61.4258 87.4816 103.8343 72.421 13.3884 1132.0271 676.1139 676.1139 488.5687 99.0044 257.8673 179.8021 209.5049 288.4752 1130.8947 227.5954 454.1124 278.1275 114.869 352.5365 165.8603 260.2652 1142.6749;
	3.6745 49.6504 92.0995 111.4133 14.596 33.6779 28.9243 18.2086 27.8348 30.9325 57.1783 85.2987 128.4168 68.5565 196.5794 74.0602 91.8895 97.3754 88.4566 71.6683 9.6414 78.5817 70.4268 88.0637 105.1336 72.5877 13.6849 1187.7622 712.0898 712.0898 490.4179 102.252 294.8555 184.4743 214.9338 303.825 1099.6614 227.6742 460.6644 281.6078 115.6223 373.6 184.2583 270.6552 1111.1162;
	3.6691 49.5779 90.7104 106.2484 14.3772 32.5809 29.5674 18.3166 27.3503 30.7213 56.7879 84.7163 127.54 69.4478 191.2263 72.0434 89.3872 94.7237 88.6736 70.5959 9.8558 76.022 72.1925 85.3734 102.1573 73.6757 13.2913 1149.7096 723.504 723.504 537.2688 97.5685 295.5788 181.7141 217.7282 308.695 1062.9529 246.9074 462.882 273.6355 115.9144 361.4304 194.5162 265.8386 1074.0253;
	3.6201 48.9161 87.4957 99.1677 14.8638 33.1984 27.0367 17.582 26.3366 30.2619 55.9387 83.4495 125.6328 69.7973 191.7926 72.2568 89.6519 95.0043 85.6106 70.1053 9.0122 77.463 72.6445 85.1164 102.6851 71.5899 12.9185 1096.0229 696.4753 696.4753 507.8061 85.0801 285.3688 180.4513 218.8241 297.1628 1060.6714 229.5782 453.4756 275.0494 115.5671 368.2811 190.5824 254.8343 1071.72;
	3.687 49.819 90.5586 114.5519 15.081 33.9606 28.3132 17.7251 27.6157 30.9303 57.1741 85.2926 128.4075 69.8007 198.0612 74.6184 92.5821 98.1094 90.6807 69.418 9.4377 79.2415 72.4993 86.4596 102.127 71.9802 13.146 1170.1534 750.053 750.053 553.2593 81.9985 302.269 178.6822 218.8346 320.0226 1150.0243 264.2352 461.043 273.5545 118.3434 376.7368 173.3085 268.4707 1162.0038;
	3.6209 48.9257 89.665 114.1334 14.7164 32.5537 28.799 17.5247 27.2951 30.9815 57.2689 85.434 128.6204 69.9468 200.5873 75.5701 93.7629 99.3607 91.9756 69.5114 9.5997 75.9586 73.3795 85.1056 100.6326 70.8893 12.9165 1132.7992 720.6873 720.6873 622.333 88.6349 306.5853 178.9225 219.2927 307.4933 1121.9059 288.6782 458.4895 269.5516 118.4227 361.1291 148.952 265.408 1133.5924;
	3.616 48.8605 90.8751 115.5504 14.7727 32.7069 25.6332 17.823 26.9456 31.1117 57.5095 85.7928 129.1606 69.6107 201.9138 76.0699 94.383 100.0178 90.1074 70.5693 8.5444 76.3162 74.0275 85.566 101.0613 72.4543 13.3678 1114.8064 733.153 733.153 620.4862 89.9417 300.3579 181.6455 218.2391 312.8119 1068.3581 299.5235 457.4571 270.6999 118.3067 362.8288 153.9072 266.265 1079.4868;
	3.7261 50.3483 93.6147 115.9746 15.1185 33.5703 23.7235 17.8887 26.1155 30.5123 56.4016 84.14 126.6724 69.2864 201.1205 75.771 94.0121 99.6248 91.4136 71.294 7.9078 78.3308 73.0428 86.1297 103.4833 71.6628 13.227 1102.4368 735.1355 735.1355 624.6282 98.4312 304.7121 183.5108 217.2224 313.6578 1106.3815 299.1615 449.6379 277.1875 115.5093 372.4069 177.6647 276.3048 1117.9063;
	3.6238 48.9661 92.2835 118.473 14.5807 33.0598 26.5625 18.1992 26.4813 30.5663 56.5013 84.2888 126.8963 69.3716 200.537 75.5512 93.7394 99.3358 91.2895 72.2968 8.8542 77.1395 72.6283 89.3091 104.6097 72.8384 13.5687 1068.4195 738.5282 738.5282 576.3962 101.3194 304.2985 186.0922 217.4894 315.1054 996.1892 299.0879 449.2326 280.2046 116.6924 366.7434 150.4664 261.7503 1006.5662;
	3.6036 48.6923 94.3645 118.0021 15.0125 32.604 26.9834 18.6438 26.7971 30.6859 56.7225 84.6188 127.3931 68.0549 201.9138 76.0698 94.3829 100.0177 92.297 72.8459 8.9945 76.076 74.0232 88.5477 102.9834 72.418 13.7858 1022.74 696.3633 696.3633 577.2568 96.3316 307.6566 187.5054 213.3612 297.115 956.9539 313.8083 454.8999 275.8483 114.8632 361.6868 140.6426 272.4128 966.9222;
	3.6699 49.5886 94.572 116.8645 15.1095 32.124 25.7552 18.6579 28.0301 30.8692 57.0612 85.1241 128.1538 68.6082 202.7666 76.3911 94.7816 100.4402 92.392 72.1572 8.5851 74.956 73.3107 89.3318 104.0642 74.3152 13.8203 1048.9506 717.1592 717.1592 631.3787 96.556 307.9732 185.7329 215.0959 305.9879 953.0609 328.8781 463.9976 278.7434 113.7694 356.3624 164.4915 268.2257 962.9886;
	3.6858 49.8037 94.4523 119.1315 15.2169 32.2945 27.077 18.8191 28.3211 31.1152 57.5159 85.8025 129.1751 69.5517 204.3773 76.998 95.5345 101.2381 90.857 72.5035 9.0257 75.3539 74.5706 87.6203 105.5799 74.2309 14.026 1147.4647 792.3999 792.3999 675.9024 112.122 302.8568 186.6241 218.054 338.0906 1076.5693 330.4403 461.9544 282.8033 118.1845 358.2541 172.8977 262.6694 1087.7836;
	3.7063 50.0798 94.1775 120.3062 15.4168 32.5249 24.9414 18.5534 27.5814 30.6184 56.5976 84.4325 127.1127 69.6556 201.8444 76.0437 94.3505 99.9834 90.9824 73.4095 8.3138 75.8915 73.8235 89.5581 105.5706 74.4288 13.5207 1145.0025 756.3024 756.3024 639.1387 108.6723 303.2746 188.9562 218.3797 322.689 1122.7918 304.6686 451.7307 282.7784 120.6929 360.81 180.6825 243.1282 1134.4875;
	3.7647 50.8691 93.3669 117.2335 15.3479 31.4014 23.9269 16.956 27.6904 30.1275 55.6903 83.0789 125.0749 68.166 189.4305 71.3668 88.5477 93.8342 85.4149 68.8724 7.9756 73.27 73.5305 87.3128 104.9999 70.7907 12.5044 1236.2562 750.3861 750.3861 630.8959 103.0659 284.7163 177.2777 213.7096 320.1647 1115.8609 296.3323 448.8433 281.2497 114.718 348.3464 184.4015 260.5456 1127.4844;
