function windprofile = ex_wind_profilesh1
%EX_WIND_PROFILE_D  Example wind_load_nyiso profile data for deterministic unit commitment.
% 2022.03.12
% Andres F. Ramirez


%% define constants
[GEN_BUS, PG, QG, QMAX, QMIN, VG, MBASE, GEN_STATUS, PMAX, PMIN, ...
    MU_PMAX, MU_PMIN, MU_QMAX, MU_QMIN, PC1, PC2, QC1MIN, QC1MAX, ...
    QC2MIN, QC2MAX, RAMP_AGC, RAMP_10, RAMP_30, RAMP_Q, APF] = idx_gen;
[CT_LABEL, CT_PROB, CT_TABLE, CT_TBUS, CT_TGEN, CT_TBRCH, CT_TAREABUS, ...
    CT_TAREAGEN, CT_TAREABRCH, CT_ROW, CT_COL, CT_CHGTYPE, CT_REP, ...
    CT_REL, CT_ADD, CT_NEWVAL, CT_TLOAD, CT_TAREALOAD, CT_LOAD_ALL_PQ, ...
    CT_LOAD_FIX_PQ, CT_LOAD_DIS_PQ, CT_LOAD_ALL_P, CT_LOAD_FIX_P, ...
    CT_LOAD_DIS_P, CT_TGENCOST, CT_TAREAGENCOST, CT_MODCOST_F, ...
    CT_MODCOST_X] = idx_ct;

windprofile = struct( ...
    'type', 'mpcData', ...
    'table', CT_TGEN, ...
    'rows', [1:45], ...
    'col', PMAX, ...
    'chgtype', 1, ...
    'values', [] );
windprofile.values(:,1,:) = [
	3.6177 48.8835 92.5788 112.0034 14.2583 32.3207 28.5123 18.4955 27.2895 30.044 55.5359 82.8486 124.7282 67.547 190.7494 71.8637 89.1643 94.4875 32.6287 71.4375 9.5041 75.4149 74.1634 87.0273 102.874 74.2155 13.8552 1169.7453 665.1712 665.1712 576.0389 105.6111 108.7624 183.8804 211.7689 283.8064 1075.6643 201.2382 447.7506 275.5554 117.191 358.544 137.7237 267.3176 1086.8691;
	3.6387 49.1665 92.7033 117.3762 14.6219 32.1295 29.3908 18.294 27.2385 29.4334 54.4073 81.165 122.1934 67.0224 187.2405 70.5418 87.524 92.7493 30.7941 72.1143 9.7969 74.9687 73.5542 86.4397 99.435 73.4668 13.3885 1215.2865 663.9511 663.9511 532.2633 104.6904 102.6471 185.6223 210.1244 283.2858 1074.9892 210.6672 458.7577 266.3437 119.2026 356.4227 130.9175 264.8835 1086.187;
	3.6002 48.6472 91.3217 63.9033 14.1288 31.9094 29.2137 18.0043 26.4401 28.7089 53.0681 79.1671 119.1856 64.1251 194.0069 73.091 90.687 96.1011 35.6125 70.7697 9.7379 74.4553 71.1068 87.4558 101.1568 73.8613 13.8001 1205.3612 618.5649 618.5649 479.825 103.2812 118.7082 182.1614 201.041 263.921 1089.2233 202.7921 454.6781 270.9556 119.1036 353.982 115.1319 266.8772 1100.5693;
	3.5844 48.4331 87.7917 80.2695 14.1917 29.5322 27.844 18.0102 26.6373 29.249 54.0663 80.6562 121.4275 63.8891 199.4569 75.1442 93.2345 98.8008 49.7728 71.0989 9.2813 68.9084 66.2345 85.5245 99.7864 73.7431 13.6534 1184.8367 641.8656 641.8656 469.1061 97.6953 165.9093 183.0089 200.3011 273.8627 995.2776 212.9696 457.7539 267.285 117.2943 327.6102 140.0481 266.6345 1005.6451;
	3.4032 45.9847 88.7739 115.7449 14.1783 29.9214 24.4472 18.479 27.0713 29.9179 55.3028 82.501 124.2048 63.6726 201.5555 75.9349 94.2155 99.8403 81.803 71.3703 8.1491 69.8166 56.0447 85.984 101.5018 75.2885 13.6731 1185.6102 648.6482 648.6482 482.1652 97.1489 272.6768 183.7073 199.6223 276.7565 1104.3215 221.4401 463.2968 271.8799 120.3851 331.9279 150.3061 277.0561 1115.8249;
	3.6105 48.7862 89.2929 115.7013 14.392 30.6489 27.1251 18.5362 26.6947 30.5012 56.3809 84.1092 126.626 65.385 199.6809 75.2286 93.3392 98.9117 90.3671 71.624 9.0417 71.5142 69.8741 86.4681 102.7135 74.9274 13.695 1229.3163 687.7661 687.7661 457.4791 93.1237 301.2235 184.3604 204.9908 293.4469 1063.3198 207.6919 456.8103 275.1255 119.8907 339.9987 161.638 272.8089 1074.3961;
	3.702 50.0216 92.1834 117.2301 14.4326 32.0609 28.2344 18.7526 26.853 30.2844 55.9802 83.5114 125.7259 65.3476 204.3148 76.9744 95.5053 101.2071 92.1647 72.7012 9.4115 74.8088 73.2544 86.2437 100.6791 75.9333 13.7524 1254.4877 710.5437 710.5437 530.5121 91.2107 307.2157 187.1332 204.8737 303.1653 1093.2755 228.6312 460.8755 269.6761 120.8029 355.6625 173.808 274.1837 1104.6638;
	3.8042 51.4037 91.7602 119.4578 14.6221 32.4881 26.8126 19.0749 25.788 30.509 56.3953 84.1307 126.6584 64.2544 201.9376 76.0788 94.3941 100.0296 92.2452 71.9407 8.9375 75.8055 74.2557 87.6354 105.4355 76.3271 13.7894 1192.2506 682.3439 682.3439 517.7015 76.523 307.484 185.1755 201.4461 291.1334 1076.7258 222.8571 457.1443 282.4166 118.6727 360.4009 169.1998 268.8558 1087.9417;
	3.7559 50.7509 91.2595 116.9344 14.2931 32.9643 26.8582 18.1797 25.773 30.8576 57.0399 85.0923 128.1059 67.2574 204.1294 76.9046 95.4186 101.1153 92.4963 72.487 8.9527 76.9166 74.0233 86.0678 102.0359 74.666 13.2488 1232.5947 752.4481 752.4481 561.8819 73.9443 308.3211 186.5816 210.8611 321.0445 1161.6042 253.5468 449.8555 273.3103 118.4609 365.6837 136.7508 274.3252 1173.7042;
	3.749 50.6573 89.0075 114.7004 14.3158 33.3279 29.2173 18.4554 26.2958 31.0154 57.3315 85.5273 128.7609 69.0478 202.9134 76.4465 94.8502 100.5129 92.5802 71.7057 9.7391 77.7651 75.4503 85.117 99.585 73.6649 13.2655 1209.5944 773.6735 773.6735 597.8638 87.389 308.6007 184.5708 216.4742 330.1007 1164.7576 275.3556 464.5421 266.7455 119.7332 369.7176 151.1257 271.4662 1176.8905;
	3.7549 50.7371 92.408 117.0352 14.4573 34.0006 28.7216 18.433 26.3328 31.2047 57.6813 86.0492 129.5466 68.0013 202.7055 76.3681 94.753 100.4099 88.8141 71.905 9.5739 79.3348 75.3281 86.2624 99.6009 75.1905 13.2923 1207.1316 785.8797 785.8797 614.8262 88.7065 296.047 185.0837 213.1931 335.3087 1142.3437 290.1379 464.5013 266.7881 120.5867 377.1804 165.6724 272.7408 1154.2431;
	3.7135 50.177 90.3498 114.8826 14.2472 33.4045 26.7168 18.1237 26.0896 31.0701 57.4327 85.6782 128.9881 68.7993 198.8499 74.9156 92.9508 98.5001 87.7214 70.4785 8.9056 77.9439 75.3566 86.6886 100.4421 73.7085 13.234 1136.5119 782.1829 782.1829 605.6474 95.1975 292.4045 181.4117 215.695 333.7314 1134.7035 268.3419 459.74 269.0414 115.3144 370.5674 174.8392 272.9442 1146.5233;
	3.8305 51.7583 93.4608 117.8576 14.3835 33.4369 28.6823 19.0431 26.6808 31.3105 57.8769 86.341 129.9858 68.386 198.9095 74.938 92.9786 98.5296 87.1717 69.7718 9.5608 78.0193 75.6835 89.9854 104.8839 76.0695 14.0362 1097.3236 778.6666 778.6666 569.9851 96.0402 290.5724 179.5928 214.3992 332.2311 1019.0347 290.0177 446.5856 280.939 120.8582 370.9262 156.1687 274.664 1029.6496;
	3.8085 51.461 91.4868 117.6714 14.3984 32.9746 29.6012 18.9595 27.6261 31.0839 57.4581 85.7162 129.0453 67.919 198.5187 74.7908 92.7959 98.336 88.2043 70.4324 9.8671 76.9407 75.1003 89.5871 105.0545 73.9123 14.1328 1084.5593 715.3826 715.3826 607.0622 91.1303 294.0142 181.2932 212.9353 305.2299 1012.786 297.2469 458.61 281.396 123.0515 365.7982 147.8691 272.9336 1023.3358;
	3.7146 50.192 91.1412 116.1885 14.4061 32.4976 27.3133 18.4642 28.0099 30.6977 56.7443 84.6513 127.442 69.1865 193.8992 73.0504 90.6366 96.0478 87.0236 69.5227 9.1044 75.8277 72.9243 88.4025 101.1872 73.8244 13.6133 1058.3305 741.9039 741.9039 632.9505 88.2215 290.0787 178.9517 216.9091 316.5457 982.8048 303.7239 473.6548 271.0371 123.8175 360.5064 160.5895 252.5424 993.0423;
	3.7526 50.706 92.6772 118.3356 14.9105 33.1174 27.6862 18.1979 27.895 29.0398 53.6797 80.0795 120.5592 68.0783 193.2328 72.7993 90.3251 95.7177 86.6245 69.0224 9.2287 77.274 73.2536 87.6306 102.2723 74.3204 13.5872 1115.7828 749.0126 749.0126 579.687 101.2787 288.7484 177.6639 213.4347 319.5787 1065.9761 291.5595 467.8501 273.9435 123.5643 367.3825 171.9911 255.7788 1077.0801;
	3.6278 49.0193 91.3183 119.088 15.0307 33.4082 25.4273 17.8061 27.1293 27.5668 50.9569 76.0176 114.4441 64.1189 171.4057 64.5761 80.1222 84.9056 87.603 69.5078 8.4758 77.9524 70.8267 88.3441 100.0815 73.778 12.5727 1074.4203 724.7063 724.7063 600.7115 100.7284 292.0099 178.9133 201.0215 309.208 1150.0456 269.2191 453.73 268.0754 122.826 370.608 172.2832 234.3153 1162.0253;
	3.7558 50.7491 92.9543 114.9713 15.3178 33.076 25.0857 14.8666 27.7179 30.0764 55.5958 82.9379 124.8626 67.0668 188.0148 70.8335 87.886 93.1329 88.1939 68.6981 8.3619 77.1774 71.1579 87.266 100.1083 69.4017 11.5672 1185.81 727.1038 727.1038 637.9936 103.2316 293.9796 176.8291 210.2633 310.2309 1172.6918 297.7789 465.7648 268.1473 120.652 366.9232 184.7108 258.4521 1184.9073;
