function solarprofile = ex_solar_profilesh1
%EX_WIND_PROFILE_D  Example wind_load_nyiso profile data for deterministic unit commitment.
% 2022.03.12
% Andres F. Ramirez


%% define constants
[GEN_BUS, PG, QG, QMAX, QMIN, VG, MBASE, GEN_STATUS, PMAX, PMIN, ...
    MU_PMAX, MU_PMIN, MU_QMAX, MU_QMIN, PC1, PC2, QC1MIN, QC1MAX, ...
    QC2MIN, QC2MAX, RAMP_AGC, RAMP_10, RAMP_30, RAMP_Q, APF] = idx_gen;
[CT_LABEL, CT_PROB, CT_TABLE, CT_TBUS, CT_TGEN, CT_TBRCH, CT_TAREABUS, ...
    CT_TAREAGEN, CT_TAREABRCH, CT_ROW, CT_COL, CT_CHGTYPE, CT_REP, ...
    CT_REL, CT_ADD, CT_NEWVAL, CT_TLOAD, CT_TAREALOAD, CT_LOAD_ALL_PQ, ...
    CT_LOAD_FIX_PQ, CT_LOAD_DIS_PQ, CT_LOAD_ALL_P, CT_LOAD_FIX_P, ...
    CT_LOAD_DIS_P, CT_TGENCOST, CT_TAREAGENCOST, CT_MODCOST_F, ...
    CT_MODCOST_X] = idx_ct;

solarprofile = struct( ...
    'type', 'mpcData', ...
    'table', CT_TGEN, ...
    'rows', [1:12], ...
    'col', PMAX, ...
    'chgtype', 1, ...
    'values', [] );
solarprofile.values(:,1,:) = [
	0.0 0.0 0.0 0.0 0.0 0.0 0.0 0.0 0.0 0.0 0.0 0.0;
	0.0 0.0 0.0 0.0 0.0 0.0 0.0 0.0 0.0 0.0 0.0 0.0;
	0.0 0.0 0.0 0.0 0.0 0.0 0.0 0.0 0.0 0.0 0.0 0.0;
	0.0 0.0 0.0 0.0 0.0 0.0 0.0 0.0 0.0 0.0 0.0 0.0;
	0.0 0.0 0.0 0.0 0.0 0.0 0.0 0.0 0.0 0.0 0.0 0.0;
	0.0 0.0007 0.002 0.0 0.0 0.0 0.0 0.0 0.0 0.0 0.0 0.0;
	10.3453 7.5541 8.0539 3.9601 2.5595 182.6685 22.8336 53.5116 64.4485 69.8922 39.4829 126.5752;
	22.0615 14.8677 13.5817 10.2001 13.0268 362.8813 45.3602 74.0069 124.1224 169.808 98.7746 307.5232;
	25.1283 16.6037 13.9132 11.6154 13.9789 378.6859 47.3357 75.0842 156.9787 282.4637 173.8167 511.5435;
	26.7687 16.6899 13.8 11.5143 12.9915 248.1971 31.0246 63.8592 201.4848 273.0188 194.7039 494.4386;
	26.7787 16.8311 13.8333 11.5808 12.6619 277.3586 34.6698 63.3755 230.733 295.8064 216.2503 535.7072;
	26.6411 16.8169 13.8869 11.5668 12.7134 348.486 43.5608 65.7221 256.4715 299.8369 223.6158 543.0065;
	26.3192 16.6083 13.8 11.632 13.3371 442.3894 55.2987 72.6867 265.0934 220.897 230.7961 400.0458;
	21.6128 16.6083 13.8 11.5984 13.4173 444.3106 55.5388 74.5258 245.2721 225.0314 207.4032 407.5332;
	12.4725 13.292 10.1379 9.2327 11.9689 424.5152 53.0644 72.3963 196.9091 198.4253 211.2742 359.3495;
	5.45 5.4805 3.5503 4.2257 4.9757 227.0669 28.3834 42.7574 61.0042 106.6875 96.7702 193.2117;
	0.7409 0.629 0.4171 1.2791 2.6295 46.8022 5.8503 8.9047 19.6938 21.2733 18.9622 38.526;
	0.0 0.0 0.0 0.0 0.0 0.0 0.0 0.0 0.0 0.0 0.0 0.0;
	0.0 0.0 0.0 0.0 0.0 0.0 0.0 0.0 0.0 0.0 0.0 0.0;
	0.0 0.0 0.0 0.0 0.0 0.0 0.0 0.0 0.0 0.0 0.0 0.0;
	0.0 0.0 0.0 0.0 0.0 0.0 0.0 0.0 0.0 0.0 0.0 0.0;
	0.0 0.0 0.0 0.0 0.0 0.0 0.0 0.0 0.0 0.0 0.0 0.0;
	0.0 0.0 0.0 0.0 0.0 0.0 0.0 0.0 0.0 0.0 0.0 0.0;
	0.0 0.0 0.0 0.0 0.0 0.0 0.0 0.0 0.0 0.0 0.0 0.0;
];
