function solarprofile = ex_solar_profilesh1
%EX_WIND_PROFILE_D  Example wind_load_nyiso profile data for deterministic unit commitment.
% 2022.03.12
% Andres F. Ramirez


%% define constants
[GEN_BUS, PG, QG, QMAX, QMIN, VG, MBASE, GEN_STATUS, PMAX, PMIN, ...
    MU_PMAX, MU_PMIN, MU_QMAX, MU_QMIN, PC1, PC2, QC1MIN, QC1MAX, ...
    QC2MIN, QC2MAX, RAMP_AGC, RAMP_10, RAMP_30, RAMP_Q, APF] = idx_gen;
[CT_LABEL, CT_PROB, CT_TABLE, CT_TBUS, CT_TGEN, CT_TBRCH, CT_TAREABUS, ...
    CT_TAREAGEN, CT_TAREABRCH, CT_ROW, CT_COL, CT_CHGTYPE, CT_REP, ...
    CT_REL, CT_ADD, CT_NEWVAL, CT_TLOAD, CT_TAREALOAD, CT_LOAD_ALL_PQ, ...
    CT_LOAD_FIX_PQ, CT_LOAD_DIS_PQ, CT_LOAD_ALL_P, CT_LOAD_FIX_P, ...
    CT_LOAD_DIS_P, CT_TGENCOST, CT_TAREAGENCOST, CT_MODCOST_F, ...
    CT_MODCOST_X] = idx_ct;

solarprofile = struct( ...
    'type', 'mpcData', ...
    'table', CT_TGEN, ...
    'rows', [1:12], ...
    'col', PMAX, ...
    'chgtype', 1, ...
    'values', [] );
solarprofile.values(:,1,:) = [
	0.0 0.0 0.0 0.0 0.0 0.0 0.0 0.0 0.0 0.0 0.0 0.0;
	0.0 0.0 0.0 0.0 0.0 0.0 0.0 0.0 0.0 0.0 0.0 0.0;
	0.0 0.0 0.0 0.0 0.0 0.0 0.0 0.0 0.0 0.0 0.0 0.0;
	0.0 0.0 0.0 0.0 0.0 0.0 0.0 0.0 0.0 0.0 0.0 0.0;
	0.0 0.0 0.0 0.0 0.0 0.0 0.0 0.0 0.0 0.0 0.0 0.0;
	0.0 0.0 0.002 0.0 0.0 0.0 0.0 0.0 0.0 0.0 0.0 0.0;
	15.2464 8.9662 7.5307 0.799 2.1607 212.6049 26.5756 44.8141 43.1117 68.8771 38.5697 124.7369;
	24.9901 15.6127 13.69 6.968 12.7097 383.4809 47.9351 72.7944 128.2407 197.7434 51.6027 358.1145;
	26.0636 16.6029 13.99 11.0949 13.7148 396.2804 49.5351 72.7596 147.8746 319.7818 176.1906 579.1268;
	26.7015 15.7243 13.8 11.997 12.2132 266.9016 33.3627 23.5998 87.836 332.8702 219.0833 602.83;
	26.7675 16.2654 13.8 11.9514 10.9454 324.6386 40.5798 55.734 109.3744 337.0133 226.7657 610.3331;
	26.7643 16.3731 13.8031 11.8015 10.5934 370.1537 46.2692 66.519 159.3563 338.3938 226.8534 612.8331;
	26.3364 14.0883 13.8 11.8823 12.0984 425.0819 53.1352 71.5261 191.0351 297.3452 194.9143 538.494;
	23.2606 12.9338 13.8 11.9117 12.4971 424.5734 53.0717 71.7175 185.9539 251.1609 162.2392 454.8538;
	17.4824 8.1853 11.0806 11.4887 11.7972 404.4226 50.5528 61.075 169.0381 146.0631 119.2096 264.5212;
	9.7501 7.2057 5.7014 8.149 6.4753 284.4032 35.5504 25.6844 113.8132 23.9949 18.3671 43.4549;
	1.0438 0.9016 0.484 1.4672 2.63 69.1089 8.6386 13.0487 32.1087 17.6063 15.0363 31.8851;
	0.0 0.0 0.0 0.0 0.0 0.0 0.0 0.0 0.0 0.0 0.0 0.0;
	0.0 0.0 0.0 0.0 0.0 0.0 0.0 0.0 0.0 0.0 0.0 0.0;
	0.0 0.0 0.0 0.0 0.0 0.0 0.0 0.0 0.0 0.0 0.0 0.0;
	0.0 0.0 0.0 0.0 0.0 0.0 0.0 0.0 0.0 0.0 0.0 0.0;
	0.0 0.0 0.0 0.0 0.0 0.0 0.0 0.0 0.0 0.0 0.0 0.0;
	0.0 0.0 0.0 0.0 0.0 0.0 0.0 0.0 0.0 0.0 0.0 0.0;
	0.0 0.0 0.0 0.0 0.0 0.0 0.0 0.0 0.0 0.0 0.0 0.0;
];
