function loadprofile = ex_load_profilesh1
%EX_LOAD_PROFILE  Example load profile data file for stochastic unit commitment.
% 2022.03.12
% Andres F. Ramirez

%% define constants
[CT_LABEL, CT_PROB, CT_TABLE, CT_TBUS, CT_TGEN, CT_TBRCH, CT_TAREABUS, ...
    CT_TAREAGEN, CT_TAREABRCH, CT_ROW, CT_COL, CT_CHGTYPE, CT_REP, ...
    CT_REL, CT_ADD, CT_NEWVAL, CT_TLOAD, CT_TAREALOAD, CT_LOAD_ALL_PQ, ...
    CT_LOAD_FIX_PQ, CT_LOAD_DIS_PQ, CT_LOAD_ALL_P, CT_LOAD_FIX_P, ...
    CT_LOAD_DIS_P, CT_TGENCOST, CT_TAREAGENCOST, CT_MODCOST_F, ...
    CT_MODCOST_X] = idx_ct;

loadprofile = struct( ...
    'type', 'mpcData', ...
    'table', CT_TAREALOAD, ...
    'rows', [1:11], ...
    'col', CT_LOAD_ALL_P, ...
    'chgtype', 1, ...
    'values', [] );
loadprofile.values(:,1,:) = [
	1346.8679 867.0197 1554.1877 526.0 700.299 1019.9 814.8344 250.293 494.1402 4271.6091 1473.2982;
	1342.9174 854.3255 1571.0291 512.5189 738.9976 1019.981 819.2512 255.1576 492.2859 4134.0473 1466.5309;
	1354.8192 867.4738 1613.1946 532.0652 765.2023 1046.5571 846.9826 254.9569 502.9129 4316.5079 1536.6535;
	1469.4741 923.3022 1697.5167 542.6872 834.4041 1117.4537 894.5944 275.6347 531.4868 4434.389 1615.2655;
	1625.4322 1067.2252 1900.7112 572.1788 930.7041 1294.1316 1004.364 320.9751 614.3129 5100.0937 1935.0924;
	1740.4233 1183.0421 2077.9864 603.4348 996.9 1426.4 1091.9 365.8226 687.9478 5705.9626 2168.2058;
	1758.5704 1177.897 2074.533 591.131 994.2899 1454.5579 1110.919 365.7188 692.7544 6109.5904 2236.2562;
	1814.7663 1158.481 2114.0 598.0953 996.0594 1466.9031 1085.3942 364.4285 695.5 6314.4965 2174.9552;
	1844.0639 1178.6488 2110.0352 598.5308 1006.7 1486.784 1084.2412 373.8 707.8 6391.913 2144.8775;
	1858.3805 1177.1 2104.0317 601.4 999.6362 1448.8978 1101.636 383.3203 706.7943 6474.6325 2145.2768;
	1873.9308 1181.2833 2101.1241 596.2 1022.5896 1448.2905 1054.8538 378.5717 682.7 6398.3395 2005.1409;
	1839.0866 1173.8053 2052.2619 581.9 1005.3 1404.2478 1060.5 364.5935 666.4 6404.2 1967.5924;
	1821.8054 1189.6177 2034.5713 589.0596 1018.4901 1374.8135 1058.0884 385.018 643.8028 6412.3027 2065.2071;
	1784.4536 1176.5194 2000.7213 582.3758 1017.7527 1358.0207 1039.943 377.1903 652.5505 6369.0606 2116.239;
	1717.4504 1132.3781 1965.9179 583.1737 1028.0314 1374.0009 1032.4969 377.9055 662.3279 6391.3637 2134.6678;
	1737.5644 1118.0686 2031.3335 571.9233 1059.0439 1426.3 1074.4889 364.1969 672.38 6311.5669 2221.2575;
	1812.1503 1201.2609 2070.6176 583.0 1087.6706 1504.8081 1143.1 408.3116 713.3116 6434.4438 2398.1296;
	1886.703 1252.9084 2115.6414 592.8 1155.1552 1501.0069 1190.5379 413.1504 744.8153 6355.2356 2477.0763;
	1930.4447 1258.7876 2111.8 589.4 1157.4315 1501.4904 1219.2727 419.2894 749.8 6252.0139 2453.4788;
	1848.3742 1197.8677 1989.4647 533.8037 1065.7823 1397.9 1142.5453 390.857 716.6556 6024.5671 2326.8;
	1785.1438 1116.0 1895.8673 541.204 986.2667 1298.0 1066.758 358.8796 654.8 5665.5687 2128.6833;
	1654.3669 1061.258 1795.3075 547.5761 929.7 1238.4 1020.531 319.2642 597.9 5250.5348 1936.3384;
	1555.5283 979.0991 1687.8737 552.1708 863.5396 1172.3747 919.321 281.7 546.4 4856.1678 1780.143;
	1543.0809 948.6 1677.8 549.5913 820.7472 1143.4946 879.0928 258.7941 522.2 4640.0829 1683.4663;
];
