function solarprofile = ex_solar_profilesh1
%EX_WIND_PROFILE_D  Example wind_load_nyiso profile data for deterministic unit commitment.
% 2022.03.12
% Andres F. Ramirez


%% define constants
[GEN_BUS, PG, QG, QMAX, QMIN, VG, MBASE, GEN_STATUS, PMAX, PMIN, ...
    MU_PMAX, MU_PMIN, MU_QMAX, MU_QMIN, PC1, PC2, QC1MIN, QC1MAX, ...
    QC2MIN, QC2MAX, RAMP_AGC, RAMP_10, RAMP_30, RAMP_Q, APF] = idx_gen;
[CT_LABEL, CT_PROB, CT_TABLE, CT_TBUS, CT_TGEN, CT_TBRCH, CT_TAREABUS, ...
    CT_TAREAGEN, CT_TAREABRCH, CT_ROW, CT_COL, CT_CHGTYPE, CT_REP, ...
    CT_REL, CT_ADD, CT_NEWVAL, CT_TLOAD, CT_TAREALOAD, CT_LOAD_ALL_PQ, ...
    CT_LOAD_FIX_PQ, CT_LOAD_DIS_PQ, CT_LOAD_ALL_P, CT_LOAD_FIX_P, ...
    CT_LOAD_DIS_P, CT_TGENCOST, CT_TAREAGENCOST, CT_MODCOST_F, ...
    CT_MODCOST_X] = idx_ct;

solarprofile = struct( ...
    'type', 'mpcData', ...
    'table', CT_TGEN, ...
    'rows', [1:12], ...
    'col', PMAX, ...
    'chgtype', 1, ...
    'values', [] );
solarprofile.values(:,1,:) = [
	0.0 0.0 0.0 0.0 0.0 0.0 0.0 0.0 0.0 0.0 0.0 0.0;
	0.0 0.0 0.0 0.0 0.0 0.0 0.0 0.0 0.0 0.0 0.0 0.0;
	0.0 0.0 0.0 0.0 0.0 0.0 0.0 0.0 0.0 0.0 0.0 0.0;
	0.0 0.0 0.0 0.0 0.0 0.0 0.0 0.0 0.0 0.0 0.0 0.0;
	0.0 0.0 0.0 0.0 0.0 0.0 0.0 0.0 0.0 0.0 0.0 0.0;
	0.0 0.0 0.002 0.0 0.0 0.0 0.0 0.0 0.0 0.0 0.0 0.0;
	8.6457 9.1325 5.4224 0.3541 0.4792 91.8313 11.4789 39.2125 83.8031 69.542 38.5751 125.941;
	16.9105 13.0373 11.1047 6.3506 7.3637 357.3467 44.6683 73.7546 37.8803 200.2033 80.9693 362.5693;
	22.0106 16.1316 13.8 10.4708 10.9483 396.3555 49.5444 76.4506 28.0047 305.2157 172.0259 552.7476;
	21.6656 16.2943 13.6019 11.5341 8.3614 339.168 42.396 68.3383 47.1424 211.3642 176.1857 382.7818;
	21.8091 16.6083 13.5948 11.7816 7.9971 353.4879 44.186 69.7123 159.1337 284.6725 213.0892 515.5436;
	21.7701 16.6094 13.5631 11.8022 8.7909 376.2943 47.0368 71.7798 197.5094 322.5722 223.2463 584.1803;
	20.3408 16.4055 13.3559 11.6331 12.3649 432.2237 54.028 72.4468 146.0521 332.6891 212.424 602.5021;
	12.9034 14.093 13.3238 11.5984 13.4147 428.2785 53.5348 73.1755 78.5727 328.1439 188.0716 594.2706;
	9.9194 7.3949 8.8538 9.24 13.0107 403.4846 50.4356 68.4733 44.3279 227.9974 145.2638 412.9047;
	9.1741 6.8896 5.6154 5.3082 8.553 188.5583 23.5698 25.79 41.7138 77.0055 64.6331 139.4575;
	0.907 0.7018 0.4451 1.6336 3.3734 51.0748 6.3843 10.4306 22.2763 24.7521 20.9316 44.8262;
	0.0 0.0 0.0 0.0 0.0 0.0 0.0 0.0 0.0 0.0 0.0 0.0;
	0.0 0.0 0.0 0.0 0.0 0.0 0.0 0.0 0.0 0.0 0.0 0.0;
	0.0 0.0 0.0 0.0 0.0 0.0 0.0 0.0 0.0 0.0 0.0 0.0;
	0.0 0.0 0.0 0.0 0.0 0.0 0.0 0.0 0.0 0.0 0.0 0.0;
	0.0 0.0 0.0 0.0 0.0 0.0 0.0 0.0 0.0 0.0 0.0 0.0;
	0.0 0.0 0.0 0.0 0.0 0.0 0.0 0.0 0.0 0.0 0.0 0.0;
	0.0 0.0 0.0 0.0 0.0 0.0 0.0 0.0 0.0 0.0 0.0 0.0;
];
