function loadprofile = ex_load_profilesh1
%EX_LOAD_PROFILE  Example load profile data file for stochastic unit commitment.
% 2022.03.12
% Andres F. Ramirez

%% define constants
[CT_LABEL, CT_PROB, CT_TABLE, CT_TBUS, CT_TGEN, CT_TBRCH, CT_TAREABUS, ...
    CT_TAREAGEN, CT_TAREABRCH, CT_ROW, CT_COL, CT_CHGTYPE, CT_REP, ...
    CT_REL, CT_ADD, CT_NEWVAL, CT_TLOAD, CT_TAREALOAD, CT_LOAD_ALL_PQ, ...
    CT_LOAD_FIX_PQ, CT_LOAD_DIS_PQ, CT_LOAD_ALL_P, CT_LOAD_FIX_P, ...
    CT_LOAD_DIS_P, CT_TGENCOST, CT_TAREAGENCOST, CT_MODCOST_F, ...
    CT_MODCOST_X] = idx_ct;

loadprofile = struct( ...
    'type', 'mpcData', ...
    'table', CT_TAREALOAD, ...
    'rows', [1:11], ...
    'col', CT_LOAD_ALL_P, ...
    'chgtype', 1, ...
    'values', [] );
loadprofile.values(:,1,:) = [
	1487.1217 910.8756 1567.7938 545.4105 765.0071 1104.159 851.0519 257.1304 497.3799 4411.3142 1653.5875;
	1486.5184 914.9354 1571.9656 543.6935 765.6671 1105.3155 848.6981 256.4267 491.7908 4368.2061 1645.8293;
	1510.3871 937.8355 1610.0341 550.4427 782.9203 1127.9595 861.7932 261.1683 499.6382 4406.2616 1674.794;
	1584.0319 1008.0699 1716.7008 567.186 842.0736 1199.567 912.0108 282.8977 534.6386 4656.6644 1789.086;
	1731.1773 1129.7613 1916.3205 596.8359 959.4883 1345.6726 1012.4621 324.6642 609.6508 5202.5346 2029.6306;
	1847.2219 1214.7981 2041.1304 612.3395 1029.3275 1432.9693 1080.5642 352.1015 674.4529 5764.696 2188.2391;
	1872.3779 1228.3926 2052.5803 605.4635 1040.197 1436.5908 1100.4933 355.2945 686.6942 6101.5705 2220.545;
	1889.9486 1237.3199 2057.6391 601.1302 1043.7466 1435.7827 1108.7728 354.4104 692.9714 6307.7287 2214.4005;
	1904.9179 1245.2152 2067.3907 595.4317 1043.6673 1431.9353 1110.1679 353.0631 695.4269 6379.7507 2206.3776;
	1908.5638 1246.6079 2062.1629 591.8086 1041.0629 1430.3999 1108.1877 348.5718 689.0232 6395.385 2187.2246;
	1895.4259 1239.5228 2045.8096 588.7146 1028.6655 1417.6073 1093.3184 343.7569 682.2879 6384.6186 2154.7421;
	1894.3345 1233.8631 2029.2788 583.7973 1016.3763 1404.2449 1083.4357 339.4622 677.4018 6364.0128 2134.2221;
	1875.0318 1220.6076 1998.9759 581.3398 1000.8588 1384.0939 1073.6222 338.3442 672.3312 6323.8734 2133.4794;
	1848.1637 1212.2446 1979.3421 578.5734 991.4748 1375.6463 1069.2347 338.6617 672.1971 6314.7022 2151.5858;
	1843.4519 1212.9178 1986.5513 581.4735 1000.0869 1396.6752 1081.2613 343.454 676.4023 6339.9124 2207.5064;
	1846.7363 1225.4025 2012.2159 591.8789 1020.4948 1439.0928 1110.2202 352.6339 687.0091 6350.3594 2295.4912;
	1854.264 1237.3239 2040.0303 600.1839 1044.4057 1479.3491 1140.2981 369.8497 704.53 6259.5008 2397.0472;
	1908.1022 1280.759 2110.1431 610.878 1084.1614 1535.1507 1195.3459 386.7613 737.001 6298.684 2511.8048;
	1925.5548 1281.6535 2098.5905 607.7366 1070.2019 1510.1011 1188.1652 383.7231 727.0703 6195.6419 2474.542;
	1863.5057 1210.8255 1996.1802 591.5239 1009.0215 1427.0495 1133.2654 365.6746 692.5752 5963.8238 2346.7112;
	1774.7027 1126.5627 1871.1675 570.1302 941.1009 1326.9082 1055.1354 335.6225 641.0975 5625.1082 2153.7024;
	1673.827 1049.6181 1755.9308 557.5121 881.4428 1236.8067 978.6552 304.627 585.8064 5208.8611 1956.1577;
	1594.4349 990.8188 1680.4995 564.8195 847.8106 1181.3181 922.7323 283.0004 543.7199 4869.9494 1845.059;
	1559.4215 966.9464 1656.539 569.0875 828.856 1157.533 895.572 272.9485 523.2951 4654.7955 1777.0864;
];
