function loadprofile = ex_load_profilesh1
%EX_LOAD_PROFILE  Example load profile data file for stochastic unit commitment.
% 2022.03.12
% Andres F. Ramirez

%% define constants
[CT_LABEL, CT_PROB, CT_TABLE, CT_TBUS, CT_TGEN, CT_TBRCH, CT_TAREABUS, ...
    CT_TAREAGEN, CT_TAREABRCH, CT_ROW, CT_COL, CT_CHGTYPE, CT_REP, ...
    CT_REL, CT_ADD, CT_NEWVAL, CT_TLOAD, CT_TAREALOAD, CT_LOAD_ALL_PQ, ...
    CT_LOAD_FIX_PQ, CT_LOAD_DIS_PQ, CT_LOAD_ALL_P, CT_LOAD_FIX_P, ...
    CT_LOAD_DIS_P, CT_TGENCOST, CT_TAREAGENCOST, CT_MODCOST_F, ...
    CT_MODCOST_X] = idx_ct;

loadprofile = struct( ...
    'type', 'mpcData', ...
    'table', CT_TAREALOAD, ...
    'rows', [1:11], ...
    'col', CT_LOAD_ALL_P, ...
    'chgtype', 1, ...
    'values', [] );
loadprofile.values(:,1,:) = [
	1505.169 889.8 1514.5 531.9541 742.8544 1041.0514 829.0845 278.0253 464.6551 4468.8235 1649.394;
	1502.0 888.8033 1447.31 526.2 671.1323 1013.2464 808.1 269.0787 456.2325 4382.7983 1623.7037;
	1524.327 920.5 1497.6091 530.8392 712.3886 1046.2405 815.2691 270.7087 462.9729 4410.7123 1626.8;
	1603.389 988.6477 1624.2075 553.2878 778.9258 1115.0471 865.0239 286.8076 483.5645 4621.4 1756.3152;
	1736.5078 1119.7 1820.0176 591.999 920.6096 1250.3648 990.1506 331.0444 581.4261 5170.9445 2022.1335;
	1853.5 1182.9492 1926.3852 605.1395 978.3886 1367.412 1054.0 366.1 624.8195 5698.078 2180.604;
	1869.7823 1215.0203 1999.8032 607.6394 988.4358 1396.8404 1080.2484 384.4939 635.0197 6106.426 2213.0502;
	1862.6338 1226.0557 2007.4624 615.0217 998.3369 1419.7837 1083.2101 370.0605 663.8 6309.4051 2173.6193;
	1904.8809 1239.1803 1973.4594 614.8323 963.4235 1420.4857 1110.8653 359.3 684.0918 6460.1763 2192.2699;
	1896.1222 1264.8171 2024.0 594.1 963.6593 1457.1904 1169.1791 366.1745 701.6477 6530.4659 2199.247;
	1836.8118 1231.0285 1967.0622 594.7 949.1895 1406.0723 1115.8072 344.8 674.3491 6413.9696 2046.1017;
	1841.4979 1229.6146 1984.4786 594.9 943.893 1411.6548 1145.2915 362.3 674.0 6422.3552 2106.008;
	1801.3403 1190.8571 1887.2532 587.0845 912.7996 1377.0524 1090.223 345.7 671.3902 6361.1096 2076.5869;
	1808.5 1227.0961 1905.1598 583.417 931.6564 1376.3539 1101.5 351.7 655.6058 6323.7055 2111.889;
	1803.175 1228.2553 1923.9677 578.6844 972.9 1383.0505 1101.0263 337.8 644.6907 6469.2401 2141.1372;
	1794.8248 1223.1049 1930.922 586.7562 980.5147 1409.0214 1127.855 336.4 653.2266 6336.9597 2198.0079;
	1867.9369 1247.2205 1940.7422 597.8986 993.6316 1430.3026 1148.5 338.8 663.6441 6167.3867 2257.6844;
	1921.8446 1281.2806 1996.5936 610.0 1034.8171 1489.6 1182.6628 359.3152 689.0569 6196.7495 2344.1812;
	1974.8747 1274.3 1979.1242 614.7 1007.7721 1470.1788 1194.9795 335.3742 692.4587 5999.7984 2294.2607;
	1909.9351 1193.5151 1888.748 593.4404 956.3222 1407.3783 1132.2756 314.5473 667.2282 5800.6422 2132.0172;
	1809.3 1105.7 1763.3049 575.8031 869.2721 1305.9601 1047.3177 289.2118 618.4 5528.9247 2028.4912;
	1714.025 1028.9974 1653.3703 543.5004 817.72 1210.7905 968.0272 275.5288 568.5985 5078.0718 1901.0593;
	1639.3599 997.6181 1647.898 536.9682 799.6889 1139.9 888.1631 271.4337 537.6661 4975.142 1829.2;
	1631.4125 961.144 1599.8961 549.4676 786.77 1119.9715 854.2758 257.8501 528.006 4712.4017 1784.6745;
];
