function loadprofile = ex_load_profilesh1
%EX_LOAD_PROFILE  Example load profile data file for stochastic unit commitment.
% 2022.03.12
% Andres F. Ramirez

%% define constants
[CT_LABEL, CT_PROB, CT_TABLE, CT_TBUS, CT_TGEN, CT_TBRCH, CT_TAREABUS, ...
    CT_TAREAGEN, CT_TAREABRCH, CT_ROW, CT_COL, CT_CHGTYPE, CT_REP, ...
    CT_REL, CT_ADD, CT_NEWVAL, CT_TLOAD, CT_TAREALOAD, CT_LOAD_ALL_PQ, ...
    CT_LOAD_FIX_PQ, CT_LOAD_DIS_PQ, CT_LOAD_ALL_P, CT_LOAD_FIX_P, ...
    CT_LOAD_DIS_P, CT_TGENCOST, CT_TAREAGENCOST, CT_MODCOST_F, ...
    CT_MODCOST_X] = idx_ct;

loadprofile = struct( ...
    'type', 'mpcData', ...
    'table', CT_TAREALOAD, ...
    'rows', [1:11], ...
    'col', CT_LOAD_ALL_P, ...
    'chgtype', 1, ...
    'values', [] );
loadprofile.values(:,1,:) = [
	1419.081 891.8942 1496.7747 536.5444 768.0749 1147.4603 845.2809 259.5427 432.5198 4273.9158 1604.5961;
	1435.1654 911.7 1516.7763 532.4256 786.808 1144.2475 829.8033 256.3859 462.5 4323.1989 1629.7068;
	1472.3218 927.9044 1535.844 523.123 795.9135 1170.9365 837.373 257.8765 448.8628 4298.7482 1631.7744;
	1510.3257 999.7509 1680.5987 546.0 859.9543 1271.4471 895.1878 287.0075 487.7104 4521.9086 1752.4486;
	1660.7471 1144.8 1895.9131 578.1502 987.103 1423.7105 1003.9928 325.9 576.8635 5112.3859 1997.8201;
	1813.3 1243.8611 2044.4096 607.984 1065.1472 1506.217 1085.9613 361.7635 655.0352 5712.8951 2185.0656;
	1848.1108 1241.9795 2060.2027 595.758 1073.2644 1492.2619 1128.916 352.8 662.8673 6149.4847 2232.1617;
	1848.4722 1236.1836 2018.33 606.3269 1038.4165 1473.2781 1112.3 350.2 655.4 6257.3845 2180.8195;
	1855.9388 1233.8252 1978.7 585.5007 1041.6305 1505.6629 1106.9037 363.1704 661.3337 6394.7111 2224.112;
	1835.0912 1181.9036 1964.1146 581.6022 995.8379 1479.1599 1090.6968 357.3727 636.1033 6386.409 2199.5;
	1846.6614 1166.2394 1930.8827 577.779 1012.2 1467.2275 1069.721 354.5 626.5293 6309.0619 2154.9205;
	1873.4249 1184.6921 1957.3706 575.0 1040.9935 1481.5298 1091.2706 343.1 635.7 6318.8888 2192.8506;
	1836.8786 1184.07 1907.0 584.0866 998.0 1446.1601 1085.5833 369.4573 653.2455 6413.4108 2312.3006;
	1775.74 1162.7078 1908.9531 587.5 951.7695 1370.9873 1065.422 351.7875 650.5 6350.6994 2215.0992;
	1759.626 1163.5 1858.5035 599.4 949.1592 1425.0888 1087.1741 366.4 655.8153 6344.1099 2240.4276;
	1789.2723 1183.4437 1907.0881 599.7469 973.5183 1477.4 1122.5745 378.6808 676.8 6389.8 2424.3687;
	1763.7228 1140.0257 1838.2857 608.4214 959.2559 1482.7201 1131.8824 368.3172 662.5 6157.6387 2447.4587;
	1832.2733 1203.3614 1935.3465 627.6509 1013.5543 1507.0604 1179.3611 393.9924 708.3429 6228.9707 2557.8449;
	1805.6904 1211.7839 1943.4794 626.7103 991.3574 1502.6656 1159.7831 388.2271 679.1773 6086.5683 2489.2;
	1778.747 1138.0628 1848.0211 591.9152 937.9309 1442.0564 1119.1511 362.1 631.0088 5807.7702 2381.8492;
	1676.8914 1014.1953 1728.4665 580.0916 853.4584 1304.3847 1034.5606 331.2149 587.3366 5201.0339 2172.3192;
	1611.6982 988.8468 1631.7996 573.4 794.8667 1217.031 963.3 310.3231 568.1 5075.7789 2003.0687;
	1497.1159 945.3071 1559.5719 585.0411 796.5762 1189.1 916.6835 282.5598 522.9199 4737.8865 1867.9104;
	1424.6193 931.4919 1527.0159 577.1 789.5172 1195.6436 911.0591 288.6399 503.9549 4612.5675 1802.9638;
];
