function solarprofile = ex_solar_profilesh1
%EX_WIND_PROFILE_D  Example wind_load_nyiso profile data for deterministic unit commitment.
% 2022.03.12
% Andres F. Ramirez


%% define constants
[GEN_BUS, PG, QG, QMAX, QMIN, VG, MBASE, GEN_STATUS, PMAX, PMIN, ...
    MU_PMAX, MU_PMIN, MU_QMAX, MU_QMIN, PC1, PC2, QC1MIN, QC1MAX, ...
    QC2MIN, QC2MAX, RAMP_AGC, RAMP_10, RAMP_30, RAMP_Q, APF] = idx_gen;
[CT_LABEL, CT_PROB, CT_TABLE, CT_TBUS, CT_TGEN, CT_TBRCH, CT_TAREABUS, ...
    CT_TAREAGEN, CT_TAREABRCH, CT_ROW, CT_COL, CT_CHGTYPE, CT_REP, ...
    CT_REL, CT_ADD, CT_NEWVAL, CT_TLOAD, CT_TAREALOAD, CT_LOAD_ALL_PQ, ...
    CT_LOAD_FIX_PQ, CT_LOAD_DIS_PQ, CT_LOAD_ALL_P, CT_LOAD_FIX_P, ...
    CT_LOAD_DIS_P, CT_TGENCOST, CT_TAREAGENCOST, CT_MODCOST_F, ...
    CT_MODCOST_X] = idx_ct;

solarprofile = struct( ...
    'type', 'mpcData', ...
    'table', CT_TGEN, ...
    'rows', [1:12], ...
    'col', PMAX, ...
    'chgtype', 1, ...
    'values', [] );
solarprofile.values(:,1,:) = [
	0.0 0.0 0.0 0.0 0.0 0.0 0.0 0.0 0.0 0.0 0.0 0.0;
	0.0 0.0 0.0 0.0 0.0 0.0 0.0 0.0 0.0 0.0 0.0 0.0;
	0.0 0.0 0.0 0.0 0.0 0.0 0.0 0.0 0.0 0.0 0.0 0.0;
	0.0 0.0 0.0 0.0 0.0 0.0 0.0 0.0 0.0 0.0 0.0 0.0;
	0.0 0.0 0.0 0.0 0.0 0.0 0.0 0.0 0.0 0.0 0.0 0.0;
	0.0 0.0 0.002 0.0 0.0 0.0 0.0 0.0 0.0 0.0 0.0 0.0;
	3.085 1.6847 2.0187 2.4677 4.7548 108.9888 13.6236 38.9218 21.4106 68.7377 39.9491 124.4845;
	14.0402 9.384 6.8602 6.6249 11.1976 303.2434 37.9054 67.6329 33.493 194.5507 108.0748 352.3325;
	23.0042 16.3838 13.5291 9.9813 12.3431 368.6198 46.0775 68.9405 62.2759 315.6411 168.8355 571.6279;
	26.6179 16.6083 13.8 11.404 10.0497 338.1449 42.2681 57.665 156.1464 285.0971 159.9822 516.3125;
	26.5459 16.5386 13.8 11.733 10.103 351.9756 43.997 51.0622 188.2024 293.3177 211.7008 531.2001;
	26.6324 16.5831 13.8 11.7474 10.0775 364.9538 45.6192 49.3411 199.527 293.7552 219.1895 531.9924;
	27.1328 16.6083 13.8 11.6892 11.251 412.0488 51.5061 68.3215 207.9309 188.2306 118.4426 340.8868;
	26.6789 16.6816 13.8 11.5988 11.5725 415.8231 51.9779 72.5549 198.0186 167.6944 41.182 303.6956;
	25.1066 15.9854 12.0084 9.5897 11.1242 385.4642 48.183 70.8829 172.1536 122.1233 28.6911 221.1661;
	11.9755 7.4687 5.5015 5.2845 8.2342 97.0768 12.1346 19.5559 68.4991 61.6839 18.7795 111.7099;
	0.7955 0.636 0.3953 1.2742 3.1049 44.8388 5.6048 8.4157 19.8695 21.6825 18.6844 39.2672;
	0.0 0.0 0.0 0.0 0.0 0.0 0.0 0.0 0.0 0.0 0.0 0.0;
	0.0 0.0 0.0 0.0 0.0 0.0 0.0 0.0 0.0 0.0 0.0 0.0;
	0.0 0.0 0.0 0.0 0.0 0.0 0.0 0.0 0.0 0.0 0.0 0.0;
	0.0 0.0 0.0 0.0 0.0 0.0 0.0 0.0 0.0 0.0 0.0 0.0;
	0.0 0.0 0.0 0.0 0.0 0.0 0.0 0.0 0.0 0.0 0.0 0.0;
	0.0 0.0 0.0 0.0 0.0 0.0 0.0 0.0 0.0 0.0 0.0 0.0;
	0.0 0.0 0.0 0.0 0.0 0.0 0.0 0.0 0.0 0.0 0.0 0.0;
];
