function solarprofile = ex_solar_profilesh1
%EX_WIND_PROFILE_D  Example wind_load_nyiso profile data for deterministic unit commitment.
% 2022.03.12
% Andres F. Ramirez


%% define constants
[GEN_BUS, PG, QG, QMAX, QMIN, VG, MBASE, GEN_STATUS, PMAX, PMIN, ...
    MU_PMAX, MU_PMIN, MU_QMAX, MU_QMIN, PC1, PC2, QC1MIN, QC1MAX, ...
    QC2MIN, QC2MAX, RAMP_AGC, RAMP_10, RAMP_30, RAMP_Q, APF] = idx_gen;
[CT_LABEL, CT_PROB, CT_TABLE, CT_TBUS, CT_TGEN, CT_TBRCH, CT_TAREABUS, ...
    CT_TAREAGEN, CT_TAREABRCH, CT_ROW, CT_COL, CT_CHGTYPE, CT_REP, ...
    CT_REL, CT_ADD, CT_NEWVAL, CT_TLOAD, CT_TAREALOAD, CT_LOAD_ALL_PQ, ...
    CT_LOAD_FIX_PQ, CT_LOAD_DIS_PQ, CT_LOAD_ALL_P, CT_LOAD_FIX_P, ...
    CT_LOAD_DIS_P, CT_TGENCOST, CT_TAREAGENCOST, CT_MODCOST_F, ...
    CT_MODCOST_X] = idx_ct;

solarprofile = struct( ...
    'type', 'mpcData', ...
    'table', CT_TGEN, ...
    'rows', [1:12], ...
    'col', PMAX, ...
    'chgtype', 1, ...
    'values', [] );
solarprofile.values(:,1,:) = [
	0.0 0.0 0.0 0.0 0.0 0.0 0.0 0.0 0.0 0.0 0.0 0.0;
	0.0 0.0 0.0 0.0 0.0 0.0 0.0 0.0 0.0 0.0 0.0 0.0;
	0.0 0.0 0.0 0.0 0.0 0.0 0.0 0.0 0.0 0.0 0.0 0.0;
	0.0 0.0 0.0 0.0 0.0 0.0 0.0 0.0 0.0 0.0 0.0 0.0;
	0.0 0.0 0.0 0.0 0.0 0.0 0.0 0.0 0.0 0.0 0.0 0.0;
	0.0 0.0 0.002 0.0 0.0 0.0 0.0 0.0234 0.0 0.0 0.0 0.0;
	5.3748 3.7425 2.3567 0.6418 0.5107 420.1215 52.5152 46.4366 140.2918 65.9501 38.843 119.4361;
	15.2037 8.4254 7.0349 2.8001 9.1205 448.6165 56.0771 72.2038 263.735 31.4304 79.95 56.9207;
	22.8967 15.5779 13.5342 6.5102 12.3719 453.619 56.7024 73.5991 273.0348 165.163 172.2987 299.1111;
	26.4844 16.6083 13.8 10.8113 12.2888 394.8371 49.3546 53.2229 247.1507 278.9934 191.8172 505.2587;
	26.5809 16.6083 13.8 11.339 12.2715 364.7021 45.5878 48.8052 201.5506 307.851 213.9842 557.5201;
	26.5711 16.6083 13.8 11.4717 11.2758 345.2445 43.1556 54.7979 190.7366 303.2281 218.0933 549.1479;
	26.5258 16.6696 13.8 11.632 10.5499 396.5489 49.5686 69.5334 234.0188 188.5388 162.4864 341.4449;
	23.772 16.6706 13.8 11.5984 10.6102 410.2081 51.276 71.8806 241.4465 168.3059 149.5048 304.803;
	18.0096 15.8593 11.2143 9.2797 9.4686 394.6401 49.33 66.9107 219.6594 138.6405 133.3667 251.0788;
	7.041 8.1956 4.5024 4.6271 4.9758 181.5081 22.6885 18.6662 77.848 88.3233 178.6845 159.9541;
	0.7136 0.7628 0.4109 1.4971 2.6047 44.3341 5.5418 8.5537 19.682 21.6521 32.6408 39.2121;
	0.0 0.0 0.0 0.0 0.0 0.0 0.0 0.0 0.0 0.0 0.0 0.0;
	0.0 0.0 0.0 0.0 0.0 0.0 0.0 0.0 0.0 0.0 0.0 0.0;
	0.0 0.0 0.0 0.0 0.0 0.0 0.0 0.0 0.0 0.0 0.0 0.0;
	0.0 0.0 0.0 0.0 0.0 0.0 0.0 0.0 0.0 0.0 0.0 0.0;
	0.0 0.0 0.0 0.0 0.0 0.0 0.0 0.0 0.0 0.0 0.0 0.0;
	0.0 0.0 0.0 0.0 0.0 0.0 0.0 0.0 0.0 0.0 0.0 0.0;
	0.0 0.0 0.0 0.0 0.0 0.0 0.0 0.0 0.0 0.0 0.0 0.0;
];
