function windprofile = ex_wind_profilesh1
%EX_WIND_PROFILE_D  Example wind_load_nyiso profile data for deterministic unit commitment.
% 2022.03.12
% Andres F. Ramirez


%% define constants
[GEN_BUS, PG, QG, QMAX, QMIN, VG, MBASE, GEN_STATUS, PMAX, PMIN, ...
    MU_PMAX, MU_PMIN, MU_QMAX, MU_QMIN, PC1, PC2, QC1MIN, QC1MAX, ...
    QC2MIN, QC2MAX, RAMP_AGC, RAMP_10, RAMP_30, RAMP_Q, APF] = idx_gen;
[CT_LABEL, CT_PROB, CT_TABLE, CT_TBUS, CT_TGEN, CT_TBRCH, CT_TAREABUS, ...
    CT_TAREAGEN, CT_TAREABRCH, CT_ROW, CT_COL, CT_CHGTYPE, CT_REP, ...
    CT_REL, CT_ADD, CT_NEWVAL, CT_TLOAD, CT_TAREALOAD, CT_LOAD_ALL_PQ, ...
    CT_LOAD_FIX_PQ, CT_LOAD_DIS_PQ, CT_LOAD_ALL_P, CT_LOAD_FIX_P, ...
    CT_LOAD_DIS_P, CT_TGENCOST, CT_TAREAGENCOST, CT_MODCOST_F, ...
    CT_MODCOST_X] = idx_ct;

windprofile = struct( ...
    'type', 'mpcData', ...
    'table', CT_TGEN, ...
    'rows', [1:45], ...
    'col', PMAX, ...
    'chgtype', 1, ...
    'values', [] );
windprofile.values(:,1,:) = [
	3.8064 51.4328 93.2771 109.2168 15.3036 33.6767 28.2966 18.5346 27.9858 29.7747 55.038 82.1059 123.6099 68.1433 195.5803 73.6837 91.4224 96.8805 36.4825 72.745 9.4322 78.5789 72.4978 88.5547 103.8866 73.0336 13.8694 1209.3482 722.6409 722.6409 628.0118 113.2017 121.6083 187.2458 213.6386 308.3268 1224.9219 224.763 475.8712 278.2677 122.2853 373.5865 150.7392 272.1281 1237.6815;
	3.8388 51.8708 93.3746 112.7208 15.372 32.8643 28.7344 18.6349 26.9712 28.3042 52.3199 78.051 117.5053 67.2719 193.1833 72.7807 90.302 95.6931 29.8883 72.6163 9.5781 76.6834 68.7058 88.3497 102.768 73.0784 13.5934 1246.5784 722.7358 722.7358 606.8119 113.592 99.6278 186.9146 210.9065 308.3673 1219.1626 222.5067 465.5508 275.2713 122.6607 364.5746 143.824 277.3494 1231.8622;
	3.9201 52.9687 95.3076 65.8416 15.418 34.8931 29.614 18.9686 28.3714 29.3721 54.2938 80.9957 121.9385 68.2778 201.0025 75.7265 93.957 99.5663 40.3598 73.2999 9.8713 81.4172 68.5302 88.5875 104.8504 74.1322 13.8594 1267.9636 746.7308 746.7308 613.994 113.388 134.5326 188.6742 214.06 318.6052 1321.3587 235.9828 470.6918 280.8493 123.5401 387.0805 157.0601 277.8705 1335.1229;
	3.8583 52.1335 93.7511 81.2163 15.406 34.9525 27.9001 18.3047 28.1542 29.204 53.9831 80.5321 121.2407 69.164 202.1799 76.1701 94.5073 100.1496 47.4663 72.7142 9.3 81.5559 62.3017 86.9476 102.2592 73.8203 13.6241 1274.4415 721.3735 721.3735 524.3079 99.9807 158.2209 187.1664 216.8385 307.786 1166.2275 240.1933 460.3372 273.9086 120.7298 387.7402 182.5142 267.8022 1178.3757;
	3.7701 50.9423 94.5196 117.3793 15.4211 34.4352 23.2963 18.4636 27.8845 29.9204 55.3073 82.5077 124.2148 69.5057 201.4027 75.8773 94.1441 99.7646 84.5999 73.2505 7.7654 80.3488 56.5724 89.4648 104.6719 74.7629 13.4534 1247.9777 693.8992 693.8992 507.7695 96.1238 281.9996 188.5471 217.9099 296.0637 1205.3559 239.8785 447.361 280.3712 121.6009 382.001 192.9394 265.304 1217.9117;
	3.9157 52.9091 94.9038 116.5624 15.3992 34.8231 27.7151 18.3386 27.6982 29.834 55.1477 82.2694 123.8562 69.6136 197.6642 74.4688 92.3965 97.9127 92.7918 72.4711 9.2384 81.2538 68.3835 89.4966 105.9207 75.7111 13.7074 1292.684 744.3364 744.3364 498.1966 97.0448 309.3062 186.5408 218.248 317.5835 1174.488 227.383 457.0633 283.716 116.5406 386.3038 199.3611 275.3992 1186.7223;
	3.9276 53.0699 95.3366 118.3418 15.4097 34.9758 28.842 18.5515 28.074 30.9817 57.2691 85.4343 128.6208 69.9617 203.1512 76.536 94.9614 100.6307 92.7058 73.5143 9.614 81.6101 74.6068 89.3465 105.5181 76.4179 13.8117 1324.3045 782.4359 782.4359 567.163 95.1234 309.0192 189.2261 219.3394 333.8393 1212.2252 249.7935 468.7519 282.6378 115.8473 387.9978 203.8473 277.6375 1224.8525;
	3.7599 50.8039 93.2904 112.2642 15.0308 33.2654 28.1942 18.4695 27.6479 29.5195 54.5664 81.4023 122.5507 69.7845 204.4968 77.043 95.5904 101.2972 92.2414 73.6444 9.3981 77.6193 72.6681 86.865 105.3169 76.275 13.3678 1216.9644 753.4242 753.4242 545.3558 81.5551 307.4714 189.561 218.7838 321.461 1132.4066 235.037 462.6845 282.0989 105.4535 369.0244 192.5267 267.2345 1144.2025;
	3.7397 50.5313 92.6148 113.0511 14.5305 33.8569 27.543 18.674 26.461 29.4671 54.4695 81.2578 122.3331 69.6 203.9854 76.8503 95.3513 101.0439 92.5872 73.8101 9.181 78.9994 73.0299 85.9295 105.1639 76.371 13.7751 1287.2604 793.7842 793.7842 606.9887 80.9538 308.624 189.9875 218.2055 338.6813 1206.6843 269.6311 457.2443 281.6891 111.4992 375.5856 166.3578 273.5312 1219.254;
	3.6583 49.431 91.9478 109.9044 14.3525 32.956 29.2416 18.6368 26.1085 29.7698 55.0289 82.0924 123.5896 68.7402 203.0061 76.4814 94.8936 100.5588 93.0591 73.7443 9.7472 76.8973 73.2039 85.0059 102.1937 76.4806 13.7861 1221.5704 781.5773 781.5773 694.5429 90.6948 310.1971 189.8179 215.5098 333.473 1180.2498 295.5527 453.6188 273.733 114.0398 365.5917 153.093 265.7325 1192.5441;
	3.6598 49.4516 92.3677 114.8135 14.8002 33.431 26.5091 19.183 26.3641 28.6237 52.9104 78.932 118.8316 68.3724 204.6724 77.1091 95.6724 101.3842 90.8622 73.8447 8.8364 78.0057 72.7319 87.5201 104.5927 76.6818 14.1386 1167.6206 762.9738 762.9738 662.9141 93.0151 302.8741 190.0766 214.3566 325.5355 1046.5038 305.7806 454.9138 280.1591 112.8734 370.8615 157.6874 268.5761 1057.4049;
	3.6236 48.9626 91.9845 113.0967 14.7286 33.0668 24.7619 18.9758 26.7965 28.5143 52.7083 78.6304 118.3776 69.0425 202.9071 76.4441 94.8473 100.5098 90.614 72.799 8.254 77.1558 72.1729 85.8366 103.5875 76.6845 13.9905 1062.0232 750.2518 750.2518 634.5608 99.5926 302.0467 187.3847 216.4576 320.1074 1043.7563 278.6743 449.5441 277.4664 105.8221 366.8206 167.26 262.9895 1054.6287;
	3.6431 49.2261 92.6659 113.9059 15.2188 32.2526 27.1229 19.0281 27.1823 30.1256 55.6868 83.0737 125.067 69.6727 198.4462 74.7635 92.7621 98.3001 86.6636 71.8763 9.041 75.2561 73.3145 89.2849 104.8969 76.6702 13.9237 1062.5334 754.12 754.12 667.1506 103.9995 288.8786 185.0098 218.4332 321.7579 999.7681 301.3505 440.3326 280.9739 102.1496 357.789 154.3983 260.1244 1010.1823;
	3.6515 49.3404 94.3661 116.4457 15.312 32.0606 27.316 19.0472 27.5195 30.4251 56.2403 83.8994 126.3101 68.57 202.8958 76.4398 94.842 100.5042 90.7916 73.1141 9.1053 74.808 72.8927 89.5022 105.3211 76.6037 13.9578 1069.467 710.6545 710.6545 687.9564 101.9624 302.6385 188.1958 214.9763 303.2126 978.0326 306.8064 435.4348 282.11 111.2265 355.6588 148.8076 270.7429 988.2205;
	3.7153 50.2021 93.338 113.9498 15.0695 32.977 24.2858 18.9462 27.2048 29.9515 55.3649 82.5935 124.3441 69.2227 199.3928 75.1201 93.2045 98.769 90.3749 71.9422 8.0953 76.9464 71.2433 89.8046 103.993 76.2283 13.5359 1046.9287 698.8753 698.8753 652.476 103.1985 301.2495 185.1795 217.0225 298.1868 913.1162 324.8087 435.6318 278.5526 112.4217 365.8254 166.3872 255.6322 922.6278;
	3.6576 49.4224 92.2679 111.7389 14.7102 33.0966 23.7192 18.1346 26.343 27.515 50.861 75.8747 114.2289 69.3806 199.6668 75.2233 93.3326 98.9047 90.8929 71.2146 7.9064 77.2254 66.7437 87.5438 98.9226 75.5192 13.4447 1089.7381 729.7665 729.7665 665.5103 110.7875 302.9762 183.3065 217.5175 311.367 983.0124 315.6579 435.1127 264.9714 107.3457 367.1514 168.6458 244.1558 993.2521;
	3.6801 49.7258 90.6343 113.2102 14.805 33.7661 22.6884 17.7193 25.8808 29.265 54.0959 80.7005 121.4941 68.7252 198.1338 74.6457 92.616 98.1453 90.5317 71.7344 7.5628 78.7876 72.3916 86.9065 98.2657 74.0392 12.8404 1115.9249 728.2697 728.2697 654.4267 111.2151 301.7724 184.6446 215.4628 310.7284 1076.4097 304.8777 431.7804 263.2118 112.448 374.5789 178.1293 225.2486 1087.6223;
	3.8253 51.6878 91.95 111.8619 14.8687 32.0756 24.8315 14.7577 26.8562 29.9137 55.2951 82.4894 124.1873 69.6289 193.9258 73.0604 90.649 96.0609 89.3436 69.0046 8.2772 74.8431 71.0512 84.8121 97.3246 69.1092 11.9227 1212.3022 740.9414 740.9414 697.1475 102.3549 297.812 177.6181 218.296 316.135 1167.9108 306.7322 449.2457 260.6909 118.8111 355.8256 180.0505 247.6206 1180.0766;
