function solarprofile = ex_solar_profilesh1
%EX_WIND_PROFILE_D  Example wind_load_nyiso profile data for deterministic unit commitment.
% 2022.03.12
% Andres F. Ramirez


%% define constants
[GEN_BUS, PG, QG, QMAX, QMIN, VG, MBASE, GEN_STATUS, PMAX, PMIN, ...
    MU_PMAX, MU_PMIN, MU_QMAX, MU_QMIN, PC1, PC2, QC1MIN, QC1MAX, ...
    QC2MIN, QC2MAX, RAMP_AGC, RAMP_10, RAMP_30, RAMP_Q, APF] = idx_gen;
[CT_LABEL, CT_PROB, CT_TABLE, CT_TBUS, CT_TGEN, CT_TBRCH, CT_TAREABUS, ...
    CT_TAREAGEN, CT_TAREABRCH, CT_ROW, CT_COL, CT_CHGTYPE, CT_REP, ...
    CT_REL, CT_ADD, CT_NEWVAL, CT_TLOAD, CT_TAREALOAD, CT_LOAD_ALL_PQ, ...
    CT_LOAD_FIX_PQ, CT_LOAD_DIS_PQ, CT_LOAD_ALL_P, CT_LOAD_FIX_P, ...
    CT_LOAD_DIS_P, CT_TGENCOST, CT_TAREAGENCOST, CT_MODCOST_F, ...
    CT_MODCOST_X] = idx_ct;

solarprofile = struct( ...
    'type', 'mpcData', ...
    'table', CT_TGEN, ...
    'rows', [1:12], ...
    'col', PMAX, ...
    'chgtype', 1, ...
    'values', [] );
solarprofile.values(:,1,:) = [
	0.0 0.0 0.0 0.0 0.0 0.0 0.0 0.0 0.0 0.0 0.0 0.0;
	0.0 0.0 0.0 0.0 0.0 0.0 0.0 0.0 0.0 0.0 0.0 0.0;
	0.0 0.0 0.0 0.0 0.0 0.0 0.0 0.0 0.0 0.0 0.0 0.0;
	0.0 0.0 0.0 0.0 0.0 0.0 0.0 0.0 0.0 0.0 0.0 0.0;
	0.0 0.0 0.0 0.0 0.0 0.0 0.0 0.0 0.0 0.0 0.0 0.0;
	0.0 0.0062 0.002 0.0 0.0 0.0 0.0 0.0 0.0 0.0 0.0 0.0;
	7.9934 6.5599 5.3856 5.6586 5.7381 223.7165 27.9646 42.6329 29.4759 79.1683 45.0396 143.3743;
	13.1718 11.6129 8.6152 10.9345 10.8555 328.9461 41.1183 68.3124 37.213 272.1389 140.1429 492.8452;
	16.8855 16.174 13.1159 11.6546 12.1982 335.2489 41.9061 68.3393 48.7269 322.8576 184.2895 584.6971;
	18.951 16.0856 13.5268 11.3014 9.8812 186.044 23.2555 60.572 54.6184 229.4616 123.1831 415.5563;
	22.4539 16.6083 13.8 11.4504 9.6786 205.459 25.6824 64.8023 64.8448 199.674 164.4208 361.6108;
	26.3104 16.6083 13.8274 11.4261 9.2961 212.6455 26.5807 65.0484 66.6628 193.4962 187.1001 350.4228;
	26.3843 16.6083 13.8151 11.5194 10.6436 307.3421 38.4178 60.3487 61.317 144.4216 169.6172 261.5485;
	23.4088 16.6083 13.8 11.426 11.2902 318.8872 39.8609 49.2239 56.0278 158.2558 149.2372 286.6022;
	17.1959 13.7087 10.5491 7.9157 11.0169 313.7787 39.2223 47.4167 43.9761 135.214 117.2975 244.8733;
	8.1444 6.8679 4.4059 2.6405 8.6563 115.5036 14.4379 23.2995 25.3429 141.9005 58.3153 256.9826;
	1.0796 0.8352 0.5117 1.2806 3.0788 44.5043 5.563 8.5585 19.6507 32.4782 18.9535 58.8182;
	0.0 0.0 0.0 0.0 0.0 0.0 0.0 0.0 0.0 0.0 0.0 0.0;
	0.0 0.0 0.0 0.0 0.0 0.0 0.0 0.0 0.0 0.0 0.0 0.0;
	0.0 0.0 0.0 0.0 0.0 0.0 0.0 0.0 0.0 0.0 0.0 0.0;
	0.0 0.0 0.0 0.0 0.0 0.0 0.0 0.0 0.0 0.0 0.0 0.0;
	0.0 0.0 0.0 0.0 0.0 0.0 0.0 0.0 0.0 0.0 0.0 0.0;
	0.0 0.0 0.0 0.0 0.0 0.0 0.0 0.0 0.0 0.0 0.0 0.0;
	0.0 0.0 0.0 0.0 0.0 0.0 0.0 0.0 0.0 0.0 0.0 0.0;
];
