function loadprofile = ex_load_profilesh1
%EX_LOAD_PROFILE  Example load profile data file for stochastic unit commitment.
% 2022.03.12
% Andres F. Ramirez

%% define constants
[CT_LABEL, CT_PROB, CT_TABLE, CT_TBUS, CT_TGEN, CT_TBRCH, CT_TAREABUS, ...
    CT_TAREAGEN, CT_TAREABRCH, CT_ROW, CT_COL, CT_CHGTYPE, CT_REP, ...
    CT_REL, CT_ADD, CT_NEWVAL, CT_TLOAD, CT_TAREALOAD, CT_LOAD_ALL_PQ, ...
    CT_LOAD_FIX_PQ, CT_LOAD_DIS_PQ, CT_LOAD_ALL_P, CT_LOAD_FIX_P, ...
    CT_LOAD_DIS_P, CT_TGENCOST, CT_TAREAGENCOST, CT_MODCOST_F, ...
    CT_MODCOST_X] = idx_ct;

loadprofile = struct( ...
    'type', 'mpcData', ...
    'table', CT_TAREALOAD, ...
    'rows', [1:11], ...
    'col', CT_LOAD_ALL_P, ...
    'chgtype', 1, ...
    'values', [] );
loadprofile.values(:,1,:) = [
	1387.769 915.0 1583.0158 555.2917 739.9656 1151.6138 870.6073 252.7128 510.8647 4290.5153 1636.3112;
	1411.5732 930.0622 1593.9 551.6 770.7936 1155.5982 866.1396 260.5218 500.5071 4261.5279 1612.7039;
	1450.8399 945.9328 1622.2 546.9 782.4428 1173.3409 885.3696 265.5272 513.5214 4274.149 1650.2103;
	1493.5555 1013.0723 1732.7996 578.1 847.6 1246.648 921.0288 293.7 533.8254 4524.166 1747.4971;
	1676.1 1120.4789 1926.9383 604.8434 952.675 1384.1905 1032.7751 344.2 624.9072 5118.4309 2010.0531;
	1801.3204 1205.9999 2041.2005 626.2173 1050.6101 1491.5439 1104.6426 380.3567 679.9 5692.4892 2208.9367;
	1814.7 1240.7486 2070.8011 621.0087 1080.1798 1485.927 1121.1 417.4393 684.367 6045.4933 2260.9;
	1763.374 1260.6581 2092.8 609.5289 1075.0432 1462.0325 1114.0029 389.1583 719.0302 6213.5226 2304.3662;
	1792.625 1230.1238 2057.8859 600.4272 1089.1183 1460.6351 1130.1109 379.458 721.8132 6267.9788 2305.9877;
	1783.5752 1244.1354 2029.4788 584.1849 1062.6314 1466.5612 1126.7139 374.6583 701.5 6192.372 2233.9479;
	1716.2471 1200.9006 2031.0431 568.3005 1040.7 1490.1699 1096.2835 378.6 691.7263 6091.2085 2295.3235;
	1739.5752 1190.1909 2052.3844 575.214 1049.3722 1500.5549 1104.1999 379.7285 699.0377 6094.7281 2328.4459;
	1761.8679 1189.5983 2037.3934 586.3 1059.0039 1474.419 1127.2278 384.9852 716.763 6092.6527 2322.7833;
	1812.0509 1191.8447 2049.1505 566.767 1027.909 1461.3563 1117.4427 385.5989 712.515 6184.1449 2262.4959;
	1763.6812 1164.1543 2038.3967 559.0275 1030.5157 1506.8294 1109.7051 378.9159 701.3723 6119.4 2277.6015;
	1847.508 1195.4107 2053.1791 584.6303 1069.5 1516.6904 1228.334 422.8046 764.6185 6269.1954 2531.1825;
	1822.9277 1195.432 2074.8214 584.1 1111.6799 1520.8 1283.9324 412.9524 777.4722 6299.2677 2740.5931;
	1847.6956 1220.9828 2157.5574 584.2343 1130.5405 1570.4 1245.9576 395.4929 806.3654 6302.2801 2704.4659;
	1848.3069 1229.1234 2112.2079 588.178 1135.7042 1566.2 1216.6798 398.0689 798.7603 6156.7457 2659.216;
	1811.9653 1140.5834 2010.8065 555.7639 1066.3299 1473.2581 1171.2828 381.4115 759.1667 5928.0012 2508.8611;
	1731.8608 1063.0635 1908.836 547.3649 1004.154 1370.2754 1073.8925 351.5 664.8275 5601.7011 2223.9552;
	1623.4965 994.563 1777.4 536.2364 913.1 1233.3045 978.954 314.3182 606.2111 5182.6235 2004.0335;
	1580.0431 930.5258 1636.5302 573.0878 826.9691 1166.9545 919.2332 304.4234 582.8589 4827.7516 1857.4495;
	1522.583 929.1519 1605.32 588.321 771.3618 1129.4064 880.178 293.3538 546.1822 4566.3986 1809.6205;
];
