function loadprofile = ex_load_profilesh1
%EX_LOAD_PROFILE  Example load profile data file for stochastic unit commitment.
% 2022.03.12
% Andres F. Ramirez

%% define constants
[CT_LABEL, CT_PROB, CT_TABLE, CT_TBUS, CT_TGEN, CT_TBRCH, CT_TAREABUS, ...
    CT_TAREAGEN, CT_TAREABRCH, CT_ROW, CT_COL, CT_CHGTYPE, CT_REP, ...
    CT_REL, CT_ADD, CT_NEWVAL, CT_TLOAD, CT_TAREALOAD, CT_LOAD_ALL_PQ, ...
    CT_LOAD_FIX_PQ, CT_LOAD_DIS_PQ, CT_LOAD_ALL_P, CT_LOAD_FIX_P, ...
    CT_LOAD_DIS_P, CT_TGENCOST, CT_TAREAGENCOST, CT_MODCOST_F, ...
    CT_MODCOST_X] = idx_ct;

loadprofile = struct( ...
    'type', 'mpcData', ...
    'table', CT_TAREALOAD, ...
    'rows', [1:11], ...
    'col', CT_LOAD_ALL_P, ...
    'chgtype', 1, ...
    'values', [] );
loadprofile.values(:,1,:) = [
	1477.9831 898.0718 1500.2512 542.8404 738.3122 969.6876 798.1118 229.2412 483.5161 4518.5207 1636.5645;
	1510.4185 927.9383 1516.4851 539.6697 737.5799 998.4513 809.0987 234.5151 487.2 4509.3478 1629.534;
	1523.818 954.9 1566.6948 545.1089 753.4433 1049.4477 829.3935 236.8196 489.1407 4511.9147 1646.2306;
	1605.3241 1025.2142 1676.0227 546.1285 849.9931 1111.3423 875.3008 263.3885 529.819 4715.6008 1757.7863;
	1763.5581 1150.8938 1883.063 566.3948 968.5107 1283.1862 968.7345 315.5 603.3361 5279.58 1973.2609;
	1888.5608 1240.1829 1999.4 589.1187 1033.874 1332.3766 1026.6952 339.6447 652.6662 5839.6 2127.7;
	1893.5462 1239.2 1994.4528 558.584 1049.3007 1359.1971 1052.2929 320.7305 657.8872 6214.0849 2158.8017;
	1903.326 1216.7373 1990.2 568.3053 1038.7565 1336.9341 1053.3631 319.0877 668.6273 6412.9444 2165.2803;
	1879.0817 1227.7983 2041.5795 540.5701 1053.1792 1327.3988 1038.2266 307.4663 682.9389 6417.8744 2150.1301;
	1883.7671 1225.6102 1983.0094 535.5654 1066.3148 1302.7512 1020.2348 306.1794 683.9301 6523.6837 2131.027;
	1887.1579 1235.469 1989.7221 531.0667 1080.3738 1285.5218 985.2833 318.317 671.6418 6449.196 2185.4189;
	1834.0 1225.4678 1933.1738 529.2118 1052.3544 1299.8642 1028.0398 324.719 663.1843 6408.4849 2210.0568;
	1872.7998 1221.002 1909.6806 549.3387 1051.7725 1250.865 1011.5803 318.7 643.2233 6278.6318 2143.2382;
	1791.1857 1197.0469 1853.6403 560.6956 1003.5963 1214.2972 998.312 314.7781 638.4853 6228.8235 2085.3255;
	1764.9094 1227.2593 1907.6 568.4212 1012.6498 1326.1457 1061.0 336.3 670.3061 6399.4056 2219.2813;
	1791.2347 1244.9577 1925.8711 569.1638 1038.4925 1387.4449 1126.6 338.9274 691.4791 6471.4105 2296.1005;
	1812.7257 1221.6308 1963.6016 597.9101 1072.8391 1402.4512 1136.8794 353.7229 690.8622 6291.5601 2379.0;
	1855.7 1286.8748 2038.7937 591.5 1110.9398 1445.8634 1206.6811 394.7064 735.3515 6497.0618 2555.5482;
	1880.7617 1302.5847 2047.6628 593.8606 1095.3441 1456.7128 1184.9542 380.0 717.3933 6372.8319 2459.6;
	1832.5669 1232.7219 1937.6828 580.9656 1026.9359 1379.1045 1117.6788 362.0176 690.7 6077.4068 2337.1;
	1730.3 1139.9 1833.2531 554.1208 944.9 1269.6603 1041.6 332.7158 627.4 5766.7415 2152.714;
	1638.0 1053.4 1701.0364 530.4863 880.5857 1176.8 969.5504 316.4883 594.3755 5369.1733 1997.3702;
	1611.0987 1030.6788 1678.709 552.8925 860.5611 1121.0386 921.268 292.3182 551.8884 5388.2916 1896.0299;
	1566.5417 1025.733 1690.1577 568.2455 868.8438 1094.5297 899.7708 288.4 527.7983 5065.6833 1804.5446;
];
