function loadprofile = ex_load_profilesh1
%EX_LOAD_PROFILE  Example load profile data file for stochastic unit commitment.
% 2022.03.12
% Andres F. Ramirez

%% define constants
[CT_LABEL, CT_PROB, CT_TABLE, CT_TBUS, CT_TGEN, CT_TBRCH, CT_TAREABUS, ...
    CT_TAREAGEN, CT_TAREABRCH, CT_ROW, CT_COL, CT_CHGTYPE, CT_REP, ...
    CT_REL, CT_ADD, CT_NEWVAL, CT_TLOAD, CT_TAREALOAD, CT_LOAD_ALL_PQ, ...
    CT_LOAD_FIX_PQ, CT_LOAD_DIS_PQ, CT_LOAD_ALL_P, CT_LOAD_FIX_P, ...
    CT_LOAD_DIS_P, CT_TGENCOST, CT_TAREAGENCOST, CT_MODCOST_F, ...
    CT_MODCOST_X] = idx_ct;

loadprofile = struct( ...
    'type', 'mpcData', ...
    'table', CT_TAREALOAD, ...
    'rows', [1:11], ...
    'col', CT_LOAD_ALL_P, ...
    'chgtype', 1, ...
    'values', [] );
loadprofile.values(:,1,:) = [
	1560.3563 879.4312 1553.1528 552.6297 679.9262 1045.2165 792.5235 241.1098 434.4417 4306.1978 1474.2242;
	1551.6843 888.8 1573.2085 552.6173 709.2394 1056.4 801.0853 245.0 445.1046 4283.6289 1437.6587;
	1560.8281 910.8 1611.3158 554.7227 722.9393 1089.1236 841.4173 249.1458 477.1127 4367.2631 1491.5612;
	1640.2231 972.6126 1704.4296 572.0266 767.5006 1166.4687 906.2 264.9511 491.9611 4611.1344 1649.4887;
	1770.7459 1100.2165 1899.7378 586.9 898.4464 1331.4021 990.3883 303.5883 570.9469 5132.3619 1937.2439;
	1937.031 1220.1736 2080.6 587.7561 990.179 1458.3636 1076.2823 339.6 644.5672 5709.2471 2106.2063;
	1960.2263 1236.5169 2101.2658 588.6933 1011.8855 1464.8024 1089.2718 352.7885 651.4431 6058.3084 2079.3969;
	1976.5089 1226.7181 2072.4144 606.5356 983.3875 1440.8426 1112.5247 345.2259 657.317 6239.3938 2064.2444;
	1994.3003 1261.4782 2135.3966 578.6446 1020.234 1473.1306 1148.4017 360.3623 659.4823 6354.7887 2090.2131;
	1964.0098 1248.3709 2085.1719 578.0 995.3835 1427.5842 1179.2334 352.4946 668.285 6359.0592 2075.3222;
	1959.6943 1236.5 2061.9471 567.6253 1015.0603 1412.9029 1152.5237 355.8831 632.6 6289.7384 1961.5103;
	2009.2115 1228.1 2054.9275 553.3 1026.6505 1424.5 1169.2584 341.2 624.8274 6185.6 1917.3555;
	1939.1017 1234.1 2062.0449 557.9 1009.6 1428.0712 1166.2211 357.5318 623.9125 6056.3762 1916.8254;
	1934.6656 1227.9902 2001.1744 551.0111 993.0771 1378.3 1178.1277 343.9969 631.5083 6118.1885 2039.1473;
	1896.3887 1207.7933 1996.9822 565.3 1005.1399 1397.2 1183.7213 340.5589 652.3219 6193.9666 2123.4719;
	1857.8239 1179.2873 1989.4357 572.5561 1027.1639 1401.3009 1196.558 366.4705 653.9 6269.3616 2222.554;
	1831.9964 1208.8143 2028.0968 572.6 1033.3679 1459.2201 1178.8163 387.8861 683.2672 6128.7372 2343.0;
	1903.8828 1267.2108 2141.3426 589.2846 1096.3483 1528.5 1228.0362 397.4 713.4 6112.9524 2475.5;
	1960.1415 1295.5271 2116.206 603.7 1067.7414 1516.1 1194.6174 391.573 707.6261 5943.9934 2431.4669;
	1863.664 1213.1 2017.7045 590.9 994.2099 1422.546 1120.231 359.8203 665.8 5644.4516 2271.4633;
	1764.9953 1118.2771 1881.767 573.5206 915.4959 1326.8286 1023.6351 320.8 626.6603 5236.1468 2053.7248;
	1637.6008 1015.2342 1726.6428 568.4707 830.8948 1222.3 958.9 287.7545 565.4473 4706.1903 1889.5369;
	1531.0 957.2886 1655.777 575.1466 742.6385 1144.4398 912.3139 262.1433 509.2604 4406.8258 1759.2856;
	1491.9717 948.6375 1649.9117 585.3008 744.4505 1128.2011 884.0344 259.3436 465.2324 4517.1 1710.8587;
];
