function loadprofile = ex_load_profilesh1
%EX_LOAD_PROFILE  Example load profile data file for stochastic unit commitment.
% 2022.03.12
% Andres F. Ramirez

%% define constants
[CT_LABEL, CT_PROB, CT_TABLE, CT_TBUS, CT_TGEN, CT_TBRCH, CT_TAREABUS, ...
    CT_TAREAGEN, CT_TAREABRCH, CT_ROW, CT_COL, CT_CHGTYPE, CT_REP, ...
    CT_REL, CT_ADD, CT_NEWVAL, CT_TLOAD, CT_TAREALOAD, CT_LOAD_ALL_PQ, ...
    CT_LOAD_FIX_PQ, CT_LOAD_DIS_PQ, CT_LOAD_ALL_P, CT_LOAD_FIX_P, ...
    CT_LOAD_DIS_P, CT_TGENCOST, CT_TAREAGENCOST, CT_MODCOST_F, ...
    CT_MODCOST_X] = idx_ct;

loadprofile = struct( ...
    'type', 'mpcData', ...
    'table', CT_TAREALOAD, ...
    'rows', [1:11], ...
    'col', CT_LOAD_ALL_P, ...
    'chgtype', 1, ...
    'values', [] );
loadprofile.values(:,1,:) = [
	1477.9947 880.0952 1571.2 548.6 774.9519 1124.223 859.2029 244.4 504.3736 4472.5469 1673.8345;
	1465.5211 896.7541 1599.8864 541.6991 795.5685 1129.1228 845.1 241.8754 497.211 4382.5085 1636.4652;
	1495.0211 926.6364 1647.8127 557.9 815.5118 1168.4271 859.1972 251.8 509.9542 4390.745 1657.6758;
	1567.5843 1009.1493 1791.2426 581.6333 883.7083 1232.5104 904.4 271.402 541.5 4663.2 1782.1321;
	1726.7822 1130.2114 1964.2455 619.649 998.3933 1383.9322 1000.9298 320.3718 634.4352 5218.5 2039.3926;
	1836.4346 1235.6374 2102.3544 628.2805 1088.7434 1482.1734 1085.9536 339.6564 709.9901 5856.3 2223.3301;
	1848.8 1252.7978 2077.0677 605.2 1085.6308 1469.65 1107.23 332.8654 704.0558 6166.6046 2274.681;
	1882.1597 1264.3697 2092.0415 591.9 1044.0879 1448.4747 1139.5647 342.3123 719.1622 6482.1523 2319.6608;
	1852.374 1246.3395 2098.1235 567.6879 1036.4015 1425.7 1112.5477 330.3221 716.6 6438.5391 2212.1778;
	1826.5397 1236.7 2057.3759 558.1033 1004.1607 1355.9223 1089.1273 299.2759 678.1 6336.3652 2088.2724;
	1769.5931 1207.0509 2039.5792 559.1754 961.2216 1325.123 1039.164 295.9658 694.8 6254.1334 1962.7681;
	1830.7 1197.028 2024.4646 562.7444 984.2 1366.8055 1049.281 284.8855 667.7 6158.4079 1899.3541;
	1805.38 1167.1056 1994.8 550.5 963.3151 1378.3487 1085.5 271.3919 664.8 6028.5532 1904.2363;
	1794.4792 1186.7368 2002.9732 554.7199 965.5923 1388.9326 1089.5767 262.4949 654.3888 6180.9983 2029.0365;
	1762.0155 1205.3 2054.4508 572.2 1000.4924 1425.4769 1123.4623 298.6359 664.3311 6142.9099 2088.44;
	1825.0796 1236.559 2088.2952 564.9978 1030.8 1480.3669 1168.9906 308.0976 696.5208 6220.7359 2177.8508;
	1784.7601 1230.0889 2038.03 567.0 1008.4726 1505.9597 1134.8008 321.3962 716.4166 6046.6893 2300.7407;
	1843.3164 1308.9 2157.7 597.0027 1064.9724 1615.3629 1271.2851 353.0308 747.0 6180.9814 2447.3238;
	1858.4479 1291.0 2106.8701 592.0532 1030.25 1576.5384 1258.9309 352.7976 720.4191 6052.3349 2401.129;
	1781.4766 1210.7209 1983.0923 578.5991 937.9521 1476.5363 1186.2836 351.6361 690.4154 5933.1589 2315.9;
	1701.5 1116.0477 1877.0474 550.6648 909.5338 1399.3985 1119.5377 338.3579 640.2598 5610.0935 2149.4;
	1637.8048 1050.9594 1762.5158 546.8 852.5564 1283.438 1037.6431 317.3 592.0 5198.1031 1981.6577;
	1610.7602 1018.8717 1743.2872 570.3 853.1705 1221.5664 1020.5547 313.3537 562.8375 5400.5601 1975.0;
	1549.702 961.8966 1681.3 574.0941 779.3759 1153.9313 911.4509 283.8 519.0 4803.617 1780.6952;
];
