function solarprofile = ex_solar_profilesh1
%EX_WIND_PROFILE_D  Example wind_load_nyiso profile data for deterministic unit commitment.
% 2022.03.12
% Andres F. Ramirez


%% define constants
[GEN_BUS, PG, QG, QMAX, QMIN, VG, MBASE, GEN_STATUS, PMAX, PMIN, ...
    MU_PMAX, MU_PMIN, MU_QMAX, MU_QMIN, PC1, PC2, QC1MIN, QC1MAX, ...
    QC2MIN, QC2MAX, RAMP_AGC, RAMP_10, RAMP_30, RAMP_Q, APF] = idx_gen;
[CT_LABEL, CT_PROB, CT_TABLE, CT_TBUS, CT_TGEN, CT_TBRCH, CT_TAREABUS, ...
    CT_TAREAGEN, CT_TAREABRCH, CT_ROW, CT_COL, CT_CHGTYPE, CT_REP, ...
    CT_REL, CT_ADD, CT_NEWVAL, CT_TLOAD, CT_TAREALOAD, CT_LOAD_ALL_PQ, ...
    CT_LOAD_FIX_PQ, CT_LOAD_DIS_PQ, CT_LOAD_ALL_P, CT_LOAD_FIX_P, ...
    CT_LOAD_DIS_P, CT_TGENCOST, CT_TAREAGENCOST, CT_MODCOST_F, ...
    CT_MODCOST_X] = idx_ct;

solarprofile = struct( ...
    'type', 'mpcData', ...
    'table', CT_TGEN, ...
    'rows', [1:12], ...
    'col', PMAX, ...
    'chgtype', 1, ...
    'values', [] );
solarprofile.values(:,1,:) = [
	0.0 0.0 0.0 0.0 0.0 0.0 0.0 0.0 0.0 0.0 0.0 0.0;
	0.0 0.0 0.0 0.0 0.0 0.0 0.0 0.0 0.0 0.0 0.0 0.0;
	0.0 0.0 0.0 0.0 0.0 0.0 0.0 0.0 0.0 0.0 0.0 0.0;
	0.0 0.0 0.0 0.0 0.0 0.0 0.0 0.0 0.0 0.0 0.0 0.0;
	0.0 0.0 0.0 0.0 0.0 0.0 0.0 0.0 0.0 0.0 0.0 0.0;
	0.0 0.0 0.002 0.0 0.0 0.0 0.0 0.0 0.0 0.0 0.0 0.0;
	2.8727 5.5886 3.0046 2.3344 5.8837 339.1635 42.3954 55.1108 245.2601 71.6714 40.0764 129.7974;
	3.6947 5.6639 2.8259 6.2382 10.6864 431.5902 53.9488 71.6074 287.9464 199.7479 121.9686 361.7447;
	7.6818 8.4386 8.2782 9.5104 12.2925 442.702 55.3378 73.2066 274.6081 271.2286 190.3396 491.1966;
	19.9309 12.4803 10.7845 11.2835 13.1641 402.5127 50.3141 66.9792 267.8723 163.7903 208.7179 296.6252;
	18.6634 12.5706 9.4773 11.4504 13.7324 397.205 49.6506 66.6137 265.0644 192.6846 219.7956 348.953;
	17.633 10.1969 6.9373 11.4717 13.6076 397.0061 49.6258 66.9358 264.2744 264.0877 225.9625 478.2644;
	18.1809 9.1778 7.2269 11.5845 13.3668 432.2852 54.0357 72.5929 267.483 290.9123 234.7517 526.8439;
	15.7409 13.1786 11.1615 11.5835 13.4145 430.0345 53.7543 74.4981 258.02 332.6836 230.3816 602.4919;
	13.7896 11.6469 9.9355 9.4339 13.0433 418.1725 52.2716 72.72 252.5079 329.5705 256.3762 596.8542;
	9.1918 7.494 6.3302 7.1803 9.8039 289.1694 36.1462 46.0265 206.6068 293.3144 246.5 531.1942;
	0.7104 0.5851 0.3992 1.3418 2.5332 52.563 6.5704 8.4324 27.9502 30.3111 28.1607 54.8935;
	0.0 0.0 0.0 0.0 0.0 0.0 0.0 0.0 0.0 0.0 0.0 0.0;
	0.0 0.0 0.0 0.0 0.0 0.0 0.0 0.0 0.0 0.0 0.0 0.0;
	0.0 0.0 0.0 0.0 0.0 0.0 0.0 0.0 0.0 0.0 0.0 0.0;
	0.0 0.0 0.0 0.0 0.0 0.0 0.0 0.0 0.0 0.0 0.0 0.0;
	0.0 0.0 0.0 0.0 0.0 0.0 0.0 0.0 0.0 0.0 0.0 0.0;
	0.0 0.0 0.0 0.0 0.0 0.0 0.0 0.0 0.0 0.0 0.0 0.0;
	0.0 0.0 0.0 0.0 0.0 0.0 0.0 0.0 0.0 0.0 0.0 0.0;
];
