function windprofile = ex_wind_profilesh1
%EX_WIND_PROFILE_D  Example wind_load_nyiso profile data for deterministic unit commitment.
% 2022.03.12
% Andres F. Ramirez


%% define constants
[GEN_BUS, PG, QG, QMAX, QMIN, VG, MBASE, GEN_STATUS, PMAX, PMIN, ...
    MU_PMAX, MU_PMIN, MU_QMAX, MU_QMIN, PC1, PC2, QC1MIN, QC1MAX, ...
    QC2MIN, QC2MAX, RAMP_AGC, RAMP_10, RAMP_30, RAMP_Q, APF] = idx_gen;
[CT_LABEL, CT_PROB, CT_TABLE, CT_TBUS, CT_TGEN, CT_TBRCH, CT_TAREABUS, ...
    CT_TAREAGEN, CT_TAREABRCH, CT_ROW, CT_COL, CT_CHGTYPE, CT_REP, ...
    CT_REL, CT_ADD, CT_NEWVAL, CT_TLOAD, CT_TAREALOAD, CT_LOAD_ALL_PQ, ...
    CT_LOAD_FIX_PQ, CT_LOAD_DIS_PQ, CT_LOAD_ALL_P, CT_LOAD_FIX_P, ...
    CT_LOAD_DIS_P, CT_TGENCOST, CT_TAREAGENCOST, CT_MODCOST_F, ...
    CT_MODCOST_X] = idx_ct;

windprofile = struct( ...
    'type', 'mpcData', ...
    'table', CT_TGEN, ...
    'rows', [1:45], ...
    'col', PMAX, ...
    'chgtype', 1, ...
    'values', [] );
windprofile.values(:,1,:) = [
	3.8513 52.0399 95.3084 119.5564 15.2981 35.1797 27.1558 19.1281 28.3192 31.3179 57.8906 86.3614 130.0166 68.2291 194.2043 73.1653 90.7792 96.1989 35.7885 70.0098 9.0519 82.086 75.535 90.1732 106.7168 76.6588 14.0009 1218.2492 695.4093 695.4093 583.0911 108.3005 119.2949 180.2053 213.9074 296.708 1158.7733 220.3026 461.5926 285.8485 120.8534 390.2602 159.2662 276.6241 1170.8439;
	3.776 51.0218 95.1275 120.9719 15.1587 34.8974 28.4089 19.1524 28.1557 31.2738 57.8091 86.2399 129.8337 69.178 194.9296 73.4386 91.1182 96.5581 30.9828 72.201 9.4696 81.4272 73.7898 90.1586 106.6905 76.6563 13.9427 1264.2102 745.7916 745.7916 603.7515 107.5764 103.2759 185.8456 216.8824 318.2044 1188.1777 225.9699 466.0911 285.778 121.8782 387.1281 148.4258 274.0808 1200.5546;
	3.8499 52.0206 95.2924 73.3178 15.2745 35.1758 29.5335 19.0255 28.3414 31.2204 57.7105 86.0927 129.6122 69.3038 198.4378 74.7603 92.7581 98.2959 34.2291 69.9301 9.8445 82.0768 73.4136 90.1831 106.7769 76.6564 13.8207 1258.038 731.5362 731.5362 583.3806 109.0963 114.097 180.0004 217.2768 312.1221 1230.8558 227.0652 466.4471 286.0096 121.074 390.2167 157.0563 275.3492 1243.6773;
	3.7987 51.3286 93.751 90.5192 15.2279 35.0756 28.2543 18.9044 28.0101 30.7475 56.8363 84.7885 127.6487 67.7825 196.7906 74.1397 91.9881 97.48 41.9395 70.4782 9.4181 81.8431 63.3698 89.1904 105.3831 75.7734 13.7435 1259.5989 759.6509 759.6509 567.9864 103.3682 139.7984 181.4111 212.5073 324.1177 1183.4381 245.1678 458.9343 282.2763 119.682 389.1054 190.5566 271.0743 1195.7656;
	3.7207 50.2743 95.0981 121.0753 15.2591 34.8352 24.1747 19.0792 28.2455 30.389 56.1736 83.7999 126.1603 68.5597 175.9164 66.2755 82.2307 87.14 71.1822 68.8309 8.0582 81.282 53.6148 89.1249 106.399 76.033 13.8417 1203.9249 698.0427 698.0427 550.1383 97.1441 237.2741 177.1709 214.944 297.8316 1226.7934 233.2251 459.5446 284.9974 119.7503 386.438 199.6158 274.8647 1239.5725;
	3.8718 52.3169 94.9328 120.8338 15.067 35.0955 27.1687 19.0142 27.3254 31.32 57.8945 86.3672 130.0253 67.4257 184.3098 69.4377 86.1541 91.2977 86.9364 71.1826 9.0562 81.8895 70.7205 89.9393 106.5911 75.7819 13.7628 1192.9513 708.5258 708.5258 503.3301 96.1471 289.7879 183.2242 211.3888 302.3044 1093.5317 218.2757 444.3455 285.5119 119.2968 389.3262 208.7606 273.263 1104.9227;
	3.9083 52.8103 95.3162 120.8218 15.2119 35.05 28.9975 19.1301 27.4517 31.2743 57.81 86.2412 129.8356 67.3308 182.4669 68.7433 85.2927 90.3848 85.594 70.4862 9.6658 81.7833 73.0882 90.0556 106.5112 76.6213 13.6358 1266.0969 756.6282 756.6282 559.5518 96.14 285.3134 181.4317 211.0913 322.828 1174.576 234.9687 459.3711 285.2979 121.3763 388.8211 217.1891 278.0972 1186.8112;
	3.8932 52.6059 94.7643 120.6079 15.1462 35.1352 29.1607 19.0998 27.2762 31.2869 57.8334 86.2761 129.8882 68.1562 194.5566 73.2981 90.9439 96.3734 84.6675 70.3153 9.7202 81.9822 73.9242 89.4815 106.7299 76.1685 13.6228 1181.672 759.3146 759.3146 539.7372 83.0512 282.2251 180.9917 213.6789 323.9742 1156.5065 240.794 460.601 285.8838 118.26 389.7666 215.163 267.3041 1168.5535;
	3.931 53.1171 95.4149 121.3657 15.3845 35.1839 30.7249 19.1476 28.2784 31.3639 57.9756 86.4882 130.2076 68.6068 194.0686 73.1142 90.7158 96.1316 85.1293 68.8908 10.2416 82.0957 73.0836 90.0115 106.7469 74.8335 13.9916 1213.3491 805.3574 805.3574 592.3067 78.4321 283.7642 177.3251 215.0915 343.6192 1174.3423 273.2535 472.1446 285.9292 122.5651 390.3063 204.6371 279.5933 1186.575;
	3.8609 52.1697 94.698 120.6664 15.1608 35.1322 30.3064 18.629 27.6645 31.249 57.7633 86.1714 129.7306 68.7131 195.4636 73.6398 91.3679 96.8227 86.9696 69.3339 10.1021 81.975 72.5908 88.0112 106.2126 74.2464 13.6899 1149.953 753.9425 753.9425 654.4846 89.243 289.8987 178.4656 215.425 321.6821 1121.826 295.0988 466.4935 284.4979 121.6277 389.7327 177.7269 278.1469 1133.5117;
	3.8491 52.0095 94.8585 120.5648 14.8556 35.067 28.2272 18.6834 27.4392 31.1006 57.489 85.7622 129.1146 66.0925 193.4918 72.8969 90.4462 95.8459 77.809 69.6835 9.4091 81.8229 71.5602 87.8536 105.1489 74.2219 13.4975 1161.4945 749.1622 749.1622 615.6522 92.4184 259.3633 179.3656 207.2089 319.6425 1077.3317 306.4858 472.8039 281.6489 118.2426 389.0095 181.9907 265.7526 1088.5539;
	3.791 51.2247 95.1054 119.6772 14.2725 35.0718 26.2652 18.8192 27.4072 30.247 55.911 83.4083 125.5707 67.4417 188.8933 71.1644 88.2966 93.5681 85.6706 68.0883 8.7551 81.8342 71.9149 88.5579 105.3106 75.3161 13.6073 1018.5531 723.4561 723.4561 593.7008 94.957 285.5686 175.2596 211.4389 308.6746 1022.5873 283.8167 449.1749 282.0821 118.6584 389.0633 189.1887 274.4081 1033.2392;
	3.8026 51.3817 93.127 118.871 14.3907 35.1788 28.6813 18.7528 27.9014 31.1803 57.6363 85.9821 129.4455 69.528 188.0083 70.831 87.883 93.1297 83.1855 69.1182 9.5604 82.0839 74.4114 89.9513 104.2356 76.0446 13.7157 1070.5627 758.7491 758.7491 650.7903 99.861 277.2851 177.9104 217.9797 323.733 971.4756 304.6494 466.2524 279.2024 117.5249 390.2505 172.5166 272.0357 981.5952;
	3.7591 50.7933 91.1709 116.7579 14.54 34.9943 27.9452 18.815 27.4072 30.9568 57.2233 85.3659 128.5178 68.4059 186.9882 70.4467 87.4061 92.6244 86.7647 69.6801 9.3151 81.6533 73.6424 89.4404 101.6772 75.7802 13.3103 1030.7715 714.1091 714.1091 677.4784 95.0706 289.2155 179.3569 214.4617 304.6865 969.7441 305.0072 453.8609 272.3498 115.0285 388.2032 156.8243 272.7104 979.8456;
	3.6007 48.6538 91.2085 115.1267 14.1286 34.1407 26.2684 18.6833 27.466 31.1705 57.6182 85.9551 129.4049 68.4656 179.6714 67.6902 83.9859 89.0 84.9519 69.2448 8.7561 79.6616 72.6657 89.286 102.5051 75.7199 13.1412 1022.8746 742.1148 742.1148 676.3641 95.6209 283.1729 178.2364 214.6488 316.6356 902.5519 327.381 455.8294 274.5672 114.9212 378.7341 173.6823 256.8052 911.9535;
	3.6171 48.8746 91.2996 112.7925 14.6003 33.0703 26.0033 17.9287 26.8035 30.7836 56.903 84.888 127.7985 67.1066 192.796 72.6348 90.1209 95.5013 85.7497 69.5488 8.6678 77.164 73.3224 88.6048 98.9596 74.611 12.9792 1045.5742 746.465 746.465 660.849 105.3127 285.8324 179.0189 210.3884 318.4917 947.3415 319.1085 450.8942 265.0703 112.8159 366.8599 169.0873 253.7121 957.2096;
	3.5727 48.2751 91.7896 116.9969 15.2505 33.6103 23.8199 17.5526 27.1368 30.4021 56.1979 83.8362 126.2149 66.9078 196.8108 74.1473 91.9976 97.49 90.3397 71.972 7.94 78.4241 72.1886 89.5652 100.3812 74.2681 12.0332 1124.222 767.4515 767.4515 689.796 107.5194 301.1324 185.2562 209.7651 327.446 1075.57 307.5628 454.9104 268.8782 118.6374 372.8508 181.2198 236.7694 1086.7739;
	3.5735 48.2864 88.4902 110.2048 14.3901 30.8304 22.4302 13.4658 26.1286 28.134 52.0054 77.5818 116.7989 65.5294 189.6014 71.4312 88.6276 93.9188 88.9403 68.522 7.4767 71.9376 58.6251 84.9049 97.8812 68.2241 9.9239 1213.4412 717.5909 717.5909 678.5407 94.833 296.4676 176.3759 205.4434 306.1721 1098.5723 295.8789 442.2891 262.1818 115.029 342.0117 178.7379 233.3765 1110.0157;
