function loadprofile = ex_load_profilesh1
%EX_LOAD_PROFILE  Example load profile data file for stochastic unit commitment.
% 2022.03.12
% Andres F. Ramirez

%% define constants
[CT_LABEL, CT_PROB, CT_TABLE, CT_TBUS, CT_TGEN, CT_TBRCH, CT_TAREABUS, ...
    CT_TAREAGEN, CT_TAREABRCH, CT_ROW, CT_COL, CT_CHGTYPE, CT_REP, ...
    CT_REL, CT_ADD, CT_NEWVAL, CT_TLOAD, CT_TAREALOAD, CT_LOAD_ALL_PQ, ...
    CT_LOAD_FIX_PQ, CT_LOAD_DIS_PQ, CT_LOAD_ALL_P, CT_LOAD_FIX_P, ...
    CT_LOAD_DIS_P, CT_TGENCOST, CT_TAREAGENCOST, CT_MODCOST_F, ...
    CT_MODCOST_X] = idx_ct;

loadprofile = struct( ...
    'type', 'mpcData', ...
    'table', CT_TAREALOAD, ...
    'rows', [1:11], ...
    'col', CT_LOAD_ALL_P, ...
    'chgtype', 1, ...
    'values', [] );
loadprofile.values(:,1,:) = [
	1452.1522 907.1562 1648.2 537.1751 766.2325 1157.6973 860.6089 270.1872 498.3834 4333.0764 1688.4458;
	1451.0945 906.1013 1624.7619 534.59 748.0606 1168.8816 852.5907 267.5 494.1052 4292.766 1671.2603;
	1493.4675 940.7386 1631.0 545.6566 778.9 1158.9 859.0119 281.8194 507.8221 4342.5507 1705.9;
	1570.2686 1020.7 1745.4929 570.0 837.2093 1226.224 905.4 288.806 523.6157 4577.6679 1807.8569;
	1738.0498 1155.9039 1991.5825 595.0 958.6767 1426.621 1033.2 327.6253 612.3215 5205.0953 2110.4941;
	1891.3948 1243.4172 2144.8165 634.9 1022.7372 1502.7123 1104.572 352.6 671.6123 5766.4481 2242.0396;
	1901.2138 1248.1824 2101.0425 614.6557 1034.2 1494.1009 1132.27 362.6261 689.5382 6084.3482 2248.0636;
	1929.206 1262.4845 2056.8185 618.0376 1023.1465 1473.6139 1141.6661 357.7297 709.9 6370.9965 2344.2979;
	1929.221 1267.4496 2099.9554 601.7 1049.9829 1527.2274 1150.8854 346.4835 731.4495 6458.8436 2338.0826;
	1994.2023 1278.9 2129.2223 597.6 1057.4 1569.2366 1176.597 350.7 715.2034 6575.6915 2403.5;
	1985.8989 1280.2283 2095.5749 588.8946 1030.4 1564.5332 1180.1781 345.5552 718.3476 6593.6718 2302.5351;
	1956.1 1266.2 2050.4703 574.7309 1011.2 1509.9362 1137.5429 335.2679 711.1188 6505.674 2275.6202;
	1971.9346 1284.485 2078.795 557.9677 1024.3388 1549.1639 1155.7364 343.0 710.2146 6562.6193 2299.7739;
	1929.171 1246.2809 2008.7097 551.1778 984.2497 1503.8 1067.7236 327.1222 684.1673 6587.8081 2287.0;
	1916.1564 1220.46 1995.4746 551.3279 971.2487 1518.0477 1077.6171 360.1 686.9 6449.9552 2318.3334;
	1903.2577 1226.5811 1984.583 572.5 969.8 1541.4055 1117.1705 381.9803 688.6092 6479.8931 2345.2292;
	1878.5 1255.2212 2025.6046 597.457 959.8 1529.4931 1128.7575 362.3 708.5 6204.0378 2355.8;
	1929.1453 1292.4241 2134.5467 589.9264 1012.5565 1599.4047 1185.4 379.714 740.0801 6281.8255 2483.8344;
	1965.1 1309.3111 2181.466 620.2746 1040.2957 1592.842 1209.743 407.0953 739.7684 6327.5 2500.0187;
	1879.8703 1215.1281 2065.5969 593.8216 960.9716 1500.7364 1132.9 379.0048 713.4 6109.0328 2345.8004;
	1819.9444 1145.7511 2003.6539 575.3996 940.5322 1384.4264 1064.43 355.5675 656.0599 5687.5877 2180.581;
	1692.9033 1049.1947 1838.9975 553.8 874.9507 1300.2087 979.2274 302.3 584.5293 5235.1549 1933.6195;
	1612.3284 974.0674 1717.4855 579.3 868.0399 1216.774 917.0 297.7513 539.0578 4959.7 1842.979;
	1571.0682 937.1418 1670.175 585.9806 880.0085 1176.9 879.4 306.5311 512.0454 4686.806 1835.8743;
];
