function solarprofile = ex_solar_profilesh1
%EX_WIND_PROFILE_D  Example wind_load_nyiso profile data for deterministic unit commitment.
% 2022.03.12
% Andres F. Ramirez


%% define constants
[GEN_BUS, PG, QG, QMAX, QMIN, VG, MBASE, GEN_STATUS, PMAX, PMIN, ...
    MU_PMAX, MU_PMIN, MU_QMAX, MU_QMIN, PC1, PC2, QC1MIN, QC1MAX, ...
    QC2MIN, QC2MAX, RAMP_AGC, RAMP_10, RAMP_30, RAMP_Q, APF] = idx_gen;
[CT_LABEL, CT_PROB, CT_TABLE, CT_TBUS, CT_TGEN, CT_TBRCH, CT_TAREABUS, ...
    CT_TAREAGEN, CT_TAREABRCH, CT_ROW, CT_COL, CT_CHGTYPE, CT_REP, ...
    CT_REL, CT_ADD, CT_NEWVAL, CT_TLOAD, CT_TAREALOAD, CT_LOAD_ALL_PQ, ...
    CT_LOAD_FIX_PQ, CT_LOAD_DIS_PQ, CT_LOAD_ALL_P, CT_LOAD_FIX_P, ...
    CT_LOAD_DIS_P, CT_TGENCOST, CT_TAREAGENCOST, CT_MODCOST_F, ...
    CT_MODCOST_X] = idx_ct;

solarprofile = struct( ...
    'type', 'mpcData', ...
    'table', CT_TGEN, ...
    'rows', [1:12], ...
    'col', PMAX, ...
    'chgtype', 1, ...
    'values', [] );
solarprofile.values(:,1,:) = [
	0.0 0.0 0.0 0.0 0.0 0.0 0.0 0.0 0.0 0.0 0.0 0.0;
	0.0 0.0 0.0 0.0 0.0 0.0 0.0 0.0 0.0 0.0 0.0 0.0;
	0.0 0.0 0.0 0.0 0.0 0.0 0.0 0.0 0.0 0.0 0.0 0.0;
	0.0 0.0 0.0 0.0 0.0 0.0 0.0 0.0 0.0 0.0 0.0 0.0;
	0.0 0.0 0.0 0.0 0.0 0.0 0.0 0.0 0.0 0.0 0.0 0.0;
	0.0 0.0 0.002 0.0 0.0 0.0 0.0 0.0 0.0 0.0 0.0 0.0;
	7.5346 6.554 5.4963 3.1882 1.6655 81.7769 10.2221 42.9205 21.3564 77.8733 47.1982 141.0291;
	17.0783 12.1888 11.4952 5.3451 8.0774 340.087 42.5109 71.5688 21.7509 335.5356 243.8544 607.657;
	22.7587 16.2037 13.8 5.6609 10.0893 384.9769 48.1221 73.3637 26.5835 344.1041 233.945 623.1746;
	24.1771 16.3623 13.735 3.7883 6.1265 266.6563 33.332 64.3761 30.7949 289.5644 197.2581 524.4029;
	25.8172 16.6083 13.8 6.1498 5.8805 243.0322 30.379 64.6787 42.652 281.2013 210.4173 509.2572;
	26.334 16.6083 13.8553 7.8888 6.3269 241.2261 30.1533 65.5507 66.4305 282.7954 214.1946 512.1442;
	26.5287 16.7377 14.1717 9.9552 8.3113 311.4935 38.9367 71.4161 66.6121 259.0519 186.9464 469.1446;
	23.7381 16.646 13.9849 10.1216 9.257 331.1568 41.3946 73.986 48.7528 296.6325 172.567 537.2033;
	17.6482 14.5967 12.2011 6.0547 8.8017 332.453 41.5566 72.7005 31.4029 239.055 158.3556 432.93;
	6.3507 6.1942 4.1672 3.0887 3.4895 154.9829 19.3729 52.5287 16.6154 79.6505 65.8298 144.2476;
	0.8945 0.6695 0.4753 1.2785 2.446 47.695 5.9619 10.0039 19.5882 22.2879 18.6273 40.3636;
	0.0 0.0 0.0 0.0 0.0 0.0 0.0 0.0 0.0 0.0 0.0 0.0;
	0.0 0.0 0.0 0.0 0.0 0.0 0.0 0.0 0.0 0.0 0.0 0.0;
	0.0 0.0 0.0 0.0 0.0 0.0 0.0 0.0 0.0 0.0 0.0 0.0;
	0.0 0.0 0.0 0.0 0.0 0.0 0.0 0.0 0.0 0.0 0.0 0.0;
	0.0 0.0 0.0 0.0 0.0 0.0 0.0 0.0 0.0 0.0 0.0 0.0;
	0.0 0.0 0.0 0.0 0.0 0.0 0.0 0.0 0.0 0.0 0.0 0.0;
	0.0 0.0 0.0 0.0 0.0 0.0 0.0 0.0 0.0 0.0 0.0 0.0;
];
