function windprofile = ex_wind_profilesh1
%EX_WIND_PROFILE_D  Example wind_load_nyiso profile data for deterministic unit commitment.
% 2022.03.12
% Andres F. Ramirez


%% define constants
[GEN_BUS, PG, QG, QMAX, QMIN, VG, MBASE, GEN_STATUS, PMAX, PMIN, ...
    MU_PMAX, MU_PMIN, MU_QMAX, MU_QMIN, PC1, PC2, QC1MIN, QC1MAX, ...
    QC2MIN, QC2MAX, RAMP_AGC, RAMP_10, RAMP_30, RAMP_Q, APF] = idx_gen;
[CT_LABEL, CT_PROB, CT_TABLE, CT_TBUS, CT_TGEN, CT_TBRCH, CT_TAREABUS, ...
    CT_TAREAGEN, CT_TAREABRCH, CT_ROW, CT_COL, CT_CHGTYPE, CT_REP, ...
    CT_REL, CT_ADD, CT_NEWVAL, CT_TLOAD, CT_TAREALOAD, CT_LOAD_ALL_PQ, ...
    CT_LOAD_FIX_PQ, CT_LOAD_DIS_PQ, CT_LOAD_ALL_P, CT_LOAD_FIX_P, ...
    CT_LOAD_DIS_P, CT_TGENCOST, CT_TAREAGENCOST, CT_MODCOST_F, ...
    CT_MODCOST_X] = idx_ct;

windprofile = struct( ...
    'type', 'mpcData', ...
    'table', CT_TGEN, ...
    'rows', [1:45], ...
    'col', PMAX, ...
    'chgtype', 1, ...
    'values', [] );
windprofile.values(:,1,:) = [
	3.9273 53.0671 94.113 116.1914 15.2409 33.5562 29.394 19.1026 28.3396 30.6847 56.7201 84.6153 127.3879 67.8137 196.0723 73.8691 91.6524 97.1242 35.301 70.6572 9.798 78.2977 72.9609 87.4969 103.5541 75.9509 13.9957 1231.8955 697.2888 697.2888 616.7626 107.421 117.67 181.8717 212.6051 297.5099 1185.2367 242.5507 459.4637 277.3772 119.1807 372.2497 157.2883 269.4627 1197.583;
	3.8928 52.6 93.2723 119.6929 15.0772 32.839 29.0048 18.814 27.7782 28.8801 53.3845 79.6391 119.8962 66.0448 191.2857 72.0658 89.4149 94.7531 31.3396 71.4676 9.6683 76.6244 69.9095 87.2775 102.4651 74.0467 13.5582 1197.6144 694.3125 694.3125 586.0075 107.2628 104.4655 183.9577 207.0594 296.24 1132.2061 243.4004 441.0629 274.4601 119.2127 364.2941 144.8061 264.3275 1144.0;
	3.8061 51.4282 93.128 65.9045 14.9777 32.8932 29.0171 18.9913 27.7134 28.4984 52.6788 78.5864 118.3114 64.0253 196.4568 74.014 91.8321 97.3147 28.8338 71.6609 9.6724 76.7507 71.3422 87.448 103.5402 74.1025 13.887 1210.2353 679.3148 679.3148 561.0227 111.3355 96.1126 184.4553 200.7279 289.841 1169.0577 235.7074 439.1741 277.3397 119.2958 364.8948 139.083 265.6698 1181.2354;
	3.7433 50.5804 91.727 82.9526 15.0071 32.5584 27.2479 19.0936 27.0683 28.9241 53.4657 79.7603 120.0787 63.593 197.9922 74.5924 92.5498 98.0752 37.3438 71.8813 9.0826 75.9697 68.6157 86.5009 102.8839 75.6183 13.9835 1163.6802 640.0458 640.0458 513.884 100.1768 124.4793 185.0227 199.3728 273.0862 1024.0466 232.8278 428.2787 275.5818 119.3018 361.1814 171.433 264.0682 1034.7138;
	3.547 47.9273 91.0976 116.269 14.7394 31.8651 23.8938 18.9417 26.8244 29.3018 54.1639 80.8019 121.6468 64.2021 196.0021 73.8427 91.6196 97.0894 76.0191 70.4847 7.9646 74.3519 60.366 86.8021 104.1989 74.9293 13.7235 1162.6528 599.4557 599.4557 512.7417 97.2657 253.397 181.4278 201.2824 255.7678 1106.3772 244.7168 441.1744 279.1041 119.5884 353.4902 173.078 262.413 1117.9019;
	3.6677 49.5585 88.9765 115.6879 14.8497 33.1947 27.1064 18.9068 26.5002 30.6264 56.6124 84.4546 127.1459 65.8315 200.1862 75.419 93.5754 99.162 89.666 72.5185 9.0355 77.4544 70.5797 88.4383 104.9076 74.9976 13.8763 1201.8965 651.697 651.697 483.8487 94.7942 298.8866 186.6629 206.3907 278.0574 1048.0234 227.3718 445.1051 281.0025 119.6166 368.2403 173.4148 267.3559 1058.9403;
	3.888 52.5355 92.1076 115.0137 15.1203 34.6545 28.9116 18.8421 26.7114 30.3986 56.1914 83.8264 126.2002 65.2733 197.7756 74.5108 92.4486 97.9679 90.6719 72.2244 9.6372 80.8604 72.5434 86.7344 102.1109 75.9655 13.4808 1323.6031 716.5195 716.5195 577.1581 99.8214 302.2397 185.9057 204.6406 305.715 1169.6812 261.5352 441.187 273.5112 122.6048 384.4337 195.7652 273.6938 1181.8654;
	3.8743 52.3508 92.7123 118.1918 15.2249 34.8746 29.3751 19.0722 27.9218 30.4848 56.3507 84.0642 126.5582 65.9012 197.4277 74.3798 92.286 97.7956 86.4459 70.6882 9.7917 81.3741 72.6928 87.3235 105.5246 75.7704 13.7901 1233.8036 677.8464 677.8464 505.4801 81.8917 288.1528 181.9515 206.6091 289.2145 1117.2355 236.5506 475.0153 282.6552 123.2644 386.8756 194.7118 269.3942 1128.8734;
	3.8828 52.4646 94.4848 119.9662 15.2585 35.0144 29.7742 19.1525 28.4015 30.6684 56.6901 84.5705 127.3204 68.2708 203.6457 76.7223 95.1925 100.8757 90.2882 71.3102 9.9247 81.7004 72.3644 89.1644 106.0096 76.2704 13.9899 1283.3363 759.7044 759.7044 581.3973 77.7719 300.9606 183.5527 214.0383 324.1405 1198.905 274.242 478.1188 283.9543 123.8832 388.4269 179.8289 277.3797 1211.3936;
	3.8698 52.2897 94.5953 119.1066 15.1277 34.8738 29.1319 19.1452 28.317 30.4285 56.2467 83.909 126.3246 66.5144 198.2029 74.6718 92.6483 98.1796 89.7204 69.6888 9.7106 81.3721 71.8616 89.707 105.8803 76.4587 14.0201 1277.9983 710.2933 710.2933 612.1229 85.2073 299.0679 179.379 208.5316 303.0585 1157.9152 292.6178 477.0069 283.608 123.3637 386.8662 165.6179 276.5455 1169.9768;
	3.9052 52.7681 95.1914 117.9668 15.2689 34.8753 28.3449 19.0967 28.4458 30.5717 56.5113 84.3037 126.9188 66.6832 202.8449 76.4207 94.8182 100.479 87.4243 71.1032 9.4483 81.3758 72.1933 89.4205 105.1054 75.8999 13.8097 1280.3205 735.4911 735.4911 627.6287 89.5364 291.4142 183.0198 209.0607 313.8095 1136.5362 300.3097 476.0327 281.5323 122.7715 386.8837 176.3971 280.6946 1148.3751;
	3.9263 53.0534 95.2855 119.2327 15.3332 35.0744 29.1204 19.1239 28.4837 30.8919 57.1032 85.1868 128.2483 68.8349 202.9068 76.4439 94.8471 100.5096 89.4702 71.9455 9.7068 81.8403 73.2832 89.5846 105.3353 75.1951 13.6171 1251.6529 761.9886 761.9886 661.5413 98.5687 298.234 185.1879 215.8067 325.1151 1185.4151 297.9943 479.3855 282.1482 121.8761 389.092 199.3841 276.3747 1197.7632;
	3.8735 52.3389 94.0327 117.1535 15.1706 34.6161 30.3664 18.9014 28.4456 30.3517 56.1046 83.6971 126.0055 68.4709 202.807 76.4064 94.8005 100.4602 87.5456 72.0837 10.1221 80.7709 73.1726 88.8287 102.5584 74.7287 13.5237 1212.2224 751.0614 751.0614 679.2824 104.3487 291.8187 185.5437 214.6655 320.4529 1072.4564 295.9443 478.3759 274.71 119.5876 384.008 175.2937 270.5384 1083.6278;
	3.8804 52.4321 94.6632 117.6669 15.2588 33.5256 30.8061 19.1248 28.495 30.3855 56.1672 83.7904 126.1459 68.4393 201.8102 76.0308 94.3345 99.9664 92.0539 72.4652 10.2687 78.2264 73.8281 89.0863 104.684 75.9878 14.0865 1231.2429 733.5304 733.5304 712.9213 100.3133 306.8463 186.5257 214.5664 312.973 1092.6861 296.6134 476.5009 280.4036 121.3175 371.9108 162.8049 279.5178 1104.0682;
	3.8287 51.7344 91.2975 110.0196 14.9685 32.4674 27.0763 18.7582 28.3754 30.3409 56.0847 83.6674 125.9608 68.7548 197.581 74.4375 92.3576 97.8715 89.2259 72.0159 9.0254 75.7572 72.8918 89.209 101.1374 74.7125 13.6168 1173.1432 713.8017 713.8017 653.232 101.8367 297.4198 185.3692 215.5556 304.5554 960.5441 304.0496 471.5848 270.9038 116.3599 360.1715 173.2943 262.4248 970.5497;
	3.6136 48.8275 87.4297 110.6258 14.1071 31.56 27.0822 18.0689 27.8235 28.5419 52.7593 78.7065 118.4922 68.5479 195.01 73.4689 91.1559 96.598 89.3128 70.6374 9.0274 73.6401 72.2871 86.6445 100.6161 75.367 13.1951 1211.2167 714.295 714.295 593.611 102.2824 297.7094 181.821 214.9069 304.7659 1014.8705 266.962 446.1647 269.5075 113.7566 350.1059 173.3098 255.3523 1025.442;
	3.4051 46.0107 85.5138 109.562 13.9538 31.7446 25.2197 15.3293 26.9567 29.0446 53.6885 80.0927 120.5792 66.9136 198.0264 74.6053 92.5658 98.0922 88.5988 71.7483 8.4066 74.0706 70.9727 85.9695 96.802 72.1508 11.4473 1205.3664 683.9908 683.9908 640.2427 103.9376 295.3293 184.6803 209.7833 291.8361 1109.4178 281.9183 440.2427 259.291 119.3951 352.153 173.7295 229.3759 1120.9742;
	3.6179 48.8864 86.5548 110.698 14.0923 30.4905 23.7873 12.9235 27.1411 26.7528 49.4521 73.7727 111.0645 64.0758 190.6139 71.8127 89.1009 94.4204 88.7839 68.4641 7.9291 71.1445 60.282 86.3827 99.2828 63.4868 10.8332 1232.5598 676.1402 676.1402 649.0785 95.2803 295.9463 176.2269 200.8862 288.4865 1163.8998 298.8341 437.8945 265.9361 119.7963 338.2411 178.3608 246.0718 1176.0237;
