function solarprofile = ex_solar_profilesh1
%EX_WIND_PROFILE_D  Example wind_load_nyiso profile data for deterministic unit commitment.
% 2022.03.12
% Andres F. Ramirez


%% define constants
[GEN_BUS, PG, QG, QMAX, QMIN, VG, MBASE, GEN_STATUS, PMAX, PMIN, ...
    MU_PMAX, MU_PMIN, MU_QMAX, MU_QMIN, PC1, PC2, QC1MIN, QC1MAX, ...
    QC2MIN, QC2MAX, RAMP_AGC, RAMP_10, RAMP_30, RAMP_Q, APF] = idx_gen;
[CT_LABEL, CT_PROB, CT_TABLE, CT_TBUS, CT_TGEN, CT_TBRCH, CT_TAREABUS, ...
    CT_TAREAGEN, CT_TAREABRCH, CT_ROW, CT_COL, CT_CHGTYPE, CT_REP, ...
    CT_REL, CT_ADD, CT_NEWVAL, CT_TLOAD, CT_TAREALOAD, CT_LOAD_ALL_PQ, ...
    CT_LOAD_FIX_PQ, CT_LOAD_DIS_PQ, CT_LOAD_ALL_P, CT_LOAD_FIX_P, ...
    CT_LOAD_DIS_P, CT_TGENCOST, CT_TAREAGENCOST, CT_MODCOST_F, ...
    CT_MODCOST_X] = idx_ct;

solarprofile = struct( ...
    'type', 'mpcData', ...
    'table', CT_TGEN, ...
    'rows', [1:12], ...
    'col', PMAX, ...
    'chgtype', 1, ...
    'values', [] );
solarprofile.values(:,1,:) = [
	0.0 0.0 0.0 0.0 0.0 0.0 0.0 0.0 0.0 0.0 0.0 0.0;
	0.0 0.0 0.0 0.0 0.0 0.0 0.0 0.0 0.0 0.0 0.0 0.0;
	0.0 0.0 0.0 0.0 0.0 0.0 0.0 0.0 0.0 0.0 0.0 0.0;
	0.0 0.0 0.0 0.0 0.0 0.0 0.0 0.0 0.0 0.0 0.0 0.0;
	0.0 0.0 0.0 0.0 0.0 0.0 0.0 0.0 0.0 0.0 0.0 0.0;
	0.0 0.0 0.002 0.0 0.0 0.0 0.0 0.0 0.0 0.0 0.0 0.0;
	1.3997 0.5885 0.2544 0.7194 4.1173 145.494 18.1867 35.0132 7.9748 71.6357 45.0824 129.7327;
	9.681 6.251 2.9877 1.2514 8.7135 263.6053 32.9507 69.5891 5.6374 153.137 110.6069 277.332;
	22.4715 16.3313 13.5939 4.5658 10.0281 310.5232 38.8154 72.7555 15.5794 245.8588 155.6545 445.2519;
	26.6182 16.615 13.8418 6.2737 5.797 338.5133 42.3142 67.949 143.5193 255.1474 198.3151 462.0735;
	26.4487 16.6083 13.8 8.9208 7.3072 367.3964 45.9246 69.6984 195.4279 297.0654 227.4122 537.9873;
	26.334 16.5833 13.8 10.7404 8.4567 369.7979 46.2247 70.0852 207.7128 311.6904 229.6304 564.4732;
	22.5838 12.4974 11.1334 11.3769 10.3899 386.8714 48.3589 70.2562 213.5552 203.3626 184.8221 368.291;
	19.6552 13.917 11.91 10.9491 10.1364 398.1822 49.7728 71.4731 215.6855 169.0416 151.1983 306.1353;
	14.9915 10.2316 8.6986 4.114 8.918 392.3227 49.0403 66.848 220.8462 122.0505 111.7273 221.0342;
	8.3266 5.9535 5.7497 0.8596 3.6039 283.9137 35.4892 27.316 173.9793 72.5211 35.2744 131.3362;
	0.7314 0.5902 0.408 1.2465 2.5848 48.3819 6.0477 8.456 24.7714 22.9214 16.8361 41.5109;
	0.0 0.0 0.0 0.0 0.0 0.0 0.0 0.0 0.0 0.0 0.0 0.0;
	0.0 0.0 0.0 0.0 0.0 0.0 0.0 0.0 0.0 0.0 0.0 0.0;
	0.0 0.0 0.0 0.0 0.0 0.0 0.0 0.0 0.0 0.0 0.0 0.0;
	0.0 0.0 0.0 0.0 0.0 0.0 0.0 0.0 0.0 0.0 0.0 0.0;
	0.0 0.0 0.0 0.0 0.0 0.0 0.0 0.0 0.0 0.0 0.0 0.0;
	0.0 0.0 0.0 0.0 0.0 0.0 0.0 0.0 0.0 0.0 0.0 0.0;
	0.0 0.0 0.0 0.0 0.0 0.0 0.0 0.0 0.0 0.0 0.0 0.0;
];
