function windprofile = ex_wind_profilesh1
%EX_WIND_PROFILE_D  Example wind_load_nyiso profile data for deterministic unit commitment.
% 2022.03.12
% Andres F. Ramirez


%% define constants
[GEN_BUS, PG, QG, QMAX, QMIN, VG, MBASE, GEN_STATUS, PMAX, PMIN, ...
    MU_PMAX, MU_PMIN, MU_QMAX, MU_QMIN, PC1, PC2, QC1MIN, QC1MAX, ...
    QC2MIN, QC2MAX, RAMP_AGC, RAMP_10, RAMP_30, RAMP_Q, APF] = idx_gen;
[CT_LABEL, CT_PROB, CT_TABLE, CT_TBUS, CT_TGEN, CT_TBRCH, CT_TAREABUS, ...
    CT_TAREAGEN, CT_TAREABRCH, CT_ROW, CT_COL, CT_CHGTYPE, CT_REP, ...
    CT_REL, CT_ADD, CT_NEWVAL, CT_TLOAD, CT_TAREALOAD, CT_LOAD_ALL_PQ, ...
    CT_LOAD_FIX_PQ, CT_LOAD_DIS_PQ, CT_LOAD_ALL_P, CT_LOAD_FIX_P, ...
    CT_LOAD_DIS_P, CT_TGENCOST, CT_TAREAGENCOST, CT_MODCOST_F, ...
    CT_MODCOST_X] = idx_ct;

windprofile = struct( ...
    'type', 'mpcData', ...
    'table', CT_TGEN, ...
    'rows', [1:45], ...
    'col', PMAX, ...
    'chgtype', 1, ...
    'values', [] );
windprofile.values(:,1,:) = [
	3.558 48.0763 87.1131 97.1919 14.3145 32.392 26.1977 17.6702 27.0058 29.1099 53.8091 80.2726 120.85 63.6182 194.437 73.253 90.888 96.3141 33.3103 70.0646 8.7326 75.5813 71.4175 86.4883 100.1658 72.716 13.3974 1130.7939 701.1517 701.1517 609.3145 95.0478 111.0343 180.3464 199.4518 299.1581 1114.1788 215.3068 442.2389 268.3013 116.4349 359.3353 130.6772 263.6442 1125.7848;
	3.6358 49.1282 91.5851 113.0038 14.7479 32.2787 26.9823 17.8629 26.525 27.839 51.4599 76.768 115.5739 63.6097 193.5244 72.9092 90.4614 95.8621 32.8328 72.2249 8.9941 75.317 69.0115 87.2145 99.5644 73.5078 13.0651 1132.5282 696.1314 696.1314 599.1976 101.3265 109.4426 185.9072 199.425 297.0161 1111.3894 212.3489 444.9968 266.6904 119.6117 358.0786 133.7089 277.664 1122.9664;
	3.5988 48.6277 88.7671 35.5978 14.2813 32.2073 26.5775 17.6824 26.0051 27.0191 49.9445 74.5073 112.1704 66.0017 197.6489 74.4631 92.3894 97.9051 33.8214 71.2243 8.8592 75.1505 67.6939 86.5071 96.9547 73.4326 13.2369 1154.6263 687.8922 687.8922 567.8828 105.1431 112.7381 183.3316 206.9243 293.5007 1198.6061 215.6886 435.3393 259.7001 120.1947 357.2868 124.4005 270.9487 1211.0916;
	3.5785 48.354 87.5117 71.1183 13.9906 32.8906 25.7915 17.668 27.1581 27.2312 50.3365 75.0921 113.0508 69.0021 198.01 74.5991 92.5582 98.084 42.8242 71.8643 8.5972 76.7448 57.0102 84.8261 85.7015 72.1567 13.1403 1188.8931 715.9948 715.9948 529.6879 95.0259 142.7475 184.9789 216.331 305.4911 1125.659 223.1637 442.9181 229.5575 115.4208 364.8667 158.6167 258.2705 1137.3846;
	3.2156 43.4496 86.9848 92.4008 13.9949 32.131 20.6746 18.1801 26.1216 24.9147 46.0544 68.7041 103.4336 67.0651 190.7336 71.8578 89.1569 94.4797 77.0914 70.7286 6.8915 74.9723 49.3828 84.2417 98.5386 73.1502 13.2238 1162.2851 667.3326 667.3326 516.9935 93.4557 256.9714 182.0555 210.2581 284.7286 1205.3564 223.9216 436.7786 263.9428 115.5792 356.4397 160.8889 256.7867 1217.9121;
	3.6987 49.978 88.3603 111.3908 14.1634 33.4678 26.3781 18.3178 27.8943 27.7185 51.2373 76.4359 115.0739 69.4228 195.1606 73.5256 91.2262 96.6726 89.8848 71.3709 8.7927 78.0916 63.3109 85.2049 100.906 72.3501 13.4278 1215.522 742.1441 742.1441 507.3582 89.697 299.6159 183.7089 217.6497 316.6482 1149.2836 214.7922 462.9304 270.2839 113.4154 371.2699 183.4204 261.1396 1161.2553;
	3.6324 49.0816 90.7162 115.1379 14.0995 32.444 26.6506 18.3822 27.6196 28.3953 52.4883 78.3023 117.8837 69.8256 195.6351 73.7044 91.448 96.9076 88.7189 70.5211 8.8835 75.7027 71.1949 85.5614 99.3113 75.3402 13.2474 1223.0904 740.7384 740.7384 547.2581 85.1124 295.7296 181.5215 218.9126 316.0484 1171.2781 236.9566 457.8478 266.0124 115.2037 359.9122 196.1155 255.5764 1183.4789;
	3.6001 48.6457 91.5695 115.7535 14.3763 33.0769 27.6835 18.6202 27.1061 28.8703 53.3662 79.6119 119.8553 69.7057 198.1788 74.6627 92.6371 98.1676 86.8012 71.4011 9.2278 77.1794 71.2434 87.0813 103.5844 74.9515 13.2795 1101.0022 708.2169 708.2169 531.8061 74.596 289.3374 183.7867 218.5369 302.1725 1068.5476 221.9567 457.3917 277.4583 111.9253 366.9328 185.9381 265.7975 1079.6783;
	3.6573 49.4184 93.0666 117.7862 14.3373 33.6606 28.0456 18.307 26.5349 28.7918 53.2212 79.3956 119.5296 69.9164 199.5877 75.1935 93.2956 98.8655 86.7946 70.257 9.3485 78.5413 69.5454 89.1434 104.319 75.4142 13.4325 1158.5669 794.8882 794.8882 619.5313 74.1601 289.3154 180.8417 219.1972 339.1523 1165.8508 263.3396 455.3918 279.4259 114.7637 373.4079 166.2246 273.5188 1177.995;
	3.6083 48.7558 87.6321 109.7414 14.4057 32.6963 26.5007 17.735 25.3035 27.8919 51.5578 76.914 115.7937 69.4702 202.3256 76.225 94.5755 100.2217 89.0448 70.8892 8.8336 76.2913 68.0363 86.7217 98.3363 72.4453 12.9784 1129.5171 767.7452 767.7452 673.7394 80.0229 296.816 182.469 217.7985 327.5713 1109.5632 268.3893 444.0801 263.4007 113.034 362.7105 138.061 263.3934 1121.1212;
	3.6679 49.5618 88.74 111.9972 14.19 33.6319 26.1814 17.8587 26.78 29.7104 54.9192 81.9286 123.3431 68.7904 203.0671 76.5044 94.9221 100.5891 87.5227 71.4216 8.7271 78.4745 71.8191 85.3419 97.1992 72.6451 12.9011 1119.111 764.3495 764.3495 658.7165 81.4737 291.7425 183.8395 215.6673 326.1225 1090.1916 283.8496 464.1396 260.355 115.2106 373.09 154.7309 270.3657 1101.5478;
	3.5925 48.543 86.8545 111.2596 14.0366 32.9536 24.6174 17.8139 26.6014 29.2396 54.0489 80.6304 121.3886 67.3199 197.8983 74.557 92.506 98.0287 86.7639 70.2857 8.2058 76.8917 71.4831 83.9395 97.7508 71.4129 12.5043 992.4924 706.093 706.093 604.16 81.6406 289.2131 180.9155 211.0571 301.2663 1014.1097 254.8331 459.7251 261.8324 112.8851 365.5651 159.9517 261.6803 1024.6733;
	3.6587 49.4373 88.0188 114.1998 14.2387 33.5204 27.7748 18.1676 27.4289 29.9152 55.2977 82.4933 124.1933 68.3378 199.5894 75.1941 93.2964 98.8664 89.5781 72.1166 9.2583 78.2142 72.6389 89.1924 102.6289 72.8843 13.2781 1019.0091 746.62 746.62 631.8695 91.2174 298.5936 185.6284 214.2482 318.5579 982.5817 264.1745 464.046 274.899 116.1305 371.8526 140.904 259.7863 992.8169;
	3.5698 48.2356 86.3676 109.3483 14.2508 32.3635 26.716 17.5287 27.7611 29.7373 54.969 82.003 123.455 69.607 198.0281 74.6059 92.5666 98.093 90.0237 72.0047 8.9053 75.5149 72.1602 86.6191 98.0922 70.016 12.8819 1048.8494 704.084 704.084 628.8037 92.5606 300.079 185.3404 218.2273 300.4092 997.5568 254.1202 467.8234 262.7468 117.0409 359.0195 142.7675 255.9784 1007.948;
	3.278 44.293 84.0604 98.703 14.1093 31.2609 24.4375 17.5759 27.738 29.8774 55.228 82.3892 124.0365 68.6497 195.4268 73.6259 91.3507 96.8044 87.8468 71.7991 8.1458 72.942 67.3921 87.4168 99.1655 72.0519 12.7042 1014.6038 672.3193 672.3193 637.398 95.4042 292.8228 184.8111 215.2262 286.8562 926.6637 283.7944 454.6828 265.6218 113.3701 346.7872 144.0226 238.8905 936.3164;
	3.2743 44.2431 86.4064 106.8419 14.2191 31.6738 26.5569 16.9491 28.0473 29.3387 54.2322 80.9037 121.8001 68.6622 196.7583 74.1276 91.9731 97.464 86.6801 71.9022 8.8523 73.9056 71.2671 84.6238 98.2054 73.5802 12.8867 1120.3422 678.8393 678.8393 629.1868 102.3076 288.9336 185.0764 215.2652 289.6381 1015.6989 281.1675 458.0699 263.0503 107.3636 351.3685 167.1736 228.9214 1026.2791;
	2.9222 39.4858 86.4673 109.934 14.3981 32.5507 25.2737 16.3979 27.7045 30.9848 57.2749 85.443 128.6339 68.4636 197.8323 74.5322 92.4751 97.996 89.2231 72.9065 8.4246 75.9515 74.1338 86.5589 98.1427 72.7519 11.2737 1114.5124 721.9193 721.9193 658.1565 97.8761 297.4104 187.6615 214.6427 308.0189 1091.7374 252.5832 451.4498 262.8822 112.6864 361.0952 172.0874 213.1387 1103.1097;
	3.3812 45.6868 86.2416 106.3924 14.2878 31.3395 24.5236 12.9921 26.9168 29.9809 55.4193 82.6747 124.4663 67.1827 197.6885 74.478 92.4079 97.9248 88.3963 70.9633 8.1745 73.1254 70.4198 82.9671 96.4507 66.6514 9.7311 1223.253 685.6782 685.6782 649.0776 95.8952 294.6542 182.6597 210.6269 292.556 1137.6695 253.946 455.5156 258.3502 112.4389 347.6591 175.5556 210.3359 1149.5202;
