function windprofile = ex_wind_profilesh1
%EX_WIND_PROFILE_D  Example wind_load_nyiso profile data for deterministic unit commitment.
% 2022.03.12
% Andres F. Ramirez


%% define constants
[GEN_BUS, PG, QG, QMAX, QMIN, VG, MBASE, GEN_STATUS, PMAX, PMIN, ...
    MU_PMAX, MU_PMIN, MU_QMAX, MU_QMIN, PC1, PC2, QC1MIN, QC1MAX, ...
    QC2MIN, QC2MAX, RAMP_AGC, RAMP_10, RAMP_30, RAMP_Q, APF] = idx_gen;
[CT_LABEL, CT_PROB, CT_TABLE, CT_TBUS, CT_TGEN, CT_TBRCH, CT_TAREABUS, ...
    CT_TAREAGEN, CT_TAREABRCH, CT_ROW, CT_COL, CT_CHGTYPE, CT_REP, ...
    CT_REL, CT_ADD, CT_NEWVAL, CT_TLOAD, CT_TAREALOAD, CT_LOAD_ALL_PQ, ...
    CT_LOAD_FIX_PQ, CT_LOAD_DIS_PQ, CT_LOAD_ALL_P, CT_LOAD_FIX_P, ...
    CT_LOAD_DIS_P, CT_TGENCOST, CT_TAREAGENCOST, CT_MODCOST_F, ...
    CT_MODCOST_X] = idx_ct;

windprofile = struct( ...
    'type', 'mpcData', ...
    'table', CT_TGEN, ...
    'rows', [1:45], ...
    'col', PMAX, ...
    'chgtype', 1, ...
    'values', [] );
windprofile.values(:,1,:) = [
	3.6324 49.0814 94.0972 112.2992 14.4617 33.4924 26.6438 18.8778 27.1547 31.0954 57.4794 85.7479 129.093 64.8922 198.5794 74.8136 92.8243 98.3661 36.6979 71.8126 8.8813 78.149 75.5904 89.4179 105.7271 76.2316 14.0533 1171.7154 692.4134 692.4134 568.7385 106.2294 122.3264 184.8459 203.4459 295.4297 1148.3063 211.1783 469.372 283.1977 121.5778 371.5428 139.5009 277.0042 1160.2679;
	3.7133 50.1748 94.4624 118.574 14.0454 32.9498 26.7562 19.0823 26.2498 29.1552 53.893 80.3977 121.0383 63.421 198.1922 74.6678 92.6433 98.1743 33.6405 72.636 8.9187 76.8828 70.8428 89.484 106.2847 76.2617 14.1054 1125.9187 712.6837 712.6837 576.1119 110.1701 112.1349 186.9653 198.8333 304.0784 1119.1614 223.219 459.4474 284.6911 123.0197 365.5228 137.6094 280.0769 1130.8193;
	3.58 48.3738 92.4935 65.5723 13.9446 33.2003 25.9376 18.4525 26.0087 28.8076 53.2504 79.4392 119.5953 63.0155 200.0716 75.3758 93.5218 99.1052 28.9375 72.0769 8.6459 77.4673 71.6822 87.8561 103.7231 74.6122 13.864 1095.7969 684.1421 684.1421 523.4123 105.6548 96.4583 185.5261 197.5622 291.9006 1140.8999 211.6379 448.8672 277.8297 120.9564 368.3018 135.9164 270.8931 1152.7843;
	3.6036 48.6926 90.7872 79.5124 13.9332 32.4822 25.5025 17.8957 25.7829 29.0481 53.695 80.1024 120.5938 63.6293 204.1988 76.9307 95.4511 101.1496 41.3642 73.5679 8.5008 75.7917 68.5751 84.9804 99.836 74.8149 13.5565 1093.6664 671.778 671.778 493.9562 91.7297 137.8806 189.364 199.4864 286.6253 1054.9831 223.0659 450.8916 267.4178 119.3154 360.3355 161.9501 262.113 1065.9725;
	3.4102 46.0797 93.7122 119.2788 14.1366 32.8067 21.6045 18.2108 25.2615 30.1844 55.7954 83.2358 125.3111 63.2418 196.3915 73.9894 91.8016 97.2823 78.118 72.945 7.2015 76.5491 63.8036 88.0198 104.8141 75.6737 13.6156 1038.5185 593.1045 593.1045 456.1227 85.8308 260.3932 187.7606 198.2716 253.0579 1049.8126 217.9141 448.2134 280.752 120.3368 363.9362 172.9289 262.1966 1060.7481;
	3.7726 50.9766 92.3538 118.6114 14.4632 34.6617 26.8257 18.5035 26.3973 31.0419 57.3805 85.6004 128.8709 64.0456 197.4708 74.396 92.3061 97.8169 89.3848 72.2791 8.9419 80.8772 73.4737 88.8498 106.0231 75.9099 13.8527 1139.5905 653.803 653.803 426.5256 83.0972 297.9492 186.0467 200.7916 278.956 1029.1391 198.9165 460.7186 283.9905 121.8045 384.5133 193.4214 270.0616 1039.8593;
	3.8935 52.6093 94.8182 120.9602 14.8523 34.7349 29.0963 18.8739 27.7284 31.1461 57.5731 85.8878 129.3035 65.4986 201.1985 75.8004 94.0486 99.6634 92.0247 73.4992 9.6988 81.0482 75.3346 90.1184 106.4251 76.6745 13.9511 1138.8914 707.7342 707.7342 493.1586 76.8696 306.749 189.1872 205.3468 301.9666 1046.7623 207.4918 471.2166 285.0672 123.5419 385.3263 199.6976 275.6993 1057.6661;
	3.872 52.3189 94.3967 121.0324 15.188 34.8318 30.7526 19.0114 28.0382 30.7078 56.7629 84.6791 127.4839 65.6115 202.7395 76.3809 94.7689 100.4268 91.7449 73.0273 10.2509 81.2742 75.4719 90.1332 106.7637 76.675 14.0814 1042.44 704.6479 704.6479 468.8861 55.1134 305.8163 187.9724 205.7008 300.6498 1007.4734 198.8836 478.2381 285.9741 118.4964 386.4009 198.4892 275.3263 1017.9679;
	3.8793 52.4182 93.7543 120.2646 14.9263 34.8273 30.6835 18.897 26.9889 30.9167 57.149 85.2551 128.3511 66.3137 203.7527 76.7627 95.2426 100.9287 92.5604 72.9321 10.2278 81.2638 75.2174 90.0809 106.7275 76.6746 14.1346 1070.6974 737.904 737.904 523.7459 61.4445 308.5347 187.7274 207.9025 314.8391 1043.8651 226.796 473.3319 285.8772 118.0064 386.3511 185.8577 282.4013 1054.7387;
	3.8969 52.6555 93.1526 119.4215 15.3001 34.7993 31.5141 19.0766 27.8767 30.5807 56.5279 84.3285 126.9561 67.1523 204.1176 76.9001 95.4131 101.1094 91.0915 73.7014 10.5047 81.1985 74.4865 90.1333 106.7293 76.6614 14.0452 1065.8293 719.8644 719.8644 563.5179 72.1842 303.6382 189.7075 210.5317 307.1422 1053.3789 237.062 478.5439 285.8821 120.081 386.0408 173.9794 270.6645 1064.3516;
	3.8451 51.9553 94.2936 119.8523 15.2676 34.7122 28.9737 18.9299 27.3173 31.0142 57.3292 85.5239 128.7558 66.5011 202.9916 76.4759 94.8868 100.5517 91.0008 72.3067 9.6579 80.9952 74.983 90.1742 106.7343 76.6815 13.975 1034.2627 731.6841 731.6841 541.5644 77.3737 303.3361 186.1177 208.49 312.1852 1029.889 258.1017 478.3592 285.8956 118.4228 385.0742 181.3938 277.2729 1040.617;
	3.8303 51.7559 93.3789 118.4204 14.8308 34.3001 26.9019 18.2784 27.1429 30.7502 56.8413 84.796 127.66 68.0118 202.6311 76.3401 94.7183 100.3731 90.362 73.1815 8.9673 80.0336 74.6013 89.6414 106.057 76.5407 13.5611 1019.9523 755.082 755.082 597.3807 86.1558 301.2068 188.3693 213.226 322.1683 1080.9177 270.3799 471.8035 284.0812 115.2852 380.5024 193.1498 279.2676 1092.1772;
	3.8077 51.4504 91.9769 117.2626 14.2706 33.1944 29.0114 18.5999 26.8222 30.6483 56.6529 84.515 127.2369 68.4282 201.9091 76.0681 94.3807 100.0154 89.2126 72.8457 9.6705 77.4535 75.006 89.1956 104.0635 76.1478 13.8497 973.0168 770.1323 770.1323 642.4617 91.2104 297.3752 187.5051 214.5317 328.5898 973.4927 285.4641 478.791 278.7416 119.7521 368.236 162.626 271.2495 983.6333;
	3.7061 50.0769 92.8564 116.8099 14.4676 32.9543 28.8378 18.8939 26.877 30.7696 56.8772 84.8496 127.7406 65.898 202.0299 76.1136 94.4372 100.0753 92.0078 72.7467 9.6126 76.8935 74.4528 89.5668 103.4013 76.2538 13.9139 990.5472 738.8968 738.8968 671.8738 95.3555 306.6926 187.2502 206.5991 315.2626 1012.6686 302.8928 477.2032 276.9678 121.1436 365.5735 156.6913 277.6292 1023.2172;
	3.7811 51.0906 94.5387 118.9315 14.3758 33.7123 26.6522 19.0229 26.6665 30.4818 56.3452 84.056 126.5458 66.859 195.2917 73.575 91.2875 96.7375 89.8046 71.4553 8.8841 78.6619 73.2758 90.0465 105.5161 76.5172 14.0989 916.9122 731.2178 731.2178 633.4808 93.1558 299.3486 183.9262 209.612 311.9863 909.3606 291.8877 466.4474 282.6325 119.0736 373.9814 178.0609 270.3209 918.8331;
	3.8807 52.4366 92.6613 118.1963 15.0776 34.8737 28.035 18.5597 27.8905 30.3318 56.0678 83.6421 125.9227 66.3535 195.8019 73.7672 91.526 96.9902 89.2369 71.2569 9.345 81.372 75.3344 89.4581 104.2996 76.5607 13.9871 1042.8408 726.0937 726.0937 594.4684 98.1598 297.4563 183.4155 208.0273 309.8 993.0697 295.2219 476.3405 279.3738 117.814 386.8656 192.3744 272.1729 1003.4142;
	3.576 48.32 88.553 113.4679 14.2423 34.2745 25.5949 17.789 26.9615 30.9269 57.1679 85.2832 128.3934 64.8768 197.5615 74.4302 92.3485 97.8619 90.5834 72.8735 8.5316 79.9738 75.5002 87.5304 98.9106 74.7562 12.6704 1018.2407 706.3145 706.3145 639.954 88.1588 301.9446 187.5766 203.3975 301.3609 1030.001 270.9394 444.5837 264.9392 113.1501 380.2184 185.1044 234.2898 1040.7302;
	3.5973 48.6077 88.7394 110.775 14.3277 32.3764 24.1603 14.4154 27.3265 30.515 56.4066 84.1476 126.6837 65.97 194.4613 73.2622 90.8994 96.3262 88.0227 72.518 8.0534 75.5449 74.9233 84.1439 99.8668 67.2828 11.153 1164.54 679.2814 679.2814 572.774 77.5909 293.4091 186.6615 206.825 289.8267 1034.5553 254.2631 446.7723 267.5003 115.8676 359.1621 184.0244 249.0402 1045.3319;
