function solarprofile = ex_solar_profilesh1
%EX_WIND_PROFILE_D  Example wind_load_nyiso profile data for deterministic unit commitment.
% 2022.03.12
% Andres F. Ramirez


%% define constants
[GEN_BUS, PG, QG, QMAX, QMIN, VG, MBASE, GEN_STATUS, PMAX, PMIN, ...
    MU_PMAX, MU_PMIN, MU_QMAX, MU_QMIN, PC1, PC2, QC1MIN, QC1MAX, ...
    QC2MIN, QC2MAX, RAMP_AGC, RAMP_10, RAMP_30, RAMP_Q, APF] = idx_gen;
[CT_LABEL, CT_PROB, CT_TABLE, CT_TBUS, CT_TGEN, CT_TBRCH, CT_TAREABUS, ...
    CT_TAREAGEN, CT_TAREABRCH, CT_ROW, CT_COL, CT_CHGTYPE, CT_REP, ...
    CT_REL, CT_ADD, CT_NEWVAL, CT_TLOAD, CT_TAREALOAD, CT_LOAD_ALL_PQ, ...
    CT_LOAD_FIX_PQ, CT_LOAD_DIS_PQ, CT_LOAD_ALL_P, CT_LOAD_FIX_P, ...
    CT_LOAD_DIS_P, CT_TGENCOST, CT_TAREAGENCOST, CT_MODCOST_F, ...
    CT_MODCOST_X] = idx_ct;

solarprofile = struct( ...
    'type', 'mpcData', ...
    'table', CT_TGEN, ...
    'rows', [1:12], ...
    'col', PMAX, ...
    'chgtype', 1, ...
    'values', [] );
solarprofile.values(:,1,:) = [
	0.0 0.0 0.0 0.0 0.0 0.0 0.0 0.0 0.0 0.0 0.0 0.0;
	0.0 0.0 0.0 0.0 0.0 0.0 0.0 0.0 0.0 0.0 0.0 0.0;
	0.0 0.0 0.0 0.0 0.0 0.0 0.0 0.0 0.0 0.0 0.0 0.0;
	0.0 0.0 0.0 0.0 0.0 0.0 0.0 0.0 0.0 0.0 0.0 0.0;
	0.0 0.0 0.0 0.0 0.0 0.0 0.0 0.0 0.0 0.0 0.0 0.0;
	0.0 0.0 0.002 0.0 0.0 0.0 0.0 0.0 0.0 0.0 0.0 0.0;
	8.0911 6.8147 5.8874 10.4269 9.845 166.5495 20.8187 43.9368 44.1693 73.5353 44.6594 133.1729;
	14.3534 11.6528 10.8374 10.0947 13.8241 187.1811 23.3976 71.6619 73.4146 267.0853 155.5326 483.6931;
	18.7268 15.7272 13.3325 10.6164 13.9084 182.5973 22.8247 73.9863 117.8444 325.2727 205.4235 589.0708;
	21.8563 16.3628 13.4311 11.2686 11.9239 169.1448 21.1431 68.0611 198.4994 256.7857 225.3742 465.0405;
	26.334 16.6083 13.8 11.3468 10.5657 271.8099 33.9762 66.7105 212.4015 247.6544 242.7098 448.5035;
	26.7016 16.8089 14.0482 11.0246 9.7646 294.1671 36.7709 66.7581 212.2598 252.7635 240.191 457.7562;
	26.8966 16.6463 14.1807 9.4063 10.5216 324.2632 40.5329 73.1688 198.4552 204.2551 198.8508 369.9072;
	23.9985 16.6083 13.8957 10.3575 11.3973 321.1151 40.1394 75.2487 192.043 216.586 161.1802 392.2385;
	17.5067 11.9391 12.0351 8.9652 11.9488 339.2614 42.4077 73.4978 189.1307 175.4047 128.3609 317.6589;
	7.4793 4.0796 5.7498 9.9283 12.9731 256.5311 32.0664 45.2283 155.0073 75.6447 63.2057 136.9931;
	1.0448 0.6292 0.5595 1.7678 3.7561 56.2546 7.0318 8.424 26.0518 22.351 18.5873 40.4777;
	0.0 0.0 0.0 0.0 0.0 0.0 0.0 0.0 0.0 0.0 0.0 0.0;
	0.0 0.0 0.0 0.0 0.0 0.0 0.0 0.0 0.0 0.0 0.0 0.0;
	0.0 0.0 0.0 0.0 0.0 0.0 0.0 0.0 0.0 0.0 0.0 0.0;
	0.0 0.0 0.0 0.0 0.0 0.0 0.0 0.0 0.0 0.0 0.0 0.0;
	0.0 0.0 0.0 0.0 0.0 0.0 0.0 0.0 0.0 0.0 0.0 0.0;
	0.0 0.0 0.0 0.0 0.0 0.0 0.0 0.0 0.0 0.0 0.0 0.0;
	0.0 0.0 0.0 0.0 0.0 0.0 0.0 0.0 0.0 0.0 0.0 0.0;
];
