function windprofile = ex_wind_profilesh1
%EX_WIND_PROFILE_D  Example wind_load_nyiso profile data for deterministic unit commitment.
% 2022.03.12
% Andres F. Ramirez


%% define constants
[GEN_BUS, PG, QG, QMAX, QMIN, VG, MBASE, GEN_STATUS, PMAX, PMIN, ...
    MU_PMAX, MU_PMIN, MU_QMAX, MU_QMIN, PC1, PC2, QC1MIN, QC1MAX, ...
    QC2MIN, QC2MAX, RAMP_AGC, RAMP_10, RAMP_30, RAMP_Q, APF] = idx_gen;
[CT_LABEL, CT_PROB, CT_TABLE, CT_TBUS, CT_TGEN, CT_TBRCH, CT_TAREABUS, ...
    CT_TAREAGEN, CT_TAREABRCH, CT_ROW, CT_COL, CT_CHGTYPE, CT_REP, ...
    CT_REL, CT_ADD, CT_NEWVAL, CT_TLOAD, CT_TAREALOAD, CT_LOAD_ALL_PQ, ...
    CT_LOAD_FIX_PQ, CT_LOAD_DIS_PQ, CT_LOAD_ALL_P, CT_LOAD_FIX_P, ...
    CT_LOAD_DIS_P, CT_TGENCOST, CT_TAREAGENCOST, CT_MODCOST_F, ...
    CT_MODCOST_X] = idx_ct;

windprofile = struct( ...
    'type', 'mpcData', ...
    'table', CT_TGEN, ...
    'rows', [1:45], ...
    'col', PMAX, ...
    'chgtype', 1, ...
    'values', [] );
windprofile.values(:,1,:) = [
	3.5977 48.613 87.7286 105.1664 14.5905 32.3373 28.2882 18.5831 26.975 28.5684 52.8082 78.7795 118.6021 65.6527 192.1023 72.3734 89.7967 95.1576 29.5862 70.0162 9.4294 75.4538 71.1769 88.4987 101.6321 72.831 13.6111 1200.3636 691.0253 691.0253 573.8471 95.105 98.6206 180.2218 205.83 294.8374 1120.4456 213.8577 476.6826 272.2289 115.7596 358.729 126.4322 265.2247 1132.1169;
	3.7595 50.7991 90.2033 115.0558 14.6816 32.6245 28.5742 18.7179 26.5803 28.6457 52.9511 78.9926 118.9229 66.1748 188.178 70.895 87.9623 93.2137 29.0646 70.3707 9.5247 76.1238 68.8945 87.8042 101.3059 72.0977 13.4024 1196.479 703.5971 703.5971 592.5382 94.0501 96.8822 181.1345 207.4671 300.2014 1145.743 215.6844 465.5175 271.3551 118.2887 361.9143 134.5154 273.3038 1157.6778;
	3.73 50.4002 89.4528 63.5067 14.9118 32.7687 28.1963 17.8657 27.1841 29.358 54.2678 80.9569 121.8802 67.8778 192.6699 72.5873 90.062 95.4388 34.3896 70.3641 9.3988 76.4602 69.9356 87.2077 100.9008 70.7923 13.3441 1192.0075 706.1563 706.1563 596.8354 103.7118 114.632 181.1174 212.8062 301.2933 1179.0269 229.8114 456.7824 270.27 117.0236 363.5138 131.5181 269.4903 1191.3084;
	3.8668 52.2492 91.3796 82.3591 14.9533 34.0272 28.3244 18.3422 27.5364 29.1932 53.9632 80.5025 121.196 67.0411 197.9113 74.5619 92.512 98.0351 45.8675 71.762 9.4415 79.3969 65.2964 85.8516 100.5383 73.279 13.3272 1230.2966 728.9979 728.9979 562.6115 99.0256 152.8916 184.7157 210.1829 311.0391 1145.3184 243.3445 465.9301 269.299 118.9967 377.4753 172.7028 271.1801 1157.2488;
	3.6344 49.1091 87.8068 115.9513 15.0344 33.5584 23.9153 18.6112 27.2755 30.4837 56.3486 84.061 126.5534 68.6695 195.015 73.4708 91.1582 96.6005 79.8967 69.691 7.9718 78.303 60.68 86.316 102.3921 74.6371 13.4265 1206.2078 670.9353 670.9353 550.261 100.7187 266.3223 179.3849 215.2883 286.2657 1193.2288 248.4913 466.3435 274.2646 118.9499 372.2749 187.4752 263.8929 1205.6583;
	3.868 52.2652 89.7601 117.2069 15.0278 34.7194 28.5786 18.5498 27.6763 30.9327 57.1786 85.2992 128.4175 67.1168 199.7106 75.2398 93.3531 98.9264 89.6296 70.8991 9.5262 81.0119 71.0159 88.191 104.7599 76.0507 13.6944 1241.832 719.4861 719.4861 542.1664 105.3554 298.7653 182.4945 210.4203 306.9807 1150.6167 241.1585 460.1253 280.6069 122.1762 385.1537 199.2055 268.0683 1162.6023;
	3.8057 51.4233 88.6173 113.8079 15.2446 34.7769 30.5926 17.6952 28.1871 31.2172 57.7045 86.0838 129.5987 67.8763 205.0377 77.2468 95.8432 101.5652 91.3377 72.4148 10.1975 81.1461 74.8686 85.0069 100.2868 75.2776 13.1353 1232.1404 724.3958 724.3958 605.784 102.205 304.4589 186.3958 212.8015 309.0755 1136.6561 272.6129 469.9209 268.6253 120.934 385.7918 202.9606 260.4751 1148.4962;
	3.7507 50.6801 88.3855 115.2011 14.8666 34.6578 31.0485 17.5973 28.3712 31.1424 57.5662 85.8774 129.288 68.7676 205.3609 77.3685 95.9943 101.7253 92.3513 73.2293 10.3495 80.8682 74.98 86.4867 103.7186 73.7781 13.1479 1214.0337 729.6855 729.6855 602.3362 86.7637 307.8377 188.4924 215.5958 311.3325 1167.746 260.4615 477.6854 277.8177 120.4655 384.4707 198.8831 255.6403 1179.91;
	3.7742 50.9977 90.5312 116.2397 14.5464 34.9226 30.4519 17.4775 28.1861 30.9773 57.261 85.4222 128.6026 69.6717 202.9631 76.4652 94.8735 100.5375 92.4853 72.7187 10.1506 81.4861 73.6308 86.2487 102.1824 74.1086 13.324 1258.1832 799.9253 799.9253 669.8687 81.5072 308.2844 187.1781 218.4302 341.3014 1261.6591 304.7672 478.4975 273.703 122.2175 387.4083 181.816 267.0039 1274.8014;
	3.687 49.8198 88.2515 115.0999 14.747 34.2552 30.0655 17.4772 27.9596 30.9681 57.2441 85.397 128.5647 69.617 204.8702 77.1837 95.7649 101.4822 92.3996 73.3513 10.0218 79.9288 74.5009 86.1151 100.2024 72.3443 13.4271 1202.3058 745.8115 745.8115 696.0658 92.1507 307.9985 188.8065 218.2587 318.2129 1192.1314 317.8974 477.5491 268.3994 119.7731 380.0043 164.3567 262.738 1204.5494;
	3.6929 49.8991 87.5899 111.8953 14.5799 34.2853 28.7086 17.2718 27.7606 31.3375 57.9269 86.4156 130.0981 68.5 204.0053 76.8578 95.3606 101.0538 90.0998 72.7127 9.5695 79.9989 75.3307 85.6258 98.0355 70.7766 12.8674 1170.5238 766.7611 766.7611 696.1544 95.6994 300.3325 187.1628 214.7569 327.1514 1136.5981 328.4049 475.0773 262.595 117.3615 380.3378 175.1243 259.9714 1148.4376;
	3.7265 50.3537 86.7317 114.8712 14.6158 34.1128 28.5948 17.4487 28.0654 31.2368 57.7407 86.1378 129.68 68.9122 200.6577 75.5966 93.7958 99.3956 90.3419 71.6517 9.5316 79.5965 75.463 85.0081 98.2637 70.7453 12.2398 1173.071 774.4571 774.4571 720.0678 104.493 301.1398 184.4317 216.0491 330.435 1163.1973 318.1634 477.9137 263.2064 113.5299 378.4244 187.0586 262.5619 1175.3139;
	3.7837 51.1255 88.272 116.1211 15.0475 33.7303 29.2833 17.7026 27.6428 31.0673 57.4274 85.6705 128.9764 69.4857 197.0092 74.2221 92.0904 97.5883 84.3932 70.8264 9.7611 78.7041 74.5906 87.5269 98.1604 71.4132 13.0583 1154.7694 781.4641 781.4641 723.9973 109.2744 281.3107 182.3073 217.8469 333.4247 1084.9699 325.0526 472.5332 262.9297 112.4259 374.1816 158.2263 249.4733 1096.2717;
	3.7402 50.538 89.6278 115.4884 14.7457 33.8858 29.0416 18.117 26.6427 30.4906 56.3614 84.0802 126.5822 67.1334 197.2203 74.3016 92.189 97.6928 87.3212 70.4224 9.6805 79.0669 73.9315 86.4162 98.5826 71.629 13.2807 1108.5301 723.0477 723.0477 741.7065 106.5508 291.0707 181.2674 210.4723 308.5003 1049.5722 337.4257 465.3704 264.0605 117.0898 375.9068 159.9869 258.5866 1060.5052;
	3.644 49.2384 89.4185 112.0182 14.1693 32.5911 26.8315 18.0743 26.1332 30.5495 56.4703 84.2425 126.8267 66.9603 194.4307 73.2506 90.885 96.311 84.9534 70.1931 8.9438 76.0458 72.3198 86.5018 98.8353 72.9114 13.1411 1034.7261 662.6391 662.6391 681.5115 106.6527 283.1781 180.6773 209.9297 282.726 911.2778 329.0255 461.959 264.7374 115.3992 361.5436 174.7024 248.3097 920.7703;
	3.7079 50.102 92.5938 117.8105 14.8967 33.673 26.78 17.481 26.4348 30.8509 57.0275 85.0737 128.0781 66.3377 194.3929 73.2364 90.8674 96.2923 82.8821 70.4104 8.9267 78.5702 73.444 85.219 99.7086 73.5136 13.1051 1151.9351 706.2495 706.2495 656.0123 109.8236 276.2736 181.2365 207.9775 301.3331 1022.4556 300.8383 469.2894 267.0765 112.8808 373.5453 180.4544 250.2291 1033.1062;
	3.5785 48.3531 91.5725 116.6381 14.4976 33.408 23.7918 16.8543 25.6482 30.582 56.5303 84.3321 126.9615 62.5698 192.4056 72.4877 89.9385 95.3079 88.1495 71.6743 7.9306 77.9519 73.1581 86.125 98.1873 72.036 12.4908 1097.2236 651.3065 651.3065 663.9093 103.5007 293.8318 184.4899 196.1647 277.8908 1033.8338 289.9853 448.5128 263.0016 117.2742 370.6057 174.7918 226.5714 1044.6029;
	3.7481 50.6448 93.5632 117.1136 14.9797 33.4198 25.342 13.8663 26.3068 29.5071 54.5434 81.3681 122.4992 65.1895 188.7279 71.1021 88.2193 93.4861 87.0179 69.7225 8.4473 77.9796 71.5652 85.7238 102.5175 66.8502 11.3965 1207.3766 649.9999 649.9999 677.0223 101.8116 290.0598 179.466 204.3778 277.3333 1064.1335 302.2038 471.39 274.6004 121.1442 370.7374 190.3279 248.9554 1075.2182;
