function loadprofile = ex_load_profilesh1
%EX_LOAD_PROFILE  Example load profile data file for stochastic unit commitment.
% 2022.03.12
% Andres F. Ramirez

%% define constants
[CT_LABEL, CT_PROB, CT_TABLE, CT_TBUS, CT_TGEN, CT_TBRCH, CT_TAREABUS, ...
    CT_TAREAGEN, CT_TAREABRCH, CT_ROW, CT_COL, CT_CHGTYPE, CT_REP, ...
    CT_REL, CT_ADD, CT_NEWVAL, CT_TLOAD, CT_TAREALOAD, CT_LOAD_ALL_PQ, ...
    CT_LOAD_FIX_PQ, CT_LOAD_DIS_PQ, CT_LOAD_ALL_P, CT_LOAD_FIX_P, ...
    CT_LOAD_DIS_P, CT_TGENCOST, CT_TAREAGENCOST, CT_MODCOST_F, ...
    CT_MODCOST_X] = idx_ct;

loadprofile = struct( ...
    'type', 'mpcData', ...
    'table', CT_TAREALOAD, ...
    'rows', [1:11], ...
    'col', CT_LOAD_ALL_P, ...
    'chgtype', 1, ...
    'values', [] );
loadprofile.values(:,1,:) = [
	1446.7098 880.9637 1544.1546 530.0716 787.7054 1117.9 865.6433 270.4941 510.8389 4456.6067 1658.1932;
	1416.1673 881.0 1554.751 526.2 799.8323 1133.9881 866.5495 265.0085 500.1213 4387.7794 1639.8;
	1419.6083 904.0686 1612.322 531.265 815.5 1148.6465 868.0382 269.726 500.5 4364.0557 1671.2488;
	1489.0673 984.9228 1705.6878 558.327 860.1706 1215.8 917.0725 284.4447 531.4417 4607.4869 1786.3087;
	1635.8504 1102.2026 1911.0292 589.6895 982.0371 1374.1745 1023.8846 327.2737 619.0 5157.9098 2035.0;
	1802.2 1194.0771 2063.0228 611.1932 1043.8624 1454.7716 1075.9543 346.4906 682.0297 5741.7135 2209.0749;
	1845.6225 1199.7347 2077.1515 591.1962 1069.2219 1417.0771 1105.8798 370.3737 697.0094 6084.4 2263.1839;
	1837.4148 1207.8888 2105.0796 598.3646 1082.5355 1385.4089 1153.9308 426.1904 738.8159 6440.4106 2419.8797;
	1806.3 1148.192 2086.7812 583.5773 1093.6758 1328.0542 1122.6976 374.1755 733.0213 6376.9769 2330.0706;
	1762.0607 1132.6503 2036.4825 586.9 1080.3 1356.0 1072.8562 382.3544 699.2442 6343.0983 2306.3669;
	1783.7274 1140.4703 2042.6278 594.7 1074.9037 1325.3434 1084.5177 378.6 726.538 6361.4501 2321.1328;
	1779.1998 1107.4784 1964.0442 603.1551 1040.1225 1256.6 1055.3114 364.5 713.9397 6234.8579 2285.5248;
	1762.836 1119.4153 1963.7215 605.2849 1054.2494 1276.8535 1045.4631 364.3672 695.0164 6243.761 2271.8877;
	1745.7287 1085.3957 1971.3826 593.9 1051.0265 1256.6999 1003.1567 347.6543 679.4521 5992.1281 2081.7122;
	1762.0471 1145.6068 1971.7697 593.5 1057.3484 1363.2362 1042.382 353.4 712.8875 6186.0496 2182.8232;
	1723.4311 1140.885 1939.0489 593.7761 1052.362 1395.3898 1052.7234 365.5 724.3704 6116.4595 2210.7072;
	1740.5997 1154.8483 2027.644 606.9892 1075.6263 1457.4377 1128.3 376.002 786.5675 6017.8015 2345.1291;
	1838.2455 1201.5473 2120.2632 607.1 1096.8 1552.9554 1194.492 385.4439 839.3647 6084.6082 2458.7246;
	1850.8352 1236.4771 2129.3943 619.8117 1104.4392 1531.7279 1186.8546 388.2463 794.3285 5962.1817 2433.5428;
	1804.1065 1161.011 1990.5 586.5 1024.5282 1440.0841 1108.9332 361.9284 715.6036 5604.3023 2305.0245;
	1704.8232 1087.9438 1849.5742 559.7282 964.2519 1323.4335 1027.8 314.6 651.6665 5074.8066 2050.8635;
	1647.1447 1033.933 1755.6 542.4538 893.4 1256.0051 976.9822 292.3 612.1 5033.9883 1903.9322;
	1580.0879 992.8376 1682.5 551.0551 881.3999 1233.1635 916.0372 275.8 545.6058 4649.0163 1805.6265;
	1557.7121 984.7 1693.4496 553.1016 861.8 1216.3901 909.9858 271.8 523.8677 4550.6731 1772.1;
];
