function solarprofile = ex_solar_profilesh1
%EX_WIND_PROFILE_D  Example wind_load_nyiso profile data for deterministic unit commitment.
% 2022.03.12
% Andres F. Ramirez


%% define constants
[GEN_BUS, PG, QG, QMAX, QMIN, VG, MBASE, GEN_STATUS, PMAX, PMIN, ...
    MU_PMAX, MU_PMIN, MU_QMAX, MU_QMIN, PC1, PC2, QC1MIN, QC1MAX, ...
    QC2MIN, QC2MAX, RAMP_AGC, RAMP_10, RAMP_30, RAMP_Q, APF] = idx_gen;
[CT_LABEL, CT_PROB, CT_TABLE, CT_TBUS, CT_TGEN, CT_TBRCH, CT_TAREABUS, ...
    CT_TAREAGEN, CT_TAREABRCH, CT_ROW, CT_COL, CT_CHGTYPE, CT_REP, ...
    CT_REL, CT_ADD, CT_NEWVAL, CT_TLOAD, CT_TAREALOAD, CT_LOAD_ALL_PQ, ...
    CT_LOAD_FIX_PQ, CT_LOAD_DIS_PQ, CT_LOAD_ALL_P, CT_LOAD_FIX_P, ...
    CT_LOAD_DIS_P, CT_TGENCOST, CT_TAREAGENCOST, CT_MODCOST_F, ...
    CT_MODCOST_X] = idx_ct;

solarprofile = struct( ...
    'type', 'mpcData', ...
    'table', CT_TGEN, ...
    'rows', [1:12], ...
    'col', PMAX, ...
    'chgtype', 1, ...
    'values', [] );
solarprofile.values(:,1,:) = [
	0.0 0.0 0.0 0.0 0.0 0.0 0.0 0.0 0.0 0.0 0.0 0.0;
	0.0 0.0 0.0 0.0 0.0 0.0 0.0 0.0 0.0 0.0 0.0 0.0;
	0.0 0.0 0.0 0.0 0.0 0.0 0.0 0.0 0.0 0.0 0.0 0.0;
	0.0 0.0 0.0 0.0 0.0 0.0 0.0 0.0 0.0 0.0 0.0 0.0;
	0.0 0.0 0.0 0.0 0.0 0.0 0.0 0.0 0.0 0.0 0.0 0.0;
	0.0 0.0 0.002 0.0 0.0 0.0 0.0 0.0 0.0 0.0 0.0 0.0;
	2.0304 1.1262 3.0993 2.1621 1.2817 198.1168 24.7646 50.6547 112.2647 67.4118 39.9477 122.0831;
	11.0098 6.7748 10.8107 6.2379 4.9766 382.322 47.7903 72.5461 207.6933 118.6526 112.6131 214.8807;
	19.4958 14.7338 13.8 9.7907 8.1195 408.2318 51.029 73.8455 225.8483 269.9044 185.1306 488.7985;
	22.0543 15.99 13.5297 11.2835 4.0874 345.9342 43.2418 61.3429 209.5661 266.0354 204.1784 481.7917;
	20.2988 15.7188 13.162 11.4504 5.8872 261.0835 32.6354 58.763 170.583 291.7779 221.4748 528.4116;
	21.4925 16.2344 13.7577 11.4317 6.7941 225.0577 28.1322 62.1516 126.319 294.7237 223.1373 533.7464;
	26.3192 16.6083 13.9122 8.9994 8.4987 393.2554 49.1569 71.4617 120.6029 137.1181 147.3593 248.3216;
	23.9364 16.6083 14.0542 9.1247 9.0556 417.7082 52.2135 74.0386 140.3378 88.4221 72.0749 160.1329;
	19.3881 15.3313 13.2303 7.3966 8.7105 408.1208 51.0151 71.694 142.6794 54.7765 56.7925 99.2006;
	6.2834 7.1106 4.3536 5.9316 5.6106 176.9674 22.1209 23.4426 58.8645 27.3003 27.6355 49.441;
	0.7007 0.613 0.3858 1.3488 3.206 44.3341 5.5418 8.4158 19.5882 19.128 18.6374 34.6409;
	0.0 0.0 0.0 0.0 0.0 0.0 0.0 0.0 0.0 0.0 0.0 0.0;
	0.0 0.0 0.0 0.0 0.0 0.0 0.0 0.0 0.0 0.0 0.0 0.0;
	0.0 0.0 0.0 0.0 0.0 0.0 0.0 0.0 0.0 0.0 0.0 0.0;
	0.0 0.0 0.0 0.0 0.0 0.0 0.0 0.0 0.0 0.0 0.0 0.0;
	0.0 0.0 0.0 0.0 0.0 0.0 0.0 0.0 0.0 0.0 0.0 0.0;
	0.0 0.0 0.0 0.0 0.0 0.0 0.0 0.0 0.0 0.0 0.0 0.0;
	0.0 0.0 0.0 0.0 0.0 0.0 0.0 0.0 0.0 0.0 0.0 0.0;
];
