function solarprofile = ex_solar_profilesh1
%EX_WIND_PROFILE_D  Example wind_load_nyiso profile data for deterministic unit commitment.
% 2022.03.12
% Andres F. Ramirez


%% define constants
[GEN_BUS, PG, QG, QMAX, QMIN, VG, MBASE, GEN_STATUS, PMAX, PMIN, ...
    MU_PMAX, MU_PMIN, MU_QMAX, MU_QMIN, PC1, PC2, QC1MIN, QC1MAX, ...
    QC2MIN, QC2MAX, RAMP_AGC, RAMP_10, RAMP_30, RAMP_Q, APF] = idx_gen;
[CT_LABEL, CT_PROB, CT_TABLE, CT_TBUS, CT_TGEN, CT_TBRCH, CT_TAREABUS, ...
    CT_TAREAGEN, CT_TAREABRCH, CT_ROW, CT_COL, CT_CHGTYPE, CT_REP, ...
    CT_REL, CT_ADD, CT_NEWVAL, CT_TLOAD, CT_TAREALOAD, CT_LOAD_ALL_PQ, ...
    CT_LOAD_FIX_PQ, CT_LOAD_DIS_PQ, CT_LOAD_ALL_P, CT_LOAD_FIX_P, ...
    CT_LOAD_DIS_P, CT_TGENCOST, CT_TAREAGENCOST, CT_MODCOST_F, ...
    CT_MODCOST_X] = idx_ct;

solarprofile = struct( ...
    'type', 'mpcData', ...
    'table', CT_TGEN, ...
    'rows', [1:12], ...
    'col', PMAX, ...
    'chgtype', 1, ...
    'values', [] );
solarprofile.values(:,1,:) = [
	0.0 0.0 0.0 0.0 0.0 0.0 0.0 0.0 0.0 0.0 0.0 0.0;
	0.0 0.0 0.0 0.0 0.0 0.0 0.0 0.0 0.0 0.0 0.0 0.0;
	0.0 0.0 0.0 0.0 0.0 0.0 0.0 0.0 0.0 0.0 0.0 0.0;
	0.0 0.0 0.0 0.0 0.0 0.0 0.0 0.0 0.0 0.0 0.0 0.0;
	0.0 0.0 0.0 0.0 0.0 0.0 0.0 0.0 0.0 0.0 0.0 0.0;
	0.0 0.0 0.002 0.0 0.0 0.0 0.0 0.0 0.0 0.0 0.0 0.0;
	5.6538 5.1259 5.2786 2.1027 3.9985 196.4745 24.5593 36.8361 91.73 69.8323 43.9718 126.4667;
	18.2716 13.5451 12.9903 5.5706 9.3588 387.2947 48.4118 70.707 158.4201 274.3204 155.8536 496.7959;
	23.2139 16.6029 13.8165 6.7877 10.9061 412.4922 51.5615 73.3447 168.9164 342.7604 202.0818 620.7412;
	20.5925 14.5174 13.5818 6.7245 5.5146 368.5012 46.0627 64.2313 160.407 321.6462 190.7301 582.5031;
	16.2768 10.7171 12.6224 7.4888 4.9639 346.9009 43.3626 54.6201 104.879 293.2449 213.1563 531.0682;
	16.8742 10.2128 12.8123 9.6788 5.5611 319.9206 39.9901 46.8677 64.255 282.2736 220.8705 511.1993;
	19.0733 13.6218 13.7279 11.157 7.2744 383.3789 47.9224 60.1108 59.9018 164.7836 184.559 298.4241;
	13.3633 15.2458 13.7969 11.2907 7.7756 410.2518 51.2815 70.7778 95.5267 134.4713 154.944 243.5284;
	6.6973 9.818 10.0522 8.566 6.8027 411.3656 51.4207 71.6957 143.2923 72.586 112.2929 131.4537;
	1.7536 2.806 2.7557 5.3384 3.2398 341.8113 42.7264 52.7814 113.0744 17.1639 28.2332 31.084;
	0.6973 0.5864 0.3887 1.3946 2.5312 55.3138 6.9142 9.5224 22.9164 17.6255 19.1149 31.9198;
	0.0 0.0 0.0 0.0 0.0 0.0 0.0 0.0 0.0 0.0 0.0 0.0;
	0.0 0.0 0.0 0.0 0.0 0.0 0.0 0.0 0.0 0.0 0.0 0.0;
	0.0 0.0 0.0 0.0 0.0 0.0 0.0 0.0 0.0 0.0 0.0 0.0;
	0.0 0.0 0.0 0.0 0.0 0.0 0.0 0.0 0.0 0.0 0.0 0.0;
	0.0 0.0 0.0 0.0 0.0 0.0 0.0 0.0 0.0 0.0 0.0 0.0;
	0.0 0.0 0.0 0.0 0.0 0.0 0.0 0.0 0.0 0.0 0.0 0.0;
	0.0 0.0 0.0 0.0 0.0 0.0 0.0 0.0 0.0 0.0 0.0 0.0;
];
