function windprofile = ex_wind_profilesh1
%EX_WIND_PROFILE_D  Example wind_load_nyiso profile data for deterministic unit commitment.
% 2022.03.12
% Andres F. Ramirez


%% define constants
[GEN_BUS, PG, QG, QMAX, QMIN, VG, MBASE, GEN_STATUS, PMAX, PMIN, ...
    MU_PMAX, MU_PMIN, MU_QMAX, MU_QMIN, PC1, PC2, QC1MIN, QC1MAX, ...
    QC2MIN, QC2MAX, RAMP_AGC, RAMP_10, RAMP_30, RAMP_Q, APF] = idx_gen;
[CT_LABEL, CT_PROB, CT_TABLE, CT_TBUS, CT_TGEN, CT_TBRCH, CT_TAREABUS, ...
    CT_TAREAGEN, CT_TAREABRCH, CT_ROW, CT_COL, CT_CHGTYPE, CT_REP, ...
    CT_REL, CT_ADD, CT_NEWVAL, CT_TLOAD, CT_TAREALOAD, CT_LOAD_ALL_PQ, ...
    CT_LOAD_FIX_PQ, CT_LOAD_DIS_PQ, CT_LOAD_ALL_P, CT_LOAD_FIX_P, ...
    CT_LOAD_DIS_P, CT_TGENCOST, CT_TAREAGENCOST, CT_MODCOST_F, ...
    CT_MODCOST_X] = idx_ct;

windprofile = struct( ...
    'type', 'mpcData', ...
    'table', CT_TGEN, ...
    'rows', [1:45], ...
    'col', PMAX, ...
    'chgtype', 1, ...
    'values', [] );
windprofile.values(:,1,:) = [
	3.9118 52.8573 91.1373 113.9712 14.8974 34.5725 30.3507 18.2264 28.4458 31.2868 57.8332 86.2758 129.8877 69.271 204.2222 76.9395 95.462 101.1612 41.8891 72.3407 10.1169 80.6691 73.3137 86.4678 102.7667 72.5358 14.0487 1096.7907 738.9117 738.9117 630.5759 110.7178 139.6303 186.2052 217.174 315.269 1189.4843 245.8347 478.0176 275.2679 123.4346 383.5238 152.925 264.2976 1201.8748;
	3.9048 52.762 93.5482 116.9855 14.8142 33.7422 30.9875 18.3176 28.4944 31.1532 57.5862 85.9073 129.333 69.507 197.3549 74.3523 92.2519 97.7595 34.4794 72.6596 10.3292 78.7318 72.8678 86.7384 102.8987 71.073 13.5584 1109.5637 733.3843 733.3843 567.5228 111.4605 114.9313 187.026 217.9139 312.9106 1169.5144 236.2613 479.2406 275.6215 123.7199 374.3134 147.2282 271.8623 1181.6968;
	3.9269 53.0611 94.3069 65.6148 14.3874 34.0916 31.1865 17.8908 28.4821 30.8837 57.0881 85.1643 128.2143 69.0957 195.1544 73.5233 91.2233 96.6695 32.357 70.4966 10.3955 79.5471 70.5115 87.1582 103.414 71.9025 13.7294 1160.5107 722.4347 722.4347 542.429 115.4444 107.8568 181.4583 216.6242 308.2388 1224.8274 231.7685 475.5864 277.0018 123.6346 378.1898 140.4886 269.5957 1237.586;
	3.8995 52.6904 93.5467 80.4676 14.5264 34.6848 30.6001 17.9129 28.4799 30.766 56.8704 84.8395 127.7253 68.686 196.2943 73.9527 91.7562 97.2342 42.8243 70.1137 10.2 80.9311 63.1732 85.9491 101.2176 71.5529 13.6828 1213.788 732.7245 732.7245 531.0887 106.6363 142.7475 180.473 215.34 312.6291 1169.7607 247.5773 477.1058 271.1185 122.611 384.7695 187.5361 262.0991 1181.9457;
	3.6332 49.092 93.1603 114.3626 14.1821 34.5268 25.1757 18.18 28.3983 30.1838 55.7943 83.2342 125.3086 67.9127 186.8438 70.3923 87.3386 92.5528 71.8473 67.8436 8.3919 80.5626 50.667 85.5913 101.0204 72.7937 13.7216 1211.3857 699.0041 699.0041 530.3127 106.8406 239.4911 174.6296 212.9155 298.2418 1263.9098 259.3213 474.7412 270.5903 119.4281 383.0178 192.3955 261.8133 1277.0755;
	3.6626 49.49 92.5911 112.6359 14.3263 33.8373 28.3499 17.8316 28.0339 30.9094 57.1356 85.2351 128.3209 67.7411 187.2472 70.5443 87.5272 92.7527 84.5691 70.1304 9.45 78.9538 68.7996 86.1522 100.9572 72.8376 13.696 1223.0549 703.9218 703.9218 492.4466 105.4137 281.8971 180.5157 212.3775 300.34 1154.1629 229.9381 465.1662 270.4211 118.7169 375.3689 188.9416 268.2436 1166.1855;
	3.621 48.9274 91.5668 111.9541 14.0929 32.2672 29.0033 17.517 27.5879 31.0429 57.3823 85.6032 128.8751 65.5542 170.8771 64.377 79.8751 84.6438 65.5262 69.1864 9.6678 75.2901 72.8312 86.6959 98.5277 75.5274 13.2464 1200.0866 733.644 733.644 558.9995 103.2388 218.4207 178.0861 205.5212 313.0214 1149.4227 250.0474 465.3115 263.9136 117.7168 357.9506 189.9845 261.6969 1161.3958;
	3.5923 48.5403 90.227 115.2716 14.445 32.6147 27.9081 17.806 27.6413 30.579 56.5248 84.324 126.9492 64.3143 189.424 71.3644 88.5447 93.8309 78.6015 67.536 9.3027 76.1009 73.9574 86.9921 103.2504 74.6868 13.2047 1063.5191 721.6985 721.6985 531.369 83.6161 262.005 173.8378 201.6339 307.9247 1093.2906 234.0632 459.4175 276.5636 114.7141 361.8055 180.6482 256.5981 1104.679;
	3.7139 50.1831 90.4959 117.307 14.325 33.8539 28.0609 17.7515 27.928 31.1844 57.6439 85.9934 129.4626 66.322 194.6198 73.3219 90.9735 96.4047 86.2514 67.6173 9.3536 78.9924 72.3808 86.8535 101.1752 73.0673 13.6811 1104.7229 783.8449 783.8449 568.5101 83.535 287.5045 174.0471 207.9284 334.4405 1178.199 262.3101 464.6408 271.005 114.8991 375.5527 177.2015 265.224 1190.4719;
	3.6234 48.9598 89.7883 113.3314 14.4241 33.5657 29.139 17.6854 27.9415 31.0413 57.3794 85.5988 128.8685 66.2448 196.269 73.9432 91.7444 97.2216 87.3429 67.5846 9.713 78.3199 73.139 85.3558 98.6214 72.5668 13.5343 1092.0876 775.2368 775.2368 656.8312 93.1823 291.1431 173.9629 207.6865 330.7677 1177.6795 294.7476 465.4839 264.1645 115.9458 372.3554 161.0059 265.8037 1189.947;
	3.6229 48.9537 92.8927 117.8332 14.3768 34.2861 26.2512 18.6828 27.1046 31.4787 58.1878 86.8048 130.6841 66.1296 195.0186 73.4721 91.1599 96.6022 64.2525 68.2096 8.7504 80.0009 74.3517 88.31 101.2643 76.4684 13.8713 1161.873 788.1109 788.1109 659.2263 93.8478 214.175 175.5718 207.3252 336.2607 1141.8431 290.6432 468.0218 271.2437 117.1519 380.347 164.7531 277.3446 1153.7373;
	3.5656 48.1796 88.7859 115.6588 14.3399 33.9294 23.6374 18.4644 26.4501 30.6475 56.6515 84.5128 127.2336 65.3482 194.3788 73.2311 90.8608 96.2853 83.7365 68.2674 7.8791 79.1685 73.1344 86.9362 100.1807 75.6155 13.619 1127.9484 778.8098 778.8098 671.4395 98.3923 279.1217 175.7204 204.8756 332.2922 1168.6609 292.585 465.5215 268.3413 113.341 376.3898 181.1323 275.0747 1180.8345;
	3.6881 49.8348 89.2777 116.6552 13.9526 33.9662 28.2035 18.1316 27.445 31.3526 57.9548 86.4572 130.1609 67.3867 193.2013 72.7875 90.3104 95.702 84.3959 69.1299 9.4012 79.2544 74.2826 88.1959 98.5592 75.4899 13.0782 1156.8744 802.2073 802.2073 672.2302 109.5004 281.3196 177.9406 211.2663 342.2751 1125.2231 309.9004 477.8682 263.9979 112.7309 376.7982 161.58 266.2751 1136.9442;
	3.7733 50.9859 91.425 115.651 14.2431 34.0826 27.7175 17.8357 27.2152 31.1622 57.6028 85.932 129.3702 66.6292 196.7335 74.1182 91.9615 97.4517 88.3807 70.1344 9.2392 79.5261 73.8571 88.4062 98.3313 75.1048 13.2642 1110.2998 726.1275 726.1275 667.5182 109.8269 294.6022 180.526 208.8914 309.8144 1086.2987 309.689 467.9909 263.3873 112.3629 378.0899 159.9953 277.3726 1097.6143;
	3.6996 49.99 91.0501 114.3706 14.0811 34.2709 26.4468 17.93 27.9964 31.3607 57.9698 86.4795 130.1944 68.8599 192.0043 72.3365 89.7508 95.1091 84.9534 70.5386 8.8156 79.9655 74.6241 89.493 99.3394 75.0473 13.0163 1081.9366 739.2464 739.2464 667.7563 110.5851 283.178 181.5665 215.885 315.4118 1007.4782 314.0161 475.8434 266.0877 110.23 380.1787 179.2936 260.2738 1017.9727;
	3.7609 50.8181 93.0111 117.93 14.1407 34.6301 28.1442 18.2671 28.3467 30.9535 57.217 85.3565 128.5037 69.0703 195.1752 73.5311 91.2331 96.6798 86.5668 70.5637 9.3814 80.8036 72.633 88.6002 99.9789 75.9666 13.3714 1207.4852 770.9613 770.9613 650.6078 115.0678 288.556 181.6311 216.5449 328.9435 1127.5724 304.4782 478.5495 267.8005 115.0337 384.1635 184.5722 264.685 1139.318;
	3.6116 48.8002 90.8003 116.0917 14.1339 34.2604 26.5325 17.6981 27.601 31.0018 57.3064 85.4899 128.7046 67.8929 193.7532 72.9954 90.5684 95.9754 87.065 72.0724 8.8442 79.941 72.4809 88.7567 97.3015 75.577 11.9977 1129.879 730.8026 730.8026 664.7473 111.8954 290.2165 185.5146 212.8534 311.8091 1180.1059 304.5872 472.1051 260.629 113.7738 380.0624 184.6916 247.3582 1192.3987;
	3.7207 50.2752 91.7112 112.7964 14.0031 32.3696 27.042 16.0015 27.6493 30.2404 55.899 83.3903 125.5437 66.1124 189.506 71.3953 88.583 93.8716 84.5771 68.6981 9.014 75.5291 68.8403 84.842 98.2517 72.6937 11.6838 1251.5689 712.7258 712.7258 635.3484 100.6168 281.9236 176.8291 207.2713 304.0963 1211.5628 294.7938 477.1413 263.1742 115.4438 359.0868 188.3373 255.9408 1224.1833;
