function solarprofile = ex_solar_profilesh1
%EX_WIND_PROFILE_D  Example wind_load_nyiso profile data for deterministic unit commitment.
% 2022.03.12
% Andres F. Ramirez


%% define constants
[GEN_BUS, PG, QG, QMAX, QMIN, VG, MBASE, GEN_STATUS, PMAX, PMIN, ...
    MU_PMAX, MU_PMIN, MU_QMAX, MU_QMIN, PC1, PC2, QC1MIN, QC1MAX, ...
    QC2MIN, QC2MAX, RAMP_AGC, RAMP_10, RAMP_30, RAMP_Q, APF] = idx_gen;
[CT_LABEL, CT_PROB, CT_TABLE, CT_TBUS, CT_TGEN, CT_TBRCH, CT_TAREABUS, ...
    CT_TAREAGEN, CT_TAREABRCH, CT_ROW, CT_COL, CT_CHGTYPE, CT_REP, ...
    CT_REL, CT_ADD, CT_NEWVAL, CT_TLOAD, CT_TAREALOAD, CT_LOAD_ALL_PQ, ...
    CT_LOAD_FIX_PQ, CT_LOAD_DIS_PQ, CT_LOAD_ALL_P, CT_LOAD_FIX_P, ...
    CT_LOAD_DIS_P, CT_TGENCOST, CT_TAREAGENCOST, CT_MODCOST_F, ...
    CT_MODCOST_X] = idx_ct;

solarprofile = struct( ...
    'type', 'mpcData', ...
    'table', CT_TGEN, ...
    'rows', [1:12], ...
    'col', PMAX, ...
    'chgtype', 1, ...
    'values', [] );
solarprofile.values(:,1,:) = [
	0.0 0.0 0.0 0.0 0.0 0.0 0.0 0.0 0.0 0.0 0.0 0.0;
	0.0 0.0 0.0 0.0 0.0 0.0 0.0 0.0 0.0 0.0 0.0 0.0;
	0.0 0.0 0.0 0.0 0.0 0.0 0.0 0.0 0.0 0.0 0.0 0.0;
	0.0 0.0 0.0 0.0 0.0 0.0 0.0 0.0 0.0 0.0 0.0 0.0;
	0.0 0.0 0.0 0.0 0.0 0.0 0.0 0.0 0.0 0.0 0.0 0.0;
	0.0 0.0 0.002 0.0 0.0 0.0 0.0 0.0 0.0 0.0 0.0 0.0;
	2.0554 1.7081 0.8754 1.5476 9.9362 201.7873 25.2234 50.6106 77.7299 71.6754 44.2412 129.8045;
	11.9385 13.4536 11.2985 2.4477 11.3207 374.3473 46.7934 72.5422 120.286 213.7527 173.6309 387.1075;
	23.1317 16.6408 13.8901 4.6289 11.6085 408.4042 51.0505 74.177 159.9623 312.1632 213.8433 565.3294;
	26.7987 16.7602 13.955 7.6606 9.1298 417.5995 52.1999 67.0871 215.6545 226.8059 203.5948 410.7468;
	26.7016 16.6189 13.8113 11.405 11.1471 418.9159 52.3645 65.4864 223.4068 225.0781 216.7435 407.6178;
	26.4559 16.6083 13.8 11.6467 12.8775 423.393 52.9241 66.3961 233.2148 269.8867 221.7814 488.7665;
	26.3486 16.6083 13.8 12.1535 13.9523 467.1012 58.3877 75.3162 265.4171 261.6367 194.4276 473.8256;
	23.6042 16.6083 13.8 12.1006 13.9452 473.9439 59.243 77.2145 257.8537 275.4647 165.272 498.8682;
	18.4687 14.0419 11.4445 11.7004 13.5607 452.9136 56.6142 74.406 232.514 172.0193 127.4917 311.528;
	8.5772 5.0516 4.4808 9.8604 12.22 227.8731 28.4841 32.8839 90.2059 21.4479 40.8263 38.8422;
	0.7672 0.6307 0.4251 2.233 3.587 44.3341 5.5418 8.4157 19.6507 14.6588 17.9676 26.5471;
	0.0 0.0 0.0 0.0 0.0 0.0 0.0 0.0 0.0 0.0 0.0 0.0;
	0.0 0.0 0.0 0.0 0.0 0.0 0.0 0.0 0.0 0.0 0.0 0.0;
	0.0 0.0 0.0 0.0 0.0 0.0 0.0 0.0 0.0 0.0 0.0 0.0;
	0.0 0.0 0.0 0.0 0.0 0.0 0.0 0.0 0.0 0.0 0.0 0.0;
	0.0 0.0 0.0 0.0 0.0 0.0 0.0 0.0 0.0 0.0 0.0 0.0;
	0.0 0.0 0.0 0.0 0.0 0.0 0.0 0.0 0.0 0.0 0.0 0.0;
	0.0 0.0 0.0 0.0 0.0 0.0 0.0 0.0 0.0 0.0 0.0 0.0;
];
