function windprofile = ex_wind_profilesh1
%EX_WIND_PROFILE_D  Example wind_load_nyiso profile data for deterministic unit commitment.
% 2022.03.12
% Andres F. Ramirez


%% define constants
[GEN_BUS, PG, QG, QMAX, QMIN, VG, MBASE, GEN_STATUS, PMAX, PMIN, ...
    MU_PMAX, MU_PMIN, MU_QMAX, MU_QMIN, PC1, PC2, QC1MIN, QC1MAX, ...
    QC2MIN, QC2MAX, RAMP_AGC, RAMP_10, RAMP_30, RAMP_Q, APF] = idx_gen;
[CT_LABEL, CT_PROB, CT_TABLE, CT_TBUS, CT_TGEN, CT_TBRCH, CT_TAREABUS, ...
    CT_TAREAGEN, CT_TAREABRCH, CT_ROW, CT_COL, CT_CHGTYPE, CT_REP, ...
    CT_REL, CT_ADD, CT_NEWVAL, CT_TLOAD, CT_TAREALOAD, CT_LOAD_ALL_PQ, ...
    CT_LOAD_FIX_PQ, CT_LOAD_DIS_PQ, CT_LOAD_ALL_P, CT_LOAD_FIX_P, ...
    CT_LOAD_DIS_P, CT_TGENCOST, CT_TAREAGENCOST, CT_MODCOST_F, ...
    CT_MODCOST_X] = idx_ct;

windprofile = struct( ...
    'type', 'mpcData', ...
    'table', CT_TGEN, ...
    'rows', [1:45], ...
    'col', PMAX, ...
    'chgtype', 1, ...
    'values', [] );
windprofile.values(:,1,:) = [
	3.6174 48.8792 87.501 108.859 13.9808 30.816 28.8036 17.9596 27.2157 23.8071 44.0071 65.6499 98.8356 67.1096 171.9648 64.7867 80.3835 85.1826 36.9788 67.2307 9.6012 71.9039 69.112 86.3518 102.6955 73.1733 13.3229 1171.4645 667.0924 667.0924 598.0711 105.909 123.2627 173.052 210.3977 284.6261 1119.8549 234.5184 457.0665 275.0773 117.3793 341.8518 124.3795 266.909 1131.5201;
	3.5553 48.0402 88.8913 112.9337 13.9643 29.5948 28.8456 18.0187 27.0776 22.1703 40.9814 61.1362 92.0402 65.3607 180.471 67.9914 84.3597 89.3961 30.8116 70.0305 9.6152 69.0546 67.031 85.7996 99.3655 72.2186 13.1297 1178.3846 668.1156 668.1156 585.5896 103.726 102.7055 180.2587 204.9147 285.0627 1123.3785 240.2271 439.0115 266.1577 120.2399 328.3054 109.0385 265.889 1135.0804;
	3.5659 48.1825 88.0957 56.0308 13.9652 26.6141 27.5575 15.6905 26.5052 24.2572 44.8391 66.8911 100.7041 65.8366 191.5999 72.1842 89.5618 94.9088 32.3074 69.713 9.1858 62.0996 63.8731 85.9472 96.2666 71.0977 12.6569 1157.0172 668.2976 668.2976 601.7391 106.0023 107.6914 179.4414 206.4065 285.1403 1182.2817 239.5704 436.5039 257.8569 115.7697 295.2395 107.1901 260.0406 1194.5972;
	3.7111 50.1454 86.6395 75.1697 13.9421 32.0879 28.5307 15.7731 26.8995 27.5581 50.9408 75.9936 114.4079 66.0287 195.7334 73.7414 91.494 96.9563 41.4582 70.779 9.5102 74.8717 56.2851 84.7979 93.7167 70.8162 12.6901 1168.2079 708.0051 708.0051 570.6493 92.162 138.1939 182.1853 207.009 302.0822 1105.4022 250.3588 441.9013 251.0269 114.8209 355.9615 157.9874 260.8358 1116.9168;
	3.5728 48.2768 89.1393 115.2641 13.9895 31.3226 23.2245 17.8092 26.7954 27.2999 50.4634 75.2815 113.3359 63.7387 192.2199 72.4177 89.8516 95.2159 78.4248 69.4249 7.7415 73.086 45.8709 86.3242 99.9964 72.187 13.1467 1117.7407 645.0723 645.0723 543.3015 93.6851 261.4161 178.6999 199.8294 275.2308 1108.342 240.6234 434.2564 267.8476 103.7291 347.4715 168.633 261.995 1119.8872;
	3.5471 47.9293 87.4383 112.7295 11.0929 27.3619 26.6062 17.703 25.9726 27.6716 51.1505 76.3064 114.8789 64.7133 194.7734 73.3797 91.0452 96.4808 86.8173 70.9739 8.8687 63.8443 62.8794 85.8728 100.9956 72.1121 13.4745 1107.7399 659.0018 659.0018 517.0485 93.5228 289.3912 182.6871 202.885 281.1741 984.1563 226.8036 403.6751 270.524 109.746 303.5342 136.435 262.6914 994.4079;
	3.5667 48.1942 89.6126 113.7507 13.8895 31.4823 27.6461 18.0813 26.4709 28.3979 52.4931 78.3094 117.8944 65.7168 196.8973 74.1799 92.038 97.5328 88.1906 71.2427 9.2154 73.4587 70.6133 85.2506 98.7478 74.9382 13.3472 1169.2004 699.7845 699.7845 587.656 94.6569 293.9687 183.379 206.0311 298.5747 1049.5052 259.4829 434.6726 264.503 112.983 349.2438 176.3332 257.6208 1060.4375;
	3.5845 48.4341 90.4661 116.0585 14.2194 32.6477 26.8569 18.1253 25.802 26.1367 48.3132 72.0738 108.5067 64.9121 202.3499 76.2342 94.5868 100.2338 86.9987 70.5023 8.9523 76.178 70.8382 87.1388 103.4425 74.336 13.6988 1128.7523 705.4633 705.4633 583.1151 80.2758 289.9958 181.473 203.5083 300.9977 1065.7319 257.8616 436.4456 277.0781 113.1593 362.1722 179.0499 256.5283 1076.8332;
	3.8046 51.4088 93.1007 118.0526 14.4325 34.0441 29.2172 18.3075 26.7767 28.5942 52.8559 78.8506 118.7092 67.4525 196.3323 73.9671 91.7739 97.253 83.8205 68.8717 9.7391 79.4361 71.0191 88.3331 103.1919 73.9643 13.9719 1180.2089 769.2613 769.2613 621.994 79.0173 279.4018 177.276 211.4728 328.2181 1160.7283 284.1712 445.5423 276.407 116.9183 377.6621 180.1021 267.4259 1172.8193;
	3.7031 50.0368 92.1104 116.0037 14.2956 33.6864 29.7968 18.3044 26.8983 28.9437 53.5019 79.8144 120.1601 66.4282 200.3064 75.4643 93.6316 99.2215 86.895 70.0909 9.9323 78.6016 71.5942 87.1293 99.5683 73.6944 13.2497 1134.9948 744.2486 744.2486 659.0 83.4018 289.6501 180.4142 208.2613 317.5461 1114.3492 302.8872 449.1457 266.7009 116.0157 373.6946 161.0216 263.1571 1125.957;
	3.7068 50.0872 90.204 113.5865 14.2002 32.6749 27.3481 17.5005 26.9025 28.8688 53.3636 79.608 119.8495 66.2208 202.8421 76.4196 94.8169 100.4776 88.3664 70.2353 9.116 76.2414 71.2594 85.2684 96.582 72.4583 12.8821 1159.9554 741.0577 741.0577 671.1812 89.2614 294.5547 180.7859 207.611 316.1846 1131.5273 305.7855 457.5426 258.7018 115.6052 362.4733 162.2599 261.9225 1143.314;
	3.626 48.9958 90.2936 114.4239 14.3284 31.8773 24.4995 17.5998 26.3003 28.4169 52.5283 78.3619 117.9734 66.9014 200.3425 75.4779 93.6485 99.2394 89.0586 68.8665 8.1665 74.3803 71.7425 83.9324 96.9956 73.01 12.8448 1131.3067 700.3897 700.3897 667.193 94.6379 296.862 177.2625 209.7448 298.8329 1120.7397 300.7442 445.0609 259.8096 113.2777 353.6254 168.6725 262.1003 1132.414;
	3.7782 51.0514 92.4596 116.9592 14.1636 32.1366 27.2279 18.002 26.2253 29.4518 54.4411 81.2155 122.2694 67.9168 198.213 74.6756 92.653 98.1846 85.2911 69.1811 9.076 74.9854 73.3255 86.7018 97.0901 73.6985 13.0098 1121.6458 730.0185 730.0185 708.6941 100.5836 284.3036 178.0722 212.9284 311.4746 1076.1033 324.4674 443.8254 260.0629 112.2674 356.502 153.99 257.4766 1087.3127;
	3.6983 49.9716 90.7681 116.8759 14.4362 31.9079 25.431 18.2858 25.8898 30.1014 55.642 83.0068 124.9664 68.4139 197.6693 74.4708 92.3989 97.9153 89.5022 69.7984 8.477 74.4518 73.6445 85.6378 96.839 72.7029 13.219 1059.0186 684.8459 684.8459 687.6106 98.136 298.3408 179.6613 214.4869 292.2009 1036.3535 320.5857 406.5541 259.3901 113.7677 353.9649 151.6649 255.9943 1047.1489;
	3.6399 49.1833 90.3006 112.8693 14.804 31.9141 22.2466 18.2887 25.8976 30.3944 56.1835 83.8148 126.1827 66.859 195.4631 73.6396 91.3676 96.8224 88.2856 70.3926 7.4155 74.4663 71.4571 86.4954 96.9017 73.9438 13.2338 1010.9006 653.0468 653.0468 669.1052 97.5833 294.2855 181.1907 209.6118 278.6333 921.47 321.9566 434.053 259.5581 111.2047 354.0343 169.052 242.9614 931.0687;
	3.7027 50.0321 90.6147 113.8482 15.0379 32.8724 26.1095 18.1056 26.9375 30.3944 56.1836 83.8148 126.1828 66.7867 199.1196 75.0171 93.0768 98.6337 88.5911 70.969 8.7032 76.7023 73.385 84.9675 98.667 74.339 13.3539 1115.8446 735.8706 735.8706 696.1303 104.3097 295.3036 182.6744 209.3854 313.9715 1012.7605 312.6847 444.3986 264.2866 112.0444 364.6646 175.7715 258.6682 1023.3101;
	3.5599 48.1015 86.4894 111.382 14.7333 32.2966 24.0995 16.3184 26.2201 29.59 54.6967 81.5967 122.8433 63.3114 197.2052 74.2959 92.182 97.6854 87.1417 71.6369 8.0332 75.3588 72.14 85.5448 96.4775 70.1 12.0047 1126.2147 728.7485 728.7485 672.5565 103.0921 290.4724 184.3937 198.4898 310.9327 1101.067 296.1955 421.1133 258.422 111.7314 358.2773 172.0048 228.4851 1112.5364;
	3.6933 49.9052 86.5026 109.658 14.4784 29.7653 23.4347 12.5713 25.9676 28.8717 53.3688 79.6158 119.8611 64.1248 196.402 73.9933 91.8065 97.2875 86.0095 69.2591 7.8116 69.4523 70.1587 82.2939 95.2554 58.5858 10.0877 1128.5484 711.3474 711.3474 665.6939 98.7724 286.6982 178.2731 201.04 303.5082 1076.4778 298.1248 411.0945 255.1485 113.4596 330.1962 173.9432 213.6042 1087.6911;
