function solarprofile = ex_solar_profilesh1
%EX_WIND_PROFILE_D  Example wind_load_nyiso profile data for deterministic unit commitment.
% 2022.03.12
% Andres F. Ramirez


%% define constants
[GEN_BUS, PG, QG, QMAX, QMIN, VG, MBASE, GEN_STATUS, PMAX, PMIN, ...
    MU_PMAX, MU_PMIN, MU_QMAX, MU_QMIN, PC1, PC2, QC1MIN, QC1MAX, ...
    QC2MIN, QC2MAX, RAMP_AGC, RAMP_10, RAMP_30, RAMP_Q, APF] = idx_gen;
[CT_LABEL, CT_PROB, CT_TABLE, CT_TBUS, CT_TGEN, CT_TBRCH, CT_TAREABUS, ...
    CT_TAREAGEN, CT_TAREABRCH, CT_ROW, CT_COL, CT_CHGTYPE, CT_REP, ...
    CT_REL, CT_ADD, CT_NEWVAL, CT_TLOAD, CT_TAREALOAD, CT_LOAD_ALL_PQ, ...
    CT_LOAD_FIX_PQ, CT_LOAD_DIS_PQ, CT_LOAD_ALL_P, CT_LOAD_FIX_P, ...
    CT_LOAD_DIS_P, CT_TGENCOST, CT_TAREAGENCOST, CT_MODCOST_F, ...
    CT_MODCOST_X] = idx_ct;

solarprofile = struct( ...
    'type', 'mpcData', ...
    'table', CT_TGEN, ...
    'rows', [1:12], ...
    'col', PMAX, ...
    'chgtype', 1, ...
    'values', [] );
solarprofile.values(:,1,:) = [
	0.0 0.0 0.0 0.0 0.0 0.0 0.0 0.0 0.0 0.0 0.0 0.0;
	0.0 0.0 0.0 0.0 0.0 0.0 0.0 0.0 0.0 0.0 0.0 0.0;
	0.0 0.0 0.0 0.0 0.0 0.0 0.0 0.0 0.0 0.0 0.0 0.0;
	0.0 0.0 0.0 0.0 0.0 0.0 0.0 0.0 0.0 0.0 0.0 0.0;
	0.0 0.0 0.0 0.0 0.0 0.0 0.0 0.0 0.0 0.0 0.0 0.0;
	0.0 0.0 0.002 0.0 0.0 0.0 0.0 0.0 0.0 0.0 0.0 0.0;
	8.5913 7.1978 6.1362 4.5244 3.9957 61.6836 7.7105 44.2917 31.495 70.3336 39.3884 127.3745;
	19.7083 15.9221 12.0806 6.9903 10.6752 369.8526 46.2316 72.3434 90.7357 333.9183 142.4761 604.7281;
	24.0424 16.7687 13.8 9.802 12.3029 411.607 51.4509 74.1737 129.1738 350.3659 227.8667 634.5148;
	26.5696 16.6981 13.8 10.8856 10.2087 363.7216 45.4652 66.3193 169.283 349.7356 223.4712 633.3733;
	26.4012 16.6083 13.8026 10.9499 9.7325 362.5072 45.3134 65.1046 170.2735 337.3814 221.4856 610.9998;
	26.334 16.6083 13.8 9.6968 8.4462 367.9469 45.9934 65.7816 179.1739 321.9501 223.0034 583.0535;
	23.3804 16.2942 9.3571 3.8151 8.3587 401.8788 50.2349 71.654 193.606 237.8099 176.7179 430.6751;
	19.2731 16.1795 6.166 3.7345 8.8192 411.6356 51.4544 74.1498 204.5164 232.2065 153.6393 420.5274;
	13.8512 10.974 2.3736 2.6154 8.7161 400.2027 50.0253 72.5468 213.2901 174.7794 118.2688 316.5266;
	9.0522 5.1822 4.4941 4.9673 4.8753 292.9229 36.6154 46.5322 198.3962 69.7324 58.3298 126.2857;
	0.7692 0.5902 0.4233 1.3624 2.4578 69.7139 8.7142 8.7943 29.3224 20.7906 19.6216 37.6518;
	0.0 0.0 0.0 0.0 0.0 0.0 0.0 0.0 0.0 0.0 0.0 0.0;
	0.0 0.0 0.0 0.0 0.0 0.0 0.0 0.0 0.0 0.0 0.0 0.0;
	0.0 0.0 0.0 0.0 0.0 0.0 0.0 0.0 0.0 0.0 0.0 0.0;
	0.0 0.0 0.0 0.0 0.0 0.0 0.0 0.0 0.0 0.0 0.0 0.0;
	0.0 0.0 0.0 0.0 0.0 0.0 0.0 0.0 0.0 0.0 0.0 0.0;
	0.0 0.0 0.0 0.0 0.0 0.0 0.0 0.0 0.0 0.0 0.0 0.0;
	0.0 0.0 0.0 0.0 0.0 0.0 0.0 0.0 0.0 0.0 0.0 0.0;
];
