function loadprofile = ex_load_profilesh1
%EX_LOAD_PROFILE  Example load profile data file for stochastic unit commitment.
% 2022.03.12
% Andres F. Ramirez

%% define constants
[CT_LABEL, CT_PROB, CT_TABLE, CT_TBUS, CT_TGEN, CT_TBRCH, CT_TAREABUS, ...
    CT_TAREAGEN, CT_TAREABRCH, CT_ROW, CT_COL, CT_CHGTYPE, CT_REP, ...
    CT_REL, CT_ADD, CT_NEWVAL, CT_TLOAD, CT_TAREALOAD, CT_LOAD_ALL_PQ, ...
    CT_LOAD_FIX_PQ, CT_LOAD_DIS_PQ, CT_LOAD_ALL_P, CT_LOAD_FIX_P, ...
    CT_LOAD_DIS_P, CT_TGENCOST, CT_TAREAGENCOST, CT_MODCOST_F, ...
    CT_MODCOST_X] = idx_ct;

loadprofile = struct( ...
    'type', 'mpcData', ...
    'table', CT_TAREALOAD, ...
    'rows', [1:11], ...
    'col', CT_LOAD_ALL_P, ...
    'chgtype', 1, ...
    'values', [] );
loadprofile.values(:,1,:) = [
	1592.6349 911.3193 1642.3676 457.0447 709.0287 1029.785 812.6437 265.162 378.777 4268.4 1421.0783;
	1558.629 905.0691 1616.8611 469.2565 713.8308 1048.5486 834.5481 266.7946 444.3457 4356.2837 1522.8934;
	1569.766 928.8 1671.6005 500.6017 735.9 1078.2319 856.89 279.9869 465.8642 4410.6539 1584.5027;
	1659.2665 999.1 1767.9319 490.6776 780.7211 1142.5261 901.4896 294.0 491.3898 4607.4406 1706.2246;
	1809.0101 1144.4684 2016.4576 520.0498 911.6853 1275.6505 1004.5 340.3642 588.8299 5210.1765 1936.9823;
	1943.6361 1239.773 2116.2577 539.0316 965.7968 1369.0948 1058.3842 377.7 649.2741 5762.6367 2071.1764;
	1983.8004 1260.0363 2132.6666 540.3026 984.3181 1386.4305 1086.4 376.3675 671.3459 6065.3815 2034.9023;
	2022.3865 1272.6 2118.258 552.6402 962.2933 1398.6031 1077.0719 372.273 667.5 6334.6279 2104.0283;
	2033.4943 1277.5101 2185.8691 544.9112 984.6859 1380.7205 1062.432 370.4 673.1404 6378.5263 2088.5786;
	1999.8541 1265.1776 2129.8588 548.6287 970.0115 1331.5833 1020.8 371.7423 638.4504 6336.553 2000.4605;
	1959.5635 1260.4206 2139.7477 542.5862 983.3475 1302.1255 1016.3544 368.8799 654.8115 6450.2675 2029.944;
	1959.6032 1261.2592 2113.2463 538.7592 974.0929 1292.5712 1016.1343 371.3553 638.6418 6375.0294 1995.1116;
	1938.9687 1260.146 2104.1092 532.4181 932.5591 1253.4035 1068.8639 377.2193 643.3124 6546.3549 2080.3948;
	1925.2675 1242.622 2023.0 530.8168 883.8013 1222.2773 1062.1056 354.6429 652.0782 6620.1978 2096.2691;
	1929.6054 1274.8776 2100.4523 550.709 931.6995 1255.5144 1063.1206 372.2015 674.3626 6766.6812 2148.862;
	1902.3581 1240.6216 2132.6411 573.7032 963.7403 1199.3324 1082.5016 367.2 686.5016 6686.4417 2231.8364;
	1866.1126 1232.5 2188.7759 572.3553 991.251 1243.3587 1126.0657 385.8709 702.4291 6808.5758 2396.7299;
	1889.8771 1276.367 2266.8302 584.6933 1028.3741 1337.6675 1189.5146 406.1811 726.5253 6990.0461 2502.2449;
	1895.1416 1244.136 2162.4956 582.4969 996.0829 1341.628 1180.684 384.5131 707.8781 6768.6432 2459.2179;
	1852.528 1203.3264 2108.3758 567.1204 955.6439 1364.0942 1163.3673 389.4396 695.5162 6666.4077 2346.3534;
	1785.027 1117.0329 1931.5461 528.4885 903.5919 1286.4632 1100.6776 353.5876 651.7979 6359.9328 2176.0826;
	1691.2754 1040.0106 1812.5 501.47 846.7682 1192.1 1032.7102 334.666 589.8 5917.9711 2006.1615;
	1602.0314 989.3394 1709.9241 528.9047 805.8165 1148.3 957.9139 302.7 550.9 5451.8356 1861.4195;
	1633.1831 985.078 1714.0009 532.1607 817.9561 1120.5428 908.1062 284.0631 525.8069 5091.907 1766.361;
];
