function loadprofile = ex_load_profilesh1
%EX_LOAD_PROFILE  Example load profile data file for stochastic unit commitment.
% 2022.03.12
% Andres F. Ramirez

%% define constants
[CT_LABEL, CT_PROB, CT_TABLE, CT_TBUS, CT_TGEN, CT_TBRCH, CT_TAREABUS, ...
    CT_TAREAGEN, CT_TAREABRCH, CT_ROW, CT_COL, CT_CHGTYPE, CT_REP, ...
    CT_REL, CT_ADD, CT_NEWVAL, CT_TLOAD, CT_TAREALOAD, CT_LOAD_ALL_PQ, ...
    CT_LOAD_FIX_PQ, CT_LOAD_DIS_PQ, CT_LOAD_ALL_P, CT_LOAD_FIX_P, ...
    CT_LOAD_DIS_P, CT_TGENCOST, CT_TAREAGENCOST, CT_MODCOST_F, ...
    CT_MODCOST_X] = idx_ct;

loadprofile = struct( ...
    'type', 'mpcData', ...
    'table', CT_TAREALOAD, ...
    'rows', [1:11], ...
    'col', CT_LOAD_ALL_P, ...
    'chgtype', 1, ...
    'values', [] );
loadprofile.values(:,1,:) = [
	1500.4815 930.6026 1594.0881 513.2 814.0 1158.5299 924.8982 267.0474 506.8521 4412.0876 1706.491;
	1515.6549 936.6669 1595.911 515.0638 822.9229 1167.3576 903.0142 267.1 501.4319 4338.0 1708.7591;
	1536.8497 961.4711 1637.9727 507.422 807.8229 1187.3834 917.7452 264.7 520.3642 4396.1425 1727.0094;
	1601.2096 1032.5151 1745.4734 547.8643 867.7971 1275.1148 953.9946 286.3894 543.9506 4603.4166 1829.5;
	1717.1132 1163.4676 1934.538 585.7794 994.0925 1423.3156 1086.1055 331.7954 638.8095 5253.9214 2089.7341;
	1858.3 1258.4419 2065.1658 623.261 1070.2 1505.0929 1166.193 357.7 702.0 5838.4675 2299.0474;
	1891.0765 1267.4925 2088.0547 599.0503 1092.8291 1507.7309 1193.606 348.0283 720.8207 6233.2069 2369.4209;
	1927.0959 1275.8072 2107.3926 592.4569 1104.8171 1540.33 1223.3725 346.0052 716.5793 6496.0337 2397.6548;
	1929.0466 1295.8789 2151.1407 594.5193 1112.1755 1550.7313 1275.5254 334.6111 726.1166 6712.6779 2471.412;
	1950.627 1316.767 2144.8 590.3 1122.9599 1556.4168 1304.9228 322.9014 758.5357 6859.8369 2560.4241;
	1990.1705 1311.2075 2121.0 572.0556 1070.5774 1511.8701 1214.5005 271.6412 704.7 6561.6754 2420.2204;
	2013.3244 1343.3621 2138.8169 569.8 1070.8912 1523.4986 1276.4095 292.622 728.8491 6666.2938 2431.6307;
	2077.4626 1353.6056 2101.8708 573.7481 1044.2325 1440.1735 1253.8719 289.0 724.7079 6624.0825 2445.1999;
	1986.2536 1299.1431 2107.074 572.813 1022.1412 1440.7901 1275.7671 289.8131 744.9236 6558.7544 2476.7497;
	1979.5635 1305.6382 2147.9146 581.6863 1040.484 1475.3658 1316.2339 315.4445 749.2935 6860.9782 2575.5659;
	1954.2599 1308.5416 2160.1714 585.3656 1070.1696 1475.4402 1304.6576 331.6939 727.5252 6635.0016 2543.2759;
	1992.3044 1289.9255 2188.9049 597.627 1107.0545 1550.3234 1342.3 365.2291 743.3773 6873.9633 2703.4758;
	2054.9152 1351.2 2282.408 600.5453 1148.0239 1626.1576 1396.9406 407.7 811.4228 6996.4744 2981.5651;
	2042.7619 1342.8584 2264.1688 594.057 1098.9349 1585.7988 1372.0558 380.1595 784.6543 6925.0533 2859.9188;
	2007.4873 1244.4465 2102.549 584.2656 1041.0 1497.4749 1285.9758 365.1 740.9833 6697.6269 2619.0262;
	1904.648 1169.5 1998.3681 556.3898 958.1722 1382.9 1188.9304 337.6456 674.194 6344.2815 2434.5195;
	1735.3485 1087.6 1908.8266 534.2088 921.2764 1314.2416 1065.0714 311.8 612.0732 5895.3424 2217.9219;
	1601.0947 990.7162 1756.6869 559.5467 842.7038 1180.7956 967.0162 268.0305 558.388 5067.7441 1995.5762;
	1544.4589 968.9 1735.6398 577.7 851.1631 1222.1258 951.5891 266.2415 529.384 4842.1545 1920.8526;
];
