function loadprofile = ex_load_profilesh1
%EX_LOAD_PROFILE  Example load profile data file for stochastic unit commitment.
% 2022.03.12
% Andres F. Ramirez

%% define constants
[CT_LABEL, CT_PROB, CT_TABLE, CT_TBUS, CT_TGEN, CT_TBRCH, CT_TAREABUS, ...
    CT_TAREAGEN, CT_TAREABRCH, CT_ROW, CT_COL, CT_CHGTYPE, CT_REP, ...
    CT_REL, CT_ADD, CT_NEWVAL, CT_TLOAD, CT_TAREALOAD, CT_LOAD_ALL_PQ, ...
    CT_LOAD_FIX_PQ, CT_LOAD_DIS_PQ, CT_LOAD_ALL_P, CT_LOAD_FIX_P, ...
    CT_LOAD_DIS_P, CT_TGENCOST, CT_TAREAGENCOST, CT_MODCOST_F, ...
    CT_MODCOST_X] = idx_ct;

loadprofile = struct( ...
    'type', 'mpcData', ...
    'table', CT_TAREALOAD, ...
    'rows', [1:11], ...
    'col', CT_LOAD_ALL_P, ...
    'chgtype', 1, ...
    'values', [] );
loadprofile.values(:,1,:) = [
	1564.4566 1063.9889 1741.1578 575.7993 805.9607 1064.3597 811.7116 250.0 525.3595 4425.4769 1663.6092;
	1551.5359 1037.0578 1753.1758 574.8002 803.5773 1074.4918 814.3034 255.2932 530.8 4406.5208 1666.6634;
	1578.6912 1043.8663 1758.2596 610.6603 799.704 1061.0307 821.1 255.5676 520.5 4392.4392 1674.735;
	1659.4246 1090.4999 1907.5974 607.2917 862.7087 1142.6541 887.7992 290.7876 559.6738 4703.7535 1806.444;
	1792.7016 1207.8339 2041.7571 629.7 985.4632 1316.6731 990.6109 329.9 627.4717 5255.5855 2044.9;
	1864.4 1262.6246 2127.2 643.3722 1050.8306 1389.8398 1058.7305 354.9 690.0032 5810.3736 2211.6672;
	1866.0648 1260.626 2155.0714 629.8 1069.226 1383.8188 1098.7125 354.2381 694.9966 6219.9727 2275.0013;
	1910.4581 1265.1 2141.4962 621.4535 1102.1559 1365.9796 1111.7 357.8874 717.7509 6429.9595 2288.9489;
	1954.6 1294.9544 2123.9207 608.2417 1094.6637 1410.7444 1124.5015 360.6737 714.7303 6528.5544 2306.8886;
	1947.7849 1292.3262 2103.8324 613.2968 1094.6278 1480.9708 1113.5648 357.8834 714.3548 6491.0066 2314.3159;
	1945.9 1269.4627 2099.1096 589.9241 1068.6817 1432.235 1103.0104 353.5057 704.386 6544.0108 2266.8211;
	1929.0359 1266.3446 2068.3202 593.7747 1081.1675 1417.2 1102.7551 340.206 684.6 6408.0 2223.8;
	1890.3 1234.0489 2032.9424 575.8 1076.0426 1348.7421 1085.5 334.832 686.0559 6412.2721 2232.5355;
	1837.8315 1221.6527 2028.0728 578.2112 1061.254 1372.3498 1108.1946 351.3205 683.8681 6517.6075 2269.3296;
	1858.39 1188.904 1962.8678 571.0 1079.6272 1360.1139 1066.0275 348.3 675.6648 6433.8866 2255.8017;
	1867.0478 1197.1676 1995.9191 592.5767 1122.0752 1377.3151 1106.9099 370.9333 680.8149 6492.7229 2333.4946;
	1888.531 1194.6658 1988.7834 595.8213 1087.7099 1368.0729 1082.7074 374.9735 683.8312 6301.516 2367.1197;
	1912.0965 1248.2803 2063.0427 609.5717 1123.3356 1418.5773 1145.3424 406.2009 736.0586 6347.9369 2475.0491;
	1876.9621 1247.1063 2053.5991 600.3138 1087.8891 1395.6719 1123.1134 401.459 716.8 6247.519 2467.1041;
	1857.9266 1210.5977 2012.6476 600.3292 1048.5861 1376.5129 1128.0505 378.4 695.0921 6068.0034 2434.0059;
	1785.1128 1150.0115 1896.5534 572.6668 975.7875 1280.7231 1060.5922 350.3695 642.617 5681.2593 2239.2813;
	1683.2 1084.1 1812.5 555.4335 911.4 1219.3131 1001.9352 327.8363 591.9 5244.5848 2062.3342;
	1655.8965 1049.341 1771.7179 574.3 838.7751 1176.3 919.3101 306.7043 553.9253 4957.582 1967.7001;
	1620.3898 1009.0 1756.0 579.4141 834.6178 1123.1 865.1725 283.4 536.4 4713.1533 1826.2389;
];
