function loadprofile = ex_load_profilesh1
%EX_LOAD_PROFILE  Example load profile data file for stochastic unit commitment.
% 2022.03.12
% Andres F. Ramirez

%% define constants
[CT_LABEL, CT_PROB, CT_TABLE, CT_TBUS, CT_TGEN, CT_TBRCH, CT_TAREABUS, ...
    CT_TAREAGEN, CT_TAREABRCH, CT_ROW, CT_COL, CT_CHGTYPE, CT_REP, ...
    CT_REL, CT_ADD, CT_NEWVAL, CT_TLOAD, CT_TAREALOAD, CT_LOAD_ALL_PQ, ...
    CT_LOAD_FIX_PQ, CT_LOAD_DIS_PQ, CT_LOAD_ALL_P, CT_LOAD_FIX_P, ...
    CT_LOAD_DIS_P, CT_TGENCOST, CT_TAREAGENCOST, CT_MODCOST_F, ...
    CT_MODCOST_X] = idx_ct;

loadprofile = struct( ...
    'type', 'mpcData', ...
    'table', CT_TAREALOAD, ...
    'rows', [1:11], ...
    'col', CT_LOAD_ALL_P, ...
    'chgtype', 1, ...
    'values', [] );
loadprofile.values(:,1,:) = [
	1489.6262 885.5 1528.4794 558.5801 691.3104 1083.8 869.9715 227.5431 496.9641 4442.6148 1687.8951;
	1517.7971 902.6 1533.6055 559.5615 707.327 1092.2 877.1087 236.6228 496.9653 4421.2198 1706.3452;
	1521.3 920.5 1589.616 550.8 735.1261 1130.6504 888.2823 237.4 488.8 4429.2984 1686.0069;
	1588.7072 1004.4 1730.504 557.9283 745.2911 1196.5 945.5213 269.8519 535.1599 4708.6294 1809.0;
	1731.0362 1137.2227 1949.9297 603.7 912.0 1339.2453 1044.0965 301.1 625.6387 5236.0995 2037.6201;
	1845.8306 1204.9166 2093.623 617.358 1006.7 1454.242 1117.6716 336.9563 690.4 5771.4931 2190.3754;
	1880.1015 1207.7 2134.3146 607.8179 1043.1549 1473.1923 1152.4447 348.597 716.3236 6182.3 2268.8493;
	1892.9852 1221.2535 2126.2727 613.893 1053.1 1486.8793 1159.3803 356.3599 707.8009 6352.734 2242.2069;
	1966.1 1218.6284 2133.4523 612.7446 1037.8856 1413.3814 1143.1296 335.0598 696.3623 6423.5357 2278.9031;
	1971.4123 1224.5289 2122.5151 593.1719 985.4494 1400.8269 1145.4342 325.6 681.4 6425.5075 2264.5662;
	1935.2293 1216.0688 2111.6864 586.7 941.5256 1394.1244 1160.1872 333.5946 698.9711 6445.5239 2276.8;
	1883.7867 1189.706 2050.5101 567.9894 909.3443 1369.2 1103.2513 308.5718 674.0 6293.3127 2142.5449;
	1858.5187 1175.569 2007.5506 554.6079 899.9827 1318.42 1090.1668 311.6258 669.549 6274.3452 2131.0;
	1810.266 1196.5951 1999.349 561.5 895.7119 1323.2827 1063.3982 304.2 655.9137 6241.5 2123.7462;
	1736.7148 1183.5739 1999.4416 578.5 916.4475 1318.7163 1063.2924 306.5634 655.1829 6221.999 2166.7237;
	1783.0788 1200.3662 1994.5725 587.9057 887.8416 1368.2 1090.6216 302.4 686.2219 6317.2043 2278.2082;
	1789.5055 1187.439 1996.3886 599.3 914.8039 1416.1317 1117.2017 279.2022 691.7 6159.5 2303.1412;
	1840.574 1217.1042 2063.5645 624.6909 972.351 1432.6849 1134.8888 290.4444 693.0482 6090.5446 2385.2892;
	1902.056 1228.396 2048.5615 620.4 967.7629 1444.8792 1134.6365 314.4687 693.1232 6053.1196 2390.1417;
	1821.7532 1139.7802 1910.5209 599.7 902.8463 1323.3551 1098.3173 303.1373 651.2294 5895.9392 2286.1;
	1721.8604 1025.8682 1772.051 570.4427 834.9 1240.1833 1008.6846 243.2874 602.4628 5527.8543 2051.9692;
	1633.6226 988.3767 1683.6909 562.2 761.9442 1166.6248 935.7949 215.5062 566.1304 5117.3783 1906.1527;
	1591.3059 909.8813 1559.2 539.0609 733.2029 1067.2554 877.475 231.1267 486.2936 4929.3582 1718.0119;
	1587.9 939.1845 1593.4177 565.0695 710.6109 1077.1244 889.7207 234.2479 482.4273 4757.5619 1699.7759;
];
