function loadprofile = ex_load_profilesh1
%EX_LOAD_PROFILE  Example load profile data file for stochastic unit commitment.
% 2022.03.12
% Andres F. Ramirez

%% define constants
[CT_LABEL, CT_PROB, CT_TABLE, CT_TBUS, CT_TGEN, CT_TBRCH, CT_TAREABUS, ...
    CT_TAREAGEN, CT_TAREABRCH, CT_ROW, CT_COL, CT_CHGTYPE, CT_REP, ...
    CT_REL, CT_ADD, CT_NEWVAL, CT_TLOAD, CT_TAREALOAD, CT_LOAD_ALL_PQ, ...
    CT_LOAD_FIX_PQ, CT_LOAD_DIS_PQ, CT_LOAD_ALL_P, CT_LOAD_FIX_P, ...
    CT_LOAD_DIS_P, CT_TGENCOST, CT_TAREAGENCOST, CT_MODCOST_F, ...
    CT_MODCOST_X] = idx_ct;

loadprofile = struct( ...
    'type', 'mpcData', ...
    'table', CT_TAREALOAD, ...
    'rows', [1:11], ...
    'col', CT_LOAD_ALL_P, ...
    'chgtype', 1, ...
    'values', [] );
loadprofile.values(:,1,:) = [
	1463.538 904.3 1513.6353 564.7113 756.0 1045.9077 850.2 289.5368 508.8537 4522.0943 1760.0388;
	1496.8034 929.4282 1513.9236 554.716 747.8 1056.8774 843.3303 262.777 492.6466 4496.291 1708.4075;
	1477.814 930.9 1543.033 563.2 763.0 1076.0591 865.5 270.6348 500.2104 4486.5558 1701.9;
	1537.2423 998.511 1620.6882 570.0393 825.2482 1158.2 916.7919 298.4 542.0 4786.2921 1830.9404;
	1699.3 1124.0 1889.439 590.666 972.8616 1287.4857 1013.1142 343.0007 617.7694 5243.373 2065.9082;
	1805.4725 1212.3125 2034.0885 614.0 1073.4062 1378.8955 1092.4594 378.1 698.0962 5894.7694 2314.2634;
	1808.1 1253.3838 2105.5348 584.6 1119.6488 1402.4417 1105.1103 367.3927 701.0059 6156.6387 2359.5349;
	1823.1856 1271.4585 2110.862 589.2929 1110.1241 1413.9109 1097.1915 366.6052 698.9 6351.3645 2301.1;
	1845.2034 1286.3737 2148.5801 583.4 1115.9986 1405.27 1051.6726 374.0 682.2378 6360.6674 2249.4119;
	1834.4975 1297.6027 2130.1649 578.2 1102.8624 1358.4391 1010.7084 357.7146 663.6709 6163.3997 2122.8226;
	1806.9891 1271.9023 2105.7 573.6067 1079.0118 1398.654 1006.311 352.4433 659.0251 6218.9121 2113.7224;
	1806.4939 1250.9 2027.3721 556.8529 1039.1 1334.617 937.4453 341.6403 645.2916 6194.045 1928.0624;
	1795.4853 1250.5496 2046.5881 537.5 998.1393 1334.6687 966.7102 345.3943 664.6 6316.549 2009.3932;
	1813.8622 1286.4152 2082.0969 535.1843 988.1 1343.6318 995.989 331.3277 661.8843 6226.211 2047.3375;
	1845.7 1307.7971 2102.8774 545.0377 988.2481 1381.2209 1023.3751 341.8947 679.3 6340.0384 2119.6821;
	1833.9576 1311.5792 2072.0506 561.3743 1003.3161 1387.8834 1047.7604 344.0 689.3524 6291.9043 2121.8174;
	1806.6007 1280.9685 2015.4 573.0939 1023.4851 1417.0 1024.3097 363.9571 677.1666 6029.0375 1972.3567;
	1911.404 1341.4626 2103.4621 597.6346 1047.6519 1489.2159 1114.1655 385.6664 696.3268 6121.4557 2298.6679;
	1956.1146 1353.9914 2101.2122 618.2727 1043.4113 1458.9378 1102.0883 390.2453 680.9568 6068.7537 2326.8763;
	1848.0314 1265.0695 1970.6 586.5065 994.9966 1375.4255 1046.1203 367.3681 648.5438 5870.734 2064.9577;
	1790.1 1195.1001 1855.7289 564.3921 908.8 1272.3 996.8709 334.0008 571.1159 5508.4585 1912.5093;
	1664.5963 1084.6017 1708.3462 557.0291 829.0337 1173.4298 946.2188 310.2999 548.3372 5091.2635 1827.8202;
	1568.8841 1040.4011 1692.7195 561.5067 817.8484 1148.3 919.2408 293.7177 535.8 4824.6972 1827.7114;
	1549.5505 997.997 1633.6 559.2671 807.0 1131.2029 907.7 262.4323 521.3282 4669.439 1780.5495;
];
