function loadprofile = ex_load_profilesh1
%EX_LOAD_PROFILE  Example load profile data file for stochastic unit commitment.
% 2022.03.12
% Andres F. Ramirez

%% define constants
[CT_LABEL, CT_PROB, CT_TABLE, CT_TBUS, CT_TGEN, CT_TBRCH, CT_TAREABUS, ...
    CT_TAREAGEN, CT_TAREABRCH, CT_ROW, CT_COL, CT_CHGTYPE, CT_REP, ...
    CT_REL, CT_ADD, CT_NEWVAL, CT_TLOAD, CT_TAREALOAD, CT_LOAD_ALL_PQ, ...
    CT_LOAD_FIX_PQ, CT_LOAD_DIS_PQ, CT_LOAD_ALL_P, CT_LOAD_FIX_P, ...
    CT_LOAD_DIS_P, CT_TGENCOST, CT_TAREAGENCOST, CT_MODCOST_F, ...
    CT_MODCOST_X] = idx_ct;

loadprofile = struct( ...
    'type', 'mpcData', ...
    'table', CT_TAREALOAD, ...
    'rows', [1:11], ...
    'col', CT_LOAD_ALL_P, ...
    'chgtype', 1, ...
    'values', [] );
loadprofile.values(:,1,:) = [
	1498.2793 895.8 1643.6 547.6867 775.4998 1064.3021 824.9189 237.0567 493.3722 4273.6609 1591.4484;
	1481.7358 902.1229 1661.2368 543.6048 791.6101 1063.9044 832.3168 249.0105 499.633 4335.4498 1620.6252;
	1533.7548 935.7 1675.2089 559.3123 812.5 1118.6051 840.7081 251.984 502.7613 4363.6 1664.0165;
	1593.0792 991.7939 1752.3481 564.0171 840.299 1159.1435 897.4299 269.3003 536.7 4593.7624 1777.9418;
	1744.7378 1094.831 1908.8038 581.9 972.5275 1296.7116 1000.6728 312.5 616.5 5230.2803 2046.9;
	1835.6 1169.0661 2026.5674 605.6031 1039.3362 1411.6059 1057.5548 330.1 681.9242 5750.0647 2176.6451;
	1871.5537 1181.5311 2051.7043 610.0 1044.7902 1440.3085 1068.2296 351.3 680.8 6112.3499 2206.9307;
	1925.193 1192.3058 2070.3349 578.0 1061.2 1440.0281 1052.5 343.9522 675.9 6306.8358 2160.534;
	1921.827 1172.6441 2072.4322 594.2 1065.3483 1413.1189 1007.3106 341.5499 688.8224 6393.4402 2162.2463;
	1994.4038 1201.9338 2118.8095 589.1044 1081.3 1491.4084 1045.5791 360.979 676.3519 6522.6645 2266.6;
	1906.6323 1190.6782 2081.0796 586.1866 1077.0192 1497.3113 1050.6195 349.9441 673.4372 6454.5145 2210.9703;
	1883.4912 1169.3837 2045.4502 591.5431 1047.2451 1439.1109 1003.1302 327.5 674.1516 6342.2565 2177.8603;
	1821.1509 1119.9791 1935.3246 597.2386 1029.4653 1416.0636 1016.8 329.0099 664.58 6336.0375 2106.5956;
	1780.9357 1115.0072 1917.3859 589.9 981.2726 1414.1817 998.7198 339.6 641.0625 6311.7526 2063.8526;
	1788.6838 1061.4165 1907.5143 588.9 989.9873 1443.097 1026.524 349.0397 661.4255 6453.6256 2256.557;
	1806.5009 1076.1614 1925.0847 607.7512 990.4555 1501.5808 1060.6 338.3849 675.6349 6284.1019 2259.1;
	1821.7918 1147.9664 1991.4999 616.8255 1037.6825 1526.6479 1104.0154 368.8621 700.1544 6105.5566 2360.1289;
	1929.6401 1227.3378 2071.5008 612.8689 1078.0236 1573.1919 1160.0458 399.3462 717.8164 6211.2191 2523.5998;
	1923.9859 1196.5326 2033.7834 602.1599 1019.111 1500.3839 1112.257 385.2525 709.0389 6085.3788 2448.9807;
	1841.1 1121.4041 1961.1392 591.2861 1004.729 1449.7376 1087.8275 373.7 686.2507 5960.202 2337.1;
	1778.5429 1068.5111 1844.2352 582.7546 948.4 1327.7852 1008.1075 341.7 631.6575 5687.7 2154.1672;
	1628.6593 1002.5417 1715.318 573.0 901.5115 1255.4297 940.8064 301.4118 568.1748 5160.2463 1945.3;
	1561.968 914.1404 1571.431 565.8601 846.4264 1153.2914 885.9777 258.5858 525.4171 4860.0229 1825.0744;
	1545.6516 896.8854 1603.6942 579.5 848.7914 1134.1 855.0873 251.3668 508.1046 4546.996 1752.7419;
];
