function windprofile = ex_wind_profilesh1
%EX_WIND_PROFILE_D  Example wind_load_nyiso profile data for deterministic unit commitment.
% 2022.03.12
% Andres F. Ramirez


%% define constants
[GEN_BUS, PG, QG, QMAX, QMIN, VG, MBASE, GEN_STATUS, PMAX, PMIN, ...
    MU_PMAX, MU_PMIN, MU_QMAX, MU_QMIN, PC1, PC2, QC1MIN, QC1MAX, ...
    QC2MIN, QC2MAX, RAMP_AGC, RAMP_10, RAMP_30, RAMP_Q, APF] = idx_gen;
[CT_LABEL, CT_PROB, CT_TABLE, CT_TBUS, CT_TGEN, CT_TBRCH, CT_TAREABUS, ...
    CT_TAREAGEN, CT_TAREABRCH, CT_ROW, CT_COL, CT_CHGTYPE, CT_REP, ...
    CT_REL, CT_ADD, CT_NEWVAL, CT_TLOAD, CT_TAREALOAD, CT_LOAD_ALL_PQ, ...
    CT_LOAD_FIX_PQ, CT_LOAD_DIS_PQ, CT_LOAD_ALL_P, CT_LOAD_FIX_P, ...
    CT_LOAD_DIS_P, CT_TGENCOST, CT_TAREAGENCOST, CT_MODCOST_F, ...
    CT_MODCOST_X] = idx_ct;

windprofile = struct( ...
    'type', 'mpcData', ...
    'table', CT_TGEN, ...
    'rows', [1:45], ...
    'col', PMAX, ...
    'chgtype', 1, ...
    'values', [] );
windprofile.values(:,1,:) = [
	3.7139 50.1836 91.2432 107.0734 14.8552 33.2001 29.4107 18.8008 28.2614 31.0343 57.3665 85.5795 128.8395 67.5309 198.9268 74.9445 92.9867 98.5382 39.8664 71.5969 9.8036 77.4669 74.3307 87.1369 103.8704 75.4817 13.793 1113.5347 718.0529 718.0529 622.8277 111.443 132.8881 184.2906 211.7186 306.3692 1132.2008 238.1011 478.0764 278.2243 114.8753 368.2998 149.3092 258.0437 1143.9945;
	3.6833 49.7695 92.9261 116.4616 14.5143 32.1098 29.0883 18.6678 28.0351 30.5249 56.4248 84.1748 126.7246 69.0551 198.0242 74.6045 92.5648 98.091 35.6076 73.1648 9.6961 74.9229 71.6981 88.5295 103.953 75.1728 13.592 1145.7585 726.0419 726.0419 593.6508 108.7401 118.6919 188.3263 216.497 309.7779 1164.1005 236.0307 472.245 278.4456 117.4871 356.2051 140.9135 265.8698 1176.2265;
	3.6711 49.6053 91.926 65.0097 14.6253 33.5689 28.3962 18.2648 28.2316 30.5609 56.4914 84.2741 126.8742 68.1481 203.9491 76.8366 95.3344 101.026 37.3563 72.687 9.4654 78.3275 72.5545 87.8539 104.0297 73.4642 13.686 1139.3213 705.9663 705.9663 580.3541 106.5266 124.5211 187.0966 213.6536 301.2123 1188.8976 233.3315 464.2908 278.6509 117.2007 372.3911 134.7437 264.3371 1201.2819;
	3.6543 49.378 90.1123 80.7547 15.0035 33.6789 27.2897 18.0956 28.4746 30.7276 56.7994 84.7336 127.5659 67.9427 204.4491 77.025 95.5681 101.2736 44.3389 72.26 9.0966 78.584 68.6508 87.3174 102.2577 72.8979 13.5191 1214.4253 721.0324 721.0324 541.5149 90.8574 147.7963 185.9974 213.0095 307.6405 1135.1774 236.8999 468.802 273.9045 116.5417 373.6109 174.9731 261.1068 1147.0021;
	3.5883 48.4863 91.682 115.9007 14.8836 34.3886 23.6543 18.8811 28.3128 30.8912 57.102 85.185 128.2455 64.4234 193.8133 73.018 90.5965 96.0052 79.2112 70.9498 7.8848 80.2401 59.5647 86.852 103.8458 75.457 13.7059 1177.3745 644.9239 644.9239 502.6919 92.8579 264.0372 182.6251 201.9761 275.1675 1180.2347 239.4514 456.1418 278.1583 117.8987 381.4844 191.2062 257.2514 1192.5288;
	3.8762 52.3765 90.0696 116.0705 14.7086 34.9946 28.933 18.8361 28.3833 31.0716 57.4354 85.6823 128.9943 66.0095 197.815 74.5257 92.467 97.9874 88.0398 73.0484 9.6443 81.6542 73.0205 86.5712 103.7866 74.4972 13.8765 1274.8972 706.5392 706.5392 513.5524 93.3031 293.4659 188.0268 206.9486 301.4567 1146.7486 221.1748 470.2694 277.9999 119.2715 388.2072 200.3932 262.4643 1158.6939;
	3.8722 52.3219 92.8882 119.5687 14.7924 34.7149 30.5129 19.1604 28.3114 30.8303 56.9893 85.0168 127.9923 67.3151 197.0936 74.2539 92.1298 97.6301 89.3138 72.5848 10.171 81.0015 73.9596 89.2076 105.5826 76.4021 14.1024 1328.8309 724.2133 724.2133 581.7178 91.0791 297.7126 186.8334 211.0419 308.9977 1171.0632 237.945 476.8024 282.8106 124.0129 385.1042 204.2091 263.3883 1183.2618;
	3.7597 50.8019 92.489 118.5166 14.6225 34.7118 29.3706 19.0065 28.1701 30.5574 56.4849 84.2643 126.8594 67.447 198.7563 74.8803 92.907 98.4537 92.1784 72.302 9.7902 80.9942 72.9135 88.4171 106.6116 76.2707 13.9027 1234.817 700.2111 700.2111 561.1899 77.7331 307.2613 186.1055 211.4554 298.7567 1132.4408 232.0469 469.4915 285.5669 123.4983 385.0695 201.2486 266.831 1144.237;
	3.8017 51.3693 90.2457 114.2499 14.3091 34.6909 29.6214 18.543 27.4637 30.9626 57.2339 85.3818 128.5418 67.06 198.2621 74.6941 92.676 98.2089 92.0454 71.3606 9.8738 80.9454 71.8436 86.4334 105.2242 73.6716 13.6866 1216.5036 768.2461 768.2461 614.2774 76.7877 306.8181 183.6822 210.242 327.785 1193.2245 260.4382 473.6611 281.8505 122.3084 384.8375 177.1896 271.0705 1205.654;
	3.8668 52.2485 92.4808 114.3021 15.1516 35.0464 30.2442 18.8456 28.2137 31.1999 57.6726 86.0362 129.527 66.3749 196.269 73.9432 91.7443 97.2216 90.6383 70.7166 10.0814 81.7749 73.8303 88.042 105.8736 74.9644 13.9194 1212.6467 779.8193 779.8193 704.0736 92.1623 302.1277 182.0246 208.0943 332.7229 1180.5463 302.1685 479.0316 283.59 120.6645 388.7811 167.1975 275.1902 1192.8437;
	3.7823 51.107 90.5093 114.5781 14.5809 34.8722 28.7208 17.8127 28.1512 31.2509 57.7667 86.1766 129.7384 63.9112 196.3027 73.9559 91.7601 97.2383 88.4944 70.7883 9.5736 81.3684 73.5025 86.0281 102.3355 70.7688 13.1782 1208.1866 751.3272 751.3272 644.6635 92.8987 294.9814 182.2092 200.3702 320.5663 1083.0214 295.1725 478.7845 274.113 116.421 386.8487 168.6577 263.2593 1094.3028;
	3.824 51.6701 93.0889 116.1946 14.8929 34.8887 28.7434 18.2107 28.4549 31.2107 57.6925 86.0659 129.5717 65.6215 196.6891 74.1015 91.9407 97.4297 88.3498 70.983 9.5811 81.4069 74.4392 87.0286 105.3529 71.8775 13.5805 1137.9988 745.2321 745.2321 651.4365 94.761 294.4992 182.7105 205.7322 317.9657 1065.4349 283.785 478.6834 282.1953 116.7557 387.0318 186.5332 270.8529 1076.5332;
	3.7504 50.6757 92.7959 117.5573 14.8009 34.6511 30.2335 17.7152 28.4738 31.2565 57.7772 86.1922 129.7619 68.4486 201.8604 76.0497 94.358 99.9913 88.1825 72.3288 10.0778 80.8525 74.1541 87.2253 103.7716 71.0461 13.1418 1074.8735 752.0268 752.0268 681.0465 100.4796 293.9416 186.1745 214.5956 320.8648 963.0794 312.3958 479.152 277.9596 113.6887 384.396 161.946 263.5853 973.1114;
	3.6565 49.4079 95.232 117.6578 14.8401 34.3802 29.8095 17.9369 28.2084 31.1408 57.5632 85.873 129.2814 67.4831 199.4936 75.158 93.2516 98.8189 89.483 72.236 9.9365 80.2205 74.4587 87.7965 103.5876 70.7712 13.2419 1045.3972 704.0792 704.0792 720.1908 98.5028 298.2766 185.9356 211.5687 300.4071 945.6867 334.8168 468.819 277.4668 112.276 381.3914 148.1216 277.7973 955.5376;
	3.6309 49.062 92.8759 111.653 14.6717 32.9822 26.3218 17.7747 27.3097 31.2198 57.7094 86.0911 129.6096 67.6961 194.9899 73.4613 91.1464 96.588 86.6697 71.709 8.7739 76.9586 74.6731 88.0608 102.3199 71.6633 13.0778 1014.7645 666.7573 666.7573 680.7722 98.8585 288.8989 184.5792 212.2364 284.4831 846.3832 321.4182 460.5362 274.0711 112.2676 365.883 158.5465 254.893 855.1996;
	3.7063 50.0798 94.0915 115.2161 14.8885 33.7167 26.0078 17.6544 26.9048 30.8562 57.0373 85.0884 128.1001 66.9326 200.4784 75.5291 93.712 99.3067 87.5803 71.2474 8.6693 78.6724 74.8702 87.964 103.5201 73.0617 13.0935 1072.4975 681.8032 681.8032 638.8784 101.4712 291.9345 183.3909 209.8428 290.9027 892.9224 293.6333 446.949 277.2861 113.8842 374.0311 175.4556 252.8001 902.2237;
	3.5931 48.5502 90.1696 111.8851 14.687 33.578 25.0757 17.3141 25.9078 30.009 55.4711 82.752 124.5827 65.2007 200.233 75.4366 93.5973 99.1852 88.4682 71.2678 8.3586 78.3487 73.3128 86.3418 99.0671 71.085 11.9056 1031.7065 673.7895 673.7895 639.1795 99.4133 294.8941 183.4435 204.4129 287.4835 962.1277 288.4967 448.7006 265.3583 115.2962 372.4919 186.9826 234.2781 972.1499;
	3.8718 52.3166 94.3277 114.9966 15.2305 34.3771 26.6184 15.038 26.102 29.7932 55.0722 82.157 123.6868 68.515 197.2403 74.3091 92.1984 97.7028 90.4587 68.9024 8.8728 80.2133 71.8218 86.0156 102.7336 67.0001 11.3335 1243.4796 724.9708 724.9708 688.0459 101.6146 301.5289 177.3549 214.8038 309.3209 1138.9833 318.2538 467.864 275.1793 116.3601 381.3568 206.7249 262.5165 1150.8477;
