function loadprofile = ex_load_profilesh1
%EX_LOAD_PROFILE  Example load profile data file for stochastic unit commitment.
% 2022.03.12
% Andres F. Ramirez

%% define constants
[CT_LABEL, CT_PROB, CT_TABLE, CT_TBUS, CT_TGEN, CT_TBRCH, CT_TAREABUS, ...
    CT_TAREAGEN, CT_TAREABRCH, CT_ROW, CT_COL, CT_CHGTYPE, CT_REP, ...
    CT_REL, CT_ADD, CT_NEWVAL, CT_TLOAD, CT_TAREALOAD, CT_LOAD_ALL_PQ, ...
    CT_LOAD_FIX_PQ, CT_LOAD_DIS_PQ, CT_LOAD_ALL_P, CT_LOAD_FIX_P, ...
    CT_LOAD_DIS_P, CT_TGENCOST, CT_TAREAGENCOST, CT_MODCOST_F, ...
    CT_MODCOST_X] = idx_ct;

loadprofile = struct( ...
    'type', 'mpcData', ...
    'table', CT_TAREALOAD, ...
    'rows', [1:11], ...
    'col', CT_LOAD_ALL_P, ...
    'chgtype', 1, ...
    'values', [] );
loadprofile.values(:,1,:) = [
	1491.6 920.2 1662.1083 575.8498 815.4 1184.6701 858.5502 265.9 434.1249 4345.069 1610.4;
	1515.0219 937.6596 1705.3778 574.8787 829.5424 1175.2778 864.9308 272.1 440.6984 4328.64 1616.4;
	1546.1652 980.2794 1777.5194 568.9916 849.3296 1211.055 880.1 293.8409 473.2756 4415.7046 1675.7078;
	1640.9073 1035.8974 1874.3863 572.5 924.7389 1256.8451 919.8903 306.6 509.6244 4553.2135 1757.6677;
	1754.7387 1177.6804 2056.1407 607.0 1031.9608 1414.3025 1025.5 340.6682 576.5054 5074.6046 2000.3789;
	1867.492 1233.1579 2166.0 637.6083 1060.3832 1505.1674 1090.6778 364.6699 621.5829 5431.8879 2087.7813;
	1913.4358 1252.6337 2219.154 630.5806 1087.1893 1495.9968 1106.9967 372.4313 636.2895 5930.4342 2112.1767;
	1910.8403 1272.5644 2197.1841 619.3 1095.3387 1486.0208 1083.3 365.3 628.9671 6090.0159 2021.5807;
	1913.6203 1268.1891 2189.5019 612.0009 1075.7123 1528.0166 1094.4894 360.113 604.6333 6095.5 1954.3841;
	1957.0876 1277.3574 2194.1083 619.0651 1094.7822 1544.1469 1142.9463 344.5835 654.4395 6279.5088 1877.9983;
	1887.263 1249.2111 2134.7601 612.4118 1047.1122 1555.7378 1054.8612 316.532 636.4031 6194.5897 1699.8106;
	1869.6138 1238.2184 2110.0049 600.0892 1013.7 1553.9631 1053.6874 319.1455 630.6573 6148.3537 1757.6931;
	1807.0174 1237.0423 2125.6531 606.2659 1044.2741 1567.139 1062.806 332.7472 641.0913 6236.9742 1876.3548;
	1856.2746 1238.39 2090.6231 606.5686 1027.7265 1560.3358 1056.3889 334.7224 660.5 6324.0936 2089.1459;
	1836.7523 1239.5437 2150.8616 597.8068 1039.3402 1499.7514 1040.2402 340.1223 658.4383 6154.462 2123.5158;
	1859.8411 1224.6532 2159.3572 618.2375 1062.6999 1474.2041 1054.5315 336.4674 639.0837 6269.1108 2194.2;
	1840.6203 1249.8044 2101.6532 605.3303 1053.8856 1481.0853 1062.5038 338.7366 655.4253 6100.4128 2258.7391;
	1902.0085 1314.8 2204.5116 615.691 1093.5566 1537.1553 1153.1518 375.5 717.6 6266.0095 2407.7896;
	1919.7389 1283.1518 2186.2721 614.4508 1086.5141 1500.8739 1160.6599 384.1446 677.8257 6158.3561 2349.8722;
	1841.1 1213.1 2053.0032 611.4628 1033.3114 1449.0998 1121.4 376.0335 651.6 5855.4984 2109.4546;
	1756.2866 1138.0525 1937.4426 596.5398 963.8303 1326.6655 1047.4849 349.6 625.703 5557.3293 1937.7584;
	1659.2 1053.7 1836.1 591.2889 897.731 1257.5888 984.8354 309.7914 567.8435 5077.3047 1745.5218;
	1609.3313 993.3817 1769.3039 590.3001 887.4572 1263.3143 966.0 312.905 517.6305 4813.2965 1805.1;
	1605.7116 999.2522 1758.871 594.7 905.6508 1298.4745 961.3439 302.1263 498.0787 4623.3533 1749.7;
];
