function windprofile = ex_wind_profilesh1
%EX_WIND_PROFILE_D  Example wind_load_nyiso profile data for deterministic unit commitment.
% 2022.03.12
% Andres F. Ramirez


%% define constants
[GEN_BUS, PG, QG, QMAX, QMIN, VG, MBASE, GEN_STATUS, PMAX, PMIN, ...
    MU_PMAX, MU_PMIN, MU_QMAX, MU_QMIN, PC1, PC2, QC1MIN, QC1MAX, ...
    QC2MIN, QC2MAX, RAMP_AGC, RAMP_10, RAMP_30, RAMP_Q, APF] = idx_gen;
[CT_LABEL, CT_PROB, CT_TABLE, CT_TBUS, CT_TGEN, CT_TBRCH, CT_TAREABUS, ...
    CT_TAREAGEN, CT_TAREABRCH, CT_ROW, CT_COL, CT_CHGTYPE, CT_REP, ...
    CT_REL, CT_ADD, CT_NEWVAL, CT_TLOAD, CT_TAREALOAD, CT_LOAD_ALL_PQ, ...
    CT_LOAD_FIX_PQ, CT_LOAD_DIS_PQ, CT_LOAD_ALL_P, CT_LOAD_FIX_P, ...
    CT_LOAD_DIS_P, CT_TGENCOST, CT_TAREAGENCOST, CT_MODCOST_F, ...
    CT_MODCOST_X] = idx_ct;

windprofile = struct( ...
    'type', 'mpcData', ...
    'table', CT_TGEN, ...
    'rows', [1:45], ...
    'col', PMAX, ...
    'chgtype', 1, ...
    'values', [] );
windprofile.values(:,1,:) = [
	3.6365 49.137 89.2741 111.7135 14.5007 32.4047 28.1518 18.1645 26.1242 31.0808 57.4525 85.7078 129.0326 64.51 194.4512 73.2584 90.8946 96.3212 36.507 70.8382 9.3839 75.6109 75.6967 87.548 102.9268 73.763 13.3917 1109.9635 596.0044 596.0044 491.2077 108.7153 121.6901 182.3377 202.2475 254.2952 1039.026 216.3693 457.6172 275.6968 118.9511 359.4757 135.692 269.5276 1049.8492;
	3.7 49.9951 92.8364 119.7734 15.0086 32.8744 29.4815 18.4881 26.4203 30.7767 56.8903 84.8692 127.77 66.1757 192.8883 72.6695 90.1641 95.547 23.6482 71.8382 9.8272 76.7069 74.3517 87.9694 103.6458 71.7985 13.2046 1118.776 616.9926 616.9926 489.47 103.4744 78.8273 184.9117 207.4699 263.2502 1039.2576 205.166 457.8399 277.6228 122.6286 364.6863 135.4667 281.9043 1050.0832;
	3.6977 49.9635 93.5169 67.8358 15.1683 33.75 29.809 18.5509 26.9786 30.5872 56.54 84.3466 126.9833 65.5669 198.3013 74.7089 92.6944 98.2283 34.0883 72.406 9.9363 78.75 75.1523 88.1656 104.5342 73.0815 13.6384 1160.4043 654.6829 654.6829 482.7183 105.6759 113.6277 186.3733 205.561 279.3314 1129.9931 211.4187 452.9236 280.0024 122.5511 374.3999 140.2654 284.1044 1141.7639;
	3.6885 49.8391 92.2132 85.4667 14.8353 33.0449 27.2848 18.7568 26.5722 30.0409 55.5302 82.8401 124.7154 66.1228 204.3627 76.9925 95.5277 101.2308 39.8398 72.37 9.0949 77.1048 71.5629 86.8035 103.6006 74.2556 13.5715 1117.2894 630.3329 630.3329 469.5949 97.4312 132.7994 186.2806 207.3038 268.942 1019.7866 224.5636 438.4712 277.5017 120.8842 366.5784 172.4656 274.29 1030.4094;
	3.4705 46.8946 92.0216 118.7082 14.3995 32.5539 23.338 18.4442 26.8473 30.0242 55.4993 82.7941 124.646 64.5222 194.5435 73.2931 90.9378 96.3669 77.7697 69.8112 7.7793 75.959 64.196 85.8503 102.0986 75.462 13.3878 1084.9682 605.0593 605.0593 472.0815 96.3637 259.2322 179.6941 202.2858 258.1586 1091.5435 224.2103 435.8253 273.4785 119.1197 361.1309 183.8695 262.0188 1102.9137;
	3.8206 51.6244 94.3484 119.2101 14.9836 34.4789 28.4468 18.7364 27.1628 30.809 56.95 84.9582 127.9041 65.6242 201.5819 75.9448 94.2278 99.8534 90.6001 72.4369 9.4823 80.4508 73.8473 86.7984 105.3301 75.8632 13.7986 1143.6073 702.3699 702.3699 479.8752 91.9898 302.0003 186.4528 205.7408 299.6778 1050.4542 218.8843 448.1668 282.1342 119.5267 382.486 203.6984 266.8825 1061.3965;
	3.907 52.7917 93.6558 117.6543 15.1185 33.7128 27.9584 18.2949 27.0676 30.8177 56.966 84.9821 127.9401 64.8555 199.3435 75.1015 93.1815 98.7446 90.2569 71.4188 9.3195 78.6631 75.3691 88.6486 103.733 75.5493 13.2466 1178.9088 706.672 706.672 506.4168 89.1439 300.8563 183.8323 203.3308 301.5134 1062.7702 234.9998 440.9629 277.8563 120.7742 373.9871 208.0304 266.3886 1073.8407;
	3.8526 52.0566 91.1012 114.1247 15.2674 33.2923 28.4645 18.1353 27.9425 30.177 55.7817 83.2153 125.2801 64.5462 195.5061 73.6558 91.3877 96.8437 86.3417 69.9736 9.4882 77.682 73.4494 88.1622 104.4456 74.794 13.5496 1125.202 721.4221 721.4221 507.4761 79.1802 287.8057 180.1122 202.3609 307.8067 1051.1687 238.4472 452.6411 279.765 116.7976 369.3225 201.7229 266.5282 1062.1184;
	3.8383 51.8641 92.3018 117.371 15.1884 34.6042 28.8624 18.4363 27.9532 30.319 56.0443 83.607 125.8699 67.1393 191.1325 72.0081 89.3433 94.6773 87.2593 68.7092 9.6208 80.7432 73.3255 88.1735 104.6195 74.8801 13.6806 1230.4837 786.3575 786.3575 551.2174 71.8514 290.8643 176.8578 210.4909 335.5125 1178.0026 259.5826 459.3024 280.2308 118.7318 383.8765 184.5168 272.2603 1190.2735;
	3.8317 51.7747 92.953 119.6636 15.2563 34.8125 29.6638 18.7302 28.1732 30.1859 55.7982 83.24 125.3174 66.4197 194.7641 73.3763 91.0409 96.4762 89.0851 69.5846 9.8879 81.2291 73.8602 89.5354 106.0972 76.4495 13.9248 1186.9183 758.5246 758.5246 634.9881 86.8993 296.9504 179.111 208.2348 323.6372 1166.4106 292.6926 459.4985 284.189 119.3515 386.1863 172.2838 268.9465 1178.5607;
	3.7687 50.9231 93.0896 119.8348 15.0909 34.2058 27.3514 18.498 28.151 30.9431 57.1978 85.3279 128.4607 68.5027 199.4033 75.124 93.2094 98.7742 90.9372 71.2607 9.1171 79.8135 74.8431 89.2764 105.9575 76.2958 13.9343 1130.3157 766.5907 766.5907 608.7392 87.6959 303.124 183.4253 214.7653 327.0787 1090.625 301.824 472.1382 283.8148 120.1796 379.4564 185.8987 263.4065 1101.9857;
	3.7269 50.3579 91.0669 119.5319 15.1714 34.3862 25.3577 18.8291 26.6757 30.4948 56.3691 84.0917 126.5995 66.6165 198.5862 74.8162 92.8275 98.3694 89.1405 70.5813 8.4526 80.2346 75.3455 88.6598 105.3374 76.0382 13.9594 981.8351 741.6887 741.6887 608.1974 95.1709 297.1351 181.6765 208.8518 316.4538 1056.1951 291.8444 457.9917 282.1537 115.8181 381.4581 196.6439 265.7527 1067.1971;
	3.6221 48.9431 90.4287 119.2098 14.5822 34.0521 27.7925 18.7715 27.0478 30.9411 57.1942 85.3225 128.4525 67.3527 195.6941 73.7266 91.4756 96.9369 85.1861 71.1679 9.2642 79.455 75.5702 89.396 105.3058 76.0543 13.9525 964.1301 744.3654 744.3654 630.9181 102.2653 283.9537 183.1864 211.1597 317.5959 954.665 308.7697 462.8265 282.0691 117.9474 377.7518 163.558 260.7015 964.6094;
	3.7334 50.4462 92.1312 118.7219 15.1477 33.6849 26.7352 18.7865 27.1144 30.1765 55.7808 83.214 125.2782 65.8673 198.7108 74.8631 92.8858 98.4312 88.991 71.4715 8.9117 78.598 74.9149 88.9386 104.9072 76.1408 13.8656 1026.0357 728.9628 728.9628 688.0074 100.9006 296.6368 183.9679 206.5029 311.0241 959.7272 331.2843 465.9901 281.0015 115.6297 373.6776 156.966 263.865 969.7244;
	3.7832 51.1196 93.471 118.2217 15.0456 34.136 24.8238 18.9371 27.8433 30.9632 57.235 85.3834 128.5442 66.197 196.4177 73.9992 91.8138 97.2953 88.939 71.2346 8.2746 79.6506 73.876 89.3644 105.5444 76.3794 13.9657 1047.3576 722.3071 722.3071 661.6595 102.1996 296.4632 183.3581 207.5366 308.1844 924.7385 335.3053 462.4782 282.7082 117.2275 378.6818 177.385 257.575 934.3712;
	3.7673 50.9044 94.8578 119.7578 15.3125 34.5968 25.3267 19.0042 28.2354 30.8837 57.088 85.164 128.214 67.0513 195.7464 73.7463 91.5001 96.9628 89.3695 70.5471 8.4422 80.726 74.3974 89.926 106.2613 76.5074 14.0225 1087.712 744.4428 744.4428 642.5002 105.1138 297.8983 181.5884 210.2148 317.6289 987.2679 302.4681 460.769 284.6286 121.4849 383.7943 184.341 268.8729 997.5519;
	3.6566 49.4086 89.8918 118.39 15.2607 33.7001 23.7251 18.4326 27.2715 30.0943 55.6288 82.9872 124.9368 63.7364 195.6655 73.7158 91.4622 96.9227 89.4088 72.0447 7.9084 78.6337 73.4614 89.6084 103.5986 76.4944 12.9562 1012.548 720.8242 720.8242 605.2363 100.3289 298.0295 185.4433 199.8223 307.5516 1014.5385 267.3708 436.0355 277.4963 120.0949 373.8469 178.825 240.8452 1025.1066;
	3.6389 49.1693 87.0512 112.6165 14.8432 32.6957 23.8001 15.4058 26.4474 29.6642 54.8339 81.8013 123.1515 63.9504 189.1042 71.2439 88.3952 93.6725 85.919 69.9483 7.9334 76.2899 72.737 84.6764 100.1605 73.2669 11.5791 1095.8164 646.1041 646.1041 569.5769 91.7889 286.3968 180.047 200.4932 275.6711 992.8007 244.249 416.2144 268.2872 116.8999 362.7041 189.4626 241.4878 1003.1424;
