function solarprofile = ex_solar_profilesh1
%EX_WIND_PROFILE_D  Example wind_load_nyiso profile data for deterministic unit commitment.
% 2022.03.12
% Andres F. Ramirez


%% define constants
[GEN_BUS, PG, QG, QMAX, QMIN, VG, MBASE, GEN_STATUS, PMAX, PMIN, ...
    MU_PMAX, MU_PMIN, MU_QMAX, MU_QMIN, PC1, PC2, QC1MIN, QC1MAX, ...
    QC2MIN, QC2MAX, RAMP_AGC, RAMP_10, RAMP_30, RAMP_Q, APF] = idx_gen;
[CT_LABEL, CT_PROB, CT_TABLE, CT_TBUS, CT_TGEN, CT_TBRCH, CT_TAREABUS, ...
    CT_TAREAGEN, CT_TAREABRCH, CT_ROW, CT_COL, CT_CHGTYPE, CT_REP, ...
    CT_REL, CT_ADD, CT_NEWVAL, CT_TLOAD, CT_TAREALOAD, CT_LOAD_ALL_PQ, ...
    CT_LOAD_FIX_PQ, CT_LOAD_DIS_PQ, CT_LOAD_ALL_P, CT_LOAD_FIX_P, ...
    CT_LOAD_DIS_P, CT_TGENCOST, CT_TAREAGENCOST, CT_MODCOST_F, ...
    CT_MODCOST_X] = idx_ct;

solarprofile = struct( ...
    'type', 'mpcData', ...
    'table', CT_TGEN, ...
    'rows', [1:12], ...
    'col', PMAX, ...
    'chgtype', 1, ...
    'values', [] );
solarprofile.values(:,1,:) = [
	0.0 0.0 0.0 0.0 0.0 0.0 0.0 0.0 0.0 0.0 0.0 0.0;
	0.0 0.0 0.0 0.0 0.0 0.0 0.0 0.0 0.0 0.0 0.0 0.0;
	0.0 0.0 0.0 0.0 0.0 0.0 0.0 0.0 0.0 0.0 0.0 0.0;
	0.0 0.0 0.0 0.0 0.0 0.0 0.0 0.0 0.0 0.0 0.0 0.0;
	0.0 0.0 0.0 0.0 0.0 0.0 0.0 0.0 0.0 0.0 0.0 0.0;
	0.0 0.0 0.002 0.0 0.0 0.0 0.0 0.0 0.0 0.0 0.0 0.0;
	4.5846 5.9519 5.4528 7.5067 7.2477 64.3213 8.0402 18.3853 5.4787 67.8547 39.4516 122.8853;
	19.1448 13.9509 13.3557 10.711 11.7849 347.2654 43.4082 72.4753 42.9695 29.4709 33.8875 53.372;
	24.4455 16.6029 13.9907 11.4116 12.4065 391.1183 48.8898 76.1156 114.073 57.7686 82.1964 104.6192;
	26.5636 16.6083 13.8559 11.2835 9.5647 296.6027 37.0753 71.9218 153.96 46.71 146.4579 84.592;
	26.5774 16.6083 13.8031 11.4504 8.6647 286.8094 35.8512 70.0526 189.3397 63.0507 155.7137 114.1852;
	26.7852 16.6083 13.8607 11.4717 7.6398 328.9222 41.1153 70.7105 211.7255 69.4173 75.2138 125.7151;
	27.1533 16.9054 14.3089 11.632 9.0594 415.4118 51.9265 75.8318 214.4105 32.173 27.8838 58.2655;
	25.9441 17.0467 14.3727 11.5866 10.0852 428.0664 53.5083 77.5427 191.885 68.1292 14.4601 123.3823;
	21.1977 16.9031 14.2002 8.9264 10.324 416.9532 52.1191 74.6427 140.0916 75.8686 34.5556 137.3986;
	8.9211 10.5272 8.2634 3.0147 7.8467 267.2861 33.4108 42.5954 30.4105 40.522 37.6573 73.3855;
	1.0144 0.7986 0.5733 1.2715 2.5455 53.7489 6.7186 8.7632 23.7217 13.903 14.3214 25.1784;
	0.0 0.0 0.0 0.0 0.0 0.0 0.0 0.0 0.0 0.0 0.0 0.0;
	0.0 0.0 0.0 0.0 0.0 0.0 0.0 0.0 0.0 0.0 0.0 0.0;
	0.0 0.0 0.0 0.0 0.0 0.0 0.0 0.0 0.0 0.0 0.0 0.0;
	0.0 0.0 0.0 0.0 0.0 0.0 0.0 0.0 0.0 0.0 0.0 0.0;
	0.0 0.0 0.0 0.0 0.0 0.0 0.0 0.0 0.0 0.0 0.0 0.0;
	0.0 0.0 0.0 0.0 0.0 0.0 0.0 0.0 0.0 0.0 0.0 0.0;
	0.0 0.0 0.0 0.0 0.0 0.0 0.0 0.0 0.0 0.0 0.0 0.0;
];
