function solarprofile = ex_solar_profilesh1
%EX_WIND_PROFILE_D  Example wind_load_nyiso profile data for deterministic unit commitment.
% 2022.03.12
% Andres F. Ramirez


%% define constants
[GEN_BUS, PG, QG, QMAX, QMIN, VG, MBASE, GEN_STATUS, PMAX, PMIN, ...
    MU_PMAX, MU_PMIN, MU_QMAX, MU_QMIN, PC1, PC2, QC1MIN, QC1MAX, ...
    QC2MIN, QC2MAX, RAMP_AGC, RAMP_10, RAMP_30, RAMP_Q, APF] = idx_gen;
[CT_LABEL, CT_PROB, CT_TABLE, CT_TBUS, CT_TGEN, CT_TBRCH, CT_TAREABUS, ...
    CT_TAREAGEN, CT_TAREABRCH, CT_ROW, CT_COL, CT_CHGTYPE, CT_REP, ...
    CT_REL, CT_ADD, CT_NEWVAL, CT_TLOAD, CT_TAREALOAD, CT_LOAD_ALL_PQ, ...
    CT_LOAD_FIX_PQ, CT_LOAD_DIS_PQ, CT_LOAD_ALL_P, CT_LOAD_FIX_P, ...
    CT_LOAD_DIS_P, CT_TGENCOST, CT_TAREAGENCOST, CT_MODCOST_F, ...
    CT_MODCOST_X] = idx_ct;

solarprofile = struct( ...
    'type', 'mpcData', ...
    'table', CT_TGEN, ...
    'rows', [1:12], ...
    'col', PMAX, ...
    'chgtype', 1, ...
    'values', [] );
solarprofile.values(:,1,:) = [
	0.0 0.0 0.0 0.0 0.0 0.0 0.0 0.0 0.0 0.0 0.0 0.0;
	0.0 0.0 0.0 0.0 0.0 0.0 0.0 0.0 0.0 0.0 0.0 0.0;
	0.0 0.0 0.0 0.0 0.0 0.0 0.0 0.0 0.0 0.0 0.0 0.0;
	0.0 0.0 0.0 0.0 0.0 0.0 0.0 0.0 0.0 0.0 0.0 0.0;
	0.0 0.0 0.0 0.0 0.0 0.0 0.0 0.0 0.0 0.0 0.0 0.0;
	0.0 0.0 0.002 0.0 0.0 0.0 0.0 0.0 0.0 0.0 0.0 0.0;
	4.0052 1.6127 1.6369 4.0459 11.8079 200.7772 25.0972 56.6061 36.315 72.44 39.1237 131.1893;
	3.9424 2.7656 1.2631 8.7597 12.5971 348.9964 43.6246 73.989 82.0693 243.7989 70.8277 441.5213;
	6.2368 7.059 5.3068 10.4532 12.3589 367.0628 45.8829 74.6184 98.7494 329.9451 173.825 597.5326;
	13.5948 8.7376 9.5602 10.8626 10.1646 291.0632 36.3829 52.5021 63.4923 338.8463 223.0431 613.6527;
	17.909 12.6053 11.4424 11.2067 11.0656 351.569 43.9461 55.6928 103.2554 343.8552 253.6124 622.7239;
	20.3337 15.5691 12.5115 11.4067 10.8808 371.5717 46.4465 58.5411 154.9537 337.701 248.7289 611.5785;
	22.1384 16.5946 13.498 11.578 9.7648 394.2067 49.2758 57.776 174.3838 193.7394 163.5782 350.8632;
	19.803 16.6083 13.7117 11.4278 9.1638 383.8045 47.9756 43.4655 152.7344 160.7022 67.8679 291.0327;
	17.1873 13.9473 11.1017 7.6618 8.6999 336.9289 42.1161 39.9703 106.7411 109.5467 39.3798 198.3898;
	12.7788 7.8466 6.1451 2.6831 7.1478 116.4093 14.5512 26.8178 32.3953 70.1646 25.6656 127.0685;
	1.0661 0.9454 0.4751 1.2749 2.7427 48.7503 6.0938 10.4255 22.5643 21.676 17.3615 39.2555;
	0.0 0.0 0.0 0.0 0.0 0.0 0.0 0.0 0.0 0.0 0.0 0.0;
	0.0 0.0 0.0 0.0 0.0 0.0 0.0 0.0 0.0 0.0 0.0 0.0;
	0.0 0.0 0.0 0.0 0.0 0.0 0.0 0.0 0.0 0.0 0.0 0.0;
	0.0 0.0 0.0 0.0 0.0 0.0 0.0 0.0 0.0 0.0 0.0 0.0;
	0.0 0.0 0.0 0.0 0.0 0.0 0.0 0.0 0.0 0.0 0.0 0.0;
	0.0 0.0 0.0 0.0 0.0 0.0 0.0 0.0 0.0 0.0 0.0 0.0;
	0.0 0.0 0.0 0.0 0.0 0.0 0.0 0.0 0.0 0.0 0.0 0.0;
];
