function solarprofile = ex_solar_profilesh1
%EX_WIND_PROFILE_D  Example wind_load_nyiso profile data for deterministic unit commitment.
% 2022.03.12
% Andres F. Ramirez


%% define constants
[GEN_BUS, PG, QG, QMAX, QMIN, VG, MBASE, GEN_STATUS, PMAX, PMIN, ...
    MU_PMAX, MU_PMIN, MU_QMAX, MU_QMIN, PC1, PC2, QC1MIN, QC1MAX, ...
    QC2MIN, QC2MAX, RAMP_AGC, RAMP_10, RAMP_30, RAMP_Q, APF] = idx_gen;
[CT_LABEL, CT_PROB, CT_TABLE, CT_TBUS, CT_TGEN, CT_TBRCH, CT_TAREABUS, ...
    CT_TAREAGEN, CT_TAREABRCH, CT_ROW, CT_COL, CT_CHGTYPE, CT_REP, ...
    CT_REL, CT_ADD, CT_NEWVAL, CT_TLOAD, CT_TAREALOAD, CT_LOAD_ALL_PQ, ...
    CT_LOAD_FIX_PQ, CT_LOAD_DIS_PQ, CT_LOAD_ALL_P, CT_LOAD_FIX_P, ...
    CT_LOAD_DIS_P, CT_TGENCOST, CT_TAREAGENCOST, CT_MODCOST_F, ...
    CT_MODCOST_X] = idx_ct;

solarprofile = struct( ...
    'type', 'mpcData', ...
    'table', CT_TGEN, ...
    'rows', [1:12], ...
    'col', PMAX, ...
    'chgtype', 1, ...
    'values', [] );
solarprofile.values(:,1,:) = [
	0.0 0.0 0.0 0.0 0.0 0.0 0.0 0.0 0.0 0.0 0.0 0.0;
	0.0 0.0 0.0 0.0 0.0 0.0 0.0 0.0 0.0 0.0 0.0 0.0;
	0.0 0.0 0.0 0.0 0.0 0.0 0.0 0.0 0.0 0.0 0.0 0.0;
	0.0 0.0 0.0 0.0 0.0 0.0 0.0 0.0 0.0 0.0 0.0 0.0;
	0.0 0.0 0.0 0.0 0.0 0.0 0.0 0.0 0.0 0.0 0.0 0.0;
	0.0 0.0 0.0025 0.0 0.0 0.0 0.0 0.0 0.0 0.0 0.0 0.0;
	6.1237 2.204 1.223 3.5879 6.6301 126.2248 15.7781 57.0716 32.3985 67.1987 38.5779 121.6973;
	16.1525 7.6482 2.5552 8.0165 11.6193 317.9819 39.7477 74.7633 30.5765 65.4242 24.5532 118.4837;
	21.3493 14.2736 9.7271 11.0789 12.7941 366.4489 45.8061 76.3753 62.9353 220.6859 120.254 399.6635;
	21.5387 15.0886 10.9435 11.3796 12.2367 246.0381 30.7548 74.1502 173.2715 229.5881 201.9769 415.7855;
	23.1255 16.5852 12.7967 11.4504 11.0661 155.6001 19.45 75.2937 196.3412 227.3672 213.0235 411.7634;
	26.1728 16.6083 13.6589 11.4594 9.6849 113.6569 14.2071 76.0685 184.3419 184.8867 176.7958 334.8309;
	26.3192 16.6083 13.8 10.5064 7.9438 93.8425 11.7303 77.9205 76.7106 66.8926 64.7685 121.1428;
	23.1947 16.6083 13.7861 9.9106 8.5648 134.2909 16.7864 78.2776 36.5755 73.7076 85.323 133.485;
	17.0837 13.2732 10.5788 6.5114 8.7604 246.2607 30.7826 75.6111 26.3074 68.5229 120.264 124.0954;
	9.2124 7.4738 5.8128 5.016 5.8918 56.1913 7.0239 48.2327 9.3446 47.2927 99.619 85.6474;
	1.1649 1.186 0.7094 1.3701 2.4668 44.3341 5.5418 8.4324 19.5882 19.1772 17.8744 34.7299;
	0.0 0.0 0.0 0.0 0.0 0.0 0.0 0.0 0.0 0.0 0.0 0.0;
	0.0 0.0 0.0 0.0 0.0 0.0 0.0 0.0 0.0 0.0 0.0 0.0;
	0.0 0.0 0.0 0.0 0.0 0.0 0.0 0.0 0.0 0.0 0.0 0.0;
	0.0 0.0 0.0 0.0 0.0 0.0 0.0 0.0 0.0 0.0 0.0 0.0;
	0.0 0.0 0.0 0.0 0.0 0.0 0.0 0.0 0.0 0.0 0.0 0.0;
	0.0 0.0 0.0 0.0 0.0 0.0 0.0 0.0 0.0 0.0 0.0 0.0;
	0.0 0.0 0.0 0.0 0.0 0.0 0.0 0.0 0.0 0.0 0.0 0.0;
];
