function loadprofile = ex_load_profilesh1
%EX_LOAD_PROFILE  Example load profile data file for stochastic unit commitment.
% 2022.03.12
% Andres F. Ramirez

%% define constants
[CT_LABEL, CT_PROB, CT_TABLE, CT_TBUS, CT_TGEN, CT_TBRCH, CT_TAREABUS, ...
    CT_TAREAGEN, CT_TAREABRCH, CT_ROW, CT_COL, CT_CHGTYPE, CT_REP, ...
    CT_REL, CT_ADD, CT_NEWVAL, CT_TLOAD, CT_TAREALOAD, CT_LOAD_ALL_PQ, ...
    CT_LOAD_FIX_PQ, CT_LOAD_DIS_PQ, CT_LOAD_ALL_P, CT_LOAD_FIX_P, ...
    CT_LOAD_DIS_P, CT_TGENCOST, CT_TAREAGENCOST, CT_MODCOST_F, ...
    CT_MODCOST_X] = idx_ct;

loadprofile = struct( ...
    'type', 'mpcData', ...
    'table', CT_TAREALOAD, ...
    'rows', [1:11], ...
    'col', CT_LOAD_ALL_P, ...
    'chgtype', 1, ...
    'values', [] );
loadprofile.values(:,1,:) = [
	1436.0294 920.9 1584.793 557.9129 751.2787 1114.0779 878.7 285.2514 515.5014 4362.4878 1633.0214;
	1435.2801 928.0091 1576.6754 550.3 744.7639 1137.6668 894.7092 303.749 533.2566 4393.6221 1663.4;
	1473.0314 940.7 1619.2351 561.1 756.9 1143.2955 907.1664 314.079 545.8564 4394.7044 1682.938;
	1548.8004 1005.2616 1715.4271 569.1939 814.8899 1238.3879 953.0915 306.5292 564.147 4682.3 1790.1;
	1700.871 1133.4326 1935.5879 590.6 940.7574 1412.989 1072.7419 359.7093 653.2126 5323.512 2076.8414;
	1797.8 1220.3 2025.9637 589.1415 1000.9872 1474.0374 1119.4156 365.9 694.8214 5799.7411 2231.7976;
	1847.615 1239.2 2019.0 542.7462 994.1169 1465.9 1133.332 363.5657 698.2461 6030.8029 2199.2626;
	1894.3733 1276.7752 2084.8245 572.0025 1014.9468 1478.6 1131.6729 363.5554 708.7047 6229.8343 2241.7147;
	1913.6 1301.4365 2088.7838 557.4778 1036.5073 1522.7423 1154.904 357.7058 719.6562 6378.2077 2247.577;
	1931.3489 1293.8324 2080.167 563.9119 1014.6399 1489.8021 1148.9354 348.2 698.1208 6345.0733 2148.6943;
	1879.055 1282.2574 2095.0443 557.5811 1024.194 1496.2833 1162.8671 339.0859 683.6 6317.1987 2031.7057;
	1920.9838 1290.3155 2074.5077 552.9151 971.9 1497.8915 1170.9466 341.2597 687.5009 6401.984 2163.5;
	1873.0524 1284.3619 2041.8093 547.2424 986.6805 1457.3278 1146.7 326.8263 683.8916 6299.8605 2141.2689;
	1892.5951 1279.8095 2042.2294 553.4 998.6759 1445.3027 1199.5848 351.7364 676.7744 6322.2433 2107.5223;
	1932.0755 1277.2937 2012.1075 542.4554 1003.6901 1469.9239 1192.3792 360.5203 679.9 6212.9606 2148.8886;
	1938.2809 1266.1403 2053.5772 565.9633 1045.5748 1463.5 1231.701 354.5722 694.2 5987.8266 2208.4434;
	1910.94 1254.8256 2071.8013 567.0 1065.5 1523.4467 1225.5193 360.8663 724.6823 6115.6281 2301.4242;
	1962.0679 1303.9947 2136.2664 593.4087 1121.6046 1557.101 1260.6 385.6 737.0418 6250.3095 2420.5;
	1997.2284 1312.3518 2114.6004 599.9209 1091.5 1548.9357 1233.1797 370.0824 738.4876 6073.0362 2394.0239;
	1897.9 1235.4 1990.5 576.7851 1043.6496 1452.085 1176.6011 374.9295 708.2556 5976.9243 2299.4129;
	1809.7267 1163.9 1859.307 573.2 982.9601 1329.9117 1094.8043 350.3759 660.6672 5637.5335 2142.1347;
	1706.5453 1087.6 1771.0775 546.7528 902.4803 1256.5891 1008.2639 317.897 590.7423 5174.9236 1928.5766;
	1596.1029 1017.091 1645.5996 541.2021 879.5507 1173.8488 906.6672 289.802 555.9 4843.466 1842.645;
	1546.5294 1000.4471 1650.2 531.4217 831.654 1176.0941 878.1192 257.6991 509.145 4589.225 1761.4;
];
