function solarprofile = ex_solar_profilesh1
%EX_WIND_PROFILE_D  Example wind_load_nyiso profile data for deterministic unit commitment.
% 2022.03.12
% Andres F. Ramirez


%% define constants
[GEN_BUS, PG, QG, QMAX, QMIN, VG, MBASE, GEN_STATUS, PMAX, PMIN, ...
    MU_PMAX, MU_PMIN, MU_QMAX, MU_QMIN, PC1, PC2, QC1MIN, QC1MAX, ...
    QC2MIN, QC2MAX, RAMP_AGC, RAMP_10, RAMP_30, RAMP_Q, APF] = idx_gen;
[CT_LABEL, CT_PROB, CT_TABLE, CT_TBUS, CT_TGEN, CT_TBRCH, CT_TAREABUS, ...
    CT_TAREAGEN, CT_TAREABRCH, CT_ROW, CT_COL, CT_CHGTYPE, CT_REP, ...
    CT_REL, CT_ADD, CT_NEWVAL, CT_TLOAD, CT_TAREALOAD, CT_LOAD_ALL_PQ, ...
    CT_LOAD_FIX_PQ, CT_LOAD_DIS_PQ, CT_LOAD_ALL_P, CT_LOAD_FIX_P, ...
    CT_LOAD_DIS_P, CT_TGENCOST, CT_TAREAGENCOST, CT_MODCOST_F, ...
    CT_MODCOST_X] = idx_ct;

solarprofile = struct( ...
    'type', 'mpcData', ...
    'table', CT_TGEN, ...
    'rows', [1:12], ...
    'col', PMAX, ...
    'chgtype', 1, ...
    'values', [] );
solarprofile.values(:,1,:) = [
	0.0 0.0 0.0 0.0 0.0 0.0 0.0 0.0 0.0 0.0 0.0 0.0;
	0.0 0.0 0.0 0.0 0.0 0.0 0.0 0.0 0.0 0.0 0.0 0.0;
	0.0 0.0 0.0 0.0 0.0 0.0 0.0 0.0 0.0 0.0 0.0 0.0;
	0.0 0.0 0.0 0.0 0.0 0.0 0.0 0.0 0.0 0.0 0.0 0.0;
	0.0 0.0 0.0 0.0 0.0 0.0 0.0 0.0 0.0 0.0 0.0 0.0;
	0.0 0.0 0.0057 0.0 0.0 0.0 0.0 0.0 0.0 0.0 0.0 0.0;
	4.6531 6.7935 5.5073 4.4192 3.6019 95.3865 11.9233 40.6532 65.1987 69.5874 39.8568 126.0233;
	11.9012 13.0099 10.5062 7.0243 11.2402 364.4036 45.5505 70.6406 188.5916 202.9387 84.7392 367.5231;
	22.7242 16.6029 13.8 9.4281 12.6969 401.425 50.1781 73.5486 226.2783 317.4441 155.1998 574.8931;
	27.0244 16.7077 13.9524 10.5294 11.2885 298.1025 37.2628 68.9346 245.3056 313.4719 176.7521 567.6995;
	26.5692 16.6832 13.8212 11.149 10.8904 158.2803 19.785 67.2904 246.8152 333.2465 211.8607 603.5115;
	26.334 16.6571 13.8 11.3237 10.2866 119.5096 14.9387 65.8619 254.5979 339.3082 219.9433 614.4892;
	26.3709 16.9716 13.8498 11.5952 11.1053 281.3098 35.1637 70.039 266.4877 313.2689 180.2398 567.3318;
	24.9179 17.1954 14.0565 11.52 11.5783 358.6269 44.8284 73.3228 253.2075 302.0176 157.8785 546.9557;
	25.1386 17.245 13.9167 8.9318 11.6817 364.2908 45.5364 73.0749 205.8907 252.1582 130.0083 456.66;
	15.6889 13.1344 8.7985 5.3376 10.9255 126.3223 15.7903 62.1721 60.7355 221.0001 87.7668 400.2325;
	0.7397 0.6644 0.4132 1.356 3.4476 44.3341 5.5418 9.2941 22.0437 47.2549 29.787 85.5788;
	0.0 0.0 0.0 0.0 0.0 0.0 0.0 0.0 0.0 0.0 0.0 0.0;
	0.0 0.0 0.0 0.0 0.0 0.0 0.0 0.0 0.0 0.0 0.0 0.0;
	0.0 0.0 0.0 0.0 0.0 0.0 0.0 0.0 0.0 0.0 0.0 0.0;
	0.0 0.0 0.0 0.0 0.0 0.0 0.0 0.0 0.0 0.0 0.0 0.0;
	0.0 0.0 0.0 0.0 0.0 0.0 0.0 0.0 0.0 0.0 0.0 0.0;
	0.0 0.0 0.0 0.0 0.0 0.0 0.0 0.0 0.0 0.0 0.0 0.0;
	0.0 0.0 0.0 0.0 0.0 0.0 0.0 0.0 0.0 0.0 0.0 0.0;
];
