function loadprofile = ex_load_profilesh1
%EX_LOAD_PROFILE  Example load profile data file for stochastic unit commitment.
% 2022.03.12
% Andres F. Ramirez

%% define constants
[CT_LABEL, CT_PROB, CT_TABLE, CT_TBUS, CT_TGEN, CT_TBRCH, CT_TAREABUS, ...
    CT_TAREAGEN, CT_TAREABRCH, CT_ROW, CT_COL, CT_CHGTYPE, CT_REP, ...
    CT_REL, CT_ADD, CT_NEWVAL, CT_TLOAD, CT_TAREALOAD, CT_LOAD_ALL_PQ, ...
    CT_LOAD_FIX_PQ, CT_LOAD_DIS_PQ, CT_LOAD_ALL_P, CT_LOAD_FIX_P, ...
    CT_LOAD_DIS_P, CT_TGENCOST, CT_TAREAGENCOST, CT_MODCOST_F, ...
    CT_MODCOST_X] = idx_ct;

loadprofile = struct( ...
    'type', 'mpcData', ...
    'table', CT_TAREALOAD, ...
    'rows', [1:11], ...
    'col', CT_LOAD_ALL_P, ...
    'chgtype', 1, ...
    'values', [] );
loadprofile.values(:,1,:) = [
	1493.2494 851.2774 1511.5485 543.0775 754.5 1083.8 773.0963 197.4989 485.6346 3931.3193 1428.0226;
	1506.196 868.5731 1499.0598 533.9 730.8344 1079.4403 797.8463 221.5182 494.8918 4108.2584 1529.3766;
	1545.1742 898.2111 1545.0049 525.1707 737.2588 1084.3621 809.9519 219.5927 506.8 4037.6208 1544.7572;
	1598.8 970.0335 1668.3487 539.7 806.8 1161.1105 867.5756 238.9027 542.1 4446.4669 1705.8802;
	1763.2181 1084.4293 1870.1668 580.1407 934.4489 1310.7947 945.9563 288.2948 614.2 4972.8302 1870.6861;
	1838.4211 1152.3887 2021.1294 583.9087 991.8858 1382.1659 991.8151 312.7737 663.7478 5595.8398 2086.4067;
	1870.5971 1166.7952 2041.6771 578.268 989.2341 1366.2749 985.1705 330.9521 647.7835 5856.9324 2085.8438;
	1853.6 1175.2301 2021.3727 585.8629 1002.7 1409.7205 1031.6225 327.4169 675.9135 6218.284 2109.1253;
	1868.9851 1163.5387 2043.8683 578.0 994.4419 1410.1988 1026.0721 346.2 669.7928 6159.2835 2035.6477;
	1830.5066 1145.1112 2016.6772 568.4888 992.4271 1372.6724 1012.3654 354.1 664.3138 6217.8161 1997.115;
	1837.0087 1137.9049 2009.565 575.8422 1017.6965 1411.7806 1025.3732 351.6435 664.1 6294.829 2065.586;
	1834.2493 1107.5024 1948.4639 579.3067 1005.6428 1364.187 1002.8206 346.6 663.2939 6299.44 2084.6091;
	1827.0498 1060.0796 1904.3647 564.8078 976.7912 1394.6688 1023.988 349.2 653.8 6258.9594 2112.1974;
	1784.703 1041.4468 1872.2895 562.0066 990.48 1401.9838 1026.5295 344.753 652.6669 6328.0064 2120.6256;
	1789.6825 1047.7661 1874.2243 546.8013 1012.8078 1447.1142 1042.0838 341.3708 664.4974 6410.0171 2177.9254;
	1741.4923 1119.2968 1903.0 577.4 989.5435 1441.4626 1054.3245 354.0517 668.6401 6478.5216 2245.9393;
	1786.9221 1150.3347 1959.5792 583.0 1006.0218 1481.093 1128.6181 374.6118 688.4514 6379.0661 2346.7408;
	1820.5272 1209.4489 2029.7473 595.4859 1045.4525 1534.8 1182.0681 376.6159 727.0322 6405.2 2518.3123;
	1852.3945 1253.0 2081.3741 572.3209 1076.0 1513.8847 1175.6745 373.9626 724.1206 6241.5315 2511.8264;
	1782.8202 1168.8842 1979.1 565.9604 988.0 1407.4886 1079.5235 344.8 665.0 5837.2954 2285.4044;
	1697.6928 1074.8028 1845.2991 549.7564 915.0086 1315.6063 1019.3233 315.4122 625.4 5530.7757 2078.9596;
	1566.1769 957.5608 1698.5491 509.5136 839.8992 1176.0997 928.7421 288.6088 533.8858 5068.8365 1869.8287;
	1503.3211 939.9753 1682.5 544.2 790.7274 1138.938 867.3 263.1537 501.3485 4727.9646 1740.691;
	1479.5 918.5184 1624.3683 549.5 747.8058 1107.0 859.2544 260.1 502.1205 4592.2791 1711.6922;
];
