function loadprofile = ex_load_profilesh1
%EX_LOAD_PROFILE  Example load profile data file for stochastic unit commitment.
% 2022.03.12
% Andres F. Ramirez

%% define constants
[CT_LABEL, CT_PROB, CT_TABLE, CT_TBUS, CT_TGEN, CT_TBRCH, CT_TAREABUS, ...
    CT_TAREAGEN, CT_TAREABRCH, CT_ROW, CT_COL, CT_CHGTYPE, CT_REP, ...
    CT_REL, CT_ADD, CT_NEWVAL, CT_TLOAD, CT_TAREALOAD, CT_LOAD_ALL_PQ, ...
    CT_LOAD_FIX_PQ, CT_LOAD_DIS_PQ, CT_LOAD_ALL_P, CT_LOAD_FIX_P, ...
    CT_LOAD_DIS_P, CT_TGENCOST, CT_TAREAGENCOST, CT_MODCOST_F, ...
    CT_MODCOST_X] = idx_ct;

loadprofile = struct( ...
    'type', 'mpcData', ...
    'table', CT_TAREALOAD, ...
    'rows', [1:11], ...
    'col', CT_LOAD_ALL_P, ...
    'chgtype', 1, ...
    'values', [] );
loadprofile.values(:,1,:) = [
	1516.775 914.3 1661.3367 540.7336 782.233 1104.6365 837.4242 253.3 483.1703 4380.1518 1624.1517;
	1517.1 917.2421 1647.5479 563.4 798.6344 1126.1 843.6138 255.0487 495.028 4343.5678 1609.2256;
	1555.9439 936.5 1682.8157 565.0 815.4737 1143.4016 856.8806 252.3936 480.116 4358.9807 1633.3412;
	1610.5195 1000.5 1754.906 570.2 877.2964 1173.9748 883.1381 277.2 496.5262 4597.1304 1721.1639;
	1746.3591 1110.1284 1955.2649 605.6 999.7638 1345.7113 979.5663 330.1474 575.991 5118.906 1983.9979;
	1853.5976 1198.5487 2109.2755 622.7619 1092.086 1447.1 1058.4 356.3554 656.3987 5732.9721 2158.8526;
	1858.7958 1230.1063 2072.1364 619.8314 1104.189 1435.8665 1074.315 335.8331 655.7287 6098.8989 2199.332;
	1886.4342 1242.6744 2061.7164 603.1 1128.3968 1419.0913 1057.7 312.9379 635.6908 6229.1055 2173.6;
	1931.4882 1263.2 2098.9995 596.9405 1147.2293 1508.9409 1115.0 333.2326 679.4846 6412.8 2227.7284;
	1889.3787 1259.0082 2106.6019 579.8588 1142.0833 1488.9677 1074.5419 331.6929 647.1306 6350.1554 2153.0969;
	1869.9215 1255.6541 2095.7091 580.6497 1120.9021 1470.3965 1046.1746 314.2677 641.9995 6321.7952 2053.805;
	1883.1642 1257.923 2077.848 556.3584 1108.6863 1480.79 1103.9812 316.6146 664.8788 6344.6274 2113.4;
	1803.8548 1245.8597 2073.0998 557.45 1078.5834 1473.7139 1094.4784 307.3173 659.2003 6429.7787 2214.2881;
	1828.7063 1264.6248 2052.024 532.2739 1042.5 1438.908 1074.4231 307.904 654.5 6539.865 2201.4;
	1811.1537 1280.2085 2075.0017 556.1099 1046.3513 1430.824 1078.4789 316.2 651.9102 6478.1601 2200.941;
	1795.6381 1249.857 2115.2683 577.2938 1051.3907 1430.2061 1075.026 334.2337 658.3 6422.655 2285.3242;
	1793.521 1254.4441 2101.8018 586.5254 1115.9394 1524.3279 1114.8 366.6387 676.6555 6436.741 2500.23;
	1844.8404 1276.4933 2136.3 606.976 1125.3807 1588.3004 1158.1935 361.4658 705.251 6292.5971 2532.2767;
	1869.7065 1264.1916 2091.6967 598.0655 1135.8506 1568.7193 1162.0294 358.5208 680.5328 6188.9128 2470.0226;
	1819.7635 1193.3698 2004.1733 592.5 1067.3584 1486.5285 1090.2907 334.0971 647.1486 5825.5 2336.0824;
	1749.2817 1107.5162 1877.1273 571.4861 965.0402 1372.0711 1041.4742 316.7753 592.5881 5492.3134 2142.15;
	1687.3 1045.1852 1783.3704 569.6609 905.1162 1273.7376 968.7 300.5371 548.1996 5116.4262 1954.3;
	1641.3679 1006.851 1703.4444 581.7 896.0682 1217.3404 907.6673 265.7321 513.2847 4599.5941 1805.0;
	1599.9643 979.3 1721.372 571.3 882.6169 1226.2234 884.3 260.4439 457.1787 4357.3734 1751.5904;
];
