function loadprofile = ex_load_profilesh1
%EX_LOAD_PROFILE  Example load profile data file for stochastic unit commitment.
% 2022.03.12
% Andres F. Ramirez

%% define constants
[CT_LABEL, CT_PROB, CT_TABLE, CT_TBUS, CT_TGEN, CT_TBRCH, CT_TAREABUS, ...
    CT_TAREAGEN, CT_TAREABRCH, CT_ROW, CT_COL, CT_CHGTYPE, CT_REP, ...
    CT_REL, CT_ADD, CT_NEWVAL, CT_TLOAD, CT_TAREALOAD, CT_LOAD_ALL_PQ, ...
    CT_LOAD_FIX_PQ, CT_LOAD_DIS_PQ, CT_LOAD_ALL_P, CT_LOAD_FIX_P, ...
    CT_LOAD_DIS_P, CT_TGENCOST, CT_TAREAGENCOST, CT_MODCOST_F, ...
    CT_MODCOST_X] = idx_ct;

loadprofile = struct( ...
    'type', 'mpcData', ...
    'table', CT_TAREALOAD, ...
    'rows', [1:11], ...
    'col', CT_LOAD_ALL_P, ...
    'chgtype', 1, ...
    'values', [] );
loadprofile.values(:,1,:) = [
	1458.2984 896.1 1497.4957 554.7133 790.0528 1125.8166 875.7 244.4 559.0129 4445.4258 1638.5814;
	1465.6327 904.6528 1509.4321 559.4705 789.4066 1123.7354 856.1 240.3883 556.3324 4430.3162 1663.4;
	1478.1344 919.2084 1525.9295 560.3286 812.5 1118.2357 866.9822 251.0222 561.5297 4457.228 1701.8698;
	1570.796 998.0515 1645.715 579.5 864.9238 1188.8 924.1596 277.6511 599.2094 4766.8912 1809.1771;
	1778.6413 1132.4729 1878.6883 603.3 1005.0068 1344.859 1034.3048 333.3115 675.9769 5374.1255 2054.5399;
	1888.7866 1205.0896 1961.7053 589.5494 1047.1633 1404.5716 1118.5215 350.5751 752.8047 5867.3108 2250.6473;
	1913.7595 1199.031 1960.5898 597.4 1077.5017 1416.244 1135.9626 350.2682 732.2378 6181.8 2269.0802;
	1961.9451 1210.5 1947.8188 603.3 1058.5391 1382.7017 1126.6 352.3744 732.8059 6353.1862 2250.6467;
	2011.6956 1228.8 1986.0983 599.2359 1068.9106 1335.7539 1138.4777 367.8181 756.8146 6410.5236 2200.3123;
	1982.9693 1238.8748 2020.2268 602.939 1061.2 1343.8447 1139.2208 362.9388 740.5859 6419.7648 2148.4948;
	1946.861 1247.2579 1985.6421 598.0698 1073.279 1296.3568 1145.2148 370.2289 742.464 6294.3857 2081.8356;
	1881.7063 1240.8 1994.1768 602.4048 1101.1772 1300.5769 1147.3738 370.8001 729.4889 6230.5612 2050.1873;
	1870.4 1207.1887 1907.2643 613.5211 1069.3961 1325.0097 1134.6721 354.539 716.4048 6167.125 2023.1149;
	1855.4344 1219.9381 1918.9296 605.2 1043.71 1343.543 1133.0333 364.4678 721.4641 6284.9913 2096.0762;
	1854.5429 1196.1889 1896.2544 599.4904 1034.2893 1316.3147 1094.6771 344.1965 692.1145 6378.7431 2143.0693;
	1835.6634 1215.7871 1962.8381 606.6322 1054.0307 1405.7781 1159.8719 364.8232 705.1792 6405.2834 2306.789;
	1823.4402 1211.6617 1986.8258 616.3181 1060.2394 1458.4806 1186.9779 387.331 789.8714 6384.2078 2455.6104;
	1846.8459 1261.3538 2073.9709 620.8 1113.3152 1514.3 1237.6562 408.0249 834.0014 6380.8701 2572.539;
	1848.1754 1252.6436 2015.2749 623.1702 1092.6334 1496.0959 1237.0132 412.4651 811.3347 6203.0607 2443.0478;
	1792.6473 1197.0191 1916.4891 602.8 1010.4914 1388.584 1166.1 383.2901 786.1764 6040.6326 2346.8096;
	1727.9637 1107.3419 1804.6397 584.7931 947.2295 1279.9 1089.7627 359.5 716.6106 5693.8349 2162.5729;
	1628.4143 1028.3 1707.975 574.2 926.7198 1217.4617 1028.3812 330.5 663.8671 5384.6795 1986.5845;
	1543.8798 909.8886 1541.9523 567.9636 853.9624 1116.8859 916.9696 272.4675 581.9364 4833.0 1805.0;
	1510.5882 892.2596 1514.9152 560.3391 847.0275 1096.8314 911.4 264.5177 581.4561 4695.394 1771.5503;
];
