function windprofile = ex_wind_profilesh1
%EX_WIND_PROFILE_D  Example wind_load_nyiso profile data for deterministic unit commitment.
% 2022.03.12
% Andres F. Ramirez


%% define constants
[GEN_BUS, PG, QG, QMAX, QMIN, VG, MBASE, GEN_STATUS, PMAX, PMIN, ...
    MU_PMAX, MU_PMIN, MU_QMAX, MU_QMIN, PC1, PC2, QC1MIN, QC1MAX, ...
    QC2MIN, QC2MAX, RAMP_AGC, RAMP_10, RAMP_30, RAMP_Q, APF] = idx_gen;
[CT_LABEL, CT_PROB, CT_TABLE, CT_TBUS, CT_TGEN, CT_TBRCH, CT_TAREABUS, ...
    CT_TAREAGEN, CT_TAREABRCH, CT_ROW, CT_COL, CT_CHGTYPE, CT_REP, ...
    CT_REL, CT_ADD, CT_NEWVAL, CT_TLOAD, CT_TAREALOAD, CT_LOAD_ALL_PQ, ...
    CT_LOAD_FIX_PQ, CT_LOAD_DIS_PQ, CT_LOAD_ALL_P, CT_LOAD_FIX_P, ...
    CT_LOAD_DIS_P, CT_TGENCOST, CT_TAREAGENCOST, CT_MODCOST_F, ...
    CT_MODCOST_X] = idx_ct;

windprofile = struct( ...
    'type', 'mpcData', ...
    'table', CT_TGEN, ...
    'rows', [1:45], ...
    'col', PMAX, ...
    'chgtype', 1, ...
    'values', [] );
windprofile.values(:,1,:) = [
	3.75 50.671 90.3263 108.8591 14.3482 31.9674 28.5392 18.8773 27.8484 30.9319 57.1771 85.2969 128.4141 64.8753 196.1214 73.8876 91.6753 97.1485 37.1848 69.7771 9.5131 74.5907 72.5869 87.4174 103.9248 75.1832 13.9879 1122.2686 659.0796 659.0796 525.5172 106.4581 123.9494 179.6064 203.3927 281.2073 1110.2057 211.0261 446.779 278.3701 123.3266 354.6253 142.8742 265.3207 1121.7703;
	3.6759 49.6697 93.6465 116.3161 14.2145 28.9975 30.1547 18.9845 27.4763 30.0404 55.5293 82.8388 124.7133 63.1981 192.232 72.4223 89.8573 95.2219 34.5575 71.3459 10.0516 67.6607 69.1786 87.2411 105.3969 75.2954 13.7739 1112.3294 647.0699 647.0699 515.5003 105.8211 115.1917 183.6446 198.1347 276.0832 1103.8723 216.5413 440.1998 282.3132 123.8262 321.6785 129.8949 271.33 1115.371;
	3.7934 51.2565 92.6334 60.2514 14.4153 31.9228 30.4815 18.37 27.8976 29.075 53.7446 80.1764 120.7051 63.4038 193.3945 72.8603 90.4007 95.7977 32.5752 69.9549 10.1605 74.4866 66.9077 86.8596 104.6568 74.9457 13.6298 1068.5102 655.544 655.544 507.3326 106.2778 108.5838 180.064 198.7796 279.6988 1134.1944 216.5098 437.8899 280.3308 123.3903 354.1308 130.2869 271.023 1146.009;
	3.6729 49.6284 92.6136 76.6964 14.513 32.0026 29.0732 18.5053 27.7863 28.8892 53.4013 79.6642 119.934 63.5881 199.4985 75.1599 93.254 98.8214 42.4691 71.1849 9.6911 74.6728 57.4106 85.4304 101.8578 74.5822 13.7657 1162.7913 685.9278 685.9278 513.1786 98.1417 141.5636 183.2301 199.3574 292.6625 1076.4685 234.5533 438.0479 272.8334 121.8068 355.0156 157.5416 271.2597 1087.6818;
	3.5696 48.2336 94.1721 116.8092 14.4078 31.9746 24.2996 18.9331 27.6066 29.9378 55.3396 82.5558 124.2873 64.171 192.6441 72.5776 90.0499 95.426 73.1722 70.1773 8.0999 74.6074 57.9453 87.2861 104.6633 75.448 14.0614 1095.2097 641.5414 641.5414 491.019 94.7575 243.9072 180.6366 201.1847 273.7243 1097.3645 227.0757 436.4155 280.3482 121.2738 354.7051 168.3366 269.7071 1108.7954;
	3.6499 49.3186 92.0201 114.3674 14.4058 32.5928 29.0505 18.3083 27.5051 30.4415 56.2707 83.9448 126.3784 66.3307 201.0432 75.7418 93.976 99.5865 89.5498 72.0871 9.6835 76.0498 70.1987 86.9635 103.9928 74.6636 13.817 1170.1926 737.5068 737.5068 490.3288 96.1647 298.4992 185.5523 207.9556 314.6696 1105.8007 222.6214 437.1746 278.5522 117.5598 361.5626 173.1798 259.8209 1117.3195;
	3.6363 49.1349 93.7475 116.4502 14.4256 33.0718 29.7411 18.349 28.0828 30.9815 57.2688 85.4338 128.6202 66.8339 200.8869 75.683 93.9029 99.5091 89.3124 72.3158 9.9137 77.1675 74.1398 86.2406 102.0129 74.9593 13.7298 1265.3923 761.3209 761.3209 556.7407 93.342 297.7079 186.141 209.5333 324.8302 1147.3027 239.0061 437.4335 273.2487 121.1208 366.8761 186.6957 264.4972 1159.2538;
	3.6211 48.9291 92.4392 114.7565 14.5339 32.7755 30.1315 18.3609 27.9707 29.5408 54.6057 81.4609 122.6389 66.9338 199.9944 75.3467 93.4858 99.067 86.2679 71.4087 10.0438 76.4761 72.8784 85.9713 103.4624 73.6748 13.6327 1200.1206 744.3768 744.3768 545.0246 79.1289 287.5595 183.8063 209.8465 317.6008 1142.8443 230.0727 444.2953 277.1314 121.2736 363.5894 185.7606 260.7382 1154.7489;
	3.7134 50.1762 92.8699 117.1659 14.6318 33.7081 30.0629 18.1691 28.3552 30.1916 55.8087 83.2556 125.3409 67.3916 199.6014 75.1987 93.3021 98.8723 88.7547 70.4704 10.021 78.6522 71.9872 86.4874 103.7197 74.2623 13.73 1196.3533 777.4085 777.4085 581.2572 63.2564 295.8489 181.3911 211.2817 331.6943 1136.6445 254.477 450.2594 277.8207 120.8821 373.9351 167.3202 271.0738 1148.4846;
	3.746 50.6161 92.2985 117.2075 14.8453 34.2426 30.5929 18.4098 27.8763 30.3177 56.0418 83.6034 125.8644 67.5367 201.9211 76.0726 94.3864 100.0214 89.9203 70.4193 10.1976 79.8994 71.9143 86.9952 103.8664 74.8428 13.8951 1180.2212 752.4971 752.4971 664.0068 84.7909 299.7344 181.2596 211.7368 321.0654 1147.9229 276.2139 449.6351 278.2136 121.617 379.8646 159.3634 264.918 1159.8804;
	3.7469 50.6289 90.814 114.633 14.3862 33.631 28.5281 17.9115 27.724 30.4805 56.3427 84.0522 126.5402 65.4663 202.5898 76.3245 94.6989 100.3526 86.4027 70.5988 9.5094 78.4724 72.7498 85.3032 101.3716 73.3882 13.5169 1202.6244 763.9467 763.9467 639.3807 78.8355 288.0089 181.7215 205.2458 325.9506 1130.3665 285.7555 456.4409 271.531 118.7196 373.08 159.6648 267.9601 1142.1412;
	3.6931 49.9022 87.3198 112.0638 14.005 32.4675 26.86 18.1248 27.3841 30.2107 55.8441 83.3084 125.4203 67.4717 202.8582 76.4256 94.8244 100.4856 87.8033 70.0097 8.9533 75.7574 72.6855 83.7463 101.2263 74.2203 13.5196 1138.5513 746.4631 746.4631 611.9206 90.6402 292.6777 180.205 211.5328 318.4909 1111.5983 275.6597 448.6457 271.1419 118.4593 360.1724 161.0053 264.8995 1123.1774;
	3.6793 49.7158 89.269 115.4673 14.0514 32.6543 27.4573 18.3412 26.923 29.5461 54.6154 81.4755 122.6609 68.2785 201.4749 75.9045 94.1778 99.8004 86.5261 70.1906 9.1524 76.1934 73.5723 88.1517 103.2779 76.4065 13.6318 1072.6712 759.4994 759.4994 642.3365 100.0583 288.4204 180.6709 214.0623 324.0531 1007.5987 290.0444 435.0362 276.6371 119.0119 362.2451 137.5839 264.0176 1018.0945;
	3.6073 48.7429 90.5665 117.7129 14.5373 32.0751 26.994 19.0411 27.1322 28.635 52.9314 78.9632 118.8786 66.5251 202.7481 76.3842 94.773 100.431 88.3712 70.7382 8.998 74.8419 72.3763 89.1007 105.7994 76.5404 14.1335 1073.254 713.0082 713.0082 644.669 100.6609 294.5708 182.0803 208.5652 304.2169 993.8243 291.2629 435.3654 283.3914 118.6918 355.8196 128.6729 275.4921 1004.1767;
	3.6017 48.6673 91.8723 112.227 14.1106 31.6734 24.4159 18.9372 26.9679 30.1967 55.8182 83.2698 125.3622 68.2273 198.5466 74.8013 92.809 98.3498 85.1461 70.1742 8.1386 73.9047 72.2085 88.9163 103.6202 76.3535 14.0634 1077.448 709.7239 709.7239 632.9935 103.2577 283.8205 180.6285 213.9019 302.8155 926.8376 298.9905 414.5158 277.5542 114.575 351.3641 153.3408 263.1603 936.4922;
	3.3127 44.7615 89.3431 113.1535 13.9506 31.7767 24.723 18.6686 26.2193 29.9975 55.45 82.7204 124.5351 68.4977 196.7945 74.1412 91.99 97.4819 84.7341 69.1434 8.241 74.1456 72.3987 86.3129 101.3095 75.9808 14.0611 1100.9601 680.446 680.446 586.3047 102.6001 282.4469 177.9753 214.7495 290.3236 1012.0578 277.3735 419.9688 271.3648 112.2725 352.5091 143.4221 256.8818 1022.6001;
	2.9965 40.4896 88.4212 112.3731 13.9961 30.9851 22.1226 17.8459 26.3784 29.9878 55.4321 82.6938 124.495 65.4156 197.5195 74.4143 92.3289 97.8411 85.4614 71.8512 7.3742 72.2987 71.496 86.6267 98.152 74.5369 13.1003 1101.2128 675.7846 675.7846 610.8249 101.9863 284.8713 184.9452 205.0869 288.3348 1071.6341 284.3211 348.4335 262.907 114.0049 343.7284 153.5898 227.4314 1082.7969;
	3.5876 48.4764 90.7528 112.5609 14.4383 30.8022 24.8175 15.4806 26.7817 30.4449 56.2769 83.954 126.3923 68.2739 191.9562 72.3184 89.7284 95.0853 84.1689 69.4094 8.2725 71.8718 69.2119 86.9142 100.8949 69.9372 12.6012 1192.1275 701.8271 701.8271 660.1821 96.3221 280.563 178.6599 214.048 299.4462 1114.988 302.654 434.6655 270.2541 118.6807 341.6992 185.2117 241.6592 1126.6024;
