function windprofile = ex_wind_profilesh1
%EX_WIND_PROFILE_D  Example wind_load_nyiso profile data for deterministic unit commitment.
% 2022.03.12
% Andres F. Ramirez


%% define constants
[GEN_BUS, PG, QG, QMAX, QMIN, VG, MBASE, GEN_STATUS, PMAX, PMIN, ...
    MU_PMAX, MU_PMIN, MU_QMAX, MU_QMIN, PC1, PC2, QC1MIN, QC1MAX, ...
    QC2MIN, QC2MAX, RAMP_AGC, RAMP_10, RAMP_30, RAMP_Q, APF] = idx_gen;
[CT_LABEL, CT_PROB, CT_TABLE, CT_TBUS, CT_TGEN, CT_TBRCH, CT_TAREABUS, ...
    CT_TAREAGEN, CT_TAREABRCH, CT_ROW, CT_COL, CT_CHGTYPE, CT_REP, ...
    CT_REL, CT_ADD, CT_NEWVAL, CT_TLOAD, CT_TAREALOAD, CT_LOAD_ALL_PQ, ...
    CT_LOAD_FIX_PQ, CT_LOAD_DIS_PQ, CT_LOAD_ALL_P, CT_LOAD_FIX_P, ...
    CT_LOAD_DIS_P, CT_TGENCOST, CT_TAREAGENCOST, CT_MODCOST_F, ...
    CT_MODCOST_X] = idx_ct;

windprofile = struct( ...
    'type', 'mpcData', ...
    'table', CT_TGEN, ...
    'rows', [1:45], ...
    'col', PMAX, ...
    'chgtype', 1, ...
    'values', [] );
windprofile.values(:,1,:) = [
	3.5757 48.3149 87.6507 108.4923 14.0822 32.1034 27.5934 18.277 24.8184 29.0306 53.6627 80.0541 120.5211 66.2945 203.266 76.5793 95.0151 100.6876 39.6912 71.0985 9.1978 74.9079 71.5059 86.9384 101.9007 74.1761 13.8355 1185.4961 660.1641 660.1641 596.5999 101.5998 132.3041 183.0077 207.8421 281.67 1162.1143 207.6831 447.35 272.9482 122.7732 356.1336 140.6356 260.3602 1174.2197;
	3.3641 45.4561 86.4358 110.4513 13.9782 31.8156 28.2141 17.9848 25.2888 27.8449 51.4708 76.7844 115.5984 65.5313 204.8956 77.1932 95.7768 101.4948 35.3829 72.2579 9.4047 74.2363 70.8564 85.7672 99.5836 71.3925 13.3677 1163.0963 651.414 651.414 569.7003 103.6422 117.943 185.992 205.4494 277.9367 1123.5555 210.2577 450.4847 266.7418 121.4095 352.9405 138.0447 240.4877 1135.2592;
	3.4469 46.5757 88.4294 45.7603 13.9846 31.6537 27.6873 17.9777 24.6303 28.6086 52.8825 78.8904 118.769 64.1087 204.3725 76.9961 95.5322 101.2357 33.8101 72.4122 9.2291 73.8587 72.5079 85.5942 100.8938 72.4135 13.4264 1107.994 639.6703 639.6703 586.7677 108.2981 112.7002 186.3893 200.9894 272.926 1112.9496 224.6246 433.3358 270.2512 121.4152 351.1453 134.0228 266.3825 1124.5428;
	3.5027 47.3293 81.753 69.4358 13.9473 31.8358 27.1309 17.76 25.9158 28.3757 52.4521 78.2482 117.8022 63.5128 205.5427 77.437 96.0793 101.8153 42.9523 71.8898 9.0436 74.2834 65.9775 83.893 97.8046 72.0392 13.3852 1103.0669 647.6556 647.6556 530.0825 95.5287 143.1744 185.0445 199.1214 276.3331 985.016 233.8111 436.868 261.9765 121.1177 353.1647 171.3951 262.1211 995.2766;
	2.6737 36.1275 85.4814 114.1223 14.0154 31.7071 24.1598 17.9217 26.8651 30.3264 56.0578 83.6272 125.9004 63.6301 205.4381 77.3976 96.0304 101.7635 81.7691 72.8304 8.0533 73.9832 62.5273 85.6041 102.0372 72.9363 13.3467 1088.6107 616.3261 616.3261 540.511 97.8901 272.5635 187.4656 199.4889 262.9658 1093.0065 244.9426 452.182 273.3139 120.9999 351.7373 182.8192 250.4441 1104.392;
	3.4325 46.3801 86.5223 111.3724 14.5044 32.157 26.4047 18.4548 26.4887 30.698 56.7447 84.652 127.4431 66.3234 205.1006 77.2704 95.8726 101.5963 89.6626 73.3208 8.8016 75.033 72.3507 87.0831 104.4203 72.9095 13.8253 1155.4194 665.1448 665.1448 506.755 91.7952 298.8754 188.728 207.9328 283.7951 1035.3845 229.3482 445.082 279.6972 118.9145 356.7284 181.195 261.57 1046.1698;
	3.5721 48.2673 89.7664 115.8722 14.6408 32.2825 27.2931 18.9181 27.1533 30.8306 56.9899 85.0178 127.9938 65.4827 204.6251 77.0913 95.6503 101.3608 87.6054 72.6215 9.0977 75.3258 74.7062 87.8909 104.545 75.9371 14.1168 1166.0063 703.5299 703.5299 547.7322 88.0149 292.0179 186.9278 205.2971 300.1728 1103.9542 243.407 447.5422 280.0312 121.9571 358.1206 191.4798 263.8152 1115.4537;
	3.5296 47.6923 87.303 112.04 14.4869 31.8781 25.4896 18.2452 26.3707 30.3465 56.0951 83.6829 125.9841 64.8625 205.1639 77.2943 95.9022 101.6277 84.5501 73.2908 8.4965 74.3823 75.3357 86.8848 103.6543 73.8753 13.4 1154.9414 659.3296 659.3296 517.5586 82.3431 281.8338 188.6508 203.3528 281.314 1064.5904 241.1813 450.5282 277.6456 119.9795 353.6347 175.623 248.5944 1075.6799;
	3.6499 49.3184 93.7368 119.8024 15.0188 33.5507 27.4403 18.7657 26.712 31.1961 57.6656 86.0257 129.5112 67.5687 204.6558 77.1029 95.6647 101.376 88.0036 73.0335 9.1468 78.285 75.7131 89.4155 105.6867 74.2805 13.8159 1152.7918 742.621 742.621 595.0871 75.6996 293.3453 187.9884 211.8371 316.8516 1128.8379 271.2939 464.7681 283.0894 123.7112 372.1892 167.5967 272.2291 1140.5966;
	3.527 47.6578 89.3081 114.0779 14.9735 32.105 28.8991 18.141 27.4599 30.8527 57.0307 85.0785 128.0853 68.1324 205.1198 77.2777 95.8816 101.6059 88.7795 72.6391 9.633 74.9117 75.4166 87.1143 101.9596 72.655 13.2794 1131.0587 728.6658 728.6658 658.9009 89.0937 295.9316 186.9733 213.6041 310.8974 1107.0849 293.4117 465.3708 273.1062 119.618 356.1515 154.0473 263.7144 1118.617;
	3.6094 48.7706 91.3619 116.1223 14.9255 32.3691 26.7529 18.0453 27.3028 30.5708 56.5097 84.3014 126.9153 66.595 204.8443 77.1739 95.7528 101.4694 88.0129 73.1142 8.9176 75.5279 75.5084 87.0965 98.5928 73.1424 13.247 1175.0451 754.6615 754.6615 656.6479 91.9289 293.3762 188.1961 208.7842 321.9889 1087.4058 306.264 470.6029 264.0878 120.7344 359.0812 164.9568 264.4389 1098.7329;
	3.4775 46.9884 88.3379 111.0318 14.4157 32.8268 24.4414 17.3714 27.3139 30.7862 56.9079 84.8954 127.8095 68.4563 204.1797 76.9235 95.4422 101.1402 87.4405 72.7241 8.1471 76.5958 75.5105 84.297 97.5443 71.5181 12.751 1077.9483 741.5353 741.5353 627.1809 98.22 291.4683 187.192 214.6199 316.3884 1070.0422 277.9533 446.9309 261.2794 116.9934 364.1582 178.7755 266.8635 1081.1885;
	3.5853 48.4455 90.2754 112.8533 14.1534 32.5824 26.2602 17.9376 27.0986 30.9274 57.1689 85.2847 128.3957 68.4573 200.9909 75.7222 93.9516 99.5606 85.6037 72.5325 8.7534 76.0257 75.5918 88.4261 101.9142 73.6559 13.1392 1085.398 765.8482 765.8482 663.5804 106.0546 285.3456 186.699 214.6228 326.7619 1002.1051 305.926 445.6468 272.9844 119.5871 361.4478 153.9319 266.302 1012.5437;
	3.6156 48.8541 92.8329 115.4016 14.4992 32.5851 23.8186 18.3461 26.1599 29.7354 54.9654 81.9975 123.4468 67.9706 197.7048 74.4841 92.4155 97.9328 88.8411 70.7873 7.9395 76.0318 75.2126 87.6638 100.651 73.5166 13.629 1117.7978 700.168 700.168 661.7878 99.7542 296.1369 182.2068 213.0969 298.7383 1002.7384 308.8734 436.3823 269.601 119.5143 361.4771 150.3243 267.8853 1013.1836;
	3.6592 49.4442 94.4002 115.0922 14.351 32.4857 23.4362 18.2504 26.6082 30.2412 55.9004 83.3925 125.5469 67.9064 194.379 73.2312 90.8609 96.2854 85.6227 71.6812 7.8121 75.7999 75.0715 89.0307 101.7459 73.7966 13.3405 1107.0878 714.2042 714.2042 660.2663 97.1242 285.4089 184.5076 212.8958 304.7271 967.9379 323.3797 440.8138 272.5338 115.3048 360.3746 166.2233 262.9198 978.0206;
	3.671 49.6026 91.7035 113.1529 14.4968 32.4834 23.9367 17.6111 26.0225 29.4768 54.4874 81.2846 122.3735 67.3667 195.4514 73.6352 91.3621 96.8166 86.3732 71.3894 7.9789 75.7945 74.7777 85.6235 99.11 73.5864 13.5682 1136.5098 741.5205 741.5205 642.8144 98.9797 287.9108 183.7564 211.2037 316.3821 1037.3434 307.2046 436.5433 265.4731 112.4391 360.3489 163.2869 253.7119 1048.149;
	3.6334 49.0958 91.1331 117.7522 14.5728 33.0089 24.6861 17.3126 26.1803 30.8748 57.0717 85.1397 128.1774 65.3271 197.8752 74.5483 92.4951 98.0172 88.5453 73.4188 8.2287 77.0208 75.2424 87.1896 100.3819 71.3118 12.8006 1015.0265 708.9255 708.9255 657.4305 97.4828 295.151 188.9801 204.8092 302.4749 1065.1539 296.1251 440.0205 268.8801 113.14 366.1791 176.2861 230.9585 1076.2492;
	3.7999 51.345 93.676 120.3994 15.1012 32.4388 26.4924 14.9932 26.7675 31.0708 57.4339 85.6801 128.9909 65.1335 193.8388 73.0276 90.6084 96.0178 86.8558 72.4722 8.8308 75.6906 73.8235 87.5083 104.5927 66.397 12.4611 1141.2887 725.826 725.826 653.4462 99.9316 289.5194 186.5435 204.2024 309.6858 1158.4881 311.6524 461.4161 280.1591 117.7958 359.8546 190.8713 245.9018 1170.5556;
