function windprofile = ex_wind_profilesh1
%EX_WIND_PROFILE_D  Example wind_load_nyiso profile data for deterministic unit commitment.
% 2022.03.12
% Andres F. Ramirez


%% define constants
[GEN_BUS, PG, QG, QMAX, QMIN, VG, MBASE, GEN_STATUS, PMAX, PMIN, ...
    MU_PMAX, MU_PMIN, MU_QMAX, MU_QMIN, PC1, PC2, QC1MIN, QC1MAX, ...
    QC2MIN, QC2MAX, RAMP_AGC, RAMP_10, RAMP_30, RAMP_Q, APF] = idx_gen;
[CT_LABEL, CT_PROB, CT_TABLE, CT_TBUS, CT_TGEN, CT_TBRCH, CT_TAREABUS, ...
    CT_TAREAGEN, CT_TAREABRCH, CT_ROW, CT_COL, CT_CHGTYPE, CT_REP, ...
    CT_REL, CT_ADD, CT_NEWVAL, CT_TLOAD, CT_TAREALOAD, CT_LOAD_ALL_PQ, ...
    CT_LOAD_FIX_PQ, CT_LOAD_DIS_PQ, CT_LOAD_ALL_P, CT_LOAD_FIX_P, ...
    CT_LOAD_DIS_P, CT_TGENCOST, CT_TAREAGENCOST, CT_MODCOST_F, ...
    CT_MODCOST_X] = idx_ct;

windprofile = struct( ...
    'type', 'mpcData', ...
    'table', CT_TGEN, ...
    'rows', [1:45], ...
    'col', PMAX, ...
    'chgtype', 1, ...
    'values', [] );
windprofile.values(:,1,:) = [
	3.7749 51.0069 91.5854 105.4075 14.648 33.6384 27.5756 18.6746 25.657 30.1672 55.7636 83.1883 125.2396 64.0693 195.0783 73.4946 91.1878 96.6318 32.2318 72.2472 9.1919 78.4897 72.5174 89.3081 105.737 73.7434 13.8788 1201.2946 666.4253 666.4253 551.8313 108.5665 107.4394 185.9645 200.866 284.3414 1103.8801 213.8862 399.6456 283.224 118.2459 373.1625 133.1215 275.7308 1115.3789;
	3.7174 50.2305 94.0642 114.0429 14.2927 33.0794 28.2316 18.5433 24.7586 29.3634 54.2778 80.9718 121.9026 62.8186 189.901 71.5441 88.7677 94.0672 12.161 72.694 9.4105 77.1854 69.8274 88.9496 103.9323 72.5539 13.7353 1146.5494 700.6653 700.6653 554.3084 102.3445 40.5365 187.1146 196.9449 298.9505 1078.8059 219.1675 427.3037 278.3901 120.3041 366.9613 135.4131 275.9326 1090.0435;
	3.7079 50.1022 94.0404 60.1669 14.4952 34.2042 28.5524 18.1308 25.8023 30.1254 55.6863 83.0729 125.0659 60.3433 191.9024 72.2981 89.7032 95.0586 0.5331 70.9197 9.5175 79.8098 70.9325 89.1113 104.6784 71.4791 13.7487 1098.4268 656.8975 656.8975 522.5976 105.721 1.7769 182.5474 189.1845 280.2763 1051.0531 216.6805 433.9455 280.3887 122.2125 379.4387 129.8589 275.3937 1062.0016;
	3.6285 49.0295 92.8475 80.6794 14.4795 33.7186 25.7906 17.89 26.1066 29.2357 54.0417 80.6196 121.3723 59.3122 194.3851 73.2335 90.8637 96.2884 33.0263 71.1876 8.5969 78.6768 65.7995 88.6161 101.9121 71.7951 13.4617 1205.176 671.2085 671.2085 499.9935 96.6083 110.0876 183.237 185.9516 286.3823 1035.1418 222.9384 438.3278 272.9789 122.5334 374.0518 165.8868 269.8286 1045.9245;
	3.3295 44.9895 93.8057 115.287 14.137 33.1637 20.2999 18.0677 25.8767 30.382 56.1606 83.7806 126.1313 60.5062 184.5276 69.5197 86.2559 91.4055 67.054 70.4209 6.7666 77.3819 62.8043 88.6597 101.4465 72.1913 13.348 1180.5486 638.643 638.643 484.7968 100.145 223.5133 181.2635 189.6951 272.4877 1066.9009 216.2371 432.9313 271.7318 119.3613 367.8954 174.5048 266.4814 1078.0145;
	3.5914 48.5272 91.6553 114.2072 14.0853 32.6454 25.1493 17.9306 24.3536 30.5303 56.4348 84.1897 126.7471 63.9835 190.5067 71.7723 89.0508 94.3673 84.7842 71.5695 8.3831 76.1727 71.1065 89.2667 103.7306 70.9554 13.4631 1163.8794 643.7994 643.7994 468.674 101.5599 282.6141 184.2202 200.5971 274.6877 985.9848 212.6101 419.5447 277.8498 120.4622 362.1468 162.6957 263.1819 996.2555;
	3.7937 51.2615 91.3565 114.9258 14.0014 32.1542 27.3192 17.5199 24.985 30.7204 56.7862 84.7139 127.5363 64.3466 186.616 70.3065 87.2321 92.44 86.1412 70.6042 9.1064 75.0264 73.4998 87.7141 102.3828 72.6407 12.9892 1174.3853 682.643 682.643 498.9095 95.6802 287.1372 181.7354 201.7353 291.261 1011.6258 232.9707 431.655 274.2396 123.0978 356.6971 186.3356 257.3919 1022.1636;
	3.8481 51.9969 90.4656 115.3459 14.3433 33.2614 27.5311 17.6743 25.9542 30.0765 55.5959 82.9382 124.863 64.817 199.0053 74.9741 93.0234 98.5771 86.3197 71.7924 9.177 77.6098 72.9022 87.201 104.1257 71.7366 12.9385 1053.0107 666.2461 666.2461 506.5413 82.461 287.7324 184.7937 203.21 284.265 941.6302 237.2814 435.9675 278.908 121.2107 368.9793 190.2 256.6125 951.4389;
	3.8895 52.5563 91.7883 118.6549 14.8359 34.8613 28.7114 17.8228 26.2281 30.7274 56.7992 84.7333 127.5655 67.2616 195.5439 73.67 91.4054 96.8625 88.7627 69.9253 9.5705 81.343 74.418 88.8265 104.4244 71.3689 12.9692 1163.3457 764.2544 764.2544 553.6119 77.5887 295.8755 179.9878 210.8741 326.0819 1110.2222 262.0905 451.4868 279.7083 122.3151 386.7278 180.7184 267.3532 1121.787;
	3.7035 50.0428 91.4185 116.7109 14.5963 34.6609 30.0714 17.8489 26.6335 30.8878 57.0956 85.1754 128.2311 67.1769 189.8001 71.5061 88.7205 94.0173 88.9237 69.1569 10.0238 80.8755 72.9514 88.115 102.0193 70.2479 12.8348 1192.0799 759.2996 759.2996 654.6722 94.2107 296.4122 178.0101 210.6086 323.9678 1171.1803 299.0079 465.6219 273.266 122.3677 384.5052 163.5253 261.8788 1183.38;
	3.8569 52.1147 94.3776 119.4113 14.9254 34.7941 28.5173 18.1339 27.7855 31.3749 57.9961 86.5188 130.2535 68.0813 195.3387 73.5927 91.3095 96.7608 86.5751 70.6624 9.5058 81.1862 75.0449 89.186 101.3227 70.9287 12.7982 1195.8356 769.7779 769.7779 660.7959 96.7538 288.5838 181.8852 213.4441 328.4386 1114.3199 301.6121 473.7075 271.4 123.5035 385.9822 169.7543 265.8249 1125.9274;
	3.8896 52.5573 94.9108 118.0795 15.116 34.6096 27.2077 17.9299 27.6426 31.1861 57.647 85.998 129.4696 69.5929 196.3615 73.9781 91.7876 97.2674 90.0931 69.5714 9.0692 80.7557 75.4614 89.7133 103.833 71.3532 12.1182 1177.495 771.862 771.862 686.5897 103.952 300.3104 179.0769 218.183 329.3278 1147.0391 300.4392 458.2128 278.1241 123.2468 383.9356 193.9123 266.4546 1158.9874;
	3.9082 52.8084 94.8256 120.1381 15.1925 34.8133 29.0445 18.3507 27.6795 31.3527 57.9549 86.4574 130.1611 68.281 202.2379 76.192 94.5345 100.1783 90.7846 73.0447 9.6815 81.2309 75.5501 90.1597 106.1817 73.7227 13.0228 1096.7723 767.8612 767.8612 685.3607 102.8229 302.6155 188.0173 214.07 327.6208 986.8108 300.9472 446.8883 284.4152 123.4792 386.1951 172.7572 262.4588 997.0901;
	3.8383 51.8641 95.017 120.0362 15.1463 34.4196 26.8122 17.9586 27.618 31.0094 57.3203 85.5107 128.7359 67.3113 200.8995 75.6877 93.9088 99.5153 92.2922 72.7855 8.9374 80.3125 74.968 90.174 106.3308 72.6087 13.0358 1067.0244 700.0175 700.0175 702.4676 102.0165 307.6407 187.3502 211.03 298.6741 943.7042 300.6314 442.0125 284.8147 122.034 381.8286 159.5443 266.0015 953.5344;
	3.7145 50.1912 93.3526 115.0461 14.9152 32.9744 24.3407 17.7828 27.0379 31.2348 57.737 86.1322 129.6715 67.3801 200.729 75.6235 93.8292 99.4309 91.6986 71.6828 8.1136 76.9402 74.8082 89.2191 101.7916 72.1696 12.8935 948.5758 671.9592 671.9592 675.7763 97.6475 305.662 184.5117 211.2456 286.7026 823.654 304.0821 437.7108 272.656 121.1246 365.7957 172.3825 248.6295 832.2338;
	3.6054 48.7171 89.1898 112.204 14.3667 31.713 22.9289 16.8359 26.4849 30.9597 57.2285 85.3736 128.5295 67.8111 201.907 76.0673 94.3798 100.0144 91.9222 72.1276 7.643 73.9971 75.1328 86.9631 98.9357 71.6723 12.8207 1032.4726 688.3956 688.3956 667.1887 103.8294 306.4074 185.6566 212.5971 293.7154 890.7302 302.5135 440.0627 265.0063 118.4046 351.8032 160.8209 179.8821 900.0086;
	3.6068 48.7364 88.6642 115.5681 14.764 31.8372 22.3668 16.8219 26.0772 30.927 57.1681 85.2836 128.394 67.7324 200.6425 75.5909 93.7887 99.388 92.3875 73.3758 7.4556 74.2869 75.5019 88.5127 98.8901 70.2363 11.4176 1060.9643 723.9476 723.9476 679.5697 106.4632 307.9584 188.8694 212.3501 308.8843 1038.0636 290.0332 436.8279 264.8843 120.8855 353.1809 174.6506 197.9601 1048.8768;
	3.7342 50.4571 87.846 110.6972 15.1413 30.0977 21.1093 14.0473 25.8998 30.9502 57.2109 85.3475 128.4901 66.342 192.5146 72.5287 89.9894 95.3619 87.2429 72.0525 7.0364 70.2281 74.8373 86.8242 99.6674 65.0495 10.5877 1122.6506 708.0973 708.0973 654.7348 98.5034 290.8098 185.4634 207.991 302.1215 1030.0089 304.5717 441.279 266.9662 121.0766 333.8843 182.2242 226.2656 1040.7381;
