function windprofile = ex_wind_profilesh1
%EX_WIND_PROFILE_D  Example wind_load_nyiso profile data for deterministic unit commitment.
% 2022.03.12
% Andres F. Ramirez


%% define constants
[GEN_BUS, PG, QG, QMAX, QMIN, VG, MBASE, GEN_STATUS, PMAX, PMIN, ...
    MU_PMAX, MU_PMIN, MU_QMAX, MU_QMIN, PC1, PC2, QC1MIN, QC1MAX, ...
    QC2MIN, QC2MAX, RAMP_AGC, RAMP_10, RAMP_30, RAMP_Q, APF] = idx_gen;
[CT_LABEL, CT_PROB, CT_TABLE, CT_TBUS, CT_TGEN, CT_TBRCH, CT_TAREABUS, ...
    CT_TAREAGEN, CT_TAREABRCH, CT_ROW, CT_COL, CT_CHGTYPE, CT_REP, ...
    CT_REL, CT_ADD, CT_NEWVAL, CT_TLOAD, CT_TAREALOAD, CT_LOAD_ALL_PQ, ...
    CT_LOAD_FIX_PQ, CT_LOAD_DIS_PQ, CT_LOAD_ALL_P, CT_LOAD_FIX_P, ...
    CT_LOAD_DIS_P, CT_TGENCOST, CT_TAREAGENCOST, CT_MODCOST_F, ...
    CT_MODCOST_X] = idx_ct;

windprofile = struct( ...
    'type', 'mpcData', ...
    'table', CT_TGEN, ...
    'rows', [1:45], ...
    'col', PMAX, ...
    'chgtype', 1, ...
    'values', [] );
windprofile.values(:,1,:) = [
	3.8371 51.8483 89.9406 112.5326 14.4991 33.3933 29.6462 18.2848 27.6002 31.0504 57.3963 85.624 128.9064 69.0423 196.6211 74.0759 91.9089 97.396 39.0113 71.843 9.8821 77.9176 74.9391 88.4468 102.9706 73.8067 13.5202 1141.8498 691.5162 691.5162 552.5409 111.7821 130.0377 184.9241 216.4569 295.0469 1137.6654 211.9971 479.207 275.8141 115.1525 370.4427 137.9203 272.6705 1149.516;
	3.8464 51.9733 93.4 119.5873 14.9183 33.8652 30.5789 19.0197 27.8795 30.8073 56.9469 84.9536 127.8972 68.2127 191.7493 72.2404 89.6317 94.9828 34.2178 72.2561 10.193 79.0188 74.8184 89.4035 105.5854 73.3478 13.4403 1141.9747 709.499 709.499 529.9551 106.1563 114.0593 185.9875 213.856 302.7196 1150.286 208.5298 478.2189 282.8181 115.8089 375.6782 135.6511 279.6707 1162.2682;
	3.9143 52.8902 94.6142 69.3144 14.9506 34.7661 29.2902 19.0776 26.8352 30.542 56.4564 84.2218 126.7955 68.8017 194.3441 73.218 90.8446 96.2681 32.572 69.4719 9.7634 81.121 73.5673 90.137 106.2859 74.0128 13.7307 1113.0272 687.1091 687.1091 519.8185 105.4821 108.5733 178.8208 215.7026 293.1665 1160.9036 201.4764 472.0979 284.6943 117.0903 385.6723 135.7794 278.483 1172.9963;
	3.9115 52.8533 94.6728 89.3925 15.0779 34.8089 28.719 19.1706 27.563 30.6557 56.6666 84.5354 127.2676 66.3307 198.1436 74.6495 92.6206 98.1502 40.7738 70.7585 9.573 81.2208 69.7278 89.8942 106.2268 74.7808 14.1161 1198.7174 691.2583 691.2583 489.4052 98.5126 135.9127 182.1326 207.9557 294.9369 1090.4167 217.7399 469.9972 284.5359 116.2011 386.1468 168.4216 279.3842 1101.7752;
	3.704 50.0497 95.1232 120.7697 14.8739 34.5831 24.9371 19.1279 27.6155 29.8252 55.1315 82.2453 123.8198 67.2003 191.8565 72.2808 89.6818 95.0359 74.6192 68.6702 8.3124 80.694 53.542 89.9708 106.5384 75.2135 14.0555 1173.599 649.4635 649.4635 498.2698 101.7505 248.7305 176.7573 210.682 277.1044 1152.8728 228.1923 466.5688 285.3707 115.3821 383.6424 184.0559 276.0101 1164.8819;
	3.9286 53.0845 95.2859 120.9581 15.2843 34.9961 28.1788 19.1273 28.1543 30.6131 56.5879 84.418 127.0909 67.3817 197.9483 74.5759 92.5293 98.0535 86.7642 70.8508 9.3929 81.6575 70.2426 90.0739 106.6801 74.8705 14.0827 1189.194 706.5863 706.5863 464.5132 99.8514 289.2141 182.3702 211.2506 301.4768 1124.64 217.5207 469.408 285.7501 114.2683 388.223 203.4613 280.4751 1136.355;
	3.9255 53.0424 94.8264 119.9549 14.8544 35.0131 28.66 19.1212 27.6273 30.228 55.8759 83.3559 125.4919 67.862 199.2787 75.0771 93.1512 98.7125 86.2747 70.2739 9.5533 81.6972 71.9277 88.676 105.6808 75.8387 14.0239 1192.1061 734.1263 734.1263 517.6366 95.587 287.5823 180.8852 212.7566 313.2272 1133.1438 231.95 461.3698 283.0736 118.4715 388.412 204.647 278.7101 1144.9474;
	3.892 52.59 94.1886 119.1111 14.3471 34.7807 27.7569 18.9295 27.0708 29.9077 55.2839 82.4727 124.1622 65.2562 200.1724 75.4138 93.569 99.1552 84.8228 69.3424 9.2523 81.1549 72.0455 89.1314 104.9827 75.6015 13.6074 1090.5772 703.0455 703.0455 481.5295 85.1793 282.7426 178.4875 204.5869 299.9661 1043.5175 234.8286 459.6034 281.2036 118.0872 385.8335 197.7902 275.1531 1054.3875;
	3.8716 52.3142 92.0753 115.3867 14.2037 34.8237 28.4914 18.0354 27.0873 29.5699 54.6595 81.5412 122.7598 67.0425 203.5743 76.6954 95.1592 100.8403 86.9711 69.0233 9.4971 81.2552 71.2911 86.6142 101.6958 74.3229 13.2714 1116.9015 750.4118 750.4118 534.4486 78.7019 289.9036 177.6662 210.1872 320.1757 1118.1945 261.6522 462.0777 272.3995 118.4842 386.3106 181.2015 277.7031 1129.8423;
	3.7047 50.0583 92.0693 115.347 14.2797 34.1561 28.8128 17.5699 26.6357 30.125 55.6857 83.0721 125.0646 65.5854 200.3539 75.4822 93.6538 99.2451 88.7506 68.7508 9.6043 79.6976 72.0818 86.6495 101.3605 73.0976 13.0039 1125.6096 725.6375 725.6375 559.4032 84.9537 295.8355 176.9647 205.6191 309.6053 1095.8106 254.7913 451.7615 271.5013 120.6198 378.905 162.4627 270.6373 1107.2253;
	3.8116 51.5025 92.1801 119.9978 14.0947 34.2735 26.8362 18.0868 28.0702 30.6471 56.6506 84.5116 127.2317 66.2086 203.5901 76.7014 95.1665 100.8481 88.6846 70.1901 8.9454 79.9714 72.4987 85.4273 101.116 72.625 13.2883 1101.4832 748.1017 748.1017 595.3486 89.3738 295.6155 180.6695 207.5729 319.1901 1066.8819 296.0467 458.6099 270.8465 118.7265 380.2069 169.7541 263.5026 1077.9953;
	3.8792 52.4169 92.1258 120.1181 14.1792 34.8309 27.1352 18.1167 28.0848 30.0974 55.6346 82.9959 124.9498 67.4422 200.2877 75.4572 93.6228 99.2123 87.8853 68.2852 9.0451 81.2721 72.7445 84.7585 103.048 71.5427 13.0669 1049.4053 748.7333 748.7333 606.9916 94.221 292.9508 175.7664 211.4405 319.4595 1118.0569 288.7821 462.5831 276.0215 117.2597 386.3906 188.462 265.1003 1129.7033;
	3.7179 50.2373 89.5215 115.6225 13.934 33.2732 27.7909 17.6648 27.2269 29.4669 54.4692 81.2573 122.3325 68.1222 196.7186 74.1126 91.9545 97.4443 84.4212 69.1101 9.2636 77.6375 70.9916 86.1448 99.5299 72.5035 12.9234 1075.0644 730.4555 730.4555 587.2302 100.0435 281.404 177.8896 213.5722 311.661 1036.3584 296.2245 448.7383 266.5979 115.8415 369.1111 150.7177 264.4493 1047.1538;
	3.8232 51.6605 92.5914 118.9627 14.2268 34.2471 28.3915 17.7955 27.0722 29.5643 54.6491 81.5257 122.7365 66.065 200.7131 75.6175 93.8217 99.423 90.1049 71.0825 9.4638 79.91 72.9335 86.6008 100.198 71.1614 13.2469 1050.6708 707.5595 707.5595 634.0039 97.2966 300.3498 182.9665 207.1227 301.8921 1015.7759 302.7391 458.4413 268.3876 117.6931 379.9148 152.2367 269.4861 1026.3569;
	3.8401 51.8878 92.5751 116.5409 14.217 33.5987 27.249 18.171 27.6962 29.1602 53.9021 80.4114 121.0589 67.5505 199.0968 75.0086 93.0662 98.6224 90.6202 71.1591 9.083 78.397 68.1594 86.6638 101.035 73.1236 13.5311 1048.0633 715.7739 715.7739 651.7459 102.518 302.0675 183.1637 211.7798 305.3969 959.043 319.8457 471.4622 270.6295 116.1737 372.7216 173.3811 264.9542 969.0331;
	3.8391 51.8745 93.2179 118.2442 14.8164 34.2865 26.8741 17.8979 27.9413 28.4865 52.6569 78.5538 118.2623 65.3926 196.0476 73.8598 91.6408 97.1119 87.2674 69.8223 8.958 80.0019 72.4939 85.1795 99.8256 73.1189 13.234 1079.3082 723.1764 723.1764 590.4606 109.2864 290.8915 179.7227 205.0146 308.5553 1015.3691 281.1433 471.6197 267.3899 115.4912 380.3517 184.4623 264.1879 1025.9458;
	3.8072 51.4438 92.0917 117.271 14.8652 34.5261 25.0538 16.8965 27.1314 27.7822 51.355 76.6115 115.3382 64.448 191.6994 72.2216 89.6083 94.9581 88.2767 70.9761 8.3513 80.5608 71.2608 87.0383 101.8072 71.8831 12.0793 1084.5817 732.8894 732.8894 629.5268 107.128 294.2557 182.6926 202.0532 312.6995 1144.5861 287.9294 468.8472 272.6979 119.8332 383.0092 193.1764 248.5769 1156.5089;
	3.9155 52.9066 95.0488 119.502 15.3049 34.7707 25.5623 15.4675 27.963 28.6019 52.8701 78.8718 118.7411 65.4527 188.6878 71.087 88.2006 93.4663 81.4074 66.7707 8.5208 81.1317 69.4811 89.5933 105.0914 70.031 11.9688 1180.9857 680.8676 680.8676 567.1978 96.1297 271.3579 171.868 205.2032 290.5035 1126.1474 263.761 471.5217 281.4947 122.0696 385.7233 205.9538 262.9929 1137.8781;
