function loadprofile = ex_load_profilesh1
%EX_LOAD_PROFILE  Example load profile data file for stochastic unit commitment.
% 2022.03.12
% Andres F. Ramirez

%% define constants
[CT_LABEL, CT_PROB, CT_TABLE, CT_TBUS, CT_TGEN, CT_TBRCH, CT_TAREABUS, ...
    CT_TAREAGEN, CT_TAREABRCH, CT_ROW, CT_COL, CT_CHGTYPE, CT_REP, ...
    CT_REL, CT_ADD, CT_NEWVAL, CT_TLOAD, CT_TAREALOAD, CT_LOAD_ALL_PQ, ...
    CT_LOAD_FIX_PQ, CT_LOAD_DIS_PQ, CT_LOAD_ALL_P, CT_LOAD_FIX_P, ...
    CT_LOAD_DIS_P, CT_TGENCOST, CT_TAREAGENCOST, CT_MODCOST_F, ...
    CT_MODCOST_X] = idx_ct;

loadprofile = struct( ...
    'type', 'mpcData', ...
    'table', CT_TAREALOAD, ...
    'rows', [1:11], ...
    'col', CT_LOAD_ALL_P, ...
    'chgtype', 1, ...
    'values', [] );
loadprofile.values(:,1,:) = [
	1580.7205 919.4981 1604.8542 552.2 805.5703 1127.4221 874.2142 268.5873 443.4135 4540.4963 1641.0275;
	1551.5598 917.4808 1619.6126 551.6 798.7772 1119.3 859.4 265.316 405.9791 4418.3357 1626.3241;
	1587.9057 947.3005 1646.1815 556.1683 814.5197 1135.7515 875.2 271.9553 408.7289 4519.8916 1672.9917;
	1625.6743 1000.5 1737.8099 561.1274 870.5 1205.268 913.0 295.5168 436.2989 4715.6024 1751.9089;
	1792.1004 1143.0224 1946.8004 588.9 1002.3806 1373.1227 1029.0898 342.458 575.0043 5323.1 2035.0509;
	1843.8 1217.9451 2080.6364 609.5885 1067.1873 1448.4649 1083.8 354.7777 652.7131 5917.8261 2196.1853;
	1899.6214 1239.1141 2071.7936 587.8999 1060.7084 1424.045 1085.7534 352.5 672.1965 6289.5803 2238.4582;
	1929.3277 1244.2431 2055.0103 593.2767 1045.1063 1464.0532 1110.0146 356.9 667.0643 6433.1789 2218.2247;
	1918.1777 1252.4 2041.3628 610.3096 1071.5612 1488.3071 1114.9415 367.2 668.3746 6540.7265 2168.7496;
	1916.6823 1243.2281 2065.1101 598.7 1080.661 1482.4006 1128.152 375.845 658.6881 6493.5533 2048.9845;
	1899.9 1241.0152 2078.7304 607.9292 1081.7 1419.9443 1115.6715 386.906 646.6571 6422.5134 2025.3943;
	1888.081 1222.2941 1977.9 599.9716 1021.5194 1396.4742 1046.6 344.7487 595.1588 6261.0875 1885.0287;
	1820.5341 1184.1 1948.061 586.7892 1006.5 1327.1795 1050.0697 353.3409 612.189 6321.1689 1924.2435;
	1776.0304 1145.0 1887.7618 563.2267 991.2842 1290.0256 1014.5705 345.8925 608.5436 6248.4812 1946.5242;
	1763.2915 1120.7139 1881.4752 574.2636 995.3825 1356.8941 1048.3323 355.7055 624.2362 6259.6649 1894.269;
	1788.7783 1096.6542 1928.5106 598.8305 1035.1398 1419.002 1097.8 360.7008 617.8 6315.8146 2041.278;
	1795.2218 1152.3834 1991.2939 610.0375 1080.3008 1447.9885 1145.0343 386.7247 651.1769 6249.0 2249.7012;
	1855.7 1197.4096 2048.3255 605.9 1118.8 1460.9704 1184.3173 408.804 699.6795 6243.0029 2384.4736;
	1928.5 1223.0216 2041.714 589.7239 1091.4906 1467.9918 1183.8496 398.1 692.4483 6154.7389 2366.5119;
	1871.7219 1188.4112 1965.0899 586.5 1027.9919 1403.1718 1137.7231 387.4985 660.5274 6055.2165 2279.413;
	1785.3723 1095.0745 1840.4907 560.5 942.7586 1309.7848 1072.775 342.6 606.1258 5781.6613 2142.0271;
	1718.6999 1057.0 1753.6516 546.0 912.5564 1240.8431 1005.5029 317.8 579.819 5327.1089 1937.2;
	1672.8017 1003.1 1708.2708 517.5493 870.1 1191.7077 958.5 310.2953 517.588 4896.2112 1813.3027;
	1613.5171 999.5749 1722.8364 542.4936 874.0119 1236.825 940.9889 307.2 505.4 4826.111 1780.9044;
];
