function windprofile = ex_wind_profilesh1
%EX_WIND_PROFILE_D  Example wind_load_nyiso profile data for deterministic unit commitment.
% 2022.03.12
% Andres F. Ramirez


%% define constants
[GEN_BUS, PG, QG, QMAX, QMIN, VG, MBASE, GEN_STATUS, PMAX, PMIN, ...
    MU_PMAX, MU_PMIN, MU_QMAX, MU_QMIN, PC1, PC2, QC1MIN, QC1MAX, ...
    QC2MIN, QC2MAX, RAMP_AGC, RAMP_10, RAMP_30, RAMP_Q, APF] = idx_gen;
[CT_LABEL, CT_PROB, CT_TABLE, CT_TBUS, CT_TGEN, CT_TBRCH, CT_TAREABUS, ...
    CT_TAREAGEN, CT_TAREABRCH, CT_ROW, CT_COL, CT_CHGTYPE, CT_REP, ...
    CT_REL, CT_ADD, CT_NEWVAL, CT_TLOAD, CT_TAREALOAD, CT_LOAD_ALL_PQ, ...
    CT_LOAD_FIX_PQ, CT_LOAD_DIS_PQ, CT_LOAD_ALL_P, CT_LOAD_FIX_P, ...
    CT_LOAD_DIS_P, CT_TGENCOST, CT_TAREAGENCOST, CT_MODCOST_F, ...
    CT_MODCOST_X] = idx_ct;

windprofile = struct( ...
    'type', 'mpcData', ...
    'table', CT_TGEN, ...
    'rows', [1:45], ...
    'col', PMAX, ...
    'chgtype', 1, ...
    'values', [] );
windprofile.values(:,1,:) = [
	3.3015 44.6112 86.3378 95.532 13.9372 31.7406 26.3776 17.5958 24.7651 29.9572 55.3754 82.6091 124.3676 63.4562 189.4243 71.3645 88.5448 93.8311 37.4664 70.2802 8.7925 74.0614 69.777 85.8964 99.6886 72.4226 13.3312 1175.2092 693.4375 693.4375 618.9158 113.3286 124.8879 180.9013 198.9438 295.8667 1110.5913 227.5517 448.0817 267.023 114.3818 352.1089 126.2953 259.4486 1122.1599;
	3.54 47.8338 89.753 112.5422 14.0096 30.6637 27.6414 18.3565 25.6124 29.1238 53.8348 80.311 120.9077 63.9248 190.1158 71.625 88.8681 94.1736 33.0426 72.2068 9.2138 71.5487 68.6573 86.5655 99.2786 73.1143 13.3211 1210.8044 715.1839 715.1839 600.0265 110.6701 110.1419 185.8605 200.4128 305.1451 1163.5886 231.8874 448.6533 265.9249 118.6067 340.1628 129.7873 269.3551 1175.7093;
	3.5835 48.4204 88.1051 58.334 14.0475 31.9096 28.8636 17.8863 26.4994 29.5904 54.6974 81.5978 122.845 64.9514 200.9245 75.6971 93.9205 99.5277 36.9326 72.897 9.6212 74.4558 69.8511 86.5 100.2483 72.3594 13.556 1192.9002 697.2584 697.2584 556.157 110.4852 123.1086 187.6371 203.6314 297.4969 1195.6698 225.4983 449.6544 268.5222 119.1419 353.9841 129.558 259.4621 1208.1247;
	3.6227 48.9506 89.4691 78.7199 14.1984 32.3934 27.7266 17.8019 26.4771 28.4174 52.5291 78.3631 117.9752 63.6914 201.5421 75.9298 94.2092 99.8336 45.0803 72.6075 9.2422 75.5846 57.1363 85.9454 100.5296 72.7369 13.4111 1200.6375 718.5782 718.5782 549.9165 98.4661 150.2676 186.8919 199.681 306.5934 1139.9637 229.6421 458.0459 269.2758 118.177 359.3506 167.3268 261.2464 1151.8384;
	3.4317 46.3699 88.1852 114.8908 14.135 32.4981 23.2267 18.1584 25.7353 28.6176 52.8991 78.9151 118.8063 61.9033 190.9437 71.9369 89.2551 94.5838 78.6876 72.634 7.7422 75.8289 46.6222 84.977 100.1556 72.6664 13.394 1234.6759 677.2219 677.2219 536.9352 99.702 262.292 186.96 194.0753 288.948 1208.7322 230.3262 457.3529 268.274 116.4286 360.5125 179.1273 257.2008 1221.3231;
	3.7995 51.34 90.2738 116.4593 14.8387 34.4283 27.5547 18.4474 26.424 30.7173 56.7804 84.7052 127.5233 65.4274 197.7347 74.4954 92.4295 97.9476 89.9893 73.1951 9.1849 80.3328 70.7493 86.0865 103.7088 72.9443 13.6264 1247.3995 683.6374 683.6374 511.9512 93.6999 299.9643 188.4044 205.1238 291.6853 1108.2162 218.8308 466.3513 277.7915 116.2333 381.9251 203.5606 260.7913 1119.7601;
	3.6894 49.8513 90.5397 119.0023 14.7732 33.3186 28.86 18.1522 26.6163 29.3385 54.2318 80.9032 121.7993 64.7855 195.2045 73.5422 91.2468 96.6943 91.6843 73.1545 9.62 77.7434 72.721 85.1075 100.9365 74.3986 13.3954 1270.0618 723.4036 723.4036 559.8888 94.4589 305.6142 188.2999 203.1114 308.6522 1115.9661 251.7036 467.357 270.3655 117.682 369.6142 199.8064 257.0538 1127.5908;
	3.6539 49.3726 91.0637 119.573 14.9808 34.3457 28.4604 18.3615 27.5914 28.0235 51.8011 77.277 116.3401 64.0805 200.3133 75.4669 93.6348 99.225 91.7898 73.286 9.4868 80.1399 71.3073 85.6282 104.6967 74.4854 13.5231 1174.0992 734.3534 734.3534 549.1965 79.9208 305.9659 188.6382 200.901 313.3241 1072.9622 240.336 469.4014 280.4376 113.0652 381.008 196.6822 250.6132 1084.1389;
	3.7865 51.1637 94.4453 121.2555 14.8615 34.8787 29.1109 18.7951 27.6856 28.3918 52.4818 78.2926 117.8691 65.7731 203.3066 76.5946 95.034 100.7077 92.6056 72.3388 9.7036 81.3837 69.8566 89.2248 106.1663 76.3137 14.0658 1139.9893 790.9567 790.9567 587.7097 79.3383 308.6852 186.2004 206.2075 337.4749 1120.4408 273.3117 470.5027 284.374 116.921 386.9216 178.4582 270.3792 1132.112;
	3.6288 49.0332 90.4229 118.3051 14.5699 34.2099 29.2723 18.2596 26.9121 28.9615 53.535 79.8636 120.2342 60.5661 201.9324 76.0769 94.3917 100.027 91.0537 70.677 9.7574 79.8232 69.8837 85.6606 103.4922 74.6286 13.139 1128.3109 788.5027 788.5027 665.1156 84.9265 303.5122 181.9228 189.8828 336.4278 1079.2811 291.0534 469.0531 277.2114 116.3889 379.5023 160.4557 261.1381 1090.5237;
	3.7492 50.6603 92.2454 118.6665 14.7783 34.4349 26.4813 18.4645 26.9843 30.1488 55.7295 83.1375 125.163 58.4826 204.2721 76.9583 95.4853 101.186 92.1531 71.8534 8.8271 80.3482 73.2111 85.2131 101.1057 74.0611 13.3841 1126.5698 793.6079 793.6079 675.2818 89.1583 307.177 184.9507 183.3508 338.606 1050.3408 306.6237 455.3359 270.8188 118.3328 381.9983 173.8272 262.3431 1061.2818;
	3.7741 50.9964 93.768 117.9672 14.5367 34.4454 25.7078 18.6779 27.0925 29.9464 55.3554 82.5794 124.3228 63.4017 198.7749 74.8873 92.9157 98.4629 90.6912 69.7129 8.5693 80.3725 73.0773 86.2258 103.5408 74.7015 13.5981 1050.5369 771.2823 771.2823 663.1944 93.6568 302.304 179.4411 198.7729 329.0805 1067.3213 290.6324 466.2361 277.3415 115.9694 382.114 185.1678 268.1695 1078.4393;
	3.6515 49.3392 91.3988 116.1239 14.8513 33.4919 27.4362 18.3017 26.183 30.7474 56.8361 84.7883 127.6483 65.8838 193.1328 72.7616 90.2783 95.6681 87.6421 68.8962 9.1454 78.1479 74.049 88.4507 103.3077 76.0692 13.1372 1081.867 798.3497 798.3497 710.2982 98.2666 292.1402 177.339 206.5546 340.6292 1033.3786 320.1192 448.2211 276.717 114.681 371.5373 156.8237 263.8998 1044.1429;
	3.8175 51.5834 93.5223 118.8544 15.0571 34.2513 27.4325 18.8137 26.0798 30.3203 56.0467 83.6107 125.8754 67.0889 194.5908 73.311 90.9599 96.3903 91.257 69.7787 9.1442 79.9196 73.8114 87.9646 105.7315 73.931 13.527 1120.1171 749.7961 749.7961 726.3013 99.8717 304.1899 179.6105 210.3328 319.913 1045.7138 330.1586 461.348 283.2094 118.0558 379.9606 159.1677 278.3752 1056.6067;
	3.644 49.2388 92.5209 115.7636 14.3449 34.0575 25.4547 18.4657 26.0756 29.6047 54.7239 81.6373 122.9045 66.9186 191.4459 72.1261 89.4898 94.8325 89.0582 69.8788 8.4849 79.4675 71.6919 89.1102 105.4762 73.6192 13.336 1065.8434 752.724 752.724 723.658 99.7119 296.8607 179.8682 209.7988 321.1622 979.6553 333.3572 456.5643 282.5257 114.1588 377.811 176.8518 267.4872 989.86;
	3.6718 49.6143 92.3829 118.652 14.8068 33.2809 25.871 18.3172 26.4619 30.6023 56.5679 84.3882 127.046 66.2889 195.6007 73.6914 91.432 96.8906 90.1807 70.9735 8.6237 77.6553 74.3047 88.9729 104.9467 75.1949 13.5275 1081.3485 739.9502 739.9502 683.5537 100.264 300.6025 182.686 207.8248 315.7121 1008.2551 317.912 462.0692 281.1073 110.8442 369.1956 183.3987 268.8098 1018.7577;
	3.4765 46.9747 90.6569 117.5769 14.5078 32.993 22.3076 17.8308 25.0085 30.4204 56.2317 83.8867 126.2909 61.4604 194.9461 73.4448 91.126 96.5663 90.5933 71.8459 7.4359 76.9837 73.0846 89.2385 102.8438 75.1827 12.7096 1051.3782 705.3782 705.3782 666.6943 97.5596 301.9775 184.9314 192.6866 300.9614 1033.9206 301.4185 441.8233 275.4743 113.018 366.0025 180.9027 248.8024 1044.6906;
	3.8435 51.9339 94.5453 120.3214 14.978 33.5078 22.8607 16.4167 26.7421 30.2177 55.8569 83.3275 125.4491 63.9356 199.5688 75.1864 93.2868 98.8562 86.9178 73.1812 7.6202 78.1848 71.7406 89.7548 105.4669 70.6757 12.8458 1186.8073 689.8577 689.8577 652.4069 88.0829 289.7259 188.3686 200.4467 294.3393 1061.9454 282.5332 443.477 282.5005 118.9006 371.7129 200.2314 263.2746 1073.0073;
