function solarprofile = ex_solar_profilesh1
%EX_WIND_PROFILE_D  Example wind_load_nyiso profile data for deterministic unit commitment.
% 2022.03.12
% Andres F. Ramirez


%% define constants
[GEN_BUS, PG, QG, QMAX, QMIN, VG, MBASE, GEN_STATUS, PMAX, PMIN, ...
    MU_PMAX, MU_PMIN, MU_QMAX, MU_QMIN, PC1, PC2, QC1MIN, QC1MAX, ...
    QC2MIN, QC2MAX, RAMP_AGC, RAMP_10, RAMP_30, RAMP_Q, APF] = idx_gen;
[CT_LABEL, CT_PROB, CT_TABLE, CT_TBUS, CT_TGEN, CT_TBRCH, CT_TAREABUS, ...
    CT_TAREAGEN, CT_TAREABRCH, CT_ROW, CT_COL, CT_CHGTYPE, CT_REP, ...
    CT_REL, CT_ADD, CT_NEWVAL, CT_TLOAD, CT_TAREALOAD, CT_LOAD_ALL_PQ, ...
    CT_LOAD_FIX_PQ, CT_LOAD_DIS_PQ, CT_LOAD_ALL_P, CT_LOAD_FIX_P, ...
    CT_LOAD_DIS_P, CT_TGENCOST, CT_TAREAGENCOST, CT_MODCOST_F, ...
    CT_MODCOST_X] = idx_ct;

solarprofile = struct( ...
    'type', 'mpcData', ...
    'table', CT_TGEN, ...
    'rows', [1:12], ...
    'col', PMAX, ...
    'chgtype', 1, ...
    'values', [] );
solarprofile.values(:,1,:) = [
	0.0 0.0 0.0 0.0 0.0 0.0 0.0 0.0 0.0 0.0 0.0 0.0;
	0.0 0.0 0.0 0.0 0.0 0.0 0.0 0.0 0.0 0.0 0.0 0.0;
	0.0 0.0 0.0 0.0 0.0 0.0 0.0 0.0 0.0 0.0 0.0 0.0;
	0.0 0.0 0.0 0.0 0.0 0.0 0.0 0.0 0.0 0.0 0.0 0.0;
	0.0 0.0 0.0 0.0 0.0 0.0 0.0 0.0 0.0 0.0 0.0 0.0;
	0.0 0.0 0.002 0.0 0.0 0.0 0.0 0.0 0.0 0.0 0.0 0.0;
	0.9418 1.5163 1.3053 2.9114 4.0275 108.6526 13.5816 26.7648 187.3852 67.1692 39.905 121.6438;
	11.2289 13.0241 8.5621 6.185 8.7301 382.9571 47.8696 66.7991 268.3947 29.1206 23.1592 52.7376;
	22.2913 16.6029 13.7417 10.1362 11.8196 438.2561 54.782 73.0503 276.5148 109.7591 50.8975 198.7744;
	24.4749 16.3664 13.5257 11.6827 12.1776 428.5513 53.5689 68.3933 280.2845 243.7621 156.6272 441.4546;
	21.4858 15.3729 12.6156 11.5509 11.6196 423.7138 52.9642 68.1637 276.7696 275.1306 214.0142 498.2632;
	21.2795 15.7134 12.8126 11.4717 10.1652 399.8973 49.9872 66.5124 266.3934 275.0242 220.1497 498.0704;
	25.3351 16.6083 13.8 11.4564 9.8028 384.1609 48.0201 67.0059 216.8191 165.4036 125.4208 299.547;
	23.2412 16.6083 13.8 11.4489 10.0115 382.4503 47.8063 67.1775 192.1794 156.0214 58.9189 282.5557;
	18.8146 15.0981 13.1764 9.1178 9.4908 359.664 44.958 64.6725 168.2475 118.7613 73.3058 215.0773;
	9.8323 9.8113 7.5508 4.759 3.5948 178.5507 22.3188 41.7081 77.3896 61.5803 58.2611 111.5222;
	1.0249 1.1003 0.5828 1.2451 2.4345 44.7258 5.5907 8.6992 21.432 21.2594 19.6511 38.501;
	0.0 0.0 0.0 0.0 0.0 0.0 0.0 0.0 0.0 0.0 0.0 0.0;
	0.0 0.0 0.0 0.0 0.0 0.0 0.0 0.0 0.0 0.0 0.0 0.0;
	0.0 0.0 0.0 0.0 0.0 0.0 0.0 0.0 0.0 0.0 0.0 0.0;
	0.0 0.0 0.0 0.0 0.0 0.0 0.0 0.0 0.0 0.0 0.0 0.0;
	0.0 0.0 0.0 0.0 0.0 0.0 0.0 0.0 0.0 0.0 0.0 0.0;
	0.0 0.0 0.0 0.0 0.0 0.0 0.0 0.0 0.0 0.0 0.0 0.0;
	0.0 0.0 0.0 0.0 0.0 0.0 0.0 0.0 0.0 0.0 0.0 0.0;
];
