function solarprofile = ex_solar_profilesh1
%EX_WIND_PROFILE_D  Example wind_load_nyiso profile data for deterministic unit commitment.
% 2022.03.12
% Andres F. Ramirez


%% define constants
[GEN_BUS, PG, QG, QMAX, QMIN, VG, MBASE, GEN_STATUS, PMAX, PMIN, ...
    MU_PMAX, MU_PMIN, MU_QMAX, MU_QMIN, PC1, PC2, QC1MIN, QC1MAX, ...
    QC2MIN, QC2MAX, RAMP_AGC, RAMP_10, RAMP_30, RAMP_Q, APF] = idx_gen;
[CT_LABEL, CT_PROB, CT_TABLE, CT_TBUS, CT_TGEN, CT_TBRCH, CT_TAREABUS, ...
    CT_TAREAGEN, CT_TAREABRCH, CT_ROW, CT_COL, CT_CHGTYPE, CT_REP, ...
    CT_REL, CT_ADD, CT_NEWVAL, CT_TLOAD, CT_TAREALOAD, CT_LOAD_ALL_PQ, ...
    CT_LOAD_FIX_PQ, CT_LOAD_DIS_PQ, CT_LOAD_ALL_P, CT_LOAD_FIX_P, ...
    CT_LOAD_DIS_P, CT_TGENCOST, CT_TAREAGENCOST, CT_MODCOST_F, ...
    CT_MODCOST_X] = idx_ct;

solarprofile = struct( ...
    'type', 'mpcData', ...
    'table', CT_TGEN, ...
    'rows', [1:12], ...
    'col', PMAX, ...
    'chgtype', 1, ...
    'values', [] );
solarprofile.values(:,1,:) = [
	0.0 0.0 0.0 0.0 0.0 0.0 0.0 0.0 0.0 0.0 0.0 0.0;
	0.0 0.0 0.0 0.0 0.0 0.0 0.0 0.0 0.0 0.0 0.0 0.0;
	0.0 0.0 0.0 0.0 0.0 0.0 0.0 0.0 0.0 0.0 0.0 0.0;
	0.0 0.0 0.0 0.0 0.0 0.0 0.0 0.0 0.0 0.0 0.0 0.0;
	0.0 0.0 0.0 0.0 0.0 0.0 0.0 0.0 0.0 0.0 0.0 0.0;
	0.0 0.0 0.002 0.0 0.0 0.0 0.0 0.0 0.0 0.0 0.0 0.0;
	7.9763 4.4293 3.0094 1.4332 3.6136 328.8252 41.1032 47.5332 95.0204 71.3727 41.3168 129.2565;
	23.1967 15.0776 12.571 4.7712 12.4163 357.6055 44.7007 74.7254 79.5345 195.5135 85.0453 354.0762;
	26.2487 16.6928 13.9847 7.7599 13.1077 376.6817 47.0852 76.9396 79.7929 282.0664 92.0826 510.824;
	26.4246 16.6083 13.8 6.6557 9.9149 384.7819 48.0977 70.8508 160.3276 168.985 64.1411 306.0328;
	26.334 16.3884 13.6304 6.517 8.884 401.277 50.1596 71.259 193.8837 277.5144 181.1249 502.5802;
	26.1316 16.4295 13.0746 6.6186 8.3138 384.3118 48.039 71.7079 196.4407 302.2425 215.4029 547.363;
	23.7584 16.6083 13.5825 6.3354 9.9617 381.6567 47.7071 72.5002 174.3722 200.6822 153.0247 363.4366;
	18.3794 16.6083 13.7412 6.0544 11.0075 391.3829 48.9229 73.8842 161.4012 163.7601 60.4081 296.5706;
	9.7125 14.1121 9.8369 1.7558 10.2169 394.0134 49.2517 71.4425 150.4282 79.1761 32.9041 143.3885;
	2.9612 6.4016 3.4893 0.8543 4.9999 349.2294 43.6537 42.7011 96.7783 38.7814 21.5424 70.2334;
	0.7393 0.6835 0.4318 1.2449 2.4807 48.381 6.0476 8.7349 19.7654 22.9385 18.918 41.5418;
	0.0 0.0 0.0 0.0 0.0 0.0 0.0 0.0 0.0 0.0 0.0 0.0;
	0.0 0.0 0.0 0.0 0.0 0.0 0.0 0.0 0.0 0.0 0.0 0.0;
	0.0 0.0 0.0 0.0 0.0 0.0 0.0 0.0 0.0 0.0 0.0 0.0;
	0.0 0.0 0.0 0.0 0.0 0.0 0.0 0.0 0.0 0.0 0.0 0.0;
	0.0 0.0 0.0 0.0 0.0 0.0 0.0 0.0 0.0 0.0 0.0 0.0;
	0.0 0.0 0.0 0.0 0.0 0.0 0.0 0.0 0.0 0.0 0.0 0.0;
	0.0 0.0 0.0 0.0 0.0 0.0 0.0 0.0 0.0 0.0 0.0 0.0;
];
