function loadprofile = ex_load_profilesh1
%EX_LOAD_PROFILE  Example load profile data file for stochastic unit commitment.
% 2022.03.12
% Andres F. Ramirez

%% define constants
[CT_LABEL, CT_PROB, CT_TABLE, CT_TBUS, CT_TGEN, CT_TBRCH, CT_TAREABUS, ...
    CT_TAREAGEN, CT_TAREABRCH, CT_ROW, CT_COL, CT_CHGTYPE, CT_REP, ...
    CT_REL, CT_ADD, CT_NEWVAL, CT_TLOAD, CT_TAREALOAD, CT_LOAD_ALL_PQ, ...
    CT_LOAD_FIX_PQ, CT_LOAD_DIS_PQ, CT_LOAD_ALL_P, CT_LOAD_FIX_P, ...
    CT_LOAD_DIS_P, CT_TGENCOST, CT_TAREAGENCOST, CT_MODCOST_F, ...
    CT_MODCOST_X] = idx_ct;

loadprofile = struct( ...
    'type', 'mpcData', ...
    'table', CT_TAREALOAD, ...
    'rows', [1:11], ...
    'col', CT_LOAD_ALL_P, ...
    'chgtype', 1, ...
    'values', [] );
loadprofile.values(:,1,:) = [
	1539.907 896.8866 1561.7276 549.0 775.7 1070.7 819.3856 267.7679 471.4997 4572.1508 1681.1649;
	1537.3323 908.708 1592.7918 548.8 790.3274 1096.456 825.1979 272.2 473.9397 4492.0981 1683.8103;
	1539.4301 933.6995 1622.7799 548.3516 801.0088 1094.8222 839.9366 262.7462 489.0157 4502.3271 1696.0441;
	1607.5466 1014.3628 1739.1581 556.4075 859.7077 1141.1205 873.3179 287.2 513.9514 4714.9331 1806.536;
	1717.3997 1125.7464 1940.4997 603.2192 985.0111 1242.9718 946.2855 331.8547 583.1863 5220.398 1997.2;
	1856.1858 1175.9488 1981.5161 621.463 1012.0645 1271.262 976.9278 352.5469 635.8942 5710.4843 2066.1306;
	1874.2749 1186.8272 1994.5 620.4 1035.8554 1279.4344 1026.6041 354.507 655.1509 6093.583 2010.5002;
	1903.0292 1221.9946 1980.6933 621.8222 1064.9391 1272.7733 976.7258 343.5 640.7266 6265.7364 1915.6551;
	1946.3282 1250.6486 2066.892 620.3 1084.9669 1336.1433 1038.0484 337.9209 633.7984 6286.9948 1884.8374;
	1980.2039 1267.6391 2088.706 618.9551 1062.4812 1335.9122 1034.6711 342.6516 641.8434 6298.2041 1963.8423;
	1970.0233 1270.0194 2111.0014 615.5 1059.386 1296.3838 1009.7593 347.4654 636.0529 6261.5126 1935.1296;
	1959.3907 1266.2 2056.0943 591.3967 1014.498 1248.1588 994.6346 335.4298 652.2247 6216.4638 1995.2097;
	1926.9 1263.7102 2029.3534 596.2111 1011.8136 1237.7925 971.1504 344.8076 653.7568 6143.8459 1958.0343;
	1924.7959 1244.3286 2022.8593 590.1813 1004.7162 1212.1003 1005.7172 335.8248 669.0255 6186.9119 2072.0376;
	1956.4819 1224.9077 2037.8092 590.0 1010.4702 1250.4461 1005.9484 325.9 660.0114 6186.1179 2086.0712;
	1915.0915 1202.5827 2032.8937 592.3 1005.3245 1276.8516 1056.8247 331.8241 699.5 6323.948 2210.8388;
	1897.8 1215.5854 2051.4185 593.8843 1026.2412 1244.9516 1091.3665 356.8257 719.9004 6208.6978 2310.1625;
	1988.0741 1268.2593 2153.8959 600.1269 1105.6481 1467.1323 1189.0263 376.1582 793.4025 6564.9493 2524.0813;
	1980.3 1262.0388 2122.0759 617.0069 1062.918 1456.9624 1182.1249 374.6871 747.9386 6471.6998 2475.9629;
	1916.0372 1217.9307 2039.8777 593.926 1004.7539 1380.3048 1132.7 363.603 716.3 6290.837 2378.3394;
	1838.3158 1129.4127 1914.8251 561.668 923.8 1278.0972 1056.6959 336.9574 649.0 6066.1148 2201.6654;
	1708.2106 1038.7 1798.4571 557.0 888.8315 1192.1 980.8392 311.7836 589.7238 5676.8119 2025.4679;
	1684.2603 1001.7158 1722.2381 562.4619 887.0 1147.3 924.3541 293.5 551.3 5418.7224 1885.1694;
	1587.3761 954.5852 1678.2796 542.7 833.0 1117.8048 901.8968 283.2305 534.7495 4944.2273 1803.0668;
];
