function windprofile = ex_wind_profilesh1
%EX_WIND_PROFILE_D  Example wind_load_nyiso profile data for deterministic unit commitment.
% 2022.03.12
% Andres F. Ramirez


%% define constants
[GEN_BUS, PG, QG, QMAX, QMIN, VG, MBASE, GEN_STATUS, PMAX, PMIN, ...
    MU_PMAX, MU_PMIN, MU_QMAX, MU_QMIN, PC1, PC2, QC1MIN, QC1MAX, ...
    QC2MIN, QC2MAX, RAMP_AGC, RAMP_10, RAMP_30, RAMP_Q, APF] = idx_gen;
[CT_LABEL, CT_PROB, CT_TABLE, CT_TBUS, CT_TGEN, CT_TBRCH, CT_TAREABUS, ...
    CT_TAREAGEN, CT_TAREABRCH, CT_ROW, CT_COL, CT_CHGTYPE, CT_REP, ...
    CT_REL, CT_ADD, CT_NEWVAL, CT_TLOAD, CT_TAREALOAD, CT_LOAD_ALL_PQ, ...
    CT_LOAD_FIX_PQ, CT_LOAD_DIS_PQ, CT_LOAD_ALL_P, CT_LOAD_FIX_P, ...
    CT_LOAD_DIS_P, CT_TGENCOST, CT_TAREAGENCOST, CT_MODCOST_F, ...
    CT_MODCOST_X] = idx_ct;

windprofile = struct( ...
    'type', 'mpcData', ...
    'table', CT_TGEN, ...
    'rows', [1:45], ...
    'col', PMAX, ...
    'chgtype', 1, ...
    'values', [] );
windprofile.values(:,1,:) = [
	3.9143 52.8901 88.5581 107.4254 14.5254 34.7727 29.0433 18.7925 27.8389 29.6488 54.8054 81.7589 123.0876 68.6026 203.1985 76.5539 94.9835 100.6542 37.3483 71.9615 9.6811 81.1364 72.8924 86.6968 102.2776 72.3499 13.518 1222.3695 738.8787 738.8787 631.8316 105.177 124.4945 185.2292 215.0784 315.2549 1197.038 237.1039 460.6674 273.9578 123.4517 385.7457 150.6289 266.1648 1209.5071;
	3.8481 51.9959 88.4904 113.8808 14.6792 33.4717 28.7777 18.9496 27.5671 28.976 53.5617 79.9035 120.2943 68.7974 195.249 73.5589 91.2676 96.7164 31.3945 71.815 9.5926 78.1006 70.7728 86.7351 100.9404 71.345 13.4626 1215.7654 730.6348 730.6348 584.2894 102.101 104.6482 184.8521 215.6891 311.7375 1169.538 233.0774 451.0088 270.3761 123.3627 371.3125 143.2041 273.4791 1181.7207;
	3.7953 51.2826 90.1291 61.1665 14.1729 34.2879 29.5572 18.9694 27.9606 27.6964 51.1964 76.375 114.9822 69.4975 202.0283 76.113 94.4365 100.0745 33.5101 71.74 9.8524 80.0051 68.3021 87.5232 101.8525 72.3407 13.66 1199.3991 716.2845 716.2845 575.0273 102.5009 111.7003 184.659 217.8839 305.6147 1187.7713 230.7408 456.9321 272.8191 123.2098 380.3673 141.4846 270.5205 1200.1439;
	3.8224 51.6495 88.7928 79.9848 14.6478 34.3609 28.8012 19.1469 28.2336 28.8009 53.238 79.4206 119.5673 69.0037 203.3741 76.62 95.0656 100.7411 45.7174 72.021 9.6004 80.1754 63.863 86.3107 101.5792 73.2717 13.7213 1232.6703 745.0664 745.0664 547.7316 92.7214 152.3914 185.3821 216.336 317.895 1143.6177 241.1345 468.7787 272.087 123.951 381.1768 180.3211 271.0431 1155.5303;
	3.5632 48.1468 90.7872 115.9916 14.5361 34.5258 25.0038 18.9738 28.2337 29.6669 54.8388 81.8086 123.1625 68.5206 199.2303 75.0589 93.1286 98.6885 78.1427 70.3768 8.3346 80.5603 61.0967 86.4245 103.7752 72.7629 13.3174 1226.8183 689.4043 689.4043 553.5731 91.7948 260.4758 181.1502 214.8213 294.1458 1197.2774 241.5625 471.9507 277.9694 123.8326 383.0065 196.073 268.5782 1209.749;
	3.7261 50.3483 91.221 117.3859 15.0608 34.2295 29.1143 18.8453 27.9396 29.6298 54.7702 81.7064 123.0085 68.3176 202.7665 76.3911 94.7816 100.4402 88.7734 72.3403 9.7048 79.8688 73.3343 87.0875 104.5006 72.4606 13.6865 1275.1236 721.0432 721.0432 518.5822 90.9557 295.9112 186.2042 214.185 307.6451 1144.6085 223.4409 464.7927 279.9122 123.7348 379.7191 202.585 272.7951 1156.5315;
	3.6068 48.7351 89.6089 114.2412 14.3067 33.0449 29.8782 18.6508 27.9148 29.2611 54.0887 80.6897 121.4779 68.1528 198.0574 74.617 92.5803 98.1075 86.5428 71.3235 9.9594 77.1047 75.0207 85.1443 101.7104 74.2332 13.3519 1219.7473 755.5997 755.5997 572.2555 84.9784 288.4762 183.5867 213.6682 322.3892 1157.6696 243.3675 468.747 272.4386 122.3061 366.5778 202.2381 266.8326 1169.7287;
	3.6237 48.9647 90.7738 115.7204 14.3475 33.8972 29.5038 18.3083 27.0985 28.9004 53.422 79.6951 119.9805 65.8238 200.7414 75.6282 93.8349 99.437 87.7242 70.5946 9.8346 79.0934 72.4458 85.5904 104.7906 73.4027 13.331 1124.729 734.7442 734.7442 567.2134 74.8296 292.4139 181.7106 206.3666 313.4909 1140.5348 240.2971 470.7534 280.6892 118.3476 376.0328 203.1583 259.3931 1152.4153;
	3.6966 49.9495 92.6966 118.6596 14.2515 33.7664 29.1346 18.2812 26.7046 29.927 55.3196 82.526 124.2424 67.8873 203.5645 76.6917 95.1546 100.8354 89.348 69.5764 9.7115 78.7882 71.5534 87.0242 104.8871 74.4217 13.4129 1136.8463 799.7677 799.7677 642.3624 70.8257 297.8267 179.0899 212.8359 341.2342 1164.7407 282.4039 470.2919 280.9477 120.6843 374.5814 189.9454 272.0739 1176.8734;
	3.7869 51.1696 93.1907 117.3312 14.9224 34.3628 28.9304 18.2052 26.7362 30.5046 56.3872 84.1186 126.6401 67.5358 197.983 74.589 92.5456 98.0707 91.2419 71.2432 9.6435 80.18 73.5499 88.2408 104.2746 72.7197 13.4575 1128.6653 740.2943 740.2943 727.2305 83.6734 304.1396 183.3801 211.734 315.8589 1126.057 302.1213 465.7153 279.3071 120.9334 381.1985 171.5809 267.5522 1137.7868;
	3.7387 50.5183 93.2784 116.5881 14.4247 33.773 27.0087 17.878 26.681 31.2727 57.8071 86.2368 129.8291 68.5627 202.6905 76.3625 94.746 100.4025 91.5727 72.5444 9.0029 78.8036 74.6099 88.1287 101.4896 71.1528 13.3643 1150.7537 764.0131 764.0131 723.5398 91.4624 305.2424 186.7295 214.9532 325.9789 1106.952 310.7778 476.6493 271.8471 118.557 374.6551 172.5612 267.6729 1118.4828;
	3.7649 50.8723 90.4357 113.6146 14.3625 33.8679 25.8219 17.7164 26.4527 30.6964 56.7418 84.6476 127.4365 68.3242 200.2099 75.4279 93.5865 99.1737 91.3797 72.668 8.6073 79.025 74.887 86.051 101.9316 71.2282 13.1793 1079.4023 735.2565 735.2565 695.8276 96.0371 304.5989 187.0475 214.2057 313.7095 1098.0957 298.769 471.3092 273.0311 119.1263 375.7074 191.0704 266.1439 1109.5342;
	3.8796 52.4222 93.3823 117.2555 15.0488 34.9914 28.6683 18.6297 27.2344 31.3298 57.9126 86.3942 130.066 69.5148 198.5684 74.8095 92.8192 98.3606 92.2528 73.6609 9.5561 81.6465 75.7196 89.6951 104.2755 74.3355 13.6644 1095.3285 757.3586 757.3586 716.9656 103.5865 307.5095 189.6035 217.9381 323.1397 1020.3702 313.5686 475.2391 279.3095 122.1943 388.1708 172.8021 263.3847 1030.999;
	3.8563 52.107 91.3879 113.9381 14.4675 34.7308 28.7505 18.1846 27.5443 31.3813 58.0078 86.5363 130.2799 69.4848 204.3023 76.9697 95.4994 101.2009 92.8707 73.7085 9.5835 81.0386 75.6243 87.3099 99.4554 72.6711 13.6731 1061.6657 726.2923 726.2923 731.6292 102.3545 309.5689 189.7259 217.8442 309.8847 1016.1182 322.5851 476.2464 266.3984 117.3044 385.2805 160.7664 267.9961 1026.7027;
	3.8547 52.0861 94.86 118.4605 15.1835 34.716 27.4433 18.8437 28.3868 31.2933 57.8451 86.2935 129.9144 68.4487 204.2244 76.9403 95.463 101.1623 90.8322 73.9393 9.1478 81.0041 75.4726 89.9356 103.7963 74.5869 14.0897 1078.8018 707.606 707.606 689.7076 106.1623 302.774 190.3198 214.5958 301.9119 965.0357 330.7403 479.3215 278.0257 116.2012 385.1164 183.793 263.4661 975.0882;
	3.7331 50.4425 93.9504 119.6494 14.6334 33.8641 25.8806 18.66 26.699 30.2211 55.8632 83.337 125.4633 66.5193 201.9189 76.0718 94.3853 100.0203 89.3365 73.2648 8.6269 79.0162 74.6363 90.1047 104.9459 74.7622 14.0787 1052.6268 698.3973 698.3973 619.8333 106.2929 297.7885 188.5837 208.5469 297.9828 979.0278 293.244 465.4913 281.1052 119.4535 375.6654 169.0763 259.3866 989.226;
	3.7412 50.5522 93.5349 119.6799 15.0718 34.3666 25.8677 17.9692 27.1713 30.9742 57.2554 85.4138 128.59 65.3676 203.5583 76.6894 95.1517 100.8324 91.9805 73.6118 8.6226 80.1887 75.7483 90.1027 105.3953 73.4032 13.1005 1020.6373 736.551 736.551 671.2151 106.6224 306.6016 189.477 204.9362 314.2618 1079.9821 289.1557 465.1006 282.3088 117.0798 381.24 178.7754 244.716 1091.2319;
	3.8625 52.1906 93.6047 117.1213 14.3522 33.338 25.1824 15.667 26.0865 30.3473 56.0965 83.6849 125.9872 64.7648 196.1564 73.9008 91.6917 97.1658 88.3705 71.3341 8.3941 77.7887 75.4844 89.771 104.0539 70.8727 12.4544 1169.6299 702.9549 702.9549 686.2745 105.3563 294.5684 183.6142 203.0464 299.9274 1125.0213 305.6565 451.2478 278.7158 120.9934 369.8298 183.3597 259.8021 1136.7403;
