function solarprofile = ex_solar_profilesh1
%EX_WIND_PROFILE_D  Example wind_load_nyiso profile data for deterministic unit commitment.
% 2022.03.12
% Andres F. Ramirez


%% define constants
[GEN_BUS, PG, QG, QMAX, QMIN, VG, MBASE, GEN_STATUS, PMAX, PMIN, ...
    MU_PMAX, MU_PMIN, MU_QMAX, MU_QMIN, PC1, PC2, QC1MIN, QC1MAX, ...
    QC2MIN, QC2MAX, RAMP_AGC, RAMP_10, RAMP_30, RAMP_Q, APF] = idx_gen;
[CT_LABEL, CT_PROB, CT_TABLE, CT_TBUS, CT_TGEN, CT_TBRCH, CT_TAREABUS, ...
    CT_TAREAGEN, CT_TAREABRCH, CT_ROW, CT_COL, CT_CHGTYPE, CT_REP, ...
    CT_REL, CT_ADD, CT_NEWVAL, CT_TLOAD, CT_TAREALOAD, CT_LOAD_ALL_PQ, ...
    CT_LOAD_FIX_PQ, CT_LOAD_DIS_PQ, CT_LOAD_ALL_P, CT_LOAD_FIX_P, ...
    CT_LOAD_DIS_P, CT_TGENCOST, CT_TAREAGENCOST, CT_MODCOST_F, ...
    CT_MODCOST_X] = idx_ct;

solarprofile = struct( ...
    'type', 'mpcData', ...
    'table', CT_TGEN, ...
    'rows', [1:12], ...
    'col', PMAX, ...
    'chgtype', 1, ...
    'values', [] );
solarprofile.values(:,1,:) = [
	0.0 0.0 0.0 0.0 0.0 0.0 0.0 0.0 0.0 0.0 0.0 0.0;
	0.0 0.0 0.0 0.0 0.0 0.0 0.0 0.0 0.0 0.0 0.0 0.0;
	0.0 0.0 0.0 0.0 0.0 0.0 0.0 0.0 0.0 0.0 0.0 0.0;
	0.0 0.0 0.0 0.0 0.0 0.0 0.0 0.0 0.0 0.0 0.0 0.0;
	0.0 0.0 0.0 0.0 0.0 0.0 0.0 0.0 0.0 0.0 0.0 0.0;
	0.0 0.0108 0.0127 0.0 0.0 0.0 0.0 0.0 0.0 0.0 0.0 0.0;
	8.5981 6.4558 5.4586 2.1796 3.8394 204.6841 25.5855 53.6384 65.3966 63.194 39.1855 114.4447;
	23.2813 14.3975 12.1632 2.6274 8.7657 370.5133 46.3142 76.422 184.986 10.0175 23.7718 18.1418;
	26.4491 16.6357 13.8974 5.212 10.1822 394.3963 49.2995 78.2638 205.497 30.2306 59.3029 54.7477;
	27.1243 16.7605 14.2273 6.0161 4.6943 354.4298 44.3037 71.9164 195.0897 13.5264 68.8586 24.4964;
	26.8671 16.6443 14.2063 8.8451 3.9259 355.958 44.4948 67.7043 199.4033 106.6275 164.1286 193.103;
	26.7479 16.6083 14.0372 9.3783 3.3827 363.4865 45.4358 65.7501 209.7576 211.8569 192.1069 383.674;
	26.4929 16.6083 13.8 4.4465 4.1569 412.8776 51.6097 70.0627 204.6852 131.659 134.4387 238.4352;
	23.6232 16.6167 13.8 3.7334 6.4163 426.567 53.3209 73.0857 186.6414 68.982 63.2394 124.9269;
	17.7005 15.4685 10.7701 2.0186 7.5078 426.402 53.3003 72.003 145.4452 20.0202 37.3651 36.2567;
	7.2686 7.537 3.8207 4.7434 7.7131 354.1366 44.2671 49.533 51.0912 4.2623 15.4634 7.7191;
	0.8083 0.7668 0.412 1.7836 3.4008 53.4424 6.6803 9.1912 21.4154 18.1276 17.3695 32.8292;
	0.0 0.0 0.0 0.0 0.0 0.0 0.0 0.0 0.0 0.0 0.0 0.0;
	0.0 0.0 0.0 0.0 0.0 0.0 0.0 0.0 0.0 0.0 0.0 0.0;
	0.0 0.0 0.0 0.0 0.0 0.0 0.0 0.0 0.0 0.0 0.0 0.0;
	0.0 0.0 0.0 0.0 0.0 0.0 0.0 0.0 0.0 0.0 0.0 0.0;
	0.0 0.0 0.0 0.0 0.0 0.0 0.0 0.0 0.0 0.0 0.0 0.0;
	0.0 0.0 0.0 0.0 0.0 0.0 0.0 0.0 0.0 0.0 0.0 0.0;
	0.0 0.0 0.0 0.0 0.0 0.0 0.0 0.0 0.0 0.0 0.0 0.0;
];
