function solarprofile = ex_solar_profilesh1
%EX_WIND_PROFILE_D  Example wind_load_nyiso profile data for deterministic unit commitment.
% 2022.03.12
% Andres F. Ramirez


%% define constants
[GEN_BUS, PG, QG, QMAX, QMIN, VG, MBASE, GEN_STATUS, PMAX, PMIN, ...
    MU_PMAX, MU_PMIN, MU_QMAX, MU_QMIN, PC1, PC2, QC1MIN, QC1MAX, ...
    QC2MIN, QC2MAX, RAMP_AGC, RAMP_10, RAMP_30, RAMP_Q, APF] = idx_gen;
[CT_LABEL, CT_PROB, CT_TABLE, CT_TBUS, CT_TGEN, CT_TBRCH, CT_TAREABUS, ...
    CT_TAREAGEN, CT_TAREABRCH, CT_ROW, CT_COL, CT_CHGTYPE, CT_REP, ...
    CT_REL, CT_ADD, CT_NEWVAL, CT_TLOAD, CT_TAREALOAD, CT_LOAD_ALL_PQ, ...
    CT_LOAD_FIX_PQ, CT_LOAD_DIS_PQ, CT_LOAD_ALL_P, CT_LOAD_FIX_P, ...
    CT_LOAD_DIS_P, CT_TGENCOST, CT_TAREAGENCOST, CT_MODCOST_F, ...
    CT_MODCOST_X] = idx_ct;

solarprofile = struct( ...
    'type', 'mpcData', ...
    'table', CT_TGEN, ...
    'rows', [1:12], ...
    'col', PMAX, ...
    'chgtype', 1, ...
    'values', [] );
solarprofile.values(:,1,:) = [
	0.0 0.0 0.0 0.0 0.0 0.0 0.0 0.0 0.0 0.0 0.0 0.0;
	0.0 0.0 0.0 0.0 0.0 0.0 0.0 0.0 0.0 0.0 0.0 0.0;
	0.0 0.0 0.0 0.0 0.0 0.0 0.0 0.0 0.0 0.0 0.0 0.0;
	0.0 0.0 0.0 0.0 0.0 0.0 0.0 0.0 0.0 0.0 0.0 0.0;
	0.0 0.0 0.0 0.0 0.0 0.0 0.0 0.0 0.0 0.0 0.0 0.0;
	0.0 0.0 0.002 0.0 0.0 0.0 0.0 0.0 0.0 0.0 0.0 0.0;
	8.4634 9.0636 6.1198 2.909 2.0914 116.9433 14.6179 36.371 73.9977 67.3533 41.546 121.9772;
	14.0727 13.5302 10.5053 2.2398 10.0504 237.2167 29.6521 72.6015 100.207 157.5793 154.7502 285.377;
	18.3425 16.2709 13.2374 5.201 12.2121 322.5883 40.3235 74.9407 130.8658 312.4059 214.2133 565.7689;
	22.7075 16.0576 13.7222 11.1762 10.0476 313.9149 39.2394 61.2377 186.3266 328.8496 219.3809 595.5487;
	26.2511 16.6083 13.8 11.4773 9.5467 310.2051 38.7756 59.2108 201.8539 322.0039 215.8102 583.1511;
	26.3392 16.6083 13.8 11.5218 9.0314 278.4018 34.8002 62.0204 210.2195 315.0262 206.6035 570.5143;
	26.3519 16.6083 13.8153 11.5001 10.9685 316.8109 39.6014 70.2647 197.2883 243.0351 170.7715 440.138;
	23.2071 16.6083 13.8 10.8255 11.4667 333.799 41.7249 72.6131 182.2752 238.891 159.9293 432.633;
	14.8705 13.6403 11.253 5.5545 10.9596 342.9757 42.872 69.414 149.0892 188.6202 186.2462 341.5923;
	4.2759 4.6288 3.824 2.4998 7.4507 167.086 20.8858 26.6449 72.4446 75.7793 208.0399 137.2367;
	0.7104 0.5882 0.3742 1.2449 3.0861 44.3469 5.5434 8.849 22.2445 22.3342 21.3727 40.4474;
	0.0 0.0 0.0 0.0 0.0 0.0 0.0 0.0 0.0 0.0 0.0 0.0;
	0.0 0.0 0.0 0.0 0.0 0.0 0.0 0.0 0.0 0.0 0.0 0.0;
	0.0 0.0 0.0 0.0 0.0 0.0 0.0 0.0 0.0 0.0 0.0 0.0;
	0.0 0.0 0.0 0.0 0.0 0.0 0.0 0.0 0.0 0.0 0.0 0.0;
	0.0 0.0 0.0 0.0 0.0 0.0 0.0 0.0 0.0 0.0 0.0 0.0;
	0.0 0.0 0.0 0.0 0.0 0.0 0.0 0.0 0.0 0.0 0.0 0.0;
	0.0 0.0 0.0 0.0 0.0 0.0 0.0 0.0 0.0 0.0 0.0 0.0;
];
