function windprofile = ex_wind_profilesh1
%EX_WIND_PROFILE_D  Example wind_load_nyiso profile data for deterministic unit commitment.
% 2022.03.12
% Andres F. Ramirez


%% define constants
[GEN_BUS, PG, QG, QMAX, QMIN, VG, MBASE, GEN_STATUS, PMAX, PMIN, ...
    MU_PMAX, MU_PMIN, MU_QMAX, MU_QMIN, PC1, PC2, QC1MIN, QC1MAX, ...
    QC2MIN, QC2MAX, RAMP_AGC, RAMP_10, RAMP_30, RAMP_Q, APF] = idx_gen;
[CT_LABEL, CT_PROB, CT_TABLE, CT_TBUS, CT_TGEN, CT_TBRCH, CT_TAREABUS, ...
    CT_TAREAGEN, CT_TAREABRCH, CT_ROW, CT_COL, CT_CHGTYPE, CT_REP, ...
    CT_REL, CT_ADD, CT_NEWVAL, CT_TLOAD, CT_TAREALOAD, CT_LOAD_ALL_PQ, ...
    CT_LOAD_FIX_PQ, CT_LOAD_DIS_PQ, CT_LOAD_ALL_P, CT_LOAD_FIX_P, ...
    CT_LOAD_DIS_P, CT_TGENCOST, CT_TAREAGENCOST, CT_MODCOST_F, ...
    CT_MODCOST_X] = idx_ct;

windprofile = struct( ...
    'type', 'mpcData', ...
    'table', CT_TGEN, ...
    'rows', [1:45], ...
    'col', PMAX, ...
    'chgtype', 1, ...
    'values', [] );
windprofile.values(:,1,:) = [
	3.9103 52.837 92.4368 110.7159 15.3654 34.1189 29.7745 17.8387 28.1192 30.1056 55.6497 83.0184 124.9837 68.972 203.7705 76.7693 95.2508 100.9375 36.8336 73.8626 9.9248 79.6109 74.4131 88.2608 104.2501 75.1656 13.5042 1198.5669 682.0736 682.0736 580.5971 106.7181 122.7788 190.1225 216.2366 291.0181 1163.1088 221.2847 467.122 279.2413 119.1851 378.4929 153.1708 266.6833 1175.2245;
	3.9188 52.9518 94.1241 117.5826 15.417 33.471 29.7075 18.5191 26.9691 28.4196 52.5332 78.3693 117.9845 68.2405 203.8707 76.8071 95.2977 100.9871 30.757 73.127 9.9025 78.099 69.1978 88.0823 104.3012 76.2849 13.5276 1238.2405 730.6453 730.6453 599.5194 111.7141 102.5234 188.2292 213.9432 311.742 1208.5805 231.523 455.1134 279.3783 119.3411 371.305 146.4793 273.6971 1221.1699;
	3.9075 52.7988 93.8517 65.8414 15.3036 33.9498 29.0046 18.2932 26.6487 27.9603 51.6843 77.1028 116.0778 68.6757 202.0298 76.1135 94.4372 100.0752 31.2522 71.5507 9.6682 79.2162 69.2544 88.0757 104.0923 75.6579 13.6745 1224.2809 719.412 719.412 572.9605 108.5295 104.1741 184.1717 215.3077 306.9491 1222.2324 216.6047 453.2778 278.8186 120.752 376.6165 147.0958 267.8083 1234.964;
	3.9031 52.7401 94.2933 85.8958 15.1563 34.5264 27.9522 18.2846 26.5964 28.5942 52.856 78.8508 118.7094 68.4143 204.3242 76.9779 95.5097 101.2117 39.0212 72.6109 9.3174 80.5615 66.6584 86.43 103.3759 76.1062 13.7084 1270.4023 723.2422 723.2422 544.2473 104.1438 130.0708 186.9007 214.4881 308.5833 1161.8205 231.5077 462.4198 276.8998 121.4571 383.0126 182.4616 264.0213 1173.9228;
	3.7671 50.9021 94.2254 119.3869 15.1396 34.6402 24.0267 18.3879 26.7793 30.0077 55.4688 82.7486 124.5775 67.1967 203.8704 76.807 95.2976 100.987 73.0088 72.2309 8.0089 80.8271 58.8423 85.7896 103.0467 74.7688 13.5809 1260.6679 686.7579 686.7579 543.7917 107.024 243.3626 185.9226 210.6709 293.0167 1218.7013 241.5751 469.3018 276.018 121.2147 384.2752 200.5708 268.1653 1231.3961;
	3.8825 52.4606 93.687 118.4364 14.6396 34.6534 28.1127 18.0388 27.0208 30.292 55.9943 83.5325 125.7577 66.1416 203.3341 76.6049 95.0469 100.7213 88.8149 72.4241 9.3709 80.858 69.964 85.9918 103.3224 74.5689 13.8837 1290.221 744.0362 744.0362 492.1558 105.3666 296.0497 186.4199 207.363 317.4554 1145.4379 219.718 472.2344 276.7565 117.6631 384.4221 204.2873 264.4527 1157.3696;
	3.8071 51.4421 90.1655 116.2121 14.1597 32.3877 27.8506 17.7358 26.2661 29.4203 54.383 81.1288 122.1389 65.9798 204.8603 77.1799 95.7603 101.4773 87.9162 71.249 9.2835 75.5714 72.1926 84.1148 98.8511 74.4139 13.1903 1284.9838 731.2768 731.2768 559.5145 99.5617 293.054 183.395 206.8557 312.0114 1135.3175 245.0682 460.2264 264.7798 118.4706 359.2879 194.3503 251.7508 1147.1437;
	3.8988 52.6814 93.5409 120.117 14.406 33.7897 28.8063 18.502 26.801 29.1834 53.9451 80.4755 121.1554 68.8101 205.3595 77.368 95.9936 101.7246 89.2637 71.206 9.6021 78.8427 72.5656 86.7557 105.4805 74.8064 14.0269 1210.1526 744.6384 744.6384 546.5012 85.9252 297.5457 183.2844 215.7289 317.7124 1146.8248 253.2667 475.8233 282.5372 118.16 374.8408 198.7171 260.4455 1158.7709;
	3.9188 52.9522 91.8717 118.6698 14.4778 33.9395 28.8159 17.7044 26.5066 29.2745 54.1135 80.7267 121.5336 68.2896 205.8448 77.5508 96.2205 101.965 89.9426 71.1665 9.6053 79.1922 71.0517 85.2744 103.0902 73.0757 13.3312 1240.6363 815.9318 815.9318 590.1426 81.6627 299.8087 183.1828 214.0972 348.1309 1187.004 283.5537 476.6982 276.1345 122.3217 376.5026 180.5125 271.6397 1199.3686;
	3.8403 51.8912 92.2452 115.7665 14.3275 33.4585 27.9304 17.8948 25.99 30.6071 56.5768 84.4015 127.066 69.2976 205.9404 77.5868 96.2652 102.0123 92.405 73.0073 9.3101 78.0699 72.3804 86.8686 103.3162 74.0829 13.4464 1153.395 757.3473 757.3473 617.0067 93.2061 308.0165 187.921 217.2575 323.1349 1129.4537 277.2969 472.1064 276.7399 118.9483 371.1666 163.387 269.5007 1141.2188;
	3.7516 50.6928 91.6813 113.9853 13.997 32.8019 24.7893 18.2594 25.932 30.2082 55.8393 83.3013 125.4096 68.4683 204.4134 77.0115 95.5514 101.2559 90.6765 71.5124 8.2631 76.5378 72.5438 86.1593 98.8494 73.6279 13.6951 1109.9862 739.3382 739.3382 587.2834 94.2085 302.2551 184.0731 214.6573 315.451 1064.1729 280.332 461.6551 264.7751 117.947 363.8827 161.8107 267.9179 1075.258;
	3.6658 49.5329 87.6388 112.4527 14.1374 32.8185 24.46 17.3731 25.8312 29.9621 55.3844 82.6226 124.3879 69.2545 203.4596 76.6522 95.1055 100.7835 89.7134 72.1346 8.1533 76.5766 71.6405 82.8525 96.6284 72.6741 12.9741 1007.9417 736.804 736.804 608.9612 103.3154 299.0445 185.6746 217.1221 314.3697 1056.4748 278.3374 466.2857 258.826 113.9087 364.0669 176.1392 263.7376 1067.4797;
	3.8228 51.6547 92.13 116.4176 14.2019 33.7935 26.9482 17.3675 24.85 30.1774 55.7825 83.2164 125.2819 68.0507 201.5809 75.9444 94.2274 99.8529 84.1971 72.3438 8.9827 78.8516 71.3875 86.9292 97.7008 72.1733 12.8254 1043.2959 710.7394 710.7394 580.0338 103.9829 280.6569 186.2132 213.3481 303.2488 994.6987 252.0458 449.1125 261.6987 115.1547 374.883 158.0183 269.8089 1005.0601;
	3.9179 52.9394 94.8116 119.3812 14.9648 34.5775 28.0158 17.9934 27.1675 30.1384 55.7104 83.109 125.1202 66.3121 200.9773 75.717 93.9452 99.5538 87.0267 71.5961 9.3386 80.6808 73.8101 88.3265 101.0039 73.4904 13.0647 1020.9758 684.9489 684.9489 603.7551 104.9287 290.0889 184.2886 207.8974 292.2448 976.1927 270.1894 466.3945 270.5462 117.0325 383.5796 155.8596 281.7746 986.3614;
	3.9236 53.0162 94.8555 117.5799 15.0094 34.4913 26.1724 18.308 27.3341 30.6198 56.6002 84.4364 127.1185 67.7123 197.0371 74.2326 92.1034 97.6021 86.4553 70.8757 8.7241 80.4797 71.9637 88.9153 102.2189 74.2152 13.3251 1033.5676 723.0901 723.0901 648.8548 103.886 288.1842 182.4343 212.2871 308.5184 922.3811 283.1808 466.4748 273.8006 115.9708 382.6233 169.3779 274.7018 931.9892;
	3.9305 53.1091 94.444 117.1355 15.3013 34.6462 26.9766 17.75 27.7397 30.087 55.6153 82.967 124.9064 66.9809 198.9956 74.9704 93.0189 98.5722 85.2225 70.4281 8.9922 80.841 73.058 87.8474 100.0277 73.4929 13.1885 1085.1241 755.8142 755.8142 666.0996 105.3786 284.075 181.2821 209.9941 322.4807 1031.9947 280.3737 474.1838 267.9314 113.7566 384.3414 185.7787 276.283 1042.7446;
	3.834 51.8059 93.031 116.5663 15.0395 34.9209 24.8987 17.3577 26.8415 30.6025 56.5682 84.3887 127.0467 63.4929 192.4253 72.4951 89.9477 95.3177 86.6639 71.5176 8.2996 81.4822 72.2375 88.6025 98.6916 72.7513 12.681 1024.7146 713.6011 713.6011 623.4481 99.0403 288.8798 184.0865 199.0587 304.4698 1043.6423 259.4763 456.6864 264.3524 116.9821 387.3894 179.7028 250.2466 1054.5136;
	3.8991 52.6857 93.8724 114.7731 15.0973 33.1881 23.1407 13.3264 27.176 30.6642 56.6823 84.5588 127.3028 63.9623 196.4077 73.9955 91.8092 97.2903 85.6245 70.881 7.7136 77.4388 72.7264 86.7132 99.3516 68.1118 11.329 1088.4354 685.7649 685.7649 609.0516 91.9438 285.415 182.4479 200.5303 292.593 1042.8347 275.053 443.3657 266.1203 116.9023 368.1662 179.3715 252.5128 1053.6976;
