function loadprofile = ex_load_profilesh1
%EX_LOAD_PROFILE  Example load profile data file for stochastic unit commitment.
% 2022.03.12
% Andres F. Ramirez

%% define constants
[CT_LABEL, CT_PROB, CT_TABLE, CT_TBUS, CT_TGEN, CT_TBRCH, CT_TAREABUS, ...
    CT_TAREAGEN, CT_TAREABRCH, CT_ROW, CT_COL, CT_CHGTYPE, CT_REP, ...
    CT_REL, CT_ADD, CT_NEWVAL, CT_TLOAD, CT_TAREALOAD, CT_LOAD_ALL_PQ, ...
    CT_LOAD_FIX_PQ, CT_LOAD_DIS_PQ, CT_LOAD_ALL_P, CT_LOAD_FIX_P, ...
    CT_LOAD_DIS_P, CT_TGENCOST, CT_TAREAGENCOST, CT_MODCOST_F, ...
    CT_MODCOST_X] = idx_ct;

loadprofile = struct( ...
    'type', 'mpcData', ...
    'table', CT_TAREALOAD, ...
    'rows', [1:11], ...
    'col', CT_LOAD_ALL_P, ...
    'chgtype', 1, ...
    'values', [] );
loadprofile.values(:,1,:) = [
	1483.6 904.4108 1555.1 543.8 710.0226 1093.5045 836.0916 251.2778 479.3885 4462.7623 1680.2872;
	1471.2172 905.1 1559.5061 539.5287 728.2812 1115.8409 836.3332 255.0085 470.8437 4397.6738 1678.0609;
	1504.9105 919.4754 1585.4526 539.7623 727.3289 1139.3484 852.36 250.8357 490.2187 4397.9779 1678.6473;
	1568.4121 971.5292 1697.5436 582.6 814.6679 1218.9 898.8173 273.2117 502.3517 4618.1 1789.328;
	1674.8 1054.4168 1838.622 601.3198 910.8669 1328.0073 994.9387 312.2 571.555 5087.8237 2000.5963;
	1769.0158 1159.7584 1973.0202 607.9 981.6365 1445.4978 1083.8 352.2044 649.4976 5731.0189 2169.3495;
	1744.666 1152.427 1982.1188 608.0774 988.6573 1427.0135 1111.8 365.9929 680.275 6089.7 2219.0535;
	1791.3222 1205.256 2012.1255 601.6 1002.0121 1466.8213 1125.9145 362.3771 708.2 6414.0019 2286.8522;
	1786.7836 1197.524 2019.92 579.0158 1017.3856 1465.2907 1118.4146 359.4463 722.5 6405.9091 2226.718;
	1788.8793 1217.186 2002.6447 579.6 1030.6434 1500.2616 1128.7257 344.8774 718.9825 6368.5173 2174.9669;
	1777.5868 1182.7073 1993.5377 580.1 1001.9542 1441.8784 1066.7451 339.9946 706.4 6324.766 2114.2798;
	1765.6049 1174.9871 1969.895 589.6555 1002.2327 1451.3031 1070.2121 339.2 720.5 6404.3632 2123.4737;
	1766.0828 1160.373 1903.201 605.8 965.7655 1349.675 1057.6496 318.6773 687.4554 6366.6323 2081.2518;
	1744.0004 1156.6203 1901.5306 618.8615 983.2 1355.4418 1039.5013 330.8977 687.075 6339.399 2221.3256;
	1764.7792 1173.331 1923.7618 626.5399 983.9675 1382.6466 1066.0011 320.5 686.0632 6247.922 2231.7293;
	1809.8916 1221.5173 2006.7391 635.7 1026.8028 1423.8 1117.7009 363.1429 701.0761 6303.2934 2342.5567;
	1805.535 1253.2169 2087.0423 639.4368 1080.6291 1454.6 1184.7489 406.8 743.812 6308.2055 2586.5841;
	1799.6516 1255.0435 2097.504 636.2369 1113.5758 1523.597 1199.8067 422.3425 749.0 6269.0084 2576.0887;
	1850.6906 1280.0189 2104.0872 639.2291 1079.0397 1491.9147 1182.7074 403.3661 740.2492 6114.7431 2560.448;
	1822.4868 1216.4744 2016.5369 612.4 984.6214 1389.6 1135.2 395.662 721.5532 5922.6075 2536.5357;
	1694.0999 1136.1098 1904.9 593.8 907.9913 1298.6881 1055.5033 357.4786 665.8289 5641.5984 2342.6401;
	1593.5698 1046.6 1770.2309 572.3052 820.1665 1209.2569 979.6 315.9991 607.0 5153.4863 2056.2294;
	1527.5119 990.6226 1649.4807 601.4237 790.8879 1147.4597 923.5 297.5466 552.9429 4824.3596 1877.5;
	1523.9305 974.9222 1653.7074 581.8581 762.995 1120.2003 894.6142 289.5 527.7563 4669.7807 1809.3891;
];
