function solarprofile = ex_solar_profilesh1
%EX_WIND_PROFILE_D  Example wind_load_nyiso profile data for deterministic unit commitment.
% 2022.03.12
% Andres F. Ramirez


%% define constants
[GEN_BUS, PG, QG, QMAX, QMIN, VG, MBASE, GEN_STATUS, PMAX, PMIN, ...
    MU_PMAX, MU_PMIN, MU_QMAX, MU_QMIN, PC1, PC2, QC1MIN, QC1MAX, ...
    QC2MIN, QC2MAX, RAMP_AGC, RAMP_10, RAMP_30, RAMP_Q, APF] = idx_gen;
[CT_LABEL, CT_PROB, CT_TABLE, CT_TBUS, CT_TGEN, CT_TBRCH, CT_TAREABUS, ...
    CT_TAREAGEN, CT_TAREABRCH, CT_ROW, CT_COL, CT_CHGTYPE, CT_REP, ...
    CT_REL, CT_ADD, CT_NEWVAL, CT_TLOAD, CT_TAREALOAD, CT_LOAD_ALL_PQ, ...
    CT_LOAD_FIX_PQ, CT_LOAD_DIS_PQ, CT_LOAD_ALL_P, CT_LOAD_FIX_P, ...
    CT_LOAD_DIS_P, CT_TGENCOST, CT_TAREAGENCOST, CT_MODCOST_F, ...
    CT_MODCOST_X] = idx_ct;

solarprofile = struct( ...
    'type', 'mpcData', ...
    'table', CT_TGEN, ...
    'rows', [1:12], ...
    'col', PMAX, ...
    'chgtype', 1, ...
    'values', [] );
solarprofile.values(:,1,:) = [
	0.0 0.0 0.0 0.0 0.0 0.0 0.0 0.0 0.0 0.0 0.0 0.0;
	0.0 0.0 0.0 0.0 0.0 0.0 0.0 0.0 0.0 0.0 0.0 0.0;
	0.0 0.0 0.0 0.0 0.0 0.0 0.0 0.0 0.0 0.0 0.0 0.0;
	0.0 0.0 0.0 0.0 0.0 0.0 0.0 0.0 0.0 0.0 0.0 0.0;
	0.0 0.0 0.0 0.0 0.0 0.0 0.0 0.0 0.0 0.0 0.0 0.0;
	0.0 0.0 0.014 0.0 0.0 0.0 0.0 0.0 0.0 0.0 0.0 0.0;
	5.7219 3.5889 5.4565 3.5037 10.1457 178.5216 22.3152 40.562 101.5589 73.6982 46.5087 133.4679;
	13.8079 10.3134 11.1934 7.5103 13.3648 344.9164 43.1146 74.1828 196.1284 221.3434 141.1775 400.8543;
	20.8904 16.4038 13.8 10.4141 13.408 371.6248 46.4531 76.3794 212.9524 310.7266 188.0638 562.7278;
	25.6668 16.6083 13.603 11.3775 12.8793 312.4014 39.0502 64.3128 208.7253 264.0476 201.7929 478.1917;
	25.9926 16.6083 13.8 11.6124 12.8296 354.1524 44.269 62.7687 201.0849 325.0439 240.2303 588.6565;
	26.258 16.6083 13.8 11.783 12.9676 369.136 46.142 61.7943 186.6457 349.3436 252.5082 632.6634;
	26.3192 16.6083 13.8 11.9826 14.6132 389.7308 48.7163 47.0477 80.4553 351.0365 246.113 635.7292;
	23.3043 16.6083 13.7925 11.9441 14.8617 391.7253 48.9657 20.702 55.8377 333.1734 201.5021 603.3791;
	17.7584 13.9822 9.0785 11.4466 14.4853 376.309 47.0386 25.6758 41.7288 231.7254 163.753 419.6561;
	9.6219 7.673 4.8154 7.5803 13.0695 270.5645 33.8206 25.6404 25.9355 80.1123 94.0067 145.0838;
	1.0518 0.9278 0.6284 1.4193 3.6388 61.2874 7.6609 12.1986 19.6151 36.3021 26.3289 65.7432;
	0.0 0.0 0.0 0.0 0.0 0.0 0.0 0.0 0.0 0.0 0.0 0.0;
	0.0 0.0 0.0 0.0 0.0 0.0 0.0 0.0 0.0 0.0 0.0 0.0;
	0.0 0.0 0.0 0.0 0.0 0.0 0.0 0.0 0.0 0.0 0.0 0.0;
	0.0 0.0 0.0 0.0 0.0 0.0 0.0 0.0 0.0 0.0 0.0 0.0;
	0.0 0.0 0.0 0.0 0.0 0.0 0.0 0.0 0.0 0.0 0.0 0.0;
	0.0 0.0 0.0 0.0 0.0 0.0 0.0 0.0 0.0 0.0 0.0 0.0;
	0.0 0.0 0.0 0.0 0.0 0.0 0.0 0.0 0.0 0.0 0.0 0.0;
];
