function windprofile = ex_wind_profilesh1
%EX_WIND_PROFILE_D  Example wind_load_nyiso profile data for deterministic unit commitment.
% 2022.03.12
% Andres F. Ramirez


%% define constants
[GEN_BUS, PG, QG, QMAX, QMIN, VG, MBASE, GEN_STATUS, PMAX, PMIN, ...
    MU_PMAX, MU_PMIN, MU_QMAX, MU_QMIN, PC1, PC2, QC1MIN, QC1MAX, ...
    QC2MIN, QC2MAX, RAMP_AGC, RAMP_10, RAMP_30, RAMP_Q, APF] = idx_gen;
[CT_LABEL, CT_PROB, CT_TABLE, CT_TBUS, CT_TGEN, CT_TBRCH, CT_TAREABUS, ...
    CT_TAREAGEN, CT_TAREABRCH, CT_ROW, CT_COL, CT_CHGTYPE, CT_REP, ...
    CT_REL, CT_ADD, CT_NEWVAL, CT_TLOAD, CT_TAREALOAD, CT_LOAD_ALL_PQ, ...
    CT_LOAD_FIX_PQ, CT_LOAD_DIS_PQ, CT_LOAD_ALL_P, CT_LOAD_FIX_P, ...
    CT_LOAD_DIS_P, CT_TGENCOST, CT_TAREAGENCOST, CT_MODCOST_F, ...
    CT_MODCOST_X] = idx_ct;

windprofile = struct( ...
    'type', 'mpcData', ...
    'table', CT_TGEN, ...
    'rows', [1:45], ...
    'col', PMAX, ...
    'chgtype', 1, ...
    'values', [] );
windprofile.values(:,1,:) = [
	3.6945 49.9208 91.459 111.1664 14.3555 32.7178 27.0794 17.6188 26.4047 29.5372 54.599 81.4509 122.6239 62.9992 201.14 75.7783 94.0212 99.6344 40.2829 71.5636 9.0265 76.3416 73.4067 87.3687 101.3024 73.0981 13.6258 1099.8811 624.8073 624.8073 578.3409 106.4563 134.2763 184.205 197.511 266.5845 1089.3625 228.5555 457.8934 271.3457 121.9058 362.9498 140.934 271.9316 1100.71;
	3.5693 48.2293 89.5208 116.1179 14.2861 31.9102 27.4611 14.9929 26.1078 28.578 52.826 78.806 118.642 62.0381 193.6921 72.9724 90.5398 95.9452 29.6175 71.8488 9.1537 74.4572 69.3207 85.8559 90.4048 70.7543 12.9719 1032.3252 630.2562 630.2562 536.3915 99.4747 98.7248 184.939 194.4978 268.9093 1036.9684 222.4356 446.4703 242.1557 122.0643 353.9908 132.9029 266.5654 1047.7701;
	3.682 49.7516 92.5076 66.5385 14.893 33.5123 26.7841 15.882 26.429 29.467 54.4693 81.2574 122.3326 62.9363 197.6287 74.4555 92.3799 97.8952 31.2717 72.8506 8.928 78.1955 73.0244 86.9245 100.8576 72.3389 13.1253 1030.7487 619.7872 619.7872 514.8799 103.3756 104.239 187.5177 197.3139 264.4425 1087.0211 223.653 442.2288 270.1542 121.5502 371.7636 137.7755 274.8933 1098.3442;
	3.752 50.6984 91.4967 86.8678 14.7624 33.4941 28.0941 17.5949 27.3508 30.2826 55.977 83.5067 125.7188 65.4978 200.533 75.5496 93.7375 99.3338 42.1553 73.2363 9.3647 78.1529 71.8086 87.3964 101.4787 73.0723 13.3119 1082.787 691.112 691.112 520.2512 97.9767 140.5176 188.5105 205.3444 294.8744 1044.0098 236.3467 470.2365 271.8179 122.8166 371.561 174.3007 274.1797 1054.8849;
	3.6829 49.7645 93.6846 120.3933 15.3191 33.6365 23.2793 17.825 28.2099 30.6354 56.6291 84.4794 127.1833 65.246 193.6216 72.9458 90.5068 95.9102 75.2843 72.2469 7.7598 78.4851 67.051 87.7896 103.2108 73.5056 13.2399 1048.8769 639.3046 639.3046 488.921 99.0461 250.9475 185.9637 204.5551 272.77 1117.2827 233.411 465.19 276.4574 122.0729 373.1404 195.564 271.5015 1128.9211;
	3.8823 52.458 92.1424 117.423 15.2368 33.9654 28.1932 17.6121 28.1946 30.5289 56.4322 84.1858 126.7413 66.2946 200.5038 75.5386 93.7239 99.3193 89.2468 73.3431 9.3977 79.2527 73.4921 87.0907 103.2726 73.4885 13.3701 1126.3908 684.9023 684.9023 481.0904 95.4212 297.4893 188.7853 207.8427 292.225 1065.3373 213.8016 469.1468 276.623 121.1944 376.7898 197.6744 274.6762 1076.4346;
	3.861 52.1711 90.2732 115.55 15.1202 33.2061 29.6439 17.9902 28.1931 30.143 55.7188 83.1215 125.139 67.547 204.532 77.0562 95.6068 101.3147 91.1785 73.8678 9.8813 77.4809 75.095 85.1376 100.53 74.4781 13.4001 1199.8841 742.3372 742.3372 563.1727 98.8172 303.9283 190.1358 211.7688 316.7305 1159.3777 246.6558 474.1471 269.2768 122.5829 368.3665 196.8103 272.3807 1171.4546;
	3.8882 52.5381 92.3892 116.6755 15.1235 33.8956 30.0808 17.9628 28.2669 30.4049 56.2031 83.8439 126.2266 66.7274 202.0223 76.1107 94.4337 100.0715 87.8261 73.2533 10.0269 79.0898 75.3879 85.1835 102.8219 73.7543 13.1202 1142.3352 729.4958 729.4958 539.5842 85.578 292.7535 188.5543 209.1995 311.2516 1140.4559 230.7593 473.4663 275.4157 121.5236 376.0153 196.9432 259.9853 1152.3356;
	3.8691 52.2802 91.5369 119.8921 15.0246 33.3119 29.89 17.6205 28.0399 30.7786 56.8938 84.8743 127.7778 66.6679 196.5115 74.0346 91.8577 97.3417 87.0121 71.215 9.9633 77.7278 75.539 85.4395 101.5048 73.3981 13.2765 1182.0897 775.0164 775.0164 585.0013 76.6977 290.0404 183.3075 209.013 330.6737 1188.2078 245.6794 470.2824 271.888 123.5416 369.5403 177.5579 261.3196 1200.585;
	3.7988 51.3303 90.5554 114.7701 15.1017 32.5085 29.4965 17.3316 26.9658 30.3647 56.1287 83.7329 126.0595 66.2733 191.1154 72.0016 89.3353 94.6688 88.6468 69.6865 9.8322 75.8531 75.1315 84.9862 99.4385 70.5378 12.9273 1195.3101 710.5779 710.5779 640.5007 91.2324 295.4894 179.3732 207.7758 303.1799 1167.202 268.6417 450.8823 266.353 119.0259 360.6272 150.7902 259.8416 1179.3604;
	3.8335 51.7987 89.0749 111.2301 14.8645 32.5433 27.9845 16.491 27.2989 31.346 57.9427 86.4391 130.1335 65.4519 196.9766 74.2098 92.0751 97.5721 88.8116 71.555 9.3282 75.9343 75.7623 83.5315 97.1756 69.9701 12.7984 1169.115 725.3221 725.3221 626.624 91.4292 296.0386 184.1828 205.2005 309.4708 1092.4736 265.1818 460.3756 260.2917 120.6619 361.0132 161.8759 260.1584 1103.8535;
	3.8664 52.2442 87.7909 110.3763 15.0221 33.296 29.0579 17.0078 27.9464 30.3171 56.0407 83.6017 125.8619 65.2765 195.8181 73.7733 91.5336 96.9983 90.1973 70.235 9.686 77.6906 74.2868 82.0884 97.3258 70.7924 12.7528 1128.1513 724.5251 724.5251 671.265 95.8841 300.6576 180.7852 204.6507 309.1307 1168.4974 269.3867 462.1103 260.6941 118.0361 369.3633 180.198 255.2318 1180.6692;
	3.835 51.8188 88.4031 112.9216 15.1996 33.315 28.9893 17.4186 26.7877 29.9999 55.4544 82.7271 124.5452 68.0396 197.8307 74.5316 92.4744 97.9952 85.2574 72.0832 9.6631 77.735 74.5644 87.3447 97.8241 72.6886 13.1789 1178.754 743.3884 743.3884 690.2707 107.4167 284.1912 185.5423 213.3135 317.1791 1112.0956 292.1709 449.2906 262.0287 115.9175 369.5744 153.5934 241.5102 1123.68;
	3.8713 52.3099 89.5421 115.3252 15.2965 33.8178 29.2472 17.4269 27.4587 30.1454 55.7234 83.1283 125.1492 67.0948 196.613 74.0728 91.9052 97.392 91.5547 71.6175 9.7491 78.9082 75.1411 86.563 97.354 70.3784 13.1992 1160.6917 713.6303 713.6303 693.7349 105.1724 305.1823 184.3437 210.3512 304.4823 1087.5346 308.8738 458.077 260.7695 114.5025 375.152 156.826 258.5269 1098.8631;
	3.7426 50.5706 88.6776 112.5291 14.7007 32.8577 26.6745 17.3724 27.5164 29.3886 54.3244 81.0413 122.0072 68.4577 189.7863 71.5009 88.7141 94.0104 86.4673 70.6678 8.8915 76.6679 72.2563 86.7003 96.8466 70.9184 13.0977 1115.8678 677.1089 677.1089 640.8628 99.8383 288.2242 181.8992 214.6243 288.8998 962.6091 289.1904 456.7939 259.4106 116.8899 364.501 173.2507 227.92 972.6363;
	3.8497 52.0173 88.9184 114.5138 14.8147 33.8398 27.1172 17.1446 27.9592 29.0203 53.6436 80.0258 120.4783 67.7639 194.0456 73.1056 90.705 96.1203 86.1472 70.604 9.0391 78.9595 72.8041 84.6886 97.3595 71.4022 13.1312 1226.8347 741.022 741.022 644.3815 106.8346 287.1574 181.7349 212.449 316.1694 1090.4815 285.4028 459.6495 260.7843 117.2881 375.3959 185.8167 241.3969 1101.8407;
	3.6051 48.7135 86.0989 112.1012 14.6698 32.8636 25.9689 15.156 27.8483 29.6884 54.8785 81.8679 123.2517 67.1188 195.1565 73.5241 91.2243 96.6705 90.2809 72.3115 8.6563 76.6818 73.2929 85.294 96.6552 70.0893 11.8997 1112.3499 736.7672 736.7672 704.8596 108.6457 300.9364 186.1299 210.4264 314.354 1153.2223 294.6741 452.8852 258.8979 115.4504 364.5672 185.5914 206.538 1165.2351;
	3.6904 49.8658 86.5205 110.4925 14.2396 31.6295 25.6889 11.3944 28.0143 29.9214 55.3092 82.5104 124.219 66.1515 189.6418 71.4464 88.6465 93.9388 85.8538 69.5955 8.563 73.8023 71.0304 82.4059 95.1363 44.8447 10.3247 1168.0044 705.2366 705.2366 660.712 94.9934 286.1794 179.139 207.3938 300.901 1150.9225 290.5715 459.0875 254.8293 112.9602 350.877 186.2611 186.7833 1162.9113;
