function loadprofile = ex_load_profilesh1
%EX_LOAD_PROFILE  Example load profile data file for stochastic unit commitment.
% 2022.03.12
% Andres F. Ramirez

%% define constants
[CT_LABEL, CT_PROB, CT_TABLE, CT_TBUS, CT_TGEN, CT_TBRCH, CT_TAREABUS, ...
    CT_TAREAGEN, CT_TAREABRCH, CT_ROW, CT_COL, CT_CHGTYPE, CT_REP, ...
    CT_REL, CT_ADD, CT_NEWVAL, CT_TLOAD, CT_TAREALOAD, CT_LOAD_ALL_PQ, ...
    CT_LOAD_FIX_PQ, CT_LOAD_DIS_PQ, CT_LOAD_ALL_P, CT_LOAD_FIX_P, ...
    CT_LOAD_DIS_P, CT_TGENCOST, CT_TAREAGENCOST, CT_MODCOST_F, ...
    CT_MODCOST_X] = idx_ct;

loadprofile = struct( ...
    'type', 'mpcData', ...
    'table', CT_TAREALOAD, ...
    'rows', [1:11], ...
    'col', CT_LOAD_ALL_P, ...
    'chgtype', 1, ...
    'values', [] );
loadprofile.values(:,1,:) = [
	1384.13 896.033 1501.12 548.09 662.9274 1032.9047 815.1968 261.838 470.1771 4241.3401 1604.2381;
	1445.0 923.6 1535.8014 550.5 717.4445 1055.0358 830.0 268.4731 482.7151 4283.7168 1627.4842;
	1457.2831 950.6 1557.6753 558.7 709.9824 1083.7038 849.7174 262.4264 492.6193 4301.1204 1642.7;
	1550.5977 1008.6667 1661.4412 568.7629 765.3812 1153.8 879.4377 283.3759 524.0324 4539.794 1761.3035;
	1643.3117 1118.5767 1841.24 604.453 865.6985 1258.4458 998.9865 317.0352 599.0005 5088.746 1998.1701;
	1781.2856 1201.3463 1987.9144 604.6848 972.109 1334.7641 1060.9626 339.1586 644.7516 5654.2623 2166.7078;
	1839.4 1215.3442 2006.1166 599.687 1001.7 1396.846 1098.6534 332.502 634.6709 6005.3433 2222.2572;
	1901.9203 1226.948 2037.4645 579.8479 996.2103 1355.3325 1118.103 357.9954 667.09 6244.2734 2190.4349;
	1920.6 1247.2 2068.6143 573.7 1011.3146 1327.3084 1138.9967 368.6716 651.9808 6288.5286 2223.5042;
	1913.6883 1265.5154 2086.1394 562.2 1042.2401 1293.781 1145.3278 368.5932 651.415 6368.1846 2213.5164;
	1926.3145 1289.0757 2031.1014 566.6488 991.9309 1260.9104 1136.1749 347.4986 665.487 6385.4606 2170.5979;
	1896.6518 1265.3086 1986.3234 571.2851 972.5676 1267.314 1143.5688 345.3 651.6 6335.1819 2163.2357;
	1906.1009 1267.5577 1962.273 568.2 981.7234 1269.7697 1138.0218 333.2645 640.821 6285.8746 2197.8834;
	1828.6369 1198.2716 1967.0027 572.6191 964.1701 1235.3412 1085.1981 340.7056 632.9639 6165.1025 2149.7;
	1802.1455 1219.7396 1954.3145 574.117 975.1 1263.3084 1124.314 332.6148 647.3087 6275.2174 2243.0361;
	1763.8315 1217.7 1919.837 598.9844 959.8231 1278.6968 1132.9299 331.3373 643.0313 6205.5172 2288.3871;
	1812.789 1242.9985 2002.9452 595.1898 1001.3602 1431.6702 1194.3725 362.2764 680.5 6196.8121 2534.0681;
	1845.313 1304.9232 2078.0832 617.1623 1034.4675 1500.9815 1227.8197 404.0 704.528 6239.6809 2600.2517;
	1928.5008 1326.0565 2075.5889 619.7467 1034.0759 1465.1207 1212.8822 392.3665 681.9 6154.5841 2569.8012;
	1821.4722 1258.0957 1949.6264 589.6853 942.2881 1363.2205 1137.6471 370.8285 653.3555 5888.1773 2423.6752;
	1721.6801 1186.2792 1859.3 574.925 923.0046 1304.6998 1079.9581 324.3382 605.5384 5577.1 2217.1607;
	1656.1628 1104.1195 1746.4337 552.6321 863.0 1222.9772 985.7931 312.5491 534.3078 5132.3839 2080.6162;
	1544.0 1026.649 1667.9 566.0943 747.5768 1124.2684 917.0 268.797 512.3726 4301.8265 1873.3197;
	1484.3797 989.5 1626.6126 571.5 731.0474 1124.2686 901.6031 258.4064 465.0334 4476.8772 1806.4;
];
