function loadprofile = ex_load_profilesh1
%EX_LOAD_PROFILE  Example load profile data file for stochastic unit commitment.
% 2022.03.12
% Andres F. Ramirez

%% define constants
[CT_LABEL, CT_PROB, CT_TABLE, CT_TBUS, CT_TGEN, CT_TBRCH, CT_TAREABUS, ...
    CT_TAREAGEN, CT_TAREABRCH, CT_ROW, CT_COL, CT_CHGTYPE, CT_REP, ...
    CT_REL, CT_ADD, CT_NEWVAL, CT_TLOAD, CT_TAREALOAD, CT_LOAD_ALL_PQ, ...
    CT_LOAD_FIX_PQ, CT_LOAD_DIS_PQ, CT_LOAD_ALL_P, CT_LOAD_FIX_P, ...
    CT_LOAD_DIS_P, CT_TGENCOST, CT_TAREAGENCOST, CT_MODCOST_F, ...
    CT_MODCOST_X] = idx_ct;

loadprofile = struct( ...
    'type', 'mpcData', ...
    'table', CT_TAREALOAD, ...
    'rows', [1:11], ...
    'col', CT_LOAD_ALL_P, ...
    'chgtype', 1, ...
    'values', [] );
loadprofile.values(:,1,:) = [
	1496.7398 928.8818 1578.6467 538.2 739.7593 1057.4 821.7956 269.8289 484.6001 4473.5918 1652.9708;
	1490.876 928.1424 1569.6629 523.0 719.6634 1053.4561 821.6053 266.3704 491.2 4476.3935 1654.534;
	1526.2373 954.6538 1619.3 517.2002 726.9617 1098.6532 838.483 268.0943 490.9 4475.1011 1688.6;
	1589.0 1008.6543 1730.2144 537.7517 777.7429 1167.1505 897.645 290.8 540.4158 4737.1982 1798.6793;
	1707.5769 1145.5663 1916.6698 576.2292 906.3761 1326.6501 1010.7 327.2983 624.1286 5287.3969 2051.7854;
	1834.6 1224.3799 2017.9532 591.2402 966.5832 1406.4496 1069.0648 359.4201 683.1 5839.6 2243.8161;
	1855.4295 1267.4474 2031.5367 596.5 998.4457 1426.6646 1058.8603 350.7066 689.0545 6135.0946 2279.81;
	1885.4122 1303.8288 2105.7294 592.585 1020.2226 1451.8021 1079.3855 357.8 716.1448 6478.644 2378.8301;
	1891.3 1301.1358 2128.9745 581.9 1009.9317 1485.4921 1084.6289 353.8821 725.7503 6536.8205 2350.7463;
	1891.0036 1285.2 2108.5493 575.6875 1016.5363 1497.0756 1083.0731 358.2325 715.5901 6557.6 2397.1355;
	1870.8881 1291.6328 2096.5688 552.4546 1021.464 1497.743 1079.6686 356.6986 743.3416 6626.4459 2411.3444;
	1866.4058 1277.4151 2051.8694 559.6519 1002.8511 1481.3486 1083.0 362.5644 733.8673 6574.4013 2280.2326;
	1840.4733 1254.6692 2058.3688 558.0723 995.6829 1472.9829 1119.9139 371.3697 770.4905 6631.2652 2316.938;
	1850.9839 1261.902 2059.0491 551.9286 989.3418 1421.8462 1098.8314 372.8683 801.844 6619.9452 2373.0047;
	1822.719 1270.3331 2088.9505 571.8581 981.2558 1429.0169 1119.1509 377.3108 761.6074 6610.4235 2381.363;
	1874.7035 1303.8874 2104.4398 583.8 1036.5865 1509.7675 1237.7789 399.3891 804.1646 6752.1317 2628.954;
	1839.8166 1307.3936 2092.756 586.1988 1056.1 1578.6045 1259.5082 417.5736 815.1414 6592.3027 2700.8713;
	1871.7463 1363.9581 2175.5328 603.3429 1066.2759 1611.4606 1285.1691 433.236 849.9233 6782.4103 2831.3856;
	1884.2282 1345.2087 2123.8411 587.4857 1051.8334 1574.0124 1278.4407 432.0734 824.534 6637.232 2784.7011;
	1829.07 1232.6176 2012.8451 568.9793 1007.5006 1489.2114 1184.3937 387.7986 759.4369 6081.1142 2531.7838;
	1728.0596 1155.3278 1898.5198 553.0323 954.015 1424.5359 1114.7454 358.8233 682.7103 5772.2059 2297.4894;
	1600.6289 1075.8097 1797.9476 542.8467 897.5238 1276.4094 1001.7691 334.1466 598.5 5290.2404 2022.9005;
	1596.8848 1025.566 1730.0702 537.2115 833.7854 1195.1562 911.3 294.5834 549.6512 4867.518 1835.3954;
	1598.9875 1022.5808 1725.4014 549.4035 837.9203 1191.7761 895.5013 293.5575 529.1253 4735.2753 1799.0204;
];
