function windprofile = ex_wind_profilesh1
%EX_WIND_PROFILE_D  Example wind_load_nyiso profile data for deterministic unit commitment.
% 2022.03.12
% Andres F. Ramirez


%% define constants
[GEN_BUS, PG, QG, QMAX, QMIN, VG, MBASE, GEN_STATUS, PMAX, PMIN, ...
    MU_PMAX, MU_PMIN, MU_QMAX, MU_QMIN, PC1, PC2, QC1MIN, QC1MAX, ...
    QC2MIN, QC2MAX, RAMP_AGC, RAMP_10, RAMP_30, RAMP_Q, APF] = idx_gen;
[CT_LABEL, CT_PROB, CT_TABLE, CT_TBUS, CT_TGEN, CT_TBRCH, CT_TAREABUS, ...
    CT_TAREAGEN, CT_TAREABRCH, CT_ROW, CT_COL, CT_CHGTYPE, CT_REP, ...
    CT_REL, CT_ADD, CT_NEWVAL, CT_TLOAD, CT_TAREALOAD, CT_LOAD_ALL_PQ, ...
    CT_LOAD_FIX_PQ, CT_LOAD_DIS_PQ, CT_LOAD_ALL_P, CT_LOAD_FIX_P, ...
    CT_LOAD_DIS_P, CT_TGENCOST, CT_TAREAGENCOST, CT_MODCOST_F, ...
    CT_MODCOST_X] = idx_ct;

windprofile = struct( ...
    'type', 'mpcData', ...
    'table', CT_TGEN, ...
    'rows', [1:45], ...
    'col', PMAX, ...
    'chgtype', 1, ...
    'values', [] );
windprofile.values(:,1,:) = [
	3.8082 51.4576 92.3707 112.9468 15.0684 33.1805 28.593 19.0347 27.8855 30.9927 57.2896 85.4648 128.6667 68.7427 200.9132 75.6929 93.9152 99.5221 43.3994 71.2355 9.531 77.4211 74.5908 89.9477 106.375 76.2328 13.7801 1190.7202 732.3818 732.3818 616.2416 102.8039 144.6648 183.3604 215.5177 312.4829 1177.9651 236.4097 473.1637 284.9331 121.7249 368.082 139.8745 268.1297 1190.2356;
	3.6822 49.7542 93.84 119.933 14.4548 32.3472 28.7618 19.0334 28.0083 30.4065 56.206 83.8483 126.2332 66.3242 194.6274 73.3247 90.977 96.4085 37.8934 71.7422 9.5873 75.4769 70.4062 88.6837 104.9953 75.148 13.9298 1164.5719 731.5832 731.5832 594.709 100.2523 126.3114 184.6646 207.9353 312.1422 1165.9502 236.9105 468.8258 281.2373 122.426 358.8386 133.4047 273.6971 1178.0955;
	3.8293 51.7424 95.2598 70.4542 14.2496 33.6332 28.2378 19.0961 27.3222 30.3031 56.0149 83.5632 125.8039 66.3824 201.374 75.8665 94.1306 99.7504 37.7904 71.3757 9.4126 78.4774 70.9838 88.8792 105.779 74.575 14.1478 1149.8511 705.8662 705.8662 561.9989 103.2609 125.9679 183.7213 208.1177 301.1696 1151.5498 228.8759 462.1224 283.3367 121.4145 373.1038 135.7966 276.2723 1163.5451;
	3.6999 49.9934 94.6221 86.9985 14.1835 33.6305 27.4615 18.7914 27.7036 30.9949 57.2935 85.4707 128.6757 65.6818 201.3918 75.8732 94.1389 99.7592 43.8503 71.9072 9.1538 78.4711 69.6629 86.9039 103.7488 74.9426 13.9708 1155.6828 729.7723 729.7723 511.1601 92.1122 146.1677 185.0892 205.9214 311.3695 1069.106 232.9234 458.5939 277.8986 117.5883 373.0742 164.2536 271.8123 1080.2425;
	3.4373 46.4458 93.009 116.0768 14.042 32.281 22.9153 18.7122 27.4593 30.8941 57.1073 85.1929 128.2574 65.5494 198.8944 74.9323 92.9716 98.5221 77.9835 70.8591 7.6384 75.3222 61.9991 85.7926 101.411 73.8761 13.6108 1190.6841 690.0637 690.0637 511.2185 91.038 259.9449 182.3915 205.5063 294.4272 1176.517 228.3618 448.8326 271.6366 116.0648 358.1034 160.596 267.6645 1188.7724;
	3.7275 50.3671 93.2596 118.6516 14.3289 33.7097 26.228 18.8488 26.8626 30.8202 56.9707 84.9891 127.9507 68.3078 199.0503 74.991 93.0444 98.5993 90.3784 71.5698 8.7427 78.656 70.7666 86.4765 104.6819 74.9866 13.8824 1205.0632 721.4658 721.4658 495.9155 94.8255 301.2615 184.2209 214.1541 307.8254 1134.2394 218.0282 439.9189 280.398 117.3186 373.9529 179.0658 277.7276 1146.0544;
	3.7184 50.2438 90.0629 115.4846 14.1319 32.3729 27.3113 18.2345 27.4333 30.0908 55.6224 82.9776 124.9224 65.5394 201.1855 75.7955 94.0425 99.657 90.6619 72.3049 9.1038 75.5367 72.8112 85.1363 100.936 74.7607 13.4541 1223.8119 740.3987 740.3987 547.2577 95.4788 302.2063 186.1131 205.4749 315.9035 1162.1268 249.5754 436.9102 270.3643 117.3883 359.1233 190.0471 264.5191 1174.2322;
	3.6159 48.8583 88.7939 114.863 14.4013 31.9571 26.0776 18.6043 26.2503 29.9035 55.2761 82.4611 124.1448 64.0058 199.5346 75.1735 93.2708 98.8392 85.9866 71.3523 8.6925 74.5667 72.8094 85.0826 104.7042 74.5836 13.8591 1177.7726 703.4609 703.4609 510.9861 80.2432 286.6219 183.661 200.6668 300.1433 1076.4174 236.5713 434.1033 280.4578 113.3504 354.5113 190.4867 259.3256 1087.6301;
	3.7578 50.776 90.3599 114.8778 14.4113 31.9765 28.7397 18.6675 26.8588 30.7139 56.7741 84.6959 127.5092 68.2456 195.9433 73.8205 91.5921 97.0603 88.9788 69.9246 9.5799 74.6119 72.771 87.9422 104.0863 74.4921 13.6358 1190.8541 770.6167 770.6167 568.5258 76.8807 296.596 179.9861 213.9592 328.7965 1154.1162 266.997 458.5657 278.8027 117.0121 354.7261 175.9532 268.081 1166.1382;
	3.6436 49.2327 91.4603 116.3024 14.6018 32.9124 28.7759 18.5648 25.8933 30.53 56.4343 84.1889 126.7459 67.9969 195.94 73.8193 91.5906 97.0587 90.3876 70.2616 9.592 76.7956 72.1946 89.3229 105.3024 73.074 13.3525 1121.7119 761.0701 761.0701 617.014 93.5984 301.2919 180.8535 213.1795 324.7233 1105.5959 294.2106 446.5415 282.06 119.3173 365.1081 159.551 270.1559 1117.1125;
	3.7085 50.1105 91.2466 113.4661 14.0433 32.3268 23.7961 18.451 23.7056 30.1642 55.758 83.18 125.227 67.918 198.1242 74.6421 92.6116 98.1406 89.9988 71.742 7.932 75.4293 72.5088 86.5542 101.5786 72.4876 12.9962 1129.6888 781.2132 781.2132 603.9947 89.7594 299.9959 184.6641 212.9322 333.3176 1072.7754 290.6082 440.9369 272.0855 118.7215 358.6125 163.8786 271.7625 1083.9502;
	3.7546 50.733 91.6578 111.4845 13.964 32.3469 24.0536 17.9081 24.37 30.35 56.1015 83.6924 125.9985 67.5005 197.8466 74.5376 92.4818 98.0031 89.3177 70.4822 8.0179 75.4761 72.6689 85.841 101.1724 71.2463 12.8466 1064.2106 768.7496 768.7496 633.6164 95.6418 297.7256 181.4214 211.6232 327.9998 1052.3172 285.2792 440.5872 270.9975 117.2721 358.8348 177.7302 263.143 1063.2788;
	3.6785 49.7041 90.9336 115.1939 13.959 32.161 29.3455 17.9203 25.8849 30.2623 55.9393 83.4505 125.6342 68.8414 194.0593 73.1107 90.7115 96.1271 87.8512 70.2668 9.7818 75.0423 70.5413 87.3513 100.37 72.5645 13.0033 1113.3602 787.5455 787.5455 642.2527 103.5269 292.8372 180.867 215.8272 336.0194 1003.435 298.9874 468.3813 268.8481 122.3815 356.7725 158.2891 261.2814 1013.8875;
	3.7436 50.5836 94.3612 114.828 14.2777 32.9543 27.7847 18.3772 26.164 30.838 57.0035 85.0381 128.0244 69.2869 196.912 74.1854 92.0449 97.5401 90.7098 70.8822 9.2616 76.8933 73.6055 87.7559 101.9762 72.6808 13.3523 1020.4637 722.3026 722.3026 651.5116 98.5642 302.3659 182.451 217.2239 308.1825 930.9214 313.1465 462.5108 273.1505 123.0009 365.5728 152.9239 266.6727 940.6185;
	3.6505 49.326 92.5942 114.7323 14.1416 32.4698 26.7595 18.6262 26.4077 30.8617 57.0474 85.1034 128.1228 69.7305 192.1969 72.4091 89.8409 95.2045 87.2223 70.7422 8.9198 75.7629 72.2741 88.3488 102.8069 74.9763 13.5543 1023.8477 733.0019 733.0019 608.1873 101.3539 290.741 182.0907 218.6144 312.7475 877.3922 313.9704 463.1697 275.3757 115.5256 360.1983 171.4223 247.6798 886.5317;
	3.7022 50.0243 93.6842 119.4294 14.0703 32.6124 26.0546 18.5944 26.1938 31.1893 57.653 86.0069 129.4829 69.5962 200.1446 75.4033 93.556 99.1414 90.6433 72.5832 8.6849 76.0956 75.1855 87.6178 104.417 74.8999 13.6325 1100.8697 758.4599 758.4599 584.97 100.3751 302.1443 186.8293 218.1934 323.6096 988.4471 300.8768 437.6447 279.6884 117.732 361.7802 178.1072 252.4599 998.7434;
	3.6123 48.8097 93.335 119.274 14.0058 33.5849 22.1268 18.2296 25.6986 30.5234 56.4221 84.1706 126.7184 68.2023 191.981 72.3277 89.7399 95.0976 87.8166 71.676 7.3756 78.3648 73.5658 89.3117 106.3597 73.7265 12.9808 1048.109 721.3475 721.3475 566.6515 92.4137 292.722 184.4943 213.8233 307.7749 1037.8045 279.7269 399.7333 284.8921 121.765 372.5685 182.7434 234.4079 1048.615;
	3.8328 51.7895 94.3369 118.5266 14.0003 31.7969 24.6823 15.1031 26.9035 30.1917 55.8089 83.2558 125.3412 69.1473 187.2471 70.5442 87.5271 92.7526 85.1548 69.4754 8.2274 74.1928 71.8872 86.3133 105.5705 69.8416 11.8578 1215.2894 732.9274 732.9274 653.4581 108.447 283.8492 178.8299 216.7862 312.7157 1140.2957 303.1156 434.4141 282.778 123.2167 352.7339 182.6346 245.5477 1152.1738;
