function solarprofile = ex_solar_profilesh1
%EX_WIND_PROFILE_D  Example wind_load_nyiso profile data for deterministic unit commitment.
% 2022.03.12
% Andres F. Ramirez


%% define constants
[GEN_BUS, PG, QG, QMAX, QMIN, VG, MBASE, GEN_STATUS, PMAX, PMIN, ...
    MU_PMAX, MU_PMIN, MU_QMAX, MU_QMIN, PC1, PC2, QC1MIN, QC1MAX, ...
    QC2MIN, QC2MAX, RAMP_AGC, RAMP_10, RAMP_30, RAMP_Q, APF] = idx_gen;
[CT_LABEL, CT_PROB, CT_TABLE, CT_TBUS, CT_TGEN, CT_TBRCH, CT_TAREABUS, ...
    CT_TAREAGEN, CT_TAREABRCH, CT_ROW, CT_COL, CT_CHGTYPE, CT_REP, ...
    CT_REL, CT_ADD, CT_NEWVAL, CT_TLOAD, CT_TAREALOAD, CT_LOAD_ALL_PQ, ...
    CT_LOAD_FIX_PQ, CT_LOAD_DIS_PQ, CT_LOAD_ALL_P, CT_LOAD_FIX_P, ...
    CT_LOAD_DIS_P, CT_TGENCOST, CT_TAREAGENCOST, CT_MODCOST_F, ...
    CT_MODCOST_X] = idx_ct;

solarprofile = struct( ...
    'type', 'mpcData', ...
    'table', CT_TGEN, ...
    'rows', [1:12], ...
    'col', PMAX, ...
    'chgtype', 1, ...
    'values', [] );
solarprofile.values(:,1,:) = [
	0.0 0.0 0.0 0.0 0.0 0.0 0.0 0.0 0.0 0.0 0.0 0.0;
	0.0 0.0 0.0 0.0 0.0 0.0 0.0 0.0 0.0 0.0 0.0 0.0;
	0.0 0.0 0.0 0.0 0.0 0.0 0.0 0.0 0.0 0.0 0.0 0.0;
	0.0 0.0 0.0 0.0 0.0 0.0 0.0 0.0 0.0 0.0 0.0 0.0;
	0.0 0.0 0.0 0.0 0.0 0.0 0.0 0.0 0.0 0.0 0.0 0.0;
	0.0 0.0 0.0049 0.0 0.0 0.0 0.0 0.0 0.0 0.0 0.0 0.0;
	7.8471 6.8429 6.0274 2.8292 5.2912 97.8104 12.2263 35.776 155.5468 70.5349 41.5446 127.7391;
	17.1342 15.8153 11.5953 5.4599 8.77 328.2592 41.0324 71.8637 255.9176 238.0786 159.157 431.1618;
	23.1577 16.6578 13.8 6.8261 9.4033 367.064 45.883 73.9894 251.9582 333.4873 212.4453 603.9474;
	26.334 16.6083 13.795 10.7989 6.6963 225.5157 28.1895 61.004 216.4337 350.7235 232.1988 635.1623;
	26.334 16.6083 13.8 11.0824 8.6521 224.18 28.0225 54.4824 230.246 352.4379 253.7179 638.2672;
	26.334 16.6083 13.8 11.0643 9.8586 273.2363 34.1545 56.704 252.1675 343.8097 258.3446 622.6415;
	26.3192 16.6083 13.8 11.1605 12.2356 392.7514 49.0939 71.1085 258.9743 304.2999 249.7934 551.0889;
	22.7408 16.5772 13.8 11.3454 12.875 405.5222 50.6903 74.2921 230.1187 299.5047 204.9244 542.4049;
	14.5059 9.5044 8.547 9.1023 13.1699 375.0994 46.8874 72.7583 171.6239 235.5103 159.3252 426.5106;
	4.2953 2.1083 1.6036 6.2811 12.7791 81.0089 10.1261 42.6059 34.1625 79.1559 55.9589 143.3518;
	0.7104 0.6813 0.3768 1.3222 3.578 44.3457 5.5432 8.5602 19.8541 19.1676 19.0428 34.7127;
	0.0 0.0 0.0 0.0 0.0 0.0 0.0 0.0 0.0 0.0 0.0 0.0;
	0.0 0.0 0.0 0.0 0.0 0.0 0.0 0.0 0.0 0.0 0.0 0.0;
	0.0 0.0 0.0 0.0 0.0 0.0 0.0 0.0 0.0 0.0 0.0 0.0;
	0.0 0.0 0.0 0.0 0.0 0.0 0.0 0.0 0.0 0.0 0.0 0.0;
	0.0 0.0 0.0 0.0 0.0 0.0 0.0 0.0 0.0 0.0 0.0 0.0;
	0.0 0.0 0.0 0.0 0.0 0.0 0.0 0.0 0.0 0.0 0.0 0.0;
	0.0 0.0 0.0 0.0 0.0 0.0 0.0 0.0 0.0 0.0 0.0 0.0;
];
