function windprofile = ex_wind_profilesh1
%EX_WIND_PROFILE_D  Example wind_load_nyiso profile data for deterministic unit commitment.
% 2022.03.12
% Andres F. Ramirez


%% define constants
[GEN_BUS, PG, QG, QMAX, QMIN, VG, MBASE, GEN_STATUS, PMAX, PMIN, ...
    MU_PMAX, MU_PMIN, MU_QMAX, MU_QMIN, PC1, PC2, QC1MIN, QC1MAX, ...
    QC2MIN, QC2MAX, RAMP_AGC, RAMP_10, RAMP_30, RAMP_Q, APF] = idx_gen;
[CT_LABEL, CT_PROB, CT_TABLE, CT_TBUS, CT_TGEN, CT_TBRCH, CT_TAREABUS, ...
    CT_TAREAGEN, CT_TAREABRCH, CT_ROW, CT_COL, CT_CHGTYPE, CT_REP, ...
    CT_REL, CT_ADD, CT_NEWVAL, CT_TLOAD, CT_TAREALOAD, CT_LOAD_ALL_PQ, ...
    CT_LOAD_FIX_PQ, CT_LOAD_DIS_PQ, CT_LOAD_ALL_P, CT_LOAD_FIX_P, ...
    CT_LOAD_DIS_P, CT_TGENCOST, CT_TAREAGENCOST, CT_MODCOST_F, ...
    CT_MODCOST_X] = idx_ct;

windprofile = struct( ...
    'type', 'mpcData', ...
    'table', CT_TGEN, ...
    'rows', [1:45], ...
    'col', PMAX, ...
    'chgtype', 1, ...
    'values', [] );
windprofile.values(:,1,:) = [
	3.7385 50.5158 87.8967 106.1697 14.2019 31.9721 28.0521 17.8958 27.1202 29.38 54.3085 81.0176 121.9716 65.0955 193.8844 73.0448 90.6297 96.0404 38.6432 71.6901 9.3507 74.6015 69.5654 83.9678 99.4331 70.918 13.051 1229.7245 723.2401 723.2401 578.8759 112.3829 128.8107 184.5305 204.0833 308.5824 1164.5014 235.7904 452.2268 266.3388 115.5967 354.6769 136.6409 256.5487 1176.6317;
	3.6156 48.855 91.9202 112.5719 14.0636 31.4382 28.6139 18.0497 27.2848 29.0067 53.6184 79.9881 120.4217 64.1416 190.5017 71.7704 89.0485 94.3648 32.9607 72.4783 9.538 73.3558 65.1734 84.7681 99.6666 69.6397 12.6877 1182.4238 717.0408 717.0408 537.5955 103.9525 109.8691 186.5594 201.0925 305.9374 1106.1804 223.2316 450.8787 266.964 118.7512 348.7545 128.0214 258.702 1117.7031;
	3.5752 48.309 91.5563 57.5626 14.1042 32.129 29.2808 17.8295 27.8073 28.6104 52.8858 78.8953 118.7764 64.0222 191.3112 72.0754 89.4269 94.7658 27.5557 70.9665 9.7603 74.9677 63.2008 85.596 100.5661 70.2386 13.31 1132.1651 725.7464 725.7464 512.3605 105.1091 91.8522 182.6679 200.7181 309.6518 1139.4787 212.5714 464.946 269.3736 121.4135 356.4179 129.9333 256.3913 1151.3483;
	3.6674 49.5544 90.7913 74.8145 14.1323 33.0644 28.3794 18.3299 27.5267 27.735 51.2677 76.4813 115.1422 67.4419 198.0952 74.6312 92.598 98.1262 42.9956 72.337 9.4598 77.1502 48.2689 83.4712 97.8169 71.2181 13.3753 1208.1044 720.5638 720.5638 496.081 95.5238 143.3187 186.1956 211.4396 307.4405 1097.7642 233.7842 467.478 262.0097 117.1856 366.7943 167.5665 260.0362 1109.1992;
	3.4656 46.8283 90.674 114.3594 14.3807 32.3767 24.3435 18.504 27.2106 28.9359 53.4876 79.793 120.1279 64.3493 192.8648 72.6607 90.1531 95.5353 80.3327 72.1345 8.1145 75.5456 53.1343 85.7623 101.1646 73.0546 13.2655 1156.1695 677.9622 677.9622 486.356 94.0165 267.7758 185.6743 201.7437 289.2639 1131.4898 229.549 465.784 270.9767 118.5395 359.1652 172.9451 259.5076 1143.2761;
	3.6672 49.5524 89.1683 110.5323 14.3406 32.3059 28.07 18.2164 27.0631 28.3715 52.4443 78.2366 117.7848 65.2624 199.084 75.0037 93.0602 98.616 90.3267 73.7446 9.3567 75.3804 66.0236 85.0069 101.8119 72.0188 13.4021 1244.829 736.0637 736.0637 485.6082 95.9902 301.0888 189.8187 204.6065 314.0538 1076.3598 226.4342 463.5485 272.7105 115.4241 358.3801 179.8591 258.9441 1087.5718;
	3.6158 48.8569 89.0458 110.4322 14.5884 31.7096 29.2948 18.2133 27.3901 28.4194 52.5329 78.3688 117.9837 61.2684 200.5616 75.5604 93.7509 99.348 89.228 72.653 9.7649 73.9892 67.6977 85.8209 99.3076 75.6046 13.009 1208.2625 749.552 749.552 532.0537 95.1512 297.4267 187.009 192.0849 319.8088 1082.644 238.3704 467.7059 266.0024 118.3627 351.7656 184.8801 259.1349 1093.9216;
	3.5941 48.5648 86.8545 110.4856 14.5397 32.0628 28.8722 18.5018 26.8161 21.9119 40.5037 60.4236 90.9674 63.3898 195.7614 73.752 91.5071 96.9702 84.6345 71.4166 9.6241 74.8132 56.2738 85.0795 103.0342 74.5646 13.0996 1126.1587 724.1438 724.1438 508.2371 76.4621 282.1149 183.8266 198.7356 308.968 1083.1715 223.0651 457.4503 275.9846 117.0006 355.6834 181.3969 249.1408 1094.4545;
	3.1838 43.0201 86.373 90.1484 14.2964 31.865 29.3711 17.7923 27.3306 24.6601 45.5839 68.0022 102.3769 67.1281 199.938 75.3255 93.4594 99.0391 88.2081 70.9397 9.7904 74.3517 56.0455 86.4813 100.0964 72.6919 13.0921 1152.7796 816.4347 816.4347 610.926 79.0628 294.0269 182.5989 210.4556 348.3455 1177.5584 272.784 464.3558 268.1153 118.1918 353.4894 147.6145 256.1979 1189.8247;
	3.7328 50.4387 87.9608 111.8767 15.3261 33.9952 28.8975 18.1174 26.7917 29.2133 54.0003 80.5578 121.2794 65.7338 199.4066 75.1253 93.211 98.7758 89.0732 71.3444 9.6325 79.3221 66.8389 89.3691 102.1512 73.3373 13.4831 1092.7586 761.064 761.064 655.0203 89.7398 296.9106 183.6407 206.0844 324.7207 1102.3939 295.5573 453.4965 273.6194 121.1979 377.1198 161.5789 262.5458 1113.8772;
	3.6635 49.502 89.7094 114.6409 15.2749 34.6939 27.3026 18.1245 26.5997 28.9198 53.4579 79.7486 120.0611 65.6011 205.1279 77.2807 95.8853 101.6098 86.8753 72.7934 9.1009 80.9523 66.8197 88.6577 100.5874 73.1051 13.386 1173.3975 766.3057 766.3057 644.6798 91.5631 289.5844 187.3705 205.6682 326.9571 1068.5834 304.508 464.7438 269.4305 118.5477 384.8706 166.7758 260.964 1079.7145;
	3.5984 48.6229 88.9963 112.8548 15.3048 33.472 26.9616 17.7094 26.4649 28.0645 51.8768 77.39 116.5102 66.8404 202.7526 76.3859 94.775 100.4333 86.7406 70.3292 8.9872 78.1014 56.863 87.4902 99.7985 72.1128 13.0875 1095.9178 726.4018 726.4018 632.085 93.5057 289.1353 181.0275 209.5538 309.9314 1051.9384 296.0789 464.0806 267.3175 114.1867 371.3163 173.0245 260.4772 1062.8961;
	3.5935 48.5556 88.3682 113.5433 14.6297 33.6547 29.9022 17.964 26.5338 28.7466 53.1377 79.271 119.342 67.7643 203.5102 76.6713 95.1292 100.8086 86.2863 70.9352 9.9674 78.5276 57.7409 87.8771 99.5432 72.5376 13.1386 1110.2284 740.6575 740.6575 659.1133 97.5899 287.6211 182.5875 212.4503 316.0139 1013.6362 302.7854 476.7421 266.6336 116.039 373.3426 149.7255 249.5582 1024.1949;
	3.5545 48.0294 86.8518 109.6972 14.4513 33.0141 29.0429 18.0461 26.1419 28.8711 53.3677 79.6142 119.8587 66.5388 205.3771 77.3746 96.0019 101.7333 90.8824 73.1246 9.681 77.033 64.3607 86.0694 96.8715 70.7024 13.3591 1065.9446 708.6462 708.6462 667.2381 102.0352 302.9412 188.223 208.6081 302.3557 1020.6649 304.2427 472.5472 259.4773 113.4289 366.2368 143.2288 247.5626 1031.2968;
	3.6797 49.7212 91.0602 111.1811 14.579 32.9639 25.6227 18.6876 26.1219 29.6825 54.8677 81.8519 123.2276 66.5942 204.678 77.1112 95.6751 101.387 88.7431 72.0895 8.5409 76.9157 65.7318 87.5152 99.0684 72.501 13.6045 1042.3817 742.3815 742.3815 646.0811 100.1626 295.8102 185.5586 208.7819 316.7494 981.5146 292.0843 471.0262 265.3617 114.9463 365.679 166.6638 247.8339 991.7387;
	3.6628 49.493 88.2222 109.3515 14.368 32.139 24.8507 18.0742 25.6837 29.6534 54.8138 81.7714 123.1064 58.4873 203.4441 76.6464 95.0983 100.7758 91.2949 72.4246 8.2836 74.991 66.1124 84.2413 97.6376 72.7102 13.2968 1078.2575 728.7535 728.7535 624.6495 106.8444 304.3162 186.4211 183.3656 310.9348 1043.8703 289.2287 445.7839 261.5292 115.4009 356.5288 160.2788 251.5055 1054.744;
	3.6956 49.9358 88.1568 110.8987 14.8558 33.2372 23.125 17.8721 26.7024 29.6483 54.8044 81.7575 123.0854 58.1264 204.3659 76.9937 95.5292 101.2324 91.9342 73.1366 7.7083 77.5536 70.7474 86.224 98.5227 70.7966 12.3531 1060.9391 713.4579 713.4579 640.3466 102.807 306.4473 188.2539 182.2341 304.4087 1107.015 287.7858 451.4897 263.9 121.3063 368.7118 171.0585 226.8642 1118.5464;
	3.7827 51.1131 86.6158 105.2594 14.6754 31.9379 24.078 13.5527 27.2002 29.0911 53.7745 80.2209 120.7722 63.6223 205.5193 77.4282 96.0683 101.8038 89.5954 72.8728 8.026 74.5218 58.4542 82.5035 95.0474 60.1899 9.9442 1172.8542 718.7049 718.7049 657.1074 103.628 298.6513 187.5748 199.4646 306.6474 1143.4247 302.9509 459.0044 254.5914 117.2683 354.298 179.2171 234.5961 1155.3353;
