function windprofile = ex_wind_profilesh1
%EX_WIND_PROFILE_D  Example wind_load_nyiso profile data for deterministic unit commitment.
% 2022.03.12
% Andres F. Ramirez


%% define constants
[GEN_BUS, PG, QG, QMAX, QMIN, VG, MBASE, GEN_STATUS, PMAX, PMIN, ...
    MU_PMAX, MU_PMIN, MU_QMAX, MU_QMIN, PC1, PC2, QC1MIN, QC1MAX, ...
    QC2MIN, QC2MAX, RAMP_AGC, RAMP_10, RAMP_30, RAMP_Q, APF] = idx_gen;
[CT_LABEL, CT_PROB, CT_TABLE, CT_TBUS, CT_TGEN, CT_TBRCH, CT_TAREABUS, ...
    CT_TAREAGEN, CT_TAREABRCH, CT_ROW, CT_COL, CT_CHGTYPE, CT_REP, ...
    CT_REL, CT_ADD, CT_NEWVAL, CT_TLOAD, CT_TAREALOAD, CT_LOAD_ALL_PQ, ...
    CT_LOAD_FIX_PQ, CT_LOAD_DIS_PQ, CT_LOAD_ALL_P, CT_LOAD_FIX_P, ...
    CT_LOAD_DIS_P, CT_TGENCOST, CT_TAREAGENCOST, CT_MODCOST_F, ...
    CT_MODCOST_X] = idx_ct;

windprofile = struct( ...
    'type', 'mpcData', ...
    'table', CT_TGEN, ...
    'rows', [1:45], ...
    'col', PMAX, ...
    'chgtype', 1, ...
    'values', [] );
windprofile.values(:,1,:) = [
	3.586 48.4543 92.0516 103.9355 14.6495 33.1609 29.0839 17.7772 28.0316 29.4621 54.4603 81.244 122.3124 67.9263 194.0562 73.1096 90.71 96.1255 39.3472 71.9314 9.6946 77.3754 73.3418 88.0764 101.6495 71.963 13.515 1100.6788 653.3383 653.3383 595.2568 108.2122 131.1573 185.1517 212.9581 278.7577 1053.7384 215.705 476.1322 272.2754 114.2117 367.8645 137.0162 264.4236 1064.7148;
	3.5826 48.4087 92.6683 110.1804 14.8729 32.4424 30.3669 17.8057 28.0842 28.7978 53.2323 79.4121 119.5545 68.1229 200.2601 75.4468 93.6099 99.1986 38.8163 73.6516 10.1223 75.699 72.1385 86.9988 100.5824 70.8465 13.1793 1137.6596 643.4076 643.4076 549.1568 104.7058 129.3876 189.5794 213.5746 274.5206 1049.9577 209.3953 472.194 269.4171 116.662 359.8947 138.2007 267.8781 1060.8947;
	3.794 51.2651 94.1339 59.758 15.3129 34.3992 30.6538 17.6917 28.2837 28.4362 52.5639 78.415 118.0534 69.3635 202.0618 76.1256 94.4521 100.0911 37.0163 73.2985 10.2179 80.2649 71.8714 87.8936 102.7882 72.6687 13.4248 1186.6634 691.2403 691.2403 569.8822 105.1083 123.3878 188.6707 217.464 294.9292 1172.7701 206.0133 475.8899 275.3254 117.6005 381.6021 144.7117 272.6323 1184.9864;
	3.7778 51.0464 92.9802 74.9183 15.4051 34.0444 29.5953 17.9371 28.3438 29.4785 54.4907 81.2893 122.3806 68.4131 201.4373 75.8903 94.1602 99.7817 47.179 73.4494 9.8651 79.437 69.2141 86.9556 102.0907 72.8255 13.3825 1129.8929 641.8383 641.8383 498.544 90.897 157.2632 189.0588 214.4844 273.851 1015.4457 213.1812 468.6103 273.4574 116.8401 377.6661 179.7408 270.3107 1026.0233;
	3.4601 46.7542 89.5444 103.6428 14.9591 33.0203 24.7651 17.9892 27.9422 29.2447 54.0584 80.6445 121.4098 67.2904 193.4118 72.8668 90.4088 95.8063 82.0196 73.511 8.255 77.0473 58.2807 84.9298 101.3994 73.0614 13.1917 1141.0725 593.3724 593.3724 493.9494 94.2508 273.3988 189.2175 210.9644 253.1722 1081.8022 221.4448 463.0965 271.6055 119.7457 366.3049 185.4794 258.5595 1093.0709;
	3.7135 50.1773 88.6399 109.624 15.1106 33.6012 28.3512 17.7327 27.8477 30.0638 55.5725 82.9032 124.8103 68.5334 198.7728 74.8865 92.9147 98.4619 90.1931 73.6358 9.4504 78.4028 65.7251 85.9413 103.3161 73.9181 13.3763 1194.1345 629.5008 629.5008 480.464 95.4665 300.6438 189.5388 214.8614 268.587 988.455 198.7963 462.3469 276.7395 115.6372 372.7494 191.1964 260.2473 998.7514;
	3.7285 50.3809 88.2731 109.6294 14.9185 32.7775 28.5151 18.0131 27.9701 29.9834 55.4239 82.6816 124.4767 68.3267 199.2556 75.0684 93.1404 98.701 89.8439 73.7135 9.505 76.4809 71.5226 85.1876 101.1279 75.5038 13.1994 1219.2587 685.015 685.015 548.3038 94.3575 299.4796 189.7387 214.2134 292.2731 1024.7643 225.3495 457.7477 270.8782 119.4321 363.6121 195.1847 258.9178 1035.4389;
	3.8277 51.7212 90.5793 113.3881 15.3546 33.6608 28.1302 17.8309 28.4684 30.9367 57.1861 85.3104 128.4343 69.2331 198.7886 74.8925 92.9221 98.4697 91.0561 73.7652 9.3767 78.5419 74.2745 84.7616 103.4603 73.6357 13.0265 1204.0581 702.2031 702.2031 547.1176 84.9271 303.5202 189.8717 217.0551 299.6066 1031.6972 229.3477 459.684 277.1258 118.9797 373.4105 199.9215 256.7615 1042.444;
	3.8646 52.2186 91.8484 116.9151 15.3601 34.8793 29.2603 18.104 28.4224 31.2016 57.6756 86.0406 129.5337 69.8377 198.7561 74.8802 92.9069 98.4536 91.5482 73.4968 9.7534 81.385 74.2661 85.3425 103.1237 74.575 13.3398 1260.684 797.3846 797.3846 638.0838 82.2126 305.1608 189.181 218.9507 340.2174 1162.1101 280.5947 454.7853 276.2241 121.5679 386.9274 186.6967 268.8076 1174.2155;
	3.9077 52.8012 93.3692 114.7205 15.4207 34.712 28.1516 17.806 28.1539 31.2442 57.7544 86.1581 129.7106 68.5247 199.9223 75.3196 93.4521 99.0313 91.893 73.3388 9.3839 80.9946 74.6792 86.1642 104.2095 73.6987 13.5346 1209.1196 735.12 735.12 688.4556 92.6835 306.3101 188.7743 214.8342 313.6512 1105.5523 306.2388 455.27 279.1325 120.192 385.0716 177.74 268.2549 1117.0685;
	3.7743 50.9991 90.9772 110.8721 15.2209 33.3963 20.6286 17.4517 26.1567 31.4747 58.1804 86.7937 130.6675 67.3806 199.6241 75.2072 93.3127 98.8836 91.508 73.8729 6.8762 77.9247 75.1066 85.8852 101.3571 74.3014 13.4076 1207.2826 727.7156 727.7156 683.5544 95.7786 305.0266 190.1491 211.2473 310.492 1039.7727 306.5177 436.9812 271.4922 116.349 370.4764 175.1503 262.5961 1050.6037;
	3.7604 50.8119 93.5992 115.3124 15.3069 33.5218 22.8601 17.7358 27.4787 31.3097 57.8756 86.339 129.9829 68.1548 200.3736 75.4896 93.663 99.2548 92.6751 73.9221 7.62 78.2176 75.4975 84.6577 102.5938 75.6878 13.1063 1092.6229 722.1506 722.1506 671.1167 103.1246 308.9172 190.2758 213.6745 308.1176 1036.8049 286.8282 451.3372 274.8048 112.9161 371.8687 189.5899 270.5323 1047.605;
	3.7683 50.9178 93.8179 116.0021 15.3722 33.0182 26.1928 18.1925 27.3717 31.2474 57.7603 86.167 129.724 68.8349 194.6281 73.325 90.9773 96.4088 90.5972 72.7325 8.7309 77.0424 74.1344 88.2465 104.2191 75.432 13.3106 1067.2391 720.9135 720.9135 722.6958 103.5092 301.9907 187.2135 215.8067 307.5898 949.2597 305.185 440.0733 279.1582 113.6398 366.2817 163.7957 274.5781 959.1478;
	3.7244 50.3255 91.9845 115.1746 15.3749 32.4503 24.8257 18.3176 26.9715 30.9202 57.1556 85.2649 128.3658 68.1997 196.1308 73.8912 91.6798 97.1532 89.8899 72.2437 8.2752 75.7174 74.1624 87.9106 101.3201 73.2616 13.7181 975.9628 677.0061 677.0061 709.7394 96.6743 299.6329 185.9554 213.8153 288.8559 889.9587 285.9575 439.4041 271.393 113.8549 359.982 152.8013 269.486 899.2291;
	3.8558 52.0998 91.7082 113.8468 15.3796 33.7924 24.5895 18.3729 27.8784 31.3088 57.8738 86.3363 129.9788 68.9426 191.3664 72.0962 89.4527 94.7931 89.5777 71.4948 8.1965 78.849 74.6994 87.528 101.7792 72.9677 13.7682 1016.3055 669.6128 669.6128 683.4585 103.0919 298.5924 184.0278 216.1445 285.7015 838.7339 305.615 446.47 272.6229 116.1121 374.8707 179.1477 253.447 847.4707;
	3.7967 51.3016 88.6438 112.7934 14.9388 33.6729 24.7245 17.7499 27.2027 30.0165 55.485 82.7727 124.6138 67.6689 191.2549 72.0542 89.4005 94.7379 87.8014 72.5854 8.2415 78.57 74.0152 85.4819 101.3155 73.0954 13.4171 1121.1721 684.3525 684.3525 627.2264 104.7785 292.6714 186.8349 212.1512 291.9904 935.4681 251.0957 449.0904 271.3807 113.763 373.5444 176.8905 253.8762 945.2126;
	3.8042 51.4034 90.9176 118.4807 15.3628 34.3145 23.2939 17.6177 27.1826 29.5687 54.6573 81.5379 122.7549 66.1946 189.1176 71.2489 88.4015 93.6792 88.2632 72.6567 7.7646 80.0672 73.8553 89.4322 104.293 73.3392 12.427 1090.9476 684.8399 684.8399 689.1696 107.6909 294.2108 187.0186 207.5291 292.1984 1062.6536 286.8259 445.3753 279.3562 118.1097 380.6622 175.7155 239.5994 1073.723;
	3.8898 52.5594 90.3651 116.2162 15.2471 33.8946 24.0639 14.5163 27.3143 29.0007 53.6073 79.9716 120.3968 66.6925 186.5534 70.2829 87.2029 92.409 89.4116 71.4506 8.0213 79.0873 72.3308 87.8685 102.4679 67.8559 11.4166 1146.4179 654.1728 654.1728 695.5087 102.4146 298.0388 183.9139 209.0899 279.1137 1017.8792 289.9107 451.0218 274.4677 121.0643 376.0038 189.6289 255.0183 1028.4821;
