function windprofile = ex_wind_profilesh1
%EX_WIND_PROFILE_D  Example wind_load_nyiso profile data for deterministic unit commitment.
% 2022.03.12
% Andres F. Ramirez


%% define constants
[GEN_BUS, PG, QG, QMAX, QMIN, VG, MBASE, GEN_STATUS, PMAX, PMIN, ...
    MU_PMAX, MU_PMIN, MU_QMAX, MU_QMIN, PC1, PC2, QC1MIN, QC1MAX, ...
    QC2MIN, QC2MAX, RAMP_AGC, RAMP_10, RAMP_30, RAMP_Q, APF] = idx_gen;
[CT_LABEL, CT_PROB, CT_TABLE, CT_TBUS, CT_TGEN, CT_TBRCH, CT_TAREABUS, ...
    CT_TAREAGEN, CT_TAREABRCH, CT_ROW, CT_COL, CT_CHGTYPE, CT_REP, ...
    CT_REL, CT_ADD, CT_NEWVAL, CT_TLOAD, CT_TAREALOAD, CT_LOAD_ALL_PQ, ...
    CT_LOAD_FIX_PQ, CT_LOAD_DIS_PQ, CT_LOAD_ALL_P, CT_LOAD_FIX_P, ...
    CT_LOAD_DIS_P, CT_TGENCOST, CT_TAREAGENCOST, CT_MODCOST_F, ...
    CT_MODCOST_X] = idx_ct;

windprofile = struct( ...
    'type', 'mpcData', ...
    'table', CT_TGEN, ...
    'rows', [1:45], ...
    'col', PMAX, ...
    'chgtype', 1, ...
    'values', [] );
windprofile.values(:,1,:) = [
	3.675 49.6573 89.886 107.4021 14.1364 32.7289 24.0507 18.1991 25.7939 29.9932 55.442 82.7085 124.5172 63.7445 194.1096 73.1296 90.7349 96.1519 40.7075 71.25 8.0169 76.3675 72.2037 89.3122 104.3846 73.7837 13.8149 1117.7119 632.9823 632.9823 565.9847 100.1612 135.6916 183.3978 199.8478 270.0724 1068.1595 219.1473 440.139 279.6015 120.2709 363.0727 133.1016 268.1835 1079.2862;
	3.7191 50.2536 92.4944 117.7807 14.0824 32.3072 26.8677 18.2209 26.5578 29.5138 54.5558 81.3866 122.5271 66.0389 192.5154 72.529 89.9897 95.3623 34.2555 72.3191 8.9559 75.3834 72.3901 88.7629 103.6416 73.2658 13.3687 1080.5831 672.4776 672.4776 559.1683 99.446 114.1849 186.1496 207.0408 286.9238 1053.245 230.8983 449.4518 277.6115 122.4763 358.3943 125.6701 280.5691 1064.2163;
	3.6941 49.9158 91.4378 62.4947 13.9432 33.5596 28.2212 17.5823 25.9874 29.0089 53.6224 79.9941 120.4307 67.4297 195.3026 73.5791 91.2926 96.7429 35.1951 71.2364 9.4071 78.3058 71.3233 87.5542 101.2445 71.4105 13.3662 1044.9854 675.6867 675.6867 552.9314 101.2943 117.3171 183.3625 211.4012 288.293 1112.9112 231.8239 439.681 271.1907 121.2074 372.2883 115.2688 270.9749 1124.504;
	3.5543 48.026 90.3804 83.0132 13.8698 32.9814 26.3477 17.4751 26.5042 29.0396 53.6792 80.0788 120.5581 66.9117 199.6793 75.228 93.3385 98.9109 44.2021 73.047 8.7826 76.9566 64.7788 86.3436 100.2913 71.953 13.3522 1056.8948 709.3014 709.3014 551.0404 92.4075 147.3402 188.0232 209.7772 302.6352 1023.8726 245.1639 440.7587 268.6374 120.5313 365.8737 140.7851 266.8873 1034.5379;
	3.1031 41.9292 90.2186 116.799 12.9637 33.2069 22.5693 18.0934 26.0747 29.8737 55.2211 82.379 124.0212 65.2622 198.4519 74.7656 92.7647 98.3029 82.05 71.3094 7.5231 77.4828 61.4196 87.1012 102.6635 74.1108 13.4095 1031.4537 666.9083 666.9083 537.9108 86.6353 273.5001 183.5505 204.6059 284.5475 1064.3496 239.1831 438.4297 274.9916 116.7203 368.3752 152.4236 261.1445 1075.4366;
	3.3421 45.1593 90.827 116.4603 13.8991 32.4739 25.4131 18.3404 25.2935 29.2014 53.9784 80.5252 121.2302 66.7915 203.5196 76.6748 95.1336 100.8132 92.5154 72.5935 8.471 75.7725 71.4163 87.2816 105.0302 73.5506 13.8162 1123.4518 734.2766 734.2766 525.7893 83.7682 308.3848 186.8557 209.4004 313.2913 1061.2514 229.0217 437.0551 281.3308 115.4744 360.2443 135.2274 264.4708 1072.3061;
	3.331 45.0088 91.5119 113.7651 13.9645 31.8412 25.1284 18.1764 25.7385 28.2289 52.1807 77.8433 117.1927 66.8433 204.12 76.901 95.4142 101.1106 89.3792 73.2726 8.3761 74.2962 73.9463 85.7953 102.7233 75.7142 13.2493 1173.3237 737.6812 737.6812 560.9191 76.1729 297.9306 188.6038 209.5629 314.744 1079.8509 242.4258 415.1296 275.1516 114.798 353.2254 140.274 266.3985 1091.0993;
	3.5925 48.542 93.3979 117.288 14.5547 32.9365 24.7784 18.6357 25.8946 29.0942 53.7802 80.2295 120.785 67.3943 202.5987 76.3279 94.7031 100.357 89.6157 71.0822 8.2595 76.8518 74.4365 88.5353 106.1951 75.3478 13.4033 1123.7177 705.1704 705.1704 526.612 69.6204 298.719 182.9657 211.2904 300.8727 1050.9429 228.7943 426.8912 284.4511 114.2234 365.3756 167.2366 273.3026 1061.8902;
	3.7708 50.9522 93.4178 117.0936 14.535 34.3685 25.206 18.3902 25.7448 29.3031 54.1664 80.8056 121.6524 68.2299 201.6309 75.9633 94.2507 99.8776 91.3993 70.0708 8.402 80.1931 74.5679 87.128 105.1047 75.7652 13.5407 1215.2989 753.5173 753.5173 566.7499 70.7959 304.6643 180.3623 213.9098 321.5007 1138.0024 258.6884 436.2571 281.5305 115.6183 381.2607 160.8074 281.6396 1149.8566;
	3.8185 51.5969 93.4753 117.5423 14.6659 34.4093 28.15 18.4963 27.3642 30.1105 55.6588 83.032 125.0042 68.1485 203.0861 76.5115 94.9309 100.5985 91.2686 70.7124 9.3833 80.2884 75.3817 87.9282 104.7079 74.6826 13.7165 1130.316 745.318 745.318 658.9022 89.7389 304.2288 182.0138 213.6546 318.0023 1098.422 291.0375 457.0351 280.4676 118.7494 381.7142 153.3551 273.6767 1109.8639;
	3.6612 49.4711 90.744 113.1922 14.3169 34.1089 25.2597 17.9102 27.7075 31.2251 57.7191 86.1055 129.6314 67.934 204.8467 77.1748 95.7539 101.4706 90.9924 72.1774 8.4199 79.5874 75.7241 85.8722 102.2429 73.1296 13.5743 1073.7736 717.4786 717.4786 603.8014 87.5523 303.3079 185.7849 212.9824 306.1242 1013.81 280.523 459.5365 273.8649 118.5858 378.3811 158.4046 267.0335 1024.3705;
	3.6783 49.7014 93.7216 115.4496 14.3255 33.1781 24.264 18.0629 27.0974 30.512 56.4009 84.1391 126.6709 67.1936 204.525 77.0536 95.6036 101.3112 92.3751 71.4836 8.088 77.4156 74.6429 87.3518 103.1003 75.3909 13.4418 975.9608 711.2084 711.2084 605.113 91.3776 307.9171 183.9991 210.6611 303.4489 1023.4043 271.0113 443.8295 276.1615 113.8291 368.056 160.8716 271.9384 1034.0648;
	3.7341 50.456 93.4256 118.0457 14.6366 33.1879 26.9398 18.1013 26.9381 30.9667 57.2414 85.3929 128.5586 68.0044 202.969 76.4674 94.8762 100.5404 90.7489 72.4151 8.9799 77.4384 74.6665 88.6961 102.0256 75.2652 13.094 1029.896 754.7756 754.7756 681.377 100.042 302.4964 186.3967 213.2028 322.0376 991.9711 300.7399 459.8799 273.2828 113.3368 368.1643 156.1929 269.5189 1002.3041;
	3.7368 50.4923 90.0932 111.4327 14.3421 33.0961 26.9296 17.514 26.6968 30.2765 55.9657 83.4898 125.6934 67.1876 201.1305 75.7747 94.0168 99.6297 90.4412 72.8526 8.9765 77.2242 73.8857 85.6662 96.9957 72.5534 12.9952 1025.5054 749.0985 749.0985 725.159 98.1028 301.4707 187.5229 210.6421 319.6153 1010.646 318.6461 464.5082 259.8099 112.5874 367.1458 151.3991 266.9639 1021.1735;
	3.7739 50.9937 89.2036 110.2446 14.0924 33.567 25.7997 17.7053 27.7012 30.9504 57.2114 85.3481 128.4911 67.059 200.1658 75.4113 93.5659 99.1519 91.5279 73.8157 8.5999 78.323 74.6487 86.6411 97.1597 74.7101 13.1889 1041.8267 771.752 771.752 745.4283 101.5603 305.0931 190.0019 210.2391 329.2808 964.773 325.1045 468.2571 260.2491 107.9877 372.3698 174.1121 252.0227 974.8227;
	3.8079 51.4532 91.5667 114.5124 14.2485 33.4336 25.7381 17.9868 27.7703 31.0731 57.4381 85.6863 129.0003 68.9321 198.6968 74.8579 92.8792 98.4242 91.7366 73.4532 8.5794 78.0118 75.3778 85.6688 97.7104 75.1806 13.5686 1150.9279 794.6247 794.6247 731.6252 105.9438 305.7886 189.0688 216.1115 339.0399 1071.3053 328.0295 460.5195 261.7243 110.0085 370.8903 178.105 252.7844 1082.4647;
	3.5736 48.287 86.4873 111.0015 13.9537 32.9006 24.2091 16.4389 25.4645 30.869 57.061 85.1237 128.1533 67.2101 195.8298 73.7777 91.5391 97.0041 92.4117 72.7126 8.0697 76.7681 73.0459 84.9774 95.4728 71.542 12.2509 1116.2054 768.7673 768.7673 723.6717 98.9472 308.0391 187.1625 210.7126 328.0074 1116.3959 304.2749 437.0607 255.7308 113.743 364.9772 175.3419 217.617 1128.025;
	3.6367 49.1397 89.5941 113.3588 14.2395 32.1857 25.0867 13.9359 25.8423 31.2994 57.8564 86.3104 129.9398 68.1292 193.8295 73.0241 90.604 96.0132 91.0461 70.802 8.3622 75.0999 75.5458 83.3784 98.1491 65.8007 11.5847 1168.0669 727.2582 727.2582 675.2986 89.3835 303.4868 182.2445 213.5942 310.2968 1135.8369 298.9137 444.7464 262.8993 115.2521 357.0463 183.613 237.2428 1147.6686;
