function solarprofile = ex_solar_profilesh1
%EX_WIND_PROFILE_D  Example wind_load_nyiso profile data for deterministic unit commitment.
% 2022.03.12
% Andres F. Ramirez


%% define constants
[GEN_BUS, PG, QG, QMAX, QMIN, VG, MBASE, GEN_STATUS, PMAX, PMIN, ...
    MU_PMAX, MU_PMIN, MU_QMAX, MU_QMIN, PC1, PC2, QC1MIN, QC1MAX, ...
    QC2MIN, QC2MAX, RAMP_AGC, RAMP_10, RAMP_30, RAMP_Q, APF] = idx_gen;
[CT_LABEL, CT_PROB, CT_TABLE, CT_TBUS, CT_TGEN, CT_TBRCH, CT_TAREABUS, ...
    CT_TAREAGEN, CT_TAREABRCH, CT_ROW, CT_COL, CT_CHGTYPE, CT_REP, ...
    CT_REL, CT_ADD, CT_NEWVAL, CT_TLOAD, CT_TAREALOAD, CT_LOAD_ALL_PQ, ...
    CT_LOAD_FIX_PQ, CT_LOAD_DIS_PQ, CT_LOAD_ALL_P, CT_LOAD_FIX_P, ...
    CT_LOAD_DIS_P, CT_TGENCOST, CT_TAREAGENCOST, CT_MODCOST_F, ...
    CT_MODCOST_X] = idx_ct;

solarprofile = struct( ...
    'type', 'mpcData', ...
    'table', CT_TGEN, ...
    'rows', [1:12], ...
    'col', PMAX, ...
    'chgtype', 1, ...
    'values', [] );
solarprofile.values(:,1,:) = [
	0.0 0.0 0.0 0.0 0.0 0.0 0.0 0.0 0.0 0.0 0.0 0.0;
	0.0 0.0 0.0 0.0 0.0 0.0 0.0 0.0 0.0 0.0 0.0 0.0;
	0.0 0.0 0.0 0.0 0.0 0.0 0.0 0.0 0.0 0.0 0.0 0.0;
	0.0 0.0 0.0 0.0 0.0 0.0 0.0 0.0 0.0 0.0 0.0 0.0;
	0.0 0.0 0.0 0.0 0.0 0.0 0.0 0.0 0.0 0.0 0.0 0.0;
	0.0 0.0 0.002 0.0 0.0 0.0 0.0 0.0 0.0 0.0 0.0 0.0;
	3.5276 5.7846 2.957 3.2779 3.343 301.5623 37.6953 45.8636 47.9665 72.2539 44.9692 130.8523;
	17.1063 15.4142 12.2787 6.5994 7.3366 362.2972 45.2871 71.5475 58.9482 256.1984 164.2048 463.9768;
	23.724 16.7552 13.8771 7.9625 10.0705 376.5829 47.0729 73.2069 82.9488 331.4965 212.035 600.3421;
	26.5343 16.6083 13.8 7.9181 9.595 334.1786 41.7723 64.1928 162.3595 308.164 210.0688 558.0868;
	26.4795 16.6083 13.8 9.1922 9.3537 318.5081 39.8135 65.0921 189.4218 312.8142 219.1076 566.5084;
	26.6171 16.6083 13.8 9.4202 8.2745 277.1167 34.6396 66.3417 198.4208 308.93 220.4207 559.474;
	26.8505 16.646 13.9368 8.3375 9.4476 336.1115 42.0139 72.3887 203.6582 186.9073 168.1646 338.4903;
	24.6493 16.6139 13.8929 8.3508 10.8558 374.8413 46.8552 74.6643 192.0038 157.0472 139.09 284.4134;
	18.4344 14.1999 11.8111 5.2806 10.9936 389.0382 48.6298 74.2027 171.0096 96.7504 117.1164 175.2156;
	4.4551 5.1693 3.3329 4.5196 8.9897 291.9581 36.4948 71.1763 71.0481 39.5026 74.3839 71.5395;
	0.7668 0.736 0.467 1.3359 2.6341 46.769 5.8461 13.808 19.6507 19.0209 19.1901 34.447;
	0.0 0.0 0.0 0.0 0.0 0.0 0.0 0.0 0.0 0.0 0.0 0.0;
	0.0 0.0 0.0 0.0 0.0 0.0 0.0 0.0 0.0 0.0 0.0 0.0;
	0.0 0.0 0.0 0.0 0.0 0.0 0.0 0.0 0.0 0.0 0.0 0.0;
	0.0 0.0 0.0 0.0 0.0 0.0 0.0 0.0 0.0 0.0 0.0 0.0;
	0.0 0.0 0.0 0.0 0.0 0.0 0.0 0.0 0.0 0.0 0.0 0.0;
	0.0 0.0 0.0 0.0 0.0 0.0 0.0 0.0 0.0 0.0 0.0 0.0;
	0.0 0.0 0.0 0.0 0.0 0.0 0.0 0.0 0.0 0.0 0.0 0.0;
];
