function loadprofile = ex_load_profilesh1
%EX_LOAD_PROFILE  Example load profile data file for stochastic unit commitment.
% 2022.03.12
% Andres F. Ramirez

%% define constants
[CT_LABEL, CT_PROB, CT_TABLE, CT_TBUS, CT_TGEN, CT_TBRCH, CT_TAREABUS, ...
    CT_TAREAGEN, CT_TAREABRCH, CT_ROW, CT_COL, CT_CHGTYPE, CT_REP, ...
    CT_REL, CT_ADD, CT_NEWVAL, CT_TLOAD, CT_TAREALOAD, CT_LOAD_ALL_PQ, ...
    CT_LOAD_FIX_PQ, CT_LOAD_DIS_PQ, CT_LOAD_ALL_P, CT_LOAD_FIX_P, ...
    CT_LOAD_DIS_P, CT_TGENCOST, CT_TAREAGENCOST, CT_MODCOST_F, ...
    CT_MODCOST_X] = idx_ct;

loadprofile = struct( ...
    'type', 'mpcData', ...
    'table', CT_TAREALOAD, ...
    'rows', [1:11], ...
    'col', CT_LOAD_ALL_P, ...
    'chgtype', 1, ...
    'values', [] );
loadprofile.values(:,1,:) = [
	1448.9301 890.5408 1596.257 543.8 805.6681 1070.3952 849.2475 256.0 531.2486 4319.4599 1626.8248;
	1464.3 886.9455 1577.4196 542.1 791.7 1079.7563 844.5877 252.6 530.6392 4311.4684 1623.9;
	1486.2808 920.4658 1602.9424 539.7 809.0 1083.8364 850.5 258.8728 522.9217 4305.9442 1630.6081;
	1564.7733 984.4106 1729.0191 559.7883 863.6592 1173.6032 925.1969 284.1432 580.7 4575.938 1773.592;
	1733.8655 1116.1442 1925.1618 581.646 1002.2868 1335.5693 1031.5353 330.0246 665.9846 5082.7231 2022.6751;
	1840.278 1207.7827 2050.9514 603.1538 1066.3211 1391.8382 1083.8 361.1 710.1784 5594.8899 2170.8501;
	1905.153 1225.0 2053.2 599.7741 1080.3359 1393.3719 1091.8 358.0 714.5954 6053.4629 2191.9;
	1915.758 1226.9035 2041.2527 590.9931 1061.5803 1377.2652 1090.7955 366.6 712.5752 6341.6259 2180.4003;
	1928.4027 1261.4172 2079.4404 594.0 1102.3021 1384.4448 1125.0552 370.884 712.1099 6389.8433 2206.3189;
	1919.4024 1245.0857 2040.429 583.0387 1066.7225 1374.78 1092.9697 364.7899 689.7672 6367.814 2116.481;
	1880.8872 1212.9908 2020.0565 576.5 1053.2015 1356.7055 1043.795 340.8269 677.1219 6404.8741 2041.5319;
	1867.2229 1195.9 2003.4 591.6896 1060.1909 1305.1652 1062.7539 333.3 672.1 6396.8667 2108.9313;
	1806.223 1178.1327 2022.997 603.6117 1030.3053 1301.4 1050.7212 331.2773 662.0847 6324.8357 2057.759;
	1763.3 1170.2138 1971.2301 593.3257 1021.9184 1236.9186 1023.3 320.8949 660.9213 6251.3147 2032.5359;
	1785.9647 1191.7061 1928.9901 619.9686 1048.1 1349.6381 1095.2128 339.6733 696.4533 6465.1421 2201.5673;
	1760.5474 1196.0 1940.6963 630.8783 1092.5631 1398.0666 1124.6875 348.7937 714.7858 6471.8 2297.4458;
	1784.7247 1155.2062 1940.1754 609.2861 1086.7444 1358.1039 1129.1672 358.1416 706.9947 6204.1615 2321.5933;
	1871.5864 1216.6395 2058.809 629.0 1125.819 1461.8332 1185.4 392.1397 738.5 6267.6807 2412.984;
	1921.6806 1239.3 2068.42 626.8853 1122.911 1439.3173 1189.6462 377.4889 745.5794 6071.9207 2344.4118;
	1875.0238 1177.4334 1961.769 614.7943 1042.6069 1343.7552 1143.1067 370.2074 718.2955 5898.1552 2288.2795;
	1833.0638 1110.6808 1843.6734 598.2686 1005.6249 1243.1194 1043.9 348.0381 667.0685 5637.5925 2105.862;
	1718.9144 1037.8192 1722.1043 576.6 926.8397 1172.733 963.5089 313.4889 633.8839 5214.9297 1916.8052;
	1613.6005 968.8 1674.1766 567.0 900.1461 1115.7556 897.4412 263.6 561.2247 4866.2306 1683.5955;
	1638.0449 972.2001 1695.2334 575.0536 893.6146 1149.4607 883.6839 289.5652 536.1551 4663.2408 1759.2552;
];
