function loadprofile = ex_load_profilesh1
%EX_LOAD_PROFILE  Example load profile data file for stochastic unit commitment.
% 2022.03.12
% Andres F. Ramirez

%% define constants
[CT_LABEL, CT_PROB, CT_TABLE, CT_TBUS, CT_TGEN, CT_TBRCH, CT_TAREABUS, ...
    CT_TAREAGEN, CT_TAREABRCH, CT_ROW, CT_COL, CT_CHGTYPE, CT_REP, ...
    CT_REL, CT_ADD, CT_NEWVAL, CT_TLOAD, CT_TAREALOAD, CT_LOAD_ALL_PQ, ...
    CT_LOAD_FIX_PQ, CT_LOAD_DIS_PQ, CT_LOAD_ALL_P, CT_LOAD_FIX_P, ...
    CT_LOAD_DIS_P, CT_TGENCOST, CT_TAREAGENCOST, CT_MODCOST_F, ...
    CT_MODCOST_X] = idx_ct;

loadprofile = struct( ...
    'type', 'mpcData', ...
    'table', CT_TAREALOAD, ...
    'rows', [1:11], ...
    'col', CT_LOAD_ALL_P, ...
    'chgtype', 1, ...
    'values', [] );
loadprofile.values(:,1,:) = [
	1509.1 932.7816 1612.8352 503.5288 788.5455 1091.2 835.9555 279.4 488.4 4473.6428 1628.0;
	1542.1586 954.2214 1658.6548 515.6342 802.6477 1114.2503 856.1 272.7383 493.0 4456.6056 1642.5449;
	1574.2245 968.8929 1721.3611 524.151 832.3685 1165.7934 877.4374 274.4646 513.6926 4459.6961 1675.6376;
	1641.4934 1029.7807 1804.2116 545.7124 888.6 1214.5201 931.4378 302.4309 551.8277 4714.3501 1796.1941;
	1748.3538 1150.8 1988.1585 553.4 999.1854 1380.2505 1021.3 333.139 603.0 5177.1228 2000.4323;
	1873.8054 1228.678 2086.3984 562.4729 1078.2725 1471.224 1094.454 365.6972 665.496 5739.3248 2166.0;
	1898.3059 1253.7336 2089.8284 539.3447 1087.954 1454.0 1139.5272 364.8 680.3828 6167.9254 2243.7;
	1925.6742 1248.9 2054.9101 581.4 1038.5008 1444.26 1127.5 355.4922 663.8 6380.6131 2168.876;
	1875.5945 1244.0758 2031.9709 566.5235 1044.1114 1405.3698 1063.7748 342.8399 676.7099 6412.8 2031.8398;
	1810.7 1186.4412 1951.3879 567.9464 1036.4889 1452.7708 1045.3269 329.1 658.746 6335.4414 1865.6859;
	1779.8741 1131.6248 1926.0558 563.0 992.1 1370.1427 1023.778 297.7843 644.8495 6228.7599 1472.3491;
	1799.6162 1125.9695 1941.3382 555.7366 979.7 1380.0973 1028.9359 315.1963 637.5001 6185.4286 1656.8288;
	1814.2428 1168.0538 1955.257 551.7137 998.0 1411.128 1061.2348 317.4863 653.7 6247.6541 1990.4682;
	1791.8 1191.7 1979.443 554.0623 1005.0934 1452.3831 1080.6115 342.6023 667.2809 6222.2489 2064.1879;
	1784.8413 1179.8641 1976.7047 547.6262 989.2353 1397.2 1069.952 363.484 663.9003 6351.2471 2153.2125;
	1759.9397 1180.2041 2001.8593 534.4685 989.6312 1412.1385 1105.5 356.6295 691.8517 6401.5574 2303.8254;
	1725.7931 1189.6526 1986.0277 572.6 1020.624 1449.2178 1154.2 365.6864 727.8792 6328.6203 2423.1478;
	1822.2862 1263.7466 2083.6957 555.5643 1088.3258 1526.5098 1218.3093 376.0863 750.5996 6287.3238 2510.1198;
	1873.61 1268.4398 2098.2048 550.8134 1064.6607 1530.4164 1233.538 374.1 747.1148 6238.2188 2631.1434;
	1779.3972 1193.8 1968.1791 553.7566 978.3 1376.548 1128.0426 364.9895 697.2435 5980.152 2348.6683;
	1722.8734 1100.1634 1840.149 547.7259 937.1659 1293.379 1049.4122 336.0 655.0686 5641.1082 2173.9233;
	1628.5484 1029.6786 1731.7442 508.3718 879.1771 1204.8424 993.2033 309.7 621.3017 5481.0506 2058.046;
	1506.53 966.7955 1704.4899 507.5422 840.4504 1154.3672 946.5256 277.7 561.1141 5021.6692 1965.8151;
	1505.5492 963.2494 1749.9854 549.2292 863.2662 1120.9192 889.7334 268.1233 525.9751 4751.849 1835.4487;
];
