function windprofile = ex_wind_profilesh1
%EX_WIND_PROFILE_D  Example wind_load_nyiso profile data for deterministic unit commitment.
% 2022.03.12
% Andres F. Ramirez


%% define constants
[GEN_BUS, PG, QG, QMAX, QMIN, VG, MBASE, GEN_STATUS, PMAX, PMIN, ...
    MU_PMAX, MU_PMIN, MU_QMAX, MU_QMIN, PC1, PC2, QC1MIN, QC1MAX, ...
    QC2MIN, QC2MAX, RAMP_AGC, RAMP_10, RAMP_30, RAMP_Q, APF] = idx_gen;
[CT_LABEL, CT_PROB, CT_TABLE, CT_TBUS, CT_TGEN, CT_TBRCH, CT_TAREABUS, ...
    CT_TAREAGEN, CT_TAREABRCH, CT_ROW, CT_COL, CT_CHGTYPE, CT_REP, ...
    CT_REL, CT_ADD, CT_NEWVAL, CT_TLOAD, CT_TAREALOAD, CT_LOAD_ALL_PQ, ...
    CT_LOAD_FIX_PQ, CT_LOAD_DIS_PQ, CT_LOAD_ALL_P, CT_LOAD_FIX_P, ...
    CT_LOAD_DIS_P, CT_TGENCOST, CT_TAREAGENCOST, CT_MODCOST_F, ...
    CT_MODCOST_X] = idx_ct;

windprofile = struct( ...
    'type', 'mpcData', ...
    'table', CT_TGEN, ...
    'rows', [1:45], ...
    'col', PMAX, ...
    'chgtype', 1, ...
    'values', [] );
windprofile.values(:,1,:) = [
	3.8813 52.4447 91.8144 111.229 14.9239 34.9634 29.8618 18.1557 28.2152 31.3426 57.9363 86.4295 130.1191 66.3367 197.2884 74.3273 92.2209 97.7266 38.5437 73.1992 9.9539 81.5813 75.2716 88.5188 105.6188 72.7759 13.6466 1102.7338 661.5256 661.5256 555.8177 97.4664 128.4789 188.4149 207.9747 282.2509 1104.6593 220.0958 470.548 282.9076 117.7902 387.8606 155.7357 266.8486 1116.1662;
	3.9048 52.7623 95.0206 120.8203 15.3244 34.9564 30.8202 18.3275 28.2863 31.1442 57.5696 85.8825 129.2957 65.2679 194.9535 73.4476 91.1294 96.57 33.2781 73.1948 10.2734 81.565 74.1621 89.4926 105.5875 72.5433 13.471 1141.3064 681.7535 681.7535 527.6381 100.5854 110.927 188.4036 204.6236 290.8815 1126.2817 226.9563 464.4077 282.8235 122.5499 387.7832 158.8408 275.7533 1138.0138;
	3.882 52.4543 94.4019 70.2138 15.3376 34.9391 31.1207 17.8426 28.2135 30.4642 56.3126 84.0073 126.4726 63.4447 200.501 75.5376 93.7226 99.3179 34.8748 72.7672 10.3736 81.5246 74.5134 88.6473 104.4055 71.5111 13.5071 1116.878 681.9845 681.9845 531.3588 104.9895 116.2494 187.303 198.9077 290.9801 1176.2353 225.5288 464.7349 279.6577 121.0815 387.5911 153.5958 272.4919 1188.4878;
	3.7333 50.4456 91.1969 80.722 15.1314 34.2058 30.1317 17.4282 28.3909 30.0626 55.5702 82.8998 124.8052 64.6682 201.5546 75.9345 94.2151 99.8399 44.6978 73.618 10.0439 79.8135 69.9139 85.9985 101.3685 70.4543 13.1156 1160.9284 711.2327 711.2327 521.816 98.2042 148.9928 189.493 202.7434 303.4593 1099.0544 239.8744 465.8276 271.5227 119.4322 379.4564 178.6734 265.752 1110.5029;
	3.5402 47.8359 91.7101 118.6947 15.176 33.8006 26.199 18.0394 28.4064 30.394 56.1828 83.8137 126.1811 66.3424 189.3007 71.3179 88.4871 93.7699 77.0119 72.1019 8.733 78.8681 64.6952 86.6205 103.4764 72.1856 13.1698 1160.5698 660.9053 660.9053 525.0861 95.1408 256.7063 185.5905 207.9923 281.9863 1116.6622 230.9821 460.3469 277.169 120.0978 374.9617 195.1929 263.1679 1128.2941;
	3.7453 50.6066 91.214 119.8265 14.5875 33.5191 29.5446 18.3986 28.3617 31.2621 57.7875 86.2075 129.785 66.3367 198.7874 74.892 92.9216 98.4691 88.2486 72.7717 9.8482 78.2113 75.3847 86.3885 105.0126 72.4196 13.5109 1188.3942 685.0117 685.0117 486.5734 96.3011 294.162 187.3145 207.9746 292.2716 1028.6472 216.5658 458.1555 281.2838 116.8574 371.839 191.3927 264.9761 1039.3623;
	3.8823 52.4589 94.9911 120.9542 15.1199 34.1676 29.1936 18.7905 28.2471 30.504 56.3862 84.1172 126.6379 65.8988 196.8232 74.152 92.0034 97.4962 87.1672 72.9514 9.7312 79.7244 75.2249 88.3769 105.6822 75.9257 13.631 1175.7067 675.9676 675.9676 523.2953 97.5741 290.5573 187.7772 206.6018 288.4128 1043.2365 237.4859 456.0708 283.0774 120.5275 379.0328 203.6734 271.2448 1054.1036;
	3.8745 52.3532 94.7581 120.7741 15.3338 34.1337 27.7992 18.6729 27.8011 30.5583 56.4865 84.2668 126.8632 64.885 194.8943 73.4253 91.1017 96.5406 85.3089 71.9086 9.2664 79.6453 74.7826 88.8985 105.5989 74.3955 13.6161 1090.079 641.745 641.745 496.3992 81.7239 284.3629 185.0929 203.4233 273.8112 994.1839 215.515 440.6679 282.8543 116.6357 378.6566 199.112 271.0985 1004.54;
	3.9198 52.9647 95.425 121.3212 15.3847 34.8351 29.0545 18.7678 27.0624 30.7981 56.9298 84.928 127.8587 66.6023 197.0762 74.2473 92.1216 97.6214 89.3226 70.9832 9.6848 81.2818 73.7384 89.9014 106.4316 74.8437 14.1123 1193.5909 752.9531 752.9531 585.0635 78.3806 297.7421 182.7109 208.8072 321.26 1133.3377 263.375 454.1363 285.0847 120.1253 386.4371 195.0051 281.7547 1145.1433;
	3.9278 53.0731 95.447 121.048 15.4124 35.0789 30.1828 19.0144 28.0878 29.9906 55.4371 82.7012 124.5062 66.4552 192.8779 72.6656 90.1592 95.5419 89.3719 68.9675 10.0609 81.8507 71.657 90.1748 106.6848 74.3683 14.0988 1154.4453 731.3964 731.3964 632.1159 87.0943 297.9064 177.5225 208.3459 312.0625 1132.8617 267.9293 467.3123 285.7629 122.1542 389.1415 184.1983 283.0248 1144.6623;
	3.7953 51.283 93.4727 120.1448 14.8491 33.6944 27.8827 18.6795 27.5118 30.3565 56.1135 83.7103 126.0253 65.5027 195.4121 73.6204 91.3438 96.7972 87.9959 70.3562 9.2942 78.6204 72.155 89.7285 105.4044 70.9999 13.7389 1060.2532 700.33 700.33 627.797 89.8127 293.3196 181.0969 205.3599 298.8075 1028.3864 282.2462 456.0708 282.3331 117.1538 373.7838 165.2151 274.9604 1039.0987;
	3.8892 52.5519 94.4196 120.5038 15.3266 33.696 27.5947 18.9765 27.7191 30.8881 57.0962 85.1762 128.2324 68.0712 194.7171 73.3585 91.0189 96.4529 89.7659 69.9058 9.1982 78.6241 74.7095 89.4262 105.7443 72.9961 13.5937 1017.4486 703.4112 703.4112 646.2368 94.9573 299.2197 179.9377 213.4123 300.1221 1051.969 266.3383 466.8708 283.2437 114.2737 373.8014 186.9201 278.49 1062.927;
	3.8449 51.9535 94.9886 121.0704 15.0974 34.0689 29.4339 19.049 27.2444 30.53 56.4342 84.1887 126.7457 68.0336 193.2399 72.802 90.3284 95.7212 86.8573 70.8966 9.8113 79.494 72.8212 90.1824 106.2849 74.1939 13.8928 1023.4814 744.6028 744.6028 671.332 100.33 289.5244 182.488 213.2944 317.6972 991.9604 284.7393 460.7834 284.6917 116.5046 377.9372 165.0307 272.3198 1002.2933;
	3.9178 52.938 94.7368 120.4083 15.3579 34.878 28.8178 18.9074 27.5343 30.865 57.0535 85.1127 128.1366 68.6422 196.0546 73.8624 91.6441 97.1154 90.7787 71.2254 9.6059 81.382 73.2469 90.0195 105.2997 72.8597 13.8114 975.056 716.7826 716.7826 674.9214 98.3713 302.5958 183.3343 215.2026 305.8272 984.944 287.1357 465.4713 282.0528 118.7388 386.9135 171.8089 276.0468 995.2038;
	3.8559 52.1016 94.0802 119.8432 15.2856 34.7894 26.8784 19.1437 27.1589 30.5565 56.4832 84.2618 126.8557 68.3717 193.5379 72.9143 90.4677 95.8688 89.8002 70.4933 8.9595 81.1752 71.1116 89.9063 103.9902 76.2838 14.0188 1025.18 724.1736 724.1736 678.0007 105.1795 299.3341 181.4498 214.3545 308.9807 926.5928 317.5866 457.1101 278.5452 118.1702 385.93 188.4928 270.5475 936.2448;
	3.9085 52.8121 94.8717 119.6026 15.3005 34.9325 27.5198 19.0784 27.8633 30.5499 56.471 84.2437 126.8284 67.1544 195.2606 73.5633 91.273 96.7221 88.6847 69.5305 9.1733 81.5092 73.479 89.7011 105.2449 76.276 14.1318 1168.7466 761.8527 761.8527 669.6324 108.8263 295.6158 178.9716 210.5382 325.0572 1087.6278 315.6506 469.1044 281.906 117.7279 387.518 195.3034 279.353 1098.9573;
	3.6569 49.4133 92.1409 117.2942 15.2195 34.4145 24.7075 18.5178 26.8227 30.6041 56.5712 84.3931 127.0533 65.1824 195.3341 73.591 91.3074 96.7585 91.0866 72.1696 8.2358 80.3006 74.714 89.7355 105.2023 76.1927 13.7891 1100.0975 731.7882 731.7882 633.7673 99.5568 303.6221 185.7647 204.3556 312.2296 1117.1054 281.4539 454.8744 281.7919 114.7881 381.7719 185.9802 250.4379 1128.7419;
	3.8432 51.9296 92.7734 113.6013 15.3423 33.6221 25.3409 15.393 27.0291 30.0469 55.5412 82.8565 124.74 64.68 190.3846 71.7263 88.9937 94.3068 85.8186 69.7381 8.447 78.4517 72.3955 89.9474 103.2738 70.7663 12.3856 1173.4476 695.7476 695.7476 662.2897 96.7473 286.0621 179.506 202.7804 296.8523 1122.1857 302.7182 456.6577 276.6262 113.6056 372.9817 191.6765 263.0764 1133.8751;
