function loadprofile = ex_load_profilesh1
%EX_LOAD_PROFILE  Example load profile data file for stochastic unit commitment.
% 2022.03.12
% Andres F. Ramirez

%% define constants
[CT_LABEL, CT_PROB, CT_TABLE, CT_TBUS, CT_TGEN, CT_TBRCH, CT_TAREABUS, ...
    CT_TAREAGEN, CT_TAREABRCH, CT_ROW, CT_COL, CT_CHGTYPE, CT_REP, ...
    CT_REL, CT_ADD, CT_NEWVAL, CT_TLOAD, CT_TAREALOAD, CT_LOAD_ALL_PQ, ...
    CT_LOAD_FIX_PQ, CT_LOAD_DIS_PQ, CT_LOAD_ALL_P, CT_LOAD_FIX_P, ...
    CT_LOAD_DIS_P, CT_TGENCOST, CT_TAREAGENCOST, CT_MODCOST_F, ...
    CT_MODCOST_X] = idx_ct;

loadprofile = struct( ...
    'type', 'mpcData', ...
    'table', CT_TAREALOAD, ...
    'rows', [1:11], ...
    'col', CT_LOAD_ALL_P, ...
    'chgtype', 1, ...
    'values', [] );
loadprofile.values(:,1,:) = [
	1495.8 894.9897 1538.7752 484.3575 741.9439 954.8798 811.1517 237.7763 503.7 4304.9963 1487.5176;
	1501.9912 896.2673 1555.6058 504.9112 756.0607 991.5993 802.0354 234.1648 502.2726 4311.3438 1576.6183;
	1523.0931 914.2 1602.7803 516.606 787.2989 993.7451 799.9394 234.7623 489.9 4311.8529 1547.93;
	1585.398 992.6202 1710.7 538.6171 855.1 1106.4263 875.5911 256.4351 529.3 4619.6 1722.7738;
	1720.773 1094.4198 1905.1708 560.7317 982.1852 1209.971 947.3837 275.339 598.3649 5130.3 1983.8928;
	1833.4413 1192.7976 2057.0851 589.6096 1056.2904 1335.7888 1020.5347 329.9837 665.1666 5815.3928 2158.4004;
	1850.5181 1192.1902 2047.7538 594.9488 1048.9 1326.8848 1062.5281 320.9146 693.7378 6143.6324 2238.1146;
	1904.1705 1224.9 2032.5558 581.5 1041.1345 1319.4838 1083.5684 332.012 708.2 6478.2227 2271.3868;
	1870.4081 1192.3009 2032.0917 585.1191 1028.1 1315.2929 1071.4141 334.0 706.8614 6435.4268 2297.7673;
	1907.6818 1217.1 2030.4913 575.4 1009.1174 1280.1862 1029.4628 320.3503 697.9815 6394.8297 2235.3895;
	1896.6399 1179.2132 1975.0801 567.2 960.845 1248.9866 995.8967 315.7243 686.4 6326.2805 2190.9782;
	1925.6 1140.8181 1953.6913 562.5029 949.5845 1235.7853 964.6168 312.3602 672.3596 6169.3054 2132.0963;
	1882.0415 1123.2704 1907.0877 571.0468 913.5911 1220.2415 966.6551 315.2 662.0 6207.776 2200.5851;
	1874.7376 1099.9181 1892.3 573.2984 918.4825 1241.754 989.8697 324.0245 684.0566 6270.7936 2285.2523;
	1849.0956 1066.2929 1859.0621 560.8631 899.2 1265.5416 997.7511 328.2653 671.4 6214.5 2231.8;
	1857.9507 1048.3217 1896.117 579.6671 905.2057 1349.4201 1022.4306 326.1798 690.3249 6131.805 2240.2;
	1924.4 1152.4265 1996.1687 600.9626 953.0 1404.7618 1060.7319 341.7441 702.0 6069.0342 2337.8007;
	1951.5704 1172.0534 2040.9639 597.9794 996.8448 1453.5353 1124.3696 361.6328 717.7188 6074.9646 2486.6996;
	1916.6077 1199.8679 2043.0874 589.7 994.8633 1461.7 1085.1943 366.9731 712.5735 5911.0409 2441.5727;
	1818.1333 1105.8283 1933.329 570.6 925.5668 1373.515 1031.2922 351.8727 670.849 5511.1861 2314.0;
	1756.852 1050.3197 1835.6197 552.2 884.6262 1290.5782 980.0643 312.1339 618.7769 5073.6765 2110.396;
	1663.4631 953.3258 1708.4725 543.6829 832.3456 1178.3259 897.6527 281.5 561.5801 4688.1638 1913.0724;
	1591.0827 907.3204 1665.4467 551.0089 808.714 1125.9232 821.7454 253.1884 516.0361 4642.4978 1834.7;
	1543.617 891.6222 1634.0515 537.8437 768.2442 1095.9374 846.4527 252.2651 511.1538 4578.228 1779.8189;
];
