function loadprofile = ex_load_profilesh1
%EX_LOAD_PROFILE  Example load profile data file for stochastic unit commitment.
% 2022.03.12
% Andres F. Ramirez

%% define constants
[CT_LABEL, CT_PROB, CT_TABLE, CT_TBUS, CT_TGEN, CT_TBRCH, CT_TAREABUS, ...
    CT_TAREAGEN, CT_TAREABRCH, CT_ROW, CT_COL, CT_CHGTYPE, CT_REP, ...
    CT_REL, CT_ADD, CT_NEWVAL, CT_TLOAD, CT_TAREALOAD, CT_LOAD_ALL_PQ, ...
    CT_LOAD_FIX_PQ, CT_LOAD_DIS_PQ, CT_LOAD_ALL_P, CT_LOAD_FIX_P, ...
    CT_LOAD_DIS_P, CT_TGENCOST, CT_TAREAGENCOST, CT_MODCOST_F, ...
    CT_MODCOST_X] = idx_ct;

loadprofile = struct( ...
    'type', 'mpcData', ...
    'table', CT_TAREALOAD, ...
    'rows', [1:11], ...
    'col', CT_LOAD_ALL_P, ...
    'chgtype', 1, ...
    'values', [] );
loadprofile.values(:,1,:) = [
	1494.981 887.8077 1536.2068 571.6996 759.3 1091.2 885.1251 284.3791 508.7394 4553.1558 1757.1752;
	1497.064 904.6424 1550.8639 567.6 765.0 1087.1233 872.5826 277.5148 500.9419 4533.3 1735.1683;
	1506.262 931.1 1549.5772 574.1941 780.3 1122.2268 883.5538 281.6694 505.6 4592.3525 1745.6641;
	1597.2386 1006.932 1662.5 597.0172 843.9 1203.3656 948.5806 319.423 547.2035 5053.9208 1934.2447;
	1763.9693 1139.1168 1880.4764 619.9 980.5107 1359.9297 1038.9711 359.4389 622.9844 5485.422 2139.4255;
	1889.1596 1230.4964 2026.4784 632.7677 1053.9289 1411.5222 1104.7754 388.3735 700.9 6008.5357 2275.2943;
	1936.9768 1242.0964 2027.9656 628.0466 1073.2235 1435.7345 1121.0819 400.4019 716.4845 6387.0002 2318.1584;
	1887.5152 1239.1209 2019.5597 621.0506 1070.1444 1435.7047 1112.3 382.4968 739.626 6537.9969 2346.0815;
	1843.941 1225.9194 2024.5457 624.3466 1057.4 1392.9405 1088.0962 379.7182 716.6 6526.3983 2293.7136;
	1879.066 1244.1818 2063.8557 616.0738 1034.1 1360.9746 1094.2742 384.9523 719.243 6548.7525 2387.0215;
	1897.4973 1242.6896 2053.2711 622.6407 1001.4256 1370.1252 1117.7896 390.8 718.8269 6533.3477 2377.1773;
	1896.4716 1228.5186 2017.5298 616.0494 987.8037 1354.1404 1066.5287 373.8401 699.0419 6537.4 2363.4726;
	1899.1915 1223.5387 2019.0863 627.4633 999.7985 1361.7184 1099.4168 391.4989 691.264 6414.231 2434.6749;
	1897.1853 1187.899 1961.3823 612.6116 998.2308 1340.3474 1064.5285 371.8057 710.9405 6468.2492 2507.9791;
	1894.4 1186.5089 1955.1634 605.657 1002.0696 1332.8409 1047.8141 353.5402 696.6 6404.3631 2338.2509;
	1928.497 1180.9553 2007.5042 615.1551 1003.2473 1397.9029 1094.9449 355.7213 726.0629 6487.1452 2546.1373;
	1888.5161 1199.6471 1999.2642 631.2969 1030.6001 1440.2524 1148.3499 377.7427 729.1584 6404.1962 2693.0917;
	1914.726 1231.7232 2097.9855 648.3314 1130.1171 1523.9632 1184.7811 398.0394 760.7645 6518.3925 2752.6844;
	1877.5523 1214.0256 2000.3648 639.7418 1047.5 1464.8409 1189.3319 380.0384 745.774 6400.0953 2707.4093;
	1851.5958 1163.428 1939.8611 616.1 995.4515 1396.975 1184.8988 359.965 732.2435 6122.2513 2540.351;
	1719.5963 1094.9412 1821.132 604.9262 945.5992 1293.2179 1094.2539 325.8972 710.2707 5765.7307 2243.3635;
	1628.8374 1040.7194 1743.7638 590.6548 878.7612 1229.9357 1037.7557 308.5144 657.6544 5619.5799 2147.6265;
	1524.1674 1019.5381 1673.1501 601.0282 858.3262 1189.1 1045.2809 292.2 571.0855 5150.814 1987.8651;
	1470.647 961.0911 1569.308 597.0742 855.5749 1159.4422 993.7338 279.7473 533.8796 4745.0499 1854.8311;
];
