function loadprofile = ex_load_profilesh1
%EX_LOAD_PROFILE  Example load profile data file for stochastic unit commitment.
% 2022.03.12
% Andres F. Ramirez

%% define constants
[CT_LABEL, CT_PROB, CT_TABLE, CT_TBUS, CT_TGEN, CT_TBRCH, CT_TAREABUS, ...
    CT_TAREAGEN, CT_TAREABRCH, CT_ROW, CT_COL, CT_CHGTYPE, CT_REP, ...
    CT_REL, CT_ADD, CT_NEWVAL, CT_TLOAD, CT_TAREALOAD, CT_LOAD_ALL_PQ, ...
    CT_LOAD_FIX_PQ, CT_LOAD_DIS_PQ, CT_LOAD_ALL_P, CT_LOAD_FIX_P, ...
    CT_LOAD_DIS_P, CT_TGENCOST, CT_TAREAGENCOST, CT_MODCOST_F, ...
    CT_MODCOST_X] = idx_ct;

loadprofile = struct( ...
    'type', 'mpcData', ...
    'table', CT_TAREALOAD, ...
    'rows', [1:11], ...
    'col', CT_LOAD_ALL_P, ...
    'chgtype', 1, ...
    'values', [] );
loadprofile.values(:,1,:) = [
	1476.9365 911.3 1610.8867 548.5 792.5317 1123.1302 877.0 287.6777 549.2865 4506.5437 1764.375;
	1446.6156 915.9789 1626.7566 544.4888 811.8578 1127.1347 855.213 277.9 530.8 4375.5 1701.6395;
	1475.7536 930.9 1659.7327 550.4707 797.8857 1147.1 880.1275 284.0285 520.2192 4381.0573 1703.2321;
	1510.0955 1020.4978 1755.4523 578.0154 853.0888 1219.2266 915.9769 300.5 547.6064 4576.7981 1814.5337;
	1649.2363 1146.8 1957.9666 611.9527 982.3 1386.4047 1029.981 360.3 617.4 5178.7543 2068.3126;
	1759.0723 1232.0759 2077.7385 640.7266 1046.9911 1470.4072 1083.3039 383.2845 675.3945 5679.133 2203.1988;
	1744.5915 1239.9247 2080.082 620.2336 1051.7483 1459.0528 1107.5349 379.7721 684.9491 6016.87 2264.1367;
	1747.7026 1246.8 2097.1927 599.8879 1090.4297 1459.9051 1132.2705 429.8701 707.6438 6259.0545 2322.3651;
	1773.8865 1249.3276 2097.2614 598.463 1085.4755 1481.0 1178.1028 383.849 724.296 6453.0507 2394.4139;
	1761.9852 1252.379 2121.8387 588.7238 1074.4389 1509.8223 1194.9205 383.0398 719.6732 6549.01 2432.5617;
	1747.6227 1261.8 2081.8527 583.3253 1059.9 1490.9854 1176.8052 396.2449 705.9175 6665.9893 2476.144;
	1678.0802 1235.7268 2111.1669 585.9614 1076.9887 1523.8527 1213.8709 397.8195 693.8681 6622.4683 2343.0926;
	1680.0705 1204.4171 2051.8662 591.5514 1067.1226 1514.9665 1168.7531 375.9 666.1 6473.0908 2323.7005;
	1671.4472 1195.4713 2022.6175 584.421 1032.8076 1445.8428 1113.4076 352.9363 648.9 6400.7203 2240.3546;
	1753.237 1202.7 2034.0719 588.0 1061.4458 1487.6259 1138.6776 356.9272 667.0741 6475.9179 2288.7877;
	1754.1614 1218.0859 2057.5373 598.1 1113.1554 1553.9137 1267.0115 384.1625 695.4508 6618.991 2542.7105;
	1635.6088 1203.1058 2080.3129 601.5 1147.9381 1572.1878 1267.2769 419.1351 706.2755 6704.8106 2699.7472;
	1699.49 1244.9 2138.0 615.4581 1201.4365 1605.2554 1226.8287 413.7589 717.8636 6646.3498 2648.5089;
	1749.3681 1245.2446 2126.5642 598.1176 1157.3622 1580.2024 1203.9761 421.4855 704.6981 6458.2285 2544.1;
	1734.978 1198.6 2068.7302 590.9767 1114.1912 1492.3927 1187.2466 421.8724 702.4 6172.8987 2464.6079;
	1679.3405 1111.3162 1950.7035 569.6904 1027.8145 1402.5901 1117.4814 396.4388 666.7275 5820.7781 2259.6259;
	1550.2728 1037.8 1836.1 555.9457 966.0426 1294.6 1020.5978 339.3373 590.065 5275.1397 2039.4594;
	1501.295 983.4354 1726.2136 545.5595 914.6 1247.7477 928.7434 284.2036 539.7167 4758.2952 1863.7976;
	1486.9889 954.8637 1768.8244 563.0198 910.6038 1248.2 921.7135 300.1062 513.8835 4656.5224 1826.3365;
];
