function windprofile = ex_wind_profilesh1
%EX_WIND_PROFILE_D  Example wind_load_nyiso profile data for deterministic unit commitment.
% 2022.03.12
% Andres F. Ramirez


%% define constants
[GEN_BUS, PG, QG, QMAX, QMIN, VG, MBASE, GEN_STATUS, PMAX, PMIN, ...
    MU_PMAX, MU_PMIN, MU_QMAX, MU_QMIN, PC1, PC2, QC1MIN, QC1MAX, ...
    QC2MIN, QC2MAX, RAMP_AGC, RAMP_10, RAMP_30, RAMP_Q, APF] = idx_gen;
[CT_LABEL, CT_PROB, CT_TABLE, CT_TBUS, CT_TGEN, CT_TBRCH, CT_TAREABUS, ...
    CT_TAREAGEN, CT_TAREABRCH, CT_ROW, CT_COL, CT_CHGTYPE, CT_REP, ...
    CT_REL, CT_ADD, CT_NEWVAL, CT_TLOAD, CT_TAREALOAD, CT_LOAD_ALL_PQ, ...
    CT_LOAD_FIX_PQ, CT_LOAD_DIS_PQ, CT_LOAD_ALL_P, CT_LOAD_FIX_P, ...
    CT_LOAD_DIS_P, CT_TGENCOST, CT_TAREAGENCOST, CT_MODCOST_F, ...
    CT_MODCOST_X] = idx_ct;

windprofile = struct( ...
    'type', 'mpcData', ...
    'table', CT_TGEN, ...
    'rows', [1:45], ...
    'col', PMAX, ...
    'chgtype', 1, ...
    'values', [] );
windprofile.values(:,1,:) = [
	3.7862 51.16 88.0122 99.603 14.2023 32.8004 29.2206 17.9365 27.5046 30.8941 57.1073 85.1928 128.2573 65.8361 197.9146 74.5632 92.5136 98.0368 35.3002 70.7125 9.7402 76.5343 71.8671 85.7969 100.5178 72.3561 13.5099 1203.2953 691.7068 691.7068 620.4683 100.3724 117.6674 182.0141 206.4052 295.1282 1174.6663 220.0468 468.7607 269.2441 114.7773 363.8659 150.9284 265.0393 1186.9024;
	3.6289 49.0344 88.1903 109.3037 13.9973 31.4905 29.2271 18.0838 26.7689 28.8954 53.4126 79.6812 119.9595 67.2795 193.8034 73.0143 90.5918 96.0003 34.4774 72.1832 9.7424 73.4778 54.5536 86.4156 101.6049 71.6542 13.3544 1229.0427 727.9123 727.9123 606.8349 101.7289 114.9245 185.7997 210.9302 310.5759 1178.3098 215.9437 455.1511 272.1559 116.0236 349.3344 133.6916 267.5441 1190.5839;
	3.8473 51.9851 90.9278 59.4164 14.1787 34.0296 29.5297 18.1167 27.4152 29.839 55.1569 82.2832 123.877 66.7115 197.2016 74.2946 92.1803 97.6836 33.1108 70.3756 9.8432 79.4025 60.4421 86.7367 103.8043 73.9581 13.7479 1201.3001 716.2561 716.2561 571.1451 102.8571 110.3694 181.147 209.1496 305.6026 1182.7369 213.7365 465.1171 278.0471 121.2108 377.5022 144.9156 274.3601 1195.0571;
	3.862 52.1839 91.101 82.4546 14.6892 34.7953 29.4117 18.0365 27.1466 29.0948 53.7813 80.2311 120.7874 69.2767 201.8104 76.0309 94.3346 99.9665 42.8248 71.8228 9.8039 81.1891 45.6909 86.6559 104.4096 74.9113 13.5199 1280.6358 768.8149 768.8149 574.6951 93.2552 142.7492 184.872 217.1919 328.0277 1179.1689 242.6631 472.5531 279.6684 116.1757 385.9962 180.3162 277.091 1191.4519;
	3.6204 48.9192 89.9202 115.127 14.1547 32.8864 24.4591 17.8067 26.6458 29.7887 55.064 82.1446 123.6683 68.4059 197.7135 74.4874 92.4195 97.9371 78.7171 70.4013 8.153 76.7349 38.7425 85.3098 102.353 72.7625 13.1658 1199.7103 691.9405 691.9405 548.2874 89.8645 262.3903 181.2132 214.4619 295.2279 1194.3708 241.9151 458.0628 274.1599 116.0052 364.8195 177.8866 272.4351 1206.8121;
	3.8486 52.0036 91.7731 115.789 14.4786 33.5789 28.88 17.7454 27.7108 30.1799 55.7871 83.2234 125.2924 68.0832 204.5986 77.0813 95.638 101.3477 87.8674 73.0258 9.6267 78.3507 63.2377 87.0262 104.2418 72.2805 13.4748 1258.4919 736.8729 736.8729 509.8749 91.3568 292.8914 187.9687 213.4499 314.3991 1140.8299 223.1046 466.1849 279.2191 114.4921 372.5018 181.0817 272.7981 1152.7135;
	3.8289 51.7364 90.8691 113.9475 13.9884 32.7204 29.8113 17.5114 27.4299 30.4262 56.2424 83.9026 126.3148 67.9386 202.8101 76.4075 94.8019 100.4618 85.2889 71.9882 9.9371 76.3476 69.2652 84.6929 100.2896 73.6311 13.0206 1287.0966 731.7667 731.7667 580.1199 90.8176 284.2963 185.2979 212.9968 312.2205 1140.407 240.9896 463.4059 268.6327 117.5494 362.9783 191.2334 265.7139 1152.2863;
	3.6326 49.0839 86.2226 108.6694 11.293 31.3883 29.2458 17.3458 26.7385 29.3239 54.2048 80.8629 121.7386 66.4907 200.1809 75.417 93.5729 99.1594 82.0736 71.2668 9.7486 73.2394 68.9044 76.5883 90.139 71.4091 12.9533 1235.9081 692.8626 692.8626 533.4115 76.9218 273.5787 183.4408 208.4573 295.6214 1128.2366 222.729 458.76 241.4437 115.1596 348.2012 181.5108 244.7167 1139.9891;
	3.6449 49.2499 88.8509 104.5106 13.996 31.6744 29.3994 17.2604 26.5046 28.7223 53.0927 79.2039 119.2411 67.8493 197.5719 74.4341 92.3534 97.867 75.9736 68.3299 9.7998 73.907 55.9924 83.7263 100.8686 72.1691 13.0168 1212.8144 744.0049 744.0049 586.3511 74.7243 253.2453 175.8814 212.7167 317.4421 1171.3054 253.4851 450.3754 270.1837 119.4957 351.3751 173.2837 267.7529 1183.5065;
	3.6107 48.7881 86.6369 83.6195 12.6195 31.5609 30.0653 17.1152 26.3385 28.1585 52.0506 77.6493 116.9006 66.5122 199.7053 75.2378 93.3506 98.9238 78.7464 69.6839 10.0218 73.6421 56.3078 83.2919 98.8599 70.1676 12.8434 1171.6152 749.3152 749.3152 661.2114 89.494 262.4879 179.3664 208.5246 319.7078 1130.0914 288.1934 447.1471 264.8034 117.6154 350.1154 150.4348 257.0361 1141.8631;
	3.7352 50.471 87.1105 109.5689 13.9359 31.8169 27.9632 17.0442 26.4027 27.4665 50.7713 75.7408 114.0274 67.7782 197.7558 74.5033 92.4393 97.9581 79.1911 70.464 9.3211 74.2395 62.596 84.6698 98.4412 69.8331 12.7793 1186.225 754.7496 754.7496 638.6046 89.2579 263.9705 181.3745 212.4938 322.0265 1076.6893 278.5867 453.3785 263.6818 118.162 352.9557 146.8413 231.4979 1087.9048;
	3.8451 51.9555 87.7925 110.8609 13.9997 31.9584 26.7258 17.2918 26.6493 29.3988 54.3432 81.0694 122.0495 68.0625 195.8913 73.8009 91.5678 97.0345 85.2492 69.6338 8.9086 74.5697 69.8625 83.0355 98.5891 70.526 12.6205 1137.7461 718.4408 718.4408 633.3918 95.0542 284.1639 179.2377 213.3851 306.5347 1050.9684 279.8267 463.8314 264.0778 118.8979 354.5256 155.1198 256.9908 1061.916;
	3.8699 52.2903 89.059 112.8529 14.7007 32.8385 27.8217 17.6519 26.5448 29.6552 54.8172 81.7764 123.114 68.7789 198.2052 74.6726 92.6494 98.1807 85.3608 69.9432 9.2739 76.6231 70.9201 87.8925 103.2576 73.1319 13.1048 1055.7447 739.5486 739.5486 680.6701 98.7566 284.5361 180.034 215.6313 315.5407 980.7037 304.7949 455.7556 276.5829 120.6506 364.2883 147.6141 256.2394 990.9194;
	3.7683 50.9176 90.2978 113.7904 14.3444 31.8152 26.9955 18.0253 27.32 30.2782 55.9687 83.4943 125.7002 68.3964 204.622 77.0902 95.6489 101.3593 88.5204 71.7402 8.9985 74.2354 71.2316 88.5721 102.2748 72.4889 13.7019 1075.7043 691.7402 691.7402 691.8364 97.3642 295.0681 184.6595 214.432 295.1425 996.1354 298.4672 456.2686 273.9504 121.7531 352.9364 136.7996 265.6376 1006.5118;
	3.7786 51.0573 91.9667 114.9938 14.0323 33.5168 25.6005 18.0183 27.5146 30.725 56.7947 84.7265 127.5553 69.5754 199.1605 75.0326 93.096 98.6539 88.8504 72.3501 8.5335 78.2058 71.1186 89.596 103.886 72.5374 13.4645 1083.2711 725.0753 725.0753 708.6325 95.7551 296.1679 186.2293 218.1283 309.3655 972.3682 301.5966 461.6988 278.2662 121.8553 371.8126 171.3979 253.4457 982.497;
	3.7268 50.3567 91.9749 114.5696 13.9941 32.6281 25.9125 17.1881 28.1989 30.2395 55.8973 83.3878 125.5399 69.873 200.6464 75.5924 93.7905 99.3899 88.7196 73.0591 8.6375 76.1323 73.0251 88.3204 101.5366 71.3877 13.1249 1130.5007 770.7525 770.7525 683.5052 101.7571 295.732 188.0542 219.0613 328.8544 1059.6156 294.1548 473.7873 271.9732 118.0912 361.9545 177.7807 248.6105 1070.6532;
	3.5948 48.5733 92.0792 116.6509 13.9704 32.7636 25.3455 17.2179 27.6931 29.7773 55.0429 82.1132 123.6209 69.2078 197.1534 74.2764 92.1577 97.6597 90.8013 72.7981 8.4485 76.4483 70.4043 89.1373 101.7652 71.3551 12.7976 1084.3106 768.9006 768.9006 711.0506 102.7977 302.6711 187.3826 216.9758 328.0642 1102.0538 276.471 458.2859 272.5853 119.1749 363.4572 184.7011 229.6674 1113.5336;
	3.858 52.1304 94.8311 119.0259 14.3531 33.9323 25.0868 14.0813 27.7056 30.4754 56.3334 84.0383 126.5193 69.1522 189.9687 71.5696 88.7993 94.1008 87.8729 71.2931 8.3623 79.1754 70.5326 89.5932 101.8117 66.8128 11.6548 1238.4879 753.7258 753.7258 735.6483 101.1371 292.9096 183.5086 216.8016 321.5897 1181.206 294.7197 450.3978 272.71 118.8105 376.4225 196.4394 253.3516 1193.5103;
