function loadprofile = ex_load_profilesh1
%EX_LOAD_PROFILE  Example load profile data file for stochastic unit commitment.
% 2022.03.12
% Andres F. Ramirez

%% define constants
[CT_LABEL, CT_PROB, CT_TABLE, CT_TBUS, CT_TGEN, CT_TBRCH, CT_TAREABUS, ...
    CT_TAREAGEN, CT_TAREABRCH, CT_ROW, CT_COL, CT_CHGTYPE, CT_REP, ...
    CT_REL, CT_ADD, CT_NEWVAL, CT_TLOAD, CT_TAREALOAD, CT_LOAD_ALL_PQ, ...
    CT_LOAD_FIX_PQ, CT_LOAD_DIS_PQ, CT_LOAD_ALL_P, CT_LOAD_FIX_P, ...
    CT_LOAD_DIS_P, CT_TGENCOST, CT_TAREAGENCOST, CT_MODCOST_F, ...
    CT_MODCOST_X] = idx_ct;

loadprofile = struct( ...
    'type', 'mpcData', ...
    'table', CT_TAREALOAD, ...
    'rows', [1:11], ...
    'col', CT_LOAD_ALL_P, ...
    'chgtype', 1, ...
    'values', [] );
loadprofile.values(:,1,:) = [
	1459.3466 914.9439 1682.7586 544.952 835.9104 1205.8891 892.1303 255.7 515.8063 4489.6468 1620.5612;
	1515.1603 906.6542 1707.9542 546.1289 852.256 1220.0175 887.4013 256.7397 504.4871 4414.88 1584.4988;
	1514.7241 934.18 1686.796 551.7281 835.442 1235.3381 907.8957 257.8 520.5391 4401.4107 1622.8487;
	1617.6324 1013.3159 1822.5186 565.2398 885.6656 1305.9426 961.8 282.1071 558.544 4709.6971 1737.7933;
	1789.8105 1133.8566 2041.9963 587.596 998.016 1423.8018 1056.2662 327.9693 618.4512 5199.394 1979.6303;
	1858.4765 1232.0 2170.3053 621.0 1082.1028 1577.2423 1121.3767 363.777 682.3 5783.0909 2151.5375;
	1901.4959 1244.2127 2125.191 592.1673 1106.672 1544.5101 1173.6742 362.7603 693.4519 6191.6184 2202.8;
	1932.6194 1256.5202 2124.8989 589.0 1120.2361 1555.1551 1184.0335 363.3202 692.6496 6465.8543 2188.55;
	1950.4 1276.8486 2185.3268 578.4946 1120.8431 1594.9412 1212.2031 360.6481 696.7037 6537.6268 2191.7133;
	1942.7529 1299.2379 2190.4435 578.0 1122.9813 1589.3172 1222.577 333.7992 698.882 6537.7266 2286.0042;
	1987.146 1317.6473 2167.327 564.6386 1081.7 1546.1521 1236.2855 327.2114 716.7756 6530.9824 2297.415;
	1931.293 1318.1198 2149.1843 549.6869 1072.4779 1555.0102 1215.7619 337.3684 747.0749 6591.6713 2293.6364;
	1890.3 1285.6212 2110.4461 559.756 1026.6402 1529.9283 1247.2622 340.1009 740.108 6723.2129 2313.8349;
	1889.9679 1289.4692 2090.1 563.4411 1035.6031 1563.2506 1182.9327 331.1317 694.8978 6654.6914 2256.8103;
	1881.7351 1269.4388 2088.6374 560.8 1019.4708 1555.5675 1199.1242 333.6864 693.5028 6605.6198 2329.6066;
	1838.6174 1267.9716 2101.4 577.4 1009.5 1594.4408 1181.5403 340.2873 710.2 6471.7127 2451.9968;
	1808.5559 1295.8524 2099.6563 588.083 1046.8519 1534.6598 1168.4527 360.6 717.2 6456.7277 2557.8741;
	1847.2421 1334.3178 2159.1798 600.4037 1089.7943 1572.0491 1189.4899 377.2288 746.9 6435.3557 2673.3843;
	1908.1 1330.549 2154.428 595.3 1099.24 1574.1914 1177.1876 374.0168 728.8562 6276.9463 2522.9283;
	1854.7072 1261.339 2078.3225 566.3555 1046.9 1472.103 1148.13 361.7184 699.7 6040.5387 2390.3952;
	1755.0308 1163.9 1948.1156 531.6662 965.0666 1362.4003 1061.503 334.574 680.2932 5693.7671 2193.1342;
	1677.9595 1097.1153 1802.3967 530.4694 871.3 1315.0 976.9 299.5 593.355 5232.9002 1937.3288;
	1618.9333 1016.0624 1749.5911 517.0689 877.8662 1341.0382 949.3545 295.5835 556.6607 4896.9683 1805.0;
	1561.2709 986.7046 1695.7952 532.7863 868.3984 1311.9031 922.0445 289.5 536.9784 4657.3201 1707.2119;
];
