function solarprofile = ex_solar_profilesh1
%EX_WIND_PROFILE_D  Example wind_load_nyiso profile data for deterministic unit commitment.
% 2022.03.12
% Andres F. Ramirez


%% define constants
[GEN_BUS, PG, QG, QMAX, QMIN, VG, MBASE, GEN_STATUS, PMAX, PMIN, ...
    MU_PMAX, MU_PMIN, MU_QMAX, MU_QMIN, PC1, PC2, QC1MIN, QC1MAX, ...
    QC2MIN, QC2MAX, RAMP_AGC, RAMP_10, RAMP_30, RAMP_Q, APF] = idx_gen;
[CT_LABEL, CT_PROB, CT_TABLE, CT_TBUS, CT_TGEN, CT_TBRCH, CT_TAREABUS, ...
    CT_TAREAGEN, CT_TAREABRCH, CT_ROW, CT_COL, CT_CHGTYPE, CT_REP, ...
    CT_REL, CT_ADD, CT_NEWVAL, CT_TLOAD, CT_TAREALOAD, CT_LOAD_ALL_PQ, ...
    CT_LOAD_FIX_PQ, CT_LOAD_DIS_PQ, CT_LOAD_ALL_P, CT_LOAD_FIX_P, ...
    CT_LOAD_DIS_P, CT_TGENCOST, CT_TAREAGENCOST, CT_MODCOST_F, ...
    CT_MODCOST_X] = idx_ct;

solarprofile = struct( ...
    'type', 'mpcData', ...
    'table', CT_TGEN, ...
    'rows', [1:12], ...
    'col', PMAX, ...
    'chgtype', 1, ...
    'values', [] );
solarprofile.values(:,1,:) = [
	0.0 0.0 0.0 0.0 0.0 0.0 0.0 0.0 0.0 0.0 0.0 0.0;
	0.0 0.0 0.0 0.0 0.0 0.0 0.0 0.0 0.0 0.0 0.0 0.0;
	0.0 0.0 0.0 0.0 0.0 0.0 0.0 0.0 0.0 0.0 0.0 0.0;
	0.0 0.0 0.0 0.0 0.0 0.0 0.0 0.0 0.0 0.0 0.0 0.0;
	0.0 0.0 0.0 0.0 0.0 0.0 0.0 0.0 0.0 0.0 0.0 0.0;
	0.0 0.0 0.002 0.0 0.0 0.0 0.0 0.0 0.0 0.0 0.0 0.0;
	3.0528 3.7175 1.627 1.5677 5.7866 140.0338 17.5042 14.2509 95.5836 69.0633 39.3852 125.0741;
	13.7773 13.0277 7.3809 3.6963 10.0504 331.4322 41.429 60.4787 146.6331 208.3456 122.6843 377.3151;
	22.6412 16.6029 13.5409 7.6079 11.7736 379.6657 47.4582 64.2034 165.0721 331.4233 209.6402 600.2095;
	26.334 16.6083 13.8 11.2686 9.9723 357.4578 44.6822 37.7276 195.2097 341.9839 228.6073 619.3349;
	26.4878 16.6138 13.8966 11.4504 10.5158 359.2935 44.9117 46.6824 196.7886 343.8478 233.9749 622.7105;
	26.7831 16.7617 14.2323 11.4717 9.9149 370.4981 46.3123 57.606 205.8083 339.7358 229.5815 615.2635;
	26.7565 16.7531 14.0967 11.1342 5.0573 432.8339 54.1042 70.3555 248.6405 237.6828 182.553 430.445;
	23.992 16.6464 13.83 10.7631 4.0122 435.1059 54.3882 72.3219 246.8901 187.713 153.9157 339.9494;
	17.5392 14.3577 11.0316 7.6909 5.2338 420.1344 52.5168 64.5809 223.0456 124.9123 117.8099 226.2168;
	3.9164 4.6659 1.9072 5.3711 5.3211 238.2775 29.7847 10.5648 93.9054 64.2403 64.4753 116.3395;
	0.7605 0.6234 0.4305 1.5811 2.6337 47.1644 5.8955 8.4664 19.8706 22.6717 26.9958 41.0586;
	0.0 0.0 0.0 0.0 0.0 0.0 0.0 0.0 0.0 0.0 0.0 0.0;
	0.0 0.0 0.0 0.0 0.0 0.0 0.0 0.0 0.0 0.0 0.0 0.0;
	0.0 0.0 0.0 0.0 0.0 0.0 0.0 0.0 0.0 0.0 0.0 0.0;
	0.0 0.0 0.0 0.0 0.0 0.0 0.0 0.0 0.0 0.0 0.0 0.0;
	0.0 0.0 0.0 0.0 0.0 0.0 0.0 0.0 0.0 0.0 0.0 0.0;
	0.0 0.0 0.0 0.0 0.0 0.0 0.0 0.0 0.0 0.0 0.0 0.0;
	0.0 0.0 0.0 0.0 0.0 0.0 0.0 0.0 0.0 0.0 0.0 0.0;
];
