function windprofile = ex_wind_profilesh1
%EX_WIND_PROFILE_D  Example wind_load_nyiso profile data for deterministic unit commitment.
% 2022.03.12
% Andres F. Ramirez


%% define constants
[GEN_BUS, PG, QG, QMAX, QMIN, VG, MBASE, GEN_STATUS, PMAX, PMIN, ...
    MU_PMAX, MU_PMIN, MU_QMAX, MU_QMIN, PC1, PC2, QC1MIN, QC1MAX, ...
    QC2MIN, QC2MAX, RAMP_AGC, RAMP_10, RAMP_30, RAMP_Q, APF] = idx_gen;
[CT_LABEL, CT_PROB, CT_TABLE, CT_TBUS, CT_TGEN, CT_TBRCH, CT_TAREABUS, ...
    CT_TAREAGEN, CT_TAREABRCH, CT_ROW, CT_COL, CT_CHGTYPE, CT_REP, ...
    CT_REL, CT_ADD, CT_NEWVAL, CT_TLOAD, CT_TAREALOAD, CT_LOAD_ALL_PQ, ...
    CT_LOAD_FIX_PQ, CT_LOAD_DIS_PQ, CT_LOAD_ALL_P, CT_LOAD_FIX_P, ...
    CT_LOAD_DIS_P, CT_TGENCOST, CT_TAREAGENCOST, CT_MODCOST_F, ...
    CT_MODCOST_X] = idx_ct;

windprofile = struct( ...
    'type', 'mpcData', ...
    'table', CT_TGEN, ...
    'rows', [1:45], ...
    'col', PMAX, ...
    'chgtype', 1, ...
    'values', [] );
windprofile.values(:,1,:) = [
	3.7258 50.344 92.9332 113.0059 14.737 33.3322 24.5078 18.4479 25.1305 30.0698 55.5836 82.9198 124.8353 64.4239 196.3439 73.9714 91.7793 97.2587 29.5079 70.7614 8.1693 77.7751 74.5616 89.3604 105.0142 73.7756 13.8513 1096.0969 625.4419 625.4419 525.8488 101.8216 98.3596 182.1401 201.9775 266.8552 1018.0347 216.033 447.9352 281.2881 117.1723 369.7651 145.7055 278.3923 1028.6393;
	3.6386 49.1648 92.7985 119.8341 14.7796 32.364 27.1307 18.9245 26.6167 29.3386 54.232 80.9035 121.7998 64.1754 190.3276 71.7048 88.9671 94.2785 15.7659 71.4683 9.0436 75.516 71.9281 89.3749 105.5774 73.5028 14.1269 1094.1368 636.7341 636.7341 525.8158 97.5339 52.5529 183.9595 201.1985 271.6732 1043.0353 232.6442 456.2606 282.7965 118.0469 359.0246 132.8912 278.1295 1053.9003;
	3.7985 51.3262 94.2829 69.7544 14.9973 33.3728 27.3494 18.7678 26.862 29.2214 54.0152 80.5801 121.3129 64.392 193.4466 72.8799 90.425 95.8236 17.6926 70.4355 9.1165 77.87 71.2782 89.0608 105.9745 74.0971 14.1307 1048.8013 618.2221 618.2221 517.3419 106.3763 58.9752 181.3011 201.8776 263.7748 1061.9312 238.2137 456.9542 283.8602 119.7026 370.216 141.5352 280.788 1072.993;
	3.8018 51.3703 91.6361 85.8904 14.9369 33.5084 26.8087 18.6559 26.8443 29.0249 53.6521 80.0384 120.4973 64.1769 195.8692 73.7926 91.5575 97.0236 30.0157 71.533 8.9362 78.1863 66.906 87.8845 104.1187 74.9015 14.1242 1153.996 678.1144 678.1144 490.8907 99.4313 100.0522 184.1262 201.2031 289.3288 1041.8584 246.8349 460.5246 278.8895 119.3194 371.72 173.013 274.7074 1052.7111;
	3.4031 45.9835 89.2227 117.3674 14.3576 31.7551 21.1857 18.5819 26.4595 28.8602 53.3476 79.5841 119.8135 64.2573 192.5975 72.56 90.0281 95.403 69.2225 72.0946 7.0619 74.0951 60.6486 87.1348 102.3317 73.9128 14.0433 1066.8108 629.5887 629.5887 488.5512 94.7939 230.7415 185.5717 201.4553 268.6245 1064.6763 242.5949 442.7237 274.1028 119.8787 352.2694 174.4038 272.5308 1075.7666;
	3.7567 50.7616 88.9617 116.7328 14.4476 31.8628 25.1631 18.4187 27.1961 29.8196 55.1212 82.2299 123.7967 65.969 195.9441 73.8208 91.5925 97.0607 86.281 72.2164 8.3877 74.3466 72.7876 87.5801 104.032 73.9346 14.126 1141.1716 706.0008 706.0008 490.4808 94.1705 287.6033 185.8853 206.8217 301.227 1017.1605 219.9594 437.7604 278.6572 120.0143 353.465 175.163 276.4598 1027.7559;
	3.6263 48.9989 87.8362 116.3956 13.9694 32.038 26.5448 17.9317 26.993 29.6511 54.8096 81.7652 123.0971 66.2188 194.8979 73.4266 91.1034 96.5424 87.1709 72.6359 8.8483 74.7554 73.503 84.5931 99.6102 74.14 13.6122 1136.1588 730.1361 730.1361 540.3529 96.0241 290.5698 186.9651 207.6048 311.5247 1026.2395 237.2928 443.471 266.813 119.0244 355.4086 191.2194 261.2987 1036.9295;
	3.6563 49.4041 87.4539 116.6437 14.5413 32.9244 27.6655 18.3081 26.9448 29.4456 54.4297 81.1983 122.2437 64.4022 202.8868 76.4364 94.8378 100.4997 87.048 73.7309 9.2218 76.8237 73.3632 86.8096 104.3336 74.6617 13.6707 1073.0675 707.4273 707.4273 489.3777 78.3451 290.16 189.7834 201.9097 301.8356 1042.6822 228.1002 447.398 279.465 117.239 365.2416 193.5219 255.4094 1053.5434;
	3.8097 51.477 87.5032 116.7888 14.3183 33.1084 29.5778 17.6972 27.1761 29.831 55.1422 82.2613 123.8439 67.8574 202.4577 76.2748 94.6372 100.2872 88.1251 73.1509 9.8593 77.2528 73.4033 86.9567 101.1781 73.3991 13.6139 1120.4539 786.3053 786.3053 572.5113 74.0649 293.7504 188.2905 212.742 335.4903 1191.2901 270.9023 474.3997 271.0128 120.9074 367.2821 179.2963 260.8113 1203.6994;
	3.717 50.2243 86.5762 112.4896 14.3044 32.3577 29.4683 17.9258 27.0779 29.4442 54.4272 81.1947 122.2382 68.8896 200.4934 75.5347 93.719 99.3142 91.2171 70.8154 9.8228 75.5012 72.0826 85.7084 98.7961 72.1678 13.4183 1137.564 786.1974 786.1974 649.9428 89.318 304.0571 182.2791 215.9781 335.4442 1205.5401 303.1878 467.295 264.6324 117.0801 358.9544 160.8191 262.5519 1218.0978;
	3.6633 49.4995 86.9353 109.7198 14.2419 32.2078 28.1731 17.5902 26.9822 30.0838 55.6095 82.9584 124.8935 67.5047 202.7234 76.3748 94.7614 100.4188 90.9971 71.3986 9.391 75.1515 73.3117 85.4806 97.223 71.3267 13.1892 1097.3906 774.0559 774.0559 622.6092 86.2345 303.3236 183.7801 211.6363 330.2638 1136.6607 307.8658 470.5902 260.4188 117.5813 357.2918 162.9293 262.2321 1148.5009;
	3.4789 47.0081 86.1356 100.4036 13.9326 29.6532 25.9245 17.6035 26.1142 28.2278 52.1787 77.8403 117.1881 65.6524 199.1985 75.0469 93.1137 98.6727 87.2967 69.4179 8.6415 69.1908 70.6648 83.0073 97.4032 70.3343 13.1614 1022.6221 728.5127 728.5127 575.6534 92.8885 290.9892 178.6817 205.8292 310.8321 1074.443 293.7808 462.7589 260.9014 113.6395 328.9528 166.7915 256.9681 1085.6351;
	3.1663 42.7831 84.1996 98.1657 12.9716 26.4221 27.7218 17.4097 26.6878 29.2797 54.1231 80.7411 121.5552 65.9079 198.2029 74.6718 92.6484 98.1796 84.9914 70.3147 9.2406 61.6516 72.374 85.539 94.5789 70.8717 12.9648 973.8257 723.5802 723.5802 620.5848 97.5882 283.3046 180.9901 206.6302 308.7276 954.8102 312.7645 456.9389 253.3363 111.7311 293.1091 137.5897 251.5432 964.7561;
	3.0797 41.6129 74.2368 95.0114 11.5512 23.9143 27.5424 17.3862 26.8159 30.128 55.6911 83.0802 125.0768 66.5065 199.0698 74.9984 93.0536 98.609 87.4082 71.4487 9.1808 55.7999 74.628 83.6972 94.7105 70.1518 13.0624 996.5437 706.2386 706.2386 672.8228 95.2204 291.3608 183.9092 208.5067 301.3285 1000.8379 330.4704 470.1298 253.6888 112.0601 265.2889 120.0433 250.9377 1011.2633;
	3.0579 41.3184 83.313 104.5843 13.7288 28.2156 25.5834 17.4105 26.4976 29.8619 55.1993 82.3465 123.9721 67.9869 193.199 72.7866 90.3093 95.7009 84.3314 70.734 8.5278 65.8364 74.6511 85.7163 97.6406 71.3431 12.8934 983.4159 693.281 693.281 630.6042 96.1515 281.1046 182.0694 213.1481 295.7999 918.3797 323.6945 465.9975 261.5374 111.1696 313.005 115.6089 253.3036 927.9461;
	3.5401 47.8348 87.3087 112.0308 13.7676 30.6777 26.0856 17.2095 26.2296 23.1285 42.7526 63.7785 96.0181 67.1087 192.4364 72.4993 89.9528 95.3232 84.1937 70.1638 8.6952 71.5814 72.8787 84.0488 98.4683 71.9953 12.8665 1054.1535 718.1573 718.1573 668.5121 105.0996 280.6457 180.6019 210.395 306.4138 1004.4845 325.5363 454.5976 263.7543 109.4082 340.3182 150.7616 264.165 1014.9479;
	2.9146 39.3827 86.2003 112.5663 13.9417 29.3121 25.5268 17.2728 25.8456 25.1924 46.5678 69.4699 104.5866 66.1617 193.862 73.0364 90.6192 96.0293 84.9936 72.3558 8.5089 68.395 72.5244 87.9674 100.3898 71.2842 12.0735 1108.6336 734.9499 734.9499 684.9146 102.9066 283.3119 186.2439 207.426 313.5786 1128.6605 317.5452 448.2093 268.9012 113.0181 325.1692 160.0799 229.8468 1140.4173;
	3.2394 43.7708 87.4082 111.545 13.9003 27.619 25.0124 13.8072 25.7944 26.0147 48.0878 71.7375 108.0004 65.1646 178.4362 67.2248 83.4086 88.3882 73.7929 69.5067 8.3375 64.4444 71.4656 84.0066 97.9299 65.4107 10.0657 1199.9117 706.5909 706.5909 667.371 97.5087 245.9765 178.9103 204.2997 301.4788 1141.6923 315.0133 458.5677 262.3123 113.46 306.3871 162.619 237.8071 1153.5849;
