function solarprofile = ex_solar_profilesh1
%EX_WIND_PROFILE_D  Example wind_load_nyiso profile data for deterministic unit commitment.
% 2022.03.12
% Andres F. Ramirez


%% define constants
[GEN_BUS, PG, QG, QMAX, QMIN, VG, MBASE, GEN_STATUS, PMAX, PMIN, ...
    MU_PMAX, MU_PMIN, MU_QMAX, MU_QMIN, PC1, PC2, QC1MIN, QC1MAX, ...
    QC2MIN, QC2MAX, RAMP_AGC, RAMP_10, RAMP_30, RAMP_Q, APF] = idx_gen;
[CT_LABEL, CT_PROB, CT_TABLE, CT_TBUS, CT_TGEN, CT_TBRCH, CT_TAREABUS, ...
    CT_TAREAGEN, CT_TAREABRCH, CT_ROW, CT_COL, CT_CHGTYPE, CT_REP, ...
    CT_REL, CT_ADD, CT_NEWVAL, CT_TLOAD, CT_TAREALOAD, CT_LOAD_ALL_PQ, ...
    CT_LOAD_FIX_PQ, CT_LOAD_DIS_PQ, CT_LOAD_ALL_P, CT_LOAD_FIX_P, ...
    CT_LOAD_DIS_P, CT_TGENCOST, CT_TAREAGENCOST, CT_MODCOST_F, ...
    CT_MODCOST_X] = idx_ct;

solarprofile = struct( ...
    'type', 'mpcData', ...
    'table', CT_TGEN, ...
    'rows', [1:12], ...
    'col', PMAX, ...
    'chgtype', 1, ...
    'values', [] );
solarprofile.values(:,1,:) = [
	0.0 0.0 0.0 0.0 0.0 0.0 0.0 0.0 0.0 0.0 0.0 0.0;
	0.0 0.0 0.0 0.0 0.0 0.0 0.0 0.0 0.0 0.0 0.0 0.0;
	0.0 0.0 0.0 0.0 0.0 0.0 0.0 0.0 0.0 0.0 0.0 0.0;
	0.0 0.0 0.0 0.0 0.0 0.0 0.0 0.0 0.0 0.0 0.0 0.0;
	0.0 0.0 0.0 0.0 0.0 0.0 0.0 0.0 0.0 0.0 0.0 0.0;
	0.0 0.0 0.002 0.0 0.0 0.0 0.0 0.0 0.0 0.0 0.0 0.0;
	8.0757 6.1985 5.6254 3.1579 1.7583 275.215 34.4019 49.3345 197.414 59.1805 33.0013 107.1762;
	10.7141 12.3642 9.4974 6.6737 6.414 373.4989 46.6874 72.2049 190.6735 56.2892 77.9566 101.9401;
	12.8623 16.4654 13.2199 9.6298 9.4288 393.8391 49.2299 72.5365 179.33 207.2546 187.1164 375.3393;
	18.317 16.3596 13.5983 11.257 8.0978 367.6288 45.9536 54.5926 218.8223 199.2964 177.0516 360.9269;
	17.2252 15.9746 13.5541 11.4504 7.9999 386.8033 48.3504 55.6808 261.6211 246.5874 181.1478 446.5712;
	18.9491 16.0774 13.6507 11.4717 8.2104 411.6806 51.4601 62.0197 273.883 257.2122 177.6954 465.8129;
	24.8419 16.6083 13.8 11.598 11.2831 452.076 56.5095 71.6625 251.9694 140.9157 107.4446 255.1991;
	22.4365 16.6083 13.8 11.4393 12.2338 439.0646 54.8831 74.3978 206.9927 111.7489 68.0652 202.3779;
	16.0472 13.9109 12.2545 8.2799 12.3755 409.5069 51.1884 72.9696 168.3553 63.5818 38.3913 115.1471;
	3.9954 5.1392 5.7473 3.9496 8.9012 120.0567 15.0071 49.0486 79.1133 23.4983 8.3329 42.5555;
	0.6973 0.6019 0.3886 1.3598 3.0975 45.1538 5.6442 10.0062 25.3832 21.215 18.2319 38.4205;
	0.0 0.0 0.0 0.0 0.0 0.0 0.0 0.0 0.0 0.0 0.0 0.0;
	0.0 0.0 0.0 0.0 0.0 0.0 0.0 0.0 0.0 0.0 0.0 0.0;
	0.0 0.0 0.0 0.0 0.0 0.0 0.0 0.0 0.0 0.0 0.0 0.0;
	0.0 0.0 0.0 0.0 0.0 0.0 0.0 0.0 0.0 0.0 0.0 0.0;
	0.0 0.0 0.0 0.0 0.0 0.0 0.0 0.0 0.0 0.0 0.0 0.0;
	0.0 0.0 0.0 0.0 0.0 0.0 0.0 0.0 0.0 0.0 0.0 0.0;
	0.0 0.0 0.0 0.0 0.0 0.0 0.0 0.0 0.0 0.0 0.0 0.0;
];
