function windprofile = ex_wind_profilesh1
%EX_WIND_PROFILE_D  Example wind_load_nyiso profile data for deterministic unit commitment.
% 2022.03.12
% Andres F. Ramirez


%% define constants
[GEN_BUS, PG, QG, QMAX, QMIN, VG, MBASE, GEN_STATUS, PMAX, PMIN, ...
    MU_PMAX, MU_PMIN, MU_QMAX, MU_QMIN, PC1, PC2, QC1MIN, QC1MAX, ...
    QC2MIN, QC2MAX, RAMP_AGC, RAMP_10, RAMP_30, RAMP_Q, APF] = idx_gen;
[CT_LABEL, CT_PROB, CT_TABLE, CT_TBUS, CT_TGEN, CT_TBRCH, CT_TAREABUS, ...
    CT_TAREAGEN, CT_TAREABRCH, CT_ROW, CT_COL, CT_CHGTYPE, CT_REP, ...
    CT_REL, CT_ADD, CT_NEWVAL, CT_TLOAD, CT_TAREALOAD, CT_LOAD_ALL_PQ, ...
    CT_LOAD_FIX_PQ, CT_LOAD_DIS_PQ, CT_LOAD_ALL_P, CT_LOAD_FIX_P, ...
    CT_LOAD_DIS_P, CT_TGENCOST, CT_TAREAGENCOST, CT_MODCOST_F, ...
    CT_MODCOST_X] = idx_ct;

windprofile = struct( ...
    'type', 'mpcData', ...
    'table', CT_TGEN, ...
    'rows', [1:45], ...
    'col', PMAX, ...
    'chgtype', 1, ...
    'values', [] );
windprofile.values(:,1,:) = [
	3.535 47.7659 90.9039 109.8626 14.125 30.7565 28.5743 18.3549 26.8128 28.655 52.9684 79.0184 118.9618 63.5522 191.6783 72.2137 89.5984 94.9476 24.9708 69.8109 9.5248 71.7651 71.4975 87.6168 102.7994 73.3676 13.6139 1241.5266 675.1452 675.1452 596.6281 108.4538 83.2358 179.6935 199.2448 288.062 1167.953 229.9594 459.5412 275.3554 115.5517 341.1917 116.8799 260.6585 1180.1191;
	3.6092 48.7681 94.6399 117.0188 14.8374 32.0206 29.3221 18.6865 26.86 29.4499 54.4376 81.2102 122.2616 64.0358 188.4387 70.9932 88.0842 93.3429 28.8905 71.7592 9.774 74.7146 69.4312 88.4029 104.062 73.9082 13.6044 1254.035 700.3525 700.3525 622.4119 110.1718 96.3016 184.7083 200.7608 298.8171 1188.9811 239.1746 463.0946 278.7375 119.7423 355.2147 134.6377 270.4862 1201.3663;
	3.6553 49.3914 92.6329 62.4588 15.0239 32.9608 28.993 18.7389 27.3816 30.3306 56.0656 83.6389 125.9178 69.0167 196.5634 74.0541 91.882 97.3675 35.7611 70.9017 9.6643 76.9086 72.2801 88.6455 104.4899 74.1836 13.8462 1206.5932 709.768 709.768 629.1229 114.2649 119.2037 182.5011 216.3766 302.8344 1244.0031 244.1226 466.8243 279.8837 120.2466 365.6455 137.736 265.4696 1256.9615;
	3.7056 50.071 93.7049 82.0141 14.8698 32.3258 26.0403 18.543 27.3444 30.521 56.4177 84.1641 126.7086 68.802 199.5245 75.1697 93.2661 98.8342 42.2228 71.8312 8.6801 75.4269 68.7463 88.2635 102.8047 74.7646 13.5974 1178.2187 689.5702 689.5702 567.7098 101.7922 140.7425 184.8938 215.7037 294.2166 1139.9687 249.6037 457.9714 275.3696 116.9859 358.6009 167.0771 268.2968 1151.8434;
	3.6655 49.5293 94.3109 118.776 15.1586 33.231 23.1612 19.0836 27.766 30.8264 56.9822 85.0063 127.9765 68.0854 185.6139 69.9289 86.7637 91.9436 71.7881 69.2448 7.7204 77.539 63.3854 89.4072 106.4641 76.2463 13.8702 1168.5347 660.5489 660.5489 539.4783 95.1539 239.2938 178.2362 213.4571 281.8342 1214.8622 228.9734 463.0974 285.1717 119.3386 368.6423 185.6461 272.2194 1227.517;
	3.8419 51.9121 91.844 115.2 15.0599 34.3989 25.7486 18.8368 26.5192 30.8683 57.0595 85.1215 128.15 66.6196 194.0428 73.1045 90.7037 96.1189 84.2121 71.3556 8.5829 80.2642 69.9306 88.2784 105.4765 74.3847 13.6598 1154.9565 663.6031 663.6031 480.2971 92.6739 280.7069 183.6694 208.8613 283.1373 1090.3849 201.3978 456.996 282.5265 118.2015 381.5989 187.1935 267.9449 1101.7431;
	3.878 52.3999 92.872 117.6278 15.2118 34.2365 27.9932 18.5313 27.0436 30.0893 55.6196 82.9736 124.9162 67.2963 193.6141 72.943 90.5033 95.9065 84.3314 70.4584 9.3311 79.8852 73.0472 86.888 101.7074 75.3156 13.1245 1206.1692 715.9231 715.9231 546.1622 95.7506 281.1047 181.36 210.9831 305.4605 1144.7998 226.9982 447.495 272.4306 117.8072 379.797 197.7119 272.6892 1156.7248;
	3.8834 52.4736 90.5542 117.1478 15.2641 34.607 28.3195 18.5527 28.0047 30.0802 55.6029 82.9486 124.8786 65.6998 196.343 73.9711 91.7789 97.2583 85.7005 70.8227 9.4398 80.7497 73.2236 87.2469 104.3183 74.0227 13.1108 1163.4003 735.2789 735.2789 557.426 82.4091 285.6682 182.2978 205.9779 313.719 1192.2426 231.0783 470.2727 279.4241 114.1429 383.9073 195.9765 268.4741 1204.6618;
	3.9208 52.9784 91.9041 118.1126 15.3223 34.726 28.1652 18.164 28.4014 30.8062 56.9449 84.9505 127.8925 68.3528 200.355 75.4826 93.6543 99.2456 91.6052 70.2145 9.3884 81.0274 74.8711 87.9417 102.5085 72.1042 13.1409 1227.8511 827.6179 827.6179 637.4158 84.5534 305.3506 180.7322 214.2953 353.117 1287.0729 276.7863 468.129 274.5764 118.4973 385.2274 177.1945 277.9825 1300.4799;
	3.9051 52.7665 90.5827 116.2421 15.181 34.617 28.3713 18.2264 27.973 31.0003 57.3037 85.4858 128.6984 67.5545 199.3353 75.0984 93.1777 98.7405 92.7475 69.7737 9.4571 80.773 75.4433 87.7244 101.8476 71.3172 13.1272 1150.2242 788.2372 788.2372 678.2363 93.5892 309.1583 179.5977 211.7925 336.3145 1169.0132 291.2137 463.6392 272.806 120.5179 384.0179 168.5018 274.7906 1181.1904;
	3.8867 52.5174 87.8947 112.5915 14.4281 34.0933 28.2873 17.789 27.2962 30.8597 57.0437 85.098 128.1145 66.7736 198.2586 74.6928 92.6744 98.2072 92.3631 70.3127 9.4291 79.551 73.8107 84.5604 98.0314 69.3343 12.8574 1141.3547 756.1392 756.1392 632.6974 89.3151 307.8769 180.985 209.3444 322.6194 1099.6099 280.613 470.5716 262.584 121.8048 378.2082 173.3326 259.9213 1111.0641;
	3.842 51.9134 89.0917 113.0743 14.1349 33.9242 27.5215 18.1524 27.3355 30.4293 56.2482 83.9112 126.3279 67.9294 197.2386 74.3085 92.1976 97.7019 92.8995 70.4698 9.1738 79.1564 72.9877 83.5654 99.0512 70.6372 13.2171 1130.9113 742.3162 742.3162 622.8456 91.9581 309.6651 181.3894 212.9678 316.7216 1109.1783 283.0164 472.2869 265.3158 122.6153 376.3323 185.2233 269.9696 1120.7322;
	3.8422 51.9161 88.6575 114.5841 13.953 34.297 29.3541 17.8421 27.1303 30.325 56.0553 83.6234 125.8946 68.3685 196.8158 74.1492 92.0 97.4925 91.5943 71.9634 9.7847 80.0263 73.2717 86.3134 98.3946 72.8127 12.9418 1052.9048 725.2099 725.2099 652.6132 98.2182 305.3144 185.234 214.3444 309.4229 996.4623 301.1706 470.8527 263.557 121.3686 380.4678 158.1006 263.8307 1006.8421;
	3.7865 51.1645 90.5737 115.3037 14.1346 34.4329 29.7867 18.378 26.6887 30.6915 56.7327 84.634 127.4161 68.2701 194.8149 73.3954 91.0647 96.5014 92.6502 72.473 9.9289 80.3435 73.7257 86.0919 100.4527 72.4237 13.1288 1074.8358 701.2514 701.2514 674.3004 97.6452 308.8339 186.5457 214.036 299.2006 1018.349 315.6167 476.1672 269.0696 121.1619 381.9761 160.6509 267.9464 1028.9568;
	3.7223 50.2964 90.1552 111.7134 13.9769 34.1101 26.3599 17.9735 26.0439 30.6706 56.6942 84.5766 127.3296 68.2208 190.3289 71.7053 88.9677 94.2792 91.3592 70.9888 8.7866 79.5903 72.3471 87.3619 99.9506 72.3563 13.0668 1072.6092 689.9537 689.9537 637.9859 99.5191 304.5308 182.7253 213.8814 294.3802 912.6465 325.3722 462.1657 267.7247 119.1778 378.3949 175.2228 257.528 922.1532;
	3.8281 51.726 93.1857 114.8173 14.3017 34.9131 26.8879 17.9336 26.4301 30.0876 55.6164 82.9687 124.909 68.8769 194.6866 73.347 91.0047 96.4378 88.0782 70.7331 8.9626 81.4639 73.8551 86.46 101.9492 74.1471 13.1254 1138.2578 718.8837 718.8837 618.1982 100.6315 293.594 182.0671 215.9383 306.7237 1008.2339 310.2988 472.4379 273.0781 116.1716 387.3025 182.5189 264.909 1018.7363;
	3.7316 50.4223 92.9892 118.4393 14.4811 34.9499 24.377 17.9808 26.1855 29.9234 55.313 82.5161 124.2275 66.1475 191.9506 72.3163 89.7258 95.0825 89.1443 70.9221 8.1257 81.5498 72.7799 89.6678 103.4072 74.5527 12.4454 1100.8289 689.789 689.789 656.5468 98.9123 297.1477 182.5537 207.3813 294.31 1094.0247 304.1806 447.0387 276.9837 117.0784 387.7112 181.9995 252.6579 1105.4208;
	3.827 51.7116 94.0878 115.3062 14.6614 34.2587 26.5248 15.1999 27.8871 30.5632 56.4956 84.2803 126.8835 67.8973 191.8668 72.2847 89.6866 95.041 90.955 69.0672 8.8416 79.937 74.9784 88.4492 102.5179 70.7614 11.7336 1196.3914 709.3728 709.3728 674.8804 103.2264 303.1832 177.7792 212.8672 302.6657 1162.5512 312.2715 477.6884 274.6016 118.4428 380.0432 197.0543 260.4203 1174.6611;
