function solarprofile = ex_solar_profilesh1
%EX_WIND_PROFILE_D  Example wind_load_nyiso profile data for deterministic unit commitment.
% 2022.03.12
% Andres F. Ramirez


%% define constants
[GEN_BUS, PG, QG, QMAX, QMIN, VG, MBASE, GEN_STATUS, PMAX, PMIN, ...
    MU_PMAX, MU_PMIN, MU_QMAX, MU_QMIN, PC1, PC2, QC1MIN, QC1MAX, ...
    QC2MIN, QC2MAX, RAMP_AGC, RAMP_10, RAMP_30, RAMP_Q, APF] = idx_gen;
[CT_LABEL, CT_PROB, CT_TABLE, CT_TBUS, CT_TGEN, CT_TBRCH, CT_TAREABUS, ...
    CT_TAREAGEN, CT_TAREABRCH, CT_ROW, CT_COL, CT_CHGTYPE, CT_REP, ...
    CT_REL, CT_ADD, CT_NEWVAL, CT_TLOAD, CT_TAREALOAD, CT_LOAD_ALL_PQ, ...
    CT_LOAD_FIX_PQ, CT_LOAD_DIS_PQ, CT_LOAD_ALL_P, CT_LOAD_FIX_P, ...
    CT_LOAD_DIS_P, CT_TGENCOST, CT_TAREAGENCOST, CT_MODCOST_F, ...
    CT_MODCOST_X] = idx_ct;

solarprofile = struct( ...
    'type', 'mpcData', ...
    'table', CT_TGEN, ...
    'rows', [1:12], ...
    'col', PMAX, ...
    'chgtype', 1, ...
    'values', [] );
solarprofile.values(:,1,:) = [
	0.0 0.0 0.0 0.0 0.0 0.0 0.0 0.0 0.0 0.0 0.0 0.0;
	0.0 0.0 0.0 0.0 0.0 0.0 0.0 0.0 0.0 0.0 0.0 0.0;
	0.0 0.0 0.0 0.0 0.0 0.0 0.0 0.0 0.0 0.0 0.0 0.0;
	0.0 0.0 0.0 0.0 0.0 0.0 0.0 0.0 0.0 0.0 0.0 0.0;
	0.0 0.0 0.0 0.0 0.0 0.0 0.0 0.0 0.0 0.0 0.0 0.0;
	0.0 0.0 0.002 0.0 0.0 0.0 0.0 0.0 0.0 0.0 0.0 0.0;
	1.4412 1.5606 1.3015 4.6942 1.5963 333.0653 41.6332 34.4162 82.4635 76.055 41.9547 137.7361;
	9.2225 9.4312 10.032 7.3746 8.3331 412.4776 51.5597 72.433 165.4227 237.9946 147.7388 431.0097;
	19.9119 16.3131 13.8 10.3224 10.7195 432.8368 54.1046 75.2463 185.3473 316.7852 210.9691 573.6999;
	26.0239 16.4567 13.8 11.2142 7.7142 399.1476 49.8934 69.3019 194.9403 229.5338 205.2555 415.6871;
	23.4912 15.3547 13.5447 11.0578 6.7425 409.8345 51.2293 67.7656 198.9829 263.905 221.9465 477.9336;
	22.8653 15.1181 12.4643 9.6432 6.5116 397.7656 49.7207 67.8433 198.6348 271.7934 226.559 492.2195;
	26.3192 16.6083 13.3583 6.6613 9.0396 378.3824 47.2978 72.4675 171.0699 163.5092 179.8289 296.1162;
	23.7102 16.612 13.8 6.6761 9.8525 365.8885 45.7361 74.7694 154.1293 95.7442 134.5265 173.3932;
	20.7163 16.1489 11.5359 3.3661 9.2537 360.5289 45.0661 73.7503 143.3009 31.689 65.6112 57.389;
	11.3383 8.2423 5.9137 1.7146 4.1295 281.5363 35.192 56.3411 111.7112 4.7979 10.667 8.6891;
	0.8827 0.6669 0.4466 1.2449 2.455 59.1444 7.393 12.3716 29.9569 16.5595 18.4227 29.9893;
	0.0 0.0 0.0 0.0 0.0 0.0 0.0 0.0 0.0 0.0 0.0 0.0;
	0.0 0.0 0.0 0.0 0.0 0.0 0.0 0.0 0.0 0.0 0.0 0.0;
	0.0 0.0 0.0 0.0 0.0 0.0 0.0 0.0 0.0 0.0 0.0 0.0;
	0.0 0.0 0.0 0.0 0.0 0.0 0.0 0.0 0.0 0.0 0.0 0.0;
	0.0 0.0 0.0 0.0 0.0 0.0 0.0 0.0 0.0 0.0 0.0 0.0;
	0.0 0.0 0.0 0.0 0.0 0.0 0.0 0.0 0.0 0.0 0.0 0.0;
	0.0 0.0 0.0 0.0 0.0 0.0 0.0 0.0 0.0 0.0 0.0 0.0;
];
