function windprofile = ex_wind_profilesh1
%EX_WIND_PROFILE_D  Example wind_load_nyiso profile data for deterministic unit commitment.
% 2022.03.12
% Andres F. Ramirez


%% define constants
[GEN_BUS, PG, QG, QMAX, QMIN, VG, MBASE, GEN_STATUS, PMAX, PMIN, ...
    MU_PMAX, MU_PMIN, MU_QMAX, MU_QMIN, PC1, PC2, QC1MIN, QC1MAX, ...
    QC2MIN, QC2MAX, RAMP_AGC, RAMP_10, RAMP_30, RAMP_Q, APF] = idx_gen;
[CT_LABEL, CT_PROB, CT_TABLE, CT_TBUS, CT_TGEN, CT_TBRCH, CT_TAREABUS, ...
    CT_TAREAGEN, CT_TAREABRCH, CT_ROW, CT_COL, CT_CHGTYPE, CT_REP, ...
    CT_REL, CT_ADD, CT_NEWVAL, CT_TLOAD, CT_TAREALOAD, CT_LOAD_ALL_PQ, ...
    CT_LOAD_FIX_PQ, CT_LOAD_DIS_PQ, CT_LOAD_ALL_P, CT_LOAD_FIX_P, ...
    CT_LOAD_DIS_P, CT_TGENCOST, CT_TAREAGENCOST, CT_MODCOST_F, ...
    CT_MODCOST_X] = idx_ct;

windprofile = struct( ...
    'type', 'mpcData', ...
    'table', CT_TGEN, ...
    'rows', [1:45], ...
    'col', PMAX, ...
    'chgtype', 1, ...
    'values', [] );
windprofile.values(:,1,:) = [
	3.8582 52.1328 94.2241 112.6168 14.7392 35.033 29.7961 18.5993 27.6367 30.5894 56.5441 84.3527 126.9925 64.562 203.5027 76.6684 95.1257 100.8048 42.7827 72.3178 9.932 81.7437 71.114 87.0016 104.3947 73.5801 13.5279 1230.8392 715.7403 715.7403 610.2103 110.6827 142.609 186.1462 202.4106 305.3825 1228.419 216.6854 461.4107 279.6286 123.4597 388.6329 147.2665 262.2143 1241.215;
	3.888 52.5354 95.2296 120.6644 14.8737 34.9706 30.194 19.0797 27.7062 29.6849 54.8721 81.8583 123.2372 65.3907 195.7962 73.7651 91.5233 96.9874 36.3815 73.105 10.0647 81.5981 69.4001 89.1552 106.2128 75.1373 13.8113 1228.5587 730.9673 730.9673 596.1427 110.1805 121.2718 188.1725 205.0086 311.8794 1203.5293 224.6128 463.718 284.4986 123.9615 387.9405 147.9353 277.373 1216.0661;
	3.8256 51.6917 95.1019 70.6595 14.914 34.9693 29.4152 18.7288 27.5489 29.2827 54.1287 80.7493 121.5677 64.9103 196.2837 73.9487 91.7512 97.2289 39.3433 72.6643 9.8051 81.5951 70.3486 88.7064 105.7262 75.1725 13.6868 1181.0927 706.0171 706.0171 562.2503 106.8668 131.1444 187.0382 203.5025 301.2339 1205.5845 220.6603 454.2961 283.1951 123.622 387.9265 146.0273 276.0357 1218.1427;
	3.8179 51.5885 94.0246 84.0387 15.0258 34.3791 29.0655 18.6868 28.2854 28.4707 52.6277 78.5101 118.1966 66.7487 201.8094 76.0305 94.3342 99.9661 52.3505 72.1992 9.6885 80.218 66.1425 86.2638 103.3841 75.7157 13.5274 1195.0297 713.1335 713.1335 534.1642 100.997 174.5018 185.8409 209.2661 304.2703 1140.6535 224.0966 452.4102 276.9216 120.4763 381.3793 178.7359 269.9437 1152.5353;
	3.5137 47.4776 94.2002 118.7179 14.8546 33.4341 25.221 19.0112 28.2962 30.0163 55.4847 82.7723 124.6132 66.5414 197.2208 74.3018 92.1892 97.6931 84.8715 71.3495 8.407 78.013 62.402 86.3086 104.1394 76.2693 14.0203 1172.3157 678.0813 678.0813 531.7819 103.9137 282.9051 183.6537 208.6164 289.3147 1173.4531 238.3694 453.316 278.9449 121.1022 370.896 188.6485 271.1537 1185.6766;
	3.7806 51.0841 93.5114 116.788 15.2147 33.5148 29.6215 18.4419 28.16 30.6836 56.7183 84.6125 127.3836 67.4866 196.1726 73.9069 91.6993 97.1738 92.0534 71.342 9.8738 78.2012 71.8127 85.7015 103.81 74.6587 13.6726 1226.4953 720.1499 720.1499 520.5469 103.9257 306.8446 183.6345 211.5796 307.264 1145.0404 226.5301 466.5494 278.0624 119.0805 371.7909 198.6238 273.3656 1156.9679;
	3.8177 51.5861 94.5169 118.5193 15.2902 33.3653 31.2323 18.6031 28.3134 30.8889 57.0976 85.1784 128.2356 69.2237 194.6739 73.3422 90.9987 96.4315 92.1185 72.8872 10.4108 77.8523 74.1392 85.9397 102.578 76.3991 13.7103 1246.819 733.2234 733.2234 563.3506 99.5793 307.0616 187.6119 217.0256 312.842 1131.1674 235.1575 477.5482 274.7624 121.1347 370.1322 204.1536 266.7267 1142.9504;
	3.9084 52.8106 94.8721 119.2698 15.1329 34.5517 31.5456 18.8156 28.4733 31.0678 57.4283 85.6717 128.9782 69.0656 203.6385 76.7196 95.1892 100.8721 91.9353 73.9665 10.5152 80.6207 75.5182 86.5044 105.4018 75.9553 13.8879 1210.1304 760.641 760.641 573.1786 84.3019 306.4511 190.3899 216.5301 324.5402 1145.3743 235.8541 479.8429 282.3262 119.1769 383.294 203.9074 265.0736 1157.3053;
	3.919 52.9538 94.8155 120.307 15.1756 34.9339 31.7901 18.6323 28.4536 31.1969 57.6671 86.0279 129.5146 69.9144 203.9324 76.8303 95.3265 101.0177 92.7175 73.104 10.5967 81.5125 75.213 85.3622 104.0888 74.7787 14.0005 1220.005 832.7541 832.7541 642.233 80.3896 309.0582 188.1698 219.1912 355.3084 1226.6859 266.2446 479.4774 278.8093 120.9164 387.5338 190.66 278.1558 1239.4638;
	3.8714 52.311 93.0407 116.7967 15.3654 34.8849 31.9555 18.776 28.4937 31.1983 57.6696 86.0316 129.5201 69.8709 204.0521 76.8754 95.3825 101.077 92.7013 72.9496 10.6518 81.3982 75.5819 85.6384 103.5038 74.8904 14.0237 1211.2817 793.2216 793.2216 708.087 87.7732 309.0043 187.7724 219.0546 338.4412 1155.0661 274.7478 479.7895 277.2424 122.0903 386.9901 165.8698 277.8405 1167.0981;
	3.8479 51.9938 90.853 115.5919 15.1936 34.1075 28.9566 18.4403 28.4457 31.5707 58.3579 87.0585 131.0661 69.4986 205.0656 77.2573 95.8563 101.579 90.3861 73.1345 9.6522 79.5842 75.8292 84.5848 99.2528 73.5622 13.8327 1162.9371 797.2291 797.2291 676.8441 88.0669 301.2869 188.2485 217.8874 340.1511 1103.5745 296.8435 479.0433 265.8558 118.6035 378.3659 172.199 272.2763 1115.0701;
	3.8087 51.4644 92.1195 116.6532 15.2374 33.4284 27.4417 18.5146 27.8524 31.0496 57.3946 85.6215 128.9027 69.6091 202.0008 76.1026 94.4236 100.0609 90.1973 72.5769 9.1472 77.9997 75.0174 83.5004 100.3516 74.6058 13.483 1087.4061 724.4557 724.4557 657.3725 94.4382 300.6578 186.8132 218.234 309.1011 1042.5222 282.3773 474.6452 268.799 114.3307 370.8326 183.881 276.9776 1053.3818;
	3.8958 52.6407 93.9977 120.162 15.2607 34.1036 30.6714 18.7517 28.2995 30.9887 57.2821 85.4537 128.65 69.7568 201.572 75.9411 94.2232 99.8485 87.9063 72.6812 10.2238 79.5751 74.3681 87.6543 101.6008 73.6525 13.6704 1103.5033 766.2233 766.2233 680.4083 105.0947 293.0209 187.0816 218.697 326.9219 991.2859 292.3644 478.2181 272.1449 116.2341 378.3227 168.4605 275.0959 1001.6118;
	3.8663 52.2426 94.5522 120.345 15.2816 34.1384 30.5802 18.9273 28.2985 30.3972 56.1887 83.8226 126.1944 69.6962 202.3277 76.2258 94.5764 100.2228 89.9724 73.6318 10.1934 79.6563 73.6797 87.3162 100.1357 74.5939 13.7734 1014.0818 734.7571 734.7571 687.3085 98.1109 299.908 189.5284 218.5069 313.4964 961.389 300.8032 476.2212 268.2207 119.368 378.7087 160.3547 276.4829 971.4035;
	3.8845 52.488 92.0108 117.646 15.0347 34.1573 28.2292 19.0173 28.3501 30.341 56.0849 83.6677 125.9612 69.4866 203.0389 76.4937 94.9089 100.5751 88.5103 73.2286 9.4097 79.7005 73.9644 88.3448 102.0297 74.7019 13.8218 1065.7509 711.2621 711.2621 644.3112 96.028 295.0343 188.4906 217.85 303.4718 918.4974 303.7427 474.4298 273.294 119.7579 378.9188 176.9818 261.5738 928.0651;
	3.785 51.1431 91.0326 117.0361 14.2166 33.7016 27.451 18.8301 28.1299 30.0233 55.4976 82.7914 124.642 68.7236 204.9869 77.2276 95.8195 101.54 91.0141 73.5662 9.1503 78.6371 74.9328 86.5462 102.5658 74.6186 13.7511 1162.8694 765.2206 765.2206 642.1044 105.7982 303.3805 189.3596 215.4577 326.4941 1077.0714 298.9698 471.9143 274.7298 116.8884 373.8632 175.7298 262.0789 1088.2909;
	3.6723 49.6214 89.1628 116.102 14.1062 33.5921 25.337 18.2354 27.4119 29.5696 54.6589 81.5403 122.7585 68.6635 204.3468 76.9865 95.5203 101.223 90.0802 73.2824 8.4457 78.3816 73.3781 87.6531 99.2129 73.4688 12.7298 1201.8951 751.4464 751.4464 656.1496 106.9741 300.2674 188.6291 215.2695 320.6171 1152.9999 273.6896 465.1718 265.7488 113.1506 372.6486 183.0044 230.4901 1165.0103;
	3.874 52.3466 88.7128 117.4179 14.0431 32.0552 24.2504 15.1586 27.8469 30.6152 56.5917 84.4237 127.0994 67.3511 202.4809 76.2835 94.6481 100.2987 88.0817 71.6146 8.0835 74.7954 75.2949 84.557 98.4884 68.1734 11.5232 1247.4294 706.2573 706.2573 630.0991 106.0846 293.6056 184.3361 211.1547 301.3364 1175.8338 279.3719 452.8623 263.8081 112.4482 355.5986 191.675 238.1061 1188.0821;
