function loadprofile = ex_load_profilesh1
%EX_LOAD_PROFILE  Example load profile data file for stochastic unit commitment.
% 2022.03.12
% Andres F. Ramirez

%% define constants
[CT_LABEL, CT_PROB, CT_TABLE, CT_TBUS, CT_TGEN, CT_TBRCH, CT_TAREABUS, ...
    CT_TAREAGEN, CT_TAREABRCH, CT_ROW, CT_COL, CT_CHGTYPE, CT_REP, ...
    CT_REL, CT_ADD, CT_NEWVAL, CT_TLOAD, CT_TAREALOAD, CT_LOAD_ALL_PQ, ...
    CT_LOAD_FIX_PQ, CT_LOAD_DIS_PQ, CT_LOAD_ALL_P, CT_LOAD_FIX_P, ...
    CT_LOAD_DIS_P, CT_TGENCOST, CT_TAREAGENCOST, CT_MODCOST_F, ...
    CT_MODCOST_X] = idx_ct;

loadprofile = struct( ...
    'type', 'mpcData', ...
    'table', CT_TAREALOAD, ...
    'rows', [1:11], ...
    'col', CT_LOAD_ALL_P, ...
    'chgtype', 1, ...
    'values', [] );
loadprofile.values(:,1,:) = [
	1431.8506 904.5939 1556.8796 585.5651 805.9446 1144.1704 828.526 258.4 513.3249 4334.1521 1614.0229;
	1434.1329 909.1119 1579.0508 582.0945 792.1724 1156.6222 830.9531 256.7143 500.2 4320.1066 1611.4937;
	1455.4 942.6372 1639.9629 588.1829 815.4354 1148.7841 833.544 253.6414 505.688 4335.1604 1639.0881;
	1510.0536 1010.1 1755.4631 599.2247 877.6559 1243.2 887.6399 259.2 520.9566 4555.1051 1729.5;
	1700.2324 1141.4737 1949.4852 625.8547 983.9655 1397.1 980.1355 298.371 588.6336 5131.899 1949.3031;
	1840.9686 1243.4384 2101.9838 640.0815 1100.3 1482.3995 1050.5572 337.1208 658.7791 5674.7053 2156.5511;
	1845.7519 1256.86 2073.7581 616.8 1070.977 1490.3 1061.1645 335.8 656.0593 6020.2 2152.9755;
	1901.3363 1252.4196 2091.229 615.4898 1071.6992 1474.3839 1079.3017 331.3572 672.3144 6276.753 2130.7231;
	1916.8609 1277.4245 2133.1352 607.6 1104.0685 1513.5812 1091.3701 349.6944 688.3142 6387.3516 2195.9926;
	1947.8733 1292.6216 2124.4688 604.2534 1093.1669 1513.8475 1074.032 347.4011 665.3872 6484.673 2160.2156;
	1900.3037 1270.0577 2092.0924 617.5172 1056.7978 1486.619 997.7833 327.1008 637.5036 6314.1489 1990.7794;
	1903.9008 1259.0816 2074.6 619.5 1052.9 1466.0797 999.1054 325.8 636.6234 6369.0637 1976.3436;
	1856.4372 1263.315 2089.2184 633.1447 1013.1694 1478.7183 991.7334 322.8015 612.8447 6280.339 1965.6795;
	1830.6018 1267.1469 2059.8785 614.5 1012.0151 1461.8284 1008.8283 335.7155 606.0914 6362.3757 2152.5965;
	1859.0495 1290.6773 2095.8729 601.0187 1042.8804 1441.5 1004.3856 330.3479 474.3365 6246.8 2077.248;
	1813.6292 1277.9201 2072.6659 633.5267 1037.6886 1481.6744 1060.0969 336.4 566.2344 6262.1802 2193.4583;
	1828.4017 1278.2937 2108.4007 617.0869 1086.8929 1526.0064 1117.3687 354.8449 633.9844 6192.9936 2319.3972;
	1857.8282 1288.6279 2144.2897 632.4682 1110.4567 1573.0129 1170.928 380.8987 674.5825 6263.0884 2455.1542;
	1866.1979 1271.0902 2104.6 640.929 1091.4596 1557.4099 1155.6834 377.7677 652.5376 6149.0157 2380.0757;
	1794.5342 1203.3263 1969.8037 612.1213 996.7086 1459.093 1117.9088 355.1263 632.5984 5915.1766 2255.048;
	1716.1835 1127.224 1854.7084 604.6 920.286 1350.06 1015.9726 334.3374 579.4922 5539.5194 2058.49;
	1608.8894 1057.0 1736.6754 603.3739 843.1182 1262.9495 955.2999 305.8204 525.1406 5155.8555 1824.3073;
	1532.9064 981.2239 1698.8239 609.6693 842.6377 1210.2225 914.6908 297.0984 488.3405 4840.741 1753.3234;
	1445.8815 937.9265 1652.465 600.2042 834.6977 1176.7 860.4 268.0735 472.2893 4642.5827 1700.148;
];
