function solarprofile = ex_solar_profilesh1
%EX_WIND_PROFILE_D  Example wind_load_nyiso profile data for deterministic unit commitment.
% 2022.03.12
% Andres F. Ramirez


%% define constants
[GEN_BUS, PG, QG, QMAX, QMIN, VG, MBASE, GEN_STATUS, PMAX, PMIN, ...
    MU_PMAX, MU_PMIN, MU_QMAX, MU_QMIN, PC1, PC2, QC1MIN, QC1MAX, ...
    QC2MIN, QC2MAX, RAMP_AGC, RAMP_10, RAMP_30, RAMP_Q, APF] = idx_gen;
[CT_LABEL, CT_PROB, CT_TABLE, CT_TBUS, CT_TGEN, CT_TBRCH, CT_TAREABUS, ...
    CT_TAREAGEN, CT_TAREABRCH, CT_ROW, CT_COL, CT_CHGTYPE, CT_REP, ...
    CT_REL, CT_ADD, CT_NEWVAL, CT_TLOAD, CT_TAREALOAD, CT_LOAD_ALL_PQ, ...
    CT_LOAD_FIX_PQ, CT_LOAD_DIS_PQ, CT_LOAD_ALL_P, CT_LOAD_FIX_P, ...
    CT_LOAD_DIS_P, CT_TGENCOST, CT_TAREAGENCOST, CT_MODCOST_F, ...
    CT_MODCOST_X] = idx_ct;

solarprofile = struct( ...
    'type', 'mpcData', ...
    'table', CT_TGEN, ...
    'rows', [1:12], ...
    'col', PMAX, ...
    'chgtype', 1, ...
    'values', [] );
solarprofile.values(:,1,:) = [
	0.0 0.0 0.0 0.0 0.0 0.0 0.0 0.0 0.0 0.0 0.0 0.0;
	0.0 0.0 0.0 0.0 0.0 0.0 0.0 0.0 0.0 0.0 0.0 0.0;
	0.0 0.0 0.0 0.0 0.0 0.0 0.0 0.0 0.0 0.0 0.0 0.0;
	0.0 0.0 0.0 0.0 0.0 0.0 0.0 0.0 0.0 0.0 0.0 0.0;
	0.0 0.0 0.0 0.0 0.0 0.0 0.0 0.0 0.0 0.0 0.0 0.0;
	0.0 0.0 0.002 0.0 0.0 0.0 0.0 0.0 0.0 0.0 0.0 0.0;
	8.3268 5.8526 5.5476 2.0979 5.5928 194.7674 24.3459 29.009 49.5051 70.4708 41.0499 127.6231;
	16.6049 14.8589 11.1657 5.2929 11.8104 321.5608 40.1951 64.5743 14.6471 251.4101 157.3513 455.3052;
	22.4445 16.6133 13.8 7.9396 12.6073 366.5629 45.8204 72.1106 20.0718 331.7523 225.9374 600.8054;
	26.334 16.6083 13.8 11.0927 9.8902 382.3889 47.7986 69.3231 179.6186 285.3742 223.2066 516.8144;
	26.334 16.6083 13.7893 11.4504 9.9691 384.407 48.0509 70.0855 189.9562 263.2876 220.2809 476.8155;
	26.334 16.6042 13.7349 11.4717 10.0558 381.4481 47.681 67.856 167.6921 187.1139 219.7763 338.8644;
	25.584 16.6083 13.7571 11.632 11.1243 428.1894 53.5237 70.9296 169.4544 113.3999 141.4457 205.3679;
	21.4077 16.6083 13.8 11.5984 11.2741 440.6883 55.086 73.2528 184.4311 145.9549 105.7115 264.3253;
	17.1965 15.0647 11.2061 9.0913 10.1909 446.6808 55.8351 72.3406 196.1918 127.1425 111.1068 230.2559;
	10.1318 7.7191 5.7025 4.8327 5.2018 368.314 46.0393 51.3463 155.5136 72.7525 59.2011 131.7553;
	0.7944 0.6616 0.3936 1.3049 2.503 50.9435 6.3679 9.1521 19.6187 19.7413 18.4992 35.7517;
	0.0 0.0 0.0 0.0 0.0 0.0 0.0 0.0 0.0 0.0 0.0 0.0;
	0.0 0.0 0.0 0.0 0.0 0.0 0.0 0.0 0.0 0.0 0.0 0.0;
	0.0 0.0 0.0 0.0 0.0 0.0 0.0 0.0 0.0 0.0 0.0 0.0;
	0.0 0.0 0.0 0.0 0.0 0.0 0.0 0.0 0.0 0.0 0.0 0.0;
	0.0 0.0 0.0 0.0 0.0 0.0 0.0 0.0 0.0 0.0 0.0 0.0;
	0.0 0.0 0.0 0.0 0.0 0.0 0.0 0.0 0.0 0.0 0.0 0.0;
	0.0 0.0 0.0 0.0 0.0 0.0 0.0 0.0 0.0 0.0 0.0 0.0;
];
