function loadprofile = ex_load_profilesh1
%EX_LOAD_PROFILE  Example load profile data file for stochastic unit commitment.
% 2022.03.12
% Andres F. Ramirez

%% define constants
[CT_LABEL, CT_PROB, CT_TABLE, CT_TBUS, CT_TGEN, CT_TBRCH, CT_TAREABUS, ...
    CT_TAREAGEN, CT_TAREABRCH, CT_ROW, CT_COL, CT_CHGTYPE, CT_REP, ...
    CT_REL, CT_ADD, CT_NEWVAL, CT_TLOAD, CT_TAREALOAD, CT_LOAD_ALL_PQ, ...
    CT_LOAD_FIX_PQ, CT_LOAD_DIS_PQ, CT_LOAD_ALL_P, CT_LOAD_FIX_P, ...
    CT_LOAD_DIS_P, CT_TGENCOST, CT_TAREAGENCOST, CT_MODCOST_F, ...
    CT_MODCOST_X] = idx_ct;

loadprofile = struct( ...
    'type', 'mpcData', ...
    'table', CT_TAREALOAD, ...
    'rows', [1:11], ...
    'col', CT_LOAD_ALL_P, ...
    'chgtype', 1, ...
    'values', [] );
loadprofile.values(:,1,:) = [
	1555.3455 960.1294 1594.5845 582.786 763.1158 1127.5702 888.6147 246.9 524.3437 4370.8282 1754.8347;
	1543.2667 946.6264 1602.6613 573.6 760.1429 1112.0009 873.7523 237.3 527.1709 4344.4613 1695.891;
	1559.5956 971.2242 1629.1935 576.7374 769.3653 1145.5 885.142 238.4 519.6555 4363.7874 1716.6;
	1634.8826 1035.0906 1725.3 596.0579 825.2216 1217.7 935.0423 264.7759 538.4773 4616.9 1809.0;
	1792.0858 1140.7 1933.7161 617.4277 952.8 1365.6627 1037.7586 311.8 609.1 5111.7 2051.2063;
	1882.6087 1220.1562 2011.1359 636.847 1029.1634 1412.2596 1089.6264 324.4 660.3152 5618.7291 2190.6061;
	1906.9984 1249.1219 2049.2011 633.5 1025.6081 1416.2423 1099.2734 315.7336 671.5183 5872.0356 2214.0713;
	1919.1138 1247.6 2083.5979 615.6141 1007.3734 1412.7035 1083.3595 329.4732 656.0052 5981.5558 2232.3136;
	1984.4384 1266.2398 2108.3101 595.138 1007.1066 1362.8157 1054.0427 336.0613 639.2651 6148.1867 2195.6624;
	2002.3709 1272.6182 2102.026 562.5904 1002.7425 1366.1929 1049.2932 332.3177 635.953 6204.3596 2273.6146;
	1977.5779 1277.714 2111.2843 575.5488 982.9 1381.9374 1067.3164 333.6966 635.1184 6104.6421 2209.7;
	1945.9663 1248.8934 2060.4045 574.77 983.5346 1409.4442 1052.6568 335.3 602.9408 6144.9962 2262.8326;
	1931.1461 1261.0372 2047.3107 582.0 997.1833 1425.46 1104.4719 334.0419 645.5342 6283.8981 2286.235;
	1925.5835 1260.2945 2054.1175 570.6189 1004.1793 1410.4817 1073.7903 355.1346 655.3885 6381.5185 2513.2846;
	1892.6403 1271.1544 2060.4784 578.6702 1005.1199 1441.9934 1127.3041 364.2958 685.1135 6434.4273 2689.7077;
	1902.5104 1301.4596 2105.2062 592.3 1014.9302 1457.2711 1147.2253 369.148 680.6693 6411.5313 2653.0226;
	1921.6357 1307.108 2121.9 614.0606 1041.1 1500.7 1171.8154 389.0 703.1381 6242.2382 2864.7704;
	2002.8 1387.8815 2249.0999 618.961 1105.1601 1557.4657 1227.5776 403.4 736.0801 6270.3502 2872.0444;
	2011.9976 1345.9596 2206.6839 621.1272 1102.1202 1526.5875 1192.5852 393.0803 728.6 6171.3365 2786.3982;
	1948.6188 1283.3649 2097.3839 607.1977 1048.2036 1444.6598 1144.3541 370.5637 676.4159 5909.248 2572.539;
	1859.8108 1199.385 1974.6104 585.8 971.3788 1345.5906 1080.17 353.9 649.7 5656.9147 2345.3637;
	1758.1056 1134.8202 1918.5972 576.6517 934.9944 1266.2217 987.3214 308.656 591.9422 5270.8245 2110.4489;
	1680.0047 1086.2217 1840.5085 603.4633 904.8532 1257.8129 944.4722 295.6 533.4455 4798.8531 1987.6775;
	1606.9233 1008.3074 1709.9293 592.0228 842.9981 1196.898 904.0148 276.1198 512.2637 4612.4297 1842.2212;
];
