function windprofile = ex_wind_profilesh1
%EX_WIND_PROFILE_D  Example wind_load_nyiso profile data for deterministic unit commitment.
% 2022.03.12
% Andres F. Ramirez


%% define constants
[GEN_BUS, PG, QG, QMAX, QMIN, VG, MBASE, GEN_STATUS, PMAX, PMIN, ...
    MU_PMAX, MU_PMIN, MU_QMAX, MU_QMIN, PC1, PC2, QC1MIN, QC1MAX, ...
    QC2MIN, QC2MAX, RAMP_AGC, RAMP_10, RAMP_30, RAMP_Q, APF] = idx_gen;
[CT_LABEL, CT_PROB, CT_TABLE, CT_TBUS, CT_TGEN, CT_TBRCH, CT_TAREABUS, ...
    CT_TAREAGEN, CT_TAREABRCH, CT_ROW, CT_COL, CT_CHGTYPE, CT_REP, ...
    CT_REL, CT_ADD, CT_NEWVAL, CT_TLOAD, CT_TAREALOAD, CT_LOAD_ALL_PQ, ...
    CT_LOAD_FIX_PQ, CT_LOAD_DIS_PQ, CT_LOAD_ALL_P, CT_LOAD_FIX_P, ...
    CT_LOAD_DIS_P, CT_TGENCOST, CT_TAREAGENCOST, CT_MODCOST_F, ...
    CT_MODCOST_X] = idx_ct;

windprofile = struct( ...
    'type', 'mpcData', ...
    'table', CT_TGEN, ...
    'rows', [1:45], ...
    'col', PMAX, ...
    'chgtype', 1, ...
    'values', [] );
windprofile.values(:,1,:) = [
	3.8555 52.0958 89.1217 105.6561 14.818 33.175 28.3689 18.5139 27.4292 25.218 46.615 69.5404 104.6927 67.541 199.701 75.2362 93.3486 98.9216 36.521 68.3306 9.4563 77.4082 67.9879 87.0656 103.8341 73.0929 13.5187 1134.7372 737.0911 737.0911 608.4968 107.5242 121.7366 175.8832 211.75 314.4922 1176.6587 229.2972 465.5633 278.1269 117.6454 368.0208 133.0524 263.8786 1188.9156;
	3.6303 49.0538 90.5621 111.2671 14.523 32.8524 28.5464 18.8839 26.7838 28.2086 52.1432 77.7875 117.1086 65.3468 200.1574 75.4081 93.5619 99.1477 33.0996 71.3798 9.5155 76.6556 69.9741 87.658 104.6004 73.9477 13.3101 1137.76 723.3602 723.3602 586.7762 99.3227 110.3321 183.7318 204.8711 308.6337 1153.2254 227.6565 462.3754 280.1797 118.1429 364.4427 128.6233 269.6205 1165.2382;
	3.5659 48.1825 91.0644 59.62 14.0145 32.3019 27.1812 18.61 26.1488 27.285 50.4358 75.2404 113.274 64.2323 200.8411 75.6657 93.8816 99.4864 33.8103 72.1411 9.0604 75.3711 68.8823 88.6183 105.4826 74.6019 13.5044 1077.0833 693.1736 693.1736 557.4125 100.215 112.7011 185.6915 201.3769 295.7541 1125.1161 225.7601 446.4613 282.5428 120.0138 358.3355 114.6938 271.3662 1136.836;
	3.5588 48.0867 89.6943 76.963 14.1108 31.8357 24.6715 18.5011 25.7609 28.3167 52.343 78.0854 117.5571 66.0098 204.4893 77.0401 95.5868 101.2935 36.1749 71.3849 8.2238 74.2834 61.3131 87.0041 103.5262 74.7827 13.4512 1093.0936 697.3938 697.3938 535.9971 93.1383 120.5831 183.745 206.9495 297.5547 1049.7914 239.8679 432.8639 277.3022 118.2161 353.1645 125.4847 270.1818 1060.7268;
	2.9645 40.0574 89.6189 116.3288 13.0931 30.6227 21.8711 18.814 25.752 28.6092 52.8836 78.8919 118.7714 67.0849 202.6917 76.3629 94.7466 100.4031 70.7991 70.188 7.2904 71.4529 53.6383 85.9948 102.3904 75.1504 13.5602 1111.872 637.7136 637.7136 523.8188 96.5495 235.9969 180.6641 210.3202 272.0911 1131.0122 240.1986 437.6916 274.26 115.991 339.7077 150.9906 263.5963 1142.7936;
	3.7069 50.0889 91.9856 119.2218 14.125 33.3602 27.3468 18.885 25.9628 29.636 54.7817 81.7235 123.0343 67.9915 202.5989 76.328 94.7032 100.3572 84.5889 71.9817 9.1156 77.8404 69.6806 88.0167 104.4394 74.1101 13.8524 1196.3082 715.6333 715.6333 489.253 96.1873 281.9631 185.2811 213.1625 305.3369 1124.1485 227.3004 451.1029 279.7483 117.8064 370.0756 187.222 270.6122 1135.8583;
	3.6714 49.6089 90.5234 118.1496 13.9935 32.377 28.382 18.1528 26.5615 30.418 56.2272 83.8799 126.2808 68.9264 205.0 77.2326 95.8256 101.5465 83.8695 71.755 9.4607 75.5464 74.4053 85.9202 100.0048 74.6078 13.0545 1205.56 738.9927 738.9927 557.5188 96.4784 279.5649 184.6976 216.0934 315.3035 1120.0547 255.0552 449.6222 267.8701 116.7028 359.1693 195.7646 267.4877 1131.7219;
	3.8599 52.1551 89.4899 119.9598 14.438 33.7799 29.8109 18.5726 27.4828 30.6522 56.6601 84.5258 127.2531 67.8764 204.6368 77.0957 95.6558 101.3666 84.9214 72.6732 9.937 78.8198 75.6076 86.9876 104.3088 73.428 13.0073 1151.3642 733.6301 733.6301 560.8615 80.8956 283.0712 187.0611 212.8017 313.0155 1119.9318 244.9437 464.4335 279.3985 116.2613 374.732 192.4899 262.8135 1131.5978;
	3.8048 51.4116 90.5029 119.7622 14.1313 33.4462 29.9266 17.7406 28.2798 30.4322 56.2534 83.9191 126.3397 68.8742 204.272 76.9583 95.4853 101.1859 87.4802 72.6924 9.9755 78.0411 75.713 85.658 101.4158 72.4102 12.9634 1191.0501 778.4702 778.4702 605.6523 75.7442 291.6006 187.1105 215.9299 332.1473 1194.3787 284.0017 467.4158 271.6494 118.0094 371.0298 173.3445 272.6025 1206.8202;
	3.7168 50.2221 88.618 116.3487 14.2366 32.7911 29.6163 17.9785 27.6797 30.3966 56.1877 83.821 126.192 69.3231 200.3624 75.4854 93.6578 99.2493 86.9415 71.4448 9.8721 76.5126 75.283 85.7025 99.9521 70.9718 13.2235 1130.1376 735.089 735.089 630.095 85.9525 289.8051 183.899 217.3372 313.638 1151.0448 298.1448 465.7039 267.7289 116.696 363.7627 153.2433 263.128 1163.0348;
	3.6966 49.9498 89.1494 116.3615 14.0261 32.1872 27.2398 17.9763 27.9968 30.3393 56.0817 83.6628 125.9539 67.7604 202.418 76.2598 94.6186 100.2675 89.9759 71.2866 9.0799 75.1036 74.9188 85.0669 100.2053 70.145 13.1906 1116.9781 727.1898 727.1898 631.4696 87.1739 299.9196 183.4919 212.4379 310.2677 1102.8171 294.9853 465.0618 268.407 118.5502 357.0639 152.2406 256.1204 1114.3048;
	3.5742 48.2954 86.852 113.4683 13.9323 31.6594 25.6798 17.5234 27.3147 30.4199 56.2308 83.8853 126.2889 68.1532 202.6196 76.3358 94.7129 100.3674 89.9607 71.6757 8.5599 73.8718 74.7475 84.1471 100.9123 70.6545 12.9222 993.1615 718.5446 718.5446 609.2466 89.0597 299.8691 184.4934 213.6694 306.579 1090.4068 270.4596 466.217 270.3008 117.6187 351.2078 161.6717 256.9817 1101.7652;
	3.5631 48.1447 86.499 113.0255 13.9209 31.8313 27.2187 17.3842 27.8132 30.6593 56.6733 84.5453 127.2826 67.6281 202.3722 76.2426 94.5973 100.2448 85.2102 71.3143 9.0729 74.273 74.7983 86.7748 99.026 70.9903 12.912 959.5916 726.8145 726.8145 619.9198 90.0514 284.0338 183.5631 212.0231 310.1075 983.4516 285.7164 456.932 265.2481 116.1886 353.1152 137.5915 245.8306 993.6959;
	3.3044 44.6503 86.4958 112.2004 11.2072 31.1348 26.3883 17.5139 27.136 30.3976 56.1896 83.8238 126.1962 67.4737 198.8594 74.9191 92.9552 98.5048 89.0685 71.484 8.7961 72.6478 74.5155 86.3835 97.096 71.7329 13.5098 972.0034 674.5978 674.5978 615.8363 95.6714 296.8949 184.0 211.5392 287.8284 978.6011 262.5152 455.0345 260.0784 114.798 345.3886 117.4207 262.3031 988.7949;
	3.6656 49.5303 88.3425 112.5839 13.9374 32.1158 25.4563 17.8349 27.4782 30.9576 57.2247 85.3679 128.521 68.9214 194.1635 73.15 90.7602 96.1787 85.6995 71.6228 8.4854 74.9368 74.3594 89.0317 100.632 73.1404 13.6466 1008.1719 716.3433 716.3433 653.1883 94.8708 285.6651 184.3572 216.078 305.6398 960.0172 291.9383 468.5282 269.5501 113.9895 356.2708 151.3275 257.3902 970.0173;
	3.6579 49.4264 87.0197 110.6166 14.0113 31.9349 25.2327 16.8349 26.6606 30.2673 55.9486 83.4643 125.6551 68.7549 197.135 74.2695 92.1491 97.6506 85.3334 72.1084 8.4109 74.5148 73.7161 86.295 97.2817 72.7668 13.1836 1077.5359 723.6136 723.6136 627.0598 102.1062 284.4445 185.6072 215.5559 308.7418 1046.8161 284.3534 456.3571 260.576 112.1475 354.2649 155.6558 254.1214 1057.7204;
	3.2665 44.138 86.2023 110.1981 14.0401 31.8489 24.5133 16.0938 27.056 30.8408 57.0088 85.046 128.0363 63.8834 190.8852 71.9149 89.2278 94.5548 87.4642 71.7155 8.1711 74.3142 75.2212 86.8967 96.7457 72.304 12.0321 1072.2746 707.2792 707.2792 626.205 100.3274 291.5472 184.5959 200.283 301.7725 1094.5059 270.4911 451.3225 259.1402 112.2113 353.3109 142.0841 234.7003 1105.907;
	3.5537 48.0189 87.345 107.6451 14.6204 30.8171 25.7052 12.6874 26.7423 29.1627 53.9068 80.4183 121.0694 65.5188 183.0816 68.9749 85.58 90.6892 84.8098 68.1652 8.5684 71.9067 71.8647 86.2344 97.2961 64.3012 11.2432 1176.9162 682.8239 682.8239 643.8998 99.4771 282.6992 175.4573 205.4102 291.3382 1130.2667 282.6186 464.7167 260.6144 117.138 341.8649 149.4608 233.0835 1142.0403;
