function solarprofile = ex_solar_profilesh1
%EX_WIND_PROFILE_D  Example wind_load_nyiso profile data for deterministic unit commitment.
% 2022.03.12
% Andres F. Ramirez


%% define constants
[GEN_BUS, PG, QG, QMAX, QMIN, VG, MBASE, GEN_STATUS, PMAX, PMIN, ...
    MU_PMAX, MU_PMIN, MU_QMAX, MU_QMIN, PC1, PC2, QC1MIN, QC1MAX, ...
    QC2MIN, QC2MAX, RAMP_AGC, RAMP_10, RAMP_30, RAMP_Q, APF] = idx_gen;
[CT_LABEL, CT_PROB, CT_TABLE, CT_TBUS, CT_TGEN, CT_TBRCH, CT_TAREABUS, ...
    CT_TAREAGEN, CT_TAREABRCH, CT_ROW, CT_COL, CT_CHGTYPE, CT_REP, ...
    CT_REL, CT_ADD, CT_NEWVAL, CT_TLOAD, CT_TAREALOAD, CT_LOAD_ALL_PQ, ...
    CT_LOAD_FIX_PQ, CT_LOAD_DIS_PQ, CT_LOAD_ALL_P, CT_LOAD_FIX_P, ...
    CT_LOAD_DIS_P, CT_TGENCOST, CT_TAREAGENCOST, CT_MODCOST_F, ...
    CT_MODCOST_X] = idx_ct;

solarprofile = struct( ...
    'type', 'mpcData', ...
    'table', CT_TGEN, ...
    'rows', [1:12], ...
    'col', PMAX, ...
    'chgtype', 1, ...
    'values', [] );
solarprofile.values(:,1,:) = [
	0.0 0.0 0.0 0.0 0.0 0.0 0.0 0.0 0.0 0.0 0.0 0.0;
	0.0 0.0 0.0 0.0 0.0 0.0 0.0 0.0 0.0 0.0 0.0 0.0;
	0.0 0.0 0.0 0.0 0.0 0.0 0.0 0.0 0.0 0.0 0.0 0.0;
	0.0 0.0 0.0 0.0 0.0 0.0 0.0 0.0 0.0 0.0 0.0 0.0;
	0.0 0.0 0.0 0.0 0.0 0.0 0.0 0.0 0.0 0.0 0.0 0.0;
	0.0 0.0091 0.0086 0.0 0.0 0.0 0.0 0.0 0.0 0.0 0.0 0.0;
	11.1258 8.0828 5.7018 3.5835 7.0001 240.6933 30.0867 49.291 108.8572 69.8933 40.0999 126.5772;
	18.4474 14.0787 11.1086 6.6895 10.8305 418.7988 52.3499 73.8994 215.6875 187.2059 115.1622 339.0309;
	23.027 16.6029 13.8 8.048 11.9894 439.9227 54.9903 74.9258 205.1594 305.2916 183.0624 552.8849;
	26.334 16.6083 13.8 11.1896 10.2196 372.5637 46.5705 55.5477 138.3214 285.572 198.1964 517.1726;
	26.342 16.6437 13.8 11.4504 11.0303 349.1937 43.6492 53.9674 90.3857 294.5703 221.4914 533.4686;
	26.5017 16.7695 13.8 11.5654 11.307 344.7261 43.0908 62.1511 111.533 295.5766 226.3006 535.291;
	27.0922 17.0689 14.068 11.8901 12.2671 409.8103 51.2263 72.9178 198.1578 219.3715 178.5972 397.2831;
	25.8772 16.9933 14.0426 11.8228 12.2711 426.0219 53.2527 74.8674 205.5448 219.9387 151.349 398.3104;
	21.873 16.5544 12.7576 10.6366 11.6127 419.9144 52.4893 72.4818 188.0707 163.0297 117.5267 295.2477;
	8.841 7.5633 2.6438 4.9312 7.44 292.4603 36.5575 39.2988 96.7173 44.7874 66.0988 81.1102;
	0.7104 0.6669 0.3718 1.2591 2.4528 52.6904 6.5863 9.7269 24.959 13.7358 19.418 24.8756;
	0.0 0.0 0.0 0.0 0.0 0.0 0.0 0.0 0.0 0.0 0.0 0.0;
	0.0 0.0 0.0 0.0 0.0 0.0 0.0 0.0 0.0 0.0 0.0 0.0;
	0.0 0.0 0.0 0.0 0.0 0.0 0.0 0.0 0.0 0.0 0.0 0.0;
	0.0 0.0 0.0 0.0 0.0 0.0 0.0 0.0 0.0 0.0 0.0 0.0;
	0.0 0.0 0.0 0.0 0.0 0.0 0.0 0.0 0.0 0.0 0.0 0.0;
	0.0 0.0 0.0 0.0 0.0 0.0 0.0 0.0 0.0 0.0 0.0 0.0;
	0.0 0.0 0.0 0.0 0.0 0.0 0.0 0.0 0.0 0.0 0.0 0.0;
];
