function loadprofile = ex_load_profilesh1
%EX_LOAD_PROFILE  Example load profile data file for stochastic unit commitment.
% 2022.03.12
% Andres F. Ramirez

%% define constants
[CT_LABEL, CT_PROB, CT_TABLE, CT_TBUS, CT_TGEN, CT_TBRCH, CT_TAREABUS, ...
    CT_TAREAGEN, CT_TAREABRCH, CT_ROW, CT_COL, CT_CHGTYPE, CT_REP, ...
    CT_REL, CT_ADD, CT_NEWVAL, CT_TLOAD, CT_TAREALOAD, CT_LOAD_ALL_PQ, ...
    CT_LOAD_FIX_PQ, CT_LOAD_DIS_PQ, CT_LOAD_ALL_P, CT_LOAD_FIX_P, ...
    CT_LOAD_DIS_P, CT_TGENCOST, CT_TAREAGENCOST, CT_MODCOST_F, ...
    CT_MODCOST_X] = idx_ct;

loadprofile = struct( ...
    'type', 'mpcData', ...
    'table', CT_TAREALOAD, ...
    'rows', [1:11], ...
    'col', CT_LOAD_ALL_P, ...
    'chgtype', 1, ...
    'values', [] );
loadprofile.values(:,1,:) = [
	1447.8559 905.7 1616.1585 567.4599 815.9692 1102.4513 845.0152 271.4 511.5942 4343.5904 1688.7587;
	1437.6 910.8 1627.3533 573.6 837.2373 1121.307 842.5 277.8773 506.3506 4337.7257 1739.777;
	1474.4975 935.5832 1671.2704 578.2746 824.4021 1115.4112 832.8974 273.44 505.9005 4308.0884 1709.9366;
	1529.1062 1008.942 1768.2383 605.5733 884.7581 1188.9679 885.88 287.5941 531.0 4452.3642 1805.6566;
	1691.9344 1128.7802 1951.0 654.5068 1005.5275 1341.4813 1011.3 329.8 612.3 5099.3178 2091.3616;
	1806.4887 1214.0042 2094.7084 667.0447 1080.0782 1423.4 1064.4336 345.6 675.5 5612.0898 2220.0246;
	1812.2611 1211.6658 2105.8153 666.5203 1099.457 1447.57 1091.9233 351.3 688.4678 6057.9046 2230.7844;
	1859.0846 1210.9745 2052.1 650.5969 1100.0632 1401.1 1067.8856 345.5 684.0 6122.9945 2172.2;
	1899.6638 1184.1166 2030.6355 637.9372 1084.6094 1339.6072 1004.7106 336.4623 669.0329 6188.6724 2025.3925;
	1901.367 1163.0066 1988.8397 631.9199 1049.575 1307.2507 973.466 328.377 661.4084 6174.8445 1959.9097;
	1826.9168 1145.9125 1931.4837 628.4792 1000.2767 1270.7657 973.266 317.757 680.7941 6246.2253 2021.6676;
	1869.2009 1175.5619 1958.0865 619.2441 1044.4305 1266.6336 994.7218 318.1951 696.7055 6325.753 2081.0816;
	1840.7462 1155.0365 1965.0098 620.3839 1005.8281 1301.5255 1035.4 338.9852 726.9453 6282.8173 2178.1126;
	1776.2985 1167.4181 1947.255 597.4 988.6117 1329.6887 1031.9736 336.3 722.8934 6195.5858 2123.5494;
	1800.9022 1188.6869 1913.3196 611.8 1014.2497 1346.6696 1061.7271 346.8 712.6 6299.1633 2228.6144;
	1777.6 1200.9901 1907.0698 610.3216 1026.1335 1338.2978 1072.76 352.7107 710.4094 6310.2634 2308.3814;
	1750.1668 1202.6463 1896.919 610.386 1014.5054 1385.9868 1091.8374 372.395 724.6839 6048.1451 2385.1701;
	1851.6124 1281.0187 2011.3776 618.5692 1080.5 1461.1941 1172.9649 399.5443 753.8912 6155.1753 2562.1554;
	1860.3349 1267.2626 1980.9962 621.0856 1080.6 1470.6898 1180.9777 406.9943 727.5 6009.768 2514.8105;
	1805.438 1197.5678 1878.9381 595.0 981.5 1352.8994 1116.8332 382.8 700.9132 5752.3157 2448.6577;
	1736.5684 1121.6266 1786.1121 581.361 918.2179 1271.2393 1055.2136 344.2 641.921 5539.1059 2289.7913;
	1650.5 1036.4 1653.7001 564.1767 876.7 1200.1863 984.3211 321.0546 575.9 5153.1477 2112.8038;
	1595.9111 995.8285 1589.3687 556.4089 844.5775 1142.7 936.6646 272.8479 545.0265 4811.8481 1964.1876;
	1520.6671 951.8641 1544.7837 568.5 793.7839 1090.7984 894.5492 266.8 516.2108 4608.1325 1896.8309;
];
