function loadprofile = ex_load_profilesh1
%EX_LOAD_PROFILE  Example load profile data file for stochastic unit commitment.
% 2022.03.12
% Andres F. Ramirez

%% define constants
[CT_LABEL, CT_PROB, CT_TABLE, CT_TBUS, CT_TGEN, CT_TBRCH, CT_TAREABUS, ...
    CT_TAREAGEN, CT_TAREABRCH, CT_ROW, CT_COL, CT_CHGTYPE, CT_REP, ...
    CT_REL, CT_ADD, CT_NEWVAL, CT_TLOAD, CT_TAREALOAD, CT_LOAD_ALL_PQ, ...
    CT_LOAD_FIX_PQ, CT_LOAD_DIS_PQ, CT_LOAD_ALL_P, CT_LOAD_FIX_P, ...
    CT_LOAD_DIS_P, CT_TGENCOST, CT_TAREAGENCOST, CT_MODCOST_F, ...
    CT_MODCOST_X] = idx_ct;

loadprofile = struct( ...
    'type', 'mpcData', ...
    'table', CT_TAREALOAD, ...
    'rows', [1:11], ...
    'col', CT_LOAD_ALL_P, ...
    'chgtype', 1, ...
    'values', [] );
loadprofile.values(:,1,:) = [
	1494.7332 938.8928 1606.8784 557.7894 779.8468 1104.7 858.5049 324.4285 542.1527 4742.0237 1753.1031;
	1481.9 922.6 1581.7778 546.2801 758.4816 1096.9502 840.6062 300.8403 508.2852 4573.8947 1681.7447;
	1498.5829 941.0727 1616.6885 541.857 785.127 1114.6094 856.3038 302.9809 522.0 4548.3808 1730.5281;
	1612.5509 1014.1 1708.0086 571.2166 846.1803 1173.0396 890.1502 305.0456 546.8 4758.616 1815.5163;
	1726.7703 1129.7 1907.8671 597.9 964.8 1307.0992 1004.4674 340.7965 636.0474 5344.4259 2084.7583;
	1830.2662 1202.4333 2031.3106 612.3998 1043.2196 1423.3912 1065.5132 364.0 699.0604 5978.4495 2215.0534;
	1865.8108 1220.1011 2076.8127 605.4 1016.021 1439.4 1092.1787 371.9516 703.6314 6292.668 2196.1896;
	1842.7566 1241.3 2092.4587 601.7887 1002.4507 1456.6911 1111.7456 374.4952 716.8 6372.5516 2159.7103;
	1869.7275 1238.9722 2090.7639 593.8 984.5579 1424.0807 1123.8371 405.2753 737.6888 6451.7748 2122.7755;
	1857.2301 1254.5258 2103.319 588.9804 1045.6349 1441.9703 1153.2892 397.89 741.5781 6554.9947 2136.6028;
	1817.3465 1262.6123 2128.8629 591.7 1034.7807 1458.8255 1136.2406 390.8 738.0323 6556.3769 2153.0511;
	1899.8081 1271.8 2146.3716 586.0565 1012.7022 1451.1394 1161.6214 395.1371 751.9387 6594.6511 2157.9069;
	1864.901 1266.1 2124.9014 591.3987 1017.9592 1491.4 1159.9994 379.5432 763.0374 6623.674 2200.693;
	1793.0 1228.768 2107.3051 584.2873 982.0546 1448.224 1093.2492 368.7629 766.708 6584.6669 2278.563;
	1749.3507 1226.0305 2068.7256 571.0 964.9695 1447.6983 1081.1726 371.7098 780.0652 6578.7308 2288.7035;
	1795.6519 1228.9765 2066.5237 600.5658 962.6725 1478.2177 1122.9377 396.3457 822.0744 6471.9181 2430.2562;
	1795.2146 1223.6473 2035.1795 613.969 961.1929 1484.5846 1134.0351 383.5379 777.584 6379.9524 2563.5458;
	1825.8598 1262.2506 2138.8546 609.9351 1014.7338 1550.6492 1213.4 408.8857 792.7 6367.9009 2680.8181;
	1826.2662 1282.4749 2146.6465 606.9333 1015.7601 1506.5 1183.8992 395.7923 774.716 6225.1 2543.5394;
	1790.401 1207.9 2040.0555 600.0577 933.343 1421.9666 1111.1053 378.4 738.3003 5966.9097 2390.135;
	1703.6711 1142.4371 1959.4118 584.861 925.869 1331.9526 1038.8938 344.2 685.5766 5628.8446 2147.34;
	1643.7381 1070.4069 1848.6357 570.124 881.6999 1225.0 954.0372 300.9242 603.4627 5213.269 1957.192;
	1545.1608 1002.2 1722.2952 587.8437 818.4893 1177.909 891.2505 288.7144 571.9838 4903.901 1856.7738;
	1560.0098 986.7 1718.643 582.7 853.997 1159.1026 870.667 280.1998 580.7628 4680.9306 1769.555;
];
