function windprofile = ex_wind_profilesh1
%EX_WIND_PROFILE_D  Example wind_load_nyiso profile data for deterministic unit commitment.
% 2022.03.12
% Andres F. Ramirez


%% define constants
[GEN_BUS, PG, QG, QMAX, QMIN, VG, MBASE, GEN_STATUS, PMAX, PMIN, ...
    MU_PMAX, MU_PMIN, MU_QMAX, MU_QMIN, PC1, PC2, QC1MIN, QC1MAX, ...
    QC2MIN, QC2MAX, RAMP_AGC, RAMP_10, RAMP_30, RAMP_Q, APF] = idx_gen;
[CT_LABEL, CT_PROB, CT_TABLE, CT_TBUS, CT_TGEN, CT_TBRCH, CT_TAREABUS, ...
    CT_TAREAGEN, CT_TAREABRCH, CT_ROW, CT_COL, CT_CHGTYPE, CT_REP, ...
    CT_REL, CT_ADD, CT_NEWVAL, CT_TLOAD, CT_TAREALOAD, CT_LOAD_ALL_PQ, ...
    CT_LOAD_FIX_PQ, CT_LOAD_DIS_PQ, CT_LOAD_ALL_P, CT_LOAD_FIX_P, ...
    CT_LOAD_DIS_P, CT_TGENCOST, CT_TAREAGENCOST, CT_MODCOST_F, ...
    CT_MODCOST_X] = idx_ct;

windprofile = struct( ...
    'type', 'mpcData', ...
    'table', CT_TGEN, ...
    'rows', [1:45], ...
    'col', PMAX, ...
    'chgtype', 1, ...
    'values', [] );
windprofile.values(:,1,:) = [
	3.6175 48.8804 89.8899 114.6973 14.7105 33.3848 29.7931 18.4856 27.0856 30.1237 55.6833 83.0685 125.0592 64.6985 191.8608 72.2825 89.6838 95.038 40.0336 70.6468 9.931 77.8978 71.9825 88.2045 104.0079 75.0957 13.8212 1192.6809 723.6083 723.6083 622.1679 116.124 133.4452 181.845 202.8385 308.7395 1209.1166 229.7449 474.6297 278.5925 115.2279 370.3484 146.8983 268.9169 1221.7116;
	3.5832 48.4163 90.2826 119.5845 15.0528 32.4423 30.324 18.7828 27.5771 29.4982 54.5269 81.3435 122.4621 64.9099 190.825 71.8922 89.1996 94.5249 36.3759 72.1536 10.108 75.6986 71.7081 87.6608 103.952 75.8429 13.8414 1218.2155 750.646 750.646 608.2602 112.8674 121.2529 185.7235 203.5013 320.2756 1249.295 228.6548 471.1046 278.4428 120.4809 359.8928 143.2644 272.5664 1262.3085;
	3.5615 48.1234 93.3001 67.2018 15.0344 33.1973 30.1322 18.8762 27.5306 30.5838 56.5336 84.3371 126.969 66.8 198.5328 74.7961 92.8026 98.343 37.1362 73.0596 10.0441 77.4603 73.0803 87.7014 104.3362 76.4249 13.9242 1183.2384 716.2706 716.2706 588.1088 116.8309 123.7875 188.0555 209.427 305.6088 1217.9483 224.9902 473.7372 279.4719 121.1357 368.2686 144.9378 276.6767 1230.6353;
	3.5531 48.0108 92.2086 84.855 15.1269 33.2775 28.7128 18.1967 27.1563 30.3538 56.1085 83.7028 126.0141 66.7594 203.1695 76.5429 94.9699 100.6398 49.4981 73.3806 9.5709 77.6475 69.7236 86.5367 101.9205 74.9496 13.3536 1197.516 750.6158 750.6158 566.5284 107.3235 164.9937 188.8819 209.2998 320.2627 1148.7193 234.2441 478.1604 273.0012 119.2671 369.1583 178.0964 278.1435 1160.6852;
	3.2235 43.5563 93.9134 119.5377 15.2857 33.2335 24.1301 18.7518 27.0445 30.6444 56.6458 84.5043 127.2208 67.2088 198.9217 74.9426 92.9844 98.5357 84.8632 72.4263 8.0434 77.5449 64.2741 88.4727 103.3829 75.9478 13.5731 1138.7687 698.348 698.348 566.4591 106.3804 282.8774 186.4254 210.7086 297.9618 1173.421 238.0723 474.7508 276.9185 122.5141 368.6706 194.3951 279.8289 1185.6441;
	3.6713 49.6077 94.1062 119.4147 15.3551 33.4772 26.784 18.6593 26.9462 30.6957 56.7406 84.6458 127.4338 65.8855 194.032 73.1004 90.6987 96.1135 89.0838 71.4603 8.928 78.1134 73.6946 89.682 105.9586 76.0824 13.7908 1179.8222 716.7545 716.7545 515.3179 102.2073 296.9459 183.9389 206.5601 305.8152 1093.9529 222.9005 456.459 283.8176 121.8237 371.3733 198.8193 286.2585 1105.3482;
	3.588 48.4819 93.4465 117.5635 14.6991 32.061 28.448 18.4758 26.8566 30.9704 57.2484 85.4033 128.5742 66.5615 195.0524 73.4849 91.1757 96.619 88.5779 70.8745 9.4827 74.809 74.0979 88.3131 102.3993 74.4396 13.3459 1214.6487 731.0673 731.0673 580.2523 100.6487 295.2596 182.4311 208.6793 311.9221 1085.6239 248.3532 468.522 274.2838 118.4793 355.6632 199.2763 268.6351 1096.9324;
	3.6605 49.4615 93.9021 113.7605 15.047 32.4388 28.4333 18.2369 26.5227 29.7263 54.9486 81.9725 123.4092 64.234 199.3845 75.1169 93.2006 98.7649 88.6103 70.6826 9.4778 75.6905 72.1604 85.8508 103.9216 73.9209 13.2439 1178.5197 715.9264 715.9264 530.3348 84.6299 295.3676 181.9373 201.3823 305.4619 1069.2687 240.4147 457.1445 278.3614 114.9981 359.8543 194.6737 264.2815 1080.4069;
	3.8743 52.3508 95.4261 120.3326 15.3401 34.9384 30.0682 18.969 28.0821 31.1863 57.6474 85.9986 129.4704 67.8208 198.5303 74.7951 92.8014 98.3418 90.7702 71.8998 10.0227 81.523 72.7294 89.0363 105.8248 75.9141 13.9951 1167.1073 786.3043 786.3043 607.0834 83.9036 302.5673 185.0702 212.6273 335.4898 1147.8605 287.9594 473.2011 283.4593 122.7917 387.5838 191.644 286.5139 1159.8174;
	3.7849 51.1428 94.8805 116.1644 15.1669 34.5394 29.5151 18.3097 26.9602 30.8214 56.9729 84.9923 127.9555 65.614 199.4698 75.1491 93.2405 98.8071 92.1656 72.0769 9.8384 80.592 72.3953 87.0138 103.7873 74.8394 13.4749 1120.4784 763.1037 763.1037 661.2103 93.6689 307.2188 185.5262 205.7088 325.5909 1107.4928 309.8641 463.8498 278.0018 120.4589 383.1576 175.4358 277.1424 1119.0292;
	3.7611 50.8212 95.2623 118.6854 15.1201 34.4306 27.354 18.9535 27.718 31.5473 58.3147 86.9941 130.9691 66.2939 202.4139 76.2583 94.6167 100.2655 91.8158 73.0988 9.118 80.338 74.4286 88.7275 104.3766 73.6234 14.0118 1117.0062 788.7486 788.7486 678.1146 90.5112 306.0526 188.1564 207.8404 336.5327 1082.4016 318.2219 473.1893 279.5802 123.4411 381.9498 176.805 277.5892 1093.6766;
	3.8797 52.423 95.2653 117.3041 15.2415 34.7059 27.208 18.6196 28.1773 31.2921 57.843 86.2903 129.9096 69.2646 200.3796 75.4919 93.6658 99.2578 92.4404 73.6779 9.0693 80.9804 74.1445 88.559 105.7849 73.2081 13.5832 1060.6086 791.1636 791.1636 672.9904 93.3715 308.1346 189.6471 217.1537 337.5631 1092.5956 300.9471 479.2015 283.3523 122.8475 385.0042 198.1286 275.9469 1103.9768;
	3.8303 51.7561 94.1696 118.6124 15.1935 34.5241 29.4795 18.7217 28.2924 31.3653 57.9783 86.4922 130.2135 69.6323 199.4195 75.1302 93.217 98.7822 91.309 73.3283 9.8265 80.5563 74.4111 89.5964 105.7813 74.997 13.7643 1114.6779 797.2591 797.2591 715.4955 105.1565 304.3634 188.7474 218.3066 340.1639 1074.4469 325.1176 466.0097 283.3429 123.5082 382.9878 169.6687 269.9044 1085.6391;
	3.8037 51.3965 94.6934 119.2296 14.8748 33.8782 29.6744 18.4485 27.7686 30.9937 57.2913 85.4674 128.6707 69.485 198.0888 74.6288 92.595 98.1231 90.0853 73.113 9.8915 79.049 73.7829 89.0674 102.826 73.2036 13.4694 1123.4116 764.4734 764.4734 727.021 103.5148 300.2844 188.193 217.8449 326.1753 1086.603 335.4601 468.0533 275.4268 120.4134 375.8216 161.3939 270.1134 1097.9218;
	3.8293 51.7419 94.3301 118.9827 15.1107 33.5813 25.9706 18.4158 28.08 30.8913 57.1021 85.1851 128.2458 69.7673 200.2462 75.4416 93.6035 99.1917 90.3931 73.0644 8.6569 78.3563 73.428 89.6935 103.368 75.1763 13.5337 1095.9349 760.3361 760.3361 708.2876 103.8727 301.3103 188.0678 218.7299 324.4101 1008.9468 340.3548 463.0619 276.8785 118.6682 372.5284 181.5265 262.1579 1019.4567;
	3.8516 52.043 92.3241 119.144 15.0491 33.2596 26.5316 18.1941 27.3098 30.7544 56.8491 84.8077 127.6775 69.6233 202.2637 76.2017 94.5465 100.1911 85.633 71.6496 8.8439 77.6057 74.6597 87.3441 100.5211 75.1268 13.3621 1167.3455 770.6354 770.6354 708.6982 111.0538 285.4433 184.4263 218.2786 328.8044 1112.374 325.5392 473.429 269.253 118.4058 368.9598 192.7806 259.5608 1123.9612;
	3.6278 49.0193 90.1125 117.7522 14.6555 31.9106 25.1 17.6581 26.6766 29.6754 54.8545 81.8321 123.1978 68.3965 196.3147 73.9604 91.7657 97.2442 89.5246 72.1663 8.3667 74.4581 73.1433 87.8573 100.9673 74.2286 12.4234 1140.8925 737.1772 737.1772 665.8199 108.2333 298.4153 185.7562 214.4323 314.529 1137.1349 287.4063 467.7852 270.4481 114.3668 353.995 180.7515 239.2329 1148.9801;
	3.567 48.1974 89.7413 113.1693 14.0148 30.1173 25.3246 14.5041 25.6399 25.0042 46.2199 68.951 103.8054 69.1692 185.366 69.8356 86.6478 91.8208 86.668 70.0898 8.4415 70.2736 70.2449 84.8805 99.7599 70.0196 11.1511 1195.6907 707.3626 707.3626 684.2727 108.1901 288.8935 180.4113 216.8549 301.808 1124.1283 291.7664 468.0162 267.214 114.6345 334.1009 173.5008 236.4251 1135.838;
