function loadprofile = ex_load_profilesh1
%EX_LOAD_PROFILE  Example load profile data file for stochastic unit commitment.
% 2022.03.12
% Andres F. Ramirez

%% define constants
[CT_LABEL, CT_PROB, CT_TABLE, CT_TBUS, CT_TGEN, CT_TBRCH, CT_TAREABUS, ...
    CT_TAREAGEN, CT_TAREABRCH, CT_ROW, CT_COL, CT_CHGTYPE, CT_REP, ...
    CT_REL, CT_ADD, CT_NEWVAL, CT_TLOAD, CT_TAREALOAD, CT_LOAD_ALL_PQ, ...
    CT_LOAD_FIX_PQ, CT_LOAD_DIS_PQ, CT_LOAD_ALL_P, CT_LOAD_FIX_P, ...
    CT_LOAD_DIS_P, CT_TGENCOST, CT_TAREAGENCOST, CT_MODCOST_F, ...
    CT_MODCOST_X] = idx_ct;

loadprofile = struct( ...
    'type', 'mpcData', ...
    'table', CT_TAREALOAD, ...
    'rows', [1:11], ...
    'col', CT_LOAD_ALL_P, ...
    'chgtype', 1, ...
    'values', [] );
loadprofile.values(:,1,:) = [
	1447.6637 895.7 1533.6675 557.2 724.7012 993.6468 766.559 225.7443 489.5562 4308.1814 1627.324;
	1459.7463 908.4168 1564.0797 551.8179 732.7 1028.0857 784.0702 219.9764 500.8364 4267.3433 1655.3;
	1478.7482 917.5983 1609.9691 556.3 763.24 1072.5754 800.1309 226.3126 504.6 4365.5704 1703.2546;
	1564.7797 1000.5 1726.0189 562.6761 817.2057 1125.2701 847.0232 232.5707 536.4 4590.2549 1808.0084;
	1733.4496 1127.3 1913.2075 600.4251 934.2292 1265.6289 975.5551 288.9513 624.0991 5097.6606 2084.9321;
	1843.5538 1188.88 2025.6166 619.5 978.6893 1312.1155 1045.6311 318.5894 688.8729 5687.8987 2232.1884;
	1896.4556 1206.0489 2040.7193 618.1161 1022.7614 1376.5514 1060.4385 318.2595 691.3765 5979.346 2233.511;
	1903.5475 1214.8681 2032.462 624.6709 984.3 1365.5435 1039.34 313.8178 685.537 6032.2729 2176.4405;
	1913.034 1234.6113 2039.5255 598.8 975.8213 1399.0566 1069.0322 336.3653 703.7 6310.7416 2223.1662;
	1899.6 1231.4125 2024.0 596.4 1006.1721 1357.8356 1040.39 335.2 675.4213 6309.6212 2103.1171;
	1873.7127 1202.2087 2029.5571 586.4063 973.011 1338.6327 1050.1506 329.7 678.9455 6299.6042 2093.4964;
	1866.0 1232.7119 2061.7 578.7 957.8542 1303.522 1092.569 319.5953 682.1572 6286.3518 2172.2971;
	1831.5992 1170.4311 2022.156 582.0 935.7412 1325.9741 1061.3 296.0774 678.169 6188.4646 2120.1468;
	1802.1033 1177.1948 2028.0329 563.172 943.1173 1352.5571 1051.1805 286.2453 679.7305 6315.9047 2142.3555;
	1873.7 1219.7946 2083.6917 577.5134 1000.4618 1433.258 1099.7366 297.2123 698.3 6343.5983 2275.7718;
	1858.4312 1236.7572 2059.3558 591.8859 1025.4107 1441.0 1106.7642 321.5579 685.1524 6470.4381 2343.5993;
	1849.9189 1255.3094 2061.8458 595.2208 1008.2152 1477.1674 1114.7903 345.6025 718.5808 6213.4893 2427.1734;
	1976.7605 1342.8982 2192.3913 612.4 1076.9173 1570.4602 1193.1593 379.5914 764.4555 6364.9425 2668.8217;
	1959.3502 1309.4591 2146.6625 616.8174 1019.7671 1505.729 1156.6846 363.8952 753.6271 6244.295 2609.3326;
	1937.216 1212.5775 2039.6414 592.5 942.8627 1412.5 1113.2114 340.7577 701.1028 5944.9989 2410.4944;
	1822.9561 1140.7705 1924.5109 560.4231 906.1409 1328.0514 1073.6133 346.2979 657.8854 5756.6858 2330.9653;
	1737.2984 1069.76 1813.5 554.0 857.5221 1256.7 1002.9031 324.7921 592.495 5336.9326 2146.5962;
	1630.9544 995.8932 1763.0422 544.9896 813.2585 1193.5406 941.9161 313.3759 555.9 5117.8476 2063.5396;
	1572.8413 968.7445 1711.9846 565.405 756.0 1159.2409 879.2 280.4268 508.1515 4678.2236 1868.2749;
];
