function windprofile = ex_wind_profilesh1
%EX_WIND_PROFILE_D  Example wind_load_nyiso profile data for deterministic unit commitment.
% 2022.03.12
% Andres F. Ramirez


%% define constants
[GEN_BUS, PG, QG, QMAX, QMIN, VG, MBASE, GEN_STATUS, PMAX, PMIN, ...
    MU_PMAX, MU_PMIN, MU_QMAX, MU_QMIN, PC1, PC2, QC1MIN, QC1MAX, ...
    QC2MIN, QC2MAX, RAMP_AGC, RAMP_10, RAMP_30, RAMP_Q, APF] = idx_gen;
[CT_LABEL, CT_PROB, CT_TABLE, CT_TBUS, CT_TGEN, CT_TBRCH, CT_TAREABUS, ...
    CT_TAREAGEN, CT_TAREABRCH, CT_ROW, CT_COL, CT_CHGTYPE, CT_REP, ...
    CT_REL, CT_ADD, CT_NEWVAL, CT_TLOAD, CT_TAREALOAD, CT_LOAD_ALL_PQ, ...
    CT_LOAD_FIX_PQ, CT_LOAD_DIS_PQ, CT_LOAD_ALL_P, CT_LOAD_FIX_P, ...
    CT_LOAD_DIS_P, CT_TGENCOST, CT_TAREAGENCOST, CT_MODCOST_F, ...
    CT_MODCOST_X] = idx_ct;

windprofile = struct( ...
    'type', 'mpcData', ...
    'table', CT_TGEN, ...
    'rows', [1:45], ...
    'col', PMAX, ...
    'chgtype', 1, ...
    'values', [] );
windprofile.values(:,1,:) = [
	3.749 50.6572 91.4029 107.1973 14.2188 33.7472 27.5137 19.143 26.8628 29.1448 53.8737 80.369 120.9951 63.3224 194.2821 73.1946 90.8156 96.2374 36.7051 72.3684 9.1712 78.7436 72.5049 89.8517 105.8098 74.9083 13.9317 1183.1098 659.878 659.878 600.4115 107.5911 122.3503 186.2765 198.5244 281.5479 1106.1733 231.7296 451.0589 283.4191 122.8634 374.3694 150.1236 273.8793 1117.6959;
	3.6176 48.8818 92.7226 114.8491 13.9583 32.3305 27.5376 19.1108 26.0543 28.988 53.5838 79.9365 120.344 63.2523 197.9992 74.5951 92.5531 98.0787 33.8188 72.9037 9.1792 75.4379 71.3772 89.4046 106.0647 75.15 13.8617 1234.1868 666.4291 666.4291 597.0782 110.0472 112.7295 187.6544 198.3046 284.3431 1151.924 235.8664 443.4081 284.102 123.6015 358.6535 142.9793 277.4496 1163.9232;
	3.7787 51.0582 95.2908 70.1867 14.382 34.7224 29.3889 19.1778 27.3908 29.8735 55.2207 82.3785 124.0203 63.3054 199.6069 75.2007 93.3046 98.8751 36.747 71.6217 9.7963 81.0189 74.5192 90.1801 106.7777 76.2722 14.1639 1203.3752 680.4262 680.4262 556.9514 106.2803 122.4899 184.3545 198.4709 290.3152 1187.1085 229.8872 448.8042 286.0118 123.7235 385.187 142.9957 285.9551 1199.4742;
	3.8373 51.8498 95.3143 89.0806 14.8585 34.9109 29.1404 19.1824 27.7336 30.0684 55.5811 82.916 124.8296 63.7877 201.4865 75.9089 94.1832 99.8061 46.3575 71.8284 9.7135 81.4588 71.0894 90.0685 106.7561 76.5149 14.1492 1256.2782 691.2871 691.2871 550.1789 103.6735 154.525 184.8865 199.983 294.9491 1126.0934 244.9319 469.2604 285.9538 123.0058 387.2783 184.8868 286.3069 1137.8236;
	3.486 47.104 95.0104 120.3087 14.4227 34.3088 25.1745 19.1643 27.8113 30.2032 55.8302 83.2876 125.3891 65.7862 196.408 73.9956 91.8093 97.2905 82.2235 71.5865 8.3915 80.0538 64.1555 89.9363 106.7311 76.5375 13.9957 1232.1313 653.9469 653.9469 551.5609 104.4389 274.0783 184.2638 206.2486 279.0173 1200.2201 251.2668 471.8516 285.8869 122.0907 380.5986 186.4933 280.8869 1212.7224;
	3.6018 48.6677 93.6235 118.641 14.0815 33.5226 28.6195 18.9543 27.6108 30.1931 55.8115 83.2597 125.347 67.7903 202.3645 76.2396 94.5936 100.241 89.3709 72.4616 9.5398 78.2194 71.032 88.5361 106.5407 75.7853 13.6307 1212.9554 698.1037 698.1037 508.8413 99.1798 297.903 186.5164 212.5318 297.8576 1103.0721 229.2212 472.3372 285.3769 116.9244 371.8772 189.9388 277.246 1114.5625;
	3.5946 48.5715 94.3434 120.0717 13.9323 32.9025 29.2742 18.9469 27.6772 29.6258 54.7628 81.6954 122.9919 68.0169 202.0588 76.1245 94.4507 100.0896 91.4774 72.5854 9.7581 76.7724 74.1214 87.2359 105.1438 75.5516 13.6138 1221.9024 731.7229 731.7229 548.1293 93.7023 304.9246 186.835 213.2423 312.2018 1129.2141 242.3612 468.8737 281.6351 115.7291 364.9981 190.0598 273.7103 1140.9768;
	3.6333 49.0942 93.6434 120.1864 14.2707 34.1822 28.5775 19.057 26.6697 29.1552 53.893 80.3977 121.0383 67.4499 203.0013 76.4796 94.8913 100.5565 90.8771 72.906 9.5258 79.7585 73.9394 87.4187 106.0518 75.7949 13.9086 1181.751 699.7302 699.7302 501.2074 81.904 302.9238 187.6602 211.4647 298.5515 1097.1946 236.9175 470.8418 284.0674 117.4376 379.1949 193.5706 269.3677 1108.6237;
	3.29 44.4558 94.4716 119.8442 13.9851 33.7636 27.7495 18.795 26.9716 29.5478 54.6187 81.4803 122.6681 68.6274 198.2342 74.6836 92.663 98.1951 90.8883 71.9804 9.2498 78.7817 72.9736 87.2541 104.1617 74.8602 13.883 1180.4956 766.1669 766.1669 549.6258 78.3623 302.9611 185.2777 215.156 326.8979 1183.4337 266.544 451.6551 279.0045 118.9446 374.5507 173.2855 275.3662 1195.7611;
	3.5568 48.0596 93.5056 117.25 14.0491 33.7135 27.0079 18.6413 27.9269 29.6905 54.8824 81.8737 123.2605 69.2931 197.2778 74.3233 92.2159 97.7213 91.3347 71.6919 9.0026 78.6648 74.1315 88.6087 104.2572 74.4165 13.6661 1187.0041 746.6833 746.6833 580.0423 91.5778 304.4491 184.535 217.2431 318.5849 1112.9062 297.8628 446.6333 279.2604 115.9396 373.9949 150.4352 274.6508 1124.499;
	3.6063 48.7288 93.7635 117.8047 14.1265 33.6505 25.1735 18.4161 28.2269 30.618 56.597 84.4316 127.1113 68.9987 197.0684 74.2444 92.118 97.6176 89.7902 72.7219 8.3912 78.5178 73.6231 88.6897 102.1449 73.373 13.7898 1189.8498 743.2631 743.2631 586.4805 90.5361 299.3008 187.1863 216.3202 317.1256 1106.6387 294.2559 457.6732 273.6025 115.9691 373.2961 161.9165 266.043 1118.1662;
	3.6145 48.8397 93.1048 119.3966 14.3236 33.427 24.8224 18.4224 28.185 30.1611 55.7523 83.1715 125.2142 69.3999 198.8362 74.9104 92.9444 98.4933 90.3677 71.5954 8.2741 77.9963 74.2079 87.893 103.8074 75.1491 13.5917 1130.6868 730.6832 730.6832 619.2358 96.063 301.2258 184.2867 217.578 311.7582 1099.647 281.7837 462.4788 278.0554 112.5037 370.8166 183.0582 266.1303 1111.1017;
	3.6423 49.215 93.8228 120.4353 14.4728 33.6996 27.1014 18.2913 28.0792 30.937 57.1866 85.3112 128.4356 67.7224 198.1088 74.6363 92.6044 98.133 86.3255 71.9675 9.0338 78.6323 74.7592 89.2152 103.5136 75.0599 13.3238 1062.3494 703.5483 703.5483 563.2883 97.9037 287.7517 185.2446 212.319 300.1806 952.7129 273.1559 458.6924 277.2686 113.7593 373.8404 150.4627 259.1419 962.637;
	3.7288 50.3848 94.2752 120.4109 14.8943 34.4467 27.9025 18.0924 27.4847 30.713 56.7725 84.6933 127.5053 68.09 199.2475 75.0654 93.1366 98.697 90.079 72.3227 9.3008 80.3757 74.3414 89.6425 102.8408 75.9912 13.1965 1117.6693 695.875 695.875 611.2099 96.4987 300.2632 186.1589 213.4714 296.9066 978.5842 275.1821 453.3167 275.4664 114.4449 382.1289 155.838 270.8061 988.7778;
	3.7654 50.8784 94.8423 119.7482 15.2185 34.6874 26.5158 18.3564 28.0308 31.1207 57.5262 85.8178 129.1982 68.5555 201.7675 76.0147 94.3146 99.9453 92.5617 72.9508 8.8386 80.9373 74.5461 89.6035 103.5781 75.2908 13.4738 1124.0198 734.2336 734.2336 648.2784 101.9748 308.5389 187.7756 214.9309 313.273 968.4298 314.0391 468.6966 277.4413 114.0218 384.7991 181.7748 261.3802 978.5177;
	3.8248 51.6815 93.0023 119.5878 14.9238 33.4181 26.4084 17.9913 27.4491 30.2983 56.0059 83.5498 125.7838 67.764 200.7313 75.6244 93.8302 99.432 92.188 71.7949 8.8028 77.9755 73.33 89.9919 104.6285 74.966 13.5814 1227.1135 772.8041 772.8041 620.9415 109.1491 307.2935 184.8002 212.4491 329.7297 1105.3142 301.8501 454.5964 280.255 115.3854 370.7178 183.7627 256.0677 1116.8279;
	3.6292 49.0379 91.8758 119.6426 14.2216 33.5212 25.4582 17.0341 27.0858 30.1081 55.6543 83.0253 124.9942 64.87 202.0531 76.1223 94.4481 100.0868 92.5434 73.5722 8.4861 78.2162 73.2587 89.5606 101.2648 72.6119 12.2913 1198.4641 742.0145 742.0145 629.9412 105.5214 308.478 189.3749 203.3762 316.5929 1153.7467 279.4527 454.8425 271.245 114.9569 371.8622 187.7888 228.523 1165.7649;
	3.5964 48.5959 91.06 116.7377 14.3871 32.8106 25.5897 13.6597 26.9976 30.2179 55.8573 83.328 125.4499 65.1846 202.7813 76.3967 94.7885 100.4475 91.1026 73.7682 8.5299 76.558 74.3194 86.9353 100.5095 65.5753 11.3179 1251.1869 705.5743 705.5743 644.3116 101.3482 303.6755 189.8794 204.3625 301.045 1152.0942 289.6447 454.7246 269.2218 114.4947 363.9787 189.2598 241.687 1164.0952;
