function loadprofile = ex_load_profilesh1
%EX_LOAD_PROFILE  Example load profile data file for stochastic unit commitment.
% 2022.03.12
% Andres F. Ramirez

%% define constants
[CT_LABEL, CT_PROB, CT_TABLE, CT_TBUS, CT_TGEN, CT_TBRCH, CT_TAREABUS, ...
    CT_TAREAGEN, CT_TAREABRCH, CT_ROW, CT_COL, CT_CHGTYPE, CT_REP, ...
    CT_REL, CT_ADD, CT_NEWVAL, CT_TLOAD, CT_TAREALOAD, CT_LOAD_ALL_PQ, ...
    CT_LOAD_FIX_PQ, CT_LOAD_DIS_PQ, CT_LOAD_ALL_P, CT_LOAD_FIX_P, ...
    CT_LOAD_DIS_P, CT_TGENCOST, CT_TAREAGENCOST, CT_MODCOST_F, ...
    CT_MODCOST_X] = idx_ct;

loadprofile = struct( ...
    'type', 'mpcData', ...
    'table', CT_TAREALOAD, ...
    'rows', [1:11], ...
    'col', CT_LOAD_ALL_P, ...
    'chgtype', 1, ...
    'values', [] );
loadprofile.values(:,1,:) = [
	1509.7948 919.2827 1588.6579 567.8665 755.8 1267.8378 880.3003 288.515 504.6305 4724.6477 1736.1692;
	1506.2187 917.9 1583.3006 552.8639 750.0942 1214.071 878.1522 282.9374 498.6921 4581.1464 1701.8769;
	1529.359 959.1 1635.3448 571.2664 781.869 1220.5381 888.6457 275.9 504.2 4574.1932 1713.7551;
	1608.8911 1026.5961 1736.9971 584.8 845.8101 1309.8209 946.3834 308.7793 533.7325 4985.455 1819.6314;
	1760.3 1172.4972 1951.2409 612.9 975.0518 1447.5894 1045.6613 337.5788 612.3 5647.9307 2083.9789;
	1872.2 1258.1377 2073.9781 629.5222 1046.049 1498.6987 1101.6803 346.0243 675.7415 5973.8117 2195.6226;
	1885.835 1284.1571 2093.4285 618.1701 1061.9718 1476.7524 1100.2 358.7471 674.0687 6375.8808 2244.6737;
	1864.0934 1252.0531 2110.1719 630.1791 1057.9184 1473.4005 1089.8 383.6087 667.4658 6612.9946 2301.3896;
	1831.5439 1221.5691 2092.045 603.7118 1045.7186 1493.9815 1105.5174 388.8047 682.1362 6712.5709 2447.8324;
	1874.9139 1247.9971 2121.4267 614.9585 1062.4353 1514.0012 1095.7443 373.5565 666.03 6690.704 2472.7103;
	1874.2818 1230.926 2131.0246 635.5 1056.8 1472.6959 1050.5389 385.4009 639.783 6631.1916 2394.526;
	1897.6 1258.9867 2150.2604 636.4895 1060.1 1506.7479 1114.0917 418.9475 652.9182 6759.7393 2493.7045;
	1873.3 1243.4424 2099.9325 628.4535 1051.5077 1476.7417 1088.5641 412.8607 632.8 6727.0305 2425.5918;
	1830.6543 1225.3956 2065.1078 624.7209 1061.2398 1483.3351 1111.6018 412.8029 651.2639 6958.274 2514.5906;
	1821.6 1254.1103 2097.5608 648.2961 1034.2841 1419.7927 1095.0502 370.6776 645.2945 6829.6137 2387.6358;
	1837.9535 1243.4149 2090.8801 707.3296 1059.398 1463.796 1122.2305 387.1096 637.6245 7070.6501 2463.7078;
	1889.5914 1259.2414 2124.619 720.0718 1098.0415 1482.7637 1136.0882 399.6008 666.9931 6879.8813 2527.2218;
	1941.8562 1325.0 2204.9419 680.381 1135.3591 1594.4864 1218.3614 422.3973 704.2627 6895.921 2626.6338;
	1979.4 1302.4853 2134.5341 654.3663 1077.9645 1521.1947 1190.9705 395.9916 684.8569 6713.8484 2547.3919;
	1878.9875 1197.7601 2012.9386 629.0601 985.4202 1431.7785 1147.5548 375.6552 677.8193 6413.2122 2508.9114;
	1785.4574 1102.1201 1896.5816 613.0306 929.88 1324.9321 1047.6729 347.4884 612.1091 6012.73 2201.5951;
	1679.3711 1037.6 1758.875 596.2628 855.6947 1242.8804 947.7469 320.7479 540.1577 5392.4506 1946.2801;
	1574.9481 998.3 1683.6732 579.9 806.4839 1171.1108 881.2373 303.477 534.1 5183.9563 1876.49;
	1513.7649 974.8 1638.5377 579.1247 763.2 1145.4184 864.504 287.2 485.4802 4868.5635 1775.5959;
];
