function loadprofile = ex_load_profilesh1
%EX_LOAD_PROFILE  Example load profile data file for stochastic unit commitment.
% 2022.03.12
% Andres F. Ramirez

%% define constants
[CT_LABEL, CT_PROB, CT_TABLE, CT_TBUS, CT_TGEN, CT_TBRCH, CT_TAREABUS, ...
    CT_TAREAGEN, CT_TAREABRCH, CT_ROW, CT_COL, CT_CHGTYPE, CT_REP, ...
    CT_REL, CT_ADD, CT_NEWVAL, CT_TLOAD, CT_TAREALOAD, CT_LOAD_ALL_PQ, ...
    CT_LOAD_FIX_PQ, CT_LOAD_DIS_PQ, CT_LOAD_ALL_P, CT_LOAD_FIX_P, ...
    CT_LOAD_DIS_P, CT_TGENCOST, CT_TAREAGENCOST, CT_MODCOST_F, ...
    CT_MODCOST_X] = idx_ct;

loadprofile = struct( ...
    'type', 'mpcData', ...
    'table', CT_TAREALOAD, ...
    'rows', [1:11], ...
    'col', CT_LOAD_ALL_P, ...
    'chgtype', 1, ...
    'values', [] );
loadprofile.values(:,1,:) = [
	1449.7405 921.3354 1596.6614 505.868 763.6 1120.9873 859.6 263.3959 484.0 4326.3446 1670.628;
	1474.8354 927.224 1616.9179 527.8719 776.0424 1140.348 872.5878 282.7 484.6019 4370.6605 1677.9036;
	1501.0 953.2 1638.0436 544.5441 791.4 1155.8752 899.4002 293.9 492.7795 4365.6531 1709.72;
	1599.2 1035.3 1779.5615 566.1156 869.6181 1237.9545 952.9916 368.5553 541.4021 4641.7907 1922.3913;
	1743.2823 1168.183 1956.0632 601.4683 974.8235 1349.8279 1040.2385 362.7 610.1 5175.989 2073.4859;
	1834.9773 1223.1 2070.2 612.6 1071.9892 1407.4598 1092.3734 362.8 684.3 5708.726 2242.2975;
	1839.4547 1210.6022 2063.2713 610.0 1081.1951 1388.3853 1115.6502 360.445 683.8 6006.6475 2293.3066;
	1925.4712 1220.0975 2058.9455 600.0961 1083.7 1403.4362 1110.555 356.1889 669.6748 6184.6667 2274.5351;
	1935.9669 1212.5514 2045.2235 596.7672 1109.6014 1385.0785 1104.3378 348.5342 672.5227 6274.5613 2323.1229;
	1950.7819 1267.2545 2051.9359 586.9371 1096.0759 1397.812 1077.0536 350.3 666.5833 6281.0961 2313.3343;
	1925.5373 1268.5529 2044.4651 588.5463 1104.7425 1477.7344 1076.2719 346.6 660.9358 6259.8955 2279.6572;
	1896.5598 1239.6 1957.4872 566.2076 1066.1007 1431.5533 1008.4955 335.3399 645.9277 6141.5334 2114.2588;
	1884.2 1235.1 1909.6767 569.5163 1036.9796 1383.0904 1008.5254 320.5488 633.5816 5954.6217 2118.8827;
	1891.1076 1214.3454 1888.0023 569.1 1005.43 1368.2498 1025.0924 323.2 645.5322 6140.1511 2159.5578;
	1882.3451 1238.8536 1984.7544 550.8204 1044.8967 1401.1164 1073.4208 328.9 647.2445 6198.4241 2262.8;
	1865.4402 1247.8996 2037.7045 556.2532 1048.684 1457.1229 1130.836 339.601 659.2667 6249.9202 2389.5891;
	1859.8371 1245.8584 2092.3064 572.6 1065.5 1494.6264 1162.3143 352.9834 669.7723 6141.6176 2403.5373;
	1913.1474 1262.0 2124.3498 593.4953 1109.0958 1536.6875 1186.6356 358.9 704.9574 6173.0823 2475.2777;
	1936.0366 1274.7491 2109.359 587.882 1073.7136 1492.573 1174.4161 361.14 694.9381 6066.2108 2457.1547;
	1884.8 1189.4 2016.5906 579.2214 1011.0131 1409.195 1101.2299 341.5662 648.6452 5686.3933 2303.352;
	1768.4905 1096.2169 1880.9 548.1415 955.2825 1291.8944 1015.6311 311.2 585.6567 5250.0892 2104.0177;
	1714.3427 1037.5 1769.1912 550.2529 913.9056 1206.6661 945.2619 295.9782 571.8689 5076.8367 1954.1871;
	1641.38 989.2173 1717.5015 561.0082 926.1314 1160.1 895.5965 268.0 516.6189 4781.8925 1864.0224;
	1571.3 948.6555 1650.8952 555.3183 855.7368 1145.8148 879.273 256.3944 518.3702 4496.297 1790.3755;
];
