function windprofile = ex_wind_profilesh1
%EX_WIND_PROFILE_D  Example wind_load_nyiso profile data for deterministic unit commitment.
% 2022.03.12
% Andres F. Ramirez


%% define constants
[GEN_BUS, PG, QG, QMAX, QMIN, VG, MBASE, GEN_STATUS, PMAX, PMIN, ...
    MU_PMAX, MU_PMIN, MU_QMAX, MU_QMIN, PC1, PC2, QC1MIN, QC1MAX, ...
    QC2MIN, QC2MAX, RAMP_AGC, RAMP_10, RAMP_30, RAMP_Q, APF] = idx_gen;
[CT_LABEL, CT_PROB, CT_TABLE, CT_TBUS, CT_TGEN, CT_TBRCH, CT_TAREABUS, ...
    CT_TAREAGEN, CT_TAREABRCH, CT_ROW, CT_COL, CT_CHGTYPE, CT_REP, ...
    CT_REL, CT_ADD, CT_NEWVAL, CT_TLOAD, CT_TAREALOAD, CT_LOAD_ALL_PQ, ...
    CT_LOAD_FIX_PQ, CT_LOAD_DIS_PQ, CT_LOAD_ALL_P, CT_LOAD_FIX_P, ...
    CT_LOAD_DIS_P, CT_TGENCOST, CT_TAREAGENCOST, CT_MODCOST_F, ...
    CT_MODCOST_X] = idx_ct;

windprofile = struct( ...
    'type', 'mpcData', ...
    'table', CT_TGEN, ...
    'rows', [1:45], ...
    'col', PMAX, ...
    'chgtype', 1, ...
    'values', [] );
windprofile.values(:,1,:) = [
	3.8761 52.3747 92.668 114.9046 14.4609 34.7627 28.5173 18.6678 27.3638 30.593 56.5507 84.3625 127.0073 66.7358 196.5468 74.0479 91.8742 97.3592 38.9518 73.1989 9.5058 81.113 73.1951 88.3104 105.0885 75.5321 13.6131 1179.4308 702.0661 702.0661 624.6902 113.4263 129.8392 188.4141 209.2258 299.5482 1172.7141 236.6642 465.7702 281.4871 123.0448 385.6344 147.4781 268.672 1184.9299;
	3.7938 51.2623 92.4506 120.0675 14.3486 34.1064 29.5465 18.5528 26.8327 29.6194 54.7511 81.6779 122.9656 67.2514 191.5207 72.1543 89.5248 94.8695 33.2793 72.2981 9.8488 79.5816 69.9422 88.2185 104.5027 75.8008 13.3629 1109.0571 686.1238 686.1238 604.7039 106.142 110.9309 186.0954 210.8422 292.7462 1094.806 228.9154 458.7727 279.9178 123.4725 378.3538 143.1993 270.8025 1106.2103;
	3.9134 52.8781 94.4269 70.5329 15.1666 34.9887 30.5079 18.4339 27.5376 30.1343 55.7028 83.0976 125.103 67.4234 194.0502 73.1073 90.7072 96.1226 37.4668 72.4395 10.1693 81.6404 71.8012 88.49 105.135 75.6068 13.5923 1171.3568 693.5869 693.5869 574.4667 107.6005 124.8895 186.4595 211.3814 295.9304 1133.7027 230.1686 468.402 281.6115 122.9714 388.1418 155.4966 267.9942 1145.5121;
	3.8028 51.3839 91.9472 87.5088 14.7051 33.9733 29.1441 18.1015 27.9253 29.9826 55.4225 82.6794 124.4734 67.6934 196.1812 73.9101 91.7033 97.1781 43.9923 71.7409 9.7147 79.271 67.5114 85.9111 101.2294 74.2306 13.4142 1187.4899 686.0719 686.0719 541.7329 99.3937 146.6411 184.6612 212.228 292.724 1066.074 237.9974 459.1751 271.1501 120.6937 376.8772 180.038 264.2401 1077.179;
	3.6401 49.1858 94.0162 120.8142 14.8974 34.6053 25.0286 18.3082 27.9277 29.7518 54.9957 82.0428 123.515 68.2336 191.2313 72.0453 89.3895 94.7262 80.2946 69.6224 8.3429 80.7458 57.6628 87.1113 103.4754 74.4326 13.3495 1109.4364 607.3587 607.3587 498.6325 100.6929 267.6486 179.2083 213.9216 259.1397 1059.7825 231.5254 470.6861 277.1661 119.3267 383.8884 199.8135 262.9852 1070.8219;
	3.8961 52.6455 94.2936 120.3576 15.2138 35.0285 27.7106 18.4406 27.7012 30.8091 56.9502 84.9586 127.9046 67.5819 196.8157 74.1492 91.9999 97.4924 91.1695 71.4284 9.2369 81.7332 72.8429 87.9475 104.956 74.2398 13.6681 1148.6767 675.1402 675.1402 490.4749 101.193 303.8983 183.8568 211.8783 288.0598 1037.6585 226.5913 470.1865 281.1322 117.4507 388.5828 203.404 271.3084 1048.4674;
	3.9073 52.7956 95.3104 120.8188 15.2652 34.5439 28.689 19.0149 27.7703 31.147 57.5748 85.8903 129.3074 66.0704 197.6327 74.457 92.3818 97.8972 88.2323 72.1405 9.563 80.6025 74.7301 89.4266 105.6645 76.5678 13.7653 1185.1391 679.8688 679.8688 537.4086 93.7203 294.1077 185.6897 207.1396 290.0773 1050.4863 238.7585 459.5954 283.0298 122.6407 383.2074 203.1205 279.5114 1061.4289;
	3.8494 52.0133 94.7833 120.5301 15.3318 34.65 28.6517 18.5286 27.1031 30.6114 56.5847 84.4132 127.0836 65.141 192.9385 72.6885 90.1875 95.5719 89.1031 70.8968 9.5506 80.8501 73.6936 86.9885 105.5316 75.8814 13.1491 1103.4782 677.1253 677.1253 528.5544 79.0694 297.0105 182.4885 204.2258 288.9068 1028.6614 233.4251 457.3737 282.674 116.7853 384.3844 196.9329 267.688 1039.3767;
	3.8024 51.3793 94.8851 121.2657 15.1193 34.4786 29.9584 18.5425 28.1754 31.2736 57.8087 86.2392 129.8327 68.7942 200.4605 75.5223 93.7036 99.2979 92.7161 72.1413 9.9861 80.4501 74.7235 86.2146 105.8158 74.5113 13.6707 1213.3525 769.7016 769.7016 626.9181 84.1465 309.0537 185.6919 215.6792 328.406 1184.2103 280.1449 475.967 283.4353 118.4663 382.4825 179.4501 276.9553 1196.5458;
	3.9007 52.7076 94.6886 120.7673 15.2782 34.3306 29.5678 18.2672 28.0972 30.5045 56.3871 84.1184 126.6399 66.9772 192.3699 72.4742 89.9218 95.2902 92.1005 69.9779 9.8559 80.1046 71.5105 86.4414 103.8353 73.0096 13.6071 1207.5288 747.4946 747.4946 699.2765 93.9732 307.0018 180.1232 209.9825 318.931 1139.9033 297.8635 467.8825 278.1304 120.6576 380.8404 170.6873 272.5184 1151.7773;
	3.8017 51.3691 94.204 120.8963 14.8918 33.9535 25.5722 18.1138 28.1137 31.151 57.5821 85.9012 129.3238 66.5938 198.5245 74.7929 92.7986 98.3389 91.1892 72.0714 8.5241 79.2249 73.2877 87.2314 103.1681 72.007 13.741 1210.3163 774.0211 774.0211 699.8299 99.3272 303.9641 185.5119 208.7805 330.249 1147.4873 308.9999 465.175 276.343 120.1778 376.6578 169.427 270.8415 1159.4403;
	3.8828 52.4653 94.3921 120.9299 14.7135 34.3892 25.8894 17.7798 27.7181 29.9041 55.2773 82.4628 124.1473 68.5522 201.0072 75.7283 93.9592 99.5687 91.6422 73.5448 8.6298 80.2414 71.8587 85.7599 101.9568 70.3569 12.9952 1156.879 775.1211 775.1211 701.6301 108.3063 305.474 189.3044 214.9205 330.7184 1166.8545 312.4002 471.3814 273.0986 119.033 381.4903 189.4727 268.1581 1179.0092;
	3.905 52.7651 94.1061 120.9811 15.0232 33.8062 27.9974 17.7243 27.9609 30.2545 55.925 83.4291 125.6021 67.9912 201.2334 75.8135 94.0649 99.6807 89.2249 73.54 9.3325 78.8812 72.5201 88.4613 102.3434 72.2939 13.3069 1135.9933 789.4714 789.4714 734.1046 111.1444 297.4162 189.2923 213.1616 336.8411 1097.7439 325.8213 468.5145 274.1341 119.547 375.0238 166.0662 266.3688 1109.1787;
	3.8791 52.4154 93.9432 120.9171 14.8859 33.7732 27.1473 18.0451 27.8239 29.8405 55.1596 82.2873 123.8831 65.7738 202.3047 76.2171 94.5657 100.2114 90.5695 73.2909 9.0491 78.8042 73.5777 87.1377 99.6656 71.011 13.6085 1121.3177 703.9312 703.9312 731.7961 102.6656 301.8983 188.6509 206.2097 300.344 1044.36 315.2327 460.7166 266.9615 118.3828 374.6579 161.5323 268.5623 1055.2388;
	3.8047 51.4092 93.3149 120.6966 14.7834 33.2112 24.395 18.5383 27.8628 29.8345 55.1486 82.2709 123.8584 66.0528 201.8194 76.0343 94.3388 99.971 89.9265 73.6355 8.1317 77.4928 72.1808 87.526 102.3609 72.4133 14.0322 1098.5523 685.285 685.285 674.1551 106.2294 299.755 189.538 207.0846 292.3883 954.2684 317.9607 456.5478 274.1811 116.4827 368.4231 181.0158 257.5781 964.2087;
	3.9095 52.8262 94.2632 120.9205 15.0878 34.0744 25.7577 18.0085 28.1485 30.8559 57.0367 85.0876 128.0989 67.0559 204.6956 77.1179 95.6833 101.3957 91.2802 73.7182 8.5859 79.5069 74.6977 86.2925 102.272 73.0325 13.6995 1098.7027 678.128 678.128 611.9195 109.6495 304.2675 189.7507 210.2292 289.3346 1031.4879 301.5496 474.0544 273.943 117.0467 377.9986 191.8899 260.8539 1042.2326;
	3.8575 52.1237 92.7961 120.6994 15.198 34.2642 25.7258 17.3246 28.2806 30.8104 56.9525 84.9619 127.9097 64.5859 205.1438 77.2867 95.8928 101.6177 92.4177 73.8929 8.5753 79.9498 73.9417 85.7561 97.3015 70.3374 12.4887 1101.6473 725.8189 725.8189 661.2966 109.9512 308.059 190.2005 202.4855 309.6828 1144.3405 283.794 467.7839 260.629 118.437 380.1041 203.0019 231.4858 1156.2607;
	3.9006 52.7062 90.7868 118.5714 14.7157 33.5204 26.5995 12.4474 28.4782 30.4965 56.3723 84.0963 126.6066 65.52 204.7847 77.1514 95.7249 101.4398 90.6348 73.491 8.8665 78.2143 71.4663 69.6269 93.7637 44.5557 10.759 1170.6416 707.6536 707.6536 672.1843 103.0936 302.1159 189.1659 205.414 301.9322 1177.7749 298.1304 473.6435 251.1529 116.4846 371.853 207.408 231.4637 1190.0434;
