function windprofile = ex_wind_profilesh1
%EX_WIND_PROFILE_D  Example wind_load_nyiso profile data for deterministic unit commitment.
% 2022.03.12
% Andres F. Ramirez


%% define constants
[GEN_BUS, PG, QG, QMAX, QMIN, VG, MBASE, GEN_STATUS, PMAX, PMIN, ...
    MU_PMAX, MU_PMIN, MU_QMAX, MU_QMIN, PC1, PC2, QC1MIN, QC1MAX, ...
    QC2MIN, QC2MAX, RAMP_AGC, RAMP_10, RAMP_30, RAMP_Q, APF] = idx_gen;
[CT_LABEL, CT_PROB, CT_TABLE, CT_TBUS, CT_TGEN, CT_TBRCH, CT_TAREABUS, ...
    CT_TAREAGEN, CT_TAREABRCH, CT_ROW, CT_COL, CT_CHGTYPE, CT_REP, ...
    CT_REL, CT_ADD, CT_NEWVAL, CT_TLOAD, CT_TAREALOAD, CT_LOAD_ALL_PQ, ...
    CT_LOAD_FIX_PQ, CT_LOAD_DIS_PQ, CT_LOAD_ALL_P, CT_LOAD_FIX_P, ...
    CT_LOAD_DIS_P, CT_TGENCOST, CT_TAREAGENCOST, CT_MODCOST_F, ...
    CT_MODCOST_X] = idx_ct;

windprofile = struct( ...
    'type', 'mpcData', ...
    'table', CT_TGEN, ...
    'rows', [1:45], ...
    'col', PMAX, ...
    'chgtype', 1, ...
    'values', [] );
windprofile.values(:,1,:) = [
	3.9185 52.9482 93.8835 114.1887 15.2219 34.1668 29.7274 18.4487 28.016 30.3107 56.0289 83.5841 125.8355 69.7976 200.5899 75.5711 93.7641 99.362 36.055 71.1421 9.9091 79.7226 71.9733 88.2043 103.4854 74.871 13.5312 1232.1378 727.3301 727.3301 598.4525 113.7055 120.1833 183.12 218.8249 310.3275 1163.9347 233.5958 479.7162 277.193 119.0828 379.0242 157.0771 279.4933 1176.059;
	3.8926 52.5976 93.057 119.6941 14.4646 33.9722 29.335 18.5105 27.096 29.2459 54.0606 80.6478 121.4148 69.3912 193.7831 73.0066 90.5823 95.9902 24.8765 70.9707 9.7783 79.2685 68.758 88.0685 105.0992 73.5066 13.2435 1229.3362 736.2919 736.2919 597.5426 107.3353 82.9216 182.6789 217.5508 314.1512 1164.8557 241.9092 472.1931 281.5158 122.3797 376.8653 149.4354 275.0421 1176.9896;
	3.9195 52.9605 93.8269 64.9543 14.756 34.1721 28.8451 18.2455 26.8678 28.8766 53.378 79.6295 119.8818 68.9798 195.5811 73.6841 91.4228 96.8809 28.0691 68.1901 9.615 79.7349 68.7393 87.712 104.3818 72.489 13.4635 1165.6529 731.4929 731.4929 599.3993 108.4146 93.5638 175.5214 216.2611 312.1036 1190.595 239.1084 461.9505 279.5941 121.0869 379.0823 146.3717 279.0715 1202.9971;
	3.9282 53.0788 94.0116 86.5409 14.7507 34.4109 27.6934 18.0881 27.0614 24.919 46.0624 68.716 103.4515 68.2889 196.8047 74.145 91.9947 97.487 27.3743 68.9491 9.2311 80.2922 52.3957 85.8519 102.2349 71.4492 13.3816 1172.4964 721.3499 721.3499 565.3777 95.5962 91.2478 177.4753 214.0948 307.7759 1130.5088 244.3234 467.2585 273.8434 119.8662 381.7319 186.6032 273.4755 1142.285;
	3.7944 51.2706 94.3212 119.3836 15.12 34.3888 23.1531 18.224 27.3986 28.8601 53.3475 79.584 119.8133 67.406 189.5143 71.3984 88.5869 93.8757 67.8536 68.1976 7.7177 80.2406 54.3982 86.5489 104.0479 73.0181 13.295 1111.556 698.9164 698.9164 570.4368 101.456 226.1785 175.5407 211.327 298.2043 1190.2351 248.9627 475.0076 278.6998 118.7662 381.4869 198.3681 263.2947 1202.6334;
	3.9121 52.8611 92.4379 117.608 14.8249 34.4464 27.6884 17.8948 27.1633 29.4691 54.4731 81.2632 122.3413 68.8705 192.7062 72.6009 90.0789 95.4568 83.38 69.8897 9.2295 80.375 67.0801 86.0113 103.7435 71.4498 13.5368 1149.6311 706.907 706.907 525.8201 98.1129 277.9333 179.8962 215.9183 301.6136 1097.2234 224.4246 469.4811 277.8844 114.2998 382.1256 197.589 271.7122 1108.6528;
	3.9324 53.1359 94.1515 119.5553 15.2877 34.7442 28.9178 18.1088 27.9652 29.1701 53.9205 80.4387 121.1001 68.7541 194.9894 73.4611 91.1462 96.5878 88.2007 70.8397 9.6393 81.0697 72.3479 88.1033 104.6621 74.6154 13.3871 1158.5643 732.3893 732.3893 574.9213 89.424 294.0022 182.3417 215.5533 312.4861 1098.1129 231.6685 473.5239 280.345 120.7569 385.4285 206.0277 272.5593 1109.5516;
	3.9322 53.133 93.5951 120.886 15.2975 35.0874 30.0789 18.3926 28.3616 28.8255 53.2835 79.4884 119.6694 69.017 201.9261 76.0745 94.3887 100.0239 88.9989 70.6068 10.0263 81.8706 72.7146 87.097 106.3778 75.0313 13.669 1055.9514 741.8755 741.8755 580.3256 78.3981 296.6631 181.742 216.3775 316.5336 1084.4839 238.4168 476.5638 284.9406 121.2368 389.2361 204.9825 266.6795 1095.7806;
	3.9324 53.1358 92.727 120.7733 15.3503 35.1333 29.4962 18.2157 28.3422 27.8892 51.5528 76.9066 115.7825 68.5776 201.8777 76.0562 94.3661 99.9999 92.1889 70.8944 9.8321 81.9777 71.361 85.7609 103.8058 73.438 13.5264 1124.9782 829.5064 829.5064 668.0263 79.2328 307.2962 182.4823 215.0001 353.9227 1185.2342 277.1525 463.4891 278.0511 120.1855 389.7452 190.9849 276.7313 1197.5803;
	3.8858 52.5057 90.0744 118.1693 14.6683 34.6119 28.992 17.9925 28.3271 29.3033 54.1667 80.806 121.653 67.7376 201.5947 75.9496 94.2338 99.8597 89.6226 70.6215 9.664 80.7611 72.1952 85.8643 101.6889 72.0719 13.1766 1080.7941 763.1068 763.1068 688.3751 82.5712 298.7419 181.7799 212.3666 325.5922 1084.9352 289.4839 460.3229 272.3811 118.3136 383.9614 161.9272 262.501 1096.2366;
	3.8642 52.2143 89.6553 114.165 15.165 34.7555 27.909 17.3746 28.4853 30.6533 56.6621 84.5288 127.2576 67.8624 203.4698 76.6561 95.1103 100.7885 91.0505 70.4695 9.303 81.0962 74.4877 84.9102 96.6906 71.1386 12.7993 1141.7475 811.5279 811.5279 716.5943 89.4766 303.5016 181.3886 212.7578 346.2519 1144.7007 311.3465 475.0366 258.9926 115.7243 385.5547 175.7329 258.0708 1156.6247;
	3.844 51.9405 88.8952 114.1876 15.0218 34.8923 27.7798 17.455 28.4858 30.176 55.78 83.2127 125.2763 68.3089 200.2792 75.454 93.6189 99.2081 89.3417 70.4184 9.2599 81.4153 73.3902 83.6999 98.7929 72.0459 12.4084 1030.029 802.1084 802.1084 720.8381 95.0056 297.8056 181.257 214.1577 342.2329 1114.2906 292.7101 477.9895 264.6239 112.9229 387.0716 193.1444 257.7213 1125.8978;
	3.809 51.4678 89.4855 115.4825 15.2464 34.3122 29.3531 17.5264 28.478 30.7516 56.8439 84.7999 127.6658 68.6547 199.7826 75.2669 93.3868 98.9621 89.5741 71.6852 9.7844 80.0617 74.2879 87.6606 100.3302 71.5432 12.8071 1015.3147 787.9236 787.9236 734.4015 101.3538 298.5803 184.5179 215.2417 336.1807 958.5066 298.9875 478.9656 268.7417 115.1143 380.6364 162.003 253.3412 968.491;
	3.8678 52.2629 92.0751 116.3343 15.2408 33.3275 27.6503 18.3381 28.4057 30.2158 55.8535 83.3224 125.4414 67.4062 199.4913 75.1572 93.2506 98.8178 90.1843 71.3599 9.2168 77.7642 74.5379 88.1574 102.7233 72.3565 13.3919 1052.958 726.0388 726.0388 759.0605 103.9864 300.6144 183.6807 211.3275 309.7766 978.0245 311.5509 471.6118 275.1516 118.6737 369.7132 154.5344 262.6671 988.2123;
	3.8866 52.5169 90.9207 111.6214 15.3728 33.5236 26.3802 17.669 28.319 30.4956 56.3707 84.094 126.603 65.8224 199.1458 75.027 93.0891 98.6466 89.7604 71.5402 8.7934 78.2217 73.0748 87.8556 98.9774 72.3461 12.9049 1026.0462 723.6494 723.6494 748.7252 99.3517 299.2013 184.1446 206.362 308.7571 935.3176 305.6262 478.4105 265.1179 115.1602 371.8882 169.3396 250.0616 945.0605;
	3.8983 52.6746 91.3383 113.8586 15.2639 34.2895 26.8766 17.47 28.21 30.1603 55.7509 83.1694 125.2111 65.8271 198.3022 74.7092 92.6947 98.2288 86.799 69.8456 8.9589 80.0088 73.4452 86.3293 100.8126 73.0461 13.0208 1058.3133 715.5798 715.5798 702.271 103.825 289.3302 179.7827 206.3769 305.3141 977.1028 293.2065 476.4771 270.0337 115.6315 380.3846 176.768 251.8521 987.281;
	3.8859 52.5075 91.8992 118.8442 15.3123 35.0027 23.2755 17.133 27.3327 31.2188 57.7075 86.0882 129.6053 64.4517 192.0798 72.3649 89.7861 95.1465 89.4267 70.8811 7.7585 81.6729 74.4611 88.6694 103.5643 72.2342 11.9762 1052.3657 689.6097 689.6097 698.2856 104.4182 298.0889 182.448 202.0649 294.2335 1031.538 294.4856 463.8713 277.4044 119.2751 388.2963 183.4389 242.3127 1042.2832;
	3.9274 53.0675 94.9542 119.0905 14.9896 33.8449 24.921 14.8284 27.8288 31.2312 57.7304 86.1224 129.6567 66.2026 188.0377 70.8421 87.8967 93.1443 90.2242 69.5538 8.307 78.9714 74.2711 89.2741 104.8407 66.3954 11.5834 1165.0133 701.2775 701.2775 715.9198 100.416 300.7473 179.0318 207.5541 299.2117 1078.6657 310.4199 476.5345 280.8233 120.2275 375.4527 191.6717 262.7285 1089.9018;
