function windprofile = ex_wind_profilesh1
%EX_WIND_PROFILE_D  Example wind_load_nyiso profile data for deterministic unit commitment.
% 2022.03.12
% Andres F. Ramirez


%% define constants
[GEN_BUS, PG, QG, QMAX, QMIN, VG, MBASE, GEN_STATUS, PMAX, PMIN, ...
    MU_PMAX, MU_PMIN, MU_QMAX, MU_QMIN, PC1, PC2, QC1MIN, QC1MAX, ...
    QC2MIN, QC2MAX, RAMP_AGC, RAMP_10, RAMP_30, RAMP_Q, APF] = idx_gen;
[CT_LABEL, CT_PROB, CT_TABLE, CT_TBUS, CT_TGEN, CT_TBRCH, CT_TAREABUS, ...
    CT_TAREAGEN, CT_TAREABRCH, CT_ROW, CT_COL, CT_CHGTYPE, CT_REP, ...
    CT_REL, CT_ADD, CT_NEWVAL, CT_TLOAD, CT_TAREALOAD, CT_LOAD_ALL_PQ, ...
    CT_LOAD_FIX_PQ, CT_LOAD_DIS_PQ, CT_LOAD_ALL_P, CT_LOAD_FIX_P, ...
    CT_LOAD_DIS_P, CT_TGENCOST, CT_TAREAGENCOST, CT_MODCOST_F, ...
    CT_MODCOST_X] = idx_ct;

windprofile = struct( ...
    'type', 'mpcData', ...
    'table', CT_TGEN, ...
    'rows', [1:45], ...
    'col', PMAX, ...
    'chgtype', 1, ...
    'values', [] );
windprofile.values(:,1,:) = [
	3.6336 49.0985 88.1179 103.7224 14.1624 33.2018 26.5009 18.7209 26.5402 30.4132 56.2184 83.8668 126.261 67.8196 197.2644 74.3182 92.2096 97.7147 37.7102 72.9021 8.8336 77.4709 72.5673 88.5786 102.6378 73.7066 13.6745 1175.5611 711.4285 711.4285 622.6712 108.5618 125.7005 187.6503 212.6237 303.5428 1168.6605 242.9378 446.8634 274.9226 121.6683 368.3187 150.8889 266.726 1180.8341;
	3.7263 50.3502 89.6817 115.8377 14.2057 33.1069 27.8015 18.9592 27.0003 30.4876 56.3558 84.0717 126.5696 68.786 199.6419 75.2139 93.321 98.8924 32.89 73.7779 9.2672 77.2495 69.6694 88.7506 103.4103 75.0055 13.4936 1185.7706 737.6768 737.6768 630.0689 110.5464 109.6334 189.9045 215.6533 314.7421 1190.9732 259.1697 459.5762 276.9918 121.904 367.2661 142.762 270.4218 1203.3792;
	3.881 52.4402 93.7394 70.1305 15.038 33.6195 28.1965 18.9658 26.8562 30.1065 55.6515 83.021 124.9877 67.3519 201.9081 76.0677 94.3803 100.0149 37.162 73.2059 9.3988 78.4456 71.6703 89.8878 106.4888 75.45 13.7614 1186.7807 732.0371 732.0371 623.2194 111.9497 123.8733 188.4323 211.1572 312.3358 1221.6887 247.9822 460.7314 285.238 120.887 372.9526 142.5503 275.3317 1234.4146;
	3.8102 51.4839 89.3182 82.1893 14.9312 33.4539 28.1796 18.0988 27.3713 30.155 55.7411 83.1547 125.189 66.9398 199.9492 75.3297 93.4646 99.0446 42.1715 71.9693 9.3932 78.0592 69.1547 86.6631 102.6263 73.2023 13.4156 1232.4897 740.7946 740.7946 585.0007 102.2119 140.5715 185.2491 209.8652 316.0724 1182.9428 257.9944 467.8208 274.8919 118.0327 371.1157 177.459 261.6808 1195.2651;
	3.6739 49.642 91.8829 118.6325 15.0861 33.9057 22.7832 18.0691 26.6624 29.7232 54.9429 81.964 123.3963 66.1277 196.3749 73.9831 91.7938 97.2741 76.214 69.7751 7.5944 79.1133 57.4118 86.6118 103.6667 71.9278 13.2344 1171.2708 647.1236 647.1236 534.4515 99.4359 254.0468 179.6012 207.3193 276.1061 1198.0606 242.5936 450.0389 277.6787 118.6412 376.1274 195.2043 256.3743 1210.5404;
	3.9237 53.018 94.1901 120.2242 15.1711 34.5946 26.2208 18.4757 27.0073 31.2466 57.7589 86.1649 129.7208 68.699 204.497 77.043 95.5904 101.2973 91.1253 72.6019 8.7403 80.7208 70.2983 87.2582 105.5951 71.7823 13.6785 1295.2828 708.9685 708.9685 519.4647 97.5807 303.751 186.8774 215.3807 302.4932 1180.207 224.745 449.757 282.8439 121.4247 383.7698 203.4767 261.4294 1192.5009;
	3.9277 53.0716 95.3417 120.7249 15.2943 33.9933 28.3821 18.5707 27.4485 31.087 57.4639 85.7248 129.0583 69.9057 201.3258 75.8483 94.1081 99.7265 90.1027 72.9557 9.4607 79.3176 74.1878 87.9037 104.9911 74.6973 13.5034 1313.8303 767.5839 767.5839 582.2266 98.0048 300.3425 187.7882 219.1638 327.5025 1223.9243 247.0421 458.9492 281.2261 122.6432 377.0988 209.4593 268.8196 1236.6735;
	3.9208 52.9789 94.3833 120.1341 15.2817 33.8606 25.7 18.6286 26.229 30.6775 56.7069 84.5955 127.358 68.2306 199.1666 75.0349 93.0988 98.657 86.9991 70.948 8.5667 79.0081 73.3617 86.438 105.1392 74.0605 13.3677 1175.856 689.1326 689.1326 512.3173 81.6967 289.9969 182.6202 213.9122 294.0299 1100.3788 231.0314 446.9613 281.6229 122.2777 375.627 205.8353 253.6103 1111.8411;
	3.9207 52.9768 95.1897 121.1618 15.332 34.6322 28.2727 19.0174 27.0101 31.266 57.7948 86.2185 129.8015 69.9096 200.9525 75.7077 93.9336 99.5416 87.6051 70.3456 9.4242 80.8085 73.5804 89.2904 106.4685 74.8469 13.9358 1188.7102 774.7222 774.7222 583.7576 79.2823 292.0168 181.0697 219.1761 330.5481 1147.3006 267.5896 463.2061 285.1834 122.2949 384.1868 187.8194 266.9335 1159.2517;
	3.8717 52.3148 92.6949 115.1214 15.1056 33.2198 28.25 17.8438 26.2372 30.8402 57.0077 85.0442 128.0336 69.5862 201.1838 75.7948 94.0417 99.6562 92.0603 71.0647 9.4167 77.5129 72.3481 85.238 102.5541 72.0565 13.068 1163.6583 740.2388 740.2388 633.2292 81.4572 306.8676 182.9206 218.1622 315.8352 1114.0474 285.512 459.0881 274.6986 118.7745 368.5187 156.3161 256.7951 1125.652;
	3.7759 51.0205 92.7985 114.9518 14.9146 33.0971 25.3669 17.7317 26.1431 30.7704 56.8786 84.8517 127.7438 68.5961 201.9325 76.0769 94.3917 100.027 88.4797 71.3353 8.4556 77.2265 72.4034 86.797 103.5976 72.5596 12.9178 1105.666 735.1521 735.1521 621.4291 87.7718 294.9322 183.6173 215.0579 313.6649 1048.6867 290.5489 448.6564 277.4936 121.778 367.1569 167.0358 259.2146 1059.6106;
	3.8008 51.3569 92.0044 113.4586 15.1882 32.6016 24.8662 17.4513 26.2255 30.9065 57.1301 85.2269 128.3087 69.2634 197.3034 74.3329 92.2278 97.734 91.4861 70.0987 8.2887 76.0705 71.7299 86.0014 103.2043 71.3695 12.7724 1057.1762 734.7302 734.7302 617.4256 90.4785 304.9535 180.4342 217.1502 313.4849 1056.5759 275.5202 449.9891 276.44 118.5548 361.6607 187.8683 260.1301 1067.5819;
	3.8347 51.8155 93.1223 116.0372 15.1943 33.4763 27.5656 17.9431 26.1218 31.0357 57.369 85.5832 128.845 69.3841 196.9572 74.2025 92.066 97.5625 88.4856 71.2289 9.1885 78.1115 71.6348 89.396 104.9208 73.9308 13.1781 1067.585 783.0164 783.0164 689.2626 100.0423 294.952 183.3435 217.5285 334.087 986.7008 299.0907 446.4804 281.0379 121.9175 371.3643 168.8603 266.6898 996.979;
	3.7752 51.0116 94.777 115.49 15.1796 32.9487 26.9735 18.0163 26.3921 30.6015 56.5663 84.3859 127.0425 69.1588 194.4107 73.2431 90.8757 96.3011 90.3296 68.4517 8.9912 76.8804 62.7203 89.3854 105.639 72.8252 13.4336 1087.4105 730.0769 730.0769 697.9794 98.7683 301.0986 176.1948 216.8221 311.4995 981.896 309.6957 459.586 282.9616 121.9134 365.5112 158.9162 263.5068 992.1241;
	3.7368 50.4927 93.2793 112.766 15.1571 31.8447 24.1853 18.2235 26.6385 30.2623 55.9394 83.4506 125.6345 69.0884 190.2364 71.6705 88.9245 94.2334 87.1087 68.2704 8.0618 74.3043 59.0796 89.3615 104.0623 74.6173 13.4956 1051.4081 724.8575 724.8575 674.8432 99.4533 290.3625 175.7281 216.6015 309.2725 935.8925 312.9992 464.647 278.7383 118.0399 353.2639 176.6595 260.67 945.6414;
	3.8582 52.1321 93.9509 118.6056 15.3459 32.7518 26.3612 18.1069 28.181 30.1756 55.7791 83.2114 125.2744 69.918 180.4019 67.9654 84.3274 89.3619 87.2038 68.7651 8.7871 76.421 69.8779 89.47 104.4907 74.7742 13.2911 1137.6241 765.1925 765.1925 656.0439 101.5277 290.6793 177.0015 219.2023 326.4821 1058.0477 303.1055 468.4468 279.8859 118.0023 363.3271 194.5101 259.9196 1069.069;
	3.8451 51.9551 91.6711 117.1839 15.2903 32.1458 24.4217 17.9745 26.8354 29.5148 54.5576 81.3892 122.531 69.8432 185.3322 69.8228 86.632 91.8041 91.5145 70.3627 8.1406 75.0069 70.8134 89.4485 102.8279 73.7096 12.7789 1104.1954 758.7884 758.7884 678.6439 106.2169 305.0482 181.1137 218.968 323.7497 1150.6823 298.9949 443.3559 275.4318 117.703 356.6042 189.3854 242.6423 1162.6686;
	3.9045 52.7585 93.2525 116.3667 15.3012 31.5381 24.4409 14.8151 27.4926 29.2812 54.1259 80.7452 121.5614 69.5444 183.7614 69.231 85.8978 91.026 85.7502 69.1245 8.147 73.5889 68.8632 89.7271 103.8813 70.7651 10.8689 1217.8829 727.4152 727.4152 677.627 100.3083 285.834 177.9265 218.0311 310.3638 1176.2721 309.2821 457.5476 278.2534 114.7739 349.8627 191.8907 259.196 1188.5249;
