function loadprofile = ex_load_profilesh1
%EX_LOAD_PROFILE  Example load profile data file for stochastic unit commitment.
% 2022.03.12
% Andres F. Ramirez

%% define constants
[CT_LABEL, CT_PROB, CT_TABLE, CT_TBUS, CT_TGEN, CT_TBRCH, CT_TAREABUS, ...
    CT_TAREAGEN, CT_TAREABRCH, CT_ROW, CT_COL, CT_CHGTYPE, CT_REP, ...
    CT_REL, CT_ADD, CT_NEWVAL, CT_TLOAD, CT_TAREALOAD, CT_LOAD_ALL_PQ, ...
    CT_LOAD_FIX_PQ, CT_LOAD_DIS_PQ, CT_LOAD_ALL_P, CT_LOAD_FIX_P, ...
    CT_LOAD_DIS_P, CT_TGENCOST, CT_TAREAGENCOST, CT_MODCOST_F, ...
    CT_MODCOST_X] = idx_ct;

loadprofile = struct( ...
    'type', 'mpcData', ...
    'table', CT_TAREALOAD, ...
    'rows', [1:11], ...
    'col', CT_LOAD_ALL_P, ...
    'chgtype', 1, ...
    'values', [] );
loadprofile.values(:,1,:) = [
	1469.5599 873.8519 1474.3612 567.2518 756.2668 1070.5 851.0648 263.5873 553.186 4573.7448 1771.2699;
	1480.725 895.5615 1473.5536 574.5877 745.5303 1089.8738 855.3226 260.9 529.9318 4623.8851 1802.8871;
	1508.2 920.3 1544.6343 584.7824 756.3 1129.6 865.1393 266.1288 544.3173 4625.4431 1778.4044;
	1590.0767 985.2188 1675.3457 603.671 844.7 1206.4559 916.8 297.2638 574.1292 4919.2138 1921.8999;
	1713.8503 1126.2022 1887.1809 634.2443 948.8076 1326.328 1007.1783 339.9744 632.3 5434.5107 2112.5126;
	1834.1534 1201.6414 2033.4863 651.7432 1005.0431 1455.9007 1075.1939 359.4819 689.3071 6021.6438 2259.3317;
	1853.5046 1214.1127 2033.0038 648.1976 987.9319 1454.5175 1071.3782 345.8109 687.7 6300.5609 2303.0982;
	1883.3523 1232.1 2025.5828 663.2139 1007.1 1478.4924 1113.0603 356.7 681.4 6571.9898 2305.0486;
	1918.4294 1260.8513 2051.6917 624.1 1013.5755 1493.7309 1135.6234 360.4139 701.8995 6582.392 2252.8392;
	1896.9354 1227.5365 2017.3702 635.1707 999.3305 1457.8035 1092.8807 332.601 666.8 6554.8868 2171.1045;
	1869.2327 1189.9287 1946.1435 617.6441 951.6873 1428.6895 1043.0805 324.2 640.497 6472.7948 2079.7323;
	1884.1043 1237.8107 1930.9141 602.1077 951.6268 1453.5015 1031.9583 341.083 666.0947 6456.7087 2096.6058;
	1853.888 1206.9 1857.0315 588.4 930.2129 1377.3579 1024.2949 339.6638 651.6082 6324.9466 2089.2727;
	1826.3495 1203.5048 1823.1613 605.6954 902.3 1399.4798 1036.4234 340.8 653.7 6273.7423 2088.6018;
	1849.2768 1202.7669 1829.6175 603.1694 921.698 1455.0589 1062.4912 341.8 671.9736 6331.814 2177.2051;
	1884.9495 1209.8834 1840.738 599.3314 942.1167 1451.6524 1089.1656 344.5553 681.898 6237.3363 2256.0554;
	1837.0704 1169.3058 1889.5601 582.1208 966.6079 1530.4718 1100.8792 344.513 699.5555 6141.0336 2356.5395;
	1845.9688 1212.2551 1867.0346 598.0937 1013.6621 1567.9582 1160.0 362.7285 728.6166 6252.9426 2474.5189;
	1908.4314 1238.7376 1944.2293 589.4883 983.7246 1556.5287 1173.2 368.5779 729.2857 6198.0 2477.755;
	1909.8869 1176.9684 1837.1193 591.3 933.3563 1488.8557 1132.73 351.7 702.6499 6042.04 2390.3076;
	1789.4257 1084.2256 1734.7399 575.4243 864.4444 1370.3053 1043.6188 311.7 642.572 5645.3556 2158.9801;
	1693.2342 1009.2965 1617.6583 577.8 836.133 1238.7629 957.1299 297.6 574.8166 5158.4356 1947.3016;
	1618.2843 952.9618 1537.9287 587.2854 761.2369 1191.4226 877.4561 259.5461 541.0832 4754.8499 1834.6277;
	1576.4624 918.506 1559.0416 599.1709 760.2 1167.7395 853.4827 241.6932 529.6 4506.2642 1759.0964;
];
