function loadprofile = ex_load_profilesh1
%EX_LOAD_PROFILE  Example load profile data file for stochastic unit commitment.
% 2022.03.12
% Andres F. Ramirez

%% define constants
[CT_LABEL, CT_PROB, CT_TABLE, CT_TBUS, CT_TGEN, CT_TBRCH, CT_TAREABUS, ...
    CT_TAREAGEN, CT_TAREABRCH, CT_ROW, CT_COL, CT_CHGTYPE, CT_REP, ...
    CT_REL, CT_ADD, CT_NEWVAL, CT_TLOAD, CT_TAREALOAD, CT_LOAD_ALL_PQ, ...
    CT_LOAD_FIX_PQ, CT_LOAD_DIS_PQ, CT_LOAD_ALL_P, CT_LOAD_FIX_P, ...
    CT_LOAD_DIS_P, CT_TGENCOST, CT_TAREAGENCOST, CT_MODCOST_F, ...
    CT_MODCOST_X] = idx_ct;

loadprofile = struct( ...
    'type', 'mpcData', ...
    'table', CT_TAREALOAD, ...
    'rows', [1:11], ...
    'col', CT_LOAD_ALL_P, ...
    'chgtype', 1, ...
    'values', [] );
loadprofile.values(:,1,:) = [
	1528.4712 910.4 1498.3056 564.0201 721.9793 1045.4482 823.9911 179.8267 503.9237 4240.7383 1634.1317;
	1482.4 911.3514 1526.9761 567.8 722.6884 1044.3 808.1 188.0944 503.4074 4244.0237 1623.9663;
	1515.1 943.5 1594.7934 574.9178 753.8801 1082.5828 833.8 216.7145 505.1 4285.3769 1669.0197;
	1591.8255 1009.6319 1689.7534 579.9 827.4 1164.8069 889.79 228.4508 543.2 4628.6737 1776.4129;
	1736.5964 1144.2645 1903.7236 619.5032 959.1 1326.8064 989.8131 283.8177 615.8372 5223.0964 2034.7405;
	1836.1196 1212.0758 1981.7106 628.7356 1049.352 1403.1 1054.1353 298.7452 690.0 5750.9202 2183.5379;
	1903.5394 1225.2928 1996.582 625.8946 1061.9116 1434.5848 1085.8549 320.8569 704.737 6196.6277 2242.3324;
	1866.232 1221.9476 2020.1331 634.2883 1057.8664 1424.1498 1112.3 338.0792 713.3989 6464.0179 2232.9098;
	1871.6 1227.1133 2019.0098 614.8035 1077.4648 1388.4508 1119.2 311.8431 698.0194 6529.121 2218.0275;
	1870.6352 1229.5099 2022.8092 589.8724 1080.159 1386.5139 1137.0717 313.1504 706.6684 6575.5978 2217.7422;
	1873.3252 1146.7276 1937.407 572.3 1047.4897 1342.8906 1123.46 299.5222 697.8926 6560.2743 2215.5925;
	1888.0762 1176.3911 1963.7186 557.9076 1047.8218 1342.2 1124.2478 316.2264 691.8971 6662.1811 2208.3175;
	1858.5577 1163.6654 1947.969 562.8 1042.9295 1327.7057 1067.1109 305.9889 670.248 6411.0483 2105.6134;
	1867.6229 1171.6996 1926.301 563.1338 1027.9505 1381.3566 1063.014 312.4035 671.5625 6355.9563 2084.0783;
	1849.8477 1134.9871 1901.331 577.5101 1040.3738 1382.7634 1047.7482 312.7564 667.4509 6343.1173 2102.108;
	1884.1392 1200.9823 1976.2554 613.1608 1062.8984 1451.6026 1101.6887 327.2107 690.9889 6435.3504 2259.1858;
	1849.8598 1219.6898 2010.229 621.0044 1078.2 1513.5472 1120.0966 340.0873 701.9774 6418.9034 2370.6215;
	1869.3556 1248.3059 2077.9268 638.8033 1122.0059 1563.4099 1184.4 333.7212 731.0461 6507.9704 2472.1571;
	1919.5844 1257.475 2114.1307 629.9209 1111.3 1559.1232 1197.5123 348.5492 746.9329 6507.778 2523.9375;
	1884.8 1172.3092 1998.7661 621.5292 1044.5754 1479.8731 1136.5627 338.2247 705.2679 5995.5544 2348.7944;
	1796.4175 1098.9908 1882.3 596.114 973.9373 1389.7629 1061.0359 305.7484 660.7 5835.6466 2182.9337;
	1679.5882 1022.0 1755.4064 575.9527 922.332 1302.6631 993.8602 288.3028 591.6 5270.4371 1962.1321;
	1551.7271 953.4 1640.0785 592.1722 875.8674 1209.7598 910.9512 257.8917 548.5467 4827.8737 1808.9521;
	1545.1 944.338 1625.8567 581.6178 829.9 1144.8352 895.8751 254.9625 540.9252 4670.7676 1758.7007;
];
