function solarprofile = ex_solar_profilesh1
%EX_WIND_PROFILE_D  Example wind_load_nyiso profile data for deterministic unit commitment.
% 2022.03.12
% Andres F. Ramirez


%% define constants
[GEN_BUS, PG, QG, QMAX, QMIN, VG, MBASE, GEN_STATUS, PMAX, PMIN, ...
    MU_PMAX, MU_PMIN, MU_QMAX, MU_QMIN, PC1, PC2, QC1MIN, QC1MAX, ...
    QC2MIN, QC2MAX, RAMP_AGC, RAMP_10, RAMP_30, RAMP_Q, APF] = idx_gen;
[CT_LABEL, CT_PROB, CT_TABLE, CT_TBUS, CT_TGEN, CT_TBRCH, CT_TAREABUS, ...
    CT_TAREAGEN, CT_TAREABRCH, CT_ROW, CT_COL, CT_CHGTYPE, CT_REP, ...
    CT_REL, CT_ADD, CT_NEWVAL, CT_TLOAD, CT_TAREALOAD, CT_LOAD_ALL_PQ, ...
    CT_LOAD_FIX_PQ, CT_LOAD_DIS_PQ, CT_LOAD_ALL_P, CT_LOAD_FIX_P, ...
    CT_LOAD_DIS_P, CT_TGENCOST, CT_TAREAGENCOST, CT_MODCOST_F, ...
    CT_MODCOST_X] = idx_ct;

solarprofile = struct( ...
    'type', 'mpcData', ...
    'table', CT_TGEN, ...
    'rows', [1:12], ...
    'col', PMAX, ...
    'chgtype', 1, ...
    'values', [] );
solarprofile.values(:,1,:) = [
	0.0 0.0 0.0 0.0 0.0 0.0 0.0 0.0 0.0 0.0 0.0 0.0;
	0.0 0.0 0.0 0.0 0.0 0.0 0.0 0.0 0.0 0.0 0.0 0.0;
	0.0 0.0 0.0 0.0 0.0 0.0 0.0 0.0 0.0 0.0 0.0 0.0;
	0.0 0.0 0.0 0.0 0.0 0.0 0.0 0.0 0.0 0.0 0.0 0.0;
	0.0 0.0 0.0 0.0 0.0 0.0 0.0 0.0 0.0 0.0 0.0 0.0;
	0.0 0.0 0.002 0.0 0.0 0.037 0.0046 0.005 0.0 0.0 0.0 0.0;
	5.6123 3.4414 3.4799 1.5947 4.382 457.0892 57.1362 77.5741 158.4726 74.9434 42.4951 135.723;
	17.2388 14.0771 12.9617 5.7921 12.3853 456.5726 57.0716 77.2312 251.6025 312.9811 152.3231 566.8106;
	23.5267 16.7108 14.1608 10.0529 13.7007 465.3394 58.1674 78.1222 253.5862 340.0201 210.4444 615.7784;
	26.5447 16.849 14.1441 11.2835 12.9198 449.3326 56.1666 77.3567 244.3587 339.6342 217.6866 615.0796;
	26.334 16.6083 13.8462 11.2947 10.9879 436.7419 54.5927 75.8657 239.7508 327.4204 228.8005 592.9603;
	26.1761 16.6083 13.8 10.0401 9.0953 424.442 53.0552 75.407 252.8348 311.8866 226.5273 564.8286;
	26.4045 16.6282 13.8295 9.1059 9.0184 449.0152 56.1269 77.7199 280.1668 192.8992 173.5066 349.3416;
	24.3967 16.7501 13.8761 10.6932 9.9578 448.7683 56.096 78.6814 275.2478 168.3094 134.5461 304.8094;
	20.2886 15.813 12.352 7.9483 10.1101 446.4547 55.8068 78.0081 255.8373 127.4797 108.6804 230.8665;
	6.0106 4.6563 3.6677 3.3218 6.0202 331.3886 41.4236 64.549 125.5794 73.7277 56.8531 133.5214;
	0.6973 0.5839 0.3751 1.2449 2.454 51.0582 6.3823 9.0261 25.9529 21.4537 18.8991 38.8528;
	0.0 0.0 0.0 0.0 0.0 0.0 0.0 0.0 0.0 0.0 0.0 0.0;
	0.0 0.0 0.0 0.0 0.0 0.0 0.0 0.0 0.0 0.0 0.0 0.0;
	0.0 0.0 0.0 0.0 0.0 0.0 0.0 0.0 0.0 0.0 0.0 0.0;
	0.0 0.0 0.0 0.0 0.0 0.0 0.0 0.0 0.0 0.0 0.0 0.0;
	0.0 0.0 0.0 0.0 0.0 0.0 0.0 0.0 0.0 0.0 0.0 0.0;
	0.0 0.0 0.0 0.0 0.0 0.0 0.0 0.0 0.0 0.0 0.0 0.0;
	0.0 0.0 0.0 0.0 0.0 0.0 0.0 0.0 0.0 0.0 0.0 0.0;
];
