function solarprofile = ex_solar_profilesh1
%EX_WIND_PROFILE_D  Example wind_load_nyiso profile data for deterministic unit commitment.
% 2022.03.12
% Andres F. Ramirez


%% define constants
[GEN_BUS, PG, QG, QMAX, QMIN, VG, MBASE, GEN_STATUS, PMAX, PMIN, ...
    MU_PMAX, MU_PMIN, MU_QMAX, MU_QMIN, PC1, PC2, QC1MIN, QC1MAX, ...
    QC2MIN, QC2MAX, RAMP_AGC, RAMP_10, RAMP_30, RAMP_Q, APF] = idx_gen;
[CT_LABEL, CT_PROB, CT_TABLE, CT_TBUS, CT_TGEN, CT_TBRCH, CT_TAREABUS, ...
    CT_TAREAGEN, CT_TAREABRCH, CT_ROW, CT_COL, CT_CHGTYPE, CT_REP, ...
    CT_REL, CT_ADD, CT_NEWVAL, CT_TLOAD, CT_TAREALOAD, CT_LOAD_ALL_PQ, ...
    CT_LOAD_FIX_PQ, CT_LOAD_DIS_PQ, CT_LOAD_ALL_P, CT_LOAD_FIX_P, ...
    CT_LOAD_DIS_P, CT_TGENCOST, CT_TAREAGENCOST, CT_MODCOST_F, ...
    CT_MODCOST_X] = idx_ct;

solarprofile = struct( ...
    'type', 'mpcData', ...
    'table', CT_TGEN, ...
    'rows', [1:12], ...
    'col', PMAX, ...
    'chgtype', 1, ...
    'values', [] );
solarprofile.values(:,1,:) = [
	0.0 0.0 0.0 0.0 0.0 0.0 0.0 0.0 0.0 0.0 0.0 0.0;
	0.0 0.0 0.0 0.0 0.0 0.0 0.0 0.0 0.0 0.0 0.0 0.0;
	0.0 0.0 0.0 0.0 0.0 0.0 0.0 0.0 0.0 0.0 0.0 0.0;
	0.0 0.0 0.0 0.0 0.0 0.0 0.0 0.0 0.0 0.0 0.0 0.0;
	0.0 0.0 0.0 0.0 0.0 0.0 0.0 0.0 0.0 0.0 0.0 0.0;
	0.0 0.0 0.002 0.0 0.0 0.0 0.0 0.0301 0.0 0.0 0.0 0.0;
	5.6144 6.3041 2.0076 1.7909 2.8961 132.3167 16.5396 41.9325 28.4088 69.3431 38.9287 125.5808;
	14.8154 12.9705 7.6174 5.8527 5.9555 316.3575 39.5447 63.1821 95.008 202.0642 123.0148 365.9396;
	19.6309 16.3503 12.8291 9.5185 8.774 370.4865 46.3108 67.1851 172.4859 318.6574 215.6091 577.0905;
	15.3065 10.064 6.1689 11.2835 6.698 351.3995 43.9249 65.6037 244.1761 288.9905 243.9817 523.3636;
	14.5827 8.866 2.7632 11.4504 8.1532 360.6303 45.0788 65.1104 214.2834 296.2825 222.3325 536.5694;
	19.1068 12.49 6.2151 11.4717 8.5716 367.8134 45.9767 62.9691 183.4886 295.9423 220.953 535.9532;
	22.5059 16.5402 12.8863 11.3268 9.6969 403.0238 50.378 63.8741 137.2362 204.1945 177.3428 369.7974;
	17.5897 16.6023 13.3301 11.2467 9.9119 411.099 51.3874 66.7177 148.7939 194.0801 159.8979 351.4803;
	7.6713 11.8891 6.5589 8.8603 9.1659 395.5694 49.4462 67.9577 150.285 140.8948 134.4736 255.1613;
	1.5742 2.5684 0.6619 7.5137 5.1953 244.3368 30.5421 46.8301 81.2595 50.8777 59.4236 92.1398;
	0.7539 0.6119 0.3718 1.7681 2.4971 51.3761 6.422 9.1675 19.901 18.2034 18.721 32.9665;
	0.0 0.0 0.0 0.0 0.0 0.0 0.0 0.0 0.0 0.0 0.0 0.0;
	0.0 0.0 0.0 0.0 0.0 0.0 0.0 0.0 0.0 0.0 0.0 0.0;
	0.0 0.0 0.0 0.0 0.0 0.0 0.0 0.0 0.0 0.0 0.0 0.0;
	0.0 0.0 0.0 0.0 0.0 0.0 0.0 0.0 0.0 0.0 0.0 0.0;
	0.0 0.0 0.0 0.0 0.0 0.0 0.0 0.0 0.0 0.0 0.0 0.0;
	0.0 0.0 0.0 0.0 0.0 0.0 0.0 0.0 0.0 0.0 0.0 0.0;
	0.0 0.0 0.0 0.0 0.0 0.0 0.0 0.0 0.0 0.0 0.0 0.0;
];
