function windprofile = ex_wind_profilesh1
%EX_WIND_PROFILE_D  Example wind_load_nyiso profile data for deterministic unit commitment.
% 2022.03.12
% Andres F. Ramirez


%% define constants
[GEN_BUS, PG, QG, QMAX, QMIN, VG, MBASE, GEN_STATUS, PMAX, PMIN, ...
    MU_PMAX, MU_PMIN, MU_QMAX, MU_QMIN, PC1, PC2, QC1MIN, QC1MAX, ...
    QC2MIN, QC2MAX, RAMP_AGC, RAMP_10, RAMP_30, RAMP_Q, APF] = idx_gen;
[CT_LABEL, CT_PROB, CT_TABLE, CT_TBUS, CT_TGEN, CT_TBRCH, CT_TAREABUS, ...
    CT_TAREAGEN, CT_TAREABRCH, CT_ROW, CT_COL, CT_CHGTYPE, CT_REP, ...
    CT_REL, CT_ADD, CT_NEWVAL, CT_TLOAD, CT_TAREALOAD, CT_LOAD_ALL_PQ, ...
    CT_LOAD_FIX_PQ, CT_LOAD_DIS_PQ, CT_LOAD_ALL_P, CT_LOAD_FIX_P, ...
    CT_LOAD_DIS_P, CT_TGENCOST, CT_TAREAGENCOST, CT_MODCOST_F, ...
    CT_MODCOST_X] = idx_ct;

windprofile = struct( ...
    'type', 'mpcData', ...
    'table', CT_TGEN, ...
    'rows', [1:45], ...
    'col', PMAX, ...
    'chgtype', 1, ...
    'values', [] );
windprofile.values(:,1,:) = [
	3.8343 51.8097 92.338 108.7722 13.9633 32.3247 27.4495 17.922 25.7702 30.0972 55.6341 82.9952 124.9488 68.3827 187.2637 70.5505 87.5349 92.7609 34.1373 71.5438 9.1498 75.4243 71.9205 87.3193 102.7824 74.2426 13.3684 1167.9809 650.2377 650.2377 553.7966 105.7102 113.7911 184.1539 214.389 277.4347 1115.6488 215.6921 460.728 275.3101 120.3132 358.5888 143.7266 260.3967 1127.2701;
	3.7852 51.1468 93.161 117.5718 14.0202 32.3517 26.78 18.3458 25.0481 29.7776 55.0435 82.1141 123.6223 67.996 189.8118 71.5105 88.726 94.0231 33.8496 72.9543 8.9267 75.4873 69.1766 87.748 102.3699 73.5688 13.0806 1136.8361 640.2662 640.2662 535.1075 106.0037 112.832 187.7847 213.1766 273.1802 1100.2132 206.9883 434.1223 274.205 122.5382 358.8884 136.9595 266.4545 1111.6737;
	3.7956 51.2868 93.8391 62.8779 14.1443 32.8717 28.3073 18.0791 25.9364 28.9256 53.4685 79.7644 120.0849 66.6064 195.7446 73.7456 91.4992 96.9619 35.9779 71.5962 9.4358 76.7007 68.8795 87.3295 103.0851 74.1157 13.3783 1103.7289 687.8811 687.8811 550.9977 111.2755 119.9264 184.2888 208.82 293.4959 1151.8902 217.4296 440.0142 276.1209 122.3227 364.6569 130.7001 264.8654 1163.8891;
	3.766 50.8868 90.6726 79.3865 14.0273 32.5605 26.8062 17.6288 26.5888 28.4059 52.5078 78.3313 117.9273 65.1562 198.6773 74.8505 92.8701 98.4146 46.3392 72.9516 8.9354 75.9745 64.4723 85.3846 98.1997 73.0266 12.9816 1173.9208 686.2185 686.2185 545.1455 100.4444 154.4641 187.7776 204.2734 292.7866 1080.7205 233.8131 440.7588 263.0348 120.0758 361.2044 164.0544 259.641 1091.978;
	3.3418 45.1548 89.1492 117.7036 13.9424 32.1433 22.9775 17.7907 26.006 29.3016 54.1635 80.8013 121.6459 63.9413 195.4809 73.6463 91.376 96.8313 82.0351 71.8337 7.6592 75.0011 54.063 85.4203 96.2736 72.9121 12.6265 1173.0118 647.9628 647.9628 551.5641 104.1425 273.4503 184.9002 200.4647 276.4641 1164.3442 244.6076 433.12 257.8758 116.593 356.5765 180.2564 236.5842 1176.4728;
	3.608 48.7516 88.0269 112.5995 14.0327 32.5216 28.311 14.6863 25.685 28.8183 53.2701 79.4686 119.6395 67.0744 194.4923 73.2738 90.9138 96.3415 91.6568 71.8299 9.437 75.8837 67.0632 84.3793 86.7625 70.4098 12.1824 1200.8054 699.1664 699.1664 514.8216 103.7919 305.5228 184.8904 210.2874 298.311 1090.0795 227.1468 433.9194 232.3996 113.3296 360.7726 181.3715 222.1817 1101.4345;
	3.6446 49.2459 92.3125 117.8971 14.1016 32.7926 28.5195 17.5896 25.7738 29.362 54.2752 80.968 121.8969 65.5161 192.1398 72.3876 89.8142 95.1762 90.7157 71.2668 9.5065 76.5162 71.1534 85.5016 100.4248 74.9496 12.9923 1174.4479 716.0114 716.0114 551.7413 103.379 302.3858 183.4408 205.4018 305.4982 1082.7166 241.6972 440.8352 268.995 117.6022 363.7797 197.7641 261.3602 1093.9949;
	3.6325 49.0828 90.5829 114.4597 14.3848 33.461 29.1624 17.5474 26.9928 29.4054 54.3555 81.0877 122.077 65.2696 198.219 74.6778 92.6558 98.1875 90.4889 71.9863 9.7208 78.0758 72.3542 85.5043 103.3813 73.1663 12.8809 1156.2186 684.7558 684.7558 521.4534 89.3257 301.6297 185.2929 204.6289 292.1625 1039.0765 232.6029 460.9669 276.9142 118.8339 371.1945 195.6682 246.4977 1049.9002;
	3.7742 50.9977 94.4357 118.9019 14.5019 34.4549 29.0413 17.4457 26.4028 29.7822 55.052 82.1267 123.6413 67.1771 197.174 74.2842 92.1674 97.6699 87.7625 71.0718 9.6804 80.3948 70.9301 86.9529 104.8518 72.557 13.0874 1166.9212 745.0102 745.0102 553.9168 81.1419 292.5417 182.9389 210.6093 317.871 1122.541 257.66 443.3362 280.8532 121.0277 382.2198 181.6493 267.2075 1134.2342;
	3.7315 50.4202 93.5826 118.781 14.8317 34.7856 28.6791 17.5693 26.6614 30.5848 56.5356 84.34 126.9734 66.2924 194.5243 73.2859 90.9288 96.3574 88.9564 70.1682 9.5597 81.1663 72.3435 86.247 102.3267 73.6584 12.7664 1056.2446 680.4021 680.4021 600.2724 85.5441 296.5214 180.613 207.8357 290.3049 1085.0794 264.4169 439.6466 274.0893 117.8295 385.8878 167.0639 267.6592 1096.3823;
	3.8191 51.6043 94.9765 120.0371 15.2464 34.7 28.2143 18.0426 27.0733 31.2073 57.6862 86.0565 129.5576 67.5031 197.7973 74.519 92.4588 97.9787 90.3862 70.698 9.4048 80.9667 73.6021 87.7872 105.1051 74.9723 12.9813 1150.0299 744.811 744.811 651.1639 88.5473 301.2872 181.9769 211.6314 317.786 1108.2062 278.3567 465.0488 281.5314 119.5152 384.9388 172.497 274.6331 1119.75;
	3.8678 52.2626 94.8391 119.5535 15.3607 34.7744 27.3411 17.9547 27.4534 31.2441 57.7542 86.1579 129.7103 67.4719 199.7451 75.2528 93.3692 98.9435 91.2389 71.3481 9.1137 81.1403 74.9776 87.1369 104.7925 75.3408 12.8864 1095.791 741.3062 741.3062 666.4567 100.5817 304.1296 183.6503 211.5336 316.2907 1125.3384 282.9735 464.8104 280.6941 116.2647 385.7641 190.3803 272.6101 1137.0607;
	3.8871 52.5231 94.6431 120.948 15.3825 34.9859 30.9403 18.5963 28.4683 31.3335 57.9196 86.4046 130.0816 67.836 199.6948 75.2339 93.3457 98.9186 91.1174 72.796 10.3134 81.6337 75.1309 89.2138 106.0669 76.1045 13.4549 1148.8691 774.7473 774.7473 703.0992 104.7599 303.7248 187.3772 212.6749 330.5589 1097.1828 294.5744 478.6783 284.1078 118.1692 388.1098 169.2277 272.7051 1108.6118;
	3.8678 52.2626 95.228 120.8262 15.3002 34.9325 30.4088 19.043 28.4287 31.2719 57.8056 86.2346 129.8257 68.0372 197.0706 74.2452 92.119 97.6187 90.2426 70.5112 10.1363 81.5091 75.5963 90.0679 106.5087 76.5888 13.88 1139.9985 719.4179 719.4179 694.6332 97.3179 300.8088 181.4959 213.3059 306.9516 1076.871 288.7802 477.0639 285.2911 119.9354 387.5176 162.8003 281.7405 1088.0884;
	3.904 52.7512 94.5436 120.0872 15.3153 34.7124 26.8314 19.0434 27.5428 31.0476 57.391 85.616 128.8944 68.5681 194.6678 73.34 90.9959 96.4285 88.3939 69.6923 8.9438 80.9955 74.8876 89.9834 105.5074 76.3232 13.9143 1145.7627 709.7419 709.7419 708.7004 101.4933 294.6464 179.3881 214.9701 302.8232 1039.5814 307.5464 473.1025 282.6091 118.7864 385.0759 187.6456 265.9691 1050.4104;
	3.9292 53.0922 95.3109 121.0031 15.2434 35.1485 28.4551 19.1547 27.5714 30.9446 57.2007 85.3322 128.4671 67.9587 196.0038 73.8433 91.6204 97.0903 89.5343 69.2768 9.485 82.0132 75.4629 90.1817 106.6925 76.3834 14.1288 1179.3766 736.3364 736.3364 681.1929 104.3128 298.4477 178.3188 213.0596 314.1702 1119.1281 308.718 476.6679 285.7836 122.4604 389.9143 203.0227 271.7664 1130.7857;
	3.8204 51.622 93.8828 120.7622 14.6239 35.1622 27.6779 18.6245 26.8694 30.9722 57.2517 85.4083 128.5817 64.45 192.7657 72.6234 90.1068 95.4863 90.2855 70.6856 9.226 82.0452 75.5179 89.7782 105.8186 73.1413 13.0821 1137.447 719.3322 719.3322 689.662 101.7425 300.9518 181.945 202.0594 306.9151 1161.6067 299.5136 471.0589 283.4426 122.5105 390.0663 203.9045 246.2522 1173.7067;
	3.7814 51.0957 90.6864 119.2306 14.5476 34.0019 28.1905 15.8456 26.9991 29.8198 55.1214 82.2303 123.7973 64.6693 185.6583 69.9457 86.7845 91.9656 88.0495 68.2517 9.3968 79.3379 72.0112 87.3028 103.2234 64.5915 12.3641 1159.442 683.9099 683.9099 667.5224 91.2156 293.4982 175.68 202.747 291.8016 1102.7615 289.678 473.8296 276.4912 122.1299 377.1949 198.4954 250.8671 1114.2486;
