function windprofile = ex_wind_profilesh1
%EX_WIND_PROFILE_D  Example wind_load_nyiso profile data for deterministic unit commitment.
% 2022.03.12
% Andres F. Ramirez


%% define constants
[GEN_BUS, PG, QG, QMAX, QMIN, VG, MBASE, GEN_STATUS, PMAX, PMIN, ...
    MU_PMAX, MU_PMIN, MU_QMAX, MU_QMIN, PC1, PC2, QC1MIN, QC1MAX, ...
    QC2MIN, QC2MAX, RAMP_AGC, RAMP_10, RAMP_30, RAMP_Q, APF] = idx_gen;
[CT_LABEL, CT_PROB, CT_TABLE, CT_TBUS, CT_TGEN, CT_TBRCH, CT_TAREABUS, ...
    CT_TAREAGEN, CT_TAREABRCH, CT_ROW, CT_COL, CT_CHGTYPE, CT_REP, ...
    CT_REL, CT_ADD, CT_NEWVAL, CT_TLOAD, CT_TAREALOAD, CT_LOAD_ALL_PQ, ...
    CT_LOAD_FIX_PQ, CT_LOAD_DIS_PQ, CT_LOAD_ALL_P, CT_LOAD_FIX_P, ...
    CT_LOAD_DIS_P, CT_TGENCOST, CT_TAREAGENCOST, CT_MODCOST_F, ...
    CT_MODCOST_X] = idx_ct;

windprofile = struct( ...
    'type', 'mpcData', ...
    'table', CT_TGEN, ...
    'rows', [1:45], ...
    'col', PMAX, ...
    'chgtype', 1, ...
    'values', [] );
windprofile.values(:,1,:) = [
	3.8385 51.867 94.8464 116.3361 14.8077 34.6272 29.7248 18.1876 27.9223 30.032 55.5137 82.8155 124.6783 64.3438 190.6417 71.8232 89.1139 94.4342 28.807 70.22 9.9083 80.7968 71.7843 89.1111 105.719 73.2069 13.5201 1121.5038 680.5414 680.5414 560.6041 101.0402 96.0233 180.7464 201.7265 290.3643 1128.8999 215.4884 468.3763 283.1759 123.2592 384.1312 157.436 281.475 1140.6592;
	3.734 50.4552 94.3164 119.1948 14.9342 33.5787 28.8517 18.4577 27.5176 29.4793 54.4921 81.2915 122.3839 64.1463 185.8926 70.034 86.894 92.0817 15.9773 70.9759 9.6172 78.3502 71.2594 89.4052 105.7921 71.7115 13.3468 1101.4778 655.7015 655.7015 545.9625 96.8553 53.2576 182.6921 201.1072 279.766 1097.6635 220.3367 451.343 283.3716 123.1727 372.4993 146.0416 286.6735 1109.0975;
	3.6093 48.7698 91.8558 65.571 14.2333 33.59 28.699 18.308 27.4004 29.0597 53.7164 80.1343 120.6418 63.8859 192.111 72.3767 89.8007 95.162 16.6065 70.037 9.5663 78.3767 68.9327 88.8199 105.2622 72.2262 13.5595 1155.6461 679.7201 679.7201 527.7338 103.0382 55.3552 180.2753 200.2909 290.0139 1180.0053 218.6103 452.4589 281.9524 122.7848 372.6252 139.9781 274.9178 1192.2971;
	3.1887 43.0861 87.3711 78.5716 14.0087 32.3672 26.8126 17.6862 26.4848 29.8678 55.2102 82.3627 123.9966 63.9599 195.7938 73.7642 91.5222 96.9863 31.4475 70.6163 8.9375 75.5234 65.7215 86.0071 100.8222 71.2691 13.2659 1170.1103 700.6262 700.6262 500.193 95.7316 104.825 181.7667 200.523 298.9338 1112.1766 229.5104 446.8438 270.0596 117.4544 359.06 163.7127 269.3407 1123.7618;
	2.3773 32.1232 88.1852 113.7342 14.0784 32.6789 23.4624 17.9339 27.2201 30.8055 56.9436 84.9486 127.8896 63.2461 191.1798 72.0259 89.3654 94.7007 73.6298 69.2372 7.8208 76.2507 61.4835 85.5524 100.6524 71.7259 13.1691 1191.1283 686.9379 686.9379 507.5492 94.5402 245.4327 178.2167 198.2851 293.0935 1203.2283 235.4383 445.7632 269.6046 118.1152 362.5178 173.8326 262.5098 1215.7619;
	3.5789 48.3594 87.7668 116.7884 14.5907 33.2809 28.0573 17.6476 27.1691 30.2707 55.9549 83.4738 125.6693 64.4059 195.1576 73.5245 91.2248 96.6711 90.414 70.9551 9.3524 77.6555 68.6917 86.0849 102.6067 70.1224 13.2587 1252.5316 720.5352 720.5352 484.2997 91.632 301.38 182.6385 201.9211 307.4284 1128.0354 211.1474 446.6174 274.8393 112.7164 369.1964 193.3677 265.0922 1139.7857;
	3.6774 49.6902 91.1005 119.4007 14.8839 33.6531 30.2046 17.692 27.9749 30.3474 56.0966 83.6851 125.9875 64.8677 195.5059 73.6557 91.3876 96.8436 90.8445 71.1866 10.0682 78.5238 72.7192 85.6902 102.202 72.7949 13.2153 1294.147 736.9591 736.9591 530.0834 92.298 302.8149 183.2345 203.369 314.4359 1153.6722 232.6576 464.6174 273.7554 114.8444 373.3247 204.2571 267.9253 1165.6896;
	3.7888 51.1945 88.5372 117.9543 15.1723 33.7248 30.2888 17.6292 28.0375 29.5028 54.5355 81.3562 122.4813 65.1997 193.203 72.7881 90.3112 95.7029 89.6852 69.47 10.0963 78.6911 73.407 86.0906 103.6663 71.2461 13.0171 1196.5062 725.3033 725.3033 509.7096 79.5991 298.9506 178.8161 204.4098 309.4627 1138.068 222.75 476.5625 277.6777 111.6214 374.1199 206.0646 255.8149 1149.9229;
	3.713 50.1707 92.6976 118.0676 15.2297 33.3157 29.777 17.6434 27.3458 29.5323 54.59 81.4376 122.6039 66.118 194.6227 73.323 90.9748 96.4061 89.045 68.4105 9.9257 77.7366 71.358 86.8816 102.1503 70.5394 13.1408 1203.4493 794.3031 794.3031 593.662 78.8313 296.8168 176.0888 207.289 338.9027 1150.6257 260.3656 464.558 273.6169 112.9133 369.5821 182.9305 263.8845 1162.6114;
	3.6653 49.5257 87.6504 114.2835 14.7061 32.7587 29.6233 17.3686 27.4426 29.9889 55.4341 82.6968 124.4995 66.9232 197.8984 74.5571 92.506 98.0288 90.5445 70.3679 9.8744 76.4369 72.2075 85.3596 99.1285 68.0764 12.809 1173.8337 761.2813 761.2813 625.6981 85.8171 301.815 181.127 209.8131 324.8133 1143.4029 268.878 458.999 265.5227 113.2427 363.4029 165.2984 241.1451 1155.3134;
	3.639 49.171 86.311 111.4988 14.1255 32.2751 27.8841 17.3507 26.3847 30.1679 55.7649 83.1903 125.2426 65.236 202.0372 76.1163 94.4406 100.0789 90.1225 71.466 9.2947 75.3086 72.228 84.7283 96.1201 69.5167 12.829 1201.6682 752.9663 752.9663 608.9867 93.3053 300.4082 183.9536 204.5238 321.2656 1090.3169 288.6578 450.875 257.4645 114.1114 358.0386 165.708 221.7819 1101.6744;
	3.5662 48.1871 81.4666 110.4492 14.5144 32.1822 24.6675 17.5143 26.2553 30.3879 56.1715 83.7968 126.1556 62.9484 202.1156 76.1459 94.4773 100.1177 89.7402 71.9313 8.2225 75.0917 73.1006 83.6112 97.0971 72.2361 12.761 1128.2008 718.1628 718.1628 590.9996 98.33 299.1341 185.1513 197.3517 306.4161 1076.8782 278.4912 437.6927 260.0815 105.7204 357.0075 179.0599 252.0771 1088.0957;
	3.6309 49.0614 86.5778 114.7319 14.5285 32.6985 29.072 17.5242 27.3797 30.4987 56.3764 84.1024 126.6157 65.6561 195.376 73.6068 91.3269 96.7793 87.1599 71.418 9.6907 76.2964 73.2715 87.215 97.0473 72.7782 12.9408 1171.5424 734.5785 734.5785 626.3218 103.5087 290.5329 183.8302 205.8408 313.4202 1037.8061 298.873 460.2379 259.948 111.1365 362.7351 163.9781 249.2305 1048.6166;
	3.569 48.2248 86.3596 110.1216 14.3264 31.4595 28.2375 17.4456 26.6209 29.4716 54.4778 81.2702 122.3519 62.3205 197.5365 74.4207 92.3368 97.8495 89.3145 71.674 9.4125 73.4055 73.6014 86.4551 97.6073 70.4664 12.9475 1057.8042 698.7193 698.7193 661.3028 98.9589 297.7151 184.4891 195.3831 298.1202 1003.2749 316.9712 454.0191 261.4482 111.2946 348.9906 147.5457 252.2266 1013.7257;
	3.568 48.2114 87.3995 110.0822 14.0903 31.5205 24.7384 17.6216 26.0398 29.2166 54.0064 80.567 121.2931 65.5889 194.1622 73.1495 90.7596 96.178 86.4993 71.2703 8.2461 73.5479 72.0435 87.0713 97.7753 72.0103 13.1749 999.8502 698.1586 698.1586 683.688 104.7091 288.3311 183.4499 205.6301 297.881 928.2321 333.1475 449.4148 261.8982 114.4691 349.6676 170.8039 240.8973 937.9012;
	3.643 49.2249 87.769 94.8833 14.5279 31.3553 26.402 16.9324 26.5967 27.7048 51.2119 76.3981 115.0169 65.0759 196.403 73.9937 91.807 97.288 84.3841 70.1613 8.8007 73.1624 72.6894 83.8883 96.1959 73.3127 13.134 1095.2446 760.9926 760.9926 668.9998 110.1986 281.2802 180.5953 204.0216 324.6902 1004.5119 308.1897 440.8464 257.6677 114.084 347.8351 176.2613 249.9538 1014.9756;
	3.5979 48.6158 89.1097 113.4573 14.7143 32.5947 24.3832 17.0611 25.9732 29.1679 53.9165 80.4328 121.0911 65.5931 192.8048 72.6381 90.125 95.5056 87.9534 70.0526 8.1277 76.0543 72.1085 86.2458 97.6508 72.8119 12.9207 1076.0045 722.6252 722.6252 669.4036 106.8892 293.1779 180.3155 205.6431 308.3201 1066.8678 295.9165 440.3053 261.5646 118.4836 361.5839 181.4269 238.5951 1077.981;
	3.7655 50.8795 91.6269 114.0271 14.6657 31.4704 22.8528 13.8111 25.2528 28.0753 51.8968 77.4198 116.5551 66.2299 187.0435 70.4676 87.432 92.6518 84.2859 67.1943 7.6176 73.431 69.8685 84.9061 99.0098 67.0017 11.4182 1156.2409 690.3187 690.3187 668.0378 101.0797 280.953 172.9582 207.6396 294.536 1070.0285 310.379 450.222 265.2047 117.3244 349.112 184.7817 255.1594 1081.1746;
