function windprofile = ex_wind_profilesh1
%EX_WIND_PROFILE_D  Example wind_load_nyiso profile data for deterministic unit commitment.
% 2022.03.12
% Andres F. Ramirez


%% define constants
[GEN_BUS, PG, QG, QMAX, QMIN, VG, MBASE, GEN_STATUS, PMAX, PMIN, ...
    MU_PMAX, MU_PMIN, MU_QMAX, MU_QMIN, PC1, PC2, QC1MIN, QC1MAX, ...
    QC2MIN, QC2MAX, RAMP_AGC, RAMP_10, RAMP_30, RAMP_Q, APF] = idx_gen;
[CT_LABEL, CT_PROB, CT_TABLE, CT_TBUS, CT_TGEN, CT_TBRCH, CT_TAREABUS, ...
    CT_TAREAGEN, CT_TAREABRCH, CT_ROW, CT_COL, CT_CHGTYPE, CT_REP, ...
    CT_REL, CT_ADD, CT_NEWVAL, CT_TLOAD, CT_TAREALOAD, CT_LOAD_ALL_PQ, ...
    CT_LOAD_FIX_PQ, CT_LOAD_DIS_PQ, CT_LOAD_ALL_P, CT_LOAD_FIX_P, ...
    CT_LOAD_DIS_P, CT_TGENCOST, CT_TAREAGENCOST, CT_MODCOST_F, ...
    CT_MODCOST_X] = idx_ct;

windprofile = struct( ...
    'type', 'mpcData', ...
    'table', CT_TGEN, ...
    'rows', [1:45], ...
    'col', PMAX, ...
    'chgtype', 1, ...
    'values', [] );
windprofile.values(:,1,:) = [
	3.6769 49.6827 88.3546 103.7595 14.2187 32.4729 27.5924 18.3588 27.526 30.4348 56.2583 83.9264 126.3507 67.2808 196.863 74.167 92.022 97.5159 39.0008 71.6282 9.1975 75.7701 73.9264 87.0049 102.735 74.9769 13.7577 1134.31 667.6711 667.6711 598.4044 105.7619 130.0028 184.3712 210.9343 284.873 1142.1655 205.7528 455.2615 275.1829 120.4849 360.2329 132.429 261.7159 1154.063;
	3.7412 50.5525 92.5529 112.9966 14.5118 31.8415 29.1372 18.4813 27.71 30.2194 55.8601 83.3323 125.4563 68.7158 193.0279 72.7221 90.2293 95.6162 33.4415 71.6954 9.7124 74.2969 72.141 87.5098 104.1288 72.5102 13.37 1089.294 675.8625 675.8625 575.9724 99.1758 111.4716 184.5443 215.4332 288.368 1136.7322 209.6004 455.598 278.9164 122.5218 353.2289 132.9062 268.8929 1148.5732;
	3.8407 51.8963 93.484 64.9081 14.9995 33.2703 29.8387 18.8991 28.2625 31.196 57.6653 86.0253 129.5107 69.7377 196.32 73.9624 91.7682 97.2469 37.7591 71.2834 9.9462 77.6307 74.0394 87.9318 105.0774 74.1809 13.857 1166.308 701.9677 701.9677 575.703 107.9005 125.8637 183.4837 218.6372 299.5062 1221.86 229.2429 474.858 281.4574 123.0375 369.0784 138.679 274.5099 1234.5877;
	3.7369 50.4931 91.569 82.2339 14.4632 32.6803 28.5311 19.0101 27.8479 31.0446 57.3855 85.6079 128.8822 69.4721 197.75 74.5011 92.4366 97.9552 47.185 70.5669 9.5104 76.2541 69.7593 86.9879 104.3068 74.4163 13.9387 1139.042 691.0262 691.0262 534.8218 100.8963 157.2834 181.6393 217.8045 294.8379 1108.9307 247.3625 476.2518 279.3933 121.4008 362.5336 166.5223 268.1493 1120.482;
	3.5709 48.2505 92.474 119.1439 14.3354 32.1922 24.4321 18.8398 26.7962 31.2033 57.6788 86.0454 129.5408 69.3266 190.0711 71.6082 88.8472 94.1515 81.158 69.7504 8.144 75.1152 64.2274 86.4037 104.8198 74.0819 13.7168 1180.6647 662.1196 662.1196 531.442 99.3538 270.5267 179.5377 217.3481 282.5044 1211.8784 240.645 476.0628 280.7674 120.5813 357.119 186.3101 266.8449 1224.5021;
	3.8383 51.8634 92.8975 117.4458 14.8003 32.6295 26.2274 19.015 27.0019 31.3155 57.8863 86.355 130.0069 69.7806 193.5885 72.9333 90.4914 95.8938 89.9887 72.3436 8.7425 76.1356 74.3578 87.8655 106.2672 73.4543 14.0947 1167.2533 697.8929 697.8929 499.5412 100.3233 299.9624 186.2127 218.7716 297.7676 1106.1142 216.6832 462.3163 284.6444 117.8911 361.9703 199.605 271.9839 1117.6362;
	3.7416 50.5574 94.029 117.6671 14.7424 32.2859 29.4445 19.1238 28.185 31.1401 57.562 85.8711 129.2785 69.5738 194.092 73.123 90.7267 96.1433 90.272 72.6977 9.8148 75.3338 75.4033 87.9901 105.3511 75.9182 14.0848 1236.492 726.1121 726.1121 539.415 95.7605 300.9067 187.1241 218.1231 309.8078 1149.3275 230.7221 477.4893 282.1904 120.759 358.1585 201.9363 276.4448 1161.2996;
	3.8103 51.4853 92.8582 117.3165 14.6948 32.3722 28.0038 19.0383 28.2617 30.339 56.0811 83.662 125.9527 69.5111 194.2227 73.1723 90.7878 96.208 88.9986 72.8038 9.3346 75.5351 74.5223 87.2835 105.3073 74.5558 14.0397 1129.0435 701.6542 701.6542 491.3938 80.045 296.6621 187.3973 217.9266 299.3725 1070.0749 215.2196 476.1474 282.0731 117.2482 359.1154 195.4867 266.7733 1081.2215;
	3.8503 52.0263 93.1907 119.7278 14.4892 33.792 29.3358 18.6913 28.2904 30.8296 56.9881 85.0151 127.9897 69.8928 200.3977 75.4987 93.6743 99.2668 90.0987 73.1156 9.7786 78.848 75.254 87.5691 103.8971 73.2915 13.9877 1202.6346 782.1811 782.1811 555.1059 76.8438 300.329 188.1997 219.1234 333.7306 1222.2666 249.2595 478.9986 278.2957 120.0826 374.8658 184.429 274.591 1234.9985;
	3.7849 51.1428 93.2274 117.3893 14.4931 33.7751 29.8184 18.0306 28.0216 30.5132 56.4031 84.1424 126.6759 69.7929 196.1883 73.9128 91.7066 97.1817 90.8918 71.463 9.9395 78.8086 74.1173 86.6305 102.0783 72.3557 13.6544 1113.8411 745.3054 745.3054 605.6656 85.1248 302.9728 183.946 218.8103 317.997 1186.2651 264.5643 477.2082 273.4241 120.2345 374.6784 167.309 269.8453 1198.622;
	3.8832 52.4702 93.4394 118.653 14.9918 34.4337 27.4733 18.2349 27.6411 31.166 57.6099 85.9426 129.3861 69.7886 200.1292 75.3975 93.5488 99.1338 92.1987 72.3265 9.1578 80.3454 75.036 87.6695 102.8032 71.1642 13.271 1121.7034 750.2048 750.2048 598.922 87.916 307.3291 186.1686 218.7968 320.0874 1117.5339 263.261 473.1165 275.3656 122.0539 381.9849 175.6931 276.605 1129.1749;
	3.908 52.8058 92.6299 117.6124 15.0536 34.6313 25.7772 18.3019 27.4098 30.9888 57.2824 85.4541 128.6506 69.5005 196.7613 74.1287 91.9744 97.4655 90.6402 69.2098 8.5924 80.8064 74.149 84.8943 101.8127 71.2591 13.4635 1066.0821 713.609 713.609 573.1876 88.3785 302.1339 178.1463 217.8935 304.4732 1102.8392 245.2583 466.2369 272.7126 118.9829 384.1768 194.2199 270.8629 1114.3271;
	3.9118 52.8569 93.0505 119.946 15.1603 34.8186 29.8706 18.9499 27.9965 31.1823 57.6401 85.9876 129.4539 69.733 193.4677 72.8878 90.4349 95.834 85.4985 69.3037 9.9569 81.2433 74.5309 88.4792 104.4916 72.0854 13.9815 1111.6575 751.5418 751.5418 617.4178 94.843 284.9949 178.388 218.6225 320.6578 1072.9093 253.7356 476.685 279.8883 122.2151 386.254 170.2532 264.4504 1084.0854;
	3.8714 52.3113 93.1082 118.0996 15.0509 34.3835 28.4586 18.8379 26.8157 30.8993 57.1168 85.2071 128.2788 69.4848 200.6417 75.5906 93.7883 99.3877 90.7828 70.7473 9.4862 80.2282 74.2059 87.495 102.5009 73.027 13.8521 1052.7154 706.0133 706.0133 637.1893 88.5922 302.6094 182.1038 217.8443 301.2324 1027.6984 274.9468 451.4645 274.5559 119.4373 381.4279 164.9799 268.9402 1038.4036;
	3.8462 51.9711 92.6936 116.9074 14.8646 33.6185 26.3366 18.3397 27.4032 30.9686 57.245 85.3982 128.5665 69.2324 201.2146 75.8064 94.0561 99.6714 88.5868 69.9167 8.7789 78.4431 73.3853 88.225 101.8894 72.5507 13.7493 1122.841 712.6946 712.6946 669.5725 99.193 295.2893 179.9658 217.0529 304.083 982.9226 306.5322 459.0619 272.9179 113.5782 372.9409 177.7757 256.4805 993.1614;
	3.8884 52.5402 91.349 117.6509 15.1922 33.8549 26.9823 17.6739 26.3176 30.8285 56.986 85.0119 127.9849 67.5417 198.7466 74.8766 92.9025 98.4489 88.6883 69.1404 8.9941 78.9948 73.2508 85.414 98.0017 72.5186 13.5007 1161.9561 720.9516 720.9516 666.994 110.1679 295.6276 177.9676 211.7525 307.606 1074.2043 296.18 468.0238 262.5046 113.7055 375.5637 194.3296 254.1349 1085.394;
	3.6972 49.9575 89.6882 117.3764 14.6929 32.8577 24.1723 15.3153 26.111 30.6872 56.7249 84.6224 127.3985 69.0858 199.122 75.0181 93.078 98.6349 88.9732 71.1942 8.0574 76.6679 74.199 86.1355 97.1776 69.3839 12.0536 1117.4456 723.1094 723.1094 659.9634 104.0626 296.5773 183.2539 216.5932 308.5267 1134.5965 283.2186 450.6712 260.2972 112.3097 364.5013 188.474 225.5362 1146.4152;
	3.9148 52.8976 91.9772 118.6033 15.2234 32.2908 24.6956 11.3988 26.8134 30.7124 56.7715 84.6919 127.5031 69.0693 203.2938 76.5898 95.028 100.7013 88.336 71.9695 8.2319 75.3451 74.9857 83.5107 97.1095 50.4302 10.2241 1232.6222 710.742 710.742 650.8245 103.0967 294.4532 185.2498 216.5417 303.2499 1178.5451 302.8306 461.4213 260.1148 113.5497 358.2123 197.6648 236.3695 1190.8216;
