function windprofile = ex_wind_profilesh1
%EX_WIND_PROFILE_D  Example wind_load_nyiso profile data for deterministic unit commitment.
% 2022.03.12
% Andres F. Ramirez


%% define constants
[GEN_BUS, PG, QG, QMAX, QMIN, VG, MBASE, GEN_STATUS, PMAX, PMIN, ...
    MU_PMAX, MU_PMIN, MU_QMAX, MU_QMIN, PC1, PC2, QC1MIN, QC1MAX, ...
    QC2MIN, QC2MAX, RAMP_AGC, RAMP_10, RAMP_30, RAMP_Q, APF] = idx_gen;
[CT_LABEL, CT_PROB, CT_TABLE, CT_TBUS, CT_TGEN, CT_TBRCH, CT_TAREABUS, ...
    CT_TAREAGEN, CT_TAREABRCH, CT_ROW, CT_COL, CT_CHGTYPE, CT_REP, ...
    CT_REL, CT_ADD, CT_NEWVAL, CT_TLOAD, CT_TAREALOAD, CT_LOAD_ALL_PQ, ...
    CT_LOAD_FIX_PQ, CT_LOAD_DIS_PQ, CT_LOAD_ALL_P, CT_LOAD_FIX_P, ...
    CT_LOAD_DIS_P, CT_TGENCOST, CT_TAREAGENCOST, CT_MODCOST_F, ...
    CT_MODCOST_X] = idx_ct;

windprofile = struct( ...
    'type', 'mpcData', ...
    'table', CT_TGEN, ...
    'rows', [1:45], ...
    'col', PMAX, ...
    'chgtype', 1, ...
    'values', [] );
windprofile.values(:,1,:) = [
	3.6468 49.2766 87.5515 99.7527 14.5644 31.9151 24.7521 18.0514 25.6814 30.3872 56.1704 83.7951 126.1531 66.2237 193.4198 72.8698 90.4125 95.8102 38.8544 69.9962 8.2507 74.4685 72.8205 86.4063 101.7426 73.0689 13.4536 1230.6496 675.7569 675.7569 590.9549 104.7935 129.5148 180.1704 207.6202 288.3229 1152.4801 230.6763 418.9783 272.5249 114.3221 354.0447 130.2895 266.7303 1164.4851;
	3.6673 49.5535 87.4282 109.4085 14.7064 30.0074 26.0451 18.1207 25.7492 29.5827 54.6832 81.5766 122.8131 64.1506 196.6151 74.0736 91.9061 97.3931 35.2727 72.8109 8.6817 70.0172 70.8425 85.8754 100.6226 72.5617 13.0519 1167.4614 667.1522 667.1522 518.0879 100.0138 117.5757 187.4155 201.1207 284.6516 1107.6404 217.3113 399.6356 269.5247 116.7429 332.8816 128.049 264.9777 1119.1783;
	3.5675 48.2053 88.1191 25.2211 14.1503 29.9313 25.1748 17.5367 24.742 28.6723 53.0003 79.0659 119.0334 62.8077 196.7404 74.1208 91.9647 97.4551 35.9591 71.4363 8.3916 69.8396 69.5182 86.4114 101.2186 72.334 13.1166 1154.972 647.3392 647.3392 515.913 104.3922 119.8637 183.8773 196.9105 276.1981 1112.9411 217.292 346.0314 271.1213 115.4706 332.0374 120.335 261.0151 1124.5342;
	3.5985 48.6238 85.3332 64.0069 14.2713 26.7775 23.9308 17.7604 25.3521 28.4986 52.6793 78.5871 118.3125 63.4923 204.5986 77.0813 95.638 101.3477 47.9845 73.0562 7.9769 62.4808 67.5252 85.7902 100.2119 72.8763 13.2674 1198.7912 691.2429 691.2429 521.1485 96.0404 159.9482 188.0468 199.0571 294.9303 1057.1644 238.095 358.6781 268.4246 115.8278 297.0516 154.3827 264.2516 1068.1766;
	3.5222 47.5927 87.2772 101.2591 14.8315 31.3086 20.8323 18.0041 26.7202 29.919 55.3049 82.504 124.2093 64.4129 203.8588 76.8026 95.2921 100.9812 82.4331 73.5111 6.9441 73.0534 64.9923 86.9997 101.8531 73.6188 13.2369 1160.6397 650.2932 650.2932 501.73 96.6583 274.777 189.2179 201.9432 277.4584 1109.2267 236.4748 403.9639 272.8209 117.9858 347.3168 170.8337 260.9814 1120.7812;
	3.7945 51.2717 89.6036 112.9321 14.7457 32.1578 25.4229 18.4788 26.2917 30.1469 55.7261 83.1324 125.1554 64.9995 200.1026 75.3875 93.5363 99.1206 92.1122 73.1852 8.4743 75.0349 70.928 87.9766 105.2324 72.7289 13.6728 1203.3536 673.1162 673.1162 484.9447 100.3364 307.0406 188.3788 203.7823 287.1962 1062.8827 223.7117 414.8721 281.8724 121.7956 356.7374 176.691 266.8806 1073.9544;
	3.6796 49.7192 88.0246 112.0153 14.1783 31.5555 28.2021 17.7451 25.8442 29.1515 53.8862 80.3876 121.023 66.2337 198.7718 74.8861 92.9143 98.4614 91.7843 72.4418 9.4007 73.6296 72.0528 86.9117 100.6991 73.6485 13.0463 1202.5653 673.4015 673.4015 495.838 101.6615 305.9477 186.4653 207.6515 287.318 1070.438 234.3233 441.6557 269.7298 117.3859 350.0559 181.5129 256.8595 1081.5884;
	3.8342 51.8087 87.8582 113.0967 14.957 32.1266 28.0467 17.665 26.2524 29.7883 55.0633 82.1436 123.6667 66.0936 196.4749 74.0208 91.8406 97.3236 91.8359 72.3312 9.3489 74.9621 72.226 85.5336 103.4624 71.7752 12.9544 1147.3889 648.5472 648.5472 463.4708 87.9053 306.1198 186.1808 207.2123 276.7135 1043.6332 216.5339 454.7543 277.1315 119.2961 356.3914 184.7276 252.5119 1054.5043;
	3.9081 52.807 92.2343 118.6271 15.2297 34.2882 28.3081 18.2749 26.5759 30.5669 56.5025 84.2905 126.8989 66.9837 200.6805 75.6052 93.8065 99.4068 92.4478 70.5875 9.436 80.0058 71.5004 88.3199 104.7095 74.3494 13.5321 1182.4154 750.0185 750.0185 555.6682 81.527 308.1593 181.6924 210.0028 320.0079 1173.9824 246.6561 446.0042 280.472 122.5916 380.3707 177.8949 276.6394 1186.2114;
	3.8464 51.973 90.0839 118.9754 14.4187 34.4808 28.509 18.3185 26.6517 30.5328 56.4395 84.1966 126.7575 66.472 198.142 74.6488 92.6199 98.1494 92.3632 69.6288 9.503 80.4552 71.2379 88.306 104.7522 71.4839 13.4647 1167.4734 743.7429 743.7429 639.893 93.8928 307.8773 179.2248 208.3987 317.3303 1146.4284 278.9894 450.9416 280.5861 123.4472 382.5069 164.6602 266.5099 1158.3704;
	3.8046 51.4092 91.4875 119.1187 14.9276 34.0934 26.531 17.5125 27.7337 30.6643 56.6825 84.5592 127.3034 67.7853 197.0581 74.2405 92.1132 97.6125 91.5682 71.1786 8.8437 79.5513 72.6693 86.2619 101.6336 71.1628 12.841 1093.5189 711.0725 711.0725 624.998 94.3015 305.2273 183.2138 212.5162 303.3909 1049.092 276.4298 464.7876 272.2328 121.2612 378.2097 168.2493 261.9311 1060.02;
	3.8369 51.8451 91.5538 118.4549 14.5479 34.1107 25.308 18.1938 27.3451 30.8543 57.0338 85.0832 128.0923 68.3037 195.2762 73.5692 91.2803 96.7298 89.6138 69.7534 8.436 79.5917 72.3857 85.9277 103.1628 73.0107 13.106 1046.97 707.7686 707.7686 604.7943 97.7485 298.7125 179.5454 214.1412 301.9813 1036.9673 251.5315 460.2783 276.329 119.686 378.4015 180.4983 264.9681 1047.769;
	3.6222 48.9436 91.5472 118.3654 14.2668 33.1778 26.4306 18.1991 26.6379 30.988 57.2808 85.4517 128.6471 66.5249 193.0955 72.7476 90.2609 95.6496 84.1304 69.9068 8.8102 77.4149 74.1403 88.7359 102.7768 74.5837 13.242 987.4786 683.6125 683.6125 565.6661 96.681 280.4346 179.9403 208.5645 291.6746 890.8863 227.2487 442.5546 275.2951 117.1896 368.0523 139.4867 255.3435 900.1664;
	3.761 50.8189 89.8802 117.0687 14.5691 32.5631 26.3886 18.4944 25.951 30.1487 55.7293 83.1372 125.1626 58.1026 201.3869 75.8713 94.1367 99.7568 89.9058 71.9995 8.7962 75.9805 73.3005 88.2066 102.5115 73.6938 13.6626 955.9192 634.3944 634.3944 587.1602 89.3069 299.6859 185.3269 182.1594 270.6749 826.1353 236.4556 438.6366 274.5843 118.4172 361.2332 128.6306 262.7039 834.7408;
	3.7975 51.3126 91.7169 119.4696 14.7546 32.954 25.3188 18.0858 27.4873 30.932 57.1774 85.2974 128.4148 66.9605 195.9783 73.8337 91.6085 97.0776 88.4875 72.1659 8.4396 76.8927 73.0158 89.6978 103.8042 73.4593 13.4881 947.9853 614.4722 614.4722 584.9766 84.8536 294.9583 185.7553 209.9304 262.1748 815.6754 266.1033 446.7024 278.047 120.5102 365.5697 153.316 252.8412 824.172;
	3.7039 50.0482 91.3952 114.869 14.8535 32.6101 25.4601 17.7114 26.8648 29.7831 55.0537 82.1293 123.6451 66.1365 196.6441 74.0845 91.9197 97.4074 86.2575 71.9583 8.4867 76.0903 72.7975 87.4419 100.2801 74.4946 13.6597 1078.6584 651.9882 651.9882 585.9727 92.58 287.525 185.2208 207.3469 278.1816 983.9382 288.1018 434.1745 268.6073 114.0842 361.7549 168.9099 254.2313 994.1875;
	3.7393 50.5264 90.874 113.4271 14.7865 33.1363 25.2203 17.5838 27.1153 30.5848 56.5356 84.34 126.9735 63.8973 198.1434 74.6494 92.6205 98.1501 90.4028 73.082 8.4068 77.318 73.5476 86.8498 97.6413 72.8139 12.7096 1097.0858 725.7739 725.7739 673.8381 102.4487 301.3425 188.1133 200.3267 309.6635 1129.3191 301.3741 432.8114 261.5391 113.6872 367.592 178.6261 216.0415 1141.0829;
	3.7291 50.3888 88.8001 111.2585 14.374 31.7768 25.8587 15.3743 28.0008 30.0477 55.5427 82.8588 124.7435 64.8136 191.383 72.1024 89.4604 94.8013 89.5989 70.7965 8.6196 74.1458 69.9405 84.7238 97.9249 67.8109 11.9113 1191.6245 689.1982 689.1982 686.1066 98.4992 298.6631 182.2304 203.1995 294.0579 1163.9186 308.2077 443.4266 262.2988 115.1237 352.5102 171.1909 221.0077 1176.0428;
