function loadprofile = ex_load_profilesh1
%EX_LOAD_PROFILE  Example load profile data file for stochastic unit commitment.
% 2022.03.12
% Andres F. Ramirez

%% define constants
[CT_LABEL, CT_PROB, CT_TABLE, CT_TBUS, CT_TGEN, CT_TBRCH, CT_TAREABUS, ...
    CT_TAREAGEN, CT_TAREABRCH, CT_ROW, CT_COL, CT_CHGTYPE, CT_REP, ...
    CT_REL, CT_ADD, CT_NEWVAL, CT_TLOAD, CT_TAREALOAD, CT_LOAD_ALL_PQ, ...
    CT_LOAD_FIX_PQ, CT_LOAD_DIS_PQ, CT_LOAD_ALL_P, CT_LOAD_FIX_P, ...
    CT_LOAD_DIS_P, CT_TGENCOST, CT_TAREAGENCOST, CT_MODCOST_F, ...
    CT_MODCOST_X] = idx_ct;

loadprofile = struct( ...
    'type', 'mpcData', ...
    'table', CT_TAREALOAD, ...
    'rows', [1:11], ...
    'col', CT_LOAD_ALL_P, ...
    'chgtype', 1, ...
    'values', [] );
loadprofile.values(:,1,:) = [
	1470.9901 892.6058 1572.4 516.3866 743.094 1108.5077 893.2939 244.7821 522.5271 4533.8075 1643.7419;
	1467.857 893.3557 1577.1967 517.0 745.8716 1114.5689 890.5267 236.2434 513.5237 4490.5553 1626.037;
	1512.3473 922.3797 1619.6051 530.6516 769.8446 1145.6435 898.5691 250.1458 520.5 4478.2191 1654.1113;
	1561.0241 987.4207 1743.1203 546.0 841.005 1207.1213 954.2984 283.5352 552.0977 4775.4266 1774.6937;
	1725.6972 1109.9 1916.4362 563.8096 948.1331 1338.5423 1041.1398 320.2 613.0 5216.798 1996.9087;
	1882.7097 1213.6916 2085.6 594.8841 1025.7489 1432.1273 1110.1523 364.2853 676.431 5855.9937 2171.0828;
	1870.427 1206.0816 2053.1156 585.4615 1005.3138 1418.079 1100.8618 360.1 673.529 6034.098 2197.0197;
	1880.7047 1226.0307 2100.7087 609.14 1035.8 1478.6 1152.176 365.4 692.9 6292.9558 2251.7616;
	1918.7162 1237.0 2117.9 610.7251 1007.0429 1464.7204 1134.7179 365.7381 698.8 6389.2603 2191.7126;
	1929.635 1253.0085 2103.5899 595.6557 996.3961 1458.6364 1147.5413 381.7539 719.1151 6427.444 2301.066;
	1901.2985 1235.2196 2111.7308 576.7963 999.584 1478.1211 1156.9835 421.9776 726.6011 6436.0819 2368.7323;
	1865.0623 1230.6221 2101.0173 565.4 980.82 1435.6306 1171.0484 376.4289 713.8779 6306.1007 2262.4198;
	1871.4639 1237.6499 2047.2938 562.5497 972.4279 1368.7225 1134.7354 362.6721 682.792 6294.2084 2191.5023;
	1810.4259 1223.3572 1978.0711 529.3766 945.9432 1337.8031 1108.6954 367.0462 702.9687 6359.5221 2248.8997;
	1788.96 1228.3006 2015.3 542.4449 985.9156 1377.9974 1217.8 356.8602 704.3885 6371.3061 2436.9673;
	1763.7941 1277.406 2034.0472 534.6035 1013.6144 1425.123 1264.1162 383.4611 721.1469 6401.5255 2626.2429;
	1801.387 1265.91 2044.7 567.5536 1053.7431 1458.0307 1240.6826 403.2 728.1075 6384.088 2644.1589;
	1873.0176 1279.9731 2043.3772 568.1 1071.5332 1495.7562 1241.7983 394.8442 730.9356 6272.4969 2602.1522;
	1839.5016 1254.9598 2063.5933 572.149 1098.093 1496.0044 1221.2352 397.6699 715.8966 6148.3116 2563.5289;
	1755.9231 1175.6885 1937.1 557.0542 1000.43 1395.1657 1177.9056 372.2216 692.2781 5916.8437 2442.1891;
	1626.8929 1090.1126 1809.5523 549.6224 950.7765 1291.6588 1075.3698 341.7894 631.5247 5507.4968 2193.9194;
	1557.5864 1022.5 1729.4292 534.8128 913.2151 1189.819 996.5938 315.9336 595.0 5131.2 1968.0;
	1480.1457 952.977 1670.5602 569.9 851.9566 1126.7 934.6481 282.3474 543.8 4759.1369 1834.3;
	1438.515 956.6306 1677.4878 570.4 816.1 1132.7352 928.1038 275.5143 512.4704 4620.7029 1784.8002;
];
