function loadprofile = ex_load_profilesh1
%EX_LOAD_PROFILE  Example load profile data file for stochastic unit commitment.
% 2022.03.12
% Andres F. Ramirez

%% define constants
[CT_LABEL, CT_PROB, CT_TABLE, CT_TBUS, CT_TGEN, CT_TBRCH, CT_TAREABUS, ...
    CT_TAREAGEN, CT_TAREABRCH, CT_ROW, CT_COL, CT_CHGTYPE, CT_REP, ...
    CT_REL, CT_ADD, CT_NEWVAL, CT_TLOAD, CT_TAREALOAD, CT_LOAD_ALL_PQ, ...
    CT_LOAD_FIX_PQ, CT_LOAD_DIS_PQ, CT_LOAD_ALL_P, CT_LOAD_FIX_P, ...
    CT_LOAD_DIS_P, CT_TGENCOST, CT_TAREAGENCOST, CT_MODCOST_F, ...
    CT_MODCOST_X] = idx_ct;

loadprofile = struct( ...
    'type', 'mpcData', ...
    'table', CT_TAREALOAD, ...
    'rows', [1:11], ...
    'col', CT_LOAD_ALL_P, ...
    'chgtype', 1, ...
    'values', [] );
loadprofile.values(:,1,:) = [
	1490.678 903.1 1589.7726 558.4591 756.8 1098.1456 873.2354 274.1536 481.3167 4471.3 1713.9649;
	1449.6807 872.6409 1549.3 558.3 725.7646 1080.5663 878.0 260.9 476.6834 4423.7818 1669.4535;
	1499.9262 905.9353 1600.9439 558.6998 767.5 1118.6 879.3726 272.0 486.0658 4452.0498 1690.18;
	1592.1604 971.7193 1735.6834 583.5305 846.7092 1206.2534 929.3291 300.9551 516.0556 4680.3061 1792.354;
	1720.1863 1073.7317 1911.4135 613.9 935.6 1354.3468 1041.7078 346.1 600.5346 5302.3108 2077.5067;
	1854.0263 1166.4 2017.7261 635.8369 1003.4 1414.4003 1104.4408 376.4288 687.6 5878.4178 2233.2311;
	1844.954 1201.9393 2017.3404 612.8409 1010.4513 1424.1344 1121.3389 365.0 690.8687 6169.9758 2238.476;
	1882.1627 1226.1 2066.5265 620.819 1047.148 1434.5056 1144.8234 376.3131 699.6715 6471.0198 2251.446;
	1880.1962 1212.4398 2013.2777 612.6 1065.2 1428.336 1140.2873 384.0 691.5424 6494.7 2227.1498;
	1827.7666 1228.0 2030.4845 595.209 1065.9691 1425.3746 1134.2 353.3616 673.1 6491.4816 2137.0427;
	1808.7221 1212.7577 1961.9563 585.5 1059.9467 1358.8639 1092.8819 330.9224 668.6653 6448.5 1993.2833;
	1801.4962 1205.3174 1982.7868 593.7 1054.9643 1390.2513 1098.3233 346.8 664.3186 6412.3762 2052.5264;
	1774.1472 1218.7782 1991.29 596.4524 1045.2033 1389.4719 1070.1983 330.6444 654.9053 6370.229 2103.7581;
	1775.034 1216.1984 1955.4514 585.4 1049.8191 1335.4822 1040.0082 335.576 652.3 6257.8482 2005.2804;
	1769.4433 1215.5 1945.8862 573.2 1011.5598 1364.3114 1035.0173 332.1 660.0627 6340.9998 2152.503;
	1786.8337 1211.372 2015.1606 589.0173 1038.9088 1419.947 1074.0203 359.0036 654.5396 6413.8781 2238.0749;
	1788.0824 1217.1386 2005.6609 608.5599 1043.0698 1496.5009 1126.201 359.6186 690.6 6418.3881 2331.9989;
	1821.7677 1243.1867 2033.865 612.6014 1093.7126 1514.2569 1180.1503 393.637 717.5218 6381.2876 2449.0573;
	1845.1879 1245.2897 2065.246 613.3526 1069.3 1473.643 1168.7402 394.2472 693.6584 6269.5818 2350.2106;
	1800.7088 1179.9393 1998.2573 598.0065 1013.8625 1403.3 1121.4 376.7801 649.4212 6055.1553 2272.7852;
	1761.7462 1105.0236 1859.6501 571.5 920.8 1265.7359 1026.6772 338.1462 581.8568 5649.9261 1921.5632;
	1685.4304 1044.9913 1748.1 555.1471 872.9315 1192.0626 936.6391 289.1568 503.5997 5089.3184 1683.7717;
	1562.6483 974.1 1636.3656 577.0257 817.4601 1110.0352 868.7187 289.7089 454.4427 4792.8366 1652.1572;
	1536.0797 958.3304 1615.7935 582.2 793.2585 1118.6117 866.0902 276.4299 445.5335 4648.2357 1724.2016;
];
