function windprofile = ex_wind_profilesh1
%EX_WIND_PROFILE_D  Example wind_load_nyiso profile data for deterministic unit commitment.
% 2022.03.12
% Andres F. Ramirez


%% define constants
[GEN_BUS, PG, QG, QMAX, QMIN, VG, MBASE, GEN_STATUS, PMAX, PMIN, ...
    MU_PMAX, MU_PMIN, MU_QMAX, MU_QMIN, PC1, PC2, QC1MIN, QC1MAX, ...
    QC2MIN, QC2MAX, RAMP_AGC, RAMP_10, RAMP_30, RAMP_Q, APF] = idx_gen;
[CT_LABEL, CT_PROB, CT_TABLE, CT_TBUS, CT_TGEN, CT_TBRCH, CT_TAREABUS, ...
    CT_TAREAGEN, CT_TAREABRCH, CT_ROW, CT_COL, CT_CHGTYPE, CT_REP, ...
    CT_REL, CT_ADD, CT_NEWVAL, CT_TLOAD, CT_TAREALOAD, CT_LOAD_ALL_PQ, ...
    CT_LOAD_FIX_PQ, CT_LOAD_DIS_PQ, CT_LOAD_ALL_P, CT_LOAD_FIX_P, ...
    CT_LOAD_DIS_P, CT_TGENCOST, CT_TAREAGENCOST, CT_MODCOST_F, ...
    CT_MODCOST_X] = idx_ct;

windprofile = struct( ...
    'type', 'mpcData', ...
    'table', CT_TGEN, ...
    'rows', [1:45], ...
    'col', PMAX, ...
    'chgtype', 1, ...
    'values', [] );
windprofile.values(:,1,:) = [
	3.6215 48.9349 89.9677 107.5018 13.9733 31.7972 28.2286 17.8834 27.3892 30.5011 56.3809 84.1092 126.6259 64.1233 198.8044 74.8984 92.9295 98.4775 34.4376 69.9773 9.4095 74.1935 72.2594 88.2198 102.6516 73.1386 13.4451 1096.4637 673.8288 673.8288 591.186 105.917 114.7918 180.1217 201.0352 287.5003 1111.9475 211.771 456.7368 274.9595 115.142 352.7371 106.9395 267.0769 1123.5303;
	3.6479 49.2914 92.2096 113.9314 14.0454 31.3661 28.7331 18.2064 27.4881 29.5769 54.6725 81.5606 122.789 64.7859 198.7115 74.8634 92.8861 98.4315 32.5311 71.8923 9.5777 73.1876 71.1371 88.601 102.7442 72.4102 13.3881 1099.7509 705.7831 705.7831 596.1289 104.2931 108.4371 185.0511 203.1125 301.1341 1142.154 217.3697 461.2663 275.2077 118.6796 347.9545 114.5554 268.0589 1154.0514;
	3.6436 49.2333 93.3414 62.3835 14.0521 33.0706 29.375 18.4549 28.1613 30.0968 55.6335 82.9943 124.9475 68.28 204.5364 77.0579 95.6089 101.3169 36.1907 70.9141 9.7917 77.1648 73.3201 89.1752 106.0875 73.6331 13.8142 1174.8598 733.2217 733.2217 607.9275 110.359 120.6356 182.533 214.067 312.8413 1253.1397 236.1167 472.053 284.1631 120.2049 366.8637 127.7501 270.2157 1266.1932;
	3.8693 52.2833 93.8801 83.3585 14.8925 34.041 29.0262 18.6652 28.2606 29.1531 53.8891 80.392 121.0297 68.2869 204.2746 76.9593 95.4865 101.1872 45.3944 71.107 9.6754 79.4291 69.5627 88.5653 104.7366 74.4719 13.9187 1210.8167 749.2576 749.2576 568.528 97.8604 151.3147 183.0295 214.0887 319.6833 1155.2831 245.8191 470.5118 280.5446 119.2535 377.6285 172.1753 266.8203 1167.3173;
	3.3376 45.0984 89.1263 108.2815 14.0621 31.2211 24.1306 18.0686 27.5863 28.5907 52.8494 78.841 118.6946 66.4593 186.5835 70.2942 87.2169 92.4239 72.1907 67.4224 8.0435 72.8493 59.8436 85.6784 102.136 73.3966 13.4567 1145.3546 641.94 641.94 525.9438 97.6468 240.6358 173.5456 208.3589 273.8944 1138.4683 225.4707 446.4066 273.5786 115.0737 346.3465 162.7788 261.6504 1150.3273;
	3.7808 51.0868 90.376 102.8555 14.5907 32.2274 28.2 17.9641 27.8593 30.7663 56.871 84.8403 127.7266 68.8219 196.336 73.9685 91.7757 97.2548 87.3078 71.3804 9.4 75.1973 72.1598 86.0502 102.6646 71.7094 13.5374 1282.6415 689.0611 689.0611 503.4835 96.0905 291.0262 183.7334 215.7661 293.9994 1142.4009 213.7754 458.1376 274.9946 114.1581 357.5093 189.9264 262.7967 1154.3009;
	3.7195 50.259 91.1721 110.3796 14.3936 31.6663 29.1018 18.0818 27.0807 30.4388 56.2656 83.9372 126.367 68.457 189.3765 71.3465 88.5225 93.8074 84.4081 68.6041 9.7006 73.888 73.4703 85.9039 100.6089 74.8813 13.6312 1277.4661 696.9528 696.9528 577.0797 99.222 281.3604 176.5872 214.622 297.3665 1158.3606 243.9407 452.0512 269.4882 115.5625 351.2848 194.3891 264.2536 1170.4269;
	3.6906 49.8678 90.8384 110.7569 14.5152 32.2469 29.2423 17.8694 26.5277 30.1109 55.6595 83.033 125.0058 66.825 192.0128 72.3397 89.7548 95.1133 76.894 67.5074 9.7474 75.2428 72.995 86.4367 103.5227 75.0553 13.4781 1231.1782 698.3584 698.3584 537.1457 80.7838 256.3134 173.7642 209.5054 297.9662 1143.611 232.6333 450.688 277.2931 113.603 357.7259 194.4821 261.5413 1155.5236;
	3.6795 49.7179 94.6883 119.1678 14.6121 34.5327 28.9673 18.4264 26.8846 31.1673 57.6122 85.9461 129.3914 67.1396 191.1382 72.0102 89.346 94.6801 76.3312 66.8345 9.6558 80.5764 74.8202 89.5998 104.4431 75.181 14.0217 1215.8804 756.2963 756.2963 555.8331 77.982 254.4375 172.0323 210.4916 322.6864 1197.4226 257.5668 459.2883 279.7582 118.7288 383.0832 175.8118 278.6199 1209.8957;
	3.581 48.3866 93.7413 119.5173 14.5452 33.5176 28.2128 17.9107 26.2639 30.8094 56.9508 84.9594 127.9058 66.9153 191.902 72.298 89.703 95.0585 80.7142 67.6505 9.4043 78.2077 74.4295 88.5751 103.8227 73.1214 13.8555 1198.9315 731.1296 731.1296 568.4395 87.1895 269.0474 174.1325 209.7886 311.9486 1211.4575 255.2544 438.7611 278.0965 116.3768 371.8219 154.033 276.5883 1224.0768;
	3.6696 49.5848 93.7337 117.3436 14.8748 34.3071 26.9578 17.9335 27.2388 31.2826 57.8254 86.2641 129.8702 66.0497 195.3494 73.5967 91.3145 96.7661 86.4683 69.423 8.9859 80.0499 74.6032 87.7917 102.222 73.4713 13.741 1237.7305 763.4736 763.4736 605.6685 85.9113 288.2277 178.695 207.0747 325.7487 1195.0367 280.5494 457.6194 273.8088 116.8312 380.5802 172.3285 272.9887 1207.485;
	3.8006 51.3544 95.2355 119.5571 15.0394 34.4204 24.8364 18.7143 26.5932 30.7967 56.9272 84.9242 127.853 65.9697 192.4941 72.521 89.9798 95.3517 86.5734 69.1368 8.2788 80.3142 74.2389 89.5802 106.1692 74.5161 13.9358 1162.3921 747.402 747.402 592.8725 92.0533 288.578 177.9583 206.8239 318.8915 1183.4545 278.6373 441.5116 284.3818 115.1078 381.8366 189.1074 277.0 1195.7822;
	3.7879 51.183 94.7461 118.183 15.0953 34.5309 28.4526 18.4768 27.2836 30.8447 57.0159 85.0565 128.0521 68.0334 193.334 72.8375 90.3724 95.7678 82.6475 69.6264 9.4842 80.572 74.1287 88.6467 105.0383 74.8276 13.8659 1148.5537 784.3875 784.3875 613.8136 89.8069 275.4916 179.2184 213.2939 334.672 1117.1301 282.5744 444.1404 281.3526 112.1262 383.0623 163.5656 273.501 1128.7669;
	3.8311 51.7659 94.2784 114.9445 14.6903 34.4849 27.7804 18.4777 26.234 29.8211 55.1238 82.2338 123.8026 67.3373 196.8909 74.1775 92.0351 97.5297 87.8162 70.9339 9.2601 80.4649 73.6061 87.6313 102.8315 74.3697 14.0132 1164.7196 757.2306 757.2306 687.6796 97.7424 292.7205 182.5839 211.1115 323.085 1099.798 300.422 436.4457 275.4416 110.1915 382.553 154.9881 274.1695 1111.2542;
	3.9013 52.7146 95.1681 116.5419 15.1189 34.9584 26.4301 18.9778 27.8042 31.0625 57.4185 85.6571 128.9563 68.6086 197.372 74.3588 92.2599 97.768 85.5422 71.263 8.81 81.5695 73.6521 88.4337 105.0188 76.2994 13.7799 1158.8007 766.2938 766.2938 674.3085 98.6652 285.1405 183.4312 215.0973 326.952 1048.5124 302.5604 448.3963 281.3005 114.0579 387.8049 181.5312 275.8927 1059.4344;
	3.806 51.4269 93.8451 113.641 15.0806 34.8482 25.1988 18.5491 26.0991 30.638 56.6339 84.4867 127.1942 67.9514 199.3482 75.1033 93.1837 98.7469 85.7123 70.0427 8.3996 81.3124 73.7668 84.5772 102.13 75.6464 13.5806 1156.9416 771.0551 771.0551 643.6967 100.7934 285.7075 180.2901 213.037 328.9835 1115.6933 284.2456 437.0214 273.5624 107.3655 386.5824 182.1593 264.2615 1127.3151;
	3.6577 49.4235 92.7982 115.666 14.959 32.8448 24.6882 17.3959 26.247 30.6041 56.5712 84.393 127.0533 66.6204 191.7786 72.2515 89.6453 94.9973 88.4592 71.1887 8.2294 76.6378 73.0529 85.6961 98.2775 73.3832 12.2527 1096.5238 728.172 728.172 624.8372 98.7753 294.8639 183.2399 208.864 310.6867 1145.8938 272.246 443.7225 263.2433 112.6124 364.3581 175.131 239.2458 1157.8302;
	3.8333 51.7961 93.6506 111.8177 15.2758 30.6358 23.0872 14.6041 25.9948 30.0978 55.6353 82.9969 124.9514 65.2359 192.7427 72.6147 90.096 95.4749 88.7759 69.7672 7.6957 71.4835 72.8257 83.1705 97.9715 68.3712 11.4518 1207.7496 709.221 709.221 650.4287 97.0071 295.9197 179.581 204.5234 302.6009 1156.4169 289.0191 455.6678 262.4237 112.126 339.8532 181.2719 253.28 1168.4629;
