function loadprofile = ex_load_profilesh1
%EX_LOAD_PROFILE  Example load profile data file for stochastic unit commitment.
% 2022.03.12
% Andres F. Ramirez

%% define constants
[CT_LABEL, CT_PROB, CT_TABLE, CT_TBUS, CT_TGEN, CT_TBRCH, CT_TAREABUS, ...
    CT_TAREAGEN, CT_TAREABRCH, CT_ROW, CT_COL, CT_CHGTYPE, CT_REP, ...
    CT_REL, CT_ADD, CT_NEWVAL, CT_TLOAD, CT_TAREALOAD, CT_LOAD_ALL_PQ, ...
    CT_LOAD_FIX_PQ, CT_LOAD_DIS_PQ, CT_LOAD_ALL_P, CT_LOAD_FIX_P, ...
    CT_LOAD_DIS_P, CT_TGENCOST, CT_TAREAGENCOST, CT_MODCOST_F, ...
    CT_MODCOST_X] = idx_ct;

loadprofile = struct( ...
    'type', 'mpcData', ...
    'table', CT_TAREALOAD, ...
    'rows', [1:11], ...
    'col', CT_LOAD_ALL_P, ...
    'chgtype', 1, ...
    'values', [] );
loadprofile.values(:,1,:) = [
	1534.1259 928.924 1599.3789 514.6975 750.1417 1117.9 832.5231 243.0675 489.171 4283.7329 1533.1433;
	1538.9878 938.2024 1585.9752 509.2161 746.8 1118.8163 822.6 259.4268 470.7556 4303.4231 1560.3292;
	1591.2 965.0017 1640.1203 535.6727 756.007 1138.5439 842.8718 253.5377 489.4633 4339.3711 1622.9246;
	1632.8871 1026.4848 1721.8241 542.6602 803.2263 1207.1 889.4 274.0851 498.2638 4502.3313 1734.4614;
	1758.8223 1163.9315 1955.613 574.6 942.1038 1384.1578 1023.5 336.6689 606.1659 5184.3852 2021.1088;
	1875.7953 1253.7 2065.4283 598.9 1005.1737 1474.1996 1084.4676 355.4043 672.107 5658.9185 2179.0;
	1928.9808 1275.6174 2101.0925 601.155 1016.3449 1464.861 1084.3818 346.324 677.2021 5913.3852 2210.5;
	1936.8175 1314.856 2122.7111 565.37 1027.7095 1511.1789 1116.6498 357.2 701.851 6243.9016 2265.5;
	1949.9269 1326.5101 2131.9812 557.7867 1030.7774 1533.6234 1138.377 346.3228 692.6675 6411.5434 2312.4033;
	1931.1 1297.7168 2108.3251 565.4024 1014.8 1515.7729 1135.072 347.1 682.2161 6498.2883 2456.8285;
	1891.8154 1313.5499 2102.3366 565.0215 1004.2694 1492.7617 1121.4746 330.5 701.0929 6557.6097 2460.4187;
	1905.9941 1308.3797 2081.3616 557.3427 979.7 1482.4222 1112.7913 338.0 706.6 6667.8282 2368.7233;
	1868.3782 1281.79 2071.2172 550.9 1006.5 1456.7648 1114.4055 340.1485 692.7049 6771.3246 2428.3254;
	1819.4908 1267.7587 2024.3746 571.0445 1022.5084 1458.2309 1124.6908 339.1 675.7548 6642.9298 2258.178;
	1785.4309 1226.5623 2023.9084 569.1789 1043.9 1417.423 1053.6595 343.9725 670.3385 6515.7291 2210.8467;
	1790.9935 1263.4922 2079.3864 577.4 1066.9286 1477.4 1078.2972 354.0099 675.0 6466.0338 2262.9828;
	1809.935 1290.3375 2090.8743 593.9 1073.7194 1517.7631 1143.1 360.6 708.5 6568.1575 2420.5345;
	1830.1594 1294.2619 2141.0 621.0081 1137.7 1568.3953 1187.7235 402.0 730.8 6531.0604 2559.002;
	1882.733 1334.6509 2129.2992 617.5 1103.2352 1516.1156 1218.664 399.7059 726.6 6509.8705 2625.7515;
	1805.3346 1264.9963 2066.8677 602.5692 1041.0 1442.257 1165.1259 372.2603 691.646 6080.6437 2417.7713;
	1746.8396 1196.9673 1943.0775 574.2619 955.4175 1315.3749 1083.4 341.7 628.5108 5854.058 2258.909;
	1637.9697 1106.6565 1837.29 542.8136 880.7851 1214.5885 990.3258 306.0 578.7098 5331.9289 2064.5814;
	1556.0717 1051.2595 1701.7642 560.0706 828.384 1126.7 938.0 277.8647 549.1556 4943.945 1977.7;
	1485.9499 1010.129 1676.6302 555.8 793.1565 1119.9377 903.7447 276.5 513.6423 4722.6438 1806.4;
];
