function loadprofile = ex_load_profilesh1
%EX_LOAD_PROFILE  Example load profile data file for stochastic unit commitment.
% 2022.03.12
% Andres F. Ramirez

%% define constants
[CT_LABEL, CT_PROB, CT_TABLE, CT_TBUS, CT_TGEN, CT_TBRCH, CT_TAREABUS, ...
    CT_TAREAGEN, CT_TAREABRCH, CT_ROW, CT_COL, CT_CHGTYPE, CT_REP, ...
    CT_REL, CT_ADD, CT_NEWVAL, CT_TLOAD, CT_TAREALOAD, CT_LOAD_ALL_PQ, ...
    CT_LOAD_FIX_PQ, CT_LOAD_DIS_PQ, CT_LOAD_ALL_P, CT_LOAD_FIX_P, ...
    CT_LOAD_DIS_P, CT_TGENCOST, CT_TAREAGENCOST, CT_MODCOST_F, ...
    CT_MODCOST_X] = idx_ct;

loadprofile = struct( ...
    'type', 'mpcData', ...
    'table', CT_TAREALOAD, ...
    'rows', [1:11], ...
    'col', CT_LOAD_ALL_P, ...
    'chgtype', 1, ...
    'values', [] );
loadprofile.values(:,1,:) = [
	1458.3 894.4654 1556.9761 531.8832 742.4631 1076.9603 860.1034 236.439 524.7379 4633.8921 1764.2936;
	1431.0689 882.0007 1557.782 550.3 736.7218 1059.7922 832.0078 235.9493 505.5471 4470.9118 1705.9153;
	1481.5123 904.8502 1577.8919 547.244 754.0089 1094.2378 846.7549 246.3307 527.7202 4475.9949 1733.7757;
	1571.3283 1002.4308 1684.7537 572.8544 817.6874 1157.5108 907.4 263.9672 558.4816 4731.5318 1863.1065;
	1660.8479 1107.7834 1865.106 588.9 927.4543 1306.3343 1024.8432 301.8483 668.3514 5288.938 2143.1053;
	1817.8029 1202.7353 2000.3784 599.4 1018.9682 1379.3721 1064.0247 315.8083 722.841 5708.6963 2231.2;
	1847.3451 1205.9228 2005.3864 583.4998 1045.364 1395.8566 1094.5325 351.1 733.3397 6181.5548 2311.8949;
	1828.4635 1183.911 1963.6246 583.9267 999.6252 1359.3074 1094.9 337.3 707.4377 6332.0 2265.5;
	1900.367 1179.2519 1975.8269 579.4735 963.8486 1345.9266 1092.7691 319.2616 714.4807 6369.5111 2251.2667;
	1890.8213 1186.504 1961.7904 590.0665 931.1779 1336.7 1040.4786 329.1 717.274 6318.8559 2250.038;
	1861.8114 1187.7327 1927.7156 592.9403 888.5123 1270.2531 1011.3381 327.6477 715.9353 6280.0 2113.9645;
	1827.4621 1170.7146 1892.374 587.127 908.2043 1256.6 971.5972 322.7048 702.2998 6215.526 1991.9796;
	1836.8 1170.7645 1889.6138 583.8294 902.0961 1253.2189 954.9492 312.2 694.3537 6197.7298 1973.0833;
	1809.9702 1157.6907 1845.5162 579.3093 908.7794 1247.0025 968.8 304.7647 724.1629 6259.0831 2018.0853;
	1799.7179 1181.3145 1853.6053 582.4938 903.8615 1304.9249 1019.5 267.7889 732.4945 6240.4868 2077.4571;
	1827.6638 1180.8 1941.057 584.3499 951.9363 1364.9031 1075.3643 264.1845 734.5945 6293.4773 2193.2976;
	1825.6643 1200.7028 1967.0049 594.5956 960.0314 1374.0349 1094.6806 271.1466 731.4995 6194.0361 2305.8223;
	1924.32 1261.5753 2070.0473 628.1423 977.7717 1453.7195 1134.6498 308.4364 759.943 6297.101 2397.543;
	1895.1029 1261.9494 2066.1 623.0 990.9046 1458.7963 1150.8 338.1269 748.7 6188.8624 2390.2024;
	1857.7979 1220.5865 1997.2977 592.5661 937.9498 1410.1847 1125.4 333.3 749.2034 6145.0576 2315.6592;
	1790.9953 1136.1109 1855.9 571.2016 837.8297 1301.7117 1037.7539 299.4311 662.0 5677.1276 2097.7054;
	1706.0188 1057.6 1759.3496 564.3201 792.1208 1216.8 949.9442 263.4874 601.0701 5329.361 1940.3192;
	1629.9704 1008.1566 1738.1396 557.3474 782.0153 1156.6811 900.712 247.7924 583.7119 5028.8547 1830.2009;
	1586.0263 988.7136 1741.9842 546.212 770.5856 1142.2552 851.6264 266.1123 564.1419 4781.9696 1742.3934;
];
