function loadprofile = ex_load_profilesh1
%EX_LOAD_PROFILE  Example load profile data file for stochastic unit commitment.
% 2022.03.12
% Andres F. Ramirez

%% define constants
[CT_LABEL, CT_PROB, CT_TABLE, CT_TBUS, CT_TGEN, CT_TBRCH, CT_TAREABUS, ...
    CT_TAREAGEN, CT_TAREABRCH, CT_ROW, CT_COL, CT_CHGTYPE, CT_REP, ...
    CT_REL, CT_ADD, CT_NEWVAL, CT_TLOAD, CT_TAREALOAD, CT_LOAD_ALL_PQ, ...
    CT_LOAD_FIX_PQ, CT_LOAD_DIS_PQ, CT_LOAD_ALL_P, CT_LOAD_FIX_P, ...
    CT_LOAD_DIS_P, CT_TGENCOST, CT_TAREAGENCOST, CT_MODCOST_F, ...
    CT_MODCOST_X] = idx_ct;

loadprofile = struct( ...
    'type', 'mpcData', ...
    'table', CT_TAREALOAD, ...
    'rows', [1:11], ...
    'col', CT_LOAD_ALL_P, ...
    'chgtype', 1, ...
    'values', [] );
loadprofile.values(:,1,:) = [
	1515.8257 902.8421 1517.2447 531.2406 738.064 1081.5927 814.5746 224.8168 499.8027 4389.9418 1652.9202;
	1540.1677 925.7617 1551.7028 541.1 778.5173 1080.6791 819.4815 235.0768 478.2085 4416.681 1632.1699;
	1528.088 929.4992 1554.2939 536.9782 775.3 1098.9824 836.0631 242.4 487.4 4416.3206 1655.7;
	1614.4268 1001.2 1662.5315 563.2 824.1086 1156.4531 875.3503 261.8575 514.0 4588.6343 1764.1599;
	1792.2638 1127.3 1883.3247 581.9 929.5227 1337.9896 997.5291 316.4671 597.5 5271.97 2035.6917;
	1893.632 1189.6029 1977.7484 599.2988 986.1916 1403.4533 1058.4279 328.6928 655.5699 5720.0578 2167.1054;
	1915.2013 1228.0898 1971.4716 586.9176 985.4557 1431.5521 1068.2647 326.1462 674.1734 6143.4736 2202.4194;
	1950.8094 1225.9 1990.2 584.855 1026.7801 1430.022 1091.6607 322.8649 657.8871 6227.9034 2209.3747;
	1898.3848 1216.0 1936.3057 586.125 1010.3986 1382.6367 1056.0834 337.1061 659.7814 6340.7092 2119.6829;
	1910.9428 1229.8133 1976.108 576.7 1032.3767 1442.2546 1043.7276 331.0153 666.2629 6309.6644 2077.3;
	1855.6004 1230.0124 1997.31 558.0055 1028.0225 1404.8883 1003.6338 335.1 653.5632 6298.1551 2065.0427;
	1806.5488 1224.2 1987.1677 557.3204 1021.9784 1363.6948 994.6042 328.2326 638.4737 6300.4021 2073.5761;
	1749.0828 1206.6265 1957.9293 569.2982 1035.9682 1341.8177 991.8412 329.4976 661.3811 6245.6846 2053.6443;
	1751.6284 1203.5481 1958.0661 558.36 1025.5 1351.5439 1012.266 329.0301 665.3675 6257.2096 2047.2239;
	1764.7715 1202.0119 1953.2369 574.2717 1028.4925 1421.5415 1042.8 320.5 667.9847 6363.5973 2135.6535;
	1757.0831 1180.727 1956.23 575.8 1046.0 1459.1575 1068.3359 333.7 657.9866 6312.6962 2262.4618;
	1786.5861 1218.9096 1979.6085 576.2744 1095.6178 1513.2176 1098.0081 351.8125 670.2399 6211.6272 2380.5089;
	1875.6024 1279.2 2014.3105 592.9438 1093.4288 1570.5462 1154.4733 353.8 704.9841 6233.9066 2457.3696;
	1929.6912 1317.65 2083.8619 598.5466 1099.362 1572.5771 1165.3093 358.295 689.4513 6171.6192 2417.8632;
	1853.543 1210.2279 1929.7 593.4 1032.7 1483.6 1125.4 329.234 653.9163 5918.4 2321.0455;
	1791.6 1163.1589 1843.2672 579.3156 974.8502 1381.4357 1047.3702 310.4874 599.0652 5577.1673 2138.9113;
	1693.3857 1060.9 1673.9583 542.3501 896.8862 1248.2799 945.3 285.3545 517.1015 5181.8289 1912.3412;
	1550.0722 968.821 1602.0301 568.1452 875.2 1187.5469 849.1146 258.5761 453.1633 4773.1636 1775.0865;
	1545.3075 955.0741 1599.0085 570.836 853.3564 1159.0475 852.9895 260.9 457.2902 4523.1834 1732.1051;
];
