function solarprofile = ex_solar_profilesh1
%EX_WIND_PROFILE_D  Example wind_load_nyiso profile data for deterministic unit commitment.
% 2022.03.12
% Andres F. Ramirez


%% define constants
[GEN_BUS, PG, QG, QMAX, QMIN, VG, MBASE, GEN_STATUS, PMAX, PMIN, ...
    MU_PMAX, MU_PMIN, MU_QMAX, MU_QMIN, PC1, PC2, QC1MIN, QC1MAX, ...
    QC2MIN, QC2MAX, RAMP_AGC, RAMP_10, RAMP_30, RAMP_Q, APF] = idx_gen;
[CT_LABEL, CT_PROB, CT_TABLE, CT_TBUS, CT_TGEN, CT_TBRCH, CT_TAREABUS, ...
    CT_TAREAGEN, CT_TAREABRCH, CT_ROW, CT_COL, CT_CHGTYPE, CT_REP, ...
    CT_REL, CT_ADD, CT_NEWVAL, CT_TLOAD, CT_TAREALOAD, CT_LOAD_ALL_PQ, ...
    CT_LOAD_FIX_PQ, CT_LOAD_DIS_PQ, CT_LOAD_ALL_P, CT_LOAD_FIX_P, ...
    CT_LOAD_DIS_P, CT_TGENCOST, CT_TAREAGENCOST, CT_MODCOST_F, ...
    CT_MODCOST_X] = idx_ct;

solarprofile = struct( ...
    'type', 'mpcData', ...
    'table', CT_TGEN, ...
    'rows', [1:12], ...
    'col', PMAX, ...
    'chgtype', 1, ...
    'values', [] );
solarprofile.values(:,1,:) = [
	0.0 0.0 0.0 0.0 0.0 0.0 0.0 0.0 0.0 0.0 0.0 0.0;
	0.0 0.0 0.0 0.0 0.0 0.0 0.0 0.0 0.0 0.0 0.0 0.0;
	0.0 0.0 0.0 0.0 0.0 0.0 0.0 0.0 0.0 0.0 0.0 0.0;
	0.0 0.0 0.0 0.0 0.0 0.0 0.0 0.0 0.0 0.0 0.0 0.0;
	0.0 0.0 0.0 0.0 0.0 0.0 0.0 0.0 0.0 0.0 0.0 0.0;
	0.0 0.0 0.002 0.0 0.0 0.0 0.0 0.0 0.0 0.0 0.0 0.0;
	3.1616 4.2553 3.0875 2.9326 7.2212 154.6889 19.3361 42.5113 81.3016 72.3046 39.7767 130.9441;
	16.1323 13.8191 11.539 8.1227 12.7071 329.0908 41.1363 73.0906 158.1033 260.8636 115.1847 472.4256;
	23.1264 16.6029 13.8 10.8299 12.6195 375.9628 46.9954 75.667 168.8323 335.5557 183.7788 607.6934;
	26.2726 16.6083 13.8 11.2835 8.5685 353.0378 44.1297 68.4886 166.9832 331.1479 188.345 599.7109;
	24.8663 16.5982 13.7164 11.3796 9.4669 348.0081 43.501 63.7003 164.5078 324.2179 215.3812 587.1606;
	23.8315 16.5728 13.5991 11.3062 10.1904 352.8529 44.1066 57.9322 198.0951 308.3058 220.9101 558.3436;
	26.158 16.6083 13.7609 11.6163 11.5129 425.227 53.1534 67.5129 266.9173 164.5461 130.4914 297.9941;
	23.22 16.6083 13.8 11.5984 11.2034 438.2416 54.7802 72.9371 271.2607 132.1314 47.693 239.2907;
	17.7596 15.5259 11.2549 9.4795 9.2513 435.1412 54.3926 72.8005 258.4262 111.8899 35.8109 202.6333;
	9.2259 10.802 6.0832 6.3819 4.7371 284.1245 35.5156 56.4507 157.8145 97.1091 32.3863 175.8651;
	0.8097 0.9708 0.5918 1.392 3.4062 45.7162 5.7145 8.9094 27.0601 27.474 20.4705 49.7556;
	0.0 0.0 0.0 0.0 0.0 0.0 0.0 0.0 0.0 0.0 0.0 0.0;
	0.0 0.0 0.0 0.0 0.0 0.0 0.0 0.0 0.0 0.0 0.0 0.0;
	0.0 0.0 0.0 0.0 0.0 0.0 0.0 0.0 0.0 0.0 0.0 0.0;
	0.0 0.0 0.0 0.0 0.0 0.0 0.0 0.0 0.0 0.0 0.0 0.0;
	0.0 0.0 0.0 0.0 0.0 0.0 0.0 0.0 0.0 0.0 0.0 0.0;
	0.0 0.0 0.0 0.0 0.0 0.0 0.0 0.0 0.0 0.0 0.0 0.0;
	0.0 0.0 0.0 0.0 0.0 0.0 0.0 0.0 0.0 0.0 0.0 0.0;
];
