function solarprofile = ex_solar_profilesh1
%EX_WIND_PROFILE_D  Example wind_load_nyiso profile data for deterministic unit commitment.
% 2022.03.12
% Andres F. Ramirez


%% define constants
[GEN_BUS, PG, QG, QMAX, QMIN, VG, MBASE, GEN_STATUS, PMAX, PMIN, ...
    MU_PMAX, MU_PMIN, MU_QMAX, MU_QMIN, PC1, PC2, QC1MIN, QC1MAX, ...
    QC2MIN, QC2MAX, RAMP_AGC, RAMP_10, RAMP_30, RAMP_Q, APF] = idx_gen;
[CT_LABEL, CT_PROB, CT_TABLE, CT_TBUS, CT_TGEN, CT_TBRCH, CT_TAREABUS, ...
    CT_TAREAGEN, CT_TAREABRCH, CT_ROW, CT_COL, CT_CHGTYPE, CT_REP, ...
    CT_REL, CT_ADD, CT_NEWVAL, CT_TLOAD, CT_TAREALOAD, CT_LOAD_ALL_PQ, ...
    CT_LOAD_FIX_PQ, CT_LOAD_DIS_PQ, CT_LOAD_ALL_P, CT_LOAD_FIX_P, ...
    CT_LOAD_DIS_P, CT_TGENCOST, CT_TAREAGENCOST, CT_MODCOST_F, ...
    CT_MODCOST_X] = idx_ct;

solarprofile = struct( ...
    'type', 'mpcData', ...
    'table', CT_TGEN, ...
    'rows', [1:12], ...
    'col', PMAX, ...
    'chgtype', 1, ...
    'values', [] );
solarprofile.values(:,1,:) = [
	0.0 0.0 0.0 0.0 0.0 0.0 0.0 0.0 0.0 0.0 0.0 0.0;
	0.0 0.0 0.0 0.0 0.0 0.0 0.0 0.0 0.0 0.0 0.0 0.0;
	0.0 0.0 0.0 0.0 0.0 0.0 0.0 0.0 0.0 0.0 0.0 0.0;
	0.0 0.0 0.0 0.0 0.0 0.0 0.0 0.0 0.0 0.0 0.0 0.0;
	0.0 0.0 0.0 0.0 0.0 0.0 0.0 0.0 0.0 0.0 0.0 0.0;
	0.0 0.0 0.002 0.0 0.0 0.0 0.0 0.0 0.0 0.0 0.0 0.0;
	5.8426 5.5617 5.3261 2.7441 7.6338 247.0601 30.8825 44.7848 172.8099 69.9096 42.3814 126.6068;
	10.6164 10.8897 7.1895 6.1361 9.916 316.2238 39.528 70.3477 142.8164 204.4474 206.5301 370.2556;
	16.4372 15.3469 11.1793 8.0306 10.1603 330.524 41.3155 72.3488 126.3466 311.4659 238.9431 564.0666;
	24.4265 12.4371 10.9491 10.4285 6.6949 299.0841 37.3855 67.444 151.5827 176.1687 204.1605 319.0426;
	26.0488 13.1746 11.5323 11.3376 8.3745 349.3684 43.6711 67.6194 190.6262 247.6631 225.6693 448.5194;
	26.334 15.7889 12.9295 11.4717 8.9879 363.8282 45.4785 67.449 200.0932 277.174 239.6108 501.9639;
	26.3878 16.6083 13.8 11.5748 9.5197 404.2461 50.5308 70.6939 186.5181 158.8785 215.8791 287.7299;
	23.6693 16.6083 13.8 11.2033 9.2716 410.7532 51.3441 73.1429 157.4706 88.2423 158.0964 159.8073;
	17.8252 13.4119 10.9063 5.2361 8.0965 395.2512 49.4064 72.1376 118.3549 27.8189 54.5831 50.3802;
	4.9083 2.1485 2.0103 1.8888 3.2349 255.3013 31.9127 50.3427 49.4229 4.1582 0.0 7.5306;
	0.6973 0.5839 0.3718 1.2879 2.4345 50.5529 6.3191 8.704 19.801 19.1123 16.8335 34.6124;
	0.0 0.0 0.0 0.0 0.0 0.0 0.0 0.0 0.0 0.0 0.0 0.0;
	0.0 0.0 0.0 0.0 0.0 0.0 0.0 0.0 0.0 0.0 0.0 0.0;
	0.0 0.0 0.0 0.0 0.0 0.0 0.0 0.0 0.0 0.0 0.0 0.0;
	0.0 0.0 0.0 0.0 0.0 0.0 0.0 0.0 0.0 0.0 0.0 0.0;
	0.0 0.0 0.0 0.0 0.0 0.0 0.0 0.0 0.0 0.0 0.0 0.0;
	0.0 0.0 0.0 0.0 0.0 0.0 0.0 0.0 0.0 0.0 0.0 0.0;
	0.0 0.0 0.0 0.0 0.0 0.0 0.0 0.0 0.0 0.0 0.0 0.0;
];
