function windprofile = ex_wind_profilesh1
%EX_WIND_PROFILE_D  Example wind_load_nyiso profile data for deterministic unit commitment.
% 2022.03.12
% Andres F. Ramirez


%% define constants
[GEN_BUS, PG, QG, QMAX, QMIN, VG, MBASE, GEN_STATUS, PMAX, PMIN, ...
    MU_PMAX, MU_PMIN, MU_QMAX, MU_QMIN, PC1, PC2, QC1MIN, QC1MAX, ...
    QC2MIN, QC2MAX, RAMP_AGC, RAMP_10, RAMP_30, RAMP_Q, APF] = idx_gen;
[CT_LABEL, CT_PROB, CT_TABLE, CT_TBUS, CT_TGEN, CT_TBRCH, CT_TAREABUS, ...
    CT_TAREAGEN, CT_TAREABRCH, CT_ROW, CT_COL, CT_CHGTYPE, CT_REP, ...
    CT_REL, CT_ADD, CT_NEWVAL, CT_TLOAD, CT_TAREALOAD, CT_LOAD_ALL_PQ, ...
    CT_LOAD_FIX_PQ, CT_LOAD_DIS_PQ, CT_LOAD_ALL_P, CT_LOAD_FIX_P, ...
    CT_LOAD_DIS_P, CT_TGENCOST, CT_TAREAGENCOST, CT_MODCOST_F, ...
    CT_MODCOST_X] = idx_ct;

windprofile = struct( ...
    'type', 'mpcData', ...
    'table', CT_TGEN, ...
    'rows', [1:45], ...
    'col', PMAX, ...
    'chgtype', 1, ...
    'values', [] );
windprofile.values(:,1,:) = [
	3.8372 51.8485 94.731 112.6809 14.9092 32.8006 26.4117 18.9459 26.3736 30.9086 57.134 85.2328 128.3175 67.8515 203.899 76.8178 95.3109 101.0012 39.6445 73.3569 8.8039 76.5347 72.5364 88.5167 105.7608 75.1414 14.1641 1171.7748 644.7276 644.7276 535.5356 105.0895 132.1485 188.8209 212.7238 275.0838 1111.9635 219.6694 446.9134 283.2879 122.3743 363.8679 140.831 268.61 1123.5465;
	3.7875 51.1772 93.6345 119.1822 14.7601 31.8018 28.2616 18.5186 26.5656 30.0175 55.4868 82.7754 124.618 69.4236 203.7896 76.7765 95.2598 100.9469 36.6119 73.7632 9.4205 74.2041 70.9446 87.9968 105.1361 72.3703 14.0158 1229.3822 692.6072 692.6072 592.5969 109.0251 122.0398 189.8668 217.6523 295.5124 1169.6676 240.5564 451.5672 281.6145 122.7503 352.7877 136.8349 270.5968 1181.8517;
	3.7934 51.2571 93.6087 68.2838 14.7376 31.9041 28.1854 18.0995 26.3293 30.4255 56.241 83.9005 126.3118 68.925 203.7806 76.7732 95.2556 100.9425 33.8236 73.922 9.3951 74.4428 73.4577 87.0871 104.8036 71.1603 13.8983 1208.4106 697.6811 697.6811 590.5174 108.5442 112.7452 190.2754 216.0893 297.6773 1199.6979 238.9957 450.2063 280.7238 122.5914 353.9223 130.2209 268.1193 1212.1947;
	3.8286 51.7323 92.7504 86.1148 14.7084 32.7954 27.8798 18.0575 26.7736 30.1568 55.7444 83.1598 125.1966 69.3275 205.4724 77.4105 96.0464 101.7805 42.3393 73.922 9.2933 76.5227 68.0562 85.8908 103.989 71.3509 13.9624 1278.4499 732.7448 732.7448 573.0002 99.8827 141.131 190.2754 217.3509 312.6378 1169.3249 246.5447 463.452 278.5419 122.5787 363.8107 172.3391 265.074 1181.5054;
	3.6727 49.6261 93.8508 120.3223 14.8606 33.3214 24.1927 18.074 26.8193 30.9071 57.1314 85.2288 128.3114 69.2089 201.0131 75.7305 93.9619 99.5716 74.8987 73.4984 8.0642 77.75 63.1075 85.4314 102.849 71.3798 13.6515 1178.9415 656.2599 656.2599 538.0135 94.2583 249.6625 189.185 216.9792 280.0042 1169.555 237.5278 447.9938 275.4884 123.2379 369.6458 190.8048 258.3533 1181.7378;
	3.8066 51.4357 91.5833 117.4611 14.5646 33.6012 28.1912 17.9696 27.3406 31.2616 57.7866 86.2062 129.783 69.1194 204.03 76.8671 95.3722 101.066 90.3056 73.6834 9.3971 78.4028 74.1847 84.7231 103.7096 70.4005 13.8801 1231.4282 695.8421 695.8421 495.6652 92.2404 301.0188 189.6611 216.6985 296.8926 1137.1341 216.0877 452.1617 277.7937 122.9935 372.7491 190.4641 253.7077 1148.9792;
	3.9005 52.7039 93.7471 119.6381 14.9976 33.95 30.0797 17.9451 28.1933 31.3427 57.9365 86.4298 130.1197 67.4059 204.5572 77.0657 95.6186 101.3271 91.9187 73.276 10.0266 79.2167 75.096 85.4997 104.0875 73.8137 13.7579 1271.584 738.596 738.596 565.1535 87.4217 306.3956 188.6126 211.3265 315.1343 1165.2939 236.1617 468.7567 278.8057 123.8361 376.6187 201.8205 256.9963 1177.4324;
	3.8943 52.6205 94.6057 119.9487 15.3312 34.8028 29.8704 18.1917 27.8978 31.0379 57.3731 85.5893 128.8543 67.5849 203.8915 76.8149 95.3074 100.9974 91.8788 72.3817 9.9568 81.2065 74.162 84.5375 105.3975 73.3914 13.7646 1200.6996 701.0316 701.0316 534.4991 78.4717 306.2627 186.3106 211.8877 299.1068 1100.7184 229.68 458.4488 282.3148 122.8689 386.0789 205.7944 254.1504 1112.1842;
	3.7892 51.2002 93.7291 120.2638 14.8574 34.2066 29.4815 17.6189 27.9061 30.0822 55.6064 82.9539 124.8866 68.432 196.909 74.1843 92.0435 97.5386 89.2278 69.8986 9.8272 79.8155 71.7759 85.1652 103.1039 72.0261 13.4146 1268.4933 753.6135 753.6135 558.4342 76.147 297.426 179.9193 214.5437 321.5418 1206.8096 250.7561 464.731 276.1711 123.3676 379.4657 185.2661 255.5745 1219.3806;
	3.755 50.7379 93.717 118.8671 14.7595 33.547 29.3175 18.1175 28.0495 29.9815 55.4203 82.6761 124.4685 68.8279 191.73 72.2332 89.6226 94.9732 88.4146 69.095 9.7725 78.2763 71.3148 86.2333 104.7607 72.658 13.2127 1229.6498 723.9331 723.9331 610.961 86.1755 294.7154 177.8507 215.7848 308.8781 1121.7977 263.5589 462.0376 280.6091 123.6543 372.1477 163.1114 262.7151 1133.4831;
	3.7379 50.5071 94.1971 120.0282 14.9276 32.904 27.8355 18.1637 28.177 30.9348 57.1824 85.305 128.4261 67.8793 194.4275 73.2494 90.8835 96.3094 86.4116 69.7494 9.2785 76.7759 72.1797 85.145 104.1048 73.0402 13.2141 1152.8349 707.6757 707.6757 572.8472 84.5529 288.0386 179.5352 212.8106 301.9417 1055.9727 241.9518 464.508 278.8523 122.1489 365.0147 159.2623 261.0787 1066.9724;
	3.852 52.0492 95.1254 120.1897 14.9332 34.148 26.2887 18.313 28.1971 30.5679 56.5044 84.2934 126.9033 69.0634 192.7167 72.6049 90.0839 95.462 85.6518 69.6892 8.7629 79.6786 72.3576 84.6352 105.2633 73.7578 13.2669 1113.4002 713.3362 713.3362 582.3853 83.2477 285.506 179.3802 216.5231 304.3568 1064.5095 249.7574 455.5665 281.9554 120.0963 378.8148 182.7654 273.5245 1075.5981;
	3.79 51.2115 93.1338 119.7161 14.7491 32.7139 28.0712 17.461 27.7954 30.2911 55.9926 83.5299 125.7538 69.6493 195.6776 73.7204 91.4679 96.9287 89.1365 70.4973 9.3571 76.3324 71.9282 86.5183 101.339 73.7612 13.3118 1147.3904 781.5541 781.5541 683.8983 101.0969 297.1217 181.4601 218.3601 333.4631 1052.1071 279.7113 465.0779 271.4438 120.1773 362.9059 151.5658 259.0134 1063.0665;
	3.6359 49.1289 92.6433 118.2974 14.5149 32.5194 27.8848 17.7111 28.1605 30.4108 56.2138 83.86 126.2508 69.7176 197.3104 74.3356 92.2311 97.7375 88.6485 70.4248 9.2949 75.8785 72.0657 85.5523 99.5234 72.1638 13.3303 1067.2158 721.995 721.995 690.9566 96.2596 295.4952 181.2736 218.5741 308.0512 1004.4648 281.7916 464.9537 266.5806 118.9896 360.7481 140.3989 261.9135 1014.928;
	3.7244 50.3254 92.5273 114.2524 14.2868 32.4371 24.4931 17.6676 28.1925 30.6188 56.5983 84.4335 127.1142 69.3226 191.7097 72.2255 89.6131 94.9632 85.0965 69.7524 8.1644 75.6865 71.7748 85.5237 98.3781 71.9903 13.1645 1015.4259 710.1042 710.1042 680.7147 90.3459 283.6551 179.5427 217.3357 302.9778 936.2898 304.7678 460.0285 263.5127 117.709 359.8354 161.9184 253.78 946.0429;
	3.7024 50.0278 92.124 117.1132 14.4163 32.1753 26.6802 17.7371 27.9575 30.0823 55.6067 82.9542 124.8871 69.0854 196.5165 74.0365 91.86 97.3442 86.6324 69.5572 8.8934 75.0757 73.1417 84.1263 99.9359 72.5775 13.6015 1133.2324 733.6549 733.6549 643.7117 101.7415 288.7747 179.0403 216.5921 313.0261 1003.212 305.5346 453.6559 267.6854 119.9779 356.9313 160.4082 256.5114 1013.6622;
	3.5869 48.4669 87.2638 113.0281 14.2591 32.211 24.6635 15.9941 27.8199 30.0787 55.6001 82.9444 124.8724 69.6025 196.2256 73.9268 91.724 97.2001 87.4855 70.7671 8.2212 75.1589 71.2104 86.387 97.8693 70.4472 11.8449 1039.4048 725.8606 725.8606 683.8488 102.0084 291.6184 182.1547 218.2133 309.7005 1075.5188 309.9032 454.1063 262.1498 116.0518 357.3268 154.4745 224.0263 1086.7221;
	3.8837 52.4768 88.8305 112.9862 15.029 33.3206 25.8246 14.4984 28.1701 30.8756 57.0731 85.1419 128.1807 69.8448 204.1995 76.931 95.4514 101.15 87.0175 72.3206 8.6082 77.748 72.5413 84.5556 98.2841 63.0336 10.9154 1181.0759 707.1039 707.1039 669.805 97.7088 290.0583 186.1534 218.973 301.6977 1143.8786 314.6996 466.6074 263.2611 116.631 369.6362 182.4973 245.0357 1155.794;
