function windprofile = ex_wind_profilesh1
%EX_WIND_PROFILE_D  Example wind_load_nyiso profile data for deterministic unit commitment.
% 2022.03.12
% Andres F. Ramirez


%% define constants
[GEN_BUS, PG, QG, QMAX, QMIN, VG, MBASE, GEN_STATUS, PMAX, PMIN, ...
    MU_PMAX, MU_PMIN, MU_QMAX, MU_QMIN, PC1, PC2, QC1MIN, QC1MAX, ...
    QC2MIN, QC2MAX, RAMP_AGC, RAMP_10, RAMP_30, RAMP_Q, APF] = idx_gen;
[CT_LABEL, CT_PROB, CT_TABLE, CT_TBUS, CT_TGEN, CT_TBRCH, CT_TAREABUS, ...
    CT_TAREAGEN, CT_TAREABRCH, CT_ROW, CT_COL, CT_CHGTYPE, CT_REP, ...
    CT_REL, CT_ADD, CT_NEWVAL, CT_TLOAD, CT_TAREALOAD, CT_LOAD_ALL_PQ, ...
    CT_LOAD_FIX_PQ, CT_LOAD_DIS_PQ, CT_LOAD_ALL_P, CT_LOAD_FIX_P, ...
    CT_LOAD_DIS_P, CT_TGENCOST, CT_TAREAGENCOST, CT_MODCOST_F, ...
    CT_MODCOST_X] = idx_ct;

windprofile = struct( ...
    'type', 'mpcData', ...
    'table', CT_TGEN, ...
    'rows', [1:45], ...
    'col', PMAX, ...
    'chgtype', 1, ...
    'values', [] );
windprofile.values(:,1,:) = [
	3.6249 48.9807 88.7499 108.2632 14.3826 32.0108 27.0326 17.7517 27.4372 30.4397 56.2673 83.9397 126.3708 67.7139 194.7352 73.3654 91.0274 96.4619 33.271 70.1847 9.0109 74.6918 72.8465 87.6489 103.5377 74.7888 13.2957 1158.6232 703.088 703.088 588.7886 108.9436 110.9035 180.6556 212.2922 299.9842 1163.037 220.7086 437.9646 277.3332 118.2261 355.1061 133.7293 273.3087 1175.1519;
	3.5928 48.5465 88.1489 113.0848 14.4288 32.0131 26.9882 17.9524 26.1801 29.7348 54.9643 81.9959 123.4444 65.9679 192.9723 72.7012 90.2033 95.5886 29.3199 71.3135 8.9961 74.6972 71.999 87.4031 99.6018 73.9847 12.9797 1131.3699 697.7009 697.7009 554.4914 110.6812 97.7329 183.5611 206.8183 297.6857 1120.1186 224.3734 433.8382 266.7905 121.6034 355.1316 120.5192 272.1663 1131.7865;
	3.6902 49.8624 91.8705 62.3825 14.6182 34.006 27.4151 17.803 27.4188 30.0584 55.5624 82.8882 124.7877 68.2788 198.5505 74.8027 92.8108 98.3517 34.8443 71.2232 9.1384 79.3474 73.2774 88.7489 102.2945 74.1935 13.2406 1128.5191 704.2842 704.2842 560.1088 115.0964 116.1477 183.3286 214.0634 300.4946 1162.4338 230.9838 436.4071 274.0032 121.1241 377.2402 132.4351 274.6668 1174.5425;
	3.6337 49.0998 91.3673 81.157 14.8899 33.3836 27.1115 18.1631 27.6023 29.4538 54.4449 81.2211 122.2779 66.6162 198.4281 74.7566 92.7536 98.2911 43.4011 71.1876 9.0372 77.895 68.0483 89.7199 103.0046 76.1967 13.4823 1117.0946 713.5508 713.5508 562.8014 105.9196 144.6705 183.237 208.8507 304.4483 1095.1553 242.3299 432.0562 275.9051 121.8779 370.335 163.7257 273.4774 1106.5632;
	3.6469 49.2778 92.792 120.0068 15.3367 34.4692 24.1204 18.7911 28.2615 29.4904 54.5126 81.322 122.4298 68.3488 192.3887 72.4813 89.9305 95.2995 77.5541 71.7718 8.0401 80.4281 60.9529 89.7699 104.9116 75.714 13.5165 1127.2749 697.3741 697.3741 557.8763 106.3785 258.5136 184.7409 214.2827 297.5463 1202.0426 257.0611 443.6795 281.0133 122.3809 382.3783 186.3906 278.8132 1214.5638;
	3.9028 52.7357 92.6925 118.2261 15.3583 34.5111 27.1464 18.5112 27.9316 29.7478 54.9883 82.0318 123.4984 68.1476 196.1015 73.8801 91.6661 97.1387 87.4547 71.2992 9.0488 80.5258 72.244 88.1628 104.927 74.767 13.6181 1180.2148 736.5472 736.5472 527.4817 101.3354 291.5157 183.5244 213.6519 314.2602 1129.924 233.0486 437.5118 281.0544 123.7579 382.8426 200.2894 274.78 1141.6941;
	3.8553 52.0937 92.3965 116.1593 15.0742 32.7949 27.9545 18.5843 28.0353 29.6751 54.8541 81.8315 123.1968 69.0717 192.7787 72.6282 90.1128 95.4927 88.5468 70.9414 9.3182 76.5215 74.0743 88.3054 102.9364 76.3663 13.2521 1235.4433 765.8395 765.8395 585.647 98.3047 295.1559 182.6035 216.5491 326.7582 1169.5976 250.7141 434.549 275.7224 120.7707 363.8049 197.4132 274.011 1181.7809;
	3.8255 51.6909 90.0919 117.3363 15.3003 32.6238 25.4424 19.0689 27.1842 30.0143 55.481 82.7668 124.605 67.8843 194.3068 73.204 90.8271 96.2497 89.9742 71.1209 8.4808 76.1222 73.773 89.259 105.4557 76.1248 13.5448 1173.4464 722.6063 722.6063 574.191 86.358 299.914 183.0653 212.8264 308.312 1123.2614 251.3613 434.8101 282.4706 123.1441 361.9067 187.5399 268.8938 1134.962;
	3.8867 52.5173 93.605 119.25 15.3519 34.3635 26.799 18.9032 27.0048 31.1736 57.624 85.9636 129.4177 69.3337 202.6864 76.3609 94.7441 100.4005 92.4065 72.9942 8.933 80.1815 74.5716 89.8452 105.5895 76.0875 13.7689 1262.452 792.5127 792.5127 645.755 83.6311 308.0216 187.8872 217.3705 338.1387 1237.8192 293.6065 440.6641 282.8289 123.1088 381.2059 180.0099 278.1641 1250.7132;
	3.8636 52.2062 93.5243 119.2257 15.1688 33.8476 27.1249 18.5786 27.2848 30.6438 56.6446 84.5026 127.2182 69.7064 200.5344 75.5502 93.7382 99.3345 92.848 72.8906 9.0416 78.9778 73.3758 89.988 105.3853 75.1719 13.635 1213.0394 780.1907 780.1907 699.8218 95.7059 309.4934 187.6206 218.539 332.8814 1212.295 315.737 461.7729 282.2819 121.5796 375.4832 169.9877 274.9527 1224.9231;
	3.9 52.6969 93.3209 119.1154 14.8251 32.8691 26.5732 18.2876 26.8514 30.818 56.9665 84.9828 127.9412 69.8316 200.1502 75.4054 93.5586 99.1442 89.7021 73.3808 8.8577 76.6947 73.2969 88.3584 104.3397 72.625 13.4262 1210.2921 780.2211 780.2211 696.0922 97.1104 299.007 188.8824 218.9314 332.8943 1168.7881 322.7791 464.555 279.4813 120.231 364.6284 170.0748 268.3036 1180.963;
	3.8303 51.756 92.0253 114.6991 14.6118 33.2065 25.3782 17.8495 26.2889 30.8773 57.0762 85.1465 128.1876 69.0657 194.127 73.1362 90.7431 96.1606 87.3031 70.4319 8.4594 77.4819 73.4901 87.3712 103.4829 72.3547 12.9946 1185.0479 753.216 753.216 671.2511 100.2702 291.0105 181.2918 216.5302 321.3722 1167.6069 294.3516 459.4177 277.1864 119.5693 368.3712 177.5044 272.7632 1179.7694;
	3.8998 52.6947 94.1693 119.9363 15.0567 33.9762 28.0784 17.9577 27.9696 31.0649 57.4231 85.664 128.9666 69.9482 200.4862 75.532 93.7156 99.3106 88.4136 72.0262 9.3595 79.2779 75.23 89.4008 103.9919 72.789 13.0695 1131.7349 766.3144 766.3144 680.8 101.8176 294.7119 185.3956 219.297 326.9608 1072.4621 307.5887 468.0547 278.5497 121.7576 376.9098 158.7195 271.2328 1083.6336;
	3.9171 52.9287 94.8987 120.0761 15.253 35.0224 28.9071 18.6093 27.8869 30.6929 56.7353 84.6379 127.4219 69.4954 201.1434 75.7796 94.0229 99.6362 89.4591 72.7032 9.6357 81.7189 74.4552 88.8832 103.8071 74.7482 13.6439 1146.2756 740.4705 740.4705 725.4905 100.4829 298.1969 187.1381 217.8776 315.9341 1067.6735 321.0228 473.9912 278.0548 119.0377 388.5148 161.9302 280.773 1078.7951;
	3.8866 52.5166 94.8618 118.2589 15.2337 34.616 25.9317 18.629 27.7082 31.0508 57.3969 85.6249 128.9078 69.3993 199.5621 75.1839 93.2837 98.8528 89.3029 72.4061 8.6439 80.7706 73.8784 88.8335 103.3084 74.6031 13.6323 1133.828 740.8738 740.8738 686.8832 99.5284 297.6764 186.3736 217.5762 316.1061 1000.5174 319.686 477.8375 276.7188 115.588 384.0064 175.6922 271.0755 1010.9394;
	3.8288 51.7349 93.6199 116.7165 15.2064 33.5184 25.5445 18.1779 28.2247 30.1449 55.7224 83.1269 125.1471 69.2583 200.8918 75.6848 93.9052 99.5115 89.9308 73.1446 8.5148 78.2096 72.8115 88.2165 102.368 73.8564 13.1813 1173.9163 756.338 756.338 662.9855 102.3789 299.7692 188.2743 217.1341 322.7042 1059.6013 305.7425 476.1856 274.2 116.7165 371.8308 171.2933 268.3855 1070.6388;
	3.6381 49.1592 93.5172 116.0871 15.2182 33.9498 23.6556 17.855 27.1327 29.5618 54.6445 81.5189 122.7262 68.2293 198.3012 74.7088 92.6943 98.2283 88.5489 72.6792 7.8852 79.2161 72.8003 89.5886 104.8169 74.5566 12.4414 1122.5055 735.3284 735.3284 661.7652 98.0634 295.1629 187.0765 213.9079 313.7401 1114.8956 290.1116 451.8351 280.7596 119.9851 376.6161 163.118 241.8247 1126.5091;
	3.8269 51.7096 95.2491 117.9542 15.0566 34.0107 24.8963 15.5313 27.5104 28.6215 52.9064 78.926 118.8227 67.116 198.4011 74.7465 92.741 98.2777 86.9814 69.9864 8.2988 79.3584 69.89 89.4971 105.4719 68.3737 11.7108 1165.3882 747.2075 747.2075 723.5535 94.0907 289.9379 180.1453 210.4177 318.8085 1138.7164 303.6265 472.9989 282.514 119.6303 377.2925 180.0804 252.7789 1150.5781;
