function loadprofile = ex_load_profilesh1
%EX_LOAD_PROFILE  Example load profile data file for stochastic unit commitment.
% 2022.03.12
% Andres F. Ramirez

%% define constants
[CT_LABEL, CT_PROB, CT_TABLE, CT_TBUS, CT_TGEN, CT_TBRCH, CT_TAREABUS, ...
    CT_TAREAGEN, CT_TAREABRCH, CT_ROW, CT_COL, CT_CHGTYPE, CT_REP, ...
    CT_REL, CT_ADD, CT_NEWVAL, CT_TLOAD, CT_TAREALOAD, CT_LOAD_ALL_PQ, ...
    CT_LOAD_FIX_PQ, CT_LOAD_DIS_PQ, CT_LOAD_ALL_P, CT_LOAD_FIX_P, ...
    CT_LOAD_DIS_P, CT_TGENCOST, CT_TAREAGENCOST, CT_MODCOST_F, ...
    CT_MODCOST_X] = idx_ct;

loadprofile = struct( ...
    'type', 'mpcData', ...
    'table', CT_TAREALOAD, ...
    'rows', [1:11], ...
    'col', CT_LOAD_ALL_P, ...
    'chgtype', 1, ...
    'values', [] );
loadprofile.values(:,1,:) = [
	1445.2917 890.2 1556.1969 531.8 658.6346 1080.2 862.7233 243.8 499.9476 4464.7281 1633.999;
	1431.0318 892.048 1566.8 497.239 664.9339 1096.8041 878.3 238.6132 504.3344 4427.461 1659.2386;
	1440.2903 903.1056 1592.9 521.7 682.0977 1107.4587 897.0089 249.1882 513.0566 4485.2064 1690.3034;
	1520.1025 981.888 1701.2354 547.5 745.1058 1178.8842 948.5482 278.8069 547.1635 4757.1737 1807.5498;
	1698.0 1111.3166 1916.0191 560.3467 872.0151 1296.7 1037.9859 331.9195 622.062 5346.2436 2060.7259;
	1809.5786 1184.0641 2002.5447 588.5039 959.1309 1368.3523 1097.0925 365.1619 684.2 5807.8054 2181.5668;
	1851.8107 1210.8206 2038.3657 590.8332 984.6625 1412.3948 1112.3272 378.6666 700.4496 6153.8327 2238.2253;
	1872.0301 1232.0326 2041.3068 614.8161 994.2805 1399.4671 1103.2896 389.5355 742.3293 6327.1648 2262.2386;
	1884.0934 1246.0 2058.6147 607.0641 1013.3528 1371.9766 1087.4689 377.8879 757.9718 6335.3984 2237.8915;
	1900.6865 1256.8008 2085.6791 603.1455 1050.1072 1350.3217 1074.5351 371.6416 772.4519 6319.2331 2284.9828;
	1858.2899 1255.2564 2095.4569 600.784 1019.1859 1343.2292 1054.801 360.1657 777.3694 6360.0702 2257.4917;
	1875.265 1259.207 2038.7 603.649 974.132 1317.823 1052.3805 378.8349 786.0192 6362.6122 2240.3963;
	1893.1408 1244.0058 2015.5 599.7739 965.5 1284.918 1035.7051 383.9856 806.8843 6230.4465 2237.1001;
	1870.7468 1220.0 1968.8196 572.1511 979.824 1334.7996 1058.5607 377.9365 764.6843 6190.6512 2255.3098;
	1807.4237 1205.8356 1895.4204 567.4295 941.8705 1335.5004 1068.0879 386.6019 719.331 6308.9427 2304.5722;
	1759.2871 1213.8817 1934.5183 566.0789 984.4 1410.3195 1068.5662 396.945 711.6 6240.1198 2318.6023;
	1780.1658 1220.7847 1924.6351 586.5 982.4486 1477.0414 1090.6614 404.0596 701.1218 6187.8 2440.7664;
	1795.7001 1253.4 2064.7552 602.2569 1022.396 1553.3867 1169.1526 422.3643 775.2993 6296.1929 2656.4675;
	1865.5937 1277.2207 2054.8248 620.2742 1032.2 1523.6536 1158.0969 397.3642 736.6487 6078.3719 2535.8528;
	1765.0341 1202.5758 1947.4241 593.8104 961.4011 1435.4804 1098.4288 375.6321 697.554 5903.2384 2399.6314;
	1687.9218 1109.7536 1800.7397 552.6595 852.8715 1314.7 1016.5013 325.1469 641.5087 5653.2928 2193.2941;
	1583.4384 1024.7665 1677.661 549.3759 782.5884 1234.3144 925.8725 281.5 564.5418 5113.0667 1931.8936;
	1511.6903 985.4 1632.8384 539.22 773.5321 1233.2375 901.6031 269.4041 542.7 4859.3445 1820.1;
	1468.1853 974.2 1630.4839 545.2235 733.5377 1165.6019 879.4 276.4 527.4702 4695.176 1762.2171;
];
