function windprofile = ex_wind_profilesh1
%EX_WIND_PROFILE_D  Example wind_load_nyiso profile data for deterministic unit commitment.
% 2022.03.12
% Andres F. Ramirez


%% define constants
[GEN_BUS, PG, QG, QMAX, QMIN, VG, MBASE, GEN_STATUS, PMAX, PMIN, ...
    MU_PMAX, MU_PMIN, MU_QMAX, MU_QMIN, PC1, PC2, QC1MIN, QC1MAX, ...
    QC2MIN, QC2MAX, RAMP_AGC, RAMP_10, RAMP_30, RAMP_Q, APF] = idx_gen;
[CT_LABEL, CT_PROB, CT_TABLE, CT_TBUS, CT_TGEN, CT_TBRCH, CT_TAREABUS, ...
    CT_TAREAGEN, CT_TAREABRCH, CT_ROW, CT_COL, CT_CHGTYPE, CT_REP, ...
    CT_REL, CT_ADD, CT_NEWVAL, CT_TLOAD, CT_TAREALOAD, CT_LOAD_ALL_PQ, ...
    CT_LOAD_FIX_PQ, CT_LOAD_DIS_PQ, CT_LOAD_ALL_P, CT_LOAD_FIX_P, ...
    CT_LOAD_DIS_P, CT_TGENCOST, CT_TAREAGENCOST, CT_MODCOST_F, ...
    CT_MODCOST_X] = idx_ct;

windprofile = struct( ...
    'type', 'mpcData', ...
    'table', CT_TGEN, ...
    'rows', [1:45], ...
    'col', PMAX, ...
    'chgtype', 1, ...
    'values', [] );
windprofile.values(:,1,:) = [
	3.8468 51.9784 91.686 109.8188 14.2097 32.8033 25.3559 18.6863 25.7769 29.803 55.0904 82.1841 123.7277 64.865 196.7014 74.1061 91.9465 97.4358 23.9009 71.0841 8.452 76.541 72.4511 88.6993 103.9907 73.2103 13.7699 1052.7627 616.273 616.273 553.8514 86.7109 79.6697 182.9706 203.3605 262.9432 1038.3953 216.4546 464.1412 278.5465 118.2287 363.8977 132.3499 270.3164 1049.2119;
	3.7222 50.2952 94.5324 116.6744 14.4461 31.6 26.5151 18.5484 24.9768 28.5437 52.7627 78.7115 118.4998 63.2698 189.7556 71.4893 88.6997 93.9952 24.3296 71.365 8.8384 73.7332 66.0383 89.1051 104.355 73.4738 13.5799 1092.657 676.7077 676.7077 574.8348 94.776 81.0988 183.6937 198.3593 288.7286 1118.709 224.6181 452.6743 279.5224 118.4458 350.5488 121.3467 277.939 1130.3623;
	3.8107 51.4915 95.2944 66.8975 14.5914 33.0495 27.6186 18.394 25.9179 27.5231 50.8761 75.8971 114.2627 64.0325 199.1747 75.0379 93.1026 98.6609 29.9773 71.1667 9.2062 77.1156 62.1878 89.2797 106.0176 74.9487 13.7235 1080.3352 657.175 657.175 539.2577 96.5451 99.9244 183.1833 200.7506 280.3947 1106.1077 216.1333 450.0094 283.9757 119.5133 366.6294 132.4512 278.741 1117.6297;
	3.8035 51.3939 95.2334 84.9716 14.7541 33.3832 26.725 17.9151 26.125 28.8873 53.3978 79.6589 119.9261 63.9329 203.0647 76.5034 94.9209 100.5879 41.5371 72.2605 8.9083 77.894 61.4634 88.2803 104.4907 73.6575 13.4636 1145.2537 681.6972 681.6972 535.8275 91.6878 138.4571 185.9987 200.4383 290.8575 1082.7068 232.0545 449.3946 279.8859 120.3153 370.3305 165.4032 280.8157 1093.985;
	3.5885 48.4881 94.9417 118.6715 14.7797 32.3044 20.5072 18.0684 22.057 24.614 45.4986 67.875 102.1855 62.3391 187.5982 70.6765 87.6912 92.9265 68.2783 69.0425 6.8357 75.3769 45.9586 89.0494 106.0718 74.4866 13.3258 1114.202 634.6119 634.6119 540.4241 94.0962 227.5943 177.7156 195.4416 270.7678 1118.7181 232.4701 422.7268 284.1209 116.9713 358.3635 181.7128 278.2245 1130.3714;
	3.794 51.265 94.3257 118.6303 14.8714 33.3734 23.7147 18.5645 22.3628 27.9697 51.7016 77.1286 116.1168 64.0968 193.57 72.9264 90.4827 95.8847 78.676 70.8665 7.9049 77.8712 68.4378 89.1228 106.3295 74.824 13.7594 1157.1201 698.8121 698.8121 516.7458 86.2314 262.2534 182.4106 200.9523 298.1598 1059.7008 217.9744 403.3171 284.8112 115.9446 370.2219 193.2247 281.2022 1070.7393;
	3.7993 51.3371 94.6876 119.4849 14.6972 33.5458 27.0922 18.3277 25.7826 29.5497 54.6222 81.4856 122.6761 65.2037 200.0602 75.3715 93.5165 99.0996 87.0277 71.4641 9.0307 78.2734 73.8778 88.173 104.5637 75.2775 13.3513 1208.586 725.9395 725.9395 597.5104 91.4033 290.0924 183.9489 204.4226 309.7342 1129.8511 239.1845 438.6846 280.0813 120.9247 372.1342 204.1621 278.697 1141.6204;
	3.8451 51.956 95.151 120.6014 15.0462 34.6039 27.2489 18.7924 26.781 30.4237 56.2377 83.8955 126.3043 65.3724 201.5696 75.9402 94.222 99.8472 86.3806 71.9798 9.083 80.7424 75.5761 89.4129 106.6302 74.5302 13.3424 1186.6901 677.7535 677.7535 548.9301 76.4112 287.9355 185.2763 204.9515 289.1748 1121.8154 235.1734 447.0978 285.6167 122.4718 383.8725 201.5509 280.911 1133.501;
	3.832 51.7782 94.2678 119.5218 14.544 34.535 27.8442 18.651 26.4136 30.0393 55.5273 82.8358 124.7088 67.3443 202.702 76.3668 94.7514 100.4082 89.0287 72.1481 9.2814 80.5817 74.5351 87.937 105.724 73.7748 13.6411 1201.015 753.6567 753.6567 593.8513 75.0402 296.7622 185.7094 211.1334 321.5602 1189.3537 268.4138 451.522 283.1894 123.5365 383.1082 185.1598 281.6541 1201.7428;
	3.773 50.9814 94.1712 119.0529 14.6567 34.2396 29.0471 18.3152 26.6134 30.1493 55.7305 83.139 125.1653 66.9332 200.4523 75.5192 93.6998 99.2938 89.4767 71.5549 9.6824 79.8924 74.6752 86.985 105.4301 72.5367 13.5454 1200.9589 715.6567 715.6567 646.4919 88.838 298.2557 184.1825 209.8447 305.3469 1165.7136 287.5981 459.446 282.402 123.3229 379.8315 166.5885 275.6526 1177.8565;
	3.8811 52.4416 93.5246 119.0237 14.7045 33.9378 26.4035 18.2681 27.1006 30.336 56.0756 83.6537 125.9402 65.6431 203.2353 76.5677 95.0007 100.6724 87.2865 71.5645 8.8012 79.1883 75.4658 87.4256 104.3814 71.9824 13.4177 1171.0353 704.2855 704.2855 604.7802 86.9616 290.955 184.2072 205.7999 300.4952 1089.2485 272.951 450.8985 279.593 123.9504 376.4838 179.5374 270.912 1100.5949;
	3.6941 49.9158 91.6928 117.0724 14.1081 33.2863 26.5898 18.1071 26.9594 29.6244 54.7602 81.6915 122.9861 66.8191 204.0211 76.8637 95.368 101.0616 88.8787 71.6046 8.8633 77.668 74.1228 85.74 102.3761 72.2014 13.3337 1157.5427 712.7854 712.7854 596.9035 94.5318 296.2624 184.3105 209.487 304.1218 1136.6231 268.3412 457.9542 274.2216 122.7683 369.256 186.3433 271.262 1148.4629;
	3.7385 50.5153 90.9166 118.1327 14.0989 32.471 27.9984 18.5301 26.6165 29.9301 55.3254 82.5346 124.2554 66.9402 205.2087 77.3112 95.9232 101.6499 88.5356 70.7637 9.3328 75.7657 74.7205 87.7727 102.8706 72.3189 13.8647 1045.084 649.0754 649.0754 601.4878 100.339 295.1187 182.1459 209.8666 276.9388 986.8853 271.0177 454.5632 275.5463 122.6064 360.2117 157.1913 273.1678 997.1654;
	3.7596 50.8009 94.0148 120.0958 14.2133 32.9409 29.3335 18.8125 27.2939 31.0484 57.3925 85.6183 128.8978 65.8818 204.9521 77.2145 95.8032 101.5228 89.8949 71.2156 9.7778 76.8622 75.4173 88.0793 103.4131 72.3646 13.9082 1109.1865 662.3085 662.3085 631.2138 103.4216 299.6496 183.3091 206.5485 282.585 1017.8449 302.8498 476.2062 276.9995 123.0163 365.4249 157.2291 276.1091 1028.4475;
	3.7141 50.1857 93.0044 118.2739 13.9722 31.9567 25.5809 19.0606 26.1335 30.9738 57.2546 85.4126 128.5883 67.6548 203.1305 76.5282 94.9517 100.6204 90.3913 71.4029 8.527 74.5657 75.1285 88.6508 104.4727 74.4184 13.9461 1034.0242 661.1429 661.1429 643.2068 103.7222 301.3043 183.7912 212.1071 282.0876 948.5399 303.4777 464.0936 279.8375 121.6451 354.5068 165.9772 263.3998 958.4206;
	3.6801 49.7264 91.4649 117.7024 13.9779 31.6735 26.3977 18.2388 23.6258 29.9437 55.3504 82.5719 124.3115 67.6654 205.5013 77.4214 96.0599 101.7948 87.9857 70.9693 8.7992 73.9047 73.3341 87.073 102.667 73.6986 13.7129 1110.9509 692.8202 692.8202 597.8784 109.4319 293.2857 182.6751 212.1403 295.6033 1056.526 279.1942 455.7502 275.0009 117.3173 351.3642 167.9501 257.8451 1067.5315;
	3.5619 48.1291 88.5582 113.3143 13.9537 30.9661 25.4971 17.1797 22.3863 29.5781 54.6747 81.5639 122.794 63.4585 203.9133 76.8232 95.3176 101.0082 91.1707 71.3663 8.499 72.2543 73.8795 87.5427 99.3358 71.3657 11.9824 1132.5466 702.1428 702.1428 599.9723 104.6879 303.9024 183.697 198.9509 299.5809 1133.2948 271.3676 420.3517 266.0781 112.3551 343.5177 168.858 226.4671 1145.1;
	3.6936 49.9089 91.957 114.2841 14.0586 28.9976 25.1636 16.1425 25.6505 28.7793 53.1981 79.3611 119.4776 64.7804 196.3582 73.9768 91.7861 97.2658 89.0723 69.2588 8.3879 67.661 70.9716 89.3194 103.6476 72.3082 12.059 1225.2091 668.3554 668.3554 623.6862 101.146 296.9078 178.2722 203.0954 285.165 1123.4992 282.7587 426.4062 277.6276 115.6499 321.6797 179.6332 250.2613 1135.2023;
