function loadprofile = ex_load_profilesh1
%EX_LOAD_PROFILE  Example load profile data file for stochastic unit commitment.
% 2022.03.12
% Andres F. Ramirez

%% define constants
[CT_LABEL, CT_PROB, CT_TABLE, CT_TBUS, CT_TGEN, CT_TBRCH, CT_TAREABUS, ...
    CT_TAREAGEN, CT_TAREABRCH, CT_ROW, CT_COL, CT_CHGTYPE, CT_REP, ...
    CT_REL, CT_ADD, CT_NEWVAL, CT_TLOAD, CT_TAREALOAD, CT_LOAD_ALL_PQ, ...
    CT_LOAD_FIX_PQ, CT_LOAD_DIS_PQ, CT_LOAD_ALL_P, CT_LOAD_FIX_P, ...
    CT_LOAD_DIS_P, CT_TGENCOST, CT_TAREAGENCOST, CT_MODCOST_F, ...
    CT_MODCOST_X] = idx_ct;

loadprofile = struct( ...
    'type', 'mpcData', ...
    'table', CT_TAREALOAD, ...
    'rows', [1:11], ...
    'col', CT_LOAD_ALL_P, ...
    'chgtype', 1, ...
    'values', [] );
loadprofile.values(:,1,:) = [
	1504.0227 907.7994 1583.6767 562.1093 777.5492 1060.3113 829.9856 251.0589 521.0275 4564.4496 1658.7821;
	1496.2267 913.9874 1593.4356 564.3622 755.5305 1073.6932 850.3659 254.2 529.5925 4512.7223 1657.5598;
	1499.7908 928.5941 1619.3 564.9 787.3 1091.7334 851.0 250.3293 525.8814 4528.8 1649.4036;
	1592.0547 973.1614 1704.4 575.3546 826.7533 1160.6352 905.7432 281.4805 560.58 4881.1315 1799.243;
	1735.0557 1078.8806 1886.0153 605.7256 931.6849 1270.9353 1004.37 318.4802 641.6183 5454.0731 2066.1305;
	1840.0999 1170.2584 2010.5116 618.7089 1011.3109 1372.5851 1057.7766 353.0415 706.6294 6068.0817 2222.2414;
	1834.7335 1181.8443 2051.9 605.6 1045.9567 1410.4981 1100.4083 366.123 733.0913 6328.6824 2248.8469;
	1844.6638 1181.0893 2045.908 589.2241 1050.0881 1375.0 1094.7728 366.6798 721.0877 6428.4356 2244.9428;
	1873.6 1173.3017 2035.3453 597.5281 1053.6539 1386.611 1091.4529 366.9254 728.4 6477.1271 2265.9744;
	1891.525 1144.1825 2001.3542 586.9926 1043.8902 1379.1651 1084.7348 369.4447 731.63 6539.9907 2314.3023;
	1897.711 1132.2006 1966.7681 576.6108 1024.3 1338.6339 1034.3166 350.589 701.4953 6544.581 2227.7556;
	1862.5 1130.6516 1970.3966 563.9228 989.186 1353.0217 1066.2342 355.566 695.5978 6613.4908 2255.9324;
	1861.5732 1156.1697 1927.9918 553.4723 987.4983 1353.9881 1074.1 367.2531 690.3 6547.3613 2250.7841;
	1867.0327 1196.0819 1930.1878 560.4464 968.1388 1375.2973 1089.6685 359.8538 725.1989 6602.4203 2287.0;
	1908.0841 1232.3078 1978.9655 574.707 984.1908 1427.6871 1114.3644 386.7717 738.703 7021.4916 2494.7898;
	1934.431 1242.003 1968.2648 593.5703 997.2272 1463.7092 1134.6278 404.1969 723.581 6965.4285 2455.8218;
	1920.1708 1291.4798 2027.3276 612.6 1071.9636 1529.5 1167.9698 417.587 719.8 6701.5108 2532.9839;
	1974.8016 1316.1922 2149.1401 622.7842 1108.3023 1563.877 1260.6 418.2289 752.0859 6592.8595 2565.6227;
	1990.4 1330.8174 2212.852 633.2861 1117.4351 1586.6819 1319.4388 437.7164 782.8147 6649.4851 2611.7612;
	1901.8199 1245.4653 2066.166 616.7448 1029.1786 1504.8285 1216.3926 422.0347 724.4381 6398.5988 2448.4551;
	1819.2432 1156.1814 1941.925 578.9389 955.595 1400.4764 1123.4288 362.7407 666.7091 5756.5024 2195.3414;
	1704.6454 1083.3537 1861.2886 576.3026 908.5089 1337.3122 1049.9578 336.8771 627.9392 5582.0965 1985.8736;
	1621.0289 992.5402 1746.287 577.4142 880.3306 1257.9373 968.344 309.5758 562.1219 5365.7873 1853.7444;
	1576.1685 960.9409 1666.639 598.5827 823.5158 1199.4 909.509 282.5663 522.2 4833.2612 1757.228;
];
