function loadprofile = ex_load_profilesh1
%EX_LOAD_PROFILE  Example load profile data file for stochastic unit commitment.
% 2022.03.12
% Andres F. Ramirez

%% define constants
[CT_LABEL, CT_PROB, CT_TABLE, CT_TBUS, CT_TGEN, CT_TBRCH, CT_TAREABUS, ...
    CT_TAREAGEN, CT_TAREABRCH, CT_ROW, CT_COL, CT_CHGTYPE, CT_REP, ...
    CT_REL, CT_ADD, CT_NEWVAL, CT_TLOAD, CT_TAREALOAD, CT_LOAD_ALL_PQ, ...
    CT_LOAD_FIX_PQ, CT_LOAD_DIS_PQ, CT_LOAD_ALL_P, CT_LOAD_FIX_P, ...
    CT_LOAD_DIS_P, CT_TGENCOST, CT_TAREAGENCOST, CT_MODCOST_F, ...
    CT_MODCOST_X] = idx_ct;

loadprofile = struct( ...
    'type', 'mpcData', ...
    'table', CT_TAREALOAD, ...
    'rows', [1:11], ...
    'col', CT_LOAD_ALL_P, ...
    'chgtype', 1, ...
    'values', [] );
loadprofile.values(:,1,:) = [
	1490.744 924.5476 1582.2534 540.4 720.6048 1077.7176 832.3383 233.7724 491.2733 4460.3506 1616.8478;
	1482.2873 924.811 1577.966 544.9412 756.1639 1091.2706 849.9771 239.7341 498.2428 4505.3736 1643.3003;
	1499.0929 942.3696 1608.9277 554.0 747.9117 1102.6436 847.1 242.4 487.6 4470.4597 1666.1733;
	1597.8639 1000.9602 1680.8 565.7405 812.9307 1191.6591 904.8 264.4046 544.8717 4721.6336 1774.1418;
	1742.339 1128.114 1885.4 574.6766 942.7256 1334.5965 1011.3 322.9 628.3 5330.4931 2044.6591;
	1877.6975 1233.7404 2065.1863 603.3904 1023.3086 1433.8 1065.5719 359.1618 682.2032 5894.3154 2158.5841;
	1855.7927 1232.6 2021.9968 606.583 1036.8737 1445.6978 1110.0332 369.4656 720.4786 6379.3823 2235.9047;
	1857.6963 1236.4 2021.9571 589.3683 1012.3832 1410.3355 1085.3247 360.7755 711.6004 6394.495 2190.7196;
	1869.3357 1245.2247 2044.3861 594.0 1023.4936 1405.2941 1050.5816 366.8194 723.3454 6458.3175 2160.534;
	1877.3566 1249.7967 2057.1844 585.2494 1067.8554 1426.8 1033.0345 357.9516 699.4089 6350.5697 2086.4592;
	1868.4137 1226.2708 1988.5529 585.6 1038.283 1391.2903 1024.4885 350.1228 694.7 6428.4522 2022.4439;
	1893.0944 1245.1219 1987.172 586.4885 1035.3671 1422.1914 1004.7 343.6778 699.2384 6386.5399 2005.3177;
	1864.3222 1212.5969 1926.5188 557.6 989.9522 1378.445 981.0189 337.4088 674.4 6325.5291 1896.7695;
	1837.8722 1216.7331 1921.2504 554.0597 982.2972 1371.9096 998.8199 344.9648 661.5435 6307.3455 1947.1635;
	1799.3435 1222.1822 1912.6636 570.2235 967.4728 1373.8926 1012.1052 353.3117 645.8638 6300.5635 1943.1658;
	1870.9302 1227.9959 1942.8768 570.4462 995.0163 1423.3483 1064.2553 376.6244 675.544 6232.1446 2143.3246;
	1876.4818 1205.0 1929.1314 572.6 991.2534 1443.8448 1055.5991 379.7303 671.9957 6156.8557 2311.5601;
	1902.7837 1234.6517 1997.8928 584.545 1050.0279 1497.8177 1107.7604 371.3 696.5717 6031.361 2428.3203;
	1915.2199 1201.8873 1946.1681 580.7485 1009.4751 1458.4142 1096.4186 356.3269 694.3729 5892.9863 2320.0882;
	1825.7 1139.7 1874.9655 560.5994 949.9213 1417.3812 1098.2577 351.0942 665.0 5668.4315 2078.1191;
	1734.1965 1066.3644 1742.273 533.8361 884.1674 1292.0318 1028.3371 327.6301 629.0813 5482.7528 2026.9216;
	1609.0818 982.0804 1645.0039 497.9314 805.4064 1180.5009 940.5593 277.8569 576.8699 4871.7806 1778.1667;
	1535.2792 935.4482 1576.8857 527.4313 776.0622 1137.1518 888.5615 265.8559 522.6434 4777.3272 1800.349;
	1497.1078 918.1738 1589.1643 545.3 754.2936 1124.9704 902.0051 272.2801 512.5 4670.1161 1760.2;
];
