function solarprofile = ex_solar_profilesh1
%EX_WIND_PROFILE_D  Example wind_load_nyiso profile data for deterministic unit commitment.
% 2022.03.12
% Andres F. Ramirez


%% define constants
[GEN_BUS, PG, QG, QMAX, QMIN, VG, MBASE, GEN_STATUS, PMAX, PMIN, ...
    MU_PMAX, MU_PMIN, MU_QMAX, MU_QMIN, PC1, PC2, QC1MIN, QC1MAX, ...
    QC2MIN, QC2MAX, RAMP_AGC, RAMP_10, RAMP_30, RAMP_Q, APF] = idx_gen;
[CT_LABEL, CT_PROB, CT_TABLE, CT_TBUS, CT_TGEN, CT_TBRCH, CT_TAREABUS, ...
    CT_TAREAGEN, CT_TAREABRCH, CT_ROW, CT_COL, CT_CHGTYPE, CT_REP, ...
    CT_REL, CT_ADD, CT_NEWVAL, CT_TLOAD, CT_TAREALOAD, CT_LOAD_ALL_PQ, ...
    CT_LOAD_FIX_PQ, CT_LOAD_DIS_PQ, CT_LOAD_ALL_P, CT_LOAD_FIX_P, ...
    CT_LOAD_DIS_P, CT_TGENCOST, CT_TAREAGENCOST, CT_MODCOST_F, ...
    CT_MODCOST_X] = idx_ct;

solarprofile = struct( ...
    'type', 'mpcData', ...
    'table', CT_TGEN, ...
    'rows', [1:12], ...
    'col', PMAX, ...
    'chgtype', 1, ...
    'values', [] );
solarprofile.values(:,1,:) = [
	0.0 0.0 0.0 0.0 0.0 0.0 0.0 0.0 0.0 0.0 0.0 0.0;
	0.0 0.0 0.0 0.0 0.0 0.0 0.0 0.0 0.0 0.0 0.0 0.0;
	0.0 0.0 0.0 0.0 0.0 0.0 0.0 0.0 0.0 0.0 0.0 0.0;
	0.0 0.0 0.0 0.0 0.0 0.0 0.0 0.0 0.0 0.0 0.0 0.0;
	0.0 0.0 0.0 0.0 0.0 0.0 0.0 0.0 0.0 0.0 0.0 0.0;
	0.0 0.0089 0.002 0.0 0.0 0.0 0.0 0.0 0.0 0.0 0.0 0.0;
	7.229 6.7123 5.6848 1.5152 1.4606 278.7444 34.8431 43.1784 74.4101 68.6335 39.3309 124.2958;
	15.6144 13.0139 11.5699 6.7394 9.3681 432.9387 54.1173 72.647 178.3281 298.579 154.8819 540.7283;
	23.0865 16.6029 13.8004 10.1353 11.9636 442.5015 55.3127 75.1564 198.205 349.7689 240.5155 633.4335;
	26.8671 16.703 14.2695 11.2667 9.8013 334.1692 41.7712 67.8557 151.5449 350.7658 219.4988 635.239;
	27.2793 16.9928 14.41 11.2781 9.8471 268.3236 33.5405 65.4651 88.614 332.2517 217.9541 601.7099;
	27.1453 16.8499 14.3939 11.1046 9.9204 265.5281 33.191 65.0095 53.595 308.8355 221.2561 559.3029;
	26.3192 15.7136 13.8 11.0869 11.134 381.5636 47.6954 71.3667 31.0092 226.4903 187.1006 410.1752;
	20.938 9.3691 13.1365 11.3756 11.5305 401.9717 50.2465 73.8802 24.1398 277.9139 166.6928 503.3037;
	11.6802 2.5912 5.0379 9.2419 11.0052 384.3454 48.0432 72.228 21.378 294.62 136.1731 533.5587;
	4.5006 2.1876 2.8075 7.5232 7.8449 222.8319 27.854 45.6268 16.3248 293.8978 68.0186 532.2507;
	0.7431 0.6261 0.4114 1.8722 3.3433 54.1709 6.7714 9.122 19.682 47.2746 25.302 85.6146;
	0.0 0.0 0.0 0.0 0.0 0.0 0.0 0.0 0.0 0.0 0.0 0.0;
	0.0 0.0 0.0 0.0 0.0 0.0 0.0 0.0 0.0 0.0 0.0 0.0;
	0.0 0.0 0.0 0.0 0.0 0.0 0.0 0.0 0.0 0.0 0.0 0.0;
	0.0 0.0 0.0 0.0 0.0 0.0 0.0 0.0 0.0 0.0 0.0 0.0;
	0.0 0.0 0.0 0.0 0.0 0.0 0.0 0.0 0.0 0.0 0.0 0.0;
	0.0 0.0 0.0 0.0 0.0 0.0 0.0 0.0 0.0 0.0 0.0 0.0;
	0.0 0.0 0.0 0.0 0.0 0.0 0.0 0.0 0.0 0.0 0.0 0.0;
];
