function solarprofile = ex_solar_profilesh1
%EX_WIND_PROFILE_D  Example wind_load_nyiso profile data for deterministic unit commitment.
% 2022.03.12
% Andres F. Ramirez


%% define constants
[GEN_BUS, PG, QG, QMAX, QMIN, VG, MBASE, GEN_STATUS, PMAX, PMIN, ...
    MU_PMAX, MU_PMIN, MU_QMAX, MU_QMIN, PC1, PC2, QC1MIN, QC1MAX, ...
    QC2MIN, QC2MAX, RAMP_AGC, RAMP_10, RAMP_30, RAMP_Q, APF] = idx_gen;
[CT_LABEL, CT_PROB, CT_TABLE, CT_TBUS, CT_TGEN, CT_TBRCH, CT_TAREABUS, ...
    CT_TAREAGEN, CT_TAREABRCH, CT_ROW, CT_COL, CT_CHGTYPE, CT_REP, ...
    CT_REL, CT_ADD, CT_NEWVAL, CT_TLOAD, CT_TAREALOAD, CT_LOAD_ALL_PQ, ...
    CT_LOAD_FIX_PQ, CT_LOAD_DIS_PQ, CT_LOAD_ALL_P, CT_LOAD_FIX_P, ...
    CT_LOAD_DIS_P, CT_TGENCOST, CT_TAREAGENCOST, CT_MODCOST_F, ...
    CT_MODCOST_X] = idx_ct;

solarprofile = struct( ...
    'type', 'mpcData', ...
    'table', CT_TGEN, ...
    'rows', [1:12], ...
    'col', PMAX, ...
    'chgtype', 1, ...
    'values', [] );
solarprofile.values(:,1,:) = [
	0.0 0.0 0.0 0.0 0.0 0.0 0.0 0.0 0.0 0.0 0.0 0.0;
	0.0 0.0 0.0 0.0 0.0 0.0 0.0 0.0 0.0 0.0 0.0 0.0;
	0.0 0.0 0.0 0.0 0.0 0.0 0.0 0.0 0.0 0.0 0.0 0.0;
	0.0 0.0 0.0 0.0 0.0 0.0 0.0 0.0 0.0 0.0 0.0 0.0;
	0.0 0.0 0.0 0.0 0.0 0.0 0.0 0.0 0.0 0.0 0.0 0.0;
	0.0 0.0 0.002 0.0 0.0 0.0 0.0 0.0 0.0 0.0 0.0 0.0;
	9.1356 7.8771 5.8164 1.6413 7.4171 227.6794 28.4599 59.8574 118.558 68.8105 40.2294 124.6163;
	14.4825 9.6978 7.9254 3.1173 10.7996 341.1499 42.6437 74.3568 157.9292 122.3519 45.0423 221.58;
	19.1315 12.7406 11.4694 5.7174 11.6073 367.1675 45.8959 76.1744 162.5726 259.7478 95.6298 470.4048;
	26.1799 16.0504 13.473 7.7295 5.6051 368.3204 46.0401 74.7945 170.4345 264.0273 162.4302 478.155;
	26.334 16.6083 13.8 6.7615 6.6059 411.7511 51.4689 75.8921 200.1497 280.0819 198.2917 507.23;
	26.334 16.6083 13.8 3.8729 7.3529 431.2435 53.9054 77.2371 226.3304 276.5967 200.5999 500.9183;
	22.2809 10.7578 11.8417 3.1475 7.7078 440.9283 55.116 76.6453 245.0663 190.5186 143.6841 345.0303;
	15.3533 6.3655 10.0885 3.8267 7.0127 426.4546 53.3068 77.1606 222.5773 179.4124 94.0199 324.917;
	11.4091 3.7429 4.7168 4.3683 5.1438 404.2944 50.5368 75.3826 192.3883 161.8301 77.8145 293.0752;
	9.0794 4.7391 4.789 5.1918 1.0098 257.1576 32.1447 59.9873 112.075 78.7753 26.3983 142.6625;
	0.8391 0.613 0.4122 1.3109 2.4456 51.1291 6.3911 9.7709 26.3698 21.2778 17.2033 38.5342;
	0.0 0.0 0.0 0.0 0.0 0.0 0.0 0.0 0.0 0.0 0.0 0.0;
	0.0 0.0 0.0 0.0 0.0 0.0 0.0 0.0 0.0 0.0 0.0 0.0;
	0.0 0.0 0.0 0.0 0.0 0.0 0.0 0.0 0.0 0.0 0.0 0.0;
	0.0 0.0 0.0 0.0 0.0 0.0 0.0 0.0 0.0 0.0 0.0 0.0;
	0.0 0.0 0.0 0.0 0.0 0.0 0.0 0.0 0.0 0.0 0.0 0.0;
	0.0 0.0 0.0 0.0 0.0 0.0 0.0 0.0 0.0 0.0 0.0 0.0;
	0.0 0.0 0.0 0.0 0.0 0.0 0.0 0.0 0.0 0.0 0.0 0.0;
];
