function windprofile = ex_wind_profilesh1
%EX_WIND_PROFILE_D  Example wind_load_nyiso profile data for deterministic unit commitment.
% 2022.03.12
% Andres F. Ramirez


%% define constants
[GEN_BUS, PG, QG, QMAX, QMIN, VG, MBASE, GEN_STATUS, PMAX, PMIN, ...
    MU_PMAX, MU_PMIN, MU_QMAX, MU_QMIN, PC1, PC2, QC1MIN, QC1MAX, ...
    QC2MIN, QC2MAX, RAMP_AGC, RAMP_10, RAMP_30, RAMP_Q, APF] = idx_gen;
[CT_LABEL, CT_PROB, CT_TABLE, CT_TBUS, CT_TGEN, CT_TBRCH, CT_TAREABUS, ...
    CT_TAREAGEN, CT_TAREABRCH, CT_ROW, CT_COL, CT_CHGTYPE, CT_REP, ...
    CT_REL, CT_ADD, CT_NEWVAL, CT_TLOAD, CT_TAREALOAD, CT_LOAD_ALL_PQ, ...
    CT_LOAD_FIX_PQ, CT_LOAD_DIS_PQ, CT_LOAD_ALL_P, CT_LOAD_FIX_P, ...
    CT_LOAD_DIS_P, CT_TGENCOST, CT_TAREAGENCOST, CT_MODCOST_F, ...
    CT_MODCOST_X] = idx_ct;

windprofile = struct( ...
    'type', 'mpcData', ...
    'table', CT_TGEN, ...
    'rows', [1:45], ...
    'col', PMAX, ...
    'chgtype', 1, ...
    'values', [] );
windprofile.values(:,1,:) = [
	3.587 48.4682 91.431 113.3521 14.0919 32.1503 28.5062 18.9547 26.6255 30.9926 57.2893 85.4644 128.6662 64.8018 201.9268 76.0747 94.389 100.0242 41.184 73.8243 9.5021 75.0175 75.7127 89.588 106.7155 75.9588 13.6214 1074.375 675.7638 675.7638 569.4404 105.6159 137.2799 190.0239 203.1625 288.3259 1038.5903 221.3676 438.9729 285.8452 118.4872 356.6545 133.4294 260.3649 1049.4089;
	3.4861 47.1049 91.0037 119.1829 14.219 31.9246 27.7579 18.2443 26.1826 30.5333 56.4403 84.1978 126.7594 65.9011 201.0723 75.7528 93.9896 99.6009 34.3677 73.8286 9.2526 74.4908 75.2619 88.3211 104.0039 72.7825 13.2521 1131.7578 717.4309 717.4309 565.8537 104.959 114.5589 190.0349 206.609 306.1039 1097.1002 221.7211 424.911 278.5818 119.3824 354.1506 132.1669 256.3219 1108.5283;
	3.5613 48.1204 89.8161 64.6046 14.0965 32.846 29.0226 18.1302 26.6581 29.0116 53.6275 80.0016 120.442 66.7979 200.6666 75.6 93.8 99.4 37.9509 73.6507 9.6742 76.6407 73.0755 87.5807 104.2564 74.1776 13.5071 1142.9663 733.2227 733.2227 561.1938 108.8809 126.503 189.5772 209.4205 312.8417 1141.6967 230.9213 422.7992 279.2582 120.9309 364.3719 131.2435 248.4299 1153.5894;
	3.5773 48.3368 87.5899 82.2006 14.225 32.0366 28.8851 17.7766 26.8005 29.2115 53.9971 80.553 121.2722 68.4067 202.9809 76.4719 94.8818 100.5463 47.4469 73.4023 9.6284 74.752 71.5571 86.0964 102.408 73.362 13.2967 1160.7206 752.3006 752.3006 564.2166 99.3084 158.1564 188.9376 214.4642 320.9816 1062.279 249.5849 440.5855 274.3071 119.3195 355.3921 163.2195 234.1996 1073.3444;
	3.4595 46.7448 88.563 115.8647 14.7382 32.1789 24.931 18.3145 26.7961 30.5603 56.4903 84.2725 126.8717 69.4911 201.0005 75.7258 93.956 99.5654 82.4136 71.4674 8.3103 75.0841 63.5377 86.8455 103.6577 73.7365 13.3484 1111.7965 704.862 704.862 565.2102 95.7558 274.7118 183.9572 217.8641 300.7411 1120.6215 250.2789 437.989 277.6545 119.5816 356.9715 176.2201 251.5478 1132.2947;
	3.7499 50.6695 89.5216 117.4394 15.2563 33.567 29.3612 18.6364 27.1981 30.7991 56.9317 84.9308 127.8629 69.7256 198.1278 74.6435 92.6132 98.1424 92.6294 72.7482 9.7871 78.3229 71.55 88.4322 105.2324 75.6741 13.5808 1152.1263 751.2001 751.2001 548.9174 93.0163 308.7648 187.254 218.5991 320.5121 1061.9772 239.2278 448.7028 281.8725 118.0012 372.3695 196.7965 257.8128 1073.0395;
	3.6736 49.6377 91.6836 118.1098 14.7475 33.0719 29.1762 18.7831 27.3488 30.3691 56.1369 83.7452 126.078 69.8677 196.7516 74.125 91.9699 97.4607 91.9066 71.9202 9.7254 77.1677 74.98 87.5199 102.5062 76.079 13.4149 1147.4153 721.943 721.943 567.1835 89.9154 306.3554 185.1228 219.0448 308.029 1027.0227 245.9836 455.7952 274.5702 123.6341 366.8775 194.7584 262.3008 1037.7209;
	3.5923 48.5397 89.4698 117.2517 14.724 32.6998 29.824 18.6197 26.7604 29.4412 54.4215 81.1862 122.2254 69.8103 194.8896 73.4235 91.0995 96.5383 91.4802 71.0802 9.9413 76.2996 73.5608 87.4482 103.5592 75.2196 13.3511 1125.8215 741.2365 741.2365 559.7614 77.7077 304.934 182.9606 218.8647 316.2609 1068.8435 236.0008 460.11 277.3907 123.1457 362.7501 185.4619 252.0382 1079.9773;
	3.684 49.7787 93.1971 120.6826 14.5318 32.5782 30.6549 18.9627 26.9958 29.4171 54.377 81.1198 122.1253 69.8493 193.412 72.8668 90.4089 95.8064 88.973 68.2955 10.2183 76.0158 71.589 88.7562 106.1994 76.1685 13.8554 1196.2084 807.7178 807.7178 607.8653 75.9171 296.5766 175.7928 218.987 344.6263 1197.2279 269.7953 464.1166 284.4627 123.8426 361.4008 171.0452 269.6181 1209.699;
	3.7897 51.2071 94.2463 120.2908 15.0274 33.7383 31.0083 18.7142 27.078 29.9871 55.4307 82.6916 124.4918 69.7419 195.3056 73.5803 91.294 96.7444 90.6642 68.1154 10.3361 78.7227 71.8652 89.545 106.3163 76.3048 13.9222 1178.7872 780.1351 780.1351 655.2219 81.6573 302.214 175.3293 218.6501 332.8576 1165.5424 288.7565 459.3744 284.7759 121.2557 374.2703 169.4137 269.4654 1177.6834;
	3.6849 49.7911 92.8907 119.9627 14.7414 32.9976 29.4455 19.082 26.9424 30.3382 56.0797 83.6599 125.9495 68.9016 197.6487 74.463 92.3893 97.9051 89.0541 69.6702 9.8152 76.9944 73.2849 89.2704 105.1277 76.3355 13.8068 1057.1671 753.2118 753.2118 619.8843 71.0301 296.847 179.3313 216.0158 321.3704 1048.6378 273.7969 445.5291 281.5922 121.4096 366.0535 163.0095 262.9545 1059.5611;
	3.7545 50.7312 89.533 116.3375 14.7328 33.8172 27.3942 18.7687 26.5105 30.7004 56.7491 84.6586 127.453 69.1508 196.3787 73.9846 91.7956 97.276 88.9724 69.9734 9.1314 78.9067 73.9449 85.9367 101.1615 75.887 13.6176 1034.7461 740.392 740.392 624.672 80.753 296.5746 180.1116 216.7972 315.9006 1054.2912 275.0708 444.2671 270.9682 118.0719 375.145 180.5023 265.2085 1065.2734;
	3.6867 49.815 89.6311 111.0715 14.551 33.2641 28.2324 18.3983 25.8691 30.4435 56.2743 83.9502 126.3865 69.3829 193.7992 73.0127 90.5899 95.9982 85.5489 70.0322 9.4108 77.6162 73.3584 87.5782 101.3171 75.3881 13.1521 1083.112 745.3355 745.3355 570.7039 75.5477 285.1629 180.263 217.5249 318.0098 977.5355 243.4352 438.9743 271.3852 117.3344 369.0094 154.9395 258.058 987.7181;
	3.7287 50.3831 90.8649 112.0147 14.743 32.3634 28.8252 18.6376 26.1405 30.3991 56.1923 83.8279 126.2024 68.4791 197.495 74.4051 92.3174 97.8289 89.997 71.1353 9.6084 75.5146 74.3471 86.325 99.2866 74.3895 13.1203 1041.9855 680.2911 680.2911 596.7545 78.0657 299.99 183.1024 214.6912 290.2576 961.9144 232.5007 438.9061 265.9464 116.8199 359.0181 147.1076 262.8156 971.9343;
	3.789 51.1981 91.1312 111.639 14.617 32.154 25.6309 18.7726 26.6104 30.412 56.2161 83.8633 126.2557 68.1115 193.1893 72.7829 90.3047 95.6961 89.1921 72.1529 8.5436 75.026 72.0049 87.9367 100.202 74.6226 13.42 975.3552 693.4052 693.4052 643.0677 72.9414 297.307 185.7218 213.5387 295.8529 899.4545 241.0818 443.3607 268.3982 112.6239 356.695 172.7007 251.5317 908.8238;
	3.8907 52.5719 92.1111 116.9997 15.1718 33.1989 27.4454 18.2019 26.7086 30.0811 55.6044 82.9508 124.882 68.3927 194.8491 73.4083 91.0806 96.5183 88.4035 70.8576 9.1485 77.4642 72.1315 86.5412 100.3862 73.3804 13.1406 1113.5455 724.4519 724.4519 642.8826 80.1932 294.6783 182.3877 214.4205 309.0995 999.8962 261.103 454.6566 268.8915 109.4292 368.2867 178.7079 255.0 1010.3118;
	3.8332 51.795 88.6888 112.5605 15.1628 33.6657 25.0908 17.6356 26.4511 30.8182 56.967 84.9835 127.9422 66.6067 192.5782 72.5527 90.0191 95.3934 92.0977 71.5911 8.3636 78.5534 71.6569 88.2894 98.6445 71.209 11.9863 1056.0409 746.2376 746.2376 660.4709 89.9139 306.9924 184.2758 208.8211 318.3947 1050.6845 275.901 452.8618 264.2264 113.068 373.4651 196.5713 241.5386 1061.6292;
	3.8374 51.852 91.5046 112.9304 15.3834 32.7265 24.9893 14.6416 27.5065 30.9617 57.2323 85.3793 128.538 66.2901 188.8086 71.1325 88.257 93.5261 89.6426 70.3476 8.3298 76.3619 71.0889 87.1244 97.9272 64.5 11.4419 1138.3099 720.1799 720.1799 688.4587 93.4253 298.8085 181.0749 207.8285 307.2767 1092.769 290.6746 462.0716 262.3049 115.3474 363.0461 193.2557 254.03 1104.152;
