function windprofile = ex_wind_profilesh1
%EX_WIND_PROFILE_D  Example wind_load_nyiso profile data for deterministic unit commitment.
% 2022.03.12
% Andres F. Ramirez


%% define constants
[GEN_BUS, PG, QG, QMAX, QMIN, VG, MBASE, GEN_STATUS, PMAX, PMIN, ...
    MU_PMAX, MU_PMIN, MU_QMAX, MU_QMIN, PC1, PC2, QC1MIN, QC1MAX, ...
    QC2MIN, QC2MAX, RAMP_AGC, RAMP_10, RAMP_30, RAMP_Q, APF] = idx_gen;
[CT_LABEL, CT_PROB, CT_TABLE, CT_TBUS, CT_TGEN, CT_TBRCH, CT_TAREABUS, ...
    CT_TAREAGEN, CT_TAREABRCH, CT_ROW, CT_COL, CT_CHGTYPE, CT_REP, ...
    CT_REL, CT_ADD, CT_NEWVAL, CT_TLOAD, CT_TAREALOAD, CT_LOAD_ALL_PQ, ...
    CT_LOAD_FIX_PQ, CT_LOAD_DIS_PQ, CT_LOAD_ALL_P, CT_LOAD_FIX_P, ...
    CT_LOAD_DIS_P, CT_TGENCOST, CT_TAREAGENCOST, CT_MODCOST_F, ...
    CT_MODCOST_X] = idx_ct;

windprofile = struct( ...
    'type', 'mpcData', ...
    'table', CT_TGEN, ...
    'rows', [1:45], ...
    'col', PMAX, ...
    'chgtype', 1, ...
    'values', [] );
windprofile.values(:,1,:) = [
	3.7497 50.667 92.9622 108.8662 15.1649 33.4989 28.9344 17.966 26.7072 30.453 56.292 83.9765 126.4262 66.9379 196.9893 74.2146 92.081 97.5784 39.2875 69.2098 9.6448 78.1641 71.9521 86.1024 100.7145 72.073 13.5349 1141.1909 711.8355 711.8355 619.4729 102.059 130.9585 178.1461 209.8593 303.7165 1117.4438 229.1262 465.1873 269.7711 118.5507 371.6147 144.3818 270.5698 1129.0839;
	3.7058 50.0729 94.2235 118.567 15.1348 33.4061 29.2808 18.1623 26.9175 29.9292 55.3236 82.532 124.2515 68.547 189.9391 71.5584 88.7855 94.0861 34.8442 71.086 9.7603 77.9476 68.5206 85.1657 98.3965 70.8121 13.2663 1139.2277 736.2556 736.2556 640.8902 110.5202 116.1472 182.9755 214.9042 314.1357 1148.97 249.7728 465.711 263.5622 121.9036 370.5853 151.2431 269.4148 1160.9384;
	3.7527 50.7079 94.1935 66.1226 14.6785 33.7661 30.3107 17.7353 27.2838 29.2872 54.1369 80.7616 121.5862 69.6083 195.2409 73.5559 91.2638 96.7124 36.9115 69.5131 10.1036 78.7876 68.787 85.1374 96.3375 70.283 13.4333 1180.5046 745.338 745.338 618.65 112.3617 123.0382 178.9269 218.2315 318.0109 1177.9619 247.8494 470.7784 258.0468 121.7046 374.5788 150.6601 269.2519 1190.2323;
	3.7556 50.746 92.912 86.6832 15.2366 33.4926 29.7418 17.6657 26.6608 28.3555 52.4147 78.1924 117.7182 69.4485 196.0556 73.8628 91.6446 97.1159 43.5805 70.3161 9.9139 78.1495 60.9993 84.3429 97.869 70.8185 13.396 1149.5406 733.8255 733.8255 568.9601 101.0573 145.2683 180.9939 217.7305 313.0989 1076.3369 255.5185 471.5831 262.149 120.0541 371.5451 195.3333 263.9802 1087.5488;
	3.5092 47.4176 92.5505 117.8756 15.2365 33.487 25.3269 17.8749 26.6531 29.7941 55.0739 82.1594 123.6905 69.4026 183.3635 69.0811 85.7118 90.8289 74.7004 68.9747 8.4423 78.1364 55.5421 84.701 99.7967 71.6198 13.2321 1128.4068 673.0979 673.0979 567.5568 98.263 249.0014 177.5411 217.5866 287.1884 1119.7179 255.9996 464.1217 267.3127 121.0394 371.4827 202.2315 257.1946 1131.3817;
	3.5778 48.3441 88.8209 110.5037 15.1166 31.9829 29.1038 15.1955 26.159 29.6663 54.8378 81.8071 123.1602 69.4283 190.3041 71.696 88.9561 94.2669 86.2439 70.2058 9.7013 74.6267 68.9306 84.8385 100.5376 69.6264 12.8754 1088.7192 701.9506 701.9506 534.0738 97.8083 287.4798 180.7099 217.6671 299.4989 1019.4912 242.0514 469.2372 269.2972 115.9105 354.7968 196.1573 260.1402 1030.1109;
	3.6483 49.2964 91.9009 112.0146 14.6921 31.8246 28.5862 17.772 26.1449 29.3012 54.1629 80.8004 121.6445 68.821 192.6043 72.5625 90.0313 95.4063 87.5191 70.3345 9.5287 74.2574 71.8133 85.6514 99.2187 74.2393 13.2583 1117.8539 724.2708 724.2708 581.3886 99.4002 291.7305 181.0413 215.7631 309.0222 1064.8961 263.9233 464.558 265.7644 119.8935 353.0408 200.754 271.4337 1075.9888;
	3.7491 50.6586 91.1428 114.2007 15.2991 32.4907 28.1769 17.8051 27.1463 29.8144 55.1114 82.2154 123.7748 69.3608 195.6501 73.7101 91.4551 96.9151 86.4226 70.4977 9.3923 75.8116 72.7338 86.1616 103.8888 73.8733 13.3323 979.4523 683.0999 683.0999 547.5919 84.9284 288.0752 181.4612 217.4556 291.456 970.5476 253.7248 461.19 278.2737 118.1048 360.4302 201.4369 261.4487 980.6574;
	3.7653 50.8774 91.7307 117.5727 15.0287 33.5128 28.8337 17.4629 26.302 29.3585 54.2687 80.9583 121.8822 69.4632 195.1062 73.5051 91.2008 96.6456 91.1043 69.2549 9.6112 78.1966 70.634 85.4384 101.841 72.5226 13.2485 1070.4293 764.4924 764.4924 608.0898 80.8191 303.681 178.2623 217.7764 326.1834 1074.3476 289.8021 464.8536 272.7885 120.9267 371.7688 185.5866 272.1094 1085.5387;
	3.5525 48.0018 87.6564 111.617 14.5249 32.0672 28.569 17.6664 26.742 29.9905 55.437 82.7011 124.5061 68.8413 196.0975 73.8786 91.6642 97.1367 92.5207 68.9901 9.523 74.8234 71.7204 84.3428 98.861 72.265 13.3487 1049.749 753.439 753.439 673.0881 94.3945 308.4025 177.5807 215.8268 321.4673 1062.4804 312.7648 470.4664 264.8062 119.2106 355.7317 159.3685 257.621 1073.5479;
	3.2162 43.4582 88.6783 109.558 14.066 30.1727 26.4868 17.4924 27.007 29.8115 55.1062 82.2076 123.763 68.7571 197.6342 74.4575 92.3825 97.8979 91.8728 68.3694 8.8289 70.403 72.48 84.572 96.584 71.5551 13.0672 1052.2263 762.4521 762.4521 660.7516 93.4911 306.2427 175.983 215.5628 325.3129 1042.0914 309.2 464.8814 258.7071 119.7291 334.7159 164.0489 253.6643 1052.9465;
	3.4015 45.9619 87.587 101.5152 13.9759 31.7524 25.1916 17.3922 27.1501 29.7514 54.995 82.0417 123.5133 69.5201 197.9034 74.5589 92.5083 98.0312 92.1854 68.7266 8.3972 74.0889 73.2829 83.3512 96.3912 71.9048 12.6652 981.7962 735.4493 735.4493 632.1341 96.0369 307.2848 176.9023 217.9549 313.7917 995.6833 289.4124 459.297 258.1907 117.085 352.2398 167.1285 257.1043 1006.055;
	3.5862 48.4577 86.6005 99.1994 14.0225 31.4438 28.2619 17.5685 26.6376 29.6546 54.8161 81.7748 123.1115 69.254 193.632 72.9497 90.5117 95.9154 89.6243 68.9366 9.4206 73.3688 73.649 85.9061 96.5072 71.5626 12.9849 1011.2176 737.3378 737.3378 645.0828 100.5822 298.7476 177.443 217.1206 314.5975 948.272 294.4551 453.1037 258.5015 120.2778 348.8164 145.276 239.6291 958.1499;
	3.6216 48.9355 89.1854 109.7992 14.3245 31.9483 27.8304 17.5805 26.5531 27.8566 51.4924 76.8166 115.6469 67.2747 195.3195 73.5855 91.3005 96.7513 88.7792 69.799 9.2768 74.5461 72.8969 86.306 98.099 70.279 12.9476 999.3816 698.5892 698.5892 651.7994 94.191 295.9307 179.6627 210.9152 298.0647 953.6652 297.1106 449.8085 262.7652 119.1163 354.4133 140.0223 257.3963 963.5993;
	3.7694 50.9324 91.0636 109.9805 14.9199 32.859 23.5229 17.7628 26.4457 28.3621 52.427 78.2107 117.7458 67.0722 190.904 71.922 89.2365 94.5641 86.3897 69.7307 7.841 76.671 70.8249 87.7724 98.576 71.1954 13.5184 947.9527 688.1497 688.1497 635.2453 94.3916 287.9657 179.4869 210.2804 293.6106 888.059 289.1091 443.3629 264.0428 117.6941 364.5159 166.3345 246.5762 897.3097;
	3.6954 49.9326 92.0132 114.8839 14.6348 33.0872 24.9017 17.7306 26.8044 28.2569 52.2325 77.9206 117.3091 65.8484 192.5209 72.5311 89.9923 95.365 79.8811 68.6544 8.3006 77.2036 72.6789 85.7977 99.4806 72.1982 13.7355 1007.8847 709.6645 709.6645 590.4606 95.8598 266.2702 176.7165 206.4435 302.7902 961.9329 299.8725 456.522 266.4659 118.0066 367.0479 168.3201 236.2185 971.953;
	3.5167 47.5187 91.1836 115.391 14.7307 32.4868 20.8114 16.3998 25.486 23.0727 42.6495 63.6247 95.7866 63.8108 190.4284 71.7428 89.0142 94.3285 68.8535 70.2448 6.9371 75.8025 69.3087 87.4166 98.3452 69.3576 12.5624 939.8185 646.7439 646.7439 563.8691 91.8682 229.5117 180.8102 200.0556 275.9441 959.8713 275.6167 433.5065 263.4247 114.3218 360.3867 172.5079 202.3224 969.87;
	3.5545 48.0291 88.0678 110.1429 14.4626 31.7499 22.0103 11.5083 26.267 27.7652 51.3235 76.5646 115.2675 64.0571 191.6773 72.2133 89.598 94.9471 76.3105 69.5079 7.3368 74.0832 70.4754 82.9177 95.0333 39.6424 10.1344 1074.4111 590.1548 590.1548 499.8938 94.9518 254.3684 178.9134 200.8275 251.7994 994.1363 254.2709 454.0894 254.5535 114.6647 352.2125 177.7541 189.7774 1004.4919;
