function loadprofile = ex_load_profilesh1
%EX_LOAD_PROFILE  Example load profile data file for stochastic unit commitment.
% 2022.03.12
% Andres F. Ramirez

%% define constants
[CT_LABEL, CT_PROB, CT_TABLE, CT_TBUS, CT_TGEN, CT_TBRCH, CT_TAREABUS, ...
    CT_TAREAGEN, CT_TAREABRCH, CT_ROW, CT_COL, CT_CHGTYPE, CT_REP, ...
    CT_REL, CT_ADD, CT_NEWVAL, CT_TLOAD, CT_TAREALOAD, CT_LOAD_ALL_PQ, ...
    CT_LOAD_FIX_PQ, CT_LOAD_DIS_PQ, CT_LOAD_ALL_P, CT_LOAD_FIX_P, ...
    CT_LOAD_DIS_P, CT_TGENCOST, CT_TAREAGENCOST, CT_MODCOST_F, ...
    CT_MODCOST_X] = idx_ct;

loadprofile = struct( ...
    'type', 'mpcData', ...
    'table', CT_TAREALOAD, ...
    'rows', [1:11], ...
    'col', CT_LOAD_ALL_P, ...
    'chgtype', 1, ...
    'values', [] );
loadprofile.values(:,1,:) = [
	1481.287 927.3 1612.4217 561.2 751.2525 1099.2946 802.2627 264.2032 484.0962 4356.1178 1664.5;
	1488.2 935.7099 1607.4798 550.6 749.2861 1114.3799 834.5362 279.6976 493.1522 4410.2337 1721.5438;
	1511.9807 959.1 1638.3463 549.5706 760.9 1100.1704 823.4907 279.7732 491.2091 4418.9277 1741.4938;
	1590.1 1027.7701 1739.4797 572.0024 816.0098 1205.454 888.3 307.3192 538.6246 4735.7553 1844.4989;
	1746.4716 1154.5916 1946.7754 615.6898 943.0101 1367.7 1009.9089 342.1715 613.6 5376.537 2067.1322;
	1836.6195 1214.8 2001.1 628.9 1008.5427 1435.6251 1051.6216 356.5337 671.6958 5911.3962 2223.2143;
	1888.772 1214.1605 2011.3778 623.9259 1001.7 1432.9706 1086.8426 351.8229 689.9957 6238.8909 2264.3147;
	1892.0718 1197.8744 1985.1175 591.8602 982.2165 1378.5368 1090.6619 323.8964 681.5386 6430.2962 2195.5493;
	1900.8235 1197.5509 1962.0292 586.304 1006.357 1412.9037 1131.2282 337.6156 677.3283 6476.4367 2146.0496;
	1942.5 1224.9 1960.261 578.0 1024.6402 1401.059 1121.7585 317.9667 675.7537 6529.3676 2208.1078;
	1866.6416 1182.6415 1936.2637 563.9371 989.2546 1358.8708 1065.8242 321.9262 682.4619 6486.5822 2125.0363;
	1904.687 1188.9048 1955.9484 559.6894 1008.8106 1387.3421 1071.6946 305.1879 684.6 6441.9291 2081.9077;
	1895.5837 1164.301 1880.3847 554.9008 974.1033 1319.4106 1069.5055 311.8077 675.9785 6369.8 2055.0662;
	1859.1163 1160.5058 1925.7209 552.1196 981.2404 1344.1 1065.7242 315.1011 676.8968 6388.8181 2060.3509;
	1841.9539 1155.2951 1889.2532 557.2206 1000.9502 1319.8514 1062.7732 315.6479 669.4168 6359.6359 2125.2825;
	1845.9727 1191.8289 1966.3198 566.3177 1047.8222 1390.1 1075.8808 337.7998 665.9155 6230.1653 2163.412;
	1856.0 1227.7403 2066.9794 586.6062 1084.0 1482.3317 1129.4944 374.8736 698.8 6238.1372 2335.2855;
	1865.0261 1247.4125 2070.7793 609.8255 1126.6874 1540.2494 1188.1314 396.6135 738.5753 6267.1629 2438.8346;
	1855.6768 1255.9 2075.2058 614.4164 1147.1213 1494.6404 1172.1843 391.8944 728.2223 6199.7293 2414.9552;
	1858.8802 1215.3873 1998.6566 596.1084 1068.0275 1461.4758 1147.7116 375.9 688.0827 6025.2016 2328.324;
	1780.7993 1126.5182 1882.0685 572.9 1003.9005 1340.0729 1050.8512 339.3006 642.0247 5674.7598 2105.6822;
	1682.6 1068.7732 1806.2 554.1456 941.5863 1247.4473 996.6 309.274 584.7186 5271.991 1947.1683;
	1569.6832 1025.892 1777.1467 575.0973 914.9314 1225.2371 928.6903 306.031 573.1175 5359.1046 1902.9187;
	1526.8841 986.7332 1746.6519 568.1079 870.6256 1163.0645 887.3423 274.3876 558.6 5107.6086 1831.4384;
];
