function solarprofile = ex_solar_profilesh1
%EX_WIND_PROFILE_D  Example wind_load_nyiso profile data for deterministic unit commitment.
% 2022.03.12
% Andres F. Ramirez


%% define constants
[GEN_BUS, PG, QG, QMAX, QMIN, VG, MBASE, GEN_STATUS, PMAX, PMIN, ...
    MU_PMAX, MU_PMIN, MU_QMAX, MU_QMIN, PC1, PC2, QC1MIN, QC1MAX, ...
    QC2MIN, QC2MAX, RAMP_AGC, RAMP_10, RAMP_30, RAMP_Q, APF] = idx_gen;
[CT_LABEL, CT_PROB, CT_TABLE, CT_TBUS, CT_TGEN, CT_TBRCH, CT_TAREABUS, ...
    CT_TAREAGEN, CT_TAREABRCH, CT_ROW, CT_COL, CT_CHGTYPE, CT_REP, ...
    CT_REL, CT_ADD, CT_NEWVAL, CT_TLOAD, CT_TAREALOAD, CT_LOAD_ALL_PQ, ...
    CT_LOAD_FIX_PQ, CT_LOAD_DIS_PQ, CT_LOAD_ALL_P, CT_LOAD_FIX_P, ...
    CT_LOAD_DIS_P, CT_TGENCOST, CT_TAREAGENCOST, CT_MODCOST_F, ...
    CT_MODCOST_X] = idx_ct;

solarprofile = struct( ...
    'type', 'mpcData', ...
    'table', CT_TGEN, ...
    'rows', [1:12], ...
    'col', PMAX, ...
    'chgtype', 1, ...
    'values', [] );
solarprofile.values(:,1,:) = [
	0.0 0.0 0.0 0.0 0.0 0.0 0.0 0.0 0.0 0.0 0.0 0.0;
	0.0 0.0 0.0 0.0 0.0 0.0 0.0 0.0 0.0 0.0 0.0 0.0;
	0.0 0.0 0.0 0.0 0.0 0.0 0.0 0.0 0.0 0.0 0.0 0.0;
	0.0 0.0 0.0 0.0 0.0 0.0 0.0 0.0 0.0 0.0 0.0 0.0;
	0.0 0.0 0.0 0.0 0.0 0.0 0.0 0.0 0.0 0.0 0.0 0.0;
	0.0 0.0 0.002 0.0 0.0 0.0 0.0 0.0 0.0 0.0 0.0 0.0;
	0.618 0.0457 0.2515 0.2893 1.5909 98.9103 12.3638 17.017 43.6808 69.5397 43.7566 125.9369;
	6.3797 3.22 1.6789 1.9525 8.4397 389.5979 48.6997 68.8647 163.6115 183.9796 120.3196 333.1881;
	19.4772 15.187 11.5948 6.0099 12.0359 432.9676 54.1209 73.6426 194.1858 309.9645 183.6164 561.3476;
	25.897 15.3479 13.0715 11.2835 13.6701 388.24 48.53 68.295 184.9518 345.022 216.3276 624.8368;
	25.7466 14.2581 12.5254 11.4504 13.8036 366.5809 45.8226 65.2107 104.8471 350.5162 227.674 634.7869;
	25.7347 14.5438 12.2685 11.491 13.6248 362.6984 45.3373 63.3634 73.5473 347.5389 225.7641 629.395;
	25.3524 14.8019 12.637 11.9578 13.1123 406.5857 50.8232 71.3937 156.5959 335.937 187.0531 608.3839;
	20.7719 15.1945 12.9853 12.1112 13.2708 419.564 52.4455 74.7728 187.0302 340.5927 164.6724 616.8154;
	12.6467 7.7994 7.4852 12.0292 13.1357 400.7661 50.0958 74.6516 188.5988 329.8194 161.4279 597.3049;
	4.274 1.3861 1.7722 10.6331 10.7002 195.1156 24.3894 58.2836 114.7056 260.8965 137.7583 472.4851;
	0.7182 0.5902 0.3851 1.8299 2.7054 48.2583 6.0323 9.2101 24.8463 21.6798 18.7767 39.2623;
	0.0 0.0 0.0 0.0 0.0 0.0 0.0 0.0 0.0 0.0 0.0 0.0;
	0.0 0.0 0.0 0.0 0.0 0.0 0.0 0.0 0.0 0.0 0.0 0.0;
	0.0 0.0 0.0 0.0 0.0 0.0 0.0 0.0 0.0 0.0 0.0 0.0;
	0.0 0.0 0.0 0.0 0.0 0.0 0.0 0.0 0.0 0.0 0.0 0.0;
	0.0 0.0 0.0 0.0 0.0 0.0 0.0 0.0 0.0 0.0 0.0 0.0;
	0.0 0.0 0.0 0.0 0.0 0.0 0.0 0.0 0.0 0.0 0.0 0.0;
	0.0 0.0 0.0 0.0 0.0 0.0 0.0 0.0 0.0 0.0 0.0 0.0;
];
