function windprofile = ex_wind_profilesh1
%EX_WIND_PROFILE_D  Example wind_load_nyiso profile data for deterministic unit commitment.
% 2022.03.12
% Andres F. Ramirez


%% define constants
[GEN_BUS, PG, QG, QMAX, QMIN, VG, MBASE, GEN_STATUS, PMAX, PMIN, ...
    MU_PMAX, MU_PMIN, MU_QMAX, MU_QMIN, PC1, PC2, QC1MIN, QC1MAX, ...
    QC2MIN, QC2MAX, RAMP_AGC, RAMP_10, RAMP_30, RAMP_Q, APF] = idx_gen;
[CT_LABEL, CT_PROB, CT_TABLE, CT_TBUS, CT_TGEN, CT_TBRCH, CT_TAREABUS, ...
    CT_TAREAGEN, CT_TAREABRCH, CT_ROW, CT_COL, CT_CHGTYPE, CT_REP, ...
    CT_REL, CT_ADD, CT_NEWVAL, CT_TLOAD, CT_TAREALOAD, CT_LOAD_ALL_PQ, ...
    CT_LOAD_FIX_PQ, CT_LOAD_DIS_PQ, CT_LOAD_ALL_P, CT_LOAD_FIX_P, ...
    CT_LOAD_DIS_P, CT_TGENCOST, CT_TAREAGENCOST, CT_MODCOST_F, ...
    CT_MODCOST_X] = idx_ct;

windprofile = struct( ...
    'type', 'mpcData', ...
    'table', CT_TGEN, ...
    'rows', [1:45], ...
    'col', PMAX, ...
    'chgtype', 1, ...
    'values', [] );
windprofile.values(:,1,:) = [
	3.7324 50.4325 87.9131 99.1258 14.4555 32.2031 25.71 18.1479 25.9844 30.0983 55.6363 82.9984 124.9536 64.8109 196.1525 73.8993 91.6899 97.1639 37.0319 70.5939 8.57 75.1405 73.042 86.5684 101.0317 71.1674 13.3947 1095.4907 620.8028 620.8028 558.2998 108.7227 123.4395 181.7088 203.1911 264.8759 1039.133 227.161 443.5547 270.6205 115.2146 357.2394 116.6621 261.9332 1049.9573;
	3.712 50.1572 90.3492 111.6657 14.2924 30.6171 27.988 18.4991 26.3587 29.3747 54.2987 81.003 121.9495 63.99 196.8127 74.148 91.9985 97.4909 32.3843 72.5614 9.3293 71.44 69.9845 86.8689 100.2301 69.9495 13.1793 1073.7384 649.1046 649.1046 561.816 106.1678 107.9477 186.7732 200.6171 276.9513 1047.9918 232.3806 446.9437 268.4734 121.4731 339.6461 109.0396 265.1159 1058.9084;
	3.792 51.2382 91.3725 59.6685 14.8493 32.8669 28.0395 18.123 26.163 29.3105 54.18 80.8259 121.6829 64.2366 201.5338 75.9267 94.2053 99.8295 35.2611 72.3538 9.3465 76.6895 72.214 87.5067 101.7758 70.4635 13.4375 1071.6907 637.9579 637.9579 521.5491 108.5129 117.5371 186.2388 201.3905 272.1954 1050.3654 217.9103 441.844 272.6137 120.8788 364.6037 119.879 265.5778 1061.3067;
	3.8693 52.2831 91.1861 79.0385 15.0391 32.8094 25.3947 18.0766 26.1454 29.1093 53.8081 80.2711 120.8477 65.1085 203.7807 76.7732 95.2556 100.9425 45.5661 72.9663 8.4649 76.5552 61.8871 87.7556 100.8519 71.0834 13.2318 1154.473 643.9042 643.9042 510.0435 98.3503 151.8869 187.8154 204.1239 274.7325 1008.2521 225.0976 450.8057 270.1391 118.9238 363.9652 154.2912 261.8088 1018.7547;
	3.6377 49.1534 91.8098 116.5562 15.0842 32.6316 22.1289 18.4274 26.5486 30.473 56.3289 84.0317 126.5092 65.7562 199.3394 75.1 93.1796 98.7425 80.5137 71.1318 7.3763 76.1403 62.8525 88.5923 102.4739 72.7624 13.3338 1122.5532 576.8514 576.8514 520.2367 100.7529 268.3789 183.0934 206.1547 246.1233 1033.5536 232.465 451.3774 274.4836 120.1395 361.9929 166.2764 259.8462 1044.3198;
	3.8728 52.3302 93.5278 118.8943 15.1093 33.6741 26.0854 18.7659 25.8072 30.5439 56.4599 84.227 126.8033 65.8781 192.4253 72.4951 89.9476 95.3176 86.8545 71.4016 8.6951 78.5729 71.8153 88.5452 105.0222 73.3493 13.7955 1205.8687 635.189 635.189 513.6224 100.607 289.5151 183.788 206.5368 271.014 1055.6037 217.42 434.0777 281.3096 119.0807 373.558 183.76 268.3189 1066.5995;
	3.8851 52.4962 94.1486 120.1099 14.9433 32.6391 28.2301 18.6825 26.7583 31.1032 57.4938 85.7695 129.1254 64.0414 192.9027 72.675 90.1708 95.5541 86.6492 71.9383 9.41 76.1579 75.5427 89.529 104.8723 75.8503 13.6936 1215.6631 694.621 694.621 576.8645 97.9099 288.8308 185.1694 200.7785 296.3716 1125.4665 238.0468 435.7517 280.9078 122.6331 362.0765 194.7191 270.9067 1137.1901;
	3.9133 52.8777 94.7581 120.5082 14.9823 33.3101 28.6873 18.728 28.1612 30.8816 57.0841 85.1582 128.2053 63.7908 193.1684 72.7751 90.295 95.6857 86.8127 70.4715 9.5624 77.7236 75.6322 88.6788 105.6772 74.0595 13.7009 1204.0196 676.4763 676.4763 558.9021 86.2619 289.3757 181.3939 199.9927 288.6299 1143.2453 230.5853 453.0907 283.064 121.4708 369.5204 191.2549 265.4505 1155.1541;
	3.8711 52.3072 93.8458 119.9962 14.5727 33.8888 29.8407 18.7656 28.312 31.2062 57.6841 86.0534 129.5529 68.2188 198.5003 74.7838 92.7874 98.3269 91.0608 69.787 9.9469 79.0738 75.3968 87.9619 104.8915 73.4618 13.8949 1272.5076 759.9432 759.9432 626.1945 82.4206 303.5361 179.6318 213.8751 324.2424 1200.6921 266.2065 461.8508 280.9594 123.3941 375.9396 169.9311 270.1572 1213.1993;
	3.875 52.3601 92.4516 117.2355 14.673 32.9012 30.9134 18.8979 28.3175 31.1054 57.4979 85.7755 129.1346 67.1222 204.3925 77.0037 95.5416 101.2456 90.8817 73.0395 10.3045 76.7694 75.5985 86.2328 103.5529 73.6658 14.0061 1235.3915 747.4734 747.4734 671.4145 92.1249 302.9391 188.0039 210.4372 318.922 1146.7575 298.3218 459.617 277.3737 121.629 364.9837 158.0176 264.8571 1158.7029;
	3.7005 50.0014 91.8735 114.9625 14.2768 32.3303 26.3995 17.9094 27.1845 31.0125 57.3262 85.5194 128.7489 66.5441 203.0123 76.4837 94.8964 100.5619 88.0302 73.602 8.7998 75.4373 75.0239 85.5353 100.9233 72.0074 13.329 1204.6846 738.5564 738.5564 601.6975 87.4815 293.434 189.4518 208.6249 315.1174 1074.1248 276.7452 443.4693 270.3303 120.8466 358.6506 161.7299 261.9278 1085.3136;
	3.8234 51.6627 92.0204 112.846 14.4057 33.0293 25.9572 17.4669 27.9594 31.0635 57.4204 85.6599 128.9605 66.4025 193.5062 72.9023 90.4529 95.853 85.6803 70.1203 8.6524 77.0683 74.3715 84.1228 99.5137 70.4073 12.9228 1099.8404 709.7337 709.7337 623.1651 92.4812 285.6009 180.4898 208.1807 302.8197 1059.8765 273.326 455.1113 266.5546 113.3266 366.4047 182.4612 262.1999 1070.9169;
	3.8132 51.5245 90.406 114.3553 14.2254 32.9026 27.9189 17.4523 27.1301 31.0499 57.3953 85.6226 128.9043 67.3387 190.9888 71.9539 89.2762 94.6061 83.9743 69.5876 9.3063 76.7727 74.6474 86.3922 97.5054 70.9885 13.0096 1104.9414 712.215 712.215 594.1275 96.3013 279.9142 179.1185 211.116 303.8784 1002.1697 267.303 445.6472 261.1751 115.9662 364.9995 162.0053 255.1766 1012.609;
	3.8564 52.1082 94.0943 118.2134 15.1307 34.5191 26.9571 17.9229 27.9205 31.403 58.048 86.5962 130.3701 67.5939 195.6197 73.6986 91.4408 96.9 91.0927 71.5449 8.9857 80.5446 75.5601 87.348 100.5919 71.8672 13.2231 1175.9915 692.9006 692.9006 644.9464 97.3637 303.6423 184.1568 211.9159 295.6376 996.087 269.8563 454.1285 269.4426 117.1125 382.932 160.2851 270.6068 1006.4629;
	3.9043 52.7555 93.6442 118.5779 14.9164 34.1391 25.3471 18.3467 28.143 31.3355 57.9233 86.4101 130.09 68.7313 193.1308 72.7609 90.2774 95.6671 90.5523 71.8065 8.449 79.6579 75.6978 87.1149 100.8762 72.3365 13.2826 1177.5568 716.2308 716.2308 691.2414 103.0276 301.8409 184.83 215.4821 305.5918 977.4315 323.6937 464.583 270.204 116.3156 378.7165 185.766 256.2748 987.613;
	3.8068 51.4383 92.9068 117.4661 14.9708 33.3671 24.074 17.3762 27.7187 31.2775 57.8159 86.2499 129.8488 67.7459 192.1055 72.3746 89.7982 95.1592 91.6495 70.2285 8.0247 77.8565 75.8337 84.8286 99.113 71.8513 13.0377 1182.2861 704.944 704.944 669.9398 107.2924 305.4984 180.7684 212.3925 300.7761 1008.1663 304.1741 451.9334 265.4813 111.6225 370.1521 184.6065 254.2974 1018.6681;
	3.669 49.5762 90.1351 117.9132 15.056 33.6812 23.3782 15.4424 27.228 31.078 57.4472 85.6999 129.0208 64.6386 195.799 73.7661 91.5247 96.9888 92.0613 71.8662 7.7927 78.5895 75.8665 86.0948 98.616 68.2523 11.2574 1212.5432 690.6904 690.6904 701.9376 104.4788 306.8708 184.9839 202.6507 294.6946 1116.3447 306.8841 453.5012 264.1499 112.8843 373.637 186.5625 221.9541 1127.9732;
	3.7985 51.3263 93.2213 118.777 14.8876 33.3934 23.4825 13.9046 26.8487 31.2722 57.8061 86.2353 129.8268 63.2167 196.1706 73.9061 91.6984 97.1729 89.5981 71.2859 7.8275 77.9178 75.7947 85.3701 99.4208 59.5045 11.6102 1283.9111 667.5936 667.5936 695.1113 101.0833 298.6604 183.4901 198.1928 284.8399 1127.4749 302.9118 452.945 266.3057 116.6615 370.4437 196.8544 244.1976 1139.2195;
