function solarprofile = ex_solar_profilesh1
%EX_WIND_PROFILE_D  Example wind_load_nyiso profile data for deterministic unit commitment.
% 2022.03.12
% Andres F. Ramirez


%% define constants
[GEN_BUS, PG, QG, QMAX, QMIN, VG, MBASE, GEN_STATUS, PMAX, PMIN, ...
    MU_PMAX, MU_PMIN, MU_QMAX, MU_QMIN, PC1, PC2, QC1MIN, QC1MAX, ...
    QC2MIN, QC2MAX, RAMP_AGC, RAMP_10, RAMP_30, RAMP_Q, APF] = idx_gen;
[CT_LABEL, CT_PROB, CT_TABLE, CT_TBUS, CT_TGEN, CT_TBRCH, CT_TAREABUS, ...
    CT_TAREAGEN, CT_TAREABRCH, CT_ROW, CT_COL, CT_CHGTYPE, CT_REP, ...
    CT_REL, CT_ADD, CT_NEWVAL, CT_TLOAD, CT_TAREALOAD, CT_LOAD_ALL_PQ, ...
    CT_LOAD_FIX_PQ, CT_LOAD_DIS_PQ, CT_LOAD_ALL_P, CT_LOAD_FIX_P, ...
    CT_LOAD_DIS_P, CT_TGENCOST, CT_TAREAGENCOST, CT_MODCOST_F, ...
    CT_MODCOST_X] = idx_ct;

solarprofile = struct( ...
    'type', 'mpcData', ...
    'table', CT_TGEN, ...
    'rows', [1:12], ...
    'col', PMAX, ...
    'chgtype', 1, ...
    'values', [] );
solarprofile.values(:,1,:) = [
	0.0 0.0 0.0 0.0 0.0 0.0 0.0 0.0 0.0 0.0 0.0 0.0;
	0.0 0.0 0.0 0.0 0.0 0.0 0.0 0.0 0.0 0.0 0.0 0.0;
	0.0 0.0 0.0 0.0 0.0 0.0 0.0 0.0 0.0 0.0 0.0 0.0;
	0.0 0.0 0.0 0.0 0.0 0.0 0.0 0.0 0.0 0.0 0.0 0.0;
	0.0 0.0 0.0 0.0 0.0 0.0 0.0 0.0 0.0 0.0 0.0 0.0;
	0.0 0.0 0.002 0.0 0.0 0.0 0.0 0.0 0.0 0.0 0.0 0.0;
	8.3449 3.5226 3.9942 3.5558 1.5897 242.998 30.3748 69.0327 65.2079 50.9958 35.1175 92.3536;
	15.4533 9.7087 9.9543 10.7558 8.9444 407.4382 50.9298 77.4148 135.024 69.6018 81.0536 126.0493;
	22.4237 16.6029 13.8 11.7215 12.1949 451.2846 56.4106 79.5275 192.2622 313.6642 190.769 568.0478;
	26.7293 17.3617 14.0223 11.845 12.2391 464.6135 58.0767 77.588 261.168 340.5982 216.3574 616.8255;
	27.2807 17.4108 14.3241 11.9605 12.8141 445.684 55.7105 75.9959 244.4923 351.2799 237.025 636.17;
	27.2889 17.4027 14.3644 11.8847 12.2382 425.3847 53.1731 73.938 199.0799 348.7526 245.6422 631.593;
	26.5564 16.6984 13.8958 11.6504 9.3225 425.254 53.1568 71.5613 79.8884 210.5083 218.8048 381.2317;
	23.3576 16.6083 13.8 11.5984 7.9453 426.2732 53.2842 73.2623 60.4786 156.6292 171.1522 283.6565;
	17.1089 14.0594 10.9145 8.6778 6.3739 409.1636 51.1454 71.5286 54.2453 58.5851 120.789 106.098;
	7.7832 7.2788 4.6169 4.2626 3.9732 172.4967 21.5621 43.4486 23.0249 32.3664 51.0437 58.6158;
	0.7331 0.6317 0.4451 1.6365 2.5931 44.3341 5.5418 8.4324 19.5882 33.8954 31.9103 61.3849;
	0.0 0.0 0.0 0.0 0.0 0.0 0.0 0.0 0.0 0.0 0.0 0.0;
	0.0 0.0 0.0 0.0 0.0 0.0 0.0 0.0 0.0 0.0 0.0 0.0;
	0.0 0.0 0.0 0.0 0.0 0.0 0.0 0.0 0.0 0.0 0.0 0.0;
	0.0 0.0 0.0 0.0 0.0 0.0 0.0 0.0 0.0 0.0 0.0 0.0;
	0.0 0.0 0.0 0.0 0.0 0.0 0.0 0.0 0.0 0.0 0.0 0.0;
	0.0 0.0 0.0 0.0 0.0 0.0 0.0 0.0 0.0 0.0 0.0 0.0;
	0.0 0.0 0.0 0.0 0.0 0.0 0.0 0.0 0.0 0.0 0.0 0.0;
];
