function windprofile = ex_wind_profilesh1
%EX_WIND_PROFILE_D  Example wind_load_nyiso profile data for deterministic unit commitment.
% 2022.03.12
% Andres F. Ramirez


%% define constants
[GEN_BUS, PG, QG, QMAX, QMIN, VG, MBASE, GEN_STATUS, PMAX, PMIN, ...
    MU_PMAX, MU_PMIN, MU_QMAX, MU_QMIN, PC1, PC2, QC1MIN, QC1MAX, ...
    QC2MIN, QC2MAX, RAMP_AGC, RAMP_10, RAMP_30, RAMP_Q, APF] = idx_gen;
[CT_LABEL, CT_PROB, CT_TABLE, CT_TBUS, CT_TGEN, CT_TBRCH, CT_TAREABUS, ...
    CT_TAREAGEN, CT_TAREABRCH, CT_ROW, CT_COL, CT_CHGTYPE, CT_REP, ...
    CT_REL, CT_ADD, CT_NEWVAL, CT_TLOAD, CT_TAREALOAD, CT_LOAD_ALL_PQ, ...
    CT_LOAD_FIX_PQ, CT_LOAD_DIS_PQ, CT_LOAD_ALL_P, CT_LOAD_FIX_P, ...
    CT_LOAD_DIS_P, CT_TGENCOST, CT_TAREAGENCOST, CT_MODCOST_F, ...
    CT_MODCOST_X] = idx_ct;

windprofile = struct( ...
    'type', 'mpcData', ...
    'table', CT_TGEN, ...
    'rows', [1:45], ...
    'col', PMAX, ...
    'chgtype', 1, ...
    'values', [] );
windprofile.values(:,1,:) = [
	3.7472 50.6331 88.4014 111.2665 14.4236 32.031 28.0633 17.9141 23.7932 21.9275 40.5326 60.4666 91.0322 67.2699 196.3751 73.9832 91.7939 97.2742 36.8058 70.2089 9.3544 74.7391 55.579 87.3015 102.1335 72.2602 13.3453 1240.2216 678.2689 678.2689 622.8495 114.6414 122.6859 180.718 210.9001 289.3947 1229.4961 239.364 464.0973 273.5719 116.5276 355.3311 135.5164 266.6796 1242.3033;
	3.8037 51.3959 87.8835 116.6141 14.348 31.7527 29.87 17.8216 26.0739 21.8583 40.4048 60.276 90.7452 68.1262 195.2572 73.562 91.2714 96.7204 32.5754 71.9348 9.9567 74.0896 58.8365 86.5928 99.2764 70.72 12.9796 1264.131 724.9161 724.9161 627.4166 117.4141 108.5846 185.1605 213.5849 309.2976 1269.5524 248.7933 474.596 265.9188 119.2772 352.2432 134.3836 267.0345 1282.7769;
	3.9106 52.8408 90.1352 68.9608 14.6453 32.841 31.1062 17.4694 27.1536 27.8541 51.4879 76.8099 115.6368 67.7173 197.7091 74.4858 92.4175 97.935 37.1741 70.5441 10.3687 76.629 62.3261 88.616 101.6358 71.4242 13.0296 1224.3572 726.0601 726.0601 608.3774 115.0387 123.9135 181.5806 212.3029 309.7856 1258.1756 242.5336 476.5606 272.2387 122.8953 364.3163 145.8264 264.264 1271.2816;
	3.9096 52.8274 89.5268 88.4218 14.9411 33.262 30.4646 17.7327 26.6216 28.052 51.8537 77.3555 116.4582 65.9178 204.9212 77.2029 95.7888 101.5075 50.9276 72.1992 10.1549 77.6113 53.4611 88.5833 102.0463 73.0001 13.2003 1265.3308 749.5718 749.5718 579.3845 104.5009 169.7588 185.8409 206.6612 319.8173 1181.7431 247.384 478.1863 273.3383 121.8187 368.9863 179.9013 267.2486 1194.0529;
	3.6359 49.129 87.5253 115.5301 14.0811 31.8651 25.4854 17.8521 25.8734 27.057 50.0144 74.6117 112.3275 64.9012 196.1301 73.8909 91.6794 97.1528 82.4263 70.8536 8.4951 74.352 41.6115 85.6243 99.9336 71.9174 13.0514 1198.8002 664.2362 664.2362 543.7836 101.6998 274.7544 182.3773 203.4739 283.4075 1166.6306 233.7356 469.0624 267.6793 119.5016 353.4907 177.1706 255.1044 1178.783;
	3.8483 51.9984 88.8846 113.3969 14.4387 32.6059 28.9349 17.8954 26.0739 28.8307 53.2932 79.5029 119.6912 68.4331 203.2389 76.5691 95.0024 100.6742 92.9216 72.495 9.645 76.0804 66.4222 85.5292 101.1338 72.0089 13.3923 1166.5225 707.9074 707.9074 513.5639 101.7386 309.7386 186.6023 214.547 302.0405 1108.7753 226.1069 475.207 270.894 118.7589 361.7081 191.0852 250.3912 1120.325;
	3.8946 52.6252 88.6153 113.7561 14.2118 31.9244 29.4635 17.5648 25.9191 27.5543 50.9337 75.9831 114.3921 65.2006 200.3133 75.4669 93.6348 99.225 92.506 72.0929 9.8212 74.4902 72.1413 84.3842 98.9286 73.3288 13.0297 1151.5221 700.9661 700.9661 579.3051 96.0126 308.3534 185.5673 204.4128 299.0789 1118.0888 250.7471 460.8513 264.9873 122.4423 354.1477 198.9363 228.7528 1129.7356;
	3.806 51.4275 86.8606 110.9471 14.3131 32.6773 28.9195 16.0153 25.8741 22.8842 42.301 63.1048 95.0039 66.0967 197.9782 74.5871 92.5433 98.0683 90.4237 71.0524 9.6398 76.247 70.3497 84.2409 99.3317 71.64 12.919 1090.9674 695.1122 695.1122 556.9822 80.4476 301.4124 182.889 207.2222 296.5812 1090.6842 240.3074 443.8841 266.0671 122.082 362.5002 193.429 246.3318 1102.0455;
	3.8424 51.9192 88.7696 113.727 14.4455 34.7964 29.2829 17.2593 26.5066 28.8561 53.3401 79.5729 119.7966 69.4726 201.1373 75.7773 94.02 99.6331 91.1392 70.2982 9.761 81.1917 71.5739 84.7525 101.162 70.8633 12.9323 1204.9338 796.0813 796.0813 614.8698 79.3414 303.7973 180.9476 217.8061 339.6614 1204.8503 277.3063 460.238 270.9698 122.9849 386.0084 186.8331 259.7099 1217.4008;
	3.6273 49.0124 86.5728 109.2911 14.2941 32.8505 29.6913 17.189 26.0687 28.2185 52.1615 77.8147 117.1496 68.788 199.3136 75.0903 93.1675 98.7298 90.2175 70.1565 9.8971 76.6511 71.1896 84.4975 99.2708 69.8473 13.0667 1267.8371 790.2227 790.2227 697.3787 92.1838 300.7249 180.583 215.6596 337.1617 1186.475 300.1442 455.7599 265.904 121.0279 364.4214 156.5921 257.4364 1198.8341;
	3.7275 50.3668 89.1251 110.8113 14.3456 31.9463 26.8322 17.8521 26.8523 31.1235 57.5314 85.8255 129.2099 69.8446 203.0693 76.5052 94.9231 100.5902 88.8373 72.3362 8.9441 74.5414 74.4603 83.7368 97.2227 69.974 13.7718 1185.0824 775.4125 775.4125 665.7318 90.191 296.1242 186.1936 218.9723 330.8427 1075.2926 291.4759 464.2415 260.4179 121.9399 354.391 164.0115 258.6606 1086.4936;
	3.7618 50.8297 89.6621 113.887 14.5556 32.526 26.7923 17.7937 27.1822 30.9576 57.2247 85.3679 128.5209 68.9265 202.1698 76.1663 94.5026 100.1446 90.8671 70.8106 8.9308 75.894 74.3208 83.4567 99.3536 71.1241 13.6172 1131.2718 759.2846 759.2846 647.355 95.0544 302.8904 182.2666 216.0938 323.9614 1074.0346 282.423 460.3034 266.1258 119.7975 360.8218 181.8293 261.1397 1085.2225;
	3.8727 52.3284 93.6517 119.3799 14.8694 34.1133 30.2671 18.6397 28.2734 31.4017 58.0457 86.5927 130.3648 69.6524 203.2009 76.5547 94.9846 100.6553 90.4114 72.4683 10.089 79.5976 75.7454 87.8156 103.8146 74.4743 14.0262 1122.844 787.9344 787.9344 676.336 94.7218 301.3715 186.5337 218.3697 336.1853 995.9981 291.8723 472.984 278.0749 122.5115 378.4298 161.0935 268.6003 1006.3731;
	3.7422 50.5659 93.4129 117.9904 14.6198 33.3222 29.1511 18.6695 27.4307 31.3682 57.9837 86.5002 130.2256 67.9133 202.6912 76.3627 94.7463 100.4028 91.6888 71.8872 9.717 77.7519 75.0922 88.0611 101.6078 74.9841 14.0092 1134.8648 713.0941 713.0941 694.6937 95.1254 305.6292 185.0378 212.9174 304.2535 1006.5582 304.1455 464.6955 272.1639 123.5617 369.6546 147.9136 275.3808 1017.0432;
	3.6851 49.7936 93.2951 114.7904 14.8086 33.0763 26.7554 18.2902 27.1778 31.1736 57.6239 85.9635 129.4176 68.3614 203.5349 76.6806 95.1407 100.8208 91.1945 72.4122 8.9185 77.1779 75.2386 88.7688 102.7713 74.3969 13.5966 1100.0513 714.1252 714.1252 686.8472 89.9373 303.9818 186.3891 214.3224 304.6934 927.0242 297.8569 462.5295 275.2803 121.7798 366.9259 170.9777 255.9588 936.6807;
	3.5516 47.99 91.0251 114.1976 14.184 31.9558 27.2545 17.8717 26.613 30.6655 56.6848 84.5625 127.3084 67.3667 202.213 76.1826 94.5228 100.166 92.0658 72.2199 9.0848 74.5635 75.1781 86.2717 101.0637 73.6847 13.6325 1078.7917 675.1894 675.1894 599.2295 97.4544 306.886 185.8943 211.2036 288.0808 960.4886 287.4966 456.4494 270.7065 118.4031 354.4962 166.4757 248.087 970.4937;
	2.5393 34.3115 85.8002 110.6196 13.9327 30.948 25.2223 16.8104 26.4027 29.8526 55.182 82.3208 123.9334 64.4561 198.5696 74.8099 92.8197 98.3612 92.9322 73.2679 8.4074 72.212 75.2607 86.15 97.5073 70.7797 11.6748 1062.8311 682.2967 682.2967 601.7388 100.0014 309.7741 188.5917 202.0785 291.1133 1034.2793 277.9521 448.2656 261.1803 119.2245 343.3167 154.6915 207.3649 1045.053;
	3.4882 47.1335 86.7648 108.9875 14.0227 30.5678 26.2887 14.4178 27.7447 30.8365 57.0008 85.034 128.0183 66.9977 194.3918 73.236 90.8669 96.2918 92.454 71.0328 8.7629 71.3249 74.9943 84.4282 97.3009 69.3696 11.001 1123.8246 649.1341 649.1341 600.115 98.8717 308.1799 182.8386 210.0469 276.9639 1066.3357 289.6284 470.3296 260.6273 119.5668 339.099 164.3094 217.2305 1077.4434;
