function solarprofile = ex_solar_profilesh1
%EX_WIND_PROFILE_D  Example wind_load_nyiso profile data for deterministic unit commitment.
% 2022.03.12
% Andres F. Ramirez


%% define constants
[GEN_BUS, PG, QG, QMAX, QMIN, VG, MBASE, GEN_STATUS, PMAX, PMIN, ...
    MU_PMAX, MU_PMIN, MU_QMAX, MU_QMIN, PC1, PC2, QC1MIN, QC1MAX, ...
    QC2MIN, QC2MAX, RAMP_AGC, RAMP_10, RAMP_30, RAMP_Q, APF] = idx_gen;
[CT_LABEL, CT_PROB, CT_TABLE, CT_TBUS, CT_TGEN, CT_TBRCH, CT_TAREABUS, ...
    CT_TAREAGEN, CT_TAREABRCH, CT_ROW, CT_COL, CT_CHGTYPE, CT_REP, ...
    CT_REL, CT_ADD, CT_NEWVAL, CT_TLOAD, CT_TAREALOAD, CT_LOAD_ALL_PQ, ...
    CT_LOAD_FIX_PQ, CT_LOAD_DIS_PQ, CT_LOAD_ALL_P, CT_LOAD_FIX_P, ...
    CT_LOAD_DIS_P, CT_TGENCOST, CT_TAREAGENCOST, CT_MODCOST_F, ...
    CT_MODCOST_X] = idx_ct;

solarprofile = struct( ...
    'type', 'mpcData', ...
    'table', CT_TGEN, ...
    'rows', [1:12], ...
    'col', PMAX, ...
    'chgtype', 1, ...
    'values', [] );
solarprofile.values(:,1,:) = [
	0.0 0.0 0.0 0.0 0.0 0.0 0.0 0.0 0.0 0.0 0.0 0.0;
	0.0 0.0 0.0 0.0 0.0 0.0 0.0 0.0 0.0 0.0 0.0 0.0;
	0.0 0.0 0.0 0.0 0.0 0.0 0.0 0.0 0.0 0.0 0.0 0.0;
	0.0 0.0 0.0 0.0 0.0 0.0 0.0 0.0 0.0 0.0 0.0 0.0;
	0.0 0.0 0.0 0.0 0.0 0.0 0.0 0.0 0.0 0.0 0.0 0.0;
	0.0052 0.0287 0.0311 0.0 0.0 0.0 0.0 0.0 0.0 0.0 0.0 0.0;
	9.4621 7.7833 6.881 1.4423 2.6721 134.4552 16.8069 42.9352 60.3139 67.003 40.2159 121.3428;
	13.1826 13.2928 11.0048 6.7332 9.2721 326.0569 40.7571 69.3496 101.3393 36.1574 84.113 65.4813;
	16.1373 16.5881 13.6992 10.0661 11.3305 379.8636 47.4829 72.06 146.094 106.1558 135.4749 192.2489;
	22.2954 16.6083 13.5654 10.8403 7.1978 328.2145 41.0268 65.3888 181.1812 100.9477 166.0001 182.8169;
	23.5562 16.3727 13.0811 10.2221 5.6891 293.656 36.707 61.242 189.0526 176.8933 214.6799 320.3548;
	25.4241 16.2879 12.8852 9.8411 5.1704 279.1866 34.8983 58.7704 183.142 192.6711 221.9151 348.9286;
	26.3252 16.6083 13.8 11.0255 8.5874 382.5618 47.8202 71.053 136.009 62.1698 171.8904 112.5898;
	23.5773 16.6083 13.8 11.2102 9.7321 399.0917 49.8865 74.3084 98.4412 56.8248 110.9808 102.9101;
	18.9638 15.0816 11.1615 7.5944 9.6623 370.9504 46.3688 73.2413 70.5763 47.5837 84.4055 86.1744;
	9.2883 6.2033 3.6798 2.4683 6.4228 61.1686 7.6461 45.2241 25.1094 60.2735 48.4055 109.1556;
	0.7326 0.5839 0.3718 1.2771 2.9417 44.3341 5.5418 8.4178 19.5882 23.1162 19.4683 41.8636;
	0.0 0.0 0.0 0.0 0.0 0.0 0.0 0.0 0.0 0.0 0.0 0.0;
	0.0 0.0 0.0 0.0 0.0 0.0 0.0 0.0 0.0 0.0 0.0 0.0;
	0.0 0.0 0.0 0.0 0.0 0.0 0.0 0.0 0.0 0.0 0.0 0.0;
	0.0 0.0 0.0 0.0 0.0 0.0 0.0 0.0 0.0 0.0 0.0 0.0;
	0.0 0.0 0.0 0.0 0.0 0.0 0.0 0.0 0.0 0.0 0.0 0.0;
	0.0 0.0 0.0 0.0 0.0 0.0 0.0 0.0 0.0 0.0 0.0 0.0;
	0.0 0.0 0.0 0.0 0.0 0.0 0.0 0.0 0.0 0.0 0.0 0.0;
];
