function loadprofile = ex_load_profilesh1
%EX_LOAD_PROFILE  Example load profile data file for stochastic unit commitment.
% 2022.03.12
% Andres F. Ramirez

%% define constants
[CT_LABEL, CT_PROB, CT_TABLE, CT_TBUS, CT_TGEN, CT_TBRCH, CT_TAREABUS, ...
    CT_TAREAGEN, CT_TAREABRCH, CT_ROW, CT_COL, CT_CHGTYPE, CT_REP, ...
    CT_REL, CT_ADD, CT_NEWVAL, CT_TLOAD, CT_TAREALOAD, CT_LOAD_ALL_PQ, ...
    CT_LOAD_FIX_PQ, CT_LOAD_DIS_PQ, CT_LOAD_ALL_P, CT_LOAD_FIX_P, ...
    CT_LOAD_DIS_P, CT_TGENCOST, CT_TAREAGENCOST, CT_MODCOST_F, ...
    CT_MODCOST_X] = idx_ct;

loadprofile = struct( ...
    'type', 'mpcData', ...
    'table', CT_TAREALOAD, ...
    'rows', [1:11], ...
    'col', CT_LOAD_ALL_P, ...
    'chgtype', 1, ...
    'values', [] );
loadprofile.values(:,1,:) = [
	1518.0408 897.9037 1578.1355 536.5375 768.1412 1085.6556 830.8831 246.3817 459.4258 4324.5006 1481.7884;
	1513.6714 913.7884 1588.7 541.5 755.7418 1086.7315 842.4284 251.0 459.55 4323.8339 1544.7467;
	1547.4486 938.7955 1614.0894 542.656 765.0939 1098.4493 846.9554 253.7197 456.3279 4359.5299 1599.3477;
	1613.3381 1006.5 1739.6677 550.4302 836.3 1167.6804 897.3846 277.1177 474.1344 4630.5251 1724.1;
	1756.3 1129.2333 1911.3306 578.0 950.5866 1306.5304 978.0987 332.6208 557.9341 5193.8046 1978.6112;
	1891.1634 1219.8127 2050.6726 588.5291 1024.3282 1407.5371 1038.0158 359.5379 620.7 5737.0658 2148.891;
	1911.1842 1256.6562 2053.4836 600.021 1016.9499 1400.8635 1042.9583 348.719 644.8973 6073.7689 2186.3922;
	1944.393 1276.9737 2061.3088 591.2 1045.4645 1444.278 1071.8 343.5 667.923 6315.7656 2181.8608;
	1935.1084 1264.5472 2063.7 574.4 1054.0286 1434.4524 1051.968 349.2394 660.8049 6264.6132 2135.406;
	1942.9395 1287.215 2085.1547 572.8 1044.3339 1426.3853 1045.8545 348.3476 651.181 6300.8014 2108.007;
	1945.673 1272.5579 2022.2251 580.382 990.1502 1408.5543 1016.6071 327.4 636.25 6317.2328 2114.034;
	1932.5 1250.5367 1957.2975 591.8 974.6878 1335.2142 975.3854 309.0566 605.2263 6240.767 2043.6845;
	1891.379 1233.1 1957.0604 571.3 985.3927 1357.4413 982.7232 317.462 624.1988 6229.2311 2118.6979;
	1874.4694 1250.1279 1901.1169 573.3124 968.5254 1377.3276 1014.3321 311.6 641.6 6205.9032 2141.7858;
	1889.5488 1262.0496 1903.3221 573.8563 964.1159 1365.1388 1012.2137 301.904 631.5399 6146.7225 2063.5665;
	1898.8641 1267.7464 1929.4182 584.1478 980.8132 1412.1821 1056.6844 315.5082 616.4009 6254.0941 2194.2;
	1859.1012 1321.1223 2004.452 601.5 1015.4718 1443.8326 1082.2357 339.8826 573.4597 6126.2271 2290.9606;
	1881.0621 1329.9997 2067.7375 615.8025 1058.1244 1490.9931 1172.4561 348.0556 670.8102 6221.6784 2448.2;
	1895.5811 1335.3218 2104.0 604.6792 1082.4698 1467.1015 1166.5551 363.0247 680.5237 6230.591 2437.7451;
	1814.3364 1259.0154 2005.047 597.4475 997.1 1373.0387 1106.1181 351.5993 659.76 5996.0032 2342.0259;
	1733.565 1181.5361 1862.4144 565.5008 944.4953 1289.7898 1038.8296 325.299 596.097 5631.3053 2129.1483;
	1664.779 1100.7325 1742.8335 553.7295 880.4205 1191.3297 962.718 295.999 535.9775 5132.9434 1924.4315;
	1597.1887 1049.1434 1686.992 576.4769 844.6929 1168.36 909.0781 264.3 493.6284 4823.2525 1811.4;
	1537.2908 1001.99 1685.9981 572.7 831.4498 1129.2639 869.3044 260.9 484.0303 4560.4781 1754.3;
];
