function windprofile = ex_wind_profilesh1
%EX_WIND_PROFILE_D  Example wind_load_nyiso profile data for deterministic unit commitment.
% 2022.03.12
% Andres F. Ramirez


%% define constants
[GEN_BUS, PG, QG, QMAX, QMIN, VG, MBASE, GEN_STATUS, PMAX, PMIN, ...
    MU_PMAX, MU_PMIN, MU_QMAX, MU_QMIN, PC1, PC2, QC1MIN, QC1MAX, ...
    QC2MIN, QC2MAX, RAMP_AGC, RAMP_10, RAMP_30, RAMP_Q, APF] = idx_gen;
[CT_LABEL, CT_PROB, CT_TABLE, CT_TBUS, CT_TGEN, CT_TBRCH, CT_TAREABUS, ...
    CT_TAREAGEN, CT_TAREABRCH, CT_ROW, CT_COL, CT_CHGTYPE, CT_REP, ...
    CT_REL, CT_ADD, CT_NEWVAL, CT_TLOAD, CT_TAREALOAD, CT_LOAD_ALL_PQ, ...
    CT_LOAD_FIX_PQ, CT_LOAD_DIS_PQ, CT_LOAD_ALL_P, CT_LOAD_FIX_P, ...
    CT_LOAD_DIS_P, CT_TGENCOST, CT_TAREAGENCOST, CT_MODCOST_F, ...
    CT_MODCOST_X] = idx_ct;

windprofile = struct( ...
    'type', 'mpcData', ...
    'table', CT_TGEN, ...
    'rows', [1:45], ...
    'col', PMAX, ...
    'chgtype', 1, ...
    'values', [] );
windprofile.values(:,1,:) = [
	3.7342 50.457 88.8552 109.5203 15.2181 33.3585 26.5564 18.1498 26.0772 30.2402 55.8986 83.3898 125.5428 64.344 193.9848 73.0826 90.6766 96.0901 36.0526 67.8817 8.8521 77.8365 72.2131 87.0218 101.4942 72.8821 13.4822 1187.2656 658.9397 658.9397 591.2749 107.2466 120.1752 174.7276 201.7272 281.1476 1120.7918 227.1864 444.0566 271.8594 115.5007 370.0572 136.4539 275.8367 1132.4667;
	3.6451 49.2538 91.1041 113.8095 14.8337 32.277 25.5622 18.1254 25.7699 29.2823 54.128 80.7483 121.5661 64.0329 189.9817 71.5745 88.8054 94.1072 29.6374 69.2167 8.5207 75.313 68.6415 86.23 99.3699 71.1547 13.1359 1143.6616 617.148 617.148 567.7727 101.9536 98.7912 178.1641 200.7517 263.3165 1095.2003 232.0168 430.6735 266.1693 117.3384 358.0594 134.8706 276.1545 1106.6086;
	3.6777 49.6939 89.1229 60.1924 14.8629 33.1264 28.0792 17.5945 26.3017 29.1606 53.9028 80.4124 121.0605 65.9336 197.1539 74.2766 92.158 97.66 24.4619 67.3292 9.3597 77.295 68.0991 85.9729 99.6696 71.2029 12.9065 1141.9951 657.172 657.172 553.5111 102.1763 81.5396 173.3055 206.7107 280.3934 1144.8345 224.8078 445.3939 266.9721 117.3912 367.4824 134.2209 270.1851 1156.7598;
	3.7029 50.0344 86.5875 71.3516 14.7249 31.9091 27.4191 17.5078 26.1858 28.4999 52.6816 78.5905 118.3176 66.9889 200.5968 75.5737 93.7673 99.3654 41.5547 70.473 9.1397 74.4546 46.7668 84.3645 96.7202 70.736 12.9011 1187.6379 671.2006 671.2006 546.8805 95.4295 138.5158 181.3976 210.0192 286.3789 1055.9953 248.4539 440.6334 259.0719 115.603 353.9784 167.0659 268.0977 1066.9952;
	3.5096 47.4217 89.922 115.5233 14.795 32.981 23.615 17.7601 26.509 29.1627 53.9069 80.4185 121.0695 65.851 196.5245 74.0395 91.8638 97.3482 75.0741 69.6348 7.8717 76.9557 50.2078 84.6536 98.5589 71.0163 13.134 1183.9494 639.5336 639.5336 527.6558 96.0858 250.2469 179.2401 206.4516 272.8677 1143.3159 244.6908 444.3673 263.997 115.0945 365.8696 185.0146 264.1021 1155.2255;
	3.6805 49.7315 86.8412 103.1696 14.7421 32.637 28.1346 17.2099 26.7669 29.8892 55.2498 82.4218 124.0855 67.4157 196.4421 74.0084 91.8253 97.3074 85.8677 70.3862 9.3782 76.153 67.975 79.2592 88.713 68.2215 13.2673 1253.0777 723.0124 723.0124 512.1812 91.8935 286.2256 181.1743 211.3574 308.4853 1097.3207 229.1196 452.9896 237.624 106.1775 362.053 194.3233 259.1631 1108.7511;
	3.7881 51.185 89.4028 114.1816 14.3718 32.1517 29.1898 17.9147 27.3158 30.3665 56.1321 83.738 126.0671 67.1149 202.0086 76.1056 94.4273 100.0647 86.7257 73.0169 9.7299 75.0206 73.2789 84.2479 98.2842 72.1912 13.0772 1223.2932 753.6471 753.6471 544.5091 91.5193 289.0856 187.9456 210.4142 321.5561 1112.7276 234.7999 469.3815 263.2611 114.4923 356.6695 203.9357 262.0369 1124.3185;
	3.8344 51.8105 88.286 116.7593 14.6691 33.6207 29.5012 18.3396 27.9673 30.2077 55.8385 83.3001 125.4078 67.4684 201.568 75.9396 94.2213 99.8465 87.8434 71.5637 9.8337 78.4483 73.9268 85.0945 103.6601 71.2459 13.35 1262.1204 750.8422 750.8422 533.1891 82.1924 292.8115 184.2052 211.5225 320.3593 1161.7639 226.9549 476.091 277.6609 114.9444 372.9655 203.7114 253.2835 1173.8656;
	3.6079 48.7508 88.4437 117.8343 14.2939 33.5868 29.8905 17.7524 27.2969 30.7371 56.817 84.7598 127.6054 68.2237 203.0355 76.4925 94.9073 100.5734 87.9042 70.4603 9.9635 78.3691 73.3661 86.8256 103.469 71.0596 13.214 1257.7187 791.5211 791.5211 567.6585 76.8039 293.0141 181.365 213.8904 337.7157 1167.1519 257.4286 466.0218 277.1492 116.9339 372.5892 172.3911 263.2779 1179.3098;
	3.6001 48.6453 87.1902 115.2617 14.3164 32.5327 30.054 17.9262 26.3557 30.3648 56.1289 83.7333 126.06 67.5546 201.9664 76.0897 94.4075 100.0438 88.8739 70.9948 10.018 75.9095 72.2387 85.2969 101.0432 70.0488 13.3686 1250.2256 763.4084 763.4084 646.23 90.8998 296.2465 182.7408 211.7928 325.7209 1142.4275 268.8937 443.9427 270.6514 117.534 360.8956 159.731 261.4091 1154.3278;
	3.6536 49.3685 91.1682 117.5051 14.3521 33.6794 26.7235 18.1275 26.0553 30.5049 56.3878 84.1194 126.6414 65.7951 202.6004 76.3285 94.7039 100.3579 89.2819 70.4335 8.9078 78.5852 73.4925 86.5235 101.3595 69.3132 13.7602 1230.623 763.1239 763.1239 641.6163 87.2667 297.6064 181.2959 206.2766 325.5995 1127.8999 266.7311 440.4886 271.4987 120.7048 373.6166 168.966 260.0231 1139.6488;
	3.7773 51.0389 91.7658 116.6526 14.2694 33.5256 25.9162 17.5596 24.4878 30.512 56.401 84.1392 126.6711 66.3797 197.9598 74.5802 92.5347 98.0592 87.7994 69.5998 8.6387 78.2263 72.9487 84.2851 99.6226 68.5747 13.1104 1113.7039 752.5703 752.5703 628.8673 95.0525 292.6646 179.1501 208.1092 321.0966 1108.5161 259.0185 373.959 266.8463 115.634 371.9103 185.2043 262.2028 1120.0632;
	3.6694 49.5821 90.4151 116.3774 14.7008 32.3812 28.2857 17.5825 26.0316 31.1088 57.5042 85.785 129.1489 67.3075 198.2662 74.6957 92.6779 98.2109 88.6494 70.4439 9.4286 75.5562 73.7638 87.3277 100.5388 71.6752 13.0588 1128.2649 766.2144 766.2144 657.7308 95.6986 295.4981 181.3227 211.0182 326.9181 1047.3403 274.8742 433.9521 269.3004 113.8473 359.2156 157.8457 264.1276 1058.2501;
	3.6521 49.3482 92.503 115.254 14.3615 31.9984 28.3797 17.7126 26.1567 31.0558 57.4063 85.6388 128.9288 66.6314 197.6213 74.4527 92.3765 97.8915 89.9722 71.5115 9.4599 74.6629 75.4071 85.3516 99.7788 70.5973 13.0726 1104.4593 731.5219 731.5219 685.0207 97.226 299.9075 184.0708 208.8985 312.116 1020.3657 281.4888 432.6885 267.2647 115.2441 354.9687 148.8176 263.6729 1030.9945;
	3.6117 48.8025 92.9878 114.7896 14.3344 32.0005 25.3577 18.3361 25.7548 30.9912 57.2867 85.4604 128.6602 68.5065 194.5362 73.2904 90.9344 96.3633 86.7223 71.018 8.4526 74.6679 74.5474 86.5945 101.8665 72.9118 13.5033 1014.4461 719.2423 719.2423 639.7276 96.7958 289.0745 182.8005 214.7772 306.8767 902.4131 288.0701 434.4021 272.8568 114.2345 354.9923 163.5626 262.1914 911.8133;
	3.5887 48.4913 93.8694 117.6012 14.1909 32.1583 26.7098 17.6339 25.9819 30.4679 56.3194 84.0175 126.4879 68.0951 199.0711 74.9989 93.0542 98.6097 88.3718 71.6484 8.9033 75.036 74.7276 83.8198 101.0316 73.227 13.1376 1136.997 742.3195 742.3195 661.9365 103.6484 294.5725 184.4232 213.4875 316.723 1005.0572 299.4081 452.4082 270.6203 115.0759 356.7427 164.1448 252.9121 1015.5266;
	3.5926 48.5437 90.6844 115.1723 14.4179 33.5746 24.8574 17.9926 26.3616 30.1799 55.787 83.2233 125.2922 64.1559 196.1766 73.9084 91.7011 97.1758 89.7615 70.7076 8.2858 78.3408 74.2611 86.2085 100.8558 72.7014 12.7085 1083.9098 712.0041 712.0041 624.4008 102.4659 299.205 182.0016 201.1374 303.7884 1055.5395 270.8245 430.7202 270.1495 115.1048 372.4546 168.846 222.7119 1066.5347;
	3.7542 50.7277 93.0693 114.8178 15.1738 33.3788 25.1065 15.2827 27.314 30.0432 55.5343 82.8463 124.7246 65.764 190.2684 71.6825 88.9394 94.2492 87.9361 69.28 8.3688 77.8838 74.2645 84.0562 103.9909 70.0848 11.9123 1182.9586 672.4057 672.4057 635.6947 105.0823 293.1205 178.3268 206.1791 286.8931 1060.8579 296.9634 444.8779 278.5471 114.2694 370.2819 181.0235 244.5819 1071.9085;
