function solarprofile = ex_solar_profilesh1
%EX_WIND_PROFILE_D  Example wind_load_nyiso profile data for deterministic unit commitment.
% 2022.03.12
% Andres F. Ramirez


%% define constants
[GEN_BUS, PG, QG, QMAX, QMIN, VG, MBASE, GEN_STATUS, PMAX, PMIN, ...
    MU_PMAX, MU_PMIN, MU_QMAX, MU_QMIN, PC1, PC2, QC1MIN, QC1MAX, ...
    QC2MIN, QC2MAX, RAMP_AGC, RAMP_10, RAMP_30, RAMP_Q, APF] = idx_gen;
[CT_LABEL, CT_PROB, CT_TABLE, CT_TBUS, CT_TGEN, CT_TBRCH, CT_TAREABUS, ...
    CT_TAREAGEN, CT_TAREABRCH, CT_ROW, CT_COL, CT_CHGTYPE, CT_REP, ...
    CT_REL, CT_ADD, CT_NEWVAL, CT_TLOAD, CT_TAREALOAD, CT_LOAD_ALL_PQ, ...
    CT_LOAD_FIX_PQ, CT_LOAD_DIS_PQ, CT_LOAD_ALL_P, CT_LOAD_FIX_P, ...
    CT_LOAD_DIS_P, CT_TGENCOST, CT_TAREAGENCOST, CT_MODCOST_F, ...
    CT_MODCOST_X] = idx_ct;

solarprofile = struct( ...
    'type', 'mpcData', ...
    'table', CT_TGEN, ...
    'rows', [1:12], ...
    'col', PMAX, ...
    'chgtype', 1, ...
    'values', [] );
solarprofile.values(:,1,:) = [
	0.0 0.0 0.0 0.0 0.0 0.0 0.0 0.0 0.0 0.0 0.0 0.0;
	0.0 0.0 0.0 0.0 0.0 0.0 0.0 0.0 0.0 0.0 0.0 0.0;
	0.0 0.0 0.0 0.0 0.0 0.0 0.0 0.0 0.0 0.0 0.0 0.0;
	0.0 0.0 0.0 0.0 0.0 0.0 0.0 0.0 0.0 0.0 0.0 0.0;
	0.0 0.0 0.0 0.0 0.0 0.0 0.0 0.0 0.0 0.0 0.0 0.0;
	0.015 0.0107 0.0165 0.0 0.0 0.0 0.0 0.0428 0.0 0.0 0.0 0.0;
	7.5028 4.1374 4.5874 2.9701 6.6375 254.2918 31.7865 42.5877 155.3921 69.414 41.1095 125.7093;
	16.5952 12.4435 10.9319 7.0694 9.1918 304.8807 38.1101 71.2732 134.0473 29.5019 67.4548 53.4281;
	23.132 16.6029 13.8 10.3225 10.3669 326.4354 40.8044 73.829 137.3053 59.0169 87.3319 106.8799;
	26.4232 16.6298 13.8 11.2858 9.1842 299.0123 37.3765 66.8476 143.0623 99.3777 109.5552 179.9736;
	26.334 16.6083 13.8 11.3375 8.9265 271.0932 33.8866 63.9772 133.7669 185.2953 153.2006 335.5709;
	26.1582 15.9205 13.5138 10.8249 7.976 238.1108 29.7639 62.4261 95.5308 231.0262 168.0431 418.3898;
	26.3533 16.6083 13.7817 11.479 9.4307 368.0701 46.0088 70.6506 43.4566 195.3732 175.2309 353.8221;
	23.9586 16.6083 13.8 11.5984 10.4602 402.2632 50.2829 73.8814 32.2515 182.8154 158.3049 331.0798;
	19.8432 15.017 11.192 10.5216 10.4733 400.5231 50.0654 72.8016 33.9123 141.507 130.1053 256.27;
	8.5094 6.8419 3.8299 7.3654 6.835 270.5533 33.8192 50.6697 27.6766 58.123 55.2497 105.2611;
	0.6973 0.5839 0.3718 1.2497 2.4345 44.3341 5.5418 9.3137 19.5882 18.6824 17.3549 33.8339;
	0.0 0.0 0.0 0.0 0.0 0.0 0.0 0.0 0.0 0.0 0.0 0.0;
	0.0 0.0 0.0 0.0 0.0 0.0 0.0 0.0 0.0 0.0 0.0 0.0;
	0.0 0.0 0.0 0.0 0.0 0.0 0.0 0.0 0.0 0.0 0.0 0.0;
	0.0 0.0 0.0 0.0 0.0 0.0 0.0 0.0 0.0 0.0 0.0 0.0;
	0.0 0.0 0.0 0.0 0.0 0.0 0.0 0.0 0.0 0.0 0.0 0.0;
	0.0 0.0 0.0 0.0 0.0 0.0 0.0 0.0 0.0 0.0 0.0 0.0;
	0.0 0.0 0.0 0.0 0.0 0.0 0.0 0.0 0.0 0.0 0.0 0.0;
];
