function windprofile = ex_wind_profilesh1
%EX_WIND_PROFILE_D  Example wind_load_nyiso profile data for deterministic unit commitment.
% 2022.03.12
% Andres F. Ramirez


%% define constants
[GEN_BUS, PG, QG, QMAX, QMIN, VG, MBASE, GEN_STATUS, PMAX, PMIN, ...
    MU_PMAX, MU_PMIN, MU_QMAX, MU_QMIN, PC1, PC2, QC1MIN, QC1MAX, ...
    QC2MIN, QC2MAX, RAMP_AGC, RAMP_10, RAMP_30, RAMP_Q, APF] = idx_gen;
[CT_LABEL, CT_PROB, CT_TABLE, CT_TBUS, CT_TGEN, CT_TBRCH, CT_TAREABUS, ...
    CT_TAREAGEN, CT_TAREABRCH, CT_ROW, CT_COL, CT_CHGTYPE, CT_REP, ...
    CT_REL, CT_ADD, CT_NEWVAL, CT_TLOAD, CT_TAREALOAD, CT_LOAD_ALL_PQ, ...
    CT_LOAD_FIX_PQ, CT_LOAD_DIS_PQ, CT_LOAD_ALL_P, CT_LOAD_FIX_P, ...
    CT_LOAD_DIS_P, CT_TGENCOST, CT_TAREAGENCOST, CT_MODCOST_F, ...
    CT_MODCOST_X] = idx_ct;

windprofile = struct( ...
    'type', 'mpcData', ...
    'table', CT_TGEN, ...
    'rows', [1:45], ...
    'col', PMAX, ...
    'chgtype', 1, ...
    'values', [] );
windprofile.values(:,1,:) = [
	3.617 48.8733 87.6965 107.1173 14.905 31.8512 25.3261 18.1213 26.2019 30.4144 56.2206 83.87 126.2659 54.5224 200.5388 75.5518 93.7402 99.3366 35.1513 73.6293 8.442 74.3194 74.9398 87.9489 103.116 73.805 13.8072 1126.0207 641.3557 641.3557 534.9997 99.2948 117.1709 189.5219 170.935 273.6451 1067.238 211.781 435.1093 276.2035 120.0656 353.3358 136.0413 260.7883 1078.355;
	3.7417 50.5584 92.7872 119.0447 14.7686 32.3662 27.6629 18.9202 26.9984 29.9568 55.3747 82.6082 124.3662 55.4637 194.2988 73.2009 90.8234 96.2457 32.2667 72.8276 9.221 75.521 74.1966 89.4162 105.3978 74.3156 13.9648 1203.1996 658.8017 658.8017 528.4288 98.4496 107.5557 187.4585 173.8861 281.0887 1096.8964 216.0651 435.9842 282.3156 123.4464 359.0485 140.8609 272.1901 1108.3224;
	3.7622 50.8359 94.1311 65.8205 14.4975 33.6874 27.7087 18.8215 26.868 28.5455 52.766 78.7165 118.5072 53.1547 194.8818 73.4206 91.0959 96.5345 31.3903 71.8532 9.2362 78.6039 70.3303 89.1423 105.3504 74.2594 13.9746 1142.8509 606.3898 606.3898 497.5347 89.2796 104.6343 184.9503 166.647 258.7263 1080.3415 203.6276 392.6631 282.1886 123.7656 373.7055 139.7722 273.1317 1091.595;
	3.6386 49.1659 93.9165 89.0815 14.6524 32.7576 28.0955 19.0845 26.9563 28.3108 52.3321 78.0692 117.5327 54.498 196.9424 74.1969 92.0591 97.5552 32.6203 72.5576 9.3652 76.4343 67.2674 89.1051 106.2208 75.2145 13.9782 1226.8667 657.3862 657.3862 484.1985 88.6221 108.7344 186.7635 170.8585 280.4848 1076.2286 223.2123 428.4312 284.5201 122.8274 363.3905 175.2813 270.753 1087.4393;
	3.3577 45.3693 93.8643 120.2229 14.2716 32.1762 23.8903 18.9406 27.5565 28.9495 53.5126 79.8303 120.1841 54.8835 187.4966 70.6382 87.6437 92.8762 68.2109 71.0062 7.9634 75.0778 59.2256 89.1424 106.4808 74.6373 13.5113 1196.8739 625.0731 625.0731 501.0351 86.2997 227.3695 182.7702 172.0673 266.6979 1174.2813 224.5215 430.744 285.2165 123.3339 356.9412 187.6862 262.4037 1186.5134;
	3.685 49.7926 94.1061 119.0959 14.3498 33.2956 27.9202 18.9711 27.5162 29.8204 55.1225 82.2319 123.7997 63.9202 192.2165 72.4164 89.85 95.2142 85.5248 72.3717 9.3067 77.6897 69.3626 88.4714 106.1997 75.2057 13.8325 1310.5212 673.8846 673.8846 501.4703 92.0006 285.0826 186.2849 200.3984 287.5241 1127.5265 214.4102 441.2781 284.4634 118.0744 369.3592 196.9097 263.5019 1139.2716;
	3.8262 51.7003 95.1318 120.1916 14.8301 33.1932 29.0435 18.9943 27.0819 29.8652 55.2053 82.3555 123.9858 63.7986 193.4611 72.8854 90.4318 95.8307 84.6599 70.5932 9.6812 77.4508 72.927 88.5929 105.7 75.7241 13.4354 1285.617 682.4035 682.4035 533.7736 90.7619 282.1998 181.7072 200.0173 291.1588 1109.9686 236.6419 446.2765 283.125 119.4241 368.2235 204.6095 265.5529 1121.5307;
	3.7882 51.1874 94.1722 115.7734 14.6311 33.9755 28.6489 19.0234 27.8773 30.6105 56.5831 84.4108 127.08 64.0907 196.5189 74.0374 91.8612 97.3454 84.5598 70.5586 9.5496 79.2762 74.7043 88.6994 106.4438 76.261 13.5169 1178.3479 659.9666 659.9666 494.7786 74.4609 281.8659 181.618 200.933 281.5857 1076.8054 210.7354 450.4996 285.1173 118.2107 376.9017 201.4169 259.2945 1088.0221;
	3.6304 49.0542 93.4705 117.4146 14.3521 34.3091 28.411 18.7911 27.9544 30.8531 57.0315 85.0798 128.0872 66.632 199.4948 75.1585 93.2522 98.8195 82.3956 71.4183 9.4703 80.0546 73.8991 89.658 105.7473 75.2374 13.4389 1179.2498 645.6062 645.6062 506.5933 71.3507 274.6519 183.8308 208.9002 275.4587 1076.6031 227.1139 448.0342 283.2516 115.7492 380.6025 177.4535 265.373 1087.8177;
	3.6032 48.6874 94.1376 113.236 14.1687 32.6774 27.6097 18.5984 26.8458 30.6128 56.5873 84.417 127.0894 67.543 201.7838 76.0209 94.3222 99.9534 88.8692 72.6728 9.2032 76.2472 73.3574 88.8649 104.5546 74.6445 13.3775 1143.7429 648.7883 648.7883 622.3318 85.3295 296.2308 187.06 211.7565 276.8163 1065.9884 252.0394 436.3513 280.057 117.9371 362.501 159.8646 262.2999 1077.0924;
	3.5909 48.5212 92.4508 111.8936 14.1353 32.7295 24.998 17.9246 27.1797 30.8889 57.0976 85.1783 128.2355 64.3964 201.4629 75.9 94.1722 99.7944 86.5401 72.6949 8.3327 76.3689 74.183 87.3761 102.3474 72.5452 13.2488 1108.7515 682.1667 682.1667 600.8728 86.8464 288.4669 187.117 201.8913 291.0578 1035.1158 250.1953 436.6987 274.1449 115.4731 363.0797 166.3152 260.668 1045.8983;
	3.6061 48.7265 92.6118 111.9613 14.1187 32.6011 22.8864 18.0092 26.7816 30.4005 56.195 83.8318 126.2083 65.7402 199.9172 75.3176 93.4497 99.0287 88.5927 71.0286 7.6288 76.0692 74.7819 88.6198 104.6454 73.2331 12.867 1073.4958 716.8096 716.8096 564.6279 94.1806 295.3089 182.8279 206.1045 305.8387 1042.6422 237.354 434.5852 280.3001 113.8392 361.6547 181.4126 262.2004 1053.503;
	3.662 49.4817 89.5187 112.4373 14.2019 33.0265 25.9284 17.96 26.416 30.6723 56.6973 84.5813 127.3366 66.4988 198.9658 74.9592 93.005 98.5575 88.934 72.4309 8.6428 77.0619 74.8618 88.7617 104.6187 72.3672 12.8162 1038.8107 751.9406 751.9406 626.9917 101.023 296.4466 186.4374 208.4827 320.828 995.9213 259.4349 413.5862 280.2286 116.4894 366.3744 157.2783 259.5494 1006.2955;
	3.7906 51.2194 93.8366 116.6946 14.5642 32.877 24.6147 18.7716 26.4506 30.741 56.8243 84.7707 127.6218 64.0164 201.2447 75.8178 94.0702 99.6863 92.2017 73.3369 8.2049 76.7131 75.3942 89.8679 106.4146 72.3651 13.3479 1011.9949 695.9894 695.9894 660.0692 96.7219 307.3388 188.7693 200.7001 296.9555 971.9661 273.1593 434.1748 285.0392 119.6624 364.716 153.3144 273.4951 982.0908;
	3.834 51.8061 94.1103 117.4027 14.5734 33.2517 22.5408 18.5548 27.1629 29.9543 55.37 82.6012 124.3556 66.999 201.4274 75.8866 94.1556 99.7768 91.7407 72.1987 7.5136 77.5873 73.8682 90.0306 105.7221 73.2489 12.9511 1023.9527 707.8503 707.8503 681.023 100.3085 305.8023 185.8396 210.0508 302.0161 940.8524 318.3095 442.4684 283.1842 118.1673 368.8721 169.077 262.7659 950.6529;
	3.8386 51.8683 94.0196 116.656 14.7855 33.6013 23.929 18.2196 27.2288 28.9531 53.5193 79.8403 120.1991 64.13 198.8531 74.9167 92.9522 98.5016 89.7073 70.676 7.9763 78.4031 73.3105 90.1652 105.2997 73.7547 12.9771 1096.8533 741.2187 741.2187 638.8119 106.2504 299.0243 181.9201 201.0563 316.2533 1020.805 307.657 440.2862 282.0529 114.084 372.7509 178.698 257.2665 1031.4384;
	3.7553 50.7426 90.9099 118.3564 15.0403 35.0127 23.4411 18.1696 27.9073 30.8537 57.0325 85.0813 128.0895 63.0365 190.3681 71.7201 88.986 94.2986 89.6184 72.2973 7.8137 81.6962 74.7128 89.9417 104.6198 72.9421 12.6502 1084.2128 722.4332 722.4332 629.6731 104.0666 298.728 186.0936 197.628 308.2381 1066.255 290.3208 441.128 280.2316 116.9686 388.4072 186.2955 235.9923 1077.3618;
	3.9115 52.8524 94.1283 118.7805 15.1778 34.0087 25.1841 16.729 28.4122 30.7072 56.7618 84.6775 127.4815 66.9512 184.1634 69.3825 86.0857 91.2251 87.5281 70.5748 8.3947 79.3537 73.8305 90.0338 105.9205 71.4682 12.9796 1185.0666 713.7787 713.7787 678.0182 102.9027 291.7604 181.6597 209.9009 304.5456 1151.1764 312.4692 466.3356 283.7156 119.4255 377.2702 196.9567 246.1107 1163.1678;
