function loadprofile = ex_load_profilesh1
%EX_LOAD_PROFILE  Example load profile data file for stochastic unit commitment.
% 2022.03.12
% Andres F. Ramirez

%% define constants
[CT_LABEL, CT_PROB, CT_TABLE, CT_TBUS, CT_TGEN, CT_TBRCH, CT_TAREABUS, ...
    CT_TAREAGEN, CT_TAREABRCH, CT_ROW, CT_COL, CT_CHGTYPE, CT_REP, ...
    CT_REL, CT_ADD, CT_NEWVAL, CT_TLOAD, CT_TAREALOAD, CT_LOAD_ALL_PQ, ...
    CT_LOAD_FIX_PQ, CT_LOAD_DIS_PQ, CT_LOAD_ALL_P, CT_LOAD_FIX_P, ...
    CT_LOAD_DIS_P, CT_TGENCOST, CT_TAREAGENCOST, CT_MODCOST_F, ...
    CT_MODCOST_X] = idx_ct;

loadprofile = struct( ...
    'type', 'mpcData', ...
    'table', CT_TAREALOAD, ...
    'rows', [1:11], ...
    'col', CT_LOAD_ALL_P, ...
    'chgtype', 1, ...
    'values', [] );
loadprofile.values(:,1,:) = [
	1516.0509 920.7 1594.8375 575.4502 779.1255 1143.848 866.7308 244.9207 488.2773 4412.2223 1574.1614;
	1496.2697 922.4586 1594.7761 571.5856 786.299 1117.8302 852.3106 232.9389 489.7137 4382.8512 1594.2984;
	1566.189 940.8067 1645.9646 563.8815 793.9551 1153.5248 861.1 237.0133 489.3021 4416.5038 1622.5493;
	1612.6339 1011.1 1745.7906 584.9 839.3 1229.0 908.4709 263.4723 522.319 4645.896 1733.6856;
	1779.8903 1150.4329 1949.9 618.0005 955.5557 1367.7754 992.5 305.761 583.5567 5169.5453 1918.9182;
	1850.5293 1213.0892 2039.0898 634.5515 1017.8 1455.5284 1058.8892 330.6539 635.2599 5712.206 2058.7345;
	1890.118 1233.2 2064.5229 628.4604 1024.5 1498.9629 1107.2659 343.1111 662.3923 6109.6881 2125.5416;
	1927.8942 1238.4 2062.1164 618.4 1027.6545 1523.4 1116.5831 349.0106 674.8667 6303.7653 2116.9804;
	1918.4619 1230.1 2055.0 622.5043 1001.9237 1532.7096 1092.7311 351.5079 683.0 6251.1577 1993.9303;
	1919.8005 1202.4235 1976.0208 619.9 978.8996 1479.0369 1062.9472 357.7954 677.5 6301.1756 1866.3137;
	1891.958 1218.9986 2014.5742 606.7291 959.7573 1480.4305 1051.4858 351.2 668.3315 6320.731 1836.0774;
	1921.9443 1229.2373 1986.4709 594.3237 944.8733 1481.5452 1040.7 359.2624 650.3756 6299.8147 1774.7375;
	1837.1173 1217.0026 1987.6733 600.6879 933.2205 1455.68 1035.4395 359.612 662.8057 6284.8034 1876.7319;
	1777.4149 1191.8963 1970.9935 602.2273 929.9452 1446.2111 1049.9137 359.8 661.8237 6385.0978 1851.3529;
	1774.2832 1200.6657 1962.3715 611.6 898.1715 1401.9929 1038.3005 361.5065 667.0784 6311.3685 1869.7857;
	1797.5399 1195.5053 2034.5 629.2122 963.7602 1457.3348 1070.7324 373.0 671.6683 6316.7642 1742.1207;
	1810.8074 1205.0189 2041.3566 627.0853 958.4083 1478.9229 1120.1116 379.8427 694.9 6208.7989 2162.8939;
	1864.8885 1263.5338 2101.528 620.1421 1027.8867 1577.8731 1236.4343 422.7283 749.0 6287.5975 2348.0863;
	1898.8767 1277.1971 2095.52 628.5256 1017.4026 1574.3968 1209.114 393.8145 738.4 6171.4 2259.5822;
	1815.7707 1195.5 1976.1429 607.5726 978.3 1488.8755 1152.0631 366.1507 702.8487 5955.5364 2122.6416;
	1736.8657 1113.4548 1874.8791 592.2164 903.518 1397.4527 1086.5225 337.8969 660.2803 5746.8723 2065.0058;
	1670.287 1032.3 1759.343 581.6263 850.264 1314.5349 1010.9394 315.4836 614.8161 5353.1278 1914.5317;
	1543.3233 946.5395 1679.725 590.7908 803.7069 1198.1942 925.0 278.3445 557.2 4930.3048 1623.6397;
	1537.4718 940.0971 1718.5826 601.2649 817.2413 1204.5846 930.8481 277.6275 541.5785 4731.0835 1716.0447;
];
