function loadprofile = ex_load_profilesh1
%EX_LOAD_PROFILE  Example load profile data file for stochastic unit commitment.
% 2022.03.12
% Andres F. Ramirez

%% define constants
[CT_LABEL, CT_PROB, CT_TABLE, CT_TBUS, CT_TGEN, CT_TBRCH, CT_TAREABUS, ...
    CT_TAREAGEN, CT_TAREABRCH, CT_ROW, CT_COL, CT_CHGTYPE, CT_REP, ...
    CT_REL, CT_ADD, CT_NEWVAL, CT_TLOAD, CT_TAREALOAD, CT_LOAD_ALL_PQ, ...
    CT_LOAD_FIX_PQ, CT_LOAD_DIS_PQ, CT_LOAD_ALL_P, CT_LOAD_FIX_P, ...
    CT_LOAD_DIS_P, CT_TGENCOST, CT_TAREAGENCOST, CT_MODCOST_F, ...
    CT_MODCOST_X] = idx_ct;

loadprofile = struct( ...
    'type', 'mpcData', ...
    'table', CT_TAREALOAD, ...
    'rows', [1:11], ...
    'col', CT_LOAD_ALL_P, ...
    'chgtype', 1, ...
    'values', [] );
loadprofile.values(:,1,:) = [
	1561.5163 912.1462 1633.0261 569.5 751.6641 1114.3417 840.4701 236.1924 505.5 4403.4097 1700.9817;
	1572.5046 918.6 1622.9866 584.3206 746.0424 1121.7827 825.5523 232.5401 498.7889 4392.499 1675.3;
	1596.7999 938.9205 1663.4836 602.4942 779.6 1141.8732 834.9747 244.5838 490.9 4423.0346 1685.4609;
	1656.2179 1022.6699 1760.3731 605.1442 836.3 1218.9285 886.7369 257.2826 536.3848 4682.4 1804.3102;
	1807.8915 1130.0731 1942.7017 634.2657 929.3 1364.9441 1009.9 301.7031 614.3141 5239.6938 2020.7923;
	1857.0824 1229.7071 2098.5689 652.8787 979.0073 1456.9255 1064.677 326.7 675.0351 5800.0218 2185.5479;
	1858.7 1207.6766 2051.9 653.7042 984.342 1425.6703 1058.9254 327.6411 689.4482 6093.9495 2167.9033;
	1857.523 1176.0 2049.467 621.4 967.1938 1410.8955 1053.7072 313.5011 690.3 6291.6409 2073.2165;
	1879.3454 1206.2198 2110.4027 613.0413 974.2247 1405.2575 1069.6442 312.3964 700.2 6420.9351 2090.4758;
	1887.7765 1200.0326 2104.8699 601.8302 976.515 1419.3447 1089.4695 309.2953 698.4166 6440.1145 2008.9169;
	1858.4363 1169.4189 2081.2107 606.4038 998.9316 1419.8023 1065.7403 315.5148 685.9351 6398.1736 1990.9453;
	1816.8903 1128.2476 2024.8174 611.7027 966.8963 1357.6157 1053.3699 306.4669 671.7277 6293.8115 1938.444;
	1813.0671 1124.1705 2000.6866 603.2238 964.0805 1320.7916 1006.9262 290.738 656.6257 6190.577 1924.5371;
	1804.3384 1149.911 2014.2178 590.8169 1003.4116 1292.1919 1027.3665 307.3115 660.3413 6223.7994 1998.5356;
	1803.765 1172.6256 2016.5 585.9584 1039.7873 1395.7602 1091.3932 328.2134 697.7528 6395.3031 2144.8518;
	1803.079 1163.5902 2055.8979 594.6691 1056.5285 1459.0703 1105.4809 333.1505 732.0048 6402.36 2265.8607;
	1837.2895 1193.1376 2053.5741 592.4864 1056.148 1492.6114 1116.9468 350.7 717.8997 6291.7571 2356.8739;
	1884.5571 1233.3 2057.0186 588.9125 1063.7586 1541.6 1148.1341 345.369 731.593 6295.9502 2446.3167;
	1884.4701 1229.8618 2049.6203 583.4622 1038.3189 1499.0906 1134.6329 332.2561 684.0775 6135.4231 2378.9723;
	1786.8564 1162.7923 1954.5092 568.8839 971.7574 1457.1546 1112.9648 345.8823 674.2624 5949.6277 2315.7848;
	1710.1741 1069.9697 1821.1 551.964 908.4408 1355.5273 1006.5865 305.6834 633.6847 5620.2022 2095.4139;
	1597.0197 1002.7157 1709.5023 538.1 821.8613 1237.657 919.9 263.419 574.6835 5085.3068 1848.3898;
	1567.981 958.737 1676.9524 569.2344 811.5234 1173.255 850.8775 256.2912 511.2641 4609.8697 1766.2068;
	1544.824 910.0734 1616.7 582.2893 804.8121 1166.1 832.4964 260.8694 474.5292 4585.8502 1731.9006;
];
