function windprofile = ex_wind_profilesh1
%EX_WIND_PROFILE_D  Example wind_load_nyiso profile data for deterministic unit commitment.
% 2022.03.12
% Andres F. Ramirez


%% define constants
[GEN_BUS, PG, QG, QMAX, QMIN, VG, MBASE, GEN_STATUS, PMAX, PMIN, ...
    MU_PMAX, MU_PMIN, MU_QMAX, MU_QMIN, PC1, PC2, QC1MIN, QC1MAX, ...
    QC2MIN, QC2MAX, RAMP_AGC, RAMP_10, RAMP_30, RAMP_Q, APF] = idx_gen;
[CT_LABEL, CT_PROB, CT_TABLE, CT_TBUS, CT_TGEN, CT_TBRCH, CT_TAREABUS, ...
    CT_TAREAGEN, CT_TAREABRCH, CT_ROW, CT_COL, CT_CHGTYPE, CT_REP, ...
    CT_REL, CT_ADD, CT_NEWVAL, CT_TLOAD, CT_TAREALOAD, CT_LOAD_ALL_PQ, ...
    CT_LOAD_FIX_PQ, CT_LOAD_DIS_PQ, CT_LOAD_ALL_P, CT_LOAD_FIX_P, ...
    CT_LOAD_DIS_P, CT_TGENCOST, CT_TAREAGENCOST, CT_MODCOST_F, ...
    CT_MODCOST_X] = idx_ct;

windprofile = struct( ...
    'type', 'mpcData', ...
    'table', CT_TGEN, ...
    'rows', [1:45], ...
    'col', PMAX, ...
    'chgtype', 1, ...
    'values', [] );
windprofile.values(:,1,:) = [
	3.8125 51.5159 92.822 111.6748 15.2262 34.5577 27.2398 19.0518 27.3123 30.9104 57.1374 85.2378 128.325 67.6297 201.3184 75.8456 94.1047 99.7229 36.7012 72.8628 9.0799 80.6345 73.6001 88.1381 104.1245 75.4405 13.9628 1164.4897 691.5913 691.5913 611.8156 109.989 122.3372 187.549 212.0282 295.079 1132.9168 229.9706 444.3114 278.9049 119.3172 383.3595 133.4316 265.5291 1144.718;
	3.7054 50.0678 91.4551 117.1503 15.0713 34.4208 28.3315 19.1167 27.4456 30.5905 56.546 84.3555 126.9968 68.1858 198.1597 74.6555 92.6281 98.1582 33.1985 73.5583 9.4438 80.3153 73.1454 87.951 104.3345 75.5403 14.0127 1176.6187 733.5421 733.5421 598.5025 104.3158 110.6618 189.3391 213.7718 312.978 1175.7881 236.9384 446.2414 279.4674 123.3979 381.8418 128.0192 261.2518 1188.0359;
	3.7327 50.4371 92.3475 65.0264 15.0542 34.735 27.6883 18.7746 27.5346 30.6022 56.5677 84.3879 127.0456 66.3744 201.1173 75.7698 94.0106 99.6232 40.9398 73.5314 9.2294 81.0483 73.8987 87.9627 104.2759 74.4541 13.848 1178.6558 734.4428 734.4428 603.26 104.7005 136.4662 189.27 208.0927 313.3623 1199.7756 235.2982 440.9964 279.3104 123.599 385.3268 135.7493 260.769 1212.2733;
	3.6491 49.3074 90.0824 79.7919 14.4565 33.6523 27.7428 18.6921 28.2241 31.0238 57.347 85.5505 128.7958 67.7437 200.6492 75.5934 93.7918 99.3913 49.6341 72.8627 9.2476 78.522 71.697 86.0546 102.2062 74.3584 13.8181 1164.9044 722.5486 722.5486 587.5247 100.4388 165.4471 187.5487 212.3855 308.2874 1113.7724 244.5066 453.3782 273.7666 123.6447 373.3158 154.1469 259.6367 1125.3742;
	3.461 46.7657 90.3434 113.8798 14.4083 33.7946 22.4766 18.4476 28.1158 31.0248 57.3489 85.5533 128.8 65.5196 192.0335 72.3475 89.7645 95.1236 81.4039 69.3846 7.4922 78.8541 65.569 85.8801 102.3969 73.0807 13.8119 1156.048 636.9955 636.9955 529.1364 92.5785 271.3463 178.5962 205.4129 271.7847 1118.7742 229.0958 443.2088 274.2774 122.5452 374.895 158.8926 260.4136 1130.4281;
	3.68 49.7253 93.3637 118.2046 14.8686 34.4891 28.1164 18.5954 27.6409 31.3228 57.8996 86.3749 130.0369 65.9113 197.9926 74.5926 92.55 98.0754 90.372 72.5351 9.3721 80.4745 74.9963 86.167 104.3729 74.5624 13.9558 1202.7987 714.7524 714.7524 534.5012 93.1269 301.2399 186.7055 206.6408 304.961 1103.7889 226.4975 460.6627 279.5702 120.5694 382.599 174.7073 270.3009 1115.2867;
	3.6788 49.7086 90.93 115.7096 14.9179 33.0909 26.9705 18.1028 26.3428 30.9983 57.2999 85.4801 128.6898 64.3262 193.8721 73.0402 90.6239 96.0343 88.0944 71.0629 8.9902 77.212 74.4041 84.8713 100.8997 74.8357 13.5237 1213.831 721.7703 721.7703 560.3669 92.6043 293.6479 182.9162 201.6713 307.9553 1118.349 240.0096 456.3737 270.2671 117.6842 367.0881 182.0077 260.0082 1129.9984;
	3.8203 51.6212 88.564 114.8473 14.9924 34.7181 27.6599 17.6984 26.7401 30.9942 57.2923 85.4688 128.6728 64.1998 196.6992 74.1053 91.9454 97.4347 87.3343 71.388 9.22 81.0089 73.9626 84.6379 103.8982 72.8713 13.091 1122.4921 739.2805 739.2805 572.274 80.0441 291.1143 183.753 201.2752 315.4263 1109.4157 245.5021 468.5689 278.2988 114.2663 385.1395 194.0309 223.1435 1120.9721;
	3.9181 52.9418 91.9642 118.5285 15.2272 35.1694 28.908 17.4394 27.3488 31.1803 57.6362 85.9819 129.4453 67.6789 195.4455 73.633 91.3594 96.8137 90.2962 70.6097 9.636 82.0618 72.8617 87.1285 103.81 72.233 13.1257 1180.615 799.3771 799.3771 625.5768 81.0167 300.9872 181.7495 212.1825 341.0676 1184.1664 291.8386 469.3323 278.0625 120.6862 390.1454 185.5108 259.9739 1196.5014;
	3.9145 52.8933 92.3648 119.1064 15.3429 35.1354 28.8607 17.5799 27.6954 31.0681 57.4289 85.6726 128.9796 67.1165 201.0723 75.7528 93.9896 99.6009 91.7427 72.4743 9.6202 81.9826 73.4539 86.4486 103.2567 72.0544 13.2674 1199.7509 764.2347 764.2347 635.1654 89.0594 305.809 186.5489 210.4192 326.0735 1172.8952 280.9955 471.497 276.5804 120.1881 389.7685 167.1541 254.982 1185.1129;
	3.9185 52.9474 92.7803 118.0965 15.3497 35.0121 26.955 17.7367 28.1435 31.1747 57.6259 85.9665 129.422 66.8738 201.3614 75.8617 94.1247 99.7441 90.0631 71.9444 8.985 81.6948 73.2511 86.4266 101.6139 73.6634 13.2278 1201.5875 786.0831 786.0831 652.0492 93.7165 300.2103 185.1851 209.6584 335.3954 1157.6953 297.2728 473.1267 272.18 121.2001 388.4007 169.7762 259.9291 1169.7546;
	3.8862 52.5114 89.3098 115.0579 15.2189 34.4826 25.9246 17.5222 27.7384 30.7492 56.8395 84.7933 127.6558 66.8332 196.7771 74.1346 91.9819 97.4733 87.8843 70.6322 8.6415 80.4594 73.5041 84.0772 99.2548 72.8651 12.9777 1131.3866 750.6322 750.6322 609.865 98.6901 292.9476 181.8075 209.5311 320.2697 1148.7659 282.8117 465.922 265.8612 119.6887 382.5268 182.4676 252.0435 1160.7322;
	3.8994 52.6899 91.0147 118.8146 15.2401 34.0993 28.4371 17.7434 27.8608 31.3133 57.8822 86.3489 129.9977 68.1585 198.6567 74.8428 92.8605 98.4044 89.2124 72.1318 9.479 79.5651 74.4506 88.4312 101.5998 74.0664 13.0867 1133.0003 776.7313 776.7313 649.291 101.1611 297.3748 185.6674 213.686 331.4054 1065.0635 277.1784 464.3319 272.1422 119.5706 378.2753 155.7616 258.9275 1076.1579;
	3.8318 51.7766 89.8541 116.7578 14.5563 33.0236 27.9167 18.2872 26.6211 30.8218 56.9737 84.9936 127.9574 66.5753 203.4268 76.6398 95.0902 100.7672 91.7901 73.6724 9.3056 77.0551 74.0465 87.5955 101.057 74.5504 13.4771 1196.2837 741.7229 741.7229 691.4559 100.6553 305.9671 189.633 208.7225 316.4684 1098.1737 289.392 463.3999 270.6883 116.8893 366.3419 146.5444 262.0487 1109.613;
	3.7803 51.08 92.234 113.869 14.3249 33.7536 24.6556 18.5505 26.3118 30.5954 56.5552 84.3692 127.0174 65.6822 198.0081 74.5984 92.5573 98.0831 87.3755 72.9228 8.2185 78.7583 73.8619 87.5811 103.089 74.943 13.3682 1153.665 723.3061 723.3061 649.1621 99.7286 291.2518 187.7034 205.9226 308.6106 980.6616 284.9321 443.3811 276.1311 119.8658 374.4394 171.908 255.3918 990.8768;
	3.7082 50.1061 91.9292 117.3275 14.1531 33.8324 26.0305 18.3387 26.9789 29.8141 55.111 82.2147 123.7738 65.6093 201.3041 75.8402 94.098 99.7158 85.5944 71.918 8.6768 78.9422 72.8036 85.1686 102.0354 74.903 13.6011 1181.2857 768.4588 768.4588 667.5973 103.764 285.3147 185.117 205.6941 327.8757 1101.0331 282.2637 458.4482 273.3091 121.704 375.3137 177.9333 251.3712 1112.5022;
	3.5523 47.9997 92.2365 116.9177 14.4076 33.6497 22.5243 17.5239 26.3775 29.225 54.0219 80.5901 121.328 62.2152 197.812 74.5245 92.4656 97.9859 89.7848 73.0684 7.5081 78.5159 71.2093 86.627 100.8284 72.1533 12.2186 1096.5638 746.9211 746.9211 664.3206 105.8789 299.2826 188.0782 195.0531 318.6863 1119.0097 271.0341 436.078 270.0761 118.109 373.2868 175.8219 239.4336 1130.6661;
	3.5627 48.1399 90.7682 111.8036 14.1699 31.9407 23.5239 14.7886 25.8085 29.698 54.8962 81.8944 123.2915 56.0592 187.2276 70.5369 87.518 92.743 89.1825 69.8392 7.8413 74.5283 69.5187 83.3884 99.6573 66.7912 11.2189 1165.2192 712.9049 712.9049 657.5112 103.0013 297.2749 179.7663 175.7531 304.1728 1105.1074 280.2333 427.593 266.9393 119.183 354.3287 167.8156 247.0887 1116.6189;
