function solarprofile = ex_solar_profilesh1
%EX_WIND_PROFILE_D  Example wind_load_nyiso profile data for deterministic unit commitment.
% 2022.03.12
% Andres F. Ramirez


%% define constants
[GEN_BUS, PG, QG, QMAX, QMIN, VG, MBASE, GEN_STATUS, PMAX, PMIN, ...
    MU_PMAX, MU_PMIN, MU_QMAX, MU_QMIN, PC1, PC2, QC1MIN, QC1MAX, ...
    QC2MIN, QC2MAX, RAMP_AGC, RAMP_10, RAMP_30, RAMP_Q, APF] = idx_gen;
[CT_LABEL, CT_PROB, CT_TABLE, CT_TBUS, CT_TGEN, CT_TBRCH, CT_TAREABUS, ...
    CT_TAREAGEN, CT_TAREABRCH, CT_ROW, CT_COL, CT_CHGTYPE, CT_REP, ...
    CT_REL, CT_ADD, CT_NEWVAL, CT_TLOAD, CT_TAREALOAD, CT_LOAD_ALL_PQ, ...
    CT_LOAD_FIX_PQ, CT_LOAD_DIS_PQ, CT_LOAD_ALL_P, CT_LOAD_FIX_P, ...
    CT_LOAD_DIS_P, CT_TGENCOST, CT_TAREAGENCOST, CT_MODCOST_F, ...
    CT_MODCOST_X] = idx_ct;

solarprofile = struct( ...
    'type', 'mpcData', ...
    'table', CT_TGEN, ...
    'rows', [1:12], ...
    'col', PMAX, ...
    'chgtype', 1, ...
    'values', [] );
solarprofile.values(:,1,:) = [
	0.0 0.0 0.0 0.0 0.0 0.0 0.0 0.0 0.0 0.0 0.0 0.0;
	0.0 0.0 0.0 0.0 0.0 0.0 0.0 0.0 0.0 0.0 0.0 0.0;
	0.0 0.0 0.0 0.0 0.0 0.0 0.0 0.0 0.0 0.0 0.0 0.0;
	0.0 0.0 0.0 0.0 0.0 0.0 0.0 0.0 0.0 0.0 0.0 0.0;
	0.0 0.0 0.0 0.0 0.0 0.0 0.0 0.0 0.0 0.0 0.0 0.0;
	0.0 0.0 0.002 0.0 0.0 0.0016 0.0002 0.0 0.0 0.0 0.0 0.0;
	5.2857 5.0591 1.951 0.1705 2.8082 237.7645 29.7206 34.0266 137.2596 69.5487 39.2788 125.9531;
	17.5958 13.819 10.0573 5.0608 11.2371 389.4779 48.6847 68.96 215.5847 115.1064 82.0659 208.4584;
	23.2074 16.6029 13.7242 9.699 12.9253 429.3136 53.6642 72.839 240.7615 195.7054 109.9951 354.4236;
	23.2394 16.2944 9.7687 10.4905 13.4748 446.5418 55.8177 68.0662 243.9893 174.7248 17.7917 316.4277;
	23.5702 16.3042 10.7716 10.6611 12.7509 454.5724 56.8215 67.6874 222.9755 251.5578 60.3706 455.5726;
	26.1215 16.5971 13.3769 11.3238 12.268 456.4648 57.0581 66.7486 209.1684 274.8614 124.7626 497.7757;
	26.3192 16.6083 13.8 11.7179 13.8682 460.337 57.5421 70.1795 207.9535 191.8435 194.8873 347.4297;
	23.0026 16.5834 13.8 11.7536 14.8686 442.6733 55.3342 72.7894 199.3486 173.1583 184.6793 313.5907;
	13.3289 9.9879 10.6564 10.5271 14.5898 414.4761 51.8095 71.9509 171.5506 149.6839 146.8804 271.0785;
	3.387 1.4949 1.8724 5.6409 12.9696 219.2475 27.4059 57.7092 57.4524 128.7065 57.1747 233.0883;
	0.7963 0.613 0.4728 2.0811 3.102 45.6083 5.701 11.884 19.5882 25.5992 22.9858 46.3604;
	0.0 0.0 0.0 0.0 0.0 0.0 0.0 0.0 0.0 0.0 0.0 0.0;
	0.0 0.0 0.0 0.0 0.0 0.0 0.0 0.0 0.0 0.0 0.0 0.0;
	0.0 0.0 0.0 0.0 0.0 0.0 0.0 0.0 0.0 0.0 0.0 0.0;
	0.0 0.0 0.0 0.0 0.0 0.0 0.0 0.0 0.0 0.0 0.0 0.0;
	0.0 0.0 0.0 0.0 0.0 0.0 0.0 0.0 0.0 0.0 0.0 0.0;
	0.0 0.0 0.0 0.0 0.0 0.0 0.0 0.0 0.0 0.0 0.0 0.0;
	0.0 0.0 0.0 0.0 0.0 0.0 0.0 0.0 0.0 0.0 0.0 0.0;
];
