function windprofile = ex_wind_profilesh1
%EX_WIND_PROFILE_D  Example wind_load_nyiso profile data for deterministic unit commitment.
% 2022.03.12
% Andres F. Ramirez


%% define constants
[GEN_BUS, PG, QG, QMAX, QMIN, VG, MBASE, GEN_STATUS, PMAX, PMIN, ...
    MU_PMAX, MU_PMIN, MU_QMAX, MU_QMIN, PC1, PC2, QC1MIN, QC1MAX, ...
    QC2MIN, QC2MAX, RAMP_AGC, RAMP_10, RAMP_30, RAMP_Q, APF] = idx_gen;
[CT_LABEL, CT_PROB, CT_TABLE, CT_TBUS, CT_TGEN, CT_TBRCH, CT_TAREABUS, ...
    CT_TAREAGEN, CT_TAREABRCH, CT_ROW, CT_COL, CT_CHGTYPE, CT_REP, ...
    CT_REL, CT_ADD, CT_NEWVAL, CT_TLOAD, CT_TAREALOAD, CT_LOAD_ALL_PQ, ...
    CT_LOAD_FIX_PQ, CT_LOAD_DIS_PQ, CT_LOAD_ALL_P, CT_LOAD_FIX_P, ...
    CT_LOAD_DIS_P, CT_TGENCOST, CT_TAREAGENCOST, CT_MODCOST_F, ...
    CT_MODCOST_X] = idx_ct;

windprofile = struct( ...
    'type', 'mpcData', ...
    'table', CT_TGEN, ...
    'rows', [1:45], ...
    'col', PMAX, ...
    'chgtype', 1, ...
    'values', [] );
windprofile.values(:,1,:) = [
	3.8869 52.5208 95.1812 110.5252 15.3723 32.9983 27.7904 17.9128 26.7216 30.2206 55.8623 83.3356 125.4613 68.4016 189.7955 71.5043 88.7184 94.015 35.9561 71.0973 9.2635 76.996 72.6094 89.7093 104.2277 75.4015 13.4201 1152.2437 680.8134 680.8134 597.8539 101.5666 119.8537 183.0045 214.4482 290.4804 1216.8444 227.0284 464.2706 279.1814 118.2267 366.061 139.457 275.3859 1229.5199;
	3.887 52.5221 95.2913 120.1537 15.3797 32.8392 27.7703 18.4237 26.2848 28.7565 53.1559 79.2982 119.383 69.0298 188.2142 70.9086 87.9792 93.2317 29.2904 72.0403 9.2568 76.6249 69.1644 90.0963 104.6531 75.9318 13.5866 1151.7121 695.7844 695.7844 577.241 103.2427 97.6347 185.432 216.4177 296.868 1185.4291 233.7339 458.1936 280.3208 120.2286 364.2966 137.6057 282.0242 1197.7773;
	3.871 52.3052 95.2809 69.81 15.3437 34.3009 27.2735 18.5978 26.2989 29.226 54.0237 80.5928 121.332 68.5787 189.4475 71.3733 88.5557 93.8426 26.6324 70.5048 9.0912 80.0354 69.3799 90.1147 105.7547 75.9815 13.9409 1166.3744 694.4562 694.4562 566.2084 101.3013 88.7746 181.4795 215.0036 296.3013 1219.5942 229.0713 442.2376 283.2714 122.9483 380.5111 134.7406 284.8865 1232.2983;
	3.8541 52.0778 94.9033 84.9296 15.2672 33.8221 27.5359 18.7504 26.4151 29.5728 54.6649 81.5493 122.772 69.4828 193.0777 72.7409 90.2526 95.6408 42.2511 70.8209 9.1786 78.9182 67.7447 90.0817 105.4058 75.3327 13.9425 1212.8234 717.8076 717.8076 542.7066 94.6728 140.837 182.2932 217.8379 306.2646 1168.0557 238.5097 462.409 282.3369 123.9067 375.1996 167.3461 280.8907 1180.2229;
	3.7035 50.0422 95.3577 120.1257 15.2668 33.6322 23.6968 18.8238 26.7725 30.2078 55.8387 83.3003 125.4081 69.5067 187.4514 70.6212 87.6226 92.8538 70.8618 69.55 7.8989 78.4751 59.6561 90.1172 105.6631 75.762 14.0272 1151.7869 682.2851 682.2851 532.8208 101.6911 236.2059 179.0219 217.9128 291.1083 1209.5229 247.0774 464.413 283.0261 123.6684 373.0929 179.5613 279.1652 1222.1221;
	3.8695 52.2858 94.9852 118.6542 15.2299 34.3139 28.9116 18.6636 27.2268 30.7439 56.8297 84.7787 127.6339 69.7823 190.7695 71.8713 89.1737 94.4975 84.76 71.2232 9.6372 80.0657 69.4955 89.7238 104.833 74.9016 14.1027 1216.0574 741.8769 741.8769 513.6262 96.6626 282.5333 183.3288 218.7769 316.5342 1161.4463 230.85 474.0756 280.8028 122.8576 380.655 189.0447 275.1149 1173.5447;
	3.8527 52.0583 94.5307 116.1038 14.9096 32.8645 27.8593 18.7863 26.1037 29.2809 54.1253 80.7443 121.5601 69.8343 194.5301 73.2881 90.9315 96.3602 84.9576 70.3326 9.2864 76.6838 71.5306 89.2596 103.6298 75.7792 14.0115 1200.4683 727.3559 727.3559 551.721 92.6376 283.1919 181.0363 218.94 310.3385 1136.6993 254.8073 464.8604 277.5798 120.5491 364.5768 192.9497 274.6932 1148.5399;
	3.8706 52.301 94.6019 119.1409 15.1805 33.8872 26.5047 18.7268 25.7997 28.7917 53.2211 79.3953 119.5293 68.5996 195.2545 73.561 91.2701 96.7191 82.1782 69.428 8.8349 79.0701 71.301 89.6456 105.7058 74.6791 14.0158 1147.2184 718.2435 718.2435 541.1269 76.9218 273.9274 178.7079 215.0691 306.4506 1121.142 245.506 446.6703 283.1404 116.6363 375.9219 193.7131 267.9958 1132.8206;
	3.8422 51.9172 91.9047 116.182 15.2345 33.0287 26.8544 17.6395 25.9106 30.0544 55.5551 82.8772 124.7712 68.6706 195.8182 73.7734 91.5336 96.9983 87.2353 68.2817 8.9515 77.0669 72.3521 87.4602 102.4914 71.7804 13.1466 1181.7396 784.0144 784.0144 613.5528 78.4217 290.7844 175.7574 215.2916 334.5128 1204.3752 286.3329 447.967 274.5305 118.3517 366.3979 176.5168 270.3789 1216.9208;
	3.7354 50.4729 90.4269 114.281 14.8811 32.3588 26.443 17.6667 26.3102 30.0185 55.4888 82.7784 124.6224 67.6023 196.139 73.8942 91.6836 97.1572 88.3293 67.566 8.8143 75.5038 71.1249 87.0194 101.8941 72.1772 12.9455 1120.9269 748.5427 748.5427 670.0107 90.0358 294.4309 173.915 211.9423 319.3782 1132.2093 297.9153 447.4736 272.9307 117.9432 358.9665 148.8286 266.2692 1144.0032;
	3.8207 51.6265 90.4678 115.8129 14.8286 32.5786 25.4438 18.2584 27.3574 31.1485 57.5776 85.8944 129.3136 67.9859 201.4701 75.9027 94.1756 99.798 86.5593 70.1485 8.4813 76.0167 73.6127 87.8536 101.6567 74.5129 13.0343 1146.1274 759.3985 759.3985 648.9903 94.2453 288.5311 180.5624 213.1451 324.01 1133.9643 310.8551 469.897 272.2948 120.4543 361.4052 157.7186 270.0571 1145.7764;
	3.8267 51.7068 90.673 116.4101 14.984 32.6572 24.367 18.3078 27.5297 30.7361 56.8152 84.7571 127.6013 67.9771 201.5342 75.9268 94.2055 99.8297 88.2373 69.2289 8.1223 76.2001 74.2686 85.3648 101.8754 74.7683 13.2317 1090.4767 748.3755 748.3755 648.0395 100.2732 294.1242 178.1954 213.1173 319.3069 1134.1956 292.5726 464.8119 272.8805 119.1189 362.2773 177.176 276.1862 1146.0102;
	3.7153 50.202 89.9246 119.3682 14.8897 32.3354 26.5768 18.3448 27.2418 30.988 57.2809 85.4518 128.6473 68.7119 198.2442 74.6873 92.6676 98.2 83.9509 69.6957 8.8589 75.4493 73.5541 88.513 102.3391 75.2271 13.2978 1066.7289 725.7174 725.7174 565.6584 101.1754 279.8362 179.3968 215.4212 309.6394 1005.9965 270.7764 449.1256 274.1227 118.3555 358.7076 148.9187 259.6764 1016.4756;
	3.7684 50.9197 91.1239 117.0818 15.3133 32.369 27.8924 18.7867 27.6866 30.9167 57.149 85.2551 128.3511 67.9185 202.0066 76.1048 94.4263 100.0637 86.45 69.9043 9.2975 75.5276 75.3646 87.8585 102.5362 73.9881 13.2515 1052.0287 678.2885 678.2885 615.3276 103.7774 288.1666 179.9337 212.9336 289.4031 989.663 300.9173 454.8416 274.6506 115.9415 359.0798 150.1323 264.544 999.972;
	3.6439 49.2377 91.7699 115.9505 14.7564 31.7048 22.7232 19.0348 27.6245 30.6191 56.599 84.4345 127.1157 68.8165 200.6879 75.608 93.8099 99.4105 86.0238 70.5665 7.5744 73.9779 73.5204 88.9014 102.8313 76.3533 13.4684 985.9657 652.0062 652.0062 612.5252 102.1656 286.746 181.6382 215.7491 278.1893 870.1953 305.6112 442.4867 275.441 116.9367 351.7121 163.2742 263.505 879.2598;
	3.7187 50.2473 93.9597 117.3825 14.7872 31.9295 23.951 18.8948 28.0605 30.3861 56.1683 83.7921 126.1485 68.9443 200.8936 75.6855 93.9061 99.5124 84.2317 70.2532 7.9837 74.5022 73.5808 88.3484 102.9726 76.4127 13.1794 1075.5093 716.1788 716.1788 639.474 107.1719 280.7723 180.832 216.1499 305.5696 998.977 301.7614 451.8775 275.8195 117.1466 354.2046 173.6042 259.2668 1009.383;
	3.6359 49.1286 91.6294 114.9767 14.5769 32.2452 23.7924 17.8738 27.7562 30.1971 55.8188 83.2707 125.3636 67.6898 198.6734 74.849 92.8682 98.4126 86.5948 70.2858 7.9308 75.2388 72.0996 87.2682 100.465 75.8519 11.4658 1092.5448 700.1985 700.1985 671.3304 98.5225 288.6495 180.9159 212.2165 298.7514 1110.0345 290.755 448.2123 269.1028 116.4961 357.7066 173.7495 242.2667 1121.5974;
	3.7277 50.3699 89.6474 111.5301 14.0345 31.4732 24.9229 14.3425 27.6403 30.3283 56.0614 83.6326 125.9085 67.6686 197.8746 74.5481 92.4949 98.0169 87.0279 69.7241 8.3076 73.4376 71.8817 83.9797 98.9179 71.294 10.3182 1222.4166 673.3837 673.3837 677.9783 95.121 290.093 179.47 212.1503 287.3104 1083.1275 285.3242 443.4675 264.9585 121.7385 349.1432 183.9184 247.9393 1094.41;
