function windprofile = ex_wind_profilesh1
%EX_WIND_PROFILE_D  Example wind_load_nyiso profile data for deterministic unit commitment.
% 2022.03.12
% Andres F. Ramirez


%% define constants
[GEN_BUS, PG, QG, QMAX, QMIN, VG, MBASE, GEN_STATUS, PMAX, PMIN, ...
    MU_PMAX, MU_PMIN, MU_QMAX, MU_QMIN, PC1, PC2, QC1MIN, QC1MAX, ...
    QC2MIN, QC2MAX, RAMP_AGC, RAMP_10, RAMP_30, RAMP_Q, APF] = idx_gen;
[CT_LABEL, CT_PROB, CT_TABLE, CT_TBUS, CT_TGEN, CT_TBRCH, CT_TAREABUS, ...
    CT_TAREAGEN, CT_TAREABRCH, CT_ROW, CT_COL, CT_CHGTYPE, CT_REP, ...
    CT_REL, CT_ADD, CT_NEWVAL, CT_TLOAD, CT_TAREALOAD, CT_LOAD_ALL_PQ, ...
    CT_LOAD_FIX_PQ, CT_LOAD_DIS_PQ, CT_LOAD_ALL_P, CT_LOAD_FIX_P, ...
    CT_LOAD_DIS_P, CT_TGENCOST, CT_TAREAGENCOST, CT_MODCOST_F, ...
    CT_MODCOST_X] = idx_ct;

windprofile = struct( ...
    'type', 'mpcData', ...
    'table', CT_TGEN, ...
    'rows', [1:45], ...
    'col', PMAX, ...
    'chgtype', 1, ...
    'values', [] );
windprofile.values(:,1,:) = [
	3.7474 50.6359 92.3954 108.0123 14.8417 32.3871 27.9358 18.4434 26.7968 30.2097 55.8421 83.3054 125.4158 64.8869 199.278 75.0768 93.1509 98.7121 39.375 71.9859 9.3119 75.5698 73.0045 87.1576 102.7737 73.8893 14.0063 1113.906 719.4449 719.4449 658.7495 114.5126 131.2501 185.2919 203.4293 306.9632 1168.1769 236.2513 438.4102 275.2866 114.997 359.2805 143.9139 266.2913 1180.3454;
	3.6062 48.727 92.0945 112.9896 13.9438 30.6856 26.6849 18.4293 25.9807 28.916 53.4507 79.738 120.0451 63.5089 195.4729 73.6433 91.3722 96.8273 37.1198 73.0715 8.895 71.5998 69.2836 86.5208 100.9391 72.14 13.7705 1051.6161 713.964 713.964 630.5644 110.6121 123.7328 188.0863 199.109 304.6246 1074.5719 231.0017 417.8664 270.3725 117.7774 340.4058 127.0177 270.5482 1085.7653;
	3.6528 49.3569 93.5315 64.2333 14.0145 32.8849 28.0257 18.4745 26.8903 28.4159 52.5264 78.3591 117.9691 63.6631 194.1997 73.1636 90.7771 96.1966 34.0936 70.9417 9.3419 76.7314 68.9542 87.0515 104.2806 74.2014 14.0413 1072.5672 729.3604 729.3604 615.4551 112.1705 113.6455 182.6041 199.5926 311.1938 1175.4433 231.2284 434.5817 279.3231 117.8504 364.8032 141.4975 278.9114 1187.6875;
	3.6916 49.8822 94.2934 83.3724 14.2 33.4283 28.0145 18.5911 26.6991 27.8235 51.4313 76.7254 115.5097 65.626 197.7527 74.5022 92.4379 97.9566 45.3184 70.8122 9.3382 77.9993 64.1172 87.8428 104.4668 74.4565 14.0171 1119.8438 739.1552 739.1552 574.0108 105.8654 151.0615 182.2708 205.7464 315.3729 1141.2338 241.1838 438.6703 279.8218 116.5865 370.8308 179.8971 281.6651 1153.1216;
	3.3859 45.7514 93.6257 117.0557 14.1356 32.8353 23.9455 18.8046 26.8471 28.9235 53.4646 79.7587 120.0763 65.8675 189.1071 71.245 88.3966 93.674 78.4884 69.7025 7.9818 76.6157 59.4173 87.2525 104.1084 75.2716 14.0482 1100.901 683.3118 683.3118 535.9174 105.3443 261.6282 179.4144 206.5034 291.5464 1224.0568 240.0771 447.0648 278.8619 116.5044 364.2529 186.3115 272.9898 1236.8074;
	3.6194 48.9065 90.4842 117.0978 14.3024 33.6219 26.328 18.751 26.278 29.4505 54.4389 81.2121 122.2644 63.881 192.5404 72.5385 90.0014 95.3746 86.8593 70.7612 8.776 78.4511 69.6829 86.8836 104.344 74.996 13.8475 1181.7647 734.5527 734.5527 530.745 104.7814 289.5309 182.1396 200.2756 313.4092 1182.0069 223.3626 438.1584 279.4929 113.2389 372.9789 194.402 267.71 1194.3194;
	3.743 50.5763 93.775 118.2245 14.5885 33.6214 27.8335 18.6509 27.7767 30.7031 56.7542 84.6661 127.4643 66.2159 195.9113 73.8084 91.5771 97.0444 88.2282 72.6583 9.2778 78.4498 74.1872 88.9261 104.566 75.7889 14.0878 1276.2895 776.586 776.586 593.3579 102.9458 294.0941 187.0226 207.5958 331.3433 1216.3531 248.0535 443.1176 280.0875 118.4329 372.9728 197.5456 273.8253 1229.0235;
	3.7675 50.9076 93.641 117.3822 14.9398 33.7955 27.8438 18.4647 27.307 29.8587 55.1933 82.3375 123.9587 66.567 195.5808 73.6839 91.4226 96.8807 88.4794 70.9964 9.2813 78.8563 73.5322 87.239 105.0679 74.8218 13.7808 1156.8973 745.7099 745.7099 561.0142 86.1785 294.9314 182.745 208.6964 318.1696 1152.8269 236.1261 453.2436 281.4319 116.4072 374.9052 188.6016 267.066 1164.8355;
	3.6542 49.3767 93.7623 116.2248 14.6639 33.1847 27.6263 18.0397 27.7229 29.7305 54.9563 81.984 123.4264 68.568 202.2609 76.2006 94.5452 100.1897 90.0684 72.391 9.2088 77.4311 73.3949 86.2906 102.0722 72.4835 13.8699 1205.3559 787.5713 787.5713 621.9839 86.4861 300.2278 186.3347 214.9698 336.0304 1191.1598 269.237 452.5171 273.4076 120.2692 368.1294 156.0237 270.4611 1203.5677;
	3.527 47.6577 89.8766 112.0849 14.2411 32.1263 26.8888 17.6354 25.8402 29.7611 55.013 82.0686 123.5538 66.0461 196.3359 73.9684 91.7756 97.2548 89.1476 70.866 8.9629 74.9614 72.6916 85.4281 100.6129 71.0748 13.5226 1146.9884 679.8746 679.8746 587.8988 92.5811 297.1585 182.4092 207.0635 290.0798 1079.3727 258.97 435.1768 269.4988 119.303 356.388 137.216 261.091 1090.6162;
	3.7372 50.498 90.7299 114.9895 14.4748 32.9388 22.8863 17.7755 25.9143 30.4878 56.3562 84.0724 126.5706 65.4534 195.4684 73.6416 91.3701 96.825 87.3419 70.5252 7.6288 76.8573 74.4496 86.5355 102.1009 71.1654 13.6405 1118.7975 717.5228 717.5228 622.9543 93.3127 291.1398 181.5319 205.2051 306.1431 1059.6071 279.3915 445.9011 273.4846 122.0758 365.4016 158.8323 260.1376 1070.6447;
	3.7702 50.944 92.0034 118.4089 14.5149 34.1482 23.7051 18.7873 27.0041 30.4001 56.194 83.8305 126.2063 67.4903 192.5955 72.5592 90.0272 95.402 87.845 70.0151 7.9017 79.679 74.0284 88.1369 105.5327 74.0979 13.7856 1072.858 698.591 698.591 590.2302 92.9208 292.8167 180.2191 211.5913 298.0655 1060.6453 253.8998 455.0128 282.677 122.8923 378.8169 181.4674 264.5099 1071.6937;
	3.668 49.5632 90.4749 116.8677 14.8326 33.2131 24.5161 18.589 26.3485 30.4833 56.348 84.0601 126.552 67.1601 190.8876 71.9158 89.2288 94.5559 86.7877 70.4931 8.172 77.4972 73.2131 87.8905 104.3114 74.5041 13.6091 1067.2119 718.962 718.962 618.6688 99.4679 289.2923 181.4494 210.5561 306.7571 991.9421 288.0303 449.2572 279.4055 122.18 368.4437 158.7923 260.9516 1002.2749;
	3.6324 49.082 88.6027 118.4401 14.5505 32.3379 25.389 18.7059 27.0485 30.6868 56.7242 84.6213 127.3969 66.2736 196.2236 73.9261 91.7231 97.1991 90.7788 70.9446 8.463 75.4552 74.8365 87.6284 102.5497 74.0377 13.3469 1012.3463 686.7843 686.7843 654.0037 93.9997 302.5962 182.6115 207.7765 293.028 959.9946 293.3766 451.1717 274.6868 121.7896 358.7355 153.6145 269.2985 969.9945;
	3.8108 51.4916 93.1067 119.7706 14.6546 32.5282 24.2728 19.0813 27.9109 30.6072 56.577 84.4018 127.0664 67.0347 191.7594 72.2442 89.6364 94.9878 88.9872 70.0941 8.0909 75.8992 73.8686 89.133 104.6813 75.5533 14.0194 1046.8762 704.2958 704.2958 662.6781 102.9927 296.6241 180.4225 210.1629 300.4995 959.8804 312.2618 453.5044 280.3965 121.1542 360.8463 175.7357 267.2209 969.8792;
	3.5861 48.4555 92.6146 117.0368 14.3046 31.9386 25.0725 18.8014 26.8649 29.1097 53.8088 80.2721 120.8493 63.6657 194.1452 73.1431 90.7516 96.1696 88.2005 69.0075 8.3575 74.5234 73.7009 87.4849 103.9175 75.4023 14.0228 1063.0256 704.9677 704.9677 609.0698 102.4178 294.0017 177.6254 199.6007 300.7862 993.4097 271.0609 442.9703 278.3505 112.678 354.3053 162.872 259.2551 1003.7577;
	3.4727 46.9242 91.7075 117.0646 14.6692 33.1321 23.8671 17.5831 26.3525 30.0914 55.6235 82.9793 124.9249 63.5539 195.9206 73.812 91.5815 97.0491 92.3296 71.7318 7.9557 77.3083 75.219 87.0551 99.1307 72.9939 12.5991 1129.8858 722.6303 722.6303 659.8998 111.6522 307.7652 184.6378 199.25 308.3223 1116.0785 288.4658 437.7633 265.5287 113.1053 367.5457 178.3581 231.1121 1127.7043;
	3.6105 48.7857 92.3165 116.2915 14.8316 32.8531 25.5804 14.7947 26.7001 29.3278 54.2121 80.8737 121.755 65.1436 189.7135 71.4735 88.68 93.9744 89.4143 69.0692 8.5268 76.6573 71.9642 84.8691 99.6977 67.6499 11.9636 1240.7633 705.9879 705.9879 634.4121 102.4583 298.0478 177.7843 204.2339 301.2215 1155.2641 300.7906 451.1877 267.0475 114.9921 364.4505 181.9476 250.161 1167.2981;
