function solarprofile = ex_solar_profilesh1
%EX_WIND_PROFILE_D  Example wind_load_nyiso profile data for deterministic unit commitment.
% 2022.03.12
% Andres F. Ramirez


%% define constants
[GEN_BUS, PG, QG, QMAX, QMIN, VG, MBASE, GEN_STATUS, PMAX, PMIN, ...
    MU_PMAX, MU_PMIN, MU_QMAX, MU_QMIN, PC1, PC2, QC1MIN, QC1MAX, ...
    QC2MIN, QC2MAX, RAMP_AGC, RAMP_10, RAMP_30, RAMP_Q, APF] = idx_gen;
[CT_LABEL, CT_PROB, CT_TABLE, CT_TBUS, CT_TGEN, CT_TBRCH, CT_TAREABUS, ...
    CT_TAREAGEN, CT_TAREABRCH, CT_ROW, CT_COL, CT_CHGTYPE, CT_REP, ...
    CT_REL, CT_ADD, CT_NEWVAL, CT_TLOAD, CT_TAREALOAD, CT_LOAD_ALL_PQ, ...
    CT_LOAD_FIX_PQ, CT_LOAD_DIS_PQ, CT_LOAD_ALL_P, CT_LOAD_FIX_P, ...
    CT_LOAD_DIS_P, CT_TGENCOST, CT_TAREAGENCOST, CT_MODCOST_F, ...
    CT_MODCOST_X] = idx_ct;

solarprofile = struct( ...
    'type', 'mpcData', ...
    'table', CT_TGEN, ...
    'rows', [1:12], ...
    'col', PMAX, ...
    'chgtype', 1, ...
    'values', [] );
solarprofile.values(:,1,:) = [
	0.0 0.0 0.0 0.0 0.0 0.0 0.0 0.0 0.0 0.0 0.0 0.0;
	0.0 0.0 0.0 0.0 0.0 0.0 0.0 0.0 0.0 0.0 0.0 0.0;
	0.0 0.0 0.0 0.0 0.0 0.0 0.0 0.0 0.0 0.0 0.0 0.0;
	0.0 0.0 0.0 0.0 0.0 0.0 0.0 0.0 0.0 0.0 0.0 0.0;
	0.0 0.0 0.0 0.0 0.0 0.0 0.0 0.0 0.0 0.0 0.0 0.0;
	0.0 0.0 0.002 0.0 0.0 0.0 0.0 0.0 0.0 0.0 0.0 0.0;
	10.4347 10.9486 5.9498 2.6618 9.9558 237.2046 29.6506 70.19 208.6689 70.2062 39.8269 127.1439;
	23.1456 16.8179 13.5823 7.508 13.3006 387.4984 48.4373 77.3544 256.2918 269.6549 145.4401 488.3466;
	25.7254 16.941 14.0604 10.4524 13.4065 412.108 51.5135 77.7517 245.9853 335.8961 220.2792 608.3098;
	27.2777 16.8616 13.9969 11.1516 12.3635 399.5226 49.9403 71.9782 247.0921 308.5146 236.3308 558.7218;
	27.3079 16.6398 13.8904 11.4265 12.8634 411.6279 51.4535 70.5827 255.5737 321.9048 245.7529 582.9716;
	27.1505 16.6083 13.8166 11.4717 13.0125 413.5958 51.6995 70.7257 257.9845 338.6076 256.0344 613.2203;
	26.6097 16.6664 13.8038 11.632 12.2177 422.2977 52.7872 74.1007 251.97 335.6624 264.1436 607.8867;
	24.0651 16.9302 13.8826 11.586 11.3973 425.6437 53.2055 76.0819 235.8904 329.4795 232.6041 596.6894;
	21.6657 17.2014 13.6168 7.6829 9.5334 416.4765 52.0596 74.5021 204.1284 203.2616 201.2764 368.1079;
	17.8148 15.0041 10.9188 1.8083 4.5981 307.968 38.496 51.2412 107.8246 31.9948 40.5611 57.9428;
	1.0473 0.6835 0.5918 1.2715 2.5831 51.92 6.49 8.7958 21.8157 19.0022 18.4255 34.4132;
	0.0 0.0 0.0 0.0 0.0 0.0 0.0 0.0 0.0 0.0 0.0 0.0;
	0.0 0.0 0.0 0.0 0.0 0.0 0.0 0.0 0.0 0.0 0.0 0.0;
	0.0 0.0 0.0 0.0 0.0 0.0 0.0 0.0 0.0 0.0 0.0 0.0;
	0.0 0.0 0.0 0.0 0.0 0.0 0.0 0.0 0.0 0.0 0.0 0.0;
	0.0 0.0 0.0 0.0 0.0 0.0 0.0 0.0 0.0 0.0 0.0 0.0;
	0.0 0.0 0.0 0.0 0.0 0.0 0.0 0.0 0.0 0.0 0.0 0.0;
	0.0 0.0 0.0 0.0 0.0 0.0 0.0 0.0 0.0 0.0 0.0 0.0;
];
