function loadprofile = ex_load_profilesh1
%EX_LOAD_PROFILE  Example load profile data file for stochastic unit commitment.
% 2022.03.12
% Andres F. Ramirez

%% define constants
[CT_LABEL, CT_PROB, CT_TABLE, CT_TBUS, CT_TGEN, CT_TBRCH, CT_TAREABUS, ...
    CT_TAREAGEN, CT_TAREABRCH, CT_ROW, CT_COL, CT_CHGTYPE, CT_REP, ...
    CT_REL, CT_ADD, CT_NEWVAL, CT_TLOAD, CT_TAREALOAD, CT_LOAD_ALL_PQ, ...
    CT_LOAD_FIX_PQ, CT_LOAD_DIS_PQ, CT_LOAD_ALL_P, CT_LOAD_FIX_P, ...
    CT_LOAD_DIS_P, CT_TGENCOST, CT_TAREAGENCOST, CT_MODCOST_F, ...
    CT_MODCOST_X] = idx_ct;

loadprofile = struct( ...
    'type', 'mpcData', ...
    'table', CT_TAREALOAD, ...
    'rows', [1:11], ...
    'col', CT_LOAD_ALL_P, ...
    'chgtype', 1, ...
    'values', [] );
loadprofile.values(:,1,:) = [
	1558.4838 950.0 1687.7574 544.6416 783.3648 1157.7777 859.9546 242.235 547.333 4475.6 1667.8;
	1551.8927 952.5588 1651.8344 536.8332 754.9574 1139.3 848.5 243.6321 519.4031 4440.2006 1637.2267;
	1563.8017 959.9256 1696.9461 537.6518 776.8 1171.9503 876.8407 255.5 528.8099 4535.269 1689.2166;
	1630.9037 1026.8876 1745.1768 573.0785 817.4932 1252.4372 932.0 273.8 566.421 4755.4772 1770.441;
	1777.7707 1151.1737 1949.9 586.909 902.3168 1383.6105 1030.5271 309.4 635.9341 5287.224 1994.0;
	1901.11 1232.153 2063.1973 586.258 972.5019 1464.9831 1097.0307 329.971 691.2444 5839.3467 2184.9804;
	1879.7269 1235.002 2067.4924 582.3702 947.6722 1440.7655 1106.7 316.8952 697.3464 6172.481 2237.217;
	1909.1707 1247.4183 2098.4019 582.2996 999.0968 1416.2093 1136.6563 313.6276 709.6 6357.9348 2250.7406;
	1895.7204 1253.3 2073.9054 566.116 973.6028 1394.3024 1125.6129 305.1106 731.2212 6432.2286 2228.8313;
	1923.9013 1253.7 2073.6224 574.6 972.0627 1350.027 1151.2977 305.6843 728.3183 6476.084 2227.0577;
	1884.6065 1226.5827 2081.6229 566.2475 989.8577 1302.4097 1146.3525 304.6252 741.6068 6419.9318 2175.1301;
	1930.4777 1222.3405 2057.6701 558.2702 958.5931 1249.3173 1091.2249 300.4178 719.8618 6409.6 2177.4993;
	1903.6498 1215.8575 2013.2663 562.8 929.2405 1225.3317 1073.7548 295.793 692.9696 6370.2322 2172.6195;
	1886.3171 1226.273 2008.3459 561.5 937.5725 1303.3 1095.0341 304.8077 691.5927 6393.8863 2199.3163;
	1873.3236 1236.233 2003.0738 582.7904 957.704 1322.4805 1089.3154 322.0782 704.8323 6372.5077 2218.6338;
	1886.4845 1280.0136 2034.7 592.1449 977.4208 1399.4417 1112.5293 345.4 715.3 6440.372 2350.9798;
	1868.3456 1245.9606 2051.4435 603.7539 1022.4759 1473.4176 1150.4165 352.8932 731.5481 6308.7821 2419.8;
	1879.2369 1286.7846 2073.9082 617.2 1041.9961 1505.6633 1237.1663 374.0088 751.16 6429.6565 2703.8948;
	1895.7688 1285.3054 2075.3 599.7488 1030.5323 1519.8513 1246.9644 367.9384 753.8476 6406.4304 2724.048;
	1871.3415 1235.3 1954.6756 599.6879 971.3027 1458.8887 1193.003 350.29 705.4887 6281.8239 2520.3028;
	1756.2465 1151.8 1825.5809 563.8419 873.6604 1325.1 1093.2868 320.2 662.9547 5928.4246 2351.6606;
	1652.8229 1057.4726 1720.6527 569.4 827.6744 1238.447 1023.1755 286.5348 612.1 5605.4777 2137.8668;
	1610.9807 988.8316 1709.6148 570.3 822.1 1207.4023 980.4627 268.1 554.3851 5297.7591 1949.296;
	1659.9738 981.9 1712.2937 568.6521 817.0924 1200.9569 941.7079 258.4268 540.9944 5014.1316 1946.1283;
];
