function loadprofile = ex_load_profilesh1
%EX_LOAD_PROFILE  Example load profile data file for stochastic unit commitment.
% 2022.03.12
% Andres F. Ramirez

%% define constants
[CT_LABEL, CT_PROB, CT_TABLE, CT_TBUS, CT_TGEN, CT_TBRCH, CT_TAREABUS, ...
    CT_TAREAGEN, CT_TAREABRCH, CT_ROW, CT_COL, CT_CHGTYPE, CT_REP, ...
    CT_REL, CT_ADD, CT_NEWVAL, CT_TLOAD, CT_TAREALOAD, CT_LOAD_ALL_PQ, ...
    CT_LOAD_FIX_PQ, CT_LOAD_DIS_PQ, CT_LOAD_ALL_P, CT_LOAD_FIX_P, ...
    CT_LOAD_DIS_P, CT_TGENCOST, CT_TAREAGENCOST, CT_MODCOST_F, ...
    CT_MODCOST_X] = idx_ct;

loadprofile = struct( ...
    'type', 'mpcData', ...
    'table', CT_TAREALOAD, ...
    'rows', [1:11], ...
    'col', CT_LOAD_ALL_P, ...
    'chgtype', 1, ...
    'values', [] );
loadprofile.values(:,1,:) = [
	1515.0892 936.6087 1574.5 565.0957 794.3185 1125.3 908.6628 291.7691 544.8526 4477.3935 1655.4113;
	1498.145 918.2932 1571.1 559.168 803.0 1092.2 887.4708 277.4154 530.8 4370.7682 1650.9338;
	1538.8699 953.2973 1609.1729 556.3 819.1 1120.4928 899.276 285.3784 545.4121 4403.801 1669.2863;
	1596.0018 1009.1 1705.9405 582.8527 870.9 1188.488 945.2514 288.6 585.4373 4682.4 1779.7571;
	1707.7 1127.3 1878.1334 599.6353 961.6 1316.9202 1044.9616 333.7258 635.9146 5133.7466 1997.5337;
	1835.6 1213.2296 2011.1337 634.6 1047.2 1404.5 1114.7761 355.5078 709.0499 5744.8953 2177.3412;
	1851.3335 1220.2 2038.3465 629.9145 1090.1888 1442.7943 1135.8092 360.1 708.9237 6117.788 2210.7848;
	1862.685 1241.0877 2034.6755 624.7415 1098.0338 1441.671 1139.8072 363.1751 725.382 6432.4831 2205.2978;
	1868.6401 1251.1 2030.2439 621.4402 1115.3292 1455.3799 1105.7225 373.6313 737.6899 6509.7978 2183.9438;
	1864.978 1272.1844 2058.6485 615.2 1096.0 1497.5114 1078.5614 369.7391 749.099 6577.7622 2170.9237;
	1873.5539 1258.7181 1979.3 598.2669 1067.0734 1419.2365 1057.4814 341.6 726.08 6650.5008 2237.0702;
	1862.5 1228.2139 1959.9811 593.7 1056.4264 1368.134 1024.8291 327.5784 733.9538 6553.982 2187.4564;
	1853.1638 1250.3863 1979.9258 603.5113 1061.2243 1426.5067 1033.2899 345.642 724.0806 6503.4864 2193.4242;
	1860.982 1243.7278 1918.9246 600.1182 1050.06 1411.0146 1013.1294 366.2433 713.8157 6369.219 2162.7788;
	1837.8495 1238.2738 1864.571 616.1687 1043.0249 1443.0733 1025.3319 363.5115 704.1439 6300.3521 2152.704;
	1887.1433 1252.9918 1937.6344 620.7133 1066.6407 1456.9 1073.9397 356.8 720.3834 6445.2321 2245.5524;
	1879.6888 1271.4253 2009.6032 628.8 1100.8 1494.6437 1114.2 406.8 746.3705 6537.2662 2368.6326;
	1874.5264 1292.0659 2082.3954 628.1775 1113.8228 1523.795 1151.2917 409.2131 751.8962 6463.5115 2480.8211;
	1889.4147 1299.9 2109.3 623.3704 1092.6708 1486.7353 1166.8973 412.6883 729.6573 6549.3141 2516.2378;
	1829.6346 1226.2211 2027.0852 602.7 1034.0541 1425.3238 1113.4011 406.8171 684.9574 6231.9228 2348.3031;
	1730.1845 1146.8563 1902.3593 592.7513 966.1635 1307.2 1023.0531 362.9351 639.4032 5732.6296 2132.6;
	1596.8184 1050.7477 1761.9673 573.0763 921.0491 1249.0 953.4443 339.7492 595.8078 5416.436 1970.0066;
	1564.9554 982.7087 1650.8726 557.6531 856.2 1156.2229 869.839 299.3574 546.071 4802.6742 1822.0695;
	1538.9523 956.8603 1642.0355 564.4 865.1 1126.3945 866.5935 288.8442 534.4858 4638.67 1780.149;
];
