function solarprofile = ex_solar_profilesh1
%EX_WIND_PROFILE_D  Example wind_load_nyiso profile data for deterministic unit commitment.
% 2022.03.12
% Andres F. Ramirez


%% define constants
[GEN_BUS, PG, QG, QMAX, QMIN, VG, MBASE, GEN_STATUS, PMAX, PMIN, ...
    MU_PMAX, MU_PMIN, MU_QMAX, MU_QMIN, PC1, PC2, QC1MIN, QC1MAX, ...
    QC2MIN, QC2MAX, RAMP_AGC, RAMP_10, RAMP_30, RAMP_Q, APF] = idx_gen;
[CT_LABEL, CT_PROB, CT_TABLE, CT_TBUS, CT_TGEN, CT_TBRCH, CT_TAREABUS, ...
    CT_TAREAGEN, CT_TAREABRCH, CT_ROW, CT_COL, CT_CHGTYPE, CT_REP, ...
    CT_REL, CT_ADD, CT_NEWVAL, CT_TLOAD, CT_TAREALOAD, CT_LOAD_ALL_PQ, ...
    CT_LOAD_FIX_PQ, CT_LOAD_DIS_PQ, CT_LOAD_ALL_P, CT_LOAD_FIX_P, ...
    CT_LOAD_DIS_P, CT_TGENCOST, CT_TAREAGENCOST, CT_MODCOST_F, ...
    CT_MODCOST_X] = idx_ct;

solarprofile = struct( ...
    'type', 'mpcData', ...
    'table', CT_TGEN, ...
    'rows', [1:12], ...
    'col', PMAX, ...
    'chgtype', 1, ...
    'values', [] );
solarprofile.values(:,1,:) = [
	0.0 0.0 0.0 0.0 0.0 0.0 0.0 0.0 0.0 0.0 0.0 0.0;
	0.0 0.0 0.0 0.0 0.0 0.0 0.0 0.0 0.0 0.0 0.0 0.0;
	0.0 0.0 0.0 0.0 0.0 0.0 0.0 0.0 0.0 0.0 0.0 0.0;
	0.0 0.0 0.0 0.0 0.0 0.0 0.0 0.0 0.0 0.0 0.0 0.0;
	0.0 0.0 0.0 0.0 0.0 0.0 0.0 0.0 0.0 0.0 0.0 0.0;
	0.0 0.0 0.002 0.0 0.0 0.0 0.0 0.0 0.0 0.0 0.0 0.0;
	6.0521 4.9426 3.2349 1.5134 0.7801 198.9443 24.868 13.7558 26.5622 70.4163 45.5833 127.5244;
	16.3702 12.8761 9.6261 5.3308 2.8384 362.439 45.3049 61.5745 130.6611 119.7675 232.1395 216.8998;
	22.7683 16.6029 13.7989 8.6544 7.6886 399.8552 49.9819 70.4397 207.4128 251.5159 254.6444 455.4969;
	26.334 16.6083 13.8 10.0096 6.5989 400.5148 50.0643 66.8083 283.2405 335.6333 258.5543 607.8339;
	26.3944 16.6083 13.8 7.4327 6.767 410.9616 51.3702 70.9716 282.5369 351.375 267.4789 636.3422;
	26.5127 16.6423 13.8 5.9824 6.5744 414.5576 51.8197 74.8979 274.8994 343.8333 252.66 622.6841;
	26.3192 16.686 13.8 4.3532 8.0162 439.9542 54.9943 75.5796 258.9519 196.787 205.0164 356.3825;
	23.0042 16.6688 13.8 5.4627 9.272 434.8191 54.3524 74.971 246.7937 165.473 162.3502 299.6727;
	16.758 15.3014 11.7774 1.9883 9.3427 420.2612 52.5327 71.4316 229.6098 122.0405 124.2595 221.016;
	8.5258 6.6285 5.6379 0.8545 5.6552 252.6181 31.5773 19.8766 132.7241 72.111 58.8962 130.5934;
	0.7932 0.6151 0.4234 1.2449 2.4703 45.4703 5.6838 8.849 24.1244 19.8129 18.5853 35.8813;
	0.0 0.0 0.0 0.0 0.0 0.0 0.0 0.0 0.0 0.0 0.0 0.0;
	0.0 0.0 0.0 0.0 0.0 0.0 0.0 0.0 0.0 0.0 0.0 0.0;
	0.0 0.0 0.0 0.0 0.0 0.0 0.0 0.0 0.0 0.0 0.0 0.0;
	0.0 0.0 0.0 0.0 0.0 0.0 0.0 0.0 0.0 0.0 0.0 0.0;
	0.0 0.0 0.0 0.0 0.0 0.0 0.0 0.0 0.0 0.0 0.0 0.0;
	0.0 0.0 0.0 0.0 0.0 0.0 0.0 0.0 0.0 0.0 0.0 0.0;
	0.0 0.0 0.0 0.0 0.0 0.0 0.0 0.0 0.0 0.0 0.0 0.0;
];
