function solarprofile = ex_solar_profilesh1
%EX_WIND_PROFILE_D  Example wind_load_nyiso profile data for deterministic unit commitment.
% 2022.03.12
% Andres F. Ramirez


%% define constants
[GEN_BUS, PG, QG, QMAX, QMIN, VG, MBASE, GEN_STATUS, PMAX, PMIN, ...
    MU_PMAX, MU_PMIN, MU_QMAX, MU_QMIN, PC1, PC2, QC1MIN, QC1MAX, ...
    QC2MIN, QC2MAX, RAMP_AGC, RAMP_10, RAMP_30, RAMP_Q, APF] = idx_gen;
[CT_LABEL, CT_PROB, CT_TABLE, CT_TBUS, CT_TGEN, CT_TBRCH, CT_TAREABUS, ...
    CT_TAREAGEN, CT_TAREABRCH, CT_ROW, CT_COL, CT_CHGTYPE, CT_REP, ...
    CT_REL, CT_ADD, CT_NEWVAL, CT_TLOAD, CT_TAREALOAD, CT_LOAD_ALL_PQ, ...
    CT_LOAD_FIX_PQ, CT_LOAD_DIS_PQ, CT_LOAD_ALL_P, CT_LOAD_FIX_P, ...
    CT_LOAD_DIS_P, CT_TGENCOST, CT_TAREAGENCOST, CT_MODCOST_F, ...
    CT_MODCOST_X] = idx_ct;

solarprofile = struct( ...
    'type', 'mpcData', ...
    'table', CT_TGEN, ...
    'rows', [1:12], ...
    'col', PMAX, ...
    'chgtype', 1, ...
    'values', [] );
solarprofile.values(:,1,:) = [
	0.0 0.0 0.0 0.0 0.0 0.0 0.0 0.0 0.0 0.0 0.0 0.0;
	0.0 0.0 0.0 0.0 0.0 0.0 0.0 0.0 0.0 0.0 0.0 0.0;
	0.0 0.0 0.0 0.0 0.0 0.0 0.0 0.0 0.0 0.0 0.0 0.0;
	0.0 0.0 0.0 0.0 0.0 0.0 0.0 0.0 0.0 0.0 0.0 0.0;
	0.0 0.0 0.0 0.0 0.0 0.0 0.0 0.0 0.0 0.0 0.0 0.0;
	0.0 0.0 0.002 0.0 0.0 0.0 0.0 0.0 0.0 0.0 0.0 0.0;
	5.6684 6.7757 2.8469 5.7197 7.662 183.7739 22.9717 40.6757 51.4773 73.014 41.278 132.2287;
	19.4317 15.771 11.1572 8.7021 10.4887 274.2338 34.2792 71.1265 63.9577 238.0935 150.3285 431.1888;
	24.0284 16.6634 13.8 10.3169 11.7716 348.9147 43.6143 73.5848 130.5491 322.9044 214.0574 584.7819;
	26.3757 16.6083 13.8895 11.0353 10.7916 362.9639 45.3705 68.5915 226.0422 310.08 238.9092 561.5567;
	26.334 16.6083 13.8151 11.381 12.4902 391.1369 48.8921 70.454 262.041 331.3537 260.0047 600.0836;
	26.334 16.6083 13.8 11.4717 12.759 380.9568 47.6196 70.2149 252.1994 326.6151 255.1283 591.5019;
	26.3192 16.6083 13.8 11.632 12.0655 302.469 37.8086 70.4252 100.2328 211.9107 194.9011 383.7715;
	23.9407 16.6083 13.8 11.5707 11.7456 151.4841 18.9355 72.521 31.3677 187.5012 152.0163 339.5658;
	21.5258 14.997 11.9977 8.5361 11.3882 139.47 17.4337 71.0208 26.1514 167.5377 111.9736 303.4118;
	14.5505 8.2874 6.6354 3.0749 10.1346 100.1864 12.5233 46.4709 35.8534 209.3678 58.3262 379.1663;
	1.0807 0.6895 0.5091 1.3035 3.1587 45.9205 5.7401 8.474 22.8852 42.9923 21.2655 77.8594;
	0.0 0.0 0.0 0.0 0.0 0.0 0.0 0.0 0.0 0.0 0.0 0.0;
	0.0 0.0 0.0 0.0 0.0 0.0 0.0 0.0 0.0 0.0 0.0 0.0;
	0.0 0.0 0.0 0.0 0.0 0.0 0.0 0.0 0.0 0.0 0.0 0.0;
	0.0 0.0 0.0 0.0 0.0 0.0 0.0 0.0 0.0 0.0 0.0 0.0;
	0.0 0.0 0.0 0.0 0.0 0.0 0.0 0.0 0.0 0.0 0.0 0.0;
	0.0 0.0 0.0 0.0 0.0 0.0 0.0 0.0 0.0 0.0 0.0 0.0;
	0.0 0.0 0.0 0.0 0.0 0.0 0.0 0.0 0.0 0.0 0.0 0.0;
];
