function solarprofile = ex_solar_profilesh1
%EX_WIND_PROFILE_D  Example wind_load_nyiso profile data for deterministic unit commitment.
% 2022.03.12
% Andres F. Ramirez


%% define constants
[GEN_BUS, PG, QG, QMAX, QMIN, VG, MBASE, GEN_STATUS, PMAX, PMIN, ...
    MU_PMAX, MU_PMIN, MU_QMAX, MU_QMIN, PC1, PC2, QC1MIN, QC1MAX, ...
    QC2MIN, QC2MAX, RAMP_AGC, RAMP_10, RAMP_30, RAMP_Q, APF] = idx_gen;
[CT_LABEL, CT_PROB, CT_TABLE, CT_TBUS, CT_TGEN, CT_TBRCH, CT_TAREABUS, ...
    CT_TAREAGEN, CT_TAREABRCH, CT_ROW, CT_COL, CT_CHGTYPE, CT_REP, ...
    CT_REL, CT_ADD, CT_NEWVAL, CT_TLOAD, CT_TAREALOAD, CT_LOAD_ALL_PQ, ...
    CT_LOAD_FIX_PQ, CT_LOAD_DIS_PQ, CT_LOAD_ALL_P, CT_LOAD_FIX_P, ...
    CT_LOAD_DIS_P, CT_TGENCOST, CT_TAREAGENCOST, CT_MODCOST_F, ...
    CT_MODCOST_X] = idx_ct;

solarprofile = struct( ...
    'type', 'mpcData', ...
    'table', CT_TGEN, ...
    'rows', [1:12], ...
    'col', PMAX, ...
    'chgtype', 1, ...
    'values', [] );
solarprofile.values(:,1,:) = [
	0.0 0.0 0.0 0.0 0.0 0.0 0.0 0.0 0.0 0.0 0.0 0.0;
	0.0 0.0 0.0 0.0 0.0 0.0 0.0 0.0 0.0 0.0 0.0 0.0;
	0.0 0.0 0.0 0.0 0.0 0.0 0.0 0.0 0.0 0.0 0.0 0.0;
	0.0 0.0 0.0 0.0 0.0 0.0 0.0 0.0 0.0 0.0 0.0 0.0;
	0.0 0.0 0.0 0.0 0.0 0.0 0.0 0.0 0.0 0.0 0.0 0.0;
	0.0 0.0 0.002 0.0 0.0 0.0 0.0 0.0 0.0 0.0 0.0 0.0;
	5.0209 4.0587 2.011 1.2822 6.9192 273.9826 34.2478 44.7453 84.4678 67.0912 39.3777 121.5025;
	16.4218 13.1399 9.6886 6.5161 11.8634 424.4875 53.0609 74.2404 244.1797 119.3568 135.3059 216.156;
	22.9848 16.6029 13.8 10.0737 12.568 441.3243 55.1655 76.4825 260.5775 294.8892 213.9997 534.0462;
	26.334 16.6083 13.8 11.2214 10.2614 385.4555 48.1819 70.9362 241.276 289.6391 216.5339 524.5381;
	26.4698 16.6083 13.8439 11.3718 9.7802 365.083 45.6354 72.4975 210.9088 315.4598 217.8167 571.2996;
	26.7027 16.7786 14.1079 11.4717 9.4867 366.0344 45.7543 73.9671 207.8834 322.6509 221.7844 584.3227;
	26.3295 16.6083 13.8015 11.7288 11.5376 428.5083 53.5635 74.4872 237.9628 249.4668 210.2566 451.7858;
	22.9463 16.6083 13.7347 11.7591 12.2397 437.0228 54.6278 74.9369 239.3874 205.9563 198.0289 372.9881;
	14.7076 11.687 4.6779 10.9007 12.0644 432.5063 54.0633 72.3693 220.2157 122.5825 175.8731 221.9977;
	9.1008 6.5867 1.568 7.2575 9.0223 296.6938 37.0867 44.2647 129.2478 19.7283 63.191 35.728;
	1.1269 1.0532 0.5969 2.0729 2.8379 53.5996 6.6999 9.7824 30.0477 14.3221 18.8911 25.9373;
	0.0 0.0 0.0 0.0 0.0 0.0 0.0 0.0 0.0 0.0 0.0 0.0;
	0.0 0.0 0.0 0.0 0.0 0.0 0.0 0.0 0.0 0.0 0.0 0.0;
	0.0 0.0 0.0 0.0 0.0 0.0 0.0 0.0 0.0 0.0 0.0 0.0;
	0.0 0.0 0.0 0.0 0.0 0.0 0.0 0.0 0.0 0.0 0.0 0.0;
	0.0 0.0 0.0 0.0 0.0 0.0 0.0 0.0 0.0 0.0 0.0 0.0;
	0.0 0.0 0.0 0.0 0.0 0.0 0.0 0.0 0.0 0.0 0.0 0.0;
	0.0 0.0 0.0 0.0 0.0 0.0 0.0 0.0 0.0 0.0 0.0 0.0;
];
