function loadprofile = ex_load_profilesh1
%EX_LOAD_PROFILE  Example load profile data file for stochastic unit commitment.
% 2022.03.12
% Andres F. Ramirez

%% define constants
[CT_LABEL, CT_PROB, CT_TABLE, CT_TBUS, CT_TGEN, CT_TBRCH, CT_TAREABUS, ...
    CT_TAREAGEN, CT_TAREABRCH, CT_ROW, CT_COL, CT_CHGTYPE, CT_REP, ...
    CT_REL, CT_ADD, CT_NEWVAL, CT_TLOAD, CT_TAREALOAD, CT_LOAD_ALL_PQ, ...
    CT_LOAD_FIX_PQ, CT_LOAD_DIS_PQ, CT_LOAD_ALL_P, CT_LOAD_FIX_P, ...
    CT_LOAD_DIS_P, CT_TGENCOST, CT_TAREAGENCOST, CT_MODCOST_F, ...
    CT_MODCOST_X] = idx_ct;

loadprofile = struct( ...
    'type', 'mpcData', ...
    'table', CT_TAREALOAD, ...
    'rows', [1:11], ...
    'col', CT_LOAD_ALL_P, ...
    'chgtype', 1, ...
    'values', [] );
loadprofile.values(:,1,:) = [
	1540.9 935.3045 1660.597 544.7638 775.6748 1102.3757 878.9047 279.9889 494.7 4582.4466 1783.7508;
	1538.3262 932.9881 1638.8928 528.131 773.6947 1101.1237 887.2 278.0 502.777 4572.1429 1757.5239;
	1570.5478 964.8442 1712.1862 527.0936 779.5115 1133.1 909.0804 295.2253 520.0929 4679.8517 1825.0759;
	1637.6543 1012.6865 1750.8094 524.3128 811.353 1184.0064 943.3668 316.013 537.7 4863.2353 1874.8547;
	1786.8835 1149.5049 1930.0 595.0 920.9633 1339.4843 1054.7343 352.1209 613.6 5402.8688 2147.831;
	1918.8188 1226.3188 2031.5 607.2 977.6776 1375.4735 1075.4 368.4835 653.2501 5832.5901 2262.3846;
	1932.8117 1239.4 2024.3 609.3882 987.0581 1384.4481 1108.6 364.3869 666.5699 6216.7499 2329.8116;
	1945.2228 1272.7894 2028.8606 610.3876 966.4 1401.1 1125.9905 369.916 685.5051 6399.0333 2377.8943;
	1958.8824 1304.4 2051.5 611.6 968.2414 1414.7334 1081.7 355.4069 672.0644 6411.5591 2301.0201;
	1960.0757 1325.1398 2063.0782 601.2296 993.4 1450.2638 1084.5298 361.8293 690.6918 6510.333 2401.5606;
	1923.2 1287.1672 2055.4687 596.2485 983.5579 1409.7988 1021.0979 328.595 668.8556 6370.8538 2215.2746;
	1944.4466 1289.5615 2035.7181 583.9 956.4354 1396.0316 1008.3124 324.0568 666.5288 6402.7001 2176.0527;
	1899.0961 1263.3519 2024.2296 580.4762 960.3672 1385.4606 1017.7273 322.5 670.0568 6316.6896 2135.4311;
	1858.345 1257.0747 2036.7022 578.1171 945.9398 1379.1471 1008.9227 332.997 665.5537 6335.0083 2194.8432;
	1841.0123 1213.8 2007.6934 565.3573 967.4255 1380.8645 1040.3 345.8282 680.3616 6400.3342 2265.6358;
	1864.4798 1199.4 2017.5836 581.4 982.7 1408.607 1080.7248 336.4 686.1267 6385.5 2328.637;
	1894.7627 1249.8765 2102.3692 584.2346 1056.4206 1485.576 1148.9022 366.9513 746.8424 6384.3241 2495.2199;
	1961.9818 1303.9254 2136.5212 599.1644 1040.8955 1534.0405 1178.9495 383.3027 760.4996 6444.2266 2557.8474;
	1923.4572 1311.4745 2155.2471 576.7694 1018.7 1481.4836 1162.1546 383.1592 735.0883 6286.7854 2560.5524;
	1808.8557 1234.9104 2081.1615 574.4908 980.178 1397.1297 1111.2766 356.4 711.84 6192.4469 2450.6421;
	1761.7989 1153.5008 1962.6953 561.5302 923.6554 1300.3056 1036.3 330.7 652.845 5958.4638 2299.1051;
	1702.5915 1067.4974 1816.8309 550.0 883.0 1203.3 968.6 299.6174 607.0322 5481.5216 2137.493;
	1598.145 1033.2677 1788.0089 547.2 841.4435 1153.9039 929.2 290.4 557.0448 5245.4009 2154.0577;
	1551.0573 1006.6805 1823.8543 536.8825 840.0694 1167.5102 917.9331 281.7222 536.1803 4966.9211 1992.1773;
];
