function windprofile = ex_wind_profilesh1
%EX_WIND_PROFILE_D  Example wind_load_nyiso profile data for deterministic unit commitment.
% 2022.03.12
% Andres F. Ramirez


%% define constants
[GEN_BUS, PG, QG, QMAX, QMIN, VG, MBASE, GEN_STATUS, PMAX, PMIN, ...
    MU_PMAX, MU_PMIN, MU_QMAX, MU_QMIN, PC1, PC2, QC1MIN, QC1MAX, ...
    QC2MIN, QC2MAX, RAMP_AGC, RAMP_10, RAMP_30, RAMP_Q, APF] = idx_gen;
[CT_LABEL, CT_PROB, CT_TABLE, CT_TBUS, CT_TGEN, CT_TBRCH, CT_TAREABUS, ...
    CT_TAREAGEN, CT_TAREABRCH, CT_ROW, CT_COL, CT_CHGTYPE, CT_REP, ...
    CT_REL, CT_ADD, CT_NEWVAL, CT_TLOAD, CT_TAREALOAD, CT_LOAD_ALL_PQ, ...
    CT_LOAD_FIX_PQ, CT_LOAD_DIS_PQ, CT_LOAD_ALL_P, CT_LOAD_FIX_P, ...
    CT_LOAD_DIS_P, CT_TGENCOST, CT_TAREAGENCOST, CT_MODCOST_F, ...
    CT_MODCOST_X] = idx_ct;

windprofile = struct( ...
    'type', 'mpcData', ...
    'table', CT_TGEN, ...
    'rows', [1:45], ...
    'col', PMAX, ...
    'chgtype', 1, ...
    'values', [] );
windprofile.values(:,1,:) = [
	3.6406 49.1918 88.3106 102.033 14.3156 32.6935 27.8026 17.7291 27.7078 28.9338 53.4836 79.787 120.1189 66.7167 193.842 73.0289 90.6099 96.0194 36.2038 72.4479 9.2675 76.2848 71.3815 85.9054 100.0909 72.6332 13.3248 1079.2729 638.5576 638.5576 490.5286 92.1028 120.6792 186.4811 209.1658 272.4512 1049.6719 200.2341 469.6498 268.1006 111.2677 362.6799 128.8572 261.4919 1060.606;
	3.5555 48.0431 88.5876 109.883 14.2067 31.7608 29.1119 18.3073 27.798 28.5649 52.8018 78.7699 118.5877 68.6012 194.5653 73.3014 90.948 96.3777 34.9867 73.4522 9.704 74.1086 69.3073 86.0113 99.342 73.8247 13.2506 1165.0385 717.4412 717.4412 553.1379 98.1146 116.6223 189.0661 215.0739 306.1082 1108.3097 210.9828 475.627 266.0947 116.4006 352.3335 121.3573 264.8833 1119.8546;
	3.3476 45.2339 89.2431 51.2799 13.9835 31.9972 27.7221 17.81 27.2719 28.6284 52.9193 78.9451 118.8514 68.4967 193.4144 72.8678 90.41 95.8076 33.798 70.8615 9.2407 74.6602 70.2795 85.9909 99.7821 72.5514 13.5423 1136.829 671.3477 671.3477 522.6591 96.2532 112.6599 182.3976 214.7465 286.4417 1085.3187 202.9884 457.0609 267.2735 117.2561 354.9558 115.7883 254.6234 1096.6241;
	3.5589 48.0886 89.0427 70.8195 14.2004 32.801 27.2147 18.0111 27.223 28.9693 53.5493 79.885 120.2665 68.3668 199.6763 75.2269 93.3371 98.9094 45.7891 71.9742 9.0716 76.5357 66.7927 85.4081 99.2351 73.5197 13.8106 1155.6381 676.1784 676.1784 519.0825 85.0614 152.6303 185.2617 214.3391 288.5028 1006.9752 217.1186 458.0846 265.8082 117.5336 363.8728 165.2636 261.0599 1017.4645;
	2.936 39.6711 89.8808 103.5104 14.1324 32.0089 22.651 18.008 27.3404 29.8547 55.186 82.3266 123.9422 68.7679 193.4133 72.8673 90.4095 95.807 79.4509 70.5554 7.5503 74.6873 57.9436 85.7474 101.3964 72.6979 13.6152 1119.6037 613.2938 613.2938 520.4796 86.913 264.8362 181.6098 215.5966 261.672 1064.5969 216.319 455.8854 271.5975 117.0271 355.085 169.235 253.0422 1075.6864;
	3.5619 48.1294 88.9389 111.5932 14.2184 32.1535 27.1812 18.0967 26.8771 30.3593 56.1187 83.718 126.037 68.2451 194.6606 73.3373 90.9925 96.4249 88.1869 71.3666 9.0604 75.0248 69.9456 85.7746 102.7325 71.5098 13.7079 1223.3171 674.9303 674.9303 509.6388 87.1612 293.9562 183.6979 213.9577 287.9703 1060.4034 214.508 463.2865 275.1763 115.5542 356.6892 185.7374 253.8005 1071.4492;
	3.5847 48.4377 88.7567 112.3721 14.3179 31.9575 27.4431 18.0539 26.7989 29.9054 55.2797 82.4665 124.1528 67.3232 196.6612 74.091 91.9277 97.4159 90.6773 70.5707 9.1477 74.5675 71.7881 85.5118 102.519 74.1585 13.4921 1248.6151 672.2417 672.2417 546.8349 85.0942 302.2575 181.6493 211.0672 286.8231 1064.6119 238.7802 441.0847 274.6045 116.0161 354.5152 188.7102 256.1065 1075.7016;
	3.6987 49.978 88.7745 112.1689 14.5164 32.373 28.5052 18.2899 27.1602 29.8346 55.1487 82.271 123.8586 69.5027 200.1811 75.4171 93.573 99.1595 86.3008 71.5511 9.5017 75.5369 72.9135 84.6375 104.2944 74.1862 13.7826 1210.2784 683.6012 683.6012 517.8377 80.0499 287.6694 184.1728 217.9003 291.6698 1060.6848 223.5203 458.6301 279.3599 114.4826 359.124 196.9129 253.2629 1071.7336;
	3.8669 52.2508 90.2505 115.0804 14.5428 33.4121 29.4543 18.3069 27.8205 30.9383 57.189 85.3147 128.4409 69.565 200.8109 75.6544 93.8674 99.4715 89.3822 70.4483 9.8181 77.9615 74.0541 85.6041 103.8933 73.8637 13.8901 1269.4763 807.2613 807.2613 595.0871 78.231 297.9405 181.3341 218.0957 344.4315 1171.275 275.045 467.2682 278.2855 115.8287 370.6512 179.7008 263.1695 1183.4758;
	3.8589 52.1425 93.1586 119.2733 14.99 33.1913 29.6597 18.7109 28.2411 31.0209 57.3416 85.5424 128.7835 69.4721 203.1222 76.5251 94.9478 100.6164 90.8848 71.8448 9.8866 77.4464 75.0931 86.799 104.8992 73.6109 14.0258 1282.8792 807.3413 807.3413 675.6788 93.1377 302.9493 184.9288 217.8043 344.4656 1171.2758 303.4068 470.7302 280.9801 117.0044 368.2024 166.4935 271.5377 1183.4766;
	3.7345 50.4607 91.5986 118.8433 14.565 33.2358 26.5311 18.5448 28.1414 31.4113 58.0632 86.6189 130.4043 69.6735 202.1163 76.1461 94.4776 100.1181 89.9536 71.8507 8.8437 77.5503 74.9622 85.3571 101.8905 72.4762 13.6717 1278.0306 793.9406 793.9406 660.0232 92.5705 299.8455 184.944 218.4358 338.748 1127.9366 308.624 469.0997 272.9211 116.5465 368.6963 173.532 261.1391 1139.6859;
	3.5733 48.2829 89.5289 114.2546 14.0576 32.2257 23.7223 17.6849 26.2504 30.9702 57.2479 85.4026 128.5732 68.6591 197.8004 74.5201 92.4602 97.9802 89.3375 71.1628 7.9074 75.1933 75.317 83.5976 100.4706 71.2043 12.8809 1129.4275 752.1488 752.1488 616.7215 87.3588 297.7918 183.1733 215.2555 320.9168 1036.9372 282.407 451.7666 269.1176 112.8288 357.4905 180.1115 260.1913 1047.7386;
	3.7655 50.8801 90.8032 118.0335 14.4233 33.177 27.6734 18.1798 26.4618 31.1359 57.5543 85.8597 129.2613 68.4904 198.9229 74.943 92.9849 98.5362 86.4297 71.5575 9.2245 77.4131 75.5457 87.2566 101.0792 73.0719 13.167 1174.0264 797.0858 797.0858 647.4017 96.204 288.0989 184.1891 214.7267 340.09 1030.2185 302.6647 462.6103 270.7478 118.1452 368.0439 166.7855 262.536 1040.9499;
	3.6763 49.6744 93.7509 119.622 14.4719 32.5946 27.2973 18.7922 26.9771 31.1065 57.5 85.7786 129.1393 67.6412 202.4067 76.2555 94.6134 100.2619 90.4707 71.8149 9.0991 76.0541 75.7553 89.1377 106.0011 73.8958 13.4801 1179.4723 751.1423 751.1423 645.4501 94.2954 301.5691 184.8518 212.0642 320.4874 1045.6193 307.0679 456.756 283.9315 119.4191 361.583 157.2096 269.3627 1056.5112;
	3.7694 50.9327 94.8396 120.5605 14.599 32.8574 25.5862 19.0809 26.9102 30.9871 57.2792 85.4494 128.6436 66.6885 193.5779 72.9294 90.4864 95.8886 91.5203 71.5921 8.5287 76.6673 75.0047 89.7824 106.3937 76.1556 14.1181 1102.9308 753.4183 753.4183 648.1543 88.3961 305.0677 184.2782 209.0776 321.4585 959.6271 303.6055 458.5831 284.983 118.1763 364.498 177.8302 264.318 969.6232;
	3.6944 49.9201 93.9393 120.01 14.9553 32.7438 24.9411 18.5055 26.1967 30.647 56.6505 84.5113 127.2314 67.4652 197.1965 74.2926 92.1779 97.6811 92.3436 71.7348 8.3137 76.4023 74.6932 89.6603 104.9769 75.5249 13.8571 1183.705 763.5832 763.5832 623.789 94.7222 307.8119 184.6456 211.5127 325.7955 1035.7947 298.5931 444.065 281.1882 118.4043 363.2383 178.8508 252.6932 1046.5843;
	3.5709 48.2503 91.4605 117.9121 14.8836 33.1315 23.8055 17.5772 26.3826 29.5723 54.664 81.5479 122.7699 65.2483 189.8447 71.5229 88.7414 94.0394 92.4545 71.8741 7.9352 77.3068 73.4416 88.3418 102.2132 75.0867 12.7696 1126.895 738.584 738.584 652.0002 95.3605 308.1818 185.0041 204.5622 315.1292 1117.6788 293.0044 443.7322 273.7853 114.9811 367.5386 185.0447 228.7357 1129.3213;
	3.6996 49.9897 90.6372 117.0368 15.0203 32.7281 25.2249 14.758 27.4149 29.4968 54.5243 81.3396 122.4563 66.6141 188.3427 70.957 88.0393 93.2954 89.8323 69.6297 8.4083 76.3656 74.9934 86.1123 100.8233 68.9955 11.4263 1181.9196 707.0776 707.0776 652.1766 91.217 299.4409 179.227 208.8443 301.6864 1103.7536 298.8577 461.4058 270.0624 118.7819 363.0638 188.5199 246.8311 1115.251;
