function windprofile = ex_wind_profilesh1
%EX_WIND_PROFILE_D  Example wind_load_nyiso profile data for deterministic unit commitment.
% 2022.03.12
% Andres F. Ramirez


%% define constants
[GEN_BUS, PG, QG, QMAX, QMIN, VG, MBASE, GEN_STATUS, PMAX, PMIN, ...
    MU_PMAX, MU_PMIN, MU_QMAX, MU_QMIN, PC1, PC2, QC1MIN, QC1MAX, ...
    QC2MIN, QC2MAX, RAMP_AGC, RAMP_10, RAMP_30, RAMP_Q, APF] = idx_gen;
[CT_LABEL, CT_PROB, CT_TABLE, CT_TBUS, CT_TGEN, CT_TBRCH, CT_TAREABUS, ...
    CT_TAREAGEN, CT_TAREABRCH, CT_ROW, CT_COL, CT_CHGTYPE, CT_REP, ...
    CT_REL, CT_ADD, CT_NEWVAL, CT_TLOAD, CT_TAREALOAD, CT_LOAD_ALL_PQ, ...
    CT_LOAD_FIX_PQ, CT_LOAD_DIS_PQ, CT_LOAD_ALL_P, CT_LOAD_FIX_P, ...
    CT_LOAD_DIS_P, CT_TGENCOST, CT_TAREAGENCOST, CT_MODCOST_F, ...
    CT_MODCOST_X] = idx_ct;

windprofile = struct( ...
    'type', 'mpcData', ...
    'table', CT_TGEN, ...
    'rows', [1:45], ...
    'col', PMAX, ...
    'chgtype', 1, ...
    'values', [] );
windprofile.values(:,1,:) = [
	3.8231 51.6589 94.5538 111.1043 14.7241 32.4618 28.7469 18.5519 28.0064 30.0495 55.5461 82.8639 124.7511 64.13 201.2615 75.8241 94.0781 99.6947 35.2738 72.9521 9.5823 75.7443 72.9064 89.0194 104.1155 76.5799 13.8748 1216.9912 696.5073 696.5073 588.0105 109.6813 117.5795 187.7789 201.0562 297.1765 1168.0643 228.0604 472.0397 278.8809 123.072 360.11 133.1275 276.9329 1180.2316;
	3.7636 50.8546 94.4247 117.7034 14.3105 30.9368 28.5522 18.7737 26.7158 29.8045 55.0932 82.1882 123.7338 62.0213 194.2639 73.1878 90.8071 96.2284 27.2137 72.6298 9.5174 72.1859 69.7439 89.8257 103.3931 76.012 13.8571 1233.0054 712.0206 712.0206 558.6407 106.0353 90.7124 186.9493 194.4453 303.7955 1182.1046 223.2236 446.856 276.9459 123.4374 343.1924 124.3632 275.1482 1194.4182;
	3.6168 48.8706 94.3251 65.8909 14.2678 32.3662 29.2831 18.5742 27.2241 29.6269 54.7648 81.6984 122.9964 63.9997 199.9124 75.3158 93.4474 99.0264 30.0961 71.8846 9.761 75.5211 68.6973 88.7531 101.3128 76.2257 14.0868 1236.295 715.6241 715.6241 567.8634 106.2983 100.3203 185.0312 200.6478 305.333 1227.1171 229.8796 432.7735 271.3736 121.1547 359.0489 118.4533 275.0744 1239.8996;
	3.6277 49.0178 94.8189 91.2978 14.1714 33.2371 29.3405 18.8811 27.8434 29.8726 55.219 82.3759 124.0164 64.7793 202.2707 76.2043 94.5498 100.1946 41.3428 72.6549 9.7802 77.5533 63.8595 88.4954 103.3584 76.4956 14.1339 1246.9967 720.3402 720.3402 544.2374 96.2469 137.8094 187.014 203.092 307.3451 1155.0053 245.1411 437.321 276.853 121.5817 368.7103 159.6248 279.0201 1167.0366;
	3.412 46.1036 95.3439 120.8377 14.211 32.4981 24.4469 18.7708 27.2155 30.1363 55.7064 83.103 125.1111 63.956 191.6325 72.1964 89.5771 94.9249 72.1954 70.3508 8.149 75.829 54.4647 89.0152 104.4707 76.367 14.0711 1155.5849 625.1781 625.1781 489.8264 91.6202 240.6513 181.0832 200.5107 266.7426 1135.557 224.0321 432.0496 279.8322 121.9758 360.5125 167.9782 282.0032 1147.3857;
	3.7493 50.6614 94.9857 120.1843 15.0385 32.9896 29.442 18.5774 28.4635 30.8813 57.0837 85.1576 128.2043 68.2121 204.042 76.8717 95.3778 101.072 88.8605 73.2834 9.814 76.9757 70.4509 88.191 104.0534 75.703 13.9471 1240.6707 706.7448 706.7448 474.907 92.625 296.2017 188.6316 213.8543 301.5444 1130.2993 218.5514 451.2533 278.7145 116.4774 365.9645 181.1895 279.1541 1142.0732;
	3.8359 51.831 94.4969 119.8292 14.9693 32.1932 29.1466 18.8392 27.6435 30.9992 57.3016 85.4827 128.6937 66.3113 204.5875 77.0771 95.6327 101.3422 89.7474 73.7549 9.7155 75.1175 74.0385 88.4497 102.4528 76.6527 13.9926 1217.1008 700.8776 700.8776 498.9345 89.8111 299.1581 189.8454 207.8948 299.0411 1097.9088 228.809 439.3721 274.4271 119.3174 357.1298 187.4783 276.7494 1109.3453;
	3.8481 51.9962 92.566 118.936 14.8056 33.1326 28.8282 18.117 27.7028 30.7211 56.7876 84.7159 127.5393 66.2425 205.5395 77.4358 96.0778 101.8138 88.6254 73.7631 9.6094 77.3094 74.0138 86.7684 104.054 75.7565 13.247 1159.2608 708.5451 708.5451 498.8193 77.3578 295.4181 189.8664 207.6791 302.3126 1083.8851 234.7231 439.5114 278.7162 120.2162 367.5508 195.4891 275.157 1095.1755;
	3.8552 52.0928 94.1764 120.6468 14.6972 34.3117 28.772 17.6386 27.4417 31.2205 57.7105 86.0928 129.6122 68.3551 204.278 76.9605 95.4881 101.1889 88.5191 72.5539 9.5907 80.0606 74.5035 86.4585 103.9249 75.8557 13.3371 1198.8509 794.3678 794.3678 582.6822 76.3401 295.0637 186.7538 214.3024 338.9302 1185.2429 268.8734 439.3997 278.3702 121.6203 380.6311 176.1109 283.855 1197.5892;
	3.7042 50.0513 92.8271 118.126 14.877 34.0175 29.9686 18.0381 27.4249 31.0531 57.4012 85.6313 128.9175 69.4813 204.5906 77.0783 95.6342 101.3437 92.0419 72.8244 9.9895 79.3743 73.3199 86.6502 103.5578 76.1322 13.5789 1148.286 756.0253 756.0253 611.5149 90.8683 306.8065 187.4502 217.8332 322.5708 1147.9075 296.0035 458.1349 277.3868 122.3706 377.3679 158.6091 280.5904 1159.8649;
	3.6948 49.9244 93.3487 118.2981 15.1175 32.9565 27.721 18.2771 27.8219 31.3829 58.0109 86.5408 130.2867 69.893 202.5903 76.3247 94.6992 100.3529 91.804 73.3548 9.2403 76.8984 73.9006 87.3644 103.7152 75.1945 13.7678 1094.5046 758.3215 758.3215 608.9094 89.9387 306.0135 188.8154 219.124 323.5505 1100.1985 293.8401 463.5151 277.8086 122.4235 365.5971 164.8455 280.1329 1111.6589;
	3.6089 48.7642 94.3877 118.9244 14.8082 32.8308 27.0047 18.211 27.8744 30.8928 57.1049 85.1893 128.2521 69.7181 202.2829 76.2089 94.5555 100.2006 91.8796 72.2446 9.0016 76.6053 73.1749 86.6011 103.1884 72.5356 13.911 1087.2322 742.2436 742.2436 591.6939 92.8612 306.2654 185.9577 218.5758 316.6906 1119.5159 286.4287 459.8606 276.3974 121.5579 364.2035 180.8097 272.2442 1131.1775;
	3.6519 49.3455 93.4457 119.1307 14.788 32.5502 30.2844 17.917 27.9941 31.2923 57.8434 86.2909 129.9106 69.2461 199.9491 75.3297 93.4646 99.0445 90.8224 71.7797 10.0948 75.9504 74.4357 87.706 101.9026 72.8802 13.7529 973.0711 725.0656 725.0656 594.1254 90.7908 302.7414 184.7612 217.0959 309.3613 992.7423 297.6322 468.5015 272.9533 123.1117 361.0901 154.3914 262.2292 1003.0834;
	3.7529 50.7104 91.8157 118.0936 14.458 32.8206 29.6751 17.8838 28.0377 30.197 55.8188 83.2706 125.3634 69.8752 202.0632 76.1261 94.4528 100.0918 92.331 71.8043 9.8917 76.5813 73.6425 86.2017 98.3315 72.2315 13.6659 1000.6305 703.5908 703.5908 620.977 94.3425 307.7701 184.8245 219.0682 300.1988 996.0874 315.36 465.3717 263.3878 121.7389 364.0893 147.2523 263.1418 1006.4633;
	3.6581 49.4294 89.8739 114.4996 14.1594 32.4136 27.0881 18.2908 27.3953 29.7295 54.9545 81.9812 123.4223 69.7703 198.4146 74.7515 92.7473 98.2844 91.3508 70.9677 9.0294 75.6317 71.1769 85.9544 98.7903 73.3948 13.6175 978.9012 718.8701 718.8701 655.383 97.3476 304.5026 182.671 218.7393 306.7179 942.5447 326.3823 462.4796 264.6168 115.412 359.5747 159.7131 248.2849 952.3629;
	3.7321 50.4292 93.3177 119.1977 15.2336 33.5538 28.4583 18.2018 28.2108 30.8533 57.0318 85.0802 128.0878 69.7347 195.6026 73.6921 91.4328 96.8915 91.8868 71.3521 9.4861 78.2921 74.4097 86.0333 100.7972 73.298 13.7219 1051.725 743.6284 743.6284 647.9551 99.6767 306.2893 183.6606 218.6277 317.2815 1015.2367 312.7506 471.6718 269.9924 115.2468 372.2231 179.0306 257.5655 1025.812;
	3.6396 49.1791 92.6265 120.5496 15.198 34.4806 27.8899 17.9731 28.3034 31.0706 57.4335 85.6795 128.9901 69.6017 195.3177 73.5848 91.2997 96.7504 91.4866 71.296 9.2966 80.4547 74.2006 89.1658 103.3365 72.2267 13.0642 1021.695 735.4472 735.4472 672.9875 103.44 304.9553 183.5161 218.2108 313.7908 1060.6203 297.3697 475.7345 276.7941 117.7065 382.5047 184.4739 234.84 1071.6685;
	3.8398 51.8845 93.4954 119.675 15.3259 34.0914 27.1563 15.7724 28.1466 31.1512 57.5826 85.9019 129.3248 68.3189 191.0427 71.9742 89.3014 94.6328 90.6994 70.2249 9.0521 79.5466 74.3168 88.7533 104.2332 66.8415 12.1246 1170.0541 712.2466 712.2466 649.1362 99.5272 302.3313 180.759 214.1891 303.8919 1081.1758 291.854 474.1348 279.1961 122.1438 378.1873 192.7806 248.2396 1092.438;
