function loadprofile = ex_load_profilesh1
%EX_LOAD_PROFILE  Example load profile data file for stochastic unit commitment.
% 2022.03.12
% Andres F. Ramirez

%% define constants
[CT_LABEL, CT_PROB, CT_TABLE, CT_TBUS, CT_TGEN, CT_TBRCH, CT_TAREABUS, ...
    CT_TAREAGEN, CT_TAREABRCH, CT_ROW, CT_COL, CT_CHGTYPE, CT_REP, ...
    CT_REL, CT_ADD, CT_NEWVAL, CT_TLOAD, CT_TAREALOAD, CT_LOAD_ALL_PQ, ...
    CT_LOAD_FIX_PQ, CT_LOAD_DIS_PQ, CT_LOAD_ALL_P, CT_LOAD_FIX_P, ...
    CT_LOAD_DIS_P, CT_TGENCOST, CT_TAREAGENCOST, CT_MODCOST_F, ...
    CT_MODCOST_X] = idx_ct;

loadprofile = struct( ...
    'type', 'mpcData', ...
    'table', CT_TAREALOAD, ...
    'rows', [1:11], ...
    'col', CT_LOAD_ALL_P, ...
    'chgtype', 1, ...
    'values', [] );
loadprofile.values(:,1,:) = [
	1727.8442 939.3784 1638.9337 546.409 763.8609 1123.4 891.9638 287.92 494.0735 4469.1754 1677.1743;
	1660.956 948.7822 1638.5373 541.2406 782.9109 1126.1885 899.7 303.6612 499.8382 4464.7478 1691.2;
	1643.6619 980.5801 1684.8767 554.7 802.3 1145.808 896.9087 286.3 504.2 4408.7903 1699.5781;
	1709.6054 1032.7 1759.4084 556.5102 859.9392 1218.3926 945.1182 311.4879 533.4592 4684.1138 1786.4268;
	1841.6256 1163.472 1959.1467 593.2877 1010.2229 1372.5 1040.6484 356.258 614.2 5214.1667 2026.8665;
	1981.9664 1232.3149 2064.8 621.0602 1070.4168 1450.764 1127.2721 378.4213 668.1 5829.1606 2191.1168;
	2029.4205 1248.7 2088.0 617.6 1057.071 1467.1313 1157.0511 381.9186 696.4 6275.9218 2276.3186;
	2029.1087 1268.7684 2102.7014 622.0585 1072.5521 1503.9675 1202.5898 397.7273 715.3962 6589.1267 2319.1196;
	2088.12 1287.0999 2115.5791 620.4733 1082.1834 1526.6357 1190.9146 435.7028 705.3228 6684.9498 2216.6801;
	2081.4289 1288.2482 2125.8746 619.9 1094.8987 1533.8974 1154.818 437.7886 701.5869 6635.3155 2135.1444;
	2093.0114 1293.3202 2103.2601 585.3638 1062.7879 1540.9043 1121.6622 435.8953 679.8319 6448.5 2145.812;
	2138.32 1303.2159 2096.9593 589.7621 1066.5286 1528.8227 1100.2 417.5453 672.3 6456.3227 2070.3372;
	2124.5812 1261.5073 2067.3894 596.2921 1040.917 1530.0536 1077.7764 427.6118 685.4581 6369.3893 2067.7482;
	2109.7631 1225.3 2020.0823 574.063 1026.7342 1503.1753 1080.1165 412.2493 686.3206 6369.1285 2118.5246;
	2092.7385 1202.3 2008.8721 567.7634 970.8935 1452.9496 1080.7502 388.6629 680.6 6393.4145 2133.3648;
	2109.2152 1210.4541 2007.8355 581.7605 1032.3503 1496.626 1094.7 407.0947 679.4 6364.607 2238.1051;
	2125.4483 1235.3086 2071.0677 597.4574 1027.434 1524.8268 1156.0461 429.383 724.67 6304.4006 2326.0198;
	2139.9676 1265.072 2088.8453 621.0634 1053.4591 1529.9 1205.5 443.6397 739.9658 6277.0303 2441.5597;
	2137.0814 1263.0261 2083.3719 605.8554 1055.3 1535.3961 1199.5232 399.8943 726.7 6239.9998 2391.4209;
	2037.5369 1197.7 1996.3115 591.3 984.6158 1445.5695 1124.2469 395.6272 675.0 6035.9705 2282.2219;
	1928.0353 1145.5 1901.9095 576.2683 949.3225 1348.8871 1048.4404 352.371 632.8 5665.4234 2096.6198;
	1824.0126 1057.124 1783.5 543.7607 868.92 1257.9091 977.8 308.7764 579.0433 5185.2672 1913.4437;
	1813.3926 1008.3364 1722.4834 562.2428 864.3314 1205.621 957.0645 307.0295 544.6417 5022.6707 1859.1075;
	1760.835 995.4537 1722.8332 568.7755 845.754 1188.2416 948.2738 293.5773 520.3423 4780.5209 1812.1;
];
