function windprofile = ex_wind_profilesh1
%EX_WIND_PROFILE_D  Example wind_load_nyiso profile data for deterministic unit commitment.
% 2022.03.12
% Andres F. Ramirez


%% define constants
[GEN_BUS, PG, QG, QMAX, QMIN, VG, MBASE, GEN_STATUS, PMAX, PMIN, ...
    MU_PMAX, MU_PMIN, MU_QMAX, MU_QMIN, PC1, PC2, QC1MIN, QC1MAX, ...
    QC2MIN, QC2MAX, RAMP_AGC, RAMP_10, RAMP_30, RAMP_Q, APF] = idx_gen;
[CT_LABEL, CT_PROB, CT_TABLE, CT_TBUS, CT_TGEN, CT_TBRCH, CT_TAREABUS, ...
    CT_TAREAGEN, CT_TAREABRCH, CT_ROW, CT_COL, CT_CHGTYPE, CT_REP, ...
    CT_REL, CT_ADD, CT_NEWVAL, CT_TLOAD, CT_TAREALOAD, CT_LOAD_ALL_PQ, ...
    CT_LOAD_FIX_PQ, CT_LOAD_DIS_PQ, CT_LOAD_ALL_P, CT_LOAD_FIX_P, ...
    CT_LOAD_DIS_P, CT_TGENCOST, CT_TAREAGENCOST, CT_MODCOST_F, ...
    CT_MODCOST_X] = idx_ct;

windprofile = struct( ...
    'type', 'mpcData', ...
    'table', CT_TGEN, ...
    'rows', [1:45], ...
    'col', PMAX, ...
    'chgtype', 1, ...
    'values', [] );
windprofile.values(:,1,:) = [
	3.6704 49.5952 91.5789 109.8508 14.7009 33.9865 27.7245 18.6839 27.02 30.3933 56.1816 83.812 126.1784 64.1322 201.7964 76.0256 94.3281 99.9596 38.8568 72.5901 9.2415 79.3019 72.7123 89.1217 106.0403 75.4647 14.0664 1157.674 654.4862 654.4862 614.9055 109.4637 129.5227 186.8472 201.063 279.2474 1128.8076 243.3336 448.3253 284.0366 118.0606 377.024 146.5312 277.1889 1140.566;
	3.7655 50.8797 94.0713 117.3778 14.9795 34.5022 27.5618 18.6336 26.4937 30.5299 56.434 84.1884 126.7451 65.9061 188.7631 71.1154 88.2358 93.5036 31.0384 72.1391 9.1873 80.5051 73.7491 89.3276 106.2412 75.598 14.0116 1155.4582 650.1393 650.1393 553.3673 106.9738 103.4613 185.6862 206.6246 277.3928 1120.2217 242.887 446.5777 284.5746 119.1057 382.7443 141.1264 282.5033 1131.8907;
	3.7543 50.7294 92.0552 59.5756 14.8212 34.1242 28.1068 18.2915 26.1306 29.2397 54.0492 80.6308 121.3892 64.3712 191.6666 72.2093 89.593 94.9418 32.9013 69.723 9.3689 79.6232 70.9026 87.2141 105.1801 73.2227 13.9145 1108.994 663.6086 663.6086 565.888 110.4713 109.6709 179.4671 201.8123 283.1397 1140.9014 247.8618 434.0774 281.7323 117.686 378.5515 141.7189 277.8497 1152.7858;
	3.6885 49.8397 91.1251 76.7893 14.6285 33.895 27.2127 18.2409 26.7231 29.9656 55.391 82.6324 124.4027 65.05 200.0679 75.3744 93.5201 99.1034 44.7004 72.0518 9.0709 79.0884 66.8736 85.6721 102.1981 72.6942 14.032 1157.1551 670.194 670.194 563.2912 103.0386 149.0015 185.4616 203.9404 285.9494 1076.194 262.9461 444.0503 273.7448 117.0731 376.0091 174.8572 275.0759 1087.4044;
	3.5647 48.1672 93.9597 116.3354 14.9247 34.1732 23.9508 18.5467 27.847 30.8604 57.0449 85.0998 128.1172 66.8532 198.9124 74.9391 92.98 98.531 80.9184 72.7681 7.9836 79.7374 64.1469 86.7402 103.5498 73.6784 13.9958 1167.3268 654.5221 654.5221 552.9584 102.3357 269.7279 187.3053 209.5938 279.2628 1185.8727 262.2365 457.1355 277.3656 119.355 379.0942 193.1187 269.0574 1198.2255;
	3.7883 51.1881 94.5719 117.4638 15.3044 34.5225 27.8477 18.6423 27.3501 30.9257 57.1657 85.28 128.3886 67.3564 199.7584 75.2578 93.3754 98.9501 92.0644 73.6795 9.2826 80.5525 70.7982 89.1271 105.8814 74.3487 13.9472 1198.1479 710.6344 710.6344 536.2631 98.6766 306.8813 189.6513 211.1714 303.204 1120.1765 243.5103 446.7215 283.6108 118.013 382.9697 200.0537 278.8722 1131.845;
	3.7981 51.3208 94.8785 118.3508 15.2742 33.8573 28.2362 18.6814 27.3498 30.3498 56.1011 83.6919 125.9976 67.1662 197.3395 74.3465 92.2447 97.7519 88.5164 73.0164 9.4121 79.0003 73.6049 89.2504 104.4131 75.3275 13.7109 1186.7877 726.5941 726.5941 608.3199 97.1699 295.0546 187.9444 210.5751 310.0135 1141.6364 268.7748 441.2885 279.678 119.1218 375.5902 204.0333 266.2255 1153.5284;
	3.8768 52.3844 94.7927 119.1013 15.3567 34.6579 27.0515 18.8653 27.6363 30.3235 56.0526 83.6194 125.8886 65.5535 201.6169 75.958 94.2442 99.8707 88.6632 73.3851 9.0172 80.8684 74.8948 89.0773 106.5333 74.8637 13.7574 1171.2867 705.0122 705.0122 575.874 83.2061 295.5439 188.8935 205.5192 300.8052 1108.3988 257.8719 457.3766 285.357 118.1586 384.4716 210.7945 268.6246 1119.9446;
	3.8999 52.6964 94.1212 120.3206 15.3812 35.0087 27.3 18.4004 26.9287 30.847 57.0203 85.063 128.0619 67.2586 201.3971 75.8752 94.1414 99.7618 86.6813 72.3942 9.1 81.6869 75.4731 89.188 105.8274 74.3631 13.5081 1133.9187 770.077 770.077 617.8373 77.5725 288.9377 186.3428 210.8649 328.5662 1141.1807 280.6765 458.577 283.4662 120.4372 388.3628 190.9636 271.8392 1153.068;
	3.9113 52.8506 93.9891 118.6119 15.4188 35.0003 29.5679 18.0454 27.0763 30.7483 56.8377 84.7907 127.6519 68.7537 200.0274 75.3592 93.5012 99.0833 90.0238 70.3535 9.856 81.6675 74.9485 86.4052 104.1754 72.5124 13.6706 1150.3871 766.4085 766.4085 674.558 93.3033 300.0792 181.0902 215.5521 327.001 1146.6565 313.8119 471.8862 279.0412 120.6071 388.2704 177.9105 272.15 1158.6009;
	3.9176 52.9348 93.3763 118.9745 15.4158 34.5581 27.6115 18.0193 27.5009 31.1486 57.5776 85.8945 129.3137 68.4407 203.5173 76.674 95.1325 100.8121 91.1657 72.1049 9.2038 80.6357 75.8034 86.8527 103.4869 73.1306 13.7186 1156.8571 779.0408 779.0408 654.884 94.6276 303.8858 185.5982 214.5708 332.3907 1134.8761 308.9014 474.8461 277.1971 120.108 383.365 181.4849 268.9886 1146.6978;
	3.9213 52.9854 95.1255 118.832 15.4111 34.6387 26.0111 18.3744 26.9521 30.8581 57.0408 85.0936 128.108 69.5107 202.6479 76.3464 94.7261 100.3814 92.3148 71.0539 8.6704 80.8236 74.7497 87.4375 104.6508 73.0244 13.7931 1127.4883 782.2594 782.2594 663.0133 100.0569 307.7159 182.893 217.9255 333.764 1155.1986 298.8392 477.5502 280.3148 120.0938 384.2587 194.7162 270.5391 1167.2319;
	3.9223 52.9983 95.2717 120.9137 15.4135 34.8392 28.1751 18.5748 27.3829 31.0727 57.4375 85.6854 128.9989 69.7408 202.8959 76.4398 94.842 100.5042 90.5602 71.8019 9.3917 81.2915 75.0705 89.0125 105.0211 74.3082 13.8899 1091.9293 802.5739 802.5739 705.4352 105.8521 301.8672 184.8184 218.6469 342.4315 1035.5807 310.1364 478.3226 281.3066 123.054 386.4831 178.1825 265.4588 1046.368;
	3.8743 52.3506 94.0524 120.4755 15.2462 33.8183 28.3135 18.1497 27.407 30.2689 55.9516 83.4687 125.6617 67.6821 204.9509 77.2141 95.8026 101.5222 91.9622 72.7706 9.4378 78.9094 75.0932 86.3978 101.7975 72.5999 13.3941 1071.3271 746.5376 746.5376 694.5974 99.6765 306.5407 187.3117 212.1925 318.5227 1002.8396 313.9112 478.0457 272.672 116.5693 375.1577 161.5164 264.3885 1013.2858;
	3.8267 51.7068 94.1542 119.1027 15.3787 33.4558 24.8595 18.2747 27.6465 30.5249 56.4248 84.1747 126.7245 67.3818 201.7519 76.0088 94.3073 99.9376 90.3944 71.1136 8.2865 78.0636 74.7033 88.6409 104.2949 73.6898 13.2479 1051.0429 737.2391 737.2391 677.6346 99.243 301.3148 183.0466 211.2511 314.5554 946.1284 307.549 478.3455 279.3614 115.4455 371.1364 175.677 258.2524 955.9839;
	3.6711 49.605 91.6344 115.6898 15.0687 33.0206 23.8855 18.1772 26.4634 29.7646 55.0195 82.0782 123.5683 66.6051 205.473 77.4108 96.0467 101.7808 86.9823 70.9271 7.9618 77.0482 74.063 87.5504 104.4297 73.9817 13.4132 1062.5388 748.6922 748.6922 671.2923 106.2001 289.9409 182.5666 208.8159 319.442 987.3254 319.1523 457.3567 279.7224 114.6097 366.309 173.5639 242.1265 997.6101;
	3.7135 50.178 90.8019 118.2891 15.1448 33.9999 24.4792 17.2967 27.0474 30.6333 56.6253 84.4738 127.1748 64.1184 198.6002 74.8215 92.834 98.3764 87.3053 71.062 8.1597 79.3331 73.6296 88.8637 105.4941 71.6954 12.0404 1024.4416 734.9552 734.9552 690.6129 104.9902 291.0178 182.9137 201.0198 313.5809 1004.7141 304.6482 447.7734 282.5734 116.4074 377.1723 180.9562 232.3837 1015.1799;
	3.7984 51.3249 90.5905 117.0424 15.2482 33.0265 23.9352 14.9296 27.6669 30.8523 57.0299 85.0774 128.0836 67.1054 189.5473 71.4109 88.6024 93.8921 86.5015 68.5489 7.9784 77.0619 73.5122 87.5911 104.6829 67.6218 11.4551 1182.1326 753.256 753.256 711.1815 96.6114 288.3383 176.445 210.3843 321.3892 1113.6947 315.2371 448.7814 280.4007 117.4478 366.3742 183.0696 247.7681 1125.2957;
