function solarprofile = ex_solar_profilesh1
%EX_WIND_PROFILE_D  Example wind_load_nyiso profile data for deterministic unit commitment.
% 2022.03.12
% Andres F. Ramirez


%% define constants
[GEN_BUS, PG, QG, QMAX, QMIN, VG, MBASE, GEN_STATUS, PMAX, PMIN, ...
    MU_PMAX, MU_PMIN, MU_QMAX, MU_QMIN, PC1, PC2, QC1MIN, QC1MAX, ...
    QC2MIN, QC2MAX, RAMP_AGC, RAMP_10, RAMP_30, RAMP_Q, APF] = idx_gen;
[CT_LABEL, CT_PROB, CT_TABLE, CT_TBUS, CT_TGEN, CT_TBRCH, CT_TAREABUS, ...
    CT_TAREAGEN, CT_TAREABRCH, CT_ROW, CT_COL, CT_CHGTYPE, CT_REP, ...
    CT_REL, CT_ADD, CT_NEWVAL, CT_TLOAD, CT_TAREALOAD, CT_LOAD_ALL_PQ, ...
    CT_LOAD_FIX_PQ, CT_LOAD_DIS_PQ, CT_LOAD_ALL_P, CT_LOAD_FIX_P, ...
    CT_LOAD_DIS_P, CT_TGENCOST, CT_TAREAGENCOST, CT_MODCOST_F, ...
    CT_MODCOST_X] = idx_ct;

solarprofile = struct( ...
    'type', 'mpcData', ...
    'table', CT_TGEN, ...
    'rows', [1:12], ...
    'col', PMAX, ...
    'chgtype', 1, ...
    'values', [] );
solarprofile.values(:,1,:) = [
	0.0 0.0 0.0 0.0 0.0 0.0 0.0 0.0 0.0 0.0 0.0 0.0;
	0.0 0.0 0.0 0.0 0.0 0.0 0.0 0.0 0.0 0.0 0.0 0.0;
	0.0 0.0 0.0 0.0 0.0 0.0 0.0 0.0 0.0 0.0 0.0 0.0;
	0.0 0.0 0.0 0.0 0.0 0.0 0.0 0.0 0.0 0.0 0.0 0.0;
	0.0 0.0 0.0 0.0 0.0 0.0 0.0 0.0 0.0 0.0 0.0 0.0;
	0.0034 0.0083 0.0183 0.0 0.0 0.0 0.0 0.0 0.0 0.0 0.0 0.0;
	14.0203 12.112 8.277 3.2909 9.2125 153.1492 19.1436 19.7085 61.4398 69.5335 38.9394 125.9256;
	23.3664 16.6327 12.6177 9.1958 12.865 374.2499 46.7812 69.7566 196.5421 243.8562 134.6809 441.6251;
	24.1254 16.7623 13.8 11.2484 13.3005 415.296 51.912 74.3191 247.6345 333.4486 212.5578 603.8775;
	21.9918 15.8964 12.7926 11.3167 13.6673 395.7871 49.4734 68.4484 237.8074 309.4996 195.7821 560.5056;
	16.5008 11.3704 11.2446 11.4504 13.7937 378.623 47.3279 64.1573 221.623 338.922 220.5052 613.7898;
	18.5397 12.7608 11.8656 11.4717 13.752 365.7977 45.7247 60.6622 213.7467 348.8208 234.3571 631.7165;
	26.3192 16.6083 13.8 11.632 13.9037 403.6546 50.4568 70.2457 194.177 328.0197 192.7093 594.0456;
	23.9583 16.6083 13.8 11.5984 13.6834 417.1522 52.144 74.0103 176.6771 268.4752 147.6258 486.2102;
	19.2714 13.6872 11.3325 9.3447 13.1577 401.8485 50.2311 73.1784 120.2163 142.8308 35.7678 258.6674;
	6.9323 3.9972 5.2518 3.5366 9.1244 216.636 27.0795 51.0953 35.4646 48.7606 0.0 88.3057;
	0.7314 0.6047 0.4317 1.2796 2.9659 44.5554 5.5694 8.9518 23.0875 25.6793 17.4419 46.5053;
	0.0 0.0 0.0 0.0 0.0 0.0 0.0 0.0 0.0 0.0 0.0 0.0;
	0.0 0.0 0.0 0.0 0.0 0.0 0.0 0.0 0.0 0.0 0.0 0.0;
	0.0 0.0 0.0 0.0 0.0 0.0 0.0 0.0 0.0 0.0 0.0 0.0;
	0.0 0.0 0.0 0.0 0.0 0.0 0.0 0.0 0.0 0.0 0.0 0.0;
	0.0 0.0 0.0 0.0 0.0 0.0 0.0 0.0 0.0 0.0 0.0 0.0;
	0.0 0.0 0.0 0.0 0.0 0.0 0.0 0.0 0.0 0.0 0.0 0.0;
	0.0 0.0 0.0 0.0 0.0 0.0 0.0 0.0 0.0 0.0 0.0 0.0;
];
