function loadprofile = ex_load_profilesh1
%EX_LOAD_PROFILE  Example load profile data file for stochastic unit commitment.
% 2022.03.12
% Andres F. Ramirez

%% define constants
[CT_LABEL, CT_PROB, CT_TABLE, CT_TBUS, CT_TGEN, CT_TBRCH, CT_TAREABUS, ...
    CT_TAREAGEN, CT_TAREABRCH, CT_ROW, CT_COL, CT_CHGTYPE, CT_REP, ...
    CT_REL, CT_ADD, CT_NEWVAL, CT_TLOAD, CT_TAREALOAD, CT_LOAD_ALL_PQ, ...
    CT_LOAD_FIX_PQ, CT_LOAD_DIS_PQ, CT_LOAD_ALL_P, CT_LOAD_FIX_P, ...
    CT_LOAD_DIS_P, CT_TGENCOST, CT_TAREAGENCOST, CT_MODCOST_F, ...
    CT_MODCOST_X] = idx_ct;

loadprofile = struct( ...
    'type', 'mpcData', ...
    'table', CT_TAREALOAD, ...
    'rows', [1:11], ...
    'col', CT_LOAD_ALL_P, ...
    'chgtype', 1, ...
    'values', [] );
loadprofile.values(:,1,:) = [
	1496.3929 922.3408 1612.8774 552.2 797.6368 1171.1896 840.1368 246.9 487.1 4571.698 1684.7446;
	1476.945 912.1535 1615.1154 546.1523 789.4977 1147.7169 842.1686 251.0 473.6883 4548.7581 1682.9475;
	1522.3536 934.5713 1638.6077 549.5539 799.2658 1156.2055 831.2318 247.8 472.3766 4533.4769 1693.0201;
	1584.8152 1010.2 1754.2355 570.8115 861.5011 1246.6293 881.6986 274.6 494.9085 4782.6365 1804.2374;
	1748.6049 1119.3839 1935.3837 605.0 965.0 1352.8046 987.176 318.1447 574.6452 5376.3826 2034.1;
	1871.992 1214.9252 2063.12 621.5082 1026.0334 1438.3905 1066.1 359.1789 655.0396 5846.8 2212.2802;
	1908.1968 1239.4 2126.4933 612.3593 1115.8392 1455.4976 1114.9482 360.1 672.9 6158.2223 2216.9799;
	1892.0 1225.1175 2126.0584 599.6257 1077.2681 1405.1505 1102.5338 352.9119 678.7 6318.9069 2235.3668;
	1913.6171 1206.6219 2138.5949 594.0 1053.4812 1380.7705 1131.9459 349.0813 691.2 6421.5511 2323.4149;
	1919.5179 1193.1221 2069.7486 589.7 1011.9321 1309.3475 1057.8127 344.8694 672.0 6413.7299 2211.5078;
	1897.5473 1217.3391 2045.0957 589.2 957.0776 1260.1216 1014.4 335.9154 664.8705 6312.3245 2179.6804;
	1895.882 1249.2625 2058.0896 582.2 970.9701 1270.5171 1023.5814 362.4013 662.9 6409.6 2156.5;
	1837.5248 1229.7799 1972.8632 573.2913 970.633 1294.1778 1057.9292 357.3393 684.7372 6415.3917 2258.8488;
	1853.4 1240.8735 1969.9403 559.1225 979.9126 1279.5292 1050.2032 350.2676 672.3 6367.8636 2288.2551;
	1867.3699 1238.6538 1971.3772 568.0296 1026.9 1395.3649 1095.5522 387.022 697.8406 6425.1114 2393.8545;
	1834.3439 1218.2758 1894.9425 578.4136 1024.9643 1392.382 1063.385 378.3994 678.5448 6291.3667 2338.3855;
	1806.6325 1211.6575 1946.4061 593.8481 1018.2067 1409.7866 1081.9923 398.6 693.6 6229.6507 2469.0466;
	1836.7567 1253.3582 2082.0928 601.2644 1096.4 1464.8536 1139.7321 409.6355 731.0492 6236.1766 2539.7335;
	1810.0 1223.6866 2029.5661 598.571 1041.9601 1452.4149 1125.4796 400.4622 706.0667 6016.7408 2499.182;
	1768.6212 1157.3531 1954.8577 587.1 983.786 1403.3 1093.1303 385.981 692.0168 5873.9659 2456.0857;
	1737.3891 1107.7 1866.7383 556.4 952.6854 1298.4982 1007.5751 357.4 639.4747 5576.0342 2299.3191;
	1621.07 1032.808 1735.7703 542.8 875.4729 1191.3168 894.1928 311.2354 573.434 5088.3341 2049.8109;
	1556.3717 1010.4438 1683.9682 561.6 840.0322 1156.4 870.0279 276.1758 535.328 4790.3131 1907.2057;
	1527.5 988.5957 1624.0757 540.0759 807.0 1114.1374 809.7778 259.4623 497.1996 4609.2708 1826.6282;
];
