function windprofile = ex_wind_profilesh1
%EX_WIND_PROFILE_D  Example wind_load_nyiso profile data for deterministic unit commitment.
% 2022.03.12
% Andres F. Ramirez


%% define constants
[GEN_BUS, PG, QG, QMAX, QMIN, VG, MBASE, GEN_STATUS, PMAX, PMIN, ...
    MU_PMAX, MU_PMIN, MU_QMAX, MU_QMIN, PC1, PC2, QC1MIN, QC1MAX, ...
    QC2MIN, QC2MAX, RAMP_AGC, RAMP_10, RAMP_30, RAMP_Q, APF] = idx_gen;
[CT_LABEL, CT_PROB, CT_TABLE, CT_TBUS, CT_TGEN, CT_TBRCH, CT_TAREABUS, ...
    CT_TAREAGEN, CT_TAREABRCH, CT_ROW, CT_COL, CT_CHGTYPE, CT_REP, ...
    CT_REL, CT_ADD, CT_NEWVAL, CT_TLOAD, CT_TAREALOAD, CT_LOAD_ALL_PQ, ...
    CT_LOAD_FIX_PQ, CT_LOAD_DIS_PQ, CT_LOAD_ALL_P, CT_LOAD_FIX_P, ...
    CT_LOAD_DIS_P, CT_TGENCOST, CT_TAREAGENCOST, CT_MODCOST_F, ...
    CT_MODCOST_X] = idx_ct;

windprofile = struct( ...
    'type', 'mpcData', ...
    'table', CT_TGEN, ...
    'rows', [1:45], ...
    'col', PMAX, ...
    'chgtype', 1, ...
    'values', [] );
windprofile.values(:,1,:) = [
	3.619 48.9007 87.2955 107.0064 15.0088 33.8604 26.0677 18.2513 26.2251 30.3444 56.0912 83.6771 125.9754 64.1194 191.9464 72.3147 89.7238 95.0804 34.6549 69.6386 8.6892 79.0077 72.4919 86.1288 104.0094 73.8239 13.4603 1114.3027 659.7805 659.7805 555.0826 101.7961 115.5162 179.25 201.0231 281.5064 1097.7802 205.5919 441.0743 278.5965 117.1088 375.625 142.2424 262.5698 1109.2154;
	3.6094 48.7703 93.6654 120.446 15.2273 34.0661 28.5506 19.148 26.717 30.2083 55.8396 83.3017 125.4103 64.2727 192.9085 72.6771 90.1735 95.557 34.7557 71.1969 9.5169 79.4875 73.0906 87.6304 106.3744 75.9336 13.7944 1178.3895 696.3584 696.3584 545.6282 106.8792 115.8525 183.261 201.5037 297.1129 1151.9209 220.5632 441.0859 284.9314 120.9815 377.9062 137.0083 277.3248 1163.9201;
	3.6952 49.9303 93.5115 68.6767 15.2302 34.9249 29.4624 18.7092 27.5299 30.9015 57.1209 85.2132 128.288 64.6074 201.4234 75.8851 94.1537 99.7749 36.2079 72.4153 9.8208 81.4915 74.1769 85.9253 104.5616 73.6631 13.6471 1236.7218 713.8332 713.8332 556.1763 102.9559 120.6929 186.3973 202.5529 304.5688 1216.5386 210.2524 453.5823 280.0758 121.1619 387.434 146.3238 272.6811 1229.2108;
	3.7049 50.0608 93.0438 83.3646 15.3 34.2059 28.0409 18.7983 27.2392 30.236 55.8908 83.3781 125.5252 65.1031 201.009 75.729 93.96 99.5696 41.0717 72.2443 9.347 79.8137 69.5513 84.4801 103.1301 74.129 13.6519 1275.2912 713.358 713.358 519.0872 92.4197 136.9057 185.957 204.1069 304.3661 1136.9446 225.1225 447.8719 276.2412 121.4652 379.4571 172.5859 273.5744 1148.7878;
	3.4145 46.1369 92.9199 117.3791 14.8463 32.6075 23.314 18.9892 26.9499 30.6438 56.6447 84.5027 127.2184 64.7314 201.9774 76.0938 94.4127 100.0493 76.1856 73.1763 7.7713 76.0841 64.0296 85.3321 102.8222 75.7284 13.4591 1186.8281 655.5969 655.5969 512.6721 93.3502 253.9521 188.3561 202.9418 279.7213 1145.3968 226.0688 436.9221 275.4167 119.8438 361.7255 174.351 268.6766 1157.328;
	3.7191 50.2535 93.9852 118.5282 15.1428 33.6438 26.2654 19.1279 26.408 30.776 56.889 84.8671 127.767 65.6164 204.3881 77.002 95.5396 101.2434 90.5598 72.8824 8.7551 78.5022 73.4084 85.356 104.5506 76.5194 13.77 1215.5708 710.6188 710.6188 510.5068 91.3616 301.866 187.5996 205.7163 303.1974 1088.3857 217.4532 429.4432 280.0463 114.947 373.222 193.0817 280.0977 1099.7231;
	3.7568 50.7622 93.7513 116.807 14.7634 33.2509 28.4997 19.1537 27.3586 30.4039 56.2011 83.841 126.2221 64.3033 194.1786 73.1557 90.7672 96.1861 90.1048 70.5349 9.4999 77.5853 74.4756 85.6905 104.6325 76.4236 13.7315 1203.9583 712.8497 712.8497 537.6373 82.7169 300.3494 181.557 201.5995 304.1492 1113.1949 233.3557 453.0871 280.2655 117.7626 368.8629 195.595 274.8273 1124.7907;
	3.8992 52.6868 94.4191 119.5746 15.2314 34.2585 27.8209 19.1653 27.7056 31.053 57.401 85.631 128.917 65.2918 200.1997 75.4241 93.5817 99.1687 86.413 71.842 9.2736 79.9365 75.238 87.8747 106.3147 75.8572 14.0126 1105.0538 691.0202 691.0202 514.8261 67.8633 288.0434 184.9215 204.6986 294.8353 1074.7353 217.5993 457.3696 284.7716 118.2136 380.041 196.248 271.7004 1085.9305;
	3.8201 51.6183 94.6452 120.4158 14.8598 33.3218 29.2265 19.1085 27.9793 31.2116 57.6941 86.0683 129.5753 68.3493 202.2123 76.1823 94.5225 100.1656 90.8671 72.1108 9.7422 77.7509 75.5436 87.6744 105.7244 73.8991 13.9703 1121.3752 782.4378 782.4378 569.8552 72.3756 302.8905 185.6134 214.2843 333.8401 1161.6854 266.2396 470.3467 283.1902 121.6452 369.6499 173.9045 279.6579 1173.7863;
	3.8034 51.3921 94.6707 120.8773 14.5137 32.9603 29.363 18.9808 26.8045 30.8168 56.9644 84.9797 127.9365 66.8188 201.6275 75.962 94.2492 99.876 90.5911 72.5319 9.7877 76.9074 74.4694 88.1457 104.1969 72.6617 13.9529 1089.9296 749.8388 749.8388 616.1608 70.6067 301.9702 186.6973 209.486 319.9312 1136.8032 290.9641 455.329 279.0988 122.9032 365.6399 153.5756 268.3406 1148.6449;
	3.6641 49.5104 95.2004 121.0292 14.3549 33.0598 27.7594 19.0694 27.212 31.4335 58.1044 86.6804 130.4968 65.4438 202.4149 76.2587 94.6172 100.266 89.9314 71.7837 9.2531 77.1395 75.0327 87.8746 104.2342 74.4951 13.9496 1087.7772 778.0588 778.0588 602.2286 80.1465 299.7712 184.7714 205.1752 331.9717 1114.3979 287.6476 450.8681 279.1988 121.6666 366.7433 153.5581 277.3746 1126.0062;
	3.6878 49.8302 94.7621 120.7967 14.4743 32.5858 26.3105 19.038 27.3248 31.1896 57.6534 86.0076 129.4839 66.9858 201.704 75.9908 94.2849 99.9138 90.6039 71.2007 8.7702 76.0335 74.7179 87.1134 103.8863 73.5535 13.7035 1026.5957 754.1027 754.1027 605.9269 89.4244 302.0131 183.2709 210.0097 321.7505 1086.9824 286.8956 441.8356 278.2668 119.3743 361.4848 170.5697 267.4642 1098.3051;
	3.6695 49.5828 95.0003 120.8753 14.8479 33.6819 28.5594 19.1625 28.0478 31.3995 58.0415 86.5864 130.3554 68.6664 201.8926 76.0619 94.3731 100.0073 90.64 72.115 9.5198 78.5912 74.9198 89.0539 104.016 76.1117 13.9325 982.198 761.1771 761.1771 628.0696 92.8143 302.1335 185.6242 215.2785 324.7689 977.3651 296.2669 448.2018 278.6144 119.2112 373.6448 154.0272 265.3109 987.5459;
	3.3866 45.76 93.4186 120.536 14.1579 32.2195 27.0674 18.9817 26.9778 30.5492 56.4697 84.2417 126.8254 67.9124 204.1023 76.8943 95.4059 101.1018 92.091 72.8599 9.0225 75.1789 74.6522 87.7333 100.6415 73.7955 13.7961 996.4227 700.0394 700.0394 632.0211 94.9979 306.9702 187.5416 212.9144 298.6835 930.3639 284.2398 436.0253 269.5756 117.6012 357.422 128.7982 262.6787 940.0552;
	3.6724 49.6226 94.8736 120.9203 14.3241 32.8812 26.3986 19.1506 27.0933 30.8 56.9334 84.9334 127.8668 68.2608 201.0641 75.7497 93.9858 99.5969 92.517 72.8078 8.7995 76.7229 73.9274 89.341 104.4176 75.2095 14.0862 1008.597 723.8259 723.8259 646.7759 99.8446 308.3899 187.4075 214.0068 308.8324 904.6441 302.5402 453.1618 279.6899 117.4665 364.7625 171.435 258.0383 914.0674;
	3.6667 49.5446 93.2173 119.8943 14.2159 33.4653 25.4637 18.6224 27.4487 31.2166 57.7034 86.0821 129.5961 67.968 195.0621 73.4885 91.1802 96.6238 92.0807 71.2981 8.4879 78.0856 74.1458 87.3691 102.0398 74.1983 13.3555 1060.4071 733.0835 733.0835 592.5473 105.8789 306.9356 183.5215 213.0889 312.7823 969.5279 285.384 445.4717 273.3208 116.9996 371.2413 178.1129 248.8652 979.6271;
	3.5525 48.0017 90.8035 116.1871 14.1419 32.7607 23.5377 17.0054 25.8783 30.8608 57.0456 85.1009 128.1189 64.0984 191.3867 72.1038 89.4622 94.8032 92.8406 71.5381 7.8459 76.4416 73.0949 87.8613 97.3431 71.3818 10.7187 1024.7095 699.0743 699.0743 595.6606 107.3587 309.4686 184.1393 200.9572 298.2717 998.1807 279.5395 435.2018 260.7404 115.8638 363.4251 179.4095 226.6325 1008.5784;
	3.8015 51.366 92.964 117.0847 14.6946 33.5257 23.3772 12.6915 26.6322 31.0345 57.3669 85.5801 128.8404 64.6695 186.6959 70.3366 87.2695 92.4796 92.6976 69.7774 7.7924 78.2267 73.4782 84.9342 97.1986 60.1918 10.3098 1192.9806 702.637 702.637 627.948 100.3928 308.9919 179.6071 202.7477 299.7918 1100.3251 302.7061 445.9795 260.3533 121.3315 371.9119 199.8034 242.8362 1111.7868;
