function windprofile = ex_wind_profilesh1
%EX_WIND_PROFILE_D  Example wind_load_nyiso profile data for deterministic unit commitment.
% 2022.03.12
% Andres F. Ramirez


%% define constants
[GEN_BUS, PG, QG, QMAX, QMIN, VG, MBASE, GEN_STATUS, PMAX, PMIN, ...
    MU_PMAX, MU_PMIN, MU_QMAX, MU_QMIN, PC1, PC2, QC1MIN, QC1MAX, ...
    QC2MIN, QC2MAX, RAMP_AGC, RAMP_10, RAMP_30, RAMP_Q, APF] = idx_gen;
[CT_LABEL, CT_PROB, CT_TABLE, CT_TBUS, CT_TGEN, CT_TBRCH, CT_TAREABUS, ...
    CT_TAREAGEN, CT_TAREABRCH, CT_ROW, CT_COL, CT_CHGTYPE, CT_REP, ...
    CT_REL, CT_ADD, CT_NEWVAL, CT_TLOAD, CT_TAREALOAD, CT_LOAD_ALL_PQ, ...
    CT_LOAD_FIX_PQ, CT_LOAD_DIS_PQ, CT_LOAD_ALL_P, CT_LOAD_FIX_P, ...
    CT_LOAD_DIS_P, CT_TGENCOST, CT_TAREAGENCOST, CT_MODCOST_F, ...
    CT_MODCOST_X] = idx_ct;

windprofile = struct( ...
    'type', 'mpcData', ...
    'table', CT_TGEN, ...
    'rows', [1:45], ...
    'col', PMAX, ...
    'chgtype', 1, ...
    'values', [] );
windprofile.values(:,1,:) = [
	3.5687 48.2203 87.6239 100.8829 14.0602 30.7591 26.386 17.4828 25.8931 30.5521 56.4751 84.2497 126.8375 54.0451 197.2142 74.2993 92.1862 97.6898 35.0912 70.1822 8.7953 71.7713 75.4839 85.5795 85.6865 73.541 12.8957 1136.2876 607.0876 607.0876 494.2416 102.4521 116.9707 180.6491 169.4388 259.0241 1076.6234 217.7129 442.9367 229.5174 116.8871 341.2211 127.3577 259.7869 1087.8382;
	3.6149 48.8446 91.6713 111.6864 14.328 31.6976 27.0762 18.0637 26.1698 30.4332 56.2553 83.9219 126.3439 57.6179 193.5297 72.9112 90.4639 95.8647 35.0677 71.4687 9.0254 73.9611 75.568 86.505 97.1151 74.2965 13.2217 1165.8778 644.3068 644.3068 514.7204 103.2231 116.8925 183.9606 180.64 274.9042 1135.6321 227.4682 441.3028 260.1296 117.8015 351.6321 131.9499 262.7192 1147.4616;
	3.6532 49.3625 91.2282 56.0414 14.2448 32.2314 27.4246 17.6451 24.217 29.2367 54.0436 80.6224 121.3765 62.5584 198.6856 74.8536 92.874 98.4187 39.3395 70.7564 9.1415 75.2066 73.4062 86.6389 100.4464 75.0032 13.4097 1194.2609 671.9799 671.9799 526.955 109.5136 131.1315 182.1272 196.129 286.7114 1213.4528 231.944 428.2166 269.0529 117.4044 357.5536 134.507 258.9454 1226.0929;
	3.6561 49.4023 91.376 80.2115 14.72 32.1111 27.5954 17.6331 26.2059 29.089 53.7705 80.215 120.7632 63.6714 197.2835 74.3254 92.2186 97.7241 41.6043 71.5996 9.1985 74.9259 69.535 86.4724 98.1985 74.0953 13.2324 1216.6229 694.6678 694.6678 521.0583 102.8032 138.6811 184.2975 199.6186 296.3916 1120.7929 248.5944 436.647 263.0318 115.1385 356.2192 168.3997 261.6873 1132.4678;
	3.399 45.9283 89.1896 114.5728 14.5707 32.2102 23.9851 17.7982 25.7638 29.1036 53.7976 80.2555 120.8242 63.2383 187.8694 70.7787 87.818 93.0609 76.1403 70.9998 7.995 75.1571 58.2636 84.3418 97.0286 72.8675 13.1691 1179.6597 663.988 663.988 512.8588 103.383 253.8012 182.7536 198.2607 283.3015 1143.1393 242.3238 444.3241 259.8979 114.1327 357.3184 185.2447 258.8381 1155.047;
	3.6624 49.4868 91.8504 116.5712 15.0495 32.5996 26.3995 18.4553 25.0457 28.8912 53.4049 79.6696 119.9421 63.8858 183.0109 68.9483 85.547 90.6542 85.9894 70.7657 8.7998 76.0658 66.6959 86.2989 103.0912 74.3835 13.79 1250.5334 713.7484 713.7484 487.5447 99.0393 286.6313 182.151 200.2905 304.5326 1081.0026 222.8891 437.4308 276.1373 116.0249 361.6385 192.9328 272.0398 1092.2631;
	3.5964 48.5957 90.061 112.0508 15.0464 31.9227 27.2418 18.0131 25.8031 29.7446 54.9824 82.023 123.4852 64.0186 189.4296 71.3665 88.5473 93.8338 87.4502 70.1491 9.0806 74.4864 71.494 85.2317 98.6524 75.216 13.1993 1234.2193 731.6554 731.6554 544.3283 92.6722 291.5006 180.5641 200.7071 312.173 1074.1223 235.4686 443.9661 264.2474 116.7426 354.1294 193.4787 262.7173 1085.3111;
	3.5626 48.1387 89.6818 110.6434 15.0795 29.7531 26.9567 18.1362 25.9509 28.8738 53.3729 79.6218 119.8702 62.9203 193.1765 72.7781 90.2988 95.6898 84.5576 69.657 8.9856 69.4238 73.0107 85.3658 103.5697 73.5863 13.3237 1145.3292 696.3822 696.3822 515.2303 80.8936 281.8588 179.2974 197.2635 297.1231 1043.7374 236.1261 434.7318 277.4189 112.0619 330.0607 178.6372 265.7274 1054.6097;
	3.6603 49.4589 90.5483 115.6217 14.7516 28.3327 28.4598 17.6363 26.8587 29.8477 55.173 82.3072 123.9131 59.0403 198.1781 74.6625 92.6368 98.1673 89.0613 70.4426 9.4866 66.1096 72.7797 86.2905 101.6845 74.4408 13.1938 1131.2963 765.4349 765.4349 592.3158 77.4994 296.8709 181.3195 185.0992 326.5856 1076.0327 273.6727 442.3635 272.3693 114.2019 314.3041 169.3142 272.4097 1087.2414;
	3.6856 49.8005 87.8482 112.4876 14.8452 32.1052 29.5607 17.5906 26.8089 29.9881 55.4325 82.6945 124.496 58.0256 196.1585 73.9016 91.6927 97.1669 91.3661 69.7021 9.8536 74.9122 72.4262 85.6191 100.4205 74.0955 13.0875 1176.6354 762.9238 762.9238 676.2068 90.7366 304.5536 179.4135 181.9181 325.5142 1093.1333 295.5838 440.7976 268.9834 115.8253 356.1542 165.08 261.9425 1104.5202;
	3.5934 48.5544 91.1822 115.0792 14.9491 31.9487 26.3307 18.7435 26.141 30.123 55.682 83.0666 125.0563 64.0296 196.2856 73.9495 91.7521 97.2298 88.8588 70.6764 8.7769 74.5469 72.8058 87.7804 103.1914 75.9158 13.572 1079.0217 743.3141 743.3141 652.3518 89.4271 296.1958 181.9212 200.7415 317.1474 962.2881 296.7237 435.8736 276.4054 120.2883 354.4171 165.2991 270.128 972.3119;
	3.6162 48.8628 93.5592 114.9601 15.3799 33.3294 24.9771 19.0113 27.4987 30.2505 55.9175 83.418 125.5853 66.1263 193.8179 73.0198 90.5986 96.0075 89.1828 70.4278 8.3257 77.7685 72.988 88.5743 103.449 76.5146 13.6174 1056.6427 770.2756 770.2756 676.4052 97.4528 297.2759 181.2813 207.3149 328.6509 1086.9074 295.2581 440.313 277.0955 119.7983 369.7337 186.1824 275.0388 1098.2293;
	3.6174 48.8789 94.6825 114.8477 15.284 32.4477 28.3099 19.1601 27.0963 30.4831 56.3476 84.0596 126.5512 65.9019 194.2544 73.1842 90.8027 96.2237 88.5693 71.4622 9.4366 75.7113 73.3529 90.1612 105.936 76.6104 13.9548 997.3809 734.5951 734.5951 650.3017 96.9661 295.231 183.9439 206.6114 313.4272 963.717 302.5545 438.21 283.7572 117.4063 359.9532 159.2378 274.4002 973.7558;
	3.6103 48.7829 94.7238 114.7198 15.1196 31.9586 26.3318 18.9146 26.1018 29.9848 55.4265 82.6854 124.4825 64.5938 196.2856 73.9495 91.7521 97.2299 87.96 70.6893 8.7773 74.57 72.8526 89.8446 105.2191 75.0447 13.8442 1033.4826 707.2498 707.2498 660.8105 94.8796 293.2 181.9545 202.5103 301.7599 978.0247 294.5911 435.4252 281.8368 113.0873 354.5271 148.8206 273.3006 988.2124;
	3.4509 46.6297 93.3406 114.1234 14.4056 31.8557 23.098 18.1103 25.9475 29.1594 53.9006 80.4091 121.0555 58.9279 192.0496 72.3536 89.772 95.1315 87.2818 71.0218 7.6993 74.3301 66.5526 89.0459 102.8023 73.1836 13.2522 983.1809 678.7086 678.7086 632.3925 93.8944 290.9394 182.8103 184.7468 289.5823 886.4062 310.3516 396.1849 275.3634 103.9324 353.3864 160.6125 255.2658 895.6396;
	3.6251 48.9832 94.1979 119.6502 14.6894 33.0073 23.7956 18.5703 25.9163 29.8467 55.1711 82.3044 123.9089 59.5287 194.2396 73.1787 90.7957 96.2164 90.6853 70.5788 7.9319 77.017 71.8756 88.6024 103.4124 74.4239 13.7567 1074.0327 689.7908 689.7908 626.4669 104.5446 302.2843 181.67 186.6306 294.3107 955.9541 295.7242 425.5309 276.9976 110.2063 366.1609 180.8221 253.5422 965.912;
	3.4723 46.9179 90.1079 116.5061 14.8288 32.903 20.8061 17.4807 24.2925 28.6217 52.9068 78.9265 118.8235 50.7736 190.1468 71.6367 88.8826 94.189 87.1699 71.0424 6.9354 76.7738 70.4902 86.8413 100.5819 71.3674 12.5297 1070.7401 663.6228 663.6228 622.4124 99.7896 290.5665 182.8633 159.1822 283.1457 1001.7128 275.4199 349.0024 269.4159 112.6417 365.0045 182.9951 226.8219 1012.1473;
	3.7293 50.3913 90.8685 113.3295 14.8514 32.4264 22.5882 14.4308 26.276 28.9048 53.4301 79.7073 119.9988 63.2749 195.0102 73.469 91.1559 96.5981 87.2435 68.996 7.5294 75.6617 70.8814 83.1658 97.867 65.1232 10.8721 1187.8092 685.9387 685.9387 663.9584 97.3874 290.8118 177.5958 198.3753 292.6672 1070.0167 284.0877 420.8036 262.1438 113.1229 359.7171 195.126 243.8302 1081.1627;
