function loadprofile = ex_load_profilesh1
%EX_LOAD_PROFILE  Example load profile data file for stochastic unit commitment.
% 2022.03.12
% Andres F. Ramirez

%% define constants
[CT_LABEL, CT_PROB, CT_TABLE, CT_TBUS, CT_TGEN, CT_TBRCH, CT_TAREABUS, ...
    CT_TAREAGEN, CT_TAREABRCH, CT_ROW, CT_COL, CT_CHGTYPE, CT_REP, ...
    CT_REL, CT_ADD, CT_NEWVAL, CT_TLOAD, CT_TAREALOAD, CT_LOAD_ALL_PQ, ...
    CT_LOAD_FIX_PQ, CT_LOAD_DIS_PQ, CT_LOAD_ALL_P, CT_LOAD_FIX_P, ...
    CT_LOAD_DIS_P, CT_TGENCOST, CT_TAREAGENCOST, CT_MODCOST_F, ...
    CT_MODCOST_X] = idx_ct;

loadprofile = struct( ...
    'type', 'mpcData', ...
    'table', CT_TAREALOAD, ...
    'rows', [1:11], ...
    'col', CT_LOAD_ALL_P, ...
    'chgtype', 1, ...
    'values', [] );
loadprofile.values(:,1,:) = [
	1491.6 914.1686 1552.6661 548.2991 774.2468 1097.6189 865.8522 265.9265 506.3 4324.2654 1630.5016;
	1474.1189 908.5494 1581.2712 541.5272 781.703 1125.927 870.288 290.3693 500.484 4244.1771 1630.6704;
	1488.4775 934.4049 1617.138 559.7984 776.8583 1135.8 881.2744 291.9695 507.4631 4307.4764 1651.2374;
	1599.6 1019.4918 1732.5678 580.6484 824.2 1209.8289 928.3797 296.1232 539.5716 4534.5948 1742.7516;
	1753.8461 1154.9738 1969.4 589.6838 959.4226 1374.8808 1028.3828 347.1221 614.2446 5156.1007 2018.2;
	1929.0583 1247.3 2125.5274 608.0438 1019.0597 1432.4 1084.3646 377.5411 663.2992 5688.9676 2160.5;
	1884.8625 1235.4834 2116.8419 612.7 1069.2844 1419.1979 1085.1 367.0324 679.4502 5907.9545 2121.7793;
	1921.841 1256.7806 2182.248 633.0357 1083.9391 1430.2359 1149.9138 369.6239 696.0677 6086.6634 2143.548;
	1930.5 1266.487 2137.3861 611.6 1084.7703 1363.9107 1142.4 367.2046 705.8063 6167.1495 2061.5153;
	1896.0547 1248.9141 2112.912 598.483 1098.7 1341.4617 1142.4378 359.2028 673.8658 6084.0063 1908.7557;
	1844.4614 1220.1 2121.2441 593.5804 1081.7093 1264.7488 1071.3478 350.8374 665.5372 5746.1323 1839.2752;
	1867.1523 1218.4863 2109.9925 593.5329 1067.7401 1311.2359 1090.0537 352.5876 680.4483 5918.6575 1678.4614;
	1878.2357 1212.7353 2085.7174 617.3886 1058.5768 1235.2149 1053.6064 354.0687 659.3913 5720.5611 1485.3293;
	1825.3924 1221.9 2106.1565 612.6331 1042.9783 1303.3 1089.4254 366.3064 667.0371 6087.9911 1734.4203;
	1864.8783 1248.6333 2150.0067 611.3928 1077.2067 1330.3946 1137.2298 402.0752 720.5215 6340.7008 2144.9056;
	1917.5916 1275.405 2170.8462 644.4376 1083.6201 1385.6989 1169.4267 385.0459 697.5637 6301.2747 2258.1528;
	1926.8201 1247.5189 2195.7087 648.3088 1068.0852 1402.7126 1144.3555 397.7993 703.3422 6263.7255 2389.7;
	1957.3786 1269.536 2190.3234 654.5819 1095.4449 1460.6109 1191.2 404.9419 745.2095 6425.0437 2515.8703;
	1965.0275 1257.1669 2201.7866 648.2456 1060.0149 1416.7477 1150.8917 395.2397 718.3514 6142.2995 2427.4095;
	1938.2729 1181.1866 2065.7265 627.3423 981.5 1298.9859 1106.2496 353.3 672.7314 5789.2154 2277.3719;
	1827.2467 1089.752 1925.3855 616.7418 954.1093 1237.1712 1042.0182 323.1934 615.2 5521.5552 2095.8096;
	1781.2261 1007.3416 1794.6 601.0858 906.6332 1173.1296 985.3101 294.0103 569.8661 5119.4 1933.7072;
	1692.9279 988.3 1808.5202 610.0079 861.1097 1140.3574 958.1321 320.5 545.2 5001.7074 1906.6838;
	1641.3507 964.8866 1708.1358 607.9599 834.0684 1110.517 905.4891 289.5 510.6545 4624.2962 1816.4557;
];
