function loadprofile = ex_load_profilesh1
%EX_LOAD_PROFILE  Example load profile data file for stochastic unit commitment.
% 2022.03.12
% Andres F. Ramirez

%% define constants
[CT_LABEL, CT_PROB, CT_TABLE, CT_TBUS, CT_TGEN, CT_TBRCH, CT_TAREABUS, ...
    CT_TAREAGEN, CT_TAREABRCH, CT_ROW, CT_COL, CT_CHGTYPE, CT_REP, ...
    CT_REL, CT_ADD, CT_NEWVAL, CT_TLOAD, CT_TAREALOAD, CT_LOAD_ALL_PQ, ...
    CT_LOAD_FIX_PQ, CT_LOAD_DIS_PQ, CT_LOAD_ALL_P, CT_LOAD_FIX_P, ...
    CT_LOAD_DIS_P, CT_TGENCOST, CT_TAREAGENCOST, CT_MODCOST_F, ...
    CT_MODCOST_X] = idx_ct;

loadprofile = struct( ...
    'type', 'mpcData', ...
    'table', CT_TAREALOAD, ...
    'rows', [1:11], ...
    'col', CT_LOAD_ALL_P, ...
    'chgtype', 1, ...
    'values', [] );
loadprofile.values(:,1,:) = [
	1461.6559 919.8 1519.6377 549.7721 756.0 1053.4798 813.9241 274.996 432.7415 4328.6673 1643.2743;
	1471.2 926.7 1538.5042 553.6973 777.564 1082.9023 817.1104 272.0645 371.1811 4291.7584 1644.8503;
	1466.5577 948.3182 1559.0352 563.7 785.9425 1085.7324 829.9357 266.1 383.4322 4305.5423 1671.4827;
	1537.2353 1029.5575 1693.5662 579.3678 844.1 1178.1326 900.5758 299.3499 430.4658 4545.6767 1783.9393;
	1679.7553 1131.6033 1876.2227 628.9566 966.3489 1315.2974 1004.5 341.1422 541.0664 5130.7046 2000.5852;
	1771.6608 1204.6306 1984.3863 631.5 1033.1917 1423.3016 1078.6 365.2729 600.8552 5760.3538 2168.8626;
	1839.376 1218.7 1960.6186 619.914 1041.8 1412.9 1091.1804 370.1472 621.962 6086.734 2149.1413;
	1829.7524 1242.8538 2046.802 596.4 1061.7057 1441.7382 1104.0939 363.4 654.151 6270.3108 2152.7918;
	1850.0949 1218.7745 1996.5066 587.0884 1060.0 1456.9234 1092.6821 355.5505 654.6565 6247.5098 2065.3311;
	1805.47 1220.2776 2002.2403 571.2629 1055.5439 1473.1755 1103.1615 344.415 661.6142 6287.7991 2067.1469;
	1807.1079 1199.9819 1941.5946 585.5595 1025.8466 1426.2494 1089.4529 373.3306 658.6 6276.0664 2043.7288;
	1800.8529 1214.9705 1966.9975 564.917 1017.8081 1408.9287 1104.3109 360.8017 655.9218 6293.8656 2040.2623;
	1777.6598 1186.4572 1922.4272 564.2 1014.572 1433.2879 1107.6778 381.9113 659.7998 6300.112 2121.0374;
	1671.7982 1190.1469 1865.2723 567.8 974.9637 1402.4 1085.9348 393.0832 676.2139 6266.9679 2148.2;
	1739.527 1207.9764 1871.3315 579.5 959.5136 1399.3715 1091.1741 399.2906 696.91 6330.9311 2239.8531;
	1783.7579 1226.2602 1891.9982 582.1218 983.2694 1451.7204 1126.6 401.3028 698.4909 6366.3472 2330.5626;
	1840.2769 1259.6456 1982.5353 590.5 1038.5083 1552.9228 1179.7056 398.6 706.1905 6261.902 2447.9921;
	1879.7842 1309.6371 2081.3761 622.2427 1075.9214 1590.7887 1227.0648 423.7734 740.2525 6346.7928 2563.3754;
	1892.2433 1308.6872 2085.8 613.6 1094.9708 1548.9415 1256.6527 441.4156 728.1 6202.6749 2563.0883;
	1800.7064 1209.771 1939.8784 599.7052 1000.4 1431.7184 1155.1 409.1012 698.7 5934.5968 2380.6851;
	1677.7605 1133.9457 1830.295 559.0 929.9532 1332.4977 1077.7181 359.9214 641.0192 5577.1 2166.6204;
	1595.3805 1060.1278 1740.6376 546.0345 861.8283 1253.2227 985.1483 332.8507 577.4925 5154.7234 1954.3;
	1458.9847 989.5748 1587.2261 547.2 805.8364 1156.4 924.7086 306.0601 496.4936 4773.2236 1779.0;
	1456.5273 984.7374 1556.6476 556.9193 791.3274 1158.3588 889.5131 290.9693 456.5325 4481.6542 1726.1141;
];
