function loadprofile = ex_load_profilesh1
%EX_LOAD_PROFILE  Example load profile data file for stochastic unit commitment.
% 2022.03.12
% Andres F. Ramirez

%% define constants
[CT_LABEL, CT_PROB, CT_TABLE, CT_TBUS, CT_TGEN, CT_TBRCH, CT_TAREABUS, ...
    CT_TAREAGEN, CT_TAREABRCH, CT_ROW, CT_COL, CT_CHGTYPE, CT_REP, ...
    CT_REL, CT_ADD, CT_NEWVAL, CT_TLOAD, CT_TAREALOAD, CT_LOAD_ALL_PQ, ...
    CT_LOAD_FIX_PQ, CT_LOAD_DIS_PQ, CT_LOAD_ALL_P, CT_LOAD_FIX_P, ...
    CT_LOAD_DIS_P, CT_TGENCOST, CT_TAREAGENCOST, CT_MODCOST_F, ...
    CT_MODCOST_X] = idx_ct;

loadprofile = struct( ...
    'type', 'mpcData', ...
    'table', CT_TAREALOAD, ...
    'rows', [1:11], ...
    'col', CT_LOAD_ALL_P, ...
    'chgtype', 1, ...
    'values', [] );
loadprofile.values(:,1,:) = [
	1361.4669 846.9899 1508.9985 458.8336 765.475 1085.3941 823.9145 247.2 445.7556 4270.2673 1493.4297;
	1392.2144 881.0 1556.9905 493.7186 773.9348 1069.4105 833.5184 245.4908 446.4941 4294.7377 1501.7507;
	1391.7096 900.5987 1588.6006 521.9551 789.6487 1108.8299 849.4558 256.6367 475.6326 4344.3654 1621.2108;
	1493.244 972.6203 1711.8357 540.6 849.8709 1188.8 898.9732 273.3 508.2279 4572.5953 1721.9747;
	1584.4408 1044.5781 1887.1349 565.4363 952.8 1312.9218 987.5202 299.7 571.4642 4992.6967 1965.107;
	1695.5905 1142.8764 1994.8796 581.2288 1005.0 1412.5305 1050.9723 336.7452 622.8098 5580.8494 2109.5784;
	1757.881 1197.3186 2024.3 564.7699 1032.1 1409.3102 1094.5 360.1763 663.0 5963.2466 2189.8854;
	1790.0672 1207.4131 2064.2807 565.0035 1054.913 1456.6988 1098.0 336.5989 654.0167 6085.418 2131.3931;
	1830.8778 1230.7 2103.3394 566.1 1073.2892 1457.7302 1113.8304 332.0875 650.5589 6318.1625 2186.9016;
	1875.5426 1248.7283 2109.3989 567.8206 1059.2625 1473.1977 1081.8953 339.5813 647.6204 6224.4301 2174.8158;
	1845.2018 1269.7009 2123.5816 568.5069 1031.3214 1470.8639 1087.9923 345.0 667.044 6328.1296 2166.5519;
	1847.099 1267.2874 2118.6742 575.1437 1017.2646 1453.4923 1040.4183 339.5395 664.7 6168.2575 2111.4094;
	1825.8373 1236.3564 2069.0141 576.0803 1008.0657 1458.6395 1026.8819 330.8105 643.8954 5939.0729 2012.4091;
	1707.6156 1197.6 2072.1059 582.3435 1001.8473 1447.5826 1048.5576 317.5295 662.5367 6214.7268 2060.623;
	1652.7549 1202.8332 2038.4014 574.4798 999.4 1468.346 1038.8248 313.4608 645.168 6119.4 2100.9214;
	1624.2475 1205.982 2082.552 578.5569 988.0705 1480.161 1056.3917 330.6807 673.8833 6224.1928 2212.0;
	1642.0477 1223.0226 2100.1567 577.1838 1015.2097 1502.2345 1072.0866 340.3508 690.1369 6147.0589 2313.4878;
	1738.1476 1247.2452 2138.6657 582.4999 1045.6215 1552.9414 1144.3846 359.3782 731.0381 6170.46 2412.8594;
	1712.0272 1218.5225 2095.3294 585.5823 1013.0313 1551.1754 1131.7853 350.1693 727.1053 6107.2847 2402.3181;
	1722.2468 1166.5455 1986.3789 572.301 979.217 1461.1712 1066.9017 341.3732 687.3292 5934.2693 2287.2362;
	1626.8489 1089.2994 1842.3 550.1331 914.2307 1348.8953 979.3245 305.143 643.3377 5521.9813 2053.8125;
	1557.7091 1013.2864 1730.4043 532.7684 867.9011 1256.7208 937.2013 293.7715 588.7779 5097.304 1914.0193;
	1453.7383 909.8692 1600.2878 521.6832 815.7507 1141.3591 864.9269 257.788 530.5001 4598.7063 1726.6664;
	1464.1172 903.3827 1628.2 480.0165 832.5951 1138.7871 843.523 255.7829 479.1824 4217.1048 1726.3119;
];
