function solarprofile = ex_solar_profilesh1
%EX_WIND_PROFILE_D  Example wind_load_nyiso profile data for deterministic unit commitment.
% 2022.03.12
% Andres F. Ramirez


%% define constants
[GEN_BUS, PG, QG, QMAX, QMIN, VG, MBASE, GEN_STATUS, PMAX, PMIN, ...
    MU_PMAX, MU_PMIN, MU_QMAX, MU_QMIN, PC1, PC2, QC1MIN, QC1MAX, ...
    QC2MIN, QC2MAX, RAMP_AGC, RAMP_10, RAMP_30, RAMP_Q, APF] = idx_gen;
[CT_LABEL, CT_PROB, CT_TABLE, CT_TBUS, CT_TGEN, CT_TBRCH, CT_TAREABUS, ...
    CT_TAREAGEN, CT_TAREABRCH, CT_ROW, CT_COL, CT_CHGTYPE, CT_REP, ...
    CT_REL, CT_ADD, CT_NEWVAL, CT_TLOAD, CT_TAREALOAD, CT_LOAD_ALL_PQ, ...
    CT_LOAD_FIX_PQ, CT_LOAD_DIS_PQ, CT_LOAD_ALL_P, CT_LOAD_FIX_P, ...
    CT_LOAD_DIS_P, CT_TGENCOST, CT_TAREAGENCOST, CT_MODCOST_F, ...
    CT_MODCOST_X] = idx_ct;

solarprofile = struct( ...
    'type', 'mpcData', ...
    'table', CT_TGEN, ...
    'rows', [1:12], ...
    'col', PMAX, ...
    'chgtype', 1, ...
    'values', [] );
solarprofile.values(:,1,:) = [
	0.0 0.0 0.0 0.0 0.0 0.0 0.0 0.0 0.0 0.0 0.0 0.0;
	0.0 0.0 0.0 0.0 0.0 0.0 0.0 0.0 0.0 0.0 0.0 0.0;
	0.0 0.0 0.0 0.0 0.0 0.0 0.0 0.0 0.0 0.0 0.0 0.0;
	0.0 0.0 0.0 0.0 0.0 0.0 0.0 0.0 0.0 0.0 0.0 0.0;
	0.0 0.0 0.0 0.0 0.0 0.0 0.0 0.0 0.0 0.0 0.0 0.0;
	0.0 0.0 0.002 0.0 0.0 0.0 0.0 0.0 0.0 0.0 0.0 0.0;
	2.0292 1.8935 1.3464 0.3835 2.1023 160.1847 20.0231 28.0714 65.1957 69.5459 39.2748 125.948;
	5.2282 8.1428 6.8531 1.9577 8.9195 362.3032 45.2879 71.1464 135.7074 182.7239 69.992 330.914;
	15.6309 15.6051 13.3329 6.2744 11.7236 395.3523 49.419 73.3796 166.2641 301.8506 164.6154 546.6533;
	25.8697 16.0491 13.0014 10.8865 9.2102 367.6677 45.9585 64.0292 186.1054 245.8778 197.3437 445.2862;
	26.334 16.5484 13.2602 10.8986 8.1168 366.3731 45.7966 64.3093 187.9775 285.9723 220.6685 517.8975;
	26.3996 16.6083 13.7466 10.3495 7.3109 367.9943 45.9993 67.6258 191.2493 296.5572 225.9405 537.0669;
	26.5566 16.6083 13.8 9.8344 9.931 412.4414 51.5552 77.9634 189.3961 173.9908 174.9352 315.0983;
	23.6695 16.6083 13.8 9.8753 11.1355 424.7365 53.0921 79.0565 183.6997 92.8434 120.5903 168.14;
	17.2242 11.0151 8.3187 5.0836 10.4692 417.9 52.2375 77.2784 168.5625 31.0683 66.3498 56.2648;
	3.0181 1.8095 0.8625 1.8243 4.9349 289.7998 36.225 52.4391 102.0888 10.7488 9.5213 19.4662;
	0.7157 0.6047 0.3832 1.245 2.436 48.3811 6.0476 10.8421 24.9475 20.7062 16.6311 37.4991;
	0.0 0.0 0.0 0.0 0.0 0.0 0.0 0.0 0.0 0.0 0.0 0.0;
	0.0 0.0 0.0 0.0 0.0 0.0 0.0 0.0 0.0 0.0 0.0 0.0;
	0.0 0.0 0.0 0.0 0.0 0.0 0.0 0.0 0.0 0.0 0.0 0.0;
	0.0 0.0 0.0 0.0 0.0 0.0 0.0 0.0 0.0 0.0 0.0 0.0;
	0.0 0.0 0.0 0.0 0.0 0.0 0.0 0.0 0.0 0.0 0.0 0.0;
	0.0 0.0 0.0 0.0 0.0 0.0 0.0 0.0 0.0 0.0 0.0 0.0;
	0.0 0.0 0.0 0.0 0.0 0.0 0.0 0.0 0.0 0.0 0.0 0.0;
];
