function windprofile = ex_wind_profilesh1
%EX_WIND_PROFILE_D  Example wind_load_nyiso profile data for deterministic unit commitment.
% 2022.03.12
% Andres F. Ramirez


%% define constants
[GEN_BUS, PG, QG, QMAX, QMIN, VG, MBASE, GEN_STATUS, PMAX, PMIN, ...
    MU_PMAX, MU_PMIN, MU_QMAX, MU_QMIN, PC1, PC2, QC1MIN, QC1MAX, ...
    QC2MIN, QC2MAX, RAMP_AGC, RAMP_10, RAMP_30, RAMP_Q, APF] = idx_gen;
[CT_LABEL, CT_PROB, CT_TABLE, CT_TBUS, CT_TGEN, CT_TBRCH, CT_TAREABUS, ...
    CT_TAREAGEN, CT_TAREABRCH, CT_ROW, CT_COL, CT_CHGTYPE, CT_REP, ...
    CT_REL, CT_ADD, CT_NEWVAL, CT_TLOAD, CT_TAREALOAD, CT_LOAD_ALL_PQ, ...
    CT_LOAD_FIX_PQ, CT_LOAD_DIS_PQ, CT_LOAD_ALL_P, CT_LOAD_FIX_P, ...
    CT_LOAD_DIS_P, CT_TGENCOST, CT_TAREAGENCOST, CT_MODCOST_F, ...
    CT_MODCOST_X] = idx_ct;

windprofile = struct( ...
    'type', 'mpcData', ...
    'table', CT_TGEN, ...
    'rows', [1:45], ...
    'col', PMAX, ...
    'chgtype', 1, ...
    'values', [] );
windprofile.values(:,1,:) = [
	3.6507 49.3294 89.052 103.3229 13.9618 32.1352 27.2913 17.8436 26.3849 30.4385 56.2651 83.9364 126.3658 68.5653 200.9038 75.6894 93.9109 99.5175 43.3355 70.2961 9.0971 74.9821 72.4836 87.0212 102.4778 73.9836 13.5381 1123.304 699.3748 699.3748 613.0331 108.8263 144.4516 180.9424 214.9615 298.3999 1135.9086 234.9677 441.5605 274.494 117.6055 356.4861 128.2812 264.2883 1147.7409;
	3.6239 48.9664 91.4623 109.9732 13.9513 30.1436 25.6367 18.2401 25.8144 28.5958 52.8588 78.855 118.7157 68.7146 194.2621 73.1871 90.8062 96.2275 37.6418 71.0723 8.5456 70.335 66.7143 87.7279 102.4683 74.8007 13.3748 1178.3942 695.4891 695.4891 567.4903 109.8129 125.4726 182.9402 215.4295 296.742 1165.4008 236.8067 428.4176 274.4688 119.7964 334.3929 109.2195 273.318 1177.5404;
	3.7313 50.4182 92.3148 57.6965 14.3402 32.8356 27.2024 17.9902 27.1997 29.7251 54.9464 81.9693 123.4043 69.4084 197.4056 74.3714 92.2756 97.7846 35.177 69.9635 9.0675 76.6164 68.946 87.0782 103.0595 72.9531 13.6697 1225.5287 711.3998 711.3998 560.0655 107.305 117.2568 180.0863 217.6047 303.5306 1220.7628 235.0763 444.0855 276.0521 119.2166 364.2564 124.1859 271.4048 1233.479;
	3.6284 49.0274 89.5691 75.3217 14.3053 32.7665 26.2203 17.9174 27.4365 30.1778 55.7832 83.2176 125.2837 68.3818 200.7857 75.6449 93.8556 99.459 44.8789 71.1324 8.7401 76.4551 64.7147 85.7769 100.1721 72.6734 13.4307 1301.5483 737.9633 737.9633 541.0244 93.4559 149.5965 183.0949 214.3862 314.8644 1156.2243 249.3191 448.8174 268.3181 117.4063 363.4894 157.566 269.601 1168.2683;
	3.4823 47.0541 88.874 113.7313 14.137 32.1434 21.2233 18.1389 26.8832 30.9045 57.1265 85.2216 128.3006 68.8468 192.3784 72.4774 89.9257 95.2944 75.9568 69.7706 7.0744 75.0013 60.2139 85.9072 101.8487 73.0269 13.4546 1242.9515 684.2384 684.2384 534.8541 98.5412 253.1892 179.5898 215.8441 291.9417 1200.2212 249.2806 447.0764 272.8091 118.1031 356.5777 161.9996 259.5063 1212.7235;
	3.6301 49.0503 88.9084 113.7174 14.2388 31.9536 25.2797 17.9349 26.6256 30.6684 56.6901 84.5704 127.3203 67.8872 193.1893 72.7829 90.3048 95.6961 77.868 70.0478 8.4266 74.5585 68.4399 86.3587 103.0388 71.567 13.5265 1305.615 721.8866 721.8866 510.668 96.1615 259.5601 180.3031 212.8355 308.0049 1182.7244 237.4848 437.428 275.9967 115.6809 354.4723 153.4796 262.0088 1195.0445;
	3.6196 48.9094 92.0115 117.2328 14.7479 31.9203 27.2082 18.1776 26.6759 30.2467 55.9105 83.4075 125.5696 66.4202 193.0917 72.7462 90.2591 95.6477 83.3984 69.7358 9.0694 74.4808 71.2987 88.5754 102.5174 74.6618 13.4435 1297.5841 704.6481 704.6481 521.709 98.7932 277.9946 179.5002 208.2364 300.6499 1137.347 263.7798 440.4067 274.6001 119.0968 354.1029 170.6929 265.4231 1149.1944;
	3.579 48.3599 89.9089 115.553 14.4298 31.1236 25.4757 17.7473 26.8162 29.036 53.6727 80.0691 120.5436 67.499 197.7909 74.5166 92.4558 97.9755 83.9667 69.7008 8.4919 72.6217 71.6268 88.0296 104.327 73.3995 13.0151 1192.3778 672.6565 672.6565 486.0367 83.8186 279.8889 179.4101 211.6186 287.0001 1078.7421 252.2937 438.4542 279.4472 113.576 345.2644 162.6303 258.1107 1089.979;
	3.6364 49.1351 90.4994 115.7129 14.4086 28.9075 26.02 17.2604 27.8748 30.5336 56.4409 84.1987 126.7607 69.3004 200.7774 75.6417 93.8517 99.4548 89.3643 70.015 8.6733 67.4508 72.6519 88.1777 103.7082 73.2575 13.0704 1235.3021 762.673 762.673 550.8544 78.8346 297.881 180.2188 217.266 325.4071 1144.9671 284.9473 455.8081 277.7897 119.9702 320.6803 152.0862 268.5213 1156.8938;
	3.8606 52.1648 92.8234 117.5048 14.4242 32.6936 28.7866 17.6851 28.0242 31.0453 57.3867 85.6097 128.885 68.57 200.8855 75.6825 93.9023 99.5084 91.0977 70.7551 9.5955 76.2851 73.2713 89.0322 105.4688 72.7691 13.3835 1171.8021 725.1682 725.1682 607.1569 90.1114 303.6591 182.1237 214.9761 309.4051 1114.7084 292.4325 460.5162 282.5057 123.2032 362.6812 148.1737 269.6993 1126.32;
	3.8405 51.8936 90.6768 113.4564 14.5308 31.9611 26.5946 17.7185 28.1383 30.7192 56.7839 84.7104 127.5311 66.8343 196.9441 74.1975 92.0599 97.556 88.2879 71.8449 8.8649 74.5759 73.6256 88.7241 102.5933 72.0966 12.9492 1106.986 710.4069 710.4069 550.6955 90.6356 294.2931 184.9289 209.5344 303.1069 1042.0789 274.8831 456.2647 274.8034 122.1454 354.555 140.9556 269.9317 1052.9339;
	3.816 51.562 90.0975 113.3249 14.3584 31.8215 25.479 17.6814 27.5948 30.2046 55.8328 83.2916 125.395 66.939 197.0418 74.2343 92.1056 97.6044 88.714 70.2461 8.493 74.2502 72.1531 87.1975 102.9371 71.8284 12.9874 993.4025 713.6341 713.6341 577.9565 96.9336 295.7134 180.8136 209.8629 304.4839 1033.6851 264.5294 445.211 275.7244 120.0047 353.0066 125.9501 266.2783 1044.4526;
	3.8187 51.5996 90.1 110.7766 14.6494 32.3731 28.159 17.3445 27.3037 30.5717 56.5113 84.3038 126.9189 68.0278 198.9226 74.9429 92.9848 98.5361 88.149 70.4266 9.3863 75.5373 72.4809 88.5901 101.8987 71.844 12.8125 1017.6084 746.8507 746.8507 597.7024 101.3279 293.8299 181.2782 213.2764 318.6563 1022.9331 279.9558 450.1471 272.943 120.3533 359.1258 139.8361 268.8882 1033.5886;
	3.8575 52.1234 93.488 113.3218 14.7815 32.4521 28.2097 17.7783 27.3431 30.0681 55.5804 82.915 124.828 66.5516 199.4915 75.1573 93.2507 98.8179 89.6906 71.6888 9.4032 75.7215 71.1908 89.6401 103.9035 73.3651 13.3449 942.0539 689.1802 689.1802 624.8534 97.6109 298.9686 184.5271 208.6481 294.0502 961.9499 281.6755 439.7717 278.313 120.6662 360.0017 134.6034 277.7756 971.9702;
	3.8558 52.0999 94.1767 117.3224 15.0437 32.2507 24.4369 18.3737 26.9737 31.0566 57.4076 85.6408 128.9317 67.7055 197.0974 74.2553 92.1316 97.632 87.9996 72.2855 8.1456 75.2517 73.0648 89.5428 104.9983 74.0266 13.3929 927.5815 709.9508 709.9508 573.9037 96.6812 293.3321 186.063 212.2658 302.9123 913.5307 291.1993 442.0137 281.2455 120.3821 357.7679 161.5966 268.0205 923.0467;
	3.8398 51.8836 94.1643 118.8208 14.9484 31.9727 23.776 17.982 26.0947 30.8408 57.0087 85.0458 128.0359 66.8425 201.0613 75.7487 93.9845 99.5955 86.1416 71.1329 7.9253 74.603 74.693 89.9391 104.9295 73.5868 13.6873 1037.2374 720.4831 720.4831 547.5248 95.8402 287.1387 183.0964 209.5602 307.4061 998.2211 259.0808 435.0445 281.0611 122.9176 354.684 168.8687 258.5376 1008.6192;
	3.7371 50.4963 92.3839 116.668 15.0326 32.1495 23.927 18.0044 26.2688 30.8734 57.0689 85.1356 128.1712 64.9348 196.53 74.0415 91.8664 97.3509 86.71 72.2423 7.9757 75.0156 74.8485 89.5119 103.4096 73.5864 13.0106 1078.8008 733.3967 733.3967 596.8116 91.1576 289.0333 185.9519 203.5795 312.9159 1096.3363 266.9134 433.4666 276.9901 122.7531 356.6455 177.9114 236.7263 1107.7564;
	3.8421 51.9156 90.4305 112.7193 14.5326 31.5605 22.3621 14.8248 26.0591 29.2859 54.1345 80.7581 121.5809 63.6715 189.6141 71.436 88.6336 93.9251 85.3855 72.1152 7.454 73.6411 71.8496 87.1828 104.1626 66.5476 11.9505 1174.7794 718.5465 718.5465 626.3091 92.1515 284.6183 185.6246 199.6187 306.5799 1120.6523 283.2304 424.4366 279.007 119.4243 350.1108 175.47 238.4976 1132.3258;
