function loadprofile = ex_load_profilesh1
%EX_LOAD_PROFILE  Example load profile data file for stochastic unit commitment.
% 2022.03.12
% Andres F. Ramirez

%% define constants
[CT_LABEL, CT_PROB, CT_TABLE, CT_TBUS, CT_TGEN, CT_TBRCH, CT_TAREABUS, ...
    CT_TAREAGEN, CT_TAREABRCH, CT_ROW, CT_COL, CT_CHGTYPE, CT_REP, ...
    CT_REL, CT_ADD, CT_NEWVAL, CT_TLOAD, CT_TAREALOAD, CT_LOAD_ALL_PQ, ...
    CT_LOAD_FIX_PQ, CT_LOAD_DIS_PQ, CT_LOAD_ALL_P, CT_LOAD_FIX_P, ...
    CT_LOAD_DIS_P, CT_TGENCOST, CT_TAREAGENCOST, CT_MODCOST_F, ...
    CT_MODCOST_X] = idx_ct;

loadprofile = struct( ...
    'type', 'mpcData', ...
    'table', CT_TAREALOAD, ...
    'rows', [1:11], ...
    'col', CT_LOAD_ALL_P, ...
    'chgtype', 1, ...
    'values', [] );
loadprofile.values(:,1,:) = [
	1458.225 910.4 1557.4416 574.3077 791.3764 1122.4453 870.749 266.2501 471.9538 4542.1413 1627.5721;
	1451.153 905.1 1566.8754 573.0541 772.9 1101.8912 845.9452 255.4 446.7308 4399.0542 1592.5306;
	1475.8843 928.8 1606.6207 579.01 778.2608 1125.6125 850.3 267.9824 464.855 4459.764 1629.2981;
	1558.9781 991.1495 1705.9008 582.9926 833.3936 1197.3917 920.4 294.6 506.0843 4712.8029 1765.3047;
	1746.5581 1146.9724 1921.7405 622.8759 958.4576 1356.7026 1030.666 329.0 593.1181 5264.4753 2020.3512;
	1853.9937 1238.6403 2047.2396 630.0 1016.6981 1436.0207 1106.782 356.2308 673.0 5902.2803 2192.2696;
	1867.4542 1209.012 2071.4532 626.2512 1042.2219 1467.0527 1137.1838 361.8823 693.0724 6289.9967 2224.2;
	1907.8932 1227.0 2109.8986 628.2669 1053.366 1460.6782 1184.2128 367.5 709.6898 6533.6672 2254.8981;
	1912.3813 1233.6818 2134.3727 621.8 1059.9613 1406.8091 1132.8558 359.517 695.6076 6485.6495 2191.0825;
	1849.9462 1243.6964 2129.1306 630.3334 1054.9536 1437.259 1136.1167 356.0 673.1814 6454.9564 2137.5722;
	1857.4875 1230.2411 2108.9674 635.6389 1035.5616 1416.001 1153.2186 360.1626 666.7589 6637.6133 2152.0893;
	1850.4729 1222.0575 2095.3304 636.5054 1054.8598 1443.123 1140.821 346.3 645.8704 6559.773 2123.7166;
	1884.8815 1260.4627 2122.0323 637.9075 1040.9 1456.7413 1155.7702 354.5131 655.5615 6603.2743 2217.7797;
	1835.0606 1239.619 2075.9276 630.4035 1039.9388 1446.2668 1124.7163 354.2045 662.2507 6538.2822 2128.7193;
	1808.4915 1246.8781 2083.7522 632.155 1043.9 1428.1 1116.3571 360.6256 671.7552 6626.7952 2218.6266;
	1803.4357 1222.7716 2078.2161 635.861 1062.9078 1442.3 1119.2061 378.7 674.6592 6427.5483 2265.0656;
	1850.9813 1240.7008 2110.2 640.0423 1066.1314 1474.023 1139.6425 395.6 688.1 6343.4387 2403.0865;
	1915.1432 1283.4065 2158.0175 646.2773 1130.3986 1538.2011 1257.4584 409.2268 730.9 6400.0321 2550.6516;
	1919.016 1282.1 2120.4503 646.1893 1126.9056 1506.0051 1247.6968 399.9523 724.2442 6212.6365 2498.5672;
	1832.7006 1192.0338 1975.3103 635.9541 1069.6 1421.5465 1169.3111 375.9 693.0941 5923.7583 2351.575;
	1744.1557 1104.3826 1834.561 609.2954 980.8086 1308.243 1045.3219 325.3708 625.8514 5521.0298 2153.1906;
	1632.9346 1034.1015 1715.1 590.7324 908.506 1244.1751 970.0011 303.3727 559.1 5166.8168 1943.4;
	1602.1611 992.7 1689.1346 593.0371 875.0879 1159.856 929.2 297.4608 546.4933 4824.364 1835.2709;
	1520.95 961.0245 1663.6187 585.2841 881.1818 1140.4 890.6021 291.5054 518.2257 4738.3952 1757.1;
];
