function windprofile = ex_wind_profilesh1
%EX_WIND_PROFILE_D  Example wind_load_nyiso profile data for deterministic unit commitment.
% 2022.03.12
% Andres F. Ramirez


%% define constants
[GEN_BUS, PG, QG, QMAX, QMIN, VG, MBASE, GEN_STATUS, PMAX, PMIN, ...
    MU_PMAX, MU_PMIN, MU_QMAX, MU_QMIN, PC1, PC2, QC1MIN, QC1MAX, ...
    QC2MIN, QC2MAX, RAMP_AGC, RAMP_10, RAMP_30, RAMP_Q, APF] = idx_gen;
[CT_LABEL, CT_PROB, CT_TABLE, CT_TBUS, CT_TGEN, CT_TBRCH, CT_TAREABUS, ...
    CT_TAREAGEN, CT_TAREABRCH, CT_ROW, CT_COL, CT_CHGTYPE, CT_REP, ...
    CT_REL, CT_ADD, CT_NEWVAL, CT_TLOAD, CT_TAREALOAD, CT_LOAD_ALL_PQ, ...
    CT_LOAD_FIX_PQ, CT_LOAD_DIS_PQ, CT_LOAD_ALL_P, CT_LOAD_FIX_P, ...
    CT_LOAD_DIS_P, CT_TGENCOST, CT_TAREAGENCOST, CT_MODCOST_F, ...
    CT_MODCOST_X] = idx_ct;

windprofile = struct( ...
    'type', 'mpcData', ...
    'table', CT_TGEN, ...
    'rows', [1:45], ...
    'col', PMAX, ...
    'chgtype', 1, ...
    'values', [] );
windprofile.values(:,1,:) = [
	3.5783 48.3511 88.8375 107.7682 14.2377 31.834 29.6977 17.8174 28.4897 30.361 56.1218 83.7227 126.0441 64.8995 197.5686 74.4328 92.3518 97.8654 34.2052 71.4742 9.8992 74.2793 73.5062 87.4341 102.1659 72.8244 13.5817 1079.0236 702.1163 702.1163 578.1789 111.7817 114.0174 183.9748 203.4686 299.5696 1118.8785 214.6213 460.0563 273.6585 117.771 353.1452 140.5152 260.8438 1130.5335;
	3.6867 49.8158 91.4611 114.809 14.3107 31.8348 30.4193 18.006 28.486 29.9279 55.3214 82.5286 124.2463 65.1677 195.1231 73.5115 91.2087 96.654 28.8627 72.0383 10.1398 74.2811 71.4006 86.23 99.5302 71.3891 13.2814 1081.0179 729.2454 729.2454 583.4463 112.472 96.2089 185.4268 204.3095 311.1447 1130.4348 225.2517 464.4593 266.5988 119.9257 353.1537 138.2893 271.4477 1142.2101;
	3.8673 52.2557 94.4506 69.2283 14.6028 34.0359 30.6366 18.1888 28.4268 29.7181 54.9335 81.9499 123.3751 67.6113 195.1445 73.5195 91.2187 96.6646 30.4405 70.259 10.2122 79.417 70.797 88.5657 103.6268 73.1204 13.6129 1142.7587 746.7831 746.7831 582.9432 113.5882 101.4685 180.8469 211.9706 318.6275 1197.3547 220.6201 462.7128 277.5719 121.4967 377.5712 145.9467 276.9349 1209.8272;
	3.8068 51.4382 92.481 86.4364 14.3411 33.0439 29.6144 17.9036 28.2917 29.1098 53.809 80.2724 120.8497 63.5489 200.7491 75.6311 93.8385 99.4408 41.7172 71.1074 9.8715 77.1024 60.7537 88.2383 102.9693 73.7039 13.3424 1164.79 737.2785 737.2785 560.3928 102.0061 139.0574 183.0306 199.2344 314.5722 1131.3156 234.2188 458.684 275.8106 120.5285 366.5667 175.8504 270.6438 1143.1002;
	3.5685 48.2188 92.3237 119.1864 14.5119 32.8328 24.6982 17.9441 27.895 30.6606 56.6757 84.549 127.2881 64.1 196.5588 74.0524 91.8798 97.3652 75.9526 70.8845 8.2327 76.6098 58.6171 87.2983 102.9109 73.5497 13.2563 1112.7053 672.5123 672.5123 517.1708 95.3018 253.1754 182.4569 200.9622 286.9386 1156.8504 223.2164 452.447 275.6542 117.9045 364.2248 189.6714 270.1753 1168.9009;
	3.7329 50.4393 90.7339 117.4722 14.4682 33.3574 30.2868 17.7658 28.3118 30.842 57.0109 85.0491 128.0409 66.8918 195.3116 73.5825 91.2968 96.7474 85.3539 71.6227 10.0956 77.834 69.5023 86.4904 104.2714 72.6151 13.3575 1132.8719 705.4092 705.4092 510.5637 99.3344 284.5129 184.357 209.7148 300.9746 1094.9918 219.9604 453.1977 279.2983 113.583 370.0451 200.2941 264.8371 1106.3979;
	3.6741 49.645 90.5575 119.3114 14.534 32.3015 31.0081 17.655 28.2726 30.8245 56.9786 85.0009 127.9684 65.2048 195.2266 73.5505 91.2571 96.7053 86.3992 71.608 10.336 75.3702 71.657 84.7548 100.9713 74.9482 13.1403 1213.9045 726.0716 726.0716 567.7787 96.8106 287.9974 184.3191 204.4259 309.7906 1122.765 238.7296 456.0809 270.4589 119.9272 358.3313 200.4457 259.5209 1134.4605;
	3.7611 50.8201 91.8891 119.4216 14.6853 33.3953 30.1477 18.6007 28.4361 30.702 56.7523 84.6632 127.46 64.6197 201.3743 75.8666 94.1308 99.7505 89.967 72.1415 10.0492 77.9223 73.7194 87.3238 106.1505 75.8818 13.8989 1128.6772 722.3082 722.3082 553.9355 82.2059 299.8899 185.6923 202.5914 308.1848 1108.8936 223.295 463.1315 284.3318 121.9801 370.4651 194.7592 260.4109 1120.4445;
	3.6877 49.8285 92.4622 118.0472 14.5634 32.1936 28.6072 17.5736 27.6013 30.6436 56.6442 84.5019 127.2172 66.3212 205.1557 77.2912 95.8984 101.6236 90.1736 71.7516 9.5357 75.1184 73.8646 85.5407 103.1265 73.8887 13.3063 1178.8802 784.716 784.716 592.4207 80.3361 300.5788 184.6887 207.9259 334.8121 1184.8834 261.8247 438.9045 276.2316 118.6646 357.1346 165.472 265.8012 1197.2259;
	3.6758 49.6678 92.4745 117.6394 14.8405 32.3102 29.4331 17.7087 28.2671 30.7885 56.912 84.9016 127.8188 67.1505 205.7795 77.5262 96.1899 101.9326 92.9234 71.5768 9.811 75.3904 73.3808 85.0685 101.9328 74.3538 13.2762 1097.1277 757.8276 757.8276 671.6935 94.4642 309.7446 184.2388 210.526 323.3398 1145.0727 284.2 451.2728 273.0343 120.9996 358.4277 152.0925 271.9675 1157.0005;
	3.7114 50.1498 93.7524 119.1554 14.6385 32.5002 26.7038 18.1145 27.4353 30.3364 56.0763 83.6548 125.9419 66.0539 205.716 77.5023 96.1603 101.9012 92.441 73.0851 8.9013 75.8337 73.5546 86.2624 104.3523 75.4017 13.6718 1094.7432 745.7877 745.7877 647.9193 94.6239 308.1367 188.1212 207.0879 318.2027 1099.6485 297.237 445.6199 279.515 120.4565 360.535 158.9561 275.9852 1111.1031;
	3.5731 48.2801 93.1327 118.8766 14.8517 32.4211 26.2083 17.7743 27.8043 30.5298 56.4339 84.1883 126.7449 66.7242 203.8643 76.8047 95.2947 100.9839 91.963 71.0558 8.7361 75.6493 74.5993 85.0254 101.9631 74.2236 13.559 985.2879 732.3235 732.3235 677.1267 102.8913 306.5433 182.8979 209.1893 312.458 1060.3146 301.79 443.0305 273.1153 119.215 359.6583 173.51 272.5551 1071.3595;
	3.6233 48.9581 93.6103 120.087 14.6363 32.5503 28.5957 18.1007 27.3987 30.4837 56.3487 84.0612 126.5537 67.2662 203.3053 76.5941 95.0334 100.7071 90.3099 71.3119 9.5319 75.9506 73.3957 87.8931 103.9675 76.4995 13.5227 981.2311 736.9908 736.9908 688.6647 111.4427 301.033 183.557 210.8885 314.4494 1015.7354 316.2873 448.3293 278.4843 118.4052 361.091 151.8525 271.4651 1026.316;
	3.6036 48.6921 93.4076 119.6731 14.621 32.2062 29.0702 18.1685 28.0021 30.9347 57.1823 85.3048 128.4258 65.4958 205.9203 77.5793 96.2558 102.0024 92.912 72.7458 9.6901 75.1479 75.0177 86.5733 101.2489 75.8907 13.7956 1040.1928 688.2158 688.2158 691.0149 103.0048 309.7065 187.248 205.3382 293.6388 992.5032 318.1705 468.2598 271.2025 120.6049 357.2744 143.9542 271.5784 1002.8418;
	3.7516 50.6917 94.9516 119.9931 15.3296 33.328 26.8921 18.8162 28.4846 30.4057 56.2045 83.846 126.2297 67.4739 204.0603 76.8785 95.3863 101.081 92.1561 73.0267 8.964 77.7653 72.8836 88.8357 104.4537 76.4767 14.0707 1044.4495 686.7786 686.7786 697.1731 108.6741 307.1869 187.9709 211.5399 293.0255 950.1487 337.3703 478.6645 279.7866 121.9089 369.7187 174.3509 273.506 960.046;
	3.6697 49.5859 92.9969 119.4724 15.1266 32.6475 28.2494 18.6391 28.4779 30.1064 55.6513 83.0208 124.9874 67.9273 203.7364 76.7565 95.2349 100.9206 91.0546 72.8295 9.4165 76.1775 72.8908 85.3742 102.734 76.2706 13.8237 1134.3313 704.7104 704.7104 686.5763 115.617 303.5152 187.4633 212.9612 300.6764 1020.0148 330.4534 475.5087 275.1803 121.227 362.1696 179.4061 264.6724 1030.64;
	3.4252 46.2824 89.5154 114.9405 14.6086 32.2152 24.6944 17.8971 27.7429 30.577 56.5211 84.3184 126.9409 64.9083 202.241 76.1931 94.5359 100.1798 90.4155 72.3027 8.2315 75.1688 73.1032 86.9353 101.7945 74.9792 12.7832 1078.3687 688.0743 688.0743 679.7308 114.1235 301.385 186.1074 203.4963 293.5784 1085.0748 296.2234 448.7708 272.6637 123.6346 357.374 177.0934 244.4976 1096.3777;
	3.576 48.3201 90.1455 113.4719 14.3892 31.104 25.3097 14.7947 28.1621 30.4494 56.2853 83.9665 126.4112 64.033 196.1476 73.8975 91.6876 97.1615 84.1443 67.9567 8.4366 72.576 70.6868 84.8621 100.7444 70.6774 11.844 1224.5624 674.42 674.42 681.827 106.0859 280.4811 174.9207 200.7522 287.7525 1128.094 308.836 453.3768 269.8512 123.3971 345.0469 178.4432 256.2874 1139.845;
