function windprofile = ex_wind_profilesh1
%EX_WIND_PROFILE_D  Example wind_load_nyiso profile data for deterministic unit commitment.
% 2022.03.12
% Andres F. Ramirez


%% define constants
[GEN_BUS, PG, QG, QMAX, QMIN, VG, MBASE, GEN_STATUS, PMAX, PMIN, ...
    MU_PMAX, MU_PMIN, MU_QMAX, MU_QMIN, PC1, PC2, QC1MIN, QC1MAX, ...
    QC2MIN, QC2MAX, RAMP_AGC, RAMP_10, RAMP_30, RAMP_Q, APF] = idx_gen;
[CT_LABEL, CT_PROB, CT_TABLE, CT_TBUS, CT_TGEN, CT_TBRCH, CT_TAREABUS, ...
    CT_TAREAGEN, CT_TAREABRCH, CT_ROW, CT_COL, CT_CHGTYPE, CT_REP, ...
    CT_REL, CT_ADD, CT_NEWVAL, CT_TLOAD, CT_TAREALOAD, CT_LOAD_ALL_PQ, ...
    CT_LOAD_FIX_PQ, CT_LOAD_DIS_PQ, CT_LOAD_ALL_P, CT_LOAD_FIX_P, ...
    CT_LOAD_DIS_P, CT_TGENCOST, CT_TAREAGENCOST, CT_MODCOST_F, ...
    CT_MODCOST_X] = idx_ct;

windprofile = struct( ...
    'type', 'mpcData', ...
    'table', CT_TGEN, ...
    'rows', [1:45], ...
    'col', PMAX, ...
    'chgtype', 1, ...
    'values', [] );
windprofile.values(:,1,:) = [
	3.9233 53.0122 94.2926 119.4285 15.277 33.4914 28.1586 19.1778 27.8848 30.2494 55.9155 83.415 125.5808 64.933 199.114 75.015 93.0742 98.6309 36.6937 72.0081 9.3862 78.1467 71.5163 89.8565 105.4205 76.0505 14.1487 1162.4875 700.5805 700.5805 622.6814 94.7863 122.3123 185.3491 203.5738 298.9144 1140.1206 235.6099 467.841 282.3764 119.8989 371.5318 150.3284 275.9963 1151.9969;
	3.9263 53.0531 95.1063 120.9958 15.253 33.3998 29.0963 19.1693 27.9173 29.7212 54.9391 81.9583 123.3878 65.2266 197.2108 74.298 92.1846 97.6881 36.6289 71.687 9.6988 77.9329 69.7909 89.8385 104.8558 75.8986 14.1297 1135.3127 683.0295 683.0295 607.2661 98.5211 122.0965 184.5225 204.4941 291.4259 1091.6558 244.7741 477.4278 280.8637 122.0312 370.5154 146.5166 279.9962 1103.0272;
	3.8728 52.3306 94.4294 71.0984 14.7372 32.7287 29.3889 19.0718 27.6758 28.5915 52.8509 78.8432 118.698 64.6756 201.9015 76.0652 94.3772 100.0117 39.5262 71.0828 9.7963 76.3669 63.0248 89.3689 104.1068 74.1827 14.1281 1121.2105 640.3925 640.3925 554.4722 108.3548 131.7541 182.9672 202.7669 273.2342 1088.4211 234.073 474.8743 278.8575 120.1764 363.0701 142.3558 278.7295 1099.7588;
	3.6362 49.1335 91.2734 84.0824 14.1523 31.8397 27.8572 18.3196 27.4067 28.9236 53.4649 79.7591 120.0769 63.9727 201.6176 75.9583 94.2445 99.8711 54.2996 70.8014 9.2857 74.2927 46.1138 85.4305 99.787 72.9719 13.7364 1163.414 645.2937 645.2937 511.2909 99.7375 180.9987 182.2431 200.5632 275.3253 1038.1984 248.8013 474.7523 267.2865 118.3053 353.2087 168.4217 266.6544 1049.013;
	3.3642 45.458 90.8433 118.4834 14.2761 31.9495 23.1393 18.1679 27.5826 29.302 54.1644 80.8026 121.6478 64.521 199.2253 75.057 93.1262 98.686 86.7693 69.6368 7.7131 74.5489 43.6859 85.5745 100.8595 72.3368 13.4683 1060.0976 584.7042 584.7042 479.7882 93.5841 289.231 179.2454 202.2822 249.4738 1044.0618 230.6089 470.6952 270.1594 120.6516 354.427 180.9818 261.5075 1054.9374;
	3.5946 48.5708 90.3444 119.4684 14.341 32.3997 27.1796 18.0545 26.7533 29.6703 54.8451 81.818 123.1766 63.7769 201.509 75.9173 94.1937 99.8172 93.0358 70.8592 9.0599 75.5993 63.3111 84.9991 102.0602 72.3176 13.6467 1160.0839 632.4002 632.4002 472.9791 95.2616 310.1195 182.3918 199.9493 269.8241 1024.4256 220.1115 464.4348 273.3756 118.5069 359.4206 192.1928 260.7946 1035.0967;
	3.6748 49.6548 93.9095 120.34 14.1085 32.8238 29.1762 18.2777 27.1546 29.6866 54.8752 81.863 123.2443 64.4406 204.4767 77.0354 95.5809 101.2873 93.0168 70.8933 9.7254 76.5888 72.1441 84.9979 102.2494 74.9417 13.7505 1215.9114 672.6581 672.6581 536.6839 96.5604 310.056 182.4796 202.0301 287.0008 1087.9758 250.1056 469.0202 273.8822 123.2635 364.125 203.1433 274.0515 1099.3089;
	3.591 48.5222 89.4742 120.1862 14.0994 32.3747 29.2444 18.2077 26.7602 29.0354 53.6715 80.0674 120.541 63.1647 200.4645 75.5238 93.7055 99.2999 91.8836 69.5454 9.7481 75.541 71.9211 84.6102 104.4805 73.6099 13.6295 1190.1022 638.3182 638.3182 505.6352 74.6703 306.2787 179.01 198.03 272.3491 1075.5033 232.3086 470.2304 279.8584 120.0714 359.1436 195.5237 266.2309 1086.7065;
	3.6305 49.0562 92.5703 121.2141 14.1331 33.2324 29.6716 18.072 27.857 30.0848 55.6113 82.9611 124.8975 66.0554 202.3481 76.2335 94.586 100.2329 92.7574 69.1983 9.8905 77.5424 72.3387 85.2863 104.4483 73.7743 13.4717 1156.1286 707.8149 707.8149 543.07 73.2009 309.1912 178.1166 207.0926 302.001 1121.8822 251.6711 473.3782 279.7721 122.2176 368.6585 183.7212 279.4826 1133.5685;
	3.558 48.0761 91.4712 120.35 14.1782 32.0586 28.8093 17.8395 26.1479 29.9618 55.3838 82.6218 124.3867 58.4389 201.0906 75.7597 93.9982 99.61 92.8379 68.9957 9.6031 74.8035 72.3528 85.3687 104.5032 72.9851 13.3895 1047.3494 680.8934 680.8934 607.5722 76.8876 309.4595 177.5951 183.2138 290.5145 1059.0152 272.3265 459.9046 279.9192 122.464 355.6371 161.5778 268.3581 1070.0466;
	3.6001 48.6447 90.5366 119.8617 14.1394 32.7587 26.643 17.9571 26.3217 31.1446 57.5703 85.8835 129.2971 64.9256 204.9202 77.2025 95.7883 101.507 93.0067 70.8265 8.881 76.4369 74.1527 86.935 103.5261 73.264 13.8782 1076.0195 720.7015 720.7015 666.2025 90.4203 310.0224 182.3075 203.5504 307.4993 1099.0084 310.337 474.6498 277.3022 123.9041 363.4029 171.1726 264.6486 1110.4565;
	3.6327 49.0861 91.7041 120.5191 14.1599 32.9165 27.0516 18.0805 26.7479 30.4024 56.1983 83.8368 126.2159 68.1955 203.0138 76.4843 94.8972 100.5627 92.9209 69.6763 9.0172 76.8052 73.7863 87.1444 105.5807 74.888 13.8107 988.2817 721.9649 721.9649 633.5855 86.1507 309.7363 179.347 213.8023 308.0384 1104.2482 280.2967 470.5261 282.8055 123.9279 365.1538 186.7023 273.9147 1115.7507;
	3.7912 51.2276 94.0192 121.0237 14.8492 32.639 29.3134 18.9472 26.9038 30.5375 56.448 84.2093 126.7767 69.6433 201.9143 76.07 94.3832 100.018 91.6614 69.8237 9.7711 76.1576 73.6551 89.9521 106.6538 75.6852 13.9519 1041.6741 760.3451 760.3451 681.2536 95.0107 305.5379 179.7264 218.3413 324.4139 1087.7272 298.1731 469.9499 285.6798 123.9689 362.0752 164.7552 273.0456 1099.0577;
	3.6398 49.1817 94.6897 120.8733 14.6612 33.4708 28.6475 19.1488 27.4185 31.0568 57.408 85.6415 128.9328 69.6927 202.6321 76.3405 94.7187 100.3736 92.7 71.3254 9.5492 78.0985 74.7894 89.8514 106.6586 76.3921 14.1422 1102.6469 725.8809 725.8809 712.6047 94.0125 309.0001 183.5919 218.4961 309.7092 1075.5943 313.9772 464.4332 285.6927 124.041 371.3028 154.9578 275.0898 1086.7984;
	3.6454 49.2579 92.1853 119.4747 14.1317 32.887 26.1171 19.042 26.2321 30.0505 55.548 82.8666 124.7552 69.5039 198.7006 74.8593 92.881 98.4261 89.154 70.4633 8.7057 76.7362 72.5301 88.7763 105.273 75.3333 13.8381 1051.506 722.7571 722.7571 703.8349 93.8613 297.1801 181.3728 217.9041 308.3764 953.6048 325.0938 456.984 281.9811 122.668 364.8259 176.2888 255.5991 963.5382;
	3.6014 48.6635 87.9185 113.8744 14.0389 32.348 27.6218 17.6692 26.5776 30.0879 55.617 82.9696 124.9103 69.575 196.3893 73.9885 91.8006 97.2812 87.5235 69.7983 9.2073 75.4786 74.4393 84.9588 101.1519 73.7594 13.384 1069.5168 740.9744 740.9744 694.1899 103.5043 291.7452 179.661 218.127 316.1491 1016.0491 325.908 458.4068 270.9427 118.0944 358.8469 180.8682 247.6827 1026.633;
	3.1751 42.9031 86.9698 115.1824 13.9939 32.0748 24.3568 17.3374 25.7913 30.1893 55.8045 83.2493 125.3314 67.8204 196.7348 74.1187 91.9621 97.4524 91.8006 71.3388 8.1189 74.8412 72.6073 86.1204 98.2751 72.6253 12.3784 1044.2969 710.6671 710.6671 688.0399 94.4609 306.0019 183.6263 212.6262 303.218 1073.0343 300.3956 448.2971 263.2368 115.8283 355.8164 182.7083 207.3934 1084.2117;
	3.3161 44.8072 86.763 114.8401 14.2041 31.8615 25.6877 15.7866 26.6451 30.0882 55.6175 82.9704 124.9115 67.386 195.3312 73.5899 91.306 96.7571 90.1886 72.3817 8.5626 74.3436 73.6127 84.7105 98.9135 69.5377 11.9182 1168.3411 709.2303 709.2303 712.1339 96.6497 300.6286 186.3106 211.2643 302.6049 1093.5402 314.5132 461.9763 264.9469 119.4004 353.4507 187.8781 229.933 1104.9312;
