function loadprofile = ex_load_profilesh1
%EX_LOAD_PROFILE  Example load profile data file for stochastic unit commitment.
% 2022.03.12
% Andres F. Ramirez

%% define constants
[CT_LABEL, CT_PROB, CT_TABLE, CT_TBUS, CT_TGEN, CT_TBRCH, CT_TAREABUS, ...
    CT_TAREAGEN, CT_TAREABRCH, CT_ROW, CT_COL, CT_CHGTYPE, CT_REP, ...
    CT_REL, CT_ADD, CT_NEWVAL, CT_TLOAD, CT_TAREALOAD, CT_LOAD_ALL_PQ, ...
    CT_LOAD_FIX_PQ, CT_LOAD_DIS_PQ, CT_LOAD_ALL_P, CT_LOAD_FIX_P, ...
    CT_LOAD_DIS_P, CT_TGENCOST, CT_TAREAGENCOST, CT_MODCOST_F, ...
    CT_MODCOST_X] = idx_ct;

loadprofile = struct( ...
    'type', 'mpcData', ...
    'table', CT_TAREALOAD, ...
    'rows', [1:11], ...
    'col', CT_LOAD_ALL_P, ...
    'chgtype', 1, ...
    'values', [] );
loadprofile.values(:,1,:) = [
	1445.6466 897.1165 1588.1459 566.0985 783.3491 1124.6904 816.7619 241.5993 445.0903 4164.4173 1367.6381;
	1431.3158 908.8966 1601.4398 553.5 797.1046 1136.8 823.0022 257.4304 443.9799 4120.6813 1444.9538;
	1460.9412 934.2636 1652.4273 560.4908 791.3 1184.7678 854.9863 264.7 450.1399 4248.2539 1494.5994;
	1541.2867 1005.4584 1745.0559 578.2 845.3616 1234.5074 884.4321 272.3 493.3435 4365.6108 1600.9837;
	1692.3819 1115.6726 1951.9166 600.4065 935.6 1392.6714 979.1865 309.4655 575.1526 5061.3115 1847.9865;
	1746.7506 1186.7949 2043.6 616.3108 1019.1059 1492.5214 1053.5182 341.2547 632.5342 5593.84 2011.2;
	1810.2078 1183.7074 2044.1473 594.0592 998.4853 1504.5514 1092.5559 339.2697 652.3 6048.5793 2069.1335;
	1852.2234 1217.8046 2059.7312 592.3018 1036.0295 1540.5451 1098.4912 366.227 680.2575 6393.3 2143.2108;
	1845.6151 1204.1737 2027.0839 572.7 1053.1 1540.0503 1104.8801 356.4281 691.2 6354.8 2086.4729;
	1845.4562 1187.7952 2039.9064 568.1 1073.0423 1556.4717 1091.266 339.0591 679.4057 6336.5576 2040.3399;
	1837.5173 1194.7518 1993.0616 569.0545 1050.8015 1565.1943 1076.091 332.6 684.8552 6218.4654 1980.1005;
	1847.3518 1138.6713 1984.0607 558.7673 1041.063 1521.6879 994.6 322.2068 666.1324 5874.121 1849.4836;
	1813.6953 1114.4411 1926.7771 564.2143 1005.6 1518.4847 993.5325 316.5471 663.0521 6151.1277 1850.7236;
	1783.0823 1134.907 1897.6134 557.0695 1005.5252 1467.3479 998.8187 304.0424 658.0322 6054.5771 1918.4;
	1795.7773 1172.5184 1963.251 573.5191 1018.6933 1554.2586 1040.3 330.4 654.7036 6185.7839 1911.5378;
	1794.3186 1181.5956 1992.5943 586.8219 1041.4312 1549.0354 1059.2882 338.9 651.0235 6165.6175 2118.8821;
	1786.6981 1185.3183 2012.4828 598.7 1017.7249 1483.221 1072.2112 335.2006 648.2113 6033.1133 2047.0383;
	1849.4534 1256.4066 2089.9572 607.1136 1061.4916 1573.1424 1131.2389 365.3347 690.648 5945.7879 2368.3086;
	1878.8964 1258.1937 2070.8 598.1404 1068.5716 1556.6913 1134.1906 375.2398 678.3034 5895.3724 2365.8354;
	1822.4 1195.5494 1964.9368 602.0 1010.2537 1466.8104 1050.5722 358.9 638.0221 5739.7049 2205.536;
	1730.3 1098.4636 1829.3832 576.5995 949.6119 1358.5212 969.3987 338.1 570.7714 5416.7721 1979.3822;
	1665.1532 1027.0614 1729.7337 557.0 889.3562 1262.7795 943.7137 303.5763 536.8138 5126.1776 1869.72;
	1575.3515 974.0199 1694.5035 575.7893 859.7996 1205.9137 911.3001 302.0 546.3371 4836.912 1808.0528;
	1558.8346 963.8082 1702.4455 586.2726 833.9204 1165.6702 864.8773 283.5044 510.7 4504.9716 1654.1114;
];
