function solarprofile = ex_solar_profilesh1
%EX_WIND_PROFILE_D  Example wind_load_nyiso profile data for deterministic unit commitment.
% 2022.03.12
% Andres F. Ramirez


%% define constants
[GEN_BUS, PG, QG, QMAX, QMIN, VG, MBASE, GEN_STATUS, PMAX, PMIN, ...
    MU_PMAX, MU_PMIN, MU_QMAX, MU_QMIN, PC1, PC2, QC1MIN, QC1MAX, ...
    QC2MIN, QC2MAX, RAMP_AGC, RAMP_10, RAMP_30, RAMP_Q, APF] = idx_gen;
[CT_LABEL, CT_PROB, CT_TABLE, CT_TBUS, CT_TGEN, CT_TBRCH, CT_TAREABUS, ...
    CT_TAREAGEN, CT_TAREABRCH, CT_ROW, CT_COL, CT_CHGTYPE, CT_REP, ...
    CT_REL, CT_ADD, CT_NEWVAL, CT_TLOAD, CT_TAREALOAD, CT_LOAD_ALL_PQ, ...
    CT_LOAD_FIX_PQ, CT_LOAD_DIS_PQ, CT_LOAD_ALL_P, CT_LOAD_FIX_P, ...
    CT_LOAD_DIS_P, CT_TGENCOST, CT_TAREAGENCOST, CT_MODCOST_F, ...
    CT_MODCOST_X] = idx_ct;

solarprofile = struct( ...
    'type', 'mpcData', ...
    'table', CT_TGEN, ...
    'rows', [1:12], ...
    'col', PMAX, ...
    'chgtype', 1, ...
    'values', [] );
solarprofile.values(:,1,:) = [
	0.0 0.0 0.0 0.0 0.0 0.0 0.0 0.0 0.0 0.0 0.0 0.0;
	0.0 0.0 0.0 0.0 0.0 0.0 0.0 0.0 0.0 0.0 0.0 0.0;
	0.0 0.0 0.0 0.0 0.0 0.0 0.0 0.0 0.0 0.0 0.0 0.0;
	0.0 0.0 0.0 0.0 0.0 0.0 0.0 0.0 0.0 0.0 0.0 0.0;
	0.0 0.0 0.0 0.0 0.0 0.0 0.0 0.0 0.0 0.0 0.0 0.0;
	0.0 0.0 0.002 0.0 0.0 0.0 0.0 0.0 0.0 0.0 0.0 0.0;
	8.6664 5.2993 8.7322 2.8613 5.6661 122.4279 15.3035 53.2874 29.3008 67.3992 39.853 122.0604;
	18.5391 13.9077 13.4202 6.1818 9.8669 317.1439 39.643 73.6954 38.0135 61.8965 107.7202 112.095;
	23.357 16.6029 13.8169 8.729 10.8852 350.9298 43.8662 75.1604 42.7712 110.4241 169.2321 199.9787;
	26.3107 16.6083 13.8 10.9795 7.5183 221.5211 27.6901 66.7956 68.8048 73.2583 169.5279 132.6712;
	26.334 16.6083 13.8024 11.0658 8.0355 277.7845 34.7231 67.726 102.6385 189.1423 213.3225 342.5379;
	26.335 16.6083 13.8625 10.5688 8.0499 321.3019 40.1627 68.3107 134.2637 277.0244 224.746 501.6929;
	23.8463 16.6083 13.8 8.1648 8.918 385.4313 48.1789 69.2762 168.1319 195.973 218.4439 354.9082;
	14.361 16.6083 13.2365 9.1615 9.169 398.7346 49.8418 69.0476 177.0025 167.3018 178.7853 302.9846;
	5.4021 12.6081 6.5073 7.1164 8.7596 384.826 48.1032 64.4866 167.7443 89.896 124.0676 162.8021;
	3.083 4.7206 3.333 5.5359 4.9563 268.4081 33.551 44.2287 98.7043 21.1556 30.6965 38.3129;
	0.8296 0.7846 0.4658 1.339 2.4869 53.603 6.7004 9.6215 20.3889 20.128 19.0182 36.4519;
	0.0 0.0 0.0 0.0 0.0 0.0 0.0 0.0 0.0 0.0 0.0 0.0;
	0.0 0.0 0.0 0.0 0.0 0.0 0.0 0.0 0.0 0.0 0.0 0.0;
	0.0 0.0 0.0 0.0 0.0 0.0 0.0 0.0 0.0 0.0 0.0 0.0;
	0.0 0.0 0.0 0.0 0.0 0.0 0.0 0.0 0.0 0.0 0.0 0.0;
	0.0 0.0 0.0 0.0 0.0 0.0 0.0 0.0 0.0 0.0 0.0 0.0;
	0.0 0.0 0.0 0.0 0.0 0.0 0.0 0.0 0.0 0.0 0.0 0.0;
	0.0 0.0 0.0 0.0 0.0 0.0 0.0 0.0 0.0 0.0 0.0 0.0;
];
