function solarprofile = ex_solar_profilesh1
%EX_WIND_PROFILE_D  Example wind_load_nyiso profile data for deterministic unit commitment.
% 2022.03.12
% Andres F. Ramirez


%% define constants
[GEN_BUS, PG, QG, QMAX, QMIN, VG, MBASE, GEN_STATUS, PMAX, PMIN, ...
    MU_PMAX, MU_PMIN, MU_QMAX, MU_QMIN, PC1, PC2, QC1MIN, QC1MAX, ...
    QC2MIN, QC2MAX, RAMP_AGC, RAMP_10, RAMP_30, RAMP_Q, APF] = idx_gen;
[CT_LABEL, CT_PROB, CT_TABLE, CT_TBUS, CT_TGEN, CT_TBRCH, CT_TAREABUS, ...
    CT_TAREAGEN, CT_TAREABRCH, CT_ROW, CT_COL, CT_CHGTYPE, CT_REP, ...
    CT_REL, CT_ADD, CT_NEWVAL, CT_TLOAD, CT_TAREALOAD, CT_LOAD_ALL_PQ, ...
    CT_LOAD_FIX_PQ, CT_LOAD_DIS_PQ, CT_LOAD_ALL_P, CT_LOAD_FIX_P, ...
    CT_LOAD_DIS_P, CT_TGENCOST, CT_TAREAGENCOST, CT_MODCOST_F, ...
    CT_MODCOST_X] = idx_ct;

solarprofile = struct( ...
    'type', 'mpcData', ...
    'table', CT_TGEN, ...
    'rows', [1:12], ...
    'col', PMAX, ...
    'chgtype', 1, ...
    'values', [] );
solarprofile.values(:,1,:) = [
	0.0 0.0 0.0 0.0 0.0 0.0 0.0 0.0 0.0 0.0 0.0 0.0;
	0.0 0.0 0.0 0.0 0.0 0.0 0.0 0.0 0.0 0.0 0.0 0.0;
	0.0 0.0 0.0 0.0 0.0 0.0 0.0 0.0 0.0 0.0 0.0 0.0;
	0.0 0.0 0.0 0.0 0.0 0.0 0.0 0.0 0.0 0.0 0.0 0.0;
	0.0 0.0 0.0 0.0 0.0 0.0 0.0 0.0 0.0 0.0 0.0 0.0;
	0.0 0.0 0.002 0.0 0.0 0.0 0.0 0.0421 0.0 0.0 0.0 0.0;
	10.2248 10.8358 8.305 6.7323 2.6608 263.186 32.8983 49.9386 84.4674 74.9129 41.1509 135.6677;
	17.3134 13.961 11.0575 8.6661 9.0378 388.1971 48.5246 71.2723 167.1074 308.5344 202.3024 558.7576;
	22.3079 16.4354 13.3306 10.427 11.7333 418.7126 52.3391 73.2133 200.1794 339.4156 249.8752 614.6836;
	22.493 13.1196 10.4466 11.2835 9.9124 431.0872 53.8859 68.1909 262.0198 345.8749 247.9027 626.3816;
	24.9932 13.5498 11.2521 11.4504 10.6723 433.0118 54.1265 66.8845 260.6511 347.6554 231.2776 629.6061;
	25.7623 14.745 11.3405 11.4717 11.1411 423.6736 52.9592 66.3407 252.5666 344.2006 224.9824 623.3494;
	21.9157 14.9454 7.0101 11.1856 11.4181 430.519 53.8149 71.249 227.71 279.8446 180.737 506.8003;
	11.545 13.4729 2.5297 9.9097 11.1561 428.3535 53.5442 73.6392 208.3062 245.4965 158.3117 444.5957;
	2.6711 5.604 1.146 5.0306 9.1842 416.6281 52.0785 72.3877 175.251 188.5556 126.867 341.4753;
	0.8531 0.9519 0.3649 2.9354 2.7265 237.9322 29.7415 47.3848 39.873 81.5368 61.2586 147.6637;
	0.6973 0.5839 0.3718 1.2705 2.4705 44.3343 5.5418 8.6333 19.5882 21.9483 18.8258 39.7485;
	0.0 0.0 0.0 0.0 0.0 0.0 0.0 0.0 0.0 0.0 0.0 0.0;
	0.0 0.0 0.0 0.0 0.0 0.0 0.0 0.0 0.0 0.0 0.0 0.0;
	0.0 0.0 0.0 0.0 0.0 0.0 0.0 0.0 0.0 0.0 0.0 0.0;
	0.0 0.0 0.0 0.0 0.0 0.0 0.0 0.0 0.0 0.0 0.0 0.0;
	0.0 0.0 0.0 0.0 0.0 0.0 0.0 0.0 0.0 0.0 0.0 0.0;
	0.0 0.0 0.0 0.0 0.0 0.0 0.0 0.0 0.0 0.0 0.0 0.0;
	0.0 0.0 0.0 0.0 0.0 0.0 0.0 0.0 0.0 0.0 0.0 0.0;
];
