function windprofile = ex_wind_profilesh1
%EX_WIND_PROFILE_D  Example wind_load_nyiso profile data for deterministic unit commitment.
% 2022.03.12
% Andres F. Ramirez


%% define constants
[GEN_BUS, PG, QG, QMAX, QMIN, VG, MBASE, GEN_STATUS, PMAX, PMIN, ...
    MU_PMAX, MU_PMIN, MU_QMAX, MU_QMIN, PC1, PC2, QC1MIN, QC1MAX, ...
    QC2MIN, QC2MAX, RAMP_AGC, RAMP_10, RAMP_30, RAMP_Q, APF] = idx_gen;
[CT_LABEL, CT_PROB, CT_TABLE, CT_TBUS, CT_TGEN, CT_TBRCH, CT_TAREABUS, ...
    CT_TAREAGEN, CT_TAREABRCH, CT_ROW, CT_COL, CT_CHGTYPE, CT_REP, ...
    CT_REL, CT_ADD, CT_NEWVAL, CT_TLOAD, CT_TAREALOAD, CT_LOAD_ALL_PQ, ...
    CT_LOAD_FIX_PQ, CT_LOAD_DIS_PQ, CT_LOAD_ALL_P, CT_LOAD_FIX_P, ...
    CT_LOAD_DIS_P, CT_TGENCOST, CT_TAREAGENCOST, CT_MODCOST_F, ...
    CT_MODCOST_X] = idx_ct;

windprofile = struct( ...
    'type', 'mpcData', ...
    'table', CT_TGEN, ...
    'rows', [1:45], ...
    'col', PMAX, ...
    'chgtype', 1, ...
    'values', [] );
windprofile.values(:,1,:) = [
	3.7064 50.0813 90.1092 110.3007 15.0 32.7264 28.1746 18.1819 26.8403 31.3798 58.0051 86.5322 130.2737 65.839 198.1006 74.6333 92.6005 98.1289 37.5347 72.0232 9.3915 76.3615 75.9087 88.0896 103.4147 72.7501 13.7221 1243.0582 717.2378 717.2378 626.3965 95.0533 125.1156 185.3879 206.4142 306.0215 1197.7013 229.6783 442.4612 277.0037 113.8848 363.0444 144.7137 263.3448 1210.1773;
	3.7514 50.6894 90.2785 118.1789 15.0539 32.0994 27.812 18.6651 26.2208 31.4044 58.0506 86.6001 130.3759 65.2337 194.0321 73.1005 90.6987 96.1136 34.8339 71.755 9.2707 74.8985 75.8272 86.7617 102.3505 71.4077 13.7706 1208.4835 705.1 705.1 595.8463 94.3338 116.113 184.6976 204.5166 300.8427 1161.2354 225.9785 434.4948 274.1532 119.9339 356.0889 136.5333 262.2312 1173.3316;
	3.8912 52.5781 91.7878 69.0336 15.0228 33.665 30.4792 18.8133 26.7521 31.1608 57.6002 85.9281 129.3643 67.1662 195.7271 73.739 91.491 96.9532 38.2886 70.4356 10.1597 78.5516 75.7019 87.2948 104.5372 72.6121 14.0697 1209.1191 724.9489 724.9489 589.6191 93.0516 127.6287 181.3014 210.5751 309.3115 1212.9828 219.4992 445.2982 280.0103 119.6144 373.4569 146.9569 267.1113 1225.6181;
	3.8286 51.7323 89.3433 87.3164 14.3842 32.8972 28.7764 18.8119 26.1215 30.1578 55.7462 83.1624 125.2006 67.039 195.0704 73.4916 91.1841 96.6279 46.4692 70.5679 9.5921 76.7601 72.3836 85.3006 102.7667 73.2001 14.0253 1223.6509 711.6126 711.6126 544.7794 82.5205 154.8974 181.6419 210.1764 303.6214 1119.3435 223.0846 435.4623 275.268 121.2878 364.9394 172.5663 262.2948 1131.0033;
	3.6944 49.9197 91.5882 118.7564 14.5646 32.2427 23.083 18.4218 25.8152 30.7069 56.7612 84.6765 127.48 66.8352 189.1648 71.2667 88.4235 93.7025 83.2937 69.3863 7.6943 75.2329 68.7899 85.2212 102.45 73.5095 13.6041 1160.6814 662.1934 662.1934 541.673 86.638 277.6458 178.6005 209.5374 282.5358 1120.8118 220.7294 424.356 274.4196 120.408 357.6789 180.6497 260.8373 1132.4869;
	3.8426 51.9224 89.6538 115.6948 14.5696 32.7206 29.1439 18.205 25.7241 31.262 57.7873 86.2073 129.7847 67.3308 196.5339 74.043 91.8682 97.3529 90.4603 71.3777 9.7146 76.3481 75.5942 84.8347 102.7105 73.0114 13.6101 1189.8906 699.4157 699.4157 494.5222 81.7264 301.5343 183.7263 211.0913 298.4174 1072.5752 201.215 443.883 275.1175 117.0176 362.9809 190.5926 262.7729 1083.7479;
	3.8881 52.5362 90.5305 117.2283 14.2435 33.7681 30.5068 18.2345 27.1471 31.1464 57.5736 85.8885 129.3046 67.1894 197.6023 74.4455 92.3676 97.882 91.0176 71.2177 10.1689 78.7921 74.562 82.9243 99.5491 74.8273 13.3575 1244.6015 738.0233 738.0233 555.4497 93.0717 303.3921 183.3146 210.6479 314.8899 1138.1349 236.5866 459.5374 266.6493 119.3291 374.6003 199.2188 262.0538 1149.9905;
	3.8435 51.9347 87.5325 112.3427 14.6624 33.1343 30.3713 17.8329 26.7671 30.1515 55.7346 83.1451 125.1744 64.4338 196.0881 73.875 91.6598 97.132 88.9882 69.9731 10.1238 77.3135 72.8091 68.4513 101.4494 73.0875 13.0594 1170.0612 702.5619 702.5619 537.7503 80.3204 296.6273 180.1109 202.0088 299.7598 1101.5035 239.222 463.6312 271.7394 112.6906 367.5703 194.0521 248.03 1112.9775;
	3.8094 51.4735 92.0948 115.5812 14.5717 32.2116 30.8501 18.0874 27.0643 30.8441 57.0149 85.0551 128.0499 67.9186 197.7447 74.4992 92.4341 97.9526 91.8161 69.1429 10.2834 75.1604 72.0946 84.5793 100.8793 75.0895 13.2215 1130.5014 776.7202 776.7202 563.8426 79.6962 306.0538 177.9739 212.934 331.4006 1158.8865 268.3073 470.5016 270.2124 118.7551 357.3341 174.1814 266.3478 1170.9583;
	3.8325 51.7856 91.8165 114.868 14.1678 32.3443 30.8045 17.7594 27.074 30.7707 56.8791 84.8525 127.7449 67.3489 195.8835 73.798 91.5642 97.0307 92.9342 69.7001 10.2682 75.47 73.9265 84.6273 98.3792 75.5499 13.0288 1119.725 766.9779 766.9779 644.3074 89.8716 309.7806 179.4083 211.148 327.2439 1142.165 290.8259 469.6417 263.5158 118.5539 358.8061 165.5522 261.1204 1154.0625;
	3.738 50.5081 91.5023 112.3582 14.2876 32.7033 28.9477 17.6798 27.1335 31.2053 57.6826 86.0511 129.5494 68.2431 196.7786 74.1352 91.9826 97.4741 92.3891 70.9264 9.6492 76.3077 74.8683 85.1515 97.615 75.4579 12.8609 1163.1042 764.865 764.865 654.8811 92.4994 307.9637 182.5647 213.9514 326.3424 1136.8607 308.1854 472.9718 261.4687 117.4834 362.7887 173.7876 262.1419 1148.703;
	3.8802 52.4305 93.3809 117.6039 14.7332 33.8678 28.1814 17.8496 27.4124 30.8888 57.0975 85.1782 128.2353 67.9374 194.5567 73.2981 90.9439 96.3734 92.2891 69.4291 9.3938 79.0249 75.1119 86.263 102.238 75.1733 12.4776 1074.0075 741.2115 741.2115 654.1838 92.9901 307.6303 178.7107 212.9929 316.2502 1136.7517 295.5139 471.3736 273.8518 117.8339 375.7069 199.477 273.1935 1148.5929;
	3.8492 52.0108 94.0146 120.1291 15.0576 33.9775 30.5457 17.7384 28.0592 31.3092 57.8747 86.3376 129.9808 68.4792 197.8584 74.542 92.4873 98.0089 92.6529 71.172 10.1819 79.2808 75.4844 88.2313 102.7858 75.5412 12.8017 1073.1384 748.5608 748.5608 650.2476 88.6251 308.8431 183.197 214.6915 319.3859 1048.2024 301.1095 471.7153 275.3192 116.0674 376.9235 174.0349 268.9725 1059.1212;
	3.8278 51.7219 94.3979 120.0909 14.6663 34.4478 30.8474 17.5296 27.9923 31.2459 57.7575 86.1628 129.7177 67.6583 203.8787 76.8101 95.3014 100.9911 92.4185 73.077 10.2825 80.3782 75.8488 85.8262 99.5881 74.2716 12.8608 1090.3217 672.8673 672.8673 636.3684 92.7805 308.0617 188.1004 212.118 287.09 991.7401 291.4664 477.9936 266.754 113.0841 382.1411 165.1134 277.0101 1002.0707;
	3.8579 52.129 94.4933 119.8406 14.2107 34.194 27.8587 18.0164 27.7466 31.3346 57.9216 86.4076 130.0862 67.2613 201.9895 76.0984 94.4183 100.0553 92.4906 73.4455 9.2862 79.786 75.3888 87.1003 102.0304 75.3635 13.0958 1081.4174 691.2986 691.2986 660.2525 97.4717 308.3019 189.049 210.8734 294.9541 942.5474 328.7819 477.7902 273.2956 113.5093 379.3253 185.8334 274.2216 952.3656;
	3.7994 51.3388 93.3459 119.0831 14.053 34.2919 28.9407 17.6098 27.2405 30.6742 56.7008 84.5864 127.3444 67.4649 202.7418 76.3818 94.77 100.4279 92.1266 72.7853 9.6469 80.0144 75.3544 84.0821 98.535 75.3795 13.3185 1187.8057 722.5299 722.5299 642.7496 99.2371 307.0888 187.3495 211.5117 308.2794 1057.3558 308.1288 473.1237 263.9331 116.5518 380.4115 187.2256 266.4802 1068.3699;
	3.6847 49.7878 92.4633 118.8097 14.1272 33.6167 26.288 16.7375 26.8477 31.2628 57.7889 86.2096 129.7881 66.4608 205.4642 77.4074 96.0426 101.7765 92.9915 72.729 8.7627 78.439 75.8207 86.5096 97.6355 73.1301 12.3729 1137.775 734.9491 734.9491 649.3765 98.8552 309.9718 187.2047 208.3635 313.5783 1122.8508 298.4272 451.8285 261.5237 117.4069 372.9216 176.158 246.2939 1134.5472;
	3.9091 52.8201 93.9509 119.3856 14.4847 33.1742 25.4909 15.3098 27.0795 31.0153 57.3314 85.5271 128.7606 66.3403 192.6637 72.5849 90.0591 95.4358 88.3771 69.2844 8.497 77.4064 75.2905 88.2425 100.8668 71.5341 12.2512 1255.142 712.7528 712.7528 627.0371 103.601 294.5903 178.3382 207.9858 304.1078 1157.9124 304.5871 455.4554 270.1789 121.7097 368.012 184.321 255.6912 1169.974;
