function solarprofile = ex_solar_profilesh1
%EX_WIND_PROFILE_D  Example wind_load_nyiso profile data for deterministic unit commitment.
% 2022.03.12
% Andres F. Ramirez


%% define constants
[GEN_BUS, PG, QG, QMAX, QMIN, VG, MBASE, GEN_STATUS, PMAX, PMIN, ...
    MU_PMAX, MU_PMIN, MU_QMAX, MU_QMIN, PC1, PC2, QC1MIN, QC1MAX, ...
    QC2MIN, QC2MAX, RAMP_AGC, RAMP_10, RAMP_30, RAMP_Q, APF] = idx_gen;
[CT_LABEL, CT_PROB, CT_TABLE, CT_TBUS, CT_TGEN, CT_TBRCH, CT_TAREABUS, ...
    CT_TAREAGEN, CT_TAREABRCH, CT_ROW, CT_COL, CT_CHGTYPE, CT_REP, ...
    CT_REL, CT_ADD, CT_NEWVAL, CT_TLOAD, CT_TAREALOAD, CT_LOAD_ALL_PQ, ...
    CT_LOAD_FIX_PQ, CT_LOAD_DIS_PQ, CT_LOAD_ALL_P, CT_LOAD_FIX_P, ...
    CT_LOAD_DIS_P, CT_TGENCOST, CT_TAREAGENCOST, CT_MODCOST_F, ...
    CT_MODCOST_X] = idx_ct;

solarprofile = struct( ...
    'type', 'mpcData', ...
    'table', CT_TGEN, ...
    'rows', [1:12], ...
    'col', PMAX, ...
    'chgtype', 1, ...
    'values', [] );
solarprofile.values(:,1,:) = [
	0.0 0.0 0.0 0.0 0.0 0.0 0.0 0.0 0.0 0.0 0.0 0.0;
	0.0 0.0 0.0 0.0 0.0 0.0 0.0 0.0 0.0 0.0 0.0 0.0;
	0.0 0.0 0.0 0.0 0.0 0.0 0.0 0.0 0.0 0.0 0.0 0.0;
	0.0 0.0 0.0 0.0 0.0 0.0 0.0 0.0 0.0 0.0 0.0 0.0;
	0.0 0.0 0.0 0.0 0.0 0.0 0.0 0.0 0.0 0.0 0.0 0.0;
	0.0 0.0028 0.0242 0.0 0.0 0.0 0.0 0.0 0.0 0.0 0.0 0.0;
	8.2397 4.576 3.2241 2.1808 4.9715 55.6463 6.9558 18.4379 107.9781 67.6002 41.707 122.4243;
	9.7623 4.7569 3.0105 7.694 11.7787 130.0105 16.2513 60.1131 160.7394 175.5113 138.607 317.8521;
	19.3494 13.3223 12.1808 11.2437 12.8226 111.8898 13.9862 68.3008 176.7468 304.4788 194.4805 551.413;
	26.8433 16.6083 13.8256 11.9255 11.5703 143.7452 17.9681 67.079 219.592 243.6773 204.8797 441.3011;
	27.2821 16.9661 13.9772 11.9581 12.2623 188.5735 23.5717 65.122 211.073 245.2814 225.1518 444.2061;
	26.9983 16.9636 13.8635 11.8468 12.2056 257.9578 32.2447 64.3913 201.5664 233.4235 234.1779 422.7313;
	26.2707 16.6083 13.8 11.9164 11.562 382.8822 47.8603 71.7798 208.8146 138.1431 219.6763 250.178;
	19.7899 16.0753 13.8 11.8086 11.3634 398.1509 49.7689 75.1422 210.1535 125.7623 181.0183 227.7563;
	12.8901 9.4657 11.0301 10.2102 10.2756 371.4198 46.4275 74.8638 207.3685 95.1626 133.7954 172.34;
	8.5672 5.3959 5.625 3.7825 6.9103 106.6028 13.3253 55.86 133.4637 40.5206 37.1161 73.383;
	0.6973 0.6256 0.3828 1.2731 3.0758 44.8904 5.6113 9.2542 23.4579 22.0624 18.8324 39.9551;
	0.0 0.0 0.0 0.0 0.0 0.0 0.0 0.0 0.0 0.0 0.0 0.0;
	0.0 0.0 0.0 0.0 0.0 0.0 0.0 0.0 0.0 0.0 0.0 0.0;
	0.0 0.0 0.0 0.0 0.0 0.0 0.0 0.0 0.0 0.0 0.0 0.0;
	0.0 0.0 0.0 0.0 0.0 0.0 0.0 0.0 0.0 0.0 0.0 0.0;
	0.0 0.0 0.0 0.0 0.0 0.0 0.0 0.0 0.0 0.0 0.0 0.0;
	0.0 0.0 0.0 0.0 0.0 0.0 0.0 0.0 0.0 0.0 0.0 0.0;
	0.0 0.0 0.0 0.0 0.0 0.0 0.0 0.0 0.0 0.0 0.0 0.0;
];
