function solarprofile = ex_solar_profilesh1
%EX_WIND_PROFILE_D  Example wind_load_nyiso profile data for deterministic unit commitment.
% 2022.03.12
% Andres F. Ramirez


%% define constants
[GEN_BUS, PG, QG, QMAX, QMIN, VG, MBASE, GEN_STATUS, PMAX, PMIN, ...
    MU_PMAX, MU_PMIN, MU_QMAX, MU_QMIN, PC1, PC2, QC1MIN, QC1MAX, ...
    QC2MIN, QC2MAX, RAMP_AGC, RAMP_10, RAMP_30, RAMP_Q, APF] = idx_gen;
[CT_LABEL, CT_PROB, CT_TABLE, CT_TBUS, CT_TGEN, CT_TBRCH, CT_TAREABUS, ...
    CT_TAREAGEN, CT_TAREABRCH, CT_ROW, CT_COL, CT_CHGTYPE, CT_REP, ...
    CT_REL, CT_ADD, CT_NEWVAL, CT_TLOAD, CT_TAREALOAD, CT_LOAD_ALL_PQ, ...
    CT_LOAD_FIX_PQ, CT_LOAD_DIS_PQ, CT_LOAD_ALL_P, CT_LOAD_FIX_P, ...
    CT_LOAD_DIS_P, CT_TGENCOST, CT_TAREAGENCOST, CT_MODCOST_F, ...
    CT_MODCOST_X] = idx_ct;

solarprofile = struct( ...
    'type', 'mpcData', ...
    'table', CT_TGEN, ...
    'rows', [1:12], ...
    'col', PMAX, ...
    'chgtype', 1, ...
    'values', [] );
solarprofile.values(:,1,:) = [
	0.0 0.0 0.0 0.0 0.0 0.0 0.0 0.0 0.0 0.0 0.0 0.0;
	0.0 0.0 0.0 0.0 0.0 0.0 0.0 0.0 0.0 0.0 0.0 0.0;
	0.0 0.0 0.0 0.0 0.0 0.0 0.0 0.0 0.0 0.0 0.0 0.0;
	0.0 0.0 0.0 0.0 0.0 0.0 0.0 0.0 0.0 0.0 0.0 0.0;
	0.0 0.0 0.0 0.0 0.0 0.0 0.0 0.0 0.0 0.0 0.0 0.0;
	0.0 0.0 0.002 0.0 0.0 0.0 0.0 0.0 0.0 0.0 0.0 0.0;
	10.297 6.7545 5.2039 4.1682 6.1131 316.9509 39.6189 44.8984 184.2139 70.4791 44.6446 127.6382;
	19.4964 13.8136 10.1526 6.834 10.5221 443.4636 55.4329 73.6892 270.7378 246.245 212.572 445.9512;
	23.0349 16.6029 13.0275 9.3471 11.5223 455.0342 56.8793 76.3015 259.8391 331.4288 230.0142 600.2196;
	23.2582 16.5235 8.9322 11.2822 6.0981 391.7663 48.9708 74.7081 214.5331 324.8246 194.709 588.2594;
	25.6672 16.6083 11.3804 11.4504 4.7767 371.9305 46.4913 75.8394 218.3276 335.937 215.6687 608.3839;
	26.334 16.6083 13.601 11.457 4.4131 384.4415 48.0552 77.7428 242.2829 339.1971 222.971 614.288;
	26.4714 16.6083 13.8 11.5896 7.5942 461.2098 57.6512 78.1571 258.0321 265.7615 192.5183 481.2957;
	23.668 16.6083 13.8 11.5836 9.1727 474.4066 59.3008 78.166 238.3518 228.8256 160.3611 414.4046;
	17.7597 13.7938 10.1916 9.325 9.245 463.4627 57.9328 75.3939 196.8606 157.3922 120.4861 285.0383;
	7.3837 7.1371 3.3041 5.3087 6.4749 368.6373 46.0797 51.8908 108.1555 73.0836 60.5128 132.3549;
	0.7664 0.7443 0.4251 1.2742 2.5302 61.4052 7.6756 9.8773 33.0568 22.8522 26.2111 41.3854;
	0.0 0.0 0.0 0.0 0.0 0.0 0.0 0.0 0.0 0.0 0.0 0.0;
	0.0 0.0 0.0 0.0 0.0 0.0 0.0 0.0 0.0 0.0 0.0 0.0;
	0.0 0.0 0.0 0.0 0.0 0.0 0.0 0.0 0.0 0.0 0.0 0.0;
	0.0 0.0 0.0 0.0 0.0 0.0 0.0 0.0 0.0 0.0 0.0 0.0;
	0.0 0.0 0.0 0.0 0.0 0.0 0.0 0.0 0.0 0.0 0.0 0.0;
	0.0 0.0 0.0 0.0 0.0 0.0 0.0 0.0 0.0 0.0 0.0 0.0;
	0.0 0.0 0.0 0.0 0.0 0.0 0.0 0.0 0.0 0.0 0.0 0.0;
];
