function solarprofile = ex_solar_profilesh1
%EX_WIND_PROFILE_D  Example wind_load_nyiso profile data for deterministic unit commitment.
% 2022.03.12
% Andres F. Ramirez


%% define constants
[GEN_BUS, PG, QG, QMAX, QMIN, VG, MBASE, GEN_STATUS, PMAX, PMIN, ...
    MU_PMAX, MU_PMIN, MU_QMAX, MU_QMIN, PC1, PC2, QC1MIN, QC1MAX, ...
    QC2MIN, QC2MAX, RAMP_AGC, RAMP_10, RAMP_30, RAMP_Q, APF] = idx_gen;
[CT_LABEL, CT_PROB, CT_TABLE, CT_TBUS, CT_TGEN, CT_TBRCH, CT_TAREABUS, ...
    CT_TAREAGEN, CT_TAREABRCH, CT_ROW, CT_COL, CT_CHGTYPE, CT_REP, ...
    CT_REL, CT_ADD, CT_NEWVAL, CT_TLOAD, CT_TAREALOAD, CT_LOAD_ALL_PQ, ...
    CT_LOAD_FIX_PQ, CT_LOAD_DIS_PQ, CT_LOAD_ALL_P, CT_LOAD_FIX_P, ...
    CT_LOAD_DIS_P, CT_TGENCOST, CT_TAREAGENCOST, CT_MODCOST_F, ...
    CT_MODCOST_X] = idx_ct;

solarprofile = struct( ...
    'type', 'mpcData', ...
    'table', CT_TGEN, ...
    'rows', [1:12], ...
    'col', PMAX, ...
    'chgtype', 1, ...
    'values', [] );
solarprofile.values(:,1,:) = [
	0.0 0.0 0.0 0.0 0.0 0.0 0.0 0.0 0.0 0.0 0.0 0.0;
	0.0 0.0 0.0 0.0 0.0 0.0 0.0 0.0 0.0 0.0 0.0 0.0;
	0.0 0.0 0.0 0.0 0.0 0.0 0.0 0.0 0.0 0.0 0.0 0.0;
	0.0 0.0 0.0 0.0 0.0 0.0 0.0 0.0 0.0 0.0 0.0 0.0;
	0.0 0.0 0.0 0.0 0.0 0.0 0.0 0.0 0.0 0.0 0.0 0.0;
	0.0 0.0 0.002 0.0 0.0 0.0 0.0 0.1889 0.0 0.0 0.0 0.0;
	5.4903 4.9 3.4208 1.2404 2.5107 65.1291 8.1411 44.3249 26.692 67.1158 39.5894 121.5471;
	16.9265 13.6756 11.8024 6.7484 7.5038 156.5098 19.5637 71.5623 23.3065 122.5356 109.1769 221.9127;
	22.9182 16.6029 13.8071 10.1881 10.4051 283.1805 35.3976 74.1955 36.1797 303.6281 181.557 549.8722;
	23.83 16.6083 13.8 10.6097 8.8036 327.7015 40.9627 69.2921 147.1141 288.5422 193.7118 522.5517;
	23.0692 16.6083 13.7246 10.0059 9.1403 327.7234 40.9654 70.1907 197.1729 300.864 215.6047 544.8664;
	23.6051 16.6083 13.5621 9.6493 7.9274 313.7089 39.2136 70.4834 211.9002 295.4777 221.8816 535.1118;
	25.6549 16.6083 13.7536 7.0916 3.5084 382.3115 47.7889 73.568 205.0451 165.9526 202.3534 300.5411;
	22.7343 16.6083 13.8 6.296 3.2581 407.5082 50.9385 75.2349 187.0932 136.1303 178.7668 246.5328;
	17.7022 13.9185 11.239 1.7619 3.8424 402.953 50.3691 74.2029 165.7799 97.3257 148.9449 176.2574;
	13.4423 7.7486 6.0236 0.9201 3.452 300.9651 37.6206 67.2811 89.82 47.3471 64.5798 85.7458;
	1.1262 0.8723 0.5797 1.2962 2.4698 51.0516 6.3815 13.6799 23.045 21.2184 19.3472 38.4266;
	0.0 0.0 0.0 0.0 0.0 0.0 0.0 0.0 0.0 0.0 0.0 0.0;
	0.0 0.0 0.0 0.0 0.0 0.0 0.0 0.0 0.0 0.0 0.0 0.0;
	0.0 0.0 0.0 0.0 0.0 0.0 0.0 0.0 0.0 0.0 0.0 0.0;
	0.0 0.0 0.0 0.0 0.0 0.0 0.0 0.0 0.0 0.0 0.0 0.0;
	0.0 0.0 0.0 0.0 0.0 0.0 0.0 0.0 0.0 0.0 0.0 0.0;
	0.0 0.0 0.0 0.0 0.0 0.0 0.0 0.0 0.0 0.0 0.0 0.0;
	0.0 0.0 0.0 0.0 0.0 0.0 0.0 0.0 0.0 0.0 0.0 0.0;
];
