function solarprofile = ex_solar_profilesh1
%EX_WIND_PROFILE_D  Example wind_load_nyiso profile data for deterministic unit commitment.
% 2022.03.12
% Andres F. Ramirez


%% define constants
[GEN_BUS, PG, QG, QMAX, QMIN, VG, MBASE, GEN_STATUS, PMAX, PMIN, ...
    MU_PMAX, MU_PMIN, MU_QMAX, MU_QMIN, PC1, PC2, QC1MIN, QC1MAX, ...
    QC2MIN, QC2MAX, RAMP_AGC, RAMP_10, RAMP_30, RAMP_Q, APF] = idx_gen;
[CT_LABEL, CT_PROB, CT_TABLE, CT_TBUS, CT_TGEN, CT_TBRCH, CT_TAREABUS, ...
    CT_TAREAGEN, CT_TAREABRCH, CT_ROW, CT_COL, CT_CHGTYPE, CT_REP, ...
    CT_REL, CT_ADD, CT_NEWVAL, CT_TLOAD, CT_TAREALOAD, CT_LOAD_ALL_PQ, ...
    CT_LOAD_FIX_PQ, CT_LOAD_DIS_PQ, CT_LOAD_ALL_P, CT_LOAD_FIX_P, ...
    CT_LOAD_DIS_P, CT_TGENCOST, CT_TAREAGENCOST, CT_MODCOST_F, ...
    CT_MODCOST_X] = idx_ct;

solarprofile = struct( ...
    'type', 'mpcData', ...
    'table', CT_TGEN, ...
    'rows', [1:12], ...
    'col', PMAX, ...
    'chgtype', 1, ...
    'values', [] );
solarprofile.values(:,1,:) = [
	0.0 0.0 0.0 0.0 0.0 0.0 0.0 0.0 0.0 0.0 0.0 0.0;
	0.0 0.0 0.0 0.0 0.0 0.0 0.0 0.0 0.0 0.0 0.0 0.0;
	0.0 0.0 0.0 0.0 0.0 0.0 0.0 0.0 0.0 0.0 0.0 0.0;
	0.0 0.0 0.0 0.0 0.0 0.0 0.0 0.0 0.0 0.0 0.0 0.0;
	0.0 0.0 0.0 0.0 0.0 0.0 0.0 0.0 0.0 0.0 0.0 0.0;
	0.0068 0.0262 0.0318 0.0 0.0 0.0 0.0 0.0 0.0 0.0 0.0 0.0;
	5.6397 6.6386 5.4278 2.203 2.547 185.1488 23.1436 44.2553 44.8807 69.5419 41.5468 125.9407;
	18.6784 13.7409 11.6799 9.3414 9.375 353.304 44.163 71.9685 115.5146 146.7264 108.9718 265.7225;
	24.5816 16.6029 13.8492 11.4198 11.7504 387.813 48.4766 75.2255 165.5412 250.9585 167.7207 454.4874;
	26.7694 16.8746 14.1196 10.9084 8.6974 345.9114 43.2389 73.3425 196.2133 220.1656 197.5629 398.7212;
	26.334 16.6083 13.8115 5.2814 7.5647 310.4359 38.8045 69.0364 195.3901 285.4089 225.2317 516.8772;
	26.1307 16.5984 13.8 1.9634 6.3714 268.179 33.5224 63.5869 180.08 294.8567 227.004 533.9872;
	26.3192 16.6083 13.7372 2.4936 7.5011 363.9526 45.4941 54.1259 149.6799 145.5911 165.7 263.6663;
	23.7797 16.6083 13.8 2.8342 9.3983 398.3123 49.789 59.3063 151.7471 88.034 93.3318 159.4301;
	19.7673 15.57 11.9153 1.9765 10.2325 396.0766 49.5096 65.8414 153.3905 58.5561 69.3973 106.0454;
	9.1978 7.3057 6.0262 4.4491 8.5054 270.2288 33.7786 47.7501 117.6434 65.2243 30.6947 118.1216;
	0.7577 0.586 0.3913 1.3497 3.154 45.0093 5.6262 8.4646 23.5743 22.9149 17.1035 41.4991;
	0.0 0.0 0.0 0.0 0.0 0.0 0.0 0.0 0.0 0.0 0.0 0.0;
	0.0 0.0 0.0 0.0 0.0 0.0 0.0 0.0 0.0 0.0 0.0 0.0;
	0.0 0.0 0.0 0.0 0.0 0.0 0.0 0.0 0.0 0.0 0.0 0.0;
	0.0 0.0 0.0 0.0 0.0 0.0 0.0 0.0 0.0 0.0 0.0 0.0;
	0.0 0.0 0.0 0.0 0.0 0.0 0.0 0.0 0.0 0.0 0.0 0.0;
	0.0 0.0 0.0 0.0 0.0 0.0 0.0 0.0 0.0 0.0 0.0 0.0;
	0.0 0.0 0.0 0.0 0.0 0.0 0.0 0.0 0.0 0.0 0.0 0.0;
];
