function windprofile = ex_wind_profilesh1
%EX_WIND_PROFILE_D  Example wind_load_nyiso profile data for deterministic unit commitment.
% 2022.03.12
% Andres F. Ramirez


%% define constants
[GEN_BUS, PG, QG, QMAX, QMIN, VG, MBASE, GEN_STATUS, PMAX, PMIN, ...
    MU_PMAX, MU_PMIN, MU_QMAX, MU_QMIN, PC1, PC2, QC1MIN, QC1MAX, ...
    QC2MIN, QC2MAX, RAMP_AGC, RAMP_10, RAMP_30, RAMP_Q, APF] = idx_gen;
[CT_LABEL, CT_PROB, CT_TABLE, CT_TBUS, CT_TGEN, CT_TBRCH, CT_TAREABUS, ...
    CT_TAREAGEN, CT_TAREABRCH, CT_ROW, CT_COL, CT_CHGTYPE, CT_REP, ...
    CT_REL, CT_ADD, CT_NEWVAL, CT_TLOAD, CT_TAREALOAD, CT_LOAD_ALL_PQ, ...
    CT_LOAD_FIX_PQ, CT_LOAD_DIS_PQ, CT_LOAD_ALL_P, CT_LOAD_FIX_P, ...
    CT_LOAD_DIS_P, CT_TGENCOST, CT_TAREAGENCOST, CT_MODCOST_F, ...
    CT_MODCOST_X] = idx_ct;

windprofile = struct( ...
    'type', 'mpcData', ...
    'table', CT_TGEN, ...
    'rows', [1:45], ...
    'col', PMAX, ...
    'chgtype', 1, ...
    'values', [] );
windprofile.values(:,1,:) = [
	3.6491 49.3072 91.5141 107.4866 15.0119 33.5585 28.2514 18.1983 27.6723 30.6867 56.724 84.621 127.3965 66.0599 196.169 73.9055 91.6976 97.1721 37.835 69.7987 9.4171 78.3032 72.4469 89.8539 104.7431 72.1283 13.7134 1124.5672 652.6827 652.6827 574.5127 108.0777 126.1168 179.662 207.1068 278.4779 1094.7966 232.9675 471.7122 280.562 120.0361 372.2756 143.6617 278.8465 1106.2007;
	3.6148 48.844 92.563 114.3657 14.8373 31.7151 28.4254 18.3841 27.2036 28.4464 52.5827 78.4431 118.0956 64.9785 195.8537 73.7867 91.5502 97.0159 32.5548 71.8329 9.4751 74.0018 68.5463 88.7117 103.2496 70.8779 13.4885 1129.1598 657.7959 657.7959 541.7579 96.4187 108.5159 184.8981 203.7164 280.6596 1084.3234 229.8193 466.3328 276.5614 118.9021 351.8257 134.8281 275.7861 1095.6184;
	3.719 50.2521 94.0548 63.6799 15.3098 33.7803 28.8636 18.5919 27.7272 28.6855 53.0248 79.1025 119.0885 65.7402 200.0579 75.3706 93.5154 99.0984 38.1936 70.9432 9.6212 78.8206 68.9548 89.8455 105.9829 74.1513 14.004 1120.7488 669.7604 669.7604 542.515 99.3105 127.3119 182.6079 206.1046 285.7644 1072.4524 222.2305 465.7954 283.8827 121.2965 374.7359 143.1205 281.7466 1083.6238;
	3.7125 50.1634 93.1916 80.3823 15.3378 33.8909 26.0584 18.3033 27.1725 29.372 54.2936 80.9954 121.9382 64.4325 203.0829 76.5103 94.9295 100.5969 48.4387 71.6134 8.6861 79.0787 68.5416 89.4919 105.2174 72.5159 13.6774 1152.3799 664.5741 664.5741 495.9548 92.3904 161.4623 184.333 202.0045 283.5516 992.9165 221.5923 457.2981 281.8322 120.6383 375.963 173.4327 274.2137 1003.2594;
	3.6048 48.7083 94.6366 117.9876 15.3797 33.9414 21.0197 18.7421 27.3726 30.2572 55.93 83.4366 125.6133 63.9173 192.8005 72.6365 90.123 95.5035 79.1637 69.0877 7.0066 79.1967 60.3534 90.1629 106.4907 74.1926 13.724 1116.2173 620.9107 620.9107 499.1854 88.5618 263.8791 177.8319 200.3895 264.9219 1055.4503 221.2166 446.1444 285.243 120.4068 376.5236 183.311 271.5932 1066.4446;
	3.8298 51.7489 94.0728 116.9248 15.1327 33.597 25.2281 18.5957 27.2909 30.0281 55.5065 82.8048 124.6621 64.972 198.0222 74.6037 92.5639 98.0901 90.9447 71.0532 8.4094 78.3929 71.2791 90.1429 106.6179 74.2508 14.0552 1137.9549 695.0465 695.0465 468.3959 94.48 303.149 182.8911 203.6959 296.5532 1033.7571 204.1845 454.5794 285.5837 119.1758 372.7024 190.8644 276.515 1044.5254;
	3.838 51.8598 94.7625 117.7012 15.2773 33.2589 27.8416 18.5974 27.2413 30.1423 55.7175 83.1196 125.1361 66.345 202.7665 76.3911 94.7815 100.4401 92.4369 71.4419 9.2805 77.604 72.7572 90.0599 105.9163 74.8091 13.998 1157.4444 733.513 733.513 540.7793 96.1062 308.1231 183.8917 208.0004 312.9655 1072.8463 233.3611 458.7281 283.7045 120.3109 368.9517 194.9183 268.4225 1084.0218;
	3.8859 52.5064 94.3553 119.7079 15.3367 34.6579 26.8241 18.9652 27.178 30.0863 55.614 82.9652 124.9036 66.5639 203.6729 76.7326 95.2053 100.8891 90.4527 71.8689 8.9414 80.8684 73.3696 89.1721 106.6468 73.5745 13.8791 1072.6055 736.1282 736.1282 521.8629 83.0509 301.509 184.9906 208.6868 314.0814 1048.3826 231.6409 460.0096 285.6611 118.4426 384.4714 197.5329 260.8445 1059.3033;
	3.8772 52.3893 95.1175 121.0091 15.3204 34.7149 27.8717 18.8319 27.9371 30.9229 57.1605 85.2723 128.3769 67.9202 205.16 77.2928 95.9004 101.6258 91.3969 70.8529 9.2906 81.0014 74.7223 89.1703 106.7179 72.3736 13.7236 1130.268 770.4318 770.4318 577.5988 78.91 304.6562 182.3756 212.9389 328.7176 1110.3132 270.0959 470.3685 285.8515 120.2717 385.1038 171.1893 272.4142 1121.879;
	3.7307 50.4104 93.0282 120.3232 14.6848 33.9736 28.9197 18.7989 27.6607 29.8439 55.166 82.2968 123.8974 66.2017 201.4389 75.8909 94.161 99.7825 90.6156 69.1338 9.6399 79.2718 72.5847 87.9109 106.1203 70.6774 13.529 1046.6004 732.6675 732.6675 588.1206 78.0742 302.0521 177.9507 207.5513 312.6048 1038.8594 269.9933 465.9815 284.2507 122.8676 376.8808 155.1834 257.6525 1049.6809;
	3.836 51.8329 95.0024 120.8215 15.2375 34.3864 26.616 19.1191 28.3845 31.2348 57.7371 86.1323 129.6718 65.9633 204.2854 76.9633 95.4916 101.1925 92.269 70.7004 8.872 80.235 74.2827 89.0395 106.0078 73.5657 13.999 1045.5647 755.9942 755.9942 605.7064 80.1713 307.5632 181.983 206.8039 322.5575 1032.6178 285.0787 473.1087 283.9494 123.551 381.4603 170.8204 261.305 1043.3742;
	3.6016 48.6658 90.5307 117.4036 14.338 32.4723 25.121 18.8261 27.7843 30.7445 56.8307 84.7803 127.6362 67.6677 202.2945 76.2133 94.5609 100.2063 92.6364 69.2154 8.3737 75.7687 74.3419 86.4016 103.2846 70.6529 13.4758 1021.9471 749.9453 749.9453 657.8635 92.5015 308.788 178.1607 212.1473 319.9767 1034.1171 288.6714 463.9133 276.6552 119.5311 360.226 168.4347 259.3887 1044.8892;
	3.6568 49.412 93.0516 119.4381 14.4018 33.059 28.2316 19.1255 27.7655 30.4237 56.2377 83.8956 126.3043 67.3332 197.676 74.4733 92.402 97.9186 91.8031 69.5721 9.4105 77.1378 73.1427 89.2151 105.0052 74.1144 13.9235 1031.5203 717.4158 717.4158 670.9612 100.5821 306.0104 179.0788 211.0987 306.0974 988.4628 300.9407 462.9378 281.264 119.3809 366.735 156.2544 259.5299 998.7593;
	3.7622 50.8354 91.7373 117.4412 14.4605 33.8206 26.3867 18.6431 27.0897 30.2732 55.9595 83.4806 125.6795 66.969 194.62 73.322 90.9735 96.4048 92.345 69.1167 8.7956 78.9148 72.9024 87.2775 101.5383 70.9211 13.2821 1042.8457 667.2269 667.2269 678.3903 100.4791 307.8168 177.9066 209.957 284.6835 971.659 312.4145 454.1081 271.9777 117.1661 375.1836 154.4215 261.9124 981.7805;
	3.6828 49.7629 92.4224 113.0434 14.7156 32.8848 21.6934 17.9803 26.4377 29.491 54.5136 81.3235 122.4321 67.8029 170.4364 64.2109 79.6691 84.4255 87.3255 65.6888 7.2311 76.7313 67.5911 87.386 98.623 70.3869 12.9805 1047.9821 645.5403 645.5403 600.2745 94.7097 291.085 169.083 212.5711 275.4305 893.1764 298.839 441.4121 264.1686 115.5984 364.8025 171.4372 230.6853 902.4804;
	3.6144 48.839 88.4284 112.2912 14.1456 32.3542 24.2214 17.3913 26.8443 29.5647 54.6499 81.5269 122.7383 66.413 192.9121 72.6785 90.1752 95.5588 87.9856 67.8815 8.0738 75.493 72.2521 83.0414 96.4102 70.5183 12.7284 1126.9071 709.6652 709.6652 594.7072 99.6884 293.2852 174.7272 208.2137 302.7905 1021.4158 301.3128 468.3697 258.2417 111.5401 358.9154 164.9095 204.6361 1032.0556;
	3.2724 44.2175 87.2524 113.2202 13.9924 32.0503 22.4379 17.2316 26.5884 28.7372 53.1202 79.2449 119.3028 63.8109 190.7476 71.8631 89.1634 94.4866 88.7516 69.2397 7.4793 74.7841 71.5904 85.5355 96.5313 69.727 11.2573 1095.4914 707.8967 707.8967 625.8202 101.0137 295.8386 178.2231 200.0556 302.0359 1108.6374 293.1717 459.1684 258.5661 115.4354 355.5451 150.6356 173.3991 1120.1857;
	3.6087 48.7618 88.8903 111.0169 14.3523 31.9054 25.9939 14.4065 27.8717 30.0493 55.5457 82.8633 124.7502 66.1927 189.1036 71.2437 88.3949 93.6722 88.0642 68.3011 8.6646 74.446 70.941 83.3379 96.9595 57.4926 10.0722 1177.3582 740.5775 740.5775 630.7884 96.3118 293.5474 175.8073 207.523 315.9797 1130.4169 292.549 477.5743 259.7131 116.9737 353.9375 170.9053 233.4214 1142.1921;
