function loadprofile = ex_load_profilesh1
%EX_LOAD_PROFILE  Example load profile data file for stochastic unit commitment.
% 2022.03.12
% Andres F. Ramirez

%% define constants
[CT_LABEL, CT_PROB, CT_TABLE, CT_TBUS, CT_TGEN, CT_TBRCH, CT_TAREABUS, ...
    CT_TAREAGEN, CT_TAREABRCH, CT_ROW, CT_COL, CT_CHGTYPE, CT_REP, ...
    CT_REL, CT_ADD, CT_NEWVAL, CT_TLOAD, CT_TAREALOAD, CT_LOAD_ALL_PQ, ...
    CT_LOAD_FIX_PQ, CT_LOAD_DIS_PQ, CT_LOAD_ALL_P, CT_LOAD_FIX_P, ...
    CT_LOAD_DIS_P, CT_TGENCOST, CT_TAREAGENCOST, CT_MODCOST_F, ...
    CT_MODCOST_X] = idx_ct;

loadprofile = struct( ...
    'type', 'mpcData', ...
    'table', CT_TAREALOAD, ...
    'rows', [1:11], ...
    'col', CT_LOAD_ALL_P, ...
    'chgtype', 1, ...
    'values', [] );
loadprofile.values(:,1,:) = [
	1460.8251 907.1775 1546.4986 550.9053 769.5555 1077.7099 852.9247 232.7198 500.3679 4463.9836 1622.9749;
	1454.4315 911.7946 1554.7 553.2 747.9959 1062.9347 841.4344 220.5132 482.8281 4335.9125 1617.9697;
	1520.9573 943.8137 1613.5008 571.6489 764.9803 1073.6751 851.0 239.7 496.5 4466.0644 1672.2894;
	1569.6658 1014.6 1710.7 588.3843 847.1814 1149.4955 905.4 258.3465 529.9826 4678.8649 1774.4068;
	1727.5425 1149.5 1917.8544 607.0 952.7 1294.002 975.1 262.8919 571.5004 5118.7116 2009.4452;
	1862.533 1243.9719 2018.7238 620.8893 991.7551 1366.8412 1027.1874 260.5727 619.4899 5567.0797 2149.2936;
	1904.2 1257.6305 2027.2321 593.6 985.2884 1381.1223 1028.7099 247.8289 656.0954 5898.4188 2183.7462;
	1908.0205 1265.0582 2031.6034 582.1693 957.2639 1358.8588 1052.2703 280.2339 659.2114 6150.3649 2172.2;
	1913.6 1282.3377 2007.1758 580.8632 960.2734 1346.8454 993.521 297.9866 625.1495 6298.8279 2126.1408;
	1949.0389 1260.5357 1995.2166 574.9 950.4934 1380.9898 997.5112 298.106 625.5397 6299.2175 2116.4651;
	1883.8321 1274.5 2052.3869 566.2725 940.4698 1346.2641 1006.4738 308.0541 657.2 6312.7564 2208.6531;
	1897.5878 1242.3331 1992.8 558.0491 934.8077 1307.5042 975.3179 312.0808 654.3 6293.3 2145.243;
	1873.3 1232.4224 1954.7667 564.2 901.3643 1254.0035 969.8563 288.112 642.1002 6082.6509 2023.2827;
	1859.3467 1226.0722 1926.4105 561.5 875.6371 1243.5365 907.1595 252.2738 629.9019 5826.5501 1961.1502;
	1794.9814 1211.3766 1928.4161 548.621 883.8614 1231.5936 892.0954 264.1467 584.9916 5782.3114 2014.0703;
	1813.4864 1247.5075 1984.1627 572.5 948.5327 1351.5663 980.6491 300.0797 625.7506 5688.6582 2148.14;
	1848.8 1239.0907 2022.3046 577.1617 968.6799 1358.2093 1010.9917 313.132 669.3022 5891.0302 2325.6435;
	1878.286 1298.8355 2055.2371 585.5058 1007.7049 1425.8715 1106.8548 344.4778 728.3 6051.6627 2483.0;
	1889.0924 1287.495 2091.146 589.8876 979.7204 1422.8827 1102.6988 352.815 707.6909 6035.7 2460.8544;
	1796.3407 1181.3171 1951.7094 574.1 906.9 1273.2036 999.4842 307.5751 652.5115 5750.3 2272.961;
	1699.1599 1102.3488 1840.3427 549.951 859.7403 1226.0273 962.5485 282.0821 589.8202 5326.8336 2065.8649;
	1639.1358 1025.6299 1755.3743 532.7874 787.5043 1169.698 925.7316 272.1448 546.3 5114.2614 1896.3583;
	1536.0406 968.3637 1746.3938 557.0765 838.0988 1116.9115 890.254 260.9 529.7067 4797.8114 1808.1232;
	1510.7896 955.5709 1725.607 581.2951 817.4961 1106.0022 870.3286 257.5116 502.5 4583.0144 1716.9428;
];
