function windprofile = ex_wind_profilesh1
%EX_WIND_PROFILE_D  Example wind_load_nyiso profile data for deterministic unit commitment.
% 2022.03.12
% Andres F. Ramirez


%% define constants
[GEN_BUS, PG, QG, QMAX, QMIN, VG, MBASE, GEN_STATUS, PMAX, PMIN, ...
    MU_PMAX, MU_PMIN, MU_QMAX, MU_QMIN, PC1, PC2, QC1MIN, QC1MAX, ...
    QC2MIN, QC2MAX, RAMP_AGC, RAMP_10, RAMP_30, RAMP_Q, APF] = idx_gen;
[CT_LABEL, CT_PROB, CT_TABLE, CT_TBUS, CT_TGEN, CT_TBRCH, CT_TAREABUS, ...
    CT_TAREAGEN, CT_TAREABRCH, CT_ROW, CT_COL, CT_CHGTYPE, CT_REP, ...
    CT_REL, CT_ADD, CT_NEWVAL, CT_TLOAD, CT_TAREALOAD, CT_LOAD_ALL_PQ, ...
    CT_LOAD_FIX_PQ, CT_LOAD_DIS_PQ, CT_LOAD_ALL_P, CT_LOAD_FIX_P, ...
    CT_LOAD_DIS_P, CT_TGENCOST, CT_TAREAGENCOST, CT_MODCOST_F, ...
    CT_MODCOST_X] = idx_ct;

windprofile = struct( ...
    'type', 'mpcData', ...
    'table', CT_TGEN, ...
    'rows', [1:45], ...
    'col', PMAX, ...
    'chgtype', 1, ...
    'values', [] );
windprofile.values(:,1,:) = [
	3.8456 51.9623 91.8105 112.2621 14.5621 34.2917 26.4533 18.8442 26.8891 30.5584 56.4867 84.267 126.8635 65.8546 197.7612 74.5054 92.4418 97.9608 36.6503 71.6645 8.8178 80.0139 71.9776 89.5689 105.8205 75.1628 13.8431 1128.2693 680.6576 680.6576 605.9123 110.0667 122.1677 184.4646 206.4632 290.4139 1141.3421 215.9792 456.6255 283.4478 117.6013 380.4087 142.9511 267.6683 1153.2311;
	3.6741 49.6449 94.8484 120.069 14.2213 33.2539 27.9876 18.9878 27.4924 30.4795 56.3409 84.0496 126.5362 63.5419 199.518 75.1673 93.2631 98.831 33.3975 73.5724 9.3292 77.5925 71.0798 89.0146 104.8457 73.6937 13.9073 1083.9682 696.4644 696.4644 596.0935 113.0349 111.325 189.3756 199.2124 297.1582 1123.1495 217.0006 450.8123 280.8367 120.4479 368.8967 135.645 272.2296 1134.849;
	3.6868 49.8165 93.1498 65.4811 13.9443 32.898 28.6998 18.6815 27.5335 29.678 54.8594 81.8394 123.2088 63.7384 199.4831 75.1541 93.2468 98.8137 33.1584 72.6771 9.5666 76.7621 70.3342 87.7566 103.1706 74.0501 13.7649 1142.7765 710.185 710.185 579.3563 116.6135 110.5279 187.0709 199.8286 303.0123 1204.1918 225.2641 448.9385 276.3497 118.9615 364.949 130.1552 272.2709 1216.7354;
	3.649 49.3062 91.5634 83.1159 13.9582 33.4225 26.9713 18.643 26.9005 29.3884 54.324 81.0407 122.0063 63.6705 201.0677 75.7511 93.9874 99.5986 42.3491 72.5601 8.9904 77.9858 68.6902 86.2812 101.5702 74.2493 13.6146 1159.1789 720.5476 720.5476 533.7992 102.1651 141.1636 186.7698 199.6155 307.4337 1135.1391 230.7654 445.6182 272.0631 118.6545 370.7667 165.8476 266.9431 1146.9635;
	3.5536 48.0165 93.9186 119.5441 14.4381 33.2571 22.9323 18.5342 27.3853 30.2086 55.8401 83.3024 125.4113 64.787 191.9323 72.3094 89.7172 95.0735 70.0089 72.247 7.6441 77.5999 64.8696 87.2549 102.827 75.4308 13.7462 980.0318 656.7458 656.7458 511.5482 100.6039 233.3631 185.9639 203.116 280.2115 1118.6867 232.5859 449.2995 275.4295 116.796 368.9323 176.1144 268.7735 1130.3396;
	3.841 51.8997 93.626 120.0664 14.6512 34.2115 27.7696 18.8868 27.7645 30.5293 56.4329 84.1868 126.7428 68.0993 199.0881 75.0053 93.0621 98.6181 86.8486 73.5296 9.2565 79.8269 73.2387 87.2815 105.4702 75.4274 14.0957 1123.3551 707.808 707.808 513.179 103.1898 289.4952 189.2653 213.5006 301.9981 1103.1442 228.6223 461.8075 282.5095 119.5022 379.5201 192.6713 275.2632 1114.6353;
	3.8611 52.1721 94.325 119.6432 14.9894 34.3259 28.7392 18.6559 28.0719 30.5378 56.4487 84.2104 126.7783 67.4065 199.3853 75.1172 93.201 98.7653 85.918 73.4958 9.5797 80.0938 73.0696 87.8909 104.1009 75.917 13.6285 1139.3872 725.9479 725.9479 573.2916 100.3448 286.3934 189.1784 211.3284 309.7378 1113.6315 249.4456 466.7533 278.8418 118.6175 380.789 198.0842 275.9576 1125.2318;
	3.7997 51.3421 92.2988 115.6478 15.2885 33.4843 28.9102 18.1547 27.4548 30.2885 55.9879 83.5229 125.7432 65.1881 201.2075 75.8038 94.0528 99.6679 86.5598 73.5665 9.6367 78.13 73.0462 86.1577 104.7956 74.6084 13.3923 1076.9907 687.4646 687.4646 550.3005 83.3383 288.5326 189.3603 204.3735 293.3182 1065.5311 241.4078 460.7381 280.7025 114.0767 371.4525 194.6101 264.4269 1076.6304;
	3.7452 50.6056 91.189 111.5348 14.9464 33.8243 29.2564 17.6505 26.885 30.6512 56.6583 84.5231 127.249 66.1817 201.3947 75.8743 94.1403 99.7606 88.2253 72.9939 9.7521 78.9235 72.0096 85.8686 102.7225 73.7618 13.2279 1139.9154 744.4719 744.4719 590.8396 77.5329 294.0842 187.8866 207.4886 317.6414 1136.2448 261.9946 460.8209 275.1494 114.8067 375.2248 167.2513 273.3834 1148.0807;
	3.6852 49.7954 90.7326 113.0662 15.0676 34.1128 29.9439 17.8224 28.008 30.5524 56.4757 84.2506 126.8388 65.8093 200.4797 75.5295 93.7126 99.3074 91.0218 71.0683 9.9813 79.5965 72.3485 86.3208 103.0905 74.4507 13.2246 1085.3316 725.3933 725.3933 702.2087 93.7052 303.4061 182.93 206.3209 309.5011 1094.8677 296.1627 469.6112 276.1353 118.114 378.4246 162.851 264.3142 1106.2726;
	3.7968 51.3028 88.8214 114.2744 14.6716 33.8187 28.039 17.6331 27.6408 30.4844 56.3499 84.063 126.5564 65.0777 202.0543 76.1228 94.4486 100.0874 88.9103 73.3018 9.3463 78.9103 72.296 86.2768 98.8546 75.3488 12.9043 1090.47 740.8663 740.8663 673.0637 92.4465 296.3677 188.6789 204.0274 316.103 1049.5676 297.9179 473.7402 264.7891 118.481 375.162 173.7254 260.9033 1060.5006;
	3.7384 50.5143 86.9788 112.5034 14.2869 33.177 27.1042 17.449 28.2351 29.9258 55.3175 82.5228 124.2376 67.2708 203.612 76.7096 95.1768 100.8589 88.9643 73.2718 9.0347 77.4131 72.3997 83.5715 97.3587 73.1887 12.6169 1076.1664 743.5811 743.5811 681.1865 92.0868 296.5478 188.6017 210.9032 317.2613 1098.6462 293.9648 474.3945 260.7824 114.8885 368.044 174.3473 256.4247 1110.0904;
	3.8144 51.5413 88.2318 113.9087 14.7354 33.3316 28.6753 17.0699 27.9021 30.0272 55.5048 82.8022 124.6583 67.3864 202.4222 76.2614 94.6206 100.2696 86.3033 72.7951 9.5584 77.7738 73.8317 87.4637 97.5426 73.193 12.4772 967.3332 732.415 732.415 689.7961 99.5776 287.6775 187.3747 211.2653 312.4971 969.7637 310.043 466.0918 261.2748 115.5417 369.7591 156.8199 249.5611 979.8654;
	3.7832 51.1196 90.208 116.0891 15.2378 33.1869 28.6764 17.514 27.6991 30.4904 56.361 84.0795 126.5813 65.7685 203.4304 76.6412 95.0919 100.769 88.9508 71.9964 9.5588 77.4362 74.1586 86.3995 97.6785 73.5437 12.9975 962.5261 698.3939 698.3939 719.8334 98.4715 296.5028 185.3189 206.193 297.9814 937.3762 332.7822 474.0788 261.6388 116.2937 368.1539 152.035 257.8609 947.1405;
	3.852 52.0495 91.4783 113.3857 15.1596 34.0166 25.3928 17.8115 27.7107 31.1372 57.5567 85.8633 129.2667 67.6953 201.9878 76.0977 94.4176 100.0544 89.2058 73.0694 8.4643 79.3722 74.9831 88.0215 97.7478 74.1955 13.1069 908.1576 683.7591 683.7591 677.0068 87.4448 297.3527 188.0809 212.234 291.7372 854.3681 325.6261 475.4012 261.8245 119.141 377.3579 178.0746 247.7119 863.2678;
	3.8618 52.1818 93.6467 115.1073 15.154 33.9387 25.0559 18.1409 26.5923 29.6788 54.8608 81.8416 123.212 66.3705 200.7136 75.6177 93.8219 99.4233 86.6339 72.569 8.352 79.1902 73.2757 89.5385 102.3627 75.9849 13.5982 1062.1027 727.7291 727.7291 679.1157 100.549 288.7798 186.7927 208.0803 310.4978 982.7685 315.3351 469.2062 274.1858 119.0797 376.493 179.648 257.5229 993.0057;
	3.7676 50.9091 90.9124 115.0979 15.2298 34.5792 23.733 17.6021 26.1733 29.9481 55.3587 82.5842 124.3301 64.625 202.7037 76.3675 94.7522 100.4091 88.2629 73.7339 7.911 80.6847 72.7649 88.8053 100.6187 74.806 12.8003 986.7841 699.36 699.36 653.1656 96.7043 294.2098 189.7912 202.6081 298.3936 1016.879 303.722 455.9693 269.5144 120.3925 383.5983 184.0747 234.2243 1027.4715;
	3.7655 50.8799 92.5745 115.1325 15.0904 33.7898 25.0863 15.4363 26.681 29.932 55.3288 82.5397 124.2631 64.3134 202.8133 76.4087 94.8034 100.4633 90.3725 73.1019 8.3621 78.8428 71.4623 88.3967 100.3708 72.3317 12.1161 1115.5707 685.609 685.609 630.1278 85.1376 301.2418 188.1645 201.6314 292.5265 1032.7702 289.5337 468.8756 268.8505 119.3614 374.8412 186.7141 251.4921 1043.5283;
