function windprofile = ex_wind_profilesh1
%EX_WIND_PROFILE_D  Example wind_load_nyiso profile data for deterministic unit commitment.
% 2022.03.12
% Andres F. Ramirez


%% define constants
[GEN_BUS, PG, QG, QMAX, QMIN, VG, MBASE, GEN_STATUS, PMAX, PMIN, ...
    MU_PMAX, MU_PMIN, MU_QMAX, MU_QMIN, PC1, PC2, QC1MIN, QC1MAX, ...
    QC2MIN, QC2MAX, RAMP_AGC, RAMP_10, RAMP_30, RAMP_Q, APF] = idx_gen;
[CT_LABEL, CT_PROB, CT_TABLE, CT_TBUS, CT_TGEN, CT_TBRCH, CT_TAREABUS, ...
    CT_TAREAGEN, CT_TAREABRCH, CT_ROW, CT_COL, CT_CHGTYPE, CT_REP, ...
    CT_REL, CT_ADD, CT_NEWVAL, CT_TLOAD, CT_TAREALOAD, CT_LOAD_ALL_PQ, ...
    CT_LOAD_FIX_PQ, CT_LOAD_DIS_PQ, CT_LOAD_ALL_P, CT_LOAD_FIX_P, ...
    CT_LOAD_DIS_P, CT_TGENCOST, CT_TAREAGENCOST, CT_MODCOST_F, ...
    CT_MODCOST_X] = idx_ct;

windprofile = struct( ...
    'type', 'mpcData', ...
    'table', CT_TGEN, ...
    'rows', [1:45], ...
    'col', PMAX, ...
    'chgtype', 1, ...
    'values', [] );
windprofile.values(:,1,:) = [
	3.7684 50.9193 87.0847 104.307 14.6235 32.4231 27.7504 18.2105 24.5802 28.4315 52.5551 78.4019 118.0336 66.4792 189.2903 71.314 88.4822 93.7647 18.6492 68.3478 9.2501 75.654 68.1638 86.4998 102.1838 73.1818 13.6015 1046.7519 682.6156 682.6156 631.8242 109.9214 62.1641 175.9274 208.4214 291.2493 1165.3724 228.4843 444.0584 273.7066 119.3017 359.6807 140.1512 271.8485 1177.5117;
	3.5745 48.3 84.3491 109.6696 14.6765 31.1953 26.8553 17.6542 19.0236 23.642 43.7018 65.1945 98.15 63.5921 188.1219 70.8738 87.936 93.186 15.0729 69.6332 8.9518 72.7891 65.1796 85.1109 93.4865 71.042 12.5505 1027.6004 662.5024 662.5024 600.3772 109.2128 50.243 179.2361 199.3697 282.6677 1102.5362 236.8162 425.7446 250.4104 118.7378 346.0601 132.1036 270.5113 1114.0209;
	3.6554 49.3924 90.3982 60.8864 14.8911 32.9704 27.522 18.2056 23.8128 27.7633 51.32 76.5594 115.2598 63.9898 193.4816 72.8931 90.4414 95.8409 23.5109 67.8974 9.174 76.931 62.2486 88.1966 102.8756 72.4896 13.6029 1029.9806 630.0494 630.0494 557.3352 109.7749 78.3698 174.7682 200.6167 268.8211 1088.7333 237.3312 424.4253 275.5597 121.2746 365.7522 130.4585 277.277 1100.0742;
	3.6482 49.295 87.5047 72.2545 14.7164 32.4476 23.7894 18.0056 15.4193 27.5899 50.9995 76.0813 114.5399 64.3964 195.8856 73.7988 91.5651 97.0317 33.1737 68.6336 7.9298 75.711 53.4323 86.3845 98.6004 72.864 13.5131 1069.446 593.2022 593.2022 491.9348 101.4397 110.5791 176.6631 201.8914 253.0996 989.0303 235.787 358.6669 264.1082 118.1883 359.9515 161.3729 268.2742 999.3327;
	3.4471 46.578 84.8868 95.3549 14.2118 32.6579 20.3591 17.829 15.185 27.9543 51.673 77.086 116.0526 64.9079 192.0081 72.3379 89.7526 95.111 71.2441 67.9844 6.7864 76.2018 53.887 85.1495 96.3165 72.8494 13.2743 1037.1055 605.8021 605.8021 501.244 102.2262 237.4802 174.992 203.495 258.4756 1093.6098 237.593 354.5291 257.9906 117.7225 362.2853 167.9293 259.983 1105.0016;
	3.5995 48.6367 81.4338 109.6815 14.2699 32.4843 26.0413 17.9504 19.2524 27.9767 51.7145 77.1479 116.1457 66.6359 192.0186 72.3419 89.7576 95.1162 85.7022 69.4326 8.6804 75.7966 62.9152 84.1624 98.0334 71.7566 13.4204 1159.2487 682.8871 682.8871 508.3382 104.9697 285.6741 178.7197 208.9126 291.3652 1060.3959 241.6833 418.397 262.5895 114.041 360.3587 182.044 258.9729 1071.4417;
	3.5667 48.1943 82.2642 104.0516 14.0852 31.5747 28.8497 17.593 22.8821 29.2125 53.9989 80.5557 121.2762 68.834 196.7554 74.1265 91.9717 97.4626 88.4339 70.4132 9.6166 73.6742 71.0857 83.6141 90.2696 73.0493 13.1293 1132.2283 696.711 696.711 532.6938 103.2743 294.7796 181.2437 215.804 297.2634 1065.1688 255.392 438.0763 241.7936 116.3943 350.2684 162.2659 256.961 1076.2643;
	3.6367 49.1396 87.4836 111.9108 14.8306 32.8608 28.3227 17.998 25.8851 29.0091 53.6229 79.9948 120.4317 68.4205 193.3796 72.8547 90.3937 95.7904 84.8857 69.0103 9.4409 76.6753 71.9474 84.8245 101.4475 73.5139 13.0963 1105.906 701.2331 701.2331 536.1539 89.2124 282.9525 177.6328 214.5076 299.1928 1113.1688 249.9642 443.9317 271.7345 114.1869 364.5361 184.9169 258.534 1124.7643;
	3.8553 52.0936 89.7031 117.5949 15.068 34.4975 29.393 18.0886 26.1067 29.6086 54.731 81.6479 122.9205 68.5228 201.6268 75.9617 94.2488 99.8756 89.0022 69.8112 9.7977 80.4943 71.4281 86.4621 101.2507 74.7052 13.2763 1187.0976 768.0653 768.0653 622.0057 87.2691 296.6741 179.6943 214.8282 327.7079 1227.0615 292.3813 451.0912 271.2072 120.1257 382.6928 182.3717 271.9036 1239.8434;
	3.8592 52.1462 90.489 117.1596 14.5576 34.226 29.6639 18.4642 25.5684 28.6839 53.0218 79.098 119.0817 66.3903 200.9859 75.7203 93.9492 99.5582 88.2296 69.4093 9.888 79.8607 70.3971 86.9973 100.4309 76.2401 13.19 1156.3883 727.375 727.375 662.489 93.9364 294.0985 178.6598 208.1425 310.3467 1179.9167 299.722 454.795 269.0113 118.5885 379.6807 160.515 268.8798 1192.2075;
	3.8747 52.3553 92.1549 118.34 14.8452 33.678 28.9983 18.28 27.1415 29.4538 54.4449 81.2211 122.2779 65.7553 201.0856 75.7578 93.9958 99.6075 86.3617 70.1987 9.6661 78.5821 70.8661 86.5929 98.2447 75.4079 12.9637 1199.3464 740.0329 740.0329 652.2007 94.8699 287.8723 180.6916 206.1516 315.7474 1174.8128 303.3364 467.2204 263.1554 115.8583 373.6015 169.4612 260.7596 1187.0504;
	3.9211 52.9828 92.8824 117.663 14.7606 34.5053 27.972 18.2517 26.8319 29.8692 55.2128 82.3666 124.0024 69.1945 200.2402 75.4393 93.6006 99.1887 88.2615 70.0286 9.324 80.5124 71.2582 84.6866 97.967 75.0753 13.0644 1145.5081 755.9701 755.9701 677.5927 101.2973 294.2051 180.2539 216.9341 322.5472 1194.1481 295.6784 467.7468 262.4117 114.2675 382.7791 190.2016 261.9647 1206.5871;
	3.9108 52.8429 90.6867 119.576 14.3135 34.5927 30.4045 18.6298 27.2775 30.2812 55.9743 83.5027 125.7128 68.8021 200.3165 75.4681 93.6363 99.2266 85.9804 71.5326 10.1348 80.7163 72.7386 87.0795 99.8809 75.5616 13.0689 1128.0009 741.9769 741.9769 687.1517 109.7225 286.6012 184.1252 215.7038 316.5768 1080.773 309.102 474.2942 267.538 115.4566 383.7483 168.3717 258.8288 1092.0311;
	3.9078 52.803 91.9657 117.6857 14.7629 34.3559 30.249 19.0546 26.4085 29.7774 55.043 82.1134 123.6212 69.4634 201.0644 75.7499 93.9859 99.597 88.3033 70.4855 10.083 80.1637 72.8252 87.36 101.8635 76.0913 13.4208 1131.9304 731.7175 731.7175 734.9573 104.3591 294.3442 181.4298 217.7773 312.1995 1106.3891 314.0609 473.4092 272.8487 115.2593 381.1209 160.8294 270.6718 1117.914;
	3.7959 51.2913 88.8401 112.0658 14.2833 33.5978 27.606 18.5009 26.7814 28.8161 53.266 79.4624 119.6303 69.2238 193.1249 72.7587 90.2747 95.6642 85.4943 69.6152 9.202 78.3949 68.3943 86.0717 101.4071 73.6841 13.1374 1110.2498 691.6356 691.6356 742.4389 107.6852 284.981 179.1896 217.0261 295.0978 1008.664 324.9041 463.1986 271.626 113.2942 372.7116 177.7526 253.7166 1019.1709;
	3.8062 51.4298 90.3572 116.4021 14.4624 34.3306 29.8177 18.4354 27.6752 29.7044 54.9082 81.9123 123.3184 69.0241 198.5133 74.7887 92.7934 98.3333 85.1786 70.054 9.9392 80.1047 73.0974 84.4562 101.0225 73.172 13.5112 1229.9744 735.9514 735.9514 735.2039 111.2466 283.9286 180.3192 216.3998 314.0059 1139.1608 319.708 477.5045 270.5959 115.1701 380.8407 189.9812 257.8407 1151.0271;
	3.65 49.3198 90.1764 118.1777 14.4956 34.4452 27.3006 17.9089 27.1139 29.6664 54.8379 81.8073 123.1604 66.6134 195.9367 73.818 91.589 97.057 89.2337 71.7901 9.1002 80.3722 73.4378 87.0837 104.1027 72.7676 12.8184 1074.3669 643.948 643.948 680.649 103.5625 297.4456 184.788 208.8419 274.7511 1096.4149 301.43 466.9474 278.8465 120.089 382.1125 178.5595 249.3878 1107.8359;
	3.9064 52.7839 91.6096 113.4146 15.3313 33.677 28.1758 15.4356 27.7111 29.3584 54.2686 80.9581 121.882 68.144 194.7952 73.388 91.0555 96.4916 90.1412 68.702 9.3919 78.5797 70.9837 87.3279 104.7075 71.4354 12.1553 1207.6749 661.3865 661.3865 718.5314 102.912 300.4708 176.839 213.6405 282.1916 1181.9044 326.6617 472.1087 280.4665 122.6586 373.5905 191.8955 262.1853 1194.2159;
