function solarprofile = ex_solar_profilesh1
%EX_WIND_PROFILE_D  Example wind_load_nyiso profile data for deterministic unit commitment.
% 2022.03.12
% Andres F. Ramirez


%% define constants
[GEN_BUS, PG, QG, QMAX, QMIN, VG, MBASE, GEN_STATUS, PMAX, PMIN, ...
    MU_PMAX, MU_PMIN, MU_QMAX, MU_QMIN, PC1, PC2, QC1MIN, QC1MAX, ...
    QC2MIN, QC2MAX, RAMP_AGC, RAMP_10, RAMP_30, RAMP_Q, APF] = idx_gen;
[CT_LABEL, CT_PROB, CT_TABLE, CT_TBUS, CT_TGEN, CT_TBRCH, CT_TAREABUS, ...
    CT_TAREAGEN, CT_TAREABRCH, CT_ROW, CT_COL, CT_CHGTYPE, CT_REP, ...
    CT_REL, CT_ADD, CT_NEWVAL, CT_TLOAD, CT_TAREALOAD, CT_LOAD_ALL_PQ, ...
    CT_LOAD_FIX_PQ, CT_LOAD_DIS_PQ, CT_LOAD_ALL_P, CT_LOAD_FIX_P, ...
    CT_LOAD_DIS_P, CT_TGENCOST, CT_TAREAGENCOST, CT_MODCOST_F, ...
    CT_MODCOST_X] = idx_ct;

solarprofile = struct( ...
    'type', 'mpcData', ...
    'table', CT_TGEN, ...
    'rows', [1:12], ...
    'col', PMAX, ...
    'chgtype', 1, ...
    'values', [] );
solarprofile.values(:,1,:) = [
	0.0 0.0 0.0 0.0 0.0 0.0 0.0 0.0 0.0 0.0 0.0 0.0;
	0.0 0.0 0.0 0.0 0.0 0.0 0.0 0.0 0.0 0.0 0.0 0.0;
	0.0 0.0 0.0 0.0 0.0 0.0 0.0 0.0 0.0 0.0 0.0 0.0;
	0.0 0.0 0.0 0.0 0.0 0.0 0.0 0.0 0.0 0.0 0.0 0.0;
	0.0 0.0 0.0 0.0 0.0 0.0 0.0 0.0 0.0 0.0 0.0 0.0;
	0.0 0.0 0.002 0.0 0.0 0.0 0.0 0.0 0.0 0.0 0.0 0.0;
	3.0036 3.822 2.2107 4.6965 8.9154 145.512 18.189 30.0882 54.0748 68.598 38.9293 124.2314;
	14.1546 12.7028 9.7529 8.7755 13.3778 370.8146 46.3518 72.2568 83.5949 49.4131 19.1963 89.4875;
	22.5022 16.6029 13.8 10.7375 13.617 401.518 50.1898 75.7369 100.1858 127.5077 78.8303 230.9172;
	25.8695 16.5874 13.746 11.2835 11.9938 276.9527 34.6191 75.2117 142.1265 139.0005 189.0848 251.7307;
	25.6368 16.5491 13.5622 11.411 10.509 154.9035 19.3629 74.5029 152.5438 142.4227 211.8112 257.9284;
	26.0588 16.5833 13.529 11.2832 9.581 122.4495 15.3062 74.0116 175.5944 106.5735 188.1981 193.0052;
	26.3192 16.5926 13.5252 11.5912 9.8039 269.93 33.7412 76.1269 204.6198 67.5715 44.185 122.3723;
	23.3094 16.6083 13.6668 11.5984 10.8611 330.7722 41.3465 78.0133 213.2301 83.6878 23.3567 151.5591;
	17.6709 13.6157 10.0274 10.4233 10.7038 350.716 43.8395 76.0822 226.3163 73.6229 34.3759 133.3315;
	8.9702 7.1395 4.3163 8.5813 8.2257 193.9148 24.2393 48.0943 208.5175 31.8395 23.7297 57.6616;
	0.8384 0.683 0.4251 1.6559 3.0983 49.5364 6.1921 8.6197 32.5955 17.3106 14.2362 31.3496;
	0.0 0.0 0.0 0.0 0.0 0.0 0.0 0.0 0.0 0.0 0.0 0.0;
	0.0 0.0 0.0 0.0 0.0 0.0 0.0 0.0 0.0 0.0 0.0 0.0;
	0.0 0.0 0.0 0.0 0.0 0.0 0.0 0.0 0.0 0.0 0.0 0.0;
	0.0 0.0 0.0 0.0 0.0 0.0 0.0 0.0 0.0 0.0 0.0 0.0;
	0.0 0.0 0.0 0.0 0.0 0.0 0.0 0.0 0.0 0.0 0.0 0.0;
	0.0 0.0 0.0 0.0 0.0 0.0 0.0 0.0 0.0 0.0 0.0 0.0;
	0.0 0.0 0.0 0.0 0.0 0.0 0.0 0.0 0.0 0.0 0.0 0.0;
];
