function windprofile = ex_wind_profilesh1
%EX_WIND_PROFILE_D  Example wind_load_nyiso profile data for deterministic unit commitment.
% 2022.03.12
% Andres F. Ramirez


%% define constants
[GEN_BUS, PG, QG, QMAX, QMIN, VG, MBASE, GEN_STATUS, PMAX, PMIN, ...
    MU_PMAX, MU_PMIN, MU_QMAX, MU_QMIN, PC1, PC2, QC1MIN, QC1MAX, ...
    QC2MIN, QC2MAX, RAMP_AGC, RAMP_10, RAMP_30, RAMP_Q, APF] = idx_gen;
[CT_LABEL, CT_PROB, CT_TABLE, CT_TBUS, CT_TGEN, CT_TBRCH, CT_TAREABUS, ...
    CT_TAREAGEN, CT_TAREABRCH, CT_ROW, CT_COL, CT_CHGTYPE, CT_REP, ...
    CT_REL, CT_ADD, CT_NEWVAL, CT_TLOAD, CT_TAREALOAD, CT_LOAD_ALL_PQ, ...
    CT_LOAD_FIX_PQ, CT_LOAD_DIS_PQ, CT_LOAD_ALL_P, CT_LOAD_FIX_P, ...
    CT_LOAD_DIS_P, CT_TGENCOST, CT_TAREAGENCOST, CT_MODCOST_F, ...
    CT_MODCOST_X] = idx_ct;

windprofile = struct( ...
    'type', 'mpcData', ...
    'table', CT_TGEN, ...
    'rows', [1:45], ...
    'col', PMAX, ...
    'chgtype', 1, ...
    'values', [] );
windprofile.values(:,1,:) = [
	3.9198 52.9656 94.8933 112.7869 15.4004 34.2867 29.3104 18.1475 28.1428 31.2558 57.7758 86.1901 129.7588 69.8146 199.9877 75.3442 93.4826 99.0637 34.9477 71.5929 9.7701 80.0023 75.7152 88.3723 102.1333 73.557 13.5479 1204.7451 722.2033 722.2033 636.9259 110.0749 116.4925 184.2802 218.8781 308.1401 1217.1132 229.952 475.3013 273.5712 119.3736 380.3538 149.0347 270.1973 1229.7915;
	3.7299 50.3991 94.2825 118.118 15.2358 32.8644 30.0102 18.2987 28.1022 30.5141 56.4048 84.1448 126.6795 69.2619 193.6793 72.9675 90.5338 95.9388 31.5696 72.2703 10.0034 76.6835 73.3381 87.5924 101.0418 73.7393 13.3304 1209.2371 733.4343 733.4343 644.1364 110.3918 105.2321 186.0239 217.1453 312.932 1241.0136 241.4392 475.2606 270.6478 121.1364 364.5753 133.2286 268.0641 1253.9409;
	3.8913 52.5801 94.8152 66.1697 15.3147 34.2556 30.098 18.3745 28.2853 30.664 56.6819 84.5582 127.302 68.9701 199.1745 75.0378 93.1025 98.6608 35.3384 71.0297 10.0327 79.9296 74.5298 87.7739 103.3791 75.3874 13.6327 1236.1184 722.138 722.138 595.2667 109.2215 117.7947 182.8306 216.2307 308.1122 1246.982 230.0365 474.2283 276.9083 121.2364 380.0082 140.3802 270.0341 1259.9714;
	3.7467 50.6265 91.7997 84.2642 14.7599 34.013 29.0492 18.0942 28.0993 30.3807 56.1582 83.777 126.1259 67.7954 201.3504 75.8576 94.1196 99.7387 42.2698 71.1681 9.6831 79.3636 70.2349 87.279 100.2057 74.6029 13.4413 1232.9137 751.4837 751.4837 588.1655 99.984 140.8993 183.1868 212.5477 320.633 1168.7925 245.3708 473.651 268.4082 117.1434 377.3174 168.6123 268.6674 1180.9674;
	3.4464 46.5681 90.486 117.0424 14.5558 33.8527 25.2079 18.0825 28.1417 30.8029 56.9388 84.9415 127.8789 68.0146 193.4833 72.8937 90.4422 95.8417 77.8729 70.1984 8.4026 78.9897 67.9443 86.8781 101.3987 73.8004 13.2398 1191.3211 716.8742 716.8742 575.3752 96.6342 259.5762 180.6908 213.2349 305.8663 1230.43 248.223 475.1793 271.6037 119.4747 375.5395 184.472 260.3162 1243.247;
	3.61 48.7791 88.6169 116.9058 14.2443 34.439 29.9718 18.0993 28.07 30.8523 57.03 85.0776 128.0838 68.8668 194.7583 73.3741 91.0382 96.4733 89.4987 71.3007 9.9906 80.3576 75.4461 85.644 102.7071 73.7404 13.543 1231.3335 738.876 738.876 542.6507 94.3961 298.329 183.5282 215.9066 315.2538 1179.8211 226.157 475.9848 275.1084 119.0742 382.0431 192.0134 258.8945 1192.1109;
	3.581 48.3873 88.2752 114.4798 14.0012 33.2625 29.5108 17.5635 26.8533 30.5776 56.5223 84.3201 126.9435 67.109 196.7756 74.1341 91.9811 97.4726 90.1717 70.9524 9.8369 77.6124 75.6593 83.4853 99.0646 74.8277 12.8347 1206.9476 732.4217 732.4217 576.7477 95.1228 300.5724 182.6317 210.3959 312.4999 1146.4384 246.5579 457.7057 265.3517 120.0104 368.9917 193.9126 251.525 1158.3805;
	3.5838 48.4248 88.2023 115.5531 14.5303 33.7565 28.7691 18.6728 26.3764 30.354 56.109 83.7035 126.0152 67.3152 197.0052 74.2206 92.0885 97.5863 86.9937 72.1099 9.5897 78.7651 75.3836 85.3876 105.0798 76.2561 13.6997 1135.162 702.0826 702.0826 524.1296 82.8362 289.9791 185.6111 211.0422 299.5552 1102.188 226.3887 450.0039 281.4638 123.2331 374.4717 191.0792 247.9137 1113.6691;
	3.5582 48.0789 87.4574 104.4038 12.4506 34.067 29.2682 17.8103 25.3542 30.7581 56.8559 84.8178 127.6928 69.2971 198.0643 74.6196 92.5835 98.1109 85.4853 71.173 9.7561 79.4896 74.9777 83.6971 99.2779 74.4167 13.2338 1200.2079 782.4939 782.4939 584.1904 77.7753 284.951 183.1994 217.2559 333.8641 1206.8349 252.2875 442.056 265.9229 118.0048 377.9162 167.6099 260.1067 1219.4061;
	3.6071 48.7392 88.6012 111.0456 14.0689 34.0207 29.1425 17.6081 24.8249 31.0649 57.4229 85.6637 128.9663 69.8922 200.9039 75.6894 93.9109 99.5175 89.1383 71.7582 9.7142 79.3817 75.6522 84.2654 98.5297 72.7797 13.2639 1152.2551 739.4171 739.4171 642.0232 88.6168 297.1275 184.7057 219.1214 315.4846 1120.6746 270.3403 454.7175 263.9187 116.3761 377.4032 161.5294 259.4522 1132.3483;
	3.718 50.2378 92.5012 116.5808 14.1701 34.2561 26.471 17.9789 25.311 31.439 58.1146 86.6955 130.5196 69.8286 196.6889 74.1014 91.9406 97.4296 88.6383 71.3021 8.8237 79.931 75.7927 86.8749 99.0442 71.8035 13.3845 1156.0527 754.7639 754.7639 672.7769 89.3009 295.4609 183.5318 218.9222 322.0326 1069.6528 273.6198 448.6825 265.297 118.9215 380.0147 166.3801 261.9278 1080.795;
	3.6949 49.9267 90.2397 115.3214 14.1433 33.0669 26.1174 18.4329 24.9045 30.9714 57.2502 85.406 128.5782 69.8063 199.7836 75.2673 93.3872 98.9626 91.0749 73.1696 8.7058 77.1562 74.7817 85.1928 100.4706 71.4873 13.5621 1093.473 755.051 755.051 659.5307 93.9234 303.583 188.3386 218.8521 322.1551 1097.1042 269.1716 452.3508 269.1177 115.6719 366.8226 178.6517 261.0531 1108.5324;
	3.8193 51.6075 90.1903 117.1433 14.8765 33.9568 28.9904 17.976 25.9675 30.1209 55.678 83.0607 125.0474 69.7493 198.9292 74.9454 92.9878 98.5393 91.3016 71.5183 9.6635 79.2326 74.1226 88.6467 102.3128 72.5902 13.1864 1089.3488 790.5527 790.5527 684.9793 99.3482 304.3387 184.0884 218.6734 337.3025 1038.4412 298.6124 455.696 274.0522 114.5572 376.6943 164.3706 255.2854 1049.2583;
	3.829 51.7382 89.3525 116.5725 14.5098 32.5792 28.7712 18.6165 24.8981 30.3373 56.0781 83.6575 125.9459 69.7935 202.8977 76.4405 94.8429 100.5051 91.0707 72.4604 9.5904 76.0182 75.6031 88.4056 100.1892 74.1196 13.7229 1014.6892 734.3788 734.3788 683.0725 98.9122 303.5689 186.5132 218.8121 313.335 993.8133 307.0699 452.5104 268.3641 116.4312 361.4124 150.8458 263.0264 1004.1655;
	3.6457 49.2609 91.0195 116.0208 14.8926 31.9328 24.5692 19.0238 25.041 30.1158 55.6687 83.0467 125.0264 69.4732 199.8837 75.305 93.434 99.0121 87.3685 72.1768 8.1897 74.5099 75.4199 89.209 102.4813 74.6457 14.0347 967.3795 693.3109 693.3109 642.1389 88.4829 291.2282 185.7832 217.8078 295.8126 864.0496 305.3912 443.3566 274.5035 116.5632 354.2415 166.2291 255.432 873.0501;
	3.7973 51.3102 93.9379 117.9444 14.7829 33.6142 27.6348 18.9244 26.6346 29.6807 54.8644 81.8468 123.22 69.4863 197.5627 74.4306 92.3491 97.8625 87.0643 69.6915 9.2116 78.4332 75.4952 87.1675 103.1208 74.9155 14.1308 1026.9809 772.1006 772.1006 655.8044 99.4877 290.2145 179.3861 217.849 329.4296 999.2162 303.9714 469.7851 276.2164 118.1889 372.8939 179.2335 268.6849 1009.6247;
	3.7546 50.7326 92.0269 118.1831 14.8994 33.7081 25.4809 18.1685 26.4608 29.6415 54.7919 81.7387 123.0572 68.3339 189.5785 71.4226 88.6169 93.9075 88.4459 70.7048 8.4936 78.6523 74.8138 88.2211 101.3857 73.552 13.2445 987.0282 764.7775 764.7775 647.0177 91.5733 294.8198 181.9943 214.236 326.3051 1066.2622 273.6908 444.0025 271.5687 121.026 373.9355 188.3954 241.7563 1077.3691;
	3.8598 52.1539 93.2843 114.7731 14.7485 32.789 26.2586 15.3544 27.3736 29.6639 54.8333 81.8005 123.1502 69.3843 189.2877 71.313 88.481 93.7634 87.02 70.1199 8.7529 76.5076 75.0598 88.28 104.4278 71.0259 11.7294 1120.0666 749.0263 749.0263 709.7677 90.176 290.0666 180.4888 217.529 319.5846 1109.7072 292.3815 465.9617 279.7174 123.1631 363.7388 193.2885 248.0118 1121.2666;
