function windprofile = ex_wind_profilesh1
%EX_WIND_PROFILE_D  Example wind_load_nyiso profile data for deterministic unit commitment.
% 2022.03.12
% Andres F. Ramirez


%% define constants
[GEN_BUS, PG, QG, QMAX, QMIN, VG, MBASE, GEN_STATUS, PMAX, PMIN, ...
    MU_PMAX, MU_PMIN, MU_QMAX, MU_QMIN, PC1, PC2, QC1MIN, QC1MAX, ...
    QC2MIN, QC2MAX, RAMP_AGC, RAMP_10, RAMP_30, RAMP_Q, APF] = idx_gen;
[CT_LABEL, CT_PROB, CT_TABLE, CT_TBUS, CT_TGEN, CT_TBRCH, CT_TAREABUS, ...
    CT_TAREAGEN, CT_TAREABRCH, CT_ROW, CT_COL, CT_CHGTYPE, CT_REP, ...
    CT_REL, CT_ADD, CT_NEWVAL, CT_TLOAD, CT_TAREALOAD, CT_LOAD_ALL_PQ, ...
    CT_LOAD_FIX_PQ, CT_LOAD_DIS_PQ, CT_LOAD_ALL_P, CT_LOAD_FIX_P, ...
    CT_LOAD_DIS_P, CT_TGENCOST, CT_TAREAGENCOST, CT_MODCOST_F, ...
    CT_MODCOST_X] = idx_ct;

windprofile = struct( ...
    'type', 'mpcData', ...
    'table', CT_TGEN, ...
    'rows', [1:45], ...
    'col', PMAX, ...
    'chgtype', 1, ...
    'values', [] );
windprofile.values(:,1,:) = [
	3.8955 52.6367 90.6127 113.6363 15.0921 34.0596 29.1263 18.6686 26.4052 30.561 56.4915 84.2741 126.8743 66.4506 197.561 74.4299 92.3483 97.8616 33.3907 70.0326 9.7088 79.4724 70.6701 88.4306 103.4564 72.1727 13.8696 1201.3439 705.4493 705.4493 618.8204 112.7625 111.3023 180.2642 208.3316 300.9917 1210.9958 238.0526 468.8203 277.1153 119.6645 377.8344 147.1926 270.8282 1223.6104;
	3.851 52.0358 90.2049 118.2994 14.7363 33.7957 30.0168 18.7651 26.4125 29.4826 54.4982 81.3006 122.3976 68.0824 203.0775 76.5083 94.9269 100.5942 34.2477 72.6511 10.0056 78.8566 70.4406 87.661 102.366 70.9584 13.519 1151.2188 735.5387 735.5387 599.4814 111.8503 114.1589 187.0042 213.4475 313.8298 1185.4513 241.8679 464.8812 274.1945 121.1377 374.9067 139.1096 273.3891 1197.7997;
	3.8621 52.186 91.2006 64.7293 14.6091 34.3744 29.5596 18.7378 26.2189 29.7653 55.0206 82.08 123.5709 68.4823 202.6355 76.3417 94.7203 100.3752 30.0552 71.5193 9.8532 80.207 70.6228 87.5265 103.2607 72.0612 13.9002 1134.7772 712.8609 712.8609 565.0924 110.9247 100.184 184.0909 214.7011 304.154 1205.8793 244.5953 458.0171 276.5911 121.5529 381.3272 139.9262 274.3974 1218.4406;
	3.8316 51.773 90.9874 84.3824 14.9813 34.3609 27.7376 19.0423 26.0225 29.8633 55.2019 82.3504 123.9781 68.7449 202.4213 76.2611 94.6202 100.2692 41.5095 70.9814 9.2459 80.1755 66.6883 87.941 103.753 73.2004 13.9235 1137.9065 707.7778 707.7778 525.4765 97.072 138.3648 182.7064 215.5245 301.9852 1126.5148 246.8248 448.9027 277.9099 121.8623 381.1772 177.1056 274.4388 1138.2493;
	3.6294 49.0415 93.2324 119.8266 14.8396 34.3476 22.7623 19.1505 26.4727 30.1209 55.6781 83.0608 125.0476 68.2396 192.3347 72.461 89.9053 95.2728 76.8653 69.5643 7.5874 80.1444 57.5356 89.3809 106.0366 75.2671 14.0746 1106.278 688.8189 688.8189 531.0831 96.9958 256.2178 179.0588 213.9402 293.8961 1180.025 234.5651 442.413 284.0267 116.7792 381.0293 182.7051 269.67 1192.317;
	3.7443 50.5931 89.2865 112.0222 14.5386 33.4928 26.8233 18.9886 25.9339 30.3338 56.0716 83.6477 125.9312 69.1826 192.4097 72.4892 89.9404 95.3099 87.0823 70.9807 8.9411 78.1498 68.5079 88.6654 105.3392 73.0529 14.118 1193.6866 729.7085 729.7085 507.2805 96.9225 290.2745 182.7045 216.8969 311.3423 1122.7635 221.0723 449.2094 282.1585 115.9306 371.5467 179.9596 252.9436 1134.459;
	3.7565 50.7585 90.5127 112.7977 14.6724 33.1853 26.5923 18.9587 26.2925 30.5586 56.4871 84.2676 126.8644 68.6895 193.5233 72.9088 90.4609 95.8615 87.2562 71.0906 8.8641 77.4324 72.9269 88.9646 105.8123 75.6594 14.1025 1226.5929 745.1474 745.1474 582.3269 97.1281 290.854 182.9873 215.3509 317.9295 1126.8738 245.8619 445.6422 283.4257 116.1376 368.1358 186.0674 248.2224 1138.6121;
	3.7604 50.8119 93.0791 118.8918 15.08 33.6149 28.2904 18.9098 27.3675 30.6469 56.6503 84.511 127.2309 68.0431 197.3847 74.3635 92.2659 97.7743 84.305 72.4158 9.4301 78.4349 73.5464 88.7066 106.542 75.654 14.0739 1128.7529 722.7366 722.7366 561.6563 82.3936 281.0168 186.3983 213.3243 308.3676 1126.1197 227.8712 455.0237 285.3803 116.4179 372.9017 197.7088 251.5077 1137.8501;
	3.8427 51.9231 94.8862 120.4041 15.3757 34.8805 29.6793 18.307 27.7756 30.8786 57.0787 85.1502 128.1932 69.6165 199.8272 75.2837 93.4076 98.9842 86.5581 69.7074 9.8931 81.3878 74.5459 89.0774 106.2386 74.5428 13.9947 1189.9315 807.4881 807.4881 626.0776 79.3236 288.5272 179.4271 218.257 344.5283 1221.5382 269.5459 451.7071 284.5678 118.6021 386.9409 185.139 272.2312 1234.2626;
	3.8584 52.1359 93.9529 117.0936 15.2734 34.4812 30.4456 18.118 27.1496 29.8655 55.206 82.3564 123.9871 69.1378 198.2092 74.6742 92.6513 98.1827 83.532 68.935 10.1485 80.4561 72.0877 87.9816 105.3399 71.7717 13.922 1120.6739 761.7086 761.7086 686.7848 88.2268 278.4401 177.4389 216.7562 324.9957 1176.4027 282.4039 443.2869 282.1606 116.7867 382.5112 171.3269 261.4069 1188.6569;
	3.887 52.5224 92.6796 114.4579 15.41 34.7132 28.7033 18.0609 27.9439 30.4017 56.1971 83.835 126.2132 66.9292 194.5789 73.3065 90.9543 96.3845 84.5678 69.0672 9.5678 80.9975 72.8011 88.171 102.5048 71.6198 13.7891 1099.4523 790.2411 790.2411 673.8767 90.0334 281.8928 177.7792 209.832 337.1695 1115.0345 299.6768 445.8702 274.5665 116.746 385.0851 184.0837 267.6896 1126.6494;
	3.8911 52.5768 91.9525 114.6988 15.3984 34.1951 26.768 17.7579 27.6763 29.9617 55.3838 82.6218 124.3866 67.4424 195.6764 73.7199 91.4673 96.9281 86.8208 67.3917 8.9227 79.7885 72.2276 86.0943 101.399 71.9234 13.5625 1055.4317 765.004 765.004 686.6107 97.9508 289.4026 173.4665 211.4409 326.4017 1138.8255 296.1101 449.1612 271.6044 112.4981 379.3374 186.1817 270.9496 1150.6882;
	3.8802 52.4305 90.1913 111.3105 15.3681 32.2619 28.694 17.7738 27.0141 30.768 56.8743 84.8452 127.734 68.0618 195.7584 73.7508 91.5057 96.9687 79.9299 69.4052 9.5647 75.2777 74.2294 87.155 99.6678 73.8939 13.368 1015.2678 786.1443 786.1443 701.3335 96.7399 266.4329 178.6493 213.3829 335.4216 1010.2795 302.3202 453.5369 266.9675 112.3583 357.8917 151.5653 268.2522 1020.8033;
	3.9098 52.8297 91.8444 114.3518 15.3667 32.4186 28.1504 18.4437 27.2173 30.6271 56.6138 84.4566 127.149 68.8222 196.8914 74.1777 92.0353 97.5299 87.431 69.5886 9.3835 75.6435 74.6635 87.732 101.7065 74.7608 13.8544 1021.123 741.9144 741.9144 708.0858 95.6756 291.4367 179.1211 215.7669 316.5502 1007.8247 313.8087 455.04 272.4282 113.1246 359.6306 157.1913 276.2365 1018.3229;
	3.9077 52.8014 91.4316 111.4112 15.2267 32.7496 24.437 18.4917 26.6265 31.0644 57.422 85.6624 128.9642 67.3562 194.0632 73.1122 90.7133 96.129 86.3391 69.4961 8.1457 76.4157 74.4548 88.776 100.8338 74.7282 13.5738 988.2151 728.4226 728.4226 659.3332 94.5304 287.7968 178.8832 211.1708 310.7937 935.416 304.4237 445.543 270.0905 112.4308 363.302 178.2939 264.3249 945.16;
	3.891 52.5755 92.0483 111.69 14.9594 33.0669 23.944 17.8131 26.6892 30.2182 55.8579 83.3291 125.4515 68.4029 195.4858 73.6481 91.3782 96.8336 84.6296 69.3051 7.9813 77.156 73.5347 89.1203 100.0224 74.6424 13.5295 1034.325 742.9115 742.9115 648.2239 102.4104 282.0987 178.3915 214.4523 316.9756 1013.829 297.7073 445.8862 267.9172 112.7935 366.8219 183.2987 264.6534 1024.3897;
	3.7898 51.2079 92.7403 113.3655 15.2569 33.7163 21.0182 17.5136 26.6206 30.5731 56.514 84.3078 126.9249 66.15 196.2527 73.9371 91.7367 97.2135 87.9592 70.1579 7.0061 78.6713 72.6579 90.0299 104.1453 73.7571 12.69 1053.2156 757.3974 757.3974 683.4501 106.4174 293.1973 180.5867 207.3893 323.1562 1100.9887 299.1503 432.1122 278.9607 113.9146 374.026 178.8799 248.6651 1112.4574;
	3.9105 52.8395 93.8829 112.1079 15.3588 33.6725 24.0588 14.3592 26.7559 29.6774 54.8582 81.8376 123.206 67.9053 190.5641 71.7939 89.0776 94.3957 87.8151 69.1709 8.0196 78.5691 69.8855 89.6841 103.9873 68.4638 11.6263 1124.818 729.2066 729.2066 667.6811 98.9083 292.717 178.0462 212.8923 311.1281 1098.8467 310.384 452.4889 278.5374 119.1832 373.54 192.638 257.0852 1110.2931;
