function loadprofile = ex_load_profilesh1
%EX_LOAD_PROFILE  Example load profile data file for stochastic unit commitment.
% 2022.03.12
% Andres F. Ramirez

%% define constants
[CT_LABEL, CT_PROB, CT_TABLE, CT_TBUS, CT_TGEN, CT_TBRCH, CT_TAREABUS, ...
    CT_TAREAGEN, CT_TAREABRCH, CT_ROW, CT_COL, CT_CHGTYPE, CT_REP, ...
    CT_REL, CT_ADD, CT_NEWVAL, CT_TLOAD, CT_TAREALOAD, CT_LOAD_ALL_PQ, ...
    CT_LOAD_FIX_PQ, CT_LOAD_DIS_PQ, CT_LOAD_ALL_P, CT_LOAD_FIX_P, ...
    CT_LOAD_DIS_P, CT_TGENCOST, CT_TAREAGENCOST, CT_MODCOST_F, ...
    CT_MODCOST_X] = idx_ct;

loadprofile = struct( ...
    'type', 'mpcData', ...
    'table', CT_TAREALOAD, ...
    'rows', [1:11], ...
    'col', CT_LOAD_ALL_P, ...
    'chgtype', 1, ...
    'values', [] );
loadprofile.values(:,1,:) = [
	1477.902 903.1315 1546.7152 455.6849 740.998 1039.916 864.2268 269.6823 488.0 4475.4834 1633.5271;
	1472.8118 889.1574 1533.5378 451.182 733.816 1060.5721 862.1834 264.3285 483.0516 4420.3367 1630.7756;
	1509.9305 917.6351 1602.6 460.5398 745.5385 1089.3679 869.5162 267.1094 477.6309 4455.4023 1635.45;
	1593.0247 982.8995 1726.7 483.2552 817.204 1167.0942 934.3 294.8119 535.9721 4723.2327 1757.0912;
	1721.7695 1108.838 1934.8 518.5831 944.6418 1324.0264 1043.2822 332.5001 613.0 5280.2573 2005.9638;
	1782.8923 1186.621 2080.5906 537.8813 1020.6 1413.5751 1115.3642 341.4 680.6 5933.2429 2150.2006;
	1861.7808 1204.0821 2064.7295 541.0364 1024.8132 1435.7578 1140.3 365.6018 677.5036 6257.1033 2185.744;
	1913.1689 1230.8423 2090.8401 572.9289 1061.2 1471.2008 1187.0918 372.563 696.1675 6453.6029 2193.0132;
	1922.1064 1207.6383 2120.1649 541.5002 1048.6855 1467.8899 1173.181 394.3 689.4 6500.7478 2203.5918;
	1888.3233 1231.8 2130.6054 556.6828 1046.6072 1460.33 1188.282 446.8758 678.7622 6490.5862 2214.9498;
	1897.7 1220.5747 2100.7031 545.7838 1052.5268 1410.2995 1152.9859 405.9482 663.79 6475.009 2127.4574;
	1906.5123 1233.1 2132.7635 556.0119 1057.7244 1417.9591 1145.1154 421.8738 656.3761 6488.7987 2208.6961;
	1899.1602 1270.5975 2134.2501 550.4466 1076.5505 1470.7203 1134.5849 411.5822 657.1 6432.3544 2179.1065;
	1872.2138 1217.5 2116.0136 535.2815 1035.7 1424.9922 1114.6502 419.6682 660.3594 6394.2882 2223.601;
	1871.1 1200.5789 2124.9299 517.8763 1038.7644 1415.1036 1117.7273 388.6941 647.2173 6384.8571 2219.2841;
	1889.9124 1223.2 2144.6041 521.8614 1054.1055 1433.526 1135.8979 414.0585 679.2105 6413.4048 2342.6133;
	1879.3616 1248.6174 2196.2558 557.862 1088.1362 1495.8801 1207.0534 402.2764 694.9 6391.1459 2394.9681;
	1928.4395 1275.9307 2157.7 562.7221 1131.3201 1531.3473 1287.2202 422.3 730.5095 6350.0397 2494.1886;
	1937.7614 1295.2083 2165.3649 565.1342 1092.6539 1504.4396 1255.0187 404.6872 721.6 6218.2743 2438.2781;
	1860.2454 1221.1 2053.0 537.5576 995.9157 1405.6941 1192.6399 391.0 693.0968 6067.537 2342.7321;
	1771.6181 1128.5372 1906.7455 488.2921 915.5 1327.5339 1122.5 338.7353 650.3759 5695.0882 2141.4025;
	1701.6785 1093.0997 1856.7397 503.1163 905.0499 1273.484 1042.4279 308.7697 594.0591 5297.3594 1985.2518;
	1603.9486 995.7896 1736.0557 518.9021 861.5653 1195.0347 986.3956 278.1 549.4566 4982.3178 1799.4871;
	1576.1616 968.0148 1741.9387 537.2657 838.2834 1166.3257 956.2807 271.0808 533.9735 4779.67 1743.3861;
];
