function windprofile = ex_wind_profilesh1
%EX_WIND_PROFILE_D  Example wind_load_nyiso profile data for deterministic unit commitment.
% 2022.03.12
% Andres F. Ramirez


%% define constants
[GEN_BUS, PG, QG, QMAX, QMIN, VG, MBASE, GEN_STATUS, PMAX, PMIN, ...
    MU_PMAX, MU_PMIN, MU_QMAX, MU_QMIN, PC1, PC2, QC1MIN, QC1MAX, ...
    QC2MIN, QC2MAX, RAMP_AGC, RAMP_10, RAMP_30, RAMP_Q, APF] = idx_gen;
[CT_LABEL, CT_PROB, CT_TABLE, CT_TBUS, CT_TGEN, CT_TBRCH, CT_TAREABUS, ...
    CT_TAREAGEN, CT_TAREABRCH, CT_ROW, CT_COL, CT_CHGTYPE, CT_REP, ...
    CT_REL, CT_ADD, CT_NEWVAL, CT_TLOAD, CT_TAREALOAD, CT_LOAD_ALL_PQ, ...
    CT_LOAD_FIX_PQ, CT_LOAD_DIS_PQ, CT_LOAD_ALL_P, CT_LOAD_FIX_P, ...
    CT_LOAD_DIS_P, CT_TGENCOST, CT_TAREAGENCOST, CT_MODCOST_F, ...
    CT_MODCOST_X] = idx_ct;

windprofile = struct( ...
    'type', 'mpcData', ...
    'table', CT_TGEN, ...
    'rows', [1:45], ...
    'col', PMAX, ...
    'chgtype', 1, ...
    'values', [] );
windprofile.values(:,1,:) = [
	3.6216 48.9363 88.964 104.635 14.4665 30.8161 26.1987 18.6678 27.1522 29.8059 55.0957 82.192 123.7396 69.0978 191.8935 72.2948 89.6991 95.0542 33.3676 70.4646 8.7329 71.9042 71.9555 87.6985 104.2553 75.9656 13.8401 1079.8737 669.4781 669.4781 558.3913 104.4721 111.2253 181.376 216.6308 285.644 1032.3585 231.7025 449.0872 279.2554 119.1004 341.8532 133.3487 266.799 1043.1123;
	3.7178 50.2355 92.7724 116.1439 14.6964 31.4028 28.0451 18.8841 27.6954 29.5778 54.6741 81.563 122.7927 69.2534 188.652 71.0736 88.1839 93.4486 31.814 71.3459 9.3484 73.2731 69.1502 87.8095 103.153 75.9697 13.9101 1121.8699 689.733 689.733 547.9896 104.5674 106.0467 183.6446 217.1189 294.2861 1085.872 238.8509 449.9074 276.3026 122.3344 348.3613 132.1486 279.8258 1097.1832;
	3.6448 49.2498 92.7451 59.8066 14.5437 32.0339 27.3122 18.1705 26.9915 28.2675 52.2521 77.9498 117.3531 68.6588 183.1898 69.0157 85.6306 90.7429 31.7074 68.7874 9.1041 74.7457 62.8783 87.7864 102.3719 74.3145 13.57 1113.1433 661.0093 661.0093 513.0867 103.5944 105.6914 177.059 215.2545 282.0306 1084.6283 228.663 419.2617 274.2104 120.9451 355.3622 136.8976 273.8395 1095.9265;
	3.6491 49.307 90.1061 77.818 14.6551 32.1837 27.3549 18.2989 26.5896 27.1228 50.1361 74.7932 112.6007 67.7956 177.8842 67.0168 83.1505 88.1147 43.9905 68.349 9.1183 75.0953 47.5252 86.1609 100.18 73.7329 13.589 1143.1609 683.2643 683.2643 521.8144 102.6007 146.635 175.9306 212.5484 291.5261 1030.0746 244.0563 427.1463 268.3393 116.2362 357.0243 171.8107 276.2928 1040.8046;
	3.1348 42.3582 89.6957 113.8392 14.317 31.8023 21.0702 18.4655 25.8654 26.8249 49.5854 73.9716 111.3638 67.2193 190.0559 71.6024 88.8401 94.1439 81.4486 67.6451 7.0234 74.2054 35.1875 86.0465 102.4098 73.9104 13.383 1085.7195 614.1029 614.1029 496.958 103.6057 271.4952 174.1187 210.7416 262.0172 1057.644 244.3394 398.808 274.3119 114.7211 352.7938 172.3657 271.1842 1068.6611;
	3.5064 47.3787 87.6176 111.16 14.1512 31.7849 25.1006 18.3118 25.7605 28.1675 52.0673 77.6741 116.938 67.4615 193.5704 72.9265 90.4829 95.8848 89.7715 70.2756 8.3669 74.1648 53.1013 86.3447 103.2896 72.5178 13.61 1167.9526 673.9351 673.9351 480.8821 100.2113 299.2383 180.8896 211.5008 287.5456 1019.7428 226.0921 433.9268 276.6686 112.5943 352.6005 179.4474 269.0823 1030.3651;
	3.5544 48.0276 88.2714 110.7767 14.1702 29.7248 25.9878 17.6977 26.3424 29.7892 55.0648 82.1458 123.6701 66.3314 191.6761 72.2129 89.5974 94.9465 88.2461 70.2174 8.6626 69.3579 71.7583 85.2136 100.0221 73.0599 13.0373 1215.872 715.7118 715.7118 534.1815 94.8275 294.1537 180.7397 207.958 305.3704 1060.6371 242.4355 443.033 267.9163 112.8985 329.7474 174.2207 264.5384 1071.6854;
	3.5587 48.0858 88.3254 115.1096 14.5461 32.1363 26.0959 18.0794 26.1981 29.4276 54.3964 81.1488 122.169 65.6126 193.1448 72.7662 90.284 95.6741 85.5384 70.7322 8.6986 74.9847 72.2485 86.2259 104.619 73.539 13.3883 1186.8978 690.4373 690.4373 469.9321 79.5611 285.1281 182.0649 205.7044 294.5866 1040.3464 223.3065 442.0838 280.2296 112.685 356.4988 177.8654 262.3106 1051.1833;
	3.6542 49.3766 88.1371 116.5609 14.4462 32.6925 25.9136 17.7244 26.2315 29.2667 54.0991 80.7051 121.5011 68.3842 195.6452 73.7082 91.4528 96.9126 91.0508 71.532 8.6379 76.2826 71.2888 86.4231 104.0517 73.1945 13.2766 1200.5009 756.8817 756.8817 549.3342 79.3947 303.5025 184.1235 214.3937 322.9362 1130.4568 273.1335 437.8164 278.71 116.1737 362.6691 163.1044 271.8342 1142.2324;
	3.846 51.968 87.1938 113.0875 15.1615 33.2251 27.1003 18.0651 26.5942 29.2907 54.1433 80.7712 121.6006 66.3937 194.9846 73.4593 91.1439 96.5854 88.9414 70.5369 9.0334 77.5253 71.5159 87.4514 102.8668 75.6309 13.5554 1176.5546 742.3115 742.3115 642.473 89.8099 296.4714 181.5622 208.1533 316.7196 1120.8643 299.7202 434.6078 275.5361 117.2376 368.5773 152.6072 274.9272 1132.5399;
	3.8051 51.4148 89.7782 113.3396 15.0856 31.9269 23.3238 18.2997 27.0829 29.4447 54.4282 81.1961 122.2403 65.7084 200.2929 75.4592 93.6253 99.2149 90.3962 71.4343 7.7746 74.4962 71.8345 88.4567 103.6006 75.6809 13.5071 1164.6233 759.64 759.64 652.3407 89.4966 301.3205 183.8722 206.0048 324.1131 1102.4409 302.8252 433.4938 277.5015 115.9587 354.1761 155.5888 273.032 1113.9246;
	3.8535 52.0699 91.8306 114.8614 14.9718 32.6126 24.5729 17.5595 27.6441 30.4005 56.1949 83.8318 126.2083 66.4131 201.0534 75.7457 93.9808 99.5916 91.968 70.2608 8.191 76.096 72.8447 89.0585 103.8685 74.0703 12.9946 1143.2682 793.112 793.112 713.8579 103.5438 306.5602 180.8516 208.2139 338.3944 1174.3094 313.805 442.6891 278.2191 114.7196 361.782 186.2005 271.6724 1186.5418;
	3.7075 50.0958 92.5498 116.9918 15.1726 32.2219 26.2746 17.9891 27.4685 30.6097 56.5816 84.4086 127.0767 66.3601 198.9183 74.9413 92.9828 98.534 90.9115 70.0715 8.7582 75.1843 72.7692 89.5257 103.1309 74.9824 13.1098 1079.0903 770.7703 770.7703 715.0705 109.3891 303.0383 180.3643 208.048 328.862 1060.5806 323.5117 444.474 276.2436 118.6531 357.4479 153.7456 265.8546 1071.6283;
	3.6357 49.126 92.3343 117.2109 15.1447 31.8731 26.5962 18.2329 26.6905 30.9569 57.2233 85.3659 128.5179 64.6275 200.1603 75.4092 93.5633 99.1492 90.1102 72.2575 8.8654 74.3705 73.5119 89.6913 103.5457 74.2407 13.2171 979.2382 711.7944 711.7944 708.8148 103.2063 300.3672 185.991 202.616 303.6989 1028.7684 331.4489 447.7066 277.3546 114.8641 353.5786 152.9825 266.4798 1039.4848;
	3.6392 49.174 93.1058 115.1523 15.0107 32.1247 24.454 18.8702 26.409 31.0773 57.446 85.6981 129.018 65.6014 196.6398 74.0829 91.9177 97.4053 87.6878 71.992 8.1513 74.9576 72.4056 90.1061 104.2785 76.5202 13.7583 1002.9459 697.953 697.953 693.2876 105.5551 292.2925 185.3076 205.6693 297.7933 961.3972 330.351 453.2048 279.3175 120.1648 356.3699 166.7133 260.7761 971.4118;
	3.6602 49.4568 92.4279 115.5718 14.6842 31.7966 23.0089 18.2145 26.0752 30.5247 56.4245 84.1743 126.7239 65.1714 198.4365 74.7598 92.7575 98.2953 87.3869 71.4602 7.6696 74.1922 72.2534 90.0961 103.6642 76.3889 13.6114 1090.6992 695.9456 695.9456 618.2468 105.54 291.2898 183.9389 204.321 296.9368 1045.6468 299.4119 448.0176 277.672 114.8226 352.7307 169.5799 259.5988 1056.5389;
	3.4791 47.0103 91.0217 117.0467 14.1424 32.0253 23.2924 17.6193 26.0811 30.0325 55.5147 82.817 124.6805 62.4918 196.4062 73.9949 91.8085 97.2896 89.4426 71.873 7.7641 74.7257 69.6824 90.0147 103.975 75.6873 12.7986 1045.9448 688.0589 688.0589 639.3881 102.0871 298.1419 185.0012 195.9201 293.5718 1110.1969 297.8618 453.7316 278.5045 114.5231 355.2674 167.7144 231.8715 1121.7614;
	3.7381 50.5101 94.3458 115.9925 14.9893 31.7405 23.9854 15.4634 26.1997 28.8734 53.372 79.6205 119.8682 62.8363 186.3775 70.2166 87.1206 92.3219 88.4616 67.4026 7.9951 74.0612 63.7386 90.004 103.6289 70.7877 12.3795 1114.6678 683.9514 683.9514 679.1559 95.1371 294.8721 173.4944 197.0003 291.8193 1155.1578 307.4069 452.0166 277.5774 115.3833 352.1081 186.0241 248.8567 1167.1907;
