function loadprofile = ex_load_profilesh1
%EX_LOAD_PROFILE  Example load profile data file for stochastic unit commitment.
% 2022.03.12
% Andres F. Ramirez

%% define constants
[CT_LABEL, CT_PROB, CT_TABLE, CT_TBUS, CT_TGEN, CT_TBRCH, CT_TAREABUS, ...
    CT_TAREAGEN, CT_TAREABRCH, CT_ROW, CT_COL, CT_CHGTYPE, CT_REP, ...
    CT_REL, CT_ADD, CT_NEWVAL, CT_TLOAD, CT_TAREALOAD, CT_LOAD_ALL_PQ, ...
    CT_LOAD_FIX_PQ, CT_LOAD_DIS_PQ, CT_LOAD_ALL_P, CT_LOAD_FIX_P, ...
    CT_LOAD_DIS_P, CT_TGENCOST, CT_TAREAGENCOST, CT_MODCOST_F, ...
    CT_MODCOST_X] = idx_ct;

loadprofile = struct( ...
    'type', 'mpcData', ...
    'table', CT_TAREALOAD, ...
    'rows', [1:11], ...
    'col', CT_LOAD_ALL_P, ...
    'chgtype', 1, ...
    'values', [] );
loadprofile.values(:,1,:) = [
	1533.0098 897.6902 1600.4233 538.8728 805.3035 1135.3653 859.9 260.0757 460.4942 4425.639 1652.532;
	1522.1946 898.04 1614.4866 542.1986 800.7 1130.0 849.8 249.7363 450.5346 4329.9541 1640.8272;
	1528.4087 937.1 1638.9416 545.6 810.5743 1140.9615 869.5951 256.8209 483.2444 4363.6 1671.3;
	1593.0816 1026.3 1768.662 555.8 874.7849 1213.9194 905.3258 274.2785 506.0422 4645.8912 1779.2072;
	1713.2422 1147.9 1974.0 591.7755 1003.4189 1369.0815 996.0806 317.1623 580.6449 5128.561 2021.0063;
	1797.2929 1229.5758 2120.6126 618.3 1051.8705 1454.633 1078.9583 347.0014 658.7799 5688.3343 2173.2135;
	1826.6866 1210.0225 2082.1099 596.1466 1052.7338 1415.1737 1035.9458 340.4676 662.6377 5897.0281 2127.4523;
	1853.7412 1196.9115 2057.3238 562.9156 1051.5984 1401.6224 1057.7 344.0115 659.4897 6074.0092 2144.6415;
	1890.6144 1190.6429 2096.6024 570.5194 1074.0981 1403.1855 1071.6216 333.2 665.0578 6115.3247 2166.089;
	1899.6 1230.3343 2121.748 546.3505 1105.855 1463.4689 1034.7355 319.4821 649.1425 6092.273 2025.1553;
	1917.1687 1211.2 2091.3562 538.6357 1059.9621 1438.3401 1054.9648 316.7 630.8615 6199.764 1930.7778;
	1926.6087 1217.9528 2095.5241 553.0921 1026.5 1417.1565 1046.6 307.6797 595.9582 6157.09 1949.5659;
	1882.5975 1183.5695 1993.1129 532.2495 970.6059 1417.4161 1057.8756 300.7417 605.3698 6181.2264 1882.7855;
	1885.2364 1173.667 1984.8845 527.2069 966.1577 1426.6902 1051.5106 307.7554 639.2987 6186.0891 1853.6513;
	1858.5034 1144.8105 1952.7723 543.9006 989.3082 1430.8654 1031.1479 268.1814 664.3789 6129.581 1952.5528;
	1850.915 1106.4415 1902.6331 556.2746 989.5017 1421.5338 1015.0071 303.8797 651.0059 5985.7581 1800.9985;
	1855.3525 1151.9006 1970.1718 540.5185 1035.4245 1443.6765 1067.3679 307.4711 657.7695 5767.77 1970.312;
	1914.8452 1220.3032 2074.0173 566.7712 1077.934 1515.6888 1130.2697 345.0527 696.1301 6038.9675 2000.1132;
	1883.5978 1213.5137 2013.0285 579.0389 1038.4893 1492.066 1124.1486 302.2873 677.4561 5590.3616 1904.0781;
	1855.9999 1139.5849 1937.1899 569.5999 978.4758 1397.1399 1088.2189 318.491 646.4 5510.7404 1953.8424;
	1746.2121 1071.3897 1823.6169 569.1 934.5 1301.2 1008.5354 300.8389 588.3886 5168.0326 1903.8069;
	1683.3904 1009.3788 1755.6 560.0846 892.4002 1223.9633 975.6929 287.4002 556.7 4861.3572 1889.9409;
	1567.2342 939.9 1691.3039 553.2008 854.8924 1160.1 895.6674 277.9588 534.9589 4701.2 1778.3048;
	1566.4092 957.1241 1694.1078 553.2 855.1907 1153.1 884.2408 286.8257 526.1 4592.1414 1757.1;
];
