function loadprofile = ex_load_profilesh1
%EX_LOAD_PROFILE  Example load profile data file for stochastic unit commitment.
% 2022.03.12
% Andres F. Ramirez

%% define constants
[CT_LABEL, CT_PROB, CT_TABLE, CT_TBUS, CT_TGEN, CT_TBRCH, CT_TAREABUS, ...
    CT_TAREAGEN, CT_TAREABRCH, CT_ROW, CT_COL, CT_CHGTYPE, CT_REP, ...
    CT_REL, CT_ADD, CT_NEWVAL, CT_TLOAD, CT_TAREALOAD, CT_LOAD_ALL_PQ, ...
    CT_LOAD_FIX_PQ, CT_LOAD_DIS_PQ, CT_LOAD_ALL_P, CT_LOAD_FIX_P, ...
    CT_LOAD_DIS_P, CT_TGENCOST, CT_TAREAGENCOST, CT_MODCOST_F, ...
    CT_MODCOST_X] = idx_ct;

loadprofile = struct( ...
    'type', 'mpcData', ...
    'table', CT_TAREALOAD, ...
    'rows', [1:11], ...
    'col', CT_LOAD_ALL_P, ...
    'chgtype', 1, ...
    'values', [] );
loadprofile.values(:,1,:) = [
	1444.3925 817.7935 1445.7477 563.6696 660.8111 996.6823 798.614 259.6919 483.3 4372.7219 1584.4691;
	1462.6 859.5897 1502.5586 560.7724 668.9173 1016.6689 837.7392 272.6457 495.9492 4426.7175 1620.7469;
	1501.0 897.1469 1546.8625 560.7024 687.6293 1046.3747 831.3213 274.4 501.1 4431.4628 1649.276;
	1560.0159 955.5561 1632.2119 572.6903 756.1202 1104.3647 872.7375 298.4186 534.4 4673.5662 1727.2138;
	1705.1294 1074.8035 1786.9369 603.3196 890.0284 1267.4923 998.5 347.1112 611.1258 5271.9659 2008.3;
	1819.3777 1143.7538 1920.8757 632.8039 959.32 1340.8732 1055.8165 379.3232 698.0 6003.8734 2239.053;
	1889.8581 1184.0644 1980.9666 607.5093 988.6494 1350.1163 1086.811 385.8692 721.6035 6459.6439 2278.3437;
	1896.4667 1165.682 1976.8239 596.5 981.3416 1352.9409 1102.3026 379.0248 739.0921 6584.4498 2338.3295;
	1884.9604 1178.6335 2005.5417 602.3352 1013.4503 1348.1059 1134.2731 370.8892 743.4537 6751.4035 2394.8;
	1872.4604 1181.3456 2012.213 587.7 1007.812 1346.2981 1121.8 360.3817 715.5 6768.8673 2362.0003;
	1900.4999 1179.2847 1966.5955 583.3887 1001.1155 1313.2419 1107.0062 351.7696 712.6626 6557.5249 2293.4461;
	1871.8595 1162.2536 1952.6 578.2527 997.2401 1346.8772 1058.8263 346.6 706.6 6505.4637 2220.721;
	1919.7095 1181.5682 1957.1558 571.3 973.4344 1370.7717 1124.8124 332.3939 747.0534 6643.9066 2227.8514;
	1915.9 1186.1815 1970.4865 581.3267 1000.3 1390.0 1125.4086 320.6293 728.2926 6551.8021 2197.7352;
	1921.4072 1196.1585 1948.468 595.9602 1019.0879 1415.6949 1107.5145 340.5 727.6623 6626.6205 2304.0082;
	1947.7007 1203.9054 2001.9416 605.1386 1044.6532 1432.5529 1170.9142 349.9259 759.9687 6620.6574 2544.1855;
	1974.4059 1212.7151 2000.0268 608.8 1070.9617 1459.8887 1189.3504 359.3421 779.2229 6536.9501 2575.0323;
	1987.3758 1261.1724 2074.0483 625.6 1111.3927 1527.143 1260.2246 397.7603 824.396 6510.889 2761.2878;
	1928.6725 1289.5143 2071.1126 623.0 1047.5 1463.5 1194.0829 374.1 772.6496 6372.6485 2654.4729;
	1920.78 1209.1381 1995.9659 602.8537 1013.1382 1396.904 1160.771 358.11 742.2197 6343.2417 2604.6816;
	1801.604 1095.0315 1820.4551 581.1 932.3894 1293.3617 1080.1 334.3 683.9045 6046.3793 2343.3025;
	1717.0371 1046.8263 1747.0 564.7702 894.1576 1228.3 1034.0319 318.8798 653.51 5747.6797 2231.6533;
	1605.2605 973.949 1635.2743 576.504 825.524 1165.7717 934.8589 295.0328 596.201 5332.7646 1975.3576;
	1527.9848 943.4269 1589.3759 579.5 797.2 1123.7379 911.3165 283.4836 552.143 5078.5699 1817.3;
];
