function windprofile = ex_wind_profilesh1
%EX_WIND_PROFILE_D  Example wind_load_nyiso profile data for deterministic unit commitment.
% 2022.03.12
% Andres F. Ramirez


%% define constants
[GEN_BUS, PG, QG, QMAX, QMIN, VG, MBASE, GEN_STATUS, PMAX, PMIN, ...
    MU_PMAX, MU_PMIN, MU_QMAX, MU_QMIN, PC1, PC2, QC1MIN, QC1MAX, ...
    QC2MIN, QC2MAX, RAMP_AGC, RAMP_10, RAMP_30, RAMP_Q, APF] = idx_gen;
[CT_LABEL, CT_PROB, CT_TABLE, CT_TBUS, CT_TGEN, CT_TBRCH, CT_TAREABUS, ...
    CT_TAREAGEN, CT_TAREABRCH, CT_ROW, CT_COL, CT_CHGTYPE, CT_REP, ...
    CT_REL, CT_ADD, CT_NEWVAL, CT_TLOAD, CT_TAREALOAD, CT_LOAD_ALL_PQ, ...
    CT_LOAD_FIX_PQ, CT_LOAD_DIS_PQ, CT_LOAD_ALL_P, CT_LOAD_FIX_P, ...
    CT_LOAD_DIS_P, CT_TGENCOST, CT_TAREAGENCOST, CT_MODCOST_F, ...
    CT_MODCOST_X] = idx_ct;

windprofile = struct( ...
    'type', 'mpcData', ...
    'table', CT_TGEN, ...
    'rows', [1:45], ...
    'col', PMAX, ...
    'chgtype', 1, ...
    'values', [] );
windprofile.values(:,1,:) = [
	3.7075 50.0971 89.4696 100.6868 14.6606 33.4337 28.6377 18.2369 26.2012 31.3266 57.9067 86.3854 130.0527 65.7566 204.6528 77.1018 95.6633 101.3745 43.1699 73.8835 9.5459 78.012 75.7419 87.9195 102.0183 74.8521 13.5379 1180.5005 702.2944 702.2944 643.0158 119.072 143.8998 190.1763 206.1557 299.6456 1164.1002 245.8393 442.6024 273.2632 117.6866 370.8914 139.8729 275.8852 1176.2262;
	3.7551 50.7392 92.228 112.271 15.0899 34.2451 30.1805 18.7659 27.3501 31.1494 57.5791 85.8967 129.317 64.6249 199.5176 75.1671 93.2629 98.8308 40.2025 73.8918 10.0602 79.9052 75.3522 87.9501 102.1891 74.9582 13.531 1156.182 720.755 720.755 612.6954 116.4551 134.0084 190.1977 202.6079 307.5221 1176.5247 240.6058 456.542 273.7208 119.3661 379.8921 142.3999 283.6574 1188.7802;
	3.8257 51.6935 92.1369 57.117 14.9399 34.0132 29.3651 18.5803 26.7215 30.6954 56.74 84.6449 127.4324 63.5981 202.5875 76.3237 94.6979 100.3515 44.0358 73.816 9.7884 79.3642 74.2659 87.1583 101.8207 74.3292 13.7054 1161.6168 707.4621 707.4621 588.3355 114.3702 146.786 190.0026 199.3887 301.8505 1215.5271 229.5032 443.6801 272.7341 120.4038 377.3199 142.3561 283.2642 1228.1889;
	3.8825 52.4613 91.764 79.2538 15.1734 33.8023 28.4624 18.2312 27.5073 30.8772 57.076 85.1461 128.187 64.5248 202.5463 76.3081 94.6786 100.3311 55.1177 73.9167 9.4875 78.872 71.6499 86.2826 101.3814 73.6394 13.5134 1201.8204 704.989 704.989 560.6678 102.0513 183.7256 190.2618 202.2941 300.7953 1153.5572 235.4355 456.4537 271.5574 121.7762 374.9799 177.6305 281.6374 1165.5734;
	3.659 49.4406 92.3494 115.0598 15.2853 33.2308 24.4348 18.4929 27.3749 30.5265 56.4278 84.1792 126.7313 64.8953 202.0181 76.1092 94.4317 100.0695 85.1297 73.7047 8.1449 77.5385 62.2642 87.4325 103.2742 74.3862 13.5494 1127.456 659.1645 659.1645 528.0124 97.7817 283.7656 189.7161 203.4555 281.2435 1177.4698 237.59 462.6887 276.6274 119.1807 368.6402 189.8212 282.0681 1189.7351;
	3.7585 50.7862 87.4289 102.8783 14.7655 32.7116 28.0278 18.0777 26.4315 30.801 56.9353 84.9362 127.871 65.6989 204.6056 77.084 95.6412 101.3511 91.5677 73.806 9.3426 76.327 70.6897 86.4036 101.6035 73.0049 13.5642 1155.0808 693.1348 693.1348 501.7889 95.2093 305.2258 189.9769 205.975 295.7375 1116.6884 225.8086 468.0492 272.1523 114.7277 362.8804 191.8161 276.156 1128.3206;
	3.8406 51.895 90.809 112.1299 14.764 33.2388 28.4464 18.1499 26.7129 30.7012 56.7508 84.661 127.4567 65.4163 202.5194 76.298 94.666 100.3177 91.7394 73.7955 9.4821 77.5572 72.3179 86.396 102.2131 73.8431 13.257 1174.621 732.3397 732.3397 540.5414 96.0923 305.7982 189.9498 205.089 312.4649 1133.0676 248.1673 460.3293 273.785 117.6965 368.729 202.0129 273.0168 1144.8704;
	3.8721 52.3212 90.5705 113.1251 14.9726 33.2909 27.1208 18.2404 26.9986 30.0755 55.5941 82.9355 124.8589 64.9297 196.5746 74.0584 91.8872 97.373 87.8332 72.4964 9.0403 77.6788 71.7991 86.8811 104.9324 74.1671 13.3651 1169.7416 702.9158 702.9158 518.4422 82.7599 292.7774 186.6059 203.5633 299.9108 1148.8165 235.4037 462.7496 281.069 117.0063 369.3071 196.9736 272.527 1160.7833;
	3.8537 52.0713 91.7517 116.5469 14.7797 34.6884 29.6523 18.5349 27.949 30.8031 56.9391 84.9419 127.8795 67.0141 198.9437 74.9509 92.9946 98.5465 87.5586 70.6177 9.8841 80.9396 72.1886 86.8523 104.5706 72.8304 13.2946 1189.8949 822.68 822.68 642.059 82.6043 291.8621 181.7702 210.0984 351.0101 1239.6779 283.0058 475.1994 280.0999 119.0605 384.8098 182.888 274.3203 1252.5913;
	3.9078 52.8032 92.4682 114.3679 15.0282 33.8655 30.2768 18.0305 28.3536 31.1458 57.5725 85.8868 129.3022 68.5768 200.5658 75.562 93.7528 99.35 91.843 72.3382 10.0923 79.0195 72.3934 86.2401 101.6331 72.3717 13.2402 1214.6032 793.2277 793.2277 699.2073 92.4636 306.1434 186.1986 214.9974 338.4438 1236.3328 300.3573 477.5537 272.2315 121.7457 375.6812 165.5328 270.6815 1249.2113;
	3.923 53.008 92.9227 118.3192 14.929 34.5068 28.9445 18.8258 28.3488 30.7854 56.9064 84.8932 127.8062 67.548 201.1623 75.7867 94.0317 99.6455 90.8755 73.1776 9.6482 80.5158 73.1836 86.7519 104.5402 75.5839 13.6821 1243.3015 802.4913 802.4913 675.3708 94.4642 302.9183 188.3594 211.772 342.3963 1202.4337 309.0287 475.847 280.0185 123.659 382.7953 173.6725 273.8065 1214.9591;
	3.8453 51.9586 91.4875 115.8359 14.5969 33.6759 26.8095 18.4151 28.18 31.0438 57.384 85.6057 128.8789 67.772 201.5352 75.9272 94.206 99.8302 92.119 73.4388 8.9365 78.5771 73.2629 85.2379 103.6506 74.4363 13.4771 1146.2248 772.0623 772.0623 673.7511 99.5965 307.0633 189.0318 212.4742 329.4133 1162.5518 298.783 466.4887 277.6355 121.5891 373.5781 188.8475 272.923 1174.6617;
	3.7831 51.1175 88.5249 114.5815 14.7306 32.548 28.7052 18.0076 27.7386 30.9467 57.2044 85.3378 128.4755 66.1729 199.1044 75.0114 93.0697 98.6261 91.0244 72.8779 9.5684 75.9454 72.8526 86.9049 101.4165 75.2731 13.2523 1160.172 761.6998 761.6998 671.5149 104.0192 303.4145 187.5879 207.4609 324.9919 1090.5684 293.3864 452.3477 271.6514 120.2222 361.0663 158.4696 263.8223 1101.9284;
	3.7402 50.5386 89.5258 114.4907 14.3546 32.1246 27.5407 18.1742 27.1806 30.7453 56.8323 84.7825 127.6397 65.3631 199.3829 75.1163 93.1999 98.7641 92.6532 73.1687 9.1802 74.9574 72.1501 86.3463 98.7063 72.4213 13.1265 1098.8848 714.112 714.112 661.7284 100.7121 308.8439 188.3365 204.9221 304.6878 1063.5296 309.9355 458.3579 264.3919 121.8101 356.3689 150.8922 261.8341 1074.608;
	3.7364 50.4873 91.599 114.3386 14.2209 32.6739 27.0626 18.2549 27.938 31.0968 57.4819 85.7517 129.0987 66.198 198.1231 74.6417 92.611 98.1401 91.0826 72.4118 9.0209 76.2392 72.308 87.5489 99.0404 73.9221 13.1384 1045.9103 713.5279 713.5279 655.5389 99.3161 303.6088 186.3881 207.5396 304.4386 961.4255 325.6106 454.2644 265.2867 119.0352 362.4627 172.6452 259.627 971.4403;
	3.6301 49.0512 89.7907 112.9591 14.0732 31.999 25.7264 18.1582 26.1456 30.67 56.693 84.5748 127.3269 66.24 199.9675 75.3366 93.4732 99.0537 90.4873 73.2468 8.5755 74.6643 73.2695 86.3095 98.0479 74.0928 13.3615 1136.8491 718.1462 718.1462 620.5629 107.3696 301.6242 188.5374 207.6715 306.409 1065.3227 307.6861 444.1299 262.6282 115.8129 354.9753 171.3165 255.8553 1076.4199;
	3.6724 49.6223 92.0439 115.337 14.5828 32.9973 24.7629 17.4058 26.0314 31.0005 57.304 85.4863 128.6992 65.572 202.9639 76.4655 94.8738 100.5379 91.801 73.8964 8.2543 76.9938 74.3364 89.1991 100.8819 71.915 11.8844 1051.4376 699.0692 699.0692 589.7517 102.1946 306.0032 190.2096 205.5771 298.2695 1098.0135 264.9162 443.1395 270.2195 118.2191 366.0506 178.7936 241.5097 1109.4512;
	3.766 50.8871 92.4655 112.442 14.9824 32.7586 24.8086 15.0167 26.0698 30.8064 56.9451 84.9509 127.8931 65.4524 198.5024 74.7846 92.7883 98.3279 89.7055 73.4152 8.2695 76.4367 73.8403 88.5761 103.6215 67.2447 11.2356 1171.1915 707.3757 707.3757 643.6397 101.7959 299.0183 188.9709 205.202 301.8136 1144.1278 298.1708 439.7326 277.5577 119.7334 363.4019 183.195 256.3026 1156.0458;
