function loadprofile = ex_load_profilesh1
%EX_LOAD_PROFILE  Example load profile data file for stochastic unit commitment.
% 2022.03.12
% Andres F. Ramirez

%% define constants
[CT_LABEL, CT_PROB, CT_TABLE, CT_TBUS, CT_TGEN, CT_TBRCH, CT_TAREABUS, ...
    CT_TAREAGEN, CT_TAREABRCH, CT_ROW, CT_COL, CT_CHGTYPE, CT_REP, ...
    CT_REL, CT_ADD, CT_NEWVAL, CT_TLOAD, CT_TAREALOAD, CT_LOAD_ALL_PQ, ...
    CT_LOAD_FIX_PQ, CT_LOAD_DIS_PQ, CT_LOAD_ALL_P, CT_LOAD_FIX_P, ...
    CT_LOAD_DIS_P, CT_TGENCOST, CT_TAREAGENCOST, CT_MODCOST_F, ...
    CT_MODCOST_X] = idx_ct;

loadprofile = struct( ...
    'type', 'mpcData', ...
    'table', CT_TAREALOAD, ...
    'rows', [1:11], ...
    'col', CT_LOAD_ALL_P, ...
    'chgtype', 1, ...
    'values', [] );
loadprofile.values(:,1,:) = [
	1508.2854 887.3038 1516.6663 547.7028 801.9 1197.1918 858.5 235.2 483.5268 4427.7096 1589.6035;
	1530.3727 896.8831 1534.9148 548.6346 800.2561 1222.6466 870.8351 239.6808 490.3422 4417.0475 1624.858;
	1558.7391 919.154 1594.6149 548.7 794.3479 1201.0856 868.6824 245.1 487.0558 4454.0 1636.685;
	1661.8477 1002.1079 1716.0508 567.3 844.5865 1251.642 921.1615 262.9062 525.7805 4711.7349 1752.7151;
	1816.09 1126.693 1933.2776 612.9 970.3487 1379.8578 1017.9649 296.349 587.1723 5279.3492 2021.4375;
	1941.7033 1206.2767 2039.5674 631.5 1013.3585 1444.2916 1091.9 296.6408 664.0796 5878.6275 2180.1218;
	1994.4347 1247.6871 2092.8349 617.2731 1049.1341 1474.4485 1095.8286 299.1413 673.9245 6124.792 2170.7;
	2027.6198 1239.4633 2034.5443 598.0094 1004.0957 1450.615 1091.9081 318.0 670.9662 6315.9 2061.3475;
	2025.9361 1209.7579 1978.6607 568.9334 1002.6393 1465.3258 1113.7003 315.8035 679.6022 6419.3236 2035.0626;
	1963.1396 1199.3835 1983.5 569.0134 965.5819 1463.4519 1066.7592 309.4484 668.8707 6356.7017 2002.2289;
	1938.1201 1183.1 1933.6663 547.425 936.074 1451.5785 1061.156 297.5483 657.8203 6304.8391 1898.6008;
	1956.5469 1187.5531 1919.4132 565.4752 927.3 1418.3685 1026.7648 312.4883 654.0437 6241.3926 1823.3987;
	1908.2 1186.4871 1887.589 561.9 916.5313 1429.7222 1030.6 304.1 657.8683 6296.9974 1894.7702;
	1935.712 1199.5537 1929.5354 535.1526 954.4396 1445.4268 1049.2627 310.8 672.7 6381.7 2063.7356;
	1924.9814 1205.407 1939.0032 551.7517 923.0941 1429.6951 1040.3 312.438 666.9853 6272.8658 2092.5793;
	1864.5476 1219.1365 1960.4468 566.3401 987.9119 1478.7397 1096.5571 357.5643 685.6 6342.529 2274.6822;
	1909.8904 1243.6129 1999.052 568.0481 1048.851 1511.9128 1120.9843 350.7 688.8357 6280.5999 2370.3511;
	1997.7577 1310.1857 2036.7123 601.6218 1102.4458 1550.2559 1160.5728 374.1895 719.1423 6410.4825 2522.8259;
	2016.5263 1299.7537 2011.9564 612.3152 1042.1124 1490.9 1135.1834 358.4292 698.8897 6232.1773 2459.3298;
	1982.7973 1209.8772 1947.1198 600.0309 1009.3668 1450.9273 1116.3856 345.4072 680.9853 5957.6601 2356.8;
	1875.3217 1132.0 1829.9087 575.3495 937.0885 1364.8773 1055.9 308.3035 631.2285 5668.4951 2158.1244;
	1779.4124 1058.5853 1711.3234 569.0 846.8069 1264.7219 984.6764 256.8658 576.3934 5202.449 1958.6322;
	1698.3424 1008.3 1616.6426 575.1456 825.1947 1192.0686 958.9 270.2526 550.7846 4875.7301 1878.1913;
	1644.973 992.1306 1611.3436 590.3437 821.6558 1216.6788 927.9811 254.5 525.8193 4622.1 1786.6767;
];
