function solarprofile = ex_solar_profilesh1
%EX_WIND_PROFILE_D  Example wind_load_nyiso profile data for deterministic unit commitment.
% 2022.03.12
% Andres F. Ramirez


%% define constants
[GEN_BUS, PG, QG, QMAX, QMIN, VG, MBASE, GEN_STATUS, PMAX, PMIN, ...
    MU_PMAX, MU_PMIN, MU_QMAX, MU_QMIN, PC1, PC2, QC1MIN, QC1MAX, ...
    QC2MIN, QC2MAX, RAMP_AGC, RAMP_10, RAMP_30, RAMP_Q, APF] = idx_gen;
[CT_LABEL, CT_PROB, CT_TABLE, CT_TBUS, CT_TGEN, CT_TBRCH, CT_TAREABUS, ...
    CT_TAREAGEN, CT_TAREABRCH, CT_ROW, CT_COL, CT_CHGTYPE, CT_REP, ...
    CT_REL, CT_ADD, CT_NEWVAL, CT_TLOAD, CT_TAREALOAD, CT_LOAD_ALL_PQ, ...
    CT_LOAD_FIX_PQ, CT_LOAD_DIS_PQ, CT_LOAD_ALL_P, CT_LOAD_FIX_P, ...
    CT_LOAD_DIS_P, CT_TGENCOST, CT_TAREAGENCOST, CT_MODCOST_F, ...
    CT_MODCOST_X] = idx_ct;

solarprofile = struct( ...
    'type', 'mpcData', ...
    'table', CT_TGEN, ...
    'rows', [1:12], ...
    'col', PMAX, ...
    'chgtype', 1, ...
    'values', [] );
solarprofile.values(:,1,:) = [
	0.0 0.0 0.0 0.0 0.0 0.0 0.0 0.0 0.0 0.0 0.0 0.0;
	0.0 0.0 0.0 0.0 0.0 0.0 0.0 0.0 0.0 0.0 0.0 0.0;
	0.0 0.0 0.0 0.0 0.0 0.0 0.0 0.0 0.0 0.0 0.0 0.0;
	0.0 0.0 0.0 0.0 0.0 0.0 0.0 0.0 0.0 0.0 0.0 0.0;
	0.0 0.0 0.0 0.0 0.0 0.0 0.0 0.0 0.0 0.0 0.0 0.0;
	0.0 0.0 0.002 0.0 0.0 0.0 0.0 0.0 0.0 0.0 0.0 0.0;
	8.1937 6.8566 5.4829 2.8553 9.4659 409.0092 51.1261 59.033 186.7611 69.1616 39.9476 125.2521;
	12.1573 11.5447 6.7493 6.7014 12.9111 455.7076 56.9635 74.8749 239.1352 196.1822 137.4319 355.2871;
	15.965 14.762 10.4827 8.9794 12.6979 464.8105 58.1013 75.7977 218.1461 307.7728 209.6546 557.3784;
	22.1529 12.0024 12.3256 10.7145 10.2512 429.846 53.7307 66.9423 210.588 124.0617 200.0186 224.6764;
	23.903 13.9507 13.5513 10.8615 10.1321 403.4272 50.4284 60.1198 206.5707 196.0077 225.8353 354.9712;
	25.986 15.7138 13.7974 11.0052 10.0965 379.0265 47.3783 54.6399 211.9435 216.4456 230.5945 391.9843;
	26.3192 16.2914 13.8 11.5421 11.8981 409.336 51.167 70.1725 242.4412 32.054 155.2798 58.05;
	23.4653 16.2955 13.8 11.583 12.2628 427.572 53.4465 74.4065 249.9142 13.4533 45.8746 24.364;
	17.9775 11.1375 11.6573 9.2889 11.936 440.7431 55.0929 74.8204 251.2661 9.9091 18.0165 17.9454;
	7.664 4.2292 5.6831 5.3889 8.4855 411.6293 51.4537 62.1425 192.1462 9.7862 7.2221 17.7229;
	0.6973 0.586 0.3751 1.3225 2.8388 56.0029 7.0004 9.2907 26.4252 21.7104 18.5821 39.3176;
	0.0 0.0 0.0 0.0 0.0 0.0 0.0 0.0 0.0 0.0 0.0 0.0;
	0.0 0.0 0.0 0.0 0.0 0.0 0.0 0.0 0.0 0.0 0.0 0.0;
	0.0 0.0 0.0 0.0 0.0 0.0 0.0 0.0 0.0 0.0 0.0 0.0;
	0.0 0.0 0.0 0.0 0.0 0.0 0.0 0.0 0.0 0.0 0.0 0.0;
	0.0 0.0 0.0 0.0 0.0 0.0 0.0 0.0 0.0 0.0 0.0 0.0;
	0.0 0.0 0.0 0.0 0.0 0.0 0.0 0.0 0.0 0.0 0.0 0.0;
	0.0 0.0 0.0 0.0 0.0 0.0 0.0 0.0 0.0 0.0 0.0 0.0;
];
