function loadprofile = ex_load_profilesh1
%EX_LOAD_PROFILE  Example load profile data file for stochastic unit commitment.
% 2022.03.12
% Andres F. Ramirez

%% define constants
[CT_LABEL, CT_PROB, CT_TABLE, CT_TBUS, CT_TGEN, CT_TBRCH, CT_TAREABUS, ...
    CT_TAREAGEN, CT_TAREABRCH, CT_ROW, CT_COL, CT_CHGTYPE, CT_REP, ...
    CT_REL, CT_ADD, CT_NEWVAL, CT_TLOAD, CT_TAREALOAD, CT_LOAD_ALL_PQ, ...
    CT_LOAD_FIX_PQ, CT_LOAD_DIS_PQ, CT_LOAD_ALL_P, CT_LOAD_FIX_P, ...
    CT_LOAD_DIS_P, CT_TGENCOST, CT_TAREAGENCOST, CT_MODCOST_F, ...
    CT_MODCOST_X] = idx_ct;

loadprofile = struct( ...
    'type', 'mpcData', ...
    'table', CT_TAREALOAD, ...
    'rows', [1:11], ...
    'col', CT_LOAD_ALL_P, ...
    'chgtype', 1, ...
    'values', [] );
loadprofile.values(:,1,:) = [
	1464.9515 934.1705 1587.9743 570.0 788.775 1127.6532 894.8484 264.5 485.6056 4730.774 1728.4641;
	1476.8 952.925 1634.4565 582.7854 790.8 1185.2027 903.2429 262.0399 487.117 4806.5959 1725.5917;
	1481.8327 955.0203 1619.8402 573.8981 790.4232 1168.1692 883.2881 255.3689 477.9355 4555.909 1685.0364;
	1557.3697 1006.3 1744.2184 574.3327 843.5398 1242.9 929.6 280.9 524.4067 4797.8683 1809.1287;
	1690.159 1120.0564 1903.1336 587.2 954.8797 1378.4356 1030.8 335.7387 590.3153 5280.2696 2055.461;
	1811.9519 1210.1 2048.1 626.3749 1047.3368 1457.4145 1086.7104 379.3044 651.0771 5882.0377 2222.6029;
	1840.2925 1242.7589 2099.7991 618.629 1068.7 1492.206 1108.4537 378.8287 669.3574 6356.1497 2296.117;
	1875.8247 1281.0233 2131.1175 626.8 1080.1522 1540.1327 1150.9775 419.5575 704.9844 6484.6481 2374.3495;
	1899.7 1277.0415 2118.6086 625.492 1075.7494 1547.5711 1132.1972 388.4218 704.3846 6763.8929 2396.7099;
	1904.9458 1282.3391 2121.6 630.8983 1075.433 1551.4449 1134.4154 380.8413 701.5 6847.3178 2357.3249;
	1884.1541 1267.5578 2056.0143 618.6068 1060.6329 1491.8306 1041.0109 363.5101 665.5188 6524.6354 2188.0939;
	1951.0682 1262.1977 2016.4074 613.2529 978.2764 1455.253 1038.1026 344.5444 659.8799 6471.5594 2185.5781;
	1924.3319 1251.3215 2033.2518 599.5843 981.0296 1413.7345 1030.5766 347.2 653.7 6586.8723 2255.7896;
	1934.9386 1267.807 2061.8552 605.1527 1023.1173 1445.1843 1107.0029 377.9948 662.4 6831.5973 2316.9114;
	1886.8423 1229.9039 2013.1539 619.5849 1016.031 1432.8122 1148.4723 415.2804 656.7177 6961.8081 2423.3978;
	1878.1785 1239.606 2002.2919 631.2477 1032.5 1485.7809 1214.6781 387.43 686.4555 6702.1882 2528.1929;
	1888.9049 1258.1269 2058.0825 618.5979 1063.3098 1513.3095 1217.6555 419.7951 678.7804 6472.6943 2429.4416;
	1916.9767 1296.8985 2134.1963 639.9719 1082.7449 1609.9852 1335.8851 428.4822 715.1 6497.084 2642.5509;
	1932.4255 1264.3 2069.7942 641.8671 1041.4702 1557.1494 1260.1 417.8734 698.7084 6369.3061 2490.1183;
	1856.0718 1230.7521 2028.168 624.5681 980.9565 1505.8661 1257.9596 421.3755 677.9976 6317.6636 2448.1044;
	1767.1934 1131.8055 1905.3274 617.7541 929.926 1417.1672 1190.8342 382.9972 626.2576 5813.174 2221.3015;
	1698.2787 1072.6 1804.7498 594.0573 876.696 1324.3097 1074.1698 346.4539 579.3 5426.4014 2011.8944;
	1619.4124 1029.939 1708.3491 592.8057 844.5907 1245.6066 1038.8145 324.6047 555.6712 5154.4834 1974.7101;
	1570.1632 972.6608 1675.2699 595.4386 816.9056 1182.2753 930.9611 306.7914 516.2023 4752.5018 1811.3;
];
