function solarprofile = ex_solar_profilesh1
%EX_WIND_PROFILE_D  Example wind_load_nyiso profile data for deterministic unit commitment.
% 2022.03.12
% Andres F. Ramirez


%% define constants
[GEN_BUS, PG, QG, QMAX, QMIN, VG, MBASE, GEN_STATUS, PMAX, PMIN, ...
    MU_PMAX, MU_PMIN, MU_QMAX, MU_QMIN, PC1, PC2, QC1MIN, QC1MAX, ...
    QC2MIN, QC2MAX, RAMP_AGC, RAMP_10, RAMP_30, RAMP_Q, APF] = idx_gen;
[CT_LABEL, CT_PROB, CT_TABLE, CT_TBUS, CT_TGEN, CT_TBRCH, CT_TAREABUS, ...
    CT_TAREAGEN, CT_TAREABRCH, CT_ROW, CT_COL, CT_CHGTYPE, CT_REP, ...
    CT_REL, CT_ADD, CT_NEWVAL, CT_TLOAD, CT_TAREALOAD, CT_LOAD_ALL_PQ, ...
    CT_LOAD_FIX_PQ, CT_LOAD_DIS_PQ, CT_LOAD_ALL_P, CT_LOAD_FIX_P, ...
    CT_LOAD_DIS_P, CT_TGENCOST, CT_TAREAGENCOST, CT_MODCOST_F, ...
    CT_MODCOST_X] = idx_ct;

solarprofile = struct( ...
    'type', 'mpcData', ...
    'table', CT_TGEN, ...
    'rows', [1:12], ...
    'col', PMAX, ...
    'chgtype', 1, ...
    'values', [] );
solarprofile.values(:,1,:) = [
	0.0 0.0 0.0 0.0 0.0 0.0 0.0 0.0 0.0 0.0 0.0 0.0;
	0.0 0.0 0.0 0.0 0.0 0.0 0.0 0.0 0.0 0.0 0.0 0.0;
	0.0 0.0 0.0 0.0 0.0 0.0 0.0 0.0 0.0 0.0 0.0 0.0;
	0.0 0.0 0.0 0.0 0.0 0.0 0.0 0.0 0.0 0.0 0.0 0.0;
	0.0 0.0 0.0 0.0 0.0 0.0 0.0 0.0 0.0 0.0 0.0 0.0;
	0.0 0.0 0.002 0.0 0.0 0.0 0.0 0.0 0.0 0.0 0.0 0.0;
	1.4961 1.1892 2.6672 0.8314 3.4257 191.9235 23.9904 17.8339 84.4472 73.7616 44.1118 133.5827;
	4.4138 4.7258 4.4826 4.8184 11.6531 337.5752 42.1969 62.4082 96.3391 288.5617 195.1642 522.5871;
	10.5928 12.4884 10.7225 9.0087 12.7839 367.1549 45.8944 70.5301 112.3655 333.7215 213.8851 604.3716;
	8.4803 12.3922 9.8665 10.9483 10.8545 346.0814 43.2602 67.0539 180.9771 285.4908 191.9321 517.0255;
	7.928 12.2477 10.9428 11.2947 10.5077 371.5678 46.446 68.2463 206.282 294.267 214.7326 532.9193;
	13.0358 12.5189 12.1816 11.3939 10.077 388.0238 48.503 70.1521 215.3824 291.0564 219.153 527.105;
	18.4616 12.8312 13.5578 11.177 10.3855 420.5801 52.5725 72.1089 206.683 163.3336 121.2493 295.7982;
	14.9366 14.7391 13.799 10.7615 11.1573 424.1257 53.0157 73.851 194.6361 141.1474 59.7947 255.6188;
	11.9594 10.4754 11.5155 6.2329 11.0314 418.4261 52.3033 71.8508 189.2524 122.2049 70.267 221.3139;
	9.2823 7.1339 7.1565 3.7333 9.8107 379.2961 47.412 46.471 174.6294 144.4468 63.6878 261.594;
	1.112 0.7425 0.6344 1.5602 3.2143 71.669 8.9586 9.6718 30.1789 42.4403 29.6361 76.8596;
	0.0 0.0 0.0 0.0 0.0 0.0 0.0 0.0 0.0 0.0 0.0 0.0;
	0.0 0.0 0.0 0.0 0.0 0.0 0.0 0.0 0.0 0.0 0.0 0.0;
	0.0 0.0 0.0 0.0 0.0 0.0 0.0 0.0 0.0 0.0 0.0 0.0;
	0.0 0.0 0.0 0.0 0.0 0.0 0.0 0.0 0.0 0.0 0.0 0.0;
	0.0 0.0 0.0 0.0 0.0 0.0 0.0 0.0 0.0 0.0 0.0 0.0;
	0.0 0.0 0.0 0.0 0.0 0.0 0.0 0.0 0.0 0.0 0.0 0.0;
	0.0 0.0 0.0 0.0 0.0 0.0 0.0 0.0 0.0 0.0 0.0 0.0;
];
