function windprofile = ex_wind_profilesh1
%EX_WIND_PROFILE_D  Example wind_load_nyiso profile data for deterministic unit commitment.
% 2022.03.12
% Andres F. Ramirez


%% define constants
[GEN_BUS, PG, QG, QMAX, QMIN, VG, MBASE, GEN_STATUS, PMAX, PMIN, ...
    MU_PMAX, MU_PMIN, MU_QMAX, MU_QMIN, PC1, PC2, QC1MIN, QC1MAX, ...
    QC2MIN, QC2MAX, RAMP_AGC, RAMP_10, RAMP_30, RAMP_Q, APF] = idx_gen;
[CT_LABEL, CT_PROB, CT_TABLE, CT_TBUS, CT_TGEN, CT_TBRCH, CT_TAREABUS, ...
    CT_TAREAGEN, CT_TAREABRCH, CT_ROW, CT_COL, CT_CHGTYPE, CT_REP, ...
    CT_REL, CT_ADD, CT_NEWVAL, CT_TLOAD, CT_TAREALOAD, CT_LOAD_ALL_PQ, ...
    CT_LOAD_FIX_PQ, CT_LOAD_DIS_PQ, CT_LOAD_ALL_P, CT_LOAD_FIX_P, ...
    CT_LOAD_DIS_P, CT_TGENCOST, CT_TAREAGENCOST, CT_MODCOST_F, ...
    CT_MODCOST_X] = idx_ct;

windprofile = struct( ...
    'type', 'mpcData', ...
    'table', CT_TGEN, ...
    'rows', [1:45], ...
    'col', PMAX, ...
    'chgtype', 1, ...
    'values', [] );
windprofile.values(:,1,:) = [
	3.8333 51.796 92.8225 114.8956 14.7763 34.8322 27.3095 18.9772 25.7987 30.4706 56.3244 84.025 126.4992 69.4794 194.1879 73.1592 90.7716 96.1908 35.6801 71.6546 9.1032 81.275 74.1083 88.4265 106.0982 74.1573 13.9043 1128.2313 674.4577 674.4577 638.0214 101.833 118.9336 184.4391 217.8273 287.7686 1159.4167 231.9996 461.0774 284.1916 119.9905 386.4047 148.1056 262.631 1171.494;
	3.7292 50.3901 93.5003 119.969 14.714 34.2551 28.9624 19.0117 26.4045 29.0729 53.7408 80.1707 120.6966 69.1947 192.1517 72.392 89.8197 95.1821 33.4348 72.5888 9.6541 79.9286 69.2305 88.1132 106.2842 73.6398 14.0031 1145.5662 695.7252 695.7252 596.3969 99.1204 111.4493 186.8439 216.9347 296.8428 1165.4105 247.3833 463.5552 284.6899 122.5427 380.0034 145.8713 272.9538 1177.5502;
	3.588 48.4818 89.0398 61.7786 14.2508 34.0764 29.1265 18.631 26.2199 29.746 54.9851 82.0269 123.491 67.0769 193.3733 72.8523 90.3908 95.7872 34.0999 72.336 9.7088 79.5115 70.9433 86.1122 102.1952 72.0994 13.7275 1129.7129 677.393 677.393 546.3749 104.402 113.6665 186.193 210.2952 289.021 1192.5164 233.8213 452.918 273.7373 120.941 378.0205 138.7264 263.8743 1204.9384;
	3.5619 48.1292 87.7176 77.9135 14.201 33.4575 28.1383 18.5738 26.381 28.956 53.5248 79.8485 120.2114 67.9298 194.5012 73.2772 90.918 96.3459 42.5741 71.1896 9.3794 78.0676 66.0933 84.4765 99.304 71.7952 13.5787 1146.1986 668.0813 668.0813 488.138 91.4796 141.9137 183.2423 212.9692 285.048 1090.1269 231.7907 457.0232 265.9929 119.5177 371.1556 167.6274 252.3985 1101.4824;
	2.8662 38.7286 88.5313 115.3407 14.0001 31.9494 23.2248 18.5983 26.0642 28.4216 52.5368 78.3746 117.9925 66.478 186.6211 70.3084 87.2345 92.4425 79.1379 69.3389 7.7416 74.5487 49.7192 84.9718 100.4105 72.7915 13.6111 1085.6747 606.6956 606.6956 467.5627 96.1414 263.7929 178.4785 208.4176 258.8568 1084.9526 226.6963 446.7392 268.9568 122.0428 354.4258 169.9075 256.2359 1096.2542;
	3.2275 43.6101 84.3083 109.2885 14.1631 31.8324 25.3864 18.3784 24.9762 29.0555 53.7087 80.1228 120.6245 67.6138 177.2608 66.782 82.8591 87.8059 86.2456 70.8634 8.4621 74.2757 67.9212 84.9809 100.6515 72.8085 13.5798 1141.5068 635.3433 635.3433 444.938 94.2934 287.4852 182.4027 211.9785 271.0798 1007.1949 213.9405 425.586 269.6023 113.7575 353.1279 161.6747 255.2484 1017.6865;
	3.5561 48.0508 88.6139 111.6286 14.0575 31.4102 27.8261 18.6518 26.5245 29.2672 54.0999 80.7064 121.5031 69.3082 192.8976 72.6731 90.1684 95.5516 88.0143 71.2254 9.2754 73.2904 72.1514 84.901 99.7266 76.1916 13.5144 1147.4428 693.2272 693.2272 504.2755 92.5364 293.3808 183.3343 217.2907 295.7769 1024.9572 229.2993 446.298 267.1249 116.741 348.4435 159.3476 261.4422 1035.6338;
	3.426 46.2933 86.7627 109.8004 14.2475 32.0014 27.5812 18.4768 26.2194 30.1327 55.6999 83.0933 125.0965 69.5036 193.893 73.0481 90.6337 96.0447 85.8488 71.336 9.1937 74.67 72.5829 84.8742 103.0905 75.1769 13.4224 1061.3282 679.7283 679.7283 478.7431 80.9061 286.1626 183.6192 217.9033 290.0174 995.9232 210.7147 463.6378 276.1352 117.5242 355.0024 159.3337 252.784 1006.2974;
	3.3751 45.6056 88.6998 112.2799 14.3034 32.7062 29.2043 18.2325 26.4328 30.5601 56.49 84.2719 126.8709 69.2536 195.9263 73.8141 91.5842 97.0519 90.2588 70.5759 9.7348 76.3145 72.2745 85.4143 102.0337 74.3274 13.7297 1106.7433 770.5601 770.5601 531.6052 81.2686 300.8625 181.6625 217.1193 328.7723 1144.6471 247.4031 472.8996 273.3044 118.6613 362.8211 163.3172 274.8583 1156.5705;
	3.5571 48.0641 86.9251 104.2183 13.957 32.2181 29.5503 18.4276 27.3152 30.7655 56.8695 84.8381 127.7233 69.0155 198.2121 74.6753 92.6527 98.1842 92.163 70.7092 9.8501 75.1755 73.7984 85.1631 100.0879 73.7175 13.1287 1090.698 775.2004 775.2004 634.7488 92.7257 307.21 182.0056 216.3728 330.7522 1178.6609 289.4269 463.5459 268.0926 120.1401 357.4059 138.2409 264.6582 1190.9386;
	3.635 49.1166 89.2193 112.0671 14.043 32.7779 28.1258 18.3294 27.1507 31.4073 58.0559 86.608 130.3879 68.7618 200.1596 75.409 93.563 99.1488 92.244 71.8983 9.3753 76.4817 73.9239 84.9813 98.304 72.3261 13.0362 1162.9384 797.8127 797.8127 641.5951 93.7009 307.48 185.0665 215.5776 340.4001 1171.6748 301.522 465.1847 263.3144 119.7256 363.6159 161.577 268.0658 1183.8797;
	3.6096 48.7731 90.9754 115.7724 13.9644 32.0802 26.955 18.9149 27.3844 31.1635 57.6052 85.9356 129.3756 69.2736 196.6638 74.0919 91.9289 97.4172 90.6361 71.5702 8.985 74.8539 73.6275 86.5715 103.3355 73.4681 13.4016 1103.8422 791.8183 791.8183 638.4636 96.5318 302.1202 184.222 217.182 337.8425 1147.6028 280.9638 470.0123 276.7916 119.7979 355.8769 161.3647 271.3431 1159.557;
	3.6379 49.1566 87.8244 115.9531 13.6214 31.8193 28.2849 18.0822 26.0724 30.8356 56.9992 85.0316 128.0146 67.8521 198.5299 74.795 92.8012 98.3416 89.9469 71.2566 9.4283 74.2451 70.8381 87.0208 99.6781 73.0525 12.8274 1107.6585 776.4699 776.4699 617.5196 99.9564 299.8229 183.4147 212.7256 331.2938 1067.3391 285.7443 450.0045 266.9949 119.9397 352.9824 138.7099 263.895 1078.4572;
	3.5911 48.5236 88.7763 117.0862 14.1298 31.8397 27.8662 18.923 26.2884 30.8634 57.0505 85.1081 128.1298 67.1636 203.4976 76.6665 95.1233 100.8023 92.6601 72.45 9.2887 74.2927 73.7074 88.162 100.0092 74.3036 13.2807 1075.7981 726.9746 726.9746 656.4391 101.6528 308.8671 186.4865 210.5669 310.1758 1033.2079 302.6546 448.2883 267.8817 117.2914 353.2085 140.8072 271.6742 1043.9705;
	3.5847 48.4366 89.473 118.2422 13.9719 31.8067 26.4263 18.9659 26.8894 30.2433 55.9042 83.3981 125.5553 69.1202 200.2758 75.4527 93.6173 99.2064 89.5749 72.7747 8.8088 74.2156 71.9607 88.6642 102.5476 75.735 13.467 1086.7231 723.3838 723.3838 655.5203 103.8293 298.583 187.3223 216.7011 308.6437 961.6075 324.6778 457.0249 274.6812 118.9689 352.8422 170.4968 265.2549 971.6242;
	3.29 44.4556 86.6581 116.1846 13.9605 31.7947 26.528 18.3776 26.4615 28.975 53.5598 79.9007 120.2901 69.4757 196.1442 73.8962 91.686 97.1598 88.4042 70.5992 8.8427 74.1876 72.1811 85.2286 99.7743 75.5244 13.2556 1112.1162 724.8207 724.8207 638.2736 104.8594 294.6808 181.7225 217.8156 309.2568 1024.2818 282.1235 452.8527 267.2526 114.9046 352.7088 171.8561 247.563 1034.9514;
	3.5294 47.6901 86.4349 117.0876 14.1252 31.9003 24.1142 17.9547 25.8456 29.3006 54.1618 80.7987 121.642 68.4185 193.5416 72.9157 90.4695 95.8706 89.6965 71.9323 8.0381 74.4341 68.1058 86.6753 96.9955 72.744 12.6112 1082.5185 723.8137 723.8137 622.2278 102.1974 298.9882 185.154 214.5013 308.8272 1103.4878 264.089 440.4413 259.8094 119.4447 353.881 182.7295 217.5441 1114.9824;
	3.6739 49.643 87.5103 112.5419 14.4819 30.5744 23.4272 14.3565 26.4299 29.8063 55.0965 82.1932 123.7414 68.5367 191.4328 72.1212 89.4837 94.826 89.8445 71.2641 7.8091 71.3402 70.5891 82.9466 97.0381 66.8502 11.8789 1143.0252 664.2954 664.2954 617.394 96.6651 299.4816 183.434 214.872 283.4327 1085.6549 279.1667 445.4609 259.9236 114.1677 339.1715 183.3536 241.8338 1096.9638;
