function loadprofile = ex_load_profilesh1
%EX_LOAD_PROFILE  Example load profile data file for stochastic unit commitment.
% 2022.03.12
% Andres F. Ramirez

%% define constants
[CT_LABEL, CT_PROB, CT_TABLE, CT_TBUS, CT_TGEN, CT_TBRCH, CT_TAREABUS, ...
    CT_TAREAGEN, CT_TAREABRCH, CT_ROW, CT_COL, CT_CHGTYPE, CT_REP, ...
    CT_REL, CT_ADD, CT_NEWVAL, CT_TLOAD, CT_TAREALOAD, CT_LOAD_ALL_PQ, ...
    CT_LOAD_FIX_PQ, CT_LOAD_DIS_PQ, CT_LOAD_ALL_P, CT_LOAD_FIX_P, ...
    CT_LOAD_DIS_P, CT_TGENCOST, CT_TAREAGENCOST, CT_MODCOST_F, ...
    CT_MODCOST_X] = idx_ct;

loadprofile = struct( ...
    'type', 'mpcData', ...
    'table', CT_TAREALOAD, ...
    'rows', [1:11], ...
    'col', CT_LOAD_ALL_P, ...
    'chgtype', 1, ...
    'values', [] );
loadprofile.values(:,1,:) = [
	1445.6739 934.8577 1572.4 547.53 784.9556 1095.3249 839.636 251.3667 501.7818 4469.3441 1673.8945;
	1445.7685 941.6172 1603.6399 531.5942 795.9832 1082.9492 839.1089 252.6 503.3112 4405.8498 1664.8423;
	1469.3545 954.5514 1641.2519 545.6752 803.4901 1082.5326 855.1 266.2513 505.7389 4448.0759 1708.8727;
	1543.5923 1031.8389 1760.1293 561.649 856.2403 1121.9529 899.2 282.1995 536.7 4718.5 1813.3833;
	1691.3093 1150.0576 1976.8007 598.5919 997.9557 1286.1262 998.5 319.2492 606.4566 5238.1851 2042.5133;
	1818.8 1240.5094 2127.6 626.2708 1074.1549 1378.0411 1067.092 346.0957 671.5068 5807.5188 2211.3348;
	1869.1298 1271.6245 2173.9187 597.4529 1091.5429 1363.2757 1068.2583 362.2869 676.5938 6116.1034 2224.1252;
	1871.4798 1299.5485 2140.7918 586.1987 1047.4471 1390.4187 1052.3324 335.1 685.838 6289.4523 2248.1292;
	1871.6197 1291.2705 2122.018 578.1699 1063.7 1412.1572 1063.6468 346.4186 720.3157 6487.8028 2362.8084;
	1872.3817 1257.5 2074.7304 576.2779 1056.5492 1364.8638 1037.3718 372.4234 711.3464 6466.7282 2392.6608;
	1906.7683 1269.5417 2070.9431 568.2176 1009.4752 1316.0526 992.9965 384.3351 703.6999 6406.6047 2375.4165;
	1873.4257 1234.0404 2019.6836 546.1774 984.2227 1292.8568 978.0396 394.3125 676.2732 6403.8414 2277.9807;
	1853.2288 1239.0937 2032.9 545.4454 1013.9569 1330.1405 971.6294 371.6017 666.9054 6234.0 2217.6231;
	1837.7479 1205.0357 1996.9671 530.6357 978.3611 1302.4663 965.2256 362.951 647.4244 6161.3542 2118.845;
	1806.0142 1239.4017 2017.752 538.0919 985.4708 1395.626 1023.2359 364.5091 663.2 6301.7206 2260.1099;
	1843.5937 1242.7254 2061.1232 571.3341 1006.3775 1450.5865 1067.6358 361.421 679.4 6330.8733 2316.5332;
	1848.7259 1241.2052 2028.713 582.1604 1016.1096 1481.2929 1100.9 399.7 703.6866 6352.779 2569.8102;
	1871.4109 1286.5491 2122.2138 584.5176 1057.7304 1514.7037 1160.0 427.7554 765.3909 6592.8222 2736.229;
	1909.0 1294.0776 2106.8493 577.6 1055.3 1472.8319 1126.753 397.4921 728.9939 6222.2465 2528.2221;
	1821.4935 1221.1926 1961.7943 577.3824 979.5301 1346.4448 1024.0925 355.67 687.5278 5854.6 2378.0847;
	1716.9355 1111.1926 1820.4728 533.4654 894.5 1240.1832 917.9053 302.7244 636.8531 5470.9836 2132.5723;
	1616.8821 1073.1949 1736.9113 539.4255 889.5 1187.2148 910.3589 303.6 590.9767 5155.3429 1989.9597;
	1580.9498 1088.0279 1720.9735 498.5305 862.1788 1144.5336 895.6174 273.0 561.2123 4925.8396 1904.5172;
	1523.4773 998.5813 1676.5554 457.9831 849.1673 1095.4377 867.6035 263.9035 545.8001 4601.699 1832.4124;
];
