function loadprofile = ex_load_profilesh1
%EX_LOAD_PROFILE  Example load profile data file for stochastic unit commitment.
% 2022.03.12
% Andres F. Ramirez

%% define constants
[CT_LABEL, CT_PROB, CT_TABLE, CT_TBUS, CT_TGEN, CT_TBRCH, CT_TAREABUS, ...
    CT_TAREAGEN, CT_TAREABRCH, CT_ROW, CT_COL, CT_CHGTYPE, CT_REP, ...
    CT_REL, CT_ADD, CT_NEWVAL, CT_TLOAD, CT_TAREALOAD, CT_LOAD_ALL_PQ, ...
    CT_LOAD_FIX_PQ, CT_LOAD_DIS_PQ, CT_LOAD_ALL_P, CT_LOAD_FIX_P, ...
    CT_LOAD_DIS_P, CT_TGENCOST, CT_TAREAGENCOST, CT_MODCOST_F, ...
    CT_MODCOST_X] = idx_ct;

loadprofile = struct( ...
    'type', 'mpcData', ...
    'table', CT_TAREALOAD, ...
    'rows', [1:11], ...
    'col', CT_LOAD_ALL_P, ...
    'chgtype', 1, ...
    'values', [] );
loadprofile.values(:,1,:) = [
	1537.1641 917.9 1595.7443 536.6995 739.7 1117.9 854.4234 295.61 530.9629 4421.1777 1658.971;
	1508.6 909.2662 1599.9801 531.6563 717.4676 1115.0963 852.3439 290.8947 523.6312 4384.7936 1623.6798;
	1548.8899 936.4 1660.7887 526.8 757.7831 1143.2 859.8 295.3747 533.138 4441.8815 1671.3;
	1617.3202 1004.4 1766.685 553.3219 820.264 1223.024 925.086 316.8726 580.1977 4715.1547 1798.0;
	1743.8429 1133.6879 1971.0639 606.2638 923.8952 1352.9912 1031.3849 356.3578 652.2637 5260.9253 2042.5523;
	1803.2603 1184.2464 2071.9032 613.0592 981.6833 1454.8 1110.3553 402.9252 729.3939 5821.6913 2173.7561;
	1867.4671 1207.2826 2053.2898 629.8 957.156 1432.1178 1113.5341 403.6581 722.0127 6081.3665 2195.8009;
	1850.614 1213.1363 2050.3163 610.9177 960.8214 1428.4253 1123.3481 397.8744 760.3958 6376.5534 2223.87;
	1833.4808 1218.4 2012.0442 589.9072 951.9223 1425.7 1135.5051 443.6633 772.266 6476.2199 2261.817;
	1888.9623 1231.3042 2039.9559 573.7482 956.5816 1484.8731 1168.8356 419.1525 766.688 6431.5931 2266.6;
	1906.6848 1235.8523 2072.8639 568.1747 956.6548 1464.3896 1157.1817 400.8082 741.1091 6451.1942 2201.1907;
	1895.968 1204.1525 1993.1723 554.472 927.6877 1412.7393 1145.5777 380.8241 717.2201 6303.3115 2116.4015;
	1864.9593 1183.2241 1947.6295 568.476 933.2154 1339.7548 1107.8896 372.91 706.8616 6239.2667 2166.2289;
	1866.6084 1197.6 1948.6436 561.5 951.5595 1313.1472 1066.5714 381.2369 686.7939 6257.9309 2226.5448;
	1867.3 1189.8936 1960.7738 577.7474 984.0 1364.2759 1129.4787 391.7742 693.505 6372.855 2399.5691;
	1861.0722 1223.5975 2015.7658 585.8595 1033.3976 1405.8071 1230.543 423.9611 742.7023 6459.6104 2516.7419;
	1875.4 1207.4888 2019.6465 589.1 1023.8897 1407.2249 1206.9133 433.77 757.6444 6352.1296 2667.1779;
	1930.0109 1247.4 2074.5276 603.3 1026.0146 1483.618 1181.7656 446.2367 730.7638 6275.5662 2558.0965;
	1932.6178 1241.2007 2036.0815 604.9809 1012.0036 1477.7549 1184.4392 441.9168 729.1256 6197.8855 2559.2218;
	1924.1226 1185.1442 1996.5013 592.1149 953.8962 1401.9111 1143.3411 424.7342 695.7372 5918.3478 2410.2871;
	1837.1356 1104.4853 1863.5875 568.5604 868.4051 1303.5161 1065.9245 401.1534 635.5287 5658.3881 2231.0063;
	1684.393 1024.4 1734.1415 557.0 828.8994 1237.7599 992.6473 359.9574 591.1 5245.0238 2001.9952;
	1560.1453 985.8198 1675.426 553.3 808.0892 1215.9312 932.0232 325.7985 581.4892 4918.3652 1949.0423;
	1550.4319 986.6165 1676.3 537.79 810.4211 1201.3275 961.4563 329.2386 597.9006 5005.2175 2096.7736;
];
