function windprofile = ex_wind_profilesh1
%EX_WIND_PROFILE_D  Example wind_load_nyiso profile data for deterministic unit commitment.
% 2022.03.12
% Andres F. Ramirez


%% define constants
[GEN_BUS, PG, QG, QMAX, QMIN, VG, MBASE, GEN_STATUS, PMAX, PMIN, ...
    MU_PMAX, MU_PMIN, MU_QMAX, MU_QMIN, PC1, PC2, QC1MIN, QC1MAX, ...
    QC2MIN, QC2MAX, RAMP_AGC, RAMP_10, RAMP_30, RAMP_Q, APF] = idx_gen;
[CT_LABEL, CT_PROB, CT_TABLE, CT_TBUS, CT_TGEN, CT_TBRCH, CT_TAREABUS, ...
    CT_TAREAGEN, CT_TAREABRCH, CT_ROW, CT_COL, CT_CHGTYPE, CT_REP, ...
    CT_REL, CT_ADD, CT_NEWVAL, CT_TLOAD, CT_TAREALOAD, CT_LOAD_ALL_PQ, ...
    CT_LOAD_FIX_PQ, CT_LOAD_DIS_PQ, CT_LOAD_ALL_P, CT_LOAD_FIX_P, ...
    CT_LOAD_DIS_P, CT_TGENCOST, CT_TAREAGENCOST, CT_MODCOST_F, ...
    CT_MODCOST_X] = idx_ct;

windprofile = struct( ...
    'type', 'mpcData', ...
    'table', CT_TGEN, ...
    'rows', [1:45], ...
    'col', PMAX, ...
    'chgtype', 1, ...
    'values', [] );
windprofile.values(:,1,:) = [
	3.7002 49.9981 87.9669 107.6925 14.244 32.8061 28.1471 17.6602 26.3009 29.1371 53.8594 80.3476 120.9629 64.9426 192.789 72.6321 90.1177 95.4978 34.8543 70.4729 9.3824 76.5477 70.8971 85.0638 100.745 71.2272 13.293 1238.0626 718.0171 718.0171 613.2383 110.4635 116.1808 181.3975 203.604 306.354 1204.4525 236.4654 443.3051 269.8528 118.1029 363.9295 150.0617 262.7489 1216.9988;
	3.674 49.6445 88.8634 111.7456 14.2976 32.025 29.2556 16.6805 26.7032 28.0677 51.8827 77.3987 116.5233 64.2516 195.9194 73.8115 91.5809 97.0484 34.3205 72.1265 9.7519 74.7249 68.1308 65.4137 91.749 69.3409 12.7897 1179.6871 748.5828 748.5828 587.103 105.1538 114.4018 185.6538 201.4373 319.3953 1178.4151 238.8256 440.41 245.7562 119.6335 355.2635 142.3792 267.4803 1190.6903;
	3.7883 51.1884 91.2412 61.8908 14.2238 33.3294 29.0848 17.4756 26.1188 28.5067 52.6942 78.6094 118.346 64.1322 197.7285 74.4931 92.4266 97.9446 35.6667 71.5782 9.6949 77.7687 68.5417 82.1806 100.7672 70.0675 13.4139 1196.7283 735.9242 735.9242 598.2813 110.4944 118.8892 184.2426 201.0632 313.9943 1228.4359 236.071 437.9427 269.912 118.5235 369.7344 141.4905 271.3578 1241.2321;
	3.7555 50.7454 88.7652 75.0869 14.0625 33.6056 28.8584 17.1653 26.3264 28.4432 52.5768 78.4342 118.0823 64.7864 198.1679 74.6586 92.632 98.1622 38.853 72.4415 9.6195 78.4131 65.1488 79.2161 95.1455 68.9468 13.1253 1246.0793 739.8807 739.8807 544.1909 97.0182 129.5099 186.4647 203.1141 315.6824 1159.127 243.5364 450.2773 254.854 117.292 372.7983 178.0998 268.4111 1171.2013;
	3.647 49.2786 92.6252 116.0763 14.1753 33.6763 25.1745 18.4383 27.1435 28.9484 53.5107 79.8274 120.1798 65.726 184.9025 69.6609 86.4312 91.5912 66.8571 70.6303 8.3915 78.578 49.6407 85.28 102.0431 72.8793 13.5113 1180.5 697.9792 697.9792 536.7351 94.7613 222.8569 181.8025 206.0598 297.8045 1188.7641 231.5015 455.2193 273.3297 118.4023 373.5823 191.6414 274.8207 1201.1471;
	3.8678 52.2625 92.8854 115.3923 14.6203 34.22 28.6622 18.6152 27.2268 29.512 54.5524 81.3815 122.5194 65.6167 192.4877 72.5186 89.9768 95.3486 86.3273 71.8326 9.5541 79.8466 68.4599 85.3228 104.04 72.4643 13.9173 1150.2086 719.1591 719.1591 498.4541 99.1108 287.7577 184.8972 205.7171 306.8412 1089.794 215.6018 461.2766 278.6785 116.5775 379.6137 204.0883 271.867 1101.146;
	3.8687 52.2749 91.7631 114.6639 14.6365 34.057 28.1968 18.6115 27.4275 28.6421 52.9445 78.9828 118.9082 64.7914 192.8634 72.6602 90.1524 95.5347 85.9248 71.4509 9.3989 79.4664 72.2884 85.1415 101.6596 74.1694 13.812 1226.2195 732.4263 732.4263 525.5843 100.7323 286.416 183.9149 203.1299 312.5019 1140.3575 236.3923 469.7152 272.3026 121.5621 377.8061 207.3787 265.4248 1152.2362;
	3.8113 51.4992 88.1764 114.1952 14.9177 33.8147 27.0484 18.2368 26.7405 28.4435 52.5774 78.4351 118.0837 64.1922 195.3181 73.5849 91.2998 96.7506 86.2822 71.5351 9.0161 78.9009 70.8105 84.3674 103.1171 72.7699 13.6229 1113.4473 709.4464 709.4464 532.321 81.3913 287.6075 184.1316 201.2512 302.6972 1093.4033 227.3756 461.2437 276.2066 118.2285 375.1176 200.8269 257.9896 1104.7929;
	3.8793 52.4184 92.7615 118.0441 14.7836 34.4876 28.7891 18.7639 27.3452 29.56 54.6412 81.5139 122.7188 67.2407 197.5184 74.4139 92.3284 97.8405 86.8594 71.9275 9.5964 80.4711 72.6344 86.6044 102.8116 73.3586 13.9273 1211.1657 768.9102 768.9102 551.3305 82.5032 289.5312 185.1416 210.8088 328.0683 1195.431 262.0557 460.5872 275.3881 118.6928 382.5826 187.1927 271.1453 1207.8834;
	3.9008 52.7079 92.0525 117.4697 14.8239 33.4463 29.5502 18.7697 27.1411 30.1554 55.7419 83.1559 125.1907 67.1033 197.1834 74.2877 92.1718 97.6746 87.5858 72.0645 9.8501 78.0414 72.328 86.2035 102.423 71.011 13.8221 1218.9487 744.4456 744.4456 634.3656 94.1633 291.9526 185.4943 210.3779 317.6301 1164.4904 285.7582 476.5955 274.3473 119.7513 371.0311 172.9257 266.7099 1176.6205;
	3.8927 52.5983 91.9774 116.6076 14.4084 33.1955 27.8856 18.2878 27.7245 29.8116 55.1062 82.2077 123.7632 66.9633 201.3094 75.8421 94.1004 99.7184 87.1617 71.8249 9.2952 77.4562 73.4346 84.9442 99.7764 69.9553 13.6335 1148.0333 739.3469 739.3469 636.0643 92.7074 290.5392 184.8775 209.9389 315.4547 1069.5062 291.9905 478.5646 267.2583 118.1564 368.2487 174.7509 260.9412 1080.6469;
	3.7703 50.9455 86.367 112.2005 14.0165 32.0158 25.5744 17.6658 26.1005 29.371 54.2919 80.9928 121.9342 68.3039 200.5025 75.5382 93.7233 99.3187 87.3864 71.239 8.5248 74.7036 73.4859 81.8233 96.5844 69.1195 12.8858 1019.9859 730.7491 730.7491 620.9263 98.5842 291.288 183.3695 214.1421 311.7863 1057.742 286.8131 468.1413 258.7083 116.562 355.1621 189.6641 259.1321 1068.7601;
	3.7896 51.2058 83.5254 112.855 13.964 32.4156 28.0968 17.9434 26.208 28.4448 52.5798 78.4387 118.0891 68.7832 197.3494 74.3502 92.2494 97.7568 87.0787 70.6172 9.3656 75.6363 72.6967 67.3383 97.0094 69.9063 13.1716 1017.5325 723.7187 723.7187 660.3926 102.3164 290.2623 181.7689 215.6445 308.7867 979.956 299.0058 468.1999 259.8466 118.4047 359.5965 169.2954 255.3599 990.1639;
	3.7424 50.5684 86.1863 111.9762 14.1585 32.5006 29.1805 18.1318 26.9444 27.4458 50.7332 75.684 113.9418 68.608 202.8049 76.4056 94.7995 100.4592 89.9545 71.2861 9.7268 75.8348 72.5725 84.3763 96.9945 70.2645 13.5664 1014.1592 681.1471 681.1471 662.3491 100.1801 299.8482 183.4905 215.0954 290.6227 980.2873 300.9049 476.5487 259.8066 120.6884 360.5404 161.3982 262.2269 990.4986;
	3.7424 50.568 87.3919 110.9576 14.0519 32.6186 26.677 18.111 26.3519 28.5168 52.7128 78.6371 118.3877 69.3511 201.7555 76.0102 94.309 99.9393 90.6609 71.5897 8.8923 76.1102 70.8337 86.3522 97.5945 71.0764 13.2616 1007.0407 666.8546 666.8546 649.1588 102.0793 302.2031 184.272 217.4252 284.5246 860.6359 312.7127 472.9248 261.4138 117.5855 361.8495 180.8067 236.8458 869.6008;
	3.7048 50.0606 86.7963 112.7915 14.0396 32.9725 26.6971 17.6038 27.3328 28.3498 52.4043 78.1769 117.6948 68.1436 203.0337 76.4918 94.9065 100.5725 88.833 73.0563 8.899 76.9357 72.4649 83.4924 96.9498 70.9966 13.0583 1083.3233 714.8185 714.8185 647.5823 109.4904 296.11 188.047 213.6394 304.9892 966.1755 315.5985 476.669 259.687 117.575 365.7744 179.0646 231.3311 976.2399;
	3.5946 48.5712 83.8397 111.5972 14.3418 33.4856 23.2508 16.4401 26.1104 27.3227 50.5055 75.3443 113.4305 63.7525 197.3391 74.3463 92.2445 97.7517 88.1194 71.4331 7.7503 78.1331 72.1692 81.4596 94.3161 69.4828 11.1662 1058.2596 702.5057 702.5057 641.3014 110.8976 293.7313 183.8689 199.8728 299.7358 1043.6921 288.4786 453.5627 252.6323 117.447 371.4671 182.9408 207.9404 1054.5639;
	3.714 50.1837 86.4995 111.3311 14.476 34.0165 24.7455 12.1415 26.8596 21.4404 39.6323 59.1236 89.0103 63.878 189.6462 71.4481 88.6486 93.941 83.6203 69.2105 8.2485 79.3719 68.0362 80.3626 96.5529 51.1966 10.091 1232.8628 729.5995 729.5995 687.4238 107.1089 278.7343 178.1481 200.2662 311.2958 1143.1061 308.3724 461.4294 258.6239 121.4889 377.3567 192.8148 231.783 1155.0134;
