function loadprofile = ex_load_profilesh1
%EX_LOAD_PROFILE  Example load profile data file for stochastic unit commitment.
% 2022.03.12
% Andres F. Ramirez

%% define constants
[CT_LABEL, CT_PROB, CT_TABLE, CT_TBUS, CT_TGEN, CT_TBRCH, CT_TAREABUS, ...
    CT_TAREAGEN, CT_TAREABRCH, CT_ROW, CT_COL, CT_CHGTYPE, CT_REP, ...
    CT_REL, CT_ADD, CT_NEWVAL, CT_TLOAD, CT_TAREALOAD, CT_LOAD_ALL_PQ, ...
    CT_LOAD_FIX_PQ, CT_LOAD_DIS_PQ, CT_LOAD_ALL_P, CT_LOAD_FIX_P, ...
    CT_LOAD_DIS_P, CT_TGENCOST, CT_TAREAGENCOST, CT_MODCOST_F, ...
    CT_MODCOST_X] = idx_ct;

loadprofile = struct( ...
    'type', 'mpcData', ...
    'table', CT_TAREALOAD, ...
    'rows', [1:11], ...
    'col', CT_LOAD_ALL_P, ...
    'chgtype', 1, ...
    'values', [] );
loadprofile.values(:,1,:) = [
	1464.3 923.7 1563.154 455.5813 754.5 1096.6 863.5689 276.8 491.4295 4376.588 1614.024;
	1465.4 919.3791 1571.0043 457.3274 766.615 1108.9301 859.3586 278.3861 484.5663 4360.2067 1616.7951;
	1501.3 938.6 1614.3458 477.8461 761.1 1132.0812 874.2822 276.7847 490.2358 4423.0244 1652.3109;
	1553.6933 1008.4642 1700.2777 508.2927 813.0091 1188.3511 919.4698 292.3 526.5469 4607.7465 1771.7;
	1698.0 1127.5 1894.6329 573.1793 915.43 1344.9301 1035.2999 361.6652 614.2 5289.4129 2040.5812;
	1829.7731 1221.9399 2003.0506 614.2581 1012.2336 1419.5432 1106.6204 413.1344 676.1046 5837.464 2212.6;
	1851.1 1245.9828 2009.0983 609.7782 1006.8715 1421.1905 1125.2792 401.237 694.0266 6178.2959 2248.7963;
	1891.8647 1273.1215 2033.6725 607.4 973.3078 1413.893 1142.0561 389.3866 715.2951 6416.1962 2281.2135;
	1908.32 1295.8247 2061.0496 600.4 1003.9403 1452.2 1181.84 394.4116 744.1926 6521.0731 2393.5495;
	1888.8559 1288.2367 2069.9219 597.4043 987.5512 1402.5 1162.0777 398.4611 726.1 6576.7108 2417.8263;
	1897.0707 1282.0225 2067.6952 583.4084 974.9586 1421.4443 1148.9239 399.8608 690.4747 6504.6902 2321.3199;
	1866.0293 1256.2835 2003.5158 590.6805 953.1165 1344.9311 1135.0222 394.6294 690.6434 6481.8741 2276.6097;
	1814.138 1229.965 1984.6614 588.3001 955.2909 1346.5852 1097.7881 371.4815 694.9153 6434.3134 2292.0924;
	1820.7198 1230.952 2020.8471 607.5937 1004.4247 1404.1449 1076.7502 363.1 691.155 6431.0013 2223.9934;
	1831.5 1228.556 2024.8032 605.5628 988.4056 1415.919 1081.3642 414.7739 708.4079 6457.9181 2318.0823;
	1868.2101 1230.3701 2025.7433 604.174 969.8431 1412.144 1102.7851 419.9927 749.0457 6555.3247 2448.3547;
	1808.5474 1203.0 1954.662 593.752 992.7829 1419.9443 1104.188 432.5939 730.2193 6272.5689 2604.1124;
	1868.7178 1275.0271 2072.8315 615.4787 1064.5745 1527.2071 1194.337 484.2292 770.7592 6455.0816 2715.3611;
	1827.5246 1267.8829 2052.2 600.4153 1031.8513 1489.5076 1183.3048 473.8045 772.7211 6261.525 2605.94;
	1808.0998 1198.736 1943.4915 575.0615 980.6249 1422.0323 1140.8509 449.525 719.5796 6122.2175 2424.27;
	1762.1506 1130.0495 1829.7373 548.9 905.5298 1341.7933 1089.4216 434.0912 691.5401 6032.1221 2344.143;
	1677.3 1057.2 1707.5458 525.0593 833.5414 1237.4411 997.9915 388.3406 600.5 5286.1723 2056.2387;
	1599.9993 971.4 1607.5582 542.409 848.0805 1160.6946 922.7938 321.0422 543.462 4920.3736 1839.5021;
	1602.2597 953.873 1643.1841 555.8 861.8 1215.2625 937.0571 343.0853 544.8211 4749.6016 1780.2434;
];
