function windprofile = ex_wind_profilesh1
%EX_WIND_PROFILE_D  Example wind_load_nyiso profile data for deterministic unit commitment.
% 2022.03.12
% Andres F. Ramirez


%% define constants
[GEN_BUS, PG, QG, QMAX, QMIN, VG, MBASE, GEN_STATUS, PMAX, PMIN, ...
    MU_PMAX, MU_PMIN, MU_QMAX, MU_QMIN, PC1, PC2, QC1MIN, QC1MAX, ...
    QC2MIN, QC2MAX, RAMP_AGC, RAMP_10, RAMP_30, RAMP_Q, APF] = idx_gen;
[CT_LABEL, CT_PROB, CT_TABLE, CT_TBUS, CT_TGEN, CT_TBRCH, CT_TAREABUS, ...
    CT_TAREAGEN, CT_TAREABRCH, CT_ROW, CT_COL, CT_CHGTYPE, CT_REP, ...
    CT_REL, CT_ADD, CT_NEWVAL, CT_TLOAD, CT_TAREALOAD, CT_LOAD_ALL_PQ, ...
    CT_LOAD_FIX_PQ, CT_LOAD_DIS_PQ, CT_LOAD_ALL_P, CT_LOAD_FIX_P, ...
    CT_LOAD_DIS_P, CT_TGENCOST, CT_TAREAGENCOST, CT_MODCOST_F, ...
    CT_MODCOST_X] = idx_ct;

windprofile = struct( ...
    'type', 'mpcData', ...
    'table', CT_TGEN, ...
    'rows', [1:45], ...
    'col', PMAX, ...
    'chgtype', 1, ...
    'values', [] );
windprofile.values(:,1,:) = [
	3.5858 48.4522 90.3522 108.7588 15.0871 31.8356 27.0805 18.0766 27.8272 30.2808 55.9735 83.5015 125.7111 65.7536 189.2863 71.3125 88.4803 93.7627 30.0911 69.8559 9.0268 74.2831 73.3596 87.004 101.042 72.3123 13.442 1109.3921 620.9615 620.9615 564.9162 112.087 100.3036 179.8092 206.1463 264.9436 1086.5603 219.1112 446.1613 270.6482 115.8345 353.1629 128.9898 259.8208 1097.8787;
	3.4447 46.5458 91.9355 117.244 14.7558 31.4791 26.8414 18.3929 27.043 30.5093 56.396 84.1317 126.6598 64.9098 187.2454 70.5436 87.5263 92.7518 28.9321 71.7349 8.9471 73.4513 73.5461 86.4671 99.1478 71.5192 13.2826 1074.2365 615.5279 615.5279 535.0893 107.6665 96.4402 184.6458 203.5011 262.6253 1089.576 209.2343 440.379 265.5745 118.3901 349.2086 129.5459 259.0482 1100.9257;
	3.5679 48.2106 93.6916 65.5046 14.4171 32.112 27.1866 18.3942 26.9822 30.4545 56.2948 83.9807 126.4325 64.4629 190.8767 71.9117 89.2238 94.5506 33.6864 70.0688 9.0622 74.9279 74.0085 87.4024 102.8883 72.4051 13.6901 1084.5858 637.7118 637.7118 526.7254 109.6334 112.2881 180.3573 202.0998 272.0904 1146.0369 218.0477 447.2846 275.5937 116.6675 356.2288 128.5424 262.9543 1157.9748;
	3.5777 48.3424 92.5062 84.7068 14.705 32.4194 27.7377 18.0218 28.1624 31.0801 57.451 85.7056 129.0294 65.8159 197.6082 74.4477 92.3703 97.885 43.9923 72.4928 9.2459 75.6453 73.4718 86.921 101.2563 72.069 13.5059 1145.2508 650.7668 650.7668 506.3075 93.0649 146.6411 186.5968 206.3419 277.6605 1068.1004 234.1913 456.1608 271.2223 116.7089 359.6395 163.4236 260.5139 1079.2265;
	3.5538 48.0197 92.0431 118.772 14.9367 32.4465 23.855 18.4576 28.0111 31.0991 57.4862 85.7581 129.1083 66.9387 188.2339 70.916 87.9884 93.2414 75.047 71.2806 7.9517 75.7085 68.038 86.4026 101.2085 72.9312 13.517 1118.5135 629.1871 629.1871 486.9601 91.0187 250.1566 183.4765 209.8618 268.4531 1119.2348 230.2922 456.2164 271.0943 116.5799 359.9401 183.753 261.2087 1130.8935;
	3.6481 49.2942 88.7004 115.8656 14.2524 32.3055 28.3218 18.0818 28.0974 30.6545 56.6645 84.5322 127.2628 67.7484 191.7873 72.2548 89.6494 95.0016 85.8649 72.016 9.4406 75.3794 69.3531 85.6295 101.298 73.0931 13.5014 1191.2981 692.7375 692.7375 482.5942 93.1469 286.2164 185.3693 212.4003 295.568 1087.5027 218.8476 454.2179 271.3338 113.1032 358.3753 187.1703 260.0141 1098.8308;
	3.5732 48.2811 89.9019 116.6479 14.3473 32.0414 29.2462 17.8051 28.3113 30.665 56.6838 84.5611 127.3063 66.5771 191.7761 72.2505 89.6442 94.9961 85.5789 71.3618 9.7487 74.7634 73.8017 84.4851 97.8449 73.9802 12.9992 1224.1111 706.802 706.802 548.5815 93.2602 285.2629 183.6854 208.7281 301.5689 1084.328 248.2114 460.2706 262.0844 115.5851 355.4463 191.6187 259.5065 1095.6231;
	3.5881 48.483 92.4489 119.1308 14.6237 32.8728 27.6971 18.1444 28.0361 30.8752 57.0724 85.1408 128.179 69.3064 192.5697 72.5495 90.0151 95.3892 84.4359 71.616 9.2324 76.7033 74.4661 86.608 105.3774 73.6641 13.1622 1122.3032 705.2916 705.2916 531.3409 77.3279 281.453 184.3398 217.2849 300.9244 1030.5033 231.1363 462.0944 282.2608 115.2166 364.6692 186.1374 256.5189 1041.2377;
	3.6374 49.1491 94.9328 120.7699 14.5351 33.7102 29.0572 18.284 28.2069 30.5829 56.5321 84.3348 126.9655 68.6473 193.6463 72.9551 90.5184 95.9225 87.8183 71.1158 9.6857 78.6571 74.3308 86.775 105.5102 72.8288 13.3991 1190.2272 769.9384 769.9384 582.2048 76.0011 292.7277 183.0523 215.2185 328.507 1149.5738 275.348 475.7972 282.6165 118.7736 373.9585 174.5718 268.5604 1161.5486;
	3.6617 49.4782 94.5191 120.8303 14.3952 34.2298 29.8829 18.3603 28.3694 30.7125 56.7716 84.6921 127.5035 69.6396 193.0703 72.7381 90.2491 95.6371 89.4258 70.7196 9.961 79.8696 74.962 88.1319 105.0701 71.9862 13.7366 1140.8237 767.9716 767.9716 652.4914 88.4651 298.0858 182.0325 218.3295 327.6679 1156.3748 292.3868 476.0971 281.4379 119.9085 379.7228 164.3888 259.6693 1168.4204;
	3.3619 45.4268 90.9657 117.7731 13.9886 32.3141 25.6159 17.5646 27.933 31.2093 57.69 86.0621 129.566 68.3678 196.2453 73.9343 91.7333 97.2099 87.7623 70.9606 8.5386 75.3995 75.2934 85.9741 100.0147 70.5945 13.2388 1151.1388 747.527 747.527 627.5012 92.4824 292.541 182.6528 214.3423 318.9449 1138.4592 307.8825 465.31 267.8965 118.8905 358.4706 148.0801 252.0165 1150.3181;
	3.4073 46.0398 88.2823 115.6353 13.7176 32.0048 24.8805 17.4301 26.9458 29.9981 55.451 82.722 124.5376 68.4593 194.0883 73.1216 90.725 96.1414 88.3637 70.2609 8.2935 74.6778 72.985 83.9302 98.2701 69.9786 13.1244 1162.2232 733.3261 733.3261 609.9506 98.8907 294.5457 180.8518 214.6292 312.8858 1160.5169 284.2571 460.6914 263.2235 118.9735 355.0397 161.8265 245.9477 1172.6057;
	3.6227 48.9502 89.2689 117.9214 14.14 32.2232 27.8441 17.4896 27.696 31.0175 57.3353 85.533 128.7695 69.1591 199.6869 75.2309 93.342 98.9147 89.2541 73.5924 9.2814 75.1876 73.6049 86.9539 98.9353 71.1254 13.2228 1120.1747 748.4733 748.4733 613.6414 95.7558 297.5136 189.427 216.823 319.3486 1035.8815 290.6493 465.2332 265.0052 117.2426 357.4631 151.4014 253.1505 1046.6719;
	3.6398 49.1816 93.1614 118.3717 14.2421 33.6552 27.4325 18.0828 28.2641 30.887 57.0942 85.1732 128.2278 67.9492 193.6914 72.9721 90.5395 95.9448 89.2176 72.4374 9.1442 78.5289 74.3351 88.2092 102.7037 72.7879 13.6533 1118.6358 712.7695 712.7695 653.5239 95.633 297.392 186.454 213.0299 304.115 1011.91 292.6543 464.1195 275.0992 117.4569 373.3487 147.9165 264.5039 1022.4507;
	3.676 49.6706 91.4037 116.277 14.0082 33.7631 24.5294 18.0253 28.3171 30.9063 57.1299 85.2266 128.3081 68.8102 193.4687 72.8882 90.4354 95.8345 90.3931 72.9573 8.1765 78.7806 73.4687 88.8521 101.66 72.1803 13.3102 1090.5576 741.1535 741.1535 708.5377 103.5502 301.3103 187.7923 215.7294 316.2255 965.6238 330.3964 453.5917 272.3034 114.9226 374.5457 171.7991 240.2418 975.6824;
	3.7034 50.0415 94.2292 119.5399 14.4319 34.3742 23.8132 18.0585 27.1213 30.9015 57.1209 85.2132 128.288 68.4017 198.7457 74.8763 92.9021 98.4485 91.8145 73.2644 7.9377 80.2065 74.1697 89.72 103.2864 74.0968 13.4006 1156.6548 765.997 765.997 700.1668 107.4076 306.0485 188.5826 214.4485 326.8254 1031.2506 321.2226 440.0239 276.66 112.7247 381.3247 181.6524 248.8795 1041.9928;
	3.6153 48.8508 92.3809 119.8038 14.8524 33.5391 24.1196 17.6896 27.7914 29.9671 55.3938 82.6367 124.4091 68.3347 198.3015 74.7089 92.6944 98.2284 91.5348 72.9839 8.0399 78.2579 72.4977 88.6513 99.4662 73.2854 12.6767 1189.8339 754.2083 754.2083 714.8222 107.3879 305.116 187.8608 214.2384 321.7956 1163.8314 316.134 454.9103 266.4273 114.4063 372.0606 188.1378 228.0057 1175.9546;
	3.767 50.901 91.3637 116.8851 14.3319 32.4951 24.9531 14.8623 27.458 30.0494 55.5458 82.8634 124.7504 67.6477 192.4713 72.5124 89.9691 95.3404 86.9632 72.5273 8.3177 75.8219 71.0543 86.3768 100.0841 68.3938 11.6122 1249.8771 738.9133 738.9133 708.1043 103.6829 289.8774 186.6856 212.0847 315.2697 1196.7732 325.3505 470.9977 268.0825 117.5262 360.4791 193.4284 232.474 1209.2395;
