function loadprofile = ex_load_profilesh1
%EX_LOAD_PROFILE  Example load profile data file for stochastic unit commitment.
% 2022.03.12
% Andres F. Ramirez

%% define constants
[CT_LABEL, CT_PROB, CT_TABLE, CT_TBUS, CT_TGEN, CT_TBRCH, CT_TAREABUS, ...
    CT_TAREAGEN, CT_TAREABRCH, CT_ROW, CT_COL, CT_CHGTYPE, CT_REP, ...
    CT_REL, CT_ADD, CT_NEWVAL, CT_TLOAD, CT_TAREALOAD, CT_LOAD_ALL_PQ, ...
    CT_LOAD_FIX_PQ, CT_LOAD_DIS_PQ, CT_LOAD_ALL_P, CT_LOAD_FIX_P, ...
    CT_LOAD_DIS_P, CT_TGENCOST, CT_TAREAGENCOST, CT_MODCOST_F, ...
    CT_MODCOST_X] = idx_ct;

loadprofile = struct( ...
    'type', 'mpcData', ...
    'table', CT_TAREALOAD, ...
    'rows', [1:11], ...
    'col', CT_LOAD_ALL_P, ...
    'chgtype', 1, ...
    'values', [] );
loadprofile.values(:,1,:) = [
	1491.6 934.6248 1473.9504 553.2201 723.1198 1050.0952 768.7629 236.2124 449.5798 4319.9422 1585.911;
	1539.1817 956.501 1516.8 557.0 758.6 1081.4954 798.3692 240.4268 464.823 4371.63 1612.6807;
	1569.6439 995.3991 1567.0473 562.4911 769.7137 1096.594 831.2 253.3054 479.9974 4421.6237 1639.3472;
	1636.9017 1050.9342 1687.8674 577.526 832.6234 1176.725 881.3065 259.7571 533.2891 4703.9887 1777.847;
	1799.9126 1185.8354 1871.0689 604.8 940.1314 1328.7871 974.7052 299.7529 601.1493 5178.8824 2031.0314;
	1929.1203 1278.3556 2030.2754 622.6347 982.4584 1432.9098 1038.3336 321.9976 665.21 5739.6037 2183.7411;
	1962.4573 1258.3 2018.2977 632.0192 994.8589 1425.7763 1057.4813 323.8879 670.5926 6058.6306 2185.1799;
	1961.0847 1272.8 2060.2 636.0099 1020.913 1445.7 1053.9462 332.4387 666.1293 6284.0797 2136.6548;
	1935.0712 1312.9615 2074.3654 625.6688 1016.9029 1418.0528 1049.898 327.6436 633.588 6328.6846 2027.0622;
	1920.3686 1279.6301 2063.3983 611.3197 1014.8 1370.463 1017.9585 307.2377 616.3566 6305.1175 1988.1795;
	1916.0762 1256.6738 2001.9472 604.5 978.3024 1364.0096 995.8715 297.2 580.1913 6168.1505 1899.5634;
	1901.1015 1265.7414 1999.8558 600.8908 978.9361 1341.2281 1003.4 284.645 584.8716 6234.9115 1956.3583;
	1885.6538 1263.335 1978.6372 596.5062 970.7357 1338.5246 1014.4665 305.669 633.0556 6235.8268 1940.7801;
	1857.8973 1265.4 1978.7718 602.5645 977.0099 1344.6419 1027.4242 304.2 623.1676 6207.3337 2027.1586;
	1856.9092 1308.1469 2019.2114 599.4 995.4813 1426.1911 1041.3755 299.3982 626.494 6263.1314 2155.4333;
	1867.1921 1324.0361 2045.5874 617.2602 1040.9925 1441.3202 1081.3987 318.1577 636.9482 6324.8324 2209.5986;
	1907.5684 1300.9 2036.6696 628.9652 1018.0497 1457.7494 1074.9518 312.9814 620.4563 6087.2076 2158.0805;
	1976.6728 1333.0898 2141.0 639.3694 1047.4859 1506.0934 1147.8749 333.8192 673.3 6197.392 2278.1589;
	1948.2409 1340.343 2111.8 628.8 1036.1197 1486.1099 1157.925 339.4443 677.8709 6189.7924 2366.1339;
	1906.0753 1235.0896 1975.9479 616.1 938.6567 1376.5045 1066.872 310.5985 631.0382 5903.5224 2108.1887;
	1826.3403 1156.2 1840.3131 592.8 896.6362 1257.4766 979.2281 295.5342 595.4578 5578.4113 1940.6756;
	1718.3878 1079.4929 1721.1539 582.2 848.9718 1184.1967 944.9737 273.6163 562.9 5213.6446 1890.1836;
	1620.7776 996.9697 1634.2709 597.7575 800.8607 1128.395 868.6 250.8311 457.9365 4790.8397 1527.2708;
	1622.8 977.8468 1592.1408 597.3089 755.5897 1097.0459 848.3376 239.3411 452.4528 4612.3179 1444.2956;
];
