function solarprofile = ex_solar_profilesh1
%EX_WIND_PROFILE_D  Example wind_load_nyiso profile data for deterministic unit commitment.
% 2022.03.12
% Andres F. Ramirez


%% define constants
[GEN_BUS, PG, QG, QMAX, QMIN, VG, MBASE, GEN_STATUS, PMAX, PMIN, ...
    MU_PMAX, MU_PMIN, MU_QMAX, MU_QMIN, PC1, PC2, QC1MIN, QC1MAX, ...
    QC2MIN, QC2MAX, RAMP_AGC, RAMP_10, RAMP_30, RAMP_Q, APF] = idx_gen;
[CT_LABEL, CT_PROB, CT_TABLE, CT_TBUS, CT_TGEN, CT_TBRCH, CT_TAREABUS, ...
    CT_TAREAGEN, CT_TAREABRCH, CT_ROW, CT_COL, CT_CHGTYPE, CT_REP, ...
    CT_REL, CT_ADD, CT_NEWVAL, CT_TLOAD, CT_TAREALOAD, CT_LOAD_ALL_PQ, ...
    CT_LOAD_FIX_PQ, CT_LOAD_DIS_PQ, CT_LOAD_ALL_P, CT_LOAD_FIX_P, ...
    CT_LOAD_DIS_P, CT_TGENCOST, CT_TAREAGENCOST, CT_MODCOST_F, ...
    CT_MODCOST_X] = idx_ct;

solarprofile = struct( ...
    'type', 'mpcData', ...
    'table', CT_TGEN, ...
    'rows', [1:12], ...
    'col', PMAX, ...
    'chgtype', 1, ...
    'values', [] );
solarprofile.values(:,1,:) = [
	0.0 0.0 0.0 0.0 0.0 0.0 0.0 0.0 0.0 0.0 0.0 0.0;
	0.0 0.0 0.0 0.0 0.0 0.0 0.0 0.0 0.0 0.0 0.0 0.0;
	0.0 0.0 0.0 0.0 0.0 0.0 0.0 0.0 0.0 0.0 0.0 0.0;
	0.0 0.0 0.0 0.0 0.0 0.0 0.0 0.0 0.0 0.0 0.0 0.0;
	0.0 0.0 0.0 0.0 0.0 0.0 0.0 0.0 0.0 0.0 0.0 0.0;
	0.0 0.0 0.002 0.0 0.0 0.0 0.0 0.0 0.0 0.0 0.0 0.0;
	2.1415 4.0634 4.6985 1.0492 4.0058 148.6943 18.5868 36.3705 19.5749 70.4867 41.3784 127.6519;
	7.5803 13.5234 9.2041 3.319 7.8517 280.6922 35.0865 68.3875 19.4062 236.1112 131.0984 427.5989;
	18.3347 16.6029 13.7264 8.3746 10.2517 364.3481 45.5435 72.35 35.3861 330.2544 191.9347 598.0927;
	25.3771 16.6094 13.8 11.3797 11.1892 382.7796 47.8474 65.6923 153.0214 347.1785 212.6553 628.7423;
	26.334 16.6574 13.8501 11.9754 12.7447 389.1744 48.6468 64.44 167.9002 348.429 240.1978 631.007;
	26.334 16.6686 13.8544 12.096 13.037 374.0248 46.7531 60.8485 149.5356 343.2901 239.0938 621.7004;
	24.9028 16.6083 13.8 11.9063 13.8979 387.9306 48.4913 50.7797 86.2414 297.6428 192.2444 539.0329;
	17.5368 16.6083 13.33 11.6942 14.0285 399.1735 49.8967 46.1943 93.5638 305.0208 162.1765 552.3945;
	7.9141 12.1113 7.1453 10.2194 13.7654 395.8044 49.4755 52.4058 120.8534 284.917 158.9465 515.9864;
	2.8508 3.9283 2.6381 8.2509 12.2258 317.793 39.7241 28.5331 97.6454 268.6043 222.956 486.4439;
	0.7558 0.6143 0.3751 2.2557 3.5195 51.1781 6.3973 8.4157 20.4193 29.6497 36.4243 53.6959;
	0.0 0.0 0.0 0.0 0.0 0.0 0.0 0.0 0.0 0.0 0.0 0.0;
	0.0 0.0 0.0 0.0 0.0 0.0 0.0 0.0 0.0 0.0 0.0 0.0;
	0.0 0.0 0.0 0.0 0.0 0.0 0.0 0.0 0.0 0.0 0.0 0.0;
	0.0 0.0 0.0 0.0 0.0 0.0 0.0 0.0 0.0 0.0 0.0 0.0;
	0.0 0.0 0.0 0.0 0.0 0.0 0.0 0.0 0.0 0.0 0.0 0.0;
	0.0 0.0 0.0 0.0 0.0 0.0 0.0 0.0 0.0 0.0 0.0 0.0;
	0.0 0.0 0.0 0.0 0.0 0.0 0.0 0.0 0.0 0.0 0.0 0.0;
];
