function solarprofile = ex_solar_profilesh1
%EX_WIND_PROFILE_D  Example wind_load_nyiso profile data for deterministic unit commitment.
% 2022.03.12
% Andres F. Ramirez


%% define constants
[GEN_BUS, PG, QG, QMAX, QMIN, VG, MBASE, GEN_STATUS, PMAX, PMIN, ...
    MU_PMAX, MU_PMIN, MU_QMAX, MU_QMIN, PC1, PC2, QC1MIN, QC1MAX, ...
    QC2MIN, QC2MAX, RAMP_AGC, RAMP_10, RAMP_30, RAMP_Q, APF] = idx_gen;
[CT_LABEL, CT_PROB, CT_TABLE, CT_TBUS, CT_TGEN, CT_TBRCH, CT_TAREABUS, ...
    CT_TAREAGEN, CT_TAREABRCH, CT_ROW, CT_COL, CT_CHGTYPE, CT_REP, ...
    CT_REL, CT_ADD, CT_NEWVAL, CT_TLOAD, CT_TAREALOAD, CT_LOAD_ALL_PQ, ...
    CT_LOAD_FIX_PQ, CT_LOAD_DIS_PQ, CT_LOAD_ALL_P, CT_LOAD_FIX_P, ...
    CT_LOAD_DIS_P, CT_TGENCOST, CT_TAREAGENCOST, CT_MODCOST_F, ...
    CT_MODCOST_X] = idx_ct;

solarprofile = struct( ...
    'type', 'mpcData', ...
    'table', CT_TGEN, ...
    'rows', [1:12], ...
    'col', PMAX, ...
    'chgtype', 1, ...
    'values', [] );
solarprofile.values(:,1,:) = [
	0.0 0.0 0.0 0.0 0.0 0.0 0.0 0.0 0.0 0.0 0.0 0.0;
	0.0 0.0 0.0 0.0 0.0 0.0 0.0 0.0 0.0 0.0 0.0 0.0;
	0.0 0.0 0.0 0.0 0.0 0.0 0.0 0.0 0.0 0.0 0.0 0.0;
	0.0 0.0 0.0 0.0 0.0 0.0 0.0 0.0 0.0 0.0 0.0 0.0;
	0.0 0.0 0.0 0.0 0.0 0.0 0.0 0.0 0.0 0.0 0.0 0.0;
	0.0 0.0 0.0147 0.0 0.0 0.0 0.0 0.0 0.0 0.0 0.0 0.0;
	8.781 6.2862 5.7 2.1032 7.0822 171.6238 21.453 39.4679 22.2935 62.1481 40.4593 112.5506;
	5.0199 4.755 2.9521 6.8223 12.2199 370.8029 46.3504 66.801 101.9245 61.1436 88.1781 110.7315;
	3.4583 6.1125 5.681 9.9396 12.5177 402.2644 50.2831 68.5983 166.8056 297.9138 152.5459 539.5237;
	20.7652 10.8355 11.208 11.1293 9.8865 382.2753 47.7844 59.5867 213.2795 337.8909 170.8436 611.9224;
	26.2372 15.9749 13.5499 11.2986 9.9922 387.525 48.4406 65.5182 239.344 318.7295 202.9988 577.221;
	26.3703 16.6083 13.8 11.3506 10.2001 410.7756 51.3469 67.7056 252.3524 284.9079 212.2701 515.97;
	26.3805 16.6083 13.8 11.6183 12.0278 467.0928 58.3866 70.3968 229.8662 56.6115 167.5596 102.5238;
	23.3545 16.6083 13.8 11.5984 12.3915 472.7016 59.0877 68.9922 199.3562 49.3737 132.2773 89.416;
	17.3741 13.8504 10.9229 9.5873 12.2927 453.1264 56.6408 51.9892 153.2053 33.4684 97.8156 60.6116;
	8.2685 4.2671 3.2182 7.7625 10.3559 281.6358 35.2045 9.6124 41.0882 21.1402 28.0378 38.285;
	0.7522 0.5902 0.3751 1.7604 3.5202 52.0223 6.5028 8.5674 21.432 13.6984 17.3224 24.8078;
	0.0 0.0 0.0 0.0 0.0 0.0 0.0 0.0 0.0 0.0 0.0 0.0;
	0.0 0.0 0.0 0.0 0.0 0.0 0.0 0.0 0.0 0.0 0.0 0.0;
	0.0 0.0 0.0 0.0 0.0 0.0 0.0 0.0 0.0 0.0 0.0 0.0;
	0.0 0.0 0.0 0.0 0.0 0.0 0.0 0.0 0.0 0.0 0.0 0.0;
	0.0 0.0 0.0 0.0 0.0 0.0 0.0 0.0 0.0 0.0 0.0 0.0;
	0.0 0.0 0.0 0.0 0.0 0.0 0.0 0.0 0.0 0.0 0.0 0.0;
	0.0 0.0 0.0 0.0 0.0 0.0 0.0 0.0 0.0 0.0 0.0 0.0;
];
