function solarprofile = ex_solar_profilesh1
%EX_WIND_PROFILE_D  Example wind_load_nyiso profile data for deterministic unit commitment.
% 2022.03.12
% Andres F. Ramirez


%% define constants
[GEN_BUS, PG, QG, QMAX, QMIN, VG, MBASE, GEN_STATUS, PMAX, PMIN, ...
    MU_PMAX, MU_PMIN, MU_QMAX, MU_QMIN, PC1, PC2, QC1MIN, QC1MAX, ...
    QC2MIN, QC2MAX, RAMP_AGC, RAMP_10, RAMP_30, RAMP_Q, APF] = idx_gen;
[CT_LABEL, CT_PROB, CT_TABLE, CT_TBUS, CT_TGEN, CT_TBRCH, CT_TAREABUS, ...
    CT_TAREAGEN, CT_TAREABRCH, CT_ROW, CT_COL, CT_CHGTYPE, CT_REP, ...
    CT_REL, CT_ADD, CT_NEWVAL, CT_TLOAD, CT_TAREALOAD, CT_LOAD_ALL_PQ, ...
    CT_LOAD_FIX_PQ, CT_LOAD_DIS_PQ, CT_LOAD_ALL_P, CT_LOAD_FIX_P, ...
    CT_LOAD_DIS_P, CT_TGENCOST, CT_TAREAGENCOST, CT_MODCOST_F, ...
    CT_MODCOST_X] = idx_ct;

solarprofile = struct( ...
    'type', 'mpcData', ...
    'table', CT_TGEN, ...
    'rows', [1:12], ...
    'col', PMAX, ...
    'chgtype', 1, ...
    'values', [] );
solarprofile.values(:,1,:) = [
	0.0 0.0 0.0 0.0 0.0 0.0 0.0 0.0 0.0 0.0 0.0 0.0;
	0.0 0.0 0.0 0.0 0.0 0.0 0.0 0.0 0.0 0.0 0.0 0.0;
	0.0 0.0 0.0 0.0 0.0 0.0 0.0 0.0 0.0 0.0 0.0 0.0;
	0.0 0.0 0.0 0.0 0.0 0.0 0.0 0.0 0.0 0.0 0.0 0.0;
	0.0 0.0 0.0 0.0 0.0 0.0 0.0 0.0 0.0 0.0 0.0 0.0;
	0.0 0.0015 0.002 0.0 0.0 0.0 0.0 0.0 0.0 0.0 0.0 0.0;
	12.2608 7.817 8.1177 1.9482 2.6715 48.7733 6.0967 13.9176 27.5379 71.6662 39.7276 129.788;
	16.9411 13.6771 11.4136 6.5317 11.4731 274.7501 34.3438 69.6093 33.3869 256.9273 118.6076 465.297;
	18.2414 16.5871 13.7465 10.0786 12.9134 350.8692 43.8587 72.893 33.1367 318.6632 181.6216 577.1009;
	22.0023 16.6083 13.8 11.5077 12.2318 268.9567 33.6196 56.1804 47.4353 134.2135 112.142 243.0615;
	26.3123 16.6978 13.9761 11.729 11.2801 287.1963 35.8995 56.1815 52.8823 182.6864 172.0511 330.8462;
	26.3972 16.9622 14.093 11.7985 11.2368 337.6846 42.2106 61.843 69.4781 212.3228 200.8369 384.5178;
	26.3568 16.8703 13.8 12.0351 13.5954 413.9022 51.7378 70.5045 148.2568 113.8325 174.1084 206.1513;
	23.3217 16.6671 13.8 12.086 14.2208 426.1703 53.2713 73.048 176.3304 88.9876 147.2659 161.1572;
	17.9504 15.5717 11.6644 11.7515 14.3503 411.7986 51.4748 70.155 171.0933 64.8131 101.234 117.377;
	13.636 11.5121 8.7959 8.7917 12.0942 259.4227 32.4278 25.8621 103.1833 64.1797 32.2779 116.2298;
	1.1776 1.314 0.729 1.3491 3.5369 55.7379 6.9672 9.5507 22.7586 27.941 19.8325 50.6014;
	0.0 0.0 0.0 0.0 0.0 0.0 0.0 0.0 0.0 0.0 0.0 0.0;
	0.0 0.0 0.0 0.0 0.0 0.0 0.0 0.0 0.0 0.0 0.0 0.0;
	0.0 0.0 0.0 0.0 0.0 0.0 0.0 0.0 0.0 0.0 0.0 0.0;
	0.0 0.0 0.0 0.0 0.0 0.0 0.0 0.0 0.0 0.0 0.0 0.0;
	0.0 0.0 0.0 0.0 0.0 0.0 0.0 0.0 0.0 0.0 0.0 0.0;
	0.0 0.0 0.0 0.0 0.0 0.0 0.0 0.0 0.0 0.0 0.0 0.0;
	0.0 0.0 0.0 0.0 0.0 0.0 0.0 0.0 0.0 0.0 0.0 0.0;
];
