function loadprofile = ex_load_profilesh1
%EX_LOAD_PROFILE  Example load profile data file for stochastic unit commitment.
% 2022.03.12
% Andres F. Ramirez

%% define constants
[CT_LABEL, CT_PROB, CT_TABLE, CT_TBUS, CT_TGEN, CT_TBRCH, CT_TAREABUS, ...
    CT_TAREAGEN, CT_TAREABRCH, CT_ROW, CT_COL, CT_CHGTYPE, CT_REP, ...
    CT_REL, CT_ADD, CT_NEWVAL, CT_TLOAD, CT_TAREALOAD, CT_LOAD_ALL_PQ, ...
    CT_LOAD_FIX_PQ, CT_LOAD_DIS_PQ, CT_LOAD_ALL_P, CT_LOAD_FIX_P, ...
    CT_LOAD_DIS_P, CT_TGENCOST, CT_TAREAGENCOST, CT_MODCOST_F, ...
    CT_MODCOST_X] = idx_ct;

loadprofile = struct( ...
    'type', 'mpcData', ...
    'table', CT_TAREALOAD, ...
    'rows', [1:11], ...
    'col', CT_LOAD_ALL_P, ...
    'chgtype', 1, ...
    'values', [] );
loadprofile.values(:,1,:) = [
	1415.4798 910.9675 1572.4 561.9509 784.8316 1107.6888 822.0259 239.4303 498.9 4450.8103 1658.8941;
	1400.2223 906.6 1574.5 552.5598 790.8 1101.7528 818.0039 226.3 476.8777 4340.6407 1635.2689;
	1460.8153 946.8 1634.9338 565.3565 802.2036 1124.7473 834.8584 242.8698 489.9 4388.0949 1671.3151;
	1485.1021 1000.8659 1705.7819 583.9627 843.2 1179.9617 880.5335 255.7009 522.0549 4618.1226 1766.8979;
	1656.9831 1127.3155 1913.9449 621.211 973.3217 1358.9837 995.5383 293.4085 588.9221 5173.7774 2023.1174;
	1778.5464 1202.1304 1999.8838 638.6835 1061.7 1471.728 1063.4459 338.9741 671.8879 5762.6046 2193.1;
	1808.1 1215.5 2033.3626 613.4809 1076.1279 1505.4436 1074.0162 355.919 675.9 6073.0285 2220.2567;
	1860.4117 1239.1339 2060.4063 599.606 1079.8606 1486.2592 1078.6232 356.9 690.3 6348.16 2197.8874;
	1862.8766 1253.3 2099.058 590.532 1083.993 1470.9964 1070.2708 360.3855 710.121 6486.84 2256.2494;
	1847.2251 1258.2 2059.608 604.1412 1051.3913 1435.5246 1037.7991 337.9358 686.806 6368.5407 2145.5217;
	1847.2184 1244.4033 1998.372 610.9282 1039.2 1416.8583 1022.7995 341.8 681.4523 6335.9211 2167.4047;
	1854.2784 1238.5193 1977.2984 599.5224 1025.7164 1410.0732 1003.4 327.1392 667.7 6361.9421 1995.5543;
	1824.879 1200.587 1908.9907 585.8352 1028.562 1396.3949 1042.29 312.707 665.7507 6298.9745 2089.1424;
	1803.3016 1195.6681 1918.5455 582.6312 1009.2 1377.344 1035.2043 311.0 675.8171 6214.0467 2045.5238;
	1786.9311 1199.7787 1912.8973 602.6891 995.7878 1390.0483 1019.5039 297.2725 696.3773 6240.9084 2025.9274;
	1783.4238 1212.6117 1873.0566 605.7587 983.8501 1408.4898 1047.1859 318.1042 724.399 6047.8802 2092.5587;
	1775.6913 1232.5 1843.5637 625.8025 989.3903 1450.1527 1094.0 306.2464 771.9616 6097.9151 2198.5085;
	1839.6434 1306.5038 1935.6663 630.4421 1042.0699 1515.283 1154.4602 356.5573 816.3441 6239.2681 2409.365;
	1859.5252 1279.1344 1950.9849 617.2329 969.3149 1471.6904 1122.9826 340.2385 751.9035 6091.6657 2198.2875;
	1765.0652 1197.4367 1808.6229 592.4692 904.0616 1380.0422 1053.2694 343.4 715.1996 5757.8886 2054.366;
	1680.6686 1120.415 1764.1754 560.5721 853.6758 1286.3 1000.2097 312.4624 658.5428 5451.6469 1838.6602;
	1610.9462 1043.2447 1677.7272 559.6437 802.056 1209.557 933.7131 301.8 623.4795 5212.204 1791.9592;
	1546.3535 982.1548 1597.303 563.3285 802.8146 1166.516 909.5223 285.1753 561.1 4865.983 1674.6732;
	1495.8086 950.1618 1585.4614 569.0 809.1158 1146.4 899.6756 291.4554 553.7803 4752.5207 1692.4909;
];
