function loadprofile = ex_load_profilesh1
%EX_LOAD_PROFILE  Example load profile data file for stochastic unit commitment.
% 2022.03.12
% Andres F. Ramirez

%% define constants
[CT_LABEL, CT_PROB, CT_TABLE, CT_TBUS, CT_TGEN, CT_TBRCH, CT_TAREABUS, ...
    CT_TAREAGEN, CT_TAREABRCH, CT_ROW, CT_COL, CT_CHGTYPE, CT_REP, ...
    CT_REL, CT_ADD, CT_NEWVAL, CT_TLOAD, CT_TAREALOAD, CT_LOAD_ALL_PQ, ...
    CT_LOAD_FIX_PQ, CT_LOAD_DIS_PQ, CT_LOAD_ALL_P, CT_LOAD_FIX_P, ...
    CT_LOAD_DIS_P, CT_TGENCOST, CT_TAREAGENCOST, CT_MODCOST_F, ...
    CT_MODCOST_X] = idx_ct;

loadprofile = struct( ...
    'type', 'mpcData', ...
    'table', CT_TAREALOAD, ...
    'rows', [1:11], ...
    'col', CT_LOAD_ALL_P, ...
    'chgtype', 1, ...
    'values', [] );
loadprofile.values(:,1,:) = [
	1452.1583 867.1714 1570.4 524.3926 668.9238 1057.5602 795.7707 229.2785 454.0365 4283.9111 1443.2819;
	1481.8383 871.514 1575.0872 517.0 691.1882 1088.3 810.0208 228.1009 470.3966 4303.9 1531.2394;
	1479.7641 874.2185 1612.0815 522.3659 723.8905 1109.0136 818.2567 216.1474 456.6618 4340.7 1443.0425;
	1585.197 957.8572 1733.4563 545.5071 814.5371 1185.5098 865.3 251.6584 518.9 4590.8283 1642.346;
	1676.0782 1037.0437 1888.1957 557.0 955.8 1367.7 1001.4764 290.3767 603.7935 5137.2016 1913.1335;
	1804.9975 1169.2688 2040.7683 598.7486 1033.2911 1470.1559 1095.7447 329.2376 697.6983 5821.9998 2146.1661;
	1839.4 1152.4757 2033.458 597.8 1032.6 1454.549 1100.2184 341.1027 705.0278 6130.9585 2125.2164;
	1855.4727 1169.0414 2063.5069 601.6 1026.301 1451.8663 1121.0 356.9 718.3354 6409.2396 2088.4868;
	1878.22 1188.494 2088.7247 604.4 1066.1846 1452.2885 1162.8182 351.7 757.2185 6570.4047 2109.7044;
	1909.4822 1145.8105 2056.9768 582.9975 1049.7349 1424.93 1171.038 340.9 724.0361 6566.4492 2027.0531;
	1873.4551 1132.4294 2049.7565 573.2839 1044.1266 1425.5017 1164.2 353.6745 726.0806 6607.7 2016.8366;
	1844.5433 1097.1338 1983.262 552.9766 1002.0752 1412.7444 1123.3629 342.0686 708.5793 6500.6951 1960.0897;
	1815.7654 1103.921 1965.0326 564.367 964.4827 1396.1 1130.9272 338.6 715.5959 6453.9283 1996.781;
	1827.3 1105.8776 1997.1787 571.8505 968.6183 1410.2864 1131.4162 355.0 747.7416 6405.1104 2072.4656;
	1786.3067 1120.1048 1978.2007 585.0775 997.0945 1474.8579 1135.438 384.1 774.1329 6322.9705 2203.2992;
	1758.3202 1124.2683 1946.9683 589.0424 969.8 1488.1551 1104.0897 363.6231 723.4501 6180.3622 2213.8503;
	1780.6932 1167.0581 2003.5117 592.7862 981.9793 1499.695 1128.8732 394.1799 775.7224 6098.0546 2358.7043;
	1875.8128 1208.1424 2073.8595 609.9 1035.5 1543.5 1160.7084 407.7338 794.3198 6101.9169 2471.6011;
	1902.9022 1203.1623 2044.9636 620.4051 1008.1529 1527.8984 1176.8235 393.0137 775.3285 6107.9037 2418.4987;
	1801.7098 1131.8508 1914.4031 599.0934 981.6235 1441.0133 1134.2053 383.7482 732.2171 5903.1682 2309.9241;
	1716.2002 1054.7345 1800.4238 563.3706 911.4799 1363.2513 1085.6183 357.5601 701.9443 5565.1087 2162.4563;
	1611.5993 954.4148 1702.8944 549.3 859.5484 1288.2227 1009.1 328.4316 644.5281 5135.6452 1958.632;
	1600.0 924.8424 1701.9 520.1949 839.9752 1203.0713 901.6 282.8914 584.2918 4733.0003 1817.8081;
	1576.2 910.6731 1702.2689 555.3 839.7565 1166.4664 859.7492 260.9 537.2654 4272.959 1727.689;
];
