function windprofile = ex_wind_profilesh1
%EX_WIND_PROFILE_D  Example wind_load_nyiso profile data for deterministic unit commitment.
% 2022.03.12
% Andres F. Ramirez


%% define constants
[GEN_BUS, PG, QG, QMAX, QMIN, VG, MBASE, GEN_STATUS, PMAX, PMIN, ...
    MU_PMAX, MU_PMIN, MU_QMAX, MU_QMIN, PC1, PC2, QC1MIN, QC1MAX, ...
    QC2MIN, QC2MAX, RAMP_AGC, RAMP_10, RAMP_30, RAMP_Q, APF] = idx_gen;
[CT_LABEL, CT_PROB, CT_TABLE, CT_TBUS, CT_TGEN, CT_TBRCH, CT_TAREABUS, ...
    CT_TAREAGEN, CT_TAREABRCH, CT_ROW, CT_COL, CT_CHGTYPE, CT_REP, ...
    CT_REL, CT_ADD, CT_NEWVAL, CT_TLOAD, CT_TAREALOAD, CT_LOAD_ALL_PQ, ...
    CT_LOAD_FIX_PQ, CT_LOAD_DIS_PQ, CT_LOAD_ALL_P, CT_LOAD_FIX_P, ...
    CT_LOAD_DIS_P, CT_TGENCOST, CT_TAREAGENCOST, CT_MODCOST_F, ...
    CT_MODCOST_X] = idx_ct;

windprofile = struct( ...
    'type', 'mpcData', ...
    'table', CT_TGEN, ...
    'rows', [1:45], ...
    'col', PMAX, ...
    'chgtype', 1, ...
    'values', [] );
windprofile.values(:,1,:) = [
	3.694 49.9143 91.6048 113.0064 14.558 33.4893 27.5102 18.2892 26.0212 30.4259 56.2419 83.9018 126.3137 64.5479 200.9462 75.7053 93.9307 99.5385 45.996 69.7202 9.1701 78.1418 71.9862 86.076 102.8785 74.0755 13.9462 1190.506 699.6803 699.6803 611.3724 106.0658 153.3201 179.46 202.3663 298.5303 1175.8297 227.0446 473.0929 275.5675 121.9034 371.5084 145.8662 274.6586 1188.0779;
	3.5997 48.6399 94.3952 120.4287 14.7664 32.6324 28.5434 18.5179 26.2188 30.0173 55.4865 82.7749 124.6171 64.7193 200.6274 75.5852 93.7816 99.3805 40.1034 71.7681 9.5145 76.1422 69.9513 86.7601 101.2526 73.4673 13.9438 1177.8928 727.8996 727.8996 612.3629 105.321 133.678 184.7313 202.9039 310.5705 1204.0924 230.4105 460.5437 271.2122 122.8748 362.0018 141.3736 279.9205 1216.635;
	3.6658 49.5333 94.3654 69.7608 14.6014 33.1909 28.3562 17.8698 26.2324 30.3846 56.1654 83.7877 126.142 63.9215 199.0804 75.0024 93.0585 98.6142 36.3295 69.7941 9.4521 77.4455 70.0594 88.3322 102.6927 73.7184 13.937 1160.5984 688.0197 688.0197 553.4844 100.1964 121.0982 179.6501 200.4026 293.5551 1221.8041 216.6903 459.8366 275.0698 122.2498 368.1981 141.8178 278.623 1234.5312;
	3.8035 51.3938 94.4739 91.5456 15.1394 33.7036 28.2538 18.4462 27.1475 30.6624 56.679 84.5539 127.2954 65.626 204.3763 76.9976 95.534 101.2375 47.9055 71.1644 9.4179 78.6418 65.8806 88.6205 103.1628 73.8707 14.0653 1215.8252 710.0832 710.0832 523.3728 89.9242 159.6851 183.1773 205.7464 302.9688 1158.5964 231.6815 470.2363 276.3288 121.4598 373.8857 180.5366 280.5597 1170.6651;
	3.6657 49.532 94.7791 120.796 15.1999 34.194 24.1174 18.4193 27.8852 31.0519 57.399 85.628 128.9124 67.4084 204.3785 76.9984 95.5351 101.2386 84.6963 70.214 8.0391 79.786 61.6093 89.428 104.1703 75.7879 13.9929 1152.2501 679.4678 679.4678 533.8801 87.3288 282.3211 180.7309 211.3346 289.9063 1202.4899 237.9604 469.4334 279.0276 122.9644 379.3253 200.6745 277.6149 1215.0158;
	3.775 51.008 94.1102 120.1873 14.878 33.8864 27.9786 18.6489 27.4663 31.373 57.9925 86.5134 130.2454 66.24 203.1287 76.5275 94.9508 100.6195 91.7741 71.3627 9.3262 79.0684 74.6524 89.9832 105.8039 75.5941 14.0179 1246.6125 693.6572 693.6572 508.4204 84.1687 305.9136 183.6876 207.6713 295.9604 1155.7654 218.7447 463.0869 283.4032 122.2956 375.9137 202.1954 283.2643 1167.8046;
	3.7798 51.074 94.4977 119.8509 14.8994 32.7913 28.4352 18.3272 27.4194 31.1604 57.5995 85.9271 129.3627 66.2914 198.8953 74.9327 92.972 98.5226 89.6722 69.8075 9.4784 76.513 74.8475 88.4233 103.4457 75.8607 13.2651 1246.7564 726.9135 726.9135 565.3329 76.1816 298.9074 179.6848 207.8327 310.1498 1187.8277 239.2765 459.256 277.0868 123.4897 363.7645 199.2183 274.477 1200.2009;
	3.7354 50.4729 92.1185 117.9651 15.3538 33.6186 26.3547 18.0278 26.4812 30.9716 57.2504 85.4064 128.5789 64.9917 200.9535 75.7081 93.9341 99.5421 86.6293 70.2153 8.7849 78.4434 74.4 86.8091 102.9652 73.938 12.8943 1178.3929 696.3994 696.3994 548.927 69.4712 288.7643 180.7344 203.7576 297.1304 1104.2501 232.342 449.0969 275.7997 122.4248 372.9424 197.0682 258.5402 1115.7527;
	3.7548 50.7357 91.8265 116.9351 15.2747 33.6193 28.0239 17.8715 26.3496 30.8642 57.052 85.1104 128.1332 66.944 197.8209 74.5279 92.4698 97.9903 88.4701 69.2557 9.3413 78.4451 74.5455 86.9096 103.2701 72.9428 13.1441 1192.3335 769.6506 769.6506 618.4389 72.7324 294.9002 178.2645 209.8785 328.3843 1168.0501 277.3625 451.071 276.6162 123.0105 372.9506 178.4076 276.986 1180.2173;
	3.6393 49.1749 91.4189 116.3586 14.94 33.6444 27.248 18.048 25.779 30.665 56.6838 84.5611 127.3062 64.9733 196.6294 74.079 91.9128 97.4001 90.1864 69.6056 9.0827 78.5037 74.1273 87.6299 103.0104 72.0875 13.3388 1168.8811 724.4249 724.4249 649.5747 73.9809 300.6213 179.165 203.7001 309.088 1090.7923 278.6129 439.4064 275.9206 123.6701 373.2289 155.1819 274.1722 1102.1547;
	3.6999 49.9944 89.1442 110.4222 14.6276 32.5716 24.5895 17.8882 25.875 30.9364 57.1855 85.3095 128.433 62.2933 195.0564 73.4864 91.1775 96.621 88.8051 69.6507 8.1965 76.0003 73.9526 85.7605 98.2353 70.9584 13.015 1157.4461 707.9575 707.9575 629.5731 77.5335 296.0171 179.2812 195.298 302.0618 1033.8474 288.5607 455.9142 263.1304 123.5511 361.3272 163.0985 274.2168 1044.6166;
	3.5696 48.2334 86.7614 110.0935 14.1436 32.179 22.9111 17.5965 25.4633 30.0468 55.5411 82.8563 124.7398 64.8261 195.5589 73.6757 91.4124 96.8699 90.5918 69.6933 7.637 75.0843 73.503 83.3867 97.4664 71.0525 12.8816 1069.2567 672.5252 672.5252 611.5267 85.5407 301.9728 179.3908 203.2386 286.9441 990.135 253.5403 441.4228 261.0708 117.6313 356.972 175.2161 267.7946 1000.4489;
	3.3212 44.8773 80.6736 96.5971 14.1539 29.0498 27.3294 17.4397 25.8452 30.7323 56.8081 84.7466 127.5855 66.8969 195.9033 73.8054 91.5734 97.0405 88.6235 70.4156 9.1098 67.7829 73.6185 85.7793 91.3537 71.659 12.6928 1090.6297 708.7899 708.7899 646.6504 88.8468 295.4115 181.2498 209.7309 302.417 960.3217 257.566 464.5821 244.6975 117.822 322.2591 153.0935 221.0198 970.3251;
	3.4479 46.589 86.8679 111.0009 14.3619 31.9487 27.4345 17.573 25.8176 30.5364 56.446 84.2063 126.7722 65.9876 201.4802 75.9065 94.1803 99.803 89.5932 72.539 9.1448 74.547 74.1253 86.4517 97.0812 70.3476 13.019 1084.7342 684.8198 684.8198 667.3944 92.7901 298.6439 186.7155 206.8801 292.1898 974.0533 281.4375 445.7745 260.039 116.2843 354.4179 145.6711 249.9148 984.1997;
	3.514 47.4812 88.9999 114.0505 14.7141 31.5854 24.6313 17.7943 25.8649 30.7137 56.7738 84.6953 127.5083 67.6961 201.0013 75.7261 93.9564 99.5658 87.4595 71.2405 8.2104 73.6992 72.0436 87.1145 98.5802 72.7272 12.9845 1141.4527 689.9385 689.9385 690.3055 96.7922 291.5315 183.3733 212.2366 294.3738 949.71 295.78 446.0589 264.054 114.5044 350.3871 161.7626 214.4594 959.6028;
	3.2535 43.9621 87.3175 116.0224 14.3346 30.1997 28.0725 17.4297 26.9451 30.3991 56.1923 83.8278 126.2023 68.2727 203.6316 76.717 95.1859 100.8687 87.2511 72.0872 9.3575 70.4659 73.3946 84.5638 97.0959 72.0357 12.9101 1242.9579 741.0161 741.0161 702.974 107.5184 290.8368 185.5526 214.0441 316.1669 1100.2271 302.9467 455.2118 260.0783 118.1925 335.0149 160.9398 186.7161 1111.6878;
	3.3626 45.4355 87.6334 116.092 14.4786 31.8374 25.3649 16.6821 26.3614 29.2683 54.102 80.7095 121.5077 66.2007 202.2124 76.1823 94.5225 100.1657 90.6996 72.0519 8.455 74.2873 71.3298 86.6172 98.2868 71.0362 11.7781 1187.2428 720.5298 720.5298 674.0157 96.424 302.332 185.4617 207.5481 307.4261 1102.0196 279.4471 452.309 263.2683 121.8115 353.1832 168.0925 222.4246 1113.499;
	3.6748 49.6541 87.245 111.0188 14.0721 30.1048 23.9786 12.1787 26.0223 28.2394 52.2002 77.8724 117.2365 66.1094 191.5419 72.1623 89.5347 94.8801 89.5142 69.4093 7.9929 70.2445 68.8362 84.5064 99.9483 59.1935 9.0225 1230.0077 686.3488 686.3488 650.387 90.093 298.3805 178.6596 207.262 292.8421 1082.9439 287.2492 441.2624 267.7188 120.65 333.9623 168.1032 180.3019 1094.2246;
