function loadprofile = ex_load_profilesh1
%EX_LOAD_PROFILE  Example load profile data file for stochastic unit commitment.
% 2022.03.12
% Andres F. Ramirez

%% define constants
[CT_LABEL, CT_PROB, CT_TABLE, CT_TBUS, CT_TGEN, CT_TBRCH, CT_TAREABUS, ...
    CT_TAREAGEN, CT_TAREABRCH, CT_ROW, CT_COL, CT_CHGTYPE, CT_REP, ...
    CT_REL, CT_ADD, CT_NEWVAL, CT_TLOAD, CT_TAREALOAD, CT_LOAD_ALL_PQ, ...
    CT_LOAD_FIX_PQ, CT_LOAD_DIS_PQ, CT_LOAD_ALL_P, CT_LOAD_FIX_P, ...
    CT_LOAD_DIS_P, CT_TGENCOST, CT_TAREAGENCOST, CT_MODCOST_F, ...
    CT_MODCOST_X] = idx_ct;

loadprofile = struct( ...
    'type', 'mpcData', ...
    'table', CT_TAREALOAD, ...
    'rows', [1:11], ...
    'col', CT_LOAD_ALL_P, ...
    'chgtype', 1, ...
    'values', [] );
loadprofile.values(:,1,:) = [
	1522.7 938.8 1523.3892 519.8464 729.8406 1147.5486 881.2711 274.4114 507.5265 4464.2342 1668.1737;
	1529.3363 944.435 1519.9671 505.2231 738.8063 1124.5061 870.5259 263.5881 497.4378 4417.0732 1667.0311;
	1539.3521 965.5637 1531.3087 523.5539 751.3354 1143.2 887.0633 276.4668 500.9 4402.9981 1672.7523;
	1605.3189 1035.1473 1652.9103 545.7 780.835 1206.1 922.6073 292.3 523.3258 4671.0289 1783.236;
	1748.9085 1137.0867 1840.1144 596.6987 915.1478 1345.8 1022.8 325.0796 594.6478 5159.5725 2014.435;
	1884.7048 1214.7799 1932.5581 614.4886 980.4303 1432.5533 1085.9 343.0809 647.9756 5672.8513 2164.6598;
	1926.3503 1245.7385 1983.6227 597.9448 1004.0261 1441.402 1112.124 346.719 667.3067 6056.6295 2186.0899;
	1931.5158 1229.9917 2010.8291 616.4841 1057.1065 1478.3366 1141.0377 347.0079 674.3 6221.9915 2176.8899;
	1963.1923 1248.9034 2026.8989 611.3 1063.54 1466.5173 1167.3016 349.6194 685.3372 6345.3541 2205.9296;
	1963.9653 1264.7 2012.6738 610.201 1096.0 1514.9366 1181.1 357.0399 675.3305 6359.3708 2218.8368;
	1921.344 1260.1539 2003.3854 596.1874 1105.2 1524.8387 1164.2 344.0 673.8042 6329.7673 2153.6993;
	1940.4206 1259.8015 1991.0195 589.8399 1067.2692 1509.3543 1162.6447 346.8762 686.9847 6341.2 2170.3206;
	1906.1 1242.2167 1915.9205 586.3 1039.0927 1461.2358 1146.7 333.8738 653.4918 6249.1969 2097.1407;
	1876.3246 1249.8638 1931.7249 574.8928 1018.3334 1443.1236 1113.7528 323.0538 657.3147 6117.5202 2121.9854;
	1886.2921 1275.7269 1957.212 582.6 1018.8782 1447.8788 1099.971 328.1174 671.3 6210.8539 2181.4;
	1949.3388 1290.7975 2006.5365 599.8055 1055.7587 1539.6597 1155.9396 334.1499 639.4737 6206.7005 2212.0;
	1969.5392 1261.8192 2020.4381 614.0005 1088.0 1529.454 1151.5952 350.2 670.1303 6160.7834 2308.9288;
	1972.6013 1300.3513 2061.0 611.9 1094.0492 1539.2 1174.7695 345.4888 705.8 6009.5049 2433.0781;
	1974.7448 1272.0474 1989.0728 597.3 1054.048 1500.3597 1150.5418 334.9483 681.8103 5909.8742 2369.0561;
	1876.4352 1178.191 1888.1197 579.8209 1030.4982 1407.098 1107.9 339.8217 645.9387 5786.0826 2309.59;
	1780.384 1122.4 1808.0269 556.2 963.6787 1327.9388 1047.5 327.2222 623.8035 5472.0171 2122.3031;
	1667.4413 1051.8717 1714.9218 557.145 935.372 1262.1288 992.9015 306.0 584.896 5131.2 1964.8484;
	1580.1827 1010.3553 1649.7572 528.3804 844.0719 1174.5584 945.8932 278.3588 549.8309 4773.9584 1816.8703;
	1479.7635 997.2804 1621.5496 522.9371 821.8213 1162.119 901.1 262.5562 525.8804 4573.955 1763.7;
];
