function windprofile = ex_wind_profilesh1
%EX_WIND_PROFILE_D  Example wind_load_nyiso profile data for deterministic unit commitment.
% 2022.03.12
% Andres F. Ramirez


%% define constants
[GEN_BUS, PG, QG, QMAX, QMIN, VG, MBASE, GEN_STATUS, PMAX, PMIN, ...
    MU_PMAX, MU_PMIN, MU_QMAX, MU_QMIN, PC1, PC2, QC1MIN, QC1MAX, ...
    QC2MIN, QC2MAX, RAMP_AGC, RAMP_10, RAMP_30, RAMP_Q, APF] = idx_gen;
[CT_LABEL, CT_PROB, CT_TABLE, CT_TBUS, CT_TGEN, CT_TBRCH, CT_TAREABUS, ...
    CT_TAREAGEN, CT_TAREABRCH, CT_ROW, CT_COL, CT_CHGTYPE, CT_REP, ...
    CT_REL, CT_ADD, CT_NEWVAL, CT_TLOAD, CT_TAREALOAD, CT_LOAD_ALL_PQ, ...
    CT_LOAD_FIX_PQ, CT_LOAD_DIS_PQ, CT_LOAD_ALL_P, CT_LOAD_FIX_P, ...
    CT_LOAD_DIS_P, CT_TGENCOST, CT_TAREAGENCOST, CT_MODCOST_F, ...
    CT_MODCOST_X] = idx_ct;

windprofile = struct( ...
    'type', 'mpcData', ...
    'table', CT_TGEN, ...
    'rows', [1:45], ...
    'col', PMAX, ...
    'chgtype', 1, ...
    'values', [] );
windprofile.values(:,1,:) = [
	3.4197 46.2075 88.1224 109.122 13.9581 32.2779 27.419 17.9932 26.1902 30.1193 55.675 83.0562 125.0406 63.7345 201.0119 75.7301 93.9614 99.571 37.867 72.2527 9.1397 75.315 71.9815 88.6686 102.0518 73.8892 13.616 1079.589 664.0063 664.0063 591.1916 106.0894 126.2234 185.9786 199.8164 283.3094 1091.8191 223.9166 434.7384 273.353 119.829 358.069 117.7939 265.0326 1103.1922;
	3.5446 47.8957 91.1728 115.9499 14.005 32.343 29.1187 18.4812 27.2464 29.6248 54.761 81.6927 122.9879 66.1639 199.5144 75.1659 93.2614 98.8292 36.1662 73.3582 9.7062 75.4669 70.7389 89.5084 105.5465 74.8199 13.4387 1051.6562 677.4123 677.4123 600.4255 108.4577 120.5538 188.8241 207.4329 289.0292 1112.25 240.9501 447.2735 282.7139 122.5743 358.7914 122.296 273.1379 1123.8359;
	3.6415 49.204 93.5166 64.6441 13.9809 33.4963 29.7452 18.0689 27.0224 29.3508 54.2545 80.9371 121.8503 66.8342 198.8392 74.9115 92.9458 98.4948 36.3287 71.6175 9.9151 78.1579 70.4993 89.2795 105.8612 74.9439 13.5962 1068.0368 668.5662 668.5662 561.024 107.6286 121.0958 184.3437 209.5344 285.2549 1153.7154 231.1426 447.1787 283.5568 120.3859 371.5852 135.2361 275.0267 1165.7332;
	3.8148 51.5459 92.6392 90.6327 14.3913 34.2164 29.211 18.743 28.1788 30.283 55.9776 83.5076 125.7202 68.4306 200.0668 75.374 93.5196 99.1028 47.7835 72.8553 9.737 79.8383 69.2222 89.663 106.34 76.4323 13.9426 1103.498 700.2829 700.2829 531.6716 92.6275 159.2784 187.5299 214.5393 298.7874 1105.3421 245.1865 454.4868 284.8393 121.5575 379.5743 176.8797 274.4018 1116.8561;
	3.5095 47.4208 94.4337 120.8288 14.214 33.4985 23.8345 18.7931 27.9219 29.4338 54.408 81.166 122.195 68.1653 190.8527 71.9027 89.2126 94.5387 80.9711 71.0947 7.9448 78.1631 56.7927 89.5452 106.3809 76.1079 13.9173 1082.1917 646.6962 646.6962 516.6762 93.5957 269.9037 182.998 213.7073 275.9237 1124.7108 241.9161 448.4282 284.9487 119.5769 371.6095 189.038 274.0571 1136.4266;
	3.7582 50.782 92.2422 120.023 14.4606 33.8366 27.3927 18.8913 28.0275 29.4192 54.3809 81.1256 122.1342 68.5019 196.9618 74.2042 92.0682 97.5648 92.0927 72.2856 9.1309 78.952 69.0235 89.3903 106.5677 76.5696 14.0613 1209.4943 731.6673 731.6673 518.595 94.2004 306.9758 186.0632 214.7626 312.178 1153.4339 235.5773 440.3227 285.4491 122.3009 375.3604 196.6813 278.8505 1165.4488;
	3.6608 49.4656 89.497 118.6719 14.1841 33.675 29.1964 18.4557 27.7112 28.8991 53.4195 79.6914 119.975 68.0444 194.5995 73.3142 90.9639 96.3946 90.5836 70.6965 9.7321 78.575 70.3856 88.2399 104.7172 76.5442 13.846 1228.9619 764.4381 764.4381 567.7855 91.3994 301.9454 181.973 213.3284 326.1603 1148.9157 246.1997 436.6475 280.4926 119.4064 373.5679 200.773 268.1914 1160.8836;
	3.696 49.9409 91.125 120.0493 15.0784 34.7513 27.7402 18.5041 27.6194 29.9175 55.3021 82.4999 124.2031 66.9655 199.533 75.1729 93.2701 98.8384 90.1979 70.3778 9.2467 81.0863 73.1568 89.6446 105.8661 74.9478 13.7391 1181.8904 730.2911 730.2911 517.7999 78.7543 300.6597 181.1526 209.9459 311.5909 1121.7129 236.127 448.7491 283.5698 122.5232 385.5076 201.468 273.2687 1133.3974;
	3.6689 49.5748 90.5948 119.7426 15.2015 34.3648 29.698 17.7995 28.4245 30.8715 57.0654 85.1304 128.1634 68.465 201.7164 75.9955 94.2907 99.92 90.8754 71.0626 9.8993 80.1846 73.2744 87.0827 103.0852 74.4547 13.5428 1234.4213 805.5398 805.5398 592.4496 76.1756 302.918 182.9154 214.6472 343.697 1210.3167 266.8067 462.7434 276.1211 119.3219 381.2207 188.3441 276.2009 1222.9242;
	3.6386 49.1659 93.1901 120.8627 15.3305 34.48 29.2042 18.5702 28.2734 30.6538 56.6631 84.5302 127.2598 67.961 200.2922 75.4589 93.625 99.2145 92.1701 71.9498 9.7347 80.4534 72.4527 89.954 105.8841 76.2931 13.6659 1232.2281 767.3658 767.3658 631.8586 84.5558 307.2337 185.1989 213.0669 327.4094 1176.7596 287.9371 446.9644 283.6182 123.2041 382.4983 170.3135 279.2592 1189.0175;
	3.2527 43.9512 89.7846 119.2605 14.9507 33.0987 25.8792 18.1043 28.0461 30.6201 56.6008 84.4372 127.1197 67.5713 197.6255 74.4543 92.3784 97.8936 90.4345 71.4761 8.6264 77.2303 73.567 88.2369 101.9743 74.4037 13.3214 1156.4089 738.1716 738.1716 591.4806 83.7486 301.4484 183.9796 211.8452 314.9532 1056.8313 286.7843 442.1039 273.1454 121.1539 367.175 167.0855 263.2739 1067.84;
	3.573 48.279 92.4006 120.6997 15.2627 34.7223 27.2069 18.2502 28.3083 30.2342 55.8875 83.3732 125.5179 69.2024 195.337 73.5921 91.3087 96.76 89.9237 71.6043 9.069 81.0188 72.9667 87.908 104.1802 74.6234 13.2784 1119.4804 759.4929 759.4929 625.197 76.9899 299.7458 184.3095 216.959 324.0503 1104.2291 275.2943 455.0605 279.0542 122.0289 385.1864 193.8994 273.2248 1115.7315;
	3.5711 48.2528 90.9468 119.2889 14.5995 33.9474 27.8221 18.1805 27.3961 30.5372 56.4476 84.2087 126.7757 67.1114 194.9798 73.4575 91.1417 96.583 90.7993 70.6203 9.274 79.2106 72.593 87.7992 102.6448 73.2047 13.4181 1136.2652 734.4623 734.4623 634.4717 98.0265 302.6643 181.7769 210.4033 313.3706 1006.1806 294.3761 444.3704 274.9415 122.1339 376.5898 160.1404 266.2981 1016.6616;
	3.5593 48.0938 90.8483 118.6207 14.5891 32.9417 26.8614 18.2557 26.6746 29.8413 55.1612 82.2896 123.8866 65.6826 196.7283 74.1163 91.9591 97.4491 91.3588 71.2247 8.9538 76.864 66.9506 87.1522 101.1505 73.7728 13.6555 1120.1211 688.2707 688.2707 614.0345 92.5226 304.5294 183.3326 205.9238 293.6622 937.231 287.8228 435.5453 270.9387 120.3035 365.4333 156.1855 269.1597 946.9938;
	3.5538 48.02 92.6107 119.0003 14.1904 32.7342 24.8411 18.1311 26.3917 29.6613 54.8285 81.7933 123.1393 67.4673 193.5802 72.9302 90.4875 95.8897 88.7482 71.1185 8.2804 76.3797 56.2348 89.0511 101.0707 73.851 13.6758 1059.0536 711.0814 711.0814 647.5731 95.354 295.8274 183.0592 211.5192 303.3947 898.7064 323.5805 441.9348 270.7251 121.0747 363.1309 173.1815 258.6644 908.068;
	3.5816 48.3947 91.6328 115.811 14.1304 32.6369 25.5823 17.6117 25.8319 26.4676 48.925 72.9864 109.8807 66.8044 196.2579 73.939 91.7392 97.2161 85.4339 69.658 8.5274 76.1528 57.2473 86.4311 99.7934 73.438 13.351 1087.3618 669.1148 669.1148 593.5909 102.0727 284.7798 179.2999 209.4408 285.489 962.8853 300.5776 434.3415 267.3039 117.4437 362.052 183.3643 258.9694 972.9153;
	3.4184 46.1896 88.4769 113.7269 14.2433 33.0616 23.7506 17.5047 25.7178 28.6332 52.9281 78.9583 118.8712 65.3349 200.8296 75.6614 93.8761 99.4807 89.6166 72.7058 7.9169 77.1437 67.084 88.309 100.7806 71.7585 12.1049 1086.6249 705.4889 705.4889 597.6642 99.0202 298.7219 187.1449 204.8338 301.0086 1085.8771 285.5371 411.3734 269.9482 119.4135 366.763 193.0472 236.8638 1097.1883;
	3.7161 50.213 92.5796 115.5194 14.547 33.098 25.5777 14.4285 26.3764 29.0091 53.623 79.9949 120.4319 67.6559 202.8405 76.419 94.8161 100.4768 86.9082 73.1032 8.5259 77.2287 69.6719 84.7861 98.2522 64.4775 11.3297 1187.5144 695.2831 695.2831 613.9716 94.1576 289.694 188.1678 212.1105 296.6541 1111.4011 296.2715 439.1745 263.1756 118.6119 367.1674 206.9565 251.4831 1122.9782;
