function solarprofile = ex_solar_profilesh1
%EX_WIND_PROFILE_D  Example wind_load_nyiso profile data for deterministic unit commitment.
% 2022.03.12
% Andres F. Ramirez


%% define constants
[GEN_BUS, PG, QG, QMAX, QMIN, VG, MBASE, GEN_STATUS, PMAX, PMIN, ...
    MU_PMAX, MU_PMIN, MU_QMAX, MU_QMIN, PC1, PC2, QC1MIN, QC1MAX, ...
    QC2MIN, QC2MAX, RAMP_AGC, RAMP_10, RAMP_30, RAMP_Q, APF] = idx_gen;
[CT_LABEL, CT_PROB, CT_TABLE, CT_TBUS, CT_TGEN, CT_TBRCH, CT_TAREABUS, ...
    CT_TAREAGEN, CT_TAREABRCH, CT_ROW, CT_COL, CT_CHGTYPE, CT_REP, ...
    CT_REL, CT_ADD, CT_NEWVAL, CT_TLOAD, CT_TAREALOAD, CT_LOAD_ALL_PQ, ...
    CT_LOAD_FIX_PQ, CT_LOAD_DIS_PQ, CT_LOAD_ALL_P, CT_LOAD_FIX_P, ...
    CT_LOAD_DIS_P, CT_TGENCOST, CT_TAREAGENCOST, CT_MODCOST_F, ...
    CT_MODCOST_X] = idx_ct;

solarprofile = struct( ...
    'type', 'mpcData', ...
    'table', CT_TGEN, ...
    'rows', [1:12], ...
    'col', PMAX, ...
    'chgtype', 1, ...
    'values', [] );
solarprofile.values(:,1,:) = [
	0.0 0.0 0.0 0.0 0.0 0.0 0.0 0.0 0.0 0.0 0.0 0.0;
	0.0 0.0 0.0 0.0 0.0 0.0 0.0 0.0 0.0 0.0 0.0 0.0;
	0.0 0.0 0.0 0.0 0.0 0.0 0.0 0.0 0.0 0.0 0.0 0.0;
	0.0 0.0 0.0 0.0 0.0 0.0 0.0 0.0 0.0 0.0 0.0 0.0;
	0.0 0.0 0.0 0.0 0.0 0.0 0.0 0.0 0.0 0.0 0.0 0.0;
	0.0 0.0 0.0058 0.0 0.0 0.0 0.0 0.0075 0.0 0.0 0.0 0.0;
	8.2395 6.7433 5.8194 3.5744 2.9303 281.095 35.1369 42.8277 83.7654 74.5005 41.269 134.9209;
	19.0285 14.877 12.2508 6.6946 7.3529 370.9339 46.3667 72.4529 167.8215 306.4458 150.3561 554.9751;
	23.7678 16.628 13.8 7.8326 9.5226 390.8943 48.8618 74.8136 187.3344 342.3187 219.8596 619.9412;
	26.4268 16.707 13.8 3.8103 6.6938 307.532 38.4415 67.0824 191.0032 347.8433 241.6224 629.9462;
	26.3379 16.7714 13.8 2.9062 6.7753 260.9989 32.6249 66.122 189.5223 349.5316 245.0112 633.0039;
	26.339 16.7804 13.8 3.0562 7.3454 205.8031 25.7254 66.6837 190.42 346.7116 248.4075 627.8967;
	26.6919 16.7209 13.9142 8.4768 10.8672 301.0623 37.6328 72.0517 176.7268 332.225 245.1464 601.6614;
	24.8201 16.6463 14.0009 10.4565 11.5441 332.9865 41.6233 74.0499 158.2232 327.6805 204.0966 593.4313;
	21.8604 15.3011 13.5249 7.6545 11.3129 350.706 43.8382 72.3491 129.4201 251.8383 173.7303 456.0807;
	10.3117 7.7058 7.5714 4.6007 8.2995 194.2618 24.2827 49.0424 77.4119 106.1408 74.6242 192.2216;
	0.9791 0.8553 0.5918 1.3115 2.8998 44.8171 5.6021 12.6479 25.9607 23.1631 25.4139 41.9485;
	0.0 0.0 0.0 0.0 0.0 0.0 0.0 0.0 0.0 0.0 0.0 0.0;
	0.0 0.0 0.0 0.0 0.0 0.0 0.0 0.0 0.0 0.0 0.0 0.0;
	0.0 0.0 0.0 0.0 0.0 0.0 0.0 0.0 0.0 0.0 0.0 0.0;
	0.0 0.0 0.0 0.0 0.0 0.0 0.0 0.0 0.0 0.0 0.0 0.0;
	0.0 0.0 0.0 0.0 0.0 0.0 0.0 0.0 0.0 0.0 0.0 0.0;
	0.0 0.0 0.0 0.0 0.0 0.0 0.0 0.0 0.0 0.0 0.0 0.0;
	0.0 0.0 0.0 0.0 0.0 0.0 0.0 0.0 0.0 0.0 0.0 0.0;
];
