function loadprofile = ex_load_profilesh1
%EX_LOAD_PROFILE  Example load profile data file for stochastic unit commitment.
% 2022.03.12
% Andres F. Ramirez

%% define constants
[CT_LABEL, CT_PROB, CT_TABLE, CT_TBUS, CT_TGEN, CT_TBRCH, CT_TAREABUS, ...
    CT_TAREAGEN, CT_TAREABRCH, CT_ROW, CT_COL, CT_CHGTYPE, CT_REP, ...
    CT_REL, CT_ADD, CT_NEWVAL, CT_TLOAD, CT_TAREALOAD, CT_LOAD_ALL_PQ, ...
    CT_LOAD_FIX_PQ, CT_LOAD_DIS_PQ, CT_LOAD_ALL_P, CT_LOAD_FIX_P, ...
    CT_LOAD_DIS_P, CT_TGENCOST, CT_TAREAGENCOST, CT_MODCOST_F, ...
    CT_MODCOST_X] = idx_ct;

loadprofile = struct( ...
    'type', 'mpcData', ...
    'table', CT_TAREALOAD, ...
    'rows', [1:11], ...
    'col', CT_LOAD_ALL_P, ...
    'chgtype', 1, ...
    'values', [] );
loadprofile.values(:,1,:) = [
	1543.7768 932.3745 1649.5737 560.0945 815.4 1233.3236 895.5977 307.5581 544.4481 4582.9599 1676.6;
	1520.4513 929.9866 1656.7144 552.5 823.0376 1221.6243 893.3432 301.1123 548.6581 4576.2128 1644.8266;
	1563.7657 961.3558 1736.2874 559.5 851.559 1278.6875 891.1641 293.8056 534.8538 4463.7625 1672.0984;
	1653.7867 1048.9852 1884.7308 575.0042 914.8288 1323.6271 957.1472 320.5346 594.4374 4769.1052 1802.2089;
	1806.7072 1210.9237 2040.2628 607.1757 1050.0432 1450.0571 1034.9766 362.7 646.4216 5342.3139 2021.7321;
	1886.2824 1303.6687 2186.6734 611.2196 1119.1542 1525.801 1115.2 400.2944 738.2952 5933.5368 2237.2359;
	1866.1 1245.4906 2125.2097 618.4458 1126.3549 1485.6669 1127.5211 389.2328 722.0278 6221.6752 2225.1119;
	1917.4508 1249.4473 2125.4336 624.3343 1108.4428 1475.5499 1126.3127 405.0818 718.4713 6397.3666 2246.4643;
	1949.9342 1245.6216 2131.34 617.6 1122.4821 1456.8837 1111.7643 375.1987 716.655 6390.8 2142.8;
	1956.5295 1257.696 2127.5694 620.4 1122.7469 1467.3746 1084.9692 360.6263 704.1 6382.117 2000.7195;
	1907.8273 1261.8 2131.1641 602.4 1124.0151 1421.1737 1066.4418 356.4463 689.1688 6369.2927 1944.3428;
	1893.7221 1263.2 2107.9736 609.0677 1087.3657 1407.9066 1021.6856 340.2969 672.9924 6291.6971 1874.6847;
	1898.7015 1230.0 2077.8858 603.4488 1068.6184 1378.8732 1041.7927 336.9 678.6 6305.1143 1996.449;
	1882.2993 1195.1071 2048.3939 595.3669 1041.6978 1381.5942 1049.6 346.194 693.7449 6290.4049 2044.4915;
	1860.9362 1186.2065 2048.2012 602.7 1051.7387 1427.6563 1087.3 377.2425 708.3619 6310.0191 2079.9462;
	1891.3583 1217.7 2108.2086 617.2021 1078.3091 1463.7618 1107.2469 386.6 714.4261 6290.6324 2203.9422;
	1795.6534 1188.5199 2061.8961 613.8 1088.0675 1457.4933 1133.3019 404.6344 743.7731 6218.9154 2331.3523;
	1868.3718 1244.813 2150.2035 632.0 1132.7062 1530.9112 1190.4203 408.9 797.4839 6305.3288 2455.2533;
	1851.0487 1244.995 2147.5342 629.856 1084.0541 1486.5568 1197.1764 393.191 768.6664 6182.6832 2401.2831;
	1800.5497 1156.9985 2046.0454 618.9978 1032.4971 1421.6972 1164.6785 375.6 729.1 5986.6875 2313.2936;
	1745.2418 1077.9 1927.5265 589.8 932.9199 1316.9383 1065.9161 344.1014 656.7516 5625.6518 2096.8;
	1628.539 1004.1428 1809.6917 570.4769 859.4488 1218.9539 977.5475 317.0305 613.0671 5224.6306 1926.4216;
	1529.3956 938.1741 1711.7383 588.7957 889.5393 1194.6276 913.1098 296.1 551.3 4801.8 1763.9922;
	1480.1349 919.1628 1680.3 571.3094 856.442 1189.338 881.7916 289.5 543.7567 4600.9542 1712.4035;
];
