function solarprofile = ex_solar_profilesh1
%EX_WIND_PROFILE_D  Example wind_load_nyiso profile data for deterministic unit commitment.
% 2022.03.12
% Andres F. Ramirez


%% define constants
[GEN_BUS, PG, QG, QMAX, QMIN, VG, MBASE, GEN_STATUS, PMAX, PMIN, ...
    MU_PMAX, MU_PMIN, MU_QMAX, MU_QMIN, PC1, PC2, QC1MIN, QC1MAX, ...
    QC2MIN, QC2MAX, RAMP_AGC, RAMP_10, RAMP_30, RAMP_Q, APF] = idx_gen;
[CT_LABEL, CT_PROB, CT_TABLE, CT_TBUS, CT_TGEN, CT_TBRCH, CT_TAREABUS, ...
    CT_TAREAGEN, CT_TAREABRCH, CT_ROW, CT_COL, CT_CHGTYPE, CT_REP, ...
    CT_REL, CT_ADD, CT_NEWVAL, CT_TLOAD, CT_TAREALOAD, CT_LOAD_ALL_PQ, ...
    CT_LOAD_FIX_PQ, CT_LOAD_DIS_PQ, CT_LOAD_ALL_P, CT_LOAD_FIX_P, ...
    CT_LOAD_DIS_P, CT_TGENCOST, CT_TAREAGENCOST, CT_MODCOST_F, ...
    CT_MODCOST_X] = idx_ct;

solarprofile = struct( ...
    'type', 'mpcData', ...
    'table', CT_TGEN, ...
    'rows', [1:12], ...
    'col', PMAX, ...
    'chgtype', 1, ...
    'values', [] );
solarprofile.values(:,1,:) = [
	0.0 0.0 0.0 0.0 0.0 0.0 0.0 0.0 0.0 0.0 0.0 0.0;
	0.0 0.0 0.0 0.0 0.0 0.0 0.0 0.0 0.0 0.0 0.0 0.0;
	0.0 0.0 0.0 0.0 0.0 0.0 0.0 0.0 0.0 0.0 0.0 0.0;
	0.0 0.0 0.0 0.0 0.0 0.0 0.0 0.0 0.0 0.0 0.0 0.0;
	0.0 0.0 0.0 0.0 0.0 0.0 0.0 0.0 0.0 0.0 0.0 0.0;
	0.0 0.0 0.002 0.0 0.0 0.0 0.0 0.0 0.0 0.0 0.0 0.0;
	9.7529 7.425 6.3576 5.3919 5.5379 219.5566 27.4446 57.1759 126.1239 68.6968 41.105 124.4103;
	13.4758 9.1549 8.0531 6.3469 12.8588 375.7884 46.9735 76.2989 240.3424 149.6615 125.931 271.0378;
	11.3739 6.5479 8.27 6.5537 13.4076 399.3647 49.9206 77.5061 258.9318 268.4892 190.542 486.2357;
	8.2488 2.284 2.1656 10.8395 12.24 357.2234 44.6529 73.3713 281.0802 229.6623 197.7912 415.9199;
	20.4649 3.0503 6.9456 11.4504 12.6584 392.3127 49.0391 75.4268 294.5802 296.92 218.0201 537.7239;
	25.9196 9.5407 12.4653 11.4717 12.6405 423.7138 52.9642 77.9209 294.8645 317.7657 222.325 575.4756;
	26.3192 16.1461 13.8 11.6042 11.4226 434.9003 54.3625 76.3299 286.5513 183.0464 176.8555 331.4981;
	22.9066 16.1242 13.7301 11.4168 11.0203 420.0541 52.5068 76.1417 243.6073 114.9059 154.4236 208.0952;
	12.373 9.4849 7.1373 8.4939 9.2424 392.117 49.0146 73.4904 166.5694 62.743 123.1039 113.6279;
	2.8025 1.5576 0.7989 4.9659 4.3104 238.6451 29.8306 49.7046 26.6004 50.4638 66.7978 91.3902;
	0.6973 0.5839 0.3718 1.3115 2.8005 66.569 8.3211 11.1614 22.257 22.8514 19.0186 41.3841;
	0.0 0.0 0.0 0.0 0.0 0.0 0.0 0.0 0.0 0.0 0.0 0.0;
	0.0 0.0 0.0 0.0 0.0 0.0 0.0 0.0 0.0 0.0 0.0 0.0;
	0.0 0.0 0.0 0.0 0.0 0.0 0.0 0.0 0.0 0.0 0.0 0.0;
	0.0 0.0 0.0 0.0 0.0 0.0 0.0 0.0 0.0 0.0 0.0 0.0;
	0.0 0.0 0.0 0.0 0.0 0.0 0.0 0.0 0.0 0.0 0.0 0.0;
	0.0 0.0 0.0 0.0 0.0 0.0 0.0 0.0 0.0 0.0 0.0 0.0;
	0.0 0.0 0.0 0.0 0.0 0.0 0.0 0.0 0.0 0.0 0.0 0.0;
];
