function windprofile = ex_wind_profilesh1
%EX_WIND_PROFILE_D  Example wind_load_nyiso profile data for deterministic unit commitment.
% 2022.03.12
% Andres F. Ramirez


%% define constants
[GEN_BUS, PG, QG, QMAX, QMIN, VG, MBASE, GEN_STATUS, PMAX, PMIN, ...
    MU_PMAX, MU_PMIN, MU_QMAX, MU_QMIN, PC1, PC2, QC1MIN, QC1MAX, ...
    QC2MIN, QC2MAX, RAMP_AGC, RAMP_10, RAMP_30, RAMP_Q, APF] = idx_gen;
[CT_LABEL, CT_PROB, CT_TABLE, CT_TBUS, CT_TGEN, CT_TBRCH, CT_TAREABUS, ...
    CT_TAREAGEN, CT_TAREABRCH, CT_ROW, CT_COL, CT_CHGTYPE, CT_REP, ...
    CT_REL, CT_ADD, CT_NEWVAL, CT_TLOAD, CT_TAREALOAD, CT_LOAD_ALL_PQ, ...
    CT_LOAD_FIX_PQ, CT_LOAD_DIS_PQ, CT_LOAD_ALL_P, CT_LOAD_FIX_P, ...
    CT_LOAD_DIS_P, CT_TGENCOST, CT_TAREAGENCOST, CT_MODCOST_F, ...
    CT_MODCOST_X] = idx_ct;

windprofile = struct( ...
    'type', 'mpcData', ...
    'table', CT_TGEN, ...
    'rows', [1:45], ...
    'col', PMAX, ...
    'chgtype', 1, ...
    'values', [] );
windprofile.values(:,1,:) = [
	3.8951 52.631 94.0863 114.901 15.1637 34.8776 28.5143 18.7179 28.297 31.0187 57.3377 85.5365 128.7747 69.0976 203.0195 76.4864 94.8998 100.5655 41.2108 72.3372 9.5048 81.3811 74.9356 88.36 104.6183 74.2675 14.0388 1144.0636 680.6581 680.6581 595.244 104.2111 137.3694 186.1962 216.6303 290.4141 1095.5318 225.4173 478.0167 280.2275 120.2403 386.9092 151.7865 284.2392 1106.9436;
	3.8194 51.6082 94.1798 120.5158 15.247 34.1798 28.0687 18.8729 27.2558 30.4213 56.2334 83.8891 126.2946 67.2406 194.9209 73.4353 91.1142 96.5538 35.6162 72.2244 9.3562 79.7529 73.7326 89.7191 104.618 73.797 13.9885 1162.9549 659.4999 659.4999 577.0905 103.7445 118.7206 185.9057 210.8083 281.3866 1059.4278 223.7427 475.6607 280.2267 122.748 379.168 145.6789 282.0324 1070.4635;
	3.7707 50.9501 93.7346 69.724 15.0859 34.4639 28.4885 18.1974 27.2443 29.5299 54.5856 81.4309 122.5938 65.7394 199.164 75.0339 93.0976 98.6557 37.1372 72.838 9.4962 80.4158 71.3508 89.2212 104.9095 72.6819 13.7348 1156.5505 670.8452 670.8452 583.7625 110.1178 123.7906 187.4851 206.1019 286.2273 1095.4476 229.9406 462.1254 281.0077 121.2749 382.3198 144.0025 278.5034 1106.8585;
	3.7805 51.0827 91.9839 86.0715 15.3096 34.8366 29.489 18.0129 28.0 29.8417 55.1619 82.2906 123.8881 65.0543 204.5359 77.0577 95.6087 101.3166 47.5789 73.8474 9.8297 81.2855 65.8833 86.5519 103.0412 73.0772 13.549 1226.298 697.3707 697.3707 563.7673 101.4328 158.5963 190.0834 203.9539 297.5448 1082.6878 248.9854 478.3867 276.0033 119.7429 386.4545 183.6818 281.9342 1093.9658;
	3.6158 48.858 93.1278 120.2993 15.2983 34.6781 24.7053 18.1841 28.1834 30.495 56.3695 84.0921 126.6003 65.8507 200.5893 75.5708 93.7638 99.3617 80.3947 73.245 8.2351 80.9155 58.5905 88.1499 104.9009 72.984 13.4643 1200.6945 651.7193 651.7193 565.6462 104.6226 267.9824 188.5327 206.4509 278.0669 1155.8707 254.668 467.6483 280.9845 120.2237 384.6955 194.6303 275.5031 1167.911;
	3.7344 50.4602 91.8421 119.0343 15.0015 34.5316 28.549 17.7362 26.8465 30.7717 56.881 84.8553 127.7492 69.1913 203.3021 76.5929 95.0319 100.7054 89.3768 73.7446 9.5163 80.5738 71.7231 87.2875 104.6986 71.8239 13.5647 1203.4585 697.9238 697.9238 519.9797 100.3158 297.9226 189.8189 216.9239 297.7808 1075.7512 218.1662 458.6234 280.4427 115.11 383.071 195.0503 271.2014 1086.957;
	3.6688 49.5739 92.6488 116.5191 15.0192 33.4719 30.1159 17.718 27.3859 30.4298 56.2489 83.9124 126.3296 69.5164 204.3329 76.9812 95.5137 101.2161 90.9514 73.345 10.0386 78.1012 73.0113 88.2006 102.7528 74.8074 13.476 1246.3577 762.0771 762.0771 594.5098 100.3248 303.1715 188.7903 217.9432 325.1529 1129.0994 242.4268 471.3183 275.2307 117.0662 371.3154 200.8313 278.296 1140.8608;
	3.6953 49.9315 94.0747 118.2879 15.2329 33.708 29.2717 18.2294 27.7022 30.6247 56.6093 84.4499 127.1388 66.8944 202.0361 76.1159 94.4401 100.0784 90.1629 72.3868 9.7572 78.6519 74.7691 89.9089 106.0558 75.4296 13.7224 1147.7236 714.463 714.463 547.5925 84.3011 300.5429 186.3239 209.7231 304.8375 1087.1955 235.5807 466.8375 284.0781 117.7992 373.9337 192.6111 272.7794 1098.5205;
	3.604 48.6981 94.3116 118.383 15.0183 33.0293 29.2063 17.5747 26.5019 31.1691 57.6156 85.9511 129.3989 67.0686 203.0078 76.482 94.8944 100.5597 90.7577 73.3331 9.7354 77.0683 74.7236 89.8459 105.3387 74.262 13.4727 1197.1958 750.0339 750.0339 595.1772 82.405 302.5257 188.7596 210.2693 320.0145 1146.6314 281.3911 454.1549 282.1571 118.514 366.4047 167.2871 277.4792 1158.5754;
	3.5414 47.8522 94.0121 116.9493 15.0608 33.3253 29.3092 17.7551 26.3181 30.9131 57.1424 85.2452 128.3362 65.7679 202.9675 76.4668 94.8755 100.5397 91.7589 73.3295 9.7697 77.759 74.8039 89.3493 103.6782 73.1242 13.5369 1173.8899 720.5808 720.5808 661.4045 93.1814 305.8631 188.7502 206.1914 307.4478 1091.2233 306.0565 449.361 277.7095 118.705 369.6885 152.9524 268.4815 1102.5902;
	3.5932 48.5521 94.3094 119.6043 14.937 33.1542 25.4887 17.6815 26.0238 30.0308 55.5115 82.8122 124.6733 65.287 203.4749 76.658 95.1127 100.7911 91.6686 72.3843 8.4962 77.3598 73.8839 90.1102 102.8832 73.433 13.606 1151.5636 715.3433 715.3433 626.9089 94.1053 305.5621 186.3175 204.6837 305.2131 1045.9203 300.9165 447.173 275.5799 116.779 367.7904 162.327 263.662 1056.8153;
	3.6925 49.8937 94.7659 119.0331 15.1291 33.4268 25.4051 18.1511 25.9453 29.7629 55.0163 82.0735 123.5612 66.7756 202.1938 76.1753 94.5138 100.1565 91.654 71.3841 8.4684 77.9959 73.1473 90.1516 105.5787 74.0997 13.3128 1127.939 722.0705 722.0705 622.6628 98.412 305.5133 183.7428 209.3505 308.0834 1076.0409 284.0971 452.9137 282.8001 117.0235 370.8148 178.6779 272.5128 1087.2496;
	3.7156 50.2057 93.9406 118.4534 15.2468 33.7771 28.7528 18.1837 26.8679 30.1473 55.7268 83.1334 125.1568 67.1201 201.1613 75.7864 94.0312 99.645 89.817 70.2325 9.5843 78.8133 74.0428 90.1116 103.5009 74.669 13.2644 1173.8567 763.1083 763.1083 672.2106 105.5509 299.39 180.7787 210.4304 325.5929 1037.7888 301.359 475.2178 277.2347 116.3152 374.7008 156.3482 267.9398 1048.5991;
	3.6475 49.2858 93.7419 117.5851 15.2359 32.599 27.7444 18.0436 25.8287 29.7463 54.9856 82.0277 123.4922 66.2374 199.051 74.9913 93.0447 98.5997 91.4326 70.6108 9.2481 76.0643 74.4789 89.3867 102.6077 73.8493 13.0809 1189.978 722.1893 722.1893 678.2245 102.8301 304.7755 181.7523 207.6633 308.1341 1047.5991 300.2635 452.5513 274.8422 114.0896 361.6316 147.5095 270.513 1058.5116;
	3.7897 51.2075 94.7878 117.5649 15.2768 34.1167 26.6776 18.5323 27.2055 30.4946 56.3688 84.0911 126.5987 68.2817 201.7724 76.0166 94.3169 99.9477 92.4582 71.957 8.8925 79.6055 73.5995 90.111 105.2184 75.3013 13.0445 1153.5542 712.8946 712.8946 667.2442 105.9083 308.1939 185.2176 214.0723 304.1683 949.5341 312.5778 476.2006 281.835 114.6575 378.4674 168.961 266.6628 959.4251;
	3.8147 51.5446 95.1604 118.3413 15.0895 34.8738 25.3525 18.194 26.5914 29.3322 54.2202 80.8859 121.7733 66.8508 201.939 76.0793 94.3947 100.0302 89.7664 72.3956 8.4508 81.3722 73.8922 89.7835 104.3579 76.4726 13.3748 1186.1579 727.6219 727.6219 661.5143 114.8668 299.2212 186.3465 209.5863 310.452 1037.3447 303.6524 465.6098 279.5302 114.6082 386.8666 171.6766 268.0123 1048.1504;
	3.7909 51.2239 94.495 115.2568 14.9503 34.5954 23.2004 16.9948 25.9258 29.2078 53.9901 80.5426 121.2565 67.1044 197.6016 74.4452 92.3672 97.8817 91.0529 72.3817 7.7335 80.7227 71.748 87.6435 99.1606 74.1057 11.9564 1201.5164 730.6788 730.6788 702.6298 114.8335 303.5096 186.3106 210.3813 311.7563 1134.9992 305.0486 456.6337 265.6089 114.9324 383.7788 176.1998 247.1995 1146.8221;
	3.8483 51.9985 93.9626 109.7313 14.5224 34.2482 22.7597 12.4905 25.1624 28.7696 53.1802 79.3343 119.4374 66.2794 189.7119 71.4729 88.6793 93.9736 89.4918 70.3481 7.5866 79.9124 69.304 84.2717 97.1987 68.2952 9.7654 1297.9597 741.402 741.402 723.8223 111.7086 298.3059 181.0763 207.7949 316.3315 1172.094 321.079 471.5032 260.3538 116.0072 379.9266 185.6326 253.6154 1184.3033;
