function windprofile = ex_wind_profilesh1
%EX_WIND_PROFILE_D  Example wind_load_nyiso profile data for deterministic unit commitment.
% 2022.03.12
% Andres F. Ramirez


%% define constants
[GEN_BUS, PG, QG, QMAX, QMIN, VG, MBASE, GEN_STATUS, PMAX, PMIN, ...
    MU_PMAX, MU_PMIN, MU_QMAX, MU_QMIN, PC1, PC2, QC1MIN, QC1MAX, ...
    QC2MIN, QC2MAX, RAMP_AGC, RAMP_10, RAMP_30, RAMP_Q, APF] = idx_gen;
[CT_LABEL, CT_PROB, CT_TABLE, CT_TBUS, CT_TGEN, CT_TBRCH, CT_TAREABUS, ...
    CT_TAREAGEN, CT_TAREABRCH, CT_ROW, CT_COL, CT_CHGTYPE, CT_REP, ...
    CT_REL, CT_ADD, CT_NEWVAL, CT_TLOAD, CT_TAREALOAD, CT_LOAD_ALL_PQ, ...
    CT_LOAD_FIX_PQ, CT_LOAD_DIS_PQ, CT_LOAD_ALL_P, CT_LOAD_FIX_P, ...
    CT_LOAD_DIS_P, CT_TGENCOST, CT_TAREAGENCOST, CT_MODCOST_F, ...
    CT_MODCOST_X] = idx_ct;

windprofile = struct( ...
    'type', 'mpcData', ...
    'table', CT_TGEN, ...
    'rows', [1:45], ...
    'col', PMAX, ...
    'chgtype', 1, ...
    'values', [] );
windprofile.values(:,1,:) = [
	3.8591 52.1443 91.4132 110.2209 14.8514 31.9138 27.1202 18.7623 26.0333 30.4723 56.3277 84.0298 126.5064 67.6637 199.8103 75.2774 93.3997 98.9758 44.6656 72.6812 9.0401 74.4655 73.8033 89.6195 105.7767 73.9812 13.8546 1208.8348 687.0922 687.0922 630.4022 110.9357 148.8854 187.0817 212.135 293.1594 1171.84 238.6689 454.2678 283.3305 117.3571 354.0304 145.9992 271.9807 1184.0467;
	3.7741 50.9961 93.3712 115.3587 14.47 31.1659 27.4669 18.9117 25.6579 30.4524 56.2908 83.9747 126.4235 64.7957 198.5231 74.7924 92.798 98.3382 41.0862 72.8706 9.1556 72.7205 72.3579 88.908 104.9891 72.4153 13.738 1238.4595 716.1168 716.1168 625.4519 105.1704 136.9538 187.5691 203.1434 305.5432 1184.6074 234.1298 456.7392 281.2208 120.902 345.7342 135.4315 275.0146 1196.9471;
	3.8669 52.2503 93.6067 57.6654 14.3266 32.2169 28.7942 18.1395 25.9442 30.0919 55.6245 82.9808 124.9272 67.6541 203.8225 76.7889 95.2752 100.9632 43.4651 72.4189 9.5981 75.1728 73.6846 87.2589 102.4959 72.1385 13.5462 1267.7078 707.8305 707.8305 616.7156 108.5421 144.8835 186.4065 212.1048 302.0077 1224.5772 232.6778 454.6051 274.5426 118.4566 357.3931 142.0347 274.5614 1237.3332;
	3.7205 50.2722 93.2464 77.5672 14.3028 32.334 28.2397 18.2353 26.9925 29.9664 55.3924 82.6345 124.4058 66.5851 204.4893 77.0402 95.5869 101.2935 51.5128 72.9708 9.4132 75.4459 69.1907 85.4398 101.4004 72.6998 13.6239 1282.7553 702.1779 702.1779 568.8566 99.3503 171.7092 187.8271 208.7534 299.5959 1150.7761 233.7395 457.7827 271.6081 117.7258 358.6915 175.0983 269.5003 1162.7633;
	3.6274 49.0141 93.4522 115.2754 14.1745 32.681 24.7251 18.7517 27.2755 30.4923 56.3645 84.0848 126.5891 67.4358 197.6412 74.4602 92.3858 97.9014 84.1742 72.2794 8.2417 76.2558 64.0759 85.5879 104.0092 74.0744 13.6776 1242.7459 684.528 684.528 562.53 99.6372 280.5805 186.0473 211.4204 292.0653 1184.9254 238.0626 463.1234 278.596 117.1924 362.5417 190.9146 272.2356 1197.2684;
	3.8477 51.991 90.1273 102.7712 14.3638 32.8604 27.0712 18.5351 26.7903 29.9438 55.3506 82.5722 124.312 66.3309 203.0016 76.4797 94.8915 100.5566 92.1162 73.4344 9.0237 76.6744 72.6476 85.0025 101.2708 72.981 13.5035 1231.4392 681.0413 681.0413 495.1561 94.6421 307.054 189.0203 207.9563 290.5776 1076.8046 206.5481 446.3183 271.2612 112.8865 364.5318 199.6067 271.0472 1088.0213;
	3.7645 50.8673 88.608 109.9932 14.2788 31.6748 28.3927 17.8819 26.5099 29.1492 53.8818 80.381 121.0132 64.7897 201.5425 75.93 94.2094 99.8339 91.5108 72.0378 9.4642 73.9078 73.5477 83.563 97.6622 73.7862 12.9889 1209.5878 706.9433 706.9433 565.3527 89.6877 305.0361 185.4255 203.1245 301.6291 1071.098 232.9834 460.3013 261.5951 112.5473 351.379 198.1188 265.5466 1082.2553;
	3.6929 49.899 81.3538 105.1156 14.5321 31.0284 28.6303 17.8029 26.3794 28.7511 53.146 79.2834 119.3607 64.2142 202.6834 76.3598 94.7427 100.399 90.7079 71.5108 9.5434 72.3995 73.1693 83.2148 96.2652 72.1321 12.8906 1131.6674 674.9786 674.9786 498.2229 67.3171 302.3598 184.069 201.3202 287.9909 1051.1596 212.2431 460.0016 257.8533 100.8088 344.2081 191.735 259.0845 1062.1092;
	3.6963 49.9446 87.939 112.2851 14.3039 29.5193 28.6101 17.4838 26.6049 29.6271 54.7652 81.6989 122.9973 66.3763 203.1345 76.5298 94.9536 100.6225 91.1326 72.2836 9.5367 68.8784 75.2296 83.3973 100.4693 71.13 12.635 1180.0696 734.9229 734.9229 558.759 68.1035 303.7754 186.0582 208.0987 313.5671 1140.405 252.2916 456.0354 269.1143 114.4593 327.4677 163.7066 275.0101 1152.2842;
	3.712 50.1578 91.0145 116.4332 14.374 31.5663 30.0212 18.4378 27.6613 30.1513 55.7343 83.1446 125.1738 67.7955 203.0171 76.4855 94.8987 100.5643 92.0875 72.6527 10.0071 73.6548 74.3641 85.3431 101.3328 70.5223 13.0536 1190.6719 733.2632 733.2632 612.4324 85.6546 306.9584 187.0082 212.5481 312.859 1128.4843 259.2476 465.4711 271.4272 115.7571 350.1759 160.7019 270.7072 1140.2393;
	3.7147 50.1943 92.8685 117.3979 14.2884 32.3499 27.396 18.0751 27.5383 31.1487 57.5779 85.8949 129.3143 68.0808 204.2863 76.9637 95.492 101.193 92.2025 73.8207 9.132 75.4831 74.8283 85.7602 99.3586 69.9877 13.125 1189.8061 769.4936 769.4936 667.5627 88.298 307.3418 190.0145 213.4426 328.3173 1134.0889 290.3351 470.1487 266.1391 118.0703 358.8682 173.7673 266.4752 1145.9023;
	3.7704 50.9459 89.4879 114.6787 14.2736 32.1739 26.7167 17.8122 27.4805 30.6802 56.7118 84.6029 127.3692 66.7079 202.5462 76.3081 94.6786 100.331 90.4889 73.2045 8.9056 75.0725 73.5795 83.8114 98.8005 70.2978 12.9762 1143.2629 787.6633 787.6633 649.6357 98.2581 301.6297 188.4286 209.1383 336.0697 1128.614 288.588 466.2533 264.6443 112.5129 356.9162 187.0398 262.181 1140.3704;
	3.8451 51.9552 93.6151 119.4686 15.1599 33.1777 30.036 18.7279 27.9369 30.4874 56.3555 84.0713 126.5689 68.6377 198.6397 74.8364 92.8525 98.396 85.485 72.4247 10.012 77.4146 73.4879 89.4133 104.8886 72.8851 13.8925 1192.7953 798.5133 798.5133 677.7769 105.9917 284.95 186.4214 215.1886 340.699 1088.4236 304.6613 472.7913 280.9517 114.7426 368.0514 170.0766 263.2088 1099.7613;
	3.7836 51.1241 93.826 118.2832 15.0505 33.3453 29.0695 18.9091 27.9975 30.1282 55.6916 83.0809 125.0778 66.0903 202.42 76.2606 94.6196 100.2685 91.4498 72.0592 9.6898 77.8057 73.0987 89.6642 105.1109 74.7059 14.0333 1144.3736 744.2208 744.2208 722.2329 106.7515 304.8328 185.4804 207.2021 317.5342 1043.0686 312.8164 470.9761 281.5469 114.5623 369.9106 163.8351 268.4648 1053.9339;
	3.7459 50.6148 93.9226 115.8946 14.4849 32.2237 25.3194 18.8665 27.509 30.174 55.7763 83.2072 125.268 67.053 199.7574 75.2575 93.375 98.9496 89.6384 72.5002 8.4398 75.1886 72.1013 88.6994 102.7674 73.9938 14.0824 1114.6345 716.9902 716.9902 709.6265 104.2513 298.7948 186.6158 210.2201 305.9158 939.5599 312.9416 470.2797 275.2699 114.0998 357.4679 181.2597 256.3189 949.347;
	3.6375 49.1512 91.7028 116.5613 14.5752 31.7734 26.9622 18.1668 28.1049 30.4835 56.3482 84.0605 126.5526 67.7421 202.6812 76.359 94.7417 100.3979 91.3814 73.4526 8.9874 74.138 74.233 86.0839 99.7174 73.9214 13.7547 1192.0924 761.7571 761.7571 691.632 110.2188 304.6047 189.0672 212.3808 325.0163 1081.9721 297.9074 477.9604 267.1003 110.7489 352.4734 182.4825 248.6106 1093.2427;
	3.6838 49.776 90.3324 118.0193 14.7525 32.2508 24.8914 18.1881 27.7832 30.8969 57.1124 85.2004 128.2688 67.2057 201.1393 75.7781 94.0209 99.6341 92.8691 73.3303 8.2971 75.2518 75.1182 88.1274 101.5453 73.4897 13.3329 1178.2445 761.9548 761.9548 716.3595 107.27 309.5636 188.7524 210.6988 325.1007 1151.1851 290.2099 473.2782 271.9964 116.5082 357.7687 185.1553 229.8682 1163.1766;
	3.5976 48.6109 89.0188 112.4816 14.3919 29.1777 24.452 14.928 27.2292 30.537 56.4471 84.208 126.7747 67.5291 199.8514 75.2929 93.4189 98.9962 90.1919 72.4686 8.1507 68.0813 75.1414 83.1276 97.2985 68.2576 11.8574 1260.6059 732.6033 732.6033 683.6658 96.6445 300.6395 186.5342 211.7129 312.5774 1171.653 289.6863 465.5098 260.621 115.9381 323.6779 163.9665 237.4079 1183.8577;
