function windprofile = ex_wind_profilesh1
%EX_WIND_PROFILE_D  Example wind_load_nyiso profile data for deterministic unit commitment.
% 2022.03.12
% Andres F. Ramirez


%% define constants
[GEN_BUS, PG, QG, QMAX, QMIN, VG, MBASE, GEN_STATUS, PMAX, PMIN, ...
    MU_PMAX, MU_PMIN, MU_QMAX, MU_QMIN, PC1, PC2, QC1MIN, QC1MAX, ...
    QC2MIN, QC2MAX, RAMP_AGC, RAMP_10, RAMP_30, RAMP_Q, APF] = idx_gen;
[CT_LABEL, CT_PROB, CT_TABLE, CT_TBUS, CT_TGEN, CT_TBRCH, CT_TAREABUS, ...
    CT_TAREAGEN, CT_TAREABRCH, CT_ROW, CT_COL, CT_CHGTYPE, CT_REP, ...
    CT_REL, CT_ADD, CT_NEWVAL, CT_TLOAD, CT_TAREALOAD, CT_LOAD_ALL_PQ, ...
    CT_LOAD_FIX_PQ, CT_LOAD_DIS_PQ, CT_LOAD_ALL_P, CT_LOAD_FIX_P, ...
    CT_LOAD_DIS_P, CT_TGENCOST, CT_TAREAGENCOST, CT_MODCOST_F, ...
    CT_MODCOST_X] = idx_ct;

windprofile = struct( ...
    'type', 'mpcData', ...
    'table', CT_TGEN, ...
    'rows', [1:45], ...
    'col', PMAX, ...
    'chgtype', 1, ...
    'values', [] );
windprofile.values(:,1,:) = [
	3.6266 49.0031 88.4172 110.7894 14.0855 31.9942 26.8578 18.9051 26.6267 30.7677 56.8737 84.8444 127.7328 67.9354 200.2068 75.4267 93.585 99.1722 36.1466 70.2049 8.9526 74.6532 75.2162 87.4385 104.4795 71.9713 13.7091 1141.0022 647.365 647.365 547.8504 101.9166 120.4888 180.7076 212.9867 276.2091 1141.1449 220.938 463.2252 279.8558 115.671 354.9226 137.4065 261.9634 1153.0319;
	3.7141 50.1857 92.6248 120.0023 14.1052 32.7656 28.3812 19.1144 26.9597 29.6194 54.7511 81.6779 122.9656 67.1971 196.0355 73.8552 91.6352 97.1059 25.9867 71.9895 9.4604 76.453 73.6955 88.7528 105.1813 71.6322 13.8433 1123.8539 616.3587 616.3587 536.4225 93.4322 86.6224 185.3013 210.6719 262.9797 1084.642 223.8906 447.3357 281.7356 118.3086 363.4796 138.2227 273.4535 1095.9403;
	3.5567 48.0588 91.7267 66.7153 13.9443 33.3661 28.5359 18.5983 26.8563 29.2445 54.058 80.6439 121.409 66.2521 200.2924 75.459 93.6251 99.2146 31.2098 71.351 9.512 77.8542 70.231 88.4059 104.4898 71.1293 13.5404 1114.512 637.7905 637.7905 493.7741 93.0714 104.0325 183.6577 207.7094 272.1239 1141.187 213.1931 449.7497 279.8835 117.626 370.141 127.3802 267.4548 1153.0744;
	3.3322 45.0258 88.5044 80.276 13.977 32.0763 25.6303 18.0345 25.7797 28.8072 53.2497 79.438 119.5935 63.7779 199.1776 75.039 93.104 98.6624 40.1943 71.7595 8.5434 74.8447 65.3837 87.1073 101.7395 72.2839 13.3728 1065.9956 615.1723 615.1723 420.3227 78.8608 133.9811 184.7091 199.9522 262.4735 988.0235 214.1938 442.4473 272.5164 116.5736 355.833 162.8048 265.3459 998.3155;
	2.6826 36.2473 91.0756 117.0538 13.9506 32.8668 21.8122 18.0413 26.815 29.5441 54.6119 81.4702 122.6529 63.3153 202.1904 76.1741 94.5123 100.1548 79.3132 72.0191 7.2707 76.6891 60.5446 88.2663 102.8159 72.979 13.2383 1098.6116 592.7011 592.7011 465.711 95.4181 264.3774 185.3772 198.5021 252.8858 1064.6824 233.2917 460.8688 275.3996 116.0752 364.6021 175.4215 257.9408 1075.7729;
	3.272 44.2121 88.3336 111.3271 13.3464 33.5109 27.9036 17.9951 27.6156 30.5246 56.4242 84.1738 126.7233 65.69 204.0955 76.8918 95.4028 101.0985 88.2013 72.5808 9.3012 78.1922 73.3963 86.2339 102.3947 71.9192 13.2982 1188.3008 681.299 681.299 483.2235 96.6534 294.0044 186.8233 205.9469 290.6876 1074.003 220.7878 465.8583 274.2716 113.7633 371.7481 186.5692 260.305 1085.1906;
	3.6998 49.9926 91.6123 117.8357 14.1716 34.1375 29.7135 18.701 28.2111 30.7661 56.8707 84.8399 127.7261 65.4178 201.1064 75.7657 94.0055 99.6178 85.3111 71.1005 9.9045 79.6541 75.2441 87.38 102.1875 75.0579 13.4822 1226.1638 725.9225 725.9225 536.9593 91.4776 284.3704 183.0129 205.0935 309.7269 1100.3689 235.5998 474.5412 273.7166 120.3168 378.6982 202.4956 265.5887 1111.8311;
	3.6748 49.6541 92.3457 117.8033 14.9959 34.5474 28.6962 18.6024 28.3633 30.7168 56.7796 84.704 127.5214 67.0482 202.1092 76.1435 94.4743 100.1146 84.5549 70.4467 9.5654 80.6106 75.1317 88.1789 104.8902 73.7936 13.4842 1159.2525 708.4952 708.4952 489.2517 77.4897 281.8498 181.33 210.2051 302.2913 1087.3595 222.4909 474.0171 280.9559 118.6871 383.246 201.6367 264.3533 1098.6861;
	3.6448 49.2486 92.5709 118.6638 14.5943 34.8206 28.4899 18.1512 28.1137 30.9535 57.2171 85.3566 128.5039 67.8825 202.7243 76.3752 94.7618 100.4193 87.3326 70.3778 9.4966 81.248 74.3582 87.4622 103.155 73.072 13.5078 1134.3143 739.9185 739.9185 511.2915 70.3223 291.1086 181.1527 212.8208 315.6986 1128.9709 251.2542 458.2962 276.3081 122.9805 386.2764 179.8436 275.4378 1140.7311;
	3.6312 49.0661 91.5772 116.1805 14.6815 34.6042 28.8104 17.6342 28.0178 30.9376 57.1877 85.3128 128.438 67.6732 200.5995 75.5747 93.7686 99.3667 90.6516 71.1379 9.6035 80.7432 73.4405 88.2208 101.2244 72.4058 13.2874 1082.7706 715.4213 715.4213 559.4796 84.7495 302.1721 183.1092 212.1647 305.2464 1068.2677 281.9397 452.1954 271.1368 121.5287 383.8763 163.8006 266.5819 1079.3955;
	3.622 48.9417 93.6077 119.156 15.1631 34.7483 27.0243 18.6622 28.1459 31.4934 58.2152 86.8456 130.7455 68.2282 196.9117 74.1853 92.0448 97.54 85.5013 70.895 9.0081 81.0793 74.7406 87.886 100.8654 74.6673 13.8357 1102.2522 725.96 725.96 588.1479 86.2904 285.0044 182.4839 213.9046 309.7429 1021.6986 290.4912 467.4172 270.1752 122.6829 385.474 176.6103 262.4247 1032.3413;
	3.6144 48.8381 90.8942 116.3336 14.5516 34.2306 24.1848 18.6788 27.4196 30.8981 57.1147 85.2039 128.274 68.3494 195.1737 73.5306 91.2324 96.6791 87.8172 72.089 8.0616 79.8715 73.0207 84.7367 100.9022 75.0761 13.4507 1041.9705 696.4006 696.4006 515.0206 91.3936 292.7241 185.5573 214.2845 297.1309 1003.0535 259.2109 453.6183 270.2738 118.1943 379.732 188.2422 261.1413 1013.502;
	3.6265 49.0015 91.7708 116.1264 14.5258 34.4837 27.2268 18.6389 26.9768 31.0535 57.4018 85.6323 128.9189 68.6772 193.891 73.0473 90.6328 96.0437 85.8824 70.8331 9.0756 80.462 73.824 88.2765 102.7767 74.7238 13.7222 1029.8791 724.9099 724.9099 606.3121 99.9368 286.2745 182.3247 215.3124 309.2949 949.6383 285.6347 461.7812 275.2948 120.2849 382.5394 158.7927 262.5786 959.5304;
	3.5504 47.9737 90.3062 113.3238 14.364 32.9035 27.6054 18.5071 27.5693 30.9406 57.1932 85.3211 128.4504 68.0743 196.8928 74.1782 92.036 97.5306 89.5386 71.1083 9.2018 76.7748 73.9389 87.9128 101.7944 74.3619 13.5709 989.1273 665.2169 665.2169 586.5779 91.5524 298.462 183.0331 213.4223 283.8259 908.7578 275.5668 466.5522 272.6634 118.292 365.0095 147.525 269.4156 918.2241;
	3.5877 48.4773 93.2031 115.6885 15.0048 33.2977 23.4159 19.0132 26.7078 31.1074 57.5016 85.781 129.1429 68.3346 193.6077 72.9406 90.5003 95.9033 86.0614 70.6176 7.8053 77.6946 74.3197 88.7788 103.7882 75.857 13.7505 964.0534 657.5944 657.5944 574.2567 93.8761 286.8715 181.77 214.2381 280.5736 832.6985 292.8232 444.8592 278.0042 116.6388 369.3824 173.1666 263.1879 841.3725;
	3.5792 48.3628 91.6928 112.9582 15.0796 33.3613 26.1903 18.3762 27.7796 31.1334 57.5495 85.8526 129.2506 67.464 196.6759 74.0965 91.9345 97.4232 86.7632 70.7978 8.7301 77.8429 74.987 85.4248 100.863 73.9229 13.3462 1074.3703 719.9633 719.9633 570.5612 99.6938 289.2107 182.2337 211.5089 307.1843 1001.7511 304.5469 457.8398 270.1689 111.2537 370.0875 179.1819 256.5734 1012.186;
	3.3563 45.3512 89.4521 111.2349 14.6354 32.3885 21.8257 17.7029 26.1907 30.948 57.2069 85.3414 128.481 65.8597 195.3733 73.6058 91.3257 96.778 87.1344 71.2236 7.2752 75.5732 74.7432 85.8127 97.9938 72.5452 12.0903 994.3584 646.3671 646.3671 477.9631 95.3778 290.448 183.3297 206.479 275.7833 990.2715 282.957 436.9662 262.4833 114.3787 359.2966 170.1437 223.1142 1000.5868;
	3.6262 48.9983 92.9764 110.4245 15.1251 32.2153 22.9797 14.5149 26.7824 30.882 57.0848 85.1593 128.2069 65.7482 200.7803 75.6428 93.8531 99.4563 85.6937 70.7465 7.6599 75.169 74.6347 83.7427 98.2783 67.2879 11.0852 1131.9394 686.4544 686.4544 621.296 101.3233 285.6458 182.1017 206.1294 292.8872 1085.6152 314.3109 447.9896 263.2454 117.5056 357.3748 186.2502 254.0802 1096.9237;
