function windprofile = ex_wind_profilesh1
%EX_WIND_PROFILE_D  Example wind_load_nyiso profile data for deterministic unit commitment.
% 2022.03.12
% Andres F. Ramirez


%% define constants
[GEN_BUS, PG, QG, QMAX, QMIN, VG, MBASE, GEN_STATUS, PMAX, PMIN, ...
    MU_PMAX, MU_PMIN, MU_QMAX, MU_QMIN, PC1, PC2, QC1MIN, QC1MAX, ...
    QC2MIN, QC2MAX, RAMP_AGC, RAMP_10, RAMP_30, RAMP_Q, APF] = idx_gen;
[CT_LABEL, CT_PROB, CT_TABLE, CT_TBUS, CT_TGEN, CT_TBRCH, CT_TAREABUS, ...
    CT_TAREAGEN, CT_TAREABRCH, CT_ROW, CT_COL, CT_CHGTYPE, CT_REP, ...
    CT_REL, CT_ADD, CT_NEWVAL, CT_TLOAD, CT_TAREALOAD, CT_LOAD_ALL_PQ, ...
    CT_LOAD_FIX_PQ, CT_LOAD_DIS_PQ, CT_LOAD_ALL_P, CT_LOAD_FIX_P, ...
    CT_LOAD_DIS_P, CT_TGENCOST, CT_TAREAGENCOST, CT_MODCOST_F, ...
    CT_MODCOST_X] = idx_ct;

windprofile = struct( ...
    'type', 'mpcData', ...
    'table', CT_TGEN, ...
    'rows', [1:45], ...
    'col', PMAX, ...
    'chgtype', 1, ...
    'values', [] );
windprofile.values(:,1,:) = [
	3.8756 52.3677 89.4121 112.1234 14.8787 33.5302 29.2409 18.1847 28.0491 28.6595 52.9766 79.0307 118.9803 66.4034 191.9675 72.3226 89.7336 95.0909 36.6575 70.5955 9.747 78.2371 72.9474 88.5916 103.7432 73.5968 13.3579 1211.3335 726.9253 726.9253 642.4447 105.0851 122.1915 181.7131 208.1836 310.1548 1159.9876 216.8307 469.4731 277.8836 116.4699 371.9615 143.1304 266.4664 1172.0708;
	3.9016 52.7191 91.058 117.9623 15.0875 34.2304 30.1308 18.1887 27.5577 29.5231 54.573 81.4122 122.5656 67.8033 191.1856 72.0281 89.3682 94.7036 34.427 72.9128 10.0436 79.8709 71.3391 87.9122 103.1376 72.7465 13.3048 1212.0088 738.9673 738.9673 647.184 109.3604 114.7567 187.6776 212.5726 315.2927 1211.1928 232.9626 476.1713 276.2613 121.463 379.7291 145.0843 274.8362 1223.8094;
	3.8584 52.135 90.5261 64.2855 14.9595 34.6258 29.5216 17.6706 27.872 28.3834 52.4663 78.2695 117.8343 64.2268 194.2029 73.1648 90.7786 96.1982 33.1118 72.4053 9.8405 80.7936 68.6369 87.5641 103.1655 73.2876 13.3886 1142.535 722.7334 722.7334 591.863 104.3028 110.3726 186.3713 201.3597 308.3663 1179.9398 216.6043 469.1826 276.3363 119.1495 384.1158 137.9897 275.4972 1192.2308;
	3.9202 52.9711 92.1189 87.0479 15.1344 35.0741 28.2509 18.0343 28.1537 29.1066 53.803 80.2636 120.8363 63.4891 196.6888 74.1014 91.9406 97.4296 43.3342 73.1016 9.417 81.8395 68.0084 87.7688 103.4834 73.8181 13.3274 1167.0195 733.7938 733.7938 586.5766 98.9534 144.4473 188.1637 199.0468 313.0853 1085.3627 235.3432 471.3066 277.1877 120.3626 389.0882 182.4732 277.7984 1096.6686;
	3.6182 48.8896 92.8815 120.3 14.7259 34.7621 23.1464 18.6167 27.8836 29.7514 54.995 82.0417 123.5134 63.1953 188.9449 71.1839 88.3208 93.5936 78.5645 70.401 7.7155 81.1115 60.96 88.5778 106.0226 74.8703 13.404 1160.6303 689.5888 689.5888 582.2046 98.9057 261.8816 181.2123 198.1258 294.2246 1147.8877 229.9426 457.4304 283.9891 119.117 385.6271 187.8142 268.1651 1159.8448;
	3.8067 51.4369 92.8028 120.5058 15.0979 34.9918 27.0195 18.7824 28.1778 30.5391 56.451 84.2138 126.7834 65.6095 193.8808 73.0435 90.628 96.0386 91.3876 71.3347 9.0065 81.6476 71.2595 89.319 106.017 75.1592 13.6862 1191.3663 721.4324 721.4324 540.2066 97.3972 304.6255 183.6158 205.6947 307.8112 1084.5477 206.4311 465.2528 283.9742 117.1365 388.176 200.3039 271.192 1095.845;
	3.908 52.8055 92.0733 118.8512 15.2146 34.6645 28.2628 18.5283 27.2125 30.545 56.462 84.2303 126.8082 66.5797 198.5694 74.8099 92.8197 98.3611 92.379 72.2902 9.4209 80.8839 74.1034 88.086 103.6226 75.626 13.252 1208.7755 742.3867 742.3867 594.1457 93.2773 307.9301 186.0751 208.7364 316.7517 1118.17 228.3595 455.9977 277.5606 118.674 384.5453 204.045 268.3786 1129.8176;
	3.87 52.2919 89.7963 118.9359 15.1897 34.6103 28.7572 18.1307 27.7907 30.6753 56.7028 84.5895 127.349 67.6817 202.8373 76.4178 94.8147 100.4752 92.146 72.334 9.5857 80.7574 75.1323 87.3369 104.9664 74.9762 13.0743 1157.0909 747.4697 747.4697 561.5077 81.3115 307.1534 186.1878 212.1913 318.9204 1105.5953 231.8267 463.6497 281.16 114.8072 383.944 196.9357 265.3209 1117.112;
	3.8717 52.3148 92.7859 120.7699 15.0754 34.8218 28.5992 18.2327 27.4545 31.2205 57.7107 86.093 129.6125 69.4754 202.2741 76.2056 94.5514 100.1962 92.6993 72.7637 9.5331 81.2509 75.7837 88.8862 105.8213 74.578 13.2778 1205.7361 795.3765 795.3765 613.4323 77.9673 308.9978 187.2939 217.8147 339.3607 1170.4324 264.2905 464.6244 283.4499 119.11 386.29 173.6714 277.7192 1182.6244;
	3.9013 52.7155 93.8041 120.8024 15.1346 35.0288 29.8712 18.0387 27.6843 31.0734 57.4388 85.6873 129.0018 68.043 201.3606 75.8614 94.1244 99.7438 91.9726 72.2305 9.9571 81.734 75.1074 89.2915 106.4568 71.8432 13.2805 1254.1027 782.9474 782.9474 676.0485 89.8372 306.5754 185.9214 213.3239 334.0576 1212.6885 293.4131 473.0586 285.1522 119.6953 388.5866 167.1591 276.4451 1225.3207;
	3.8888 52.5456 92.6551 119.538 14.9794 34.7494 28.1431 18.1139 27.1828 30.3474 56.0968 83.6854 125.9879 64.6262 202.7241 76.3751 94.7617 100.4192 91.7658 71.1489 9.381 81.0819 73.9855 89.2374 106.1925 71.6952 13.3627 1218.4887 754.9587 754.9587 649.8797 90.3142 305.886 183.1373 202.6118 322.1157 1121.5975 292.086 477.0768 284.4443 122.0395 385.4865 171.4854 272.9891 1133.2808;
	3.7987 51.3288 91.096 117.1483 14.5909 34.8744 27.5861 17.7749 27.1075 30.5576 56.4853 84.265 126.8605 66.8401 202.5493 76.3093 94.68 100.3326 92.505 71.9816 9.1954 81.3735 73.6613 87.1659 104.0878 72.3828 12.99 1047.0419 752.4329 752.4329 631.5041 98.698 308.3499 185.2807 209.5529 321.038 1072.8456 282.5554 478.673 278.8066 118.2766 386.873 183.6895 275.1416 1084.0211;
	3.7947 51.275 89.3002 112.9234 14.7607 34.1678 30.0538 17.3673 27.3635 30.385 56.1662 83.7889 126.1437 67.3153 202.0085 76.1055 94.4272 100.0647 92.8046 73.2527 10.0179 79.7249 73.893 87.3121 100.5436 72.4549 12.6739 1020.7678 745.3004 745.3004 679.6031 103.492 309.3486 188.5526 211.0425 317.9948 992.4835 307.6041 479.1998 269.3132 115.3332 379.0352 159.088 265.4851 1002.8218;
	3.8376 51.8544 88.0099 110.2524 14.9395 33.7069 30.5917 17.3853 27.3026 30.2953 56.0004 83.5415 125.7713 67.5468 202.8043 76.4053 94.7992 100.4589 92.5628 72.2521 10.1972 78.6493 74.1282 85.5549 96.9166 70.8919 12.5827 1067.2807 737.666 737.666 709.9685 105.28 308.5426 185.977 211.7684 314.7375 1047.2268 318.2886 480.1129 259.5981 114.6107 373.9213 155.0076 272.5646 1058.1355;
	3.8887 52.5447 90.4131 112.2403 15.2198 33.9707 27.8874 17.4142 26.7837 30.4232 56.2368 83.8942 126.3023 67.9514 198.3083 74.7115 92.6976 98.2318 91.5236 71.4184 9.2958 79.2651 74.1072 86.9277 97.4205 71.9764 12.4543 1082.8287 678.3641 678.3641 658.1965 104.0041 305.0787 183.831 213.0368 289.4354 949.4369 300.8771 479.8745 260.9478 116.1756 376.8488 177.5103 259.7564 959.3269;
	3.8589 52.1417 89.1276 116.019 15.3414 33.7468 28.6986 17.4014 26.9252 29.9915 55.4388 82.7037 124.51 68.8947 201.928 76.0752 94.3896 100.0248 92.9775 70.8115 9.5662 78.7426 75.3024 85.875 98.4159 71.8496 12.8755 1164.2396 712.18 712.18 647.6198 103.8538 309.9249 182.269 215.9941 303.8635 1022.0829 287.3313 478.8323 263.614 112.9886 374.3647 189.7122 250.5018 1032.7296;
	3.6668 49.5472 88.0159 113.6639 15.2092 33.3965 26.3925 15.2646 27.2798 30.9736 57.2543 85.4121 128.5875 68.4166 202.9071 76.4441 94.8473 100.5098 92.9925 72.1191 8.7975 77.9253 75.8369 85.4803 95.0616 69.8496 10.648 1116.6382 698.9091 698.9091 631.4232 99.5378 309.9751 185.6346 214.4953 298.2012 1105.0116 271.9843 479.7234 254.6293 117.9835 370.4789 189.384 220.1251 1116.5221;
	3.6459 49.2645 88.1734 111.899 14.9531 32.3053 26.4374 12.0264 27.1571 29.3047 54.1693 80.8099 121.6589 67.3955 199.3985 75.1222 93.2072 98.7718 91.9395 69.6831 8.8125 75.379 74.5591 83.6695 96.6195 63.6471 9.9313 1209.5984 690.0778 690.0778 635.2939 98.8609 306.465 179.3644 211.2939 294.4332 1127.7979 288.5037 479.1267 258.8021 114.6438 358.3731 181.7774 237.8184 1139.5458;
