function solarprofile = ex_solar_profilesh1
%EX_WIND_PROFILE_D  Example wind_load_nyiso profile data for deterministic unit commitment.
% 2022.03.12
% Andres F. Ramirez


%% define constants
[GEN_BUS, PG, QG, QMAX, QMIN, VG, MBASE, GEN_STATUS, PMAX, PMIN, ...
    MU_PMAX, MU_PMIN, MU_QMAX, MU_QMIN, PC1, PC2, QC1MIN, QC1MAX, ...
    QC2MIN, QC2MAX, RAMP_AGC, RAMP_10, RAMP_30, RAMP_Q, APF] = idx_gen;
[CT_LABEL, CT_PROB, CT_TABLE, CT_TBUS, CT_TGEN, CT_TBRCH, CT_TAREABUS, ...
    CT_TAREAGEN, CT_TAREABRCH, CT_ROW, CT_COL, CT_CHGTYPE, CT_REP, ...
    CT_REL, CT_ADD, CT_NEWVAL, CT_TLOAD, CT_TAREALOAD, CT_LOAD_ALL_PQ, ...
    CT_LOAD_FIX_PQ, CT_LOAD_DIS_PQ, CT_LOAD_ALL_P, CT_LOAD_FIX_P, ...
    CT_LOAD_DIS_P, CT_TGENCOST, CT_TAREAGENCOST, CT_MODCOST_F, ...
    CT_MODCOST_X] = idx_ct;

solarprofile = struct( ...
    'type', 'mpcData', ...
    'table', CT_TGEN, ...
    'rows', [1:12], ...
    'col', PMAX, ...
    'chgtype', 1, ...
    'values', [] );
solarprofile.values(:,1,:) = [
	0.0 0.0 0.0 0.0 0.0 0.0 0.0 0.0 0.0 0.0 0.0 0.0;
	0.0 0.0 0.0 0.0 0.0 0.0 0.0 0.0 0.0 0.0 0.0 0.0;
	0.0 0.0 0.0 0.0 0.0 0.0 0.0 0.0 0.0 0.0 0.0 0.0;
	0.0 0.0 0.0 0.0 0.0 0.0 0.0 0.0 0.0 0.0 0.0 0.0;
	0.0 0.0 0.0 0.0 0.0 0.0 0.0 0.0 0.0 0.0 0.0 0.0;
	0.0215 0.025 0.036 0.0 0.0 0.0 0.0 0.0 0.0 0.0 0.0 0.0;
	8.6857 7.4322 6.2804 4.8072 7.6466 373.16 46.645 46.5675 234.2774 68.7498 39.7783 124.5063;
	18.697 15.9628 13.8273 7.9135 12.4684 444.4536 55.5567 72.4225 195.0426 77.2154 82.0519 139.8375;
	23.7583 16.7724 14.2279 10.3587 13.0992 464.2551 58.0319 74.0414 170.2265 235.1732 183.5927 425.9001;
	26.4262 16.6096 13.8172 11.2835 12.7577 447.5875 55.9484 65.3135 162.4452 284.9208 253.3091 515.9932;
	26.334 16.6083 13.8 11.2463 12.3829 432.4143 54.0518 63.0338 133.5848 305.6378 271.1793 553.5119;
	26.3157 16.6083 13.8 10.6994 11.3873 423.1333 52.8917 63.5666 77.0822 295.7302 256.8667 535.5692;
	25.7465 16.5402 13.8 11.2449 11.7688 442.2245 55.2781 71.4947 46.8135 169.8979 230.3617 307.6862;
	21.2508 16.3197 13.8 11.4925 12.0661 440.3557 55.0445 74.4066 45.6086 155.9245 192.7472 282.3803;
	15.4174 10.9378 11.1027 9.3648 11.7532 431.6523 53.9565 73.5215 58.1472 123.3961 167.3995 223.471;
	8.4411 6.3668 5.7512 5.8821 7.6918 293.138 36.6422 51.4918 38.5749 88.8593 87.408 160.9247;
	0.8831 0.8462 0.7133 1.2479 2.4425 51.323 6.4154 9.217 19.5882 21.7838 19.4017 39.4507;
	0.0 0.0 0.0 0.0 0.0 0.0 0.0 0.0 0.0 0.0 0.0 0.0;
	0.0 0.0 0.0 0.0 0.0 0.0 0.0 0.0 0.0 0.0 0.0 0.0;
	0.0 0.0 0.0 0.0 0.0 0.0 0.0 0.0 0.0 0.0 0.0 0.0;
	0.0 0.0 0.0 0.0 0.0 0.0 0.0 0.0 0.0 0.0 0.0 0.0;
	0.0 0.0 0.0 0.0 0.0 0.0 0.0 0.0 0.0 0.0 0.0 0.0;
	0.0 0.0 0.0 0.0 0.0 0.0 0.0 0.0 0.0 0.0 0.0 0.0;
	0.0 0.0 0.0 0.0 0.0 0.0 0.0 0.0 0.0 0.0 0.0 0.0;
];
