function windprofile = ex_wind_profilesh1
%EX_WIND_PROFILE_D  Example wind_load_nyiso profile data for deterministic unit commitment.
% 2022.03.12
% Andres F. Ramirez


%% define constants
[GEN_BUS, PG, QG, QMAX, QMIN, VG, MBASE, GEN_STATUS, PMAX, PMIN, ...
    MU_PMAX, MU_PMIN, MU_QMAX, MU_QMIN, PC1, PC2, QC1MIN, QC1MAX, ...
    QC2MIN, QC2MAX, RAMP_AGC, RAMP_10, RAMP_30, RAMP_Q, APF] = idx_gen;
[CT_LABEL, CT_PROB, CT_TABLE, CT_TBUS, CT_TGEN, CT_TBRCH, CT_TAREABUS, ...
    CT_TAREAGEN, CT_TAREABRCH, CT_ROW, CT_COL, CT_CHGTYPE, CT_REP, ...
    CT_REL, CT_ADD, CT_NEWVAL, CT_TLOAD, CT_TAREALOAD, CT_LOAD_ALL_PQ, ...
    CT_LOAD_FIX_PQ, CT_LOAD_DIS_PQ, CT_LOAD_ALL_P, CT_LOAD_FIX_P, ...
    CT_LOAD_DIS_P, CT_TGENCOST, CT_TAREAGENCOST, CT_MODCOST_F, ...
    CT_MODCOST_X] = idx_ct;

windprofile = struct( ...
    'type', 'mpcData', ...
    'table', CT_TGEN, ...
    'rows', [1:45], ...
    'col', PMAX, ...
    'chgtype', 1, ...
    'values', [] );
windprofile.values(:,1,:) = [
	3.5193 47.5534 83.5378 88.173 14.2704 29.7544 27.5763 17.8167 27.2033 29.4324 54.4053 81.162 122.189 65.486 193.0688 72.7376 90.2485 95.6364 34.9376 69.2951 9.1921 69.4268 72.451 86.7563 102.7974 73.19 13.086 1100.5628 699.1758 699.1758 624.6841 106.8806 116.4586 178.3657 205.3076 298.315 1152.3396 231.9924 447.2536 275.3502 115.9155 330.075 130.9999 259.5561 1164.3431;
	3.5054 47.3651 83.9758 83.252 14.0696 29.6258 28.2242 18.1543 26.6034 26.5657 49.1064 73.257 110.288 64.5699 192.7374 72.6127 90.0935 95.4722 27.5979 70.4052 9.4081 69.1269 69.7726 86.3595 100.9328 72.8256 12.5965 1128.505 709.8635 709.8635 598.7604 106.1981 91.993 181.223 202.4354 302.8751 1165.4884 235.9443 439.9366 270.3557 117.584 328.649 116.636 258.775 1177.6289;
	3.288 44.4279 83.9819 14.4855 14.0164 29.9382 29.1108 17.5759 27.0471 27.5412 50.9095 75.9469 114.3377 63.7355 196.2011 73.9176 91.7126 97.188 33.1822 70.1647 9.7036 69.8559 67.1853 84.8288 100.6727 71.4148 12.9784 1178.814 710.2023 710.2023 593.1607 110.0218 110.6072 180.6042 199.8194 303.0196 1222.625 243.4 433.8906 269.659 118.9998 332.1148 120.161 221.952 1235.3607;
	3.3676 45.5043 86.479 67.1654 14.0665 32.0351 27.8167 17.4955 27.6435 28.1871 52.1034 77.728 117.0191 63.6583 197.9929 74.5927 92.5502 98.0755 43.2927 71.0414 9.2722 74.7485 53.5518 84.8121 99.7614 71.9302 13.0 1199.4962 707.8455 707.8455 563.8013 92.6844 144.3091 182.8608 199.5775 302.0141 1119.7733 255.2691 440.9143 267.218 116.5585 355.3759 152.3368 227.0562 1131.4376;
	2.9123 39.3518 88.981 110.2836 13.9909 31.8483 22.9389 18.2269 28.1966 29.302 54.1644 80.8026 121.6478 64.7502 191.2505 72.0525 89.3985 94.7357 71.6733 69.624 7.6463 74.3127 58.1287 85.261 102.2225 74.587 13.2445 1130.2835 649.4344 649.4344 533.8403 95.8446 238.9109 179.2123 203.0007 277.092 1120.3955 255.4405 438.7418 273.8103 116.0439 353.3036 163.1044 247.1587 1132.0663;
	3.5705 48.2454 89.6993 113.2632 14.1599 31.8595 26.8975 18.2241 27.9952 30.1686 55.7661 83.1921 125.2452 66.2472 199.188 75.0429 93.1088 98.6675 87.5305 72.3919 8.9658 74.3388 71.8099 85.9909 105.0741 73.6887 13.44 1177.3127 698.7663 698.7663 510.5556 92.2431 291.7685 186.3369 207.6939 298.1403 1075.4203 235.7684 439.9041 281.4485 116.0566 353.428 170.4296 229.401 1086.6226;
	3.7507 50.6801 93.5334 116.6571 14.5505 32.2543 27.8963 18.1562 28.2006 30.7278 56.7998 84.7342 127.5669 65.2981 200.4511 75.5188 93.6992 99.2932 88.0923 71.8052 9.2988 75.26 73.3641 85.5103 104.1234 75.5972 13.3129 1207.6878 729.349 729.349 560.2187 94.4911 293.6409 184.8267 204.7185 311.1889 1106.8542 255.3457 444.3518 278.9018 121.1488 357.8077 189.8594 258.9818 1118.384;
	3.7606 50.8137 94.5164 118.6434 14.9064 32.6868 27.2333 18.7223 27.7005 29.6795 54.8621 81.8434 123.2149 65.3198 203.5545 76.688 95.1499 100.8305 88.6818 73.5045 9.0778 76.2692 73.9504 87.3152 106.5426 74.6411 13.6457 1084.8998 687.2034 687.2034 511.6866 78.8347 295.6059 189.2008 204.7864 293.2068 1021.9114 232.6575 449.0361 285.382 122.8745 362.6054 173.6527 252.5125 1032.5563;
	3.7835 51.1239 95.3298 120.4506 15.155 33.8731 27.945 18.5839 28.1944 29.7716 55.0323 82.0973 123.597 68.4573 203.1001 76.5168 94.9375 100.6054 89.9062 71.912 9.315 79.0373 73.4354 89.0679 106.2687 75.9421 13.7271 1148.0352 791.0753 791.0753 595.192 76.8845 299.6874 185.1018 214.6229 337.5255 1185.1762 261.9972 441.8719 284.6482 121.8235 375.7659 160.386 267.4469 1197.5218;
	3.6391 49.1727 93.2278 117.7331 15.1927 33.4311 28.9008 18.0302 27.9839 29.3164 54.191 80.8423 121.7076 68.6522 196.2131 73.9221 91.7182 97.1939 89.903 69.7662 9.6336 78.0058 71.2796 87.3454 103.8477 72.9756 13.591 1130.3368 757.4228 757.4228 639.4643 86.7571 299.6767 179.5783 215.234 323.1671 1141.7592 275.3365 452.5299 278.1634 120.029 370.8619 149.2501 254.1314 1153.6525;
	3.6211 48.9296 94.3919 119.1271 15.1148 33.3685 26.2223 18.363 27.4999 30.5138 56.4042 84.144 126.6783 68.0639 198.6984 74.8585 92.88 98.425 89.4762 70.4337 8.7408 77.8598 73.2382 88.898 103.3773 72.8715 13.6674 1152.8667 749.5657 749.5657 620.5389 87.4943 298.2541 181.2965 213.3897 319.8147 1081.6678 278.3166 445.3795 276.9036 122.1427 370.1679 157.6699 260.0354 1092.9352;
	3.6562 49.403 94.123 116.8494 14.9427 32.4049 25.8254 17.5594 27.3183 30.589 56.5433 84.3515 126.9907 68.3419 198.3059 74.7106 92.6965 98.2306 90.64 69.6841 8.6085 75.6115 73.7992 87.01 101.643 72.4249 12.7899 1095.7338 752.3929 752.3929 644.1407 100.673 302.1333 179.367 214.2612 321.021 1097.358 292.5793 442.6283 272.258 116.1457 359.4785 171.3401 258.7907 1108.7888;
	3.6336 49.098 91.3933 116.2273 14.8036 32.7105 28.0038 17.484 28.1982 31.0501 57.3957 85.6231 128.9052 69.383 196.1925 73.9144 91.7086 97.1837 90.689 70.9724 9.3346 76.3245 75.1748 88.6248 102.3907 73.4899 12.8861 1131.7954 771.4563 771.4563 673.5687 103.225 302.2965 182.6831 217.5252 329.1547 1075.162 303.1228 440.6998 274.2609 115.9494 362.8683 154.2323 250.652 1086.3616;
	3.8156 51.5573 93.5173 117.5476 15.2728 34.2349 28.7166 17.9726 28.4 31.0768 57.4451 85.6967 129.016 68.5931 198.5921 74.8184 92.8303 98.3724 92.5301 72.565 9.5722 79.8815 75.0454 88.5352 102.7233 74.1331 13.1285 1102.5176 718.4601 718.4601 662.5091 104.122 308.4336 186.7826 215.0486 306.543 1041.7266 295.9115 451.7396 275.1516 115.0396 379.7793 160.8021 266.6463 1052.578;
	3.8646 52.2194 94.6655 118.2737 15.0659 33.42 25.6153 18.7063 27.6492 31.1426 57.5666 85.8781 129.289 67.0737 195.2178 73.5472 91.253 96.7009 90.8246 72.4486 8.5384 77.98 75.3349 89.7917 105.9487 75.9311 13.6003 1019.0981 709.7242 709.7242 630.1404 104.0307 302.7488 186.4828 210.2851 302.8156 933.7928 293.1049 436.7167 283.7912 116.2185 370.7391 172.8597 255.4646 943.5198;
	3.8841 52.4821 93.8725 118.7417 15.1474 34.3333 24.9861 18.2587 26.814 30.5818 56.5301 84.3317 126.961 67.3674 198.1455 74.6502 92.6215 98.1511 92.6203 72.9802 8.3287 80.1109 75.3412 89.1139 104.2992 74.9283 13.3365 1102.6492 749.9524 749.9524 602.2533 108.8593 308.7343 187.8514 211.206 319.9797 1044.3925 290.8593 434.7993 279.373 115.6903 380.8702 184.4914 257.4983 1055.2716;
	3.778 51.0486 91.8778 119.1733 15.0026 34.1725 24.8375 17.291 27.078 30.3614 56.1225 83.7238 126.0457 67.812 195.7133 73.7339 91.4846 96.9464 92.7649 72.5575 8.2792 79.7358 74.229 88.8785 103.1296 75.0871 11.9063 1101.5828 746.0873 746.0873 639.5653 105.8639 309.2163 186.7633 212.5999 318.3306 1143.0715 291.2414 442.0623 276.2401 116.6339 379.0867 186.307 234.3787 1154.9785;
	3.8963 52.6471 93.197 118.2128 15.0913 33.5849 26.4904 14.8957 27.2107 29.8095 55.1023 82.2018 123.7544 66.1602 198.9904 74.9685 93.0165 98.5697 89.4122 73.1828 8.8301 78.3647 72.5916 88.1433 102.7069 69.735 11.4566 1189.6172 743.9778 743.9778 671.1127 95.1072 298.0406 188.3727 207.4211 317.4305 1204.0889 293.3348 449.8237 275.1078 120.7512 372.5682 194.5697 248.1039 1216.6315;
