function solarprofile = ex_solar_profilesh1
%EX_WIND_PROFILE_D  Example wind_load_nyiso profile data for deterministic unit commitment.
% 2022.03.12
% Andres F. Ramirez


%% define constants
[GEN_BUS, PG, QG, QMAX, QMIN, VG, MBASE, GEN_STATUS, PMAX, PMIN, ...
    MU_PMAX, MU_PMIN, MU_QMAX, MU_QMIN, PC1, PC2, QC1MIN, QC1MAX, ...
    QC2MIN, QC2MAX, RAMP_AGC, RAMP_10, RAMP_30, RAMP_Q, APF] = idx_gen;
[CT_LABEL, CT_PROB, CT_TABLE, CT_TBUS, CT_TGEN, CT_TBRCH, CT_TAREABUS, ...
    CT_TAREAGEN, CT_TAREABRCH, CT_ROW, CT_COL, CT_CHGTYPE, CT_REP, ...
    CT_REL, CT_ADD, CT_NEWVAL, CT_TLOAD, CT_TAREALOAD, CT_LOAD_ALL_PQ, ...
    CT_LOAD_FIX_PQ, CT_LOAD_DIS_PQ, CT_LOAD_ALL_P, CT_LOAD_FIX_P, ...
    CT_LOAD_DIS_P, CT_TGENCOST, CT_TAREAGENCOST, CT_MODCOST_F, ...
    CT_MODCOST_X] = idx_ct;

solarprofile = struct( ...
    'type', 'mpcData', ...
    'table', CT_TGEN, ...
    'rows', [1:12], ...
    'col', PMAX, ...
    'chgtype', 1, ...
    'values', [] );
solarprofile.values(:,1,:) = [
	0.0 0.0 0.0 0.0 0.0 0.0 0.0 0.0 0.0 0.0 0.0 0.0;
	0.0 0.0 0.0 0.0 0.0 0.0 0.0 0.0 0.0 0.0 0.0 0.0;
	0.0 0.0 0.0 0.0 0.0 0.0 0.0 0.0 0.0 0.0 0.0 0.0;
	0.0 0.0 0.0 0.0 0.0 0.0 0.0 0.0 0.0 0.0 0.0 0.0;
	0.0 0.0 0.0 0.0 0.0 0.0 0.0 0.0 0.0 0.0 0.0 0.0;
	0.0 0.0 0.002 0.0 0.0 0.0 0.0 0.0 0.0 0.0 0.0 0.0;
	9.1981 7.9718 7.2152 0.4581 0.4774 196.1462 24.5183 52.4895 118.9166 59.6187 38.5498 107.9699;
	16.8087 15.31 12.2469 1.3977 6.0347 346.9937 43.3742 75.9354 75.0515 38.6291 37.9618 69.9576;
	19.7564 16.6029 13.8 5.4883 10.91 385.2606 48.1576 77.2496 61.0212 201.8637 140.1742 365.5763;
	22.1052 16.5729 13.2955 10.2704 9.234 356.7324 44.5916 67.0308 87.4068 286.3756 188.7964 518.6279;
	26.0892 16.6083 13.8 10.6224 8.6209 384.583 48.0729 63.7385 189.3923 306.6989 209.885 555.4335;
	26.334 16.6083 13.8 10.1805 8.5613 390.4344 48.8043 62.1352 213.7242 312.5125 214.4699 565.962;
	25.8723 16.6083 13.7666 8.9863 11.0194 378.1724 47.2716 65.4402 192.485 271.0272 178.7542 490.8319;
	18.6005 16.1812 13.1516 8.7077 11.3532 341.6522 42.7065 67.8649 140.1092 291.0184 160.9699 527.036;
	10.9071 8.8617 7.2306 4.3597 9.8218 310.9411 38.8676 64.5411 97.1813 227.6438 134.2372 412.2643;
	6.3232 3.6296 4.2122 2.536 2.0638 197.0827 24.6353 36.5763 92.0772 70.7348 57.7199 128.1012;
	0.7582 0.6151 0.4246 1.2924 2.5038 55.7392 6.9674 9.2907 29.3862 18.0453 18.5905 32.6801;
	0.0 0.0 0.0 0.0 0.0 0.0 0.0 0.0 0.0 0.0 0.0 0.0;
	0.0 0.0 0.0 0.0 0.0 0.0 0.0 0.0 0.0 0.0 0.0 0.0;
	0.0 0.0 0.0 0.0 0.0 0.0 0.0 0.0 0.0 0.0 0.0 0.0;
	0.0 0.0 0.0 0.0 0.0 0.0 0.0 0.0 0.0 0.0 0.0 0.0;
	0.0 0.0 0.0 0.0 0.0 0.0 0.0 0.0 0.0 0.0 0.0 0.0;
	0.0 0.0 0.0 0.0 0.0 0.0 0.0 0.0 0.0 0.0 0.0 0.0;
	0.0 0.0 0.0 0.0 0.0 0.0 0.0 0.0 0.0 0.0 0.0 0.0;
];
