function solarprofile = ex_solar_profilesh1
%EX_WIND_PROFILE_D  Example wind_load_nyiso profile data for deterministic unit commitment.
% 2022.03.12
% Andres F. Ramirez


%% define constants
[GEN_BUS, PG, QG, QMAX, QMIN, VG, MBASE, GEN_STATUS, PMAX, PMIN, ...
    MU_PMAX, MU_PMIN, MU_QMAX, MU_QMIN, PC1, PC2, QC1MIN, QC1MAX, ...
    QC2MIN, QC2MAX, RAMP_AGC, RAMP_10, RAMP_30, RAMP_Q, APF] = idx_gen;
[CT_LABEL, CT_PROB, CT_TABLE, CT_TBUS, CT_TGEN, CT_TBRCH, CT_TAREABUS, ...
    CT_TAREAGEN, CT_TAREABRCH, CT_ROW, CT_COL, CT_CHGTYPE, CT_REP, ...
    CT_REL, CT_ADD, CT_NEWVAL, CT_TLOAD, CT_TAREALOAD, CT_LOAD_ALL_PQ, ...
    CT_LOAD_FIX_PQ, CT_LOAD_DIS_PQ, CT_LOAD_ALL_P, CT_LOAD_FIX_P, ...
    CT_LOAD_DIS_P, CT_TGENCOST, CT_TAREAGENCOST, CT_MODCOST_F, ...
    CT_MODCOST_X] = idx_ct;

solarprofile = struct( ...
    'type', 'mpcData', ...
    'table', CT_TGEN, ...
    'rows', [1:12], ...
    'col', PMAX, ...
    'chgtype', 1, ...
    'values', [] );
solarprofile.values(:,1,:) = [
	0.0 0.0 0.0 0.0 0.0 0.0 0.0 0.0 0.0 0.0 0.0 0.0;
	0.0 0.0 0.0 0.0 0.0 0.0 0.0 0.0 0.0 0.0 0.0 0.0;
	0.0 0.0 0.0 0.0 0.0 0.0 0.0 0.0 0.0 0.0 0.0 0.0;
	0.0 0.0 0.0 0.0 0.0 0.0 0.0 0.0 0.0 0.0 0.0 0.0;
	0.0 0.0 0.0 0.0 0.0 0.0 0.0 0.0 0.0 0.0 0.0 0.0;
	0.0 0.0029 0.0 0.0 0.0 0.0 0.0 0.0 0.0 0.0 0.0 0.0;
	3.4046 6.1688 4.5908 1.3838 3.8351 149.234 18.6542 15.0308 33.9527 21.6784 8.6892 39.2597;
	0.9393 1.6626 1.0281 1.3915 4.3889 139.516 17.4395 6.9713 58.1737 227.2071 53.4733 411.4734;
	0.7492 0.882 0.7537 2.1011 4.8767 95.4764 11.9346 5.1346 78.5165 261.909 79.8506 474.3188;
	1.2364 1.0406 1.2003 4.9886 5.9381 53.4482 6.681 8.3149 149.4405 169.6801 44.9036 307.2917;
	2.6632 2.3311 3.3998 6.9854 6.9094 49.0937 6.1367 12.5568 136.7668 133.4627 49.5821 241.7017;
	3.5006 3.9176 9.8539 6.7524 6.5065 52.1505 6.5188 11.2551 123.917 110.7913 50.1522 200.6437;
	4.1528 4.9459 5.8609 3.5125 2.4704 144.9651 18.1206 9.5716 127.487 97.1725 51.9182 175.9799;
	2.6807 2.3309 2.0722 1.9656 1.2386 144.4695 18.0587 4.9233 110.6121 76.6914 39.7431 138.8886;
	1.3141 0.9684 0.6817 1.2224 0.8105 151.8788 18.9849 4.591 97.6158 47.7527 23.2311 86.4804;
	1.1626 0.7694 0.5417 0.5363 0.4278 124.4512 15.5564 3.5693 42.3627 19.4654 14.1204 35.252;
	0.3433 0.4603 0.284 0.3793 0.5353 37.4179 4.6772 6.5741 24.8187 19.0691 10.8579 34.5342;
	0.0 0.0 0.0 0.0 0.0 0.0 0.0 0.0 0.0 0.0 0.0 0.0;
	0.0 0.0 0.0 0.0 0.0 0.0 0.0 0.0 0.0 0.0 0.0 0.0;
	0.0 0.0 0.0 0.0 0.0 0.0 0.0 0.0 0.0 0.0 0.0 0.0;
	0.0 0.0 0.0 0.0 0.0 0.0 0.0 0.0 0.0 0.0 0.0 0.0;
	0.0 0.0 0.0 0.0 0.0 0.0 0.0 0.0 0.0 0.0 0.0 0.0;
	0.0 0.0 0.0 0.0 0.0 0.0 0.0 0.0 0.0 0.0 0.0 0.0;
	0.0 0.0 0.0 0.0 0.0 0.0 0.0 0.0 0.0 0.0 0.0 0.0;
];
