function windprofile = ex_wind_profilesh1
%EX_WIND_PROFILE_D  Example wind_load_nyiso profile data for deterministic unit commitment.
% 2022.03.12
% Andres F. Ramirez


%% define constants
[GEN_BUS, PG, QG, QMAX, QMIN, VG, MBASE, GEN_STATUS, PMAX, PMIN, ...
    MU_PMAX, MU_PMIN, MU_QMAX, MU_QMIN, PC1, PC2, QC1MIN, QC1MAX, ...
    QC2MIN, QC2MAX, RAMP_AGC, RAMP_10, RAMP_30, RAMP_Q, APF] = idx_gen;
[CT_LABEL, CT_PROB, CT_TABLE, CT_TBUS, CT_TGEN, CT_TBRCH, CT_TAREABUS, ...
    CT_TAREAGEN, CT_TAREABRCH, CT_ROW, CT_COL, CT_CHGTYPE, CT_REP, ...
    CT_REL, CT_ADD, CT_NEWVAL, CT_TLOAD, CT_TAREALOAD, CT_LOAD_ALL_PQ, ...
    CT_LOAD_FIX_PQ, CT_LOAD_DIS_PQ, CT_LOAD_ALL_P, CT_LOAD_FIX_P, ...
    CT_LOAD_DIS_P, CT_TGENCOST, CT_TAREAGENCOST, CT_MODCOST_F, ...
    CT_MODCOST_X] = idx_ct;

windprofile = struct( ...
    'type', 'mpcData', ...
    'table', CT_TGEN, ...
    'rows', [1:45], ...
    'col', PMAX, ...
    'chgtype', 1, ...
    'values', [] );
windprofile.values(:,1,:) = [
	3.9102 52.8355 85.9461 118.0688 15.0366 35.9337 31.7116 8.1913 28.0745 13.2957 24.577 36.664 55.1975 43.6552 180.0996 67.8515 84.1861 89.2121 77.832 67.5611 10.5705 83.8454 28.4584 35.1972 44.8814 26.9305 5.1521 1219.3216 827.2398 827.2398 658.6614 80.8779 259.44 173.9023 136.8651 352.9556 1269.3024 208.7559 462.1372 120.218 118.825 398.625 216.3884 119.9164 1282.5243;
	3.3438 45.1826 80.2746 49.1067 15.2139 29.8215 31.4805 7.4948 11.0265 13.2788 24.5457 36.6173 55.1272 38.0016 177.1364 66.7351 82.801 87.7443 80.3002 67.9348 10.4935 69.5835 22.3744 33.2789 37.4046 27.8834 4.6757 1175.6216 806.1372 806.1372 679.8413 71.6331 267.6673 174.8645 119.14 343.9519 1234.6597 190.3715 459.1085 100.1908 119.4615 330.8196 214.3862 106.9343 1247.5207;
	2.9903 40.4052 88.6081 47.6197 14.8452 22.7197 31.6392 6.3346 9.4356 13.472 24.9028 37.1501 55.9293 39.6921 185.7357 69.9748 86.8206 92.004 84.1836 60.1062 10.5464 53.0127 22.838 32.9071 35.2612 26.7013 5.4852 1178.7477 806.6054 806.6054 715.1847 87.2569 280.612 154.7135 124.4402 344.1516 1227.2485 195.4744 453.4362 94.4497 34.0585 252.0375 206.9054 134.409 1240.0324;
	3.3414 45.1503 84.5522 50.3067 15.0268 13.8156 30.7762 6.7155 9.4581 12.2672 22.6758 33.8278 50.9276 25.8098 184.9638 69.684 86.4598 91.6216 74.6077 60.9021 10.2587 32.2365 19.6686 35.6677 35.8904 30.5109 4.7956 1239.1648 822.4764 822.4764 736.7365 89.475 248.6924 156.762 80.9172 350.9233 1256.4028 222.6309 440.2217 96.1351 41.0081 153.2615 208.3766 112.4019 1269.4903;
	3.7197 50.2618 83.5232 42.8826 15.3174 22.0202 31.1919 5.9472 11.1094 11.4659 21.1945 31.6181 47.6009 31.5569 163.3189 61.5294 76.3421 80.8998 84.3035 65.0125 10.3973 51.3805 3.2091 26.6375 37.7212 60.2909 4.9764 1236.8565 846.4145 846.4145 768.292 97.0311 281.0115 167.3422 98.935 361.1369 1267.4253 236.9862 452.6404 101.0389 39.9116 244.2776 212.8046 201.3848 1280.6277;
	3.8048 51.4117 93.8262 116.4777 15.3593 34.2418 31.2985 7.8259 10.4181 11.5611 21.3706 31.8807 47.9962 28.0384 171.2635 64.5225 80.0557 84.8352 88.2284 62.2123 10.4328 79.8976 0.2108 32.0831 57.4991 65.5307 5.7015 1179.1953 841.5003 841.5003 783.7176 103.8213 294.0945 160.1346 87.9042 359.0401 1237.1785 248.6706 445.6767 154.0156 73.9353 379.856 214.7747 247.9481 1250.0658;
	3.9134 52.8791 91.3575 120.0149 15.3658 35.5211 31.575 12.6877 10.6249 13.2953 24.5762 36.6629 55.1957 39.1204 187.9092 70.7937 87.8366 93.0806 83.8886 67.0836 10.525 82.8825 24.9837 46.0434 101.7999 74.7982 12.5208 1065.9176 813.594 813.594 762.5756 107.2763 279.6285 172.6732 122.6479 347.1334 1219.101 287.4859 445.3265 272.6782 117.8104 394.047 217.3291 274.6049 1231.8;
	3.8517 52.0445 91.7638 120.2449 15.3097 35.3264 31.337 19.0357 10.9158 11.7459 21.7122 32.3903 48.7634 60.2793 196.6889 74.1014 91.9406 97.4296 86.4113 60.0125 10.4457 82.4283 25.472 54.7268 105.7544 74.0668 14.0971 988.9589 813.6723 813.6723 767.5117 111.4064 288.0377 154.4723 188.9838 347.1669 1185.6777 311.7894 447.427 283.2706 122.3629 391.8875 216.8369 277.0432 1198.0285;
	3.7133 50.1754 92.6009 117.9664 14.8881 34.823 30.1051 17.9785 9.8377 12.2532 22.6498 33.7891 50.8692 64.0463 198.7127 74.8639 92.8866 98.4321 54.3198 67.2638 10.035 81.2536 29.0761 85.1428 104.5841 71.1428 13.5087 740.482 848.5794 848.5794 771.1651 114.0119 181.0659 173.1371 200.7938 362.0606 1189.633 317.65 443.7224 280.136 121.1671 386.303 212.6818 269.1924 1202.025;
	3.599 48.6303 90.0021 115.8112 14.8805 33.4132 30.0338 17.5861 19.1947 11.4832 21.2266 31.6659 47.6728 59.4433 189.1775 71.2715 88.4295 93.7089 54.3642 56.7302 10.0113 77.9642 24.8729 86.7495 101.1206 69.1952 13.0353 565.3006 846.0553 846.0553 740.9635 109.7786 181.214 146.0237 186.3629 360.9836 1073.7309 283.2479 437.6259 270.8587 113.9319 370.6639 205.6469 262.487 1084.9156;
	3.3777 45.6399 87.1149 112.152 14.4149 29.9473 31.2588 17.198 26.5362 17.7665 32.8412 48.9926 73.758 68.5061 193.9971 73.0873 90.6824 96.0962 38.5437 60.8308 10.4196 69.8771 27.9392 81.6017 96.8414 67.5508 12.5406 369.1031 818.7517 818.7517 708.2928 95.586 128.4789 156.5785 214.7757 349.3341 924.5649 274.9325 439.3984 259.3966 116.641 332.2157 196.5703 221.5566 934.1958;
	3.0526 41.2476 89.0388 117.0979 14.494 31.0009 30.6032 17.777 27.6344 20.1523 37.2512 55.5715 83.6626 67.9269 193.4521 72.8819 90.4276 95.8263 51.1785 64.8905 10.2011 72.3353 35.3252 82.0331 98.0529 71.019 12.6675 263.289 807.2705 807.2705 711.4747 106.7152 170.5949 167.0284 212.96 344.4354 767.6251 256.4635 452.27 262.6418 116.337 343.9028 185.545 252.4023 775.6212;
	1.8943 25.596 89.5544 114.6483 14.0483 20.1275 28.112 18.6056 28.2353 28.5442 52.7635 78.7128 118.5017 68.5888 203.0752 76.5074 94.9258 100.593 92.4698 68.435 9.3707 46.9641 58.6671 82.9905 100.291 70.5802 13.6226 302.9699 742.5383 742.5383 634.4981 104.4289 308.2325 176.1518 215.0351 316.8163 673.9498 229.3684 457.0698 268.6366 119.4783 223.2806 168.2299 261.959 680.9701;
	2.3193 31.3382 90.5312 116.8837 14.022 11.5953 26.6871 18.8125 28.1492 31.0814 57.4535 85.7093 129.0349 67.8992 204.0743 76.8838 95.3929 101.088 91.7219 71.051 8.8957 27.0557 72.5431 83.6486 104.7349 71.7949 13.8092 307.7791 654.0506 654.0506 584.2444 100.738 305.7396 182.8856 212.8732 279.0616 497.1822 207.6506 463.3291 280.5398 121.9865 128.6304 140.7772 261.3948 502.3611;
	2.0264 27.3805 90.244 113.7848 11.2985 0.0 21.6672 18.5951 27.2178 29.6998 54.8996 81.8994 123.299 67.1119 202.4043 76.2546 94.6122 100.2607 89.787 72.4258 7.2224 0.0 72.2358 82.332 100.3747 71.0155 13.77 436.9865 516.3514 516.3514 402.3549 88.666 299.2901 186.4243 210.4049 220.3099 411.085 174.2153 446.8601 268.8607 116.8033 0.0 112.9866 244.1771 415.3672;
	3.2525 43.9487 92.6349 90.0883 13.9924 25.1786 16.2407 18.9701 23.8178 29.7543 55.0004 82.0498 123.5255 55.4266 202.4526 76.2728 94.6348 100.2847 91.0044 71.0548 5.4136 58.7501 74.4876 86.5173 104.1618 73.9418 13.8174 470.7624 518.4985 518.4985 391.9897 47.1717 303.348 182.8953 173.7698 221.226 470.0022 151.2477 444.8054 279.0049 117.0748 279.3146 82.9499 269.4625 474.898;
	2.9499 39.8602 89.4189 64.4853 14.1113 29.9254 14.0863 18.653 26.9286 26.3158 48.6444 72.5679 109.2505 60.3597 198.8498 74.9155 92.9507 98.5 86.3005 71.0761 4.6954 69.8259 72.1118 85.4336 104.0586 74.4202 13.7142 504.7307 546.319 546.319 424.2391 26.833 287.6683 182.95 189.2359 233.0961 543.0646 112.164 155.4624 278.7283 117.4919 331.9721 103.0638 263.7569 548.7215;
	3.2754 44.2584 87.174 61.1891 13.9398 30.7561 28.4833 18.637 26.3605 12.7795 23.6227 35.2404 53.0543 62.593 176.772 66.5978 82.6306 87.5638 61.2676 70.5179 9.4944 71.7641 51.8494 85.8544 102.4192 73.4026 13.4615 676.589 603.3171 603.3171 410.7904 26.6212 204.2254 181.5133 196.2377 257.4153 753.0213 81.0277 376.8533 274.3372 120.0943 341.1873 109.8347 256.8905 760.8653;
