function solarprofile = ex_solar_profilesh1
%EX_WIND_PROFILE_D  Example wind_load_nyiso profile data for deterministic unit commitment.
% 2022.03.12
% Andres F. Ramirez


%% define constants
[GEN_BUS, PG, QG, QMAX, QMIN, VG, MBASE, GEN_STATUS, PMAX, PMIN, ...
    MU_PMAX, MU_PMIN, MU_QMAX, MU_QMIN, PC1, PC2, QC1MIN, QC1MAX, ...
    QC2MIN, QC2MAX, RAMP_AGC, RAMP_10, RAMP_30, RAMP_Q, APF] = idx_gen;
[CT_LABEL, CT_PROB, CT_TABLE, CT_TBUS, CT_TGEN, CT_TBRCH, CT_TAREABUS, ...
    CT_TAREAGEN, CT_TAREABRCH, CT_ROW, CT_COL, CT_CHGTYPE, CT_REP, ...
    CT_REL, CT_ADD, CT_NEWVAL, CT_TLOAD, CT_TAREALOAD, CT_LOAD_ALL_PQ, ...
    CT_LOAD_FIX_PQ, CT_LOAD_DIS_PQ, CT_LOAD_ALL_P, CT_LOAD_FIX_P, ...
    CT_LOAD_DIS_P, CT_TGENCOST, CT_TAREAGENCOST, CT_MODCOST_F, ...
    CT_MODCOST_X] = idx_ct;

solarprofile = struct( ...
    'type', 'mpcData', ...
    'table', CT_TGEN, ...
    'rows', [1:12], ...
    'col', PMAX, ...
    'chgtype', 1, ...
    'values', [] );
solarprofile.values(:,1,:) = [
	0.0 0.0 0.0 0.0 0.0 0.0 0.0 0.0 0.0 0.0 0.0 0.0;
	0.0 0.0 0.0 0.0 0.0 0.0 0.0 0.0 0.0 0.0 0.0 0.0;
	0.0 0.0 0.0 0.0 0.0 0.0 0.0 0.0 0.0 0.0 0.0 0.0;
	0.0 0.0 0.0 0.0 0.0 0.0 0.0 0.0 0.0 0.0 0.0 0.0;
	0.0 0.0 0.0 0.0 0.0 0.0 0.0 0.0 0.0 0.0 0.0 0.0;
	0.0 0.0 0.0051 0.0 0.0 0.0 0.0 0.0 0.0 0.0 0.0 0.0;
	0.4818 0.2409 0.2759 0.8992 2.7406 112.8917 14.1115 17.9238 21.0048 21.6237 6.4359 39.1606;
	2.667 1.6367 1.2781 1.786 4.8551 60.5355 7.5669 17.1762 35.8368 34.3175 8.7471 62.1492;
	4.6357 4.3065 3.4528 2.5154 5.531 38.0487 4.7561 11.9041 29.0035 47.4438 11.6194 85.921;
	6.9732 12.7934 9.7112 3.5497 5.9246 73.8421 9.2303 6.4606 36.0048 52.9263 31.0936 95.8498;
	4.9763 12.3783 7.2749 4.6924 7.157 135.7855 16.9732 7.1575 56.3855 75.3374 41.6181 136.4364;
	5.4599 11.7175 5.4089 5.1159 8.1281 169.7149 21.2144 7.402 81.5608 75.0004 41.5446 135.8262;
	14.5593 12.7345 5.487 4.4991 6.5062 145.0553 18.1319 16.9368 61.5707 49.4565 26.7747 89.5661;
	11.1762 6.4614 3.493 3.1389 4.7388 69.5405 8.6926 12.3913 36.7144 30.6517 20.1401 55.5105;
	4.6221 3.3437 2.0034 1.7892 2.784 28.7847 3.5981 7.408 18.3289 34.5052 18.3551 62.4891;
	1.9007 1.7762 1.6224 0.3487 0.353 3.8274 0.4784 1.7634 14.1075 102.4214 19.8406 185.4859;
	0.5162 0.5942 0.3406 0.3793 0.5238 28.5157 3.5645 6.2782 28.4398 32.3692 10.3392 58.6208;
	0.0 0.0 0.0 0.0 0.0 0.0 0.0 0.0 0.0 0.0 0.0 0.0;
	0.0 0.0 0.0 0.0 0.0 0.0 0.0 0.0 0.0 0.0 0.0 0.0;
	0.0 0.0 0.0 0.0 0.0 0.0 0.0 0.0 0.0 0.0 0.0 0.0;
	0.0 0.0 0.0 0.0 0.0 0.0 0.0 0.0 0.0 0.0 0.0 0.0;
	0.0 0.0 0.0 0.0 0.0 0.0 0.0 0.0 0.0 0.0 0.0 0.0;
	0.0 0.0 0.0 0.0 0.0 0.0 0.0 0.0 0.0 0.0 0.0 0.0;
	0.0 0.0 0.0 0.0 0.0 0.0 0.0 0.0 0.0 0.0 0.0 0.0;
];
