function solarprofile = ex_solar_profilesh1
%EX_WIND_PROFILE_D  Example wind_load_nyiso profile data for deterministic unit commitment.
% 2022.03.12
% Andres F. Ramirez


%% define constants
[GEN_BUS, PG, QG, QMAX, QMIN, VG, MBASE, GEN_STATUS, PMAX, PMIN, ...
    MU_PMAX, MU_PMIN, MU_QMAX, MU_QMIN, PC1, PC2, QC1MIN, QC1MAX, ...
    QC2MIN, QC2MAX, RAMP_AGC, RAMP_10, RAMP_30, RAMP_Q, APF] = idx_gen;
[CT_LABEL, CT_PROB, CT_TABLE, CT_TBUS, CT_TGEN, CT_TBRCH, CT_TAREABUS, ...
    CT_TAREAGEN, CT_TAREABRCH, CT_ROW, CT_COL, CT_CHGTYPE, CT_REP, ...
    CT_REL, CT_ADD, CT_NEWVAL, CT_TLOAD, CT_TAREALOAD, CT_LOAD_ALL_PQ, ...
    CT_LOAD_FIX_PQ, CT_LOAD_DIS_PQ, CT_LOAD_ALL_P, CT_LOAD_FIX_P, ...
    CT_LOAD_DIS_P, CT_TGENCOST, CT_TAREAGENCOST, CT_MODCOST_F, ...
    CT_MODCOST_X] = idx_ct;

solarprofile = struct( ...
    'type', 'mpcData', ...
    'table', CT_TGEN, ...
    'rows', [1:12], ...
    'col', PMAX, ...
    'chgtype', 1, ...
    'values', [] );
solarprofile.values(:,1,:) = [
	0.0 0.0 0.0 0.0 0.0 0.0 0.0 0.0 0.0 0.0 0.0 0.0;
	0.0 0.0 0.0 0.0 0.0 0.0 0.0 0.0 0.0 0.0 0.0 0.0;
	0.0 0.0 0.0 0.0 0.0 0.0 0.0 0.0 0.0 0.0 0.0 0.0;
	0.0 0.0 0.0 0.0 0.0 0.0 0.0 0.0 0.0 0.0 0.0 0.0;
	0.0 0.0 0.0 0.0 0.0 0.0 0.0 0.0 0.0 0.0 0.0 0.0;
	0.0 0.0 0.0 0.0 0.0 0.0 0.0 0.0 0.0 0.0 0.0 0.0;
	0.093 0.0971 0.1813 2.2053 0.5475 0.0 0.0 0.0 0.0 9.7254 4.9898 17.6127;
	0.5506 0.4113 0.5081 6.3584 1.7734 0.0 0.0 0.0 0.0 12.7669 7.2802 23.1209;
	0.9041 0.6911 0.7978 7.4648 3.0409 2.2974 0.2872 0.0 7.8444 32.1692 13.0784 58.2586;
	1.4915 0.9984 1.2245 8.8609 4.4304 88.5458 11.0682 12.5456 111.8373 89.202 41.3407 161.5454;
	0.6399 0.4104 0.703 8.8762 5.454 97.3511 12.1689 17.1122 136.8267 183.0735 78.4919 331.5472;
	0.3469 0.2421 0.2633 10.0239 5.3331 82.165 10.2706 14.0064 125.4159 217.0042 105.0089 392.996;
	2.0337 0.9696 0.472 10.8325 3.3258 126.4433 15.8054 22.4831 101.5002 190.5123 153.4841 345.0189;
	2.8156 1.2944 0.6549 10.2976 2.8066 143.0689 17.8836 21.2081 88.6583 122.7377 114.5355 222.2787;
	2.2284 1.1082 0.5669 10.062 2.945 201.5954 25.1994 22.3304 91.3925 70.9559 81.0667 128.5015;
	1.2086 0.6305 0.436 4.6622 3.4222 181.494 22.6867 14.9223 71.6709 34.1837 24.2987 61.9068;
	0.2415 0.2168 0.1471 1.1531 1.4196 30.2645 3.7831 6.1431 24.7248 18.3948 10.5796 33.3131;
	0.0 0.0 0.0 0.0 0.0 0.0 0.0 0.0 0.0 0.0 0.0 0.0;
	0.0 0.0 0.0 0.0 0.0 0.0 0.0 0.0 0.0 0.0 0.0 0.0;
	0.0 0.0 0.0 0.0 0.0 0.0 0.0 0.0 0.0 0.0 0.0 0.0;
	0.0 0.0 0.0 0.0 0.0 0.0 0.0 0.0 0.0 0.0 0.0 0.0;
	0.0 0.0 0.0 0.0 0.0 0.0 0.0 0.0 0.0 0.0 0.0 0.0;
	0.0 0.0 0.0 0.0 0.0 0.0 0.0 0.0 0.0 0.0 0.0 0.0;
	0.0 0.0 0.0 0.0 0.0 0.0 0.0 0.0 0.0 0.0 0.0 0.0;
];
