function windprofile = ex_wind_profilesh1
%EX_WIND_PROFILE_D  Example wind_load_nyiso profile data for deterministic unit commitment.
% 2022.03.12
% Andres F. Ramirez


%% define constants
[GEN_BUS, PG, QG, QMAX, QMIN, VG, MBASE, GEN_STATUS, PMAX, PMIN, ...
    MU_PMAX, MU_PMIN, MU_QMAX, MU_QMIN, PC1, PC2, QC1MIN, QC1MAX, ...
    QC2MIN, QC2MAX, RAMP_AGC, RAMP_10, RAMP_30, RAMP_Q, APF] = idx_gen;
[CT_LABEL, CT_PROB, CT_TABLE, CT_TBUS, CT_TGEN, CT_TBRCH, CT_TAREABUS, ...
    CT_TAREAGEN, CT_TAREABRCH, CT_ROW, CT_COL, CT_CHGTYPE, CT_REP, ...
    CT_REL, CT_ADD, CT_NEWVAL, CT_TLOAD, CT_TAREALOAD, CT_LOAD_ALL_PQ, ...
    CT_LOAD_FIX_PQ, CT_LOAD_DIS_PQ, CT_LOAD_ALL_P, CT_LOAD_FIX_P, ...
    CT_LOAD_DIS_P, CT_TGENCOST, CT_TAREAGENCOST, CT_MODCOST_F, ...
    CT_MODCOST_X] = idx_ct;

windprofile = struct( ...
    'type', 'mpcData', ...
    'table', CT_TGEN, ...
    'rows', [1:45], ...
    'col', PMAX, ...
    'chgtype', 1, ...
    'values', [] );
windprofile.values(:,1,:) = [
	3.8929 52.6013 85.6776 113.1577 15.0477 35.9111 31.0214 7.7944 27.8232 13.7336 25.3864 37.8715 57.0154 42.9866 188.8607 71.1522 88.2814 93.5519 90.6431 71.6688 10.3405 83.7926 34.1089 35.4867 45.9484 28.2719 4.6679 1289.581 812.8796 812.8796 676.2417 92.3289 302.1437 184.4757 134.7687 346.8286 1308.4874 218.4321 467.4949 123.076 117.9739 398.3741 217.6339 119.999 1322.1174;
	3.4822 47.0523 81.9587 46.9067 15.0616 30.8624 30.5628 7.7918 10.9312 14.8742 27.4948 41.0168 61.7506 43.5886 189.1133 71.2473 88.3995 93.6771 90.5716 71.5229 10.1876 72.0123 32.7124 34.275 40.2521 29.8168 5.1783 1287.1094 811.0471 811.0471 702.3625 82.9974 301.9053 184.1002 136.656 346.0468 1315.431 194.375 475.0001 107.8181 115.448 342.367 218.8222 103.4922 1329.1334;
	3.3716 45.5575 92.0964 49.3015 14.8905 26.4079 31.7294 7.0952 9.753 14.0521 25.975 38.7496 58.3373 46.8192 193.0142 72.717 90.2229 95.6093 89.562 65.0953 10.5765 61.6185 29.114 35.7252 38.0131 29.7953 5.7196 1338.003 852.5775 852.5775 766.3018 96.1647 298.5401 167.5554 146.7845 363.7664 1366.3674 198.985 472.7008 101.8208 36.5148 292.9521 219.119 133.5779 1380.6004;
	3.5865 48.462 87.7491 50.5566 14.2383 15.4311 30.745 7.3526 10.6292 12.9357 23.9114 35.6711 53.7027 28.6323 190.7506 71.8642 89.1648 94.4881 86.214 67.9683 10.2483 36.0058 27.9752 34.0897 33.9909 29.4005 4.9995 1317.1817 837.4768 837.4768 758.1088 97.8628 287.38 174.9507 89.7661 357.3234 1351.7709 218.2228 451.2246 91.047 35.8242 171.182 218.6589 113.8604 1365.8519;
	3.6646 49.5175 80.9341 39.8266 14.1177 20.4589 29.783 6.8427 3.4964 9.2726 17.1402 25.5698 38.4952 31.1563 171.4115 64.5783 80.1249 84.9085 85.8551 68.5639 9.9277 47.7375 0.4257 15.0572 30.7593 54.4938 3.6666 1249.0574 811.2374 811.2374 762.1204 101.0177 286.1837 176.4837 97.6793 346.128 1291.2817 221.4499 442.679 82.3909 34.5208 226.9577 209.3757 177.5702 1304.7326;
	3.6982 49.9707 93.4678 110.5621 14.4067 33.0546 30.045 7.382 4.3653 10.3956 19.216 28.6666 43.1573 27.392 185.0504 69.7167 86.5003 91.6645 88.6164 70.2244 10.015 77.1273 2.3002 23.068 53.0026 64.4835 4.7135 1235.169 801.3314 801.3314 731.2964 107.695 295.388 180.7577 85.8775 341.9014 1271.2309 210.8031 439.6157 141.9712 73.3526 366.6853 210.174 237.9125 1284.4729;
	3.8476 51.9895 91.7864 116.0702 14.6119 34.6964 29.6253 11.6202 10.1685 11.852 21.9083 32.6828 49.2038 37.2888 190.3461 71.7118 88.9757 94.2877 80.3661 72.3097 9.8751 80.9583 27.3749 42.8186 99.2279 73.5424 10.9767 1171.9241 804.4694 804.4694 742.142 114.7523 267.8871 186.1255 116.9055 343.2403 1274.6706 246.0544 443.9547 265.7891 108.1273 384.8987 206.0526 274.5874 1287.9484;
	3.7106 50.139 90.0408 114.6449 14.527 33.4703 29.8407 18.8809 8.6811 10.1087 18.6858 27.8755 41.9665 62.1318 187.0342 70.4641 87.4276 92.6472 76.6782 58.6421 9.9469 78.0973 25.8619 50.2004 103.8046 73.4115 13.8202 1097.345 789.7231 789.7231 706.2168 117.0882 255.5941 150.9448 194.7917 336.9485 1213.9451 229.365 461.8795 278.0479 118.1605 371.2969 204.6617 275.7563 1226.5904;
	3.838 51.8593 92.1051 114.4689 14.7009 34.3328 29.408 18.7673 8.1449 12.9219 23.886 35.6332 53.6455 63.4152 192.7581 72.6205 90.1032 95.4825 44.4275 66.7879 9.8027 80.11 30.4757 85.2228 103.5107 71.8384 13.8314 771.8626 810.1992 810.1992 750.3297 118.1357 148.0917 171.9121 198.8152 345.685 1180.1056 266.1825 456.0178 277.2609 118.1598 380.8657 213.6346 271.6529 1192.3984;
	3.7497 50.667 91.078 118.406 14.9799 34.2607 30.3324 18.1814 20.5368 11.9126 22.0202 32.8499 49.4553 63.8531 181.619 68.4239 84.8963 89.9647 54.0579 53.2809 10.1108 79.9417 25.1541 86.7722 100.1675 70.3354 13.1332 644.938 828.8844 828.8844 774.7314 116.6625 180.1929 137.1452 200.1881 353.6573 1117.0429 268.5125 461.4756 268.3057 116.0259 380.0656 214.9041 269.5904 1128.6788;
	3.7767 51.0312 87.7601 113.5297 14.6264 33.0868 30.0894 18.0909 27.2725 16.9406 31.3145 46.7151 70.3294 67.5603 200.6593 75.5972 93.7966 99.3964 42.9707 66.3089 10.0298 77.2025 27.9697 82.1522 99.3074 70.4193 13.1821 472.9247 814.3437 814.3437 779.4532 106.4703 143.2356 170.6793 211.8106 347.4533 971.0373 280.8581 443.7947 266.0021 121.0893 367.0428 211.9735 258.4533 981.1523;
	3.3993 45.9326 89.0997 115.1732 14.6563 31.9747 29.126 18.3173 27.2186 19.7202 36.4525 54.38 81.8688 64.1574 193.4931 72.8974 90.4468 95.8466 53.2661 61.535 9.7087 74.6076 33.5091 82.0647 97.756 73.2577 13.0719 328.1108 787.3601 787.3601 720.5309 109.284 177.5536 158.3913 201.1422 335.9403 780.4481 246.9405 435.858 261.8465 118.1195 354.7058 198.0019 264.1704 788.5778;
	2.138 28.8886 89.8809 113.0844 14.1186 19.6869 24.5368 18.6728 26.3885 25.4956 47.1282 70.3061 105.8454 63.5119 192.8289 72.6472 90.1363 95.5176 92.295 62.6098 8.1789 45.936 50.5084 84.7247 100.4324 72.1808 13.8269 312.712 717.118 717.118 647.7385 104.81 307.65 161.1577 199.1184 305.9704 692.6381 222.489 403.1955 269.0154 119.4153 218.3929 179.2732 269.948 699.8531;
	2.4408 32.9805 94.6687 118.5101 14.4109 12.7689 24.7098 18.967 27.2501 29.9076 55.2838 82.4726 124.162 64.4111 189.1663 71.2673 88.4243 93.7033 92.0569 67.3592 8.2366 29.7941 71.1095 87.1291 104.4101 74.6174 14.0227 327.6611 655.0667 655.0667 595.2972 99.7186 306.8565 173.3828 201.9374 279.4951 494.5387 184.8742 439.2606 279.6698 123.5745 141.6498 151.1137 271.7202 499.6901;
	2.2935 30.9898 94.7442 118.5158 12.8869 1.7435 21.6769 18.8554 27.8723 29.088 53.7688 80.2124 120.7594 63.3921 202.0335 76.1149 94.4389 100.077 92.2965 71.038 7.2256 4.0682 72.6429 87.6119 105.5661 72.9776 13.9492 493.5936 535.6149 535.6149 450.8987 95.2717 307.655 182.8519 198.7427 228.529 444.9824 177.5089 447.0469 282.7662 122.6681 19.3415 124.2771 246.3603 449.6176;
	3.5604 48.1085 94.8351 93.7557 14.4197 26.5508 17.4487 18.9795 25.8021 30.1814 55.7899 83.2276 125.2987 58.7575 195.5485 73.6718 91.4075 96.8647 92.585 69.4487 5.8162 61.9519 73.388 88.9245 105.7885 73.5389 13.997 587.4022 581.3046 581.3046 463.4983 55.7958 308.6168 178.7611 184.2129 248.0233 543.8243 162.0282 466.9812 283.362 123.9388 294.5369 86.973 268.9927 549.4892;
	3.4378 46.4521 95.2477 71.845 14.6863 32.161 15.2207 18.9961 28.4142 29.595 54.7059 81.6105 122.8642 59.3324 191.5467 72.1641 89.537 94.8825 92.3171 67.8836 5.0736 75.0424 74.4937 89.4087 106.2931 75.2205 13.9858 651.5058 619.9288 619.9288 456.2449 34.7438 307.7236 174.7327 186.0152 264.503 649.6719 119.287 199.6871 284.7137 122.4338 356.7728 118.9885 269.8613 656.4393;
	3.6733 49.6341 94.2407 69.6575 14.0583 31.659 28.7143 18.9145 28.0939 15.076 27.8677 41.5732 62.5882 59.2158 178.5601 67.2715 83.4665 88.4495 80.3266 69.2661 9.5714 73.8711 55.9518 88.2562 106.151 72.5053 13.8246 684.9963 588.4676 588.4676 387.8041 29.4513 267.7554 178.2911 185.6495 251.0795 766.4584 73.7246 424.564 284.333 121.0406 351.2041 119.0129 259.3893 774.4424;
