function solarprofile = ex_solar_profilesh1
%EX_WIND_PROFILE_D  Example wind_load_nyiso profile data for deterministic unit commitment.
% 2022.03.12
% Andres F. Ramirez


%% define constants
[GEN_BUS, PG, QG, QMAX, QMIN, VG, MBASE, GEN_STATUS, PMAX, PMIN, ...
    MU_PMAX, MU_PMIN, MU_QMAX, MU_QMIN, PC1, PC2, QC1MIN, QC1MAX, ...
    QC2MIN, QC2MAX, RAMP_AGC, RAMP_10, RAMP_30, RAMP_Q, APF] = idx_gen;
[CT_LABEL, CT_PROB, CT_TABLE, CT_TBUS, CT_TGEN, CT_TBRCH, CT_TAREABUS, ...
    CT_TAREAGEN, CT_TAREABRCH, CT_ROW, CT_COL, CT_CHGTYPE, CT_REP, ...
    CT_REL, CT_ADD, CT_NEWVAL, CT_TLOAD, CT_TAREALOAD, CT_LOAD_ALL_PQ, ...
    CT_LOAD_FIX_PQ, CT_LOAD_DIS_PQ, CT_LOAD_ALL_P, CT_LOAD_FIX_P, ...
    CT_LOAD_DIS_P, CT_TGENCOST, CT_TAREAGENCOST, CT_MODCOST_F, ...
    CT_MODCOST_X] = idx_ct;

solarprofile = struct( ...
    'type', 'mpcData', ...
    'table', CT_TGEN, ...
    'rows', [1:12], ...
    'col', PMAX, ...
    'chgtype', 1, ...
    'values', [] );
solarprofile.values(:,1,:) = [
	0.0 0.0 0.0 0.0 0.0 0.0 0.0 0.0 0.0 0.0 0.0 0.0;
	0.0 0.0 0.0 0.0 0.0 0.0 0.0 0.0 0.0 0.0 0.0 0.0;
	0.0 0.0 0.0 0.0 0.0 0.0 0.0 0.0 0.0 0.0 0.0 0.0;
	0.0 0.0 0.0 0.0 0.0 0.0 0.0 0.0 0.0 0.0 0.0 0.0;
	0.0 0.0 0.0 0.0 0.0 0.0 0.0 0.0 0.0 0.0 0.0 0.0;
	0.0 0.0 0.0 0.0 0.0 0.0 0.0 0.0 0.0 0.0 0.0 0.0;
	0.0894 0.0 0.0 0.4867 0.5114 106.2033 13.2754 10.6427 153.0627 1.9636 3.7805 3.5561;
	0.7422 0.3025 0.4479 0.6425 1.1969 138.9829 17.3729 12.0361 158.5156 1.1909 0.0 2.1566;
	1.3469 0.7135 0.8852 1.0712 1.78 122.9678 15.371 8.2923 144.8989 17.0208 0.0 30.8248;
	4.2574 2.3376 2.5916 3.5262 1.6453 69.4111 8.6764 9.1858 168.323 27.9745 21.1975 50.6619;
	8.0341 3.5128 3.4095 3.6672 0.5534 49.2237 6.153 11.78 124.8313 30.7812 25.3229 55.7449;
	9.7336 3.9654 3.4375 3.0295 0.2593 34.9437 4.368 12.11 65.0862 31.7063 22.6109 57.4203;
	7.2852 3.457 3.4203 4.3102 1.9527 67.5244 8.4406 22.3199 5.2806 40.3156 39.7216 73.0117;
	4.1535 2.5923 2.6703 5.9236 3.4691 50.2999 6.2875 19.3037 0.5141 40.0468 44.6542 72.525;
	2.6716 1.9047 1.9372 7.9903 5.1087 37.7254 4.7157 18.2136 0.0 26.579 43.4788 48.1348;
	1.9634 1.4186 1.7892 8.03 3.9722 22.0743 2.7593 19.9531 4.6644 12.7001 24.4131 23.0;
	0.4942 0.2998 0.3346 0.5156 0.824 29.7839 3.723 8.0579 22.1103 18.9283 9.096 34.2792;
	0.0 0.0 0.0 0.0 0.0 0.0 0.0 0.0 0.0 0.0 0.0 0.0;
	0.0 0.0 0.0 0.0 0.0 0.0 0.0 0.0 0.0 0.0 0.0 0.0;
	0.0 0.0 0.0 0.0 0.0 0.0 0.0 0.0 0.0 0.0 0.0 0.0;
	0.0 0.0 0.0 0.0 0.0 0.0 0.0 0.0 0.0 0.0 0.0 0.0;
	0.0 0.0 0.0 0.0 0.0 0.0 0.0 0.0 0.0 0.0 0.0 0.0;
	0.0 0.0 0.0 0.0 0.0 0.0 0.0 0.0 0.0 0.0 0.0 0.0;
	0.0 0.0 0.0 0.0 0.0 0.0 0.0 0.0 0.0 0.0 0.0 0.0;
];
