function windprofile = ex_wind_profilesh1
%EX_WIND_PROFILE_D  Example wind_load_nyiso profile data for deterministic unit commitment.
% 2022.03.12
% Andres F. Ramirez


%% define constants
[GEN_BUS, PG, QG, QMAX, QMIN, VG, MBASE, GEN_STATUS, PMAX, PMIN, ...
    MU_PMAX, MU_PMIN, MU_QMAX, MU_QMIN, PC1, PC2, QC1MIN, QC1MAX, ...
    QC2MIN, QC2MAX, RAMP_AGC, RAMP_10, RAMP_30, RAMP_Q, APF] = idx_gen;
[CT_LABEL, CT_PROB, CT_TABLE, CT_TBUS, CT_TGEN, CT_TBRCH, CT_TAREABUS, ...
    CT_TAREAGEN, CT_TAREABRCH, CT_ROW, CT_COL, CT_CHGTYPE, CT_REP, ...
    CT_REL, CT_ADD, CT_NEWVAL, CT_TLOAD, CT_TAREALOAD, CT_LOAD_ALL_PQ, ...
    CT_LOAD_FIX_PQ, CT_LOAD_DIS_PQ, CT_LOAD_ALL_P, CT_LOAD_FIX_P, ...
    CT_LOAD_DIS_P, CT_TGENCOST, CT_TAREAGENCOST, CT_MODCOST_F, ...
    CT_MODCOST_X] = idx_ct;

windprofile = struct( ...
    'type', 'mpcData', ...
    'table', CT_TGEN, ...
    'rows', [1:45], ...
    'col', PMAX, ...
    'chgtype', 1, ...
    'values', [] );
windprofile.values(:,1,:) = [
	3.9316 53.1248 86.0146 111.8877 15.3161 35.5727 31.0358 7.3724 28.2071 11.8588 21.9207 32.7014 49.2318 42.9331 180.9063 68.1554 84.5632 89.6117 84.5423 68.7862 10.3453 83.003 27.4664 37.6453 46.4731 28.602 4.9743 1270.7136 810.7556 810.7556 677.6584 91.7394 281.8077 177.056 134.6011 345.9224 1255.1429 205.1711 452.617 124.4816 113.1542 394.6198 210.8638 123.7788 1268.2173;
	3.4337 46.3966 79.6671 43.2456 15.3066 28.7171 30.975 7.6983 12.1805 12.7373 23.5447 35.1241 52.8791 38.7577 181.3647 68.3281 84.7774 89.8388 87.655 70.1326 10.325 67.0065 25.9641 34.669 39.1349 30.3015 5.4233 1289.1151 834.5222 834.5222 719.8312 82.9908 292.1833 180.5216 121.5107 356.0628 1306.1384 200.6576 459.1079 104.8255 114.8333 318.5682 212.0094 108.6658 1319.744;
	3.3542 45.3227 86.6828 39.3984 15.4119 24.0779 31.7591 6.3645 11.3938 12.8409 23.7363 35.4099 53.3094 39.7786 193.3758 72.8532 90.3919 95.7885 91.3645 67.4974 10.5864 56.1818 22.0101 28.8302 6.5598 28.0061 5.4033 1271.3783 837.3217 837.3217 752.5466 98.3397 304.5482 173.7384 124.7114 357.2573 1303.0164 208.0576 468.75 17.571 31.4454 267.1046 213.7968 134.8125 1316.5895;
	3.6049 48.7106 86.1833 44.8276 15.3268 14.2859 31.533 7.1496 12.6091 13.1314 24.2732 36.2108 54.5152 27.1152 192.2435 72.4266 89.8627 95.2276 89.5647 68.9094 10.511 33.3338 27.7185 32.6409 33.4597 29.3052 5.1418 1246.3392 830.4196 830.4196 737.8877 104.0324 298.549 177.3731 85.0098 354.3124 1261.3303 221.8337 453.0482 89.6243 39.3957 158.4782 208.5586 123.3128 1274.4691;
	3.7353 50.4726 83.0713 39.3083 15.3057 20.7808 30.9421 7.0018 12.4452 12.2593 22.661 33.8058 50.8945 31.0392 178.1071 67.1008 83.2547 88.2252 91.0744 70.615 10.314 48.4886 20.6313 26.2411 33.9476 61.4344 4.8823 1159.6659 799.7586 799.7586 751.7508 103.3969 303.5812 181.7633 97.3121 341.2304 1224.8061 221.1445 446.0727 90.9311 39.4451 230.5285 199.2512 198.783 1237.5645;
	3.8421 51.9149 94.9613 112.5691 15.4026 33.3028 31.6309 7.3748 12.5901 13.0768 24.1722 36.0602 54.2885 23.3703 188.0196 70.8353 87.8882 93.1353 90.4479 69.7771 10.5436 77.7065 14.4371 32.9544 54.1429 69.0357 5.1605 1118.6217 790.0443 790.0443 684.6572 108.2123 301.4932 179.6064 73.2689 337.0856 1208.5487 213.3436 445.4096 145.0256 75.9176 369.4388 203.0054 247.6674 1221.1378;
	3.8905 52.5694 93.4494 116.8302 15.4066 34.5934 31.4703 10.4504 12.6211 12.9804 23.9941 35.7945 53.8885 32.8455 190.3183 71.7013 88.9627 94.2739 84.275 69.8992 10.4901 80.7179 26.8834 51.4074 98.7277 74.7864 11.0162 1112.6958 788.5549 788.5549 766.2108 112.528 280.9166 179.9208 102.9752 336.4501 1258.0744 262.7038 439.5243 264.4492 113.3812 383.7558 200.7706 277.7464 1271.1793;
	3.8946 52.6242 94.2277 119.3639 15.4046 35.1754 31.5431 18.1329 13.4201 12.4155 22.9498 34.2366 51.5431 62.245 188.4156 70.9845 88.0733 93.3314 83.757 57.4646 10.5144 82.0758 28.3822 58.1925 104.4303 74.744 13.4639 1105.2947 812.6483 812.6483 753.5532 111.0006 279.1899 147.9141 195.1465 346.7299 1282.4854 295.5918 458.8895 279.7239 121.0265 390.212 207.0926 282.8342 1295.8447;
	3.8918 52.5872 94.7323 118.6382 15.3831 34.7425 30.1509 17.8622 11.3464 12.0342 22.245 33.1851 49.96 64.8711 194.8226 73.3983 91.0682 96.5051 52.9266 64.0102 10.0503 81.0658 28.6923 88.0661 104.8194 72.4902 13.2456 806.5105 828.4337 828.4337 733.6077 108.221 176.4221 164.7623 203.3798 353.4651 1250.6349 295.1455 440.5982 280.7662 119.5521 385.4099 204.5993 277.4617 1263.6623;
	3.9117 52.8561 95.2513 120.6208 15.3956 34.6677 31.3441 17.9713 22.1172 11.5824 21.4098 31.9393 48.0844 64.0907 189.8079 71.509 88.7242 94.0211 56.4519 59.1308 10.448 80.8914 25.255 89.6977 104.2364 73.246 12.9828 598.9452 820.5566 820.5566 724.3258 105.2323 188.1728 152.203 200.933 350.1041 1113.5921 261.313 464.2478 279.2047 118.652 384.5807 210.442 279.634 1125.192;
	3.713 50.1712 92.8529 116.0112 15.0079 33.6679 31.067 17.3825 28.1699 16.8929 31.2262 46.5833 70.131 68.4919 195.949 73.8227 91.5948 97.0631 38.0237 64.349 10.3557 78.5584 27.5761 87.1045 98.4051 70.8696 12.8247 424.0465 769.3039 769.3039 698.0679 96.1703 126.7456 165.6345 214.7314 328.2363 915.6515 243.9923 449.691 263.585 115.952 373.4889 196.7966 261.551 925.1895;
	3.3692 45.5256 93.1486 117.9361 15.2877 31.6569 29.8409 17.6048 28.236 18.8504 34.8446 51.9813 78.2576 68.8706 190.0771 71.6104 88.85 94.1545 53.8245 61.5324 9.947 73.8662 33.7089 87.7138 100.1673 73.0417 12.3093 331.2012 749.2341 749.2341 697.6162 100.9331 179.415 158.3846 215.9187 319.6732 779.787 234.045 457.6918 268.3053 115.3565 351.181 187.3506 268.8818 787.9098;
	2.2732 30.7161 94.2173 116.5749 15.2393 22.0211 26.185 18.3975 28.3488 28.101 51.9444 77.4908 116.6619 69.3873 199.7634 75.2597 93.3778 98.9526 92.3441 67.6991 8.7283 51.3825 62.242 86.2033 101.212 75.1005 13.6782 347.9093 696.0517 696.0517 651.8101 104.4287 307.8137 174.2577 217.5384 296.9821 720.3142 218.3201 453.4178 271.1035 115.9537 244.287 174.8604 272.7103 727.8175;
	2.4502 33.1074 94.5338 119.1759 15.2947 13.3435 25.2383 18.7513 28.1909 31.041 57.3789 85.598 128.8674 68.3472 202.9718 76.4684 94.8775 100.5418 91.767 71.6151 8.4128 31.1348 73.9883 87.172 102.2698 75.1124 14.014 321.531 607.5447 607.5447 586.3093 100.5236 305.8899 184.3374 214.2778 259.2191 511.6203 201.8539 459.1833 273.9369 118.1806 148.0237 144.6349 268.1384 516.9497;
	2.3955 32.3685 94.3472 117.714 13.8356 9.6386 21.4971 18.4467 27.7569 30.8298 56.9884 85.0154 127.9903 68.2077 204.0217 76.864 95.3683 101.0619 92.3039 73.7417 7.1657 22.4901 73.2138 85.8219 100.1467 72.6724 13.8281 486.4034 507.805 507.805 461.115 95.7732 307.6797 189.8113 213.8404 216.6635 462.1882 189.3105 458.0328 268.2501 115.5714 106.9242 127.9681 254.1444 467.0027;
	3.5911 48.5243 94.9437 93.7064 15.4027 29.2823 15.6376 18.7406 23.4288 30.9636 57.2358 85.3846 128.546 63.8432 199.316 75.0912 93.1687 98.731 90.755 73.6403 5.2125 68.3254 73.8187 89.6517 104.9774 75.8926 13.8426 500.9013 532.2713 532.2713 420.3892 50.1655 302.5166 189.5502 200.1571 227.1024 498.7071 166.1202 449.9867 281.1894 118.8019 324.8384 94.3291 270.5681 503.902;
	3.2845 44.3809 93.5196 66.3988 15.3355 33.9999 14.315 18.506 27.8027 30.3989 56.1918 83.8272 126.2013 67.1064 193.6397 72.9526 90.5153 95.9192 91.3907 70.8942 4.7717 79.3331 74.0293 87.8581 104.9285 74.6183 13.643 556.6864 563.9438 563.9438 432.6126 31.0079 304.6358 182.4818 210.3877 240.616 588.0775 122.7324 194.0796 281.0585 117.0356 377.1722 118.4725 261.6153 594.2033;
	3.5912 48.5245 90.9502 63.4113 15.1899 32.1951 28.3063 18.6379 27.4346 15.116 27.9417 41.6836 62.7544 67.2641 188.5581 71.0382 88.1399 93.402 79.7582 72.8367 9.4354 75.1218 54.228 89.0441 104.3905 74.711 13.585 634.7423 605.8252 605.8252 399.9533 29.222 265.8606 187.4818 210.882 258.4854 752.6005 81.4889 431.4512 279.6174 119.3046 357.1507 121.4474 258.8452 760.4401;
