function loadprofile = ex_load_profilesh1
%EX_LOAD_PROFILE  Example load profile data file for stochastic unit commitment.
% 2022.03.12
% Andres F. Ramirez

%% define constants
[CT_LABEL, CT_PROB, CT_TABLE, CT_TBUS, CT_TGEN, CT_TBRCH, CT_TAREABUS, ...
    CT_TAREAGEN, CT_TAREABRCH, CT_ROW, CT_COL, CT_CHGTYPE, CT_REP, ...
    CT_REL, CT_ADD, CT_NEWVAL, CT_TLOAD, CT_TAREALOAD, CT_LOAD_ALL_PQ, ...
    CT_LOAD_FIX_PQ, CT_LOAD_DIS_PQ, CT_LOAD_ALL_P, CT_LOAD_FIX_P, ...
    CT_LOAD_DIS_P, CT_TGENCOST, CT_TAREAGENCOST, CT_MODCOST_F, ...
    CT_MODCOST_X] = idx_ct;

loadprofile = struct( ...
    'type', 'mpcData', ...
    'table', CT_TAREALOAD, ...
    'rows', [1:11], ...
    'col', CT_LOAD_ALL_P, ...
    'chgtype', 1, ...
    'values', [] );
loadprofile.values(:,1,:) = [
	1431.137 895.2185 1629.9186 582.3185 858.1487 1235.9689 912.1018 262.8008 531.7128 4718.7502 1851.083;
	1406.9033 888.3602 1603.9682 580.1374 846.6354 1209.403 872.9 251.7 509.3312 4521.4314 1782.8;
	1428.6 882.7743 1605.1794 572.33 854.4203 1224.3282 884.7813 255.0163 504.7348 4500.1 1799.6508;
	1471.4255 899.2 1640.8915 592.849 867.3892 1220.2777 909.1554 254.5129 527.7 4609.2129 1834.2837;
	1500.8751 938.8169 1732.7191 603.7753 932.5966 1297.9579 977.321 277.6 560.6447 4783.2524 1948.5992;
	1557.1313 993.184 1751.5044 618.1107 945.9194 1350.7666 989.7 290.84 558.4293 4834.1205 1967.6556;
	1591.8069 1024.9 1849.5245 626.5749 1031.3157 1384.9 1050.6665 316.3 597.8256 5025.3028 2059.6768;
	1607.3868 1029.5 1850.2224 631.4343 1017.2743 1406.2367 1108.8 326.4581 619.7529 5174.8892 2117.6234;
	1660.2 1053.3 1879.5969 604.3405 1054.9255 1479.4076 1174.6591 357.1044 636.4035 5377.5669 2163.9;
	1666.5435 1050.6709 1897.7194 587.9897 1078.4888 1531.7 1207.5 361.1658 640.3 5398.905 2088.6613;
	1668.6711 1062.2456 1885.7977 582.2 1062.5102 1521.3797 1212.4432 365.6274 638.9156 5365.9182 2088.2789;
	1682.8202 1073.5739 1924.6856 587.7333 1064.8773 1528.6693 1223.9236 382.0644 654.7215 5511.9545 2124.4067;
	1691.2957 1071.7622 1828.2577 582.2121 1007.3525 1457.4759 1141.2638 385.0633 637.0 5520.5285 2116.5856;
	1665.2825 1061.5 1799.3141 557.0538 1003.5712 1434.2766 1122.0897 407.9134 627.9252 5436.9101 2072.3359;
	1675.4 1104.3095 1872.0402 554.9454 1021.5544 1421.2855 1135.4818 420.044 623.2924 5461.7178 2175.6027;
	1724.1029 1129.8834 1911.8985 556.3255 1043.5215 1479.9491 1255.3 423.8947 654.1191 5555.1403 2365.8927;
	1692.3516 1139.4561 1907.1452 580.0 1043.8 1496.2783 1216.4751 413.6513 647.5537 5563.8389 2395.7696;
	1747.555 1186.9083 2001.476 589.4084 1107.6215 1496.6 1229.4992 399.7 689.4863 5653.2516 2440.0749;
	1762.5 1184.6 2007.2856 593.7925 1103.8502 1498.7547 1226.0356 407.2756 688.3 5647.9525 2436.3691;
	1708.7323 1115.7672 1951.4565 583.3981 1051.1916 1437.0568 1174.3429 405.1225 678.2393 5619.455 2448.975;
	1681.3736 1058.5159 1834.3886 552.8 974.4119 1330.161 1079.2621 337.3261 634.4307 5384.1856 2194.4;
	1599.6 981.383 1714.5921 522.035 891.7 1234.8268 983.5332 315.7387 575.2596 5069.6062 2015.9119;
	1468.7846 909.735 1620.8598 555.3 814.3 1104.7 900.1023 281.0591 496.2813 4748.1619 1892.7767;
	1433.0809 865.4737 1591.9958 545.5 808.2104 1095.7164 832.4816 268.1328 464.1 4513.7754 1721.5455;
];
