function loadprofile = ex_load_profilesh1
%EX_LOAD_PROFILE  Example load profile data file for stochastic unit commitment.
% 2022.03.12
% Andres F. Ramirez

%% define constants
[CT_LABEL, CT_PROB, CT_TABLE, CT_TBUS, CT_TGEN, CT_TBRCH, CT_TAREABUS, ...
    CT_TAREAGEN, CT_TAREABRCH, CT_ROW, CT_COL, CT_CHGTYPE, CT_REP, ...
    CT_REL, CT_ADD, CT_NEWVAL, CT_TLOAD, CT_TAREALOAD, CT_LOAD_ALL_PQ, ...
    CT_LOAD_FIX_PQ, CT_LOAD_DIS_PQ, CT_LOAD_ALL_P, CT_LOAD_FIX_P, ...
    CT_LOAD_DIS_P, CT_TGENCOST, CT_TAREAGENCOST, CT_MODCOST_F, ...
    CT_MODCOST_X] = idx_ct;

loadprofile = struct( ...
    'type', 'mpcData', ...
    'table', CT_TAREALOAD, ...
    'rows', [1:11], ...
    'col', CT_LOAD_ALL_P, ...
    'chgtype', 1, ...
    'values', [] );
loadprofile.values(:,1,:) = [
	1529.504 958.7562 1582.0982 583.0285 820.8 1238.1 943.0291 271.9 550.8698 4639.2054 1855.5402;
	1489.0903 945.5 1571.7297 566.5715 807.0 1222.2358 931.307 270.4617 517.8708 4304.8564 1752.1;
	1506.0 935.7061 1565.6289 560.6571 782.3982 1224.7181 922.3019 265.6 508.5 4330.9642 1744.6376;
	1510.9199 956.3004 1605.6372 569.0 816.3175 1245.1576 964.1149 271.19 535.504 4496.9929 1801.4175;
	1539.1179 997.6114 1685.7538 587.5459 860.0 1293.1645 997.4114 295.7216 559.8958 4635.0045 1873.8127;
	1591.5926 1042.472 1763.068 604.2408 907.2147 1343.0308 1059.4365 312.0 605.9371 4850.2541 1983.6902;
	1559.6529 1046.8897 1820.0859 613.767 970.7298 1409.3 1137.5731 316.1199 628.3632 5068.9768 2061.0701;
	1589.4492 1059.7453 1855.2887 618.6 994.7834 1467.0071 1202.3924 338.2 656.0033 5285.3972 2204.8881;
	1625.3893 1052.0648 1844.2691 606.7 1000.4211 1432.8467 1163.2688 339.3168 662.0705 5433.4374 2211.4;
	1633.7353 1043.1464 1842.7952 597.2 967.3234 1416.345 1224.4323 332.4792 678.7812 5615.5752 2362.3825;
	1663.1495 1093.5078 1870.6101 590.9474 986.0569 1405.2233 1272.6827 336.0522 669.6995 5624.3784 2343.1742;
	1665.6033 1075.2638 1864.5899 576.5841 991.4996 1377.4079 1263.7993 335.817 671.0752 5649.8343 2310.3965;
	1624.7114 1072.9 1839.2767 559.4879 981.2873 1326.3958 1224.2 348.8 655.9521 5651.2567 2276.5348;
	1643.8785 1071.5823 1833.5302 558.5863 968.159 1340.9168 1222.0935 347.7727 650.4377 5815.3965 2299.2669;
	1708.4643 1111.466 1888.6744 559.8 996.7539 1353.2549 1188.121 345.8825 647.8 5695.2885 2247.0859;
	1703.5702 1127.7775 1883.0454 572.0243 1026.8 1393.1968 1146.6551 338.1292 655.2625 5490.9298 2242.7975;
	1673.7 1136.0 1913.4518 584.1409 1012.8459 1367.5681 1126.5993 330.9376 654.1893 5548.2818 2271.66;
	1729.3132 1190.4008 2004.4543 585.3122 1038.7881 1467.273 1209.0378 354.3493 681.4005 5670.6535 2402.5653;
	1763.008 1201.4 1956.8027 604.0436 1035.6977 1427.6947 1240.1217 367.272 704.7353 5712.583 2437.0105;
	1754.2188 1153.4958 1911.0685 575.0214 997.5 1332.8753 1161.3304 369.0 666.0063 5606.0959 2322.4905;
	1700.9655 1120.8863 1833.4135 561.7833 959.3324 1319.1567 1100.8439 346.9337 637.6 5690.5755 2212.479;
	1629.0155 1038.0753 1723.0091 555.3706 876.7492 1223.8489 1025.3344 318.4977 593.6 5471.4582 2030.1897;
	1529.6543 985.4 1711.5874 543.9243 820.1 1138.5492 958.6144 288.7 536.9696 4761.0608 1822.1556;
	1479.0565 949.7254 1672.0 540.6946 794.3376 1119.9378 958.6964 286.5842 519.2631 4698.9446 1819.432;
];
