function solarprofile = ex_solar_profilesh1
%EX_WIND_PROFILE_D  Example wind_load_nyiso profile data for deterministic unit commitment.
% 2022.03.12
% Andres F. Ramirez


%% define constants
[GEN_BUS, PG, QG, QMAX, QMIN, VG, MBASE, GEN_STATUS, PMAX, PMIN, ...
    MU_PMAX, MU_PMIN, MU_QMAX, MU_QMIN, PC1, PC2, QC1MIN, QC1MAX, ...
    QC2MIN, QC2MAX, RAMP_AGC, RAMP_10, RAMP_30, RAMP_Q, APF] = idx_gen;
[CT_LABEL, CT_PROB, CT_TABLE, CT_TBUS, CT_TGEN, CT_TBRCH, CT_TAREABUS, ...
    CT_TAREAGEN, CT_TAREABRCH, CT_ROW, CT_COL, CT_CHGTYPE, CT_REP, ...
    CT_REL, CT_ADD, CT_NEWVAL, CT_TLOAD, CT_TAREALOAD, CT_LOAD_ALL_PQ, ...
    CT_LOAD_FIX_PQ, CT_LOAD_DIS_PQ, CT_LOAD_ALL_P, CT_LOAD_FIX_P, ...
    CT_LOAD_DIS_P, CT_TGENCOST, CT_TAREAGENCOST, CT_MODCOST_F, ...
    CT_MODCOST_X] = idx_ct;

solarprofile = struct( ...
    'type', 'mpcData', ...
    'table', CT_TGEN, ...
    'rows', [1:12], ...
    'col', PMAX, ...
    'chgtype', 1, ...
    'values', [] );
solarprofile.values(:,1,:) = [
	0.0 0.0 0.0 0.0 0.0 0.0 0.0 0.0 0.0 0.0 0.0 0.0;
	0.0 0.0 0.0 0.0 0.0 0.0 0.0 0.0 0.0 0.0 0.0 0.0;
	0.0 0.0 0.0 0.0 0.0 0.0 0.0 0.0 0.0 0.0 0.0 0.0;
	0.0 0.0 0.0 0.0 0.0 0.0 0.0 0.0 0.0 0.0 0.0 0.0;
	0.0 0.0 0.0 0.0 0.0 0.0 0.0 0.0 0.0 0.0 0.0 0.0;
	0.0 0.0 0.0 0.0 0.0 0.0 0.0 0.0 0.0 0.0 0.0 0.0;
	0.5375 0.8579 0.5026 1.3737 0.9626 1.909 0.2386 2.9389 13.4356 0.0 0.0 0.0;
	0.8531 1.3513 1.1481 2.999 4.1713 12.6497 1.5812 6.911 12.6856 7.9053 8.6557 14.3165;
	1.1173 1.4626 1.2619 3.9227 5.5465 18.1989 2.2749 4.1522 13.3452 36.3607 21.2423 65.8494;
	1.8789 2.2274 1.5866 5.0705 4.3386 20.6289 2.5786 0.3151 48.2098 49.0749 12.1771 88.8749;
	1.4734 1.9573 0.9792 5.0353 3.3025 26.6419 3.3302 0.0366 67.6667 52.6314 5.3239 95.3158;
	1.3148 1.8839 1.0101 4.1417 3.2255 43.2015 5.4002 1.1526 83.0209 57.7059 8.4999 104.5057;
	2.1388 3.8131 2.455 2.2908 5.2049 106.9542 13.3693 10.5052 89.1267 89.3071 49.6928 161.7356;
	1.8724 3.3235 2.1528 1.6542 5.7659 58.3408 7.2926 10.0556 69.1401 79.0226 48.1522 143.1104;
	1.1736 2.1598 1.4622 1.4592 5.0764 28.0456 3.5057 7.0469 50.3089 53.4087 34.6069 96.7236;
	0.2969 0.9938 0.4775 0.845 0.987 0.0 0.0 1.5139 22.2963 16.692 9.5291 30.2293;
	0.2415 0.223 0.1516 0.4166 0.6313 29.5074 3.6884 6.5852 24.0034 21.6295 10.7673 39.1711;
	0.0 0.0 0.0 0.0 0.0 0.0 0.0 0.0 0.0 0.0 0.0 0.0;
	0.0 0.0 0.0 0.0 0.0 0.0 0.0 0.0 0.0 0.0 0.0 0.0;
	0.0 0.0 0.0 0.0 0.0 0.0 0.0 0.0 0.0 0.0 0.0 0.0;
	0.0 0.0 0.0 0.0 0.0 0.0 0.0 0.0 0.0 0.0 0.0 0.0;
	0.0 0.0 0.0 0.0 0.0 0.0 0.0 0.0 0.0 0.0 0.0 0.0;
	0.0 0.0 0.0 0.0 0.0 0.0 0.0 0.0 0.0 0.0 0.0 0.0;
	0.0 0.0 0.0 0.0 0.0 0.0 0.0 0.0 0.0 0.0 0.0 0.0;
];
