function loadprofile = ex_load_profilesh1
%EX_LOAD_PROFILE  Example load profile data file for stochastic unit commitment.
% 2022.03.12
% Andres F. Ramirez

%% define constants
[CT_LABEL, CT_PROB, CT_TABLE, CT_TBUS, CT_TGEN, CT_TBRCH, CT_TAREABUS, ...
    CT_TAREAGEN, CT_TAREABRCH, CT_ROW, CT_COL, CT_CHGTYPE, CT_REP, ...
    CT_REL, CT_ADD, CT_NEWVAL, CT_TLOAD, CT_TAREALOAD, CT_LOAD_ALL_PQ, ...
    CT_LOAD_FIX_PQ, CT_LOAD_DIS_PQ, CT_LOAD_ALL_P, CT_LOAD_FIX_P, ...
    CT_LOAD_DIS_P, CT_TGENCOST, CT_TAREAGENCOST, CT_MODCOST_F, ...
    CT_MODCOST_X] = idx_ct;

loadprofile = struct( ...
    'type', 'mpcData', ...
    'table', CT_TAREALOAD, ...
    'rows', [1:11], ...
    'col', CT_LOAD_ALL_P, ...
    'chgtype', 1, ...
    'values', [] );
loadprofile.values(:,1,:) = [
	1447.0176 899.1 1556.9509 589.5 801.2669 1228.2757 899.6778 268.4295 554.3205 4820.2391 1811.8204;
	1406.8882 885.7472 1552.6204 595.2248 789.5338 1212.1844 867.0115 254.2384 540.0796 4578.3755 1740.6314;
	1392.4186 879.1888 1532.7757 590.7766 785.1895 1214.3407 841.6782 261.4 520.9799 4538.18 1698.4412;
	1383.0543 891.6504 1573.8 599.622 803.4 1251.5032 874.9 266.6392 535.608 4624.0341 1737.0186;
	1390.2436 935.6256 1639.3308 617.311 823.7076 1278.0 891.0822 300.0 552.4579 4719.8212 1776.953;
	1446.3468 982.3361 1707.9987 635.927 857.0161 1330.1619 944.4974 298.0 591.6 4943.5319 1879.7606;
	1493.0724 1020.7 1747.6 644.2976 922.0251 1409.4801 1019.9594 324.3238 645.5512 5191.7183 2012.1905;
	1532.8694 1056.4169 1801.0907 633.7 972.6669 1509.9001 1061.1768 341.1894 663.3126 5356.9092 2126.1;
	1507.5045 1041.7335 1807.6 613.8 958.7281 1479.1478 1018.2129 340.5379 640.1755 5322.6995 2098.8911;
	1527.2639 1030.7869 1778.2052 624.9092 960.8304 1504.961 1039.578 348.8459 641.7135 5434.7128 2174.1541;
	1510.591 1037.8677 1783.5383 628.9 984.6821 1528.5158 1044.0737 328.9297 662.0915 5543.1702 2190.9313;
	1459.909 1040.2364 1815.8573 620.6256 963.2 1502.864 1042.7118 371.6555 658.0 5565.5301 2169.3408;
	1416.1286 1017.3722 1759.2636 605.908 943.4086 1446.5902 1040.4603 345.6005 648.163 5520.7204 2226.3401;
	1378.172 1035.5305 1730.4629 578.899 942.4465 1456.9147 1046.2103 342.6 634.9 5481.3622 2168.4801;
	1399.1789 1075.566 1793.8871 584.67 971.9245 1510.6484 1089.6876 359.7286 648.2 5460.9145 2204.0894;
	1389.4927 1079.2097 1844.9228 597.6 955.4323 1529.8079 1093.1579 349.8 639.5075 5458.487 2211.6036;
	1440.9266 1105.1833 1848.2192 596.4 961.513 1502.8 1107.042 361.4544 648.1451 5590.4573 2286.6683;
	1516.4921 1175.5525 1944.6069 620.9046 1023.4997 1575.2378 1140.7683 379.9 686.4531 5746.4901 2380.4947;
	1549.9762 1146.3043 1927.3949 591.6351 1004.4115 1501.8315 1109.1636 370.4518 682.4194 5629.0003 2346.1823;
	1587.9722 1112.2959 1875.5838 573.3054 961.241 1418.2127 1069.1771 338.4 656.1115 5487.2179 2242.2;
	1511.8574 1057.2279 1749.8463 554.6735 893.413 1324.3405 993.4489 326.3204 628.2 5292.5729 2072.7251;
	1458.6281 988.5251 1643.2892 541.5 840.4886 1256.1825 928.4 311.7629 585.9 5009.2 1940.5772;
	1395.8883 935.9262 1556.1081 535.6528 783.3828 1130.8561 847.4439 265.0631 519.6115 4765.3132 1696.592;
	1418.4844 936.037 1544.7269 530.1293 726.8228 1130.0955 825.7196 252.4997 510.1964 4649.6219 1669.5446;
];
