function loadprofile = ex_load_profilesh1
%EX_LOAD_PROFILE  Example load profile data file for stochastic unit commitment.
% 2022.03.12
% Andres F. Ramirez

%% define constants
[CT_LABEL, CT_PROB, CT_TABLE, CT_TBUS, CT_TGEN, CT_TBRCH, CT_TAREABUS, ...
    CT_TAREAGEN, CT_TAREABRCH, CT_ROW, CT_COL, CT_CHGTYPE, CT_REP, ...
    CT_REL, CT_ADD, CT_NEWVAL, CT_TLOAD, CT_TAREALOAD, CT_LOAD_ALL_PQ, ...
    CT_LOAD_FIX_PQ, CT_LOAD_DIS_PQ, CT_LOAD_ALL_P, CT_LOAD_FIX_P, ...
    CT_LOAD_DIS_P, CT_TGENCOST, CT_TAREAGENCOST, CT_MODCOST_F, ...
    CT_MODCOST_X] = idx_ct;

loadprofile = struct( ...
    'type', 'mpcData', ...
    'table', CT_TAREALOAD, ...
    'rows', [1:11], ...
    'col', CT_LOAD_ALL_P, ...
    'chgtype', 1, ...
    'values', [] );
loadprofile.values(:,1,:) = [
	1533.0134 944.8005 1663.0851 582.3 892.8121 1250.1031 945.7 292.2022 587.987 4821.4854 1829.679;
	1491.5865 914.9 1623.1723 578.3932 906.7663 1224.3991 904.0 273.5724 549.5344 4617.0094 1729.9186;
	1485.6259 917.7037 1611.4824 583.8267 873.7309 1216.6 895.2091 265.5203 545.0124 4563.8993 1720.8314;
	1503.1529 939.737 1669.0323 594.8 918.1373 1239.4 912.8851 283.0 564.6206 4690.319 1773.2695;
	1531.8005 985.0339 1698.4664 595.4 908.7488 1280.9687 949.9748 276.6518 586.0847 4804.37 1844.8915;
	1595.5961 1031.083 1756.0383 602.7609 951.4654 1356.2 1008.1 304.3363 626.8036 5054.8771 1977.2;
	1643.8522 1035.201 1792.6395 596.9331 971.0807 1394.5442 1042.323 287.4013 654.324 5151.3 2012.9858;
	1657.5432 1101.5718 1848.6578 603.4975 1017.7197 1457.2 1101.0334 312.6808 651.0384 5286.0388 2086.7491;
	1635.3463 1085.6478 1849.1061 601.9 1013.396 1468.6723 1109.1921 339.3612 670.3 5461.3561 2154.6617;
	1657.8425 1111.3886 1877.185 620.4 1031.5 1460.1345 1155.7485 340.7932 690.274 5627.886 2157.4061;
	1616.4216 1108.129 1843.1343 613.2062 997.5731 1384.4575 1153.4 334.3547 691.6023 5650.0849 2176.1;
	1640.1793 1146.4214 1878.7335 608.55 1004.9 1467.5394 1166.4604 362.9298 704.6874 5867.8881 2327.9636;
	1621.9274 1143.3514 1839.795 585.4513 1002.5744 1467.3184 1207.0889 354.1 707.8111 5830.5719 2362.303;
	1590.9425 1150.625 1842.5 565.1875 1005.3215 1524.5027 1271.3561 351.1835 741.0851 5964.8126 2423.5593;
	1615.0635 1130.6362 1811.1101 571.2034 1005.2211 1481.5014 1167.4784 345.138 708.7459 5852.4893 2350.9622;
	1635.9877 1145.8434 1850.8 593.0256 1026.6593 1515.1258 1226.1319 370.8915 747.233 5966.6611 2423.5382;
	1652.7 1157.2607 1889.7996 576.2909 1041.0424 1561.0909 1304.4867 411.482 799.9337 6088.0741 2541.3514;
	1733.704 1197.9 1932.5037 571.6822 1104.1908 1639.1497 1321.8183 424.8334 818.645 6025.4291 2531.6069;
	1831.2847 1252.2 1993.9689 582.1447 1107.4202 1628.3857 1286.9565 443.7735 810.9808 6393.1706 2569.7031;
	1784.0909 1213.032 1930.0225 568.2166 1063.0329 1568.1079 1267.8788 427.899 770.0738 6328.0867 2520.5612;
	1766.0575 1153.404 1837.6076 545.3 987.1907 1472.8636 1151.1556 340.3551 736.7296 6051.1498 2350.1666;
	1703.1518 1091.5052 1806.2308 521.0641 926.0358 1400.8861 1095.3624 325.3014 684.489 5801.0177 2247.3477;
	1604.8445 1012.5173 1702.3867 509.0485 877.2855 1235.2318 1051.9803 319.406 629.2863 5336.4451 2031.5754;
	1532.835 938.2969 1621.5607 517.1954 829.2588 1127.4 937.7078 301.8246 578.3037 4911.2174 1852.8889;
];
