function solarprofile = ex_solar_profilesh1
%EX_WIND_PROFILE_D  Example wind_load_nyiso profile data for deterministic unit commitment.
% 2022.03.12
% Andres F. Ramirez


%% define constants
[GEN_BUS, PG, QG, QMAX, QMIN, VG, MBASE, GEN_STATUS, PMAX, PMIN, ...
    MU_PMAX, MU_PMIN, MU_QMAX, MU_QMIN, PC1, PC2, QC1MIN, QC1MAX, ...
    QC2MIN, QC2MAX, RAMP_AGC, RAMP_10, RAMP_30, RAMP_Q, APF] = idx_gen;
[CT_LABEL, CT_PROB, CT_TABLE, CT_TBUS, CT_TGEN, CT_TBRCH, CT_TAREABUS, ...
    CT_TAREAGEN, CT_TAREABRCH, CT_ROW, CT_COL, CT_CHGTYPE, CT_REP, ...
    CT_REL, CT_ADD, CT_NEWVAL, CT_TLOAD, CT_TAREALOAD, CT_LOAD_ALL_PQ, ...
    CT_LOAD_FIX_PQ, CT_LOAD_DIS_PQ, CT_LOAD_ALL_P, CT_LOAD_FIX_P, ...
    CT_LOAD_DIS_P, CT_TGENCOST, CT_TAREAGENCOST, CT_MODCOST_F, ...
    CT_MODCOST_X] = idx_ct;

solarprofile = struct( ...
    'type', 'mpcData', ...
    'table', CT_TGEN, ...
    'rows', [1:12], ...
    'col', PMAX, ...
    'chgtype', 1, ...
    'values', [] );
solarprofile.values(:,1,:) = [
	0.0 0.0 0.0 0.0 0.0 0.0 0.0 0.0 0.0 0.0 0.0 0.0;
	0.0 0.0 0.0 0.0 0.0 0.0 0.0 0.0 0.0 0.0 0.0 0.0;
	0.0 0.0 0.0 0.0 0.0 0.0 0.0 0.0 0.0 0.0 0.0 0.0;
	0.0 0.0 0.0 0.0 0.0 0.0 0.0 0.0 0.0 0.0 0.0 0.0;
	0.0 0.0 0.0 0.0 0.0 0.0 0.0 0.0 0.0 0.0 0.0 0.0;
	0.0 0.0 0.0 0.0 0.0 0.0 0.0 0.0 0.0 0.0 0.0 0.0;
	0.2448 0.5276 0.3937 3.1454 4.7579 84.4663 10.5583 10.9536 2.1472 14.1638 4.8746 25.6508;
	0.3856 0.5551 0.4315 4.8111 9.0794 51.2294 6.4037 2.7916 21.8159 48.3979 12.5519 87.649;
	0.7415 0.7619 0.6004 6.1301 10.694 50.7025 6.3378 2.9228 82.1879 81.9149 25.2693 148.3484;
	1.9271 1.8324 1.9071 9.3625 11.0227 130.5191 16.3149 9.6232 207.0944 66.2084 59.6206 119.9038;
	1.2835 1.508 1.9535 10.6025 11.7801 159.4256 19.9282 19.1867 214.334 75.1141 87.2453 136.0321;
	0.7356 0.9513 1.149 10.8154 12.449 152.6225 19.0778 23.0801 179.9537 72.9971 96.0854 132.1982;
	1.6789 1.0463 0.7531 10.1473 9.9103 159.1149 19.8894 28.5611 102.6026 83.282 89.5423 150.8242;
	2.3813 1.2609 0.9833 7.2033 5.6798 103.4894 12.9362 15.8245 64.969 59.3151 53.6889 107.4201;
	2.319 1.5412 1.3534 5.6299 2.5862 75.396 9.4245 7.8584 35.4348 38.1004 33.1433 69.0001;
	2.0715 1.6471 1.7741 2.0636 0.1501 38.5723 4.8215 1.9904 13.2849 29.3231 10.531 53.1044;
	0.2494 0.2272 0.1521 0.9598 0.6722 29.8699 3.7337 6.1681 23.0165 21.6394 8.9923 39.1891;
	0.0 0.0 0.0 0.0 0.0 0.0 0.0 0.0 0.0 0.0 0.0 0.0;
	0.0 0.0 0.0 0.0 0.0 0.0 0.0 0.0 0.0 0.0 0.0 0.0;
	0.0 0.0 0.0 0.0 0.0 0.0 0.0 0.0 0.0 0.0 0.0 0.0;
	0.0 0.0 0.0 0.0 0.0 0.0 0.0 0.0 0.0 0.0 0.0 0.0;
	0.0 0.0 0.0 0.0 0.0 0.0 0.0 0.0 0.0 0.0 0.0 0.0;
	0.0 0.0 0.0 0.0 0.0 0.0 0.0 0.0 0.0 0.0 0.0 0.0;
	0.0 0.0 0.0 0.0 0.0 0.0 0.0 0.0 0.0 0.0 0.0 0.0;
];
