function solarprofile = ex_solar_profilesh1
%EX_WIND_PROFILE_D  Example wind_load_nyiso profile data for deterministic unit commitment.
% 2022.03.12
% Andres F. Ramirez


%% define constants
[GEN_BUS, PG, QG, QMAX, QMIN, VG, MBASE, GEN_STATUS, PMAX, PMIN, ...
    MU_PMAX, MU_PMIN, MU_QMAX, MU_QMIN, PC1, PC2, QC1MIN, QC1MAX, ...
    QC2MIN, QC2MAX, RAMP_AGC, RAMP_10, RAMP_30, RAMP_Q, APF] = idx_gen;
[CT_LABEL, CT_PROB, CT_TABLE, CT_TBUS, CT_TGEN, CT_TBRCH, CT_TAREABUS, ...
    CT_TAREAGEN, CT_TAREABRCH, CT_ROW, CT_COL, CT_CHGTYPE, CT_REP, ...
    CT_REL, CT_ADD, CT_NEWVAL, CT_TLOAD, CT_TAREALOAD, CT_LOAD_ALL_PQ, ...
    CT_LOAD_FIX_PQ, CT_LOAD_DIS_PQ, CT_LOAD_ALL_P, CT_LOAD_FIX_P, ...
    CT_LOAD_DIS_P, CT_TGENCOST, CT_TAREAGENCOST, CT_MODCOST_F, ...
    CT_MODCOST_X] = idx_ct;

solarprofile = struct( ...
    'type', 'mpcData', ...
    'table', CT_TGEN, ...
    'rows', [1:12], ...
    'col', PMAX, ...
    'chgtype', 1, ...
    'values', [] );
solarprofile.values(:,1,:) = [
	0.0 0.0 0.0 0.0 0.0 0.0 0.0 0.0 0.0 0.0 0.0 0.0;
	0.0 0.0 0.0 0.0 0.0 0.0 0.0 0.0 0.0 0.0 0.0 0.0;
	0.0 0.0 0.0 0.0 0.0 0.0 0.0 0.0 0.0 0.0 0.0 0.0;
	0.0 0.0 0.0 0.0 0.0 0.0 0.0 0.0 0.0 0.0 0.0 0.0;
	0.0 0.0 0.0 0.0 0.0 0.0 0.0 0.0 0.0 0.0 0.0 0.0;
	0.0 0.0 0.0 0.0 0.0 0.0 0.0 0.0 0.0 0.0 0.0 0.0;
	0.0 0.1564 0.2189 2.6219 0.7121 63.1316 7.8914 0.0 2.461 5.5455 6.1265 10.0429;
	0.0 0.2299 0.2392 2.8828 1.3281 70.0182 8.7523 6.6796 22.3621 31.4941 14.889 57.0361;
	0.3381 0.4246 0.4628 3.0266 2.0869 71.6633 8.9579 20.5749 55.8773 86.513 28.6796 156.6756;
	1.6644 1.0167 1.2328 2.5816 4.0225 122.3573 15.2947 41.572 140.5197 71.7027 44.8368 129.8541;
	1.8016 1.5144 1.9557 2.3706 4.2535 130.645 16.3306 44.3857 134.2567 65.5757 48.1298 118.758;
	1.2303 1.3385 1.5508 2.0509 4.1966 110.6961 13.837 41.6615 119.7645 56.4085 47.3401 102.1562;
	0.1805 0.5731 0.431 2.3515 4.6291 118.5194 14.8149 41.8808 106.2212 69.1084 65.0545 125.1557;
	0.1346 0.2582 0.1039 1.8563 4.8599 83.8262 10.4783 35.1956 90.7563 60.8136 49.6573 110.1338;
	0.4316 0.3155 0.235 1.3989 4.5924 82.1996 10.275 32.5225 76.5849 35.9183 33.2279 65.0482;
	1.7915 1.3698 1.3562 0.4961 1.4346 114.58 14.3225 34.6036 28.5161 9.9296 9.2168 17.9825;
	0.5499 0.5155 0.3142 0.3793 0.5349 36.8202 4.6025 10.6059 23.954 19.1153 8.6422 34.618;
	0.0 0.0 0.0 0.0 0.0 0.0 0.0 0.0 0.0 0.0 0.0 0.0;
	0.0 0.0 0.0 0.0 0.0 0.0 0.0 0.0 0.0 0.0 0.0 0.0;
	0.0 0.0 0.0 0.0 0.0 0.0 0.0 0.0 0.0 0.0 0.0 0.0;
	0.0 0.0 0.0 0.0 0.0 0.0 0.0 0.0 0.0 0.0 0.0 0.0;
	0.0 0.0 0.0 0.0 0.0 0.0 0.0 0.0 0.0 0.0 0.0 0.0;
	0.0 0.0 0.0 0.0 0.0 0.0 0.0 0.0 0.0 0.0 0.0 0.0;
	0.0 0.0 0.0 0.0 0.0 0.0 0.0 0.0 0.0 0.0 0.0 0.0;
];
