function windprofile = ex_wind_profilesh1
%EX_WIND_PROFILE_D  Example wind_load_nyiso profile data for deterministic unit commitment.
% 2022.03.12
% Andres F. Ramirez


%% define constants
[GEN_BUS, PG, QG, QMAX, QMIN, VG, MBASE, GEN_STATUS, PMAX, PMIN, ...
    MU_PMAX, MU_PMIN, MU_QMAX, MU_QMIN, PC1, PC2, QC1MIN, QC1MAX, ...
    QC2MIN, QC2MAX, RAMP_AGC, RAMP_10, RAMP_30, RAMP_Q, APF] = idx_gen;
[CT_LABEL, CT_PROB, CT_TABLE, CT_TBUS, CT_TGEN, CT_TBRCH, CT_TAREABUS, ...
    CT_TAREAGEN, CT_TAREABRCH, CT_ROW, CT_COL, CT_CHGTYPE, CT_REP, ...
    CT_REL, CT_ADD, CT_NEWVAL, CT_TLOAD, CT_TAREALOAD, CT_LOAD_ALL_PQ, ...
    CT_LOAD_FIX_PQ, CT_LOAD_DIS_PQ, CT_LOAD_ALL_P, CT_LOAD_FIX_P, ...
    CT_LOAD_DIS_P, CT_TGENCOST, CT_TAREAGENCOST, CT_MODCOST_F, ...
    CT_MODCOST_X] = idx_ct;

windprofile = struct( ...
    'type', 'mpcData', ...
    'table', CT_TGEN, ...
    'rows', [1:45], ...
    'col', PMAX, ...
    'chgtype', 1, ...
    'values', [] );
windprofile.values(:,1,:) = [
	3.7819 51.1012 85.5982 116.154 14.9332 35.3585 30.1011 8.2629 26.6222 11.3188 20.9226 31.2123 46.99 38.5875 179.1524 67.4946 83.7433 88.7429 80.6907 70.0724 10.0337 82.5032 26.8897 41.7706 53.2145 27.9607 5.2441 1226.0372 795.5108 795.5108 613.6166 81.6256 268.969 180.3666 120.9771 339.4179 1197.6054 190.0297 430.5748 142.5389 116.6175 392.2436 211.061 109.8495 1210.0805;
	3.326 44.9415 81.1459 46.1863 15.1967 30.2677 30.0906 8.1216 9.9935 13.4577 24.8763 37.1105 55.8697 34.7979 185.1261 69.7452 86.5357 91.702 79.9284 70.8382 10.0302 70.6247 26.1214 40.6813 45.9414 28.9182 5.879 1247.1896 811.3521 811.3521 698.7566 77.9607 266.4279 182.3376 109.096 346.1769 1250.1345 190.4338 438.7741 123.0574 115.2273 335.7699 215.7139 100.4269 1263.1567;
	3.2614 44.0683 92.4161 52.7133 15.2681 25.639 31.0106 7.2877 10.1008 13.0875 24.192 36.0897 54.3328 33.7383 187.8018 70.7532 87.7864 93.0274 81.7328 65.3717 10.3369 59.8244 28.0766 45.5674 44.3352 29.8382 6.3776 1242.6914 819.8329 819.8329 684.2852 83.2867 272.4428 168.2668 105.7742 349.7954 1216.9287 187.9194 460.8166 118.7549 33.2862 284.4221 214.4961 140.7498 1229.605;
	3.5757 48.3151 89.6839 54.3745 15.1748 14.5382 30.3914 7.7998 10.5025 12.3575 22.8426 34.0766 51.3022 22.135 190.2538 71.677 88.9326 94.242 77.0871 65.7081 10.1305 33.9224 27.47 44.5333 39.4899 31.4786 5.6911 1248.1194 812.4267 812.4267 609.4077 89.5482 256.9571 169.1328 69.3963 346.6354 1239.0034 206.1386 447.0926 105.7765 35.3894 161.277 214.4286 124.6155 1251.9097;
	3.8611 52.1717 86.881 47.0024 15.208 22.162 31.5623 7.2038 12.4449 11.1774 20.6612 30.8224 46.403 29.5583 168.9796 63.6621 78.9882 83.7039 85.1163 64.5049 10.5208 51.7114 7.8347 28.4053 38.6215 59.8762 5.3566 1201.8156 832.5144 832.5144 709.1535 99.4045 283.7209 166.0357 92.6692 355.2061 1240.2098 222.5343 460.1963 103.4505 37.9823 245.8509 214.3749 206.3338 1253.1286;
	3.8361 51.8343 94.5782 114.3499 15.2134 33.2664 31.5458 6.3529 11.7518 12.3146 22.7634 33.9585 51.1243 27.9498 190.5863 71.8023 89.088 94.4067 88.6954 68.3736 10.5153 77.6216 1.7047 33.4915 53.86 60.9436 5.1955 1127.1691 808.252 808.252 722.4797 106.2322 295.6514 175.9938 87.6265 344.8542 1205.1344 230.1836 462.3528 144.2679 72.4072 369.0351 215.1088 249.2209 1217.6879;
	3.9148 52.8973 93.7076 118.5595 15.2087 34.1821 31.6372 10.3137 11.2591 12.1079 22.3812 33.3883 50.266 38.3738 192.3703 72.4744 89.9219 95.2904 81.2416 70.5156 10.5457 79.7581 24.0326 53.6814 99.7107 72.9168 10.7551 1164.2665 822.8919 822.8919 773.1549 108.5157 270.8053 181.5074 120.3069 351.1005 1258.4959 292.0288 461.6758 267.0821 104.2999 379.1929 218.5473 274.2144 1271.6052;
	3.8995 52.6908 94.4008 118.0898 15.3036 33.9572 30.327 18.2749 10.1219 10.1314 18.7277 27.938 42.0605 54.6413 178.849 67.3803 83.6015 88.5927 62.6882 53.1884 10.109 79.2334 21.8299 60.5912 104.4438 73.5008 13.5957 1049.2419 799.3655 799.3655 741.1114 103.2545 208.9605 136.907 171.3078 341.0626 1207.5882 283.3477 463.9704 279.7603 116.5802 376.6982 217.0328 270.8613 1220.1672;
	3.9012 52.7143 94.2798 113.3673 15.1405 33.5741 31.6904 17.9524 9.7645 10.648 19.6826 29.3626 44.2052 61.7857 190.2774 71.6859 88.9436 94.2537 48.5438 64.1113 10.5635 78.3395 24.9355 87.6055 103.8134 71.361 13.3915 719.6368 797.1921 797.1921 729.8213 109.5755 161.8128 165.0226 193.7064 340.1353 1109.4722 285.4776 474.8736 278.0715 118.8578 372.4481 216.3951 270.4773 1121.0292;
	3.7519 50.6959 92.1657 113.4715 14.8965 33.3834 30.9275 17.5694 18.8666 8.9469 16.5382 24.6717 37.1432 55.0184 176.6356 66.5464 82.5669 87.4962 48.2538 53.793 10.3092 77.8946 21.9361 88.0798 100.2759 70.2212 12.8476 567.0596 806.0121 806.0121 725.8459 111.2035 160.8461 138.4634 172.4901 343.8985 1049.445 266.8725 464.3527 268.5962 115.4139 370.333 209.5587 270.9584 1060.3767;
	3.7879 51.183 88.5015 110.3887 14.7856 33.6487 31.5184 15.8608 28.0677 15.0931 27.8994 41.6204 62.6593 67.4684 192.6762 72.5896 90.0649 95.4419 37.1392 66.047 10.5061 78.5137 16.3713 81.9735 95.9548 67.5233 12.3902 443.2812 802.0173 802.0173 719.9313 103.9718 123.7973 170.0051 211.5225 342.194 917.1561 274.8203 469.0385 257.0218 115.4946 373.2766 206.5825 256.09 926.7098;
	3.2519 43.9399 87.4285 112.8653 14.6671 31.7351 28.2148 16.8754 26.5118 17.4061 32.1749 47.9987 72.2617 63.4867 187.2357 70.54 87.5218 92.747 50.0592 62.9682 9.4049 74.0485 26.1813 84.3745 95.6827 70.8094 12.0948 285.633 747.8289 747.8289 621.008 103.83 166.864 162.0803 199.0392 319.0737 714.6278 233.2993 451.0731 256.293 115.8174 352.0479 190.4495 256.7205 722.0718;
	2.0517 27.7229 89.1996 112.1707 14.2898 20.0647 25.036 17.7902 25.9248 26.4532 48.8983 72.9467 109.8209 62.8779 186.407 70.2278 87.1344 92.3365 88.9587 63.6875 8.3453 46.8177 39.6692 85.8901 96.8006 69.7808 13.611 294.2993 680.1678 680.1678 583.0368 105.6076 296.5289 163.9318 197.1307 290.2049 631.0138 215.4926 437.9634 259.2873 118.3379 222.5849 164.1856 268.572 637.5869;
	2.1315 28.8009 88.3966 111.497 14.2059 11.565 25.1345 17.3648 26.9001 30.2817 55.9753 83.5041 125.7149 61.1261 190.5378 71.784 89.0653 94.3827 87.5717 69.1756 8.3782 26.9849 71.1345 86.1778 97.8575 70.5029 13.2644 304.2339 607.1779 607.1779 576.8468 102.6289 291.9057 178.0582 191.6386 259.0626 490.764 202.9681 450.1784 262.1184 120.9898 128.2939 126.4582 261.7065 495.8761;
	1.9925 26.923 87.4882 112.5049 12.2494 0.0376 20.3444 17.6574 25.7856 28.3476 52.4001 78.1706 117.6854 52.4751 201.6605 75.9744 94.2645 99.8923 88.1707 73.2356 6.7815 0.0878 69.2673 88.8977 99.2693 71.3178 13.6376 463.8463 453.1081 453.1081 394.5227 90.6343 293.9022 188.5085 164.5165 193.3261 409.8609 183.2803 436.9803 265.8998 119.5667 0.4173 106.8096 253.0457 414.1302;
	3.2296 43.6389 86.7717 78.146 14.02 25.117 15.6362 17.856 19.5713 27.042 49.9866 74.5702 112.2651 45.4438 197.6846 74.4765 92.4061 97.9228 86.5184 71.0151 5.2121 58.6063 58.7301 85.8215 99.0483 72.6343 13.7292 480.6145 485.2848 485.2848 393.3869 47.5245 288.3947 182.793 142.4726 207.0548 479.7243 159.2063 442.7731 265.3079 117.9818 278.6312 76.1897 262.2718 484.7215;
	3.1636 42.7468 86.3641 55.9438 14.234 29.3663 13.3074 17.8772 25.114 24.3125 44.9413 67.0436 100.9338 54.4059 193.4251 72.8718 90.415 95.8129 86.5534 69.4207 4.4358 68.5213 63.164 84.8884 101.1042 72.7851 13.7117 595.4212 568.7607 568.7607 438.762 30.3437 288.5115 178.6892 170.5698 242.6712 609.7658 121.1382 180.5512 270.8149 113.8806 325.7698 101.2428 262.9084 616.1175;
	3.6853 49.7971 89.3509 64.3242 14.8937 32.4844 28.622 18.6187 26.0083 10.2951 19.0303 28.3894 42.7401 62.2682 190.7409 71.8605 89.1603 94.4833 74.7993 71.7379 9.5407 75.797 26.1771 87.5154 105.3766 72.9466 13.9345 724.5274 612.9846 612.9846 412.1323 32.3977 249.331 184.6536 195.2191 261.5401 808.9309 89.9669 437.1605 282.2588 119.8341 360.3608 116.827 262.6484 817.3572;
