function windprofile = ex_wind_profilesh1
%EX_WIND_PROFILE_D  Example wind_load_nyiso profile data for deterministic unit commitment.
% 2022.03.12
% Andres F. Ramirez


%% define constants
[GEN_BUS, PG, QG, QMAX, QMIN, VG, MBASE, GEN_STATUS, PMAX, PMIN, ...
    MU_PMAX, MU_PMIN, MU_QMAX, MU_QMIN, PC1, PC2, QC1MIN, QC1MAX, ...
    QC2MIN, QC2MAX, RAMP_AGC, RAMP_10, RAMP_30, RAMP_Q, APF] = idx_gen;
[CT_LABEL, CT_PROB, CT_TABLE, CT_TBUS, CT_TGEN, CT_TBRCH, CT_TAREABUS, ...
    CT_TAREAGEN, CT_TAREABRCH, CT_ROW, CT_COL, CT_CHGTYPE, CT_REP, ...
    CT_REL, CT_ADD, CT_NEWVAL, CT_TLOAD, CT_TAREALOAD, CT_LOAD_ALL_PQ, ...
    CT_LOAD_FIX_PQ, CT_LOAD_DIS_PQ, CT_LOAD_ALL_P, CT_LOAD_FIX_P, ...
    CT_LOAD_DIS_P, CT_TGENCOST, CT_TAREAGENCOST, CT_MODCOST_F, ...
    CT_MODCOST_X] = idx_ct;

windprofile = struct( ...
    'type', 'mpcData', ...
    'table', CT_TGEN, ...
    'rows', [1:45], ...
    'col', PMAX, ...
    'chgtype', 1, ...
    'values', [] );
windprofile.values(:,1,:) = [
	3.8057 51.4229 81.3538 109.6059 14.599 33.7682 29.9909 6.8395 26.1039 10.5956 19.5857 29.218 43.9876 37.9762 178.9511 67.4188 83.6492 88.6432 77.6181 69.6176 9.997 78.7925 25.4676 31.9111 44.7332 27.5241 4.678 1198.2959 719.2081 719.2081 565.223 73.9019 258.7269 179.1959 119.0604 306.8621 1165.4132 188.4457 437.0068 119.821 114.0567 374.6023 203.3277 123.9234 1177.5529;
	3.1956 43.179 73.9364 35.1072 14.7654 27.5788 30.247 5.9394 7.6016 11.216 20.7325 30.9289 46.5632 37.8414 178.8843 67.3936 83.618 88.6101 68.949 70.0312 10.0823 64.3504 22.9195 32.1506 38.0855 28.2613 4.5905 1275.6438 744.0994 744.0994 608.2837 67.8081 229.8301 180.2605 118.638 317.4824 1245.541 182.9737 451.2848 102.0146 115.5144 305.9403 211.4969 109.1359 1258.5154;
	3.0531 41.2539 89.743 43.5215 14.7235 24.0051 31.1539 6.1962 8.5325 9.0102 16.6552 24.8463 37.4059 38.6596 190.8639 71.9069 89.2178 94.5442 77.1467 68.6524 10.3846 56.0119 3.828 38.6478 39.3371 30.4666 5.8325 1281.6076 759.1665 759.1665 649.0128 74.5327 257.1558 176.7114 121.2032 323.9111 1266.0796 193.3294 456.8357 105.3673 32.2309 266.2967 210.8815 144.2555 1279.2679;
	3.4362 46.4305 85.358 43.2655 14.5266 14.7626 31.858 6.795 11.1308 11.0777 20.4769 30.5476 45.9892 25.6628 192.8242 72.6454 90.1341 95.5152 77.2719 68.3182 10.6193 34.4462 22.4774 34.8185 36.0263 31.6065 5.3429 1251.9913 767.8851 767.8851 661.1358 84.6675 257.5731 175.8513 80.4564 327.631 1243.5839 216.2948 460.8368 96.499 25.6642 163.7669 213.1171 130.6499 1256.5379;
	3.6313 49.0666 79.5417 29.1101 14.3877 21.9431 31.7772 6.7437 11.2276 10.2629 18.9708 28.3007 42.6065 31.4262 164.5955 62.0104 76.9388 81.5322 75.5503 64.0397 10.5924 51.2006 0.0481 21.0502 37.3712 61.1548 5.3374 1263.06 775.2781 775.2781 746.8688 96.7319 251.8345 164.8383 98.5254 330.7853 1247.6682 227.3975 459.404 100.1014 12.5071 243.4225 210.2217 204.1372 1260.6647;
	3.7358 50.4793 92.0969 104.9652 14.798 34.073 31.6361 6.4075 10.8867 11.7095 21.6448 32.2897 48.612 29.552 178.1207 67.1059 83.2611 88.2319 72.6619 65.765 10.5454 79.5037 0.1185 29.7655 54.9758 64.6084 5.2638 1249.1584 788.6815 788.6815 754.2888 107.1701 242.2065 169.2792 92.6495 336.5041 1280.6356 232.2805 467.8322 147.2566 38.9965 377.9832 211.9997 253.0801 1293.9755;
	3.7726 50.976 90.5855 113.6607 14.7544 34.9332 31.062 10.6651 9.4342 10.8653 20.0843 29.9619 45.1074 37.712 187.5087 70.6428 87.6494 92.8822 52.3864 67.0131 10.354 81.5109 20.5315 46.523 100.8907 73.731 10.4661 1172.295 790.3442 790.3442 732.3961 112.947 174.6213 172.492 118.2323 337.2135 1259.1997 265.6992 454.4898 270.2431 98.551 387.5261 213.4356 278.4842 1272.3164;
	3.6877 49.8291 88.2939 100.5267 15.0006 34.9599 30.0526 18.1317 1.8702 9.6773 17.8883 26.6858 40.1753 62.7488 186.7284 70.3489 87.2847 92.4957 64.4264 53.6086 10.0175 81.5732 19.8019 50.9042 103.6306 72.5637 13.3282 1073.1347 770.8416 770.8416 725.9513 117.4241 214.7547 137.9888 196.726 328.8924 1225.6275 295.2879 441.3881 277.5821 116.1683 387.8222 210.1954 271.003 1238.3944;
	3.6763 49.6755 90.023 110.3121 14.6405 34.3436 29.8356 17.5972 3.1233 9.8672 18.2394 27.2096 40.9638 58.6631 189.7154 71.4742 88.6809 93.9753 40.0571 61.5227 9.9452 80.1351 18.1987 85.6604 103.4707 69.3051 13.3014 774.3755 793.0 793.0 743.4675 114.9618 133.5238 158.3597 183.9167 338.3467 1183.7624 315.6494 444.1957 277.1538 116.878 380.9853 203.8593 268.7736 1196.0933;
	3.7171 50.2262 88.0472 111.418 14.8979 34.764 29.7817 17.4906 17.1299 10.0316 18.5433 27.663 41.6465 55.7381 183.7535 69.2281 85.8941 91.0221 48.8481 55.6713 9.9272 81.1159 16.6248 87.2554 99.7119 67.9498 13.084 617.1064 802.9809 802.9809 755.882 113.6262 162.8269 143.298 174.7466 342.6052 1041.772 285.4437 440.6583 267.0855 118.3015 385.6482 208.7706 266.7487 1052.6238;
	3.5847 48.4367 86.6735 109.7852 14.3093 33.9699 29.9894 17.3809 26.4007 13.2241 24.4445 36.4664 54.9 66.9229 195.2455 73.5576 91.2659 96.7147 33.3419 63.4833 9.9965 79.263 22.6138 82.02 96.2988 67.0507 13.043 422.4322 773.1725 773.1725 696.7275 103.2602 111.1395 163.4062 209.8122 329.8869 877.2311 267.0094 446.8534 257.9432 117.5065 376.8392 196.8895 260.1355 886.3689;
	2.9061 39.2674 86.288 82.8426 14.0336 31.6405 27.9589 17.3977 26.2163 14.7718 27.3055 40.7344 61.3254 63.5893 186.625 70.3099 87.2363 92.4445 40.7613 58.3458 9.3196 73.8278 7.9732 81.4646 89.7826 71.244 12.3489 316.4304 757.7484 757.7484 691.5692 101.71 135.8709 150.1823 199.3611 323.306 717.8052 245.8631 433.3168 240.4891 116.362 350.9985 180.0772 261.3967 725.2823;
	1.4498 19.5906 86.3975 78.6064 13.9792 20.6108 22.9296 15.3508 25.9204 24.6135 45.4976 67.8735 102.1831 63.1234 187.5587 70.6616 87.6728 92.907 90.06 60.5209 7.6432 48.0918 42.0805 81.1042 88.635 70.0898 12.2999 323.9445 686.1727 686.1727 609.5298 101.2275 300.2002 155.7808 197.9005 292.767 664.9438 220.5712 393.26 237.4151 114.6171 228.642 158.9597 259.9726 671.8703;
	1.748 23.6194 86.44 89.8425 14.0495 12.9466 21.4199 17.3819 26.0195 29.4942 54.5196 81.3325 122.4456 62.9026 187.9797 70.8203 87.8696 93.1155 88.2496 63.3353 7.14 30.2087 70.1949 81.6731 96.2374 71.0157 12.6819 322.4533 559.6165 559.6165 550.5598 100.3697 294.1652 163.0254 197.2083 238.7697 475.1331 190.9306 429.9384 257.7788 118.3401 143.6208 136.8642 253.6281 480.0824;
	1.7139 23.1591 86.7814 99.2409 11.9324 4.2162 17.7806 17.6431 25.841 27.3677 50.5889 75.4686 113.6176 62.477 194.2482 73.1819 90.7998 96.2206 89.6147 69.3817 5.9269 9.8377 66.8831 83.0554 96.5608 70.7693 13.5176 447.3383 424.2107 424.2107 372.0112 89.4257 298.7157 178.5886 195.8739 180.9966 413.3736 168.0641 427.6193 258.6451 117.6976 46.7715 106.9102 227.8892 417.6796;
	2.1887 29.5743 86.6766 69.2232 13.5865 25.8532 12.5345 17.8912 20.2075 28.3483 52.4014 78.1727 117.6885 54.0043 191.8138 72.2648 89.6618 95.0148 87.5064 69.1141 4.1782 60.3242 68.6541 84.5198 96.4338 72.4539 13.4654 525.4962 484.25 484.25 346.5182 48.4962 291.688 177.8997 169.3108 206.6133 480.8119 144.9313 415.8129 258.3049 115.1115 286.7985 76.153 256.8821 485.8204;
	2.9482 39.837 92.0384 56.7041 13.9619 32.4454 12.6295 18.2411 25.8989 27.4826 50.8011 75.7853 114.0944 39.0973 188.6311 71.0657 88.1741 93.4382 84.705 67.7069 4.2098 75.706 70.7789 85.7765 102.0614 75.1206 13.4618 571.1501 531.4272 531.4272 327.2226 30.0653 282.3499 174.2778 122.5753 226.7423 581.0 92.0761 160.2805 273.3788 117.2679 359.9279 103.5467 265.9197 587.0521;
	3.5232 47.6066 91.7046 59.4224 13.9509 32.0972 26.4592 18.7195 25.8591 13.3911 24.7533 36.9271 55.5935 43.8466 176.502 66.4961 82.5044 87.43 65.7086 68.1481 8.8197 74.8935 51.5655 87.473 104.0965 75.7003 13.5173 703.3 536.1646 536.1646 322.6719 29.2055 219.0287 175.4134 137.465 228.7636 765.3003 56.8328 384.1772 278.83 118.9134 356.0651 110.2193 261.4168 773.2722;
