function solarprofile = ex_solar_profilesh1
%EX_WIND_PROFILE_D  Example wind_load_nyiso profile data for deterministic unit commitment.
% 2022.03.12
% Andres F. Ramirez


%% define constants
[GEN_BUS, PG, QG, QMAX, QMIN, VG, MBASE, GEN_STATUS, PMAX, PMIN, ...
    MU_PMAX, MU_PMIN, MU_QMAX, MU_QMIN, PC1, PC2, QC1MIN, QC1MAX, ...
    QC2MIN, QC2MAX, RAMP_AGC, RAMP_10, RAMP_30, RAMP_Q, APF] = idx_gen;
[CT_LABEL, CT_PROB, CT_TABLE, CT_TBUS, CT_TGEN, CT_TBRCH, CT_TAREABUS, ...
    CT_TAREAGEN, CT_TAREABRCH, CT_ROW, CT_COL, CT_CHGTYPE, CT_REP, ...
    CT_REL, CT_ADD, CT_NEWVAL, CT_TLOAD, CT_TAREALOAD, CT_LOAD_ALL_PQ, ...
    CT_LOAD_FIX_PQ, CT_LOAD_DIS_PQ, CT_LOAD_ALL_P, CT_LOAD_FIX_P, ...
    CT_LOAD_DIS_P, CT_TGENCOST, CT_TAREAGENCOST, CT_MODCOST_F, ...
    CT_MODCOST_X] = idx_ct;

solarprofile = struct( ...
    'type', 'mpcData', ...
    'table', CT_TGEN, ...
    'rows', [1:12], ...
    'col', PMAX, ...
    'chgtype', 1, ...
    'values', [] );
solarprofile.values(:,1,:) = [
	0.0 0.0 0.0 0.0 0.0 0.0 0.0 0.0 0.0 0.0 0.0 0.0;
	0.0 0.0 0.0 0.0 0.0 0.0 0.0 0.0 0.0 0.0 0.0 0.0;
	0.0 0.0 0.0 0.0 0.0 0.0 0.0 0.0 0.0 0.0 0.0 0.0;
	0.0 0.0 0.0 0.0 0.0 0.0 0.0 0.0 0.0 0.0 0.0 0.0;
	0.0 0.0 0.0 0.0 0.0 0.0 0.0 0.0 0.0 0.0 0.0 0.0;
	0.0 0.0 0.0 0.0 0.0 0.0 0.0 0.0 0.0 0.0 0.0 0.0;
	0.3709 0.4551 0.3124 0.0 0.0 0.0 0.0 0.0 0.0 11.056 4.5042 20.0225;
	0.6124 0.7603 0.4818 1.0354 2.5336 0.0 0.0 0.0 0.0 27.3851 15.1386 49.5947;
	0.9218 0.9792 0.614 3.1532 5.8885 7.2355 0.9044 0.0 12.6662 58.8286 31.1987 106.539;
	2.3789 2.2233 1.4342 7.1175 4.9486 42.2024 5.2753 2.8531 141.2992 64.7024 25.4918 117.1765;
	1.9732 2.2265 1.6933 6.3235 2.9103 69.9957 8.7495 4.1941 162.6631 72.55 11.5345 131.3885;
	1.2917 2.046 1.773 6.2451 1.324 77.6431 9.7054 5.2161 132.7957 69.1722 6.5666 125.2712;
	1.8486 2.9879 2.474 6.692 0.799 98.9793 12.3724 10.3374 81.5057 74.8241 25.8813 135.5069;
	2.6036 2.8471 2.206 6.3478 0.9132 66.2602 8.2825 8.9869 63.4816 62.4857 42.3815 113.162;
	2.6238 2.5604 1.8673 4.3467 0.8453 58.1309 7.2664 6.3645 53.842 53.1073 39.8842 96.1776;
	3.0564 2.1525 1.7236 0.8736 0.2905 64.6714 8.0839 3.7057 35.9596 48.9251 27.3066 88.6036;
	0.2697 0.2687 0.1604 0.4837 0.567 36.1502 4.5188 7.9515 27.1256 24.0891 11.3613 43.6256;
	0.0 0.0 0.0 0.0 0.0 0.0 0.0 0.0 0.0 0.0 0.0 0.0;
	0.0 0.0 0.0 0.0 0.0 0.0 0.0 0.0 0.0 0.0 0.0 0.0;
	0.0 0.0 0.0 0.0 0.0 0.0 0.0 0.0 0.0 0.0 0.0 0.0;
	0.0 0.0 0.0 0.0 0.0 0.0 0.0 0.0 0.0 0.0 0.0 0.0;
	0.0 0.0 0.0 0.0 0.0 0.0 0.0 0.0 0.0 0.0 0.0 0.0;
	0.0 0.0 0.0 0.0 0.0 0.0 0.0 0.0 0.0 0.0 0.0 0.0;
	0.0 0.0 0.0 0.0 0.0 0.0 0.0 0.0 0.0 0.0 0.0 0.0;
];
