function solarprofile = ex_solar_profilesh1
%EX_WIND_PROFILE_D  Example wind_load_nyiso profile data for deterministic unit commitment.
% 2022.03.12
% Andres F. Ramirez


%% define constants
[GEN_BUS, PG, QG, QMAX, QMIN, VG, MBASE, GEN_STATUS, PMAX, PMIN, ...
    MU_PMAX, MU_PMIN, MU_QMAX, MU_QMIN, PC1, PC2, QC1MIN, QC1MAX, ...
    QC2MIN, QC2MAX, RAMP_AGC, RAMP_10, RAMP_30, RAMP_Q, APF] = idx_gen;
[CT_LABEL, CT_PROB, CT_TABLE, CT_TBUS, CT_TGEN, CT_TBRCH, CT_TAREABUS, ...
    CT_TAREAGEN, CT_TAREABRCH, CT_ROW, CT_COL, CT_CHGTYPE, CT_REP, ...
    CT_REL, CT_ADD, CT_NEWVAL, CT_TLOAD, CT_TAREALOAD, CT_LOAD_ALL_PQ, ...
    CT_LOAD_FIX_PQ, CT_LOAD_DIS_PQ, CT_LOAD_ALL_P, CT_LOAD_FIX_P, ...
    CT_LOAD_DIS_P, CT_TGENCOST, CT_TAREAGENCOST, CT_MODCOST_F, ...
    CT_MODCOST_X] = idx_ct;

solarprofile = struct( ...
    'type', 'mpcData', ...
    'table', CT_TGEN, ...
    'rows', [1:12], ...
    'col', PMAX, ...
    'chgtype', 1, ...
    'values', [] );
solarprofile.values(:,1,:) = [
	0.0 0.0 0.0 0.0 0.0 0.0 0.0 0.0 0.0 0.0 0.0 0.0;
	0.0 0.0 0.0 0.0 0.0 0.0 0.0 0.0 0.0 0.0 0.0 0.0;
	0.0 0.0 0.0 0.0 0.0 0.0 0.0 0.0 0.0 0.0 0.0 0.0;
	0.0 0.0 0.0 0.0 0.0 0.0 0.0 0.0 0.0 0.0 0.0 0.0;
	0.0 0.0 0.0 0.0 0.0 0.0 0.0 0.0 0.0 0.0 0.0 0.0;
	0.0 0.0 0.0 0.0 0.0 0.0 0.0 0.0 0.0 0.0 0.0 0.0;
	0.0 0.1525 0.1829 0.1848 0.0827 10.0891 1.2611 4.7509 0.4049 9.5697 4.4184 17.3308;
	0.3233 0.3104 0.3569 0.0574 0.0537 30.9187 3.8648 15.5168 13.628 25.9107 12.6419 46.9244;
	0.6188 0.3362 0.5132 0.215 0.4192 31.5192 3.9399 15.0101 22.8012 56.5847 24.0367 102.4753;
	0.929 0.5082 0.8707 0.0 1.5283 31.5423 3.9428 7.8147 51.2218 59.2106 30.107 107.2308;
	0.5791 0.4038 0.8481 0.0661 2.4908 35.5506 4.4438 6.4162 47.6517 68.57 39.9764 124.1807;
	0.8834 0.8003 1.008 0.2366 3.243 42.4472 5.3059 6.1585 49.504 72.3526 44.0967 131.031;
	3.6575 3.1591 2.625 0.5284 3.7998 70.1617 8.7702 17.8321 65.9393 92.6812 51.9164 167.8461;
	3.6391 3.3573 2.561 0.3185 3.2454 41.997 5.2496 16.4626 59.6887 74.9757 37.7099 135.7815;
	2.8847 2.5727 1.9767 0.3802 2.3101 27.3668 3.4208 13.4507 42.7215 38.4968 17.2208 69.7179;
	1.73 1.602 1.7204 0.0537 0.5313 8.6561 1.082 7.0161 17.6073 7.0067 2.9144 12.6892;
	0.3202 0.3267 0.2268 0.3833 0.5275 28.9978 3.6247 7.8872 24.7263 18.3996 10.4384 33.3219;
	0.0 0.0 0.0 0.0 0.0 0.0 0.0 0.0 0.0 0.0 0.0 0.0;
	0.0 0.0 0.0 0.0 0.0 0.0 0.0 0.0 0.0 0.0 0.0 0.0;
	0.0 0.0 0.0 0.0 0.0 0.0 0.0 0.0 0.0 0.0 0.0 0.0;
	0.0 0.0 0.0 0.0 0.0 0.0 0.0 0.0 0.0 0.0 0.0 0.0;
	0.0 0.0 0.0 0.0 0.0 0.0 0.0 0.0 0.0 0.0 0.0 0.0;
	0.0 0.0 0.0 0.0 0.0 0.0 0.0 0.0 0.0 0.0 0.0 0.0;
	0.0 0.0 0.0 0.0 0.0 0.0 0.0 0.0 0.0 0.0 0.0 0.0;
];
