function loadprofile = ex_load_profilesh1
%EX_LOAD_PROFILE  Example load profile data file for stochastic unit commitment.
% 2022.03.12
% Andres F. Ramirez

%% define constants
[CT_LABEL, CT_PROB, CT_TABLE, CT_TBUS, CT_TGEN, CT_TBRCH, CT_TAREABUS, ...
    CT_TAREAGEN, CT_TAREABRCH, CT_ROW, CT_COL, CT_CHGTYPE, CT_REP, ...
    CT_REL, CT_ADD, CT_NEWVAL, CT_TLOAD, CT_TAREALOAD, CT_LOAD_ALL_PQ, ...
    CT_LOAD_FIX_PQ, CT_LOAD_DIS_PQ, CT_LOAD_ALL_P, CT_LOAD_FIX_P, ...
    CT_LOAD_DIS_P, CT_TGENCOST, CT_TAREAGENCOST, CT_MODCOST_F, ...
    CT_MODCOST_X] = idx_ct;

loadprofile = struct( ...
    'type', 'mpcData', ...
    'table', CT_TAREALOAD, ...
    'rows', [1:11], ...
    'col', CT_LOAD_ALL_P, ...
    'chgtype', 1, ...
    'values', [] );
loadprofile.values(:,1,:) = [
	1452.0021 925.3 1651.8979 571.7557 788.6368 1302.5536 916.5966 278.6424 545.8621 4710.9374 1947.114;
	1428.4011 891.7021 1588.4 568.5185 759.5337 1263.3396 875.3756 269.6789 503.1 4512.1426 1793.8317;
	1456.0966 892.51 1592.0891 564.7528 754.9677 1255.7527 864.0895 260.2 497.1142 4458.6589 1754.2681;
	1476.8 910.4 1617.0267 588.4659 766.4687 1311.8766 888.3388 270.4 522.9647 4504.9298 1844.5274;
	1488.6775 949.3082 1659.1848 588.5 787.9993 1341.5076 912.9116 287.4003 544.1508 4595.0298 1882.2867;
	1540.5384 985.4833 1726.7412 603.572 853.442 1388.0882 970.568 305.8382 586.5 4687.3849 1964.7952;
	1561.5905 1017.5 1780.8 616.8 875.2843 1420.1991 1018.7226 323.4 613.9244 4975.3123 2027.5158;
	1564.0601 1063.8771 1838.1989 641.9514 950.6681 1483.0666 1071.7706 333.2455 636.1609 5192.9 2158.362;
	1606.6 1069.197 1845.893 652.1741 939.2 1510.596 1094.8388 345.7123 660.8857 5375.4496 2292.109;
	1606.6 1084.9809 1796.5945 635.3343 915.952 1518.3 1113.4435 353.1339 676.421 5411.978 2287.4083;
	1620.2689 1085.8639 1782.2309 627.5788 911.6904 1524.0379 1106.4104 357.0 693.2 5545.5434 2396.944;
	1588.3003 1091.504 1773.6806 616.6907 894.3492 1449.2405 1105.17 358.4822 697.3 5485.634 2245.7602;
	1591.6155 1084.2962 1791.4807 604.8047 911.0423 1420.7 1088.1343 358.0235 689.1019 5449.8682 2286.1363;
	1610.5742 1087.9372 1773.9373 580.6002 907.0673 1402.4867 1064.9838 360.6762 687.5 5253.9795 2292.4064;
	1644.7282 1111.7 1829.643 586.4572 971.7453 1446.1574 1085.9871 347.1272 710.4165 5369.2923 2256.9449;
	1705.1 1134.0025 1854.9035 585.7825 966.5018 1480.4105 1091.8551 349.3474 688.8675 5413.8209 2300.5763;
	1688.0173 1150.5386 1860.4189 591.6325 988.1624 1530.7959 1150.8391 354.3979 723.4187 5470.5894 2484.1444;
	1755.8394 1186.9736 1937.5084 626.8 1027.0206 1573.8006 1173.7 360.9232 715.2865 5565.0793 2440.0103;
	1764.4094 1206.8895 1979.4657 614.043 1055.0009 1586.5734 1169.9916 359.8 729.3 5611.3555 2431.5902;
	1686.7418 1156.3 1882.0233 591.4 992.4 1499.6886 1132.8457 343.7621 710.2438 5437.9657 2295.4044;
	1662.5346 1104.4399 1781.751 573.9 945.6673 1388.7509 1030.0 318.8437 657.5126 5275.2737 2116.5;
	1590.7659 1027.616 1673.2024 541.4822 865.3657 1280.0 953.2 288.2888 591.0075 4976.3789 1945.6327;
	1529.3737 955.7532 1606.6818 544.1 825.9166 1288.4426 914.3723 275.9614 546.4853 4623.6151 1775.8387;
	1491.1687 920.6667 1560.6724 538.4921 785.035 1203.275 876.1 264.6 522.2 4434.7482 1780.7285;
];
