function windprofile = ex_wind_profilesh1
%EX_WIND_PROFILE_D  Example wind_load_nyiso profile data for deterministic unit commitment.
% 2022.03.12
% Andres F. Ramirez


%% define constants
[GEN_BUS, PG, QG, QMAX, QMIN, VG, MBASE, GEN_STATUS, PMAX, PMIN, ...
    MU_PMAX, MU_PMIN, MU_QMAX, MU_QMIN, PC1, PC2, QC1MIN, QC1MAX, ...
    QC2MIN, QC2MAX, RAMP_AGC, RAMP_10, RAMP_30, RAMP_Q, APF] = idx_gen;
[CT_LABEL, CT_PROB, CT_TABLE, CT_TBUS, CT_TGEN, CT_TBRCH, CT_TAREABUS, ...
    CT_TAREAGEN, CT_TAREABRCH, CT_ROW, CT_COL, CT_CHGTYPE, CT_REP, ...
    CT_REL, CT_ADD, CT_NEWVAL, CT_TLOAD, CT_TAREALOAD, CT_LOAD_ALL_PQ, ...
    CT_LOAD_FIX_PQ, CT_LOAD_DIS_PQ, CT_LOAD_ALL_P, CT_LOAD_FIX_P, ...
    CT_LOAD_DIS_P, CT_TGENCOST, CT_TAREAGENCOST, CT_MODCOST_F, ...
    CT_MODCOST_X] = idx_ct;

windprofile = struct( ...
    'type', 'mpcData', ...
    'table', CT_TGEN, ...
    'rows', [1:45], ...
    'col', PMAX, ...
    'chgtype', 1, ...
    'values', [] );
windprofile.values(:,1,:) = [
	3.7304 50.4059 84.001 117.1714 14.9604 31.4176 31.4522 7.3516 28.1946 12.2551 22.6533 33.7942 50.877 38.3132 180.679 68.0698 84.4569 89.4991 85.7651 70.0119 10.4841 73.3077 31.5976 40.3888 47.3379 26.7627 5.3319 1195.7933 821.2723 821.2723 653.1898 83.7144 285.8836 180.2107 120.1171 350.4095 1213.5685 209.1769 472.9916 126.7979 112.5012 348.5257 199.9028 114.605 1226.2098;
	3.141 42.4423 81.1759 50.318 15.0153 25.0766 31.658 7.8986 12.0307 13.4266 24.8188 37.0248 55.7406 37.5795 188.9946 71.2026 88.344 93.6182 89.1289 71.2294 10.5527 58.5121 29.3866 38.2919 41.824 28.1835 6.075 1236.9248 834.4331 834.4331 677.8179 75.2683 297.0962 183.3447 117.8168 356.0248 1261.4698 190.8367 478.3796 112.0285 119.5099 278.1833 206.7202 105.131 1274.6102;
	3.176 42.9147 90.3905 52.7012 14.9547 22.7688 32.0138 7.7509 10.7092 13.9855 25.852 38.5662 58.0612 38.0776 189.5847 71.4249 88.6198 93.9106 86.9792 67.4817 10.6713 53.1273 33.6161 42.8143 42.1547 29.8401 6.777 1282.1557 836.2538 836.2538 703.3768 92.9813 289.9308 173.698 119.3784 356.8016 1272.0628 189.9746 477.9936 112.9145 37.5109 252.5824 211.0965 140.0328 1285.3135;
	3.6114 48.7986 87.9316 57.4599 14.8489 14.0276 32.4019 8.8573 11.7467 13.8201 25.5463 38.1101 57.3745 29.4205 193.0914 72.7461 90.259 95.6476 87.2694 69.072 10.8006 32.7311 31.0644 40.8069 41.9425 34.7501 6.3413 1293.0085 843.734 843.734 732.0544 102.7544 290.8978 177.7914 92.2372 359.9932 1278.6895 215.8828 479.6574 112.3459 41.8527 155.6129 214.1973 129.5995 1292.0092;
	3.8324 51.7848 87.193 49.3112 15.0585 21.3437 32.4408 8.7966 12.3128 13.0454 24.1143 35.9738 54.1583 34.1638 174.8503 65.8738 81.7323 86.6119 86.351 67.3197 10.8136 49.802 50.0874 31.7153 43.5311 68.7612 6.2407 1227.0155 847.7859 847.7859 754.968 101.0811 287.8367 173.281 107.1082 361.722 1271.0667 212.2665 479.4909 116.6011 42.0131 236.7729 213.1805 213.1264 1284.307;
	3.8571 52.1177 95.374 119.6348 15.0777 32.9221 32.0157 8.9799 11.3582 12.7896 23.6413 35.2682 53.096 29.3621 185.4797 69.8784 86.701 91.8772 90.2466 67.083 10.6719 76.8183 7.472 39.65 62.02 71.3992 6.0155 1188.2793 829.8991 829.8991 762.2546 109.4023 300.8219 172.6719 92.0542 354.0903 1249.6925 214.1993 471.1631 166.125 74.7167 365.216 211.318 264.2836 1262.7101;
	3.9139 52.8856 95.2987 120.855 15.1597 33.8046 31.914 13.8979 11.0346 13.5697 25.0834 37.4194 56.3347 39.6018 195.9046 73.8059 91.574 97.0411 84.7006 71.5449 10.638 78.8773 26.1052 56.2889 105.8773 75.8985 12.6898 1133.7037 836.4477 836.4477 777.7021 118.8175 282.3354 184.1567 124.1568 356.8843 1286.0097 269.789 468.8665 283.5999 114.7345 375.0054 210.729 284.9562 1299.4057;
	3.8997 52.6932 95.3417 120.858 15.2279 34.0839 31.3673 19.1485 10.7611 13.3179 24.6179 36.725 55.2893 66.4014 181.7511 68.4737 84.9581 90.0302 80.6073 56.8637 10.4558 79.5292 30.3436 64.9827 106.156 76.0366 14.1014 991.96 838.5308 838.5308 753.4888 120.0206 268.6911 146.3673 208.1772 357.7732 1236.7013 275.4176 457.2107 284.3466 122.2913 378.1043 210.4974 286.3088 1249.5836;
	3.8557 52.0984 95.0203 118.9675 14.9654 34.3786 30.1982 18.8297 7.4533 12.7893 23.6408 35.2674 53.0949 67.7342 191.8175 72.2661 89.6635 95.0166 51.1561 64.7612 10.0661 80.2166 30.393 87.959 104.024 72.5302 14.0137 788.7066 854.4388 854.4388 788.7435 121.8757 170.5202 166.6955 212.3558 364.5606 1244.0136 307.7774 451.833 278.6358 121.9718 381.3728 213.9189 280.0137 1256.972;
	3.8229 51.6556 94.3696 118.2223 14.6814 34.5176 30.716 18.3346 17.1313 10.6779 19.7379 29.4451 44.3294 64.0607 166.5816 62.7587 77.8672 82.516 51.8936 53.4555 10.2387 80.541 23.4054 88.1193 99.5608 70.3853 13.8079 616.2273 853.5226 853.5226 783.1484 118.8414 172.9788 137.5947 200.8389 364.1696 1192.0817 278.5392 454.9414 266.6807 119.6595 382.9148 214.5646 276.5769 1204.4992;
	3.8335 51.7993 95.2071 119.6545 14.6045 34.9506 31.598 19.0507 27.4743 17.9757 33.2279 49.5694 74.6265 69.8602 192.2622 72.4337 89.8714 95.2369 41.5702 61.1975 10.5327 81.5515 26.9237 89.1408 101.921 73.7863 14.1466 435.4016 841.478 841.478 783.4066 111.0559 138.5673 157.5225 219.0211 359.0306 1003.203 279.181 464.828 273.0026 121.1047 387.719 208.0742 277.8153 1013.653;
	3.3795 45.664 94.9893 118.8635 14.2891 33.323 30.9041 19.0715 27.6311 19.9548 36.8861 55.0268 82.8426 69.6195 188.2491 70.9218 87.9955 93.249 51.8308 53.6375 10.3014 77.7536 33.305 89.3797 103.9364 74.2021 13.9504 338.9331 845.5409 845.5409 777.2314 114.2533 172.7692 138.0629 218.2665 360.7641 872.7721 269.8529 463.7818 278.4012 122.3036 369.6628 194.3937 275.8183 881.8635;
	2.2667 30.6285 95.242 119.1703 14.6015 23.0653 27.5613 19.0694 28.2451 28.1632 52.0592 77.6621 116.9199 69.5276 192.7357 72.612 90.0927 95.4714 91.2285 64.4613 9.1871 53.8191 57.6877 90.0816 105.4475 73.8368 14.1408 327.1231 787.6589 787.6589 702.0887 116.0454 304.0949 165.9235 217.9786 336.0678 777.6043 250.847 449.3324 282.4488 121.4664 255.8713 178.1578 281.8644 785.7043;
	2.2412 30.2842 93.5246 116.8754 14.3821 13.3795 25.7292 19.1116 27.6264 30.7099 56.7668 84.6849 127.4926 67.8013 195.4557 73.6368 91.3642 96.8187 92.4875 67.7246 8.5764 31.2189 72.6243 89.7368 104.2988 74.525 14.1112 311.2919 672.5483 672.5483 641.2497 114.564 308.2918 174.3232 212.5662 286.9539 575.5997 224.1543 445.3656 279.3718 122.1938 148.4234 138.7495 277.0314 581.5956;
	2.1904 29.5966 91.1717 116.7607 12.269 0.9068 21.6564 18.9226 27.1174 29.378 54.3048 81.0121 121.9633 67.2027 199.1896 75.0435 93.1096 98.6683 90.9183 70.8657 7.2188 2.1158 69.1565 87.8005 101.2381 73.1087 13.9332 474.8891 566.9137 566.9137 454.7666 100.8291 303.0608 182.4085 210.6896 241.8832 511.5446 200.3538 432.1129 271.1734 120.8831 10.0592 112.868 269.8921 516.8732;
	3.4448 46.5467 91.5784 88.1641 14.5924 27.9421 16.9456 18.9526 24.4075 29.736 54.9665 81.9992 123.4494 64.2215 198.3616 74.7316 92.7225 98.2582 91.5983 71.1525 5.6485 65.1983 71.9416 86.8849 99.7753 74.095 13.9891 529.617 589.1576 589.1576 435.4652 56.3594 305.3277 183.1468 201.3431 251.3739 558.7344 172.2162 452.3382 267.2553 119.6398 309.9715 88.2473 281.7334 564.5546;
	3.1064 41.9748 93.7747 69.2821 14.9239 33.0322 13.5558 19.1613 26.6932 26.9428 49.8034 74.2968 111.8534 65.7158 187.4145 70.6073 87.6054 92.8356 85.9693 68.7462 4.5186 77.0752 71.6 88.8709 106.3192 75.5214 14.1053 581.2004 617.4369 617.4369 445.0003 35.4598 286.5643 176.953 206.0278 263.4397 625.0383 118.8953 167.0105 284.7835 117.6287 366.4376 107.5817 276.6625 631.5491;
	3.5433 47.8784 91.3475 64.937 14.4669 32.573 27.2934 19.1343 25.8048 12.2524 22.6485 33.7871 50.8662 67.9842 170.865 64.3724 79.8695 84.6378 71.6504 69.7545 9.0978 76.0037 50.2594 88.881 106.4164 75.1531 13.7979 677.9735 635.3899 635.3899 399.3002 33.5216 238.8346 179.5482 213.1397 271.0997 800.2614 82.8563 384.1658 285.0439 121.1381 361.3433 112.5398 271.1937 808.5974;
