function loadprofile = ex_load_profilesh1
%EX_LOAD_PROFILE  Example load profile data file for stochastic unit commitment.
% 2022.03.12
% Andres F. Ramirez

%% define constants
[CT_LABEL, CT_PROB, CT_TABLE, CT_TBUS, CT_TGEN, CT_TBRCH, CT_TAREABUS, ...
    CT_TAREAGEN, CT_TAREABRCH, CT_ROW, CT_COL, CT_CHGTYPE, CT_REP, ...
    CT_REL, CT_ADD, CT_NEWVAL, CT_TLOAD, CT_TAREALOAD, CT_LOAD_ALL_PQ, ...
    CT_LOAD_FIX_PQ, CT_LOAD_DIS_PQ, CT_LOAD_ALL_P, CT_LOAD_FIX_P, ...
    CT_LOAD_DIS_P, CT_TGENCOST, CT_TAREAGENCOST, CT_MODCOST_F, ...
    CT_MODCOST_X] = idx_ct;

loadprofile = struct( ...
    'type', 'mpcData', ...
    'table', CT_TAREALOAD, ...
    'rows', [1:11], ...
    'col', CT_LOAD_ALL_P, ...
    'chgtype', 1, ...
    'values', [] );
loadprofile.values(:,1,:) = [
	1452.0612 955.7368 1619.4 576.278 827.8732 1255.5823 917.9 289.5633 563.271 4737.5237 1897.4649;
	1404.1855 924.7014 1589.1033 571.8 819.7388 1226.9611 887.037 288.9 529.9114 4526.0738 1786.9522;
	1399.0669 918.611 1580.4601 568.2109 822.3773 1259.4788 895.2 282.63 527.0666 4497.1712 1804.4325;
	1438.9 941.7 1619.9136 575.3265 855.1379 1274.9246 917.0 297.817 538.9393 4520.0772 1843.5016;
	1502.2592 997.4888 1700.6768 583.6716 923.0857 1357.3845 960.8049 293.2 570.9927 4688.1806 1915.2992;
	1555.2 1029.6704 1765.4794 613.9544 973.6905 1404.0585 1010.9943 304.6 606.4348 4820.3567 1985.4453;
	1575.52 1050.2301 1827.314 618.2 1003.5499 1454.8685 1082.5232 331.7524 624.9193 5087.2475 2077.8278;
	1631.1628 1070.5496 1857.5788 629.5175 1012.692 1481.4149 1145.9696 344.9752 658.327 5467.883 2279.8738;
	1614.3781 1089.4 1879.3886 627.9418 992.1 1534.4241 1222.346 355.3691 670.3143 5657.1894 2359.8899;
	1611.0827 1086.2834 1875.583 614.3192 979.8 1536.8558 1178.0816 371.7516 660.5389 5675.587 2350.4388;
	1600.2244 1083.7 1888.2472 598.8351 950.9969 1530.6539 1208.5 363.1 643.9196 5759.6936 2328.4697;
	1659.4847 1108.1146 1889.6357 599.3 960.9225 1568.5646 1240.0301 386.1625 655.8925 5890.9908 2353.0413;
	1649.3401 1062.0 1804.3343 591.1305 937.3487 1486.4351 1210.1392 370.0844 636.6 5719.6933 2183.5779;
	1625.5704 1050.6602 1782.9489 568.7 929.5 1469.4105 1199.9324 371.3331 622.3844 5581.2875 2084.0442;
	1649.1622 1059.5882 1827.1827 566.7576 931.6228 1481.783 1190.5988 344.1415 610.7574 5598.2031 2149.6506;
	1648.9302 1066.8456 1814.0185 589.4707 957.6 1527.1 1226.4784 345.3447 597.8937 5545.6672 2159.2;
	1658.3616 1068.2268 1827.5585 590.4 970.8316 1539.8973 1213.2 359.5 613.5379 5588.8749 2247.6265;
	1697.3 1127.9 1883.1405 601.6672 1031.8834 1578.9864 1243.8083 385.3961 677.6655 5784.2 2396.4904;
	1692.0309 1127.709 1881.8015 605.0 1030.0879 1570.0268 1257.2156 410.7483 685.3487 5776.9155 2390.1122;
	1678.9392 1081.2615 1822.956 589.0 952.5313 1479.9377 1160.2728 365.7772 670.6681 5563.0532 2256.7858;
	1620.2908 1038.7 1719.5649 568.9 874.6654 1353.2 1058.996 319.5 619.4877 5396.8053 2105.1461;
	1554.7514 983.0 1643.6604 550.0775 834.7026 1298.8283 1000.3894 280.0424 574.268 5092.9841 1962.5467;
	1449.7384 937.0837 1601.1979 555.2037 803.8948 1148.868 945.8512 264.1861 529.544 5058.0131 1787.1068;
	1454.8697 916.2568 1590.3428 555.7 783.5932 1147.0765 914.0065 253.3428 523.9716 4674.496 1701.4431;
];
