function loadprofile = ex_load_profilesh1
%EX_LOAD_PROFILE  Example load profile data file for stochastic unit commitment.
% 2022.03.12
% Andres F. Ramirez

%% define constants
[CT_LABEL, CT_PROB, CT_TABLE, CT_TBUS, CT_TGEN, CT_TBRCH, CT_TAREABUS, ...
    CT_TAREAGEN, CT_TAREABRCH, CT_ROW, CT_COL, CT_CHGTYPE, CT_REP, ...
    CT_REL, CT_ADD, CT_NEWVAL, CT_TLOAD, CT_TAREALOAD, CT_LOAD_ALL_PQ, ...
    CT_LOAD_FIX_PQ, CT_LOAD_DIS_PQ, CT_LOAD_ALL_P, CT_LOAD_FIX_P, ...
    CT_LOAD_DIS_P, CT_TGENCOST, CT_TAREAGENCOST, CT_MODCOST_F, ...
    CT_MODCOST_X] = idx_ct;

loadprofile = struct( ...
    'type', 'mpcData', ...
    'table', CT_TAREALOAD, ...
    'rows', [1:11], ...
    'col', CT_LOAD_ALL_P, ...
    'chgtype', 1, ...
    'values', [] );
loadprofile.values(:,1,:) = [
	1578.8497 958.7478 1622.5 565.2014 788.4304 1267.8714 916.3 285.9731 555.9674 4820.4407 1819.9068;
	1570.0675 938.1307 1605.9846 547.0259 792.6 1224.1 879.7955 271.1282 526.7 4618.6695 1736.3959;
	1539.7466 941.1023 1633.3851 539.7492 789.0938 1251.8968 864.0066 283.9253 515.4338 4549.2828 1719.6302;
	1564.0644 950.5 1672.6889 558.4964 826.6139 1274.7161 902.2541 304.398 528.996 4636.4736 1732.5883;
	1601.0077 1004.6358 1735.7347 575.7867 882.3759 1312.5341 942.1183 318.0347 548.9481 4793.8914 1840.6737;
	1652.5 1031.7161 1820.6353 584.9948 960.9969 1372.7876 989.2073 329.0309 575.4636 4900.7366 1901.1537;
	1651.9604 1040.5 1836.7037 578.7784 985.6502 1423.5228 1009.7308 335.8 568.6 5041.7804 1823.4834;
	1669.5291 1081.263 1887.7 623.5103 984.9561 1498.0515 1078.046 341.1688 608.3 5294.3702 1976.3967;
	1665.5 1091.1 1908.0462 622.057 984.5079 1464.2 1065.0422 331.2 611.254 5375.8 1923.7904;
	1748.6 1136.4311 1910.4898 609.8844 1018.6939 1436.5475 1108.0671 350.1 631.4 5477.6522 1938.0223;
	1737.1711 1180.1813 1951.7274 604.8 1042.2416 1459.399 1153.4 356.1868 640.8597 5729.4669 2054.9254;
	1717.4861 1157.4308 1889.3003 590.9685 1026.2021 1497.8589 1132.5851 339.7978 639.6165 5558.643 1933.3689;
	1732.7 1157.9606 1880.1151 591.405 994.1207 1433.5309 1109.0127 341.3402 630.3849 5549.5993 1914.2555;
	1727.729 1150.9714 1847.8532 590.7 995.5 1426.7 1133.0477 353.1823 631.9395 5611.7497 2001.0755;
	1737.4864 1162.0842 1838.7 587.1913 1000.9 1436.8 1163.0595 345.1825 652.9 5624.4786 2072.3165;
	1746.1455 1198.3719 1895.955 598.9681 998.4793 1491.4689 1226.0092 345.9 668.8866 5607.2591 2156.6689;
	1728.8 1185.7504 1903.7 596.9796 981.3 1483.6471 1218.4664 350.3571 654.4627 5522.662 2144.7121;
	1788.9403 1194.025 1948.9002 610.0 1009.6351 1544.153 1264.1554 362.4738 705.847 5685.795 2266.6654;
	1787.8385 1201.3398 1937.4015 616.4 1006.9525 1511.6287 1272.9504 364.6958 730.3587 5719.1748 2275.9342;
	1700.6 1166.029 1842.5549 589.7973 928.9434 1436.5459 1175.4359 338.4 705.9 5594.5 2170.2166;
	1651.662 1118.4053 1756.1597 566.5682 881.8 1360.7152 1113.8354 322.3 653.0 5393.0524 2048.9985;
	1655.4024 1080.0174 1671.4718 552.0 804.3814 1280.507 1023.1982 279.6756 595.0942 5123.7985 1867.7857;
	1520.8085 976.0757 1598.6167 550.4169 707.5111 1150.9341 904.2757 264.6579 513.2712 4738.9864 1591.9492;
	1505.383 949.496 1580.2985 538.4 727.1181 1114.1661 872.6325 253.3 476.5707 4622.1778 1568.5447;
];
