function loadprofile = ex_load_profilesh1
%EX_LOAD_PROFILE  Example load profile data file for stochastic unit commitment.
% 2022.03.12
% Andres F. Ramirez

%% define constants
[CT_LABEL, CT_PROB, CT_TABLE, CT_TBUS, CT_TGEN, CT_TBRCH, CT_TAREABUS, ...
    CT_TAREAGEN, CT_TAREABRCH, CT_ROW, CT_COL, CT_CHGTYPE, CT_REP, ...
    CT_REL, CT_ADD, CT_NEWVAL, CT_TLOAD, CT_TAREALOAD, CT_LOAD_ALL_PQ, ...
    CT_LOAD_FIX_PQ, CT_LOAD_DIS_PQ, CT_LOAD_ALL_P, CT_LOAD_FIX_P, ...
    CT_LOAD_DIS_P, CT_TGENCOST, CT_TAREAGENCOST, CT_MODCOST_F, ...
    CT_MODCOST_X] = idx_ct;

loadprofile = struct( ...
    'type', 'mpcData', ...
    'table', CT_TAREALOAD, ...
    'rows', [1:11], ...
    'col', CT_LOAD_ALL_P, ...
    'chgtype', 1, ...
    'values', [] );
loadprofile.values(:,1,:) = [
	1458.877 980.7442 1545.5357 585.5116 774.1112 1252.1854 897.2453 260.5983 503.4423 4812.375 1824.5731;
	1436.2388 939.81 1522.747 565.6406 756.9902 1219.5 880.0713 251.7 477.8 4610.4153 1746.5;
	1428.9055 939.4051 1501.7283 565.3 736.9884 1213.5491 880.4233 257.2188 488.3251 4586.777 1763.6;
	1429.7747 941.7379 1492.3933 579.173 744.6348 1237.4317 883.7 263.3 482.8423 4616.916 1794.0198;
	1488.688 992.0087 1601.3358 578.9709 795.6389 1283.4761 933.3 284.8086 530.7265 4736.0931 1871.3203;
	1558.3998 1036.6871 1700.4 606.8547 863.9118 1376.0063 1011.5107 309.2026 582.5 4939.4868 1982.1167;
	1569.6 1049.7585 1731.7979 625.8554 902.4334 1417.7232 1036.7 328.3 611.6 5151.251 2050.1956;
	1645.6205 1073.1539 1765.04 619.8821 944.22 1487.4649 1094.1 330.6347 639.2772 5359.539 2098.8369;
	1707.0781 1092.3892 1777.0497 611.2 966.6137 1467.4 1067.3 343.602 659.5327 5352.2324 2139.7319;
	1702.1789 1105.5867 1779.9062 618.3729 987.5499 1486.596 1104.2942 341.915 660.9991 5440.086 2137.8238;
	1713.0168 1096.2794 1805.0 600.5 936.6188 1494.0421 1128.8024 352.6 678.7324 5601.0427 2156.6382;
	1676.3963 1081.3926 1782.3576 577.3 894.0402 1406.3949 1091.9615 331.6241 670.4156 5537.542 2128.8927;
	1655.0693 1086.1 1780.3327 564.0223 893.5029 1427.7335 1084.4908 330.0 662.9741 5488.9601 2155.3785;
	1601.3375 1059.6 1743.4961 565.6254 886.8 1462.6588 1089.4 327.1972 683.8268 5465.1377 2131.3917;
	1605.2804 1073.2 1751.7412 565.2056 919.5831 1454.5 1104.2324 320.7816 688.1142 5533.0356 2104.4495;
	1620.0289 1100.9598 1784.7444 579.4554 939.7 1523.0065 1160.728 328.4 691.8083 5588.9484 2189.3105;
	1675.7779 1150.4356 1861.6374 598.5 965.9184 1524.8368 1204.1632 355.7146 683.1 5707.0771 2331.0646;
	1729.3947 1208.5196 1956.5648 611.4439 997.672 1578.2949 1287.4088 371.2 726.2278 6004.9756 2409.0884;
	1760.9146 1220.5402 1928.373 596.5731 999.4731 1529.1349 1259.5517 359.5379 747.3197 5950.6534 2407.1;
	1722.7406 1161.6946 1866.6 585.1094 976.1519 1458.2182 1186.935 345.6882 673.936 5815.8273 2306.6566;
	1669.9687 1099.9 1759.7308 567.3183 887.3326 1379.5854 1073.247 302.6 630.3334 5427.6228 2112.8118;
	1541.8746 1006.4398 1632.6282 557.2436 811.5703 1271.2176 975.8926 262.8499 571.5521 5171.2686 1917.2577;
	1429.7074 977.4452 1561.5253 554.4414 752.9995 1115.8298 907.6256 253.2314 492.8271 4787.3182 1754.4861;
	1435.9346 933.6977 1482.9297 537.5353 697.1783 1082.7337 865.5 233.6005 444.8611 4589.5375 1664.687;
];
