function loadprofile = ex_load_profilesh1
%EX_LOAD_PROFILE  Example load profile data file for stochastic unit commitment.
% 2022.03.12
% Andres F. Ramirez

%% define constants
[CT_LABEL, CT_PROB, CT_TABLE, CT_TBUS, CT_TGEN, CT_TBRCH, CT_TAREABUS, ...
    CT_TAREAGEN, CT_TAREABRCH, CT_ROW, CT_COL, CT_CHGTYPE, CT_REP, ...
    CT_REL, CT_ADD, CT_NEWVAL, CT_TLOAD, CT_TAREALOAD, CT_LOAD_ALL_PQ, ...
    CT_LOAD_FIX_PQ, CT_LOAD_DIS_PQ, CT_LOAD_ALL_P, CT_LOAD_FIX_P, ...
    CT_LOAD_DIS_P, CT_TGENCOST, CT_TAREAGENCOST, CT_MODCOST_F, ...
    CT_MODCOST_X] = idx_ct;

loadprofile = struct( ...
    'type', 'mpcData', ...
    'table', CT_TAREALOAD, ...
    'rows', [1:11], ...
    'col', CT_LOAD_ALL_P, ...
    'chgtype', 1, ...
    'values', [] );
loadprofile.values(:,1,:) = [
	1396.2882 948.8641 1612.1765 579.3841 820.0684 1304.0959 923.2238 300.5508 531.0 4941.6634 1972.4856;
	1386.1351 927.8 1593.878 568.7 797.5335 1282.4401 907.0306 297.7865 512.4761 4866.5701 1964.0148;
	1353.3968 924.1335 1583.6633 583.7 801.8787 1259.7367 908.8851 292.3882 494.0472 4782.8218 1918.8883;
	1387.8703 944.8819 1594.2 576.0987 826.2 1268.4436 929.2 294.812 515.0067 4787.7657 1957.942;
	1408.0191 994.9932 1664.657 576.9787 844.2565 1286.5549 943.3888 300.5 511.9287 4842.1412 1944.7119;
	1459.885 1054.3648 1756.3 590.5 906.0366 1359.3 1000.6572 324.1641 529.9905 5038.5083 1976.6948;
	1469.5175 1068.0502 1808.8044 591.974 952.3721 1385.9595 1054.3538 343.6388 583.8346 5108.7529 2029.3678;
	1511.085 1116.9264 1876.2198 591.0 1017.6021 1418.4471 1099.2221 359.7889 615.9443 5242.821 2084.6905;
	1536.2059 1108.2 1901.3 595.754 1039.5433 1404.8864 1135.3495 372.5352 640.1734 5451.5593 2197.4788;
	1555.3871 1117.1013 1907.1141 609.2 1033.9934 1367.9699 1111.4193 373.3633 650.6086 5526.4544 2219.467;
	1539.8277 1113.1168 1889.1 600.9 1020.0151 1366.7463 1073.0124 358.8363 658.0969 5566.996 2202.2317;
	1548.1806 1101.5699 1861.6693 613.5694 997.8482 1331.27 1029.4 344.1326 646.5855 5539.9363 2146.4903;
	1551.7057 1094.1923 1848.5 605.0542 971.0257 1306.3409 1053.5 340.2731 650.9 5635.0107 2202.8359;
	1561.9502 1100.2395 1828.6443 591.9 931.3345 1317.3 1064.5 323.056 659.5003 5619.1367 2188.2249;
	1589.6274 1107.2567 1852.6 592.6 941.982 1338.802 1063.7969 318.8617 650.9977 5543.3259 2228.3608;
	1624.6595 1133.1682 1918.9729 602.2733 983.1702 1350.7832 1079.1036 330.8671 635.6376 5539.8835 2293.9477;
	1627.6673 1142.1817 1925.4341 602.1 972.6098 1408.1916 1123.8793 332.22 661.9103 5628.0134 2384.533;
	1682.3992 1195.4767 1985.3828 607.0632 995.8898 1490.5094 1181.6 365.9799 703.8 5778.2721 2630.771;
	1692.8972 1165.0956 1949.8898 597.3 939.5875 1469.4661 1165.6 360.8 695.8853 5699.9343 2545.5419;
	1672.776 1135.0425 1888.2877 575.8 901.9613 1408.6655 1124.3299 330.2965 668.1284 5619.702 2411.197;
	1603.7879 1091.4739 1792.9 537.1648 830.0 1333.4 1063.2587 322.7853 624.8962 5505.5083 2324.6489;
	1529.8761 1027.4369 1661.6 518.4072 768.7306 1246.8 988.1852 292.0 580.0613 5483.4064 2270.381;
	1467.3297 940.3 1581.8554 505.7983 700.2889 1111.4085 898.0963 268.8 518.6706 4969.2361 2004.442;
	1450.3301 924.6792 1561.2376 512.3365 688.5421 1082.317 863.4814 253.3 475.5227 4779.1512 1733.8399;
];
