function solarprofile = ex_solar_profilesh1
%EX_WIND_PROFILE_D  Example wind_load_nyiso profile data for deterministic unit commitment.
% 2022.03.12
% Andres F. Ramirez


%% define constants
[GEN_BUS, PG, QG, QMAX, QMIN, VG, MBASE, GEN_STATUS, PMAX, PMIN, ...
    MU_PMAX, MU_PMIN, MU_QMAX, MU_QMIN, PC1, PC2, QC1MIN, QC1MAX, ...
    QC2MIN, QC2MAX, RAMP_AGC, RAMP_10, RAMP_30, RAMP_Q, APF] = idx_gen;
[CT_LABEL, CT_PROB, CT_TABLE, CT_TBUS, CT_TGEN, CT_TBRCH, CT_TAREABUS, ...
    CT_TAREAGEN, CT_TAREABRCH, CT_ROW, CT_COL, CT_CHGTYPE, CT_REP, ...
    CT_REL, CT_ADD, CT_NEWVAL, CT_TLOAD, CT_TAREALOAD, CT_LOAD_ALL_PQ, ...
    CT_LOAD_FIX_PQ, CT_LOAD_DIS_PQ, CT_LOAD_ALL_P, CT_LOAD_FIX_P, ...
    CT_LOAD_DIS_P, CT_TGENCOST, CT_TAREAGENCOST, CT_MODCOST_F, ...
    CT_MODCOST_X] = idx_ct;

solarprofile = struct( ...
    'type', 'mpcData', ...
    'table', CT_TGEN, ...
    'rows', [1:12], ...
    'col', PMAX, ...
    'chgtype', 1, ...
    'values', [] );
solarprofile.values(:,1,:) = [
	0.0 0.0 0.0 0.0 0.0 0.0 0.0 0.0 0.0 0.0 0.0 0.0;
	0.0 0.0 0.0 0.0 0.0 0.0 0.0 0.0 0.0 0.0 0.0 0.0;
	0.0 0.0 0.0 0.0 0.0 0.0 0.0 0.0 0.0 0.0 0.0 0.0;
	0.0 0.0 0.0 0.0 0.0 0.0 0.0 0.0 0.0 0.0 0.0 0.0;
	0.0 0.0 0.0 0.0 0.0 0.0 0.0 0.0 0.0 0.0 0.0 0.0;
	0.0 0.0 0.0 0.0 0.0 0.0 0.0 0.0 0.0 0.0 0.0 0.0;
	0.2542 0.4084 0.192 0.4743 0.7104 0.0 0.0 0.0 0.0 11.1457 4.5252 20.185;
	0.5729 0.5975 0.5207 1.1874 0.7853 0.0 0.0 0.0 0.0 29.5856 0.0 53.5798;
	0.6567 0.7242 0.7237 2.0413 1.1472 0.0 0.0 0.0 0.0 55.0828 2.0598 99.7554;
	0.1048 0.5686 0.7979 2.546 2.4897 0.0 0.0 0.0 24.7665 40.2602 18.532 72.9115;
	0.3012 0.5105 0.9548 1.8512 2.9692 0.0 0.0 0.0 55.726 40.6903 30.893 73.6904;
	0.7483 0.6023 1.1543 1.3499 2.8958 2.9228 0.3654 1.2402 90.217 46.963 34.4502 85.0503;
	1.7041 1.0306 1.3993 2.1579 2.9715 84.6137 10.5767 23.4224 101.8976 83.4529 43.3035 151.1337;
	1.3061 0.8026 1.0372 2.6842 2.9494 64.0985 8.0123 22.4275 76.2952 71.6817 37.0373 129.8161;
	0.471 0.4467 0.5502 3.3678 2.9147 38.9317 4.8665 17.6069 46.4275 45.2694 32.6897 81.9831;
	0.0 0.3713 0.3373 2.5863 1.2316 11.8036 1.4754 3.7522 20.4193 19.6439 25.5515 35.5752;
	0.2569 0.2432 0.1754 0.4357 0.5348 28.8945 3.6118 6.2288 24.8094 21.4475 11.5776 38.8415;
	0.0 0.0 0.0 0.0 0.0 0.0 0.0 0.0 0.0 0.0 0.0 0.0;
	0.0 0.0 0.0 0.0 0.0 0.0 0.0 0.0 0.0 0.0 0.0 0.0;
	0.0 0.0 0.0 0.0 0.0 0.0 0.0 0.0 0.0 0.0 0.0 0.0;
	0.0 0.0 0.0 0.0 0.0 0.0 0.0 0.0 0.0 0.0 0.0 0.0;
	0.0 0.0 0.0 0.0 0.0 0.0 0.0 0.0 0.0 0.0 0.0 0.0;
	0.0 0.0 0.0 0.0 0.0 0.0 0.0 0.0 0.0 0.0 0.0 0.0;
	0.0 0.0 0.0 0.0 0.0 0.0 0.0 0.0 0.0 0.0 0.0 0.0;
];
