function solarprofile = ex_solar_profilesh1
%EX_WIND_PROFILE_D  Example wind_load_nyiso profile data for deterministic unit commitment.
% 2022.03.12
% Andres F. Ramirez


%% define constants
[GEN_BUS, PG, QG, QMAX, QMIN, VG, MBASE, GEN_STATUS, PMAX, PMIN, ...
    MU_PMAX, MU_PMIN, MU_QMAX, MU_QMIN, PC1, PC2, QC1MIN, QC1MAX, ...
    QC2MIN, QC2MAX, RAMP_AGC, RAMP_10, RAMP_30, RAMP_Q, APF] = idx_gen;
[CT_LABEL, CT_PROB, CT_TABLE, CT_TBUS, CT_TGEN, CT_TBRCH, CT_TAREABUS, ...
    CT_TAREAGEN, CT_TAREABRCH, CT_ROW, CT_COL, CT_CHGTYPE, CT_REP, ...
    CT_REL, CT_ADD, CT_NEWVAL, CT_TLOAD, CT_TAREALOAD, CT_LOAD_ALL_PQ, ...
    CT_LOAD_FIX_PQ, CT_LOAD_DIS_PQ, CT_LOAD_ALL_P, CT_LOAD_FIX_P, ...
    CT_LOAD_DIS_P, CT_TGENCOST, CT_TAREAGENCOST, CT_MODCOST_F, ...
    CT_MODCOST_X] = idx_ct;

solarprofile = struct( ...
    'type', 'mpcData', ...
    'table', CT_TGEN, ...
    'rows', [1:12], ...
    'col', PMAX, ...
    'chgtype', 1, ...
    'values', [] );
solarprofile.values(:,1,:) = [
	0.0 0.0 0.0 0.0 0.0 0.0 0.0 0.0 0.0 0.0 0.0 0.0;
	0.0 0.0 0.0 0.0 0.0 0.0 0.0 0.0 0.0 0.0 0.0 0.0;
	0.0 0.0 0.0 0.0 0.0 0.0 0.0 0.0 0.0 0.0 0.0 0.0;
	0.0 0.0 0.0 0.0 0.0 0.0 0.0 0.0 0.0 0.0 0.0 0.0;
	0.0 0.0 0.0 0.0 0.0 0.0 0.0 0.0 0.0 0.0 0.0 0.0;
	0.0 0.0 0.0 0.0 0.0 0.0 0.0 0.0 0.0 0.0 0.0 0.0;
	1.7545 3.0034 1.9895 0.722 2.1325 41.5923 5.199 24.77 5.7055 9.8762 5.1992 17.8859;
	0.8823 0.7205 0.9272 0.3434 1.4653 66.6599 8.3325 9.8212 15.1575 2.9494 9.5262 5.3414;
	0.5294 0.2567 0.6656 0.297 1.0624 56.3915 7.0489 5.4289 22.142 9.6659 12.8833 17.5051;
	0.0 0.0 0.0 0.5448 0.7424 34.3116 4.2889 6.3782 60.6753 14.5782 12.4164 26.4013;
	0.0 0.0 0.0 0.8028 0.8844 26.1105 3.2638 5.8113 43.4666 27.5511 19.7142 49.8951;
	0.4971 0.3246 0.0429 0.9085 1.0759 17.5414 2.1927 3.9366 32.5776 38.7031 25.696 70.0915;
	3.4064 2.118 1.0662 1.0785 1.2519 11.7375 1.4672 10.6931 43.3339 74.8257 25.7407 135.5097;
	2.9623 1.9322 1.1302 1.1286 1.1717 11.5498 1.4437 10.1051 63.5513 64.4889 17.9864 116.7897;
	1.949 1.2841 0.8851 1.4882 1.6957 13.6351 1.7044 11.601 87.7886 46.5342 11.6047 84.2738;
	0.89 0.8387 0.5438 2.2575 3.1877 32.2328 4.0291 9.3624 109.285 32.1898 16.7885 58.296;
	0.2415 0.2236 0.1471 0.7109 1.4225 35.3906 4.4238 6.1647 26.806 21.0327 14.9198 38.0903;
	0.0 0.0 0.0 0.0 0.0 0.0 0.0 0.0 0.0 0.0 0.0 0.0;
	0.0 0.0 0.0 0.0 0.0 0.0 0.0 0.0 0.0 0.0 0.0 0.0;
	0.0 0.0 0.0 0.0 0.0 0.0 0.0 0.0 0.0 0.0 0.0 0.0;
	0.0 0.0 0.0 0.0 0.0 0.0 0.0 0.0 0.0 0.0 0.0 0.0;
	0.0 0.0 0.0 0.0 0.0 0.0 0.0 0.0 0.0 0.0 0.0 0.0;
	0.0 0.0 0.0 0.0 0.0 0.0 0.0 0.0 0.0 0.0 0.0 0.0;
	0.0 0.0 0.0 0.0 0.0 0.0 0.0 0.0 0.0 0.0 0.0 0.0;
];
