function loadprofile = ex_load_profilesh1
%EX_LOAD_PROFILE  Example load profile data file for stochastic unit commitment.
% 2022.03.12
% Andres F. Ramirez

%% define constants
[CT_LABEL, CT_PROB, CT_TABLE, CT_TBUS, CT_TGEN, CT_TBRCH, CT_TAREABUS, ...
    CT_TAREAGEN, CT_TAREABRCH, CT_ROW, CT_COL, CT_CHGTYPE, CT_REP, ...
    CT_REL, CT_ADD, CT_NEWVAL, CT_TLOAD, CT_TAREALOAD, CT_LOAD_ALL_PQ, ...
    CT_LOAD_FIX_PQ, CT_LOAD_DIS_PQ, CT_LOAD_ALL_P, CT_LOAD_FIX_P, ...
    CT_LOAD_DIS_P, CT_TGENCOST, CT_TAREAGENCOST, CT_MODCOST_F, ...
    CT_MODCOST_X] = idx_ct;

loadprofile = struct( ...
    'type', 'mpcData', ...
    'table', CT_TAREALOAD, ...
    'rows', [1:11], ...
    'col', CT_LOAD_ALL_P, ...
    'chgtype', 1, ...
    'values', [] );
loadprofile.values(:,1,:) = [
	1544.7359 966.438 1691.6 567.5064 927.2586 1271.1338 950.2136 286.4685 566.6744 4956.0791 1949.8362;
	1501.5435 946.7782 1664.7398 557.3783 882.0365 1255.398 917.4427 264.4499 536.225 4646.4765 1810.1488;
	1507.7313 948.0 1702.2444 564.2142 896.4194 1249.7942 935.4872 263.8969 543.2037 4705.6639 1817.3073;
	1544.3899 972.6944 1733.9563 580.3458 953.5414 1268.5213 936.9588 283.6 552.2957 4677.1344 1803.1536;
	1575.4918 1018.4688 1802.518 612.791 986.7906 1327.8 1006.7587 319.9638 579.6317 4917.1024 1896.1904;
	1603.4764 1048.0321 1846.9146 621.9 1000.9426 1338.2533 1055.059 335.4471 599.8725 4988.8669 1982.9846;
	1626.3642 1075.396 1880.8943 624.6 1045.0805 1398.6654 1098.2 346.3487 616.9798 5209.1121 2114.055;
	1667.9467 1077.125 1921.4215 635.6508 1061.405 1439.0982 1133.8179 344.5806 642.0399 5260.68 2160.6009;
	1746.0978 1119.339 1958.3928 648.7907 1053.1659 1450.8494 1154.7854 352.3149 651.2 5421.8222 2309.007;
	1730.7557 1117.3323 1931.1083 639.4889 1057.5847 1525.5744 1197.1 347.3181 683.4664 5525.5747 2343.177;
	1684.8967 1115.0739 1907.8996 614.8 1017.8 1449.1402 1168.2948 331.0884 671.2839 5540.9346 2270.8654;
	1665.8352 1123.419 1908.0671 602.0521 999.8629 1468.5904 1173.4492 324.1 665.0659 5504.6311 2243.3309;
	1662.589 1116.4687 1913.9427 609.7592 983.9834 1413.6543 1105.9823 322.2 646.1922 5427.1564 2176.2402;
	1607.9879 1087.3905 1888.0238 613.4502 1003.0214 1368.1 1064.8112 320.1738 627.8732 5322.7707 2106.8995;
	1575.7804 1078.7 1889.0458 631.0007 1003.9356 1410.0877 1069.4994 321.0073 650.5481 5332.9141 2157.149;
	1630.9684 1114.7892 1948.6 631.064 1026.8 1460.7636 1079.5 328.4427 616.2424 5338.4054 2156.191;
	1629.1 1123.4456 1904.0794 641.5586 1062.0895 1484.8361 1112.1113 345.382 667.6 5442.9846 2237.9078;
	1698.6448 1181.117 1987.7356 650.2471 1117.3196 1544.7872 1180.8614 356.7114 715.9648 5693.0129 2429.2618;
	1742.4007 1154.6864 1970.1745 651.4101 1075.445 1520.5162 1158.1323 349.3741 702.9079 5646.3655 2346.2997;
	1721.7438 1118.9767 1889.323 629.0059 1032.5395 1461.2225 1097.1627 334.9945 681.7721 5517.2211 2262.7066;
	1645.4883 1039.3041 1745.7565 609.7575 951.7576 1374.8415 1020.3 319.5 631.8791 5288.41 2041.0491;
	1629.2745 998.865 1738.7 589.8227 900.9628 1274.8043 956.9 269.299 585.4179 5051.923 1892.0347;
	1624.127 969.6734 1786.3462 581.1385 867.5918 1144.4407 898.7312 260.0 532.6 4860.7916 1714.0067;
	1575.7863 931.897 1719.8432 576.6918 843.6331 1082.6952 836.7144 235.3236 501.8428 4666.4718 1640.8725;
];
