function windprofile = ex_wind_profilesh1
%EX_WIND_PROFILE_D  Example wind_load_nyiso profile data for deterministic unit commitment.
% 2022.03.12
% Andres F. Ramirez


%% define constants
[GEN_BUS, PG, QG, QMAX, QMIN, VG, MBASE, GEN_STATUS, PMAX, PMIN, ...
    MU_PMAX, MU_PMIN, MU_QMAX, MU_QMIN, PC1, PC2, QC1MIN, QC1MAX, ...
    QC2MIN, QC2MAX, RAMP_AGC, RAMP_10, RAMP_30, RAMP_Q, APF] = idx_gen;
[CT_LABEL, CT_PROB, CT_TABLE, CT_TBUS, CT_TGEN, CT_TBRCH, CT_TAREABUS, ...
    CT_TAREAGEN, CT_TAREABRCH, CT_ROW, CT_COL, CT_CHGTYPE, CT_REP, ...
    CT_REL, CT_ADD, CT_NEWVAL, CT_TLOAD, CT_TAREALOAD, CT_LOAD_ALL_PQ, ...
    CT_LOAD_FIX_PQ, CT_LOAD_DIS_PQ, CT_LOAD_ALL_P, CT_LOAD_FIX_P, ...
    CT_LOAD_DIS_P, CT_TGENCOST, CT_TAREAGENCOST, CT_MODCOST_F, ...
    CT_MODCOST_X] = idx_ct;

windprofile = struct( ...
    'type', 'mpcData', ...
    'table', CT_TGEN, ...
    'rows', [1:45], ...
    'col', PMAX, ...
    'chgtype', 1, ...
    'values', [] );
windprofile.values(:,1,:) = [
	3.9454 53.3107 83.6207 111.0194 15.1609 35.3281 31.0621 7.7993 27.567 13.1941 24.389 36.3836 54.7754 39.2561 195.959 73.8264 91.5994 97.0681 85.99 72.4757 10.354 82.4323 33.4289 30.5985 44.0198 26.8228 5.6011 1133.1935 793.9806 793.9806 690.8621 89.3404 286.6333 186.5525 123.073 338.7651 1199.2755 194.6312 447.06 117.9102 116.6697 391.9068 214.002 114.5611 1211.7679;
	3.491 47.1709 79.3802 42.8729 15.1221 30.8467 31.5746 7.215 10.3732 14.2196 26.2846 39.2115 59.0327 40.2476 190.7848 71.877 89.1808 94.505 84.0601 72.1201 10.5249 71.9757 26.8638 1.5616 38.3715 19.9376 5.4773 1223.9242 818.2707 818.2707 750.1294 83.692 280.2004 185.6374 126.1816 349.1288 1280.359 200.4182 461.7796 102.7808 113.1653 342.1929 218.4412 99.984 1293.696;
	3.3395 45.1242 90.2569 45.9492 14.9043 25.5131 31.4899 6.7841 8.6254 12.5854 23.2639 34.7052 52.2485 37.4155 194.2234 73.1726 90.7882 96.2084 83.5942 66.5216 10.4966 59.5306 27.1672 25.2784 40.1092 22.1594 5.9552 1187.737 801.7431 801.7431 735.2702 96.6459 278.6473 171.2267 117.3025 342.077 1261.5665 196.1717 460.5315 107.4352 28.5148 283.0257 218.7263 137.3602 1274.7078;
	3.5724 48.2707 87.0268 50.1707 14.5905 14.8687 32.2595 7.1699 9.2744 11.7069 21.6401 32.2828 48.6015 26.4357 192.9851 72.706 90.2093 95.595 82.4714 63.5933 10.7532 34.6937 25.7358 27.5261 37.2004 27.2485 5.2103 1221.9553 819.5717 819.5717 757.9568 101.3102 274.9046 163.6893 82.8795 349.6839 1295.8112 224.692 450.5792 99.644 32.3363 164.9435 217.9582 119.2625 1309.3092;
	3.7763 51.0258 84.4729 41.0586 14.4821 22.1859 31.8449 6.6257 8.7649 10.0426 18.5635 27.6931 41.6919 30.4238 181.7826 68.4855 84.9728 90.0458 83.8663 60.4138 10.615 51.7672 1.6956 14.8058 39.2759 56.7407 4.6638 1123.0092 807.8153 807.8153 757.1727 99.284 279.5542 155.5052 95.3827 344.6679 1237.8329 221.4461 455.9319 105.2034 31.6545 246.1161 214.1862 196.5818 1250.727;
	3.8031 51.3877 91.8354 109.2355 14.5729 33.0477 31.2958 5.8473 0.6364 10.9991 20.3316 30.3308 45.6629 25.5235 190.7469 71.8628 89.1631 94.4863 88.746 64.8442 10.4319 77.1114 0.2614 0.0 47.8618 51.1721 4.0674 1123.2032 794.6112 794.6112 735.0156 108.9608 295.8201 166.9092 80.0197 339.0341 1204.3589 230.1087 445.6685 128.2011 60.1284 366.6096 214.2984 237.9276 1216.9043;
	3.8582 52.1323 89.5486 111.2477 14.6765 35.0565 31.5316 8.7735 0.7741 11.6029 21.4479 31.996 48.1698 32.8679 198.6074 74.8242 92.8374 98.3799 81.0562 67.2728 10.5105 81.7985 23.9634 19.0195 96.6619 72.2315 9.5724 1023.5465 787.7419 787.7419 715.5007 112.2978 270.1873 173.1604 103.0452 336.1032 1210.0587 263.9482 445.9889 258.9157 95.9605 388.8935 215.1641 275.1307 1222.6635;
	3.6999 49.9939 88.8849 112.6329 14.7511 34.8229 30.2263 18.0731 0.8128 10.3256 19.0867 28.4736 42.8668 59.5433 200.0982 75.3858 93.5343 99.1184 83.2579 54.3331 10.0754 81.2534 24.9113 22.2604 97.1868 71.3633 13.4478 973.8423 785.7095 785.7095 717.7027 111.5273 277.5264 139.8536 186.6761 335.2361 1180.1552 301.2597 450.4841 260.3217 114.7254 386.3019 210.9694 273.4216 1192.4485;
	3.7552 50.7407 90.0733 111.0189 14.6166 34.6665 30.3844 17.634 0.0 10.3157 19.0685 28.4464 42.8259 61.7753 203.8904 76.8145 95.3069 100.9969 51.9657 63.6261 10.1281 80.8884 22.7262 84.3951 100.2586 69.805 13.2534 733.7239 833.4605 833.4605 735.6889 112.5532 173.2188 163.7736 193.6738 355.6098 1195.7562 310.4874 468.2579 268.5499 118.9595 384.5667 214.1829 263.0829 1208.212;
	3.7267 50.356 89.1032 109.7828 14.2942 34.1173 30.5759 17.5661 17.1725 6.3479 11.734 17.5047 26.3533 62.825 194.4625 73.2626 90.8999 96.3268 55.2587 54.0693 10.192 79.607 0.0 86.3573 97.6792 68.313 12.9699 546.1393 807.1494 807.1494 699.2974 113.7778 184.1956 139.1746 196.9648 344.3837 1037.871 268.5141 454.5736 261.6406 115.1766 378.4742 210.2765 269.433 1048.6821;
	3.6592 49.4434 91.2634 110.7097 14.2242 33.311 30.6277 17.4433 27.426 13.1189 24.2501 36.1764 54.4633 68.4973 203.1108 76.5208 94.9425 100.6107 39.8139 65.5522 10.2092 77.7257 12.8512 82.8882 97.1305 69.7473 12.9283 412.3497 773.8408 773.8408 669.284 104.6414 132.713 168.7314 214.7483 330.1721 879.2497 265.0413 456.1927 260.171 118.8865 369.5303 203.3164 267.0746 888.4085;
	3.2806 44.3277 89.4039 110.6682 14.2825 31.9399 28.7053 17.4139 27.5213 18.6323 34.4415 51.38 77.3523 64.7875 205.4514 77.4026 96.0366 101.7701 50.0836 66.1433 9.5684 74.5264 33.8006 82.3024 96.0067 71.4445 12.0188 276.8365 769.3299 769.3299 661.5882 106.4004 166.9453 170.2529 203.1177 328.2474 738.3945 238.6359 456.5268 257.1609 117.4285 354.3197 185.9 268.9587 746.0861;
	2.1566 29.1403 88.9857 109.5702 14.0129 20.2205 23.6911 17.9988 26.889 28.0521 51.8539 77.3558 116.4588 64.2197 203.1758 76.5453 94.9729 100.6429 91.4673 67.8137 7.897 47.1811 59.7342 82.0016 96.5049 69.7191 13.4469 277.4612 665.952 665.952 581.4644 104.2269 304.891 174.5527 201.3373 284.1395 653.3314 209.6358 430.3917 258.4954 117.4437 224.3127 161.5216 267.6356 660.1369;
	2.2837 30.8576 88.1318 111.1528 14.0628 12.1949 24.725 17.7476 27.7542 30.7474 56.836 84.7882 127.6482 63.9517 204.7135 77.1246 95.6917 101.4046 90.8052 71.8919 8.2417 28.4548 72.8288 82.125 98.4893 71.5159 13.275 268.9535 593.501 593.501 559.5976 100.113 302.684 185.05 200.4972 253.2271 488.2557 187.3337 450.3094 263.8107 120.0124 135.2824 137.5843 271.6176 493.3417;
	2.085 28.1725 88.0091 109.6102 10.4432 0.0711 21.6049 17.7633 27.2429 29.7485 54.9897 82.0339 123.5015 64.7178 205.8112 77.5382 96.2048 101.9483 90.6591 73.6856 7.2016 0.166 71.0369 82.5049 96.9252 70.2397 13.6166 446.5489 508.5917 508.5917 450.0734 99.1207 302.1971 189.6669 202.899 216.9991 471.4404 188.5625 451.9425 259.6212 119.634 0.7892 113.3192 244.3506 476.3512;
	3.3841 45.7269 91.4217 85.5488 14.1935 27.0484 15.8361 18.8312 22.9342 30.7509 56.8426 84.798 127.6629 59.2813 206.0407 77.6247 96.3121 102.062 91.9368 71.8234 5.2787 63.1129 75.0674 86.9675 103.1562 74.7607 13.9201 503.1027 527.9804 527.9804 431.0927 59.0775 306.4561 184.8736 185.8548 225.2716 531.6651 171.1818 458.2716 276.3112 122.916 300.0569 85.0847 269.5634 537.2033;
	3.0787 41.6007 87.5682 53.3747 14.1832 31.2698 13.0202 18.2913 26.142 27.593 51.0052 76.0897 114.5526 63.1039 194.9836 73.4589 91.1435 96.5849 91.3505 68.1728 4.3401 72.9628 74.3047 84.9465 101.4582 73.6697 13.5694 565.7146 583.4852 583.4852 465.6134 37.4758 304.5017 175.477 197.8392 248.9537 612.2395 126.3921 178.5255 271.7631 118.8615 346.8862 105.4643 256.1159 618.617;
	3.5877 48.4781 87.1543 57.7795 14.3115 31.3481 26.8885 18.2194 26.5665 14.3513 26.5281 39.5747 59.5795 63.9231 184.1372 69.3726 86.0734 91.2121 76.4218 68.6019 8.9628 73.1455 55.8311 86.3482 102.9005 72.6475 13.2261 684.3967 612.0519 612.0519 414.8776 31.9545 254.7393 176.5815 200.4076 261.1422 774.6358 83.1506 411.2478 275.6264 122.1239 347.7544 113.0255 248.4822 782.7049;
