function loadprofile = ex_load_profilesh1
%EX_LOAD_PROFILE  Example load profile data file for stochastic unit commitment.
% 2022.03.12
% Andres F. Ramirez

%% define constants
[CT_LABEL, CT_PROB, CT_TABLE, CT_TBUS, CT_TGEN, CT_TBRCH, CT_TAREABUS, ...
    CT_TAREAGEN, CT_TAREABRCH, CT_ROW, CT_COL, CT_CHGTYPE, CT_REP, ...
    CT_REL, CT_ADD, CT_NEWVAL, CT_TLOAD, CT_TAREALOAD, CT_LOAD_ALL_PQ, ...
    CT_LOAD_FIX_PQ, CT_LOAD_DIS_PQ, CT_LOAD_ALL_P, CT_LOAD_FIX_P, ...
    CT_LOAD_DIS_P, CT_TGENCOST, CT_TAREAGENCOST, CT_MODCOST_F, ...
    CT_MODCOST_X] = idx_ct;

loadprofile = struct( ...
    'type', 'mpcData', ...
    'table', CT_TAREALOAD, ...
    'rows', [1:11], ...
    'col', CT_LOAD_ALL_P, ...
    'chgtype', 1, ...
    'values', [] );
loadprofile.values(:,1,:) = [
	1501.5487 991.2005 1650.07 594.2352 782.3823 1286.1546 945.7 280.0 558.2018 4719.2573 1816.7;
	1444.9 954.9063 1595.321 590.4 743.6953 1257.8901 897.0463 262.7816 525.3 4525.4761 1745.1983;
	1450.6465 948.4957 1594.5733 585.7367 757.2094 1251.4206 898.8447 267.138 521.5332 4490.6117 1735.9357;
	1506.6323 960.1453 1608.2086 595.5981 763.7792 1256.9872 900.3665 270.4 530.7 4496.5036 1741.4605;
	1522.3147 992.5935 1640.4597 592.9948 810.525 1283.1062 950.1691 284.4669 555.1 4594.8191 1820.903;
	1581.9039 1052.1542 1744.8311 613.3823 873.3 1339.0 986.7505 304.4883 581.4102 4676.0688 1873.8688;
	1623.7 1071.1231 1807.0098 629.0467 914.9879 1403.4974 1048.1 324.8413 608.6 4770.5372 1928.4107;
	1616.4889 1094.0464 1807.2425 630.9525 958.5437 1444.9615 1092.3 331.4639 662.1241 4891.9259 1982.8709;
	1600.4695 1093.7556 1827.4973 625.3845 969.7388 1448.1776 1117.726 348.6545 682.5 5180.8618 2066.295;
	1643.6 1111.0735 1863.0502 594.4 1005.9715 1518.1683 1117.0119 353.4761 681.1772 5338.0956 2063.6746;
	1631.9861 1112.5525 1813.4318 590.1214 965.4 1501.323 1082.7166 338.5917 673.7 5309.7358 1995.367;
	1644.3542 1110.4098 1786.5845 571.6786 927.7414 1482.5781 1055.1666 348.9 656.3 5229.0027 1941.2609;
	1662.2791 1081.9687 1769.0277 591.3 921.6028 1437.1242 1004.0997 344.2998 645.3065 5137.469 1967.2416;
	1665.669 1146.1234 1822.1628 583.9075 945.3231 1469.9663 1058.8653 376.4738 655.6285 5335.9505 2057.3012;
	1659.242 1176.7136 1891.138 581.6698 978.2343 1580.3384 1134.3 393.1935 660.6827 5288.1849 2106.8772;
	1678.0888 1170.3168 1868.4937 596.9589 935.9 1568.4104 1113.5736 370.9166 664.9 5414.8971 2192.7884;
	1691.029 1183.0999 1899.0271 610.5947 956.1227 1531.6 1086.5581 372.6469 672.6244 5397.5063 2207.5577;
	1754.1348 1211.8597 1966.1 630.4778 998.5198 1587.2 1156.6 398.0972 719.6883 5550.4224 2356.4708;
	1794.2203 1219.52 1960.6461 615.8195 988.2 1566.6658 1161.3081 380.0 717.3074 5436.2673 2322.799;
	1736.0353 1142.7114 1847.1151 589.1 906.6296 1476.6835 1093.2687 345.8799 684.3516 5235.1305 2237.9495;
	1629.969 1066.0567 1784.8175 555.2082 877.9184 1403.1924 1033.5706 326.701 654.3 5061.1703 2088.7343;
	1585.6968 988.564 1680.8972 545.8465 823.9 1298.8284 950.7 288.6 593.5 4629.4835 1953.7394;
	1665.945 963.3351 1582.5994 563.2 755.6866 1158.8325 930.9211 257.9 547.3017 4623.4117 1794.0363;
	1598.0817 947.1751 1586.5309 547.5 710.3742 1098.7281 882.0 255.0 522.7387 4482.6558 1725.8741;
];
