function windprofile = ex_wind_profilesh1
%EX_WIND_PROFILE_D  Example wind_load_nyiso profile data for deterministic unit commitment.
% 2022.03.12
% Andres F. Ramirez


%% define constants
[GEN_BUS, PG, QG, QMAX, QMIN, VG, MBASE, GEN_STATUS, PMAX, PMIN, ...
    MU_PMAX, MU_PMIN, MU_QMAX, MU_QMIN, PC1, PC2, QC1MIN, QC1MAX, ...
    QC2MIN, QC2MAX, RAMP_AGC, RAMP_10, RAMP_30, RAMP_Q, APF] = idx_gen;
[CT_LABEL, CT_PROB, CT_TABLE, CT_TBUS, CT_TGEN, CT_TBRCH, CT_TAREABUS, ...
    CT_TAREAGEN, CT_TAREABRCH, CT_ROW, CT_COL, CT_CHGTYPE, CT_REP, ...
    CT_REL, CT_ADD, CT_NEWVAL, CT_TLOAD, CT_TAREALOAD, CT_LOAD_ALL_PQ, ...
    CT_LOAD_FIX_PQ, CT_LOAD_DIS_PQ, CT_LOAD_ALL_P, CT_LOAD_FIX_P, ...
    CT_LOAD_DIS_P, CT_TGENCOST, CT_TAREAGENCOST, CT_MODCOST_F, ...
    CT_MODCOST_X] = idx_ct;

windprofile = struct( ...
    'type', 'mpcData', ...
    'table', CT_TGEN, ...
    'rows', [1:45], ...
    'col', PMAX, ...
    'chgtype', 1, ...
    'values', [] );
windprofile.values(:,1,:) = [
	3.7191 50.253 81.2898 112.7062 14.7602 35.6996 31.0158 7.3834 27.7541 13.0475 24.118 35.9794 54.1667 42.4788 182.8274 68.8791 85.4612 90.5633 91.1952 71.9831 10.3386 83.299 32.7909 28.0637 45.8814 27.5729 5.0853 1321.6738 815.3001 815.3001 614.9403 79.85 303.9839 185.2846 133.1768 347.8614 1239.1673 192.9071 441.492 122.8967 114.7331 396.0273 216.191 106.9015 1252.0753;
	2.9852 40.3359 70.9971 39.7246 14.9198 29.4954 30.9208 7.0575 12.1224 13.7228 25.3664 37.8416 56.9704 38.5245 183.4096 69.0985 85.7333 90.8517 90.16 71.3112 10.3069 68.8226 27.7766 2.8102 35.6922 27.5176 5.3061 1317.5796 808.7683 808.7683 637.2694 70.9663 300.5333 183.5553 120.7795 345.0745 1265.1291 192.6064 459.3968 95.6042 112.8649 327.2021 216.3281 93.0607 1278.3076;
	2.3943 32.3525 82.4909 42.7708 14.7177 23.3899 30.3524 6.2163 10.9188 12.6593 23.4005 34.9089 52.5552 36.4744 191.1398 72.0108 89.3467 94.6809 91.2623 66.8423 10.1175 54.5764 22.6889 14.8941 36.9608 19.893 5.2177 1330.8586 828.9095 828.9095 675.0085 88.2806 304.2077 172.0522 114.3521 353.6681 1277.6539 192.727 455.9024 99.0021 29.2174 259.4719 211.0979 123.1459 1290.9628;
	1.9911 26.9043 79.5063 43.8751 14.2494 12.3871 31.312 6.8648 12.6758 12.1875 22.5284 33.608 50.5966 27.999 194.3365 73.2151 90.841 96.2644 85.7176 69.0965 10.4373 28.9033 20.6421 1.9273 34.315 24.4286 4.6386 1326.7476 812.9783 812.9783 723.7189 94.1474 285.7254 177.8547 87.7807 346.8707 1295.9352 208.4921 459.2864 91.9151 35.8902 137.4147 208.2864 109.8428 1309.4345;
	3.5898 48.5064 82.218 40.9122 15.0049 20.1954 30.7049 7.5079 13.0017 10.2476 18.9425 28.2585 42.5431 30.4425 185.8896 70.0328 86.8926 92.0802 85.805 69.7135 10.235 47.1227 0.6356 24.8242 43.4779 60.101 5.1936 1246.4299 803.884 803.884 654.5961 92.3398 286.0166 179.4428 95.4413 342.9905 1265.5819 202.848 449.0305 116.4586 38.4186 224.0348 201.1689 206.2152 1278.765;
	3.8521 52.0509 94.6704 116.4008 15.3796 32.8081 31.1617 8.2047 13.6622 13.0448 24.1131 35.972 54.1557 29.5794 195.8503 73.7854 91.5486 97.0142 91.5389 69.6086 10.3872 76.5522 4.3405 29.9505 59.8941 65.2115 5.5181 1217.5553 795.2478 795.2478 693.7188 102.8641 305.1296 179.1727 92.7355 339.3057 1249.5169 200.5444 466.832 160.4306 74.0767 363.9509 208.4222 263.3166 1262.5327;
	3.8224 51.6493 92.589 116.9449 15.2895 33.1807 30.8614 11.3838 12.5498 11.6514 21.5374 32.1295 48.3708 40.1453 201.2497 75.8197 94.0725 99.6888 86.475 72.8439 10.2871 77.4216 20.9715 44.8809 102.6132 72.7442 10.4414 1144.5724 788.1691 788.1691 684.3403 107.3601 288.25 187.5003 125.8608 336.2855 1246.858 241.4521 454.6378 274.8567 109.3995 368.0842 208.2233 282.7434 1259.8461;
	3.8228 51.6542 92.1878 118.3191 15.225 32.9169 30.0485 18.8368 11.5628 10.5551 19.5109 29.1064 43.8195 64.7659 201.0363 75.7392 93.9728 99.5831 83.9023 64.0379 10.0162 76.8061 8.7936 53.6789 105.0332 72.8317 13.8729 1036.3605 759.378 759.378 718.3302 112.0058 279.6744 164.8338 203.0498 324.0013 1217.8255 277.642 455.6209 281.3389 117.0422 365.1584 201.0706 279.196 1230.5112;
	3.891 52.5758 94.8644 119.3928 15.3769 34.1559 30.3526 18.7371 10.8981 10.7022 19.7829 29.5122 44.4305 66.5919 196.3304 73.9663 91.773 97.252 47.8258 66.0121 10.1175 79.6971 3.2627 87.6056 105.5425 72.4147 13.8288 801.6325 816.4148 816.4148 768.7601 108.3077 159.4194 169.9152 208.7746 348.337 1239.959 301.1326 453.3106 282.7032 119.342 378.903 209.6968 282.9654 1252.8753;
	3.8719 52.3183 94.2713 118.7712 15.3768 34.5941 30.1359 18.4505 21.9981 10.0755 18.6243 27.7839 41.8284 63.5375 181.1567 68.2497 84.6802 89.7358 47.521 54.8255 10.0453 80.7195 1.1569 89.0627 103.9688 71.7274 13.5691 665.4061 811.9111 811.9111 723.4906 97.0939 158.4035 141.1209 199.1986 346.4154 1129.0746 259.9166 450.6619 278.4879 123.2874 383.7634 208.9156 281.3537 1140.8357;
	3.8488 52.0059 91.5328 113.4315 15.3912 34.5237 31.2208 17.6814 28.313 15.988 29.5536 44.0881 66.3744 69.0628 191.1076 71.9987 89.3317 94.6649 28.6744 65.2441 10.4069 80.5553 3.8785 84.0173 98.8398 70.1039 12.9161 471.0035 789.6258 789.6258 719.788 93.33 95.5813 167.9384 216.5213 336.907 966.4771 250.8164 458.6013 264.7494 122.5886 382.9827 205.3777 271.6299 976.5445;
	3.4551 46.686 91.4968 115.6649 15.4091 32.7087 30.3091 18.2003 28.2723 19.1698 35.4351 52.8623 79.5838 68.1757 193.9245 73.0599 90.6484 96.0603 50.5601 64.4471 10.103 76.3202 21.3722 84.8352 99.8063 73.1862 12.6862 339.1136 775.5406 775.5406 658.1949 100.4118 168.5336 165.887 213.7401 330.8973 806.8203 224.7342 467.9395 267.3384 122.7778 362.8481 191.199 264.2125 815.2246;
	2.3244 31.4082 94.447 117.5833 15.4111 22.4672 26.9747 18.5037 28.4621 27.9534 51.6714 77.0835 116.0488 67.9102 196.3814 73.9855 91.7969 97.2773 91.7387 63.9508 8.9916 52.4234 53.3945 88.9763 102.4083 72.5316 13.6213 332.4917 739.5913 739.5913 633.1924 100.465 305.7956 164.6095 212.9075 315.559 686.5323 213.4275 458.6903 274.308 121.8146 249.2356 175.262 272.382 693.6837;
	2.5056 33.8562 94.2392 117.2271 15.4218 14.1492 24.9592 18.3968 28.2817 30.4048 56.2028 83.8435 126.2259 66.1683 193.0238 72.7206 90.2274 95.6141 89.3471 67.9659 8.3197 33.0148 67.0572 88.3153 101.5957 72.1089 13.4552 341.3319 623.1834 623.1834 580.8005 100.5881 297.8237 174.9444 207.4467 265.8916 506.2974 193.5885 449.9319 272.1315 122.7794 156.9619 144.7946 261.8942 511.5714;
	2.3206 31.3571 92.261 114.4108 13.9087 15.3524 20.8416 18.4677 28.1061 29.771 55.0313 82.0958 123.5948 64.8171 196.7178 74.1123 91.9541 97.4439 88.667 70.2753 6.9472 35.8223 69.7711 87.5827 100.6119 71.7003 13.7229 474.6812 504.491 504.491 429.9827 87.8999 295.5566 180.8887 203.2103 215.2495 448.486 167.3055 444.5034 269.4962 123.3998 170.3096 122.5783 250.6928 453.1578;
	3.5336 47.7469 92.8088 87.9586 15.0101 29.1983 15.5708 18.6213 24.4266 28.8616 53.3503 79.5882 119.8195 57.5 195.4978 73.6526 91.3838 96.8396 88.685 71.0148 5.1903 68.1294 68.4832 86.0917 100.3021 73.9135 13.6222 520.5987 533.0133 533.0133 407.6234 49.4896 295.6168 182.7922 180.2701 227.419 516.0294 158.2761 439.7962 268.6664 123.8721 323.9066 91.5175 273.7908 521.4047;
	3.2278 43.614 91.5345 60.1148 14.7216 32.9222 13.3859 18.2347 27.6317 28.54 52.7558 78.7012 118.4843 59.5025 191.6035 72.1855 89.5635 94.9106 87.5886 70.5023 4.462 76.8184 70.2611 85.1319 101.8392 72.5153 13.5007 565.4358 580.0576 580.0576 420.1316 29.7814 291.9621 181.473 186.5483 247.4912 601.2923 108.6859 166.4934 272.7834 123.775 365.2164 119.1565 265.3067 607.5557;
	3.6263 48.9995 92.3312 60.9542 15.0282 33.0808 28.3689 18.3209 27.2194 11.9829 22.1502 33.0437 49.7471 59.954 175.5209 66.1265 82.0458 86.9441 75.6999 69.269 9.4563 77.1886 25.1314 85.6904 101.6234 72.5499 13.354 676.188 627.2872 627.2872 404.5552 25.3596 252.333 178.2986 187.964 267.6425 779.1996 72.5451 401.018 272.2055 122.6288 366.9765 128.8291 258.3571 787.3163;
