function windprofile = ex_wind_profilesh1
%EX_WIND_PROFILE_D  Example wind_load_nyiso profile data for deterministic unit commitment.
% 2022.03.12
% Andres F. Ramirez


%% define constants
[GEN_BUS, PG, QG, QMAX, QMIN, VG, MBASE, GEN_STATUS, PMAX, PMIN, ...
    MU_PMAX, MU_PMIN, MU_QMAX, MU_QMIN, PC1, PC2, QC1MIN, QC1MAX, ...
    QC2MIN, QC2MAX, RAMP_AGC, RAMP_10, RAMP_30, RAMP_Q, APF] = idx_gen;
[CT_LABEL, CT_PROB, CT_TABLE, CT_TBUS, CT_TGEN, CT_TBRCH, CT_TAREABUS, ...
    CT_TAREAGEN, CT_TAREABRCH, CT_ROW, CT_COL, CT_CHGTYPE, CT_REP, ...
    CT_REL, CT_ADD, CT_NEWVAL, CT_TLOAD, CT_TAREALOAD, CT_LOAD_ALL_PQ, ...
    CT_LOAD_FIX_PQ, CT_LOAD_DIS_PQ, CT_LOAD_ALL_P, CT_LOAD_FIX_P, ...
    CT_LOAD_DIS_P, CT_TGENCOST, CT_TAREAGENCOST, CT_MODCOST_F, ...
    CT_MODCOST_X] = idx_ct;

windprofile = struct( ...
    'type', 'mpcData', ...
    'table', CT_TGEN, ...
    'rows', [1:45], ...
    'col', PMAX, ...
    'chgtype', 1, ...
    'values', [] );
windprofile.values(:,1,:) = [
	3.7964 51.2981 83.237 110.6765 15.0334 35.8075 31.8717 5.9792 27.926 12.7612 23.5889 35.19 52.9784 39.7552 184.4009 69.472 86.1967 91.3428 91.3011 69.7703 10.6239 83.5507 30.7591 3.8133 41.0119 28.8605 3.8866 1301.2049 844.6765 844.6765 734.4645 85.2272 304.3371 179.5888 124.6381 360.3953 1294.0197 215.017 474.9814 109.8533 102.8631 397.224 211.9008 113.411 1307.4991;
	3.0775 41.5832 75.2299 36.2337 15.04 28.1813 30.9263 5.3053 9.2833 12.5135 23.131 34.507 51.95 37.7978 178.8316 67.3738 83.5934 88.584 89.1096 69.582 10.3088 65.7565 25.7982 0.0658 30.521 28.0475 4.0616 1317.6368 837.045 837.045 760.7796 80.0865 297.0321 179.1043 118.5011 357.1392 1314.5186 209.8702 453.2317 81.7525 99.9166 312.625 213.6407 98.4148 1328.2115;
	2.86 38.6446 86.4097 42.7935 14.871 22.8098 30.5434 6.0931 7.2048 11.2937 20.8762 31.1432 46.886 35.019 188.2866 70.9359 88.013 93.2675 89.6636 67.1623 10.1811 53.2229 28.0555 25.4597 33.3031 29.8571 5.116 1291.9381 823.8611 823.8611 771.4584 91.888 298.8786 172.8759 109.7894 351.5141 1286.7666 213.8915 443.4924 89.2047 14.7402 253.0371 205.8736 137.3938 1300.1704;
	3.43 46.3473 83.9049 46.6895 15.0732 13.6646 31.0917 6.4132 7.8991 10.9551 20.2503 30.2095 45.4802 23.809 192.294 72.4456 89.8863 95.2526 91.6619 68.8385 10.3639 31.884 27.7612 32.5755 33.3212 28.9533 4.836 1277.7006 830.139 830.139 775.8253 95.6381 305.5397 177.1905 74.6445 354.1926 1294.0075 232.9704 447.6593 89.2533 19.3124 151.5857 206.7687 121.643 1307.4867;
	3.6477 49.288 79.9695 39.2095 15.1503 21.4015 30.28 5.9851 10.3101 9.8544 18.2157 27.1743 40.9107 27.7287 181.6304 68.4282 84.9017 89.9704 92.4861 69.2626 10.0933 49.9367 6.2798 23.1891 34.3748 56.5708 4.3631 1291.5394 830.4658 830.4658 792.6446 103.7311 308.287 178.282 86.9331 354.3321 1317.7335 241.9559 442.0439 92.0754 24.6328 237.4135 206.6503 196.8552 1331.4599;
	3.6993 49.9862 91.3218 106.6819 15.2375 32.9574 30.742 4.3848 10.7471 11.8307 21.8689 32.624 49.1153 25.7763 192.3378 72.4622 89.9067 95.2743 92.8162 68.3282 10.2473 76.9005 1.4526 27.6751 46.8512 58.2995 3.933 1215.565 802.5046 802.5046 776.5077 113.9713 309.3875 175.877 80.812 342.4019 1275.2135 245.9551 448.6739 125.4944 64.167 365.607 208.2918 248.247 1288.497;
	3.8617 52.1794 91.6646 113.7643 15.3878 35.2078 31.0223 10.5979 10.4478 10.9974 20.3286 30.3263 45.6561 30.5746 198.6862 74.8539 92.8742 98.419 89.7696 68.3304 10.3408 82.1515 21.9704 49.5137 99.025 73.501 10.1216 1114.9007 784.2229 784.2229 702.7003 111.3664 299.2321 175.8827 95.8556 334.6018 1257.8759 269.6291 437.1075 265.2456 101.9317 390.5715 211.2084 279.9823 1270.9788;
	3.7202 50.2687 91.4359 112.4479 15.3841 34.4179 31.6274 17.867 10.5695 11.9259 22.0448 32.8866 49.5106 59.3037 198.7916 74.8936 92.9235 98.4712 89.2693 60.2326 10.5425 80.3085 25.3686 57.0643 103.7537 72.5529 13.2621 1038.7852 773.8216 773.8216 719.4743 116.0165 297.5642 155.0387 185.925 330.1639 1222.5773 290.0585 458.6601 277.9116 117.4175 381.8096 206.5804 280.1923 1235.3125;
	3.7931 51.2536 91.3115 110.0236 15.3808 33.5931 31.2925 17.5451 10.105 12.6092 23.308 34.7709 52.3474 62.129 199.1464 75.0273 93.0894 98.647 55.3947 63.0285 10.4308 78.384 31.3158 87.0478 103.3576 70.8278 13.1582 775.2253 802.675 802.675 696.3136 114.9195 184.649 162.2355 194.7828 342.4747 1182.0795 268.5758 474.343 276.8508 117.9056 372.66 211.1779 277.4663 1194.3929;
	3.7431 50.5769 88.3435 111.3192 15.1692 34.066 31.7256 17.9659 21.5406 11.4882 21.2358 31.6797 47.6936 63.6012 187.8923 70.7873 87.8287 93.0722 56.5087 53.2113 10.5752 79.4873 24.1953 87.438 98.4868 68.2024 12.9433 629.4361 810.5769 810.5769 716.6658 112.5284 188.3624 136.9659 199.3982 345.8461 1118.3294 260.7546 478.7052 263.804 118.9446 377.9055 211.7027 270.9248 1129.9786;
	3.8118 51.5051 88.8379 111.7331 15.3092 34.4085 32.1879 17.554 28.4298 17.2272 31.8442 47.5052 71.5188 69.6534 200.9602 75.7106 93.9372 99.5454 48.6209 66.0755 10.7293 80.2865 26.8954 83.6842 97.28 68.0979 12.9276 461.8502 817.9166 817.9166 755.2065 102.6933 162.0696 170.0786 218.3729 348.9778 989.8963 269.0235 478.3206 260.5713 118.9492 381.7051 214.9168 262.0038 1000.2077;
	3.136 42.374 87.4855 109.5057 14.8346 30.7997 30.1556 17.6287 27.8993 18.5014 34.1995 51.0189 76.8087 68.5463 192.9541 72.6943 90.1948 95.5796 57.8501 61.7311 10.0519 71.8659 24.6662 82.3417 96.3745 70.4315 12.7257 334.8251 795.0334 795.0334 719.0512 99.7869 192.8336 158.896 214.9018 339.2143 812.1456 244.6141 473.0978 258.1461 117.7364 341.6712 190.6644 263.0818 820.6055;
	2.1694 29.3128 91.7 110.0693 14.9185 20.4758 25.4433 18.9475 26.6069 27.1927 50.2652 74.9858 112.8907 66.4373 192.7328 72.6109 90.0914 95.4699 92.6008 64.8572 8.4811 47.7768 50.245 87.9226 100.3278 73.9996 13.8141 322.1217 707.2898 707.2898 635.3463 98.5769 308.6692 166.9427 208.29 301.777 695.7264 225.2018 435.3603 268.7351 121.2421 227.1446 174.2479 284.0076 702.9736;
	2.4378 32.94 93.4631 115.5774 14.7357 13.2731 24.9445 18.9835 27.0321 30.3533 56.1076 83.7016 126.0122 63.4826 200.3839 75.4935 93.6678 99.2599 92.5994 69.6368 8.3148 30.9706 71.0413 87.2722 103.0871 76.0987 13.7841 310.5335 591.5775 591.5775 564.5014 92.2393 308.6646 179.2453 199.0266 252.4064 474.6439 197.3088 441.9149 276.1261 123.1136 147.2433 142.1195 282.083 479.5881;
	2.3688 32.0082 90.9918 111.699 12.2934 1.8361 21.8675 18.4311 26.4701 29.4629 54.4617 81.2462 122.3157 64.9263 204.0154 76.8616 95.3653 101.0588 91.5576 72.35 7.2892 4.2843 72.0988 84.4595 99.9887 72.728 13.6554 473.7518 501.5158 501.5158 415.5219 79.1221 305.1921 186.229 203.5526 213.9801 423.181 174.7399 448.3885 267.827 122.2168 20.3686 117.8796 267.1628 427.5891;
	3.5615 48.1235 94.1095 85.0091 14.7836 26.6066 16.4086 18.6829 23.8218 29.4934 54.5182 81.3304 122.4425 56.8042 203.359 76.6143 95.0585 100.7337 92.2428 72.6972 5.4695 62.082 72.2636 87.8858 103.2131 75.5534 13.5067 560.6349 559.7322 559.7322 422.3094 45.5739 307.4758 187.1227 178.0887 238.8191 504.91 162.2017 448.1511 276.4637 122.8891 295.1554 87.6899 281.2631 510.1694;
	3.312 44.7521 90.5829 56.9814 14.7811 32.5945 13.4238 18.1751 26.5042 27.5034 50.8396 75.8426 114.1807 62.9282 193.426 72.8721 90.4154 95.8134 90.1181 72.0479 4.4746 76.0538 73.2226 85.992 104.0359 74.2766 13.2788 594.6478 596.7628 596.7628 445.1431 28.2923 300.3937 185.4514 197.2885 254.6188 582.6721 126.4387 172.4416 278.6676 122.2405 361.5813 115.3031 269.6308 588.7416;
	3.7624 50.8388 91.9832 59.5444 14.7845 32.819 28.5999 18.7336 26.9094 12.4629 23.0374 34.3673 51.7398 65.5457 177.2523 66.7788 82.8551 87.8017 75.5001 69.9866 9.5333 76.5777 50.9655 88.8591 105.5983 74.9059 13.3531 712.4056 636.8397 636.8397 417.9695 28.6086 251.6669 180.1456 205.4946 271.7183 802.9966 86.7542 398.3315 282.8526 123.6982 364.0721 122.6827 266.4165 811.3611;
