function loadprofile = ex_load_profilesh1
%EX_LOAD_PROFILE  Example load profile data file for stochastic unit commitment.
% 2022.03.12
% Andres F. Ramirez

%% define constants
[CT_LABEL, CT_PROB, CT_TABLE, CT_TBUS, CT_TGEN, CT_TBRCH, CT_TAREABUS, ...
    CT_TAREAGEN, CT_TAREABRCH, CT_ROW, CT_COL, CT_CHGTYPE, CT_REP, ...
    CT_REL, CT_ADD, CT_NEWVAL, CT_TLOAD, CT_TAREALOAD, CT_LOAD_ALL_PQ, ...
    CT_LOAD_FIX_PQ, CT_LOAD_DIS_PQ, CT_LOAD_ALL_P, CT_LOAD_FIX_P, ...
    CT_LOAD_DIS_P, CT_TGENCOST, CT_TAREAGENCOST, CT_MODCOST_F, ...
    CT_MODCOST_X] = idx_ct;

loadprofile = struct( ...
    'type', 'mpcData', ...
    'table', CT_TAREALOAD, ...
    'rows', [1:11], ...
    'col', CT_LOAD_ALL_P, ...
    'chgtype', 1, ...
    'values', [] );
loadprofile.values(:,1,:) = [
	1409.8702 838.8115 1498.7712 579.225 772.8234 1225.2076 874.692 271.9 526.6 4761.665 1824.5872;
	1378.2342 856.0494 1484.9321 578.7099 782.9 1202.9 855.1329 248.3 487.5454 4525.6523 1743.7;
	1361.6223 856.8812 1472.2481 570.3 764.4293 1202.5454 841.1 244.2038 471.4072 4381.4626 1725.7308;
	1382.4518 863.6814 1466.4958 570.8036 780.2 1219.543 854.9449 237.6851 478.052 4375.5814 1748.5253;
	1419.4853 889.4493 1526.5483 583.0 826.3 1232.3523 885.3585 261.7093 489.0262 4579.9249 1799.7655;
	1518.7065 941.8089 1627.3946 596.1169 891.9185 1299.0545 964.7982 300.1078 549.3463 4753.9793 1855.0811;
	1528.6618 953.7073 1697.6174 604.8 937.7265 1353.9747 1036.7451 315.6083 594.4497 5016.9437 1977.5607;
	1574.4444 1005.0786 1752.3566 613.5 961.3 1406.3352 1082.9725 326.3797 625.0012 5279.6849 2097.2766;
	1657.0 1037.9846 1803.9552 599.3483 994.02 1386.9647 1089.0505 335.9735 651.6148 5422.0 2139.7852;
	1635.9466 1058.6156 1839.2551 593.9975 1016.881 1398.537 1078.0775 348.3516 674.4474 5498.9367 2163.9486;
	1658.5963 1061.3903 1804.9453 613.8557 981.5344 1402.0417 1053.0731 336.2518 669.7944 5557.1893 2159.6959;
	1645.1758 1075.5945 1808.2422 600.9685 991.6315 1400.8085 1067.3647 345.8415 678.3503 5628.519 2158.3915;
	1664.3626 1079.6339 1812.5 588.1514 977.7466 1405.8536 1060.4032 350.7035 687.4705 5662.827 2191.404;
	1655.245 1079.8559 1755.6546 570.0576 947.1958 1412.5 1093.9458 343.442 708.8067 5731.7173 2229.4562;
	1692.8694 1145.485 1809.3737 582.7201 966.2476 1436.7026 1129.3938 377.1051 688.5 5927.8689 2386.8132;
	1722.9929 1187.2668 1898.2535 591.0411 1007.324 1472.5601 1151.4743 344.8 727.1514 6055.8196 2472.3516;
	1720.2623 1207.3 2015.2966 586.8642 1039.6356 1511.476 1224.7879 357.654 744.5536 6082.1163 2623.6691;
	1727.2938 1208.5895 2062.7904 615.3 1103.1541 1558.6194 1258.5871 375.2053 766.8 6236.219 2754.8155;
	1758.3 1191.798 2028.7145 611.3406 1058.643 1566.0357 1259.046 363.5722 739.3697 6321.2243 2672.1967;
	1714.202 1144.1758 1962.6243 568.9958 964.1478 1462.7926 1195.7 339.8251 722.7188 6210.2564 2543.4292;
	1675.102 1080.1 1830.1329 540.8724 882.0488 1334.2 1073.4622 323.9556 677.4269 5730.2995 2324.7801;
	1597.3 1025.3913 1742.7343 537.1558 827.1656 1272.7801 1005.8049 293.3395 614.0066 5359.9235 2128.686;
	1541.9332 945.6964 1615.4891 555.8241 775.6496 1214.6044 897.3655 274.2209 577.5016 5040.581 1905.7315;
	1493.9059 931.9 1566.0091 569.3 735.6622 1160.9424 862.7362 257.8 556.7862 4655.9396 1811.2708;
];
