function windprofile = ex_wind_profilesh1
%EX_WIND_PROFILE_D  Example wind_load_nyiso profile data for deterministic unit commitment.
% 2022.03.12
% Andres F. Ramirez


%% define constants
[GEN_BUS, PG, QG, QMAX, QMIN, VG, MBASE, GEN_STATUS, PMAX, PMIN, ...
    MU_PMAX, MU_PMIN, MU_QMAX, MU_QMIN, PC1, PC2, QC1MIN, QC1MAX, ...
    QC2MIN, QC2MAX, RAMP_AGC, RAMP_10, RAMP_30, RAMP_Q, APF] = idx_gen;
[CT_LABEL, CT_PROB, CT_TABLE, CT_TBUS, CT_TGEN, CT_TBRCH, CT_TAREABUS, ...
    CT_TAREAGEN, CT_TAREABRCH, CT_ROW, CT_COL, CT_CHGTYPE, CT_REP, ...
    CT_REL, CT_ADD, CT_NEWVAL, CT_TLOAD, CT_TAREALOAD, CT_LOAD_ALL_PQ, ...
    CT_LOAD_FIX_PQ, CT_LOAD_DIS_PQ, CT_LOAD_ALL_P, CT_LOAD_FIX_P, ...
    CT_LOAD_DIS_P, CT_TGENCOST, CT_TAREAGENCOST, CT_MODCOST_F, ...
    CT_MODCOST_X] = idx_ct;

windprofile = struct( ...
    'type', 'mpcData', ...
    'table', CT_TGEN, ...
    'rows', [1:45], ...
    'col', PMAX, ...
    'chgtype', 1, ...
    'values', [] );
windprofile.values(:,1,:) = [
	3.8749 52.3581 85.3137 113.9875 15.132 35.1145 29.6099 7.3211 26.5259 11.9591 22.1062 32.9781 49.6484 39.7546 176.4335 66.4703 82.4724 87.3961 88.5121 67.3148 9.87 81.9339 28.408 37.2399 49.3086 25.4848 4.899 1186.3397 747.3135 747.3135 557.5834 67.4078 295.0402 173.2685 124.6361 318.8537 1154.9448 175.5487 431.1026 132.0766 111.7642 389.5369 211.2107 117.3434 1166.9754;
	3.3874 45.7713 77.7145 45.5198 15.2916 28.7234 30.4979 7.2614 10.1863 12.8378 23.7306 35.4013 53.2965 40.2957 190.432 71.7441 89.0159 94.3303 92.0421 69.6804 10.166 67.0213 27.2521 31.6657 38.3916 26.0469 5.3573 1277.453 806.7476 806.7476 681.8142 61.8465 306.807 179.3574 126.3325 344.2123 1261.6833 187.9804 453.177 102.8346 117.0073 318.6383 215.3866 97.8888 1274.8259;
	3.2104 43.379 90.3107 52.7604 15.3725 25.0653 31.0899 7.4965 9.0473 12.8476 23.7486 35.4282 53.337 39.0212 198.1654 74.6577 92.6308 98.161 92.0172 64.7447 10.3633 58.4858 29.2387 35.8085 39.5276 28.2663 6.7064 1269.1539 826.4661 826.4661 719.6102 82.2139 306.724 166.653 122.3368 352.6255 1249.3457 205.0958 444.6766 105.8774 38.7474 278.0582 218.1905 127.777 1262.3597;
	3.6143 48.8372 86.6263 49.4008 15.1412 15.409 31.0136 7.52 10.0906 11.6346 21.5064 32.0833 48.3013 27.5966 198.8846 74.9286 92.967 98.5172 89.4045 67.0618 10.3379 35.9544 28.9577 32.5995 32.8644 27.8986 5.5489 1287.4959 830.4709 830.4709 693.7375 81.5751 298.0151 172.6174 86.519 354.3342 1275.2821 222.6549 441.8362 88.0297 38.8106 170.9373 216.5672 110.1944 1288.5663;
	3.8848 52.4924 84.6814 43.3315 15.1449 23.5315 31.7856 7.5322 11.4661 11.7754 21.7667 32.4716 48.8859 34.7487 192.9754 72.7023 90.2048 95.5901 91.1265 68.5223 10.5952 54.9068 14.8913 19.8 32.723 59.5101 5.6397 1252.6983 834.995 834.995 744.3988 96.5337 303.7549 176.3765 108.9419 356.2645 1286.4387 237.5612 468.2816 87.6508 41.1605 261.0428 215.2679 192.206 1299.8391;
	3.8748 52.3571 93.3396 115.3429 14.9711 33.7485 31.4422 7.4159 11.5087 13.2195 24.436 36.4538 54.8809 31.5769 205.2099 77.3116 95.9237 101.6505 92.4385 70.1232 10.4807 78.7466 53.8323 22.154 48.7095 62.1131 5.3559 1235.6018 842.449 842.449 751.6048 105.5885 308.1284 180.4974 98.998 359.4449 1283.2054 236.7948 459.8699 130.4719 80.7964 374.3838 215.8264 236.3587 1296.5721;
	3.8618 52.1817 92.6012 118.3366 14.902 34.9291 31.0548 11.332 11.1812 12.6238 23.3349 34.8111 52.4079 40.3004 195.3607 73.601 91.3198 96.7717 84.5772 68.0296 10.3516 81.5012 26.0964 45.1957 97.5278 72.2867 10.8298 1158.9038 836.1993 836.1993 753.8363 112.7422 281.9241 175.1084 126.3471 356.7784 1270.8833 284.1967 452.3543 261.2351 117.7822 387.4799 216.0867 269.0214 1284.1217;
	3.8223 51.6473 93.6751 118.6947 15.3142 35.1317 30.8547 18.4861 11.5442 12.7333 23.5374 35.1132 52.8627 60.0011 197.583 74.4382 92.3585 97.8725 82.5671 58.8437 10.2849 81.9739 32.8559 54.786 103.9979 72.9098 13.7148 1031.9587 824.7806 824.7806 747.7386 114.1196 275.2237 151.4639 188.1116 351.9064 1249.5914 310.9481 452.7127 278.5659 123.7795 389.7272 216.7427 273.3478 1262.608;
	3.9322 53.1332 95.0183 119.8394 15.4135 35.1805 30.9521 18.5648 11.3396 13.1354 24.2805 36.2217 54.5316 64.1657 197.57 74.4334 92.3525 97.8661 52.4633 64.0924 10.3174 82.0878 29.9167 88.8581 105.2781 72.4263 13.8597 802.7012 854.9358 854.9358 778.1757 114.6385 174.8776 164.974 201.1681 364.7726 1229.38 320.1132 472.6058 281.995 124.017 390.2687 219.8276 275.9947 1242.186;
	3.9046 52.7595 94.745 120.2971 15.4141 35.1775 30.8533 18.5648 20.9289 12.7617 23.5898 35.1914 52.9805 65.3631 193.9978 73.0875 90.6827 96.0966 58.789 62.4846 10.2844 82.0809 28.4824 89.2798 105.0394 71.6069 13.4181 544.7226 847.5965 847.5965 748.985 114.7718 195.9633 160.8356 204.9221 361.6412 1054.4834 289.5355 456.0606 281.3555 122.9127 390.2358 217.5677 268.9748 1065.4676;
	3.8893 52.5528 95.2693 120.1138 15.4152 35.1346 30.8405 18.6416 27.8853 17.5961 32.5261 48.5225 73.0504 68.568 203.9623 76.8416 95.3405 101.0325 44.4579 68.1939 10.2802 81.9807 27.9982 89.5714 105.6706 72.8852 13.8321 382.8665 807.8263 807.8263 717.7964 107.4835 148.1929 175.5312 214.9699 344.6726 877.2863 297.1157 450.9293 283.0462 121.0103 389.7599 214.5858 266.2122 886.4247;
	3.5014 47.3114 93.3003 117.7882 15.3662 33.4127 29.8031 18.3365 27.2187 20.3324 37.5842 56.0682 84.4104 66.4248 199.409 75.1262 93.2121 98.777 57.1555 66.7346 9.9344 77.963 34.7999 88.2958 101.6831 72.6542 13.2467 311.3153 791.0811 791.0811 690.7946 111.7444 190.5183 171.7749 208.2506 337.5279 734.5533 260.3941 454.863 272.3656 120.2611 370.6586 199.3214 259.6394 742.2049;
	2.2202 30.0001 90.7375 117.0736 15.235 20.814 25.85 18.5037 27.0271 27.8391 51.4602 76.7685 115.5745 63.9617 194.8794 73.4197 91.0948 96.5333 92.2291 67.1213 8.6167 48.5659 59.8663 85.0938 101.1281 72.0075 13.6925 307.4834 743.0801 743.0801 628.48 110.7479 307.4305 172.7703 200.5286 317.0475 656.7635 239.845 423.7182 270.8789 120.0636 230.8964 181.7476 267.0271 663.6048;
	2.5015 33.8012 88.923 116.9667 15.23 12.5531 25.7681 18.0963 26.5205 29.8179 55.1179 82.2251 123.7894 62.5611 197.6698 74.4709 92.3991 97.9155 90.1436 68.1803 8.5894 29.2905 71.7014 85.4202 100.5142 71.7917 13.7575 283.9344 616.6446 616.6446 573.5934 108.0936 300.4785 175.4963 196.1376 263.1017 445.0347 215.756 440.7829 269.2344 119.8414 139.2554 148.1181 258.9654 449.6704;
	2.2188 29.9815 87.5035 114.5917 13.2875 0.004 22.804 18.812 27.4028 29.7225 54.9416 81.962 123.3934 60.9932 203.0229 76.4877 94.9014 100.5671 92.0183 71.3175 7.6013 0.0094 73.5702 85.2548 101.4776 71.971 14.0237 434.6264 483.8924 483.8924 410.3614 98.4356 306.7277 183.5714 191.2219 206.4608 389.8697 192.2396 441.0486 271.8149 118.992 0.0448 121.8519 242.2183 393.9308;
	3.2742 44.2413 86.9716 81.3338 14.5545 24.2988 16.0434 18.5724 21.9833 29.0198 53.6427 80.0244 120.4762 55.8972 199.8145 75.2789 93.4016 98.9779 90.6502 70.1847 5.3478 56.6972 73.0351 85.9063 99.7402 72.7749 13.9592 504.1502 504.3224 504.3224 391.5511 53.1541 302.1673 180.6555 175.2454 215.1776 445.4517 164.3351 435.6839 267.1613 117.0831 269.5548 86.6226 261.6482 450.0918;
	3.1167 42.1129 87.3031 60.8366 14.7127 31.8722 13.644 18.8277 25.8516 27.3646 50.583 75.4599 113.6044 62.606 193.4208 72.8701 90.413 95.8107 86.6253 68.2549 4.548 74.3685 68.8907 86.689 103.0538 73.098 14.0066 571.7625 594.004 594.004 448.5993 32.2584 288.7511 175.6883 196.2782 253.4417 574.27 124.3119 141.9261 276.0369 120.675 353.5689 110.3474 259.6488 580.2519;
	3.6322 49.0784 88.4448 60.7327 14.2628 32.5366 28.5168 18.7215 26.1775 13.1782 24.3597 36.3399 54.7095 63.7066 181.5657 68.4038 84.8714 89.9384 77.5398 68.0194 9.5056 75.9186 45.4457 87.8389 104.4321 71.5112 13.8126 604.4357 612.2785 612.2785 406.9848 26.6394 258.4659 175.0821 199.7288 261.2388 750.2949 83.4259 380.4531 279.7289 122.4652 360.9389 122.6292 249.9326 758.1104;
