function loadprofile = ex_load_profilesh1
%EX_LOAD_PROFILE  Example load profile data file for stochastic unit commitment.
% 2022.03.12
% Andres F. Ramirez

%% define constants
[CT_LABEL, CT_PROB, CT_TABLE, CT_TBUS, CT_TGEN, CT_TBRCH, CT_TAREABUS, ...
    CT_TAREAGEN, CT_TAREABRCH, CT_ROW, CT_COL, CT_CHGTYPE, CT_REP, ...
    CT_REL, CT_ADD, CT_NEWVAL, CT_TLOAD, CT_TAREALOAD, CT_LOAD_ALL_PQ, ...
    CT_LOAD_FIX_PQ, CT_LOAD_DIS_PQ, CT_LOAD_ALL_P, CT_LOAD_FIX_P, ...
    CT_LOAD_DIS_P, CT_TGENCOST, CT_TAREAGENCOST, CT_MODCOST_F, ...
    CT_MODCOST_X] = idx_ct;

loadprofile = struct( ...
    'type', 'mpcData', ...
    'table', CT_TAREALOAD, ...
    'rows', [1:11], ...
    'col', CT_LOAD_ALL_P, ...
    'chgtype', 1, ...
    'values', [] );
loadprofile.values(:,1,:) = [
	1391.6885 941.874 1636.9 578.7305 766.9952 1209.1324 877.2826 255.2214 533.1392 4683.3042 1791.2283;
	1371.536 920.1464 1586.8121 573.3 721.2842 1162.5963 842.2398 249.6281 495.2164 4494.126 1708.8963;
	1379.1 909.0387 1579.5543 582.7382 714.7687 1152.1105 840.5965 247.6377 504.7613 4473.9169 1719.6992;
	1405.3419 931.3756 1598.8347 583.0709 753.0025 1158.4831 862.8 265.1555 531.488 4523.5223 1740.4504;
	1472.7229 980.1 1719.4636 605.2829 822.6174 1226.1246 906.5098 277.4 544.9268 4649.6391 1806.6399;
	1537.5277 1010.663 1811.5 602.1598 882.7381 1304.9156 972.0777 311.4879 583.2615 4907.7807 1914.7501;
	1553.6994 1029.1 1833.5 600.6 949.7436 1375.6705 1021.29 327.2 618.7134 5042.1188 2023.3;
	1637.4096 1067.7641 1896.5992 599.9 971.3838 1423.7133 1071.869 340.3 637.8411 5282.1479 2099.9402;
	1606.6 1067.7 1899.7248 605.7302 977.8121 1444.9026 1107.4782 356.0014 659.9 5517.9241 2189.1641;
	1635.1604 1086.536 1936.7599 601.957 985.623 1417.5718 1136.1502 343.9 678.4 5570.2566 2191.2069;
	1658.5377 1067.9483 1941.0195 592.0173 969.3105 1357.1737 1100.6 338.4 655.198 5637.1218 2125.9651;
	1646.9861 1050.4549 1907.8597 596.1286 957.0 1312.9334 1082.0991 329.1 657.2003 5508.9601 2120.6383;
	1681.2235 1047.3319 1901.0003 599.5295 915.2773 1346.7 1090.3495 346.7 661.8 5472.8 2108.7619;
	1642.5158 1044.9 1881.3267 584.8379 929.3972 1303.0721 1070.1499 342.6737 649.0775 5348.8918 2012.9;
	1685.1 1079.5499 1880.99 585.2 888.4171 1324.5678 1070.2816 349.7942 637.1997 5294.0193 2000.0001;
	1699.9071 1132.7 1942.9056 594.4366 917.5611 1408.6329 1113.9376 351.0 655.0131 5244.9274 2146.2365;
	1725.4074 1175.6 1951.8471 600.7919 983.4013 1425.4944 1128.0164 364.4487 657.5 5279.5043 2231.0674;
	1731.9106 1220.0899 2040.3614 616.0556 1017.5605 1477.1034 1172.139 381.5 692.7445 5473.4012 2359.332;
	1750.6399 1238.4421 2039.4395 593.1269 1005.7612 1474.1298 1155.6685 378.9361 688.3 5484.0923 2367.6;
	1743.7338 1193.1273 1951.9294 586.5 948.0 1397.5905 1104.4472 364.3842 662.5319 5471.7308 2327.3855;
	1695.6805 1125.632 1846.4052 576.6138 887.248 1287.9622 1021.6183 329.0 618.8644 5216.582 2165.7013;
	1600.3535 1055.0198 1777.5169 553.7 825.0 1211.1071 953.6512 300.2885 581.0724 5009.8434 2020.9618;
	1562.0396 969.7736 1691.938 553.1297 776.9432 1123.2 876.7888 280.2423 501.1655 4724.7184 1801.3633;
	1517.5 933.7 1627.7565 535.3 756.9 1088.1912 810.9066 248.1695 465.9127 4315.8971 1671.0084;
];
