function solarprofile = ex_solar_profilesh1
%EX_WIND_PROFILE_D  Example wind_load_nyiso profile data for deterministic unit commitment.
% 2022.03.12
% Andres F. Ramirez


%% define constants
[GEN_BUS, PG, QG, QMAX, QMIN, VG, MBASE, GEN_STATUS, PMAX, PMIN, ...
    MU_PMAX, MU_PMIN, MU_QMAX, MU_QMIN, PC1, PC2, QC1MIN, QC1MAX, ...
    QC2MIN, QC2MAX, RAMP_AGC, RAMP_10, RAMP_30, RAMP_Q, APF] = idx_gen;
[CT_LABEL, CT_PROB, CT_TABLE, CT_TBUS, CT_TGEN, CT_TBRCH, CT_TAREABUS, ...
    CT_TAREAGEN, CT_TAREABRCH, CT_ROW, CT_COL, CT_CHGTYPE, CT_REP, ...
    CT_REL, CT_ADD, CT_NEWVAL, CT_TLOAD, CT_TAREALOAD, CT_LOAD_ALL_PQ, ...
    CT_LOAD_FIX_PQ, CT_LOAD_DIS_PQ, CT_LOAD_ALL_P, CT_LOAD_FIX_P, ...
    CT_LOAD_DIS_P, CT_TGENCOST, CT_TAREAGENCOST, CT_MODCOST_F, ...
    CT_MODCOST_X] = idx_ct;

solarprofile = struct( ...
    'type', 'mpcData', ...
    'table', CT_TGEN, ...
    'rows', [1:12], ...
    'col', PMAX, ...
    'chgtype', 1, ...
    'values', [] );
solarprofile.values(:,1,:) = [
	0.0 0.0 0.0 0.0 0.0 0.0 0.0 0.0 0.0 0.0 0.0 0.0;
	0.0 0.0 0.0 0.0 0.0 0.0 0.0 0.0 0.0 0.0 0.0 0.0;
	0.0 0.0 0.0 0.0 0.0 0.0 0.0 0.0 0.0 0.0 0.0 0.0;
	0.0 0.0 0.0 0.0 0.0 0.0 0.0 0.0 0.0 0.0 0.0 0.0;
	0.0 0.0 0.0 0.0 0.0 0.0 0.0 0.0 0.0 0.0 0.0 0.0;
	0.0 0.0 0.0 0.0 0.0 0.0 0.0 0.0 0.0 0.0 0.0 0.0;
	0.2164 0.1458 0.2412 0.1654 0.0 0.0 0.0 1.8497 0.0 0.801 3.8473 1.4507;
	0.6945 0.4788 0.539 0.5857 0.4019 5.3176 0.6647 2.4913 0.0 16.4472 8.4328 29.786;
	1.0949 0.8331 0.8845 0.8427 0.8252 17.2994 2.1624 4.0832 4.4722 50.1599 14.9157 90.8399;
	2.3241 2.2358 2.4891 1.0501 1.5381 66.6527 8.3316 22.3891 45.532 54.3625 27.8836 98.4507;
	1.7341 1.9078 2.3201 1.0243 2.9131 83.9215 10.4902 29.9005 53.6202 42.7952 39.3156 77.5023;
	1.0424 0.9593 1.6943 1.1191 4.3797 70.301 8.7876 25.4932 50.7434 33.1188 44.5034 59.9783;
	1.2281 0.9136 0.5804 2.1442 4.1855 74.5643 9.3205 28.7764 45.4378 53.6173 82.6442 97.1013;
	1.881 1.6301 0.8326 2.2813 3.3371 61.5747 7.6968 23.0618 44.8008 65.6023 81.5735 118.8062;
	2.382 2.1673 1.3632 2.1662 2.0198 72.4578 9.0572 23.6912 41.8012 56.2635 58.4961 101.8935;
	4.8883 9.7022 2.551 0.967 0.3167 115.7207 14.4651 22.2713 25.4174 31.5085 23.3514 57.0622;
	0.4727 0.4001 0.195 0.442 0.5541 35.6922 4.4615 6.2891 24.6814 19.9906 11.1994 36.2031;
	0.0 0.0 0.0 0.0 0.0 0.0 0.0 0.0 0.0 0.0 0.0 0.0;
	0.0 0.0 0.0 0.0 0.0 0.0 0.0 0.0 0.0 0.0 0.0 0.0;
	0.0 0.0 0.0 0.0 0.0 0.0 0.0 0.0 0.0 0.0 0.0 0.0;
	0.0 0.0 0.0 0.0 0.0 0.0 0.0 0.0 0.0 0.0 0.0 0.0;
	0.0 0.0 0.0 0.0 0.0 0.0 0.0 0.0 0.0 0.0 0.0 0.0;
	0.0 0.0 0.0 0.0 0.0 0.0 0.0 0.0 0.0 0.0 0.0 0.0;
	0.0 0.0 0.0 0.0 0.0 0.0 0.0 0.0 0.0 0.0 0.0 0.0;
];
