function windprofile = ex_wind_profilesh1
%EX_WIND_PROFILE_D  Example wind_load_nyiso profile data for deterministic unit commitment.
% 2022.03.12
% Andres F. Ramirez


%% define constants
[GEN_BUS, PG, QG, QMAX, QMIN, VG, MBASE, GEN_STATUS, PMAX, PMIN, ...
    MU_PMAX, MU_PMIN, MU_QMAX, MU_QMIN, PC1, PC2, QC1MIN, QC1MAX, ...
    QC2MIN, QC2MAX, RAMP_AGC, RAMP_10, RAMP_30, RAMP_Q, APF] = idx_gen;
[CT_LABEL, CT_PROB, CT_TABLE, CT_TBUS, CT_TGEN, CT_TBRCH, CT_TAREABUS, ...
    CT_TAREAGEN, CT_TAREABRCH, CT_ROW, CT_COL, CT_CHGTYPE, CT_REP, ...
    CT_REL, CT_ADD, CT_NEWVAL, CT_TLOAD, CT_TAREALOAD, CT_LOAD_ALL_PQ, ...
    CT_LOAD_FIX_PQ, CT_LOAD_DIS_PQ, CT_LOAD_ALL_P, CT_LOAD_FIX_P, ...
    CT_LOAD_DIS_P, CT_TGENCOST, CT_TAREAGENCOST, CT_MODCOST_F, ...
    CT_MODCOST_X] = idx_ct;

windprofile = struct( ...
    'type', 'mpcData', ...
    'table', CT_TGEN, ...
    'rows', [1:45], ...
    'col', PMAX, ...
    'chgtype', 1, ...
    'values', [] );
windprofile.values(:,1,:) = [
	3.7673 50.9048 77.9618 109.1555 15.0334 33.7618 29.9029 4.6981 27.2432 11.0424 20.4117 30.4502 45.8426 42.6881 183.8249 69.255 85.9275 91.0575 84.6012 68.9741 9.9676 78.7775 30.2576 27.548 44.7919 22.5229 0.7489 1232.9947 761.5079 761.5079 677.7614 87.4312 282.004 177.5395 133.8331 324.91 1203.226 219.9619 443.4809 119.9783 109.954 374.5308 202.8838 94.1733 1215.7596;
	3.2569 44.0076 73.9042 42.8701 15.1771 27.644 29.3782 6.9402 10.2566 11.2075 20.7169 30.9055 46.528 39.7485 184.9252 69.6695 86.4418 91.6025 84.5809 72.3107 9.7927 64.5027 25.3524 32.6484 41.8476 27.9427 4.6389 1240.3099 788.3092 788.3092 729.2317 80.2659 281.9365 186.1279 124.617 336.3453 1254.5666 219.9613 451.4275 112.0918 114.6364 306.664 209.6239 84.7827 1267.635;
	3.2745 44.2463 88.2485 47.4606 15.2271 24.1193 30.9461 6.4875 9.5418 11.8529 21.9099 32.6853 49.2075 35.9764 194.8682 73.4155 91.0896 96.5278 87.8354 67.9789 10.3154 56.2785 29.0306 36.9043 41.073 29.1104 5.8674 1261.6368 798.977 798.977 748.5419 95.568 292.7847 174.9778 112.7908 340.8969 1260.1866 225.9827 444.9104 110.0169 37.1983 267.564 214.1282 131.846 1273.3135;
	3.5347 47.761 84.3051 45.1632 14.9713 13.8488 30.9065 6.2097 8.311 11.5797 21.405 31.932 48.0734 24.0953 188.4523 70.9983 88.0905 93.3496 88.2309 66.7769 10.3022 32.3139 27.8534 32.2897 37.5712 29.3525 5.1533 1248.0367 808.5941 808.5941 766.0587 101.9056 294.103 171.8839 75.542 345.0001 1255.2952 254.3959 435.8133 100.637 37.5963 153.6295 212.2526 118.1199 1268.3712;
	3.6245 48.975 81.1103 39.6984 14.641 20.7734 30.6395 6.2359 1.2026 7.763 14.3498 21.4071 32.2282 28.4572 162.8681 61.3596 76.1314 80.6765 88.9228 64.1283 10.2132 48.4712 0.1585 25.9293 39.442 62.4045 5.5011 1244.6187 803.9731 803.9731 780.7311 104.2598 296.4093 165.0665 89.2173 343.0285 1251.9666 260.1978 436.7289 105.6482 35.8991 230.4461 207.5635 189.0386 1265.008;
	3.3985 45.9211 91.9508 109.3166 14.7341 31.8031 29.9144 6.0771 0.0 4.1442 7.6605 11.428 17.2048 17.9208 186.0342 70.0873 86.9602 92.1518 91.8079 61.6319 9.9715 74.2073 0.1235 31.5986 55.5627 67.0755 5.394 1176.5367 774.4907 774.4907 711.228 104.8565 306.0262 158.6407 56.1841 330.4493 1182.1208 239.4657 423.3342 148.8288 69.2958 352.8026 200.2955 239.521 1194.4345;
	3.8496 52.0171 91.1094 111.9344 15.0935 34.1909 30.8478 7.8419 7.78 10.9106 20.168 30.0867 45.2954 34.0729 191.202 72.0342 89.3758 94.7117 85.0933 67.626 10.2826 79.7788 23.6873 50.0476 100.6319 73.6652 10.2784 1173.116 798.1984 798.1984 734.7999 110.3225 283.6442 174.0695 106.8231 340.5646 1252.8775 286.7398 435.5623 269.5496 105.605 379.2914 213.6173 269.3496 1265.9283;
	3.7576 50.7736 91.9736 114.2084 14.8927 33.0941 31.0105 18.0731 9.522 10.5036 19.4158 28.9646 43.6061 61.0098 193.858 73.0349 90.6173 96.0273 83.8939 60.1159 10.3368 77.2195 24.1751 54.4745 103.8664 73.8992 13.4565 1097.2417 794.6924 794.6924 739.5949 112.9582 279.6464 154.7386 191.2738 339.0688 1213.2276 312.3026 439.0916 278.2137 115.1045 367.1238 208.5278 281.3934 1225.8654;
	3.7204 50.2707 91.4782 113.7982 14.9277 32.072 30.0707 17.8579 3.1847 10.3157 19.0684 28.4463 42.8257 60.8246 193.7195 72.9827 90.5526 95.9587 49.0528 63.9549 10.0236 74.8346 26.8207 86.1714 103.8398 73.0216 13.2643 819.1647 827.3014 827.3014 740.4287 110.1016 163.5095 164.62 190.6934 352.9819 1194.3749 314.3305 436.3344 278.1424 117.7135 355.785 206.161 272.4033 1206.8163;
	3.773 50.9809 87.4085 113.1736 14.5616 32.2577 29.6511 17.5736 14.2416 0.0 0.0 0.0 0.0 60.1002 188.3008 70.9413 88.0197 93.2746 54.9215 57.2815 9.8837 75.2681 15.1702 86.7454 99.9418 69.0186 13.1407 641.8879 824.7295 824.7295 755.9636 110.3476 183.0717 147.4428 188.4223 351.8846 1093.238 285.2041 432.6864 267.7013 117.4702 357.8459 209.1413 267.6682 1104.6259;
	3.8619 52.1829 89.0997 117.7896 15.0014 33.6345 31.1488 17.5593 26.8235 14.3235 26.4767 39.4981 59.4641 68.5354 197.8534 74.5401 92.4849 98.0064 43.9733 65.8134 10.3829 78.4804 27.0486 84.8467 99.9571 69.8642 13.3206 461.0027 825.086 825.086 772.0324 103.2075 146.5775 169.4039 214.8678 352.0367 975.6244 290.0741 438.3701 267.7423 119.4066 373.1182 213.1746 259.3238 985.7871;
	3.4389 46.4673 87.8718 116.1561 14.9763 31.9056 30.0741 17.4772 26.2595 11.0742 20.4705 30.5379 45.9747 64.4858 188.3134 70.946 88.0256 93.2808 51.4403 56.0595 10.0247 74.4463 27.2722 86.0121 100.5013 71.6084 13.2363 335.2911 818.4518 818.4518 728.2962 105.0151 171.4677 144.2974 202.1716 349.2061 801.098 270.1961 434.7453 269.2 121.1602 353.9392 194.0866 261.3228 809.4428;
	2.2809 30.8205 86.5772 111.3872 14.4021 20.0161 25.9827 17.9655 25.6899 25.9156 47.9046 71.4642 107.5889 67.6979 188.0891 70.8615 87.9207 93.1697 91.8335 60.2656 8.6609 46.7043 58.9563 81.9726 96.672 70.6848 13.6569 338.5234 734.3496 734.3496 677.894 107.7993 306.1117 155.1239 212.2422 313.3225 700.6121 247.3953 422.0863 258.9429 118.8939 222.0457 180.7248 263.1275 707.9101;
	2.4298 32.8318 86.7013 111.8617 15.1789 12.4735 24.6872 17.7869 26.7086 30.1596 55.7495 83.1673 125.2079 68.3795 193.6911 72.972 90.5393 95.9447 91.3478 68.7568 8.2291 29.1049 75.0611 82.2321 97.1702 72.7727 13.5107 313.7329 627.2312 627.2312 622.4752 104.1593 304.4928 176.9801 214.3791 267.6187 501.5158 224.7453 453.3736 260.2773 121.7465 138.373 145.5353 263.9331 506.7399;
	2.3396 31.6138 85.8997 110.8722 12.9481 0.0243 21.0495 17.4924 26.4951 28.5156 52.7107 78.634 118.3831 66.9272 198.0081 74.5984 92.5573 98.0831 90.5418 70.9368 7.0165 0.0566 72.3101 82.2517 96.6182 70.9472 13.5574 436.2296 493.2134 493.2134 432.0144 88.5808 301.8061 182.5915 209.826 210.4377 441.5903 195.3483 445.9424 258.7987 120.6139 0.2691 123.7982 247.4244 446.1902;
	3.4242 46.2682 86.6234 83.6084 14.7769 26.1737 16.0495 17.8445 22.1921 27.3157 50.4926 75.325 113.4013 61.7184 192.6278 72.5714 90.0423 95.418 90.429 69.5193 5.3498 61.072 70.753 85.2129 97.6285 72.2175 13.6972 482.9305 509.5904 509.5904 402.9638 48.6874 301.4299 178.943 193.4957 217.4252 494.3898 166.1022 453.7069 261.505 119.2597 290.3535 90.3453 263.8891 499.5397;
	3.2802 44.3228 86.2673 61.9708 14.5147 31.4548 14.5541 18.1081 27.336 26.8043 49.5473 73.9149 111.2784 60.9341 193.2663 72.812 90.3408 95.7342 92.3246 68.8929 4.8514 73.3946 69.8144 84.487 100.4687 73.8709 13.6274 587.8576 586.3463 586.3463 437.4281 30.2415 307.7488 177.3305 191.0367 250.1744 617.2902 125.3812 180.6872 269.1125 121.7202 348.9389 109.9748 262.2205 623.7203;
	3.6022 48.6738 87.0758 64.4265 14.4604 31.865 26.9987 18.3696 25.8481 11.4274 21.1233 31.5118 47.4408 64.0509 179.8189 67.7457 84.0549 89.0731 79.2195 69.4539 8.9996 74.3516 43.9731 88.6787 104.1896 75.074 13.6639 643.4465 595.7815 595.7815 401.2956 27.2629 264.0649 178.7746 200.8081 254.2001 766.4595 78.671 403.9933 279.0792 121.7965 353.4887 112.3365 265.065 774.4435;
