function loadprofile = ex_load_profilesh1
%EX_LOAD_PROFILE  Example load profile data file for stochastic unit commitment.
% 2022.03.12
% Andres F. Ramirez

%% define constants
[CT_LABEL, CT_PROB, CT_TABLE, CT_TBUS, CT_TGEN, CT_TBRCH, CT_TAREABUS, ...
    CT_TAREAGEN, CT_TAREABRCH, CT_ROW, CT_COL, CT_CHGTYPE, CT_REP, ...
    CT_REL, CT_ADD, CT_NEWVAL, CT_TLOAD, CT_TAREALOAD, CT_LOAD_ALL_PQ, ...
    CT_LOAD_FIX_PQ, CT_LOAD_DIS_PQ, CT_LOAD_ALL_P, CT_LOAD_FIX_P, ...
    CT_LOAD_DIS_P, CT_TGENCOST, CT_TAREAGENCOST, CT_MODCOST_F, ...
    CT_MODCOST_X] = idx_ct;

loadprofile = struct( ...
    'type', 'mpcData', ...
    'table', CT_TAREALOAD, ...
    'rows', [1:11], ...
    'col', CT_LOAD_ALL_P, ...
    'chgtype', 1, ...
    'values', [] );
loadprofile.values(:,1,:) = [
	1480.6734 944.563 1612.6327 503.8967 851.666 1183.3119 895.2765 275.2146 536.9 4897.2 1871.2653;
	1411.9713 928.2754 1575.7 524.4644 832.4604 1183.0372 876.883 258.9 514.8 4643.4257 1789.2507;
	1415.0348 924.4787 1579.664 500.4147 828.2989 1191.698 879.4025 253.4068 514.9081 4671.4971 1806.7057;
	1419.3271 915.4141 1581.9288 496.6176 843.1862 1190.3813 892.4 245.1488 494.2233 4653.045 1782.4072;
	1522.1107 968.0887 1671.7 522.8704 923.7762 1236.2517 938.1865 257.1121 540.4381 4794.6305 1881.0084;
	1552.8 1023.9451 1757.672 561.9305 991.6067 1305.1469 998.7817 268.8804 583.629 4875.4228 1973.8753;
	1567.4681 1024.3104 1750.3 530.2353 982.6865 1329.386 1044.6062 258.5847 612.7 5011.8248 2044.2775;
	1581.14 1052.105 1791.3127 540.4142 1020.7841 1365.2141 1063.3473 263.4455 628.1 5173.4217 2096.2304;
	1608.438 1091.6685 1788.5072 560.3233 1029.2071 1365.6963 1081.1844 287.1468 645.3 5212.9491 2083.3936;
	1643.4675 1103.5836 1802.3956 582.8683 1051.0862 1359.2792 1081.9077 296.1092 662.1188 5342.9897 2152.6351;
	1620.7894 1092.824 1821.1 552.5588 1063.1214 1399.3307 1123.416 296.2577 663.6 5380.8557 2238.4398;
	1650.9614 1094.3797 1815.4701 547.59 1037.3445 1376.0827 1138.791 319.1 661.8 5441.0955 2329.7769;
	1630.3616 1095.7931 1758.9138 525.8698 1016.1527 1355.175 1135.1 318.594 654.1013 5458.7144 2405.8654;
	1645.073 1099.4328 1806.1743 558.3112 1005.2956 1363.2976 1129.6036 306.937 662.6 5545.5574 2469.8275;
	1644.5648 1115.6242 1828.1521 541.4314 998.8942 1348.115 1114.6348 312.6747 644.9567 5564.7805 2391.9946;
	1670.0 1160.242 1828.4072 551.4566 1018.8169 1382.2318 1126.8115 314.0896 646.424 5557.3296 2483.5745;
	1691.185 1167.9336 1914.303 564.7 1046.0131 1415.2369 1132.804 329.0495 661.7178 5655.4399 2542.1977;
	1778.808 1234.2 1977.536 585.0903 1112.3531 1452.9035 1180.06 351.9701 704.8289 5784.2 2712.172;
	1822.7144 1195.2197 1931.0868 581.9 1088.729 1352.5876 1140.2 327.1 691.3227 5668.8547 2521.2428;
	1749.1363 1123.5193 1838.3774 555.2279 992.4859 1302.5327 1101.7045 330.7691 670.7096 5637.3908 2542.8783;
	1675.6406 1053.0 1732.3233 525.1084 919.1946 1266.3659 1035.9 295.3826 634.928 5400.9305 2311.9576;
	1594.42 991.499 1642.4497 495.909 881.7273 1214.4336 947.418 237.1181 599.2985 5050.4 2094.0459;
	1492.1819 940.3871 1565.1564 534.3 851.9 1107.3059 862.3719 244.6942 553.8665 4779.7416 1934.8461;
	1421.663 913.5 1515.6897 535.0442 820.5 1026.9013 843.5951 231.6113 529.4 4636.3861 1747.4805;
];
