function windprofile = ex_wind_profilesh1
%EX_WIND_PROFILE_D  Example wind_load_nyiso profile data for deterministic unit commitment.
% 2022.03.12
% Andres F. Ramirez


%% define constants
[GEN_BUS, PG, QG, QMAX, QMIN, VG, MBASE, GEN_STATUS, PMAX, PMIN, ...
    MU_PMAX, MU_PMIN, MU_QMAX, MU_QMIN, PC1, PC2, QC1MIN, QC1MAX, ...
    QC2MIN, QC2MAX, RAMP_AGC, RAMP_10, RAMP_30, RAMP_Q, APF] = idx_gen;
[CT_LABEL, CT_PROB, CT_TABLE, CT_TBUS, CT_TGEN, CT_TBRCH, CT_TAREABUS, ...
    CT_TAREAGEN, CT_TAREABRCH, CT_ROW, CT_COL, CT_CHGTYPE, CT_REP, ...
    CT_REL, CT_ADD, CT_NEWVAL, CT_TLOAD, CT_TAREALOAD, CT_LOAD_ALL_PQ, ...
    CT_LOAD_FIX_PQ, CT_LOAD_DIS_PQ, CT_LOAD_ALL_P, CT_LOAD_FIX_P, ...
    CT_LOAD_DIS_P, CT_TGENCOST, CT_TAREAGENCOST, CT_MODCOST_F, ...
    CT_MODCOST_X] = idx_ct;

windprofile = struct( ...
    'type', 'mpcData', ...
    'table', CT_TGEN, ...
    'rows', [1:45], ...
    'col', PMAX, ...
    'chgtype', 1, ...
    'values', [] );
windprofile.values(:,1,:) = [
	3.7504 50.676 80.8668 106.7061 14.6128 34.816 29.6355 1.3381 27.1698 12.9048 23.8543 35.5859 53.5744 31.9651 193.8278 73.0235 90.6032 96.0124 87.6162 69.7297 9.8785 81.2374 32.241 30.5076 30.0289 0.608 3.2721 1210.1329 802.527 802.527 600.2214 83.2976 292.054 179.4846 100.215 342.4115 1239.1537 204.4418 434.6891 80.4345 106.8815 386.226 199.905 110.6481 1252.0615;
	3.0001 40.538 72.2871 36.1976 14.6579 26.9737 29.6493 6.2879 10.0981 12.897 23.8399 35.5645 53.5422 31.0311 190.4551 71.7528 89.0267 94.3417 89.0641 72.6938 9.8831 62.9387 27.9679 20.0553 26.0554 0.8561 5.056 1227.8583 813.1175 813.1175 617.603 73.8006 296.8804 187.1141 97.2866 346.9301 1257.472 189.6136 438.7989 69.7912 109.2989 299.2286 194.6931 91.7879 1270.5707;
	2.9425 39.7599 86.2403 44.3272 14.7282 22.8582 30.0394 6.5043 9.5087 12.8656 23.7819 35.4779 53.4117 35.3031 187.2351 70.5397 87.5215 92.7467 85.4976 65.3366 10.0131 53.3358 28.213 30.855 33.1432 9.0363 5.8099 1258.9149 829.9726 829.9726 696.7923 90.3579 284.9921 168.1766 110.68 354.1216 1313.1741 201.5911 456.5512 88.7765 22.9476 253.5738 202.6201 125.4137 1326.853;
	3.1928 43.142 81.3377 43.0457 14.3946 12.9427 29.5304 0.8545 7.1865 9.7655 18.0514 26.9292 40.5418 19.9286 189.0703 71.2311 88.3794 93.6557 83.3662 62.2088 9.8435 30.1997 17.4911 31.2228 25.6604 1.4016 3.6467 1241.4781 810.292 810.292 723.8512 94.2959 277.8873 160.1256 62.4788 345.7246 1260.4885 217.9585 439.8761 68.7332 20.2281 143.5778 198.3634 106.5675 1273.6186;
	3.5853 48.445 75.4794 28.4426 14.7842 20.5921 31.3002 0.0 10.5648 9.8125 18.1383 27.0587 40.7368 33.0433 172.8584 65.1234 80.8013 85.6252 85.8579 60.9243 10.4334 48.0483 0.5014 0.0 0.0 39.3025 2.5084 1217.7649 830.2065 830.2065 795.8541 99.519 286.1929 156.8194 103.5952 354.2214 1274.0837 239.9958 466.5996 0.0 22.215 228.4354 199.1369 169.819 1287.3554;
	3.7633 50.8508 90.3537 107.3177 14.8335 32.7113 30.51 0.7039 0.8911 12.0341 22.2448 33.1849 49.9596 27.9837 190.5229 71.7784 89.0584 94.3753 89.1264 64.7629 10.17 76.3263 1.3378 11.3451 40.7803 49.0377 4.3284 1188.7708 808.6612 808.6612 788.2669 111.9789 297.0881 166.6999 87.7328 345.0288 1255.7612 249.0177 451.4596 109.2329 66.3517 362.8772 203.7291 227.4752 1268.842;
	3.7685 50.9206 90.4153 115.0183 14.7031 34.2343 30.5006 8.5233 9.5279 11.4607 21.1849 31.6036 47.5791 37.6462 191.2585 72.0555 89.4022 94.7397 82.2719 69.4014 10.1669 79.8801 24.1517 43.8363 96.3555 70.6695 10.0076 1120.6566 815.6761 815.6761 786.3501 114.5232 274.2396 178.6394 118.026 348.0218 1262.2095 290.6579 444.2048 258.0951 103.6533 379.7729 206.184 263.6873 1275.3575;
	3.6352 49.119 91.5893 119.7452 14.9318 34.8233 30.1335 18.0722 10.4886 11.0508 20.4273 30.4735 45.8778 62.8443 187.8081 70.7556 87.7894 93.0305 74.5842 54.5752 10.0445 81.2543 26.017 55.06 102.6047 72.5075 13.4855 1000.1298 789.0238 789.0238 741.3057 112.6579 248.6138 140.4767 197.0253 336.6501 1216.9584 292.7607 447.1129 274.834 116.8641 386.306 205.8106 275.072 1229.6351;
	3.4788 47.0068 88.3883 115.4193 14.8766 33.3788 29.417 17.4854 8.9088 10.407 19.2372 28.6981 43.2049 63.0788 196.6276 74.0783 91.912 97.3993 44.6593 65.1371 9.8057 77.884 29.2988 85.3175 100.6327 71.1381 13.0922 731.8435 819.1599 819.1599 742.7099 111.0696 148.8645 167.663 197.7606 349.5082 1212.597 307.6123 436.5114 269.552 116.9529 370.2826 207.8415 264.2408 1225.2282;
	3.0335 40.9896 86.5925 114.3555 14.8338 33.2043 29.6034 17.4404 17.9147 9.5379 17.6306 26.3014 39.5966 59.5007 185.0189 69.7048 86.4856 91.6489 46.8642 56.07 9.8678 77.4766 21.6139 86.6385 97.4493 69.1946 12.8241 551.9476 839.7613 839.7613 723.6855 105.0283 156.214 144.3244 186.5428 358.2981 1126.1481 268.7429 424.3078 261.0249 115.4199 368.3461 199.9549 264.0603 1137.8788;
	3.5652 48.1736 86.5945 111.9145 14.9289 33.2712 28.0507 17.2415 26.8092 8.4979 15.7083 23.4337 35.2793 66.8926 191.0966 71.9945 89.3265 94.6595 18.1648 63.6759 9.3502 77.6327 21.6491 82.7538 96.8029 69.9428 12.8316 421.4985 790.344 790.344 692.9384 91.694 60.5495 163.9019 209.7173 337.2134 950.2551 264.8412 404.2964 259.2936 115.4528 369.0882 197.4036 258.6371 960.1536;
	2.7368 36.9808 86.8745 111.8418 14.8141 31.5114 27.7457 17.398 27.8204 17.3646 32.0982 47.8842 72.0894 64.8661 186.4906 70.2593 87.1735 92.3779 40.9551 65.0869 9.2486 73.5266 35.3416 82.6102 95.8719 72.2868 11.5372 314.3817 770.2167 770.2167 683.4178 95.9426 136.517 167.5339 203.3639 328.6258 793.8922 253.5233 436.186 256.7999 116.7155 349.5664 171.723 259.361 802.162;
	2.0197 27.2911 94.5356 119.9335 14.8892 21.2706 24.2596 19.075 27.5886 28.5578 52.7887 78.7503 118.5581 65.2458 190.9557 71.9414 89.2607 94.5897 91.47 65.6501 8.0865 49.6315 64.3345 87.2085 103.8433 75.7299 13.8823 295.1645 686.4314 686.4314 618.836 99.2996 304.8999 168.9835 204.5543 292.8774 679.9399 232.7487 394.8279 278.1517 121.4997 235.9622 173.3061 270.9719 687.0226;
	2.2979 31.05 94.1986 119.0009 15.082 12.9853 24.752 19.0367 27.7434 31.0211 57.3421 85.5431 128.7847 65.0422 193.7877 73.0084 90.5845 95.9925 89.3477 67.8833 8.2507 30.2991 75.1263 87.067 103.9464 76.4004 13.6163 273.1394 590.7993 590.7993 604.5148 100.537 297.8256 174.7319 203.916 252.0744 498.9136 217.3352 440.1478 278.4279 121.1385 144.0506 142.1417 269.8084 504.1106;
	2.1828 29.4949 94.0373 120.3998 13.7943 0.0 22.2571 19.132 27.773 30.0687 55.5816 82.9167 124.8307 68.044 199.0919 75.0067 93.0639 98.6199 86.8414 71.6138 7.419 0.0 73.1569 89.236 104.2635 76.181 14.0855 425.589 483.0387 483.0387 439.4241 93.5349 289.4713 184.334 213.3272 206.0965 436.768 199.7897 447.4552 279.2772 122.6681 0.0 111.5733 256.7033 441.3177;
	3.5289 47.6836 94.7073 97.1292 15.1688 26.7679 16.8413 19.1718 24.42 30.3067 56.0215 83.573 125.8187 60.4549 200.8723 75.6775 93.8961 99.5019 88.247 72.5199 5.6138 62.4585 74.0321 89.9731 105.8125 76.6183 14.1257 487.0881 516.9085 516.9085 418.3124 55.8423 294.1567 186.6665 189.5342 220.5476 482.8398 180.0315 453.5727 283.4263 121.6546 296.9457 87.0126 273.256 487.8694;
	3.4137 46.127 93.4089 70.2585 15.2758 31.7717 13.5078 19.0955 27.137 28.5037 52.6887 78.6011 118.3336 59.3244 193.2375 72.8011 90.3273 95.72 83.9615 69.7554 4.5026 74.1339 73.3386 89.9406 105.4635 75.871 13.9016 584.432 601.5699 601.5699 469.4095 32.7911 279.8716 179.5505 185.9899 256.6698 606.5724 127.11 156.9306 282.4914 118.3905 352.4539 112.2649 267.5743 612.8909;
	3.7656 50.8819 93.5299 69.657 15.3494 31.8496 27.4799 19.044 26.9538 14.6896 27.1534 40.5076 60.9839 61.7462 186.9376 70.4277 87.3825 92.5993 63.9617 71.4538 9.16 74.3158 53.6833 89.8389 105.1573 75.4062 13.5991 613.0152 619.339 619.339 414.2546 30.961 213.2055 183.9223 193.5827 264.2513 755.2336 86.1239 382.2133 281.6714 118.4439 353.3183 119.2861 263.0352 763.1006;
