function solarprofile = ex_solar_profilesh1
%EX_WIND_PROFILE_D  Example wind_load_nyiso profile data for deterministic unit commitment.
% 2022.03.12
% Andres F. Ramirez


%% define constants
[GEN_BUS, PG, QG, QMAX, QMIN, VG, MBASE, GEN_STATUS, PMAX, PMIN, ...
    MU_PMAX, MU_PMIN, MU_QMAX, MU_QMIN, PC1, PC2, QC1MIN, QC1MAX, ...
    QC2MIN, QC2MAX, RAMP_AGC, RAMP_10, RAMP_30, RAMP_Q, APF] = idx_gen;
[CT_LABEL, CT_PROB, CT_TABLE, CT_TBUS, CT_TGEN, CT_TBRCH, CT_TAREABUS, ...
    CT_TAREAGEN, CT_TAREABRCH, CT_ROW, CT_COL, CT_CHGTYPE, CT_REP, ...
    CT_REL, CT_ADD, CT_NEWVAL, CT_TLOAD, CT_TAREALOAD, CT_LOAD_ALL_PQ, ...
    CT_LOAD_FIX_PQ, CT_LOAD_DIS_PQ, CT_LOAD_ALL_P, CT_LOAD_FIX_P, ...
    CT_LOAD_DIS_P, CT_TGENCOST, CT_TAREAGENCOST, CT_MODCOST_F, ...
    CT_MODCOST_X] = idx_ct;

solarprofile = struct( ...
    'type', 'mpcData', ...
    'table', CT_TGEN, ...
    'rows', [1:12], ...
    'col', PMAX, ...
    'chgtype', 1, ...
    'values', [] );
solarprofile.values(:,1,:) = [
	0.0 0.0 0.0 0.0 0.0 0.0 0.0 0.0 0.0 0.0 0.0 0.0;
	0.0 0.0 0.0 0.0 0.0 0.0 0.0 0.0 0.0 0.0 0.0 0.0;
	0.0 0.0 0.0 0.0 0.0 0.0 0.0 0.0 0.0 0.0 0.0 0.0;
	0.0 0.0 0.0 0.0 0.0 0.0 0.0 0.0 0.0 0.0 0.0 0.0;
	0.0 0.0 0.0 0.0 0.0 0.0 0.0 0.0 0.0 0.0 0.0 0.0;
	0.0 0.0 0.0 0.0 0.0 0.0 0.0 0.0 0.0 0.0 0.0 0.0;
	0.1925 0.0707 0.0 0.8041 2.0927 0.0 0.0 0.0 6.9321 13.859 2.3311 25.0988;
	0.0532 0.0 0.0 1.4317 4.011 0.0 0.0 0.0 12.3003 25.5277 0.0 46.2309;
	0.0691 0.0 0.0 1.9008 4.6594 0.0 0.0 0.7876 16.8445 28.3827 0.6236 51.4013;
	0.0 0.1632 0.0 1.2708 2.8875 9.2306 1.1538 12.8705 28.5053 15.1495 0.0 27.4358;
	0.0 0.3324 0.0226 0.8987 2.522 3.3211 0.4151 19.7592 22.2612 16.6529 0.0 30.1585;
	0.0 0.0958 0.0072 0.8552 2.2025 0.0 0.0 16.5833 10.68 12.8931 0.0 23.3495;
	0.1289 0.182 0.0 2.4027 1.431 0.0 0.0 13.3617 3.4674 12.5368 0.0 22.7042;
	0.326 0.1589 0.1341 2.7672 0.9595 0.0 0.0 10.4655 0.4993 15.0626 0.0 27.2785;
	0.5172 0.4394 0.3119 3.3655 0.7418 0.0 0.0 15.2353 0.0 24.8089 0.0 44.9291;
	1.5434 1.5767 1.1999 3.3064 0.6415 22.059 2.7574 34.8591 0.0 49.116 8.5874 88.9494;
	0.3066 0.3392 0.1938 1.0891 1.3154 35.1275 4.3909 9.3272 22.1103 23.5678 10.6464 42.6815;
	0.0 0.0 0.0 0.0 0.0 0.0 0.0 0.0 0.0 0.0 0.0 0.0;
	0.0 0.0 0.0 0.0 0.0 0.0 0.0 0.0 0.0 0.0 0.0 0.0;
	0.0 0.0 0.0 0.0 0.0 0.0 0.0 0.0 0.0 0.0 0.0 0.0;
	0.0 0.0 0.0 0.0 0.0 0.0 0.0 0.0 0.0 0.0 0.0 0.0;
	0.0 0.0 0.0 0.0 0.0 0.0 0.0 0.0 0.0 0.0 0.0 0.0;
	0.0 0.0 0.0 0.0 0.0 0.0 0.0 0.0 0.0 0.0 0.0 0.0;
	0.0 0.0 0.0 0.0 0.0 0.0 0.0 0.0 0.0 0.0 0.0 0.0;
];
