function windprofile = ex_wind_profilesh1
%EX_WIND_PROFILE_D  Example wind_load_nyiso profile data for deterministic unit commitment.
% 2022.03.12
% Andres F. Ramirez


%% define constants
[GEN_BUS, PG, QG, QMAX, QMIN, VG, MBASE, GEN_STATUS, PMAX, PMIN, ...
    MU_PMAX, MU_PMIN, MU_QMAX, MU_QMIN, PC1, PC2, QC1MIN, QC1MAX, ...
    QC2MIN, QC2MAX, RAMP_AGC, RAMP_10, RAMP_30, RAMP_Q, APF] = idx_gen;
[CT_LABEL, CT_PROB, CT_TABLE, CT_TBUS, CT_TGEN, CT_TBRCH, CT_TAREABUS, ...
    CT_TAREAGEN, CT_TAREABRCH, CT_ROW, CT_COL, CT_CHGTYPE, CT_REP, ...
    CT_REL, CT_ADD, CT_NEWVAL, CT_TLOAD, CT_TAREALOAD, CT_LOAD_ALL_PQ, ...
    CT_LOAD_FIX_PQ, CT_LOAD_DIS_PQ, CT_LOAD_ALL_P, CT_LOAD_FIX_P, ...
    CT_LOAD_DIS_P, CT_TGENCOST, CT_TAREAGENCOST, CT_MODCOST_F, ...
    CT_MODCOST_X] = idx_ct;

windprofile = struct( ...
    'type', 'mpcData', ...
    'table', CT_TGEN, ...
    'rows', [1:45], ...
    'col', PMAX, ...
    'chgtype', 1, ...
    'values', [] );
windprofile.values(:,1,:) = [
	3.815 51.5493 80.5655 109.9317 14.5971 33.8466 31.1845 5.8959 26.3138 9.0373 16.7052 24.9209 37.5183 34.6221 182.5431 68.7721 85.3283 90.4225 87.5467 68.9107 10.3948 78.9754 26.0857 17.4054 31.4133 20.6085 4.1025 1271.0161 792.0152 792.0152 634.6307 88.1025 291.8223 177.3763 108.5451 337.9265 1246.6757 206.0781 442.2775 84.1427 114.5269 375.4714 200.386 124.7329 1259.6619;
	3.1001 41.8896 75.29 36.6931 14.4287 26.7925 30.6304 7.5486 1.2715 9.3874 17.3525 25.8865 38.9719 38.1071 176.8634 66.6323 82.6734 87.6091 85.77 70.7291 10.2101 62.5157 19.6735 32.3314 36.4474 30.1767 5.3481 1256.097 780.1181 780.1181 649.5637 80.7372 285.9001 182.0569 119.4708 332.8504 1243.0614 197.7636 454.935 97.6269 112.5205 297.2177 199.4622 110.2156 1256.0099;
	3.1409 42.44 90.5578 44.4594 14.5438 23.7795 30.9549 7.2257 8.7663 8.2853 15.3153 22.8474 34.3966 35.1579 186.3152 70.1932 87.0915 92.291 87.7043 64.903 10.3183 55.4855 26.2238 39.7095 40.5355 31.4921 6.0526 1272.3514 805.0069 805.0069 721.9893 93.5611 292.3478 167.0606 110.2248 343.4696 1281.0755 208.9552 449.0689 108.5772 36.0729 263.7937 205.6482 148.8613 1294.4201;
	3.4489 46.6023 86.5182 44.6937 14.2019 13.5442 30.9238 6.8091 10.4483 10.6741 19.7309 29.4346 44.3136 19.3599 189.2856 71.3122 88.48 93.7624 85.8158 64.7504 10.3079 31.603 28.3449 37.1002 35.5116 27.4665 4.9202 1250.3837 815.9677 815.9677 739.3876 96.0327 286.0525 166.6678 60.6958 348.1462 1277.3535 238.2857 441.0454 95.1203 35.6456 150.2498 204.6432 130.6494 1290.6592;
	3.8441 51.9417 80.3495 28.1587 14.4844 20.4026 30.5953 6.6731 9.2645 6.6495 12.2914 18.3364 27.6053 21.8966 179.7708 67.7276 84.0324 89.0493 90.112 67.672 10.1984 47.6062 2.1353 25.1412 32.7808 55.3684 4.6861 1222.0947 805.0854 805.0854 707.416 97.8274 300.3734 174.1879 68.6487 343.5031 1258.5806 241.7124 442.9315 87.8057 36.6015 226.3334 202.1059 201.4806 1271.6908;
	3.8347 51.815 91.714 105.3671 14.492 33.3709 30.0178 6.1485 9.3632 9.3604 17.3026 25.8121 38.8599 24.2116 176.9042 66.6476 82.6924 87.6293 89.0171 64.9084 10.0059 77.8655 1.3662 14.2731 43.5592 61.9399 4.6073 1185.886 790.9949 790.9949 684.6795 105.0829 296.7236 167.0743 75.9065 337.4912 1202.4647 239.3754 438.8528 116.6764 72.9294 370.1947 207.3549 249.8047 1214.9904;
	3.9675 53.6096 92.8107 117.3567 14.5123 35.0553 30.8072 11.2035 10.3608 10.9517 20.244 30.2 45.466 34.1021 192.0709 72.3616 89.782 95.1421 81.054 69.9487 10.2691 81.7956 24.5484 42.1021 96.872 73.2216 11.2252 1190.1608 828.1446 828.1446 765.719 113.9374 270.1802 180.048 106.9146 353.3417 1274.4729 295.9126 439.9823 259.4786 111.6906 388.8797 212.3875 279.5507 1287.7486;
	3.8944 52.622 93.0245 115.0288 14.5449 34.8106 30.2372 18.1537 10.5278 10.5625 19.5247 29.127 43.8505 57.4875 194.3606 73.2242 90.8523 96.2763 82.9216 58.6622 10.0791 81.2248 24.5252 50.3144 102.3039 72.6013 13.5014 1167.8092 805.1947 805.1947 776.9789 109.6343 276.4054 150.9967 180.231 343.5497 1246.0598 308.4387 444.4508 274.0283 121.0327 386.1659 215.7698 276.9384 1259.0396;
	3.8981 52.6725 91.5194 112.9953 14.7043 34.6796 30.1148 17.5522 10.1458 11.5383 21.3283 31.8177 47.9013 58.8361 192.6524 72.5807 90.0538 95.4301 46.8184 63.9233 10.0383 80.9191 27.1499 85.5518 100.8994 71.5172 13.2136 967.2687 827.5654 827.5654 785.3441 103.7596 156.0615 164.5387 184.4591 353.0946 1241.9286 311.7068 436.8119 270.2663 121.3075 384.7127 219.2056 263.393 1254.8653;
	3.9113 52.8496 92.2854 115.3294 15.1172 34.6185 30.2552 17.5554 18.9593 9.8053 18.125 27.0389 40.707 56.6584 182.3505 68.6995 85.2383 90.3271 47.6218 57.8448 10.0851 80.7766 24.6598 87.9893 102.6847 70.601 13.1521 662.9604 811.8893 811.8893 736.5259 104.0663 158.7394 148.8927 177.6316 346.4061 1127.1319 283.2543 434.1437 275.0482 121.4947 384.0351 216.7999 263.4355 1138.8728;
	3.9257 53.0454 91.4474 112.6871 15.1648 34.9055 30.8174 17.7149 27.1683 14.5111 26.8236 40.0155 60.2431 66.6611 198.5492 74.8023 92.8102 98.3511 39.5644 65.5964 10.2725 81.4463 22.9879 86.1583 103.757 73.7693 13.4147 480.8994 805.3323 805.3323 734.0622 80.8057 131.8814 168.8453 208.9916 343.6085 979.0278 257.7706 438.6886 277.9205 124.0152 387.2187 213.3143 261.9034 989.226;
	3.4876 47.125 89.8161 112.3643 15.1286 33.4181 28.4405 18.2469 26.1293 16.2327 30.006 44.763 67.3905 63.8956 187.5212 70.6475 87.6553 92.8884 50.6619 59.6037 9.4802 77.9756 32.9552 86.4988 102.1772 74.0699 13.3518 350.8856 775.8384 775.8384 694.095 92.4193 168.8729 153.4201 200.3212 331.0244 786.8663 236.957 430.8957 273.689 123.7009 370.7184 196.5168 260.816 795.0628;
	2.3783 32.1357 88.1971 112.5972 15.1091 23.1443 23.9297 18.7199 25.9472 25.6429 47.4005 70.7122 106.4568 64.0906 190.2786 71.6864 88.9442 94.2543 90.3077 61.2408 7.9766 54.0034 53.6298 84.2992 101.4041 72.2059 13.7634 333.5821 706.8722 706.8722 609.6956 92.1844 301.0256 157.6339 200.9327 301.5988 661.7373 209.8197 413.2117 271.6181 123.1139 256.7477 185.9844 271.3864 668.6304;
	2.5016 33.8021 87.9315 112.538 14.5686 13.6017 26.5021 18.1536 26.1652 30.0431 55.5342 82.8461 124.7243 64.9813 196.7898 74.1394 91.9878 97.4796 89.2922 67.6814 8.834 31.7373 71.4527 83.7774 103.2876 71.7255 13.4858 336.5555 630.8608 630.8608 577.5671 96.9708 297.6408 174.2121 203.7252 269.1673 513.0077 197.0376 454.0966 276.6631 123.2346 150.888 151.0081 260.9693 518.3516;
	2.3596 31.8827 86.6226 109.6654 12.3399 1.6869 22.2891 17.9149 25.9344 28.4708 52.6279 78.5105 118.1971 63.7833 202.1753 76.1684 94.5052 100.1473 90.0729 70.8744 7.4297 3.936 70.012 82.4764 98.5733 70.2505 13.4893 482.8456 536.4783 536.4783 447.4157 87.473 300.243 182.4308 199.9694 228.8974 462.0702 177.0227 439.7717 264.0357 122.0183 18.713 120.9592 246.0091 466.8835;
	3.5112 47.4439 87.5076 83.1233 14.1901 25.5716 16.7935 18.4577 16.2152 26.9641 49.8427 74.3555 111.9418 56.2952 195.6134 73.6962 91.4379 96.8968 87.9193 69.6637 5.5978 59.667 68.3012 85.0838 99.3975 72.791 13.5233 501.7147 546.4891 546.4891 395.2947 42.7161 293.0643 179.3146 176.4931 233.1687 506.7461 156.5782 434.5872 266.2432 120.192 283.6739 90.837 262.1704 512.0247;
	3.4441 46.5371 90.8272 62.4526 14.3769 32.0331 13.7925 18.6163 24.1726 24.13 44.604 66.5403 100.1761 54.9467 194.0213 73.0964 90.6937 96.1082 85.0158 69.2955 4.5975 74.744 68.8163 85.4669 102.7679 73.9859 13.578 578.5444 586.7295 586.7295 426.7868 23.9343 283.3861 178.3669 172.2654 250.3379 601.4957 116.4981 156.334 275.2711 120.5348 355.3541 112.9485 266.9299 607.7612;
	3.6945 49.9211 87.2642 56.91 14.0264 31.7099 27.793 18.1067 24.9768 10.4363 19.2913 28.7788 43.3263 60.8519 186.4876 70.2581 87.1721 92.3764 75.8584 69.6131 9.2643 73.9897 46.2614 85.753 92.2138 71.7244 12.7141 689.8351 609.7864 609.7864 400.5332 20.0321 252.8614 179.1842 190.779 260.1755 782.3916 77.8816 373.9035 247.0012 121.7998 351.7682 117.294 250.5723 790.5415;
