function loadprofile = ex_load_profilesh1
%EX_LOAD_PROFILE  Example load profile data file for stochastic unit commitment.
% 2022.03.12
% Andres F. Ramirez

%% define constants
[CT_LABEL, CT_PROB, CT_TABLE, CT_TBUS, CT_TGEN, CT_TBRCH, CT_TAREABUS, ...
    CT_TAREAGEN, CT_TAREABRCH, CT_ROW, CT_COL, CT_CHGTYPE, CT_REP, ...
    CT_REL, CT_ADD, CT_NEWVAL, CT_TLOAD, CT_TAREALOAD, CT_LOAD_ALL_PQ, ...
    CT_LOAD_FIX_PQ, CT_LOAD_DIS_PQ, CT_LOAD_ALL_P, CT_LOAD_FIX_P, ...
    CT_LOAD_DIS_P, CT_TGENCOST, CT_TAREAGENCOST, CT_MODCOST_F, ...
    CT_MODCOST_X] = idx_ct;

loadprofile = struct( ...
    'type', 'mpcData', ...
    'table', CT_TAREALOAD, ...
    'rows', [1:11], ...
    'col', CT_LOAD_ALL_P, ...
    'chgtype', 1, ...
    'values', [] );
loadprofile.values(:,1,:) = [
	1431.3477 899.2173 1557.6737 564.703 785.7016 1225.3736 901.6309 236.7905 499.9123 4355.7087 1690.8697;
	1414.2536 892.7518 1513.8319 559.5582 767.6715 1170.3 867.3482 208.6208 477.651 3974.381 1679.9868;
	1398.1962 888.8 1519.6449 564.5343 792.339 1191.2331 843.4169 225.2119 458.48 3809.3185 1614.3507;
	1413.4596 910.7846 1520.6743 556.0601 793.8008 1193.1188 869.7356 221.4715 492.5711 4130.1331 1595.4445;
	1436.9552 944.2998 1597.4103 571.3754 847.8737 1279.6817 935.4 249.2663 517.2453 4595.3529 1806.4932;
	1554.4336 1031.2 1740.4783 595.8704 907.6503 1324.1517 992.8502 252.1279 537.8954 4675.0981 1920.4382;
	1592.8489 1030.5655 1796.4744 587.5603 952.3 1391.6315 1041.572 283.5884 554.7248 4814.9014 1976.63;
	1602.8458 1059.3 1822.3993 599.9856 958.3071 1434.8066 1067.8462 317.3953 573.2482 4927.7278 2032.786;
	1557.1383 1086.0 1839.5 628.2729 961.0943 1467.3057 1119.0 348.8906 619.2764 5288.8861 2122.8306;
	1537.8626 1087.5492 1841.5469 612.5738 960.106 1455.7485 1095.0999 346.6373 631.3593 5312.4686 2017.3;
	1578.4917 1095.8067 1866.3575 604.3645 963.4389 1480.9393 1090.2994 347.7049 641.6226 5327.1944 2000.5;
	1607.5435 1091.6521 1857.0879 591.3 970.5815 1456.6703 1152.5056 348.9 662.6575 5422.0814 2082.1825;
	1593.7841 1077.9183 1790.8144 585.6 950.6754 1368.9555 1095.7269 345.8351 652.7854 5416.2469 2115.1;
	1597.424 1102.5292 1817.2056 588.9 990.1859 1376.5233 1091.6344 342.4602 652.2568 5387.9434 2161.4;
	1594.0451 1115.6 1828.5777 567.2079 1011.9431 1409.6675 1118.9 366.1887 642.171 5441.4673 2214.9164;
	1653.7 1179.7464 1909.0263 591.1736 1026.7892 1415.1879 1102.057 354.6571 667.063 5435.5905 2212.769;
	1647.3341 1207.9836 1943.2 605.8 1052.2959 1479.0259 1120.5851 341.5686 675.8 5501.0098 2271.3568;
	1707.1032 1213.007 1986.6112 630.0638 1095.3 1536.7472 1191.6747 379.9 751.2577 5746.7929 2442.2218;
	1739.4035 1219.5068 2008.8304 619.081 1098.3524 1515.436 1165.6 371.364 732.1258 5687.6416 2403.0937;
	1688.3537 1175.2517 1929.3179 604.4551 1020.0646 1427.9195 1088.2923 356.5623 688.2302 5594.7161 2271.4829;
	1627.2958 1121.7545 1911.4579 582.3 959.7619 1361.4179 1013.3182 334.5541 649.3041 5388.4207 2158.1973;
	1549.3652 1052.5506 1806.4607 555.5532 860.2766 1244.1605 949.9134 304.1 600.2825 5139.227 1985.7;
	1485.1525 981.2 1693.1902 548.8361 823.2878 1113.7483 859.3936 273.8251 509.3 4611.3312 1738.2717;
	1419.6192 936.7288 1607.5706 545.5 801.0 1089.327 865.5 264.6 511.3 4527.3126 1669.4403;
];
