function solarprofile = ex_solar_profilesh1
%EX_WIND_PROFILE_D  Example wind_load_nyiso profile data for deterministic unit commitment.
% 2022.03.12
% Andres F. Ramirez


%% define constants
[GEN_BUS, PG, QG, QMAX, QMIN, VG, MBASE, GEN_STATUS, PMAX, PMIN, ...
    MU_PMAX, MU_PMIN, MU_QMAX, MU_QMIN, PC1, PC2, QC1MIN, QC1MAX, ...
    QC2MIN, QC2MAX, RAMP_AGC, RAMP_10, RAMP_30, RAMP_Q, APF] = idx_gen;
[CT_LABEL, CT_PROB, CT_TABLE, CT_TBUS, CT_TGEN, CT_TBRCH, CT_TAREABUS, ...
    CT_TAREAGEN, CT_TAREABRCH, CT_ROW, CT_COL, CT_CHGTYPE, CT_REP, ...
    CT_REL, CT_ADD, CT_NEWVAL, CT_TLOAD, CT_TAREALOAD, CT_LOAD_ALL_PQ, ...
    CT_LOAD_FIX_PQ, CT_LOAD_DIS_PQ, CT_LOAD_ALL_P, CT_LOAD_FIX_P, ...
    CT_LOAD_DIS_P, CT_TGENCOST, CT_TAREAGENCOST, CT_MODCOST_F, ...
    CT_MODCOST_X] = idx_ct;

solarprofile = struct( ...
    'type', 'mpcData', ...
    'table', CT_TGEN, ...
    'rows', [1:12], ...
    'col', PMAX, ...
    'chgtype', 1, ...
    'values', [] );
solarprofile.values(:,1,:) = [
	0.0 0.0 0.0 0.0 0.0 0.0 0.0 0.0 0.0 0.0 0.0 0.0;
	0.0 0.0 0.0 0.0 0.0 0.0 0.0 0.0 0.0 0.0 0.0 0.0;
	0.0 0.0 0.0 0.0 0.0 0.0 0.0 0.0 0.0 0.0 0.0 0.0;
	0.0 0.0 0.0 0.0 0.0 0.0 0.0 0.0 0.0 0.0 0.0 0.0;
	0.0 0.0 0.0 0.0 0.0 0.0 0.0 0.0 0.0 0.0 0.0 0.0;
	0.0 0.0 0.0 0.0 0.0 0.0 0.0 0.0 0.0 0.0 0.0 0.0;
	0.2431 0.3007 0.2219 0.512 0.7128 6.0862 0.7608 11.4124 68.9133 12.7981 4.7482 23.1774;
	0.7526 0.8236 0.6212 0.3521 0.3895 32.7416 4.0927 26.0612 86.0211 13.9765 3.0805 25.3114;
	1.0948 0.942 0.8845 0.4745 0.3542 52.8173 6.6022 34.2054 94.1018 23.184 5.2013 41.9864;
	2.1436 1.0803 1.6086 1.5251 1.0234 89.6284 11.2035 41.7813 124.4599 48.2029 12.7915 87.2957;
	2.3211 1.3571 2.0225 2.9647 1.502 93.7401 11.7175 44.1853 90.2547 57.8335 10.3701 104.7369;
	2.4704 1.8666 2.12 3.9582 1.8311 91.1644 11.3956 41.6121 46.8846 49.7469 8.9072 90.092;
	3.6908 2.7161 2.0893 3.4687 2.1459 126.2776 15.7847 41.4924 29.5143 58.7197 31.2575 106.3418;
	3.1369 2.0365 1.473 2.5999 2.1867 99.4662 12.4333 29.4492 38.5975 60.5927 44.0785 109.7338;
	2.1922 1.2487 0.953 2.1638 2.3399 81.058 10.1323 23.8024 63.0926 62.1649 48.8552 112.581;
	1.567 1.1493 1.102 1.7191 1.466 45.2137 5.6517 14.4118 93.8819 111.6634 47.2584 202.223;
	0.326 0.4973 0.2504 0.8753 0.5949 35.231 4.4039 7.5273 25.9582 22.4061 11.9056 40.5776;
	0.0 0.0 0.0 0.0 0.0 0.0 0.0 0.0 0.0 0.0 0.0 0.0;
	0.0 0.0 0.0 0.0 0.0 0.0 0.0 0.0 0.0 0.0 0.0 0.0;
	0.0 0.0 0.0 0.0 0.0 0.0 0.0 0.0 0.0 0.0 0.0 0.0;
	0.0 0.0 0.0 0.0 0.0 0.0 0.0 0.0 0.0 0.0 0.0 0.0;
	0.0 0.0 0.0 0.0 0.0 0.0 0.0 0.0 0.0 0.0 0.0 0.0;
	0.0 0.0 0.0 0.0 0.0 0.0 0.0 0.0 0.0 0.0 0.0 0.0;
	0.0 0.0 0.0 0.0 0.0 0.0 0.0 0.0 0.0 0.0 0.0 0.0;
];
