function loadprofile = ex_load_profilesh1
%EX_LOAD_PROFILE  Example load profile data file for stochastic unit commitment.
% 2022.03.12
% Andres F. Ramirez

%% define constants
[CT_LABEL, CT_PROB, CT_TABLE, CT_TBUS, CT_TGEN, CT_TBRCH, CT_TAREABUS, ...
    CT_TAREAGEN, CT_TAREABRCH, CT_ROW, CT_COL, CT_CHGTYPE, CT_REP, ...
    CT_REL, CT_ADD, CT_NEWVAL, CT_TLOAD, CT_TAREALOAD, CT_LOAD_ALL_PQ, ...
    CT_LOAD_FIX_PQ, CT_LOAD_DIS_PQ, CT_LOAD_ALL_P, CT_LOAD_FIX_P, ...
    CT_LOAD_DIS_P, CT_TGENCOST, CT_TAREAGENCOST, CT_MODCOST_F, ...
    CT_MODCOST_X] = idx_ct;

loadprofile = struct( ...
    'type', 'mpcData', ...
    'table', CT_TAREALOAD, ...
    'rows', [1:11], ...
    'col', CT_LOAD_ALL_P, ...
    'chgtype', 1, ...
    'values', [] );
loadprofile.values(:,1,:) = [
	1571.6 924.1147 1627.3168 597.1239 791.6112 1239.6879 936.7036 292.4726 554.3572 4819.538 1830.7497;
	1535.2567 901.6048 1602.128 600.2261 799.8451 1223.2728 926.5398 287.4877 549.5 4619.67 1752.1377;
	1539.3796 891.0068 1601.6 594.8694 805.4844 1205.5806 914.5755 285.8409 531.0277 4583.1848 1752.4953;
	1537.7 908.5846 1622.182 588.4 814.9322 1211.8 923.835 294.4168 541.7112 4664.2276 1787.4471;
	1595.7748 943.9 1698.6308 598.0 877.7678 1290.9261 979.2422 303.3 577.6805 4742.3756 1886.1897;
	1624.4442 998.0 1770.2582 604.4362 918.2 1304.6254 1022.604 325.1736 614.9948 4850.0347 1917.3763;
	1666.228 1025.9264 1806.8182 615.4 999.5773 1338.9012 1060.6066 353.2584 634.0897 5029.4766 2002.4613;
	1681.1491 1067.1929 1846.1 616.5429 1050.8443 1465.2888 1138.3868 382.7653 671.3929 5296.737 2126.1;
	1737.3539 1082.6007 1859.4427 615.2265 1057.5615 1469.9086 1147.9918 385.3 688.4 5331.2601 2122.5481;
	1747.7106 1092.6264 1826.959 606.8784 1039.6324 1492.4659 1176.5914 394.2233 697.4575 5379.3256 2015.046;
	1721.6373 1061.872 1839.5726 587.2115 1020.9639 1479.7821 1200.5563 358.5393 696.0168 5439.5485 1965.6259;
	1748.0485 1060.1484 1843.4 590.1915 982.2394 1478.09 1181.0371 357.5836 724.5039 5526.7 1998.4434;
	1753.8 1041.6941 1804.1843 585.1593 974.0693 1408.6762 1183.0804 374.9 707.1061 5578.7933 2086.9244;
	1710.711 1032.467 1779.8954 574.0622 977.5222 1377.8984 1144.0111 359.9575 687.5 5537.4146 2077.4369;
	1692.3 1032.9 1796.6659 580.9222 975.4501 1431.3267 1160.1747 391.855 686.0587 5565.4503 2175.9398;
	1729.8002 1084.158 1901.5043 598.0741 1015.1146 1464.2145 1227.6435 400.4322 726.3485 5652.6007 2229.3718;
	1756.4797 1108.0132 1980.4376 609.0385 1059.6682 1501.7797 1251.4483 433.7168 735.9385 5969.7731 2348.4375;
	1768.6369 1139.7416 2031.4524 612.826 1141.8534 1577.6416 1321.3029 427.916 769.3602 5891.2407 2421.0749;
	1813.4 1166.8537 1988.7955 590.2377 1116.2988 1558.7836 1260.8623 434.3141 760.9349 5844.0849 2431.914;
	1812.7061 1137.7199 1949.9234 584.655 1059.333 1499.0025 1242.9323 407.0979 740.6102 6008.7087 2449.9071;
	1741.4344 1081.5 1870.7469 559.9 965.2823 1424.6517 1147.4623 410.9559 711.4667 5826.5085 2277.3945;
	1721.3402 1031.3813 1829.3428 532.8226 923.1588 1326.9884 1060.6928 388.4141 604.5 5445.8847 2016.5082;
	1621.5786 938.2413 1714.0488 516.3242 842.711 1168.9325 924.2701 372.726 539.5009 4767.7368 1763.319;
	1601.9994 916.3 1698.0558 532.133 848.5847 1174.1776 885.7315 304.1049 503.0189 4541.3112 1668.4448;
];
