function windprofile = ex_wind_profilesh1
%EX_WIND_PROFILE_D  Example wind_load_nyiso profile data for deterministic unit commitment.
% 2022.03.12
% Andres F. Ramirez


%% define constants
[GEN_BUS, PG, QG, QMAX, QMIN, VG, MBASE, GEN_STATUS, PMAX, PMIN, ...
    MU_PMAX, MU_PMIN, MU_QMAX, MU_QMIN, PC1, PC2, QC1MIN, QC1MAX, ...
    QC2MIN, QC2MAX, RAMP_AGC, RAMP_10, RAMP_30, RAMP_Q, APF] = idx_gen;
[CT_LABEL, CT_PROB, CT_TABLE, CT_TBUS, CT_TGEN, CT_TBRCH, CT_TAREABUS, ...
    CT_TAREAGEN, CT_TAREABRCH, CT_ROW, CT_COL, CT_CHGTYPE, CT_REP, ...
    CT_REL, CT_ADD, CT_NEWVAL, CT_TLOAD, CT_TAREALOAD, CT_LOAD_ALL_PQ, ...
    CT_LOAD_FIX_PQ, CT_LOAD_DIS_PQ, CT_LOAD_ALL_P, CT_LOAD_FIX_P, ...
    CT_LOAD_DIS_P, CT_TGENCOST, CT_TAREAGENCOST, CT_MODCOST_F, ...
    CT_MODCOST_X] = idx_ct;

windprofile = struct( ...
    'type', 'mpcData', ...
    'table', CT_TGEN, ...
    'rows', [1:45], ...
    'col', PMAX, ...
    'chgtype', 1, ...
    'values', [] );
windprofile.values(:,1,:) = [
	3.7716 50.9624 86.0748 114.2674 15.0119 35.8328 31.542 7.8349 27.5431 13.1909 24.3832 36.3749 54.7623 49.6211 184.5856 69.5416 86.2831 91.4343 87.6706 72.0378 10.514 83.6099 31.6736 35.7008 51.6865 27.4824 5.0318 1238.1553 808.1818 808.1818 650.2927 84.1878 292.2353 185.4254 155.5688 344.8242 1232.5033 203.1686 475.3673 138.4461 116.5619 397.5056 207.9277 111.3034 1245.3418;
	3.285 44.3881 79.2926 44.6174 14.7283 29.3633 31.262 7.8459 10.0367 12.6984 23.4728 35.0168 52.7176 43.7324 184.1886 69.392 86.0975 91.2376 85.497 71.1635 10.4207 68.5144 22.3193 35.312 42.8788 27.9943 5.4532 1255.7549 821.7979 821.7979 688.651 77.6454 284.99 183.175 137.1069 350.6338 1286.3592 196.6234 475.1506 114.8541 117.1121 325.737 207.2067 101.0433 1299.7587;
	3.2534 43.9605 88.8486 47.1324 14.7366 25.2025 31.7055 6.801 8.4352 12.7972 23.6555 35.2893 53.1278 41.2329 194.5673 73.3021 90.9489 96.3787 84.6808 68.071 10.5685 58.8057 23.2398 33.1809 39.268 24.7262 5.9141 1261.518 819.2794 819.2794 688.6934 92.4219 282.2693 175.215 129.2708 349.5592 1276.176 201.0468 471.745 105.1822 31.4285 279.5792 214.5734 132.2509 1289.4695;
	3.5726 48.2734 84.6866 49.355 14.166 14.8489 32.2624 7.0935 10.4666 13.2531 24.4981 36.5463 55.0203 29.9573 197.5373 74.421 92.3372 97.8499 85.7666 68.1507 10.7541 34.6473 27.0996 30.5578 35.3852 24.3606 5.2685 1260.0701 816.2516 816.2516 711.5423 97.3214 285.8886 175.42 93.9203 348.2673 1252.7078 212.9048 473.3577 94.7819 33.1812 164.7233 215.6075 111.7707 1265.7569;
	3.8794 52.4189 83.1506 41.0753 14.7545 23.0146 31.462 6.6155 11.1016 12.2275 22.6024 33.7183 50.7627 36.1718 182.1587 68.6272 85.1486 90.2321 85.2593 67.9771 10.4873 53.7007 1.545 25.9881 36.5361 54.1807 5.0758 1235.3982 816.4467 816.4467 725.9682 101.2546 284.1978 174.9731 113.4034 348.3506 1247.5537 236.4748 473.0433 97.8645 31.8113 255.3084 215.6874 197.9076 1260.5491;
	3.8824 52.4598 94.3152 112.8051 14.8577 34.837 31.8688 6.9185 11.0353 13.3721 24.7182 36.8746 55.5146 31.1861 190.9506 71.9395 89.2583 94.5872 86.7698 68.2803 10.6229 81.2864 3.0557 30.5506 51.0998 63.2584 4.4995 1185.4884 811.9862 811.9862 702.9295 110.6568 289.2327 175.7536 97.7726 346.4474 1200.0883 240.5061 478.4448 136.8744 72.1181 386.4589 216.1889 250.066 1212.5893;
	3.9822 53.8085 94.4964 118.1044 14.9927 35.5214 31.7292 10.3074 10.7278 12.8172 23.6924 35.3444 53.2108 41.4862 200.5349 75.5504 93.7384 99.3347 79.8903 69.0458 10.5764 82.8834 25.3227 49.5426 98.504 73.3957 9.7007 1155.9724 826.0856 826.0856 737.5566 110.9468 266.3009 177.7241 130.0648 352.4632 1270.1771 280.1703 476.1747 263.8499 111.4396 394.0512 218.9376 278.7237 1283.4081;
	3.9314 53.1221 95.4205 120.8511 15.4152 35.3827 31.7271 19.0127 11.6276 13.2987 24.5824 36.6721 55.2096 68.5357 205.3951 77.3814 96.0103 101.7422 83.3801 64.8792 10.5757 82.5597 28.5092 64.062 105.6088 74.3573 14.0038 1067.5967 839.1616 839.1616 777.527 112.9145 277.9336 166.9992 214.8686 358.0423 1269.0734 313.1807 479.5255 282.8808 123.643 392.5123 219.4154 284.6583 1282.293;
	3.8986 52.6791 94.7152 117.0901 15.3651 34.9848 31.1731 18.2829 9.7692 13.2555 24.5026 36.5531 55.0305 68.315 204.2394 76.946 95.4701 101.1698 49.5354 67.8563 10.391 81.6312 27.4224 86.7072 102.9871 71.5243 13.3956 779.3963 847.5757 847.5757 789.7794 113.4696 165.118 174.6623 214.1767 361.6323 1233.2015 327.8024 476.2746 275.8583 122.5136 388.0979 217.9485 270.9835 1246.0474;
	3.9184 52.9462 94.8894 120.1334 15.2049 35.1073 31.698 18.7021 22.451 13.4416 24.8466 37.0662 55.803 67.5063 193.8658 73.0378 90.621 96.0312 57.1192 61.452 10.566 81.917 27.7766 88.88 103.3655 71.766 13.8222 590.9337 852.0563 852.0563 789.6355 110.9243 190.3975 158.1775 211.6413 363.544 1131.4978 294.5118 476.9287 276.8719 122.9078 389.4571 217.6155 269.1697 1143.2843;
	3.8901 52.564 94.2487 118.7795 14.7497 34.0396 32.0485 18.6993 27.7871 18.9569 35.0415 52.275 78.6998 68.9674 197.653 74.4646 92.3913 97.9072 41.9412 70.7369 10.6828 79.4258 28.062 85.9758 101.3305 70.7626 14.0767 444.2633 834.9743 834.9743 738.0901 101.3108 139.804 182.077 216.2222 356.2557 961.7424 288.0508 476.4303 271.4209 123.0362 377.6129 213.7609 264.1905 971.7606;
	3.4458 46.5602 94.8133 119.2274 15.2568 31.7989 30.2227 18.7078 27.455 21.1381 39.0735 58.29 87.7553 65.5378 191.3587 72.0933 89.4491 94.7893 56.2906 66.9304 10.0742 74.1974 36.1662 88.0485 102.4786 74.8298 13.8376 320.314 797.7933 797.7933 690.0771 103.9378 187.6353 172.279 205.4698 340.3918 768.2062 257.2909 463.5786 274.4963 124.0819 352.7554 195.6772 266.5688 776.2083;
	2.3176 31.3153 94.7903 119.6461 15.2673 20.9936 26.8167 18.9151 27.6327 30.2148 55.8516 83.3197 125.4373 68.4361 193.3426 72.8407 90.3764 95.772 91.994 66.2652 8.9389 48.985 65.9181 89.1022 104.5678 73.6017 14.0184 308.6282 753.2563 753.2563 633.2208 98.7639 306.6467 170.5668 214.5565 321.3893 692.7546 233.8602 450.3909 280.0922 123.8376 232.8886 170.3377 266.109 699.9708;
	2.5825 34.895 94.7574 120.6091 15.2695 12.9843 27.4373 18.9695 27.3938 31.3965 58.036 86.5783 130.3432 67.4147 194.1595 73.1485 90.7583 96.1767 91.3795 69.7333 9.1458 30.2966 75.1121 89.5945 105.4346 74.032 14.0221 290.7804 626.9012 626.9012 562.6891 94.2485 304.5984 179.4936 211.3543 267.4779 476.2248 191.7694 471.1085 282.414 123.9949 144.0387 138.7273 267.797 481.1855;
	2.3034 31.1234 94.0357 119.3251 13.6658 2.4553 23.4042 18.5237 26.9234 30.9249 57.1642 85.2777 128.3851 67.4842 193.7965 73.0117 90.5886 95.9969 88.7298 70.4039 7.8014 5.7291 74.9867 89.6428 105.611 74.1445 13.8284 446.7483 509.6367 509.6367 426.4387 92.3213 295.7661 181.2198 211.5721 217.445 428.0367 181.4938 467.9818 282.8865 123.8146 27.2375 114.0939 259.6842 432.4954;
	3.4027 45.9776 93.9516 92.0083 14.7261 26.8286 17.9079 18.9687 23.3796 30.9501 57.2107 85.3472 128.4897 60.8897 193.3725 72.852 90.3904 95.7869 91.6411 70.2443 5.9693 62.6001 75.3958 90.0919 106.4934 76.3377 14.0707 517.2171 516.7204 516.7204 389.135 45.5896 305.4703 180.809 190.8975 220.4674 474.3092 152.6443 462.9782 285.2501 123.4216 297.6188 82.4959 275.0899 479.2499;
	3.0662 41.4314 90.2375 65.0724 15.0585 32.2307 14.9044 18.4574 26.498 28.1861 52.1015 77.7252 117.0149 58.8711 190.1991 71.6564 88.907 94.2149 86.7289 68.3866 4.9681 75.2051 73.4474 87.8819 105.0262 76.0545 13.8286 603.6696 557.1701 557.1701 404.771 20.1483 289.0964 176.0273 184.5688 237.7259 586.3767 98.8386 184.5132 281.3202 119.6722 357.5463 98.5024 273.2689 592.4848;
	3.6887 49.8429 91.3002 69.0323 14.569 33.6077 29.3161 18.8089 26.4486 13.9348 25.7583 38.4263 57.8506 58.5225 175.9804 66.2996 82.2606 87.1717 73.3328 69.5608 9.772 78.418 56.0005 88.9208 106.447 76.4054 13.9859 718.3588 603.1093 603.1093 401.4804 28.2534 244.4427 179.0498 183.476 257.3266 766.7632 75.8917 427.9997 285.126 123.0972 372.8215 112.5392 268.1138 774.7504;
