function solarprofile = ex_solar_profilesh1
%EX_WIND_PROFILE_D  Example wind_load_nyiso profile data for deterministic unit commitment.
% 2022.03.12
% Andres F. Ramirez


%% define constants
[GEN_BUS, PG, QG, QMAX, QMIN, VG, MBASE, GEN_STATUS, PMAX, PMIN, ...
    MU_PMAX, MU_PMIN, MU_QMAX, MU_QMIN, PC1, PC2, QC1MIN, QC1MAX, ...
    QC2MIN, QC2MAX, RAMP_AGC, RAMP_10, RAMP_30, RAMP_Q, APF] = idx_gen;
[CT_LABEL, CT_PROB, CT_TABLE, CT_TBUS, CT_TGEN, CT_TBRCH, CT_TAREABUS, ...
    CT_TAREAGEN, CT_TAREABRCH, CT_ROW, CT_COL, CT_CHGTYPE, CT_REP, ...
    CT_REL, CT_ADD, CT_NEWVAL, CT_TLOAD, CT_TAREALOAD, CT_LOAD_ALL_PQ, ...
    CT_LOAD_FIX_PQ, CT_LOAD_DIS_PQ, CT_LOAD_ALL_P, CT_LOAD_FIX_P, ...
    CT_LOAD_DIS_P, CT_TGENCOST, CT_TAREAGENCOST, CT_MODCOST_F, ...
    CT_MODCOST_X] = idx_ct;

solarprofile = struct( ...
    'type', 'mpcData', ...
    'table', CT_TGEN, ...
    'rows', [1:12], ...
    'col', PMAX, ...
    'chgtype', 1, ...
    'values', [] );
solarprofile.values(:,1,:) = [
	0.0 0.0 0.0 0.0 0.0 0.0 0.0 0.0 0.0 0.0 0.0 0.0;
	0.0 0.0 0.0 0.0 0.0 0.0 0.0 0.0 0.0 0.0 0.0 0.0;
	0.0 0.0 0.0 0.0 0.0 0.0 0.0 0.0 0.0 0.0 0.0 0.0;
	0.0 0.0 0.0 0.0 0.0 0.0 0.0 0.0 0.0 0.0 0.0 0.0;
	0.0 0.0 0.0 0.0 0.0 0.0 0.0 0.0 0.0 0.0 0.0 0.0;
	0.0 0.0 0.0 0.0 0.0 0.0 0.0 0.0 0.0 0.0 0.0 0.0;
	0.7742 0.5912 0.3661 3.7632 3.8768 52.7649 6.5956 42.369 85.738 18.8163 6.6368 34.0765;
	0.3677 0.2826 0.1974 2.4234 4.7798 45.1025 5.6378 25.3493 72.7565 71.2016 14.2051 128.9466;
	0.5771 0.3529 0.3817 2.6502 4.8864 34.6313 4.3289 18.4804 57.4274 84.0056 25.7584 152.1347;
	2.3904 1.7911 1.9337 4.4861 5.0582 47.4923 5.9365 14.776 82.2297 62.5987 38.8758 113.3666;
	2.6107 2.0347 2.1076 5.4585 6.4468 55.8788 6.9848 10.2613 98.8484 69.1644 49.6043 125.2572;
	1.8203 1.3151 1.3776 5.4887 6.4929 48.364 6.0455 6.204 102.7294 70.5719 46.5002 127.8061;
	0.8106 0.4167 0.4548 4.1102 3.2734 62.5997 7.825 12.4808 82.4452 107.2748 44.9438 194.2753;
	0.7769 0.3644 0.4817 2.9505 2.0424 53.7453 6.7182 15.1416 53.9082 80.3856 27.5814 145.5788;
	1.2601 0.6986 0.9324 2.068 1.6257 66.6423 8.3303 19.7063 35.4137 53.9122 17.5514 97.6354;
	2.1762 1.5841 2.2903 0.8018 1.3322 144.3512 18.0439 30.3796 25.0933 19.7083 13.397 35.6918;
	0.3019 0.2603 0.2204 0.4086 1.12 39.2257 4.9032 7.774 27.5905 20.325 10.764 36.8087;
	0.0 0.0 0.0 0.0 0.0 0.0 0.0 0.0 0.0 0.0 0.0 0.0;
	0.0 0.0 0.0 0.0 0.0 0.0 0.0 0.0 0.0 0.0 0.0 0.0;
	0.0 0.0 0.0 0.0 0.0 0.0 0.0 0.0 0.0 0.0 0.0 0.0;
	0.0 0.0 0.0 0.0 0.0 0.0 0.0 0.0 0.0 0.0 0.0 0.0;
	0.0 0.0 0.0 0.0 0.0 0.0 0.0 0.0 0.0 0.0 0.0 0.0;
	0.0 0.0 0.0 0.0 0.0 0.0 0.0 0.0 0.0 0.0 0.0 0.0;
	0.0 0.0 0.0 0.0 0.0 0.0 0.0 0.0 0.0 0.0 0.0 0.0;
];
