function windprofile = ex_wind_profilesh1
%EX_WIND_PROFILE_D  Example wind_load_nyiso profile data for deterministic unit commitment.
% 2022.03.12
% Andres F. Ramirez


%% define constants
[GEN_BUS, PG, QG, QMAX, QMIN, VG, MBASE, GEN_STATUS, PMAX, PMIN, ...
    MU_PMAX, MU_PMIN, MU_QMAX, MU_QMIN, PC1, PC2, QC1MIN, QC1MAX, ...
    QC2MIN, QC2MAX, RAMP_AGC, RAMP_10, RAMP_30, RAMP_Q, APF] = idx_gen;
[CT_LABEL, CT_PROB, CT_TABLE, CT_TBUS, CT_TGEN, CT_TBRCH, CT_TAREABUS, ...
    CT_TAREAGEN, CT_TAREABRCH, CT_ROW, CT_COL, CT_CHGTYPE, CT_REP, ...
    CT_REL, CT_ADD, CT_NEWVAL, CT_TLOAD, CT_TAREALOAD, CT_LOAD_ALL_PQ, ...
    CT_LOAD_FIX_PQ, CT_LOAD_DIS_PQ, CT_LOAD_ALL_P, CT_LOAD_FIX_P, ...
    CT_LOAD_DIS_P, CT_TGENCOST, CT_TAREAGENCOST, CT_MODCOST_F, ...
    CT_MODCOST_X] = idx_ct;

windprofile = struct( ...
    'type', 'mpcData', ...
    'table', CT_TGEN, ...
    'rows', [1:45], ...
    'col', PMAX, ...
    'chgtype', 1, ...
    'values', [] );
windprofile.values(:,1,:) = [
	3.9458 53.3161 85.6274 114.9213 15.3756 35.8572 30.2886 6.3251 26.544 13.7188 25.3591 37.8307 56.954 44.6531 203.9584 76.8402 95.3387 101.0306 91.8185 73.9727 10.0962 83.6667 32.1974 36.8494 46.6497 24.7668 4.373 1268.033 826.0953 826.0953 684.0873 80.02 306.0617 190.4058 139.9936 352.4673 1260.048 205.6172 465.0297 124.9546 117.3382 397.7753 212.3812 122.0396 1273.1735;
	3.4164 46.1627 79.2201 46.6867 15.2898 29.5548 29.7817 7.2856 9.1757 13.5491 25.0452 37.3626 56.2491 39.9729 199.8291 75.2845 93.4085 98.9851 91.6588 73.9703 9.9272 68.9612 25.25 35.3117 41.6 27.097 5.4183 1272.6597 821.8451 821.8451 709.11 69.6157 305.5293 190.3999 125.3203 350.6539 1261.9928 197.1698 466.1179 111.4285 117.7676 327.8614 212.4952 108.8961 1275.1386;
	3.3324 45.0278 91.058 51.7157 15.2465 25.7925 30.226 6.3837 9.2913 14.1329 26.1244 38.9724 58.6728 39.7768 203.4718 76.6568 95.1112 100.7895 91.3718 71.4007 10.0753 60.1825 27.8833 36.3736 39.7308 17.5811 5.7835 1249.6019 827.5118 827.5118 753.0509 86.7426 304.5728 183.7855 124.7056 353.0717 1273.7777 211.9034 474.2318 106.4217 36.0036 286.1249 213.1614 142.4021 1287.0462;
	3.6438 49.2361 86.7957 52.1709 15.2819 15.7663 29.8861 6.8883 9.759 12.1053 22.3765 33.3814 50.2555 28.03 205.3976 77.3824 96.0114 101.7435 90.8559 69.9586 9.962 36.788 28.3543 38.4891 37.7318 3.6531 5.1044 1241.2265 826.522 826.522 765.1489 88.3667 302.8529 180.0736 87.8777 352.6494 1269.4489 234.4344 472.9749 101.0674 39.7148 174.9006 215.9087 122.0544 1282.6724;
	3.8667 52.2473 82.1974 44.3902 15.2519 23.807 29.7712 6.9705 10.9486 10.7408 19.8541 29.6185 44.5904 32.5509 188.8146 71.1348 88.2599 93.5291 90.2094 68.5807 9.9237 55.5498 5.9094 28.986 39.0026 47.1943 5.01 1216.3438 808.0134 808.0134 788.3173 94.4226 300.6979 176.5269 102.0515 344.7524 1276.7089 238.4832 468.7374 104.4713 36.9595 264.0994 214.1638 198.9367 1290.008;
	3.9065 52.7851 95.1099 119.0709 15.3136 34.8615 31.4492 7.0558 11.9688 12.7827 23.6287 35.2494 53.0677 30.1581 197.837 74.5339 92.4773 97.9983 92.6171 69.643 10.4831 81.3434 8.6784 33.7288 55.4945 57.5864 5.1507 1160.9356 820.0821 820.0821 793.9951 105.4765 308.7235 179.2612 94.5498 349.9017 1279.2151 252.3416 479.7494 148.6459 76.7407 386.7297 216.3064 262.0195 1292.5402;
	3.9809 53.7907 95.0179 120.6612 15.3938 35.5964 31.6105 11.5236 11.9931 12.4674 23.0458 34.3798 51.7587 38.3106 202.1533 76.1601 94.4949 100.1364 88.6033 72.4052 10.5368 83.0582 24.1807 52.1617 103.4226 73.3981 10.8771 1079.3376 836.035 836.035 787.4706 107.9547 295.3442 186.3712 120.1089 356.7083 1297.6274 290.2428 479.4159 277.0247 111.4431 394.8824 217.6156 286.7395 1311.1444;
	3.9293 53.0931 94.9261 120.059 15.4081 35.2999 30.9756 18.402 12.4595 12.1738 22.503 33.5701 50.5395 61.0371 196.1359 73.8931 91.6821 97.1557 87.3959 61.0933 10.3252 82.3664 25.5812 55.8256 104.3371 72.2961 13.46 927.9527 838.4717 838.4717 785.5457 104.0622 291.3195 157.2544 191.3597 357.7479 1223.0802 304.8091 477.6803 279.4744 118.1095 391.5933 215.7438 285.308 1235.8206;
	3.8904 52.5676 92.2594 115.9518 15.1369 33.9086 29.8603 17.8079 9.2601 12.0327 22.2422 33.181 49.9537 60.8981 195.7626 73.7524 91.5076 96.9708 49.2417 66.9726 9.9534 79.12 27.0705 85.5927 101.3848 70.114 13.1997 706.5567 828.9142 828.9142 765.5675 101.0191 164.1389 172.3876 190.9237 353.6701 1160.7265 288.4945 465.7573 271.5665 118.3962 376.159 213.5808 275.5412 1172.8174;
	3.8668 52.2492 89.7993 114.5823 15.139 33.5477 29.7228 17.4018 17.838 11.2672 20.8273 31.0703 46.7761 58.3325 181.8967 68.5285 85.0261 90.1023 41.5499 56.9689 9.9076 78.2781 23.7618 86.4126 99.6498 67.5446 12.8421 605.768 806.0124 806.0124 746.3868 97.5599 138.4996 146.6382 182.8802 343.8986 1076.1013 260.5501 446.7036 266.9192 112.9765 372.1563 211.6096 269.7933 1087.3107;
	3.8751 52.3607 90.6935 114.7005 15.3766 33.6854 30.0725 17.4198 26.0562 16.7113 30.8906 46.0827 69.3773 66.9754 196.0237 73.8508 91.6297 97.1001 38.5371 66.4972 10.0242 78.5993 3.4642 84.1363 99.5571 69.7663 12.9871 431.3519 772.0042 772.0042 715.2879 83.8223 128.4571 171.1639 209.9769 329.3885 917.0995 258.5113 447.668 266.6708 113.7737 373.6834 209.4511 271.3318 926.6526;
	3.5316 47.7197 92.3875 112.0233 15.4053 32.1831 29.0361 17.6398 26.9538 16.0577 29.6824 44.2802 66.6636 65.2751 187.052 70.4707 87.4359 92.656 44.9883 62.5598 9.6787 75.094 3.5529 85.3229 97.7302 72.198 12.5891 295.4092 759.616 759.616 698.2196 93.599 149.9612 161.029 204.6464 324.1028 743.6829 245.9489 436.2014 261.7773 115.9054 357.0184 196.1111 269.4808 751.4296;
	2.1794 29.4488 94.7565 111.3236 15.2154 19.937 24.2599 18.4492 27.7008 28.0635 51.8749 77.3871 116.5059 68.6597 195.3437 73.5946 91.3118 96.7633 90.5973 65.488 8.0866 46.5198 56.0454 86.2334 101.5963 70.8419 13.5956 275.4409 668.1658 668.1658 605.0481 92.0069 301.9911 168.5663 215.2573 285.0841 636.3825 226.3277 427.7896 272.1329 116.4074 221.1683 165.6151 271.8912 643.0115;
	2.2 29.7272 89.9991 109.4348 15.23 10.9908 23.4061 17.5252 26.8364 31.1228 57.5301 85.8236 129.2069 64.6065 193.2501 72.8059 90.3332 95.7262 87.9171 70.7081 7.802 25.6453 74.7251 84.1604 98.3116 69.956 13.2055 234.6658 552.5595 552.5595 549.5927 90.8867 293.057 182.0028 202.5501 235.7587 416.6905 204.2363 394.8883 263.3347 117.8713 121.9249 117.4968 259.9919 421.031;
	2.3394 31.6108 92.5511 111.1903 13.9233 0.8429 21.4041 17.9114 27.2435 30.8374 57.0024 85.0364 128.0218 66.6284 200.5155 75.5431 93.7294 99.3251 91.0705 72.6884 7.1347 1.9668 74.1197 87.7291 101.3309 71.4249 13.475 369.3373 453.6749 453.6749 419.6108 76.9142 303.5683 187.1001 208.8889 193.5679 389.7013 183.3125 443.1316 271.4221 116.9302 9.3507 112.6536 249.8027 393.7606;
	3.5207 47.572 90.6061 84.6889 15.404 26.1952 15.0808 18.086 23.7767 29.8315 55.1431 82.2626 123.846 59.2555 197.8214 74.5281 92.47 97.9906 91.4771 72.9982 5.0269 61.1221 73.9895 87.5073 98.6896 72.4114 13.4844 396.1613 451.1618 451.1618 393.6205 43.863 304.9235 187.8976 185.774 192.4957 414.3113 162.4939 440.7827 264.3471 119.9365 290.5921 83.3918 257.0708 418.627;
	3.3405 45.1379 94.4862 67.6574 15.3607 31.6794 13.0608 18.4614 27.6364 28.9386 53.4926 79.8005 120.1392 62.4227 195.4539 73.6361 91.3633 96.8178 91.7718 73.6005 4.3536 73.9185 74.5596 89.2183 104.5063 74.9866 13.7369 542.9354 537.4236 537.4236 430.0425 26.2225 305.906 189.4478 195.7037 229.3007 553.09 116.4442 172.5623 279.9277 120.8663 351.4299 108.7311 269.0974 558.8513;
	3.7774 51.0414 94.3801 69.0321 15.3397 32.271 28.7067 18.8207 27.6725 14.4902 26.7849 39.9577 60.1561 65.6906 191.32 72.0787 89.431 94.7702 82.807 73.4823 9.5689 75.2989 55.4313 89.9832 106.2722 76.19 13.9385 645.1648 587.4039 587.4039 401.2789 25.3529 276.0235 189.1435 205.949 250.6257 750.0803 79.9181 418.0024 284.6578 122.218 357.9926 116.4688 268.2551 757.8936;
