function windprofile = ex_wind_profilesh1
%EX_WIND_PROFILE_D  Example wind_load_nyiso profile data for deterministic unit commitment.
% 2022.03.12
% Andres F. Ramirez


%% define constants
[GEN_BUS, PG, QG, QMAX, QMIN, VG, MBASE, GEN_STATUS, PMAX, PMIN, ...
    MU_PMAX, MU_PMIN, MU_QMAX, MU_QMIN, PC1, PC2, QC1MIN, QC1MAX, ...
    QC2MIN, QC2MAX, RAMP_AGC, RAMP_10, RAMP_30, RAMP_Q, APF] = idx_gen;
[CT_LABEL, CT_PROB, CT_TABLE, CT_TBUS, CT_TGEN, CT_TBRCH, CT_TAREABUS, ...
    CT_TAREAGEN, CT_TAREABRCH, CT_ROW, CT_COL, CT_CHGTYPE, CT_REP, ...
    CT_REL, CT_ADD, CT_NEWVAL, CT_TLOAD, CT_TAREALOAD, CT_LOAD_ALL_PQ, ...
    CT_LOAD_FIX_PQ, CT_LOAD_DIS_PQ, CT_LOAD_ALL_P, CT_LOAD_FIX_P, ...
    CT_LOAD_DIS_P, CT_TGENCOST, CT_TAREAGENCOST, CT_MODCOST_F, ...
    CT_MODCOST_X] = idx_ct;

windprofile = struct( ...
    'type', 'mpcData', ...
    'table', CT_TGEN, ...
    'rows', [1:45], ...
    'col', PMAX, ...
    'chgtype', 1, ...
    'values', [] );
windprofile.values(:,1,:) = [
	3.84 51.8873 82.7697 110.8948 14.5486 33.8404 29.8956 6.7671 25.8377 0.0 0.0 0.0 0.0 36.312 174.643 65.7957 81.6354 86.5092 82.8812 67.6623 9.9652 78.9609 1.4827 33.8168 41.1775 24.5345 4.0816 1233.6837 763.782 763.782 593.2902 87.6128 276.2706 174.1629 113.8429 325.8803 1216.8723 196.0286 421.8565 110.2969 101.9127 375.4026 202.2167 114.2327 1229.548;
	3.3315 45.0156 80.5046 44.6538 14.7537 28.3012 29.5118 6.8331 0.6693 2.0678 3.8223 5.7021 8.5845 31.8813 183.1545 69.0024 85.6141 90.7253 84.1186 69.8509 9.8373 66.0361 2.1336 36.0601 39.9972 27.6454 5.2386 1227.126 784.4177 784.4177 665.9723 80.4562 280.3953 179.7964 99.9522 334.6849 1243.703 189.2999 431.0305 107.1354 111.0619 313.9546 211.0037 106.6129 1256.6582;
	3.1203 42.1616 89.1409 46.2586 14.7226 24.2756 30.045 5.7623 4.1244 11.5138 21.283 31.7501 47.7996 31.9375 196.4323 74.0047 91.8207 97.3025 84.8764 67.2947 10.015 56.643 17.8858 36.1761 33.911 24.6856 5.5767 1245.2018 788.7876 788.7876 668.15 94.3899 282.9212 173.2167 100.1284 336.5494 1249.5544 199.4601 434.7126 90.8331 31.6608 269.2969 213.2709 128.1033 1262.5706;
	3.4623 46.7832 86.8926 51.0834 14.5612 13.4834 30.5108 7.1841 10.3911 11.3788 21.0336 31.378 47.2394 22.1348 193.2349 72.8001 90.3261 95.7187 83.7737 65.8717 10.1703 31.4613 20.4446 39.0824 38.0055 30.8569 5.6113 1255.0137 818.6525 818.6525 699.8985 96.358 279.2457 169.5539 69.3956 349.2917 1295.8838 227.323 440.5 101.8005 31.6025 149.5761 211.0306 114.0489 1309.3826;
	3.6637 49.5047 84.3439 41.6885 14.7556 20.8741 30.1597 7.3291 9.7114 9.9597 18.4103 27.4646 41.3478 27.5487 188.6453 71.071 88.1807 93.4452 85.765 68.6651 10.0532 48.7063 0.0992 30.7315 39.6923 62.7752 5.325 1236.2094 813.8573 813.8573 714.4752 97.639 285.8835 176.7442 86.3689 347.2458 1294.5035 229.978 440.6787 106.3186 36.96 231.5635 203.5453 181.4061 1307.9879;
	3.7616 50.8277 95.0592 111.5636 14.9532 32.6276 30.8014 7.7608 10.5477 10.8328 20.0243 29.8723 44.9725 25.3684 190.7538 71.8654 89.1663 94.4897 88.9056 65.6247 10.2671 76.131 0.027 34.5446 55.4086 66.9098 5.4421 1143.2674 785.1532 785.1532 735.1153 103.9442 296.3518 168.918 79.5335 334.9987 1235.1226 228.2863 445.0151 148.4159 66.8565 361.9486 204.508 249.1021 1247.9885;
	3.9556 53.4493 95.0221 118.1292 15.2105 34.2806 30.9472 12.3941 10.5001 11.5755 21.3972 31.9204 48.056 38.9786 197.9244 74.5669 92.5182 98.0416 77.6853 68.3219 10.3157 79.988 13.1913 54.3538 104.6614 74.7697 11.9034 1150.108 816.5512 816.5512 774.6064 111.8792 258.9511 175.8609 122.2032 348.3952 1284.5356 274.7362 451.2101 280.3431 113.6089 380.2857 212.1577 281.7998 1297.9161;
	3.7857 51.1529 94.6201 118.7087 15.2955 33.9514 30.3212 19.0137 9.9975 10.6277 19.6452 29.3068 44.1212 64.9263 197.5292 74.418 92.3334 97.8459 81.9234 58.2517 10.1071 79.22 21.5716 60.0992 105.4866 73.5118 14.1403 1029.1619 811.4467 811.4467 765.27 112.2669 273.078 149.94 203.5527 346.2172 1264.5221 283.9493 460.6967 282.5534 120.7074 376.6345 206.0981 283.3146 1277.6942;
	3.7415 50.5558 93.7761 111.0211 15.0902 31.0893 30.3192 18.2128 10.1212 11.1553 20.6204 30.7616 46.3114 64.173 197.2265 74.304 92.1919 97.6959 50.1161 61.4013 10.1064 72.5416 26.0614 86.8814 105.0389 71.8614 13.6201 748.2886 825.0523 825.0523 733.6814 111.0229 167.0537 158.0472 201.1909 352.0223 1238.9478 282.0912 466.1523 281.3542 121.3631 344.8837 204.532 271.8828 1251.8536;
	3.8158 51.5602 93.4921 116.5059 15.2957 33.5483 31.1874 18.2786 22.1214 12.1906 22.5342 33.6166 50.6095 64.3801 194.0371 73.1023 90.7011 96.116 54.0059 56.8727 10.3958 78.2794 24.8164 88.1379 103.6302 71.5929 13.8236 560.7756 835.5322 835.5322 743.7178 110.2423 180.0198 146.3904 201.8404 356.4938 1172.3593 267.0005 465.5055 277.5808 118.376 372.1625 209.9316 276.0032 1184.5713;
	3.8255 51.6914 92.4221 113.2488 15.2204 33.5095 30.5771 18.0369 27.7314 17.7926 32.8893 49.0644 73.8662 69.823 200.3465 75.4794 93.6504 99.2414 40.9462 64.6048 10.1924 78.1889 25.9962 85.1725 101.6349 70.3141 13.9172 455.176 834.3719 834.3719 746.1075 107.3309 136.4873 166.293 218.9044 355.9987 1014.3541 265.2375 452.5017 272.2364 119.1598 371.7325 202.9821 273.3674 1024.9203;
	3.3522 45.2961 93.9776 115.0262 14.8141 31.9421 29.6294 18.2908 27.716 19.7722 36.5486 54.5233 82.0845 68.7438 195.2025 73.5414 91.2458 96.6933 43.0777 57.1137 9.8765 74.5316 29.8279 85.2052 101.3004 73.2344 13.8858 302.3565 808.3165 808.3165 663.4584 107.1834 143.5923 147.0108 215.5211 344.8817 812.0594 241.1491 460.19 271.3403 117.2715 354.3444 191.1613 269.5191 820.5183;
	1.9503 26.3525 94.4146 111.7464 14.2854 19.2824 22.444 18.9622 25.7984 25.8841 47.8465 71.3775 107.4584 67.8572 186.2333 70.1623 87.0532 92.2504 77.3614 55.2296 7.4813 44.9923 48.0176 86.9858 104.0714 73.9594 14.0818 294.4361 719.5925 719.5925 594.1833 101.7381 257.8715 142.1611 212.7416 307.0261 692.2692 228.7532 389.8445 278.7627 119.6725 213.9065 159.5916 271.7058 699.4803;
	2.2382 30.2435 93.5731 110.5148 14.3057 12.3621 21.3269 18.8341 25.9259 30.0355 55.5202 82.8253 124.693 67.3292 191.4079 72.1118 89.4721 94.8137 86.726 63.692 7.109 28.845 71.1183 87.791 104.2893 72.9347 13.9684 302.7168 603.9475 603.9475 563.0739 107.5169 289.0866 163.9433 211.0863 257.6843 498.7485 213.2677 421.2886 279.3463 120.3178 137.1373 136.9403 266.1931 503.9438;
	2.0742 28.0265 91.4992 111.2979 11.6609 0.002 19.2345 18.6257 24.4719 24.7866 45.8176 68.3508 102.9017 65.321 195.2303 73.5519 91.2588 96.7071 79.9246 67.169 6.4115 0.0046 66.326 83.652 98.2872 71.4716 13.9006 454.9987 471.9487 471.9487 374.8906 94.2084 266.4154 172.8931 204.7902 201.3648 443.7967 173.8774 421.9079 263.2694 117.9219 0.0219 108.2695 252.3573 448.4196;
	3.3223 44.8916 92.1748 86.611 14.1651 26.5361 14.013 18.9611 20.4122 26.8931 49.7115 74.1597 111.647 59.2795 191.533 72.1589 89.5305 94.8757 77.9763 67.0614 4.671 61.9176 67.4895 87.101 102.7716 73.6328 14.0629 512.1335 491.8615 491.8615 372.6812 54.2556 259.9209 172.6163 185.8493 209.8609 494.8495 157.1612 424.5496 275.2809 118.4061 294.3738 83.4163 262.8425 500.0042;
	3.1779 42.9399 93.306 69.022 14.743 32.2964 8.3194 19.0651 24.0234 24.9997 46.2115 68.9385 103.7865 47.4233 185.6205 69.9314 86.7668 91.9469 75.699 66.9783 2.7731 75.3582 66.7841 89.047 106.0784 74.9835 13.9665 594.9626 522.8424 522.8424 374.4568 31.7905 252.33 172.4024 148.6783 223.0794 589.4366 112.9695 149.2211 284.1385 119.5165 358.2744 108.3944 263.5184 595.5766;
	3.652 49.3466 93.8781 68.969 15.1476 32.8932 24.601 19.0361 25.4377 0.4753 0.8786 1.3107 1.9732 48.2246 160.95 60.637 75.2348 79.7264 63.0144 68.4636 8.2003 76.7508 20.6674 89.838 106.6087 75.8625 13.8036 693.5742 582.1951 582.1951 346.6455 31.1965 210.0481 176.2256 151.1907 248.4032 764.6485 77.439 374.8725 285.559 121.3234 364.8954 115.761 268.6874 772.6136;
