function windprofile = ex_wind_profilesh1
%EX_WIND_PROFILE_D  Example wind_load_nyiso profile data for deterministic unit commitment.
% 2022.03.12
% Andres F. Ramirez


%% define constants
[GEN_BUS, PG, QG, QMAX, QMIN, VG, MBASE, GEN_STATUS, PMAX, PMIN, ...
    MU_PMAX, MU_PMIN, MU_QMAX, MU_QMIN, PC1, PC2, QC1MIN, QC1MAX, ...
    QC2MIN, QC2MAX, RAMP_AGC, RAMP_10, RAMP_30, RAMP_Q, APF] = idx_gen;
[CT_LABEL, CT_PROB, CT_TABLE, CT_TBUS, CT_TGEN, CT_TBRCH, CT_TAREABUS, ...
    CT_TAREAGEN, CT_TAREABRCH, CT_ROW, CT_COL, CT_CHGTYPE, CT_REP, ...
    CT_REL, CT_ADD, CT_NEWVAL, CT_TLOAD, CT_TAREALOAD, CT_LOAD_ALL_PQ, ...
    CT_LOAD_FIX_PQ, CT_LOAD_DIS_PQ, CT_LOAD_ALL_P, CT_LOAD_FIX_P, ...
    CT_LOAD_DIS_P, CT_TGENCOST, CT_TAREAGENCOST, CT_MODCOST_F, ...
    CT_MODCOST_X] = idx_ct;

windprofile = struct( ...
    'type', 'mpcData', ...
    'table', CT_TGEN, ...
    'rows', [1:45], ...
    'col', PMAX, ...
    'chgtype', 1, ...
    'values', [] );
windprofile.values(:,1,:) = [
	3.9256 53.044 84.2273 117.3492 15.4205 36.0479 32.5653 6.74 28.3776 10.7097 19.7968 29.5329 44.4617 39.7484 202.0131 76.1073 94.4294 100.067 90.5375 69.8925 10.8551 84.1118 28.7633 31.9361 40.0534 24.3882 4.4315 1226.3243 848.0455 848.0455 666.9866 85.0134 301.7916 179.9034 124.6165 361.8327 1300.5473 211.4187 478.1792 107.2858 110.812 399.8916 214.447 117.7035 1314.0947;
	3.3908 45.8174 75.0347 46.0743 15.3721 29.4859 32.3373 6.2535 11.34 10.5152 19.4372 28.9965 43.654 37.3554 200.8765 75.6791 93.8981 99.5039 90.2331 69.35 10.7791 68.8003 23.2082 30.158 33.444 19.7287 4.6576 1226.9404 834.9876 834.9876 711.9051 69.9874 300.7769 178.507 117.1143 356.2614 1287.517 202.7798 477.4912 89.5821 114.7482 327.0964 214.0776 96.8774 1300.9286;
	3.1676 42.8011 88.8561 51.0624 15.3418 25.1069 32.3971 6.2176 11.4801 12.1782 22.5112 33.5824 50.558 39.7714 204.9724 77.2221 95.8127 101.5328 91.5569 65.1808 10.799 58.5827 26.5056 35.8314 36.2614 26.9279 5.2146 1238.5178 845.4702 845.4702 732.9571 88.62 305.1896 167.7755 124.6887 360.734 1290.3845 210.0473 477.3801 97.1289 32.641 278.519 216.0874 137.0213 1303.826;
	3.5358 47.777 80.7182 49.9184 15.0846 14.7317 32.6935 7.058 13.8949 11.8708 21.9431 32.7347 49.2819 29.0051 205.313 77.3505 95.9719 101.7016 88.1415 66.0171 10.8978 34.3739 28.7027 32.5719 34.3564 28.7501 5.2545 1286.5209 859.4806 859.4806 775.7098 91.7621 293.8051 169.9283 90.935 366.7117 1336.2743 238.6395 480.121 92.0262 37.3281 163.4231 216.1775 110.1226 1350.1939;
	3.6704 49.5951 74.3325 37.5281 14.712 21.5487 32.4789 6.6855 12.4792 10.4337 19.2866 28.7718 43.3158 36.2118 190.4985 71.7692 89.047 94.3632 88.8554 66.5407 10.8263 50.2803 2.7041 18.5253 31.2856 53.8863 4.8694 1240.6836 852.6935 852.6935 773.6998 96.1939 296.1847 171.2758 113.5289 363.8159 1303.7572 237.4795 477.4045 83.8008 37.7613 239.0471 213.1408 187.9108 1317.338;
	3.7876 51.1789 90.9845 109.7458 14.9904 33.8304 31.835 6.4083 11.5428 11.4649 21.1927 31.6154 47.5968 29.1589 193.6616 72.9609 90.5255 95.93 89.895 65.4629 10.6117 78.9375 5.2271 21.1035 45.802 58.0606 4.6527 1189.2975 824.0104 824.0104 755.3064 94.4223 299.65 168.5018 91.4172 351.5778 1249.5787 221.3306 464.0777 122.6841 67.2073 375.2914 211.622 240.5877 1262.5952;
	3.9487 53.3556 90.5809 113.839 15.0643 34.4438 31.5436 9.9416 11.9223 11.7457 21.7118 32.3897 48.7625 39.735 194.4486 73.2574 90.8934 96.3199 84.5262 66.9549 10.5145 80.3689 24.4988 43.8806 97.2283 72.5921 9.4282 1166.8324 819.6207 819.6207 734.2642 101.44 281.7542 172.3421 124.5745 349.7048 1270.1909 259.5116 466.6498 260.4331 107.4973 382.0967 215.9476 270.9513 1283.422;
	3.8026 51.3812 88.767 101.2262 14.7532 34.0376 30.8075 18.1358 10.9157 10.8665 20.0866 29.9652 45.1124 62.7705 192.4388 72.5002 89.954 95.3243 81.7296 58.3793 10.2692 79.4211 24.0402 49.42 101.7424 72.578 13.2229 1064.5238 798.5012 798.5012 738.4021 106.557 272.4322 150.2684 196.7939 340.6939 1204.5429 280.44 457.3556 272.5244 118.1017 377.5908 206.4848 268.4536 1217.0902;
	3.8591 52.1444 89.8945 108.7184 15.016 34.6148 30.5049 17.8813 9.9719 11.9835 22.1513 33.0454 49.7497 64.7257 191.8616 72.2827 89.6841 95.0384 46.9857 63.5723 10.1683 80.7679 29.2986 86.2761 101.9991 71.6852 13.2075 778.2857 846.2186 846.2186 766.0481 110.4299 156.619 163.6353 202.924 361.0533 1159.8609 292.8945 446.2489 273.212 117.424 383.9939 214.8644 274.1097 1171.9428;
	3.7893 51.2015 86.7633 109.7418 14.9118 33.1211 30.4192 17.822 19.91 10.5265 19.458 29.0276 43.7009 61.5954 180.2625 67.9129 84.2622 89.2928 43.4647 47.6466 10.1397 77.2827 21.2814 87.9365 100.4672 68.9937 12.8861 577.6511 828.2027 828.2027 741.435 105.409 144.8823 122.6424 193.11 353.3665 1048.4257 243.9018 439.9791 269.1085 114.2791 367.4238 209.7939 268.2457 1059.3468;
	3.6359 49.1291 84.9502 109.7858 14.6664 32.6832 30.1463 17.8672 28.2066 17.7181 32.7516 48.859 73.5569 68.0755 193.5561 72.9211 90.4762 95.8778 31.5907 65.5865 10.0488 76.2608 29.3318 85.1483 98.869 70.871 13.048 382.8724 817.8288 817.8288 748.82 104.7494 105.3023 168.8197 213.4258 348.9403 879.8011 259.5255 450.1323 264.8277 115.9952 362.5655 204.9643 261.0018 888.9657;
	3.1703 42.8384 86.5809 109.9052 14.6549 29.5383 29.7169 17.4054 28.0528 19.5079 36.0601 53.7946 80.9874 65.2526 194.7257 73.3618 91.023 96.4572 42.9926 62.784 9.9056 68.9226 34.4296 82.2817 94.9086 72.285 12.175 279.3783 814.6923 814.6923 737.2741 106.7252 143.3085 161.6062 204.5757 347.602 764.6819 251.4051 448.4513 254.2194 117.4798 327.6779 192.8474 262.8164 772.6473;
	2.0384 27.5426 89.8686 110.3209 14.8116 18.1562 25.6659 18.5003 27.7459 27.4635 50.7659 75.7327 114.0152 63.3598 194.9549 73.4481 91.1301 96.5707 87.8372 55.9259 8.5553 42.3645 60.5223 84.1023 98.5753 73.1835 13.725 241.7974 726.7626 726.7626 663.0669 101.979 292.7906 143.9533 198.6415 310.0854 643.6611 233.9457 403.7201 264.0409 115.743 201.4129 173.9391 273.9642 650.3659;
	2.3291 31.4716 88.717 110.4293 15.3584 12.2486 25.2413 17.9824 27.8042 30.6556 56.6663 84.535 127.267 63.1101 194.8138 73.395 91.0641 96.5008 87.8668 67.1405 8.4138 28.5802 73.5754 83.1933 96.995 72.6449 13.4769 243.9883 641.878 641.878 606.6713 99.6486 292.8894 172.8199 197.8587 273.8679 487.7726 207.5259 436.4899 259.8081 119.5624 135.8784 147.8422 269.692 492.8536;
	2.1483 29.0279 89.6266 113.2353 13.4709 0.8155 20.6452 17.9757 27.4108 29.6826 54.8678 81.852 123.2277 62.3437 200.6948 75.6106 93.8132 99.414 86.7553 71.4614 6.8817 1.9029 73.4998 84.7591 97.5845 72.8135 13.5814 356.4153 471.8796 471.8796 404.9256 90.9118 289.1843 183.9418 195.456 201.3353 389.3804 189.1994 432.0565 261.387 115.8734 9.047 115.5862 256.2423 393.4365;
	3.1694 42.8257 89.6635 86.0489 14.431 25.2405 15.6516 18.4589 23.4515 29.1758 53.9311 80.4545 121.1239 53.2381 198.3329 74.7208 92.7091 98.244 87.2796 71.5466 5.2172 58.8946 72.314 85.079 97.8011 74.4379 13.6054 322.9458 470.9716 470.9716 372.2709 46.2423 290.9322 184.1612 166.9086 200.9479 407.2526 161.0541 443.8433 261.9672 119.0601 280.0016 81.0888 260.0188 411.4948;
	3.1793 42.9595 89.8983 64.5251 14.9705 32.1675 13.7062 18.6242 27.619 27.3816 50.6145 75.5068 113.6751 46.8478 192.638 72.5752 90.0471 95.423 80.3078 69.2917 4.5687 75.0576 73.2534 85.3964 101.6717 73.9219 13.7818 267.8889 526.7979 526.7979 406.4368 25.9531 267.6926 178.3571 146.8743 224.7671 511.9514 118.3143 175.2793 272.3349 117.012 356.8452 107.5651 256.2483 517.2842;
	3.5544 48.0278 90.4212 60.1541 14.3807 31.5579 28.8292 18.7596 26.7145 12.5383 23.1769 34.5754 52.053 54.6247 183.7817 69.2387 85.9072 91.036 62.1819 69.5062 9.6097 73.6352 52.8404 86.6517 104.0003 73.6186 13.6476 539.8781 522.0302 522.0302 360.9668 15.3108 207.2731 178.909 171.2559 222.7329 656.5187 75.697 415.8746 278.5723 118.4161 350.0828 114.2969 251.3618 663.3575;
