function windprofile = ex_wind_profilesh1
%EX_WIND_PROFILE_D  Example wind_load_nyiso profile data for deterministic unit commitment.
% 2022.03.12
% Andres F. Ramirez


%% define constants
[GEN_BUS, PG, QG, QMAX, QMIN, VG, MBASE, GEN_STATUS, PMAX, PMIN, ...
    MU_PMAX, MU_PMIN, MU_QMAX, MU_QMIN, PC1, PC2, QC1MIN, QC1MAX, ...
    QC2MIN, QC2MAX, RAMP_AGC, RAMP_10, RAMP_30, RAMP_Q, APF] = idx_gen;
[CT_LABEL, CT_PROB, CT_TABLE, CT_TBUS, CT_TGEN, CT_TBRCH, CT_TAREABUS, ...
    CT_TAREAGEN, CT_TAREABRCH, CT_ROW, CT_COL, CT_CHGTYPE, CT_REP, ...
    CT_REL, CT_ADD, CT_NEWVAL, CT_TLOAD, CT_TAREALOAD, CT_LOAD_ALL_PQ, ...
    CT_LOAD_FIX_PQ, CT_LOAD_DIS_PQ, CT_LOAD_ALL_P, CT_LOAD_FIX_P, ...
    CT_LOAD_DIS_P, CT_TGENCOST, CT_TAREAGENCOST, CT_MODCOST_F, ...
    CT_MODCOST_X] = idx_ct;

windprofile = struct( ...
    'type', 'mpcData', ...
    'table', CT_TGEN, ...
    'rows', [1:45], ...
    'col', PMAX, ...
    'chgtype', 1, ...
    'values', [] );
windprofile.values(:,1,:) = [
	3.9507 53.3828 85.0309 116.1546 15.3607 36.0303 30.2074 5.6201 27.8392 10.3442 19.121 28.5248 42.944 42.7823 180.156 67.8727 84.2125 89.2401 84.6822 67.4487 10.0691 84.0706 30.5897 34.8147 42.2036 27.2288 2.9587 1240.5697 830.2934 830.2934 716.9036 95.3689 282.2742 173.6131 134.1284 354.2585 1273.2391 221.1776 466.2469 113.0453 113.8829 399.6957 216.1917 106.8161 1286.502;
	3.5496 47.9626 77.6203 45.3245 15.3543 29.7541 30.0554 6.3045 10.3095 12.0766 22.3233 33.302 50.136 36.9969 178.0329 67.0729 83.22 88.1884 86.4508 69.0654 10.0185 69.4263 28.9146 28.3359 33.4174 30.6975 4.5978 1255.145 832.6778 832.6778 751.5576 84.6543 288.1695 177.7745 115.9903 355.2759 1297.4184 196.0659 467.6864 89.5109 115.2426 330.0724 217.0951 88.2236 1310.9332;
	3.3764 45.6221 87.9765 47.8318 15.2748 24.6754 30.0243 6.9104 9.7233 8.8901 16.4333 24.5152 36.9075 36.5564 183.3419 69.073 85.7017 90.8182 84.1583 57.605 10.0081 57.5759 25.9513 39.0104 36.4949 33.8385 5.5039 1237.964 808.1637 808.1637 735.4631 99.5295 280.5276 148.2755 114.6094 344.8165 1251.2674 203.6541 453.652 97.7542 39.0903 273.7324 214.152 121.3084 1264.3014;
	3.6323 49.08 86.5279 48.6494 15.0702 15.2281 30.4777 7.4795 11.7376 10.9054 20.1585 30.0726 45.2741 21.5968 186.7649 70.3626 87.3017 92.5138 82.9209 63.0946 10.1592 35.5323 29.1055 36.6523 37.1084 34.7497 4.8472 1251.663 816.0682 816.0682 728.2381 99.8766 276.4029 162.4057 67.709 348.1891 1260.4109 209.5616 467.5702 99.3975 44.2816 168.9307 215.2719 112.724 1273.5401;
	3.6711 49.6042 79.2583 38.551 14.7782 21.0683 28.4613 5.8431 10.8392 8.5985 15.8941 23.7109 35.6967 23.4623 159.8477 60.2217 74.7195 79.1804 87.7707 65.6943 9.4871 49.1595 2.3128 24.2093 33.9425 62.0287 2.9045 1160.6857 788.2648 788.2648 700.5089 103.9413 292.569 169.0972 73.5575 336.3263 1213.9052 211.5161 447.1574 90.9174 41.1848 233.7181 206.3739 180.9963 1226.55;
	3.7721 50.9691 91.8036 111.3319 14.9161 33.6911 30.087 7.5607 10.1244 1.3455 2.4871 3.7102 5.5857 20.294 179.6755 67.6917 83.9878 89.002 89.9686 62.1417 10.029 78.6125 0.0702 29.6418 52.8346 69.0918 5.0301 1137.0755 790.9241 790.9241 753.648 110.4418 299.8953 159.9529 63.6245 337.461 1237.8334 225.0104 448.6484 141.5213 81.5427 373.7465 209.8751 241.8539 1250.7275;
	3.7036 50.0441 87.2227 113.5051 14.6646 33.3066 29.7977 11.5245 9.8064 9.54 17.6346 26.3074 39.6056 31.7211 194.7431 73.3683 91.0311 96.4658 87.3456 68.9587 9.9326 77.7154 23.4162 43.9298 97.8936 73.7887 10.4947 1039.0057 772.716 772.716 735.018 116.5885 291.1521 177.5 99.45 329.6921 1225.3135 265.2883 447.6585 262.2151 115.2167 369.4813 201.3194 270.3912 1238.0772;
	3.1104 42.0285 86.9654 109.7051 14.6307 32.9427 29.8427 18.2899 10.0468 10.7945 19.9535 29.7667 44.8136 51.4247 193.1858 72.7816 90.3031 95.6944 86.0504 59.517 9.9476 76.8664 23.7962 47.1317 102.7202 73.2261 13.3251 976.9279 784.7724 784.7724 635.1531 114.0785 286.8347 153.1968 161.2235 334.8362 1167.5407 270.9475 450.2276 275.1435 120.2266 365.4447 199.9832 268.7336 1179.7026;
	3.0392 41.0661 85.5218 108.7182 14.3945 30.1713 29.5404 17.3343 9.5573 12.3135 22.7613 33.9554 51.1196 53.9912 192.5805 72.5536 90.0202 95.3945 52.2386 59.7954 9.8468 70.3997 27.1396 84.4191 100.378 70.5896 12.9394 681.5501 803.496 803.496 661.599 114.5658 174.1288 153.9135 169.2696 342.825 1136.8642 281.593 444.2018 268.8697 119.4459 334.7001 192.3043 264.6237 1148.7065;
	3.0025 40.5701 77.3838 102.2958 14.4045 32.2892 29.2691 17.022 19.5383 11.1426 20.597 30.7266 46.2588 58.743 184.4092 69.4751 86.2006 91.3469 59.3176 52.6472 9.7564 75.3414 26.7689 84.9668 97.4593 67.4164 12.5158 505.7102 802.4918 802.4918 701.0885 111.5608 197.7253 135.5141 184.1672 342.3965 1011.4027 272.6147 446.2087 261.0517 113.3062 358.1947 199.4252 267.509 1021.9381;
	2.8508 38.5207 72.8345 87.4544 14.1793 31.4847 29.3094 14.2515 26.2545 16.5851 30.6574 45.7348 68.8534 66.6597 194.1325 73.1383 90.7457 96.1633 45.494 62.2043 9.7698 73.4643 29.1057 75.2812 95.2263 67.9821 11.7126 417.9065 780.9252 780.9252 609.3191 101.5725 151.6468 160.1139 208.987 333.1948 874.6898 249.6247 439.7087 255.0705 111.3387 349.2702 199.598 258.5504 883.8011;
	2.5813 34.8784 77.0189 109.2581 14.4532 30.6032 27.7785 17.0266 26.2742 18.9219 34.9769 52.1787 78.5548 63.946 191.8152 72.2653 89.6625 95.0154 58.3234 64.0373 9.2595 71.4075 33.1695 81.5603 95.7242 71.41 11.0766 286.8424 790.8974 790.8974 630.9452 105.9987 194.4115 164.8323 200.4794 337.4496 720.679 237.4972 436.1285 256.404 114.5834 339.4914 185.3001 261.1026 728.1861;
	1.5625 21.1131 82.7818 109.9724 14.1407 18.383 25.3601 18.3629 26.0061 27.2014 50.2814 75.0099 112.927 64.7056 195.4172 73.6223 91.3462 96.7997 93.0046 66.7517 8.4534 42.8937 61.1166 82.931 99.6053 72.0508 13.6718 298.2783 714.2303 714.2303 582.8764 108.4287 310.0153 171.8191 202.8607 304.7383 613.4751 212.3851 429.2677 266.7998 118.2201 203.9288 172.1151 263.8865 619.8654;
	1.7917 24.2102 81.7516 106.1152 14.2433 8.4874 23.7824 18.1176 26.0002 30.9185 57.1524 85.2601 128.3586 62.3306 194.0226 73.0969 90.6943 96.1089 92.8619 68.971 7.9275 19.8039 74.064 82.8214 100.3025 70.7239 13.42 276.5828 597.7543 597.7543 552.8691 105.2709 309.5398 177.5316 195.4149 255.0419 407.0563 194.3322 415.2119 268.6675 118.9052 94.1532 131.2138 261.7081 411.2965;
	1.4227 19.2245 81.0507 109.5779 12.3719 0.0 20.3577 18.4168 25.903 30.4523 56.2907 83.9746 126.4233 62.1174 203.6644 76.7294 95.2013 100.8849 92.9001 73.3244 6.7859 0.0 75.5446 85.4354 101.2475 71.5794 13.7062 431.8473 497.9977 497.9977 399.9073 92.8964 309.6671 188.7371 194.7464 212.479 373.4598 186.8643 408.2736 271.1986 118.5954 0.0 113.1379 251.9417 377.35;
	3.1955 43.1776 89.6609 88.5061 14.9694 24.7105 15.4176 19.0898 23.1034 30.0145 55.4814 82.7674 124.6058 57.7085 201.375 75.8668 94.1311 99.7509 92.663 71.8516 5.1392 57.6579 74.9034 89.6892 106.3018 74.8629 13.9761 455.054 558.9245 558.9245 418.1123 52.8973 308.8767 184.9463 180.924 238.4745 469.6954 165.2197 429.0448 284.7369 122.7148 274.1222 88.1804 273.3831 474.5881;
	3.2415 43.7993 90.8725 68.4748 15.0478 31.2816 14.2146 18.9003 27.1631 28.3363 52.3792 78.1395 117.6386 55.7795 197.6321 74.4567 92.3815 97.8968 91.6665 72.1415 4.7382 72.9903 74.7562 88.2332 106.1034 74.9686 13.6643 550.2603 591.2981 591.2981 451.0291 31.6482 305.555 185.6925 174.8764 252.2872 577.8133 118.8918 167.8882 284.2056 121.6261 347.0169 116.3693 267.1611 583.8322;
	3.6964 49.9462 90.445 67.1144 14.9059 31.9149 28.1923 18.8626 26.5045 13.3903 24.7518 36.9248 55.5901 61.1135 189.8383 71.5205 88.7384 94.0362 75.2621 73.2205 9.3974 74.4682 52.8686 87.6949 106.2391 74.4964 13.4622 641.7529 585.0041 585.0041 386.4583 27.4976 250.8736 188.4697 191.5991 249.6018 702.3194 76.0651 400.5019 284.5691 122.722 354.0429 125.3799 268.1403 709.6353;
