function windprofile = ex_wind_profilesh1
%EX_WIND_PROFILE_D  Example wind_load_nyiso profile data for deterministic unit commitment.
% 2022.03.12
% Andres F. Ramirez


%% define constants
[GEN_BUS, PG, QG, QMAX, QMIN, VG, MBASE, GEN_STATUS, PMAX, PMIN, ...
    MU_PMAX, MU_PMIN, MU_QMAX, MU_QMIN, PC1, PC2, QC1MIN, QC1MAX, ...
    QC2MIN, QC2MAX, RAMP_AGC, RAMP_10, RAMP_30, RAMP_Q, APF] = idx_gen;
[CT_LABEL, CT_PROB, CT_TABLE, CT_TBUS, CT_TGEN, CT_TBRCH, CT_TAREABUS, ...
    CT_TAREAGEN, CT_TAREABRCH, CT_ROW, CT_COL, CT_CHGTYPE, CT_REP, ...
    CT_REL, CT_ADD, CT_NEWVAL, CT_TLOAD, CT_TAREALOAD, CT_LOAD_ALL_PQ, ...
    CT_LOAD_FIX_PQ, CT_LOAD_DIS_PQ, CT_LOAD_ALL_P, CT_LOAD_FIX_P, ...
    CT_LOAD_DIS_P, CT_TGENCOST, CT_TAREAGENCOST, CT_MODCOST_F, ...
    CT_MODCOST_X] = idx_ct;

windprofile = struct( ...
    'type', 'mpcData', ...
    'table', CT_TGEN, ...
    'rows', [1:45], ...
    'col', PMAX, ...
    'chgtype', 1, ...
    'values', [] );
windprofile.values(:,1,:) = [
	3.8229 51.6558 83.6374 116.1602 15.1086 35.7161 30.5699 7.2112 27.134 12.6302 23.3468 34.8288 52.4346 42.782 190.3614 71.7176 88.9829 94.2953 85.7856 72.8509 10.19 83.3375 32.484 31.0826 43.0745 25.7694 4.5509 1185.6589 769.743 769.743 632.4781 80.1723 285.9519 187.5185 134.1274 328.4237 1183.965 202.8573 452.0652 115.3782 113.7539 396.2105 203.6752 123.7779 1196.2979;
	3.1691 42.821 77.3882 45.2715 15.0766 28.0969 29.9561 6.8887 8.9903 12.6475 23.3787 34.8764 52.5062 40.0536 193.2446 72.8038 90.3306 95.7235 90.0 72.9275 9.9854 65.5594 26.7924 29.803 31.5181 27.6991 2.9948 1216.658 794.9223 794.9223 681.8212 75.0288 300.0 187.7156 125.5733 339.1669 1239.6308 192.3888 446.6793 84.4236 109.635 311.6881 202.9715 99.6459 1252.5436;
	3.0168 40.7636 87.5081 47.5453 14.7695 23.4339 31.2372 5.8235 6.7853 12.6209 23.3296 34.8032 52.396 39.5461 199.2014 75.048 93.1151 98.6742 89.5372 68.0387 10.4124 54.6791 26.9403 33.134 34.4749 25.0894 3.9138 1257.7834 801.83 801.83 705.701 92.4219 298.4574 175.1319 123.9825 342.1141 1251.1527 204.5119 451.9466 92.3436 19.1749 259.9602 207.8593 128.4427 1264.1855;
	3.4323 46.3775 85.9068 51.5691 14.4407 13.9631 31.8969 7.084 10.248 13.3166 24.6156 36.7216 55.2841 29.4503 198.3564 74.7296 92.7201 98.2556 86.3017 69.3063 10.6323 32.5807 29.8507 35.6188 36.12 27.9995 4.4049 1270.9759 813.0604 813.0604 757.8524 97.4802 287.6722 178.3945 92.3306 346.9058 1274.1687 238.6033 471.9568 96.7499 27.5786 154.8978 206.9015 113.8293 1287.4413;
	3.5739 48.2918 78.2476 38.8998 14.4048 20.3484 31.573 3.5964 10.9235 10.9347 20.2127 30.1534 45.3957 31.4599 176.6028 66.5341 82.5515 87.48 87.3934 67.0877 10.5243 47.4795 0.6238 12.6255 23.7519 52.5595 0.3592 1280.0655 811.6657 811.6657 782.1071 100.3286 291.3113 172.6838 98.631 346.3107 1285.3237 244.9749 467.7069 63.6212 21.8912 225.731 200.2729 183.3991 1298.7125;
	3.6756 49.6659 91.3125 109.925 14.6074 32.0744 31.6321 4.8095 10.4538 12.1245 22.412 33.4343 50.3352 29.7174 197.0783 74.2481 92.1227 97.6225 92.1938 71.0743 10.544 74.8402 0.2336 4.6136 40.6534 58.3328 2.7801 1235.7919 809.6628 809.6628 815.2824 114.5264 307.3125 182.9454 93.1681 345.4561 1279.1663 252.5738 468.5016 108.893 56.9815 355.8117 203.4274 230.4965 1292.491;
	3.7068 50.0872 89.0619 115.834 14.6079 30.7074 30.6668 10.0174 10.1377 12.2047 22.5602 33.6553 50.6679 37.8562 193.3923 72.8594 90.3997 95.7967 84.8773 70.8353 10.2223 71.6507 22.9236 42.844 93.0897 72.9768 9.025 1186.3394 817.6611 817.6611 815.0769 116.7985 282.9244 182.3302 118.6842 348.8687 1296.2236 301.4163 466.407 249.3475 94.0588 340.6477 202.5656 262.4935 1309.7259;
	3.2265 43.5975 88.3484 114.0522 14.4223 32.6243 30.317 18.2002 9.7547 11.7366 21.6949 32.3646 48.7247 62.3354 191.7175 72.2285 89.6168 94.9671 84.8677 62.2346 10.1057 76.1234 24.8054 49.3865 98.5105 72.4192 13.2174 1088.2268 811.3854 811.3854 814.1806 121.3696 282.8924 160.192 195.4298 346.1911 1255.9923 328.8541 463.1432 263.8675 114.4043 361.9125 196.5868 273.5601 1269.0755;
	2.96 39.9955 87.7911 112.086 14.3295 27.8474 29.6398 17.991 8.7102 12.6439 23.3721 34.8665 52.4914 64.1805 194.8515 73.4092 91.0818 96.5195 50.4461 68.7909 9.8799 64.9772 26.9378 85.2339 99.5536 71.5855 13.2214 817.7986 806.3588 806.3588 782.9869 120.1275 168.1538 177.0681 201.2145 344.0464 1192.8006 326.9042 453.4596 266.6615 115.742 308.92 189.6816 266.5759 1205.2256;
	3.63 49.0489 86.9533 111.7826 14.4653 29.858 29.718 17.8225 19.3264 11.1731 20.6534 30.8107 46.3854 61.816 189.9787 71.5734 88.804 94.1057 52.7646 61.5671 9.906 69.6688 22.8468 87.1657 99.7145 69.9645 12.8381 639.8003 839.7866 839.7866 804.7925 116.9679 175.8821 158.4738 193.8015 358.3089 1129.6641 302.6176 455.5181 267.0923 115.0136 331.2252 199.2401 266.961 1141.4314;
	3.6767 49.6801 87.5113 113.5339 14.4778 32.0013 30.5926 17.5855 27.8247 17.9558 33.1911 49.5146 74.544 67.3823 198.9339 74.9472 92.99 98.5417 39.0323 68.2073 10.1975 74.6697 24.7295 83.1435 97.9381 70.2162 12.8945 465.526 790.4444 790.4444 764.1922 105.4589 130.1077 175.5658 211.2526 337.2563 894.4036 293.9275 466.7793 262.3343 117.2626 355.0013 199.2124 262.774 903.7203;
	3.1779 42.9401 87.0835 112.5198 14.9774 30.8911 28.5213 17.5544 27.6094 20.6667 38.2021 56.99 85.7982 65.7657 194.7194 73.3594 91.02 96.454 52.7869 64.758 9.5071 72.0793 35.2297 83.0118 96.5868 72.3116 11.9527 339.4986 800.0522 800.0522 712.0273 104.5046 175.9563 166.6873 206.1844 341.3556 782.8127 266.9427 459.0471 258.7145 119.5397 342.6854 186.8272 264.5626 790.967;
	1.8788 25.3873 87.9294 111.1901 14.6281 19.3762 24.8458 18.3967 27.3465 27.4632 50.7654 75.7319 114.014 65.0601 197.6966 74.481 92.4117 97.9288 91.1186 65.7665 8.2819 45.2112 57.6886 84.3491 99.3937 71.8795 13.4864 305.4458 670.8975 670.8975 616.9495 102.1137 303.7286 169.283 203.9723 286.2496 631.8015 240.0358 431.9453 266.233 117.923 214.947 170.0588 273.7507 638.3828;
	2.4325 32.8683 91.7832 116.7828 15.2132 12.9283 24.9069 18.1989 27.8062 31.0031 57.3088 85.4934 128.7098 68.748 192.9835 72.7054 90.2085 95.5941 90.5115 69.2496 8.3023 30.166 73.2151 88.7573 102.6015 74.3659 13.3927 293.1594 613.4111 613.4111 604.6602 104.8192 301.7049 178.2486 215.5344 261.7221 480.0304 218.7311 458.7344 274.8255 122.2534 143.4179 142.5225 273.9031 485.0307;
	2.3709 32.036 90.9253 115.1354 13.1725 1.636 21.0886 18.0879 27.2559 30.1397 55.7128 83.1125 125.1255 67.7452 202.7022 76.3669 94.7515 100.4083 89.1909 72.7592 7.0295 3.8173 73.1604 87.8775 102.2909 73.1453 13.5274 402.1995 463.323 463.323 392.2291 91.9342 297.3032 187.2824 212.3903 197.6845 394.7275 190.5219 453.8874 273.9935 121.4958 18.1483 118.6995 256.5885 398.8393;
	3.4531 46.6596 89.2482 81.9914 14.7814 24.1321 16.5084 18.3627 24.3007 29.0221 53.647 80.0307 120.4858 59.0089 198.8628 74.9204 92.9568 98.5065 91.2146 71.5772 5.5028 56.3082 68.9702 86.9816 98.0105 73.8244 13.5114 460.276 521.3858 521.3858 403.1953 51.4265 304.0486 184.24 185.0008 222.4579 456.1686 169.2 465.9133 262.5281 119.4934 267.7054 78.959 270.2672 460.9203;
	3.2938 44.5065 89.192 58.3618 14.7804 31.1736 14.2819 17.9162 27.284 28.0177 51.7903 77.2609 116.3158 60.3772 198.7139 74.8643 92.8872 98.4327 92.4514 71.5917 4.7606 72.7384 71.1443 85.6396 100.1873 74.2384 12.8373 546.4625 609.7765 609.7765 446.2837 31.2427 308.1713 184.2771 189.2906 260.1713 585.97 127.2859 197.7612 268.3589 116.182 345.8189 101.4413 275.7369 592.0739;
	3.6502 49.3219 87.4544 55.6193 14.6704 30.9043 26.6908 18.2284 25.985 13.3388 24.6565 36.7826 55.376 59.079 192.9977 72.7108 90.2152 95.6012 75.467 72.285 8.8969 72.1101 48.4515 87.388 102.2988 74.4025 13.1889 733.8619 624.1989 624.1989 405.3113 31.5782 251.5568 186.0619 185.2207 266.3249 805.0417 85.8924 426.4582 274.0147 118.3276 342.832 114.5844 263.3332 813.4275;
