function loadprofile = ex_load_profilesh1
%EX_LOAD_PROFILE  Example load profile data file for stochastic unit commitment.
% 2022.03.12
% Andres F. Ramirez

%% define constants
[CT_LABEL, CT_PROB, CT_TABLE, CT_TBUS, CT_TGEN, CT_TBRCH, CT_TAREABUS, ...
    CT_TAREAGEN, CT_TAREABRCH, CT_ROW, CT_COL, CT_CHGTYPE, CT_REP, ...
    CT_REL, CT_ADD, CT_NEWVAL, CT_TLOAD, CT_TAREALOAD, CT_LOAD_ALL_PQ, ...
    CT_LOAD_FIX_PQ, CT_LOAD_DIS_PQ, CT_LOAD_ALL_P, CT_LOAD_FIX_P, ...
    CT_LOAD_DIS_P, CT_TGENCOST, CT_TAREAGENCOST, CT_MODCOST_F, ...
    CT_MODCOST_X] = idx_ct;

loadprofile = struct( ...
    'type', 'mpcData', ...
    'table', CT_TAREALOAD, ...
    'rows', [1:11], ...
    'col', CT_LOAD_ALL_P, ...
    'chgtype', 1, ...
    'values', [] );
loadprofile.values(:,1,:) = [
	1498.0905 907.4323 1574.1283 573.9 789.4045 1159.2745 868.5367 278.9245 534.0 4642.6706 1747.0607;
	1474.4694 886.4024 1560.3 570.6922 788.8489 1137.3442 849.311 273.1523 520.6405 4524.7158 1696.0393;
	1448.9 873.7931 1544.0379 573.3 780.3 1127.0629 849.0294 262.0561 498.9722 4368.9148 1556.093;
	1463.8413 878.3677 1559.1 590.1918 792.8533 1135.2263 867.0034 277.9571 513.4 4468.2259 1708.3966;
	1474.4495 918.7829 1650.3219 606.4827 873.9575 1223.9243 924.8 292.5117 538.3004 4590.1922 1802.6;
	1502.6667 956.1913 1673.7241 591.8161 904.1757 1261.808 961.5 307.3394 571.6778 4610.5 1888.6956;
	1472.5819 987.8424 1713.009 612.6 961.4198 1333.3924 986.6128 324.3 605.118 4677.0845 1981.8319;
	1529.1624 1039.0534 1759.1428 613.7 988.9568 1382.6401 1041.1938 331.4 641.3 5063.1135 1997.1623;
	1557.2834 1063.3685 1775.1461 605.4507 1027.7594 1371.3 1102.0999 363.9532 687.5403 5290.8334 2122.5369;
	1531.5818 1042.9554 1743.5 592.8236 1033.7397 1381.1472 1096.9143 333.9342 688.8892 5208.3109 2063.7644;
	1554.5444 1073.0664 1768.2297 606.7 1028.4 1408.1842 1116.1156 327.3553 687.5491 5357.5301 2182.5511;
	1537.0767 1032.3907 1709.9364 575.881 974.8926 1404.7841 1076.6687 329.3499 673.8149 5303.5357 2120.3996;
	1548.0277 1037.0359 1653.9543 583.2175 970.4102 1349.7377 1050.5694 330.1855 664.1738 5364.4507 2134.8895;
	1533.839 1025.3332 1668.7004 582.3622 1006.3015 1358.0837 1037.6318 313.6267 644.5411 5243.2544 2058.0114;
	1583.4404 1073.5878 1687.1315 589.0 1002.6039 1380.8389 1057.3504 315.5412 632.4985 5299.3846 2133.2281;
	1583.1511 1087.5146 1739.6 596.7906 1058.6087 1450.5307 1116.0838 324.2925 657.5815 5335.2775 2225.3139;
	1637.2 1111.8754 1801.7367 619.7 1094.3628 1460.4929 1115.909 342.5023 673.2489 5456.8315 2341.1192;
	1683.6621 1159.9942 1887.3393 645.1853 1146.9594 1561.6607 1157.1093 358.2208 709.6 5533.7191 2412.6299;
	1713.2 1161.0389 1907.5024 642.7014 1131.7032 1544.9404 1155.0 351.1 704.7045 5458.0963 2398.9193;
	1670.7891 1107.7967 1827.328 606.4 1074.3233 1504.2875 1124.7518 355.7 680.7 5471.213 2327.4385;
	1579.0014 1038.5153 1722.5171 585.5162 1011.4537 1390.7618 1055.8842 330.3948 633.9 5236.1779 2162.5315;
	1538.1694 974.6935 1609.8974 558.2598 888.8525 1286.9748 985.1374 319.5751 596.4024 4996.4878 2022.5128;
	1441.2818 903.0334 1595.8892 553.2324 851.5 1184.5559 927.2721 281.5 535.4269 4829.1784 1831.4227;
	1404.6 875.808 1548.5062 536.906 791.999 1115.1035 860.4 253.3 502.5701 4701.5384 1757.4092;
];
