function loadprofile = ex_load_profilesh1
%EX_LOAD_PROFILE  Example load profile data file for stochastic unit commitment.
% 2022.03.12
% Andres F. Ramirez

%% define constants
[CT_LABEL, CT_PROB, CT_TABLE, CT_TBUS, CT_TGEN, CT_TBRCH, CT_TAREABUS, ...
    CT_TAREAGEN, CT_TAREABRCH, CT_ROW, CT_COL, CT_CHGTYPE, CT_REP, ...
    CT_REL, CT_ADD, CT_NEWVAL, CT_TLOAD, CT_TAREALOAD, CT_LOAD_ALL_PQ, ...
    CT_LOAD_FIX_PQ, CT_LOAD_DIS_PQ, CT_LOAD_ALL_P, CT_LOAD_FIX_P, ...
    CT_LOAD_DIS_P, CT_TGENCOST, CT_TAREAGENCOST, CT_MODCOST_F, ...
    CT_MODCOST_X] = idx_ct;

loadprofile = struct( ...
    'type', 'mpcData', ...
    'table', CT_TAREALOAD, ...
    'rows', [1:11], ...
    'col', CT_LOAD_ALL_P, ...
    'chgtype', 1, ...
    'values', [] );
loadprofile.values(:,1,:) = [
	1488.9537 932.7249 1634.4 589.782 790.9505 1238.9802 928.827 267.7931 544.7 4825.8738 1908.6405;
	1436.1454 906.8651 1588.8 573.8719 758.0229 1192.6035 903.9656 260.2488 512.3489 4607.2068 1825.5522;
	1436.5755 908.7719 1590.7696 566.5595 767.4 1205.6 901.9682 262.1994 511.2545 4612.7902 1807.5;
	1431.276 923.9673 1625.4964 557.738 739.1167 1221.8 911.0402 273.5138 507.3292 4618.5301 1819.6621;
	1485.0081 942.0 1682.1128 592.6763 822.191 1261.2922 961.2893 284.9198 537.9087 4782.0749 1876.375;
	1559.8 992.9706 1726.9976 610.5763 866.0031 1309.1546 1009.9341 305.358 566.5676 4909.6694 1934.2258;
	1620.3108 1047.1 1815.8264 619.1824 928.7 1356.0181 1053.5658 330.467 584.1 5070.5713 1990.6641;
	1651.2507 1060.3 1824.2256 627.1649 974.5539 1418.4378 1063.2 374.8191 614.1584 5189.7928 2028.9699;
	1653.5 1104.0 1842.4747 614.0 971.0373 1435.1394 1075.6712 395.5294 633.7189 5315.2212 2069.7792;
	1654.5 1079.4156 1797.9238 609.8 940.1609 1409.0821 1070.1028 351.1 639.4921 5299.5952 1948.5562;
	1662.2641 1107.3247 1794.1033 602.4856 938.0225 1449.2904 1116.4541 363.1 640.4455 5448.0312 2064.0;
	1603.0783 1072.2387 1778.4059 576.4383 905.5766 1341.6676 1056.7128 347.3 625.6979 5358.3043 1917.7207;
	1598.0452 1076.2 1760.6533 563.5161 889.025 1402.0167 1079.3745 353.4 622.9067 5364.9996 1867.2517;
	1605.4618 1099.6186 1771.6306 554.1114 899.2863 1421.6385 1104.5 355.5219 634.3247 5325.9441 1929.2896;
	1663.8 1152.6157 1788.1725 570.0 906.9676 1441.0 1121.8203 362.1716 632.5116 5403.5007 2073.3565;
	1670.0 1148.512 1780.8538 576.0522 937.8309 1467.6069 1147.2723 366.163 641.8355 5491.267 2142.5165;
	1685.3 1157.1263 1839.113 580.0338 978.0653 1487.4562 1153.0623 368.9291 650.271 5524.7899 2192.0391;
	1723.2067 1189.0795 1898.0773 588.8371 1023.418 1556.2842 1269.1022 415.4557 701.3765 5648.1181 2363.4985;
	1733.1629 1194.0509 1881.5014 558.5749 998.5978 1539.1152 1226.4001 408.0178 696.5399 5506.9218 2364.6761;
	1717.3562 1142.0267 1791.8606 558.8485 928.8254 1428.3 1183.8993 400.3591 653.4719 5470.6163 2284.192;
	1627.1605 1066.8479 1733.6941 554.7 855.5 1342.3554 1109.1334 371.2377 591.4173 5123.3856 2102.8088;
	1591.1191 1037.9605 1695.1778 537.8238 824.9652 1286.076 1060.0874 388.9386 573.6 5033.7591 1947.787;
	1426.5 918.0618 1546.7347 531.9 696.1209 1121.6294 908.5736 278.3 475.3786 4544.5866 1738.9355;
	1445.1 930.3703 1549.092 553.1489 665.6964 1089.9167 878.7 246.1874 474.4 4476.4006 1656.5943;
];
