function windprofile = ex_wind_profilesh1
%EX_WIND_PROFILE_D  Example wind_load_nyiso profile data for deterministic unit commitment.
% 2022.03.12
% Andres F. Ramirez


%% define constants
[GEN_BUS, PG, QG, QMAX, QMIN, VG, MBASE, GEN_STATUS, PMAX, PMIN, ...
    MU_PMAX, MU_PMIN, MU_QMAX, MU_QMIN, PC1, PC2, QC1MIN, QC1MAX, ...
    QC2MIN, QC2MAX, RAMP_AGC, RAMP_10, RAMP_30, RAMP_Q, APF] = idx_gen;
[CT_LABEL, CT_PROB, CT_TABLE, CT_TBUS, CT_TGEN, CT_TBRCH, CT_TAREABUS, ...
    CT_TAREAGEN, CT_TAREABRCH, CT_ROW, CT_COL, CT_CHGTYPE, CT_REP, ...
    CT_REL, CT_ADD, CT_NEWVAL, CT_TLOAD, CT_TAREALOAD, CT_LOAD_ALL_PQ, ...
    CT_LOAD_FIX_PQ, CT_LOAD_DIS_PQ, CT_LOAD_ALL_P, CT_LOAD_FIX_P, ...
    CT_LOAD_DIS_P, CT_TGENCOST, CT_TAREAGENCOST, CT_MODCOST_F, ...
    CT_MODCOST_X] = idx_ct;

windprofile = struct( ...
    'type', 'mpcData', ...
    'table', CT_TGEN, ...
    'rows', [1:45], ...
    'col', PMAX, ...
    'chgtype', 1, ...
    'values', [] );
windprofile.values(:,1,:) = [
	3.7265 50.3531 85.005 116.3533 14.6671 33.92 30.9611 6.6464 25.236 9.5458 17.6452 26.3232 39.6294 43.4113 169.8313 63.983 79.3863 84.1257 84.9578 66.9513 10.3204 79.1466 20.3695 37.7443 48.0063 22.2499 4.5784 1182.8702 739.0292 739.0292 536.1092 73.5899 283.1926 172.3329 136.1003 315.3191 1133.0093 171.4089 437.0063 128.5884 111.1127 376.2856 203.397 107.1795 1144.8115;
	3.0643 41.4058 79.2607 48.7424 14.7934 27.3152 30.126 6.8776 1.4935 1.701 3.1443 4.6907 7.0618 40.574 181.0403 68.2059 84.6258 89.6781 87.4323 69.1411 10.042 63.7355 1.193 36.4441 41.1565 15.3665 4.8613 1167.7371 765.858 765.858 588.7548 63.0334 291.4411 177.9694 127.205 326.7661 1179.8558 173.905 437.5689 110.2407 112.669 303.0167 204.6139 88.1276 1192.1459;
	3.1207 42.1673 89.5289 52.9076 14.8067 24.6703 30.1135 6.0713 1.3164 3.5758 6.6097 9.8604 14.8448 40.5283 187.3821 70.5951 87.5902 92.8195 90.5401 65.8296 10.0378 57.5641 10.048 40.0341 38.4521 15.8381 4.7742 1179.5116 771.1967 771.1967 645.4857 79.2801 301.8004 169.4456 127.0618 329.0439 1178.0418 177.9098 434.4318 102.9966 31.2886 273.6763 209.535 124.72 1190.313;
	3.5261 47.6451 85.1602 54.6948 15.0321 14.7097 30.296 6.9717 0.3423 7.4731 13.8138 20.6075 31.0245 26.9366 191.9926 72.3321 89.7454 95.1033 87.7967 68.1962 10.0987 34.3227 24.2637 37.7614 36.4148 16.7473 4.92 1206.7672 805.0546 805.0546 732.2517 94.9411 292.6557 175.5373 84.45 343.4899 1215.1049 214.8478 434.5843 97.5397 36.6831 163.1801 206.9081 106.568 1227.7622;
	3.7689 50.9259 84.0868 47.3151 15.1698 22.0846 29.6735 6.2297 0.4491 9.4582 17.4833 26.0816 39.2657 31.1783 174.5853 65.774 81.6085 86.4806 88.3993 68.8929 9.8912 51.5307 0.6388 29.9374 39.3967 39.9751 4.0786 1203.5855 788.046 788.046 740.4894 98.8404 294.6645 177.3305 97.7481 336.233 1220.4706 214.396 420.8251 105.527 37.1921 244.9916 202.5255 170.3687 1233.1838;
	3.7913 51.2281 93.8798 117.0768 14.9409 33.507 29.9769 6.7978 8.5624 9.9516 18.3953 27.4422 41.314 25.1157 187.284 70.5582 87.5444 92.7709 89.7971 67.6652 9.9923 78.1831 2.1506 29.0342 51.3427 52.2797 4.3592 1136.0492 791.5973 791.5973 722.5211 106.5306 299.3238 174.1705 78.7411 337.7482 1188.0079 222.8133 434.8145 137.525 70.0916 371.7049 199.7128 202.9703 1200.383;
	3.8503 52.0257 94.2406 120.2232 15.1182 35.0381 27.0563 11.573 6.5897 12.281 22.7013 33.8658 50.9848 33.6156 192.7814 72.6293 90.1141 95.494 83.7225 69.5773 9.0188 81.7555 29.9226 53.5275 99.5082 73.0239 10.762 1070.921 793.1172 793.1172 640.0114 111.3419 279.075 179.0922 105.3895 338.3967 1199.1491 252.0866 411.3431 266.5399 110.8167 388.6888 198.233 263.8603 1211.6403;
	3.6887 49.8427 91.4871 114.6208 14.5331 33.7401 29.1477 18.372 9.8394 10.943 20.2279 30.176 45.4299 51.6607 191.5826 72.1776 89.5537 94.9002 81.0824 59.6303 9.7159 78.7268 26.9502 49.512 102.4151 71.4328 13.4952 992.489 736.446 736.446 605.7813 112.1758 270.2747 153.4887 161.9632 314.217 1109.0218 254.1664 430.0337 274.3262 118.5333 374.2896 186.6304 267.1235 1120.5741;
	3.7828 51.1141 90.4088 114.5176 15.0712 33.6954 29.1621 17.8579 9.8515 13.3836 24.7395 36.9064 55.5624 62.0606 194.6101 73.3182 90.9689 96.3999 45.0506 65.922 9.7207 78.6226 32.8563 84.9751 101.0123 71.1582 13.5726 764.5528 789.6846 789.6846 612.0463 106.4979 150.1688 169.6835 194.5682 336.9321 1126.3541 251.2019 446.6374 270.5686 116.7311 373.7941 200.4732 267.9731 1138.0869;
	3.8175 51.5822 88.6649 118.2921 15.1161 33.8566 30.0872 17.3799 21.6756 12.5128 23.1297 34.5049 51.947 64.0135 196.1641 73.9037 91.6953 97.1697 52.8455 62.4247 10.0291 78.9988 31.6193 86.2671 97.4062 69.3019 13.046 648.1722 823.2471 823.2471 669.5293 109.8128 176.1517 160.6814 200.6911 351.2521 1060.8014 248.1803 462.7263 260.9095 114.3594 375.5827 203.2546 254.8595 1071.8514;
	3.8691 52.2806 93.0135 118.3732 15.1531 34.4894 29.98 17.6113 27.606 18.3934 33.9999 50.7212 76.3605 67.1097 195.5958 73.6896 91.4297 96.8881 30.038 66.2056 9.9933 80.4753 34.289 85.0716 100.6382 69.4748 13.7645 460.9627 805.0373 805.0373 706.9914 102.1323 100.1265 170.4134 210.3979 343.4826 935.2285 243.9864 452.3465 269.5667 115.7988 382.6026 202.0863 259.8817 944.9704;
	3.5323 47.7285 91.7997 117.3746 15.163 32.7765 27.2948 17.7965 27.1586 19.2607 35.6031 53.1128 79.961 66.1102 194.1388 73.1407 90.7486 96.1664 38.648 56.2791 9.0983 76.4786 37.9359 85.518 101.8906 72.2785 13.5454 335.9508 768.8213 768.8213 654.9746 107.1798 128.8266 144.8625 207.2646 328.0304 717.5808 231.0727 447.534 272.9214 114.3961 363.6009 193.3226 257.8947 725.0556;
	2.3199 31.3467 93.2596 118.0087 15.1554 21.786 22.1705 18.8214 26.3953 27.2866 50.4388 75.2447 113.2805 66.7215 198.9195 74.9418 92.9833 98.5345 88.8166 65.4703 7.3902 50.834 64.7953 87.1335 103.3281 72.5203 13.9456 309.0787 708.3614 708.3614 629.152 106.4776 296.0552 168.5207 209.181 302.2342 616.3639 219.6166 414.2094 276.7716 115.5717 241.6792 175.2648 264.5704 622.7843;
	2.4393 32.9602 91.839 114.9318 15.2214 12.7749 23.7246 18.2764 26.8852 30.2892 55.9891 83.5248 125.7461 67.6961 199.2827 75.0786 93.1531 98.7144 90.1853 68.0418 7.9082 29.8081 74.8942 83.3411 102.692 72.121 13.6032 314.6178 647.0656 647.0656 632.7167 106.3349 300.6178 175.1398 212.2364 276.0813 496.3086 208.2544 440.6842 275.0679 117.3468 141.7162 139.936 255.4571 501.4785;
	2.2871 30.9039 87.5968 114.3508 13.1174 0.5135 21.3648 18.15 26.6603 28.5597 52.7921 78.7555 118.5659 67.847 203.1634 76.5406 94.9671 100.6367 89.1237 72.4114 7.1216 1.1981 74.4775 83.113 100.8699 69.9678 13.6362 447.2718 513.6306 513.6306 451.6643 94.2929 297.0789 186.3871 212.7094 219.1491 428.9077 184.6367 437.7649 270.1872 116.3637 5.6963 112.6949 226.1786 433.3755;
	3.3267 44.9514 91.1296 89.6797 14.5105 25.5603 15.6848 18.523 21.8447 28.5142 52.708 78.63 118.377 62.4278 201.4724 75.9036 94.1766 99.7991 87.0493 73.3283 5.2283 59.6408 74.5392 85.9675 103.3245 72.5175 13.5352 445.4146 521.0647 521.0647 407.9047 50.1031 290.1642 188.7473 195.7197 222.3209 445.146 153.8419 438.703 276.762 117.5634 283.5493 78.7121 260.3416 449.7829;
	2.786 37.6445 91.078 63.3158 14.9259 31.4337 13.3702 18.8005 25.9221 26.312 48.6373 72.5573 109.2346 62.4986 190.9809 71.9509 89.2725 94.6022 85.1283 71.3781 4.4567 73.3453 73.9399 87.336 105.5497 73.4109 13.6609 498.1698 587.2355 587.2355 428.6665 28.5511 283.7609 183.7275 195.9417 250.5538 540.6547 105.0013 150.7288 282.7224 120.8162 348.7044 103.8871 265.297 546.2866;
	3.4166 46.1653 90.2525 63.7663 14.818 32.0729 27.6316 18.9563 26.3473 11.5399 21.3314 31.8223 47.9083 65.4856 180.8897 68.1491 84.5554 89.6035 71.7013 70.941 9.2105 74.8367 52.6227 88.2379 105.3563 74.1297 13.4851 651.3173 653.9528 653.9528 434.7448 29.8351 239.0043 182.6023 205.3062 279.0199 774.4461 80.1231 398.335 282.2045 122.2787 355.7952 114.9125 256.193 782.5133;
