function loadprofile = ex_load_profilesh1
%EX_LOAD_PROFILE  Example load profile data file for stochastic unit commitment.
% 2022.03.12
% Andres F. Ramirez

%% define constants
[CT_LABEL, CT_PROB, CT_TABLE, CT_TBUS, CT_TGEN, CT_TBRCH, CT_TAREABUS, ...
    CT_TAREAGEN, CT_TAREABRCH, CT_ROW, CT_COL, CT_CHGTYPE, CT_REP, ...
    CT_REL, CT_ADD, CT_NEWVAL, CT_TLOAD, CT_TAREALOAD, CT_LOAD_ALL_PQ, ...
    CT_LOAD_FIX_PQ, CT_LOAD_DIS_PQ, CT_LOAD_ALL_P, CT_LOAD_FIX_P, ...
    CT_LOAD_DIS_P, CT_TGENCOST, CT_TAREAGENCOST, CT_MODCOST_F, ...
    CT_MODCOST_X] = idx_ct;

loadprofile = struct( ...
    'type', 'mpcData', ...
    'table', CT_TAREALOAD, ...
    'rows', [1:11], ...
    'col', CT_LOAD_ALL_P, ...
    'chgtype', 1, ...
    'values', [] );
loadprofile.values(:,1,:) = [
	1385.6608 954.2151 1600.3329 583.8926 798.8942 1221.8508 895.1754 272.2 568.7787 4730.0039 1868.3088;
	1385.6316 922.393 1565.7 576.377 788.1113 1196.0628 883.8 260.0713 555.5414 4571.2603 1792.9;
	1390.2656 923.2655 1585.6825 585.7 794.0346 1189.8008 856.0735 250.8339 528.9 4491.0325 1765.7426;
	1427.6402 941.7 1591.3382 589.6 806.4784 1226.3309 880.0 248.0 553.7823 4595.7106 1815.3861;
	1527.6466 976.2595 1665.902 600.8 872.7394 1257.5593 911.0904 254.9944 574.6357 4699.4845 1880.4915;
	1560.0951 1019.4252 1744.6932 613.3 931.4703 1305.5688 947.7434 288.433 595.7 4842.3606 1955.1988;
	1600.6865 1041.2 1781.7 629.0898 947.6545 1335.7985 973.7782 309.0042 605.8 4928.5394 2002.2518;
	1624.6391 1075.5271 1812.2723 648.289 988.2964 1414.0568 1075.1 344.0874 641.5 5300.7891 2125.293;
	1657.0 1091.004 1807.698 644.9766 960.9889 1416.5796 1097.6707 336.1 682.7915 5523.8005 2190.4567;
	1680.0406 1086.5 1798.3243 648.572 986.8306 1402.4544 1113.4236 328.8 687.1421 5712.0359 2288.4042;
	1650.5405 1091.6558 1794.7754 610.0 975.8662 1381.8077 1138.8022 342.9734 703.116 5857.1521 2332.3069;
	1620.6237 1059.0 1752.1466 599.9106 933.9859 1343.6395 1132.033 328.0 679.281 5876.0569 2239.018;
	1610.6653 1053.6 1741.7181 608.3013 952.3149 1326.1466 1067.9733 336.9499 674.3 5638.1387 2177.5429;
	1551.7378 1038.6755 1705.3 602.3657 932.9 1330.9694 1052.6457 309.5339 656.1056 5497.4821 2123.2145;
	1620.3558 1060.549 1764.7606 593.7782 945.2202 1364.4864 1073.2177 325.4176 656.1988 5513.4498 2146.8907;
	1648.9828 1110.3876 1830.673 594.1586 983.0939 1401.8663 1103.8 307.3788 671.2319 5510.1414 2222.3241;
	1684.0181 1125.3328 1774.5306 606.6517 988.4127 1426.0 1131.5582 319.8028 685.7166 5565.9051 2281.8218;
	1761.2487 1186.3444 1895.1761 614.9 1032.9919 1515.9 1198.5231 334.5693 699.9018 5767.3863 2419.4172;
	1758.0493 1201.4 1906.0269 603.5386 1026.016 1500.5186 1171.1563 332.7919 714.6 5798.227 2424.3012;
	1730.9364 1171.2652 1877.8589 607.1715 988.3037 1452.6717 1130.4608 330.9 683.3163 5595.0174 2320.6018;
	1677.7534 1133.1858 1787.4214 579.2 963.2995 1338.5115 1068.5975 300.3578 648.2303 5388.395 2188.5043;
	1635.6784 1074.5173 1678.4728 564.5203 876.7322 1275.5 997.2191 263.7532 603.8 5110.0 2036.2025;
	1584.9 985.6 1590.4224 563.4452 814.8488 1123.5136 900.5241 250.1 529.4 4808.9043 1762.04;
	1532.9982 956.3739 1598.2826 539.9713 783.0 1110.4002 883.736 240.9729 512.8243 4542.2979 1681.6227;
];
