function windprofile = ex_wind_profilesh1
%EX_WIND_PROFILE_D  Example wind_load_nyiso profile data for deterministic unit commitment.
% 2022.03.12
% Andres F. Ramirez


%% define constants
[GEN_BUS, PG, QG, QMAX, QMIN, VG, MBASE, GEN_STATUS, PMAX, PMIN, ...
    MU_PMAX, MU_PMIN, MU_QMAX, MU_QMIN, PC1, PC2, QC1MIN, QC1MAX, ...
    QC2MIN, QC2MAX, RAMP_AGC, RAMP_10, RAMP_30, RAMP_Q, APF] = idx_gen;
[CT_LABEL, CT_PROB, CT_TABLE, CT_TBUS, CT_TGEN, CT_TBRCH, CT_TAREABUS, ...
    CT_TAREAGEN, CT_TAREABRCH, CT_ROW, CT_COL, CT_CHGTYPE, CT_REP, ...
    CT_REL, CT_ADD, CT_NEWVAL, CT_TLOAD, CT_TAREALOAD, CT_LOAD_ALL_PQ, ...
    CT_LOAD_FIX_PQ, CT_LOAD_DIS_PQ, CT_LOAD_ALL_P, CT_LOAD_FIX_P, ...
    CT_LOAD_DIS_P, CT_TGENCOST, CT_TAREAGENCOST, CT_MODCOST_F, ...
    CT_MODCOST_X] = idx_ct;

windprofile = struct( ...
    'type', 'mpcData', ...
    'table', CT_TGEN, ...
    'rows', [1:45], ...
    'col', PMAX, ...
    'chgtype', 1, ...
    'values', [] );
windprofile.values(:,1,:) = [
	3.8637 52.2068 85.1578 110.5445 15.2601 35.6223 30.2937 6.4791 26.0777 11.5148 21.2849 31.7529 47.8038 37.864 181.1067 68.2309 84.6569 89.711 87.5166 69.6327 10.0979 83.1187 32.1069 29.1801 43.5327 23.9165 4.8177 1246.8741 806.922 806.922 688.0939 77.7308 291.7221 179.2347 118.7087 344.2867 1249.3063 211.2011 450.8091 116.6055 111.2733 395.1699 210.4852 110.5354 1262.3199;
	3.192 43.1311 78.943 43.2527 15.1843 28.0377 29.948 7.5176 9.1382 12.0126 22.2052 33.1258 49.8707 29.8304 185.9112 70.041 86.9027 92.0909 87.7647 71.2449 9.9827 65.4214 27.5447 31.9955 35.8952 25.3782 5.3945 1299.3297 827.5309 827.5309 726.9785 73.6682 292.549 183.3847 93.5224 353.0799 1294.5386 201.1335 446.309 96.148 108.648 311.0319 208.8978 88.5627 1308.0234;
	3.0423 41.1084 90.6013 48.8222 15.0311 22.9165 30.8421 6.7916 8.7651 12.2993 22.735 33.9162 51.0606 28.6915 190.9478 71.9385 89.257 94.5858 87.8341 66.7126 10.2807 53.4718 28.0598 35.2348 34.3634 27.3123 5.6363 1282.966 837.1435 837.1435 741.0239 86.67 292.7803 171.7185 89.9516 357.1812 1279.4518 197.0794 447.3382 92.0447 33.8455 254.2202 207.1059 124.9184 1292.7794;
	3.1797 42.9644 87.0192 49.8695 14.8516 12.1523 28.1279 7.0653 0.1683 11.7734 21.7629 32.466 48.8774 1.8949 190.8634 71.9067 89.2175 94.544 84.1333 67.0025 9.376 28.3554 29.6929 35.4952 33.9388 28.9002 4.8827 1270.7333 811.2809 811.2809 721.5297 87.2254 280.4445 172.4647 5.9408 346.1465 1257.1253 208.7604 416.8307 90.9076 40.2052 134.8095 202.2241 106.4187 1270.2204;
	3.5825 48.4074 82.4497 41.4558 14.7464 19.5612 30.0213 6.6189 0.3565 9.6058 17.7561 26.4886 39.8785 14.3049 177.6743 66.9378 83.0524 88.0108 79.4038 67.0345 10.0071 45.6429 3.3772 26.7749 36.027 59.8848 4.9286 1224.4311 808.673 808.673 716.6702 98.2835 264.6793 172.547 44.8477 345.0338 1250.5911 221.4862 439.0756 96.5009 39.8945 216.9994 186.4906 186.0353 1263.6181;
	3.654 49.3733 92.2678 110.9219 14.7983 32.5059 30.1394 6.7776 0.7506 10.1225 18.7112 27.9135 42.0236 22.3537 195.3903 73.6122 91.3336 96.7864 87.187 67.4901 10.0465 75.8471 4.9566 27.6957 51.6414 65.7283 5.0727 1243.8863 822.483 822.483 757.2019 107.2092 290.6235 173.7196 70.0817 350.9261 1224.6539 226.9785 437.0588 138.3251 77.5552 360.5989 199.7001 237.8281 1237.4107;
	3.7658 50.884 93.6191 118.4693 14.6538 34.3403 29.8949 10.8228 0.3189 11.0065 20.3454 30.3513 45.6938 35.3846 196.4628 74.0162 91.8349 97.3176 70.0985 68.6312 9.965 80.1275 26.4861 48.3962 98.6467 74.9884 11.1671 1170.9825 830.3645 830.3645 753.576 110.6188 233.6618 176.6569 110.9355 354.2889 1255.6863 258.9493 433.8612 264.2322 115.4001 380.9488 206.0071 278.1859 1268.7664;
	3.5868 48.4653 90.4588 113.5902 14.3347 30.4005 26.2387 18.3101 0.0 10.2679 18.9801 28.3146 42.6275 58.9515 188.9933 71.2021 88.3434 93.6176 76.0623 55.1426 8.7462 70.9345 27.2773 47.775 102.1303 74.9739 13.5894 1051.8727 780.6587 780.6587 694.7463 113.2196 253.541 141.9372 184.8211 333.0811 1157.393 268.8415 434.2926 273.5634 122.1953 337.2428 184.4921 277.2077 1169.4492;
	3.7311 50.4147 94.0008 115.0775 14.7757 32.5894 27.9247 18.3555 1.1859 11.6878 21.6048 32.2301 48.5222 65.2583 191.3535 72.0913 89.4466 94.7867 44.702 64.9385 9.3082 76.042 29.4239 86.6907 103.4466 74.4287 13.5901 815.2997 819.5247 819.5247 700.7182 112.5614 149.0066 167.1519 204.5935 349.6639 1171.2878 275.8735 440.068 277.089 121.9832 361.5252 203.5088 275.5469 1183.4887;
	3.8583 52.1338 95.031 119.2697 15.1149 33.6334 29.5417 18.8996 17.4026 10.9841 20.3039 30.2895 45.6007 62.215 176.2664 66.4073 82.3943 87.3133 43.9826 50.9251 9.8472 78.4778 27.7759 89.1849 103.5724 76.035 13.7066 603.8802 830.6382 830.6382 696.236 107.5734 146.6087 131.0813 195.0525 354.4056 1060.7717 255.6281 442.3437 277.426 121.1499 373.1061 210.4835 282.6256 1071.8214;
	3.8024 51.3785 94.3047 116.9581 14.7106 32.6701 30.0114 18.985 26.0155 17.2841 31.9494 47.6622 71.7551 68.2824 193.2697 72.8133 90.3424 95.7359 27.4629 63.5502 10.0038 76.2302 30.513 88.5946 104.3993 75.8457 13.6548 431.2833 806.822 806.822 696.6588 99.2657 91.5429 163.5784 214.0745 344.244 901.4911 257.3606 449.4717 279.6409 123.5865 362.4202 202.2847 271.0756 910.8816;
	3.1312 42.3093 92.8992 116.877 14.3698 30.591 28.9148 18.9235 25.7883 18.3275 33.8781 50.5394 76.0868 63.3917 188.0396 70.8428 87.8976 93.1452 46.1788 56.8072 9.6383 71.3791 30.295 87.6954 104.2026 75.5873 13.3111 281.0969 763.1623 763.1623 600.1672 100.9242 153.9292 146.222 198.7414 325.6159 714.1808 227.1999 444.5676 279.114 123.9053 339.3567 190.3394 270.0285 721.6202;
	1.7882 24.1624 89.88 113.9013 13.9701 19.0359 24.8893 18.5163 25.9161 27.6808 51.1675 76.3319 114.9173 63.2641 188.2087 70.9065 87.9766 93.229 90.7208 58.2102 8.2964 44.4171 60.2643 83.4518 99.0043 73.9939 13.6367 288.1761 632.8959 632.8959 582.6353 104.9603 302.4025 149.8331 198.3415 270.0356 608.7823 213.0934 425.2063 265.1901 121.728 211.1717 169.7459 270.3698 615.1237;
	1.4726 19.8983 86.8474 104.6279 7.2839 0.0 23.7916 17.6497 25.8523 29.5644 54.6494 81.5262 122.7372 61.0662 187.8853 70.7847 87.8254 93.0687 88.9937 62.6107 7.9305 0.0 70.9957 81.2312 96.2866 72.258 12.8679 310.6868 576.2389 576.2389 544.9649 98.7933 296.6457 161.1601 191.4509 245.8619 475.3399 190.3425 413.8232 257.9107 118.9808 0.0 126.9947 266.416 480.2914;
	1.7708 23.9278 89.2496 110.9432 11.6174 0.0 21.4014 18.2028 26.1517 28.3412 52.3883 78.1531 117.659 62.8254 198.071 74.6221 92.5867 98.1142 88.1895 69.5784 7.1338 0.0 68.6725 83.9942 97.185 72.7901 13.6167 419.9175 461.4776 461.4776 378.9607 86.1 293.965 179.0951 196.9661 196.8971 397.7168 174.7406 436.6245 260.3169 120.0959 0.0 110.5891 256.2735 401.8597;
	3.0228 40.8444 87.8849 81.6103 13.8037 24.724 16.5507 18.2494 22.8556 28.0049 51.7667 77.2257 116.2629 56.7787 201.747 76.007 94.305 99.9351 87.9317 69.5042 5.5169 57.6893 64.9193 85.2258 97.1441 72.7205 13.479 497.6764 499.9219 499.9219 369.7239 46.0321 293.1057 178.9041 178.009 213.3 477.3145 145.8656 447.0272 260.2074 122.3763 274.2716 79.8524 263.9577 482.2865;
	3.0555 41.2861 90.0769 61.1053 14.0289 31.7795 14.1008 18.1508 26.2072 27.0881 50.0719 74.6974 112.4565 61.6397 199.749 75.2543 93.3711 98.9455 88.2011 68.8381 4.7003 74.1521 69.5657 86.0619 101.221 74.4829 13.1814 611.4947 588.8968 588.8968 408.2964 29.9642 294.0036 177.1894 193.2489 251.2626 611.2145 116.1545 179.2792 271.1277 120.1436 352.5404 103.4484 271.1193 617.5813;
	3.5637 48.1533 89.7331 57.0857 13.9958 31.4485 28.7353 18.3644 26.3466 12.5668 23.2296 34.6539 52.1713 60.0547 191.6302 72.1956 89.576 94.9238 72.1446 69.728 9.5784 73.3798 47.3233 86.4737 101.477 72.945 13.2433 704.2992 633.0263 633.0263 370.3725 27.7239 240.4821 179.4801 188.2797 270.0912 807.5718 79.4845 415.076 271.8133 122.0009 348.8685 109.3887 255.607 815.984;
