function solarprofile = ex_solar_profilesh1
%EX_WIND_PROFILE_D  Example wind_load_nyiso profile data for deterministic unit commitment.
% 2022.03.12
% Andres F. Ramirez


%% define constants
[GEN_BUS, PG, QG, QMAX, QMIN, VG, MBASE, GEN_STATUS, PMAX, PMIN, ...
    MU_PMAX, MU_PMIN, MU_QMAX, MU_QMIN, PC1, PC2, QC1MIN, QC1MAX, ...
    QC2MIN, QC2MAX, RAMP_AGC, RAMP_10, RAMP_30, RAMP_Q, APF] = idx_gen;
[CT_LABEL, CT_PROB, CT_TABLE, CT_TBUS, CT_TGEN, CT_TBRCH, CT_TAREABUS, ...
    CT_TAREAGEN, CT_TAREABRCH, CT_ROW, CT_COL, CT_CHGTYPE, CT_REP, ...
    CT_REL, CT_ADD, CT_NEWVAL, CT_TLOAD, CT_TAREALOAD, CT_LOAD_ALL_PQ, ...
    CT_LOAD_FIX_PQ, CT_LOAD_DIS_PQ, CT_LOAD_ALL_P, CT_LOAD_FIX_P, ...
    CT_LOAD_DIS_P, CT_TGENCOST, CT_TAREAGENCOST, CT_MODCOST_F, ...
    CT_MODCOST_X] = idx_ct;

solarprofile = struct( ...
    'type', 'mpcData', ...
    'table', CT_TGEN, ...
    'rows', [1:12], ...
    'col', PMAX, ...
    'chgtype', 1, ...
    'values', [] );
solarprofile.values(:,1,:) = [
	0.0 0.0 0.0 0.0 0.0 0.0 0.0 0.0 0.0 0.0 0.0 0.0;
	0.0 0.0 0.0 0.0 0.0 0.0 0.0 0.0 0.0 0.0 0.0 0.0;
	0.0 0.0 0.0 0.0 0.0 0.0 0.0 0.0 0.0 0.0 0.0 0.0;
	0.0 0.0 0.0 0.0 0.0 0.0 0.0 0.0 0.0 0.0 0.0 0.0;
	0.0 0.0 0.0 0.0 0.0 0.0 0.0 0.0 0.0 0.0 0.0 0.0;
	0.0 0.0 0.0 0.0 0.0 0.0 0.0 0.0 0.0 0.0 0.0 0.0;
	0.3052 0.371 0.6353 0.4988 0.5944 0.0 0.0 1.31 5.4861 12.2384 3.5385 22.1638;
	1.4773 1.5523 2.3778 0.8472 0.6921 48.0465 6.0058 20.2005 116.4059 18.8192 5.4797 34.0816;
	1.9722 1.8998 2.7919 1.323 1.5175 121.0457 15.1307 32.897 192.4171 33.0054 16.317 59.773;
	2.7856 2.2861 2.6352 2.2989 4.7794 163.9876 20.4984 38.4161 244.0803 50.4042 33.3657 91.2823;
	3.5083 2.3732 2.548 2.9685 7.6303 137.6137 17.2017 27.5113 179.4363 67.1135 38.8062 121.5429;
	5.3134 2.4525 2.4948 2.7453 8.5918 96.5089 12.0636 19.8873 111.3561 68.7913 37.0923 124.5815;
	6.2787 4.3173 2.7135 2.124 4.4334 48.1501 6.0188 27.445 57.8261 52.3444 34.4167 94.796;
	3.1209 2.7585 1.9878 1.3289 2.6414 28.9882 3.6235 24.7258 64.5147 25.8848 24.3609 46.8776;
	0.9427 1.6673 0.7086 0.919 1.4144 21.8886 2.7361 27.314 65.5362 13.4734 15.0409 24.4003;
	0.0 0.3201 0.0 0.5389 0.435 17.1979 2.1497 25.9234 46.3822 2.5361 6.779 4.5928;
	0.2415 0.2251 0.1471 0.3793 0.5244 34.7102 4.3388 8.4107 25.0866 17.2524 9.4348 31.2442;
	0.0 0.0 0.0 0.0 0.0 0.0 0.0 0.0 0.0 0.0 0.0 0.0;
	0.0 0.0 0.0 0.0 0.0 0.0 0.0 0.0 0.0 0.0 0.0 0.0;
	0.0 0.0 0.0 0.0 0.0 0.0 0.0 0.0 0.0 0.0 0.0 0.0;
	0.0 0.0 0.0 0.0 0.0 0.0 0.0 0.0 0.0 0.0 0.0 0.0;
	0.0 0.0 0.0 0.0 0.0 0.0 0.0 0.0 0.0 0.0 0.0 0.0;
	0.0 0.0 0.0 0.0 0.0 0.0 0.0 0.0 0.0 0.0 0.0 0.0;
	0.0 0.0 0.0 0.0 0.0 0.0 0.0 0.0 0.0 0.0 0.0 0.0;
];
