function loadprofile = ex_load_profilesh1
%EX_LOAD_PROFILE  Example load profile data file for stochastic unit commitment.
% 2022.03.12
% Andres F. Ramirez

%% define constants
[CT_LABEL, CT_PROB, CT_TABLE, CT_TBUS, CT_TGEN, CT_TBRCH, CT_TAREABUS, ...
    CT_TAREAGEN, CT_TAREABRCH, CT_ROW, CT_COL, CT_CHGTYPE, CT_REP, ...
    CT_REL, CT_ADD, CT_NEWVAL, CT_TLOAD, CT_TAREALOAD, CT_LOAD_ALL_PQ, ...
    CT_LOAD_FIX_PQ, CT_LOAD_DIS_PQ, CT_LOAD_ALL_P, CT_LOAD_FIX_P, ...
    CT_LOAD_DIS_P, CT_TGENCOST, CT_TAREAGENCOST, CT_MODCOST_F, ...
    CT_MODCOST_X] = idx_ct;

loadprofile = struct( ...
    'type', 'mpcData', ...
    'table', CT_TAREALOAD, ...
    'rows', [1:11], ...
    'col', CT_LOAD_ALL_P, ...
    'chgtype', 1, ...
    'values', [] );
loadprofile.values(:,1,:) = [
	1437.2718 925.4301 1590.667 599.6567 857.7274 1169.1837 879.5116 251.2919 521.4793 4743.3617 1818.5826;
	1435.7592 906.8079 1542.0697 595.2086 832.8614 1128.7126 850.1782 240.4011 502.1997 4539.5149 1734.7796;
	1426.1204 904.1 1531.194 592.2038 824.8295 1143.9 845.2439 227.5837 496.34 4506.6101 1721.6174;
	1452.8955 923.3 1570.1185 594.7908 858.1 1153.999 874.5143 232.2576 502.8739 4516.0353 1749.6518;
	1491.7044 963.2003 1611.8714 610.1714 878.0087 1188.4989 889.5134 264.4442 544.2 4610.0104 1843.7288;
	1552.8 1005.8 1670.5493 637.4193 908.3067 1281.2439 966.0928 293.1953 587.1 4890.8504 1927.4899;
	1565.3178 1033.1197 1712.972 636.8507 947.567 1329.0839 1003.7 293.3138 595.8513 4995.8152 1957.823;
	1635.905 1073.8777 1785.5747 648.2792 976.5727 1383.2284 1063.0696 287.2071 617.2815 5130.3541 2070.4972;
	1619.6548 1092.4 1794.4207 665.4876 995.3508 1343.7589 1064.9529 308.3927 633.8872 5165.9605 2033.4341;
	1664.5651 1110.7754 1814.513 678.3583 1018.2 1373.3941 1126.845 322.6 670.7355 5361.8405 2179.4233;
	1652.5 1115.1897 1821.1837 669.2709 982.1182 1388.2683 1090.6928 327.4 642.4792 5325.7553 2165.4;
	1686.1132 1136.814 1806.7575 700.8636 998.5199 1425.2522 1067.8 319.2012 648.7 5356.589 2177.3761;
	1654.9472 1142.1305 1798.0055 670.482 991.9893 1434.9839 1096.4467 330.4845 645.2 5426.5332 2161.548;
	1642.4985 1123.8179 1821.8831 657.4706 992.8227 1411.8224 1054.3279 327.6367 654.7704 5377.6763 2086.7;
	1687.7 1134.112 1835.7888 646.848 975.6372 1418.5135 1049.9 320.6892 666.1562 5401.816 2050.4872;
	1673.2845 1169.3139 1873.4941 642.2029 1020.7187 1454.5883 1107.6856 339.1 691.0853 5511.4722 2150.4406;
	1739.3731 1199.0551 1919.5178 712.3693 1090.5653 1458.0168 1099.8023 340.91 695.2513 5479.6904 2212.5488;
	1756.398 1205.8871 1934.2339 671.8333 1111.696 1541.8 1166.6851 356.8079 743.3 5745.6548 2353.4692;
	1731.6708 1192.1662 1891.8164 644.3063 1082.6285 1469.7522 1121.0982 343.8611 715.6194 5568.0396 2285.58;
	1728.1562 1156.1833 1832.1031 635.5262 1014.8233 1398.1534 1102.8943 325.4184 713.5015 5476.7613 2221.8135;
	1671.2929 1117.5623 1772.3 631.3429 959.7902 1314.1697 1051.2 307.1362 667.2334 5265.7612 2125.948;
	1614.6 1074.503 1742.5163 606.9366 923.7814 1236.7 977.5 299.7479 627.431 5096.9848 1992.6441;
	1570.0975 989.607 1631.4112 591.2957 867.1093 1037.2912 919.3389 258.4 544.1824 4830.656 1770.9538;
	1513.858 965.3242 1586.4 605.2511 844.5923 983.0077 872.1 224.1 504.6 4466.838 1636.8962;
];
