function loadprofile = ex_load_profilesh1
%EX_LOAD_PROFILE  Example load profile data file for stochastic unit commitment.
% 2022.03.12
% Andres F. Ramirez

%% define constants
[CT_LABEL, CT_PROB, CT_TABLE, CT_TBUS, CT_TGEN, CT_TBRCH, CT_TAREABUS, ...
    CT_TAREAGEN, CT_TAREABRCH, CT_ROW, CT_COL, CT_CHGTYPE, CT_REP, ...
    CT_REL, CT_ADD, CT_NEWVAL, CT_TLOAD, CT_TAREALOAD, CT_LOAD_ALL_PQ, ...
    CT_LOAD_FIX_PQ, CT_LOAD_DIS_PQ, CT_LOAD_ALL_P, CT_LOAD_FIX_P, ...
    CT_LOAD_DIS_P, CT_TGENCOST, CT_TAREAGENCOST, CT_MODCOST_F, ...
    CT_MODCOST_X] = idx_ct;

loadprofile = struct( ...
    'type', 'mpcData', ...
    'table', CT_TAREALOAD, ...
    'rows', [1:11], ...
    'col', CT_LOAD_ALL_P, ...
    'chgtype', 1, ...
    'values', [] );
loadprofile.values(:,1,:) = [
	1539.0668 941.2 1648.5797 566.1 880.1693 1238.5 900.0256 276.3 544.9026 4664.1432 1863.8081;
	1520.4641 926.9526 1623.7544 573.0 849.7 1214.4341 859.5949 266.0753 502.7409 4462.7753 1789.2207;
	1528.8294 931.6385 1634.4169 574.2549 839.4335 1230.2 860.6327 267.5 508.5 4466.8044 1776.6144;
	1513.0223 935.3865 1652.0969 579.644 843.3 1238.7396 872.8955 272.4334 509.3724 4423.6397 1804.5577;
	1583.3264 984.0548 1710.9102 590.1 889.4939 1291.7333 885.0226 285.1404 527.5478 4484.5079 1853.2;
	1636.3086 1026.8994 1784.5585 608.3394 973.5 1328.4 919.0429 302.3361 543.3225 4720.2557 1917.3932;
	1670.8072 1051.487 1798.93 597.1464 1036.6287 1385.0592 946.8179 317.723 577.1 4849.0708 1972.1675;
	1683.7581 1071.0558 1828.3677 580.9387 1075.9915 1411.9489 1012.52 344.478 608.4784 5107.7 2044.2532;
	1687.5224 1074.9096 1820.9515 589.3024 1053.982 1416.0506 1023.8829 358.8884 636.7412 5339.0048 2071.4426;
	1724.9192 1104.6481 1849.0087 605.9 1067.6816 1406.7473 1053.9309 380.7 630.1963 5494.3297 2074.4289;
	1738.8398 1107.7568 1817.0233 606.3105 1064.4525 1378.6811 1055.6963 340.4 633.0524 5403.138 1978.3389;
	1774.9299 1091.7339 1844.4049 588.1 1034.8773 1363.7053 1020.9 332.3333 631.9623 5396.065 2006.7465;
	1760.5948 1098.9347 1824.0794 569.7036 1017.4631 1315.85 1019.5323 363.181 622.714 5448.3972 2081.4;
	1776.4004 1087.0634 1801.1838 566.0 983.3243 1351.1276 1070.1021 350.4649 606.9992 5473.7662 2084.3232;
	1852.6628 1103.089 1827.7189 595.3677 1003.3767 1359.5496 1087.7664 343.8328 592.1912 5394.3685 2114.7054;
	1793.14 1129.8199 1845.0 630.4 1020.9174 1459.3456 1136.5887 370.7037 627.3251 5556.9534 2209.1179;
	1789.888 1131.0076 1848.5455 617.4806 1009.1 1496.54 1138.6699 359.7922 636.2487 5490.6424 2243.0759;
	1835.034 1197.8358 1918.0513 632.1102 1070.9932 1519.4057 1181.6 381.8474 683.691 5600.1077 2355.3225;
	1859.9129 1212.1692 1932.3861 611.1983 1040.2 1491.9845 1163.4586 373.4628 682.9701 5605.57 2374.8724;
	1775.8175 1139.5903 1856.2 587.3965 956.157 1413.1918 1098.455 351.9367 643.9694 5438.6513 2246.8687;
	1705.6147 1083.646 1787.361 546.6206 896.7479 1314.4414 1039.8922 346.5123 628.4525 5322.6091 2136.3606;
	1628.8022 1023.4499 1664.0505 544.254 819.4526 1222.7422 944.844 311.6876 580.7 5070.3302 1975.5556;
	1618.2137 943.6 1612.5377 542.2 809.0 1130.3 905.5832 291.6736 528.3 4790.5333 1775.7668;
	1564.5333 918.7749 1605.9787 547.4 769.7463 1120.2541 881.2957 280.0129 514.5993 4627.8356 1698.6927;
];
