function loadprofile = ex_load_profilesh1
%EX_LOAD_PROFILE  Example load profile data file for stochastic unit commitment.
% 2022.03.12
% Andres F. Ramirez

%% define constants
[CT_LABEL, CT_PROB, CT_TABLE, CT_TBUS, CT_TGEN, CT_TBRCH, CT_TAREABUS, ...
    CT_TAREAGEN, CT_TAREABRCH, CT_ROW, CT_COL, CT_CHGTYPE, CT_REP, ...
    CT_REL, CT_ADD, CT_NEWVAL, CT_TLOAD, CT_TAREALOAD, CT_LOAD_ALL_PQ, ...
    CT_LOAD_FIX_PQ, CT_LOAD_DIS_PQ, CT_LOAD_ALL_P, CT_LOAD_FIX_P, ...
    CT_LOAD_DIS_P, CT_TGENCOST, CT_TAREAGENCOST, CT_MODCOST_F, ...
    CT_MODCOST_X] = idx_ct;

loadprofile = struct( ...
    'type', 'mpcData', ...
    'table', CT_TAREALOAD, ...
    'rows', [1:11], ...
    'col', CT_LOAD_ALL_P, ...
    'chgtype', 1, ...
    'values', [] );
loadprofile.values(:,1,:) = [
	1586.3207 963.614 1639.6707 567.5153 806.1451 1279.9751 980.2824 328.1529 625.6422 5025.7455 2052.4987;
	1581.9883 936.5328 1582.2812 549.9672 800.2 1242.4148 919.2 312.7989 570.0233 4635.6887 1861.4099;
	1578.3209 940.4754 1587.6109 546.222 804.4178 1237.0825 908.7877 315.5312 552.0604 4592.7105 1830.1804;
	1583.3131 948.5948 1621.8595 555.1861 822.3 1270.157 921.7968 310.5286 570.0 4652.9215 1920.8632;
	1622.0108 1008.3275 1706.1357 569.7699 895.7566 1317.9424 954.0825 333.4454 599.1336 4859.4075 2027.6599;
	1664.1706 1031.7527 1802.6902 570.6796 951.6814 1372.4173 1010.6477 360.0693 621.742 4970.9254 1990.9823;
	1670.2201 1048.5545 1821.3821 588.2252 1001.0 1454.144 1073.1006 381.0302 654.2062 5190.8591 2100.9966;
	1754.4237 1132.9597 1955.4758 602.5295 1103.5649 1556.0078 1174.3192 421.0296 686.6545 5500.4187 2309.158;
	1735.5594 1166.2648 1972.8466 630.4 1102.8487 1568.6915 1230.1266 434.854 729.8729 5646.4495 2331.649;
	1706.7373 1172.5263 1940.0551 609.9119 1075.8251 1535.262 1207.5 443.884 727.7839 5733.6283 2399.3897;
	1685.1797 1181.0175 1973.6027 610.0 1068.9 1572.1678 1191.8913 435.7568 753.0144 5821.7196 2401.8499;
	1668.541 1162.6886 1946.7761 605.6357 1066.0419 1528.8183 1193.9492 433.1103 740.2845 5847.1215 2346.4425;
	1673.4042 1135.5461 1891.8552 603.7287 1017.9364 1490.7077 1124.8718 425.6369 724.5319 5795.7864 2403.9421;
	1682.0159 1116.1567 1860.7648 598.9896 1005.0465 1490.6253 1129.7587 427.3354 748.0079 5871.3926 2345.1802;
	1691.8 1137.2741 1827.6938 579.8724 956.4 1486.3936 1108.7927 419.9133 717.5846 5854.1924 2393.9777;
	1742.5059 1176.5855 1871.1208 578.7 977.4196 1491.8518 1098.7997 430.1346 703.12 5987.5012 2475.0046;
	1707.3444 1166.9692 1892.9885 577.7349 1007.5063 1513.1633 1109.7843 429.1131 734.8169 5992.2289 2617.3109;
	1772.9658 1197.7695 1973.3065 595.5828 1084.634 1567.7606 1145.3399 443.1083 773.9885 5891.4703 2750.7042;
	1799.8332 1210.1989 1989.3051 590.6639 1032.8299 1580.7485 1140.1227 447.6291 785.4844 5805.8753 2579.7026;
	1765.0461 1177.5244 1887.0254 563.0348 977.7668 1505.9632 1092.7415 428.0831 729.2198 5697.3454 2557.9034;
	1700.7855 1085.6022 1763.889 537.8897 890.3459 1389.5313 1030.0 408.732 673.9977 5401.4817 2230.5833;
	1665.7229 1058.6163 1722.2522 537.0 859.3 1304.6201 958.041 388.9467 617.246 5136.4749 2071.1601;
	1585.9212 951.3557 1616.4472 538.7625 803.0204 1290.6787 930.7252 369.1035 611.8846 5033.8689 1836.2505;
	1566.2363 921.3762 1597.3 541.8 770.1417 1234.4694 914.9435 315.9214 587.2687 4717.9166 1769.1045;
];
