function windprofile = ex_wind_profilesh1
%EX_WIND_PROFILE_D  Example wind_load_nyiso profile data for deterministic unit commitment.
% 2022.03.12
% Andres F. Ramirez


%% define constants
[GEN_BUS, PG, QG, QMAX, QMIN, VG, MBASE, GEN_STATUS, PMAX, PMIN, ...
    MU_PMAX, MU_PMIN, MU_QMAX, MU_QMIN, PC1, PC2, QC1MIN, QC1MAX, ...
    QC2MIN, QC2MAX, RAMP_AGC, RAMP_10, RAMP_30, RAMP_Q, APF] = idx_gen;
[CT_LABEL, CT_PROB, CT_TABLE, CT_TBUS, CT_TGEN, CT_TBRCH, CT_TAREABUS, ...
    CT_TAREAGEN, CT_TAREABRCH, CT_ROW, CT_COL, CT_CHGTYPE, CT_REP, ...
    CT_REL, CT_ADD, CT_NEWVAL, CT_TLOAD, CT_TAREALOAD, CT_LOAD_ALL_PQ, ...
    CT_LOAD_FIX_PQ, CT_LOAD_DIS_PQ, CT_LOAD_ALL_P, CT_LOAD_FIX_P, ...
    CT_LOAD_DIS_P, CT_TGENCOST, CT_TAREAGENCOST, CT_MODCOST_F, ...
    CT_MODCOST_X] = idx_ct;

windprofile = struct( ...
    'type', 'mpcData', ...
    'table', CT_TGEN, ...
    'rows', [1:45], ...
    'col', PMAX, ...
    'chgtype', 1, ...
    'values', [] );
windprofile.values(:,1,:) = [
	3.7084 50.1089 77.7407 109.8301 14.8385 33.8294 31.4725 5.7749 27.0785 12.7298 23.5309 35.1034 52.848 42.3021 174.1716 65.6181 81.4151 86.2757 76.2374 68.559 10.4908 78.9353 22.9469 33.8839 33.3878 23.2862 4.7531 1270.4751 783.1337 783.1337 639.1201 72.0247 254.1246 176.4711 132.6228 334.1371 1210.8685 205.9612 457.1601 89.4315 108.6928 375.2812 211.0713 105.9693 1223.4817;
	2.8956 39.1259 68.8383 38.2523 15.0227 24.8909 31.332 2.0811 10.9884 13.1468 24.3016 36.2533 54.5791 40.9434 186.0962 70.1107 86.9891 92.1825 83.1322 71.5996 10.444 58.0787 24.2272 33.5263 25.5297 23.7089 4.6612 1277.5226 790.7234 790.7234 684.8227 73.0333 277.1074 184.2976 128.3631 337.3753 1242.3079 196.9208 461.2383 68.3832 110.7559 276.1226 206.7195 90.89 1255.2486;
	2.7412 37.0395 84.9981 44.4017 14.6109 21.1256 31.8759 0.0 9.6729 12.8635 23.778 35.4721 53.4031 40.2753 193.7249 72.9847 90.5551 95.9614 83.6844 67.4335 10.6253 49.2932 22.313 33.9963 27.3708 22.6617 4.1541 1248.7757 794.9668 794.9668 676.8649 80.7182 278.9479 173.574 126.2684 339.1858 1222.5568 195.3533 466.3464 73.3147 10.1129 234.3538 203.5939 120.598 1235.2918;
	3.4534 46.6625 85.7261 48.152 14.6131 12.5719 32.5628 6.2938 11.773 12.0382 22.2524 33.1962 49.9768 27.7595 196.1786 73.9091 91.7021 97.1768 83.5971 64.8563 10.8543 29.3345 19.0983 37.1128 37.9283 30.0917 5.3634 1296.1144 812.6564 812.6564 660.971 86.1149 278.6569 166.9403 87.0296 346.7334 1246.5523 215.5953 473.7408 101.5938 37.5643 139.4648 213.4091 116.9195 1259.5372;
	3.5825 48.4076 79.7737 41.3914 14.4343 18.8844 32.208 4.2098 11.2361 9.8838 18.2701 27.2554 41.0329 32.0602 171.4298 64.5852 80.1335 84.9175 84.6985 63.5538 10.736 44.0637 0.1037 25.5266 38.897 59.8833 4.5371 1279.4444 814.1013 814.1013 673.0681 95.9451 282.3282 163.5878 100.5129 347.3499 1247.557 220.4462 463.7145 104.1885 35.2209 209.4912 201.2566 174.3793 1260.5524;
	3.6699 49.5884 92.8627 113.8755 14.5373 31.8645 31.8899 1.3835 10.8499 10.8715 20.0957 29.9789 45.133 26.3717 184.6645 69.5713 86.3199 91.4734 87.0831 63.8205 10.63 74.3506 0.0049 29.43 53.4486 65.4435 4.072 1216.7195 801.1542 801.1542 615.2438 103.2617 290.2771 164.2742 82.6789 341.8258 1222.9003 214.3755 443.741 143.1659 65.4118 353.4838 199.1739 238.2664 1235.6389;
	3.7126 50.1651 89.1712 117.1972 14.3014 31.0763 31.079 7.7866 3.6572 0.0 0.0 0.0 0.0 34.3899 188.8212 71.1373 88.2629 93.5324 63.1785 65.5106 10.3597 72.5113 0.0 38.7132 97.7959 73.4882 9.0841 1158.7354 789.0286 789.0286 641.1956 96.8154 210.595 168.6245 107.8168 336.6522 1239.7067 260.3379 437.0237 261.9533 106.0877 344.7395 198.3436 266.8304 1252.6203;
	3.6225 48.9473 88.7483 118.2231 14.26 33.2619 30.8904 18.3872 10.3637 10.8066 19.9758 29.7999 44.8637 62.0208 187.6841 70.7089 87.7314 92.9691 76.8565 53.6076 10.2968 77.6112 15.9914 54.7952 105.4904 75.3681 13.5212 1028.6897 770.5866 770.5866 635.6761 102.6045 256.1882 137.9862 194.4437 328.7836 1162.7789 282.0098 440.5006 282.5635 119.024 368.9858 195.5869 275.4228 1174.8912;
	3.6208 48.9251 88.1353 117.5586 14.3841 33.8007 31.1945 18.2239 10.2803 12.2029 22.5569 33.6505 50.6606 65.8925 192.7626 72.6222 90.1053 95.4847 50.5428 63.6508 10.3982 78.8684 22.7246 86.1991 104.3562 74.979 13.3657 820.8969 818.448 818.448 706.2876 104.4224 168.476 163.8372 206.5819 349.2045 1194.7724 293.3337 463.632 279.5255 121.039 374.963 200.7168 267.0128 1207.218;
	3.5738 48.2897 87.3184 119.5105 14.5973 34.0721 31.4787 17.7577 21.1163 11.9823 22.1491 33.042 49.7446 66.6179 187.5153 70.6453 87.6525 92.8855 54.6266 53.5026 10.4929 79.5017 25.6323 87.7987 100.9143 73.3067 13.1163 600.4968 816.8259 816.8259 731.1568 111.2037 182.0886 137.7159 208.856 348.5124 1091.0636 271.1803 460.0383 270.3063 120.4207 377.9737 201.5845 264.187 1102.4289;
	3.4597 46.7477 87.7492 116.4769 14.5976 32.7346 31.6838 17.76 28.1138 17.8857 33.0614 49.3211 74.2527 69.5823 196.7489 74.124 91.9687 97.4593 41.4364 57.592 10.5613 76.3808 28.287 85.5479 100.9463 74.5156 13.2949 464.7707 816.5252 816.5252 719.7165 98.4189 138.1212 148.2421 218.1499 348.3841 953.9807 269.8912 463.7395 270.3918 119.3283 363.136 201.9936 258.6975 963.918;
	2.655 35.8754 86.5634 114.7514 14.2637 28.529 29.9974 17.7106 27.4173 20.4134 37.7338 56.2914 84.7465 67.0481 191.3002 72.0712 89.4217 94.7603 50.9779 49.6041 9.9991 66.5676 29.3811 86.6517 100.6851 75.6932 12.882 333.8929 762.9349 762.9349 656.47 100.0356 169.9265 127.6812 210.2048 325.5189 740.5091 236.1439 441.012 269.6923 116.9353 316.4813 170.6229 263.1423 748.2227;
	1.9146 25.871 87.8454 112.066 14.04 16.1965 26.8325 18.3627 26.5643 27.1963 50.272 74.9959 112.9059 66.7923 197.5272 74.4172 92.3325 97.8449 91.3338 64.3569 8.9442 37.7917 47.7362 86.4336 103.5412 74.7461 13.706 305.9885 714.399 714.399 626.2403 100.0245 304.4459 165.6549 209.4028 304.8102 656.9084 228.4377 436.5807 277.3425 119.01 179.6727 168.4217 270.2347 663.7512;
	1.8831 25.4454 87.6552 109.6523 14.06 10.3091 25.2692 17.7144 26.6665 30.4393 56.2666 83.9388 126.3693 65.2627 197.2121 74.2985 92.1852 97.6888 89.7427 67.1507 8.4231 24.0546 69.2693 83.5653 100.2576 73.4921 13.344 301.75 614.0442 614.0442 567.0112 98.8427 299.1422 172.8461 204.6074 261.9922 482.8837 208.7736 436.867 268.5472 118.9733 114.3623 136.9914 261.8508 487.9137;
	2.0643 27.8932 89.2408 111.7641 11.0858 0.0081 21.8035 17.8635 26.8279 29.3358 54.2267 80.8956 121.7879 64.8311 203.6492 76.7236 95.1941 100.8774 89.7949 72.2347 7.2678 0.0189 69.4563 84.0384 102.0294 72.1584 13.5436 435.6733 484.783 484.783 380.5775 93.3007 299.3164 185.9323 203.2544 206.8408 414.8152 175.6808 442.1072 273.2931 117.355 0.0899 112.9197 245.0549 419.1362;
	2.958 39.9687 87.8451 79.7227 12.4533 23.6734 15.4344 17.7928 22.5086 28.4312 52.5547 78.4013 118.0327 53.2586 200.6278 75.5853 93.7818 99.3807 90.6487 70.4733 5.1448 55.2379 68.52 85.0863 100.1019 72.4551 13.2219 469.9568 500.0993 500.0993 377.3545 53.3031 302.1623 181.3983 166.973 213.3757 448.7942 161.8923 441.1166 268.1302 120.1334 262.617 77.087 260.4173 453.4691;
	3.1432 42.4716 93.1124 63.6568 14.3114 31.3279 14.0144 18.0534 28.0297 28.5189 52.7168 78.6431 118.3967 62.8076 200.5719 75.5643 93.7557 99.353 89.4943 71.8091 4.6715 73.0984 71.2088 86.3313 104.9045 73.8003 13.3243 617.4806 587.7107 587.7107 428.4158 33.5245 298.3143 184.8367 196.9102 250.7566 580.2066 119.8978 201.355 280.9941 119.1471 347.5309 106.8026 266.0759 586.2504;
	3.4992 47.2825 92.0745 64.8032 14.7983 31.7297 27.992 18.1606 27.6913 14.4269 26.6679 39.7832 59.8934 66.0105 198.4007 74.7463 92.7408 98.2776 76.5468 72.8364 9.3307 74.0359 55.3982 87.561 104.1757 74.0374 13.3589 758.7087 604.31 604.31 379.9452 33.439 255.1559 187.4812 206.9518 257.8389 777.6284 81.4669 434.8949 279.042 121.6951 351.9876 108.309 261.4156 785.7287;
