function loadprofile = ex_load_profilesh1
%EX_LOAD_PROFILE  Example load profile data file for stochastic unit commitment.
% 2022.03.12
% Andres F. Ramirez

%% define constants
[CT_LABEL, CT_PROB, CT_TABLE, CT_TBUS, CT_TGEN, CT_TBRCH, CT_TAREABUS, ...
    CT_TAREAGEN, CT_TAREABRCH, CT_ROW, CT_COL, CT_CHGTYPE, CT_REP, ...
    CT_REL, CT_ADD, CT_NEWVAL, CT_TLOAD, CT_TAREALOAD, CT_LOAD_ALL_PQ, ...
    CT_LOAD_FIX_PQ, CT_LOAD_DIS_PQ, CT_LOAD_ALL_P, CT_LOAD_FIX_P, ...
    CT_LOAD_DIS_P, CT_TGENCOST, CT_TAREAGENCOST, CT_MODCOST_F, ...
    CT_MODCOST_X] = idx_ct;

loadprofile = struct( ...
    'type', 'mpcData', ...
    'table', CT_TAREALOAD, ...
    'rows', [1:11], ...
    'col', CT_LOAD_ALL_P, ...
    'chgtype', 1, ...
    'values', [] );
loadprofile.values(:,1,:) = [
	1487.148 944.5464 1600.136 568.0975 812.5831 1280.1279 946.2263 291.8677 566.7061 4721.5877 1919.4489;
	1428.5394 910.8729 1539.9009 535.1096 792.6 1233.0618 885.5746 277.4024 526.7 4441.6742 1792.0934;
	1407.0081 922.8593 1561.3387 539.8569 791.4188 1230.1988 899.2 266.2 534.4 4473.8401 1773.6;
	1414.0835 928.9807 1579.1553 552.3246 830.976 1257.6407 931.3254 280.0722 561.0648 4530.4565 1825.5166;
	1460.9592 966.7 1655.3588 570.6261 886.9136 1304.443 986.4824 297.8 585.4289 4729.5116 1944.9871;
	1450.5115 1003.8066 1751.4404 588.4037 942.2 1361.5896 1053.1435 335.6979 621.24 4975.6194 2138.608;
	1501.6726 1008.3534 1775.6692 612.7813 986.4 1411.6 1122.0177 356.0313 635.4349 5135.6483 2146.3204;
	1584.8358 1032.5367 1828.7485 619.9 1020.0007 1497.9693 1203.392 374.4 648.6185 5299.2418 2250.8394;
	1595.4905 1060.62 1841.0619 606.2 1031.2847 1556.1106 1255.3614 385.4742 674.2639 5490.2424 2278.4706;
	1590.4508 1100.6406 1863.7181 600.6765 1074.3515 1572.5764 1290.331 377.4183 689.5053 5704.1274 2330.782;
	1568.9399 1092.0918 1846.5008 582.2 1042.7 1589.3163 1269.3802 357.0 674.8 5698.3956 2252.4846;
	1540.2068 1078.3 1805.3469 568.5503 1009.6975 1569.7 1276.6553 359.7877 672.7 5689.2378 2260.8255;
	1526.6397 1084.8817 1796.2877 570.3043 998.536 1563.4637 1269.1017 348.4715 662.6 5553.4879 2289.3711;
	1418.9967 1085.2013 1820.7619 560.6595 980.4272 1514.0189 1199.6323 336.7697 642.7105 5516.8513 2338.3132;
	1467.0604 1144.5956 1878.8313 570.5503 1040.1 1546.8119 1249.9331 332.8597 669.653 5558.7044 2444.4916;
	1525.872 1158.612 1887.6476 575.8 1036.3366 1565.182 1234.2747 349.6364 699.8155 5613.8725 2562.1903;
	1612.3067 1184.1 1902.477 582.0512 1052.3494 1580.4172 1229.1262 371.488 714.4463 5899.4223 2595.3274;
	1612.4287 1214.5006 2006.9444 601.0504 1095.3 1648.7534 1341.2055 378.5 764.6505 6027.9238 2726.2117;
	1680.0623 1215.6634 1969.3903 607.9329 1059.6418 1608.9225 1233.3298 360.0 719.7 5768.3551 2578.6717;
	1659.1183 1202.6989 1891.2057 593.8181 997.5 1541.1699 1202.6989 354.4963 705.9 5911.5751 2519.9994;
	1569.2979 1093.9887 1786.4669 558.5 949.7524 1442.0249 1150.9333 338.9 669.6 5514.4959 2330.0492;
	1513.6 1044.1595 1704.9228 538.2815 905.8424 1343.0197 1072.9495 324.602 620.5 5498.7468 2160.4075;
	1472.477 955.3 1564.8114 518.255 823.4041 1197.2243 959.8468 319.4986 545.805 4896.5233 1922.7943;
	1478.5396 946.9686 1549.3545 541.5787 798.4677 1174.3767 951.6984 292.3407 539.4096 4642.8555 1834.7323;
];
