function solarprofile = ex_solar_profilesh1
%EX_WIND_PROFILE_D  Example wind_load_nyiso profile data for deterministic unit commitment.
% 2022.03.12
% Andres F. Ramirez


%% define constants
[GEN_BUS, PG, QG, QMAX, QMIN, VG, MBASE, GEN_STATUS, PMAX, PMIN, ...
    MU_PMAX, MU_PMIN, MU_QMAX, MU_QMIN, PC1, PC2, QC1MIN, QC1MAX, ...
    QC2MIN, QC2MAX, RAMP_AGC, RAMP_10, RAMP_30, RAMP_Q, APF] = idx_gen;
[CT_LABEL, CT_PROB, CT_TABLE, CT_TBUS, CT_TGEN, CT_TBRCH, CT_TAREABUS, ...
    CT_TAREAGEN, CT_TAREABRCH, CT_ROW, CT_COL, CT_CHGTYPE, CT_REP, ...
    CT_REL, CT_ADD, CT_NEWVAL, CT_TLOAD, CT_TAREALOAD, CT_LOAD_ALL_PQ, ...
    CT_LOAD_FIX_PQ, CT_LOAD_DIS_PQ, CT_LOAD_ALL_P, CT_LOAD_FIX_P, ...
    CT_LOAD_DIS_P, CT_TGENCOST, CT_TAREAGENCOST, CT_MODCOST_F, ...
    CT_MODCOST_X] = idx_ct;

solarprofile = struct( ...
    'type', 'mpcData', ...
    'table', CT_TGEN, ...
    'rows', [1:12], ...
    'col', PMAX, ...
    'chgtype', 1, ...
    'values', [] );
solarprofile.values(:,1,:) = [
	0.0 0.0 0.0 0.0 0.0 0.0 0.0 0.0 0.0 0.0 0.0 0.0;
	0.0 0.0 0.0 0.0 0.0 0.0 0.0 0.0 0.0 0.0 0.0 0.0;
	0.0 0.0 0.0 0.0 0.0 0.0 0.0 0.0 0.0 0.0 0.0 0.0;
	0.0 0.0 0.0 0.0 0.0 0.0 0.0 0.0 0.0 0.0 0.0 0.0;
	0.0 0.0 0.0 0.0 0.0 0.0 0.0 0.0 0.0 0.0 0.0 0.0;
	0.0 0.0 0.0008 0.0 0.0 0.0 0.0 0.0 0.0 0.0 0.0 0.0;
	0.3144 0.4015 0.3364 0.3553 0.3338 14.6494 1.8312 14.3856 0.0 15.5016 6.0326 28.0735;
	0.8889 0.7317 0.967 0.8229 1.3506 26.6999 3.3375 29.6022 0.0 27.9127 10.6704 50.55;
	1.3554 1.1002 1.4878 1.4976 1.9235 36.92 4.615 28.6057 4.1177 34.4144 14.5704 62.3247;
	2.6408 2.7688 4.517 3.5446 1.6128 118.497 14.8121 33.3543 98.1034 55.21 37.818 99.9857;
	3.2014 5.0806 5.8011 4.2798 2.3148 146.4632 18.3079 40.3244 119.0469 65.1722 56.2535 118.0272;
	3.795 6.2867 5.9609 4.385 3.4087 177.4048 22.1756 53.4121 125.5738 68.722 67.3407 124.456;
	4.8372 4.7031 3.9116 4.9237 3.9931 380.6532 47.5817 70.1473 184.6912 187.4569 160.1519 339.4857;
	3.2037 2.503 2.1144 5.0522 3.5188 359.5069 44.9384 66.0135 199.8561 211.5722 181.0603 383.1586;
	1.9017 1.13 0.8408 4.2496 2.7921 338.4356 42.3045 76.193 222.343 242.7929 176.1307 439.6993;
	1.2426 0.3472 0.1697 1.0818 1.2432 209.8685 26.2336 47.0702 137.6061 151.7455 136.0094 274.8121;
	0.3307 0.2189 0.1521 0.4035 1.3012 39.3866 4.9233 9.8984 23.954 20.637 13.01 37.3738;
	0.0 0.0 0.0 0.0 0.0 0.0 0.0 0.0 0.0 0.0 0.0 0.0;
	0.0 0.0 0.0 0.0 0.0 0.0 0.0 0.0 0.0 0.0 0.0 0.0;
	0.0 0.0 0.0 0.0 0.0 0.0 0.0 0.0 0.0 0.0 0.0 0.0;
	0.0 0.0 0.0 0.0 0.0 0.0 0.0 0.0 0.0 0.0 0.0 0.0;
	0.0 0.0 0.0 0.0 0.0 0.0 0.0 0.0 0.0 0.0 0.0 0.0;
	0.0 0.0 0.0 0.0 0.0 0.0 0.0 0.0 0.0 0.0 0.0 0.0;
	0.0 0.0 0.0 0.0 0.0 0.0 0.0 0.0 0.0 0.0 0.0 0.0;
];
