function solarprofile = ex_solar_profilesh1
%EX_WIND_PROFILE_D  Example wind_load_nyiso profile data for deterministic unit commitment.
% 2022.03.12
% Andres F. Ramirez


%% define constants
[GEN_BUS, PG, QG, QMAX, QMIN, VG, MBASE, GEN_STATUS, PMAX, PMIN, ...
    MU_PMAX, MU_PMIN, MU_QMAX, MU_QMIN, PC1, PC2, QC1MIN, QC1MAX, ...
    QC2MIN, QC2MAX, RAMP_AGC, RAMP_10, RAMP_30, RAMP_Q, APF] = idx_gen;
[CT_LABEL, CT_PROB, CT_TABLE, CT_TBUS, CT_TGEN, CT_TBRCH, CT_TAREABUS, ...
    CT_TAREAGEN, CT_TAREABRCH, CT_ROW, CT_COL, CT_CHGTYPE, CT_REP, ...
    CT_REL, CT_ADD, CT_NEWVAL, CT_TLOAD, CT_TAREALOAD, CT_LOAD_ALL_PQ, ...
    CT_LOAD_FIX_PQ, CT_LOAD_DIS_PQ, CT_LOAD_ALL_P, CT_LOAD_FIX_P, ...
    CT_LOAD_DIS_P, CT_TGENCOST, CT_TAREAGENCOST, CT_MODCOST_F, ...
    CT_MODCOST_X] = idx_ct;

solarprofile = struct( ...
    'type', 'mpcData', ...
    'table', CT_TGEN, ...
    'rows', [1:12], ...
    'col', PMAX, ...
    'chgtype', 1, ...
    'values', [] );
solarprofile.values(:,1,:) = [
	0.0 0.0 0.0 0.0 0.0 0.0 0.0 0.0 0.0 0.0 0.0 0.0;
	0.0 0.0 0.0 0.0 0.0 0.0 0.0 0.0 0.0 0.0 0.0 0.0;
	0.0 0.0 0.0 0.0 0.0 0.0 0.0 0.0 0.0 0.0 0.0 0.0;
	0.0 0.0 0.0 0.0 0.0 0.0 0.0 0.0 0.0 0.0 0.0 0.0;
	0.0 0.0 0.0 0.0 0.0 0.0 0.0 0.0 0.0 0.0 0.0 0.0;
	0.0 0.0022 0.0 0.0 0.0 0.0 0.0 0.0 0.0 0.0 0.0 0.0;
	0.384 0.0856 0.0941 0.1427 2.5683 52.3684 6.5461 13.8567 10.0897 11.5191 3.7824 20.8612;
	0.002 0.0 0.0 1.1255 4.5719 72.9946 9.1243 11.675 33.5786 30.326 0.0 54.9205;
	0.0 0.0164 0.0517 2.0405 4.7197 102.3048 12.7881 10.9275 49.3069 60.1655 6.1668 108.9601;
	1.1838 1.2366 0.8667 2.3749 4.4317 190.8384 23.8548 17.065 82.2362 63.888 37.6356 115.7016;
	2.3599 1.9321 1.4926 2.008 5.1781 191.7995 23.9749 23.3527 70.7604 67.3155 59.8718 121.9088;
	2.9223 2.1417 2.0501 2.5051 6.1286 159.2822 19.9103 32.2191 72.768 69.0922 65.3617 125.1264;
	4.9031 2.9959 2.5564 7.0199 6.6209 155.8058 19.4757 53.3922 94.5557 149.0356 60.414 269.9043;
	3.384 2.3806 1.9907 7.9572 5.6941 108.3555 13.5444 40.6633 76.2221 137.4389 46.1529 248.9026;
	2.1393 1.4812 1.1354 6.2031 4.3615 76.358 9.5448 22.9661 42.9324 89.9854 31.0149 162.9641;
	1.1796 0.6982 0.6269 0.7333 0.8959 29.6781 3.7098 4.2808 5.921 29.2936 6.0409 53.051;
	0.2546 0.2254 0.1599 0.3793 0.5935 28.7688 3.5961 6.6605 22.1728 19.1259 6.0297 34.6371;
	0.0 0.0 0.0 0.0 0.0 0.0 0.0 0.0 0.0 0.0 0.0 0.0;
	0.0 0.0 0.0 0.0 0.0 0.0 0.0 0.0 0.0 0.0 0.0 0.0;
	0.0 0.0 0.0 0.0 0.0 0.0 0.0 0.0 0.0 0.0 0.0 0.0;
	0.0 0.0 0.0 0.0 0.0 0.0 0.0 0.0 0.0 0.0 0.0 0.0;
	0.0 0.0 0.0 0.0 0.0 0.0 0.0 0.0 0.0 0.0 0.0 0.0;
	0.0 0.0 0.0 0.0 0.0 0.0 0.0 0.0 0.0 0.0 0.0 0.0;
	0.0 0.0 0.0 0.0 0.0 0.0 0.0 0.0 0.0 0.0 0.0 0.0;
];
