function solarprofile = ex_solar_profilesh1
%EX_WIND_PROFILE_D  Example wind_load_nyiso profile data for deterministic unit commitment.
% 2022.03.12
% Andres F. Ramirez


%% define constants
[GEN_BUS, PG, QG, QMAX, QMIN, VG, MBASE, GEN_STATUS, PMAX, PMIN, ...
    MU_PMAX, MU_PMIN, MU_QMAX, MU_QMIN, PC1, PC2, QC1MIN, QC1MAX, ...
    QC2MIN, QC2MAX, RAMP_AGC, RAMP_10, RAMP_30, RAMP_Q, APF] = idx_gen;
[CT_LABEL, CT_PROB, CT_TABLE, CT_TBUS, CT_TGEN, CT_TBRCH, CT_TAREABUS, ...
    CT_TAREAGEN, CT_TAREABRCH, CT_ROW, CT_COL, CT_CHGTYPE, CT_REP, ...
    CT_REL, CT_ADD, CT_NEWVAL, CT_TLOAD, CT_TAREALOAD, CT_LOAD_ALL_PQ, ...
    CT_LOAD_FIX_PQ, CT_LOAD_DIS_PQ, CT_LOAD_ALL_P, CT_LOAD_FIX_P, ...
    CT_LOAD_DIS_P, CT_TGENCOST, CT_TAREAGENCOST, CT_MODCOST_F, ...
    CT_MODCOST_X] = idx_ct;

solarprofile = struct( ...
    'type', 'mpcData', ...
    'table', CT_TGEN, ...
    'rows', [1:12], ...
    'col', PMAX, ...
    'chgtype', 1, ...
    'values', [] );
solarprofile.values(:,1,:) = [
	0.0 0.0 0.0 0.0 0.0 0.0 0.0 0.0 0.0 0.0 0.0 0.0;
	0.0 0.0 0.0 0.0 0.0 0.0 0.0 0.0 0.0 0.0 0.0 0.0;
	0.0 0.0 0.0 0.0 0.0 0.0 0.0 0.0 0.0 0.0 0.0 0.0;
	0.0 0.0 0.0 0.0 0.0 0.0 0.0 0.0 0.0 0.0 0.0 0.0;
	0.0 0.0 0.0 0.0 0.0 0.0 0.0 0.0 0.0 0.0 0.0 0.0;
	0.0 0.0 0.0 0.0 0.0 0.0 0.0 0.0 0.0 0.0 0.0 0.0;
	0.3814 0.3112 0.1322 0.597 2.8156 18.1324 2.2665 53.1087 36.9591 14.2825 9.5402 25.8657;
	1.3663 1.1682 0.5387 1.2751 5.3272 55.8938 6.9867 51.8569 33.5276 63.8828 66.5117 115.6921;
	1.7136 1.5683 0.87 2.0256 6.4243 108.0966 13.5121 44.5916 28.7232 103.2654 86.5726 187.0142;
	2.5456 2.1637 1.891 2.0161 7.455 223.1179 27.8897 28.049 48.2918 68.5058 38.5767 124.0645;
	2.3016 1.8092 1.412 2.5065 7.4258 188.2361 23.5295 20.7935 35.8102 70.4796 34.2649 127.6389;
	2.0182 1.5806 1.1491 2.5362 7.3193 114.55 14.3187 17.4255 32.679 68.194 27.2581 123.4997;
	2.9953 2.8177 1.5078 1.2719 7.9497 64.8109 8.1014 31.8432 58.7253 78.4874 40.7718 142.1412;
	2.8006 2.6583 1.7865 0.6052 7.9534 47.0925 5.8866 29.3191 73.3333 64.8848 38.3833 117.5067;
	2.0029 2.0979 1.4955 0.5032 7.6684 57.3501 7.1688 34.6689 82.5325 53.5085 32.7498 96.9043;
	1.3292 1.4857 1.2839 0.4617 4.7315 138.5787 17.3223 36.0234 71.9869 42.6996 20.7366 77.3292;
	0.2992 0.3743 0.1804 0.5073 1.2455 40.0432 5.0054 10.6168 27.7986 31.2273 12.3261 56.5529;
	0.0 0.0 0.0 0.0 0.0 0.0 0.0 0.0 0.0 0.0 0.0 0.0;
	0.0 0.0 0.0 0.0 0.0 0.0 0.0 0.0 0.0 0.0 0.0 0.0;
	0.0 0.0 0.0 0.0 0.0 0.0 0.0 0.0 0.0 0.0 0.0 0.0;
	0.0 0.0 0.0 0.0 0.0 0.0 0.0 0.0 0.0 0.0 0.0 0.0;
	0.0 0.0 0.0 0.0 0.0 0.0 0.0 0.0 0.0 0.0 0.0 0.0;
	0.0 0.0 0.0 0.0 0.0 0.0 0.0 0.0 0.0 0.0 0.0 0.0;
	0.0 0.0 0.0 0.0 0.0 0.0 0.0 0.0 0.0 0.0 0.0 0.0;
];
