function solarprofile = ex_solar_profilesh1
%EX_WIND_PROFILE_D  Example wind_load_nyiso profile data for deterministic unit commitment.
% 2022.03.12
% Andres F. Ramirez


%% define constants
[GEN_BUS, PG, QG, QMAX, QMIN, VG, MBASE, GEN_STATUS, PMAX, PMIN, ...
    MU_PMAX, MU_PMIN, MU_QMAX, MU_QMIN, PC1, PC2, QC1MIN, QC1MAX, ...
    QC2MIN, QC2MAX, RAMP_AGC, RAMP_10, RAMP_30, RAMP_Q, APF] = idx_gen;
[CT_LABEL, CT_PROB, CT_TABLE, CT_TBUS, CT_TGEN, CT_TBRCH, CT_TAREABUS, ...
    CT_TAREAGEN, CT_TAREABRCH, CT_ROW, CT_COL, CT_CHGTYPE, CT_REP, ...
    CT_REL, CT_ADD, CT_NEWVAL, CT_TLOAD, CT_TAREALOAD, CT_LOAD_ALL_PQ, ...
    CT_LOAD_FIX_PQ, CT_LOAD_DIS_PQ, CT_LOAD_ALL_P, CT_LOAD_FIX_P, ...
    CT_LOAD_DIS_P, CT_TGENCOST, CT_TAREAGENCOST, CT_MODCOST_F, ...
    CT_MODCOST_X] = idx_ct;

solarprofile = struct( ...
    'type', 'mpcData', ...
    'table', CT_TGEN, ...
    'rows', [1:12], ...
    'col', PMAX, ...
    'chgtype', 1, ...
    'values', [] );
solarprofile.values(:,1,:) = [
	0.0 0.0 0.0 0.0 0.0 0.0 0.0 0.0 0.0 0.0 0.0 0.0;
	0.0 0.0 0.0 0.0 0.0 0.0 0.0 0.0 0.0 0.0 0.0 0.0;
	0.0 0.0 0.0 0.0 0.0 0.0 0.0 0.0 0.0 0.0 0.0 0.0;
	0.0 0.0 0.0 0.0 0.0 0.0 0.0 0.0 0.0 0.0 0.0 0.0;
	0.0 0.0 0.0 0.0 0.0 0.0 0.0 0.0 0.0 0.0 0.0 0.0;
	0.0 0.0 0.0 0.0 0.0 0.0 0.0 0.0 0.0 0.0 0.0 0.0;
	0.0 0.1701 0.2856 0.0 0.5337 114.4056 14.3007 25.6802 122.9673 12.7171 9.6047 23.0308;
	0.3313 0.683 0.7266 0.0 1.7978 167.1118 20.889 35.2109 108.6969 80.7572 24.678 146.2517;
	0.8827 1.1149 1.1474 0.477 3.3457 166.3086 20.7886 38.122 93.796 200.9176 52.2768 363.863;
	2.1126 2.1138 2.2231 1.376 4.4299 127.3063 15.9133 33.5245 116.0042 244.4145 123.2595 442.6361;
	1.5369 1.8616 1.7951 1.9865 5.6577 120.4592 15.0574 31.07 131.0329 180.7672 117.2103 327.3705;
	1.3156 1.7628 1.3263 1.8865 5.1149 99.1327 12.3916 25.1912 131.2109 118.6217 87.0769 214.8247;
	3.0837 3.3181 2.5709 0.875 1.3887 59.9959 7.4995 32.1736 107.4463 140.0026 54.6235 253.5456;
	3.0569 2.8836 2.476 0.3477 0.5528 23.7272 2.9659 22.4936 80.1957 128.3232 48.1047 232.394;
	2.2292 2.0173 1.8776 0.3625 0.0621 9.8249 1.2281 16.8982 55.6893 100.4756 43.409 181.9619;
	1.1212 0.6083 0.7859 0.1738 0.0 7.9378 0.9922 7.5038 23.9717 40.4403 26.6792 73.2376;
	0.2415 0.2168 0.1471 0.3793 0.5184 30.9166 3.8646 7.5187 23.5142 18.5598 10.0401 33.6119;
	0.0 0.0 0.0 0.0 0.0 0.0 0.0 0.0 0.0 0.0 0.0 0.0;
	0.0 0.0 0.0 0.0 0.0 0.0 0.0 0.0 0.0 0.0 0.0 0.0;
	0.0 0.0 0.0 0.0 0.0 0.0 0.0 0.0 0.0 0.0 0.0 0.0;
	0.0 0.0 0.0 0.0 0.0 0.0 0.0 0.0 0.0 0.0 0.0 0.0;
	0.0 0.0 0.0 0.0 0.0 0.0 0.0 0.0 0.0 0.0 0.0 0.0;
	0.0 0.0 0.0 0.0 0.0 0.0 0.0 0.0 0.0 0.0 0.0 0.0;
	0.0 0.0 0.0 0.0 0.0 0.0 0.0 0.0 0.0 0.0 0.0 0.0;
];
