function loadprofile = ex_load_profilesh1
%EX_LOAD_PROFILE  Example load profile data file for stochastic unit commitment.
% 2022.03.12
% Andres F. Ramirez

%% define constants
[CT_LABEL, CT_PROB, CT_TABLE, CT_TBUS, CT_TGEN, CT_TBRCH, CT_TAREABUS, ...
    CT_TAREAGEN, CT_TAREABRCH, CT_ROW, CT_COL, CT_CHGTYPE, CT_REP, ...
    CT_REL, CT_ADD, CT_NEWVAL, CT_TLOAD, CT_TAREALOAD, CT_LOAD_ALL_PQ, ...
    CT_LOAD_FIX_PQ, CT_LOAD_DIS_PQ, CT_LOAD_ALL_P, CT_LOAD_FIX_P, ...
    CT_LOAD_DIS_P, CT_TGENCOST, CT_TAREAGENCOST, CT_MODCOST_F, ...
    CT_MODCOST_X] = idx_ct;

loadprofile = struct( ...
    'type', 'mpcData', ...
    'table', CT_TAREALOAD, ...
    'rows', [1:11], ...
    'col', CT_LOAD_ALL_P, ...
    'chgtype', 1, ...
    'values', [] );
loadprofile.values(:,1,:) = [
	1446.315 932.3 1648.5541 604.6187 868.784 1264.5043 932.9 273.4738 587.9409 4778.9072 1896.6136;
	1388.0 914.9 1613.1902 598.753 837.4569 1230.9 920.5332 272.1538 567.6443 4569.7354 1851.0086;
	1417.7435 929.1 1624.892 603.0575 822.6613 1238.0115 935.1581 274.1 596.8476 4563.2293 1865.9693;
	1416.9586 926.2 1605.5802 603.0071 829.9524 1245.5 930.3892 267.3 566.9166 4572.6217 1838.8663;
	1466.6 967.9563 1704.1171 619.6826 887.2 1308.2574 978.0 272.0191 621.6851 4764.6349 1912.4923;
	1514.2306 978.2665 1728.3362 615.789 894.2205 1331.6558 1033.0412 263.0424 633.5941 4785.0437 1945.5955;
	1572.5579 982.7736 1758.6851 618.0078 952.3 1402.9834 1094.9801 279.5775 684.4 4990.628 2053.4221;
	1551.6041 1010.4766 1775.3983 633.3629 990.68 1479.6 1181.2668 322.6494 740.7878 5195.4686 2144.2493;
	1539.8372 1013.1292 1763.9601 629.0178 965.519 1467.4 1205.9872 336.8144 719.859 5315.1423 2159.1824;
	1535.449 1020.6914 1772.6266 611.7973 934.5849 1449.6648 1219.9466 358.8914 714.8583 5346.3898 2238.7174;
	1518.0068 1022.1736 1781.808 620.1 935.9445 1480.8675 1250.3616 373.5593 754.7582 5349.3216 2274.779;
	1540.0517 1003.0523 1746.996 600.0 912.5712 1425.3705 1193.8348 359.4143 740.6663 5333.9026 2245.5892;
	1556.6543 994.8812 1723.2943 599.4047 864.5 1427.2323 1175.9761 368.8207 752.9545 5280.3688 2252.8317;
	1538.5675 904.7039 1661.3569 578.5036 829.394 1409.5376 1132.0416 353.9078 701.8532 5293.7077 2189.1663;
	1551.1152 919.9747 1662.8478 581.6 831.618 1425.9228 1127.7128 339.8 690.6 5207.3156 2183.6912;
	1626.8806 1060.6902 1785.134 592.679 892.5999 1516.3135 1210.7592 347.7326 741.429 5393.858 2440.9446;
	1617.7344 1056.7 1797.867 610.8 930.6405 1522.2871 1211.5711 352.6013 741.3631 5405.3846 2470.5454;
	1675.0916 1076.0664 1846.0415 633.9962 978.3477 1572.8 1306.6 388.7146 773.9127 5547.3823 2663.6392;
	1685.6147 1075.9467 1815.4947 631.7779 977.1578 1526.3535 1241.9615 381.4633 752.853 5564.851 2524.2948;
	1663.1355 1026.5918 1799.1511 609.8725 935.0878 1456.0946 1178.5859 350.7731 721.1674 5412.0409 2388.0284;
	1625.9456 986.881 1704.1929 576.0163 872.5901 1380.4641 1106.2982 323.6869 654.8 5289.9568 2310.6184;
	1596.7418 946.2806 1638.7438 565.0517 832.2646 1283.2979 1045.7015 294.5457 610.9377 4995.2797 2040.4976;
	1415.4681 900.4 1576.5448 548.7977 785.6302 1127.6295 1000.1436 280.4615 580.9252 4680.0 1873.3415;
	1407.2538 867.1 1545.6996 527.2381 742.4 1116.4 962.2483 260.9839 585.4411 4516.4946 1913.1227;
];
