function loadprofile = ex_load_profilesh1
%EX_LOAD_PROFILE  Example load profile data file for stochastic unit commitment.
% 2022.03.12
% Andres F. Ramirez

%% define constants
[CT_LABEL, CT_PROB, CT_TABLE, CT_TBUS, CT_TGEN, CT_TBRCH, CT_TAREABUS, ...
    CT_TAREAGEN, CT_TAREABRCH, CT_ROW, CT_COL, CT_CHGTYPE, CT_REP, ...
    CT_REL, CT_ADD, CT_NEWVAL, CT_TLOAD, CT_TAREALOAD, CT_LOAD_ALL_PQ, ...
    CT_LOAD_FIX_PQ, CT_LOAD_DIS_PQ, CT_LOAD_ALL_P, CT_LOAD_FIX_P, ...
    CT_LOAD_DIS_P, CT_TGENCOST, CT_TAREAGENCOST, CT_MODCOST_F, ...
    CT_MODCOST_X] = idx_ct;

loadprofile = struct( ...
    'type', 'mpcData', ...
    'table', CT_TAREALOAD, ...
    'rows', [1:11], ...
    'col', CT_LOAD_ALL_P, ...
    'chgtype', 1, ...
    'values', [] );
loadprofile.values(:,1,:) = [
	1378.4971 908.4911 1576.7272 603.9284 786.6793 1184.8372 895.4424 248.6712 520.5469 4725.3909 1867.9491;
	1354.4919 869.847 1519.7907 591.8102 740.6002 1127.3747 866.7641 225.5708 493.5678 4542.0416 1784.1395;
	1353.5269 862.4219 1532.9204 588.4145 739.5945 1141.2606 853.1186 224.1762 464.0467 4436.0012 1742.5619;
	1366.9883 874.0934 1547.642 591.5 777.3325 1171.3363 895.7 246.3397 487.7219 4530.4246 1795.1561;
	1388.0773 930.2563 1678.6 603.1832 870.2891 1269.4834 964.6603 264.7723 518.7232 4697.9905 1917.7876;
	1429.8944 957.3853 1737.1168 599.1 913.7414 1312.5979 1029.6074 279.2587 554.9 4860.1297 1978.2569;
	1443.8406 1001.892 1802.6222 618.5775 946.4 1371.5 1074.2771 284.082 548.2704 5019.8343 2037.2837;
	1534.5946 1028.4775 1818.4422 618.6 966.781 1419.7159 1106.9847 295.1583 599.9555 5213.8487 2131.9824;
	1581.2387 1051.624 1850.7747 641.6562 1001.3166 1439.7 1171.1107 304.188 593.7152 5348.9448 2176.5892;
	1653.1473 1057.6194 1831.6969 620.4 986.0589 1374.6627 1129.8773 275.6618 553.4193 5368.8859 2142.8968;
	1630.1337 1076.0223 1891.1527 649.0247 1008.4 1481.7155 1164.1561 297.2545 485.1237 5369.7468 2208.2993;
	1616.1065 1082.9838 1881.2222 640.1971 977.188 1422.5504 1129.1 287.1836 576.8405 5321.0134 2166.4543;
	1629.5886 1084.9122 1880.1827 611.6725 956.1306 1425.6424 1136.8645 284.9957 547.2843 5340.1986 2106.9539;
	1605.7 1076.153 1854.0 600.0934 942.4516 1456.8612 1139.2829 270.6536 532.4668 5369.5 2203.3177;
	1649.0503 1074.6963 1891.1331 612.0426 958.2617 1458.0294 1108.6571 305.309 593.6534 5428.5654 2207.7154;
	1592.5202 1124.2851 1938.4 628.3485 1003.8832 1500.6155 1147.6946 311.8587 595.7313 5571.368 2243.4666;
	1593.7293 1121.4492 1899.033 627.9951 985.5 1521.8805 1118.8014 311.4685 587.2972 5488.3546 2256.324;
	1667.2439 1149.0125 1924.2383 654.2155 990.4519 1542.8517 1140.5818 310.5291 639.1386 5410.6554 2384.8139;
	1694.7671 1163.6267 1928.6944 631.7379 966.0217 1504.7 1136.8559 337.6979 618.7683 5479.2048 2336.5461;
	1655.0826 1130.1087 1869.5892 615.0652 911.3395 1451.0399 1109.0 318.428 616.0247 5478.8252 2329.2308;
	1619.5695 1068.1828 1753.5 593.734 835.3599 1350.8065 1044.3909 286.0 583.513 5249.6413 2174.7291;
	1572.6012 1038.944 1687.7 566.7935 813.6859 1287.293 990.1909 262.7363 568.2 4954.2855 2032.7207;
	1522.5518 972.0759 1653.6508 571.6733 780.7128 1169.6944 884.4657 211.9614 458.1954 4548.2 1760.9;
	1451.9953 939.0292 1613.9958 567.6724 753.2317 1126.4429 860.4 210.6474 464.1 4512.6495 1695.5253;
];
