function solarprofile = ex_solar_profilesh1
%EX_WIND_PROFILE_D  Example wind_load_nyiso profile data for deterministic unit commitment.
% 2022.03.12
% Andres F. Ramirez


%% define constants
[GEN_BUS, PG, QG, QMAX, QMIN, VG, MBASE, GEN_STATUS, PMAX, PMIN, ...
    MU_PMAX, MU_PMIN, MU_QMAX, MU_QMIN, PC1, PC2, QC1MIN, QC1MAX, ...
    QC2MIN, QC2MAX, RAMP_AGC, RAMP_10, RAMP_30, RAMP_Q, APF] = idx_gen;
[CT_LABEL, CT_PROB, CT_TABLE, CT_TBUS, CT_TGEN, CT_TBRCH, CT_TAREABUS, ...
    CT_TAREAGEN, CT_TAREABRCH, CT_ROW, CT_COL, CT_CHGTYPE, CT_REP, ...
    CT_REL, CT_ADD, CT_NEWVAL, CT_TLOAD, CT_TAREALOAD, CT_LOAD_ALL_PQ, ...
    CT_LOAD_FIX_PQ, CT_LOAD_DIS_PQ, CT_LOAD_ALL_P, CT_LOAD_FIX_P, ...
    CT_LOAD_DIS_P, CT_TGENCOST, CT_TAREAGENCOST, CT_MODCOST_F, ...
    CT_MODCOST_X] = idx_ct;

solarprofile = struct( ...
    'type', 'mpcData', ...
    'table', CT_TGEN, ...
    'rows', [1:12], ...
    'col', PMAX, ...
    'chgtype', 1, ...
    'values', [] );
solarprofile.values(:,1,:) = [
	0.0 0.0 0.0 0.0 0.0 0.0 0.0 0.0 0.0 0.0 0.0 0.0;
	0.0 0.0 0.0 0.0 0.0 0.0 0.0 0.0 0.0 0.0 0.0 0.0;
	0.0 0.0 0.0 0.0 0.0 0.0 0.0 0.0 0.0 0.0 0.0 0.0;
	0.0 0.0 0.0 0.0 0.0 0.0 0.0 0.0 0.0 0.0 0.0 0.0;
	0.0 0.0 0.0 0.0 0.0 0.0 0.0 0.0 0.0 0.0 0.0 0.0;
	0.0108 0.0 0.0049 0.0 0.0 0.0 0.0 0.0 0.0 0.0 0.0 0.0;
	0.665 0.3676 0.7096 0.4617 1.022 17.1267 2.1408 1.0555 19.623 11.9124 4.1832 21.5734;
	0.8833 0.5562 0.6182 0.8807 2.1252 6.616 0.827 2.9919 27.5246 33.1956 8.0167 60.1174;
	1.0167 0.6949 0.7018 1.2743 2.1356 7.992 0.999 4.1648 39.3149 64.946 13.2388 117.6176;
	0.7086 0.9513 0.9528 2.1407 1.0152 31.3705 3.9213 6.2642 97.8061 57.6508 12.075 104.406;
	0.661 1.2377 1.7694 2.9727 1.0581 53.3817 6.6727 8.3667 123.9911 52.8354 19.2741 95.6853;
	1.0429 1.8683 2.1925 3.3916 1.2346 53.5427 6.6928 12.0127 120.3473 36.9472 28.969 66.9115;
	2.4384 3.3571 2.7386 3.116 0.969 44.4801 5.56 38.4225 65.1234 35.4688 47.0837 64.2343;
	1.5544 2.5149 1.6624 2.1459 0.6754 21.4765 2.6846 29.51 30.1507 34.0841 33.2126 61.7265;
	0.3499 1.3831 0.5374 1.3942 0.5187 12.0871 1.5109 17.683 12.7777 36.4824 18.2671 66.0698;
	0.0 0.4261 0.0336 0.462 0.3779 11.419 1.4274 2.6229 2.4315 37.2636 11.8708 67.4846;
	0.2415 0.2272 0.1487 0.3793 0.9228 28.7221 3.5903 6.2684 22.1728 21.5124 11.4509 38.9591;
	0.0 0.0 0.0 0.0 0.0 0.0 0.0 0.0 0.0 0.0 0.0 0.0;
	0.0 0.0 0.0 0.0 0.0 0.0 0.0 0.0 0.0 0.0 0.0 0.0;
	0.0 0.0 0.0 0.0 0.0 0.0 0.0 0.0 0.0 0.0 0.0 0.0;
	0.0 0.0 0.0 0.0 0.0 0.0 0.0 0.0 0.0 0.0 0.0 0.0;
	0.0 0.0 0.0 0.0 0.0 0.0 0.0 0.0 0.0 0.0 0.0 0.0;
	0.0 0.0 0.0 0.0 0.0 0.0 0.0 0.0 0.0 0.0 0.0 0.0;
	0.0 0.0 0.0 0.0 0.0 0.0 0.0 0.0 0.0 0.0 0.0 0.0;
];
