function solarprofile = ex_solar_profilesh1
%EX_WIND_PROFILE_D  Example wind_load_nyiso profile data for deterministic unit commitment.
% 2022.03.12
% Andres F. Ramirez


%% define constants
[GEN_BUS, PG, QG, QMAX, QMIN, VG, MBASE, GEN_STATUS, PMAX, PMIN, ...
    MU_PMAX, MU_PMIN, MU_QMAX, MU_QMIN, PC1, PC2, QC1MIN, QC1MAX, ...
    QC2MIN, QC2MAX, RAMP_AGC, RAMP_10, RAMP_30, RAMP_Q, APF] = idx_gen;
[CT_LABEL, CT_PROB, CT_TABLE, CT_TBUS, CT_TGEN, CT_TBRCH, CT_TAREABUS, ...
    CT_TAREAGEN, CT_TAREABRCH, CT_ROW, CT_COL, CT_CHGTYPE, CT_REP, ...
    CT_REL, CT_ADD, CT_NEWVAL, CT_TLOAD, CT_TAREALOAD, CT_LOAD_ALL_PQ, ...
    CT_LOAD_FIX_PQ, CT_LOAD_DIS_PQ, CT_LOAD_ALL_P, CT_LOAD_FIX_P, ...
    CT_LOAD_DIS_P, CT_TGENCOST, CT_TAREAGENCOST, CT_MODCOST_F, ...
    CT_MODCOST_X] = idx_ct;

solarprofile = struct( ...
    'type', 'mpcData', ...
    'table', CT_TGEN, ...
    'rows', [1:12], ...
    'col', PMAX, ...
    'chgtype', 1, ...
    'values', [] );
solarprofile.values(:,1,:) = [
	0.0 0.0 0.0 0.0 0.0 0.0 0.0 0.0 0.0 0.0 0.0 0.0;
	0.0 0.0 0.0 0.0 0.0 0.0 0.0 0.0 0.0 0.0 0.0 0.0;
	0.0 0.0 0.0 0.0 0.0 0.0 0.0 0.0 0.0 0.0 0.0 0.0;
	0.0 0.0 0.0 0.0 0.0 0.0 0.0 0.0 0.0 0.0 0.0 0.0;
	0.0 0.0 0.0 0.0 0.0 0.0 0.0 0.0 0.0 0.0 0.0 0.0;
	0.0206 0.0222 0.0162 0.0 0.0 0.0 0.0 0.0 0.0 0.0 0.0 0.0;
	0.0 0.0 0.0 0.5852 2.9202 3.5577 0.4447 3.9884 5.7323 11.9245 4.8775 21.5954;
	0.0 0.0 0.0 1.0502 2.8752 0.0 0.0 2.7799 4.3927 29.6067 8.7269 53.6179;
	0.0 0.0 0.1634 1.595 2.5513 9.4812 1.1852 4.5123 11.2717 54.944 13.849 99.504;
	2.1067 1.2523 1.3085 2.4176 1.2248 126.8925 15.8616 12.8122 104.3609 59.8373 23.1783 108.3657;
	1.4988 1.1626 0.8945 1.9181 0.2324 183.2765 22.9096 12.397 173.0318 65.1685 28.1957 118.0206;
	0.5578 0.6682 0.2662 1.3337 0.1829 146.0065 18.2508 9.0825 196.489 61.1924 27.6149 110.8198;
	0.4685 0.6218 0.0 1.322 1.3996 84.3521 10.544 15.9075 161.0583 86.3382 27.6033 156.359;
	0.8729 0.6856 0.1152 1.5946 1.9097 42.0758 5.2595 11.6427 101.4831 80.3026 23.6621 145.4284;
	1.3181 0.7991 0.3024 1.8256 1.7613 41.5057 5.1882 7.9182 65.355 66.5559 19.0538 120.5332;
	1.5687 0.9717 0.4925 0.9476 0.1742 64.5629 8.0704 1.4129 22.986 38.1098 14.1097 69.0171;
	0.2494 0.2272 0.1471 0.3861 0.5184 35.4413 4.4302 6.1586 27.5819 19.1776 9.3659 34.7308;
	0.0 0.0 0.0 0.0 0.0 0.0 0.0 0.0 0.0 0.0 0.0 0.0;
	0.0 0.0 0.0 0.0 0.0 0.0 0.0 0.0 0.0 0.0 0.0 0.0;
	0.0 0.0 0.0 0.0 0.0 0.0 0.0 0.0 0.0 0.0 0.0 0.0;
	0.0 0.0 0.0 0.0 0.0 0.0 0.0 0.0 0.0 0.0 0.0 0.0;
	0.0 0.0 0.0 0.0 0.0 0.0 0.0 0.0 0.0 0.0 0.0 0.0;
	0.0 0.0 0.0 0.0 0.0 0.0 0.0 0.0 0.0 0.0 0.0 0.0;
	0.0 0.0 0.0 0.0 0.0 0.0 0.0 0.0 0.0 0.0 0.0 0.0;
];
