function loadprofile = ex_load_profilesh1
%EX_LOAD_PROFILE  Example load profile data file for stochastic unit commitment.
% 2022.03.12
% Andres F. Ramirez

%% define constants
[CT_LABEL, CT_PROB, CT_TABLE, CT_TBUS, CT_TGEN, CT_TBRCH, CT_TAREABUS, ...
    CT_TAREAGEN, CT_TAREABRCH, CT_ROW, CT_COL, CT_CHGTYPE, CT_REP, ...
    CT_REL, CT_ADD, CT_NEWVAL, CT_TLOAD, CT_TAREALOAD, CT_LOAD_ALL_PQ, ...
    CT_LOAD_FIX_PQ, CT_LOAD_DIS_PQ, CT_LOAD_ALL_P, CT_LOAD_FIX_P, ...
    CT_LOAD_DIS_P, CT_TGENCOST, CT_TAREAGENCOST, CT_MODCOST_F, ...
    CT_MODCOST_X] = idx_ct;

loadprofile = struct( ...
    'type', 'mpcData', ...
    'table', CT_TAREALOAD, ...
    'rows', [1:11], ...
    'col', CT_LOAD_ALL_P, ...
    'chgtype', 1, ...
    'values', [] );
loadprofile.values(:,1,:) = [
	1495.902 911.3808 1690.1669 586.3494 853.1261 1271.4383 876.9822 276.1385 483.133 4676.5573 1818.7135;
	1460.4053 883.6395 1671.3296 579.4165 833.7905 1247.4622 851.4963 252.3 463.1358 4524.9 1743.191;
	1477.3 887.2 1662.5341 587.7 833.0 1255.0074 862.9475 258.6 471.1605 4443.7233 1720.0733;
	1502.7028 926.1 1713.1481 585.4715 847.4136 1267.9311 889.403 268.9596 499.323 4542.2046 1769.3;
	1536.9314 964.9683 1766.7633 611.8 914.8906 1353.3837 937.6145 282.1 517.7472 4671.5938 1855.0857;
	1628.5599 1021.1 1811.4602 624.5 990.2 1400.501 989.3 294.5228 556.2459 4882.3743 1915.6516;
	1647.2694 1017.7175 1824.7401 626.9735 995.7 1429.6617 1029.9257 300.8195 591.3041 4975.8717 1977.4248;
	1708.7014 1066.9 1872.4964 629.3088 1022.6594 1505.8808 1071.5758 313.7419 632.9277 5248.2744 2057.6832;
	1715.4815 1091.64 1947.7646 623.7901 1049.0891 1541.0197 1109.3742 342.8639 660.1149 5404.2927 2097.4179;
	1717.5347 1098.0967 1971.8066 617.7162 1049.0516 1561.7265 1056.812 351.8 659.9038 5493.9296 2063.9379;
	1708.7087 1112.8974 1969.7705 622.2634 1029.9451 1544.341 1089.3269 355.7489 673.5549 5527.7701 2092.7516;
	1721.6 1082.4546 1961.4724 621.1611 1038.3646 1529.3093 1100.536 358.4304 675.684 5570.1105 2058.7604;
	1712.6756 1076.707 1914.0847 614.7896 1002.812 1526.0533 1087.7473 345.4349 652.8751 5485.7887 2050.8284;
	1676.7322 1076.4 1896.7453 597.172 978.6944 1475.8664 1057.4231 343.6449 627.9906 5385.9 2010.574;
	1692.4842 1086.8655 1870.8865 603.7877 965.9211 1442.972 1053.806 342.1062 630.0 5364.2654 2036.6996;
	1755.8378 1124.2 1943.1417 595.1 1004.0 1495.3859 1110.4 352.2393 647.7535 5450.6184 2128.4586;
	1720.239 1093.4121 1922.288 602.5345 1000.3905 1537.0036 1145.9688 385.2111 684.9 5509.4904 2236.2433;
	1730.6 1117.9937 1978.8186 613.6 1011.3 1591.3944 1202.5858 401.3 711.2808 5620.6731 2331.1433;
	1823.2367 1129.3281 1965.6274 607.5 984.8004 1570.2967 1192.3801 402.7941 702.9394 5566.2314 2305.0835;
	1783.8066 1079.8235 1854.3701 565.2457 911.4 1480.2347 1141.6 361.4 672.5549 5409.9283 2226.1;
	1692.8324 1004.7541 1724.617 535.4176 798.3584 1341.4882 1065.3197 323.8944 633.2033 5191.0647 2115.7075;
	1636.3 946.71 1649.1 513.784 761.294 1255.0 987.6 300.7 581.5349 4901.2232 1938.3;
	1608.4216 899.944 1634.996 531.6602 814.1365 1170.0762 935.2194 276.0869 542.6023 4637.433 1775.0092;
	1576.3765 885.3055 1597.7944 545.5 798.4986 1147.6629 874.1837 267.5 507.0312 4397.5149 1673.2;
];
