function solarprofile = ex_solar_profilesh1
%EX_WIND_PROFILE_D  Example wind_load_nyiso profile data for deterministic unit commitment.
% 2022.03.12
% Andres F. Ramirez


%% define constants
[GEN_BUS, PG, QG, QMAX, QMIN, VG, MBASE, GEN_STATUS, PMAX, PMIN, ...
    MU_PMAX, MU_PMIN, MU_QMAX, MU_QMIN, PC1, PC2, QC1MIN, QC1MAX, ...
    QC2MIN, QC2MAX, RAMP_AGC, RAMP_10, RAMP_30, RAMP_Q, APF] = idx_gen;
[CT_LABEL, CT_PROB, CT_TABLE, CT_TBUS, CT_TGEN, CT_TBRCH, CT_TAREABUS, ...
    CT_TAREAGEN, CT_TAREABRCH, CT_ROW, CT_COL, CT_CHGTYPE, CT_REP, ...
    CT_REL, CT_ADD, CT_NEWVAL, CT_TLOAD, CT_TAREALOAD, CT_LOAD_ALL_PQ, ...
    CT_LOAD_FIX_PQ, CT_LOAD_DIS_PQ, CT_LOAD_ALL_P, CT_LOAD_FIX_P, ...
    CT_LOAD_DIS_P, CT_TGENCOST, CT_TAREAGENCOST, CT_MODCOST_F, ...
    CT_MODCOST_X] = idx_ct;

solarprofile = struct( ...
    'type', 'mpcData', ...
    'table', CT_TGEN, ...
    'rows', [1:12], ...
    'col', PMAX, ...
    'chgtype', 1, ...
    'values', [] );
solarprofile.values(:,1,:) = [
	0.0 0.0 0.0 0.0 0.0 0.0 0.0 0.0 0.0 0.0 0.0 0.0;
	0.0 0.0 0.0 0.0 0.0 0.0 0.0 0.0 0.0 0.0 0.0 0.0;
	0.0 0.0 0.0 0.0 0.0 0.0 0.0 0.0 0.0 0.0 0.0 0.0;
	0.0 0.0 0.0 0.0 0.0 0.0 0.0 0.0 0.0 0.0 0.0 0.0;
	0.0 0.0 0.0 0.0 0.0 0.0 0.0 0.0 0.0 0.0 0.0 0.0;
	0.0 0.0 0.0 0.0 0.0 0.0 0.0 0.0 0.0 0.0 0.0 0.0;
	0.0 0.0 0.0066 0.8814 6.0708 0.0 0.0 0.0 14.8244 11.1703 3.6995 20.2294;
	0.0 0.0 0.0 2.344 6.6202 0.0 0.0 0.0 0.0 32.6486 7.7664 59.1269;
	0.0 0.0 0.0 3.9159 6.5412 0.0 0.0 0.0 0.0 70.0143 23.7621 126.7963;
	0.1811 0.0947 0.7935 5.1932 5.9275 37.2339 4.6542 5.1277 70.2958 180.6984 51.5096 327.2459;
	0.6392 0.7213 1.0755 5.2136 6.9174 84.0265 10.5033 18.4748 134.2701 253.9407 58.582 459.8882;
	0.7905 0.7805 0.9205 5.5168 8.3741 97.7419 12.2177 24.3951 176.3704 292.1647 51.0844 529.1121;
	0.6335 0.1545 0.36 6.0208 8.9197 107.4928 13.4366 24.1725 172.949 339.4447 50.3719 614.7363;
	0.5286 0.0 0.2724 4.8036 6.2721 68.949 8.6186 14.2872 142.4496 275.9176 34.0002 499.6885;
	0.5518 0.0 0.6266 2.2493 4.2723 57.365 7.1706 10.543 117.0416 114.365 14.781 207.1156;
	1.397 0.9499 1.7477 0.4665 0.8728 51.6944 6.4618 5.7213 56.2316 15.5139 0.0 28.0958;
	0.4451 0.3392 0.3299 0.4095 0.9901 32.7062 4.0883 6.1693 23.5899 19.0924 8.7454 34.5765;
	0.0 0.0 0.0 0.0 0.0 0.0 0.0 0.0 0.0 0.0 0.0 0.0;
	0.0 0.0 0.0 0.0 0.0 0.0 0.0 0.0 0.0 0.0 0.0 0.0;
	0.0 0.0 0.0 0.0 0.0 0.0 0.0 0.0 0.0 0.0 0.0 0.0;
	0.0 0.0 0.0 0.0 0.0 0.0 0.0 0.0 0.0 0.0 0.0 0.0;
	0.0 0.0 0.0 0.0 0.0 0.0 0.0 0.0 0.0 0.0 0.0 0.0;
	0.0 0.0 0.0 0.0 0.0 0.0 0.0 0.0 0.0 0.0 0.0 0.0;
	0.0 0.0 0.0 0.0 0.0 0.0 0.0 0.0 0.0 0.0 0.0 0.0;
];
