function loadprofile = ex_load_profilesh1
%EX_LOAD_PROFILE  Example load profile data file for stochastic unit commitment.
% 2022.03.12
% Andres F. Ramirez

%% define constants
[CT_LABEL, CT_PROB, CT_TABLE, CT_TBUS, CT_TGEN, CT_TBRCH, CT_TAREABUS, ...
    CT_TAREAGEN, CT_TAREABRCH, CT_ROW, CT_COL, CT_CHGTYPE, CT_REP, ...
    CT_REL, CT_ADD, CT_NEWVAL, CT_TLOAD, CT_TAREALOAD, CT_LOAD_ALL_PQ, ...
    CT_LOAD_FIX_PQ, CT_LOAD_DIS_PQ, CT_LOAD_ALL_P, CT_LOAD_FIX_P, ...
    CT_LOAD_DIS_P, CT_TGENCOST, CT_TAREAGENCOST, CT_MODCOST_F, ...
    CT_MODCOST_X] = idx_ct;

loadprofile = struct( ...
    'type', 'mpcData', ...
    'table', CT_TAREALOAD, ...
    'rows', [1:11], ...
    'col', CT_LOAD_ALL_P, ...
    'chgtype', 1, ...
    'values', [] );
loadprofile.values(:,1,:) = [
	1421.7491 941.2 1660.8659 554.0278 857.5537 1169.8647 912.3295 259.7065 508.1511 4857.6034 1883.3099;
	1410.8 905.4637 1618.9967 528.8257 848.348 1152.813 874.0264 256.6474 477.8 4547.4317 1782.8467;
	1393.4 914.993 1617.1348 500.5249 826.2057 1145.084 870.3571 242.4 468.0557 4531.612 1753.859;
	1413.6242 935.3083 1630.7906 522.1632 835.1951 1150.1054 883.2471 258.6 488.0812 4544.7144 1760.6911;
	1495.863 987.3728 1673.454 574.0 843.2927 1218.2 922.1 255.8551 517.2262 4655.4 1854.415;
	1544.6 1033.7985 1747.3833 585.2398 913.8 1300.399 986.1152 284.9673 558.745 4825.8891 1978.8901;
	1580.2019 1058.508 1763.0 584.1953 960.209 1349.63 1042.0407 301.0459 592.3834 5100.4272 2098.6687;
	1667.0762 1126.0 1816.3136 602.6877 1003.466 1417.2073 1100.5535 318.3 630.4308 5171.5051 2245.1092;
	1629.1 1109.7 1848.7299 602.1037 1027.0085 1436.9003 1121.8408 329.7677 632.59 5317.8 2309.3226;
	1639.3537 1103.06 1802.0 591.6208 1006.3169 1370.8246 1130.2118 326.3 652.5 5522.9679 2394.8515;
	1640.0945 1108.9785 1833.4241 574.4265 977.4392 1345.2917 1095.7 328.3109 643.0785 5557.2974 2332.6137;
	1579.3227 1076.0789 1806.724 571.1 912.6 1314.2008 1056.048 318.3 633.2 5464.8514 2235.5949;
	1584.7489 1076.6403 1771.9729 564.4264 908.0162 1275.2403 1035.408 313.898 604.1329 5438.2964 2156.1385;
	1588.9791 1084.0705 1752.3193 563.3382 915.1116 1301.265 1044.3907 314.3548 608.164 5421.5371 2234.2296;
	1600.2279 1101.6826 1767.9384 557.9452 903.7928 1260.665 1037.4707 302.9865 603.3201 5412.7103 2282.2822;
	1626.6397 1166.5749 1877.1475 578.7 984.3481 1442.98 1101.0841 325.1196 653.7922 5503.7298 2424.8089;
	1684.5 1139.3013 1868.0057 581.0043 996.0 1427.1553 1112.7063 319.3696 673.7 5502.4545 2418.5249;
	1732.9856 1197.8346 1976.1313 604.2458 1023.4769 1492.9106 1152.6423 334.0993 695.6489 5679.0 2467.1056;
	1795.3413 1207.618 1980.8251 597.8083 1017.2167 1474.5 1159.0498 336.6913 725.5385 5785.5848 2582.0445;
	1749.9802 1206.147 1921.1564 583.4555 981.1147 1380.6943 1093.9512 316.149 689.5336 5595.8032 2352.0389;
	1692.8857 1123.9147 1859.2057 551.6968 895.5 1317.0304 1063.7 304.9637 661.3 5465.8803 2190.5401;
	1636.3 1042.1 1736.1576 528.0803 838.7 1218.0902 1016.7298 294.1638 615.1185 5195.6352 2004.8399;
	1510.0271 941.6042 1642.9669 531.6416 799.3222 1084.1076 893.9882 276.6 532.1667 4763.0 1760.9;
	1485.9 965.305 1696.1438 540.0596 812.9887 1093.0528 873.4413 283.7544 523.3932 4689.8642 1739.2112;
];
