function loadprofile = ex_load_profilesh1
%EX_LOAD_PROFILE  Example load profile data file for stochastic unit commitment.
% 2022.03.12
% Andres F. Ramirez

%% define constants
[CT_LABEL, CT_PROB, CT_TABLE, CT_TBUS, CT_TGEN, CT_TBRCH, CT_TAREABUS, ...
    CT_TAREAGEN, CT_TAREABRCH, CT_ROW, CT_COL, CT_CHGTYPE, CT_REP, ...
    CT_REL, CT_ADD, CT_NEWVAL, CT_TLOAD, CT_TAREALOAD, CT_LOAD_ALL_PQ, ...
    CT_LOAD_FIX_PQ, CT_LOAD_DIS_PQ, CT_LOAD_ALL_P, CT_LOAD_FIX_P, ...
    CT_LOAD_DIS_P, CT_TGENCOST, CT_TAREAGENCOST, CT_MODCOST_F, ...
    CT_MODCOST_X] = idx_ct;

loadprofile = struct( ...
    'type', 'mpcData', ...
    'table', CT_TAREALOAD, ...
    'rows', [1:11], ...
    'col', CT_LOAD_ALL_P, ...
    'chgtype', 1, ...
    'values', [] );
loadprofile.values(:,1,:) = [
	1558.4011 911.2 1578.2179 571.6877 776.7057 1227.6805 926.3611 266.5818 546.2 4721.528 1824.2836;
	1504.6498 888.5179 1559.84 568.7 763.6754 1182.7247 886.4 257.3317 519.2 4588.819 1747.0329;
	1502.985 887.7787 1561.9902 570.7326 774.2993 1181.2328 903.2764 262.315 525.1122 4573.5727 1762.5244;
	1539.4267 905.9368 1590.1301 579.4 789.6918 1208.1318 921.42 270.0738 531.2 4654.9626 1798.1744;
	1552.3142 942.4092 1652.6417 596.6 801.5792 1258.0753 951.5 285.9 545.8 4721.519 1842.3765;
	1567.6017 968.85 1700.3176 596.3866 851.3573 1303.6384 994.2814 315.1 570.4967 4931.5 1934.2957;
	1602.5457 1018.2 1748.8796 608.0567 884.4539 1353.9546 1015.0423 330.8422 580.5305 5033.7121 1940.4356;
	1617.1 1043.1744 1773.7648 617.943 912.5875 1397.0397 1076.9 357.3746 609.8 5217.6821 2011.6646;
	1648.5922 1061.3994 1815.3643 613.789 922.402 1410.7706 1116.1721 355.3757 622.8037 5375.0975 1986.1693;
	1680.8 1080.6043 1825.3808 606.3 913.9711 1428.9996 1129.1092 365.035 624.7516 5581.3118 2016.2659;
	1703.6 1101.2 1853.9725 598.7428 899.8578 1464.4547 1068.2336 353.8514 631.7393 5559.998 1981.7608;
	1683.7846 1105.18 1820.5539 582.1783 885.927 1418.7 1034.3922 347.8 614.1631 5498.1654 1923.9953;
	1673.2289 1080.5014 1802.4568 574.4 897.6194 1406.3066 1048.2991 352.9521 618.3021 5507.1674 1945.3183;
	1654.1 1077.0892 1781.9426 581.0201 870.9949 1426.4 1082.9836 360.6617 634.1995 5552.9892 1983.4943;
	1667.0116 1096.0103 1812.8016 587.9 851.9259 1430.4106 1051.8326 336.4347 636.5234 5449.4426 1998.0191;
	1692.6009 1132.6468 1868.5 597.1599 911.5457 1511.5977 1103.9145 329.7669 648.9493 5524.5659 2076.9559;
	1758.0885 1162.2 1901.617 600.1361 915.8223 1516.2964 1143.8528 324.5354 670.6 5631.8228 2180.1485;
	1758.3 1198.5734 1958.687 619.833 950.431 1556.1081 1156.6 338.8066 687.2178 5722.1654 2312.6737;
	1802.9238 1238.0774 1971.6361 610.7901 947.3069 1522.4614 1159.8523 360.1734 679.9741 6049.6255 2332.3544;
	1774.6102 1185.6401 1900.2991 597.0804 875.5245 1450.0 1131.0279 345.1 675.2536 5944.0785 2257.2709;
	1759.5198 1142.89 1807.6869 571.83 814.2112 1344.0272 1055.504 326.7669 633.1 5836.9711 2136.8905;
	1664.8819 1068.5741 1658.6671 548.7 722.7754 1248.6227 972.8552 302.3132 571.9952 5494.7552 1950.6774;
	1534.4475 960.6447 1590.5891 558.45 698.0382 1123.8673 906.0499 283.6482 528.3 5299.6551 1735.8603;
	1505.645 931.9 1612.4122 553.2 761.8739 1126.6509 884.8 265.7595 509.0211 4794.5122 1648.1861;
];
