function windprofile = ex_wind_profilesh1
%EX_WIND_PROFILE_D  Example wind_load_nyiso profile data for deterministic unit commitment.
% 2022.03.12
% Andres F. Ramirez


%% define constants
[GEN_BUS, PG, QG, QMAX, QMIN, VG, MBASE, GEN_STATUS, PMAX, PMIN, ...
    MU_PMAX, MU_PMIN, MU_QMAX, MU_QMIN, PC1, PC2, QC1MIN, QC1MAX, ...
    QC2MIN, QC2MAX, RAMP_AGC, RAMP_10, RAMP_30, RAMP_Q, APF] = idx_gen;
[CT_LABEL, CT_PROB, CT_TABLE, CT_TBUS, CT_TGEN, CT_TBRCH, CT_TAREABUS, ...
    CT_TAREAGEN, CT_TAREABRCH, CT_ROW, CT_COL, CT_CHGTYPE, CT_REP, ...
    CT_REL, CT_ADD, CT_NEWVAL, CT_TLOAD, CT_TAREALOAD, CT_LOAD_ALL_PQ, ...
    CT_LOAD_FIX_PQ, CT_LOAD_DIS_PQ, CT_LOAD_ALL_P, CT_LOAD_FIX_P, ...
    CT_LOAD_DIS_P, CT_TGENCOST, CT_TAREAGENCOST, CT_MODCOST_F, ...
    CT_MODCOST_X] = idx_ct;

windprofile = struct( ...
    'type', 'mpcData', ...
    'table', CT_TGEN, ...
    'rows', [1:45], ...
    'col', PMAX, ...
    'chgtype', 1, ...
    'values', [] );
windprofile.values(:,1,:) = [
	3.9023 52.7292 87.0702 119.8569 15.0723 35.4676 31.0995 7.8217 27.9029 12.3022 22.7404 33.9242 51.0726 41.6487 190.5425 71.7858 89.0675 94.385 85.3873 72.4538 10.3665 82.7578 30.9538 41.8324 49.9367 30.1525 5.2977 1215.4189 778.3447 778.3447 616.1742 86.7395 284.6244 186.4962 130.5743 332.0938 1213.5673 200.9307 453.7956 133.7589 111.1477 393.454 209.0729 125.8612 1226.2086;
	3.3721 45.5643 79.9723 50.5695 14.9653 27.9291 30.9312 7.8146 11.0242 12.5172 23.1378 34.5171 51.9653 36.7477 191.1953 72.0317 89.3727 94.7084 85.1062 72.0795 10.3104 65.168 22.9021 40.8237 42.5899 30.1367 5.5571 1263.5331 772.1083 772.1083 650.9078 77.5079 283.6872 185.5327 115.209 329.4329 1248.4789 191.9723 447.0505 114.0802 113.2564 309.8272 202.4751 106.6086 1261.4839;
	3.3152 44.795 88.1193 52.782 15.034 23.8626 31.469 6.9777 10.6953 13.3745 24.7225 36.8811 55.5243 39.5732 194.7957 73.3881 91.0557 96.4918 84.1675 66.4223 10.4897 55.6795 24.9479 40.4458 39.1365 28.2152 5.9388 1245.1522 788.8324 788.8324 640.1694 91.5978 280.5585 170.9711 124.0674 336.5685 1222.3593 195.5844 451.4244 104.8299 27.9475 264.7162 210.6538 131.3711 1235.0922;
	3.6356 49.1247 86.5251 55.592 15.1374 14.1161 31.5864 8.42 12.0871 13.9141 25.7199 38.3691 57.7644 26.9685 194.0978 73.1252 90.7294 96.1461 82.6232 68.2999 10.5288 32.9377 28.541 41.8355 41.7277 34.0852 5.8348 1261.6324 796.7854 796.7854 616.602 97.268 275.4106 175.8041 84.5498 339.9618 1246.5196 220.7536 449.276 111.7707 33.7744 156.595 209.3654 123.4254 1259.5042;
	3.8706 52.3005 83.0731 44.3625 14.9326 22.2863 31.5199 7.928 13.2701 12.0618 22.2961 33.2614 50.0748 31.0939 188.9943 71.2025 88.3439 93.6181 87.9115 70.2139 10.5066 52.0013 3.3514 30.4584 40.9642 65.1628 5.4272 1263.186 779.4732 779.4732 681.4689 99.9611 293.0384 180.7307 97.4836 332.5752 1235.3465 232.9052 457.4416 109.7256 32.9594 247.2289 206.7193 200.791 1248.2147;
	3.8047 51.4094 92.8428 111.9457 14.8141 33.543 30.4224 7.3845 13.0573 13.1402 24.2895 36.2351 54.5518 26.6043 196.6354 74.0812 91.9156 97.4031 90.0061 72.7377 10.1408 78.267 0.9339 32.4687 54.1423 68.0594 5.2667 1219.4921 778.8627 778.8627 724.1877 110.8628 300.0202 187.2271 83.4079 332.3148 1244.1489 234.2769 460.4906 145.024 65.5103 372.1038 203.8743 246.1069 1257.1087;
	3.8871 52.5226 91.7986 114.4767 14.7928 34.0386 29.9291 11.0068 12.1284 12.1795 22.5136 33.5858 50.5633 36.7035 196.1637 73.9036 91.6951 97.1695 77.1325 73.5175 9.9764 79.4234 5.3178 52.3979 100.8066 74.2671 10.8315 1120.2 793.3027 793.3027 714.8711 113.6641 257.1082 189.2343 115.0705 338.4758 1243.8985 269.7666 454.8562 270.0177 107.3784 377.6015 208.4364 281.1281 1256.8558;
	3.8615 52.1779 90.4242 115.6995 14.6543 34.8102 29.7398 18.6337 11.3346 11.544 21.339 31.8336 47.9253 62.8054 192.8281 72.6469 90.1359 95.5172 74.5232 67.5117 9.9133 81.2237 1.1243 60.8583 104.7507 75.6755 13.6661 1035.3688 789.3405 789.3405 725.2847 115.6496 248.4108 173.7754 196.9033 336.7853 1228.9061 269.3697 446.9755 280.5822 117.6802 386.1608 210.0956 284.6636 1241.7073;
	3.859 52.1435 91.4969 113.4957 14.5662 34.675 30.3475 17.8852 10.1215 11.9906 22.1645 33.0651 49.7793 66.2577 199.8735 75.3012 93.4293 99.0071 42.2859 70.9219 10.1158 80.9082 1.8735 87.9378 104.0988 73.6253 13.5782 832.4267 821.0884 821.0884 772.394 117.2364 140.9531 182.5532 207.7268 350.331 1252.7673 302.772 470.1357 278.8362 120.7134 384.6608 214.0003 280.5172 1265.8169;
	3.8492 52.0117 92.1464 115.7843 14.8994 34.4177 29.7011 17.3702 22.0527 10.2495 18.946 28.2636 42.5508 64.0898 193.6129 72.9425 90.5028 95.9059 42.0412 66.9503 9.9004 80.308 12.356 88.1066 98.97 71.0712 12.9666 627.1214 810.5075 810.5075 744.6589 112.1146 140.1374 172.3301 200.9301 345.8165 1097.0836 260.7831 467.5207 265.0983 117.7695 381.8073 211.8084 273.5312 1108.5115;
	3.8299 51.7504 89.3031 111.8191 14.6907 33.1832 29.4221 17.1184 28.2928 15.9499 29.4831 43.983 66.2161 68.9147 196.312 73.9594 91.7645 97.2429 23.1682 69.6123 9.8074 77.4274 0.7546 82.2423 96.6695 70.8573 12.9611 455.3751 790.5612 790.5612 742.9345 103.8255 77.2275 179.1823 216.0569 337.3061 944.9969 256.3908 465.056 258.9362 116.7287 368.1121 206.7329 260.0775 954.8407;
	3.3919 45.8324 89.2383 115.8441 14.5895 31.0836 28.6623 17.335 28.4485 18.46 34.1231 50.9049 76.637 69.5542 196.42 74.0001 91.8149 97.2964 52.54 69.9777 9.5541 72.5285 27.9676 84.288 97.6289 72.8799 12.4254 321.7473 765.8192 765.8192 701.9556 108.862 175.1334 180.1228 218.0619 326.7495 764.7516 241.2803 467.6227 261.506 118.3218 344.8213 192.9556 258.4832 772.7177;
	2.2041 29.7818 89.3576 112.4243 14.275 19.9819 25.1067 17.8085 28.4132 27.8471 51.475 76.7906 115.6079 69.2346 197.8847 74.5519 92.4996 98.022 91.2333 70.156 8.3689 46.6245 56.2842 85.3325 97.0471 72.1546 13.4433 330.0319 693.7923 693.7923 631.6382 106.2437 304.1109 180.5817 217.0599 296.0181 680.758 226.024 449.3239 259.9475 116.1843 221.6661 179.0375 265.5071 687.8492;
	2.2664 30.6244 88.4853 114.8938 14.3624 11.5939 23.7243 18.0361 27.846 30.8589 57.0422 85.0957 128.1111 68.2445 200.2845 75.456 93.6213 99.2107 91.1889 70.837 7.9081 27.0525 71.8748 89.0316 100.3993 75.1527 13.5104 306.9105 576.3972 576.3972 565.8864 103.1295 303.963 182.3347 213.9558 245.9295 497.309 204.6022 448.8962 268.9267 119.803 128.6152 138.8299 268.2762 502.4893;
	2.2732 30.7157 89.2426 115.6574 13.0385 2.1838 19.4919 18.0391 27.8809 29.4819 54.4968 81.2985 122.3944 65.782 201.98 76.0948 94.4139 100.0506 88.6478 73.703 6.4973 5.0955 72.4105 88.7259 103.0147 75.1685 13.6703 463.1273 462.658 462.658 407.0432 87.3339 295.4926 189.7117 206.2353 197.4007 430.5093 184.958 444.9263 275.9323 118.5372 24.2254 118.2482 258.6357 434.9938;
	3.4352 46.4169 89.0521 87.3401 14.5735 25.7765 15.1136 17.9119 23.5414 28.9543 53.5215 79.8436 120.2041 58.2298 197.8166 74.5262 92.4677 97.9882 88.9519 72.693 5.0379 60.1451 72.1665 86.9031 100.0291 73.7628 13.3933 499.3291 531.1731 531.1731 403.0426 45.6779 296.5063 187.112 182.5582 226.6339 515.7959 165.1626 454.5974 267.935 120.1991 285.9472 88.3796 267.3768 521.1688;
	3.1434 42.4737 86.9751 57.1809 14.5875 31.4413 12.0434 18.2096 25.9319 25.3641 46.8851 69.9433 105.2993 59.6122 190.3836 71.7259 88.9933 94.3063 85.3647 69.5486 4.0145 73.3629 71.1063 86.924 103.77 73.9395 13.5481 567.6073 569.0412 569.0412 414.8598 27.6553 284.549 179.0183 186.8923 242.7909 620.8306 118.735 157.2218 277.9553 116.9687 348.7884 104.4533 262.9076 627.2976;
	3.6994 49.9874 86.6655 58.3611 15.0346 32.9716 26.7711 18.477 26.7727 11.6924 21.6132 32.2427 48.5412 62.942 178.3417 67.1892 83.3644 88.3413 76.3033 70.5175 8.9237 76.9337 50.4032 87.1491 104.4304 73.5144 13.379 741.5634 640.401 640.401 389.4263 26.5171 254.3443 181.5121 197.3317 273.2377 865.5286 82.8535 380.6339 279.7242 119.9746 365.7649 114.9181 263.5381 874.5445;
