function loadprofile = ex_load_profilesh1
%EX_LOAD_PROFILE  Example load profile data file for stochastic unit commitment.
% 2022.03.12
% Andres F. Ramirez

%% define constants
[CT_LABEL, CT_PROB, CT_TABLE, CT_TBUS, CT_TGEN, CT_TBRCH, CT_TAREABUS, ...
    CT_TAREAGEN, CT_TAREABRCH, CT_ROW, CT_COL, CT_CHGTYPE, CT_REP, ...
    CT_REL, CT_ADD, CT_NEWVAL, CT_TLOAD, CT_TAREALOAD, CT_LOAD_ALL_PQ, ...
    CT_LOAD_FIX_PQ, CT_LOAD_DIS_PQ, CT_LOAD_ALL_P, CT_LOAD_FIX_P, ...
    CT_LOAD_DIS_P, CT_TGENCOST, CT_TAREAGENCOST, CT_MODCOST_F, ...
    CT_MODCOST_X] = idx_ct;

loadprofile = struct( ...
    'type', 'mpcData', ...
    'table', CT_TAREALOAD, ...
    'rows', [1:11], ...
    'col', CT_LOAD_ALL_P, ...
    'chgtype', 1, ...
    'values', [] );
loadprofile.values(:,1,:) = [
	1566.0891 925.2 1546.4996 583.294 810.5314 1186.2807 903.4 287.0937 505.4 4716.4247 1795.065;
	1535.2756 906.7647 1537.2401 577.039 816.5435 1181.591 894.0035 285.5967 487.3916 4596.7245 1760.8;
	1516.7 902.2099 1542.2336 558.2 802.3255 1156.4845 886.7 282.4203 484.6182 4506.6663 1734.1972;
	1536.9781 920.8977 1569.8481 571.0438 816.7122 1186.8236 889.657 279.1699 515.0162 4553.667 1746.4075;
	1555.344 953.7 1618.5168 608.4063 848.1069 1230.8842 902.0964 296.746 532.4834 4588.5881 1779.6312;
	1600.6047 1005.8 1708.6773 615.0154 926.3842 1316.0045 954.0111 311.5448 569.433 4809.3963 1872.7526;
	1622.4704 1027.0 1759.3 619.5596 941.4865 1372.9 1012.1007 321.6332 611.9054 4943.6976 1829.095;
	1659.7887 1053.3075 1758.5128 621.1846 938.796 1461.1218 1100.4503 360.6512 657.9762 5180.4 1961.1776;
	1693.0512 1070.4091 1828.8144 611.8929 999.7354 1537.3035 1146.1226 382.6173 683.5398 5328.5854 1980.8689;
	1740.9461 1093.6281 1844.2509 605.4768 997.6 1525.7 1155.7 380.073 678.1947 5394.0875 2019.7431;
	1760.5496 1100.4 1840.6097 597.9494 1008.4091 1555.9 1223.4506 380.4022 723.4585 5509.4644 2084.6583;
	1719.0858 1095.1069 1792.5093 577.9407 968.7748 1504.3972 1125.2166 374.9318 683.1205 5484.1461 1999.532;
	1736.9339 1092.1 1746.2691 580.6 970.1762 1487.5319 1086.2606 384.9314 708.0858 5391.0647 2024.3883;
	1707.5068 1094.3965 1769.791 584.0136 960.5293 1459.4445 1055.5644 402.2865 701.835 5292.202 2082.2219;
	1724.5626 1145.4227 1795.7139 572.2 996.4856 1452.4767 1066.4 419.9563 666.9032 5298.943 2143.3594;
	1721.9269 1170.7163 1831.8814 585.9088 1008.0881 1496.4734 1107.4887 407.7094 673.4935 5359.8957 2209.3726;
	1760.4508 1163.7969 1858.5861 577.5 1074.4729 1521.3915 1147.6717 419.1729 696.8872 5501.2667 2262.2469;
	1767.5134 1191.9 1918.4631 584.7918 1085.8876 1554.036 1162.9436 412.7 733.2977 5579.3662 2381.855;
	1757.7 1167.6898 1903.5016 600.3054 1056.5801 1495.1916 1133.5 395.18 731.3165 5431.6632 2351.3;
	1756.6 1165.1685 1868.8657 578.4996 1021.9796 1452.4653 1106.5873 370.4711 700.3717 5485.811 2284.186;
	1737.4658 1132.9225 1782.2 542.9863 958.4167 1391.99 1035.9 347.1081 670.8662 5312.5507 2158.1653;
	1668.2435 1066.7565 1676.6034 528.3 885.7309 1290.1 967.5537 314.9212 596.9 5050.0125 1974.6;
	1535.4723 957.0592 1567.1423 518.5459 852.6162 1139.5796 910.0 278.2632 531.4 4661.2423 1746.8449;
	1505.3 950.2056 1548.2538 540.8208 821.9643 1145.6441 873.0 254.1636 507.8797 4506.7371 1666.205;
];
