function loadprofile = ex_load_profilesh1
%EX_LOAD_PROFILE  Example load profile data file for stochastic unit commitment.
% 2022.03.12
% Andres F. Ramirez

%% define constants
[CT_LABEL, CT_PROB, CT_TABLE, CT_TBUS, CT_TGEN, CT_TBRCH, CT_TAREABUS, ...
    CT_TAREAGEN, CT_TAREABRCH, CT_ROW, CT_COL, CT_CHGTYPE, CT_REP, ...
    CT_REL, CT_ADD, CT_NEWVAL, CT_TLOAD, CT_TAREALOAD, CT_LOAD_ALL_PQ, ...
    CT_LOAD_FIX_PQ, CT_LOAD_DIS_PQ, CT_LOAD_ALL_P, CT_LOAD_FIX_P, ...
    CT_LOAD_DIS_P, CT_TGENCOST, CT_TAREAGENCOST, CT_MODCOST_F, ...
    CT_MODCOST_X] = idx_ct;

loadprofile = struct( ...
    'type', 'mpcData', ...
    'table', CT_TAREALOAD, ...
    'rows', [1:11], ...
    'col', CT_LOAD_ALL_P, ...
    'chgtype', 1, ...
    'values', [] );
loadprofile.values(:,1,:) = [
	1526.9 908.3 1530.5105 578.9 829.969 1231.4425 876.1375 277.7 528.1703 4671.2231 1708.2098;
	1491.1653 887.6425 1516.6526 573.3559 812.5198 1223.3637 862.9062 271.9 505.8156 4513.2831 1601.6566;
	1485.6655 886.0872 1511.1924 569.9 826.3109 1215.589 859.7121 280.6 493.528 4445.1815 1632.6;
	1510.9 922.9192 1552.7 575.3316 826.9 1202.3122 884.1596 285.7747 522.4286 4567.4615 1719.1564;
	1546.4676 963.8662 1622.0899 580.7 891.6421 1238.897 928.437 300.8854 546.6999 4676.9473 1832.562;
	1585.1 978.2567 1670.1568 594.1 921.4634 1307.3015 981.3 318.1 570.8302 4820.2593 1840.7315;
	1641.362 1009.7 1717.5608 598.6378 943.362 1389.3167 1023.7393 336.0 597.1217 5014.309 1884.6217;
	1705.5976 1046.4489 1771.6 589.3097 959.2708 1431.6168 1067.1339 348.7302 608.0591 5214.3522 1932.0092;
	1752.0746 1053.9924 1807.6595 590.8687 991.9933 1448.3907 1095.3003 367.1354 628.9322 5434.1605 1959.662;
	1775.3717 1069.8985 1814.4946 593.7526 1010.7304 1425.7946 1143.682 363.8412 646.5793 5534.8378 1930.7603;
	1798.9624 1062.7852 1824.8703 580.3 1008.9882 1393.4819 1140.7 358.4126 662.8681 5653.6321 2027.7274;
	1759.1298 1039.8528 1792.4781 578.0 1008.1701 1365.1526 1128.8973 346.7809 650.5065 5491.0069 1962.6658;
	1753.8 1030.1434 1772.245 567.0277 1005.5 1404.0998 1138.2405 359.0905 648.0 5476.2672 1981.0092;
	1705.0187 1019.2062 1762.2067 542.7728 963.0443 1425.4997 1087.8712 362.3098 630.7862 5451.7351 1988.5838;
	1696.671 1043.8463 1816.5305 563.7234 977.7663 1440.675 1107.4365 386.2825 648.2 5491.1077 2049.813;
	1695.5774 1057.6193 1797.4244 569.5483 948.7919 1408.2816 1103.6262 367.5705 638.1307 5455.3005 2096.5746;
	1697.2835 992.5726 1815.4227 566.9829 991.2015 1426.0 1116.5397 398.8763 658.9193 5298.0703 1917.5534;
	1804.1091 1120.3487 1924.2 588.2168 1054.2998 1528.32 1167.548 399.2079 688.0121 5549.8153 2251.6086;
	1771.5299 1108.8239 1910.4641 575.6 1028.045 1505.223 1168.0 406.885 711.5 5562.0316 2326.5305;
	1750.6955 1048.7 1830.4271 561.4852 960.3 1427.8497 1099.1297 373.211 687.2533 5471.374 2227.7875;
	1713.1127 1011.9402 1732.2164 538.206 895.0808 1343.8055 1054.4 343.5981 649.7 5297.1 2085.1827;
	1633.2 956.3637 1622.8178 516.6097 836.7334 1240.0 933.8519 296.9224 601.9 4923.9605 1883.6016;
	1619.4075 875.2727 1478.4448 513.2961 797.8298 1119.4406 877.4727 272.8566 542.6735 4670.266 1688.4743;
	1555.8893 883.1942 1475.9642 514.3951 799.5716 1106.171 848.2323 283.7023 517.148 4501.3207 1658.2624;
];
