function solarprofile = ex_solar_profilesh1
%EX_WIND_PROFILE_D  Example wind_load_nyiso profile data for deterministic unit commitment.
% 2022.03.12
% Andres F. Ramirez


%% define constants
[GEN_BUS, PG, QG, QMAX, QMIN, VG, MBASE, GEN_STATUS, PMAX, PMIN, ...
    MU_PMAX, MU_PMIN, MU_QMAX, MU_QMIN, PC1, PC2, QC1MIN, QC1MAX, ...
    QC2MIN, QC2MAX, RAMP_AGC, RAMP_10, RAMP_30, RAMP_Q, APF] = idx_gen;
[CT_LABEL, CT_PROB, CT_TABLE, CT_TBUS, CT_TGEN, CT_TBRCH, CT_TAREABUS, ...
    CT_TAREAGEN, CT_TAREABRCH, CT_ROW, CT_COL, CT_CHGTYPE, CT_REP, ...
    CT_REL, CT_ADD, CT_NEWVAL, CT_TLOAD, CT_TAREALOAD, CT_LOAD_ALL_PQ, ...
    CT_LOAD_FIX_PQ, CT_LOAD_DIS_PQ, CT_LOAD_ALL_P, CT_LOAD_FIX_P, ...
    CT_LOAD_DIS_P, CT_TGENCOST, CT_TAREAGENCOST, CT_MODCOST_F, ...
    CT_MODCOST_X] = idx_ct;

solarprofile = struct( ...
    'type', 'mpcData', ...
    'table', CT_TGEN, ...
    'rows', [1:12], ...
    'col', PMAX, ...
    'chgtype', 1, ...
    'values', [] );
solarprofile.values(:,1,:) = [
	0.0 0.0 0.0 0.0 0.0 0.0 0.0 0.0 0.0 0.0 0.0 0.0;
	0.0 0.0 0.0 0.0 0.0 0.0 0.0 0.0 0.0 0.0 0.0 0.0;
	0.0 0.0 0.0 0.0 0.0 0.0 0.0 0.0 0.0 0.0 0.0 0.0;
	0.0 0.0 0.0 0.0 0.0 0.0 0.0 0.0 0.0 0.0 0.0 0.0;
	0.0 0.0 0.0 0.0 0.0 0.0 0.0 0.0 0.0 0.0 0.0 0.0;
	0.0 0.0 0.0 0.0 0.0 0.0 0.0 0.0 0.0 0.0 0.0 0.0;
	1.9027 0.3249 0.2401 0.3483 1.1782 18.519 2.3149 1.3357 54.5482 15.7914 5.1002 28.5983;
	1.7637 0.5132 0.1293 0.9914 2.6259 10.84 1.355 0.0 63.621 78.8054 4.461 142.7171;
	1.6115 0.8084 0.254 1.5052 3.6105 13.1045 1.6381 0.0 86.3827 121.4125 5.2836 219.8789;
	2.5817 2.1851 0.9471 1.0248 3.6444 33.4939 4.1867 0.0027 144.4722 179.3301 12.4678 324.7679;
	2.249 1.9954 0.7574 0.8951 4.0635 64.5991 8.0749 2.1568 138.2873 240.2992 19.9366 435.1834;
	1.3102 1.1611 0.1979 1.0456 4.1521 67.2438 8.4055 3.6123 113.1079 195.4452 21.903 353.9524;
	0.8215 0.723 0.0 2.3991 2.7145 29.8854 3.7357 9.9359 59.6383 80.5205 18.8968 145.8231;
	0.8741 0.8777 0.076 1.9462 1.3814 3.2624 0.4078 6.3737 32.9388 42.182 14.0402 76.3918;
	1.2942 1.3701 0.5814 1.2734 0.4923 0.0 0.0 4.7015 20.027 26.7185 11.0861 48.3874;
	1.9006 1.9372 1.7191 0.3967 0.0 0.0 0.0 1.9752 10.687 34.0725 13.3874 61.7055;
	0.3124 0.3152 0.1927 0.4372 0.5184 28.5754 3.5719 6.9904 22.1735 22.1186 10.3768 40.0569;
	0.0 0.0 0.0 0.0 0.0 0.0 0.0 0.0 0.0 0.0 0.0 0.0;
	0.0 0.0 0.0 0.0 0.0 0.0 0.0 0.0 0.0 0.0 0.0 0.0;
	0.0 0.0 0.0 0.0 0.0 0.0 0.0 0.0 0.0 0.0 0.0 0.0;
	0.0 0.0 0.0 0.0 0.0 0.0 0.0 0.0 0.0 0.0 0.0 0.0;
	0.0 0.0 0.0 0.0 0.0 0.0 0.0 0.0 0.0 0.0 0.0 0.0;
	0.0 0.0 0.0 0.0 0.0 0.0 0.0 0.0 0.0 0.0 0.0 0.0;
	0.0 0.0 0.0 0.0 0.0 0.0 0.0 0.0 0.0 0.0 0.0 0.0;
];
