function solarprofile = ex_solar_profilesh1
%EX_WIND_PROFILE_D  Example wind_load_nyiso profile data for deterministic unit commitment.
% 2022.03.12
% Andres F. Ramirez


%% define constants
[GEN_BUS, PG, QG, QMAX, QMIN, VG, MBASE, GEN_STATUS, PMAX, PMIN, ...
    MU_PMAX, MU_PMIN, MU_QMAX, MU_QMIN, PC1, PC2, QC1MIN, QC1MAX, ...
    QC2MIN, QC2MAX, RAMP_AGC, RAMP_10, RAMP_30, RAMP_Q, APF] = idx_gen;
[CT_LABEL, CT_PROB, CT_TABLE, CT_TBUS, CT_TGEN, CT_TBRCH, CT_TAREABUS, ...
    CT_TAREAGEN, CT_TAREABRCH, CT_ROW, CT_COL, CT_CHGTYPE, CT_REP, ...
    CT_REL, CT_ADD, CT_NEWVAL, CT_TLOAD, CT_TAREALOAD, CT_LOAD_ALL_PQ, ...
    CT_LOAD_FIX_PQ, CT_LOAD_DIS_PQ, CT_LOAD_ALL_P, CT_LOAD_FIX_P, ...
    CT_LOAD_DIS_P, CT_TGENCOST, CT_TAREAGENCOST, CT_MODCOST_F, ...
    CT_MODCOST_X] = idx_ct;

solarprofile = struct( ...
    'type', 'mpcData', ...
    'table', CT_TGEN, ...
    'rows', [1:12], ...
    'col', PMAX, ...
    'chgtype', 1, ...
    'values', [] );
solarprofile.values(:,1,:) = [
	0.0 0.0 0.0 0.0 0.0 0.0 0.0 0.0 0.0 0.0 0.0 0.0;
	0.0 0.0 0.0 0.0 0.0 0.0 0.0 0.0 0.0 0.0 0.0 0.0;
	0.0 0.0 0.0 0.0 0.0 0.0 0.0 0.0 0.0 0.0 0.0 0.0;
	0.0 0.0 0.0 0.0 0.0 0.0 0.0 0.0 0.0 0.0 0.0 0.0;
	0.0 0.0 0.0 0.0 0.0 0.0 0.0 0.0 0.0 0.0 0.0 0.0;
	0.01 0.0018 0.0 0.0 0.0 0.0 0.0 0.0 0.0 0.0 0.0 0.0;
	0.4847 0.3036 0.1525 0.4151 0.7929 0.0 0.0 0.7343 5.8001 15.7899 6.6998 28.5957;
	0.8759 0.3225 0.5584 1.1265 1.2034 0.0 0.0 1.9069 10.72 40.8155 13.5034 73.9171;
	1.4971 0.5422 1.1015 1.8319 2.0611 0.0 0.0 2.8353 14.8384 62.3816 25.0695 112.9734;
	4.091 1.9619 3.2502 1.768 2.9326 14.7461 1.8433 6.061 53.8137 71.3214 66.0813 129.1634;
	3.7055 2.2284 2.4597 1.2408 3.3632 28.6032 3.5754 11.5018 88.9371 74.2589 86.9253 134.4833;
	3.0442 2.1763 2.0622 0.9422 2.4599 44.877 5.6096 15.7214 108.0555 68.9442 63.2921 124.8583;
	3.7138 2.9287 2.0397 2.203 0.9071 108.9811 13.6226 28.7939 98.9417 85.4595 50.4221 154.7677;
	3.1073 2.4619 2.0863 2.5695 0.6088 79.3636 9.9204 19.6199 65.1706 79.0527 41.6476 143.1649;
	2.308 1.9215 1.771 2.7743 0.774 62.763 7.8454 11.0438 38.5394 68.7433 35.3286 124.4945;
	1.6811 1.3618 1.6416 2.6903 1.5118 32.6399 4.08 3.2403 21.7931 82.5786 55.6959 149.5504;
	0.2599 0.2458 0.1681 0.5298 0.9966 30.9255 3.8657 6.9807 30.7954 20.7534 11.5114 37.5845;
	0.0 0.0 0.0 0.0 0.0 0.0 0.0 0.0 0.0 0.0 0.0 0.0;
	0.0 0.0 0.0 0.0 0.0 0.0 0.0 0.0 0.0 0.0 0.0 0.0;
	0.0 0.0 0.0 0.0 0.0 0.0 0.0 0.0 0.0 0.0 0.0 0.0;
	0.0 0.0 0.0 0.0 0.0 0.0 0.0 0.0 0.0 0.0 0.0 0.0;
	0.0 0.0 0.0 0.0 0.0 0.0 0.0 0.0 0.0 0.0 0.0 0.0;
	0.0 0.0 0.0 0.0 0.0 0.0 0.0 0.0 0.0 0.0 0.0 0.0;
	0.0 0.0 0.0 0.0 0.0 0.0 0.0 0.0 0.0 0.0 0.0 0.0;
];
