function windprofile = ex_wind_profilesh1
%EX_WIND_PROFILE_D  Example wind_load_nyiso profile data for deterministic unit commitment.
% 2022.03.12
% Andres F. Ramirez


%% define constants
[GEN_BUS, PG, QG, QMAX, QMIN, VG, MBASE, GEN_STATUS, PMAX, PMIN, ...
    MU_PMAX, MU_PMIN, MU_QMAX, MU_QMIN, PC1, PC2, QC1MIN, QC1MAX, ...
    QC2MIN, QC2MAX, RAMP_AGC, RAMP_10, RAMP_30, RAMP_Q, APF] = idx_gen;
[CT_LABEL, CT_PROB, CT_TABLE, CT_TBUS, CT_TGEN, CT_TBRCH, CT_TAREABUS, ...
    CT_TAREAGEN, CT_TAREABRCH, CT_ROW, CT_COL, CT_CHGTYPE, CT_REP, ...
    CT_REL, CT_ADD, CT_NEWVAL, CT_TLOAD, CT_TAREALOAD, CT_LOAD_ALL_PQ, ...
    CT_LOAD_FIX_PQ, CT_LOAD_DIS_PQ, CT_LOAD_ALL_P, CT_LOAD_FIX_P, ...
    CT_LOAD_DIS_P, CT_TGENCOST, CT_TAREAGENCOST, CT_MODCOST_F, ...
    CT_MODCOST_X] = idx_ct;

windprofile = struct( ...
    'type', 'mpcData', ...
    'table', CT_TGEN, ...
    'rows', [1:45], ...
    'col', PMAX, ...
    'chgtype', 1, ...
    'values', [] );
windprofile.values(:,1,:) = [
	3.8902 52.5657 84.2148 117.0765 14.9755 33.9004 30.7751 7.0551 27.3401 11.7217 21.6673 32.3234 48.6626 42.8471 176.9664 66.6711 82.7215 87.6601 84.4284 68.1079 10.2584 79.1008 26.2722 33.3475 45.9026 26.9838 4.6776 1221.2839 761.0303 761.0303 628.621 91.833 281.4279 175.3099 134.3315 324.7062 1203.2474 208.4452 443.8425 122.9534 110.0343 376.068 211.9984 105.7238 1215.7812;
	3.3456 45.2062 76.1148 47.0013 15.0194 27.9971 30.0632 7.2044 9.7045 11.4825 21.2252 31.6639 47.6698 36.0344 180.7453 68.0948 84.4879 89.532 84.8177 69.6161 10.0211 65.3265 2.4873 35.008 37.9225 27.4727 5.1679 1223.7373 808.3846 808.3846 726.4573 81.3875 282.7257 179.1921 112.9726 344.9108 1238.133 202.0598 441.4292 101.578 107.1214 310.581 213.2207 90.4014 1251.0302;
	3.238 43.7526 87.6274 50.0109 14.979 23.2862 29.7723 6.6592 9.4447 12.7217 23.5158 35.081 52.8142 37.3351 184.97 69.6864 86.4627 91.6247 84.8937 61.1464 9.9241 54.3345 12.8294 35.3358 35.8436 26.7081 5.4809 1228.4438 812.9308 812.9308 719.7027 98.6803 282.979 157.3909 117.0505 346.8505 1235.8301 205.9863 444.6698 96.0095 20.5645 258.3219 213.432 122.1159 1248.7033;
	3.5271 47.6587 86.0695 48.9952 14.8454 13.7064 30.145 7.0743 9.0486 11.5757 21.3975 31.9208 48.0566 23.353 186.2462 70.1672 87.0593 92.2568 83.5113 57.377 10.0483 31.9817 1.1351 37.2652 35.4083 24.355 4.7473 1241.637 811.8788 811.8788 715.3905 101.342 278.3711 147.6885 73.2148 346.4016 1232.3208 232.1809 436.9913 94.8436 18.9647 152.0501 211.9289 107.3684 1245.1575;
	3.8564 52.1089 82.7028 40.503 14.7324 22.2008 30.2886 6.6233 10.3364 9.722 17.971 26.8093 40.3612 23.4989 163.7498 61.6918 76.5435 81.1133 86.8261 60.6554 10.0962 51.8019 0.0 22.6564 33.5228 59.2221 4.6125 1245.4025 810.6758 810.6758 756.7481 105.9123 289.4202 156.1271 73.6722 345.8884 1233.372 244.8723 455.8143 89.7931 15.7023 246.2812 214.445 188.6176 1246.2196;
	3.8898 52.5601 93.988 114.6968 14.9814 34.0313 31.8752 7.3754 10.9621 11.7819 21.7787 32.4896 48.9129 26.9048 185.371 69.8375 86.6502 91.8233 91.0165 67.4158 10.6251 79.4063 0.0309 29.4202 53.6972 67.8497 5.2698 1286.315 833.9448 833.9448 782.5512 112.238 303.3883 173.5283 84.3502 355.8165 1287.0284 243.7747 478.6409 143.8318 63.8 377.5202 216.3085 241.584 1300.4349;
	3.9695 53.6364 94.0037 119.9851 15.0774 35.0593 32.2154 11.957 11.2721 11.951 22.0913 32.9558 49.6148 36.8857 193.7509 72.9945 90.5673 95.9743 85.0015 71.1516 10.7385 81.8051 23.7207 54.3531 103.3012 74.3823 10.8353 1255.1482 846.6625 846.6625 765.073 115.3429 283.3383 183.1445 115.6417 361.2427 1319.6885 282.5551 473.7114 276.6997 103.7499 388.925 217.0378 271.5485 1333.4352;
	3.8602 52.1599 93.6222 118.6402 14.8211 34.6696 31.1982 18.8301 10.9339 12.2332 22.6129 33.734 50.7864 61.1066 192.3664 72.4729 89.9201 95.2885 83.7584 60.9215 10.3994 80.8958 27.3389 61.3068 105.1733 75.5068 13.6679 1094.5717 830.9671 830.9671 765.1857 113.5356 279.1947 156.8121 191.5775 354.546 1251.1017 296.493 463.9539 281.7142 115.1233 384.602 207.7534 276.8752 1264.134;
	3.8597 52.1529 92.8539 116.6011 14.6254 34.0922 30.2535 17.8484 9.8317 11.8658 21.9337 32.7208 49.261 64.5028 196.6891 74.1015 91.9407 97.4297 50.5695 63.5635 10.0845 79.5485 27.9357 87.9065 105.2212 74.144 13.1864 812.9954 844.3281 844.3281 746.8426 108.2111 168.5651 163.6125 202.2249 360.2467 1214.3237 312.8701 456.4992 281.8424 117.3258 378.1963 208.1814 267.5147 1226.973;
	3.8659 52.237 92.0183 117.861 15.1174 33.7832 30.4452 17.5473 20.2572 11.7062 21.6387 32.2806 48.5983 67.0391 191.7639 72.2459 89.6385 94.99 56.3499 57.8413 10.1484 78.8275 24.8068 88.47 101.6273 71.0054 12.9144 665.8012 847.5494 847.5494 763.3943 111.3295 187.833 148.8837 210.1767 361.6211 1161.4505 301.9885 475.8392 272.216 113.813 374.7683 212.5428 271.281 1173.5489;
	3.8034 51.3926 88.8817 114.6145 15.0014 32.6362 30.555 17.4892 27.5392 16.9303 31.2953 46.6865 70.2862 69.6048 199.105 75.0116 93.07 98.6264 43.4357 62.4477 10.185 76.1511 23.7808 83.5908 98.7925 72.3296 13.1292 488.1503 842.6858 842.6858 754.3758 100.0113 144.7857 160.7406 218.2204 359.5459 979.0137 288.0871 465.2929 264.6227 116.5625 362.0439 202.7976 266.4157 989.2117;
	3.339 45.1173 89.5825 111.7463 15.1281 32.5804 29.0121 17.3726 27.2186 18.6868 34.5423 51.5303 77.5786 68.6553 191.2486 72.0518 89.3976 94.7348 53.6458 61.12 9.6707 76.0209 33.7568 81.9688 96.1561 73.3964 12.7135 344.1168 822.2002 822.2002 711.4503 108.479 178.8194 157.323 215.2436 350.8054 784.4337 258.7801 456.7502 257.5611 118.1035 361.4253 193.2187 270.8992 792.6048;
	2.0399 27.5637 89.7642 110.664 14.5942 21.2821 25.0138 18.0509 26.7268 27.6359 51.0846 76.2082 114.7311 67.5732 196.2232 73.926 91.7229 97.1989 92.4362 65.3068 8.3379 49.6582 58.9728 82.8692 96.5266 72.8664 13.8079 333.9419 749.4013 749.4013 659.0303 109.0672 308.1208 168.0999 211.8512 319.7445 698.952 240.9917 433.2884 258.5533 119.2878 236.0893 171.8761 276.8373 706.2327;
	2.3062 31.1622 90.8399 110.8995 15.1195 13.0252 23.8921 17.7803 27.0213 31.1315 57.546 85.8474 129.2428 65.4004 192.5828 72.5544 90.0212 95.3957 91.1924 67.0432 7.964 30.3921 73.7666 83.9599 97.7046 73.8954 13.7542 309.2244 615.0065 615.0065 620.1211 107.17 303.9748 172.5693 205.039 262.4028 489.2724 213.8866 439.6819 261.7087 122.3187 144.4927 144.1234 263.4327 494.369;
	2.2098 29.8588 91.5935 111.6799 12.8045 2.0039 19.9306 18.205 26.5263 29.3259 54.2084 80.8683 121.7468 65.9571 196.1683 73.9053 91.6973 97.1717 88.7195 70.1729 6.6435 4.6757 71.743 88.8918 101.5192 73.1457 14.0498 486.4138 484.8021 484.8021 451.5444 100.6297 295.7318 180.6253 206.7845 206.8489 457.9202 196.8026 434.1457 271.9265 122.056 22.2296 119.5521 255.3696 462.6902;
	3.3657 45.4777 89.2572 84.503 14.3242 24.8972 14.9521 18.4556 23.36 29.2691 54.1035 80.7117 121.5111 63.0874 199.554 75.1808 93.2799 98.8489 89.1374 70.9252 4.984 58.0935 72.3123 87.8108 101.9094 73.7963 13.9476 546.1062 506.2762 506.2762 408.8029 58.4704 297.1246 182.5618 197.7876 216.0112 505.4982 167.7855 441.8083 272.9717 121.8384 276.1929 76.3724 261.6595 510.7638;
	3.1423 42.4593 92.9805 66.6287 14.4548 31.239 13.7368 18.7696 27.3361 27.461 50.7612 75.7257 114.0047 64.1271 193.8145 73.0185 90.597 96.0058 87.6221 69.4293 4.5789 72.8909 71.0995 89.9168 106.0035 74.2647 14.0209 635.7829 574.4852 574.4852 416.0032 35.0685 292.0737 178.7112 201.047 245.1137 626.5532 118.781 180.5708 283.9379 121.1201 346.5442 101.5353 269.0017 633.0798;
	3.6339 49.1026 89.2677 61.262 14.3952 31.1675 27.0306 18.7071 24.6441 13.1826 24.3678 36.352 54.7278 59.9203 187.441 70.6173 87.6178 92.8487 71.0009 70.5123 9.0102 72.7242 49.7091 89.5009 106.3462 73.4285 13.7798 740.0214 574.2542 574.2542 367.0212 31.1334 236.6698 181.4989 187.8583 245.0151 780.3777 75.6919 355.965 284.856 121.3958 345.7514 109.088 259.9726 788.5066;
