function loadprofile = ex_load_profilesh1
%EX_LOAD_PROFILE  Example load profile data file for stochastic unit commitment.
% 2022.03.12
% Andres F. Ramirez

%% define constants
[CT_LABEL, CT_PROB, CT_TABLE, CT_TBUS, CT_TGEN, CT_TBRCH, CT_TAREABUS, ...
    CT_TAREAGEN, CT_TAREABRCH, CT_ROW, CT_COL, CT_CHGTYPE, CT_REP, ...
    CT_REL, CT_ADD, CT_NEWVAL, CT_TLOAD, CT_TAREALOAD, CT_LOAD_ALL_PQ, ...
    CT_LOAD_FIX_PQ, CT_LOAD_DIS_PQ, CT_LOAD_ALL_P, CT_LOAD_FIX_P, ...
    CT_LOAD_DIS_P, CT_TGENCOST, CT_TAREAGENCOST, CT_MODCOST_F, ...
    CT_MODCOST_X] = idx_ct;

loadprofile = struct( ...
    'type', 'mpcData', ...
    'table', CT_TAREALOAD, ...
    'rows', [1:11], ...
    'col', CT_LOAD_ALL_P, ...
    'chgtype', 1, ...
    'values', [] );
loadprofile.values(:,1,:) = [
	1503.1 928.4075 1590.1286 580.0703 811.1 1249.5067 872.0951 297.0 530.3173 4758.487 1823.1852;
	1459.0231 913.1903 1580.1439 571.9026 785.5566 1236.6217 867.6 292.7745 512.229 4564.7 1755.6816;
	1477.3534 918.4386 1574.2 564.4783 788.0 1219.7852 866.5556 287.7476 507.0738 4529.796 1736.4688;
	1493.2015 919.2189 1588.3393 570.8759 805.4163 1260.5975 882.4 281.631 504.5556 4537.5175 1756.2849;
	1551.7006 960.7785 1662.8495 588.8 858.7325 1298.3047 926.6923 307.6082 536.379 4689.2497 1824.944;
	1542.4995 971.0152 1663.7614 595.2528 897.7735 1339.0 961.6 326.4 558.8377 4907.7326 1895.1853;
	1576.5854 986.2649 1745.9265 588.2314 954.9354 1422.5297 1012.1456 329.9965 591.1192 5108.8123 2020.87;
	1618.9501 1000.021 1778.1033 596.8493 958.7629 1475.333 1051.2595 346.3 624.2293 5212.8859 2060.0422;
	1659.1876 1062.8 1868.8229 600.3779 995.3981 1561.9777 1095.9394 349.9263 641.2592 5396.3319 2087.5339;
	1673.2637 1045.0726 1863.7393 587.1 978.1048 1566.5975 1130.7468 367.1982 671.4638 5525.5246 2110.9556;
	1694.2428 1083.4565 1860.235 593.4282 976.7496 1559.7832 1163.4726 348.127 663.2896 5695.1517 2095.0907;
	1701.8384 1078.3 1839.6388 580.0087 939.0888 1526.6747 1166.1621 357.8307 664.9787 5630.9497 2092.7488;
	1703.9802 1063.8323 1815.6049 563.5174 910.9227 1446.3351 1105.4937 342.0417 636.9141 5599.2 2116.7747;
	1729.6864 1065.1121 1803.9262 555.5704 881.2817 1400.2603 1070.03 338.7439 613.0148 5516.5716 2137.001;
	1686.3518 1018.0717 1767.2121 553.1991 856.2 1385.6877 1018.1919 336.4 588.4237 5426.5544 2094.4686;
	1740.9001 1064.677 1803.3825 580.4346 892.7498 1449.7 1060.7399 345.4036 623.3386 5483.9425 2237.8928;
	1738.4751 1056.7 1784.0696 570.6235 936.7376 1443.6607 1084.4324 366.6307 626.4215 5467.8517 2244.8;
	1758.2 1094.0994 1844.0585 568.1 1001.2462 1510.1083 1116.3814 372.2513 651.3 5618.842 2328.5562;
	1790.737 1102.7014 1839.235 570.1482 1027.3 1497.1919 1127.3 359.0466 650.687 5697.6825 2364.4005;
	1730.7 1052.1224 1752.6791 550.3272 943.3241 1417.8533 1042.6011 330.6 572.9172 5487.7552 2204.6;
	1672.0097 1012.0997 1707.3542 544.4428 894.1885 1337.1 1001.5664 325.52 573.2176 5375.7 2107.1279;
	1610.64 965.6502 1625.1088 535.9 844.0148 1252.7454 915.1 302.0107 528.97 5046.4 1901.1109;
	1458.8405 903.1223 1526.723 532.3 749.0731 1146.3355 854.522 274.7948 463.5059 4787.9562 1790.2093;
	1461.5 893.3291 1532.8 527.1 760.8 1155.9464 855.5589 256.667 447.0402 4580.1631 1720.7968;
];
