function windprofile = ex_wind_profilesh1
%EX_WIND_PROFILE_D  Example wind_load_nyiso profile data for deterministic unit commitment.
% 2022.03.12
% Andres F. Ramirez


%% define constants
[GEN_BUS, PG, QG, QMAX, QMIN, VG, MBASE, GEN_STATUS, PMAX, PMIN, ...
    MU_PMAX, MU_PMIN, MU_QMAX, MU_QMIN, PC1, PC2, QC1MIN, QC1MAX, ...
    QC2MIN, QC2MAX, RAMP_AGC, RAMP_10, RAMP_30, RAMP_Q, APF] = idx_gen;
[CT_LABEL, CT_PROB, CT_TABLE, CT_TBUS, CT_TGEN, CT_TBRCH, CT_TAREABUS, ...
    CT_TAREAGEN, CT_TAREABRCH, CT_ROW, CT_COL, CT_CHGTYPE, CT_REP, ...
    CT_REL, CT_ADD, CT_NEWVAL, CT_TLOAD, CT_TAREALOAD, CT_LOAD_ALL_PQ, ...
    CT_LOAD_FIX_PQ, CT_LOAD_DIS_PQ, CT_LOAD_ALL_P, CT_LOAD_FIX_P, ...
    CT_LOAD_DIS_P, CT_TGENCOST, CT_TAREAGENCOST, CT_MODCOST_F, ...
    CT_MODCOST_X] = idx_ct;

windprofile = struct( ...
    'type', 'mpcData', ...
    'table', CT_TGEN, ...
    'rows', [1:45], ...
    'col', PMAX, ...
    'chgtype', 1, ...
    'values', [] );
windprofile.values(:,1,:) = [
	3.7875 51.1777 80.0369 104.7051 14.5754 34.4341 30.3598 6.502 26.0609 12.4339 22.9839 34.2875 51.6196 43.043 179.4896 67.6217 83.901 88.91 78.227 68.6481 10.1199 80.3461 23.1919 33.7718 44.0194 21.2035 4.5272 1201.474 785.0187 785.0187 611.7546 66.5087 260.7567 176.7003 134.9455 334.9413 1222.4144 194.8236 447.7072 117.909 104.8184 381.9885 199.9728 31.1965 1235.1479;
	3.2449 43.8456 74.385 37.0884 14.7994 27.583 29.6004 4.8969 2.9028 12.804 23.668 35.308 53.1559 38.4492 171.6528 64.6692 80.2377 85.028 78.1989 68.7302 9.8668 64.3604 2.6759 33.1487 39.9121 16.3248 5.0973 1241.1445 780.646 780.646 646.3648 61.2143 260.6631 176.9118 120.5434 333.0756 1249.6497 179.348 454.3393 106.9074 109.6841 305.9877 198.9908 31.2539 1262.6669;
	3.1676 42.8009 85.3781 3.0748 14.821 26.0632 31.4915 3.6319 8.7898 11.917 22.0284 32.862 49.4736 36.9818 182.6298 68.8047 85.3688 90.4654 82.4628 57.8635 10.4972 60.8141 0.1209 33.4721 36.5114 13.1646 5.221 1239.556 794.9474 794.9474 687.7842 81.5613 274.876 148.9408 115.9428 339.1776 1244.652 195.9447 470.2522 97.7984 31.2502 289.1274 208.1233 124.1181 1257.6171;
	3.2494 43.9066 62.7843 0.0 14.2146 14.7396 31.6408 0.5787 8.4651 12.0751 22.3207 33.2981 50.1301 25.0729 186.5223 70.2712 87.1884 92.3936 80.8544 64.3132 10.5469 34.3924 1.2602 9.6566 26.4767 8.603 3.2349 1272.4086 812.5349 812.5349 708.8631 93.3684 269.5146 165.5422 78.6068 346.6816 1277.0408 222.291 453.3208 70.9196 22.0259 163.5114 205.0765 95.157 1290.3433;
	3.6194 48.9054 71.1087 0.0 14.5902 22.4602 31.7767 2.0402 8.1404 10.6805 19.7428 29.4523 44.3403 27.6101 160.6887 60.5385 75.1126 79.597 85.1198 63.3511 10.5922 52.4071 0.0 17.7545 27.8441 50.4696 4.5214 1122.4555 802.8567 802.8567 755.5573 94.0121 283.7328 163.0659 86.5613 342.5522 1207.0317 223.9938 468.2318 74.5825 32.9647 249.1584 205.8841 166.0722 1219.605;
	3.7496 50.6654 90.1273 105.8011 14.9032 34.8315 31.4682 6.1227 10.6322 11.8215 21.8519 32.5988 49.0773 25.5198 181.9701 68.5562 85.0604 90.1387 91.6331 63.9493 10.4894 81.2735 0.1008 29.8876 50.93 51.2115 5.2219 1105.9623 793.6604 793.6604 762.1893 97.1739 305.4437 164.6057 80.0079 338.6285 1176.5462 238.7986 463.9204 136.4196 69.2823 386.3973 207.2746 231.0425 1188.8019;
	3.8252 51.6868 90.0101 115.1952 14.9372 35.2073 30.1746 6.2254 7.6725 11.4182 21.1064 31.4866 47.4029 37.1727 189.7793 71.4983 88.7108 94.007 84.546 64.7505 10.0582 82.1504 18.4644 42.6769 96.735 68.812 10.2683 1043.4273 741.8276 741.8276 676.8482 101.5379 281.8201 166.6678 116.5415 316.5131 1156.4095 263.0245 449.5704 259.1117 100.8514 390.5663 210.3622 265.0464 1168.4554;
	3.7044 50.0543 86.9863 110.3093 15.0048 34.5898 29.5334 17.8654 8.5058 10.6734 19.7297 29.4328 44.3109 61.0111 187.0126 70.4559 87.4175 92.6365 83.1143 51.4904 9.8445 80.7096 22.4681 54.875 102.1095 71.1402 13.497 987.9404 732.9621 732.9621 690.3398 104.1586 277.0478 132.5365 191.2781 312.7305 1093.5541 283.8028 444.1444 273.5075 115.3356 383.7164 205.6629 251.0781 1104.9453;
	3.7001 49.9966 87.4197 109.954 15.0454 33.4079 29.6056 17.4056 7.68 11.6484 21.532 32.1215 48.3587 60.7297 189.7794 71.4983 88.7108 94.007 48.6481 58.8272 9.8685 77.9517 25.9183 85.8833 100.3771 68.8896 13.2074 733.8775 784.3898 784.3898 712.3904 103.5893 162.1603 151.4213 190.3959 334.673 1103.9542 286.6803 440.0294 268.8672 113.9539 370.6048 203.8782 233.1984 1115.4538;
	3.7309 50.413 86.7299 111.143 15.0715 34.0959 29.1078 17.6741 18.2863 10.7346 19.8428 29.6015 44.5649 56.8944 188.5885 71.0496 88.1542 93.4171 51.0938 54.6423 9.7026 79.5571 23.9154 87.9116 99.7263 69.364 13.1955 520.8137 792.3025 792.3025 707.6738 103.4123 170.3128 140.6494 178.3718 338.049 978.4038 257.9995 435.1558 267.1241 114.9815 378.2373 199.9138 254.9861 988.5956;
	3.7866 51.1656 89.8587 117.635 15.3162 34.7608 29.3795 18.2057 27.363 17.6068 32.5459 48.5521 73.0949 66.7802 200.0099 75.3526 93.493 99.0747 38.8158 63.9016 9.7932 81.1085 29.0943 87.5484 101.6222 70.8895 13.6921 423.64 785.9002 785.9002 716.0499 95.9704 129.3861 164.4829 209.3648 335.3174 877.4816 259.7458 438.6748 272.2024 117.2023 385.613 203.867 261.6421 886.622;
	3.5273 47.6621 91.7262 118.9388 15.4047 33.5871 27.9051 18.5516 27.6742 18.3117 33.8489 50.496 76.0214 66.8321 193.4674 72.8877 90.4348 95.8339 50.1187 63.713 9.3017 78.3699 31.4323 86.5644 101.45 74.3691 13.3619 298.8421 786.7651 786.7651 678.591 100.0403 167.0622 163.9974 209.5277 335.6864 752.263 246.0934 447.3731 271.7411 119.5882 372.5927 201.1372 267.0474 760.0991;
	2.3177 31.3175 91.1774 115.7018 15.2313 23.0556 25.3672 18.4149 26.5757 27.073 50.044 74.6558 112.3938 67.8763 197.3069 74.3342 92.2295 97.7358 92.5672 63.484 8.4557 53.7963 57.1622 86.2631 100.4993 73.3441 13.8417 317.2375 726.0548 726.0548 627.9035 104.8005 308.5575 163.4079 212.8014 309.7834 676.8175 226.7562 424.6238 269.1946 119.0954 255.7632 182.4547 273.0575 683.8677;
	2.4879 33.6167 91.9221 117.7368 15.3096 13.5813 24.8266 18.1954 27.2337 30.874 57.0701 85.1374 128.1738 65.9682 193.4237 72.8712 90.4143 95.8122 91.1911 67.6722 8.2755 31.6898 73.1174 85.2238 99.6149 73.1092 13.7736 302.6951 608.063 608.063 592.5029 94.9911 303.9702 174.1884 206.8193 259.4402 491.9681 204.7672 443.1711 266.8257 121.2715 150.6622 146.3267 266.9715 497.0928;
	2.354 31.8081 89.1478 112.348 13.129 3.2109 20.7581 17.9151 26.368 29.4149 54.373 81.1138 122.1165 67.0708 201.4905 75.9104 94.1851 99.8081 91.1497 70.6517 6.9194 7.492 72.9313 83.6936 98.0179 72.0444 13.7332 423.582 471.2004 471.2004 421.4483 81.9233 303.8324 181.8577 210.2759 201.0455 423.3908 190.0221 440.3028 262.548 116.3523 35.6193 109.911 246.9582 427.8011;
	3.6353 49.1205 91.3806 87.2746 14.9113 26.8922 15.9591 18.4094 22.6827 29.7416 54.9769 82.0147 123.4727 59.1639 201.2777 75.8302 94.0856 99.7027 92.7178 69.4933 5.3197 62.7485 73.7131 86.8125 100.9696 73.5935 13.8867 486.1982 501.8607 501.8607 415.0732 40.119 309.0594 178.8759 185.4868 214.1272 480.3473 158.6177 439.186 270.4542 119.6162 298.3245 84.3716 268.1762 485.3509;
	3.4597 46.7477 94.2173 69.1372 15.0735 32.8468 13.9523 18.41 27.37 28.8093 53.2535 79.4438 119.6022 63.8216 194.835 73.403 91.074 96.5113 91.7684 68.1396 4.6508 76.6425 74.1963 87.6302 105.7638 74.3913 13.8999 578.3958 567.5463 567.5463 458.1791 25.3139 305.8948 175.3915 200.0892 242.1531 577.6896 120.8471 178.9329 283.2958 121.8701 364.3803 102.7919 275.2333 583.7072;
	3.6855 49.7996 88.4751 62.9376 15.0531 32.432 28.7553 18.3826 27.9415 13.9351 25.7588 38.4271 57.8518 65.9602 180.7291 68.0886 84.4803 89.5239 77.3224 67.0267 9.5851 75.6747 54.0699 86.4 104.9043 72.5274 13.6818 704.2242 636.0038 636.0038 438.9535 27.2661 257.7414 172.5269 206.7943 271.3616 830.4117 83.6933 437.0671 280.9937 122.7317 359.7793 105.3609 258.5977 839.0619;
