function windprofile = ex_wind_profilesh1
%EX_WIND_PROFILE_D  Example wind_load_nyiso profile data for deterministic unit commitment.
% 2022.03.12
% Andres F. Ramirez


%% define constants
[GEN_BUS, PG, QG, QMAX, QMIN, VG, MBASE, GEN_STATUS, PMAX, PMIN, ...
    MU_PMAX, MU_PMIN, MU_QMAX, MU_QMIN, PC1, PC2, QC1MIN, QC1MAX, ...
    QC2MIN, QC2MAX, RAMP_AGC, RAMP_10, RAMP_30, RAMP_Q, APF] = idx_gen;
[CT_LABEL, CT_PROB, CT_TABLE, CT_TBUS, CT_TGEN, CT_TBRCH, CT_TAREABUS, ...
    CT_TAREAGEN, CT_TAREABRCH, CT_ROW, CT_COL, CT_CHGTYPE, CT_REP, ...
    CT_REL, CT_ADD, CT_NEWVAL, CT_TLOAD, CT_TAREALOAD, CT_LOAD_ALL_PQ, ...
    CT_LOAD_FIX_PQ, CT_LOAD_DIS_PQ, CT_LOAD_ALL_P, CT_LOAD_FIX_P, ...
    CT_LOAD_DIS_P, CT_TGENCOST, CT_TAREAGENCOST, CT_MODCOST_F, ...
    CT_MODCOST_X] = idx_ct;

windprofile = struct( ...
    'type', 'mpcData', ...
    'table', CT_TGEN, ...
    'rows', [1:45], ...
    'col', PMAX, ...
    'chgtype', 1, ...
    'values', [] );
windprofile.values(:,1,:) = [
	3.9206 52.9759 84.152 114.3539 15.1623 35.0264 31.541 7.409 26.6343 11.7561 21.731 32.4184 48.8058 43.5869 180.6838 68.0716 84.4592 89.5015 83.4195 68.7342 10.5137 81.7284 32.0723 41.454 50.2199 27.2382 4.8524 1134.7274 776.7934 776.7934 621.5044 84.1651 278.065 176.9219 136.6509 331.4318 1167.7005 202.1306 449.9721 134.5177 114.3417 388.56 215.398 113.1207 1179.8641;
	3.3895 45.7997 79.6025 45.4807 15.072 28.7723 31.2802 7.8879 9.7483 13.0407 24.1056 35.9608 54.1388 40.6619 189.2839 71.3116 88.4792 93.7615 88.0008 72.0897 10.4267 67.1353 30.0641 42.6956 45.6684 31.5333 5.5727 1197.9908 808.5597 808.5597 705.8805 70.0982 293.3361 185.5591 127.4805 344.9855 1243.2633 190.5028 463.3888 122.3261 114.1382 319.1805 213.9651 104.5271 1256.2139;
	3.1251 42.2271 89.7998 48.5853 14.7811 23.9236 31.132 7.0638 9.3352 13.1074 24.2288 36.1446 54.4155 37.3459 195.7595 73.7513 91.5062 96.9693 90.0638 68.1305 10.3773 55.8218 30.8756 43.0532 41.9395 28.0614 6.3711 1192.0896 788.5943 788.5943 696.8956 87.8259 300.2127 175.3681 117.0846 336.4669 1241.488 204.1106 464.8944 112.338 33.4351 265.3926 210.7007 132.5817 1254.4201;
	3.3938 45.8578 86.5346 49.0004 14.33 12.4914 30.9116 7.4975 9.7145 13.3156 24.6137 36.7189 55.28 24.5053 192.8719 72.6634 90.1564 95.5389 88.3367 70.1018 10.3039 29.1465 32.6984 40.0834 37.9017 28.2646 5.549 1206.858 813.2494 813.2494 736.9748 96.7315 294.4558 180.4422 76.8274 346.9864 1249.3512 231.145 465.3087 101.5224 28.7486 138.571 206.8757 115.3899 1262.3653;
	3.799 51.3334 84.158 40.2473 14.6617 20.4742 30.6537 6.7611 11.259 12.0403 22.2564 33.2022 49.9857 28.6396 184.7387 69.5992 86.3546 91.5101 90.8155 71.0277 10.2179 47.7732 33.6952 27.8682 36.8302 59.1144 5.2421 1133.3856 821.7104 821.7104 769.7259 104.083 302.7185 182.8256 89.7891 350.5965 1262.5037 240.5808 472.0536 98.6524 31.7167 227.1273 203.2796 196.742 1275.6548;
	3.8988 52.6816 94.6899 114.079 15.251 33.4063 30.0548 7.0151 11.0318 12.4697 23.0501 34.3863 51.7683 25.9832 193.991 73.085 90.6795 96.0932 91.1733 70.5177 10.0183 77.948 46.8441 34.9799 52.2678 64.4735 5.2387 1077.2827 791.0081 791.0081 734.7047 108.8977 303.9112 181.5127 81.4607 337.4968 1204.4729 233.97 458.0042 140.0029 65.814 370.587 212.5662 252.5005 1217.0195;
	3.9715 53.6637 94.4475 120.2167 15.0967 34.8237 30.0337 11.6544 9.4958 11.7546 21.7282 32.4142 48.7994 35.3838 197.339 74.3463 92.2445 97.7516 83.8171 69.2678 10.0112 81.2553 23.9622 58.482 100.759 74.4209 10.9733 990.3522 758.1687 758.1687 666.2971 109.4257 279.3902 178.2954 110.9328 323.4853 1202.2294 264.3698 444.2008 269.8901 107.8095 386.311 209.7714 279.9728 1214.7526;
	3.9285 53.0833 94.9954 120.672 15.3365 35.1402 29.7169 18.9374 10.3362 9.877 18.2574 27.2365 41.0043 59.0833 200.1573 75.4081 93.5619 99.1477 83.3979 58.8206 9.9056 81.9939 21.9418 67.9837 105.6742 75.3184 13.8054 946.4197 787.0122 787.0122 700.4284 110.858 277.9931 151.4044 185.2341 335.7919 1196.6345 277.0076 455.3083 283.056 119.077 389.8225 215.7453 280.4232 1209.0994;
	3.9295 53.0966 95.1472 120.1691 15.1732 34.8246 29.8351 18.8518 9.2015 10.6418 19.6713 29.3457 44.1797 57.1663 194.9484 73.4457 91.1271 96.5675 47.9219 63.152 9.945 81.2573 27.1267 90.0243 106.2511 75.419 14.0438 767.069 804.3285 804.3285 703.6984 109.3058 159.7396 162.5535 179.224 343.1802 1201.0051 289.768 458.3714 284.6013 123.4306 386.3206 216.1775 277.2626 1213.5155;
	3.9158 52.9116 94.5195 117.9811 15.0703 34.4234 30.9713 18.3715 20.404 9.5124 17.5834 26.231 39.4907 55.1036 188.2045 70.9049 87.9746 93.2269 55.7845 60.539 10.3238 80.3213 24.8785 89.8209 103.4041 74.4054 13.6392 600.2206 811.9028 811.9028 722.4557 110.1065 185.9482 155.8275 172.7573 346.4119 1108.1476 269.5095 464.7829 276.9754 123.6427 381.8702 211.7005 272.1296 1119.6908;
	3.9164 52.9194 93.3111 116.5966 14.685 33.886 30.9197 18.1548 27.3814 16.612 30.707 45.8088 68.9649 67.0273 194.9363 73.4411 91.1214 96.5614 37.3946 64.3212 10.3066 79.0674 29.7599 86.9154 101.7786 70.7581 13.3471 447.3098 806.7488 806.7488 719.6712 97.0563 124.6486 165.5629 210.1398 344.2128 985.3663 275.0528 468.4583 272.6213 121.5964 375.9089 206.3823 265.4612 995.6305;
	3.5053 47.3644 91.5898 115.4585 14.8167 32.9299 29.6763 17.8886 27.5986 16.9583 31.3472 46.7639 70.4028 64.3552 193.8551 73.0338 90.616 96.0259 50.185 61.9058 9.8921 76.8365 33.8279 85.5474 98.201 71.5909 12.6886 325.7796 803.2052 803.2052 718.5102 95.0999 167.2834 159.3456 201.7622 342.7009 819.1139 250.7839 458.3386 263.0385 121.4485 365.3027 190.1997 260.551 827.6463;
	2.3833 32.2031 90.0915 112.4112 14.9701 22.5132 26.2418 18.1803 27.7799 27.0766 50.0508 74.6659 112.4091 66.217 190.7693 71.8712 89.1735 94.4973 91.5339 67.5363 8.7473 52.5307 57.1779 84.6391 96.9976 70.5627 13.5055 309.1694 750.9887 750.9887 677.9376 96.4238 305.1131 173.8385 207.5992 320.4219 720.048 237.0238 444.2785 259.815 121.5747 249.746 174.7142 263.3628 727.5485;
	2.4661 33.3224 89.8806 111.583 14.8986 13.8753 25.1919 18.0175 26.8514 30.4495 56.2854 83.9667 126.4115 64.0987 190.4394 71.7469 89.0193 94.3339 90.3524 69.2431 8.3973 32.3758 72.0187 86.5146 98.1278 71.4816 13.3955 314.618 624.9561 624.9561 587.3138 93.2921 301.1746 178.232 200.958 266.6479 523.0709 213.0604 446.2926 262.8422 120.6466 153.9238 132.0041 258.5502 528.5195;
	2.5484 34.4345 91.2336 116.14 13.1833 26.3184 22.6838 18.4751 27.024 29.6016 54.7181 81.6287 122.8915 63.1176 199.0116 74.9764 93.0263 98.5801 88.1809 72.1753 7.5613 61.4095 69.6847 88.2475 99.5325 71.2274 13.8148 447.0231 506.93 506.93 444.0547 87.3444 293.9363 185.7795 197.8824 216.2901 476.3624 193.7574 455.6547 266.6048 122.9572 291.9585 114.8695 251.3985 481.3245;
	3.5913 48.5267 92.4793 89.4836 14.9368 28.6348 16.2572 18.6812 22.1782 28.4676 52.622 78.5017 118.1839 56.3916 194.0752 73.1167 90.7189 96.1349 87.3269 69.6958 5.4191 66.8145 68.6893 88.8455 99.6982 73.3716 13.7329 523.9102 543.785 543.785 412.005 49.3786 291.0898 179.3973 176.7954 232.0149 546.8902 165.4406 458.5166 267.0487 123.5064 317.6551 81.7485 264.6345 552.5869;
	3.3774 45.6366 91.1907 64.0238 14.7552 33.3835 13.3916 18.5096 26.4282 27.2241 50.3233 75.0725 113.0213 61.6661 186.9427 70.4296 87.3848 92.6018 86.1612 68.3614 4.4639 77.8948 70.1963 87.9607 101.6936 74.6004 13.6232 624.8133 582.0828 582.0828 432.6842 28.4713 287.2039 175.9623 193.3316 248.3553 637.8156 113.025 181.5623 272.3935 120.6538 370.3341 105.0318 262.1365 644.4595;
	3.7274 50.3657 90.0543 61.2584 14.915 33.5993 28.0126 18.5239 26.9596 13.1467 24.3014 36.2529 54.5786 63.529 170.0303 64.0579 79.4793 84.2243 77.5676 68.432 9.3375 78.3983 49.0808 87.7548 101.2123 74.0275 13.3543 728.554 627.768 627.768 410.7808 30.0927 258.5586 176.1442 199.1721 267.8477 840.1229 80.8106 408.6501 271.1045 119.2709 372.728 117.532 265.1423 848.8742;
