function windprofile = ex_wind_profilesh1
%EX_WIND_PROFILE_D  Example wind_load_nyiso profile data for deterministic unit commitment.
% 2022.03.12
% Andres F. Ramirez


%% define constants
[GEN_BUS, PG, QG, QMAX, QMIN, VG, MBASE, GEN_STATUS, PMAX, PMIN, ...
    MU_PMAX, MU_PMIN, MU_QMAX, MU_QMIN, PC1, PC2, QC1MIN, QC1MAX, ...
    QC2MIN, QC2MAX, RAMP_AGC, RAMP_10, RAMP_30, RAMP_Q, APF] = idx_gen;
[CT_LABEL, CT_PROB, CT_TABLE, CT_TBUS, CT_TGEN, CT_TBRCH, CT_TAREABUS, ...
    CT_TAREAGEN, CT_TAREABRCH, CT_ROW, CT_COL, CT_CHGTYPE, CT_REP, ...
    CT_REL, CT_ADD, CT_NEWVAL, CT_TLOAD, CT_TAREALOAD, CT_LOAD_ALL_PQ, ...
    CT_LOAD_FIX_PQ, CT_LOAD_DIS_PQ, CT_LOAD_ALL_P, CT_LOAD_FIX_P, ...
    CT_LOAD_DIS_P, CT_TGENCOST, CT_TAREAGENCOST, CT_MODCOST_F, ...
    CT_MODCOST_X] = idx_ct;

windprofile = struct( ...
    'type', 'mpcData', ...
    'table', CT_TGEN, ...
    'rows', [1:45], ...
    'col', PMAX, ...
    'chgtype', 1, ...
    'values', [] );
windprofile.values(:,1,:) = [
	3.8783 52.4037 80.359 110.1164 15.0321 34.2447 31.0032 6.1222 27.325 0.1374 0.2539 0.3788 0.5703 37.9826 161.8028 60.9583 75.6334 80.1488 68.3335 67.3805 10.3344 79.9044 0.0 34.9672 37.8172 21.1376 1.1306 1254.3678 788.525 788.525 653.6415 84.1328 227.7783 173.4375 119.0805 336.4373 1240.425 191.4997 449.3559 101.2962 114.3989 379.8883 201.371 116.7838 1253.346;
	3.2728 44.2228 72.6281 41.8341 14.9703 27.1517 30.6363 5.9333 9.989 10.7944 19.9533 29.7664 44.8131 39.1297 170.3637 64.1836 79.6351 84.3895 84.2427 68.7504 10.2121 63.354 0.5718 30.555 22.4892 20.621 2.8629 1278.4443 790.6051 790.6051 716.7538 76.5129 280.8091 176.9638 122.677 337.3248 1256.6419 188.781 459.6183 60.239 118.4708 301.2031 204.8466 99.5912 1269.7319;
	3.084 41.6722 88.348 48.8162 15.1581 22.1983 31.169 5.6171 10.0365 11.2339 20.7657 30.9784 46.6378 40.0026 180.7565 68.099 84.4932 89.5375 84.7704 64.415 10.3897 51.7959 0.0 38.4331 32.7849 23.4428 2.1593 1281.0334 798.8553 798.8553 749.8895 95.6105 282.5681 165.8044 125.4135 340.8449 1270.0768 199.2343 463.797 87.8168 33.2653 246.2527 206.4927 132.6736 1283.3068;
	3.5901 48.5102 86.6073 52.2039 15.1428 14.3579 32.2346 7.064 12.6849 11.3698 21.0169 31.353 47.2018 30.7348 190.6695 71.8336 89.1269 94.4479 84.1206 67.1703 10.7449 33.5017 24.361 37.4828 34.2588 26.8934 4.4999 1315.1985 826.6867 826.6867 785.7406 100.364 280.402 172.8966 96.3579 352.7197 1311.1089 234.3323 479.3383 91.7647 38.6441 159.2768 214.5812 109.6273 1324.7663;
	3.9311 53.1174 87.584 56.756 15.4136 25.0756 32.5478 7.5342 15.3301 10.9711 20.2799 30.2536 45.5466 40.9186 170.7794 64.3401 79.8294 84.5954 85.6353 66.2172 10.8493 58.5096 2.0091 31.666 40.5033 63.1483 4.7572 1277.7397 830.7518 830.7518 807.4781 101.8455 285.4511 170.4433 128.2854 354.4541 1322.3709 235.851 479.4422 108.4909 39.632 278.1715 219.3119 196.4245 1336.1456;
	3.9327 53.1398 95.4372 120.91 15.4157 35.0803 32.5248 8.418 13.6928 11.888 21.9747 32.782 49.3531 35.2506 185.8573 70.0206 86.8775 92.0642 87.3547 64.5834 10.8416 81.8541 3.5585 40.9911 62.1151 68.7042 5.3075 1268.4614 844.4314 844.4314 816.8977 114.4867 291.1824 166.2378 110.5154 360.2907 1327.7946 253.647 479.1892 166.3797 73.0574 389.1578 219.336 254.58 1341.6258;
	3.9898 53.9105 95.0169 121.0229 15.4066 35.5986 32.5741 12.7974 13.6655 12.9714 23.9774 35.7696 53.8509 45.4984 191.196 72.032 89.373 94.7087 84.0912 68.72 10.858 83.0633 26.662 58.9213 105.5338 74.5282 11.4353 1256.3268 837.0197 837.0197 794.1282 117.8878 280.3039 176.8854 142.6435 357.1284 1340.6117 289.173 478.8585 282.6798 106.9114 394.9068 219.511 279.6931 1354.5764;
	3.9271 53.0643 92.6142 119.2921 15.405 35.2704 32.5147 18.9904 15.0795 12.0843 22.3377 33.3234 50.1682 68.2328 188.313 70.9458 88.0254 93.2806 85.6216 57.0636 10.8382 82.2976 25.3913 62.6057 105.636 74.309 13.8654 1143.8679 838.4903 838.4903 806.6203 118.3398 285.4052 146.882 213.9192 357.7558 1294.6335 318.3955 478.1435 282.9536 118.3502 391.2665 217.2978 275.6937 1308.1193;
	3.9326 53.1381 94.8334 118.9733 15.4118 35.1799 32.5775 18.9576 13.6711 14.0458 25.9634 38.7323 58.3113 69.8135 197.6876 74.4777 92.4075 97.9243 51.5777 65.8555 10.8592 82.0863 29.4985 87.5207 105.1859 73.9782 14.0102 874.299 851.8018 851.8018 807.084 116.0165 171.9256 169.5123 218.8749 363.4354 1253.9533 322.9799 479.7691 281.7479 121.955 390.2619 219.7668 276.164 1267.0153;
	3.9313 53.1202 95.2025 119.5645 15.3779 35.1419 32.3847 19.0201 22.6476 12.4987 23.1037 34.4662 51.8887 69.4647 193.4635 72.8862 90.4329 95.8319 56.3413 60.9011 10.7949 81.9979 27.2409 88.9538 105.3912 74.8263 13.7751 679.727 859.6104 859.6104 810.6695 116.6662 187.8045 156.7597 217.7811 366.7671 1189.4687 294.9439 479.5269 282.2979 117.9083 389.8413 218.107 280.5178 1201.859;
	3.9292 53.0924 93.1809 117.1045 15.1951 34.6462 32.2952 18.0631 28.4982 18.7939 34.7403 51.8257 78.0233 69.959 202.5752 76.319 94.6921 100.3454 45.03 68.1694 10.7651 80.8411 30.4187 84.1966 100.4587 72.8476 13.6059 470.5592 829.0415 829.0415 793.6695 104.5213 150.0999 175.4683 219.3311 353.7244 966.6569 293.9131 474.6246 269.0857 117.6742 384.3416 211.9895 269.0494 976.7263;
	3.5161 47.5097 92.4693 113.9662 14.894 31.9753 31.904 17.7798 28.4919 19.9885 36.9484 55.1198 82.9825 69.8506 197.4498 74.3881 92.2963 97.8065 54.5864 67.8702 10.6347 74.6091 33.9605 83.3748 97.7162 72.9385 13.0227 353.0419 785.6328 785.6328 748.7358 111.4508 181.9546 174.698 218.9911 335.2033 768.4276 259.3411 475.2424 261.7398 120.0047 354.713 198.177 264.2915 776.4321;
	2.4404 32.9758 92.3562 111.9758 15.0153 21.777 27.4817 18.5079 28.4055 27.9322 51.6323 77.0252 115.961 69.569 190.1338 71.6318 88.8765 94.1826 92.0053 66.617 9.1606 50.8129 56.2355 83.8919 98.8428 72.7646 13.7282 335.694 717.8257 717.8257 666.0268 106.4651 306.6844 171.4723 218.1081 306.2723 673.9699 233.1577 450.5248 264.7574 119.6091 241.5791 176.0087 271.1532 680.9905;
	2.5697 34.7221 91.7839 114.3572 15.3312 15.2521 26.6662 18.2767 28.361 30.7274 56.7991 84.7331 127.5653 69.4343 196.5563 74.0515 91.8787 97.3639 91.1086 71.8724 8.8887 35.5883 71.486 84.4161 99.8669 74.038 13.6011 347.6406 628.4068 628.4068 641.7766 101.9887 303.6954 184.9996 217.686 268.1202 510.5652 210.382 466.8488 267.5007 120.4782 169.1968 147.4991 263.9504 515.8836;
	2.828 38.2125 92.5645 116.4695 13.9972 11.058 23.298 18.1242 28.2976 29.3775 54.3039 81.0108 121.9613 68.2141 198.9531 74.9544 92.999 98.5512 90.1337 72.0457 7.766 25.8021 70.9071 87.0986 101.5365 72.4021 13.6933 475.5143 533.9689 533.9689 487.8114 93.5029 300.4455 185.4457 213.8603 227.8267 449.1746 196.1248 468.227 271.9727 119.1165 122.6706 127.9948 255.4405 453.8535;
	3.6745 49.6506 92.3619 89.4754 15.1316 25.3455 17.1916 18.925 24.4995 28.5091 52.6987 78.616 118.356 60.7066 195.2166 73.5467 91.2524 96.7003 90.9736 71.0997 5.7305 59.1396 71.6359 88.4588 104.9344 74.7111 13.906 465.7337 535.9029 535.9029 459.6861 53.9087 303.2452 183.0107 190.3235 228.6519 499.4166 172.212 457.5808 281.0744 119.5742 281.1665 84.4857 260.3886 504.6189;
	3.5144 47.4875 90.6721 65.1625 14.8672 31.0757 15.4217 18.7513 27.3674 27.3203 50.5012 75.3379 113.4208 65.005 187.1219 70.4971 87.4686 92.6906 86.8941 67.8733 5.1406 72.5099 69.5853 85.82 105.0279 74.3909 13.6994 582.8346 588.716 588.716 451.9324 33.0579 289.6469 174.7061 203.7994 251.1855 594.3539 131.1032 189.0106 281.3247 119.4838 344.7329 109.4196 260.9427 600.5451;
	3.8518 52.0464 88.6828 62.6391 14.6827 31.0979 29.6599 18.4844 26.7798 12.8653 23.7812 35.4769 53.4103 67.6707 188.0712 70.8547 87.9124 93.1608 73.953 71.4453 9.8866 72.5618 50.5267 85.7023 102.4091 72.0584 13.2597 721.1465 622.9963 622.9963 428.736 30.9189 246.51 183.9005 212.1567 265.8118 790.7872 86.4787 427.0697 274.31 120.9148 344.9794 118.152 250.0679 799.0246;
