function solarprofile = ex_solar_profilesh1
%EX_WIND_PROFILE_D  Example wind_load_nyiso profile data for deterministic unit commitment.
% 2022.03.12
% Andres F. Ramirez


%% define constants
[GEN_BUS, PG, QG, QMAX, QMIN, VG, MBASE, GEN_STATUS, PMAX, PMIN, ...
    MU_PMAX, MU_PMIN, MU_QMAX, MU_QMIN, PC1, PC2, QC1MIN, QC1MAX, ...
    QC2MIN, QC2MAX, RAMP_AGC, RAMP_10, RAMP_30, RAMP_Q, APF] = idx_gen;
[CT_LABEL, CT_PROB, CT_TABLE, CT_TBUS, CT_TGEN, CT_TBRCH, CT_TAREABUS, ...
    CT_TAREAGEN, CT_TAREABRCH, CT_ROW, CT_COL, CT_CHGTYPE, CT_REP, ...
    CT_REL, CT_ADD, CT_NEWVAL, CT_TLOAD, CT_TAREALOAD, CT_LOAD_ALL_PQ, ...
    CT_LOAD_FIX_PQ, CT_LOAD_DIS_PQ, CT_LOAD_ALL_P, CT_LOAD_FIX_P, ...
    CT_LOAD_DIS_P, CT_TGENCOST, CT_TAREAGENCOST, CT_MODCOST_F, ...
    CT_MODCOST_X] = idx_ct;

solarprofile = struct( ...
    'type', 'mpcData', ...
    'table', CT_TGEN, ...
    'rows', [1:12], ...
    'col', PMAX, ...
    'chgtype', 1, ...
    'values', [] );
solarprofile.values(:,1,:) = [
	0.0 0.0 0.0 0.0 0.0 0.0 0.0 0.0 0.0 0.0 0.0 0.0;
	0.0 0.0 0.0 0.0 0.0 0.0 0.0 0.0 0.0 0.0 0.0 0.0;
	0.0 0.0 0.0 0.0 0.0 0.0 0.0 0.0 0.0 0.0 0.0 0.0;
	0.0 0.0 0.0 0.0 0.0 0.0 0.0 0.0 0.0 0.0 0.0 0.0;
	0.0 0.0 0.0 0.0 0.0 0.0 0.0 0.0 0.0 0.0 0.0 0.0;
	0.0 0.0 0.0 0.0 0.0 0.0 0.0 0.0 0.0 0.0 0.0 0.0;
	0.0 0.0503 0.0 0.5346 0.0306 87.8525 10.9816 2.9462 12.0665 11.1323 3.7814 20.1607;
	0.6867 1.032 0.602 3.2779 1.8684 66.0159 8.252 16.3582 26.2064 22.5814 3.5445 40.895;
	1.5485 1.7982 1.0027 4.8682 3.4653 58.4378 7.3047 19.8241 34.371 41.4162 9.1156 75.005;
	2.2488 1.8682 0.9339 4.795 4.4732 100.4074 12.5509 15.5808 88.3045 49.9444 12.3739 90.4496;
	1.4573 1.0461 0.6986 4.9913 5.9397 131.8539 16.4817 8.7073 106.7702 45.6046 4.9103 82.5902;
	1.0034 0.729 0.8329 5.8628 7.1168 123.0159 15.377 6.1863 115.5517 39.4382 1.1469 71.4228;
	0.7623 1.1078 1.1412 7.3929 7.7045 111.4521 13.9315 22.2642 108.424 81.84 12.5722 148.2127;
	0.8227 1.2337 1.0558 7.135 5.9565 53.3377 6.6672 23.6459 80.5196 81.5156 23.5279 147.6252;
	0.5473 0.8681 0.5621 6.7065 4.4775 31.2008 3.9001 23.5379 42.6023 84.6886 27.6445 153.3716;
	0.6284 0.4618 0.2907 3.6083 0.9761 16.3129 2.0391 7.3492 9.8548 63.0731 17.3757 114.2257;
	0.3254 0.2987 0.2504 1.2816 1.222 28.5145 3.5643 6.1635 22.3915 20.624 8.8466 37.3501;
	0.0 0.0 0.0 0.0 0.0 0.0 0.0 0.0 0.0 0.0 0.0 0.0;
	0.0 0.0 0.0 0.0 0.0 0.0 0.0 0.0 0.0 0.0 0.0 0.0;
	0.0 0.0 0.0 0.0 0.0 0.0 0.0 0.0 0.0 0.0 0.0 0.0;
	0.0 0.0 0.0 0.0 0.0 0.0 0.0 0.0 0.0 0.0 0.0 0.0;
	0.0 0.0 0.0 0.0 0.0 0.0 0.0 0.0 0.0 0.0 0.0 0.0;
	0.0 0.0 0.0 0.0 0.0 0.0 0.0 0.0 0.0 0.0 0.0 0.0;
	0.0 0.0 0.0 0.0 0.0 0.0 0.0 0.0 0.0 0.0 0.0 0.0;
];
