function solarprofile = ex_solar_profilesh1
%EX_WIND_PROFILE_D  Example wind_load_nyiso profile data for deterministic unit commitment.
% 2022.03.12
% Andres F. Ramirez


%% define constants
[GEN_BUS, PG, QG, QMAX, QMIN, VG, MBASE, GEN_STATUS, PMAX, PMIN, ...
    MU_PMAX, MU_PMIN, MU_QMAX, MU_QMIN, PC1, PC2, QC1MIN, QC1MAX, ...
    QC2MIN, QC2MAX, RAMP_AGC, RAMP_10, RAMP_30, RAMP_Q, APF] = idx_gen;
[CT_LABEL, CT_PROB, CT_TABLE, CT_TBUS, CT_TGEN, CT_TBRCH, CT_TAREABUS, ...
    CT_TAREAGEN, CT_TAREABRCH, CT_ROW, CT_COL, CT_CHGTYPE, CT_REP, ...
    CT_REL, CT_ADD, CT_NEWVAL, CT_TLOAD, CT_TAREALOAD, CT_LOAD_ALL_PQ, ...
    CT_LOAD_FIX_PQ, CT_LOAD_DIS_PQ, CT_LOAD_ALL_P, CT_LOAD_FIX_P, ...
    CT_LOAD_DIS_P, CT_TGENCOST, CT_TAREAGENCOST, CT_MODCOST_F, ...
    CT_MODCOST_X] = idx_ct;

solarprofile = struct( ...
    'type', 'mpcData', ...
    'table', CT_TGEN, ...
    'rows', [1:12], ...
    'col', PMAX, ...
    'chgtype', 1, ...
    'values', [] );
solarprofile.values(:,1,:) = [
	0.0 0.0 0.0 0.0 0.0 0.0 0.0 0.0 0.0 0.0 0.0 0.0;
	0.0 0.0 0.0 0.0 0.0 0.0 0.0 0.0 0.0 0.0 0.0 0.0;
	0.0 0.0 0.0 0.0 0.0 0.0 0.0 0.0 0.0 0.0 0.0 0.0;
	0.0 0.0 0.0 0.0 0.0 0.0 0.0 0.0 0.0 0.0 0.0 0.0;
	0.0 0.0 0.0 0.0 0.0 0.0 0.0 0.0 0.0 0.0 0.0 0.0;
	0.0 0.0 0.0 0.0 0.0 0.0 0.0 0.0 0.0 0.0 0.0 0.0;
	0.1592 0.3287 0.295 0.0 1.1441 4.161 0.5201 23.4039 0.0 14.5346 10.2805 26.3223;
	0.8333 0.857 0.614 0.2309 1.25 10.3923 1.299 12.7782 3.5353 28.8395 13.8107 52.2286;
	1.3096 1.0923 0.807 0.7858 1.6286 22.8138 2.8517 6.5688 17.5344 42.0339 20.5819 76.1237;
	2.3069 1.9452 1.2327 1.6926 2.5785 100.9771 12.6221 10.4244 140.9436 59.1274 50.6636 107.0801;
	1.6937 1.7219 1.0956 2.167 3.2374 127.0977 15.8872 18.2566 156.9299 87.1332 85.3618 157.7987;
	1.2054 1.5826 1.1756 2.349 2.6516 111.2536 13.9067 25.1533 125.8242 111.2728 81.3532 201.5156;
	1.4529 2.7433 2.4312 2.1133 0.7839 115.8317 14.479 36.2478 79.4272 195.2365 69.0927 353.5744;
	1.856 2.5801 2.2456 1.2137 0.4063 76.33 9.5412 23.0926 66.1953 131.8699 46.2087 238.8172;
	2.024 2.1039 1.863 0.6366 0.3095 61.1433 7.6429 15.6899 58.2717 69.3211 33.1343 125.5409;
	1.9535 1.6259 1.6753 0.0 0.0 49.1092 6.1387 5.1727 36.3679 29.4882 14.925 53.4033;
	0.3251 0.2927 0.2173 0.3793 0.5184 29.7207 3.7151 7.1368 22.3915 17.5802 6.4561 31.8378;
	0.0 0.0 0.0 0.0 0.0 0.0 0.0 0.0 0.0 0.0 0.0 0.0;
	0.0 0.0 0.0 0.0 0.0 0.0 0.0 0.0 0.0 0.0 0.0 0.0;
	0.0 0.0 0.0 0.0 0.0 0.0 0.0 0.0 0.0 0.0 0.0 0.0;
	0.0 0.0 0.0 0.0 0.0 0.0 0.0 0.0 0.0 0.0 0.0 0.0;
	0.0 0.0 0.0 0.0 0.0 0.0 0.0 0.0 0.0 0.0 0.0 0.0;
	0.0 0.0 0.0 0.0 0.0 0.0 0.0 0.0 0.0 0.0 0.0 0.0;
	0.0 0.0 0.0 0.0 0.0 0.0 0.0 0.0 0.0 0.0 0.0 0.0;
];
