function windprofile = ex_wind_profilesh1
%EX_WIND_PROFILE_D  Example wind_load_nyiso profile data for deterministic unit commitment.
% 2022.03.12
% Andres F. Ramirez


%% define constants
[GEN_BUS, PG, QG, QMAX, QMIN, VG, MBASE, GEN_STATUS, PMAX, PMIN, ...
    MU_PMAX, MU_PMIN, MU_QMAX, MU_QMIN, PC1, PC2, QC1MIN, QC1MAX, ...
    QC2MIN, QC2MAX, RAMP_AGC, RAMP_10, RAMP_30, RAMP_Q, APF] = idx_gen;
[CT_LABEL, CT_PROB, CT_TABLE, CT_TBUS, CT_TGEN, CT_TBRCH, CT_TAREABUS, ...
    CT_TAREAGEN, CT_TAREABRCH, CT_ROW, CT_COL, CT_CHGTYPE, CT_REP, ...
    CT_REL, CT_ADD, CT_NEWVAL, CT_TLOAD, CT_TAREALOAD, CT_LOAD_ALL_PQ, ...
    CT_LOAD_FIX_PQ, CT_LOAD_DIS_PQ, CT_LOAD_ALL_P, CT_LOAD_FIX_P, ...
    CT_LOAD_DIS_P, CT_TGENCOST, CT_TAREAGENCOST, CT_MODCOST_F, ...
    CT_MODCOST_X] = idx_ct;

windprofile = struct( ...
    'type', 'mpcData', ...
    'table', CT_TGEN, ...
    'rows', [1:45], ...
    'col', PMAX, ...
    'chgtype', 1, ...
    'values', [] );
windprofile.values(:,1,:) = [
	3.727 50.3604 85.9455 113.9211 14.7141 34.5806 30.5856 7.8348 27.6511 13.3975 24.7651 36.9446 55.62 44.8309 181.153 68.2483 84.6785 89.7339 78.8059 69.7161 10.1952 80.688 34.2195 37.4205 48.985 31.1016 5.5353 1241.5638 803.4003 803.4003 634.5579 81.74 262.6862 179.4495 140.551 342.7841 1217.0238 205.6387 472.9451 131.2099 119.7332 383.6138 207.2967 122.321 1229.7011;
	2.8287 38.2221 77.6813 43.4248 14.5928 27.3606 30.6161 7.3851 11.6383 14.2399 26.3222 39.2675 59.117 42.1088 185.7958 69.9975 86.8488 92.0338 83.1576 70.2747 10.2054 63.8415 32.6651 32.0123 38.0902 28.7273 5.6058 1216.1481 772.0933 772.0933 649.2673 75.6685 277.1919 180.8872 132.0169 329.4265 1213.6607 196.8795 474.7789 102.0274 116.2798 303.5207 204.6634 95.4538 1226.303;
	2.9191 39.4433 91.5398 49.6249 14.7219 23.9298 30.5088 7.1799 10.4372 13.2755 24.5395 36.6082 55.1134 40.7789 189.6331 71.4432 88.6425 93.9345 78.8062 66.3626 10.1696 55.8361 32.7053 39.6116 39.0276 27.9567 6.3883 1243.1657 790.3695 790.3695 674.2877 86.9484 262.6872 170.8176 127.8474 337.2243 1221.6433 199.1375 471.8578 104.5383 32.9783 265.4609 212.1678 128.1811 1234.3687;
	3.3586 45.3815 88.1184 53.8009 14.9327 14.2119 30.4557 8.8502 11.5348 13.7981 25.5056 38.0493 57.2831 27.6464 192.473 72.5131 89.97 95.3413 80.5782 69.075 10.1519 33.1611 37.4309 37.5746 37.9385 32.5349 6.2769 1234.5555 805.8692 805.8692 711.3843 89.9416 268.594 177.7992 86.6751 343.8375 1215.2527 218.2288 469.6001 101.6211 37.6154 157.6576 208.5741 122.0544 1227.9116;
	3.6156 48.8553 84.4299 44.0241 14.8246 22.1996 30.967 7.7921 11.4666 12.5322 23.1656 34.5585 52.0277 32.8166 174.6333 65.7921 81.6309 86.5044 85.6257 68.7839 10.3223 51.7991 70.8137 26.688 37.3772 64.1112 5.8745 1237.3834 807.2368 807.2368 766.0498 100.5203 285.4192 177.05 102.8846 344.421 1240.4649 237.5757 476.3264 100.1174 37.829 246.2679 207.068 196.9227 1253.3864;
	3.6358 49.128 94.4264 115.7685 14.8307 32.9218 31.4638 7.8349 12.2888 13.3784 24.7297 36.8919 55.5405 29.3415 186.3163 70.1936 87.092 92.2916 88.2263 68.6611 10.4879 76.8176 71.6311 30.1298 52.3385 68.5042 5.9906 1167.2405 796.233 796.233 755.8056 107.6444 294.0878 176.7338 91.9896 339.7261 1224.5081 252.3745 478.8641 140.1924 74.3112 365.2126 207.3737 247.9744 1237.2633;
	3.7499 50.6699 93.7978 119.6693 15.0061 34.7648 30.7441 11.8317 11.4497 13.6567 25.2442 37.6593 56.6959 35.9631 195.0779 73.4944 91.1876 96.6316 79.8708 70.9412 10.248 81.118 30.1041 49.5423 98.6794 73.3958 11.4413 1091.6038 788.553 788.553 750.384 109.9859 266.2359 182.6029 112.7491 336.4493 1216.4381 295.8214 471.1771 264.3198 113.6372 385.6579 207.2153 270.7263 1229.1093;
	3.8413 51.9043 94.9772 120.4055 15.3236 34.7579 31.9192 18.8124 12.2087 12.8754 23.7999 35.5048 53.4523 59.8617 199.7303 75.2472 93.3623 98.9362 84.3184 62.1669 10.6397 81.1017 26.9807 62.0624 105.2898 73.9867 13.9021 1078.9594 789.2473 789.2473 783.0814 116.2448 281.0613 160.0178 187.6744 336.7455 1209.5452 324.1958 479.1071 282.0263 120.0736 385.5804 208.7287 276.9029 1222.1446;
	3.6309 49.0612 94.8653 117.5901 15.2607 33.8583 31.5647 18.4677 11.3599 13.7319 25.3831 37.8666 57.008 63.0555 197.1557 74.2773 92.1588 97.6609 51.2983 69.2652 10.5216 79.0026 28.7009 87.3018 102.2878 72.9012 13.5544 832.7738 839.8071 839.8071 793.9483 116.1236 170.9942 178.2887 197.6875 358.3177 1235.1056 329.0439 478.4695 273.9851 119.3019 375.6011 198.7003 265.6078 1247.9713;
	3.0636 41.3956 91.7676 113.9875 14.9377 33.9305 31.5206 18.7116 21.7035 12.2957 22.7285 33.9064 51.0459 60.0722 189.8255 71.5156 88.7324 94.0298 57.0134 61.1896 10.5069 79.1712 25.4708 87.4791 99.8362 70.5863 13.7058 604.8956 827.7111 827.7111 773.2871 116.2997 190.0447 157.5023 188.3345 353.1567 1107.9266 285.066 474.1679 267.4183 118.1686 376.4026 199.9441 265.8669 1119.4675;
	3.531 47.7114 90.0226 110.5317 14.5856 33.3383 30.9197 17.7152 26.6795 18.0135 33.2977 49.6736 74.7834 67.9759 194.7901 73.3861 91.0531 96.4891 39.6978 65.145 10.3066 77.7893 29.304 82.59 97.1626 70.1816 13.0426 414.748 775.7533 775.7533 723.7789 104.4245 132.3259 167.6833 213.1136 330.9881 910.3273 273.8198 445.2646 260.257 116.6338 369.8326 192.6251 258.1128 919.8099;
	3.1627 42.7354 89.6666 110.909 14.5266 32.9297 30.2533 18.0278 28.0134 20.6027 38.0838 56.8136 85.5326 67.0746 187.1396 70.5037 87.4769 92.6994 50.0645 58.1191 10.0844 76.8359 37.1059 81.6782 96.7554 73.4335 12.881 319.9076 795.6792 795.6792 711.1252 109.7869 166.8816 149.5987 210.288 339.4898 805.248 261.0497 460.2005 259.1662 116.8931 365.3 185.6781 267.8974 813.636;
	2.0442 27.621 91.024 108.8917 14.6696 21.1844 26.8373 18.5786 27.7503 28.1825 52.095 77.7155 117.0003 65.2745 181.4004 68.3415 84.7941 89.8565 90.4253 59.5878 8.9458 49.4303 61.5405 81.5952 95.6561 73.015 13.569 321.4627 757.1676 757.1676 652.3909 107.8224 301.4178 153.3791 204.6444 323.0582 714.0878 244.9962 447.8598 256.2217 118.2682 235.0056 170.2792 268.9615 721.5262;
	2.1043 28.4343 88.1276 104.1471 14.0205 12.558 26.1832 18.543 27.5267 29.6791 54.8613 81.8423 123.2132 65.7098 187.27 70.5529 87.5378 92.764 89.2106 66.0672 8.7277 29.3021 72.879 81.5878 96.4769 72.7725 13.6596 289.2088 626.9105 626.9105 587.1149 99.6072 297.3686 170.0571 206.0092 267.4818 470.9561 211.9329 456.095 258.4204 120.9362 139.3103 135.8491 261.1156 475.8619;
	2.1717 29.3439 91.5017 113.7998 12.2927 6.255 22.3698 19.0426 27.5347 28.5947 52.8569 78.852 118.7113 67.5528 192.7798 72.6287 90.1134 95.4933 88.9656 70.1349 7.4566 14.595 71.9307 83.7469 98.2186 74.3098 13.949 442.6837 525.0586 525.0586 448.9092 90.3042 296.5521 180.5275 211.7871 224.025 438.1969 187.6249 454.3371 263.0854 119.615 69.3888 114.4991 250.5035 442.7615;
	3.1179 42.1301 90.901 86.7482 14.37 27.3751 17.3504 19.0896 24.1568 29.1911 53.9593 80.4967 121.1874 60.1611 192.046 72.3522 89.7703 95.1298 90.3492 69.8097 5.7835 63.8752 71.1522 87.2238 100.3334 76.1184 13.9481 476.4459 534.44 534.44 408.6709 51.1536 301.164 179.6903 188.6131 228.0277 478.4902 152.6995 457.2767 268.7501 119.2737 303.6809 84.5856 262.3477 483.4745;
	3.1474 42.5284 92.6831 65.6167 14.926 32.68 15.3994 18.9842 27.9019 27.1895 50.2593 74.977 112.8775 62.7796 186.2551 70.1705 87.0634 92.2613 87.2559 69.1507 5.1331 76.2533 68.7998 87.2584 103.4426 76.4399 13.8485 571.9224 604.8974 604.8974 452.9961 28.0969 290.853 177.9941 196.8225 258.0895 604.0792 110.586 189.5698 277.0783 119.4634 362.53 111.9452 266.1507 610.3717;
	3.5454 47.9067 89.9892 64.3787 14.7901 32.0143 28.2313 19.015 26.8674 7.4585 13.787 20.5675 30.9642 63.7564 158.0328 59.5379 73.8712 78.2814 74.5036 68.7988 9.4104 74.7001 31.2013 88.39 103.8404 76.4066 13.7891 642.721 588.968 588.968 407.3565 26.9581 248.3452 177.0883 199.8849 251.293 732.6339 73.8188 390.2951 278.144 119.6025 355.1456 112.3889 249.345 740.2655;
