function windprofile = ex_wind_profilesh1
%EX_WIND_PROFILE_D  Example wind_load_nyiso profile data for deterministic unit commitment.
% 2022.03.12
% Andres F. Ramirez


%% define constants
[GEN_BUS, PG, QG, QMAX, QMIN, VG, MBASE, GEN_STATUS, PMAX, PMIN, ...
    MU_PMAX, MU_PMIN, MU_QMAX, MU_QMIN, PC1, PC2, QC1MIN, QC1MAX, ...
    QC2MIN, QC2MAX, RAMP_AGC, RAMP_10, RAMP_30, RAMP_Q, APF] = idx_gen;
[CT_LABEL, CT_PROB, CT_TABLE, CT_TBUS, CT_TGEN, CT_TBRCH, CT_TAREABUS, ...
    CT_TAREAGEN, CT_TAREABRCH, CT_ROW, CT_COL, CT_CHGTYPE, CT_REP, ...
    CT_REL, CT_ADD, CT_NEWVAL, CT_TLOAD, CT_TAREALOAD, CT_LOAD_ALL_PQ, ...
    CT_LOAD_FIX_PQ, CT_LOAD_DIS_PQ, CT_LOAD_ALL_P, CT_LOAD_FIX_P, ...
    CT_LOAD_DIS_P, CT_TGENCOST, CT_TAREAGENCOST, CT_MODCOST_F, ...
    CT_MODCOST_X] = idx_ct;

windprofile = struct( ...
    'type', 'mpcData', ...
    'table', CT_TGEN, ...
    'rows', [1:45], ...
    'col', PMAX, ...
    'chgtype', 1, ...
    'values', [] );
windprofile.values(:,1,:) = [
	3.8779 52.3984 79.7962 112.7095 15.216 34.3625 31.2718 7.4751 27.5202 10.7979 19.9598 29.776 44.8277 34.9083 197.7266 74.4923 92.4257 97.9436 89.1962 71.4585 10.4239 80.1792 27.7244 34.0753 47.0242 27.3761 4.8507 1213.3961 821.1151 821.1151 661.7723 74.9834 297.3207 183.9342 109.4422 350.3425 1205.1174 191.2355 475.8405 125.9576 114.6621 381.1946 208.8781 116.4377 1217.6707;
	3.2732 44.2284 72.1836 43.9582 15.1198 27.6447 31.0952 6.7785 10.5516 12.8037 23.6674 35.3071 53.1547 35.6244 196.1673 73.9049 91.6968 97.1712 89.8155 71.307 10.3651 64.5042 26.9008 34.8591 41.2445 26.1263 4.6372 1241.667 831.0122 831.0122 734.2151 77.4229 299.3851 183.5444 111.6873 354.5652 1264.7867 195.0386 476.8933 110.4762 115.975 306.6716 209.7969 104.2082 1277.9615;
	3.2103 43.3785 82.3795 39.4267 15.0497 21.36 31.3629 5.0524 9.7671 12.0071 22.1949 33.1104 49.8475 35.0962 204.2317 76.9431 95.4664 101.1659 90.507 71.5117 10.4543 49.84 27.1711 34.2051 33.0726 22.276 3.1172 1225.5904 843.133 843.133 765.3857 87.2323 301.6901 184.0714 110.0312 359.7367 1240.9165 197.8858 476.1621 88.5872 30.8854 236.9538 206.7607 127.2514 1253.8427;
	3.5935 48.5567 83.3716 47.9388 15.3704 13.9959 31.0828 6.9308 11.5578 10.878 20.1078 29.9969 45.1602 25.3955 204.3375 76.983 95.5159 101.2184 89.5706 71.1506 10.3609 32.6571 22.8619 35.8929 35.1009 27.8807 4.6585 1208.4787 848.0142 848.0142 777.8837 92.8296 298.5687 183.1419 79.6183 361.8194 1231.0324 216.2949 475.4392 94.0203 34.487 155.2612 212.073 110.949 1243.8556;
	3.7956 51.2875 83.4395 43.8336 15.3992 21.4884 31.2622 7.3556 11.9592 9.2554 17.1084 25.5223 38.4237 28.4884 182.3789 68.7102 85.2516 90.3412 89.4529 69.3018 10.4207 50.1397 0.0562 26.1108 37.8696 63.5794 5.4174 1147.9857 841.9433 841.9433 785.4525 93.8381 298.1765 178.3831 89.3151 359.2291 1209.1872 221.2103 475.8262 101.4365 37.838 238.3783 210.2585 191.909 1221.7829;
	3.781 51.0893 92.7592 114.0851 15.1384 32.2185 30.9262 6.7998 10.644 8.0111 14.8085 22.0913 33.2583 26.7769 190.0208 71.5892 88.8237 94.1266 91.9975 66.4433 10.3087 75.1764 0.0 19.0166 49.7075 62.4854 4.6942 1076.4082 841.7923 841.7923 759.8554 103.0061 306.6584 171.0252 83.9491 359.1647 1181.7459 223.9339 470.2941 133.1452 65.7981 357.4102 204.6236 234.4327 1194.0558;
	3.9708 53.6539 91.9106 119.1613 15.3931 34.9116 30.9469 11.0582 11.4767 11.6134 21.4672 32.0249 48.2133 38.5225 198.6529 74.8413 92.8587 98.4025 86.8249 69.8679 10.3156 81.4604 21.6637 45.0696 98.6511 72.9283 10.5931 1070.9045 840.5828 840.5828 757.0514 111.383 289.4163 179.8401 120.7732 358.6486 1255.0556 269.3583 460.4288 264.2439 113.3824 387.286 215.0631 272.0929 1268.1291;
	3.9257 53.0445 89.8098 116.8475 15.3813 34.1025 30.8937 18.4811 9.85 11.0399 20.4071 30.4434 45.8324 63.8466 191.5247 72.1558 89.5267 94.8716 84.6034 58.1728 10.2979 79.5726 24.7668 49.9301 102.2668 73.8463 13.568 941.0894 805.3049 805.3049 749.24 111.7883 282.0115 149.7369 200.1678 343.5968 1169.7123 286.1765 456.0915 273.929 121.1905 378.3108 209.9624 271.4373 1181.8968;
	3.9239 53.0199 92.4174 116.4026 15.3824 34.844 30.5562 17.9358 9.1892 11.5855 21.4156 31.9479 48.0973 65.3486 196.8693 74.1694 92.025 97.519 53.6778 67.5859 10.1854 81.3026 25.5483 85.3586 100.8195 73.3129 13.2964 735.9716 829.9564 829.9564 741.495 112.0553 178.9261 173.9663 204.8767 354.1147 1188.5374 282.4145 464.6417 270.0522 120.3774 386.5357 217.1045 270.3647 1200.918;
	3.9068 52.7895 91.2307 115.5051 15.2873 34.6963 29.9388 17.5867 18.3163 9.7687 18.0574 26.938 40.555 61.0543 193.5581 72.9219 90.4771 95.8788 58.5401 60.3503 9.9796 80.9581 16.3695 86.3085 88.3926 69.9758 12.8025 354.55 819.272 819.272 748.1006 106.7943 195.1336 155.3419 191.4136 349.5561 1028.7157 260.9487 438.8929 236.7659 119.4675 384.8978 213.9001 271.9502 1039.4315;
	3.9214 52.9873 92.1571 117.0316 15.3157 35.0225 30.0879 17.8033 26.5515 17.8244 32.9482 49.1522 73.9983 67.4665 202.1316 76.1519 94.4848 100.1257 43.9308 69.3788 10.0293 81.7193 28.2559 82.6263 96.4236 70.1559 13.0431 331.2439 807.2094 807.2094 744.3419 99.3411 146.4359 178.5812 211.5166 344.4093 892.1139 266.2741 433.4099 258.2776 122.4159 388.5168 212.0886 266.385 901.4068;
	3.3994 45.9331 87.7171 114.8046 15.2983 32.4652 28.6061 17.723 26.2732 19.0727 35.2556 52.5945 79.1807 65.6071 198.0136 74.6005 92.5598 98.0858 50.3908 66.5913 9.5354 75.752 34.2951 82.8374 93.258 71.5826 12.7999 274.179 801.7839 801.7839 723.2817 104.3703 167.9695 171.4061 205.6873 342.0945 779.1449 253.9614 427.6216 249.7982 123.4667 360.1469 196.2736 260.8981 787.261;
	2.0046 27.0862 88.8113 111.3698 15.1869 21.3388 20.4394 18.4815 25.8804 26.5922 49.1552 73.3299 110.3978 63.5848 193.6715 72.9646 90.5302 95.9349 90.2454 66.3478 6.8131 49.7904 56.1701 83.7364 95.5934 71.5526 13.6778 221.495 675.1306 675.1306 595.1167 97.1154 300.8179 170.7795 199.347 288.0557 645.4529 224.9503 375.361 256.0537 123.4544 236.718 176.2711 271.5031 652.1764;
	2.027 27.3887 87.9259 111.9718 15.3332 13.129 21.4836 18.2766 27.2116 30.5837 56.5334 84.3368 126.9685 64.5806 199.8592 75.2958 93.4225 99.0 89.9935 70.7063 7.1612 30.6343 74.6774 85.9632 97.5166 73.2277 13.7336 264.3813 611.2154 611.2154 578.2652 93.8811 299.9784 181.9981 202.4689 260.7852 494.5829 200.7118 421.2228 261.2052 123.2972 145.6443 139.7265 262.8444 499.7348;
	2.1116 28.5324 90.6587 113.6483 13.8612 6.6322 18.4471 18.3906 27.0052 29.0131 53.6303 80.0059 120.4485 64.766 203.3884 76.6254 95.0722 100.7482 92.2947 73.7004 6.149 15.4752 73.5818 89.2874 101.2411 73.3373 13.8905 404.2028 477.6758 477.6758 399.9363 90.4772 307.649 189.7051 203.05 203.8083 414.9257 182.9962 409.6538 271.1814 122.3452 73.5735 116.3197 254.6062 419.2479;
	3.4529 46.6568 91.056 85.2907 15.1176 27.5653 14.3313 18.8516 24.3046 29.5985 54.7123 81.62 122.8784 57.3394 204.3114 76.9731 95.5037 101.2054 92.3934 73.319 4.7771 64.3189 72.7559 89.1007 101.908 74.7139 13.9051 480.2797 509.6009 509.6009 379.4616 47.1344 307.9781 188.7233 179.7669 217.4297 472.676 153.0296 435.3369 272.9679 122.2773 305.7906 83.3854 269.4951 477.5997;
	3.2607 44.0596 94.3762 68.4814 15.018 32.1736 11.5458 18.7795 27.207 27.2381 50.3492 75.1111 113.0794 63.9969 203.4168 76.6361 95.0855 100.7623 92.6683 73.8214 3.8486 75.0718 71.1334 89.9229 106.2781 74.6297 13.8506 547.3884 557.0467 557.0467 369.8498 26.4138 308.8942 190.0165 200.6388 237.6732 569.251 112.2187 155.7948 284.6735 123.4646 356.9127 98.285 273.6534 575.1807;
	3.7215 50.2861 93.895 66.9745 15.1303 31.8825 24.8484 18.8627 25.9125 13.0914 24.1993 36.1005 54.3492 60.1594 197.8206 74.5278 92.4696 97.9902 82.8007 73.8363 8.2828 74.3924 52.1225 88.8992 105.1245 74.6218 13.8125 705.2672 605.1839 605.1839 379.9428 27.8033 276.0024 190.0549 188.6078 258.2118 797.0056 76.6075 380.65 281.5834 123.5909 353.6828 105.7851 264.5804 805.3077;
