function solarprofile = ex_solar_profilesh1
%EX_WIND_PROFILE_D  Example wind_load_nyiso profile data for deterministic unit commitment.
% 2022.03.12
% Andres F. Ramirez


%% define constants
[GEN_BUS, PG, QG, QMAX, QMIN, VG, MBASE, GEN_STATUS, PMAX, PMIN, ...
    MU_PMAX, MU_PMIN, MU_QMAX, MU_QMIN, PC1, PC2, QC1MIN, QC1MAX, ...
    QC2MIN, QC2MAX, RAMP_AGC, RAMP_10, RAMP_30, RAMP_Q, APF] = idx_gen;
[CT_LABEL, CT_PROB, CT_TABLE, CT_TBUS, CT_TGEN, CT_TBRCH, CT_TAREABUS, ...
    CT_TAREAGEN, CT_TAREABRCH, CT_ROW, CT_COL, CT_CHGTYPE, CT_REP, ...
    CT_REL, CT_ADD, CT_NEWVAL, CT_TLOAD, CT_TAREALOAD, CT_LOAD_ALL_PQ, ...
    CT_LOAD_FIX_PQ, CT_LOAD_DIS_PQ, CT_LOAD_ALL_P, CT_LOAD_FIX_P, ...
    CT_LOAD_DIS_P, CT_TGENCOST, CT_TAREAGENCOST, CT_MODCOST_F, ...
    CT_MODCOST_X] = idx_ct;

solarprofile = struct( ...
    'type', 'mpcData', ...
    'table', CT_TGEN, ...
    'rows', [1:12], ...
    'col', PMAX, ...
    'chgtype', 1, ...
    'values', [] );
solarprofile.values(:,1,:) = [
	0.0 0.0 0.0 0.0 0.0 0.0 0.0 0.0 0.0 0.0 0.0 0.0;
	0.0 0.0 0.0 0.0 0.0 0.0 0.0 0.0 0.0 0.0 0.0 0.0;
	0.0 0.0 0.0 0.0 0.0 0.0 0.0 0.0 0.0 0.0 0.0 0.0;
	0.0 0.0 0.0 0.0 0.0 0.0 0.0 0.0 0.0 0.0 0.0 0.0;
	0.0 0.0 0.0 0.0 0.0 0.0 0.0 0.0 0.0 0.0 0.0 0.0;
	0.0 0.0 0.0 0.0 0.0 0.0 0.0 0.0 0.0 0.0 0.0 0.0;
	0.4709 0.3736 0.1242 0.2526 2.2836 119.4905 14.9363 0.7833 78.6667 23.3008 10.5673 42.1979;
	1.0008 0.4107 0.338 0.4902 1.1302 132.4951 16.5619 2.1978 61.463 32.6702 17.4953 59.166;
	1.1857 0.4803 0.5532 0.994 0.9839 81.0031 10.1254 2.8428 40.185 25.5192 18.9691 46.2154;
	2.0992 1.5195 1.3087 2.4476 2.9485 21.313 2.6641 3.032 42.469 11.1408 10.5226 20.1761;
	1.7485 1.8287 1.1196 2.5442 4.9198 8.8905 1.1113 1.5562 34.8785 12.967 11.3175 23.4834;
	1.6119 1.7083 1.0284 2.4248 6.0219 12.6829 1.5854 1.3343 31.151 14.4175 17.105 26.1102;
	2.5746 2.4182 1.5261 3.1967 5.8727 97.0469 12.1309 19.6638 42.2075 38.1516 52.587 69.0928;
	2.7902 2.3561 2.035 2.9767 5.2344 76.2593 9.5324 23.6037 41.5525 55.8951 61.7938 101.2263;
	2.2405 2.0356 1.7873 2.6177 5.0323 57.7873 7.2234 26.1153 42.8968 62.4322 80.1911 113.0651;
	1.7114 1.5752 1.6619 1.1276 2.9414 45.595 5.6994 18.694 39.3954 77.7022 74.5997 140.7191;
	0.2861 0.2251 0.1601 0.442 0.5888 41.6012 5.2001 7.7793 26.0436 22.0687 21.9829 39.9665;
	0.0 0.0 0.0 0.0 0.0 0.0 0.0 0.0 0.0 0.0 0.0 0.0;
	0.0 0.0 0.0 0.0 0.0 0.0 0.0 0.0 0.0 0.0 0.0 0.0;
	0.0 0.0 0.0 0.0 0.0 0.0 0.0 0.0 0.0 0.0 0.0 0.0;
	0.0 0.0 0.0 0.0 0.0 0.0 0.0 0.0 0.0 0.0 0.0 0.0;
	0.0 0.0 0.0 0.0 0.0 0.0 0.0 0.0 0.0 0.0 0.0 0.0;
	0.0 0.0 0.0 0.0 0.0 0.0 0.0 0.0 0.0 0.0 0.0 0.0;
	0.0 0.0 0.0 0.0 0.0 0.0 0.0 0.0 0.0 0.0 0.0 0.0;
];
