function windprofile = ex_wind_profilesh1
%EX_WIND_PROFILE_D  Example wind_load_nyiso profile data for deterministic unit commitment.
% 2022.03.12
% Andres F. Ramirez


%% define constants
[GEN_BUS, PG, QG, QMAX, QMIN, VG, MBASE, GEN_STATUS, PMAX, PMIN, ...
    MU_PMAX, MU_PMIN, MU_QMAX, MU_QMIN, PC1, PC2, QC1MIN, QC1MAX, ...
    QC2MIN, QC2MAX, RAMP_AGC, RAMP_10, RAMP_30, RAMP_Q, APF] = idx_gen;
[CT_LABEL, CT_PROB, CT_TABLE, CT_TBUS, CT_TGEN, CT_TBRCH, CT_TAREABUS, ...
    CT_TAREAGEN, CT_TAREABRCH, CT_ROW, CT_COL, CT_CHGTYPE, CT_REP, ...
    CT_REL, CT_ADD, CT_NEWVAL, CT_TLOAD, CT_TAREALOAD, CT_LOAD_ALL_PQ, ...
    CT_LOAD_FIX_PQ, CT_LOAD_DIS_PQ, CT_LOAD_ALL_P, CT_LOAD_FIX_P, ...
    CT_LOAD_DIS_P, CT_TGENCOST, CT_TAREAGENCOST, CT_MODCOST_F, ...
    CT_MODCOST_X] = idx_ct;

windprofile = struct( ...
    'type', 'mpcData', ...
    'table', CT_TGEN, ...
    'rows', [1:45], ...
    'col', PMAX, ...
    'chgtype', 1, ...
    'values', [] );
windprofile.values(:,1,:) = [
	3.7265 50.3534 84.1101 110.5527 14.8344 34.7705 29.9804 5.9614 26.236 10.5999 19.5938 29.2301 44.0058 24.9259 175.4671 66.1062 82.0207 86.9174 76.2215 69.1572 9.9935 81.1312 6.6092 37.2926 45.2193 28.2726 2.4377 1170.4308 785.342 785.342 638.2416 81.0868 254.0715 178.0109 78.1461 335.0792 1168.8581 208.5113 448.1603 121.1231 119.0143 385.7207 209.1151 109.9844 1181.0337;
	3.1186 42.1385 77.848 39.7041 15.0338 28.275 29.92 6.7815 7.2691 12.7851 23.633 35.2558 53.0774 32.0734 181.6092 68.4202 84.8917 89.9599 84.5651 70.8962 9.9733 65.9749 22.8491 40.2886 40.1591 29.4793 2.8107 1197.532 789.3989 789.3989 648.8162 66.0225 281.8837 182.4871 100.5543 336.8102 1212.5544 201.0981 453.4871 107.5691 121.0991 313.6637 213.6804 91.3541 1225.1851;
	3.173 42.8736 90.0382 47.3136 15.4075 24.4652 30.9474 7.1522 8.2858 13.282 24.5516 36.6262 55.1405 39.4218 190.8363 71.8965 89.2049 94.5305 85.4486 66.4621 10.3158 57.0854 27.6081 47.2548 45.8475 31.1885 5.435 1256.3031 827.5941 827.5941 735.123 90.781 284.8287 171.0735 123.5928 353.1068 1258.6983 214.1336 464.0061 122.8059 37.4722 271.4001 217.4923 131.748 1271.8097;
	3.6524 49.3522 89.9977 51.5963 15.363 14.8928 31.3012 7.5557 10.5548 12.7957 23.6527 35.2851 53.1216 25.8224 189.3473 71.3355 88.5089 93.793 84.9816 64.3972 10.4337 34.7498 27.3291 53.8357 49.1271 31.5811 5.0429 1287.5025 842.386 842.386 790.1319 98.3024 283.272 165.7585 80.9567 359.418 1289.5852 243.1807 471.9604 131.5905 38.9968 165.2104 218.477 122.0462 1303.0184;
	3.9152 52.9032 87.9991 44.1925 15.3011 22.4429 31.0372 7.7117 10.9683 12.3828 22.8894 34.1465 51.4073 31.6601 175.4465 66.0985 82.0111 86.9072 89.5163 65.654 10.3457 52.3667 8.1835 43.6147 44.9251 67.3365 5.2946 1253.8915 848.1403 848.1403 807.2076 101.0832 298.3878 168.9936 99.2586 361.8732 1292.5627 252.1143 462.6444 120.3351 41.3612 248.9663 214.8193 203.8937 1306.0269;
	3.8783 52.4048 95.1018 111.2957 15.2271 33.11 30.0523 8.0211 8.4065 13.4578 24.8765 37.1108 55.8702 25.4722 182.923 68.9152 85.5059 90.6107 89.772 64.3912 10.0174 77.2566 19.5256 38.9206 59.2425 71.2257 5.3554 1160.8354 825.0291 825.0291 736.7713 108.2861 299.24 165.7431 79.8587 352.0124 1216.2048 243.0576 446.2079 158.6852 78.4838 367.3 205.664 252.4012 1228.8736;
	3.8877 52.5317 92.8796 115.2201 15.0695 34.1926 30.3943 12.2796 9.4794 12.7028 23.481 35.0291 52.7361 38.631 192.9387 72.6885 90.1876 95.572 85.8343 69.2714 10.1314 79.7826 28.1628 56.8247 102.8109 75.5424 11.1115 1043.0338 809.5782 809.5782 681.9006 108.0651 286.1144 178.3047 121.1133 345.42 1228.7489 266.1425 460.3558 275.3862 110.5596 379.3095 210.3002 281.6907 1241.5483;
	3.8399 51.8856 92.1499 116.8981 15.3201 34.1356 28.8317 19.1012 5.2507 10.6241 19.6384 29.2967 44.106 61.3308 200.3928 75.4968 93.672 99.2643 87.4946 61.6251 9.6106 79.6498 23.9891 63.1101 105.4867 76.3432 14.004 988.7937 784.5388 784.5388 671.3503 106.5479 291.6486 158.6231 192.2804 334.7365 1140.4342 290.2262 466.2803 282.5536 120.3677 378.6778 207.9081 283.9128 1152.3138;
	3.7521 50.6997 92.8343 116.5408 15.3054 34.1634 28.2644 19.1505 0.0 11.524 21.3019 31.7782 47.8419 62.6706 201.9882 76.0979 94.4177 100.0546 57.1534 66.343 9.4215 79.7147 28.9054 89.2699 106.315 76.501 14.0115 760.9676 776.366 776.366 658.8173 108.403 190.5114 170.767 196.4808 331.2495 1108.0699 303.1295 449.5669 284.7724 120.3775 378.9865 213.4889 277.9493 1119.6123;
	3.8858 52.506 94.6673 119.1553 15.3692 34.6461 30.1092 18.8996 17.2382 11.709 21.644 32.2885 48.6102 59.7874 199.0129 74.977 93.027 98.5808 61.7609 60.3095 10.0364 80.8408 23.8542 88.9836 103.4063 74.7458 13.576 602.0233 811.9733 811.9733 726.6865 104.7324 205.8697 155.2368 187.4416 346.442 1080.4227 283.8475 466.8639 276.9811 121.015 384.3402 217.4577 279.0024 1091.6771;
	3.8875 52.5287 93.2476 117.2662 15.4104 34.8414 30.0441 18.8849 26.0351 17.8624 33.0184 49.257 74.1561 68.083 197.9178 74.5644 92.5151 98.0383 45.0272 64.5574 10.0147 81.2966 29.3396 83.2427 100.7194 72.5391 13.5881 473.7527 828.2123 828.2123 764.2502 100.5293 150.0905 166.1708 213.4493 353.3706 985.039 283.155 459.1148 269.784 121.8589 386.5073 216.6254 268.4349 995.2998;
	3.4561 46.6994 91.5782 114.5278 15.4118 33.368 27.5227 17.9843 26.5908 20.7215 38.3035 57.1412 86.0258 64.403 187.5881 70.6727 87.6865 92.9215 54.4009 56.9097 9.1742 77.8587 34.8073 84.6398 101.3589 72.6452 12.8509 332.2709 814.5579 814.5579 709.8598 101.5457 181.3364 146.4857 201.9121 347.5447 807.629 245.6672 450.1952 271.497 120.4689 370.1626 202.1468 269.207 816.0418;
	2.2351 30.2016 91.1877 112.1231 15.2413 21.9585 25.8515 18.2488 26.8117 27.6191 51.0535 76.1618 114.6612 63.2618 185.0464 69.7152 86.4984 91.6625 92.307 57.642 8.6172 51.2365 57.9132 83.5857 99.5497 70.7952 13.5874 340.5361 751.255 751.255 655.6327 101.0087 307.6899 148.3707 198.3344 320.5355 722.8346 235.2437 447.1095 266.6509 119.8824 243.593 181.4063 272.1185 730.3641;
	2.4602 33.243 93.9188 115.8735 15.3928 13.3436 26.1121 18.6521 27.6231 30.7156 56.7774 84.7007 127.5165 63.6291 187.2742 70.5545 87.5398 92.7661 90.8434 66.7989 8.704 31.1351 74.7832 89.0309 106.2202 74.3279 13.7662 347.4315 645.5797 645.5797 622.5249 99.3181 302.8113 171.9406 199.4858 275.4473 543.899 211.9492 459.9706 284.5183 122.7412 148.0252 146.2924 277.209 549.5646;
	2.3583 31.8658 93.0494 116.1556 14.3082 6.3868 22.6478 18.8677 27.2082 30.6819 56.715 84.6076 127.3762 62.3083 197.8435 74.5364 92.4803 98.0015 91.1489 70.0749 7.5493 14.9026 75.7709 89.9338 105.4149 75.5117 14.1159 464.0679 506.2202 506.2202 419.7602 87.8934 303.8297 180.373 195.3448 215.9873 437.4148 187.9714 454.6384 282.3613 123.1136 70.8511 127.1363 268.4542 441.9712;
	3.5617 48.1259 92.4236 86.6455 15.4029 26.6714 16.1473 18.8581 23.654 30.7563 56.8526 84.8129 127.6854 56.012 197.6398 74.4596 92.3851 97.9006 91.748 71.9541 5.3824 62.2334 75.7529 89.4911 104.4931 75.4942 13.9993 456.0321 525.1974 525.1974 404.8572 49.3802 305.8266 185.2101 175.6051 224.0842 472.6775 167.3041 463.4784 279.8922 121.4005 295.8751 96.7096 273.7577 477.6012;
	3.5072 47.3903 95.144 67.6687 15.4127 33.574 15.8854 19.1679 27.9079 29.2014 53.9783 80.525 121.2299 62.5529 197.2002 74.294 92.1796 97.6829 91.7134 73.309 5.2951 78.3393 74.8213 89.9616 106.7403 75.7938 14.1573 562.9964 621.6498 621.6498 427.6531 29.8707 305.7114 188.6976 196.1117 265.2373 602.5081 123.0691 226.3622 285.9114 122.2669 372.4473 129.0194 275.9957 608.7842;
	3.8368 51.8441 93.4986 65.2014 15.4047 33.7964 30.5617 19.057 27.6741 13.4638 24.8876 37.1274 55.8952 64.4967 187.8309 70.7642 87.8 93.0418 78.983 72.5301 10.1872 78.8582 53.9464 88.9337 106.1582 74.3094 14.1024 673.376 627.1376 627.1376 396.4236 29.5285 263.2766 186.6927 202.2058 267.5787 772.0125 88.417 447.1551 284.3524 121.34 374.9144 135.2499 258.4367 780.0543;
