function loadprofile = ex_load_profilesh1
%EX_LOAD_PROFILE  Example load profile data file for stochastic unit commitment.
% 2022.03.12
% Andres F. Ramirez

%% define constants
[CT_LABEL, CT_PROB, CT_TABLE, CT_TBUS, CT_TGEN, CT_TBRCH, CT_TAREABUS, ...
    CT_TAREAGEN, CT_TAREABRCH, CT_ROW, CT_COL, CT_CHGTYPE, CT_REP, ...
    CT_REL, CT_ADD, CT_NEWVAL, CT_TLOAD, CT_TAREALOAD, CT_LOAD_ALL_PQ, ...
    CT_LOAD_FIX_PQ, CT_LOAD_DIS_PQ, CT_LOAD_ALL_P, CT_LOAD_FIX_P, ...
    CT_LOAD_DIS_P, CT_TGENCOST, CT_TAREAGENCOST, CT_MODCOST_F, ...
    CT_MODCOST_X] = idx_ct;

loadprofile = struct( ...
    'type', 'mpcData', ...
    'table', CT_TAREALOAD, ...
    'rows', [1:11], ...
    'col', CT_LOAD_ALL_P, ...
    'chgtype', 1, ...
    'values', [] );
loadprofile.values(:,1,:) = [
	1475.356 1015.2408 1576.3109 599.7101 839.7 1277.9233 949.7362 329.8704 593.2373 5079.2789 2029.9112;
	1434.2781 966.7252 1535.8798 582.5 813.0197 1258.3 914.5091 288.8441 570.5045 5017.049 2065.0164;
	1453.1734 996.2625 1559.2151 603.1678 835.1172 1285.904 935.2785 331.1507 569.1213 4973.1339 2101.5213;
	1470.1906 968.9439 1553.4683 607.7 852.6073 1269.3 942.0179 297.8776 592.7562 4953.6348 2134.7616;
	1538.5183 1024.472 1630.1156 618.4508 900.2354 1320.4103 976.9602 316.1916 580.1663 5175.4758 2181.2448;
	1555.07 1085.1186 1708.9973 611.6914 952.3438 1355.4918 1029.7 342.3595 601.1885 5364.518 2278.9667;
	1547.6745 1079.8598 1717.1685 600.3422 998.0893 1392.6881 1064.7155 340.7869 619.7715 5321.8747 2193.6646;
	1574.2547 1097.4731 1706.4252 604.5426 1028.1145 1465.1849 1181.2783 368.5394 665.3908 5595.9258 2330.287;
	1635.3991 1125.4881 1726.2255 601.9465 1051.0251 1495.6372 1191.3874 396.9345 675.8415 5709.6301 2397.0911;
	1651.149 1149.8346 1747.814 587.5304 1061.766 1553.6684 1240.5496 409.7075 681.1 5678.4128 2484.3422;
	1659.3608 1179.3489 1776.4548 583.4172 1065.7005 1541.6314 1266.5644 406.0 684.5847 5692.9862 2473.2031;
	1720.0458 1242.1562 1805.3 569.6975 1024.301 1524.677 1266.4498 425.4219 736.1111 5857.4717 2472.1692;
	1672.5039 1195.8578 1770.6856 573.5976 954.5555 1436.5029 1180.0068 389.6958 686.4434 5742.2161 2402.2729;
	1689.6998 1232.7017 1793.345 562.5342 979.4245 1423.2659 1149.7621 403.1264 676.3744 5650.8344 2444.4525;
	1632.0059 1165.4419 1806.3437 546.9138 1005.3939 1434.9449 1140.969 418.5926 682.3165 5731.849 2530.502;
	1664.6 1190.8732 1798.8 552.8593 996.3508 1438.6699 1138.1966 405.8849 679.874 5732.1374 2658.613;
	1717.7632 1207.3 1809.3829 542.7676 1016.4525 1476.8 1138.34 388.8 723.807 5765.0814 2737.1843;
	1789.0 1211.8216 1816.4273 547.4518 1008.332 1535.5 1187.1272 426.5453 784.255 6132.9844 2754.7606;
	1779.9 1228.0681 1819.6555 528.6004 1006.42 1525.7022 1189.8216 409.4413 776.4107 6288.4143 2735.4476;
	1783.7016 1206.4912 1776.2366 523.6442 949.492 1455.4021 1154.4078 397.4842 724.7818 6103.3472 2622.3289;
	1683.7744 1130.9061 1688.0 521.4412 861.8446 1391.7432 1073.4 355.7 662.0 5740.5943 2474.0889;
	1591.3913 1058.3 1624.8382 523.9385 837.1991 1301.4 1010.7146 333.2535 605.7593 5293.3548 2232.0707;
	1538.9693 985.8152 1557.5768 545.0193 814.3 1167.9496 998.5466 297.0887 548.7051 4821.2514 1835.5732;
	1576.2 945.1869 1532.7 533.3269 803.8 1112.6904 960.8557 294.2931 568.2155 4825.5092 1878.0888;
];
