function solarprofile = ex_solar_profilesh1
%EX_WIND_PROFILE_D  Example wind_load_nyiso profile data for deterministic unit commitment.
% 2022.03.12
% Andres F. Ramirez


%% define constants
[GEN_BUS, PG, QG, QMAX, QMIN, VG, MBASE, GEN_STATUS, PMAX, PMIN, ...
    MU_PMAX, MU_PMIN, MU_QMAX, MU_QMIN, PC1, PC2, QC1MIN, QC1MAX, ...
    QC2MIN, QC2MAX, RAMP_AGC, RAMP_10, RAMP_30, RAMP_Q, APF] = idx_gen;
[CT_LABEL, CT_PROB, CT_TABLE, CT_TBUS, CT_TGEN, CT_TBRCH, CT_TAREABUS, ...
    CT_TAREAGEN, CT_TAREABRCH, CT_ROW, CT_COL, CT_CHGTYPE, CT_REP, ...
    CT_REL, CT_ADD, CT_NEWVAL, CT_TLOAD, CT_TAREALOAD, CT_LOAD_ALL_PQ, ...
    CT_LOAD_FIX_PQ, CT_LOAD_DIS_PQ, CT_LOAD_ALL_P, CT_LOAD_FIX_P, ...
    CT_LOAD_DIS_P, CT_TGENCOST, CT_TAREAGENCOST, CT_MODCOST_F, ...
    CT_MODCOST_X] = idx_ct;

solarprofile = struct( ...
    'type', 'mpcData', ...
    'table', CT_TGEN, ...
    'rows', [1:12], ...
    'col', PMAX, ...
    'chgtype', 1, ...
    'values', [] );
solarprofile.values(:,1,:) = [
	0.0 0.0 0.0 0.0 0.0 0.0 0.0 0.0 0.0 0.0 0.0 0.0;
	0.0 0.0 0.0 0.0 0.0 0.0 0.0 0.0 0.0 0.0 0.0 0.0;
	0.0 0.0 0.0 0.0 0.0 0.0 0.0 0.0 0.0 0.0 0.0 0.0;
	0.0 0.0 0.0 0.0 0.0 0.0 0.0 0.0 0.0 0.0 0.0 0.0;
	0.0 0.0 0.0 0.0 0.0 0.0 0.0 0.0 0.0 0.0 0.0 0.0;
	0.0 0.0 0.0 0.0 0.0 0.0 0.0 0.0 0.0 0.0 0.0 0.0;
	0.2628 0.6422 0.2408 2.0497 1.9866 34.1125 4.2641 6.4261 84.5469 29.2478 10.0213 52.968;
	0.7196 1.188 0.5851 1.6606 4.4551 61.7225 7.7153 11.2547 29.5129 192.0925 35.2792 347.8807;
	0.9775 1.2591 0.8069 2.1424 5.0695 67.8212 8.4777 13.652 18.7133 138.4835 29.0513 250.7945;
	1.2991 1.7097 1.0095 2.795 5.4087 115.1602 14.395 28.9513 65.8312 34.1229 11.8956 61.7968;
	1.5875 2.1513 1.4033 3.6148 6.9015 146.9428 18.3678 41.3176 97.3045 16.517 15.5728 29.9124;
	2.1594 2.3946 2.0844 2.8602 7.7511 153.697 19.2121 45.5304 106.0318 11.1898 24.2716 20.2648;
	3.5977 2.9417 2.7998 1.528 5.2753 176.1695 22.0212 49.4664 102.9869 38.93 52.8464 70.5024;
	2.8253 1.9118 2.0811 1.1853 3.8019 128.755 16.0944 33.9377 83.989 70.8865 46.531 128.3758;
	1.5519 0.8354 0.9331 1.3823 2.6147 119.0094 14.8762 23.44 85.3659 84.9169 35.8343 153.785;
	0.7603 0.4089 0.25 2.3489 0.8548 133.2665 16.6583 13.1245 100.0977 220.0017 27.276 398.4244;
	0.3085 0.2998 0.1887 0.7103 0.7909 42.7933 5.3492 7.7483 28.4016 46.5452 24.2556 84.2936;
	0.0 0.0 0.0 0.0 0.0 0.0 0.0 0.0 0.0 0.0 0.0 0.0;
	0.0 0.0 0.0 0.0 0.0 0.0 0.0 0.0 0.0 0.0 0.0 0.0;
	0.0 0.0 0.0 0.0 0.0 0.0 0.0 0.0 0.0 0.0 0.0 0.0;
	0.0 0.0 0.0 0.0 0.0 0.0 0.0 0.0 0.0 0.0 0.0 0.0;
	0.0 0.0 0.0 0.0 0.0 0.0 0.0 0.0 0.0 0.0 0.0 0.0;
	0.0 0.0 0.0 0.0 0.0 0.0 0.0 0.0 0.0 0.0 0.0 0.0;
	0.0 0.0 0.0 0.0 0.0 0.0 0.0 0.0 0.0 0.0 0.0 0.0;
];
