function solarprofile = ex_solar_profilesh1
%EX_WIND_PROFILE_D  Example wind_load_nyiso profile data for deterministic unit commitment.
% 2022.03.12
% Andres F. Ramirez


%% define constants
[GEN_BUS, PG, QG, QMAX, QMIN, VG, MBASE, GEN_STATUS, PMAX, PMIN, ...
    MU_PMAX, MU_PMIN, MU_QMAX, MU_QMIN, PC1, PC2, QC1MIN, QC1MAX, ...
    QC2MIN, QC2MAX, RAMP_AGC, RAMP_10, RAMP_30, RAMP_Q, APF] = idx_gen;
[CT_LABEL, CT_PROB, CT_TABLE, CT_TBUS, CT_TGEN, CT_TBRCH, CT_TAREABUS, ...
    CT_TAREAGEN, CT_TAREABRCH, CT_ROW, CT_COL, CT_CHGTYPE, CT_REP, ...
    CT_REL, CT_ADD, CT_NEWVAL, CT_TLOAD, CT_TAREALOAD, CT_LOAD_ALL_PQ, ...
    CT_LOAD_FIX_PQ, CT_LOAD_DIS_PQ, CT_LOAD_ALL_P, CT_LOAD_FIX_P, ...
    CT_LOAD_DIS_P, CT_TGENCOST, CT_TAREAGENCOST, CT_MODCOST_F, ...
    CT_MODCOST_X] = idx_ct;

solarprofile = struct( ...
    'type', 'mpcData', ...
    'table', CT_TGEN, ...
    'rows', [1:12], ...
    'col', PMAX, ...
    'chgtype', 1, ...
    'values', [] );
solarprofile.values(:,1,:) = [
	0.0 0.0 0.0 0.0 0.0 0.0 0.0 0.0 0.0 0.0 0.0 0.0;
	0.0 0.0 0.0 0.0 0.0 0.0 0.0 0.0 0.0 0.0 0.0 0.0;
	0.0 0.0 0.0 0.0 0.0 0.0 0.0 0.0 0.0 0.0 0.0 0.0;
	0.0 0.0 0.0 0.0 0.0 0.0 0.0 0.0 0.0 0.0 0.0 0.0;
	0.0 0.0 0.0 0.0 0.0 0.0 0.0 0.0 0.0 0.0 0.0 0.0;
	0.0 0.0 0.0 0.0 0.0 0.0 0.0 0.0 0.0 0.0 0.0 0.0;
	0.0212 0.0 0.0 0.2973 1.8319 0.0 0.0 13.8492 0.391 10.4553 6.0661 18.9345;
	0.5326 0.4644 0.5663 0.6736 5.0747 19.2382 2.4048 19.6707 20.2217 34.4561 19.0629 62.4002;
	0.8362 0.7718 0.8922 1.2782 6.1905 35.0401 4.38 19.4127 41.3047 70.8395 40.2395 128.2908;
	1.2743 1.145 0.9094 2.528 6.0137 51.8015 6.4752 25.5703 88.081 49.738 45.4255 90.0759;
	1.5918 1.0932 0.6553 4.1998 5.8772 76.5482 9.5685 41.5095 95.191 29.0589 38.0083 52.6259;
	2.1035 1.1069 0.7088 5.2789 6.2898 108.2561 13.532 45.9026 103.7572 18.042 28.5383 32.6742;
	3.4402 1.6144 1.4705 6.2008 8.047 255.5894 31.9487 35.995 106.7216 22.4375 51.2487 40.6345;
	2.882 1.6326 1.7651 4.9073 7.5903 235.1211 29.3901 21.087 89.2839 27.5006 55.7919 49.8038;
	2.0277 1.2382 1.3618 2.7352 5.3631 214.9173 26.8647 13.4766 70.0357 32.7882 63.953 59.3796;
	1.6203 1.0709 1.2302 0.8524 0.5975 180.7474 22.5934 12.1603 41.8634 35.6565 26.5107 64.5741;
	0.5507 0.3039 0.2856 0.442 0.5184 55.1558 6.8945 8.3855 32.2229 22.1035 9.4907 40.0295;
	0.0 0.0 0.0 0.0 0.0 0.0 0.0 0.0 0.0 0.0 0.0 0.0;
	0.0 0.0 0.0 0.0 0.0 0.0 0.0 0.0 0.0 0.0 0.0 0.0;
	0.0 0.0 0.0 0.0 0.0 0.0 0.0 0.0 0.0 0.0 0.0 0.0;
	0.0 0.0 0.0 0.0 0.0 0.0 0.0 0.0 0.0 0.0 0.0 0.0;
	0.0 0.0 0.0 0.0 0.0 0.0 0.0 0.0 0.0 0.0 0.0 0.0;
	0.0 0.0 0.0 0.0 0.0 0.0 0.0 0.0 0.0 0.0 0.0 0.0;
	0.0 0.0 0.0 0.0 0.0 0.0 0.0 0.0 0.0 0.0 0.0 0.0;
];
