function loadprofile = ex_load_profilesh1
%EX_LOAD_PROFILE  Example load profile data file for stochastic unit commitment.
% 2022.03.12
% Andres F. Ramirez

%% define constants
[CT_LABEL, CT_PROB, CT_TABLE, CT_TBUS, CT_TGEN, CT_TBRCH, CT_TAREABUS, ...
    CT_TAREAGEN, CT_TAREABRCH, CT_ROW, CT_COL, CT_CHGTYPE, CT_REP, ...
    CT_REL, CT_ADD, CT_NEWVAL, CT_TLOAD, CT_TAREALOAD, CT_LOAD_ALL_PQ, ...
    CT_LOAD_FIX_PQ, CT_LOAD_DIS_PQ, CT_LOAD_ALL_P, CT_LOAD_FIX_P, ...
    CT_LOAD_DIS_P, CT_TGENCOST, CT_TAREAGENCOST, CT_MODCOST_F, ...
    CT_MODCOST_X] = idx_ct;

loadprofile = struct( ...
    'type', 'mpcData', ...
    'table', CT_TAREALOAD, ...
    'rows', [1:11], ...
    'col', CT_LOAD_ALL_P, ...
    'chgtype', 1, ...
    'values', [] );
loadprofile.values(:,1,:) = [
	1463.2774 911.5993 1616.4178 537.6332 734.594 1268.1791 871.6458 297.3196 546.0484 4914.9163 1987.2118;
	1420.9901 890.7553 1560.4621 507.2786 710.3398 1230.7466 824.0054 283.2 494.0019 4599.9194 1789.4193;
	1379.7223 878.1284 1532.8981 537.7 706.1933 1222.8 818.8069 272.7 495.7179 4531.8734 1788.1097;
	1430.8299 902.4618 1563.9812 550.482 729.612 1246.3234 838.3148 281.1 532.3718 4553.3941 1830.3612;
	1450.7794 942.8998 1630.5758 584.9726 775.4822 1305.6684 887.4996 301.8 537.6699 4670.4227 1900.2135;
	1517.0184 985.6797 1698.0389 621.4568 873.017 1356.3468 932.3957 324.5605 582.4653 4849.8903 1961.8268;
	1558.5 1005.3082 1746.4251 623.9119 916.5646 1410.3987 999.1607 334.4985 601.953 5049.5453 2045.2819;
	1582.7496 1023.6 1778.5767 631.1032 952.3482 1460.1838 1059.3052 342.3807 629.381 5297.8929 2187.054;
	1611.8455 1045.3487 1818.7907 631.6 987.4734 1518.7 1078.5016 326.6609 664.4 5365.8039 2226.9761;
	1665.1487 1064.7775 1855.0 629.9 998.4361 1550.2374 1112.1548 335.3962 650.5956 5474.6552 2189.912;
	1675.6576 1075.2 1864.8582 628.9823 953.8519 1544.317 1116.3952 330.3075 648.0235 5526.9405 2238.8024;
	1683.5963 1074.542 1844.6776 627.4136 930.4979 1569.7 1140.6764 324.224 643.0 5538.552 2279.7951;
	1665.1425 1030.4319 1787.8847 621.3077 929.6395 1498.7884 1102.1592 325.8 643.8248 5501.5296 2350.4159;
	1651.0707 1033.4915 1783.1235 616.5 942.2256 1494.8185 1120.9742 314.3479 643.6017 5563.5419 2454.9768;
	1656.0121 1026.8891 1828.4898 613.4677 919.5251 1497.5542 1130.2215 322.0215 643.8267 5696.0335 2400.5036;
	1635.3841 1055.6 1852.1298 622.9 940.866 1482.3815 1164.2774 327.8647 661.5715 5802.1261 2453.1008;
	1650.2905 992.5611 1777.4495 622.5553 925.2169 1460.2814 1146.1391 358.709 674.1524 5831.676 2470.8419;
	1674.5111 1074.9977 1902.5666 632.1423 1006.857 1536.9671 1258.0317 385.2 727.4693 6052.2278 2665.0256;
	1667.6451 1045.5863 1831.2099 621.9 999.903 1525.2002 1218.5724 376.9219 732.5211 6061.164 2609.2077;
	1650.4903 1008.8262 1722.8045 594.0787 914.0925 1451.0086 1130.2924 349.8565 700.3975 5729.3718 2443.5763;
	1593.0074 977.2013 1696.4539 569.7277 839.9448 1338.9734 1056.6268 312.746 654.8 5398.6963 2200.4912;
	1577.1874 945.3426 1631.6795 548.0907 807.4338 1272.9034 980.6649 304.1 612.9526 5134.9333 2098.516;
	1455.6207 836.9914 1518.3336 545.5624 754.7936 1145.149 916.4859 295.4653 549.7704 4919.1376 1912.489;
	1479.7322 859.2919 1511.4913 497.6357 731.1081 1118.0 883.5426 287.7981 516.4 4644.6829 1807.961;
];
