function loadprofile = ex_load_profilesh1
%EX_LOAD_PROFILE  Example load profile data file for stochastic unit commitment.
% 2022.03.12
% Andres F. Ramirez

%% define constants
[CT_LABEL, CT_PROB, CT_TABLE, CT_TBUS, CT_TGEN, CT_TBRCH, CT_TAREABUS, ...
    CT_TAREAGEN, CT_TAREABRCH, CT_ROW, CT_COL, CT_CHGTYPE, CT_REP, ...
    CT_REL, CT_ADD, CT_NEWVAL, CT_TLOAD, CT_TAREALOAD, CT_LOAD_ALL_PQ, ...
    CT_LOAD_FIX_PQ, CT_LOAD_DIS_PQ, CT_LOAD_ALL_P, CT_LOAD_FIX_P, ...
    CT_LOAD_DIS_P, CT_TGENCOST, CT_TAREAGENCOST, CT_MODCOST_F, ...
    CT_MODCOST_X] = idx_ct;

loadprofile = struct( ...
    'type', 'mpcData', ...
    'table', CT_TAREALOAD, ...
    'rows', [1:11], ...
    'col', CT_LOAD_ALL_P, ...
    'chgtype', 1, ...
    'values', [] );
loadprofile.values(:,1,:) = [
	1447.3029 892.0711 1635.5048 575.3802 843.6924 1252.9619 908.1489 301.554 562.9 4714.6029 1800.3928;
	1422.2333 877.1397 1596.4981 550.6049 825.4959 1222.7702 875.6947 285.6331 530.631 4497.91 1720.5283;
	1405.1501 857.1398 1583.5995 562.5659 807.968 1227.4595 866.4761 272.6 532.2367 4500.8766 1716.033;
	1452.8611 886.819 1608.3785 573.1 843.3979 1258.7 893.6696 277.7336 540.4487 4541.1 1762.0;
	1547.7954 934.2884 1685.7 601.0057 900.2403 1336.2547 963.1337 287.9 558.0428 4700.5922 1825.3861;
	1615.3479 968.8564 1771.4601 624.5 954.9613 1371.8928 1029.6834 305.7349 602.2809 4846.2592 1855.3431;
	1674.5334 1015.9174 1865.0638 635.5 1023.156 1439.2 1090.4 331.0688 631.6634 5094.888 1962.6556;
	1722.5627 1064.158 1955.4478 634.4481 1049.5451 1475.0408 1138.4 336.3021 646.2 5266.9833 1960.992;
	1767.4412 1078.5458 1969.7 624.8956 1075.9697 1516.6563 1186.8 362.9353 670.8051 5525.024 2088.289;
	1717.1885 1088.1771 1922.8 621.9862 1026.119 1514.5677 1184.2459 376.4187 703.9 5703.0764 2164.6274;
	1723.6782 1103.6135 1911.8847 617.6 989.4832 1509.519 1222.0556 365.2937 724.0764 5856.8172 2210.3554;
	1749.2218 1104.2186 1920.5635 600.0 955.7967 1503.7724 1214.1744 361.8685 697.5909 5679.5875 2144.8733;
	1790.256 1096.2801 1917.9474 587.2829 949.2 1513.9671 1220.4919 367.6027 686.4436 5885.4451 2189.6515;
	1714.3986 1087.3 1883.149 578.4133 956.9339 1480.5406 1221.8612 353.1671 690.7524 5913.0774 2157.06;
	1713.1832 1083.8155 1855.9741 569.8413 972.6817 1472.6185 1159.6322 357.3791 661.4735 5881.6909 2153.8872;
	1765.5337 1128.5723 1909.0511 589.9702 1044.9259 1510.2543 1184.6326 374.6 659.0106 5891.7715 2315.7161;
	1758.2365 1131.8433 1906.3112 583.5425 1054.0442 1534.8522 1231.5979 396.353 674.2 5786.1943 2341.045;
	1800.7929 1185.582 2009.841 613.8568 1087.3965 1574.6387 1282.1062 387.9 718.5308 6026.7097 2487.8672;
	1793.2 1143.7466 1942.3 602.9773 1076.6697 1545.3533 1245.2184 387.1794 729.5 6296.7808 2468.5669;
	1834.7972 1149.3484 1886.4973 592.3987 1050.6353 1445.4734 1183.6783 376.0073 700.1769 6001.2598 2331.8484;
	1758.7583 1073.0623 1788.3689 583.4177 969.1251 1338.7058 1077.0471 350.783 632.8 5696.6296 2231.7588;
	1649.3246 1011.7586 1671.4 559.6 883.3 1273.4472 1006.3862 328.074 582.6468 5220.6822 2016.0796;
	1546.3879 925.5 1577.5692 558.4524 830.4031 1178.4208 959.6326 291.9044 528.3 4745.3909 1818.6833;
	1527.6995 913.0751 1611.463 549.8 793.8449 1181.6173 913.2524 274.407 491.136 4549.7132 1691.9303;
];
