function windprofile = ex_wind_profilesh1
%EX_WIND_PROFILE_D  Example wind_load_nyiso profile data for deterministic unit commitment.
% 2022.03.12
% Andres F. Ramirez


%% define constants
[GEN_BUS, PG, QG, QMAX, QMIN, VG, MBASE, GEN_STATUS, PMAX, PMIN, ...
    MU_PMAX, MU_PMIN, MU_QMAX, MU_QMIN, PC1, PC2, QC1MIN, QC1MAX, ...
    QC2MIN, QC2MAX, RAMP_AGC, RAMP_10, RAMP_30, RAMP_Q, APF] = idx_gen;
[CT_LABEL, CT_PROB, CT_TABLE, CT_TBUS, CT_TGEN, CT_TBRCH, CT_TAREABUS, ...
    CT_TAREAGEN, CT_TAREABRCH, CT_ROW, CT_COL, CT_CHGTYPE, CT_REP, ...
    CT_REL, CT_ADD, CT_NEWVAL, CT_TLOAD, CT_TAREALOAD, CT_LOAD_ALL_PQ, ...
    CT_LOAD_FIX_PQ, CT_LOAD_DIS_PQ, CT_LOAD_ALL_P, CT_LOAD_FIX_P, ...
    CT_LOAD_DIS_P, CT_TGENCOST, CT_TAREAGENCOST, CT_MODCOST_F, ...
    CT_MODCOST_X] = idx_ct;

windprofile = struct( ...
    'type', 'mpcData', ...
    'table', CT_TGEN, ...
    'rows', [1:45], ...
    'col', PMAX, ...
    'chgtype', 1, ...
    'values', [] );
windprofile.values(:,1,:) = [
	3.9216 52.9896 88.113 114.231 15.3756 36.2053 31.1838 5.9646 27.6433 12.1852 22.5241 33.6016 50.5869 42.8324 166.1852 62.6093 77.6819 82.3196 84.9553 67.5036 10.3946 84.4791 30.6227 29.7495 41.4034 24.7794 3.7323 1243.4607 809.901 809.901 630.7494 76.9878 283.1843 173.7545 134.2853 345.5577 1228.8519 202.1905 465.8077 110.9019 117.2079 401.6376 217.5819 117.8084 1241.6525;
	3.3369 45.0887 80.6799 42.6049 15.3859 29.9631 30.1626 6.0409 10.4784 10.6097 19.6119 29.2571 44.0464 39.1123 159.8598 60.2262 74.7252 79.1864 83.6513 67.9345 10.0542 69.9139 0.152 23.4068 35.136 26.7355 4.3554 1250.1654 830.795 830.795 680.6344 75.8869 278.8378 174.8635 122.6223 354.4725 1273.566 200.0658 466.1377 94.1144 116.4353 332.3906 216.6431 87.1573 1286.8323;
	3.2941 44.5105 89.7458 44.8798 15.3886 26.6197 31.6699 5.5262 10.7728 12.2555 22.6541 33.7955 50.8789 39.2553 187.4896 70.6356 87.6405 92.8727 84.0874 56.6571 10.5566 62.1126 0.2168 12.1984 27.7859 24.7746 4.1003 1285.1748 843.0189 843.0189 730.0237 92.4346 280.2912 145.8356 123.0706 359.6881 1288.0116 207.3936 469.675 74.4266 34.597 295.301 218.3888 119.3383 1301.4284;
	3.6523 49.3504 88.8993 49.8587 15.3652 15.4958 31.0964 6.809 11.0816 12.5579 23.213 34.6292 52.1341 27.6954 188.8577 71.151 88.28 93.5504 80.6767 57.3942 10.3655 36.1569 0.0 33.1608 35.3211 30.2596 4.8855 1285.8949 841.7314 841.7314 755.0926 99.9739 268.9223 147.7327 86.8287 359.1387 1297.7174 234.1552 468.7467 94.61 38.805 171.9001 218.2633 115.2488 1311.2353;
	3.8854 52.4996 86.9912 43.5301 15.263 23.9904 31.0222 7.5079 11.8876 11.504 21.265 31.7233 47.7592 29.823 173.2181 65.2589 80.9694 85.8034 85.4995 63.5457 10.3407 55.9776 0.0 28.3136 40.9379 65.1497 5.4478 1277.7965 850.2705 850.2705 796.2857 107.8149 284.9984 163.5668 93.4992 362.7821 1309.8286 246.428 475.1012 109.6552 39.4129 266.1337 215.4494 191.7916 1323.4726;
	3.9195 52.9614 95.2639 117.3758 15.3694 34.9912 31.5704 7.8353 11.9911 13.3968 24.7638 36.9428 55.6171 29.2444 186.9347 70.4266 87.3811 92.5979 87.825 65.9678 10.5235 81.6462 0.0 33.4351 54.7337 68.125 5.3057 1233.9596 829.8595 829.8595 792.9891 115.5351 292.75 169.8013 91.6851 354.0734 1261.4164 249.0915 479.2582 146.6083 76.3451 388.1692 216.9056 246.346 1274.5562;
	3.9845 53.8395 95.0193 120.8496 15.3936 35.6135 31.3139 12.4651 12.0875 13.7185 25.3584 37.8297 56.9524 38.6939 199.6569 75.2196 93.328 98.8998 83.2692 71.45 10.438 83.0983 20.1437 53.729 103.0309 75.6048 11.7929 1198.0292 834.3732 834.3732 802.7298 118.9983 277.5641 183.9124 121.3105 355.9992 1288.9276 299.8459 478.5044 275.9756 116.5506 395.0729 218.9752 277.5376 1302.3539;
	3.9243 53.0256 93.6096 118.2433 15.2342 35.2667 29.8614 18.948 11.3666 12.0426 22.2605 33.2083 49.995 59.8859 195.0775 73.4943 91.1874 96.6314 81.9215 58.2103 9.9538 82.2889 18.2141 58.704 104.902 74.963 13.8047 1117.0025 801.8386 801.8386 789.3758 119.093 273.0716 149.8335 187.7504 342.1178 1222.6918 317.5051 454.2792 280.9876 122.5865 391.2249 212.7589 277.8351 1235.4281;
	3.9309 53.1144 94.3201 115.7685 15.398 35.1436 29.5617 18.9494 11.296 13.6294 25.1937 37.5841 56.5826 65.4473 197.2229 74.3026 92.1903 97.6941 51.2861 68.4987 9.8539 82.0017 27.1057 87.2876 104.6433 74.6004 13.8338 800.8575 841.4268 841.4268 801.9928 117.0129 170.9537 176.3159 205.1862 359.0088 1215.2259 319.816 471.3278 280.2945 122.2692 389.8594 217.2204 270.741 1227.8845;
	3.9136 52.8811 93.8559 119.0603 15.3882 35.1301 29.9943 18.6784 21.9929 12.12 22.4036 33.4218 50.3164 60.7724 190.672 71.8346 89.1281 94.4491 54.3446 61.5792 9.9981 81.9703 20.6792 89.0655 102.521 73.1294 13.3047 640.783 845.7565 845.7565 789.0388 118.5792 181.1485 158.5051 190.5296 360.8561 1117.8431 299.2712 460.0785 274.6099 119.6749 389.7102 213.5349 268.4515 1129.4873;
	3.9202 52.9708 92.1694 118.1924 15.2507 35.0368 31.6013 18.8772 28.4505 18.4558 34.1153 50.8934 76.6197 67.5499 197.6748 74.4728 92.4015 97.918 34.2327 69.2316 10.5338 81.7525 27.8366 84.9525 99.1581 74.1562 13.6151 470.9547 816.4002 816.4002 768.4242 107.8226 114.109 178.2024 211.778 348.3308 974.2135 298.1817 473.4451 265.602 119.744 388.6746 212.4997 264.2255 984.3616;
	3.5927 48.5457 92.375 117.1629 14.874 33.6334 30.0243 18.7592 28.2111 19.4825 36.0131 53.7244 80.8819 67.8413 192.968 72.6996 90.2013 95.5865 49.5857 67.2393 10.0081 78.4779 31.24 85.0313 98.6856 75.573 13.631 360.2238 795.0541 795.0541 697.1273 110.0629 165.2858 173.0742 212.6915 339.2231 778.0174 262.0301 472.6242 264.3365 121.0519 373.1064 194.7325 262.5739 786.1217;
	2.37 32.0245 95.0028 119.134 14.9584 23.7402 26.0144 19.1306 28.3891 28.3288 52.3654 78.1188 117.6075 68.991 190.7045 71.8468 89.1433 94.4652 89.2481 68.984 8.6715 55.3938 57.9849 88.909 104.3772 76.1322 14.1364 327.9401 697.1411 697.1411 609.7282 106.6258 297.4936 177.565 216.296 297.4469 648.8379 225.8708 449.2408 279.5819 123.4608 263.358 174.3432 271.7112 655.5966;
	2.615 35.3345 94.7439 120.2713 15.1483 14.645 24.6269 19.1029 28.0786 30.5733 56.5144 84.3083 126.9257 65.6231 196.0656 73.8666 91.6493 97.1209 89.5141 72.4029 8.209 34.1717 73.8667 88.975 105.0068 76.4706 14.0643 333.9774 619.596 619.596 595.2695 109.323 298.3804 186.3652 205.7372 264.361 495.8076 214.2741 452.2053 281.2683 123.994 162.462 139.8425 264.7481 500.9723;
	2.5209 34.0623 93.698 118.3371 13.8182 26.7722 21.6675 18.7146 27.4954 29.3781 54.305 81.0124 121.9637 66.7917 204.0546 76.8764 95.3836 101.0782 90.8149 73.6459 7.2225 62.4685 72.316 86.5964 99.7095 75.058 13.8824 475.485 503.1893 503.1893 413.7095 99.3033 302.7163 189.5647 209.401 214.6941 453.7714 191.07 454.9785 267.079 123.7245 296.9933 123.869 245.0909 458.4982;
	3.7613 50.8238 94.737 95.2404 15.2495 29.7513 16.1091 19.106 22.0004 29.128 53.8427 80.3228 120.9255 62.9478 203.717 76.7492 95.2259 100.911 90.5658 73.5188 5.3697 69.4197 68.5558 89.5054 104.467 76.6233 14.0388 515.0982 534.7222 534.7222 415.6965 54.0785 301.8861 189.2375 197.35 228.1482 496.6185 166.8958 446.2066 279.8223 124.0511 330.0409 91.5967 260.8054 501.7916;
	3.5598 48.1003 95.092 77.5774 15.418 34.8936 13.3818 19.1706 26.551 28.8334 53.2981 79.5102 119.7022 63.3708 195.4751 73.6441 91.3733 96.8284 89.0528 72.1239 4.4606 81.4184 68.6334 89.9721 106.6188 76.6806 14.0793 591.23 591.8708 591.8708 429.7292 32.8357 296.8427 185.647 198.676 252.5316 586.4679 121.7007 175.8207 285.5861 123.322 387.0861 119.8328 267.0574 592.577;
	3.8976 52.6649 93.9969 74.8223 15.4065 34.6954 27.5402 19.1555 26.2709 14.0812 26.0289 38.83 58.4584 65.6212 176.0657 66.3317 82.3005 87.2139 72.2122 71.2989 9.1801 80.9559 43.9127 89.9168 106.7727 76.5534 14.139 647.721 624.7636 624.7636 383.5818 30.6484 240.7074 183.5236 205.7314 266.5658 750.2275 80.0463 416.6682 285.9984 123.8631 384.8873 132.6334 263.2998 758.0424;
