function windprofile = ex_wind_profilesh1
%EX_WIND_PROFILE_D  Example wind_load_nyiso profile data for deterministic unit commitment.
% 2022.03.12
% Andres F. Ramirez


%% define constants
[GEN_BUS, PG, QG, QMAX, QMIN, VG, MBASE, GEN_STATUS, PMAX, PMIN, ...
    MU_PMAX, MU_PMIN, MU_QMAX, MU_QMIN, PC1, PC2, QC1MIN, QC1MAX, ...
    QC2MIN, QC2MAX, RAMP_AGC, RAMP_10, RAMP_30, RAMP_Q, APF] = idx_gen;
[CT_LABEL, CT_PROB, CT_TABLE, CT_TBUS, CT_TGEN, CT_TBRCH, CT_TAREABUS, ...
    CT_TAREAGEN, CT_TAREABRCH, CT_ROW, CT_COL, CT_CHGTYPE, CT_REP, ...
    CT_REL, CT_ADD, CT_NEWVAL, CT_TLOAD, CT_TAREALOAD, CT_LOAD_ALL_PQ, ...
    CT_LOAD_FIX_PQ, CT_LOAD_DIS_PQ, CT_LOAD_ALL_P, CT_LOAD_FIX_P, ...
    CT_LOAD_DIS_P, CT_TGENCOST, CT_TAREAGENCOST, CT_MODCOST_F, ...
    CT_MODCOST_X] = idx_ct;

windprofile = struct( ...
    'type', 'mpcData', ...
    'table', CT_TGEN, ...
    'rows', [1:45], ...
    'col', PMAX, ...
    'chgtype', 1, ...
    'values', [] );
windprofile.values(:,1,:) = [
	3.9102 52.8353 87.5869 117.3655 14.9605 35.6714 30.9132 7.7869 27.3386 10.8027 19.9686 29.7892 44.8475 37.8221 185.9936 70.072 86.9412 92.1317 84.5856 69.9627 10.3044 83.2333 3.0776 32.569 52.1672 29.9605 5.1276 1235.6683 785.0492 785.0492 624.1676 84.0582 281.952 180.0842 118.5775 334.9543 1219.2321 201.1822 441.3508 139.7335 118.387 395.7151 212.8624 132.4401 1231.9324;
	3.4798 47.0196 85.4599 54.0001 15.1848 30.871 30.7018 8.4802 10.596 13.435 24.8345 37.0481 55.7758 36.2323 190.8493 71.9014 89.2109 94.537 88.3563 70.1259 10.2339 72.0323 22.4457 36.0009 52.6255 31.4319 5.806 1264.852 820.1847 820.1847 709.9151 77.6476 294.5211 180.5042 113.5933 349.9455 1299.4224 201.3104 461.4134 140.961 118.7037 342.4619 216.3692 116.8291 1312.958;
	3.2943 44.5136 91.0686 46.9871 15.1981 25.2059 32.0117 7.1014 9.7474 12.0902 22.3485 33.3395 50.1925 36.969 195.2636 73.5644 91.2744 96.7236 89.7076 65.9069 10.6706 58.8137 23.2515 36.9536 41.0618 29.0153 5.913 1256.2913 840.4354 840.4354 732.9763 91.6153 299.0253 169.6445 115.9029 358.5858 1299.966 208.268 475.5537 109.9869 30.5248 279.617 216.1504 145.1362 1313.5073;
	3.5358 47.777 88.9244 49.2497 15.0792 13.8575 31.8901 7.768 10.7286 11.1872 20.6794 30.8495 46.4438 26.8 199.7546 75.2564 93.3737 98.9482 88.8398 66.975 10.63 32.3342 21.4044 38.7447 42.5801 30.0268 5.4894 1221.5818 818.1843 818.1843 706.2433 97.3183 296.1325 172.3939 84.0217 349.092 1241.0369 215.0794 469.2213 114.0537 37.3363 153.7262 212.0748 131.563 1253.9644;
	3.8258 51.6948 82.9772 39.6386 14.9191 22.8174 31.7577 7.0857 11.0794 10.4318 19.2831 28.7665 43.3078 31.1049 187.351 70.5834 87.5757 92.8041 91.8506 66.8738 10.5859 53.2405 2.4898 24.8226 40.1884 62.121 5.1188 1192.1105 806.543 806.543 711.4369 99.4098 306.1688 172.1334 97.5181 344.125 1233.1015 211.5259 467.6461 107.6475 33.119 253.1207 212.1759 202.5413 1245.9463;
	3.8345 51.8129 94.1239 109.8614 14.9033 33.7211 32.2134 6.9176 11.6916 10.9915 20.3175 30.3098 45.6312 29.5851 197.1866 74.2889 92.1733 97.6762 91.52 66.4267 10.7378 78.6826 0.6238 20.0782 52.9038 67.1879 4.8047 1097.967 807.9805 807.9805 736.5637 108.8377 305.0668 170.9825 92.7532 344.7384 1212.7603 234.6765 478.7997 141.7065 63.7752 374.0795 214.1318 258.5674 1225.3932;
	3.9142 52.8893 91.6521 114.568 14.7238 34.3518 31.8286 10.7835 11.4471 11.8125 21.8353 32.5739 49.0399 39.2168 202.5009 76.291 94.6574 100.3086 85.5137 68.794 10.6095 80.1541 22.6721 43.5438 99.2709 75.5078 10.4388 1065.9568 802.8729 802.8729 712.4149 117.0569 285.0457 177.0759 122.95 342.5591 1252.1272 277.1104 469.7138 265.9042 103.0809 381.0756 216.1264 282.8971 1265.1702;
	3.8184 51.5953 91.6669 112.5432 14.8227 34.8975 31.3101 18.2493 11.1733 10.9306 20.2051 30.1421 45.3787 64.7881 201.2958 75.837 94.0941 99.7116 86.6271 59.3776 10.4367 81.4276 22.0889 49.4659 103.2196 74.3721 13.5064 1003.0347 814.3469 814.3469 753.7176 119.1324 288.757 152.8382 203.1195 347.4547 1258.2416 295.6272 477.2252 276.4811 118.1341 387.1299 210.0073 284.2364 1271.3483;
	3.8817 52.4503 93.8019 115.4175 15.0763 34.7189 30.8158 18.3649 9.6254 12.3001 22.7366 33.9185 51.0641 67.2582 198.4799 74.7762 92.7778 98.3168 51.1548 62.5733 10.2719 81.0107 26.6862 87.7283 105.9558 75.0186 13.7637 713.1798 841.4512 841.4512 746.8488 115.9176 170.5162 161.0639 210.8636 359.0192 1164.749 290.394 475.5854 283.8103 122.3837 385.1481 216.9508 283.0656 1176.8818;
	3.9241 53.0231 92.1405 113.675 15.2061 35.022 31.8788 18.5959 20.0745 11.5754 21.397 31.9201 48.0556 65.8037 200.0488 75.3672 93.5112 99.094 59.702 60.9776 10.6263 81.718 23.4938 87.1546 103.7433 73.5031 13.6823 589.4998 853.3784 853.3784 782.1699 113.7801 199.0065 156.9566 206.3036 364.1081 1133.3037 273.0814 479.4926 277.8838 120.9105 388.5106 218.2339 283.5743 1145.1089;
	3.9276 53.0701 93.812 115.1098 15.1968 35.0461 31.765 18.8705 28.0834 18.5817 34.3479 51.2404 77.1421 69.7193 203.9615 76.8413 95.3402 101.0321 50.5895 69.621 10.5883 81.7743 28.9427 83.7957 103.7371 72.5778 14.0245 475.1086 855.5461 855.5461 806.9766 111.6983 168.6317 179.2047 218.5794 365.033 1033.6385 289.1417 478.4677 277.8671 123.28 388.7784 216.5422 280.1379 1044.4055;
	3.5531 48.0095 92.8861 112.4508 15.0437 34.268 29.5151 18.7425 27.1708 18.7685 34.6932 51.7555 77.9176 68.6913 202.6818 76.3592 94.742 100.3982 59.0669 66.721 9.8384 79.9586 31.4094 84.0148 102.0081 74.0839 13.9955 350.6913 801.2379 801.2379 753.8223 112.4913 196.8897 171.7399 215.3567 341.8615 816.9843 262.0301 463.0504 273.2359 123.1792 380.1462 196.4704 282.5888 825.4946;
	2.2144 29.9219 94.6968 114.0698 14.97 22.2581 25.8518 18.9418 27.5815 27.8387 51.4593 76.7672 115.5726 69.6448 199.9484 75.3294 93.4643 99.0442 92.7149 67.0099 8.6173 51.9355 54.6461 85.8285 101.5347 73.4076 14.0834 311.0543 732.7771 732.7771 660.9056 110.3259 309.0498 172.4836 218.3458 312.6516 688.2476 235.5801 450.2586 271.9681 123.682 246.9164 178.2585 280.3642 695.4169;
	2.2593 30.5281 92.2984 113.0502 14.885 13.2155 26.8107 18.6939 28.2894 31.2341 57.7357 86.1303 129.6687 69.1653 204.5314 77.056 95.6065 101.3144 92.2173 73.2091 8.9369 30.8362 74.3985 84.8659 99.8248 74.593 14.0646 316.138 646.9304 646.9304 647.8091 106.5305 307.3909 188.4404 216.8426 276.0236 509.2334 213.0617 454.0732 267.3878 122.9648 146.6039 147.491 275.8206 514.5379;
	2.2431 30.3086 91.2245 114.5001 13.4744 6.274 23.1074 18.9213 28.232 29.9526 55.367 82.5966 124.3487 68.4402 205.5648 77.4454 96.0896 101.8263 92.8221 73.7965 7.7025 14.6394 72.6299 85.9542 101.2161 76.1444 14.0511 513.9242 518.1419 518.1419 462.9178 95.1947 309.4068 189.9524 214.5693 221.0739 484.7655 196.8749 451.1831 271.1147 121.2683 69.6 120.8984 265.0752 489.8152;
	3.4327 46.3828 90.7705 88.2463 14.8253 28.7516 16.3147 18.9478 22.9596 28.6616 52.9805 79.0366 118.9891 52.1355 200.2096 75.4278 93.5864 99.1736 87.8256 71.3798 5.4382 67.087 70.5572 86.5909 99.4661 76.2344 14.0867 536.695 511.3866 511.3866 412.9546 49.1072 292.752 183.7318 163.4519 218.1916 516.5302 166.5049 437.7587 266.427 122.2486 318.951 86.3037 272.908 521.9108;
	3.326 44.9412 92.5559 65.7749 15.2002 34.139 14.6239 19.0439 26.9041 26.3248 48.661 72.5927 109.2879 59.126 190.4564 71.7533 89.0273 94.3424 84.7528 68.8383 4.8746 79.6576 70.3335 87.5846 105.1135 76.1665 14.0572 586.0221 577.1779 577.1779 416.0202 28.4891 282.5093 177.19 185.368 246.2626 590.9635 116.1051 174.1508 281.554 121.1116 378.7148 114.7608 271.7361 597.1193;
	3.7092 50.12 92.9426 68.9898 15.2788 33.8429 29.4071 19.1274 26.3957 11.7104 21.6465 32.2923 48.6159 61.0876 183.9158 69.2892 85.9699 91.1025 74.1975 69.7986 9.8024 78.9668 45.0589 88.8683 106.1072 76.354 14.1477 700.1703 631.64 631.64 419.3792 29.4853 247.325 179.6618 191.5178 269.4997 808.4552 88.0862 413.5102 284.2156 123.7013 375.4308 131.0653 272.7169 816.8766;
