function solarprofile = ex_solar_profilesh1
%EX_WIND_PROFILE_D  Example wind_load_nyiso profile data for deterministic unit commitment.
% 2022.03.12
% Andres F. Ramirez


%% define constants
[GEN_BUS, PG, QG, QMAX, QMIN, VG, MBASE, GEN_STATUS, PMAX, PMIN, ...
    MU_PMAX, MU_PMIN, MU_QMAX, MU_QMIN, PC1, PC2, QC1MIN, QC1MAX, ...
    QC2MIN, QC2MAX, RAMP_AGC, RAMP_10, RAMP_30, RAMP_Q, APF] = idx_gen;
[CT_LABEL, CT_PROB, CT_TABLE, CT_TBUS, CT_TGEN, CT_TBRCH, CT_TAREABUS, ...
    CT_TAREAGEN, CT_TAREABRCH, CT_ROW, CT_COL, CT_CHGTYPE, CT_REP, ...
    CT_REL, CT_ADD, CT_NEWVAL, CT_TLOAD, CT_TAREALOAD, CT_LOAD_ALL_PQ, ...
    CT_LOAD_FIX_PQ, CT_LOAD_DIS_PQ, CT_LOAD_ALL_P, CT_LOAD_FIX_P, ...
    CT_LOAD_DIS_P, CT_TGENCOST, CT_TAREAGENCOST, CT_MODCOST_F, ...
    CT_MODCOST_X] = idx_ct;

solarprofile = struct( ...
    'type', 'mpcData', ...
    'table', CT_TGEN, ...
    'rows', [1:12], ...
    'col', PMAX, ...
    'chgtype', 1, ...
    'values', [] );
solarprofile.values(:,1,:) = [
	0.0 0.0 0.0 0.0 0.0 0.0 0.0 0.0 0.0 0.0 0.0 0.0;
	0.0 0.0 0.0 0.0 0.0 0.0 0.0 0.0 0.0 0.0 0.0 0.0;
	0.0 0.0 0.0 0.0 0.0 0.0 0.0 0.0 0.0 0.0 0.0 0.0;
	0.0 0.0 0.0 0.0 0.0 0.0 0.0 0.0 0.0 0.0 0.0 0.0;
	0.0 0.0 0.0 0.0 0.0 0.0 0.0 0.0 0.0 0.0 0.0 0.0;
	0.0 0.0 0.0 0.0 0.0 0.0 0.0 0.0 0.0 0.0 0.0 0.0;
	0.1185 0.0 0.0 0.5529 1.3838 0.0 0.0 0.0 0.4683 13.8577 5.3877 25.0963;
	0.494 0.0664 0.2967 1.476 3.2097 18.5969 2.3246 0.393 8.4712 163.9659 32.2665 296.9432;
	0.9565 0.5248 0.6652 2.3995 4.1893 47.5194 5.9399 2.6475 16.1097 260.6147 104.8903 471.9749;
	2.461 1.301 1.0027 3.0649 6.2696 59.9715 7.4964 3.6384 81.8299 245.7018 180.1798 444.9674;
	2.6973 1.2489 0.8348 3.6858 7.8121 56.4342 7.0543 2.7721 100.586 216.4215 205.4638 391.9407;
	2.5866 1.0403 0.6598 3.9094 8.3095 46.8844 5.8605 2.565 104.3303 196.1175 203.4387 355.17;
	3.1053 1.0406 0.7612 3.3798 5.4232 50.4532 6.3067 10.874 95.9887 186.8699 185.0074 338.4225;
	2.4931 1.012 0.9134 2.4905 4.2693 39.4346 4.9293 13.5182 78.6509 141.6418 105.7496 256.5142;
	1.8592 0.8653 0.659 1.6671 3.9071 33.116 4.1395 15.0734 64.6344 85.756 42.4627 155.3047;
	1.5343 0.804 0.5105 0.7223 3.1911 37.0584 4.6323 16.2434 40.8096 34.2559 12.8841 62.0377;
	0.3019 0.2251 0.1521 0.544 1.4194 41.1585 5.1448 9.731 27.9402 20.816 9.6049 37.698;
	0.0 0.0 0.0 0.0 0.0 0.0 0.0 0.0 0.0 0.0 0.0 0.0;
	0.0 0.0 0.0 0.0 0.0 0.0 0.0 0.0 0.0 0.0 0.0 0.0;
	0.0 0.0 0.0 0.0 0.0 0.0 0.0 0.0 0.0 0.0 0.0 0.0;
	0.0 0.0 0.0 0.0 0.0 0.0 0.0 0.0 0.0 0.0 0.0 0.0;
	0.0 0.0 0.0 0.0 0.0 0.0 0.0 0.0 0.0 0.0 0.0 0.0;
	0.0 0.0 0.0 0.0 0.0 0.0 0.0 0.0 0.0 0.0 0.0 0.0;
	0.0 0.0 0.0 0.0 0.0 0.0 0.0 0.0 0.0 0.0 0.0 0.0;
];
