function windprofile = ex_wind_profilesh1
%EX_WIND_PROFILE_D  Example wind_load_nyiso profile data for deterministic unit commitment.
% 2022.03.12
% Andres F. Ramirez


%% define constants
[GEN_BUS, PG, QG, QMAX, QMIN, VG, MBASE, GEN_STATUS, PMAX, PMIN, ...
    MU_PMAX, MU_PMIN, MU_QMAX, MU_QMIN, PC1, PC2, QC1MIN, QC1MAX, ...
    QC2MIN, QC2MAX, RAMP_AGC, RAMP_10, RAMP_30, RAMP_Q, APF] = idx_gen;
[CT_LABEL, CT_PROB, CT_TABLE, CT_TBUS, CT_TGEN, CT_TBRCH, CT_TAREABUS, ...
    CT_TAREAGEN, CT_TAREABRCH, CT_ROW, CT_COL, CT_CHGTYPE, CT_REP, ...
    CT_REL, CT_ADD, CT_NEWVAL, CT_TLOAD, CT_TAREALOAD, CT_LOAD_ALL_PQ, ...
    CT_LOAD_FIX_PQ, CT_LOAD_DIS_PQ, CT_LOAD_ALL_P, CT_LOAD_FIX_P, ...
    CT_LOAD_DIS_P, CT_TGENCOST, CT_TAREAGENCOST, CT_MODCOST_F, ...
    CT_MODCOST_X] = idx_ct;

windprofile = struct( ...
    'type', 'mpcData', ...
    'table', CT_TGEN, ...
    'rows', [1:45], ...
    'col', PMAX, ...
    'chgtype', 1, ...
    'values', [] );
windprofile.values(:,1,:) = [
	3.9448 53.3029 88.2848 116.1534 15.0669 35.9336 32.0032 6.4737 27.9703 11.6113 21.4634 32.0191 48.2047 46.464 185.1441 69.752 86.5441 91.7109 86.7691 72.2624 10.6677 83.8451 29.15 36.9451 44.2027 26.295 4.0245 1249.6745 828.6967 828.6967 708.7798 83.7905 289.2305 186.0036 145.671 353.5773 1210.8556 206.541 477.8441 118.4002 115.1833 398.6235 214.1316 112.3905 1223.4687;
	3.6393 49.1745 83.7899 48.6396 15.2 30.0635 31.7562 7.2503 10.7553 12.2343 22.6148 33.7369 50.7907 42.2935 184.4775 69.5008 86.2325 91.3807 86.6126 72.3818 10.5854 70.1482 28.7144 34.58 39.9233 30.0956 5.331 1275.1989 843.1357 843.1357 751.911 77.3815 288.7088 186.3109 132.5958 359.7379 1256.846 207.8697 479.2837 106.9373 116.2649 333.5047 217.905 99.9116 1269.9381;
	3.3557 45.3433 91.8361 51.2447 14.8214 26.0625 31.8745 6.7457 9.7474 12.1597 22.4769 33.5312 50.481 44.0509 192.7405 72.6139 90.095 95.4738 88.8795 67.9331 10.6248 60.8126 28.066 36.9076 38.6148 29.9194 5.9994 1286.7911 846.3263 846.3263 794.1883 96.2007 296.265 174.8599 138.1056 361.0992 1257.371 220.0434 478.81 103.4326 37.9254 289.1203 217.78 136.1152 1270.4686;
	3.5858 48.4519 86.0768 48.1436 14.3011 15.2134 32.2784 6.8693 10.8172 11.709 21.644 32.2886 48.6103 31.2303 196.9034 74.1822 92.0409 97.5359 87.3044 68.3624 10.7595 35.498 27.5895 28.4956 30.4867 30.7815 5.5225 1326.4568 861.0369 861.0369 784.8308 101.5542 291.0146 175.9651 97.9111 367.3758 1279.3598 231.2719 479.534 81.6607 39.1739 168.7677 214.8737 113.2452 1292.6865;
	3.9007 52.7067 87.7562 48.4848 14.8804 25.0069 32.3792 7.4815 11.796 9.7218 17.9707 26.8087 40.3604 35.765 185.8589 70.0213 86.8782 92.065 88.3963 67.3505 10.7931 58.3494 0.3183 27.3323 39.2631 67.8225 6.0959 1315.8276 850.1535 850.1535 786.5147 103.943 294.6542 173.3604 112.1281 362.7322 1276.4544 236.7468 479.833 105.169 40.9337 277.4096 216.8863 197.0769 1289.7508;
	3.8305 51.758 95.1211 117.988 14.8576 34.3078 31.9787 7.561 11.1479 9.729 17.9839 26.8285 40.3902 29.5534 191.1331 72.0083 89.3436 94.6776 88.7567 67.4912 10.6596 80.0516 1.0246 33.7978 56.8778 73.5501 5.7359 1237.3908 828.3347 828.3347 763.9873 110.8686 295.8557 173.7226 92.654 353.4228 1203.1636 226.1234 476.528 152.3513 73.5011 380.5884 212.5113 243.5948 1215.6966;
	3.886 52.508 95.0485 120.4128 15.1642 35.1446 32.3937 11.7362 12.1799 11.9673 22.1214 33.0008 49.6825 40.8138 198.65 74.8402 92.8573 98.401 86.6368 70.6449 10.7979 82.0042 26.9097 54.8091 104.5244 76.3322 11.8135 1182.384 830.819 830.819 769.2278 115.0759 288.7894 181.8402 127.9568 354.4828 1257.9614 290.7455 475.6117 279.9761 113.4657 389.8713 216.8429 278.5092 1271.0652;
	3.7748 51.0062 93.7566 119.3829 15.2944 33.772 31.9067 18.5793 11.8712 9.7298 17.9854 26.8306 40.3934 63.5549 192.4352 72.4988 89.9522 95.3225 83.6535 61.7901 10.6356 78.8014 26.5629 60.7874 105.7333 75.7553 13.8425 1055.8034 799.6632 799.6632 738.0763 115.3478 278.845 159.0478 199.2533 341.1896 1160.4212 305.4085 470.5569 283.2142 118.4519 374.6446 207.8348 279.4253 1172.5089;
	3.7688 50.9245 94.7538 116.9354 15.3465 33.722 31.3565 18.911 11.1061 9.8087 18.1313 27.0483 40.721 63.0598 192.5668 72.5484 90.0138 95.3878 52.5241 68.1759 10.4522 78.6847 27.009 88.6964 105.2624 76.1688 13.8501 772.6212 826.2872 826.2872 719.1671 112.9865 175.0804 175.4848 197.7011 352.5492 1110.3548 302.9741 474.2466 281.953 120.019 374.0894 215.6496 282.3271 1121.921;
	3.829 51.7381 94.745 118.1844 15.2993 34.3082 31.696 18.6849 21.3379 12.0748 22.3201 33.2972 50.1288 60.86 188.0176 70.8345 87.8873 93.1343 55.9845 61.699 10.5653 80.0525 27.0625 88.1489 101.6373 74.7346 13.3862 648.869 828.719 828.719 727.3249 112.1266 186.615 158.8135 190.8043 353.5868 1130.5868 286.2673 465.3746 272.2427 118.6946 380.5926 213.5417 283.6025 1142.3637;
	3.8641 52.2124 94.8732 119.8601 15.1415 34.7481 31.9753 18.4891 28.3435 17.7768 32.8602 49.0209 73.8008 66.8799 200.3978 75.4987 93.6743 99.2668 44.2714 70.2333 10.6584 81.0788 31.1334 88.0721 104.5571 76.0967 13.6201 492.703 798.4053 798.4053 736.7329 106.5034 147.5715 180.7807 209.6775 340.6529 972.4078 298.7916 468.0492 280.0638 122.457 385.4719 213.7516 282.3221 982.5371;
	3.379 45.6581 92.9144 118.3577 14.7882 32.4996 30.1535 18.233 27.9766 18.5513 34.2918 51.1566 77.016 64.3666 196.5009 74.0306 91.8528 97.3365 55.0256 66.1439 10.0512 75.8325 33.6955 84.6609 100.0758 76.1413 13.2577 361.6807 785.6648 785.6648 688.6511 107.0912 183.4186 170.2546 201.798 335.217 805.8102 263.0356 457.8497 268.0603 118.311 360.5291 196.0966 277.3895 814.2041;
	2.2 29.7262 89.7433 113.0387 15.0049 21.0254 26.0783 18.6982 28.0328 27.1439 50.175 74.8512 112.6881 66.3465 195.1436 73.5192 91.2183 96.6641 92.4535 67.3232 8.6928 49.0594 61.5407 82.4487 99.8435 75.6612 13.8033 341.9567 733.2761 733.2761 631.777 101.0505 308.1783 173.2902 208.0053 312.8645 706.6859 247.1376 434.9848 267.438 117.6339 233.2422 178.5829 276.0769 714.0472;
	2.483 33.5511 92.1447 119.1771 15.1852 13.9428 26.0199 18.9665 28.339 30.6177 56.5964 84.4307 127.11 67.282 196.0027 73.8429 91.6199 97.0897 92.0471 70.6232 8.6733 32.5331 73.9729 84.4631 103.2944 76.1272 13.7723 333.9792 647.8347 647.8347 609.9656 100.9222 306.8235 181.7843 210.9381 276.4095 555.295 220.6973 462.1503 276.6814 122.6665 154.6716 148.6089 280.4985 561.0793;
	2.154 29.1047 87.9562 117.4025 12.7115 4.9405 22.1561 18.4151 27.7872 29.4021 54.3494 81.0786 122.0634 67.5825 205.0128 77.2374 95.8316 101.5529 92.3453 72.906 7.3854 11.5279 72.2623 84.389 100.1963 73.9638 13.587 510.2662 541.207 541.207 466.3331 94.4132 307.8177 187.6602 211.8803 230.915 492.5141 207.8034 466.1161 268.3828 119.5548 54.807 117.5123 258.9548 497.6444;
	3.1572 42.6603 86.6357 83.7735 14.7878 27.8837 17.1283 18.4123 24.6865 29.3802 54.3088 81.018 121.9721 64.3841 202.8801 76.4339 94.8347 100.4964 92.4194 72.1156 5.7094 65.0619 71.3955 85.0183 97.4064 73.1087 13.5731 569.6047 566.602 566.602 443.6012 53.5833 308.0647 185.6257 201.853 241.7502 561.5298 177.2078 473.596 260.9101 120.688 309.3231 84.1449 266.7831 567.3791;
	3.1608 42.7094 88.5344 60.5549 15.0069 34.1103 15.6337 18.2106 28.0566 29.1227 53.8328 80.308 120.9032 64.3839 193.9326 73.063 90.6522 96.0643 92.2924 70.6259 5.2112 79.5906 74.2036 85.699 101.434 74.2902 13.4294 628.6809 637.5152 637.5152 486.7601 34.2985 307.6415 181.7911 201.8523 272.0065 650.5262 132.1031 216.5564 271.6983 119.9032 378.3966 112.2709 264.6182 657.3025;
	3.6181 48.8891 87.8363 57.4625 15.3344 33.4829 29.1115 18.5137 27.2077 15.1139 27.9377 41.6776 62.7454 62.4728 190.405 71.734 89.0032 94.3169 81.7808 71.5234 9.7038 78.1268 56.1728 87.3263 101.8549 72.9276 13.4 696.6856 654.0953 654.0953 414.6427 29.7721 272.6026 184.1013 195.8605 279.0807 815.6705 85.7539 421.2123 272.8257 121.1282 371.4369 117.3952 257.0141 824.167;
