function loadprofile = ex_load_profilesh1
%EX_LOAD_PROFILE  Example load profile data file for stochastic unit commitment.
% 2022.03.12
% Andres F. Ramirez

%% define constants
[CT_LABEL, CT_PROB, CT_TABLE, CT_TBUS, CT_TGEN, CT_TBRCH, CT_TAREABUS, ...
    CT_TAREAGEN, CT_TAREABRCH, CT_ROW, CT_COL, CT_CHGTYPE, CT_REP, ...
    CT_REL, CT_ADD, CT_NEWVAL, CT_TLOAD, CT_TAREALOAD, CT_LOAD_ALL_PQ, ...
    CT_LOAD_FIX_PQ, CT_LOAD_DIS_PQ, CT_LOAD_ALL_P, CT_LOAD_FIX_P, ...
    CT_LOAD_DIS_P, CT_TGENCOST, CT_TAREAGENCOST, CT_MODCOST_F, ...
    CT_MODCOST_X] = idx_ct;

loadprofile = struct( ...
    'type', 'mpcData', ...
    'table', CT_TAREALOAD, ...
    'rows', [1:11], ...
    'col', CT_LOAD_ALL_P, ...
    'chgtype', 1, ...
    'values', [] );
loadprofile.values(:,1,:) = [
	1545.6401 945.006 1633.6897 581.6 813.9 1176.1119 901.1959 290.2663 553.1278 4752.8003 1803.7971;
	1501.8404 932.726 1597.4573 581.7 808.8913 1159.0894 863.0553 282.2131 534.1 4576.5988 1707.3289;
	1483.1063 916.6234 1577.6 585.7967 816.6 1165.2513 883.8144 279.6086 536.1119 4588.3676 1724.4179;
	1524.3465 944.8679 1644.3422 595.2 853.5 1207.0961 902.5176 299.9263 542.4 4662.1959 1770.1667;
	1533.0602 979.4611 1703.9144 588.1 880.8 1243.3045 937.5 312.5285 579.0298 4820.6351 1870.0;
	1602.5752 1012.6 1732.5353 592.4312 908.9686 1309.2178 1000.0177 329.9668 614.9353 5054.8275 1971.7056;
	1640.035 1060.5355 1806.5 613.0 993.8488 1358.6105 1062.0558 338.5 630.0755 5303.5395 2080.1127;
	1719.2288 1126.0 1880.6806 610.3262 1049.273 1423.3031 1168.1743 379.3004 722.4904 5731.1181 2248.5;
	1760.0478 1128.4 1967.4457 626.1151 1085.3224 1491.8563 1268.0124 396.9651 726.0925 5818.2298 2344.8708;
	1753.5785 1132.4565 1962.394 640.8576 1077.171 1498.823 1316.282 399.6339 737.9236 6153.7802 2398.3563;
	1770.8196 1149.6384 1945.0918 630.4573 1018.3531 1452.2626 1322.6477 386.7824 724.0563 6051.3759 2394.68;
	1803.134 1177.5582 1953.1763 614.8619 1034.4293 1471.8639 1329.7251 400.431 754.5437 6206.3335 2481.2719;
	1769.6611 1126.8092 1923.3262 603.3576 1025.2168 1436.9642 1289.4948 368.2377 749.9507 5856.9095 2419.355;
	1768.696 1154.2988 1942.4976 610.4007 1021.2081 1423.8431 1227.4684 389.4038 760.8506 5740.9154 2345.8919;
	1738.9417 1134.5497 1991.5225 612.235 1034.872 1430.4533 1219.2391 369.0264 705.1977 5568.9465 2275.6644;
	1761.7341 1133.9309 1955.0126 612.6169 1013.7118 1464.1207 1238.6205 402.8489 721.9297 5584.0948 2269.809;
	1802.1135 1135.9993 1941.8899 612.3734 1017.7407 1466.7039 1202.9101 378.6377 734.827 5592.9254 2238.1396;
	1864.0758 1171.6 2008.0445 626.0 1046.6895 1504.738 1257.5037 417.4569 741.0863 5663.2756 2353.7919;
	1902.8946 1197.9618 2039.5677 626.2333 1059.7 1499.9103 1258.4336 445.4404 791.0401 5955.0498 2437.2293;
	1844.1123 1171.5662 1975.1911 604.5224 997.5 1434.3591 1195.7 448.0435 751.5522 5734.3208 2320.3582;
	1790.2908 1121.4646 1840.8177 575.3539 920.13 1336.1 1094.8099 411.1341 716.3357 5731.9607 2227.2872;
	1705.682 1031.7793 1738.7 561.0969 859.2837 1217.331 1001.2589 334.4281 655.6 5334.0688 2038.4823;
	1645.9927 964.3402 1566.1525 571.9159 800.047 1101.0874 918.1795 277.5415 564.0124 4876.0535 1765.9;
	1598.7972 939.6337 1530.4782 572.4822 811.8 1068.0 889.2954 270.0811 520.5685 4624.029 1682.4179;
];
