function loadprofile = ex_load_profilesh1
%EX_LOAD_PROFILE  Example load profile data file for stochastic unit commitment.
% 2022.03.12
% Andres F. Ramirez

%% define constants
[CT_LABEL, CT_PROB, CT_TABLE, CT_TBUS, CT_TGEN, CT_TBRCH, CT_TAREABUS, ...
    CT_TAREAGEN, CT_TAREABRCH, CT_ROW, CT_COL, CT_CHGTYPE, CT_REP, ...
    CT_REL, CT_ADD, CT_NEWVAL, CT_TLOAD, CT_TAREALOAD, CT_LOAD_ALL_PQ, ...
    CT_LOAD_FIX_PQ, CT_LOAD_DIS_PQ, CT_LOAD_ALL_P, CT_LOAD_FIX_P, ...
    CT_LOAD_DIS_P, CT_TGENCOST, CT_TAREAGENCOST, CT_MODCOST_F, ...
    CT_MODCOST_X] = idx_ct;

loadprofile = struct( ...
    'type', 'mpcData', ...
    'table', CT_TAREALOAD, ...
    'rows', [1:11], ...
    'col', CT_LOAD_ALL_P, ...
    'chgtype', 1, ...
    'values', [] );
loadprofile.values(:,1,:) = [
	1491.4037 940.7514 1600.9184 587.5411 805.6648 1201.6625 908.6074 277.1 553.0 4863.3947 1884.4952;
	1467.0236 928.7343 1579.3206 575.3 804.3343 1215.9 907.9534 277.8689 535.9208 4736.749 1849.0768;
	1489.2094 927.8488 1586.3 582.0046 805.4687 1214.185 921.9489 274.1 544.3659 4767.8474 1873.2086;
	1471.0448 926.8 1604.4502 576.9311 826.2251 1221.0353 911.7 283.0871 552.1106 4690.2284 1858.4357;
	1514.0157 972.0509 1700.0591 596.7585 870.5 1244.3037 935.7091 288.2 578.9 4821.3967 1940.4626;
	1577.2276 1006.7411 1724.1 609.1 904.0575 1271.2245 967.0044 303.6 606.3983 4898.7522 1964.8028;
	1611.374 1035.2137 1763.6852 634.4936 932.4848 1336.375 1032.9 311.7 644.2633 5128.9321 2071.8898;
	1659.3041 1082.1064 1810.4199 631.6 969.3386 1397.8468 1099.3895 327.7415 667.5116 5467.5115 2214.3728;
	1676.2196 1081.0634 1789.1169 601.8348 946.932 1404.8805 1154.4384 341.0758 685.7246 5654.9002 2341.096;
	1701.0694 1109.9462 1792.6697 613.8361 934.5443 1394.8858 1155.4874 352.4676 683.6674 5700.6553 2337.9864;
	1706.9449 1113.9 1753.882 591.946 917.6508 1387.5143 1149.636 351.3918 682.1028 5682.694 2301.0366;
	1724.1 1158.1409 1768.88 570.4836 901.7634 1406.3 1165.0862 347.6 699.3646 5696.4299 2311.1635;
	1750.9103 1120.7 1711.9364 552.2826 904.3281 1387.7325 1141.1261 357.726 695.648 5857.0896 2416.8749;
	1736.7443 1099.581 1735.5496 565.4874 886.67 1397.1986 1132.5828 361.0091 724.6197 5879.6658 2263.4541;
	1725.9 1111.7 1748.4761 568.2197 890.2678 1411.3185 1091.8329 352.8221 685.5005 5759.319 2226.1384;
	1719.1605 1109.067 1689.095 564.3068 870.4299 1403.6758 1101.2638 379.1526 687.8235 5695.3726 2320.1457;
	1668.1436 1097.1764 1646.5405 574.3073 891.5259 1416.5085 1092.227 360.524 676.5708 5688.0257 2283.7967;
	1671.8843 1118.4806 1703.064 571.2393 928.2647 1489.8631 1105.2 369.4 718.8346 5734.875 2381.6555;
	1777.7633 1131.6127 1778.8666 590.7 977.1051 1492.964 1131.8 352.1998 715.1959 5735.7539 2353.783;
	1757.4152 1069.9283 1698.5255 574.9682 914.1189 1405.358 1074.1016 340.4 696.7603 5608.7836 2283.0176;
	1704.3372 1029.2365 1629.9465 563.3887 861.4546 1318.9849 1023.5665 321.7848 653.7 5382.8794 2136.3227;
	1649.581 991.3 1587.5193 548.5423 800.7824 1236.6583 948.6415 304.2152 586.3201 5082.16 1982.6538;
	1507.706 881.9707 1493.6797 556.3 761.7394 1138.9 916.3665 282.022 539.6457 4819.2895 1921.1303;
	1533.9507 866.6954 1501.3065 555.33 763.3912 1116.2 898.4614 275.4457 517.3079 4631.0 1786.6352;
];
