function solarprofile = ex_solar_profilesh1
%EX_WIND_PROFILE_D  Example wind_load_nyiso profile data for deterministic unit commitment.
% 2022.03.12
% Andres F. Ramirez


%% define constants
[GEN_BUS, PG, QG, QMAX, QMIN, VG, MBASE, GEN_STATUS, PMAX, PMIN, ...
    MU_PMAX, MU_PMIN, MU_QMAX, MU_QMIN, PC1, PC2, QC1MIN, QC1MAX, ...
    QC2MIN, QC2MAX, RAMP_AGC, RAMP_10, RAMP_30, RAMP_Q, APF] = idx_gen;
[CT_LABEL, CT_PROB, CT_TABLE, CT_TBUS, CT_TGEN, CT_TBRCH, CT_TAREABUS, ...
    CT_TAREAGEN, CT_TAREABRCH, CT_ROW, CT_COL, CT_CHGTYPE, CT_REP, ...
    CT_REL, CT_ADD, CT_NEWVAL, CT_TLOAD, CT_TAREALOAD, CT_LOAD_ALL_PQ, ...
    CT_LOAD_FIX_PQ, CT_LOAD_DIS_PQ, CT_LOAD_ALL_P, CT_LOAD_FIX_P, ...
    CT_LOAD_DIS_P, CT_TGENCOST, CT_TAREAGENCOST, CT_MODCOST_F, ...
    CT_MODCOST_X] = idx_ct;

solarprofile = struct( ...
    'type', 'mpcData', ...
    'table', CT_TGEN, ...
    'rows', [1:12], ...
    'col', PMAX, ...
    'chgtype', 1, ...
    'values', [] );
solarprofile.values(:,1,:) = [
	0.0 0.0 0.0 0.0 0.0 0.0 0.0 0.0 0.0 0.0 0.0 0.0;
	0.0 0.0 0.0 0.0 0.0 0.0 0.0 0.0 0.0 0.0 0.0 0.0;
	0.0 0.0 0.0 0.0 0.0 0.0 0.0 0.0 0.0 0.0 0.0 0.0;
	0.0 0.0 0.0 0.0 0.0 0.0 0.0 0.0 0.0 0.0 0.0 0.0;
	0.0 0.0 0.0 0.0 0.0 0.0 0.0 0.0 0.0 0.0 0.0 0.0;
	0.0 0.0 0.0 0.0 0.0 0.0 0.0 0.0 0.0 0.0 0.0 0.0;
	0.2861 0.4661 0.5335 1.8582 1.9076 38.2055 4.7757 1.3615 37.614 16.4876 9.5236 29.8591;
	1.5662 0.9091 1.7066 1.3458 2.1035 18.7319 2.3415 5.7494 32.4812 33.1752 15.9004 60.0805;
	2.7167 1.1877 2.6702 1.4688 2.9605 29.4035 3.6754 11.7151 55.822 40.3939 25.1953 73.1536;
	5.1202 2.2826 5.0649 1.69 5.9831 146.379 18.2974 17.1018 203.5996 27.9161 35.3612 50.5562;
	3.5233 2.4576 3.3967 2.6557 7.7088 176.1994 22.0249 20.0001 216.8802 35.5259 49.8681 64.3376;
	2.9053 2.3548 2.4977 4.1442 7.5951 122.9825 15.3728 16.9653 201.1476 38.6827 77.298 70.0547;
	2.5979 1.8675 2.4337 5.0688 4.0192 54.6757 6.8345 10.6039 178.7949 52.3283 102.2148 94.7669;
	1.9643 1.2473 1.9746 4.0634 2.8473 27.1716 3.3965 4.6033 162.4009 42.7814 61.6853 77.4774;
	1.2144 0.7522 1.3091 2.3563 2.1515 28.5182 3.5648 3.0333 126.2747 27.7829 34.1291 50.315;
	0.4664 0.4077 0.7662 0.89 0.9224 30.5628 3.8203 1.7743 24.5722 14.2753 12.8301 25.8527;
	0.2415 0.218 0.1471 0.4553 0.5347 28.5168 3.5646 6.7363 22.1103 17.1876 10.3849 31.1268;
	0.0 0.0 0.0 0.0 0.0 0.0 0.0 0.0 0.0 0.0 0.0 0.0;
	0.0 0.0 0.0 0.0 0.0 0.0 0.0 0.0 0.0 0.0 0.0 0.0;
	0.0 0.0 0.0 0.0 0.0 0.0 0.0 0.0 0.0 0.0 0.0 0.0;
	0.0 0.0 0.0 0.0 0.0 0.0 0.0 0.0 0.0 0.0 0.0 0.0;
	0.0 0.0 0.0 0.0 0.0 0.0 0.0 0.0 0.0 0.0 0.0 0.0;
	0.0 0.0 0.0 0.0 0.0 0.0 0.0 0.0 0.0 0.0 0.0 0.0;
	0.0 0.0 0.0 0.0 0.0 0.0 0.0 0.0 0.0 0.0 0.0 0.0;
];
