function windprofile = ex_wind_profilesh1
%EX_WIND_PROFILE_D  Example wind_load_nyiso profile data for deterministic unit commitment.
% 2022.03.12
% Andres F. Ramirez


%% define constants
[GEN_BUS, PG, QG, QMAX, QMIN, VG, MBASE, GEN_STATUS, PMAX, PMIN, ...
    MU_PMAX, MU_PMIN, MU_QMAX, MU_QMIN, PC1, PC2, QC1MIN, QC1MAX, ...
    QC2MIN, QC2MAX, RAMP_AGC, RAMP_10, RAMP_30, RAMP_Q, APF] = idx_gen;
[CT_LABEL, CT_PROB, CT_TABLE, CT_TBUS, CT_TGEN, CT_TBRCH, CT_TAREABUS, ...
    CT_TAREAGEN, CT_TAREABRCH, CT_ROW, CT_COL, CT_CHGTYPE, CT_REP, ...
    CT_REL, CT_ADD, CT_NEWVAL, CT_TLOAD, CT_TAREALOAD, CT_LOAD_ALL_PQ, ...
    CT_LOAD_FIX_PQ, CT_LOAD_DIS_PQ, CT_LOAD_ALL_P, CT_LOAD_FIX_P, ...
    CT_LOAD_DIS_P, CT_TGENCOST, CT_TAREAGENCOST, CT_MODCOST_F, ...
    CT_MODCOST_X] = idx_ct;

windprofile = struct( ...
    'type', 'mpcData', ...
    'table', CT_TGEN, ...
    'rows', [1:45], ...
    'col', PMAX, ...
    'chgtype', 1, ...
    'values', [] );
windprofile.values(:,1,:) = [
	3.8709 52.3039 84.0003 110.3988 15.1195 35.8096 31.8312 6.0305 27.8592 10.599 19.5921 29.2275 44.0018 39.7353 181.152 68.248 84.678 89.7334 81.2767 66.4272 10.6104 83.5556 29.9196 24.5942 35.2263 22.3604 5.145 1195.7377 803.2821 803.2821 638.3495 89.8348 270.9224 170.9837 124.5756 342.7337 1235.7451 196.7795 446.0857 94.3563 112.8926 397.2473 215.5516 107.2632 1248.6175;
	3.3405 45.137 74.1723 41.1337 15.0457 29.369 31.5499 6.9687 10.8145 11.1118 20.5399 30.6415 46.1307 37.6154 174.6974 65.8162 81.6609 86.5362 80.6523 67.5413 10.5166 68.5276 22.1228 18.4628 31.8986 25.7669 5.5997 1236.293 811.4069 811.4069 709.9409 77.7019 268.8409 173.8516 117.9294 346.2003 1264.9772 194.0788 452.0504 85.4426 117.0176 325.7999 216.9956 95.2074 1278.154;
	3.3537 45.3164 88.2126 48.6972 15.2868 26.8221 31.9077 6.0746 10.0604 11.1524 20.6151 30.7536 46.2994 35.9074 182.596 68.792 85.353 90.4487 76.9215 49.2048 10.6359 62.5848 18.2577 31.6113 34.1021 18.3725 6.2069 1271.2132 837.1606 837.1606 727.5355 90.3171 256.405 126.6532 112.5745 357.1885 1298.5125 197.4107 449.0213 91.345 34.1572 297.5461 218.8766 128.6487 1312.0386;
	3.7026 50.0301 85.5218 55.191 15.2713 17.8498 32.5742 6.7981 12.3004 12.787 23.6366 35.2612 53.0856 24.4171 189.9547 71.5643 88.7928 94.0938 75.1554 63.73 10.8581 41.6494 27.5884 32.7658 34.3451 18.3023 5.6124 1307.5102 841.7477 841.7477 769.6369 98.6498 250.518 164.0411 76.5509 359.1457 1318.0785 208.222 468.1198 91.9959 35.0264 198.0133 219.1417 121.0445 1331.8084;
	3.9243 53.0259 83.7025 44.6654 15.3213 26.8957 32.2463 6.8344 12.4802 11.6029 21.4478 31.996 48.1697 24.3154 177.865 67.0096 83.1415 88.1052 78.1622 64.9518 10.7488 62.7565 4.731 17.8492 34.3962 57.2443 5.3656 1295.3762 839.5378 839.5378 771.5992 101.7893 260.5406 167.186 76.2321 358.2028 1319.0586 213.6354 457.2232 92.1328 36.2513 298.3625 219.2119 203.5361 1332.7988;
	3.8774 52.3928 92.9837 112.0695 15.0011 34.7342 32.0926 6.8786 12.9935 11.5389 21.3296 31.8195 47.9041 18.4689 186.2181 70.1566 87.0462 92.2429 88.1529 64.9649 10.6975 81.0464 4.9911 17.6874 48.0277 64.1377 5.2552 1210.588 793.9589 793.9589 736.8481 110.6474 293.8429 167.2199 57.9024 338.7558 1257.0675 223.7391 458.3336 128.6456 69.266 385.3176 216.865 244.5179 1270.162;
	3.8898 52.5601 91.6381 116.8105 14.9488 34.467 31.1087 10.3268 11.7684 12.1933 22.5391 33.6239 50.6206 34.1515 185.885 70.0311 86.8904 92.0779 73.7579 66.7822 10.3696 80.423 26.9563 43.826 97.2965 74.1596 10.7322 1139.4276 788.4513 788.4513 714.8935 110.9406 245.8598 171.8976 107.0695 336.4059 1265.2199 252.5325 456.0128 260.6155 111.889 382.3537 218.6629 268.7127 1278.3993;
	3.7818 51.101 92.1227 116.5021 14.7748 34.5723 30.8018 18.4408 11.3417 11.0542 20.4335 30.4828 45.8916 58.4113 180.0915 67.8484 84.1823 89.2081 76.3797 50.2301 10.2673 80.6688 28.3112 55.6504 102.8571 74.9592 13.6352 1023.0548 765.5871 765.5871 623.1586 110.9244 254.5991 129.2924 183.1273 326.6505 1160.3867 255.5181 455.5115 275.5101 121.2028 383.5226 213.8888 277.0483 1172.4741;
	3.7558 50.7485 92.0524 116.8698 14.6906 33.4942 30.0567 17.8362 11.2921 11.2218 20.7434 30.9451 46.5876 62.6914 187.3812 70.5948 87.5898 92.819 44.1287 58.9903 10.0189 78.1532 30.6052 86.9519 102.9573 73.7016 13.3824 793.821 827.8109 827.8109 655.5964 112.6283 147.0957 151.8412 196.5461 353.1993 1182.2346 283.7055 453.0925 275.7786 118.8584 371.5627 209.6631 275.1971 1194.5495;
	3.9098 52.8304 94.3622 119.9288 15.1568 34.7691 29.7038 18.6079 21.4415 11.5996 21.4418 31.9869 48.1561 64.0589 175.6675 66.1817 82.1144 87.0167 38.7988 45.9047 9.9013 81.1278 25.9133 89.1155 103.4744 75.7783 13.6466 619.8203 827.3109 827.3109 692.6371 109.7386 129.3292 118.1588 200.8334 352.986 1074.5612 267.0271 439.7719 277.1637 117.4816 385.7047 214.8823 283.5554 1085.7545;
	3.8613 52.1751 94.0061 115.6135 14.967 33.8791 30.3398 18.3383 28.1146 16.9171 31.2709 46.6501 70.2314 68.7963 190.6361 71.821 89.1113 94.4314 13.9253 56.9406 10.1133 79.0511 27.4202 86.6947 101.2021 74.5085 13.474 399.7195 789.3878 789.3878 694.2556 98.9445 46.4175 146.5653 215.6857 336.8055 875.191 259.0182 446.1811 271.0772 115.4905 375.8317 206.2112 273.4029 884.3076;
	3.4563 46.7025 94.1137 117.6314 15.3031 31.6401 27.2436 18.6962 27.1986 18.5133 34.2215 51.0517 76.8581 66.7238 187.3352 70.5774 87.5683 92.7962 18.582 60.0853 9.0812 73.827 35.4269 88.6453 100.7294 76.1477 13.5075 317.5736 742.0333 742.0333 592.9616 100.2508 61.9399 154.6596 209.1882 316.6009 719.5491 222.8433 439.9593 269.8108 117.612 350.9945 193.0269 276.9669 727.0444;
	2.2587 30.5206 94.2585 115.8177 15.0413 21.1558 23.2669 18.6564 26.3972 26.2052 48.4399 72.2629 108.7914 66.2334 186.9106 70.4175 87.3698 92.5859 73.9218 62.0614 7.7556 49.3635 62.027 88.4569 101.132 74.6734 13.9328 286.8779 673.7429 673.7429 541.9752 91.5145 246.4059 159.7462 207.6506 287.4636 608.7934 193.1304 431.9723 270.8892 119.7699 234.688 179.0106 280.9282 615.135;
	2.2914 30.9615 91.7812 110.2339 14.7473 12.0878 23.2462 18.1755 26.2446 28.9112 53.4419 79.7249 120.0253 66.6048 187.7584 70.7369 87.7661 93.0059 77.5065 66.5969 7.7487 28.2048 72.4791 85.0674 97.6184 72.4808 13.6031 296.5908 580.0329 580.0329 541.2271 100.9318 258.355 171.4206 208.8152 247.4807 446.1561 187.8288 448.6657 261.4777 121.3095 134.0939 143.0453 267.8946 450.8036;
	2.2727 30.7095 91.2013 110.7427 12.9398 2.3196 21.3137 17.8101 26.6444 27.8718 51.5205 76.8585 115.71 65.6059 194.5233 73.2855 90.9283 96.3569 80.4805 69.8522 7.1046 5.4123 73.1295 83.7471 96.3941 72.2534 13.5462 432.6039 460.0507 460.0507 374.7777 87.8046 268.2682 179.7997 205.6833 196.2883 372.2588 171.5901 441.0541 258.1984 115.9603 25.7317 126.9396 257.1929 376.1365;
	3.3416 45.1527 88.001 75.5183 13.5948 25.1196 16.1495 18.415 21.5066 23.8103 44.013 65.6588 98.8489 57.2315 197.1398 74.2713 92.1514 97.653 85.4002 69.623 5.3832 58.6124 68.7486 83.5313 96.5582 73.7103 13.7536 489.5555 483.5445 483.5445 347.1711 44.3157 284.6675 179.2098 179.4286 206.3123 437.2314 151.9178 446.1343 258.638 117.4675 278.6603 87.9571 261.2759 441.7859;
	3.1093 42.0137 86.3403 41.0478 13.9995 30.7207 14.5355 18.1625 26.0901 26.6405 49.2445 73.4631 110.5983 59.8524 190.1406 71.6344 88.8797 94.1859 85.4854 68.3951 4.8452 71.6817 70.782 83.573 92.3418 74.2377 13.5582 501.3262 493.199 493.199 348.2857 22.1766 284.9512 176.0493 187.6455 210.4316 480.2021 109.9548 173.9785 247.3442 114.9381 340.7954 112.9487 258.7255 485.2042;
	3.6349 49.1161 86.5408 53.8886 13.9796 32.024 27.5455 18.3283 24.7277 10.3034 19.0457 28.4124 42.7747 62.3148 181.5975 68.4158 84.8863 89.9541 67.9155 70.9386 9.1818 74.7226 45.8139 85.5764 101.2946 74.036 13.5105 676.8147 579.9292 579.9292 378.4337 27.3786 226.3849 182.5962 195.3654 247.4365 709.2892 80.6498 394.7649 271.3248 118.7396 355.2525 123.4324 262.2604 716.6777;
