function solarprofile = ex_solar_profilesh1
%EX_WIND_PROFILE_D  Example wind_load_nyiso profile data for deterministic unit commitment.
% 2022.03.12
% Andres F. Ramirez


%% define constants
[GEN_BUS, PG, QG, QMAX, QMIN, VG, MBASE, GEN_STATUS, PMAX, PMIN, ...
    MU_PMAX, MU_PMIN, MU_QMAX, MU_QMIN, PC1, PC2, QC1MIN, QC1MAX, ...
    QC2MIN, QC2MAX, RAMP_AGC, RAMP_10, RAMP_30, RAMP_Q, APF] = idx_gen;
[CT_LABEL, CT_PROB, CT_TABLE, CT_TBUS, CT_TGEN, CT_TBRCH, CT_TAREABUS, ...
    CT_TAREAGEN, CT_TAREABRCH, CT_ROW, CT_COL, CT_CHGTYPE, CT_REP, ...
    CT_REL, CT_ADD, CT_NEWVAL, CT_TLOAD, CT_TAREALOAD, CT_LOAD_ALL_PQ, ...
    CT_LOAD_FIX_PQ, CT_LOAD_DIS_PQ, CT_LOAD_ALL_P, CT_LOAD_FIX_P, ...
    CT_LOAD_DIS_P, CT_TGENCOST, CT_TAREAGENCOST, CT_MODCOST_F, ...
    CT_MODCOST_X] = idx_ct;

solarprofile = struct( ...
    'type', 'mpcData', ...
    'table', CT_TGEN, ...
    'rows', [1:12], ...
    'col', PMAX, ...
    'chgtype', 1, ...
    'values', [] );
solarprofile.values(:,1,:) = [
	0.0 0.0 0.0 0.0 0.0 0.0 0.0 0.0 0.0 0.0 0.0 0.0;
	0.0 0.0 0.0 0.0 0.0 0.0 0.0 0.0 0.0 0.0 0.0 0.0;
	0.0 0.0 0.0 0.0 0.0 0.0 0.0 0.0 0.0 0.0 0.0 0.0;
	0.0 0.0 0.0 0.0 0.0 0.0 0.0 0.0 0.0 0.0 0.0 0.0;
	0.0 0.0 0.0 0.0 0.0 0.0 0.0 0.0 0.0 0.0 0.0 0.0;
	0.0005 0.0 0.0 0.0 0.0 0.0 0.0 0.0 0.0 0.0 0.0003 0.0004;
	0.4554 22.7407 24.917 3.8972 6.1015 12.557 5.6956 0.9918 1.63 31.1775 0.4065 0.3569;
	0.8049 74.125 30.7845 4.9851 7.0868 40.9303 14.4868 1.7428 2.7526 39.8812 0.6404 0.6299;
	1.1034 115.7477 38.7244 5.6689 8.3941 63.9135 25.2796 2.362 3.5078 45.3511 0.8795 0.8759;
	2.2628 113.4321 89.5427 9.0536 12.5477 62.6349 32.7331 2.7221 4.0548 72.4284 1.8131 1.7963;
	2.4078 129.8095 101.0049 10.3971 14.1792 71.6781 38.6866 2.8868 4.6325 83.1772 1.9611 1.9305;
	2.3835 133.1092 101.2853 10.3582 14.3497 73.5001 40.0368 2.9787 4.7384 82.8654 1.9544 1.9099;
	3.4351 172.7075 95.1174 13.6463 25.398 95.3655 50.2805 3.3678 3.7713 109.1705 2.7997 2.2739;
	2.8548 147.9491 79.2797 10.0173 21.3101 81.6944 42.8625 2.9953 3.1557 80.1385 2.2761 1.9084;
	2.0528 118.9899 65.8516 8.3032 17.7337 65.7038 31.3366 2.4917 2.7013 66.4254 1.6946 1.4423;
	1.569 86.5485 39.2522 6.3069 10.4657 47.7903 19.3618 1.3772 1.5823 50.4553 1.3037 1.3202;
	0.3317 41.9523 25.6638 4.2783 7.2614 23.1652 11.8444 0.5891 0.8994 34.2264 0.3095 0.2104;
	0.0 0.0 0.0 0.0 0.0 0.0 0.0 0.0 0.0 0.0 0.0 0.0;
	0.0 0.0 0.0 0.0 0.0 0.0 0.0 0.0 0.0 0.0 0.0 0.0;
	0.0 0.0 0.0 0.0 0.0 0.0 0.0 0.0 0.0 0.0 0.0 0.0;
	0.0 0.0 0.0 0.0 0.0 0.0 0.0 0.0 0.0 0.0 0.0 0.0;
	0.0 0.0 0.0 0.0 0.0 0.0 0.0 0.0 0.0 0.0 0.0 0.0;
	0.0 0.0 0.0 0.0 0.0 0.0 0.0 0.0 0.0 0.0 0.0 0.0;
	0.0 0.0 0.0 0.0 0.0 0.0 0.0 0.0 0.0 0.0 0.0 0.0;
];
