function loadprofile = ex_load_profilesh1
%EX_LOAD_PROFILE  Example load profile data file for stochastic unit commitment.
% 2022.03.12
% Andres F. Ramirez

%% define constants
[CT_LABEL, CT_PROB, CT_TABLE, CT_TBUS, CT_TGEN, CT_TBRCH, CT_TAREABUS, ...
    CT_TAREAGEN, CT_TAREABRCH, CT_ROW, CT_COL, CT_CHGTYPE, CT_REP, ...
    CT_REL, CT_ADD, CT_NEWVAL, CT_TLOAD, CT_TAREALOAD, CT_LOAD_ALL_PQ, ...
    CT_LOAD_FIX_PQ, CT_LOAD_DIS_PQ, CT_LOAD_ALL_P, CT_LOAD_FIX_P, ...
    CT_LOAD_DIS_P, CT_TGENCOST, CT_TAREAGENCOST, CT_MODCOST_F, ...
    CT_MODCOST_X] = idx_ct;

loadprofile = struct( ...
    'type', 'mpcData', ...
    'table', CT_TAREALOAD, ...
    'rows', [1:11], ...
    'col', CT_LOAD_ALL_P, ...
    'chgtype', 1, ...
    'values', [] );
loadprofile.values(:,1,:) = [
	1458.3 928.2534 1621.9939 562.5453 900.0849 1249.0211 918.1953 280.4 562.2332 4721.5017 1810.5381;
	1412.7121 891.5 1568.5841 554.8747 863.4489 1223.4928 882.2 271.9 533.3594 4548.1492 1737.6056;
	1377.1311 878.1557 1564.9659 573.3 862.4843 1200.1915 882.1667 271.2808 526.1889 4473.7 1700.1536;
	1397.8 895.0344 1581.4134 585.3 871.3747 1228.1808 891.8678 273.5068 523.9666 4500.6896 1729.8836;
	1436.1107 902.2719 1650.4208 587.5544 917.1554 1276.1697 934.7066 276.2772 551.2 4628.8 1835.3881;
	1490.7241 918.2523 1701.06 593.449 953.6521 1304.3 959.0 290.0 560.4579 4784.6249 1922.2681;
	1488.3533 912.2305 1720.0224 576.1881 968.7158 1347.8357 979.6349 296.4638 578.7187 4990.0858 2009.1705;
	1558.848 935.8984 1719.0952 599.9594 970.906 1342.5733 1004.3524 300.3245 605.3976 5105.4496 2056.8611;
	1604.2699 943.3573 1786.5055 621.6 1020.7534 1309.2435 1043.6238 331.9838 626.8 5205.6305 2088.2788;
	1623.0712 964.75 1737.0 606.7 988.2051 1280.8621 1041.9752 325.7277 647.0141 5330.8701 2112.3324;
	1641.0917 970.9219 1734.751 597.3 1000.2 1280.9965 1030.0867 316.4249 641.6159 5308.866 2060.2455;
	1630.9235 969.6606 1729.2901 589.9841 963.2 1290.2415 1028.6641 324.1 641.7 5379.9 2096.5148;
	1631.3 976.6587 1735.2462 587.4 954.5 1282.179 991.6295 318.4513 607.8803 5361.8361 1988.3262;
	1670.7087 955.2253 1781.532 581.7778 963.0399 1258.4053 1003.2142 311.8163 606.6195 5462.2177 2067.0662;
	1664.7697 1019.8408 1818.8767 577.5 964.4791 1335.07 1040.8 315.0216 609.8615 5389.5151 2091.7896;
	1713.4964 1066.8 1852.7078 601.3 1020.1157 1385.5439 1073.7 333.2 619.34 5502.9828 2195.8865;
	1697.807 1078.2255 1807.5 615.6 1004.5689 1380.4206 1095.5 361.0857 630.1769 5517.0744 2230.4759;
	1708.5829 1121.9699 1889.4064 632.4713 1056.1433 1452.9105 1134.1268 373.7229 684.7624 5661.3622 2347.7;
	1764.06 1153.3 1886.0731 640.1275 1031.7829 1405.1073 1085.3606 352.67 682.9 5583.9422 2334.4367;
	1676.4468 1107.5187 1804.3453 588.6 957.1617 1337.2714 1025.9066 336.3404 657.8 5430.3226 2251.4179;
	1625.6502 1036.325 1678.8953 575.9651 881.1485 1245.6583 936.4439 304.227 613.1913 5150.1237 2103.2059;
	1563.4458 979.533 1637.1 555.8091 823.9 1165.358 891.477 290.1821 571.7194 4982.3776 1977.2;
	1468.379 929.0214 1559.971 547.1609 803.0657 1032.7086 852.8549 269.7139 510.4883 4648.8 1761.1714;
	1481.6895 908.7794 1540.5627 557.381 801.0 974.5628 828.2 264.5957 499.3973 4400.374 1633.9041;
];
