function windprofile = ex_wind_profilesh1
%EX_WIND_PROFILE_D  Example wind_load_nyiso profile data for deterministic unit commitment.
% 2022.03.12
% Andres F. Ramirez


%% define constants
[GEN_BUS, PG, QG, QMAX, QMIN, VG, MBASE, GEN_STATUS, PMAX, PMIN, ...
    MU_PMAX, MU_PMIN, MU_QMAX, MU_QMIN, PC1, PC2, QC1MIN, QC1MAX, ...
    QC2MIN, QC2MAX, RAMP_AGC, RAMP_10, RAMP_30, RAMP_Q, APF] = idx_gen;
[CT_LABEL, CT_PROB, CT_TABLE, CT_TBUS, CT_TGEN, CT_TBRCH, CT_TAREABUS, ...
    CT_TAREAGEN, CT_TAREABRCH, CT_ROW, CT_COL, CT_CHGTYPE, CT_REP, ...
    CT_REL, CT_ADD, CT_NEWVAL, CT_TLOAD, CT_TAREALOAD, CT_LOAD_ALL_PQ, ...
    CT_LOAD_FIX_PQ, CT_LOAD_DIS_PQ, CT_LOAD_ALL_P, CT_LOAD_FIX_P, ...
    CT_LOAD_DIS_P, CT_TGENCOST, CT_TAREAGENCOST, CT_MODCOST_F, ...
    CT_MODCOST_X] = idx_ct;

windprofile = struct( ...
    'type', 'mpcData', ...
    'table', CT_TGEN, ...
    'rows', [1:45], ...
    'col', PMAX, ...
    'chgtype', 1, ...
    'values', [] );
windprofile.values(:,1,:) = [
	2.3432 31.6618 77.3281 105.1814 14.7014 34.2167 29.9895 2.061 27.0267 10.8041 19.9711 29.793 44.8532 35.5556 181.9135 68.5349 85.034 90.1107 78.902 69.8154 9.9965 79.8389 28.2679 7.5526 12.2384 15.2424 3.0643 1233.3926 773.2402 773.2402 576.9395 87.7549 263.0066 179.7049 111.4715 329.9158 1207.1924 202.8474 445.6297 32.7813 111.8905 379.5768 195.6478 98.5268 1219.7674;
	2.5577 34.5607 70.0303 5.3343 14.7441 26.4037 29.5126 2.3492 9.4919 12.185 22.5237 33.601 50.5861 29.7469 183.2463 69.037 85.657 90.7708 83.0863 70.8182 9.8375 61.6086 26.3672 4.7066 0.0 22.7483 3.6775 1244.9172 769.6611 769.6611 539.1025 77.6735 276.9544 182.2862 93.2606 328.3887 1240.2158 184.0749 441.0112 0.0 112.513 292.9051 200.5592 88.1037 1253.1347;
	2.3785 32.1384 83.1988 31.7262 14.5692 23.0118 29.9815 5.7704 7.9707 11.961 22.1097 32.9833 49.6562 33.5709 194.3888 73.2348 90.8655 96.2903 84.8997 66.4068 9.9938 53.6941 27.2503 33.233 23.3188 28.3688 4.4881 1243.1924 787.4249 787.4249 662.7031 93.2607 282.9989 170.9313 105.2494 335.9679 1273.1412 201.4414 446.9544 62.4611 28.8758 255.2772 185.9368 120.881 1286.4031;
	3.1331 42.3348 85.5719 47.1166 14.202 13.9055 30.1739 7.374 9.9166 11.1719 20.6511 30.8074 46.3804 24.5269 193.8176 73.0196 90.5984 96.0073 82.7957 67.8463 10.058 32.4461 27.073 35.1138 33.5244 31.5844 5.19 1278.9549 812.881 812.881 697.5286 97.9718 275.9857 174.6365 76.895 346.8292 1299.6151 233.824 450.6302 89.7976 30.4508 154.258 192.7691 109.3658 1313.1527;
	3.5643 48.1612 80.075 34.4962 14.4087 21.7262 29.7076 6.9908 0.3054 10.1735 18.8056 28.0542 42.2355 22.8929 169.1347 63.7205 79.0606 83.7807 84.4553 66.2008 9.9025 50.6945 1.2463 23.7243 32.8399 59.2315 5.2472 1168.4815 788.6635 788.6635 651.6948 99.3218 281.5176 170.4011 71.7722 336.4964 1239.9331 221.0261 436.8208 87.9641 32.2798 241.0159 198.5466 187.7303 1252.8491;
	3.4503 46.6218 92.2868 112.2683 15.0504 32.5349 25.9934 7.3153 0.0338 11.1598 20.6287 30.774 46.3301 23.6786 181.9777 68.559 85.064 90.1424 87.0821 64.7646 8.6645 75.9147 0.9245 33.2323 51.0665 63.2553 5.288 1139.2673 791.5734 791.5734 606.4711 100.8097 290.2738 166.7043 74.2358 337.738 1202.9241 214.7071 437.787 136.7853 61.6897 360.9203 199.8506 239.4627 1215.4545;
	2.6491 35.7955 90.4868 115.8502 15.0227 30.7792 22.8698 12.3228 0.0 10.6228 19.6361 29.2932 44.1007 33.4788 189.5539 71.4133 88.6054 93.8953 82.2416 67.7124 7.6233 71.818 22.571 54.3264 101.5349 74.4237 11.53 1026.5858 756.6124 756.6124 619.4074 98.2597 274.1388 174.292 104.9606 322.8213 1172.2488 247.3288 434.8359 271.9686 106.7444 341.4435 198.3529 279.2068 1184.4597;
	3.4922 47.1874 89.0746 112.0167 14.8736 29.9906 29.2523 18.7075 0.0 9.5736 17.6967 26.4 39.745 55.8588 183.5702 69.159 85.8084 90.9313 73.7955 50.5563 9.7508 69.9781 15.7928 58.9418 103.1782 72.8608 13.7469 970.2151 724.3723 724.3723 594.0756 97.3306 245.985 130.1321 175.1247 309.0655 1140.8977 247.573 435.1422 276.3703 113.5077 332.6958 200.9458 281.8481 1152.7821;
	3.0377 41.0453 89.8225 111.4675 14.8876 30.4853 29.2077 17.6435 0.0 7.5257 13.9112 20.7528 31.2432 53.9482 187.7227 70.7235 87.7495 92.9882 34.7043 53.3357 9.7359 71.1323 0.5147 86.7258 100.7287 70.6651 13.1957 761.8745 778.049 778.049 615.4157 100.0422 115.6811 137.2863 169.1348 331.9676 1169.6895 286.6324 435.9648 269.8089 115.2343 338.1835 208.3032 276.0505 1181.8738;
	3.1788 42.9527 90.9182 115.8349 14.8688 32.2689 29.8443 17.3689 18.8616 8.5791 15.8584 23.6576 35.6163 59.6744 170.9212 64.3936 79.8957 84.6656 22.9634 50.2413 9.9481 75.2941 15.5085 87.2519 98.3426 69.1791 12.9882 623.3526 801.144 801.144 631.5349 106.1367 76.5446 129.3212 187.0873 341.8214 1125.2816 268.706 437.5125 263.4176 109.6012 357.9697 204.6488 275.0875 1137.0032;
	3.1456 42.5036 91.4379 112.1258 14.404 31.8288 29.8721 17.5646 26.2435 16.2376 30.0149 44.7763 67.4105 66.7026 193.56 72.9226 90.478 95.8797 28.7284 67.3308 9.9574 74.2671 27.7768 84.6536 97.0442 70.9194 13.2952 432.4328 751.3821 751.3821 673.9519 95.0623 95.7614 173.3096 209.1215 320.5897 913.7307 264.8205 416.5791 259.9399 113.1735 353.087 198.4589 270.2754 923.2487;
	2.4935 33.6931 92.6108 115.7733 14.2282 30.0275 27.5876 17.728 26.9303 20.4701 37.8387 56.4479 84.982 63.5887 186.9602 70.4362 87.393 92.6105 40.5706 64.8602 9.1959 70.0642 35.7635 86.9049 98.7589 73.2068 13.1522 290.7756 654.7794 654.7794 530.0314 92.973 135.2354 166.9504 199.3592 279.3725 687.2494 238.8197 418.7538 264.5328 114.1315 333.1053 181.9945 275.3345 694.4083;
	1.4938 20.1841 93.5098 114.3143 13.9546 19.4614 24.7328 18.21 26.2603 28.4236 52.5406 78.3802 118.001 63.5552 194.82 73.3973 91.067 96.5039 89.1367 69.746 8.2443 45.41 61.0933 85.092 97.4193 74.6747 13.7483 300.05 626.8014 626.8014 573.1546 95.599 297.1224 179.5264 199.2542 267.4353 650.0268 234.8741 397.9893 260.9446 114.7491 215.8919 168.3873 277.7846 656.7979;
	1.8264 24.6787 91.5696 112.5936 14.063 9.9941 22.9465 18.323 25.7418 30.8 56.9333 84.9333 127.8667 62.6319 196.0901 73.8758 91.6607 97.133 87.94 69.8772 7.6488 23.3197 73.1451 84.0262 98.57 74.2662 13.7334 261.4172 524.5961 524.5961 502.2991 86.6446 293.1333 179.8642 196.3594 223.8277 418.1647 209.2211 372.7397 264.0268 118.7079 110.8684 125.9082 268.5775 422.5206;
	1.9144 25.8671 90.8697 113.1777 11.9514 0.0026 20.7821 18.2988 25.3775 30.0839 55.6097 82.9587 124.8939 63.553 201.1063 75.7656 94.0055 99.6178 88.185 72.1605 6.9274 0.006 74.4435 84.2204 97.9905 72.9882 13.8241 403.8085 421.1577 421.1577 378.7298 72.3223 293.9501 185.7414 199.2474 179.6939 413.4123 185.6648 412.7559 262.4746 117.2684 0.0285 111.1637 253.6906 417.7187;
	3.1023 41.9184 87.949 82.1485 13.8854 24.8958 15.4663 18.606 19.1147 28.1731 52.0775 77.6894 116.961 50.1205 200.3669 75.487 93.6599 99.2515 87.7389 71.3813 5.1554 58.0902 68.5332 86.5425 98.0621 75.5256 13.7814 413.7825 475.7583 475.7583 380.4335 40.1381 292.463 183.7355 157.1344 202.9902 461.3677 163.9043 441.8414 262.6663 115.8869 276.1776 74.8403 270.7151 466.1736;
	2.9065 39.2731 88.5292 60.2375 14.3514 31.2212 14.2884 18.7347 25.8928 26.5146 49.0119 73.1161 110.076 47.5808 191.4924 72.1436 89.5116 94.8555 84.3227 69.2693 4.7628 72.8495 69.0231 87.0849 102.4496 75.1651 13.8066 466.0497 493.4574 493.4574 410.5847 25.976 281.0756 178.2992 149.1722 210.5418 546.6555 121.6373 173.4154 274.4187 116.8406 346.3473 87.1821 269.092 552.3499;
	3.3401 45.1319 87.7266 60.1495 14.5771 31.9142 27.7206 18.9348 25.8147 12.224 22.5959 33.7086 50.7481 48.5852 178.8042 67.3634 83.5806 88.5705 68.8462 69.0714 9.2402 74.4665 46.1599 88.9774 104.6579 75.7474 13.6976 659.8129 536.1701 536.1701 381.9803 26.9707 229.4872 177.79 152.3211 228.7659 732.5838 87.904 386.2094 280.3337 118.9981 354.0351 102.0053 258.902 740.2149;
