function solarprofile = ex_solar_profilesh1
%EX_WIND_PROFILE_D  Example wind_load_nyiso profile data for deterministic unit commitment.
% 2022.03.12
% Andres F. Ramirez


%% define constants
[GEN_BUS, PG, QG, QMAX, QMIN, VG, MBASE, GEN_STATUS, PMAX, PMIN, ...
    MU_PMAX, MU_PMIN, MU_QMAX, MU_QMIN, PC1, PC2, QC1MIN, QC1MAX, ...
    QC2MIN, QC2MAX, RAMP_AGC, RAMP_10, RAMP_30, RAMP_Q, APF] = idx_gen;
[CT_LABEL, CT_PROB, CT_TABLE, CT_TBUS, CT_TGEN, CT_TBRCH, CT_TAREABUS, ...
    CT_TAREAGEN, CT_TAREABRCH, CT_ROW, CT_COL, CT_CHGTYPE, CT_REP, ...
    CT_REL, CT_ADD, CT_NEWVAL, CT_TLOAD, CT_TAREALOAD, CT_LOAD_ALL_PQ, ...
    CT_LOAD_FIX_PQ, CT_LOAD_DIS_PQ, CT_LOAD_ALL_P, CT_LOAD_FIX_P, ...
    CT_LOAD_DIS_P, CT_TGENCOST, CT_TAREAGENCOST, CT_MODCOST_F, ...
    CT_MODCOST_X] = idx_ct;

solarprofile = struct( ...
    'type', 'mpcData', ...
    'table', CT_TGEN, ...
    'rows', [1:12], ...
    'col', PMAX, ...
    'chgtype', 1, ...
    'values', [] );
solarprofile.values(:,1,:) = [
	0.0 0.0 0.0 0.0 0.0 0.0 0.0 0.0 0.0 0.0 0.0 0.0;
	0.0 0.0 0.0 0.0 0.0 0.0 0.0 0.0 0.0 0.0 0.0 0.0;
	0.0 0.0 0.0 0.0 0.0 0.0 0.0 0.0 0.0 0.0 0.0 0.0;
	0.0 0.0 0.0 0.0 0.0 0.0 0.0 0.0 0.0 0.0 0.0 0.0;
	0.0 0.0 0.0 0.0 0.0 0.0 0.0 0.0 0.0 0.0 0.0 0.0;
	0.0 0.0 0.0 0.0 0.0 0.0 0.0 0.0 0.0 0.0 0.0 0.0;
	0.297 0.2869 0.3226 0.3478 0.0 64.3772 8.0472 35.1844 28.1824 14.7745 6.2368 26.7567;
	1.9146 1.4588 1.834 1.528 3.1832 25.9319 3.2415 5.962 31.453 96.8513 16.3162 175.3983;
	2.2942 1.7474 2.2275 3.6667 5.7868 20.546 2.5683 3.7129 32.0173 130.0051 26.2386 235.44;
	1.7152 1.1481 1.6026 4.5435 3.8277 14.6718 1.834 6.6623 45.0484 102.4884 21.5604 185.607;
	1.2395 0.6701 1.0143 2.8082 2.2739 19.9466 2.4933 8.4818 39.0304 71.9299 26.1846 130.2656;
	1.4403 0.6721 1.0088 2.0363 1.5517 21.6707 2.7088 7.432 38.3168 67.5884 28.2208 122.4031;
	2.5903 1.3561 1.2512 2.2194 1.3406 31.7101 3.9638 15.0617 41.3263 91.5982 25.7212 165.885;
	1.953 1.2408 1.0291 2.5219 1.5245 15.0721 1.884 9.855 29.5963 92.1819 21.8268 166.9421;
	0.878 0.6484 0.4857 2.2565 1.1563 0.6929 0.0866 6.8394 15.756 102.1338 20.197 184.965;
	0.2628 0.1466 0.2841 0.9418 0.072 0.0 0.0 2.1739 3.0575 59.0051 20.9348 106.8587;
	0.3783 0.2759 0.2004 0.4303 0.5402 28.4907 3.5613 6.1431 22.1103 20.583 22.0498 37.276;
	0.0 0.0 0.0 0.0 0.0 0.0 0.0 0.0 0.0 0.0 0.0 0.0;
	0.0 0.0 0.0 0.0 0.0 0.0 0.0 0.0 0.0 0.0 0.0 0.0;
	0.0 0.0 0.0 0.0 0.0 0.0 0.0 0.0 0.0 0.0 0.0 0.0;
	0.0 0.0 0.0 0.0 0.0 0.0 0.0 0.0 0.0 0.0 0.0 0.0;
	0.0 0.0 0.0 0.0 0.0 0.0 0.0 0.0 0.0 0.0 0.0 0.0;
	0.0 0.0 0.0 0.0 0.0 0.0 0.0 0.0 0.0 0.0 0.0 0.0;
	0.0 0.0 0.0 0.0 0.0 0.0 0.0 0.0 0.0 0.0 0.0 0.0;
];
