function windprofile = ex_wind_profilesh1
%EX_WIND_PROFILE_D  Example wind_load_nyiso profile data for deterministic unit commitment.
% 2022.03.12
% Andres F. Ramirez


%% define constants
[GEN_BUS, PG, QG, QMAX, QMIN, VG, MBASE, GEN_STATUS, PMAX, PMIN, ...
    MU_PMAX, MU_PMIN, MU_QMAX, MU_QMIN, PC1, PC2, QC1MIN, QC1MAX, ...
    QC2MIN, QC2MAX, RAMP_AGC, RAMP_10, RAMP_30, RAMP_Q, APF] = idx_gen;
[CT_LABEL, CT_PROB, CT_TABLE, CT_TBUS, CT_TGEN, CT_TBRCH, CT_TAREABUS, ...
    CT_TAREAGEN, CT_TAREABRCH, CT_ROW, CT_COL, CT_CHGTYPE, CT_REP, ...
    CT_REL, CT_ADD, CT_NEWVAL, CT_TLOAD, CT_TAREALOAD, CT_LOAD_ALL_PQ, ...
    CT_LOAD_FIX_PQ, CT_LOAD_DIS_PQ, CT_LOAD_ALL_P, CT_LOAD_FIX_P, ...
    CT_LOAD_DIS_P, CT_TGENCOST, CT_TAREAGENCOST, CT_MODCOST_F, ...
    CT_MODCOST_X] = idx_ct;

windprofile = struct( ...
    'type', 'mpcData', ...
    'table', CT_TGEN, ...
    'rows', [1:45], ...
    'col', PMAX, ...
    'chgtype', 1, ...
    'values', [] );
windprofile.values(:,1,:) = [
	3.7973 51.3102 79.9221 112.7101 14.6469 33.8455 31.8347 7.0816 27.1391 11.7736 21.7633 32.4665 48.8782 37.1573 187.9102 70.7941 87.8371 93.0811 85.5002 69.9901 10.6116 78.9728 22.535 38.1327 43.9383 27.1635 4.46 1202.7484 785.3513 785.3513 676.4814 73.1131 285.0008 180.1548 116.4931 335.0832 1210.9418 205.6859 472.997 117.6919 112.9112 375.4593 200.114 110.2315 1223.5558;
	3.0763 41.5673 74.5698 43.2341 14.6051 27.1159 32.0263 7.1635 2.5681 11.1546 20.6191 30.7596 46.3084 37.5722 188.0639 70.852 87.9089 93.1572 85.8096 69.5623 10.6754 63.2705 13.6791 36.9058 39.755 27.5615 5.1631 1210.3479 786.4545 786.4545 679.7507 64.1426 286.0319 179.0535 117.7939 335.5539 1226.9275 190.9415 474.2058 106.4866 114.0597 300.8062 198.7343 86.6337 1239.708;
	3.015 40.7393 86.4465 47.6986 14.5344 21.6988 31.9156 6.9106 8.6933 11.5658 21.3791 31.8935 48.0154 38.5136 197.8397 74.535 92.4786 97.9997 87.8683 65.7843 10.6385 50.6306 5.9431 41.4322 39.9723 30.0471 5.6071 1202.5364 807.1287 807.1287 696.7102 85.9334 292.8944 169.3289 120.7454 344.3749 1222.7629 201.1638 467.1718 107.0687 32.0554 240.7124 202.7483 128.422 1235.5;
	3.1988 43.2232 81.0336 48.4326 14.6228 8.8949 31.696 7.4629 10.0627 12.3878 22.8986 34.1602 51.428 25.5272 196.4629 74.0163 91.835 97.3177 91.2737 65.5576 10.5653 20.7548 22.3246 37.3946 35.9816 32.2775 5.3737 1248.1295 813.8451 813.8451 741.1584 94.0655 304.2456 168.7453 80.0312 347.2406 1222.4327 232.2355 467.5673 96.3792 30.6051 98.6742 204.6101 105.9009 1235.1664;
	3.5671 48.1994 77.6733 43.2831 14.7336 16.1647 31.7272 7.4221 10.9548 9.4895 17.5412 26.168 39.3959 31.6271 177.2786 66.7887 82.8674 87.8147 90.4377 63.8951 10.5757 37.7177 0.0 27.9929 37.5352 63.2813 5.1921 1199.1026 811.6687 811.6687 751.3082 92.5584 301.4589 164.4661 99.1553 346.312 1226.6843 236.7167 469.3522 100.5406 30.7363 179.3205 200.5047 177.7998 1239.4622;
	3.7072 50.0927 90.6118 114.5571 14.834 31.8356 31.4035 7.6026 10.6679 9.6929 17.9172 26.7289 40.2402 29.8079 182.6065 68.7959 85.3579 90.4539 91.0514 63.8378 10.4678 74.2831 0.0867 35.0966 55.2589 66.9925 5.2472 1136.7178 801.982 801.982 745.4661 105.6012 303.5047 164.3186 93.4517 342.179 1168.5968 236.7775 466.684 148.015 58.8239 353.1631 204.5086 234.5453 1180.7697;
	3.8468 51.9781 93.3619 120.0193 15.2074 30.7643 31.0223 12.0736 10.4922 10.3308 19.0964 28.488 42.8885 35.6995 198.3864 74.7409 92.7341 98.2705 87.7561 69.9732 10.3408 71.7834 22.564 59.0103 104.8066 74.1464 11.3053 1094.0037 801.3892 801.3892 716.7182 110.5358 292.5203 180.1112 111.9229 341.9261 1216.3842 276.5051 443.8944 280.732 102.613 341.2787 201.6514 276.0927 1229.0548;
	3.8668 52.249 93.4242 119.414 15.1403 33.0282 32.0247 18.9914 11.1028 10.716 19.8084 29.5502 44.4876 58.9812 197.4186 74.3763 92.2817 97.7911 84.2241 62.2439 10.6749 77.0658 24.4896 63.509 105.4992 72.9665 13.7572 1056.1693 789.1422 789.1422 720.0858 114.1 280.7469 160.216 184.9139 336.7007 1195.3882 301.2175 467.8162 282.5871 116.6574 366.3927 201.7887 276.03 1207.8402;
	3.8281 51.7257 94.148 119.1823 15.1322 32.5726 31.2538 18.9662 10.8238 12.3147 22.7636 33.9588 51.1248 62.7347 202.836 76.4173 94.814 100.4746 52.7122 68.9415 10.4179 76.0028 28.0128 89.0631 106.4385 71.4422 13.7462 773.1696 805.577 805.577 724.6348 113.4648 175.7073 177.4555 196.6817 343.7129 1178.4034 302.9758 468.4001 285.1032 114.7633 361.339 201.0248 268.7761 1190.6784;
	3.7609 50.8183 91.022 116.4767 15.1722 32.01 30.6065 18.6347 20.5516 10.908 20.1634 30.0798 45.2849 63.7487 204.6277 77.0923 95.6515 101.3621 55.5292 66.7837 10.2022 74.69 25.9601 89.4117 104.4939 69.2333 13.3274 608.0014 838.7253 838.7253 767.0348 113.2051 185.0973 171.9013 199.8608 357.8561 1156.7786 283.1109 463.9358 279.8944 110.2084 355.0975 199.8444 269.5867 1168.8284;
	3.7714 50.9593 93.3918 116.5857 14.7504 31.8666 31.2734 18.464 28.1523 19.1303 35.3621 52.7533 79.4198 69.7711 206.1467 77.6646 96.3616 102.1145 50.721 72.7698 10.4245 74.3553 31.0943 86.6944 103.4523 70.75 13.4031 454.8343 832.6384 832.6384 771.2837 101.2862 169.07 187.3096 218.7419 355.2591 1003.1634 275.636 468.0675 277.1042 112.9563 353.5064 192.4362 272.66 1013.613;
	3.0828 41.6555 91.7997 114.2036 14.5835 28.4763 29.2112 18.7059 27.9373 20.2372 37.4082 55.8057 84.0151 69.2714 201.1963 75.7995 94.0476 99.6624 55.6928 66.5879 9.7371 66.4447 34.5411 86.8515 102.1941 72.9378 13.1913 310.3309 768.873 768.873 724.7826 110.0216 185.6428 171.3975 217.1751 328.0525 755.9208 242.5222 448.0233 273.7342 113.9931 315.8969 137.3573 263.1649 763.795;
	1.7653 23.8533 90.4408 112.5908 14.093 15.7232 26.1718 18.7203 27.6343 28.671 52.998 79.0625 119.0282 68.2463 195.1153 73.5085 91.205 96.6501 91.3257 66.9855 8.7239 36.6875 60.2435 84.9095 98.3388 73.1387 13.8703 319.2888 713.9997 713.9997 630.8298 107.4184 304.419 172.4209 213.9613 304.6399 707.1661 223.4116 435.6163 263.4075 116.3314 174.4227 151.5964 268.4926 714.5324;
	1.8451 24.9316 87.5793 110.6276 14.0494 0.0 25.4653 17.8842 26.9452 30.661 56.6764 84.5501 127.2897 68.5969 195.4592 73.6381 91.3658 96.8205 90.972 68.6846 8.4884 0.0 71.8812 82.9447 96.9596 71.8174 13.4402 303.0598 601.8458 601.8458 602.9764 107.3975 303.24 176.7944 215.0607 256.7875 487.0367 206.2848 443.0694 259.7132 116.3888 0.0 124.4299 257.6051 492.11;
	1.7975 24.2879 88.1769 110.5545 12.5449 0.0 21.8472 17.7322 26.6289 30.6786 56.7089 84.5986 127.3627 69.1346 199.9215 75.3193 93.4517 99.0309 92.1565 72.2499 7.2824 0.0 73.7676 84.247 96.6813 72.1714 13.5356 462.1421 511.8017 511.8017 430.5662 95.5617 307.1884 185.9714 216.7464 218.3687 460.1302 186.1513 453.1709 258.9677 112.0025 0.0 105.99 251.5305 464.9232;
	3.0459 41.1572 88.8659 86.2739 14.0196 19.5476 15.3119 18.3181 21.7578 28.8223 53.2777 79.4798 119.6564 61.9499 195.6006 73.6914 91.4319 96.8905 91.0044 72.5549 5.104 45.6111 70.0076 87.2607 100.2233 75.0727 13.6546 532.7038 544.5733 544.5733 432.8164 51.2798 303.3481 186.7566 194.2214 232.3513 502.5379 160.3515 453.4846 268.4552 115.0866 216.8481 76.5739 269.2198 507.7727;
	2.8925 39.084 86.9315 60.2719 14.1133 21.0984 12.5307 17.922 26.4087 27.9394 51.6455 77.0449 115.9907 64.1417 195.5988 73.6907 91.4311 96.8897 92.0775 73.1576 4.1769 49.2297 70.9195 85.3372 102.7907 73.6923 13.4296 597.0103 600.1342 600.1342 465.6398 32.4392 306.9251 188.3079 201.0928 256.0573 626.0435 117.535 182.3103 275.3322 115.3536 234.0518 92.3975 262.4575 632.5648;
	3.6952 49.9308 90.9182 66.962 14.564 30.5797 25.6203 18.7882 25.0078 13.3402 24.6592 36.7867 55.3822 63.4844 191.6534 72.2043 89.5868 94.9353 81.3009 73.2151 8.5401 71.3527 50.5091 88.645 106.0201 74.6932 13.6653 705.3344 633.1423 633.1423 421.6049 28.8724 271.003 188.4559 199.0321 270.1407 830.0788 77.269 398.39 283.9824 121.1215 339.2309 109.8045 269.0158 838.7255;
