function solarprofile = ex_solar_profilesh1
%EX_WIND_PROFILE_D  Example wind_load_nyiso profile data for deterministic unit commitment.
% 2022.03.12
% Andres F. Ramirez


%% define constants
[GEN_BUS, PG, QG, QMAX, QMIN, VG, MBASE, GEN_STATUS, PMAX, PMIN, ...
    MU_PMAX, MU_PMIN, MU_QMAX, MU_QMIN, PC1, PC2, QC1MIN, QC1MAX, ...
    QC2MIN, QC2MAX, RAMP_AGC, RAMP_10, RAMP_30, RAMP_Q, APF] = idx_gen;
[CT_LABEL, CT_PROB, CT_TABLE, CT_TBUS, CT_TGEN, CT_TBRCH, CT_TAREABUS, ...
    CT_TAREAGEN, CT_TAREABRCH, CT_ROW, CT_COL, CT_CHGTYPE, CT_REP, ...
    CT_REL, CT_ADD, CT_NEWVAL, CT_TLOAD, CT_TAREALOAD, CT_LOAD_ALL_PQ, ...
    CT_LOAD_FIX_PQ, CT_LOAD_DIS_PQ, CT_LOAD_ALL_P, CT_LOAD_FIX_P, ...
    CT_LOAD_DIS_P, CT_TGENCOST, CT_TAREAGENCOST, CT_MODCOST_F, ...
    CT_MODCOST_X] = idx_ct;

solarprofile = struct( ...
    'type', 'mpcData', ...
    'table', CT_TGEN, ...
    'rows', [1:12], ...
    'col', PMAX, ...
    'chgtype', 1, ...
    'values', [] );
solarprofile.values(:,1,:) = [
	0.0 0.0 0.0 0.0 0.0 0.0 0.0 0.0 0.0 0.0 0.0 0.0;
	0.0 0.0 0.0 0.0 0.0 0.0 0.0 0.0 0.0 0.0 0.0 0.0;
	0.0 0.0 0.0 0.0 0.0 0.0 0.0 0.0 0.0 0.0 0.0 0.0;
	0.0 0.0 0.0 0.0 0.0 0.0 0.0 0.0 0.0 0.0 0.0 0.0;
	0.0 0.0 0.0 0.0 0.0 0.0 0.0 0.0 0.0 0.0 0.0 0.0;
	0.0 0.0 0.0 0.0 0.0 0.0 0.0 0.0 0.0 0.0 0.0 0.0;
	0.2765 0.0728 0.182 2.0082 0.0 43.5909 5.4489 30.7181 5.8597 9.2779 3.8016 16.8024;
	0.3306 0.0 0.2046 1.4007 0.0 73.0821 9.1353 13.7865 16.0525 9.5807 6.1212 17.3507;
	0.4187 0.0064 0.2267 1.6558 0.0 92.3443 11.543 10.8357 29.717 17.5403 11.6988 31.7655;
	1.1837 0.7769 0.4873 1.132 0.1095 102.4772 12.8097 28.0287 102.5125 11.5788 15.4912 20.9692;
	2.245 1.423 0.9421 1.3938 0.0059 80.933 10.1166 32.133 95.1152 14.7499 10.3749 26.7121;
	2.6257 1.8695 1.2822 1.6068 0.4916 53.6518 6.7065 28.7916 77.4572 16.7858 8.8289 30.3992;
	2.7796 1.8801 1.5941 1.8526 1.6909 81.4906 10.1863 44.3043 100.3018 27.2414 33.5737 49.3344;
	1.6855 1.3287 1.3312 1.2936 2.0057 58.2841 7.2855 41.5372 102.2977 25.0692 44.4528 45.4004;
	1.0904 0.9051 1.1329 0.9 1.7616 50.6253 6.3282 45.3094 107.3408 18.6051 38.1904 33.6939;
	1.3905 0.9623 1.5196 0.5186 0.5064 32.6192 4.0774 41.5084 61.4229 9.7681 18.5712 17.6901;
	0.3468 0.2796 0.2816 0.446 0.7297 28.8912 3.6114 7.2639 23.0165 20.5922 8.996 37.2926;
	0.0 0.0 0.0 0.0 0.0 0.0 0.0 0.0 0.0 0.0 0.0 0.0;
	0.0 0.0 0.0 0.0 0.0 0.0 0.0 0.0 0.0 0.0 0.0 0.0;
	0.0 0.0 0.0 0.0 0.0 0.0 0.0 0.0 0.0 0.0 0.0 0.0;
	0.0 0.0 0.0 0.0 0.0 0.0 0.0 0.0 0.0 0.0 0.0 0.0;
	0.0 0.0 0.0 0.0 0.0 0.0 0.0 0.0 0.0 0.0 0.0 0.0;
	0.0 0.0 0.0 0.0 0.0 0.0 0.0 0.0 0.0 0.0 0.0 0.0;
	0.0 0.0 0.0 0.0 0.0 0.0 0.0 0.0 0.0 0.0 0.0 0.0;
];
