function windprofile = ex_wind_profilesh1
%EX_WIND_PROFILE_D  Example wind_load_nyiso profile data for deterministic unit commitment.
% 2022.03.12
% Andres F. Ramirez


%% define constants
[GEN_BUS, PG, QG, QMAX, QMIN, VG, MBASE, GEN_STATUS, PMAX, PMIN, ...
    MU_PMAX, MU_PMIN, MU_QMAX, MU_QMIN, PC1, PC2, QC1MIN, QC1MAX, ...
    QC2MIN, QC2MAX, RAMP_AGC, RAMP_10, RAMP_30, RAMP_Q, APF] = idx_gen;
[CT_LABEL, CT_PROB, CT_TABLE, CT_TBUS, CT_TGEN, CT_TBRCH, CT_TAREABUS, ...
    CT_TAREAGEN, CT_TAREABRCH, CT_ROW, CT_COL, CT_CHGTYPE, CT_REP, ...
    CT_REL, CT_ADD, CT_NEWVAL, CT_TLOAD, CT_TAREALOAD, CT_LOAD_ALL_PQ, ...
    CT_LOAD_FIX_PQ, CT_LOAD_DIS_PQ, CT_LOAD_ALL_P, CT_LOAD_FIX_P, ...
    CT_LOAD_DIS_P, CT_TGENCOST, CT_TAREAGENCOST, CT_MODCOST_F, ...
    CT_MODCOST_X] = idx_ct;

windprofile = struct( ...
    'type', 'mpcData', ...
    'table', CT_TGEN, ...
    'rows', [1:45], ...
    'col', PMAX, ...
    'chgtype', 1, ...
    'values', [] );
windprofile.values(:,1,:) = [
	3.8938 52.6133 83.5821 111.9736 14.9778 36.0835 31.2725 5.9794 27.7052 10.8763 20.1046 29.9921 45.153 39.7419 179.7576 67.7226 84.0262 89.0427 84.4375 70.8357 10.4242 84.1948 20.1649 35.2857 43.6174 17.7562 4.7577 1218.5299 794.7315 794.7315 656.4209 83.5407 281.4584 182.3312 124.5961 339.0854 1259.8754 201.3437 452.235 116.8324 121.7992 400.2863 217.7206 103.7581 1272.9991;
	3.3791 45.6586 71.3974 36.1011 15.0779 30.7412 30.0172 0.451 9.7133 10.1294 18.724 27.9326 42.0524 36.7216 180.0697 67.8402 84.1721 89.1973 86.5129 69.5372 10.0057 71.7294 0.564 28.1024 26.0694 2.6975 3.54 1252.1128 796.1507 796.1507 661.7464 70.3516 288.3764 178.9888 115.1273 339.691 1292.33 194.1795 455.6808 69.8289 121.1027 341.022 217.6797 83.3762 1305.7917;
	3.2182 43.4851 88.3233 44.449 15.1995 26.5474 30.843 5.5261 9.1458 10.1432 18.7496 27.9708 42.1098 35.3237 181.9844 68.5615 85.0671 90.1457 84.9382 61.6805 10.281 61.944 1.6753 34.867 34.4681 18.4144 5.3336 1291.4438 813.1328 813.1328 716.5055 87.5964 283.1274 158.7657 110.7446 346.9367 1298.8271 198.12 463.0738 92.3252 36.5169 294.4997 218.6661 129.6069 1312.3566;
	3.5432 47.8769 84.2443 48.3556 15.1647 15.5509 31.0843 6.6633 11.558 11.8115 21.8333 32.571 49.0355 27.0709 188.0079 70.8309 87.8827 93.1295 81.166 61.2872 10.3614 36.2855 24.5007 38.5921 35.1622 29.0015 5.4055 1283.1125 834.2251 834.2251 775.9673 95.7769 270.5534 157.7535 84.8711 355.9361 1293.6894 232.398 467.9565 94.1844 38.7065 172.5118 218.4016 118.4743 1307.1653;
	3.7717 50.9635 79.0776 37.8746 15.1714 24.3368 31.3813 5.9045 11.6263 9.9261 18.3482 27.3719 41.2082 27.5169 162.1363 61.0839 75.7893 80.314 84.1002 61.6757 10.4604 56.7859 0.6727 27.0995 36.6777 54.4519 5.2854 1227.4885 831.7152 831.7152 768.8068 99.5333 280.3342 158.7535 86.2692 354.8651 1289.0421 236.9589 469.1254 98.2438 36.5008 269.9766 216.583 195.4711 1302.4696;
	3.8029 51.3857 92.8139 109.2408 15.091 34.085 30.6775 6.522 10.5435 11.3117 20.9095 31.1929 46.9607 27.0254 180.1968 67.8881 84.2315 89.2603 85.9193 63.2183 10.2258 79.5316 8.9632 30.9947 51.6987 65.5445 5.2881 1237.4936 835.1658 835.1658 778.0811 115.9871 286.3976 162.724 84.7282 356.3374 1286.025 245.2098 469.2556 138.4787 66.2461 378.1159 213.0843 247.8671 1299.421;
	3.8038 51.3973 90.7795 113.4902 14.9474 34.2356 30.9231 8.9855 10.1401 9.1659 16.943 25.2756 38.0523 36.3838 174.142 65.607 81.4013 86.2611 74.3969 67.0152 10.3077 79.8831 22.1925 50.9184 97.1813 73.3773 10.8799 1100.1241 816.8471 816.8471 786.0437 119.3774 247.9898 172.4973 114.0683 348.5214 1269.6468 287.5045 468.2924 260.307 104.3405 379.7869 207.8837 278.7922 1282.8723;
	3.637 49.1442 91.4247 111.8728 14.4832 33.4732 30.3664 18.2369 7.8352 7.2246 13.3545 19.9223 29.9929 54.5202 183.8152 69.2513 85.9229 91.0526 75.2344 55.6732 10.1221 78.1042 16.0245 57.3219 103.8454 73.1447 13.8924 1043.375 788.2696 788.2696 770.6622 118.2295 250.7814 143.303 170.9282 336.3283 1249.2852 298.2064 449.8308 278.1573 116.5148 371.3297 197.4427 282.5616 1262.2985;
	3.6339 49.102 90.4073 110.4623 14.5146 32.9832 30.5566 17.8437 8.352 10.7194 19.8146 29.5594 44.5016 61.9224 187.6584 70.6992 87.7194 92.9564 34.3813 57.0157 10.1855 76.9608 18.8659 87.1992 102.1673 72.3436 13.7297 836.2529 835.5327 835.5327 779.7095 117.0522 114.6044 146.7586 194.1352 356.494 1258.6621 313.6554 457.1515 273.6625 119.1732 365.8936 192.0485 282.0288 1271.7731;
	3.7708 50.9513 92.4511 113.5767 14.778 33.8019 29.4406 18.642 14.2762 10.0833 18.6388 27.8054 41.8608 63.1679 189.3749 71.3459 88.5218 93.8066 49.4914 54.8755 9.8135 78.8712 22.7095 88.6552 104.7386 74.7389 13.8544 634.6846 817.133 817.133 795.7361 119.5844 164.9715 141.2496 198.0399 348.6434 1110.178 301.9738 442.932 280.5499 120.6328 374.9762 204.6197 281.19 1121.7423;
	3.7852 51.1461 91.3247 114.6563 14.8338 32.9653 29.9477 18.1789 25.8281 16.429 30.3688 45.3043 68.2053 69.0649 198.1726 74.6604 92.6342 98.1646 38.3027 66.8535 9.9826 76.9191 29.1949 85.1058 102.9673 72.15 13.9502 496.5143 806.4887 806.4887 792.2197 112.5303 127.6757 172.081 216.5277 344.1019 975.3289 305.1568 440.0215 275.8052 118.1088 365.6956 204.9513 273.9539 985.4886;
	3.3874 45.771 90.1542 114.1426 14.8787 32.9843 29.0805 17.9682 26.6469 19.7224 36.4565 54.3859 81.8776 69.1599 200.0943 75.3844 93.5325 99.1165 54.9757 66.8974 9.6935 76.9634 38.0199 83.4214 97.9305 73.5884 13.2589 351.1483 783.471 783.471 753.9179 117.4514 183.2522 172.1942 216.8256 334.281 824.8666 286.9806 448.9735 262.3139 119.2604 365.9058 195.7242 271.1457 833.459;
	2.129 28.7668 91.5114 115.3735 14.3826 21.3086 25.4959 18.6451 27.0223 27.8739 51.5245 76.8644 115.7189 69.3323 198.9703 74.9609 93.007 98.5597 91.4144 68.9884 8.4986 49.72 64.3336 82.6562 97.5672 72.7735 13.9271 345.0772 724.4477 724.4477 716.6402 118.5087 304.7145 177.5763 217.3662 309.0977 719.3579 261.7545 427.7212 261.3407 121.5363 236.3831 181.2938 269.1326 726.8512;
	2.3377 31.588 91.4861 114.7441 15.1099 13.2987 24.1171 18.6522 27.3139 30.1433 55.7194 83.1224 125.1404 68.0033 197.7937 74.5176 92.4571 97.9769 87.7231 71.6939 8.039 31.0304 75.1832 88.6436 102.8615 73.7475 14.0084 348.0782 625.4813 625.4813 674.0455 114.6836 292.4103 184.5402 213.1995 266.872 548.2077 239.491 432.7067 275.5219 123.3487 147.5273 145.5677 264.2922 553.9182;
	2.2175 29.9628 90.8871 114.8021 13.436 7.2946 21.9399 18.8113 27.6317 28.0754 51.8969 77.4199 116.5553 68.1409 197.5411 74.4225 92.339 97.8518 86.6624 71.075 7.3133 17.0208 69.7593 87.9503 101.7674 72.6755 14.1051 487.3057 500.9912 500.9912 491.2359 101.5618 288.8745 182.9474 213.6309 213.7563 481.0973 210.6267 454.198 272.5913 122.9812 80.9218 122.7282 244.4683 486.1087;
	3.5344 47.7576 92.4518 88.9828 15.2784 27.2148 16.5555 19.0426 24.434 27.2602 50.39 75.172 113.1711 62.4865 194.5105 73.2807 90.9224 96.3506 85.8028 72.0239 5.5185 63.5012 67.9868 89.3699 103.1565 74.7652 14.1443 560.4191 545.3735 545.3735 465.5032 59.1469 286.0094 185.3897 195.9036 232.6927 536.1034 170.9889 469.386 276.3121 120.2245 301.9029 90.1478 257.7522 541.6878;
	3.3387 45.1125 92.5186 64.9927 15.3979 32.8981 15.0718 19.01 28.2138 27.2438 50.3598 75.1269 113.1032 66.3895 190.6907 71.8416 89.1368 94.4584 85.026 70.2354 5.0239 76.7621 69.5582 89.5935 106.1837 74.7502 14.1101 635.4342 610.8479 610.8479 486.9604 37.7626 283.42 180.786 208.14 260.6284 650.6886 130.5919 217.8995 284.4205 121.0832 364.9491 120.6559 261.6818 657.4666;
	3.7552 50.7406 92.7356 64.6506 15.419 33.303 29.5937 18.9917 27.8331 12.3611 22.8493 34.0866 51.3172 67.6299 175.4904 66.115 82.0315 86.9289 63.0263 71.3413 9.8646 77.707 49.612 89.9766 106.7704 74.9306 14.1004 748.7007 640.764 640.764 428.8314 32.7527 210.0876 183.6326 212.0287 273.3927 806.2421 86.7475 439.8257 285.9922 120.5281 369.4414 131.1243 260.8823 814.6404;
