function loadprofile = ex_load_profilesh1
%EX_LOAD_PROFILE  Example load profile data file for stochastic unit commitment.
% 2022.03.12
% Andres F. Ramirez

%% define constants
[CT_LABEL, CT_PROB, CT_TABLE, CT_TBUS, CT_TGEN, CT_TBRCH, CT_TAREABUS, ...
    CT_TAREAGEN, CT_TAREABRCH, CT_ROW, CT_COL, CT_CHGTYPE, CT_REP, ...
    CT_REL, CT_ADD, CT_NEWVAL, CT_TLOAD, CT_TAREALOAD, CT_LOAD_ALL_PQ, ...
    CT_LOAD_FIX_PQ, CT_LOAD_DIS_PQ, CT_LOAD_ALL_P, CT_LOAD_FIX_P, ...
    CT_LOAD_DIS_P, CT_TGENCOST, CT_TAREAGENCOST, CT_MODCOST_F, ...
    CT_MODCOST_X] = idx_ct;

loadprofile = struct( ...
    'type', 'mpcData', ...
    'table', CT_TAREALOAD, ...
    'rows', [1:11], ...
    'col', CT_LOAD_ALL_P, ...
    'chgtype', 1, ...
    'values', [] );
loadprofile.values(:,1,:) = [
	1446.1158 899.839 1546.7451 571.8695 799.5493 1152.9043 881.8444 293.1 529.8 4738.4566 1780.3552;
	1421.3706 891.3989 1521.0729 566.9988 753.0002 1135.6023 849.2011 280.2467 507.6602 4540.1424 1679.6385;
	1416.1729 896.9 1545.5112 565.7432 774.2055 1143.9 868.486 294.1019 497.3905 4525.0862 1690.4182;
	1431.3987 924.5 1573.4063 566.6539 789.4 1176.0883 880.0 287.1932 505.7 4553.7637 1718.0208;
	1488.8904 960.8323 1631.9101 604.7853 858.1382 1243.771 922.1901 320.5003 524.3055 4777.9323 1826.8932;
	1562.5 1011.5855 1700.4 614.6778 918.7788 1271.0445 979.0 332.128 551.7704 4928.0765 1896.5245;
	1534.8066 1017.9227 1716.2259 624.0896 959.1 1308.4005 1014.3963 337.0489 580.5402 5032.2046 1983.3;
	1572.0252 1059.194 1720.6604 617.0 975.272 1344.6952 1032.5 354.7196 595.1876 5121.7124 1915.4623;
	1604.5653 1087.2 1740.0072 612.6312 971.4253 1359.197 1068.7 353.9688 580.8477 5292.0018 1948.5535;
	1616.6546 1082.2821 1739.149 607.7574 976.8 1378.9813 1117.112 393.7239 643.3 5550.4896 2035.9322;
	1549.3741 1064.9373 1717.8651 605.6 921.9362 1347.1893 1057.989 380.3889 625.6695 5547.5548 1945.7366;
	1539.2717 1056.0031 1696.9454 591.5292 897.0295 1346.6913 1029.3929 381.9086 622.6594 5510.3956 1931.9236;
	1500.3439 1047.3248 1648.1734 586.3 863.4247 1338.0936 996.3626 346.6232 624.8031 5444.1715 1870.5737;
	1551.7749 1063.2055 1675.5969 586.154 856.8361 1307.6452 989.6158 345.2 622.3441 5424.6069 1905.8739;
	1582.646 1096.0316 1717.9981 582.8014 897.3548 1338.1283 1018.2596 356.9 630.0 5412.8542 1956.9569;
	1503.7686 1071.4553 1714.0744 582.8936 895.0494 1359.7264 938.6186 339.7568 620.386 5309.6014 1602.8121;
	1611.71 1129.8592 1791.9527 607.6092 919.3703 1418.3724 1048.481 332.7 650.909 5379.6843 1729.173;
	1648.7493 1141.183 1868.9133 598.4 958.2554 1492.1285 1133.61 365.0051 701.3143 5701.5491 2214.7048;
	1674.707 1161.0412 1889.2177 612.738 953.3286 1490.538 1159.422 373.9827 687.065 5700.8239 2245.8303;
	1641.2941 1113.0484 1857.7165 598.3369 921.3494 1413.2488 1106.8236 354.0389 680.6859 5651.2675 2167.8337;
	1575.7151 1063.0799 1753.5439 558.7772 854.3408 1329.9525 1052.194 334.6 646.237 5535.9106 1992.033;
	1490.7113 992.8037 1654.047 541.4 817.3159 1237.7231 948.959 299.2532 588.8566 5190.3002 1841.2873;
	1427.0868 895.6195 1559.1503 552.2 785.1516 1138.5946 855.109 281.0663 527.9 4830.0367 1601.0239;
	1461.5 866.8429 1501.7983 546.0 742.8444 1125.8432 835.4132 274.9952 489.9441 4551.5626 1565.6404;
];
