function windprofile = ex_wind_profilesh1
%EX_WIND_PROFILE_D  Example wind_load_nyiso profile data for deterministic unit commitment.
% 2022.03.12
% Andres F. Ramirez


%% define constants
[GEN_BUS, PG, QG, QMAX, QMIN, VG, MBASE, GEN_STATUS, PMAX, PMIN, ...
    MU_PMAX, MU_PMIN, MU_QMAX, MU_QMIN, PC1, PC2, QC1MIN, QC1MAX, ...
    QC2MIN, QC2MAX, RAMP_AGC, RAMP_10, RAMP_30, RAMP_Q, APF] = idx_gen;
[CT_LABEL, CT_PROB, CT_TABLE, CT_TBUS, CT_TGEN, CT_TBRCH, CT_TAREABUS, ...
    CT_TAREAGEN, CT_TAREABRCH, CT_ROW, CT_COL, CT_CHGTYPE, CT_REP, ...
    CT_REL, CT_ADD, CT_NEWVAL, CT_TLOAD, CT_TAREALOAD, CT_LOAD_ALL_PQ, ...
    CT_LOAD_FIX_PQ, CT_LOAD_DIS_PQ, CT_LOAD_ALL_P, CT_LOAD_FIX_P, ...
    CT_LOAD_DIS_P, CT_TGENCOST, CT_TAREAGENCOST, CT_MODCOST_F, ...
    CT_MODCOST_X] = idx_ct;

windprofile = struct( ...
    'type', 'mpcData', ...
    'table', CT_TGEN, ...
    'rows', [1:45], ...
    'col', PMAX, ...
    'chgtype', 1, ...
    'values', [] );
windprofile.values(:,1,:) = [
	3.9459 53.318 86.8664 119.0142 15.34 36.1815 32.3683 7.8968 28.3001 10.5958 19.5861 29.2186 43.9885 40.2441 186.1866 70.1447 87.0314 92.2273 86.1224 71.7068 10.7894 84.4236 28.1635 33.8127 51.1356 29.6629 5.4485 1300.221 845.0574 845.0574 688.05 87.3241 287.0747 184.5734 126.1708 360.5578 1284.1144 213.0251 476.6603 136.9703 117.1953 401.374 216.6304 128.5677 1297.4906;
	3.2594 44.042 80.0784 47.6452 15.2699 29.8039 31.3292 8.0675 10.2609 11.9799 22.1447 33.0355 49.7348 36.6597 190.4206 71.7398 89.0106 94.3246 85.6831 71.2429 10.4431 69.5424 27.2791 36.9552 47.2412 30.7451 6.1148 1275.3152 811.8682 811.8682 677.823 70.0611 285.6103 183.3794 114.933 346.3971 1256.4795 193.0379 465.2458 126.5391 121.7873 330.6245 213.6805 106.7855 1269.5678;
	3.1417 42.4517 91.4506 53.1766 15.246 24.6053 31.2014 7.86 8.7893 12.3194 22.7722 33.9716 51.1441 36.0998 189.7943 71.5039 88.7178 94.0144 87.4063 67.6096 10.4005 57.4125 27.4384 42.0169 51.0881 31.1068 6.6313 1268.2972 827.345 827.345 692.5628 88.1505 291.3542 174.0273 113.1779 353.0005 1244.663 194.2004 456.3402 136.8432 40.5304 272.9553 215.5882 141.1606 1257.6283;
	3.4616 46.7735 86.5369 54.3464 15.1166 14.5685 31.8695 7.8701 10.5203 11.5292 21.3116 31.7928 47.8638 22.2864 192.5249 72.5326 89.9942 95.367 85.6066 66.6147 10.6232 33.9933 25.713 38.3435 43.6448 31.4041 5.693 1305.7489 851.9583 851.9583 737.2086 97.5302 285.3554 171.4665 69.8707 363.5022 1293.1276 222.6086 466.1027 116.9058 43.0155 161.6137 211.6073 118.6249 1306.5977;
	3.661 49.4683 82.9963 44.7312 15.2523 22.0824 31.6629 7.8162 10.8994 10.2003 18.8551 28.1281 42.3467 28.5748 186.1718 70.1392 87.0245 92.22 89.7999 69.3522 10.5543 51.5257 1.5465 31.282 44.626 62.4174 5.9064 1260.9655 836.2652 836.2652 744.5013 98.4499 299.333 178.5127 89.5859 356.8065 1292.0902 222.6148 474.742 119.534 45.8946 244.9677 212.7852 199.4964 1305.5495;
	3.8015 51.3667 94.8511 118.0259 15.2672 33.7557 32.2593 8.7311 11.6917 11.5665 21.3804 31.8954 48.0184 27.0855 199.9856 75.3434 93.4816 99.0626 91.4027 68.9735 10.7531 78.7634 0.2143 35.137 62.0967 69.0187 6.2117 1244.4415 838.5466 838.5466 761.0625 106.859 304.6757 177.5381 84.9166 357.7799 1271.0378 242.6079 479.7132 166.3304 74.1492 374.4635 216.4765 248.2376 1284.2778;
	3.8219 51.6424 90.0717 118.8253 14.8642 33.9675 31.5162 11.77 11.1987 12.1729 22.5013 33.5676 50.5358 38.3415 200.441 75.515 93.6945 99.2882 85.6317 72.19 10.5054 79.2576 22.5222 52.8857 102.5336 73.6762 11.7075 1223.3784 842.8081 842.8081 742.9866 109.0308 285.4391 185.8171 120.2057 359.5981 1320.7774 282.527 471.7063 274.6436 99.7956 376.8133 217.0442 268.7092 1334.5355;
	3.8449 51.9534 91.418 117.0513 14.6492 33.9575 30.9248 18.7784 11.3023 12.2624 22.6669 33.8146 50.9077 65.6638 202.4815 76.2837 94.6483 100.299 82.4827 60.3607 10.3083 79.2342 25.4407 55.4831 104.4354 72.6605 13.837 1135.226 838.9505 838.9505 761.8378 112.1862 274.9422 155.3686 205.865 357.9522 1292.1616 301.3977 463.2692 279.7376 113.8037 376.7022 212.5216 273.4007 1305.6216;
	3.823 51.6572 88.8 112.6307 14.6815 32.9815 29.7753 17.9906 10.1223 13.8502 25.6019 38.193 57.4994 67.2982 202.4911 76.2873 94.6528 100.3037 48.8317 66.5013 9.9251 76.9567 29.244 85.9803 101.1938 70.8763 13.3758 881.2874 848.6211 848.6211 748.4901 106.3768 162.7722 171.1745 210.9889 362.0783 1261.7078 305.6819 466.7964 271.0548 105.4432 365.8744 214.5434 264.6234 1274.8506;
	3.8985 52.6778 92.0441 119.3485 15.1696 34.6757 30.239 17.8924 21.6241 13.7563 25.4282 37.9339 57.1093 66.8939 200.9979 75.7248 93.9549 99.5641 58.5382 60.3431 10.0797 80.9099 30.4425 88.1102 101.4786 68.9455 13.2739 656.0307 852.0816 852.0816 758.7879 110.9188 195.1275 155.3233 209.7213 363.5548 1163.4651 275.9238 470.6283 271.8176 113.1338 384.6689 215.1566 265.9608 1175.5846;
	3.8216 51.6387 90.3017 116.4538 14.763 33.8352 30.0312 17.8213 28.0958 20.2071 37.3526 55.7227 83.8903 69.7778 204.6701 77.1083 95.6714 101.3831 42.3405 66.6034 10.0104 78.9489 34.4534 83.6181 100.488 69.0833 13.477 499.2252 832.0554 832.0554 741.4241 103.9618 141.1349 171.4372 218.7629 355.0103 974.755 276.7726 462.9577 269.1643 119.1625 375.3454 206.5043 254.3891 984.9087;
	3.311 44.7387 89.4527 114.5491 14.6347 32.4656 28.6915 17.7706 27.7229 20.9081 38.6482 57.6555 86.8001 69.4984 200.8461 75.6676 93.8839 99.4889 55.0748 61.6835 9.5638 75.7531 36.1828 85.1148 100.3312 70.4009 13.2226 340.5856 789.4205 789.4205 683.5569 102.7925 183.5828 158.7735 217.8869 336.8194 758.8849 248.6279 452.181 268.7444 117.7056 360.1519 190.7762 255.228 766.79;
	2.1657 29.263 91.7118 115.6172 14.6688 21.8689 25.8513 18.3757 28.144 28.9238 53.4653 79.7597 120.0777 69.2242 203.8008 76.7808 95.265 100.9525 92.5962 67.785 8.6171 51.0274 63.5962 87.7156 102.675 69.3788 13.6599 361.04 763.8434 763.8434 692.6933 104.6972 308.6539 174.4787 217.0273 325.9065 722.4837 237.6755 437.225 275.0223 120.042 242.5988 168.3371 253.6995 730.0096;
	2.1181 28.6204 87.7225 110.4733 14.6512 12.3709 22.6332 18.0177 27.3534 30.6972 56.7433 84.6498 127.4398 65.6568 198.9622 74.9578 93.0032 98.5557 89.3532 67.4652 7.5444 28.8654 72.7574 88.6732 102.8146 70.9797 13.5757 353.7342 617.5015 617.5015 582.6544 97.7489 297.8439 173.6556 205.843 263.4673 510.8521 202.2243 426.8972 275.3962 120.2193 137.2343 122.5091 254.962 516.1735;
	1.917 25.9029 88.7549 111.872 12.9707 0.124 18.6201 18.2033 26.3759 29.7457 54.9845 82.0261 123.4898 64.1521 202.4006 76.2532 94.6105 100.2589 88.7555 71.7462 6.2067 0.2893 73.2447 89.345 103.1789 70.7889 13.717 498.2286 488.7675 488.7675 422.4478 88.6319 295.8518 184.6749 201.1255 208.5408 450.4552 183.0006 421.1881 276.3721 118.2145 1.3757 98.43 233.4765 455.1475;
	3.1442 42.4849 92.3066 87.3782 14.5733 25.794 13.1434 18.4958 21.868 28.337 52.3806 78.1415 117.6417 55.8471 196.3062 73.9572 91.7617 97.24 86.8767 69.9026 4.3811 60.1861 71.0534 89.714 104.9093 73.0949 13.9525 565.0356 532.4289 532.4289 406.7315 49.0031 289.589 179.9294 175.0883 227.1696 513.764 151.7483 404.1786 281.0071 120.2907 286.1419 75.9628 260.0131 519.1157;
	3.2834 44.3661 92.0446 66.3954 15.2008 32.4716 12.849 18.5854 27.3253 28.3322 52.3717 78.1283 117.6217 61.4545 191.3325 72.0834 89.4368 94.7763 84.8419 69.7503 4.283 75.767 74.4649 89.9191 106.2061 73.4988 14.0245 618.2797 606.3021 606.3021 429.3126 34.1718 282.8065 179.5376 192.6682 258.6889 603.2973 120.8707 159.7452 284.4805 116.2241 360.218 112.0199 264.3531 609.5817;
	3.6139 48.8321 88.4843 58.604 15.0508 31.0534 25.9552 18.4042 26.1042 12.7319 23.5348 35.1093 52.8568 64.4823 179.532 67.6376 83.9208 88.9309 70.5529 72.7212 8.6517 72.4578 49.4854 87.6402 104.2243 71.2296 13.4914 720.3145 635.0863 635.0863 396.7274 32.4866 235.1764 187.1845 202.1607 270.9702 805.4807 80.4953 380.9014 279.1721 117.6807 344.4853 114.5538 250.5388 813.8711;
