function loadprofile = ex_load_profilesh1
%EX_LOAD_PROFILE  Example load profile data file for stochastic unit commitment.
% 2022.03.12
% Andres F. Ramirez

%% define constants
[CT_LABEL, CT_PROB, CT_TABLE, CT_TBUS, CT_TGEN, CT_TBRCH, CT_TAREABUS, ...
    CT_TAREAGEN, CT_TAREABRCH, CT_ROW, CT_COL, CT_CHGTYPE, CT_REP, ...
    CT_REL, CT_ADD, CT_NEWVAL, CT_TLOAD, CT_TAREALOAD, CT_LOAD_ALL_PQ, ...
    CT_LOAD_FIX_PQ, CT_LOAD_DIS_PQ, CT_LOAD_ALL_P, CT_LOAD_FIX_P, ...
    CT_LOAD_DIS_P, CT_TGENCOST, CT_TAREAGENCOST, CT_MODCOST_F, ...
    CT_MODCOST_X] = idx_ct;

loadprofile = struct( ...
    'type', 'mpcData', ...
    'table', CT_TAREALOAD, ...
    'rows', [1:11], ...
    'col', CT_LOAD_ALL_P, ...
    'chgtype', 1, ...
    'values', [] );
loadprofile.values(:,1,:) = [
	1494.5153 901.0959 1567.8553 588.9 722.4639 1153.9004 891.6962 264.1478 533.21 4633.9367 1819.9234;
	1425.5 884.24 1527.7712 584.3884 706.8403 1150.8948 862.6298 252.5812 513.1984 4390.3811 1752.2611;
	1403.4 876.3418 1526.0984 583.151 701.745 1141.2744 866.4 254.7502 508.5794 4407.2293 1744.6;
	1393.7433 893.4473 1545.3298 584.8 719.5336 1169.6142 896.885 257.9 514.8655 4413.3593 1779.3792;
	1478.7734 941.8693 1562.7884 601.0 762.0363 1190.4297 939.7109 256.2042 549.7878 4624.6395 1852.2073;
	1547.3474 1013.6754 1644.2224 616.0425 819.7357 1251.7003 990.4914 276.9 587.4442 4842.5536 1891.3105;
	1604.97 1055.9004 1762.6333 624.7 874.8993 1328.7652 1017.8237 305.6302 630.1756 5007.169 1989.4021;
	1636.3066 1090.5001 1796.4586 640.5 907.2507 1404.7734 1092.7632 333.9937 685.3234 5210.2252 2125.6209;
	1641.419 1089.2356 1818.5059 636.9042 878.5654 1434.9 1138.2512 348.5 682.8083 5447.2499 2264.8679;
	1686.7491 1114.7 1845.4065 655.577 894.4869 1411.9 1161.0772 332.7749 684.7741 5585.806 2295.3715;
	1692.1873 1101.9724 1788.993 642.4552 882.4217 1371.0119 1120.0 333.7181 676.6351 5546.1064 2254.5264;
	1631.3681 1064.4751 1797.7504 621.1191 859.6832 1315.0355 1060.0417 328.0 663.5274 5560.3607 2233.4605;
	1622.3715 1030.2877 1761.9558 620.3542 820.843 1324.6841 1069.9173 317.7945 662.6 5466.8917 2245.153;
	1614.474 1048.3904 1795.2911 615.9563 826.0168 1387.4851 1097.0511 314.3273 668.5 5557.6706 2273.9072;
	1619.2999 1072.5238 1786.9639 616.0287 845.7711 1357.3378 1099.962 309.0 663.4862 5474.6503 2267.8364;
	1645.5859 1086.2061 1837.0458 630.6319 866.9105 1422.241 1111.5836 314.8359 690.9171 5460.186 2346.4068;
	1680.6523 1118.5705 1873.0038 641.7955 909.6706 1487.9858 1139.2635 332.301 691.1 5501.1712 2472.9558;
	1741.8448 1169.5145 1933.1848 647.1 954.5445 1522.214 1173.8699 353.4783 707.2 5609.9585 2485.0857;
	1708.7492 1151.3 1876.5834 635.5715 921.7501 1472.9 1141.736 356.3 704.1407 5440.3253 2416.8182;
	1705.1943 1125.6342 1846.8197 609.8386 864.2524 1422.0 1093.5743 343.9088 687.129 5430.4653 2357.3278;
	1630.3751 1075.9 1753.5 582.8 795.9 1341.4657 1037.5 338.011 654.3 5294.6 2311.5992;
	1526.9144 992.8281 1659.0431 555.4228 744.24 1277.4898 970.6377 305.307 597.8692 4980.3791 2064.8805;
	1448.4157 921.3385 1598.7435 556.5221 708.1553 1124.1142 831.8788 269.6098 512.2268 4367.4852 1742.6957;
	1422.2077 885.2981 1555.9956 570.7759 716.0027 1085.84 828.2576 260.4739 492.7196 4415.2719 1692.5;
];
