function windprofile = ex_wind_profilesh1
%EX_WIND_PROFILE_D  Example wind_load_nyiso profile data for deterministic unit commitment.
% 2022.03.12
% Andres F. Ramirez


%% define constants
[GEN_BUS, PG, QG, QMAX, QMIN, VG, MBASE, GEN_STATUS, PMAX, PMIN, ...
    MU_PMAX, MU_PMIN, MU_QMAX, MU_QMIN, PC1, PC2, QC1MIN, QC1MAX, ...
    QC2MIN, QC2MAX, RAMP_AGC, RAMP_10, RAMP_30, RAMP_Q, APF] = idx_gen;
[CT_LABEL, CT_PROB, CT_TABLE, CT_TBUS, CT_TGEN, CT_TBRCH, CT_TAREABUS, ...
    CT_TAREAGEN, CT_TAREABRCH, CT_ROW, CT_COL, CT_CHGTYPE, CT_REP, ...
    CT_REL, CT_ADD, CT_NEWVAL, CT_TLOAD, CT_TAREALOAD, CT_LOAD_ALL_PQ, ...
    CT_LOAD_FIX_PQ, CT_LOAD_DIS_PQ, CT_LOAD_ALL_P, CT_LOAD_FIX_P, ...
    CT_LOAD_DIS_P, CT_TGENCOST, CT_TAREAGENCOST, CT_MODCOST_F, ...
    CT_MODCOST_X] = idx_ct;

windprofile = struct( ...
    'type', 'mpcData', ...
    'table', CT_TGEN, ...
    'rows', [1:45], ...
    'col', PMAX, ...
    'chgtype', 1, ...
    'values', [] );
windprofile.values(:,1,:) = [
	3.916 52.9131 85.862 115.6183 15.1719 35.8593 31.1828 6.6918 27.9395 13.6997 25.3237 37.778 56.8746 41.588 183.2361 69.0331 85.6522 90.7658 85.9943 68.1684 10.3943 83.6717 31.3027 37.7245 46.7844 20.4407 4.8512 1269.0638 796.0717 796.0717 617.0399 76.7055 286.6476 175.4655 130.3839 339.6573 1231.0488 201.249 454.9111 125.3153 116.8957 397.7992 216.6184 112.4984 1243.8722;
	3.5577 48.0722 77.7596 44.4567 15.3651 29.9401 30.8839 7.2381 10.3324 14.6287 27.041 40.3398 60.7314 40.584 189.0865 71.2372 88.387 93.6638 90.4269 69.0786 10.2946 69.8602 27.3739 37.8679 38.3793 24.0876 5.3979 1316.754 821.8644 821.8644 684.1999 76.6354 301.4229 177.8085 127.2362 350.6621 1290.7134 198.0485 461.1164 102.8017 121.4802 332.1352 218.8979 97.4359 1304.1584;
	3.2558 43.9932 83.6414 43.8524 15.0555 23.0351 30.9524 4.566 9.4352 13.5476 25.0426 37.3587 56.2432 36.115 186.7148 70.3437 87.2783 92.489 87.5652 59.3035 10.3175 53.7486 28.0995 35.8859 35.7779 13.8848 5.6878 1274.6585 812.6226 812.6226 661.2354 84.9035 291.884 152.6475 113.2255 346.719 1258.6484 195.9391 456.4137 95.8337 36.4327 255.5361 218.5988 120.5766 1271.7593;
	3.5736 48.2874 84.0047 46.2012 15.0309 14.7581 31.2355 5.9595 10.4444 13.3301 24.6404 36.7587 55.34 25.8666 190.787 71.8779 89.1818 94.5061 87.0427 59.0084 10.4118 34.4356 30.0189 36.6366 33.2886 27.7472 4.7656 1271.4669 829.2453 829.2453 726.2713 84.5783 290.1425 151.8878 81.0952 353.8113 1292.897 216.3408 467.4732 89.1658 39.596 163.7165 218.4053 110.5113 1306.3647;
	3.7242 50.322 79.2982 40.1977 15.1644 22.9052 31.0272 0.7624 9.4842 12.0474 22.2694 33.2216 50.0149 30.197 176.7065 66.5731 82.6 87.5313 90.6943 57.3293 10.3424 53.4456 6.0032 23.2307 29.6996 56.1573 3.6285 1265.9426 842.3693 842.3693 764.8781 87.9914 302.3143 147.5656 94.6716 359.4109 1306.9149 229.2906 466.0218 79.5525 34.1008 254.0956 215.2218 181.3605 1320.5286;
	3.7841 51.1311 91.8719 113.16 15.2043 34.5331 31.2728 4.4911 10.2949 11.8246 21.8576 32.6072 49.09 27.0934 184.468 69.4972 86.228 91.376 92.2009 58.2928 10.4243 80.5773 0.1426 25.101 47.9397 60.1245 4.1669 1221.0588 836.5599 836.5599 745.4138 99.6226 307.3363 150.0459 84.9415 356.9322 1281.8163 227.8035 471.0729 128.4099 66.3339 383.0873 214.7246 231.2109 1295.1685;
	3.8289 51.7367 88.2636 116.5933 15.045 35.3179 30.0593 7.5803 1.1616 11.8752 21.9512 32.7468 49.3001 33.1495 190.3495 71.7131 88.9773 94.2894 86.9688 67.3992 10.0198 82.4085 24.2977 43.9077 96.3989 72.9283 10.0777 1174.0687 837.1197 837.1197 749.9021 110.493 289.8958 173.4856 103.9281 357.1711 1336.0419 293.6347 445.2703 258.2114 102.7834 391.7937 213.7967 263.7007 1349.959;
	3.6648 49.5192 86.661 109.6555 14.5136 33.6605 29.6821 17.8697 9.6504 10.9952 20.3245 30.3202 45.6469 56.6263 190.7746 71.8732 89.176 94.5 88.1411 58.2973 9.894 78.5411 25.6583 50.4293 100.8165 72.3234 13.377 1064.587 809.7775 809.7775 754.1273 111.7884 293.8037 150.0575 177.5312 345.5051 1250.4742 307.4114 460.9503 270.0441 114.1801 373.4071 203.8519 242.0903 1263.5;
	3.0864 41.7042 83.232 101.0487 14.4245 33.1189 29.5514 14.4093 9.2852 11.836 21.8786 32.6386 49.1373 65.6815 193.7232 72.9841 90.5543 95.9605 58.3598 62.7836 9.8505 77.2774 30.1753 83.9528 97.4052 70.3029 12.5433 818.6893 834.8576 834.8576 750.239 112.9473 194.5328 161.605 205.9205 356.2059 1219.2472 315.5641 470.1606 260.9067 113.5257 367.3987 207.2365 241.4661 1231.9477;
	3.6499 49.3188 86.4677 109.7437 14.5342 33.7465 29.3366 17.0542 13.7657 11.193 20.69 30.8654 46.4677 58.3378 190.6179 71.8142 89.1028 94.4224 59.706 53.5296 9.7789 78.7419 25.8432 86.9138 97.6251 69.2972 12.6616 573.9572 813.1894 813.1894 721.7015 108.5557 199.02 137.7853 182.8969 346.9608 1090.8986 277.8034 442.1397 261.4959 112.2475 374.3616 207.1159 247.9453 1102.2621;
	3.6561 49.402 87.8716 110.1154 14.6044 34.2869 30.0277 17.2532 26.7309 18.8037 34.7583 51.8526 78.0638 67.2623 198.9996 74.9719 93.0207 98.5742 43.6938 63.457 10.0092 80.0028 29.7808 82.988 97.039 69.3363 12.8848 457.1169 815.8273 815.8273 742.3187 101.3126 145.646 163.3385 210.8765 348.0863 965.729 271.3811 459.5756 259.926 116.3008 380.3561 206.2277 257.2433 975.7887;
	3.3548 45.3311 86.2898 105.2435 14.4193 32.1779 29.0435 16.8218 26.275 19.052 35.2173 52.5373 79.0947 63.2675 194.369 73.2274 90.8562 96.2805 52.9635 58.8449 9.6812 75.0817 27.2505 81.716 92.6487 70.171 12.384 353.2334 764.5784 764.5784 640.207 101.9966 176.5449 151.467 198.3522 326.2201 787.8298 238.9287 449.195 248.1663 115.6791 356.9598 191.7927 255.3138 796.0364;
	2.2464 30.3535 91.3505 109.1585 14.6234 22.7541 24.185 18.1959 25.9844 27.5763 50.9743 76.0437 114.4833 62.1224 191.5234 72.1553 89.526 94.8709 91.8043 62.3331 8.0617 53.093 52.9632 86.1744 98.8488 71.944 13.8531 348.4711 668.883 668.883 620.4378 98.661 306.0144 160.4457 194.762 285.3901 669.6036 227.6617 419.9072 264.7735 115.6287 252.4192 171.9449 267.635 676.5786;
	2.4028 32.4665 90.3873 104.874 14.2649 13.0169 23.0579 17.9075 25.959 30.0569 55.5597 82.8841 124.7816 63.4533 192.4835 72.517 89.9748 95.3465 89.209 65.0698 7.686 30.3727 70.7456 84.7328 98.903 72.0101 13.6459 303.4652 547.3531 547.3531 522.389 94.3377 297.3634 167.4898 198.9347 233.5373 470.2924 212.8677 440.1036 264.9188 115.7154 144.4003 140.4082 260.1794 475.1913;
	2.3394 31.6108 90.6386 103.3876 12.3517 0.2743 21.2528 17.95 25.7111 28.1704 52.0725 77.682 116.9498 60.2387 196.5532 74.0503 91.8772 97.3624 87.6734 70.7449 7.0843 0.6401 69.2801 83.9156 97.0158 72.5896 13.8056 445.8747 426.5373 426.5373 359.9146 79.8237 292.2447 182.0976 188.8566 181.9892 411.2542 185.9713 439.5502 259.8638 112.8254 3.043 120.7801 243.3086 415.5381;
	3.4444 46.5408 89.7827 81.6638 14.8746 26.2427 14.9347 18.1573 14.8766 28.7046 53.0601 79.1552 119.1677 43.4285 197.0671 74.2439 92.1174 97.617 88.8914 71.7797 4.9782 61.233 68.5207 85.0127 97.7827 73.3737 13.6017 469.8394 457.2311 457.2311 366.0881 39.9491 296.3048 184.761 136.1543 195.0853 432.2298 152.1314 437.5141 261.918 113.1621 291.1191 88.921 254.2505 436.7322;
	3.3137 44.7749 91.2111 61.8618 15.2848 32.278 13.2005 17.9967 25.7515 24.1938 44.7219 66.7163 100.441 58.4248 190.4143 71.7375 89.0076 94.3215 86.1041 69.1507 4.4002 75.3152 64.9926 86.8851 103.3569 73.6735 13.6649 581.2941 554.7116 554.7116 423.4483 25.9174 287.0137 177.994 183.1697 236.6769 584.2112 114.0555 165.4022 276.8487 114.6913 358.0702 112.1542 254.4316 590.2967;
	3.7302 50.4035 89.2981 62.7905 14.9424 32.9838 26.4163 18.2865 25.172 7.3302 13.5498 20.2136 30.4314 55.1525 169.7159 63.9395 79.3323 84.0686 70.0981 68.7907 8.8054 76.9622 30.127 87.4727 104.4809 73.4578 13.651 708.6115 530.524 530.524 384.6421 24.5337 233.6602 177.0674 172.9105 226.3569 754.4545 80.1562 376.5333 279.8597 119.3407 365.9004 119.8633 255.0005 762.3134;
