function windprofile = ex_wind_profilesh1
%EX_WIND_PROFILE_D  Example wind_load_nyiso profile data for deterministic unit commitment.
% 2022.03.12
% Andres F. Ramirez


%% define constants
[GEN_BUS, PG, QG, QMAX, QMIN, VG, MBASE, GEN_STATUS, PMAX, PMIN, ...
    MU_PMAX, MU_PMIN, MU_QMAX, MU_QMIN, PC1, PC2, QC1MIN, QC1MAX, ...
    QC2MIN, QC2MAX, RAMP_AGC, RAMP_10, RAMP_30, RAMP_Q, APF] = idx_gen;
[CT_LABEL, CT_PROB, CT_TABLE, CT_TBUS, CT_TGEN, CT_TBRCH, CT_TAREABUS, ...
    CT_TAREAGEN, CT_TAREABRCH, CT_ROW, CT_COL, CT_CHGTYPE, CT_REP, ...
    CT_REL, CT_ADD, CT_NEWVAL, CT_TLOAD, CT_TAREALOAD, CT_LOAD_ALL_PQ, ...
    CT_LOAD_FIX_PQ, CT_LOAD_DIS_PQ, CT_LOAD_ALL_P, CT_LOAD_FIX_P, ...
    CT_LOAD_DIS_P, CT_TGENCOST, CT_TAREAGENCOST, CT_MODCOST_F, ...
    CT_MODCOST_X] = idx_ct;

windprofile = struct( ...
    'type', 'mpcData', ...
    'table', CT_TGEN, ...
    'rows', [1:45], ...
    'col', PMAX, ...
    'chgtype', 1, ...
    'values', [] );
windprofile.values(:,1,:) = [
	3.924 53.0221 84.1799 112.8159 15.2232 35.0475 29.9635 7.0385 26.6341 10.9755 20.288 30.2656 45.5648 37.9264 162.7524 61.316 76.0773 80.6192 78.2372 67.3315 9.9878 81.7774 22.5245 39.8343 46.7415 28.6467 5.1963 1233.9246 799.8856 799.8856 625.5852 84.0289 260.7905 173.3114 118.9044 341.2845 1175.4516 190.5358 436.824 125.2006 110.0037 388.7933 205.9532 126.0253 1187.6959;
	3.6275 49.0158 77.3773 42.0361 15.3581 29.5973 29.5128 6.8449 5.8881 12.2759 22.6918 33.8517 50.9635 40.2652 169.9536 64.029 79.4434 84.1863 84.3825 66.7895 9.8376 69.0603 24.67 39.1577 39.7006 27.5696 5.2702 1228.4014 798.0165 798.0165 657.1677 70.9747 281.2748 171.9164 126.2368 340.4871 1232.1029 194.6694 436.4894 106.3409 117.4267 328.3322 215.7317 105.29 1244.9373;
	3.4234 46.258 86.7423 38.3616 15.2699 23.745 30.0407 5.8847 8.7308 11.9672 22.1213 33.0006 49.6822 38.3142 182.514 68.7611 85.3147 90.4081 79.087 53.3363 10.0136 55.405 25.672 39.0126 35.6654 28.0022 5.6377 1233.5232 801.9883 801.9883 606.3712 85.8318 263.6232 137.2879 120.1202 342.1817 1232.1481 185.9904 442.909 95.5324 34.7468 263.4111 214.166 134.7606 1244.9829;
	3.7234 50.3116 84.2609 41.5584 15.223 15.2508 30.8715 4.3692 10.9621 10.8055 19.9739 29.7971 44.8594 24.9686 189.9445 71.5605 88.788 94.0888 80.8825 62.5813 10.2905 35.5853 22.739 38.9103 35.5225 27.4251 4.8094 1239.1824 816.8052 816.8052 692.1116 88.0949 269.6085 161.0845 78.2799 348.5035 1267.3706 218.5548 449.5908 95.1497 39.8663 169.1825 216.4782 121.6055 1280.5724;
	3.8985 52.677 82.1003 39.3091 15.213 22.8405 29.7187 5.6848 10.3893 0.0 0.0 0.0 0.0 26.8577 161.3479 60.7869 75.4207 79.9235 84.714 61.8609 9.9062 53.2946 0.0 27.6833 36.7786 60.0969 5.019 1156.9373 797.0198 797.0198 636.124 91.6415 282.38 159.2302 84.2025 340.0618 1235.2278 213.8868 439.246 98.514 38.2987 253.3777 212.7868 201.0245 1248.0948;
	3.8824 52.4592 92.5444 108.8354 15.0136 33.7574 30.3538 4.4914 10.0777 0.0 0.0 0.0 0.0 15.4822 175.5828 66.1498 82.0747 86.9747 88.2078 57.7264 10.1179 78.7673 0.0 29.4757 50.8707 64.1408 4.4521 1176.4466 786.9003 786.9003 684.5456 107.6488 294.0259 148.588 48.5389 335.7441 1218.7398 236.3094 439.3897 136.2607 72.0697 374.4823 214.1323 250.4706 1231.435;
	3.9651 53.5778 91.1532 103.3152 14.9871 33.5643 30.134 9.6806 5.9417 0.0 0.0 0.0 0.0 14.5653 183.5428 69.1487 85.7956 90.9177 76.1137 63.956 10.0447 78.3167 0.0 44.205 97.3918 73.018 9.7502 1128.6741 797.7982 797.7982 682.9203 106.9021 253.7122 164.6229 45.6643 340.3939 1273.162 286.1595 421.5652 260.8709 109.4483 372.3399 214.245 281.122 1286.4241;
	3.9175 52.9342 93.0245 115.5502 15.1328 34.8702 29.6004 18.4931 5.266 0.0 0.0 0.0 0.0 42.1172 180.6597 68.0625 84.4479 89.4896 76.5382 40.483 9.8668 81.3637 0.0 56.4648 104.4437 73.7255 13.5759 1056.0525 779.2006 779.2006 675.4762 110.4882 255.1275 104.2034 132.043 332.4589 1212.888 304.2811 433.9834 279.7599 117.6517 386.8262 215.9668 283.3653 1225.5223;
	3.9086 52.8133 93.8867 113.656 15.1406 34.1586 28.9417 18.7402 5.9304 0.5248 0.9702 1.4473 2.1789 38.0636 187.7724 70.7421 87.7727 93.0128 44.1377 50.8804 9.6472 79.7034 0.0 87.1256 105.3298 74.5694 13.685 734.9519 773.9425 773.9425 601.149 99.1058 147.1256 130.9662 119.3347 330.2155 1121.618 284.5661 431.5331 282.1333 113.5069 378.9327 217.5209 282.9531 1133.3015;
	3.8554 52.0951 92.5232 114.8298 14.9927 34.4798 29.2488 18.593 16.705 9.3104 17.2102 25.6742 38.6524 43.0712 170.9835 64.4171 79.9249 84.6965 48.3626 48.6601 9.7496 80.4528 0.0 88.4725 103.9219 73.7876 13.4626 565.3082 789.6221 789.6221 627.288 97.1883 161.2088 125.2513 135.034 336.9054 1026.1629 258.8059 418.7076 278.3621 113.8682 382.4958 214.1001 276.0001 1036.8521;
	3.8863 52.512 93.7086 118.6503 15.2138 34.8883 29.8142 19.1475 26.4747 16.3136 30.1555 44.986 67.7262 66.8798 192.9285 72.6847 90.1828 95.5669 40.5678 59.0662 9.9381 81.406 18.71 88.8024 106.1151 76.4515 14.0303 381.9713 735.7988 735.7988 620.5293 97.6344 135.226 152.0365 209.6773 313.9408 848.3281 260.575 442.5014 284.237 121.2927 387.0276 212.5239 276.7327 857.1648;
	3.2931 44.4969 93.2726 116.482 14.9632 32.7729 27.1404 18.686 26.3467 18.8679 34.877 52.0296 78.3304 64.4239 189.7044 71.47 88.6758 93.9698 55.0313 59.9477 9.0468 76.4701 20.0995 86.102 102.4707 76.2338 13.3614 246.0392 678.2405 678.2405 611.8137 99.4237 183.4376 154.3056 201.9775 289.3826 607.495 237.7974 433.253 274.475 120.2298 363.5605 193.4383 264.9837 613.823;
	2.3024 31.111 93.721 116.9249 15.0179 21.703 22.399 19.1066 25.9913 26.5423 49.0631 73.1925 110.1909 64.6355 187.8926 70.7874 87.8289 93.0724 91.6758 57.2061 7.4663 50.6402 50.5914 88.0065 104.755 76.3165 14.1337 254.7747 644.0638 644.0638 587.953 102.0407 305.5859 147.2486 202.6409 274.8005 598.6988 221.0967 428.4415 280.5939 123.6959 240.7582 178.2752 272.9318 604.9352;
	2.3994 32.4211 94.1189 117.4355 15.0903 13.03 24.0444 18.7841 27.1391 30.8993 57.1168 85.207 128.2787 65.7143 188.9217 71.1751 88.3099 93.5821 90.2999 67.2162 8.0148 30.4034 71.7454 88.7758 105.0603 76.0852 13.6948 287.6662 580.2769 580.2769 565.4617 104.3001 300.9995 173.0147 206.0233 247.5848 454.9917 204.6954 459.8732 281.4115 123.7129 144.5465 145.5173 273.1731 459.7312;
	2.6447 35.735 95.008 120.3864 14.1309 19.2748 21.4023 19.1184 27.5937 30.7087 56.7645 84.6815 127.4876 65.1222 200.9503 75.7069 93.9326 99.5405 88.3562 71.5257 7.1341 44.9746 72.2105 90.001 106.4233 76.5752 14.085 472.598 487.9286 487.9286 409.4169 91.874 294.5207 184.1074 204.1669 208.1828 433.4654 176.553 453.1059 285.0624 124.0533 213.8219 128.8545 274.9101 437.9807;
	3.5812 48.3905 93.7035 91.0246 14.8898 26.5916 16.1199 19.0303 22.9211 29.7422 54.978 82.0163 123.4751 55.3126 196.8977 74.18 92.0382 97.533 87.924 69.9596 5.3733 62.0472 69.7135 89.3 105.8549 76.6195 13.842 523.5647 508.8923 508.8923 378.591 49.2695 293.08 180.0763 173.4124 217.1274 488.0771 148.9603 454.5939 283.5399 122.9584 294.99 90.1501 276.1591 493.1613;
	3.394 45.8602 94.1082 67.3343 14.6373 31.7494 13.9381 18.8609 27.3519 28.5667 52.805 78.7747 118.5949 62.405 200.637 75.5888 93.7861 99.3853 88.2215 72.5124 4.646 74.0819 73.225 87.8968 105.0985 76.4668 13.7753 638.199 601.5058 601.5058 433.0734 30.6535 294.0716 186.647 195.6481 256.6425 644.188 112.2507 178.3792 281.5138 120.4864 352.2063 111.9805 275.2271 650.8983;
	3.7818 51.101 91.742 65.5046 14.1754 30.7818 28.85 19.0198 26.5819 13.8688 25.6363 38.2443 57.5766 64.6945 188.0085 70.8311 87.8831 93.1298 70.5767 72.5145 9.6167 71.8241 51.76 87.4197 104.6424 76.1476 13.7774 728.1597 617.7695 617.7695 397.5528 28.3584 235.2556 186.6524 202.8258 263.5816 821.2444 77.679 415.5992 280.2921 121.7963 341.4725 117.4972 275.0415 829.799;
	3.9274 53.0673 92.7857 64.9882 14.7369 34.1944 30.3686 19.0852 27.9184 25.5022 47.1404 70.3242 105.8727 67.0392 186.9917 70.448 87.4078 92.6261 56.8394 70.8147 10.1229 79.787 60.1432 83.3429 105.1596 75.8244 13.9428 1114.8329 721.0367 721.0367 464.9246 41.7153 189.4645 182.2772 210.1768 307.6423 1118.8496 91.2662 470.3589 281.6774 123.0107 379.3302 160.5061 261.4917 1130.5043;
