function windprofile = ex_wind_profilesh1
%EX_WIND_PROFILE_D  Example wind_load_nyiso profile data for deterministic unit commitment.
% 2022.03.12
% Andres F. Ramirez


%% define constants
[GEN_BUS, PG, QG, QMAX, QMIN, VG, MBASE, GEN_STATUS, PMAX, PMIN, ...
    MU_PMAX, MU_PMIN, MU_QMAX, MU_QMIN, PC1, PC2, QC1MIN, QC1MAX, ...
    QC2MIN, QC2MAX, RAMP_AGC, RAMP_10, RAMP_30, RAMP_Q, APF] = idx_gen;
[CT_LABEL, CT_PROB, CT_TABLE, CT_TBUS, CT_TGEN, CT_TBRCH, CT_TAREABUS, ...
    CT_TAREAGEN, CT_TAREABRCH, CT_ROW, CT_COL, CT_CHGTYPE, CT_REP, ...
    CT_REL, CT_ADD, CT_NEWVAL, CT_TLOAD, CT_TAREALOAD, CT_LOAD_ALL_PQ, ...
    CT_LOAD_FIX_PQ, CT_LOAD_DIS_PQ, CT_LOAD_ALL_P, CT_LOAD_FIX_P, ...
    CT_LOAD_DIS_P, CT_TGENCOST, CT_TAREAGENCOST, CT_MODCOST_F, ...
    CT_MODCOST_X] = idx_ct;

windprofile = struct( ...
    'type', 'mpcData', ...
    'table', CT_TGEN, ...
    'rows', [1:45], ...
    'col', PMAX, ...
    'chgtype', 1, ...
    'values', [] );
windprofile.values(:,1,:) = [
	3.9503 53.3775 86.844 117.7667 15.3483 36.1712 30.5871 7.5743 27.125 12.4123 22.9439 34.2278 51.5298 33.6166 191.974 72.3251 89.7367 95.0941 79.2185 71.4942 10.1957 84.3995 21.9283 34.2919 51.8829 22.8661 5.0576 1227.7581 810.3168 810.3168 667.7302 74.2045 264.0616 184.0262 105.3925 345.7352 1244.4274 203.0998 457.1975 138.972 115.1945 401.2592 216.7871 111.9856 1257.3902;
	3.5618 48.1278 80.3171 48.8204 15.3044 30.2961 30.1467 8.1022 10.0807 12.7925 23.6467 35.2762 53.1081 35.6652 193.1962 72.7855 90.308 95.6995 84.5322 71.5136 10.0489 70.6908 17.3567 33.5712 45.2275 26.6313 5.6079 1290.6421 832.5831 832.5831 757.7317 74.0377 281.7741 184.0762 111.8154 355.2355 1322.2068 203.477 450.8975 121.145 114.0491 336.0844 216.5943 91.7926 1335.9797;
	3.2761 44.2674 88.4045 51.3117 15.2464 23.9325 30.1514 7.5912 6.8685 12.0907 22.3495 33.3411 50.1948 35.7425 195.5374 73.6676 91.4024 96.8592 85.4224 66.8378 10.0505 55.8425 13.7899 37.4611 42.5459 30.9844 6.5069 1263.1359 816.7795 816.7795 762.4653 87.1964 284.7415 172.0407 112.0577 348.4926 1302.9332 205.8515 461.57 113.9622 31.3043 265.4914 216.3197 122.0646 1316.5054;
	3.5457 47.9108 86.0611 52.6518 15.1423 14.6544 31.2587 8.8246 10.7725 12.0398 22.2553 33.2006 49.9833 16.8187 196.0631 73.8656 91.6481 97.1196 83.4539 66.4291 10.4196 34.1935 15.6479 38.8566 43.2925 32.4315 6.1809 1268.5809 812.7456 812.7456 756.8613 87.6166 278.1798 170.9887 52.7288 346.7714 1267.0213 219.5255 474.984 115.9621 34.7961 162.5659 211.7008 110.6939 1280.2195;
	3.7942 51.2681 85.0517 47.3645 15.2037 22.3548 30.9421 9.2297 11.9613 11.165 20.6384 30.7884 46.3518 28.6447 172.8637 65.1254 80.8037 85.6278 86.9382 66.8486 10.314 52.1612 0.4232 31.3369 47.8372 66.4076 6.1543 1222.2111 811.6452 811.6452 759.4335 91.1084 289.7941 172.0685 89.8049 346.302 1265.4551 209.657 476.2356 128.1352 36.0883 247.9893 210.5109 202.3242 1278.6369;
	3.7636 50.8544 94.4408 115.4696 14.9813 33.6092 30.3433 8.3749 11.613 12.1203 22.4042 33.4226 50.3176 22.6952 182.3214 68.6885 85.2247 90.3127 89.6979 66.095 10.1144 78.4214 0.3166 35.8029 59.3899 69.0946 5.793 1179.6622 795.1673 795.1673 743.8477 96.7976 298.9931 170.1287 71.1526 339.2714 1217.2946 222.2516 464.1738 159.0801 73.3857 372.838 204.864 247.5802 1229.9748;
	3.7993 51.3371 92.7608 119.1793 14.4792 33.7729 30.4798 12.0728 11.0616 11.6427 21.5213 32.1055 48.3347 31.3659 191.214 72.0388 89.3814 94.7176 82.265 67.0689 10.1599 78.8035 18.681 52.0647 102.464 74.9894 11.4893 1109.2392 789.1309 789.1309 728.264 88.0954 274.2168 172.6356 98.3363 336.6959 1252.522 250.8238 445.6314 274.4571 108.6694 374.6545 191.1775 270.8593 1265.5691;
	3.7324 50.4327 91.7619 116.791 14.2307 33.2568 29.6262 18.8015 10.5986 10.7507 19.8725 29.6458 44.6317 49.5127 188.1363 70.8792 87.9428 93.1931 83.239 51.0224 9.8754 77.5992 17.1579 55.5424 104.8031 75.1123 13.9469 981.6926 726.6486 726.6486 634.2198 91.0418 277.4634 131.3317 155.2289 310.0367 1140.5081 266.4317 449.7994 280.7227 119.2723 368.9287 201.3268 273.563 1152.3884;
	3.7992 51.3353 93.6109 116.8978 14.2435 33.5995 29.642 18.3841 9.8365 11.7225 21.6689 32.3257 48.6662 61.8254 193.334 72.8375 90.3724 95.7678 51.2869 55.8652 9.8807 78.3989 3.6126 87.1553 105.9247 73.616 13.8439 711.3174 796.7168 796.7168 738.8112 87.3552 170.9565 143.7972 193.831 339.9325 1108.5118 298.7682 449.7606 283.7269 121.1741 372.7307 201.7923 271.829 1120.0588;
	3.7986 51.3275 94.5159 119.6087 14.5221 33.8287 30.7823 18.7573 21.6256 11.0423 20.4116 30.45 45.8424 62.949 193.6078 72.9406 90.5004 95.9034 55.2542 49.3008 10.2608 78.9336 17.2565 89.7199 106.2486 73.8486 13.9155 593.5702 828.1057 828.1057 775.8547 95.5962 184.1807 126.9003 197.3535 353.3251 1063.0869 284.9811 465.3783 284.5945 117.2938 375.2729 200.5378 272.7703 1074.1607;
	3.7284 50.3783 94.6103 118.3955 14.6199 33.5818 30.9175 18.5361 27.5702 17.4591 32.2729 48.1448 72.4818 67.9374 200.9326 75.7002 93.9243 99.5317 40.5451 60.7481 10.3058 78.3576 25.8143 88.1672 105.627 74.015 13.7415 467.4661 781.0455 781.0455 748.8161 94.6406 135.1505 156.3657 212.9929 333.2461 925.0195 282.7956 452.9029 282.9295 119.4966 372.5346 197.4551 268.687 934.6551;
	3.346 45.2121 94.8107 116.2657 15.0771 31.9735 29.3687 18.235 27.317 18.7636 34.6842 51.742 77.8973 64.413 191.1856 72.0281 89.3681 94.7036 47.6983 52.6705 9.7896 74.6049 28.3963 87.4623 104.4851 73.3616 13.7024 297.8183 754.3026 754.3026 703.2481 100.3249 158.9944 135.5741 201.9433 321.8358 739.9184 263.8959 442.3274 279.8708 120.2535 354.6928 190.9867 272.731 747.6259;
	2.2184 29.9751 94.9593 118.1919 14.7376 21.0357 26.0871 18.9673 27.9152 26.3369 48.6834 72.626 109.338 63.9424 186.596 70.2989 87.2228 92.4301 90.4943 59.042 8.6957 49.0833 51.3432 88.5779 106.4667 75.3238 14.1477 302.8975 698.9812 698.9812 661.9654 99.93 301.6477 151.9742 200.4682 298.232 656.39 245.2613 428.1311 285.1786 121.5707 233.3561 173.1441 281.961 663.2274;
	2.3135 31.2611 93.7224 113.8455 14.7075 12.8457 26.0219 18.906 27.938 30.5197 56.4152 84.1604 126.7031 63.3297 193.9476 73.0686 90.6592 96.0717 87.962 67.7525 8.674 29.9733 71.747 88.9801 106.4492 76.3227 14.1367 276.5986 594.4896 594.4896 597.6661 97.5958 293.2067 174.3952 198.5471 253.6489 450.5852 214.7011 454.746 285.1318 123.5809 142.5019 139.6311 273.0518 455.2788;
	2.2172 29.9596 93.9464 114.7225 13.2434 2.1295 22.8447 18.8334 27.6928 29.3588 54.2693 80.9591 121.8835 62.7082 199.2068 75.05 93.1176 98.6769 87.7859 71.118 7.6149 4.9689 69.0435 89.4526 106.401 75.3436 14.1681 393.4885 473.3092 473.3092 427.47 89.5878 292.6198 183.0578 196.5987 201.9453 409.8819 190.1916 459.31 285.0028 122.5529 23.6236 108.8223 254.4691 414.1515;
	3.5653 48.1749 94.5839 90.0399 15.025 27.4533 17.3673 19.1273 23.9058 29.2397 54.0492 80.6307 121.3891 51.257 198.6364 74.8351 92.851 98.3943 87.3763 72.2544 5.7891 64.0576 70.189 89.883 106.3916 76.4424 14.1681 476.503 520.7079 520.7079 403.4308 46.1939 291.2544 185.983 160.6978 222.1687 479.3218 164.0407 458.1951 284.9775 123.4598 304.5484 84.6131 274.0185 484.3148;
	3.3762 45.62 94.4899 67.2115 15.1641 32.797 14.4217 19.1841 27.1238 26.8405 49.6142 74.0146 111.4286 56.5425 196.1079 73.8825 91.6691 97.1418 85.3672 72.9053 4.8072 76.5264 70.2951 89.4392 106.4967 76.5015 14.1747 593.7382 601.1541 601.1541 439.6142 32.0871 284.5573 187.6585 177.2685 256.4924 589.0346 126.9197 182.9406 285.2589 122.8253 363.8284 109.5551 271.1203 595.1704;
	3.7879 51.1824 94.6958 70.7082 15.1568 33.5803 29.2926 19.134 27.1573 13.1984 24.397 36.3955 54.7932 61.7044 183.2964 69.0559 85.6804 90.7957 66.2693 70.4131 9.7642 78.354 51.2265 90.0448 106.6509 76.5305 14.1738 702.8909 664.5952 664.5952 413.8546 29.8373 220.8976 181.2434 193.4516 283.5606 805.4459 84.2263 435.2289 285.672 123.8699 372.5173 116.2347 264.8365 813.8359;
