function windprofile = ex_wind_profilesh1
%EX_WIND_PROFILE_D  Example wind_load_nyiso profile data for deterministic unit commitment.
% 2022.03.12
% Andres F. Ramirez


%% define constants
[GEN_BUS, PG, QG, QMAX, QMIN, VG, MBASE, GEN_STATUS, PMAX, PMIN, ...
    MU_PMAX, MU_PMIN, MU_QMAX, MU_QMIN, PC1, PC2, QC1MIN, QC1MAX, ...
    QC2MIN, QC2MAX, RAMP_AGC, RAMP_10, RAMP_30, RAMP_Q, APF] = idx_gen;
[CT_LABEL, CT_PROB, CT_TABLE, CT_TBUS, CT_TGEN, CT_TBRCH, CT_TAREABUS, ...
    CT_TAREAGEN, CT_TAREABRCH, CT_ROW, CT_COL, CT_CHGTYPE, CT_REP, ...
    CT_REL, CT_ADD, CT_NEWVAL, CT_TLOAD, CT_TAREALOAD, CT_LOAD_ALL_PQ, ...
    CT_LOAD_FIX_PQ, CT_LOAD_DIS_PQ, CT_LOAD_ALL_P, CT_LOAD_FIX_P, ...
    CT_LOAD_DIS_P, CT_TGENCOST, CT_TAREAGENCOST, CT_MODCOST_F, ...
    CT_MODCOST_X] = idx_ct;

windprofile = struct( ...
    'type', 'mpcData', ...
    'table', CT_TGEN, ...
    'rows', [1:45], ...
    'col', PMAX, ...
    'chgtype', 1, ...
    'values', [] );
windprofile.values(:,1,:) = [
	3.784 51.13 79.4142 109.6353 14.5948 34.851 31.6398 6.7286 27.7068 12.9458 23.9302 35.6991 53.7448 41.8031 179.0619 67.4605 83.7011 88.6981 76.17 66.9449 10.5466 81.319 30.8083 9.2693 42.71 2.0178 4.2773 1296.4854 810.0491 810.0491 671.8469 87.872 253.9 172.3162 131.0582 345.6209 1277.6795 214.8109 473.5508 114.4017 108.7366 386.6137 206.0939 92.3815 1290.9887;
	2.8791 38.9032 71.3684 36.9863 14.5833 26.6338 30.1071 6.8276 9.8238 12.6291 23.3447 34.8256 52.4298 37.9755 167.3651 63.0538 78.2334 82.9041 74.8178 67.7306 10.0357 62.1456 20.2836 23.798 36.2874 17.9703 4.4083 1286.0771 808.0091 808.0091 731.8845 77.5501 249.3928 174.3388 119.0585 344.7505 1308.3094 207.8363 464.2901 97.1985 111.8751 295.4578 206.5665 74.913 1321.9377;
	3.0572 41.3089 87.8512 47.4115 14.6812 23.8802 31.5305 7.1879 9.9262 14.902 27.5462 41.0935 61.866 42.6665 184.7058 69.5868 86.3392 91.4938 84.4424 64.5431 10.5102 55.7204 29.1975 37.9143 40.1019 27.2125 5.7525 1322.4256 840.4421 840.4421 781.967 95.4641 281.4746 166.1342 133.7653 358.5886 1320.8995 223.727 473.8814 107.4158 37.1397 264.9105 210.7387 127.3722 1334.6589;
	3.3672 45.498 83.4016 44.165 14.2317 14.0036 31.9675 6.7207 11.0983 13.3671 24.7089 36.8608 55.4938 28.7043 185.2768 69.802 86.6061 91.7767 81.3663 63.5206 10.6558 32.675 27.16 32.7724 31.5138 26.775 4.4331 1325.8204 841.3563 841.3563 793.0439 99.5338 271.2209 163.5022 89.9919 358.9787 1317.5901 239.6747 471.5578 84.412 41.4515 155.3462 213.9032 113.8695 1331.315;
	3.6574 49.4198 82.7893 37.7238 14.4496 21.2184 31.669 6.7082 10.7817 12.3595 22.8463 34.0822 51.3105 31.1783 155.3506 58.5274 72.6174 76.9527 85.8534 65.551 10.5563 49.5095 4.7332 25.3141 34.3868 56.4505 4.8424 1254.0264 832.515 832.515 811.0741 104.843 286.1779 168.7284 97.7482 355.2064 1294.4652 251.3513 459.2347 92.1076 36.4945 235.3824 206.3654 195.8151 1307.9492;
	3.7272 50.3633 93.1009 109.9275 14.8223 31.9173 30.3431 6.9557 10.3801 13.3236 24.6286 36.741 55.3133 29.2779 176.918 66.6528 82.6989 87.6361 89.7767 68.2247 10.1144 74.4736 20.2485 30.5409 50.6311 65.2455 5.1021 1218.1262 807.295 807.295 809.7087 114.9205 299.2557 175.6106 91.7902 344.4459 1245.234 255.8931 463.3598 135.619 70.7558 354.0688 203.5429 236.2972 1258.2052;
	3.7501 50.6726 91.8414 113.0033 14.6969 29.193 29.8817 10.2951 8.0319 12.5051 23.1156 34.4839 51.9153 37.5959 185.9666 70.0618 86.9286 92.1184 74.9767 68.2814 9.9606 68.1169 26.8826 45.0351 96.8665 72.9352 10.8314 1144.4093 798.3822 798.3822 787.9683 114.2929 249.9225 175.7566 117.8681 340.6431 1253.6542 291.5298 449.4859 259.4637 106.8784 323.8472 201.2717 267.1541 1266.7131;
	3.7887 51.193 93.6688 117.2651 14.796 33.0122 29.518 18.5383 4.5046 10.9863 20.3079 30.2954 45.6096 58.7111 178.7195 67.3315 83.541 88.5285 70.2502 54.7259 9.8393 77.0284 24.8814 55.5292 102.7493 75.0254 13.6538 1082.5426 785.6714 785.6714 786.005 117.6744 234.1675 140.8646 184.0673 335.2198 1201.4176 309.6792 441.0079 275.2213 115.6135 366.2149 204.7841 281.3391 1213.9323;
	3.7152 50.2005 90.9426 111.9349 14.8844 29.7915 27.8893 17.8221 2.3184 11.1 20.5182 30.6091 46.0818 59.8398 182.9464 68.924 85.5168 90.6223 17.1658 58.6497 9.2964 69.5135 27.2129 86.0365 101.4815 72.0921 13.4467 752.9204 799.7027 799.7027 787.3654 118.0575 57.2192 150.9644 187.6059 341.2065 1185.8619 309.4411 436.0295 271.8256 113.1573 330.4868 191.3832 270.7239 1198.2147;
	3.6283 49.0266 89.3341 112.5528 14.5553 32.1859 28.5727 17.4277 7.8883 9.7579 18.0374 26.9083 40.5102 58.6096 168.5366 63.4952 78.7811 83.4844 24.9821 48.2795 9.5242 75.1004 1.4306 86.4136 97.1747 70.6981 13.0663 638.2739 816.5254 816.5254 751.5439 112.6375 83.2737 124.2714 183.7491 348.3842 1129.3081 260.2419 434.1098 260.2894 100.5942 357.049 187.2232 267.2112 1141.0717;
	3.6957 49.9373 90.6708 113.3 14.4436 32.2009 28.8533 17.8474 25.2139 13.9009 25.6957 38.3329 57.7099 66.7008 192.5952 72.5591 90.0271 95.4018 5.5309 64.5069 9.6178 75.1354 3.1218 85.9756 97.8983 74.0809 13.5172 450.0506 778.3064 778.3064 731.3102 97.113 18.4364 166.0408 209.1161 332.0774 935.5781 250.114 425.6311 262.2275 112.9632 357.2154 188.5541 263.3058 945.3237;
	3.1066 41.977 91.3382 113.1578 14.5741 29.8133 27.5202 17.5689 26.3013 17.7384 32.7891 48.9149 73.6412 63.3719 186.6065 70.3029 87.2277 92.4353 18.5766 59.291 9.1734 69.5644 28.4755 86.053 98.3378 74.3462 13.0678 290.7756 755.7877 755.7877 674.8501 103.6118 61.9218 152.6153 198.6794 322.4694 735.9222 232.2331 429.1675 263.4048 112.5808 330.729 177.6998 263.1002 743.588;
	1.9433 26.2588 91.3171 114.5362 13.8811 15.2741 23.2761 18.3783 25.5418 26.1308 48.3023 72.0575 108.4822 63.2572 187.5458 70.6568 87.6668 92.9006 87.642 63.2398 7.7587 35.6395 51.0463 82.407 99.8057 72.7304 13.7459 293.6285 693.171 693.171 638.2561 98.9755 292.1401 162.7793 198.3199 295.753 639.0528 224.0727 405.9734 267.3368 116.5421 169.4404 167.348 271.5119 645.7096;
	2.0563 27.7857 91.1672 114.9051 14.3223 8.3194 24.7653 17.9937 26.5945 30.588 56.5414 84.3486 126.9864 63.1287 190.0776 71.6106 88.8502 94.1547 88.7843 69.0853 8.2551 19.412 72.9103 82.6067 100.3123 72.1377 13.4872 269.5281 602.0008 602.0008 596.6246 99.1166 295.9477 177.8257 197.9169 256.8537 470.9273 206.9263 443.5393 268.6936 116.4311 92.2901 131.1588 265.0339 475.8328;
	2.1495 29.045 93.3462 119.7768 11.9458 0.0154 21.3382 18.6587 26.9929 28.493 52.6689 78.5716 118.2891 65.3932 201.2154 75.8067 94.0565 99.6718 88.7031 73.1424 7.1127 0.0359 70.713 87.6409 104.3071 71.389 13.8589 437.3818 507.7004 507.7004 444.667 94.2156 295.677 188.2687 205.0166 216.6188 421.9256 192.0759 446.6053 279.394 117.2493 0.1707 107.6628 252.3855 426.3206;
	2.907 39.2797 88.1292 89.5971 14.0246 24.9266 15.3122 18.5196 22.8111 25.583 47.2899 70.5472 106.2084 58.0508 197.1728 74.2837 92.1668 97.6693 90.9275 70.5542 5.1041 58.1621 70.4262 85.6738 101.4763 72.4553 13.6447 486.3065 491.9136 491.9136 405.3105 49.5066 303.0915 181.6066 181.9972 209.8832 465.8092 171.5415 453.6066 271.8116 118.2895 276.5192 76.1921 262.241 470.6614;
	2.4941 33.7007 89.4684 65.3169 14.5606 31.4647 11.9625 18.4353 25.8585 23.2316 42.9434 64.063 96.4465 60.8428 187.9523 70.8099 87.8568 93.102 87.4301 69.082 3.9875 73.4175 67.6377 86.5684 103.1869 73.0358 13.4446 573.6451 549.928 549.928 406.2421 27.0776 291.4335 177.8173 190.7503 234.6359 555.7107 113.9123 160.584 276.3934 118.2632 349.0479 102.4045 261.5376 561.4993;
	3.3386 45.1113 90.7684 62.8949 15.3161 32.4234 26.6353 18.5184 26.4417 8.914 16.4773 24.5809 37.0064 62.5904 169.8406 63.9864 79.3906 84.1303 70.1061 69.391 8.8784 75.6546 44.5062 87.4054 103.4566 73.2835 13.3737 647.733 577.8114 577.8114 405.1771 28.3291 233.687 178.6126 196.2293 246.5329 727.8521 81.4162 379.9137 277.1159 122.4832 359.6837 116.0148 258.9038 735.4339;
