function windprofile = ex_wind_profilesh1
%EX_WIND_PROFILE_D  Example wind_load_nyiso profile data for deterministic unit commitment.
% 2022.03.12
% Andres F. Ramirez


%% define constants
[GEN_BUS, PG, QG, QMAX, QMIN, VG, MBASE, GEN_STATUS, PMAX, PMIN, ...
    MU_PMAX, MU_PMIN, MU_QMAX, MU_QMIN, PC1, PC2, QC1MIN, QC1MAX, ...
    QC2MIN, QC2MAX, RAMP_AGC, RAMP_10, RAMP_30, RAMP_Q, APF] = idx_gen;
[CT_LABEL, CT_PROB, CT_TABLE, CT_TBUS, CT_TGEN, CT_TBRCH, CT_TAREABUS, ...
    CT_TAREAGEN, CT_TAREABRCH, CT_ROW, CT_COL, CT_CHGTYPE, CT_REP, ...
    CT_REL, CT_ADD, CT_NEWVAL, CT_TLOAD, CT_TAREALOAD, CT_LOAD_ALL_PQ, ...
    CT_LOAD_FIX_PQ, CT_LOAD_DIS_PQ, CT_LOAD_ALL_P, CT_LOAD_FIX_P, ...
    CT_LOAD_DIS_P, CT_TGENCOST, CT_TAREAGENCOST, CT_MODCOST_F, ...
    CT_MODCOST_X] = idx_ct;

windprofile = struct( ...
    'type', 'mpcData', ...
    'table', CT_TGEN, ...
    'rows', [1:45], ...
    'col', PMAX, ...
    'chgtype', 1, ...
    'values', [] );
windprofile.values(:,1,:) = [
	3.9332 53.1465 84.9114 113.252 15.1194 35.9422 31.6942 5.8969 28.2234 13.7374 25.3934 37.882 57.0311 41.3697 181.1189 68.2355 84.6626 89.7171 89.1464 69.7567 10.5647 83.8652 35.95 28.8514 43.0183 18.9214 4.6896 1245.0318 790.4628 790.4628 600.2999 81.7469 297.1547 179.554 129.6997 337.2641 1188.6877 186.0475 463.0261 115.2276 110.7705 398.719 214.4993 119.786 1201.0699;
	3.4288 46.3301 75.4911 42.1436 15.0789 29.5507 30.9315 6.0559 10.6356 13.7908 25.4921 38.0291 57.2527 40.8673 178.5273 67.2591 83.4511 88.4333 89.8856 69.229 10.3105 68.9517 31.1934 27.5545 37.053 17.6751 5.2262 1251.3846 820.1296 820.1296 666.7154 74.1386 299.6188 178.1956 128.1246 349.922 1247.8556 174.0213 469.7399 99.2491 116.6034 327.816 215.3968 91.0959 1260.8541;
	3.3751 45.6044 89.7399 49.7764 15.1284 25.5974 32.0589 6.3282 10.0351 14.3619 26.5477 39.604 59.6235 42.1008 186.5136 70.2679 87.1843 92.3893 87.0492 66.7006 10.6863 59.7273 32.3537 37.0958 37.4945 28.2486 5.7279 1294.9658 841.635 841.635 723.0973 95.0376 290.164 171.6876 131.9918 359.0976 1293.1827 198.0601 476.6961 100.4316 36.4036 283.9605 218.7993 130.1067 1306.6533;
	3.6183 48.8918 85.5725 52.3551 14.9392 15.1723 32.4106 6.6937 12.5851 13.5607 25.0667 37.3945 56.2973 29.3884 188.9799 71.1971 88.3371 93.611 84.8686 68.236 10.8035 35.4021 31.6511 32.5154 32.0069 21.4729 4.5719 1279.5109 840.3128 840.3128 705.1276 99.0659 282.8954 175.6395 92.1366 358.5335 1298.7936 222.5675 477.3499 85.7327 38.2985 168.3118 217.1303 106.9405 1312.3227;
	3.6615 49.4748 79.3087 42.9647 14.6968 20.7471 31.4832 6.8956 11.5803 11.464 21.191 31.6128 47.5929 35.4692 171.5238 64.6206 80.1774 84.9641 87.6203 68.5524 10.4944 48.4098 11.6979 26.6788 35.1512 57.6857 5.0177 1213.3169 807.5314 807.5314 697.5844 98.1931 292.0675 176.454 111.2007 344.5467 1259.1581 221.1419 471.0932 94.155 38.3631 230.1541 203.9021 173.682 1272.2743;
	3.8332 51.7947 92.2559 113.609 14.8583 32.6933 30.4468 6.863 10.2819 11.994 22.1708 33.0744 49.7934 26.1794 190.8445 71.8996 89.2087 94.5346 90.4373 69.4382 10.1489 76.2843 9.2981 29.9423 49.2906 60.0048 4.5262 1150.2404 801.6815 801.6815 698.104 104.9892 301.4577 178.734 82.0759 342.0508 1231.0582 215.4364 457.9621 132.0283 68.1998 362.6771 203.03 221.4778 1243.8817;
	3.7584 50.7838 88.4145 115.8481 14.5502 33.1525 29.6624 9.6036 1.1589 11.9788 22.1426 33.0324 49.73 36.5048 195.4986 73.6529 91.3842 96.84 85.3286 71.7182 9.8875 77.3557 26.5142 41.1564 96.5032 71.5356 10.3212 1111.9656 805.0855 805.0855 680.8439 111.5596 284.4288 184.6028 114.4473 343.5032 1234.8345 257.4921 462.7053 258.4906 108.3857 367.7712 198.2286 226.0556 1247.6974;
	3.6877 49.8286 86.8298 117.5578 14.4307 32.6832 29.8533 18.0714 6.5055 10.7923 19.9494 29.7606 44.8044 59.6512 189.1437 71.2588 88.4137 93.6921 83.9308 58.1722 9.9511 76.2608 25.5221 50.2702 101.4303 71.504 13.2942 1068.4125 756.8412 756.8412 675.5173 113.2188 279.7694 149.7355 187.0147 322.9189 1181.8095 292.187 461.5817 271.6882 121.1807 362.5654 199.3704 262.8023 1194.12;
	3.6934 49.906 88.3647 117.6654 14.7661 32.3123 28.3612 17.7192 8.2159 12.7191 23.511 35.0738 52.8034 66.7121 190.2663 71.6817 88.9384 94.2482 49.399 64.9409 9.4537 75.3953 30.8068 85.7748 100.7691 69.4365 13.0137 812.9977 817.8007 817.8007 675.9148 115.9673 164.6635 167.158 209.1516 348.9283 1156.642 292.9561 451.3015 269.9172 120.3796 358.4509 205.6304 249.5462 1168.6904;
	3.773 50.9816 89.4141 117.7763 14.9874 32.4264 29.8472 17.3661 20.1547 11.7799 21.7749 32.4839 48.9043 67.7449 173.6718 65.4298 81.1815 86.0281 49.3779 53.3745 9.9491 75.6617 25.9608 87.9033 98.0972 66.9278 12.8 679.1555 818.2724 818.2724 673.7612 112.126 164.593 137.3862 212.3895 349.1296 1134.0259 278.9729 460.8119 262.7604 121.2357 359.7173 206.9079 255.2605 1145.8386;
	3.7871 51.1715 90.2807 118.9073 14.8338 33.3006 29.9652 17.6652 26.4762 17.4506 32.2571 48.1212 72.4463 69.5837 189.4891 71.3889 88.5751 93.8632 28.6772 64.0849 9.9884 77.7013 29.425 84.3427 98.8694 70.5647 12.863 475.8913 779.8159 779.8159 678.667 99.3942 95.5907 164.9547 218.1543 332.7214 937.7292 261.775 441.7328 264.8286 120.4771 369.4142 205.0749 254.1773 947.4972;
	3.2173 43.4725 89.0261 113.4768 14.3554 29.5843 28.6351 16.5386 25.8924 18.4732 34.1475 50.9414 76.6919 68.3502 181.0656 68.2154 84.6376 89.6906 34.1749 61.0503 9.545 69.0299 27.9689 82.2475 96.3518 70.5931 8.4473 355.7459 766.7942 766.7942 632.3222 104.1411 113.9163 157.1437 214.2871 327.1655 782.3829 240.4891 436.1323 258.0851 118.5893 328.188 186.0379 248.7027 790.5327;
	2.1523 29.0822 91.52 113.215 15.1621 20.4907 24.8499 18.1125 25.9205 27.1969 50.273 74.9974 112.9082 68.6103 182.9919 68.9411 85.5381 90.6448 89.5197 63.1141 8.2833 47.8117 57.4336 83.4851 97.3869 70.9102 12.8734 352.1109 687.3299 687.3299 587.791 104.7959 298.3989 162.4558 215.1025 293.2607 683.2533 234.6603 419.3676 260.8578 121.6883 227.3107 174.2461 262.1436 690.3705;
	2.4535 33.1521 90.7858 112.0717 15.0693 11.0437 24.9583 17.6149 25.7757 30.141 55.7152 83.1161 125.1309 67.992 186.7367 70.352 87.2885 92.4998 88.5925 66.8262 8.3194 25.7687 71.6198 84.3219 98.5783 71.8152 12.5246 332.5948 601.6675 601.6675 566.704 94.4886 295.3084 172.0108 213.164 256.7114 498.7885 208.5898 438.7405 264.049 123.2353 122.5116 140.3376 245.8984 503.9842;
	2.2431 30.309 87.276 107.2554 12.8134 0.0 20.4453 17.3663 25.9036 29.359 54.2696 80.9596 121.8842 68.2746 195.0717 73.4921 91.1847 96.6286 87.4004 71.2436 6.8151 0.0 72.5989 83.8042 96.6391 70.3232 12.9029 503.0943 488.0915 488.0915 419.7496 90.6891 291.3347 183.3812 214.05 208.2524 455.0016 191.8249 437.2144 258.8546 121.0834 0.0 110.8879 189.4354 459.7412;
	3.5284 47.6769 86.7513 80.6295 14.1768 25.3056 16.3511 17.9001 21.8847 28.9469 53.5079 79.8233 120.1736 61.5105 193.6778 72.967 90.5331 95.9381 85.7466 70.4397 5.4504 59.0464 71.3183 84.5288 97.0076 72.2219 13.1748 563.3401 532.6892 532.6892 415.0344 51.278 285.822 181.3119 192.8436 227.2807 503.4809 175.3597 439.3893 259.8419 122.745 280.7234 82.9609 252.3699 508.7255;
	2.9801 40.2682 86.8582 46.5807 13.9799 29.779 13.6072 17.9138 25.5247 25.9879 48.0383 71.6636 107.8892 59.7027 190.4344 71.7451 89.017 94.3315 85.3506 69.2777 4.5357 69.4843 69.0251 84.6639 99.9901 73.6115 13.3762 652.9301 576.6101 576.6101 455.9324 32.0634 284.5021 178.3209 187.176 246.0203 590.591 127.8272 156.2376 267.8306 121.473 330.3481 92.2174 254.5108 596.743;
	3.4443 46.5403 83.8486 45.689 13.8108 30.8904 27.2947 18.0844 24.9045 11.0986 20.5156 30.6052 46.076 63.8704 172.7075 65.0666 80.7307 85.5505 69.2024 68.8016 9.0982 72.0776 48.0514 75.261 90.6342 72.6453 13.1025 755.7177 615.6407 615.6407 424.5607 30.7494 230.6746 177.0955 200.2425 262.6734 778.3354 88.7331 380.0237 242.7701 118.5496 342.6773 103.4034 192.4642 786.4431;
