function loadprofile = ex_load_profilesh1
%EX_LOAD_PROFILE  Example load profile data file for stochastic unit commitment.
% 2022.03.12
% Andres F. Ramirez

%% define constants
[CT_LABEL, CT_PROB, CT_TABLE, CT_TBUS, CT_TGEN, CT_TBRCH, CT_TAREABUS, ...
    CT_TAREAGEN, CT_TAREABRCH, CT_ROW, CT_COL, CT_CHGTYPE, CT_REP, ...
    CT_REL, CT_ADD, CT_NEWVAL, CT_TLOAD, CT_TAREALOAD, CT_LOAD_ALL_PQ, ...
    CT_LOAD_FIX_PQ, CT_LOAD_DIS_PQ, CT_LOAD_ALL_P, CT_LOAD_FIX_P, ...
    CT_LOAD_DIS_P, CT_TGENCOST, CT_TAREAGENCOST, CT_MODCOST_F, ...
    CT_MODCOST_X] = idx_ct;

loadprofile = struct( ...
    'type', 'mpcData', ...
    'table', CT_TAREALOAD, ...
    'rows', [1:11], ...
    'col', CT_LOAD_ALL_P, ...
    'chgtype', 1, ...
    'values', [] );
loadprofile.values(:,1,:) = [
	1509.4225 926.6661 1649.0419 593.8799 840.7021 1253.9165 827.2611 292.8886 550.2258 4637.9046 1518.9025;
	1461.3 914.2339 1622.3389 579.4313 816.5 1214.2112 813.253 284.0 523.538 4490.7905 1497.8137;
	1443.0 906.6 1595.735 573.8 803.7798 1196.8 817.9546 276.7812 512.0294 4438.8921 1473.2286;
	1470.2704 914.0243 1624.0632 583.5202 831.1752 1219.2911 838.8832 280.8569 521.8 4509.617 1444.1567;
	1492.5746 954.8 1709.2945 598.8517 881.133 1282.9 899.9134 306.4 547.9437 4715.4201 1642.6225;
	1573.564 987.1 1747.1302 619.2445 913.4654 1329.3373 948.8795 321.5441 575.4693 4861.6315 1791.1349;
	1618.2 1018.9 1809.624 600.6 946.7477 1386.8751 993.946 324.6 590.9246 4954.4084 1822.6214;
	1648.0 1029.2575 1835.6301 603.2885 939.4967 1468.2616 1049.9123 321.8 646.2 5202.2005 1998.186;
	1642.966 1063.0306 1864.1643 621.6 966.6544 1473.1529 1054.4682 326.5611 663.9295 5395.1354 2056.5247;
	1650.7415 1044.9268 1858.8507 611.0955 977.2848 1494.7 1049.2227 340.4652 662.0451 5464.5203 2051.8941;
	1672.4266 1065.0456 1844.9118 622.0568 998.0724 1541.3886 1053.3959 332.6 663.5692 5498.5804 2074.5835;
	1681.956 1063.2 1838.6331 615.2 965.3573 1525.6049 1081.3625 333.722 681.8702 5456.2 2058.7254;
	1694.5287 1063.6582 1833.5244 612.3342 972.5958 1513.4 1120.9348 335.6504 678.268 5585.463 2096.4396;
	1641.3999 1039.424 1740.7518 578.5 954.8602 1473.2154 1084.3264 343.0055 665.5295 5533.1596 2099.1432;
	1626.9778 1061.0112 1779.3329 582.0 965.6123 1509.644 1102.5508 331.7 680.5554 5628.6389 2126.6014;
	1614.6876 1089.8542 1850.8 593.7 982.8962 1547.8 1130.3549 341.3207 726.2386 5753.1332 2241.327;
	1654.4129 1112.7 1857.9554 601.3 967.7613 1538.5 1119.6209 336.9531 712.3154 5685.6569 2258.9764;
	1708.0 1140.764 1879.6067 608.0615 1016.608 1556.1837 1130.5048 340.9231 708.9183 5679.105 2355.8421;
	1726.1979 1148.3955 1877.6468 609.1446 1042.1161 1556.735 1136.8149 333.7519 724.4 5711.2637 2364.5552;
	1704.9359 1099.4753 1788.5812 593.3979 963.0153 1438.3135 1083.1 324.5 712.5271 5646.3928 2296.9336;
	1644.6205 1056.1839 1709.1 570.1 897.2919 1351.2 1025.2659 302.7292 671.0808 5474.1828 2182.3756;
	1568.4262 987.611 1630.3547 555.0631 860.3499 1286.7422 970.5 268.7355 619.5711 5134.9346 2005.6507;
	1542.9548 965.6312 1624.5127 535.7626 819.1 1182.4496 942.1644 276.6 589.8081 4852.5963 1775.942;
	1526.6786 945.4665 1634.7769 553.2 796.8636 1150.7547 892.0834 251.1089 564.5702 4661.68 1685.7081;
];
