function solarprofile = ex_solar_profilesh1
%EX_WIND_PROFILE_D  Example wind_load_nyiso profile data for deterministic unit commitment.
% 2022.03.12
% Andres F. Ramirez


%% define constants
[GEN_BUS, PG, QG, QMAX, QMIN, VG, MBASE, GEN_STATUS, PMAX, PMIN, ...
    MU_PMAX, MU_PMIN, MU_QMAX, MU_QMIN, PC1, PC2, QC1MIN, QC1MAX, ...
    QC2MIN, QC2MAX, RAMP_AGC, RAMP_10, RAMP_30, RAMP_Q, APF] = idx_gen;
[CT_LABEL, CT_PROB, CT_TABLE, CT_TBUS, CT_TGEN, CT_TBRCH, CT_TAREABUS, ...
    CT_TAREAGEN, CT_TAREABRCH, CT_ROW, CT_COL, CT_CHGTYPE, CT_REP, ...
    CT_REL, CT_ADD, CT_NEWVAL, CT_TLOAD, CT_TAREALOAD, CT_LOAD_ALL_PQ, ...
    CT_LOAD_FIX_PQ, CT_LOAD_DIS_PQ, CT_LOAD_ALL_P, CT_LOAD_FIX_P, ...
    CT_LOAD_DIS_P, CT_TGENCOST, CT_TAREAGENCOST, CT_MODCOST_F, ...
    CT_MODCOST_X] = idx_ct;

solarprofile = struct( ...
    'type', 'mpcData', ...
    'table', CT_TGEN, ...
    'rows', [1:12], ...
    'col', PMAX, ...
    'chgtype', 1, ...
    'values', [] );
solarprofile.values(:,1,:) = [
	0.0 0.0 0.0 0.0 0.0 0.0 0.0 0.0 0.0 0.0 0.0 0.0;
	0.0 0.0 0.0 0.0 0.0 0.0 0.0 0.0 0.0 0.0 0.0 0.0;
	0.0 0.0 0.0 0.0 0.0 0.0 0.0 0.0 0.0 0.0 0.0 0.0;
	0.0 0.0 0.0 0.0 0.0 0.0 0.0 0.0 0.0 0.0 0.0 0.0;
	0.0 0.0 0.0 0.0 0.0 0.0 0.0 0.0 0.0 0.0 0.0 0.0;
	0.0 0.0 0.0 0.0 0.0 0.0 0.0 0.0 0.0 0.0 0.0 0.0;
	0.015 0.0 0.0 0.557 1.1141 5.5164 0.6896 9.8835 0.3893 15.5578 10.0021 28.1753;
	0.4222 0.1474 0.1255 1.1609 1.055 0.0 0.0 2.2189 0.0 29.5109 16.858 53.4444;
	0.7637 0.388 0.219 1.6961 1.2209 0.0 0.0 1.8858 0.0 34.2387 24.046 62.0065;
	1.333 0.5445 0.0877 2.4729 2.8292 0.0 0.0 2.4752 14.0287 34.5101 16.9452 62.498;
	1.5962 0.6772 0.0981 3.4258 4.7953 0.0 0.0 1.696 19.2615 52.156 16.7895 94.4548;
	2.0883 0.7225 0.1827 3.8525 5.8833 0.0 0.0 0.468 19.1751 55.9026 17.3328 101.24;
	3.6341 0.8942 0.7895 3.506 3.9086 1.3841 0.173 1.3903 21.8201 69.9648 26.1513 126.7067;
	3.0132 0.6431 0.9839 2.7066 2.52 0.0 0.0 1.0087 16.4347 57.0947 23.1404 103.3989;
	1.9579 0.2057 0.7415 1.9254 1.0847 0.0 0.0 0.1796 12.3178 44.1797 18.4557 80.0096;
	1.1818 0.3197 0.6639 0.7213 0.0 0.0 0.0 0.0 5.3479 34.2539 13.6923 62.034;
	0.3124 0.2549 0.1537 0.4071 0.5093 28.4907 3.5613 6.1431 22.1728 19.164 10.2213 34.7061;
	0.0 0.0 0.0 0.0 0.0 0.0 0.0 0.0 0.0 0.0 0.0 0.0;
	0.0 0.0 0.0 0.0 0.0 0.0 0.0 0.0 0.0 0.0 0.0 0.0;
	0.0 0.0 0.0 0.0 0.0 0.0 0.0 0.0 0.0 0.0 0.0 0.0;
	0.0 0.0 0.0 0.0 0.0 0.0 0.0 0.0 0.0 0.0 0.0 0.0;
	0.0 0.0 0.0 0.0 0.0 0.0 0.0 0.0 0.0 0.0 0.0 0.0;
	0.0 0.0 0.0 0.0 0.0 0.0 0.0 0.0 0.0 0.0 0.0 0.0;
	0.0 0.0 0.0 0.0 0.0 0.0 0.0 0.0 0.0 0.0 0.0 0.0;
];
