function windprofile = ex_wind_profilesh1
%EX_WIND_PROFILE_D  Example wind_load_nyiso profile data for deterministic unit commitment.
% 2022.03.12
% Andres F. Ramirez


%% define constants
[GEN_BUS, PG, QG, QMAX, QMIN, VG, MBASE, GEN_STATUS, PMAX, PMIN, ...
    MU_PMAX, MU_PMIN, MU_QMAX, MU_QMIN, PC1, PC2, QC1MIN, QC1MAX, ...
    QC2MIN, QC2MAX, RAMP_AGC, RAMP_10, RAMP_30, RAMP_Q, APF] = idx_gen;
[CT_LABEL, CT_PROB, CT_TABLE, CT_TBUS, CT_TGEN, CT_TBRCH, CT_TAREABUS, ...
    CT_TAREAGEN, CT_TAREABRCH, CT_ROW, CT_COL, CT_CHGTYPE, CT_REP, ...
    CT_REL, CT_ADD, CT_NEWVAL, CT_TLOAD, CT_TAREALOAD, CT_LOAD_ALL_PQ, ...
    CT_LOAD_FIX_PQ, CT_LOAD_DIS_PQ, CT_LOAD_ALL_P, CT_LOAD_FIX_P, ...
    CT_LOAD_DIS_P, CT_TGENCOST, CT_TAREAGENCOST, CT_MODCOST_F, ...
    CT_MODCOST_X] = idx_ct;

windprofile = struct( ...
    'type', 'mpcData', ...
    'table', CT_TGEN, ...
    'rows', [1:45], ...
    'col', PMAX, ...
    'chgtype', 1, ...
    'values', [] );
windprofile.values(:,1,:) = [
	3.727 50.3604 87.2262 118.2599 14.9588 35.475 31.2896 7.8357 27.6742 12.2303 22.6076 33.726 50.7744 49.0259 194.1868 73.1588 90.771 96.1902 84.9092 68.5825 10.4299 82.7749 33.7431 32.5067 47.1005 30.1215 5.0078 1198.6768 790.2168 790.2168 677.4941 85.6961 283.0307 176.5316 153.7028 337.1592 1203.3684 212.2805 458.0601 126.1621 113.9555 393.5355 208.7735 115.3638 1215.9035;
	3.0765 41.5704 80.3141 46.3897 14.9562 29.5518 31.0194 7.7192 10.6864 12.5423 23.1842 34.5863 52.0695 45.7625 194.2985 73.2008 90.8233 96.2455 82.8345 70.045 10.3398 68.9542 30.5456 29.6484 38.0531 31.7124 5.3261 1222.2097 799.9851 799.9851 727.0062 78.8255 276.1149 180.296 143.4716 341.327 1244.7978 201.8528 469.1665 101.9279 114.4174 327.8278 209.533 103.6241 1257.7645;
	3.1835 43.0158 91.4004 51.0327 15.2464 25.7345 31.7746 7.4218 10.8606 12.7019 23.4792 35.0263 52.7319 40.4268 202.5968 76.3272 94.7022 100.3561 85.2086 67.183 10.5915 60.0471 30.4973 38.1926 42.3668 34.7178 6.1668 1183.1821 815.8929 815.8929 762.7969 94.3483 284.0285 172.9291 126.7434 348.1143 1217.7467 206.5914 469.7833 113.4824 35.8931 285.4813 209.5354 141.7197 1230.4316;
	3.5026 47.3277 86.0732 49.1408 14.8539 15.0935 31.4757 7.8826 11.5945 11.3923 21.0585 31.4151 47.2953 23.6356 193.6491 72.9562 90.5197 95.9239 79.3726 64.5466 10.4919 35.2182 28.699 35.7407 38.043 36.2158 5.6934 1205.4714 811.4453 811.4453 763.8769 100.0035 264.5752 166.1431 74.1008 346.2167 1213.4899 226.2007 441.9074 101.9009 41.2333 167.4373 204.3996 122.0275 1226.1305;
	3.8264 51.7035 83.2558 42.2077 14.7621 23.539 31.5635 7.4971 11.4125 10.2556 18.9573 28.2805 42.5762 28.9822 182.1518 68.6246 85.1454 90.2287 84.3 66.5904 10.5212 54.9243 6.3329 24.9435 34.7439 67.4057 5.8118 1214.5804 841.5397 841.5397 798.5683 106.7313 281.0001 171.4038 90.863 359.0569 1276.2648 254.9004 452.4649 93.0639 41.9335 261.1256 206.2904 206.9428 1289.5593;
	3.7677 50.9102 93.8224 113.3898 14.6689 34.5551 30.9694 7.2773 11.5165 11.4652 21.1932 31.6161 47.5979 20.5095 194.0669 73.1136 90.715 96.1308 87.4815 67.6661 10.3231 80.6285 1.9354 32.4248 53.7968 71.2904 5.54 1159.7425 791.8541 791.8541 743.9936 117.668 291.605 174.1727 64.3001 337.8577 1202.2094 252.9182 445.6932 144.0985 73.9437 383.3311 200.2499 252.9733 1214.7324;
	3.916 52.9144 93.5609 119.9286 14.8735 35.1481 30.6743 11.8758 10.9869 7.6407 14.1236 21.0697 31.7203 36.5066 191.2795 72.0634 89.412 94.7501 76.0226 66.7189 10.2248 82.0122 15.4907 53.4058 103.0483 76.4808 11.8128 1057.1937 812.89 812.89 722.9319 116.7184 253.4088 171.7346 114.4533 346.8331 1228.4779 284.8685 455.8062 276.0224 115.4559 389.9093 204.9066 281.1754 1241.2746;
	3.8463 51.9722 90.1304 117.428 15.0051 35.1909 30.5445 18.2763 10.3079 8.1503 15.0657 22.4751 33.8361 62.6228 197.5895 74.4407 92.3616 97.8757 83.7703 54.712 10.1815 82.1122 8.9711 55.0856 104.524 74.5607 13.6021 1003.5883 830.9079 830.9079 778.5436 117.1447 279.2344 140.8289 196.3309 354.5207 1215.4595 304.2902 459.2215 279.975 122.1979 390.3847 207.5389 279.4408 1228.1205;
	3.9247 53.032 93.3247 118.3595 15.2972 35.1805 30.6044 17.8914 10.4382 11.0638 20.4512 30.5092 45.9314 65.324 200.3382 75.4763 93.6465 99.2373 50.9085 62.4335 10.2015 82.0878 23.2107 87.3196 105.2342 72.3352 13.4042 743.4704 844.4912 844.4912 760.3552 113.6074 169.6951 160.704 204.7994 360.3163 1186.1388 309.0938 454.8313 281.8772 121.3682 390.2687 217.0562 278.8325 1198.4944;
	3.9146 52.895 90.5047 115.0994 15.2465 35.177 30.3744 17.3687 20.2796 6.7991 12.5681 18.7491 28.2267 61.628 192.7831 72.6299 90.1149 95.4949 53.2391 53.7749 10.1248 82.0798 2.1964 86.7357 99.4525 69.2833 12.8133 584.4764 845.8475 845.8475 781.9618 115.8362 177.4636 138.4167 193.2121 360.8949 1094.7458 279.9674 448.2258 266.3907 117.1136 390.2307 212.5464 270.1476 1106.1494;
	3.9242 53.0248 92.0065 114.7309 15.3914 35.1719 30.0331 17.6904 27.8596 13.7917 25.4938 38.0318 57.2567 68.2047 201.714 75.9946 94.2896 99.9188 41.4241 64.5603 10.011 82.0678 18.1056 84.2812 101.9542 70.8321 13.0539 457.3268 820.9735 820.9735 764.8786 102.9333 138.0804 166.1784 213.831 350.282 962.614 283.4976 443.6209 273.0916 120.3411 390.1739 210.6614 267.8399 972.6412;
	3.5192 47.5515 92.836 115.5062 15.2367 33.6389 28.2208 17.7693 27.4972 16.3495 30.2218 45.085 67.8752 64.7336 190.6671 71.8327 89.1258 94.4467 50.9618 59.9048 9.4069 78.4907 27.2483 86.1174 102.0795 73.7512 12.7103 326.1816 791.0723 791.0723 710.4746 106.6112 169.8728 154.195 202.9486 337.5242 772.1242 250.6135 430.5134 273.4271 121.6404 373.167 190.5012 270.5348 780.1671;
	2.1416 28.9374 89.8397 111.3954 15.0153 21.8811 23.4578 18.1645 26.9854 26.0084 48.0762 71.7202 107.9743 64.2202 190.2878 71.6898 88.9485 94.2588 91.3178 61.8667 7.8193 51.056 55.0274 82.9804 99.1779 74.7566 13.5649 333.0844 732.3705 732.3705 648.9216 107.7064 304.3926 159.2451 201.339 312.4781 687.7433 239.0941 419.9087 265.6551 119.9008 242.7347 168.8822 275.2398 694.9073;
	2.4087 32.5463 89.7367 111.2109 14.9681 13.2409 23.2426 17.5639 27.9706 30.3353 56.0744 83.652 125.9376 64.4973 193.2171 72.7934 90.3178 95.7099 87.9445 67.4578 7.7475 30.8955 71.9973 83.2166 98.3394 74.2892 13.0459 304.0072 620.567 620.567 595.2681 100.0843 293.1484 173.6365 202.2078 264.7753 493.9472 212.5011 437.0938 263.4091 121.4046 146.8863 134.4121 271.2351 499.0925;
	2.3871 32.2554 88.8594 112.8655 13.3016 2.3416 19.6094 18.0041 27.5649 27.3705 50.594 75.4764 113.6292 63.7895 195.2932 73.5756 91.2882 96.7383 86.3472 69.913 6.5365 5.4637 63.4758 83.8944 100.8561 73.9062 13.5583 439.2629 488.8709 488.8709 427.2492 90.8145 287.8242 179.9563 199.9889 208.5849 432.0242 184.8421 432.2545 270.1504 120.9035 25.9761 111.1481 256.9279 436.5244;
	3.4954 47.2302 91.0028 87.3792 14.6916 24.8941 14.5701 18.4702 23.4734 26.7778 49.4983 73.8418 111.1684 55.4891 199.0793 75.002 93.058 98.6137 86.1543 71.8201 4.8567 58.0863 63.2568 88.0163 104.254 76.3996 13.727 448.7821 497.8748 497.8748 412.4953 52.8511 287.1809 184.8651 173.9657 212.4266 436.2461 166.4394 427.8111 279.2518 121.262 276.1586 77.8019 274.378 440.7904;
	3.246 43.8604 89.618 60.54 15.0164 31.294 12.6372 18.4341 26.6395 24.8382 45.913 68.4932 103.1161 61.5238 190.9015 71.921 89.2354 94.5628 84.019 68.3511 4.2124 73.0193 55.8471 86.759 105.5835 75.7752 13.5786 509.1403 557.0946 557.0946 429.1346 31.8623 280.0634 175.9359 192.8853 237.6937 483.907 121.6401 133.8424 282.813 120.5114 347.1546 107.1401 274.7394 488.9477;
	3.6049 48.71 89.8526 58.2755 15.1002 31.0025 26.093 18.6374 26.2466 2.7031 4.9966 7.4539 11.2218 61.1818 193.1026 72.7503 90.2642 95.6531 71.2788 69.6214 8.6977 72.3391 22.9906 86.9096 106.15 76.2921 13.5453 582.5311 602.411 602.411 387.898 27.798 237.5961 179.2056 191.8133 257.0287 718.3913 82.2561 338.8658 284.3302 121.8253 343.9209 109.677 262.7828 725.8745;
