function windprofile = ex_wind_profilesh1
%EX_WIND_PROFILE_D  Example wind_load_nyiso profile data for deterministic unit commitment.
% 2022.03.12
% Andres F. Ramirez


%% define constants
[GEN_BUS, PG, QG, QMAX, QMIN, VG, MBASE, GEN_STATUS, PMAX, PMIN, ...
    MU_PMAX, MU_PMIN, MU_QMAX, MU_QMIN, PC1, PC2, QC1MIN, QC1MAX, ...
    QC2MIN, QC2MAX, RAMP_AGC, RAMP_10, RAMP_30, RAMP_Q, APF] = idx_gen;
[CT_LABEL, CT_PROB, CT_TABLE, CT_TBUS, CT_TGEN, CT_TBRCH, CT_TAREABUS, ...
    CT_TAREAGEN, CT_TAREABRCH, CT_ROW, CT_COL, CT_CHGTYPE, CT_REP, ...
    CT_REL, CT_ADD, CT_NEWVAL, CT_TLOAD, CT_TAREALOAD, CT_LOAD_ALL_PQ, ...
    CT_LOAD_FIX_PQ, CT_LOAD_DIS_PQ, CT_LOAD_ALL_P, CT_LOAD_FIX_P, ...
    CT_LOAD_DIS_P, CT_TGENCOST, CT_TAREAGENCOST, CT_MODCOST_F, ...
    CT_MODCOST_X] = idx_ct;

windprofile = struct( ...
    'type', 'mpcData', ...
    'table', CT_TGEN, ...
    'rows', [1:45], ...
    'col', PMAX, ...
    'chgtype', 1, ...
    'values', [] );
windprofile.values(:,1,:) = [
	3.9315 53.1239 85.4995 116.5526 15.2849 35.8688 32.0669 7.7591 28.358 11.9442 22.0787 32.9371 49.5867 46.3341 182.779 68.8609 85.4386 90.5394 88.012 68.9483 10.689 83.694 30.7108 39.0222 51.4689 28.5706 5.0309 1202.978 797.1091 797.1091 630.2625 89.6279 293.3733 177.4732 145.2637 340.0999 1231.7071 218.1779 479.2697 137.8633 122.5141 397.9051 204.5461 123.7815 1244.5374;
	3.5084 47.4061 79.4926 47.9081 15.3687 31.3676 31.2924 8.8366 12.9583 13.4072 24.7831 36.9715 55.6604 43.9663 185.3828 69.8419 86.6557 91.8291 87.5725 71.1749 10.4308 73.1911 28.4564 40.6786 49.4144 30.4985 6.4412 1197.4529 780.922 780.922 661.7609 81.747 291.9083 183.2043 137.8404 333.1934 1258.2201 220.0876 478.0994 132.36 121.7857 347.9713 207.3736 108.7304 1271.3266;
	3.2928 44.4927 87.9447 49.1003 15.3201 27.4092 31.8282 8.0972 10.4125 12.8163 23.6907 35.3419 53.207 44.196 189.0471 71.2224 88.3685 93.6443 90.0558 67.7942 10.6094 63.9547 27.471 42.7657 45.0808 31.3546 7.6863 1192.9354 798.2022 798.2022 705.5499 95.8582 300.1858 174.5024 138.5604 340.5663 1236.6357 215.0722 478.8248 120.7522 39.135 304.0589 216.6306 139.7202 1249.5173;
	3.6784 49.7031 85.1826 51.5844 15.3059 16.4208 32.4123 8.4333 11.1173 12.3776 22.8797 34.1321 51.3857 28.6459 192.2434 72.4266 89.8626 95.2276 86.7964 67.6772 10.8041 38.3151 28.5693 39.6728 41.9664 30.7824 6.2023 1243.4293 813.158 813.158 716.8627 98.7621 289.3214 174.2014 89.8088 346.9474 1248.7686 233.7116 479.5157 112.41 42.6695 182.1609 218.0763 124.0182 1261.7766;
	3.9008 52.7087 82.6889 43.3463 15.3886 24.2088 31.7466 8.882 11.9609 11.0258 20.381 30.4045 45.7737 33.2513 186.2818 70.1806 87.0759 92.2745 88.7504 70.7019 10.5822 56.4872 11.23 31.6003 42.7435 64.7919 6.8305 1244.0266 791.5145 791.5145 708.4198 105.6199 295.8345 181.9869 104.2473 337.7129 1240.1199 234.626 477.0664 114.4914 39.6488 268.5562 213.1618 204.8343 1253.0378;
	3.8578 52.1276 93.3666 116.5548 15.3339 34.8565 31.7553 8.5692 11.3183 11.2077 20.7172 30.906 46.5288 29.1043 194.5625 73.3003 90.9467 96.3763 91.3624 69.6738 10.5851 81.3319 4.4288 31.0772 55.8608 68.4582 6.3916 1168.5282 770.3303 770.3303 719.0636 113.7624 304.5413 179.3405 91.246 328.6743 1173.6388 239.1498 472.6195 149.6271 72.9137 386.6752 212.2255 244.204 1185.8642;
	3.9443 53.296 91.3571 120.0435 15.2897 35.2246 29.6341 12.2508 0.7708 10.7889 19.9431 29.7512 44.7902 36.0809 199.3995 75.1226 93.2077 98.7723 83.462 72.5939 9.878 82.1908 24.5851 46.9781 98.8873 73.5176 12.6074 1089.1288 738.5661 738.5661 674.8735 115.5597 278.2066 186.8569 113.1184 315.1215 1188.7396 276.8617 437.53 264.8768 104.8753 390.7584 208.5702 274.0643 1201.1223;
	3.8392 51.8762 92.8538 119.7818 15.3205 34.9152 29.3132 19.0127 3.4145 9.4192 17.4112 25.9741 39.1038 59.9692 199.5927 75.1954 93.298 98.868 81.7823 64.4884 9.7711 81.4688 23.4469 57.9918 103.8045 74.3709 14.1277 1000.3242 713.8723 713.8723 638.5611 120.2224 272.6077 165.9932 188.0116 304.5855 1136.2402 302.8572 437.5784 278.0479 121.7296 387.3259 205.6644 272.0549 1148.076;
	3.8972 52.6598 94.876 120.0768 15.3802 35.125 30.1518 18.9584 7.713 10.2689 18.982 28.3174 42.6317 64.2665 202.0661 76.1272 94.4542 100.0932 52.1968 69.4994 10.0506 81.9583 22.9302 88.2082 104.1035 74.2278 14.1336 770.9245 787.1462 787.1462 739.4915 119.3763 173.9894 178.8916 201.4842 335.849 1160.2262 312.9078 445.4195 278.8487 123.5722 389.653 214.447 277.0429 1172.3119;
	3.8957 52.639 93.9342 120.6996 15.3981 34.9474 30.9471 18.8965 19.5364 11.072 20.4665 30.5319 45.9657 61.1666 199.0814 75.0028 93.059 98.6148 58.731 64.728 10.3157 81.544 25.8094 89.4484 102.7092 74.9945 14.1405 593.7468 786.597 786.597 723.6788 117.2098 195.7702 166.61 191.7655 335.6147 1049.7128 273.2219 450.5904 275.1139 122.7035 387.6833 212.6206 275.5059 1060.6473;
	3.8495 52.0149 93.9969 120.0783 15.1403 34.8402 30.8442 18.8186 26.1314 17.4628 32.2797 48.1549 72.497 66.2727 204.1024 76.8944 95.406 101.1019 43.9571 70.9406 10.2814 81.2938 26.9443 86.9869 101.4885 73.3677 14.1125 375.0168 715.941 715.941 666.1497 107.7497 146.5238 182.6013 207.7738 305.4681 875.8812 262.1909 441.1057 271.8443 121.6129 386.4938 203.7022 264.9067 885.005;
	3.3116 44.7475 90.004 117.4979 14.9834 32.9368 29.6048 18.5319 26.3291 17.8058 32.9138 49.1009 73.9211 64.6817 198.1669 74.6582 92.6315 98.1617 53.5688 69.0998 9.8683 76.8526 28.6044 84.5903 96.567 73.5537 13.7287 295.1925 715.7344 715.7344 687.9607 108.2798 178.5626 177.8632 202.786 305.38 751.939 251.2127 434.7127 258.6616 122.496 365.3792 191.9147 263.8378 759.7717;
	2.098 28.3489 90.6516 115.6131 14.5123 22.93 25.9579 18.9023 26.6878 26.667 49.2935 73.5362 110.7084 61.8769 188.7669 71.1168 88.2375 93.5055 92.3059 67.3726 8.6526 53.5034 51.7369 85.0933 98.6938 74.7442 13.9934 242.4866 599.4575 599.4575 588.9277 104.9131 307.6863 173.4172 193.9924 255.7685 642.4836 217.4752 423.813 264.3583 122.0207 254.3703 176.7618 271.5771 649.1761;
	2.2414 30.2868 87.7754 110.6062 14.4642 12.9579 27.234 18.5883 26.7746 30.0099 55.4728 82.7545 124.5864 63.4689 190.565 71.7943 89.0781 94.3961 91.6678 70.6204 9.078 30.2351 70.8247 84.4667 96.8953 73.8857 13.7485 282.0558 557.0501 557.0501 559.1986 99.8007 305.5593 181.777 198.9837 237.6747 483.5872 184.5692 445.8993 259.5411 120.9668 143.7463 140.1645 268.3947 488.6245;
	2.3919 32.3198 89.6306 114.5323 13.5181 29.3889 24.3757 18.744 27.7624 28.4716 52.6294 78.5127 118.2004 64.0605 197.7732 74.5099 92.4475 97.9667 91.0187 72.0295 8.1252 68.574 69.2065 87.9074 99.5382 72.8347 14.1099 439.571 494.7242 494.7242 429.3573 88.5919 303.3958 185.4041 200.8382 211.0823 452.9011 180.6674 453.4365 266.6202 122.305 326.0205 127.0423 262.1996 457.6188;
	3.4923 47.1893 87.0199 79.0914 14.6769 28.6601 16.968 18.6699 23.7184 29.4568 54.4504 81.2293 122.2903 59.2867 197.2817 74.3247 92.2177 97.7233 91.5085 72.2893 5.656 66.8736 73.1536 86.7142 97.3394 74.7358 13.9848 425.1119 530.44 530.44 405.6973 49.4694 305.0283 186.0728 185.8717 226.321 490.0688 163.3403 447.5989 260.7305 122.1328 317.936 87.1996 263.013 495.1737;
	3.3886 45.7875 88.2306 57.674 14.7722 33.6362 14.5327 18.8072 27.5151 28.1877 52.1045 77.7297 117.0216 64.3771 193.3262 72.8345 90.3688 95.7639 87.215 72.0925 4.8442 78.4845 74.3934 87.3745 101.8635 74.8341 14.0554 519.6212 612.6531 612.6531 423.6973 32.7868 290.7166 185.5664 201.8309 261.3987 597.7657 127.5841 176.0116 272.8485 121.2769 373.138 113.2835 263.953 603.9925;
	3.8451 51.956 88.4449 61.2935 15.1143 34.1984 28.4346 18.9641 27.0592 13.0695 24.1587 36.0401 54.2582 65.7443 174.084 65.5851 81.3742 86.2323 73.0055 68.2146 9.4782 79.7962 50.7649 86.6499 101.7388 74.4023 13.941 563.2106 637.3136 637.3136 403.3743 32.2882 243.3515 175.5846 206.1174 271.9205 765.0621 86.4792 390.2924 272.5147 122.3172 379.374 129.8798 267.8499 773.0315;
