function windprofile = ex_wind_profilesh1
%EX_WIND_PROFILE_D  Example wind_load_nyiso profile data for deterministic unit commitment.
% 2022.03.12
% Andres F. Ramirez


%% define constants
[GEN_BUS, PG, QG, QMAX, QMIN, VG, MBASE, GEN_STATUS, PMAX, PMIN, ...
    MU_PMAX, MU_PMIN, MU_QMAX, MU_QMIN, PC1, PC2, QC1MIN, QC1MAX, ...
    QC2MIN, QC2MAX, RAMP_AGC, RAMP_10, RAMP_30, RAMP_Q, APF] = idx_gen;
[CT_LABEL, CT_PROB, CT_TABLE, CT_TBUS, CT_TGEN, CT_TBRCH, CT_TAREABUS, ...
    CT_TAREAGEN, CT_TAREABRCH, CT_ROW, CT_COL, CT_CHGTYPE, CT_REP, ...
    CT_REL, CT_ADD, CT_NEWVAL, CT_TLOAD, CT_TAREALOAD, CT_LOAD_ALL_PQ, ...
    CT_LOAD_FIX_PQ, CT_LOAD_DIS_PQ, CT_LOAD_ALL_P, CT_LOAD_FIX_P, ...
    CT_LOAD_DIS_P, CT_TGENCOST, CT_TAREAGENCOST, CT_MODCOST_F, ...
    CT_MODCOST_X] = idx_ct;

windprofile = struct( ...
    'type', 'mpcData', ...
    'table', CT_TGEN, ...
    'rows', [1:45], ...
    'col', PMAX, ...
    'chgtype', 1, ...
    'values', [] );
windprofile.values(:,1,:) = [
	3.8761 52.3747 80.7766 109.9203 15.0209 34.3651 30.8145 7.4633 26.2936 1.7227 3.1843 4.7504 7.1517 37.5935 154.3098 58.1353 72.1309 76.4372 76.9744 66.797 10.2715 80.1853 1.5914 30.2347 45.7251 30.1144 4.6718 1321.7446 757.042 757.042 584.7514 83.6572 256.5812 171.9356 117.8608 323.0046 1209.9399 194.3901 448.1978 122.478 116.6401 381.2238 210.0804 119.6358 1222.5434;
	3.3115 44.7456 74.0474 41.8124 15.041 29.0401 30.9071 6.3967 2.4401 7.7755 14.3729 21.4415 32.28 36.0267 159.024 59.9114 74.3345 78.7723 82.5088 68.702 10.3024 67.7603 5.7992 29.5118 37.4021 28.811 4.1401 1283.2986 762.7497 762.7497 660.6993 77.9097 275.0293 176.8392 112.9486 325.4399 1232.2446 195.073 451.2829 100.1843 117.4267 322.1519 213.2199 99.1517 1245.0805;
	3.0151 40.7408 83.7908 43.1087 14.8303 24.2435 30.368 6.255 0.0 11.1249 20.5643 30.6778 46.1853 31.7102 184.5871 69.5421 86.2838 91.435 86.881 63.5486 10.1227 56.5682 24.1706 33.7678 35.0802 27.9371 4.8337 1277.9432 788.0861 788.0861 683.4644 89.7673 289.6033 163.5742 99.4158 336.2501 1222.3782 208.2133 443.0339 93.9648 34.5666 268.9415 210.2506 124.2223 1235.1114;
	3.6075 48.7457 77.5651 40.8028 15.1157 14.8836 31.9624 6.1679 10.6376 11.4536 21.1717 31.584 47.5496 26.6394 185.1428 69.7515 86.5435 91.7103 83.9322 57.404 10.6541 34.7284 28.085 24.3523 22.1024 23.0022 3.6635 1311.2188 826.0659 826.0659 737.238 98.9042 279.774 147.758 83.5182 352.4548 1276.5958 242.9296 458.6608 59.2028 37.875 165.1088 218.0176 103.9817 1289.8936;
	3.8784 52.4053 70.9056 34.8775 15.0757 22.9037 32.2836 6.0284 10.5194 9.4234 17.4191 25.9858 39.1215 30.3531 174.3653 65.6911 81.5057 86.3717 85.457 63.8368 10.7612 53.4419 1.5729 18.735 24.6144 56.0285 4.172 1260.1946 836.0106 836.0106 784.211 108.0846 284.8566 164.3162 95.161 356.6979 1273.6455 256.8794 459.0395 65.9315 40.9372 254.0778 216.3828 174.3055 1286.9126;
	3.8782 52.4035 89.2717 111.858 15.2119 34.3046 31.6963 6.7783 10.2296 7.985 14.7601 22.0192 33.1497 27.0056 171.3914 64.5707 80.1155 84.8985 86.7624 53.6399 10.5654 80.0441 0.9514 29.0161 50.2654 64.9017 4.8062 1195.3044 812.5934 812.5934 762.394 115.2469 289.208 138.0692 84.6663 346.7065 1232.7838 258.0364 447.9939 134.6393 69.3001 380.5524 216.5581 234.7872 1245.6253;
	3.9052 52.7679 85.7971 114.535 14.7046 35.0976 31.7461 11.5024 10.447 6.7947 12.5599 18.737 28.2084 35.0355 179.6 67.6633 83.9526 88.9647 73.3157 64.6063 10.582 81.8944 8.5209 40.9586 96.5365 73.3371 10.7347 1164.2239 818.4329 818.4329 759.7878 119.8188 244.3858 166.2967 109.8409 349.198 1263.7057 306.3241 444.2793 258.5798 111.463 389.3493 216.7305 259.9392 1276.8693;
	3.8299 51.7499 89.5816 117.3022 14.8226 34.6792 30.6041 18.6806 10.0358 11.1277 20.5693 30.6853 46.1966 58.9354 178.3177 67.1801 83.3531 88.3294 78.7063 46.9666 10.2014 80.9181 22.1711 54.7669 103.3666 75.3161 13.5491 1078.9598 799.3064 799.3064 749.8677 118.5183 262.3542 120.8922 184.7703 341.0374 1223.8118 312.4513 441.0444 276.8748 117.4893 384.7076 215.8166 263.9107 1236.5598;
	3.9055 52.7725 90.3791 117.685 15.2482 34.786 30.0914 18.9488 9.7385 12.7847 23.6323 35.2547 53.0757 59.8307 192.9146 72.6794 90.1763 95.56 49.9271 61.7917 10.0305 81.1672 27.921 87.4974 104.5569 76.3572 13.9002 861.7081 846.4621 846.4621 764.7642 118.0859 166.4237 159.052 187.5773 361.1571 1265.6669 318.0214 445.5075 280.0632 118.854 385.8923 218.8495 260.5656 1278.851;
	3.8231 51.6589 86.3874 114.3988 14.8553 34.0368 30.7982 18.6225 17.7681 9.4867 17.5361 26.1604 39.3844 40.9098 187.9493 70.8088 87.8554 93.1005 56.6733 49.5265 10.2661 79.4191 22.4645 88.0505 102.0131 76.2011 13.7593 635.7297 827.0353 827.0353 737.9971 112.0941 188.911 127.4814 128.2578 352.8684 1111.4955 272.97 444.312 273.2494 114.1607 377.5813 216.2716 254.4119 1123.0736;
	3.7037 50.0446 75.7402 110.0924 14.6516 32.2802 29.7637 17.9184 25.2136 15.337 28.3502 42.293 63.6718 58.1548 194.13 73.1373 90.7445 96.1621 40.5459 54.5691 9.9212 75.3204 25.5498 83.7573 97.9392 75.3182 13.0766 495.6013 778.7398 778.7398 674.1947 100.6301 135.1531 140.4611 182.3231 332.2623 934.0 259.9484 426.4673 262.3373 114.8697 358.0945 205.4291 224.664 943.7292;
	3.487 47.1173 83.7276 110.4665 15.0326 32.9 29.8259 17.4521 27.6389 18.6217 34.4219 51.3508 77.3083 63.2466 195.0102 73.469 91.1559 96.5981 55.2987 64.0677 9.942 76.7667 34.5035 83.8042 96.9235 74.0902 12.1806 360.7011 805.6867 805.6867 698.2286 107.4333 184.329 164.9104 198.2865 343.7597 790.9335 255.1055 454.9934 259.6164 115.2194 364.9707 205.094 246.359 799.1724;
	2.1939 29.6438 87.2469 113.1527 14.5 21.1899 25.4692 18.4599 27.5028 24.4956 45.2798 67.5486 101.6941 63.5456 200.134 75.3993 93.551 99.1361 92.5169 66.6653 8.4897 49.4431 60.2698 87.2234 102.8374 73.5412 13.6736 334.0111 716.1872 716.1872 617.5187 108.3956 308.3898 171.5966 199.2241 305.5732 674.8857 226.4635 433.5568 275.4573 117.0996 235.0667 183.481 257.8387 681.9157;
	2.1523 29.0825 83.8415 106.0251 14.0939 11.5804 23.1333 17.8266 26.6902 29.0059 53.6169 79.9858 120.4182 62.9195 196.8109 74.1474 91.9976 97.49 90.8516 68.382 7.7111 27.0208 71.3416 81.9338 99.111 71.7992 13.3821 321.9145 620.4201 620.4201 583.2539 103.2445 302.8387 176.0155 197.2612 264.7126 496.0339 199.6208 439.8314 265.4759 118.8407 128.4647 144.1182 216.9378 501.2009;
	1.8419 24.8884 85.2435 108.8055 11.3864 0.0 19.5989 17.7251 26.0808 28.2878 52.2895 78.0057 117.4371 64.2058 201.9446 76.0814 94.3974 100.033 91.5224 72.0283 6.533 0.0 71.6111 82.8818 99.3888 70.8724 13.5853 485.7477 481.1507 481.1507 447.9693 97.7572 305.0745 185.4011 201.2937 205.291 429.9958 187.2646 427.7473 266.22 117.978 0.0 112.74 215.6295 434.4749;
	3.0897 41.748 86.9386 84.4894 14.0395 24.1804 14.6057 18.1919 23.3526 28.7619 53.1659 79.313 119.4053 52.0164 197.6841 74.4763 92.4058 97.9226 88.2768 70.8285 4.8686 56.421 72.0164 86.7878 100.4953 72.3317 13.7254 549.7962 537.1229 537.1229 437.1074 54.2487 294.2561 182.3128 163.0784 229.1725 493.2551 166.2284 434.2288 269.184 117.8176 268.2414 77.5275 224.6061 498.3932;
	3.0388 41.0602 88.7532 65.0736 15.0375 30.8809 13.3074 18.7186 26.6874 27.3274 50.5143 75.3575 113.4502 58.9874 187.8242 70.7617 87.7969 93.0385 85.1316 69.2267 4.4358 72.0555 70.0532 87.9891 105.6319 74.6537 13.9584 606.136 584.224 584.224 457.425 32.9176 283.7718 178.1897 184.9334 249.2689 577.8123 112.7254 167.2778 282.9426 120.6038 342.5725 103.5611 257.6403 583.8312;
	3.5116 47.4495 90.5687 64.9344 15.3304 31.8932 27.441 18.7886 26.4795 12.7657 23.5972 35.2024 52.997 58.4779 176.9757 66.6746 82.7259 87.6647 66.7285 68.5191 9.147 74.4174 48.5916 88.7179 106.0821 74.7094 13.9709 679.6191 601.4728 601.4728 427.2101 32.3856 222.4283 176.3684 183.3361 256.6284 747.4733 83.226 379.7834 284.1486 120.0375 353.8014 113.0311 254.3939 755.2594;
