function loadprofile = ex_load_profilesh1
%EX_LOAD_PROFILE  Example load profile data file for stochastic unit commitment.
% 2022.03.12
% Andres F. Ramirez

%% define constants
[CT_LABEL, CT_PROB, CT_TABLE, CT_TBUS, CT_TGEN, CT_TBRCH, CT_TAREABUS, ...
    CT_TAREAGEN, CT_TAREABRCH, CT_ROW, CT_COL, CT_CHGTYPE, CT_REP, ...
    CT_REL, CT_ADD, CT_NEWVAL, CT_TLOAD, CT_TAREALOAD, CT_LOAD_ALL_PQ, ...
    CT_LOAD_FIX_PQ, CT_LOAD_DIS_PQ, CT_LOAD_ALL_P, CT_LOAD_FIX_P, ...
    CT_LOAD_DIS_P, CT_TGENCOST, CT_TAREAGENCOST, CT_MODCOST_F, ...
    CT_MODCOST_X] = idx_ct;

loadprofile = struct( ...
    'type', 'mpcData', ...
    'table', CT_TAREALOAD, ...
    'rows', [1:11], ...
    'col', CT_LOAD_ALL_P, ...
    'chgtype', 1, ...
    'values', [] );
loadprofile.values(:,1,:) = [
	1456.2054 901.8884 1646.0585 583.4459 859.9889 1202.9775 889.8014 257.896 550.217 4833.4149 1838.8;
	1432.802 894.1422 1626.9793 578.4 838.3889 1190.9014 870.2 249.5034 520.8 4622.6686 1750.5712;
	1446.012 895.7176 1621.1937 579.4 849.5664 1172.581 852.7952 229.3419 522.1 4546.5815 1721.0563;
	1457.3671 906.0308 1670.0551 597.2 891.9846 1181.8441 885.0218 248.2111 531.0085 4632.7014 1743.6693;
	1480.0733 936.9734 1729.6607 608.7401 914.4098 1236.9987 936.7 266.9052 550.259 4737.2671 1813.7405;
	1518.6888 977.8155 1777.9043 634.9058 953.5589 1307.4 991.2614 297.6 582.4523 4749.3026 1887.2174;
	1561.7 1006.9 1823.0252 631.315 997.3372 1341.9244 1032.3 324.3529 620.1417 5033.8569 1964.4342;
	1618.5351 1025.8 1857.2 628.0934 1013.3396 1339.7446 1078.956 344.7255 647.8929 5243.9185 2033.1173;
	1631.2357 1009.0077 1842.0037 614.6 1015.5164 1343.7689 1083.3847 352.2968 655.2934 5439.7624 2137.3952;
	1668.8365 1030.0672 1868.0366 606.0872 1048.8593 1368.765 1121.4192 350.8 661.6202 5604.6647 2158.759;
	1693.2932 1042.0012 1813.7794 599.1267 1041.0621 1298.2222 1062.5937 333.6121 659.1336 5559.1496 2120.4131;
	1715.9269 1023.4247 1794.3512 586.1036 990.4082 1264.1391 1028.9558 319.672 650.4097 5501.4157 2097.2974;
	1787.7836 1044.8419 1783.6352 581.8 959.205 1259.5407 1047.9252 315.4491 652.2691 5449.8432 2148.1236;
	1767.5762 1022.4881 1793.3533 570.3533 960.5605 1299.4671 1035.2191 293.8556 639.0377 5463.2952 2156.1968;
	1734.4901 1063.7409 1841.6385 557.1518 962.9053 1352.9219 1066.9968 316.7409 652.9 5496.4335 2189.6991;
	1753.407 1078.2852 1831.897 554.0084 994.8783 1379.7333 1083.1593 303.5 659.4445 5457.7798 2250.4529;
	1782.8106 1089.0914 1842.6115 583.1 983.865 1388.403 1099.0492 313.4628 669.0251 5548.3882 2338.4205;
	1799.6955 1086.544 1890.0 611.8043 1012.7161 1349.8753 1115.5354 324.6733 695.5407 5521.9782 2393.4265;
	1823.0895 1095.8908 1869.0023 609.1832 1017.3221 1429.2381 1095.5582 331.8642 697.559 5552.0244 2388.4798;
	1871.728 1074.0554 1789.8291 594.0287 980.4254 1335.1352 1071.2027 337.5731 660.7244 5477.7528 2311.1854;
	1729.7919 1012.994 1695.0188 576.4 879.0871 1265.1882 1003.0947 312.3285 632.4673 5215.255 2161.0639;
	1683.4028 982.0899 1632.7221 547.7147 836.7 1199.2535 919.7363 272.3899 568.7893 4900.8911 1953.3422;
	1527.1999 901.2015 1564.8362 579.602 821.6565 1084.3 865.2101 226.4149 529.3194 4653.074 1765.6969;
	1477.7766 877.2772 1555.1566 574.7 771.2952 1056.5447 843.5695 197.8209 515.8444 4453.2832 1653.8643;
];
