function windprofile = ex_wind_profilesh1
%EX_WIND_PROFILE_D  Example wind_load_nyiso profile data for deterministic unit commitment.
% 2022.03.12
% Andres F. Ramirez


%% define constants
[GEN_BUS, PG, QG, QMAX, QMIN, VG, MBASE, GEN_STATUS, PMAX, PMIN, ...
    MU_PMAX, MU_PMIN, MU_QMAX, MU_QMIN, PC1, PC2, QC1MIN, QC1MAX, ...
    QC2MIN, QC2MAX, RAMP_AGC, RAMP_10, RAMP_30, RAMP_Q, APF] = idx_gen;
[CT_LABEL, CT_PROB, CT_TABLE, CT_TBUS, CT_TGEN, CT_TBRCH, CT_TAREABUS, ...
    CT_TAREAGEN, CT_TAREABRCH, CT_ROW, CT_COL, CT_CHGTYPE, CT_REP, ...
    CT_REL, CT_ADD, CT_NEWVAL, CT_TLOAD, CT_TAREALOAD, CT_LOAD_ALL_PQ, ...
    CT_LOAD_FIX_PQ, CT_LOAD_DIS_PQ, CT_LOAD_ALL_P, CT_LOAD_FIX_P, ...
    CT_LOAD_DIS_P, CT_TGENCOST, CT_TAREAGENCOST, CT_MODCOST_F, ...
    CT_MODCOST_X] = idx_ct;

windprofile = struct( ...
    'type', 'mpcData', ...
    'table', CT_TGEN, ...
    'rows', [1:45], ...
    'col', PMAX, ...
    'chgtype', 1, ...
    'values', [] );
windprofile.values(:,1,:) = [
	3.8697 52.2881 86.6677 111.851 15.3188 34.2373 31.8687 7.8063 28.3187 13.0993 24.2139 36.1224 54.382 39.0026 184.8066 69.6248 86.3863 91.5437 85.8012 68.8483 10.6229 79.887 30.9376 34.83 49.9763 28.0518 4.8102 1212.2405 823.2124 823.2124 692.0817 82.8445 286.0041 177.2156 122.2785 351.2373 1209.0727 213.6347 478.2129 133.865 117.5189 379.8058 204.8955 128.1208 1221.6672;
	3.0281 40.916 74.5955 37.6547 14.8013 21.4693 30.569 7.2271 9.9992 11.9167 22.0278 32.8611 49.4722 36.6493 180.0044 67.8156 84.1416 89.1649 86.8375 70.7092 10.1897 50.0951 23.2385 26.8665 40.422 25.1262 4.4989 1245.2612 804.9461 804.9461 722.3027 73.4573 289.4583 182.0056 114.9005 343.4437 1219.0217 200.5516 466.6793 108.2732 115.9045 238.1662 186.599 106.7779 1231.7199;
	3.0213 40.8244 89.3688 45.7588 14.7843 22.7838 31.6788 6.3267 9.8977 13.1403 24.2897 36.2354 54.5523 38.4414 195.0695 73.4913 91.1836 96.6274 89.194 69.058 10.5596 53.1622 26.4916 25.307 36.9262 22.5201 5.2154 1260.6983 811.7846 811.7846 745.2668 84.9776 297.3133 177.7556 120.519 346.3614 1242.7271 199.8179 474.5985 98.9095 33.4151 252.7481 203.4636 143.4881 1255.6722;
	3.5551 48.0372 86.1834 47.3392 14.744 14.1855 31.9106 7.1192 12.2502 13.1106 24.2347 36.1534 54.4288 25.6906 198.5241 74.7928 92.7985 98.3387 86.3243 68.3092 10.6369 33.0995 30.027 24.3977 36.3203 26.9217 4.813 1244.9996 812.4219 812.4219 768.6555 84.8644 287.7476 175.828 80.5435 346.6334 1244.1634 224.0375 469.2123 97.2866 36.5636 157.3647 206.3323 125.6431 1257.1234;
	3.787 51.1713 84.8449 40.9147 14.641 21.015 31.6702 7.282 11.5134 11.8898 21.978 32.7869 49.3605 27.6988 177.6473 66.9276 83.0398 87.9974 85.4475 66.7082 10.5567 49.0349 8.6522 22.5987 37.461 60.2101 4.4024 1199.038 803.9678 803.9678 751.7476 93.8901 284.8251 171.7071 86.8395 343.0263 1197.4836 223.6151 474.5481 100.342 35.4543 233.126 203.9806 220.3359 1209.9574;
	3.8965 52.6497 95.3404 114.3537 15.1039 34.1734 31.4789 7.0563 11.6475 13.5795 25.1015 37.4465 56.3755 25.4108 191.0961 71.9944 89.3263 94.6593 90.3635 69.8108 10.493 79.7378 12.1624 31.304 56.2307 66.6625 3.1301 1214.6123 815.8473 815.8473 776.006 103.6857 301.2118 179.6932 79.6664 348.0949 1231.8229 232.1648 476.5212 150.618 64.258 379.0965 213.1207 269.6423 1244.6544;
	3.9639 53.5613 95.2974 119.0604 14.972 34.1595 31.0298 10.7139 10.9385 12.8093 23.6778 35.3226 53.1779 35.6686 200.3955 75.4978 93.6732 99.2657 87.8588 73.2636 10.3433 79.7054 25.8141 51.4435 101.2453 73.7284 9.0117 1108.1234 826.3958 826.3958 786.3187 110.2119 292.8627 188.5806 111.826 352.5955 1241.313 283.0025 463.5429 271.1929 99.1176 378.9422 207.9762 285.4497 1254.2433;
	3.8932 52.6059 95.3378 120.4322 15.2956 34.4819 30.2672 18.8153 10.4431 11.7595 21.7372 32.4277 48.8196 59.0288 198.8325 74.909 92.9426 98.4914 84.9378 62.7999 10.0891 80.4578 24.5355 62.0535 106.324 75.195 13.4339 985.6978 801.2564 801.2564 695.77 107.6446 283.1259 161.6471 185.0632 341.8694 1172.5616 282.0141 453.1063 284.7966 116.143 382.5196 208.2901 286.6286 1184.7758;
	3.8633 52.2021 95.1944 119.401 14.8681 34.0929 30.0916 18.6204 9.3059 13.6683 25.2657 37.6915 56.7443 62.8866 199.1186 75.0168 93.0764 98.6332 52.9094 66.0003 10.0305 79.5501 29.4373 88.2077 105.9988 75.5741 13.5597 783.6301 828.4554 828.4554 700.9219 109.364 176.3648 169.885 197.158 353.4743 1184.5694 279.5716 460.3471 283.9253 117.699 378.2039 216.4818 281.0755 1196.9087;
	3.8931 52.6047 94.8067 117.7579 15.0326 33.4332 30.8054 18.5964 20.537 11.9588 22.1057 32.9774 49.6473 59.3257 190.1312 71.6308 88.8753 94.1812 62.0481 59.7987 10.2685 78.0109 26.5325 87.1253 103.2403 75.2729 13.5257 603.8544 840.8616 840.8616 694.0124 108.0575 206.827 153.9221 185.994 358.7676 1097.1357 245.0732 458.6044 276.5364 114.7757 370.8861 211.3449 284.2472 1108.5642;
	3.9156 52.9086 94.8066 117.607 15.2941 33.264 30.7334 18.7592 28.0306 17.1303 31.665 47.238 71.1165 65.7438 192.6548 72.5816 90.0549 95.4313 37.5485 58.0648 10.2445 77.6159 27.3709 85.2367 103.789 75.5709 13.6778 437.8279 810.3589 810.3589 652.4712 98.0705 125.1617 149.4589 206.1158 345.7531 944.299 244.3293 442.0594 278.0064 120.1798 369.0083 213.3081 280.7299 954.1355;
	3.4614 46.7711 94.2541 117.652 15.1158 31.9759 30.8548 18.3958 28.0611 18.6227 34.4239 51.3536 77.3126 63.5899 183.1766 69.0107 85.6244 90.7363 51.1822 55.8143 10.2849 74.6103 27.7577 83.6047 102.8606 74.9443 13.2234 383.2439 827.1708 827.1708 665.8083 103.4231 170.6073 143.6661 199.3628 352.9262 843.7665 242.5736 450.4531 275.5194 121.8776 354.7188 199.6493 271.4811 852.5558;
	2.2437 30.3168 95.1759 116.9642 15.2849 21.1318 28.0146 18.8682 28.1668 25.5648 47.2562 70.4969 106.1327 66.5226 186.2668 70.1749 87.0689 92.267 91.2115 59.3773 9.3382 49.3075 49.355 85.0134 104.0029 74.1575 13.9078 346.8114 769.2085 769.2085 656.5847 103.6721 304.0384 152.8374 208.5573 328.1956 722.4689 237.4763 446.6872 278.5791 122.2544 234.4218 187.1214 281.2066 729.9946;
	2.4587 33.2228 94.9798 117.7311 15.3102 12.9561 26.6592 19.1077 27.1857 27.809 51.4046 76.6855 115.4496 66.069 188.3972 70.9775 88.0647 93.3223 90.0821 66.7995 8.8864 30.2309 68.6729 86.4525 105.9655 75.8974 14.0079 368.5672 654.0793 654.0793 617.6025 104.9801 300.2735 171.9422 207.1353 279.0739 539.0357 218.1151 445.2474 283.8361 121.4283 143.7261 145.5521 286.16 544.6506;
	2.3854 32.2324 92.5708 112.4234 13.5678 1.0765 23.114 19.0415 26.6851 26.9584 49.8322 74.3399 111.9183 64.2141 193.3106 72.8286 90.3615 95.7562 86.9233 69.9791 7.7047 2.5118 58.6549 86.3317 105.4406 75.8033 13.8937 507.8355 504.8629 504.8629 426.8511 93.4963 289.7442 180.1265 201.3197 215.4082 454.5413 193.6614 439.5923 282.4302 119.5857 11.9418 125.1658 271.1716 459.2761;
	3.6754 49.6633 93.9338 87.2732 15.1075 25.6059 17.4727 18.9752 21.4312 27.1091 50.1107 74.7553 112.5437 54.0618 191.5928 72.1815 89.5585 94.9053 85.7505 69.6575 5.8242 59.7472 67.896 87.9883 105.554 75.1258 13.7249 557.7559 517.4969 517.4969 415.5178 52.1857 285.8349 179.2987 169.4911 220.7987 491.8245 168.887 446.9441 282.7339 119.6482 284.0552 94.0951 278.9528 496.9477;
	3.3911 45.821 93.7288 60.8478 15.2491 31.4228 14.395 18.7999 26.4628 27.6606 51.1302 76.2762 114.8335 60.3777 188.9619 71.1903 88.3287 93.6021 84.8782 68.8181 4.7983 73.32 73.139 88.8015 106.078 75.1697 13.615 619.8753 558.5383 558.5383 426.2857 31.0662 282.9273 177.138 189.2922 238.3097 563.3719 123.0868 175.4809 284.1375 119.4125 348.5841 111.0376 267.7753 569.2403;
	3.8337 51.8011 94.1617 65.2441 15.3532 33.8253 28.9748 18.9751 26.4847 13.3027 24.5898 36.6832 55.2263 63.3947 179.9029 67.7774 84.0941 89.1147 71.3513 69.41 9.6583 78.9256 51.7875 89.6988 106.1588 74.8967 13.5846 740.3564 620.206 620.206 429.3122 31.2424 237.8376 178.6616 198.7509 264.6212 779.8952 89.8869 402.8481 284.3539 121.6954 375.235 124.2716 257.1906 788.0192;
