function solarprofile = ex_solar_profilesh1
%EX_WIND_PROFILE_D  Example wind_load_nyiso profile data for deterministic unit commitment.
% 2022.03.12
% Andres F. Ramirez


%% define constants
[GEN_BUS, PG, QG, QMAX, QMIN, VG, MBASE, GEN_STATUS, PMAX, PMIN, ...
    MU_PMAX, MU_PMIN, MU_QMAX, MU_QMIN, PC1, PC2, QC1MIN, QC1MAX, ...
    QC2MIN, QC2MAX, RAMP_AGC, RAMP_10, RAMP_30, RAMP_Q, APF] = idx_gen;
[CT_LABEL, CT_PROB, CT_TABLE, CT_TBUS, CT_TGEN, CT_TBRCH, CT_TAREABUS, ...
    CT_TAREAGEN, CT_TAREABRCH, CT_ROW, CT_COL, CT_CHGTYPE, CT_REP, ...
    CT_REL, CT_ADD, CT_NEWVAL, CT_TLOAD, CT_TAREALOAD, CT_LOAD_ALL_PQ, ...
    CT_LOAD_FIX_PQ, CT_LOAD_DIS_PQ, CT_LOAD_ALL_P, CT_LOAD_FIX_P, ...
    CT_LOAD_DIS_P, CT_TGENCOST, CT_TAREAGENCOST, CT_MODCOST_F, ...
    CT_MODCOST_X] = idx_ct;

solarprofile = struct( ...
    'type', 'mpcData', ...
    'table', CT_TGEN, ...
    'rows', [1:12], ...
    'col', PMAX, ...
    'chgtype', 1, ...
    'values', [] );
solarprofile.values(:,1,:) = [
	0.0 0.0 0.0 0.0 0.0 0.0 0.0 0.0 0.0 0.0 0.0 0.0;
	0.0 0.0 0.0 0.0 0.0 0.0 0.0 0.0 0.0 0.0 0.0 0.0;
	0.0 0.0 0.0 0.0 0.0 0.0 0.0 0.0 0.0 0.0 0.0 0.0;
	0.0 0.0 0.0 0.0 0.0 0.0 0.0 0.0 0.0 0.0 0.0 0.0;
	0.0 0.0 0.0 0.0 0.0 0.0 0.0 0.0 0.0 0.0 0.0 0.0;
	0.0 0.0 0.0 0.0 0.0 0.0 0.0 0.0 0.0 0.0 0.0 0.0;
	0.9014 0.747 0.392 1.2145 0.6203 0.0 0.0 0.0 0.0 12.6621 10.6675 22.9311;
	1.2082 0.9497 0.7116 1.1642 1.8683 9.574 1.1968 0.0 5.1977 30.5605 14.3794 55.3453;
	1.4684 1.0666 1.0033 1.1571 2.7726 15.4184 1.9273 0.0 15.1645 40.2376 13.7333 72.8705;
	3.354 2.208 2.3054 1.2135 4.864 51.2737 6.4092 2.0594 111.8067 26.2449 8.2238 47.5296;
	6.0717 2.6616 2.9533 1.8338 7.0977 106.4673 13.3084 3.4829 177.5082 37.3191 15.5173 67.5851;
	9.3326 3.5533 4.0429 3.0206 9.4059 202.5277 25.316 6.4686 220.9285 60.7159 20.2657 109.9569;
	13.6583 6.7584 7.6218 7.8186 10.1774 393.737 49.2171 37.1593 241.2725 128.9724 29.1922 233.5698;
	5.8271 3.8517 4.1911 7.0208 9.3008 363.0876 45.386 33.9743 210.8095 89.4508 19.3964 161.996;
	2.6595 2.1463 1.9267 5.0535 7.3605 306.0953 38.2619 20.9286 161.4596 52.5625 9.8373 95.191;
	1.4707 1.3035 1.1722 0.9525 4.0031 89.4396 11.1799 3.1291 34.2982 0.0 1.9976 0.0;
	0.2599 0.286 0.1522 0.4372 1.4509 37.7336 4.7167 6.6307 25.2625 16.3921 8.5944 29.6862;
	0.0 0.0 0.0 0.0 0.0 0.0 0.0 0.0 0.0 0.0 0.0 0.0;
	0.0 0.0 0.0 0.0 0.0 0.0 0.0 0.0 0.0 0.0 0.0 0.0;
	0.0 0.0 0.0 0.0 0.0 0.0 0.0 0.0 0.0 0.0 0.0 0.0;
	0.0 0.0 0.0 0.0 0.0 0.0 0.0 0.0 0.0 0.0 0.0 0.0;
	0.0 0.0 0.0 0.0 0.0 0.0 0.0 0.0 0.0 0.0 0.0 0.0;
	0.0 0.0 0.0 0.0 0.0 0.0 0.0 0.0 0.0 0.0 0.0 0.0;
	0.0 0.0 0.0 0.0 0.0 0.0 0.0 0.0 0.0 0.0 0.0 0.0;
];
