function solarprofile = ex_solar_profilesh1
%EX_WIND_PROFILE_D  Example wind_load_nyiso profile data for deterministic unit commitment.
% 2022.03.12
% Andres F. Ramirez


%% define constants
[GEN_BUS, PG, QG, QMAX, QMIN, VG, MBASE, GEN_STATUS, PMAX, PMIN, ...
    MU_PMAX, MU_PMIN, MU_QMAX, MU_QMIN, PC1, PC2, QC1MIN, QC1MAX, ...
    QC2MIN, QC2MAX, RAMP_AGC, RAMP_10, RAMP_30, RAMP_Q, APF] = idx_gen;
[CT_LABEL, CT_PROB, CT_TABLE, CT_TBUS, CT_TGEN, CT_TBRCH, CT_TAREABUS, ...
    CT_TAREAGEN, CT_TAREABRCH, CT_ROW, CT_COL, CT_CHGTYPE, CT_REP, ...
    CT_REL, CT_ADD, CT_NEWVAL, CT_TLOAD, CT_TAREALOAD, CT_LOAD_ALL_PQ, ...
    CT_LOAD_FIX_PQ, CT_LOAD_DIS_PQ, CT_LOAD_ALL_P, CT_LOAD_FIX_P, ...
    CT_LOAD_DIS_P, CT_TGENCOST, CT_TAREAGENCOST, CT_MODCOST_F, ...
    CT_MODCOST_X] = idx_ct;

solarprofile = struct( ...
    'type', 'mpcData', ...
    'table', CT_TGEN, ...
    'rows', [1:12], ...
    'col', PMAX, ...
    'chgtype', 1, ...
    'values', [] );
solarprofile.values(:,1,:) = [
	0.0 0.0 0.0 0.0 0.0 0.0 0.0 0.0 0.0 0.0 0.0 0.0;
	0.0 0.0 0.0 0.0 0.0 0.0 0.0 0.0 0.0 0.0 0.0 0.0;
	0.0 0.0 0.0 0.0 0.0 0.0 0.0 0.0 0.0 0.0 0.0 0.0;
	0.0 0.0 0.0 0.0 0.0 0.0 0.0 0.0 0.0 0.0 0.0 0.0;
	0.0 0.0 0.0 0.0 0.0 0.0 0.0 0.0 0.0 0.0 0.0 0.0;
	0.0 0.0 0.0 0.0 0.0 0.0 0.0 0.0 0.0 0.0 0.0 0.0;
	0.0 0.0 0.0 0.5601 1.2419 5.8863 0.7358 22.3908 9.9174 13.5547 5.8043 24.5476;
	0.0 0.0 0.0 1.5838 9.2537 14.7011 1.8376 7.9631 17.3244 81.9933 13.9608 148.4903;
	0.0 0.0821 0.3211 2.6815 12.478 19.5242 2.4405 4.9845 23.3742 116.846 26.9426 211.6087;
	2.293 1.4413 1.9029 4.1608 9.5046 41.6416 5.2052 10.6857 97.0256 59.6945 41.1853 108.1072;
	2.7551 1.8994 2.0714 3.8507 6.7462 90.3646 11.2956 18.9439 169.2686 66.4907 62.8737 120.415;
	2.5873 1.5378 1.4748 3.7535 6.7689 124.7457 15.5932 24.7332 215.6021 74.4096 69.2609 134.7561;
	2.0 0.7457 0.4919 5.0766 11.0948 118.397 14.7996 36.2163 210.3579 165.8128 53.5612 300.2879;
	1.5519 0.5251 0.3417 5.9434 12.4045 52.9512 6.6189 22.2687 140.6832 130.0704 41.3473 235.5583;
	1.1476 0.3325 0.3339 6.2583 12.1589 25.7537 3.2192 13.4077 66.7301 68.7512 23.7854 124.5089;
	0.8417 0.4055 0.4357 3.6174 6.6161 10.9533 1.3692 4.1879 10.5767 34.6102 16.2453 62.6792;
	0.2415 0.2168 0.1471 0.7788 1.6444 34.7714 4.3464 6.8864 22.8642 31.1852 11.4962 56.4766;
	0.0 0.0 0.0 0.0 0.0 0.0 0.0 0.0 0.0 0.0 0.0 0.0;
	0.0 0.0 0.0 0.0 0.0 0.0 0.0 0.0 0.0 0.0 0.0 0.0;
	0.0 0.0 0.0 0.0 0.0 0.0 0.0 0.0 0.0 0.0 0.0 0.0;
	0.0 0.0 0.0 0.0 0.0 0.0 0.0 0.0 0.0 0.0 0.0 0.0;
	0.0 0.0 0.0 0.0 0.0 0.0 0.0 0.0 0.0 0.0 0.0 0.0;
	0.0 0.0 0.0 0.0 0.0 0.0 0.0 0.0 0.0 0.0 0.0 0.0;
	0.0 0.0 0.0 0.0 0.0 0.0 0.0 0.0 0.0 0.0 0.0 0.0;
];
