function loadprofile = ex_load_profilesh1
%EX_LOAD_PROFILE  Example load profile data file for stochastic unit commitment.
% 2022.03.12
% Andres F. Ramirez

%% define constants
[CT_LABEL, CT_PROB, CT_TABLE, CT_TBUS, CT_TGEN, CT_TBRCH, CT_TAREABUS, ...
    CT_TAREAGEN, CT_TAREABRCH, CT_ROW, CT_COL, CT_CHGTYPE, CT_REP, ...
    CT_REL, CT_ADD, CT_NEWVAL, CT_TLOAD, CT_TAREALOAD, CT_LOAD_ALL_PQ, ...
    CT_LOAD_FIX_PQ, CT_LOAD_DIS_PQ, CT_LOAD_ALL_P, CT_LOAD_FIX_P, ...
    CT_LOAD_DIS_P, CT_TGENCOST, CT_TAREAGENCOST, CT_MODCOST_F, ...
    CT_MODCOST_X] = idx_ct;

loadprofile = struct( ...
    'type', 'mpcData', ...
    'table', CT_TAREALOAD, ...
    'rows', [1:11], ...
    'col', CT_LOAD_ALL_P, ...
    'chgtype', 1, ...
    'values', [] );
loadprofile.values(:,1,:) = [
	1431.9693 934.4974 1569.1421 558.2281 764.5693 1189.4948 916.9463 275.4906 555.5 4789.5754 1826.0;
	1431.8387 920.3017 1568.9047 564.5 775.7109 1195.3 905.2078 267.7348 536.1221 4569.0644 1740.6063;
	1397.2803 901.1208 1553.0 563.6892 759.7152 1186.8105 886.2354 260.2372 536.1375 4518.8489 1713.1468;
	1382.8984 909.8972 1559.626 566.0445 773.5251 1207.9507 909.9134 266.1926 535.6515 4506.8199 1726.2642;
	1460.867 969.6471 1637.0852 595.1 835.7462 1255.4832 946.3105 296.5702 559.4995 4632.273 1812.6967;
	1506.8 1012.9825 1695.9908 605.0 904.0586 1280.2251 980.1228 313.656 593.0886 4814.3519 1892.4367;
	1505.1573 1035.3605 1761.8224 597.9953 997.6 1353.6418 1043.7366 335.9955 621.8757 4990.414 1947.8753;
	1521.7562 1044.1428 1775.3936 617.8678 1017.2 1435.5038 1082.74 355.2803 654.1991 5203.127 1957.3027;
	1580.2706 1074.6809 1836.2884 621.7 1048.5 1464.9769 1117.8936 357.0605 694.7407 5332.8137 1958.623;
	1557.4465 1073.3249 1775.5818 611.3346 1029.6473 1481.749 1124.4 360.6139 708.2 5419.1224 1919.4932;
	1558.1015 1070.0502 1771.5456 602.8 1011.6 1455.8042 1140.8427 341.6622 687.085 5329.9244 1867.9401;
	1592.7 1077.8459 1757.4449 576.0773 943.2082 1397.6354 1097.0704 330.9189 680.9558 5325.4732 1916.8939;
	1603.5195 1116.3 1804.5449 576.6 942.2933 1470.329 1126.4122 323.1 670.7879 5377.6537 1931.6;
	1580.6208 1140.909 1815.9044 569.4108 968.1243 1438.0708 1115.044 361.2517 651.7786 5462.6158 1981.8649;
	1578.712 1153.0711 1874.8225 579.837 997.2709 1462.5696 1117.7409 364.9646 671.6068 5490.7266 2050.0066;
	1624.6577 1169.1262 1908.7285 593.0418 1006.3295 1450.7 1131.0616 370.6635 646.5551 5451.5298 2084.3436;
	1626.9096 1162.6839 1901.2411 596.2754 1002.7077 1462.4936 1140.5766 358.3956 673.4721 5527.7993 2185.2102;
	1773.8437 1234.2 2003.8063 617.9374 1031.7698 1541.0694 1252.6901 383.0 725.2425 5809.4207 2387.6792;
	1744.8 1231.8549 1988.1598 603.8916 1056.276 1522.962 1236.417 365.3801 736.0981 5784.0272 2346.008;
	1703.1707 1174.0073 1902.8739 593.7858 988.03 1438.4 1139.1 363.8211 689.5199 5733.8419 2241.015;
	1636.0686 1093.734 1778.6333 557.1521 886.9683 1363.0113 1067.514 338.9 642.4567 5472.0298 2092.0049;
	1557.9026 1026.9295 1675.2002 535.3504 827.7655 1269.1787 978.6455 310.8275 594.312 5218.872 1944.385;
	1537.4213 978.2036 1633.493 554.6 794.5012 1132.7746 917.711 274.2 543.895 4830.2066 1734.3839;
	1497.8082 938.5 1597.0226 545.8 806.4456 1085.9092 872.0287 270.74 512.0288 4648.2315 1673.4;
];
