function windprofile = ex_wind_profilesh1
%EX_WIND_PROFILE_D  Example wind_load_nyiso profile data for deterministic unit commitment.
% 2022.03.12
% Andres F. Ramirez


%% define constants
[GEN_BUS, PG, QG, QMAX, QMIN, VG, MBASE, GEN_STATUS, PMAX, PMIN, ...
    MU_PMAX, MU_PMIN, MU_QMAX, MU_QMIN, PC1, PC2, QC1MIN, QC1MAX, ...
    QC2MIN, QC2MAX, RAMP_AGC, RAMP_10, RAMP_30, RAMP_Q, APF] = idx_gen;
[CT_LABEL, CT_PROB, CT_TABLE, CT_TBUS, CT_TGEN, CT_TBRCH, CT_TAREABUS, ...
    CT_TAREAGEN, CT_TAREABRCH, CT_ROW, CT_COL, CT_CHGTYPE, CT_REP, ...
    CT_REL, CT_ADD, CT_NEWVAL, CT_TLOAD, CT_TAREALOAD, CT_LOAD_ALL_PQ, ...
    CT_LOAD_FIX_PQ, CT_LOAD_DIS_PQ, CT_LOAD_ALL_P, CT_LOAD_FIX_P, ...
    CT_LOAD_DIS_P, CT_TGENCOST, CT_TAREAGENCOST, CT_MODCOST_F, ...
    CT_MODCOST_X] = idx_ct;

windprofile = struct( ...
    'type', 'mpcData', ...
    'table', CT_TGEN, ...
    'rows', [1:45], ...
    'col', PMAX, ...
    'chgtype', 1, ...
    'values', [] );
windprofile.values(:,1,:) = [
	3.9312 53.1185 85.7773 117.1475 15.3143 35.5296 31.0619 8.6968 28.1671 13.0818 24.1815 36.074 54.3092 44.0401 194.5973 73.3134 90.9629 96.3936 89.234 72.743 10.354 82.9023 33.6243 35.9309 48.0454 28.8368 5.298 1344.3263 846.8595 846.8595 687.069 92.0211 297.4467 187.2407 138.0717 361.3267 1314.5422 213.885 475.5077 128.6931 115.5533 394.1414 215.7728 124.797 1328.2354;
	3.3827 45.708 79.8453 46.5219 15.377 28.3188 30.5501 8.4824 10.5527 13.634 25.2023 37.5969 56.6019 42.2105 192.5044 72.5249 89.9846 95.3568 90.8047 73.1184 10.1834 66.0772 28.7146 36.1142 42.0005 30.7135 5.9234 1364.367 857.2326 857.2326 765.4248 85.6049 302.6823 188.2069 132.3355 365.7526 1360.313 209.7985 476.1437 112.5013 116.9189 314.1498 213.4672 110.8527 1374.4829;
	3.3619 45.427 90.1662 48.5561 15.2875 23.1297 30.9127 7.5738 10.0354 14.4539 26.7179 39.8578 60.0057 39.9961 194.9354 73.4408 91.121 96.561 90.2107 68.5768 10.3042 53.9694 32.3178 41.8519 40.9802 30.0397 6.6336 1347.6688 850.2674 850.2674 770.3458 98.6304 300.7024 176.5168 125.3933 362.7808 1326.1181 205.2939 478.0597 109.7685 33.2347 256.5858 214.2311 146.9091 1339.9318;
	3.5344 47.758 85.5719 49.0667 15.1298 13.7138 30.3991 8.3861 11.0414 13.4189 24.8046 37.0035 55.7086 28.8286 193.0142 72.717 90.2229 95.6094 85.8815 68.8535 10.133 31.999 32.5326 39.477 40.956 31.9845 6.1659 1342.4168 844.2897 844.2897 793.8321 102.9696 286.2718 177.2292 90.3817 360.2303 1329.0788 227.5006 478.1304 109.7036 38.4424 152.1322 208.815 124.9069 1342.9234;
	3.8899 52.5609 84.6326 41.7626 15.2129 22.9745 31.1887 8.5194 12.1742 12.524 23.1503 34.5358 51.9934 32.8394 179.3065 67.5527 83.8154 88.8193 91.0003 68.9866 10.3962 53.6072 35.2887 30.9285 44.1938 68.8891 6.3717 1329.7018 851.9018 851.9018 824.5332 110.6462 303.3344 177.5717 102.9559 363.4781 1312.4139 252.0973 478.8883 118.3764 39.66 254.8638 215.235 215.1951 1326.0849;
	3.9026 52.7331 95.2113 115.6653 15.2371 34.6689 31.4377 9.3607 12.2899 14.2589 26.3574 39.3201 59.1962 29.2668 188.6571 71.0755 88.1862 93.4511 91.7717 68.2293 10.4792 80.8942 71.7004 36.8585 63.8173 72.7236 6.3039 1257.6437 841.9528 841.9528 783.5505 113.6553 305.9055 175.6223 91.7553 359.2332 1255.0467 240.6424 478.6174 170.9391 77.9374 384.594 216.3025 262.2931 1268.1202;
	3.9772 53.7403 94.2598 119.5256 15.0669 35.3385 30.2349 12.8478 11.5702 13.9249 25.7399 38.3989 57.8093 38.8191 199.3091 75.0886 93.1654 98.7275 87.8306 72.6468 10.0783 82.4564 30.916 53.5936 104.8295 75.5111 12.5082 1218.3481 839.5682 839.5682 785.3808 116.6725 292.7685 186.993 121.703 358.2157 1276.2311 287.4629 473.3378 280.7932 112.8948 392.0213 216.2757 279.4355 1289.5252;
	3.8715 52.312 93.2133 118.7243 14.8298 34.9299 29.7221 18.7939 10.9496 13.2992 24.5833 36.6734 55.2116 62.8963 202.6812 76.359 94.7417 100.3979 87.3264 67.515 9.9074 81.503 30.2953 58.3687 103.6163 75.0013 14.0186 1105.4918 821.5471 821.5471 782.5577 117.4538 291.0879 173.7837 197.1883 350.5268 1228.7868 296.7044 473.1759 277.5437 121.5937 387.4887 210.75 282.1367 1241.5867;
	3.8388 51.8701 94.4672 114.2259 14.5146 34.0119 29.4861 18.1915 9.8564 13.5564 25.0588 37.3828 56.2795 63.4713 200.5452 75.5542 93.7432 99.3398 53.631 71.469 9.8287 79.361 28.6622 86.4502 103.5398 73.5789 13.7529 853.0452 822.6643 822.6643 771.0932 111.8619 178.77 183.9614 198.9912 351.0034 1182.5693 296.0319 470.5608 277.3388 119.1958 377.3049 209.7139 277.4104 1194.8877;
	3.6875 49.8266 91.3737 112.0847 14.253 29.3668 29.2775 18.0203 19.8153 12.5454 23.19 34.5949 52.0824 63.7659 181.7562 68.4756 84.9605 90.0327 54.5382 62.0227 9.7592 68.5224 27.0569 87.7827 99.0997 69.9357 13.3719 646.1395 796.0513 796.0513 690.2579 107.9148 181.7939 159.6466 199.9148 339.6486 1028.3382 249.5858 457.5938 265.4457 117.1216 325.7752 200.0825 267.4507 1039.0501;
	3.7129 50.1696 91.2623 110.7144 14.1578 32.1846 29.5334 17.5872 27.0501 17.3599 32.0894 47.8711 72.0697 67.5671 193.6572 72.9592 90.5235 95.9279 39.734 67.7596 9.8445 75.0975 28.5729 84.3133 97.7773 69.7522 13.5551 429.9112 735.4497 735.4497 659.1067 91.7379 132.4468 174.4134 211.832 313.7919 789.2096 246.9208 443.5083 261.9035 119.3285 357.0348 200.6801 264.8104 797.4305;
	3.2322 43.6741 89.0888 109.5718 14.0341 31.0839 28.4355 17.3154 27.2043 20.3214 37.5639 56.0379 84.3647 64.34 187.1877 70.5219 87.4994 92.7232 51.419 63.196 9.4785 72.5291 33.9512 82.0652 93.3181 71.3561 13.2279 350.1804 732.556 732.556 643.2496 103.7672 171.3968 162.6668 201.7147 312.5572 689.813 242.6665 443.2637 249.9593 121.5974 344.824 189.9563 261.159 696.9986;
	2.1326 28.8156 93.0231 110.6661 13.6939 19.5292 25.1083 18.5039 27.8105 29.0761 53.7467 80.1796 120.7099 65.7416 186.9349 70.4266 87.3812 92.598 92.1916 65.5754 8.3694 45.5682 64.0445 84.4731 97.422 71.5039 14.0953 319.1572 668.48 668.48 593.9159 103.7877 307.3053 168.7914 206.1089 285.2181 616.3981 226.1741 428.0942 260.9518 121.2848 216.644 172.872 269.8891 622.8189;
	2.1873 29.5555 93.1082 110.9901 14.1094 12.2324 24.3644 18.1247 27.9023 31.3283 57.91 86.3903 130.0601 65.4218 192.0195 72.3422 89.7579 95.1166 90.8215 69.4201 8.1215 28.5423 75.5381 83.4885 99.3871 72.4616 13.9023 305.8759 597.0848 597.0848 577.9383 102.921 302.7382 178.6874 205.1061 254.7562 442.3286 214.2755 431.0837 266.2156 121.3955 135.6982 131.8615 262.8883 446.9362;
	2.0109 27.1714 92.4544 111.1424 11.6993 0.808 22.113 18.1754 28.2222 30.6824 56.716 84.609 127.3784 65.6231 201.7791 76.0191 94.32 99.951 92.2855 73.18 7.371 1.8853 75.6814 83.6501 100.3718 72.8518 13.9214 407.4498 483.6673 483.6673 413.2506 91.7687 307.6184 188.3655 205.7372 206.3647 380.1797 195.0258 455.2197 268.853 117.3961 8.9632 114.8326 243.3181 384.1399;
	3.337 45.0898 92.1992 82.9151 14.0138 25.4239 15.9962 18.2203 24.1463 29.9865 55.4296 82.69 124.4894 55.5379 201.6856 75.9839 94.2763 99.9047 91.1216 72.5401 5.3321 59.3224 74.2557 85.0354 100.8089 74.4508 13.8257 489.67 506.5004 506.5004 413.072 52.9119 303.7386 186.7183 174.1187 216.1068 454.1967 166.2244 444.1993 270.0238 116.1079 282.0358 81.9415 261.3098 458.9279;
	3.2696 44.1793 90.2748 64.1373 14.12 31.2363 15.0073 18.3289 27.7337 27.224 50.3231 75.0722 113.0208 60.3912 199.5239 75.1695 93.2658 98.8339 89.1676 71.4828 5.0024 72.8848 72.9443 85.5168 104.6296 75.1952 13.7963 599.2351 565.0204 565.0204 453.4665 34.106 297.2254 183.997 189.3345 241.0754 578.0344 125.0223 190.6817 280.2578 116.9576 346.515 108.0311 266.6998 584.0556;
	3.5892 48.4977 90.4811 60.8662 14.0267 30.6435 29.5922 18.3229 26.974 10.2987 19.037 28.3994 42.7551 56.603 188.6738 71.0818 88.194 93.4594 74.6824 72.4112 9.8641 71.5016 44.7923 85.254 104.0581 74.0007 13.5682 717.253 608.9992 608.9992 424.6952 29.7431 248.9415 186.3867 177.4579 259.8397 794.0781 87.699 422.8639 278.7271 119.5892 339.9388 111.7986 260.0017 802.3498;
