function loadprofile = ex_load_profilesh1
%EX_LOAD_PROFILE  Example load profile data file for stochastic unit commitment.
% 2022.03.12
% Andres F. Ramirez

%% define constants
[CT_LABEL, CT_PROB, CT_TABLE, CT_TBUS, CT_TGEN, CT_TBRCH, CT_TAREABUS, ...
    CT_TAREAGEN, CT_TAREABRCH, CT_ROW, CT_COL, CT_CHGTYPE, CT_REP, ...
    CT_REL, CT_ADD, CT_NEWVAL, CT_TLOAD, CT_TAREALOAD, CT_LOAD_ALL_PQ, ...
    CT_LOAD_FIX_PQ, CT_LOAD_DIS_PQ, CT_LOAD_ALL_P, CT_LOAD_FIX_P, ...
    CT_LOAD_DIS_P, CT_TGENCOST, CT_TAREAGENCOST, CT_MODCOST_F, ...
    CT_MODCOST_X] = idx_ct;

loadprofile = struct( ...
    'type', 'mpcData', ...
    'table', CT_TAREALOAD, ...
    'rows', [1:11], ...
    'col', CT_LOAD_ALL_P, ...
    'chgtype', 1, ...
    'values', [] );
loadprofile.values(:,1,:) = [
	1326.2974 898.6627 1579.6362 543.1791 803.7743 1225.8834 941.4712 289.6 578.681 4807.0682 1826.0;
	1323.185 878.2998 1540.0919 522.1138 800.1796 1190.5 890.5 292.3049 554.6527 4633.702 1722.3293;
	1315.5985 874.7795 1552.4 537.6568 803.6 1191.6792 894.1 285.6708 552.073 4589.2794 1717.4081;
	1361.0652 894.9883 1558.7231 537.6147 797.6 1182.7417 900.3297 291.2478 556.1 4639.7355 1748.6713;
	1422.7282 911.9415 1625.4682 561.0342 868.9883 1236.0999 937.1522 300.0 572.8768 4689.7771 1801.9938;
	1449.5006 947.2269 1677.4372 571.0325 882.1395 1300.9424 979.046 308.8 600.0113 4845.4031 1837.5625;
	1497.0915 970.9155 1726.7 550.7319 916.74 1365.7814 1024.4 317.8 619.8 5006.731 1931.4735;
	1563.4618 1048.89 1814.0 593.3028 963.1739 1402.1 1094.3171 344.2704 646.5344 5263.8916 2008.8935;
	1621.0924 1070.4 1799.7 598.4504 961.2509 1441.2161 1147.9509 363.4775 655.2597 5446.5219 2126.0891;
	1576.8166 1081.7548 1800.2471 592.8511 925.4613 1423.8615 1143.6689 361.9606 671.4 5531.5924 2150.4298;
	1571.8566 1079.3797 1795.1065 578.0237 913.3836 1409.7324 1156.9315 351.6 660.3 5591.0 2193.4021;
	1592.7 1088.7424 1812.5225 554.9144 900.8725 1420.4803 1188.958 358.1219 681.3404 5650.5706 2221.4444;
	1603.2025 1072.9135 1784.9682 556.6134 851.8345 1391.1029 1167.4273 359.5607 683.7986 5607.9204 2148.0662;
	1569.2753 1061.8075 1752.0388 553.2013 855.5955 1331.8658 1143.3691 345.2 656.4558 5668.4027 2072.9595;
	1538.3781 1074.8171 1766.3467 554.7277 856.2 1398.4261 1098.4618 333.5174 653.9 5548.8922 2085.3281;
	1587.7848 1095.7 1809.3619 549.379 878.5262 1445.3509 1106.7452 330.5645 663.4723 5607.7274 2116.0624;
	1603.2584 1101.5268 1791.7839 561.9745 911.4166 1478.6164 1139.0192 329.9628 688.3829 5689.246 2263.7381;
	1637.9801 1171.6 1919.8461 585.6 974.778 1543.1 1181.5646 341.2447 714.5693 5724.5306 2365.2;
	1670.3631 1170.5119 1892.3762 575.6 924.3363 1527.4807 1182.3296 354.0765 707.7379 5734.6514 2341.4658;
	1664.7132 1105.984 1806.2825 554.6 874.6798 1436.0273 1115.7942 340.5 685.6898 5548.5459 2254.966;
	1604.618 1043.1463 1706.4678 537.8399 856.0237 1351.2 1066.6566 316.9542 636.3314 5349.8284 2120.363;
	1566.9428 991.4267 1636.1782 521.1 802.9041 1253.2413 963.8205 290.7 572.1175 5017.8982 1885.8141;
	1492.1873 909.8963 1595.9674 530.1759 819.1 1148.8383 903.5503 283.459 530.3 4841.4775 1732.1428;
	1458.2713 843.0268 1540.9845 536.2739 772.3868 1120.5 889.6478 272.3341 500.2285 4654.6176 1685.0252;
];
