function windprofile = ex_wind_profilesh1
%EX_WIND_PROFILE_D  Example wind_load_nyiso profile data for deterministic unit commitment.
% 2022.03.12
% Andres F. Ramirez


%% define constants
[GEN_BUS, PG, QG, QMAX, QMIN, VG, MBASE, GEN_STATUS, PMAX, PMIN, ...
    MU_PMAX, MU_PMIN, MU_QMAX, MU_QMIN, PC1, PC2, QC1MIN, QC1MAX, ...
    QC2MIN, QC2MAX, RAMP_AGC, RAMP_10, RAMP_30, RAMP_Q, APF] = idx_gen;
[CT_LABEL, CT_PROB, CT_TABLE, CT_TBUS, CT_TGEN, CT_TBRCH, CT_TAREABUS, ...
    CT_TAREAGEN, CT_TAREABRCH, CT_ROW, CT_COL, CT_CHGTYPE, CT_REP, ...
    CT_REL, CT_ADD, CT_NEWVAL, CT_TLOAD, CT_TAREALOAD, CT_LOAD_ALL_PQ, ...
    CT_LOAD_FIX_PQ, CT_LOAD_DIS_PQ, CT_LOAD_ALL_P, CT_LOAD_FIX_P, ...
    CT_LOAD_DIS_P, CT_TGENCOST, CT_TAREAGENCOST, CT_MODCOST_F, ...
    CT_MODCOST_X] = idx_ct;

windprofile = struct( ...
    'type', 'mpcData', ...
    'table', CT_TGEN, ...
    'rows', [1:45], ...
    'col', PMAX, ...
    'chgtype', 1, ...
    'values', [] );
windprofile.values(:,1,:) = [
	3.796 51.2917 89.3382 118.0325 15.2664 35.214 31.7494 7.5731 27.0504 13.3194 24.6206 36.7291 55.2955 42.3456 172.0696 64.8262 80.4326 85.2345 82.7768 67.8508 10.5831 82.1659 32.9291 39.9548 47.3519 29.6549 4.8458 1262.0813 799.9415 799.9415 628.2409 76.8117 275.9225 174.6481 132.7592 341.3084 1250.944 210.2098 441.6424 126.8355 116.5926 390.6403 206.0525 113.5338 1263.9747;
	3.1542 42.6205 82.9481 47.8979 15.0811 27.8925 30.8884 7.4393 7.9643 13.6266 25.1886 37.5765 56.5712 39.5269 174.4108 65.7083 81.5269 86.3942 79.5256 69.0099 10.2961 65.0826 27.6266 36.6843 40.4261 31.5313 4.7628 1275.862 821.8336 821.8336 721.5535 73.039 265.0855 177.6316 123.9221 350.649 1287.1024 208.6628 438.0195 108.2842 121.8753 309.4213 209.9454 99.4873 1300.5098;
	3.0762 41.5658 91.5928 50.0917 14.9329 24.2888 31.1376 7.0421 2.6123 13.8781 25.6535 38.2699 57.6151 36.1991 191.3905 72.1053 89.4639 94.8051 85.4906 67.8334 10.3792 56.6739 30.3047 38.2349 38.3693 33.2268 5.9214 1250.1471 815.0073 815.0073 719.6099 87.6233 284.9686 174.6034 113.4891 347.7364 1256.3907 207.8969 443.0589 102.7749 33.8673 269.4439 210.1284 132.2108 1269.4781;
	3.5676 48.2056 88.9234 53.4715 14.7171 15.4594 31.9851 7.8534 10.8282 13.593 25.1265 37.4838 56.4317 27.3964 193.6491 72.9562 90.5197 95.9239 82.8793 68.3719 10.6617 36.0719 31.3888 34.7577 34.6228 32.1095 5.3051 1295.3618 824.6508 824.6508 755.1813 95.1678 276.2644 175.9893 85.8913 351.851 1296.5731 238.5017 459.6435 92.7397 40.6896 171.4963 214.7548 121.79 1310.0791;
	3.8315 51.7718 87.099 45.3971 15.0422 24.5493 31.8509 7.9776 10.4105 12.0303 22.2378 33.1744 49.9439 34.307 183.5061 69.1348 85.7784 90.8995 89.1263 67.6619 10.617 57.2817 8.4776 29.084 37.6578 66.6561 5.5735 1234.6186 818.3313 818.3313 755.4371 96.4724 297.0876 174.1619 107.5571 349.1547 1273.9732 239.1786 461.8185 100.8691 38.9608 272.3337 215.8028 204.5346 1287.2438;
	3.9185 52.9481 95.4526 117.5309 15.1571 34.9784 32.2048 8.5451 10.6778 13.4148 24.7971 36.9924 55.6918 27.6896 188.0281 70.8385 87.8922 93.1395 89.9037 65.7823 10.7349 81.6162 10.1671 34.823 55.4085 71.7 5.649 1191.2189 827.5632 827.5632 788.5649 107.3087 299.679 169.3238 86.8107 353.0936 1290.045 250.6186 466.1013 148.4155 76.1512 388.0268 218.6644 261.0602 1303.483;
	3.9834 53.8248 95.388 120.423 15.0156 35.3992 31.4603 12.765 10.5124 13.3 24.5848 36.6756 55.215 35.8725 187.6585 70.6993 87.7195 92.9564 84.6823 67.0829 10.4868 82.598 23.2248 55.3925 102.9187 76.0244 11.5913 1159.8398 808.2343 808.2343 795.0649 113.8027 282.2742 172.6716 112.465 344.8466 1319.1243 306.4606 450.1768 275.675 112.6288 392.6946 219.8877 286.2142 1332.8652;
	3.8844 52.4867 95.1935 120.5354 15.0089 35.179 30.4984 19.0609 6.7859 11.6599 21.5531 32.153 48.4062 55.3424 188.2825 70.9343 88.0111 93.2655 84.8376 54.2296 10.1661 82.0843 18.4423 63.1866 106.1874 75.5544 14.0133 1044.4012 774.2901 774.2901 764.9153 114.0597 282.7921 139.5872 173.5058 330.3638 1228.3969 315.862 450.7892 284.4306 120.5961 390.2522 218.1139 285.0243 1241.1927;
	3.8783 52.4042 95.205 119.6825 14.8296 34.8248 28.548 18.8675 5.9123 12.7494 23.5671 35.1575 52.9295 56.9868 191.2435 72.0499 89.3952 94.7323 46.0597 58.6545 9.516 81.258 20.2596 88.8194 106.0207 75.7048 13.9312 832.7351 804.4827 804.4827 766.3471 114.0299 153.5325 150.9768 178.6614 343.246 1232.9179 314.8017 443.116 283.984 119.7539 386.3237 219.1347 276.8876 1245.7608;
	3.7885 51.1912 95.2509 120.1333 14.9364 34.5903 29.6506 18.5021 17.6119 11.7465 21.7133 32.3919 48.7658 57.7995 179.5329 67.638 83.9212 88.9314 52.2635 52.918 9.8835 80.7106 8.931 89.2775 104.8282 74.5646 13.5969 630.8886 811.664 811.664 732.5976 114.9028 174.2118 136.2111 181.2092 346.31 1146.9299 282.2734 455.7821 280.7897 118.3724 383.7212 216.3524 278.1698 1158.8771;
	3.7706 50.9487 95.2849 120.5833 14.8184 33.8247 29.9959 18.3261 26.2388 16.4298 30.3703 45.3065 68.2087 66.6968 193.6408 72.953 90.5158 95.9197 36.3254 55.4351 9.9986 78.9243 12.4267 87.9647 104.8934 74.7131 13.5162 459.5789 800.273 800.273 711.2491 108.2147 121.0847 142.69 209.1034 341.4498 975.2868 280.8835 444.7345 280.9645 117.8871 375.2286 208.7534 268.027 985.446;
	3.3461 45.2133 92.316 117.8759 14.7891 32.4425 27.8729 17.9139 26.19 19.6148 36.2577 54.0893 81.4312 63.5498 187.3913 70.5986 87.5945 92.8241 42.1874 53.2722 9.291 75.6993 29.2295 88.1385 103.1612 75.9325 12.9364 338.4677 763.0441 763.0441 653.52 110.6441 140.6246 137.1227 199.2373 325.5655 792.8155 257.5275 443.5645 276.3248 114.9771 359.8959 191.779 272.032 801.074;
	2.1011 28.3901 91.6786 119.1911 14.5685 19.2734 23.2533 18.4011 25.8907 27.3645 50.5829 75.4597 113.6042 64.2438 187.6377 70.6914 87.7097 92.9461 91.0294 58.6907 7.7511 44.9713 58.3853 86.8786 102.2639 75.2952 13.7657 340.3563 714.0423 714.0423 666.1132 114.7244 303.4312 151.0699 201.4131 304.658 720.3977 255.7599 438.3243 273.9213 117.4208 213.8064 173.7448 271.4623 727.9018;
	2.2077 29.8305 92.8679 118.8449 15.0714 11.5975 23.8012 18.4164 26.127 31.1594 57.5977 85.9244 129.3588 63.5961 192.5272 72.5335 89.9953 95.3681 89.3472 67.9647 7.9337 27.0608 74.0521 88.8586 104.817 76.2364 13.4651 331.1896 609.1132 609.1132 614.3777 108.3611 297.824 174.9413 199.3825 259.8883 526.3426 218.7126 448.7955 280.7599 118.2808 128.6546 137.1171 261.687 531.8253;
	1.5546 21.0056 91.246 115.9736 12.0434 0.0 20.6913 18.3204 24.2502 28.965 53.5414 79.8733 120.2488 62.1871 195.2021 73.5413 91.2456 96.6931 86.9506 69.4663 6.8971 0.0 69.7198 87.0214 101.9329 75.9481 13.4681 469.9216 461.0543 461.0543 458.4105 99.9747 289.8354 178.8065 194.9649 196.7165 428.022 199.865 435.3486 273.0347 117.6667 0.0 105.9934 242.6413 432.4806;
	2.9259 39.5351 93.131 89.9649 14.6744 23.4272 15.9278 18.7659 19.8433 28.7588 53.1603 79.3047 119.3928 51.1546 194.6028 73.3155 90.9655 96.3963 89.7693 70.7432 5.3093 54.6635 67.687 89.0209 101.6384 76.6282 13.5935 521.327 491.3525 491.3525 417.9731 54.4395 299.2312 182.0932 160.3766 209.6438 466.7792 164.3626 440.2507 272.2457 118.3227 259.8857 78.2509 261.5219 471.6414;
	2.552 34.4837 89.7132 56.3269 14.6865 28.2878 13.0997 18.4923 25.6159 27.5168 50.8643 75.8796 114.2363 49.6034 194.4584 73.2611 90.898 96.3248 90.4764 71.6701 4.3666 66.0049 69.9115 87.5685 102.1121 76.0344 13.5411 593.6917 550.149 550.149 445.5852 33.9657 301.5881 184.4791 155.5133 234.7302 586.1796 120.8962 172.4594 273.5145 119.4121 313.806 86.081 244.6568 592.2856;
	3.5141 47.4837 88.4717 63.3345 14.8409 30.7425 27.9041 19.015 26.2292 13.4924 24.9405 37.2063 56.0138 59.6764 194.7849 73.3841 91.0506 96.4865 76.8183 72.9902 9.3014 71.7324 49.2936 88.3787 103.1262 76.2937 13.4764 719.2376 601.289 601.289 407.7759 31.1638 256.0611 187.877 187.0937 256.55 760.5999 83.4003 386.0739 276.2309 121.8569 341.0365 105.816 240.8702 768.5228;
