function solarprofile = ex_solar_profilesh1
%EX_WIND_PROFILE_D  Example wind_load_nyiso profile data for deterministic unit commitment.
% 2022.03.12
% Andres F. Ramirez


%% define constants
[GEN_BUS, PG, QG, QMAX, QMIN, VG, MBASE, GEN_STATUS, PMAX, PMIN, ...
    MU_PMAX, MU_PMIN, MU_QMAX, MU_QMIN, PC1, PC2, QC1MIN, QC1MAX, ...
    QC2MIN, QC2MAX, RAMP_AGC, RAMP_10, RAMP_30, RAMP_Q, APF] = idx_gen;
[CT_LABEL, CT_PROB, CT_TABLE, CT_TBUS, CT_TGEN, CT_TBRCH, CT_TAREABUS, ...
    CT_TAREAGEN, CT_TAREABRCH, CT_ROW, CT_COL, CT_CHGTYPE, CT_REP, ...
    CT_REL, CT_ADD, CT_NEWVAL, CT_TLOAD, CT_TAREALOAD, CT_LOAD_ALL_PQ, ...
    CT_LOAD_FIX_PQ, CT_LOAD_DIS_PQ, CT_LOAD_ALL_P, CT_LOAD_FIX_P, ...
    CT_LOAD_DIS_P, CT_TGENCOST, CT_TAREAGENCOST, CT_MODCOST_F, ...
    CT_MODCOST_X] = idx_ct;

solarprofile = struct( ...
    'type', 'mpcData', ...
    'table', CT_TGEN, ...
    'rows', [1:12], ...
    'col', PMAX, ...
    'chgtype', 1, ...
    'values', [] );
solarprofile.values(:,1,:) = [
	0.0 0.0 0.0 0.0 0.0 0.0 0.0 0.0 0.0 0.0 0.0 0.0;
	0.0 0.0 0.0 0.0 0.0 0.0 0.0 0.0 0.0 0.0 0.0 0.0;
	0.0 0.0 0.0 0.0 0.0 0.0 0.0 0.0 0.0 0.0 0.0 0.0;
	0.0 0.0 0.0 0.0 0.0 0.0 0.0 0.0 0.0 0.0 0.0 0.0;
	0.0 0.0 0.0 0.0 0.0 0.0 0.0 0.0 0.0 0.0 0.0 0.0;
	0.0 0.0 0.0 0.0 0.0 0.0 0.0 0.0 0.0 0.0 0.0 0.0;
	0.0 0.0 0.0503 0.4034 0.1603 0.0 0.0 18.8973 0.0 4.9881 4.8601 9.0335;
	1.1216 0.5227 0.7563 1.2441 1.5589 15.651 1.9564 15.2009 12.6125 26.4926 15.9228 47.9783;
	1.7502 1.1489 1.2427 2.6866 3.7752 24.4033 3.0504 7.6841 24.6032 64.9585 52.2751 117.6402;
	3.0491 2.2699 2.4978 6.724 5.9252 41.4871 5.1859 6.5189 87.8263 62.5578 69.6844 113.2925;
	3.1859 2.4452 2.6595 7.3549 6.9148 62.2032 7.7754 8.4316 101.518 72.1356 44.2912 130.6379;
	3.2643 2.6084 2.7947 7.0854 6.7877 84.0658 10.5082 9.5916 110.5571 68.7112 35.7158 124.4365;
	3.9527 3.3128 3.4499 5.4948 2.9535 121.6311 15.2039 28.9991 111.4938 24.6249 28.2205 44.5958;
	3.343 2.6132 2.6946 4.114 1.3786 72.8345 9.1043 23.9547 82.2434 8.8709 29.9513 16.0653;
	2.3804 1.7582 1.8621 2.2179 0.58 33.3566 4.1696 20.5323 33.2632 0.0 27.9757 0.0;
	1.7872 1.1374 1.2214 0.7153 0.0 0.6694 0.0837 10.5185 0.0 0.0 19.829 0.0;
	0.5763 0.4737 0.1808 0.4039 0.5593 28.4907 3.5613 6.291 22.1103 21.5732 10.581 39.0693;
	0.0 0.0 0.0 0.0 0.0 0.0 0.0 0.0 0.0 0.0 0.0 0.0;
	0.0 0.0 0.0 0.0 0.0 0.0 0.0 0.0 0.0 0.0 0.0 0.0;
	0.0 0.0 0.0 0.0 0.0 0.0 0.0 0.0 0.0 0.0 0.0 0.0;
	0.0 0.0 0.0 0.0 0.0 0.0 0.0 0.0 0.0 0.0 0.0 0.0;
	0.0 0.0 0.0 0.0 0.0 0.0 0.0 0.0 0.0 0.0 0.0 0.0;
	0.0 0.0 0.0 0.0 0.0 0.0 0.0 0.0 0.0 0.0 0.0 0.0;
	0.0 0.0 0.0 0.0 0.0 0.0 0.0 0.0 0.0 0.0 0.0 0.0;
];
