function loadprofile = ex_load_profilesh1
%EX_LOAD_PROFILE  Example load profile data file for stochastic unit commitment.
% 2022.03.12
% Andres F. Ramirez

%% define constants
[CT_LABEL, CT_PROB, CT_TABLE, CT_TBUS, CT_TGEN, CT_TBRCH, CT_TAREABUS, ...
    CT_TAREAGEN, CT_TAREABRCH, CT_ROW, CT_COL, CT_CHGTYPE, CT_REP, ...
    CT_REL, CT_ADD, CT_NEWVAL, CT_TLOAD, CT_TAREALOAD, CT_LOAD_ALL_PQ, ...
    CT_LOAD_FIX_PQ, CT_LOAD_DIS_PQ, CT_LOAD_ALL_P, CT_LOAD_FIX_P, ...
    CT_LOAD_DIS_P, CT_TGENCOST, CT_TAREAGENCOST, CT_MODCOST_F, ...
    CT_MODCOST_X] = idx_ct;

loadprofile = struct( ...
    'type', 'mpcData', ...
    'table', CT_TAREALOAD, ...
    'rows', [1:11], ...
    'col', CT_LOAD_ALL_P, ...
    'chgtype', 1, ...
    'values', [] );
loadprofile.values(:,1,:) = [
	1435.619 951.6495 1697.222 602.3706 893.6041 1309.8964 991.8569 326.4406 562.9 4939.5636 1927.5408;
	1401.6028 914.3 1671.5166 595.6516 882.2067 1252.5131 943.3196 299.8855 546.7 4694.532 1906.3489;
	1389.2244 922.9287 1691.3676 604.0875 891.8964 1271.7765 937.1937 292.7294 540.1 4645.8902 1927.8775;
	1423.3677 953.6595 1739.1605 609.7055 908.5905 1289.3881 979.0484 309.0046 567.0538 4781.1008 2086.3791;
	1502.1696 1003.9801 1816.8866 625.3092 952.1357 1348.6993 1013.9757 331.0 595.5107 4940.1607 2045.1606;
	1606.7206 1081.7566 1885.2236 635.5473 990.2 1405.2965 1060.619 348.0533 632.5 5023.0923 2133.9661;
	1634.5438 1098.1777 1937.775 647.4 1021.9072 1464.2294 1103.4281 378.0171 643.7292 5172.4262 2129.4972;
	1660.9002 1112.536 1863.0883 624.4 1041.7005 1518.2837 1122.7777 380.9157 651.3309 5301.5795 2160.6045;
	1635.8422 1111.2527 1854.9677 620.6 1021.5154 1529.9044 1137.2618 383.5887 674.0 5391.5679 2176.623;
	1627.4072 1112.4762 1843.5072 618.5043 1013.1564 1514.0367 1163.6989 400.9272 674.7497 5394.0605 2226.0688;
	1620.7111 1118.4412 1808.2233 612.2661 1018.8242 1472.5644 1095.8349 369.8775 651.2 5348.4167 2036.2165;
	1627.3248 1085.6 1785.5916 589.099 978.5 1497.3107 1127.7219 372.5948 669.1489 5328.2503 2048.651;
	1616.6215 1078.2993 1732.9053 593.4 981.0383 1447.3924 1071.9598 371.1096 649.6 5256.9274 2029.9308;
	1641.6594 1084.7504 1753.1911 570.1 989.5685 1416.2816 1085.4143 372.3 648.196 5268.2099 2088.222;
	1648.9908 1115.4952 1816.7 565.5965 1005.9737 1456.366 1093.1746 379.5682 643.2 5210.1754 2074.2322;
	1706.1983 1133.3727 1884.5922 595.5679 1028.4 1506.0816 1162.2722 389.4159 682.0971 5329.1414 2213.3786;
	1687.4856 1131.4481 1905.7 607.0 1060.9084 1508.6282 1195.0653 409.7226 705.558 5397.1 2256.6835;
	1734.6267 1173.9202 1970.4 635.6 1084.243 1587.1 1232.5831 410.9619 716.9942 5365.0119 2376.5964;
	1763.2025 1162.6499 1947.8936 630.9352 1084.2121 1558.0 1233.2295 405.3839 711.4379 5403.9095 2373.1054;
	1733.7746 1137.2605 1889.8896 608.1468 1010.2 1438.4 1151.2441 378.7999 692.7106 5289.4137 2277.1;
	1668.1213 1069.9711 1760.7009 585.1 938.4253 1346.5961 1077.1083 348.0025 640.5475 4969.4774 2118.7716;
	1563.3936 997.9216 1682.8232 550.8541 859.3 1275.0594 992.7383 319.7626 576.411 4864.5034 1953.2;
	1500.5098 932.4 1567.4 548.4426 797.7652 1173.7424 930.8883 290.0 530.0674 4676.2429 1746.6727;
	1499.5 925.7249 1580.2246 554.4604 801.0 1157.2447 891.2242 280.0811 508.4617 4544.605 1689.1851;
];
