function solarprofile = ex_solar_profilesh1
%EX_WIND_PROFILE_D  Example wind_load_nyiso profile data for deterministic unit commitment.
% 2022.03.12
% Andres F. Ramirez


%% define constants
[GEN_BUS, PG, QG, QMAX, QMIN, VG, MBASE, GEN_STATUS, PMAX, PMIN, ...
    MU_PMAX, MU_PMIN, MU_QMAX, MU_QMIN, PC1, PC2, QC1MIN, QC1MAX, ...
    QC2MIN, QC2MAX, RAMP_AGC, RAMP_10, RAMP_30, RAMP_Q, APF] = idx_gen;
[CT_LABEL, CT_PROB, CT_TABLE, CT_TBUS, CT_TGEN, CT_TBRCH, CT_TAREABUS, ...
    CT_TAREAGEN, CT_TAREABRCH, CT_ROW, CT_COL, CT_CHGTYPE, CT_REP, ...
    CT_REL, CT_ADD, CT_NEWVAL, CT_TLOAD, CT_TAREALOAD, CT_LOAD_ALL_PQ, ...
    CT_LOAD_FIX_PQ, CT_LOAD_DIS_PQ, CT_LOAD_ALL_P, CT_LOAD_FIX_P, ...
    CT_LOAD_DIS_P, CT_TGENCOST, CT_TAREAGENCOST, CT_MODCOST_F, ...
    CT_MODCOST_X] = idx_ct;

solarprofile = struct( ...
    'type', 'mpcData', ...
    'table', CT_TGEN, ...
    'rows', [1:12], ...
    'col', PMAX, ...
    'chgtype', 1, ...
    'values', [] );
solarprofile.values(:,1,:) = [
	0.0 0.0 0.0 0.0 0.0 0.0 0.0 0.0 0.0 0.0 0.0 0.0;
	0.0 0.0 0.0 0.0 0.0 0.0 0.0 0.0 0.0 0.0 0.0 0.0;
	0.0 0.0 0.0 0.0 0.0 0.0 0.0 0.0 0.0 0.0 0.0 0.0;
	0.0 0.0 0.0 0.0 0.0 0.0 0.0 0.0 0.0 0.0 0.0 0.0;
	0.0 0.0 0.0 0.0 0.0 0.0 0.0 0.0 0.0 0.0 0.0 0.0;
	0.0 0.0 0.0 0.0 0.0 0.0 0.0 0.0 0.0 0.0 0.0 0.0;
	0.0 0.2531 0.2361 0.6309 0.6 0.0 0.0 0.7797 2.3845 9.464 6.0378 17.1393;
	0.3266 0.4503 0.4917 1.6172 2.6097 0.0 0.0 2.5869 9.5076 31.5097 13.2661 57.0642;
	0.813 0.7006 0.7546 2.1696 3.6635 0.0 0.0 4.3982 14.6351 67.2515 26.4488 121.7928;
	2.1845 1.9891 1.8575 2.0358 3.5676 4.3769 0.5471 10.2935 62.2947 60.1548 73.4128 108.9408;
	2.3166 2.1669 1.992 2.4487 4.4809 1.5725 0.1966 8.7378 80.2773 67.9178 131.6286 122.9995;
	2.2077 2.1754 1.9458 2.8617 5.0601 6.4228 0.8028 5.3534 91.2791 69.419 113.1349 125.7182;
	3.3243 3.4042 2.4668 2.6803 3.6067 24.2982 3.0373 4.8873 103.1799 74.8345 39.1432 135.5258;
	2.9233 2.8835 2.1204 1.8976 2.7114 21.5728 2.6966 5.8293 94.962 49.4863 16.4436 89.6199;
	2.1881 2.4222 1.7559 1.392 1.9906 17.4918 2.1865 10.5446 95.7514 24.6519 10.3021 44.6447;
	1.6642 2.1457 1.7398 0.7955 1.07 8.1755 1.0219 22.7588 87.099 13.115 16.7437 23.7514;
	0.3019 0.4264 0.229 0.7725 1.3321 29.6339 3.7042 7.8074 32.3575 22.2264 13.2234 40.2521;
	0.0 0.0 0.0 0.0 0.0 0.0 0.0 0.0 0.0 0.0 0.0 0.0;
	0.0 0.0 0.0 0.0 0.0 0.0 0.0 0.0 0.0 0.0 0.0 0.0;
	0.0 0.0 0.0 0.0 0.0 0.0 0.0 0.0 0.0 0.0 0.0 0.0;
	0.0 0.0 0.0 0.0 0.0 0.0 0.0 0.0 0.0 0.0 0.0 0.0;
	0.0 0.0 0.0 0.0 0.0 0.0 0.0 0.0 0.0 0.0 0.0 0.0;
	0.0 0.0 0.0 0.0 0.0 0.0 0.0 0.0 0.0 0.0 0.0 0.0;
	0.0 0.0 0.0 0.0 0.0 0.0 0.0 0.0 0.0 0.0 0.0 0.0;
];
