function windprofile = ex_wind_profilesh1
%EX_WIND_PROFILE_D  Example wind_load_nyiso profile data for deterministic unit commitment.
% 2022.03.12
% Andres F. Ramirez


%% define constants
[GEN_BUS, PG, QG, QMAX, QMIN, VG, MBASE, GEN_STATUS, PMAX, PMIN, ...
    MU_PMAX, MU_PMIN, MU_QMAX, MU_QMIN, PC1, PC2, QC1MIN, QC1MAX, ...
    QC2MIN, QC2MAX, RAMP_AGC, RAMP_10, RAMP_30, RAMP_Q, APF] = idx_gen;
[CT_LABEL, CT_PROB, CT_TABLE, CT_TBUS, CT_TGEN, CT_TBRCH, CT_TAREABUS, ...
    CT_TAREAGEN, CT_TAREABRCH, CT_ROW, CT_COL, CT_CHGTYPE, CT_REP, ...
    CT_REL, CT_ADD, CT_NEWVAL, CT_TLOAD, CT_TAREALOAD, CT_LOAD_ALL_PQ, ...
    CT_LOAD_FIX_PQ, CT_LOAD_DIS_PQ, CT_LOAD_ALL_P, CT_LOAD_FIX_P, ...
    CT_LOAD_DIS_P, CT_TGENCOST, CT_TAREAGENCOST, CT_MODCOST_F, ...
    CT_MODCOST_X] = idx_ct;

windprofile = struct( ...
    'type', 'mpcData', ...
    'table', CT_TGEN, ...
    'rows', [1:45], ...
    'col', PMAX, ...
    'chgtype', 1, ...
    'values', [] );
windprofile.values(:,1,:) = [
	3.925 53.035 79.835 110.1404 15.0298 35.2627 31.059 5.7661 26.7316 0.8008 1.4803 2.2083 3.3247 40.3474 178.131 67.1098 83.2659 88.237 81.4151 68.627 10.353 82.2796 27.127 10.3672 43.2511 25.3955 4.052 1237.5136 784.2655 784.2655 641.1409 81.6222 271.3837 176.646 126.4945 334.6199 1236.3309 206.9304 444.9791 115.8513 109.2583 391.1806 211.9307 104.6499 1249.2094;
	3.5813 48.3912 79.7494 45.0991 15.3185 29.8022 31.5479 6.893 10.0666 7.6677 14.1736 21.1443 31.8326 39.8892 186.2384 70.1642 87.0556 92.253 83.4633 70.4631 10.516 69.5385 25.4628 31.4479 38.8725 29.0889 5.3978 1287.7496 811.0742 811.0742 686.1508 73.658 278.2111 181.3722 125.058 346.0583 1312.0978 194.2355 472.7633 104.1228 114.6978 330.6061 217.9136 99.5369 1325.7655;
	3.2538 43.9664 90.801 46.983 15.214 24.0304 30.8754 6.7663 8.7681 10.13 18.7252 27.9343 42.0549 39.0308 192.2723 72.4375 89.8761 95.2419 84.114 64.9783 10.2918 56.0708 27.7833 35.6746 39.8205 31.006 6.0498 1221.0121 794.405 794.405 659.8248 78.6388 280.3799 167.2543 122.3667 338.9461 1246.9015 183.7437 464.8977 106.662 29.6759 266.5767 211.3281 132.5697 1259.89;
	3.5882 48.4841 89.778 51.3507 15.2518 14.3449 30.8106 7.4783 10.3613 11.6347 21.5066 32.0836 48.3017 27.9285 189.2125 71.2847 88.4458 93.7262 78.1236 62.5287 10.2702 33.4715 26.7262 37.4945 40.1754 31.3819 5.6479 1236.6534 813.7982 813.7982 634.6447 82.2238 260.412 160.949 87.5596 347.2206 1245.333 195.5952 461.0816 107.6127 32.3825 159.1332 212.239 118.6026 1258.3052;
	3.8169 51.5745 87.1387 41.3091 14.9586 24.3315 30.8498 7.0858 10.3713 9.9154 18.3285 27.3425 41.1639 32.8381 176.3573 66.4416 82.4368 87.3584 85.0163 63.0528 10.2833 56.7734 0.3161 27.0078 38.3345 59.4474 5.5193 1208.2727 807.6146 807.6146 675.5257 90.1768 283.3877 162.2981 102.952 344.5822 1238.0132 221.2107 476.1357 102.6818 39.9381 269.9171 214.0925 206.245 1250.9091;
	3.8091 51.469 95.1537 115.1955 15.0155 33.8204 30.6828 7.3566 9.1489 12.0066 22.194 33.1091 49.8456 27.3321 172.7193 65.071 80.7362 85.5563 86.7456 62.762 10.2276 78.9142 3.1043 33.3556 53.4452 63.4275 5.7116 1153.0546 783.9893 783.9893 637.5252 103.2216 289.152 161.5496 85.6897 334.5021 1186.9446 225.4127 471.192 143.1568 70.2291 375.1805 203.695 247.6638 1199.3086;
	3.9113 52.8496 94.5715 119.9713 15.3097 35.1931 29.6991 11.4222 2.3785 11.4425 21.1513 31.5536 47.5038 36.9249 179.8019 67.7393 84.047 89.0647 73.3268 64.1166 9.8997 82.1172 22.7669 49.653 99.4212 73.689 11.5281 1140.5246 779.2305 779.2305 606.6195 103.9144 244.4227 165.0363 115.7645 332.4717 1231.9669 259.1558 448.2547 266.3067 111.0015 390.4084 212.6854 271.2359 1244.7999;
	3.9284 53.0813 95.1163 120.1646 15.3692 35.3024 30.0601 19.147 8.1368 10.6153 19.6223 29.2726 44.0698 62.3746 182.7787 68.8608 85.4384 90.5392 77.9419 49.6822 10.02 82.3723 23.5537 57.8826 105.8167 76.0023 14.1409 1053.8827 796.3823 796.3823 659.5399 109.1599 259.8062 127.882 195.5529 339.7898 1226.419 272.9984 450.8448 283.4377 121.4459 391.6213 215.0597 280.9289 1239.1942;
	3.9154 52.9061 94.7284 118.2828 15.2149 34.9337 30.4828 18.9576 8.2601 10.9304 20.2046 30.1413 45.3776 64.951 187.0734 70.4788 87.4459 92.6666 47.7492 58.2895 10.1609 81.5119 25.5573 86.0298 105.2482 76.2074 13.8869 787.057 832.2987 832.2987 698.484 110.5373 159.164 150.0373 203.63 355.1141 1227.9583 293.2947 470.4911 281.9149 118.3988 387.531 218.8667 271.7297 1240.7495;
	3.8092 51.4707 89.3163 111.9118 14.9307 33.8903 29.8469 18.1926 16.0371 11.009 20.35 30.3582 45.7042 65.1139 166.5625 62.7514 77.8583 82.5065 48.2434 45.8688 9.949 79.0773 25.6514 86.291 99.2689 73.0601 13.0587 603.8456 828.2028 828.2028 722.8288 111.2113 160.8114 118.0664 204.1409 353.3665 1126.1288 270.6971 459.2777 265.899 112.8409 375.9561 216.2795 259.3284 1137.8594;
	3.8157 51.5578 89.1628 111.0478 14.7254 33.0442 30.03 17.9263 25.8358 16.0352 29.6409 44.2184 66.5705 69.3324 186.6168 70.3068 87.2325 92.4404 33.7244 57.4163 10.01 77.103 22.9851 82.3781 98.0126 72.59 13.1271 453.3143 816.4107 816.4107 719.902 101.5797 112.4147 147.7896 217.3665 348.3352 977.2073 273.4013 456.1036 262.5339 114.8377 366.5699 206.4425 263.2907 987.3865;
	3.3453 45.202 89.2004 112.2788 14.7643 31.6268 29.8436 17.798 26.4032 18.9219 34.9769 52.1787 78.5547 69.2807 186.389 70.221 87.126 92.3276 49.9875 55.2437 9.9479 73.7959 22.0701 81.9369 97.7493 74.0248 12.9207 310.3542 804.406 804.406 676.1156 102.7959 166.6251 142.1973 217.2045 343.2132 805.0266 257.4484 475.3815 261.8285 116.9484 350.8466 197.4533 263.144 813.4123;
	2.0442 27.6211 89.7736 113.4947 14.4594 19.3312 25.4275 18.3547 25.1649 27.1001 50.0942 74.7306 112.5065 67.3354 184.7754 69.6131 86.3718 91.5283 89.2514 55.5946 8.4758 45.1062 51.0331 84.0822 99.8598 73.8066 13.7657 270.3865 685.3109 685.3109 554.225 99.4182 297.5048 143.1006 211.1054 292.3993 653.906 225.3984 438.8366 267.4817 116.851 214.4476 168.8895 267.427 660.7176;
	2.3179 31.3197 90.27 110.6423 14.2197 10.5259 23.8944 18.0325 24.1465 29.7903 55.0669 82.149 123.6749 64.6156 187.1593 70.5112 87.4861 92.7091 86.9092 59.545 7.9648 24.5604 60.0417 83.8018 101.4716 73.7171 13.8366 168.9526 585.7939 585.7939 502.1096 89.0847 289.6972 153.269 202.5787 249.9388 444.7423 186.5638 441.0915 271.7989 119.6495 116.767 144.4457 268.2299 449.3751;
	2.0722 27.9995 87.2613 109.0142 12.1145 0.0 20.1166 17.9253 21.7705 28.0222 51.7986 77.2733 116.3345 60.4057 190.6185 71.8144 89.1031 94.4227 86.1212 69.1789 6.7055 0.0 57.0843 83.7607 99.7016 72.4025 13.5924 280.3307 426.519 426.519 326.3664 76.5055 287.0706 178.0668 189.38 181.9814 364.4517 159.8203 423.8624 267.0579 116.21 0.0 113.61 247.9855 368.2481;
	3.3417 45.1534 89.9483 86.5769 14.196 25.365 14.7829 18.5777 15.5129 27.0029 49.9144 74.4624 112.1028 52.5901 192.3841 72.4796 89.9284 95.2972 87.3676 69.6806 4.9276 59.185 53.2836 85.8817 102.6515 74.8227 13.8175 365.4966 454.8435 454.8435 326.6847 45.673 291.2252 179.3581 164.8771 194.0666 408.677 148.7138 429.5217 274.9594 119.3916 281.3824 85.1693 274.0492 412.9341;
	3.121 42.1713 90.8781 66.4805 14.2091 31.5512 12.9698 18.7113 26.2253 26.365 48.7353 72.7034 109.4546 59.6237 192.0406 72.3502 89.7678 95.1271 87.5231 70.5804 4.3233 73.6195 57.8122 86.0785 103.9043 76.0028 13.7466 494.9151 496.2672 496.2672 384.3866 28.8479 291.7437 181.6741 186.9283 211.7407 514.4546 118.2367 171.939 278.315 119.5072 350.0084 103.6065 271.6467 519.8135;
	3.6979 49.9674 89.2497 64.83 14.7912 33.907 27.728 18.7286 27.0355 10.4528 19.3218 28.8244 43.395 61.6763 186.2547 70.1704 87.0633 92.2611 74.9743 71.0889 9.2427 79.1163 27.6458 85.9628 103.8272 74.8767 13.6784 642.8803 516.6138 516.6138 375.6192 27.7505 249.9143 182.9831 193.3634 220.4219 724.8399 78.7548 406.4975 278.1087 121.6804 376.1413 122.1081 269.2613 732.3903;
